Rule,Discrimination Score,Pos Robustness,Neg Robustness,Percent Class +,Percent Class -,TP,TN,FP,FN,Actual Yes,Actual No,Predicted Yes,Predicted No,TPR/Sens,TNR/Spec,FPR,Precision,Accuracy,MCR,Class
"G[0,0](BldPrSys <= 139.612 & HbA1cImputeDtMnC >= 22.566)
",-22.566,-22.566,0.000,1.000,0.000,3,1,0,0,3,1,3,1,1.0,1.0,0.0,1.0,1.1428571428571428,-0.1428571428571428,1
"G[0,0](Pt_GrandparentT1D <= 0.000 -> bmi >= 5.205)
",0.000,0.000,0.000,1.000,0.000,3,1,0,0,3,1,3,1,1.0,1.0,0.0,1.0,1.1428571428571428,-0.1428571428571428,1
"G[0,0](((AlbCreatRat_mggNew <= 366.189 & WeightKg <= 104.777) -> Pt_FatherT1D >= 33.237) | BGTestAvgNumPtRep >= 61.557)
",-129.875,-61.224,0.000,1.000,0.000,3,1,0,0,3,1,3,1,1.0,1.0,0.0,1.0,1.1428571428571428,-0.1428571428571428,1
"G[0,0]((TotalDailyInsPerKg <= 0.000 & UnitsInsBasalOrLongAct <= 0.000) -> SMBGperDayPtMeterCombo <= 0.000)
",3.996,58.000,0.000,1.000,0.000,3,1,0,0,3,1,3,1,1.0,1.0,0.0,1.0,1.1428571428571428,-0.1428571428571428,1
"G[0,1](Pt_SHFlg >= 0.072 | Triglyc <= 183.344)
",9999999.000,9999999.000,0.000,1.000,0.000,2,1,1,0,2,2,3,1,1.0,0.5,0.5,0.6666666666666666,0.8571428571428571,0.1428571428571429,1
"G[0,0](((AlbCreatRat_mggNew <= 463.408 | HDL >= 20.223) -> GFR <= 50.447) | DirectLDL >= 16.488)
",1.226,107.312,0.000,1.000,0.000,3,0,1,0,3,1,4,0,1.0,0.0,1.0,0.75,0.8571428571428571,0.1428571428571429,1
"G[0,0](GFR <= 34.642 -> BUN >= 19.858)
",-1.466,-88.142,0.000,1.000,0.000,3,0,1,0,3,1,4,0,1.0,0.0,1.0,0.75,0.8571428571428571,0.1428571428571429,1
"G[0,1](HDL <= 48.557 | SMBGperDayPtMeterCombo <= 1.598)
",9999999.000,9999999.000,0.000,1.000,0.000,2,1,1,0,2,2,3,1,1.0,0.5,0.5,0.6666666666666666,0.8571428571428571,0.1428571428571429,1
"G[0,0]((Pt_CGMUseNumDays <= 0.000 -> AlbCreatRat_mggNew <= 349.419) | GFR <= 449.848)
",2196.752,449.581,0.000,1.000,0.000,3,0,1,0,3,1,4,0,1.0,0.0,1.0,0.75,0.8571428571428571,0.1428571428571429,1
"G[0,1](BldPrSys <= 136.552 & Pt_A1cGoalLevelDsYr5 >= 0.000)
",9999999.000,9999999.000,0.000,1.000,0.000,2,1,1,0,2,2,3,1,1.0,0.5,0.5,0.6666666666666666,0.8571428571428571,0.1428571428571429,1
"F[0,0](((BldPrDia <= 71.981 & WeightKg <= 101.240) | diabDur <= 80.628) -> Pt_ChildT1D >= 64.129)
",-9.086,-19.628,0.000,0.000,1.000,3,0,1,0,3,1,4,0,1.0,0.0,1.0,0.75,0.8571428571428571,0.1428571428571429,-1
"((Pt_CGMUseNumDays >= 0.000) U[0,1] (BGTestAvgNumMeter >= 0.092))
",-9999999.000,-9999999.000,0.000,0.000,1.000,2,1,0,1,3,1,2,2,0.6666666666666666,1.0,0.0,1.0,0.8571428571428571,0.1428571428571429,-1
"G[0,0]((HDL >= 20.885 | Pt_A1cGoalLevelDsYr5 <= 0.000) | Pt_SHFlg >= 0.000)
",10.671,65.004,0.000,1.000,0.000,3,0,1,0,3,1,4,0,1.0,0.0,1.0,0.75,0.8571428571428571,0.1428571428571429,1
"F[0,0]((Pt_ChildT1D >= 0.000 & GFR >= 22.480) & Pt_A1cGoalLev >= 16.237)
",-108.533,-22.212,0.000,0.000,1.000,3,0,1,0,3,1,4,0,1.0,0.0,1.0,0.75,0.8571428571428571,0.1428571428571429,-1
"((AlbCreatRat_mggNew <= 312.578) U[1,2] (Pt_MotherT1D <= 0.000))
",-9999999.000,-9999999.000,0.000,0.000,1.000,2,1,0,1,3,1,2,2,0.6666666666666666,1.0,0.0,1.0,0.8571428571428571,0.1428571428571429,-1
"F[0,1](Pt_GrandchildT1D >= 0.000 & AlbCreatRat_mggNew <= 340.623)
",-9999999.000,-9999999.000,0.000,0.000,1.000,2,1,0,1,3,1,2,2,0.6666666666666666,1.0,0.0,1.0,0.8571428571428571,0.1428571428571429,-1
"((age <= 60.787) U[0,1] (BGTestAvgNumPtRep >= 0.271))
",-9999999.000,-9999999.000,0.000,0.000,1.000,2,1,0,1,3,1,2,2,0.6666666666666666,1.0,0.0,1.0,0.8571428571428571,0.1428571428571429,-1
"F[0,1]((GFR >= 4.402 | Pt_SHFlg <= 0.779) -> BldPrDia <= 0.651)
",-9999999.000,-9999999.000,0.000,0.000,1.000,2,1,0,1,3,1,2,2,0.6666666666666666,1.0,0.0,1.0,0.8571428571428571,0.1428571428571429,-1
"G[0,1](AlbCreatRat_mggNew >= 77.201 | diabDur >= 39.775)
",9999999.000,9999999.000,0.000,1.000,0.000,2,1,1,0,2,2,3,1,1.0,0.5,0.5,0.6666666666666666,0.8571428571428571,0.1428571428571429,1
"((AlbCreatRat_mggNew <= 319.789) U[1,1] (Pt_ChildT1D >= 0.000))
",319.789,319.789,0.000,0.000,1.000,2,1,0,1,3,1,2,2,0.6666666666666666,1.0,0.0,1.0,0.8571428571428571,0.1428571428571429,-1
"G[1,1](BGTestAvgNumPtRep >= 0.017 -> Pt_SHFlg >= 0.123)
",0.017,0.017,0.000,1.000,0.000,2,1,1,0,2,2,3,1,1.0,0.5,0.5,0.6666666666666666,0.8571428571428571,0.1428571428571429,1
"G[0,0]((age >= 59.848 & TotChol >= 14.078) | Pt_A1cGoalLev <= 85.292)
",66.292,66.292,0.000,1.000,0.000,3,0,1,0,3,1,4,0,1.0,0.0,1.0,0.75,0.8571428571428571,0.1428571428571429,1
"G[0,0]((Pt_InsGov <= 0.503 -> Pt_SiblingT1D <= 0.000) -> Pt_MotherT1D <= 0.000)
",0.000,0.000,0.000,1.000,0.000,3,0,1,0,3,1,4,0,1.0,0.0,1.0,0.75,0.8571428571428571,0.1428571428571429,1
"G[0,0](((GFR <= 31.759 -> LDL <= 95.984) | Pt_ChildT1D <= 94.826) & age >= 19.353)
",-40.347,-19.020,0.000,1.000,0.000,3,0,1,0,3,1,4,0,1.0,0.0,1.0,0.75,0.8571428571428571,0.1428571428571429,1
"G[0,0](((Pt_DKAFlg >= 0.000 & Pt_A1cGoalLev >= 0.000) -> DirectLDL >= 0.000) | HbA1cImputeDtMnC <= 0.000)
",0.000,0.000,0.000,1.000,0.000,3,0,1,0,3,1,4,0,1.0,0.0,1.0,0.75,0.8571428571428571,0.1428571428571429,1
"G[0,0](((Pt_DKAFlg <= 0.000 & NumPumpBolusOrShortAct >= 0.000) & UnitsInsBasalOrLongAct <= 0.000) -> TSH >= 0.000)
",-0.707,-0.333,0.000,1.000,0.000,3,0,1,0,3,1,4,0,1.0,0.0,1.0,0.75,0.8571428571428571,0.1428571428571429,1
"G[0,0]((WeightKg <= 99.379 & Pt_ChildT1D >= 0.000) | DirectLDL <= 0.000)
",0.000,0.000,0.000,1.000,0.000,3,0,1,0,3,1,4,0,1.0,0.0,1.0,0.75,0.8571428571428571,0.1428571428571429,1
"G[0,0]((WeightKg >= 8.244 | bmi >= 17.658) -> UnitsInsBasalOrLongAct <= 0.000)
",4.092,7.029,0.000,1.000,0.000,3,0,1,0,3,1,4,0,1.0,0.0,1.0,0.75,0.8571428571428571,0.1428571428571429,1
"G[0,0]((BldPrSys >= 112.532 & Pt_SHFlg >= 0.067) | BUN >= 0.077)
",1.795,107.923,0.000,1.000,0.000,3,0,1,0,3,1,4,0,1.0,0.0,1.0,0.75,0.8571428571428571,0.1428571428571429,1
"G[0,0]((LDL <= 76.971 & GFR <= 41.994) | Pt_SHFlg <= 28.018)
",203.884,41.726,0.000,1.000,0.000,3,0,1,0,3,1,4,0,1.0,0.0,1.0,0.75,0.8571428571428571,0.1428571428571429,1
"G[0,0](((bmi >= 10.245 & TotChol <= 90.399) | bmiPerc <= 55.601) | AlbCreatRat_mggNew >= 3.052)
",2.499,35.548,0.000,1.000,0.000,3,0,1,0,3,1,4,0,1.0,0.0,1.0,0.75,0.8571428571428571,0.1428571428571429,1
"G[0,1](HbA1cImputeDtMnC >= 5.585 & bmiPerc <= 0.000)
",9999999.000,9999999.000,0.000,1.000,0.000,2,1,1,0,2,2,3,1,1.0,0.5,0.5,0.6666666666666666,0.8571428571428571,0.1428571428571429,1
"G[0,0](TotChol <= 97.299 | HbA1cImputeDtMnC >= 18.681)
",3.952,50.299,0.000,1.000,0.000,3,0,1,0,3,1,4,0,1.0,0.0,1.0,0.75,0.8571428571428571,0.1428571428571429,1
"G[0,0](((bmiPerc >= 0.000 | age >= 59.001) -> BldPrSys >= 58.235) | UnitsInsBasalOrLongAct <= 62.933)
",0.240,8.942,0.000,1.000,0.000,3,0,1,0,3,1,4,0,1.0,0.0,1.0,0.75,0.8571428571428571,0.1428571428571429,1
"G[0,0](((TotChol >= 11.713 -> Triglyc >= 32.485) & BUN >= 13.845) -> BldPrDia <= 141.561)
",-2.010,-20.561,0.000,1.000,0.000,3,0,1,0,3,1,4,0,1.0,0.0,1.0,0.75,0.8571428571428571,0.1428571428571429,1
"((Pt_GrandchildT1D >= 0.000) U[0,1] (WeightKg <= 79.115))
",-9999999.000,-9999999.000,0.000,0.000,1.000,1,1,0,2,3,1,1,3,0.3333333333333333,1.0,0.0,1.0,0.5714285714285714,0.4285714285714286,-1
"((BldPrDia <= 74.292) U[1,1] (HDL >= 21.852))
",74.292,74.292,0.000,0.000,1.000,1,1,0,2,3,1,1,3,0.3333333333333333,1.0,0.0,1.0,0.5714285714285714,0.4285714285714286,-1
"F[0,1](((bmiZscore >= 0.032 -> WeightKg >= 16.006) | Triglyc <= 82.332) -> Pt_SiblingT1D >= 2.669)
",-9999999.000,-9999999.000,0.000,0.000,1.000,2,0,1,1,3,1,3,1,0.6666666666666666,0.0,1.0,0.6666666666666666,0.5714285714285714,0.4285714285714286,-1
"((Pt_SiblingT1D < 0.000) U[1,1] (Pt_SHFlg = 0.904))
",0.000,0.000,0.000,0.000,1.000,2,0,1,1,3,1,3,1,0.6666666666666666,0.0,1.0,0.6666666666666666,0.5714285714285714,0.4285714285714286,-1
"F[0,1]((WeightKg <= 89.814 & bmiPerc <= 0.000) & BldPrSys >= 0.000)
",-9999999.000,-9999999.000,0.000,0.000,1.000,1,1,0,2,3,1,1,3,0.3333333333333333,1.0,0.0,1.0,0.5714285714285714,0.4285714285714286,-1
"((AutonomicNeuroCl > 1.000) U[0,1] (Pt_SHFlg = 0.874))
",-9999999.000,-9999999.000,0.000,0.000,1.000,2,0,1,1,3,1,3,1,0.6666666666666666,0.0,1.0,0.6666666666666666,0.5714285714285714,0.4285714285714286,-1
"F[1,1]((TotalDailyInsPerKg >= 0.000 | BGTestAvgNumPtRep <= 1.658) -> bmi >= 0.230)
",-7467202901257563.000,-1.658,0.000,0.000,1.000,1,1,0,2,3,1,1,3,0.3333333333333333,1.0,0.0,1.0,0.5714285714285714,0.4285714285714286,-1
"F[0,1](((TotalDailyInsPerKg >= 0.000 | BGTestAvgNumMeter >= 0.016) | GFR >= 0.093) -> Pt_DKAFlg >= 0.008)
",-9999999.000,-9999999.000,0.000,0.000,1.000,2,0,1,1,3,1,3,1,0.6666666666666666,0.0,1.0,0.6666666666666666,0.5714285714285714,0.4285714285714286,-1
"F[0,1]((AlbCreatRat_mggNew >= 242.382 -> HeightCm <= 176.105) & diabDur <= 176.987)
",-9999999.000,-9999999.000,0.000,0.000,1.000,1,1,0,2,3,1,1,3,0.3333333333333333,1.0,0.0,1.0,0.5714285714285714,0.4285714285714286,-1
"F[0,1](BldPrDia >= 67.380 & bmiZscore <= 0.482)
",-9999999.000,-9999999.000,0.000,0.000,1.000,1,1,0,2,3,1,1,3,0.3333333333333333,1.0,0.0,1.0,0.5714285714285714,0.4285714285714286,-1
"F[0,1](UnitsInsBasalOrLongAct <= 0.000 -> TotChol >= 16.164)
",-9999999.000,-9999999.000,0.000,0.000,1.000,2,0,1,1,3,1,3,1,0.6666666666666666,0.0,1.0,0.6666666666666666,0.5714285714285714,0.4285714285714286,-1
"F[1,1](((AlbCreatRat_mggNew >= 101.776 -> BGTestAvgNumMeter >= 0.111) -> Pt_SHFlg <= 0.937) & Pt_GrandchildT1D >= 0.048)
",-0.937,-0.937,0.000,0.000,1.000,2,0,1,1,3,1,3,1,0.6666666666666666,0.0,1.0,0.6666666666666666,0.5714285714285714,0.4285714285714286,-1
"F[0,1](TotChol > 3.128 & Pt_SHFlg = 0.223)
",-9999999.000,-9999999.000,0.000,0.000,1.000,2,0,1,1,3,1,3,1,0.6666666666666666,0.0,1.0,0.6666666666666666,0.5714285714285714,0.4285714285714286,-1
"F[0,0](bmi >= 13.321 -> HDL <= 50.296)
",7498944328325795.000,13.321,0.000,0.000,1.000,1,1,0,2,3,1,1,3,0.3333333333333333,1.0,0.0,1.0,0.5714285714285714,0.4285714285714286,-1
"F[1,1]((HbA1c <= 5.618 & WeightKg <= 78.401) | AlbCreatRat_mggNew <= 81.188)
",81.188,81.188,0.000,0.000,1.000,1,1,0,2,3,1,1,3,0.3333333333333333,1.0,0.0,1.0,0.5714285714285714,0.4285714285714286,-1
"((Pt_CGMUseNumDays >= 0.000) U[0,1] (bmi <= 24.345))
",-9999999.000,-9999999.000,0.000,0.000,1.000,1,1,0,2,3,1,1,3,0.3333333333333333,1.0,0.0,1.0,0.5714285714285714,0.4285714285714286,-1
"F[0,1]((BldPrDia >= 65.986 | LDL <= 85.047) & BGTestAvgNumMeter >= 17.967)
",-9999999.000,-9999999.000,0.000,0.000,1.000,2,0,1,1,3,1,3,1,0.6666666666666666,0.0,1.0,0.6666666666666666,0.5714285714285714,0.4285714285714286,-1
"F[0,1](((BUN <= 27.627 -> HDL >= 13.843) & SMBGperDayPtMeterCombo >= 4.582) | HbA1c >= 31.040)
",-9999999.000,-9999999.000,0.000,0.000,1.000,2,0,1,1,3,1,3,1,0.6666666666666666,0.0,1.0,0.6666666666666666,0.5714285714285714,0.4285714285714286,-1
"F[0,1]((Pt_A1cGoalLevelDsYr5 >= 0.000 -> HeightCm >= 86.315) & HeightCm <= 181.308)
",-9999999.000,-9999999.000,0.000,0.000,1.000,2,0,1,1,3,1,3,1,0.6666666666666666,0.0,1.0,0.6666666666666666,0.5714285714285714,0.4285714285714286,-1
"((SMBGperDayPtMeterCombo < 0.920) U[0,1] (Pt_SHFlg = 0.213))
",-9999999.000,-9999999.000,0.000,0.000,1.000,2,0,1,1,3,1,3,1,0.6666666666666666,0.0,1.0,0.6666666666666666,0.5714285714285714,0.4285714285714286,-1
"F[1,1]((BldPrDia <= 76.626 -> bmiZscore <= 0.412) | BldPrSys <= 0.520)
",0.520,0.520,0.000,0.000,1.000,1,1,0,2,3,1,1,3,0.3333333333333333,1.0,0.0,1.0,0.5714285714285714,0.4285714285714286,-1
"((BGTestAvgNumMeter >= 0.046) U[1,2] (BGTestAvgNumPtRep <= 0.667))
",-9999999.000,-9999999.000,0.000,0.000,1.000,2,0,0,2,4,0,2,2,0.5,0.0,0.0,1.0,0.5714285714285714,0.4285714285714286,-1
"F[1,1]((diabDur <= 41.781 | WeightKg >= 13.558) | Pt_FatherT1D >= 72.706)
",41.781,41.781,0.000,0.000,1.000,1,1,0,2,3,1,1,3,0.3333333333333333,1.0,0.0,1.0,0.5714285714285714,0.4285714285714286,-1
"((BldPrDia <= 74.102) U[0,1] (Pt_SHFlg = 0.720))
",-9999999.000,-9999999.000,0.000,0.000,1.000,2,0,1,1,3,1,3,1,0.6666666666666666,0.0,1.0,0.6666666666666666,0.5714285714285714,0.4285714285714286,-1
"((BGTestAvgNumMeter >= 0.043) U[1,2] (BGTestAvgNumPtRep <= 1.796))
",-9999999.000,-9999999.000,0.000,0.000,1.000,2,0,1,1,3,1,3,1,0.6666666666666666,0.0,1.0,0.6666666666666666,0.5714285714285714,0.4285714285714286,-1
"F[1,1](HbA1cImputeDtMnC > 3.937 -> Pt_SHFlg = 0.057)
",0.057,0.057,0.000,0.000,1.000,2,0,1,1,3,1,3,1,0.6666666666666666,0.0,1.0,0.6666666666666666,0.5714285714285714,0.4285714285714286,-1
"((HbA1c <= 5.952) U[0,1] (Pt_SHFlg = 0.269))
",-9999999.000,-9999999.000,0.000,0.000,1.000,2,0,1,1,3,1,3,1,0.6666666666666666,0.0,1.0,0.6666666666666666,0.5714285714285714,0.4285714285714286,-1
"((Pt_ChildT1D <= 0.000) U[0,1] (GFR <= 42.968))
",-9999999.000,-9999999.000,0.000,0.000,1.000,1,1,0,2,3,1,1,3,0.3333333333333333,1.0,0.0,1.0,0.5714285714285714,0.4285714285714286,-1
"F[0,1](DirectLDL >= 0.118 & Pt_SHFlg = 0.668)
",-9999999.000,-9999999.000,0.000,0.000,1.000,2,0,1,1,3,1,3,1,0.6666666666666666,0.0,1.0,0.6666666666666666,0.5714285714285714,0.4285714285714286,-1
"F[0,1](((HeightCm <= 144.177 & LDL >= 29.595) & Pt_MotherT1D <= 83.204) & TSH >= 23.645)
",-9999999.000,-9999999.000,0.000,0.000,1.000,2,0,1,1,3,1,3,1,0.6666666666666666,0.0,1.0,0.6666666666666666,0.5714285714285714,0.4285714285714286,-1
"F[0,1]((Pt_FatherT1D >= 0.000 & GFR <= 41.493) | Pt_GrandchildT1D >= 11.579)
",-9999999.000,-9999999.000,0.000,0.000,1.000,1,1,0,2,3,1,1,3,0.3333333333333333,1.0,0.0,1.0,0.5714285714285714,0.4285714285714286,-1
"F[0,1]((AlbCreatRat_mggNew >= 160.219 | WeightKg <= 101.122) & bmiPerc >= 47.675)
",-9999999.000,-9999999.000,0.000,0.000,1.000,2,0,1,1,3,1,3,1,0.6666666666666666,0.0,1.0,0.6666666666666666,0.5714285714285714,0.4285714285714286,-1
"F[0,1](((diabDur >= 39.829 | HbA1c <= 5.953) | UnitsInsBasalOrLongAct <= 6.506) & BGTestAvgNumPtRep >= 5.481)
",-9999999.000,-9999999.000,0.000,0.000,1.000,2,0,1,1,3,1,3,1,0.6666666666666666,0.0,1.0,0.6666666666666666,0.5714285714285714,0.4285714285714286,-1
"F[0,0]((AlbCreatRat_mggNew <= 438.693 | HbA1c >= 5.428) -> TotChol >= 5.138)
",-70.432,-414.693,0.000,0.000,1.000,2,0,1,1,3,1,3,1,0.6666666666666666,0.0,1.0,0.6666666666666666,0.5714285714285714,0.4285714285714286,-1
"F[0,1](Pt_MotherT1D <= 0.000 -> GFR <= 39.645)
",-9999999.000,-9999999.000,0.000,0.000,1.000,1,1,0,2,3,1,1,3,0.3333333333333333,1.0,0.0,1.0,0.5714285714285714,0.4285714285714286,-1
"G[0,1]((BldPrDia <= 77.351 -> SMBGperDayPtMeterCombo <= 1.667) -> SMBGperDayPtMeterCombo <= 1.826)
",9999999.000,9999999.000,0.000,1.000,0.000,2,0,2,0,2,2,4,0,1.0,0.0,1.0,0.5,0.5714285714285714,0.4285714285714286,1
"G[1,1]((WeightKg >= 50.212 | bmi >= 9.101) -> UnitsInsBasalOrLongAct <= 0.000)
",0.000,0.000,0.000,1.000,0.000,2,0,2,0,2,2,4,0,1.0,0.0,1.0,0.5,0.5714285714285714,0.4285714285714286,1
"G[0,1]((Pt_GrandparentT1D >= 0.000 -> Pt_DKAFlg >= 0.000) | Pt_SHFlg >= 0.000)
",9999999.000,9999999.000,0.000,1.000,0.000,2,0,2,0,2,2,4,0,1.0,0.0,1.0,0.5,0.5714285714285714,0.4285714285714286,1
"G[0,1]((WeightKg >= 10.653 | bmi >= 1.384) -> UnitsInsBasalOrLongAct <= 0.000)
",9999999.000,9999999.000,0.000,1.000,0.000,2,0,2,0,2,2,4,0,1.0,0.0,1.0,0.5,0.5714285714285714,0.4285714285714286,1
"G[1,1]((WeightKg <= 87.356 & AutonomicNeuroCl <= 1.000) | Pt_A1cGoalLev <= 1.000)
",1.000,1.000,0.000,1.000,0.000,2,0,2,0,2,2,4,0,1.0,0.0,1.0,0.5,0.5714285714285714,0.4285714285714286,1
"G[0,1](BGTestAvgNumPtRep <= 1.746 | age <= 60.027)
",9999999.000,9999999.000,0.000,1.000,0.000,2,0,2,0,2,2,4,0,1.0,0.0,1.0,0.5,0.5714285714285714,0.4285714285714286,1
"G[1,1](((GFR >= 1.417 | HbA1c <= 6.453) | Triglyc >= 5.494) & age >= 5.270)
",-5.270,-5.270,0.000,1.000,0.000,2,0,2,0,2,2,4,0,1.0,0.0,1.0,0.5,0.5714285714285714,0.4285714285714286,1
"G[1,1]((SMBGperDayPtMeterCombo <= 0.967 | TSH <= 0.000) | Pt_InsGov <= 0.000)
",0.967,0.967,0.000,1.000,0.000,2,0,2,0,2,2,4,0,1.0,0.0,1.0,0.5,0.5714285714285714,0.4285714285714286,1
"G[0,1](AlbCreatRat_mggNew <= 374.029 -> AlbCreatRat_mggNew <= 453.719)
",9999999.000,9999999.000,0.000,1.000,0.000,2,0,2,0,2,2,4,0,1.0,0.0,1.0,0.5,0.5714285714285714,0.4285714285714286,1
"G[0,1]((BGTestAvgNumPtRep <= 0.752 -> Pt_FatherT1D <= 0.000) | AlbCreatRat_mggNew >= 0.000)
",9999999.000,9999999.000,0.000,1.000,0.000,2,0,2,0,2,2,4,0,1.0,0.0,1.0,0.5,0.5714285714285714,0.4285714285714286,1
"G[0,1]((TSH >= 0.000 | HbA1c >= 5.304) | AlbCreatRat_mggNew >= 5.190)
",9999999.000,9999999.000,0.000,1.000,0.000,2,0,2,0,2,2,4,0,1.0,0.0,1.0,0.5,0.5714285714285714,0.4285714285714286,1
"G[1,1]((Pt_SiblingT1D <= 0.000 & Pt_MotherT1D >= 0.000) & Pt_A1cGoalLev <= 0.000)
",0.000,0.000,0.000,1.000,0.000,2,0,2,0,2,2,4,0,1.0,0.0,1.0,0.5,0.5714285714285714,0.4285714285714286,1
"G[0,1](Pt_SHFlg <= 0.548 & WeightKg <= 109.662)
",9999999.000,9999999.000,0.000,1.000,0.000,1,1,1,1,2,2,2,2,0.5,0.5,0.5,0.5,0.5714285714285714,0.4285714285714286,1
"G[0,1](((SMBGperDayPtMeterCombo >= 0.053 & HbA1cImputeDtMnC <= 65.942) | HbA1c <= 71.787) | Pt_SHFlg <= 65.206)
",9999999.000,9999999.000,0.000,1.000,0.000,2,0,2,0,2,2,4,0,1.0,0.0,1.0,0.5,0.5714285714285714,0.4285714285714286,1
"G[0,1](((bmi <= 28.118 | TotChol >= 15.073) & Pt_DKAFlg >= 7.176) | WeightKg >= 8.332)
",9999999.000,9999999.000,0.000,1.000,0.000,1,1,1,1,2,2,2,2,0.5,0.5,0.5,0.5,0.5714285714285714,0.4285714285714286,1
"G[0,1](((AlbCreatRat_mggNew <= 385.164 -> BldPrDia <= 75.876) -> Pt_SiblingT1D <= 70.411) | Pt_ChildT1D >= 66.902)
",9999999.000,9999999.000,0.000,1.000,0.000,2,0,2,0,2,2,4,0,1.0,0.0,1.0,0.5,0.5714285714285714,0.4285714285714286,1
"G[0,1](((bmiZscore >= 0.279 & BUN >= 19.688) | diagAgeCombo >= 16.238) & Pt_CGMUseNumDays <= 27.083)
",9999999.000,9999999.000,0.000,1.000,0.000,2,0,2,0,2,2,4,0,1.0,0.0,1.0,0.5,0.5714285714285714,0.4285714285714286,1
"G[1,1]((BGTestAvgNumPtRep <= 0.437 -> diabDur <= 42.818) & HbA1cImputeDtMnC >= 38.356)
",-6026109125431789.000,-42.818,0.000,1.000,0.000,1,1,1,1,2,2,2,2,0.5,0.5,0.5,0.5,0.5714285714285714,0.4285714285714286,1
"G[0,1]((Pt_A1cGoalLev >= 0.000 & Pt_GrandchildT1D >= 0.000) -> diagAgeCombo >= 0.000)
",9999999.000,9999999.000,0.000,1.000,0.000,2,0,2,0,2,2,4,0,1.0,0.0,1.0,0.5,0.5714285714285714,0.4285714285714286,1
"G[1,1](((BldPrDia <= 72.858 | DirectLDL <= 0.847) -> HbA1cImputeDtMnC <= 0.838) -> HbA1c >= 0.114)
",0.114,0.114,0.000,1.000,0.000,2,0,2,0,2,2,4,0,1.0,0.0,1.0,0.5,0.5714285714285714,0.4285714285714286,1
"G[0,1]((WeightKg >= 35.873 | bmi >= 18.409) -> UnitsInsBasalOrLongAct <= 0.000)
",9999999.000,9999999.000,0.000,1.000,0.000,2,0,2,0,2,2,4,0,1.0,0.0,1.0,0.5,0.5714285714285714,0.4285714285714286,1
"G[0,1](Pt_SiblingT1D <= 0.000 -> Pt_CGMUseNumDays <= 0.000)
",9999999.000,9999999.000,0.000,1.000,0.000,2,0,2,0,2,2,4,0,1.0,0.0,1.0,0.5,0.5714285714285714,0.4285714285714286,1
"G[0,1](((Pt_A1cGoalLevelDsYr5 <= 0.000 -> Pt_InsGov <= 0.875) -> BUN <= 0.437) -> Pt_SiblingT1D <= 0.441)
",9999999.000,9999999.000,0.000,1.000,0.000,2,0,2,0,2,2,4,0,1.0,0.0,1.0,0.5,0.5714285714285714,0.4285714285714286,1
"G[0,1](((BUN >= 16.168 -> HbA1cImputeDtMnC >= 10.865) -> AutonomicNeuroCl <= 65.468) | bmi >= 23.875)
",9999999.000,9999999.000,0.000,1.000,0.000,2,0,2,0,2,2,4,0,1.0,0.0,1.0,0.5,0.5714285714285714,0.4285714285714286,1
"G[0,1](GFR >= 0.343 -> TotChol <= 101.871)
",9999999.000,9999999.000,0.000,1.000,0.000,2,0,1,1,3,1,3,1,0.6666666666666666,0.0,1.0,0.6666666666666666,0.5714285714285714,0.4285714285714286,1
"G[1,1]((Pt_GrandchildT1D >= 0.000 | TSH >= 0.000) & TotChol <= 0.000)
",0.000,0.000,0.000,1.000,0.000,2,0,2,0,2,2,4,0,1.0,0.0,1.0,0.5,0.5714285714285714,0.4285714285714286,1
"G[1,1](((HbA1cImputeDtMnC <= 54.160 -> Pt_FatherT1D >= 0.000) | BldPrDia >= 0.000) & Pt_CGMUseNumDays >= 0.000)
",0.000,0.000,0.000,1.000,0.000,2,0,2,0,2,2,4,0,1.0,0.0,1.0,0.5,0.5714285714285714,0.4285714285714286,1
"G[0,1](TSH >= 0.000 -> AutonomicNeuroCl >= 1.000)
",9999999.000,9999999.000,0.000,1.000,0.000,2,0,2,0,2,2,4,0,1.0,0.0,1.0,0.5,0.5714285714285714,0.4285714285714286,1
"G[1,1](bmiZscore >= 0.299 | Pt_SHFlg <= 0.490)
",0.490,0.490,0.000,1.000,0.000,2,0,2,0,2,2,4,0,1.0,0.0,1.0,0.5,0.5714285714285714,0.4285714285714286,1
"G[1,1](((BUN >= 16.474 -> HDL <= 39.901) | Pt_MotherT1D >= 36.909) | diagAgeCombo >= 8.001)
",-8.001,-8.001,0.000,1.000,0.000,2,0,2,0,2,2,4,0,1.0,0.0,1.0,0.5,0.5714285714285714,0.4285714285714286,1
"G[0,1](((TSH <= 0.000 -> TotChol <= 58.687) | age >= 5.819) & Pt_SiblingT1D <= 27.584)
",9999999.000,9999999.000,0.000,1.000,0.000,2,0,2,0,2,2,4,0,1.0,0.0,1.0,0.5,0.5714285714285714,0.4285714285714286,1
"G[1,1](((HbA1c <= 6.358 | Pt_InsGov <= 0.528) -> HDL >= 0.316) | BUN >= 0.161)
",-0.161,-0.161,0.000,1.000,0.000,2,0,2,0,2,2,4,0,1.0,0.0,1.0,0.5,0.5714285714285714,0.4285714285714286,1
"G[0,1](DirectLDL >= 0.074 -> HbA1cImputeDtMnC >= 0.293)
",9999999.000,9999999.000,0.000,1.000,0.000,2,0,2,0,2,2,4,0,1.0,0.0,1.0,0.5,0.5714285714285714,0.4285714285714286,1
"G[0,1](((age >= 57.433 -> HbA1c <= 6.380) -> TotChol <= 5.710) | diabDur >= 5.337)
",9999999.000,9999999.000,0.000,1.000,0.000,2,0,2,0,2,2,4,0,1.0,0.0,1.0,0.5,0.5714285714285714,0.4285714285714286,1
"G[0,1]((GFR <= 33.141 -> Pt_A1cGoalLevelDsYr5 <= 0.000) -> diagAgeCombo >= 0.000)
",9999999.000,9999999.000,0.000,1.000,0.000,2,0,2,0,2,2,4,0,1.0,0.0,1.0,0.5,0.5714285714285714,0.4285714285714286,1
"G[0,1]((UnitsInsBasalOrLongAct <= 0.000 | NumPumpBolusOrShortAct <= 0.000) | Pt_GrandparentT1D <= 0.000)
",9999999.000,9999999.000,0.000,1.000,0.000,2,0,2,0,2,2,4,0,1.0,0.0,1.0,0.5,0.5714285714285714,0.4285714285714286,1
"G[0,1](Pt_GrandchildT1D >= 0.000 & Pt_CGMUseNumDays <= 0.000)
",9999999.000,9999999.000,0.000,1.000,0.000,2,0,2,0,2,2,4,0,1.0,0.0,1.0,0.5,0.5714285714285714,0.4285714285714286,1
"G[0,1]((Pt_GrandparentT1D >= 0.000 | DirectLDL >= 0.084) -> Pt_ChildT1D <= 0.957)
",9999999.000,9999999.000,0.000,1.000,0.000,2,0,2,0,2,2,4,0,1.0,0.0,1.0,0.5,0.5714285714285714,0.4285714285714286,1
"G[0,1](((Pt_InsGov >= 0.352 & WeightKg >= 31.684) -> Pt_SiblingT1D <= 87.737) -> diabDur <= 78.906)
",9999999.000,9999999.000,0.000,1.000,0.000,2,0,2,0,2,2,4,0,1.0,0.0,1.0,0.5,0.5714285714285714,0.4285714285714286,1
"G[0,1]((Pt_SHFlg <= 0.577 & SMBGperDayPtMeterCombo >= 0.390) | AutonomicNeuroCl >= 0.228)
",9999999.000,9999999.000,0.000,1.000,0.000,2,0,2,0,2,2,4,0,1.0,0.0,1.0,0.5,0.5714285714285714,0.4285714285714286,1
"G[1,1](((AlbCreatRat_mggNew >= 146.514 -> HbA1cImputeDtMnC <= 45.221) -> BUN <= 65.866) & GFR <= 57.086)
",-65.866,-65.866,0.000,1.000,0.000,2,0,2,0,2,2,4,0,1.0,0.0,1.0,0.5,0.5714285714285714,0.4285714285714286,1
"F[0,2](((UnitsInsBasalOrLongAct >= 0.000 | GFR <= 34.720) | Pt_A1cGoalLevelDsYr5 <= 38.780) & BUN <= 36.478)
",-9999999.000,-9999999.000,0.000,0.000,1.000,0,1,0,3,3,1,0,4,0.0,1.0,0.0,0.0,0.2857142857142857,0.7142857142857143,-1
"F[0,0]((BldPrDia >= 69.268 -> LDL >= 26.499) -> age >= 30.523)
",64.042,30.189,0.000,0.000,1.000,0,1,0,3,3,1,0,4,0.0,1.0,0.0,0.0,0.2857142857142857,0.7142857142857143,-1
"F[0,2](((Pt_DKAFlg >= 0.000 -> Triglyc <= 84.910) | bmiPerc >= 45.828) | AlbCreatRat_mggNew <= 146.674)
",-9999999.000,-9999999.000,0.000,0.000,1.000,0,1,0,3,3,1,0,4,0.0,1.0,0.0,0.0,0.2857142857142857,0.7142857142857143,-1
"F[0,2](((NumPumpBolusOrShortAct >= 0.000 & Pt_GrandchildT1D >= 0.000) | WeightKg <= 0.000) | AutonomicNeuroCl >= 0.000)
",-9999999.000,-9999999.000,0.000,0.000,1.000,0,1,0,3,3,1,0,4,0.0,1.0,0.0,0.0,0.2857142857142857,0.7142857142857143,-1
"F[1,2]((Pt_A1cGoalLev <= 0.000 & Pt_MotherT1D >= 0.000) & GFR <= 0.000)
",-9999999.000,-9999999.000,0.000,0.000,1.000,0,1,0,3,3,1,0,4,0.0,1.0,0.0,0.0,0.2857142857142857,0.7142857142857143,-1
"F[0,2](((BUN >= 16.188 -> BGTestAvgNumMeter >= 0.108) -> Pt_SiblingT1D >= 0.058) | Pt_ChildT1D <= 0.592)
",-9999999.000,-9999999.000,0.000,0.000,1.000,0,1,0,3,3,1,0,4,0.0,1.0,0.0,0.0,0.2857142857142857,0.7142857142857143,-1
"((Pt_CGMUseNumDays <= 0.000) U[1,2] (Pt_A1cGoalLev >= 0.000))
",-9999999.000,-9999999.000,0.000,0.000,1.000,0,1,0,3,3,1,0,4,0.0,1.0,0.0,0.0,0.2857142857142857,0.7142857142857143,-1
"F[0,0](HbA1c >= 5.328 -> Pt_A1cGoalLevelDsYr5 = 0.000)
",0.000,0.000,0.000,0.000,1.000,0,1,0,3,3,1,0,4,0.0,1.0,0.0,0.0,0.2857142857142857,0.7142857142857143,-1
"((Pt_FatherT1D <= 0.000) U[0,0] (TotalDailyInsPerKg >= 0.000))
",18.979,41.000,0.000,0.000,1.000,0,1,0,3,3,1,0,4,0.0,1.0,0.0,0.0,0.2857142857142857,0.7142857142857143,-1
"F[0,1](WeightKg <= 89.412 | TotChol <= 77.734)
",-9999999.000,-9999999.000,0.000,0.000,1.000,0,1,0,3,3,1,0,4,0.0,1.0,0.0,0.0,0.2857142857142857,0.7142857142857143,-1
"F[0,0](((BldPrDia >= 68.929 | Triglyc >= 52.216) | WeightKg <= 164.042) -> diabDur >= 17.945)
",-347.278,-163.708,0.000,0.000,1.000,0,1,0,3,3,1,0,4,0.0,1.0,0.0,0.0,0.2857142857142857,0.7142857142857143,-1
"F[0,2](TotChol <= 80.955 -> Pt_CGMUseNumDays >= 0.000)
",-9999999.000,-9999999.000,0.000,0.000,1.000,0,1,0,3,3,1,0,4,0.0,1.0,0.0,0.0,0.2857142857142857,0.7142857142857143,-1
"F[0,0](((TotChol >= 4.389 & Pt_GrandparentT1D >= 0.000) -> UnitsInsBasalOrLongAct <= 0.000) & BUN >= 0.000)
",0.000,0.000,0.000,0.000,1.000,0,1,0,3,3,1,0,4,0.0,1.0,0.0,0.0,0.2857142857142857,0.7142857142857143,-1
"F[1,2](((BGTestAvgNumMeter >= 0.092 & SMBGperDayPtMeterCombo >= 0.177) | Pt_MotherT1D >= 0.172) | UnitsInsBasalOrLongAct <= 1.867)
",-9999999.000,-9999999.000,0.000,0.000,1.000,0,1,0,3,3,1,0,4,0.0,1.0,0.0,0.0,0.2857142857142857,0.7142857142857143,-1
"F[1,2](Pt_SiblingT1D <= 0.000 | Pt_DKAFlg <= 0.000)
",-9999999.000,-9999999.000,0.000,0.000,1.000,0,1,0,3,3,1,0,4,0.0,1.0,0.0,0.0,0.2857142857142857,0.7142857142857143,-1
"((AutonomicNeuroCl >= 1.000) U[1,2] (UnitsInsBasalOrLongAct >= 0.000))
",-9999999.000,-9999999.000,0.000,0.000,1.000,0,1,0,3,3,1,0,4,0.0,1.0,0.0,0.0,0.2857142857142857,0.7142857142857143,-1
"F[1,1](((WeightKg <= 84.018 -> bmiPerc <= 0.000) -> AutonomicNeuroCl <= 0.000) -> TotalDailyInsPerKg <= 0.000)
",0.000,0.000,0.000,0.000,1.000,0,1,0,3,3,1,0,4,0.0,1.0,0.0,0.0,0.2857142857142857,0.7142857142857143,-1
"F[1,2](BGTestAvgNumPtRep >= 0.297 & Pt_DKAFlg >= 0.000)
",-9999999.000,-9999999.000,0.000,0.000,1.000,0,1,0,3,3,1,0,4,0.0,1.0,0.0,0.0,0.2857142857142857,0.7142857142857143,-1
"F[0,2](Triglyc <= 155.835 -> Triglyc >= 13.691)
",-9999999.000,-9999999.000,0.000,0.000,1.000,0,1,0,3,3,1,0,4,0.0,1.0,0.0,0.0,0.2857142857142857,0.7142857142857143,-1
"F[0,2](NumPumpBolusOrShortAct <= 0.000 -> HeightCm <= 155.795)
",-9999999.000,-9999999.000,0.000,0.000,1.000,0,1,0,3,3,1,0,4,0.0,1.0,0.0,0.0,0.2857142857142857,0.7142857142857143,-1
"((Pt_FatherT1D <= 0.000) U[0,1] (Pt_ChildT1D <= 0.000))
",-9999999.000,-9999999.000,0.000,0.000,1.000,0,1,0,3,3,1,0,4,0.0,1.0,0.0,0.0,0.2857142857142857,0.7142857142857143,-1
"F[0,1](AlbCreatRat_mggNew <= 452.860 -> Pt_SHFlg <= 0.811)
",-9999999.000,-9999999.000,0.000,0.000,1.000,0,1,0,3,3,1,0,4,0.0,1.0,0.0,0.0,0.2857142857142857,0.7142857142857143,-1
"((diagAgeCombo >= 19.000) U[1,2] (BldPrSys >= 112.256))
",-9999999.000,-9999999.000,0.000,0.000,1.000,0,1,0,3,3,1,0,4,0.0,1.0,0.0,0.0,0.2857142857142857,0.7142857142857143,-1
"F[1,2](HbA1c <= 5.962 -> Pt_SiblingT1D >= 0.000)
",-9999999.000,-9999999.000,0.000,0.000,1.000,0,1,0,3,3,1,0,4,0.0,1.0,0.0,0.0,0.2857142857142857,0.7142857142857143,-1
"F[0,2]((Pt_A1cGoalLevelDsYr5 <= 0.000 -> Pt_ChildT1D >= 0.000) -> Pt_GrandchildT1D >= 0.000)
",-9999999.000,-9999999.000,0.000,0.000,1.000,0,1,0,3,3,1,0,4,0.0,1.0,0.0,0.0,0.2857142857142857,0.7142857142857143,-1
"F[1,2](Pt_SiblingT1D <= 0.000 -> Pt_FatherT1D <= 0.000)
",-9999999.000,-9999999.000,0.000,0.000,1.000,0,1,0,3,3,1,0,4,0.0,1.0,0.0,0.0,0.2857142857142857,0.7142857142857143,-1
"F[0,2](Pt_DKAFlg >= 0.000 -> Pt_ChildT1D >= 0.000)
",-9999999.000,-9999999.000,0.000,0.000,1.000,0,1,0,3,3,1,0,4,0.0,1.0,0.0,0.0,0.2857142857142857,0.7142857142857143,-1
"((Pt_SiblingT1D <= 0.000) U[0,1] (Pt_FatherT1D >= 0.000))
",-9999999.000,-9999999.000,0.000,0.000,1.000,0,1,0,3,3,1,0,4,0.0,1.0,0.0,0.0,0.2857142857142857,0.7142857142857143,-1
"F[0,1]((TSH >= 0.000 -> Pt_SiblingT1D <= 0.000) | Pt_InsGov >= 0.000)
",-9999999.000,-9999999.000,0.000,0.000,1.000,0,1,0,3,3,1,0,4,0.0,1.0,0.0,0.0,0.2857142857142857,0.7142857142857143,-1
"F[0,1](((Pt_GrandchildT1D >= 0.000 -> Pt_A1cGoalLevelDsYr5 >= 0.000) -> Triglyc >= 0.000) | Pt_InsGov <= 0.000)
",-9999999.000,-9999999.000,0.000,0.000,1.000,0,1,0,3,3,1,0,4,0.0,1.0,0.0,0.0,0.2857142857142857,0.7142857142857143,-1
"F[0,0](((diabDur >= 38.909 & Pt_A1cGoalLevelDsYr5 >= 0.000) | diagAgeCombo <= 0.000) | TotalDailyInsPerKg >= 0.000)
",18.979,41.000,0.000,0.000,1.000,0,1,0,3,3,1,0,4,0.0,1.0,0.0,0.0,0.2857142857142857,0.7142857142857143,-1
"((bmiPerc <= 0.000) U[0,1] (Pt_A1cGoalLev >= 0.000))
",-9999999.000,-9999999.000,0.000,0.000,1.000,0,1,0,3,3,1,0,4,0.0,1.0,0.0,0.0,0.2857142857142857,0.7142857142857143,-1
"F[1,2](((AutonomicNeuroCl <= 1.000 -> BGTestAvgNumMeter >= 0.137) | TotChol <= 0.364) & bmiZscore <= 0.502)
",-9999999.000,-9999999.000,0.000,0.000,1.000,0,1,0,3,3,1,0,4,0.0,1.0,0.0,0.0,0.2857142857142857,0.7142857142857143,-1
"F[1,2](diabDur >= 38.345 | BGTestAvgNumPtRep >= 0.162)
",-9999999.000,-9999999.000,0.000,0.000,1.000,0,1,0,3,3,1,0,4,0.0,1.0,0.0,0.0,0.2857142857142857,0.7142857142857143,-1
"F[0,0]((Pt_InsGov <= 0.461 | AlbCreatRat_mggNew >= 13.125) | bmi <= 390.061)
",390.061,390.061,0.000,0.000,1.000,0,1,0,3,3,1,0,4,0.0,1.0,0.0,0.0,0.2857142857142857,0.7142857142857143,-1
"F[1,1](AlbCreatRat_mggNew <= 326.056 | Pt_FatherT1D <= 0.000)
",326.056,326.056,0.000,0.000,1.000,0,1,0,3,3,1,0,4,0.0,1.0,0.0,0.0,0.2857142857142857,0.7142857142857143,-1
"F[0,0]((Pt_ChildT1D >= 0.000 | Pt_GrandchildT1D >= 0.000) & LDL <= 0.000)
",0.000,0.000,0.000,0.000,1.000,1,0,1,2,3,1,2,2,0.3333333333333333,0.0,1.0,0.5,0.2857142857142857,0.7142857142857143,-1
"F[0,1](Triglyc >= 9.737 & HbA1c >= 5.127)
",-9999999.000,-9999999.000,0.000,0.000,1.000,0,1,0,3,3,1,0,4,0.0,1.0,0.0,0.0,0.2857142857142857,0.7142857142857143,-1
"((Pt_DKAFlg >= 0.000) U[0,2] (Pt_FatherT1D >= 0.000))
",-9999999.000,-9999999.000,0.000,0.000,1.000,0,1,0,3,3,1,0,4,0.0,1.0,0.0,0.0,0.2857142857142857,0.7142857142857143,-1
"F[0,1]((SMBGperDayPtMeterCombo <= 1.974 -> HbA1cImputeDtMnC <= 66.333) -> Pt_GrandchildT1D <= 51.528)
",-9999999.000,-9999999.000,0.000,0.000,1.000,0,1,0,3,3,1,0,4,0.0,1.0,0.0,0.0,0.2857142857142857,0.7142857142857143,-1
"F[0,0]((Pt_CGMUseNumDays >= 0.000 -> AutonomicNeuroCl >= 1.000) | AlbCreatRat_mggNew <= 1.000)
",-3.906,-23.000,0.000,0.000,1.000,0,1,0,3,3,1,0,4,0.0,1.0,0.0,0.0,0.2857142857142857,0.7142857142857143,-1
"F[0,1](((bmiZscore <= 0.396 | Triglyc >= 20.731) -> DirectLDL >= 11.693) | UnitsInsBasalOrLongAct >= 40.281)
",-9999999.000,-9999999.000,0.000,0.000,1.000,1,0,1,2,3,1,2,2,0.3333333333333333,0.0,1.0,0.5,0.2857142857142857,0.7142857142857143,-1
"F[0,1]((bmiZscore >= 0.241 | Pt_SHFlg <= 0.716) | Pt_CGMUseNumDays >= 0.112)
",-9999999.000,-9999999.000,0.000,0.000,1.000,0,1,0,3,3,1,0,4,0.0,1.0,0.0,0.0,0.2857142857142857,0.7142857142857143,-1
"F[0,0]((bmiPerc >= 0.000 & TotalDailyInsPerKg <= 0.000) & diagAgeCombo >= 0.000)
",-18.979,-41.000,0.000,0.000,1.000,0,1,0,3,3,1,0,4,0.0,1.0,0.0,0.0,0.2857142857142857,0.7142857142857143,-1
"F[1,2](((SMBGperDayPtMeterCombo <= 0.464 & Pt_DKAFlg <= 0.000) -> Pt_FatherT1D <= 0.000) -> BldPrSys >= 0.000)
",-9999999.000,-9999999.000,0.000,0.000,1.000,0,1,0,3,3,1,0,4,0.0,1.0,0.0,0.0,0.2857142857142857,0.7142857142857143,-1
"F[1,2](((Pt_MotherT1D >= 0.000 | Pt_CGMUseNumDays <= 0.000) -> diabDur <= 0.000) | BldPrSys >= 0.000)
",-9999999.000,-9999999.000,0.000,0.000,1.000,0,1,0,3,3,1,0,4,0.0,1.0,0.0,0.0,0.2857142857142857,0.7142857142857143,-1
"F[1,2]((GFR <= 45.327 & bmi <= 30.382) -> Pt_GrandparentT1D >= 4.291)
",-9999999.000,-9999999.000,0.000,0.000,1.000,0,1,0,3,3,1,0,4,0.0,1.0,0.0,0.0,0.2857142857142857,0.7142857142857143,-1
"F[0,1]((bmi <= 27.252 | Pt_CGMUseNumDays >= 0.000) | Pt_ChildT1D >= 0.000)
",-9999999.000,-9999999.000,0.000,0.000,1.000,0,1,0,3,3,1,0,4,0.0,1.0,0.0,0.0,0.2857142857142857,0.7142857142857143,-1
"F[1,1](((Pt_GrandparentT1D <= 0.000 & LDL <= 90.808) & Pt_A1cGoalLev <= 86.714) -> Pt_SiblingT1D <= 86.129)
",-86.129,-86.129,0.000,0.000,1.000,0,1,0,3,3,1,0,4,0.0,1.0,0.0,0.0,0.2857142857142857,0.7142857142857143,-1
"((diabDur >= 38.958) U[0,2] (LDL >= 56.197))
",-9999999.000,-9999999.000,0.000,0.000,1.000,0,1,0,3,3,1,0,4,0.0,1.0,0.0,0.0,0.2857142857142857,0.7142857142857143,-1
"F[0,2](((Pt_A1cGoalLevelDsYr5 <= 0.000 & HeightCm >= 118.740) -> UnitsInsBasalOrLongAct <= 179.766) | BGTestAvgNumPtRep <= 156.702)
",-9999999.000,-9999999.000,0.000,0.000,1.000,0,1,0,3,3,1,0,4,0.0,1.0,0.0,0.0,0.2857142857142857,0.7142857142857143,-1
"F[0,1](((bmiPerc <= 0.000 & Pt_A1cGoalLev <= 0.000) & Pt_CGMUseNumDays <= 0.000) | Pt_MotherT1D <= 0.000)
",-9999999.000,-9999999.000,0.000,0.000,1.000,0,1,0,3,3,1,0,4,0.0,1.0,0.0,0.0,0.2857142857142857,0.7142857142857143,-1
"F[0,1]((Pt_CGMUseNumDays <= 0.000 -> Pt_CGMUseNumDays >= 0.000) -> Pt_ChildT1D >= 0.000)
",-9999999.000,-9999999.000,0.000,0.000,1.000,0,1,0,3,3,1,0,4,0.0,1.0,0.0,0.0,0.2857142857142857,0.7142857142857143,-1
"F[0,1](BGTestAvgNumMeter >= 0.044 -> BGTestAvgNumPtRep >= 0.290)
",-9999999.000,-9999999.000,0.000,0.000,1.000,0,1,0,3,3,1,0,4,0.0,1.0,0.0,0.0,0.2857142857142857,0.7142857142857143,-1
"F[0,1]((bmiZscore <= 0.600 -> LDL <= 79.662) & BldPrSys >= 37.575)
",-9999999.000,-9999999.000,0.000,0.000,1.000,0,1,0,3,3,1,0,4,0.0,1.0,0.0,0.0,0.2857142857142857,0.7142857142857143,-1
"F[1,1](HeightCm <= 145.468 | diabDur <= 41.212)
",145.468,145.468,0.000,0.000,1.000,0,1,0,3,3,1,0,4,0.0,1.0,0.0,0.0,0.2857142857142857,0.7142857142857143,-1
"F[0,1]((Pt_InsGov >= 0.371 -> WeightKg <= 85.174) | Pt_InsGov >= 59.103)
",-9999999.000,-9999999.000,0.000,0.000,1.000,0,1,0,3,3,1,0,4,0.0,1.0,0.0,0.0,0.2857142857142857,0.7142857142857143,-1
"((NumPumpBolusOrShortAct <= 0.000) U[0,2] (Pt_GrandchildT1D >= 0.000))
",-9999999.000,-9999999.000,0.000,0.000,1.000,0,1,0,3,3,1,0,4,0.0,1.0,0.0,0.0,0.2857142857142857,0.7142857142857143,-1
"F[0,1](((DirectLDL >= 0.131 | HDL <= 54.611) & Triglyc <= 65.324) | BGTestAvgNumMeter <= 63.669)
",-9999999.000,-9999999.000,0.000,0.000,1.000,0,1,0,3,3,1,0,4,0.0,1.0,0.0,0.0,0.2857142857142857,0.7142857142857143,-1
"G[1,2]((HbA1cImputeDtMnC <= 55.623 & HDL >= 24.083) & HbA1cImputeDtMnC >= 37.844)
",9999999.000,9999999.000,0.000,1.000,0.000,0,1,1,2,2,2,1,3,0.0,0.5,0.5,0.0,0.2857142857142857,0.7142857142857143,1
"F[1,2](Pt_GrandparentT1D <= 0.000 -> bmiPerc >= 0.000)
",-9999999.000,-9999999.000,0.000,0.000,1.000,0,1,0,3,3,1,0,4,0.0,1.0,0.0,0.0,0.2857142857142857,0.7142857142857143,-1
"F[0,2]((TotalDailyInsPerKg >= 0.000 | Pt_SiblingT1D <= 0.000) | TotalDailyInsPerKg <= 0.000)
",-9999999.000,-9999999.000,0.000,0.000,1.000,0,1,0,3,3,1,0,4,0.0,1.0,0.0,0.0,0.2857142857142857,0.7142857142857143,-1
"F[1,1](((HbA1cImputeDtMnC <= 70.948 & HeightCm >= 124.839) -> Pt_InsGov >= 99.944) | BGTestAvgNumMeter >= 127.881)
",99.944,99.944,0.000,0.000,1.000,1,0,1,2,3,1,2,2,0.3333333333333333,0.0,1.0,0.5,0.2857142857142857,0.7142857142857143,-1
"F[0,2]((SMBGperDayPtMeterCombo <= 1.387 | bmi >= 15.422) | BGTestAvgNumMeter >= 11.445)
",-9999999.000,-9999999.000,0.000,0.000,1.000,0,1,0,3,3,1,0,4,0.0,1.0,0.0,0.0,0.2857142857142857,0.7142857142857143,-1
"F[1,2](Pt_SiblingT1D <= 0.000 -> Pt_CGMUseNumDays >= 0.000)
",-9999999.000,-9999999.000,0.000,0.000,1.000,0,1,0,3,3,1,0,4,0.0,1.0,0.0,0.0,0.2857142857142857,0.7142857142857143,-1
"F[1,1](((UnitsInsBasalOrLongAct >= 0.000 | Pt_FatherT1D <= 0.000) -> bmiZscore >= 0.000) | Pt_DKAFlg <= 0.000)
",0.000,0.000,0.000,0.000,1.000,0,1,0,3,3,1,0,4,0.0,1.0,0.0,0.0,0.2857142857142857,0.7142857142857143,-1
"F[1,1](((AlbCreatRat_mggNew <= 352.211 -> TSH <= 0.000) -> Pt_SHFlg >= 0.000) -> HbA1c >= 0.000)
",0.000,0.000,0.000,0.000,1.000,0,1,0,3,3,1,0,4,0.0,1.0,0.0,0.0,0.2857142857142857,0.7142857142857143,-1
"F[1,1]((BldPrSys >= 118.780 | Pt_InsGov <= 0.541) & BUN >= 0.223)
",-0.223,-0.223,0.000,0.000,1.000,0,1,0,3,3,1,0,4,0.0,1.0,0.0,0.0,0.2857142857142857,0.7142857142857143,-1
"F[0,0]((Triglyc <= 140.830 | TSH <= 0.000) -> age >= 0.000)
",-1.506,-95.830,0.000,0.000,1.000,0,1,0,3,3,1,0,4,0.0,1.0,0.0,0.0,0.2857142857142857,0.7142857142857143,-1
"F[1,2]((bmiPerc >= 0.000 & Pt_FatherT1D <= 0.000) & bmi >= 0.000)
",-9999999.000,-9999999.000,0.000,0.000,1.000,0,1,0,3,3,1,0,4,0.0,1.0,0.0,0.0,0.2857142857142857,0.7142857142857143,-1
"G[0,1]((BldPrDia <= 73.861 | HDL >= 27.056) | Pt_GrandchildT1D >= 8.135)
",9999999.000,9999999.000,0.000,1.000,0.000,1,0,2,1,2,2,3,1,0.5,0.0,1.0,0.3333333333333333,0.2857142857142857,0.7142857142857143,1
"F[0,2]((BGTestAvgNumPtRep <= 1.733 & diagAgeCombo >= 19.000) & bmiZscore <= 19.000)
",-9999999.000,-9999999.000,0.000,0.000,1.000,0,1,0,3,3,1,0,4,0.0,1.0,0.0,0.0,0.2857142857142857,0.7142857142857143,-1
"F[0,1]((bmiZscore <= 0.539 -> Pt_InsGov >= 0.355) -> WeightKg <= 0.759)
",-9999999.000,-9999999.000,0.000,0.000,1.000,0,1,0,3,3,1,0,4,0.0,1.0,0.0,0.0,0.2857142857142857,0.7142857142857143,-1
"F[1,2]((bmiZscore <= 0.687 -> HbA1cImputeDtMnC <= 53.593) | WeightKg >= 32.327)
",-9999999.000,-9999999.000,0.000,0.000,1.000,0,1,0,3,3,1,0,4,0.0,1.0,0.0,0.0,0.2857142857142857,0.7142857142857143,-1
"F[0,0](age <= 62.673 & BGTestAvgNumPtRep <= 1.136)
",1.703,0.803,0.000,0.000,1.000,1,0,1,2,3,1,2,2,0.3333333333333333,0.0,1.0,0.5,0.2857142857142857,0.7142857142857143,-1
"F[1,1](HbA1cImputeDtMnC >= 5.672 | SMBGperDayPtMeterCombo <= 1.177)
",1.177,1.177,0.000,0.000,1.000,0,1,0,3,3,1,0,4,0.0,1.0,0.0,0.0,0.2857142857142857,0.7142857142857143,-1
"F[1,2](((BldPrDia <= 74.600 | HbA1cImputeDtMnC >= 11.277) -> Pt_ChildT1D <= 40.892) & Pt_FatherT1D <= 45.527)
",-9999999.000,-9999999.000,0.000,0.000,1.000,0,1,0,3,3,1,0,4,0.0,1.0,0.0,0.0,0.2857142857142857,0.7142857142857143,-1
"F[0,0]((BUN >= 18.589 -> HeightCm >= 46.964) -> BldPrSys <= 180.632)
",-180.632,-180.632,0.000,0.000,1.000,0,1,0,3,3,1,0,4,0.0,1.0,0.0,0.0,0.2857142857142857,0.7142857142857143,-1
"F[0,1](((BGTestAvgNumPtRep >= 0.219 | LDL >= 12.120) | BldPrSys >= 29.385) -> LDL >= 40.440)
",-9999999.000,-9999999.000,0.000,0.000,1.000,0,1,0,3,3,1,0,4,0.0,1.0,0.0,0.0,0.2857142857142857,0.7142857142857143,-1
"F[0,1](((BldPrSys <= 138.493 -> WeightKg >= 55.822) & diabDur >= 10.201) & TotChol <= 108.135)
",-9999999.000,-9999999.000,0.000,0.000,1.000,0,1,0,3,3,1,0,4,0.0,1.0,0.0,0.0,0.2857142857142857,0.7142857142857143,-1
"F[0,2](((GFR <= 25.818 -> HbA1c <= 6.388) | HbA1c >= 5.261) | Pt_SHFlg >= 5.470)
",-9999999.000,-9999999.000,0.000,0.000,1.000,0,1,0,3,3,1,0,4,0.0,1.0,0.0,0.0,0.2857142857142857,0.7142857142857143,-1
"F[0,2](((age <= 60.927 & Pt_SHFlg <= 0.565) & bmiPerc <= 0.856) & AlbCreatRat_mggNew >= 0.035)
",-9999999.000,-9999999.000,0.000,0.000,1.000,0,1,0,3,3,1,0,4,0.0,1.0,0.0,0.0,0.2857142857142857,0.7142857142857143,-1
"F[1,2](((HbA1cImputeDtMnC >= 36.129 & Pt_SHFlg <= 0.470) -> LDL >= 0.122) | Pt_GrandchildT1D <= 0.971)
",-9999999.000,-9999999.000,0.000,0.000,1.000,0,1,0,3,3,1,0,4,0.0,1.0,0.0,0.0,0.2857142857142857,0.7142857142857143,-1
"F[1,1](((HDL <= 41.201 | Pt_SHFlg >= 0.020) & BGTestAvgNumMeter >= 0.069) | age >= 0.088)
",-0.069,-0.069,0.000,0.000,1.000,0,1,0,3,3,1,0,4,0.0,1.0,0.0,0.0,0.2857142857142857,0.7142857142857143,-1
"F[1,2](bmi >= 0.413 -> Pt_InsGov >= 0.217)
",-9999999.000,-9999999.000,0.000,0.000,1.000,0,1,0,3,3,1,0,4,0.0,1.0,0.0,0.0,0.2857142857142857,0.7142857142857143,-1
"F[1,2](HbA1c >= 5.114 -> Pt_A1cGoalLevelDsYr5 = 0.000)
",-9999999.000,-9999999.000,0.000,0.000,1.000,0,1,0,3,3,1,0,4,0.0,1.0,0.0,0.0,0.2857142857142857,0.7142857142857143,-1
"F[1,2]((GFR >= 22.982 | Triglyc >= 24.904) | BGTestAvgNumMeter >= 7.367)
",-9999999.000,-9999999.000,0.000,0.000,1.000,0,1,0,3,3,1,0,4,0.0,1.0,0.0,0.0,0.2857142857142857,0.7142857142857143,-1
"((Pt_InsGov >= 0.111) U[0,2] (Triglyc >= 6.123))
",-9999999.000,-9999999.000,0.000,0.000,1.000,0,1,0,3,3,1,0,4,0.0,1.0,0.0,0.0,0.2857142857142857,0.7142857142857143,-1
"F[1,1](((bmi <= 28.465 | GFR <= 35.106) -> Pt_CGMUseNumDays <= 41.612) & AutonomicNeuroCl <= 44.961)
",-41.612,-41.612,0.000,0.000,1.000,0,1,0,3,3,1,0,4,0.0,1.0,0.0,0.0,0.2857142857142857,0.7142857142857143,-1
"F[0,1](((age <= 60.429 & HbA1c >= 5.406) -> Pt_SHFlg >= 5.437) & SMBGperDayPtMeterCombo <= 6.519)
",-9999999.000,-9999999.000,0.000,0.000,1.000,0,1,0,3,3,1,0,4,0.0,1.0,0.0,0.0,0.2857142857142857,0.7142857142857143,-1
"F[1,2](((AlbCreatRat_mggNew <= 451.250 | Triglyc <= 106.244) & Triglyc >= 33.063) & HeightCm >= 24.214)
",-9999999.000,-9999999.000,0.000,0.000,1.000,0,1,0,3,3,1,0,4,0.0,1.0,0.0,0.0,0.2857142857142857,0.7142857142857143,-1
"((bmi <= 27.328) U[0,1] (Pt_SHFlg <= 0.953))
",-9999999.000,-9999999.000,0.000,0.000,1.000,0,1,0,3,3,1,0,4,0.0,1.0,0.0,0.0,0.2857142857142857,0.7142857142857143,-1
"F[1,2]((GFR >= 5.445 & HeightCm <= 164.490) -> GFR >= 83.552)
",-9999999.000,-9999999.000,0.000,0.000,1.000,0,1,0,3,3,1,0,4,0.0,1.0,0.0,0.0,0.2857142857142857,0.7142857142857143,-1
"F[0,2](HeightCm <= 140.892 | Pt_InsGov >= 0.031)
",-9999999.000,-9999999.000,0.000,0.000,1.000,0,1,0,3,3,1,0,4,0.0,1.0,0.0,0.0,0.2857142857142857,0.7142857142857143,-1
"((HDL <= 40.191) U[0,2] (HeightCm <= 134.112))
",-9999999.000,-9999999.000,0.000,0.000,1.000,0,1,0,3,3,1,0,4,0.0,1.0,0.0,0.0,0.2857142857142857,0.7142857142857143,-1
"((BldPrDia >= 64.714) U[0,2] (Triglyc >= 59.528))
",-9999999.000,-9999999.000,0.000,0.000,1.000,0,1,0,3,3,1,0,4,0.0,1.0,0.0,0.0,0.2857142857142857,0.7142857142857143,-1
"F[1,1](((HDL <= 48.933 | LDL >= 41.392) -> UnitsInsBasalOrLongAct <= 88.970) | BGTestAvgNumPtRep <= 60.867)
",8566218177388763.000,60.867,0.000,0.000,1.000,0,1,0,3,3,1,0,4,0.0,1.0,0.0,0.0,0.2857142857142857,0.7142857142857143,-1
"F[0,1](UnitsInsBasalOrLongAct > 0.000 -> Pt_SHFlg = 0.608)
",-9999999.000,-9999999.000,0.000,0.000,1.000,0,1,0,3,3,1,0,4,0.0,1.0,0.0,0.0,0.2857142857142857,0.7142857142857143,-1
"F[0,0](((bmiZscore <= 0.569 -> TotChol >= 12.912) | TSH <= 130.566) & UnitsInsBasalOrLongAct <= 123.592)
",-0.788,-149.808,0.000,0.000,1.000,0,1,0,3,3,1,0,4,0.0,1.0,0.0,0.0,0.2857142857142857,0.7142857142857143,-1
"F[0,1](((Pt_ChildT1D <= 0.000 -> BldPrSys <= 129.542) | TSH <= 127.664) | Pt_A1cGoalLev >= 120.967)
",-9999999.000,-9999999.000,0.000,0.000,1.000,0,1,0,3,3,1,0,4,0.0,1.0,0.0,0.0,0.2857142857142857,0.7142857142857143,-1
"F[1,2](HbA1c >= 5.351 -> Pt_A1cGoalLevelDsYr5 = 0.000)
",-9999999.000,-9999999.000,0.000,0.000,1.000,0,1,0,3,3,1,0,4,0.0,1.0,0.0,0.0,0.2857142857142857,0.7142857142857143,-1
"F[0,0]((HbA1cImputeDtMnC <= 44.896 -> Triglyc <= 168.044) | Pt_GrandchildT1D >= 22.356)
",-6292672084711747.000,-22.356,0.000,0.000,1.000,0,1,0,3,3,1,0,4,0.0,1.0,0.0,0.0,0.2857142857142857,0.7142857142857143,-1
"((AlbCreatRat_mggNew <= 312.731) U[0,2] (bmi <= 28.774))
",-9999999.000,-9999999.000,0.000,0.000,1.000,0,1,0,3,3,1,0,4,0.0,1.0,0.0,0.0,0.2857142857142857,0.7142857142857143,-1
"F[0,2](((diabDur <= 42.995 | Triglyc >= 27.567) | TSH >= 17.458) | Pt_ChildT1D >= 27.076)
",-9999999.000,-9999999.000,0.000,0.000,1.000,0,1,0,3,3,1,0,4,0.0,1.0,0.0,0.0,0.2857142857142857,0.7142857142857143,-1
"F[0,2](HeightCm <= 177.517 -> TotChol <= 114.472)
",-9999999.000,-9999999.000,0.000,0.000,1.000,0,1,0,3,3,1,0,4,0.0,1.0,0.0,0.0,0.2857142857142857,0.7142857142857143,-1
"F[0,1](((bmi <= 27.278 | bmiZscore >= 0.215) & bmiZscore >= 0.241) -> diagAgeCombo >= 0.139)
",-9999999.000,-9999999.000,0.000,0.000,1.000,0,1,0,3,3,1,0,4,0.0,1.0,0.0,0.0,0.2857142857142857,0.7142857142857143,-1
"F[1,2](bmi >= 18.177 | DirectLDL <= 0.758)
",-9999999.000,-9999999.000,0.000,0.000,1.000,0,1,0,3,3,1,0,4,0.0,1.0,0.0,0.0,0.2857142857142857,0.7142857142857143,-1
"((BGTestAvgNumMeter >= 0.105) U[0,2] (BGTestAvgNumPtRep <= 1.956))
",-9999999.000,-9999999.000,0.000,0.000,1.000,0,1,0,3,3,1,0,4,0.0,1.0,0.0,0.0,0.2857142857142857,0.7142857142857143,-1
"F[0,2](HbA1c >= 5.439 -> Pt_A1cGoalLevelDsYr5 = 0.000)
",-9999999.000,-9999999.000,0.000,0.000,1.000,0,1,0,3,3,1,0,4,0.0,1.0,0.0,0.0,0.2857142857142857,0.7142857142857143,-1
"((BGTestAvgNumMeter >= 0.081) U[0,1] (BGTestAvgNumPtRep <= 1.124))
",-9999999.000,-9999999.000,0.000,0.000,1.000,0,1,0,3,3,1,0,4,0.0,1.0,0.0,0.0,0.2857142857142857,0.7142857142857143,-1
"F[0,1]((HbA1c <= 5.634 | LDL >= 17.467) | DirectLDL >= 13.769)
",-9999999.000,-9999999.000,0.000,0.000,1.000,0,1,0,3,3,1,0,4,0.0,1.0,0.0,0.0,0.2857142857142857,0.7142857142857143,-1
"F[1,1]((HbA1cImputeDtMnC >= 3.582 & WeightKg <= 92.033) & bmiZscore <= 80.418)
",-3.582,-3.582,0.000,0.000,1.000,1,0,1,2,3,1,2,2,0.3333333333333333,0.0,1.0,0.5,0.2857142857142857,0.7142857142857143,-1
"F[0,1](((bmi >= 4.378 -> HbA1cImputeDtMnC >= 11.490) | age <= 58.259) | Pt_A1cGoalLevelDsYr5 <= 46.788)
",-9999999.000,-9999999.000,0.000,0.000,1.000,0,1,0,3,3,1,0,4,0.0,1.0,0.0,0.0,0.2857142857142857,0.7142857142857143,-1
"F[0,2](((BUN >= 22.078 | Pt_InsGov <= 0.496) -> Pt_ChildT1D >= 0.376) -> AlbCreatRat_mggNew <= 0.683)
",-9999999.000,-9999999.000,0.000,0.000,1.000,0,1,0,3,3,1,0,4,0.0,1.0,0.0,0.0,0.2857142857142857,0.7142857142857143,-1
"F[1,1](HbA1c >= 5.373 -> Pt_A1cGoalLevelDsYr5 = 0.000)
",0.000,0.000,0.000,0.000,1.000,0,1,0,3,3,1,0,4,0.0,1.0,0.0,0.0,0.2857142857142857,0.7142857142857143,-1
"F[0,2](((DirectLDL <= 0.516 -> TotChol <= 43.224) -> HbA1c >= 3.955) | BldPrDia >= 6.803)
",-9999999.000,-9999999.000,0.000,0.000,1.000,0,1,0,3,3,1,0,4,0.0,1.0,0.0,0.0,0.2857142857142857,0.7142857142857143,-1
"F[0,2](((bmi <= 27.988 | diabDur >= 37.299) -> GFR <= 41.702) -> AutonomicNeuroCl <= 40.092)
",-9999999.000,-9999999.000,0.000,0.000,1.000,0,1,0,3,3,1,0,4,0.0,1.0,0.0,0.0,0.2857142857142857,0.7142857142857143,-1
"F[0,2](HbA1c >= 5.214 -> Pt_A1cGoalLevelDsYr5 = 0.000)
",-9999999.000,-9999999.000,0.000,0.000,1.000,0,1,0,3,3,1,0,4,0.0,1.0,0.0,0.0,0.2857142857142857,0.7142857142857143,-1
"F[1,2](HbA1c >= 5.501 -> Pt_A1cGoalLevelDsYr5 = 0.000)
",-9999999.000,-9999999.000,0.000,0.000,1.000,0,1,0,3,3,1,0,4,0.0,1.0,0.0,0.0,0.2857142857142857,0.7142857142857143,-1
"((BGTestAvgNumMeter >= 0.049) U[0,2] (BGTestAvgNumPtRep <= 1.375))
",-9999999.000,-9999999.000,0.000,0.000,1.000,0,1,0,3,3,1,0,4,0.0,1.0,0.0,0.0,0.2857142857142857,0.7142857142857143,-1
"F[0,1](((AlbCreatRat_mggNew <= 464.042 & BldPrSys <= 125.232) -> WeightKg <= 137.938) & BUN <= 128.389)
",-9999999.000,-9999999.000,0.000,0.000,1.000,0,1,0,3,3,1,0,4,0.0,1.0,0.0,0.0,0.2857142857142857,0.7142857142857143,-1
"F[0,2](HbA1c >= 5.195 -> Pt_A1cGoalLevelDsYr5 = 0.000)
",-9999999.000,-9999999.000,0.000,0.000,1.000,0,1,0,3,3,1,0,4,0.0,1.0,0.0,0.0,0.2857142857142857,0.7142857142857143,-1
"F[0,1](bmiZscore >= 0.013 & BUN >= 22.447)
",-9999999.000,-9999999.000,0.000,0.000,1.000,0,1,0,3,3,1,0,4,0.0,1.0,0.0,0.0,0.2857142857142857,0.7142857142857143,-1
"((BGTestAvgNumMeter >= 0.116) U[0,1] (BGTestAvgNumPtRep <= 1.971))
",-9999999.000,-9999999.000,0.000,0.000,1.000,0,1,0,3,3,1,0,4,0.0,1.0,0.0,0.0,0.2857142857142857,0.7142857142857143,-1
"F[1,2](HbA1c >= 5.268 -> Pt_A1cGoalLevelDsYr5 = 0.000)
",-9999999.000,-9999999.000,0.000,0.000,1.000,0,1,0,3,3,1,0,4,0.0,1.0,0.0,0.0,0.2857142857142857,0.7142857142857143,-1
"F[1,2](bmi <= 23.581 -> HeightCm >= 30.993)
",-9999999.000,-9999999.000,0.000,0.000,1.000,0,1,0,3,3,1,0,4,0.0,1.0,0.0,0.0,0.2857142857142857,0.7142857142857143,-1
"F[1,1]((bmiZscore <= 0.714 -> diabDur <= 41.255) -> LDL >= 38.528)
",38.528,38.528,0.000,0.000,1.000,0,1,0,3,3,1,0,4,0.0,1.0,0.0,0.0,0.2857142857142857,0.7142857142857143,-1
"((HbA1c <= 5.548) U[0,2] (HeightCm <= 156.792))
",-9999999.000,-9999999.000,0.000,0.000,1.000,0,1,0,3,3,1,0,4,0.0,1.0,0.0,0.0,0.2857142857142857,0.7142857142857143,-1
"F[0,0](((LDL <= 65.854 & DirectLDL <= 0.466) | Pt_SiblingT1D >= 0.029) | AutonomicNeuroCl <= 0.483)
",0.581,0.136,0.000,0.000,1.000,1,0,1,2,3,1,2,2,0.3333333333333333,0.0,1.0,0.5,0.2857142857142857,0.7142857142857143,-1
"F[0,2](((Pt_GrandchildT1D >= 0.000 -> Triglyc >= 12.342) & DirectLDL <= 64.822) -> BldPrDia <= 86.839)
",-9999999.000,-9999999.000,0.000,0.000,1.000,0,1,0,3,3,1,0,4,0.0,1.0,0.0,0.0,0.2857142857142857,0.7142857142857143,-1
"F[0,1](((DirectLDL >= 0.069 & TotChol <= 21.874) | BldPrSys <= 116.866) -> HbA1c <= 134.398)
",-9999999.000,-9999999.000,0.000,0.000,1.000,0,1,0,3,3,1,0,4,0.0,1.0,0.0,0.0,0.2857142857142857,0.7142857142857143,-1
"F[0,1](Pt_SHFlg <= 0.419 & TotChol <= 111.584)
",-9999999.000,-9999999.000,0.000,0.000,1.000,0,1,0,3,3,1,0,4,0.0,1.0,0.0,0.0,0.2857142857142857,0.7142857142857143,-1
"((WeightKg >= 68.634) U[0,0] (bmiPerc <= 0.000))
",-1.414,-20.840,0.000,0.000,1.000,0,1,0,3,3,1,0,4,0.0,1.0,0.0,0.0,0.2857142857142857,0.7142857142857143,-1
"F[1,1](((Pt_CGMUseNumDays <= 0.000 -> UnitsInsBasalOrLongAct >= 0.000) -> AutonomicNeuroCl >= 0.000) & diabDur >= 0.000)
",0.000,0.000,0.000,0.000,1.000,0,1,0,3,3,1,0,4,0.0,1.0,0.0,0.0,0.2857142857142857,0.7142857142857143,-1
"((DirectLDL <= 0.414) U[1,1] (HbA1c <= 5.742))
",5.742,5.742,0.000,0.000,1.000,0,1,0,3,3,1,0,4,0.0,1.0,0.0,0.0,0.2857142857142857,0.7142857142857143,-1
"F[1,2](((diabDur >= 37.259 | TotalDailyInsPerKg <= 0.000) | WeightKg >= 0.000) | BGTestAvgNumPtRep >= 0.000)
",-9999999.000,-9999999.000,0.000,0.000,1.000,0,1,0,3,3,1,0,4,0.0,1.0,0.0,0.0,0.2857142857142857,0.7142857142857143,-1
"F[0,2](((age >= 59.995 & Pt_SHFlg <= 0.706) | AlbCreatRat_mggNew <= 0.542) | Pt_A1cGoalLevelDsYr5 <= 0.213)
",-9999999.000,-9999999.000,0.000,0.000,1.000,0,1,0,3,3,1,0,4,0.0,1.0,0.0,0.0,0.2857142857142857,0.7142857142857143,-1
"F[0,2](Pt_InsGov <= 0.920 | Pt_DKAFlg <= 0.000)
",-9999999.000,-9999999.000,0.000,0.000,1.000,0,1,0,3,3,1,0,4,0.0,1.0,0.0,0.0,0.2857142857142857,0.7142857142857143,-1
"F[0,2](LDL >= 22.172 & Pt_FatherT1D >= 0.000)
",-9999999.000,-9999999.000,0.000,0.000,1.000,0,1,0,3,3,1,0,4,0.0,1.0,0.0,0.0,0.2857142857142857,0.7142857142857143,-1
"F[1,2](((BldPrDia <= 77.542 -> diabDur >= 37.711) -> TSH >= 39.999) -> Pt_DKAFlg >= 39.097)
",-9999999.000,-9999999.000,0.000,0.000,1.000,0,1,0,3,3,1,0,4,0.0,1.0,0.0,0.0,0.2857142857142857,0.7142857142857143,-1
"F[0,2](diagAgeCombo >= 19.000 | BldPrSys >= 110.007)
",-9999999.000,-9999999.000,0.000,0.000,1.000,0,1,0,3,3,1,0,4,0.0,1.0,0.0,0.0,0.2857142857142857,0.7142857142857143,-1
"F[0,0](((BldPrSys >= 111.806 -> BUN <= 27.759) | HeightCm >= 17.484) | AutonomicNeuroCl <= 26.565)
",2.696,81.188,0.000,0.000,1.000,0,1,0,3,3,1,0,4,0.0,1.0,0.0,0.0,0.2857142857142857,0.7142857142857143,-1
"F[0,2](Pt_CGMUseNumDays >= 0.000 -> HeightCm <= 158.856)
",-9999999.000,-9999999.000,0.000,0.000,1.000,0,1,0,3,3,1,0,4,0.0,1.0,0.0,0.0,0.2857142857142857,0.7142857142857143,-1
"F[0,2](((SMBGperDayPtMeterCombo >= 0.429 & UnitsInsBasalOrLongAct >= 0.000) & Pt_SiblingT1D <= 0.000) | bmiZscore <= 0.000)
",-9999999.000,-9999999.000,0.000,0.000,1.000,0,1,0,3,3,1,0,4,0.0,1.0,0.0,0.0,0.2857142857142857,0.7142857142857143,-1
"F[0,2](((BGTestAvgNumPtRep >= 0.207 | SMBGperDayPtMeterCombo >= 0.161) -> TotChol >= 0.414) -> AlbCreatRat_mggNew <= 1.433)
",-9999999.000,-9999999.000,0.000,0.000,1.000,0,1,0,3,3,1,0,4,0.0,1.0,0.0,0.0,0.2857142857142857,0.7142857142857143,-1
"((HbA1cImputeDtMnC <= 44.865) U[0,2] (TSH >= 0.000))
",-9999999.000,-9999999.000,0.000,0.000,1.000,0,1,0,3,3,1,0,4,0.0,1.0,0.0,0.0,0.2857142857142857,0.7142857142857143,-1
"F[0,1]((Pt_GrandchildT1D <= 0.000 -> Pt_FatherT1D >= 0.000) | BldPrSys >= 0.000)
",-9999999.000,-9999999.000,0.000,0.000,1.000,0,1,0,3,3,1,0,4,0.0,1.0,0.0,0.0,0.2857142857142857,0.7142857142857143,-1
"F[0,1]((AutonomicNeuroCl >= 1.000 -> Pt_ChildT1D <= 0.000) | HbA1c <= 0.000)
",-9999999.000,-9999999.000,0.000,0.000,1.000,0,1,0,3,3,1,0,4,0.0,1.0,0.0,0.0,0.2857142857142857,0.7142857142857143,-1
"F[0,0](((AutonomicNeuroCl <= 1.000 -> Pt_FatherT1D <= 0.000) -> bmiZscore <= 0.000) -> WeightKg <= 0.000)
",0.000,0.000,0.000,0.000,1.000,0,1,0,3,3,1,0,4,0.0,1.0,0.0,0.0,0.2857142857142857,0.7142857142857143,-1
"((Pt_A1cGoalLev <= 0.000) U[1,1] (HbA1c <= 5.695))
",5.695,5.695,0.000,0.000,1.000,0,1,0,3,3,1,0,4,0.0,1.0,0.0,0.0,0.2857142857142857,0.7142857142857143,-1
"F[0,1]((Pt_GrandchildT1D >= 0.000 & bmi <= 30.161) -> HDL >= 3.582)
",-9999999.000,-9999999.000,0.000,0.000,1.000,0,1,0,3,3,1,0,4,0.0,1.0,0.0,0.0,0.2857142857142857,0.7142857142857143,-1
"F[0,1]((TotChol <= 131.217 -> LDL >= 56.079) | bmi >= 25.400)
",-9999999.000,-9999999.000,0.000,0.000,1.000,0,1,0,3,3,1,0,4,0.0,1.0,0.0,0.0,0.2857142857142857,0.7142857142857143,-1
"F[0,2](((UnitsInsBasalOrLongAct >= 0.000 & Pt_A1cGoalLevelDsYr5 >= 0.000) -> diagAgeCombo >= 0.000) | BGTestAvgNumPtRep <= 0.000)
",-9999999.000,-9999999.000,0.000,0.000,1.000,0,1,0,3,3,1,0,4,0.0,1.0,0.0,0.0,0.2857142857142857,0.7142857142857143,-1
"F[1,1]((diagAgeCombo >= 19.000 | DirectLDL <= 0.153) & Pt_MotherT1D <= 0.653)
",0.153,0.153,0.000,0.000,1.000,0,1,0,3,3,1,0,4,0.0,1.0,0.0,0.0,0.2857142857142857,0.7142857142857143,-1
"F[0,2]((HbA1c <= 6.362 -> TSH >= 0.000) -> bmiPerc >= 0.000)
",-9999999.000,-9999999.000,0.000,0.000,1.000,0,1,0,3,3,1,0,4,0.0,1.0,0.0,0.0,0.2857142857142857,0.7142857142857143,-1
"F[1,2](((Pt_FatherT1D >= 0.000 | Triglyc <= 183.914) -> age <= 84.558) & AutonomicNeuroCl <= 79.343)
",-9999999.000,-9999999.000,0.000,0.000,1.000,0,1,0,3,3,1,0,4,0.0,1.0,0.0,0.0,0.2857142857142857,0.7142857142857143,-1
"F[0,1](((HbA1cImputeDtMnC >= 2.971 -> Pt_DKAFlg <= 0.000) -> GFR <= 0.000) | Pt_MotherT1D <= 0.000)
",-9999999.000,-9999999.000,0.000,0.000,1.000,0,1,0,3,3,1,0,4,0.0,1.0,0.0,0.0,0.2857142857142857,0.7142857142857143,-1
"F[1,2]((BldPrDia <= 74.374 & HbA1c <= 6.013) & bmiZscore <= 5.581)
",-9999999.000,-9999999.000,0.000,0.000,1.000,0,1,0,3,3,1,0,4,0.0,1.0,0.0,0.0,0.2857142857142857,0.7142857142857143,-1
"F[0,1]((GFR <= 43.750 -> HbA1cImputeDtMnC <= 47.450) -> TotChol >= 18.564)
",-9999999.000,-9999999.000,0.000,0.000,1.000,1,0,1,2,3,1,2,2,0.3333333333333333,0.0,1.0,0.5,0.2857142857142857,0.7142857142857143,-1
"F[0,1](Pt_DKAFlg > 0.000 -> Pt_SHFlg = 0.828)
",-9999999.000,-9999999.000,0.000,0.000,1.000,0,1,0,3,3,1,0,4,0.0,1.0,0.0,0.0,0.2857142857142857,0.7142857142857143,-1
"F[1,2](Pt_A1cGoalLev > 0.000 -> Pt_SHFlg = 0.384)
",-9999999.000,-9999999.000,0.000,0.000,1.000,0,1,0,3,3,1,0,4,0.0,1.0,0.0,0.0,0.2857142857142857,0.7142857142857143,-1
"F[0,1](((AlbCreatRat_mggNew >= 210.074 & HbA1c >= 5.321) | GFR <= 5.819) & SMBGperDayPtMeterCombo <= 6.238)
",-9999999.000,-9999999.000,0.000,0.000,1.000,0,1,0,3,3,1,0,4,0.0,1.0,0.0,0.0,0.2857142857142857,0.7142857142857143,-1
"F[1,2]((age >= 59.475 -> GFR >= 2.190) | bmi >= 5.467)
",-9999999.000,-9999999.000,0.000,0.000,1.000,0,1,0,3,3,1,0,4,0.0,1.0,0.0,0.0,0.2857142857142857,0.7142857142857143,-1
"F[1,2]((BldPrDia <= 75.095 | BldPrSys >= 117.964) | Pt_SHFlg >= 118.421)
",-9999999.000,-9999999.000,0.000,0.000,1.000,0,1,0,3,3,1,0,4,0.0,1.0,0.0,0.0,0.2857142857142857,0.7142857142857143,-1
"F[0,1]((HDL >= 10.392 & SMBGperDayPtMeterCombo >= 0.234) -> TSH <= 0.921)
",-9999999.000,-9999999.000,0.000,0.000,1.000,0,1,0,3,3,1,0,4,0.0,1.0,0.0,0.0,0.2857142857142857,0.7142857142857143,-1
"F[1,2]((HDL >= 16.529 | Pt_InsGov <= 0.557) -> DirectLDL >= 0.203)
",-9999999.000,-9999999.000,0.000,0.000,1.000,0,1,0,3,3,1,0,4,0.0,1.0,0.0,0.0,0.2857142857142857,0.7142857142857143,-1
"F[0,2](((bmi >= 16.427 -> LDL <= 88.532) | TSH <= 58.795) | Pt_A1cGoalLevelDsYr5 <= 61.707)
",-9999999.000,-9999999.000,0.000,0.000,1.000,0,1,0,3,3,1,0,4,0.0,1.0,0.0,0.0,0.2857142857142857,0.7142857142857143,-1
"F[0,1](((bmi <= 27.994 | WeightKg >= 14.454) | Pt_A1cGoalLev >= 19.352) & Pt_MotherT1D <= 84.008)
",-9999999.000,-9999999.000,0.000,0.000,1.000,0,1,0,3,3,1,0,4,0.0,1.0,0.0,0.0,0.2857142857142857,0.7142857142857143,-1
"F[0,2](((diabDur >= 37.859 | HbA1cImputeDtMnC <= 44.133) & Pt_GrandchildT1D >= 4.998) -> Pt_DKAFlg >= 8.409)
",-9999999.000,-9999999.000,0.000,0.000,1.000,0,1,0,3,3,1,0,4,0.0,1.0,0.0,0.0,0.2857142857142857,0.7142857142857143,-1
"F[0,2](BGTestAvgNumPtRep >= 0.086 -> BldPrSys <= 132.599)
",-9999999.000,-9999999.000,0.000,0.000,1.000,0,1,0,3,3,1,0,4,0.0,1.0,0.0,0.0,0.2857142857142857,0.7142857142857143,-1
"F[0,2](((AlbCreatRat_mggNew >= 235.302 -> BUN >= 24.689) -> AutonomicNeuroCl >= 20.377) | Pt_InsGov <= 29.804)
",-9999999.000,-9999999.000,0.000,0.000,1.000,0,1,0,3,3,1,0,4,0.0,1.0,0.0,0.0,0.2857142857142857,0.7142857142857143,-1
"F[1,1](((LDL >= 52.584 -> WeightKg <= 94.288) | HDL >= 7.135) -> HbA1cImputeDtMnC >= 44.136)
",7.135,7.135,0.000,0.000,1.000,1,0,1,2,3,1,2,2,0.3333333333333333,0.0,1.0,0.5,0.2857142857142857,0.7142857142857143,-1
"((HeightCm <= 134.090) U[0,2] (WeightKg >= 45.654))
",-9999999.000,-9999999.000,0.000,0.000,1.000,0,1,0,3,3,1,0,4,0.0,1.0,0.0,0.0,0.2857142857142857,0.7142857142857143,-1
"F[0,2](((BldPrDia >= 69.159 | TotChol >= 18.716) | Pt_GrandchildT1D >= 15.010) -> Pt_SiblingT1D <= 106.795)
",-9999999.000,-9999999.000,0.000,0.000,1.000,0,1,0,3,3,1,0,4,0.0,1.0,0.0,0.0,0.2857142857142857,0.7142857142857143,-1
"F[1,1]((GFR >= 5.525 -> HDL <= 67.747) | BldPrSys >= 14.753)
",-14.753,-14.753,0.000,0.000,1.000,0,1,0,3,3,1,0,4,0.0,1.0,0.0,0.0,0.2857142857142857,0.7142857142857143,-1
"F[1,1]((Pt_A1cGoalLevelDsYr5 >= 0.000 | Pt_DKAFlg <= 0.000) | Pt_GrandparentT1D >= 0.000)
",0.000,0.000,0.000,0.000,1.000,0,1,0,3,3,1,0,4,0.0,1.0,0.0,0.0,0.2857142857142857,0.7142857142857143,-1
"F[0,0]((Pt_InsGov <= 0.464 | diagAgeCombo >= 19.000) | Pt_FatherT1D >= 19.000)
",0.664,8.309,0.000,0.000,1.000,0,1,0,3,3,1,0,4,0.0,1.0,0.0,0.0,0.2857142857142857,0.7142857142857143,-1
"F[1,1]((bmi >= 3.773 & Triglyc >= 35.455) -> diagAgeCombo <= 120.389)
",-8471657923813779.000,-120.389,0.000,0.000,1.000,0,1,0,3,3,1,0,4,0.0,1.0,0.0,0.0,0.2857142857142857,0.7142857142857143,-1
"((HbA1c >= 5.372) U[0,1] (NumPumpBolusOrShortAct <= 0.000))
",-9999999.000,-9999999.000,0.000,0.000,1.000,0,1,0,3,3,1,0,4,0.0,1.0,0.0,0.0,0.2857142857142857,0.7142857142857143,-1
"F[0,2](SMBGperDayPtMeterCombo <= 1.115 | TotChol <= 121.919)
",-9999999.000,-9999999.000,0.000,0.000,1.000,0,1,0,3,3,1,0,4,0.0,1.0,0.0,0.0,0.2857142857142857,0.7142857142857143,-1
"F[0,0]((HbA1cImputeDtMnC <= 37.322 & Pt_DKAFlg >= 0.000) -> Pt_MotherT1D <= 0.000)
",0.000,0.000,0.000,0.000,1.000,0,1,0,3,3,1,0,4,0.0,1.0,0.0,0.0,0.2857142857142857,0.7142857142857143,-1
"F[1,2](((Pt_A1cGoalLev <= 0.000 & HbA1c <= 5.793) -> Pt_GrandchildT1D <= 6.147) | bmiZscore <= 5.587)
",-9999999.000,-9999999.000,0.000,0.000,1.000,0,1,0,3,3,1,0,4,0.0,1.0,0.0,0.0,0.2857142857142857,0.7142857142857143,-1
"G[0,2](age >= 58.536 | HeightCm >= 53.550)
",9999999.000,9999999.000,0.000,1.000,0.000,0,1,3,0,0,4,3,1,0.0,0.25,0.75,0.0,0.2857142857142857,0.7142857142857143,1
"G[0,2]((HbA1c <= 5.846 -> Pt_A1cGoalLevelDsYr5 >= 0.000) & DirectLDL <= 0.000)
",9999999.000,9999999.000,0.000,1.000,0.000,0,1,3,0,0,4,3,1,0.0,0.25,0.75,0.0,0.2857142857142857,0.7142857142857143,1
"G[1,2](BGTestAvgNumPtRep > 0.155 & Pt_SHFlg = 0.302)
",9999999.000,9999999.000,0.000,1.000,0.000,0,1,1,2,2,2,1,3,0.0,0.5,0.5,0.0,0.2857142857142857,0.7142857142857143,1
"G[0,0](HeightCm >= 73.907 & Pt_SHFlg = 0.690)
",-1.834,-52.745,0.000,1.000,0.000,0,1,0,3,3,1,0,4,0.0,1.0,0.0,0.0,0.2857142857142857,0.7142857142857143,1
"G[0,0](WeightKg >= 56.604 & Pt_SHFlg = 0.739)
",-9.393,-63.674,0.000,1.000,0.000,0,1,0,3,3,1,0,4,0.0,1.0,0.0,0.0,0.2857142857142857,0.7142857142857143,1
"G[0,1](age <= 61.995 -> Pt_SHFlg = 0.921)
",9999999.000,9999999.000,0.000,1.000,0.000,0,1,1,2,2,2,1,3,0.0,0.5,0.5,0.0,0.2857142857142857,0.7142857142857143,1
"G[0,1](diabDur >= 37.277 & Pt_SHFlg = 0.847)
",9999999.000,9999999.000,0.000,1.000,0.000,0,1,0,3,3,1,0,4,0.0,1.0,0.0,0.0,0.2857142857142857,0.7142857142857143,1
"G[1,1](GFR < 27.403 & Pt_SHFlg = 0.327)
",-0.327,-0.327,0.000,1.000,0.000,0,1,1,2,2,2,1,3,0.0,0.5,0.5,0.0,0.2857142857142857,0.7142857142857143,1
"G[0,1](BUN < 26.986 & Pt_SHFlg = 0.977)
",9999999.000,9999999.000,0.000,1.000,0.000,0,1,0,3,3,1,0,4,0.0,1.0,0.0,0.0,0.2857142857142857,0.7142857142857143,1
"G[0,1](Triglyc < 102.482 -> Pt_SHFlg = 0.650)
",9999999.000,9999999.000,0.000,1.000,0.000,0,1,0,3,3,1,0,4,0.0,1.0,0.0,0.0,0.2857142857142857,0.7142857142857143,1
"G[0,2]((bmi >= 7.533 | BUN <= 26.539) -> WeightKg <= 26.062)
",9999999.000,9999999.000,0.000,1.000,0.000,0,1,0,3,3,1,0,4,0.0,1.0,0.0,0.0,0.2857142857142857,0.7142857142857143,1
"G[1,2](Pt_MotherT1D >= 0.000 -> Pt_SHFlg = 0.735)
",9999999.000,9999999.000,0.000,1.000,0.000,0,1,1,2,2,2,1,3,0.0,0.5,0.5,0.0,0.2857142857142857,0.7142857142857143,1
"G[0,2](TSH < 0.000 & Pt_SHFlg = 0.617)
",9999999.000,9999999.000,0.000,1.000,0.000,0,1,0,3,3,1,0,4,0.0,1.0,0.0,0.0,0.2857142857142857,0.7142857142857143,1
"G[1,2]((BldPrSys <= 128.003 & Triglyc <= 123.724) & Pt_GrandchildT1D >= 5.595)
",9999999.000,9999999.000,0.000,1.000,0.000,0,1,1,2,2,2,1,3,0.0,0.5,0.5,0.0,0.2857142857142857,0.7142857142857143,1
"G[1,2]((HbA1cImputeDtMnC >= 10.635 & BGTestAvgNumMeter >= 0.011) & diabDur <= 0.383)
",9999999.000,9999999.000,0.000,1.000,0.000,0,1,1,2,2,2,1,3,0.0,0.5,0.5,0.0,0.2857142857142857,0.7142857142857143,1
"G[0,1](((Pt_CGMUseNumDays <= 0.000 | WeightKg >= 14.499) -> WeightKg >= 15.606) & Pt_CGMUseNumDays >= 67.629)
",9999999.000,9999999.000,0.000,1.000,0.000,0,1,0,3,3,1,0,4,0.0,1.0,0.0,0.0,0.2857142857142857,0.7142857142857143,1
"G[0,2]((BldPrSys >= 112.139 -> HeightCm <= 144.039) & BGTestAvgNumMeter <= 142.301)
",9999999.000,9999999.000,0.000,1.000,0.000,0,1,1,2,2,2,1,3,0.0,0.5,0.5,0.0,0.2857142857142857,0.7142857142857143,1
"G[1,2](NumPumpBolusOrShortAct <= 0.000 & Pt_SHFlg >= 0.058)
",9999999.000,9999999.000,0.000,1.000,0.000,0,1,1,2,2,2,1,3,0.0,0.5,0.5,0.0,0.2857142857142857,0.7142857142857143,1
"G[0,1]((HbA1cImputeDtMnC >= 2.362 -> TotChol >= 10.522) | BGTestAvgNumMeter >= 15.921)
",9999999.000,9999999.000,0.000,1.000,0.000,0,1,1,2,2,2,1,3,0.0,0.5,0.5,0.0,0.2857142857142857,0.7142857142857143,1
"G[0,2](((bmiZscore >= 0.163 -> Pt_GrandchildT1D <= 0.000) & diagAgeCombo >= 0.000) & BGTestAvgNumMeter <= 0.000)
",9999999.000,9999999.000,0.000,1.000,0.000,0,1,3,0,0,4,3,1,0.0,0.25,0.75,0.0,0.2857142857142857,0.7142857142857143,1
"G[0,2](((BUN <= 28.880 -> DirectLDL <= 0.878) & Pt_A1cGoalLev <= 0.911) -> WeightKg <= 0.344)
",9999999.000,9999999.000,0.000,1.000,0.000,0,1,0,3,3,1,0,4,0.0,1.0,0.0,0.0,0.2857142857142857,0.7142857142857143,1
"G[1,2](((HeightCm >= 55.355 | SMBGperDayPtMeterCombo >= 0.347) -> TotalDailyInsPerKg >= 0.124) | BldPrSys <= 1.256)
",9999999.000,9999999.000,0.000,1.000,0.000,0,1,2,1,1,3,2,2,0.0,0.3333333333333333,0.6666666666666666,0.0,0.2857142857142857,0.7142857142857143,1
"G[0,2](((BGTestAvgNumPtRep <= 0.800 -> diabDur >= 37.266) & TSH <= 42.581) & HbA1cImputeDtMnC >= 38.440)
",9999999.000,9999999.000,0.000,1.000,0.000,0,1,2,1,1,3,2,2,0.0,0.3333333333333333,0.6666666666666666,0.0,0.2857142857142857,0.7142857142857143,1
"G[0,1](GFR <= 30.891 -> BUN >= 20.900)
",9999999.000,9999999.000,0.000,1.000,0.000,1,0,2,1,2,2,3,1,0.5,0.0,1.0,0.3333333333333333,0.2857142857142857,0.7142857142857143,1
"G[1,1](((age <= 62.134 | BldPrSys >= 112.045) & HeightCm <= 130.109) -> DirectLDL >= 115.398)
",-62.134,-62.134,0.000,1.000,0.000,1,0,2,1,2,2,3,1,0.5,0.0,1.0,0.3333333333333333,0.2857142857142857,0.7142857142857143,1
"G[0,1](GFR <= 38.745 -> BUN >= 24.187)
",9999999.000,9999999.000,0.000,1.000,0.000,1,0,2,1,2,2,3,1,0.5,0.0,1.0,0.3333333333333333,0.2857142857142857,0.7142857142857143,1
"G[1,2](((BldPrSys >= 124.256 & bmi <= 23.346) & BldPrSys >= 11.254) & Pt_SiblingT1D >= 13.715)
",9999999.000,9999999.000,0.000,1.000,0.000,0,1,1,2,2,2,1,3,0.0,0.5,0.5,0.0,0.2857142857142857,0.7142857142857143,1
"G[1,2]((HbA1c <= 6.063 -> SMBGperDayPtMeterCombo <= 0.799) & Triglyc <= 0.689)
",9999999.000,9999999.000,0.000,1.000,0.000,0,1,1,2,2,2,1,3,0.0,0.5,0.5,0.0,0.2857142857142857,0.7142857142857143,1
"G[1,2]((age >= 58.034 & TSH >= 0.000) & Pt_FatherT1D >= 0.000)
",9999999.000,9999999.000,0.000,1.000,0.000,0,1,3,0,0,4,3,1,0.0,0.25,0.75,0.0,0.2857142857142857,0.7142857142857143,1
"G[1,1](((HbA1c <= 6.509 & Pt_DKAFlg >= 0.000) & HbA1cImputeDtMnC <= 0.000) & diabDur <= 0.000)
",0.000,0.000,0.000,1.000,0.000,0,1,1,2,2,2,1,3,0.0,0.5,0.5,0.0,0.2857142857142857,0.7142857142857143,1
"G[0,2](((BldPrDia >= 68.740 -> HeightCm <= 166.294) | TSH >= 93.954) & WeightKg >= 127.874)
",9999999.000,9999999.000,0.000,1.000,0.000,0,1,0,3,3,1,0,4,0.0,1.0,0.0,0.0,0.2857142857142857,0.7142857142857143,1
"G[1,2](((TotChol >= 0.909 & WeightKg <= 100.710) -> HDL <= 98.223) -> Pt_FatherT1D >= 18.877)
",9999999.000,9999999.000,0.000,1.000,0.000,0,1,1,2,2,2,1,3,0.0,0.5,0.5,0.0,0.2857142857142857,0.7142857142857143,1
"G[0,2](((HDL >= 35.403 | TotChol <= 22.592) & UnitsInsBasalOrLongAct <= 88.854) & Pt_SHFlg >= 15.478)
",9999999.000,9999999.000,0.000,1.000,0.000,0,1,0,3,3,1,0,4,0.0,1.0,0.0,0.0,0.2857142857142857,0.7142857142857143,1
"G[0,1](((HbA1c >= 5.327 -> Triglyc <= 65.171) -> Pt_GrandparentT1D <= 140.610) -> bmiPerc >= 45.596)
",9999999.000,9999999.000,0.000,1.000,0.000,0,1,0,3,3,1,0,4,0.0,1.0,0.0,0.0,0.2857142857142857,0.7142857142857143,1
"G[0,2]((DirectLDL <= 0.551 & WeightKg <= 78.067) & SMBGperDayPtMeterCombo <= 102.629)
",9999999.000,9999999.000,0.000,1.000,0.000,0,1,0,3,3,1,0,4,0.0,1.0,0.0,0.0,0.2857142857142857,0.7142857142857143,1
"G[1,1](GFR <= 29.419 -> BUN >= 17.369)
",-29.419,-29.419,0.000,1.000,0.000,1,0,2,1,2,2,3,1,0.5,0.0,1.0,0.3333333333333333,0.2857142857142857,0.7142857142857143,1
"G[1,1](TotChol >= 12.738 & age >= 58.174)
",-58.174,-58.174,0.000,1.000,0.000,0,1,1,2,2,2,1,3,0.0,0.5,0.5,0.0,0.2857142857142857,0.7142857142857143,1
"G[0,1]((AlbCreatRat_mggNew >= 212.185 & Pt_InsGov >= 0.021) & Pt_MotherT1D <= 0.944)
",9999999.000,9999999.000,0.000,1.000,0.000,0,1,0,3,3,1,0,4,0.0,1.0,0.0,0.0,0.2857142857142857,0.7142857142857143,1
"G[0,2]((HbA1cImputeDtMnC >= 37.123 | Pt_SHFlg <= 0.338) -> BGTestAvgNumMeter <= 0.601)
",9999999.000,9999999.000,0.000,1.000,0.000,0,1,3,0,0,4,3,1,0.0,0.25,0.75,0.0,0.2857142857142857,0.7142857142857143,1
"G[0,2](LDL >= 19.321 -> Triglyc <= 148.598)
",9999999.000,9999999.000,0.000,1.000,0.000,0,1,3,0,0,4,3,1,0.0,0.25,0.75,0.0,0.2857142857142857,0.7142857142857143,1
"G[0,0]((SMBGperDayPtMeterCombo >= 0.354 -> bmiZscore >= 0.200) & bmiPerc >= 0.211)
",-19.704,-66.979,0.000,1.000,0.000,0,1,0,3,3,1,0,4,0.0,1.0,0.0,0.0,0.2857142857142857,0.7142857142857143,1
"G[0,1](((Pt_DKAFlg >= 0.000 | BUN >= 19.085) & NumPumpBolusOrShortAct >= 20.992) & bmiZscore <= 28.275)
",9999999.000,9999999.000,0.000,1.000,0.000,0,1,0,3,3,1,0,4,0.0,1.0,0.0,0.0,0.2857142857142857,0.7142857142857143,1
"G[0,0](bmiZscore <= 0.638 -> BldPrDia >= 64.391)
",-5.533,-56.609,0.000,1.000,0.000,1,0,1,2,3,1,2,2,0.3333333333333333,0.0,1.0,0.5,0.2857142857142857,0.7142857142857143,1
"G[0,2](BldPrSys >= 124.336 -> BldPrSys <= 131.102)
",9999999.000,9999999.000,0.000,1.000,0.000,0,1,1,2,2,2,1,3,0.0,0.5,0.5,0.0,0.2857142857142857,0.7142857142857143,1
"G[0,1](BUN <= 25.860 & TotChol >= 0.115)
",9999999.000,9999999.000,0.000,1.000,0.000,0,1,0,3,3,1,0,4,0.0,1.0,0.0,0.0,0.2857142857142857,0.7142857142857143,1
"G[0,2](DirectLDL >= 0.057 & TotalDailyInsPerKg >= 0.000)
",9999999.000,9999999.000,0.000,1.000,0.000,0,1,0,3,3,1,0,4,0.0,1.0,0.0,0.0,0.2857142857142857,0.7142857142857143,1
"G[0,2]((NumPumpBolusOrShortAct >= 0.000 | TSH >= 0.000) & HDL <= 0.000)
",9999999.000,9999999.000,0.000,1.000,0.000,0,1,0,3,3,1,0,4,0.0,1.0,0.0,0.0,0.2857142857142857,0.7142857142857143,1
"G[0,2](((Pt_ChildT1D >= 0.000 -> HDL <= 61.434) & Pt_ChildT1D >= 10.981) & HbA1c >= 13.443)
",9999999.000,9999999.000,0.000,1.000,0.000,0,1,0,3,3,1,0,4,0.0,1.0,0.0,0.0,0.2857142857142857,0.7142857142857143,1
"G[0,1](((bmiZscore <= 0.414 -> HbA1c <= 5.989) & Pt_CGMUseNumDays >= 5.381) & DirectLDL >= 5.131)
",9999999.000,9999999.000,0.000,1.000,0.000,0,1,0,3,3,1,0,4,0.0,1.0,0.0,0.0,0.2857142857142857,0.7142857142857143,1
"G[1,1]((Pt_MotherT1D >= 0.000 -> GFR >= 12.650) & diabDur <= 29.885)
",0.000,0.000,0.000,1.000,0.000,0,1,1,2,2,2,1,3,0.0,0.5,0.5,0.0,0.2857142857142857,0.7142857142857143,1
"G[0,1](HbA1c >= 5.503 | HDL <= 48.224)
",9999999.000,9999999.000,0.000,1.000,0.000,0,1,1,2,2,2,1,3,0.0,0.5,0.5,0.0,0.2857142857142857,0.7142857142857143,1
"G[0,2](BUN >= 17.535 & HbA1c >= 5.330)
",9999999.000,9999999.000,0.000,1.000,0.000,0,1,2,1,1,3,2,2,0.0,0.3333333333333333,0.6666666666666666,0.0,0.2857142857142857,0.7142857142857143,1
"G[1,2](BldPrDia >= 66.692 & Pt_GrandchildT1D >= 0.000)
",9999999.000,9999999.000,0.000,1.000,0.000,0,1,3,0,0,4,3,1,0.0,0.25,0.75,0.0,0.2857142857142857,0.7142857142857143,1
"G[0,2](((TotalDailyInsPerKg >= 0.000 | BGTestAvgNumPtRep <= 1.926) | Pt_SiblingT1D >= 0.192) & age <= 1.668)
",9999999.000,9999999.000,0.000,1.000,0.000,0,1,0,3,3,1,0,4,0.0,1.0,0.0,0.0,0.2857142857142857,0.7142857142857143,1
"G[1,2]((AlbCreatRat_mggNew >= 52.138 | UnitsInsBasalOrLongAct <= 0.000) -> DirectLDL <= 0.000)
",9999999.000,9999999.000,0.000,1.000,0.000,0,1,3,0,0,4,3,1,0.0,0.25,0.75,0.0,0.2857142857142857,0.7142857142857143,1
"G[0,2]((bmi <= 30.625 -> AlbCreatRat_mggNew <= 392.416) -> BldPrDia >= 77.719)
",9999999.000,9999999.000,0.000,1.000,0.000,0,1,1,2,2,2,1,3,0.0,0.5,0.5,0.0,0.2857142857142857,0.7142857142857143,1
"G[1,2](((WeightKg >= 45.345 | HeightCm >= 47.160) | Triglyc <= 138.220) -> Pt_SiblingT1D >= 116.076)
",9999999.000,9999999.000,0.000,1.000,0.000,0,1,1,2,2,2,1,3,0.0,0.5,0.5,0.0,0.2857142857142857,0.7142857142857143,1
"G[0,0]((bmiPerc >= 0.000 | WeightKg <= 76.241) & TSH >= 72.431)
",-152.942,-72.098,0.000,1.000,0.000,0,1,0,3,3,1,0,4,0.0,1.0,0.0,0.0,0.2857142857142857,0.7142857142857143,1
"G[0,2](((HeightCm >= 89.351 -> diagAgeCombo <= 19.000) -> AutonomicNeuroCl >= 19.000) | HeightCm <= 19.000)
",9999999.000,9999999.000,0.000,1.000,0.000,0,1,0,3,3,1,0,4,0.0,1.0,0.0,0.0,0.2857142857142857,0.7142857142857143,1
"G[0,1](GFR <= 28.294 -> BUN >= 17.587)
",9999999.000,9999999.000,0.000,1.000,0.000,1,0,2,1,2,2,3,1,0.5,0.0,1.0,0.3333333333333333,0.2857142857142857,0.7142857142857143,1
"G[0,2]((Pt_InsGov >= 0.211 & AutonomicNeuroCl <= 1.000) -> HDL <= 1.000)
",9999999.000,9999999.000,0.000,1.000,0.000,0,1,2,1,1,3,2,2,0.0,0.3333333333333333,0.6666666666666666,0.0,0.2857142857142857,0.7142857142857143,1
"G[0,1](HeightCm >= 49.379 | Pt_SHFlg >= 0.020)
",9999999.000,9999999.000,0.000,1.000,0.000,1,0,2,1,2,2,3,1,0.5,0.0,1.0,0.3333333333333333,0.2857142857142857,0.7142857142857143,1
"G[0,1]((Pt_SHFlg >= 0.010 & DirectLDL >= 0.011) & diabDur <= 0.568)
",9999999.000,9999999.000,0.000,1.000,0.000,0,1,0,3,3,1,0,4,0.0,1.0,0.0,0.0,0.2857142857142857,0.7142857142857143,1
"G[0,1](((TSH <= 0.000 & Pt_ChildT1D <= 0.000) -> LDL <= 0.000) | BldPrDia <= 0.000)
",9999999.000,9999999.000,0.000,1.000,0.000,0,1,0,3,3,1,0,4,0.0,1.0,0.0,0.0,0.2857142857142857,0.7142857142857143,1
"G[0,2](bmiPerc >= 0.000 -> Pt_SHFlg <= 0.714)
",9999999.000,9999999.000,0.000,1.000,0.000,0,1,3,0,0,4,3,1,0.0,0.25,0.75,0.0,0.2857142857142857,0.7142857142857143,1
"G[1,1]((Pt_CGMUseNumDays >= 0.000 | Triglyc <= 123.550) & NumPumpBolusOrShortAct >= 33.022)
",-33.022,-33.022,0.000,1.000,0.000,0,1,1,2,2,2,1,3,0.0,0.5,0.5,0.0,0.2857142857142857,0.7142857142857143,1
"G[0,1](Pt_GrandparentT1D >= 0.000 & HbA1c >= 5.460)
",9999999.000,9999999.000,0.000,1.000,0.000,0,1,1,2,2,2,1,3,0.0,0.5,0.5,0.0,0.2857142857142857,0.7142857142857143,1
"G[0,1](GFR <= 27.675 & HbA1cImputeDtMnC >= 27.349)
",9999999.000,9999999.000,0.000,1.000,0.000,0,1,0,3,3,1,0,4,0.0,1.0,0.0,0.0,0.2857142857142857,0.7142857142857143,1
"G[0,2](diagAgeCombo >= 19.000 & WeightKg <= 76.459)
",9999999.000,9999999.000,0.000,1.000,0.000,0,1,0,3,3,1,0,4,0.0,1.0,0.0,0.0,0.2857142857142857,0.7142857142857143,1
"G[0,2]((HeightCm <= 175.109 & HbA1c <= 6.301) -> HDL <= 6.251)
",9999999.000,9999999.000,0.000,1.000,0.000,0,1,2,1,1,3,2,2,0.0,0.3333333333333333,0.6666666666666666,0.0,0.2857142857142857,0.7142857142857143,1
"G[1,2](((Pt_InsGov <= 0.723 -> bmi >= 18.617) -> NumPumpBolusOrShortAct >= 19.327) | BGTestAvgNumPtRep >= 5.847)
",9999999.000,9999999.000,0.000,1.000,0.000,0,1,1,2,2,2,1,3,0.0,0.5,0.5,0.0,0.2857142857142857,0.7142857142857143,1
"G[1,1]((bmiZscore >= 0.260 | Pt_A1cGoalLevelDsYr5 <= 0.000) & BUN <= 0.000)
",0.000,0.000,0.000,1.000,0.000,0,1,1,2,2,2,1,3,0.0,0.5,0.5,0.0,0.2857142857142857,0.7142857142857143,1
"G[0,2](bmiZscore <= 0.645 & WeightKg >= 28.946)
",9999999.000,9999999.000,0.000,1.000,0.000,0,1,1,2,2,2,1,3,0.0,0.5,0.5,0.0,0.2857142857142857,0.7142857142857143,1
"G[1,2](((diabDur >= 38.308 -> Pt_InsGov <= 0.569) | diabDur >= 0.267) -> Pt_GrandparentT1D >= 0.035)
",9999999.000,9999999.000,0.000,1.000,0.000,0,1,1,2,2,2,1,3,0.0,0.5,0.5,0.0,0.2857142857142857,0.7142857142857143,1
"G[0,0](((NumPumpBolusOrShortAct <= 0.000 -> BGTestAvgNumPtRep <= 1.395) -> Pt_ChildT1D >= 0.262) & HbA1c <= 1.672)
",0.262,0.262,0.000,1.000,0.000,0,1,0,3,3,1,0,4,0.0,1.0,0.0,0.0,0.2857142857142857,0.7142857142857143,1
"G[2,2](bmiPerc < 0.000 -> Pt_SHFlg = 0.612)
",0.000,0.000,0.000,1.000,0.000,0,0,4,0,0,4,4,0,0.0,0.0,1.0,0.0,0.0,1.0,1
"((Pt_CGMUseNumDays >= 0.000) U[1,2] (Pt_SHFlg = 0.564))
",-9999999.000,-9999999.000,0.000,0.000,1.000,0,0,0,4,4,0,0,4,0.0,0.0,0.0,0.0,0.0,1.0,-1
"((BGTestAvgNumMeter >= 0.010) U[0,1] (BGTestAvgNumPtRep <= 0.730))
",-9999999.000,-9999999.000,0.000,0.000,1.000,0,0,1,3,3,1,1,3,0.0,0.0,1.0,0.0,0.0,1.0,-1
"F[0,2]((bmiZscore >= 0.061 | HbA1c >= 5.469) & Pt_SHFlg >= 5.163)
",-9999999.000,-9999999.000,0.000,0.000,1.000,0,0,0,4,4,0,0,4,0.0,0.0,0.0,0.0,0.0,1.0,-1
"F[0,2](BGTestAvgNumMeter >= 0.048 & Pt_SHFlg = 0.907)
",-9999999.000,-9999999.000,0.000,0.000,1.000,0,0,0,4,4,0,0,4,0.0,0.0,0.0,0.0,0.0,1.0,-1
"F[1,2](AlbCreatRat_mggNew >= 26.327 & BGTestAvgNumPtRep <= 0.655)
",-9999999.000,-9999999.000,0.000,0.000,1.000,0,0,0,4,4,0,0,4,0.0,0.0,0.0,0.0,0.0,1.0,-1
"F[1,2](LDL >= 29.293 -> Pt_SHFlg = 0.191)
",-9999999.000,-9999999.000,0.000,0.000,1.000,0,0,0,4,4,0,0,4,0.0,0.0,0.0,0.0,0.0,1.0,-1
"F[1,2](TotChol >= 2.669 | bmi <= 29.743)
",-9999999.000,-9999999.000,0.000,0.000,1.000,0,0,0,4,4,0,0,4,0.0,0.0,0.0,0.0,0.0,1.0,-1
"F[2,2](((Pt_CGMUseNumDays <= 0.000 & WeightKg >= 71.672) & HbA1cImputeDtMnC <= 108.649) | Pt_A1cGoalLevelDsYr5 >= 73.569)
",-71.672,-71.672,0.000,0.000,1.000,0,0,0,4,4,0,0,4,0.0,0.0,0.0,0.0,0.0,1.0,-1
"((diagAgeCombo > 19.000) U[0,2] (Pt_SHFlg = 0.715))
",-9999999.000,-9999999.000,0.000,0.000,1.000,0,0,0,4,4,0,0,4,0.0,0.0,0.0,0.0,0.0,1.0,-1
"((diabDur >= 38.080) U[1,2] (diagAgeCombo >= 19.000))
",-9999999.000,-9999999.000,0.000,0.000,1.000,0,0,1,3,3,1,1,3,0.0,0.0,1.0,0.0,0.0,1.0,-1
"F[0,2](((DirectLDL >= 0.060 | BldPrSys >= 122.395) | Pt_CGMUseNumDays >= 114.393) & NumPumpBolusOrShortAct >= 123.277)
",-9999999.000,-9999999.000,0.000,0.000,1.000,0,0,0,4,4,0,0,4,0.0,0.0,0.0,0.0,0.0,1.0,-1
"F[1,2](TSH >= 0.000 -> HbA1c >= 5.511)
",-9999999.000,-9999999.000,0.000,0.000,1.000,0,0,0,4,4,0,0,4,0.0,0.0,0.0,0.0,0.0,1.0,-1
"F[0,0]((Triglyc <= 184.738 & WeightKg >= 14.368) | BGTestAvgNumPtRep >= 58.932)
",-29.772,-14.035,0.000,0.000,1.000,0,0,1,3,3,1,1,3,0.0,0.0,1.0,0.0,0.0,1.0,-1
"F[0,2]((DirectLDL >= 0.089 | AlbCreatRat_mggNew <= 336.097) & BldPrSys >= 149.555)
",-9999999.000,-9999999.000,0.000,0.000,1.000,0,0,0,4,4,0,0,4,0.0,0.0,0.0,0.0,0.0,1.0,-1
"F[1,1](Pt_A1cGoalLev >= 0.000 -> DirectLDL <= 0.261)
",-0.261,-0.261,0.000,0.000,1.000,0,0,1,3,3,1,1,3,0.0,0.0,1.0,0.0,0.0,1.0,-1
"F[0,0]((diabDur <= 40.558 | Pt_A1cGoalLevelDsYr5 >= 0.000) & Pt_InsGov <= 0.000)
",-1.000,-1.000,0.000,0.000,1.000,0,0,1,3,3,1,1,3,0.0,0.0,1.0,0.0,0.0,1.0,-1
"F[0,2]((HDL <= 49.806 & Triglyc >= 42.813) & AutonomicNeuroCl >= 62.115)
",-9999999.000,-9999999.000,0.000,0.000,1.000,0,0,0,4,4,0,0,4,0.0,0.0,0.0,0.0,0.0,1.0,-1
"F[2,2]((BUN >= 21.689 | LDL <= 101.312) & Pt_ChildT1D >= 37.329)
",-37.329,-37.329,0.000,0.000,1.000,0,0,0,4,4,0,0,4,0.0,0.0,0.0,0.0,0.0,1.0,-1
"F[2,2](((Pt_SiblingT1D >= 0.000 | HbA1c >= 5.192) -> TSH >= 5.294) | bmiPerc <= 5.559)
",6258364064507587.000,5.559,0.000,0.000,1.000,0,0,0,4,4,0,0,4,0.0,0.0,0.0,0.0,0.0,1.0,-1
"((HDL >= 20.177) U[2,2] (Pt_SiblingT1D >= 0.000))
",0.000,0.000,0.000,0.000,1.000,0,0,0,4,4,0,0,4,0.0,0.0,0.0,0.0,0.0,1.0,-1
"((DirectLDL <= 0.981) U[2,2] (HeightCm <= 133.027))
",133.027,133.027,0.000,0.000,1.000,0,0,0,4,4,0,0,4,0.0,0.0,0.0,0.0,0.0,1.0,-1
"F[0,2](((BldPrDia <= 74.305 | HbA1cImputeDtMnC <= 50.052) & AlbCreatRat_mggNew <= 59.518) & AutonomicNeuroCl >= 23.881)
",-9999999.000,-9999999.000,0.000,0.000,1.000,0,0,0,4,4,0,0,4,0.0,0.0,0.0,0.0,0.0,1.0,-1
"F[2,2]((HbA1cImputeDtMnC <= 39.911 -> diagAgeCombo <= 19.000) & bmiZscore >= 19.000)
",-39.911,-39.911,0.000,0.000,1.000,0,0,0,4,4,0,0,4,0.0,0.0,0.0,0.0,0.0,1.0,-1
"((BldPrDia >= 66.626) U[1,2] (bmi <= 30.768))
",-9999999.000,-9999999.000,0.000,0.000,1.000,0,0,0,4,4,0,0,4,0.0,0.0,0.0,0.0,0.0,1.0,-1
"((Pt_MotherT1D <= 0.000) U[0,1] (Pt_InsGov <= 0.645))
",-9999999.000,-9999999.000,0.000,0.000,1.000,0,0,1,3,3,1,1,3,0.0,0.0,1.0,0.0,0.0,1.0,-1
"((Pt_A1cGoalLevelDsYr5 >= 0.000) U[0,2] (Pt_SHFlg = 0.471))
",-9999999.000,-9999999.000,0.000,0.000,1.000,0,0,0,4,4,0,0,4,0.0,0.0,0.0,0.0,0.0,1.0,-1
"((AlbCreatRat_mggNew > 225.752) U[2,2] (Pt_SHFlg = 0.341))
",-0.341,-0.341,0.000,0.000,1.000,0,0,0,4,4,0,0,4,0.0,0.0,0.0,0.0,0.0,1.0,-1
"G[2,2](NumPumpBolusOrShortAct > 0.000 -> Pt_SHFlg = 0.754)
",0.000,0.000,0.000,1.000,0.000,0,0,4,0,0,4,4,0,0.0,0.0,1.0,0.0,0.0,1.0,1
"((BGTestAvgNumPtRep <= 1.288) U[2,2] (diabDur <= 42.373))
",42.373,42.373,0.000,0.000,1.000,0,0,0,4,4,0,0,4,0.0,0.0,0.0,0.0,0.0,1.0,-1
"G[0,2]((GFR <= 45.126 | HDL >= 32.644) | HbA1cImputeDtMnC >= 10.912)
",9999999.000,9999999.000,0.000,1.000,0.000,0,0,4,0,0,4,4,0,0.0,0.0,1.0,0.0,0.0,1.0,1
"F[2,2](diabDur >= 39.893 -> WeightKg <= 90.576)
",-90.576,-90.576,0.000,0.000,1.000,0,0,0,4,4,0,0,4,0.0,0.0,0.0,0.0,0.0,1.0,-1
"F[1,2]((Pt_MotherT1D >= 0.000 & age <= 62.114) & TSH >= 57.824)
",-9999999.000,-9999999.000,0.000,0.000,1.000,0,0,0,4,4,0,0,4,0.0,0.0,0.0,0.0,0.0,1.0,-1
"F[1,2](((HbA1c >= 5.268 & Pt_ChildT1D >= 0.000) -> Pt_A1cGoalLev >= 0.000) & HbA1c <= 0.000)
",-9999999.000,-9999999.000,0.000,0.000,1.000,0,0,0,4,4,0,0,4,0.0,0.0,0.0,0.0,0.0,1.0,-1
"((Pt_InsGov >= 0.332) U[2,2] (Pt_SHFlg = 0.472))
",-0.332,-0.332,0.000,0.000,1.000,0,0,0,4,4,0,0,4,0.0,0.0,0.0,0.0,0.0,1.0,-1
"F[0,2](Pt_GrandchildT1D > 0.000 & Pt_SHFlg = 0.942)
",-9999999.000,-9999999.000,0.000,0.000,1.000,0,0,0,4,4,0,0,4,0.0,0.0,0.0,0.0,0.0,1.0,-1
"F[1,2](Pt_ChildT1D <= 0.000 -> Pt_SHFlg = 0.103)
",-9999999.000,-9999999.000,0.000,0.000,1.000,0,0,0,4,4,0,0,4,0.0,0.0,0.0,0.0,0.0,1.0,-1
"((Pt_FatherT1D > 0.000) U[1,2] (Pt_SHFlg = 0.654))
",-9999999.000,-9999999.000,0.000,0.000,1.000,0,0,0,4,4,0,0,4,0.0,0.0,0.0,0.0,0.0,1.0,-1
"F[2,2](Pt_FatherT1D >= 0.000 | BGTestAvgNumMeter <= 0.493)
",0.493,0.493,0.000,0.000,1.000,0,0,0,4,4,0,0,4,0.0,0.0,0.0,0.0,0.0,1.0,-1
"F[2,2](((Pt_MotherT1D >= 0.000 | HbA1c <= 6.134) | AutonomicNeuroCl >= 5.153) | Pt_MotherT1D >= 5.231)
",6.134,6.134,0.000,0.000,1.000,0,0,0,4,4,0,0,4,0.0,0.0,0.0,0.0,0.0,1.0,-1
"((Pt_A1cGoalLevelDsYr5 >= 0.000) U[2,2] (AlbCreatRat_mggNew <= 313.897))
",313.897,313.897,0.000,0.000,1.000,0,0,0,4,4,0,0,4,0.0,0.0,0.0,0.0,0.0,1.0,-1
"((bmiZscore <= 0.736) U[1,2] (Pt_SHFlg = 0.574))
",-9999999.000,-9999999.000,0.000,0.000,1.000,0,0,0,4,4,0,0,4,0.0,0.0,0.0,0.0,0.0,1.0,-1
"((GFR >= 16.185) U[1,2] (Pt_InsGov >= 0.258))
",-9999999.000,-9999999.000,0.000,0.000,1.000,0,0,1,3,3,1,1,3,0.0,0.0,1.0,0.0,0.0,1.0,-1
"F[2,2]((Pt_CGMUseNumDays >= 0.000 | BGTestAvgNumPtRep <= 1.145) & NumPumpBolusOrShortAct <= 0.858)
",0.858,0.858,0.000,0.000,1.000,0,0,0,4,4,0,0,4,0.0,0.0,0.0,0.0,0.0,1.0,-1
"((Pt_A1cGoalLevelDsYr5 >= 0.000) U[2,2] (SMBGperDayPtMeterCombo <= 0.477))
",0.477,0.477,0.000,0.000,1.000,0,0,0,4,4,0,0,4,0.0,0.0,0.0,0.0,0.0,1.0,-1
"F[1,2](((diabDur <= 40.009 -> AlbCreatRat_mggNew <= 356.816) & bmi >= 156.141) & TSH <= 422.500)
",-9999999.000,-9999999.000,0.000,0.000,1.000,0,0,0,4,4,0,0,4,0.0,0.0,0.0,0.0,0.0,1.0,-1
"F[2,2](HbA1c >= 5.228 -> Pt_A1cGoalLevelDsYr5 = 0.000)
",0.000,0.000,0.000,0.000,1.000,0,0,0,4,4,0,0,4,0.0,0.0,0.0,0.0,0.0,1.0,-1
"F[2,2](((GFR <= 30.899 & WeightKg >= 5.499) | NumPumpBolusOrShortAct >= 4.886) & LDL >= 57.641)
",-57.641,-57.641,0.000,0.000,1.000,0,0,0,4,4,0,0,4,0.0,0.0,0.0,0.0,0.0,1.0,-1
"((BGTestAvgNumMeter >= 0.082) U[2,2] (BGTestAvgNumPtRep <= 1.631))
",7346501884544315.000,1.631,0.000,0.000,1.000,0,0,0,4,4,0,0,4,0.0,0.0,0.0,0.0,0.0,1.0,-1
"F[1,2]((HbA1cImputeDtMnC <= 58.636 | age >= 59.894) & DirectLDL >= 58.405)
",-9999999.000,-9999999.000,0.000,0.000,1.000,0,0,0,4,4,0,0,4,0.0,0.0,0.0,0.0,0.0,1.0,-1
"F[2,2](bmi > 12.541 & Pt_SHFlg = 0.810)
",-12.541,-12.541,0.000,0.000,1.000,0,0,0,4,4,0,0,4,0.0,0.0,0.0,0.0,0.0,1.0,-1
"F[2,2](TotalDailyInsPerKg >= 0.000 & Pt_ChildT1D <= 0.000)
",0.000,0.000,0.000,0.000,1.000,0,0,0,4,4,0,0,4,0.0,0.0,0.0,0.0,0.0,1.0,-1
"F[2,2](BldPrSys > 123.185 -> Pt_SHFlg = 0.495)
",0.495,0.495,0.000,0.000,1.000,0,0,0,4,4,0,0,4,0.0,0.0,0.0,0.0,0.0,1.0,-1
"((BGTestAvgNumMeter >= 0.123) U[0,0] (BGTestAvgNumPtRep <= 1.002))
",1.418,0.668,0.000,0.000,1.000,0,0,1,3,3,1,1,3,0.0,0.0,1.0,0.0,0.0,1.0,-1
"((BUN >= 22.978) U[0,1] (GFR >= 13.016))
",-9999999.000,-9999999.000,0.000,0.000,1.000,0,0,1,3,3,1,1,3,0.0,0.0,1.0,0.0,0.0,1.0,-1
"((age >= 58.874) U[0,2] (LDL <= 73.318))
",-9999999.000,-9999999.000,0.000,0.000,1.000,0,0,0,4,4,0,0,4,0.0,0.0,0.0,0.0,0.0,1.0,-1
"F[0,1]((HbA1cImputeDtMnC <= 64.451 -> LDL <= 72.618) | AutonomicNeuroCl >= 54.572)
",-9999999.000,-9999999.000,0.000,0.000,1.000,0,0,1,3,3,1,1,3,0.0,0.0,1.0,0.0,0.0,1.0,-1
"((Pt_A1cGoalLevelDsYr5 <= 0.000) U[1,2] (BldPrSys >= 123.113))
",-9999999.000,-9999999.000,0.000,0.000,1.000,0,0,0,4,4,0,0,4,0.0,0.0,0.0,0.0,0.0,1.0,-1
"F[1,2](((HbA1c >= 5.279 & HbA1cImputeDtMnC <= 60.674) | BUN <= 55.558) -> NumPumpBolusOrShortAct >= 1.075)
",-9999999.000,-9999999.000,0.000,0.000,1.000,0,0,0,4,4,0,0,4,0.0,0.0,0.0,0.0,0.0,1.0,-1
"F[0,0]((AlbCreatRat_mggNew <= 472.920 -> Pt_SHFlg <= 0.473) | BGTestAvgNumMeter >= 0.090)
",-0.090,-0.090,0.000,0.000,1.000,0,0,1,3,3,1,1,3,0.0,0.0,1.0,0.0,0.0,1.0,-1
"F[1,2](((Pt_A1cGoalLev <= 0.000 -> BGTestAvgNumPtRep >= 0.235) | diagAgeCombo >= 0.252) & AlbCreatRat_mggNew <= 1.846)
",-9999999.000,-9999999.000,0.000,0.000,1.000,0,0,0,4,4,0,0,4,0.0,0.0,0.0,0.0,0.0,1.0,-1
"F[2,2](diabDur >= 39.939 & Pt_A1cGoalLev >= 0.000)
",-39.939,-39.939,0.000,0.000,1.000,0,0,0,4,4,0,0,4,0.0,0.0,0.0,0.0,0.0,1.0,-1
"F[2,2]((BldPrSys <= 137.260 -> Pt_InsGov <= 0.649) & SMBGperDayPtMeterCombo <= 0.992)
",-137.260,-137.260,0.000,0.000,1.000,0,0,0,4,4,0,0,4,0.0,0.0,0.0,0.0,0.0,1.0,-1
"F[1,2](((age >= 58.016 | BUN <= 27.593) & BUN <= 28.828) & Pt_CGMUseNumDays <= 26.315)
",-9999999.000,-9999999.000,0.000,0.000,1.000,0,0,0,4,4,0,0,4,0.0,0.0,0.0,0.0,0.0,1.0,-1
"F[1,2](((GFR >= 17.491 -> Pt_A1cGoalLev >= 0.000) -> TotChol <= 0.000) & age <= 0.000)
",-9999999.000,-9999999.000,0.000,0.000,1.000,0,0,0,4,4,0,0,4,0.0,0.0,0.0,0.0,0.0,1.0,-1
"F[0,2]((BGTestAvgNumPtRep >= 0.118 -> WeightKg <= 99.694) & UnitsInsBasalOrLongAct >= 34.247)
",-9999999.000,-9999999.000,0.000,0.000,1.000,0,0,0,4,4,0,0,4,0.0,0.0,0.0,0.0,0.0,1.0,-1
"F[2,2](diabDur >= 39.822 & Pt_CGMUseNumDays <= 0.000)
",-39.822,-39.822,0.000,0.000,1.000,0,0,0,4,4,0,0,4,0.0,0.0,0.0,0.0,0.0,1.0,-1
"F[1,2](BGTestAvgNumMeter <= 0.342 & TotalDailyInsPerKg <= 0.000)
",-9999999.000,-9999999.000,0.000,0.000,1.000,0,0,0,4,4,0,0,4,0.0,0.0,0.0,0.0,0.0,1.0,-1
"((LDL <= 73.483) U[1,2] (Pt_SHFlg >= 0.130))
",-9999999.000,-9999999.000,0.000,0.000,1.000,0,0,0,4,4,0,0,4,0.0,0.0,0.0,0.0,0.0,1.0,-1
"F[2,2](((Pt_FatherT1D <= 0.000 & bmi >= 9.474) -> TotChol >= 9.475) & HbA1cImputeDtMnC <= 30.973)
",9.474,9.474,0.000,0.000,1.000,0,0,0,4,4,0,0,4,0.0,0.0,0.0,0.0,0.0,1.0,-1
"F[1,1](BldPrSys >= 124.642 & Triglyc >= 41.029)
",-8770930391290237.000,-124.642,0.000,0.000,1.000,0,0,1,3,3,1,1,3,0.0,0.0,1.0,0.0,0.0,1.0,-1
"F[1,2]((BldPrDia <= 76.471 -> Pt_DKAFlg >= 0.000) -> BldPrSys <= 0.000)
",-9999999.000,-9999999.000,0.000,0.000,1.000,0,0,0,4,4,0,0,4,0.0,0.0,0.0,0.0,0.0,1.0,-1
"F[0,0](((bmiZscore >= 0.271 -> SMBGperDayPtMeterCombo >= 0.335) -> Pt_GrandchildT1D <= 1.627) & SMBGperDayPtMeterCombo <= 1.787)
",-19.282,-65.547,0.000,0.000,1.000,0,0,1,3,3,1,1,3,0.0,0.0,1.0,0.0,0.0,1.0,-1
"((BldPrSys <= 137.954) U[1,2] (Pt_A1cGoalLev <= 0.000))
",-9999999.000,-9999999.000,0.000,0.000,1.000,0,0,1,3,3,1,1,3,0.0,0.0,1.0,0.0,0.0,1.0,-1
"F[2,2](((Pt_CGMUseNumDays >= 0.000 & Pt_InsGov <= 0.728) & SMBGperDayPtMeterCombo <= 0.878) -> Pt_MotherT1D >= 0.147)
",0.000,0.000,0.000,0.000,1.000,0,0,0,4,4,0,0,4,0.0,0.0,0.0,0.0,0.0,1.0,-1
"F[0,2]((BldPrDia <= 70.576 | AutonomicNeuroCl >= 1.000) & Pt_ChildT1D >= 1.000)
",-9999999.000,-9999999.000,0.000,0.000,1.000,0,0,0,4,4,0,0,4,0.0,0.0,0.0,0.0,0.0,1.0,-1
"((HbA1cImputeDtMnC >= 17.831) U[0,2] (Pt_InsGov <= 0.783))
",-9999999.000,-9999999.000,0.000,0.000,1.000,0,0,0,4,4,0,0,4,0.0,0.0,0.0,0.0,0.0,1.0,-1
"((AutonomicNeuroCl >= 1.000) U[2,2] (BUN <= 27.768))
",27.768,27.768,0.000,0.000,1.000,0,0,0,4,4,0,0,4,0.0,0.0,0.0,0.0,0.0,1.0,-1
"F[0,2]((SMBGperDayPtMeterCombo >= 0.152 -> Triglyc >= 44.799) & HbA1c >= 42.835)
",-9999999.000,-9999999.000,0.000,0.000,1.000,0,0,0,4,4,0,0,4,0.0,0.0,0.0,0.0,0.0,1.0,-1
"F[2,2](((DirectLDL >= 0.051 | HbA1c <= 5.741) & Pt_InsGov <= 5.897) | HbA1c <= 6.082)
",6.082,6.082,0.000,0.000,1.000,0,0,0,4,4,0,0,4,0.0,0.0,0.0,0.0,0.0,1.0,-1
"((bmi >= 9.966) U[0,2] (HbA1c >= 5.443))
",-9999999.000,-9999999.000,0.000,0.000,1.000,0,0,0,4,4,0,0,4,0.0,0.0,0.0,0.0,0.0,1.0,-1
"F[2,2]((NumPumpBolusOrShortAct <= 0.000 | Pt_A1cGoalLevelDsYr5 <= 0.000) | Pt_FatherT1D <= 0.000)
",0.000,0.000,0.000,0.000,1.000,0,0,0,4,4,0,0,4,0.0,0.0,0.0,0.0,0.0,1.0,-1
"((bmiPerc <= 0.000) U[2,2] (bmiZscore <= 0.735))
",0.735,0.735,0.000,0.000,1.000,0,0,0,4,4,0,0,4,0.0,0.0,0.0,0.0,0.0,1.0,-1
"F[2,2](((LDL <= 64.597 | Pt_InsGov >= 0.289) -> AlbCreatRat_mggNew >= 0.213) -> Pt_MotherT1D <= 0.797)
",-7180424320760573.000,-0.797,0.000,0.000,1.000,0,0,0,4,4,0,0,4,0.0,0.0,0.0,0.0,0.0,1.0,-1
"((Pt_DKAFlg <= 0.000) U[2,2] (Pt_SiblingT1D <= 0.000))
",0.000,0.000,0.000,0.000,1.000,0,0,0,4,4,0,0,4,0.0,0.0,0.0,0.0,0.0,1.0,-1
"F[2,2](bmiZscore >= 0.196 -> HeightCm <= 150.643)
",-150.643,-150.643,0.000,0.000,1.000,0,0,0,4,4,0,0,4,0.0,0.0,0.0,0.0,0.0,1.0,-1
"F[2,2]((diagAgeCombo <= 19.000 & HbA1cImputeDtMnC >= 15.554) & HbA1c <= 66.059)
",-15.554,-15.554,0.000,0.000,1.000,0,0,0,4,4,0,0,4,0.0,0.0,0.0,0.0,0.0,1.0,-1
"F[2,2]((UnitsInsBasalOrLongAct <= 0.000 & Pt_SiblingT1D >= 0.000) & DirectLDL <= 0.000)
",0.000,0.000,0.000,0.000,1.000,0,0,0,4,4,0,0,4,0.0,0.0,0.0,0.0,0.0,1.0,-1
"F[0,2]((BldPrSys >= 110.895 & bmiZscore >= 0.045) & Pt_FatherT1D >= 0.224)
",-9999999.000,-9999999.000,0.000,0.000,1.000,0,0,0,4,4,0,0,4,0.0,0.0,0.0,0.0,0.0,1.0,-1
"((Pt_InsGov >= 0.024) U[0,0] (SMBGperDayPtMeterCombo <= 1.432))
",0.976,0.976,0.000,0.000,1.000,0,0,1,3,3,1,1,3,0.0,0.0,1.0,0.0,0.0,1.0,-1
"((BUN >= 20.672) U[1,2] (Pt_SHFlg >= 0.048))
",-9999999.000,-9999999.000,0.000,0.000,1.000,0,0,0,4,4,0,0,4,0.0,0.0,0.0,0.0,0.0,1.0,-1
"F[1,2](((LDL <= 96.185 | LDL <= 74.999) -> WeightKg <= 100.985) & Pt_InsGov >= 13.599)
",-9999999.000,-9999999.000,0.000,0.000,1.000,0,0,0,4,4,0,0,4,0.0,0.0,0.0,0.0,0.0,1.0,-1
"((BGTestAvgNumMeter >= 0.118) U[2,2] (BGTestAvgNumPtRep <= 1.065))
",1.065,1.065,0.000,0.000,1.000,0,0,0,4,4,0,0,4,0.0,0.0,0.0,0.0,0.0,1.0,-1
"F[2,2](HbA1c >= 5.397 & Pt_SHFlg <= 0.488)
",-5.397,-5.397,0.000,0.000,1.000,0,0,0,4,4,0,0,4,0.0,0.0,0.0,0.0,0.0,1.0,-1
"F[0,0](BGTestAvgNumMeter >= 0.103 | Pt_SHFlg <= 0.599)
",-0.103,-0.103,0.000,0.000,1.000,0,0,1,3,3,1,1,3,0.0,0.0,1.0,0.0,0.0,1.0,-1
"F[2,2](Pt_GrandchildT1D <= 0.000 | HbA1c >= 5.411)
",0.000,0.000,0.000,0.000,1.000,0,0,0,4,4,0,0,4,0.0,0.0,0.0,0.0,0.0,1.0,-1
"F[2,2](((Pt_GrandparentT1D >= 0.000 & TotChol >= 2.281) & TotChol >= 12.281) & BldPrDia >= 5.050)
",-12.281,-12.281,0.000,0.000,1.000,0,0,0,4,4,0,0,4,0.0,0.0,0.0,0.0,0.0,1.0,-1
"F[0,2](((bmiPerc <= 0.000 & LDL <= 60.658) & UnitsInsBasalOrLongAct <= 102.042) & HbA1c <= 92.852)
",-9999999.000,-9999999.000,0.000,0.000,1.000,0,0,0,4,4,0,0,4,0.0,0.0,0.0,0.0,0.0,1.0,-1
"((bmiZscore >= 0.187) U[0,0] (LDL <= 103.457))
",103.457,103.457,0.000,0.000,1.000,0,0,1,3,3,1,1,3,0.0,0.0,1.0,0.0,0.0,1.0,-1
"F[2,2](((BUN <= 26.404 & Triglyc >= 60.675) -> Pt_DKAFlg >= 49.473) & Pt_A1cGoalLev <= 164.015)
",49.473,49.473,0.000,0.000,1.000,0,0,0,4,4,0,0,4,0.0,0.0,0.0,0.0,0.0,1.0,-1
"F[2,2](((bmiZscore <= 0.655 | DirectLDL <= 0.469) -> Pt_InsGov >= 0.000) | HbA1c <= 0.361)
",0.361,0.361,0.000,0.000,1.000,0,0,0,4,4,0,0,4,0.0,0.0,0.0,0.0,0.0,1.0,-1
"((BldPrDia <= 75.934) U[0,0] (Pt_InsGov <= 0.504))
",-8936872509850699.000,-0.496,0.000,0.000,1.000,0,0,1,3,3,1,1,3,0.0,0.0,1.0,0.0,0.0,1.0,-1
"F[1,2](HeightCm <= 149.630 & Triglyc <= 123.964)
",-9999999.000,-9999999.000,0.000,0.000,1.000,0,0,0,4,4,0,0,4,0.0,0.0,0.0,0.0,0.0,1.0,-1
"F[1,2]((DirectLDL <= 0.898 & SMBGperDayPtMeterCombo >= 0.349) & UnitsInsBasalOrLongAct >= 0.348)
",-9999999.000,-9999999.000,0.000,0.000,1.000,0,0,0,4,4,0,0,4,0.0,0.0,0.0,0.0,0.0,1.0,-1
"((TotChol <= 38.724) U[0,1] (SMBGperDayPtMeterCombo <= 0.698))
",-9999999.000,-9999999.000,0.000,0.000,1.000,0,0,1,3,3,1,1,3,0.0,0.0,1.0,0.0,0.0,1.0,-1
"((AlbCreatRat_mggNew >= 299.185) U[0,2] (GFR >= 0.757))
",-9999999.000,-9999999.000,0.000,0.000,1.000,0,0,0,4,4,0,0,4,0.0,0.0,0.0,0.0,0.0,1.0,-1
"F[1,2](SMBGperDayPtMeterCombo <= 0.867 & TotChol <= 60.909)
",-9999999.000,-9999999.000,0.000,0.000,1.000,0,0,0,4,4,0,0,4,0.0,0.0,0.0,0.0,0.0,1.0,-1
"((GFR >= 0.238) U[2,2] (SMBGperDayPtMeterCombo >= 0.394))
",-0.238,-0.238,0.000,0.000,1.000,0,0,0,4,4,0,0,4,0.0,0.0,0.0,0.0,0.0,1.0,-1
"F[0,2](((BldPrSys >= 110.671 -> TotChol >= 18.740) | Pt_InsGov >= 14.332) & DirectLDL >= 17.303)
",-9999999.000,-9999999.000,0.000,0.000,1.000,0,0,0,4,4,0,0,4,0.0,0.0,0.0,0.0,0.0,1.0,-1
"G[1,2](((BldPrDia <= 73.058 -> GFR >= 9.574) -> HDL <= 34.410) & bmiPerc <= 34.842)
",9999999.000,9999999.000,0.000,1.000,0.000,0,0,3,1,1,3,3,1,0.0,0.0,1.0,0.0,0.0,1.0,1
"G[0,2]((bmiZscore <= 0.411 & HDL <= 58.970) | DirectLDL <= 65.755)
",9999999.000,9999999.000,0.000,1.000,0.000,0,0,4,0,0,4,4,0,0.0,0.0,1.0,0.0,0.0,1.0,1
"G[2,2]((HbA1cImputeDtMnC >= 29.994 & HeightCm >= 122.705) & Pt_SiblingT1D >= 76.053)
",-122.705,-122.705,0.000,1.000,0.000,0,0,4,0,0,4,4,0,0.0,0.0,1.0,0.0,0.0,1.0,1
"G[1,2](HbA1c <= 5.810 | TotChol >= 8.628)
",9999999.000,9999999.000,0.000,1.000,0.000,0,0,4,0,0,4,4,0,0.0,0.0,1.0,0.0,0.0,1.0,1
"G[2,2](((bmiZscore <= 0.576 -> diabDur <= 40.741) | BldPrSys <= 41.373) & age >= 39.413)
",-39.413,-39.413,0.000,1.000,0.000,0,0,4,0,0,4,4,0,0.0,0.0,1.0,0.0,0.0,1.0,1
"G[1,2](Triglyc >= 14.071 -> BldPrSys <= 128.724)
",9999999.000,9999999.000,0.000,1.000,0.000,0,0,2,2,2,2,2,2,0.0,0.0,1.0,0.0,0.0,1.0,1
"G[1,2](((DirectLDL >= 0.130 | BUN >= 19.129) -> HbA1cImputeDtMnC >= 23.795) -> GFR <= 27.017)
",9999999.000,9999999.000,0.000,1.000,0.000,0,0,3,1,1,3,3,1,0.0,0.0,1.0,0.0,0.0,1.0,1
"G[2,2]((BUN <= 28.214 | BUN >= 20.877) | BldPrSys >= 19.012)
",28.214,28.214,0.000,1.000,0.000,0,0,4,0,0,4,4,0,0.0,0.0,1.0,0.0,0.0,1.0,1
"G[0,2](Pt_MotherT1D >= 0.000 | age <= 62.678)
",9999999.000,9999999.000,0.000,1.000,0.000,0,0,4,0,0,4,4,0,0.0,0.0,1.0,0.0,0.0,1.0,1
"G[1,2](((Pt_InsGov >= 0.258 & HbA1cImputeDtMnC >= 9.106) & BGTestAvgNumPtRep >= 31.389) -> Pt_CGMUseNumDays >= 18.414)
",9999999.000,9999999.000,0.000,1.000,0.000,0,0,4,0,0,4,4,0,0.0,0.0,1.0,0.0,0.0,1.0,1
"G[1,2](((Pt_InsGov <= 0.651 & BldPrSys <= 125.153) | Pt_A1cGoalLev >= 121.155) -> BUN >= 118.028)
",9999999.000,9999999.000,0.000,1.000,0.000,0,0,4,0,0,4,4,0,0.0,0.0,1.0,0.0,0.0,1.0,1
"G[2,2](((LDL <= 81.024 & Pt_SHFlg >= 0.051) & Pt_GrandchildT1D >= 0.123) -> NumPumpBolusOrShortAct <= 0.386)
",-6946457219200515.000,-0.386,0.000,1.000,0.000,0,0,4,0,0,4,4,0,0.0,0.0,1.0,0.0,0.0,1.0,1
"G[0,2](((Pt_CGMUseNumDays >= 0.000 | diabDur >= 37.370) & NumPumpBolusOrShortAct >= 38.048) -> Pt_DKAFlg >= 39.442)
",9999999.000,9999999.000,0.000,1.000,0.000,0,0,4,0,0,4,4,0,0.0,0.0,1.0,0.0,0.0,1.0,1
"G[0,2](NumPumpBolusOrShortAct <= 0.000 | DirectLDL <= 0.372)
",9999999.000,9999999.000,0.000,1.000,0.000,0,0,4,0,0,4,4,0,0.0,0.0,1.0,0.0,0.0,1.0,1
"G[2,2](((Pt_DKAFlg <= 0.000 | NumPumpBolusOrShortAct <= 0.000) & Pt_FatherT1D <= 0.000) | HbA1c <= 0.000)
",0.000,0.000,0.000,1.000,0.000,0,0,4,0,0,4,4,0,0.0,0.0,1.0,0.0,0.0,1.0,1
"G[1,2](((AlbCreatRat_mggNew >= 291.872 | BGTestAvgNumPtRep <= 1.255) | Pt_ChildT1D <= 1.090) & SMBGperDayPtMeterCombo >= 0.191)
",9999999.000,9999999.000,0.000,1.000,0.000,0,0,2,2,2,2,2,2,0.0,0.0,1.0,0.0,0.0,1.0,1
"G[0,1](((bmi >= 19.673 & SMBGperDayPtMeterCombo <= 1.563) -> LDL >= 0.237) | AlbCreatRat_mggNew <= 0.581)
",9999999.000,9999999.000,0.000,1.000,0.000,0,0,2,2,2,2,2,2,0.0,0.0,1.0,0.0,0.0,1.0,1
"G[0,2](((DirectLDL <= 0.187 | Triglyc <= 74.160) -> UnitsInsBasalOrLongAct <= 76.998) -> LDL >= 37.423)
",9999999.000,9999999.000,0.000,1.000,0.000,0,0,2,2,2,2,2,2,0.0,0.0,1.0,0.0,0.0,1.0,1
"G[0,2](((BldPrSys >= 114.201 -> bmi <= 24.740) | Pt_GrandchildT1D <= 25.487) & HDL >= 3.913)
",9999999.000,9999999.000,0.000,1.000,0.000,0,0,2,2,2,2,2,2,0.0,0.0,1.0,0.0,0.0,1.0,1
"G[1,2](GFR <= 41.945 -> BUN >= 22.143)
",9999999.000,9999999.000,0.000,1.000,0.000,0,0,3,1,1,3,3,1,0.0,0.0,1.0,0.0,0.0,1.0,1
"G[0,2](((BldPrSys <= 137.402 & HbA1c <= 6.527) | GFR >= 5.242) -> Pt_SiblingT1D <= 5.859)
",9999999.000,9999999.000,0.000,1.000,0.000,0,0,4,0,0,4,4,0,0.0,0.0,1.0,0.0,0.0,1.0,1
"G[2,2]((Pt_InsGov <= 0.543 | SMBGperDayPtMeterCombo >= 0.379) | Pt_CGMUseNumDays >= 0.179)
",0.543,0.543,0.000,1.000,0.000,0,0,4,0,0,4,4,0,0.0,0.0,1.0,0.0,0.0,1.0,1
"G[1,2](((HeightCm >= 58.630 | Pt_SHFlg >= 0.029) | BUN >= 0.100) | HbA1cImputeDtMnC <= 0.934)
",9999999.000,9999999.000,0.000,1.000,0.000,0,0,4,0,0,4,4,0,0.0,0.0,1.0,0.0,0.0,1.0,1
"G[1,2]((bmiZscore <= 0.354 & GFR <= 27.310) -> Pt_GrandchildT1D <= 40.681)
",9999999.000,9999999.000,0.000,1.000,0.000,0,0,4,0,0,4,4,0,0.0,0.0,1.0,0.0,0.0,1.0,1
"G[1,2](HDL <= 68.280 & WeightKg >= 6.081)
",9999999.000,9999999.000,0.000,1.000,0.000,0,0,3,1,1,3,3,1,0.0,0.0,1.0,0.0,0.0,1.0,1
"G[2,2](((BldPrSys >= 112.214 | GFR <= 30.622) & HbA1cImputeDtMnC >= 20.595) | AutonomicNeuroCl <= 27.757)
",27.757,27.757,0.000,1.000,0.000,0,0,4,0,0,4,4,0,0.0,0.0,1.0,0.0,0.0,1.0,1
"G[0,2](((BUN <= 27.513 & WeightKg <= 101.997) -> BUN <= 109.077) -> BldPrSys >= 16.351)
",9999999.000,9999999.000,0.000,1.000,0.000,0,0,4,0,0,4,4,0,0.0,0.0,1.0,0.0,0.0,1.0,1
"G[2,2](HDL <= 70.655 & Pt_SHFlg = 0.711)
",-0.711,-0.711,0.000,1.000,0.000,0,0,4,0,0,4,4,0,0.0,0.0,1.0,0.0,0.0,1.0,1
"G[1,2]((Pt_SHFlg >= 0.081 -> Pt_DKAFlg <= 0.000) & Pt_InsGov >= 0.000)
",9999999.000,9999999.000,0.000,1.000,0.000,0,0,4,0,0,4,4,0,0.0,0.0,1.0,0.0,0.0,1.0,1
"G[1,2]((Pt_SiblingT1D >= 0.000 | Pt_A1cGoalLevelDsYr5 >= 0.000) | HDL <= 0.000)
",9999999.000,9999999.000,0.000,1.000,0.000,0,0,4,0,0,4,4,0,0.0,0.0,1.0,0.0,0.0,1.0,1
"G[1,2]((WeightKg <= 97.604 | Pt_FatherT1D >= 0.000) -> Pt_DKAFlg >= 0.000)
",9999999.000,9999999.000,0.000,1.000,0.000,0,0,4,0,0,4,4,0,0.0,0.0,1.0,0.0,0.0,1.0,1
"G[2,2]((Pt_FatherT1D <= 0.000 -> diagAgeCombo <= 19.000) | HbA1c >= 19.000)
",-19.000,-19.000,0.000,1.000,0.000,0,0,4,0,0,4,4,0,0.0,0.0,1.0,0.0,0.0,1.0,1
"G[0,2](TotalDailyInsPerKg < 0.000 -> Pt_SHFlg = 0.425)
",9999999.000,9999999.000,0.000,1.000,0.000,0,0,4,0,0,4,4,0,0.0,0.0,1.0,0.0,0.0,1.0,1
"G[0,2](Pt_GrandparentT1D > 0.000 -> Pt_SHFlg = 0.129)
",9999999.000,9999999.000,0.000,1.000,0.000,0,0,4,0,0,4,4,0,0.0,0.0,1.0,0.0,0.0,1.0,1
"G[0,0]((Pt_InsGov >= 0.022 & WeightKg <= 106.452) & TotChol <= 79.667)
",0.978,0.978,0.000,1.000,0.000,0,0,1,3,3,1,1,3,0.0,0.0,1.0,0.0,0.0,1.0,1
"G[0,2]((HbA1c >= 5.221 -> DirectLDL <= 0.659) | NumPumpBolusOrShortAct >= 0.050)
",9999999.000,9999999.000,0.000,1.000,0.000,0,0,4,0,0,4,4,0,0.0,0.0,1.0,0.0,0.0,1.0,1
"G[1,1](SMBGperDayPtMeterCombo >= 0.033 & BGTestAvgNumPtRep >= 0.009)
",-0.033,-0.033,0.000,1.000,0.000,0,0,2,2,2,2,2,2,0.0,0.0,1.0,0.0,0.0,1.0,1
"G[2,2](((Pt_GrandchildT1D <= 0.000 | age <= 61.157) & Pt_ChildT1D >= 58.025) | HbA1c <= 61.326)
",8630927156351147.000,61.326,0.000,1.000,0.000,0,0,4,0,0,4,4,0,0.0,0.0,1.0,0.0,0.0,1.0,1
"G[0,2]((diabDur <= 41.666 -> TotChol <= 132.147) | TotalDailyInsPerKg >= 2.482)
",9999999.000,9999999.000,0.000,1.000,0.000,0,0,4,0,0,4,4,0,0.0,0.0,1.0,0.0,0.0,1.0,1
"G[2,2](age >= 58.488 | Pt_SHFlg <= 0.831)
",7483915225785781.000,0.831,0.000,1.000,0.000,0,0,4,0,0,4,4,0,0.0,0.0,1.0,0.0,0.0,1.0,1
"G[0,2]((SMBGperDayPtMeterCombo <= 0.826 | Pt_MotherT1D >= 0.000) | diagAgeCombo >= 0.000)
",9999999.000,9999999.000,0.000,1.000,0.000,0,0,4,0,0,4,4,0,0.0,0.0,1.0,0.0,0.0,1.0,1
"G[0,2](((TotChol <= 96.839 -> Triglyc >= 47.203) & TotChol >= 48.733) -> HeightCm <= 135.499)
",9999999.000,9999999.000,0.000,1.000,0.000,0,0,3,1,1,3,3,1,0.0,0.0,1.0,0.0,0.0,1.0,1
"G[2,2](((BGTestAvgNumPtRep <= 0.772 | bmiPerc >= 0.000) -> BUN >= 0.000) & SMBGperDayPtMeterCombo <= 0.000)
",-6952500262841011.000,-0.772,0.000,1.000,0.000,0,0,4,0,0,4,4,0,0.0,0.0,1.0,0.0,0.0,1.0,1
"G[1,1](TotalDailyInsPerKg >= 0.000 -> BGTestAvgNumPtRep >= 0.401)
",0.000,0.000,0.000,1.000,0.000,0,0,2,2,2,2,2,2,0.0,0.0,1.0,0.0,0.0,1.0,1
"G[2,2](Pt_GrandchildT1D <= 0.000 | HbA1cImputeDtMnC >= 3.787)
",0.000,0.000,0.000,1.000,0.000,0,0,4,0,0,4,4,0,0.0,0.0,1.0,0.0,0.0,1.0,1
"G[1,2](((AutonomicNeuroCl >= 1.000 -> UnitsInsBasalOrLongAct >= 0.000) -> HDL >= 0.000) | diabDur <= 0.000)
",9999999.000,9999999.000,0.000,1.000,0.000,0,0,4,0,0,4,4,0,0.0,0.0,1.0,0.0,0.0,1.0,1
"G[0,2](HbA1cImputeDtMnC >= 2.333 | TotalDailyInsPerKg <= 0.000)
",9999999.000,9999999.000,0.000,1.000,0.000,0,0,4,0,0,4,4,0,0.0,0.0,1.0,0.0,0.0,1.0,1
"G[1,2](DirectLDL >= 0.141 | HbA1cImputeDtMnC >= 27.574)
",9999999.000,9999999.000,0.000,1.000,0.000,0,0,4,0,0,4,4,0,0.0,0.0,1.0,0.0,0.0,1.0,1
"G[1,2]((Pt_GrandparentT1D <= 0.000 & BldPrSys >= 122.356) -> NumPumpBolusOrShortAct >= 118.707)
",9999999.000,9999999.000,0.000,1.000,0.000,0,0,2,2,2,2,2,2,0.0,0.0,1.0,0.0,0.0,1.0,1
"G[1,2]((bmiZscore >= 0.221 & Pt_GrandchildT1D <= 0.000) -> AutonomicNeuroCl >= 0.000)
",9999999.000,9999999.000,0.000,1.000,0.000,0,0,4,0,0,4,4,0,0.0,0.0,1.0,0.0,0.0,1.0,1
"G[1,2](BGTestAvgNumMeter <= 0.796 | BGTestAvgNumPtRep >= 0.206)
",9999999.000,9999999.000,0.000,1.000,0.000,0,0,4,0,0,4,4,0,0.0,0.0,1.0,0.0,0.0,1.0,1
"G[2,2](((GFR <= 35.351 -> TSH >= 0.000) | Pt_CGMUseNumDays >= 0.000) | DirectLDL <= 0.000)
",0.000,0.000,0.000,1.000,0.000,0,0,4,0,0,4,4,0,0.0,0.0,1.0,0.0,0.0,1.0,1
"G[1,2]((Pt_A1cGoalLevelDsYr5 <= 0.000 | Pt_A1cGoalLevelDsYr5 >= 0.000) | Pt_GrandchildT1D <= 0.000)
",9999999.000,9999999.000,0.000,1.000,0.000,0,0,4,0,0,4,4,0,0.0,0.0,1.0,0.0,0.0,1.0,1
"G[1,2](bmiPerc >= 0.000 -> BUN >= 24.853)
",9999999.000,9999999.000,0.000,1.000,0.000,0,0,2,2,2,2,2,2,0.0,0.0,1.0,0.0,0.0,1.0,1
"G[0,2]((HDL >= 3.819 | TotalDailyInsPerKg <= 0.000) & bmiPerc <= 0.000)
",9999999.000,9999999.000,0.000,1.000,0.000,0,0,4,0,0,4,4,0,0.0,0.0,1.0,0.0,0.0,1.0,1
"G[1,2](SMBGperDayPtMeterCombo >= 0.025 & BGTestAvgNumPtRep >= 0.370)
",9999999.000,9999999.000,0.000,1.000,0.000,0,0,2,2,2,2,2,2,0.0,0.0,1.0,0.0,0.0,1.0,1
"G[1,1](SMBGperDayPtMeterCombo >= 0.425 & BGTestAvgNumPtRep >= 0.187)
",-0.425,-0.425,0.000,1.000,0.000,0,0,2,2,2,2,2,2,0.0,0.0,1.0,0.0,0.0,1.0,1
"G[1,2]((DirectLDL >= 0.033 | HDL >= 30.403) -> HDL <= 68.533)
",9999999.000,9999999.000,0.000,1.000,0.000,0,0,4,0,0,4,4,0,0.0,0.0,1.0,0.0,0.0,1.0,1
"G[2,2](((BGTestAvgNumPtRep <= 0.847 | TotChol <= 131.954) | BldPrSys <= 132.066) | Pt_GrandparentT1D >= 13.601)
",132.066,132.066,0.000,1.000,0.000,0,0,4,0,0,4,4,0,0.0,0.0,1.0,0.0,0.0,1.0,1
"G[2,2](LDL <= 71.364 & TotalDailyInsPerKg <= 0.000)
",0.000,0.000,0.000,1.000,0.000,0,0,4,0,0,4,4,0,0.0,0.0,1.0,0.0,0.0,1.0,1
"G[1,2]((Triglyc >= 22.681 & Triglyc <= 79.443) | Pt_A1cGoalLevelDsYr5 <= 183.248)
",9999999.000,9999999.000,0.000,1.000,0.000,0,0,4,0,0,4,4,0,0.0,0.0,1.0,0.0,0.0,1.0,1
"G[1,2](((diabDur >= 37.996 -> TotChol <= 28.059) -> HbA1cImputeDtMnC >= 13.738) -> bmi <= 35.671)
",9999999.000,9999999.000,0.000,1.000,0.000,0,0,4,0,0,4,4,0,0.0,0.0,1.0,0.0,0.0,1.0,1
"G[1,2]((SMBGperDayPtMeterCombo <= 1.630 -> TSH <= 0.000) | NumPumpBolusOrShortAct <= 0.000)
",9999999.000,9999999.000,0.000,1.000,0.000,0,0,4,0,0,4,4,0,0.0,0.0,1.0,0.0,0.0,1.0,1
"G[0,2]((Pt_CGMUseNumDays <= 0.000 -> Pt_GrandparentT1D >= 0.000) & Pt_A1cGoalLev <= 0.000)
",9999999.000,9999999.000,0.000,1.000,0.000,0,0,4,0,0,4,4,0,0.0,0.0,1.0,0.0,0.0,1.0,1
"G[1,2]((Pt_SiblingT1D <= 0.000 | HbA1c <= 5.980) | diabDur >= 5.188)
",9999999.000,9999999.000,0.000,1.000,0.000,0,0,4,0,0,4,4,0,0.0,0.0,1.0,0.0,0.0,1.0,1
"G[0,2]((HDL >= 6.252 & Pt_DKAFlg <= 0.000) | SMBGperDayPtMeterCombo >= 0.000)
",9999999.000,9999999.000,0.000,1.000,0.000,0,0,4,0,0,4,4,0,0.0,0.0,1.0,0.0,0.0,1.0,1
"G[1,2]((TotChol <= 91.866 -> Pt_ChildT1D >= 0.000) | Pt_MotherT1D >= 0.000)
",9999999.000,9999999.000,0.000,1.000,0.000,0,0,4,0,0,4,4,0,0.0,0.0,1.0,0.0,0.0,1.0,1
"G[0,2](GFR <= 30.401 -> BUN >= 22.672)
",9999999.000,9999999.000,0.000,1.000,0.000,0,0,3,1,1,3,3,1,0.0,0.0,1.0,0.0,0.0,1.0,1
"G[1,2]((diabDur >= 37.821 & HDL <= 53.845) | diagAgeCombo >= 24.504)
",9999999.000,9999999.000,0.000,1.000,0.000,0,0,3,1,1,3,3,1,0.0,0.0,1.0,0.0,0.0,1.0,1
"G[2,2]((Pt_InsGov <= 0.750 | Pt_SHFlg >= 0.135) & HeightCm >= 0.003)
",-0.003,-0.003,0.000,1.000,0.000,0,0,4,0,0,4,4,0,0.0,0.0,1.0,0.0,0.0,1.0,1
"G[2,2](AlbCreatRat_mggNew <= 371.881 -> bmiZscore <= 0.652)
",-6542202567161293.000,-371.881,0.000,1.000,0.000,0,0,4,0,0,4,4,0,0.0,0.0,1.0,0.0,0.0,1.0,1
"G[1,2]((WeightKg >= 5.337 | bmi >= 16.350) -> UnitsInsBasalOrLongAct <= 0.000)
",9999999.000,9999999.000,0.000,1.000,0.000,0,0,4,0,0,4,4,0,0.0,0.0,1.0,0.0,0.0,1.0,1
"G[0,2](((AlbCreatRat_mggNew >= 275.860 | LDL <= 81.142) & AutonomicNeuroCl <= 72.481) -> age >= 55.261)
",9999999.000,9999999.000,0.000,1.000,0.000,0,0,4,0,0,4,4,0,0.0,0.0,1.0,0.0,0.0,1.0,1
"G[0,2](((BGTestAvgNumMeter >= 0.130 & diabDur >= 38.928) | BldPrDia <= 42.136) | Triglyc >= 38.413)
",9999999.000,9999999.000,0.000,1.000,0.000,0,0,2,2,2,2,2,2,0.0,0.0,1.0,0.0,0.0,1.0,1
"G[0,1]((BUN >= 23.883 | SMBGperDayPtMeterCombo >= 0.324) -> SMBGperDayPtMeterCombo >= 0.006)
",9999999.000,9999999.000,0.000,1.000,0.000,0,0,1,3,3,1,1,3,0.0,0.0,1.0,0.0,0.0,1.0,1
"G[2,2]((Pt_InsGov >= 0.161 & TotChol <= 63.490) & Pt_CGMUseNumDays >= 16.281)
",-16.281,-16.281,0.000,1.000,0.000,0,0,4,0,0,4,4,0,0.0,0.0,1.0,0.0,0.0,1.0,1
"G[0,2]((bmiZscore >= 0.229 & HbA1c <= 6.044) | TotChol <= 5.963)
",9999999.000,9999999.000,0.000,1.000,0.000,0,0,3,1,1,3,3,1,0.0,0.0,1.0,0.0,0.0,1.0,1
"G[1,2](((AlbCreatRat_mggNew <= 374.191 & TotChol <= 62.800) | WeightKg >= 4.682) | UnitsInsBasalOrLongAct <= 96.682)
",9999999.000,9999999.000,0.000,1.000,0.000,0,0,4,0,0,4,4,0,0.0,0.0,1.0,0.0,0.0,1.0,1
"G[0,2]((DirectLDL <= 0.393 -> LDL <= 98.778) -> bmi <= 68.896)
",9999999.000,9999999.000,0.000,1.000,0.000,0,0,4,0,0,4,4,0,0.0,0.0,1.0,0.0,0.0,1.0,1
"G[2,2](((LDL >= 33.126 & TotChol <= 39.632) & NumPumpBolusOrShortAct >= 1.109) & HDL >= 9.434)
",-33.126,-33.126,0.000,1.000,0.000,0,0,4,0,0,4,4,0,0.0,0.0,1.0,0.0,0.0,1.0,1
"G[0,2](((BldPrSys <= 131.030 | DirectLDL <= 0.760) & DirectLDL <= 0.486) -> AlbCreatRat_mggNew >= 0.071)
",9999999.000,9999999.000,0.000,1.000,0.000,0,0,4,0,0,4,4,0,0.0,0.0,1.0,0.0,0.0,1.0,1
"G[1,2]((BldPrDia <= 70.917 | Pt_SHFlg <= 0.603) -> Pt_DKAFlg <= 0.543)
",9999999.000,9999999.000,0.000,1.000,0.000,0,0,4,0,0,4,4,0,0.0,0.0,1.0,0.0,0.0,1.0,1
"G[2,2](BldPrDia >= 67.138 -> BUN <= 29.210)
",-29.210,-29.210,0.000,1.000,0.000,0,0,4,0,0,4,4,0,0.0,0.0,1.0,0.0,0.0,1.0,1
"G[2,2]((HbA1c >= 5.301 | HbA1cImputeDtMnC >= 9.023) | DirectLDL >= 0.992)
",-0.992,-0.992,0.000,1.000,0.000,0,0,4,0,0,4,4,0,0.0,0.0,1.0,0.0,0.0,1.0,1
"G[1,2]((diabDur >= 38.216 & TotalDailyInsPerKg <= 0.000) -> diagAgeCombo <= 0.000)
",9999999.000,9999999.000,0.000,1.000,0.000,0,0,2,2,2,2,2,2,0.0,0.0,1.0,0.0,0.0,1.0,1
"G[1,2]((Pt_GrandchildT1D >= 0.000 | WeightKg >= 9.030) & BldPrDia <= 88.023)
",9999999.000,9999999.000,0.000,1.000,0.000,0,0,4,0,0,4,4,0,0.0,0.0,1.0,0.0,0.0,1.0,1
"G[1,2](Triglyc >= 11.126 | Pt_GrandchildT1D <= 0.000)
",9999999.000,9999999.000,0.000,1.000,0.000,0,0,4,0,0,4,4,0,0.0,0.0,1.0,0.0,0.0,1.0,1
"G[1,1](SMBGperDayPtMeterCombo >= 0.099 & BGTestAvgNumPtRep >= 0.420)
",-0.420,-0.420,0.000,1.000,0.000,0,0,2,2,2,2,2,2,0.0,0.0,1.0,0.0,0.0,1.0,1
"G[2,2](GFR <= 33.496 -> BUN >= 16.264)
",-33.496,-33.496,0.000,1.000,0.000,0,0,4,0,0,4,4,0,0.0,0.0,1.0,0.0,0.0,1.0,1
"G[2,2](SMBGperDayPtMeterCombo >= 0.372 & BGTestAvgNumPtRep >= 0.064)
",-0.372,-0.372,0.000,1.000,0.000,0,0,4,0,0,4,4,0,0.0,0.0,1.0,0.0,0.0,1.0,1
"G[0,2](GFR <= 37.325 -> BUN >= 21.887)
",9999999.000,9999999.000,0.000,1.000,0.000,0,0,3,1,1,3,3,1,0.0,0.0,1.0,0.0,0.0,1.0,1
"G[0,2]((WeightKg >= 58.340 | bmi >= 5.317) -> UnitsInsBasalOrLongAct <= 0.000)
",9999999.000,9999999.000,0.000,1.000,0.000,0,0,4,0,0,4,4,0,0.0,0.0,1.0,0.0,0.0,1.0,1
"G[0,0](SMBGperDayPtMeterCombo >= 0.292 & BGTestAvgNumPtRep >= 0.373)
",-0.085,-0.040,0.000,1.000,0.000,0,0,1,3,3,1,1,3,0.0,0.0,1.0,0.0,0.0,1.0,1
"G[0,2]((WeightKg >= 31.220 | bmi >= 4.486) -> UnitsInsBasalOrLongAct <= 0.000)
",9999999.000,9999999.000,0.000,1.000,0.000,0,0,4,0,0,4,4,0,0.0,0.0,1.0,0.0,0.0,1.0,1
"G[0,2]((WeightKg >= 21.874 | bmi >= 9.644) -> UnitsInsBasalOrLongAct <= 0.000)
",9999999.000,9999999.000,0.000,1.000,0.000,0,0,4,0,0,4,4,0,0.0,0.0,1.0,0.0,0.0,1.0,1
"G[0,0](SMBGperDayPtMeterCombo >= 0.005 & BGTestAvgNumPtRep >= 0.127)
",0.438,0.206,0.000,1.000,0.000,0,0,1,3,3,1,1,3,0.0,0.0,1.0,0.0,0.0,1.0,1
"G[0,2](GFR <= 30.475 -> BUN >= 19.864)
",9999999.000,9999999.000,0.000,1.000,0.000,0,0,3,1,1,3,3,1,0.0,0.0,1.0,0.0,0.0,1.0,1
"G[1,2]((WeightKg >= 17.958 | bmi >= 15.433) -> UnitsInsBasalOrLongAct <= 0.000)
",9999999.000,9999999.000,0.000,1.000,0.000,0,0,4,0,0,4,4,0,0.0,0.0,1.0,0.0,0.0,1.0,1
"G[0,0](SMBGperDayPtMeterCombo >= 0.142 & BGTestAvgNumPtRep >= 0.154)
",0.381,0.180,0.000,1.000,0.000,0,0,1,3,3,1,1,3,0.0,0.0,1.0,0.0,0.0,1.0,1
"G[0,2]((WeightKg >= 24.475 | bmi >= 5.302) -> UnitsInsBasalOrLongAct <= 0.000)
",9999999.000,9999999.000,0.000,1.000,0.000,0,0,4,0,0,4,4,0,0.0,0.0,1.0,0.0,0.0,1.0,1
"G[1,2](SMBGperDayPtMeterCombo >= 0.190 & BGTestAvgNumPtRep >= 0.013)
",9999999.000,9999999.000,0.000,1.000,0.000,0,0,2,2,2,2,2,2,0.0,0.0,1.0,0.0,0.0,1.0,1
"G[0,2](SMBGperDayPtMeterCombo >= 0.122 & BGTestAvgNumPtRep >= 0.004)
",9999999.000,9999999.000,0.000,1.000,0.000,0,0,1,3,3,1,1,3,0.0,0.0,1.0,0.0,0.0,1.0,1
"G[2,2]((BldPrSys >= 111.097 | LDL >= 3.907) -> GFR <= 72.368)
",-72.368,-72.368,0.000,1.000,0.000,0,0,4,0,0,4,4,0,0.0,0.0,1.0,0.0,0.0,1.0,1
"G[0,2](((BldPrSys <= 127.148 -> HDL >= 11.974) | HbA1cImputeDtMnC >= 8.790) & HbA1cImputeDtMnC <= 68.681)
",9999999.000,9999999.000,0.000,1.000,0.000,0,0,3,1,1,3,3,1,0.0,0.0,1.0,0.0,0.0,1.0,1
"G[1,2](NumPumpBolusOrShortAct >= 0.000 -> WeightKg >= 21.793)
",9999999.000,9999999.000,0.000,1.000,0.000,0,0,3,1,1,3,3,1,0.0,0.0,1.0,0.0,0.0,1.0,1
"G[2,2](Pt_GrandparentT1D >= 0.000 & Pt_ChildT1D >= 0.000)
",0.000,0.000,0.000,1.000,0.000,0,0,4,0,0,4,4,0,0.0,0.0,1.0,0.0,0.0,1.0,1
"G[2,2](((AlbCreatRat_mggNew >= 69.744 & SMBGperDayPtMeterCombo <= 0.468) -> Pt_SHFlg >= 0.182) | age <= 0.630)
",0.630,0.630,0.000,1.000,0.000,0,0,4,0,0,4,4,0,0.0,0.0,1.0,0.0,0.0,1.0,1
"G[1,2]((Pt_CGMUseNumDays >= 0.000 | HbA1c <= 5.711) & Pt_SiblingT1D <= 6.360)
",9999999.000,9999999.000,0.000,1.000,0.000,0,0,4,0,0,4,4,0,0.0,0.0,1.0,0.0,0.0,1.0,1
"G[1,2](WeightKg <= 92.209 -> Pt_CGMUseNumDays >= 0.000)
",9999999.000,9999999.000,0.000,1.000,0.000,0,0,4,0,0,4,4,0,0.0,0.0,1.0,0.0,0.0,1.0,1
"G[0,2]((Pt_DKAFlg >= 0.000 | Pt_ChildT1D <= 0.000) | AlbCreatRat_mggNew <= 0.000)
",9999999.000,9999999.000,0.000,1.000,0.000,0,0,4,0,0,4,4,0,0.0,0.0,1.0,0.0,0.0,1.0,1
"F[2,2](HbA1c >= 5.355 & diagAgeCombo <= 19.000)
",-6029731116485195.000,-5.355,0.000,0.000,1.000,0,0,0,4,4,0,0,4,0.0,0.0,0.0,0.0,0.0,1.0,-1
