Rule,Discrimination Score,Pos Robustness,Neg Robustness,Percent Class +,Percent Class -,TP,TN,FP,FN,Actual Yes,Actual No,Predicted Yes,Predicted No,TPR/Sens,TNR/Spec,FPR,Precision,Accuracy,MCR,Class
"G[0,0](((bmi <= 24.667 & GFR <= 30.722) & Triglyc <= 17.504) -> BGTestAvgNumMeter <= 96.855)
",-6.309,-79.188,0.000,1.000,0.000,3,0,0,0,3,0,3,0,1.0,0.0,0.0,1.0,1.0,0.0,1
"G[0,1](Pt_FatherT1D >= 0.000 -> Pt_SHFlg = 0.000)
",9999999.000,9999999.000,0.000,1.000,0.000,3,0,0,0,3,0,3,0,1.0,0.0,0.0,1.0,1.0,0.0,1
"F[0,1]((HbA1cImputeDtMnC <= 46.076 -> LDL <= 107.479) & AlbCreatRat_mggNew >= 74.002)
",-9999999.000,-9999999.000,0.000,0.000,1.000,3,0,0,0,3,0,3,0,1.0,0.0,0.0,1.0,1.0,0.0,-1
"F[1,1](Pt_CGMUseNumDays >= 3.606 & LDL >= 73.135)
",-73.135,-73.135,0.000,0.000,1.000,3,0,0,0,3,0,3,0,1.0,0.0,0.0,1.0,1.0,0.0,-1
"G[0,0](Pt_MotherT1D <= 0.000 & Pt_SHFlg = 0.000)
",-1.406,-39.900,0.000,1.000,0.000,3,0,0,0,3,0,3,0,1.0,0.0,0.0,1.0,1.0,0.0,1
"F[0,1](((HbA1c >= 9.039 -> HDL <= 49.237) -> WeightKg >= 43.825) & bmiZscore >= 48.253)
",-9999999.000,-9999999.000,0.000,0.000,1.000,3,0,0,0,3,0,3,0,1.0,0.0,0.0,1.0,1.0,0.0,-1
"G[1,1](HbA1cImputeDtMnC > 35.408 -> Pt_SHFlg = 0.000)
",0.000,0.000,0.000,1.000,0.000,3,0,0,0,3,0,3,0,1.0,0.0,0.0,1.0,1.0,0.0,1
"G[0,0](Pt_ChildT1D >= 0.000 -> Pt_SHFlg = 0.000)
",0.000,0.000,0.000,1.000,0.000,3,0,0,0,3,0,3,0,1.0,0.0,0.0,1.0,1.0,0.0,1
"G[1,1](GFR <= 18.733 -> BUN >= 15.491)
",-18.733,-18.733,0.000,1.000,0.000,3,0,0,0,3,0,3,0,1.0,0.0,0.0,1.0,1.0,0.0,1
"F[0,1](BldPrSys >= 117.714 & Pt_A1cGoalLev >= 0.772)
",-9999999.000,-9999999.000,0.000,0.000,1.000,3,0,0,0,3,0,3,0,1.0,0.0,0.0,1.0,1.0,0.0,-1
"G[0,0](BGTestAvgNumMeter < 3.827 -> Pt_SHFlg = 0.000)
",1.103,13.840,0.000,1.000,0.000,3,0,0,0,3,0,3,0,1.0,0.0,0.0,1.0,1.0,0.0,1
"G[1,1](GFR <= 49.180 -> BUN >= 15.171)
",-6921478762472949.000,-49.180,0.000,1.000,0.000,3,0,0,0,3,0,3,0,1.0,0.0,0.0,1.0,1.0,0.0,1
"G[0,1](((HDL <= 51.430 & Triglyc <= 112.762) & UnitsInsBasalOrLongAct <= 154.535) | Pt_SHFlg <= 155.148)
",9999999.000,9999999.000,0.000,1.000,0.000,3,0,0,0,3,0,3,0,1.0,0.0,0.0,1.0,1.0,0.0,1
"G[0,1](((diabDur >= 10.405 & LDL <= 112.003) | Pt_MotherT1D <= 138.269) | AutonomicNeuroCl <= 133.496)
",9999999.000,9999999.000,0.000,1.000,0.000,3,0,0,0,3,0,3,0,1.0,0.0,0.0,1.0,1.0,0.0,1
"G[0,1]((HDL >= 43.145 | WeightKg <= 75.809) & Pt_A1cGoalLevelDsYr5 <= 75.128)
",9999999.000,9999999.000,0.000,1.000,0.000,3,0,0,0,3,0,3,0,1.0,0.0,0.0,1.0,1.0,0.0,1
"G[0,0]((Pt_GrandchildT1D >= 0.000 | Pt_CGMUseNumDays <= 22.034) | HeightCm >= 0.033)
",10.354,71.467,0.000,1.000,0.000,3,0,0,0,3,0,3,0,1.0,0.0,0.0,1.0,1.0,0.0,1
"F[0,1]((bmi <= 24.708 -> WeightKg <= 71.680) -> TotalDailyInsPerKg >= 62.964)
",-9999999.000,-9999999.000,0.000,0.000,1.000,3,0,0,0,3,0,3,0,1.0,0.0,0.0,1.0,1.0,0.0,-1
"F[1,1](((Pt_SiblingT1D <= 0.000 | DirectLDL <= 0.000) & AutonomicNeuroCl <= 0.000) & age <= 0.000)
",0.000,0.000,0.000,0.000,1.000,3,0,0,0,3,0,3,0,1.0,0.0,0.0,1.0,1.0,0.0,-1
"G[0,0]((WeightKg <= 73.557 | bmi <= 24.931) | UnitsInsBasalOrLongAct <= 25.926)
",83.964,68.557,0.000,1.000,0.000,3,0,0,0,3,0,3,0,1.0,0.0,0.0,1.0,1.0,0.0,1
"F[1,1]((bmiPerc <= 0.734 | bmiZscore >= 0.125) & bmi <= 0.690)
",0.690,0.690,0.000,0.000,1.000,3,0,0,0,3,0,3,0,1.0,0.0,0.0,1.0,1.0,0.0,-1
"F[0,1](((age >= 16.075 -> BGTestAvgNumMeter <= 1.486) & AutonomicNeuroCl >= 0.040) | HDL <= 3.963)
",-9999999.000,-9999999.000,0.000,0.000,1.000,3,0,0,0,3,0,3,0,1.0,0.0,0.0,1.0,1.0,0.0,-1
"F[0,1](((bmiPerc >= 0.285 | TotalDailyInsPerKg <= 0.516) | Pt_GrandchildT1D >= 0.050) & Pt_SiblingT1D >= 0.274)
",-9999999.000,-9999999.000,0.000,0.000,1.000,3,0,0,0,3,0,3,0,1.0,0.0,0.0,1.0,1.0,0.0,-1
"F[0,1]((NumPumpBolusOrShortAct <= 3.470 | TotalDailyInsPerKg >= 0.045) & age <= 0.439)
",-9999999.000,-9999999.000,0.000,0.000,1.000,3,0,0,0,3,0,3,0,1.0,0.0,0.0,1.0,1.0,0.0,-1
"F[0,1]((AlbCreatRat_mggNew >= 0.471 & HeightCm >= 170.380) & BGTestAvgNumPtRep >= 170.594)
",-9999999.000,-9999999.000,0.000,0.000,1.000,3,0,0,0,3,0,3,0,1.0,0.0,0.0,1.0,1.0,0.0,-1
"F[0,0](Pt_MotherT1D > 0.000 & Pt_SHFlg = 0.000)
",-1.406,-39.900,0.000,0.000,1.000,3,0,0,0,3,0,3,0,1.0,0.0,0.0,1.0,1.0,0.0,-1
"F[1,1]((LDL <= 129.058 | Triglyc <= 158.211) -> Pt_SiblingT1D >= 110.572)
",-158.211,-158.211,0.000,0.000,1.000,3,0,0,0,3,0,3,0,1.0,0.0,0.0,1.0,1.0,0.0,-1
"F[0,0](((bmiPerc >= 0.181 -> HeightCm <= 171.040) | Pt_SiblingT1D >= 170.485) & HDL >= 170.202)
",-14.421,-99.540,0.000,0.000,1.000,3,0,0,0,3,0,3,0,1.0,0.0,0.0,1.0,1.0,0.0,-1
"F[0,1]((LDL >= 103.005 & HbA1cImputeDtMnC >= 28.066) & Pt_GrandchildT1D >= 28.809)
",-9999999.000,-9999999.000,0.000,0.000,1.000,3,0,0,0,3,0,3,0,1.0,0.0,0.0,1.0,1.0,0.0,-1
"F[0,0](diabDur >= 8.127 & NumPumpBolusOrShortAct >= 0.018)
",-0.018,-0.018,0.000,0.000,1.000,3,0,0,0,3,0,3,0,1.0,0.0,0.0,1.0,1.0,0.0,-1
"F[0,1](((AlbCreatRat_mggNew <= 3.188 -> HbA1cImputeDtMnC <= 74.522) -> diagAgeCombo >= 29.277) & AlbCreatRat_mggNew >= 33.653)
",-9999999.000,-9999999.000,0.000,0.000,1.000,3,0,0,0,3,0,3,0,1.0,0.0,0.0,1.0,1.0,0.0,-1
"F[0,0](((Pt_FatherT1D >= 0.000 | BGTestAvgNumMeter <= 3.738) & BldPrDia <= 2.540) & age >= 0.534)
",-13.709,-118.460,0.000,0.000,1.000,3,0,0,0,3,0,3,0,1.0,0.0,0.0,1.0,1.0,0.0,-1
"F[0,0](((BGTestAvgNumMeter <= 1.591 | BldPrDia >= 64.080) & HeightCm <= 74.845) & diagAgeCombo >= 62.316)
",-8770218213177507.000,-62.316,0.000,0.000,1.000,3,0,0,0,3,0,3,0,1.0,0.0,0.0,1.0,1.0,0.0,-1
"F[0,0]((GFR <= 78.574 | TSH >= 0.495) & diagAgeCombo <= 2.447)
",2.447,2.447,0.000,0.000,1.000,3,0,0,0,3,0,3,0,1.0,0.0,0.0,1.0,1.0,0.0,-1
"F[0,0](((NumPumpBolusOrShortAct <= 1.453 | Triglyc >= 104.812) -> Pt_DKAFlg <= 182.448) & bmi >= 96.114)
",-182.448,-182.448,0.000,0.000,1.000,3,0,0,0,3,0,3,0,1.0,0.0,0.0,1.0,1.0,0.0,-1
"G[0,1]((BGTestAvgNumMeter >= 0.174 -> Pt_SiblingT1D >= 0.000) & Pt_SHFlg >= 0.000)
",9999999.000,9999999.000,0.000,1.000,0.000,3,0,0,0,3,0,3,0,1.0,0.0,0.0,1.0,1.0,0.0,1
"F[0,1]((BGTestAvgNumMeter >= 0.215 | HeightCm >= 170.135) & HbA1c >= 170.834)
",-9999999.000,-9999999.000,0.000,0.000,1.000,3,0,0,0,3,0,3,0,1.0,0.0,0.0,1.0,1.0,0.0,-1
"G[1,1](Triglyc >= 96.864 -> bmiPerc >= 0.458)
",8249255298328915.000,0.458,0.000,1.000,0.000,3,0,0,0,3,0,3,0,1.0,0.0,0.0,1.0,1.0,0.0,1
"G[0,1](BUN <= 17.623 | Pt_CGMUseNumDays <= 23.195)
",9999999.000,9999999.000,0.000,1.000,0.000,3,0,0,0,3,0,3,0,1.0,0.0,0.0,1.0,1.0,0.0,1
"G[0,0](((HeightCm <= 171.694 | NumPumpBolusOrShortAct <= 4.871) & Pt_DKAFlg >= 0.699) | AlbCreatRat_mggNew <= 2.588)
",-0.699,-0.699,0.000,1.000,0.000,3,0,0,0,3,0,3,0,1.0,0.0,0.0,1.0,1.0,0.0,1
"G[0,0](((bmiPerc <= 0.755 | LDL <= 108.596) | Pt_ChildT1D >= 80.208) | bmi <= 107.045)
",315.663,108.353,0.000,1.000,0.000,3,0,0,0,3,0,3,0,1.0,0.0,0.0,1.0,1.0,0.0,1
"G[0,1]((HbA1c <= 12.209 -> HeightCm >= 170.283) & GFR <= 171.917)
",9999999.000,9999999.000,0.000,1.000,0.000,3,0,0,0,3,0,3,0,1.0,0.0,0.0,1.0,1.0,0.0,1
"G[0,1]((bmiZscore <= 0.871 | TotalDailyInsPerKg >= 0.388) -> Pt_SiblingT1D <= 0.767)
",9999999.000,9999999.000,0.000,1.000,0.000,3,0,0,0,3,0,3,0,1.0,0.0,0.0,1.0,1.0,0.0,1
"G[0,1](((GFR >= 0.319 & HDL >= 48.649) | HDL >= 41.649) -> Pt_MotherT1D <= 49.857)
",9999999.000,9999999.000,0.000,1.000,0.000,3,0,0,0,3,0,3,0,1.0,0.0,0.0,1.0,1.0,0.0,1
"G[0,1](((Triglyc >= 107.478 & WeightKg >= 71.225) & AlbCreatRat_mggNew <= 72.595) | HbA1c <= 74.292)
",9999999.000,9999999.000,0.000,1.000,0.000,3,0,0,0,3,0,3,0,1.0,0.0,0.0,1.0,1.0,0.0,1
"G[0,1](HDL >= 47.846 | UnitsInsBasalOrLongAct <= 29.438)
",9999999.000,9999999.000,0.000,1.000,0.000,3,0,0,0,3,0,3,0,1.0,0.0,0.0,1.0,1.0,0.0,1
"G[0,1](((BldPrDia <= 78.817 & BUN >= 14.257) | diagAgeCombo <= 16.603) | WeightKg >= 15.317)
",9999999.000,9999999.000,0.000,1.000,0.000,3,0,0,0,3,0,3,0,1.0,0.0,0.0,1.0,1.0,0.0,1
"G[0,1](age >= 17.103 | TotalDailyInsPerKg >= 0.007)
",9999999.000,9999999.000,0.000,1.000,0.000,3,0,0,0,3,0,3,0,1.0,0.0,0.0,1.0,1.0,0.0,1
"G[0,0](BldPrSys <= 126.333 -> bmi <= 24.532)
",-126.333,-126.333,0.000,1.000,0.000,3,0,0,0,3,0,3,0,1.0,0.0,0.0,1.0,1.0,0.0,1
"G[0,1](((AlbCreatRat_mggNew <= 0.941 | NumPumpBolusOrShortAct <= 2.380) -> Pt_ChildT1D <= 1.902) | HbA1cImputeDtMnC <= 1.122)
",9999999.000,9999999.000,0.000,1.000,0.000,3,0,0,0,3,0,3,0,1.0,0.0,0.0,1.0,1.0,0.0,1
"G[0,0](((UnitsInsBasalOrLongAct <= 24.302 -> WeightKg <= 76.984) & DirectLDL <= 74.138) | DirectLDL <= 76.259)
",-115.714,-95.108,0.000,1.000,0.000,3,0,0,0,3,0,3,0,1.0,0.0,0.0,1.0,1.0,0.0,1
"G[0,1]((BldPrSys >= 116.204 -> TSH >= 0.410) | TSH <= 2.186)
",9999999.000,9999999.000,0.000,1.000,0.000,3,0,0,0,3,0,3,0,1.0,0.0,0.0,1.0,1.0,0.0,1
"G[0,1](((Pt_SiblingT1D >= 0.000 -> BGTestAvgNumPtRep >= 5.118) -> HeightCm >= 5.125) & Pt_FatherT1D <= 6.347)
",9999999.000,9999999.000,0.000,1.000,0.000,3,0,0,0,3,0,3,0,1.0,0.0,0.0,1.0,1.0,0.0,1
"G[0,1](bmi <= 25.478 -> diabDur <= 13.746)
",9999999.000,9999999.000,0.000,1.000,0.000,3,0,0,0,3,0,3,0,1.0,0.0,0.0,1.0,1.0,0.0,1
"G[0,0](Pt_InsGov >= 0.000 | AutonomicNeuroCl >= 0.000)
",31.113,8.800,0.000,1.000,0.000,3,0,0,0,3,0,3,0,1.0,0.0,0.0,1.0,1.0,0.0,1
"G[0,1]((HbA1cImputeDtMnC >= 33.684 -> UnitsInsBasalOrLongAct >= 2.654) & SMBGperDayPtMeterCombo <= 19.603)
",9999999.000,9999999.000,0.000,1.000,0.000,3,0,0,0,3,0,3,0,1.0,0.0,0.0,1.0,1.0,0.0,1
"G[1,1](((AlbCreatRat_mggNew >= 0.135 -> BGTestAvgNumMeter >= 0.116) -> BldPrDia <= 2.201) | AlbCreatRat_mggNew <= 3.222)
",3.222,3.222,0.000,1.000,0.000,3,0,0,0,3,0,3,0,1.0,0.0,0.0,1.0,1.0,0.0,1
"G[1,1](((Pt_InsGov <= 0.000 -> Pt_DKAFlg >= 0.000) -> bmiPerc >= 0.000) | BldPrDia <= 0.000)
",0.000,0.000,0.000,1.000,0.000,3,0,0,0,3,0,3,0,1.0,0.0,0.0,1.0,1.0,0.0,1
"G[1,1](((Pt_CGMUseNumDays >= 1.169 -> Triglyc >= 94.501) -> TotalDailyInsPerKg <= 185.253) & HeightCm >= 100.781)
",-185.253,-185.253,0.000,1.000,0.000,3,0,0,0,3,0,3,0,1.0,0.0,0.0,1.0,1.0,0.0,1
"G[1,1](BldPrSys <= 124.387 | Triglyc <= 185.161)
",185.161,185.161,0.000,1.000,0.000,3,0,0,0,3,0,3,0,1.0,0.0,0.0,1.0,1.0,0.0,1
"G[0,1]((Pt_A1cGoalLevelDsYr5 <= 0.000 | diabDur >= 11.050) & Pt_ChildT1D <= 12.014)
",9999999.000,9999999.000,0.000,1.000,0.000,3,0,0,0,3,0,3,0,1.0,0.0,0.0,1.0,1.0,0.0,1
"G[0,1](((UnitsInsBasalOrLongAct <= 22.315 -> TotChol <= 0.000) -> WeightKg <= 0.000) -> Pt_CGMUseNumDays >= 0.000)
",9999999.000,9999999.000,0.000,1.000,0.000,3,0,0,0,3,0,3,0,1.0,0.0,0.0,1.0,1.0,0.0,1
"G[1,1](((Pt_A1cGoalLev >= 1.080 -> GFR >= 15.445) -> Triglyc <= 81.063) | TSH <= 40.400)
",40.400,40.400,0.000,1.000,0.000,3,0,0,0,3,0,3,0,1.0,0.0,0.0,1.0,1.0,0.0,1
"G[1,1](((TSH <= 2.210 -> Pt_SHFlg >= 0.000) & NumPumpBolusOrShortAct >= 0.000) -> TotChol >= 0.000)
",0.000,0.000,0.000,1.000,0.000,3,0,0,0,3,0,3,0,1.0,0.0,0.0,1.0,1.0,0.0,1
"G[0,1](((age <= 18.301 | Pt_SiblingT1D <= 0.000) | bmi >= 0.000) | BGTestAvgNumPtRep <= 0.000)
",9999999.000,9999999.000,0.000,1.000,0.000,3,0,0,0,3,0,3,0,1.0,0.0,0.0,1.0,1.0,0.0,1
"G[0,1]((AutonomicNeuroCl >= 0.000 -> Pt_CGMUseNumDays <= 28.936) -> BUN <= 20.323)
",9999999.000,9999999.000,0.000,1.000,0.000,3,0,0,0,3,0,3,0,1.0,0.0,0.0,1.0,1.0,0.0,1
"G[1,1](bmi <= 25.321 -> TotChol >= 0.000)
",-25.321,-25.321,0.000,1.000,0.000,3,0,0,0,3,0,3,0,1.0,0.0,0.0,1.0,1.0,0.0,1
"G[1,1](Pt_SiblingT1D >= 0.000 | TotalDailyInsPerKg >= 0.001)
",0.000,0.000,0.000,1.000,0.000,3,0,0,0,3,0,3,0,1.0,0.0,0.0,1.0,1.0,0.0,1
"G[0,1](((age <= 20.863 -> BGTestAvgNumMeter >= 0.294) | BldPrSys >= 0.289) | BGTestAvgNumPtRep >= 0.401)
",9999999.000,9999999.000,0.000,1.000,0.000,3,0,0,0,3,0,3,0,1.0,0.0,0.0,1.0,1.0,0.0,1
"G[0,1](diagAgeCombo <= 7.000 | BGTestAvgNumMeter >= 0.207)
",9999999.000,9999999.000,0.000,1.000,0.000,3,0,0,0,3,0,3,0,1.0,0.0,0.0,1.0,1.0,0.0,1
"G[0,1](age <= 20.395 | GFR <= 23.966)
",9999999.000,9999999.000,0.000,1.000,0.000,2,0,0,1,3,0,2,1,0.6666666666666666,0.0,0.0,1.0,0.6666666666666666,0.33333333333333337,1
"G[0,1](WeightKg <= 75.439 & Pt_SHFlg = 0.000)
",9999999.000,9999999.000,0.000,1.000,0.000,2,0,0,1,3,0,2,1,0.6666666666666666,0.0,0.0,1.0,0.6666666666666666,0.33333333333333337,1
"F[0,1]((bmiPerc >= 0.637 | NumPumpBolusOrShortAct <= 1.704) -> AlbCreatRat_mggNew >= 0.461)
",-9999999.000,-9999999.000,0.000,0.000,1.000,2,0,0,1,3,0,2,1,0.6666666666666666,0.0,0.0,1.0,0.6666666666666666,0.33333333333333337,-1
"F[0,1](GFR > 0.144 & Pt_SHFlg = 0.000)
",-9999999.000,-9999999.000,0.000,0.000,1.000,2,0,0,1,3,0,2,1,0.6666666666666666,0.0,0.0,1.0,0.6666666666666666,0.33333333333333337,-1
"F[1,1]((Pt_CGMUseNumDays <= 29.514 -> TSH >= 0.501) & Pt_GrandparentT1D <= 2.105)
",-29.514,-29.514,0.000,0.000,1.000,2,0,0,1,3,0,2,1,0.6666666666666666,0.0,0.0,1.0,0.6666666666666666,0.33333333333333337,-1
"F[0,1]((AlbCreatRat_mggNew >= 0.548 & HbA1c >= 8.978) & Pt_DKAFlg <= 12.430)
",-9999999.000,-9999999.000,0.000,0.000,1.000,2,0,0,1,3,0,2,1,0.6666666666666666,0.0,0.0,1.0,0.6666666666666666,0.33333333333333337,-1
"((Pt_CGMUseNumDays > 3.040) U[1,1] (Pt_SHFlg = 0.000))
",0.000,0.000,0.000,0.000,1.000,2,0,0,1,3,0,2,1,0.6666666666666666,0.0,0.0,1.0,0.6666666666666666,0.33333333333333337,-1
"F[0,0]((Pt_CGMUseNumDays >= 2.737 | Pt_FatherT1D >= 0.000) -> UnitsInsBasalOrLongAct <= 0.000)
",-11609.263,-11609.263,0.000,0.000,1.000,2,0,0,1,3,0,2,1,0.6666666666666666,0.0,0.0,1.0,0.6666666666666666,0.33333333333333337,-1
"((Pt_CGMUseNumDays >= 0.146) U[0,0] (TotalDailyInsPerKg <= 0.580))
",6383684403421779.000,11611.854,0.000,0.000,1.000,2,0,0,1,3,0,2,1,0.6666666666666666,0.0,0.0,1.0,0.6666666666666666,0.33333333333333337,-1
"F[0,0](NumPumpBolusOrShortAct > 0.365 & Pt_SHFlg = 0.000)
",-1.406,-39.900,0.000,0.000,1.000,2,0,0,1,3,0,2,1,0.6666666666666666,0.0,0.0,1.0,0.6666666666666666,0.33333333333333337,-1
"((TSH <= 2.836) U[1,1] (TSH >= 0.600))
",6385665678501963.000,2.836,0.000,0.000,1.000,2,0,0,1,3,0,2,1,0.6666666666666666,0.0,0.0,1.0,0.6666666666666666,0.33333333333333337,-1
"((Pt_FatherT1D >= 0.000) U[1,1] (bmiPerc <= 0.719))
",0.719,0.719,0.000,0.000,1.000,2,0,0,1,3,0,2,1,0.6666666666666666,0.0,0.0,1.0,0.6666666666666666,0.33333333333333337,-1
"F[1,1]((BldPrSys <= 121.325 -> TotalDailyInsPerKg >= 0.129) -> Pt_MotherT1D >= 0.276)
",0.276,0.276,0.000,0.000,1.000,2,0,0,1,3,0,2,1,0.6666666666666666,0.0,0.0,1.0,0.6666666666666666,0.33333333333333337,-1
"F[1,1]((BldPrDia >= 67.193 & BldPrSys >= 113.897) | UnitsInsBasalOrLongAct >= 113.758)
",-8005041526046355.000,-113.758,0.000,0.000,1.000,2,0,0,1,3,0,2,1,0.6666666666666666,0.0,0.0,1.0,0.6666666666666666,0.33333333333333337,-1
"G[1,1](((BGTestAvgNumMeter >= 0.013 -> Pt_FatherT1D >= 0.000) & BldPrSys >= 0.000) & TotalDailyInsPerKg <= 0.000)
",0.000,0.000,0.000,1.000,0.000,2,0,0,1,3,0,2,1,0.6666666666666666,0.0,0.0,1.0,0.6666666666666666,0.33333333333333337,1
"G[0,1]((BldPrSys <= 121.496 | HbA1cImputeDtMnC <= 61.070) & Pt_A1cGoalLev <= 53.326)
",9999999.000,9999999.000,0.000,1.000,0.000,2,0,0,1,3,0,2,1,0.6666666666666666,0.0,0.0,1.0,0.6666666666666666,0.33333333333333337,1
"G[1,1]((SMBGperDayPtMeterCombo <= 6.093 -> bmiZscore >= 0.310) & DirectLDL <= 0.567)
",-6.093,-6.093,0.000,1.000,0.000,2,0,0,1,3,0,2,1,0.6666666666666666,0.0,0.0,1.0,0.6666666666666666,0.33333333333333337,1
"G[0,0](SMBGperDayPtMeterCombo >= 4.405 & BGTestAvgNumPtRep >= 4.453)
",-1.655,-3.120,0.000,1.000,0.000,2,0,0,1,3,0,2,1,0.6666666666666666,0.0,0.0,1.0,0.6666666666666666,0.33333333333333337,1
"G[1,1](((HDL <= 52.533 | BGTestAvgNumMeter <= 3.871) | GFR <= 2.166) & GFR <= 2.587)
",2.587,2.587,0.000,1.000,0.000,2,0,0,1,3,0,2,1,0.6666666666666666,0.0,0.0,1.0,0.6666666666666666,0.33333333333333337,1
"G[0,0](HbA1cImputeDtMnC >= 34.249 & WeightKg >= 64.465)
",-72.830,-59.465,0.000,1.000,0.000,2,0,0,1,3,0,2,1,0.6666666666666666,0.0,0.0,1.0,0.6666666666666666,0.33333333333333337,1
"G[0,1](SMBGperDayPtMeterCombo >= 4.927 & BGTestAvgNumPtRep >= 4.989)
",9999999.000,9999999.000,0.000,1.000,0.000,2,0,0,1,3,0,2,1,0.6666666666666666,0.0,0.0,1.0,0.6666666666666666,0.33333333333333337,1
"G[0,0](AlbCreatRat_mggNew <= 3.318 & bmiZscore >= 0.279)
",-7.766,-12.682,0.000,1.000,0.000,2,0,0,1,3,0,2,1,0.6666666666666666,0.0,0.0,1.0,0.6666666666666666,0.33333333333333337,1
"G[0,1](GFR <= 62.990 -> BUN >= 15.334)
",9999999.000,9999999.000,0.000,1.000,0.000,2,0,0,1,3,0,2,1,0.6666666666666666,0.0,0.0,1.0,0.6666666666666666,0.33333333333333337,1
"G[0,1](HbA1cImputeDtMnC <= 51.345 -> bmi >= 21.864)
",9999999.000,9999999.000,0.000,1.000,0.000,2,0,0,1,3,0,2,1,0.6666666666666666,0.0,0.0,1.0,0.6666666666666666,0.33333333333333337,1
"G[0,0](bmiZscore <= 0.641 -> NumPumpBolusOrShortAct >= 0.135)
",2.590,0.106,0.000,1.000,0.000,2,0,0,1,3,0,2,1,0.6666666666666666,0.0,0.0,1.0,0.6666666666666666,0.33333333333333337,1
"G[0,1]((AlbCreatRat_mggNew <= 0.926 | diabDur >= 9.575) & SMBGperDayPtMeterCombo <= 12.381)
",9999999.000,9999999.000,0.000,1.000,0.000,2,0,0,1,3,0,2,1,0.6666666666666666,0.0,0.0,1.0,0.6666666666666666,0.33333333333333337,1
"G[0,0]((Triglyc <= 131.150 & UnitsInsBasalOrLongAct >= 10.919) & Triglyc >= 8.205)
",-10.919,-10.919,0.000,1.000,0.000,2,0,0,1,3,0,2,1,0.6666666666666666,0.0,0.0,1.0,0.6666666666666666,0.33333333333333337,1
"G[0,1]((Pt_GrandparentT1D <= 0.000 | TotalDailyInsPerKg <= 0.554) -> BGTestAvgNumMeter <= 0.509)
",9999999.000,9999999.000,0.000,1.000,0.000,2,0,0,1,3,0,2,1,0.6666666666666666,0.0,0.0,1.0,0.6666666666666666,0.33333333333333337,1
"G[0,1]((BUN >= 16.082 & BGTestAvgNumMeter >= 0.292) -> HbA1c <= 1.275)
",9999999.000,9999999.000,0.000,1.000,0.000,2,0,0,1,3,0,2,1,0.6666666666666666,0.0,0.0,1.0,0.6666666666666666,0.33333333333333337,1
"G[0,1](HbA1cImputeDtMnC >= 31.013 | AlbCreatRat_mggNew >= 0.331)
",9999999.000,9999999.000,0.000,1.000,0.000,2,0,0,1,3,0,2,1,0.6666666666666666,0.0,0.0,1.0,0.6666666666666666,0.33333333333333337,1
"G[0,1](HeightCm <= 171.318 -> LDL >= 72.660)
",9999999.000,9999999.000,0.000,1.000,0.000,2,0,0,1,3,0,2,1,0.6666666666666666,0.0,0.0,1.0,0.6666666666666666,0.33333333333333337,1
"G[0,1](bmiZscore >= 0.089 & diabDur <= 12.954)
",9999999.000,9999999.000,0.000,1.000,0.000,2,0,0,1,3,0,2,1,0.6666666666666666,0.0,0.0,1.0,0.6666666666666666,0.33333333333333337,1
"G[0,0](GFR <= 67.578 -> BUN >= 15.684)
",-2.596,-122.650,0.000,1.000,0.000,2,0,0,1,3,0,2,1,0.6666666666666666,0.0,0.0,1.0,0.6666666666666666,0.33333333333333337,1
"G[0,1](GFR <= 71.101 -> BUN >= 14.191)
",9999999.000,9999999.000,0.000,1.000,0.000,2,0,0,1,3,0,2,1,0.6666666666666666,0.0,0.0,1.0,0.6666666666666666,0.33333333333333337,1
"G[0,1](Pt_InsGov <= 0.000 & HDL <= 50.901)
",9999999.000,9999999.000,0.000,1.000,0.000,2,0,0,1,3,0,2,1,0.6666666666666666,0.0,0.0,1.0,0.6666666666666666,0.33333333333333337,1
"G[0,0](BUN <= 17.365 -> NumPumpBolusOrShortAct <= 4.527)
",-4.527,-4.527,0.000,1.000,0.000,2,0,0,1,3,0,2,1,0.6666666666666666,0.0,0.0,1.0,0.6666666666666666,0.33333333333333337,1
"G[0,0](SMBGperDayPtMeterCombo <= 5.626 & diabDur >= 10.897)
",-9.146,-66.374,0.000,1.000,0.000,2,0,0,1,3,0,2,1,0.6666666666666666,0.0,0.0,1.0,0.6666666666666666,0.33333333333333337,1
"G[0,1](((Triglyc >= 94.505 -> LDL <= 122.415) | Pt_A1cGoalLevelDsYr5 >= 66.730) & TotChol <= 108.255)
",9999999.000,9999999.000,0.000,1.000,0.000,2,0,0,1,3,0,2,1,0.6666666666666666,0.0,0.0,1.0,0.6666666666666666,0.33333333333333337,1
"((HbA1cImputeDtMnC <= 62.717) U[1,2] (Pt_A1cGoalLev <= 3.969))
",-9999999.000,-9999999.000,0.000,0.000,1.000,1,0,0,2,3,0,1,2,0.3333333333333333,0.0,0.0,1.0,0.3333333333333333,0.6666666666666667,-1
"((BldPrSys >= 111.175) U[0,1] (UnitsInsBasalOrLongAct >= 3.160))
",-9999999.000,-9999999.000,0.000,0.000,1.000,1,0,0,2,3,0,1,2,0.3333333333333333,0.0,0.0,1.0,0.3333333333333333,0.6666666666666667,-1
"((bmiZscore >= 0.381) U[0,0] (WeightKg <= 72.553))
",82.736,67.553,0.000,0.000,1.000,1,0,0,2,3,0,1,2,0.3333333333333333,0.0,0.0,1.0,0.3333333333333333,0.6666666666666667,-1
"((TotChol <= 0.000) U[0,0] (TSH >= 0.004))
",6.119,4.996,0.000,0.000,1.000,1,0,0,2,3,0,1,2,0.3333333333333333,0.0,0.0,1.0,0.3333333333333333,0.6666666666666667,-1
"F[1,1]((BldPrSys <= 125.236 & HDL <= 55.562) -> HbA1cImputeDtMnC >= 47.826)
",-55.562,-55.562,0.000,0.000,1.000,1,0,0,2,3,0,1,2,0.3333333333333333,0.0,0.0,1.0,0.3333333333333333,0.6666666666666667,-1
"((BldPrDia <= 70.162) U[0,1] (bmi >= 24.319))
",-9999999.000,-9999999.000,0.000,0.000,1.000,1,0,0,2,3,0,1,2,0.3333333333333333,0.0,0.0,1.0,0.3333333333333333,0.6666666666666667,-1
"F[0,1]((AutonomicNeuroCl <= 0.000 -> WeightKg <= 75.281) & BldPrDia >= 64.472)
",-9999999.000,-9999999.000,0.000,0.000,1.000,1,0,0,2,3,0,1,2,0.3333333333333333,0.0,0.0,1.0,0.3333333333333333,0.6666666666666667,-1
"F[1,1]((age >= 15.313 -> HbA1c >= 8.980) & Pt_GrandchildT1D <= 11.857)
",8.980,8.980,0.000,0.000,1.000,1,0,0,2,3,0,1,2,0.3333333333333333,0.0,0.0,1.0,0.3333333333333333,0.6666666666666667,-1
"F[1,1](((BldPrDia <= 72.984 & HbA1c >= 9.661) | Pt_MotherT1D >= 9.228) -> Triglyc <= 10.709)
",-10.709,-10.709,0.000,0.000,1.000,1,0,0,2,3,0,1,2,0.3333333333333333,0.0,0.0,1.0,0.3333333333333333,0.6666666666666667,-1
"((GFR <= 88.215) U[1,1] (HbA1c <= 10.073))
",88.215,88.215,0.000,0.000,1.000,1,0,0,2,3,0,1,2,0.3333333333333333,0.0,0.0,1.0,0.3333333333333333,0.6666666666666667,-1
"F[1,1](HbA1cImputeDtMnC <= 76.604 -> SMBGperDayPtMeterCombo >= 5.149)
",-76.604,-76.604,0.000,0.000,1.000,1,0,0,2,3,0,1,2,0.3333333333333333,0.0,0.0,1.0,0.3333333333333333,0.6666666666666667,-1
"((BGTestAvgNumMeter >= 0.246) U[0,1] (BGTestAvgNumPtRep <= 5.293))
",-9999999.000,-9999999.000,0.000,0.000,1.000,1,0,0,2,3,0,1,2,0.3333333333333333,0.0,0.0,1.0,0.3333333333333333,0.6666666666666667,-1
"((age >= 17.467) U[0,1] (TSH >= 0.253))
",-9999999.000,-9999999.000,0.000,0.000,1.000,1,0,0,2,3,0,1,2,0.3333333333333333,0.0,0.0,1.0,0.3333333333333333,0.6666666666666667,-1
"F[0,0]((HeightCm <= 171.864 -> TotalDailyInsPerKg <= 0.779) & AutonomicNeuroCl <= 0.653)
",-14.540,-100.364,0.000,0.000,1.000,1,0,0,2,3,0,1,2,0.3333333333333333,0.0,0.0,1.0,0.3333333333333333,0.6666666666666667,-1
"F[0,1](((UnitsInsBasalOrLongAct >= 8.636 -> diabDur <= 11.380) -> Pt_GrandparentT1D >= 9.822) -> BGTestAvgNumPtRep >= 9.379)
",-9999999.000,-9999999.000,0.000,0.000,1.000,1,0,0,2,3,0,1,2,0.3333333333333333,0.0,0.0,1.0,0.3333333333333333,0.6666666666666667,-1
"((BGTestAvgNumMeter >= 0.581) U[0,0] (BGTestAvgNumPtRep <= 5.534))
",1.974,19.124,0.000,0.000,1.000,1,0,0,2,3,0,1,2,0.3333333333333333,0.0,0.0,1.0,0.3333333333333333,0.6666666666666667,-1
"((BGTestAvgNumMeter >= 0.650) U[0,0] (BGTestAvgNumPtRep <= 5.679))
",1.995,19.126,0.000,0.000,1.000,1,0,0,2,3,0,1,2,0.3333333333333333,0.0,0.0,1.0,0.3333333333333333,0.6666666666666667,-1
"((BGTestAvgNumMeter >= 0.419) U[1,2] (BGTestAvgNumPtRep <= 6.916))
",-9999999.000,-9999999.000,0.000,0.000,1.000,1,0,0,2,3,0,1,2,0.3333333333333333,0.0,0.0,1.0,0.3333333333333333,0.6666666666666667,-1
"F[0,1](SMBGperDayPtMeterCombo <= 5.246 & Pt_SHFlg = 0.000)
",-9999999.000,-9999999.000,0.000,0.000,1.000,1,0,0,2,3,0,1,2,0.3333333333333333,0.0,0.0,1.0,0.3333333333333333,0.6666666666666667,-1
"F[0,0](age >= 16.607 & Pt_SHFlg = 0.000)
",-2.159,-45.270,0.000,0.000,1.000,1,0,0,2,3,0,1,2,0.3333333333333333,0.0,0.0,1.0,0.3333333333333333,0.6666666666666667,-1
"F[0,1](BGTestAvgNumPtRep <= 5.970 & Pt_SHFlg = 0.000)
",-9999999.000,-9999999.000,0.000,0.000,1.000,1,0,0,2,3,0,1,2,0.3333333333333333,0.0,0.0,1.0,0.3333333333333333,0.6666666666666667,-1
"((UnitsInsBasalOrLongAct >= 7.922) U[0,1] (BGTestAvgNumPtRep >= 4.986))
",-9999999.000,-9999999.000,0.000,0.000,1.000,1,0,0,2,3,0,1,2,0.3333333333333333,0.0,0.0,1.0,0.3333333333333333,0.6666666666666667,-1
"((diabDur >= 9.542) U[1,2] (WeightKg >= 68.337))
",-9999999.000,-9999999.000,0.000,0.000,1.000,1,0,0,2,3,0,1,2,0.3333333333333333,0.0,0.0,1.0,0.3333333333333333,0.6666666666666667,-1
"F[0,1](((bmi <= 24.587 -> GFR >= 9.975) & Triglyc >= 4.090) & Pt_ChildT1D <= 35.135)
",-9999999.000,-9999999.000,0.000,0.000,1.000,1,0,0,2,3,0,1,2,0.3333333333333333,0.0,0.0,1.0,0.3333333333333333,0.6666666666666667,-1
"F[0,0](AlbCreatRat_mggNew >= 0.437 | TSH >= 0.430)
",9.531,15.563,0.000,0.000,1.000,1,0,0,2,3,0,1,2,0.3333333333333333,0.0,0.0,1.0,0.3333333333333333,0.6666666666666667,-1
"((diabDur >= 10.025) U[1,1] (TotalDailyInsPerKg <= 0.905))
",0.905,0.905,0.000,0.000,1.000,1,0,0,2,3,0,1,2,0.3333333333333333,0.0,0.0,1.0,0.3333333333333333,0.6666666666666667,-1
"F[0,0](((BldPrDia <= 75.225 -> NumPumpBolusOrShortAct >= 0.813) & Pt_A1cGoalLevelDsYr5 <= 4.215) & BUN >= 0.407)
",0.813,0.813,0.000,0.000,1.000,1,0,0,2,3,0,1,2,0.3333333333333333,0.0,0.0,1.0,0.3333333333333333,0.6666666666666667,-1
"F[0,1](((Pt_A1cGoalLev >= 1.183 | UnitsInsBasalOrLongAct <= 18.660) -> Triglyc <= 28.324) | HeightCm <= 19.466)
",-9999999.000,-9999999.000,0.000,0.000,1.000,1,0,0,2,3,0,1,2,0.3333333333333333,0.0,0.0,1.0,0.3333333333333333,0.6666666666666667,-1
"F[0,1](((bmi >= 23.583 & TotalDailyInsPerKg >= 0.343) -> BldPrDia <= 0.827) -> Pt_A1cGoalLev >= 0.090)
",-9999999.000,-9999999.000,0.000,0.000,1.000,1,0,0,2,3,0,1,2,0.3333333333333333,0.0,0.0,1.0,0.3333333333333333,0.6666666666666667,-1
"F[1,1]((BGTestAvgNumMeter <= 1.525 & BUN <= 16.298) | HbA1cImputeDtMnC <= 16.207)
",16.207,16.207,0.000,0.000,1.000,1,0,0,2,3,0,1,2,0.3333333333333333,0.0,0.0,1.0,0.3333333333333333,0.6666666666666667,-1
"F[1,1](HbA1c >= 9.406 -> UnitsInsBasalOrLongAct <= 30.914)
",-30.914,-30.914,0.000,0.000,1.000,1,0,0,2,3,0,1,2,0.3333333333333333,0.0,0.0,1.0,0.3333333333333333,0.6666666666666667,-1
"F[0,1](((SMBGperDayPtMeterCombo >= 4.397 & TSH >= 0.223) & TotalDailyInsPerKg <= 2.301) | Pt_CGMUseNumDays >= 0.867)
",-9999999.000,-9999999.000,0.000,0.000,1.000,1,0,0,2,3,0,1,2,0.3333333333333333,0.0,0.0,1.0,0.3333333333333333,0.6666666666666667,-1
"((GFR <= 54.347) U[0,0] (age >= 15.431))
",132.049,53.925,0.000,0.000,1.000,1,0,0,2,3,0,1,2,0.3333333333333333,0.0,0.0,1.0,0.3333333333333333,0.6666666666666667,-1
"((TotalDailyInsPerKg <= 0.851) U[1,1] (AutonomicNeuroCl <= 0.000))
",0.851,0.851,0.000,0.000,1.000,1,0,0,2,3,0,1,2,0.3333333333333333,0.0,0.0,1.0,0.3333333333333333,0.6666666666666667,-1
"((age >= 16.837) U[1,1] (Pt_A1cGoalLevelDsYr5 <= 0.000))
",0.000,0.000,0.000,0.000,1.000,1,0,0,2,3,0,1,2,0.3333333333333333,0.0,0.0,1.0,0.3333333333333333,0.6666666666666667,-1
"((Pt_DKAFlg <= 0.000) U[0,0] (HDL >= 40.984))
",2.113,58.683,0.000,0.000,1.000,1,0,0,2,3,0,1,2,0.3333333333333333,0.0,0.0,1.0,0.3333333333333333,0.6666666666666667,-1
"F[0,0](TotalDailyInsPerKg >= 0.061 & diabDur <= 12.614)
",-2.493,-5.386,0.000,0.000,1.000,1,0,0,2,3,0,1,2,0.3333333333333333,0.0,0.0,1.0,0.3333333333333333,0.6666666666666667,-1
"((Pt_MotherT1D <= 0.000) U[0,0] (BGTestAvgNumMeter <= 1.059))
",0.707,0.353,0.000,0.000,1.000,1,0,0,2,3,0,1,2,0.3333333333333333,0.0,0.0,1.0,0.3333333333333333,0.6666666666666667,-1
"F[1,1](BUN >= 14.394 & HbA1cImputeDtMnC <= 59.480)
",-14.394,-14.394,0.000,0.000,1.000,1,0,0,2,3,0,1,2,0.3333333333333333,0.0,0.0,1.0,0.3333333333333333,0.6666666666666667,-1
"F[0,0](age >= 17.374 | LDL >= 103.437)
",-17.374,-17.374,0.000,0.000,1.000,1,0,0,2,3,0,1,2,0.3333333333333333,0.0,0.0,1.0,0.3333333333333333,0.6666666666666667,-1
"F[0,1]((TotChol <= 0.000 -> TotalDailyInsPerKg >= 0.075) -> BldPrDia <= 0.545)
",-9999999.000,-9999999.000,0.000,0.000,1.000,1,0,0,2,3,0,1,2,0.3333333333333333,0.0,0.0,1.0,0.3333333333333333,0.6666666666666667,-1
"G[1,1]((WeightKg >= 66.557 | bmi >= 22.749) -> UnitsInsBasalOrLongAct <= 27.676)
",-27.676,-27.676,0.000,1.000,0.000,1,0,0,2,3,0,1,2,0.3333333333333333,0.0,0.0,1.0,0.3333333333333333,0.6666666666666667,1
"G[0,0]((Pt_CGMUseNumDays >= 2.771 & Pt_SiblingT1D >= 0.000) & Pt_FatherT1D >= 0.000)
",0.000,0.000,0.000,1.000,0.000,1,0,0,2,3,0,1,2,0.3333333333333333,0.0,0.0,1.0,0.3333333333333333,0.6666666666666667,1
"G[1,1](((TotChol <= 0.000 | TotChol >= 0.000) & Pt_A1cGoalLev <= 0.000) -> diabDur <= 0.000)
",0.000,0.000,0.000,1.000,0.000,1,0,0,2,3,0,1,2,0.3333333333333333,0.0,0.0,1.0,0.3333333333333333,0.6666666666666667,1
"G[0,1](((diabDur <= 13.491 -> HbA1cImputeDtMnC <= 51.061) -> BGTestAvgNumPtRep >= 3.384) & diabDur >= 12.493)
",9999999.000,9999999.000,0.000,1.000,0.000,1,0,0,2,3,0,1,2,0.3333333333333333,0.0,0.0,1.0,0.3333333333333333,0.6666666666666667,1
"G[0,1]((Pt_CGMUseNumDays <= 22.191 | bmiPerc <= 0.682) -> bmiZscore <= 0.791)
",9999999.000,9999999.000,0.000,1.000,0.000,1,0,0,2,3,0,1,2,0.3333333333333333,0.0,0.0,1.0,0.3333333333333333,0.6666666666666667,1
"G[0,1](((Pt_GrandchildT1D <= 0.000 -> HDL >= 49.040) -> UnitsInsBasalOrLongAct >= 44.251) -> Pt_InsGov >= 48.608)
",9999999.000,9999999.000,0.000,1.000,0.000,1,0,0,2,3,0,1,2,0.3333333333333333,0.0,0.0,1.0,0.3333333333333333,0.6666666666666667,1
"G[1,1](bmiZscore >= 0.352 & TSH >= 0.797)
",-0.797,-0.797,0.000,1.000,0.000,1,0,0,2,3,0,1,2,0.3333333333333333,0.0,0.0,1.0,0.3333333333333333,0.6666666666666667,1
"G[1,1]((WeightKg >= 62.594 | bmi >= 24.201) -> UnitsInsBasalOrLongAct <= 17.979)
",-17.979,-17.979,0.000,1.000,0.000,1,0,0,2,3,0,1,2,0.3333333333333333,0.0,0.0,1.0,0.3333333333333333,0.6666666666666667,1
"G[0,1](LDL >= 63.062 & TSH >= 0.071)
",9999999.000,9999999.000,0.000,1.000,0.000,1,0,0,2,3,0,1,2,0.3333333333333333,0.0,0.0,1.0,0.3333333333333333,0.6666666666666667,1
"G[1,1]((WeightKg >= 69.054 | bmi >= 23.490) -> UnitsInsBasalOrLongAct <= 23.087)
",-23.087,-23.087,0.000,1.000,0.000,1,0,0,2,3,0,1,2,0.3333333333333333,0.0,0.0,1.0,0.3333333333333333,0.6666666666666667,1
"G[1,1](Pt_CGMUseNumDays >= 3.643 | Triglyc >= 91.329)
",-3.643,-3.643,0.000,1.000,0.000,1,0,0,2,3,0,1,2,0.3333333333333333,0.0,0.0,1.0,0.3333333333333333,0.6666666666666667,1
"G[0,0]((WeightKg >= 67.530 | bmi >= 22.975) -> UnitsInsBasalOrLongAct <= 17.845)
",-17.845,-17.845,0.000,1.000,0.000,1,0,0,2,3,0,1,2,0.3333333333333333,0.0,0.0,1.0,0.3333333333333333,0.6666666666666667,1
"G[0,0](((BldPrDia <= 74.379 | Pt_CGMUseNumDays <= 20.209) | TotalDailyInsPerKg <= 13.198) -> bmi <= 23.729)
",-23.729,-23.729,0.000,1.000,0.000,1,0,0,2,3,0,1,2,0.3333333333333333,0.0,0.0,1.0,0.3333333333333333,0.6666666666666667,1
"G[0,1](age >= 15.791 & BGTestAvgNumPtRep >= 4.722)
",9999999.000,9999999.000,0.000,1.000,0.000,1,0,0,2,3,0,1,2,0.3333333333333333,0.0,0.0,1.0,0.3333333333333333,0.6666666666666667,1
"G[0,0](((BUN <= 17.647 & HDL >= 40.621) & BldPrDia >= 41.468) | HeightCm <= 50.737)
",-3.008,-20.763,0.000,1.000,0.000,1,0,0,2,3,0,1,2,0.3333333333333333,0.0,0.0,1.0,0.3333333333333333,0.6666666666666667,1
"G[1,1]((bmiZscore >= 0.447 & HbA1cImputeDtMnC <= 50.275) | WeightKg <= 44.678)
",44.678,44.678,0.000,1.000,0.000,1,0,0,2,3,0,1,2,0.3333333333333333,0.0,0.0,1.0,0.3333333333333333,0.6666666666666667,1
"G[0,1](BUN <= 16.751 & diabDur >= 10.780)
",9999999.000,9999999.000,0.000,1.000,0.000,1,0,0,2,3,0,1,2,0.3333333333333333,0.0,0.0,1.0,0.3333333333333333,0.6666666666666667,1
"G[0,1](bmi >= 24.301 & bmiZscore <= 0.882)
",9999999.000,9999999.000,0.000,1.000,0.000,1,0,0,2,3,0,1,2,0.3333333333333333,0.0,0.0,1.0,0.3333333333333333,0.6666666666666667,1
"F[0,0](HbA1c >= 9.070 -> Pt_A1cGoalLevelDsYr5 = 0.000)
",0.000,0.000,0.000,0.000,1.000,0,0,0,3,3,0,0,3,0.0,0.0,0.0,0.0,0.0,1.0,-1
"((DirectLDL >= 0.000) U[2,2] (diagAgeCombo <= 7.000))
",7.000,7.000,0.000,0.000,1.000,0,0,0,3,3,0,0,3,0.0,0.0,0.0,0.0,0.0,1.0,-1
"G[0,2](Pt_GrandchildT1D <= 0.000 & BldPrSys >= 111.731)
",9999999.000,9999999.000,0.000,1.000,0.000,0,0,2,1,1,2,2,1,0.0,0.0,1.0,0.0,0.0,1.0,1
"F[2,2](UnitsInsBasalOrLongAct <= 27.872 & HbA1cImputeDtMnC <= 64.433)
",7845273053551485.000,27.872,0.000,0.000,1.000,0,0,0,3,3,0,0,3,0.0,0.0,0.0,0.0,0.0,1.0,-1
"((BGTestAvgNumMeter >= 0.009) U[0,2] (BGTestAvgNumPtRep <= 5.258))
",-9999999.000,-9999999.000,0.000,0.000,1.000,0,0,0,3,3,0,0,3,0.0,0.0,0.0,0.0,0.0,1.0,-1
"F[2,2](((diagAgeCombo <= 7.000 -> TSH >= 0.917) | bmi >= 0.566) -> Pt_SHFlg <= 1.135)
",-1.135,-1.135,0.000,0.000,1.000,0,0,0,3,3,0,0,3,0.0,0.0,0.0,0.0,0.0,1.0,-1
"F[2,2](TSH <= 2.763 -> WeightKg <= 76.261)
",-76.261,-76.261,0.000,0.000,1.000,0,0,0,3,3,0,0,3,0.0,0.0,0.0,0.0,0.0,1.0,-1
"F[2,2](((TotChol >= 0.000 | BGTestAvgNumMeter <= 2.414) -> BGTestAvgNumPtRep >= 0.459) | LDL >= 0.081)
",-0.081,-0.081,0.000,0.000,1.000,0,0,0,3,3,0,0,3,0.0,0.0,0.0,0.0,0.0,1.0,-1
"F[0,2](diagAgeCombo >= 7.000 & HbA1c >= 9.281)
",-9999999.000,-9999999.000,0.000,0.000,1.000,0,0,0,3,3,0,0,3,0.0,0.0,0.0,0.0,0.0,1.0,-1
"F[0,1](HbA1c >= 8.438 -> Pt_A1cGoalLevelDsYr5 = 0.000)
",-9999999.000,-9999999.000,0.000,0.000,1.000,0,0,0,3,3,0,0,3,0.0,0.0,0.0,0.0,0.0,1.0,-1
"F[1,2](((Pt_GrandchildT1D <= 0.000 -> Pt_SHFlg >= 0.000) -> DirectLDL >= 0.000) | Pt_FatherT1D >= 0.000)
",-9999999.000,-9999999.000,0.000,0.000,1.000,0,0,0,3,3,0,0,3,0.0,0.0,0.0,0.0,0.0,1.0,-1
"F[2,2](((Pt_GrandparentT1D <= 0.000 -> diabDur <= 13.903) | GFR >= 10.904) | Pt_SHFlg >= 8.474)
",-8.474,-8.474,0.000,0.000,1.000,0,0,0,3,3,0,0,3,0.0,0.0,0.0,0.0,0.0,1.0,-1
"F[0,1](((HbA1c <= 11.530 & age <= 20.422) -> Pt_A1cGoalLev >= 15.645) | Pt_GrandparentT1D <= 20.902)
",-9999999.000,-9999999.000,0.000,0.000,1.000,0,0,0,3,3,0,0,3,0.0,0.0,0.0,0.0,0.0,1.0,-1
"F[1,2]((bmi <= 25.495 & HbA1c >= 8.819) | Pt_SHFlg <= 11.094)
",-9999999.000,-9999999.000,0.000,0.000,1.000,0,0,0,3,3,0,0,3,0.0,0.0,0.0,0.0,0.0,1.0,-1
"F[1,1](HeightCm >= 170.242 | UnitsInsBasalOrLongAct <= 29.002)
",29.002,29.002,0.000,0.000,1.000,0,0,0,3,3,0,0,3,0.0,0.0,0.0,0.0,0.0,1.0,-1
"F[0,2]((age >= 16.181 & bmiPerc >= 0.065) & Pt_DKAFlg >= 0.026)
",-9999999.000,-9999999.000,0.000,0.000,1.000,0,0,0,3,3,0,0,3,0.0,0.0,0.0,0.0,0.0,1.0,-1
"F[0,0](((bmiZscore >= 0.083 -> HeightCm <= 171.407) -> TSH <= 171.677) & TSH <= 171.817)
",-204.137,-166.677,0.000,0.000,1.000,0,0,0,3,3,0,0,3,0.0,0.0,0.0,0.0,0.0,1.0,-1
"F[0,2](bmiPerc <= 0.687 & HbA1cImputeDtMnC >= 9.117)
",-9999999.000,-9999999.000,0.000,0.000,1.000,0,0,0,3,3,0,0,3,0.0,0.0,0.0,0.0,0.0,1.0,-1
"F[1,2]((bmi >= 23.990 | TSH <= 1.807) -> WeightKg >= 1.018)
",-9999999.000,-9999999.000,0.000,0.000,1.000,0,0,0,3,3,0,0,3,0.0,0.0,0.0,0.0,0.0,1.0,-1
"F[0,1](((bmi <= 24.626 & Triglyc <= 204.626) & SMBGperDayPtMeterCombo <= 192.553) -> Pt_InsGov <= 138.732)
",-9999999.000,-9999999.000,0.000,0.000,1.000,0,0,0,3,3,0,0,3,0.0,0.0,0.0,0.0,0.0,1.0,-1
"((diagAgeCombo >= 7.000) U[2,2] (Pt_SHFlg = 0.000))
",0.000,0.000,0.000,0.000,1.000,0,0,0,3,3,0,0,3,0.0,0.0,0.0,0.0,0.0,1.0,-1
"F[1,2]((BldPrDia >= 64.067 | LDL <= 121.873) | TotalDailyInsPerKg >= 102.552)
",-9999999.000,-9999999.000,0.000,0.000,1.000,0,0,0,3,3,0,0,3,0.0,0.0,0.0,0.0,0.0,1.0,-1
"F[1,2](((TotalDailyInsPerKg <= 0.603 | UnitsInsBasalOrLongAct >= 6.814) | DirectLDL >= 17.524) | BldPrSys >= 5.152)
",-9999999.000,-9999999.000,0.000,0.000,1.000,0,0,0,3,3,0,0,3,0.0,0.0,0.0,0.0,0.0,1.0,-1
"F[0,1](((HbA1cImputeDtMnC >= 23.652 | NumPumpBolusOrShortAct >= 0.292) | bmiZscore <= 2.610) | Pt_FatherT1D <= 1.542)
",-9999999.000,-9999999.000,0.000,0.000,1.000,0,0,0,3,3,0,0,3,0.0,0.0,0.0,0.0,0.0,1.0,-1
"((BGTestAvgNumMeter <= 1.414) U[0,2] (BldPrSys >= 115.231))
",-9999999.000,-9999999.000,0.000,0.000,1.000,0,0,0,3,3,0,0,3,0.0,0.0,0.0,0.0,0.0,1.0,-1
"F[2,2](BUN <= 17.645 & Triglyc <= 150.725)
",17.645,17.645,0.000,0.000,1.000,0,0,0,3,3,0,0,3,0.0,0.0,0.0,0.0,0.0,1.0,-1
"((HbA1c <= 12.175) U[0,2] (Pt_SHFlg = 0.000))
",-9999999.000,-9999999.000,0.000,0.000,1.000,0,0,0,3,3,0,0,3,0.0,0.0,0.0,0.0,0.0,1.0,-1
"((Pt_MotherT1D < 0.000) U[0,1] (Pt_SHFlg = 0.000))
",-9999999.000,-9999999.000,0.000,0.000,1.000,0,0,0,3,3,0,0,3,0.0,0.0,0.0,0.0,0.0,1.0,-1
"F[1,2](((bmiZscore >= 0.423 & HbA1cImputeDtMnC <= 56.897) & HbA1c >= 20.854) -> Pt_CGMUseNumDays >= 40.754)
",-9999999.000,-9999999.000,0.000,0.000,1.000,0,0,0,3,3,0,0,3,0.0,0.0,0.0,0.0,0.0,1.0,-1
"F[2,2](age <= 19.341 -> NumPumpBolusOrShortAct >= 0.247)
",-19.341,-19.341,0.000,0.000,1.000,0,0,0,3,3,0,0,3,0.0,0.0,0.0,0.0,0.0,1.0,-1
"((BGTestAvgNumPtRep <= 6.880) U[0,2] (BUN >= 14.726))
",-9999999.000,-9999999.000,0.000,0.000,1.000,0,0,0,3,3,0,0,3,0.0,0.0,0.0,0.0,0.0,1.0,-1
"F[1,2](((BldPrDia >= 64.706 -> UnitsInsBasalOrLongAct <= 20.867) -> Pt_GrandchildT1D <= 24.572) -> BGTestAvgNumPtRep >= 4.844)
",-9999999.000,-9999999.000,0.000,0.000,1.000,0,0,0,3,3,0,0,3,0.0,0.0,0.0,0.0,0.0,1.0,-1
"F[2,2](((age <= 19.173 | HeightCm >= 170.349) & HbA1c >= 170.178) -> HbA1c >= 170.157)
",170.157,170.157,0.000,0.000,1.000,0,0,0,3,3,0,0,3,0.0,0.0,0.0,0.0,0.0,1.0,-1
"F[0,2](((BldPrDia <= 71.490 & HbA1cImputeDtMnC >= 37.840) & Pt_SHFlg <= 75.667) & TotChol <= 68.260)
",-9999999.000,-9999999.000,0.000,0.000,1.000,0,0,0,3,3,0,0,3,0.0,0.0,0.0,0.0,0.0,1.0,-1
"F[1,2](((BldPrDia <= 70.907 -> diabDur >= 9.440) | Pt_SiblingT1D >= 8.145) & HDL <= 13.771)
",-9999999.000,-9999999.000,0.000,0.000,1.000,0,0,0,3,3,0,0,3,0.0,0.0,0.0,0.0,0.0,1.0,-1
"((BldPrDia >= 67.334) U[0,0] (Pt_SHFlg = 0.000))
",6.211,53.666,0.000,0.000,1.000,0,0,0,3,3,0,0,3,0.0,0.0,0.0,0.0,0.0,1.0,-1
"F[1,2]((HbA1cImputeDtMnC <= 71.268 & HeightCm <= 171.477) | Pt_SiblingT1D <= 172.115)
",-9999999.000,-9999999.000,0.000,0.000,1.000,0,0,0,3,3,0,0,3,0.0,0.0,0.0,0.0,0.0,1.0,-1
"F[0,0]((BldPrSys >= 116.817 & GFR >= 16.047) | diagAgeCombo <= 18.561)
",18.561,18.561,0.000,0.000,1.000,0,0,0,3,3,0,0,3,0.0,0.0,0.0,0.0,0.0,1.0,-1
"F[1,2](BUN > 15.637 -> Pt_SHFlg = 0.000)
",-9999999.000,-9999999.000,0.000,0.000,1.000,0,0,0,3,3,0,0,3,0.0,0.0,0.0,0.0,0.0,1.0,-1
"F[1,2](HbA1c >= 9.081 -> Pt_A1cGoalLevelDsYr5 = 0.000)
",-9999999.000,-9999999.000,0.000,0.000,1.000,0,0,0,3,3,0,0,3,0.0,0.0,0.0,0.0,0.0,1.0,-1
"F[1,2](Pt_FatherT1D <= 0.000 -> Pt_SiblingT1D <= 0.000)
",-9999999.000,-9999999.000,0.000,0.000,1.000,0,0,0,3,3,0,0,3,0.0,0.0,0.0,0.0,0.0,1.0,-1
"F[0,2](Pt_A1cGoalLevelDsYr5 > 0.000 & Pt_SHFlg = 0.000)
",-9999999.000,-9999999.000,0.000,0.000,1.000,0,0,0,3,3,0,0,3,0.0,0.0,0.0,0.0,0.0,1.0,-1
"F[1,2](((BldPrSys >= 111.547 & bmiPerc >= 0.030) | diagAgeCombo <= 0.766) & Pt_CGMUseNumDays <= 0.756)
",-9999999.000,-9999999.000,0.000,0.000,1.000,0,0,0,3,3,0,0,3,0.0,0.0,0.0,0.0,0.0,1.0,-1
"F[0,0](HbA1c >= 8.977 -> Pt_A1cGoalLevelDsYr5 = 0.000)
",0.000,0.000,0.000,0.000,1.000,0,0,0,3,3,0,0,3,0.0,0.0,0.0,0.0,0.0,1.0,-1
"F[0,1](((bmi <= 24.437 -> Pt_ChildT1D >= 0.000) -> SMBGperDayPtMeterCombo <= 0.000) | SMBGperDayPtMeterCombo >= 0.000)
",-9999999.000,-9999999.000,0.000,0.000,1.000,0,0,0,3,3,0,0,3,0.0,0.0,0.0,0.0,0.0,1.0,-1
"F[1,2](((Triglyc >= 111.393 & Triglyc >= 81.999) -> Pt_MotherT1D <= 200.311) | WeightKg >= 99.857)
",-9999999.000,-9999999.000,0.000,0.000,1.000,0,0,0,3,3,0,0,3,0.0,0.0,0.0,0.0,0.0,1.0,-1
"F[0,1](((bmiZscore >= 0.290 | UnitsInsBasalOrLongAct <= 24.327) & DirectLDL <= 30.622) -> bmiPerc <= 23.242)
",-9999999.000,-9999999.000,0.000,0.000,1.000,0,0,0,3,3,0,0,3,0.0,0.0,0.0,0.0,0.0,1.0,-1
"F[1,2]((TotChol >= 0.000 & HDL <= 55.643) | Pt_GrandchildT1D >= 40.090)
",-9999999.000,-9999999.000,0.000,0.000,1.000,0,0,0,3,3,0,0,3,0.0,0.0,0.0,0.0,0.0,1.0,-1
"F[1,2]((diabDur <= 13.947 -> BldPrSys <= 124.199) -> BUN <= 124.957)
",-9999999.000,-9999999.000,0.000,0.000,1.000,0,0,0,3,3,0,0,3,0.0,0.0,0.0,0.0,0.0,1.0,-1
"F[0,2]((bmiZscore >= -0.047 | Pt_CGMUseNumDays >= 0.240) & diagAgeCombo >= 0.633)
",-9999999.000,-9999999.000,0.000,0.000,1.000,0,0,0,3,3,0,0,3,0.0,0.0,0.0,0.0,0.0,1.0,-1
"F[1,1](HeightCm <= 171.980 -> Pt_SiblingT1D <= 0.000)
",-171.980,-171.980,0.000,0.000,1.000,0,0,0,3,3,0,0,3,0.0,0.0,0.0,0.0,0.0,1.0,-1
"F[2,2](((Pt_SHFlg <= 0.000 & TotalDailyInsPerKg <= 0.661) -> UnitsInsBasalOrLongAct <= 0.692) -> NumPumpBolusOrShortAct <= 0.702)
",-0.702,-0.702,0.000,0.000,1.000,0,0,0,3,3,0,0,3,0.0,0.0,0.0,0.0,0.0,1.0,-1
"((Pt_GrandchildT1D <= 0.000) U[1,2] (SMBGperDayPtMeterCombo >= 4.039))
",-9999999.000,-9999999.000,0.000,0.000,1.000,0,0,0,3,3,0,0,3,0.0,0.0,0.0,0.0,0.0,1.0,-1
"F[0,0]((Pt_GrandchildT1D <= 0.000 | AlbCreatRat_mggNew <= 1.982) | HDL <= 0.705)
",0.000,0.000,0.000,0.000,1.000,0,0,0,3,3,0,0,3,0.0,0.0,0.0,0.0,0.0,1.0,-1
"((BGTestAvgNumMeter <= 0.740) U[0,2] (bmiZscore <= 0.636))
",-9999999.000,-9999999.000,0.000,0.000,1.000,0,0,0,3,3,0,0,3,0.0,0.0,0.0,0.0,0.0,1.0,-1
"F[1,2](HbA1c >= 8.883 -> Pt_A1cGoalLevelDsYr5 = 0.000)
",-9999999.000,-9999999.000,0.000,0.000,1.000,0,0,0,3,3,0,0,3,0.0,0.0,0.0,0.0,0.0,1.0,-1
"F[0,2](bmi >= 22.513 | Pt_A1cGoalLevelDsYr5 >= 0.000)
",-9999999.000,-9999999.000,0.000,0.000,1.000,0,0,0,3,3,0,0,3,0.0,0.0,0.0,0.0,0.0,1.0,-1
"F[2,2]((DirectLDL >= 0.000 -> UnitsInsBasalOrLongAct <= 23.706) & BGTestAvgNumMeter >= 2.603)
",-23.706,-23.706,0.000,0.000,1.000,0,0,0,3,3,0,0,3,0.0,0.0,0.0,0.0,0.0,1.0,-1
"F[0,1]((BGTestAvgNumMeter >= 0.182 & Pt_A1cGoalLevelDsYr5 >= 0.000) -> BGTestAvgNumPtRep <= 0.000)
",-9999999.000,-9999999.000,0.000,0.000,1.000,0,0,0,3,3,0,0,3,0.0,0.0,0.0,0.0,0.0,1.0,-1
"F[1,2](((AutonomicNeuroCl <= 0.000 & WeightKg >= 71.031) | BldPrSys <= 75.592) | bmi <= 76.097)
",-9999999.000,-9999999.000,0.000,0.000,1.000,0,0,0,3,3,0,0,3,0.0,0.0,0.0,0.0,0.0,1.0,-1
"F[0,2](HbA1cImputeDtMnC >= 14.250 & Pt_A1cGoalLev >= 0.917)
",-9999999.000,-9999999.000,0.000,0.000,1.000,0,0,0,3,3,0,0,3,0.0,0.0,0.0,0.0,0.0,1.0,-1
"F[2,2](((BldPrDia <= 75.391 & TotChol <= 0.000) -> HbA1cImputeDtMnC <= 0.000) -> Pt_SHFlg <= 0.000)
",0.000,0.000,0.000,0.000,1.000,0,0,0,3,3,0,0,3,0.0,0.0,0.0,0.0,0.0,1.0,-1
"F[0,2](((BldPrSys >= 114.654 | Pt_GrandchildT1D >= 0.000) | TotalDailyInsPerKg >= 0.000) | age <= 0.000)
",-9999999.000,-9999999.000,0.000,0.000,1.000,0,0,0,3,3,0,0,3,0.0,0.0,0.0,0.0,0.0,1.0,-1
"F[0,2]((AutonomicNeuroCl >= 0.000 | Triglyc <= 148.983) -> bmiZscore >= 99.191)
",-9999999.000,-9999999.000,0.000,0.000,1.000,0,0,0,3,3,0,0,3,0.0,0.0,0.0,0.0,0.0,1.0,-1
"F[0,1](bmiPerc >= 0.162 & Pt_MotherT1D <= 0.000)
",-9999999.000,-9999999.000,0.000,0.000,1.000,0,0,0,3,3,0,0,3,0.0,0.0,0.0,0.0,0.0,1.0,-1
"F[1,2](((Pt_ChildT1D >= 0.000 | BUN >= 14.095) & TotChol >= 16.109) & UnitsInsBasalOrLongAct >= 14.611)
",-9999999.000,-9999999.000,0.000,0.000,1.000,0,0,0,3,3,0,0,3,0.0,0.0,0.0,0.0,0.0,1.0,-1
"((BGTestAvgNumMeter >= 0.135) U[0,2] (BGTestAvgNumPtRep <= 6.142))
",-9999999.000,-9999999.000,0.000,0.000,1.000,0,0,0,3,3,0,0,3,0.0,0.0,0.0,0.0,0.0,1.0,-1
"F[0,1](LDL <= 138.841 & Pt_FatherT1D <= 0.000)
",-9999999.000,-9999999.000,0.000,0.000,1.000,0,0,0,3,3,0,0,3,0.0,0.0,0.0,0.0,0.0,1.0,-1
"F[1,2]((TotChol <= 0.000 | diagAgeCombo >= 7.000) & NumPumpBolusOrShortAct <= 7.000)
",-9999999.000,-9999999.000,0.000,0.000,1.000,0,0,0,3,3,0,0,3,0.0,0.0,0.0,0.0,0.0,1.0,-1
"F[0,0](HDL <= 50.454 -> Pt_InsGov <= 0.000)
",0.000,0.000,0.000,0.000,1.000,0,0,0,3,3,0,0,3,0.0,0.0,0.0,0.0,0.0,1.0,-1
"F[0,1]((AutonomicNeuroCl >= 0.000 -> Pt_A1cGoalLev >= 1.313) | LDL >= 1.004)
",-9999999.000,-9999999.000,0.000,0.000,1.000,0,0,0,3,3,0,0,3,0.0,0.0,0.0,0.0,0.0,1.0,-1
"((Pt_InsGov <= 0.000) U[2,2] (bmiZscore >= 0.444))
",0.000,0.000,0.000,0.000,1.000,0,0,0,3,3,0,0,3,0.0,0.0,0.0,0.0,0.0,1.0,-1
"F[1,2](((AutonomicNeuroCl >= 0.000 & HbA1c >= 9.565) -> TSH <= 9.980) | Pt_SHFlg >= 9.184)
",-9999999.000,-9999999.000,0.000,0.000,1.000,0,0,0,3,3,0,0,3,0.0,0.0,0.0,0.0,0.0,1.0,-1
"F[2,2](((Pt_SiblingT1D <= 0.000 -> age <= 18.519) | bmiZscore >= 17.694) -> Triglyc >= 17.801)
",17.694,17.694,0.000,0.000,1.000,0,0,0,3,3,0,0,3,0.0,0.0,0.0,0.0,0.0,1.0,-1
"F[0,1]((NumPumpBolusOrShortAct <= 3.361 -> HbA1cImputeDtMnC >= 22.354) & bmiZscore <= 49.610)
",-9999999.000,-9999999.000,0.000,0.000,1.000,0,0,0,3,3,0,0,3,0.0,0.0,0.0,0.0,0.0,1.0,-1
"((NumPumpBolusOrShortAct <= 4.034) U[0,1] (Pt_SHFlg >= 0.000))
",-9999999.000,-9999999.000,0.000,0.000,1.000,0,0,0,3,3,0,0,3,0.0,0.0,0.0,0.0,0.0,1.0,-1
"F[0,0]((Pt_CGMUseNumDays >= 2.470 | Pt_DKAFlg >= 0.000) -> GFR >= 0.000)
",-11609.530,-11609.530,0.000,0.000,1.000,0,0,0,3,3,0,0,3,0.0,0.0,0.0,0.0,0.0,1.0,-1
"((bmiPerc >= 0.480) U[1,2] (HeightCm <= 171.819))
",-9999999.000,-9999999.000,0.000,0.000,1.000,0,0,0,3,3,0,0,3,0.0,0.0,0.0,0.0,0.0,1.0,-1
"F[2,2]((HDL >= 49.131 | TotChol <= 0.000) | Pt_SHFlg <= 0.000)
",0.000,0.000,0.000,0.000,1.000,0,0,0,3,3,0,0,3,0.0,0.0,0.0,0.0,0.0,1.0,-1
"F[1,1]((bmiZscore <= 0.564 | Pt_GrandchildT1D >= 0.000) | Triglyc >= 0.000)
",0.564,0.564,0.000,0.000,1.000,0,0,0,3,3,0,0,3,0.0,0.0,0.0,0.0,0.0,1.0,-1
"F[2,2](((GFR >= 9.927 | BldPrSys >= 113.376) & bmi >= 112.495) | HbA1cImputeDtMnC >= 109.461)
",-109.461,-109.461,0.000,0.000,1.000,0,0,0,3,3,0,0,3,0.0,0.0,0.0,0.0,0.0,1.0,-1
"((Pt_DKAFlg <= 0.000) U[0,0] (Pt_GrandchildT1D <= 0.000))
",0.000,0.000,0.000,0.000,1.000,0,0,0,3,3,0,0,3,0.0,0.0,0.0,0.0,0.0,1.0,-1
"F[1,2](HbA1cImputeDtMnC >= 29.662 | Pt_GrandchildT1D <= 0.000)
",-9999999.000,-9999999.000,0.000,0.000,1.000,0,0,0,3,3,0,0,3,0.0,0.0,0.0,0.0,0.0,1.0,-1
"F[1,2]((HDL <= 55.830 | Pt_ChildT1D <= 0.000) | bmiPerc >= 0.000)
",-9999999.000,-9999999.000,0.000,0.000,1.000,0,0,0,3,3,0,0,3,0.0,0.0,0.0,0.0,0.0,1.0,-1
"F[0,2](HbA1c >= 8.544 -> Pt_A1cGoalLevelDsYr5 = 0.000)
",-9999999.000,-9999999.000,0.000,0.000,1.000,0,0,0,3,3,0,0,3,0.0,0.0,0.0,0.0,0.0,1.0,-1
"((TSH <= 1.787) U[0,1] (DirectLDL <= 0.000))
",-9999999.000,-9999999.000,0.000,0.000,1.000,0,0,0,3,3,0,0,3,0.0,0.0,0.0,0.0,0.0,1.0,-1
"((bmiZscore >= 0.056) U[0,2] (Pt_MotherT1D <= 0.000))
",-9999999.000,-9999999.000,0.000,0.000,1.000,0,0,0,3,3,0,0,3,0.0,0.0,0.0,0.0,0.0,1.0,-1
"((Pt_InsGov >= 0.000) U[0,1] (DirectLDL >= 0.000))
",-9999999.000,-9999999.000,0.000,0.000,1.000,0,0,0,3,3,0,0,3,0.0,0.0,0.0,0.0,0.0,1.0,-1
"F[0,2](((LDL <= 116.067 & Pt_SHFlg <= 0.000) & TotalDailyInsPerKg >= 0.000) -> diabDur <= 0.000)
",-9999999.000,-9999999.000,0.000,0.000,1.000,0,0,0,3,3,0,0,3,0.0,0.0,0.0,0.0,0.0,1.0,-1
"F[2,2](((LDL <= 129.682 & Pt_GrandchildT1D >= 0.000) & WeightKg >= 0.000) -> Triglyc <= 0.000)
",0.000,0.000,0.000,0.000,1.000,0,0,0,3,3,0,0,3,0.0,0.0,0.0,0.0,0.0,1.0,-1
"F[0,0]((TotChol <= 0.000 -> age <= 20.981) | bmiPerc <= 18.347)
",-2.793,-5.980,0.000,0.000,1.000,0,0,0,3,3,0,0,3,0.0,0.0,0.0,0.0,0.0,1.0,-1
"((BGTestAvgNumMeter >= 0.081) U[0,1] (BGTestAvgNumPtRep <= 6.049))
",-9999999.000,-9999999.000,0.000,0.000,1.000,0,0,0,3,3,0,0,3,0.0,0.0,0.0,0.0,0.0,1.0,-1
"F[1,2](Pt_InsGov >= 0.000 -> Pt_CGMUseNumDays >= 3.058)
",-9999999.000,-9999999.000,0.000,0.000,1.000,0,0,0,3,3,0,0,3,0.0,0.0,0.0,0.0,0.0,1.0,-1
"((Pt_SiblingT1D <= 0.000) U[1,2] (Pt_ChildT1D <= 0.000))
",-9999999.000,-9999999.000,0.000,0.000,1.000,0,0,0,3,3,0,0,3,0.0,0.0,0.0,0.0,0.0,1.0,-1
"F[1,1](HbA1c >= 9.185 -> Pt_A1cGoalLevelDsYr5 = 0.000)
",0.000,0.000,0.000,0.000,1.000,0,0,0,3,3,0,0,3,0.0,0.0,0.0,0.0,0.0,1.0,-1
"((BGTestAvgNumMeter >= 0.167) U[0,2] (BGTestAvgNumPtRep <= 6.428))
",-9999999.000,-9999999.000,0.000,0.000,1.000,0,0,0,3,3,0,0,3,0.0,0.0,0.0,0.0,0.0,1.0,-1
"F[0,2]((AutonomicNeuroCl >= 0.000 & LDL <= 122.178) | Pt_DKAFlg <= 137.717)
",-9999999.000,-9999999.000,0.000,0.000,1.000,0,0,0,3,3,0,0,3,0.0,0.0,0.0,0.0,0.0,1.0,-1
"F[0,1](((bmiZscore >= -0.079 -> Pt_ChildT1D <= 0.000) & Pt_FatherT1D >= 0.000) | Pt_GrandchildT1D >= 0.000)
",-9999999.000,-9999999.000,0.000,0.000,1.000,0,0,0,3,3,0,0,3,0.0,0.0,0.0,0.0,0.0,1.0,-1
"F[0,2]((HeightCm >= 170.033 & TSH <= 2.278) | Pt_InsGov >= 0.259)
",-9999999.000,-9999999.000,0.000,0.000,1.000,0,0,0,3,3,0,0,3,0.0,0.0,0.0,0.0,0.0,1.0,-1
"F[1,2]((diabDur <= 12.263 & Triglyc >= 102.982) -> Pt_GrandchildT1D <= 191.672)
",-9999999.000,-9999999.000,0.000,0.000,1.000,0,0,0,3,3,0,0,3,0.0,0.0,0.0,0.0,0.0,1.0,-1
"F[0,0](((TSH <= 1.658 -> WeightKg >= 66.419) & Pt_GrandchildT1D >= 70.265) -> age >= 66.919)
",66.919,66.919,0.000,0.000,1.000,0,0,0,3,3,0,0,3,0.0,0.0,0.0,0.0,0.0,1.0,-1
"((diabDur < 12.868) U[0,1] (Pt_SHFlg = 0.000))
",-9999999.000,-9999999.000,0.000,0.000,1.000,0,0,0,3,3,0,0,3,0.0,0.0,0.0,0.0,0.0,1.0,-1
"F[1,2](HDL <= 51.266 | HeightCm >= 170.247)
",-9999999.000,-9999999.000,0.000,0.000,1.000,0,0,0,3,3,0,0,3,0.0,0.0,0.0,0.0,0.0,1.0,-1
"((Pt_A1cGoalLevelDsYr5 <= 0.000) U[1,2] (Pt_SHFlg = 0.000))
",-9999999.000,-9999999.000,0.000,0.000,1.000,0,0,0,3,3,0,0,3,0.0,0.0,0.0,0.0,0.0,1.0,-1
"F[2,2]((BGTestAvgNumMeter <= 1.154 & TotalDailyInsPerKg <= 0.732) -> GFR <= 0.538)
",-0.732,-0.732,0.000,0.000,1.000,0,0,0,3,3,0,0,3,0.0,0.0,0.0,0.0,0.0,1.0,-1
"((BUN <= 17.570) U[0,0] (TSH <= 2.546))
",-3.006,-2.454,0.000,0.000,1.000,0,0,0,3,3,0,0,3,0.0,0.0,0.0,0.0,0.0,1.0,-1
"F[2,2](((Pt_A1cGoalLev <= 7.385 -> Triglyc >= 105.496) & GFR <= 147.592) -> bmiPerc >= 84.831)
",7.385,7.385,0.000,0.000,1.000,0,0,0,3,3,0,0,3,0.0,0.0,0.0,0.0,0.0,1.0,-1
"F[1,1](BldPrSys <= 119.286 -> Pt_SHFlg = 0.000)
",-119.286,-119.286,0.000,0.000,1.000,0,0,0,3,3,0,0,3,0.0,0.0,0.0,0.0,0.0,1.0,-1
"F[2,2](((HbA1c >= 8.524 -> Pt_A1cGoalLev <= 3.908) | WeightKg <= 2.230) -> bmiZscore <= 6.022)
",-6.022,-6.022,0.000,0.000,1.000,0,0,0,3,3,0,0,3,0.0,0.0,0.0,0.0,0.0,1.0,-1
"F[1,1]((BGTestAvgNumMeter <= 1.795 | NumPumpBolusOrShortAct <= 4.253) & TotalDailyInsPerKg <= 4.072)
",4.072,4.072,0.000,0.000,1.000,0,0,0,3,3,0,0,3,0.0,0.0,0.0,0.0,0.0,1.0,-1
"((BGTestAvgNumPtRep <= 5.485) U[2,2] (Triglyc >= 107.319))
",5.485,5.485,0.000,0.000,1.000,0,0,0,3,3,0,0,3,0.0,0.0,0.0,0.0,0.0,1.0,-1
"F[0,2]((HbA1c >= 8.526 -> LDL >= 99.328) -> LDL >= 76.810)
",-9999999.000,-9999999.000,0.000,0.000,1.000,0,0,0,3,3,0,0,3,0.0,0.0,0.0,0.0,0.0,1.0,-1
"F[2,2]((HeightCm <= 172.011 | Triglyc <= 134.984) -> diabDur >= 88.926)
",-6052096176332589.000,-172.011,0.000,0.000,1.000,0,0,0,3,3,0,0,3,0.0,0.0,0.0,0.0,0.0,1.0,-1
"F[1,2]((BldPrSys >= 110.922 & HbA1c <= 11.317) -> DirectLDL >= 9.668)
",-9999999.000,-9999999.000,0.000,0.000,1.000,0,0,0,3,3,0,0,3,0.0,0.0,0.0,0.0,0.0,1.0,-1
"F[0,0]((HbA1c >= 9.669 | TSH >= 0.857) | BUN >= 0.457)
",2.918,137.876,0.000,0.000,1.000,0,0,0,3,3,0,0,3,0.0,0.0,0.0,0.0,0.0,1.0,-1
"F[0,2](AlbCreatRat_mggNew >= 0.317 -> UnitsInsBasalOrLongAct >= 11.031)
",-9999999.000,-9999999.000,0.000,0.000,1.000,0,0,0,3,3,0,0,3,0.0,0.0,0.0,0.0,0.0,1.0,-1
"F[0,2](((HbA1c >= 8.591 & HbA1cImputeDtMnC <= 53.038) & age <= 68.358) | Pt_CGMUseNumDays >= 18.672)
",-9999999.000,-9999999.000,0.000,0.000,1.000,0,0,0,3,3,0,0,3,0.0,0.0,0.0,0.0,0.0,1.0,-1
"F[0,1](((BldPrSys <= 125.780 -> bmiPerc >= 0.227) | Pt_MotherT1D <= 0.801) | WeightKg >= 0.480)
",-9999999.000,-9999999.000,0.000,0.000,1.000,0,0,0,3,3,0,0,3,0.0,0.0,0.0,0.0,0.0,1.0,-1
"F[1,2]((HDL <= 53.767 | TSH <= 1.621) | BGTestAvgNumMeter >= 0.578)
",-9999999.000,-9999999.000,0.000,0.000,1.000,0,0,0,3,3,0,0,3,0.0,0.0,0.0,0.0,0.0,1.0,-1
"((HbA1c <= 12.391) U[2,2] (WeightKg <= 71.575))
",71.575,71.575,0.000,0.000,1.000,0,0,0,3,3,0,0,3,0.0,0.0,0.0,0.0,0.0,1.0,-1
"F[0,1](GFR >= 11.091 | HeightCm <= 171.287)
",-9999999.000,-9999999.000,0.000,0.000,1.000,0,0,0,3,3,0,0,3,0.0,0.0,0.0,0.0,0.0,1.0,-1
"F[1,2](bmi <= 24.989 | BUN >= 14.947)
",-9999999.000,-9999999.000,0.000,0.000,1.000,0,0,0,3,3,0,0,3,0.0,0.0,0.0,0.0,0.0,1.0,-1
"((Pt_GrandparentT1D < 0.000) U[0,2] (Pt_SHFlg = 0.000))
",-9999999.000,-9999999.000,0.000,0.000,1.000,0,0,0,3,3,0,0,3,0.0,0.0,0.0,0.0,0.0,1.0,-1
"F[1,2]((BGTestAvgNumMeter >= 0.212 | SMBGperDayPtMeterCombo <= 6.321) -> BldPrSys <= 6.724)
",-9999999.000,-9999999.000,0.000,0.000,1.000,0,0,0,3,3,0,0,3,0.0,0.0,0.0,0.0,0.0,1.0,-1
"F[2,2]((bmiPerc <= 0.673 | BUN <= 17.046) | Pt_SiblingT1D >= 14.785)
",17.046,17.046,0.000,0.000,1.000,0,0,0,3,3,0,0,3,0.0,0.0,0.0,0.0,0.0,1.0,-1
"((Pt_A1cGoalLev <= 3.267) U[0,2] (WeightKg <= 76.084))
",-9999999.000,-9999999.000,0.000,0.000,1.000,0,0,0,3,3,0,0,3,0.0,0.0,0.0,0.0,0.0,1.0,-1
"((BUN >= 15.849) U[1,2] (GFR >= 3.713))
",-9999999.000,-9999999.000,0.000,0.000,1.000,0,0,0,3,3,0,0,3,0.0,0.0,0.0,0.0,0.0,1.0,-1
"((NumPumpBolusOrShortAct > 0.202) U[0,0] (Pt_SHFlg = 0.000))
",-7262680116594453.000,-0.202,0.000,0.000,1.000,0,0,0,3,3,0,0,3,0.0,0.0,0.0,0.0,0.0,1.0,-1
"F[0,2](BldPrDia >= 68.564 & Triglyc <= 165.375)
",-9999999.000,-9999999.000,0.000,0.000,1.000,0,0,0,3,3,0,0,3,0.0,0.0,0.0,0.0,0.0,1.0,-1
"F[1,2](diabDur <= 13.651 & Pt_SHFlg = 0.000)
",-9999999.000,-9999999.000,0.000,0.000,1.000,0,0,0,3,3,0,0,3,0.0,0.0,0.0,0.0,0.0,1.0,-1
"((BGTestAvgNumMeter <= 3.980) U[1,2] (bmi <= 25.342))
",-9999999.000,-9999999.000,0.000,0.000,1.000,0,0,0,3,3,0,0,3,0.0,0.0,0.0,0.0,0.0,1.0,-1
"F[2,2]((GFR <= 53.539 -> TotalDailyInsPerKg >= 0.337) & TotalDailyInsPerKg <= 0.491)
",-53.539,-53.539,0.000,0.000,1.000,0,0,0,3,3,0,0,3,0.0,0.0,0.0,0.0,0.0,1.0,-1
"F[0,2](((BGTestAvgNumMeter >= 0.128 & TSH <= 1.405) -> bmiPerc <= 2.312) -> HbA1cImputeDtMnC <= 1.872)
",-9999999.000,-9999999.000,0.000,0.000,1.000,0,0,0,3,3,0,0,3,0.0,0.0,0.0,0.0,0.0,1.0,-1
"F[0,1](BGTestAvgNumMeter <= 2.346 & LDL >= 66.748)
",-9999999.000,-9999999.000,0.000,0.000,1.000,0,0,0,3,3,0,0,3,0.0,0.0,0.0,0.0,0.0,1.0,-1
"((LDL >= 65.737) U[0,2] (Pt_A1cGoalLev <= 7.209))
",-9999999.000,-9999999.000,0.000,0.000,1.000,0,0,0,3,3,0,0,3,0.0,0.0,0.0,0.0,0.0,1.0,-1
"F[1,2]((BldPrSys >= 112.336 | bmiZscore >= -0.132) -> Pt_InsGov <= 0.656)
",-9999999.000,-9999999.000,0.000,0.000,1.000,0,0,0,3,3,0,0,3,0.0,0.0,0.0,0.0,0.0,1.0,-1
"F[0,1](AlbCreatRat_mggNew <= 0.952 & Pt_SHFlg = 0.000)
",-9999999.000,-9999999.000,0.000,0.000,1.000,0,0,0,3,3,0,0,3,0.0,0.0,0.0,0.0,0.0,1.0,-1
"((Pt_SiblingT1D < 0.000) U[2,2] (Pt_SHFlg = 0.000))
",0.000,0.000,0.000,0.000,1.000,0,0,0,3,3,0,0,3,0.0,0.0,0.0,0.0,0.0,1.0,-1
"F[1,2](((BGTestAvgNumMeter >= 0.303 & diabDur >= 11.044) | BGTestAvgNumPtRep >= 10.671) -> TotChol >= 10.211)
",-9999999.000,-9999999.000,0.000,0.000,1.000,0,0,0,3,3,0,0,3,0.0,0.0,0.0,0.0,0.0,1.0,-1
"F[0,2]((BGTestAvgNumMeter <= 2.893 & HbA1cImputeDtMnC >= 22.338) -> HbA1c >= 1.318)
",-9999999.000,-9999999.000,0.000,0.000,1.000,0,0,0,3,3,0,0,3,0.0,0.0,0.0,0.0,0.0,1.0,-1
"F[0,2](((diabDur >= 9.228 | TSH <= 1.628) -> TotalDailyInsPerKg >= 0.608) | diagAgeCombo <= 2.586)
",-9999999.000,-9999999.000,0.000,0.000,1.000,0,0,0,3,3,0,0,3,0.0,0.0,0.0,0.0,0.0,1.0,-1
"((AutonomicNeuroCl < 0.000) U[0,2] (Pt_SHFlg = 0.000))
",-9999999.000,-9999999.000,0.000,0.000,1.000,0,0,0,3,3,0,0,3,0.0,0.0,0.0,0.0,0.0,1.0,-1
"F[1,1](((bmiPerc >= 0.120 & UnitsInsBasalOrLongAct >= 0.202) -> Pt_GrandchildT1D >= 8.343) | HeightCm >= 15.943)
",7274704639409179.000,0.202,0.000,0.000,1.000,0,0,0,3,3,0,0,3,0.0,0.0,0.0,0.0,0.0,1.0,-1
"((BGTestAvgNumPtRep < 6.022) U[0,0] (Pt_SHFlg = 0.000))
",2.486,4.689,0.000,0.000,1.000,0,0,0,3,3,0,0,3,0.0,0.0,0.0,0.0,0.0,1.0,-1
"F[1,2](bmi <= 25.683 & Pt_SHFlg = 0.000)
",-9999999.000,-9999999.000,0.000,0.000,1.000,0,0,0,3,3,0,0,3,0.0,0.0,0.0,0.0,0.0,1.0,-1
"F[2,2](((Pt_CGMUseNumDays >= 4.985 -> TSH <= 2.050) & Pt_ChildT1D <= 1.891) & NumPumpBolusOrShortAct >= 0.669)
",-2.050,-2.050,0.000,0.000,1.000,0,0,0,3,3,0,0,3,0.0,0.0,0.0,0.0,0.0,1.0,-1
"F[0,0](BldPrDia > 64.013 -> Pt_SHFlg = 0.000)
",-6.595,-56.987,0.000,0.000,1.000,0,0,0,3,3,0,0,3,0.0,0.0,0.0,0.0,0.0,1.0,-1
"F[0,0]((NumPumpBolusOrShortAct >= 0.039 & TSH >= 0.586) -> LDL >= 0.639)
",-0.062,-0.004,0.000,0.000,1.000,0,0,0,3,3,0,0,3,0.0,0.0,0.0,0.0,0.0,1.0,-1
"((diagAgeCombo < 7.000) U[0,1] (Pt_SHFlg = 0.000))
",-9999999.000,-9999999.000,0.000,0.000,1.000,0,0,0,3,3,0,0,3,0.0,0.0,0.0,0.0,0.0,1.0,-1
"((BldPrSys >= 111.746) U[0,0] (Pt_A1cGoalLev <= 3.038))
",-3.962,-3.962,0.000,0.000,1.000,0,0,0,3,3,0,0,3,0.0,0.0,0.0,0.0,0.0,1.0,-1
"F[0,1]((AlbCreatRat_mggNew >= 0.136 | BldPrSys <= 119.699) & diabDur <= 120.737)
",-9999999.000,-9999999.000,0.000,0.000,1.000,0,0,0,3,3,0,0,3,0.0,0.0,0.0,0.0,0.0,1.0,-1
"F[0,2](bmiZscore >= 0.174 & UnitsInsBasalOrLongAct >= 11.268)
",-9999999.000,-9999999.000,0.000,0.000,1.000,0,0,0,3,3,0,0,3,0.0,0.0,0.0,0.0,0.0,1.0,-1
"((Pt_GrandparentT1D >= 0.000) U[0,1] (Pt_SHFlg = 0.000))
",-9999999.000,-9999999.000,0.000,0.000,1.000,0,0,0,3,3,0,0,3,0.0,0.0,0.0,0.0,0.0,1.0,-1
"F[1,2](HDL >= 48.612 -> TotalDailyInsPerKg >= 0.391)
",-9999999.000,-9999999.000,0.000,0.000,1.000,0,0,0,3,3,0,0,3,0.0,0.0,0.0,0.0,0.0,1.0,-1
"F[2,2]((TotalDailyInsPerKg <= 0.925 -> TSH <= 1.899) -> bmi <= 2.415)
",-2.415,-2.415,0.000,0.000,1.000,0,0,0,3,3,0,0,3,0.0,0.0,0.0,0.0,0.0,1.0,-1
"F[2,2](((Pt_CGMUseNumDays >= 2.600 | SMBGperDayPtMeterCombo <= 6.375) -> DirectLDL <= 5.227) & BldPrSys <= 6.302)
",-6.375,-6.375,0.000,0.000,1.000,0,0,0,3,3,0,0,3,0.0,0.0,0.0,0.0,0.0,1.0,-1
"F[0,2]((BldPrDia <= 70.055 -> HDL >= 43.152) & BGTestAvgNumMeter <= 49.798)
",-9999999.000,-9999999.000,0.000,0.000,1.000,0,0,0,3,3,0,0,3,0.0,0.0,0.0,0.0,0.0,1.0,-1
"((age <= 19.992) U[0,1] (Pt_SHFlg = 0.000))
",-9999999.000,-9999999.000,0.000,0.000,1.000,0,0,0,3,3,0,0,3,0.0,0.0,0.0,0.0,0.0,1.0,-1
"F[1,2](AlbCreatRat_mggNew >= 0.185 & bmiPerc >= 0.423)
",-9999999.000,-9999999.000,0.000,0.000,1.000,0,0,0,3,3,0,0,3,0.0,0.0,0.0,0.0,0.0,1.0,-1
"((BGTestAvgNumMeter >= 0.122) U[0,1] (HDL >= 44.931))
",-9999999.000,-9999999.000,0.000,0.000,1.000,0,0,0,3,3,0,0,3,0.0,0.0,0.0,0.0,0.0,1.0,-1
"F[1,2]((BldPrSys >= 116.249 | LDL <= 126.930) & AutonomicNeuroCl >= 82.251)
",-9999999.000,-9999999.000,0.000,0.000,1.000,0,0,0,3,3,0,0,3,0.0,0.0,0.0,0.0,0.0,1.0,-1
"F[2,2](((HDL <= 55.223 | WeightKg >= 62.799) & diabDur <= 75.779) | Pt_DKAFlg <= 71.943)
",71.943,71.943,0.000,0.000,1.000,0,0,0,3,3,0,0,3,0.0,0.0,0.0,0.0,0.0,1.0,-1
"F[1,1](((SMBGperDayPtMeterCombo <= 5.242 -> UnitsInsBasalOrLongAct <= 29.892) | TotalDailyInsPerKg <= 26.651) | HbA1cImputeDtMnC <= 30.724)
",30.724,30.724,0.000,0.000,1.000,0,0,0,3,3,0,0,3,0.0,0.0,0.0,0.0,0.0,1.0,-1
"F[0,1](((HbA1cImputeDtMnC >= 39.663 | HDL <= 54.911) | Pt_InsGov <= 54.330) | BldPrSys <= 53.931)
",-9999999.000,-9999999.000,0.000,0.000,1.000,0,0,0,3,3,0,0,3,0.0,0.0,0.0,0.0,0.0,1.0,-1
"F[0,2](((age >= 15.155 & bmi <= 25.244) -> BldPrDia <= 25.557) & Triglyc >= 21.652)
",-9999999.000,-9999999.000,0.000,0.000,1.000,0,0,0,3,3,0,0,3,0.0,0.0,0.0,0.0,0.0,1.0,-1
"F[1,2]((LDL <= 106.711 -> WeightKg >= 65.621) | bmi <= 75.590)
",-9999999.000,-9999999.000,0.000,0.000,1.000,0,0,0,3,3,0,0,3,0.0,0.0,0.0,0.0,0.0,1.0,-1
"((BUN <= 17.444) U[0,1] (LDL <= 127.805))
",-9999999.000,-9999999.000,0.000,0.000,1.000,0,0,0,3,3,0,0,3,0.0,0.0,0.0,0.0,0.0,1.0,-1
"F[0,2](((diabDur <= 13.347 -> HDL <= 50.916) & Pt_ChildT1D <= 55.407) -> SMBGperDayPtMeterCombo >= 48.454)
",-9999999.000,-9999999.000,0.000,0.000,1.000,0,0,0,3,3,0,0,3,0.0,0.0,0.0,0.0,0.0,1.0,-1
"F[2,2]((HDL >= 44.443 -> Triglyc <= 136.017) | Triglyc >= 110.899)
",-7803832775767885.000,-110.899,0.000,0.000,1.000,0,0,0,3,3,0,0,3,0.0,0.0,0.0,0.0,0.0,1.0,-1
"((BUN >= 16.120) U[2,2] (HbA1cImputeDtMnC <= 57.579))
",57.579,57.579,0.000,0.000,1.000,0,0,0,3,3,0,0,3,0.0,0.0,0.0,0.0,0.0,1.0,-1
"F[0,2](bmi <= 25.994 | UnitsInsBasalOrLongAct <= 28.080)
",-9999999.000,-9999999.000,0.000,0.000,1.000,0,0,0,3,3,0,0,3,0.0,0.0,0.0,0.0,0.0,1.0,-1
"F[1,2]((bmi <= 25.795 & HDL >= 44.383) | bmi >= 42.953)
",-9999999.000,-9999999.000,0.000,0.000,1.000,0,0,0,3,3,0,0,3,0.0,0.0,0.0,0.0,0.0,1.0,-1
"F[0,1](BldPrSys <= 126.997 -> WeightKg <= 72.198)
",-9999999.000,-9999999.000,0.000,0.000,1.000,0,0,0,3,3,0,0,3,0.0,0.0,0.0,0.0,0.0,1.0,-1
"F[0,0]((HDL >= 43.993 & NumPumpBolusOrShortAct >= 0.595) | BldPrSys >= 0.689)
",-0.595,-0.595,0.000,0.000,1.000,0,0,0,3,3,0,0,3,0.0,0.0,0.0,0.0,0.0,1.0,-1
"F[1,2](HDL <= 49.900 -> Pt_CGMUseNumDays <= 29.534)
",-9999999.000,-9999999.000,0.000,0.000,1.000,0,0,0,3,3,0,0,3,0.0,0.0,0.0,0.0,0.0,1.0,-1
"F[0,2](((bmi <= 24.463 -> Pt_CGMUseNumDays >= 4.552) & HbA1c <= 15.867) -> UnitsInsBasalOrLongAct >= 2.587)
",-9999999.000,-9999999.000,0.000,0.000,1.000,0,0,0,3,3,0,0,3,0.0,0.0,0.0,0.0,0.0,1.0,-1
"F[0,2](((BldPrDia >= 62.410 | TSH <= 1.952) -> TotalDailyInsPerKg >= 0.916) -> LDL <= 1.694)
",-9999999.000,-9999999.000,0.000,0.000,1.000,0,0,0,3,3,0,0,3,0.0,0.0,0.0,0.0,0.0,1.0,-1
"F[1,2](((AlbCreatRat_mggNew <= 0.958 -> BUN <= 17.112) & Pt_FatherT1D >= 16.109) | Triglyc >= 15.633)
",-9999999.000,-9999999.000,0.000,0.000,1.000,0,0,0,3,3,0,0,3,0.0,0.0,0.0,0.0,0.0,1.0,-1
"((Pt_CGMUseNumDays >= 0.526) U[0,1] (Pt_SHFlg = 0.000))
",-9999999.000,-9999999.000,0.000,0.000,1.000,0,0,0,3,3,0,0,3,0.0,0.0,0.0,0.0,0.0,1.0,-1
"F[2,2]((BGTestAvgNumPtRep <= 5.644 & bmi >= 21.414) | Pt_FatherT1D <= 24.729)
",24.729,24.729,0.000,0.000,1.000,0,0,0,3,3,0,0,3,0.0,0.0,0.0,0.0,0.0,1.0,-1
"F[1,2]((BGTestAvgNumPtRep >= 4.776 | HDL <= 55.053) -> bmi >= 48.439)
",-9999999.000,-9999999.000,0.000,0.000,1.000,0,0,0,3,3,0,0,3,0.0,0.0,0.0,0.0,0.0,1.0,-1
"F[0,2](Pt_DKAFlg < 0.000 -> Pt_SHFlg = 0.000)
",-9999999.000,-9999999.000,0.000,0.000,1.000,0,0,0,3,3,0,0,3,0.0,0.0,0.0,0.0,0.0,1.0,-1
"F[2,2](BGTestAvgNumPtRep >= 4.178 -> HeightCm >= 170.430)
",4.178,4.178,0.000,0.000,1.000,0,0,0,3,3,0,0,3,0.0,0.0,0.0,0.0,0.0,1.0,-1
"F[1,1](((GFR >= 4.266 -> LDL <= 119.464) | HbA1cImputeDtMnC <= 117.494) & Pt_A1cGoalLev <= 135.906)
",117.494,117.494,0.000,0.000,1.000,0,0,0,3,3,0,0,3,0.0,0.0,0.0,0.0,0.0,1.0,-1
"F[0,1](BldPrDia <= 78.349 -> TotalDailyInsPerKg <= 0.940)
",-9999999.000,-9999999.000,0.000,0.000,1.000,0,0,0,3,3,0,0,3,0.0,0.0,0.0,0.0,0.0,1.0,-1
"F[1,2]((GFR >= 13.081 & HbA1cImputeDtMnC >= 19.696) & BGTestAvgNumPtRep <= 58.906)
",-9999999.000,-9999999.000,0.000,0.000,1.000,0,0,0,3,3,0,0,3,0.0,0.0,0.0,0.0,0.0,1.0,-1
"F[0,2](NumPumpBolusOrShortAct <= 4.083 & WeightKg <= 75.978)
",-9999999.000,-9999999.000,0.000,0.000,1.000,0,0,0,3,3,0,0,3,0.0,0.0,0.0,0.0,0.0,1.0,-1
"F[0,2](((AlbCreatRat_mggNew >= 0.594 | BGTestAvgNumPtRep <= 5.377) | GFR <= 6.772) | BldPrDia >= 5.089)
",-9999999.000,-9999999.000,0.000,0.000,1.000,0,0,0,3,3,0,0,3,0.0,0.0,0.0,0.0,0.0,1.0,-1
"F[1,2](Pt_DKAFlg >= 0.000 & Pt_SHFlg = 0.000)
",-9999999.000,-9999999.000,0.000,0.000,1.000,0,0,0,3,3,0,0,3,0.0,0.0,0.0,0.0,0.0,1.0,-1
"F[0,2](((SMBGperDayPtMeterCombo <= 6.948 & WeightKg <= 75.031) -> bmiPerc <= 73.940) & AlbCreatRat_mggNew >= 67.746)
",-9999999.000,-9999999.000,0.000,0.000,1.000,0,0,0,3,3,0,0,3,0.0,0.0,0.0,0.0,0.0,1.0,-1
"F[2,2](BGTestAvgNumPtRep <= 5.401 & HbA1c >= 9.198)
",-9.198,-9.198,0.000,0.000,1.000,0,0,0,3,3,0,0,3,0.0,0.0,0.0,0.0,0.0,1.0,-1
"((bmiZscore <= 0.663) U[0,2] (Pt_SHFlg = 0.000))
",-9999999.000,-9999999.000,0.000,0.000,1.000,0,0,0,3,3,0,0,3,0.0,0.0,0.0,0.0,0.0,1.0,-1
"F[0,2](Triglyc <= 151.647 -> TSH >= 0.200)
",-9999999.000,-9999999.000,0.000,0.000,1.000,0,0,0,3,3,0,0,3,0.0,0.0,0.0,0.0,0.0,1.0,-1
"F[0,1](((BGTestAvgNumMeter >= 0.563 | HbA1c >= 9.488) | Pt_A1cGoalLev >= 9.613) -> LDL >= 8.619)
",-9999999.000,-9999999.000,0.000,0.000,1.000,0,0,0,3,3,0,0,3,0.0,0.0,0.0,0.0,0.0,1.0,-1
"F[1,2](((HbA1c <= 10.860 -> NumPumpBolusOrShortAct >= 0.462) -> Pt_InsGov <= 1.993) -> Pt_FatherT1D >= 0.783)
",-9999999.000,-9999999.000,0.000,0.000,1.000,0,0,0,3,3,0,0,3,0.0,0.0,0.0,0.0,0.0,1.0,-1
"F[0,1]((bmiPerc >= 0.409 & HbA1c <= 11.430) & bmiPerc <= 10.859)
",-9999999.000,-9999999.000,0.000,0.000,1.000,0,0,0,3,3,0,0,3,0.0,0.0,0.0,0.0,0.0,1.0,-1
"F[1,2](BldPrDia <= 78.864 -> bmiZscore >= -0.142)
",-9999999.000,-9999999.000,0.000,0.000,1.000,0,0,0,3,3,0,0,3,0.0,0.0,0.0,0.0,0.0,1.0,-1
"((BldPrDia >= 63.524) U[1,2] (GFR >= 1.418))
",-9999999.000,-9999999.000,0.000,0.000,1.000,0,0,0,3,3,0,0,3,0.0,0.0,0.0,0.0,0.0,1.0,-1
"F[0,1](((bmi >= 22.809 & bmiPerc >= 0.248) | UnitsInsBasalOrLongAct <= 0.719) | BGTestAvgNumMeter <= 0.784)
",-9999999.000,-9999999.000,0.000,0.000,1.000,0,0,0,3,3,0,0,3,0.0,0.0,0.0,0.0,0.0,1.0,-1
"((bmiZscore >= -0.152) U[0,2] (Pt_A1cGoalLev >= 0.881))
",-9999999.000,-9999999.000,0.000,0.000,1.000,0,0,0,3,3,0,0,3,0.0,0.0,0.0,0.0,0.0,1.0,-1
"F[1,2](((AlbCreatRat_mggNew <= 0.988 -> TotalDailyInsPerKg >= 0.393) | diabDur >= 0.035) | LDL >= 0.398)
",-9999999.000,-9999999.000,0.000,0.000,1.000,0,0,0,3,3,0,0,3,0.0,0.0,0.0,0.0,0.0,1.0,-1
"F[0,1](BGTestAvgNumMeter >= 0.227 -> WeightKg <= 76.694)
",-9999999.000,-9999999.000,0.000,0.000,1.000,0,0,0,3,3,0,0,3,0.0,0.0,0.0,0.0,0.0,1.0,-1
"F[1,2](bmi <= 25.543 & LDL <= 119.182)
",-9999999.000,-9999999.000,0.000,0.000,1.000,0,0,0,3,3,0,0,3,0.0,0.0,0.0,0.0,0.0,1.0,-1
"F[0,2](((TotalDailyInsPerKg <= 0.516 -> WeightKg <= 74.988) & TSH >= 67.261) | Pt_CGMUseNumDays >= 67.288)
",-9999999.000,-9999999.000,0.000,0.000,1.000,0,0,0,3,3,0,0,3,0.0,0.0,0.0,0.0,0.0,1.0,-1
"((HbA1cImputeDtMnC <= 47.326) U[2,2] (TotalDailyInsPerKg <= 0.780))
",47.326,47.326,0.000,0.000,1.000,0,0,0,3,3,0,0,3,0.0,0.0,0.0,0.0,0.0,1.0,-1
"F[2,2]((age <= 20.881 | HbA1cImputeDtMnC >= 40.458) -> SMBGperDayPtMeterCombo <= 45.954)
",-45.954,-45.954,0.000,0.000,1.000,0,0,0,3,3,0,0,3,0.0,0.0,0.0,0.0,0.0,1.0,-1
"F[0,2]((BGTestAvgNumPtRep >= 4.758 & bmiZscore >= 0.155) | age >= 0.357)
",-9999999.000,-9999999.000,0.000,0.000,1.000,0,0,0,3,3,0,0,3,0.0,0.0,0.0,0.0,0.0,1.0,-1
"F[2,2]((AlbCreatRat_mggNew <= 1.735 & Pt_A1cGoalLev >= 0.030) & bmiPerc <= 1.693)
",-8770493975024813.000,-0.030,0.000,0.000,1.000,0,0,0,3,3,0,0,3,0.0,0.0,0.0,0.0,0.0,1.0,-1
"F[0,1](HeightCm >= 170.662 | WeightKg <= 72.434)
",-9999999.000,-9999999.000,0.000,0.000,1.000,0,0,0,3,3,0,0,3,0.0,0.0,0.0,0.0,0.0,1.0,-1
"F[1,1](((BGTestAvgNumPtRep <= 5.212 -> Pt_A1cGoalLev <= 1.914) & NumPumpBolusOrShortAct <= 7.489) | Pt_SHFlg >= 1.226)
",-1.226,-1.226,0.000,0.000,1.000,0,0,0,3,3,0,0,3,0.0,0.0,0.0,0.0,0.0,1.0,-1
"F[2,2](((BGTestAvgNumPtRep <= 6.491 -> TotalDailyInsPerKg >= 0.115) -> diabDur >= 0.068) & HbA1c <= 0.621)
",0.068,0.068,0.000,0.000,1.000,0,0,0,3,3,0,0,3,0.0,0.0,0.0,0.0,0.0,1.0,-1
"F[0,2](Pt_A1cGoalLev >= 0.340 & Pt_A1cGoalLev <= 7.391)
",-9999999.000,-9999999.000,0.000,0.000,1.000,0,0,0,3,3,0,0,3,0.0,0.0,0.0,0.0,0.0,1.0,-1
"((age <= 20.182) U[0,2] (diabDur <= 13.785))
",-9999999.000,-9999999.000,0.000,0.000,1.000,0,0,0,3,3,0,0,3,0.0,0.0,0.0,0.0,0.0,1.0,-1
"F[0,0](((bmi <= 25.238 -> HeightCm <= 171.102) | AutonomicNeuroCl <= 171.083) -> bmi <= 171.627)
",-171.627,-171.627,0.000,0.000,1.000,0,0,0,3,3,0,0,3,0.0,0.0,0.0,0.0,0.0,1.0,-1
"F[1,2](((BUN <= 16.579 -> HeightCm >= 170.327) & bmi <= 171.209) & Pt_SHFlg <= 171.247)
",-9999999.000,-9999999.000,0.000,0.000,1.000,0,0,0,3,3,0,0,3,0.0,0.0,0.0,0.0,0.0,1.0,-1
"((BGTestAvgNumMeter >= 0.548) U[2,2] (BGTestAvgNumPtRep <= 5.474))
",6163569568720595.000,5.474,0.000,0.000,1.000,0,0,0,3,3,0,0,3,0.0,0.0,0.0,0.0,0.0,1.0,-1
"F[0,2](BGTestAvgNumMeter <= 3.416 -> HbA1c <= 10.706)
",-9999999.000,-9999999.000,0.000,0.000,1.000,0,0,0,3,3,0,0,3,0.0,0.0,0.0,0.0,0.0,1.0,-1
"F[0,2](GFR < 26.715 & Pt_SHFlg = 0.000)
",-9999999.000,-9999999.000,0.000,0.000,1.000,0,0,0,3,3,0,0,3,0.0,0.0,0.0,0.0,0.0,1.0,-1
"G[0,2](((GFR >= 11.279 | SMBGperDayPtMeterCombo >= 4.291) -> BldPrSys <= 5.693) | WeightKg <= 6.591)
",9999999.000,9999999.000,0.000,1.000,0.000,0,0,0,3,3,0,0,3,0.0,0.0,0.0,0.0,0.0,1.0,1
"G[2,2](bmiZscore <= 0.665 & HDL <= 49.766)
",0.665,0.665,0.000,1.000,0.000,0,0,3,0,0,3,3,0,0.0,0.0,1.0,0.0,0.0,1.0,1
"G[0,0]((bmiPerc >= 0.626 & diabDur <= 13.813) -> TotChol >= 9.207)
",-7.509,-37.460,0.000,1.000,0.000,0,0,0,3,3,0,0,3,0.0,0.0,0.0,0.0,0.0,1.0,1
"G[1,2](bmiPerc >= 0.293 -> HDL >= 45.095)
",9999999.000,9999999.000,0.000,1.000,0.000,0,0,3,0,0,3,3,0,0.0,0.0,1.0,0.0,0.0,1.0,1
"G[1,2]((BldPrSys <= 120.594 & NumPumpBolusOrShortAct <= 1.344) | diabDur <= 3.160)
",9999999.000,9999999.000,0.000,1.000,0.000,0,0,2,1,1,2,2,1,0.0,0.0,1.0,0.0,0.0,1.0,1
"G[2,2](AlbCreatRat_mggNew <= 3.802 -> Triglyc >= 105.814)
",-3.802,-3.802,0.000,1.000,0.000,0,0,3,0,0,3,3,0,0.0,0.0,1.0,0.0,0.0,1.0,1
"G[0,2](bmiZscore <= 0.548 | BUN <= 17.882)
",9999999.000,9999999.000,0.000,1.000,0.000,0,0,3,0,0,3,3,0,0.0,0.0,1.0,0.0,0.0,1.0,1
"G[1,2]((BldPrDia >= 67.152 | bmiPerc >= 0.224) & TSH <= 0.739)
",9999999.000,9999999.000,0.000,1.000,0.000,0,0,1,2,2,1,1,2,0.0,0.0,1.0,0.0,0.0,1.0,1
"G[0,2]((bmiPerc <= 0.797 -> Pt_A1cGoalLev <= 7.762) | Pt_FatherT1D >= 0.879)
",9999999.000,9999999.000,0.000,1.000,0.000,0,0,3,0,0,3,3,0,0.0,0.0,1.0,0.0,0.0,1.0,1
"G[0,2]((Pt_ChildT1D <= 0.000 | Pt_GrandchildT1D <= 0.000) -> Pt_FatherT1D >= 0.000)
",9999999.000,9999999.000,0.000,1.000,0.000,0,0,3,0,0,3,3,0,0.0,0.0,1.0,0.0,0.0,1.0,1
"G[0,2]((Pt_SiblingT1D >= 0.000 -> BGTestAvgNumMeter >= 0.529) -> Pt_SiblingT1D <= 1.752)
",9999999.000,9999999.000,0.000,1.000,0.000,0,0,3,0,0,3,3,0,0.0,0.0,1.0,0.0,0.0,1.0,1
"G[0,2]((BGTestAvgNumMeter <= 3.312 & Triglyc <= 125.857) | bmi >= 107.496)
",9999999.000,9999999.000,0.000,1.000,0.000,0,0,1,2,2,1,1,2,0.0,0.0,1.0,0.0,0.0,1.0,1
"G[1,1]((BUN <= 16.177 & HbA1c >= 9.467) & AlbCreatRat_mggNew <= 12.160)
",-9.467,-9.467,0.000,1.000,0.000,0,0,0,3,3,0,0,3,0.0,0.0,0.0,0.0,0.0,1.0,1
"G[2,2](((bmiZscore <= 0.530 -> Triglyc >= 98.429) | Pt_SiblingT1D >= 83.509) -> Pt_MotherT1D <= 182.289)
",-6413710163876157.000,-182.289,0.000,1.000,0.000,0,0,3,0,0,3,3,0,0.0,0.0,1.0,0.0,0.0,1.0,1
"G[2,2](((bmiZscore >= 0.024 -> HbA1c <= 11.062) -> bmiZscore >= 8.508) | BldPrSys <= 12.304)
",12.304,12.304,0.000,1.000,0.000,0,0,3,0,0,3,3,0,0.0,0.0,1.0,0.0,0.0,1.0,1
"G[2,2]((bmiPerc >= 0.216 & Pt_CGMUseNumDays >= 4.652) | HbA1cImputeDtMnC >= 4.672)
",-4.652,-4.652,0.000,1.000,0.000,0,0,3,0,0,3,3,0,0.0,0.0,1.0,0.0,0.0,1.0,1
"G[0,2](((bmiPerc <= 0.667 | Triglyc <= 117.498) | HbA1c <= 195.203) & Pt_CGMUseNumDays >= 105.984)
",9999999.000,9999999.000,0.000,1.000,0.000,0,0,0,3,3,0,0,3,0.0,0.0,0.0,0.0,0.0,1.0,1
"G[1,2]((diabDur <= 11.746 -> HbA1c >= 9.253) -> Pt_FatherT1D >= 8.694)
",9999999.000,9999999.000,0.000,1.000,0.000,0,0,1,2,2,1,1,2,0.0,0.0,1.0,0.0,0.0,1.0,1
"G[1,2](((AlbCreatRat_mggNew <= 3.238 -> bmi >= 23.139) | Pt_InsGov <= 25.904) -> AutonomicNeuroCl >= 21.662)
",9999999.000,9999999.000,0.000,1.000,0.000,0,0,0,3,3,0,0,3,0.0,0.0,0.0,0.0,0.0,1.0,1
"G[1,2](SMBGperDayPtMeterCombo >= 4.886 & BGTestAvgNumPtRep >= 4.322)
",9999999.000,9999999.000,0.000,1.000,0.000,0,0,2,1,1,2,2,1,0.0,0.0,1.0,0.0,0.0,1.0,1
"G[1,2](((BGTestAvgNumMeter >= 0.211 & Pt_A1cGoalLev <= 4.946) & BGTestAvgNumPtRep >= 0.016) | Pt_FatherT1D <= 4.022)
",9999999.000,9999999.000,0.000,1.000,0.000,0,0,3,0,0,3,3,0,0.0,0.0,1.0,0.0,0.0,1.0,1
"G[1,2](AlbCreatRat_mggNew >= 0.542 -> WeightKg >= 71.054)
",9999999.000,9999999.000,0.000,1.000,0.000,0,0,2,1,1,2,2,1,0.0,0.0,1.0,0.0,0.0,1.0,1
"G[1,2](((GFR >= 4.383 | Triglyc >= 96.003) -> WeightKg >= 101.267) -> HbA1cImputeDtMnC >= 82.916)
",9999999.000,9999999.000,0.000,1.000,0.000,0,0,2,1,1,2,2,1,0.0,0.0,1.0,0.0,0.0,1.0,1
"G[1,2]((bmiPerc <= 0.726 -> WeightKg >= 68.749) | Pt_CGMUseNumDays <= 77.270)
",9999999.000,9999999.000,0.000,1.000,0.000,0,0,3,0,0,3,3,0,0.0,0.0,1.0,0.0,0.0,1.0,1
"G[0,2](((AlbCreatRat_mggNew >= 0.389 | bmiZscore >= 0.179) -> Triglyc >= 0.269) & Pt_InsGov >= 0.138)
",9999999.000,9999999.000,0.000,1.000,0.000,0,0,0,3,3,0,0,3,0.0,0.0,0.0,0.0,0.0,1.0,1
"G[0,2](bmiPerc <= 0.682 | SMBGperDayPtMeterCombo <= 6.445)
",9999999.000,9999999.000,0.000,1.000,0.000,0,0,2,1,1,2,2,1,0.0,0.0,1.0,0.0,0.0,1.0,1
"G[0,2]((BGTestAvgNumMeter >= 0.537 -> UnitsInsBasalOrLongAct <= 20.831) | Pt_GrandchildT1D <= 28.306)
",9999999.000,9999999.000,0.000,1.000,0.000,0,0,3,0,0,3,3,0,0.0,0.0,1.0,0.0,0.0,1.0,1
"G[0,2]((bmiPerc >= 0.602 & TSH >= 0.504) | Pt_InsGov <= 1.588)
",9999999.000,9999999.000,0.000,1.000,0.000,0,0,3,0,0,3,3,0,0.0,0.0,1.0,0.0,0.0,1.0,1
"G[2,2](Pt_MotherT1D >= 0.000 & BGTestAvgNumPtRep >= 4.021)
",-4.021,-4.021,0.000,1.000,0.000,0,0,3,0,0,3,3,0,0.0,0.0,1.0,0.0,0.0,1.0,1
"G[2,2]((age <= 18.585 -> WeightKg >= 69.350) -> HbA1c <= 77.013)
",-77.013,-77.013,0.000,1.000,0.000,0,0,3,0,0,3,3,0,0.0,0.0,1.0,0.0,0.0,1.0,1
"G[1,2](BUN >= 15.750 & Pt_FatherT1D >= 0.000)
",9999999.000,9999999.000,0.000,1.000,0.000,0,0,3,0,0,3,3,0,0.0,0.0,1.0,0.0,0.0,1.0,1
"G[1,1](((Pt_InsGov <= 0.000 | SMBGperDayPtMeterCombo <= 6.343) | SMBGperDayPtMeterCombo <= 5.947) -> BldPrSys <= 6.956)
",-6.956,-6.956,0.000,1.000,0.000,0,0,0,3,3,0,0,3,0.0,0.0,0.0,0.0,0.0,1.0,1
"G[1,2]((Pt_A1cGoalLev >= 0.052 & AlbCreatRat_mggNew <= 2.053) -> bmiZscore >= 0.245)
",9999999.000,9999999.000,0.000,1.000,0.000,0,0,3,0,0,3,3,0,0.0,0.0,1.0,0.0,0.0,1.0,1
"G[2,2](((AlbCreatRat_mggNew >= 0.374 | Pt_ChildT1D <= 0.000) | TotChol >= 0.000) | LDL >= 0.000)
",0.000,0.000,0.000,1.000,0.000,0,0,3,0,0,3,3,0,0.0,0.0,1.0,0.0,0.0,1.0,1
"G[0,2]((Pt_A1cGoalLev >= 0.209 | bmiZscore <= 0.768) | SMBGperDayPtMeterCombo <= 0.449)
",9999999.000,9999999.000,0.000,1.000,0.000,0,0,2,1,1,2,2,1,0.0,0.0,1.0,0.0,0.0,1.0,1
"G[2,2]((diabDur >= 10.216 | AutonomicNeuroCl >= 0.000) | BGTestAvgNumPtRep <= 0.000)
",0.000,0.000,0.000,1.000,0.000,0,0,3,0,0,3,3,0,0.0,0.0,1.0,0.0,0.0,1.0,1
"G[0,2](((AutonomicNeuroCl <= 0.000 & Pt_InsGov >= 0.000) -> diagAgeCombo <= 0.000) | diabDur >= 0.000)
",9999999.000,9999999.000,0.000,1.000,0.000,0,0,3,0,0,3,3,0,0.0,0.0,1.0,0.0,0.0,1.0,1
"G[1,2]((HDL <= 54.007 & diabDur >= 10.849) -> TotChol <= 11.993)
",9999999.000,9999999.000,0.000,1.000,0.000,0,0,3,0,0,3,3,0,0.0,0.0,1.0,0.0,0.0,1.0,1
"G[2,2](SMBGperDayPtMeterCombo >= 4.018 & BGTestAvgNumPtRep >= 4.664)
",-4.664,-4.664,0.000,1.000,0.000,0,0,3,0,0,3,3,0,0.0,0.0,1.0,0.0,0.0,1.0,1
"G[0,2](((Pt_CGMUseNumDays >= 2.558 | BUN >= 15.019) -> bmi <= 16.477) | bmi <= 17.013)
",9999999.000,9999999.000,0.000,1.000,0.000,0,0,0,3,3,0,0,3,0.0,0.0,0.0,0.0,0.0,1.0,1
"G[1,2](GFR <= 54.022 -> BUN >= 14.197)
",9999999.000,9999999.000,0.000,1.000,0.000,0,0,3,0,0,3,3,0,0.0,0.0,1.0,0.0,0.0,1.0,1
"G[2,2](SMBGperDayPtMeterCombo >= 4.612 & BGTestAvgNumPtRep >= 4.973)
",-4.973,-4.973,0.000,1.000,0.000,0,0,3,0,0,3,3,0,0.0,0.0,1.0,0.0,0.0,1.0,1
"G[0,2]((WeightKg >= 69.551 | bmi >= 23.713) -> UnitsInsBasalOrLongAct <= 29.830)
",9999999.000,9999999.000,0.000,1.000,0.000,0,0,2,1,1,2,2,1,0.0,0.0,1.0,0.0,0.0,1.0,1
"G[0,2]((HbA1c <= 12.288 -> Triglyc >= 87.941) & Pt_SiblingT1D >= 105.118)
",9999999.000,9999999.000,0.000,1.000,0.000,0,0,0,3,3,0,0,3,0.0,0.0,0.0,0.0,0.0,1.0,1
"G[1,2](((GFR <= 38.866 -> WeightKg <= 73.998) & age <= 77.137) -> GFR >= 63.082)
",9999999.000,9999999.000,0.000,1.000,0.000,0,0,2,1,1,2,2,1,0.0,0.0,1.0,0.0,0.0,1.0,1
"G[0,2](((HeightCm <= 171.082 | Pt_CGMUseNumDays <= 24.512) -> Pt_FatherT1D >= 3.807) & bmiZscore >= 0.523)
",9999999.000,9999999.000,0.000,1.000,0.000,0,0,0,3,3,0,0,3,0.0,0.0,0.0,0.0,0.0,1.0,1
"G[1,2](GFR <= 19.031 -> BUN >= 14.307)
",9999999.000,9999999.000,0.000,1.000,0.000,0,0,3,0,0,3,3,0,0.0,0.0,1.0,0.0,0.0,1.0,1
"G[0,2](((HbA1cImputeDtMnC >= 9.615 | TSH >= 0.006) | Pt_CGMUseNumDays <= 2.829) & GFR >= 0.071)
",9999999.000,9999999.000,0.000,1.000,0.000,0,0,0,3,3,0,0,3,0.0,0.0,0.0,0.0,0.0,1.0,1
"G[0,2](((bmi >= 23.842 -> bmiZscore >= -0.013) -> SMBGperDayPtMeterCombo <= 0.813) -> BGTestAvgNumPtRep <= 0.558)
",9999999.000,9999999.000,0.000,1.000,0.000,0,0,2,1,1,2,2,1,0.0,0.0,1.0,0.0,0.0,1.0,1
"G[1,2]((HbA1c >= 8.782 & TotalDailyInsPerKg >= 0.070) -> Pt_MotherT1D <= 0.837)
",9999999.000,9999999.000,0.000,1.000,0.000,0,0,3,0,0,3,3,0,0.0,0.0,1.0,0.0,0.0,1.0,1
"G[0,2]((GFR >= 13.175 & UnitsInsBasalOrLongAct >= 17.647) | Pt_FatherT1D >= 3.644)
",9999999.000,9999999.000,0.000,1.000,0.000,0,0,0,3,3,0,0,3,0.0,0.0,0.0,0.0,0.0,1.0,1
"G[2,2](((BGTestAvgNumMeter <= 3.851 & bmiPerc <= 0.803) | TSH <= 0.679) | BldPrSys >= 0.216)
",0.803,0.803,0.000,1.000,0.000,0,0,3,0,0,3,3,0,0.0,0.0,1.0,0.0,0.0,1.0,1
"G[2,2]((BldPrDia >= 66.813 -> Pt_A1cGoalLev >= 0.233) | Pt_GrandparentT1D <= 2.101)
",2.101,2.101,0.000,1.000,0.000,0,0,3,0,0,3,3,0,0.0,0.0,1.0,0.0,0.0,1.0,1
"G[0,2](((DirectLDL <= 0.000 & Triglyc <= 198.390) & bmiPerc >= 106.145) -> GFR <= 125.111)
",9999999.000,9999999.000,0.000,1.000,0.000,0,0,3,0,0,3,3,0,0.0,0.0,1.0,0.0,0.0,1.0,1
"G[1,2](BGTestAvgNumPtRep <= 5.749 & BldPrDia >= 69.802)
",9999999.000,9999999.000,0.000,1.000,0.000,0,0,1,2,2,1,1,2,0.0,0.0,1.0,0.0,0.0,1.0,1
"G[0,2]((bmiZscore <= 0.527 | LDL >= 83.735) -> Pt_A1cGoalLevelDsYr5 >= 78.352)
",9999999.000,9999999.000,0.000,1.000,0.000,0,0,0,3,3,0,0,3,0.0,0.0,0.0,0.0,0.0,1.0,1
"G[0,2]((bmiZscore <= 0.621 | GFR >= 3.296) -> diagAgeCombo >= 16.227)
",9999999.000,9999999.000,0.000,1.000,0.000,0,0,1,2,2,1,1,2,0.0,0.0,1.0,0.0,0.0,1.0,1
"G[1,2](GFR <= 47.601 -> BUN >= 14.369)
",9999999.000,9999999.000,0.000,1.000,0.000,0,0,3,0,0,3,3,0,0.0,0.0,1.0,0.0,0.0,1.0,1
"G[1,2](((diabDur <= 11.464 & HeightCm >= 170.553) -> Pt_CGMUseNumDays <= 171.469) | SMBGperDayPtMeterCombo <= 170.992)
",9999999.000,9999999.000,0.000,1.000,0.000,0,0,3,0,0,3,3,0,0.0,0.0,1.0,0.0,0.0,1.0,1
"G[1,2](BGTestAvgNumMeter <= 2.822 | bmiZscore >= -0.097)
",9999999.000,9999999.000,0.000,1.000,0.000,0,0,3,0,0,3,3,0,0.0,0.0,1.0,0.0,0.0,1.0,1
"G[1,1]((age <= 18.296 -> Pt_CGMUseNumDays <= 11.940) -> BldPrDia <= 20.796)
",-20.796,-20.796,0.000,1.000,0.000,0,0,0,3,3,0,0,3,0.0,0.0,0.0,0.0,0.0,1.0,1
"G[0,2]((HbA1cImputeDtMnC >= 14.311 & Pt_CGMUseNumDays >= 4.491) & DirectLDL <= 15.360)
",9999999.000,9999999.000,0.000,1.000,0.000,0,0,0,3,3,0,0,3,0.0,0.0,0.0,0.0,0.0,1.0,1
"G[2,2](Pt_ChildT1D >= 0.000 -> Pt_SHFlg = 0.000)
",0.000,0.000,0.000,1.000,0.000,0,0,3,0,0,3,3,0,0.0,0.0,1.0,0.0,0.0,1.0,1
"G[1,2](LDL >= 87.460 & TotalDailyInsPerKg <= 0.809)
",9999999.000,9999999.000,0.000,1.000,0.000,0,0,2,1,1,2,2,1,0.0,0.0,1.0,0.0,0.0,1.0,1
"G[2,2]((BldPrSys >= 112.638 | BUN >= 14.727) -> UnitsInsBasalOrLongAct >= 14.705)
",14.705,14.705,0.000,1.000,0.000,0,0,3,0,0,3,3,0,0.0,0.0,1.0,0.0,0.0,1.0,1
"G[0,2]((LDL <= 125.748 & Pt_CGMUseNumDays >= 1.889) & Pt_DKAFlg <= 24.300)
",9999999.000,9999999.000,0.000,1.000,0.000,0,0,0,3,3,0,0,3,0.0,0.0,0.0,0.0,0.0,1.0,1
"G[0,1](((LDL <= 129.912 | NumPumpBolusOrShortAct >= 0.024) -> NumPumpBolusOrShortAct >= 0.018) & BldPrDia >= 0.262)
",9999999.000,9999999.000,0.000,1.000,0.000,0,0,0,3,3,0,0,3,0.0,0.0,0.0,0.0,0.0,1.0,1
"G[0,2](((BGTestAvgNumPtRep <= 6.178 & BldPrSys >= 113.916) | BldPrDia <= 122.082) & SMBGperDayPtMeterCombo <= 121.471)
",9999999.000,9999999.000,0.000,1.000,0.000,0,0,3,0,0,3,3,0,0.0,0.0,1.0,0.0,0.0,1.0,1
"G[1,2](((age >= 16.477 | BldPrSys <= 124.554) & Pt_FatherT1D <= 121.888) | Pt_GrandchildT1D <= 119.822)
",9999999.000,9999999.000,0.000,1.000,0.000,0,0,3,0,0,3,3,0,0.0,0.0,1.0,0.0,0.0,1.0,1
"G[0,2](((BUN <= 17.648 -> UnitsInsBasalOrLongAct <= 30.689) -> bmiZscore >= 15.065) | LDL <= 20.548)
",9999999.000,9999999.000,0.000,1.000,0.000,0,0,0,3,3,0,0,3,0.0,0.0,0.0,0.0,0.0,1.0,1
"G[1,2]((Triglyc >= 82.762 & AutonomicNeuroCl >= 0.000) -> bmiZscore <= 0.000)
",9999999.000,9999999.000,0.000,1.000,0.000,0,0,2,1,1,2,2,1,0.0,0.0,1.0,0.0,0.0,1.0,1
"G[0,2](TotalDailyInsPerKg >= 0.335 | Triglyc >= 98.288)
",9999999.000,9999999.000,0.000,1.000,0.000,0,0,2,1,1,2,2,1,0.0,0.0,1.0,0.0,0.0,1.0,1
"G[1,2](Pt_SHFlg <= 0.000 & Pt_GrandchildT1D <= 0.000)
",9999999.000,9999999.000,0.000,1.000,0.000,0,0,3,0,0,3,3,0,0.0,0.0,1.0,0.0,0.0,1.0,1
"G[2,2]((HbA1cImputeDtMnC >= 25.403 -> Pt_InsGov <= 0.000) -> Triglyc <= 0.000)
",0.000,0.000,0.000,1.000,0.000,0,0,3,0,0,3,3,0,0.0,0.0,1.0,0.0,0.0,1.0,1
"G[0,2](((Pt_CGMUseNumDays <= 28.137 | BldPrDia <= 72.183) & diagAgeCombo <= 74.587) & Triglyc >= 64.293)
",9999999.000,9999999.000,0.000,1.000,0.000,0,0,3,0,0,3,3,0,0.0,0.0,1.0,0.0,0.0,1.0,1
"G[0,2](((Pt_SiblingT1D <= 0.000 & WeightKg >= 71.375) -> Pt_SHFlg >= 62.101) & bmi <= 73.234)
",9999999.000,9999999.000,0.000,1.000,0.000,0,0,1,2,2,1,1,2,0.0,0.0,1.0,0.0,0.0,1.0,1
"G[0,2](SMBGperDayPtMeterCombo >= 4.656 & BGTestAvgNumPtRep >= 4.754)
",9999999.000,9999999.000,0.000,1.000,0.000,0,0,2,1,1,2,2,1,0.0,0.0,1.0,0.0,0.0,1.0,1
"G[0,2](NumPumpBolusOrShortAct >= 0.124 -> Pt_FatherT1D >= 0.000)
",9999999.000,9999999.000,0.000,1.000,0.000,0,0,3,0,0,3,3,0,0.0,0.0,1.0,0.0,0.0,1.0,1
"G[1,1](((diabDur >= 11.069 -> GFR <= 43.015) -> bmi <= 42.074) & Pt_CGMUseNumDays >= 16.661)
",-42.074,-42.074,0.000,1.000,0.000,0,0,0,3,3,0,0,3,0.0,0.0,0.0,0.0,0.0,1.0,1
"G[1,2](HbA1cImputeDtMnC >= 5.755 -> Triglyc <= 193.836)
",9999999.000,9999999.000,0.000,1.000,0.000,0,0,3,0,0,3,3,0,0.0,0.0,1.0,0.0,0.0,1.0,1
"G[0,0]((BGTestAvgNumMeter <= 2.999 -> bmiZscore >= -0.145) -> Triglyc <= 0.774)
",-6970296478201653.000,-0.774,0.000,1.000,0.000,0,0,0,3,3,0,0,3,0.0,0.0,0.0,0.0,0.0,1.0,1
"G[2,2](SMBGperDayPtMeterCombo >= 5.090 & BGTestAvgNumPtRep >= 4.133)
",-5.090,-5.090,0.000,1.000,0.000,0,0,3,0,0,3,3,0,0.0,0.0,1.0,0.0,0.0,1.0,1
"G[1,2](((TSH >= 0.042 | UnitsInsBasalOrLongAct <= 22.243) | WeightKg <= 29.274) | Triglyc >= 17.750)
",9999999.000,9999999.000,0.000,1.000,0.000,0,0,3,0,0,3,3,0,0.0,0.0,1.0,0.0,0.0,1.0,1
"G[1,2]((BUN <= 17.161 & TotalDailyInsPerKg >= 0.384) & HbA1cImputeDtMnC >= 0.354)
",9999999.000,9999999.000,0.000,1.000,0.000,0,0,1,2,2,1,1,2,0.0,0.0,1.0,0.0,0.0,1.0,1
"G[0,2]((Pt_CGMUseNumDays <= 21.203 | WeightKg >= 70.534) & bmi <= 72.610)
",9999999.000,9999999.000,0.000,1.000,0.000,0,0,2,1,1,2,2,1,0.0,0.0,1.0,0.0,0.0,1.0,1
"G[0,2](BldPrDia >= 62.136 & WeightKg <= 72.101)
",9999999.000,9999999.000,0.000,1.000,0.000,0,0,0,3,3,0,0,3,0.0,0.0,0.0,0.0,0.0,1.0,1
"G[0,2](Pt_FatherT1D <= 0.000 -> Pt_SHFlg = 0.000)
",9999999.000,9999999.000,0.000,1.000,0.000,0,0,3,0,0,3,3,0,0.0,0.0,1.0,0.0,0.0,1.0,1
"G[0,2]((age >= 16.560 -> BUN >= 15.302) -> Pt_A1cGoalLevelDsYr5 >= 15.951)
",9999999.000,9999999.000,0.000,1.000,0.000,0,0,0,3,3,0,0,3,0.0,0.0,0.0,0.0,0.0,1.0,1
"G[0,2]((bmi <= 25.047 -> NumPumpBolusOrShortAct >= 0.132) -> BUN >= 0.574)
",9999999.000,9999999.000,0.000,1.000,0.000,0,0,3,0,0,3,3,0,0.0,0.0,1.0,0.0,0.0,1.0,1
"G[1,2](((BldPrSys <= 124.712 | HeightCm >= 170.597) -> TotalDailyInsPerKg <= 171.078) -> age >= 170.852)
",9999999.000,9999999.000,0.000,1.000,0.000,0,0,0,3,3,0,0,3,0.0,0.0,0.0,0.0,0.0,1.0,1
"G[0,2]((BGTestAvgNumPtRep <= 5.770 | LDL >= 96.661) & BUN <= 122.868)
",9999999.000,9999999.000,0.000,1.000,0.000,0,0,2,1,1,2,2,1,0.0,0.0,1.0,0.0,0.0,1.0,1
"G[1,2]((age >= 17.898 -> HDL <= 53.962) | age <= 50.668)
",9999999.000,9999999.000,0.000,1.000,0.000,0,0,3,0,0,3,3,0,0.0,0.0,1.0,0.0,0.0,1.0,1
"G[1,2]((BUN >= 14.433 & WeightKg >= 65.207) & Pt_InsGov >= 63.640)
",9999999.000,9999999.000,0.000,1.000,0.000,0,0,0,3,3,0,0,3,0.0,0.0,0.0,0.0,0.0,1.0,1
"G[0,2](((HDL <= 53.960 | LDL <= 117.888) | Pt_SHFlg <= 104.649) & Pt_DKAFlg >= 94.733)
",9999999.000,9999999.000,0.000,1.000,0.000,0,0,0,3,3,0,0,3,0.0,0.0,0.0,0.0,0.0,1.0,1
"G[0,2]((LDL <= 121.632 | UnitsInsBasalOrLongAct >= 10.845) -> TotChol <= 18.913)
",9999999.000,9999999.000,0.000,1.000,0.000,0,0,3,0,0,3,3,0,0.0,0.0,1.0,0.0,0.0,1.0,1
"G[1,1](Pt_CGMUseNumDays >= 0.642 & Pt_SHFlg = 0.000)
",-0.642,-0.642,0.000,1.000,0.000,0,0,0,3,3,0,0,3,0.0,0.0,0.0,0.0,0.0,1.0,1
"G[0,2](((diabDur >= 8.303 -> UnitsInsBasalOrLongAct >= 17.088) & HbA1cImputeDtMnC >= 2.552) & TotChol <= 28.215)
",9999999.000,9999999.000,0.000,1.000,0.000,0,0,2,1,1,2,2,1,0.0,0.0,1.0,0.0,0.0,1.0,1
"G[0,2](age <= 19.444 | UnitsInsBasalOrLongAct <= 18.514)
",9999999.000,9999999.000,0.000,1.000,0.000,0,0,2,1,1,2,2,1,0.0,0.0,1.0,0.0,0.0,1.0,1
"G[0,2]((bmi <= 25.400 -> HbA1cImputeDtMnC >= 23.534) & AlbCreatRat_mggNew <= 65.506)
",9999999.000,9999999.000,0.000,1.000,0.000,0,0,2,1,1,2,2,1,0.0,0.0,1.0,0.0,0.0,1.0,1
"G[0,2]((bmiPerc >= 0.034 & GFR >= 16.629) | GFR <= 34.779)
",9999999.000,9999999.000,0.000,1.000,0.000,0,0,2,1,1,2,2,1,0.0,0.0,1.0,0.0,0.0,1.0,1
"G[1,2](Pt_SHFlg > 0.000 & Pt_SHFlg = 0.000)
",9999999.000,9999999.000,0.000,1.000,0.000,0,0,0,3,3,0,0,3,0.0,0.0,0.0,0.0,0.0,1.0,1
"G[1,2](((BldPrDia >= 62.773 & HeightCm <= 171.203) | UnitsInsBasalOrLongAct <= 171.151) -> bmiZscore <= 172.057)
",9999999.000,9999999.000,0.000,1.000,0.000,0,0,3,0,0,3,3,0,0.0,0.0,1.0,0.0,0.0,1.0,1
"G[2,2](TotalDailyInsPerKg <= 0.811 & Pt_SHFlg = 0.000)
",0.000,0.000,0.000,1.000,0.000,0,0,3,0,0,3,3,0,0.0,0.0,1.0,0.0,0.0,1.0,1
"G[1,1](DirectLDL < 0.000 & Pt_SHFlg = 0.000)
",0.000,0.000,0.000,1.000,0.000,0,0,0,3,3,0,0,3,0.0,0.0,0.0,0.0,0.0,1.0,1
"G[2,2]((BldPrSys <= 127.568 | diabDur >= 9.390) & diabDur <= 12.775)
",12.775,12.775,0.000,1.000,0.000,0,0,3,0,0,3,3,0,0.0,0.0,1.0,0.0,0.0,1.0,1
"G[1,2]((HeightCm >= 170.677 & TSH >= 0.294) & SMBGperDayPtMeterCombo <= 1.165)
",9999999.000,9999999.000,0.000,1.000,0.000,0,0,0,3,3,0,0,3,0.0,0.0,0.0,0.0,0.0,1.0,1
"G[1,2]((bmiPerc <= 0.808 -> GFR >= 6.532) -> HbA1c <= 25.796)
",9999999.000,9999999.000,0.000,1.000,0.000,0,0,3,0,0,3,3,0,0.0,0.0,1.0,0.0,0.0,1.0,1
"F[0,2]((UnitsInsBasalOrLongAct <= 27.342 | bmi >= 22.143) | HbA1c >= 21.929)
",-9999999.000,-9999999.000,0.000,0.000,1.000,0,0,0,3,3,0,0,3,0.0,0.0,0.0,0.0,0.0,1.0,-1
"F[0,2]((Pt_GrandchildT1D >= 0.000 -> UnitsInsBasalOrLongAct <= 19.891) & BUN >= 16.937)
",-9999999.000,-9999999.000,0.000,0.000,1.000,0,0,0,3,3,0,0,3,0.0,0.0,0.0,0.0,0.0,1.0,-1
"F[1,2]((Pt_GrandparentT1D >= 0.000 & Pt_GrandparentT1D <= 0.000) -> Pt_InsGov >= 0.000)
",-9999999.000,-9999999.000,0.000,0.000,1.000,0,0,0,3,3,0,0,3,0.0,0.0,0.0,0.0,0.0,1.0,-1
"F[0,1]((SMBGperDayPtMeterCombo >= 4.056 -> HbA1c >= 9.580) | Pt_GrandchildT1D <= 12.129)
",-9999999.000,-9999999.000,0.000,0.000,1.000,0,0,0,3,3,0,0,3,0.0,0.0,0.0,0.0,0.0,1.0,-1
"((GFR >= 3.883) U[0,2] (GFR >= 14.761))
",-9999999.000,-9999999.000,0.000,0.000,1.000,0,0,0,3,3,0,0,3,0.0,0.0,0.0,0.0,0.0,1.0,-1
"F[1,2](Triglyc >= 110.880 -> Pt_DKAFlg <= 0.000)
",-9999999.000,-9999999.000,0.000,0.000,1.000,0,0,0,3,3,0,0,3,0.0,0.0,0.0,0.0,0.0,1.0,-1
"F[0,1]((age >= 16.203 -> Pt_SiblingT1D >= 0.000) & UnitsInsBasalOrLongAct >= 0.000)
",-9999999.000,-9999999.000,0.000,0.000,1.000,0,0,0,3,3,0,0,3,0.0,0.0,0.0,0.0,0.0,1.0,-1
"F[0,2](bmiPerc <= 0.815 | HeightCm <= 171.362)
",-9999999.000,-9999999.000,0.000,0.000,1.000,0,0,0,3,3,0,0,3,0.0,0.0,0.0,0.0,0.0,1.0,-1
"F[1,2](((BGTestAvgNumPtRep <= 6.722 & HeightCm <= 171.210) & Pt_GrandparentT1D <= 171.015) | Triglyc >= 170.105)
",-9999999.000,-9999999.000,0.000,0.000,1.000,0,0,0,3,3,0,0,3,0.0,0.0,0.0,0.0,0.0,1.0,-1
"F[1,2](((HbA1cImputeDtMnC >= 16.310 -> bmi <= 25.502) | HeightCm <= 25.024) | AlbCreatRat_mggNew <= 25.962)
",-9999999.000,-9999999.000,0.000,0.000,1.000,0,0,0,3,3,0,0,3,0.0,0.0,0.0,0.0,0.0,1.0,-1
"F[1,2]((Pt_ChildT1D <= 0.000 -> AutonomicNeuroCl <= 0.000) | BGTestAvgNumMeter >= 0.000)
",-9999999.000,-9999999.000,0.000,0.000,1.000,0,0,0,3,3,0,0,3,0.0,0.0,0.0,0.0,0.0,1.0,-1
"((BGTestAvgNumMeter <= 1.137) U[0,1] (LDL >= 73.636))
",-9999999.000,-9999999.000,0.000,0.000,1.000,0,0,0,3,3,0,0,3,0.0,0.0,0.0,0.0,0.0,1.0,-1
"F[2,2](((Pt_SiblingT1D <= 0.000 & BGTestAvgNumPtRep >= 4.782) -> HbA1c <= 6.776) | BGTestAvgNumPtRep <= 6.742)
",6.742,6.742,0.000,0.000,1.000,0,0,0,3,3,0,0,3,0.0,0.0,0.0,0.0,0.0,1.0,-1
"F[0,2](((GFR >= 4.758 | SMBGperDayPtMeterCombo <= 6.438) & Pt_SHFlg <= 5.892) & Pt_A1cGoalLev <= 6.977)
",-9999999.000,-9999999.000,0.000,0.000,1.000,0,0,0,3,3,0,0,3,0.0,0.0,0.0,0.0,0.0,1.0,-1
"F[0,2]((TSH <= 2.652 | BGTestAvgNumMeter >= 0.375) | Pt_ChildT1D <= 2.451)
",-9999999.000,-9999999.000,0.000,0.000,1.000,0,0,0,3,3,0,0,3,0.0,0.0,0.0,0.0,0.0,1.0,-1
"F[0,1]((AutonomicNeuroCl <= 0.000 & diagAgeCombo >= 7.000) & Pt_A1cGoalLev <= 7.000)
",-9999999.000,-9999999.000,0.000,0.000,1.000,0,0,0,3,3,0,0,3,0.0,0.0,0.0,0.0,0.0,1.0,-1
"F[1,2](((Pt_CGMUseNumDays <= 15.886 & Pt_GrandchildT1D <= 0.000) | Pt_FatherT1D >= 0.000) & diabDur <= 0.000)
",-9999999.000,-9999999.000,0.000,0.000,1.000,0,0,0,3,3,0,0,3,0.0,0.0,0.0,0.0,0.0,1.0,-1
"F[0,2](diabDur >= 10.713 | Pt_GrandparentT1D >= 0.000)
",-9999999.000,-9999999.000,0.000,0.000,1.000,0,0,0,3,3,0,0,3,0.0,0.0,0.0,0.0,0.0,1.0,-1
"F[0,1](Pt_GrandparentT1D <= 0.000 | bmiZscore <= 0.874)
",-9999999.000,-9999999.000,0.000,0.000,1.000,0,0,0,3,3,0,0,3,0.0,0.0,0.0,0.0,0.0,1.0,-1
"F[1,2](((GFR <= 51.968 -> TSH <= 2.781) | bmiPerc <= 2.252) -> BGTestAvgNumMeter <= 1.347)
",-9999999.000,-9999999.000,0.000,0.000,1.000,0,0,0,3,3,0,0,3,0.0,0.0,0.0,0.0,0.0,1.0,-1
"F[0,2](((Pt_GrandchildT1D <= 0.000 | AlbCreatRat_mggNew >= 0.043) & BldPrSys >= 0.578) -> WeightKg <= 3.516)
",-9999999.000,-9999999.000,0.000,0.000,1.000,0,0,0,3,3,0,0,3,0.0,0.0,0.0,0.0,0.0,1.0,-1
"F[0,2](HbA1c >= 8.967 -> Pt_A1cGoalLevelDsYr5 = 0.000)
",-9999999.000,-9999999.000,0.000,0.000,1.000,0,0,0,3,3,0,0,3,0.0,0.0,0.0,0.0,0.0,1.0,-1
"F[1,2](bmiZscore <= 0.738 | TSH >= 0.061)
",-9999999.000,-9999999.000,0.000,0.000,1.000,0,0,0,3,3,0,0,3,0.0,0.0,0.0,0.0,0.0,1.0,-1
"F[0,1]((Pt_GrandparentT1D <= 0.000 | diagAgeCombo >= 7.000) | bmi <= 7.000)
",-9999999.000,-9999999.000,0.000,0.000,1.000,0,0,0,3,3,0,0,3,0.0,0.0,0.0,0.0,0.0,1.0,-1
"((UnitsInsBasalOrLongAct >= 7.670) U[0,2] (TSH <= 1.878))
",-9999999.000,-9999999.000,0.000,0.000,1.000,0,0,0,3,3,0,0,3,0.0,0.0,0.0,0.0,0.0,1.0,-1
"F[0,2](((BUN >= 14.735 | BUN <= 16.276) | Pt_A1cGoalLevelDsYr5 <= 16.267) | AutonomicNeuroCl <= 16.843)
",-9999999.000,-9999999.000,0.000,0.000,1.000,0,0,0,3,3,0,0,3,0.0,0.0,0.0,0.0,0.0,1.0,-1
"F[0,0](((age <= 18.652 | Pt_GrandparentT1D >= 0.000) -> Pt_DKAFlg <= 0.000) & diagAgeCombo >= 0.000)
",-18.652,-18.652,0.000,0.000,1.000,0,0,0,3,3,0,0,3,0.0,0.0,0.0,0.0,0.0,1.0,-1
"F[1,2](((age <= 19.828 & BldPrSys <= 127.086) | TotChol >= 115.105) & Pt_CGMUseNumDays <= 123.956)
",-9999999.000,-9999999.000,0.000,0.000,1.000,0,0,0,3,3,0,0,3,0.0,0.0,0.0,0.0,0.0,1.0,-1
"F[0,2](Triglyc >= 111.470 -> Pt_A1cGoalLev >= 1.019)
",-9999999.000,-9999999.000,0.000,0.000,1.000,0,0,0,3,3,0,0,3,0.0,0.0,0.0,0.0,0.0,1.0,-1
"F[0,2]((BldPrDia <= 73.979 | Pt_MotherT1D >= 0.000) & diagAgeCombo >= 0.000)
",-9999999.000,-9999999.000,0.000,0.000,1.000,0,0,0,3,3,0,0,3,0.0,0.0,0.0,0.0,0.0,1.0,-1
"F[0,2](((TotalDailyInsPerKg >= 0.234 & Pt_CGMUseNumDays <= 10.143) -> BldPrDia <= 25.080) -> Pt_GrandchildT1D <= 26.607)
",-9999999.000,-9999999.000,0.000,0.000,1.000,0,0,0,3,3,0,0,3,0.0,0.0,0.0,0.0,0.0,1.0,-1
"F[1,1](HbA1cImputeDtMnC <= 75.258 | bmi >= 22.053)
",75.258,75.258,0.000,0.000,1.000,0,0,0,3,3,0,0,3,0.0,0.0,0.0,0.0,0.0,1.0,-1
"F[0,2](diabDur >= 10.794 -> HbA1c >= 9.423)
",-9999999.000,-9999999.000,0.000,0.000,1.000,0,0,0,3,3,0,0,3,0.0,0.0,0.0,0.0,0.0,1.0,-1
"((BGTestAvgNumMeter >= 0.136) U[0,1] (BGTestAvgNumPtRep <= 6.964))
",-9999999.000,-9999999.000,0.000,0.000,1.000,0,0,0,3,3,0,0,3,0.0,0.0,0.0,0.0,0.0,1.0,-1
"F[1,2]((Pt_DKAFlg <= 0.000 & Pt_FatherT1D >= 0.000) & HeightCm <= 0.000)
",-9999999.000,-9999999.000,0.000,0.000,1.000,0,0,0,3,3,0,0,3,0.0,0.0,0.0,0.0,0.0,1.0,-1
"G[0,2](((BUN >= 15.075 & TotChol >= 0.000) -> Pt_GrandparentT1D >= 0.000) | Pt_MotherT1D <= 0.000)
",9999999.000,9999999.000,0.000,1.000,0.000,0,0,3,0,0,3,3,0,0.0,0.0,1.0,0.0,0.0,1.0,1
"F[2,2](((HeightCm <= 172.249 & Pt_A1cGoalLev <= 3.658) | Pt_A1cGoalLev >= 0.087) & HeightCm >= 1.256)
",-1.256,-1.256,0.000,0.000,1.000,0,0,0,3,3,0,0,3,0.0,0.0,0.0,0.0,0.0,1.0,-1
"F[0,0](((BldPrSys >= 114.311 | Pt_ChildT1D <= 0.000) -> Pt_GrandparentT1D <= 0.000) -> diagAgeCombo >= 0.000)
",0.000,0.000,0.000,0.000,1.000,0,0,0,3,3,0,0,3,0.0,0.0,0.0,0.0,0.0,1.0,-1
"((BUN >= 14.937) U[2,2] (AutonomicNeuroCl >= 0.000))
",0.000,0.000,0.000,0.000,1.000,0,0,0,3,3,0,0,3,0.0,0.0,0.0,0.0,0.0,1.0,-1
"((Pt_A1cGoalLevelDsYr5 >= 0.000) U[0,1] (Pt_SiblingT1D <= 0.000))
",-9999999.000,-9999999.000,0.000,0.000,1.000,0,0,0,3,3,0,0,3,0.0,0.0,0.0,0.0,0.0,1.0,-1
"F[2,2](GFR <= 41.086 & TotChol >= 0.000)
",0.000,0.000,0.000,0.000,1.000,0,0,0,3,3,0,0,3,0.0,0.0,0.0,0.0,0.0,1.0,-1
"((Pt_ChildT1D >= 0.000) U[2,2] (Pt_InsGov <= 0.000))
",0.000,0.000,0.000,0.000,1.000,0,0,0,3,3,0,0,3,0.0,0.0,0.0,0.0,0.0,1.0,-1
"F[1,2](((Triglyc <= 179.242 -> Pt_GrandchildT1D >= 0.000) | HeightCm >= 0.000) | Pt_SHFlg <= 0.000)
",-9999999.000,-9999999.000,0.000,0.000,1.000,0,0,0,3,3,0,0,3,0.0,0.0,0.0,0.0,0.0,1.0,-1
"F[2,2](GFR >= 12.809 -> GFR <= 23.838)
",-23.838,-23.838,0.000,0.000,1.000,0,0,0,3,3,0,0,3,0.0,0.0,0.0,0.0,0.0,1.0,-1
"F[0,2](((HDL <= 51.968 | Pt_A1cGoalLev >= 0.268) & TotChol <= 1.957) -> HeightCm <= 3.727)
",-9999999.000,-9999999.000,0.000,0.000,1.000,0,0,0,3,3,0,0,3,0.0,0.0,0.0,0.0,0.0,1.0,-1
"F[2,2](((AlbCreatRat_mggNew >= 0.022 -> HDL >= 43.986) | Pt_A1cGoalLev >= 41.437) & Pt_CGMUseNumDays <= 55.666)
",0.022,0.022,0.000,0.000,1.000,0,0,0,3,3,0,0,3,0.0,0.0,0.0,0.0,0.0,1.0,-1
"F[1,1](Pt_InsGov <= 0.000 -> Pt_SHFlg = 0.000)
",0.000,0.000,0.000,0.000,1.000,0,0,0,3,3,0,0,3,0.0,0.0,0.0,0.0,0.0,1.0,-1
"((Pt_SHFlg > 0.000) U[0,2] (Pt_SHFlg = 0.000))
",-9999999.000,-9999999.000,0.000,0.000,1.000,0,0,0,3,3,0,0,3,0.0,0.0,0.0,0.0,0.0,1.0,-1
"F[1,1](Pt_SiblingT1D >= 0.000 -> Pt_SHFlg = 0.000)
",0.000,0.000,0.000,0.000,1.000,0,0,0,3,3,0,0,3,0.0,0.0,0.0,0.0,0.0,1.0,-1
"F[0,1](((Pt_ChildT1D >= 0.000 | LDL <= 104.937) & HbA1c <= 138.013) & HeightCm >= 68.302)
",-9999999.000,-9999999.000,0.000,0.000,1.000,0,0,0,3,3,0,0,3,0.0,0.0,0.0,0.0,0.0,1.0,-1
"F[0,2](((Pt_ChildT1D >= 0.000 & diabDur <= 13.042) -> HeightCm <= 13.131) | bmiPerc <= 12.626)
",-9999999.000,-9999999.000,0.000,0.000,1.000,0,0,0,3,3,0,0,3,0.0,0.0,0.0,0.0,0.0,1.0,-1
"F[1,1](((diabDur <= 11.543 -> HeightCm >= 170.862) | Pt_A1cGoalLevelDsYr5 >= 170.206) -> Pt_MotherT1D <= 171.925)
",-171.925,-171.925,0.000,0.000,1.000,0,0,0,3,3,0,0,3,0.0,0.0,0.0,0.0,0.0,1.0,-1
"F[0,2]((Pt_ChildT1D <= 0.000 | Pt_InsGov <= 0.000) | HbA1c <= 0.000)
",-9999999.000,-9999999.000,0.000,0.000,1.000,0,0,0,3,3,0,0,3,0.0,0.0,0.0,0.0,0.0,1.0,-1
"F[1,2](((Pt_FatherT1D <= 0.000 & Pt_A1cGoalLev >= 0.436) | HDL >= 0.393) | diagAgeCombo >= 1.052)
",-9999999.000,-9999999.000,0.000,0.000,1.000,0,0,0,3,3,0,0,3,0.0,0.0,0.0,0.0,0.0,1.0,-1
"G[1,2]((Pt_SHFlg >= 0.000 -> LDL >= 70.965) -> HbA1c >= 67.644)
",9999999.000,9999999.000,0.000,1.000,0.000,0,0,0,3,3,0,0,3,0.0,0.0,0.0,0.0,0.0,1.0,1
"G[0,1](HbA1c >= 9.531 & Pt_InsGov <= 0.000)
",9999999.000,9999999.000,0.000,1.000,0.000,0,0,0,3,3,0,0,3,0.0,0.0,0.0,0.0,0.0,1.0,1
"G[0,2](((Pt_ChildT1D <= 0.000 & HeightCm >= 170.169) & Pt_MotherT1D >= 170.472) -> AlbCreatRat_mggNew >= 170.690)
",9999999.000,9999999.000,0.000,1.000,0.000,0,0,3,0,0,3,3,0,0.0,0.0,1.0,0.0,0.0,1.0,1
"G[2,2](((Pt_DKAFlg >= 0.000 | Pt_InsGov <= 0.000) | bmiPerc >= 0.000) | TotChol <= 0.000)
",0.000,0.000,0.000,1.000,0.000,0,0,3,0,0,3,3,0,0.0,0.0,1.0,0.0,0.0,1.0,1
"G[0,2](age >= 16.123 | TotChol <= 0.000)
",9999999.000,9999999.000,0.000,1.000,0.000,0,0,3,0,0,3,3,0,0.0,0.0,1.0,0.0,0.0,1.0,1
"G[2,2](HeightCm >= 170.174 | Pt_ChildT1D >= 0.000)
",0.000,0.000,0.000,1.000,0.000,0,0,3,0,0,3,3,0,0.0,0.0,1.0,0.0,0.0,1.0,1
"G[1,2](Pt_SHFlg <= 0.000 | diabDur <= 13.590)
",9999999.000,9999999.000,0.000,1.000,0.000,0,0,3,0,0,3,3,0,0.0,0.0,1.0,0.0,0.0,1.0,1
"G[0,2](SMBGperDayPtMeterCombo >= 4.549 & BGTestAvgNumPtRep >= 4.466)
",9999999.000,9999999.000,0.000,1.000,0.000,0,0,2,1,1,2,2,1,0.0,0.0,1.0,0.0,0.0,1.0,1
"G[1,2](BldPrDia <= 72.154 -> BUN <= 17.627)
",9999999.000,9999999.000,0.000,1.000,0.000,0,0,3,0,0,3,3,0,0.0,0.0,1.0,0.0,0.0,1.0,1
"G[2,2]((BldPrDia <= 73.492 -> Pt_SiblingT1D <= 0.000) & BGTestAvgNumPtRep <= 0.000)
",-73.492,-73.492,0.000,1.000,0.000,0,0,3,0,0,3,3,0,0.0,0.0,1.0,0.0,0.0,1.0,1
"G[0,2](SMBGperDayPtMeterCombo >= 4.088 & BGTestAvgNumPtRep >= 4.553)
",9999999.000,9999999.000,0.000,1.000,0.000,0,0,2,1,1,2,2,1,0.0,0.0,1.0,0.0,0.0,1.0,1
"G[0,2](WeightKg < 73.997 -> Pt_SHFlg = 0.000)
",9999999.000,9999999.000,0.000,1.000,0.000,0,0,3,0,0,3,3,0,0.0,0.0,1.0,0.0,0.0,1.0,1
"G[0,2]((WeightKg >= 63.302 | bmi >= 22.708) -> UnitsInsBasalOrLongAct <= 27.772)
",9999999.000,9999999.000,0.000,1.000,0.000,0,0,1,2,2,1,1,2,0.0,0.0,1.0,0.0,0.0,1.0,1
"G[0,2](((LDL <= 128.671 | TotChol >= 0.000) | diagAgeCombo >= 0.000) | Pt_DKAFlg >= 0.000)
",9999999.000,9999999.000,0.000,1.000,0.000,0,0,3,0,0,3,3,0,0.0,0.0,1.0,0.0,0.0,1.0,1
"G[0,0]((Pt_CGMUseNumDays >= 0.066 & TotalDailyInsPerKg <= 0.615) | HbA1c <= 0.470)
",-0.942,-1.127,0.000,1.000,0.000,0,0,0,3,3,0,0,3,0.0,0.0,0.0,0.0,0.0,1.0,1
"G[0,1](Pt_SiblingT1D >= 0.000 & Pt_CGMUseNumDays >= 1.061)
",9999999.000,9999999.000,0.000,1.000,0.000,0,0,0,3,3,0,0,3,0.0,0.0,0.0,0.0,0.0,1.0,1
"G[0,2]((LDL >= 82.770 & diabDur <= 12.688) -> age <= 13.569)
",9999999.000,9999999.000,0.000,1.000,0.000,0,0,1,2,2,1,1,2,0.0,0.0,1.0,0.0,0.0,1.0,1
"G[0,2](((Pt_MotherT1D >= 0.000 -> GFR >= 13.451) -> Triglyc >= 9.109) -> bmi >= 8.696)
",9999999.000,9999999.000,0.000,1.000,0.000,0,0,3,0,0,3,3,0,0.0,0.0,1.0,0.0,0.0,1.0,1
"G[2,2]((bmi >= 21.724 & Pt_MotherT1D >= 0.000) -> TotChol <= 0.000)
",0.000,0.000,0.000,1.000,0.000,0,0,3,0,0,3,3,0,0.0,0.0,1.0,0.0,0.0,1.0,1
"G[0,2](((TotChol <= 0.000 -> BGTestAvgNumMeter >= 0.194) | Pt_CGMUseNumDays <= 1.707) | Pt_DKAFlg <= 3.698)
",9999999.000,9999999.000,0.000,1.000,0.000,0,0,3,0,0,3,3,0,0.0,0.0,1.0,0.0,0.0,1.0,1
"G[1,1]((Pt_FatherT1D <= 0.000 | bmi >= 23.342) -> diagAgeCombo >= 22.396)
",0.000,0.000,0.000,1.000,0.000,0,0,0,3,3,0,0,3,0.0,0.0,0.0,0.0,0.0,1.0,1
"G[1,2]((WeightKg >= 66.680 | bmi >= 23.830) -> UnitsInsBasalOrLongAct <= 23.422)
",9999999.000,9999999.000,0.000,1.000,0.000,0,0,1,2,2,1,1,2,0.0,0.0,1.0,0.0,0.0,1.0,1
"G[2,2]((Pt_GrandchildT1D <= 0.000 -> bmiZscore <= 0.523) | BldPrSys <= 0.481)
",0.481,0.481,0.000,1.000,0.000,0,0,3,0,0,3,3,0,0.0,0.0,1.0,0.0,0.0,1.0,1
"G[1,2](((BGTestAvgNumPtRep >= 4.089 & Pt_CGMUseNumDays >= 3.961) & GFR >= 4.064) & HbA1cImputeDtMnC >= 2.818)
",9999999.000,9999999.000,0.000,1.000,0.000,0,0,0,3,3,0,0,3,0.0,0.0,0.0,0.0,0.0,1.0,1
"G[0,2](Triglyc <= 173.222 | SMBGperDayPtMeterCombo >= 4.829)
",9999999.000,9999999.000,0.000,1.000,0.000,0,0,3,0,0,3,3,0,0.0,0.0,1.0,0.0,0.0,1.0,1
"G[0,2](((Pt_ChildT1D <= 0.000 -> Pt_A1cGoalLev <= 4.092) -> Pt_GrandparentT1D <= 1.345) & HbA1c >= 0.968)
",9999999.000,9999999.000,0.000,1.000,0.000,0,0,3,0,0,3,3,0,0.0,0.0,1.0,0.0,0.0,1.0,1
"G[2,2](((TotalDailyInsPerKg <= 0.624 | Pt_SiblingT1D >= 0.000) | Pt_SHFlg >= 0.000) & SMBGperDayPtMeterCombo >= 0.000)
",0.000,0.000,0.000,1.000,0.000,0,0,3,0,0,3,3,0,0.0,0.0,1.0,0.0,0.0,1.0,1
"((Pt_ChildT1D >= 0.000) U[0,1] (BldPrDia <= 70.027))
",-9999999.000,-9999999.000,0.000,0.000,1.000,0,0,0,3,3,0,0,3,0.0,0.0,0.0,0.0,0.0,1.0,-1
"G[0,2]((WeightKg >= 66.315 | bmi >= 22.244) -> UnitsInsBasalOrLongAct <= 25.577)
",9999999.000,9999999.000,0.000,1.000,0.000,0,0,1,2,2,1,1,2,0.0,0.0,1.0,0.0,0.0,1.0,1
"F[0,2](HbA1c >= 9.710 -> Pt_A1cGoalLevelDsYr5 = 0.000)
",-9999999.000,-9999999.000,0.000,0.000,1.000,0,0,0,3,3,0,0,3,0.0,0.0,0.0,0.0,0.0,1.0,-1
"F[0,1]((Pt_FatherT1D >= 0.000 | WeightKg <= 76.697) | BldPrDia <= 74.758)
",-9999999.000,-9999999.000,0.000,0.000,1.000,0,0,0,3,3,0,0,3,0.0,0.0,0.0,0.0,0.0,1.0,-1
"((Pt_GrandchildT1D >= 0.000) U[0,2] (TotalDailyInsPerKg <= 0.945))
",-9999999.000,-9999999.000,0.000,0.000,1.000,0,0,0,3,3,0,0,3,0.0,0.0,0.0,0.0,0.0,1.0,-1
"F[1,2](((HbA1cImputeDtMnC >= 35.766 & AlbCreatRat_mggNew <= 1.033) & UnitsInsBasalOrLongAct >= 0.602) -> bmiZscore <= 3.039)
",-9999999.000,-9999999.000,0.000,0.000,1.000,0,0,0,3,3,0,0,3,0.0,0.0,0.0,0.0,0.0,1.0,-1
"F[0,1](((Pt_CGMUseNumDays <= 24.799 | TotalDailyInsPerKg <= 0.541) & LDL >= 0.294) & LDL >= 0.305)
",-9999999.000,-9999999.000,0.000,0.000,1.000,0,0,0,3,3,0,0,3,0.0,0.0,0.0,0.0,0.0,1.0,-1
"F[1,2]((diabDur >= 8.048 | WeightKg <= 75.595) | TotalDailyInsPerKg <= 76.766)
",-9999999.000,-9999999.000,0.000,0.000,1.000,0,0,0,3,3,0,0,3,0.0,0.0,0.0,0.0,0.0,1.0,-1
"F[0,1]((Triglyc <= 181.030 -> Pt_GrandparentT1D >= 0.000) | Pt_SiblingT1D >= 0.000)
",-9999999.000,-9999999.000,0.000,0.000,1.000,0,0,0,3,3,0,0,3,0.0,0.0,0.0,0.0,0.0,1.0,-1
"F[0,2](((HbA1c >= 9.654 & bmiZscore >= 0.374) | Pt_DKAFlg >= -0.152) | Pt_DKAFlg >= -0.105)
",-9999999.000,-9999999.000,0.000,0.000,1.000,0,0,0,3,3,0,0,3,0.0,0.0,0.0,0.0,0.0,1.0,-1
"F[1,2]((NumPumpBolusOrShortAct <= 1.251 & Pt_SHFlg >= 0.000) & Pt_SiblingT1D >= 0.000)
",-9999999.000,-9999999.000,0.000,0.000,1.000,0,0,0,3,3,0,0,3,0.0,0.0,0.0,0.0,0.0,1.0,-1
"F[0,1](((diabDur <= 13.928 | Pt_A1cGoalLev >= 0.439) -> Pt_SiblingT1D <= 7.494) | GFR >= 0.810)
",-9999999.000,-9999999.000,0.000,0.000,1.000,0,0,0,3,3,0,0,3,0.0,0.0,0.0,0.0,0.0,1.0,-1
"G[0,2](age <= 19.891 -> Pt_MotherT1D <= 0.000)
",9999999.000,9999999.000,0.000,1.000,0.000,0,0,3,0,0,3,3,0,0.0,0.0,1.0,0.0,0.0,1.0,1
"G[2,2]((AlbCreatRat_mggNew <= 1.226 & Pt_GrandparentT1D <= 0.000) | bmiPerc >= 0.000)
",0.000,0.000,0.000,1.000,0.000,0,0,3,0,0,3,3,0,0.0,0.0,1.0,0.0,0.0,1.0,1
"G[0,2](SMBGperDayPtMeterCombo >= 4.538 & BGTestAvgNumPtRep >= 4.032)
",9999999.000,9999999.000,0.000,1.000,0.000,0,0,2,1,1,2,2,1,0.0,0.0,1.0,0.0,0.0,1.0,1
"G[1,2]((WeightKg >= 65.148 | bmi >= 24.025) -> UnitsInsBasalOrLongAct <= 27.875)
",9999999.000,9999999.000,0.000,1.000,0.000,0,0,1,2,2,1,1,2,0.0,0.0,1.0,0.0,0.0,1.0,1
"G[1,2](GFR <= 58.514 -> BUN >= 14.337)
",9999999.000,9999999.000,0.000,1.000,0.000,0,0,3,0,0,3,3,0,0.0,0.0,1.0,0.0,0.0,1.0,1
"G[0,2](GFR <= 61.189 -> BUN >= 15.597)
",9999999.000,9999999.000,0.000,1.000,0.000,0,0,2,1,1,2,2,1,0.0,0.0,1.0,0.0,0.0,1.0,1
"G[1,2](((HDL <= 49.384 -> Pt_A1cGoalLevelDsYr5 >= 0.000) | WeightKg <= 0.000) | NumPumpBolusOrShortAct >= 0.000)
",9999999.000,9999999.000,0.000,1.000,0.000,0,0,3,0,0,3,3,0,0.0,0.0,1.0,0.0,0.0,1.0,1
"G[0,2]((WeightKg >= 67.891 | bmi >= 23.004) -> UnitsInsBasalOrLongAct <= 18.120)
",9999999.000,9999999.000,0.000,1.000,0.000,0,0,1,2,2,1,1,2,0.0,0.0,1.0,0.0,0.0,1.0,1
"G[0,2](Pt_InsGov <= 0.000 | BUN <= 16.903)
",9999999.000,9999999.000,0.000,1.000,0.000,0,0,3,0,0,3,3,0,0.0,0.0,1.0,0.0,0.0,1.0,1
"G[0,2]((diagAgeCombo <= 7.000 | Pt_A1cGoalLevelDsYr5 <= 0.000) -> Pt_FatherT1D <= 0.000)
",9999999.000,9999999.000,0.000,1.000,0.000,0,0,3,0,0,3,3,0,0.0,0.0,1.0,0.0,0.0,1.0,1
"G[0,2](((AlbCreatRat_mggNew >= 0.168 & HDL <= 50.472) | AlbCreatRat_mggNew <= 49.992) & TotalDailyInsPerKg <= 52.622)
",9999999.000,9999999.000,0.000,1.000,0.000,0,0,3,0,0,3,3,0,0.0,0.0,1.0,0.0,0.0,1.0,1
"G[2,2](HDL >= 41.791 | Pt_GrandparentT1D <= 0.000)
",0.000,0.000,0.000,1.000,0.000,0,0,3,0,0,3,3,0,0.0,0.0,1.0,0.0,0.0,1.0,1
"G[0,2]((HeightCm <= 172.067 | Pt_FatherT1D >= 0.000) -> bmi >= 0.000)
",9999999.000,9999999.000,0.000,1.000,0.000,0,0,3,0,0,3,3,0,0.0,0.0,1.0,0.0,0.0,1.0,1
"F[0,2](HbA1c >= 9.423 -> Pt_A1cGoalLevelDsYr5 = 0.000)
",-9999999.000,-9999999.000,0.000,0.000,1.000,0,0,0,3,3,0,0,3,0.0,0.0,0.0,0.0,0.0,1.0,-1
