Rule,Discrimination Score,Pos Robustness,Neg Robustness,Percent Class +,Percent Class -,TP,TN,FP,FN,Actual Yes,Actual No,Predicted Yes,Predicted No,TPR/Sens,TNR/Spec,FPR,Precision,Accuracy,MCR
"G[1,1]((BGTestAvgNumPtRep <= 4.884 | BldPrDia >= 73.007) | bmiPerc <= 89.171)
",89.171,89.171,0.000,1.000,0.000,3,0,0,0,3,0,3,0,1.0,0.0,0.0,1.0,1.0,0.0
"G[0,0]((Pt_A1cGoalLevelDsYr5 <= 4.834 | TotChol <= 188.270) -> age >= 53.407)
",-119.950,-149.603,0.000,1.000,0.000,3,0,0,0,3,0,3,0,1.0,0.0,0.0,1.0,1.0,0.0
"G[0,1](Pt_SiblingT1D <= 0.000 -> Pt_SHFlg = 0.000)
",9999999.000,9999999.000,0.000,1.000,0.000,3,0,0,0,3,0,3,0,1.0,0.0,0.0,1.0,1.0,0.0
"G[0,1](((BGTestAvgNumPtRep >= 0.016 & HbA1c >= 0.476) | BldPrDia >= 0.240) & HDL >= 0.071)
",9999999.000,9999999.000,0.000,1.000,0.000,3,0,0,0,3,0,3,0,1.0,0.0,0.0,1.0,1.0,0.0
"G[0,0](diabDur >= 21.370 -> Pt_SHFlg = 0.000)
",-28.300,-35.296,0.000,1.000,0.000,3,0,0,0,3,0,3,0,1.0,0.0,0.0,1.0,1.0,0.0
"G[1,1](Pt_GrandparentT1D <= 0.000 -> Pt_GrandchildT1D >= 0.000)
",0.000,0.000,0.000,1.000,0.000,3,0,0,0,3,0,3,0,1.0,0.0,0.0,1.0,1.0,0.0
"G[1,1]((Pt_MotherT1D <= 0.000 | HeightCm >= 97.114) & BldPrDia <= 178.859)
",0.000,0.000,0.000,1.000,0.000,3,0,0,0,3,0,3,0,1.0,0.0,0.0,1.0,1.0,0.0
"G[0,0](((Pt_DKAFlg >= 0.000 | Pt_MotherT1D <= 0.000) | age >= 0.000) & HDL >= 0.000)
",0.000,0.000,0.000,1.000,0.000,3,0,0,0,3,0,3,0,1.0,0.0,0.0,1.0,1.0,0.0
"G[0,0](HbA1c >= 0.958 -> Pt_SHFlg = 0.000)
",1.414,0.639,0.000,1.000,0.000,3,0,0,0,3,0,3,0,1.0,0.0,0.0,1.0,1.0,0.0
"G[0,0]((BldPrDia <= 86.665 & HbA1cImputeDtMnC >= 11.694) -> HDL >= 22.332)
",-4.765,-78.335,0.000,1.000,0.000,3,0,0,0,3,0,3,0,1.0,0.0,0.0,1.0,1.0,0.0
"G[0,0]((BGTestAvgNumPtRep <= 8.739 | BUN >= 8.668) | GFR <= 15.126)
",3.471,114.665,0.000,1.000,0.000,3,0,0,0,3,0,3,0,1.0,0.0,0.0,1.0,1.0,0.0
"G[0,0](UnitsInsBasalOrLongAct <= 13.998 -> Pt_DKAFlg >= 0.000)
",-2.638,-9.731,0.000,1.000,0.000,3,0,0,0,3,0,3,0,1.0,0.0,0.0,1.0,1.0,0.0
"G[1,1]((UnitsInsBasalOrLongAct >= 1.674 & HDL >= 34.995) | Pt_A1cGoalLevelDsYr5 <= 37.612)
",37.612,37.612,0.000,1.000,0.000,3,0,0,0,3,0,3,0,1.0,0.0,0.0,1.0,1.0,0.0
"G[0,0](diabDur <= 25.616 | HbA1c >= 0.987)
",-0.987,-0.987,0.000,1.000,0.000,3,0,0,0,3,0,3,0,1.0,0.0,0.0,1.0,1.0,0.0
"G[0,0](((Pt_SiblingT1D >= 0.000 -> bmiPerc <= 0.000) | bmiPerc >= 0.000) | diagAgeCombo >= 0.000)
",1.413,18.297,0.000,1.000,0.000,3,0,0,0,3,0,3,0,1.0,0.0,0.0,1.0,1.0,0.0
"G[1,1](Pt_DKAFlg >= 0.000 | UnitsInsBasalOrLongAct <= 44.978)
",44.978,44.978,0.000,1.000,0.000,3,0,0,0,3,0,3,0,1.0,0.0,0.0,1.0,1.0,0.0
"G[0,0](((Pt_SHFlg <= 0.000 | Pt_ChildT1D >= 0.000) | HbA1cImputeDtMnC <= 0.000) | HDL <= 0.000)
",0.000,0.000,0.000,1.000,0.000,3,0,0,0,3,0,3,0,1.0,0.0,0.0,1.0,1.0,0.0
"G[0,1]((age <= 58.693 | BGTestAvgNumPtRep <= 5.620) -> TotalDailyInsPerKg <= 9.555)
",9999999.000,9999999.000,0.000,1.000,0.000,3,0,0,0,3,0,3,0,1.0,0.0,0.0,1.0,1.0,0.0
"G[0,1]((HbA1cImputeDtMnC <= 59.566 | HDL >= 34.912) -> Pt_ChildT1D <= 39.716)
",9999999.000,9999999.000,0.000,1.000,0.000,3,0,0,0,3,0,3,0,1.0,0.0,0.0,1.0,1.0,0.0
"G[0,1]((BGTestAvgNumMeter >= 0.067 -> Pt_GrandchildT1D >= 0.000) | Pt_A1cGoalLev <= 0.000)
",9999999.000,9999999.000,0.000,1.000,0.000,3,0,0,0,3,0,3,0,1.0,0.0,0.0,1.0,1.0,0.0
"G[0,1](((Pt_CGMUseNumDays <= 10.739 -> GFR <= 0.000) -> NumPumpBolusOrShortAct >= 0.000) & bmiPerc <= 0.000)
",9999999.000,9999999.000,0.000,1.000,0.000,3,0,0,0,3,0,3,0,1.0,0.0,0.0,1.0,1.0,0.0
"G[0,1](((BGTestAvgNumPtRep <= 7.754 | Pt_A1cGoalLevelDsYr5 >= 0.788) & Triglyc <= 0.926) -> UnitsInsBasalOrLongAct <= 4.201)
",9999999.000,9999999.000,0.000,1.000,0.000,3,0,0,0,3,0,3,0,1.0,0.0,0.0,1.0,1.0,0.0
"G[0,1](((Pt_CGMUseNumDays <= 12.771 | SMBGperDayPtMeterCombo >= 2.711) | TotChol <= 8.174) | SMBGperDayPtMeterCombo <= 5.114)
",9999999.000,9999999.000,0.000,1.000,0.000,3,0,0,0,3,0,3,0,1.0,0.0,0.0,1.0,1.0,0.0
"G[0,1]((age >= 56.055 & Pt_CGMUseNumDays <= 20.648) | TotalDailyInsPerKg <= 27.656)
",9999999.000,9999999.000,0.000,1.000,0.000,3,0,0,0,3,0,3,0,1.0,0.0,0.0,1.0,1.0,0.0
"G[0,1]((BGTestAvgNumMeter >= 0.105 | DirectLDL <= 0.000) -> TotalDailyInsPerKg <= 0.000)
",9999999.000,9999999.000,0.000,1.000,0.000,3,0,0,0,3,0,3,0,1.0,0.0,0.0,1.0,1.0,0.0
"G[0,1](((age <= 59.667 & SMBGperDayPtMeterCombo <= 4.513) | BldPrSys >= 0.610) | SMBGperDayPtMeterCombo >= 0.426)
",9999999.000,9999999.000,0.000,1.000,0.000,3,0,0,0,3,0,3,0,1.0,0.0,0.0,1.0,1.0,0.0
"G[0,1]((BGTestAvgNumMeter >= 0.117 -> HbA1c >= 1.964) -> Pt_SiblingT1D <= 2.744)
",9999999.000,9999999.000,0.000,1.000,0.000,3,0,0,0,3,0,3,0,1.0,0.0,0.0,1.0,1.0,0.0
"G[0,1](Pt_SHFlg <= 0.000 & Pt_SHFlg = 0.000)
",9999999.000,9999999.000,0.000,1.000,0.000,3,0,0,0,3,0,3,0,1.0,0.0,0.0,1.0,1.0,0.0
"G[1,1](((Pt_A1cGoalLevelDsYr5 <= 1.488 -> Pt_CGMUseNumDays >= 6.183) & HbA1cImputeDtMnC >= 0.598) | Pt_SiblingT1D <= 11.196)
",6302593214399029.000,11.196,0.000,1.000,0.000,3,0,0,0,3,0,3,0,1.0,0.0,0.0,1.0,1.0,0.0
"G[0,1]((Pt_A1cGoalLev <= 2.416 & Pt_InsGov >= 0.172) -> HbA1c <= 0.378)
",9999999.000,9999999.000,0.000,1.000,0.000,3,0,0,0,3,0,3,0,1.0,0.0,0.0,1.0,1.0,0.0
"G[0,0](((HDL >= 35.341 -> Pt_InsGov <= 0.663) | NumPumpBolusOrShortAct >= 0.002) & Pt_GrandchildT1D <= 0.802)
",0.702,0.266,0.000,1.000,0.000,3,0,0,0,3,0,3,0,1.0,0.0,0.0,1.0,1.0,0.0
"G[1,1]((Pt_A1cGoalLev >= 0.421 & BUN <= 15.285) -> AlbCreatRat_mggNew <= 15.904)
",-8953146984946925.000,-15.904,0.000,1.000,0.000,3,0,0,0,3,0,3,0,1.0,0.0,0.0,1.0,1.0,0.0
"G[0,1]((Pt_A1cGoalLev >= 0.152 & bmiZscore >= -0.382) -> Pt_ChildT1D >= -0.275)
",9999999.000,9999999.000,0.000,1.000,0.000,3,0,0,0,3,0,3,0,1.0,0.0,0.0,1.0,1.0,0.0
"G[0,1]((Pt_ChildT1D <= 0.000 | NumPumpBolusOrShortAct >= 0.000) & GFR >= 0.000)
",9999999.000,9999999.000,0.000,1.000,0.000,3,0,0,0,3,0,3,0,1.0,0.0,0.0,1.0,1.0,0.0
"G[0,1]((Pt_MotherT1D >= 0.000 | Pt_GrandparentT1D <= 0.000) & BGTestAvgNumMeter >= 0.000)
",9999999.000,9999999.000,0.000,1.000,0.000,3,0,0,0,3,0,3,0,1.0,0.0,0.0,1.0,1.0,0.0
"G[0,1](((diabDur <= 25.033 -> Pt_A1cGoalLevelDsYr5 >= 0.731) | TSH <= 2.673) | SMBGperDayPtMeterCombo >= 0.428)
",9999999.000,9999999.000,0.000,1.000,0.000,3,0,0,0,3,0,3,0,1.0,0.0,0.0,1.0,1.0,0.0
"G[0,0]((Pt_GrandparentT1D <= 0.000 -> GFR <= 0.000) & UnitsInsBasalOrLongAct >= 0.000)
",-1.051,-0.111,0.000,1.000,0.000,3,0,0,0,3,0,3,0,1.0,0.0,0.0,1.0,1.0,0.0
"G[0,0]((HbA1c >= 1.298 -> Pt_GrandchildT1D >= 0.000) -> bmiPerc <= 0.000)
",0.000,0.000,0.000,1.000,0.000,3,0,0,0,3,0,3,0,1.0,0.0,0.0,1.0,1.0,0.0
"G[0,1](((diabDur >= 21.034 -> LDL <= 109.156) | HbA1cImputeDtMnC >= 66.909) & AlbCreatRat_mggNew <= 99.760)
",9999999.000,9999999.000,0.000,1.000,0.000,3,0,0,0,3,0,3,0,1.0,0.0,0.0,1.0,1.0,0.0
"G[0,0](bmi >= 13.157 | BldPrDia <= 87.251)
",-13.157,-13.157,0.000,1.000,0.000,3,0,0,0,3,0,3,0,1.0,0.0,0.0,1.0,1.0,0.0
"G[0,1](((Pt_InsGov >= 0.003 & LDL >= 65.124) & HbA1cImputeDtMnC >= 66.643) -> HeightCm >= 63.675)
",9999999.000,9999999.000,0.000,1.000,0.000,3,0,0,0,3,0,3,0,1.0,0.0,0.0,1.0,1.0,0.0
"G[1,1]((age <= 57.808 & WeightKg >= 5.275) -> Pt_DKAFlg <= 105.821)
",-105.821,-105.821,0.000,1.000,0.000,3,0,0,0,3,0,3,0,1.0,0.0,0.0,1.0,1.0,0.0
"G[0,0](((HDL >= 34.730 & Triglyc >= 75.607) & bmiPerc <= 120.209) -> UnitsInsBasalOrLongAct <= 140.849)
",-37.024,-136.583,0.000,1.000,0.000,3,0,0,0,3,0,3,0,1.0,0.0,0.0,1.0,1.0,0.0
"G[1,1](((Triglyc <= 145.418 | UnitsInsBasalOrLongAct <= 21.588) & diagAgeCombo <= 53.069) | bmiPerc >= 6.098)
",53.069,53.069,0.000,1.000,0.000,3,0,0,0,3,0,3,0,1.0,0.0,0.0,1.0,1.0,0.0
"G[1,1]((Pt_A1cGoalLevelDsYr5 <= 3.767 & Pt_SiblingT1D >= 0.000) & Pt_FatherT1D <= 0.000)
",0.000,0.000,0.000,1.000,0.000,3,0,0,0,3,0,3,0,1.0,0.0,0.0,1.0,1.0,0.0
"G[0,0]((BGTestAvgNumPtRep <= 5.588 -> bmi >= 17.252) | diabDur <= 23.022)
",-5.220,-4.921,0.000,1.000,0.000,3,0,0,0,3,0,3,0,1.0,0.0,0.0,1.0,1.0,0.0
"G[0,0]((Pt_A1cGoalLevelDsYr5 >= 0.809 | GFR <= 0.000) & BUN >= 0.000)
",0.794,1.508,0.000,1.000,0.000,3,0,0,0,3,0,3,0,1.0,0.0,0.0,1.0,1.0,0.0
"G[1,1]((Pt_SiblingT1D >= 0.000 & Pt_DKAFlg <= 0.000) & UnitsInsBasalOrLongAct >= 0.000)
",0.000,0.000,0.000,1.000,0.000,3,0,0,0,3,0,3,0,1.0,0.0,0.0,1.0,1.0,0.0
"G[0,1]((HeightCm <= 192.149 -> UnitsInsBasalOrLongAct <= 33.542) & TSH <= 28.722)
",9999999.000,9999999.000,0.000,1.000,0.000,3,0,0,0,3,0,3,0,1.0,0.0,0.0,1.0,1.0,0.0
"G[0,0](((Pt_FatherT1D >= 0.000 & Pt_DKAFlg <= 0.000) | DirectLDL <= 0.000) | BUN <= 0.000)
",0.000,0.000,0.000,1.000,0.000,3,0,0,0,3,0,3,0,1.0,0.0,0.0,1.0,1.0,0.0
"G[0,1]((Pt_SiblingT1D <= 0.000 | Pt_SiblingT1D >= 0.000) | BUN >= 0.000)
",9999999.000,9999999.000,0.000,1.000,0.000,3,0,0,0,3,0,3,0,1.0,0.0,0.0,1.0,1.0,0.0
"G[1,1](BGTestAvgNumMeter <= 1.606 -> Pt_InsGov <= 0.451)
",-7233537211979565.000,-1.606,0.000,1.000,0.000,2,0,0,1,3,0,2,1,0.6666666666666666,0.0,0.0,1.0,0.6666666666666666,0.33333333333333337
"G[0,0](diabDur >= 21.443 -> UnitsInsBasalOrLongAct <= 20.261)
",-28.241,-35.223,0.000,1.000,0.000,2,0,0,1,3,0,2,1,0.6666666666666666,0.0,0.0,1.0,0.6666666666666666,0.33333333333333337
"G[1,1](HeightCm <= 164.772 | TotChol <= 99.769)
",164.772,164.772,0.000,1.000,0.000,2,0,0,1,3,0,2,1,0.6666666666666666,0.0,0.0,1.0,0.6666666666666666,0.33333333333333337
"G[1,1](((BldPrSys <= 139.366 & Pt_A1cGoalLevelDsYr5 <= 3.678) & DirectLDL >= 0.647) | TotChol >= 0.466)
",-8394278477695371.000,-0.466,0.000,1.000,0.000,2,0,0,1,3,0,2,1,0.6666666666666666,0.0,0.0,1.0,0.6666666666666666,0.33333333333333337
"G[0,1]((HbA1cImputeDtMnC <= 68.233 -> SMBGperDayPtMeterCombo >= 0.988) | Pt_MotherT1D >= 2.843)
",9999999.000,9999999.000,0.000,1.000,0.000,2,0,0,1,3,0,2,1,0.6666666666666666,0.0,0.0,1.0,0.6666666666666666,0.33333333333333337
"G[0,1]((bmiZscore <= -0.104 -> UnitsInsBasalOrLongAct <= 11.187) & UnitsInsBasalOrLongAct <= 17.024)
",9999999.000,9999999.000,0.000,1.000,0.000,2,0,0,1,3,0,2,1,0.6666666666666666,0.0,0.0,1.0,0.6666666666666666,0.33333333333333337
"G[0,1](SMBGperDayPtMeterCombo <= 9.267 | UnitsInsBasalOrLongAct >= 8.755)
",9999999.000,9999999.000,0.000,1.000,0.000,2,0,0,1,3,0,2,1,0.6666666666666666,0.0,0.0,1.0,0.6666666666666666,0.33333333333333337
"G[0,1]((Pt_InsGov >= 0.098 & SMBGperDayPtMeterCombo <= 7.239) -> Pt_A1cGoalLevelDsYr5 >= 2.647)
",9999999.000,9999999.000,0.000,1.000,0.000,2,0,0,1,3,0,2,1,0.6666666666666666,0.0,0.0,1.0,0.6666666666666666,0.33333333333333337
"G[0,1](((Pt_A1cGoalLevelDsYr5 >= 0.713 | UnitsInsBasalOrLongAct <= 28.373) & diagAgeCombo >= 2.808) | bmiZscore >= 1.832)
",9999999.000,9999999.000,0.000,1.000,0.000,2,0,0,1,3,0,2,1,0.6666666666666666,0.0,0.0,1.0,0.6666666666666666,0.33333333333333337
"G[0,0](((BldPrDia >= 80.082 & Pt_A1cGoalLev <= 3.387) -> diagAgeCombo <= 3.071) | BldPrDia <= 2.483)
",-3.071,-3.071,0.000,1.000,0.000,2,0,0,1,3,0,2,1,0.6666666666666666,0.0,0.0,1.0,0.6666666666666666,0.33333333333333337
"G[0,0](HDL < 39.085 & Pt_SHFlg = 0.000)
",-3.746,-61.581,0.000,1.000,0.000,2,0,0,1,3,0,2,1,0.6666666666666666,0.0,0.0,1.0,0.6666666666666666,0.33333333333333337
"G[0,1]((BGTestAvgNumMeter <= 1.376 -> Triglyc <= 142.124) | TSH >= 85.432)
",9999999.000,9999999.000,0.000,1.000,0.000,2,0,0,1,3,0,2,1,0.6666666666666666,0.0,0.0,1.0,0.6666666666666666,0.33333333333333337
"G[0,1](HDL >= 34.076 & Pt_SHFlg = 0.000)
",9999999.000,9999999.000,0.000,1.000,0.000,2,0,0,1,3,0,2,1,0.6666666666666666,0.0,0.0,1.0,0.6666666666666666,0.33333333333333337
"G[0,0]((WeightKg >= 63.173 | bmi >= 11.043) -> UnitsInsBasalOrLongAct <= 41.478)
",-10.087,-37.211,0.000,1.000,0.000,2,0,0,1,3,0,2,1,0.6666666666666666,0.0,0.0,1.0,0.6666666666666666,0.33333333333333337
"G[0,1]((WeightKg >= 65.633 | bmi >= 9.178) -> UnitsInsBasalOrLongAct <= 27.333)
",9999999.000,9999999.000,0.000,1.000,0.000,2,0,0,1,3,0,2,1,0.6666666666666666,0.0,0.0,1.0,0.6666666666666666,0.33333333333333337
"G[0,1](NumPumpBolusOrShortAct >= 0.000 & Triglyc <= 145.963)
",9999999.000,9999999.000,0.000,1.000,0.000,2,0,0,1,3,0,2,1,0.6666666666666666,0.0,0.0,1.0,0.6666666666666666,0.33333333333333337
"G[1,1]((Triglyc <= 134.984 -> AlbCreatRat_mggNew >= 1.180) & WeightKg >= 4.699)
",-134.984,-134.984,0.000,1.000,0.000,2,0,0,1,3,0,2,1,0.6666666666666666,0.0,0.0,1.0,0.6666666666666666,0.33333333333333337
"G[0,1]((WeightKg >= 52.692 | bmi >= 16.986) -> UnitsInsBasalOrLongAct <= 40.672)
",9999999.000,9999999.000,0.000,1.000,0.000,2,0,0,1,3,0,2,1,0.6666666666666666,0.0,0.0,1.0,0.6666666666666666,0.33333333333333337
"G[1,1]((TotChol >= 22.105 & HDL >= 34.534) & HbA1c <= 37.855)
",-34.534,-34.534,0.000,1.000,0.000,2,0,0,1,3,0,2,1,0.6666666666666666,0.0,0.0,1.0,0.6666666666666666,0.33333333333333337
"G[0,1]((WeightKg >= 27.937 | bmi >= 10.520) -> UnitsInsBasalOrLongAct <= 25.102)
",9999999.000,9999999.000,0.000,1.000,0.000,2,0,0,1,3,0,2,1,0.6666666666666666,0.0,0.0,1.0,0.6666666666666666,0.33333333333333337
"G[0,0]((WeightKg >= 36.337 | bmi >= 17.200) -> UnitsInsBasalOrLongAct <= 26.297)
",-5.972,-22.030,0.000,1.000,0.000,2,0,0,1,3,0,2,1,0.6666666666666666,0.0,0.0,1.0,0.6666666666666666,0.33333333333333337
"G[0,1]((Pt_DKAFlg >= 0.000 -> HDL <= 37.111) & BldPrSys >= 35.353)
",9999999.000,9999999.000,0.000,1.000,0.000,2,0,0,1,3,0,2,1,0.6666666666666666,0.0,0.0,1.0,0.6666666666666666,0.33333333333333337
"G[0,0]((LDL >= 67.475 -> Triglyc <= 130.293) | BGTestAvgNumMeter >= 97.543)
",-0.388,-25.793,0.000,1.000,0.000,2,0,0,1,3,0,2,1,0.6666666666666666,0.0,0.0,1.0,0.6666666666666666,0.33333333333333337
"G[0,1](SMBGperDayPtMeterCombo < 6.211 & Pt_SHFlg = 0.000)
",9999999.000,9999999.000,0.000,1.000,0.000,2,0,0,1,3,0,2,1,0.6666666666666666,0.0,0.0,1.0,0.6666666666666666,0.33333333333333337
"G[0,1](HeightCm <= 169.021 -> HDL >= 35.731)
",9999999.000,9999999.000,0.000,1.000,0.000,2,0,0,1,3,0,2,1,0.6666666666666666,0.0,0.0,1.0,0.6666666666666666,0.33333333333333337
"G[1,1](HDL >= 36.000 | SMBGperDayPtMeterCombo >= 3.552)
",-3.552,-3.552,0.000,1.000,0.000,2,0,0,1,3,0,2,1,0.6666666666666666,0.0,0.0,1.0,0.6666666666666666,0.33333333333333337
"G[0,0](((AlbCreatRat_mggNew >= 6.854 & TotalDailyInsPerKg <= 0.000) & BGTestAvgNumMeter >= 0.000) & Pt_SiblingT1D >= 0.000)
",-18.174,-22.667,0.000,1.000,0.000,2,0,0,1,3,0,2,1,0.6666666666666666,0.0,0.0,1.0,0.6666666666666666,0.33333333333333337
"G[0,1](Pt_A1cGoalLevelDsYr5 <= 1.721 | BUN <= 14.015)
",9999999.000,9999999.000,0.000,1.000,0.000,2,0,0,1,3,0,2,1,0.6666666666666666,0.0,0.0,1.0,0.6666666666666666,0.33333333333333337
"G[0,0]((Pt_CGMUseNumDays >= 9.001 | SMBGperDayPtMeterCombo <= 3.906) | BGTestAvgNumMeter >= 3.623)
",6562984385964555.000,11937.999,0.000,1.000,0.000,2,0,0,1,3,0,2,1,0.6666666666666666,0.0,0.0,1.0,0.6666666666666666,0.33333333333333337
"G[1,1](((Pt_SiblingT1D <= 0.000 & bmi >= 0.066) -> Pt_FatherT1D >= 15.602) -> bmi >= 7.139)
",-0.066,-0.066,0.000,1.000,0.000,2,0,0,1,3,0,2,1,0.6666666666666666,0.0,0.0,1.0,0.6666666666666666,0.33333333333333337
"G[0,0]((AlbCreatRat_mggNew >= 3.555 -> TotChol >= 64.444) & HbA1cImputeDtMnC <= 178.805)
",-3.061,-8.778,0.000,1.000,0.000,2,0,0,1,3,0,2,1,0.6666666666666666,0.0,0.0,1.0,0.6666666666666666,0.33333333333333337
"G[0,1](AlbCreatRat_mggNew >= 8.983 -> BUN <= 13.179)
",9999999.000,9999999.000,0.000,1.000,0.000,2,0,0,1,3,0,2,1,0.6666666666666666,0.0,0.0,1.0,0.6666666666666666,0.33333333333333337
"G[0,1]((Pt_ChildT1D <= 0.000 -> HbA1c <= 3.094) | WeightKg <= 4.154)
",9999999.000,9999999.000,0.000,1.000,0.000,1,0,0,2,3,0,1,2,0.3333333333333333,0.0,0.0,1.0,0.3333333333333333,0.6666666666666667
"G[0,0](((BldPrSys <= 145.911 & UnitsInsBasalOrLongAct <= 20.542) | HbA1c >= 3.105) & Pt_CGMUseNumDays <= 45.532)
",-11901.468,-11901.468,0.000,1.000,0.000,1,0,0,2,3,0,1,2,0.3333333333333333,0.0,0.0,1.0,0.3333333333333333,0.6666666666666667
"G[0,1](BldPrSys <= 150.570 -> BGTestAvgNumPtRep >= 1.387)
",9999999.000,9999999.000,0.000,1.000,0.000,1,0,0,2,3,0,1,2,0.3333333333333333,0.0,0.0,1.0,0.3333333333333333,0.6666666666666667
"G[0,0](((TotalDailyInsPerKg >= 0.000 & UnitsInsBasalOrLongAct <= 13.128) & bmi <= 36.527) -> BGTestAvgNumMeter >= 1.170)
",-1.096,-23.695,0.000,1.000,0.000,1,0,0,2,3,0,1,2,0.3333333333333333,0.0,0.0,1.0,0.3333333333333333,0.6666666666666667
"G[0,0](((AlbCreatRat_mggNew >= 4.821 -> BldPrSys >= 138.860) & Pt_CGMUseNumDays <= 156.791) -> TotalDailyInsPerKg >= 126.949)
",83.612,104.283,0.000,1.000,0.000,1,0,0,2,3,0,1,2,0.3333333333333333,0.0,0.0,1.0,0.3333333333333333,0.6666666666666667
"G[0,0]((Pt_ChildT1D >= 0.000 -> HDL <= 39.132) -> Pt_InsGov >= 34.827)
",0.000,0.000,0.000,1.000,0.000,1,0,0,2,3,0,1,2,0.3333333333333333,0.0,0.0,1.0,0.3333333333333333,0.6666666666666667
"G[0,0](((Pt_CGMUseNumDays <= 16.461 -> WeightKg <= 88.134) -> Pt_SiblingT1D >= 18.281) | Pt_SiblingT1D >= 0.404)
",18.281,18.281,0.000,1.000,0.000,1,0,0,2,3,0,1,2,0.3333333333333333,0.0,0.0,1.0,0.3333333333333333,0.6666666666666667
"G[0,0]((Pt_A1cGoalLev >= 0.581 & Pt_GrandchildT1D <= 0.000) | WeightKg <= 0.000)
",0.000,0.000,0.000,1.000,0.000,1,0,0,2,3,0,1,2,0.3333333333333333,0.0,0.0,1.0,0.3333333333333333,0.6666666666666667
"G[0,0]((bmi >= 17.519 -> bmiZscore >= -0.179) | Pt_InsGov <= -0.020)
",-0.020,-0.020,0.000,1.000,0.000,1,0,0,2,3,0,1,2,0.3333333333333333,0.0,0.0,1.0,0.3333333333333333,0.6666666666666667
"G[0,0]((HeightCm <= 161.202 -> WeightKg >= 4.960) -> Pt_InsGov >= 2.708)
",2.708,2.708,0.000,1.000,0.000,1,0,0,2,3,0,1,2,0.3333333333333333,0.0,0.0,1.0,0.3333333333333333,0.6666666666666667
"G[1,1](SMBGperDayPtMeterCombo >= 2.441 & BGTestAvgNumPtRep >= 2.822)
",-2.822,-2.822,0.000,1.000,0.000,1,0,0,2,3,0,1,2,0.3333333333333333,0.0,0.0,1.0,0.3333333333333333,0.6666666666666667
"G[0,0](GFR <= 0.000 -> BUN >= 10.095)
",-3.427,-113.239,0.000,1.000,0.000,1,0,0,2,3,0,1,2,0.3333333333333333,0.0,0.0,1.0,0.3333333333333333,0.6666666666666667
"G[0,1](GFR <= 0.000 -> BUN >= 10.476)
",9999999.000,9999999.000,0.000,1.000,0.000,1,0,0,2,3,0,1,2,0.3333333333333333,0.0,0.0,1.0,0.3333333333333333,0.6666666666666667
"G[0,1](GFR <= 0.000 -> BUN >= 9.551)
",9999999.000,9999999.000,0.000,1.000,0.000,1,0,0,2,3,0,1,2,0.3333333333333333,0.0,0.0,1.0,0.3333333333333333,0.6666666666666667
"G[0,0](HeightCm < 132.498 & Pt_SHFlg = 0.000)
",-1.114,-22.097,0.000,1.000,0.000,1,0,0,2,3,0,1,2,0.3333333333333333,0.0,0.0,1.0,0.3333333333333333,0.6666666666666667
"G[0,0](((bmiZscore >= -0.223 | diabDur <= 24.507) | HDL <= 24.420) -> DirectLDL >= 20.429)
",-1.417,-116.855,0.000,1.000,0.000,1,0,0,2,3,0,1,2,0.3333333333333333,0.0,0.0,1.0,0.3333333333333333,0.6666666666666667
"G[1,2](((BUN <= 15.734 | diabDur >= 22.723) | TSH <= 23.409) & Pt_DKAFlg <= 25.486)
",9999999.000,9999999.000,0.000,1.000,0.000,0,0,3,0,0,3,3,0,0.0,0.0,1.0,0.0,0.0,1.0
"G[0,2]((BGTestAvgNumMeter <= 1.618 | Pt_InsGov >= 0.306) | WeightKg >= 0.075)
",9999999.000,9999999.000,0.000,1.000,0.000,0,0,3,0,0,3,3,0,0.0,0.0,1.0,0.0,0.0,1.0
"G[1,1](DirectLDL < 0.000 & Pt_SHFlg = 0.000)
",0.000,0.000,0.000,1.000,0.000,0,0,0,3,3,0,0,3,0.0,0.0,0.0,0.0,0.0,1.0
"G[0,2](HbA1c >= 0.592 -> Pt_SHFlg = 0.000)
",9999999.000,9999999.000,0.000,1.000,0.000,0,0,3,0,0,3,3,0,0.0,0.0,1.0,0.0,0.0,1.0
"G[0,2]((bmiPerc <= 0.000 | GFR >= 0.000) & BGTestAvgNumMeter >= 0.000)
",9999999.000,9999999.000,0.000,1.000,0.000,0,0,3,0,0,3,3,0,0.0,0.0,1.0,0.0,0.0,1.0
"G[2,2](UnitsInsBasalOrLongAct <= 19.806 & Pt_SHFlg = 0.000)
",0.000,0.000,0.000,1.000,0.000,0,0,3,0,0,3,3,0,0.0,0.0,1.0,0.0,0.0,1.0
"G[0,2]((Pt_InsGov >= 0.144 | UnitsInsBasalOrLongAct <= 46.649) & BldPrSys <= 11.828)
",9999999.000,9999999.000,0.000,1.000,0.000,0,0,0,3,3,0,0,3,0.0,0.0,0.0,0.0,0.0,1.0
"G[2,2](((Pt_DKAFlg <= 0.000 & Pt_FatherT1D <= 0.000) -> DirectLDL >= 0.000) | Pt_SHFlg >= 0.000)
",0.000,0.000,0.000,1.000,0.000,0,0,3,0,0,3,3,0,0.0,0.0,1.0,0.0,0.0,1.0
"G[0,2](Pt_MotherT1D >= 0.000 & Pt_SHFlg = 0.000)
",9999999.000,9999999.000,0.000,1.000,0.000,0,0,3,0,0,3,3,0,0.0,0.0,1.0,0.0,0.0,1.0
"G[0,2]((SMBGperDayPtMeterCombo >= 3.255 -> Pt_A1cGoalLevelDsYr5 >= 0.344) | diabDur >= 0.832)
",9999999.000,9999999.000,0.000,1.000,0.000,0,0,3,0,0,3,3,0,0.0,0.0,1.0,0.0,0.0,1.0
"G[0,2](GFR <= 0.000 -> BUN >= 11.708)
",9999999.000,9999999.000,0.000,1.000,0.000,0,0,1,2,2,1,1,2,0.0,0.0,1.0,0.0,0.0,1.0
"G[1,2](SMBGperDayPtMeterCombo >= 0.964 & BGTestAvgNumPtRep >= 2.144)
",9999999.000,9999999.000,0.000,1.000,0.000,0,0,1,2,2,1,1,2,0.0,0.0,1.0,0.0,0.0,1.0
"G[0,0]((HDL >= 34.904 | age <= 58.328) -> Pt_GrandchildT1D >= 55.038)
",-5.521,-69.507,0.000,1.000,0.000,0,0,0,3,3,0,0,3,0.0,0.0,0.0,0.0,0.0,1.0
"G[0,2]((diagAgeCombo <= 34.000 & Triglyc >= 101.926) -> DirectLDL <= 169.143)
",9999999.000,9999999.000,0.000,1.000,0.000,0,0,3,0,0,3,3,0,0.0,0.0,1.0,0.0,0.0,1.0
"G[1,2](GFR <= 0.000 -> BUN >= 8.843)
",9999999.000,9999999.000,0.000,1.000,0.000,0,0,3,0,0,3,3,0,0.0,0.0,1.0,0.0,0.0,1.0
"G[0,2](SMBGperDayPtMeterCombo >= 3.773 & BGTestAvgNumPtRep >= 2.798)
",9999999.000,9999999.000,0.000,1.000,0.000,0,0,1,2,2,1,1,2,0.0,0.0,1.0,0.0,0.0,1.0
"G[1,2]((Pt_A1cGoalLevelDsYr5 <= 2.407 & SMBGperDayPtMeterCombo >= 0.006) | HeightCm >= 0.351)
",9999999.000,9999999.000,0.000,1.000,0.000,0,0,3,0,0,3,3,0,0.0,0.0,1.0,0.0,0.0,1.0
"G[0,2]((WeightKg >= 20.281 | bmi >= 9.787) -> UnitsInsBasalOrLongAct <= 19.837)
",9999999.000,9999999.000,0.000,1.000,0.000,0,0,2,1,1,2,2,1,0.0,0.0,1.0,0.0,0.0,1.0
"G[1,2](Pt_InsGov <= 0.945 -> Pt_SHFlg = 0.000)
",9999999.000,9999999.000,0.000,1.000,0.000,0,0,3,0,0,3,3,0,0.0,0.0,1.0,0.0,0.0,1.0
"G[1,2](TSH <= 0.000 -> Pt_SHFlg = 0.000)
",9999999.000,9999999.000,0.000,1.000,0.000,0,0,3,0,0,3,3,0,0.0,0.0,1.0,0.0,0.0,1.0
"G[0,2](HeightCm >= 91.492 -> HeightCm <= 138.863)
",9999999.000,9999999.000,0.000,1.000,0.000,0,0,1,2,2,1,1,2,0.0,0.0,1.0,0.0,0.0,1.0
"G[0,2](((bmi >= 17.690 & WeightKg >= 59.229) & bmi <= 92.291) & TSH >= 39.433)
",9999999.000,9999999.000,0.000,1.000,0.000,0,0,0,3,3,0,0,3,0.0,0.0,0.0,0.0,0.0,1.0
"G[1,2](TotalDailyInsPerKg <= 0.000 & diabDur <= 25.271)
",9999999.000,9999999.000,0.000,1.000,0.000,0,0,2,1,1,2,2,1,0.0,0.0,1.0,0.0,0.0,1.0
"G[2,2]((bmiZscore >= -0.340 & diagAgeCombo >= 34.000) | SMBGperDayPtMeterCombo <= 34.000)
",34.000,34.000,0.000,1.000,0.000,0,0,3,0,0,3,3,0,0.0,0.0,1.0,0.0,0.0,1.0
"G[2,2]((Pt_A1cGoalLev <= 1.717 & Pt_FatherT1D >= 0.000) -> HeightCm >= 0.000)
",0.000,0.000,0.000,1.000,0.000,0,0,3,0,0,3,3,0,0.0,0.0,1.0,0.0,0.0,1.0
"G[0,2]((AlbCreatRat_mggNew <= 17.682 -> SMBGperDayPtMeterCombo >= 2.338) -> NumPumpBolusOrShortAct <= 6.955)
",9999999.000,9999999.000,0.000,1.000,0.000,0,0,3,0,0,3,3,0,0.0,0.0,1.0,0.0,0.0,1.0
"G[0,1]((bmiPerc <= 0.000 | BldPrSys >= 136.598) & Pt_DKAFlg >= 138.301)
",9999999.000,9999999.000,0.000,1.000,0.000,0,0,0,3,3,0,0,3,0.0,0.0,0.0,0.0,0.0,1.0
"G[0,1]((BldPrDia >= 73.627 -> bmiPerc >= 0.000) -> BldPrDia <= 0.000)
",9999999.000,9999999.000,0.000,1.000,0.000,0,0,0,3,3,0,0,3,0.0,0.0,0.0,0.0,0.0,1.0
"G[0,2](((Pt_A1cGoalLev <= 1.416 & age <= 58.258) | Pt_CGMUseNumDays <= 57.457) & bmiPerc >= 56.593)
",9999999.000,9999999.000,0.000,1.000,0.000,0,0,0,3,3,0,0,3,0.0,0.0,0.0,0.0,0.0,1.0
"G[1,2](((TotChol <= 113.813 -> Pt_A1cGoalLev >= 0.397) & HbA1c >= 0.803) | AutonomicNeuroCl >= 0.532)
",9999999.000,9999999.000,0.000,1.000,0.000,0,0,2,1,1,2,2,1,0.0,0.0,1.0,0.0,0.0,1.0
"G[1,2](age <= 59.557 -> diabDur >= 22.944)
",9999999.000,9999999.000,0.000,1.000,0.000,0,0,2,1,1,2,2,1,0.0,0.0,1.0,0.0,0.0,1.0
"G[1,2]((TSH <= 0.000 | HbA1c >= 2.329) -> bmiZscore >= 0.892)
",9999999.000,9999999.000,0.000,1.000,0.000,0,0,0,3,3,0,0,3,0.0,0.0,0.0,0.0,0.0,1.0
"G[0,2](((WeightKg <= 102.922 | Pt_A1cGoalLevelDsYr5 >= 0.619) & Pt_SiblingT1D <= 2.578) | BldPrSys >= 0.341)
",9999999.000,9999999.000,0.000,1.000,0.000,0,0,3,0,0,3,3,0,0.0,0.0,1.0,0.0,0.0,1.0
"G[1,1](((Pt_ChildT1D <= 0.000 & bmiPerc <= 0.000) & BUN <= 0.000) & Pt_CGMUseNumDays >= 0.000)
",0.000,0.000,0.000,1.000,0.000,0,0,0,3,3,0,0,3,0.0,0.0,0.0,0.0,0.0,1.0
"G[2,2](((AutonomicNeuroCl <= 0.000 & Pt_GrandchildT1D <= 0.000) -> BUN >= 0.000) | bmi >= 0.000)
",0.000,0.000,0.000,1.000,0.000,0,0,3,0,0,3,3,0,0.0,0.0,1.0,0.0,0.0,1.0
"G[1,2](AlbCreatRat_mggNew >= 9.370 & HbA1c >= 2.236)
",9999999.000,9999999.000,0.000,1.000,0.000,0,0,1,2,2,1,1,2,0.0,0.0,1.0,0.0,0.0,1.0
"G[0,2](DirectLDL > 0.000 -> Pt_SHFlg = 0.000)
",9999999.000,9999999.000,0.000,1.000,0.000,0,0,3,0,0,3,3,0,0.0,0.0,1.0,0.0,0.0,1.0
"G[0,2](BldPrDia < 92.703 -> Pt_SHFlg = 0.000)
",9999999.000,9999999.000,0.000,1.000,0.000,0,0,3,0,0,3,3,0,0.0,0.0,1.0,0.0,0.0,1.0
"G[2,2](((BGTestAvgNumMeter <= 1.328 & LDL >= 73.564) & bmi <= 96.580) & TotChol >= 73.588)
",-73.588,-73.588,0.000,1.000,0.000,0,0,3,0,0,3,3,0,0.0,0.0,1.0,0.0,0.0,1.0
"G[2,2](diagAgeCombo <= 34.000 & SMBGperDayPtMeterCombo >= 0.863)
",-0.863,-0.863,0.000,1.000,0.000,0,0,3,0,0,3,3,0,0.0,0.0,1.0,0.0,0.0,1.0
"G[0,2](GFR <= 0.000 -> BUN >= 9.461)
",9999999.000,9999999.000,0.000,1.000,0.000,0,0,1,2,2,1,1,2,0.0,0.0,1.0,0.0,0.0,1.0
"G[0,2]((AlbCreatRat_mggNew >= 7.173 -> Pt_DKAFlg <= 0.000) -> bmiPerc <= 0.000)
",9999999.000,9999999.000,0.000,1.000,0.000,0,0,3,0,0,3,3,0,0.0,0.0,1.0,0.0,0.0,1.0
"G[1,1]((WeightKg <= 97.037 | age <= 57.275) & bmiZscore >= 55.915)
",-55.915,-55.915,0.000,1.000,0.000,0,0,0,3,3,0,0,3,0.0,0.0,0.0,0.0,0.0,1.0
"G[0,2]((bmi >= 16.225 -> Pt_InsGov <= 0.946) & Pt_FatherT1D <= 0.817)
",9999999.000,9999999.000,0.000,1.000,0.000,0,0,3,0,0,3,3,0,0.0,0.0,1.0,0.0,0.0,1.0
"G[1,2](TotalDailyInsPerKg >= 0.000 & HDL <= 36.869)
",9999999.000,9999999.000,0.000,1.000,0.000,0,0,1,2,2,1,1,2,0.0,0.0,1.0,0.0,0.0,1.0
"G[0,2](((Pt_A1cGoalLev >= 0.690 | UnitsInsBasalOrLongAct >= 8.362) -> diabDur >= 0.832) | DirectLDL >= 6.310)
",9999999.000,9999999.000,0.000,1.000,0.000,0,0,3,0,0,3,3,0,0.0,0.0,1.0,0.0,0.0,1.0
"G[0,2](((TotChol <= 167.830 & Pt_InsGov <= 0.893) | TSH >= 0.082) -> GFR <= 0.567)
",9999999.000,9999999.000,0.000,1.000,0.000,0,0,3,0,0,3,3,0,0.0,0.0,1.0,0.0,0.0,1.0
"G[1,2](((HbA1cImputeDtMnC >= 0.076 -> BGTestAvgNumMeter <= 0.670) | bmiPerc >= 0.609) | Pt_CGMUseNumDays >= 0.573)
",9999999.000,9999999.000,0.000,1.000,0.000,0,0,2,1,1,2,2,1,0.0,0.0,1.0,0.0,0.0,1.0
"G[1,2](SMBGperDayPtMeterCombo >= 0.329 & BGTestAvgNumPtRep >= 3.011)
",9999999.000,9999999.000,0.000,1.000,0.000,0,0,1,2,2,1,1,2,0.0,0.0,1.0,0.0,0.0,1.0
"G[0,2]((WeightKg >= 43.876 | bmi >= 13.534) -> UnitsInsBasalOrLongAct <= 10.889)
",9999999.000,9999999.000,0.000,1.000,0.000,0,0,2,1,1,2,2,1,0.0,0.0,1.0,0.0,0.0,1.0
"G[0,2](GFR <= 0.000 -> BUN >= 11.049)
",9999999.000,9999999.000,0.000,1.000,0.000,0,0,1,2,2,1,1,2,0.0,0.0,1.0,0.0,0.0,1.0
"G[1,2]((diagAgeCombo <= 34.000 -> Pt_A1cGoalLev >= 0.263) | GFR >= 0.710)
",9999999.000,9999999.000,0.000,1.000,0.000,0,0,1,2,2,1,1,2,0.0,0.0,1.0,0.0,0.0,1.0
"G[0,2]((diagAgeCombo <= 34.000 | diagAgeCombo <= 34.000) | diagAgeCombo >= 34.000)
",9999999.000,9999999.000,0.000,1.000,0.000,0,0,3,0,0,3,3,0,0.0,0.0,1.0,0.0,0.0,1.0
"G[1,1](((GFR <= 0.000 | age >= 55.453) -> GFR >= 55.243) & TSH <= 59.052)
",0.000,0.000,0.000,1.000,0.000,0,0,0,3,3,0,0,3,0.0,0.0,0.0,0.0,0.0,1.0
"G[1,2](SMBGperDayPtMeterCombo >= 0.377 & BGTestAvgNumPtRep >= 0.675)
",9999999.000,9999999.000,0.000,1.000,0.000,0,0,1,2,2,1,1,2,0.0,0.0,1.0,0.0,0.0,1.0
"G[0,2]((WeightKg >= 52.642 | bmi >= 13.247) -> UnitsInsBasalOrLongAct <= 25.596)
",9999999.000,9999999.000,0.000,1.000,0.000,0,0,2,1,1,2,2,1,0.0,0.0,1.0,0.0,0.0,1.0
"G[0,2]((UnitsInsBasalOrLongAct <= 27.044 | BldPrSys <= 150.803) | Pt_DKAFlg <= 146.649)
",9999999.000,9999999.000,0.000,1.000,0.000,0,0,3,0,0,3,3,0,0.0,0.0,1.0,0.0,0.0,1.0
"G[1,2](((NumPumpBolusOrShortAct <= 0.000 | TSH <= 0.000) & Pt_A1cGoalLev <= 0.000) & diagAgeCombo <= 0.000)
",9999999.000,9999999.000,0.000,1.000,0.000,0,0,0,3,3,0,0,3,0.0,0.0,0.0,0.0,0.0,1.0
"G[0,2](((TSH <= 0.000 & BldPrDia <= 93.570) -> HDL <= 89.964) | AutonomicNeuroCl <= 93.074)
",9999999.000,9999999.000,0.000,1.000,0.000,0,0,3,0,0,3,3,0,0.0,0.0,1.0,0.0,0.0,1.0
"G[1,2](((Pt_GrandchildT1D >= 0.000 & bmiPerc >= 0.000) -> TotalDailyInsPerKg <= 0.000) | SMBGperDayPtMeterCombo <= 0.000)
",9999999.000,9999999.000,0.000,1.000,0.000,0,0,3,0,0,3,3,0,0.0,0.0,1.0,0.0,0.0,1.0
"G[1,2]((bmi <= 19.767 -> GFR <= 0.000) -> UnitsInsBasalOrLongAct <= 0.000)
",9999999.000,9999999.000,0.000,1.000,0.000,0,0,3,0,0,3,3,0,0.0,0.0,1.0,0.0,0.0,1.0
"G[2,2](TotalDailyInsPerKg >= 0.000 -> AutonomicNeuroCl <= 0.000)
",0.000,0.000,0.000,1.000,0.000,0,0,3,0,0,3,3,0,0.0,0.0,1.0,0.0,0.0,1.0
"G[0,2](SMBGperDayPtMeterCombo >= 1.706 & BGTestAvgNumPtRep >= 0.052)
",9999999.000,9999999.000,0.000,1.000,0.000,0,0,1,2,2,1,1,2,0.0,0.0,1.0,0.0,0.0,1.0
"G[1,2](((diabDur >= 20.706 | diabDur <= 23.356) | HbA1cImputeDtMnC <= 24.276) | Pt_ChildT1D <= 23.792)
",9999999.000,9999999.000,0.000,1.000,0.000,0,0,3,0,0,3,3,0,0.0,0.0,1.0,0.0,0.0,1.0
"G[1,2](SMBGperDayPtMeterCombo >= 3.803 & BGTestAvgNumPtRep >= 3.066)
",9999999.000,9999999.000,0.000,1.000,0.000,0,0,1,2,2,1,1,2,0.0,0.0,1.0,0.0,0.0,1.0
"G[1,2](((LDL >= 82.433 -> WeightKg >= 68.793) -> BGTestAvgNumPtRep >= 20.075) & Pt_GrandchildT1D <= 74.505)
",9999999.000,9999999.000,0.000,1.000,0.000,0,0,1,2,2,1,1,2,0.0,0.0,1.0,0.0,0.0,1.0
"G[1,2](((Pt_DKAFlg >= 0.000 | HDL <= 39.261) & TotalDailyInsPerKg <= 38.733) -> diagAgeCombo <= 38.833)
",9999999.000,9999999.000,0.000,1.000,0.000,0,0,3,0,0,3,3,0,0.0,0.0,1.0,0.0,0.0,1.0
"G[0,2]((Pt_ChildT1D >= 0.000 & Pt_MotherT1D <= 0.000) | GFR <= 0.000)
",9999999.000,9999999.000,0.000,1.000,0.000,0,0,3,0,0,3,3,0,0.0,0.0,1.0,0.0,0.0,1.0
"G[2,2]((Pt_SiblingT1D >= 0.000 | SMBGperDayPtMeterCombo <= 6.175) | GFR <= 4.381)
",6952873153961235.000,6.175,0.000,1.000,0.000,0,0,3,0,0,3,3,0,0.0,0.0,1.0,0.0,0.0,1.0
"G[1,2]((bmiZscore >= -0.215 -> Pt_ChildT1D >= 0.000) & Pt_FatherT1D >= 0.000)
",9999999.000,9999999.000,0.000,1.000,0.000,0,0,3,0,0,3,3,0,0.0,0.0,1.0,0.0,0.0,1.0
"G[1,2]((TSH <= 0.000 | bmi <= 20.093) -> GFR <= 20.221)
",9999999.000,9999999.000,0.000,1.000,0.000,0,0,3,0,0,3,3,0,0.0,0.0,1.0,0.0,0.0,1.0
"G[1,2](((TSH <= 0.000 | Triglyc <= 163.812) -> AlbCreatRat_mggNew <= 123.818) -> BldPrSys <= 146.633)
",9999999.000,9999999.000,0.000,1.000,0.000,0,0,2,1,1,2,2,1,0.0,0.0,1.0,0.0,0.0,1.0
"G[0,2](((BGTestAvgNumMeter >= 0.449 & HbA1cImputeDtMnC <= 60.007) & AutonomicNeuroCl <= 53.658) -> NumPumpBolusOrShortAct <= 52.917)
",9999999.000,9999999.000,0.000,1.000,0.000,0,0,3,0,0,3,3,0,0.0,0.0,1.0,0.0,0.0,1.0
"G[0,2](GFR <= 0.000 -> BUN >= 10.591)
",9999999.000,9999999.000,0.000,1.000,0.000,0,0,1,2,2,1,1,2,0.0,0.0,1.0,0.0,0.0,1.0
"G[0,2](SMBGperDayPtMeterCombo >= 3.026 & BGTestAvgNumPtRep >= 2.680)
",9999999.000,9999999.000,0.000,1.000,0.000,0,0,1,2,2,1,1,2,0.0,0.0,1.0,0.0,0.0,1.0
"G[2,2](((age >= 54.113 | LDL >= 74.816) | HbA1cImputeDtMnC <= 117.939) & TotalDailyInsPerKg <= 98.196)
",98.196,98.196,0.000,1.000,0.000,0,0,3,0,0,3,3,0,0.0,0.0,1.0,0.0,0.0,1.0
"G[1,2](GFR <= 0.000 -> BUN >= 12.207)
",9999999.000,9999999.000,0.000,1.000,0.000,0,0,2,1,1,2,2,1,0.0,0.0,1.0,0.0,0.0,1.0
"G[0,2]((WeightKg >= 52.627 | bmi >= 9.275) -> UnitsInsBasalOrLongAct <= 19.088)
",9999999.000,9999999.000,0.000,1.000,0.000,0,0,2,1,1,2,2,1,0.0,0.0,1.0,0.0,0.0,1.0
"G[1,2](((age >= 56.677 -> TotalDailyInsPerKg >= 0.000) | GFR <= 0.000) | HeightCm <= 0.000)
",9999999.000,9999999.000,0.000,1.000,0.000,0,0,3,0,0,3,3,0,0.0,0.0,1.0,0.0,0.0,1.0
"G[1,2]((diabDur <= 23.348 | Pt_CGMUseNumDays <= 18.144) -> Pt_GrandchildT1D <= 11.816)
",9999999.000,9999999.000,0.000,1.000,0.000,0,0,3,0,0,3,3,0,0.0,0.0,1.0,0.0,0.0,1.0
"G[2,2](SMBGperDayPtMeterCombo >= 2.550 & BGTestAvgNumPtRep >= 0.180)
",-2.550,-2.550,0.000,1.000,0.000,0,0,3,0,0,3,3,0,0.0,0.0,1.0,0.0,0.0,1.0
"G[0,2](Pt_SHFlg >= 0.000 -> age <= 58.642)
",9999999.000,9999999.000,0.000,1.000,0.000,0,0,2,1,1,2,2,1,0.0,0.0,1.0,0.0,0.0,1.0
"G[0,2]((WeightKg >= 30.832 | bmi >= 13.728) -> UnitsInsBasalOrLongAct <= 14.430)
",9999999.000,9999999.000,0.000,1.000,0.000,0,0,2,1,1,2,2,1,0.0,0.0,1.0,0.0,0.0,1.0
"G[0,2](((HbA1cImputeDtMnC <= 44.813 & bmiZscore >= -0.291) | Pt_DKAFlg <= -0.109) & BUN >= -0.375)
",9999999.000,9999999.000,0.000,1.000,0.000,0,0,1,2,2,1,1,2,0.0,0.0,1.0,0.0,0.0,1.0
"G[1,2](((BGTestAvgNumPtRep <= 5.775 | BGTestAvgNumPtRep >= 2.716) -> HDL <= 8.305) & UnitsInsBasalOrLongAct >= 0.340)
",9999999.000,9999999.000,0.000,1.000,0.000,0,0,0,3,3,0,0,3,0.0,0.0,0.0,0.0,0.0,1.0
"G[0,2](((bmi <= 27.045 | HeightCm <= 185.881) | diagAgeCombo >= 62.676) -> HDL <= 176.361)
",9999999.000,9999999.000,0.000,1.000,0.000,0,0,3,0,0,3,3,0,0.0,0.0,1.0,0.0,0.0,1.0
"G[0,2]((HDL >= 36.799 -> Pt_FatherT1D >= 0.000) | Pt_CGMUseNumDays <= 0.000)
",9999999.000,9999999.000,0.000,1.000,0.000,0,0,3,0,0,3,3,0,0.0,0.0,1.0,0.0,0.0,1.0
"G[0,2]((Pt_A1cGoalLevelDsYr5 >= 0.671 & Pt_A1cGoalLev >= 0.310) -> Pt_SHFlg <= 1.537)
",9999999.000,9999999.000,0.000,1.000,0.000,0,0,3,0,0,3,3,0,0.0,0.0,1.0,0.0,0.0,1.0
"G[2,2](((Pt_A1cGoalLevelDsYr5 >= 0.392 -> WeightKg <= 99.626) -> bmi >= 57.399) & AlbCreatRat_mggNew >= 47.326)
",-6660591915745221.000,-47.326,0.000,1.000,0.000,0,0,3,0,0,3,3,0,0.0,0.0,1.0,0.0,0.0,1.0
"G[0,2](((age <= 59.304 & Triglyc >= 90.543) -> Pt_GrandchildT1D <= 159.001) & BUN <= 160.295)
",9999999.000,9999999.000,0.000,1.000,0.000,0,0,3,0,0,3,3,0,0.0,0.0,1.0,0.0,0.0,1.0
"G[0,2]((BUN <= 13.147 -> LDL <= 93.530) -> Pt_DKAFlg >= 72.159)
",9999999.000,9999999.000,0.000,1.000,0.000,0,0,0,3,3,0,0,3,0.0,0.0,0.0,0.0,0.0,1.0
"G[1,2]((BUN <= 13.069 & HbA1c >= 1.916) | GFR >= 0.409)
",9999999.000,9999999.000,0.000,1.000,0.000,0,0,1,2,2,1,1,2,0.0,0.0,1.0,0.0,0.0,1.0
"G[2,2](((BGTestAvgNumPtRep >= 0.499 & WeightKg <= 74.874) & Pt_FatherT1D >= 45.476) | Pt_GrandchildT1D >= 26.058)
",-26.058,-26.058,0.000,1.000,0.000,0,0,3,0,0,3,3,0,0.0,0.0,1.0,0.0,0.0,1.0
"G[0,2]((TotChol >= 78.320 & UnitsInsBasalOrLongAct <= 30.649) | Pt_SHFlg >= 2.542)
",9999999.000,9999999.000,0.000,1.000,0.000,0,0,2,1,1,2,2,1,0.0,0.0,1.0,0.0,0.0,1.0
"G[0,0]((Pt_InsGov <= 0.541 | TotChol >= 18.636) -> Pt_DKAFlg >= 46.306)
",-16.060,-20.031,0.000,1.000,0.000,0,0,0,3,3,0,0,3,0.0,0.0,0.0,0.0,0.0,1.0
"G[1,2](((bmiZscore >= -0.333 | Pt_A1cGoalLevelDsYr5 >= 0.736) & BGTestAvgNumMeter <= 2.862) | BldPrDia <= 1.574)
",9999999.000,9999999.000,0.000,1.000,0.000,0,0,2,1,1,2,2,1,0.0,0.0,1.0,0.0,0.0,1.0
"G[0,2](BUN >= 8.580 | TotChol >= 49.736)
",9999999.000,9999999.000,0.000,1.000,0.000,0,0,3,0,0,3,3,0,0.0,0.0,1.0,0.0,0.0,1.0
"G[2,2](((bmi >= 7.641 -> TotChol >= 55.913) & bmiZscore >= 0.943) & diabDur <= 144.693)
",-0.943,-0.943,0.000,1.000,0.000,0,0,3,0,0,3,3,0,0.0,0.0,1.0,0.0,0.0,1.0
"G[0,2]((BGTestAvgNumPtRep >= 1.906 -> Pt_InsGov >= 0.066) & UnitsInsBasalOrLongAct >= 0.058)
",9999999.000,9999999.000,0.000,1.000,0.000,0,0,0,3,3,0,0,3,0.0,0.0,0.0,0.0,0.0,1.0
"G[1,2](((HeightCm >= 111.049 & Pt_CGMUseNumDays <= 12.015) -> bmiPerc >= 9.304) -> HbA1c <= 13.063)
",9999999.000,9999999.000,0.000,1.000,0.000,0,0,3,0,0,3,3,0,0.0,0.0,1.0,0.0,0.0,1.0
"G[1,1](((TotChol <= 170.662 | WeightKg >= 39.157) & bmiPerc <= 87.571) & DirectLDL >= 3.169)
",-3.169,-3.169,0.000,1.000,0.000,0,0,0,3,3,0,0,3,0.0,0.0,0.0,0.0,0.0,1.0
"G[1,2](((TotChol >= 32.142 | Triglyc >= 88.864) & HbA1c <= 166.555) | WeightKg >= 116.239)
",9999999.000,9999999.000,0.000,1.000,0.000,0,0,3,0,0,3,3,0,0.0,0.0,1.0,0.0,0.0,1.0
"G[0,2]((bmiZscore <= -0.065 | LDL >= 74.980) -> TotalDailyInsPerKg >= 72.155)
",9999999.000,9999999.000,0.000,1.000,0.000,0,0,0,3,3,0,0,3,0.0,0.0,0.0,0.0,0.0,1.0
"G[0,2](((Pt_A1cGoalLev >= 0.104 & WeightKg >= 29.458) & BldPrDia >= 27.144) -> diabDur >= 59.596)
",9999999.000,9999999.000,0.000,1.000,0.000,0,0,3,0,0,3,3,0,0.0,0.0,1.0,0.0,0.0,1.0
"G[0,2]((bmi <= 27.717 | Pt_A1cGoalLev <= 1.410) & BldPrDia <= 0.974)
",9999999.000,9999999.000,0.000,1.000,0.000,0,0,0,3,3,0,0,3,0.0,0.0,0.0,0.0,0.0,1.0
"G[0,2]((BldPrDia >= 79.677 -> Triglyc >= 110.486) & Pt_DKAFlg <= 165.696)
",9999999.000,9999999.000,0.000,1.000,0.000,0,0,2,1,1,2,2,1,0.0,0.0,1.0,0.0,0.0,1.0
"G[1,1](((bmi <= 24.163 | SMBGperDayPtMeterCombo <= 3.863) -> HbA1c <= 4.500) & HDL >= 3.274)
",-6801420206442013.000,-24.163,0.000,1.000,0.000,0,0,0,3,3,0,0,3,0.0,0.0,0.0,0.0,0.0,1.0
"G[0,2](((SMBGperDayPtMeterCombo <= 6.487 -> Triglyc <= 121.665) | AutonomicNeuroCl >= 107.143) | diagAgeCombo >= 88.806)
",9999999.000,9999999.000,0.000,1.000,0.000,0,0,1,2,2,1,1,2,0.0,0.0,1.0,0.0,0.0,1.0
"G[1,2](((HbA1cImputeDtMnC <= 63.841 & Triglyc <= 153.250) -> DirectLDL <= 143.651) & Pt_MotherT1D >= 86.767)
",9999999.000,9999999.000,0.000,1.000,0.000,0,0,0,3,3,0,0,3,0.0,0.0,0.0,0.0,0.0,1.0
"G[1,2]((Pt_CGMUseNumDays >= 3.963 & UnitsInsBasalOrLongAct >= 6.612) & BldPrSys <= 40.455)
",9999999.000,9999999.000,0.000,1.000,0.000,0,0,0,3,3,0,0,3,0.0,0.0,0.0,0.0,0.0,1.0
"G[2,2](((HeightCm <= 154.674 & Pt_A1cGoalLev <= 1.834) -> diabDur <= 0.927) | TotChol >= 0.399)
",-7195923854056083.000,-0.399,0.000,1.000,0.000,0,0,3,0,0,3,3,0,0.0,0.0,1.0,0.0,0.0,1.0
"G[0,2](((HbA1c >= 0.872 | Triglyc >= 73.361) -> bmi <= 148.867) -> BldPrSys <= 134.195)
",9999999.000,9999999.000,0.000,1.000,0.000,0,0,1,2,2,1,1,2,0.0,0.0,1.0,0.0,0.0,1.0
"G[0,2](((age <= 57.751 | Pt_A1cGoalLev <= 2.597) | Triglyc <= 3.170) & bmiPerc <= 2.811)
",9999999.000,9999999.000,0.000,1.000,0.000,0,0,3,0,0,3,3,0,0.0,0.0,1.0,0.0,0.0,1.0
"G[0,2](HDL >= 36.679 & WeightKg >= 41.087)
",9999999.000,9999999.000,0.000,1.000,0.000,0,0,1,2,2,1,1,2,0.0,0.0,1.0,0.0,0.0,1.0
"G[1,2](((bmi >= 14.212 & HDL <= 39.895) & TSH >= 34.053) -> BldPrDia <= 37.631)
",9999999.000,9999999.000,0.000,1.000,0.000,0,0,3,0,0,3,3,0,0.0,0.0,1.0,0.0,0.0,1.0
"G[1,2](((bmiZscore >= -0.203 & Pt_A1cGoalLev <= 3.565) -> Pt_CGMUseNumDays >= 0.619) | UnitsInsBasalOrLongAct >= 0.705)
",9999999.000,9999999.000,0.000,1.000,0.000,0,0,2,1,1,2,2,1,0.0,0.0,1.0,0.0,0.0,1.0
"G[0,1](((HDL <= 38.886 | HeightCm >= 43.220) & AlbCreatRat_mggNew <= 140.294) & Pt_A1cGoalLev >= 55.586)
",9999999.000,9999999.000,0.000,1.000,0.000,0,0,0,3,3,0,0,3,0.0,0.0,0.0,0.0,0.0,1.0
"G[0,2](((HbA1c <= 2.886 & LDL <= 94.074) & BUN <= 114.530) & AutonomicNeuroCl >= 76.652)
",9999999.000,9999999.000,0.000,1.000,0.000,0,0,0,3,3,0,0,3,0.0,0.0,0.0,0.0,0.0,1.0
"G[1,2]((BGTestAvgNumMeter >= 0.498 & Pt_CGMUseNumDays >= 7.918) & GFR <= 18.607)
",9999999.000,9999999.000,0.000,1.000,0.000,0,0,0,3,3,0,0,3,0.0,0.0,0.0,0.0,0.0,1.0
"G[0,2]((age >= 54.732 | LDL <= 110.986) | Pt_A1cGoalLevelDsYr5 >= 75.335)
",9999999.000,9999999.000,0.000,1.000,0.000,0,0,3,0,0,3,3,0,0.0,0.0,1.0,0.0,0.0,1.0
"G[2,2]((AlbCreatRat_mggNew <= 17.062 -> SMBGperDayPtMeterCombo <= 7.605) & WeightKg <= 7.129)
",-17.062,-17.062,0.000,1.000,0.000,0,0,3,0,0,3,3,0,0.0,0.0,1.0,0.0,0.0,1.0
"G[0,1](((LDL >= 72.423 & Pt_CGMUseNumDays >= 2.963) -> BGTestAvgNumPtRep <= 27.129) -> Pt_GrandchildT1D >= 8.799)
",9999999.000,9999999.000,0.000,1.000,0.000,0,0,0,3,3,0,0,3,0.0,0.0,0.0,0.0,0.0,1.0
"G[0,2](((bmiZscore >= -0.299 -> HbA1cImputeDtMnC <= 31.025) & DirectLDL >= 19.914) | WeightKg >= 4.104)
",9999999.000,9999999.000,0.000,1.000,0.000,0,0,2,1,1,2,2,1,0.0,0.0,1.0,0.0,0.0,1.0
"G[0,2](((BGTestAvgNumPtRep <= 8.258 -> UnitsInsBasalOrLongAct >= 1.283) & Pt_MotherT1D >= 8.122) | BGTestAvgNumMeter >= 3.920)
",9999999.000,9999999.000,0.000,1.000,0.000,0,0,0,3,3,0,0,3,0.0,0.0,0.0,0.0,0.0,1.0
"G[1,2]((LDL <= 111.394 | WeightKg <= 73.634) | bmi >= 48.767)
",9999999.000,9999999.000,0.000,1.000,0.000,0,0,3,0,0,3,3,0,0.0,0.0,1.0,0.0,0.0,1.0
"G[1,2](((BldPrDia >= 77.407 | bmiZscore <= -0.047) & HbA1c <= -0.081) & UnitsInsBasalOrLongAct >= -0.310)
",9999999.000,9999999.000,0.000,1.000,0.000,0,0,0,3,3,0,0,3,0.0,0.0,0.0,0.0,0.0,1.0
"G[0,2](HbA1cImputeDtMnC <= 35.416 & UnitsInsBasalOrLongAct >= 1.801)
",9999999.000,9999999.000,0.000,1.000,0.000,0,0,0,3,3,0,0,3,0.0,0.0,0.0,0.0,0.0,1.0
"G[1,2](HbA1cImputeDtMnC <= 63.206 & WeightKg >= 1.444)
",9999999.000,9999999.000,0.000,1.000,0.000,0,0,1,2,2,1,1,2,0.0,0.0,1.0,0.0,0.0,1.0
"G[1,2](BUN >= 11.174 | Pt_A1cGoalLev <= 3.239)
",9999999.000,9999999.000,0.000,1.000,0.000,0,0,3,0,0,3,3,0,0.0,0.0,1.0,0.0,0.0,1.0
"G[0,1](((HbA1cImputeDtMnC <= 27.645 & HeightCm <= 144.500) -> DirectLDL <= 168.249) & Pt_A1cGoalLevelDsYr5 >= 76.144)
",9999999.000,9999999.000,0.000,1.000,0.000,0,0,0,3,3,0,0,3,0.0,0.0,0.0,0.0,0.0,1.0
"G[1,2]((AlbCreatRat_mggNew <= 12.786 | HeightCm <= 180.877) & UnitsInsBasalOrLongAct >= 93.275)
",9999999.000,9999999.000,0.000,1.000,0.000,0,0,0,3,3,0,0,3,0.0,0.0,0.0,0.0,0.0,1.0
"G[0,2](((HeightCm >= 108.744 | SMBGperDayPtMeterCombo <= 5.862) -> Pt_SHFlg >= 3.726) -> AlbCreatRat_mggNew >= 3.453)
",9999999.000,9999999.000,0.000,1.000,0.000,0,0,3,0,0,3,3,0,0.0,0.0,1.0,0.0,0.0,1.0
"G[2,2](BldPrSys <= 149.549 & BUN >= 8.365)
",-8.365,-8.365,0.000,1.000,0.000,0,0,3,0,0,3,3,0,0.0,0.0,1.0,0.0,0.0,1.0
"G[2,2]((BldPrSys >= 128.756 | Pt_A1cGoalLev >= 0.649) & Pt_ChildT1D >= 0.537)
",-0.649,-0.649,0.000,1.000,0.000,0,0,3,0,0,3,3,0,0.0,0.0,1.0,0.0,0.0,1.0
"G[1,2](((bmiZscore >= -0.299 -> HDL <= 39.767) | Pt_SHFlg <= 39.749) & Pt_ChildT1D <= 38.932)
",9999999.000,9999999.000,0.000,1.000,0.000,0,0,3,0,0,3,3,0,0.0,0.0,1.0,0.0,0.0,1.0
"G[2,2]((HbA1c <= 4.442 | Pt_InsGov <= 0.843) & BldPrSys <= 0.376)
",6780512194039459.000,0.376,0.000,1.000,0.000,0,0,3,0,0,3,3,0,0.0,0.0,1.0,0.0,0.0,1.0
"G[1,2]((BldPrDia >= 71.530 & HeightCm >= 5.499) & Pt_A1cGoalLev <= 140.484)
",9999999.000,9999999.000,0.000,1.000,0.000,0,0,2,1,1,2,2,1,0.0,0.0,1.0,0.0,0.0,1.0
"G[0,2](((BldPrSys >= 138.135 & Pt_InsGov >= 0.308) | UnitsInsBasalOrLongAct <= 0.641) | Triglyc >= 0.035)
",9999999.000,9999999.000,0.000,1.000,0.000,0,0,3,0,0,3,3,0,0.0,0.0,1.0,0.0,0.0,1.0
"G[0,2](((BldPrSys <= 140.756 -> HeightCm >= 20.945) & Pt_FatherT1D <= 169.230) -> NumPumpBolusOrShortAct <= 183.050)
",9999999.000,9999999.000,0.000,1.000,0.000,0,0,3,0,0,3,3,0,0.0,0.0,1.0,0.0,0.0,1.0
"G[0,2]((BldPrDia >= 78.839 | WeightKg >= 20.371) | Pt_FatherT1D >= 54.079)
",9999999.000,9999999.000,0.000,1.000,0.000,0,0,2,1,1,2,2,1,0.0,0.0,1.0,0.0,0.0,1.0
"G[1,2](((BldPrDia >= 78.529 & bmi >= 1.778) -> AlbCreatRat_mggNew >= 2.072) | LDL >= 6.876)
",9999999.000,9999999.000,0.000,1.000,0.000,0,0,3,0,0,3,3,0,0.0,0.0,1.0,0.0,0.0,1.0
"G[1,2](((Pt_DKAFlg >= 0.000 | NumPumpBolusOrShortAct >= 0.000) | Pt_A1cGoalLev >= 0.000) -> BGTestAvgNumMeter >= 0.000)
",9999999.000,9999999.000,0.000,1.000,0.000,0,0,3,0,0,3,3,0,0.0,0.0,1.0,0.0,0.0,1.0
"G[0,2]((BldPrSys <= 139.198 & WeightKg >= 30.261) | bmiZscore <= 99.743)
",9999999.000,9999999.000,0.000,1.000,0.000,0,0,3,0,0,3,3,0,0.0,0.0,1.0,0.0,0.0,1.0
"G[1,2](((TotChol <= 177.047 & TotalDailyInsPerKg <= 0.000) | BGTestAvgNumPtRep <= 0.000) | BGTestAvgNumMeter <= 0.000)
",9999999.000,9999999.000,0.000,1.000,0.000,0,0,3,0,0,3,3,0,0.0,0.0,1.0,0.0,0.0,1.0
"G[0,2](((bmi >= 8.525 -> diabDur <= 25.355) & LDL >= 21.474) & HbA1c >= 22.707)
",9999999.000,9999999.000,0.000,1.000,0.000,0,0,0,3,3,0,0,3,0.0,0.0,0.0,0.0,0.0,1.0
"G[0,0]((age >= 54.668 -> HeightCm >= 67.455) & Pt_A1cGoalLev >= 117.888)
",-83.888,-83.888,0.000,1.000,0.000,0,0,0,3,3,0,0,3,0.0,0.0,0.0,0.0,0.0,1.0
"G[2,2]((UnitsInsBasalOrLongAct >= 7.435 | WeightKg <= 77.489) -> AlbCreatRat_mggNew <= 91.266)
",-91.266,-91.266,0.000,1.000,0.000,0,0,3,0,0,3,3,0,0.0,0.0,1.0,0.0,0.0,1.0
"G[1,2]((age <= 58.981 | bmiZscore >= -0.194) -> AlbCreatRat_mggNew >= -0.352)
",9999999.000,9999999.000,0.000,1.000,0.000,0,0,3,0,0,3,3,0,0.0,0.0,1.0,0.0,0.0,1.0
"G[2,2](age <= 59.287 | Pt_FatherT1D <= 0.000)
",59.287,59.287,0.000,1.000,0.000,0,0,3,0,0,3,3,0,0.0,0.0,1.0,0.0,0.0,1.0
"G[1,2](diagAgeCombo >= 34.000 -> DirectLDL <= 0.000)
",9999999.000,9999999.000,0.000,1.000,0.000,0,0,3,0,0,3,3,0,0.0,0.0,1.0,0.0,0.0,1.0
"G[1,2](BUN >= 11.973 & Pt_FatherT1D <= 0.000)
",9999999.000,9999999.000,0.000,1.000,0.000,0,0,3,0,0,3,3,0,0.0,0.0,1.0,0.0,0.0,1.0
"G[2,2]((bmi >= 11.951 -> Triglyc >= 77.419) -> Pt_SHFlg >= 77.108)
",-6727956799013893.000,-11.951,0.000,1.000,0.000,0,0,3,0,0,3,3,0,0.0,0.0,1.0,0.0,0.0,1.0
"G[1,2](BldPrSys >= 129.079 -> UnitsInsBasalOrLongAct >= 6.264)
",9999999.000,9999999.000,0.000,1.000,0.000,0,0,1,2,2,1,1,2,0.0,0.0,1.0,0.0,0.0,1.0
"G[0,2]((Pt_SHFlg >= 0.000 | TotalDailyInsPerKg <= 0.000) -> Pt_InsGov >= 0.000)
",9999999.000,9999999.000,0.000,1.000,0.000,0,0,3,0,0,3,3,0,0.0,0.0,1.0,0.0,0.0,1.0
"G[0,2](((HbA1c <= 4.572 & HeightCm >= 88.369) & SMBGperDayPtMeterCombo >= 96.642) | TotalDailyInsPerKg <= 164.145)
",9999999.000,9999999.000,0.000,1.000,0.000,0,0,3,0,0,3,3,0,0.0,0.0,1.0,0.0,0.0,1.0
"G[1,2](((bmiZscore >= -0.353 -> WeightKg >= 32.753) -> Pt_DKAFlg >= 20.412) | bmiPerc <= 76.625)
",9999999.000,9999999.000,0.000,1.000,0.000,0,0,3,0,0,3,3,0,0.0,0.0,1.0,0.0,0.0,1.0
"G[0,2](GFR <= 0.000 -> BUN >= 10.394)
",9999999.000,9999999.000,0.000,1.000,0.000,0,0,1,2,2,1,1,2,0.0,0.0,1.0,0.0,0.0,1.0
"G[0,2]((BldPrSys <= 149.975 & HbA1c >= 0.502) & Pt_GrandparentT1D >= 2.403)
",9999999.000,9999999.000,0.000,1.000,0.000,0,0,0,3,3,0,0,3,0.0,0.0,0.0,0.0,0.0,1.0
"G[0,2]((Pt_CGMUseNumDays >= 4.958 -> TotChol <= 179.074) & Pt_InsGov <= 163.018)
",9999999.000,9999999.000,0.000,1.000,0.000,0,0,2,1,1,2,2,1,0.0,0.0,1.0,0.0,0.0,1.0
"G[0,2](((BGTestAvgNumMeter <= 1.162 | BldPrSys <= 145.459) | DirectLDL >= 138.413) -> BUN <= 148.764)
",9999999.000,9999999.000,0.000,1.000,0.000,0,0,3,0,0,3,3,0,0.0,0.0,1.0,0.0,0.0,1.0
"G[1,2](BldPrDia <= 83.180 | UnitsInsBasalOrLongAct <= 50.176)
",9999999.000,9999999.000,0.000,1.000,0.000,0,0,3,0,0,3,3,0,0.0,0.0,1.0,0.0,0.0,1.0
"G[2,2]((BGTestAvgNumMeter >= 0.351 | BldPrDia <= 93.506) | Pt_InsGov >= 70.217)
",93.506,93.506,0.000,1.000,0.000,0,0,3,0,0,3,3,0,0.0,0.0,1.0,0.0,0.0,1.0
"G[1,2]((diabDur <= 25.942 -> HDL <= 37.298) | HDL <= 39.162)
",9999999.000,9999999.000,0.000,1.000,0.000,0,0,3,0,0,3,3,0,0.0,0.0,1.0,0.0,0.0,1.0
"G[0,2](((BUN >= 8.471 -> HeightCm >= 45.560) | BGTestAvgNumPtRep >= 21.103) | NumPumpBolusOrShortAct >= 88.507)
",9999999.000,9999999.000,0.000,1.000,0.000,0,0,2,1,1,2,2,1,0.0,0.0,1.0,0.0,0.0,1.0
"G[1,2]((HDL >= 36.017 | Pt_CGMUseNumDays >= 1.440) -> Pt_A1cGoalLevelDsYr5 >= 3.635)
",9999999.000,9999999.000,0.000,1.000,0.000,0,0,1,2,2,1,1,2,0.0,0.0,1.0,0.0,0.0,1.0
"G[2,2]((BUN >= 9.248 & WeightKg <= 82.434) -> diabDur >= 66.411)
",9.248,9.248,0.000,1.000,0.000,0,0,3,0,0,3,3,0,0.0,0.0,1.0,0.0,0.0,1.0
"G[1,2](((BGTestAvgNumPtRep <= 8.187 & BldPrSys <= 148.188) -> Pt_InsGov >= 126.458) | BldPrSys <= 143.246)
",9999999.000,9999999.000,0.000,1.000,0.000,0,0,3,0,0,3,3,0,0.0,0.0,1.0,0.0,0.0,1.0
"G[1,2](((BldPrSys >= 131.599 -> HbA1cImputeDtMnC <= 29.772) & Pt_FatherT1D >= 12.038) | Pt_SHFlg >= 20.062)
",9999999.000,9999999.000,0.000,1.000,0.000,0,0,0,3,3,0,0,3,0.0,0.0,0.0,0.0,0.0,1.0
"G[1,2](((BldPrSys <= 148.092 | LDL >= 78.228) & bmiZscore >= 71.046) | bmiZscore <= 112.180)
",9999999.000,9999999.000,0.000,1.000,0.000,0,0,3,0,0,3,3,0,0.0,0.0,1.0,0.0,0.0,1.0
"G[1,2](((BldPrSys <= 156.486 -> SMBGperDayPtMeterCombo <= 4.364) & NumPumpBolusOrShortAct >= 3.078) | NumPumpBolusOrShortAct <= 7.937)
",9999999.000,9999999.000,0.000,1.000,0.000,0,0,3,0,0,3,3,0,0.0,0.0,1.0,0.0,0.0,1.0
"G[1,1]((AlbCreatRat_mggNew >= 3.681 | bmiZscore >= -0.171) -> age <= -0.111)
",-0.171,-0.171,0.000,1.000,0.000,0,0,0,3,3,0,0,3,0.0,0.0,0.0,0.0,0.0,1.0
"G[1,2]((Pt_CGMUseNumDays <= 25.166 & Triglyc <= 134.852) & Pt_A1cGoalLevelDsYr5 <= 161.118)
",9999999.000,9999999.000,0.000,1.000,0.000,0,0,1,2,2,1,1,2,0.0,0.0,1.0,0.0,0.0,1.0
"G[0,0]((HbA1cImputeDtMnC >= 8.989 & LDL <= 96.115) & diagAgeCombo <= 90.000)
",-8.989,-8.989,0.000,1.000,0.000,0,0,0,3,3,0,0,3,0.0,0.0,0.0,0.0,0.0,1.0
"G[0,2](age >= 56.498 -> BldPrDia <= 88.211)
",9999999.000,9999999.000,0.000,1.000,0.000,0,0,1,2,2,1,1,2,0.0,0.0,1.0,0.0,0.0,1.0
"G[0,2](BldPrDia <= 93.802 & diabDur >= 21.997)
",9999999.000,9999999.000,0.000,1.000,0.000,0,0,1,2,2,1,1,2,0.0,0.0,1.0,0.0,0.0,1.0
"G[1,2](bmi <= 22.729 | HbA1c <= 3.150)
",9999999.000,9999999.000,0.000,1.000,0.000,0,0,1,2,2,1,1,2,0.0,0.0,1.0,0.0,0.0,1.0
"G[0,1]((Pt_A1cGoalLev >= 0.725 | SMBGperDayPtMeterCombo <= 4.541) & TSH >= 0.758)
",9999999.000,9999999.000,0.000,1.000,0.000,0,0,0,3,3,0,0,3,0.0,0.0,0.0,0.0,0.0,1.0
"G[0,2](SMBGperDayPtMeterCombo >= 0.608 & BGTestAvgNumPtRep >= 1.772)
",9999999.000,9999999.000,0.000,1.000,0.000,0,0,1,2,2,1,1,2,0.0,0.0,1.0,0.0,0.0,1.0
