Rule,Discrimination Score,Pos Robustness,Neg Robustness,Percent Class +,Percent Class -,TP,TN,FP,FN,Actual Yes,Actual No,Predicted Yes,Predicted No,TPR/Sens,TNR/Spec,FPR,Precision,Accuracy,MCR
"F[0,0](BldPrSys <= 105.937 -> Pt_GrandparentT1D >= 0.162)
",0.000,-105.937,-105.937,0.000,1.000,2,1,0,0,2,1,2,1,1.0,1.0,0.0,1.0,1.2,-0.19999999999999996
"((age >= 37.032) U[0,0] (BGTestAvgNumPtRep >= 0.908))
",4.000,3.092,-0.908,0.000,1.000,2,1,0,0,2,1,2,1,1.0,1.0,0.0,1.0,1.2,-0.19999999999999996
"((HeightCm <= 152.932) U[1,1] (WeightKg >= 58.836))
",0.000,152.932,152.932,0.000,1.000,1,1,0,1,2,1,1,2,0.5,1.0,0.0,1.0,0.8,0.19999999999999996
"((bmi <= 26.474) U[0,0] (Pt_SHFlg = 0.086))
",0.000,26.474,26.474,0.000,1.000,2,0,1,0,2,1,3,0,1.0,0.0,1.0,0.6666666666666666,0.8,0.19999999999999996
"((TSH <= 1.726) U[1,2] (DirectLDL >= 0.000))
",0.000,-9999999.000,-9999999.000,0.000,1.000,1,1,0,1,2,1,1,2,0.5,1.0,0.0,1.0,0.8,0.19999999999999996
"((GFR <= 49.733) U[0,0] (Pt_SHFlg = 0.704))
",-0.346,49.797,50.143,0.000,1.000,2,0,1,0,2,1,3,0,1.0,0.0,1.0,0.6666666666666666,0.8,0.19999999999999996
"F[0,0]((BUN <= 31.287 & WeightKg <= 62.638) & GFR <= 63.054)
",-125.000,-183.713,-58.713,0.000,1.000,1,1,0,1,2,1,1,2,0.5,1.0,0.0,1.0,0.8,0.19999999999999996
"F[0,0](((Pt_GrandparentT1D <= 0.979 & BGTestAvgNumMeter >= 2.224) | NumPumpBolusOrShortAct >= 1.045) & BldPrDia <= 3.568)
",-8.000,-84.432,-76.432,0.000,1.000,2,0,1,0,2,1,3,0,1.0,0.0,1.0,0.6666666666666666,0.8,0.19999999999999996
"((TSH <= 1.886) U[0,0] (Pt_SHFlg = 0.436))
",6.000,1.886,-4.114,0.000,1.000,2,0,1,0,2,1,3,0,1.0,0.0,1.0,0.6666666666666666,0.8,0.19999999999999996
"((GFR >= 17.795) U[0,1] (TSH <= 2.088))
",0.000,-9999999.000,-9999999.000,0.000,1.000,1,1,0,1,2,1,1,2,0.5,1.0,0.0,1.0,0.8,0.19999999999999996
"F[0,0](((BGTestAvgNumMeter >= 2.041 | HbA1c >= 5.868) | Pt_MotherT1D <= 7.250) & Pt_GrandchildT1D >= 6.377)
",0.000,-6.377,-6.377,0.000,1.000,2,0,1,0,2,1,3,0,1.0,0.0,1.0,0.6666666666666666,0.8,0.19999999999999996
"F[0,0](((TotChol >= 71.819 -> bmiZscore <= -0.093) & SMBGperDayPtMeterCombo <= -0.130) & WeightKg <= -0.074)
",-21.000,-61.130,-40.130,0.000,1.000,2,0,1,0,2,1,3,0,1.0,0.0,1.0,0.6666666666666666,0.8,0.19999999999999996
"((Pt_GrandparentT1D >= 0.011) U[1,2] (Pt_CGMUseNumDays <= 0.000))
",0.000,-9999999.000,-9999999.000,0.000,1.000,1,1,0,1,2,1,1,2,0.5,1.0,0.0,1.0,0.8,0.19999999999999996
"F[0,1]((bmi <= 26.472 | TotalDailyInsPerKg >= 0.123) -> HbA1cImputeDtMnC <= 0.854)
",0.000,-9999999.000,-9999999.000,0.000,1.000,1,1,0,1,2,1,1,2,0.5,1.0,0.0,1.0,0.8,0.19999999999999996
"F[0,0](BldPrSys <= 98.372 -> diabDur <= 20.069)
",0.000,-98.372,-98.372,0.000,1.000,1,1,0,1,2,1,1,2,0.5,1.0,0.0,1.0,0.8,0.19999999999999996
"((diagAgeCombo < 19.000) U[0,0] (Pt_SHFlg = 0.082))
",0.065,-35.935,-36.000,0.000,1.000,2,0,1,0,2,1,3,0,1.0,0.0,1.0,0.6666666666666666,0.8,0.19999999999999996
"F[0,1]((NumPumpBolusOrShortAct >= 0.105 | Pt_SHFlg >= 0.037) -> Pt_ChildT1D >= 0.184)
",0.000,-9999999.000,-9999999.000,0.000,1.000,1,1,0,1,2,1,1,2,0.5,1.0,0.0,1.0,0.8,0.19999999999999996
"F[0,0]((BldPrDia >= 43.233 & HbA1c <= 7.050) & TSH >= 6.268)
",-6.000,-6.268,-0.268,0.000,1.000,2,0,1,0,2,1,3,0,1.0,0.0,1.0,0.6666666666666666,0.8,0.19999999999999996
"((UnitsInsBasalOrLongAct <= 63.993) U[1,1] (HbA1c <= 7.451))
",0.000,63.993,63.993,0.000,1.000,1,1,0,1,2,1,1,2,0.5,1.0,0.0,1.0,0.8,0.19999999999999996
"F[0,0](((Pt_MotherT1D <= 0.000 -> Pt_SiblingT1D <= 0.000) -> TotChol <= 0.000) -> diagAgeCombo <= 0.000)
",0.000,0.000,0.000,0.000,1.000,1,1,0,1,2,1,1,2,0.5,1.0,0.0,1.0,0.8,0.19999999999999996
"F[0,0](diabDur >= 17.160 -> NumPumpBolusOrShortAct >= 0.586)
",3.000,-20.840,-23.840,0.000,1.000,1,1,0,1,2,1,1,2,0.5,1.0,0.0,1.0,0.8,0.19999999999999996
"((bmi >= 25.456) U[1,2] (LDL <= 188.679))
",0.000,-9999999.000,-9999999.000,0.000,1.000,1,1,0,1,2,1,1,2,0.5,1.0,0.0,1.0,0.8,0.19999999999999996
"((HDL <= 51.989) U[0,1] (HeightCm <= 152.950))
",0.000,-9999999.000,-9999999.000,0.000,1.000,1,1,0,1,2,1,1,2,0.5,1.0,0.0,1.0,0.8,0.19999999999999996
"((bmiZscore >= -0.317) U[0,0] (LDL >= 68.515))
",0.000,0.317,0.317,0.000,1.000,1,1,0,1,2,1,1,2,0.5,1.0,0.0,1.0,0.8,0.19999999999999996
"((NumPumpBolusOrShortAct <= 1.473) U[1,2] (DirectLDL >= 0.000))
",0.000,-9999999.000,-9999999.000,0.000,1.000,1,1,0,1,2,1,1,2,0.5,1.0,0.0,1.0,0.8,0.19999999999999996
"F[0,0](HDL <= 42.291 -> TotalDailyInsPerKg >= 0.598)
",2.000,-18.402,-20.402,0.000,1.000,1,1,0,1,2,1,1,2,0.5,1.0,0.0,1.0,0.8,0.19999999999999996
"F[0,0](((AlbCreatRat_mggNew >= 236.791 -> Triglyc >= 77.202) -> Pt_GrandparentT1D >= 46.675) & HeightCm >= 99.320)
",7.800,-35.320,-43.120,0.000,1.000,2,0,1,0,2,1,3,0,1.0,0.0,1.0,0.6666666666666666,0.8,0.19999999999999996
"((BGTestAvgNumMeter <= 5.993) U[1,1] (LDL <= 153.027))
",0.000,153.027,153.027,0.000,1.000,1,1,0,1,2,1,1,2,0.5,1.0,0.0,1.0,0.8,0.19999999999999996
"F[1,2](((BldPrDia >= 46.850 & TotChol >= 21.928) & diagAgeCombo >= 91.580) | HDL <= 228.513)
",0.000,-9999999.000,-9999999.000,0.000,1.000,0,1,0,2,2,1,0,3,0.0,1.0,0.0,0.0,0.4,0.6
"F[0,1](((BGTestAvgNumPtRep >= 1.099 & SMBGperDayPtMeterCombo >= 4.001) | Pt_FatherT1D >= 4.269) -> Pt_A1cGoalLev >= 3.670)
",0.000,-9999999.000,-9999999.000,0.000,1.000,0,1,0,2,2,1,0,3,0.0,1.0,0.0,0.0,0.4,0.6
"F[0,2](TotalDailyInsPerKg >= 0.547 & Triglyc >= 104.418)
",0.000,-9999999.000,-9999999.000,0.000,1.000,0,1,0,2,2,1,0,3,0.0,1.0,0.0,0.0,0.4,0.6
"F[0,0](((age <= 40.745 -> diabDur <= 21.910) | Pt_GrandparentT1D <= 21.907) -> Pt_SiblingT1D <= 20.618)
",0.000,-21.907,-21.907,0.000,1.000,0,1,0,2,2,1,0,3,0.0,1.0,0.0,0.0,0.4,0.6
"F[0,2](BGTestAvgNumMeter >= 2.886 | BldPrSys <= 97.410)
",0.000,-9999999.000,-9999999.000,0.000,1.000,0,1,0,2,2,1,0,3,0.0,1.0,0.0,0.0,0.4,0.6
"F[0,0]((HeightCm <= 152.972 & bmiZscore >= -0.291) -> Pt_CGMUseNumDays >= -0.364)
",0.000,-1224.364,-1224.364,0.000,1.000,0,1,0,2,2,1,0,3,0.0,1.0,0.0,0.0,0.4,0.6
"F[1,2](((Pt_SiblingT1D >= 0.000 -> diagAgeCombo <= 19.000) -> NumPumpBolusOrShortAct >= 19.000) | HDL >= 19.000)
",0.000,-9999999.000,-9999999.000,0.000,1.000,0,1,0,2,2,1,0,3,0.0,1.0,0.0,0.0,0.4,0.6
"F[0,0](((BUN >= 21.886 -> TSH >= 1.193) & TSH <= 1.684) | SMBGperDayPtMeterCombo >= 0.747)
",21.000,60.253,39.253,0.000,1.000,0,1,0,2,2,1,0,3,0.0,1.0,0.0,0.0,0.4,0.6
"F[0,0]((SMBGperDayPtMeterCombo >= 3.492 | Triglyc <= 159.663) | Pt_SiblingT1D >= 14.387)
",21.000,57.508,36.508,0.000,1.000,0,1,0,2,2,1,0,3,0.0,1.0,0.0,0.0,0.4,0.6
"((Pt_ChildT1D <= 0.000) U[0,0] (bmiZscore <= -0.175))
",0.000,0.000,0.000,0.000,1.000,0,1,0,2,2,1,0,3,0.0,1.0,0.0,0.0,0.4,0.6
"F[0,1](TotalDailyInsPerKg >= 0.517 -> UnitsInsBasalOrLongAct >= 5.563)
",0.000,-9999999.000,-9999999.000,0.000,1.000,0,1,0,2,2,1,0,3,0.0,1.0,0.0,0.0,0.4,0.6
"F[0,2](((BGTestAvgNumPtRep <= 2.280 -> Triglyc <= 206.571) -> HbA1cImputeDtMnC <= 123.632) & DirectLDL <= 141.598)
",0.000,-9999999.000,-9999999.000,0.000,1.000,0,1,0,2,2,1,0,3,0.0,1.0,0.0,0.0,0.4,0.6
"((Pt_MotherT1D >= 0.000) U[0,1] (BldPrDia >= 61.871))
",0.000,-9999999.000,-9999999.000,0.000,1.000,0,1,0,2,2,1,0,3,0.0,1.0,0.0,0.0,0.4,0.6
"F[0,2]((BldPrDia <= 65.378 -> HDL >= 28.998) & BGTestAvgNumMeter >= 0.875)
",0.000,-9999999.000,-9999999.000,0.000,1.000,0,1,0,2,2,1,0,3,0.0,1.0,0.0,0.0,0.4,0.6
"F[0,2](BUN >= 19.867 -> Pt_GrandparentT1D <= 0.334)
",0.000,-9999999.000,-9999999.000,0.000,1.000,0,1,0,2,2,1,0,3,0.0,1.0,0.0,0.0,0.4,0.6
"F[1,1]((NumPumpBolusOrShortAct >= 0.535 -> TotChol <= 207.815) -> bmi >= 8.355)
",0.000,8.355,8.355,0.000,1.000,0,1,0,2,2,1,0,3,0.0,1.0,0.0,0.0,0.4,0.6
"F[0,2](BldPrSys >= 83.345 -> NumPumpBolusOrShortAct <= 2.807)
",0.000,-9999999.000,-9999999.000,0.000,1.000,0,1,0,2,2,1,0,3,0.0,1.0,0.0,0.0,0.4,0.6
"F[0,1](((TotChol >= 38.366 & UnitsInsBasalOrLongAct <= 74.129) | Pt_A1cGoalLevelDsYr5 <= 68.652) & WeightKg <= 79.763)
",0.000,-9999999.000,-9999999.000,0.000,1.000,0,1,0,2,2,1,0,3,0.0,1.0,0.0,0.0,0.4,0.6
"F[0,2](bmiZscore <= -0.093 | HDL >= 41.823)
",0.000,-9999999.000,-9999999.000,0.000,1.000,0,1,0,2,2,1,0,3,0.0,1.0,0.0,0.0,0.4,0.6
"((diabDur >= 16.514) U[0,2] (HbA1c >= 6.601))
",0.000,-9999999.000,-9999999.000,0.000,1.000,0,1,0,2,2,1,0,3,0.0,1.0,0.0,0.0,0.4,0.6
"F[0,1](((bmi <= 26.432 -> GFR >= 14.722) & SMBGperDayPtMeterCombo >= 37.141) & SMBGperDayPtMeterCombo <= 58.015)
",0.000,-9999999.000,-9999999.000,0.000,1.000,1,0,1,1,2,1,2,1,0.5,0.0,1.0,0.5,0.4,0.6
"F[0,0](HbA1c >= 6.404 -> Pt_A1cGoalLevelDsYr5 = 0.000)
",0.000,0.000,0.000,0.000,1.000,0,1,0,2,2,1,0,3,0.0,1.0,0.0,0.0,0.4,0.6
"F[1,2]((bmi <= 27.227 & UnitsInsBasalOrLongAct <= 48.273) | Pt_SiblingT1D <= 81.341)
",0.000,-9999999.000,-9999999.000,0.000,1.000,0,1,0,2,2,1,0,3,0.0,1.0,0.0,0.0,0.4,0.6
"((BldPrSys >= 96.590) U[0,1] (HbA1c >= 6.202))
",0.000,-9999999.000,-9999999.000,0.000,1.000,0,1,0,2,2,1,0,3,0.0,1.0,0.0,0.0,0.4,0.6
"F[0,2](HeightCm <= 152.968 -> Triglyc <= 142.074)
",0.000,-9999999.000,-9999999.000,0.000,1.000,0,1,0,2,2,1,0,3,0.0,1.0,0.0,0.0,0.4,0.6
"F[0,1](TotChol <= 223.578 & WeightKg >= 58.253)
",0.000,-9999999.000,-9999999.000,0.000,1.000,0,1,0,2,2,1,0,3,0.0,1.0,0.0,0.0,0.4,0.6
"F[1,2]((BldPrSys <= 103.233 & BUN >= 21.119) -> age <= 30.936)
",0.000,-9999999.000,-9999999.000,0.000,1.000,0,1,0,2,2,1,0,3,0.0,1.0,0.0,0.0,0.4,0.6
"F[1,2](((Triglyc >= 86.671 -> UnitsInsBasalOrLongAct <= 75.804) & Pt_SHFlg >= 26.425) | Pt_InsGov <= 59.958)
",0.000,-9999999.000,-9999999.000,0.000,1.000,0,1,0,2,2,1,0,3,0.0,1.0,0.0,0.0,0.4,0.6
"F[0,1]((age <= 39.755 | BGTestAvgNumMeter >= 0.762) -> HbA1c >= 0.682)
",0.000,-9999999.000,-9999999.000,0.000,1.000,0,1,0,2,2,1,0,3,0.0,1.0,0.0,0.0,0.4,0.6
"((BGTestAvgNumMeter >= 1.696) U[0,1] (BGTestAvgNumPtRep <= 4.413))
",0.000,-9999999.000,-9999999.000,0.000,1.000,0,1,0,2,2,1,0,3,0.0,1.0,0.0,0.0,0.4,0.6
"F[1,1]((AlbCreatRat_mggNew >= 370.731 -> HbA1c <= 7.356) & HbA1cImputeDtMnC <= 7.492)
",0.000,-7.356,-7.356,0.000,1.000,1,0,1,1,2,1,2,1,0.5,0.0,1.0,0.5,0.4,0.6
"F[1,2](((diabDur <= 21.294 -> SMBGperDayPtMeterCombo >= 3.269) | Pt_SiblingT1D >= 3.792) | BldPrDia <= 5.170)
",0.000,-9999999.000,-9999999.000,0.000,1.000,0,1,0,2,2,1,0,3,0.0,1.0,0.0,0.0,0.4,0.6
"F[0,2]((bmiZscore <= -0.092 -> NumPumpBolusOrShortAct >= 0.375) | Pt_ChildT1D <= 0.810)
",0.000,-9999999.000,-9999999.000,0.000,1.000,0,1,0,2,2,1,0,3,0.0,1.0,0.0,0.0,0.4,0.6
"F[1,2]((GFR <= 51.764 & HDL <= 56.623) | BGTestAvgNumMeter <= 42.986)
",0.000,-9999999.000,-9999999.000,0.000,1.000,0,1,0,2,2,1,0,3,0.0,1.0,0.0,0.0,0.4,0.6
"F[1,1](HeightCm <= 152.979 -> NumPumpBolusOrShortAct >= 0.203)
",0.000,-152.979,-152.979,0.000,1.000,0,1,0,2,2,1,0,3,0.0,1.0,0.0,0.0,0.4,0.6
"F[1,2]((BGTestAvgNumPtRep >= 1.043 -> HbA1cImputeDtMnC >= 39.130) & SMBGperDayPtMeterCombo <= 61.026)
",0.000,-9999999.000,-9999999.000,0.000,1.000,0,1,0,2,2,1,0,3,0.0,1.0,0.0,0.0,0.4,0.6
"((BldPrSys <= 100.975) U[0,1] (bmi <= 26.917))
",0.000,-9999999.000,-9999999.000,0.000,1.000,0,1,0,2,2,1,0,3,0.0,1.0,0.0,0.0,0.4,0.6
"((BldPrDia <= 66.115) U[1,2] (SMBGperDayPtMeterCombo <= 6.347))
",0.000,-9999999.000,-9999999.000,0.000,1.000,1,0,1,1,2,1,2,1,0.5,0.0,1.0,0.5,0.4,0.6
"F[0,1](bmi <= 27.033 -> NumPumpBolusOrShortAct <= 2.775)
",0.000,-9999999.000,-9999999.000,0.000,1.000,0,1,0,2,2,1,0,3,0.0,1.0,0.0,0.0,0.4,0.6
"F[1,2](BldPrDia <= 74.027 -> NumPumpBolusOrShortAct <= 2.287)
",0.000,-9999999.000,-9999999.000,0.000,1.000,0,1,0,2,2,1,0,3,0.0,1.0,0.0,0.0,0.4,0.6
"((BldPrSys <= 111.929) U[0,1] (WeightKg >= 58.449))
",0.000,-9999999.000,-9999999.000,0.000,1.000,0,1,0,2,2,1,0,3,0.0,1.0,0.0,0.0,0.4,0.6
"F[0,2](((HbA1c <= 7.710 & UnitsInsBasalOrLongAct <= 54.085) & AutonomicNeuroCl >= 40.466) | age >= 4.543)
",0.000,-9999999.000,-9999999.000,0.000,1.000,0,1,0,2,2,1,0,3,0.0,1.0,0.0,0.0,0.4,0.6
"F[0,1](((TotalDailyInsPerKg >= 0.534 | TotChol <= 271.104) -> Pt_DKAFlg >= 131.900) | Pt_FatherT1D <= 204.531)
",0.000,-9999999.000,-9999999.000,0.000,1.000,0,1,0,2,2,1,0,3,0.0,1.0,0.0,0.0,0.4,0.6
"F[0,0](((AlbCreatRat_mggNew >= 281.864 -> bmiZscore >= -0.280) & BldPrSys >= -0.395) & Pt_SHFlg >= -0.266)
",0.000,-0.280,-0.280,0.000,1.000,0,1,0,2,2,1,0,3,0.0,1.0,0.0,0.0,0.4,0.6
"F[0,0]((bmiZscore <= -0.065 & HeightCm >= 152.870) -> UnitsInsBasalOrLongAct <= 152.989)
",31.900,-101.089,-132.989,0.000,1.000,0,1,0,2,2,1,0,3,0.0,1.0,0.0,0.0,0.4,0.6
"F[1,1](BUN >= 19.371 | Pt_SHFlg <= 0.834)
",0.000,0.834,0.834,0.000,1.000,0,1,0,2,2,1,0,3,0.0,1.0,0.0,0.0,0.4,0.6
"F[0,1](((HbA1c <= 7.492 & TotChol <= 192.551) -> Pt_FatherT1D >= 58.255) | bmiZscore <= 241.636)
",0.000,-9999999.000,-9999999.000,0.000,1.000,0,1,0,2,2,1,0,3,0.0,1.0,0.0,0.0,0.4,0.6
"F[0,1](diabDur >= 18.033 -> TotalDailyInsPerKg >= 0.058)
",0.000,-9999999.000,-9999999.000,0.000,1.000,0,1,0,2,2,1,0,3,0.0,1.0,0.0,0.0,0.4,0.6
"F[0,2](bmiZscore <= -0.155 & UnitsInsBasalOrLongAct <= 79.226)
",0.000,-9999999.000,-9999999.000,0.000,1.000,0,1,0,2,2,1,0,3,0.0,1.0,0.0,0.0,0.4,0.6
"((BUN >= 25.642) U[1,2] (Pt_A1cGoalLev <= 0.000))
",0.000,-9999999.000,-9999999.000,0.000,1.000,0,1,0,2,2,1,0,3,0.0,1.0,0.0,0.0,0.4,0.6
"((LDL >= 5.053) U[0,2] (SMBGperDayPtMeterCombo >= 3.757))
",0.000,-9999999.000,-9999999.000,0.000,1.000,0,1,0,2,2,1,0,3,0.0,1.0,0.0,0.0,0.4,0.6
"F[0,1](((bmiZscore >= -0.347 -> TotalDailyInsPerKg <= 1.492) | Pt_DKAFlg <= 0.999) & BldPrDia >= 0.333)
",0.000,-9999999.000,-9999999.000,0.000,1.000,0,1,0,2,2,1,0,3,0.0,1.0,0.0,0.0,0.4,0.6
"((age >= 36.585) U[0,2] (NumPumpBolusOrShortAct <= 2.655))
",0.000,-9999999.000,-9999999.000,0.000,1.000,0,1,0,2,2,1,0,3,0.0,1.0,0.0,0.0,0.4,0.6
"F[0,0]((AutonomicNeuroCl <= 1.000 -> Pt_FatherT1D >= 0.000) | Triglyc >= 0.000)
",37.000,210.000,173.000,0.000,1.000,0,1,0,2,2,1,0,3,0.0,1.0,0.0,0.0,0.4,0.6
"F[1,1]((Pt_InsGov <= 0.710 & SMBGperDayPtMeterCombo <= 6.305) | Pt_CGMUseNumDays <= 6.999)
",0.000,6.999,6.999,0.000,1.000,0,1,0,2,2,1,0,3,0.0,1.0,0.0,0.0,0.4,0.6
"((BldPrDia >= 44.884) U[1,1] (Pt_GrandchildT1D >= 0.000))
",0.000,0.000,0.000,0.000,1.000,0,1,0,2,2,1,0,3,0.0,1.0,0.0,0.0,0.4,0.6
"F[1,2](BGTestAvgNumMeter <= 5.395 | HeightCm >= 152.856)
",0.000,-9999999.000,-9999999.000,0.000,1.000,0,1,0,2,2,1,0,3,0.0,1.0,0.0,0.0,0.4,0.6
"((Pt_FatherT1D >= 0.000) U[1,2] (BldPrDia <= 71.679))
",0.000,-9999999.000,-9999999.000,0.000,1.000,0,1,0,2,2,1,0,3,0.0,1.0,0.0,0.0,0.4,0.6
"F[1,2]((Triglyc <= 171.547 -> BldPrSys >= 80.892) | bmiZscore <= 113.532)
",0.000,-9999999.000,-9999999.000,0.000,1.000,0,1,0,2,2,1,0,3,0.0,1.0,0.0,0.0,0.4,0.6
"F[0,0](bmiPerc <= 0.000 | Pt_InsGov <= 0.454)
",0.000,-0.546,-0.546,0.000,1.000,0,1,0,2,2,1,0,3,0.0,1.0,0.0,0.0,0.4,0.6
"F[1,2](Pt_ChildT1D >= 0.000 & BldPrDia >= 58.052)
",0.000,-9999999.000,-9999999.000,0.000,1.000,0,1,0,2,2,1,0,3,0.0,1.0,0.0,0.0,0.4,0.6
"F[0,2](((Pt_SHFlg <= 0.827 & Pt_DKAFlg >= 0.000) | HDL >= 0.000) | Pt_GrandparentT1D <= 0.000)
",0.000,-9999999.000,-9999999.000,0.000,1.000,0,1,0,2,2,1,0,3,0.0,1.0,0.0,0.0,0.4,0.6
"F[1,2](((GFR <= 65.441 -> age >= 39.114) & BGTestAvgNumPtRep <= 40.509) & HeightCm >= 37.340)
",0.000,-9999999.000,-9999999.000,0.000,1.000,0,1,0,2,2,1,0,3,0.0,1.0,0.0,0.0,0.4,0.6
"F[0,0](Pt_A1cGoalLevelDsYr5 >= 0.000 | SMBGperDayPtMeterCombo >= 3.277)
",21.000,57.723,36.723,0.000,1.000,0,1,0,2,2,1,0,3,0.0,1.0,0.0,0.0,0.4,0.6
"((bmiZscore >= -0.290) U[0,2] (Pt_A1cGoalLevelDsYr5 >= 0.000))
",0.000,-9999999.000,-9999999.000,0.000,1.000,0,1,0,2,2,1,0,3,0.0,1.0,0.0,0.0,0.4,0.6
"F[1,1]((bmiPerc >= 0.000 | Pt_FatherT1D >= 0.000) -> HbA1cImputeDtMnC >= 0.000)
",0.000,0.000,0.000,0.000,1.000,0,1,0,2,2,1,0,3,0.0,1.0,0.0,0.0,0.4,0.6
"F[0,1]((HbA1c <= 7.681 & HDL >= 40.395) | Pt_GrandchildT1D <= 43.493)
",0.000,-9999999.000,-9999999.000,0.000,1.000,0,1,0,2,2,1,0,3,0.0,1.0,0.0,0.0,0.4,0.6
"F[0,1]((TotChol >= 14.919 | LDL <= 103.869) -> Pt_SiblingT1D >= 80.288)
",0.000,-9999999.000,-9999999.000,0.000,1.000,1,0,1,1,2,1,2,1,0.5,0.0,1.0,0.5,0.4,0.6
"F[0,2](Pt_A1cGoalLevelDsYr5 <= 0.000 | bmi <= 25.772)
",0.000,-9999999.000,-9999999.000,0.000,1.000,0,1,0,2,2,1,0,3,0.0,1.0,0.0,0.0,0.4,0.6
"((Pt_A1cGoalLev <= 0.000) U[1,2] (UnitsInsBasalOrLongAct >= 40.221))
",0.000,-9999999.000,-9999999.000,0.000,1.000,0,1,0,2,2,1,0,3,0.0,1.0,0.0,0.0,0.4,0.6
"((Pt_SiblingT1D <= 0.000) U[1,2] (Pt_InsGov <= 0.500))
",0.000,-9999999.000,-9999999.000,0.000,1.000,0,1,0,2,2,1,0,3,0.0,1.0,0.0,0.0,0.4,0.6
"F[0,1](Pt_DKAFlg >= 0.000 -> diagAgeCombo >= 19.000)
",0.000,-9999999.000,-9999999.000,0.000,1.000,0,1,0,2,2,1,0,3,0.0,1.0,0.0,0.0,0.4,0.6
"F[0,0](Pt_SHFlg >= 0.052 -> NumPumpBolusOrShortAct <= 0.657)
",28.581,-35.965,-64.546,0.000,1.000,0,1,0,2,2,1,0,3,0.0,1.0,0.0,0.0,0.4,0.6
"F[1,2](((HeightCm <= 152.939 & WeightKg <= 62.131) | Pt_GrandchildT1D >= 57.407) -> TSH >= 59.642)
",0.000,-9999999.000,-9999999.000,0.000,1.000,0,1,0,2,2,1,0,3,0.0,1.0,0.0,0.0,0.4,0.6
"F[0,2](Pt_CGMUseNumDays <= 0.000 -> AutonomicNeuroCl <= 1.000)
",0.000,-9999999.000,-9999999.000,0.000,1.000,0,1,0,2,2,1,0,3,0.0,1.0,0.0,0.0,0.4,0.6
"F[1,2]((BGTestAvgNumMeter <= 5.680 -> Pt_InsGov <= 0.699) & Pt_CGMUseNumDays <= 0.950)
",0.000,-9999999.000,-9999999.000,0.000,1.000,0,1,0,2,2,1,0,3,0.0,1.0,0.0,0.0,0.4,0.6
"((bmiZscore <= -0.083) U[0,1] (BldPrDia <= 66.093))
",0.000,-9999999.000,-9999999.000,0.000,1.000,0,1,0,2,2,1,0,3,0.0,1.0,0.0,0.0,0.4,0.6
"F[1,2](Pt_GrandchildT1D <= 0.000 & Pt_SiblingT1D >= 0.000)
",0.000,-9999999.000,-9999999.000,0.000,1.000,0,1,0,2,2,1,0,3,0.0,1.0,0.0,0.0,0.4,0.6
"F[0,1]((bmiPerc <= 0.000 -> UnitsInsBasalOrLongAct >= 14.295) & Pt_A1cGoalLev >= 7.956)
",0.000,-9999999.000,-9999999.000,0.000,1.000,1,0,1,1,2,1,2,1,0.5,0.0,1.0,0.5,0.4,0.6
"((WeightKg <= 62.388) U[0,1] (age <= 40.822))
",0.000,-9999999.000,-9999999.000,0.000,1.000,0,1,0,2,2,1,0,3,0.0,1.0,0.0,0.0,0.4,0.6
"F[1,2](Pt_FatherT1D <= 0.000 & NumPumpBolusOrShortAct <= 2.086)
",0.000,-9999999.000,-9999999.000,0.000,1.000,0,1,0,2,2,1,0,3,0.0,1.0,0.0,0.0,0.4,0.6
"F[0,1](((TotChol >= 95.530 -> AlbCreatRat_mggNew <= 2512.196) | bmi <= 1357.277) & Pt_InsGov <= 1033.948)
",0.000,-9999999.000,-9999999.000,0.000,1.000,0,1,0,2,2,1,0,3,0.0,1.0,0.0,0.0,0.4,0.6
"F[1,2](UnitsInsBasalOrLongAct <= 66.624 | BldPrDia >= 53.720)
",0.000,-9999999.000,-9999999.000,0.000,1.000,0,1,0,2,2,1,0,3,0.0,1.0,0.0,0.0,0.4,0.6
"F[1,2](((TotalDailyInsPerKg <= 0.861 | AlbCreatRat_mggNew <= 2392.997) | BUN <= 2158.560) | HbA1cImputeDtMnC <= 1829.096)
",0.000,-9999999.000,-9999999.000,0.000,1.000,0,1,0,2,2,1,0,3,0.0,1.0,0.0,0.0,0.4,0.6
"F[1,1]((HDL <= 49.974 -> BldPrSys <= 114.944) -> UnitsInsBasalOrLongAct <= 110.671)
",0.000,-110.671,-110.671,0.000,1.000,0,1,0,2,2,1,0,3,0.0,1.0,0.0,0.0,0.4,0.6
"F[0,1]((NumPumpBolusOrShortAct <= 0.686 | Pt_GrandparentT1D >= 0.163) & diabDur >= 0.165)
",0.000,-9999999.000,-9999999.000,0.000,1.000,0,1,0,2,2,1,0,3,0.0,1.0,0.0,0.0,0.4,0.6
"F[1,2](((Pt_DKAFlg <= 0.000 & diabDur <= 20.273) -> DirectLDL <= 20.504) -> Pt_GrandchildT1D <= 20.942)
",0.000,-9999999.000,-9999999.000,0.000,1.000,0,1,0,2,2,1,0,3,0.0,1.0,0.0,0.0,0.4,0.6
"((Pt_InsGov <= 0.628) U[0,1] (TotChol >= 12.436))
",0.000,-9999999.000,-9999999.000,0.000,1.000,0,1,0,2,2,1,0,3,0.0,1.0,0.0,0.0,0.4,0.6
"F[0,1]((Pt_CGMUseNumDays <= 0.000 & WeightKg >= 57.870) | NumPumpBolusOrShortAct <= 63.248)
",0.000,-9999999.000,-9999999.000,0.000,1.000,0,1,0,2,2,1,0,3,0.0,1.0,0.0,0.0,0.4,0.6
"((DirectLDL >= 0.000) U[1,2] (diagAgeCombo <= 19.000))
",0.000,-9999999.000,-9999999.000,0.000,1.000,0,1,0,2,2,1,0,3,0.0,1.0,0.0,0.0,0.4,0.6
"F[0,1](((Pt_GrandparentT1D <= 0.600 -> Pt_A1cGoalLev <= 0.000) -> Pt_SHFlg <= 0.000) | TotalDailyInsPerKg >= 0.000)
",0.000,-9999999.000,-9999999.000,0.000,1.000,0,1,0,2,2,1,0,3,0.0,1.0,0.0,0.0,0.4,0.6
"F[0,2](((UnitsInsBasalOrLongAct >= 42.226 | AutonomicNeuroCl <= 1.000) & HeightCm >= 1.000) & Pt_A1cGoalLev <= 1.000)
",0.000,-9999999.000,-9999999.000,0.000,1.000,0,1,0,2,2,1,0,3,0.0,1.0,0.0,0.0,0.4,0.6
"F[0,1](HDL <= 57.301 -> BldPrDia >= 63.169)
",0.000,-9999999.000,-9999999.000,0.000,1.000,0,1,0,2,2,1,0,3,0.0,1.0,0.0,0.0,0.4,0.6
"F[0,2]((WeightKg >= 58.674 -> Triglyc >= 41.976) | Pt_A1cGoalLev <= 157.743)
",0.000,-9999999.000,-9999999.000,0.000,1.000,0,1,0,2,2,1,0,3,0.0,1.0,0.0,0.0,0.4,0.6
"F[0,2](AlbCreatRat_mggNew >= 228.810 -> Pt_CGMUseNumDays >= 0.000)
",0.000,-9999999.000,-9999999.000,0.000,1.000,0,1,0,2,2,1,0,3,0.0,1.0,0.0,0.0,0.4,0.6
"F[0,2](Pt_SiblingT1D >= 0.000 -> Pt_SHFlg <= 0.760)
",0.000,-9999999.000,-9999999.000,0.000,1.000,0,1,0,2,2,1,0,3,0.0,1.0,0.0,0.0,0.4,0.6
"F[0,0](GFR >= 22.462 & HbA1c >= 6.804)
",0.346,-22.526,-22.872,0.000,1.000,1,0,1,1,2,1,2,1,0.5,0.0,1.0,0.5,0.4,0.6
"F[0,0]((HbA1c >= 6.659 & DirectLDL >= 0.000) -> NumPumpBolusOrShortAct >= 0.000)
",1.000,0.000,-1.000,0.000,1.000,0,1,0,2,2,1,0,3,0.0,1.0,0.0,0.0,0.4,0.6
"F[0,1](((diagAgeCombo <= 19.000 & bmi >= 25.357) -> HbA1cImputeDtMnC >= 25.438) & Triglyc <= 26.471)
",0.000,-9999999.000,-9999999.000,0.000,1.000,1,0,1,1,2,1,2,1,0.5,0.0,1.0,0.5,0.4,0.6
"F[1,1](((diabDur <= 21.712 -> GFR >= 31.635) -> TotChol <= 55.351) & Pt_CGMUseNumDays >= 29.695)
",0.000,-55.351,-55.351,0.000,1.000,1,0,1,1,2,1,2,1,0.5,0.0,1.0,0.5,0.4,0.6
"F[1,2](((BGTestAvgNumMeter >= 0.171 | Pt_CGMUseNumDays <= 0.000) | UnitsInsBasalOrLongAct <= 0.000) -> Pt_MotherT1D <= 0.000)
",0.000,-9999999.000,-9999999.000,0.000,1.000,0,1,0,2,2,1,0,3,0.0,1.0,0.0,0.0,0.4,0.6
"F[1,2](TotalDailyInsPerKg >= 0.535 -> diagAgeCombo <= 19.000)
",0.000,-9999999.000,-9999999.000,0.000,1.000,0,1,0,2,2,1,0,3,0.0,1.0,0.0,0.0,0.4,0.6
"F[0,2](WeightKg >= 58.711 & BUN <= 32.085)
",0.000,-9999999.000,-9999999.000,0.000,1.000,0,1,0,2,2,1,0,3,0.0,1.0,0.0,0.0,0.4,0.6
"F[1,2]((age <= 39.974 -> Pt_GrandchildT1D <= 0.000) & Pt_CGMUseNumDays >= 0.000)
",0.000,-9999999.000,-9999999.000,0.000,1.000,0,1,0,2,2,1,0,3,0.0,1.0,0.0,0.0,0.4,0.6
"((Pt_FatherT1D <= 0.000) U[1,2] (HDL <= 56.189))
",0.000,-9999999.000,-9999999.000,0.000,1.000,0,1,0,2,2,1,0,3,0.0,1.0,0.0,0.0,0.4,0.6
"F[0,1]((AutonomicNeuroCl <= 1.000 -> Pt_GrandchildT1D >= 0.000) & TotalDailyInsPerKg <= 0.000)
",0.000,-9999999.000,-9999999.000,0.000,1.000,0,1,0,2,2,1,0,3,0.0,1.0,0.0,0.0,0.4,0.6
"F[1,1](((TSH >= 0.945 & Pt_InsGov <= 0.603) | bmiPerc <= 0.669) & HDL >= 0.368)
",0.000,-0.368,-0.368,0.000,1.000,0,1,0,2,2,1,0,3,0.0,1.0,0.0,0.0,0.4,0.6
"F[0,1](((Triglyc >= 7.722 | Pt_SiblingT1D >= 0.000) | HeightCm <= 0.000) -> Pt_CGMUseNumDays >= 0.000)
",0.000,-9999999.000,-9999999.000,0.000,1.000,0,1,0,2,2,1,0,3,0.0,1.0,0.0,0.0,0.4,0.6
"F[0,1](BUN <= 32.190 & Pt_DKAFlg <= 0.000)
",0.000,-9999999.000,-9999999.000,0.000,1.000,0,1,0,2,2,1,0,3,0.0,1.0,0.0,0.0,0.4,0.6
"((HbA1cImputeDtMnC <= 56.694) U[1,1] (Pt_SiblingT1D <= 0.000))
",0.000,56.694,56.694,0.000,1.000,0,1,0,2,2,1,0,3,0.0,1.0,0.0,0.0,0.4,0.6
"F[1,1](Pt_CGMUseNumDays <= 0.000 & SMBGperDayPtMeterCombo >= 3.249)
",0.000,-3.249,-3.249,0.000,1.000,0,1,0,2,2,1,0,3,0.0,1.0,0.0,0.0,0.4,0.6
"F[0,1]((Pt_CGMUseNumDays <= 0.000 & bmiZscore <= -0.079) | bmiZscore <= -0.259)
",0.000,-9999999.000,-9999999.000,0.000,1.000,0,1,0,2,2,1,0,3,0.0,1.0,0.0,0.0,0.4,0.6
"F[1,2]((WeightKg >= 58.782 | SMBGperDayPtMeterCombo <= 7.825) & BUN >= 4.202)
",0.000,-9999999.000,-9999999.000,0.000,1.000,0,1,0,2,2,1,0,3,0.0,1.0,0.0,0.0,0.4,0.6
"((DirectLDL >= 0.000) U[1,2] (Pt_FatherT1D <= 0.000))
",0.000,-9999999.000,-9999999.000,0.000,1.000,0,1,0,2,2,1,0,3,0.0,1.0,0.0,0.0,0.4,0.6
"F[0,1]((diabDur >= 19.314 | Pt_MotherT1D >= 0.000) & bmiPerc <= 0.000)
",0.000,-9999999.000,-9999999.000,0.000,1.000,0,1,0,2,2,1,0,3,0.0,1.0,0.0,0.0,0.4,0.6
"F[1,1](((TSH <= 2.090 -> AutonomicNeuroCl <= 1.000) | HDL >= 1.000) -> TotalDailyInsPerKg >= 1.000)
",0.000,1.000,1.000,0.000,1.000,1,0,1,1,2,1,2,1,0.5,0.0,1.0,0.5,0.4,0.6
"F[1,2](Pt_SiblingT1D >= 0.000 | diabDur <= 19.917)
",0.000,-9999999.000,-9999999.000,0.000,1.000,0,1,0,2,2,1,0,3,0.0,1.0,0.0,0.0,0.4,0.6
"F[1,1](BGTestAvgNumMeter <= 6.829 | Pt_DKAFlg <= 0.000)
",0.000,6.829,6.829,0.000,1.000,0,1,0,2,2,1,0,3,0.0,1.0,0.0,0.0,0.4,0.6
"F[0,2]((bmi >= 24.957 | Pt_A1cGoalLevelDsYr5 >= 0.000) & HeightCm >= 0.000)
",0.000,-9999999.000,-9999999.000,0.000,1.000,0,1,0,2,2,1,0,3,0.0,1.0,0.0,0.0,0.4,0.6
"F[0,1](((diagAgeCombo <= 19.000 -> NumPumpBolusOrShortAct >= 0.008) | LDL >= 0.144) | age >= 0.599)
",0.000,-9999999.000,-9999999.000,0.000,1.000,0,1,0,2,2,1,0,3,0.0,1.0,0.0,0.0,0.4,0.6
"F[0,0](HbA1c >= 5.914 & Triglyc <= 187.381)
",-18.835,-22.619,-3.784,0.000,1.000,0,1,0,2,2,1,0,3,0.0,1.0,0.0,0.0,0.4,0.6
"F[0,2]((Pt_FatherT1D >= 0.000 & Pt_GrandparentT1D >= 0.144) -> age <= 0.331)
",0.000,-9999999.000,-9999999.000,0.000,1.000,0,1,0,2,2,1,0,3,0.0,1.0,0.0,0.0,0.4,0.6
"F[1,2](HeightCm >= 152.795 | TotalDailyInsPerKg >= 0.015)
",0.000,-9999999.000,-9999999.000,0.000,1.000,0,1,0,2,2,1,0,3,0.0,1.0,0.0,0.0,0.4,0.6
"F[0,2](((SMBGperDayPtMeterCombo >= 3.992 & TSH <= 1.744) & Pt_FatherT1D <= 1.672) & Pt_CGMUseNumDays <= 2.442)
",0.000,-9999999.000,-9999999.000,0.000,1.000,0,1,0,2,2,1,0,3,0.0,1.0,0.0,0.0,0.4,0.6
"F[0,0](((bmiZscore <= -0.081 | HbA1c <= 7.062) | HbA1cImputeDtMnC >= 6.407) | Pt_ChildT1D >= 6.238)
",0.600,5.532,4.932,0.000,1.000,0,1,0,2,2,1,0,3,0.0,1.0,0.0,0.0,0.4,0.6
"F[1,2]((GFR <= 57.981 | HbA1cImputeDtMnC <= 50.093) | LDL <= 49.251)
",0.000,-9999999.000,-9999999.000,0.000,1.000,0,1,0,2,2,1,0,3,0.0,1.0,0.0,0.0,0.4,0.6
"F[0,1](bmi >= 24.848 | HbA1c <= 7.432)
",0.000,-9999999.000,-9999999.000,0.000,1.000,0,1,0,2,2,1,0,3,0.0,1.0,0.0,0.0,0.4,0.6
"F[0,1]((HDL >= 15.316 | Triglyc >= 30.906) & Pt_ChildT1D >= 101.807)
",0.000,-9999999.000,-9999999.000,0.000,1.000,1,0,1,1,2,1,2,1,0.5,0.0,1.0,0.5,0.4,0.6
"F[0,2]((Pt_GrandparentT1D <= 0.738 -> UnitsInsBasalOrLongAct <= 62.028) -> HbA1cImputeDtMnC <= 64.976)
",0.000,-9999999.000,-9999999.000,0.000,1.000,0,1,0,2,2,1,0,3,0.0,1.0,0.0,0.0,0.4,0.6
"F[0,1](((AlbCreatRat_mggNew <= 2078.651 -> LDL <= 111.825) | TotChol <= 185.685) | GFR <= 176.789)
",0.000,-9999999.000,-9999999.000,0.000,1.000,0,1,0,2,2,1,0,3,0.0,1.0,0.0,0.0,0.4,0.6
"F[0,2](HeightCm <= 152.966 & LDL >= 31.253)
",0.000,-9999999.000,-9999999.000,0.000,1.000,0,1,0,2,2,1,0,3,0.0,1.0,0.0,0.0,0.4,0.6
"F[1,1](((diabDur <= 21.921 & Triglyc >= 63.533) & NumPumpBolusOrShortAct >= 23.674) -> diagAgeCombo <= 166.376)
",0.000,-166.376,-166.376,0.000,1.000,0,1,0,2,2,1,0,3,0.0,1.0,0.0,0.0,0.4,0.6
"F[0,2]((AlbCreatRat_mggNew >= 219.730 & UnitsInsBasalOrLongAct <= 53.559) -> AutonomicNeuroCl >= 10.273)
",0.000,-9999999.000,-9999999.000,0.000,1.000,0,1,0,2,2,1,0,3,0.0,1.0,0.0,0.0,0.4,0.6
"F[0,2]((BldPrDia >= 51.495 | TotalDailyInsPerKg >= 0.082) & Pt_GrandparentT1D >= 0.301)
",0.000,-9999999.000,-9999999.000,0.000,1.000,0,1,0,2,2,1,0,3,0.0,1.0,0.0,0.0,0.4,0.6
"F[0,2](LDL <= 131.764 | Pt_SHFlg >= 0.271)
",0.000,-9999999.000,-9999999.000,0.000,1.000,0,1,0,2,2,1,0,3,0.0,1.0,0.0,0.0,0.4,0.6
"((NumPumpBolusOrShortAct <= 2.740) U[1,1] (UnitsInsBasalOrLongAct <= 49.640))
",0.000,49.640,49.640,0.000,1.000,1,0,1,1,2,1,2,1,0.5,0.0,1.0,0.5,0.4,0.6
"F[1,2](((AlbCreatRat_mggNew <= 2934.060 | BldPrDia >= 55.654) -> Pt_InsGov >= 40.162) -> HDL <= 64.981)
",0.000,-9999999.000,-9999999.000,0.000,1.000,0,1,0,2,2,1,0,3,0.0,1.0,0.0,0.0,0.4,0.6
"F[0,2]((age >= 38.846 -> bmi >= 24.620) | bmiZscore <= 26.938)
",0.000,-9999999.000,-9999999.000,0.000,1.000,0,1,0,2,2,1,0,3,0.0,1.0,0.0,0.0,0.4,0.6
"F[1,2](BGTestAvgNumMeter >= 0.798 | TSH <= 1.622)
",0.000,-9999999.000,-9999999.000,0.000,1.000,0,1,0,2,2,1,0,3,0.0,1.0,0.0,0.0,0.4,0.6
"F[0,1]((BldPrDia >= 58.197 & Pt_GrandparentT1D <= 0.300) | BUN <= 0.768)
",0.000,-9999999.000,-9999999.000,0.000,1.000,0,1,0,2,2,1,0,3,0.0,1.0,0.0,0.0,0.4,0.6
"((BldPrDia >= 45.833) U[1,1] (TSH >= 1.415))
",0.000,-1.415,-1.415,0.000,1.000,0,1,0,2,2,1,0,3,0.0,1.0,0.0,0.0,0.4,0.6
"F[0,1](((BldPrSys >= 87.443 | TotalDailyInsPerKg <= 0.673) & BldPrDia <= 1.209) & SMBGperDayPtMeterCombo >= 0.168)
",0.000,-9999999.000,-9999999.000,0.000,1.000,1,0,1,1,2,1,2,1,0.5,0.0,1.0,0.5,0.4,0.6
"F[0,0](((Pt_SHFlg <= 0.492 | UnitsInsBasalOrLongAct >= 40.185) | SMBGperDayPtMeterCombo >= 18.826) -> HbA1c >= 0.735)
",-21.000,-42.174,-21.174,0.000,1.000,0,1,0,2,2,1,0,3,0.0,1.0,0.0,0.0,0.4,0.6
"F[0,1]((BGTestAvgNumMeter <= 7.541 -> GFR <= 53.717) & Pt_A1cGoalLev >= 10.407)
",0.000,-9999999.000,-9999999.000,0.000,1.000,1,0,1,1,2,1,2,1,0.5,0.0,1.0,0.5,0.4,0.6
"F[1,2](((age >= 38.127 | WeightKg >= 56.204) | DirectLDL <= 63.968) -> WeightKg >= 59.641)
",0.000,-9999999.000,-9999999.000,0.000,1.000,0,1,0,2,2,1,0,3,0.0,1.0,0.0,0.0,0.4,0.6
"F[1,1](BGTestAvgNumMeter < 6.304 -> Pt_SHFlg = 0.874)
",0.000,-6.304,-6.304,0.000,1.000,1,0,1,1,2,1,2,1,0.5,0.0,1.0,0.5,0.4,0.6
"((HbA1c <= 7.115) U[0,1] (WeightKg <= 61.159))
",0.000,-9999999.000,-9999999.000,0.000,1.000,0,1,0,2,2,1,0,3,0.0,1.0,0.0,0.0,0.4,0.6
"F[1,1](((AlbCreatRat_mggNew >= 48.833 & BldPrSys <= 106.491) -> HbA1cImputeDtMnC >= 95.970) & Pt_DKAFlg >= 93.398)
",0.000,-93.398,-93.398,0.000,1.000,1,0,1,1,2,1,2,1,0.5,0.0,1.0,0.5,0.4,0.6
"F[1,2]((HDL >= 16.962 -> Pt_GrandparentT1D <= 0.298) | BGTestAvgNumPtRep <= 0.233)
",0.000,-9999999.000,-9999999.000,0.000,1.000,0,1,0,2,2,1,0,3,0.0,1.0,0.0,0.0,0.4,0.6
"F[0,2](((LDL >= 78.024 & Triglyc <= 120.465) -> BldPrSys <= 162.349) | UnitsInsBasalOrLongAct >= 12.134)
",0.000,-9999999.000,-9999999.000,0.000,1.000,0,1,0,2,2,1,0,3,0.0,1.0,0.0,0.0,0.4,0.6
"F[0,1](bmiPerc < 0.000 -> Pt_SHFlg = 0.466)
",0.000,-9999999.000,-9999999.000,0.000,1.000,0,1,0,2,2,1,0,3,0.0,1.0,0.0,0.0,0.4,0.6
"F[0,1](Pt_A1cGoalLev > 0.000 & Pt_SHFlg = 0.587)
",0.000,-9999999.000,-9999999.000,0.000,1.000,1,0,1,1,2,1,2,1,0.5,0.0,1.0,0.5,0.4,0.6
"F[0,1](Pt_GrandchildT1D >= 0.000 & Pt_SHFlg = 0.540)
",0.000,-9999999.000,-9999999.000,0.000,1.000,1,0,1,1,2,1,2,1,0.5,0.0,1.0,0.5,0.4,0.6
"F[0,1](((bmiZscore <= -0.163 -> WeightKg >= 58.503) & BldPrDia <= 60.403) & Pt_GrandchildT1D <= 63.102)
",0.000,-9999999.000,-9999999.000,0.000,1.000,1,0,1,1,2,1,2,1,0.5,0.0,1.0,0.5,0.4,0.6
"F[0,2](GFR >= 40.044 -> HeightCm >= 152.842)
",0.000,-9999999.000,-9999999.000,0.000,1.000,0,1,0,2,2,1,0,3,0.0,1.0,0.0,0.0,0.4,0.6
"((Pt_SiblingT1D > 0.000) U[0,1] (Pt_SHFlg = 0.440))
",0.000,-9999999.000,-9999999.000,0.000,1.000,1,0,1,1,2,1,2,1,0.5,0.0,1.0,0.5,0.4,0.6
"((Pt_MotherT1D <= 0.000) U[0,1] (Pt_SHFlg = 0.862))
",0.000,-9999999.000,-9999999.000,0.000,1.000,1,0,1,1,2,1,2,1,0.5,0.0,1.0,0.5,0.4,0.6
"F[0,2](BUN <= 32.537 | Triglyc <= 159.941)
",0.000,-9999999.000,-9999999.000,0.000,1.000,0,1,0,2,2,1,0,3,0.0,1.0,0.0,0.0,0.4,0.6
"((HbA1cImputeDtMnC <= 55.129) U[1,2] (LDL <= 155.694))
",0.000,-9999999.000,-9999999.000,0.000,1.000,0,1,0,2,2,1,0,3,0.0,1.0,0.0,0.0,0.4,0.6
"F[1,1](Pt_CGMUseNumDays <= 0.000 & Pt_SHFlg = 0.949)
",0.000,-0.949,-0.949,0.000,1.000,1,0,1,1,2,1,2,1,0.5,0.0,1.0,0.5,0.4,0.6
"((SMBGperDayPtMeterCombo <= 6.485) U[1,1] (Pt_SHFlg = 0.652))
",0.000,6.485,6.485,0.000,1.000,1,0,1,1,2,1,2,1,0.5,0.0,1.0,0.5,0.4,0.6
"F[0,1](age >= 36.415 | LDL >= 13.044)
",0.000,-9999999.000,-9999999.000,0.000,1.000,0,1,0,2,2,1,0,3,0.0,1.0,0.0,0.0,0.4,0.6
"F[0,0](age >= 37.424 | TotChol >= 153.166)
",0.000,-37.424,-37.424,0.000,1.000,0,1,0,2,2,1,0,3,0.0,1.0,0.0,0.0,0.4,0.6
"F[1,1](TotalDailyInsPerKg <= 1.033 & Pt_SHFlg = 0.872)
",0.000,-0.872,-0.872,0.000,1.000,1,0,1,1,2,1,2,1,0.5,0.0,1.0,0.5,0.4,0.6
"F[0,1](age >= 36.103 | Pt_GrandparentT1D >= 0.170)
",0.000,-9999999.000,-9999999.000,0.000,1.000,0,1,0,2,2,1,0,3,0.0,1.0,0.0,0.0,0.4,0.6
"((BGTestAvgNumMeter <= 7.889) U[0,2] (NumPumpBolusOrShortAct <= 1.007))
",0.000,-9999999.000,-9999999.000,0.000,1.000,0,1,0,2,2,1,0,3,0.0,1.0,0.0,0.0,0.4,0.6
"F[1,2](diabDur >= 17.645 | TSH <= 1.577)
",0.000,-9999999.000,-9999999.000,0.000,1.000,0,1,0,2,2,1,0,3,0.0,1.0,0.0,0.0,0.4,0.6
"F[0,2]((NumPumpBolusOrShortAct <= 2.757 & SMBGperDayPtMeterCombo >= 3.718) -> bmiZscore <= 5.005)
",0.000,-9999999.000,-9999999.000,0.000,1.000,0,1,0,2,2,1,0,3,0.0,1.0,0.0,0.0,0.4,0.6
"((diabDur <= 21.657) U[1,1] (TotChol <= 251.036))
",0.000,251.036,251.036,0.000,1.000,0,1,0,2,2,1,0,3,0.0,1.0,0.0,0.0,0.4,0.6
"F[0,1](((BldPrSys >= 93.945 -> GFR <= 65.298) | Pt_MotherT1D <= 48.304) & BGTestAvgNumPtRep >= 6.802)
",0.000,-9999999.000,-9999999.000,0.000,1.000,1,0,1,1,2,1,2,1,0.5,0.0,1.0,0.5,0.4,0.6
"F[1,1]((bmi <= 26.868 & BUN <= 28.437) | Pt_GrandchildT1D <= 29.107)
",0.000,29.107,29.107,0.000,1.000,0,1,0,2,2,1,0,3,0.0,1.0,0.0,0.0,0.4,0.6
"F[0,0]((BldPrSys >= 96.878 | HbA1cImputeDtMnC >= 39.566) -> diagAgeCombo <= 47.190)
",12.000,19.810,7.810,0.000,1.000,0,1,0,2,2,1,0,3,0.0,1.0,0.0,0.0,0.4,0.6
"F[0,1]((HDL >= 19.655 | SMBGperDayPtMeterCombo <= 5.691) | SMBGperDayPtMeterCombo >= 3.940)
",0.000,-9999999.000,-9999999.000,0.000,1.000,0,1,0,2,2,1,0,3,0.0,1.0,0.0,0.0,0.4,0.6
"F[1,1](HbA1c >= 5.855 -> Pt_A1cGoalLevelDsYr5 = 0.000)
",0.000,0.000,0.000,0.000,1.000,0,1,0,2,2,1,0,3,0.0,1.0,0.0,0.0,0.4,0.6
"F[0,1](((BGTestAvgNumPtRep <= 3.898 & bmi <= 26.855) | BldPrSys <= 26.732) -> bmiPerc <= 27.325)
",0.000,-9999999.000,-9999999.000,0.000,1.000,0,1,0,2,2,1,0,3,0.0,1.0,0.0,0.0,0.4,0.6
"((BGTestAvgNumMeter >= 0.575) U[0,1] (BGTestAvgNumPtRep <= 2.181))
",0.000,-9999999.000,-9999999.000,0.000,1.000,0,1,0,2,2,1,0,3,0.0,1.0,0.0,0.0,0.4,0.6
"F[1,2](HbA1c >= 5.757 -> Pt_A1cGoalLevelDsYr5 = 0.000)
",0.000,-9999999.000,-9999999.000,0.000,1.000,0,1,0,2,2,1,0,3,0.0,1.0,0.0,0.0,0.4,0.6
"F[0,1](HbA1c >= 6.911 -> Pt_A1cGoalLevelDsYr5 = 0.000)
",0.000,-9999999.000,-9999999.000,0.000,1.000,0,1,0,2,2,1,0,3,0.0,1.0,0.0,0.0,0.4,0.6
"F[0,2]((HbA1c <= 7.224 | Pt_SHFlg <= 0.571) -> Pt_ChildT1D <= 0.646)
",0.000,-9999999.000,-9999999.000,0.000,1.000,0,1,0,2,2,1,0,3,0.0,1.0,0.0,0.0,0.4,0.6
"F[1,2](((BGTestAvgNumPtRep <= 4.713 & LDL >= 75.418) & SMBGperDayPtMeterCombo <= 159.900) -> bmi <= 177.278)
",0.000,-9999999.000,-9999999.000,0.000,1.000,0,1,0,2,2,1,0,3,0.0,1.0,0.0,0.0,0.4,0.6
"F[1,2](((bmi <= 25.728 & SMBGperDayPtMeterCombo >= 4.081) -> GFR <= 5.060) -> HbA1c >= 4.708)
",0.000,-9999999.000,-9999999.000,0.000,1.000,0,1,0,2,2,1,0,3,0.0,1.0,0.0,0.0,0.4,0.6
"F[0,0]((BGTestAvgNumPtRep >= 0.405 & HeightCm >= 152.740) | GFR <= 152.952)
",-0.346,153.016,153.362,0.000,1.000,0,1,0,2,2,1,0,3,0.0,1.0,0.0,0.0,0.4,0.6
"F[1,2](HbA1c >= 6.397 -> Pt_A1cGoalLevelDsYr5 = 0.000)
",0.000,-9999999.000,-9999999.000,0.000,1.000,0,1,0,2,2,1,0,3,0.0,1.0,0.0,0.0,0.4,0.6
"((BGTestAvgNumMeter >= 2.046) U[1,1] (BGTestAvgNumPtRep <= 4.674))
",0.000,4.674,4.674,0.000,1.000,1,0,1,1,2,1,2,1,0.5,0.0,1.0,0.5,0.4,0.6
"F[0,2](((Pt_SHFlg <= 0.641 | WeightKg <= 59.769) -> Pt_FatherT1D >= 57.100) | DirectLDL >= 59.497)
",0.000,-9999999.000,-9999999.000,0.000,1.000,0,1,0,2,2,1,0,3,0.0,1.0,0.0,0.0,0.4,0.6
"((BGTestAvgNumMeter >= 2.500) U[0,2] (BGTestAvgNumPtRep <= 4.181))
",0.000,-9999999.000,-9999999.000,0.000,1.000,0,1,0,2,2,1,0,3,0.0,1.0,0.0,0.0,0.4,0.6
"F[0,2](BGTestAvgNumPtRep <= 5.265 -> HbA1c <= 7.305)
",0.000,-9999999.000,-9999999.000,0.000,1.000,0,1,0,2,2,1,0,3,0.0,1.0,0.0,0.0,0.4,0.6
"((SMBGperDayPtMeterCombo >= 4.049) U[0,2] (WeightKg >= 58.982))
",0.000,-9999999.000,-9999999.000,0.000,1.000,0,1,0,2,2,1,0,3,0.0,1.0,0.0,0.0,0.4,0.6
"F[1,2](((diabDur >= 17.460 & UnitsInsBasalOrLongAct >= 7.503) & bmiPerc <= 50.880) | LDL >= 21.599)
",0.000,-9999999.000,-9999999.000,0.000,1.000,0,1,0,2,2,1,0,3,0.0,1.0,0.0,0.0,0.4,0.6
"F[0,1](((BGTestAvgNumPtRep <= 5.899 -> GFR >= 27.317) | LDL >= 12.650) | age <= 63.415)
",0.000,-9999999.000,-9999999.000,0.000,1.000,0,1,0,2,2,1,0,3,0.0,1.0,0.0,0.0,0.4,0.6
"F[1,2](BGTestAvgNumMeter <= 3.744 -> diabDur >= 19.426)
",0.000,-9999999.000,-9999999.000,0.000,1.000,0,1,0,2,2,1,0,3,0.0,1.0,0.0,0.0,0.4,0.6
"F[1,1](((BUN <= 27.469 -> diabDur >= 19.676) -> BUN >= 18.472) & NumPumpBolusOrShortAct >= 17.652)
",0.000,-17.652,-17.652,0.000,1.000,1,0,1,1,2,1,2,1,0.5,0.0,1.0,0.5,0.4,0.6
"F[0,1]((AlbCreatRat_mggNew <= 2485.584 -> HDL <= 47.961) & TotalDailyInsPerKg >= 34.231)
",0.000,-9999999.000,-9999999.000,0.000,1.000,1,0,1,1,2,1,2,1,0.5,0.0,1.0,0.5,0.4,0.6
"F[0,1](BGTestAvgNumPtRep >= 1.006 | Pt_GrandparentT1D <= 0.405)
",0.000,-9999999.000,-9999999.000,0.000,1.000,0,1,0,2,2,1,0,3,0.0,1.0,0.0,0.0,0.4,0.6
"((BGTestAvgNumMeter >= 2.408) U[0,0] (BGTestAvgNumPtRep <= 5.259))
",34.000,81.592,47.592,0.000,1.000,0,1,0,2,2,1,0,3,0.0,1.0,0.0,0.0,0.4,0.6
"F[0,1](((BldPrDia <= 70.878 & HbA1cImputeDtMnC >= 15.385) -> BldPrSys >= 36.871) | TotChol >= 14.632)
",0.000,-9999999.000,-9999999.000,0.000,1.000,0,1,0,2,2,1,0,3,0.0,1.0,0.0,0.0,0.4,0.6
"F[0,1]((bmiZscore <= -0.203 -> HbA1cImputeDtMnC <= 71.441) | diagAgeCombo <= 71.160)
",0.000,-9999999.000,-9999999.000,0.000,1.000,0,1,0,2,2,1,0,3,0.0,1.0,0.0,0.0,0.4,0.6
"F[0,1](HbA1c >= 6.321 -> Pt_A1cGoalLevelDsYr5 = 0.000)
",0.000,-9999999.000,-9999999.000,0.000,1.000,0,1,0,2,2,1,0,3,0.0,1.0,0.0,0.0,0.4,0.6
"F[0,1](HbA1c >= 6.716 -> Pt_A1cGoalLevelDsYr5 = 0.000)
",0.000,-9999999.000,-9999999.000,0.000,1.000,0,1,0,2,2,1,0,3,0.0,1.0,0.0,0.0,0.4,0.6
"((BGTestAvgNumMeter >= 0.477) U[0,2] (BGTestAvgNumPtRep <= 4.462))
",0.000,-9999999.000,-9999999.000,0.000,1.000,0,1,0,2,2,1,0,3,0.0,1.0,0.0,0.0,0.4,0.6
"F[0,2](((HbA1c >= 6.664 & HDL >= 40.773) -> Pt_MotherT1D <= 50.674) & DirectLDL <= 49.236)
",0.000,-9999999.000,-9999999.000,0.000,1.000,0,1,0,2,2,1,0,3,0.0,1.0,0.0,0.0,0.4,0.6
"((BGTestAvgNumMeter >= 2.528) U[1,1] (BGTestAvgNumPtRep <= 2.085))
",0.000,2.085,2.085,0.000,1.000,1,0,1,1,2,1,2,1,0.5,0.0,1.0,0.5,0.4,0.6
"((BGTestAvgNumPtRep <= 2.184) U[0,2] (WeightKg >= 57.704))
",0.000,-9999999.000,-9999999.000,0.000,1.000,0,1,0,2,2,1,0,3,0.0,1.0,0.0,0.0,0.4,0.6
"((BGTestAvgNumMeter >= 2.969) U[0,0] (BGTestAvgNumPtRep <= 4.129))
",34.000,81.031,47.031,0.000,1.000,0,1,0,2,2,1,0,3,0.0,1.0,0.0,0.0,0.4,0.6
"F[1,2](HbA1c >= 6.451 -> Pt_A1cGoalLevelDsYr5 = 0.000)
",0.000,-9999999.000,-9999999.000,0.000,1.000,0,1,0,2,2,1,0,3,0.0,1.0,0.0,0.0,0.4,0.6
"F[1,2](((age >= 38.728 | BldPrDia <= 72.376) -> BGTestAvgNumPtRep >= 47.718) | WeightKg <= 75.580)
",0.000,-9999999.000,-9999999.000,0.000,1.000,0,1,0,2,2,1,0,3,0.0,1.0,0.0,0.0,0.4,0.6
"((BldPrDia <= 70.284) U[1,2] (bmiZscore <= -0.130))
",0.000,-9999999.000,-9999999.000,0.000,1.000,1,0,0,2,3,0,1,2,0.3333333333333333,0.0,0.0,1.0,0.4,0.6
"F[1,2]((BGTestAvgNumMeter <= 3.538 | TotalDailyInsPerKg >= 0.475) -> Pt_SiblingT1D >= 0.128)
",0.000,-9999999.000,-9999999.000,0.000,1.000,0,1,0,2,2,1,0,3,0.0,1.0,0.0,0.0,0.4,0.6
"F[0,2]((diabDur <= 20.774 & WeightKg >= 57.979) | LDL <= 62.468)
",0.000,-9999999.000,-9999999.000,0.000,1.000,0,1,0,2,2,1,0,3,0.0,1.0,0.0,0.0,0.4,0.6
"F[1,2]((BGTestAvgNumMeter >= 0.132 | HeightCm <= 152.997) | AutonomicNeuroCl >= 152.824)
",0.000,-9999999.000,-9999999.000,0.000,1.000,0,1,0,2,2,1,0,3,0.0,1.0,0.0,0.0,0.4,0.6
"F[0,2](BUN >= 23.988 & HbA1cImputeDtMnC <= 59.913)
",0.000,-9999999.000,-9999999.000,0.000,1.000,0,1,0,2,2,1,0,3,0.0,1.0,0.0,0.0,0.4,0.6
"F[2,2](((GFR >= 32.332 -> HeightCm >= 152.735) & Pt_SiblingT1D >= 152.829) & HeightCm <= 152.982)
",0.000,-152.829,-152.829,0.000,1.000,0,0,0,3,3,0,0,3,0.0,0.0,0.0,0.0,0.0,1.0
"F[2,2](AlbCreatRat_mggNew >= 599.839 | BGTestAvgNumMeter <= 5.076)
",0.000,5.076,5.076,0.000,1.000,0,0,0,3,3,0,0,3,0.0,0.0,0.0,0.0,0.0,1.0
"F[2,2](Pt_ChildT1D >= 0.000 -> Pt_SHFlg = 0.153)
",0.000,0.000,0.000,0.000,1.000,0,0,0,3,3,0,0,3,0.0,0.0,0.0,0.0,0.0,1.0
"((Pt_FatherT1D <= 0.000) U[2,2] (age <= 40.402))
",0.000,40.402,40.402,0.000,1.000,0,0,0,3,3,0,0,3,0.0,0.0,0.0,0.0,0.0,1.0
"F[2,2](((age >= 36.751 | Pt_SHFlg <= 0.502) -> Pt_DKAFlg <= 0.884) -> SMBGperDayPtMeterCombo >= 0.041)
",0.000,0.041,0.041,0.000,1.000,0,0,0,3,3,0,0,3,0.0,0.0,0.0,0.0,0.0,1.0
"F[1,2](BldPrSys < 98.698 -> Pt_SHFlg = 0.727)
",0.000,-9999999.000,-9999999.000,0.000,1.000,0,0,0,3,3,0,0,3,0.0,0.0,0.0,0.0,0.0,1.0
"F[1,2]((Pt_DKAFlg >= 0.000 -> diagAgeCombo <= 19.000) & BGTestAvgNumMeter >= 19.000)
",0.000,-9999999.000,-9999999.000,0.000,1.000,0,0,0,3,3,0,0,3,0.0,0.0,0.0,0.0,0.0,1.0
"F[0,2](BUN <= 28.707 & Pt_SHFlg = 0.147)
",0.000,-9999999.000,-9999999.000,0.000,1.000,0,0,0,3,3,0,0,3,0.0,0.0,0.0,0.0,0.0,1.0
"F[1,2]((bmiZscore <= -0.175 | Pt_InsGov >= 0.049) & GFR >= 0.245)
",0.000,-9999999.000,-9999999.000,0.000,1.000,0,0,0,3,3,0,0,3,0.0,0.0,0.0,0.0,0.0,1.0
"((Pt_SHFlg >= 0.162) U[2,2] (Pt_SHFlg = 0.747))
",0.000,-0.162,-0.162,0.000,1.000,0,0,0,3,3,0,0,3,0.0,0.0,0.0,0.0,0.0,1.0
"((TSH <= 2.145) U[0,0] (bmiZscore <= -0.246))
",2.391,2.145,-0.246,0.000,1.000,0,0,1,2,2,1,1,2,0.0,0.0,1.0,0.0,0.0,1.0
"((bmiZscore >= -0.333) U[1,2] (Pt_SHFlg = 0.380))
",0.000,-9999999.000,-9999999.000,0.000,1.000,0,0,0,3,3,0,0,3,0.0,0.0,0.0,0.0,0.0,1.0
"F[0,2](HeightCm > 152.680 & Pt_SHFlg = 0.822)
",0.000,-9999999.000,-9999999.000,0.000,1.000,0,0,0,3,3,0,0,3,0.0,0.0,0.0,0.0,0.0,1.0
"((AlbCreatRat_mggNew <= 2359.821) U[1,2] (Pt_SHFlg = 0.574))
",0.000,-9999999.000,-9999999.000,0.000,1.000,0,0,0,3,3,0,0,3,0.0,0.0,0.0,0.0,0.0,1.0
"F[1,2](UnitsInsBasalOrLongAct >= 5.351 & Pt_SHFlg = 0.610)
",0.000,-9999999.000,-9999999.000,0.000,1.000,0,0,0,3,3,0,0,3,0.0,0.0,0.0,0.0,0.0,1.0
"F[0,2](((bmi <= 25.829 & age >= 37.803) & UnitsInsBasalOrLongAct >= 35.383) & BldPrDia <= 39.685)
",0.000,-9999999.000,-9999999.000,0.000,1.000,0,0,0,3,3,0,0,3,0.0,0.0,0.0,0.0,0.0,1.0
"F[1,1]((AlbCreatRat_mggNew >= 590.996 | HbA1cImputeDtMnC <= 45.719) -> Pt_ChildT1D >= 39.109)
",0.000,-45.719,-45.719,0.000,1.000,0,0,1,2,2,1,1,2,0.0,0.0,1.0,0.0,0.0,1.0
"F[1,2](TotChol >= 36.975 & Pt_SHFlg = 0.574)
",0.000,-9999999.000,-9999999.000,0.000,1.000,0,0,0,3,3,0,0,3,0.0,0.0,0.0,0.0,0.0,1.0
"F[2,2](HbA1c >= 5.779 -> Pt_A1cGoalLevelDsYr5 = 0.000)
",0.000,0.000,0.000,0.000,1.000,0,0,0,3,3,0,0,3,0.0,0.0,0.0,0.0,0.0,1.0
"F[0,2](HbA1c <= 7.401 -> Pt_SHFlg = 0.935)
",0.000,-9999999.000,-9999999.000,0.000,1.000,0,0,0,3,3,0,0,3,0.0,0.0,0.0,0.0,0.0,1.0
"F[2,2](NumPumpBolusOrShortAct <= 2.269 -> HDL <= 49.174)
",0.000,-49.174,-49.174,0.000,1.000,0,0,0,3,3,0,0,3,0.0,0.0,0.0,0.0,0.0,1.0
"F[2,2](HDL < 54.884 & Pt_SHFlg = 0.622)
",0.000,-0.622,-0.622,0.000,1.000,0,0,0,3,3,0,0,3,0.0,0.0,0.0,0.0,0.0,1.0
"F[1,2](WeightKg > 56.361 -> Pt_SHFlg = 0.141)
",0.000,-9999999.000,-9999999.000,0.000,1.000,0,0,0,3,3,0,0,3,0.0,0.0,0.0,0.0,0.0,1.0
"((AutonomicNeuroCl <= 1.000) U[1,1] (BGTestAvgNumPtRep >= 0.550))
",0.000,1.000,1.000,0.000,1.000,0,0,1,2,2,1,1,2,0.0,0.0,1.0,0.0,0.0,1.0
"((BGTestAvgNumMeter >= 2.770) U[1,2] (BGTestAvgNumPtRep <= 4.389))
",0.000,-9999999.000,-9999999.000,0.000,1.000,0,0,1,2,2,1,1,2,0.0,0.0,1.0,0.0,0.0,1.0
"F[2,2](((HbA1cImputeDtMnC <= 56.697 | WeightKg >= 58.062) & Pt_InsGov >= 56.470) | BldPrDia >= 59.504)
",0.000,-56.470,-56.470,0.000,1.000,0,0,0,3,3,0,0,3,0.0,0.0,0.0,0.0,0.0,1.0
"F[1,2](age < 39.474 -> Pt_SHFlg = 0.522)
",0.000,-9999999.000,-9999999.000,0.000,1.000,0,0,0,3,3,0,0,3,0.0,0.0,0.0,0.0,0.0,1.0
"F[0,0](HeightCm >= 152.714 & Pt_GrandparentT1D <= 0.803)
",7.800,-88.714,-96.514,0.000,1.000,0,0,1,2,2,1,1,2,0.0,0.0,1.0,0.0,0.0,1.0
"F[1,2](UnitsInsBasalOrLongAct <= 49.752 & TSH <= 1.664)
",0.000,-9999999.000,-9999999.000,0.000,1.000,0,0,0,3,3,0,0,3,0.0,0.0,0.0,0.0,0.0,1.0
"((BGTestAvgNumMeter >= 1.263) U[2,2] (BGTestAvgNumPtRep <= 5.895))
",0.000,5.895,5.895,0.000,1.000,0,0,0,3,3,0,0,3,0.0,0.0,0.0,0.0,0.0,1.0
"F[1,2]((Pt_FatherT1D >= 0.000 | LDL <= 179.230) -> Pt_A1cGoalLev >= 96.297)
",0.000,-9999999.000,-9999999.000,0.000,1.000,0,0,0,3,3,0,0,3,0.0,0.0,0.0,0.0,0.0,1.0
"F[2,2](HbA1c >= 6.511 -> Pt_A1cGoalLevelDsYr5 = 0.000)
",0.000,0.000,0.000,0.000,1.000,0,0,0,3,3,0,0,3,0.0,0.0,0.0,0.0,0.0,1.0
"((bmi <= 27.320) U[2,2] (diabDur <= 20.842))
",0.000,27.320,27.320,0.000,1.000,0,0,0,3,3,0,0,3,0.0,0.0,0.0,0.0,0.0,1.0
"((DirectLDL < 0.000) U[1,2] (Pt_SHFlg = 0.390))
",0.000,-9999999.000,-9999999.000,0.000,1.000,0,0,0,3,3,0,0,3,0.0,0.0,0.0,0.0,0.0,1.0
"((diabDur >= 16.277) U[1,2] (GFR <= 58.345))
",0.000,-9999999.000,-9999999.000,0.000,1.000,0,0,0,3,3,0,0,3,0.0,0.0,0.0,0.0,0.0,1.0
"((AutonomicNeuroCl > 1.000) U[0,2] (Pt_SHFlg = 0.161))
",0.000,-9999999.000,-9999999.000,0.000,1.000,0,0,0,3,3,0,0,3,0.0,0.0,0.0,0.0,0.0,1.0
"((Pt_DKAFlg > 0.000) U[1,2] (Pt_SHFlg = 0.552))
",0.000,-9999999.000,-9999999.000,0.000,1.000,0,0,0,3,3,0,0,3,0.0,0.0,0.0,0.0,0.0,1.0
"F[0,2](((BldPrDia >= 61.382 & GFR >= 28.290) & Pt_ChildT1D >= 17.786) | NumPumpBolusOrShortAct >= 35.766)
",0.000,-9999999.000,-9999999.000,0.000,1.000,0,0,0,3,3,0,0,3,0.0,0.0,0.0,0.0,0.0,1.0
"F[2,2](((bmiZscore <= -0.165 & diabDur >= 19.566) | LDL <= 21.673) -> BldPrSys >= 18.898)
",0.000,-21.673,-21.673,0.000,1.000,0,0,0,3,3,0,0,3,0.0,0.0,0.0,0.0,0.0,1.0
"F[2,2](((BGTestAvgNumMeter >= 2.497 -> WeightKg <= 63.418) | HbA1cImputeDtMnC >= 57.183) -> NumPumpBolusOrShortAct <= 62.481)
",0.000,-62.481,-62.481,0.000,1.000,0,0,0,3,3,0,0,3,0.0,0.0,0.0,0.0,0.0,1.0
"((HbA1cImputeDtMnC >= 4.602) U[0,1] (NumPumpBolusOrShortAct >= 0.545))
",0.000,-9999999.000,-9999999.000,0.000,1.000,0,0,1,2,2,1,1,2,0.0,0.0,1.0,0.0,0.0,1.0
"((HbA1cImputeDtMnC >= 38.685) U[1,1] (SMBGperDayPtMeterCombo <= 7.030))
",0.000,7.030,7.030,0.000,1.000,0,0,1,2,2,1,1,2,0.0,0.0,1.0,0.0,0.0,1.0
"F[1,2](((LDL <= 162.063 | TSH <= 2.333) -> BGTestAvgNumPtRep >= 1.193) & diagAgeCombo <= 1.677)
",0.000,-9999999.000,-9999999.000,0.000,1.000,0,0,0,3,3,0,0,3,0.0,0.0,0.0,0.0,0.0,1.0
"F[0,2](((HbA1cImputeDtMnC >= 2.046 -> WeightKg >= 59.455) -> Pt_GrandchildT1D >= 58.604) & Pt_GrandparentT1D >= 56.409)
",0.000,-9999999.000,-9999999.000,0.000,1.000,0,0,0,3,3,0,0,3,0.0,0.0,0.0,0.0,0.0,1.0
"F[1,2](((AlbCreatRat_mggNew <= 1329.851 & BGTestAvgNumMeter <= 6.609) | BUN >= 1.901) & HDL <= 5.722)
",0.000,-9999999.000,-9999999.000,0.000,1.000,0,0,0,3,3,0,0,3,0.0,0.0,0.0,0.0,0.0,1.0
"F[2,2](age >= 36.269 & BUN <= 33.779)
",0.000,-36.269,-36.269,0.000,1.000,0,0,0,3,3,0,0,3,0.0,0.0,0.0,0.0,0.0,1.0
"((BldPrSys <= 104.604) U[2,2] (LDL <= 149.534))
",0.000,149.534,149.534,0.000,1.000,0,0,0,3,3,0,0,3,0.0,0.0,0.0,0.0,0.0,1.0
"F[2,2](((bmi <= 27.123 | Pt_GrandparentT1D >= 0.090) -> bmiZscore >= 0.075) | Pt_MotherT1D <= 0.202)
",0.000,0.202,0.202,0.000,1.000,0,0,0,3,3,0,0,3,0.0,0.0,0.0,0.0,0.0,1.0
"F[2,2](((NumPumpBolusOrShortAct >= 0.291 & WeightKg >= 56.292) | AutonomicNeuroCl <= 61.494) & Pt_ChildT1D <= 60.116)
",0.000,60.116,60.116,0.000,1.000,0,0,0,3,3,0,0,3,0.0,0.0,0.0,0.0,0.0,1.0
"F[2,2](((LDL <= 111.418 & TotalDailyInsPerKg >= 0.577) | age >= 0.305) -> Pt_MotherT1D >= 0.351)
",0.000,0.305,0.305,0.000,1.000,0,0,0,3,3,0,0,3,0.0,0.0,0.0,0.0,0.0,1.0
"F[0,2](((BGTestAvgNumPtRep >= 0.698 -> bmiZscore >= -0.301) | BUN <= -0.159) -> HeightCm <= -0.092)
",0.000,-9999999.000,-9999999.000,0.000,1.000,0,0,0,3,3,0,0,3,0.0,0.0,0.0,0.0,0.0,1.0
"F[2,2]((bmiZscore >= -0.300 & SMBGperDayPtMeterCombo <= 6.547) & age <= 5.367)
",0.000,0.300,0.300,0.000,1.000,0,0,0,3,3,0,0,3,0.0,0.0,0.0,0.0,0.0,1.0
"F[2,2](((BUN >= 15.507 & LDL >= 12.775) & HbA1c >= 38.371) & BldPrDia <= 169.405)
",0.000,-38.371,-38.371,0.000,1.000,0,0,0,3,3,0,0,3,0.0,0.0,0.0,0.0,0.0,1.0
"((TSH <= 2.310) U[0,0] (WeightKg <= 60.054))
",2.000,56.054,54.054,0.000,1.000,0,0,1,2,2,1,1,2,0.0,0.0,1.0,0.0,0.0,1.0
"F[2,2]((SMBGperDayPtMeterCombo <= 5.391 | TotChol <= 260.635) -> diabDur <= 230.992)
",0.000,-260.635,-260.635,0.000,1.000,0,0,0,3,3,0,0,3,0.0,0.0,0.0,0.0,0.0,1.0
"F[2,2](GFR <= 62.137 | SMBGperDayPtMeterCombo <= 6.311)
",0.000,62.137,62.137,0.000,1.000,0,0,0,3,3,0,0,3,0.0,0.0,0.0,0.0,0.0,1.0
"((BldPrDia <= 78.465) U[2,2] (UnitsInsBasalOrLongAct <= 62.083))
",0.000,78.465,78.465,0.000,1.000,0,0,0,3,3,0,0,3,0.0,0.0,0.0,0.0,0.0,1.0
"F[0,1]((AlbCreatRat_mggNew <= 1861.243 & TotalDailyInsPerKg >= 0.465) & WeightKg >= 0.062)
",0.000,-9999999.000,-9999999.000,0.000,1.000,0,0,1,2,2,1,1,2,0.0,0.0,1.0,0.0,0.0,1.0
"((BGTestAvgNumMeter >= 0.785) U[0,1] (HbA1cImputeDtMnC >= 36.288))
",0.000,-9999999.000,-9999999.000,0.000,1.000,0,0,1,2,2,1,1,2,0.0,0.0,1.0,0.0,0.0,1.0
"((Triglyc <= 203.882) U[0,0] (TSH >= 1.432))
",-32.314,-1.432,30.882,0.000,1.000,0,0,1,2,2,1,1,2,0.0,0.0,1.0,0.0,0.0,1.0
"F[0,2](((bmi <= 26.839 -> Pt_InsGov >= 0.374) | Pt_FatherT1D <= 0.961) & Triglyc <= 0.634)
",0.000,-9999999.000,-9999999.000,0.000,1.000,0,0,0,3,3,0,0,3,0.0,0.0,0.0,0.0,0.0,1.0
"F[1,2](HDL >= 33.034 -> NumPumpBolusOrShortAct >= 0.459)
",0.000,-9999999.000,-9999999.000,0.000,1.000,0,0,0,3,3,0,0,3,0.0,0.0,0.0,0.0,0.0,1.0
"((BUN <= 33.404) U[0,1] (NumPumpBolusOrShortAct >= 0.357))
",0.000,-9999999.000,-9999999.000,0.000,1.000,0,0,1,2,2,1,1,2,0.0,0.0,1.0,0.0,0.0,1.0
"F[1,1](bmi <= 26.318 & HDL >= 0.978)
",0.000,-0.978,-0.978,0.000,1.000,0,0,1,2,2,1,1,2,0.0,0.0,1.0,0.0,0.0,1.0
"F[2,2](((HDL <= 57.552 -> WeightKg <= 62.897) -> UnitsInsBasalOrLongAct <= 62.965) -> DirectLDL >= 59.247)
",0.000,59.247,59.247,0.000,1.000,0,0,0,3,3,0,0,3,0.0,0.0,0.0,0.0,0.0,1.0
"F[1,2]((TotChol <= 252.737 & Triglyc <= 155.613) | Pt_GrandparentT1D >= 42.400)
",0.000,-9999999.000,-9999999.000,0.000,1.000,0,0,0,3,3,0,0,3,0.0,0.0,0.0,0.0,0.0,1.0
"F[1,2](((AlbCreatRat_mggNew <= 1582.826 & Pt_GrandparentT1D <= 0.724) & BldPrSys >= 0.194) -> NumPumpBolusOrShortAct >= 0.059)
",0.000,-9999999.000,-9999999.000,0.000,1.000,0,0,0,3,3,0,0,3,0.0,0.0,0.0,0.0,0.0,1.0
"F[1,2]((BGTestAvgNumPtRep >= 1.076 & Pt_InsGov <= 0.770) | HDL <= 0.973)
",0.000,-9999999.000,-9999999.000,0.000,1.000,0,0,0,3,3,0,0,3,0.0,0.0,0.0,0.0,0.0,1.0
"F[2,2](TotalDailyInsPerKg >= 0.618 -> BGTestAvgNumPtRep <= 4.071)
",0.000,-4.071,-4.071,0.000,1.000,0,0,0,3,3,0,0,3,0.0,0.0,0.0,0.0,0.0,1.0
"F[0,1]((BldPrDia <= 80.485 & BldPrSys <= 113.666) & Triglyc <= 103.777)
",0.000,-9999999.000,-9999999.000,0.000,1.000,0,0,1,2,2,1,1,2,0.0,0.0,1.0,0.0,0.0,1.0
"F[2,2]((diabDur <= 21.894 -> HeightCm <= 152.962) & TotalDailyInsPerKg >= 152.883)
",0.000,-152.962,-152.962,0.000,1.000,0,0,0,3,3,0,0,3,0.0,0.0,0.0,0.0,0.0,1.0
"F[2,2](WeightKg >= 58.361 -> HDL <= 47.115)
",0.000,-47.115,-47.115,0.000,1.000,0,0,0,3,3,0,0,3,0.0,0.0,0.0,0.0,0.0,1.0
"F[1,2](((Pt_A1cGoalLev >= 0.000 | AlbCreatRat_mggNew >= 107.762) | DirectLDL >= 229.768) -> Pt_InsGov >= 236.392)
",0.000,-9999999.000,-9999999.000,0.000,1.000,0,0,0,3,3,0,0,3,0.0,0.0,0.0,0.0,0.0,1.0
"((Pt_CGMUseNumDays >= 0.000) U[1,2] (WeightKg <= 63.738))
",0.000,-9999999.000,-9999999.000,0.000,1.000,0,0,0,3,3,0,0,3,0.0,0.0,0.0,0.0,0.0,1.0
"F[1,2](((AlbCreatRat_mggNew >= 177.429 | HbA1cImputeDtMnC <= 75.236) & WeightKg >= 41.947) -> Pt_SHFlg >= 39.806)
",0.000,-9999999.000,-9999999.000,0.000,1.000,0,0,0,3,3,0,0,3,0.0,0.0,0.0,0.0,0.0,1.0
"F[2,2](((DirectLDL >= 0.000 & Pt_A1cGoalLev >= 0.000) -> AutonomicNeuroCl <= 0.000) & Pt_ChildT1D <= 0.000)
",0.000,0.000,0.000,0.000,1.000,0,0,0,3,3,0,0,3,0.0,0.0,0.0,0.0,0.0,1.0
"F[1,1]((age <= 39.845 & AlbCreatRat_mggNew <= 2689.571) -> Pt_MotherT1D >= 354.771)
",0.000,-39.845,-39.845,0.000,1.000,0,0,1,2,2,1,1,2,0.0,0.0,1.0,0.0,0.0,1.0
"F[2,2]((age <= 41.602 & HeightCm >= 152.824) -> HbA1cImputeDtMnC <= 152.980)
",0.000,-152.980,-152.980,0.000,1.000,0,0,0,3,3,0,0,3,0.0,0.0,0.0,0.0,0.0,1.0
"((BldPrDia <= 77.427) U[2,2] (BUN <= 31.033))
",0.000,77.427,77.427,0.000,1.000,0,0,0,3,3,0,0,3,0.0,0.0,0.0,0.0,0.0,1.0
"((bmiZscore <= -0.220) U[1,2] (BUN >= 23.067))
",0.000,-9999999.000,-9999999.000,0.000,1.000,0,0,0,3,3,0,0,3,0.0,0.0,0.0,0.0,0.0,1.0
"((GFR >= 13.561) U[1,2] (Pt_CGMUseNumDays <= 0.000))
",0.000,-9999999.000,-9999999.000,0.000,1.000,0,0,1,2,2,1,1,2,0.0,0.0,1.0,0.0,0.0,1.0
"F[0,2](((BldPrSys >= 87.263 | TSH >= 1.346) | GFR >= 1.116) -> TotChol <= 1.902)
",0.000,-9999999.000,-9999999.000,0.000,1.000,0,0,0,3,3,0,0,3,0.0,0.0,0.0,0.0,0.0,1.0
"F[2,2]((Pt_MotherT1D <= 0.000 | bmiZscore <= -0.237) | diagAgeCombo <= -0.145)
",0.000,0.000,0.000,0.000,1.000,0,0,0,3,3,0,0,3,0.0,0.0,0.0,0.0,0.0,1.0
"F[0,2]((bmiZscore >= -0.284 & Triglyc <= 132.456) & SMBGperDayPtMeterCombo <= 213.226)
",0.000,-9999999.000,-9999999.000,0.000,1.000,0,0,0,3,3,0,0,3,0.0,0.0,0.0,0.0,0.0,1.0
"F[0,2](((Triglyc <= 193.864 & WeightKg >= 57.407) & HDL >= 57.725) & Pt_A1cGoalLevelDsYr5 >= 58.697)
",0.000,-9999999.000,-9999999.000,0.000,1.000,0,0,0,3,3,0,0,3,0.0,0.0,0.0,0.0,0.0,1.0
"F[1,2](((bmi <= 26.151 -> Pt_InsGov <= 0.783) & Pt_GrandchildT1D >= 0.104) & BGTestAvgNumMeter <= 0.530)
",0.000,-9999999.000,-9999999.000,0.000,1.000,0,0,0,3,3,0,0,3,0.0,0.0,0.0,0.0,0.0,1.0
"F[2,2]((Pt_CGMUseNumDays <= 0.000 | Pt_CGMUseNumDays >= 0.000) | diagAgeCombo >= 0.000)
",0.000,0.000,0.000,0.000,1.000,0,0,0,3,3,0,0,3,0.0,0.0,0.0,0.0,0.0,1.0
"F[1,2]((BUN >= 17.502 | HbA1c >= 5.980) & NumPumpBolusOrShortAct >= 6.669)
",0.000,-9999999.000,-9999999.000,0.000,1.000,0,0,0,3,3,0,0,3,0.0,0.0,0.0,0.0,0.0,1.0
"F[1,2](AlbCreatRat_mggNew <= 1718.006 -> TotChol <= 205.161)
",0.000,-9999999.000,-9999999.000,0.000,1.000,0,0,0,3,3,0,0,3,0.0,0.0,0.0,0.0,0.0,1.0
"((age <= 41.531) U[1,1] (bmiZscore <= -0.100))
",0.000,41.531,41.531,0.000,1.000,0,0,1,2,2,1,1,2,0.0,0.0,1.0,0.0,0.0,1.0
"F[2,2](AlbCreatRat_mggNew >= 317.954 -> SMBGperDayPtMeterCombo <= 6.126)
",0.000,-6.126,-6.126,0.000,1.000,0,0,0,3,3,0,0,3,0.0,0.0,0.0,0.0,0.0,1.0
