Rule,Discrimination Score,Pos Robustness,Neg Robustness,Percent Class +,Percent Class -,TP,TN,FP,FN,Actual Yes,Actual No,Predicted Yes,Predicted No,TPR/Sens,TNR/Spec,FPR,Precision,Accuracy,MCR
"((Pt_A1cGoalLevelDsYr5 < 0.000) U[0,0] (Pt_SHFlg = -1.195))
",0.000,0.000,0.000,0.000,1.000,1,0,0,0,1,0,1,0,1.0,0,0,1.0,2.0,-1.0
"F[0,0](((Pt_ChildT1D >= 0.000 & BUN >= 82.000) & Triglyc <= 82.000) | TotalDailyInsPerKg >= 82.000)
",0.000,0.000,0.000,0.000,1.000,1,0,0,0,1,0,1,0,1.0,0,0,1.0,2.0,-1.0
"((Pt_SHFlg < -1.195) U[0,0] (Pt_SHFlg = -1.195))
",0.000,0.000,0.000,0.000,1.000,1,0,0,0,1,0,1,0,1.0,0,0,1.0,2.0,-1.0
"F[0,0]((Pt_A1cGoalLevelDsYr5 <= 0.000 & DirectLDL >= 164.800) | Pt_DKAFlg >= 164.800)
",0.000,0.000,0.000,0.000,1.000,1,0,0,0,1,0,1,0,1.0,0,0,1.0,2.0,-1.0
"((age >= 0.000) U[0,0] (Pt_GrandparentT1D <= 0.000))
",0.000,0.000,0.000,0.000,1.000,1,0,0,0,1,0,1,0,1.0,0,0,1.0,2.0,-1.0
"F[0,0]((HeightCm <= 81.800 | Pt_GrandchildT1D >= 0.000) -> diagAgeCombo <= 0.000)
",0.000,0.000,0.000,0.000,1.000,1,0,0,0,1,0,1,0,1.0,0,0,1.0,2.0,-1.0
"((bmiZscore < 0.955) U[0,0] (Pt_SHFlg = -1.195))
",0.000,0.000,0.000,0.000,1.000,1,0,0,0,1,0,1,0,1.0,0,0,1.0,2.0,-1.0
"((Pt_SiblingT1D >= 0.000) U[0,0] (bmiPerc >= 30.119))
",0.000,0.000,0.000,0.000,1.000,1,0,0,0,1,0,1,0,1.0,0,0,1.0,2.0,-1.0
"F[0,0](((Pt_ChildT1D <= 0.000 & HbA1cImputeDtMnC <= 4.000) -> Pt_CGMUseNumDays >= 4.000) | DirectLDL >= 4.000)
",0.000,0.000,0.000,0.000,1.000,1,0,0,0,1,0,1,0,1.0,0,0,1.0,2.0,-1.0
"((GFR < 1.698) U[0,0] (Pt_SHFlg = -1.195))
",0.000,0.000,0.000,0.000,1.000,1,0,0,0,1,0,1,0,1.0,0,0,1.0,2.0,-1.0
"((BGTestAvgNumMeter >= 0.000) U[0,0] (BGTestAvgNumPtRep <= 0.000))
",0.000,0.000,0.000,0.000,1.000,1,0,0,0,1,0,1,0,1.0,0,0,1.0,2.0,-1.0
"((NumPumpBolusOrShortAct <= 0.000) U[0,0] (diabDur >= 17.000))
",0.000,0.000,0.000,0.000,1.000,1,0,0,0,1,0,1,0,1.0,0,0,1.0,2.0,-1.0
"F[0,0](((BldPrDia >= 112.000 -> Pt_GrandchildT1D <= 0.000) -> Pt_SHFlg >= 0.000) & BldPrDia <= 0.000)
",0.000,0.000,0.000,0.000,1.000,1,0,0,0,1,0,1,0,1.0,0,0,1.0,2.0,-1.0
"F[0,0](((Pt_InsGov <= 0.000 -> bmiZscore <= 0.955) | AutonomicNeuroCl >= 0.955) & Pt_InsGov >= 0.955)
",0.000,0.000,0.000,0.000,1.000,1,0,0,0,1,0,1,0,1.0,0,0,1.0,2.0,-1.0
"F[0,0](Pt_MotherT1D >= 0.000 & GFR >= 1.698)
",0.000,0.000,0.000,0.000,1.000,1,0,0,0,1,0,1,0,1.0,0,0,1.0,2.0,-1.0
"((bmiPerc >= 30.119) U[0,0] (Pt_SHFlg = -1.195))
",0.000,0.000,0.000,0.000,1.000,1,0,0,0,1,0,1,0,1.0,0,0,1.0,2.0,-1.0
"F[0,0](((bmi <= 0.000 -> BldPrSys <= 1.000) -> Pt_A1cGoalLevelDsYr5 >= 1.000) & NumPumpBolusOrShortAct <= 1.000)
",0.000,0.000,0.000,0.000,1.000,1,0,0,0,1,0,1,0,1.0,0,0,1.0,2.0,-1.0
"F[0,0](NumPumpBolusOrShortAct <= 0.000 | TotChol <= 40.000)
",0.000,0.000,0.000,0.000,1.000,1,0,0,0,1,0,1,0,1.0,0,0,1.0,2.0,-1.0
"F[0,0](((diagAgeCombo <= 0.000 | TotalDailyInsPerKg <= 13.000) & DirectLDL <= 13.000) -> Pt_SHFlg >= 13.000)
",0.000,0.000,0.000,0.000,1.000,1,0,0,0,1,0,1,0,1.0,0,0,1.0,2.0,-1.0
"F[0,0](HbA1c <= 0.000 & Pt_GrandparentT1D <= 0.000)
",0.000,0.000,0.000,0.000,1.000,1,0,0,0,1,0,1,0,1.0,0,0,1.0,2.0,-1.0
"F[0,0]((age <= 0.000 & SMBGperDayPtMeterCombo <= 66.000) & Pt_FatherT1D <= 66.000)
",0.000,0.000,0.000,0.000,1.000,1,0,0,0,1,0,1,0,1.0,0,0,1.0,2.0,-1.0
"((UnitsInsBasalOrLongAct >= 0.000) U[0,0] (HbA1cImputeDtMnC >= 4.000))
",0.000,0.000,0.000,0.000,1.000,1,0,0,0,1,0,1,0,1.0,0,0,1.0,2.0,-1.0
"F[0,0](((HDL <= 110.000 | Pt_FatherT1D <= 0.000) | Triglyc <= 0.000) -> BldPrSys <= 0.000)
",0.000,0.000,0.000,0.000,1.000,1,0,0,0,1,0,1,0,1.0,0,0,1.0,2.0,-1.0
"F[0,0]((AlbCreatRat_mggNew >= 10.000 | Pt_CGMUseNumDays >= 12500.000) & diagAgeCombo <= 12500.000)
",0.000,0.000,0.000,0.000,1.000,1,0,0,0,1,0,1,0,1.0,0,0,1.0,2.0,-1.0
"F[0,0](Pt_SHFlg >= -1.195 & Pt_GrandparentT1D <= 0.000)
",0.000,0.000,0.000,0.000,1.000,1,0,0,0,1,0,1,0,1.0,0,0,1.0,2.0,-1.0
"F[2,2]((bmi >= 0.000 | AutonomicNeuroCl <= 10.700) & HDL >= 10.700)
",0.000,0.000,0.000,0.000,1.000,0,0,0,1,1,0,0,1,0.0,0,0,0.0,0.0,1.0
"F[2,2](Pt_GrandparentT1D >= 0.000 | BldPrDia >= 112.000)
",0.000,0.000,0.000,0.000,1.000,0,0,0,1,1,0,0,1,0.0,0,0,0.0,0.0,1.0
"F[0,2](BldPrSys <= 1.000 -> TotalDailyInsPerKg <= 13.000)
",0.000,0.000,0.000,0.000,1.000,0,0,0,1,1,0,0,1,0.0,0,0,0.0,0.0,1.0
"F[2,2](BldPrSys >= 1.000 -> bmi >= 0.000)
",0.000,0.000,0.000,0.000,1.000,0,0,0,1,1,0,0,1,0.0,0,0,0.0,0.0,1.0
"F[0,1]((TotalDailyInsPerKg >= 13.000 | diagAgeCombo >= 0.000) & HeightCm >= 0.000)
",0.000,0.000,0.000,0.000,1.000,0,0,0,1,1,0,0,1,0.0,0,0,0.0,0.0,1.0
"((BldPrDia >= 112.000) U[1,1] (HeightCm >= 81.800))
",0.000,0.000,0.000,0.000,1.000,0,0,0,1,1,0,0,1,0.0,0,0,0.0,0.0,1.0
"((Pt_GrandchildT1D >= 0.000) U[0,2] (Pt_DKAFlg >= 0.000))
",0.000,0.000,0.000,0.000,1.000,0,0,0,1,1,0,0,1,0.0,0,0,0.0,0.0,1.0
"((Pt_InsGov <= 0.000) U[1,2] (HeightCm <= 81.800))
",0.000,0.000,0.000,0.000,1.000,0,0,0,1,1,0,0,1,0.0,0,0,0.0,0.0,1.0
"F[1,1](HeightCm >= 81.800 & Pt_ChildT1D <= 0.000)
",0.000,0.000,0.000,0.000,1.000,0,0,0,1,1,0,0,1,0.0,0,0,0.0,0.0,1.0
"F[0,2]((TSH >= 3.000 -> TotalDailyInsPerKg <= 13.000) & Pt_MotherT1D >= 13.000)
",0.000,0.000,0.000,0.000,1.000,0,0,0,1,1,0,0,1,0.0,0,0,0.0,0.0,1.0
"F[0,1]((diagAgeCombo >= 0.000 | Triglyc >= 166.000) -> Pt_A1cGoalLevelDsYr5 >= 166.000)
",0.000,0.000,0.000,0.000,1.000,0,0,0,1,1,0,0,1,0.0,0,0,0.0,0.0,1.0
"F[0,2](TSH >= 3.000 | age <= 0.000)
",0.000,0.000,0.000,0.000,1.000,0,0,0,1,1,0,0,1,0.0,0,0,0.0,0.0,1.0
"F[0,1](UnitsInsBasalOrLongAct >= 0.000 & UnitsInsBasalOrLongAct <= 0.000)
",0.000,0.000,0.000,0.000,1.000,0,0,0,1,1,0,0,1,0.0,0,0,0.0,0.0,1.0
"F[2,2]((NumPumpBolusOrShortAct >= 0.000 | Pt_A1cGoalLevelDsYr5 <= 0.000) | TSH <= 0.000)
",0.000,0.000,0.000,0.000,1.000,0,0,0,1,1,0,0,1,0.0,0,0,0.0,0.0,1.0
"F[0,2](((AlbCreatRat_mggNew <= 10.000 -> TotChol >= 40.000) | Pt_A1cGoalLev <= 40.000) -> BGTestAvgNumPtRep <= 40.000)
",0.000,0.000,0.000,0.000,1.000,0,0,0,1,1,0,0,1,0.0,0,0,0.0,0.0,1.0
"((Triglyc >= 166.000) U[1,1] (Pt_MotherT1D >= 0.000))
",0.000,0.000,0.000,0.000,1.000,0,0,0,1,1,0,0,1,0.0,0,0,0.0,0.0,1.0
"F[1,2]((bmiZscore <= 0.955 | bmiPerc <= 30.119) -> diabDur <= 30.119)
",0.000,0.000,0.000,0.000,1.000,0,0,0,1,1,0,0,1,0.0,0,0,0.0,0.0,1.0
"F[2,2](NumPumpBolusOrShortAct <= 0.000 -> HeightCm >= 81.800)
",0.000,0.000,0.000,0.000,1.000,0,0,0,1,1,0,0,1,0.0,0,0,0.0,0.0,1.0
"F[0,2](Pt_FatherT1D <= 0.000 -> TotalDailyInsPerKg <= 13.000)
",0.000,0.000,0.000,0.000,1.000,0,0,0,1,1,0,0,1,0.0,0,0,0.0,0.0,1.0
"((AlbCreatRat_mggNew <= 10.000) U[2,2] (HeightCm >= 81.800))
",0.000,0.000,0.000,0.000,1.000,0,0,0,1,1,0,0,1,0.0,0,0,0.0,0.0,1.0
"F[2,2](((BldPrSys <= 1.000 -> AutonomicNeuroCl <= 10.700) & GFR <= 10.700) | BldPrDia <= 10.700)
",0.000,0.000,0.000,0.000,1.000,0,0,0,1,1,0,0,1,0.0,0,0,0.0,0.0,1.0
"F[1,2](Pt_DKAFlg >= 0.000 & Triglyc <= 166.000)
",0.000,0.000,0.000,0.000,1.000,0,0,0,1,1,0,0,1,0.0,0,0,0.0,0.0,1.0
"F[0,1](AlbCreatRat_mggNew >= 10.000 & TotalDailyInsPerKg >= 13.000)
",0.000,0.000,0.000,0.000,1.000,0,0,0,1,1,0,0,1,0.0,0,0,0.0,0.0,1.0
"F[0,2]((Pt_DKAFlg >= 0.000 & LDL >= 0.513) -> GFR >= 0.513)
",0.000,0.000,0.000,0.000,1.000,0,0,0,1,1,0,0,1,0.0,0,0,0.0,0.0,1.0
"F[0,0](BUN >= 82.000 -> LDL <= 0.513)
",0.000,0.000,0.000,0.000,1.000,0,0,0,1,1,0,0,1,0.0,0,0,0.0,0.0,1.0
"((UnitsInsBasalOrLongAct <= 0.000) U[1,1] (BldPrSys <= 1.000))
",0.000,0.000,0.000,0.000,1.000,0,0,0,1,1,0,0,1,0.0,0,0,0.0,0.0,1.0
"F[1,2](((BldPrDia >= 112.000 | BldPrSys >= 1.000) | bmiPerc >= 1.000) | Pt_CGMUseNumDays >= 1.000)
",0.000,0.000,0.000,0.000,1.000,0,0,0,1,1,0,0,1,0.0,0,0,0.0,0.0,1.0
"F[1,1](((TotChol >= 40.000 & diagAgeCombo <= 0.000) | Pt_FatherT1D <= 0.000) & HbA1cImputeDtMnC <= 0.000)
",0.000,0.000,0.000,0.000,1.000,0,0,0,1,1,0,0,1,0.0,0,0,0.0,0.0,1.0
"F[2,2](((HbA1c <= 0.000 | AlbCreatRat_mggNew <= 10.000) & Pt_InsGov >= 10.000) -> Pt_GrandchildT1D <= 10.000)
",0.000,0.000,0.000,0.000,1.000,0,0,0,1,1,0,0,1,0.0,0,0,0.0,0.0,1.0
"F[0,2](HbA1c >= 0.000 -> Pt_A1cGoalLevelDsYr5 = 0.000)
",0.000,0.000,0.000,0.000,1.000,0,0,0,1,1,0,0,1,0.0,0,0,0.0,0.0,1.0
"F[0,2](((Pt_FatherT1D >= 0.000 | Triglyc >= 166.000) & diabDur <= 166.000) | WeightKg >= 166.000)
",0.000,0.000,0.000,0.000,1.000,0,0,0,1,1,0,0,1,0.0,0,0,0.0,0.0,1.0
"((diagAgeCombo <= 0.000) U[2,2] (Pt_GrandparentT1D <= 0.000))
",0.000,0.000,0.000,0.000,1.000,0,0,0,1,1,0,0,1,0.0,0,0,0.0,0.0,1.0
"F[0,0]((Pt_GrandparentT1D <= 0.000 | Pt_InsGov >= 0.000) | Pt_MotherT1D <= 0.000)
",0.000,0.000,0.000,0.000,1.000,0,0,0,1,1,0,0,1,0.0,0,0,0.0,0.0,1.0
"F[1,1](((UnitsInsBasalOrLongAct <= 0.000 & AlbCreatRat_mggNew >= 10.000) -> bmiPerc >= 10.000) -> SMBGperDayPtMeterCombo <= 10.000)
",0.000,0.000,0.000,0.000,1.000,0,0,0,1,1,0,0,1,0.0,0,0,0.0,0.0,1.0
"((Pt_MotherT1D >= 0.000) U[0,2] (NumPumpBolusOrShortAct >= 0.000))
",0.000,0.000,0.000,0.000,1.000,0,0,0,1,1,0,0,1,0.0,0,0,0.0,0.0,1.0
"F[0,1](WeightKg <= 3.000 | Pt_SHFlg >= -1.195)
",0.000,0.000,0.000,0.000,1.000,0,0,0,1,1,0,0,1,0.0,0,0,0.0,0.0,1.0
"F[2,2]((HbA1c >= 0.000 | LDL >= 0.513) | HDL <= 0.513)
",0.000,0.000,0.000,0.000,1.000,0,0,0,1,1,0,0,1,0.0,0,0,0.0,0.0,1.0
"F[1,2](((HbA1c <= 0.000 & NumPumpBolusOrShortAct >= 0.000) | DirectLDL >= 0.000) & Pt_DKAFlg >= 0.000)
",0.000,0.000,0.000,0.000,1.000,0,0,0,1,1,0,0,1,0.0,0,0,0.0,0.0,1.0
"F[0,2](Pt_InsGov >= 0.000 | TSH >= 3.000)
",0.000,0.000,0.000,0.000,1.000,0,0,0,1,1,0,0,1,0.0,0,0,0.0,0.0,1.0
"F[1,2](((HbA1cImputeDtMnC <= 4.000 | BldPrSys <= 1.000) & diabDur <= 1.000) & BGTestAvgNumPtRep >= 1.000)
",0.000,0.000,0.000,0.000,1.000,0,0,0,1,1,0,0,1,0.0,0,0,0.0,0.0,1.0
"F[0,1](((TotalDailyInsPerKg >= 13.000 | TSH <= 3.000) -> HbA1cImputeDtMnC >= 3.000) | Pt_SHFlg <= 3.000)
",0.000,0.000,0.000,0.000,1.000,0,0,0,1,1,0,0,1,0.0,0,0,0.0,0.0,1.0
"F[0,2](Pt_GrandparentT1D >= 0.000 | bmi >= 0.000)
",0.000,0.000,0.000,0.000,1.000,0,0,0,1,1,0,0,1,0.0,0,0,0.0,0.0,1.0
"F[0,2](WeightKg >= 3.000 & Pt_SiblingT1D <= 0.000)
",0.000,0.000,0.000,0.000,1.000,0,0,0,1,1,0,0,1,0.0,0,0,0.0,0.0,1.0
"F[2,2](((Pt_MotherT1D <= 0.000 | Pt_GrandparentT1D <= 0.000) & BGTestAvgNumPtRep <= 0.000) & SMBGperDayPtMeterCombo <= 0.000)
",0.000,0.000,0.000,0.000,1.000,0,0,0,1,1,0,0,1,0.0,0,0,0.0,0.0,1.0
"F[1,2]((GFR >= 1.698 | UnitsInsBasalOrLongAct <= 0.000) | diabDur >= 0.000)
",0.000,0.000,0.000,0.000,1.000,0,0,0,1,1,0,0,1,0.0,0,0,0.0,0.0,1.0
"F[1,1]((Pt_DKAFlg >= 0.000 -> Pt_ChildT1D >= 0.000) -> Pt_InsGov >= 0.000)
",0.000,0.000,0.000,0.000,1.000,0,0,0,1,1,0,0,1,0.0,0,0,0.0,0.0,1.0
"((Pt_InsGov >= 0.000) U[1,2] (Pt_CGMUseNumDays >= 12500.000))
",0.000,0.000,0.000,0.000,1.000,0,0,0,1,1,0,0,1,0.0,0,0,0.0,0.0,1.0
"F[1,2](((TotalDailyInsPerKg <= 13.000 | HbA1cImputeDtMnC <= 4.000) | TotChol <= 4.000) & LDL >= 4.000)
",0.000,0.000,0.000,0.000,1.000,0,0,0,1,1,0,0,1,0.0,0,0,0.0,0.0,1.0
"F[0,2](((TotChol <= 40.000 | HeightCm >= 81.800) -> HeightCm <= 81.800) -> diabDur >= 81.800)
",0.000,0.000,0.000,0.000,1.000,0,0,0,1,1,0,0,1,0.0,0,0,0.0,0.0,1.0
"F[0,0](((Pt_A1cGoalLev >= 3.000 & Pt_CGMUseNumDays >= 12500.000) -> diagAgeCombo >= 12500.000) | Pt_FatherT1D >= 12500.000)
",0.000,0.000,0.000,0.000,1.000,0,0,0,1,1,0,0,1,0.0,0,0,0.0,0.0,1.0
"F[0,1]((Pt_MotherT1D <= 0.000 & age <= 0.000) & NumPumpBolusOrShortAct >= 0.000)
",0.000,0.000,0.000,0.000,1.000,0,0,0,1,1,0,0,1,0.0,0,0,0.0,0.0,1.0
"F[0,1](((DirectLDL >= 164.800 & GFR >= 1.698) & bmi >= 1.698) | BUN >= 1.698)
",0.000,0.000,0.000,0.000,1.000,0,0,0,1,1,0,0,1,0.0,0,0,0.0,0.0,1.0
"F[1,2](((diabDur >= 17.000 -> Pt_ChildT1D >= 0.000) -> BGTestAvgNumPtRep <= 0.000) -> Pt_MotherT1D <= 0.000)
",0.000,0.000,0.000,0.000,1.000,0,0,0,1,1,0,0,1,0.0,0,0,0.0,0.0,1.0
"F[1,2](((bmiPerc >= 30.119 -> BldPrDia <= 112.000) -> HDL <= 112.000) -> BGTestAvgNumPtRep <= 112.000)
",0.000,0.000,0.000,0.000,1.000,0,0,0,1,1,0,0,1,0.0,0,0,0.0,0.0,1.0
"((NumPumpBolusOrShortAct <= 0.000) U[0,1] (Pt_A1cGoalLevelDsYr5 <= 0.000))
",0.000,0.000,0.000,0.000,1.000,0,0,0,1,1,0,0,1,0.0,0,0,0.0,0.0,1.0
"F[0,1]((Pt_CGMUseNumDays >= 12500.000 -> BGTestAvgNumMeter <= 0.000) -> BUN >= 0.000)
",0.000,0.000,0.000,0.000,1.000,0,0,0,1,1,0,0,1,0.0,0,0,0.0,0.0,1.0
"F[1,2](GFR >= 1.698 & Pt_ChildT1D >= 0.000)
",0.000,0.000,0.000,0.000,1.000,0,0,0,1,1,0,0,1,0.0,0,0,0.0,0.0,1.0
"F[1,2](TSH >= 3.000 | DirectLDL <= 164.800)
",0.000,0.000,0.000,0.000,1.000,0,0,0,1,1,0,0,1,0.0,0,0,0.0,0.0,1.0
"F[0,1](((TotalDailyInsPerKg <= 13.000 | BUN <= 82.000) -> Pt_GrandchildT1D >= 82.000) -> Pt_ChildT1D <= 82.000)
",0.000,0.000,0.000,0.000,1.000,0,0,0,1,1,0,0,1,0.0,0,0,0.0,0.0,1.0
"((TotChol >= 40.000) U[0,1] (HbA1cImputeDtMnC >= 4.000))
",0.000,0.000,0.000,0.000,1.000,0,0,0,1,1,0,0,1,0.0,0,0,0.0,0.0,1.0
"F[0,2](((Triglyc <= 166.000 -> Pt_ChildT1D <= 0.000) & bmi >= 0.000) & WeightKg <= 0.000)
",0.000,0.000,0.000,0.000,1.000,0,0,0,1,1,0,0,1,0.0,0,0,0.0,0.0,1.0
"((BGTestAvgNumMeter <= 0.000) U[1,1] (AutonomicNeuroCl >= 10.700))
",0.000,0.000,0.000,0.000,1.000,0,0,0,1,1,0,0,1,0.0,0,0,0.0,0.0,1.0
"F[1,2](Triglyc <= 166.000 & HbA1c <= 0.000)
",0.000,0.000,0.000,0.000,1.000,0,0,0,1,1,0,0,1,0.0,0,0,0.0,0.0,1.0
"F[0,1](((DirectLDL >= 164.800 | Pt_ChildT1D >= 0.000) & Pt_SiblingT1D <= 0.000) & HbA1c >= 0.000)
",0.000,0.000,0.000,0.000,1.000,0,0,0,1,1,0,0,1,0.0,0,0,0.0,0.0,1.0
"F[0,2](((BldPrDia >= 112.000 | HeightCm <= 81.800) & BGTestAvgNumPtRep >= 81.800) | bmi >= 81.800)
",0.000,0.000,0.000,0.000,1.000,0,0,0,1,1,0,0,1,0.0,0,0,0.0,0.0,1.0
"((HeightCm <= 81.800) U[0,0] (Pt_GrandparentT1D >= 0.000))
",0.000,0.000,0.000,0.000,1.000,0,0,0,1,1,0,0,1,0.0,0,0,0.0,0.0,1.0
"F[1,1](((Pt_CGMUseNumDays <= 12500.000 -> Pt_FatherT1D >= 0.000) | age <= 0.000) | HbA1cImputeDtMnC <= 0.000)
",0.000,0.000,0.000,0.000,1.000,0,0,0,1,1,0,0,1,0.0,0,0,0.0,0.0,1.0
"F[0,2](((LDL <= 0.513 & WeightKg >= 3.000) -> BldPrDia <= 3.000) -> Pt_DKAFlg >= 3.000)
",0.000,0.000,0.000,0.000,1.000,0,0,0,1,1,0,0,1,0.0,0,0,0.0,0.0,1.0
"F[1,2](((AlbCreatRat_mggNew <= 10.000 -> NumPumpBolusOrShortAct >= 0.000) -> Pt_A1cGoalLev <= 0.000) | LDL <= 0.000)
",0.000,0.000,0.000,0.000,1.000,0,0,0,1,1,0,0,1,0.0,0,0,0.0,0.0,1.0
"F[0,2]((BUN <= 82.000 | bmiPerc <= 30.119) & HbA1c >= 30.119)
",0.000,0.000,0.000,0.000,1.000,0,0,0,1,1,0,0,1,0.0,0,0,0.0,0.0,1.0
"F[1,2]((UnitsInsBasalOrLongAct >= 0.000 -> bmiPerc >= 30.119) | Pt_DKAFlg >= 30.119)
",0.000,0.000,0.000,0.000,1.000,0,0,0,1,1,0,0,1,0.0,0,0,0.0,0.0,1.0
"F[2,2](((Pt_GrandparentT1D >= 0.000 | SMBGperDayPtMeterCombo >= 66.000) & bmiZscore <= 66.000) & Pt_SHFlg <= 66.000)
",0.000,0.000,0.000,0.000,1.000,0,0,0,1,1,0,0,1,0.0,0,0,0.0,0.0,1.0
"F[1,2](((AutonomicNeuroCl <= 10.700 | Pt_DKAFlg >= 0.000) & BldPrSys >= 0.000) | BldPrSys >= 0.000)
",0.000,0.000,0.000,0.000,1.000,0,0,0,1,1,0,0,1,0.0,0,0,0.0,0.0,1.0
"((Pt_InsGov >= 0.000) U[0,1] (Triglyc <= 166.000))
",0.000,0.000,0.000,0.000,1.000,0,0,0,1,1,0,0,1,0.0,0,0,0.0,0.0,1.0
"F[0,1]((TSH <= 3.000 -> UnitsInsBasalOrLongAct <= 0.000) & bmi >= 0.000)
",0.000,0.000,0.000,0.000,1.000,0,0,0,1,1,0,0,1,0.0,0,0,0.0,0.0,1.0
"((NumPumpBolusOrShortAct <= 0.000) U[1,1] (BldPrSys <= 1.000))
",0.000,0.000,0.000,0.000,1.000,0,0,0,1,1,0,0,1,0.0,0,0,0.0,0.0,1.0
"F[0,1](diabDur >= 17.000 | Pt_GrandchildT1D <= 0.000)
",0.000,0.000,0.000,0.000,1.000,0,0,0,1,1,0,0,1,0.0,0,0,0.0,0.0,1.0
"F[1,2](Pt_GrandchildT1D >= 0.000 -> age <= 0.000)
",0.000,0.000,0.000,0.000,1.000,0,0,0,1,1,0,0,1,0.0,0,0,0.0,0.0,1.0
"((Pt_A1cGoalLevelDsYr5 >= 0.000) U[0,2] (TotChol >= 40.000))
",0.000,0.000,0.000,0.000,1.000,0,0,0,1,1,0,0,1,0.0,0,0,0.0,0.0,1.0
"((TSH <= 3.000) U[1,2] (BGTestAvgNumPtRep <= 0.000))
",0.000,0.000,0.000,0.000,1.000,0,0,0,1,1,0,0,1,0.0,0,0,0.0,0.0,1.0
"((HbA1cImputeDtMnC <= 4.000) U[2,2] (age <= 0.000))
",0.000,0.000,0.000,0.000,1.000,0,0,0,1,1,0,0,1,0.0,0,0,0.0,0.0,1.0
"F[0,2]((HbA1cImputeDtMnC <= 4.000 | Pt_MotherT1D >= 0.000) | DirectLDL <= 0.000)
",0.000,0.000,0.000,0.000,1.000,0,0,0,1,1,0,0,1,0.0,0,0,0.0,0.0,1.0
"F[0,1](GFR >= 1.698 & diabDur >= 17.000)
",0.000,0.000,0.000,0.000,1.000,0,0,0,1,1,0,0,1,0.0,0,0,0.0,0.0,1.0
"F[1,1](((BGTestAvgNumPtRep <= 0.000 | bmiZscore <= 0.955) | Pt_ChildT1D >= 0.955) | bmiZscore <= 0.955)
",0.000,0.000,0.000,0.000,1.000,0,0,0,1,1,0,0,1,0.0,0,0,0.0,0.0,1.0
"F[0,2](((Pt_A1cGoalLev >= 3.000 -> Pt_A1cGoalLevelDsYr5 >= 0.000) -> TSH <= 0.000) & HbA1c <= 0.000)
",0.000,0.000,0.000,0.000,1.000,0,0,0,1,1,0,0,1,0.0,0,0,0.0,0.0,1.0
"((GFR <= 1.698) U[0,1] (Pt_FatherT1D >= 0.000))
",0.000,0.000,0.000,0.000,1.000,0,0,0,1,1,0,0,1,0.0,0,0,0.0,0.0,1.0
"F[0,1]((AlbCreatRat_mggNew >= 10.000 -> Pt_A1cGoalLev >= 3.000) & BGTestAvgNumMeter >= 3.000)
",0.000,0.000,0.000,0.000,1.000,0,0,0,1,1,0,0,1,0.0,0,0,0.0,0.0,1.0
"((Triglyc <= 166.000) U[2,2] (HeightCm >= 81.800))
",0.000,0.000,0.000,0.000,1.000,0,0,0,1,1,0,0,1,0.0,0,0,0.0,0.0,1.0
"((SMBGperDayPtMeterCombo <= 66.000) U[0,0] (HeightCm >= 81.800))
",0.000,0.000,0.000,0.000,1.000,0,0,0,1,1,0,0,1,0.0,0,0,0.0,0.0,1.0
"F[0,1]((Pt_InsGov <= 0.000 & Pt_MotherT1D <= 0.000) -> Pt_InsGov >= 0.000)
",0.000,0.000,0.000,0.000,1.000,0,0,0,1,1,0,0,1,0.0,0,0,0.0,0.0,1.0
"F[0,2](((Pt_A1cGoalLev >= 3.000 | bmiZscore >= 0.955) & Triglyc <= 0.955) | Pt_GrandparentT1D <= 0.955)
",0.000,0.000,0.000,0.000,1.000,0,0,0,1,1,0,0,1,0.0,0,0,0.0,0.0,1.0
"((Pt_InsGov >= 0.000) U[1,1] (AutonomicNeuroCl <= 10.700))
",0.000,0.000,0.000,0.000,1.000,0,0,0,1,1,0,0,1,0.0,0,0,0.0,0.0,1.0
"F[0,1](AutonomicNeuroCl <= 10.700 -> LDL <= 0.513)
",0.000,0.000,0.000,0.000,1.000,0,0,0,1,1,0,0,1,0.0,0,0,0.0,0.0,1.0
"F[2,2]((Pt_SHFlg <= -1.195 | HbA1cImputeDtMnC <= 4.000) | BGTestAvgNumMeter <= 4.000)
",0.000,0.000,0.000,0.000,1.000,0,0,0,1,1,0,0,1,0.0,0,0,0.0,0.0,1.0
"F[1,1]((BldPrDia >= 112.000 & HbA1cImputeDtMnC >= 4.000) | Pt_GrandparentT1D <= 4.000)
",0.000,0.000,0.000,0.000,1.000,0,0,0,1,1,0,0,1,0.0,0,0,0.0,0.0,1.0
"F[0,1](BGTestAvgNumMeter <= 0.000 -> Pt_A1cGoalLev >= 3.000)
",0.000,0.000,0.000,0.000,1.000,0,0,0,1,1,0,0,1,0.0,0,0,0.0,0.0,1.0
"F[1,1](Pt_SHFlg <= -1.195 & TSH <= 3.000)
",0.000,0.000,0.000,0.000,1.000,0,0,0,1,1,0,0,1,0.0,0,0,0.0,0.0,1.0
"F[1,1](Pt_FatherT1D >= 0.000 & BldPrDia <= 112.000)
",0.000,0.000,0.000,0.000,1.000,0,0,0,1,1,0,0,1,0.0,0,0,0.0,0.0,1.0
"F[1,2](BldPrDia <= 112.000 -> Pt_DKAFlg <= 0.000)
",0.000,0.000,0.000,0.000,1.000,0,0,0,1,1,0,0,1,0.0,0,0,0.0,0.0,1.0
"F[0,1]((Pt_SHFlg >= -1.195 | BUN >= 82.000) & Pt_ChildT1D <= 82.000)
",0.000,0.000,0.000,0.000,1.000,0,0,0,1,1,0,0,1,0.0,0,0,0.0,0.0,1.0
"F[0,1](((bmi >= 0.000 | TotalDailyInsPerKg >= 13.000) | BGTestAvgNumPtRep >= 13.000) | NumPumpBolusOrShortAct <= 13.000)
",0.000,0.000,0.000,0.000,1.000,0,0,0,1,1,0,0,1,0.0,0,0,0.0,0.0,1.0
"F[1,1](((diabDur <= 17.000 & diabDur >= 17.000) | TotalDailyInsPerKg >= 17.000) & Pt_A1cGoalLevelDsYr5 >= 17.000)
",0.000,0.000,0.000,0.000,1.000,0,0,0,1,1,0,0,1,0.0,0,0,0.0,0.0,1.0
"F[1,1](((BGTestAvgNumMeter >= 0.000 | NumPumpBolusOrShortAct >= 0.000) & bmiZscore <= 0.000) -> Pt_DKAFlg >= 0.000)
",0.000,0.000,0.000,0.000,1.000,0,0,0,1,1,0,0,1,0.0,0,0,0.0,0.0,1.0
"F[2,2]((Pt_GrandparentT1D >= 0.000 | Pt_MotherT1D >= 0.000) -> HeightCm >= 0.000)
",0.000,0.000,0.000,0.000,1.000,0,0,0,1,1,0,0,1,0.0,0,0,0.0,0.0,1.0
"((age <= 0.000) U[1,2] (TSH <= 3.000))
",0.000,0.000,0.000,0.000,1.000,0,0,0,1,1,0,0,1,0.0,0,0,0.0,0.0,1.0
"F[1,2](((bmiPerc >= 30.119 & age <= 0.000) -> WeightKg >= 0.000) -> TotalDailyInsPerKg <= 0.000)
",0.000,0.000,0.000,0.000,1.000,0,0,0,1,1,0,0,1,0.0,0,0,0.0,0.0,1.0
"((HDL <= 110.000) U[0,2] (BGTestAvgNumPtRep >= 0.000))
",0.000,0.000,0.000,0.000,1.000,0,0,0,1,1,0,0,1,0.0,0,0,0.0,0.0,1.0
"((age >= 0.000) U[1,2] (UnitsInsBasalOrLongAct <= 0.000))
",0.000,0.000,0.000,0.000,1.000,0,0,0,1,1,0,0,1,0.0,0,0,0.0,0.0,1.0
"F[0,1]((Pt_GrandparentT1D <= 0.000 & NumPumpBolusOrShortAct >= 0.000) | Pt_CGMUseNumDays <= 0.000)
",0.000,0.000,0.000,0.000,1.000,0,0,0,1,1,0,0,1,0.0,0,0,0.0,0.0,1.0
"F[1,1](TotalDailyInsPerKg >= 13.000 -> bmiPerc >= 30.119)
",0.000,0.000,0.000,0.000,1.000,0,0,0,1,1,0,0,1,0.0,0,0,0.0,0.0,1.0
"F[0,1](((GFR <= 1.698 & Pt_A1cGoalLev <= 3.000) & diabDur <= 3.000) -> Pt_GrandchildT1D >= 3.000)
",0.000,0.000,0.000,0.000,1.000,0,0,0,1,1,0,0,1,0.0,0,0,0.0,0.0,1.0
"F[0,1](((Pt_SiblingT1D <= 0.000 -> HDL >= 110.000) & BGTestAvgNumPtRep >= 110.000) & HbA1cImputeDtMnC <= 110.000)
",0.000,0.000,0.000,0.000,1.000,0,0,0,1,1,0,0,1,0.0,0,0,0.0,0.0,1.0
"F[0,1](Pt_A1cGoalLev <= 3.000 & AlbCreatRat_mggNew <= 10.000)
",0.000,0.000,0.000,0.000,1.000,0,0,0,1,1,0,0,1,0.0,0,0,0.0,0.0,1.0
"F[0,1](TotChol <= 40.000 -> bmiPerc >= 30.119)
",0.000,0.000,0.000,0.000,1.000,0,0,0,1,1,0,0,1,0.0,0,0,0.0,0.0,1.0
"F[0,2](((TSH >= 3.000 -> Triglyc <= 166.000) | HeightCm <= 166.000) | Pt_FatherT1D <= 166.000)
",0.000,0.000,0.000,0.000,1.000,0,0,0,1,1,0,0,1,0.0,0,0,0.0,0.0,1.0
"((Pt_ChildT1D >= 0.000) U[0,2] (SMBGperDayPtMeterCombo <= 66.000))
",0.000,0.000,0.000,0.000,1.000,0,0,0,1,1,0,0,1,0.0,0,0,0.0,0.0,1.0
"F[0,0](DirectLDL <= 164.800 | Pt_CGMUseNumDays <= 12500.000)
",0.000,0.000,0.000,0.000,1.000,0,0,0,1,1,0,0,1,0.0,0,0,0.0,0.0,1.0
"F[0,0](((bmiZscore >= 0.955 -> WeightKg >= 3.000) -> BGTestAvgNumPtRep >= 3.000) & diabDur >= 3.000)
",0.000,0.000,0.000,0.000,1.000,0,0,0,1,1,0,0,1,0.0,0,0,0.0,0.0,1.0
"F[1,1](AutonomicNeuroCl >= 10.700 & bmiZscore <= 0.955)
",0.000,0.000,0.000,0.000,1.000,0,0,0,1,1,0,0,1,0.0,0,0,0.0,0.0,1.0
"F[2,2]((Pt_ChildT1D >= 0.000 | bmiPerc >= 30.119) -> UnitsInsBasalOrLongAct <= 30.119)
",0.000,0.000,0.000,0.000,1.000,0,0,0,1,1,0,0,1,0.0,0,0,0.0,0.0,1.0
"F[0,1](HDL >= 110.000 | BldPrSys <= 1.000)
",0.000,0.000,0.000,0.000,1.000,0,0,0,1,1,0,0,1,0.0,0,0,0.0,0.0,1.0
"F[1,1](((AutonomicNeuroCl <= 10.700 | BGTestAvgNumMeter >= 0.000) & HbA1c <= 0.000) & Pt_DKAFlg <= 0.000)
",0.000,0.000,0.000,0.000,1.000,0,0,0,1,1,0,0,1,0.0,0,0,0.0,0.0,1.0
"((LDL >= 0.513) U[0,2] (Pt_FatherT1D >= 0.000))
",0.000,0.000,0.000,0.000,1.000,0,0,0,1,1,0,0,1,0.0,0,0,0.0,0.0,1.0
"F[1,2](AlbCreatRat_mggNew >= 10.000 | HeightCm <= 81.800)
",0.000,0.000,0.000,0.000,1.000,0,0,0,1,1,0,0,1,0.0,0,0,0.0,0.0,1.0
"F[0,1]((Pt_FatherT1D <= 0.000 -> BGTestAvgNumPtRep >= 0.000) | HDL >= 0.000)
",0.000,0.000,0.000,0.000,1.000,0,0,0,1,1,0,0,1,0.0,0,0,0.0,0.0,1.0
"F[0,1](((AutonomicNeuroCl <= 10.700 & bmi <= 0.000) -> BldPrDia >= 0.000) | Pt_FatherT1D >= 0.000)
",0.000,0.000,0.000,0.000,1.000,0,0,0,1,1,0,0,1,0.0,0,0,0.0,0.0,1.0
"F[0,2](((Pt_SHFlg <= -1.195 -> age >= 0.000) -> BGTestAvgNumMeter >= 0.000) | TotChol >= 0.000)
",0.000,0.000,0.000,0.000,1.000,0,0,0,1,1,0,0,1,0.0,0,0,0.0,0.0,1.0
"F[0,2](((HbA1c <= 0.000 & Pt_A1cGoalLev >= 3.000) & BldPrSys <= 3.000) -> AlbCreatRat_mggNew >= 3.000)
",0.000,0.000,0.000,0.000,1.000,0,0,0,1,1,0,0,1,0.0,0,0,0.0,0.0,1.0
"F[2,2]((Pt_ChildT1D >= 0.000 & Pt_InsGov >= 0.000) & Pt_ChildT1D >= 0.000)
",0.000,0.000,0.000,0.000,1.000,0,0,0,1,1,0,0,1,0.0,0,0,0.0,0.0,1.0
"F[2,2]((diagAgeCombo >= 0.000 & diabDur >= 17.000) & NumPumpBolusOrShortAct >= 17.000)
",0.000,0.000,0.000,0.000,1.000,0,0,0,1,1,0,0,1,0.0,0,0,0.0,0.0,1.0
"F[1,2]((BGTestAvgNumMeter >= 0.000 -> Pt_A1cGoalLevelDsYr5 <= 0.000) | diabDur <= 0.000)
",0.000,0.000,0.000,0.000,1.000,0,0,0,1,1,0,0,1,0.0,0,0,0.0,0.0,1.0
"F[0,2](AlbCreatRat_mggNew >= 10.000 -> BldPrSys >= 1.000)
",0.000,0.000,0.000,0.000,1.000,0,0,0,1,1,0,0,1,0.0,0,0,0.0,0.0,1.0
"F[1,2](((HbA1c >= 0.000 & TotChol <= 40.000) & NumPumpBolusOrShortAct <= 40.000) | BldPrSys >= 40.000)
",0.000,0.000,0.000,0.000,1.000,0,0,0,1,1,0,0,1,0.0,0,0,0.0,0.0,1.0
"F[0,2](((bmiZscore <= 0.955 | bmiPerc <= 30.119) | diabDur <= 30.119) & NumPumpBolusOrShortAct >= 30.119)
",0.000,0.000,0.000,0.000,1.000,0,0,0,1,1,0,0,1,0.0,0,0,0.0,0.0,1.0
"((AutonomicNeuroCl >= 10.700) U[0,0] (bmi >= 0.000))
",0.000,0.000,0.000,0.000,1.000,0,0,0,1,1,0,0,1,0.0,0,0,0.0,0.0,1.0
"F[1,1](((diagAgeCombo <= 0.000 & Pt_SHFlg <= -1.195) | bmiPerc <= -1.195) | bmi <= -1.195)
",0.000,0.000,0.000,0.000,1.000,0,0,0,1,1,0,0,1,0.0,0,0,0.0,0.0,1.0
"F[1,1](((TotalDailyInsPerKg <= 13.000 -> TSH >= 3.000) -> bmiZscore <= 3.000) & TotalDailyInsPerKg <= 3.000)
",0.000,0.000,0.000,0.000,1.000,0,0,0,1,1,0,0,1,0.0,0,0,0.0,0.0,1.0
"F[1,1]((TotChol <= 40.000 | HbA1c >= 0.000) | age <= 0.000)
",0.000,0.000,0.000,0.000,1.000,0,0,0,1,1,0,0,1,0.0,0,0,0.0,0.0,1.0
"F[0,1]((NumPumpBolusOrShortAct <= 0.000 | NumPumpBolusOrShortAct <= 0.000) & BGTestAvgNumMeter <= 0.000)
",0.000,0.000,0.000,0.000,1.000,0,0,0,1,1,0,0,1,0.0,0,0,0.0,0.0,1.0
"F[1,1](((Pt_FatherT1D <= 0.000 -> AutonomicNeuroCl >= 10.700) & BldPrSys <= 10.700) & diabDur <= 10.700)
",0.000,0.000,0.000,0.000,1.000,0,0,0,1,1,0,0,1,0.0,0,0,0.0,0.0,1.0
"F[1,1]((LDL >= 0.513 & GFR >= 1.698) -> DirectLDL >= 1.698)
",0.000,0.000,0.000,0.000,1.000,0,0,0,1,1,0,0,1,0.0,0,0,0.0,0.0,1.0
"F[2,2](TotChol <= 40.000 & HDL <= 110.000)
",0.000,0.000,0.000,0.000,1.000,0,0,0,1,1,0,0,1,0.0,0,0,0.0,0.0,1.0
"F[1,1](((Pt_DKAFlg <= 0.000 -> TSH <= 3.000) | diagAgeCombo <= 3.000) | Pt_A1cGoalLevelDsYr5 <= 3.000)
",0.000,0.000,0.000,0.000,1.000,0,0,0,1,1,0,0,1,0.0,0,0,0.0,0.0,1.0
"F[0,2](Triglyc <= 166.000 | bmi <= 0.000)
",0.000,0.000,0.000,0.000,1.000,0,0,0,1,1,0,0,1,0.0,0,0,0.0,0.0,1.0
"F[0,2]((NumPumpBolusOrShortAct >= 0.000 -> DirectLDL >= 164.800) -> Pt_SHFlg >= 164.800)
",0.000,0.000,0.000,0.000,1.000,0,0,0,1,1,0,0,1,0.0,0,0,0.0,0.0,1.0
"F[0,0](HbA1c >= 0.000 | Pt_ChildT1D <= 0.000)
",0.000,0.000,0.000,0.000,1.000,0,0,0,1,1,0,0,1,0.0,0,0,0.0,0.0,1.0
"F[0,1](TSH <= 3.000 -> NumPumpBolusOrShortAct <= 0.000)
",0.000,0.000,0.000,0.000,1.000,0,0,0,1,1,0,0,1,0.0,0,0,0.0,0.0,1.0
"F[1,2](Pt_CGMUseNumDays <= 12500.000 -> Pt_FatherT1D <= 0.000)
",0.000,0.000,0.000,0.000,1.000,0,0,0,1,1,0,0,1,0.0,0,0,0.0,0.0,1.0
"F[2,2]((Pt_CGMUseNumDays <= 12500.000 & Pt_SiblingT1D >= 0.000) | DirectLDL >= 0.000)
",0.000,0.000,0.000,0.000,1.000,0,0,0,1,1,0,0,1,0.0,0,0,0.0,0.0,1.0
"F[0,1](((BGTestAvgNumMeter >= 0.000 & TSH <= 3.000) -> HbA1c <= 3.000) -> AutonomicNeuroCl <= 3.000)
",0.000,0.000,0.000,0.000,1.000,0,0,0,1,1,0,0,1,0.0,0,0,0.0,0.0,1.0
"F[1,2]((Pt_GrandparentT1D >= 0.000 & TSH >= 3.000) & DirectLDL >= 3.000)
",0.000,0.000,0.000,0.000,1.000,0,0,0,1,1,0,0,1,0.0,0,0,0.0,0.0,1.0
"F[0,1]((diabDur >= 17.000 -> BldPrSys <= 1.000) | GFR <= 1.000)
",0.000,0.000,0.000,0.000,1.000,0,0,0,1,1,0,0,1,0.0,0,0,0.0,0.0,1.0
"F[2,2]((BGTestAvgNumPtRep >= 0.000 & Pt_MotherT1D <= 0.000) & BldPrDia >= 0.000)
",0.000,0.000,0.000,0.000,1.000,0,0,0,1,1,0,0,1,0.0,0,0,0.0,0.0,1.0
"F[1,2]((Pt_FatherT1D >= 0.000 & BUN >= 82.000) -> BldPrDia >= 82.000)
",0.000,0.000,0.000,0.000,1.000,0,0,0,1,1,0,0,1,0.0,0,0,0.0,0.0,1.0
"((Pt_DKAFlg <= 0.000) U[1,1] (Pt_MotherT1D >= 0.000))
",0.000,0.000,0.000,0.000,1.000,0,0,0,1,1,0,0,1,0.0,0,0,0.0,0.0,1.0
"((Pt_FatherT1D <= 0.000) U[2,2] (AlbCreatRat_mggNew <= 10.000))
",0.000,0.000,0.000,0.000,1.000,0,0,0,1,1,0,0,1,0.0,0,0,0.0,0.0,1.0
"F[2,2](((HDL >= 110.000 -> HbA1c >= 0.000) & HDL <= 0.000) -> BldPrSys >= 0.000)
",0.000,0.000,0.000,0.000,1.000,0,0,0,1,1,0,0,1,0.0,0,0,0.0,0.0,1.0
"F[0,1]((age <= 0.000 & diabDur <= 17.000) | AutonomicNeuroCl <= 17.000)
",0.000,0.000,0.000,0.000,1.000,0,0,0,1,1,0,0,1,0.0,0,0,0.0,0.0,1.0
"((Pt_A1cGoalLevelDsYr5 < 0.000) U[1,2] (Pt_SHFlg = -1.195))
",0.000,0.000,0.000,0.000,1.000,0,0,0,1,1,0,0,1,0.0,0,0,0.0,0.0,1.0
"((diagAgeCombo <= 0.000) U[1,1] (Pt_SHFlg = -1.195))
",0.000,0.000,0.000,0.000,1.000,0,0,0,1,1,0,0,1,0.0,0,0,0.0,0.0,1.0
"F[0,2](SMBGperDayPtMeterCombo <= 66.000 & Pt_SHFlg = -1.195)
",0.000,0.000,0.000,0.000,1.000,0,0,0,1,1,0,0,1,0.0,0,0,0.0,0.0,1.0
"((bmiPerc <= 30.119) U[0,1] (Pt_SHFlg = -1.195))
",0.000,0.000,0.000,0.000,1.000,0,0,0,1,1,0,0,1,0.0,0,0,0.0,0.0,1.0
"F[1,2](BUN >= 82.000 & Pt_SHFlg = -1.195)
",0.000,0.000,0.000,0.000,1.000,0,0,0,1,1,0,0,1,0.0,0,0,0.0,0.0,1.0
"((Pt_ChildT1D >= 0.000) U[0,1] (Pt_SHFlg = -1.195))
",0.000,0.000,0.000,0.000,1.000,0,0,0,1,1,0,0,1,0.0,0,0,0.0,0.0,1.0
"F[1,2](TotalDailyInsPerKg <= 13.000 & Pt_SHFlg = -1.195)
",0.000,0.000,0.000,0.000,1.000,0,0,0,1,1,0,0,1,0.0,0,0,0.0,0.0,1.0
"((GFR < 1.698) U[0,1] (Pt_SHFlg = -1.195))
",0.000,0.000,0.000,0.000,1.000,0,0,0,1,1,0,0,1,0.0,0,0,0.0,0.0,1.0
"((Pt_DKAFlg <= 0.000) U[1,2] (Pt_SHFlg = -1.195))
",0.000,0.000,0.000,0.000,1.000,0,0,0,1,1,0,0,1,0.0,0,0,0.0,0.0,1.0
"F[2,2]((TotChol <= 40.000 -> Pt_FatherT1D <= 0.000) -> Pt_InsGov <= 0.000)
",0.000,0.000,0.000,0.000,1.000,0,0,0,1,1,0,0,1,0.0,0,0,0.0,0.0,1.0
"F[0,2](BUN <= 82.000 | Pt_CGMUseNumDays <= 12500.000)
",0.000,0.000,0.000,0.000,1.000,0,0,0,1,1,0,0,1,0.0,0,0,0.0,0.0,1.0
"F[0,2]((Pt_ChildT1D >= 0.000 | LDL <= 0.513) | TotalDailyInsPerKg >= 0.513)
",0.000,0.000,0.000,0.000,1.000,0,0,0,1,1,0,0,1,0.0,0,0,0.0,0.0,1.0
"F[1,1](((age <= 0.000 -> UnitsInsBasalOrLongAct >= 0.000) -> Pt_SHFlg >= 0.000) | TotChol <= 0.000)
",0.000,0.000,0.000,0.000,1.000,0,0,0,1,1,0,0,1,0.0,0,0,0.0,0.0,1.0
"F[2,2](((bmiPerc >= 30.119 & NumPumpBolusOrShortAct <= 0.000) & bmi <= 0.000) & GFR <= 0.000)
",0.000,0.000,0.000,0.000,1.000,0,0,0,1,1,0,0,1,0.0,0,0,0.0,0.0,1.0
"F[1,2](diabDur >= 17.000 | diabDur >= 17.000)
",0.000,0.000,0.000,0.000,1.000,0,0,0,1,1,0,0,1,0.0,0,0,0.0,0.0,1.0
"((diagAgeCombo >= 0.000) U[0,0] (Pt_FatherT1D <= 0.000))
",0.000,0.000,0.000,0.000,1.000,0,0,0,1,1,0,0,1,0.0,0,0,0.0,0.0,1.0
"((Pt_DKAFlg >= 0.000) U[0,0] (Pt_DKAFlg <= 0.000))
",0.000,0.000,0.000,0.000,1.000,0,0,0,1,1,0,0,1,0.0,0,0,0.0,0.0,1.0
"F[2,2](((HbA1c >= 0.000 -> HbA1c <= 0.000) -> BUN <= 0.000) & diabDur <= 0.000)
",0.000,0.000,0.000,0.000,1.000,0,0,0,1,1,0,0,1,0.0,0,0,0.0,0.0,1.0
"F[2,2](Pt_MotherT1D <= 0.000 | LDL <= 0.513)
",0.000,0.000,0.000,0.000,1.000,0,0,0,1,1,0,0,1,0.0,0,0,0.0,0.0,1.0
"F[1,2]((Pt_InsGov >= 0.000 | TotChol >= 40.000) & age >= 40.000)
",0.000,0.000,0.000,0.000,1.000,0,0,0,1,1,0,0,1,0.0,0,0,0.0,0.0,1.0
"F[1,2]((bmiPerc <= 30.119 & Pt_DKAFlg >= 0.000) | Pt_CGMUseNumDays <= 0.000)
",0.000,0.000,0.000,0.000,1.000,0,0,0,1,1,0,0,1,0.0,0,0,0.0,0.0,1.0
"F[1,1](((NumPumpBolusOrShortAct <= 0.000 | BGTestAvgNumPtRep >= 0.000) | BGTestAvgNumPtRep <= 0.000) -> HDL >= 0.000)
",0.000,0.000,0.000,0.000,1.000,0,0,0,1,1,0,0,1,0.0,0,0,0.0,0.0,1.0
"((BldPrSys >= 1.000) U[2,2] (Pt_SiblingT1D <= 0.000))
",0.000,0.000,0.000,0.000,1.000,0,0,0,1,1,0,0,1,0.0,0,0,0.0,0.0,1.0
"((BldPrDia >= 112.000) U[1,1] (Pt_SHFlg >= -1.195))
",0.000,0.000,0.000,0.000,1.000,0,0,0,1,1,0,0,1,0.0,0,0,0.0,0.0,1.0
"F[1,2](Pt_SHFlg <= -1.195 & BUN >= 82.000)
",0.000,0.000,0.000,0.000,1.000,0,0,0,1,1,0,0,1,0.0,0,0,0.0,0.0,1.0
"F[0,2](((Pt_GrandchildT1D >= 0.000 -> BGTestAvgNumPtRep >= 0.000) -> Pt_SHFlg >= 0.000) | AlbCreatRat_mggNew <= 0.000)
",0.000,0.000,0.000,0.000,1.000,0,0,0,1,1,0,0,1,0.0,0,0,0.0,0.0,1.0
"F[0,1](AlbCreatRat_mggNew <= 10.000 | TotChol >= 40.000)
",0.000,0.000,0.000,0.000,1.000,0,0,0,1,1,0,0,1,0.0,0,0,0.0,0.0,1.0
"F[1,2](Pt_CGMUseNumDays <= 12500.000 & HeightCm >= 81.800)
",0.000,0.000,0.000,0.000,1.000,0,0,0,1,1,0,0,1,0.0,0,0,0.0,0.0,1.0
"((SMBGperDayPtMeterCombo < 66.000) U[0,2] (Pt_SHFlg = -1.195))
",0.000,0.000,0.000,0.000,1.000,0,0,0,1,1,0,0,1,0.0,0,0,0.0,0.0,1.0
"F[2,2](Pt_A1cGoalLevelDsYr5 < 0.000 & Pt_SHFlg = -1.195)
",0.000,0.000,0.000,0.000,1.000,0,0,0,1,1,0,0,1,0.0,0,0,0.0,0.0,1.0
"((NumPumpBolusOrShortAct <= 0.000) U[1,1] (UnitsInsBasalOrLongAct >= 0.000))
",0.000,0.000,0.000,0.000,1.000,0,0,0,1,1,0,0,1,0.0,0,0,0.0,0.0,1.0
"F[0,2](HbA1c >= 0.000 -> Pt_A1cGoalLevelDsYr5 = 0.000)
",0.000,0.000,0.000,0.000,1.000,0,0,0,1,1,0,0,1,0.0,0,0,0.0,0.0,1.0
"((BGTestAvgNumMeter >= 0.000) U[0,1] (BGTestAvgNumPtRep <= 0.000))
",0.000,0.000,0.000,0.000,1.000,0,0,0,1,1,0,0,1,0.0,0,0,0.0,0.0,1.0
"F[0,2](HbA1c >= 0.000 -> Pt_A1cGoalLevelDsYr5 = 0.000)
",0.000,0.000,0.000,0.000,1.000,0,0,0,1,1,0,0,1,0.0,0,0,0.0,0.0,1.0
"((BGTestAvgNumMeter >= 0.000) U[2,2] (BGTestAvgNumPtRep <= 0.000))
",0.000,0.000,0.000,0.000,1.000,0,0,0,1,1,0,0,1,0.0,0,0,0.0,0.0,1.0
"F[0,2](HbA1c >= 0.000 -> Pt_A1cGoalLevelDsYr5 = 0.000)
",0.000,0.000,0.000,0.000,1.000,0,0,0,1,1,0,0,1,0.0,0,0,0.0,0.0,1.0
"((BGTestAvgNumMeter >= 0.000) U[0,1] (BGTestAvgNumPtRep <= 0.000))
",0.000,0.000,0.000,0.000,1.000,0,0,0,1,1,0,0,1,0.0,0,0,0.0,0.0,1.0
"F[0,1](HbA1c >= 0.000 -> Pt_A1cGoalLevelDsYr5 = 0.000)
",0.000,0.000,0.000,0.000,1.000,0,0,0,1,1,0,0,1,0.0,0,0,0.0,0.0,1.0
"((BGTestAvgNumMeter >= 0.000) U[0,2] (BGTestAvgNumPtRep <= 0.000))
",0.000,0.000,0.000,0.000,1.000,0,0,0,1,1,0,0,1,0.0,0,0,0.0,0.0,1.0
"((BGTestAvgNumMeter >= 0.000) U[1,2] (BGTestAvgNumPtRep <= 0.000))
",0.000,0.000,0.000,0.000,1.000,0,0,0,1,1,0,0,1,0.0,0,0,0.0,0.0,1.0
"F[0,1](AlbCreatRat_mggNew < 10.000 -> Pt_SHFlg = -1.195)
",0.000,0.000,0.000,0.000,1.000,0,0,0,1,1,0,0,1,0.0,0,0,0.0,0.0,1.0
"F[0,2](HbA1c >= 0.000 -> Pt_A1cGoalLevelDsYr5 = 0.000)
",0.000,0.000,0.000,0.000,1.000,0,0,0,1,1,0,0,1,0.0,0,0,0.0,0.0,1.0
"((BGTestAvgNumMeter >= 0.000) U[0,1] (BGTestAvgNumPtRep <= 0.000))
",0.000,0.000,0.000,0.000,1.000,0,0,0,1,1,0,0,1,0.0,0,0,0.0,0.0,1.0
"F[0,1](HbA1c >= 0.000 -> Pt_A1cGoalLevelDsYr5 = 0.000)
",0.000,0.000,0.000,0.000,1.000,0,0,0,1,1,0,0,1,0.0,0,0,0.0,0.0,1.0
"((BGTestAvgNumMeter >= 0.000) U[1,2] (BGTestAvgNumPtRep <= 0.000))
",0.000,0.000,0.000,0.000,1.000,0,0,0,1,1,0,0,1,0.0,0,0,0.0,0.0,1.0
"F[0,1](HbA1c >= 0.000 -> Pt_A1cGoalLevelDsYr5 = 0.000)
",0.000,0.000,0.000,0.000,1.000,0,0,0,1,1,0,0,1,0.0,0,0,0.0,0.0,1.0
"((BGTestAvgNumMeter >= 0.000) U[0,1] (BGTestAvgNumPtRep <= 0.000))
",0.000,0.000,0.000,0.000,1.000,0,0,0,1,1,0,0,1,0.0,0,0,0.0,0.0,1.0
"F[1,1](HbA1c >= 0.000 -> Pt_A1cGoalLevelDsYr5 = 0.000)
",0.000,0.000,0.000,0.000,1.000,0,0,0,1,1,0,0,1,0.0,0,0,0.0,0.0,1.0
"F[0,0](HbA1c >= 0.000 -> Pt_A1cGoalLevelDsYr5 = 0.000)
",0.000,0.000,0.000,0.000,1.000,0,0,0,1,1,0,0,1,0.0,0,0,0.0,0.0,1.0
"F[0,2](age < 0.000 & Pt_SHFlg = -1.195)
",0.000,0.000,0.000,0.000,1.000,0,0,0,1,1,0,0,1,0.0,0,0,0.0,0.0,1.0
"((diagAgeCombo < 0.000) U[0,2] (Pt_SHFlg = -1.195))
",0.000,0.000,0.000,0.000,1.000,0,0,0,1,1,0,0,1,0.0,0,0,0.0,0.0,1.0
"F[0,2](Pt_DKAFlg <= 0.000 -> Pt_SHFlg = -1.195)
",0.000,0.000,0.000,0.000,1.000,0,0,0,1,1,0,0,1,0.0,0,0,0.0,0.0,1.0
"((Pt_A1cGoalLev < 3.000) U[0,2] (Pt_SHFlg = -1.195))
",0.000,0.000,0.000,0.000,1.000,0,0,0,1,1,0,0,1,0.0,0,0,0.0,0.0,1.0
"((TSH < 3.000) U[0,1] (Pt_SHFlg = -1.195))
",0.000,0.000,0.000,0.000,1.000,0,0,0,1,1,0,0,1,0.0,0,0,0.0,0.0,1.0
"((diabDur > 17.000) U[1,2] (Pt_SHFlg = -1.195))
",0.000,0.000,0.000,0.000,1.000,0,0,0,1,1,0,0,1,0.0,0,0,0.0,0.0,1.0
"F[0,2](Pt_FatherT1D > 0.000 & Pt_SHFlg = -1.195)
",0.000,0.000,0.000,0.000,1.000,0,0,0,1,1,0,0,1,0.0,0,0,0.0,0.0,1.0
"((TSH < 3.000) U[0,2] (Pt_SHFlg = -1.195))
",0.000,0.000,0.000,0.000,1.000,0,0,0,1,1,0,0,1,0.0,0,0,0.0,0.0,1.0
"((Pt_InsGov >= 0.000) U[1,2] (Pt_SHFlg = -1.195))
",0.000,0.000,0.000,0.000,1.000,0,0,0,1,1,0,0,1,0.0,0,0,0.0,0.0,1.0
"((Pt_GrandparentT1D <= 0.000) U[1,1] (Pt_SHFlg = -1.195))
",0.000,0.000,0.000,0.000,1.000,0,0,0,1,1,0,0,1,0.0,0,0,0.0,0.0,1.0
"F[1,1](Pt_GrandchildT1D < 0.000 & Pt_SHFlg = -1.195)
",0.000,0.000,0.000,0.000,1.000,0,0,0,1,1,0,0,1,0.0,0,0,0.0,0.0,1.0
"F[0,0](BUN > 82.000 -> Pt_SHFlg = -1.195)
",0.000,0.000,0.000,0.000,1.000,0,0,0,1,1,0,0,1,0.0,0,0,0.0,0.0,1.0
"((Pt_SHFlg > -1.195) U[0,2] (Pt_SHFlg = -1.195))
",0.000,0.000,0.000,0.000,1.000,0,0,0,1,1,0,0,1,0.0,0,0,0.0,0.0,1.0
"F[0,2](HeightCm >= 81.800 & Pt_SHFlg = -1.195)
",0.000,0.000,0.000,0.000,1.000,0,0,0,1,1,0,0,1,0.0,0,0,0.0,0.0,1.0
"((AutonomicNeuroCl < 10.700) U[1,1] (Pt_SHFlg = -1.195))
",0.000,0.000,0.000,0.000,1.000,0,0,0,1,1,0,0,1,0.0,0,0,0.0,0.0,1.0
"F[0,1](TotalDailyInsPerKg < 13.000 & Pt_SHFlg = -1.195)
",0.000,0.000,0.000,0.000,1.000,0,0,0,1,1,0,0,1,0.0,0,0,0.0,0.0,1.0
"((Pt_GrandparentT1D < 0.000) U[1,2] (Pt_SHFlg = -1.195))
",0.000,0.000,0.000,0.000,1.000,0,0,0,1,1,0,0,1,0.0,0,0,0.0,0.0,1.0
"F[2,2](Pt_FatherT1D > 0.000 -> Pt_SHFlg = -1.195)
",0.000,0.000,0.000,0.000,1.000,0,0,0,1,1,0,0,1,0.0,0,0,0.0,0.0,1.0
"F[1,1](age <= 0.000 -> Pt_CGMUseNumDays <= 12500.000)
",0.000,0.000,0.000,0.000,1.000,0,0,0,1,1,0,0,1,0.0,0,0,0.0,0.0,1.0
"F[0,2](((AlbCreatRat_mggNew <= 10.000 | AutonomicNeuroCl <= 10.700) | bmiZscore <= 10.700) & bmiPerc >= 10.700)
",0.000,0.000,0.000,0.000,1.000,0,0,0,1,1,0,0,1,0.0,0,0,0.0,0.0,1.0
"F[0,0]((Pt_SHFlg <= -1.195 | HeightCm >= 81.800) -> Pt_DKAFlg <= 81.800)
",0.000,0.000,0.000,0.000,1.000,0,0,0,1,1,0,0,1,0.0,0,0,0.0,0.0,1.0
"F[0,2](Pt_A1cGoalLevelDsYr5 <= 0.000 | UnitsInsBasalOrLongAct >= 0.000)
",0.000,0.000,0.000,0.000,1.000,0,0,0,1,1,0,0,1,0.0,0,0,0.0,0.0,1.0
"F[0,2]((diabDur <= 17.000 | UnitsInsBasalOrLongAct <= 0.000) | Pt_GrandparentT1D >= 0.000)
",0.000,0.000,0.000,0.000,1.000,0,0,0,1,1,0,0,1,0.0,0,0,0.0,0.0,1.0
"((BGTestAvgNumMeter <= 0.000) U[0,1] (BGTestAvgNumMeter <= 0.000))
",0.000,0.000,0.000,0.000,1.000,0,0,0,1,1,0,0,1,0.0,0,0,0.0,0.0,1.0
"F[1,1](((Pt_GrandparentT1D >= 0.000 -> bmiZscore <= 0.955) | LDL >= 0.955) & NumPumpBolusOrShortAct <= 0.955)
",0.000,0.000,0.000,0.000,1.000,0,0,0,1,1,0,0,1,0.0,0,0,0.0,0.0,1.0
"F[2,2](LDL <= 0.513 & bmiPerc >= 30.119)
",0.000,0.000,0.000,0.000,1.000,0,0,0,1,1,0,0,1,0.0,0,0,0.0,0.0,1.0
"((HbA1cImputeDtMnC >= 4.000) U[0,0] (bmiZscore >= 0.955))
",0.000,0.000,0.000,0.000,1.000,0,0,0,1,1,0,0,1,0.0,0,0,0.0,0.0,1.0
"F[1,2](((AutonomicNeuroCl >= 10.700 -> HDL <= 110.000) -> BUN <= 110.000) & BGTestAvgNumPtRep >= 110.000)
",0.000,0.000,0.000,0.000,1.000,0,0,0,1,1,0,0,1,0.0,0,0,0.0,0.0,1.0
"F[1,2]((TSH <= 3.000 | bmiPerc >= 30.119) -> BGTestAvgNumPtRep <= 30.119)
",0.000,0.000,0.000,0.000,1.000,0,0,0,1,1,0,0,1,0.0,0,0,0.0,0.0,1.0
"F[0,2]((HDL <= 110.000 & BUN >= 82.000) -> Triglyc <= 82.000)
",0.000,0.000,0.000,0.000,1.000,0,0,0,1,1,0,0,1,0.0,0,0,0.0,0.0,1.0
"F[1,2]((TSH >= 3.000 & BGTestAvgNumMeter >= 0.000) | Pt_ChildT1D >= 0.000)
",0.000,0.000,0.000,0.000,1.000,0,0,0,1,1,0,0,1,0.0,0,0,0.0,0.0,1.0
"F[0,1](((Pt_SHFlg <= -1.195 | diabDur <= 17.000) | BGTestAvgNumMeter <= 17.000) | Pt_MotherT1D <= 17.000)
",0.000,0.000,0.000,0.000,1.000,0,0,0,1,1,0,0,1,0.0,0,0,0.0,0.0,1.0
"F[1,2]((Pt_DKAFlg >= 0.000 & Triglyc >= 166.000) | Pt_SHFlg >= 166.000)
",0.000,0.000,0.000,0.000,1.000,0,0,0,1,1,0,0,1,0.0,0,0,0.0,0.0,1.0
"F[0,2]((diagAgeCombo >= 0.000 -> diabDur <= 17.000) | Pt_MotherT1D <= 17.000)
",0.000,0.000,0.000,0.000,1.000,0,0,0,1,1,0,0,1,0.0,0,0,0.0,0.0,1.0
"F[1,1](TotChol >= 40.000 | bmiZscore >= 0.955)
",0.000,0.000,0.000,0.000,1.000,0,0,0,1,1,0,0,1,0.0,0,0,0.0,0.0,1.0
"F[0,1](((bmi <= 0.000 & HDL >= 110.000) & AlbCreatRat_mggNew >= 110.000) | HbA1cImputeDtMnC >= 110.000)
",0.000,0.000,0.000,0.000,1.000,0,0,0,1,1,0,0,1,0.0,0,0,0.0,0.0,1.0
"F[0,2](((BGTestAvgNumMeter >= 0.000 -> Pt_GrandparentT1D <= 0.000) | Pt_MotherT1D <= 0.000) & BGTestAvgNumPtRep <= 0.000)
",0.000,0.000,0.000,0.000,1.000,0,0,0,1,1,0,0,1,0.0,0,0,0.0,0.0,1.0
"F[0,2]((TSH <= 3.000 -> Pt_FatherT1D <= 0.000) -> Pt_SHFlg <= 0.000)
",0.000,0.000,0.000,0.000,1.000,0,0,0,1,1,0,0,1,0.0,0,0,0.0,0.0,1.0
"F[2,2](((HbA1c >= 0.000 | bmiZscore <= 0.955) | BUN >= 0.955) | Pt_DKAFlg <= 0.955)
",0.000,0.000,0.000,0.000,1.000,0,0,0,1,1,0,0,1,0.0,0,0,0.0,0.0,1.0
"F[2,2](((Pt_SiblingT1D <= 0.000 & TSH >= 3.000) & Pt_ChildT1D <= 3.000) | WeightKg <= 3.000)
",0.000,0.000,0.000,0.000,1.000,0,0,0,1,1,0,0,1,0.0,0,0,0.0,0.0,1.0
"((Pt_SHFlg <= -1.195) U[0,1] (BGTestAvgNumPtRep <= 0.000))
",0.000,0.000,0.000,0.000,1.000,0,0,0,1,1,0,0,1,0.0,0,0,0.0,0.0,1.0
"F[1,2](((TSH >= 3.000 & UnitsInsBasalOrLongAct >= 0.000) & Pt_MotherT1D <= 0.000) -> BGTestAvgNumPtRep <= 0.000)
",0.000,0.000,0.000,0.000,1.000,0,0,0,1,1,0,0,1,0.0,0,0,0.0,0.0,1.0
"F[1,2](HeightCm >= 81.800 & TSH >= 3.000)
",0.000,0.000,0.000,0.000,1.000,0,0,0,1,1,0,0,1,0.0,0,0,0.0,0.0,1.0
"F[1,2](WeightKg >= 3.000 | diabDur <= 17.000)
",0.000,0.000,0.000,0.000,1.000,0,0,0,1,1,0,0,1,0.0,0,0,0.0,0.0,1.0
"F[0,1]((GFR >= 1.698 | Pt_SHFlg >= -1.195) | BldPrSys >= -1.195)
",0.000,0.000,0.000,0.000,1.000,0,0,0,1,1,0,0,1,0.0,0,0,0.0,0.0,1.0
"F[1,2](UnitsInsBasalOrLongAct >= 0.000 & Pt_GrandparentT1D <= 0.000)
",0.000,0.000,0.000,0.000,1.000,0,0,0,1,1,0,0,1,0.0,0,0,0.0,0.0,1.0
"((BGTestAvgNumMeter >= 0.000) U[2,2] (BGTestAvgNumPtRep <= 0.000))
",0.000,0.000,0.000,0.000,1.000,0,0,0,1,1,0,0,1,0.0,0,0,0.0,0.0,1.0
"F[0,2]((WeightKg <= 3.000 | HbA1cImputeDtMnC >= 4.000) -> BldPrSys >= 4.000)
",0.000,0.000,0.000,0.000,1.000,0,0,0,1,1,0,0,1,0.0,0,0,0.0,0.0,1.0
"F[1,2]((Pt_ChildT1D <= 0.000 | TotChol <= 40.000) & Pt_DKAFlg <= 40.000)
",0.000,0.000,0.000,0.000,1.000,0,0,0,1,1,0,0,1,0.0,0,0,0.0,0.0,1.0
"((TotChol <= 40.000) U[0,2] (SMBGperDayPtMeterCombo >= 66.000))
",0.000,0.000,0.000,0.000,1.000,0,0,0,1,1,0,0,1,0.0,0,0,0.0,0.0,1.0
"F[0,0](Pt_SiblingT1D <= 0.000 | Pt_GrandparentT1D >= 0.000)
",0.000,0.000,0.000,0.000,1.000,0,0,0,1,1,0,0,1,0.0,0,0,0.0,0.0,1.0
"((Pt_MotherT1D >= 0.000) U[0,1] (diabDur <= 17.000))
",0.000,0.000,0.000,0.000,1.000,0,0,0,1,1,0,0,1,0.0,0,0,0.0,0.0,1.0
"F[0,2](((AlbCreatRat_mggNew >= 10.000 -> BUN <= 82.000) | HDL >= 82.000) | LDL <= 82.000)
",0.000,0.000,0.000,0.000,1.000,0,0,0,1,1,0,0,1,0.0,0,0,0.0,0.0,1.0
"F[0,2]((HeightCm >= 81.800 | TotChol >= 40.000) & HDL <= 40.000)
",0.000,0.000,0.000,0.000,1.000,0,0,0,1,1,0,0,1,0.0,0,0,0.0,0.0,1.0
"F[1,1](BGTestAvgNumMeter >= 0.000 & age <= 0.000)
",0.000,0.000,0.000,0.000,1.000,0,0,0,1,1,0,0,1,0.0,0,0,0.0,0.0,1.0
"((Pt_CGMUseNumDays >= 12500.000) U[0,0] (Pt_GrandchildT1D >= 0.000))
",0.000,0.000,0.000,0.000,1.000,0,0,0,1,1,0,0,1,0.0,0,0,0.0,0.0,1.0
"F[0,2](bmi >= 0.000 & Pt_MotherT1D >= 0.000)
",0.000,0.000,0.000,0.000,1.000,0,0,0,1,1,0,0,1,0.0,0,0,0.0,0.0,1.0
"F[0,0]((WeightKg >= 3.000 -> BldPrDia >= 112.000) | HDL <= 112.000)
",0.000,0.000,0.000,0.000,1.000,0,0,0,1,1,0,0,1,0.0,0,0,0.0,0.0,1.0
"F[0,2]((WeightKg >= 3.000 -> Pt_CGMUseNumDays <= 12500.000) -> UnitsInsBasalOrLongAct <= 12500.000)
",0.000,0.000,0.000,0.000,1.000,0,0,0,1,1,0,0,1,0.0,0,0,0.0,0.0,1.0
"((Pt_CGMUseNumDays >= 12500.000) U[1,2] (NumPumpBolusOrShortAct <= 0.000))
",0.000,0.000,0.000,0.000,1.000,0,0,0,1,1,0,0,1,0.0,0,0,0.0,0.0,1.0
"((Triglyc >= 166.000) U[1,2] (AutonomicNeuroCl >= 10.700))
",0.000,0.000,0.000,0.000,1.000,0,0,0,1,1,0,0,1,0.0,0,0,0.0,0.0,1.0
"F[0,1]((Pt_GrandparentT1D <= 0.000 -> bmi >= 0.000) -> bmi >= 0.000)
",0.000,0.000,0.000,0.000,1.000,0,0,0,1,1,0,0,1,0.0,0,0,0.0,0.0,1.0
"F[0,2]((Pt_A1cGoalLev <= 3.000 | BldPrDia <= 112.000) & GFR >= 112.000)
",0.000,0.000,0.000,0.000,1.000,0,0,0,1,1,0,0,1,0.0,0,0,0.0,0.0,1.0
"((HDL >= 110.000) U[0,0] (UnitsInsBasalOrLongAct >= 0.000))
",0.000,0.000,0.000,0.000,1.000,0,0,0,1,1,0,0,1,0.0,0,0,0.0,0.0,1.0
"F[0,1](((UnitsInsBasalOrLongAct >= 0.000 & BGTestAvgNumMeter <= 0.000) -> TotalDailyInsPerKg >= 0.000) -> diabDur >= 0.000)
",0.000,0.000,0.000,0.000,1.000,0,0,0,1,1,0,0,1,0.0,0,0,0.0,0.0,1.0
"F[1,2]((HeightCm <= 81.800 & HeightCm >= 81.800) -> Pt_GrandchildT1D <= 81.800)
",0.000,0.000,0.000,0.000,1.000,0,0,0,1,1,0,0,1,0.0,0,0,0.0,0.0,1.0
"F[0,0]((AlbCreatRat_mggNew >= 10.000 | SMBGperDayPtMeterCombo >= 66.000) | Pt_InsGov <= 66.000)
",0.000,0.000,0.000,0.000,1.000,0,0,0,1,1,0,0,1,0.0,0,0,0.0,0.0,1.0
"F[0,1](((UnitsInsBasalOrLongAct >= 0.000 & HbA1cImputeDtMnC <= 4.000) -> Pt_DKAFlg <= 4.000) | age <= 4.000)
",0.000,0.000,0.000,0.000,1.000,0,0,0,1,1,0,0,1,0.0,0,0,0.0,0.0,1.0
"F[0,0](DirectLDL <= 164.800 & BldPrDia <= 112.000)
",0.000,0.000,0.000,0.000,1.000,0,0,0,1,1,0,0,1,0.0,0,0,0.0,0.0,1.0
"F[1,2]((diabDur >= 17.000 | Pt_ChildT1D >= 0.000) -> Pt_DKAFlg <= 0.000)
",0.000,0.000,0.000,0.000,1.000,0,0,0,1,1,0,0,1,0.0,0,0,0.0,0.0,1.0
"F[0,2]((GFR >= 1.698 | BUN <= 82.000) | BGTestAvgNumPtRep <= 82.000)
",0.000,0.000,0.000,0.000,1.000,0,0,0,1,1,0,0,1,0.0,0,0,0.0,0.0,1.0
"((HDL <= 110.000) U[1,1] (WeightKg >= 3.000))
",0.000,0.000,0.000,0.000,1.000,0,0,0,1,1,0,0,1,0.0,0,0,0.0,0.0,1.0
"F[0,2](Pt_SHFlg <= -1.195 & Pt_SHFlg >= -1.195)
",0.000,0.000,0.000,0.000,1.000,0,0,0,1,1,0,0,1,0.0,0,0,0.0,0.0,1.0
"F[0,1](BldPrDia <= 112.000 | Pt_ChildT1D <= 0.000)
",0.000,0.000,0.000,0.000,1.000,0,0,0,1,1,0,0,1,0.0,0,0,0.0,0.0,1.0
"F[0,1]((BGTestAvgNumPtRep >= 0.000 -> LDL >= 0.513) | age <= 0.513)
",0.000,0.000,0.000,0.000,1.000,0,0,0,1,1,0,0,1,0.0,0,0,0.0,0.0,1.0
"F[0,1](GFR <= 1.698 -> Pt_MotherT1D <= 0.000)
",0.000,0.000,0.000,0.000,1.000,0,0,0,1,1,0,0,1,0.0,0,0,0.0,0.0,1.0
"((HeightCm >= 81.800) U[1,2] (WeightKg <= 3.000))
",0.000,0.000,0.000,0.000,1.000,0,0,0,1,1,0,0,1,0.0,0,0,0.0,0.0,1.0
"F[0,0](DirectLDL >= 164.800 -> BldPrSys >= 1.000)
",0.000,0.000,0.000,0.000,1.000,0,0,0,1,1,0,0,1,0.0,0,0,0.0,0.0,1.0
"F[1,2](bmiPerc >= 30.119 -> BUN >= 82.000)
",0.000,0.000,0.000,0.000,1.000,0,0,0,1,1,0,0,1,0.0,0,0,0.0,0.0,1.0
"((HeightCm >= 81.800) U[0,2] (diabDur >= 17.000))
",0.000,0.000,0.000,0.000,1.000,0,0,0,1,1,0,0,1,0.0,0,0,0.0,0.0,1.0
"F[2,2](((Pt_InsGov <= 0.000 & Pt_ChildT1D >= 0.000) & LDL >= 0.000) -> diabDur <= 0.000)
",0.000,0.000,0.000,0.000,1.000,0,0,0,1,1,0,0,1,0.0,0,0,0.0,0.0,1.0
"F[1,2](BGTestAvgNumPtRep <= 0.000 & GFR <= 1.698)
",0.000,0.000,0.000,0.000,1.000,0,0,0,1,1,0,0,1,0.0,0,0,0.0,0.0,1.0
"F[1,2]((HbA1cImputeDtMnC <= 4.000 & bmiPerc <= 30.119) & Pt_A1cGoalLev <= 30.119)
",0.000,0.000,0.000,0.000,1.000,0,0,0,1,1,0,0,1,0.0,0,0,0.0,0.0,1.0
"F[2,2]((GFR <= 1.698 | HbA1c <= 0.000) -> Pt_InsGov <= 0.000)
",0.000,0.000,0.000,0.000,1.000,0,0,0,1,1,0,0,1,0.0,0,0,0.0,0.0,1.0
"F[1,1](((Triglyc >= 166.000 -> HbA1cImputeDtMnC >= 4.000) | Pt_A1cGoalLev <= 4.000) & SMBGperDayPtMeterCombo <= 4.000)
",0.000,0.000,0.000,0.000,1.000,0,0,0,1,1,0,0,1,0.0,0,0,0.0,0.0,1.0
"F[0,1](AutonomicNeuroCl >= 10.700 -> BldPrSys <= 1.000)
",0.000,0.000,0.000,0.000,1.000,0,0,0,1,1,0,0,1,0.0,0,0,0.0,0.0,1.0
"F[1,1](AlbCreatRat_mggNew >= 10.000 & Pt_InsGov <= 0.000)
",0.000,0.000,0.000,0.000,1.000,0,0,0,1,1,0,0,1,0.0,0,0,0.0,0.0,1.0
"((HbA1cImputeDtMnC <= 4.000) U[0,2] (Triglyc <= 166.000))
",0.000,0.000,0.000,0.000,1.000,0,0,0,1,1,0,0,1,0.0,0,0,0.0,0.0,1.0
"F[0,0]((Pt_SiblingT1D <= 0.000 & Pt_CGMUseNumDays >= 12500.000) -> Pt_SHFlg >= 12500.000)
",0.000,0.000,0.000,0.000,1.000,0,0,0,1,1,0,0,1,0.0,0,0,0.0,0.0,1.0
"F[0,0](((HbA1c >= 0.000 -> WeightKg >= 3.000) | HDL <= 3.000) -> TSH <= 3.000)
",0.000,0.000,0.000,0.000,1.000,0,0,0,1,1,0,0,1,0.0,0,0,0.0,0.0,1.0
"((Pt_CGMUseNumDays <= 12500.000) U[0,2] (BldPrDia >= 112.000))
",0.000,0.000,0.000,0.000,1.000,0,0,0,1,1,0,0,1,0.0,0,0,0.0,0.0,1.0
"F[0,1]((Pt_GrandchildT1D >= 0.000 | DirectLDL <= 164.800) -> DirectLDL <= 164.800)
",0.000,0.000,0.000,0.000,1.000,0,0,0,1,1,0,0,1,0.0,0,0,0.0,0.0,1.0
"F[2,2](((Pt_DKAFlg <= 0.000 -> TSH >= 3.000) -> bmiPerc >= 3.000) | BGTestAvgNumMeter <= 3.000)
",0.000,0.000,0.000,0.000,1.000,0,0,0,1,1,0,0,1,0.0,0,0,0.0,0.0,1.0
"F[0,0]((AlbCreatRat_mggNew >= 10.000 & BGTestAvgNumPtRep >= 0.000) | Pt_InsGov <= 0.000)
",0.000,0.000,0.000,0.000,1.000,0,0,0,1,1,0,0,1,0.0,0,0,0.0,0.0,1.0
"F[0,2](((HbA1cImputeDtMnC <= 4.000 -> NumPumpBolusOrShortAct <= 0.000) & Pt_ChildT1D <= 0.000) | Triglyc >= 0.000)
",0.000,0.000,0.000,0.000,1.000,0,0,0,1,1,0,0,1,0.0,0,0,0.0,0.0,1.0
"((diagAgeCombo <= 0.000) U[0,1] (Triglyc >= 166.000))
",0.000,0.000,0.000,0.000,1.000,0,0,0,1,1,0,0,1,0.0,0,0,0.0,0.0,1.0
