Rule,Discrimination Score,Pos Robustness,Neg Robustness,Percent Class +,Percent Class -,TP,TN,FP,FN,Actual Yes,Actual No,Predicted Yes,Predicted No,TPR/Sens,TNR/Spec,FPR,Precision,Accuracy,MCR,Class
"G[0,1](((BGTestAvgNumMeter >= 0.736 | age >= 33.906) & Pt_FatherT1D >= 33.085) -> Pt_SHFlg >= 33.307)
",9999999.000,9999999.000,0.000,1.000,0.000,3,0,0,0,3,0,3,0,1.0,0.0,0.0,1.0,1.0,0.0,1
"F[0,0](((Pt_A1cGoalLevelDsYr5 <= 0.000 -> SMBGperDayPtMeterCombo <= 3.901) & SMBGperDayPtMeterCombo <= 3.388) & HbA1c <= 3.711)
",-32.224,-69.612,0.000,0.000,1.000,3,0,0,0,3,0,3,0,1.0,0.0,0.0,1.0,1.0,0.0,-1
"G[0,1](NumPumpBolusOrShortAct >= 0.371 | AlbCreatRat_mggNew >= 0.000)
",9999999.000,9999999.000,0.000,1.000,0.000,3,0,0,0,3,0,3,0,1.0,0.0,0.0,1.0,1.0,0.0,1
"G[0,0](((Pt_A1cGoalLev <= 5.927 & Pt_FatherT1D <= 0.000) & Pt_InsGov >= 0.000) | diagAgeCombo <= 0.000)
",0.000,0.000,0.000,1.000,0.000,3,0,0,0,3,0,3,0,1.0,0.0,0.0,1.0,1.0,0.0,1
"G[1,1](Pt_GrandchildT1D < 0.000 -> Pt_SHFlg = 0.000)
",0.000,0.000,0.000,1.000,0.000,3,0,0,0,3,0,3,0,1.0,0.0,0.0,1.0,1.0,0.0,1
"G[0,1](((BUN >= 0.295 & HbA1c <= 7.856) | HbA1c >= 5.289) -> BldPrSys >= 0.516)
",9999999.000,9999999.000,0.000,1.000,0.000,3,0,0,0,3,0,3,0,1.0,0.0,0.0,1.0,1.0,0.0,1
"G[0,1](((Pt_DKAFlg <= 0.000 -> BldPrDia >= 73.582) & Pt_ChildT1D >= 71.572) -> Triglyc >= 71.692)
",9999999.000,9999999.000,0.000,1.000,0.000,3,0,0,0,3,0,3,0,1.0,0.0,0.0,1.0,1.0,0.0,1
"G[0,1]((HbA1c <= 8.780 | DirectLDL >= 0.000) -> Pt_A1cGoalLev >= 0.000)
",9999999.000,9999999.000,0.000,1.000,0.000,3,0,0,0,3,0,3,0,1.0,0.0,0.0,1.0,1.0,0.0,1
"G[1,1](((Triglyc <= 29.610 & BGTestAvgNumPtRep >= 0.445) & Pt_DKAFlg <= 4.209) -> Pt_SHFlg <= 2.551)
",-2.551,-2.551,0.000,1.000,0.000,3,0,0,0,3,0,3,0,1.0,0.0,0.0,1.0,1.0,0.0,1
"G[0,1](TSH <= 1.939 | Pt_SHFlg >= 0.000)
",9999999.000,9999999.000,0.000,1.000,0.000,3,0,0,0,3,0,3,0,1.0,0.0,0.0,1.0,1.0,0.0,1
"G[0,0](Pt_GrandparentT1D >= 0.000 | AutonomicNeuroCl <= 0.000)
",0.000,0.000,0.000,1.000,0.000,3,0,0,0,3,0,3,0,1.0,0.0,0.0,1.0,1.0,0.0,1
"G[0,0](WeightKg >= 65.202 | Pt_FatherT1D <= 0.000)
",-0.707,-4.667,0.000,1.000,0.000,3,0,0,0,3,0,3,0,1.0,0.0,0.0,1.0,1.0,0.0,1
"G[0,1]((Pt_A1cGoalLev <= 4.214 & AlbCreatRat_mggNew <= 0.000) | Pt_GrandparentT1D <= 0.000)
",9999999.000,9999999.000,0.000,1.000,0.000,3,0,0,0,3,0,3,0,1.0,0.0,0.0,1.0,1.0,0.0,1
"G[0,0]((HDL <= 49.582 | Pt_InsGov <= 0.000) -> Triglyc >= 0.000)
",-1.414,-33.054,0.000,1.000,0.000,3,0,0,0,3,0,3,0,1.0,0.0,0.0,1.0,1.0,0.0,1
"G[0,1](Pt_MotherT1D <= 0.000 | AlbCreatRat_mggNew <= 0.000)
",9999999.000,9999999.000,0.000,1.000,0.000,3,0,0,0,3,0,3,0,1.0,0.0,0.0,1.0,1.0,0.0,1
"G[0,1](GFR <= 0.000 & Pt_SHFlg = 0.000)
",9999999.000,9999999.000,0.000,1.000,0.000,3,0,0,0,3,0,3,0,1.0,0.0,0.0,1.0,1.0,0.0,1
"G[0,0](TotChol > 27.729 -> Pt_SHFlg = 0.000)
",-0.015,-0.604,0.000,1.000,0.000,3,0,0,0,3,0,3,0,1.0,0.0,0.0,1.0,1.0,0.0,1
"G[0,1](Pt_InsGov >= 0.000 -> Pt_SHFlg = 0.000)
",9999999.000,9999999.000,0.000,1.000,0.000,3,0,0,0,3,0,3,0,1.0,0.0,0.0,1.0,1.0,0.0,1
"G[0,0](((HbA1cImputeDtMnC <= 48.967 | NumPumpBolusOrShortAct >= 0.212) | Pt_ChildT1D <= 1.846) -> SMBGperDayPtMeterCombo >= 0.062)
",-33.764,-72.938,0.000,1.000,0.000,3,0,0,0,3,0,3,0,1.0,0.0,0.0,1.0,1.0,0.0,1
"G[0,0]((LDL >= 9.015 & Triglyc >= 8.795) | Pt_GrandchildT1D <= 43.932)
",43.932,43.932,0.000,1.000,0.000,3,0,0,0,3,0,3,0,1.0,0.0,0.0,1.0,1.0,0.0,1
"F[1,1](((NumPumpBolusOrShortAct <= 0.584 -> BldPrSys >= 111.139) & Pt_InsGov >= 110.002) | Pt_A1cGoalLevelDsYr5 >= 111.502)
",-110.002,-110.002,0.000,0.000,1.000,3,0,0,0,3,0,3,0,1.0,0.0,0.0,1.0,1.0,0.0,-1
"F[0,0]((Pt_InsGov >= 0.000 | TSH <= 2.278) -> HeightCm <= 2.048)
",-0.840,-0.852,0.000,0.000,1.000,3,0,0,0,3,0,3,0,1.0,0.0,0.0,1.0,1.0,0.0,-1
"F[0,1]((Pt_FatherT1D >= 0.000 -> BGTestAvgNumMeter >= 1.032) & Pt_InsGov >= 0.615)
",-9999999.000,-9999999.000,0.000,0.000,1.000,3,0,0,0,3,0,3,0,1.0,0.0,0.0,1.0,1.0,0.0,-1
"F[0,1](((bmi <= 24.330 & bmiZscore >= -0.828) | HbA1c >= -0.584) & TotalDailyInsPerKg <= -0.384)
",-9999999.000,-9999999.000,0.000,0.000,1.000,3,0,0,0,3,0,3,0,1.0,0.0,0.0,1.0,1.0,0.0,-1
"((bmi >= 21.835) U[0,0] (TotChol >= 24.337))
",0.146,5.664,0.000,0.000,1.000,3,0,0,0,3,0,3,0,1.0,0.0,0.0,1.0,1.0,0.0,-1
"F[0,1](((bmi <= 23.440 & Triglyc >= 1.503) & Pt_A1cGoalLev >= 10.137) | HeightCm <= 29.210)
",-9999999.000,-9999999.000,0.000,0.000,1.000,3,0,0,0,3,0,3,0,1.0,0.0,0.0,1.0,1.0,0.0,-1
"F[0,0]((TotChol <= 51.296 & WeightKg >= 66.777) & DirectLDL >= 66.796)
",-79.335,-64.777,0.000,0.000,1.000,3,0,0,0,3,0,3,0,1.0,0.0,0.0,1.0,1.0,0.0,-1
"F[1,1](((HDL >= 11.986 | TotChol <= 138.639) -> DirectLDL >= 0.639) & age >= 11.637)
",-138.639,-138.639,0.000,0.000,1.000,3,0,0,0,3,0,3,0,1.0,0.0,0.0,1.0,1.0,0.0,-1
"F[1,1](((BGTestAvgNumMeter <= 1.493 & UnitsInsBasalOrLongAct <= 17.437) | AutonomicNeuroCl <= 13.307) -> AutonomicNeuroCl >= 6.400)
",-7490962810988909.000,-13.307,0.000,0.000,1.000,3,0,0,0,3,0,3,0,1.0,0.0,0.0,1.0,1.0,0.0,-1
"F[1,1](((BldPrSys <= 113.016 | HeightCm >= 173.035) & Pt_FatherT1D <= 173.109) & Pt_SiblingT1D >= 173.003)
",-6087001520299965.000,-173.003,0.000,0.000,1.000,3,0,0,0,3,0,3,0,1.0,0.0,0.0,1.0,1.0,0.0,-1
"((Pt_SHFlg < 0.000) U[1,1] (Pt_SHFlg = 0.000))
",0.000,0.000,0.000,0.000,1.000,3,0,0,0,3,0,3,0,1.0,0.0,0.0,1.0,1.0,0.0,-1
"F[0,1](((BUN <= 9.853 & HbA1cImputeDtMnC >= 1.703) -> GFR <= 46.985) & HeightCm <= 38.057)
",-9999999.000,-9999999.000,0.000,0.000,1.000,3,0,0,0,3,0,3,0,1.0,0.0,0.0,1.0,1.0,0.0,-1
"F[0,1](HeightCm >= 173.021 & Triglyc >= 3.758)
",-9999999.000,-9999999.000,0.000,0.000,1.000,3,0,0,0,3,0,3,0,1.0,0.0,0.0,1.0,1.0,0.0,-1
"F[0,1]((DirectLDL >= 0.000 & diagAgeCombo <= 31.000) & Pt_A1cGoalLevelDsYr5 >= 31.000)
",-9999999.000,-9999999.000,0.000,0.000,1.000,3,0,0,0,3,0,3,0,1.0,0.0,0.0,1.0,1.0,0.0,-1
"((Pt_SHFlg > 0.000) U[1,2] (Pt_SHFlg = 0.000))
",-9999999.000,-9999999.000,0.000,0.000,1.000,3,0,0,0,3,0,3,0,1.0,0.0,0.0,1.0,1.0,0.0,-1
"F[0,1]((diabDur >= 4.438 & Pt_A1cGoalLev >= 0.867) | AlbCreatRat_mggNew >= 0.550)
",-9999999.000,-9999999.000,0.000,0.000,1.000,3,0,0,0,3,0,3,0,1.0,0.0,0.0,1.0,1.0,0.0,-1
"G[0,0]((diagAgeCombo >= 31.000 -> bmi <= 23.164) | Pt_MotherT1D <= 24.604)
",24.604,24.604,0.000,1.000,0.000,3,0,0,0,3,0,3,0,1.0,0.0,0.0,1.0,1.0,0.0,1
"F[0,1](((BldPrSys <= 116.899 | diabDur <= 4.949) & BGTestAvgNumPtRep <= 6.623) & age <= 5.815)
",-9999999.000,-9999999.000,0.000,0.000,1.000,3,0,0,0,3,0,3,0,1.0,0.0,0.0,1.0,1.0,0.0,-1
"G[0,0]((Pt_CGMUseNumDays <= 5.047 | HbA1c <= 7.446) -> GFR <= 8.795)
",-45.596,-9.281,0.000,1.000,0.000,3,0,0,0,3,0,3,0,1.0,0.0,0.0,1.0,1.0,0.0,1
"G[0,0]((BGTestAvgNumMeter <= 1.683 | BGTestAvgNumMeter >= 1.079) | HbA1cImputeDtMnC <= 1.513)
",1.621,13.175,0.000,1.000,0.000,3,0,0,0,3,0,3,0,1.0,0.0,0.0,1.0,1.0,0.0,1
"G[0,1](((UnitsInsBasalOrLongAct >= 5.354 & HDL >= 20.793) | bmiPerc <= 31.090) -> AlbCreatRat_mggNew <= 95.546)
",9999999.000,9999999.000,0.000,1.000,0.000,3,0,0,0,3,0,3,0,1.0,0.0,0.0,1.0,1.0,0.0,1
"G[1,1]((GFR >= 0.000 -> Pt_GrandchildT1D <= 0.000) | AlbCreatRat_mggNew <= 0.000)
",0.000,0.000,0.000,1.000,0.000,3,0,0,0,3,0,3,0,1.0,0.0,0.0,1.0,1.0,0.0,1
"G[0,0](((HeightCm <= 173.224 | GFR <= 0.000) | TSH >= 0.000) -> bmiPerc <= 0.000)
",-19.340,-102.424,0.000,1.000,0.000,3,0,0,0,3,0,3,0,1.0,0.0,0.0,1.0,1.0,0.0,1
"G[1,1](Pt_A1cGoalLevelDsYr5 <= 0.000 | AutonomicNeuroCl >= 0.000)
",0.000,0.000,0.000,1.000,0.000,3,0,0,0,3,0,3,0,1.0,0.0,0.0,1.0,1.0,0.0,1
"G[0,1](Pt_CGMUseNumDays >= 2.076 -> WeightKg <= 73.206)
",9999999.000,9999999.000,0.000,1.000,0.000,3,0,0,0,3,0,3,0,1.0,0.0,0.0,1.0,1.0,0.0,1
"G[1,1](((BGTestAvgNumMeter <= 1.376 | bmiZscore >= -0.628) -> Pt_InsGov >= -0.599) | UnitsInsBasalOrLongAct >= -0.769)
",6930034392636229.000,0.769,0.000,1.000,0.000,3,0,0,0,3,0,3,0,1.0,0.0,0.0,1.0,1.0,0.0,1
"G[0,1](AutonomicNeuroCl > 0.000 -> Pt_SHFlg = 0.000)
",9999999.000,9999999.000,0.000,1.000,0.000,3,0,0,0,3,0,3,0,1.0,0.0,0.0,1.0,1.0,0.0,1
"G[0,1](HbA1cImputeDtMnC <= 63.588 | Pt_SHFlg >= 0.000)
",9999999.000,9999999.000,0.000,1.000,0.000,3,0,0,0,3,0,3,0,1.0,0.0,0.0,1.0,1.0,0.0,1
"G[1,1]((NumPumpBolusOrShortAct <= 1.581 & Triglyc <= 67.631) -> HbA1c <= 26.617)
",-26.617,-26.617,0.000,1.000,0.000,3,0,0,0,3,0,3,0,1.0,0.0,0.0,1.0,1.0,0.0,1
"G[1,1]((BldPrDia <= 74.992 -> TotChol <= 111.992) | Pt_CGMUseNumDays >= 25.943)
",-25.943,-25.943,0.000,1.000,0.000,3,0,0,0,3,0,3,0,1.0,0.0,0.0,1.0,1.0,0.0,1
"G[1,1](((BGTestAvgNumPtRep >= 0.414 -> bmi <= 22.913) & GFR >= 22.061) -> BGTestAvgNumPtRep >= 21.508)
",21.508,21.508,0.000,1.000,0.000,3,0,0,0,3,0,3,0,1.0,0.0,0.0,1.0,1.0,0.0,1
"G[0,1](Pt_InsGov <= 0.000 | Pt_SiblingT1D >= 0.000)
",9999999.000,9999999.000,0.000,1.000,0.000,3,0,0,0,3,0,3,0,1.0,0.0,0.0,1.0,1.0,0.0,1
"G[0,1](((bmiZscore <= -0.315 & HbA1cImputeDtMnC <= 38.499) -> BldPrDia <= 43.057) | TSH <= 49.412)
",9999999.000,9999999.000,0.000,1.000,0.000,3,0,0,0,3,0,3,0,1.0,0.0,0.0,1.0,1.0,0.0,1
"G[0,0](((age <= 37.234 | diabDur <= 6.587) -> bmiPerc >= 2.131) -> HDL <= 7.432)
",0.354,7.457,0.000,1.000,0.000,3,0,0,0,3,0,3,0,1.0,0.0,0.0,1.0,1.0,0.0,1
"G[0,1]((TotChol <= 64.314 -> Pt_MotherT1D <= 0.000) & DirectLDL >= 0.000)
",9999999.000,9999999.000,0.000,1.000,0.000,3,0,0,0,3,0,3,0,1.0,0.0,0.0,1.0,1.0,0.0,1
"G[0,1]((SMBGperDayPtMeterCombo >= 1.175 | bmiPerc <= 0.000) & Pt_A1cGoalLevelDsYr5 >= 0.000)
",9999999.000,9999999.000,0.000,1.000,0.000,3,0,0,0,3,0,3,0,1.0,0.0,0.0,1.0,1.0,0.0,1
"G[1,1]((HeightCm <= 173.083 | LDL >= 23.120) & HbA1c <= 46.138)
",46.138,46.138,0.000,1.000,0.000,3,0,0,0,3,0,3,0,1.0,0.0,0.0,1.0,1.0,0.0,1
"G[1,1](((BGTestAvgNumPtRep >= 1.164 | HbA1c >= 2.660) & age >= 0.750) | BUN >= 1.013)
",-1.013,-1.013,0.000,1.000,0.000,3,0,0,0,3,0,3,0,1.0,0.0,0.0,1.0,1.0,0.0,1
"G[1,1]((HbA1c <= 6.824 -> WeightKg <= 74.227) -> Pt_GrandchildT1D <= 69.785)
",-69.785,-69.785,0.000,1.000,0.000,3,0,0,0,3,0,3,0,1.0,0.0,0.0,1.0,1.0,0.0,1
"G[0,1](((BldPrDia <= 75.655 | HbA1cImputeDtMnC >= 23.380) -> WeightKg >= 4.392) | SMBGperDayPtMeterCombo <= 35.163)
",9999999.000,9999999.000,0.000,1.000,0.000,3,0,0,0,3,0,3,0,1.0,0.0,0.0,1.0,1.0,0.0,1
"G[0,0](TotalDailyInsPerKg <= 0.667 | Pt_A1cGoalLev <= 4.740)
",-1.905,-5.000,0.000,1.000,0.000,3,0,0,0,3,0,3,0,1.0,0.0,0.0,1.0,1.0,0.0,1
"G[0,1](((Pt_A1cGoalLev >= 0.510 & HeightCm >= 173.032) -> HbA1cImputeDtMnC <= 173.162) -> Triglyc <= 173.086)
",9999999.000,9999999.000,0.000,1.000,0.000,3,0,0,0,3,0,3,0,1.0,0.0,0.0,1.0,1.0,0.0,1
"G[0,1](((bmi <= 23.739 & HbA1c <= 7.940) & BGTestAvgNumMeter <= 8.521) -> Pt_DKAFlg <= 7.980)
",9999999.000,9999999.000,0.000,1.000,0.000,3,0,0,0,3,0,3,0,1.0,0.0,0.0,1.0,1.0,0.0,1
"G[1,1](Pt_SiblingT1D >= 0.000 | BGTestAvgNumPtRep >= 1.498)
",0.000,0.000,0.000,1.000,0.000,3,0,0,0,3,0,3,0,1.0,0.0,0.0,1.0,1.0,0.0,1
"G[0,1](((Pt_InsGov <= 0.000 -> Pt_InsGov <= 0.000) & LDL <= 0.000) -> AlbCreatRat_mggNew >= 0.000)
",9999999.000,9999999.000,0.000,1.000,0.000,3,0,0,0,3,0,3,0,1.0,0.0,0.0,1.0,1.0,0.0,1
"G[1,1]((TotalDailyInsPerKg >= 0.204 -> BldPrSys >= 111.551) -> Pt_MotherT1D <= 116.346)
",-116.346,-116.346,0.000,1.000,0.000,3,0,0,0,3,0,3,0,1.0,0.0,0.0,1.0,1.0,0.0,1
"G[0,1](((TSH >= 0.242 | Pt_SiblingT1D >= 0.000) | SMBGperDayPtMeterCombo >= 0.000) & Triglyc >= 0.000)
",9999999.000,9999999.000,0.000,1.000,0.000,3,0,0,0,3,0,3,0,1.0,0.0,0.0,1.0,1.0,0.0,1
"G[1,1]((Pt_SHFlg <= 0.000 -> Pt_FatherT1D >= 0.000) | GFR <= 0.000)
",0.000,0.000,0.000,1.000,0.000,3,0,0,0,3,0,3,0,1.0,0.0,0.0,1.0,1.0,0.0,1
"G[0,1](Pt_A1cGoalLevelDsYr5 <= 0.000 & bmiPerc <= 0.000)
",9999999.000,9999999.000,0.000,1.000,0.000,3,0,0,0,3,0,3,0,1.0,0.0,0.0,1.0,1.0,0.0,1
"G[1,1](((TotChol <= 100.164 -> TotChol <= 57.794) & HbA1c >= 14.581) -> BGTestAvgNumPtRep >= 25.902)
",25.902,25.902,0.000,1.000,0.000,3,0,0,0,3,0,3,0,1.0,0.0,0.0,1.0,1.0,0.0,1
"G[1,1]((BldPrSys <= 115.264 | Pt_CGMUseNumDays <= 12.420) | HbA1cImputeDtMnC >= 0.913)
",8110985284400509.000,115.264,0.000,1.000,0.000,3,0,0,0,3,0,3,0,1.0,0.0,0.0,1.0,1.0,0.0,1
"G[1,1](HeightCm >= 173.026 -> TotalDailyInsPerKg >= 0.273)
",0.273,0.273,0.000,1.000,0.000,3,0,0,0,3,0,3,0,1.0,0.0,0.0,1.0,1.0,0.0,1
"G[0,1]((DirectLDL >= 0.000 | HeightCm <= 173.221) & Pt_SHFlg <= 173.097)
",9999999.000,9999999.000,0.000,1.000,0.000,3,0,0,0,3,0,3,0,1.0,0.0,0.0,1.0,1.0,0.0,1
"F[1,1]((HbA1c <= 8.170 | Pt_DKAFlg <= 0.000) & UnitsInsBasalOrLongAct <= 0.000)
",0.000,0.000,0.000,0.000,1.000,2,0,0,1,3,0,2,1,0.6666666666666666,0.0,0.0,1.0,0.6666666666666666,0.33333333333333337,-1
"((BUN <= 9.261) U[0,0] (TSH >= 0.476))
",2.209,7.015,0.000,0.000,1.000,2,0,0,1,3,0,2,1,0.6666666666666666,0.0,0.0,1.0,0.6666666666666666,0.33333333333333337,-1
"((Pt_CGMUseNumDays >= 0.946) U[1,2] (TotChol <= 108.314))
",-9999999.000,-9999999.000,0.000,0.000,1.000,2,0,0,1,3,0,2,1,0.6666666666666666,0.0,0.0,1.0,0.6666666666666666,0.33333333333333337,-1
"F[1,1]((age >= 34.660 -> BldPrSys >= 112.148) -> BGTestAvgNumPtRep >= 110.058)
",-34.660,-34.660,0.000,0.000,1.000,2,0,0,1,3,0,2,1,0.6666666666666666,0.0,0.0,1.0,0.6666666666666666,0.33333333333333337,-1
"F[0,0](((HeightCm <= 173.149 -> NumPumpBolusOrShortAct >= 0.394) & BldPrDia >= 0.152) -> TSH >= 0.269)
",-1.121,-1.398,0.000,0.000,1.000,2,0,0,1,3,0,2,1,0.6666666666666666,0.0,0.0,1.0,0.6666666666666666,0.33333333333333337,-1
"F[1,1](BGTestAvgNumMeter <= 1.605 -> NumPumpBolusOrShortAct >= 0.327)
",-7228386908660557.000,-1.605,0.000,0.000,1.000,2,0,0,1,3,0,2,1,0.6666666666666666,0.0,0.0,1.0,0.6666666666666666,0.33333333333333337,-1
"F[0,1]((AlbCreatRat_mggNew <= 0.000 & TSH >= 0.253) & bmiZscore <= 0.802)
",-9999999.000,-9999999.000,0.000,0.000,1.000,2,0,0,1,3,0,2,1,0.6666666666666666,0.0,0.0,1.0,0.6666666666666666,0.33333333333333337,-1
"F[1,1](((BldPrDia >= 73.765 & BUN >= 1.549) -> Pt_FatherT1D <= 7.553) -> HbA1c <= 7.494)
",-7.494,-7.494,0.000,0.000,1.000,2,0,0,1,3,0,2,1,0.6666666666666666,0.0,0.0,1.0,0.6666666666666666,0.33333333333333337,-1
"F[1,1](BldPrSys >= 110.869 -> TSH >= 0.069)
",0.069,0.069,0.000,0.000,1.000,2,0,0,1,3,0,2,1,0.6666666666666666,0.0,0.0,1.0,0.6666666666666666,0.33333333333333337,-1
"((HbA1cImputeDtMnC <= 61.745) U[0,0] (UnitsInsBasalOrLongAct >= 1.426))
",42.953,60.745,0.000,0.000,1.000,2,0,0,1,3,0,2,1,0.6666666666666666,0.0,0.0,1.0,0.6666666666666666,0.33333333333333337,-1
"F[0,0](((TotChol >= 12.840 | Pt_CGMUseNumDays >= 0.735) -> TotalDailyInsPerKg <= 3.015) -> NumPumpBolusOrShortAct >= 1.296)
",1.296,1.296,0.000,0.000,1.000,2,0,0,1,3,0,2,1,0.6666666666666666,0.0,0.0,1.0,0.6666666666666666,0.33333333333333337,-1
"F[0,0](Pt_GrandparentT1D >= 0.000 -> BGTestAvgNumMeter <= 1.533)
",-0.707,-0.511,0.000,0.000,1.000,2,0,0,1,3,0,2,1,0.6666666666666666,0.0,0.0,1.0,0.6666666666666666,0.33333333333333337,-1
"((age >= 33.857) U[0,1] (Pt_A1cGoalLev >= 0.485))
",-9999999.000,-9999999.000,0.000,0.000,1.000,2,0,0,1,3,0,2,1,0.6666666666666666,0.0,0.0,1.0,0.6666666666666666,0.33333333333333337,-1
"((age >= 35.682) U[1,2] (diabDur <= 6.987))
",-9999999.000,-9999999.000,0.000,0.000,1.000,2,0,0,1,3,0,2,1,0.6666666666666666,0.0,0.0,1.0,0.6666666666666666,0.33333333333333337,-1
"G[0,1]((WeightKg >= 64.291 | bmi >= 21.683) -> UnitsInsBasalOrLongAct <= 18.412)
",9999999.000,9999999.000,0.000,1.000,0.000,2,0,0,1,3,0,2,1,0.6666666666666666,0.0,0.0,1.0,0.6666666666666666,0.33333333333333337,1
"G[0,1](((BGTestAvgNumPtRep >= 0.067 | HbA1cImputeDtMnC <= 64.720) & Pt_GrandparentT1D <= 69.333) | UnitsInsBasalOrLongAct >= 33.054)
",9999999.000,9999999.000,0.000,1.000,0.000,2,0,0,1,3,0,2,1,0.6666666666666666,0.0,0.0,1.0,0.6666666666666666,0.33333333333333337,1
"G[0,1](SMBGperDayPtMeterCombo <= 2.908 -> UnitsInsBasalOrLongAct >= 5.555)
",9999999.000,9999999.000,0.000,1.000,0.000,2,0,0,1,3,0,2,1,0.6666666666666666,0.0,0.0,1.0,0.6666666666666666,0.33333333333333337,1
"G[0,0](age <= 38.332 & HeightCm <= 173.096)
",38.332,38.332,0.000,1.000,0.000,2,0,0,1,3,0,2,1,0.6666666666666666,0.0,0.0,1.0,0.6666666666666666,0.33333333333333337,1
"G[0,0]((bmi >= 21.876 -> bmiZscore >= -0.606) & bmiPerc >= -0.697)
",-0.606,-0.606,0.000,1.000,0.000,2,0,0,1,3,0,2,1,0.6666666666666666,0.0,0.0,1.0,0.6666666666666666,0.33333333333333337,1
"G[0,0](SMBGperDayPtMeterCombo >= 1.052 & BGTestAvgNumPtRep >= 1.025)
",-0.030,-0.025,0.000,1.000,0.000,2,0,0,1,3,0,2,1,0.6666666666666666,0.0,0.0,1.0,0.6666666666666666,0.33333333333333337,1
"G[0,1](((Triglyc >= 3.604 -> AutonomicNeuroCl >= 0.000) -> TSH <= 0.000) & Pt_InsGov >= 0.000)
",9999999.000,9999999.000,0.000,1.000,0.000,2,0,0,1,3,0,2,1,0.6666666666666666,0.0,0.0,1.0,0.6666666666666666,0.33333333333333337,1
"G[0,1](diabDur >= 3.173 | TotChol >= 15.110)
",9999999.000,9999999.000,0.000,1.000,0.000,2,0,0,1,3,0,2,1,0.6666666666666666,0.0,0.0,1.0,0.6666666666666666,0.33333333333333337,1
"G[0,1](BGTestAvgNumPtRep <= 3.205 | BUN >= 2.092)
",9999999.000,9999999.000,0.000,1.000,0.000,2,0,0,1,3,0,2,1,0.6666666666666666,0.0,0.0,1.0,0.6666666666666666,0.33333333333333337,1
"G[1,1]((WeightKg >= 67.682 | bmi >= 22.661) -> UnitsInsBasalOrLongAct <= 19.939)
",-19.939,-19.939,0.000,1.000,0.000,2,0,0,1,3,0,2,1,0.6666666666666666,0.0,0.0,1.0,0.6666666666666666,0.33333333333333337,1
"G[1,1](UnitsInsBasalOrLongAct >= 8.740 | WeightKg >= 67.320)
",-8.740,-8.740,0.000,1.000,0.000,2,0,0,1,3,0,2,1,0.6666666666666666,0.0,0.0,1.0,0.6666666666666666,0.33333333333333337,1
"G[0,1](TotalDailyInsPerKg <= 0.570 | NumPumpBolusOrShortAct >= 0.019)
",9999999.000,9999999.000,0.000,1.000,0.000,2,0,0,1,3,0,2,1,0.6666666666666666,0.0,0.0,1.0,0.6666666666666666,0.33333333333333337,1
"G[0,1](age >= 35.890 -> HbA1cImputeDtMnC <= 70.443)
",9999999.000,9999999.000,0.000,1.000,0.000,2,0,0,1,3,0,2,1,0.6666666666666666,0.0,0.0,1.0,0.6666666666666666,0.33333333333333337,1
"G[1,1](BldPrSys >= 110.128 -> SMBGperDayPtMeterCombo <= 2.947)
",-2.947,-2.947,0.000,1.000,0.000,2,0,0,1,3,0,2,1,0.6666666666666666,0.0,0.0,1.0,0.6666666666666666,0.33333333333333337,1
"G[0,1](bmiZscore <= -0.408 | HbA1c <= 6.798)
",9999999.000,9999999.000,0.000,1.000,0.000,2,0,0,1,3,0,2,1,0.6666666666666666,0.0,0.0,1.0,0.6666666666666666,0.33333333333333337,1
"G[0,1](((age <= 36.347 -> SMBGperDayPtMeterCombo <= 3.313) | bmiZscore >= 2.119) & BldPrDia >= 1.990)
",9999999.000,9999999.000,0.000,1.000,0.000,2,0,0,1,3,0,2,1,0.6666666666666666,0.0,0.0,1.0,0.6666666666666666,0.33333333333333337,1
"F[0,1]((BGTestAvgNumMeter >= 0.169 | TotalDailyInsPerKg <= 0.712) -> UnitsInsBasalOrLongAct <= 0.659)
",-9999999.000,-9999999.000,0.000,0.000,1.000,1,0,0,2,3,0,1,2,0.3333333333333333,0.0,0.0,1.0,0.3333333333333333,0.6666666666666667,-1
"F[0,0]((HbA1cImputeDtMnC >= 26.440 & BldPrDia >= 71.292) | Triglyc >= 73.495)
",-17.989,-25.440,0.000,0.000,1.000,1,0,0,2,3,0,1,2,0.3333333333333333,0.0,0.0,1.0,0.3333333333333333,0.6666666666666667,-1
"((HeightCm <= 173.077) U[0,1] (UnitsInsBasalOrLongAct <= 18.365))
",-9999999.000,-9999999.000,0.000,0.000,1.000,1,0,0,2,3,0,1,2,0.3333333333333333,0.0,0.0,1.0,0.3333333333333333,0.6666666666666667,-1
"((bmi <= 23.356) U[0,1] (UnitsInsBasalOrLongAct >= 6.037))
",-9999999.000,-9999999.000,0.000,0.000,1.000,1,0,0,2,3,0,1,2,0.3333333333333333,0.0,0.0,1.0,0.3333333333333333,0.6666666666666667,-1
"F[1,1](HDL >= 4.560 | Triglyc >= 14.696)
",-4.560,-4.560,0.000,0.000,1.000,1,0,0,2,3,0,1,2,0.3333333333333333,0.0,0.0,1.0,0.3333333333333333,0.6666666666666667,-1
"((age >= 34.026) U[1,2] (UnitsInsBasalOrLongAct <= 15.982))
",-9999999.000,-9999999.000,0.000,0.000,1.000,1,0,0,2,3,0,1,2,0.3333333333333333,0.0,0.0,1.0,0.3333333333333333,0.6666666666666667,-1
"F[0,1](((age >= 35.260 -> LDL >= 1.346) & TSH <= 66.586) | HDL >= 0.780)
",-9999999.000,-9999999.000,0.000,0.000,1.000,1,0,0,2,3,0,1,2,0.3333333333333333,0.0,0.0,1.0,0.3333333333333333,0.6666666666666667,-1
"((LDL <= 86.994) U[1,1] (TSH <= 1.440))
",86.994,86.994,0.000,0.000,1.000,1,0,0,2,3,0,1,2,0.3333333333333333,0.0,0.0,1.0,0.3333333333333333,0.6666666666666667,-1
"((WeightKg >= 64.910) U[1,2] (Pt_SiblingT1D >= 0.000))
",-9999999.000,-9999999.000,0.000,0.000,1.000,1,0,0,2,3,0,1,2,0.3333333333333333,0.0,0.0,1.0,0.3333333333333333,0.6666666666666667,-1
"((BldPrDia >= 72.922) U[1,1] (Pt_MotherT1D <= 0.000))
",0.000,0.000,0.000,0.000,1.000,1,0,0,2,3,0,1,2,0.3333333333333333,0.0,0.0,1.0,0.3333333333333333,0.6666666666666667,-1
"F[0,1](((age >= 34.762 -> TotalDailyInsPerKg <= 0.391) & Pt_ChildT1D <= 0.430) -> WeightKg <= 0.414)
",-9999999.000,-9999999.000,0.000,0.000,1.000,1,0,0,2,3,0,1,2,0.3333333333333333,0.0,0.0,1.0,0.3333333333333333,0.6666666666666667,-1
"((BGTestAvgNumMeter >= 0.710) U[1,1] (BGTestAvgNumPtRep <= 4.432))
",4.432,4.432,0.000,0.000,1.000,1,0,0,2,3,0,1,2,0.3333333333333333,0.0,0.0,1.0,0.3333333333333333,0.6666666666666667,-1
"F[0,1](((HbA1cImputeDtMnC <= 81.610 & TotalDailyInsPerKg >= 0.102) & AutonomicNeuroCl <= 0.420) -> AutonomicNeuroCl >= 0.217)
",-9999999.000,-9999999.000,0.000,0.000,1.000,1,0,0,2,3,0,1,2,0.3333333333333333,0.0,0.0,1.0,0.3333333333333333,0.6666666666666667,-1
"((NumPumpBolusOrShortAct < 2.586) U[1,2] (Pt_SHFlg = 0.000))
",-9999999.000,-9999999.000,0.000,0.000,1.000,1,0,0,2,3,0,1,2,0.3333333333333333,0.0,0.0,1.0,0.3333333333333333,0.6666666666666667,-1
"F[0,0]((bmiZscore <= -0.468 & HDL <= 77.078) & age >= 19.702)
",-19.702,-19.702,0.000,0.000,1.000,1,0,0,2,3,0,1,2,0.3333333333333333,0.0,0.0,1.0,0.3333333333333333,0.6666666666666667,-1
"((BGTestAvgNumMeter >= 0.617) U[1,2] (BGTestAvgNumPtRep <= 4.877))
",-9999999.000,-9999999.000,0.000,0.000,1.000,1,0,0,2,3,0,1,2,0.3333333333333333,0.0,0.0,1.0,0.3333333333333333,0.6666666666666667,-1
"((Pt_MotherT1D >= 0.000) U[0,1] (HDL >= 19.203))
",-9999999.000,-9999999.000,0.000,0.000,1.000,1,0,0,2,3,0,1,2,0.3333333333333333,0.0,0.0,1.0,0.3333333333333333,0.6666666666666667,-1
"F[0,0](TotalDailyInsPerKg < 0.756 & Pt_SHFlg = 0.000)
",-1.881,-56.310,0.000,0.000,1.000,1,0,0,2,3,0,1,2,0.3333333333333333,0.0,0.0,1.0,0.3333333333333333,0.6666666666666667,-1
"((BGTestAvgNumMeter >= 0.973) U[1,2] (BGTestAvgNumPtRep <= 4.695))
",-9999999.000,-9999999.000,0.000,0.000,1.000,1,0,0,2,3,0,1,2,0.3333333333333333,0.0,0.0,1.0,0.3333333333333333,0.6666666666666667,-1
"F[0,1]((BUN >= 2.440 | WeightKg <= 71.057) & TotalDailyInsPerKg <= 69.429)
",-9999999.000,-9999999.000,0.000,0.000,1.000,1,0,0,2,3,0,1,2,0.3333333333333333,0.0,0.0,1.0,0.3333333333333333,0.6666666666666667,-1
"((BldPrSys >= 110.053) U[1,2] (UnitsInsBasalOrLongAct <= 16.401))
",-9999999.000,-9999999.000,0.000,0.000,1.000,1,0,0,2,3,0,1,2,0.3333333333333333,0.0,0.0,1.0,0.3333333333333333,0.6666666666666667,-1
"((Pt_A1cGoalLevelDsYr5 <= 0.000) U[1,1] (bmiZscore >= -0.725))
",0.725,0.725,0.000,0.000,1.000,1,0,0,2,3,0,1,2,0.3333333333333333,0.0,0.0,1.0,0.3333333333333333,0.6666666666666667,-1
"((BUN >= 2.456) U[0,0] (diabDur >= 1.411))
",3.052,48.908,0.000,0.000,1.000,1,0,0,2,3,0,1,2,0.3333333333333333,0.0,0.0,1.0,0.3333333333333333,0.6666666666666667,-1
"F[0,1](LDL >= 17.533 & Pt_SHFlg = 0.000)
",-9999999.000,-9999999.000,0.000,0.000,1.000,1,0,0,2,3,0,1,2,0.3333333333333333,0.0,0.0,1.0,0.3333333333333333,0.6666666666666667,-1
"F[0,1](age >= 35.139 -> TSH >= 0.705)
",-9999999.000,-9999999.000,0.000,0.000,1.000,1,0,0,2,3,0,1,2,0.3333333333333333,0.0,0.0,1.0,0.3333333333333333,0.6666666666666667,-1
"F[0,1]((TSH <= 1.543 -> WeightKg <= 68.951) | Pt_FatherT1D >= 67.673)
",-9999999.000,-9999999.000,0.000,0.000,1.000,1,0,0,2,3,0,1,2,0.3333333333333333,0.0,0.0,1.0,0.3333333333333333,0.6666666666666667,-1
"((HbA1cImputeDtMnC <= 52.589) U[1,2] (TotChol <= 125.970))
",-9999999.000,-9999999.000,0.000,0.000,1.000,1,0,0,2,3,0,1,2,0.3333333333333333,0.0,0.0,1.0,0.3333333333333333,0.6666666666666667,-1
"((HbA1cImputeDtMnC <= 37.119) U[1,2] (SMBGperDayPtMeterCombo <= 4.631))
",-9999999.000,-9999999.000,0.000,0.000,1.000,1,0,0,2,3,0,1,2,0.3333333333333333,0.0,0.0,1.0,0.3333333333333333,0.6666666666666667,-1
"((NumPumpBolusOrShortAct <= 2.088) U[1,2] (UnitsInsBasalOrLongAct >= 3.345))
",-9999999.000,-9999999.000,0.000,0.000,1.000,1,0,0,2,3,0,1,2,0.3333333333333333,0.0,0.0,1.0,0.3333333333333333,0.6666666666666667,-1
"F[0,0](BldPrSys <= 114.391 | TotalDailyInsPerKg <= 0.560)
",114.391,114.391,0.000,0.000,1.000,1,0,0,2,3,0,1,2,0.3333333333333333,0.0,0.0,1.0,0.3333333333333333,0.6666666666666667,-1
"((BldPrDia >= 73.187) U[1,1] (bmiZscore >= -0.602))
",0.602,0.602,0.000,0.000,1.000,1,0,0,2,3,0,1,2,0.3333333333333333,0.0,0.0,1.0,0.3333333333333333,0.6666666666666667,-1
"F[1,1]((AlbCreatRat_mggNew <= 0.000 & Pt_CGMUseNumDays >= 2.196) -> Pt_GrandchildT1D >= 2.020)
",2.020,2.020,0.000,0.000,1.000,1,0,0,2,3,0,1,2,0.3333333333333333,0.0,0.0,1.0,0.3333333333333333,0.6666666666666667,-1
"F[0,1](BldPrDia <= 76.754 -> bmi <= 23.627)
",-9999999.000,-9999999.000,0.000,0.000,1.000,1,0,0,2,3,0,1,2,0.3333333333333333,0.0,0.0,1.0,0.3333333333333333,0.6666666666666667,-1
"F[1,1](BGTestAvgNumMeter >= 0.009 & BGTestAvgNumPtRep <= 2.047)
",-0.009,-0.009,0.000,0.000,1.000,1,0,0,2,3,0,1,2,0.3333333333333333,0.0,0.0,1.0,0.3333333333333333,0.6666666666666667,-1
"F[1,1](Pt_CGMUseNumDays <= 8.713 -> TSH <= 1.081)
",-8.713,-8.713,0.000,0.000,1.000,1,0,0,2,3,0,1,2,0.3333333333333333,0.0,0.0,1.0,0.3333333333333333,0.6666666666666667,-1
"F[0,1]((bmi >= 21.389 | WeightKg >= 63.905) | HbA1c >= 62.660)
",-9999999.000,-9999999.000,0.000,0.000,1.000,1,0,0,2,3,0,1,2,0.3333333333333333,0.0,0.0,1.0,0.3333333333333333,0.6666666666666667,-1
"((BldPrDia >= 72.763) U[0,0] (diabDur <= 5.771))
",84.649,39.904,0.000,0.000,1.000,1,0,0,2,3,0,1,2,0.3333333333333333,0.0,0.0,1.0,0.3333333333333333,0.6666666666666667,-1
"F[0,1](((HbA1c <= 7.389 | HDL >= 14.283) & SMBGperDayPtMeterCombo <= 43.785) & HbA1cImputeDtMnC <= 65.051)
",-9999999.000,-9999999.000,0.000,0.000,1.000,1,0,0,2,3,0,1,2,0.3333333333333333,0.0,0.0,1.0,0.3333333333333333,0.6666666666666667,-1
"((BGTestAvgNumMeter >= 0.740) U[1,2] (NumPumpBolusOrShortAct <= 2.239))
",-9999999.000,-9999999.000,0.000,0.000,1.000,1,0,0,2,3,0,1,2,0.3333333333333333,0.0,0.0,1.0,0.3333333333333333,0.6666666666666667,-1
"((NumPumpBolusOrShortAct >= 0.087) U[0,1] (WeightKg >= 65.187))
",-9999999.000,-9999999.000,0.000,0.000,1.000,1,0,0,2,3,0,1,2,0.3333333333333333,0.0,0.0,1.0,0.3333333333333333,0.6666666666666667,-1
"F[0,0](((BGTestAvgNumPtRep >= 0.358 & NumPumpBolusOrShortAct <= 1.235) & TotChol <= 2.281) -> UnitsInsBasalOrLongAct >= 0.080)
",-1.114,-0.599,0.000,0.000,1.000,1,0,0,2,3,0,1,2,0.3333333333333333,0.0,0.0,1.0,0.3333333333333333,0.6666666666666667,-1
"((bmi <= 23.113) U[1,2] (Pt_SiblingT1D >= 0.000))
",-9999999.000,-9999999.000,0.000,0.000,1.000,1,0,0,2,3,0,1,2,0.3333333333333333,0.0,0.0,1.0,0.3333333333333333,0.6666666666666667,-1
"((BGTestAvgNumMeter >= 0.215) U[1,2] (BGTestAvgNumPtRep <= 4.605))
",-9999999.000,-9999999.000,0.000,0.000,1.000,1,0,0,2,3,0,1,2,0.3333333333333333,0.0,0.0,1.0,0.3333333333333333,0.6666666666666667,-1
"F[0,1]((TotChol >= 19.269 -> NumPumpBolusOrShortAct >= 0.190) -> Pt_A1cGoalLev >= 0.412)
",-9999999.000,-9999999.000,0.000,0.000,1.000,1,0,0,2,3,0,1,2,0.3333333333333333,0.0,0.0,1.0,0.3333333333333333,0.6666666666666667,-1
"G[0,1]((TotChol <= 120.148 -> Triglyc >= 14.080) -> TSH >= 3.176)
",9999999.000,9999999.000,0.000,1.000,0.000,1,0,0,2,3,0,1,2,0.3333333333333333,0.0,0.0,1.0,0.3333333333333333,0.6666666666666667,1
"G[0,1]((HbA1c >= 3.716 -> Pt_A1cGoalLevelDsYr5 <= 0.000) & HDL <= 0.000)
",9999999.000,9999999.000,0.000,1.000,0.000,1,0,0,2,3,0,1,2,0.3333333333333333,0.0,0.0,1.0,0.3333333333333333,0.6666666666666667,1
"G[1,1](((SMBGperDayPtMeterCombo <= 2.764 -> Pt_A1cGoalLevelDsYr5 <= 0.000) & TotChol >= 0.000) & HbA1c <= 0.000)
",-2.764,-2.764,0.000,1.000,0.000,1,0,0,2,3,0,1,2,0.3333333333333333,0.0,0.0,1.0,0.3333333333333333,0.6666666666666667,1
"G[0,1](BldPrSys <= 116.314 & NumPumpBolusOrShortAct <= 1.095)
",9999999.000,9999999.000,0.000,1.000,0.000,1,0,0,2,3,0,1,2,0.3333333333333333,0.0,0.0,1.0,0.3333333333333333,0.6666666666666667,1
"G[0,1](((NumPumpBolusOrShortAct >= 0.287 | Pt_A1cGoalLev >= 0.056) | BldPrSys <= 2.444) -> Pt_MotherT1D >= 1.071)
",9999999.000,9999999.000,0.000,1.000,0.000,1,0,0,2,3,0,1,2,0.3333333333333333,0.0,0.0,1.0,0.3333333333333333,0.6666666666666667,1
"G[1,1](UnitsInsBasalOrLongAct <= 13.923 | TotalDailyInsPerKg >= 0.086)
",13.923,13.923,0.000,1.000,0.000,1,0,0,2,3,0,1,2,0.3333333333333333,0.0,0.0,1.0,0.3333333333333333,0.6666666666666667,1
"G[0,1](SMBGperDayPtMeterCombo >= 1.543 & BGTestAvgNumPtRep >= 0.983)
",9999999.000,9999999.000,0.000,1.000,0.000,1,0,0,2,3,0,1,2,0.3333333333333333,0.0,0.0,1.0,0.3333333333333333,0.6666666666666667,1
"G[0,1](BldPrDia <= 77.007 & NumPumpBolusOrShortAct <= 1.826)
",9999999.000,9999999.000,0.000,1.000,0.000,1,0,0,2,3,0,1,2,0.3333333333333333,0.0,0.0,1.0,0.3333333333333333,0.6666666666666667,1
"G[0,1]((WeightKg >= 62.184 | bmi >= 21.093) -> UnitsInsBasalOrLongAct <= 15.467)
",9999999.000,9999999.000,0.000,1.000,0.000,1,0,0,2,3,0,1,2,0.3333333333333333,0.0,0.0,1.0,0.3333333333333333,0.6666666666666667,1
"G[0,1]((BldPrSys <= 112.784 & HbA1c >= 2.128) & Pt_ChildT1D <= 7.285)
",9999999.000,9999999.000,0.000,1.000,0.000,1,0,0,2,3,0,1,2,0.3333333333333333,0.0,0.0,1.0,0.3333333333333333,0.6666666666666667,1
"G[0,1](HbA1c >= 6.550 & TotalDailyInsPerKg >= 0.020)
",9999999.000,9999999.000,0.000,1.000,0.000,1,0,0,2,3,0,1,2,0.3333333333333333,0.0,0.0,1.0,0.3333333333333333,0.6666666666666667,1
"G[1,1](TotalDailyInsPerKg >= 0.146 & Pt_SHFlg = 0.000)
",-0.146,-0.146,0.000,1.000,0.000,1,0,0,2,3,0,1,2,0.3333333333333333,0.0,0.0,1.0,0.3333333333333333,0.6666666666666667,1
"G[0,1]((bmi <= 23.378 | Pt_CGMUseNumDays >= 1.784) & Pt_GrandchildT1D <= 13.314)
",9999999.000,9999999.000,0.000,1.000,0.000,1,0,0,2,3,0,1,2,0.3333333333333333,0.0,0.0,1.0,0.3333333333333333,0.6666666666666667,1
"G[1,1](SMBGperDayPtMeterCombo >= 1.828 & BGTestAvgNumPtRep >= 0.636)
",-8233917742859733.000,-1.828,0.000,1.000,0.000,1,0,0,2,3,0,1,2,0.3333333333333333,0.0,0.0,1.0,0.3333333333333333,0.6666666666666667,1
"G[0,1]((BGTestAvgNumMeter <= 1.868 & WeightKg <= 69.947) & TSH <= 68.527)
",9999999.000,9999999.000,0.000,1.000,0.000,1,0,0,2,3,0,1,2,0.3333333333333333,0.0,0.0,1.0,0.3333333333333333,0.6666666666666667,1
"G[0,1](SMBGperDayPtMeterCombo >= 1.185 & BGTestAvgNumPtRep >= 0.345)
",9999999.000,9999999.000,0.000,1.000,0.000,1,0,0,2,3,0,1,2,0.3333333333333333,0.0,0.0,1.0,0.3333333333333333,0.6666666666666667,1
"G[0,1](SMBGperDayPtMeterCombo >= 2.443 & BGTestAvgNumPtRep >= 0.554)
",9999999.000,9999999.000,0.000,1.000,0.000,1,0,0,2,3,0,1,2,0.3333333333333333,0.0,0.0,1.0,0.3333333333333333,0.6666666666666667,1
"F[0,2](TotChol < 78.177 -> Pt_SHFlg = 0.000)
",-9999999.000,-9999999.000,0.000,0.000,1.000,0,0,0,3,3,0,0,3,0.0,0.0,0.0,0.0,0.0,1.0,-1
"F[0,2]((HDL >= 16.041 | LDL <= 64.144) | Pt_A1cGoalLev <= 80.250)
",-9999999.000,-9999999.000,0.000,0.000,1.000,0,0,0,3,3,0,0,3,0.0,0.0,0.0,0.0,0.0,1.0,-1
"F[2,2](((BldPrDia <= 75.366 & bmiZscore >= -0.657) | age >= -0.629) -> bmiZscore <= -0.348)
",-0.657,-0.657,0.000,0.000,1.000,0,0,0,3,3,0,0,3,0.0,0.0,0.0,0.0,0.0,1.0,-1
"F[0,2]((BldPrSys <= 115.653 & Pt_GrandparentT1D >= 0.000) | HbA1c >= 0.000)
",-9999999.000,-9999999.000,0.000,0.000,1.000,0,0,0,3,3,0,0,3,0.0,0.0,0.0,0.0,0.0,1.0,-1
"F[0,2]((TSH <= 1.195 & Pt_ChildT1D <= 0.000) | Pt_GrandparentT1D <= 0.000)
",-9999999.000,-9999999.000,0.000,0.000,1.000,0,0,0,3,3,0,0,3,0.0,0.0,0.0,0.0,0.0,1.0,-1
"F[0,1](((Pt_InsGov <= 0.000 -> Pt_InsGov <= 0.000) | HbA1cImputeDtMnC >= 0.000) -> HbA1c >= 0.000)
",-9999999.000,-9999999.000,0.000,0.000,1.000,0,0,0,3,3,0,0,3,0.0,0.0,0.0,0.0,0.0,1.0,-1
"F[2,2]((HeightCm <= 173.041 -> age >= 35.669) & UnitsInsBasalOrLongAct <= 37.399)
",-173.041,-173.041,0.000,0.000,1.000,0,0,0,3,3,0,0,3,0.0,0.0,0.0,0.0,0.0,1.0,-1
"F[0,2](TSH >= 0.339 -> Pt_A1cGoalLevelDsYr5 <= 0.000)
",-9999999.000,-9999999.000,0.000,0.000,1.000,0,0,0,3,3,0,0,3,0.0,0.0,0.0,0.0,0.0,1.0,-1
"F[0,2](((bmiZscore <= -0.300 | diabDur >= 1.186) -> UnitsInsBasalOrLongAct <= 4.792) -> BldPrSys >= 1.485)
",-9999999.000,-9999999.000,0.000,0.000,1.000,0,0,0,3,3,0,0,3,0.0,0.0,0.0,0.0,0.0,1.0,-1
"((BUN <= 4.617) U[0,2] (Triglyc <= 26.770))
",-9999999.000,-9999999.000,0.000,0.000,1.000,0,0,0,3,3,0,0,3,0.0,0.0,0.0,0.0,0.0,1.0,-1
"((HbA1c <= 6.917) U[0,2] (HbA1cImputeDtMnC >= 17.613))
",-9999999.000,-9999999.000,0.000,0.000,1.000,0,0,0,3,3,0,0,3,0.0,0.0,0.0,0.0,0.0,1.0,-1
"F[0,1]((diabDur >= 2.450 -> HeightCm <= 173.160) | Pt_CGMUseNumDays <= 173.061)
",-9999999.000,-9999999.000,0.000,0.000,1.000,0,0,0,3,3,0,0,3,0.0,0.0,0.0,0.0,0.0,1.0,-1
"F[0,1](HbA1c > 2.926 -> Pt_SHFlg = 0.000)
",-9999999.000,-9999999.000,0.000,0.000,1.000,0,0,0,3,3,0,0,3,0.0,0.0,0.0,0.0,0.0,1.0,-1
"F[0,2](((BldPrDia >= 70.902 | Pt_CGMUseNumDays >= 0.704) -> Pt_CGMUseNumDays <= 13.055) | DirectLDL <= 8.239)
",-9999999.000,-9999999.000,0.000,0.000,1.000,0,0,0,3,3,0,0,3,0.0,0.0,0.0,0.0,0.0,1.0,-1
"F[0,1](((BGTestAvgNumMeter <= 1.565 -> TSH <= 1.761) & DirectLDL <= 2.086) | TSH <= 1.055)
",-9999999.000,-9999999.000,0.000,0.000,1.000,0,0,0,3,3,0,0,3,0.0,0.0,0.0,0.0,0.0,1.0,-1
"F[0,1]((BGTestAvgNumPtRep <= 4.798 | WeightKg <= 71.010) & bmi <= 71.472)
",-9999999.000,-9999999.000,0.000,0.000,1.000,0,0,0,3,3,0,0,3,0.0,0.0,0.0,0.0,0.0,1.0,-1
"F[1,2](((BGTestAvgNumPtRep <= 1.869 | bmiZscore <= -0.441) -> BUN >= -0.799) & bmiPerc <= -0.511)
",-9999999.000,-9999999.000,0.000,0.000,1.000,0,0,0,3,3,0,0,3,0.0,0.0,0.0,0.0,0.0,1.0,-1
"((BldPrSys >= 111.988) U[0,2] (SMBGperDayPtMeterCombo <= 3.600))
",-9999999.000,-9999999.000,0.000,0.000,1.000,0,0,0,3,3,0,0,3,0.0,0.0,0.0,0.0,0.0,1.0,-1
"F[0,2](age <= 36.311 | BGTestAvgNumPtRep >= 1.461)
",-9999999.000,-9999999.000,0.000,0.000,1.000,0,0,0,3,3,0,0,3,0.0,0.0,0.0,0.0,0.0,1.0,-1
"F[0,2]((BGTestAvgNumPtRep <= 4.436 -> BldPrSys >= 112.616) -> TotChol >= 110.960)
",-9999999.000,-9999999.000,0.000,0.000,1.000,0,0,0,3,3,0,0,3,0.0,0.0,0.0,0.0,0.0,1.0,-1
"F[2,2](BGTestAvgNumPtRep <= 3.594 | diabDur >= 1.747)
",3.594,3.594,0.000,0.000,1.000,0,0,0,3,3,0,0,3,0.0,0.0,0.0,0.0,0.0,1.0,-1
"F[1,2]((BGTestAvgNumPtRep <= 3.269 & HeightCm >= 173.018) | UnitsInsBasalOrLongAct >= 173.017)
",-9999999.000,-9999999.000,0.000,0.000,1.000,0,0,0,3,3,0,0,3,0.0,0.0,0.0,0.0,0.0,1.0,-1
"F[0,2]((Pt_SiblingT1D >= 0.000 & SMBGperDayPtMeterCombo >= 1.263) | Pt_SiblingT1D >= 1.225)
",-9999999.000,-9999999.000,0.000,0.000,1.000,0,0,0,3,3,0,0,3,0.0,0.0,0.0,0.0,0.0,1.0,-1
"F[0,2](Pt_SHFlg >= 0.000 -> BGTestAvgNumPtRep >= 0.973)
",-9999999.000,-9999999.000,0.000,0.000,1.000,0,0,0,3,3,0,0,3,0.0,0.0,0.0,0.0,0.0,1.0,-1
"F[2,2](((WeightKg >= 62.190 -> Pt_SiblingT1D >= 0.000) -> HbA1cImputeDtMnC >= 0.000) | SMBGperDayPtMeterCombo <= 0.000)
",0.000,0.000,0.000,0.000,1.000,0,0,0,3,3,0,0,3,0.0,0.0,0.0,0.0,0.0,1.0,-1
"F[0,2](((GFR >= 0.000 & Pt_ChildT1D <= 0.000) -> BGTestAvgNumPtRep >= 0.000) & Pt_A1cGoalLev <= 0.000)
",-9999999.000,-9999999.000,0.000,0.000,1.000,0,0,0,3,3,0,0,3,0.0,0.0,0.0,0.0,0.0,1.0,-1
"((diabDur > 3.687) U[2,2] (Pt_SHFlg = 0.000))
",0.000,0.000,0.000,0.000,1.000,0,0,0,3,3,0,0,3,0.0,0.0,0.0,0.0,0.0,1.0,-1
"F[1,2](Pt_CGMUseNumDays >= 0.290 & Pt_SHFlg = 0.000)
",-9999999.000,-9999999.000,0.000,0.000,1.000,0,0,0,3,3,0,0,3,0.0,0.0,0.0,0.0,0.0,1.0,-1
"F[0,2](BldPrSys >= 110.438 & Pt_SHFlg = 0.000)
",-9999999.000,-9999999.000,0.000,0.000,1.000,0,0,0,3,3,0,0,3,0.0,0.0,0.0,0.0,0.0,1.0,-1
"((WeightKg < 72.480) U[0,2] (Pt_SHFlg = 0.000))
",-9999999.000,-9999999.000,0.000,0.000,1.000,0,0,0,3,3,0,0,3,0.0,0.0,0.0,0.0,0.0,1.0,-1
"((diagAgeCombo <= 31.000) U[1,1] (Pt_SHFlg = 0.000))
",31.000,31.000,0.000,0.000,1.000,0,0,0,3,3,0,0,3,0.0,0.0,0.0,0.0,0.0,1.0,-1
"F[0,0](BldPrSys < 113.968 -> Pt_SHFlg = 0.000)
",-113.968,-113.968,0.000,0.000,1.000,0,0,0,3,3,0,0,3,0.0,0.0,0.0,0.0,0.0,1.0,-1
"F[1,2](BldPrDia > 70.741 & Pt_SHFlg = 0.000)
",-9999999.000,-9999999.000,0.000,0.000,1.000,0,0,0,3,3,0,0,3,0.0,0.0,0.0,0.0,0.0,1.0,-1
"((Pt_A1cGoalLev < 5.375) U[0,1] (Pt_SHFlg = 0.000))
",-9999999.000,-9999999.000,0.000,0.000,1.000,0,0,0,3,3,0,0,3,0.0,0.0,0.0,0.0,0.0,1.0,-1
"((GFR >= 0.000) U[0,0] (Pt_SHFlg = 0.000))
",-2.388,-0.486,0.000,0.000,1.000,0,0,0,3,3,0,0,3,0.0,0.0,0.0,0.0,0.0,1.0,-1
"((bmiZscore >= -0.615) U[0,2] (WeightKg >= 65.364))
",-9999999.000,-9999999.000,0.000,0.000,1.000,0,0,0,3,3,0,0,3,0.0,0.0,0.0,0.0,0.0,1.0,-1
"F[0,2](((age >= 35.122 | bmi <= 24.404) | GFR <= 23.856) | Pt_CGMUseNumDays <= 24.304)
",-9999999.000,-9999999.000,0.000,0.000,1.000,0,0,0,3,3,0,0,3,0.0,0.0,0.0,0.0,0.0,1.0,-1
"F[0,2]((age <= 36.553 -> WeightKg <= 72.157) -> Pt_GrandchildT1D >= 67.882)
",-9999999.000,-9999999.000,0.000,0.000,1.000,0,0,0,3,3,0,0,3,0.0,0.0,0.0,0.0,0.0,1.0,-1
"((AlbCreatRat_mggNew <= 0.000) U[0,0] (Pt_SHFlg = 0.000))
",-0.707,-3.333,0.000,0.000,1.000,0,0,0,3,3,0,0,3,0.0,0.0,0.0,0.0,0.0,1.0,-1
"F[0,1](((BldPrDia <= 77.518 -> HDL >= 12.496) -> age >= 18.886) -> Pt_MotherT1D <= 32.998)
",-9999999.000,-9999999.000,0.000,0.000,1.000,0,0,0,3,3,0,0,3,0.0,0.0,0.0,0.0,0.0,1.0,-1
"F[0,1](HbA1c >= 0.163 -> Pt_A1cGoalLevelDsYr5 = 0.000)
",-9999999.000,-9999999.000,0.000,0.000,1.000,0,0,0,3,3,0,0,3,0.0,0.0,0.0,0.0,0.0,1.0,-1
"F[0,2](age >= 33.122 -> HbA1c <= 7.902)
",-9999999.000,-9999999.000,0.000,0.000,1.000,0,0,0,3,3,0,0,3,0.0,0.0,0.0,0.0,0.0,1.0,-1
"F[2,2](((UnitsInsBasalOrLongAct >= 9.219 -> TSH <= 1.580) | Pt_GrandchildT1D >= 0.463) | diagAgeCombo <= 2.103)
",2.103,2.103,0.000,0.000,1.000,0,0,0,3,3,0,0,3,0.0,0.0,0.0,0.0,0.0,1.0,-1
"F[0,2](Pt_FatherT1D >= 0.000 | WeightKg >= 65.887)
",-9999999.000,-9999999.000,0.000,0.000,1.000,0,0,0,3,3,0,0,3,0.0,0.0,0.0,0.0,0.0,1.0,-1
"F[1,1]((Pt_InsGov <= 0.000 & Pt_GrandchildT1D >= 0.000) & Pt_A1cGoalLevelDsYr5 <= 0.000)
",0.000,0.000,0.000,0.000,1.000,0,0,0,3,3,0,0,3,0.0,0.0,0.0,0.0,0.0,1.0,-1
"F[0,2]((HbA1c >= 0.620 | TotChol >= 6.802) & HeightCm <= 160.477)
",-9999999.000,-9999999.000,0.000,0.000,1.000,0,0,0,3,3,0,0,3,0.0,0.0,0.0,0.0,0.0,1.0,-1
"G[0,2](((GFR <= 0.000 -> Pt_SHFlg >= 0.000) & AutonomicNeuroCl >= 0.000) -> UnitsInsBasalOrLongAct <= 0.000)
",9999999.000,9999999.000,0.000,1.000,0.000,0,0,1,2,2,1,1,2,0.0,0.0,1.0,0.0,0.0,1.0,1
"F[1,2]((TotChol <= 85.064 & age <= 37.148) | bmiPerc >= 34.190)
",-9999999.000,-9999999.000,0.000,0.000,1.000,0,0,0,3,3,0,0,3,0.0,0.0,0.0,0.0,0.0,1.0,-1
"F[1,1]((Pt_GrandparentT1D >= 0.000 | Pt_ChildT1D >= 0.000) | Pt_A1cGoalLevelDsYr5 >= 0.000)
",0.000,0.000,0.000,0.000,1.000,0,0,0,3,3,0,0,3,0.0,0.0,0.0,0.0,0.0,1.0,-1
"((Pt_InsGov <= 0.000) U[0,0] (Pt_GrandparentT1D <= 0.000))
",0.000,0.000,0.000,0.000,1.000,0,0,0,3,3,0,0,3,0.0,0.0,0.0,0.0,0.0,1.0,-1
"F[0,2](Pt_GrandchildT1D >= 0.000 | Pt_MotherT1D <= 0.000)
",-9999999.000,-9999999.000,0.000,0.000,1.000,0,0,0,3,3,0,0,3,0.0,0.0,0.0,0.0,0.0,1.0,-1
"((TotChol <= 148.519) U[1,1] (Pt_GrandchildT1D >= 0.000))
",148.519,148.519,0.000,0.000,1.000,0,0,0,3,3,0,0,3,0.0,0.0,0.0,0.0,0.0,1.0,-1
"F[1,2](((diagAgeCombo <= 31.000 | BldPrSys <= 115.755) -> SMBGperDayPtMeterCombo >= 109.038) -> AutonomicNeuroCl >= 111.712)
",-9999999.000,-9999999.000,0.000,0.000,1.000,0,0,0,3,3,0,0,3,0.0,0.0,0.0,0.0,0.0,1.0,-1
"F[1,2](((HbA1cImputeDtMnC <= 52.272 | HbA1cImputeDtMnC >= 23.853) | BldPrDia <= 70.649) & DirectLDL <= 57.239)
",-9999999.000,-9999999.000,0.000,0.000,1.000,0,0,0,3,3,0,0,3,0.0,0.0,0.0,0.0,0.0,1.0,-1
"((HDL <= 61.504) U[0,1] (AlbCreatRat_mggNew <= 0.000))
",-9999999.000,-9999999.000,0.000,0.000,1.000,0,0,0,3,3,0,0,3,0.0,0.0,0.0,0.0,0.0,1.0,-1
"F[1,2]((Pt_A1cGoalLev >= 0.012 -> BldPrSys <= 113.479) & Pt_A1cGoalLevelDsYr5 >= 109.597)
",-9999999.000,-9999999.000,0.000,0.000,1.000,0,0,0,3,3,0,0,3,0.0,0.0,0.0,0.0,0.0,1.0,-1
"F[1,2](((bmi >= 22.212 & SMBGperDayPtMeterCombo <= 4.163) & BGTestAvgNumMeter <= 3.737) | Pt_SHFlg >= 1.327)
",-9999999.000,-9999999.000,0.000,0.000,1.000,0,0,0,3,3,0,0,3,0.0,0.0,0.0,0.0,0.0,1.0,-1
"F[0,1](((HeightCm >= 173.003 | BldPrDia >= 73.648) | HDL >= 73.036) -> BUN <= 76.422)
",-9999999.000,-9999999.000,0.000,0.000,1.000,0,0,0,3,3,0,0,3,0.0,0.0,0.0,0.0,0.0,1.0,-1
"F[1,2](Pt_DKAFlg >= 0.000 -> HDL >= 21.364)
",-9999999.000,-9999999.000,0.000,0.000,1.000,0,0,0,3,3,0,0,3,0.0,0.0,0.0,0.0,0.0,1.0,-1
"F[0,2](((bmi <= 23.617 -> Pt_GrandparentT1D <= 0.000) -> Pt_SiblingT1D <= 0.000) | BldPrSys <= 0.000)
",-9999999.000,-9999999.000,0.000,0.000,1.000,0,0,0,3,3,0,0,3,0.0,0.0,0.0,0.0,0.0,1.0,-1
"F[2,2](GFR >= 0.000 | HbA1cImputeDtMnC >= 26.175)
",0.000,0.000,0.000,0.000,1.000,0,0,0,3,3,0,0,3,0.0,0.0,0.0,0.0,0.0,1.0,-1
"F[0,1]((AutonomicNeuroCl <= 0.000 | BGTestAvgNumMeter <= 1.641) & Pt_ChildT1D <= 1.230)
",-9999999.000,-9999999.000,0.000,0.000,1.000,0,0,0,3,3,0,0,3,0.0,0.0,0.0,0.0,0.0,1.0,-1
"F[0,2](Pt_GrandparentT1D >= 0.000 & BUN >= 0.470)
",-9999999.000,-9999999.000,0.000,0.000,1.000,0,0,0,3,3,0,0,3,0.0,0.0,0.0,0.0,0.0,1.0,-1
"((SMBGperDayPtMeterCombo >= 1.987) U[0,1] (Pt_SHFlg <= 0.000))
",-9999999.000,-9999999.000,0.000,0.000,1.000,0,0,0,3,3,0,0,3,0.0,0.0,0.0,0.0,0.0,1.0,-1
"F[0,2](Pt_GrandparentT1D <= 0.000 -> Pt_SHFlg >= 0.000)
",-9999999.000,-9999999.000,0.000,0.000,1.000,0,0,0,3,3,0,0,3,0.0,0.0,0.0,0.0,0.0,1.0,-1
"F[1,2](((TotalDailyInsPerKg >= 0.166 | HbA1c <= 7.219) & NumPumpBolusOrShortAct <= 6.872) | Pt_A1cGoalLev >= 2.138)
",-9999999.000,-9999999.000,0.000,0.000,1.000,0,0,0,3,3,0,0,3,0.0,0.0,0.0,0.0,0.0,1.0,-1
"((Pt_GrandchildT1D <= 0.000) U[1,2] (diabDur >= 2.722))
",-9999999.000,-9999999.000,0.000,0.000,1.000,0,0,0,3,3,0,0,3,0.0,0.0,0.0,0.0,0.0,1.0,-1
"F[1,2](((diagAgeCombo <= 31.000 & Pt_A1cGoalLev <= 6.497) -> Pt_InsGov >= 1.118) | Pt_A1cGoalLev <= 1.866)
",-9999999.000,-9999999.000,0.000,0.000,1.000,0,0,0,3,3,0,0,3,0.0,0.0,0.0,0.0,0.0,1.0,-1
"F[0,1]((Pt_MotherT1D >= 0.000 & GFR >= 0.000) -> SMBGperDayPtMeterCombo >= 0.000)
",-9999999.000,-9999999.000,0.000,0.000,1.000,0,0,0,3,3,0,0,3,0.0,0.0,0.0,0.0,0.0,1.0,-1
"F[2,2](((BldPrDia <= 74.448 & age <= 39.158) | TotChol <= 36.573) -> LDL >= 34.501)
",-39.158,-39.158,0.000,0.000,1.000,0,0,0,3,3,0,0,3,0.0,0.0,0.0,0.0,0.0,1.0,-1
"F[0,1](AutonomicNeuroCl <= 0.000 -> Pt_SHFlg >= 0.000)
",-9999999.000,-9999999.000,0.000,0.000,1.000,0,0,0,3,3,0,0,3,0.0,0.0,0.0,0.0,0.0,1.0,-1
"F[0,0](BUN <= 9.558 & HbA1c >= 3.257)
",-0.820,-23.652,0.000,0.000,1.000,0,0,0,3,3,0,0,3,0.0,0.0,0.0,0.0,0.0,1.0,-1
"F[0,2](bmi >= 20.674 -> GFR <= 0.000)
",-9999999.000,-9999999.000,0.000,0.000,1.000,0,0,0,3,3,0,0,3,0.0,0.0,0.0,0.0,0.0,1.0,-1
"F[0,1](((bmiPerc <= 0.000 -> TotalDailyInsPerKg <= 0.739) -> diabDur >= 0.176) -> Pt_GrandchildT1D <= 0.594)
",-9999999.000,-9999999.000,0.000,0.000,1.000,0,0,0,3,3,0,0,3,0.0,0.0,0.0,0.0,0.0,1.0,-1
"F[0,0](AutonomicNeuroCl <= 0.000 -> Pt_SiblingT1D >= 0.000)
",0.000,0.000,0.000,0.000,1.000,0,0,0,3,3,0,0,3,0.0,0.0,0.0,0.0,0.0,1.0,-1
"F[2,2](((Pt_GrandchildT1D >= 0.000 -> AutonomicNeuroCl >= 0.000) & HDL >= 0.000) & BldPrDia <= 0.000)
",0.000,0.000,0.000,0.000,1.000,0,0,0,3,3,0,0,3,0.0,0.0,0.0,0.0,0.0,1.0,-1
"F[0,2]((TotChol <= 165.569 | DirectLDL >= 0.000) -> BldPrSys <= 0.000)
",-9999999.000,-9999999.000,0.000,0.000,1.000,0,0,0,3,3,0,0,3,0.0,0.0,0.0,0.0,0.0,1.0,-1
"((BldPrDia <= 76.674) U[0,0] (Pt_GrandparentT1D <= 0.000))
",0.000,0.000,0.000,0.000,1.000,0,0,0,3,3,0,0,3,0.0,0.0,0.0,0.0,0.0,1.0,-1
"F[0,2](((TotalDailyInsPerKg >= 0.313 -> UnitsInsBasalOrLongAct <= 17.475) | HbA1c >= 9.615) | Pt_SHFlg >= 0.505)
",-9999999.000,-9999999.000,0.000,0.000,1.000,0,0,0,3,3,0,0,3,0.0,0.0,0.0,0.0,0.0,1.0,-1
"F[0,2]((Pt_GrandchildT1D <= 0.000 -> BGTestAvgNumPtRep >= 0.541) & bmiZscore <= 4.015)
",-9999999.000,-9999999.000,0.000,0.000,1.000,0,0,0,3,3,0,0,3,0.0,0.0,0.0,0.0,0.0,1.0,-1
"F[0,2](AutonomicNeuroCl <= 0.000 -> Pt_FatherT1D >= 0.000)
",-9999999.000,-9999999.000,0.000,0.000,1.000,0,0,0,3,3,0,0,3,0.0,0.0,0.0,0.0,0.0,1.0,-1
"F[0,2]((GFR >= 0.000 -> DirectLDL >= 0.000) -> BUN <= 0.000)
",-9999999.000,-9999999.000,0.000,0.000,1.000,0,0,0,3,3,0,0,3,0.0,0.0,0.0,0.0,0.0,1.0,-1
"F[1,2](((TotChol <= 117.750 & Pt_MotherT1D >= 0.000) | bmiPerc <= 0.000) | diabDur >= 0.000)
",-9999999.000,-9999999.000,0.000,0.000,1.000,0,0,0,3,3,0,0,3,0.0,0.0,0.0,0.0,0.0,1.0,-1
"F[1,2](((Pt_ChildT1D >= 0.000 -> LDL >= 20.438) & HbA1c <= 64.148) | HbA1c <= 88.115)
",-9999999.000,-9999999.000,0.000,0.000,1.000,0,0,0,3,3,0,0,3,0.0,0.0,0.0,0.0,0.0,1.0,-1
"F[1,2]((Pt_ChildT1D >= 0.000 | BUN <= 5.854) & bmi <= 3.754)
",-9999999.000,-9999999.000,0.000,0.000,1.000,0,0,0,3,3,0,0,3,0.0,0.0,0.0,0.0,0.0,1.0,-1
"((NumPumpBolusOrShortAct <= 0.508) U[0,2] (age <= 39.918))
",-9999999.000,-9999999.000,0.000,0.000,1.000,0,0,0,3,3,0,0,3,0.0,0.0,0.0,0.0,0.0,1.0,-1
"F[1,1](((BUN <= 8.145 & WeightKg >= 62.236) -> Pt_A1cGoalLev >= 62.827) | UnitsInsBasalOrLongAct <= 72.063)
",72.063,72.063,0.000,0.000,1.000,0,0,0,3,3,0,0,3,0.0,0.0,0.0,0.0,0.0,1.0,-1
"F[0,2](((BGTestAvgNumMeter <= 1.231 -> Pt_A1cGoalLevelDsYr5 <= 0.000) & HbA1cImputeDtMnC >= 0.000) & BldPrDia <= 0.000)
",-9999999.000,-9999999.000,0.000,0.000,1.000,0,0,0,3,3,0,0,3,0.0,0.0,0.0,0.0,0.0,1.0,-1
"F[0,2](((Pt_CGMUseNumDays <= 3.422 & HbA1c <= 7.979) -> Pt_DKAFlg >= 3.579) & UnitsInsBasalOrLongAct >= 3.889)
",-9999999.000,-9999999.000,0.000,0.000,1.000,0,0,0,3,3,0,0,3,0.0,0.0,0.0,0.0,0.0,1.0,-1
"((AutonomicNeuroCl <= 0.000) U[1,2] (Pt_GrandparentT1D <= 0.000))
",-9999999.000,-9999999.000,0.000,0.000,1.000,0,0,0,3,3,0,0,3,0.0,0.0,0.0,0.0,0.0,1.0,-1
"F[0,1](((LDL <= 72.107 -> SMBGperDayPtMeterCombo >= 1.085) & Pt_CGMUseNumDays <= 3.731) | Pt_A1cGoalLevelDsYr5 <= 3.413)
",-9999999.000,-9999999.000,0.000,0.000,1.000,0,0,0,3,3,0,0,3,0.0,0.0,0.0,0.0,0.0,1.0,-1
"F[1,1]((diabDur <= 7.157 -> AlbCreatRat_mggNew >= 0.000) & Pt_SHFlg >= 0.000)
",-8057776100128779.000,-7.157,0.000,0.000,1.000,0,0,0,3,3,0,0,3,0.0,0.0,0.0,0.0,0.0,1.0,-1
"F[1,2]((age <= 37.323 -> HeightCm >= 173.025) -> Pt_SHFlg <= 173.073)
",-9999999.000,-9999999.000,0.000,0.000,1.000,0,0,0,3,3,0,0,3,0.0,0.0,0.0,0.0,0.0,1.0,-1
"F[0,0]((HbA1cImputeDtMnC >= 12.405 -> HeightCm >= 173.009) -> Pt_FatherT1D <= 173.059)
",-25.515,-168.393,0.000,0.000,1.000,0,0,0,3,3,0,0,3,0.0,0.0,0.0,0.0,0.0,1.0,-1
"F[0,1](((diagAgeCombo <= 31.000 & bmiPerc >= 0.000) -> DirectLDL <= 0.000) | HbA1cImputeDtMnC <= 0.000)
",-9999999.000,-9999999.000,0.000,0.000,1.000,0,0,0,3,3,0,0,3,0.0,0.0,0.0,0.0,0.0,1.0,-1
"F[1,1](Pt_ChildT1D >= 0.000 -> diagAgeCombo >= 31.000)
",0.000,0.000,0.000,0.000,1.000,0,0,0,3,3,0,0,3,0.0,0.0,0.0,0.0,0.0,1.0,-1
"F[2,2](((NumPumpBolusOrShortAct <= 0.844 & Pt_SHFlg >= 0.000) | UnitsInsBasalOrLongAct >= 0.000) & Pt_A1cGoalLev <= 0.000)
",0.000,0.000,0.000,0.000,1.000,0,0,0,3,3,0,0,3,0.0,0.0,0.0,0.0,0.0,1.0,-1
"((TotChol >= 12.453) U[2,2] (age <= 38.731))
",38.731,38.731,0.000,0.000,1.000,0,0,0,3,3,0,0,3,0.0,0.0,0.0,0.0,0.0,1.0,-1
"F[0,2](HbA1cImputeDtMnC <= 58.143 & TotalDailyInsPerKg >= 0.178)
",-9999999.000,-9999999.000,0.000,0.000,1.000,0,0,0,3,3,0,0,3,0.0,0.0,0.0,0.0,0.0,1.0,-1
"((bmi >= 22.121) U[0,1] (HbA1cImputeDtMnC <= 71.094))
",-9999999.000,-9999999.000,0.000,0.000,1.000,0,0,0,3,3,0,0,3,0.0,0.0,0.0,0.0,0.0,1.0,-1
"F[0,1](SMBGperDayPtMeterCombo <= 4.376 -> WeightKg >= 62.974)
",-9999999.000,-9999999.000,0.000,0.000,1.000,0,0,0,3,3,0,0,3,0.0,0.0,0.0,0.0,0.0,1.0,-1
"F[1,2](((diabDur >= 3.675 | UnitsInsBasalOrLongAct <= 15.413) | Pt_MotherT1D <= 15.850) & WeightKg >= 0.069)
",-9999999.000,-9999999.000,0.000,0.000,1.000,0,0,0,3,3,0,0,3,0.0,0.0,0.0,0.0,0.0,1.0,-1
"F[1,1](BldPrDia <= 75.123 | LDL >= 20.508)
",75.123,75.123,0.000,0.000,1.000,0,0,0,3,3,0,0,3,0.0,0.0,0.0,0.0,0.0,1.0,-1
"F[0,2]((age <= 39.509 & BldPrDia <= 77.264) | UnitsInsBasalOrLongAct <= 74.385)
",-9999999.000,-9999999.000,0.000,0.000,1.000,0,0,0,3,3,0,0,3,0.0,0.0,0.0,0.0,0.0,1.0,-1
"F[1,2](HbA1cImputeDtMnC >= 32.058 & LDL <= 56.787)
",-9999999.000,-9999999.000,0.000,0.000,1.000,0,0,0,3,3,0,0,3,0.0,0.0,0.0,0.0,0.0,1.0,-1
"F[1,2](BGTestAvgNumPtRep >= 1.028 | UnitsInsBasalOrLongAct <= 11.883)
",-9999999.000,-9999999.000,0.000,0.000,1.000,0,0,0,3,3,0,0,3,0.0,0.0,0.0,0.0,0.0,1.0,-1
"F[1,2](((BldPrDia >= 72.522 -> BldPrSys >= 111.629) -> diagAgeCombo >= 110.990) & UnitsInsBasalOrLongAct <= 115.353)
",-9999999.000,-9999999.000,0.000,0.000,1.000,0,0,0,3,3,0,0,3,0.0,0.0,0.0,0.0,0.0,1.0,-1
"((HDL <= 56.360) U[0,2] (HeightCm <= 173.039))
",-9999999.000,-9999999.000,0.000,0.000,1.000,0,0,0,3,3,0,0,3,0.0,0.0,0.0,0.0,0.0,1.0,-1
"((HeightCm >= 173.013) U[2,2] (TSH <= 0.918))
",0.918,0.918,0.000,0.000,1.000,0,0,0,3,3,0,0,3,0.0,0.0,0.0,0.0,0.0,1.0,-1
"((LDL <= 54.165) U[1,2] (WeightKg >= 64.526))
",-9999999.000,-9999999.000,0.000,0.000,1.000,0,0,0,3,3,0,0,3,0.0,0.0,0.0,0.0,0.0,1.0,-1
"F[1,2]((LDL <= 59.695 & NumPumpBolusOrShortAct <= 1.229) & Pt_GrandchildT1D <= 0.955)
",-9999999.000,-9999999.000,0.000,0.000,1.000,0,0,0,3,3,0,0,3,0.0,0.0,0.0,0.0,0.0,1.0,-1
"((HeightCm >= 173.010) U[2,2] (TotChol >= 11.884))
",-11.884,-11.884,0.000,0.000,1.000,0,0,0,3,3,0,0,3,0.0,0.0,0.0,0.0,0.0,1.0,-1
"((BldPrSys >= 110.070) U[0,2] (LDL <= 65.977))
",-9999999.000,-9999999.000,0.000,0.000,1.000,0,0,0,3,3,0,0,3,0.0,0.0,0.0,0.0,0.0,1.0,-1
"F[2,2]((Triglyc <= 67.890 & UnitsInsBasalOrLongAct <= 15.231) | Pt_A1cGoalLevelDsYr5 <= 15.027)
",15.231,15.231,0.000,0.000,1.000,0,0,0,3,3,0,0,3,0.0,0.0,0.0,0.0,0.0,1.0,-1
"F[1,1](BldPrSys <= 116.268 | Triglyc >= 11.545)
",116.268,116.268,0.000,0.000,1.000,0,0,0,3,3,0,0,3,0.0,0.0,0.0,0.0,0.0,1.0,-1
"F[1,2](NumPumpBolusOrShortAct <= 0.702 -> SMBGperDayPtMeterCombo <= 3.256)
",-9999999.000,-9999999.000,0.000,0.000,1.000,0,0,0,3,3,0,0,3,0.0,0.0,0.0,0.0,0.0,1.0,-1
"((bmiZscore <= -0.540) U[0,2] (UnitsInsBasalOrLongAct >= 0.038))
",-9999999.000,-9999999.000,0.000,0.000,1.000,0,0,0,3,3,0,0,3,0.0,0.0,0.0,0.0,0.0,1.0,-1
"((BGTestAvgNumPtRep >= 0.552) U[0,1] (TotalDailyInsPerKg >= 0.136))
",-9999999.000,-9999999.000,0.000,0.000,1.000,0,0,0,3,3,0,0,3,0.0,0.0,0.0,0.0,0.0,1.0,-1
"((bmiZscore >= -0.667) U[0,2] (TotChol <= 104.515))
",-9999999.000,-9999999.000,0.000,0.000,1.000,0,0,0,3,3,0,0,3,0.0,0.0,0.0,0.0,0.0,1.0,-1
"((BGTestAvgNumPtRep >= 1.619) U[0,2] (HDL >= 27.477))
",-9999999.000,-9999999.000,0.000,0.000,1.000,0,0,0,3,3,0,0,3,0.0,0.0,0.0,0.0,0.0,1.0,-1
"F[1,2](((BGTestAvgNumMeter <= 1.391 -> HDL <= 38.328) & Pt_FatherT1D <= 69.498) -> Pt_GrandparentT1D >= 7.397)
",-9999999.000,-9999999.000,0.000,0.000,1.000,0,0,0,3,3,0,0,3,0.0,0.0,0.0,0.0,0.0,1.0,-1
"F[0,2]((Pt_A1cGoalLev >= 0.399 & TotalDailyInsPerKg <= 0.511) | NumPumpBolusOrShortAct >= 0.341)
",-9999999.000,-9999999.000,0.000,0.000,1.000,0,0,0,3,3,0,0,3,0.0,0.0,0.0,0.0,0.0,1.0,-1
"((SMBGperDayPtMeterCombo >= 1.294) U[1,2] (TotalDailyInsPerKg <= 0.438))
",-9999999.000,-9999999.000,0.000,0.000,1.000,0,0,0,3,3,0,0,3,0.0,0.0,0.0,0.0,0.0,1.0,-1
"F[1,2]((bmiZscore <= -0.298 | TSH >= 0.591) & DirectLDL >= 0.708)
",-9999999.000,-9999999.000,0.000,0.000,1.000,0,0,0,3,3,0,0,3,0.0,0.0,0.0,0.0,0.0,1.0,-1
"F[0,2]((BldPrDia <= 74.939 & TotalDailyInsPerKg <= 0.679) -> WeightKg <= 0.362)
",-9999999.000,-9999999.000,0.000,0.000,1.000,0,0,0,3,3,0,0,3,0.0,0.0,0.0,0.0,0.0,1.0,-1
"F[2,2]((BGTestAvgNumPtRep <= 3.077 -> Triglyc <= 64.575) | HbA1c <= 45.256)
",45.256,45.256,0.000,0.000,1.000,0,0,0,3,3,0,0,3,0.0,0.0,0.0,0.0,0.0,1.0,-1
"F[0,2](((HDL <= 39.120 | WeightKg <= 70.560) & Pt_GrandchildT1D >= 64.825) -> BUN <= 75.073)
",-9999999.000,-9999999.000,0.000,0.000,1.000,0,0,0,3,3,0,0,3,0.0,0.0,0.0,0.0,0.0,1.0,-1
"F[0,2]((BUN <= 8.609 | HbA1c <= 7.326) | DirectLDL >= 1.559)
",-9999999.000,-9999999.000,0.000,0.000,1.000,0,0,0,3,3,0,0,3,0.0,0.0,0.0,0.0,0.0,1.0,-1
"F[1,2](((bmiZscore >= -0.753 -> TotalDailyInsPerKg <= 0.666) -> bmi <= 0.750) & UnitsInsBasalOrLongAct >= 0.039)
",-9999999.000,-9999999.000,0.000,0.000,1.000,0,0,0,3,3,0,0,3,0.0,0.0,0.0,0.0,0.0,1.0,-1
"F[0,2](TotalDailyInsPerKg >= 0.288 | TotChol <= 45.097)
",-9999999.000,-9999999.000,0.000,0.000,1.000,0,0,0,3,3,0,0,3,0.0,0.0,0.0,0.0,0.0,1.0,-1
"((BGTestAvgNumMeter >= 0.776) U[0,1] (WeightKg >= 62.676))
",-9999999.000,-9999999.000,0.000,0.000,1.000,0,0,0,3,3,0,0,3,0.0,0.0,0.0,0.0,0.0,1.0,-1
"F[0,2](((BGTestAvgNumMeter >= 0.680 & bmi >= 22.453) & Pt_SHFlg >= 21.897) | Pt_CGMUseNumDays >= 22.486)
",-9999999.000,-9999999.000,0.000,0.000,1.000,0,0,0,3,3,0,0,3,0.0,0.0,0.0,0.0,0.0,1.0,-1
"F[0,1]((BUN >= 0.820 & HbA1cImputeDtMnC <= 69.955) | age >= 25.723)
",-9999999.000,-9999999.000,0.000,0.000,1.000,0,0,0,3,3,0,0,3,0.0,0.0,0.0,0.0,0.0,1.0,-1
"F[1,2](((LDL <= 39.690 & TotChol <= 147.380) | BldPrDia <= 141.976) -> NumPumpBolusOrShortAct >= 3.089)
",-9999999.000,-9999999.000,0.000,0.000,1.000,0,0,0,3,3,0,0,3,0.0,0.0,0.0,0.0,0.0,1.0,-1
"F[1,2](((bmi >= 22.223 | Pt_CGMUseNumDays <= 11.000) | SMBGperDayPtMeterCombo >= 1.914) | BUN >= 2.305)
",-9999999.000,-9999999.000,0.000,0.000,1.000,0,0,0,3,3,0,0,3,0.0,0.0,0.0,0.0,0.0,1.0,-1
"((bmiZscore >= -0.725) U[0,2] (Pt_A1cGoalLev >= 0.754))
",-9999999.000,-9999999.000,0.000,0.000,1.000,0,0,0,3,3,0,0,3,0.0,0.0,0.0,0.0,0.0,1.0,-1
"F[1,1](((bmiZscore <= -0.540 & NumPumpBolusOrShortAct >= 0.207) | HeightCm >= 0.420) -> Pt_A1cGoalLevelDsYr5 <= 2.189)
",-2.189,-2.189,0.000,0.000,1.000,0,0,0,3,3,0,0,3,0.0,0.0,0.0,0.0,0.0,1.0,-1
"F[1,2](diabDur >= 1.135 -> NumPumpBolusOrShortAct >= 0.238)
",-9999999.000,-9999999.000,0.000,0.000,1.000,0,0,0,3,3,0,0,3,0.0,0.0,0.0,0.0,0.0,1.0,-1
"F[1,2](age >= 35.157 & Pt_CGMUseNumDays <= 6.031)
",-9999999.000,-9999999.000,0.000,0.000,1.000,0,0,0,3,3,0,0,3,0.0,0.0,0.0,0.0,0.0,1.0,-1
"F[1,2]((Pt_A1cGoalLev <= 5.763 & UnitsInsBasalOrLongAct >= 0.481) & AlbCreatRat_mggNew <= 17.518)
",-9999999.000,-9999999.000,0.000,0.000,1.000,0,0,0,3,3,0,0,3,0.0,0.0,0.0,0.0,0.0,1.0,-1
"F[1,1]((BGTestAvgNumPtRep <= 3.161 -> TotChol >= 3.323) -> Pt_ChildT1D <= 136.728)
",-136.728,-136.728,0.000,0.000,1.000,0,0,0,3,3,0,0,3,0.0,0.0,0.0,0.0,0.0,1.0,-1
"F[0,1](((HDL >= 6.420 -> TotalDailyInsPerKg >= 0.032) -> HbA1c <= 0.468) -> HeightCm >= 0.161)
",-9999999.000,-9999999.000,0.000,0.000,1.000,0,0,0,3,3,0,0,3,0.0,0.0,0.0,0.0,0.0,1.0,-1
"F[0,2](HbA1c <= 8.297 -> Triglyc >= 17.042)
",-9999999.000,-9999999.000,0.000,0.000,1.000,0,0,0,3,3,0,0,3,0.0,0.0,0.0,0.0,0.0,1.0,-1
"F[2,2](Triglyc >= 19.746 -> WeightKg >= 66.140)
",19.746,19.746,0.000,0.000,1.000,0,0,0,3,3,0,0,3,0.0,0.0,0.0,0.0,0.0,1.0,-1
"F[0,1](bmiZscore >= -0.649 -> Triglyc <= 41.036)
",-9999999.000,-9999999.000,0.000,0.000,1.000,0,0,0,3,3,0,0,3,0.0,0.0,0.0,0.0,0.0,1.0,-1
"F[1,2](((BUN <= 9.615 -> NumPumpBolusOrShortAct <= 2.871) & Pt_SHFlg <= 2.232) & UnitsInsBasalOrLongAct <= 2.924)
",-9999999.000,-9999999.000,0.000,0.000,1.000,0,0,0,3,3,0,0,3,0.0,0.0,0.0,0.0,0.0,1.0,-1
"((HDL <= 63.670) U[1,2] (NumPumpBolusOrShortAct >= 0.119))
",-9999999.000,-9999999.000,0.000,0.000,1.000,0,0,0,3,3,0,0,3,0.0,0.0,0.0,0.0,0.0,1.0,-1
"F[2,2](((BldPrSys >= 112.108 -> HbA1cImputeDtMnC >= 20.944) & bmiPerc <= 47.997) & TotalDailyInsPerKg <= 45.408)
",20.944,20.944,0.000,0.000,1.000,0,0,0,3,3,0,0,3,0.0,0.0,0.0,0.0,0.0,1.0,-1
"((HbA1cImputeDtMnC <= 53.141) U[2,2] (HeightCm >= 173.013))
",53.141,53.141,0.000,0.000,1.000,0,0,0,3,3,0,0,3,0.0,0.0,0.0,0.0,0.0,1.0,-1
"F[1,1]((BldPrDia >= 70.222 | HeightCm <= 173.119) -> AlbCreatRat_mggNew <= 173.173)
",-6092972635241293.000,-173.173,0.000,0.000,1.000,0,0,0,3,3,0,0,3,0.0,0.0,0.0,0.0,0.0,1.0,-1
"F[1,1]((HbA1cImputeDtMnC <= 36.497 -> Triglyc >= 14.804) | Pt_FatherT1D >= 4.285)
",-4.285,-4.285,0.000,0.000,1.000,0,0,0,3,3,0,0,3,0.0,0.0,0.0,0.0,0.0,1.0,-1
"F[2,2](BGTestAvgNumMeter >= 0.737 -> HeightCm >= 173.035)
",0.737,0.737,0.000,0.000,1.000,0,0,0,3,3,0,0,3,0.0,0.0,0.0,0.0,0.0,1.0,-1
"F[1,2]((BGTestAvgNumMeter >= 1.116 -> Pt_CGMUseNumDays <= 3.270) -> bmiPerc >= 2.222)
",-9999999.000,-9999999.000,0.000,0.000,1.000,0,0,0,3,3,0,0,3,0.0,0.0,0.0,0.0,0.0,1.0,-1
"F[0,2]((bmi >= 21.806 & HeightCm >= 173.014) -> Pt_ChildT1D <= 173.194)
",-9999999.000,-9999999.000,0.000,0.000,1.000,0,0,0,3,3,0,0,3,0.0,0.0,0.0,0.0,0.0,1.0,-1
"F[1,2](((bmiZscore <= -0.378 -> HeightCm <= 173.132) | HbA1cImputeDtMnC <= 173.150) | BldPrSys >= 173.018)
",-9999999.000,-9999999.000,0.000,0.000,1.000,0,0,0,3,3,0,0,3,0.0,0.0,0.0,0.0,0.0,1.0,-1
"F[0,2]((HDL <= 94.094 | Pt_A1cGoalLev <= 4.451) -> HbA1c >= 0.349)
",-9999999.000,-9999999.000,0.000,0.000,1.000,0,0,0,3,3,0,0,3,0.0,0.0,0.0,0.0,0.0,1.0,-1
"F[1,2]((HeightCm <= 173.227 | WeightKg >= 66.106) -> LDL <= 69.974)
",-9999999.000,-9999999.000,0.000,0.000,1.000,0,0,0,3,3,0,0,3,0.0,0.0,0.0,0.0,0.0,1.0,-1
"F[1,2]((BldPrDia >= 70.847 | HbA1c >= 4.119) | Pt_DKAFlg >= 5.450)
",-9999999.000,-9999999.000,0.000,0.000,1.000,0,0,0,3,3,0,0,3,0.0,0.0,0.0,0.0,0.0,1.0,-1
"F[0,2]((bmiZscore <= -0.484 | BUN >= 2.606) -> Pt_DKAFlg >= 1.995)
",-9999999.000,-9999999.000,0.000,0.000,1.000,0,0,0,3,3,0,0,3,0.0,0.0,0.0,0.0,0.0,1.0,-1
"F[0,2](((bmiZscore >= -0.662 -> LDL <= 28.016) & GFR <= 26.034) -> BGTestAvgNumMeter <= 38.174)
",-9999999.000,-9999999.000,0.000,0.000,1.000,0,0,0,3,3,0,0,3,0.0,0.0,0.0,0.0,0.0,1.0,-1
"F[1,2](bmi <= 23.261 & LDL <= 38.727)
",-9999999.000,-9999999.000,0.000,0.000,1.000,0,0,0,3,3,0,0,3,0.0,0.0,0.0,0.0,0.0,1.0,-1
"((HeightCm >= 173.022) U[0,2] (Pt_SHFlg = 0.000))
",-9999999.000,-9999999.000,0.000,0.000,1.000,0,0,0,3,3,0,0,3,0.0,0.0,0.0,0.0,0.0,1.0,-1
"((Pt_InsGov > 0.000) U[0,1] (Pt_SHFlg = 0.000))
",-9999999.000,-9999999.000,0.000,0.000,1.000,0,0,0,3,3,0,0,3,0.0,0.0,0.0,0.0,0.0,1.0,-1
"F[2,2](Pt_A1cGoalLevelDsYr5 >= 0.000 & Pt_SHFlg = 0.000)
",0.000,0.000,0.000,0.000,1.000,0,0,0,3,3,0,0,3,0.0,0.0,0.0,0.0,0.0,1.0,-1
"((Pt_InsGov >= 0.000) U[1,1] (Pt_SHFlg = 0.000))
",0.000,0.000,0.000,0.000,1.000,0,0,0,3,3,0,0,3,0.0,0.0,0.0,0.0,0.0,1.0,-1
"F[1,2](TSH <= 1.031 -> Pt_SHFlg = 0.000)
",-9999999.000,-9999999.000,0.000,0.000,1.000,0,0,0,3,3,0,0,3,0.0,0.0,0.0,0.0,0.0,1.0,-1
"F[0,1](DirectLDL >= 0.000 & Pt_SHFlg = 0.000)
",-9999999.000,-9999999.000,0.000,0.000,1.000,0,0,0,3,3,0,0,3,0.0,0.0,0.0,0.0,0.0,1.0,-1
"F[0,1](HbA1c >= 5.505 -> Pt_A1cGoalLevelDsYr5 = 0.000)
",-9999999.000,-9999999.000,0.000,0.000,1.000,0,0,0,3,3,0,0,3,0.0,0.0,0.0,0.0,0.0,1.0,-1
"((BGTestAvgNumMeter >= 0.304) U[1,2] (BGTestAvgNumPtRep <= 2.218))
",-9999999.000,-9999999.000,0.000,0.000,1.000,0,0,0,3,3,0,0,3,0.0,0.0,0.0,0.0,0.0,1.0,-1
"F[0,2](HbA1c >= 3.362 -> Pt_A1cGoalLevelDsYr5 = 0.000)
",-9999999.000,-9999999.000,0.000,0.000,1.000,0,0,0,3,3,0,0,3,0.0,0.0,0.0,0.0,0.0,1.0,-1
"F[2,2](HbA1c >= 6.613 -> Pt_A1cGoalLevelDsYr5 = 0.000)
",0.000,0.000,0.000,0.000,1.000,0,0,0,3,3,0,0,3,0.0,0.0,0.0,0.0,0.0,1.0,-1
"((BGTestAvgNumMeter >= 1.017) U[0,1] (BGTestAvgNumPtRep <= 4.260))
",-9999999.000,-9999999.000,0.000,0.000,1.000,0,0,0,3,3,0,0,3,0.0,0.0,0.0,0.0,0.0,1.0,-1
"F[1,2](HbA1c >= 3.074 -> Pt_A1cGoalLevelDsYr5 = 0.000)
",-9999999.000,-9999999.000,0.000,0.000,1.000,0,0,0,3,3,0,0,3,0.0,0.0,0.0,0.0,0.0,1.0,-1
"((BGTestAvgNumMeter >= 0.329) U[0,2] (BGTestAvgNumPtRep <= 3.213))
",-9999999.000,-9999999.000,0.000,0.000,1.000,0,0,0,3,3,0,0,3,0.0,0.0,0.0,0.0,0.0,1.0,-1
"F[0,2](HbA1c >= 3.322 -> Pt_A1cGoalLevelDsYr5 = 0.000)
",-9999999.000,-9999999.000,0.000,0.000,1.000,0,0,0,3,3,0,0,3,0.0,0.0,0.0,0.0,0.0,1.0,-1
"F[0,1](HbA1c >= 2.436 -> Pt_A1cGoalLevelDsYr5 = 0.000)
",-9999999.000,-9999999.000,0.000,0.000,1.000,0,0,0,3,3,0,0,3,0.0,0.0,0.0,0.0,0.0,1.0,-1
"((BGTestAvgNumMeter >= 0.277) U[0,1] (BGTestAvgNumPtRep <= 3.994))
",-9999999.000,-9999999.000,0.000,0.000,1.000,0,0,0,3,3,0,0,3,0.0,0.0,0.0,0.0,0.0,1.0,-1
"F[1,2](HbA1c >= 1.281 -> Pt_A1cGoalLevelDsYr5 = 0.000)
",-9999999.000,-9999999.000,0.000,0.000,1.000,0,0,0,3,3,0,0,3,0.0,0.0,0.0,0.0,0.0,1.0,-1
"F[0,0](HbA1c >= 2.936 -> Pt_A1cGoalLevelDsYr5 = 0.000)
",0.707,0.979,0.000,0.000,1.000,0,0,0,3,3,0,0,3,0.0,0.0,0.0,0.0,0.0,1.0,-1
"((BGTestAvgNumMeter >= 0.270) U[0,2] (BGTestAvgNumPtRep <= 1.747))
",-9999999.000,-9999999.000,0.000,0.000,1.000,0,0,0,3,3,0,0,3,0.0,0.0,0.0,0.0,0.0,1.0,-1
"F[1,1](HbA1c >= 1.148 -> Pt_A1cGoalLevelDsYr5 = 0.000)
",0.000,0.000,0.000,0.000,1.000,0,0,0,3,3,0,0,3,0.0,0.0,0.0,0.0,0.0,1.0,-1
"((BGTestAvgNumMeter >= 0.565) U[0,2] (BGTestAvgNumPtRep <= 4.007))
",-9999999.000,-9999999.000,0.000,0.000,1.000,0,0,0,3,3,0,0,3,0.0,0.0,0.0,0.0,0.0,1.0,-1
"((BldPrSys >= 111.428) U[0,2] (Pt_SHFlg = 0.000))
",-9999999.000,-9999999.000,0.000,0.000,1.000,0,0,0,3,3,0,0,3,0.0,0.0,0.0,0.0,0.0,1.0,-1
"F[1,2](DirectLDL >= 0.000 -> Pt_SHFlg = 0.000)
",-9999999.000,-9999999.000,0.000,0.000,1.000,0,0,0,3,3,0,0,3,0.0,0.0,0.0,0.0,0.0,1.0,-1
"F[0,2](HbA1c < 7.319 -> Pt_SHFlg = 0.000)
",-9999999.000,-9999999.000,0.000,0.000,1.000,0,0,0,3,3,0,0,3,0.0,0.0,0.0,0.0,0.0,1.0,-1
"((WeightKg <= 73.114) U[0,1] (Pt_SHFlg = 0.000))
",-9999999.000,-9999999.000,0.000,0.000,1.000,0,0,0,3,3,0,0,3,0.0,0.0,0.0,0.0,0.0,1.0,-1
"F[0,2]((BGTestAvgNumMeter >= 0.814 -> BldPrDia <= 75.935) | TotalDailyInsPerKg >= 73.185)
",-9999999.000,-9999999.000,0.000,0.000,1.000,0,0,0,3,3,0,0,3,0.0,0.0,0.0,0.0,0.0,1.0,-1
"((Pt_ChildT1D <= 0.000) U[2,2] (Pt_SHFlg = 0.000))
",0.000,0.000,0.000,0.000,1.000,0,0,0,3,3,0,0,3,0.0,0.0,0.0,0.0,0.0,1.0,-1
"F[0,0](Pt_SiblingT1D > 0.000 -> Pt_SHFlg = 0.000)
",0.000,0.000,0.000,0.000,1.000,0,0,0,3,3,0,0,3,0.0,0.0,0.0,0.0,0.0,1.0,-1
"((BGTestAvgNumMeter <= 1.587) U[2,2] (Triglyc <= 72.869))
",72.869,72.869,0.000,0.000,1.000,0,0,0,3,3,0,0,3,0.0,0.0,0.0,0.0,0.0,1.0,-1
"F[1,1](Triglyc <= 24.227 -> Pt_SHFlg = 0.000)
",-24.227,-24.227,0.000,0.000,1.000,0,0,0,3,3,0,0,3,0.0,0.0,0.0,0.0,0.0,1.0,-1
"F[0,1]((BGTestAvgNumMeter <= 1.300 & HbA1cImputeDtMnC >= 9.821) | age <= 61.123)
",-9999999.000,-9999999.000,0.000,0.000,1.000,0,0,0,3,3,0,0,3,0.0,0.0,0.0,0.0,0.0,1.0,-1
"((diabDur <= 7.937) U[0,0] (LDL <= 36.183))
",114.195,35.790,0.000,0.000,1.000,0,0,0,3,3,0,0,3,0.0,0.0,0.0,0.0,0.0,1.0,-1
"((BldPrSys <= 113.407) U[0,2] (bmi >= 22.272))
",-9999999.000,-9999999.000,0.000,0.000,1.000,0,0,0,3,3,0,0,3,0.0,0.0,0.0,0.0,0.0,1.0,-1
"F[2,2](((BldPrSys <= 115.623 & bmiZscore >= -0.764) -> GFR >= -0.602) -> diabDur <= -0.453)
",8163648232421141.000,0.453,0.000,0.000,1.000,0,0,0,3,3,0,0,3,0.0,0.0,0.0,0.0,0.0,1.0,-1
"F[0,2](((BGTestAvgNumMeter >= 0.726 & LDL >= 14.910) & Pt_GrandchildT1D >= 22.102) | UnitsInsBasalOrLongAct <= 72.420)
",-9999999.000,-9999999.000,0.000,0.000,1.000,0,0,0,3,3,0,0,3,0.0,0.0,0.0,0.0,0.0,1.0,-1
"F[1,2](((BldPrSys >= 109.799 & WeightKg >= 66.209) | WeightKg >= 62.125) -> Pt_CGMUseNumDays <= 75.185)
",-9999999.000,-9999999.000,0.000,0.000,1.000,0,0,0,3,3,0,0,3,0.0,0.0,0.0,0.0,0.0,1.0,-1
"((age >= 33.652) U[0,1] (TotalDailyInsPerKg >= 0.214))
",-9999999.000,-9999999.000,0.000,0.000,1.000,0,0,0,3,3,0,0,3,0.0,0.0,0.0,0.0,0.0,1.0,-1
"F[2,2](LDL <= 81.355 & TotalDailyInsPerKg >= 0.245)
",-0.245,-0.245,0.000,0.000,1.000,0,0,0,3,3,0,0,3,0.0,0.0,0.0,0.0,0.0,1.0,-1
"((HbA1c <= 7.051) U[0,2] (NumPumpBolusOrShortAct <= 2.814))
",-9999999.000,-9999999.000,0.000,0.000,1.000,0,0,0,3,3,0,0,3,0.0,0.0,0.0,0.0,0.0,1.0,-1
"((HDL >= 2.030) U[0,2] (TSH >= 0.245))
",-9999999.000,-9999999.000,0.000,0.000,1.000,0,0,0,3,3,0,0,3,0.0,0.0,0.0,0.0,0.0,1.0,-1
"F[0,0]((TotalDailyInsPerKg <= 0.699 & Triglyc >= 17.491) | bmi >= 2.135)
",-2.135,-2.135,0.000,0.000,1.000,0,0,0,3,3,0,0,3,0.0,0.0,0.0,0.0,0.0,1.0,-1
"F[1,1](((BldPrDia >= 72.624 -> Triglyc <= 60.706) & WeightKg >= 16.762) | BldPrSys <= 64.019)
",64.019,64.019,0.000,0.000,1.000,0,0,0,3,3,0,0,3,0.0,0.0,0.0,0.0,0.0,1.0,-1
"((bmi <= 24.435) U[0,2] (BUN >= 0.787))
",-9999999.000,-9999999.000,0.000,0.000,1.000,0,0,0,3,3,0,0,3,0.0,0.0,0.0,0.0,0.0,1.0,-1
"F[1,2](((SMBGperDayPtMeterCombo <= 4.347 & Triglyc >= 5.698) -> Pt_CGMUseNumDays >= 6.898) | Pt_CGMUseNumDays <= 73.385)
",-9999999.000,-9999999.000,0.000,0.000,1.000,0,0,0,3,3,0,0,3,0.0,0.0,0.0,0.0,0.0,1.0,-1
"F[0,2](NumPumpBolusOrShortAct >= 0.126 | TotalDailyInsPerKg <= 0.470)
",-9999999.000,-9999999.000,0.000,0.000,1.000,0,0,0,3,3,0,0,3,0.0,0.0,0.0,0.0,0.0,1.0,-1
"F[1,2](BUN <= 7.090 -> TotChol <= 82.986)
",-9999999.000,-9999999.000,0.000,0.000,1.000,0,0,0,3,3,0,0,3,0.0,0.0,0.0,0.0,0.0,1.0,-1
"((bmi <= 24.751) U[1,2] (Pt_SHFlg = 0.000))
",-9999999.000,-9999999.000,0.000,0.000,1.000,0,0,0,3,3,0,0,3,0.0,0.0,0.0,0.0,0.0,1.0,-1
"F[1,2](Triglyc >= 0.270 & Pt_SHFlg = 0.000)
",-9999999.000,-9999999.000,0.000,0.000,1.000,0,0,0,3,3,0,0,3,0.0,0.0,0.0,0.0,0.0,1.0,-1
"F[1,2](SMBGperDayPtMeterCombo < 4.545 & Pt_SHFlg = 0.000)
",-9999999.000,-9999999.000,0.000,0.000,1.000,0,0,0,3,3,0,0,3,0.0,0.0,0.0,0.0,0.0,1.0,-1
"F[2,2](WeightKg < 73.605 & Pt_SHFlg = 0.000)
",0.000,0.000,0.000,0.000,1.000,0,0,0,3,3,0,0,3,0.0,0.0,0.0,0.0,0.0,1.0,-1
"F[0,1](GFR <= 0.000 -> Pt_SHFlg = 0.000)
",-9999999.000,-9999999.000,0.000,0.000,1.000,0,0,0,3,3,0,0,3,0.0,0.0,0.0,0.0,0.0,1.0,-1
"F[1,1](DirectLDL >= 0.000 -> Pt_SHFlg = 0.000)
",0.000,0.000,0.000,0.000,1.000,0,0,0,3,3,0,0,3,0.0,0.0,0.0,0.0,0.0,1.0,-1
"((SMBGperDayPtMeterCombo <= 3.827) U[0,1] (Pt_SHFlg = 0.000))
",-9999999.000,-9999999.000,0.000,0.000,1.000,0,0,0,3,3,0,0,3,0.0,0.0,0.0,0.0,0.0,1.0,-1
"F[0,2](TSH > 0.319 -> Pt_SHFlg = 0.000)
",-9999999.000,-9999999.000,0.000,0.000,1.000,0,0,0,3,3,0,0,3,0.0,0.0,0.0,0.0,0.0,1.0,-1
"((AlbCreatRat_mggNew < 0.000) U[0,2] (Pt_SHFlg = 0.000))
",-9999999.000,-9999999.000,0.000,0.000,1.000,0,0,0,3,3,0,0,3,0.0,0.0,0.0,0.0,0.0,1.0,-1
"F[0,2](Pt_GrandparentT1D >= 0.000 -> Pt_CGMUseNumDays <= 5.487)
",-9999999.000,-9999999.000,0.000,0.000,1.000,0,0,0,3,3,0,0,3,0.0,0.0,0.0,0.0,0.0,1.0,-1
"((bmiPerc >= 0.000) U[2,2] (age >= 34.313))
",0.000,0.000,0.000,0.000,1.000,0,0,0,3,3,0,0,3,0.0,0.0,0.0,0.0,0.0,1.0,-1
"F[0,0](Pt_FatherT1D >= 0.000 | Pt_InsGov >= 0.000)
",0.707,4.667,0.000,0.000,1.000,0,0,0,3,3,0,0,3,0.0,0.0,0.0,0.0,0.0,1.0,-1
"G[0,2]((LDL >= 22.012 | TSH >= 0.468) | Pt_SiblingT1D >= 0.449)
",9999999.000,9999999.000,0.000,1.000,0.000,0,0,1,2,2,1,1,2,0.0,0.0,1.0,0.0,0.0,1.0,1
"G[0,2](((Pt_A1cGoalLev <= 5.989 | UnitsInsBasalOrLongAct <= 16.884) | bmiPerc >= 2.324) -> HbA1cImputeDtMnC <= 17.872)
",9999999.000,9999999.000,0.000,1.000,0.000,0,0,1,2,2,1,1,2,0.0,0.0,1.0,0.0,0.0,1.0,1
"G[0,1](((UnitsInsBasalOrLongAct <= 19.305 -> diabDur >= 4.587) | Pt_MotherT1D >= 3.409) & BUN >= 1.738)
",9999999.000,9999999.000,0.000,1.000,0.000,0,0,0,3,3,0,0,3,0.0,0.0,0.0,0.0,0.0,1.0,1
"G[2,2](((Pt_GrandparentT1D <= 0.000 | HbA1cImputeDtMnC <= 74.534) -> Pt_SHFlg <= 43.083) -> NumPumpBolusOrShortAct <= 54.034)
",-7604655985142325.000,-54.034,0.000,1.000,0.000,0,0,3,0,0,3,3,0,0.0,0.0,1.0,0.0,0.0,1.0,1
"G[0,1](((BldPrSys >= 110.122 & TotalDailyInsPerKg >= 0.243) & BldPrDia >= 0.222) & bmi >= 0.125)
",9999999.000,9999999.000,0.000,1.000,0.000,0,0,0,3,3,0,0,3,0.0,0.0,0.0,0.0,0.0,1.0,1
"G[1,2](((BUN >= 3.279 -> SMBGperDayPtMeterCombo <= 3.730) | DirectLDL <= 4.000) -> Pt_InsGov <= 4.332)
",9999999.000,9999999.000,0.000,1.000,0.000,0,0,3,0,0,3,3,0,0.0,0.0,1.0,0.0,0.0,1.0,1
"G[0,2](((HbA1c <= 6.764 & SMBGperDayPtMeterCombo <= 3.118) -> diabDur <= 3.421) -> HeightCm <= 4.310)
",9999999.000,9999999.000,0.000,1.000,0.000,0,0,0,3,3,0,0,3,0.0,0.0,0.0,0.0,0.0,1.0,1
"G[2,2]((Triglyc >= 11.841 & TSH <= 1.421) & Pt_ChildT1D <= 1.897)
",-11.841,-11.841,0.000,1.000,0.000,0,0,3,0,0,3,3,0,0.0,0.0,1.0,0.0,0.0,1.0,1
"G[0,2](((diabDur <= 7.757 & HbA1c <= 8.003) & Pt_CGMUseNumDays <= 8.763) -> diagAgeCombo >= 4.444)
",9999999.000,9999999.000,0.000,1.000,0.000,0,0,3,0,0,3,3,0,0.0,0.0,1.0,0.0,0.0,1.0,1
"G[1,2]((BGTestAvgNumPtRep <= 3.087 & LDL >= 7.971) & GFR >= 15.518)
",9999999.000,9999999.000,0.000,1.000,0.000,0,0,0,3,3,0,0,3,0.0,0.0,0.0,0.0,0.0,1.0,1
"G[1,2](BUN >= 3.086 | UnitsInsBasalOrLongAct <= 14.762)
",9999999.000,9999999.000,0.000,1.000,0.000,0,0,2,1,1,2,2,1,0.0,0.0,1.0,0.0,0.0,1.0,1
"G[1,2](((BldPrDia <= 75.276 | WeightKg <= 69.413) -> BGTestAvgNumMeter <= 73.641) | Pt_ChildT1D <= 72.357)
",9999999.000,9999999.000,0.000,1.000,0.000,0,0,3,0,0,3,3,0,0.0,0.0,1.0,0.0,0.0,1.0,1
"G[0,0]((bmi <= 24.970 | TSH <= 0.917) & TotChol >= 0.456)
",0.669,8.019,0.000,1.000,0.000,0,0,0,3,3,0,0,3,0.0,0.0,0.0,0.0,0.0,1.0,1
"F[2,2]((Triglyc <= 58.260 & Pt_GrandparentT1D <= 0.000) | Pt_ChildT1D <= 0.000)
",0.000,0.000,0.000,0.000,1.000,0,0,0,3,3,0,0,3,0.0,0.0,0.0,0.0,0.0,1.0,-1
"G[1,2]((diabDur <= 6.335 & TSH >= 0.081) | UnitsInsBasalOrLongAct <= 1.301)
",9999999.000,9999999.000,0.000,1.000,0.000,0,0,2,1,1,2,2,1,0.0,0.0,1.0,0.0,0.0,1.0,1
"G[2,2](GFR <= 0.000 -> BUN >= 0.961)
",0.000,0.000,0.000,1.000,0.000,0,0,3,0,0,3,3,0,0.0,0.0,1.0,0.0,0.0,1.0,1
"G[1,2](((TSH >= 0.677 -> UnitsInsBasalOrLongAct >= 4.423) | Pt_CGMUseNumDays <= 9.861) -> Pt_CGMUseNumDays <= 18.562)
",9999999.000,9999999.000,0.000,1.000,0.000,0,0,3,0,0,3,3,0,0.0,0.0,1.0,0.0,0.0,1.0,1
"G[1,1](((BldPrSys <= 116.294 -> TotChol >= 22.587) -> Pt_GrandchildT1D <= 68.789) -> DirectLDL >= 3.492)
",7863606471723309.000,3.492,0.000,1.000,0.000,0,0,0,3,3,0,0,3,0.0,0.0,0.0,0.0,0.0,1.0,1
"G[0,2](BGTestAvgNumMeter <= 1.404 -> BUN >= 3.009)
",9999999.000,9999999.000,0.000,1.000,0.000,0,0,1,2,2,1,1,2,0.0,0.0,1.0,0.0,0.0,1.0,1
"G[2,2]((diabDur >= 1.417 -> HDL >= 7.567) & BGTestAvgNumPtRep >= 26.246)
",-7387470493655245.000,-26.246,0.000,1.000,0.000,0,0,3,0,0,3,3,0,0.0,0.0,1.0,0.0,0.0,1.0,1
"G[0,2](age >= 34.171 & TotChol >= 6.336)
",9999999.000,9999999.000,0.000,1.000,0.000,0,0,0,3,3,0,0,3,0.0,0.0,0.0,0.0,0.0,1.0,1
"G[0,0]((diabDur <= 7.410 -> TotalDailyInsPerKg >= 0.137) -> GFR >= 0.047)
",2.621,0.533,0.000,1.000,0.000,0,0,0,3,3,0,0,3,0.0,0.0,0.0,0.0,0.0,1.0,1
"G[0,2](((age >= 33.570 | HDL >= 22.628) | Pt_SHFlg <= 59.437) & Pt_SHFlg >= 6.816)
",9999999.000,9999999.000,0.000,1.000,0.000,0,0,0,3,3,0,0,3,0.0,0.0,0.0,0.0,0.0,1.0,1
"G[0,0](((age <= 38.676 | TSH <= 1.411) | Pt_GrandparentT1D <= 1.806) & AlbCreatRat_mggNew >= 0.717)
",0.555,2.616,0.000,1.000,0.000,0,0,0,3,3,0,0,3,0.0,0.0,0.0,0.0,0.0,1.0,1
"G[0,2]((HDL >= 7.398 | diagAgeCombo >= 31.000) | DirectLDL >= 31.000)
",9999999.000,9999999.000,0.000,1.000,0.000,0,0,3,0,0,3,3,0,0.0,0.0,1.0,0.0,0.0,1.0,1
"G[0,2]((LDL >= 24.649 & UnitsInsBasalOrLongAct >= 0.878) -> diagAgeCombo <= 15.827)
",9999999.000,9999999.000,0.000,1.000,0.000,0,0,2,1,1,2,2,1,0.0,0.0,1.0,0.0,0.0,1.0,1
"G[0,2]((Pt_CGMUseNumDays >= 1.851 & SMBGperDayPtMeterCombo >= 1.054) & AlbCreatRat_mggNew >= 1.538)
",9999999.000,9999999.000,0.000,1.000,0.000,0,0,0,3,3,0,0,3,0.0,0.0,0.0,0.0,0.0,1.0,1
"G[0,2](((age <= 39.208 & BUN >= 1.718) | Pt_GrandparentT1D <= 8.737) | bmiZscore >= 1.720)
",9999999.000,9999999.000,0.000,1.000,0.000,0,0,3,0,0,3,3,0,0.0,0.0,1.0,0.0,0.0,1.0,1
"G[1,2](((bmi >= 21.053 | HDL >= 5.411) -> HeightCm <= 79.671) | BldPrDia <= 67.572)
",9999999.000,9999999.000,0.000,1.000,0.000,0,0,0,3,3,0,0,3,0.0,0.0,0.0,0.0,0.0,1.0,1
"G[1,1](((SMBGperDayPtMeterCombo >= 1.290 | TSH <= 1.328) & DirectLDL >= 0.317) & WeightKg >= 0.551)
",-0.551,-0.551,0.000,1.000,0.000,0,0,0,3,3,0,0,3,0.0,0.0,0.0,0.0,0.0,1.0,1
"G[1,2](BGTestAvgNumPtRep >= 1.226 | NumPumpBolusOrShortAct <= 1.003)
",9999999.000,9999999.000,0.000,1.000,0.000,0,0,3,0,0,3,3,0,0.0,0.0,1.0,0.0,0.0,1.0,1
"G[2,2](BldPrSys <= 113.341 | HDL >= 8.033)
",113.341,113.341,0.000,1.000,0.000,0,0,3,0,0,3,3,0,0.0,0.0,1.0,0.0,0.0,1.0,1
"G[2,2](((NumPumpBolusOrShortAct >= 0.133 & TotChol <= 138.892) | LDL >= 9.105) -> TotalDailyInsPerKg <= 67.795)
",-67.795,-67.795,0.000,1.000,0.000,0,0,3,0,0,3,3,0,0.0,0.0,1.0,0.0,0.0,1.0,1
"G[1,2]((bmi <= 22.929 & TotalDailyInsPerKg >= 0.146) | bmiPerc <= 0.564)
",9999999.000,9999999.000,0.000,1.000,0.000,0,0,3,0,0,3,3,0,0.0,0.0,1.0,0.0,0.0,1.0,1
"G[0,2](((TotalDailyInsPerKg <= 0.730 | WeightKg >= 67.101) -> BGTestAvgNumPtRep >= 66.396) -> AutonomicNeuroCl >= 66.088)
",9999999.000,9999999.000,0.000,1.000,0.000,0,0,3,0,0,3,3,0,0.0,0.0,1.0,0.0,0.0,1.0,1
"G[0,2](((HbA1c <= 8.410 -> Pt_A1cGoalLev >= 0.735) -> AutonomicNeuroCl >= 0.195) -> GFR <= 1.948)
",9999999.000,9999999.000,0.000,1.000,0.000,0,0,3,0,0,3,3,0,0.0,0.0,1.0,0.0,0.0,1.0,1
"G[0,1]((HbA1c <= 8.037 | UnitsInsBasalOrLongAct <= 17.033) & Triglyc >= 3.906)
",9999999.000,9999999.000,0.000,1.000,0.000,0,0,0,3,3,0,0,3,0.0,0.0,0.0,0.0,0.0,1.0,1
"G[2,2](((BGTestAvgNumMeter >= 1.031 | TotalDailyInsPerKg >= 0.217) & Pt_GrandchildT1D <= 0.362) -> Pt_InsGov >= 0.121)
",0.121,0.121,0.000,1.000,0.000,0,0,3,0,0,3,3,0,0.0,0.0,1.0,0.0,0.0,1.0,1
"G[1,2]((HbA1cImputeDtMnC <= 58.956 -> Pt_CGMUseNumDays >= 1.911) & bmi <= 5.182)
",9999999.000,9999999.000,0.000,1.000,0.000,0,0,0,3,3,0,0,3,0.0,0.0,0.0,0.0,0.0,1.0,1
"G[1,2](SMBGperDayPtMeterCombo <= 3.988 -> TSH >= 0.271)
",9999999.000,9999999.000,0.000,1.000,0.000,0,0,1,2,2,1,1,2,0.0,0.0,1.0,0.0,0.0,1.0,1
"G[0,2]((age <= 37.029 -> Triglyc <= 69.149) -> HbA1cImputeDtMnC >= 16.458)
",9999999.000,9999999.000,0.000,1.000,0.000,0,0,1,2,2,1,1,2,0.0,0.0,1.0,0.0,0.0,1.0,1
"G[0,2]((diabDur <= 5.662 | Triglyc >= 19.728) & bmiZscore >= 9.492)
",9999999.000,9999999.000,0.000,1.000,0.000,0,0,0,3,3,0,0,3,0.0,0.0,0.0,0.0,0.0,1.0,1
"G[0,2](((TotalDailyInsPerKg >= 0.054 | UnitsInsBasalOrLongAct >= 3.903) -> BGTestAvgNumPtRep <= 14.718) | Pt_A1cGoalLev <= 11.125)
",9999999.000,9999999.000,0.000,1.000,0.000,0,0,3,0,0,3,3,0,0.0,0.0,1.0,0.0,0.0,1.0,1
"G[0,2](BGTestAvgNumPtRep >= 0.361 | Pt_CGMUseNumDays <= 8.709)
",9999999.000,9999999.000,0.000,1.000,0.000,0,0,3,0,0,3,3,0,0.0,0.0,1.0,0.0,0.0,1.0,1
"G[0,2](BGTestAvgNumMeter <= 1.605 & HbA1c <= 8.365)
",9999999.000,9999999.000,0.000,1.000,0.000,0,0,1,2,2,1,1,2,0.0,0.0,1.0,0.0,0.0,1.0,1
"G[0,2]((age >= 34.972 | NumPumpBolusOrShortAct <= 2.490) & Pt_CGMUseNumDays <= 0.999)
",9999999.000,9999999.000,0.000,1.000,0.000,0,0,2,1,1,2,2,1,0.0,0.0,1.0,0.0,0.0,1.0,1
"G[0,2]((HbA1cImputeDtMnC >= 6.238 -> TSH <= 0.885) & age <= 2.279)
",9999999.000,9999999.000,0.000,1.000,0.000,0,0,0,3,3,0,0,3,0.0,0.0,0.0,0.0,0.0,1.0,1
"G[1,2]((BUN <= 8.312 | TotalDailyInsPerKg <= 0.363) & Pt_InsGov >= 0.181)
",9999999.000,9999999.000,0.000,1.000,0.000,0,0,0,3,3,0,0,3,0.0,0.0,0.0,0.0,0.0,1.0,1
"G[1,2]((TotChol >= 26.945 -> UnitsInsBasalOrLongAct >= 1.562) -> HDL >= 4.117)
",9999999.000,9999999.000,0.000,1.000,0.000,0,0,2,1,1,2,2,1,0.0,0.0,1.0,0.0,0.0,1.0,1
"G[1,1](((bmi >= 22.661 & NumPumpBolusOrShortAct <= 1.047) | Pt_InsGov <= 1.271) & WeightKg <= 2.264)
",1.271,1.271,0.000,1.000,0.000,0,0,0,3,3,0,0,3,0.0,0.0,0.0,0.0,0.0,1.0,1
"G[0,2]((HbA1c <= 7.930 | LDL >= 6.290) -> BGTestAvgNumPtRep >= 15.436)
",9999999.000,9999999.000,0.000,1.000,0.000,0,0,1,2,2,1,1,2,0.0,0.0,1.0,0.0,0.0,1.0,1
"G[1,2]((age >= 34.120 -> BGTestAvgNumMeter <= 1.357) -> diabDur <= 1.642)
",9999999.000,9999999.000,0.000,1.000,0.000,0,0,1,2,2,1,1,2,0.0,0.0,1.0,0.0,0.0,1.0,1
"G[1,2](((TotChol >= 10.424 | TSH >= 0.421) | HbA1cImputeDtMnC >= 0.379) | HeightCm <= 1.520)
",9999999.000,9999999.000,0.000,1.000,0.000,0,0,3,0,0,3,3,0,0.0,0.0,1.0,0.0,0.0,1.0,1
"G[1,2](((BldPrDia >= 70.583 -> UnitsInsBasalOrLongAct >= 2.089) & bmiPerc >= 6.124) & GFR >= 4.768)
",9999999.000,9999999.000,0.000,1.000,0.000,0,0,0,3,3,0,0,3,0.0,0.0,0.0,0.0,0.0,1.0,1
"G[1,2](UnitsInsBasalOrLongAct <= 18.875 & Pt_SHFlg = 0.000)
",9999999.000,9999999.000,0.000,1.000,0.000,0,0,2,1,1,2,2,1,0.0,0.0,1.0,0.0,0.0,1.0,1
"G[0,2](((BGTestAvgNumPtRep >= 0.613 & TSH <= 1.077) -> LDL <= 1.036) -> BldPrDia <= 2.252)
",9999999.000,9999999.000,0.000,1.000,0.000,0,0,0,3,3,0,0,3,0.0,0.0,0.0,0.0,0.0,1.0,1
"G[2,2](((BGTestAvgNumMeter <= 1.863 -> BldPrSys <= 113.897) -> Pt_InsGov >= 112.170) & BUN >= 110.797)
",-7796647621270803.000,-110.797,0.000,1.000,0.000,0,0,3,0,0,3,3,0,0.0,0.0,1.0,0.0,0.0,1.0,1
"G[0,2](((BGTestAvgNumMeter <= 1.550 | SMBGperDayPtMeterCombo <= 2.668) -> bmi >= 2.132) & BGTestAvgNumMeter >= 1.950)
",9999999.000,9999999.000,0.000,1.000,0.000,0,0,1,2,2,1,1,2,0.0,0.0,1.0,0.0,0.0,1.0,1
"G[0,2]((BGTestAvgNumMeter >= 0.276 & diabDur <= 6.730) -> BGTestAvgNumMeter <= 6.257)
",9999999.000,9999999.000,0.000,1.000,0.000,0,0,3,0,0,3,3,0,0.0,0.0,1.0,0.0,0.0,1.0,1
"G[2,2](((BldPrDia >= 71.630 | TSH <= 2.027) & HeightCm >= 0.596) -> diagAgeCombo <= 2.137)
",-2.137,-2.137,0.000,1.000,0.000,0,0,3,0,0,3,3,0,0.0,0.0,1.0,0.0,0.0,1.0,1
"G[0,1]((diabDur >= 2.760 -> HbA1cImputeDtMnC <= 72.731) & HbA1cImputeDtMnC >= 7.601)
",9999999.000,9999999.000,0.000,1.000,0.000,0,0,0,3,3,0,0,3,0.0,0.0,0.0,0.0,0.0,1.0,1
"G[0,2]((LDL <= 60.077 & Pt_CGMUseNumDays >= 1.395) | TSH >= 1.755)
",9999999.000,9999999.000,0.000,1.000,0.000,0,0,1,2,2,1,1,2,0.0,0.0,1.0,0.0,0.0,1.0,1
"G[1,2]((HbA1cImputeDtMnC <= 70.163 | HDL >= 25.240) | NumPumpBolusOrShortAct <= 70.549)
",9999999.000,9999999.000,0.000,1.000,0.000,0,0,3,0,0,3,3,0,0.0,0.0,1.0,0.0,0.0,1.0,1
"G[0,2](((BGTestAvgNumPtRep <= 4.837 -> BldPrDia <= 74.304) | Pt_A1cGoalLevelDsYr5 <= 74.508) | Pt_A1cGoalLev >= 73.369)
",9999999.000,9999999.000,0.000,1.000,0.000,0,0,3,0,0,3,3,0,0.0,0.0,1.0,0.0,0.0,1.0,1
"G[0,2](((Pt_A1cGoalLev <= 2.920 & Triglyc >= 4.828) -> AlbCreatRat_mggNew >= 18.711) & Pt_FatherT1D <= 73.590)
",9999999.000,9999999.000,0.000,1.000,0.000,0,0,2,1,1,2,2,1,0.0,0.0,1.0,0.0,0.0,1.0,1
"G[0,2](bmiZscore <= -0.355 & SMBGperDayPtMeterCombo >= 1.378)
",9999999.000,9999999.000,0.000,1.000,0.000,0,0,2,1,1,2,2,1,0.0,0.0,1.0,0.0,0.0,1.0,1
"G[2,2](bmi <= 24.452 & SMBGperDayPtMeterCombo >= 2.414)
",-2.414,-2.414,0.000,1.000,0.000,0,0,3,0,0,3,3,0,0.0,0.0,1.0,0.0,0.0,1.0,1
"G[0,2]((diabDur <= 5.343 & SMBGperDayPtMeterCombo >= 1.298) -> GFR >= 1.470)
",9999999.000,9999999.000,0.000,1.000,0.000,0,0,1,2,2,1,1,2,0.0,0.0,1.0,0.0,0.0,1.0,1
"G[0,2](((HeightCm >= 173.030 | SMBGperDayPtMeterCombo <= 4.277) & diabDur <= 3.709) -> HbA1c <= 4.399)
",9999999.000,9999999.000,0.000,1.000,0.000,0,0,2,1,1,2,2,1,0.0,0.0,1.0,0.0,0.0,1.0,1
"G[0,2](((BGTestAvgNumPtRep <= 2.596 -> SMBGperDayPtMeterCombo <= 4.942) -> DirectLDL >= 1.172) & HbA1cImputeDtMnC <= 4.655)
",9999999.000,9999999.000,0.000,1.000,0.000,0,0,0,3,3,0,0,3,0.0,0.0,0.0,0.0,0.0,1.0,1
"G[1,2](((BUN <= 6.147 & LDL >= 15.955) & Pt_ChildT1D >= 22.981) & Pt_SiblingT1D >= 2.114)
",9999999.000,9999999.000,0.000,1.000,0.000,0,0,0,3,3,0,0,3,0.0,0.0,0.0,0.0,0.0,1.0,1
"G[1,2](((diabDur >= 3.700 -> WeightKg >= 62.215) | NumPumpBolusOrShortAct <= 74.306) -> Pt_A1cGoalLevelDsYr5 <= 72.745)
",9999999.000,9999999.000,0.000,1.000,0.000,0,0,3,0,0,3,3,0,0.0,0.0,1.0,0.0,0.0,1.0,1
"G[0,2](((bmi >= 22.690 | diabDur <= 6.307) -> TotChol >= 1.509) -> Pt_DKAFlg <= 7.493)
",9999999.000,9999999.000,0.000,1.000,0.000,0,0,3,0,0,3,3,0,0.0,0.0,1.0,0.0,0.0,1.0,1
"G[0,2](((age >= 34.782 -> bmiZscore <= -0.301) & Pt_FatherT1D >= -0.649) -> Pt_DKAFlg >= -0.648)
",9999999.000,9999999.000,0.000,1.000,0.000,0,0,3,0,0,3,3,0,0.0,0.0,1.0,0.0,0.0,1.0,1
"G[1,2]((HbA1cImputeDtMnC <= 66.700 | WeightKg >= 68.361) | Pt_ChildT1D >= 63.063)
",9999999.000,9999999.000,0.000,1.000,0.000,0,0,3,0,0,3,3,0,0.0,0.0,1.0,0.0,0.0,1.0,1
"G[0,2]((BldPrDia <= 76.979 & bmiPerc <= 0.000) & age <= 0.000)
",9999999.000,9999999.000,0.000,1.000,0.000,0,0,0,3,3,0,0,3,0.0,0.0,0.0,0.0,0.0,1.0,1
"G[0,2](SMBGperDayPtMeterCombo >= 2.413 & BGTestAvgNumPtRep >= 1.096)
",9999999.000,9999999.000,0.000,1.000,0.000,0,0,1,2,2,1,1,2,0.0,0.0,1.0,0.0,0.0,1.0,1
"G[0,2]((TSH >= 0.455 -> Pt_SHFlg <= 0.000) & HDL >= 0.000)
",9999999.000,9999999.000,0.000,1.000,0.000,0,0,3,0,0,3,3,0,0.0,0.0,1.0,0.0,0.0,1.0,1
"G[1,2]((BGTestAvgNumPtRep >= 1.039 | HbA1cImputeDtMnC <= 69.780) -> TotChol >= 0.298)
",9999999.000,9999999.000,0.000,1.000,0.000,0,0,2,1,1,2,2,1,0.0,0.0,1.0,0.0,0.0,1.0,1
"G[0,2]((BUN <= 6.574 -> Pt_CGMUseNumDays <= 5.603) | Pt_CGMUseNumDays <= 4.084)
",9999999.000,9999999.000,0.000,1.000,0.000,0,0,3,0,0,3,3,0,0.0,0.0,1.0,0.0,0.0,1.0,1
"G[1,2]((BldPrDia <= 77.910 & SMBGperDayPtMeterCombo <= 4.973) | HeightCm >= 2.089)
",9999999.000,9999999.000,0.000,1.000,0.000,0,0,3,0,0,3,3,0,0.0,0.0,1.0,0.0,0.0,1.0,1
"G[0,2](GFR <= 0.000 -> BUN >= 2.582)
",9999999.000,9999999.000,0.000,1.000,0.000,0,0,0,3,3,0,0,3,0.0,0.0,0.0,0.0,0.0,1.0,1
"G[1,2](((HbA1c >= 0.519 & TSH <= 2.138) | Pt_InsGov <= 1.447) & UnitsInsBasalOrLongAct <= 0.972)
",9999999.000,9999999.000,0.000,1.000,0.000,0,0,1,2,2,1,1,2,0.0,0.0,1.0,0.0,0.0,1.0,1
"G[0,2]((WeightKg >= 65.782 | bmi >= 21.552) -> UnitsInsBasalOrLongAct <= 13.328)
",9999999.000,9999999.000,0.000,1.000,0.000,0,0,1,2,2,1,1,2,0.0,0.0,1.0,0.0,0.0,1.0,1
"G[0,1](GFR <= 0.000 -> BUN >= 0.520)
",9999999.000,9999999.000,0.000,1.000,0.000,0,0,0,3,3,0,0,3,0.0,0.0,0.0,0.0,0.0,1.0,1
"G[1,2]((WeightKg >= 63.318 | bmi >= 21.600) -> UnitsInsBasalOrLongAct <= 13.386)
",9999999.000,9999999.000,0.000,1.000,0.000,0,0,1,2,2,1,1,2,0.0,0.0,1.0,0.0,0.0,1.0,1
"G[1,2](GFR <= 0.000 -> BUN >= 0.463)
",9999999.000,9999999.000,0.000,1.000,0.000,0,0,2,1,1,2,2,1,0.0,0.0,1.0,0.0,0.0,1.0,1
"G[1,2](SMBGperDayPtMeterCombo >= 2.035 & BGTestAvgNumPtRep >= 1.274)
",9999999.000,9999999.000,0.000,1.000,0.000,0,0,1,2,2,1,1,2,0.0,0.0,1.0,0.0,0.0,1.0,1
"G[0,2](GFR <= 0.000 -> BUN >= 0.029)
",9999999.000,9999999.000,0.000,1.000,0.000,0,0,0,3,3,0,0,3,0.0,0.0,0.0,0.0,0.0,1.0,1
"G[0,2](SMBGperDayPtMeterCombo >= 2.245 & BGTestAvgNumPtRep >= 0.929)
",9999999.000,9999999.000,0.000,1.000,0.000,0,0,1,2,2,1,1,2,0.0,0.0,1.0,0.0,0.0,1.0,1
"G[0,2]((WeightKg >= 62.684 | bmi >= 20.883) -> UnitsInsBasalOrLongAct <= 14.094)
",9999999.000,9999999.000,0.000,1.000,0.000,0,0,1,2,2,1,1,2,0.0,0.0,1.0,0.0,0.0,1.0,1
"G[1,2](GFR <= 0.000 -> BUN >= 2.760)
",9999999.000,9999999.000,0.000,1.000,0.000,0,0,2,1,1,2,2,1,0.0,0.0,1.0,0.0,0.0,1.0,1
"G[0,2](SMBGperDayPtMeterCombo >= 1.884 & BGTestAvgNumPtRep >= 1.419)
",9999999.000,9999999.000,0.000,1.000,0.000,0,0,1,2,2,1,1,2,0.0,0.0,1.0,0.0,0.0,1.0,1
"G[0,2]((WeightKg >= 63.511 | bmi >= 22.196) -> UnitsInsBasalOrLongAct <= 18.802)
",9999999.000,9999999.000,0.000,1.000,0.000,0,0,2,1,1,2,2,1,0.0,0.0,1.0,0.0,0.0,1.0,1
"G[0,2](GFR <= 0.000 -> BUN >= 1.899)
",9999999.000,9999999.000,0.000,1.000,0.000,0,0,0,3,3,0,0,3,0.0,0.0,0.0,0.0,0.0,1.0,1
"G[2,2](GFR <= 0.000 -> BUN >= 1.950)
",0.000,0.000,0.000,1.000,0.000,0,0,3,0,0,3,3,0,0.0,0.0,1.0,0.0,0.0,1.0,1
"G[0,2](SMBGperDayPtMeterCombo >= 1.362 & BGTestAvgNumPtRep >= 0.488)
",9999999.000,9999999.000,0.000,1.000,0.000,0,0,1,2,2,1,1,2,0.0,0.0,1.0,0.0,0.0,1.0,1
"G[0,2]((WeightKg >= 66.083 | bmi >= 21.772) -> UnitsInsBasalOrLongAct <= 14.527)
",9999999.000,9999999.000,0.000,1.000,0.000,0,0,1,2,2,1,1,2,0.0,0.0,1.0,0.0,0.0,1.0,1
"G[0,0](GFR <= 0.000 -> BUN >= 0.997)
",-0.717,-24.565,0.000,1.000,0.000,0,0,0,3,3,0,0,3,0.0,0.0,0.0,0.0,0.0,1.0,1
"G[1,2]((WeightKg >= 63.751 | bmi >= 21.667) -> UnitsInsBasalOrLongAct <= 10.668)
",9999999.000,9999999.000,0.000,1.000,0.000,0,0,1,2,2,1,1,2,0.0,0.0,1.0,0.0,0.0,1.0,1
"G[0,0](GFR <= 0.000 -> BUN >= 2.627)
",-0.717,-24.022,0.000,1.000,0.000,0,0,0,3,3,0,0,3,0.0,0.0,0.0,0.0,0.0,1.0,1
"G[1,2]((WeightKg >= 65.511 | bmi >= 21.750) -> UnitsInsBasalOrLongAct <= 18.680)
",9999999.000,9999999.000,0.000,1.000,0.000,0,0,2,1,1,2,2,1,0.0,0.0,1.0,0.0,0.0,1.0,1
"G[0,1](Pt_GrandchildT1D > 0.000 & Pt_SHFlg = 0.000)
",9999999.000,9999999.000,0.000,1.000,0.000,0,0,0,3,3,0,0,3,0.0,0.0,0.0,0.0,0.0,1.0,1
"G[2,2](LDL < 33.546 -> Pt_SHFlg = 0.000)
",-33.546,-33.546,0.000,1.000,0.000,0,0,3,0,0,3,3,0,0.0,0.0,1.0,0.0,0.0,1.0,1
"G[0,2](BUN >= 3.333 & Pt_SHFlg = 0.000)
",9999999.000,9999999.000,0.000,1.000,0.000,0,0,0,3,3,0,0,3,0.0,0.0,0.0,0.0,0.0,1.0,1
"G[2,2]((BUN >= 0.398 & HDL >= 12.356) & TSH <= 86.810)
",-12.356,-12.356,0.000,1.000,0.000,0,0,3,0,0,3,3,0,0.0,0.0,1.0,0.0,0.0,1.0,1
"G[2,2](((bmiPerc <= 0.000 & DirectLDL <= 0.000) & BGTestAvgNumMeter <= 0.000) | WeightKg >= 0.000)
",0.000,0.000,0.000,1.000,0.000,0,0,3,0,0,3,3,0,0.0,0.0,1.0,0.0,0.0,1.0,1
"G[0,2](((DirectLDL >= 0.000 | Pt_SiblingT1D >= 0.000) & BUN >= 0.000) & DirectLDL >= 0.000)
",9999999.000,9999999.000,0.000,1.000,0.000,0,0,3,0,0,3,3,0,0.0,0.0,1.0,0.0,0.0,1.0,1
"G[1,2](Pt_A1cGoalLev <= 5.389 & BGTestAvgNumPtRep <= 3.077)
",9999999.000,9999999.000,0.000,1.000,0.000,0,0,2,1,1,2,2,1,0.0,0.0,1.0,0.0,0.0,1.0,1
"F[1,2](bmiPerc >= 0.000 -> Pt_MotherT1D <= 0.000)
",-9999999.000,-9999999.000,0.000,0.000,1.000,0,0,0,3,3,0,0,3,0.0,0.0,0.0,0.0,0.0,1.0,-1
"F[0,1](BGTestAvgNumPtRep >= 1.326 -> Pt_ChildT1D <= 0.000)
",-9999999.000,-9999999.000,0.000,0.000,1.000,0,0,0,3,3,0,0,3,0.0,0.0,0.0,0.0,0.0,1.0,-1
"F[1,2](((BGTestAvgNumPtRep >= 0.250 | Pt_A1cGoalLev >= 0.413) | WeightKg <= 6.989) & BldPrDia >= 0.256)
",-9999999.000,-9999999.000,0.000,0.000,1.000,0,0,0,3,3,0,0,3,0.0,0.0,0.0,0.0,0.0,1.0,-1
"F[1,2](((Pt_GrandchildT1D >= 0.000 | Pt_GrandchildT1D >= 0.000) | DirectLDL <= 0.000) | Pt_GrandchildT1D <= 0.000)
",-9999999.000,-9999999.000,0.000,0.000,1.000,0,0,0,3,3,0,0,3,0.0,0.0,0.0,0.0,0.0,1.0,-1
"F[1,2]((BUN <= 9.240 & LDL >= 9.551) -> LDL >= 0.549)
",-9999999.000,-9999999.000,0.000,0.000,1.000,0,0,0,3,3,0,0,3,0.0,0.0,0.0,0.0,0.0,1.0,-1
"F[1,2](((BldPrSys >= 110.733 | TSH >= 0.300) | bmiPerc >= 0.591) & Pt_InsGov >= 0.347)
",-9999999.000,-9999999.000,0.000,0.000,1.000,0,0,0,3,3,0,0,3,0.0,0.0,0.0,0.0,0.0,1.0,-1
"((AlbCreatRat_mggNew >= 0.000) U[2,2] (LDL <= 79.710))
",79.710,79.710,0.000,0.000,1.000,0,0,0,3,3,0,0,3,0.0,0.0,0.0,0.0,0.0,1.0,-1
"F[0,2](LDL >= 20.381 & HDL >= 17.854)
",-9999999.000,-9999999.000,0.000,0.000,1.000,0,0,0,3,3,0,0,3,0.0,0.0,0.0,0.0,0.0,1.0,-1
"F[0,1](((Pt_CGMUseNumDays >= 0.625 -> Pt_FatherT1D >= 0.000) -> LDL >= 0.000) -> Pt_FatherT1D >= 0.000)
",-9999999.000,-9999999.000,0.000,0.000,1.000,0,0,0,3,3,0,0,3,0.0,0.0,0.0,0.0,0.0,1.0,-1
"F[1,2]((Pt_SHFlg >= 0.000 -> Pt_MotherT1D <= 0.000) | Pt_FatherT1D >= 0.000)
",-9999999.000,-9999999.000,0.000,0.000,1.000,0,0,0,3,3,0,0,3,0.0,0.0,0.0,0.0,0.0,1.0,-1
"F[0,2](((HDL <= 34.779 & UnitsInsBasalOrLongAct <= 14.411) -> Pt_FatherT1D >= 4.846) -> Pt_MotherT1D >= 3.896)
",-9999999.000,-9999999.000,0.000,0.000,1.000,0,0,0,3,3,0,0,3,0.0,0.0,0.0,0.0,0.0,1.0,-1
"F[0,1](((HbA1c <= 7.784 & HeightCm <= 173.039) -> Pt_GrandchildT1D >= 173.036) | bmiPerc >= 173.006)
",-9999999.000,-9999999.000,0.000,0.000,1.000,0,0,0,3,3,0,0,3,0.0,0.0,0.0,0.0,0.0,1.0,-1
"F[0,2](Triglyc <= 67.528 | HbA1cImputeDtMnC <= 47.514)
",-9999999.000,-9999999.000,0.000,0.000,1.000,0,0,0,3,3,0,0,3,0.0,0.0,0.0,0.0,0.0,1.0,-1
"F[0,2](((bmi <= 24.847 & diagAgeCombo >= 31.000) & BldPrSys >= 31.000) | Pt_DKAFlg <= 31.000)
",-9999999.000,-9999999.000,0.000,0.000,1.000,0,0,0,3,3,0,0,3,0.0,0.0,0.0,0.0,0.0,1.0,-1
"F[0,0]((Pt_InsGov >= 0.000 | Pt_ChildT1D >= 0.000) | UnitsInsBasalOrLongAct >= 0.000)
",0.000,0.000,0.000,0.000,1.000,0,0,0,3,3,0,0,3,0.0,0.0,0.0,0.0,0.0,1.0,-1
"F[0,0]((TSH <= 2.196 | HbA1c >= 1.788) -> Pt_InsGov <= 8.850)
",-8.850,-8.850,0.000,0.000,1.000,0,0,0,3,3,0,0,3,0.0,0.0,0.0,0.0,0.0,1.0,-1
"F[0,1]((TotChol <= 141.298 & age <= 38.395) | DirectLDL >= 35.158)
",-9999999.000,-9999999.000,0.000,0.000,1.000,0,0,0,3,3,0,0,3,0.0,0.0,0.0,0.0,0.0,1.0,-1
"F[1,2]((HDL >= 1.090 & SMBGperDayPtMeterCombo <= 3.228) | SMBGperDayPtMeterCombo <= 3.768)
",-9999999.000,-9999999.000,0.000,0.000,1.000,0,0,0,3,3,0,0,3,0.0,0.0,0.0,0.0,0.0,1.0,-1
"F[0,1](Pt_DKAFlg >= 0.000 & LDL <= 74.107)
",-9999999.000,-9999999.000,0.000,0.000,1.000,0,0,0,3,3,0,0,3,0.0,0.0,0.0,0.0,0.0,1.0,-1
"F[2,2](((Pt_SHFlg <= 0.000 | Triglyc <= 40.357) | Pt_A1cGoalLevelDsYr5 <= 71.738) & diabDur <= 53.137)
",53.137,53.137,0.000,0.000,1.000,0,0,0,3,3,0,0,3,0.0,0.0,0.0,0.0,0.0,1.0,-1
"F[0,1](((TotalDailyInsPerKg <= 0.512 -> TSH >= 0.102) & BUN >= 0.391) -> UnitsInsBasalOrLongAct <= 0.954)
",-9999999.000,-9999999.000,0.000,0.000,1.000,0,0,0,3,3,0,0,3,0.0,0.0,0.0,0.0,0.0,1.0,-1
"F[0,2](LDL >= 17.163 | bmi <= 24.567)
",-9999999.000,-9999999.000,0.000,0.000,1.000,0,0,0,3,3,0,0,3,0.0,0.0,0.0,0.0,0.0,1.0,-1
"F[0,1](BGTestAvgNumMeter >= 0.914 -> AutonomicNeuroCl <= 0.000)
",-9999999.000,-9999999.000,0.000,0.000,1.000,0,0,0,3,3,0,0,3,0.0,0.0,0.0,0.0,0.0,1.0,-1
"F[0,2]((BUN <= 6.670 -> Pt_MotherT1D >= 0.000) & Pt_A1cGoalLev >= 0.000)
",-9999999.000,-9999999.000,0.000,0.000,1.000,0,0,0,3,3,0,0,3,0.0,0.0,0.0,0.0,0.0,1.0,-1
"F[0,1]((HbA1cImputeDtMnC >= 1.145 -> BldPrDia <= 74.032) -> AlbCreatRat_mggNew <= 74.009)
",-9999999.000,-9999999.000,0.000,0.000,1.000,0,0,0,3,3,0,0,3,0.0,0.0,0.0,0.0,0.0,1.0,-1
"F[2,2](((HbA1cImputeDtMnC >= 26.787 -> bmi >= 22.675) | Pt_InsGov <= 23.994) | Pt_FatherT1D >= 22.117)
",23.994,23.994,0.000,0.000,1.000,0,0,0,3,3,0,0,3,0.0,0.0,0.0,0.0,0.0,1.0,-1
"G[0,0]((GFR >= 0.000 | TotChol <= 83.522) & Triglyc >= 24.636)
",-24.636,-24.636,0.000,1.000,0.000,0,0,0,3,3,0,0,3,0.0,0.0,0.0,0.0,0.0,1.0,1
"((GFR <= 0.000) U[1,1] (diagAgeCombo <= 31.000))
",31.000,31.000,0.000,0.000,1.000,0,0,0,3,3,0,0,3,0.0,0.0,0.0,0.0,0.0,1.0,-1
"F[0,1]((BGTestAvgNumPtRep >= 1.502 & BGTestAvgNumMeter <= 1.979) | Pt_GrandchildT1D <= 1.813)
",-9999999.000,-9999999.000,0.000,0.000,1.000,0,0,0,3,3,0,0,3,0.0,0.0,0.0,0.0,0.0,1.0,-1
"F[0,2](((diagAgeCombo >= 31.000 | NumPumpBolusOrShortAct <= 0.755) & BGTestAvgNumMeter >= 0.494) -> Pt_GrandchildT1D <= 2.354)
",-9999999.000,-9999999.000,0.000,0.000,1.000,0,0,0,3,3,0,0,3,0.0,0.0,0.0,0.0,0.0,1.0,-1
"F[0,2](((DirectLDL >= 0.000 -> AlbCreatRat_mggNew <= 0.000) -> age >= 0.000) | BGTestAvgNumMeter >= 0.000)
",-9999999.000,-9999999.000,0.000,0.000,1.000,0,0,0,3,3,0,0,3,0.0,0.0,0.0,0.0,0.0,1.0,-1
"F[0,2](Pt_A1cGoalLevelDsYr5 >= 0.000 | BUN <= 7.814)
",-9999999.000,-9999999.000,0.000,0.000,1.000,0,0,0,3,3,0,0,3,0.0,0.0,0.0,0.0,0.0,1.0,-1
"F[1,1]((AlbCreatRat_mggNew <= 0.000 & Triglyc >= 10.549) | bmi <= 58.908)
",8290509414546203.000,58.908,0.000,0.000,1.000,0,0,0,3,3,0,0,3,0.0,0.0,0.0,0.0,0.0,1.0,-1
"((bmiPerc <= 0.000) U[1,2] (age >= 34.862))
",-9999999.000,-9999999.000,0.000,0.000,1.000,0,0,0,3,3,0,0,3,0.0,0.0,0.0,0.0,0.0,1.0,-1
"G[2,2](Pt_SiblingT1D <= 0.000 & HbA1cImputeDtMnC <= 82.764)
",0.000,0.000,0.000,1.000,0.000,0,0,3,0,0,3,3,0,0.0,0.0,1.0,0.0,0.0,1.0,1
"F[2,2](((WeightKg <= 74.723 | BldPrSys <= 115.372) | age <= 113.937) -> Pt_GrandparentT1D <= 112.833)
",-115.372,-115.372,0.000,0.000,1.000,0,0,0,3,3,0,0,3,0.0,0.0,0.0,0.0,0.0,1.0,-1
"F[1,2](((HbA1cImputeDtMnC >= 22.182 -> Pt_SiblingT1D <= 0.000) | bmiZscore >= 0.000) | AutonomicNeuroCl <= 0.000)
",-9999999.000,-9999999.000,0.000,0.000,1.000,0,0,0,3,3,0,0,3,0.0,0.0,0.0,0.0,0.0,1.0,-1
"F[0,2](((WeightKg >= 65.247 & TotChol <= 97.144) | Triglyc >= 2.516) & bmi >= 3.739)
",-9999999.000,-9999999.000,0.000,0.000,1.000,0,0,0,3,3,0,0,3,0.0,0.0,0.0,0.0,0.0,1.0,-1
"F[1,2]((diabDur <= 5.928 -> UnitsInsBasalOrLongAct <= 19.636) | Pt_SiblingT1D <= 13.560)
",-9999999.000,-9999999.000,0.000,0.000,1.000,0,0,0,3,3,0,0,3,0.0,0.0,0.0,0.0,0.0,1.0,-1
"F[0,2]((HbA1c <= 8.460 & HeightCm <= 173.153) -> TotChol <= 173.169)
",-9999999.000,-9999999.000,0.000,0.000,1.000,0,0,0,3,3,0,0,3,0.0,0.0,0.0,0.0,0.0,1.0,-1
"F[0,2](Pt_DKAFlg <= 0.000 & Pt_A1cGoalLevelDsYr5 >= 0.000)
",-9999999.000,-9999999.000,0.000,0.000,1.000,0,0,0,3,3,0,0,3,0.0,0.0,0.0,0.0,0.0,1.0,-1
"F[0,2]((BUN <= 5.375 | Triglyc <= 25.414) & BldPrDia <= 68.216)
",-9999999.000,-9999999.000,0.000,0.000,1.000,0,0,0,3,3,0,0,3,0.0,0.0,0.0,0.0,0.0,1.0,-1
"F[1,2](BGTestAvgNumPtRep <= 3.177 | Pt_ChildT1D >= 0.000)
",-9999999.000,-9999999.000,0.000,0.000,1.000,0,0,0,3,3,0,0,3,0.0,0.0,0.0,0.0,0.0,1.0,-1
"F[2,2](LDL <= 41.201 | SMBGperDayPtMeterCombo >= 1.011)
",41.201,41.201,0.000,0.000,1.000,0,0,0,3,3,0,0,3,0.0,0.0,0.0,0.0,0.0,1.0,-1
"F[0,0](((TotChol >= 26.862 | Pt_FatherT1D <= 0.000) -> bmiPerc <= 0.000) | diabDur <= 0.000)
",-0.707,-11.333,0.000,0.000,1.000,0,0,0,3,3,0,0,3,0.0,0.0,0.0,0.0,0.0,1.0,-1
"F[1,2](Pt_A1cGoalLevelDsYr5 >= 0.000 & HbA1c <= 8.836)
",-9999999.000,-9999999.000,0.000,0.000,1.000,0,0,0,3,3,0,0,3,0.0,0.0,0.0,0.0,0.0,1.0,-1
"F[1,2]((TotalDailyInsPerKg <= 0.387 & BldPrDia >= 73.301) | Pt_SiblingT1D >= 71.091)
",-9999999.000,-9999999.000,0.000,0.000,1.000,0,0,0,3,3,0,0,3,0.0,0.0,0.0,0.0,0.0,1.0,-1
"F[0,1](DirectLDL >= 0.000 & Pt_MotherT1D <= 0.000)
",-9999999.000,-9999999.000,0.000,0.000,1.000,0,0,0,3,3,0,0,3,0.0,0.0,0.0,0.0,0.0,1.0,-1
"F[0,2](((TotChol >= 13.205 -> Pt_CGMUseNumDays >= 1.447) | Pt_InsGov >= 1.617) -> diagAgeCombo >= 0.159)
",-9999999.000,-9999999.000,0.000,0.000,1.000,0,0,0,3,3,0,0,3,0.0,0.0,0.0,0.0,0.0,1.0,-1
"F[0,0](((Pt_SHFlg >= 0.000 | Pt_A1cGoalLev >= 0.232) | DirectLDL <= 6.518) & Pt_FatherT1D <= 1.971)
",-0.408,-2.696,0.000,0.000,1.000,0,0,0,3,3,0,0,3,0.0,0.0,0.0,0.0,0.0,1.0,-1
"((diabDur <= 6.825) U[0,2] (Triglyc <= 65.666))
",-9999999.000,-9999999.000,0.000,0.000,1.000,0,0,0,3,3,0,0,3,0.0,0.0,0.0,0.0,0.0,1.0,-1
"G[0,2]((Pt_GrandchildT1D >= 0.000 & WeightKg >= 65.240) & TotalDailyInsPerKg >= 64.133)
",9999999.000,9999999.000,0.000,1.000,0.000,0,0,0,3,3,0,0,3,0.0,0.0,0.0,0.0,0.0,1.0,1
"G[1,2](((Pt_A1cGoalLev <= 5.754 -> Pt_GrandparentT1D <= 0.000) | DirectLDL <= 0.000) & Pt_InsGov <= 0.000)
",9999999.000,9999999.000,0.000,1.000,0.000,0,0,3,0,0,3,3,0,0.0,0.0,1.0,0.0,0.0,1.0,1
"G[1,2](BldPrDia >= 70.290 | BldPrSys <= 116.409)
",9999999.000,9999999.000,0.000,1.000,0.000,0,0,3,0,0,3,3,0,0.0,0.0,1.0,0.0,0.0,1.0,1
"G[0,2](((SMBGperDayPtMeterCombo >= 1.388 -> LDL <= 57.837) & BldPrSys <= 71.606) -> Pt_SHFlg >= 12.376)
",9999999.000,9999999.000,0.000,1.000,0.000,0,0,3,0,0,3,3,0,0.0,0.0,1.0,0.0,0.0,1.0,1
"G[0,2](Pt_CGMUseNumDays <= 4.179 & Pt_GrandparentT1D <= 0.000)
",9999999.000,9999999.000,0.000,1.000,0.000,0,0,2,1,1,2,2,1,0.0,0.0,1.0,0.0,0.0,1.0,1
"G[0,1](((SMBGperDayPtMeterCombo >= 1.465 | age <= 39.323) | diagAgeCombo >= 36.106) -> TotalDailyInsPerKg >= 35.566)
",9999999.000,9999999.000,0.000,1.000,0.000,0,0,0,3,3,0,0,3,0.0,0.0,0.0,0.0,0.0,1.0,1
"G[1,2](Pt_DKAFlg <= 0.000 | diagAgeCombo >= 31.000)
",9999999.000,9999999.000,0.000,1.000,0.000,0,0,3,0,0,3,3,0,0.0,0.0,1.0,0.0,0.0,1.0,1
"G[0,2]((TotalDailyInsPerKg <= 0.430 -> HDL >= 12.326) | BUN >= 10.966)
",9999999.000,9999999.000,0.000,1.000,0.000,0,0,1,2,2,1,1,2,0.0,0.0,1.0,0.0,0.0,1.0,1
"G[0,2](((HeightCm <= 173.062 -> diabDur >= 2.682) & Pt_GrandparentT1D <= 7.413) | Pt_MotherT1D >= 1.294)
",9999999.000,9999999.000,0.000,1.000,0.000,0,0,2,1,1,2,2,1,0.0,0.0,1.0,0.0,0.0,1.0,1
"G[2,2](((AlbCreatRat_mggNew >= 0.000 | DirectLDL <= 0.000) | BldPrDia <= 0.000) & BGTestAvgNumPtRep <= 0.000)
",0.000,0.000,0.000,1.000,0.000,0,0,3,0,0,3,3,0,0.0,0.0,1.0,0.0,0.0,1.0,1
"G[1,1]((UnitsInsBasalOrLongAct >= 6.607 & TotChol <= 101.434) & BUN >= 9.710)
",-9.710,-9.710,0.000,1.000,0.000,0,0,0,3,3,0,0,3,0.0,0.0,0.0,0.0,0.0,1.0,1
"G[1,2](Pt_A1cGoalLevelDsYr5 >= 0.000 | TSH <= 1.137)
",9999999.000,9999999.000,0.000,1.000,0.000,0,0,3,0,0,3,3,0,0.0,0.0,1.0,0.0,0.0,1.0,1
"G[2,2](((DirectLDL >= 0.000 | diagAgeCombo <= 31.000) & HeightCm <= 31.000) & TotalDailyInsPerKg >= 31.000)
",-31.000,-31.000,0.000,1.000,0.000,0,0,3,0,0,3,3,0,0.0,0.0,1.0,0.0,0.0,1.0,1
"G[0,2]((Pt_ChildT1D >= 0.000 & BldPrSys >= 109.583) & BUN >= 111.175)
",9999999.000,9999999.000,0.000,1.000,0.000,0,0,0,3,3,0,0,3,0.0,0.0,0.0,0.0,0.0,1.0,1
"G[0,2](((bmi <= 24.534 | HbA1cImputeDtMnC <= 70.881) | Pt_MotherT1D <= 73.723) -> Pt_InsGov >= 8.413)
",9999999.000,9999999.000,0.000,1.000,0.000,0,0,0,3,3,0,0,3,0.0,0.0,0.0,0.0,0.0,1.0,1
"G[1,2]((WeightKg <= 69.857 -> Pt_ChildT1D <= 0.000) -> HDL >= 0.000)
",9999999.000,9999999.000,0.000,1.000,0.000,0,0,3,0,0,3,3,0,0.0,0.0,1.0,0.0,0.0,1.0,1
"G[1,2]((BGTestAvgNumMeter <= 1.701 -> Pt_GrandchildT1D >= 0.000) -> bmiPerc >= 0.000)
",9999999.000,9999999.000,0.000,1.000,0.000,0,0,3,0,0,3,3,0,0.0,0.0,1.0,0.0,0.0,1.0,1
"G[0,2](((Triglyc >= 10.482 -> Pt_CGMUseNumDays <= 13.502) | AlbCreatRat_mggNew >= 2.027) | Pt_A1cGoalLevelDsYr5 >= 0.393)
",9999999.000,9999999.000,0.000,1.000,0.000,0,0,2,1,1,2,2,1,0.0,0.0,1.0,0.0,0.0,1.0,1
"G[2,2]((HeightCm >= 173.038 & LDL <= 61.703) -> Pt_A1cGoalLev <= 76.011)
",-76.011,-76.011,0.000,1.000,0.000,0,0,3,0,0,3,3,0,0.0,0.0,1.0,0.0,0.0,1.0,1
"G[1,2](((BGTestAvgNumMeter <= 1.335 & Pt_CGMUseNumDays <= 12.949) -> Pt_DKAFlg >= 0.012) | Pt_GrandparentT1D >= 2.320)
",9999999.000,9999999.000,0.000,1.000,0.000,0,0,2,1,1,2,2,1,0.0,0.0,1.0,0.0,0.0,1.0,1
"G[1,2](HDL >= 2.761 & Pt_CGMUseNumDays >= 1.982)
",9999999.000,9999999.000,0.000,1.000,0.000,0,0,1,2,2,1,1,2,0.0,0.0,1.0,0.0,0.0,1.0,1
"G[0,2]((diabDur >= 3.478 & LDL <= 43.968) & HDL <= 32.927)
",9999999.000,9999999.000,0.000,1.000,0.000,0,0,1,2,2,1,1,2,0.0,0.0,1.0,0.0,0.0,1.0,1
"G[2,2](((Pt_SiblingT1D <= 0.000 & age >= 34.178) & WeightKg >= 34.833) | bmi >= 33.411)
",-33.411,-33.411,0.000,1.000,0.000,0,0,3,0,0,3,3,0,0.0,0.0,1.0,0.0,0.0,1.0,1
"G[0,1](((Pt_InsGov <= 0.000 -> BGTestAvgNumMeter >= 0.684) -> Pt_SHFlg <= 1.597) & WeightKg <= 1.319)
",9999999.000,9999999.000,0.000,1.000,0.000,0,0,0,3,3,0,0,3,0.0,0.0,0.0,0.0,0.0,1.0,1
"G[1,2](diabDur >= 2.332 | Pt_ChildT1D <= 0.000)
",9999999.000,9999999.000,0.000,1.000,0.000,0,0,3,0,0,3,3,0,0.0,0.0,1.0,0.0,0.0,1.0,1
"G[1,2](((WeightKg >= 65.529 | TotalDailyInsPerKg <= 0.513) & Pt_A1cGoalLevelDsYr5 >= 0.331) & AlbCreatRat_mggNew >= 0.210)
",9999999.000,9999999.000,0.000,1.000,0.000,0,0,0,3,3,0,0,3,0.0,0.0,0.0,0.0,0.0,1.0,1
"G[0,2](age <= 36.934 | diabDur >= 1.961)
",9999999.000,9999999.000,0.000,1.000,0.000,0,0,3,0,0,3,3,0,0.0,0.0,1.0,0.0,0.0,1.0,1
"G[1,1](((AlbCreatRat_mggNew <= 0.000 & Triglyc <= 44.522) | Pt_ChildT1D >= 4.466) & HeightCm <= 56.498)
",0.000,0.000,0.000,1.000,0.000,0,0,0,3,3,0,0,3,0.0,0.0,0.0,0.0,0.0,1.0,1
"G[1,2](NumPumpBolusOrShortAct <= 2.769 -> WeightKg >= 67.619)
",9999999.000,9999999.000,0.000,1.000,0.000,0,0,2,1,1,2,2,1,0.0,0.0,1.0,0.0,0.0,1.0,1
"G[0,2]((BldPrSys <= 114.597 -> bmi >= 21.486) & BldPrDia >= 20.961)
",9999999.000,9999999.000,0.000,1.000,0.000,0,0,2,1,1,2,2,1,0.0,0.0,1.0,0.0,0.0,1.0,1
"G[1,2]((HbA1cImputeDtMnC >= 6.876 | HDL <= 37.490) | HbA1cImputeDtMnC >= 3.216)
",9999999.000,9999999.000,0.000,1.000,0.000,0,0,2,1,1,2,2,1,0.0,0.0,1.0,0.0,0.0,1.0,1
"G[2,2](age >= 33.996 -> LDL >= 21.950)
",21.950,21.950,0.000,1.000,0.000,0,0,3,0,0,3,3,0,0.0,0.0,1.0,0.0,0.0,1.0,1
"G[0,0](((TotalDailyInsPerKg <= 0.600 & Triglyc >= 0.279) & AutonomicNeuroCl <= 58.129) | HDL >= 4.394)
",0.605,25.939,0.000,1.000,0.000,0,0,0,3,3,0,0,3,0.0,0.0,0.0,0.0,0.0,1.0,1
"G[1,2](((Pt_GrandparentT1D >= 0.000 | Pt_CGMUseNumDays <= 3.453) -> HbA1cImputeDtMnC <= 5.704) | SMBGperDayPtMeterCombo <= 6.489)
",9999999.000,9999999.000,0.000,1.000,0.000,0,0,3,0,0,3,3,0,0.0,0.0,1.0,0.0,0.0,1.0,1
"G[1,2]((bmiZscore <= -0.443 & Pt_A1cGoalLevelDsYr5 <= 0.000) | bmiPerc >= 0.000)
",9999999.000,9999999.000,0.000,1.000,0.000,0,0,3,0,0,3,3,0,0.0,0.0,1.0,0.0,0.0,1.0,1
"G[2,2](((AutonomicNeuroCl >= 0.000 -> diagAgeCombo >= 31.000) -> Pt_CGMUseNumDays <= 31.000) & Pt_SiblingT1D <= 31.000)
",-31.000,-31.000,0.000,1.000,0.000,0,0,3,0,0,3,3,0,0.0,0.0,1.0,0.0,0.0,1.0,1
"G[0,1]((Pt_CGMUseNumDays >= 1.100 -> Pt_CGMUseNumDays <= 9.065) -> GFR >= 0.659)
",9999999.000,9999999.000,0.000,1.000,0.000,0,0,0,3,3,0,0,3,0.0,0.0,0.0,0.0,0.0,1.0,1
"G[0,2]((HeightCm >= 173.003 | bmi >= 22.269) & bmi <= 24.182)
",9999999.000,9999999.000,0.000,1.000,0.000,0,0,0,3,3,0,0,3,0.0,0.0,0.0,0.0,0.0,1.0,1
"G[0,2](((HDL <= 67.285 -> age >= 33.244) & Pt_SiblingT1D <= 39.640) | BldPrDia >= 35.388)
",9999999.000,9999999.000,0.000,1.000,0.000,0,0,3,0,0,3,3,0,0.0,0.0,1.0,0.0,0.0,1.0,1
"G[2,2](((Pt_A1cGoalLev <= 2.268 -> GFR >= 0.000) -> Pt_DKAFlg >= 0.000) -> NumPumpBolusOrShortAct >= 0.000)
",0.000,0.000,0.000,1.000,0.000,0,0,3,0,0,3,3,0,0.0,0.0,1.0,0.0,0.0,1.0,1
"G[0,2](((Pt_A1cGoalLevelDsYr5 <= 0.000 | HDL >= 16.863) & Pt_InsGov >= 10.986) -> HbA1cImputeDtMnC >= 28.901)
",9999999.000,9999999.000,0.000,1.000,0.000,0,0,3,0,0,3,3,0,0.0,0.0,1.0,0.0,0.0,1.0,1
"G[2,2](((HbA1cImputeDtMnC <= 64.985 -> AlbCreatRat_mggNew <= 0.000) & Pt_SHFlg <= 0.000) -> BGTestAvgNumPtRep <= 0.000)
",0.000,0.000,0.000,1.000,0.000,0,0,3,0,0,3,3,0,0.0,0.0,1.0,0.0,0.0,1.0,1
"G[0,0](TotChol >= 27.318 & DirectLDL <= 0.000)
",-173.000,-173.000,0.000,1.000,0.000,0,0,0,3,3,0,0,3,0.0,0.0,0.0,0.0,0.0,1.0,1
"G[1,2]((BGTestAvgNumPtRep <= 2.976 & age >= 34.007) | HbA1c >= 35.920)
",9999999.000,9999999.000,0.000,1.000,0.000,0,0,2,1,1,2,2,1,0.0,0.0,1.0,0.0,0.0,1.0,1
"G[0,2]((bmi >= 22.251 & Pt_InsGov >= 0.000) | BUN >= 0.000)
",9999999.000,9999999.000,0.000,1.000,0.000,0,0,3,0,0,3,3,0,0.0,0.0,1.0,0.0,0.0,1.0,1
"G[1,2]((UnitsInsBasalOrLongAct <= 18.466 -> Pt_DKAFlg >= 0.000) & age >= 0.000)
",9999999.000,9999999.000,0.000,1.000,0.000,0,0,3,0,0,3,3,0,0.0,0.0,1.0,0.0,0.0,1.0,1
"G[1,2](((NumPumpBolusOrShortAct <= 2.409 | Pt_InsGov <= 0.000) & HbA1c <= 0.000) & DirectLDL >= 0.000)
",9999999.000,9999999.000,0.000,1.000,0.000,0,0,1,2,2,1,1,2,0.0,0.0,1.0,0.0,0.0,1.0,1
"G[0,1]((bmiPerc >= 0.000 -> BldPrDia <= 77.004) & Triglyc >= 72.836)
",9999999.000,9999999.000,0.000,1.000,0.000,0,0,0,3,3,0,0,3,0.0,0.0,0.0,0.0,0.0,1.0,1
"G[0,0](GFR >= 0.000 & Triglyc >= 7.400)
",-8332022854331843.000,-7.400,0.000,1.000,0.000,0,0,0,3,3,0,0,3,0.0,0.0,0.0,0.0,0.0,1.0,1
"G[0,0](AlbCreatRat_mggNew >= 0.000 -> BUN >= 0.434)
",-0.707,-24.522,0.000,1.000,0.000,0,0,0,3,3,0,0,3,0.0,0.0,0.0,0.0,0.0,1.0,1
"G[1,2](((WeightKg <= 71.069 -> SMBGperDayPtMeterCombo >= 2.197) | Pt_DKAFlg >= 1.281) | bmiPerc >= 1.814)
",9999999.000,9999999.000,0.000,1.000,0.000,0,0,2,1,1,2,2,1,0.0,0.0,1.0,0.0,0.0,1.0,1
"G[2,2](Pt_SiblingT1D >= 0.000 -> diagAgeCombo >= 31.000)
",0.000,0.000,0.000,1.000,0.000,0,0,3,0,0,3,3,0,0.0,0.0,1.0,0.0,0.0,1.0,1
"G[0,2](((Pt_A1cGoalLevelDsYr5 >= 0.000 & SMBGperDayPtMeterCombo <= 2.528) & diabDur >= 2.474) | SMBGperDayPtMeterCombo <= 4.389)
",9999999.000,9999999.000,0.000,1.000,0.000,0,0,2,1,1,2,2,1,0.0,0.0,1.0,0.0,0.0,1.0,1
"G[1,2]((UnitsInsBasalOrLongAct >= 7.477 -> BldPrDia <= 75.805) -> AutonomicNeuroCl <= 76.267)
",9999999.000,9999999.000,0.000,1.000,0.000,0,0,3,0,0,3,3,0,0.0,0.0,1.0,0.0,0.0,1.0,1
"F[0,2](((bmiPerc <= 0.000 -> TSH <= 1.088) & Pt_SiblingT1D <= 1.568) & GFR >= 0.370)
",-9999999.000,-9999999.000,0.000,0.000,1.000,0,0,0,3,3,0,0,3,0.0,0.0,0.0,0.0,0.0,1.0,-1
