Rule,Discrimination Score,Pos Robustness,Neg Robustness,Percent Class +,Percent Class -,TP,TN,FP,FN,Actual Yes,Actual No,Predicted Yes,Predicted No,TPR/Sens,TNR/Spec,FPR,Precision,Accuracy,MCR
"G[0,0](diagAgeCombo >= 8.000 & Pt_MotherT1D >= 0.000)
",-8.000,-8.000,0.000,1.000,0.000,2,0,0,0,2,0,2,0,1.0,0.0,0.0,1.0,1.3333333333333333,-0.33333333333333326
"G[0,0](TSH <= 0.000 | age <= 16.897)
",16.897,16.897,0.000,1.000,0.000,2,0,0,0,2,0,2,0,1.0,0.0,0.0,1.0,1.3333333333333333,-0.33333333333333326
"G[0,0]((Pt_SHFlg <= 0.000 & Triglyc <= 41.343) | bmiPerc <= 38.419)
",18.919,18.919,0.000,1.000,0.000,2,0,0,0,2,0,2,0,1.0,0.0,0.0,1.0,1.3333333333333333,-0.33333333333333326
"G[0,0](TotalDailyInsPerKg > 0.028 -> Pt_SHFlg = 0.000)
",-7.972,-7.972,0.000,1.000,0.000,2,0,0,0,2,0,2,0,1.0,0.0,0.0,1.0,1.3333333333333333,-0.33333333333333326
"G[0,0](HbA1cImputeDtMnC <= 18.623 -> Pt_SHFlg = 0.000)
",-18.623,-18.623,0.000,1.000,0.000,2,0,0,0,2,0,2,0,1.0,0.0,0.0,1.0,1.3333333333333333,-0.33333333333333326
"G[0,0](((TSH <= 0.000 & Pt_SiblingT1D >= 0.000) | Pt_SiblingT1D >= 0.000) & BGTestAvgNumPtRep >= 0.000)
",0.000,0.000,0.000,1.000,0.000,2,0,0,0,2,0,2,0,1.0,0.0,0.0,1.0,1.3333333333333333,-0.33333333333333326
"G[0,0]((AlbCreatRat_mggNew >= 1.551 -> HeightCm >= 162.567) & HDL <= 166.952)
",1.551,1.551,0.000,1.000,0.000,2,0,0,0,2,0,2,0,1.0,0.0,0.0,1.0,1.3333333333333333,-0.33333333333333326
"G[0,0](((Pt_GrandparentT1D >= 0.000 & age <= 16.839) & HDL <= 16.762) | bmiZscore <= 15.808)
",15.465,15.465,0.000,1.000,0.000,2,0,0,0,2,0,2,0,1.0,0.0,0.0,1.0,1.3333333333333333,-0.33333333333333326
"G[0,0]((bmi >= 17.893 | UnitsInsBasalOrLongAct <= 12.857) & NumPumpBolusOrShortAct <= 18.155)
",1.857,1.857,0.000,1.000,0.000,2,0,0,0,2,0,2,0,1.0,0.0,0.0,1.0,1.3333333333333333,-0.33333333333333326
"G[0,0](AutonomicNeuroCl <= 0.000 -> Pt_SHFlg = 0.000)
",10.700,10.700,0.000,1.000,0.000,2,0,0,0,2,0,2,0,1.0,0.0,0.0,1.0,1.3333333333333333,-0.33333333333333326
"G[0,0](((TotalDailyInsPerKg >= 0.577 -> BldPrDia >= 67.716) -> GFR <= 72.845) | NumPumpBolusOrShortAct >= 63.794)
",-63.794,-63.794,0.000,1.000,0.000,2,0,0,0,2,0,2,0,1.0,0.0,0.0,1.0,1.3333333333333333,-0.33333333333333326
"G[0,0](((Pt_CGMUseNumDays >= 0.000 -> AutonomicNeuroCl >= 0.000) & WeightKg >= 0.000) -> NumPumpBolusOrShortAct >= 0.000)
",0.000,0.000,0.000,1.000,0.000,2,0,0,0,2,0,2,0,1.0,0.0,0.0,1.0,1.3333333333333333,-0.33333333333333326
"G[0,0](SMBGperDayPtMeterCombo >= 1.541 & TotalDailyInsPerKg >= 0.283)
",7.717,7.717,0.000,1.000,0.000,2,0,0,0,2,0,2,0,1.0,0.0,0.0,1.0,1.3333333333333333,-0.33333333333333326
"G[0,0]((Pt_CGMUseNumDays >= 0.000 -> Pt_MotherT1D <= 0.000) | diabDur >= 0.000)
",16.000,16.000,0.000,1.000,0.000,2,0,0,0,2,0,2,0,1.0,0.0,0.0,1.0,1.3333333333333333,-0.33333333333333326
"G[0,0](((BldPrSys <= 118.893 -> Pt_DKAFlg <= 0.000) & bmiPerc >= 0.000) | Triglyc >= 0.000)
",121.000,121.000,0.000,1.000,0.000,2,0,0,0,2,0,2,0,1.0,0.0,0.0,1.0,1.3333333333333333,-0.33333333333333326
"G[0,0](((diagAgeCombo >= 8.000 & AutonomicNeuroCl >= 0.000) & DirectLDL <= 0.000) & BUN <= 0.000)
",-168.400,-168.400,0.000,1.000,0.000,2,0,0,0,2,0,2,0,1.0,0.0,0.0,1.0,1.3333333333333333,-0.33333333333333326
"G[0,0](Pt_A1cGoalLev <= 0.000 -> GFR <= 0.000)
",-0.404,-0.404,0.000,1.000,0.000,2,0,0,0,2,0,2,0,1.0,0.0,0.0,1.0,1.3333333333333333,-0.33333333333333326
"G[1,1](((age >= 14.950 -> bmiPerc >= 0.248) & BldPrSys >= 0.236) & Pt_GrandparentT1D <= 0.319)
",-0.236,-0.236,0.000,1.000,0.000,1,0,1,0,1,1,2,0,1.0,0.0,1.0,0.5,0.6666666666666666,0.33333333333333337
"G[0,1]((Triglyc >= 0.531 | Pt_CGMUseNumDays <= 0.000) | GFR <= 0.000)
",9999999.000,9999999.000,0.000,1.000,0.000,1,0,1,0,1,1,2,0,1.0,0.0,1.0,0.5,0.6666666666666666,0.33333333333333337
"G[1,1](((NumPumpBolusOrShortAct <= 1.627 & Pt_DKAFlg >= 0.000) | AutonomicNeuroCl >= 0.000) & Pt_MotherT1D <= 0.000)
",0.000,0.000,0.000,1.000,0.000,1,0,1,0,1,1,2,0,1.0,0.0,1.0,0.5,0.6666666666666666,0.33333333333333337
"G[0,1](((Pt_InsGov >= 0.000 | Pt_GrandchildT1D <= 0.000) -> BldPrDia >= 0.000) | NumPumpBolusOrShortAct <= 0.000)
",9999999.000,9999999.000,0.000,1.000,0.000,1,0,1,0,1,1,2,0,1.0,0.0,1.0,0.5,0.6666666666666666,0.33333333333333337
"G[1,1]((Pt_InsGov <= 0.000 & Pt_MotherT1D >= 0.000) | Pt_SiblingT1D <= 0.000)
",0.000,0.000,0.000,1.000,0.000,1,0,1,0,1,1,2,0,1.0,0.0,1.0,0.5,0.6666666666666666,0.33333333333333337
"G[0,1](diabDur >= 6.732 | diagAgeCombo >= 8.000)
",9999999.000,9999999.000,0.000,1.000,0.000,1,0,1,0,1,1,2,0,1.0,0.0,1.0,0.5,0.6666666666666666,0.33333333333333337
"G[0,1](age <= 16.854 & Pt_SiblingT1D <= 0.000)
",9999999.000,9999999.000,0.000,1.000,0.000,1,0,0,1,2,0,1,1,0.5,0.0,0.0,1.0,0.6666666666666666,0.33333333333333337
"G[1,1](((bmiPerc >= 0.205 & HbA1cImputeDtMnC >= 4.938) | BldPrDia >= 4.601) -> Pt_MotherT1D >= -6.429)
",-6.429,-6.429,0.000,1.000,0.000,1,0,1,0,1,1,2,0,1.0,0.0,1.0,0.5,0.6666666666666666,0.33333333333333337
"G[0,1](((Pt_GrandchildT1D >= 0.000 | Pt_A1cGoalLev >= 0.000) & Triglyc <= 0.000) | TSH <= 0.000)
",9999999.000,9999999.000,0.000,1.000,0.000,1,0,1,0,1,1,2,0,1.0,0.0,1.0,0.5,0.6666666666666666,0.33333333333333337
"G[0,1](Pt_InsGov <= 0.000 | BldPrDia <= 73.272)
",9999999.000,9999999.000,0.000,1.000,0.000,1,0,1,0,1,1,2,0,1.0,0.0,1.0,0.5,0.6666666666666666,0.33333333333333337
"G[0,0]((bmiPerc >= 0.226 & Pt_SiblingT1D >= 0.000) | TotalDailyInsPerKg <= 0.000)
",0.000,0.000,0.000,1.000,0.000,1,0,0,1,2,0,1,1,0.5,0.0,0.0,1.0,0.6666666666666666,0.33333333333333337
"G[0,1]((BUN >= 0.000 & Pt_DKAFlg >= 0.000) | LDL >= 0.000)
",9999999.000,9999999.000,0.000,1.000,0.000,1,0,1,0,1,1,2,0,1.0,0.0,1.0,0.5,0.6666666666666666,0.33333333333333337
"G[0,0](((BldPrSys >= 115.759 & HbA1cImputeDtMnC >= -1.758) | WeightKg <= 27.736) -> Pt_MotherT1D >= 7.171)
",-27.736,-27.736,0.000,1.000,0.000,1,0,0,1,2,0,1,1,0.5,0.0,0.0,1.0,0.6666666666666666,0.33333333333333337
"G[1,1]((Pt_DKAFlg >= 0.000 | Pt_InsGov >= 0.000) | NumPumpBolusOrShortAct >= 0.000)
",0.000,0.000,0.000,1.000,0.000,1,0,1,0,1,1,2,0,1.0,0.0,1.0,0.5,0.6666666666666666,0.33333333333333337
"G[0,1](((BGTestAvgNumMeter <= 3.410 -> HbA1cImputeDtMnC <= 18.065) | Pt_CGMUseNumDays <= 22.786) | LDL <= 23.012)
",9999999.000,9999999.000,0.000,1.000,0.000,1,0,1,0,1,1,2,0,1.0,0.0,1.0,0.5,0.6666666666666666,0.33333333333333337
"G[1,1](Pt_SHFlg >= 0.000 -> diagAgeCombo >= 8.000)
",0.000,0.000,0.000,1.000,0.000,1,0,1,0,1,1,2,0,1.0,0.0,1.0,0.5,0.6666666666666666,0.33333333333333337
"G[1,1](((GFR >= 0.000 -> bmiZscore <= -0.433) -> Pt_SHFlg >= -0.676) -> bmi >= -0.734)
",-0.734,-0.734,0.000,1.000,0.000,1,0,1,0,1,1,2,0,1.0,0.0,1.0,0.5,0.6666666666666666,0.33333333333333337
"G[1,1](((WeightKg <= 54.958 -> WeightKg <= 53.263) | BGTestAvgNumMeter <= 56.340) | Pt_FatherT1D <= 54.490)
",56.340,56.340,0.000,1.000,0.000,1,0,1,0,1,1,2,0,1.0,0.0,1.0,0.5,0.6666666666666666,0.33333333333333337
"G[1,1](TotChol <= 124.940 & BUN >= 0.000)
",0.000,0.000,0.000,1.000,0.000,1,0,1,0,1,1,2,0,1.0,0.0,1.0,0.5,0.6666666666666666,0.33333333333333337
"G[1,1]((bmiZscore <= -0.406 | Pt_ChildT1D <= 0.000) | Pt_SiblingT1D >= 0.000)
",0.000,0.000,0.000,1.000,0.000,1,0,1,0,1,1,2,0,1.0,0.0,1.0,0.5,0.6666666666666666,0.33333333333333337
"G[1,1](((TotChol <= 126.358 | TotChol >= 121.358) -> TotalDailyInsPerKg >= 123.793) | SMBGperDayPtMeterCombo <= 129.057)
",129.057,129.057,0.000,1.000,0.000,1,0,1,0,1,1,2,0,1.0,0.0,1.0,0.5,0.6666666666666666,0.33333333333333337
"G[0,1](((bmiPerc <= 0.323 & UnitsInsBasalOrLongAct >= 0.158) | TSH >= 9.836) -> GFR >= 8.937)
",9999999.000,9999999.000,0.000,1.000,0.000,1,0,0,1,2,0,1,1,0.5,0.0,0.0,1.0,0.6666666666666666,0.33333333333333337
"G[0,1](((DirectLDL >= 0.000 | Pt_InsGov <= 0.000) -> HbA1c >= 0.000) & Pt_ChildT1D <= 0.000)
",9999999.000,9999999.000,0.000,1.000,0.000,1,0,1,0,1,1,2,0,1.0,0.0,1.0,0.5,0.6666666666666666,0.33333333333333337
"G[0,1](((BldPrDia <= 71.640 & HDL <= 43.352) -> HbA1c <= 58.362) & GFR <= 58.554)
",9999999.000,9999999.000,0.000,1.000,0.000,1,0,1,0,1,1,2,0,1.0,0.0,1.0,0.5,0.6666666666666666,0.33333333333333337
"G[0,0](TotChol >= 122.170 & TSH >= 0.000)
",-63.170,-63.170,0.000,1.000,0.000,1,0,0,1,2,0,1,1,0.5,0.0,0.0,1.0,0.6666666666666666,0.33333333333333337
"G[1,1](((TSH <= 0.000 & BldPrSys <= 118.414) | UnitsInsBasalOrLongAct <= 121.877) | DirectLDL <= 119.761)
",121.877,121.877,0.000,1.000,0.000,1,0,1,0,1,1,2,0,1.0,0.0,1.0,0.5,0.6666666666666666,0.33333333333333337
"G[1,1]((Pt_MotherT1D <= 0.000 | NumPumpBolusOrShortAct >= 0.501) | TotChol >= 0.648)
",0.000,0.000,0.000,1.000,0.000,1,0,1,0,1,1,2,0,1.0,0.0,1.0,0.5,0.6666666666666666,0.33333333333333337
"G[0,1]((SMBGperDayPtMeterCombo >= 0.078 & TotChol >= 122.969) | Pt_SHFlg <= 129.931)
",9999999.000,9999999.000,0.000,1.000,0.000,1,0,1,0,1,1,2,0,1.0,0.0,1.0,0.5,0.6666666666666666,0.33333333333333337
"G[1,1](BGTestAvgNumMeter >= 1.029 -> GFR <= 0.000)
",0.000,0.000,0.000,1.000,0.000,1,0,1,0,1,1,2,0,1.0,0.0,1.0,0.5,0.6666666666666666,0.33333333333333337
"G[1,1]((HeightCm <= 167.811 | TotalDailyInsPerKg <= 0.998) | Pt_DKAFlg >= 0.464)
",167.811,167.811,0.000,1.000,0.000,1,0,1,0,1,1,2,0,1.0,0.0,1.0,0.5,0.6666666666666666,0.33333333333333337
"G[1,1]((BldPrDia <= 71.381 & SMBGperDayPtMeterCombo >= 1.988) -> HeightCm <= 3.730)
",-3.730,-3.730,0.000,1.000,0.000,1,0,1,0,1,1,2,0,1.0,0.0,1.0,0.5,0.6666666666666666,0.33333333333333337
"G[0,1](((LDL <= 50.798 & TotalDailyInsPerKg <= 0.776) & DirectLDL >= 0.220) -> BldPrDia >= 0.142)
",9999999.000,9999999.000,0.000,1.000,0.000,1,0,1,0,1,1,2,0,1.0,0.0,1.0,0.5,0.6666666666666666,0.33333333333333337
"G[0,1](bmi >= 17.558 | bmiPerc <= 0.322)
",9999999.000,9999999.000,0.000,1.000,0.000,1,0,1,0,1,1,2,0,1.0,0.0,1.0,0.5,0.6666666666666666,0.33333333333333337
"G[0,1](((HDL <= 41.249 -> TSH >= 0.000) | UnitsInsBasalOrLongAct <= 0.000) & Pt_CGMUseNumDays >= 0.000)
",9999999.000,9999999.000,0.000,1.000,0.000,1,0,1,0,1,1,2,0,1.0,0.0,1.0,0.5,0.6666666666666666,0.33333333333333337
"G[0,0]((BGTestAvgNumPtRep >= 0.507 -> TotalDailyInsPerKg <= 0.673) & Pt_SHFlg <= 0.998)
",-19.915,-19.915,0.000,1.000,0.000,1,0,0,1,2,0,1,1,0.5,0.0,0.0,1.0,0.6666666666666666,0.33333333333333337
"G[1,1]((Pt_ChildT1D >= 0.000 & Pt_MotherT1D >= 0.000) | AlbCreatRat_mggNew >= 0.000)
",0.000,0.000,0.000,1.000,0.000,1,0,1,0,1,1,2,0,1.0,0.0,1.0,0.5,0.6666666666666666,0.33333333333333337
"G[1,1](HbA1c >= 10.283 -> Pt_SHFlg = 0.000)
",0.000,0.000,0.000,1.000,0.000,1,0,1,0,1,1,2,0,1.0,0.0,1.0,0.5,0.6666666666666666,0.33333333333333337
"G[1,1]((WeightKg >= 45.759 | bmi >= 18.060) -> UnitsInsBasalOrLongAct <= 21.055)
",-21.055,-21.055,0.000,1.000,0.000,1,0,1,0,1,1,2,0,1.0,0.0,1.0,0.5,0.6666666666666666,0.33333333333333337
"G[1,1](Pt_MotherT1D >= 0.000 -> Pt_SHFlg = 0.000)
",0.000,0.000,0.000,1.000,0.000,1,0,1,0,1,1,2,0,1.0,0.0,1.0,0.5,0.6666666666666666,0.33333333333333337
"G[0,0](SMBGperDayPtMeterCombo >= 1.050 & BGTestAvgNumPtRep >= 0.182)
",-0.182,-0.182,0.000,1.000,0.000,1,0,0,1,2,0,1,1,0.5,0.0,0.0,1.0,0.6666666666666666,0.33333333333333337
"G[0,1]((GFR <= 0.000 & UnitsInsBasalOrLongAct <= 28.105) | Pt_DKAFlg >= 5.661)
",9999999.000,9999999.000,0.000,1.000,0.000,1,0,0,1,2,0,1,1,0.5,0.0,0.0,1.0,0.6666666666666666,0.33333333333333337
"G[1,1](((DirectLDL >= 0.000 | HbA1c >= 9.987) | TotChol <= 10.631) & Pt_SiblingT1D <= 10.643)
",10.631,10.631,0.000,1.000,0.000,1,0,1,0,1,1,2,0,1.0,0.0,1.0,0.5,0.6666666666666666,0.33333333333333337
"G[0,1]((WeightKg >= 49.306 | bmi >= 18.731) -> UnitsInsBasalOrLongAct <= 15.754)
",9999999.000,9999999.000,0.000,1.000,0.000,1,0,0,1,2,0,1,1,0.5,0.0,0.0,1.0,0.6666666666666666,0.33333333333333337
"G[0,0]((WeightKg >= 50.213 | bmi >= 18.144) -> UnitsInsBasalOrLongAct <= 29.544)
",-18.544,-18.544,0.000,1.000,0.000,1,0,0,1,2,0,1,1,0.5,0.0,0.0,1.0,0.6666666666666666,0.33333333333333337
"G[1,1](((age >= 14.281 | Pt_A1cGoalLevelDsYr5 >= 0.000) & bmiPerc <= 0.000) | AutonomicNeuroCl <= 0.000)
",0.000,0.000,0.000,1.000,0.000,1,0,1,0,1,1,2,0,1.0,0.0,1.0,0.5,0.6666666666666666,0.33333333333333337
"G[0,1](TotChol <= 128.819 -> Pt_GrandparentT1D <= 0.000)
",9999999.000,9999999.000,0.000,1.000,0.000,1,0,1,0,1,1,2,0,1.0,0.0,1.0,0.5,0.6666666666666666,0.33333333333333337
"G[0,1](GFR <= 0.000 -> BUN >= 0.000)
",9999999.000,9999999.000,0.000,1.000,0.000,1,0,1,0,1,1,2,0,1.0,0.0,1.0,0.5,0.6666666666666666,0.33333333333333337
"G[0,0](SMBGperDayPtMeterCombo >= 1.839 & BGTestAvgNumPtRep >= 0.359)
",-0.359,-0.359,0.000,1.000,0.000,1,0,0,1,2,0,1,1,0.5,0.0,0.0,1.0,0.6666666666666666,0.33333333333333337
"G[0,1]((DirectLDL >= 0.000 -> bmi <= 19.028) | NumPumpBolusOrShortAct <= 19.977)
",9999999.000,9999999.000,0.000,1.000,0.000,1,0,1,0,1,1,2,0,1.0,0.0,1.0,0.5,0.6666666666666666,0.33333333333333337
"G[0,0](Pt_FatherT1D <= 0.000 -> BGTestAvgNumPtRep >= 0.573)
",0.000,0.000,0.000,1.000,0.000,1,0,0,1,2,0,1,1,0.5,0.0,0.0,1.0,0.6666666666666666,0.33333333333333337
"G[0,0](DirectLDL >= 0.000 & AlbCreatRat_mggNew <= 10.123)
",10.123,10.123,0.000,1.000,0.000,1,0,0,1,2,0,1,1,0.5,0.0,0.0,1.0,0.6666666666666666,0.33333333333333337
"G[1,1](GFR <= 0.000 -> BUN >= 0.000)
",0.000,0.000,0.000,1.000,0.000,1,0,1,0,1,1,2,0,1.0,0.0,1.0,0.5,0.6666666666666666,0.33333333333333337
"G[1,1]((WeightKg >= 45.134 | bmi >= 17.818) -> UnitsInsBasalOrLongAct <= 28.574)
",-28.574,-28.574,0.000,1.000,0.000,1,0,1,0,1,1,2,0,1.0,0.0,1.0,0.5,0.6666666666666666,0.33333333333333337
"G[0,1](((Pt_SHFlg <= 0.000 & TotalDailyInsPerKg <= 0.693) -> age >= 0.029) -> UnitsInsBasalOrLongAct <= 0.877)
",9999999.000,9999999.000,0.000,1.000,0.000,1,0,0,1,2,0,1,1,0.5,0.0,0.0,1.0,0.6666666666666666,0.33333333333333337
"G[1,1]((HbA1c >= 10.343 & bmiPerc <= 0.340) -> diagAgeCombo <= 0.292)
",-0.292,-0.292,0.000,1.000,0.000,1,0,1,0,1,1,2,0,1.0,0.0,1.0,0.5,0.6666666666666666,0.33333333333333337
"G[0,1]((Pt_CGMUseNumDays <= 0.000 | BldPrDia <= 73.158) | Pt_A1cGoalLev <= 73.141)
",9999999.000,9999999.000,0.000,1.000,0.000,1,0,1,0,1,1,2,0,1.0,0.0,1.0,0.5,0.6666666666666666,0.33333333333333337
"G[0,1](Pt_FatherT1D >= 0.000 -> Pt_A1cGoalLevelDsYr5 >= 0.000)
",9999999.000,9999999.000,0.000,1.000,0.000,1,0,1,0,1,1,2,0,1.0,0.0,1.0,0.5,0.6666666666666666,0.33333333333333337
"G[0,1](((Pt_MotherT1D >= 0.000 & GFR <= 0.000) & Pt_A1cGoalLev >= 0.000) -> Pt_ChildT1D >= 0.000)
",9999999.000,9999999.000,0.000,1.000,0.000,1,0,1,0,1,1,2,0,1.0,0.0,1.0,0.5,0.6666666666666666,0.33333333333333337
"G[0,1](((HDL <= 46.209 | HeightCm >= 163.235) -> UnitsInsBasalOrLongAct >= 160.208) -> BUN >= 163.306)
",9999999.000,9999999.000,0.000,1.000,0.000,1,0,1,0,1,1,2,0,1.0,0.0,1.0,0.5,0.6666666666666666,0.33333333333333337
"G[1,1](((Pt_A1cGoalLevelDsYr5 <= 0.000 -> BldPrSys >= 117.515) -> SMBGperDayPtMeterCombo >= 115.326) | GFR <= 122.548)
",122.548,122.548,0.000,1.000,0.000,1,0,1,0,1,1,2,0,1.0,0.0,1.0,0.5,0.6666666666666666,0.33333333333333337
"G[0,1](((BGTestAvgNumPtRep <= 4.000 & Pt_DKAFlg >= 0.000) & BldPrDia >= 0.000) & UnitsInsBasalOrLongAct >= 0.000)
",9999999.000,9999999.000,0.000,1.000,0.000,1,0,1,0,1,1,2,0,1.0,0.0,1.0,0.5,0.6666666666666666,0.33333333333333337
"G[1,1](((Pt_CGMUseNumDays >= 0.000 & BGTestAvgNumMeter <= 1.746) & BGTestAvgNumPtRep <= 1.824) & Pt_A1cGoalLevelDsYr5 <= 2.649)
",0.000,0.000,0.000,1.000,0.000,1,0,1,0,1,1,2,0,1.0,0.0,1.0,0.5,0.6666666666666666,0.33333333333333337
"G[0,0](UnitsInsBasalOrLongAct > 0.632 & Pt_SHFlg = 0.000)
",-20.913,-20.913,0.000,1.000,0.000,1,0,0,1,2,0,1,1,0.5,0.0,0.0,1.0,0.6666666666666666,0.33333333333333337
"G[0,1](((Pt_GrandchildT1D <= 0.000 -> HeightCm >= 160.670) | HbA1cImputeDtMnC >= 161.129) -> diagAgeCombo <= 168.153)
",9999999.000,9999999.000,0.000,1.000,0.000,1,0,1,0,1,1,2,0,1.0,0.0,1.0,0.5,0.6666666666666666,0.33333333333333337
"G[0,1]((WeightKg >= 48.988 | bmi >= 18.508) -> UnitsInsBasalOrLongAct <= 15.269)
",9999999.000,9999999.000,0.000,1.000,0.000,1,0,0,1,2,0,1,1,0.5,0.0,0.0,1.0,0.6666666666666666,0.33333333333333337
"G[1,1](((HeightCm <= 166.101 -> Pt_DKAFlg >= 0.000) | Pt_SiblingT1D <= 0.000) -> Pt_A1cGoalLev <= 0.000)
",0.000,0.000,0.000,1.000,0.000,1,0,1,0,1,1,2,0,1.0,0.0,1.0,0.5,0.6666666666666666,0.33333333333333337
"G[0,0](LDL >= 3.685 & Pt_GrandparentT1D >= 0.000)
",-3.685,-3.685,0.000,1.000,0.000,1,0,0,1,2,0,1,1,0.5,0.0,0.0,1.0,0.6666666666666666,0.33333333333333337
"G[0,1](((diagAgeCombo <= 8.000 -> diabDur >= 6.136) -> SMBGperDayPtMeterCombo <= 8.970) -> Pt_DKAFlg <= 8.005)
",9999999.000,9999999.000,0.000,1.000,0.000,1,0,1,0,1,1,2,0,1.0,0.0,1.0,0.5,0.6666666666666666,0.33333333333333337
"G[0,1](((AlbCreatRat_mggNew <= 10.953 -> BldPrDia <= 74.227) -> GFR >= 62.496) -> AutonomicNeuroCl <= 73.922)
",9999999.000,9999999.000,0.000,1.000,0.000,1,0,1,0,1,1,2,0,1.0,0.0,1.0,0.5,0.6666666666666666,0.33333333333333337
"G[0,1]((bmiPerc <= 0.336 -> Pt_InsGov <= 0.000) -> BGTestAvgNumMeter >= 0.000)
",9999999.000,9999999.000,0.000,1.000,0.000,1,0,1,0,1,1,2,0,1.0,0.0,1.0,0.5,0.6666666666666666,0.33333333333333337
"G[1,2](TSH <= 0.000 -> DirectLDL <= 0.000)
",9999999.000,9999999.000,0.000,1.000,0.000,0,0,2,0,0,2,2,0,0.0,0.0,1.0,0.0,0.0,1.0
"G[0,1](HbA1c <= 10.657 & Pt_SHFlg >= 0.000)
",9999999.000,9999999.000,0.000,1.000,0.000,0,0,1,1,1,1,1,1,0.0,0.0,1.0,0.0,0.0,1.0
"G[2,2]((GFR >= 0.000 | UnitsInsBasalOrLongAct >= 8.266) | BGTestAvgNumPtRep >= 6.633)
",0.000,0.000,0.000,1.000,0.000,0,0,2,0,0,2,2,0,0.0,0.0,1.0,0.0,0.0,1.0
"G[0,2]((bmi <= 19.705 & UnitsInsBasalOrLongAct >= 6.278) | NumPumpBolusOrShortAct <= 24.613)
",9999999.000,9999999.000,0.000,1.000,0.000,0,0,2,0,0,2,2,0,0.0,0.0,1.0,0.0,0.0,1.0
"G[0,2](((AlbCreatRat_mggNew >= 2.169 -> Pt_GrandparentT1D >= 0.000) -> BUN >= 0.000) -> Pt_GrandparentT1D >= 0.000)
",9999999.000,9999999.000,0.000,1.000,0.000,0,0,2,0,0,2,2,0,0.0,0.0,1.0,0.0,0.0,1.0
"G[0,2](((BUN >= 0.000 | AlbCreatRat_mggNew >= 1.053) | bmiPerc >= 1.786) & Triglyc <= 9.675)
",9999999.000,9999999.000,0.000,1.000,0.000,0,0,0,2,2,0,0,2,0.0,0.0,0.0,0.0,0.0,1.0
"G[0,2](HbA1c <= 10.496 | Pt_A1cGoalLevelDsYr5 <= 0.000)
",9999999.000,9999999.000,0.000,1.000,0.000,0,0,2,0,0,2,2,0,0.0,0.0,1.0,0.0,0.0,1.0
"G[0,1](((bmi <= 19.642 | SMBGperDayPtMeterCombo >= 0.938) | Pt_MotherT1D >= 1.535) & Triglyc >= 2.490)
",9999999.000,9999999.000,0.000,1.000,0.000,0,0,1,1,1,1,1,1,0.0,0.0,1.0,0.0,0.0,1.0
"G[0,1]((Pt_InsGov >= 0.000 -> WeightKg >= 46.203) -> HDL <= 53.228)
",9999999.000,9999999.000,0.000,1.000,0.000,0,0,0,2,2,0,0,2,0.0,0.0,0.0,0.0,0.0,1.0
"G[0,2]((Pt_A1cGoalLev >= 0.000 -> TotalDailyInsPerKg <= 0.983) -> Pt_DKAFlg <= 0.889)
",9999999.000,9999999.000,0.000,1.000,0.000,0,0,2,0,0,2,2,0,0.0,0.0,1.0,0.0,0.0,1.0
"G[1,2](((bmiPerc <= 0.302 | Pt_MotherT1D >= 0.000) | Pt_CGMUseNumDays >= 0.000) -> UnitsInsBasalOrLongAct >= 0.000)
",9999999.000,9999999.000,0.000,1.000,0.000,0,0,2,0,0,2,2,0,0.0,0.0,1.0,0.0,0.0,1.0
"G[2,2](((Pt_FatherT1D >= 0.000 -> UnitsInsBasalOrLongAct <= 29.760) | HbA1c >= 2.596) | bmiPerc <= 26.246)
",26.246,26.246,0.000,1.000,0.000,0,0,2,0,0,2,2,0,0.0,0.0,1.0,0.0,0.0,1.0
"G[2,2](Pt_FatherT1D >= 0.000 -> Pt_CGMUseNumDays <= 0.000)
",0.000,0.000,0.000,1.000,0.000,0,0,2,0,0,2,2,0,0.0,0.0,1.0,0.0,0.0,1.0
"G[1,2]((HDL >= 27.869 | bmiZscore >= -0.792) | HDL <= -0.450)
",9999999.000,9999999.000,0.000,1.000,0.000,0,0,2,0,0,2,2,0,0.0,0.0,1.0,0.0,0.0,1.0
"G[1,2](diabDur <= 7.757 -> Pt_InsGov <= 0.000)
",9999999.000,9999999.000,0.000,1.000,0.000,0,0,2,0,0,2,2,0,0.0,0.0,1.0,0.0,0.0,1.0
"G[1,1](WeightKg <= 52.320 & LDL >= 7.245)
",-7.245,-7.245,0.000,1.000,0.000,0,0,1,1,1,1,1,1,0.0,0.0,1.0,0.0,0.0,1.0
"G[1,2]((TSH >= 0.000 -> AutonomicNeuroCl >= 0.000) & AutonomicNeuroCl >= 0.000)
",9999999.000,9999999.000,0.000,1.000,0.000,0,0,2,0,0,2,2,0,0.0,0.0,1.0,0.0,0.0,1.0
"G[0,1]((HeightCm <= 167.663 & AutonomicNeuroCl <= 0.000) & Pt_DKAFlg <= 0.000)
",9999999.000,9999999.000,0.000,1.000,0.000,0,0,0,2,2,0,0,2,0.0,0.0,0.0,0.0,0.0,1.0
"G[1,2](Pt_SiblingT1D <= 0.000 -> BldPrSys <= 122.837)
",9999999.000,9999999.000,0.000,1.000,0.000,0,0,2,0,0,2,2,0,0.0,0.0,1.0,0.0,0.0,1.0
"G[2,2](((GFR >= 0.000 -> AutonomicNeuroCl <= 0.000) & LDL >= 0.000) | diabDur >= 0.000)
",0.000,0.000,0.000,1.000,0.000,0,0,2,0,0,2,2,0,0.0,0.0,1.0,0.0,0.0,1.0
"G[2,2](((LDL <= 37.550 & Pt_A1cGoalLevelDsYr5 >= 0.000) & LDL >= 0.000) -> HDL >= 0.000)
",0.000,0.000,0.000,1.000,0.000,0,0,2,0,0,2,2,0,0.0,0.0,1.0,0.0,0.0,1.0
"G[1,2](((TotalDailyInsPerKg <= 0.997 | age >= 14.099) | BGTestAvgNumPtRep <= 16.348) | BUN <= 15.672)
",9999999.000,9999999.000,0.000,1.000,0.000,0,0,2,0,0,2,2,0,0.0,0.0,1.0,0.0,0.0,1.0
"G[0,1](((SMBGperDayPtMeterCombo >= 0.474 | GFR <= 0.000) & bmiPerc >= 0.000) -> SMBGperDayPtMeterCombo <= 0.000)
",9999999.000,9999999.000,0.000,1.000,0.000,0,0,0,2,2,0,0,2,0.0,0.0,0.0,0.0,0.0,1.0
"G[1,1]((BldPrDia <= 71.428 & bmiZscore >= -0.611) & bmiZscore >= -0.706)
",0.611,0.611,0.000,1.000,0.000,0,0,1,1,1,1,1,1,0.0,0.0,1.0,0.0,0.0,1.0
"G[1,2](AutonomicNeuroCl <= 0.000 -> diagAgeCombo <= 8.000)
",9999999.000,9999999.000,0.000,1.000,0.000,0,0,2,0,0,2,2,0,0.0,0.0,1.0,0.0,0.0,1.0
"G[0,2](SMBGperDayPtMeterCombo >= 2.122 & BGTestAvgNumPtRep >= 0.024)
",9999999.000,9999999.000,0.000,1.000,0.000,0,0,0,2,2,0,0,2,0.0,0.0,0.0,0.0,0.0,1.0
"G[1,2]((HbA1c >= 10.031 & Pt_GrandchildT1D >= 0.000) -> Triglyc >= 0.000)
",9999999.000,9999999.000,0.000,1.000,0.000,0,0,2,0,0,2,2,0,0.0,0.0,1.0,0.0,0.0,1.0
"G[0,1](diabDur >= 6.087 & Triglyc <= 33.821)
",9999999.000,9999999.000,0.000,1.000,0.000,0,0,0,2,2,0,0,2,0.0,0.0,0.0,0.0,0.0,1.0
"G[2,2]((diagAgeCombo <= 8.000 -> Pt_FatherT1D >= 0.000) -> Triglyc <= 0.000)
",0.000,0.000,0.000,1.000,0.000,0,0,2,0,0,2,2,0,0.0,0.0,1.0,0.0,0.0,1.0
"G[0,2](((Pt_SiblingT1D <= 0.000 & SMBGperDayPtMeterCombo >= 1.585) -> HbA1cImputeDtMnC <= 2.700) & age >= 1.290)
",9999999.000,9999999.000,0.000,1.000,0.000,0,0,1,1,1,1,1,1,0.0,0.0,1.0,0.0,0.0,1.0
"G[1,2]((BGTestAvgNumMeter >= 0.578 & BUN >= 0.000) & NumPumpBolusOrShortAct <= 0.000)
",9999999.000,9999999.000,0.000,1.000,0.000,0,0,1,1,1,1,1,1,0.0,0.0,1.0,0.0,0.0,1.0
"G[1,2](((TotChol >= 123.077 | HDL <= 52.018) | TSH >= 31.163) -> diagAgeCombo >= 35.051)
",9999999.000,9999999.000,0.000,1.000,0.000,0,0,2,0,0,2,2,0,0.0,0.0,1.0,0.0,0.0,1.0
"G[0,2](((AutonomicNeuroCl <= 0.000 & bmiPerc <= 0.304) | Pt_GrandparentT1D >= 0.242) | HbA1c <= 0.308)
",9999999.000,9999999.000,0.000,1.000,0.000,0,0,0,2,2,0,0,2,0.0,0.0,0.0,0.0,0.0,1.0
"G[1,2](Pt_FatherT1D <= 0.000 | BldPrDia >= 66.103)
",9999999.000,9999999.000,0.000,1.000,0.000,0,0,2,0,0,2,2,0,0.0,0.0,1.0,0.0,0.0,1.0
"G[0,2](((AutonomicNeuroCl <= 0.000 & Pt_DKAFlg >= 0.000) | age >= 0.000) -> Pt_FatherT1D <= 0.000)
",9999999.000,9999999.000,0.000,1.000,0.000,0,0,2,0,0,2,2,0,0.0,0.0,1.0,0.0,0.0,1.0
"G[1,2](((HeightCm >= 164.272 | Pt_GrandparentT1D >= 0.000) & Pt_DKAFlg >= 0.000) -> Pt_SiblingT1D >= 0.000)
",9999999.000,9999999.000,0.000,1.000,0.000,0,0,2,0,0,2,2,0,0.0,0.0,1.0,0.0,0.0,1.0
"G[0,2](((HbA1c <= 10.441 & bmi >= 17.975) | Pt_A1cGoalLev >= 18.619) -> Pt_SiblingT1D <= 18.985)
",9999999.000,9999999.000,0.000,1.000,0.000,0,0,2,0,0,2,2,0,0.0,0.0,1.0,0.0,0.0,1.0
"G[2,2]((Pt_FatherT1D >= 0.000 | bmiPerc <= 0.292) -> GFR <= 0.309)
",-0.309,-0.309,0.000,1.000,0.000,0,0,2,0,0,2,2,0,0.0,0.0,1.0,0.0,0.0,1.0
"G[0,2]((BldPrDia >= 66.281 | Pt_GrandchildT1D <= 0.000) | BGTestAvgNumPtRep >= 0.000)
",9999999.000,9999999.000,0.000,1.000,0.000,0,0,2,0,0,2,2,0,0.0,0.0,1.0,0.0,0.0,1.0
"G[0,1](((bmiPerc <= 0.296 -> TSH <= 0.000) -> HbA1c >= 0.000) -> SMBGperDayPtMeterCombo <= 0.000)
",9999999.000,9999999.000,0.000,1.000,0.000,0,0,0,2,2,0,0,2,0.0,0.0,0.0,0.0,0.0,1.0
"G[2,2](((diagAgeCombo <= 8.000 -> Triglyc >= 1.406) | bmiZscore <= 42.750) & HDL >= 7.942)
",-7.942,-7.942,0.000,1.000,0.000,0,0,2,0,0,2,2,0,0.0,0.0,1.0,0.0,0.0,1.0
"G[1,2]((Pt_DKAFlg >= 0.000 -> HbA1c <= 10.611) -> bmi <= 10.667)
",9999999.000,9999999.000,0.000,1.000,0.000,0,0,2,0,0,2,2,0,0.0,0.0,1.0,0.0,0.0,1.0
"G[1,2](SMBGperDayPtMeterCombo >= 1.362 & BGTestAvgNumPtRep >= 0.559)
",9999999.000,9999999.000,0.000,1.000,0.000,0,0,1,1,1,1,1,1,0.0,0.0,1.0,0.0,0.0,1.0
"G[0,2]((Pt_CGMUseNumDays <= 0.000 -> Pt_SHFlg >= 0.000) & Pt_ChildT1D >= 0.000)
",9999999.000,9999999.000,0.000,1.000,0.000,0,0,2,0,0,2,2,0,0.0,0.0,1.0,0.0,0.0,1.0
"G[2,2]((HbA1cImputeDtMnC <= 20.510 | Triglyc >= 15.733) & BldPrDia <= 40.307)
",20.510,20.510,0.000,1.000,0.000,0,0,2,0,0,2,2,0,0.0,0.0,1.0,0.0,0.0,1.0
"G[0,1](NumPumpBolusOrShortAct >= 0.591 -> TotChol <= 126.277)
",9999999.000,9999999.000,0.000,1.000,0.000,0,0,1,1,1,1,1,1,0.0,0.0,1.0,0.0,0.0,1.0
"G[0,2]((Pt_GrandchildT1D >= 0.000 -> Pt_GrandparentT1D <= 0.000) | WeightKg >= 0.000)
",9999999.000,9999999.000,0.000,1.000,0.000,0,0,2,0,0,2,2,0,0.0,0.0,1.0,0.0,0.0,1.0
"G[0,0](((BUN <= 0.000 | age >= 15.496) & Pt_MotherT1D <= 16.931) & BldPrDia <= 16.882)
",-95.118,-95.118,0.000,1.000,0.000,0,0,0,2,2,0,0,2,0.0,0.0,0.0,0.0,0.0,1.0
"G[1,2]((Pt_A1cGoalLev >= 0.000 & BldPrDia >= 62.708) & bmi >= 66.858)
",9999999.000,9999999.000,0.000,1.000,0.000,0,0,1,1,1,1,1,1,0.0,0.0,1.0,0.0,0.0,1.0
"G[0,2](((Pt_GrandparentT1D <= 0.000 & Pt_CGMUseNumDays >= 0.000) | TotalDailyInsPerKg <= 0.000) & diagAgeCombo <= 0.000)
",9999999.000,9999999.000,0.000,1.000,0.000,0,0,0,2,2,0,0,2,0.0,0.0,0.0,0.0,0.0,1.0
"G[1,2]((HDL <= 44.319 -> BUN <= 0.000) & diagAgeCombo <= 0.000)
",9999999.000,9999999.000,0.000,1.000,0.000,0,0,1,1,1,1,1,1,0.0,0.0,1.0,0.0,0.0,1.0
"G[0,0](((BldPrSys <= 119.179 & DirectLDL >= 0.000) -> diabDur >= 0.000) & BldPrDia <= 0.000)
",-119.179,-119.179,0.000,1.000,0.000,0,0,0,2,2,0,0,2,0.0,0.0,0.0,0.0,0.0,1.0
"G[0,1](((Pt_A1cGoalLevelDsYr5 <= 0.000 -> WeightKg >= 50.316) | WeightKg <= 52.881) & Triglyc >= 46.581)
",9999999.000,9999999.000,0.000,1.000,0.000,0,0,0,2,2,0,0,2,0.0,0.0,0.0,0.0,0.0,1.0
"G[2,2]((AlbCreatRat_mggNew <= 9.639 & BldPrSys <= 118.458) | Pt_CGMUseNumDays <= 118.193)
",118.193,118.193,0.000,1.000,0.000,0,0,2,0,0,2,2,0,0.0,0.0,1.0,0.0,0.0,1.0
"G[0,2](Pt_CGMUseNumDays >= 0.000 | Pt_SHFlg <= 0.000)
",9999999.000,9999999.000,0.000,1.000,0.000,0,0,2,0,0,2,2,0,0.0,0.0,1.0,0.0,0.0,1.0
"G[2,2]((BUN >= 0.000 | Pt_A1cGoalLev <= 0.000) -> Pt_DKAFlg <= 0.000)
",0.000,0.000,0.000,1.000,0.000,0,0,2,0,0,2,2,0,0.0,0.0,1.0,0.0,0.0,1.0
"G[1,1](((Pt_CGMUseNumDays >= 0.000 -> BGTestAvgNumMeter <= 1.853) | Pt_GrandchildT1D <= 1.688) & Pt_GrandparentT1D >= 0.366)
",-0.366,-0.366,0.000,1.000,0.000,0,0,1,1,1,1,1,1,0.0,0.0,1.0,0.0,0.0,1.0
"G[1,2](((bmi <= 19.979 | HeightCm <= 167.307) & bmiZscore <= 165.857) -> LDL >= 161.502)
",9999999.000,9999999.000,0.000,1.000,0.000,0,0,1,1,1,1,1,1,0.0,0.0,1.0,0.0,0.0,1.0
"G[0,0](((diagAgeCombo >= 8.000 -> AlbCreatRat_mggNew <= 10.425) -> LDL <= 7.663) -> Pt_GrandchildT1D >= 1.368)
",1.368,1.368,0.000,1.000,0.000,0,0,0,2,2,0,0,2,0.0,0.0,0.0,0.0,0.0,1.0
"G[0,0](((AlbCreatRat_mggNew >= 4.293 -> NumPumpBolusOrShortAct <= 1.498) | SMBGperDayPtMeterCombo <= 1.718) -> Pt_FatherT1D >= 0.635)
",0.635,0.635,0.000,1.000,0.000,0,0,0,2,2,0,0,2,0.0,0.0,0.0,0.0,0.0,1.0
"G[1,2](((bmiZscore <= -0.407 | Triglyc >= 19.753) & age <= 45.956) | GFR <= 36.902)
",9999999.000,9999999.000,0.000,1.000,0.000,0,0,2,0,0,2,2,0,0.0,0.0,1.0,0.0,0.0,1.0
"G[2,2](((age >= 15.175 | bmiZscore >= -0.819) | GFR <= -0.425) | AlbCreatRat_mggNew <= -0.471)
",0.819,0.819,0.000,1.000,0.000,0,0,2,0,0,2,2,0,0.0,0.0,1.0,0.0,0.0,1.0
"G[2,2](bmiPerc <= 0.295 & HeightCm >= 165.417)
",-165.417,-165.417,0.000,1.000,0.000,0,0,2,0,0,2,2,0,0.0,0.0,1.0,0.0,0.0,1.0
"G[2,2](((Pt_CGMUseNumDays >= 0.000 & BGTestAvgNumMeter <= 2.021) & TotChol >= 0.249) | BGTestAvgNumPtRep <= 2.895)
",2.895,2.895,0.000,1.000,0.000,0,0,2,0,0,2,2,0,0.0,0.0,1.0,0.0,0.0,1.0
"G[0,2]((diagAgeCombo >= 8.000 | bmi >= 17.378) -> HeightCm >= 17.397)
",9999999.000,9999999.000,0.000,1.000,0.000,0,0,2,0,0,2,2,0,0.0,0.0,1.0,0.0,0.0,1.0
"G[2,2]((diabDur <= 8.419 -> SMBGperDayPtMeterCombo <= 2.755) & SMBGperDayPtMeterCombo <= 3.862)
",-8.419,-8.419,0.000,1.000,0.000,0,0,2,0,0,2,2,0,0.0,0.0,1.0,0.0,0.0,1.0
"G[2,2](HDL <= 40.451 & HeightCm >= 163.658)
",-163.658,-163.658,0.000,1.000,0.000,0,0,2,0,0,2,2,0,0.0,0.0,1.0,0.0,0.0,1.0
"G[2,2](SMBGperDayPtMeterCombo >= 0.810 | diabDur <= 8.965)
",8.965,8.965,0.000,1.000,0.000,0,0,2,0,0,2,2,0,0.0,0.0,1.0,0.0,0.0,1.0
"G[1,2]((Pt_A1cGoalLev >= 0.000 | Pt_SiblingT1D >= 0.000) & Pt_InsGov <= 0.000)
",9999999.000,9999999.000,0.000,1.000,0.000,0,0,2,0,0,2,2,0,0.0,0.0,1.0,0.0,0.0,1.0
"G[1,2]((age >= 14.184 -> TotChol >= 123.461) & bmi >= 123.699)
",9999999.000,9999999.000,0.000,1.000,0.000,0,0,1,1,1,1,1,1,0.0,0.0,1.0,0.0,0.0,1.0
"G[1,2]((DirectLDL >= 0.000 -> Pt_A1cGoalLev <= 0.000) & TSH <= 0.000)
",9999999.000,9999999.000,0.000,1.000,0.000,0,0,2,0,0,2,2,0,0.0,0.0,1.0,0.0,0.0,1.0
"G[0,1]((bmi >= 17.516 -> bmiZscore <= -0.561) | TotChol <= -0.554)
",9999999.000,9999999.000,0.000,1.000,0.000,0,0,0,2,2,0,0,2,0.0,0.0,0.0,0.0,0.0,1.0
"G[2,2]((Pt_DKAFlg <= 0.000 | LDL >= 26.976) | Pt_GrandchildT1D <= 36.649)
",36.649,36.649,0.000,1.000,0.000,0,0,2,0,0,2,2,0,0.0,0.0,1.0,0.0,0.0,1.0
"G[2,2](((Pt_FatherT1D <= 0.000 & BUN <= 0.000) -> age <= 0.000) | AutonomicNeuroCl >= 0.000)
",0.000,0.000,0.000,1.000,0.000,0,0,2,0,0,2,2,0,0.0,0.0,1.0,0.0,0.0,1.0
"G[2,2](((HDL <= 40.749 -> WeightKg <= 54.068) | BldPrDia <= 55.355) | Pt_CGMUseNumDays >= 45.158)
",55.355,55.355,0.000,1.000,0.000,0,0,2,0,0,2,2,0,0.0,0.0,1.0,0.0,0.0,1.0
"G[1,2]((BldPrSys <= 118.119 | LDL <= 45.863) -> Pt_GrandparentT1D <= 48.939)
",9999999.000,9999999.000,0.000,1.000,0.000,0,0,2,0,0,2,2,0,0.0,0.0,1.0,0.0,0.0,1.0
"G[2,2](((bmiPerc >= 0.210 | Pt_FatherT1D >= 0.000) -> Pt_SiblingT1D <= 0.000) | bmi <= 0.000)
",0.000,0.000,0.000,1.000,0.000,0,0,2,0,0,2,2,0,0.0,0.0,1.0,0.0,0.0,1.0
"G[1,2](((Pt_DKAFlg >= 0.000 & Triglyc <= 43.591) & GFR <= 41.497) | Pt_GrandparentT1D >= 14.744)
",9999999.000,9999999.000,0.000,1.000,0.000,0,0,1,1,1,1,1,1,0.0,0.0,1.0,0.0,0.0,1.0
"G[0,2](((AlbCreatRat_mggNew >= 6.945 | bmi <= 19.465) -> Pt_A1cGoalLev <= 19.398) | DirectLDL >= 18.031)
",9999999.000,9999999.000,0.000,1.000,0.000,0,0,2,0,0,2,2,0,0.0,0.0,1.0,0.0,0.0,1.0
"G[2,2](diagAgeCombo > 8.000 & Pt_SHFlg = 0.000)
",-8.000,-8.000,0.000,1.000,0.000,0,0,2,0,0,2,2,0,0.0,0.0,1.0,0.0,0.0,1.0
"G[1,1](bmiPerc >= 0.214 -> bmiZscore <= -0.442)
",0.214,0.214,0.000,1.000,0.000,0,0,1,1,1,1,1,1,0.0,0.0,1.0,0.0,0.0,1.0
"G[2,2]((HeightCm >= 163.588 -> NumPumpBolusOrShortAct >= 0.474) & Pt_SiblingT1D <= 1.576)
",0.474,0.474,0.000,1.000,0.000,0,0,2,0,0,2,2,0,0.0,0.0,1.0,0.0,0.0,1.0
"G[0,1](((BGTestAvgNumMeter <= 1.476 | BldPrDia <= 70.695) | DirectLDL >= 66.912) -> bmi >= 62.979)
",9999999.000,9999999.000,0.000,1.000,0.000,0,0,0,2,2,0,0,2,0.0,0.0,0.0,0.0,0.0,1.0
"G[1,2]((BldPrDia <= 74.410 -> UnitsInsBasalOrLongAct <= 24.863) & WeightKg >= 0.783)
",9999999.000,9999999.000,0.000,1.000,0.000,0,0,2,0,0,2,2,0,0.0,0.0,1.0,0.0,0.0,1.0
"G[1,2](((BldPrDia <= 71.069 & HbA1c <= 10.645) | HbA1c <= 10.631) | bmi <= 10.562)
",9999999.000,9999999.000,0.000,1.000,0.000,0,0,1,1,1,1,1,1,0.0,0.0,1.0,0.0,0.0,1.0
"G[2,2](HeightCm >= 163.436 | WeightKg <= 52.331)
",52.331,52.331,0.000,1.000,0.000,0,0,2,0,0,2,2,0,0.0,0.0,1.0,0.0,0.0,1.0
"G[1,2]((Triglyc >= 16.026 | WeightKg <= 53.814) | diagAgeCombo <= 53.659)
",9999999.000,9999999.000,0.000,1.000,0.000,0,0,2,0,0,2,2,0,0.0,0.0,1.0,0.0,0.0,1.0
"G[0,2](HbA1cImputeDtMnC <= 30.574 | WeightKg <= 56.832)
",9999999.000,9999999.000,0.000,1.000,0.000,0,0,1,1,1,1,1,1,0.0,0.0,1.0,0.0,0.0,1.0
"G[0,1](((bmiZscore >= -0.682 -> HDL >= 37.117) | bmi <= 43.001) -> bmiZscore >= 22.673)
",9999999.000,9999999.000,0.000,1.000,0.000,0,0,0,2,2,0,0,2,0.0,0.0,0.0,0.0,0.0,1.0
"G[1,2]((bmiPerc <= 0.322 & HDL <= 54.271) | DirectLDL <= 54.110)
",9999999.000,9999999.000,0.000,1.000,0.000,0,0,2,0,0,2,2,0,0.0,0.0,1.0,0.0,0.0,1.0
"G[0,1]((bmi >= 17.774 -> diabDur >= 6.911) -> HeightCm <= 8.608)
",9999999.000,9999999.000,0.000,1.000,0.000,0,0,0,2,2,0,0,2,0.0,0.0,0.0,0.0,0.0,1.0
"G[0,1](bmi <= 19.907 -> LDL >= 3.774)
",9999999.000,9999999.000,0.000,1.000,0.000,0,0,1,1,1,1,1,1,0.0,0.0,1.0,0.0,0.0,1.0
"G[0,1](((Pt_DKAFlg >= 0.000 | Pt_DKAFlg <= 0.000) | Pt_FatherT1D >= 0.000) & TotalDailyInsPerKg <= 0.000)
",9999999.000,9999999.000,0.000,1.000,0.000,0,0,0,2,2,0,0,2,0.0,0.0,0.0,0.0,0.0,1.0
"G[1,2](HbA1cImputeDtMnC >= 0.109 -> NumPumpBolusOrShortAct >= 0.120)
",9999999.000,9999999.000,0.000,1.000,0.000,0,0,1,1,1,1,1,1,0.0,0.0,1.0,0.0,0.0,1.0
"G[1,2](((age >= 14.254 & HeightCm >= 160.232) & HbA1cImputeDtMnC >= 161.809) & Pt_DKAFlg >= 165.047)
",9999999.000,9999999.000,0.000,1.000,0.000,0,0,1,1,1,1,1,1,0.0,0.0,1.0,0.0,0.0,1.0
"G[0,2](bmi >= 17.490 | bmiZscore <= -0.545)
",9999999.000,9999999.000,0.000,1.000,0.000,0,0,2,0,0,2,2,0,0.0,0.0,1.0,0.0,0.0,1.0
"G[2,2]((age <= 16.256 | AlbCreatRat_mggNew <= 8.780) -> HbA1cImputeDtMnC >= 0.009)
",-16.256,-16.256,0.000,1.000,0.000,0,0,2,0,0,2,2,0,0.0,0.0,1.0,0.0,0.0,1.0
"G[1,2](age >= 15.052 & Triglyc <= 36.507)
",9999999.000,9999999.000,0.000,1.000,0.000,0,0,1,1,1,1,1,1,0.0,0.0,1.0,0.0,0.0,1.0
"G[0,1]((BldPrSys <= 119.979 -> HeightCm >= 161.428) & Pt_GrandparentT1D >= 163.220)
",9999999.000,9999999.000,0.000,1.000,0.000,0,0,0,2,2,0,0,2,0.0,0.0,0.0,0.0,0.0,1.0
"G[2,2]((BldPrSys <= 120.910 | WeightKg <= 56.296) & HbA1cImputeDtMnC <= 55.567)
",55.567,55.567,0.000,1.000,0.000,0,0,2,0,0,2,2,0,0.0,0.0,1.0,0.0,0.0,1.0
"G[1,2](((BldPrSys >= 112.631 & bmi >= 18.486) | Pt_CGMUseNumDays >= 17.789) & DirectLDL <= 19.049)
",9999999.000,9999999.000,0.000,1.000,0.000,0,0,1,1,1,1,1,1,0.0,0.0,1.0,0.0,0.0,1.0
"G[1,2](((diabDur <= 7.761 -> UnitsInsBasalOrLongAct >= 7.530) -> bmiPerc <= 26.590) & Pt_FatherT1D >= 4.596)
",9999999.000,9999999.000,0.000,1.000,0.000,0,0,1,1,1,1,1,1,0.0,0.0,1.0,0.0,0.0,1.0
"G[0,2]((age <= 15.931 | HbA1c >= 10.432) -> TotChol >= 10.266)
",9999999.000,9999999.000,0.000,1.000,0.000,0,0,2,0,0,2,2,0,0.0,0.0,1.0,0.0,0.0,1.0
"G[0,2]((BldPrDia >= 67.502 | diabDur <= 8.764) & BGTestAvgNumPtRep >= 6.403)
",9999999.000,9999999.000,0.000,1.000,0.000,0,0,0,2,2,0,0,2,0.0,0.0,0.0,0.0,0.0,1.0
"G[1,1](((age <= 16.115 & BldPrDia <= 71.557) | bmiZscore >= 69.355) & DirectLDL >= 64.448)
",-64.448,-64.448,0.000,1.000,0.000,0,0,1,1,1,1,1,1,0.0,0.0,1.0,0.0,0.0,1.0
"G[1,2](AlbCreatRat_mggNew <= 7.965 -> Pt_SHFlg = 0.000)
",9999999.000,9999999.000,0.000,1.000,0.000,0,0,2,0,0,2,2,0,0.0,0.0,1.0,0.0,0.0,1.0
"G[2,2](TSH > 0.000 -> Pt_SHFlg = 0.000)
",0.000,0.000,0.000,1.000,0.000,0,0,2,0,0,2,2,0,0.0,0.0,1.0,0.0,0.0,1.0
"G[1,2](Pt_SiblingT1D < 0.000 & Pt_SHFlg = 0.000)
",9999999.000,9999999.000,0.000,1.000,0.000,0,0,1,1,1,1,1,1,0.0,0.0,1.0,0.0,0.0,1.0
"G[2,2](SMBGperDayPtMeterCombo <= 3.242 & Pt_SHFlg = 0.000)
",0.000,0.000,0.000,1.000,0.000,0,0,2,0,0,2,2,0,0.0,0.0,1.0,0.0,0.0,1.0
"G[1,2]((WeightKg >= 47.730 | bmi >= 18.139) -> UnitsInsBasalOrLongAct <= 27.807)
",9999999.000,9999999.000,0.000,1.000,0.000,0,0,2,0,0,2,2,0,0.0,0.0,1.0,0.0,0.0,1.0
"G[1,2](SMBGperDayPtMeterCombo >= 1.092 & BGTestAvgNumPtRep >= 0.847)
",9999999.000,9999999.000,0.000,1.000,0.000,0,0,1,1,1,1,1,1,0.0,0.0,1.0,0.0,0.0,1.0
"G[1,2](GFR <= 0.000 -> BUN >= 0.000)
",9999999.000,9999999.000,0.000,1.000,0.000,0,0,2,0,0,2,2,0,0.0,0.0,1.0,0.0,0.0,1.0
"G[1,2](SMBGperDayPtMeterCombo >= 1.283 & BGTestAvgNumPtRep >= 0.406)
",9999999.000,9999999.000,0.000,1.000,0.000,0,0,1,1,1,1,1,1,0.0,0.0,1.0,0.0,0.0,1.0
"G[1,2](GFR <= 0.000 -> BUN >= 0.000)
",9999999.000,9999999.000,0.000,1.000,0.000,0,0,2,0,0,2,2,0,0.0,0.0,1.0,0.0,0.0,1.0
"G[1,2]((WeightKg >= 48.635 | bmi >= 18.830) -> UnitsInsBasalOrLongAct <= 27.720)
",9999999.000,9999999.000,0.000,1.000,0.000,0,0,2,0,0,2,2,0,0.0,0.0,1.0,0.0,0.0,1.0
"G[1,2](SMBGperDayPtMeterCombo >= 0.237 & BGTestAvgNumPtRep >= 0.265)
",9999999.000,9999999.000,0.000,1.000,0.000,0,0,1,1,1,1,1,1,0.0,0.0,1.0,0.0,0.0,1.0
"G[2,2](GFR <= 0.000 -> BUN >= 0.000)
",0.000,0.000,0.000,1.000,0.000,0,0,2,0,0,2,2,0,0.0,0.0,1.0,0.0,0.0,1.0
"G[1,2](GFR <= 0.000 -> BUN >= 0.000)
",9999999.000,9999999.000,0.000,1.000,0.000,0,0,2,0,0,2,2,0,0.0,0.0,1.0,0.0,0.0,1.0
"G[0,2](SMBGperDayPtMeterCombo >= 1.992 & BGTestAvgNumPtRep >= 0.563)
",9999999.000,9999999.000,0.000,1.000,0.000,0,0,0,2,2,0,0,2,0.0,0.0,0.0,0.0,0.0,1.0
"G[1,2](GFR <= 0.000 -> BUN >= 0.000)
",9999999.000,9999999.000,0.000,1.000,0.000,0,0,2,0,0,2,2,0,0.0,0.0,1.0,0.0,0.0,1.0
"G[0,2](SMBGperDayPtMeterCombo >= 2.470 & BGTestAvgNumPtRep >= 0.802)
",9999999.000,9999999.000,0.000,1.000,0.000,0,0,0,2,2,0,0,2,0.0,0.0,0.0,0.0,0.0,1.0
"G[0,2]((WeightKg >= 46.106 | bmi >= 18.084) -> UnitsInsBasalOrLongAct <= 13.067)
",9999999.000,9999999.000,0.000,1.000,0.000,0,0,1,1,1,1,1,1,0.0,0.0,1.0,0.0,0.0,1.0
"G[0,1](SMBGperDayPtMeterCombo >= 2.540 & BGTestAvgNumPtRep >= 0.831)
",9999999.000,9999999.000,0.000,1.000,0.000,0,0,0,2,2,0,0,2,0.0,0.0,0.0,0.0,0.0,1.0
"G[0,2](GFR <= 0.000 -> BUN >= 0.000)
",9999999.000,9999999.000,0.000,1.000,0.000,0,0,2,0,0,2,2,0,0.0,0.0,1.0,0.0,0.0,1.0
"G[1,2]((WeightKg >= 50.865 | bmi >= 17.434) -> UnitsInsBasalOrLongAct <= 22.085)
",9999999.000,9999999.000,0.000,1.000,0.000,0,0,2,0,0,2,2,0,0.0,0.0,1.0,0.0,0.0,1.0
"G[1,2]((WeightKg >= 51.842 | bmi >= 18.663) -> UnitsInsBasalOrLongAct <= 13.161)
",9999999.000,9999999.000,0.000,1.000,0.000,0,0,2,0,0,2,2,0,0.0,0.0,1.0,0.0,0.0,1.0
"G[0,1](SMBGperDayPtMeterCombo >= 1.092 & BGTestAvgNumPtRep >= 0.933)
",9999999.000,9999999.000,0.000,1.000,0.000,0,0,0,2,2,0,0,2,0.0,0.0,0.0,0.0,0.0,1.0
"G[1,2](GFR <= 0.000 -> BUN >= 0.000)
",9999999.000,9999999.000,0.000,1.000,0.000,0,0,2,0,0,2,2,0,0.0,0.0,1.0,0.0,0.0,1.0
"G[1,2](HbA1cImputeDtMnC <= 26.495 & Pt_SHFlg = 0.000)
",9999999.000,9999999.000,0.000,1.000,0.000,0,0,2,0,0,2,2,0,0.0,0.0,1.0,0.0,0.0,1.0
"G[2,2](Pt_MotherT1D > 0.000 & Pt_SHFlg = 0.000)
",0.000,0.000,0.000,1.000,0.000,0,0,2,0,0,2,2,0,0.0,0.0,1.0,0.0,0.0,1.0
"G[1,2](HbA1c >= 10.266 -> Pt_SHFlg = 0.000)
",9999999.000,9999999.000,0.000,1.000,0.000,0,0,2,0,0,2,2,0,0.0,0.0,1.0,0.0,0.0,1.0
"G[1,2](NumPumpBolusOrShortAct < 1.970 & Pt_SHFlg = 0.000)
",9999999.000,9999999.000,0.000,1.000,0.000,0,0,2,0,0,2,2,0,0.0,0.0,1.0,0.0,0.0,1.0
"G[0,2](AlbCreatRat_mggNew < 10.227 & Pt_SHFlg = 0.000)
",9999999.000,9999999.000,0.000,1.000,0.000,0,0,0,2,2,0,0,2,0.0,0.0,0.0,0.0,0.0,1.0
"G[0,2](Pt_FatherT1D > 0.000 & Pt_SHFlg = 0.000)
",9999999.000,9999999.000,0.000,1.000,0.000,0,0,0,2,2,0,0,2,0.0,0.0,0.0,0.0,0.0,1.0
"G[0,2](((BldPrSys >= 117.765 | diabDur <= 8.458) -> Triglyc >= 6.641) & BldPrSys <= 8.952)
",9999999.000,9999999.000,0.000,1.000,0.000,0,0,0,2,2,0,0,2,0.0,0.0,0.0,0.0,0.0,1.0
"G[1,2](((bmiPerc >= 0.231 & SMBGperDayPtMeterCombo >= 1.052) -> bmiPerc <= 2.969) | Pt_GrandchildT1D >= 2.411)
",9999999.000,9999999.000,0.000,1.000,0.000,0,0,2,0,0,2,2,0,0.0,0.0,1.0,0.0,0.0,1.0
"G[2,2](((AlbCreatRat_mggNew >= 1.193 & TotalDailyInsPerKg <= 1.006) | Pt_FatherT1D >= 0.045) & Pt_A1cGoalLev <= 0.835)
",-0.045,-0.045,0.000,1.000,0.000,0,0,2,0,0,2,2,0,0.0,0.0,1.0,0.0,0.0,1.0
"G[1,2](((diabDur <= 7.801 | Pt_SiblingT1D >= 0.000) -> TSH >= 0.000) -> Pt_CGMUseNumDays <= 0.000)
",9999999.000,9999999.000,0.000,1.000,0.000,0,0,2,0,0,2,2,0,0.0,0.0,1.0,0.0,0.0,1.0
"G[1,2](((bmiZscore <= -0.545 & Pt_A1cGoalLev <= 0.000) & Pt_A1cGoalLev <= 0.000) -> HeightCm <= 0.000)
",9999999.000,9999999.000,0.000,1.000,0.000,0,0,2,0,0,2,2,0,0.0,0.0,1.0,0.0,0.0,1.0
"G[0,2]((HeightCm >= 161.620 & Pt_A1cGoalLevelDsYr5 >= 0.000) -> diabDur >= 0.000)
",9999999.000,9999999.000,0.000,1.000,0.000,0,0,2,0,0,2,2,0,0.0,0.0,1.0,0.0,0.0,1.0
"G[0,1]((HeightCm <= 166.327 & BldPrDia >= 68.428) | Pt_SHFlg >= 69.079)
",9999999.000,9999999.000,0.000,1.000,0.000,0,0,0,2,2,0,0,2,0.0,0.0,0.0,0.0,0.0,1.0
"G[0,2](Pt_DKAFlg <= 0.000 -> TSH <= 0.000)
",9999999.000,9999999.000,0.000,1.000,0.000,0,0,2,0,0,2,2,0,0.0,0.0,1.0,0.0,0.0,1.0
"G[1,2](BldPrSys <= 118.685 -> BGTestAvgNumMeter <= 1.950)
",9999999.000,9999999.000,0.000,1.000,0.000,0,0,2,0,0,2,2,0,0.0,0.0,1.0,0.0,0.0,1.0
"G[0,0]((Pt_FatherT1D >= 0.000 | BUN >= 0.000) & bmi <= 0.000)
",0.000,0.000,0.000,1.000,0.000,0,0,0,2,2,0,0,2,0.0,0.0,0.0,0.0,0.0,1.0
"G[1,2]((Pt_CGMUseNumDays <= 0.000 | DirectLDL >= 0.000) -> BGTestAvgNumMeter <= 0.000)
",9999999.000,9999999.000,0.000,1.000,0.000,0,0,2,0,0,2,2,0,0.0,0.0,1.0,0.0,0.0,1.0
"G[0,2](diabDur >= 6.441 -> Pt_GrandchildT1D >= 0.000)
",9999999.000,9999999.000,0.000,1.000,0.000,0,0,2,0,0,2,2,0,0.0,0.0,1.0,0.0,0.0,1.0
"G[1,2](((BGTestAvgNumMeter <= 2.190 -> Pt_DKAFlg >= 0.000) -> BldPrDia >= 0.000) -> UnitsInsBasalOrLongAct >= 0.000)
",9999999.000,9999999.000,0.000,1.000,0.000,0,0,2,0,0,2,2,0,0.0,0.0,1.0,0.0,0.0,1.0
"G[0,2]((Pt_DKAFlg <= 0.000 -> BldPrDia <= 72.673) -> BUN <= 74.069)
",9999999.000,9999999.000,0.000,1.000,0.000,0,0,2,0,0,2,2,0,0.0,0.0,1.0,0.0,0.0,1.0
"G[0,1](((Pt_A1cGoalLev >= 0.000 -> Pt_SHFlg <= 0.000) & AlbCreatRat_mggNew <= 0.000) -> bmi <= 0.000)
",9999999.000,9999999.000,0.000,1.000,0.000,0,0,1,1,1,1,1,1,0.0,0.0,1.0,0.0,0.0,1.0
"G[1,1](((Pt_InsGov >= 0.000 & SMBGperDayPtMeterCombo <= 3.738) -> TSH >= 0.762) & age >= 0.574)
",-0.574,-0.574,0.000,1.000,0.000,0,0,1,1,1,1,1,1,0.0,0.0,1.0,0.0,0.0,1.0
"G[0,2](GFR <= 0.000 -> BUN >= 0.000)
",9999999.000,9999999.000,0.000,1.000,0.000,0,0,2,0,0,2,2,0,0.0,0.0,1.0,0.0,0.0,1.0
"G[0,2]((bmi >= 17.770 | AutonomicNeuroCl <= 0.000) | Pt_DKAFlg <= 0.000)
",9999999.000,9999999.000,0.000,1.000,0.000,0,0,2,0,0,2,2,0,0.0,0.0,1.0,0.0,0.0,1.0
"G[1,2](Pt_InsGov >= 0.000 -> SMBGperDayPtMeterCombo <= 3.898)
",9999999.000,9999999.000,0.000,1.000,0.000,0,0,2,0,0,2,2,0,0.0,0.0,1.0,0.0,0.0,1.0
"G[1,1](((Pt_CGMUseNumDays <= 0.000 & TotalDailyInsPerKg >= 0.142) & BGTestAvgNumMeter >= 0.478) | BUN >= 0.090)
",-0.090,-0.090,0.000,1.000,0.000,0,0,1,1,1,1,1,1,0.0,0.0,1.0,0.0,0.0,1.0
"G[0,2](((LDL <= 47.565 | BldPrDia >= 69.184) -> Pt_MotherT1D <= 71.215) -> HeightCm <= 73.764)
",9999999.000,9999999.000,0.000,1.000,0.000,0,0,0,2,2,0,0,2,0.0,0.0,0.0,0.0,0.0,1.0
"G[1,1]((bmi <= 19.287 & TotalDailyInsPerKg >= 0.172) & bmiZscore <= 0.932)
",-0.172,-0.172,0.000,1.000,0.000,0,0,1,1,1,1,1,1,0.0,0.0,1.0,0.0,0.0,1.0
"G[0,2](((Pt_SiblingT1D >= 0.000 -> diagAgeCombo <= 8.000) -> BGTestAvgNumPtRep >= 8.000) -> SMBGperDayPtMeterCombo <= 8.000)
",9999999.000,9999999.000,0.000,1.000,0.000,0,0,2,0,0,2,2,0,0.0,0.0,1.0,0.0,0.0,1.0
"G[1,2](((HbA1c >= 10.304 -> LDL >= 33.918) | bmi <= 38.240) | DirectLDL >= 15.576)
",9999999.000,9999999.000,0.000,1.000,0.000,0,0,2,0,0,2,2,0,0.0,0.0,1.0,0.0,0.0,1.0
"G[2,2](WeightKg <= 56.257 -> BUN <= 0.000)
",-56.257,-56.257,0.000,1.000,0.000,0,0,2,0,0,2,2,0,0.0,0.0,1.0,0.0,0.0,1.0
"G[0,2](((LDL >= 21.173 | Pt_GrandchildT1D <= 0.000) & TSH <= 0.000) -> SMBGperDayPtMeterCombo >= 0.000)
",9999999.000,9999999.000,0.000,1.000,0.000,0,0,2,0,0,2,2,0,0.0,0.0,1.0,0.0,0.0,1.0
"G[2,2]((BGTestAvgNumMeter <= 1.716 & Pt_MotherT1D <= 0.000) & Pt_GrandparentT1D >= 0.000)
",0.000,0.000,0.000,1.000,0.000,0,0,2,0,0,2,2,0,0.0,0.0,1.0,0.0,0.0,1.0
"G[2,2]((HbA1cImputeDtMnC <= 18.074 -> diabDur <= 8.115) & Pt_SiblingT1D >= 6.695)
",-18.074,-18.074,0.000,1.000,0.000,0,0,2,0,0,2,2,0,0.0,0.0,1.0,0.0,0.0,1.0
"G[0,2]((Pt_MotherT1D <= 0.000 & LDL <= 36.724) & UnitsInsBasalOrLongAct <= 40.460)
",9999999.000,9999999.000,0.000,1.000,0.000,0,0,0,2,2,0,0,2,0.0,0.0,0.0,0.0,0.0,1.0
"G[0,0]((bmiZscore <= -0.551 & bmi >= 17.529) | BGTestAvgNumPtRep >= 18.272)
",-17.529,-17.529,0.000,1.000,0.000,0,0,0,2,2,0,0,2,0.0,0.0,0.0,0.0,0.0,1.0
"G[0,2]((HDL >= 22.825 & SMBGperDayPtMeterCombo >= 0.284) & AutonomicNeuroCl <= 3.949)
",9999999.000,9999999.000,0.000,1.000,0.000,0,0,1,1,1,1,1,1,0.0,0.0,1.0,0.0,0.0,1.0
"G[0,2]((HeightCm <= 167.753 | UnitsInsBasalOrLongAct <= 20.073) -> Pt_SiblingT1D <= 27.005)
",9999999.000,9999999.000,0.000,1.000,0.000,0,0,2,0,0,2,2,0,0.0,0.0,1.0,0.0,0.0,1.0
"G[2,2]((Pt_GrandparentT1D <= 0.000 -> Pt_MotherT1D >= 0.000) & TotChol >= 0.000)
",0.000,0.000,0.000,1.000,0.000,0,0,2,0,0,2,2,0,0.0,0.0,1.0,0.0,0.0,1.0
"G[2,2](AlbCreatRat_mggNew <= 10.560 & SMBGperDayPtMeterCombo >= 1.134)
",-1.134,-1.134,0.000,1.000,0.000,0,0,2,0,0,2,2,0,0.0,0.0,1.0,0.0,0.0,1.0
"G[1,2](((HDL >= 28.656 | SMBGperDayPtMeterCombo >= 0.462) | NumPumpBolusOrShortAct >= 2.465) & SMBGperDayPtMeterCombo <= 3.054)
",9999999.000,9999999.000,0.000,1.000,0.000,0,0,2,0,0,2,2,0,0.0,0.0,1.0,0.0,0.0,1.0
"G[1,2](((HeightCm <= 168.156 -> SMBGperDayPtMeterCombo <= 3.908) & AlbCreatRat_mggNew >= 2.054) -> Pt_MotherT1D >= 0.350)
",9999999.000,9999999.000,0.000,1.000,0.000,0,0,1,1,1,1,1,1,0.0,0.0,1.0,0.0,0.0,1.0
"G[0,2](((AlbCreatRat_mggNew <= 9.588 & BldPrDia <= 73.886) -> Pt_InsGov <= 71.774) -> AlbCreatRat_mggNew >= 63.159)
",9999999.000,9999999.000,0.000,1.000,0.000,0,0,0,2,2,0,0,2,0.0,0.0,0.0,0.0,0.0,1.0
"G[2,2](bmiPerc <= 0.316 | HbA1c <= 10.583)
",10.583,10.583,0.000,1.000,0.000,0,0,2,0,0,2,2,0,0.0,0.0,1.0,0.0,0.0,1.0
"G[1,2]((age >= 14.964 -> TotalDailyInsPerKg >= 0.328) -> age <= 0.953)
",9999999.000,9999999.000,0.000,1.000,0.000,0,0,2,0,0,2,2,0,0.0,0.0,1.0,0.0,0.0,1.0
"G[0,2](diabDur <= 7.826 -> SMBGperDayPtMeterCombo <= 3.863)
",9999999.000,9999999.000,0.000,1.000,0.000,0,0,1,1,1,1,1,1,0.0,0.0,1.0,0.0,0.0,1.0
"G[1,2](((UnitsInsBasalOrLongAct >= 1.883 -> Pt_DKAFlg <= 0.000) | TotalDailyInsPerKg >= 0.000) | Pt_DKAFlg <= 0.000)
",9999999.000,9999999.000,0.000,1.000,0.000,0,0,2,0,0,2,2,0,0.0,0.0,1.0,0.0,0.0,1.0
"G[1,1](((UnitsInsBasalOrLongAct >= 2.502 & DirectLDL >= 0.000) & Pt_DKAFlg <= 0.000) | TotChol <= 0.000)
",0.000,0.000,0.000,1.000,0.000,0,0,1,1,1,1,1,1,0.0,0.0,1.0,0.0,0.0,1.0
"G[0,2]((Pt_ChildT1D >= 0.000 -> BGTestAvgNumMeter >= 0.996) -> Pt_SiblingT1D >= 1.253)
",9999999.000,9999999.000,0.000,1.000,0.000,0,0,1,1,1,1,1,1,0.0,0.0,1.0,0.0,0.0,1.0
"G[1,2]((BGTestAvgNumPtRep >= 0.801 -> Pt_SiblingT1D >= 0.000) & TotChol <= 0.000)
",9999999.000,9999999.000,0.000,1.000,0.000,0,0,1,1,1,1,1,1,0.0,0.0,1.0,0.0,0.0,1.0
"G[0,2](((Pt_InsGov >= 0.000 -> Pt_FatherT1D <= 0.000) | Pt_CGMUseNumDays >= 0.000) & Pt_A1cGoalLevelDsYr5 >= 0.000)
",9999999.000,9999999.000,0.000,1.000,0.000,0,0,2,0,0,2,2,0,0.0,0.0,1.0,0.0,0.0,1.0
"G[0,2]((Pt_A1cGoalLevelDsYr5 <= 0.000 | Pt_A1cGoalLevelDsYr5 >= 0.000) & Pt_DKAFlg <= 0.000)
",9999999.000,9999999.000,0.000,1.000,0.000,0,0,2,0,0,2,2,0,0.0,0.0,1.0,0.0,0.0,1.0
"G[2,2](((HeightCm >= 164.170 & WeightKg <= 52.297) | Pt_InsGov <= 55.425) -> diabDur <= 56.480)
",-56.480,-56.480,0.000,1.000,0.000,0,0,2,0,0,2,2,0,0.0,0.0,1.0,0.0,0.0,1.0
"G[0,0]((Pt_InsGov >= 0.000 & Pt_GrandparentT1D <= 0.000) -> HeightCm <= 0.000)
",0.000,0.000,0.000,1.000,0.000,0,0,0,2,2,0,0,2,0.0,0.0,0.0,0.0,0.0,1.0
"G[0,2](((Pt_SiblingT1D <= 0.000 & Pt_CGMUseNumDays <= 0.000) | Pt_GrandparentT1D <= 0.000) -> AutonomicNeuroCl <= 0.000)
",9999999.000,9999999.000,0.000,1.000,0.000,0,0,2,0,0,2,2,0,0.0,0.0,1.0,0.0,0.0,1.0
"G[0,2]((bmiZscore <= -0.557 | BldPrSys <= 122.610) & AutonomicNeuroCl >= 115.181)
",9999999.000,9999999.000,0.000,1.000,0.000,0,0,0,2,2,0,0,2,0.0,0.0,0.0,0.0,0.0,1.0
"G[0,2]((Pt_DKAFlg <= 0.000 -> Pt_A1cGoalLev <= 0.000) -> Pt_CGMUseNumDays >= 0.000)
",9999999.000,9999999.000,0.000,1.000,0.000,0,0,2,0,0,2,2,0,0.0,0.0,1.0,0.0,0.0,1.0
"G[1,2](((Pt_DKAFlg <= 0.000 -> AlbCreatRat_mggNew >= 5.802) & BUN >= 5.078) -> UnitsInsBasalOrLongAct <= 10.943)
",9999999.000,9999999.000,0.000,1.000,0.000,0,0,2,0,0,2,2,0,0.0,0.0,1.0,0.0,0.0,1.0
"G[0,2]((HbA1cImputeDtMnC <= 15.555 & Pt_A1cGoalLevelDsYr5 <= 0.000) -> TotChol <= 0.000)
",9999999.000,9999999.000,0.000,1.000,0.000,0,0,1,1,1,1,1,1,0.0,0.0,1.0,0.0,0.0,1.0
"G[2,2]((Pt_A1cGoalLevelDsYr5 <= 0.000 | BldPrSys <= 122.497) & bmi >= 117.696)
",-117.696,-117.696,0.000,1.000,0.000,0,0,2,0,0,2,2,0,0.0,0.0,1.0,0.0,0.0,1.0
"G[1,2]((HbA1cImputeDtMnC >= 13.162 | GFR <= 0.000) & diagAgeCombo >= 0.000)
",9999999.000,9999999.000,0.000,1.000,0.000,0,0,2,0,0,2,2,0,0.0,0.0,1.0,0.0,0.0,1.0
"G[1,2](diagAgeCombo >= 8.000 | AlbCreatRat_mggNew >= 1.003)
",9999999.000,9999999.000,0.000,1.000,0.000,0,0,2,0,0,2,2,0,0.0,0.0,1.0,0.0,0.0,1.0
"G[1,2]((bmiPerc >= 0.205 & GFR >= 0.000) & LDL >= 0.000)
",9999999.000,9999999.000,0.000,1.000,0.000,0,0,2,0,0,2,2,0,0.0,0.0,1.0,0.0,0.0,1.0
"G[0,2](diabDur <= 8.552 | HbA1c <= 10.549)
",9999999.000,9999999.000,0.000,1.000,0.000,0,0,2,0,0,2,2,0,0.0,0.0,1.0,0.0,0.0,1.0
"G[1,2]((BUN <= 0.000 | HbA1c <= 10.598) & Pt_DKAFlg <= 10.644)
",9999999.000,9999999.000,0.000,1.000,0.000,0,0,2,0,0,2,2,0,0.0,0.0,1.0,0.0,0.0,1.0
