Rule,Discrimination Score,Pos Robustness,Neg Robustness,Percent Class +,Percent Class -,TP,TN,FP,FN,Actual Yes,Actual No,Predicted Yes,Predicted No,TPR/Sens,TNR/Spec,FPR,Precision,Accuracy,MCR,Class
"G[0,0](((SMBGperDayPtMeterCombo >= 1.171 | Triglyc >= 118.751) & Pt_MotherT1D >= 123.262) -> AutonomicNeuroCl >= 11.702)
",1.086,0.902,0.000,1.000,0.000,4,0,0,0,4,0,4,0,1.0,0.0,0.0,1.0,1.0,0.0,1
"G[0,1]((Pt_InsGov >= 0.101 & bmiPerc >= 0.626) | HbA1c >= 0.657)
",9999999.000,9999999.000,0.000,1.000,0.000,4,0,0,0,4,0,4,0,1.0,0.0,0.0,1.0,1.0,0.0,1
"G[1,1]((BldPrSys >= 118.921 | TotChol <= 82.961) | TotalDailyInsPerKg >= 48.648)
",82.961,82.961,0.000,1.000,0.000,4,0,0,0,4,0,4,0,1.0,0.0,0.0,1.0,1.0,0.0,1
"G[1,1](((HbA1cImputeDtMnC <= 46.940 & LDL >= 46.247) | bmi <= 97.912) -> HbA1c <= 73.380)
",-97.912,-97.912,0.000,1.000,0.000,4,0,0,0,4,0,4,0,1.0,0.0,0.0,1.0,1.0,0.0,1
"G[0,1](((HDL >= 11.887 & SMBGperDayPtMeterCombo <= 3.797) -> diagAgeCombo >= 0.521) | TSH >= 1.986)
",9999999.000,9999999.000,0.000,1.000,0.000,4,0,0,0,4,0,4,0,1.0,0.0,0.0,1.0,1.0,0.0,1
"G[1,1](NumPumpBolusOrShortAct <= 4.415 | WeightKg >= 58.660)
",4.415,4.415,0.000,1.000,0.000,4,0,0,0,4,0,4,0,1.0,0.0,0.0,1.0,1.0,0.0,1
"G[0,1]((BGTestAvgNumMeter <= 3.345 & Pt_CGMUseNumDays >= 0.000) -> AutonomicNeuroCl >= 0.000)
",9999999.000,9999999.000,0.000,1.000,0.000,4,0,0,0,4,0,4,0,1.0,0.0,0.0,1.0,1.0,0.0,1
"G[0,0](BldPrDia >= 56.089 & HDL <= 45.343)
",-0.118,-5.765,0.000,1.000,0.000,4,0,0,0,4,0,4,0,1.0,0.0,0.0,1.0,1.0,0.0,1
"F[0,1](((BldPrDia >= 58.348 | bmi >= 19.524) -> Pt_InsGov >= 19.216) & BldPrSys <= 25.033)
",-9999999.000,-9999999.000,0.000,0.000,1.000,4,0,0,0,4,0,4,0,1.0,0.0,0.0,1.0,1.0,0.0,-1
"G[1,1](HDL >= 21.630 | BldPrDia >= 60.593)
",-21.630,-21.630,0.000,1.000,0.000,4,0,0,0,4,0,4,0,1.0,0.0,0.0,1.0,1.0,0.0,1
"G[0,1](HbA1cImputeDtMnC <= 73.938 | NumPumpBolusOrShortAct <= 3.919)
",9999999.000,9999999.000,0.000,1.000,0.000,4,0,0,0,4,0,4,0,1.0,0.0,0.0,1.0,1.0,0.0,1
"G[0,0]((HbA1c <= 10.562 | HDL >= 11.558) -> Pt_GrandparentT1D <= 31.965)
",-2.009,-59.454,0.000,1.000,0.000,4,0,0,0,4,0,4,0,1.0,0.0,0.0,1.0,1.0,0.0,1
"G[0,0](BldPrDia <= 66.890 | Pt_InsGov <= 0.982)
",0.982,0.982,0.000,1.000,0.000,4,0,0,0,4,0,4,0,1.0,0.0,0.0,1.0,1.0,0.0,1
"G[0,0](Pt_GrandparentT1D >= 0.000 & GFR <= 0.000)
",-5.520,-1.008,0.000,1.000,0.000,4,0,0,0,4,0,4,0,1.0,0.0,0.0,1.0,1.0,0.0,1
"G[0,1](((bmiZscore <= 1.363 & Pt_A1cGoalLev >= 0.681) & bmi <= 3.854) -> Pt_SHFlg >= 0.159)
",9999999.000,9999999.000,0.000,1.000,0.000,4,0,0,0,4,0,4,0,1.0,0.0,0.0,1.0,1.0,0.0,1
"G[0,0](((bmi <= 25.134 -> HDL >= 4.022) -> BUN >= 1.320) -> Pt_MotherT1D <= 45.204)
",-45.204,-45.204,0.000,1.000,0.000,4,0,0,0,4,0,4,0,1.0,0.0,0.0,1.0,1.0,0.0,1
"G[0,0](((LDL >= 27.849 -> UnitsInsBasalOrLongAct <= 29.087) & Pt_A1cGoalLev >= 1.112) -> AlbCreatRat_mggNew <= 26.498)
",-3.022,-22.248,0.000,1.000,0.000,4,0,0,0,4,0,4,0,1.0,0.0,0.0,1.0,1.0,0.0,1
"G[0,0](((Pt_InsGov <= 0.656 -> Pt_CGMUseNumDays >= 0.000) & BGTestAvgNumMeter <= 0.000) | Pt_CGMUseNumDays >= 0.000)
",13780.000,13780.000,0.000,1.000,0.000,4,0,0,0,4,0,4,0,1.0,0.0,0.0,1.0,1.0,0.0,1
"G[1,1]((HbA1cImputeDtMnC >= 10.697 -> Pt_A1cGoalLev <= 6.604) -> bmiZscore <= 4.953)
",-4.953,-4.953,0.000,1.000,0.000,4,0,0,0,4,0,4,0,1.0,0.0,0.0,1.0,1.0,0.0,1
"F[0,1]((LDL >= 5.140 -> BldPrDia >= 59.077) & Pt_GrandparentT1D >= 61.305)
",-9999999.000,-9999999.000,0.000,0.000,1.000,4,0,0,0,4,0,4,0,1.0,0.0,0.0,1.0,1.0,0.0,-1
"F[0,1](((Pt_A1cGoalLevelDsYr5 >= 0.000 | age <= 17.396) & Pt_GrandchildT1D >= 13.013) & Pt_ChildT1D <= 17.761)
",-9999999.000,-9999999.000,0.000,0.000,1.000,4,0,0,0,4,0,4,0,1.0,0.0,0.0,1.0,1.0,0.0,-1
"F[0,0]((NumPumpBolusOrShortAct <= 3.716 & Pt_A1cGoalLev >= 0.867) & age <= 4.103)
",8.005,3.466,0.000,0.000,1.000,4,0,0,0,4,0,4,0,1.0,0.0,0.0,1.0,1.0,0.0,-1
"F[1,1]((BGTestAvgNumPtRep <= 4.185 & Triglyc <= 166.881) & age >= 127.660)
",-127.660,-127.660,0.000,0.000,1.000,4,0,0,0,4,0,4,0,1.0,0.0,0.0,1.0,1.0,0.0,-1
"F[1,1]((HeightCm <= 162.790 -> NumPumpBolusOrShortAct <= 5.629) & BldPrSys <= 4.802)
",-162.790,-162.790,0.000,0.000,1.000,4,0,0,0,4,0,4,0,1.0,0.0,0.0,1.0,1.0,0.0,-1
"F[1,1](((bmiZscore <= 1.233 -> LDL >= 31.405) -> Pt_DKAFlg >= 33.794) & HeightCm <= 101.855)
",1.233,1.233,0.000,0.000,1.000,4,0,0,0,4,0,4,0,1.0,0.0,0.0,1.0,1.0,0.0,-1
"F[0,0](Pt_InsGov >= 0.062 & BGTestAvgNumMeter <= 3.438)
",-1.478,-15.587,0.000,0.000,1.000,4,0,0,0,4,0,4,0,1.0,0.0,0.0,1.0,1.0,0.0,-1
"F[0,1]((BGTestAvgNumMeter <= 3.453 | HeightCm >= 150.821) & AlbCreatRat_mggNew >= 154.566)
",-9999999.000,-9999999.000,0.000,0.000,1.000,4,0,0,0,4,0,4,0,1.0,0.0,0.0,1.0,1.0,0.0,-1
"F[0,1](((BUN >= 5.036 -> bmi >= 19.006) | Triglyc <= 27.237) & Pt_DKAFlg >= 20.147)
",-9999999.000,-9999999.000,0.000,0.000,1.000,4,0,0,0,4,0,4,0,1.0,0.0,0.0,1.0,1.0,0.0,-1
"F[0,0](((BldPrSys >= 118.881 & Triglyc >= 81.965) & Pt_SHFlg <= 337.331) & Pt_SiblingT1D >= 136.354)
",-136.354,-136.354,0.000,0.000,1.000,4,0,0,0,4,0,4,0,1.0,0.0,0.0,1.0,1.0,0.0,-1
"F[0,1](TotChol >= 65.630 & Pt_InsGov >= 0.149)
",-9999999.000,-9999999.000,0.000,0.000,1.000,4,0,0,0,4,0,4,0,1.0,0.0,0.0,1.0,1.0,0.0,-1
"F[0,0](Pt_GrandparentT1D > 0.000 & Pt_SHFlg = 0.000)
",-2.283,-52.896,0.000,0.000,1.000,4,0,0,0,4,0,4,0,1.0,0.0,0.0,1.0,1.0,0.0,-1
"F[0,0](((bmi >= 23.813 & AutonomicNeuroCl >= 0.000) & UnitsInsBasalOrLongAct <= 0.000) & Triglyc <= 0.000)
",-0.873,-70.360,0.000,0.000,1.000,4,0,0,0,4,0,4,0,1.0,0.0,0.0,1.0,1.0,0.0,-1
"F[0,1]((NumPumpBolusOrShortAct <= 5.097 & WeightKg >= 51.582) & Pt_CGMUseNumDays >= 41.185)
",-9999999.000,-9999999.000,0.000,0.000,1.000,4,0,0,0,4,0,4,0,1.0,0.0,0.0,1.0,1.0,0.0,-1
"((Pt_A1cGoalLevelDsYr5 < 0.000) U[1,2] (Pt_SHFlg = 0.000))
",-9999999.000,-9999999.000,0.000,0.000,1.000,4,0,0,0,4,0,4,0,1.0,0.0,0.0,1.0,1.0,0.0,-1
"G[0,0](TotChol >= 35.224 -> Pt_SiblingT1D >= 0.000)
",-0.577,-3.194,0.000,1.000,0.000,4,0,0,0,4,0,4,0,1.0,0.0,0.0,1.0,1.0,0.0,1
"G[0,0]((HDL <= 38.193 | UnitsInsBasalOrLongAct <= 22.434) -> age <= 27.779)
",-6.335,-32.986,0.000,1.000,0.000,4,0,0,0,4,0,4,0,1.0,0.0,0.0,1.0,1.0,0.0,1
"G[0,0](((age <= 18.568 -> HeightCm >= 157.175) -> TotChol >= 147.922) | UnitsInsBasalOrLongAct <= 163.493)
",48.916,158.393,0.000,1.000,0.000,4,0,0,0,4,0,4,0,1.0,0.0,0.0,1.0,1.0,0.0,1
"G[0,1]((diagAgeCombo <= 12.000 | Pt_SiblingT1D <= 0.000) & SMBGperDayPtMeterCombo >= 0.000)
",9999999.000,9999999.000,0.000,1.000,0.000,4,0,0,0,4,0,4,0,1.0,0.0,0.0,1.0,1.0,0.0,1
"G[0,0]((HDL >= 12.309 & diagAgeCombo <= 12.000) -> BGTestAvgNumMeter <= 12.000)
",-0.194,-2.023,0.000,1.000,0.000,4,0,0,0,4,0,4,0,1.0,0.0,0.0,1.0,1.0,0.0,1
"G[1,1]((HDL >= 16.576 & LDL >= 0.230) | Pt_SHFlg <= 66.810)
",66.810,66.810,0.000,1.000,0.000,4,0,0,0,4,0,4,0,1.0,0.0,0.0,1.0,1.0,0.0,1
"G[0,0]((BGTestAvgNumPtRep <= 3.204 -> TSH >= 2.880) | TotalDailyInsPerKg >= 2.639)
",1.183,2.111,0.000,1.000,0.000,4,0,0,0,4,0,4,0,1.0,0.0,0.0,1.0,1.0,0.0,1
"G[0,1](((Pt_DKAFlg >= 0.000 -> TSH >= 4.042) | WeightKg <= 11.162) -> BldPrSys >= 2.509)
",9999999.000,9999999.000,0.000,1.000,0.000,4,0,0,0,4,0,4,0,1.0,0.0,0.0,1.0,1.0,0.0,1
"G[0,0](AutonomicNeuroCl > 0.000 -> Pt_SHFlg = 0.000)
",-13.002,-10.800,0.000,1.000,0.000,4,0,0,0,4,0,4,0,1.0,0.0,0.0,1.0,1.0,0.0,1
"G[1,1](((TotChol >= 69.752 & UnitsInsBasalOrLongAct <= 32.422) | DirectLDL <= 26.719) | Pt_ChildT1D <= 21.077)
",26.719,26.719,0.000,1.000,0.000,4,0,0,0,4,0,4,0,1.0,0.0,0.0,1.0,1.0,0.0,1
"G[0,1](((BGTestAvgNumPtRep >= 1.748 | HbA1c >= 9.525) | TotalDailyInsPerKg >= 8.468) -> HeightCm >= 9.135)
",9999999.000,9999999.000,0.000,1.000,0.000,4,0,0,0,4,0,4,0,1.0,0.0,0.0,1.0,1.0,0.0,1
"G[0,0](HeightCm >= 159.674 -> Pt_SHFlg = 0.000)
",2.283,52.896,0.000,1.000,0.000,4,0,0,0,4,0,4,0,1.0,0.0,0.0,1.0,1.0,0.0,1
"G[0,1](UnitsInsBasalOrLongAct < 30.748 -> Pt_SHFlg = 0.000)
",9999999.000,9999999.000,0.000,1.000,0.000,4,0,0,0,4,0,4,0,1.0,0.0,0.0,1.0,1.0,0.0,1
"G[0,0](Pt_InsGov >= 0.214 -> Pt_SHFlg = 0.000)
",0.214,0.214,0.000,1.000,0.000,4,0,0,0,4,0,4,0,1.0,0.0,0.0,1.0,1.0,0.0,1
"G[0,1](BldPrSys >= 115.384 | Pt_GrandparentT1D >= 0.000)
",9999999.000,9999999.000,0.000,1.000,0.000,4,0,0,0,4,0,4,0,1.0,0.0,0.0,1.0,1.0,0.0,1
"G[0,1](diagAgeCombo <= 12.000 -> Pt_SHFlg = 0.000)
",9999999.000,9999999.000,0.000,1.000,0.000,4,0,0,0,4,0,4,0,1.0,0.0,0.0,1.0,1.0,0.0,1
"G[0,1](TotChol >= 46.114 -> Pt_SHFlg = 0.000)
",9999999.000,9999999.000,0.000,1.000,0.000,4,0,0,0,4,0,4,0,1.0,0.0,0.0,1.0,1.0,0.0,1
"G[1,1](TSH >= 3.846 -> Pt_SHFlg = 0.000)
",0.000,0.000,0.000,1.000,0.000,4,0,0,0,4,0,4,0,1.0,0.0,0.0,1.0,1.0,0.0,1
"G[0,0](((WeightKg >= 42.816 -> Pt_CGMUseNumDays >= 0.000) | Pt_GrandchildT1D >= 0.000) | bmiZscore <= 0.000)
",0.000,0.000,0.000,1.000,0.000,4,0,0,0,4,0,4,0,1.0,0.0,0.0,1.0,1.0,0.0,1
"G[0,1](((Pt_GrandparentT1D <= 0.000 -> BldPrDia <= 62.739) | Pt_SiblingT1D >= 58.519) | Pt_GrandchildT1D <= 69.142)
",9999999.000,9999999.000,0.000,1.000,0.000,4,0,0,0,4,0,4,0,1.0,0.0,0.0,1.0,1.0,0.0,1
"F[0,0]((Pt_MotherT1D >= 0.000 | AlbCreatRat_mggNew <= 7.408) -> Pt_A1cGoalLevelDsYr5 >= 0.680)
",-9.527,-7.886,0.000,0.000,1.000,4,0,0,0,4,0,4,0,1.0,0.0,0.0,1.0,1.0,0.0,-1
"G[0,0](((Pt_InsGov >= 0.178 -> TotalDailyInsPerKg <= 0.767) & diagAgeCombo <= 0.722) -> bmiZscore >= 0.139)
",-15.739,-0.700,0.000,1.000,0.000,4,0,0,0,4,0,4,0,1.0,0.0,0.0,1.0,1.0,0.0,1
"G[0,1](Pt_SiblingT1D <= 0.000 | Pt_A1cGoalLev >= 0.812)
",9999999.000,9999999.000,0.000,1.000,0.000,4,0,0,0,4,0,4,0,1.0,0.0,0.0,1.0,1.0,0.0,1
"G[0,1](((HbA1cImputeDtMnC >= 17.502 & WeightKg >= 52.363) -> bmiPerc >= 58.580) -> age <= 63.968)
",9999999.000,9999999.000,0.000,1.000,0.000,4,0,0,0,4,0,4,0,1.0,0.0,0.0,1.0,1.0,0.0,1
"G[1,1](((SMBGperDayPtMeterCombo >= 1.169 -> GFR <= 0.000) & Pt_FatherT1D >= 0.000) & NumPumpBolusOrShortAct >= 0.000)
",0.000,0.000,0.000,1.000,0.000,4,0,0,0,4,0,4,0,1.0,0.0,0.0,1.0,1.0,0.0,1
"G[0,0](((BUN >= 1.748 | HeightCm <= 163.784) & HbA1cImputeDtMnC >= 152.771) | BUN <= 162.846)
",0.330,42.942,0.000,1.000,0.000,4,0,0,0,4,0,4,0,1.0,0.0,0.0,1.0,1.0,0.0,1
"G[0,0]((Pt_A1cGoalLev <= 8.522 | Pt_GrandchildT1D >= 0.000) | SMBGperDayPtMeterCombo >= 0.000)
",12.084,62.500,0.000,1.000,0.000,4,0,0,0,4,0,4,0,1.0,0.0,0.0,1.0,1.0,0.0,1
"G[0,1](AlbCreatRat_mggNew <= 6.383 | BUN <= 16.913)
",9999999.000,9999999.000,0.000,1.000,0.000,4,0,0,0,4,0,4,0,1.0,0.0,0.0,1.0,1.0,0.0,1
"G[0,1](((BGTestAvgNumMeter <= 3.643 | HbA1c <= 11.049) | UnitsInsBasalOrLongAct >= 8.261) -> Pt_ChildT1D <= 11.700)
",9999999.000,9999999.000,0.000,1.000,0.000,4,0,0,0,4,0,4,0,1.0,0.0,0.0,1.0,1.0,0.0,1
"G[1,1]((WeightKg <= 70.507 & diagAgeCombo <= 12.000) | DirectLDL <= 12.000)
",12.000,12.000,0.000,1.000,0.000,4,0,0,0,4,0,4,0,1.0,0.0,0.0,1.0,1.0,0.0,1
"G[1,1](((NumPumpBolusOrShortAct >= 1.899 | bmiPerc >= 0.639) | GFR <= 0.871) & Pt_SHFlg <= 0.796)
",0.796,0.796,0.000,1.000,0.000,4,0,0,0,4,0,4,0,1.0,0.0,0.0,1.0,1.0,0.0,1
"G[1,1](LDL <= 65.662 -> NumPumpBolusOrShortAct <= 3.608)
",-65.662,-65.662,0.000,1.000,0.000,4,0,0,0,4,0,4,0,1.0,0.0,0.0,1.0,1.0,0.0,1
"G[0,0]((AlbCreatRat_mggNew >= 2.972 & TotalDailyInsPerKg >= 0.092) -> Pt_SiblingT1D <= 0.756)
",-2.093,-1.044,0.000,1.000,0.000,4,0,0,0,4,0,4,0,1.0,0.0,0.0,1.0,1.0,0.0,1
"G[0,0](HDL >= 5.085 | TSH <= 5.644)
",1.039,48.280,0.000,1.000,0.000,4,0,0,0,4,0,4,0,1.0,0.0,0.0,1.0,1.0,0.0,1
"G[0,1](((bmi <= 26.105 -> HbA1c <= 11.791) & Pt_InsGov <= 10.820) -> WeightKg >= 8.193)
",9999999.000,9999999.000,0.000,1.000,0.000,4,0,0,0,4,0,4,0,1.0,0.0,0.0,1.0,1.0,0.0,1
"G[1,1](age <= 18.368 | SMBGperDayPtMeterCombo <= 3.993)
",18.368,18.368,0.000,1.000,0.000,4,0,0,0,4,0,4,0,1.0,0.0,0.0,1.0,1.0,0.0,1
"F[0,1](HbA1cImputeDtMnC >= 7.018 -> Pt_InsGov >= 0.170)
",-9999999.000,-9999999.000,0.000,0.000,1.000,3,0,0,1,4,0,3,1,0.75,0.0,0.0,1.0,0.75,0.25,-1
"((BGTestAvgNumMeter >= 1.932) U[1,1] (BGTestAvgNumPtRep <= 3.721))
",3.721,3.721,0.000,0.000,1.000,3,0,0,1,4,0,3,1,0.75,0.0,0.0,1.0,0.75,0.25,-1
"F[0,0](((BldPrDia >= 59.615 -> Pt_SiblingT1D <= 0.000) | HbA1cImputeDtMnC <= 0.000) & HbA1cImputeDtMnC <= 0.000)
",-4.243,-3.000,0.000,0.000,1.000,3,0,0,1,4,0,3,1,0.75,0.0,0.0,1.0,0.75,0.25,-1
"((HbA1cImputeDtMnC <= 54.143) U[1,1] (BGTestAvgNumPtRep <= 3.026))
",54.143,54.143,0.000,0.000,1.000,3,0,0,1,4,0,3,1,0.75,0.0,0.0,1.0,0.75,0.25,-1
"F[0,1](AlbCreatRat_mggNew >= 1.404 -> Pt_A1cGoalLev >= 0.768)
",-9999999.000,-9999999.000,0.000,0.000,1.000,3,0,0,1,4,0,3,1,0.75,0.0,0.0,1.0,0.75,0.25,-1
"F[0,1](bmiPerc >= 0.779 & HDL <= 30.380)
",-9999999.000,-9999999.000,0.000,0.000,1.000,3,0,0,1,4,0,3,1,0.75,0.0,0.0,1.0,0.75,0.25,-1
"F[0,1](((LDL <= 119.510 | WeightKg <= 71.892) -> TSH >= 46.952) | DirectLDL >= 60.869)
",-9999999.000,-9999999.000,0.000,0.000,1.000,3,0,0,1,4,0,3,1,0.75,0.0,0.0,1.0,0.75,0.25,-1
"F[0,0](((HDL <= 36.179 -> NumPumpBolusOrShortAct >= 2.637) & LDL <= 3.155) | Pt_DKAFlg >= 1.797)
",0.061,0.118,0.000,0.000,1.000,3,0,0,1,4,0,3,1,0.75,0.0,0.0,1.0,0.75,0.25,-1
"F[0,1](BldPrDia >= 59.791 -> Pt_InsGov >= 0.243)
",-9999999.000,-9999999.000,0.000,0.000,1.000,3,0,0,1,4,0,3,1,0.75,0.0,0.0,1.0,0.75,0.25,-1
"F[1,1]((bmiZscore <= 1.078 -> UnitsInsBasalOrLongAct <= 20.540) -> Pt_DKAFlg >= 2.697)
",2.697,2.697,0.000,0.000,1.000,3,0,0,1,4,0,3,1,0.75,0.0,0.0,1.0,0.75,0.25,-1
"((HDL <= 25.855) U[0,1] (Pt_InsGov >= 0.239))
",-9999999.000,-9999999.000,0.000,0.000,1.000,3,0,0,1,4,0,3,1,0.75,0.0,0.0,1.0,0.75,0.25,-1
"F[1,1](((TotChol <= 130.805 & TSH <= 5.156) & UnitsInsBasalOrLongAct <= 4.296) & HbA1cImputeDtMnC >= 0.538)
",-0.538,-0.538,0.000,0.000,1.000,3,0,0,1,4,0,3,1,0.75,0.0,0.0,1.0,0.75,0.25,-1
"F[0,1](((BUN >= 2.646 & LDL <= 78.123) | BldPrSys <= 93.206) & Pt_A1cGoalLevelDsYr5 <= 73.447)
",-9999999.000,-9999999.000,0.000,0.000,1.000,3,0,0,1,4,0,3,1,0.75,0.0,0.0,1.0,0.75,0.25,-1
"F[1,1](AlbCreatRat_mggNew <= 7.390 & bmiPerc <= 0.936)
",0.936,0.936,0.000,0.000,1.000,3,0,0,1,4,0,3,1,0.75,0.0,0.0,1.0,0.75,0.25,-1
"F[0,0](AlbCreatRat_mggNew <= 7.549 & WeightKg >= 61.646)
",-46.493,-60.396,0.000,0.000,1.000,3,0,0,1,4,0,3,1,0.75,0.0,0.0,1.0,0.75,0.25,-1
"F[0,1](AlbCreatRat_mggNew <= 6.169 & BGTestAvgNumPtRep <= 3.429)
",-9999999.000,-9999999.000,0.000,0.000,1.000,3,0,0,1,4,0,3,1,0.75,0.0,0.0,1.0,0.75,0.25,-1
"((age <= 18.685) U[1,1] (BUN >= 6.099))
",18.685,18.685,0.000,0.000,1.000,3,0,0,1,4,0,3,1,0.75,0.0,0.0,1.0,0.75,0.25,-1
"F[0,1](((LDL >= 17.347 -> TotalDailyInsPerKg <= 0.774) -> BldPrSys <= 0.868) & HbA1c >= 0.278)
",-9999999.000,-9999999.000,0.000,0.000,1.000,3,0,0,1,4,0,3,1,0.75,0.0,0.0,1.0,0.75,0.25,-1
"G[0,1](bmi >= 20.257 | TotalDailyInsPerKg >= 0.077)
",9999999.000,9999999.000,0.000,1.000,0.000,3,0,0,1,4,0,3,1,0.75,0.0,0.0,1.0,0.75,0.25,1
"G[0,1](Pt_GrandchildT1D >= 0.000 & diabDur <= 5.566)
",9999999.000,9999999.000,0.000,1.000,0.000,3,0,0,1,4,0,3,1,0.75,0.0,0.0,1.0,0.75,0.25,1
"G[0,1](((Pt_CGMUseNumDays <= 0.000 -> HbA1cImputeDtMnC <= 77.831) | BldPrDia >= 42.828) & HbA1cImputeDtMnC >= 19.438)
",9999999.000,9999999.000,0.000,1.000,0.000,3,0,0,1,4,0,3,1,0.75,0.0,0.0,1.0,0.75,0.25,1
"G[0,1]((BGTestAvgNumPtRep <= 4.565 -> BUN <= 12.430) & Pt_DKAFlg <= 15.577)
",9999999.000,9999999.000,0.000,1.000,0.000,3,0,0,1,4,0,3,1,0.75,0.0,0.0,1.0,0.75,0.25,1
"G[1,1](Pt_InsGov <= 0.678 & WeightKg >= 54.150)
",-54.150,-54.150,0.000,1.000,0.000,3,0,0,1,4,0,3,1,0.75,0.0,0.0,1.0,0.75,0.25,1
"G[0,1](Pt_A1cGoalLev < 6.819 & Pt_SHFlg = 0.000)
",9999999.000,9999999.000,0.000,1.000,0.000,3,0,0,1,4,0,3,1,0.75,0.0,0.0,1.0,0.75,0.25,1
"G[0,1]((bmiPerc >= 0.694 | diabDur >= 3.267) -> AlbCreatRat_mggNew >= 0.903)
",9999999.000,9999999.000,0.000,1.000,0.000,3,0,0,1,4,0,3,1,0.75,0.0,0.0,1.0,0.75,0.25,1
"G[0,0](BGTestAvgNumPtRep <= 4.742 -> NumPumpBolusOrShortAct <= 3.871)
",-5.261,-4.057,0.000,1.000,0.000,3,0,0,1,4,0,3,1,0.75,0.0,0.0,1.0,0.75,0.25,1
"G[0,1](bmi <= 26.885 & Pt_SHFlg = 0.000)
",9999999.000,9999999.000,0.000,1.000,0.000,3,0,0,1,4,0,3,1,0.75,0.0,0.0,1.0,0.75,0.25,1
"G[1,1](diabDur <= 4.939 -> SMBGperDayPtMeterCombo <= 3.600)
",-4.939,-4.939,0.000,1.000,0.000,3,0,0,1,4,0,3,1,0.75,0.0,0.0,1.0,0.75,0.25,1
"G[0,1]((age >= 14.099 -> TotalDailyInsPerKg >= 0.450) -> TotalDailyInsPerKg >= 0.389)
",9999999.000,9999999.000,0.000,1.000,0.000,3,0,0,1,4,0,3,1,0.75,0.0,0.0,1.0,0.75,0.25,1
"G[0,1](AlbCreatRat_mggNew > 2.882 & Pt_SHFlg = 0.000)
",9999999.000,9999999.000,0.000,1.000,0.000,3,0,0,1,4,0,3,1,0.75,0.0,0.0,1.0,0.75,0.25,1
"G[0,0](BldPrDia < 64.597 & Pt_SHFlg = 0.000)
",-4.514,-72.373,0.000,1.000,0.000,3,0,0,1,4,0,3,1,0.75,0.0,0.0,1.0,0.75,0.25,1
"G[0,1]((WeightKg >= 61.496 | bmi >= 23.141) -> UnitsInsBasalOrLongAct <= 31.556)
",9999999.000,9999999.000,0.000,1.000,0.000,3,0,0,1,4,0,3,1,0.75,0.0,0.0,1.0,0.75,0.25,1
"G[0,0](SMBGperDayPtMeterCombo >= 0.547 & BGTestAvgNumPtRep >= 0.486)
",0.588,0.764,0.000,1.000,0.000,3,0,0,1,4,0,3,1,0.75,0.0,0.0,1.0,0.75,0.25,1
"G[0,1](BldPrSys >= 109.338 & diagAgeCombo >= 12.000)
",9999999.000,9999999.000,0.000,1.000,0.000,3,0,0,1,4,0,3,1,0.75,0.0,0.0,1.0,0.75,0.25,1
"G[0,0](HbA1c <= 11.638 -> HeightCm >= 151.241)
",-1.787,-8.758,0.000,1.000,0.000,3,0,0,1,4,0,3,1,0.75,0.0,0.0,1.0,0.75,0.25,1
"G[0,1]((age >= 14.272 -> BldPrSys >= 109.806) | HDL >= 105.534)
",9999999.000,9999999.000,0.000,1.000,0.000,3,0,0,1,4,0,3,1,0.75,0.0,0.0,1.0,0.75,0.25,1
"G[0,1]((BGTestAvgNumPtRep <= 3.686 -> LDL >= 0.853) | Triglyc >= 24.875)
",9999999.000,9999999.000,0.000,1.000,0.000,3,0,0,1,4,0,3,1,0.75,0.0,0.0,1.0,0.75,0.25,1
"G[0,1]((BGTestAvgNumPtRep >= 2.101 -> bmiPerc >= 0.634) | bmi <= 0.839)
",9999999.000,9999999.000,0.000,1.000,0.000,3,0,0,1,4,0,3,1,0.75,0.0,0.0,1.0,0.75,0.25,1
"G[0,1]((diabDur <= 5.001 | LDL >= 21.959) & WeightKg <= 107.267)
",9999999.000,9999999.000,0.000,1.000,0.000,3,0,0,1,4,0,3,1,0.75,0.0,0.0,1.0,0.75,0.25,1
"G[0,1](((bmi <= 25.161 -> Pt_InsGov >= 0.166) -> bmiPerc >= 0.224) -> HbA1cImputeDtMnC >= 0.079)
",9999999.000,9999999.000,0.000,1.000,0.000,3,0,0,1,4,0,3,1,0.75,0.0,0.0,1.0,0.75,0.25,1
"F[0,1]((Pt_FatherT1D >= 0.000 & UnitsInsBasalOrLongAct <= 21.876) & Pt_A1cGoalLev <= 27.275)
",-9999999.000,-9999999.000,0.000,0.000,1.000,2,0,0,2,4,0,2,2,0.5,0.0,0.0,1.0,0.5,0.5,-1
"((HeightCm <= 164.713) U[1,1] (age <= 17.184))
",164.713,164.713,0.000,0.000,1.000,2,0,0,2,4,0,2,2,0.5,0.0,0.0,1.0,0.5,0.5,-1
"F[0,0](((BGTestAvgNumPtRep <= 3.471 & diabDur >= 1.767) & bmiZscore <= 6.736) -> age <= 5.265)
",-5.265,-5.265,0.000,0.000,1.000,2,0,0,2,4,0,2,2,0.5,0.0,0.0,1.0,0.5,0.5,-1
"((bmiZscore >= 0.497) U[1,2] (WeightKg <= 70.360))
",-9999999.000,-9999999.000,0.000,0.000,1.000,2,0,0,2,4,0,2,2,0.5,0.0,0.0,1.0,0.5,0.5,-1
"((bmiPerc <= 0.821) U[1,1] (TotalDailyInsPerKg <= 0.898))
",0.898,0.898,0.000,0.000,1.000,2,0,0,2,4,0,2,2,0.5,0.0,0.0,1.0,0.5,0.5,-1
"F[0,1](((BldPrSys >= 106.818 & bmiZscore >= 0.657) & TSH >= 0.391) | AutonomicNeuroCl >= 0.630)
",-9999999.000,-9999999.000,0.000,0.000,1.000,2,0,0,2,4,0,2,2,0.5,0.0,0.0,1.0,0.5,0.5,-1
"F[0,0](((BUN >= 5.521 & bmi <= 26.639) & bmiZscore <= 24.601) | BldPrSys <= 26.690)
",26.690,26.690,0.000,0.000,1.000,2,0,0,2,4,0,2,2,0.5,0.0,0.0,1.0,0.5,0.5,-1
"F[0,1]((HDL >= 6.574 -> WeightKg <= 67.223) -> Pt_GrandparentT1D >= 56.586)
",-9999999.000,-9999999.000,0.000,0.000,1.000,2,0,0,2,4,0,2,2,0.5,0.0,0.0,1.0,0.5,0.5,-1
"F[0,1](BUN >= 3.945 & NumPumpBolusOrShortAct <= 5.854)
",-9999999.000,-9999999.000,0.000,0.000,1.000,2,0,0,2,4,0,2,2,0.5,0.0,0.0,1.0,0.5,0.5,-1
"((BGTestAvgNumMeter >= 0.751) U[0,0] (BGTestAvgNumPtRep <= 3.033))
",1.522,17.595,0.000,0.000,1.000,2,0,0,2,4,0,2,2,0.5,0.0,0.0,1.0,0.5,0.5,-1
"((bmiPerc <= 0.849) U[1,2] (BUN <= 14.460))
",-9999999.000,-9999999.000,0.000,0.000,1.000,2,0,0,2,4,0,2,2,0.5,0.0,0.0,1.0,0.5,0.5,-1
"G[0,1]((BldPrSys >= 104.057 & WeightKg <= 69.930) & age <= 69.187)
",9999999.000,9999999.000,0.000,1.000,0.000,2,0,0,2,4,0,2,2,0.5,0.0,0.0,1.0,0.5,0.5,1
"G[1,1](bmiZscore <= 1.269 & LDL <= 92.291)
",1.269,1.269,0.000,1.000,0.000,2,0,0,2,4,0,2,2,0.5,0.0,0.0,1.0,0.5,0.5,1
"G[0,1](BldPrSys >= 100.496 & UnitsInsBasalOrLongAct >= 4.426)
",9999999.000,9999999.000,0.000,1.000,0.000,2,0,0,2,4,0,2,2,0.5,0.0,0.0,1.0,0.5,0.5,1
"G[0,0]((NumPumpBolusOrShortAct <= 3.474 & TSH <= 5.254) & Pt_A1cGoalLev <= 5.949)
",-6.051,-6.051,0.000,1.000,0.000,2,0,0,2,4,0,2,2,0.5,0.0,0.0,1.0,0.5,0.5,1
"G[0,1](((Pt_InsGov >= 0.048 -> Pt_CGMUseNumDays <= 0.000) | GFR <= 0.000) -> BUN <= 0.000)
",9999999.000,9999999.000,0.000,1.000,0.000,2,0,0,2,4,0,2,2,0.5,0.0,0.0,1.0,0.5,0.5,1
"G[0,0](GFR <= 0.000 -> BUN >= 3.489)
",-0.905,-120.006,0.000,1.000,0.000,2,0,0,2,4,0,2,2,0.5,0.0,0.0,1.0,0.5,0.5,1
"G[0,0](GFR <= 0.000 -> BUN >= 0.506)
",-0.911,-121.744,0.000,1.000,0.000,2,0,0,2,4,0,2,2,0.5,0.0,0.0,1.0,0.5,0.5,1
"G[0,1]((WeightKg >= 45.753 | bmi >= 18.876) -> UnitsInsBasalOrLongAct <= 29.430)
",9999999.000,9999999.000,0.000,1.000,0.000,2,0,0,2,4,0,2,2,0.5,0.0,0.0,1.0,0.5,0.5,1
"G[0,0]((AlbCreatRat_mggNew >= 3.292 & BldPrDia >= 62.081) | BldPrSys <= 64.218)
",64.218,64.218,0.000,1.000,0.000,2,0,0,2,4,0,2,2,0.5,0.0,0.0,1.0,0.5,0.5,1
"G[1,1](SMBGperDayPtMeterCombo >= 1.276 & BGTestAvgNumPtRep >= 2.046)
",-2.046,-2.046,0.000,1.000,0.000,2,0,0,2,4,0,2,2,0.5,0.0,0.0,1.0,0.5,0.5,1
"G[1,1]((SMBGperDayPtMeterCombo >= 2.124 & DirectLDL <= 0.000) & AutonomicNeuroCl <= 0.000)
",-2.124,-2.124,0.000,1.000,0.000,2,0,0,2,4,0,2,2,0.5,0.0,0.0,1.0,0.5,0.5,1
"F[0,0](diabDur >= 2.533 & HDL >= 10.789)
",0.110,1.339,0.000,0.000,1.000,2,0,0,2,4,0,2,2,0.5,0.0,0.0,1.0,0.5,0.5,-1
"G[0,1]((WeightKg >= 44.907 | bmi >= 22.715) -> UnitsInsBasalOrLongAct <= 28.884)
",9999999.000,9999999.000,0.000,1.000,0.000,2,0,0,2,4,0,2,2,0.5,0.0,0.0,1.0,0.5,0.5,1
"F[0,0](((BGTestAvgNumMeter >= 1.335 & LDL <= 85.640) | Pt_MotherT1D >= 37.673) & Pt_GrandchildT1D <= 75.692)
",1.418,16.815,0.000,0.000,1.000,2,0,0,2,4,0,2,2,0.5,0.0,0.0,1.0,0.5,0.5,-1
"F[0,1](BUN >= 4.023 & HDL >= 13.183)
",-9999999.000,-9999999.000,0.000,0.000,1.000,2,0,0,2,4,0,2,2,0.5,0.0,0.0,1.0,0.5,0.5,-1
"F[1,1](((age >= 13.186 | NumPumpBolusOrShortAct >= 0.122) -> HDL >= 2.434) & Pt_A1cGoalLev <= 5.116)
",0.122,0.122,0.000,0.000,1.000,2,0,0,2,4,0,2,2,0.5,0.0,0.0,1.0,0.5,0.5,-1
"((HbA1cImputeDtMnC <= 55.134) U[1,1] (TSH <= 8.034))
",55.134,55.134,0.000,0.000,1.000,2,0,0,2,4,0,2,2,0.5,0.0,0.0,1.0,0.5,0.5,-1
"G[0,1](SMBGperDayPtMeterCombo >= 1.828 & BGTestAvgNumPtRep >= 1.466)
",9999999.000,9999999.000,0.000,1.000,0.000,1,0,0,3,4,0,1,3,0.25,0.0,0.0,1.0,0.25,0.75,1
"F[1,1](AlbCreatRat_mggNew >= 2.847 -> LDL >= 18.519)
",2.847,2.847,0.000,0.000,1.000,1,0,0,3,4,0,1,3,0.25,0.0,0.0,1.0,0.25,0.75,-1
"F[1,1](TotalDailyInsPerKg >= 0.177 | TotChol >= 51.695)
",-0.177,-0.177,0.000,0.000,1.000,1,0,0,3,4,0,1,3,0.25,0.0,0.0,1.0,0.25,0.75,-1
"((BUN <= 16.459) U[1,2] (Pt_InsGov <= 0.583))
",-9999999.000,-9999999.000,0.000,0.000,1.000,1,0,0,3,4,0,1,3,0.25,0.0,0.0,1.0,0.25,0.75,-1
"((bmiZscore >= 0.710) U[0,1] (TotalDailyInsPerKg >= 0.155))
",-9999999.000,-9999999.000,0.000,0.000,1.000,1,0,0,3,4,0,1,3,0.25,0.0,0.0,1.0,0.25,0.75,-1
"((bmiZscore <= 1.126) U[1,2] (NumPumpBolusOrShortAct <= 5.507))
",-9999999.000,-9999999.000,0.000,0.000,1.000,1,0,0,3,4,0,1,3,0.25,0.0,0.0,1.0,0.25,0.75,-1
"((TotChol <= 124.484) U[1,1] (Pt_SHFlg = 0.000))
",124.484,124.484,0.000,0.000,1.000,1,0,0,3,4,0,1,3,0.25,0.0,0.0,1.0,0.25,0.75,-1
"F[0,0](AlbCreatRat_mggNew <= 7.670 | HbA1cImputeDtMnC <= 43.668)
",57.513,40.668,0.000,0.000,1.000,1,0,0,3,4,0,1,3,0.25,0.0,0.0,1.0,0.25,0.75,-1
"F[0,1]((Pt_SHFlg >= 0.000 | WeightKg >= 59.126) & Triglyc <= 69.931)
",-9999999.000,-9999999.000,0.000,0.000,1.000,1,0,0,3,4,0,1,3,0.25,0.0,0.0,1.0,0.25,0.75,-1
"F[1,1]((bmiPerc <= 0.913 | UnitsInsBasalOrLongAct <= 26.926) | Pt_A1cGoalLevelDsYr5 >= 9.023)
",26.926,26.926,0.000,0.000,1.000,1,0,0,3,4,0,1,3,0.25,0.0,0.0,1.0,0.25,0.75,-1
"F[0,1](Pt_FatherT1D <= 0.000 -> bmi <= 24.228)
",-9999999.000,-9999999.000,0.000,0.000,1.000,1,0,0,3,4,0,1,3,0.25,0.0,0.0,1.0,0.25,0.75,-1
"F[1,1](((HDL <= 25.416 -> Pt_A1cGoalLev <= 7.372) -> HDL >= 0.985) | HeightCm <= 3.793)
",3.793,3.793,0.000,0.000,1.000,1,0,0,3,4,0,1,3,0.25,0.0,0.0,1.0,0.25,0.75,-1
"((Pt_InsGov <= 0.766) U[1,1] (Pt_SHFlg = 0.000))
",0.766,0.766,0.000,0.000,1.000,1,0,0,3,4,0,1,3,0.25,0.0,0.0,1.0,0.25,0.75,-1
"F[0,1]((HeightCm >= 153.637 & Pt_InsGov <= 0.404) & TotChol >= 0.048)
",-9999999.000,-9999999.000,0.000,0.000,1.000,1,0,0,3,4,0,1,3,0.25,0.0,0.0,1.0,0.25,0.75,-1
"((BGTestAvgNumMeter >= 2.095) U[0,0] (BGTestAvgNumPtRep <= 4.489))
",1.612,16.951,0.000,0.000,1.000,1,0,0,3,4,0,1,3,0.25,0.0,0.0,1.0,0.25,0.75,-1
"F[0,1](diabDur >= 2.076 & BGTestAvgNumPtRep >= 0.103)
",-9999999.000,-9999999.000,0.000,0.000,1.000,1,0,0,3,4,0,1,3,0.25,0.0,0.0,1.0,0.25,0.75,-1
"((bmi <= 25.329) U[0,0] (WeightKg >= 60.780))
",25.329,25.329,0.000,0.000,1.000,1,0,0,3,4,0,1,3,0.25,0.0,0.0,1.0,0.25,0.75,-1
"((AlbCreatRat_mggNew >= 0.760) U[0,0] (HbA1cImputeDtMnC >= 2.637))
",0.627,4.332,0.000,0.000,1.000,1,0,0,3,4,0,1,3,0.25,0.0,0.0,1.0,0.25,0.75,-1
"((diabDur <= 4.197) U[0,1] (BGTestAvgNumPtRep <= 3.349))
",-9999999.000,-9999999.000,0.000,0.000,1.000,1,0,0,3,4,0,1,3,0.25,0.0,0.0,1.0,0.25,0.75,-1
"F[0,1](((Triglyc <= 183.990 -> Pt_GrandparentT1D <= 0.000) & Pt_GrandchildT1D <= 0.000) & Triglyc <= 0.000)
",-9999999.000,-9999999.000,0.000,0.000,1.000,1,0,0,3,4,0,1,3,0.25,0.0,0.0,1.0,0.25,0.75,-1
"F[0,1](((Pt_InsGov <= 0.829 | Pt_SHFlg <= 0.000) & Pt_DKAFlg >= 0.000) -> Triglyc <= 0.000)
",-9999999.000,-9999999.000,0.000,0.000,1.000,1,0,0,3,4,0,1,3,0.25,0.0,0.0,1.0,0.25,0.75,-1
"F[0,0](SMBGperDayPtMeterCombo <= 2.964 -> NumPumpBolusOrShortAct >= 2.112)
",4.300,1.862,0.000,0.000,1.000,1,0,0,3,4,0,1,3,0.25,0.0,0.0,1.0,0.25,0.75,-1
"F[0,0]((BGTestAvgNumPtRep >= 1.565 | TotalDailyInsPerKg <= 0.790) | BldPrDia <= 0.574)
",-0.243,-0.315,0.000,0.000,1.000,1,0,0,3,4,0,1,3,0.25,0.0,0.0,1.0,0.25,0.75,-1
"((HDL <= 28.496) U[1,2] (TotalDailyInsPerKg <= 0.679))
",-9999999.000,-9999999.000,0.000,0.000,1.000,1,0,0,3,4,0,1,3,0.25,0.0,0.0,1.0,0.25,0.75,-1
"((bmiPerc >= 0.552) U[1,2] (HbA1c >= 8.392))
",-9999999.000,-9999999.000,0.000,0.000,1.000,1,0,0,3,4,0,1,3,0.25,0.0,0.0,1.0,0.25,0.75,-1
"((BGTestAvgNumPtRep >= 0.641) U[1,2] (BldPrSys >= 94.243))
",-9999999.000,-9999999.000,0.000,0.000,1.000,1,0,0,3,4,0,1,3,0.25,0.0,0.0,1.0,0.25,0.75,-1
"((HeightCm >= 151.401) U[1,1] (Pt_A1cGoalLev <= 8.610))
",8.610,8.610,0.000,0.000,1.000,1,0,0,3,4,0,1,3,0.25,0.0,0.0,1.0,0.25,0.75,-1
"F[0,0]((age <= 18.935 -> LDL <= 71.100) & HbA1c <= 85.133)
",-225.824,-70.619,0.000,0.000,1.000,1,0,0,3,4,0,1,3,0.25,0.0,0.0,1.0,0.25,0.75,-1
"((BldPrDia >= 61.452) U[0,0] (Triglyc <= 272.839))
",2.423,220.339,0.000,0.000,1.000,1,0,0,3,4,0,1,3,0.25,0.0,0.0,1.0,0.25,0.75,-1
"F[1,1]((BGTestAvgNumMeter >= 1.163 -> TotalDailyInsPerKg >= 0.457) | BGTestAvgNumMeter <= 0.910)
",0.910,0.910,0.000,0.000,1.000,1,0,0,3,4,0,1,3,0.25,0.0,0.0,1.0,0.25,0.75,-1
"F[0,1](((BGTestAvgNumPtRep >= 0.553 | Pt_InsGov <= 0.365) | Triglyc <= 0.863) & TSH <= 0.673)
",-9999999.000,-9999999.000,0.000,0.000,1.000,1,0,0,3,4,0,1,3,0.25,0.0,0.0,1.0,0.25,0.75,-1
"F[1,1](((HbA1c >= 8.639 & Triglyc >= 7.584) & Pt_SHFlg <= 344.353) -> TSH >= 3.801)
",3.801,3.801,0.000,0.000,1.000,1,0,0,3,4,0,1,3,0.25,0.0,0.0,1.0,0.25,0.75,-1
"F[1,1](((Pt_InsGov <= 0.263 & Triglyc <= 338.753) | BGTestAvgNumMeter >= 116.762) | Pt_CGMUseNumDays >= 112.883)
",0.263,0.263,0.000,0.000,1.000,1,0,0,3,4,0,1,3,0.25,0.0,0.0,1.0,0.25,0.75,-1
"F[0,1](diabDur >= 3.825 & TotalDailyInsPerKg >= 0.383)
",-9999999.000,-9999999.000,0.000,0.000,1.000,1,0,0,3,4,0,1,3,0.25,0.0,0.0,1.0,0.25,0.75,-1
"((BGTestAvgNumMeter >= 1.892) U[0,1] (BGTestAvgNumPtRep <= 4.180))
",-9999999.000,-9999999.000,0.000,0.000,1.000,1,0,0,3,4,0,1,3,0.25,0.0,0.0,1.0,0.25,0.75,-1
"((bmiPerc <= 0.842) U[0,1] (UnitsInsBasalOrLongAct >= 6.016))
",-9999999.000,-9999999.000,0.000,0.000,1.000,1,0,0,3,4,0,1,3,0.25,0.0,0.0,1.0,0.25,0.75,-1
"F[0,0]((Pt_A1cGoalLev <= 9.729 | TotalDailyInsPerKg >= 0.196) -> TotalDailyInsPerKg <= 0.865)
",-2.551,-4.554,0.000,0.000,1.000,1,0,0,3,4,0,1,3,0.25,0.0,0.0,1.0,0.25,0.75,-1
"((HbA1cImputeDtMnC >= 19.268) U[1,2] (TotChol <= 88.263))
",-9999999.000,-9999999.000,0.000,0.000,1.000,1,0,0,3,4,0,1,3,0.25,0.0,0.0,1.0,0.25,0.75,-1
"F[0,1](BldPrDia <= 69.710 & BUN <= 15.141)
",-9999999.000,-9999999.000,0.000,0.000,1.000,1,0,0,3,4,0,1,3,0.25,0.0,0.0,1.0,0.25,0.75,-1
"G[0,1](GFR <= 0.000 -> BUN >= 5.723)
",9999999.000,9999999.000,0.000,1.000,0.000,1,0,0,3,4,0,1,3,0.25,0.0,0.0,1.0,0.25,0.75,1
"G[0,0](((BldPrDia >= 59.973 & WeightKg >= 49.986) -> diagAgeCombo >= 58.968) | Pt_ChildT1D >= 55.433)
",37.517,48.736,0.000,1.000,0.000,1,0,0,3,4,0,1,3,0.25,0.0,0.0,1.0,0.25,0.75,1
"F[1,1](HDL >= 19.441 -> TotChol <= 200.953)
",-200.953,-200.953,0.000,0.000,1.000,1,0,0,3,4,0,1,3,0.25,0.0,0.0,1.0,0.25,0.75,-1
"G[0,1]((BGTestAvgNumPtRep <= 3.555 & UnitsInsBasalOrLongAct >= 12.333) & diabDur <= 22.958)
",9999999.000,9999999.000,0.000,1.000,0.000,1,0,0,3,4,0,1,3,0.25,0.0,0.0,1.0,0.25,0.75,1
"G[0,0]((Pt_GrandparentT1D <= 0.000 -> Pt_GrandchildT1D <= 0.000) -> UnitsInsBasalOrLongAct <= 0.000)
",0.000,0.000,0.000,1.000,0.000,1,0,0,3,4,0,1,3,0.25,0.0,0.0,1.0,0.25,0.75,1
"G[0,1](bmiPerc >= 0.677 & NumPumpBolusOrShortAct <= 5.394)
",9999999.000,9999999.000,0.000,1.000,0.000,1,0,0,3,4,0,1,3,0.25,0.0,0.0,1.0,0.25,0.75,1
"G[0,1](GFR <= 0.000 -> BUN >= 0.513)
",9999999.000,9999999.000,0.000,1.000,0.000,1,0,0,3,4,0,1,3,0.25,0.0,0.0,1.0,0.25,0.75,1
"G[0,1](SMBGperDayPtMeterCombo >= 1.819 & BGTestAvgNumPtRep >= 2.249)
",9999999.000,9999999.000,0.000,1.000,0.000,1,0,0,3,4,0,1,3,0.25,0.0,0.0,1.0,0.25,0.75,1
"G[0,1](WeightKg <= 70.482 & Pt_A1cGoalLev <= 7.350)
",9999999.000,9999999.000,0.000,1.000,0.000,1,0,0,3,4,0,1,3,0.25,0.0,0.0,1.0,0.25,0.75,1
"G[0,1](((NumPumpBolusOrShortAct >= 1.915 & Pt_InsGov <= 0.382) & HeightCm >= 0.139) -> BldPrSys <= 0.264)
",9999999.000,9999999.000,0.000,1.000,0.000,1,0,0,3,4,0,1,3,0.25,0.0,0.0,1.0,0.25,0.75,1
"G[0,0](((Pt_GrandchildT1D <= 0.000 | Pt_DKAFlg >= 0.000) & HbA1c <= 0.000) | TSH <= 0.000)
",-0.577,-0.037,0.000,1.000,0.000,1,0,0,3,4,0,1,3,0.25,0.0,0.0,1.0,0.25,0.75,1
"G[0,1]((BUN >= 3.533 & WeightKg <= 67.727) | Pt_DKAFlg >= 51.116)
",9999999.000,9999999.000,0.000,1.000,0.000,1,0,0,3,4,0,1,3,0.25,0.0,0.0,1.0,0.25,0.75,1
"G[0,1](BGTestAvgNumPtRep <= 4.180 -> TotChol <= 183.535)
",9999999.000,9999999.000,0.000,1.000,0.000,1,0,0,3,4,0,1,3,0.25,0.0,0.0,1.0,0.25,0.75,1
"G[0,1](SMBGperDayPtMeterCombo >= 0.407 & BGTestAvgNumPtRep >= 1.194)
",9999999.000,9999999.000,0.000,1.000,0.000,1,0,0,3,4,0,1,3,0.25,0.0,0.0,1.0,0.25,0.75,1
"G[0,0](((BldPrSys <= 128.913 -> Pt_InsGov >= 0.060) & age >= 0.039) & GFR <= 0.809)
",-128.913,-128.913,0.000,1.000,0.000,1,0,0,3,4,0,1,3,0.25,0.0,0.0,1.0,0.25,0.75,1
"G[0,1]((WeightKg >= 58.429 | bmi >= 22.718) -> UnitsInsBasalOrLongAct <= 25.855)
",9999999.000,9999999.000,0.000,1.000,0.000,1,0,0,3,4,0,1,3,0.25,0.0,0.0,1.0,0.25,0.75,1
"G[1,1](GFR <= 0.000 -> BUN >= 6.199)
",0.000,0.000,0.000,1.000,0.000,1,0,0,3,4,0,1,3,0.25,0.0,0.0,1.0,0.25,0.75,1
"((bmiPerc <= 0.835) U[2,2] (Triglyc <= 204.117))
",204.117,204.117,0.000,0.000,1.000,0,0,0,4,4,0,0,4,0.0,0.0,0.0,0.0,0.0,1.0,-1
"G[2,2]((BGTestAvgNumPtRep >= 0.782 & BldPrDia >= 59.735) -> BGTestAvgNumMeter >= 57.325)
",57.325,57.325,0.000,1.000,0.000,0,0,4,0,0,4,4,0,0.0,0.0,1.0,0.0,0.0,1.0,1
"F[1,2]((bmiZscore >= 0.689 | TotChol <= 145.351) & SMBGperDayPtMeterCombo >= 50.496)
",-9999999.000,-9999999.000,0.000,0.000,1.000,0,0,0,4,4,0,0,4,0.0,0.0,0.0,0.0,0.0,1.0,-1
"F[0,2]((diagAgeCombo <= 12.000 | UnitsInsBasalOrLongAct <= 23.095) | Pt_ChildT1D >= 12.162)
",-9999999.000,-9999999.000,0.000,0.000,1.000,0,0,0,4,4,0,0,4,0.0,0.0,0.0,0.0,0.0,1.0,-1
"((Pt_SiblingT1D >= 0.000) U[0,1] (BGTestAvgNumMeter >= 0.013))
",-9999999.000,-9999999.000,0.000,0.000,1.000,0,0,0,4,4,0,0,4,0.0,0.0,0.0,0.0,0.0,1.0,-1
"((Pt_SiblingT1D <= 0.000) U[1,2] (BUN >= 1.871))
",-9999999.000,-9999999.000,0.000,0.000,1.000,0,0,0,4,4,0,0,4,0.0,0.0,0.0,0.0,0.0,1.0,-1
"F[1,2](Pt_SHFlg <= 0.000 & Pt_CGMUseNumDays <= 0.000)
",-9999999.000,-9999999.000,0.000,0.000,1.000,0,0,0,4,4,0,0,4,0.0,0.0,0.0,0.0,0.0,1.0,-1
"F[2,2]((Pt_A1cGoalLev <= 8.765 | bmi >= 23.597) & Pt_CGMUseNumDays >= 20.495)
",-20.495,-20.495,0.000,0.000,1.000,0,0,0,4,4,0,0,4,0.0,0.0,0.0,0.0,0.0,1.0,-1
"F[1,1](Pt_SiblingT1D >= 0.000 -> GFR <= 0.000)
",0.000,0.000,0.000,0.000,1.000,0,0,0,4,4,0,0,4,0.0,0.0,0.0,0.0,0.0,1.0,-1
"F[0,1]((TSH <= 8.350 | Pt_ChildT1D >= 0.000) | Pt_GrandparentT1D <= 0.000)
",-9999999.000,-9999999.000,0.000,0.000,1.000,0,0,0,4,4,0,0,4,0.0,0.0,0.0,0.0,0.0,1.0,-1
"F[0,2](TSH <= 7.325 | Triglyc >= 10.516)
",-9999999.000,-9999999.000,0.000,0.000,1.000,0,0,0,4,4,0,0,4,0.0,0.0,0.0,0.0,0.0,1.0,-1
"F[0,0](GFR >= 0.000 -> Pt_CGMUseNumDays <= 0.000)
",-5.520,-1.008,0.000,0.000,1.000,0,0,0,4,4,0,0,4,0.0,0.0,0.0,0.0,0.0,1.0,-1
"F[1,2](((NumPumpBolusOrShortAct <= 5.431 -> BGTestAvgNumPtRep >= 1.746) | Pt_A1cGoalLev <= 3.250) & TotChol >= 0.946)
",-9999999.000,-9999999.000,0.000,0.000,1.000,0,0,0,4,4,0,0,4,0.0,0.0,0.0,0.0,0.0,1.0,-1
"F[0,2](((Pt_FatherT1D >= 0.000 -> age >= 16.227) & Pt_InsGov <= 18.745) | AutonomicNeuroCl <= 18.939)
",-9999999.000,-9999999.000,0.000,0.000,1.000,0,0,0,4,4,0,0,4,0.0,0.0,0.0,0.0,0.0,1.0,-1
"F[0,2]((TotChol <= 131.145 -> Pt_FatherT1D >= 0.000) | BGTestAvgNumPtRep <= 0.000)
",-9999999.000,-9999999.000,0.000,0.000,1.000,0,0,0,4,4,0,0,4,0.0,0.0,0.0,0.0,0.0,1.0,-1
"F[1,1](bmi >= 19.566 | WeightKg <= 70.994)
",70.994,70.994,0.000,0.000,1.000,0,0,0,4,4,0,0,4,0.0,0.0,0.0,0.0,0.0,1.0,-1
"((Pt_CGMUseNumDays >= 0.000) U[0,1] (LDL >= 55.932))
",-9999999.000,-9999999.000,0.000,0.000,1.000,0,0,0,4,4,0,0,4,0.0,0.0,0.0,0.0,0.0,1.0,-1
"F[1,2](WeightKg >= 47.240 -> diabDur <= 4.767)
",-9999999.000,-9999999.000,0.000,0.000,1.000,0,0,0,4,4,0,0,4,0.0,0.0,0.0,0.0,0.0,1.0,-1
"F[1,2]((Pt_GrandparentT1D >= 0.000 & bmi <= 27.081) -> TotChol >= 20.445)
",-9999999.000,-9999999.000,0.000,0.000,1.000,0,0,0,4,4,0,0,4,0.0,0.0,0.0,0.0,0.0,1.0,-1
"F[0,2](AlbCreatRat_mggNew >= 3.190 -> BGTestAvgNumMeter <= 2.416)
",-9999999.000,-9999999.000,0.000,0.000,1.000,0,0,0,4,4,0,0,4,0.0,0.0,0.0,0.0,0.0,1.0,-1
"F[0,1]((diabDur <= 5.351 | HeightCm >= 148.479) & AlbCreatRat_mggNew <= 162.078)
",-9999999.000,-9999999.000,0.000,0.000,1.000,0,0,0,4,4,0,0,4,0.0,0.0,0.0,0.0,0.0,1.0,-1
"((BUN <= 9.212) U[2,2] (diabDur <= 4.700))
",9.212,9.212,0.000,0.000,1.000,0,0,0,4,4,0,0,4,0.0,0.0,0.0,0.0,0.0,1.0,-1
"((BUN <= 12.017) U[0,2] (HbA1cImputeDtMnC <= 58.494))
",-9999999.000,-9999999.000,0.000,0.000,1.000,0,0,0,4,4,0,0,4,0.0,0.0,0.0,0.0,0.0,1.0,-1
"F[1,2](((BldPrSys <= 138.110 -> Pt_A1cGoalLev <= 2.955) & Pt_SiblingT1D >= 0.898) -> WeightKg >= 0.767)
",-9999999.000,-9999999.000,0.000,0.000,1.000,0,0,0,4,4,0,0,4,0.0,0.0,0.0,0.0,0.0,1.0,-1
"F[1,2](((BldPrSys <= 124.179 -> TSH <= 8.962) -> AlbCreatRat_mggNew <= 5.855) -> LDL <= 9.940)
",-9999999.000,-9999999.000,0.000,0.000,1.000,0,0,0,4,4,0,0,4,0.0,0.0,0.0,0.0,0.0,1.0,-1
"F[0,1]((age >= 14.137 -> HbA1c >= 9.921) & HbA1cImputeDtMnC >= 10.275)
",-9999999.000,-9999999.000,0.000,0.000,1.000,0,0,0,4,4,0,0,4,0.0,0.0,0.0,0.0,0.0,1.0,-1
"((TotChol >= 17.815) U[2,2] (TSH <= 10.413))
",10.413,10.413,0.000,0.000,1.000,0,0,0,4,4,0,0,4,0.0,0.0,0.0,0.0,0.0,1.0,-1
"F[0,1](((HbA1c >= 10.228 -> HbA1cImputeDtMnC >= 29.509) & Pt_ChildT1D >= 20.517) | BUN <= 44.875)
",-9999999.000,-9999999.000,0.000,0.000,1.000,0,0,0,4,4,0,0,4,0.0,0.0,0.0,0.0,0.0,1.0,-1
"F[1,2](((AlbCreatRat_mggNew <= 5.925 | diabDur >= 3.203) | Triglyc <= 6.668) -> AlbCreatRat_mggNew <= 6.686)
",-9999999.000,-9999999.000,0.000,0.000,1.000,0,0,0,4,4,0,0,4,0.0,0.0,0.0,0.0,0.0,1.0,-1
"F[0,2](((Pt_InsGov <= 0.513 -> UnitsInsBasalOrLongAct <= 29.465) | Pt_ChildT1D >= 14.085) | BGTestAvgNumPtRep <= 26.527)
",-9999999.000,-9999999.000,0.000,0.000,1.000,0,0,0,4,4,0,0,4,0.0,0.0,0.0,0.0,0.0,1.0,-1
"F[0,2](((diabDur <= 5.536 | HbA1c >= 8.113) -> age >= 8.243) & UnitsInsBasalOrLongAct <= 10.830)
",-9999999.000,-9999999.000,0.000,0.000,1.000,0,0,0,4,4,0,0,4,0.0,0.0,0.0,0.0,0.0,1.0,-1
"F[0,2](((HeightCm >= 156.834 | WeightKg <= 63.308) | BGTestAvgNumMeter >= 41.370) & Triglyc <= 68.783)
",-9999999.000,-9999999.000,0.000,0.000,1.000,0,0,0,4,4,0,0,4,0.0,0.0,0.0,0.0,0.0,1.0,-1
"F[0,2](diabDur <= 4.362 & HbA1cImputeDtMnC <= 79.567)
",-9999999.000,-9999999.000,0.000,0.000,1.000,0,0,0,4,4,0,0,4,0.0,0.0,0.0,0.0,0.0,1.0,-1
"F[1,2]((TotalDailyInsPerKg <= 0.665 & UnitsInsBasalOrLongAct <= 31.580) -> Pt_MotherT1D >= 11.930)
",-9999999.000,-9999999.000,0.000,0.000,1.000,0,0,0,4,4,0,0,4,0.0,0.0,0.0,0.0,0.0,1.0,-1
"F[2,2](((age >= 13.756 -> HbA1cImputeDtMnC >= 41.431) & DirectLDL >= 36.107) & Pt_FatherT1D >= 7.541)
",-36.107,-36.107,0.000,0.000,1.000,0,0,0,4,4,0,0,4,0.0,0.0,0.0,0.0,0.0,1.0,-1
"F[0,2](HeightCm > 150.347 & Pt_SHFlg = 0.000)
",-9999999.000,-9999999.000,0.000,0.000,1.000,0,0,0,4,4,0,0,4,0.0,0.0,0.0,0.0,0.0,1.0,-1
"F[2,2](TotChol <= 84.229 -> Pt_SHFlg = 0.000)
",-84.229,-84.229,0.000,0.000,1.000,0,0,0,4,4,0,0,4,0.0,0.0,0.0,0.0,0.0,1.0,-1
"F[1,2](Pt_CGMUseNumDays > 0.000 -> Pt_SHFlg = 0.000)
",-9999999.000,-9999999.000,0.000,0.000,1.000,0,0,0,4,4,0,0,4,0.0,0.0,0.0,0.0,0.0,1.0,-1
"((bmiPerc < 0.874) U[2,2] (Pt_SHFlg = 0.000))
",0.874,0.874,0.000,0.000,1.000,0,0,0,4,4,0,0,4,0.0,0.0,0.0,0.0,0.0,1.0,-1
"F[0,2](HeightCm < 164.849 -> Pt_SHFlg = 0.000)
",-9999999.000,-9999999.000,0.000,0.000,1.000,0,0,0,4,4,0,0,4,0.0,0.0,0.0,0.0,0.0,1.0,-1
"F[0,2](AlbCreatRat_mggNew >= 0.089 | Pt_InsGov <= 0.713)
",-9999999.000,-9999999.000,0.000,0.000,1.000,0,0,0,4,4,0,0,4,0.0,0.0,0.0,0.0,0.0,1.0,-1
"F[0,2](((HbA1c <= 10.815 | Pt_A1cGoalLev <= 2.389) & SMBGperDayPtMeterCombo >= 0.178) -> WeightKg <= 4.951)
",-9999999.000,-9999999.000,0.000,0.000,1.000,0,0,0,4,4,0,0,4,0.0,0.0,0.0,0.0,0.0,1.0,-1
"((diabDur >= 2.009) U[2,2] (TSH >= 2.058))
",-2.009,-2.009,0.000,0.000,1.000,0,0,0,4,4,0,0,4,0.0,0.0,0.0,0.0,0.0,1.0,-1
"F[0,1](HbA1c >= 9.387 -> Pt_A1cGoalLevelDsYr5 = 0.000)
",-9999999.000,-9999999.000,0.000,0.000,1.000,0,0,0,4,4,0,0,4,0.0,0.0,0.0,0.0,0.0,1.0,-1
"F[0,1](((TotalDailyInsPerKg <= 0.908 | HeightCm <= 161.622) | LDL >= 152.914) | Pt_CGMUseNumDays >= 149.844)
",-9999999.000,-9999999.000,0.000,0.000,1.000,0,0,0,4,4,0,0,4,0.0,0.0,0.0,0.0,0.0,1.0,-1
"F[2,2](((UnitsInsBasalOrLongAct <= 29.936 -> UnitsInsBasalOrLongAct >= 14.782) | BldPrSys <= 24.355) & Pt_A1cGoalLevelDsYr5 >= 17.205)
",-17.205,-17.205,0.000,0.000,1.000,0,0,0,4,4,0,0,4,0.0,0.0,0.0,0.0,0.0,1.0,-1
"F[0,2]((bmiPerc <= 0.836 | bmi >= 19.118) & Pt_FatherT1D >= 22.143)
",-9999999.000,-9999999.000,0.000,0.000,1.000,0,0,0,4,4,0,0,4,0.0,0.0,0.0,0.0,0.0,1.0,-1
"F[0,1](((BGTestAvgNumMeter >= 1.597 & Pt_MotherT1D <= 0.000) & Pt_MotherT1D >= 0.000) | Pt_SHFlg >= 0.000)
",-9999999.000,-9999999.000,0.000,0.000,1.000,0,0,0,4,4,0,0,4,0.0,0.0,0.0,0.0,0.0,1.0,-1
"F[1,2](((age <= 17.403 & SMBGperDayPtMeterCombo >= 0.355) | HbA1cImputeDtMnC >= 2.047) | BldPrSys <= 3.017)
",-9999999.000,-9999999.000,0.000,0.000,1.000,0,0,0,4,4,0,0,4,0.0,0.0,0.0,0.0,0.0,1.0,-1
"F[2,2](BldPrDia >= 57.199 -> LDL <= 108.992)
",-108.992,-108.992,0.000,0.000,1.000,0,0,0,4,4,0,0,4,0.0,0.0,0.0,0.0,0.0,1.0,-1
"F[0,2]((BldPrSys <= 137.409 & Pt_FatherT1D >= 0.000) -> Pt_A1cGoalLev >= 0.000)
",-9999999.000,-9999999.000,0.000,0.000,1.000,0,0,0,4,4,0,0,4,0.0,0.0,0.0,0.0,0.0,1.0,-1
"F[1,1](((age <= 17.435 -> AutonomicNeuroCl >= 0.000) | TotalDailyInsPerKg <= 0.000) -> Pt_SiblingT1D <= 0.000)
",0.000,0.000,0.000,0.000,1.000,0,0,0,4,4,0,0,4,0.0,0.0,0.0,0.0,0.0,1.0,-1
"F[1,1](((Pt_ChildT1D >= 0.000 | BUN >= 0.736) & BldPrDia <= 15.206) -> HeightCm >= 3.591)
",0.000,0.000,0.000,0.000,1.000,0,0,0,4,4,0,0,4,0.0,0.0,0.0,0.0,0.0,1.0,-1
"F[0,2](((Pt_DKAFlg >= 0.000 -> bmiPerc >= 0.634) -> BldPrSys >= 0.560) | Pt_InsGov >= 0.637)
",-9999999.000,-9999999.000,0.000,0.000,1.000,0,0,0,4,4,0,0,4,0.0,0.0,0.0,0.0,0.0,1.0,-1
"F[0,1](Pt_A1cGoalLevelDsYr5 <= 0.000 | BldPrSys <= 133.585)
",-9999999.000,-9999999.000,0.000,0.000,1.000,0,0,0,4,4,0,0,4,0.0,0.0,0.0,0.0,0.0,1.0,-1
"F[1,2](age >= 13.921 | BGTestAvgNumPtRep <= 4.981)
",-9999999.000,-9999999.000,0.000,0.000,1.000,0,0,0,4,4,0,0,4,0.0,0.0,0.0,0.0,0.0,1.0,-1
"F[0,2]((WeightKg >= 46.559 & BldPrDia <= 68.294) -> diabDur <= 69.346)
",-9999999.000,-9999999.000,0.000,0.000,1.000,0,0,0,4,4,0,0,4,0.0,0.0,0.0,0.0,0.0,1.0,-1
"F[1,2](((BldPrDia <= 65.049 -> bmiZscore >= 0.513) -> Pt_A1cGoalLevelDsYr5 <= 0.948) & UnitsInsBasalOrLongAct <= 1.218)
",-9999999.000,-9999999.000,0.000,0.000,1.000,0,0,0,4,4,0,0,4,0.0,0.0,0.0,0.0,0.0,1.0,-1
"F[1,2](((BGTestAvgNumPtRep <= 3.910 & HDL >= 11.460) -> age <= 33.620) -> Pt_ChildT1D >= 13.587)
",-9999999.000,-9999999.000,0.000,0.000,1.000,0,0,0,4,4,0,0,4,0.0,0.0,0.0,0.0,0.0,1.0,-1
"F[1,2](WeightKg >= 62.176 | AutonomicNeuroCl >= 0.000)
",-9999999.000,-9999999.000,0.000,0.000,1.000,0,0,0,4,4,0,0,4,0.0,0.0,0.0,0.0,0.0,1.0,-1
"F[0,1]((TotalDailyInsPerKg <= 0.753 -> AutonomicNeuroCl <= 0.000) & LDL >= 0.000)
",-9999999.000,-9999999.000,0.000,0.000,1.000,0,0,0,4,4,0,0,4,0.0,0.0,0.0,0.0,0.0,1.0,-1
"F[1,1](Pt_SiblingT1D >= 0.000 | BGTestAvgNumMeter >= 0.978)
",0.000,0.000,0.000,0.000,1.000,0,0,0,4,4,0,0,4,0.0,0.0,0.0,0.0,0.0,1.0,-1
"F[2,2](((SMBGperDayPtMeterCombo <= 2.942 & Pt_A1cGoalLev <= 9.256) -> BGTestAvgNumPtRep >= 0.043) & Pt_CGMUseNumDays >= 0.894)
",-2.942,-2.942,0.000,0.000,1.000,0,0,0,4,4,0,0,4,0.0,0.0,0.0,0.0,0.0,1.0,-1
"F[0,1](((age <= 18.515 | bmiPerc <= 0.934) -> Pt_MotherT1D >= 0.588) -> NumPumpBolusOrShortAct >= 0.632)
",-9999999.000,-9999999.000,0.000,0.000,1.000,0,0,0,4,4,0,0,4,0.0,0.0,0.0,0.0,0.0,1.0,-1
"F[0,2](Pt_MotherT1D >= 0.000 & BUN <= 16.486)
",-9999999.000,-9999999.000,0.000,0.000,1.000,0,0,0,4,4,0,0,4,0.0,0.0,0.0,0.0,0.0,1.0,-1
"F[2,2]((age <= 16.900 -> HDL <= 28.977) & NumPumpBolusOrShortAct >= 11.219)
",-28.977,-28.977,0.000,0.000,1.000,0,0,0,4,4,0,0,4,0.0,0.0,0.0,0.0,0.0,1.0,-1
"F[0,1](HbA1cImputeDtMnC <= 45.754 | HDL <= 32.866)
",-9999999.000,-9999999.000,0.000,0.000,1.000,0,0,0,4,4,0,0,4,0.0,0.0,0.0,0.0,0.0,1.0,-1
"F[0,2]((BldPrDia >= 57.522 | Pt_ChildT1D >= 0.000) -> SMBGperDayPtMeterCombo >= 0.000)
",-9999999.000,-9999999.000,0.000,0.000,1.000,0,0,0,4,4,0,0,4,0.0,0.0,0.0,0.0,0.0,1.0,-1
"F[0,2](age <= 18.660 -> bmi <= 25.151)
",-9999999.000,-9999999.000,0.000,0.000,1.000,0,0,0,4,4,0,0,4,0.0,0.0,0.0,0.0,0.0,1.0,-1
"F[0,1](BldPrDia <= 67.777 & NumPumpBolusOrShortAct >= 0.558)
",-9999999.000,-9999999.000,0.000,0.000,1.000,0,0,0,4,4,0,0,4,0.0,0.0,0.0,0.0,0.0,1.0,-1
"F[0,1](((TotalDailyInsPerKg <= 0.790 | diabDur <= 5.731) -> Pt_A1cGoalLevelDsYr5 <= 5.320) -> WeightKg >= 2.494)
",-9999999.000,-9999999.000,0.000,0.000,1.000,0,0,0,4,4,0,0,4,0.0,0.0,0.0,0.0,0.0,1.0,-1
"F[0,1](((UnitsInsBasalOrLongAct <= 26.748 -> BUN >= 5.130) -> TSH <= 9.371) & Pt_CGMUseNumDays <= 6.748)
",-9999999.000,-9999999.000,0.000,0.000,1.000,0,0,0,4,4,0,0,4,0.0,0.0,0.0,0.0,0.0,1.0,-1
"F[1,2](TSH >= 3.454 -> BldPrSys >= 94.138)
",-9999999.000,-9999999.000,0.000,0.000,1.000,0,0,0,4,4,0,0,4,0.0,0.0,0.0,0.0,0.0,1.0,-1
"F[1,1]((Pt_SHFlg >= 0.000 & BGTestAvgNumMeter <= 3.616) | WeightKg >= 1.773)
",0.000,0.000,0.000,0.000,1.000,0,0,0,4,4,0,0,4,0.0,0.0,0.0,0.0,0.0,1.0,-1
"F[1,2](((TSH <= 9.251 & HeightCm >= 148.753) | Pt_A1cGoalLev >= 154.423) & Pt_MotherT1D <= 163.632)
",-9999999.000,-9999999.000,0.000,0.000,1.000,0,0,0,4,4,0,0,4,0.0,0.0,0.0,0.0,0.0,1.0,-1
"F[2,2](((HDL >= 3.148 & bmiZscore <= 1.009) | Pt_A1cGoalLev >= 0.822) | Pt_CGMUseNumDays >= 0.483)
",-0.483,-0.483,0.000,0.000,1.000,0,0,0,4,4,0,0,4,0.0,0.0,0.0,0.0,0.0,1.0,-1
"((NumPumpBolusOrShortAct <= 5.944) U[1,2] (age <= 16.734))
",-9999999.000,-9999999.000,0.000,0.000,1.000,0,0,0,4,4,0,0,4,0.0,0.0,0.0,0.0,0.0,1.0,-1
"F[0,2](WeightKg <= 65.298 & TSH >= 0.419)
",-9999999.000,-9999999.000,0.000,0.000,1.000,0,0,0,4,4,0,0,4,0.0,0.0,0.0,0.0,0.0,1.0,-1
"F[0,1]((HbA1c <= 11.733 & NumPumpBolusOrShortAct >= 2.216) -> Pt_FatherT1D <= 3.731)
",-9999999.000,-9999999.000,0.000,0.000,1.000,0,0,0,4,4,0,0,4,0.0,0.0,0.0,0.0,0.0,1.0,-1
"F[1,1](((BGTestAvgNumPtRep >= 0.036 | bmiZscore >= 0.684) & NumPumpBolusOrShortAct >= 0.637) -> WeightKg >= 0.737)
",0.637,0.637,0.000,0.000,1.000,0,0,0,4,4,0,0,4,0.0,0.0,0.0,0.0,0.0,1.0,-1
"F[2,2](((Pt_GrandchildT1D >= 0.000 & Pt_DKAFlg >= 0.000) & BUN <= 0.000) -> WeightKg <= 0.000)
",0.000,0.000,0.000,0.000,1.000,0,0,0,4,4,0,0,4,0.0,0.0,0.0,0.0,0.0,1.0,-1
"F[2,2](((NumPumpBolusOrShortAct >= 1.393 & Pt_A1cGoalLevelDsYr5 >= 0.000) & Pt_A1cGoalLev >= 0.000) & Pt_FatherT1D >= 0.000)
",-1.393,-1.393,0.000,0.000,1.000,0,0,0,4,4,0,0,4,0.0,0.0,0.0,0.0,0.0,1.0,-1
"F[2,2](((Pt_DKAFlg >= 0.000 | Pt_FatherT1D >= 0.000) | GFR <= 0.000) | SMBGperDayPtMeterCombo >= 0.000)
",0.000,0.000,0.000,0.000,1.000,0,0,0,4,4,0,0,4,0.0,0.0,0.0,0.0,0.0,1.0,-1
"((bmi >= 20.818) U[0,1] (BldPrDia <= 67.333))
",-9999999.000,-9999999.000,0.000,0.000,1.000,0,0,0,4,4,0,0,4,0.0,0.0,0.0,0.0,0.0,1.0,-1
"F[0,0]((Pt_GrandchildT1D >= 0.000 | diagAgeCombo >= 12.000) | NumPumpBolusOrShortAct >= 12.000)
",0.000,0.000,0.000,0.000,1.000,0,0,0,4,4,0,0,4,0.0,0.0,0.0,0.0,0.0,1.0,-1
"F[1,2]((TSH <= 7.137 -> GFR <= 0.000) | bmiZscore >= 0.000)
",-9999999.000,-9999999.000,0.000,0.000,1.000,0,0,0,4,4,0,0,4,0.0,0.0,0.0,0.0,0.0,1.0,-1
"F[0,1]((bmiPerc >= 0.556 & bmi <= 24.546) -> Pt_CGMUseNumDays >= 22.233)
",-9999999.000,-9999999.000,0.000,0.000,1.000,0,0,0,4,4,0,0,4,0.0,0.0,0.0,0.0,0.0,1.0,-1
"F[0,0](((Pt_A1cGoalLev <= 2.493 & HbA1c <= 11.057) -> AutonomicNeuroCl >= 9.104) -> Pt_SiblingT1D <= 11.746)
",-11.746,-11.746,0.000,0.000,1.000,0,0,0,4,4,0,0,4,0.0,0.0,0.0,0.0,0.0,1.0,-1
"F[0,2]((Pt_GrandchildT1D >= 0.000 | age >= 13.183) & Pt_A1cGoalLevelDsYr5 <= 18.798)
",-9999999.000,-9999999.000,0.000,0.000,1.000,0,0,0,4,4,0,0,4,0.0,0.0,0.0,0.0,0.0,1.0,-1
"F[0,0]((bmiPerc <= 0.873 -> Pt_A1cGoalLev <= 8.248) | AutonomicNeuroCl >= 0.510)
",12.387,10.290,0.000,0.000,1.000,0,0,0,4,4,0,0,4,0.0,0.0,0.0,0.0,0.0,1.0,-1
"F[1,2](WeightKg >= 52.370 | BGTestAvgNumPtRep <= 4.182)
",-9999999.000,-9999999.000,0.000,0.000,1.000,0,0,0,4,4,0,0,4,0.0,0.0,0.0,0.0,0.0,1.0,-1
"F[0,2](((Pt_DKAFlg <= 0.000 & HeightCm <= 164.176) & HeightCm >= 150.396) & HbA1c <= 163.585)
",-9999999.000,-9999999.000,0.000,0.000,1.000,0,0,0,4,4,0,0,4,0.0,0.0,0.0,0.0,0.0,1.0,-1
"F[0,2](((Pt_DKAFlg <= 0.000 | TSH <= 7.404) | Pt_InsGov <= 7.904) | AlbCreatRat_mggNew <= 9.583)
",-9999999.000,-9999999.000,0.000,0.000,1.000,0,0,0,4,4,0,0,4,0.0,0.0,0.0,0.0,0.0,1.0,-1
"F[2,2](((HbA1cImputeDtMnC <= 50.626 | HeightCm <= 162.717) & BGTestAvgNumPtRep >= 151.436) -> Pt_DKAFlg <= 162.198)
",-162.198,-162.198,0.000,0.000,1.000,0,0,0,4,4,0,0,4,0.0,0.0,0.0,0.0,0.0,1.0,-1
"((bmi >= 21.381) U[0,0] (NumPumpBolusOrShortAct <= 4.590))
",10.024,4.340,0.000,0.000,1.000,0,0,0,4,4,0,0,4,0.0,0.0,0.0,0.0,0.0,1.0,-1
"F[0,2](((bmi >= 21.699 -> BUN >= 5.064) & Pt_A1cGoalLevelDsYr5 <= 13.797) | TSH >= 4.864)
",-9999999.000,-9999999.000,0.000,0.000,1.000,0,0,0,4,4,0,0,4,0.0,0.0,0.0,0.0,0.0,1.0,-1
"F[1,2]((HbA1c >= 9.425 & WeightKg <= 69.563) | Pt_GrandparentT1D <= 70.689)
",-9999999.000,-9999999.000,0.000,0.000,1.000,0,0,0,4,4,0,0,4,0.0,0.0,0.0,0.0,0.0,1.0,-1
"F[0,1](((HbA1c <= 10.554 & Pt_InsGov <= 0.781) | NumPumpBolusOrShortAct >= 0.087) -> Pt_MotherT1D <= 0.653)
",-9999999.000,-9999999.000,0.000,0.000,1.000,0,0,0,4,4,0,0,4,0.0,0.0,0.0,0.0,0.0,1.0,-1
"F[0,2]((AlbCreatRat_mggNew >= 3.401 -> bmi >= 21.152) & WeightKg <= 24.207)
",-9999999.000,-9999999.000,0.000,0.000,1.000,0,0,0,4,4,0,0,4,0.0,0.0,0.0,0.0,0.0,1.0,-1
"F[0,1]((NumPumpBolusOrShortAct >= 2.470 -> Triglyc >= 53.212) & HbA1c <= 285.456)
",-9999999.000,-9999999.000,0.000,0.000,1.000,0,0,0,4,4,0,0,4,0.0,0.0,0.0,0.0,0.0,1.0,-1
"F[1,2](AlbCreatRat_mggNew >= 3.293 -> UnitsInsBasalOrLongAct <= 29.490)
",-9999999.000,-9999999.000,0.000,0.000,1.000,0,0,0,4,4,0,0,4,0.0,0.0,0.0,0.0,0.0,1.0,-1
"F[1,2](((Pt_InsGov >= 0.037 -> TotChol <= 149.490) & SMBGperDayPtMeterCombo <= 94.589) & Pt_ChildT1D <= 140.932)
",-9999999.000,-9999999.000,0.000,0.000,1.000,0,0,0,4,4,0,0,4,0.0,0.0,0.0,0.0,0.0,1.0,-1
"((BldPrSys <= 126.557) U[1,2] (HbA1cImputeDtMnC <= 75.734))
",-9999999.000,-9999999.000,0.000,0.000,1.000,0,0,0,4,4,0,0,4,0.0,0.0,0.0,0.0,0.0,1.0,-1
"((bmiZscore <= 1.257) U[1,1] (HbA1c >= 9.102))
",1.257,1.257,0.000,0.000,1.000,0,0,0,4,4,0,0,4,0.0,0.0,0.0,0.0,0.0,1.0,-1
"F[1,2](bmiPerc <= 0.915 & TotChol >= 16.358)
",-9999999.000,-9999999.000,0.000,0.000,1.000,0,0,0,4,4,0,0,4,0.0,0.0,0.0,0.0,0.0,1.0,-1
"F[0,1]((BGTestAvgNumMeter >= 0.015 & UnitsInsBasalOrLongAct <= 31.547) | SMBGperDayPtMeterCombo <= 32.612)
",-9999999.000,-9999999.000,0.000,0.000,1.000,0,0,0,4,4,0,0,4,0.0,0.0,0.0,0.0,0.0,1.0,-1
"F[0,0]((bmiZscore <= 1.321 -> Triglyc <= 377.435) | Pt_A1cGoalLevelDsYr5 <= 257.632)
",58.920,255.132,0.000,0.000,1.000,0,0,0,4,4,0,0,4,0.0,0.0,0.0,0.0,0.0,1.0,-1
"F[0,2](((bmiZscore >= 0.340 -> TSH <= 5.776) & Pt_DKAFlg <= 9.429) & AlbCreatRat_mggNew <= 6.089)
",-9999999.000,-9999999.000,0.000,0.000,1.000,0,0,0,4,4,0,0,4,0.0,0.0,0.0,0.0,0.0,1.0,-1
"((Pt_A1cGoalLev >= 1.008) U[0,2] (WeightKg >= 49.188))
",-9999999.000,-9999999.000,0.000,0.000,1.000,0,0,0,4,4,0,0,4,0.0,0.0,0.0,0.0,0.0,1.0,-1
"F[0,1]((diabDur <= 6.063 -> NumPumpBolusOrShortAct >= 2.080) -> Pt_A1cGoalLev <= 4.723)
",-9999999.000,-9999999.000,0.000,0.000,1.000,0,0,0,4,4,0,0,4,0.0,0.0,0.0,0.0,0.0,1.0,-1
"F[0,2]((HeightCm >= 150.301 -> Triglyc <= 237.328) | Pt_A1cGoalLevelDsYr5 >= 101.405)
",-9999999.000,-9999999.000,0.000,0.000,1.000,0,0,0,4,4,0,0,4,0.0,0.0,0.0,0.0,0.0,1.0,-1
"F[1,2](bmi <= 26.761 | Pt_A1cGoalLev <= 6.953)
",-9999999.000,-9999999.000,0.000,0.000,1.000,0,0,0,4,4,0,0,4,0.0,0.0,0.0,0.0,0.0,1.0,-1
"F[0,1](LDL >= 42.192 | Pt_InsGov <= 0.295)
",-9999999.000,-9999999.000,0.000,0.000,1.000,0,0,0,4,4,0,0,4,0.0,0.0,0.0,0.0,0.0,1.0,-1
"F[1,2](((bmiPerc <= 0.899 -> HbA1cImputeDtMnC >= 34.120) & Pt_GrandchildT1D >= 16.852) | bmiPerc >= 9.179)
",-9999999.000,-9999999.000,0.000,0.000,1.000,0,0,0,4,4,0,0,4,0.0,0.0,0.0,0.0,0.0,1.0,-1
"F[2,2](((bmiPerc <= 0.842 | Triglyc <= 310.037) -> Pt_SiblingT1D <= 407.443) | bmiZscore <= 233.587)
",233.587,233.587,0.000,0.000,1.000,0,0,0,4,4,0,0,4,0.0,0.0,0.0,0.0,0.0,1.0,-1
"F[0,2]((BldPrSys >= 98.919 -> HbA1c >= 9.188) & bmiPerc >= 9.498)
",-9999999.000,-9999999.000,0.000,0.000,1.000,0,0,0,4,4,0,0,4,0.0,0.0,0.0,0.0,0.0,1.0,-1
"F[0,2]((BldPrDia >= 60.551 & TSH >= 1.262) | bmiPerc <= 6.783)
",-9999999.000,-9999999.000,0.000,0.000,1.000,0,0,0,4,4,0,0,4,0.0,0.0,0.0,0.0,0.0,1.0,-1
"F[0,1](((TotChol >= 5.032 & Triglyc <= 213.275) & Pt_A1cGoalLev <= 221.861) -> Triglyc >= 55.548)
",-9999999.000,-9999999.000,0.000,0.000,1.000,0,0,0,4,4,0,0,4,0.0,0.0,0.0,0.0,0.0,1.0,-1
"((HeightCm <= 163.448) U[0,1] (LDL <= 104.032))
",-9999999.000,-9999999.000,0.000,0.000,1.000,0,0,0,4,4,0,0,4,0.0,0.0,0.0,0.0,0.0,1.0,-1
"((bmiZscore <= 1.256) U[2,2] (BUN >= 1.068))
",1.256,1.256,0.000,0.000,1.000,0,0,0,4,4,0,0,4,0.0,0.0,0.0,0.0,0.0,1.0,-1
"((age <= 18.246) U[0,2] (bmi >= 19.840))
",-9999999.000,-9999999.000,0.000,0.000,1.000,0,0,0,4,4,0,0,4,0.0,0.0,0.0,0.0,0.0,1.0,-1
"F[0,2](BldPrSys <= 144.157 | TotalDailyInsPerKg >= 0.476)
",-9999999.000,-9999999.000,0.000,0.000,1.000,0,0,0,4,4,0,0,4,0.0,0.0,0.0,0.0,0.0,1.0,-1
"F[1,2]((bmi >= 21.939 & LDL <= 79.808) & WeightKg >= 53.970)
",-9999999.000,-9999999.000,0.000,0.000,1.000,0,0,0,4,4,0,0,4,0.0,0.0,0.0,0.0,0.0,1.0,-1
"F[0,2](((BGTestAvgNumMeter <= 3.137 -> BGTestAvgNumPtRep <= 4.516) -> WeightKg >= 2.559) & Pt_DKAFlg >= 1.274)
",-9999999.000,-9999999.000,0.000,0.000,1.000,0,0,0,4,4,0,0,4,0.0,0.0,0.0,0.0,0.0,1.0,-1
"F[0,1]((TotalDailyInsPerKg <= 0.671 | Triglyc <= 223.422) | Pt_A1cGoalLev >= 103.077)
",-9999999.000,-9999999.000,0.000,0.000,1.000,0,0,0,4,4,0,0,4,0.0,0.0,0.0,0.0,0.0,1.0,-1
"((BldPrDia <= 62.140) U[0,2] (UnitsInsBasalOrLongAct <= 24.418))
",-9999999.000,-9999999.000,0.000,0.000,1.000,0,0,0,4,4,0,0,4,0.0,0.0,0.0,0.0,0.0,1.0,-1
"F[0,2]((BGTestAvgNumPtRep >= 1.168 | HeightCm >= 160.808) -> Pt_FatherT1D >= 160.483)
",-9999999.000,-9999999.000,0.000,0.000,1.000,0,0,0,4,4,0,0,4,0.0,0.0,0.0,0.0,0.0,1.0,-1
"F[0,2]((bmiZscore >= 0.272 | Pt_InsGov >= 0.148) | HeightCm >= 0.003)
",-9999999.000,-9999999.000,0.000,0.000,1.000,0,0,0,4,4,0,0,4,0.0,0.0,0.0,0.0,0.0,1.0,-1
"F[1,2]((bmi >= 21.030 & TotChol >= 49.233) | HbA1c >= 45.054)
",-9999999.000,-9999999.000,0.000,0.000,1.000,0,0,0,4,4,0,0,4,0.0,0.0,0.0,0.0,0.0,1.0,-1
"F[2,2](BUN >= 3.991 | TotalDailyInsPerKg >= 0.566)
",-0.566,-0.566,0.000,0.000,1.000,0,0,0,4,4,0,0,4,0.0,0.0,0.0,0.0,0.0,1.0,-1
"F[0,1](AlbCreatRat_mggNew >= 4.527 -> BldPrSys >= 110.474)
",-9999999.000,-9999999.000,0.000,0.000,1.000,0,0,0,4,4,0,0,4,0.0,0.0,0.0,0.0,0.0,1.0,-1
"F[1,1](((age <= 17.116 -> BGTestAvgNumPtRep >= 1.626) | Pt_SiblingT1D >= 1.165) | BldPrDia <= 4.919)
",4.919,4.919,0.000,0.000,1.000,0,0,0,4,4,0,0,4,0.0,0.0,0.0,0.0,0.0,1.0,-1
"F[1,2]((Pt_InsGov <= 0.813 & SMBGperDayPtMeterCombo >= 0.817) -> HbA1c >= 1.137)
",-9999999.000,-9999999.000,0.000,0.000,1.000,0,0,0,4,4,0,0,4,0.0,0.0,0.0,0.0,0.0,1.0,-1
"F[2,2](BldPrDia <= 64.971 -> Pt_A1cGoalLev >= 0.855)
",-64.971,-64.971,0.000,0.000,1.000,0,0,0,4,4,0,0,4,0.0,0.0,0.0,0.0,0.0,1.0,-1
"F[0,2](((age <= 16.574 & UnitsInsBasalOrLongAct >= 2.947) -> bmi >= 7.806) | Pt_MotherT1D <= 27.767)
",-9999999.000,-9999999.000,0.000,0.000,1.000,0,0,0,4,4,0,0,4,0.0,0.0,0.0,0.0,0.0,1.0,-1
"F[1,2](BldPrDia <= 65.928 | HeightCm >= 148.986)
",-9999999.000,-9999999.000,0.000,0.000,1.000,0,0,0,4,4,0,0,4,0.0,0.0,0.0,0.0,0.0,1.0,-1
"F[1,2](BldPrSys >= 113.701 -> HDL <= 30.473)
",-9999999.000,-9999999.000,0.000,0.000,1.000,0,0,0,4,4,0,0,4,0.0,0.0,0.0,0.0,0.0,1.0,-1
"F[0,2](HbA1cImputeDtMnC <= 73.445 & UnitsInsBasalOrLongAct >= 13.797)
",-9999999.000,-9999999.000,0.000,0.000,1.000,0,0,0,4,4,0,0,4,0.0,0.0,0.0,0.0,0.0,1.0,-1
"F[0,0]((BGTestAvgNumPtRep <= 4.477 -> HbA1cImputeDtMnC >= 1.783) & TotalDailyInsPerKg >= -0.927)
",-2.484,-3.227,0.000,0.000,1.000,0,0,0,4,4,0,0,4,0.0,0.0,0.0,0.0,0.0,1.0,-1
"F[1,2](((AlbCreatRat_mggNew <= 7.863 -> TotChol >= 21.689) -> Pt_CGMUseNumDays >= 68.012) | BUN >= 11.485)
",-9999999.000,-9999999.000,0.000,0.000,1.000,0,0,0,4,4,0,0,4,0.0,0.0,0.0,0.0,0.0,1.0,-1
"((BldPrSys <= 128.666) U[0,2] (BUN >= 5.110))
",-9999999.000,-9999999.000,0.000,0.000,1.000,0,0,0,4,4,0,0,4,0.0,0.0,0.0,0.0,0.0,1.0,-1
"F[0,2](diabDur >= 0.773 | UnitsInsBasalOrLongAct >= 17.922)
",-9999999.000,-9999999.000,0.000,0.000,1.000,0,0,0,4,4,0,0,4,0.0,0.0,0.0,0.0,0.0,1.0,-1
"F[0,0]((BUN >= 5.959 & UnitsInsBasalOrLongAct <= 31.852) -> NumPumpBolusOrShortAct <= 22.971)
",-6.828,-25.437,0.000,0.000,1.000,0,0,0,4,4,0,0,4,0.0,0.0,0.0,0.0,0.0,1.0,-1
"F[1,1](((AlbCreatRat_mggNew <= 6.677 | TSH >= 3.722) | NumPumpBolusOrShortAct <= 10.685) | BGTestAvgNumPtRep <= 9.439)
",10.685,10.685,0.000,0.000,1.000,0,0,0,4,4,0,0,4,0.0,0.0,0.0,0.0,0.0,1.0,-1
"F[2,2](Pt_A1cGoalLev <= 4.854 -> UnitsInsBasalOrLongAct >= 16.232)
",-4.854,-4.854,0.000,0.000,1.000,0,0,0,4,4,0,0,4,0.0,0.0,0.0,0.0,0.0,1.0,-1
"((BUN <= 10.466) U[0,2] (SMBGperDayPtMeterCombo <= 2.246))
",-9999999.000,-9999999.000,0.000,0.000,1.000,0,0,0,4,4,0,0,4,0.0,0.0,0.0,0.0,0.0,1.0,-1
"F[1,2](((BUN >= 0.314 & HbA1c >= 9.057) | Pt_FatherT1D >= 9.741) & TotChol <= 10.416)
",-9999999.000,-9999999.000,0.000,0.000,1.000,0,0,0,4,4,0,0,4,0.0,0.0,0.0,0.0,0.0,1.0,-1
"F[0,1](((BGTestAvgNumPtRep >= 0.837 -> bmi <= 26.861) | Pt_ChildT1D <= 25.120) -> Pt_FatherT1D <= 26.496)
",-9999999.000,-9999999.000,0.000,0.000,1.000,0,0,0,4,4,0,0,4,0.0,0.0,0.0,0.0,0.0,1.0,-1
"F[0,2](((Pt_A1cGoalLev <= 3.877 & TSH <= 5.039) & Triglyc >= 3.852) -> NumPumpBolusOrShortAct >= 0.054)
",-9999999.000,-9999999.000,0.000,0.000,1.000,0,0,0,4,4,0,0,4,0.0,0.0,0.0,0.0,0.0,1.0,-1
"F[0,1]((age >= 14.305 | Pt_InsGov >= 0.041) | DirectLDL <= 0.988)
",-9999999.000,-9999999.000,0.000,0.000,1.000,0,0,0,4,4,0,0,4,0.0,0.0,0.0,0.0,0.0,1.0,-1
"F[1,2](GFR < 0.000 & Pt_SHFlg = 0.000)
",-9999999.000,-9999999.000,0.000,0.000,1.000,0,0,0,4,4,0,0,4,0.0,0.0,0.0,0.0,0.0,1.0,-1
"F[0,1](HbA1c >= 9.829 -> Pt_A1cGoalLevelDsYr5 = 0.000)
",-9999999.000,-9999999.000,0.000,0.000,1.000,0,0,0,4,4,0,0,4,0.0,0.0,0.0,0.0,0.0,1.0,-1
"((BGTestAvgNumMeter >= 1.295) U[0,2] (BGTestAvgNumPtRep <= 4.089))
",-9999999.000,-9999999.000,0.000,0.000,1.000,0,0,0,4,4,0,0,4,0.0,0.0,0.0,0.0,0.0,1.0,-1
"F[1,2](HbA1c >= 8.149 -> Pt_A1cGoalLevelDsYr5 = 0.000)
",-9999999.000,-9999999.000,0.000,0.000,1.000,0,0,0,4,4,0,0,4,0.0,0.0,0.0,0.0,0.0,1.0,-1
"((BGTestAvgNumMeter >= 1.685) U[0,2] (BGTestAvgNumPtRep <= 2.930))
",-9999999.000,-9999999.000,0.000,0.000,1.000,0,0,0,4,4,0,0,4,0.0,0.0,0.0,0.0,0.0,1.0,-1
"F[0,2](HbA1c >= 9.729 -> Pt_A1cGoalLevelDsYr5 = 0.000)
",-9999999.000,-9999999.000,0.000,0.000,1.000,0,0,0,4,4,0,0,4,0.0,0.0,0.0,0.0,0.0,1.0,-1
"((BGTestAvgNumMeter >= 1.692) U[2,2] (BGTestAvgNumPtRep <= 3.503))
",3.503,3.503,0.000,0.000,1.000,0,0,0,4,4,0,0,4,0.0,0.0,0.0,0.0,0.0,1.0,-1
"F[1,2](HbA1c >= 8.942 -> Pt_A1cGoalLevelDsYr5 = 0.000)
",-9999999.000,-9999999.000,0.000,0.000,1.000,0,0,0,4,4,0,0,4,0.0,0.0,0.0,0.0,0.0,1.0,-1
"F[1,2](HbA1c >= 10.083 -> Pt_A1cGoalLevelDsYr5 = 0.000)
",-9999999.000,-9999999.000,0.000,0.000,1.000,0,0,0,4,4,0,0,4,0.0,0.0,0.0,0.0,0.0,1.0,-1
"F[2,2](HbA1c >= 10.047 -> Pt_A1cGoalLevelDsYr5 = 0.000)
",0.000,0.000,0.000,0.000,1.000,0,0,0,4,4,0,0,4,0.0,0.0,0.0,0.0,0.0,1.0,-1
"((BGTestAvgNumMeter >= 0.935) U[0,2] (BGTestAvgNumPtRep <= 3.214))
",-9999999.000,-9999999.000,0.000,0.000,1.000,0,0,0,4,4,0,0,4,0.0,0.0,0.0,0.0,0.0,1.0,-1
"F[0,2](HbA1c >= 8.467 -> Pt_A1cGoalLevelDsYr5 = 0.000)
",-9999999.000,-9999999.000,0.000,0.000,1.000,0,0,0,4,4,0,0,4,0.0,0.0,0.0,0.0,0.0,1.0,-1
"F[1,2](HbA1c >= 10.041 -> Pt_A1cGoalLevelDsYr5 = 0.000)
",-9999999.000,-9999999.000,0.000,0.000,1.000,0,0,0,4,4,0,0,4,0.0,0.0,0.0,0.0,0.0,1.0,-1
"((BGTestAvgNumMeter >= 1.010) U[2,2] (BGTestAvgNumPtRep <= 3.602))
",3.602,3.602,0.000,0.000,1.000,0,0,0,4,4,0,0,4,0.0,0.0,0.0,0.0,0.0,1.0,-1
"F[1,2](HbA1c >= 9.756 -> Pt_A1cGoalLevelDsYr5 = 0.000)
",-9999999.000,-9999999.000,0.000,0.000,1.000,0,0,0,4,4,0,0,4,0.0,0.0,0.0,0.0,0.0,1.0,-1
"F[2,2](Pt_GrandchildT1D > 0.000 & Pt_SHFlg = 0.000)
",0.000,0.000,0.000,0.000,1.000,0,0,0,4,4,0,0,4,0.0,0.0,0.0,0.0,0.0,1.0,-1
"F[0,1](Pt_CGMUseNumDays > 0.000 -> Pt_SHFlg = 0.000)
",-9999999.000,-9999999.000,0.000,0.000,1.000,0,0,0,4,4,0,0,4,0.0,0.0,0.0,0.0,0.0,1.0,-1
"((NumPumpBolusOrShortAct > 1.158) U[0,0] (Pt_SHFlg = 0.000))
",-2.097,-0.908,0.000,0.000,1.000,0,0,0,4,4,0,0,4,0.0,0.0,0.0,0.0,0.0,1.0,-1
"((TotalDailyInsPerKg > 0.306) U[0,2] (Pt_SHFlg = 0.000))
",-9999999.000,-9999999.000,0.000,0.000,1.000,0,0,0,4,4,0,0,4,0.0,0.0,0.0,0.0,0.0,1.0,-1
"F[1,2](AlbCreatRat_mggNew <= 6.541 | HeightCm <= 164.844)
",-9999999.000,-9999999.000,0.000,0.000,1.000,0,0,0,4,4,0,0,4,0.0,0.0,0.0,0.0,0.0,1.0,-1
"F[2,2](BldPrDia <= 66.012 & diabDur >= 3.902)
",-3.902,-3.902,0.000,0.000,1.000,0,0,0,4,4,0,0,4,0.0,0.0,0.0,0.0,0.0,1.0,-1
"F[0,2]((BldPrDia >= 58.642 -> HbA1cImputeDtMnC >= 25.690) & HDL <= 50.905)
",-9999999.000,-9999999.000,0.000,0.000,1.000,0,0,0,4,4,0,0,4,0.0,0.0,0.0,0.0,0.0,1.0,-1
"F[0,0](((AlbCreatRat_mggNew <= 4.798 -> HbA1c <= 11.459) | HbA1c <= 10.669) | Pt_InsGov <= 11.404)
",11.404,11.404,0.000,0.000,1.000,0,0,0,4,4,0,0,4,0.0,0.0,0.0,0.0,0.0,1.0,-1
"F[0,2](bmi >= 22.869 | UnitsInsBasalOrLongAct >= 8.719)
",-9999999.000,-9999999.000,0.000,0.000,1.000,0,0,0,4,4,0,0,4,0.0,0.0,0.0,0.0,0.0,1.0,-1
"((BGTestAvgNumMeter >= 1.890) U[2,2] (BGTestAvgNumPtRep <= 4.859))
",4.859,4.859,0.000,0.000,1.000,0,0,0,4,4,0,0,4,0.0,0.0,0.0,0.0,0.0,1.0,-1
"((SMBGperDayPtMeterCombo <= 2.806) U[0,1] (Pt_SHFlg = 0.000))
",-9999999.000,-9999999.000,0.000,0.000,1.000,0,0,0,4,4,0,0,4,0.0,0.0,0.0,0.0,0.0,1.0,-1
"F[1,2]((diabDur <= 6.230 -> TotChol >= 49.411) & age <= 74.863)
",-9999999.000,-9999999.000,0.000,0.000,1.000,0,0,0,4,4,0,0,4,0.0,0.0,0.0,0.0,0.0,1.0,-1
"F[1,1](HbA1cImputeDtMnC > 13.121 -> Pt_SHFlg = 0.000)
",0.000,0.000,0.000,0.000,1.000,0,0,0,4,4,0,0,4,0.0,0.0,0.0,0.0,0.0,1.0,-1
"F[1,2](((BGTestAvgNumMeter <= 2.596 & bmi <= 26.245) -> BGTestAvgNumPtRep <= 27.238) & HbA1c <= 26.068)
",-9999999.000,-9999999.000,0.000,0.000,1.000,0,0,0,4,4,0,0,4,0.0,0.0,0.0,0.0,0.0,1.0,-1
"F[0,2](((BldPrSys <= 129.449 -> bmi <= 25.017) | BUN <= 25.330) | Pt_GrandparentT1D <= 25.852)
",-9999999.000,-9999999.000,0.000,0.000,1.000,0,0,0,4,4,0,0,4,0.0,0.0,0.0,0.0,0.0,1.0,-1
"F[0,2](Triglyc >= 69.788 | UnitsInsBasalOrLongAct <= 29.011)
",-9999999.000,-9999999.000,0.000,0.000,1.000,0,0,0,4,4,0,0,4,0.0,0.0,0.0,0.0,0.0,1.0,-1
"F[0,1](((HbA1c >= 9.093 & UnitsInsBasalOrLongAct <= 26.284) -> Pt_ChildT1D <= 20.921) & diabDur <= 23.346)
",-9999999.000,-9999999.000,0.000,0.000,1.000,0,0,0,4,4,0,0,4,0.0,0.0,0.0,0.0,0.0,1.0,-1
"F[1,2]((BUN <= 15.491 | TSH >= 2.259) | HbA1cImputeDtMnC >= 1.811)
",-9999999.000,-9999999.000,0.000,0.000,1.000,0,0,0,4,4,0,0,4,0.0,0.0,0.0,0.0,0.0,1.0,-1
"F[2,2]((age <= 18.342 | TSH <= 7.984) -> diabDur >= 4.204)
",-18.342,-18.342,0.000,0.000,1.000,0,0,0,4,4,0,0,4,0.0,0.0,0.0,0.0,0.0,1.0,-1
"((age >= 15.743) U[0,1] (Pt_A1cGoalLev <= 1.646))
",-9999999.000,-9999999.000,0.000,0.000,1.000,0,0,0,4,4,0,0,4,0.0,0.0,0.0,0.0,0.0,1.0,-1
"F[0,2]((BGTestAvgNumPtRep <= 4.571 | Pt_A1cGoalLev >= 1.004) & GFR <= 4.330)
",-9999999.000,-9999999.000,0.000,0.000,1.000,0,0,0,4,4,0,0,4,0.0,0.0,0.0,0.0,0.0,1.0,-1
"F[0,0]((BldPrSys >= 117.379 -> diabDur <= 5.327) & BGTestAvgNumMeter <= 4.482)
",-1.152,-13.668,0.000,0.000,1.000,0,0,0,4,4,0,0,4,0.0,0.0,0.0,0.0,0.0,1.0,-1
"((bmiZscore >= 0.289) U[0,2] (HeightCm >= 157.905))
",-9999999.000,-9999999.000,0.000,0.000,1.000,0,0,0,4,4,0,0,4,0.0,0.0,0.0,0.0,0.0,1.0,-1
"F[0,2](((NumPumpBolusOrShortAct <= 5.443 | UnitsInsBasalOrLongAct <= 24.888) | HeightCm >= 18.900) | GFR >= 18.635)
",-9999999.000,-9999999.000,0.000,0.000,1.000,0,0,0,4,4,0,0,4,0.0,0.0,0.0,0.0,0.0,1.0,-1
"F[1,2]((age >= 14.497 | BldPrDia <= 66.307) -> BldPrDia >= 56.557)
",-9999999.000,-9999999.000,0.000,0.000,1.000,0,0,0,4,4,0,0,4,0.0,0.0,0.0,0.0,0.0,1.0,-1
"F[0,2](BUN >= 5.525 -> Pt_SHFlg = 0.000)
",-9999999.000,-9999999.000,0.000,0.000,1.000,0,0,0,4,4,0,0,4,0.0,0.0,0.0,0.0,0.0,1.0,-1
"((age >= 14.378) U[0,0] (Pt_SHFlg = 0.000))
",-14.378,-14.378,0.000,0.000,1.000,0,0,0,4,4,0,0,4,0.0,0.0,0.0,0.0,0.0,1.0,-1
"F[2,2](bmiZscore < 1.145 & Pt_SHFlg = 0.000)
",0.000,0.000,0.000,0.000,1.000,0,0,0,4,4,0,0,4,0.0,0.0,0.0,0.0,0.0,1.0,-1
"((GFR >= 0.000) U[1,2] (Pt_SHFlg = 0.000))
",-9999999.000,-9999999.000,0.000,0.000,1.000,0,0,0,4,4,0,0,4,0.0,0.0,0.0,0.0,0.0,1.0,-1
"F[1,1](GFR > 0.000 -> Pt_SHFlg = 0.000)
",0.000,0.000,0.000,0.000,1.000,0,0,0,4,4,0,0,4,0.0,0.0,0.0,0.0,0.0,1.0,-1
"((BldPrDia >= 59.780) U[0,1] (Pt_SHFlg = 0.000))
",-9999999.000,-9999999.000,0.000,0.000,1.000,0,0,0,4,4,0,0,4,0.0,0.0,0.0,0.0,0.0,1.0,-1
"((Pt_CGMUseNumDays < 0.000) U[0,1] (Pt_SHFlg = 0.000))
",-9999999.000,-9999999.000,0.000,0.000,1.000,0,0,0,4,4,0,0,4,0.0,0.0,0.0,0.0,0.0,1.0,-1
"F[1,2](Pt_SiblingT1D < 0.000 -> Pt_SHFlg = 0.000)
",-9999999.000,-9999999.000,0.000,0.000,1.000,0,0,0,4,4,0,0,4,0.0,0.0,0.0,0.0,0.0,1.0,-1
"F[1,1](LDL >= 34.999 -> Pt_SHFlg = 0.000)
",0.000,0.000,0.000,0.000,1.000,0,0,0,4,4,0,0,4,0.0,0.0,0.0,0.0,0.0,1.0,-1
"F[0,1](Pt_GrandchildT1D > 0.000 -> Pt_SHFlg = 0.000)
",-9999999.000,-9999999.000,0.000,0.000,1.000,0,0,0,4,4,0,0,4,0.0,0.0,0.0,0.0,0.0,1.0,-1
"F[1,2](TotalDailyInsPerKg > 0.263 & Pt_SHFlg = 0.000)
",-9999999.000,-9999999.000,0.000,0.000,1.000,0,0,0,4,4,0,0,4,0.0,0.0,0.0,0.0,0.0,1.0,-1
"F[0,2](TotalDailyInsPerKg <= 0.918 & BUN <= 16.357)
",-9999999.000,-9999999.000,0.000,0.000,1.000,0,0,0,4,4,0,0,4,0.0,0.0,0.0,0.0,0.0,1.0,-1
"F[1,2]((diagAgeCombo <= 12.000 -> Pt_MotherT1D >= 0.000) & BldPrDia >= 0.000)
",-9999999.000,-9999999.000,0.000,0.000,1.000,0,0,0,4,4,0,0,4,0.0,0.0,0.0,0.0,0.0,1.0,-1
"F[0,2](BGTestAvgNumMeter >= 0.606 -> BGTestAvgNumPtRep >= 1.966)
",-9999999.000,-9999999.000,0.000,0.000,1.000,0,0,0,4,4,0,0,4,0.0,0.0,0.0,0.0,0.0,1.0,-1
"G[2,2](((bmiZscore <= 1.264 -> HbA1cImputeDtMnC >= 23.846) & LDL <= 72.814) & Pt_SHFlg <= 43.997)
",-1.264,-1.264,0.000,1.000,0.000,0,0,4,0,0,4,4,0,0.0,0.0,1.0,0.0,0.0,1.0,1
"G[2,2](((diabDur >= 1.040 -> Pt_A1cGoalLev <= 6.802) -> GFR >= 0.347) | Pt_SiblingT1D >= 0.299)
",0.347,0.347,0.000,1.000,0.000,0,0,4,0,0,4,4,0,0.0,0.0,1.0,0.0,0.0,1.0,1
"G[2,2](((bmiZscore <= 1.433 | HDL <= 31.961) & WeightKg >= 20.988) & Pt_GrandparentT1D <= 33.007)
",-20.988,-20.988,0.000,1.000,0.000,0,0,4,0,0,4,4,0,0.0,0.0,1.0,0.0,0.0,1.0,1
"G[0,2](((BldPrSys <= 122.175 -> HeightCm <= 163.517) | HeightCm <= 163.051) -> Pt_A1cGoalLevelDsYr5 >= 159.606)
",9999999.000,9999999.000,0.000,1.000,0.000,0,0,1,3,3,1,1,3,0.0,0.0,1.0,0.0,0.0,1.0,1
"G[0,2](GFR <= 0.000 -> BUN >= 1.513)
",9999999.000,9999999.000,0.000,1.000,0.000,0,0,1,3,3,1,1,3,0.0,0.0,1.0,0.0,0.0,1.0,1
"G[0,0](((age <= 17.645 | bmiZscore >= 0.330) & bmiZscore >= 0.727) & NumPumpBolusOrShortAct <= 0.945)
",0.839,0.072,0.000,1.000,0.000,0,0,0,4,4,0,0,4,0.0,0.0,0.0,0.0,0.0,1.0,1
"G[0,2](LDL <= 82.742 | Pt_A1cGoalLev >= 0.021)
",9999999.000,9999999.000,0.000,1.000,0.000,0,0,1,3,3,1,1,3,0.0,0.0,1.0,0.0,0.0,1.0,1
"G[1,2](((Triglyc >= 107.111 | WeightKg <= 72.705) & Pt_ChildT1D >= 61.395) | bmiPerc <= 68.556)
",9999999.000,9999999.000,0.000,1.000,0.000,0,0,4,0,0,4,4,0,0.0,0.0,1.0,0.0,0.0,1.0,1
"G[1,2]((BGTestAvgNumPtRep <= 4.880 & bmiZscore <= 1.539) | Pt_CGMUseNumDays >= 0.456)
",9999999.000,9999999.000,0.000,1.000,0.000,0,0,2,2,2,2,2,2,0.0,0.0,1.0,0.0,0.0,1.0,1
"G[1,2](AlbCreatRat_mggNew <= 6.138 -> bmiZscore >= 0.106)
",9999999.000,9999999.000,0.000,1.000,0.000,0,0,4,0,0,4,4,0,0.0,0.0,1.0,0.0,0.0,1.0,1
"G[0,2](age <= 16.792 | bmiPerc >= 0.770)
",9999999.000,9999999.000,0.000,1.000,0.000,0,0,3,1,1,3,3,1,0.0,0.0,1.0,0.0,0.0,1.0,1
"G[1,2](((BldPrSys <= 123.961 -> SMBGperDayPtMeterCombo <= 2.407) & AlbCreatRat_mggNew >= 1.801) -> BGTestAvgNumMeter <= 2.229)
",9999999.000,9999999.000,0.000,1.000,0.000,0,0,4,0,0,4,4,0,0.0,0.0,1.0,0.0,0.0,1.0,1
"G[1,2]((UnitsInsBasalOrLongAct >= 13.477 -> WeightKg >= 53.428) | TSH <= 65.590)
",9999999.000,9999999.000,0.000,1.000,0.000,0,0,4,0,0,4,4,0,0.0,0.0,1.0,0.0,0.0,1.0,1
"G[1,2](BGTestAvgNumMeter >= 1.531 -> Pt_A1cGoalLev <= 1.792)
",9999999.000,9999999.000,0.000,1.000,0.000,0,0,3,1,1,3,3,1,0.0,0.0,1.0,0.0,0.0,1.0,1
"G[2,2]((BUN >= 0.805 -> Triglyc >= 86.577) & Pt_CGMUseNumDays >= 121.584)
",-121.584,-121.584,0.000,1.000,0.000,0,0,4,0,0,4,4,0,0.0,0.0,1.0,0.0,0.0,1.0,1
"G[1,2](((Pt_A1cGoalLev >= 0.457 | Pt_InsGov >= 0.196) -> BldPrSys <= 0.901) & HbA1c <= 0.631)
",9999999.000,9999999.000,0.000,1.000,0.000,0,0,0,4,4,0,0,4,0.0,0.0,0.0,0.0,0.0,1.0,1
"G[0,1]((bmiPerc >= 0.624 | TSH >= 1.691) -> DirectLDL >= 2.700)
",9999999.000,9999999.000,0.000,1.000,0.000,0,0,0,4,4,0,0,4,0.0,0.0,0.0,0.0,0.0,1.0,1
"G[1,2]((AlbCreatRat_mggNew >= 3.043 & LDL >= 41.093) -> HeightCm >= 54.921)
",9999999.000,9999999.000,0.000,1.000,0.000,0,0,4,0,0,4,4,0,0.0,0.0,1.0,0.0,0.0,1.0,1
"G[0,2]((bmiZscore >= 0.229 & TotChol <= 173.816) & AutonomicNeuroCl <= 186.523)
",9999999.000,9999999.000,0.000,1.000,0.000,0,0,0,4,4,0,0,4,0.0,0.0,0.0,0.0,0.0,1.0,1
"G[0,2](((BGTestAvgNumPtRep <= 4.584 & BldPrSys <= 139.610) & Pt_FatherT1D <= 133.768) | bmi >= 110.925)
",9999999.000,9999999.000,0.000,1.000,0.000,0,0,3,1,1,3,3,1,0.0,0.0,1.0,0.0,0.0,1.0,1
"G[0,2]((AlbCreatRat_mggNew >= 4.333 -> NumPumpBolusOrShortAct <= 4.140) -> Pt_GrandchildT1D <= 4.165)
",9999999.000,9999999.000,0.000,1.000,0.000,0,0,4,0,0,4,4,0,0.0,0.0,1.0,0.0,0.0,1.0,1
"G[0,2](((HDL >= 11.667 & HeightCm <= 162.459) -> DirectLDL <= 165.070) -> WeightKg >= 154.549)
",9999999.000,9999999.000,0.000,1.000,0.000,0,0,0,4,4,0,0,4,0.0,0.0,0.0,0.0,0.0,1.0,1
"G[2,2](((SMBGperDayPtMeterCombo <= 2.650 -> TotChol >= 50.052) & AutonomicNeuroCl >= 42.468) & bmiPerc >= 60.076)
",-60.076,-60.076,0.000,1.000,0.000,0,0,4,0,0,4,4,0,0.0,0.0,1.0,0.0,0.0,1.0,1
"G[0,2](((HDL <= 40.922 & Triglyc >= 56.312) & diagAgeCombo >= 125.271) & Triglyc <= 328.720)
",9999999.000,9999999.000,0.000,1.000,0.000,0,0,0,4,4,0,0,4,0.0,0.0,0.0,0.0,0.0,1.0,1
"G[0,2]((TotalDailyInsPerKg >= 0.291 -> TSH <= 8.273) & DirectLDL <= 5.154)
",9999999.000,9999999.000,0.000,1.000,0.000,0,0,2,2,2,2,2,2,0.0,0.0,1.0,0.0,0.0,1.0,1
"G[0,2](((TSH <= 10.455 -> UnitsInsBasalOrLongAct <= 32.693) -> TotChol <= 20.529) -> TotalDailyInsPerKg >= 18.191)
",9999999.000,9999999.000,0.000,1.000,0.000,0,0,0,4,4,0,0,4,0.0,0.0,0.0,0.0,0.0,1.0,1
"G[0,2](((BUN <= 10.044 | TotChol <= 104.235) & Pt_MotherT1D <= 96.283) & Pt_ChildT1D >= 59.027)
",9999999.000,9999999.000,0.000,1.000,0.000,0,0,0,4,4,0,0,4,0.0,0.0,0.0,0.0,0.0,1.0,1
"G[1,2]((age >= 16.025 & AlbCreatRat_mggNew >= 1.019) -> diagAgeCombo <= 6.000)
",9999999.000,9999999.000,0.000,1.000,0.000,0,0,2,2,2,2,2,2,0.0,0.0,1.0,0.0,0.0,1.0,1
"G[1,2](bmi <= 25.468 -> HeightCm >= 156.291)
",9999999.000,9999999.000,0.000,1.000,0.000,0,0,4,0,0,4,4,0,0.0,0.0,1.0,0.0,0.0,1.0,1
"G[0,2](HbA1cImputeDtMnC <= 68.201 & SMBGperDayPtMeterCombo >= 1.572)
",9999999.000,9999999.000,0.000,1.000,0.000,0,0,2,2,2,2,2,2,0.0,0.0,1.0,0.0,0.0,1.0,1
"G[1,2](((bmiPerc <= 0.888 & TSH <= 8.603) -> DirectLDL >= 4.097) -> DirectLDL <= 9.661)
",9999999.000,9999999.000,0.000,1.000,0.000,0,0,4,0,0,4,4,0,0.0,0.0,1.0,0.0,0.0,1.0,1
"G[0,2]((HeightCm >= 149.977 | TotChol <= 197.537) & Pt_CGMUseNumDays >= 65.063)
",9999999.000,9999999.000,0.000,1.000,0.000,0,0,0,4,4,0,0,4,0.0,0.0,0.0,0.0,0.0,1.0,1
"G[1,2]((BldPrDia >= 56.510 -> BldPrSys <= 143.095) -> WeightKg >= 119.993)
",9999999.000,9999999.000,0.000,1.000,0.000,0,0,0,4,4,0,0,4,0.0,0.0,0.0,0.0,0.0,1.0,1
"G[1,2]((BGTestAvgNumPtRep >= 2.275 & WeightKg <= 70.800) | bmiPerc <= 65.596)
",9999999.000,9999999.000,0.000,1.000,0.000,0,0,4,0,0,4,4,0,0.0,0.0,1.0,0.0,0.0,1.0,1
"G[0,2]((BldPrDia >= 56.198 & bmi <= 26.367) & HeightCm <= 27.326)
",9999999.000,9999999.000,0.000,1.000,0.000,0,0,0,4,4,0,0,4,0.0,0.0,0.0,0.0,0.0,1.0,1
"G[1,2](bmiPerc <= 0.823 -> LDL >= 43.242)
",9999999.000,9999999.000,0.000,1.000,0.000,0,0,3,1,1,3,3,1,0.0,0.0,1.0,0.0,0.0,1.0,1
"G[2,2]((HeightCm <= 161.809 -> TSH <= 7.117) | LDL >= 3.980)
",-3.980,-3.980,0.000,1.000,0.000,0,0,4,0,0,4,4,0,0.0,0.0,1.0,0.0,0.0,1.0,1
"G[1,2](((TSH <= 9.755 -> WeightKg >= 47.877) & WeightKg >= 56.506) -> diagAgeCombo <= 71.703)
",9999999.000,9999999.000,0.000,1.000,0.000,0,0,4,0,0,4,4,0,0.0,0.0,1.0,0.0,0.0,1.0,1
"G[0,1](((bmi >= 21.242 & TSH >= 0.858) & bmiPerc >= 2.724) & TotChol >= 3.438)
",9999999.000,9999999.000,0.000,1.000,0.000,0,0,0,4,4,0,0,4,0.0,0.0,0.0,0.0,0.0,1.0,1
"G[0,2](((SMBGperDayPtMeterCombo >= 2.032 | WeightKg >= 49.425) & SMBGperDayPtMeterCombo <= 69.020) | TotChol >= 50.545)
",9999999.000,9999999.000,0.000,1.000,0.000,0,0,4,0,0,4,4,0,0.0,0.0,1.0,0.0,0.0,1.0,1
"G[0,2](((BldPrDia >= 61.090 | TotalDailyInsPerKg >= 0.158) | LDL <= 0.777) | bmiPerc <= 0.866)
",9999999.000,9999999.000,0.000,1.000,0.000,0,0,4,0,0,4,4,0,0.0,0.0,1.0,0.0,0.0,1.0,1
"G[2,2](((HbA1cImputeDtMnC >= 15.083 -> TotalDailyInsPerKg >= 0.344) -> BGTestAvgNumMeter <= 0.616) | Pt_SHFlg <= 0.854)
",0.854,0.854,0.000,1.000,0.000,0,0,4,0,0,4,4,0,0.0,0.0,1.0,0.0,0.0,1.0,1
"G[1,2]((NumPumpBolusOrShortAct >= 1.775 -> TotChol <= 153.179) & HbA1c >= 3.370)
",9999999.000,9999999.000,0.000,1.000,0.000,0,0,2,2,2,2,2,2,0.0,0.0,1.0,0.0,0.0,1.0,1
"G[2,2](((TotChol <= 161.816 & WeightKg <= 66.174) -> BGTestAvgNumMeter <= 70.029) & diagAgeCombo >= 43.025)
",-70.029,-70.029,0.000,1.000,0.000,0,0,4,0,0,4,4,0,0.0,0.0,1.0,0.0,0.0,1.0,1
"G[2,2]((age >= 13.095 -> TotChol <= 80.574) -> BUN <= 186.271)
",-186.271,-186.271,0.000,1.000,0.000,0,0,4,0,0,4,4,0,0.0,0.0,1.0,0.0,0.0,1.0,1
"G[0,2](BUN >= 3.341 | Pt_A1cGoalLev >= 0.557)
",9999999.000,9999999.000,0.000,1.000,0.000,0,0,1,3,3,1,1,3,0.0,0.0,1.0,0.0,0.0,1.0,1
"G[2,2](((bmiPerc <= 0.948 | Pt_InsGov <= 0.309) -> Pt_DKAFlg <= 0.455) -> HeightCm >= 0.131)
",0.131,0.131,0.000,1.000,0.000,0,0,4,0,0,4,4,0,0.0,0.0,1.0,0.0,0.0,1.0,1
"G[2,2](((Pt_InsGov <= 0.411 -> TSH <= 8.068) | UnitsInsBasalOrLongAct <= 10.616) -> Pt_DKAFlg >= 1.471)
",-10.616,-10.616,0.000,1.000,0.000,0,0,4,0,0,4,4,0,0.0,0.0,1.0,0.0,0.0,1.0,1
"G[0,2]((bmiZscore <= 1.499 | diabDur <= 6.716) | BldPrSys <= 5.330)
",9999999.000,9999999.000,0.000,1.000,0.000,0,0,4,0,0,4,4,0,0.0,0.0,1.0,0.0,0.0,1.0,1
"G[1,2](BGTestAvgNumMeter <= 3.349 & TSH >= 0.106)
",9999999.000,9999999.000,0.000,1.000,0.000,0,0,1,3,3,1,1,3,0.0,0.0,1.0,0.0,0.0,1.0,1
"G[0,1](((Pt_A1cGoalLev >= 0.738 & TotChol <= 197.679) & Pt_InsGov <= 144.003) & Pt_FatherT1D >= 67.949)
",9999999.000,9999999.000,0.000,1.000,0.000,0,0,0,4,4,0,0,4,0.0,0.0,0.0,0.0,0.0,1.0,1
"G[1,2]((WeightKg >= 60.268 | bmi >= 21.285) -> UnitsInsBasalOrLongAct <= 28.773)
",9999999.000,9999999.000,0.000,1.000,0.000,0,0,3,1,1,3,3,1,0.0,0.0,1.0,0.0,0.0,1.0,1
"G[1,2]((WeightKg >= 52.854 | bmi >= 20.743) -> UnitsInsBasalOrLongAct <= 27.460)
",9999999.000,9999999.000,0.000,1.000,0.000,0,0,3,1,1,3,3,1,0.0,0.0,1.0,0.0,0.0,1.0,1
"G[2,2]((WeightKg >= 46.659 | bmi >= 21.423) -> UnitsInsBasalOrLongAct <= 28.199)
",-28.199,-28.199,0.000,1.000,0.000,0,0,4,0,0,4,4,0,0.0,0.0,1.0,0.0,0.0,1.0,1
"G[2,2](bmi >= 20.525 & Triglyc <= 229.405)
",-20.525,-20.525,0.000,1.000,0.000,0,0,4,0,0,4,4,0,0.0,0.0,1.0,0.0,0.0,1.0,1
"G[0,2](UnitsInsBasalOrLongAct >= 9.667 -> Pt_SHFlg = 0.000)
",9999999.000,9999999.000,0.000,1.000,0.000,0,0,4,0,0,4,4,0,0.0,0.0,1.0,0.0,0.0,1.0,1
"G[0,2]((bmiPerc >= 0.538 & bmiZscore >= 0.440) -> Pt_A1cGoalLevelDsYr5 >= 0.620)
",9999999.000,9999999.000,0.000,1.000,0.000,0,0,0,4,4,0,0,4,0.0,0.0,0.0,0.0,0.0,1.0,1
"G[0,2](age <= 18.435 | WeightKg <= 67.698)
",9999999.000,9999999.000,0.000,1.000,0.000,0,0,4,0,0,4,4,0,0.0,0.0,1.0,0.0,0.0,1.0,1
"G[1,2](HeightCm >= 154.403 & TotalDailyInsPerKg <= 0.852)
",9999999.000,9999999.000,0.000,1.000,0.000,0,0,3,1,1,3,3,1,0.0,0.0,1.0,0.0,0.0,1.0,1
"G[0,2]((NumPumpBolusOrShortAct >= 1.776 | TotalDailyInsPerKg >= 0.455) | HDL >= 0.258)
",9999999.000,9999999.000,0.000,1.000,0.000,0,0,3,1,1,3,3,1,0.0,0.0,1.0,0.0,0.0,1.0,1
"G[0,2](((LDL <= 117.820 | TotChol <= 95.617) & TSH <= 182.924) & bmiZscore <= 205.716)
",9999999.000,9999999.000,0.000,1.000,0.000,0,0,3,1,1,3,3,1,0.0,0.0,1.0,0.0,0.0,1.0,1
"G[1,2]((BldPrDia <= 68.526 | HbA1c >= 9.036) & bmiPerc <= 10.616)
",9999999.000,9999999.000,0.000,1.000,0.000,0,0,4,0,0,4,4,0,0.0,0.0,1.0,0.0,0.0,1.0,1
"G[0,2](((bmi >= 20.441 -> diabDur <= 6.864) | Pt_SiblingT1D >= 0.411) & Pt_InsGov <= 5.742)
",9999999.000,9999999.000,0.000,1.000,0.000,0,0,3,1,1,3,3,1,0.0,0.0,1.0,0.0,0.0,1.0,1
"G[1,2](bmiPerc >= 0.599 | HeightCm <= 162.110)
",9999999.000,9999999.000,0.000,1.000,0.000,0,0,4,0,0,4,4,0,0.0,0.0,1.0,0.0,0.0,1.0,1
"G[0,0]((HeightCm <= 162.672 -> UnitsInsBasalOrLongAct <= 22.132) & Pt_CGMUseNumDays >= 16.794)
",-17.231,-96.822,0.000,1.000,0.000,0,0,0,4,4,0,0,4,0.0,0.0,0.0,0.0,0.0,1.0,1
"G[0,2]((TotalDailyInsPerKg >= 0.212 & WeightKg >= 61.628) | BGTestAvgNumPtRep <= 69.081)
",9999999.000,9999999.000,0.000,1.000,0.000,0,0,4,0,0,4,4,0,0.0,0.0,1.0,0.0,0.0,1.0,1
"G[1,2](((LDL >= 40.347 -> Triglyc >= 136.385) -> HDL <= 352.376) | BldPrSys <= 397.394)
",9999999.000,9999999.000,0.000,1.000,0.000,0,0,4,0,0,4,4,0,0.0,0.0,1.0,0.0,0.0,1.0,1
"G[1,2](HeightCm >= 154.490 & Pt_SHFlg = 0.000)
",9999999.000,9999999.000,0.000,1.000,0.000,0,0,4,0,0,4,4,0,0.0,0.0,1.0,0.0,0.0,1.0,1
"G[0,2](((diabDur >= 1.561 | WeightKg <= 64.843) -> Pt_SiblingT1D >= 42.015) -> Pt_MotherT1D >= 58.526)
",9999999.000,9999999.000,0.000,1.000,0.000,0,0,4,0,0,4,4,0,0.0,0.0,1.0,0.0,0.0,1.0,1
"G[1,2](((bmiPerc <= 0.826 -> WeightKg <= 63.752) -> Triglyc >= 55.926) & NumPumpBolusOrShortAct >= 53.891)
",9999999.000,9999999.000,0.000,1.000,0.000,0,0,0,4,4,0,0,4,0.0,0.0,0.0,0.0,0.0,1.0,1
"G[1,2](((diabDur >= 1.154 | Pt_InsGov <= 0.312) -> Pt_FatherT1D <= 0.981) -> TSH <= 0.389)
",9999999.000,9999999.000,0.000,1.000,0.000,0,0,2,2,2,2,2,2,0.0,0.0,1.0,0.0,0.0,1.0,1
"G[1,2](bmi <= 26.436 | bmiZscore >= 0.596)
",9999999.000,9999999.000,0.000,1.000,0.000,0,0,4,0,0,4,4,0,0.0,0.0,1.0,0.0,0.0,1.0,1
"G[1,2](((LDL <= 84.214 | TSH >= 3.756) & Pt_GrandchildT1D >= 1.959) -> AlbCreatRat_mggNew >= 3.363)
",9999999.000,9999999.000,0.000,1.000,0.000,0,0,4,0,0,4,4,0,0.0,0.0,1.0,0.0,0.0,1.0,1
"G[1,2](SMBGperDayPtMeterCombo >= 0.515 & BGTestAvgNumPtRep >= 1.347)
",9999999.000,9999999.000,0.000,1.000,0.000,0,0,2,2,2,2,2,2,0.0,0.0,1.0,0.0,0.0,1.0,1
"G[0,2](SMBGperDayPtMeterCombo >= 1.386 & BGTestAvgNumPtRep >= 0.068)
",9999999.000,9999999.000,0.000,1.000,0.000,0,0,1,3,3,1,1,3,0.0,0.0,1.0,0.0,0.0,1.0,1
"G[1,2](((BldPrSys >= 95.539 | LDL <= 71.106) & TotChol <= 101.114) | LDL <= 80.926)
",9999999.000,9999999.000,0.000,1.000,0.000,0,0,2,2,2,2,2,2,0.0,0.0,1.0,0.0,0.0,1.0,1
"G[0,2](GFR <= 0.000 -> BUN >= 1.246)
",9999999.000,9999999.000,0.000,1.000,0.000,0,0,1,3,3,1,1,3,0.0,0.0,1.0,0.0,0.0,1.0,1
"G[0,2](((AlbCreatRat_mggNew >= 1.581 -> Triglyc <= 407.479) -> Triglyc >= 54.458) -> GFR <= 353.928)
",9999999.000,9999999.000,0.000,1.000,0.000,0,0,4,0,0,4,4,0,0.0,0.0,1.0,0.0,0.0,1.0,1
"G[0,0]((Triglyc >= 125.436 -> TSH <= 6.777) & TotalDailyInsPerKg >= 1.848)
",-0.675,-23.723,0.000,1.000,0.000,0,0,0,4,4,0,0,4,0.0,0.0,0.0,0.0,0.0,1.0,1
"G[0,2](((bmi <= 25.694 | HbA1cImputeDtMnC >= 35.450) -> TSH <= 57.864) -> AutonomicNeuroCl >= 21.339)
",9999999.000,9999999.000,0.000,1.000,0.000,0,0,0,4,4,0,0,4,0.0,0.0,0.0,0.0,0.0,1.0,1
"G[2,2](((BldPrDia >= 59.409 & SMBGperDayPtMeterCombo <= 2.386) | Pt_ChildT1D >= 0.934) -> NumPumpBolusOrShortAct <= 3.809)
",-3.809,-3.809,0.000,1.000,0.000,0,0,4,0,0,4,4,0,0.0,0.0,1.0,0.0,0.0,1.0,1
"G[1,2](Pt_SiblingT1D >= 0.000 & Pt_SHFlg = 0.000)
",9999999.000,9999999.000,0.000,1.000,0.000,0,0,4,0,0,4,4,0,0.0,0.0,1.0,0.0,0.0,1.0,1
"G[2,2](BUN < 8.214 -> Pt_SHFlg = 0.000)
",-8.214,-8.214,0.000,1.000,0.000,0,0,4,0,0,4,4,0,0.0,0.0,1.0,0.0,0.0,1.0,1
"G[0,2](Pt_ChildT1D < 0.000 -> Pt_SHFlg = 0.000)
",9999999.000,9999999.000,0.000,1.000,0.000,0,0,4,0,0,4,4,0,0.0,0.0,1.0,0.0,0.0,1.0,1
"G[1,2](BUN >= 2.622 -> Pt_SHFlg = 0.000)
",9999999.000,9999999.000,0.000,1.000,0.000,0,0,4,0,0,4,4,0,0.0,0.0,1.0,0.0,0.0,1.0,1
"G[1,2](BGTestAvgNumMeter < 3.729 -> Pt_SHFlg = 0.000)
",9999999.000,9999999.000,0.000,1.000,0.000,0,0,4,0,0,4,4,0,0.0,0.0,1.0,0.0,0.0,1.0,1
"G[2,2](diagAgeCombo < 12.000 & Pt_SHFlg = 0.000)
",0.000,0.000,0.000,1.000,0.000,0,0,4,0,0,4,4,0,0.0,0.0,1.0,0.0,0.0,1.0,1
"G[0,2](Pt_GrandparentT1D >= 0.000 -> Pt_SHFlg = 0.000)
",9999999.000,9999999.000,0.000,1.000,0.000,0,0,4,0,0,4,4,0,0.0,0.0,1.0,0.0,0.0,1.0,1
"G[1,2](Pt_CGMUseNumDays <= 0.000 -> Pt_SHFlg = 0.000)
",9999999.000,9999999.000,0.000,1.000,0.000,0,0,4,0,0,4,4,0,0.0,0.0,1.0,0.0,0.0,1.0,1
"G[2,2]((WeightKg >= 55.587 | bmi >= 19.867) -> UnitsInsBasalOrLongAct <= 27.466)
",-27.466,-27.466,0.000,1.000,0.000,0,0,4,0,0,4,4,0,0.0,0.0,1.0,0.0,0.0,1.0,1
"G[1,2](GFR <= 0.000 -> BUN >= 0.220)
",9999999.000,9999999.000,0.000,1.000,0.000,0,0,1,3,3,1,1,3,0.0,0.0,1.0,0.0,0.0,1.0,1
"G[1,2](bmiZscore <= 1.529 -> Pt_SHFlg = 0.000)
",9999999.000,9999999.000,0.000,1.000,0.000,0,0,4,0,0,4,4,0,0.0,0.0,1.0,0.0,0.0,1.0,1
"G[0,2](SMBGperDayPtMeterCombo >= 1.121 & BGTestAvgNumPtRep >= 2.182)
",9999999.000,9999999.000,0.000,1.000,0.000,0,0,1,3,3,1,1,3,0.0,0.0,1.0,0.0,0.0,1.0,1
"G[1,2](GFR <= 0.000 -> BUN >= 1.516)
",9999999.000,9999999.000,0.000,1.000,0.000,0,0,1,3,3,1,1,3,0.0,0.0,1.0,0.0,0.0,1.0,1
"G[1,2]((WeightKg >= 40.826 | bmi >= 21.387) -> UnitsInsBasalOrLongAct <= 31.060)
",9999999.000,9999999.000,0.000,1.000,0.000,0,0,3,1,1,3,3,1,0.0,0.0,1.0,0.0,0.0,1.0,1
"G[0,2](GFR <= 0.000 -> BUN >= 5.000)
",9999999.000,9999999.000,0.000,1.000,0.000,0,0,1,3,3,1,1,3,0.0,0.0,1.0,0.0,0.0,1.0,1
"G[0,2](SMBGperDayPtMeterCombo >= 0.602 & BGTestAvgNumPtRep >= 0.034)
",9999999.000,9999999.000,0.000,1.000,0.000,0,0,1,3,3,1,1,3,0.0,0.0,1.0,0.0,0.0,1.0,1
"G[1,2]((WeightKg >= 42.987 | bmi >= 21.500) -> UnitsInsBasalOrLongAct <= 23.779)
",9999999.000,9999999.000,0.000,1.000,0.000,0,0,2,2,2,2,2,2,0.0,0.0,1.0,0.0,0.0,1.0,1
"G[1,2](age <= 18.311 | diabDur <= 4.073)
",9999999.000,9999999.000,0.000,1.000,0.000,0,0,3,1,1,3,3,1,0.0,0.0,1.0,0.0,0.0,1.0,1
"G[1,2]((BldPrDia >= 57.002 & TotChol <= 156.559) & BGTestAvgNumMeter >= 46.101)
",9999999.000,9999999.000,0.000,1.000,0.000,0,0,0,4,4,0,0,4,0.0,0.0,0.0,0.0,0.0,1.0,1
"F[0,2](((HbA1c <= 11.159 & TSH <= 8.510) | Pt_SHFlg >= 2.748) | Pt_DKAFlg <= 8.716)
",-9999999.000,-9999999.000,0.000,0.000,1.000,0,0,0,4,4,0,0,4,0.0,0.0,0.0,0.0,0.0,1.0,-1
"G[1,2]((Pt_SiblingT1D >= 0.000 & SMBGperDayPtMeterCombo >= 0.025) -> Pt_GrandparentT1D <= 2.949)
",9999999.000,9999999.000,0.000,1.000,0.000,0,0,4,0,0,4,4,0,0.0,0.0,1.0,0.0,0.0,1.0,1
"((Pt_FatherT1D >= 0.000) U[0,2] (Pt_SHFlg >= 0.000))
",-9999999.000,-9999999.000,0.000,0.000,1.000,0,0,0,4,4,0,0,4,0.0,0.0,0.0,0.0,0.0,1.0,-1
"F[2,2]((Pt_ChildT1D >= 0.000 | Pt_MotherT1D <= 0.000) | Pt_FatherT1D <= 0.000)
",0.000,0.000,0.000,0.000,1.000,0,0,0,4,4,0,0,4,0.0,0.0,0.0,0.0,0.0,1.0,-1
"F[0,2]((HbA1cImputeDtMnC >= 31.025 | Triglyc >= 30.365) -> BldPrDia <= 174.540)
",-9999999.000,-9999999.000,0.000,0.000,1.000,0,0,0,4,4,0,0,4,0.0,0.0,0.0,0.0,0.0,1.0,-1
"G[0,2](HbA1c <= 11.632 -> TotChol >= 63.287)
",9999999.000,9999999.000,0.000,1.000,0.000,0,0,1,3,3,1,1,3,0.0,0.0,1.0,0.0,0.0,1.0,1
"G[0,2](HDL >= 17.064 | BldPrSys <= 153.672)
",9999999.000,9999999.000,0.000,1.000,0.000,0,0,4,0,0,4,4,0,0.0,0.0,1.0,0.0,0.0,1.0,1
"G[1,2](TotalDailyInsPerKg <= 0.577 & HDL <= 32.939)
",9999999.000,9999999.000,0.000,1.000,0.000,0,0,1,3,3,1,1,3,0.0,0.0,1.0,0.0,0.0,1.0,1
"G[1,2]((Pt_GrandchildT1D >= 0.000 | BUN >= 3.593) & bmiZscore >= 0.730)
",9999999.000,9999999.000,0.000,1.000,0.000,0,0,4,0,0,4,4,0,0.0,0.0,1.0,0.0,0.0,1.0,1
"G[2,2](BUN <= 10.191 | Pt_GrandchildT1D <= 0.000)
",10.191,10.191,0.000,1.000,0.000,0,0,4,0,0,4,4,0,0.0,0.0,1.0,0.0,0.0,1.0,1
"G[0,1](HbA1cImputeDtMnC <= 50.575 & BGTestAvgNumMeter <= 2.165)
",9999999.000,9999999.000,0.000,1.000,0.000,0,0,0,4,4,0,0,4,0.0,0.0,0.0,0.0,0.0,1.0,1
"G[0,2](((bmiZscore <= 1.118 & Pt_A1cGoalLevelDsYr5 <= 0.000) | AutonomicNeuroCl >= 0.000) | BGTestAvgNumPtRep >= 0.000)
",9999999.000,9999999.000,0.000,1.000,0.000,0,0,4,0,0,4,4,0,0.0,0.0,1.0,0.0,0.0,1.0,1
"G[1,1]((diabDur <= 6.648 | HeightCm >= 151.624) -> HbA1c >= 158.627)
",-6.648,-6.648,0.000,1.000,0.000,0,0,0,4,4,0,0,4,0.0,0.0,0.0,0.0,0.0,1.0,1
"G[0,2](((HbA1c <= 11.855 & TotalDailyInsPerKg >= 0.021) | Pt_A1cGoalLev >= 0.030) -> diagAgeCombo <= 0.568)
",9999999.000,9999999.000,0.000,1.000,0.000,0,0,0,4,4,0,0,4,0.0,0.0,0.0,0.0,0.0,1.0,1
"G[0,1](((bmiZscore <= 1.578 | SMBGperDayPtMeterCombo <= 2.775) -> NumPumpBolusOrShortAct >= 0.604) -> BGTestAvgNumPtRep <= 2.834)
",9999999.000,9999999.000,0.000,1.000,0.000,0,0,0,4,4,0,0,4,0.0,0.0,0.0,0.0,0.0,1.0,1
"G[1,2](DirectLDL <= 0.000 & UnitsInsBasalOrLongAct <= 31.821)
",9999999.000,9999999.000,0.000,1.000,0.000,0,0,3,1,1,3,3,1,0.0,0.0,1.0,0.0,0.0,1.0,1
"G[1,2](((NumPumpBolusOrShortAct >= 2.490 | SMBGperDayPtMeterCombo >= 0.069) & GFR <= 2.569) | HDL >= 0.862)
",9999999.000,9999999.000,0.000,1.000,0.000,0,0,3,1,1,3,3,1,0.0,0.0,1.0,0.0,0.0,1.0,1
"G[1,2](((BldPrDia >= 57.915 | BUN <= 14.877) & diagAgeCombo >= 1.386) & GFR <= 8.788)
",9999999.000,9999999.000,0.000,1.000,0.000,0,0,3,1,1,3,3,1,0.0,0.0,1.0,0.0,0.0,1.0,1
"G[0,2]((HbA1c >= 9.687 -> LDL >= 4.541) | UnitsInsBasalOrLongAct >= 47.588)
",9999999.000,9999999.000,0.000,1.000,0.000,0,0,2,2,2,2,2,2,0.0,0.0,1.0,0.0,0.0,1.0,1
"G[1,2](((bmi >= 23.313 & Triglyc >= 69.617) & bmiZscore >= 125.268) & Pt_InsGov >= 144.036)
",9999999.000,9999999.000,0.000,1.000,0.000,0,0,0,4,4,0,0,4,0.0,0.0,0.0,0.0,0.0,1.0,1
"G[1,2](Pt_CGMUseNumDays <= 0.000 -> Pt_CGMUseNumDays <= 0.000)
",9999999.000,9999999.000,0.000,1.000,0.000,0,0,4,0,0,4,4,0,0.0,0.0,1.0,0.0,0.0,1.0,1
"G[2,2]((NumPumpBolusOrShortAct >= 2.889 -> LDL >= 63.658) & BGTestAvgNumPtRep >= 13.233)
",-13.233,-13.233,0.000,1.000,0.000,0,0,4,0,0,4,4,0,0.0,0.0,1.0,0.0,0.0,1.0,1
"G[1,2]((AlbCreatRat_mggNew <= 7.110 & HDL <= 29.352) | BldPrSys >= 0.509)
",9999999.000,9999999.000,0.000,1.000,0.000,0,0,4,0,0,4,4,0,0.0,0.0,1.0,0.0,0.0,1.0,1
"G[1,2](((diabDur >= 2.602 -> Triglyc >= 113.851) -> diagAgeCombo >= 62.149) & Pt_GrandchildT1D >= 9.322)
",9999999.000,9999999.000,0.000,1.000,0.000,0,0,0,4,4,0,0,4,0.0,0.0,0.0,0.0,0.0,1.0,1
"F[0,2](TotChol >= 38.112 -> HbA1cImputeDtMnC >= 13.590)
",-9999999.000,-9999999.000,0.000,0.000,1.000,0,0,0,4,4,0,0,4,0.0,0.0,0.0,0.0,0.0,1.0,-1
"F[0,2](((SMBGperDayPtMeterCombo <= 3.429 -> Pt_FatherT1D >= 0.000) -> Triglyc <= 0.000) -> GFR <= 0.000)
",-9999999.000,-9999999.000,0.000,0.000,1.000,0,0,0,4,4,0,0,4,0.0,0.0,0.0,0.0,0.0,1.0,-1
"((diabDur >= 2.206) U[2,2] (Pt_FatherT1D >= 0.000))
",0.000,0.000,0.000,0.000,1.000,0,0,0,4,4,0,0,4,0.0,0.0,0.0,0.0,0.0,1.0,-1
"F[0,1]((Pt_GrandparentT1D >= 0.000 -> bmiPerc >= 0.620) | NumPumpBolusOrShortAct >= 0.542)
",-9999999.000,-9999999.000,0.000,0.000,1.000,0,0,0,4,4,0,0,4,0.0,0.0,0.0,0.0,0.0,1.0,-1
"F[1,2]((WeightKg <= 63.297 & bmiPerc <= 0.834) -> bmi <= 0.941)
",-9999999.000,-9999999.000,0.000,0.000,1.000,0,0,0,4,4,0,0,4,0.0,0.0,0.0,0.0,0.0,1.0,-1
"F[0,1](((AlbCreatRat_mggNew >= 4.489 | Pt_SHFlg <= 0.000) & Pt_FatherT1D >= 0.000) -> age >= 0.000)
",-9999999.000,-9999999.000,0.000,0.000,1.000,0,0,0,4,4,0,0,4,0.0,0.0,0.0,0.0,0.0,1.0,-1
"F[2,2]((Pt_A1cGoalLev >= 0.374 | Pt_A1cGoalLev <= 8.402) & BUN <= 9.460)
",8.402,8.402,0.000,0.000,1.000,0,0,0,4,4,0,0,4,0.0,0.0,0.0,0.0,0.0,1.0,-1
"F[1,2](UnitsInsBasalOrLongAct >= 4.423 & AlbCreatRat_mggNew >= 2.815)
",-9999999.000,-9999999.000,0.000,0.000,1.000,0,0,0,4,4,0,0,4,0.0,0.0,0.0,0.0,0.0,1.0,-1
"G[0,2](((bmi <= 24.805 | bmiPerc >= 0.723) -> age >= 0.675) -> NumPumpBolusOrShortAct <= 0.870)
",9999999.000,9999999.000,0.000,1.000,0.000,0,0,0,4,4,0,0,4,0.0,0.0,0.0,0.0,0.0,1.0,1
"((diagAgeCombo >= 12.000) U[1,2] (diagAgeCombo <= 12.000))
",-9999999.000,-9999999.000,0.000,0.000,1.000,0,0,0,4,4,0,0,4,0.0,0.0,0.0,0.0,0.0,1.0,-1
"F[1,2](WeightKg <= 72.228 -> Pt_SHFlg <= 0.000)
",-9999999.000,-9999999.000,0.000,0.000,1.000,0,0,0,4,4,0,0,4,0.0,0.0,0.0,0.0,0.0,1.0,-1
"F[0,2]((SMBGperDayPtMeterCombo >= 0.294 | BGTestAvgNumPtRep >= 1.318) & Pt_SHFlg <= 3.942)
",-9999999.000,-9999999.000,0.000,0.000,1.000,0,0,0,4,4,0,0,4,0.0,0.0,0.0,0.0,0.0,1.0,-1
"F[0,0](LDL <= 111.385 | AlbCreatRat_mggNew >= 1.253)
",354.646,110.904,0.000,0.000,1.000,0,0,0,4,4,0,0,4,0.0,0.0,0.0,0.0,0.0,1.0,-1
"F[1,1](Pt_SiblingT1D >= 0.000 | AlbCreatRat_mggNew >= 0.605)
",0.000,0.000,0.000,0.000,1.000,0,0,0,4,4,0,0,4,0.0,0.0,0.0,0.0,0.0,1.0,-1
"F[0,1]((GFR >= 0.000 | Pt_FatherT1D >= 0.000) | TotChol >= 0.000)
",-9999999.000,-9999999.000,0.000,0.000,1.000,0,0,0,4,4,0,0,4,0.0,0.0,0.0,0.0,0.0,1.0,-1
"((LDL >= 62.343) U[0,2] (Pt_SHFlg <= 0.000))
",-9999999.000,-9999999.000,0.000,0.000,1.000,0,0,0,4,4,0,0,4,0.0,0.0,0.0,0.0,0.0,1.0,-1
"F[1,2](((Pt_SHFlg >= 0.000 & Pt_InsGov >= 0.218) | bmiZscore <= 0.630) & BldPrSys >= 0.141)
",-9999999.000,-9999999.000,0.000,0.000,1.000,0,0,0,4,4,0,0,4,0.0,0.0,0.0,0.0,0.0,1.0,-1
"F[0,1]((Pt_FatherT1D <= 0.000 | AlbCreatRat_mggNew <= 6.230) | Pt_ChildT1D <= 7.153)
",-9999999.000,-9999999.000,0.000,0.000,1.000,0,0,0,4,4,0,0,4,0.0,0.0,0.0,0.0,0.0,1.0,-1
"F[2,2](((Pt_InsGov <= 0.957 & DirectLDL >= 0.000) | Pt_ChildT1D >= 0.000) -> UnitsInsBasalOrLongAct <= 0.000)
",0.000,0.000,0.000,0.000,1.000,0,0,0,4,4,0,0,4,0.0,0.0,0.0,0.0,0.0,1.0,-1
"F[2,2]((Triglyc >= 59.490 -> Pt_GrandchildT1D <= 0.000) & Triglyc <= 0.000)
",0.000,0.000,0.000,0.000,1.000,0,0,0,4,4,0,0,4,0.0,0.0,0.0,0.0,0.0,1.0,-1
"F[1,2]((bmiPerc <= 0.868 & BGTestAvgNumPtRep <= 3.831) | bmiZscore >= 0.887)
",-9999999.000,-9999999.000,0.000,0.000,1.000,0,0,0,4,4,0,0,4,0.0,0.0,0.0,0.0,0.0,1.0,-1
"F[0,1]((Pt_InsGov >= 0.097 -> Pt_A1cGoalLev >= 0.821) | TotalDailyInsPerKg >= 0.982)
",-9999999.000,-9999999.000,0.000,0.000,1.000,0,0,0,4,4,0,0,4,0.0,0.0,0.0,0.0,0.0,1.0,-1
"F[0,1]((diagAgeCombo <= 12.000 | AlbCreatRat_mggNew >= 3.128) | BGTestAvgNumPtRep >= 2.041)
",-9999999.000,-9999999.000,0.000,0.000,1.000,0,0,0,4,4,0,0,4,0.0,0.0,0.0,0.0,0.0,1.0,-1
"F[0,0](((Pt_SiblingT1D >= 0.000 & BldPrSys >= 106.429) -> HeightCm >= 100.567) | Triglyc <= 125.057)
",2.512,101.684,0.000,0.000,1.000,0,0,0,4,4,0,0,4,0.0,0.0,0.0,0.0,0.0,1.0,-1
"F[2,2](((HDL <= 25.832 -> bmiZscore <= 1.160) & NumPumpBolusOrShortAct <= 1.460) | Pt_SHFlg >= 0.599)
",-0.599,-0.599,0.000,0.000,1.000,0,0,0,4,4,0,0,4,0.0,0.0,0.0,0.0,0.0,1.0,-1
"G[1,1](((BldPrSys <= 147.043 -> NumPumpBolusOrShortAct >= 0.963) | Pt_GrandchildT1D <= 4.669) & BldPrDia <= 3.078)
",3.078,3.078,0.000,1.000,0.000,0,0,0,4,4,0,0,4,0.0,0.0,0.0,0.0,0.0,1.0,1
"G[0,2](((BldPrSys >= 115.283 | Pt_MotherT1D >= 0.000) -> BGTestAvgNumPtRep >= 0.000) & HDL <= 0.000)
",9999999.000,9999999.000,0.000,1.000,0.000,0,0,0,4,4,0,0,4,0.0,0.0,0.0,0.0,0.0,1.0,1
"G[0,1]((age >= 13.992 -> Triglyc >= 96.055) & HDL >= 107.884)
",9999999.000,9999999.000,0.000,1.000,0.000,0,0,0,4,4,0,0,4,0.0,0.0,0.0,0.0,0.0,1.0,1
"G[1,1]((bmiPerc >= 0.706 | TotChol >= 59.555) & Pt_GrandchildT1D >= 29.802)
",-29.802,-29.802,0.000,1.000,0.000,0,0,0,4,4,0,0,4,0.0,0.0,0.0,0.0,0.0,1.0,1
"G[0,2]((GFR >= 0.000 & Pt_MotherT1D >= 0.000) -> Pt_GrandchildT1D >= 0.000)
",9999999.000,9999999.000,0.000,1.000,0.000,0,0,4,0,0,4,4,0,0.0,0.0,1.0,0.0,0.0,1.0,1
"G[1,2]((BldPrDia <= 68.865 | bmi >= 18.913) -> LDL >= 21.331)
",9999999.000,9999999.000,0.000,1.000,0.000,0,0,3,1,1,3,3,1,0.0,0.0,1.0,0.0,0.0,1.0,1
"G[0,2]((Pt_ChildT1D >= 0.000 | AutonomicNeuroCl >= 0.000) -> Triglyc <= 0.000)
",9999999.000,9999999.000,0.000,1.000,0.000,0,0,0,4,4,0,0,4,0.0,0.0,0.0,0.0,0.0,1.0,1
"G[0,2](((Pt_A1cGoalLevelDsYr5 >= 0.000 -> AutonomicNeuroCl <= 0.000) -> bmiPerc <= 0.000) | Pt_SHFlg <= 0.000)
",9999999.000,9999999.000,0.000,1.000,0.000,0,0,4,0,0,4,4,0,0.0,0.0,1.0,0.0,0.0,1.0,1
"G[2,2](((GFR >= 0.000 & BldPrDia <= 69.260) & Pt_ChildT1D <= 69.976) -> HeightCm >= 58.026)
",0.000,0.000,0.000,1.000,0.000,0,0,4,0,0,4,4,0,0.0,0.0,1.0,0.0,0.0,1.0,1
"G[1,2](((age <= 18.726 | Pt_GrandparentT1D >= 0.000) -> Pt_CGMUseNumDays >= 0.000) & Pt_A1cGoalLevelDsYr5 <= 0.000)
",9999999.000,9999999.000,0.000,1.000,0.000,0,0,4,0,0,4,4,0,0.0,0.0,1.0,0.0,0.0,1.0,1
"G[2,2](((SMBGperDayPtMeterCombo <= 3.216 | diabDur >= 2.033) | HbA1c >= 0.239) | Pt_FatherT1D <= 6.000)
",6.000,6.000,0.000,1.000,0.000,0,0,4,0,0,4,4,0,0.0,0.0,1.0,0.0,0.0,1.0,1
"G[1,2](BldPrSys <= 127.648 & UnitsInsBasalOrLongAct <= 31.111)
",9999999.000,9999999.000,0.000,1.000,0.000,0,0,2,2,2,2,2,2,0.0,0.0,1.0,0.0,0.0,1.0,1
"G[1,2]((TotalDailyInsPerKg <= 0.926 -> TotalDailyInsPerKg <= 0.720) | HeightCm <= 0.719)
",9999999.000,9999999.000,0.000,1.000,0.000,0,0,3,1,1,3,3,1,0.0,0.0,1.0,0.0,0.0,1.0,1
"G[0,2]((diabDur >= 3.905 -> BldPrDia <= 69.987) | Pt_ChildT1D <= 66.037)
",9999999.000,9999999.000,0.000,1.000,0.000,0,0,4,0,0,4,4,0,0.0,0.0,1.0,0.0,0.0,1.0,1
"G[1,2]((LDL >= 57.525 & NumPumpBolusOrShortAct >= 0.019) & HDL <= 4.538)
",9999999.000,9999999.000,0.000,1.000,0.000,0,0,0,4,4,0,0,4,0.0,0.0,0.0,0.0,0.0,1.0,1
"G[1,2](((Pt_SiblingT1D >= 0.000 -> HDL >= 9.495) & Pt_MotherT1D >= 13.611) & Pt_MotherT1D >= 21.394)
",9999999.000,9999999.000,0.000,1.000,0.000,0,0,0,4,4,0,0,4,0.0,0.0,0.0,0.0,0.0,1.0,1
"G[0,2](Pt_DKAFlg >= 0.000 -> HeightCm >= 151.148)
",9999999.000,9999999.000,0.000,1.000,0.000,0,0,3,1,1,3,3,1,0.0,0.0,1.0,0.0,0.0,1.0,1
"G[2,2](BUN <= 6.381 -> Pt_GrandparentT1D >= 0.000)
",-6.381,-6.381,0.000,1.000,0.000,0,0,4,0,0,4,4,0,0.0,0.0,1.0,0.0,0.0,1.0,1
"G[0,2]((diabDur <= 4.342 | WeightKg <= 64.057) & HeightCm <= 65.058)
",9999999.000,9999999.000,0.000,1.000,0.000,0,0,0,4,4,0,0,4,0.0,0.0,0.0,0.0,0.0,1.0,1
"G[1,2](Pt_SHFlg >= 0.000 | Pt_SiblingT1D >= 0.000)
",9999999.000,9999999.000,0.000,1.000,0.000,0,0,4,0,0,4,4,0,0.0,0.0,1.0,0.0,0.0,1.0,1
"G[0,2]((age <= 16.423 & Pt_SiblingT1D <= 0.000) -> Triglyc <= 0.000)
",9999999.000,9999999.000,0.000,1.000,0.000,0,0,2,2,2,2,2,2,0.0,0.0,1.0,0.0,0.0,1.0,1
"G[0,1](((LDL >= 48.228 & TotalDailyInsPerKg >= 0.496) | HbA1cImputeDtMnC <= 0.826) -> bmi <= 0.632)
",9999999.000,9999999.000,0.000,1.000,0.000,0,0,0,4,4,0,0,4,0.0,0.0,0.0,0.0,0.0,1.0,1
"G[1,2](((Pt_A1cGoalLevelDsYr5 >= 0.000 -> GFR <= 0.000) -> bmiPerc >= 0.000) & TotChol >= 0.000)
",9999999.000,9999999.000,0.000,1.000,0.000,0,0,4,0,0,4,4,0,0.0,0.0,1.0,0.0,0.0,1.0,1
"G[1,2]((SMBGperDayPtMeterCombo >= 1.729 | BldPrSys >= 109.859) -> Pt_CGMUseNumDays >= 96.372)
",9999999.000,9999999.000,0.000,1.000,0.000,0,0,0,4,4,0,0,4,0.0,0.0,0.0,0.0,0.0,1.0,1
"G[1,2](SMBGperDayPtMeterCombo >= 1.680 & BGTestAvgNumPtRep >= 0.056)
",9999999.000,9999999.000,0.000,1.000,0.000,0,0,2,2,2,2,2,2,0.0,0.0,1.0,0.0,0.0,1.0,1
"G[1,2]((LDL <= 103.473 -> BldPrSys >= 101.070) | diagAgeCombo >= 101.454)
",9999999.000,9999999.000,0.000,1.000,0.000,0,0,4,0,0,4,4,0,0.0,0.0,1.0,0.0,0.0,1.0,1
"G[1,2]((Pt_CGMUseNumDays <= 0.000 | HeightCm <= 163.619) -> Pt_InsGov >= 153.728)
",9999999.000,9999999.000,0.000,1.000,0.000,0,0,0,4,4,0,0,4,0.0,0.0,0.0,0.0,0.0,1.0,1
"G[2,2](((diagAgeCombo <= 12.000 & age <= 17.262) & Pt_DKAFlg <= 18.284) | Pt_FatherT1D >= 14.022)
",12.000,12.000,0.000,1.000,0.000,0,0,4,0,0,4,4,0,0.0,0.0,1.0,0.0,0.0,1.0,1
"G[2,2](((bmi >= 21.105 | diagAgeCombo >= 12.000) | Pt_A1cGoalLevelDsYr5 <= 12.000) | bmiPerc <= 12.000)
",12.000,12.000,0.000,1.000,0.000,0,0,4,0,0,4,4,0,0.0,0.0,1.0,0.0,0.0,1.0,1
"G[2,2](BldPrSys >= 108.141 & bmiPerc >= 0.640)
",-108.141,-108.141,0.000,1.000,0.000,0,0,4,0,0,4,4,0,0.0,0.0,1.0,0.0,0.0,1.0,1
"G[0,1](((Pt_A1cGoalLev >= 0.504 -> Triglyc >= 51.047) & Pt_A1cGoalLevelDsYr5 >= 38.253) & BGTestAvgNumMeter >= 92.954)
",9999999.000,9999999.000,0.000,1.000,0.000,0,0,0,4,4,0,0,4,0.0,0.0,0.0,0.0,0.0,1.0,1
"G[0,2]((HeightCm >= 148.890 & TotalDailyInsPerKg >= 0.422) | BGTestAvgNumMeter <= 0.688)
",9999999.000,9999999.000,0.000,1.000,0.000,0,0,3,1,1,3,3,1,0.0,0.0,1.0,0.0,0.0,1.0,1
"G[1,2](((BGTestAvgNumMeter <= 2.846 | bmiPerc >= 0.763) & BldPrDia >= 0.661) & Pt_A1cGoalLev <= 0.938)
",9999999.000,9999999.000,0.000,1.000,0.000,0,0,3,1,1,3,3,1,0.0,0.0,1.0,0.0,0.0,1.0,1
"G[1,2](HbA1c >= 8.118 & HDL >= 7.475)
",9999999.000,9999999.000,0.000,1.000,0.000,0,0,3,1,1,3,3,1,0.0,0.0,1.0,0.0,0.0,1.0,1
"G[0,2]((bmi >= 19.692 -> UnitsInsBasalOrLongAct <= 22.589) & Pt_FatherT1D <= 21.608)
",9999999.000,9999999.000,0.000,1.000,0.000,0,0,1,3,3,1,1,3,0.0,0.0,1.0,0.0,0.0,1.0,1
"G[2,2](TSH <= 4.827 | bmiPerc <= 0.924)
",4.827,4.827,0.000,1.000,0.000,0,0,4,0,0,4,4,0,0.0,0.0,1.0,0.0,0.0,1.0,1
"G[2,2](AlbCreatRat_mggNew >= 4.359 & GFR <= 0.000)
",-4.359,-4.359,0.000,1.000,0.000,0,0,4,0,0,4,4,0,0.0,0.0,1.0,0.0,0.0,1.0,1
"G[0,2]((AlbCreatRat_mggNew <= 4.867 & Pt_A1cGoalLev >= 0.691) | bmiZscore <= 2.741)
",9999999.000,9999999.000,0.000,1.000,0.000,0,0,4,0,0,4,4,0,0.0,0.0,1.0,0.0,0.0,1.0,1
"G[2,2](((TotChol >= 7.921 -> TotChol <= 163.553) & Pt_FatherT1D <= 82.146) -> Pt_GrandchildT1D >= 34.582)
",34.582,34.582,0.000,1.000,0.000,0,0,4,0,0,4,4,0,0.0,0.0,1.0,0.0,0.0,1.0,1
"G[2,2](((BGTestAvgNumPtRep >= 2.002 | bmiPerc >= 0.761) & Pt_SHFlg <= 0.848) & age <= 0.927)
",-0.761,-0.761,0.000,1.000,0.000,0,0,4,0,0,4,4,0,0.0,0.0,1.0,0.0,0.0,1.0,1
"G[2,2]((NumPumpBolusOrShortAct <= 4.461 & AutonomicNeuroCl <= 0.000) | age <= 0.000)
",0.000,0.000,0.000,1.000,0.000,0,0,4,0,0,4,4,0,0.0,0.0,1.0,0.0,0.0,1.0,1
"G[1,2]((AlbCreatRat_mggNew >= 3.113 | Pt_MotherT1D >= 0.000) | AlbCreatRat_mggNew <= 0.000)
",9999999.000,9999999.000,0.000,1.000,0.000,0,0,4,0,0,4,4,0,0.0,0.0,1.0,0.0,0.0,1.0,1
"G[0,2](((BldPrDia >= 56.523 -> HDL >= 3.179) -> bmiPerc <= 25.925) -> DirectLDL >= 9.885)
",9999999.000,9999999.000,0.000,1.000,0.000,0,0,0,4,4,0,0,4,0.0,0.0,0.0,0.0,0.0,1.0,1
"G[2,2]((BldPrDia <= 63.990 & BGTestAvgNumMeter <= 2.998) | UnitsInsBasalOrLongAct <= 2.849)
",2.998,2.998,0.000,1.000,0.000,0,0,4,0,0,4,4,0,0.0,0.0,1.0,0.0,0.0,1.0,1
"G[2,2](((BldPrSys <= 135.628 | NumPumpBolusOrShortAct >= 2.953) | HbA1c >= 1.928) | NumPumpBolusOrShortAct >= 2.595)
",135.628,135.628,0.000,1.000,0.000,0,0,4,0,0,4,4,0,0.0,0.0,1.0,0.0,0.0,1.0,1
"G[0,2](((diabDur >= 3.733 -> Pt_SHFlg <= 0.000) -> WeightKg <= 0.000) & BGTestAvgNumPtRep >= 0.000)
",9999999.000,9999999.000,0.000,1.000,0.000,0,0,0,4,4,0,0,4,0.0,0.0,0.0,0.0,0.0,1.0,1
"G[0,1](((NumPumpBolusOrShortAct >= 1.767 -> diabDur >= 2.872) | HbA1c >= 2.816) & HbA1cImputeDtMnC <= 6.896)
",9999999.000,9999999.000,0.000,1.000,0.000,0,0,0,4,4,0,0,4,0.0,0.0,0.0,0.0,0.0,1.0,1
"G[0,2](Pt_A1cGoalLevelDsYr5 <= 0.000 -> Pt_ChildT1D >= 0.000)
",9999999.000,9999999.000,0.000,1.000,0.000,0,0,4,0,0,4,4,0,0.0,0.0,1.0,0.0,0.0,1.0,1
"G[0,2](((Pt_InsGov >= 0.088 & BUN <= 9.027) | Pt_InsGov <= 10.322) -> WeightKg >= 2.921)
",9999999.000,9999999.000,0.000,1.000,0.000,0,0,4,0,0,4,4,0,0.0,0.0,1.0,0.0,0.0,1.0,1
"G[1,2](((BldPrDia >= 56.169 -> bmiPerc <= 0.891) | Triglyc <= 0.844) -> UnitsInsBasalOrLongAct <= 0.948)
",9999999.000,9999999.000,0.000,1.000,0.000,0,0,2,2,2,2,2,2,0.0,0.0,1.0,0.0,0.0,1.0,1
"((SMBGperDayPtMeterCombo >= 0.315) U[0,2] (TotChol >= 52.418))
",-9999999.000,-9999999.000,0.000,0.000,1.000,0,0,0,4,4,0,0,4,0.0,0.0,0.0,0.0,0.0,1.0,-1
