Rule,Discrimination Score,Pos Robustness,Neg Robustness,Percent Class +,Percent Class -,TP,TN,FP,FN,Actual Yes,Actual No,Predicted Yes,Predicted No,TPR/Sens,TNR/Spec,FPR,Precision,Accuracy,MCR,Class
"G[1,1](((DirectLDL >= 0.000 & WeightKg >= 1.654) | UnitsInsBasalOrLongAct >= 30.702) | Pt_SHFlg <= 48.568)
",48.568,48.568,0.000,1.000,0.000,2,0,0,0,2,0,2,0,1.0,0.0,0.0,1.0,1.0,0.0,1
"F[0,1](((GFR <= 117.052 -> WeightKg >= 8.388) | WeightKg >= 11.032) -> Pt_InsGov >= 40.475)
",-9999999.000,-9999999.000,0.000,0.000,1.000,2,0,0,0,2,0,2,0,1.0,0.0,0.0,1.0,1.0,0.0,-1
"G[1,1](AlbCreatRat_mggNew >= 5.154 -> AlbCreatRat_mggNew >= 5.041)
",5.041,5.041,0.000,1.000,0.000,2,0,0,0,2,0,2,0,1.0,0.0,0.0,1.0,1.0,0.0,1
"G[1,1](((LDL >= 70.027 | NumPumpBolusOrShortAct >= 0.546) | WeightKg >= 0.072) & UnitsInsBasalOrLongAct <= 4.793)
",-0.072,-0.072,0.000,1.000,0.000,2,0,0,0,2,0,2,0,1.0,0.0,0.0,1.0,1.0,0.0,1
"G[0,0]((WeightKg >= 8.193 | bmi >= 16.750) -> UnitsInsBasalOrLongAct <= 15.807)
",-10.807,-10.807,0.000,1.000,0.000,2,0,0,0,2,0,2,0,1.0,0.0,0.0,1.0,1.0,0.0,1
"G[1,1]((WeightKg >= 24.758 | bmi >= 5.120) -> UnitsInsBasalOrLongAct <= 12.092)
",-12.092,-12.092,0.000,1.000,0.000,2,0,0,0,2,0,2,0,1.0,0.0,0.0,1.0,1.0,0.0,1
"G[0,0](((Pt_CGMUseNumDays <= 0.000 | Triglyc >= 42.593) | Pt_SiblingT1D >= 41.734) | Pt_A1cGoalLev >= 27.472)
",5.915,144.907,0.000,1.000,0.000,2,0,0,0,2,0,2,0,1.0,0.0,0.0,1.0,1.0,0.0,1
"G[1,1]((Pt_FatherT1D >= 0.000 | UnitsInsBasalOrLongAct <= 11.318) -> BGTestAvgNumPtRep <= 7.508)
",-11.318,-11.318,0.000,1.000,0.000,2,0,0,0,2,0,2,0,1.0,0.0,0.0,1.0,1.0,0.0,1
"G[0,1]((diagAgeCombo >= 1.000 -> GFR >= 24.065) -> HeightCm <= 68.170)
",9999999.000,9999999.000,0.000,1.000,0.000,2,0,0,0,2,0,2,0,1.0,0.0,0.0,1.0,1.0,0.0,1
"G[0,1](BGTestAvgNumPtRep >= 0.452 -> WeightKg >= 13.213)
",9999999.000,9999999.000,0.000,1.000,0.000,2,0,0,0,2,0,2,0,1.0,0.0,0.0,1.0,1.0,0.0,1
"G[1,1](((Pt_CGMUseNumDays >= 0.000 & Pt_GrandparentT1D >= 0.000) & diagAgeCombo <= 0.000) | HeightCm >= 0.000)
",0.000,0.000,0.000,1.000,0.000,2,0,0,0,2,0,2,0,1.0,0.0,0.0,1.0,1.0,0.0,1
"G[1,1](((Pt_A1cGoalLev <= 2.424 | HDL >= 21.155) -> TotChol <= 57.853) | Pt_A1cGoalLevelDsYr5 <= 55.784)
",55.784,55.784,0.000,1.000,0.000,2,0,0,0,2,0,2,0,1.0,0.0,0.0,1.0,1.0,0.0,1
"G[1,1]((WeightKg >= 4.417 | bmi >= 17.133) -> UnitsInsBasalOrLongAct <= 21.704)
",-21.704,-21.704,0.000,1.000,0.000,2,0,0,0,2,0,2,0,1.0,0.0,0.0,1.0,1.0,0.0,1
"G[0,1](WeightKg >= 41.220 | DirectLDL <= 0.000)
",9999999.000,9999999.000,0.000,1.000,0.000,2,0,0,0,2,0,2,0,1.0,0.0,0.0,1.0,1.0,0.0,1
"G[0,0](((HbA1c <= 6.818 -> BUN <= 7.364) & BldPrDia <= 3.120) -> Pt_A1cGoalLevelDsYr5 >= 2.247)
",2.247,2.247,0.000,1.000,0.000,2,0,0,0,2,0,2,0,1.0,0.0,0.0,1.0,1.0,0.0,1
"G[1,1]((TotalDailyInsPerKg <= 0.496 -> AlbCreatRat_mggNew <= 5.253) -> Pt_DKAFlg <= 5.433)
",-5.433,-5.433,0.000,1.000,0.000,2,0,0,0,2,0,2,0,1.0,0.0,0.0,1.0,1.0,0.0,1
"G[0,1]((WeightKg >= 5.458 | bmi >= 7.269) -> UnitsInsBasalOrLongAct <= 21.652)
",9999999.000,9999999.000,0.000,1.000,0.000,2,0,0,0,2,0,2,0,1.0,0.0,0.0,1.0,1.0,0.0,1
"G[1,1]((WeightKg >= 16.086 | bmi >= 6.876) -> UnitsInsBasalOrLongAct <= 18.383)
",-18.383,-18.383,0.000,1.000,0.000,2,0,0,0,2,0,2,0,1.0,0.0,0.0,1.0,1.0,0.0,1
"G[0,1](BUN < 3.723 -> Pt_SHFlg = 0.000)
",9999999.000,9999999.000,0.000,1.000,0.000,2,0,0,0,2,0,2,0,1.0,0.0,0.0,1.0,1.0,0.0,1
"G[0,0]((HbA1c <= 6.847 | UnitsInsBasalOrLongAct >= 1.145) -> TSH <= 8.745)
",-8.216,-7.796,0.000,1.000,0.000,2,0,0,0,2,0,2,0,1.0,0.0,0.0,1.0,1.0,0.0,1
"F[0,0]((SMBGperDayPtMeterCombo <= 1.572 | BldPrSys >= 99.902) & SMBGperDayPtMeterCombo >= 103.162)
",-13.886,-69.428,0.000,0.000,1.000,2,0,0,0,2,0,2,0,1.0,0.0,0.0,1.0,1.0,0.0,-1
"F[1,1](((Pt_SiblingT1D <= 0.000 | BGTestAvgNumPtRep <= 1.434) & Pt_FatherT1D >= 1.084) & Pt_MotherT1D <= 2.997)
",-1.084,-1.084,0.000,0.000,1.000,2,0,0,0,2,0,2,0,1.0,0.0,0.0,1.0,1.0,0.0,-1
"F[1,1](((diabDur >= 17.064 | bmi <= 23.065) & Pt_SiblingT1D <= 19.312) & SMBGperDayPtMeterCombo >= 10.843)
",-10.843,-10.843,0.000,0.000,1.000,2,0,0,0,2,0,2,0,1.0,0.0,0.0,1.0,1.0,0.0,-1
"F[1,1](LDL >= 55.788 & TotalDailyInsPerKg <= 0.505)
",-55.788,-55.788,0.000,0.000,1.000,2,0,0,0,2,0,2,0,1.0,0.0,0.0,1.0,1.0,0.0,-1
"F[0,1]((Pt_CGMUseNumDays >= 0.000 & TotChol >= 9.921) & TotChol <= 156.901)
",-9999999.000,-9999999.000,0.000,0.000,1.000,2,0,0,0,2,0,2,0,1.0,0.0,0.0,1.0,1.0,0.0,-1
"F[0,1]((Pt_MotherT1D <= 0.000 | bmiPerc <= 0.654) -> HbA1c <= 0.792)
",-9999999.000,-9999999.000,0.000,0.000,1.000,2,0,0,0,2,0,2,0,1.0,0.0,0.0,1.0,1.0,0.0,-1
"((AlbCreatRat_mggNew > 5.145) U[1,2] (Pt_SHFlg = 0.000))
",-9999999.000,-9999999.000,0.000,0.000,1.000,2,0,0,0,2,0,2,0,1.0,0.0,0.0,1.0,1.0,0.0,-1
"F[1,1]((WeightKg >= 1.274 | bmiPerc <= 0.598) -> TSH >= 0.006)
",-0.598,-0.598,0.000,0.000,1.000,2,0,0,0,2,0,2,0,1.0,0.0,0.0,1.0,1.0,0.0,-1
"F[1,1](bmiZscore >= -0.059 & Pt_A1cGoalLev >= 0.336)
",-0.336,-0.336,0.000,0.000,1.000,2,0,0,0,2,0,2,0,1.0,0.0,0.0,1.0,1.0,0.0,-1
"((BldPrDia <= 72.768) U[1,1] (HeightCm <= 125.803))
",125.803,125.803,0.000,0.000,1.000,2,0,0,0,2,0,2,0,1.0,0.0,0.0,1.0,1.0,0.0,-1
"F[0,1](((age <= 21.159 | AlbCreatRat_mggNew >= 5.162) & Pt_ChildT1D >= 5.065) & LDL <= 5.393)
",-9999999.000,-9999999.000,0.000,0.000,1.000,2,0,0,0,2,0,2,0,1.0,0.0,0.0,1.0,1.0,0.0,-1
"((BGTestAvgNumMeter >= 0.294) U[1,1] (BGTestAvgNumPtRep <= 1.689))
",1.689,1.689,0.000,0.000,1.000,2,0,0,0,2,0,2,0,1.0,0.0,0.0,1.0,1.0,0.0,-1
"F[0,1]((GFR <= 64.232 | bmi <= 23.932) & TotalDailyInsPerKg >= 13.371)
",-9999999.000,-9999999.000,0.000,0.000,1.000,2,0,0,0,2,0,2,0,1.0,0.0,0.0,1.0,1.0,0.0,-1
"((DirectLDL < 0.000) U[1,1] (Pt_SHFlg = 0.000))
",0.000,0.000,0.000,0.000,1.000,2,0,0,0,2,0,2,0,1.0,0.0,0.0,1.0,1.0,0.0,-1
"F[0,0](((bmi <= 23.713 -> SMBGperDayPtMeterCombo <= 1.279) -> Pt_GrandparentT1D >= 0.384) | Pt_SiblingT1D >= 0.638)
",0.384,0.384,0.000,0.000,1.000,2,0,0,0,2,0,2,0,1.0,0.0,0.0,1.0,1.0,0.0,-1
"F[0,1](((bmiZscore <= 0.399 & HbA1cImputeDtMnC >= 13.180) & BGTestAvgNumPtRep >= 12.924) | BGTestAvgNumMeter >= 13.108)
",-9999999.000,-9999999.000,0.000,0.000,1.000,2,0,0,0,2,0,2,0,1.0,0.0,0.0,1.0,1.0,0.0,-1
"G[0,1]((Pt_A1cGoalLev >= 0.980 -> Pt_FatherT1D >= 0.000) | Pt_GrandchildT1D >= 0.000)
",9999999.000,9999999.000,0.000,1.000,0.000,2,0,0,0,2,0,2,0,1.0,0.0,0.0,1.0,1.0,0.0,1
"((Pt_ChildT1D <= 0.000) U[1,1] (TSH >= 0.174))
",0.000,0.000,0.000,0.000,1.000,2,0,0,0,2,0,2,0,1.0,0.0,0.0,1.0,1.0,0.0,-1
"G[0,1](Pt_DKAFlg <= 0.000 -> Pt_DKAFlg <= 0.000)
",9999999.000,9999999.000,0.000,1.000,0.000,2,0,0,0,2,0,2,0,1.0,0.0,0.0,1.0,1.0,0.0,1
"G[0,1](Pt_FatherT1D < 0.000 -> Pt_SHFlg = 0.000)
",9999999.000,9999999.000,0.000,1.000,0.000,2,0,0,0,2,0,2,0,1.0,0.0,0.0,1.0,1.0,0.0,1
"G[0,1](((HeightCm >= 0.430 & bmiZscore >= -0.200) | Pt_InsGov <= 0.388) | BldPrDia >= -0.168)
",9999999.000,9999999.000,0.000,1.000,0.000,2,0,0,0,2,0,2,0,1.0,0.0,0.0,1.0,1.0,0.0,1
"G[0,1](((UnitsInsBasalOrLongAct >= 0.057 | GFR <= 75.300) | diabDur <= 46.709) | Pt_GrandchildT1D >= 19.233)
",9999999.000,9999999.000,0.000,1.000,0.000,2,0,0,0,2,0,2,0,1.0,0.0,0.0,1.0,1.0,0.0,1
"G[0,0](Pt_InsGov <= 0.000 & Pt_SHFlg = 0.000)
",-1.000,-13.361,0.000,1.000,0.000,2,0,0,0,2,0,2,0,1.0,0.0,0.0,1.0,1.0,0.0,1
"G[0,1]((age <= 21.546 | GFR >= 14.973) | BGTestAvgNumPtRep <= 90.597)
",9999999.000,9999999.000,0.000,1.000,0.000,2,0,0,0,2,0,2,0,1.0,0.0,0.0,1.0,1.0,0.0,1
"G[0,1]((NumPumpBolusOrShortAct <= 4.402 & UnitsInsBasalOrLongAct >= 2.633) | DirectLDL <= 15.608)
",9999999.000,9999999.000,0.000,1.000,0.000,2,0,0,0,2,0,2,0,1.0,0.0,0.0,1.0,1.0,0.0,1
"G[1,1](TotalDailyInsPerKg <= 0.409 -> Pt_SiblingT1D <= 0.000)
",-0.409,-0.409,0.000,1.000,0.000,2,0,0,0,2,0,2,0,1.0,0.0,0.0,1.0,1.0,0.0,1
"G[0,1](((bmiPerc <= 0.589 | BUN >= 0.814) & WeightKg >= 2.451) -> Triglyc <= 8.415)
",9999999.000,9999999.000,0.000,1.000,0.000,2,0,0,0,2,0,2,0,1.0,0.0,0.0,1.0,1.0,0.0,1
"G[0,1]((bmiZscore <= 0.550 & Pt_A1cGoalLevelDsYr5 >= 0.000) -> bmiZscore <= 0.000)
",9999999.000,9999999.000,0.000,1.000,0.000,2,0,0,0,2,0,2,0,1.0,0.0,0.0,1.0,1.0,0.0,1
"G[0,1](Pt_CGMUseNumDays <= 0.000 & Pt_A1cGoalLevelDsYr5 >= 0.000)
",9999999.000,9999999.000,0.000,1.000,0.000,2,0,0,0,2,0,2,0,1.0,0.0,0.0,1.0,1.0,0.0,1
"G[0,0](((LDL >= 62.669 -> TotChol >= 89.737) -> WeightKg <= 150.135) | BGTestAvgNumPtRep <= 174.411)
",174.411,174.411,0.000,1.000,0.000,2,0,0,0,2,0,2,0,1.0,0.0,0.0,1.0,1.0,0.0,1
"G[0,1]((LDL <= 96.233 | Triglyc >= 62.316) -> HbA1c >= 5.906)
",9999999.000,9999999.000,0.000,1.000,0.000,2,0,0,0,2,0,2,0,1.0,0.0,0.0,1.0,1.0,0.0,1
"G[0,1](BldPrSys >= 106.986 | HDL >= 30.283)
",9999999.000,9999999.000,0.000,1.000,0.000,2,0,0,0,2,0,2,0,1.0,0.0,0.0,1.0,1.0,0.0,1
"G[0,1](((bmi <= 22.617 -> Pt_A1cGoalLev >= 0.860) & BldPrSys <= 4.668) | AutonomicNeuroCl <= 2.632)
",9999999.000,9999999.000,0.000,1.000,0.000,2,0,0,0,2,0,2,0,1.0,0.0,0.0,1.0,1.0,0.0,1
"G[0,1]((TotalDailyInsPerKg >= 0.269 & Triglyc <= 90.792) -> bmiZscore >= 59.427)
",9999999.000,9999999.000,0.000,1.000,0.000,2,0,0,0,2,0,2,0,1.0,0.0,0.0,1.0,1.0,0.0,1
"G[1,1]((LDL <= 114.579 -> NumPumpBolusOrShortAct <= 3.731) | TotChol <= 3.038)
",3.038,3.038,0.000,1.000,0.000,2,0,0,0,2,0,2,0,1.0,0.0,0.0,1.0,1.0,0.0,1
"G[1,1]((BGTestAvgNumPtRep <= 1.800 & Triglyc >= 19.029) | Pt_MotherT1D <= 71.565)
",71.565,71.565,0.000,1.000,0.000,2,0,0,0,2,0,2,0,1.0,0.0,0.0,1.0,1.0,0.0,1
"G[0,0](((Pt_InsGov <= 0.000 | TotalDailyInsPerKg <= 0.515) & Pt_GrandchildT1D >= 0.111) -> Pt_InsGov >= 0.055)
",0.055,0.055,0.000,1.000,0.000,2,0,0,0,2,0,2,0,1.0,0.0,0.0,1.0,1.0,0.0,1
"G[0,0]((TotalDailyInsPerKg <= 0.568 | Pt_SiblingT1D <= 0.000) | DirectLDL >= 0.000)
",1.000,78.500,0.000,1.000,0.000,2,0,0,0,2,0,2,0,1.0,0.0,0.0,1.0,1.0,0.0,1
"G[0,1]((TotalDailyInsPerKg >= 0.267 & WeightKg >= 29.684) | Pt_CGMUseNumDays <= 56.891)
",9999999.000,9999999.000,0.000,1.000,0.000,2,0,0,0,2,0,2,0,1.0,0.0,0.0,1.0,1.0,0.0,1
"G[0,1](((Pt_SHFlg <= 0.000 & BldPrDia >= 54.491) & age <= 74.943) | bmiPerc <= 79.365)
",9999999.000,9999999.000,0.000,1.000,0.000,2,0,0,0,2,0,2,0,1.0,0.0,0.0,1.0,1.0,0.0,1
"G[0,0]((Pt_InsGov <= 0.000 | BGTestAvgNumMeter >= 0.359) & DirectLDL <= 1.571)
",-0.980,-76.929,0.000,1.000,0.000,2,0,0,0,2,0,2,0,1.0,0.0,0.0,1.0,1.0,0.0,1
"G[1,1]((HbA1cImputeDtMnC >= 11.542 | WeightKg >= 38.334) & BldPrSys >= 29.683)
",-29.683,-29.683,0.000,1.000,0.000,2,0,0,0,2,0,2,0,1.0,0.0,0.0,1.0,1.0,0.0,1
"G[1,1](TotChol >= 135.260 -> Pt_SHFlg = 0.000)
",0.000,0.000,0.000,1.000,0.000,2,0,0,0,2,0,2,0,1.0,0.0,0.0,1.0,1.0,0.0,1
"G[0,1]((WeightKg >= 18.279 | bmiZscore >= -0.163) -> HDL >= -0.073)
",9999999.000,9999999.000,0.000,1.000,0.000,2,0,0,0,2,0,2,0,1.0,0.0,0.0,1.0,1.0,0.0,1
"G[1,1](bmiZscore <= 0.021 -> HbA1c <= 6.847)
",-6.847,-6.847,0.000,1.000,0.000,2,0,0,0,2,0,2,0,1.0,0.0,0.0,1.0,1.0,0.0,1
"G[1,1](((SMBGperDayPtMeterCombo <= 1.363 & TotChol <= 177.980) & Pt_GrandparentT1D <= 186.150) -> bmiPerc <= 196.452)
",-196.452,-196.452,0.000,1.000,0.000,2,0,0,0,2,0,2,0,1.0,0.0,0.0,1.0,1.0,0.0,1
"G[0,0]((SMBGperDayPtMeterCombo >= 0.534 -> Pt_FatherT1D >= 0.000) | BGTestAvgNumMeter <= 0.000)
",-1.000,-12.500,0.000,1.000,0.000,2,0,0,0,2,0,2,0,1.0,0.0,0.0,1.0,1.0,0.0,1
"G[0,0]((BGTestAvgNumPtRep >= 0.206 & WeightKg <= 59.681) -> AutonomicNeuroCl >= 12.216)
",0.206,0.206,0.000,1.000,0.000,2,0,0,0,2,0,2,0,1.0,0.0,0.0,1.0,1.0,0.0,1
"G[1,1](BGTestAvgNumPtRep >= 0.778 | LDL <= 82.743)
",82.743,82.743,0.000,1.000,0.000,2,0,0,0,2,0,2,0,1.0,0.0,0.0,1.0,1.0,0.0,1
"G[0,1](((age <= 20.838 | Triglyc >= 64.947) | Pt_FatherT1D <= 70.228) | AutonomicNeuroCl <= 71.843)
",9999999.000,9999999.000,0.000,1.000,0.000,2,0,0,0,2,0,2,0,1.0,0.0,0.0,1.0,1.0,0.0,1
"G[0,1](HbA1c >= 6.623 | NumPumpBolusOrShortAct <= 2.226)
",9999999.000,9999999.000,0.000,1.000,0.000,2,0,0,0,2,0,2,0,1.0,0.0,0.0,1.0,1.0,0.0,1
"G[0,1](BldPrDia >= 59.097 | BldPrSys <= 121.221)
",9999999.000,9999999.000,0.000,1.000,0.000,2,0,0,0,2,0,2,0,1.0,0.0,0.0,1.0,1.0,0.0,1
"G[0,1]((age >= 19.045 -> bmiZscore <= 0.102) & Pt_InsGov <= 0.266)
",9999999.000,9999999.000,0.000,1.000,0.000,2,0,0,0,2,0,2,0,1.0,0.0,0.0,1.0,1.0,0.0,1
"G[1,1](((BldPrDia >= 62.158 & Triglyc <= 94.099) & bmi <= 89.448) | HbA1c >= 0.471)
",-0.471,-0.471,0.000,1.000,0.000,2,0,0,0,2,0,2,0,1.0,0.0,0.0,1.0,1.0,0.0,1
"((BGTestAvgNumMeter <= 1.014) U[0,1] (WeightKg <= 49.575))
",-9999999.000,-9999999.000,0.000,0.000,1.000,1,0,0,1,2,0,1,1,0.5,0.0,0.0,1.0,0.5,0.5,-1
"((GFR >= 27.054) U[1,2] (Pt_FatherT1D <= 0.000))
",-9999999.000,-9999999.000,0.000,0.000,1.000,1,0,0,1,2,0,1,1,0.5,0.0,0.0,1.0,0.5,0.5,-1
"((age >= 18.965) U[1,1] (DirectLDL <= 0.000))
",0.000,0.000,0.000,0.000,1.000,1,0,0,1,2,0,1,1,0.5,0.0,0.0,1.0,0.5,0.5,-1
"F[1,1](Pt_MotherT1D <= 0.000 & HbA1cImputeDtMnC <= 36.787)
",0.000,0.000,0.000,0.000,1.000,1,0,0,1,2,0,1,1,0.5,0.0,0.0,1.0,0.5,0.5,-1
"((HeightCm <= 138.583) U[0,1] (TSH >= 0.111))
",-9999999.000,-9999999.000,0.000,0.000,1.000,1,0,0,1,2,0,1,1,0.5,0.0,0.0,1.0,0.5,0.5,-1
"((Pt_A1cGoalLev <= 4.307) U[1,1] (BldPrSys <= 119.914))
",119.914,119.914,0.000,0.000,1.000,1,0,0,1,2,0,1,1,0.5,0.0,0.0,1.0,0.5,0.5,-1
"F[0,1]((bmiZscore >= -0.248 | TotalDailyInsPerKg <= 0.752) -> diagAgeCombo <= 0.704)
",-9999999.000,-9999999.000,0.000,0.000,1.000,1,0,0,1,2,0,1,1,0.5,0.0,0.0,1.0,0.5,0.5,-1
"((HeightCm >= 37.204) U[1,2] (Pt_SHFlg = 0.000))
",-9999999.000,-9999999.000,0.000,0.000,1.000,1,0,0,1,2,0,1,1,0.5,0.0,0.0,1.0,0.5,0.5,-1
"F[1,1](LDL >= 76.169 & SMBGperDayPtMeterCombo >= 0.357)
",-76.169,-76.169,0.000,0.000,1.000,1,0,0,1,2,0,1,1,0.5,0.0,0.0,1.0,0.5,0.5,-1
"((HbA1cImputeDtMnC >= 10.065) U[1,2] (Pt_SHFlg = 0.000))
",-9999999.000,-9999999.000,0.000,0.000,1.000,1,0,0,1,2,0,1,1,0.5,0.0,0.0,1.0,0.5,0.5,-1
"((Pt_DKAFlg <= 0.000) U[0,0] (BldPrSys <= 120.355))
",120.355,120.355,0.000,0.000,1.000,1,0,0,1,2,0,1,1,0.5,0.0,0.0,1.0,0.5,0.5,-1
"F[0,1](SMBGperDayPtMeterCombo >= 0.905 & TotalDailyInsPerKg >= 0.153)
",-9999999.000,-9999999.000,0.000,0.000,1.000,1,0,0,1,2,0,1,1,0.5,0.0,0.0,1.0,0.5,0.5,-1
"F[0,0](((Pt_A1cGoalLevelDsYr5 <= 0.000 -> NumPumpBolusOrShortAct <= 2.366) | age <= 1.829) -> Pt_SHFlg >= 1.367)
",-1.156,-13.592,0.000,0.000,1.000,1,0,0,1,2,0,1,1,0.5,0.0,0.0,1.0,0.5,0.5,-1
"F[0,1](bmiPerc >= 0.280 -> SMBGperDayPtMeterCombo <= 1.042)
",-9999999.000,-9999999.000,0.000,0.000,1.000,1,0,0,1,2,0,1,1,0.5,0.0,0.0,1.0,0.5,0.5,-1
"((BGTestAvgNumMeter >= 0.231) U[1,2] (BGTestAvgNumPtRep <= 2.694))
",-9999999.000,-9999999.000,0.000,0.000,1.000,1,0,0,1,2,0,1,1,0.5,0.0,0.0,1.0,0.5,0.5,-1
"F[1,1](((BldPrDia >= 54.292 & TotChol <= 197.604) | Pt_ChildT1D >= 77.495) | age >= 85.350)
",-54.292,-54.292,0.000,0.000,1.000,1,0,0,1,2,0,1,1,0.5,0.0,0.0,1.0,0.5,0.5,-1
"((SMBGperDayPtMeterCombo <= 1.953) U[1,2] (LDL >= 51.507))
",-9999999.000,-9999999.000,0.000,0.000,1.000,1,0,0,1,2,0,1,1,0.5,0.0,0.0,1.0,0.5,0.5,-1
"F[0,0](BUN < 6.310 & Pt_SHFlg = 0.000)
",-4.064,-75.190,0.000,0.000,1.000,1,0,0,1,2,0,1,1,0.5,0.0,0.0,1.0,0.5,0.5,-1
"F[0,0]((AlbCreatRat_mggNew <= 5.993 & bmi >= 10.354) | BGTestAvgNumMeter >= 2.691)
",0.785,9.809,0.000,0.000,1.000,1,0,0,1,2,0,1,1,0.5,0.0,0.0,1.0,0.5,0.5,-1
"((BGTestAvgNumMeter >= 0.468) U[1,2] (BGTestAvgNumPtRep <= 2.503))
",-9999999.000,-9999999.000,0.000,0.000,1.000,1,0,0,1,2,0,1,1,0.5,0.0,0.0,1.0,0.5,0.5,-1
"((TotalDailyInsPerKg <= 0.469) U[1,2] (Pt_SiblingT1D <= 0.000))
",-9999999.000,-9999999.000,0.000,0.000,1.000,1,0,0,1,2,0,1,1,0.5,0.0,0.0,1.0,0.5,0.5,-1
"F[1,1](((BldPrDia <= 78.833 | WeightKg <= 46.997) & age <= 60.321) & HbA1c <= 45.295)
",45.295,45.295,0.000,0.000,1.000,1,0,0,1,2,0,1,1,0.5,0.0,0.0,1.0,0.5,0.5,-1
"F[1,1](HbA1c >= 6.576 | HbA1cImputeDtMnC <= 22.687)
",22.687,22.687,0.000,0.000,1.000,1,0,0,1,2,0,1,1,0.5,0.0,0.0,1.0,0.5,0.5,-1
"((BGTestAvgNumMeter >= 0.162) U[1,2] (BGTestAvgNumPtRep <= 2.723))
",-9999999.000,-9999999.000,0.000,0.000,1.000,1,0,0,1,2,0,1,1,0.5,0.0,0.0,1.0,0.5,0.5,-1
"F[0,0](((BGTestAvgNumMeter <= 1.152 & SMBGperDayPtMeterCombo <= 1.394) & Pt_GrandchildT1D <= 1.275) -> BldPrSys <= 1.362)
",-1.362,-1.362,0.000,0.000,1.000,1,0,0,1,2,0,1,1,0.5,0.0,0.0,1.0,0.5,0.5,-1
"F[0,1]((BUN <= 8.082 | HbA1c <= 6.891) -> BUN >= 6.431)
",-9999999.000,-9999999.000,0.000,0.000,1.000,1,0,0,1,2,0,1,1,0.5,0.0,0.0,1.0,0.5,0.5,-1
"((BGTestAvgNumMeter >= 0.254) U[0,0] (BGTestAvgNumPtRep <= 1.820))
",1.159,13.283,0.000,0.000,1.000,1,0,0,1,2,0,1,1,0.5,0.0,0.0,1.0,0.5,0.5,-1
"((AlbCreatRat_mggNew <= 5.977) U[0,1] (TotalDailyInsPerKg >= 0.148))
",-9999999.000,-9999999.000,0.000,0.000,1.000,1,0,0,1,2,0,1,1,0.5,0.0,0.0,1.0,0.5,0.5,-1
"((NumPumpBolusOrShortAct >= 1.454) U[1,2] (BGTestAvgNumPtRep <= 2.808))
",-9999999.000,-9999999.000,0.000,0.000,1.000,1,0,0,1,2,0,1,1,0.5,0.0,0.0,1.0,0.5,0.5,-1
"((Pt_A1cGoalLev >= 1.441) U[0,0] (TotalDailyInsPerKg <= 0.633))
",-0.441,-0.441,0.000,0.000,1.000,1,0,0,1,2,0,1,1,0.5,0.0,0.0,1.0,0.5,0.5,-1
"F[0,1](GFR >= 12.721 & Triglyc >= 59.431)
",-9999999.000,-9999999.000,0.000,0.000,1.000,1,0,0,1,2,0,1,1,0.5,0.0,0.0,1.0,0.5,0.5,-1
"F[1,1](((bmiZscore >= -0.454 | GFR >= 11.493) -> WeightKg >= 16.171) -> BldPrDia <= 94.050)
",-94.050,-94.050,0.000,0.000,1.000,1,0,0,1,2,0,1,1,0.5,0.0,0.0,1.0,0.5,0.5,-1
"((bmiZscore <= 0.600) U[0,1] (TSH >= 0.334))
",-9999999.000,-9999999.000,0.000,0.000,1.000,1,0,0,1,2,0,1,1,0.5,0.0,0.0,1.0,0.5,0.5,-1
"((BGTestAvgNumMeter >= 0.013) U[1,2] (BGTestAvgNumPtRep <= 1.655))
",-9999999.000,-9999999.000,0.000,0.000,1.000,1,0,0,1,2,0,1,1,0.5,0.0,0.0,1.0,0.5,0.5,-1
"((LDL <= 109.469) U[1,1] (Pt_DKAFlg >= 0.000))
",109.469,109.469,0.000,0.000,1.000,1,0,0,1,2,0,1,1,0.5,0.0,0.0,1.0,0.5,0.5,-1
"F[0,1]((bmi >= 14.025 -> AutonomicNeuroCl <= 0.000) -> SMBGperDayPtMeterCombo <= 0.000)
",-9999999.000,-9999999.000,0.000,0.000,1.000,1,0,0,1,2,0,1,1,0.5,0.0,0.0,1.0,0.5,0.5,-1
"F[0,1](LDL <= 79.116 & WeightKg >= 34.983)
",-9999999.000,-9999999.000,0.000,0.000,1.000,1,0,0,1,2,0,1,1,0.5,0.0,0.0,1.0,0.5,0.5,-1
"F[0,1](BGTestAvgNumPtRep <= 2.546 & SMBGperDayPtMeterCombo >= 0.244)
",-9999999.000,-9999999.000,0.000,0.000,1.000,1,0,0,1,2,0,1,1,0.5,0.0,0.0,1.0,0.5,0.5,-1
"F[1,1](((bmiZscore >= -0.501 -> LDL <= 91.464) & HDL <= 85.634) -> Triglyc <= 100.616)
",-100.616,-100.616,0.000,0.000,1.000,1,0,0,1,2,0,1,1,0.5,0.0,0.0,1.0,0.5,0.5,-1
"F[1,1]((diabDur >= 18.481 & LDL <= 87.124) & Pt_ChildT1D <= 106.713)
",-18.481,-18.481,0.000,0.000,1.000,1,0,0,1,2,0,1,1,0.5,0.0,0.0,1.0,0.5,0.5,-1
"F[1,1](DirectLDL >= 0.000 & Triglyc <= 108.638)
",0.000,0.000,0.000,0.000,1.000,1,0,0,1,2,0,1,1,0.5,0.0,0.0,1.0,0.5,0.5,-1
"F[0,1](((diabDur <= 19.665 & HeightCm <= 153.536) & DirectLDL <= 151.991) & diagAgeCombo <= 142.871)
",-9999999.000,-9999999.000,0.000,0.000,1.000,1,0,0,1,2,0,1,1,0.5,0.0,0.0,1.0,0.5,0.5,-1
"F[0,0]((age <= 20.615 | HbA1cImputeDtMnC <= 25.112) & TotalDailyInsPerKg <= 20.525)
",2.525,2.525,0.000,0.000,1.000,1,0,0,1,2,0,1,1,0.5,0.0,0.0,1.0,0.5,0.5,-1
"G[1,1](((diabDur >= 18.447 & HDL >= 24.822) -> BUN <= 55.399) & Triglyc <= 64.496)
",-55.399,-55.399,0.000,1.000,0.000,1,0,0,1,2,0,1,1,0.5,0.0,0.0,1.0,0.5,0.5,1
"G[0,1](BldPrDia >= 68.083 | SMBGperDayPtMeterCombo <= 1.941)
",9999999.000,9999999.000,0.000,1.000,0.000,1,0,0,1,2,0,1,1,0.5,0.0,0.0,1.0,0.5,0.5,1
"G[0,0](((BldPrDia >= 57.827 | Pt_SHFlg <= 0.000) | Pt_SHFlg <= 0.000) & SMBGperDayPtMeterCombo <= 0.000)
",-14.200,-71.000,0.000,1.000,0.000,1,0,0,1,2,0,1,1,0.5,0.0,0.0,1.0,0.5,0.5,1
"G[0,0](age >= 19.476 -> BGTestAvgNumMeter >= 0.203)
",-0.984,-12.297,0.000,1.000,0.000,1,0,0,1,2,0,1,1,0.5,0.0,0.0,1.0,0.5,0.5,1
"G[1,1]((TotChol >= 33.218 | SMBGperDayPtMeterCombo <= 1.464) & HDL >= 0.045)
",-0.045,-0.045,0.000,1.000,0.000,1,0,0,1,2,0,1,1,0.5,0.0,0.0,1.0,0.5,0.5,1
"G[1,1]((BGTestAvgNumMeter <= 1.203 | BldPrSys <= 115.544) & BGTestAvgNumMeter <= 115.702)
",115.544,115.544,0.000,1.000,0.000,1,0,0,1,2,0,1,1,0.5,0.0,0.0,1.0,0.5,0.5,1
"G[0,1](LDL >= 25.399 | UnitsInsBasalOrLongAct >= 1.745)
",9999999.000,9999999.000,0.000,1.000,0.000,1,0,0,1,2,0,1,1,0.5,0.0,0.0,1.0,0.5,0.5,1
"G[0,0]((HeightCm <= 141.342 -> TotChol <= 156.000) | TotalDailyInsPerKg >= 70.245)
",-52.245,-52.245,0.000,1.000,0.000,1,0,0,1,2,0,1,1,0.5,0.0,0.0,1.0,0.5,0.5,1
"G[0,1](HbA1cImputeDtMnC <= 30.262 -> Pt_A1cGoalLev <= 6.032)
",9999999.000,9999999.000,0.000,1.000,0.000,1,0,0,1,2,0,1,1,0.5,0.0,0.0,1.0,0.5,0.5,1
"G[0,0]((BUN <= 3.266 & diabDur <= 19.055) -> UnitsInsBasalOrLongAct >= 18.131)
",13.131,13.131,0.000,1.000,0.000,1,0,0,1,2,0,1,1,0.5,0.0,0.0,1.0,0.5,0.5,1
"G[0,0]((Pt_DKAFlg <= 0.000 | Pt_ChildT1D >= 0.000) -> HbA1cImputeDtMnC <= 0.000)
",0.000,0.000,0.000,1.000,0.000,1,0,0,1,2,0,1,1,0.5,0.0,0.0,1.0,0.5,0.5,1
"G[1,1](HDL >= 33.027 & TSH <= 0.395)
",-33.027,-33.027,0.000,1.000,0.000,1,0,0,1,2,0,1,1,0.5,0.0,0.0,1.0,0.5,0.5,1
"G[0,1](TotalDailyInsPerKg <= 0.548 | AlbCreatRat_mggNew <= 5.997)
",9999999.000,9999999.000,0.000,1.000,0.000,1,0,0,1,2,0,1,1,0.5,0.0,0.0,1.0,0.5,0.5,1
"G[1,1]((bmiPerc >= 0.067 -> UnitsInsBasalOrLongAct >= 1.017) -> NumPumpBolusOrShortAct >= 2.219)
",-0.067,-0.067,0.000,1.000,0.000,1,0,0,1,2,0,1,1,0.5,0.0,0.0,1.0,0.5,0.5,1
"G[0,1](BGTestAvgNumPtRep <= 2.845 -> BUN <= 10.683)
",9999999.000,9999999.000,0.000,1.000,0.000,1,0,0,1,2,0,1,1,0.5,0.0,0.0,1.0,0.5,0.5,1
"G[1,1]((BldPrDia <= 81.888 | bmiPerc >= 0.133) -> Pt_A1cGoalLev >= 0.051)
",-81.888,-81.888,0.000,1.000,0.000,1,0,0,1,2,0,1,1,0.5,0.0,0.0,1.0,0.5,0.5,1
"G[0,0](((NumPumpBolusOrShortAct <= 3.390 | TotalDailyInsPerKg <= 0.583) & HDL >= 0.057) -> GFR <= 0.462)
",-3.390,-3.390,0.000,1.000,0.000,1,0,0,1,2,0,1,1,0.5,0.0,0.0,1.0,0.5,0.5,1
"G[0,1](age <= 21.998 & HeightCm >= 52.560)
",9999999.000,9999999.000,0.000,1.000,0.000,1,0,0,1,2,0,1,1,0.5,0.0,0.0,1.0,0.5,0.5,1
"G[1,1](((UnitsInsBasalOrLongAct >= 1.956 | BGTestAvgNumPtRep >= 0.773) -> AlbCreatRat_mggNew <= 1.817) | BldPrSys <= 1.265)
",1.265,1.265,0.000,1.000,0.000,1,0,0,1,2,0,1,1,0.5,0.0,0.0,1.0,0.5,0.5,1
"G[0,0](SMBGperDayPtMeterCombo >= 0.943 & BGTestAvgNumPtRep >= 0.348)
",-0.348,-0.348,0.000,1.000,0.000,1,0,0,1,2,0,1,1,0.5,0.0,0.0,1.0,0.5,0.5,1
"G[0,1](SMBGperDayPtMeterCombo >= 0.176 & BGTestAvgNumPtRep >= 0.010)
",9999999.000,9999999.000,0.000,1.000,0.000,1,0,0,1,2,0,1,1,0.5,0.0,0.0,1.0,0.5,0.5,1
"G[0,1](BldPrDia > 59.820 & Pt_SHFlg = 0.000)
",9999999.000,9999999.000,0.000,1.000,0.000,1,0,0,1,2,0,1,1,0.5,0.0,0.0,1.0,0.5,0.5,1
"G[0,1](SMBGperDayPtMeterCombo >= 0.035 & BGTestAvgNumPtRep >= 0.691)
",9999999.000,9999999.000,0.000,1.000,0.000,1,0,0,1,2,0,1,1,0.5,0.0,0.0,1.0,0.5,0.5,1
"G[1,1]((bmiPerc >= 0.223 -> TotalDailyInsPerKg <= 0.407) -> BGTestAvgNumPtRep >= 0.250)
",0.250,0.250,0.000,1.000,0.000,1,0,0,1,2,0,1,1,0.5,0.0,0.0,1.0,0.5,0.5,1
"G[0,1](SMBGperDayPtMeterCombo >= 0.256 & BGTestAvgNumPtRep >= 0.634)
",9999999.000,9999999.000,0.000,1.000,0.000,1,0,0,1,2,0,1,1,0.5,0.0,0.0,1.0,0.5,0.5,1
"G[0,1]((age >= 19.275 -> LDL <= 103.891) | HeightCm <= 102.466)
",9999999.000,9999999.000,0.000,1.000,0.000,1,0,0,1,2,0,1,1,0.5,0.0,0.0,1.0,0.5,0.5,1
"G[0,1](HbA1c <= 6.704 | TSH <= 0.507)
",9999999.000,9999999.000,0.000,1.000,0.000,1,0,0,1,2,0,1,1,0.5,0.0,0.0,1.0,0.5,0.5,1
"G[0,1](((HeightCm <= 139.923 | TotalDailyInsPerKg <= 0.657) | Pt_ChildT1D >= 0.266) -> HeightCm <= 0.424)
",9999999.000,9999999.000,0.000,1.000,0.000,1,0,0,1,2,0,1,1,0.5,0.0,0.0,1.0,0.5,0.5,1
"G[0,1](SMBGperDayPtMeterCombo >= 0.378 & BGTestAvgNumPtRep >= 0.052)
",9999999.000,9999999.000,0.000,1.000,0.000,1,0,0,1,2,0,1,1,0.5,0.0,0.0,1.0,0.5,0.5,1
"G[1,1](SMBGperDayPtMeterCombo >= 0.133 & BGTestAvgNumPtRep >= 1.051)
",-1.051,-1.051,0.000,1.000,0.000,1,0,0,1,2,0,1,1,0.5,0.0,0.0,1.0,0.5,0.5,1
"F[0,0](bmiZscore >= -0.432 | HeightCm <= 126.295)
",3.168,95.995,0.000,0.000,1.000,0,0,0,2,2,0,0,2,0.0,0.0,0.0,0.0,0.0,1.0,-1
"F[1,2]((Pt_SHFlg >= 0.000 & bmiZscore <= 0.390) | TotChol >= -0.193)
",-9999999.000,-9999999.000,0.000,0.000,1.000,0,0,0,2,2,0,0,2,0.0,0.0,0.0,0.0,0.0,1.0,-1
"F[0,0](((AutonomicNeuroCl >= 0.000 & bmiZscore >= -0.206) -> Pt_FatherT1D <= 0.762) | bmiPerc >= -0.379)
",1.031,12.671,0.000,0.000,1.000,0,0,0,2,2,0,0,2,0.0,0.0,0.0,0.0,0.0,1.0,-1
"F[1,2]((bmiZscore <= 0.096 & TotalDailyInsPerKg <= 0.618) -> BUN <= 0.485)
",-9999999.000,-9999999.000,0.000,0.000,1.000,0,0,0,2,2,0,0,2,0.0,0.0,0.0,0.0,0.0,1.0,-1
"F[0,1](((BGTestAvgNumMeter >= 0.122 -> Pt_CGMUseNumDays <= 0.000) & TotalDailyInsPerKg <= 0.000) -> Pt_GrandchildT1D <= 0.000)
",-9999999.000,-9999999.000,0.000,0.000,1.000,0,0,0,2,2,0,0,2,0.0,0.0,0.0,0.0,0.0,1.0,-1
"F[0,2](((Pt_DKAFlg <= 0.000 -> diagAgeCombo <= 1.000) -> Pt_GrandchildT1D >= 1.000) -> WeightKg >= 1.000)
",-9999999.000,-9999999.000,0.000,0.000,1.000,0,0,0,2,2,0,0,2,0.0,0.0,0.0,0.0,0.0,1.0,-1
"F[1,2](((WeightKg <= 48.229 -> DirectLDL >= 0.000) & TSH >= 0.000) -> DirectLDL >= 0.000)
",-9999999.000,-9999999.000,0.000,0.000,1.000,0,0,0,2,2,0,0,2,0.0,0.0,0.0,0.0,0.0,1.0,-1
"((Pt_MotherT1D <= 0.000) U[0,2] (BldPrSys <= 116.110))
",-9999999.000,-9999999.000,0.000,0.000,1.000,0,0,0,2,2,0,0,2,0.0,0.0,0.0,0.0,0.0,1.0,-1
"F[0,1](((HeightCm <= 136.127 -> BGTestAvgNumPtRep >= 0.768) -> GFR <= 1.797) & BGTestAvgNumPtRep <= 2.516)
",-9999999.000,-9999999.000,0.000,0.000,1.000,0,0,0,2,2,0,0,2,0.0,0.0,0.0,0.0,0.0,1.0,-1
"((age >= 19.114) U[0,2] (HeightCm <= 121.952))
",-9999999.000,-9999999.000,0.000,0.000,1.000,0,0,0,2,2,0,0,2,0.0,0.0,0.0,0.0,0.0,1.0,-1
"F[0,2]((Pt_GrandparentT1D >= 0.000 | Pt_A1cGoalLevelDsYr5 <= 0.000) -> WeightKg <= 0.000)
",-9999999.000,-9999999.000,0.000,0.000,1.000,0,0,0,2,2,0,0,2,0.0,0.0,0.0,0.0,0.0,1.0,-1
"F[1,2](Pt_MotherT1D >= 0.000 -> Pt_SHFlg = 0.000)
",-9999999.000,-9999999.000,0.000,0.000,1.000,0,0,0,2,2,0,0,2,0.0,0.0,0.0,0.0,0.0,1.0,-1
"((WeightKg < 52.726) U[0,1] (Pt_SHFlg = 0.000))
",-9999999.000,-9999999.000,0.000,0.000,1.000,0,0,0,2,2,0,0,2,0.0,0.0,0.0,0.0,0.0,1.0,-1
"F[1,2]((age >= 19.997 & diabDur >= 17.944) & Pt_GrandparentT1D <= 18.999)
",-9999999.000,-9999999.000,0.000,0.000,1.000,0,0,0,2,2,0,0,2,0.0,0.0,0.0,0.0,0.0,1.0,-1
"F[0,0](((bmi <= 24.360 | HeightCm <= 131.901) | GFR <= 138.750) | BldPrDia <= 124.558)
",329.975,138.330,0.000,0.000,1.000,0,0,0,2,2,0,0,2,0.0,0.0,0.0,0.0,0.0,1.0,-1
"((HeightCm >= 32.472) U[0,1] (WeightKg <= 60.145))
",-9999999.000,-9999999.000,0.000,0.000,1.000,0,0,0,2,2,0,0,2,0.0,0.0,0.0,0.0,0.0,1.0,-1
"F[1,2](UnitsInsBasalOrLongAct <= 13.931 | WeightKg <= 58.974)
",-9999999.000,-9999999.000,0.000,0.000,1.000,0,0,0,2,2,0,0,2,0.0,0.0,0.0,0.0,0.0,1.0,-1
"F[2,2](((bmi <= 19.780 | WeightKg >= 37.671) & age <= 48.951) & diagAgeCombo <= 52.867)
",19.780,19.780,0.000,0.000,1.000,0,0,0,2,2,0,0,2,0.0,0.0,0.0,0.0,0.0,1.0,-1
"((HeightCm >= 38.802) U[1,2] (UnitsInsBasalOrLongAct >= 5.208))
",-9999999.000,-9999999.000,0.000,0.000,1.000,0,0,0,2,2,0,0,2,0.0,0.0,0.0,0.0,0.0,1.0,-1
"F[0,1](GFR < 40.841 -> Pt_SHFlg = 0.000)
",-9999999.000,-9999999.000,0.000,0.000,1.000,0,0,0,2,2,0,0,2,0.0,0.0,0.0,0.0,0.0,1.0,-1
"F[1,2](((DirectLDL >= 0.000 | BldPrDia >= 45.827) -> TotChol >= 60.242) | Pt_GrandchildT1D >= 67.625)
",-9999999.000,-9999999.000,0.000,0.000,1.000,0,0,0,2,2,0,0,2,0.0,0.0,0.0,0.0,0.0,1.0,-1
"F[0,1](AlbCreatRat_mggNew <= 5.868 -> Pt_SHFlg = 0.000)
",-9999999.000,-9999999.000,0.000,0.000,1.000,0,0,0,2,2,0,0,2,0.0,0.0,0.0,0.0,0.0,1.0,-1
"F[0,2](bmi > 14.430 & Pt_SHFlg = 0.000)
",-9999999.000,-9999999.000,0.000,0.000,1.000,0,0,0,2,2,0,0,2,0.0,0.0,0.0,0.0,0.0,1.0,-1
"F[0,1](WeightKg < 46.676 -> Pt_SHFlg = 0.000)
",-9999999.000,-9999999.000,0.000,0.000,1.000,0,0,0,2,2,0,0,2,0.0,0.0,0.0,0.0,0.0,1.0,-1
"((diagAgeCombo <= 1.000) U[0,0] (Pt_SHFlg = 0.000))
",-0.928,-12.861,0.000,0.000,1.000,0,0,0,2,2,0,0,2,0.0,0.0,0.0,0.0,0.0,1.0,-1
"F[0,0](HDL >= 16.600 -> Pt_SHFlg = 0.000)
",-4.389,-83.400,0.000,0.000,1.000,0,0,0,2,2,0,0,2,0.0,0.0,0.0,0.0,0.0,1.0,-1
"F[0,2](Pt_A1cGoalLevelDsYr5 < 0.000 -> Pt_SHFlg = 0.000)
",-9999999.000,-9999999.000,0.000,0.000,1.000,0,0,0,2,2,0,0,2,0.0,0.0,0.0,0.0,0.0,1.0,-1
"((AutonomicNeuroCl <= 0.000) U[0,0] (Pt_SHFlg = 0.000))
",-1.000,-3.450,0.000,0.000,1.000,0,0,0,2,2,0,0,2,0.0,0.0,0.0,0.0,0.0,1.0,-1
"F[1,2]((bmi <= 18.275 -> bmiZscore >= -0.539) -> bmi <= 0.488)
",-9999999.000,-9999999.000,0.000,0.000,1.000,0,0,0,2,2,0,0,2,0.0,0.0,0.0,0.0,0.0,1.0,-1
"F[0,0](HbA1c >= 6.520 -> Pt_A1cGoalLevelDsYr5 = 0.000)
",0.000,0.000,0.000,0.000,1.000,0,0,0,2,2,0,0,2,0.0,0.0,0.0,0.0,0.0,1.0,-1
"((LDL >= 75.911) U[1,1] (TSH <= 0.724))
",0.724,0.724,0.000,0.000,1.000,0,0,0,2,2,0,0,2,0.0,0.0,0.0,0.0,0.0,1.0,-1
"F[0,2]((BldPrSys >= 106.707 -> Pt_A1cGoalLev >= 1.099) & Pt_A1cGoalLevelDsYr5 <= 5.479)
",-9999999.000,-9999999.000,0.000,0.000,1.000,0,0,0,2,2,0,0,2,0.0,0.0,0.0,0.0,0.0,1.0,-1
"F[2,2]((diagAgeCombo >= 1.000 -> bmiPerc >= 0.284) & HDL >= 0.210)
",-0.210,-0.210,0.000,0.000,1.000,0,0,0,2,2,0,0,2,0.0,0.0,0.0,0.0,0.0,1.0,-1
"F[0,1]((Triglyc <= 89.482 & bmi >= 5.420) -> bmiPerc >= 4.297)
",-9999999.000,-9999999.000,0.000,0.000,1.000,0,0,0,2,2,0,0,2,0.0,0.0,0.0,0.0,0.0,1.0,-1
"F[0,2]((SMBGperDayPtMeterCombo <= 1.001 & DirectLDL <= 0.000) -> UnitsInsBasalOrLongAct <= 0.000)
",-9999999.000,-9999999.000,0.000,0.000,1.000,0,0,0,2,2,0,0,2,0.0,0.0,0.0,0.0,0.0,1.0,-1
"F[0,1](HbA1c >= 6.633 | BldPrSys >= 102.435)
",-9999999.000,-9999999.000,0.000,0.000,1.000,0,0,0,2,2,0,0,2,0.0,0.0,0.0,0.0,0.0,1.0,-1
"F[0,2](((HbA1c <= 6.900 -> HDL <= 67.601) -> BGTestAvgNumPtRep <= 57.736) -> SMBGperDayPtMeterCombo <= 52.538)
",-9999999.000,-9999999.000,0.000,0.000,1.000,0,0,0,2,2,0,0,2,0.0,0.0,0.0,0.0,0.0,1.0,-1
"F[2,2](((diagAgeCombo <= 1.000 | BUN >= 1.736) | Pt_FatherT1D <= 11.429) | WeightKg >= 1.889)
",11.429,11.429,0.000,0.000,1.000,0,0,0,2,2,0,0,2,0.0,0.0,0.0,0.0,0.0,1.0,-1
"F[1,2](((BGTestAvgNumPtRep >= 0.275 -> diabDur >= 18.053) -> bmiPerc >= 18.122) -> Pt_SiblingT1D >= 17.438)
",-9999999.000,-9999999.000,0.000,0.000,1.000,0,0,0,2,2,0,0,2,0.0,0.0,0.0,0.0,0.0,1.0,-1
"F[1,1]((HbA1c <= 6.893 -> BGTestAvgNumMeter <= 1.216) | bmi >= 0.297)
",-0.297,-0.297,0.000,0.000,1.000,0,0,0,2,2,0,0,2,0.0,0.0,0.0,0.0,0.0,1.0,-1
"F[0,2]((TotalDailyInsPerKg >= 0.044 & BldPrDia <= 74.121) -> Pt_GrandchildT1D <= 87.162)
",-9999999.000,-9999999.000,0.000,0.000,1.000,0,0,0,2,2,0,0,2,0.0,0.0,0.0,0.0,0.0,1.0,-1
"F[2,2]((BGTestAvgNumPtRep <= 2.241 -> BGTestAvgNumPtRep >= 0.709) | GFR <= 2.379)
",2.379,2.379,0.000,0.000,1.000,0,0,0,2,2,0,0,2,0.0,0.0,0.0,0.0,0.0,1.0,-1
"((BldPrDia <= 93.261) U[2,2] (bmiPerc >= 0.182))
",93.261,93.261,0.000,0.000,1.000,0,0,0,2,2,0,0,2,0.0,0.0,0.0,0.0,0.0,1.0,-1
"F[1,2]((Pt_SiblingT1D <= 0.000 -> UnitsInsBasalOrLongAct <= 12.165) & BUN >= 4.458)
",-9999999.000,-9999999.000,0.000,0.000,1.000,0,0,0,2,2,0,0,2,0.0,0.0,0.0,0.0,0.0,1.0,-1
"((BGTestAvgNumMeter <= 0.516) U[1,1] (Pt_ChildT1D >= 0.000))
",0.516,0.516,0.000,0.000,1.000,0,0,0,2,2,0,0,2,0.0,0.0,0.0,0.0,0.0,1.0,-1
"F[1,2]((HbA1c <= 6.765 -> Pt_ChildT1D >= 0.000) & HbA1c >= 0.000)
",-9999999.000,-9999999.000,0.000,0.000,1.000,0,0,0,2,2,0,0,2,0.0,0.0,0.0,0.0,0.0,1.0,-1
"F[1,2]((diabDur <= 18.618 & Pt_GrandparentT1D >= 0.000) -> Pt_SHFlg <= 0.000)
",-9999999.000,-9999999.000,0.000,0.000,1.000,0,0,0,2,2,0,0,2,0.0,0.0,0.0,0.0,0.0,1.0,-1
"((BGTestAvgNumPtRep <= 1.985) U[0,2] (bmiZscore <= 0.817))
",-9999999.000,-9999999.000,0.000,0.000,1.000,0,0,0,2,2,0,0,2,0.0,0.0,0.0,0.0,0.0,1.0,-1
"G[0,1]((LDL <= 114.016 & diagAgeCombo <= 1.000) & Triglyc <= 1.000)
",9999999.000,9999999.000,0.000,1.000,0.000,0,0,0,2,2,0,0,2,0.0,0.0,0.0,0.0,0.0,1.0,1
"F[0,2]((Pt_SHFlg <= 0.000 & Pt_SiblingT1D >= 0.000) & HbA1cImputeDtMnC <= 0.000)
",-9999999.000,-9999999.000,0.000,0.000,1.000,0,0,0,2,2,0,0,2,0.0,0.0,0.0,0.0,0.0,1.0,-1
"((age <= 21.247) U[0,2] (Triglyc <= 108.228))
",-9999999.000,-9999999.000,0.000,0.000,1.000,0,0,0,2,2,0,0,2,0.0,0.0,0.0,0.0,0.0,1.0,-1
"F[1,2](((AutonomicNeuroCl <= 0.000 & Triglyc >= 8.824) -> Pt_DKAFlg <= 87.959) | HDL >= 62.401)
",-9999999.000,-9999999.000,0.000,0.000,1.000,0,0,0,2,2,0,0,2,0.0,0.0,0.0,0.0,0.0,1.0,-1
"F[0,1]((HeightCm <= 150.188 | Triglyc >= 28.876) & Pt_GrandparentT1D <= 107.958)
",-9999999.000,-9999999.000,0.000,0.000,1.000,0,0,0,2,2,0,0,2,0.0,0.0,0.0,0.0,0.0,1.0,-1
"F[0,2]((Pt_InsGov <= 0.000 -> Pt_SHFlg >= 0.000) & Pt_GrandparentT1D <= 0.000)
",-9999999.000,-9999999.000,0.000,0.000,1.000,0,0,0,2,2,0,0,2,0.0,0.0,0.0,0.0,0.0,1.0,-1
"F[0,2](Pt_FatherT1D <= 0.000 | HbA1c <= 6.704)
",-9999999.000,-9999999.000,0.000,0.000,1.000,0,0,0,2,2,0,0,2,0.0,0.0,0.0,0.0,0.0,1.0,-1
"F[2,2](((Pt_A1cGoalLevelDsYr5 <= 0.000 & HeightCm <= 120.207) & Pt_ChildT1D >= 98.152) & Pt_DKAFlg <= 142.653)
",-98.152,-98.152,0.000,0.000,1.000,0,0,0,2,2,0,0,2,0.0,0.0,0.0,0.0,0.0,1.0,-1
"((TSH >= 0.003) U[2,2] (Pt_MotherT1D >= 0.000))
",0.000,0.000,0.000,0.000,1.000,0,0,0,2,2,0,0,2,0.0,0.0,0.0,0.0,0.0,1.0,-1
"F[2,2](bmi <= 18.497 & Pt_MotherT1D <= 0.000)
",0.000,0.000,0.000,0.000,1.000,0,0,0,2,2,0,0,2,0.0,0.0,0.0,0.0,0.0,1.0,-1
"F[0,2](((GFR <= 51.063 & diagAgeCombo <= 1.000) & Pt_GrandchildT1D >= 1.000) | BldPrSys >= 1.000)
",-9999999.000,-9999999.000,0.000,0.000,1.000,0,0,0,2,2,0,0,2,0.0,0.0,0.0,0.0,0.0,1.0,-1
"((BldPrSys <= 115.978) U[0,2] (Pt_GrandparentT1D >= 0.000))
",-9999999.000,-9999999.000,0.000,0.000,1.000,0,0,0,2,2,0,0,2,0.0,0.0,0.0,0.0,0.0,1.0,-1
"F[1,2](((WeightKg <= 53.996 & WeightKg >= 20.745) | HbA1c >= 6.643) -> age >= 22.892)
",-9999999.000,-9999999.000,0.000,0.000,1.000,0,0,0,2,2,0,0,2,0.0,0.0,0.0,0.0,0.0,1.0,-1
"F[2,2]((Pt_SiblingT1D <= 0.000 -> HeightCm >= 82.635) & Pt_FatherT1D >= 32.768)
",-32.768,-32.768,0.000,0.000,1.000,0,0,0,2,2,0,0,2,0.0,0.0,0.0,0.0,0.0,1.0,-1
"F[1,2](TotChol <= 206.087 | bmiZscore >= -0.102)
",-9999999.000,-9999999.000,0.000,0.000,1.000,0,0,0,2,2,0,0,2,0.0,0.0,0.0,0.0,0.0,1.0,-1
"F[0,2](((Pt_DKAFlg <= 0.000 | BldPrSys >= 104.668) -> TotalDailyInsPerKg >= 114.074) & diagAgeCombo <= 121.629)
",-9999999.000,-9999999.000,0.000,0.000,1.000,0,0,0,2,2,0,0,2,0.0,0.0,0.0,0.0,0.0,1.0,-1
"((DirectLDL <= 0.000) U[1,2] (TotalDailyInsPerKg >= 0.068))
",-9999999.000,-9999999.000,0.000,0.000,1.000,0,0,0,2,2,0,0,2,0.0,0.0,0.0,0.0,0.0,1.0,-1
"F[1,2](Pt_MotherT1D >= 0.000 | UnitsInsBasalOrLongAct <= 24.642)
",-9999999.000,-9999999.000,0.000,0.000,1.000,0,0,0,2,2,0,0,2,0.0,0.0,0.0,0.0,0.0,1.0,-1
"F[1,1](LDL <= 108.231 -> Triglyc <= 76.450)
",-108.231,-108.231,0.000,0.000,1.000,0,0,0,2,2,0,0,2,0.0,0.0,0.0,0.0,0.0,1.0,-1
"F[0,1]((Pt_DKAFlg >= 0.000 -> Pt_A1cGoalLevelDsYr5 <= 0.000) | SMBGperDayPtMeterCombo <= 0.000)
",-9999999.000,-9999999.000,0.000,0.000,1.000,0,0,0,2,2,0,0,2,0.0,0.0,0.0,0.0,0.0,1.0,-1
"F[2,2]((HbA1cImputeDtMnC >= 8.961 -> Pt_GrandparentT1D >= 0.000) | BGTestAvgNumMeter >= 0.000)
",0.000,0.000,0.000,0.000,1.000,0,0,0,2,2,0,0,2,0.0,0.0,0.0,0.0,0.0,1.0,-1
"F[1,1]((Pt_ChildT1D <= 0.000 & age >= 19.556) | Pt_GrandchildT1D >= 18.976)
",-18.976,-18.976,0.000,0.000,1.000,0,0,0,2,2,0,0,2,0.0,0.0,0.0,0.0,0.0,1.0,-1
"F[1,1]((HbA1cImputeDtMnC >= 4.889 | DirectLDL <= 0.000) -> Pt_CGMUseNumDays >= 0.000)
",0.000,0.000,0.000,0.000,1.000,0,0,0,2,2,0,0,2,0.0,0.0,0.0,0.0,0.0,1.0,-1
"F[0,1](Pt_SiblingT1D >= 0.000 | BGTestAvgNumMeter <= 1.266)
",-9999999.000,-9999999.000,0.000,0.000,1.000,0,0,0,2,2,0,0,2,0.0,0.0,0.0,0.0,0.0,1.0,-1
"F[2,2]((BGTestAvgNumPtRep >= 0.641 & age <= 21.959) -> Pt_A1cGoalLev <= 21.126)
",-21.126,-21.126,0.000,0.000,1.000,0,0,0,2,2,0,0,2,0.0,0.0,0.0,0.0,0.0,1.0,-1
"F[1,2](((Pt_A1cGoalLev >= 0.276 | Pt_SHFlg >= 0.000) & HDL <= 0.000) | TSH >= 0.000)
",-9999999.000,-9999999.000,0.000,0.000,1.000,0,0,0,2,2,0,0,2,0.0,0.0,0.0,0.0,0.0,1.0,-1
"F[2,2](((BUN <= 9.902 | diabDur >= 18.287) | Pt_SHFlg <= 18.884) -> AlbCreatRat_mggNew >= 17.945)
",-18.884,-18.884,0.000,0.000,1.000,0,0,0,2,2,0,0,2,0.0,0.0,0.0,0.0,0.0,1.0,-1
"F[1,1]((DirectLDL <= 0.000 | Pt_A1cGoalLevelDsYr5 >= 0.000) & HbA1c >= 0.000)
",0.000,0.000,0.000,0.000,1.000,0,0,0,2,2,0,0,2,0.0,0.0,0.0,0.0,0.0,1.0,-1
"F[0,0](((LDL <= 94.063 -> Pt_GrandchildT1D <= 0.000) -> bmiZscore <= 0.000) -> SMBGperDayPtMeterCombo >= 0.000)
",-14.200,-71.000,0.000,0.000,1.000,0,0,0,2,2,0,0,2,0.0,0.0,0.0,0.0,0.0,1.0,-1
"F[0,0]((Pt_CGMUseNumDays <= 0.000 | HDL >= 10.502) -> TotChol >= 39.067)
",-4.710,-89.498,0.000,0.000,1.000,0,0,0,2,2,0,0,2,0.0,0.0,0.0,0.0,0.0,1.0,-1
"((bmiPerc <= 0.532) U[0,1] (HbA1cImputeDtMnC >= 4.914))
",-9999999.000,-9999999.000,0.000,0.000,1.000,0,0,0,2,2,0,0,2,0.0,0.0,0.0,0.0,0.0,1.0,-1
"F[1,2](((BldPrSys >= 107.830 -> NumPumpBolusOrShortAct >= 0.393) | Pt_InsGov >= 0.523) -> GFR <= 5.057)
",-9999999.000,-9999999.000,0.000,0.000,1.000,0,0,0,2,2,0,0,2,0.0,0.0,0.0,0.0,0.0,1.0,-1
"F[0,1]((TotalDailyInsPerKg <= 0.697 & bmiZscore >= -0.335) -> BldPrSys >= -0.121)
",-9999999.000,-9999999.000,0.000,0.000,1.000,0,0,0,2,2,0,0,2,0.0,0.0,0.0,0.0,0.0,1.0,-1
"F[0,1]((Pt_InsGov >= 0.000 -> AutonomicNeuroCl <= 0.000) & AutonomicNeuroCl >= 0.000)
",-9999999.000,-9999999.000,0.000,0.000,1.000,0,0,0,2,2,0,0,2,0.0,0.0,0.0,0.0,0.0,1.0,-1
"F[2,2]((age <= 20.713 & Pt_GrandparentT1D <= 0.000) | Triglyc <= 0.000)
",0.000,0.000,0.000,0.000,1.000,0,0,0,2,2,0,0,2,0.0,0.0,0.0,0.0,0.0,1.0,-1
"F[0,1](bmi >= 4.585 -> AutonomicNeuroCl <= 0.000)
",-9999999.000,-9999999.000,0.000,0.000,1.000,0,0,0,2,2,0,0,2,0.0,0.0,0.0,0.0,0.0,1.0,-1
"F[0,2](AlbCreatRat_mggNew >= 5.057 | Pt_CGMUseNumDays <= 0.000)
",-9999999.000,-9999999.000,0.000,0.000,1.000,0,0,0,2,2,0,0,2,0.0,0.0,0.0,0.0,0.0,1.0,-1
"F[0,1](((UnitsInsBasalOrLongAct <= 12.327 -> AlbCreatRat_mggNew <= 5.900) -> HbA1c >= 5.022) -> BGTestAvgNumMeter <= 5.485)
",-9999999.000,-9999999.000,0.000,0.000,1.000,0,0,0,2,2,0,0,2,0.0,0.0,0.0,0.0,0.0,1.0,-1
"F[0,1](((Pt_ChildT1D <= 0.000 -> Pt_DKAFlg >= 0.000) & LDL >= 0.000) -> Pt_SiblingT1D <= 0.000)
",-9999999.000,-9999999.000,0.000,0.000,1.000,0,0,0,2,2,0,0,2,0.0,0.0,0.0,0.0,0.0,1.0,-1
"F[1,2](Pt_ChildT1D <= 0.000 | TSH >= 0.215)
",-9999999.000,-9999999.000,0.000,0.000,1.000,0,0,0,2,2,0,0,2,0.0,0.0,0.0,0.0,0.0,1.0,-1
"((AutonomicNeuroCl >= 0.000) U[1,2] (Pt_FatherT1D >= 0.000))
",-9999999.000,-9999999.000,0.000,0.000,1.000,0,0,0,2,2,0,0,2,0.0,0.0,0.0,0.0,0.0,1.0,-1
"F[1,2](AutonomicNeuroCl >= 0.000 -> Pt_SiblingT1D <= 0.000)
",-9999999.000,-9999999.000,0.000,0.000,1.000,0,0,0,2,2,0,0,2,0.0,0.0,0.0,0.0,0.0,1.0,-1
"F[1,2]((NumPumpBolusOrShortAct <= 3.818 -> WeightKg <= 53.029) -> Pt_SiblingT1D <= 49.775)
",-9999999.000,-9999999.000,0.000,0.000,1.000,0,0,0,2,2,0,0,2,0.0,0.0,0.0,0.0,0.0,1.0,-1
"F[0,1]((Pt_SHFlg >= 0.000 | AutonomicNeuroCl <= 0.000) -> BUN >= 0.000)
",-9999999.000,-9999999.000,0.000,0.000,1.000,0,0,0,2,2,0,0,2,0.0,0.0,0.0,0.0,0.0,1.0,-1
"F[2,2](BGTestAvgNumPtRep >= 0.189 -> Pt_GrandparentT1D <= 0.000)
",0.000,0.000,0.000,0.000,1.000,0,0,0,2,2,0,0,2,0.0,0.0,0.0,0.0,0.0,1.0,-1
"F[0,2]((BGTestAvgNumPtRep >= 1.121 & Pt_A1cGoalLevelDsYr5 >= 0.000) -> WeightKg <= 0.000)
",-9999999.000,-9999999.000,0.000,0.000,1.000,0,0,0,2,2,0,0,2,0.0,0.0,0.0,0.0,0.0,1.0,-1
"F[1,2](Triglyc >= 5.624 & Pt_CGMUseNumDays >= 0.000)
",-9999999.000,-9999999.000,0.000,0.000,1.000,0,0,0,2,2,0,0,2,0.0,0.0,0.0,0.0,0.0,1.0,-1
"F[1,2](((BGTestAvgNumMeter <= 1.191 -> DirectLDL >= 0.000) | Pt_InsGov <= 0.000) & UnitsInsBasalOrLongAct >= 0.000)
",-9999999.000,-9999999.000,0.000,0.000,1.000,0,0,0,2,2,0,0,2,0.0,0.0,0.0,0.0,0.0,1.0,-1
"F[1,1](((BGTestAvgNumPtRep <= 2.372 | TotalDailyInsPerKg >= 0.003) & Pt_ChildT1D <= 0.504) | age <= 0.624)
",0.624,0.624,0.000,0.000,1.000,0,0,0,2,2,0,0,2,0.0,0.0,0.0,0.0,0.0,1.0,-1
"F[0,1](HDL <= 67.891 | TotChol >= 82.530)
",-9999999.000,-9999999.000,0.000,0.000,1.000,0,0,0,2,2,0,0,2,0.0,0.0,0.0,0.0,0.0,1.0,-1
"F[2,2](((Pt_FatherT1D >= 0.000 & UnitsInsBasalOrLongAct <= 20.072) -> NumPumpBolusOrShortAct >= 5.454) | TSH <= 12.364)
",12.364,12.364,0.000,0.000,1.000,0,0,0,2,2,0,0,2,0.0,0.0,0.0,0.0,0.0,1.0,-1
"F[2,2]((HbA1c >= 6.568 & Triglyc >= 22.504) & DirectLDL >= 13.308)
",-22.504,-22.504,0.000,0.000,1.000,0,0,0,2,2,0,0,2,0.0,0.0,0.0,0.0,0.0,1.0,-1
"F[0,1](BldPrSys >= 103.003 | HbA1cImputeDtMnC >= 8.771)
",-9999999.000,-9999999.000,0.000,0.000,1.000,0,0,0,2,2,0,0,2,0.0,0.0,0.0,0.0,0.0,1.0,-1
"((BldPrSys >= 101.768) U[0,0] (HbA1c >= 6.527))
",-8.670,-5.852,0.000,0.000,1.000,0,0,0,2,2,0,0,2,0.0,0.0,0.0,0.0,0.0,1.0,-1
"F[1,1]((NumPumpBolusOrShortAct <= 4.701 | WeightKg >= 16.458) | Pt_GrandparentT1D >= 39.297)
",4.701,4.701,0.000,0.000,1.000,0,0,0,2,2,0,0,2,0.0,0.0,0.0,0.0,0.0,1.0,-1
"F[1,2](((BGTestAvgNumMeter <= 0.862 -> TotChol <= 163.080) -> TotChol >= 136.502) | HDL <= 165.980)
",-9999999.000,-9999999.000,0.000,0.000,1.000,0,0,0,2,2,0,0,2,0.0,0.0,0.0,0.0,0.0,1.0,-1
"((HbA1c <= 6.707) U[0,2] (SMBGperDayPtMeterCombo >= 0.619))
",-9999999.000,-9999999.000,0.000,0.000,1.000,0,0,0,2,2,0,0,2,0.0,0.0,0.0,0.0,0.0,1.0,-1
"F[0,0](BldPrDia >= 45.886 -> bmiZscore >= -0.193)
",-5.829,-64.114,0.000,0.000,1.000,0,0,0,2,2,0,0,2,0.0,0.0,0.0,0.0,0.0,1.0,-1
"F[1,2](diabDur >= 18.268 | HbA1c <= 6.686)
",-9999999.000,-9999999.000,0.000,0.000,1.000,0,0,0,2,2,0,0,2,0.0,0.0,0.0,0.0,0.0,1.0,-1
"F[0,2](BldPrDia >= 46.284 -> bmi >= 9.832)
",-9999999.000,-9999999.000,0.000,0.000,1.000,0,0,0,2,2,0,0,2,0.0,0.0,0.0,0.0,0.0,1.0,-1
"((BGTestAvgNumMeter >= 0.108) U[0,2] (HDL <= 68.872))
",-9999999.000,-9999999.000,0.000,0.000,1.000,0,0,0,2,2,0,0,2,0.0,0.0,0.0,0.0,0.0,1.0,-1
"F[1,1]((bmi <= 22.444 -> TotChol <= 195.561) -> HbA1cImputeDtMnC <= 171.505)
",-171.505,-171.505,0.000,0.000,1.000,0,0,0,2,2,0,0,2,0.0,0.0,0.0,0.0,0.0,1.0,-1
"F[0,2](HbA1c <= 6.756 -> LDL >= 39.307)
",-9999999.000,-9999999.000,0.000,0.000,1.000,0,0,0,2,2,0,0,2,0.0,0.0,0.0,0.0,0.0,1.0,-1
"F[2,2](((BldPrDia >= 48.138 & HbA1c <= 6.734) -> BldPrSys >= 6.456) -> Pt_MotherT1D <= 6.753)
",-6.753,-6.753,0.000,0.000,1.000,0,0,0,2,2,0,0,2,0.0,0.0,0.0,0.0,0.0,1.0,-1
"F[1,1]((TotChol <= 163.032 -> UnitsInsBasalOrLongAct >= 5.691) | Pt_DKAFlg <= 10.480)
",10.480,10.480,0.000,0.000,1.000,0,0,0,2,2,0,0,2,0.0,0.0,0.0,0.0,0.0,1.0,-1
"((BUN <= 4.745) U[1,2] (Triglyc >= 20.786))
",-9999999.000,-9999999.000,0.000,0.000,1.000,0,0,0,2,2,0,0,2,0.0,0.0,0.0,0.0,0.0,1.0,-1
"F[0,0](TotalDailyInsPerKg <= 0.635 | TSH <= 0.783)
",-0.217,-0.217,0.000,0.000,1.000,0,0,0,2,2,0,0,2,0.0,0.0,0.0,0.0,0.0,1.0,-1
"((HeightCm <= 119.456) U[0,2] (Triglyc >= 50.629))
",-9999999.000,-9999999.000,0.000,0.000,1.000,0,0,0,2,2,0,0,2,0.0,0.0,0.0,0.0,0.0,1.0,-1
"F[0,1](LDL <= 94.807 -> WeightKg <= 51.837)
",-9999999.000,-9999999.000,0.000,0.000,1.000,0,0,0,2,2,0,0,2,0.0,0.0,0.0,0.0,0.0,1.0,-1
"F[0,0]((bmi <= 21.818 -> LDL >= 4.049) | TotalDailyInsPerKg <= 105.129)
",87.129,87.129,0.000,0.000,1.000,0,0,0,2,2,0,0,2,0.0,0.0,0.0,0.0,0.0,1.0,-1
"((BldPrDia <= 96.814) U[1,1] (GFR <= 86.340))
",96.814,96.814,0.000,0.000,1.000,0,0,0,2,2,0,0,2,0.0,0.0,0.0,0.0,0.0,1.0,-1
"F[0,2](((BGTestAvgNumMeter >= 0.017 & HbA1cImputeDtMnC <= 20.839) & TotChol >= 17.933) -> Triglyc >= 16.262)
",-9999999.000,-9999999.000,0.000,0.000,1.000,0,0,0,2,2,0,0,2,0.0,0.0,0.0,0.0,0.0,1.0,-1
"F[2,2](((bmiZscore <= 0.102 | Triglyc >= 41.355) | age <= 105.270) & HeightCm >= 20.476)
",-20.476,-20.476,0.000,0.000,1.000,0,0,0,2,2,0,0,2,0.0,0.0,0.0,0.0,0.0,1.0,-1
"((age <= 21.305) U[1,1] (HbA1c <= 6.789))
",21.305,21.305,0.000,0.000,1.000,0,0,0,2,2,0,0,2,0.0,0.0,0.0,0.0,0.0,1.0,-1
"F[1,2](((HDL >= 24.326 | HeightCm >= 45.079) -> HbA1cImputeDtMnC >= 76.691) -> SMBGperDayPtMeterCombo <= 132.337)
",-9999999.000,-9999999.000,0.000,0.000,1.000,0,0,0,2,2,0,0,2,0.0,0.0,0.0,0.0,0.0,1.0,-1
"F[1,2](age >= 20.114 -> BldPrDia >= 68.063)
",-9999999.000,-9999999.000,0.000,0.000,1.000,0,0,0,2,2,0,0,2,0.0,0.0,0.0,0.0,0.0,1.0,-1
"F[2,2](((BGTestAvgNumMeter >= 0.213 & HeightCm >= 40.749) | TotalDailyInsPerKg <= 131.307) & Pt_GrandparentT1D <= 132.289)
",131.307,131.307,0.000,0.000,1.000,0,0,0,2,2,0,0,2,0.0,0.0,0.0,0.0,0.0,1.0,-1
"F[0,0](AlbCreatRat_mggNew <= 5.345 | TSH >= 0.128)
",0.953,2.608,0.000,0.000,1.000,0,0,0,2,2,0,0,2,0.0,0.0,0.0,0.0,0.0,1.0,-1
"F[1,2](NumPumpBolusOrShortAct >= 1.193 & TSH <= 1.167)
",-9999999.000,-9999999.000,0.000,0.000,1.000,0,0,0,2,2,0,0,2,0.0,0.0,0.0,0.0,0.0,1.0,-1
"F[1,2](HeightCm <= 129.364 & NumPumpBolusOrShortAct >= 1.354)
",-9999999.000,-9999999.000,0.000,0.000,1.000,0,0,0,2,2,0,0,2,0.0,0.0,0.0,0.0,0.0,1.0,-1
"F[1,2]((bmiPerc <= 0.466 & TSH <= 1.278) & diagAgeCombo <= 0.808)
",-9999999.000,-9999999.000,0.000,0.000,1.000,0,0,0,2,2,0,0,2,0.0,0.0,0.0,0.0,0.0,1.0,-1
"((HeightCm >= 45.471) U[2,2] (SMBGperDayPtMeterCombo <= 1.543))
",1.543,1.543,0.000,0.000,1.000,0,0,0,2,2,0,0,2,0.0,0.0,0.0,0.0,0.0,1.0,-1
"F[1,1](((HbA1cImputeDtMnC >= 13.695 | UnitsInsBasalOrLongAct >= 2.310) -> Pt_CGMUseNumDays <= 20.460) & bmiZscore <= 19.698)
",-20.460,-20.460,0.000,0.000,1.000,0,0,0,2,2,0,0,2,0.0,0.0,0.0,0.0,0.0,1.0,-1
"F[1,1]((HDL <= 59.590 -> WeightKg <= 49.667) -> HbA1cImputeDtMnC >= 7.574)
",7.574,7.574,0.000,0.000,1.000,0,0,0,2,2,0,0,2,0.0,0.0,0.0,0.0,0.0,1.0,-1
"F[0,1](((bmi >= 14.153 | TotalDailyInsPerKg >= 0.306) | Pt_DKAFlg <= 0.741) | Pt_GrandparentT1D >= 0.254)
",-9999999.000,-9999999.000,0.000,0.000,1.000,0,0,0,2,2,0,0,2,0.0,0.0,0.0,0.0,0.0,1.0,-1
"F[0,1]((HbA1c >= 6.611 -> HDL >= 4.219) & GFR <= 68.943)
",-9999999.000,-9999999.000,0.000,0.000,1.000,0,0,0,2,2,0,0,2,0.0,0.0,0.0,0.0,0.0,1.0,-1
"F[1,2]((HDL >= 14.689 & SMBGperDayPtMeterCombo <= 1.530) & Pt_GrandchildT1D >= 0.178)
",-9999999.000,-9999999.000,0.000,0.000,1.000,0,0,0,2,2,0,0,2,0.0,0.0,0.0,0.0,0.0,1.0,-1
"F[0,2]((HDL >= 14.935 -> TotalDailyInsPerKg <= 0.668) | diabDur >= 0.172)
",-9999999.000,-9999999.000,0.000,0.000,1.000,0,0,0,2,2,0,0,2,0.0,0.0,0.0,0.0,0.0,1.0,-1
"F[1,2](((BGTestAvgNumPtRep >= 1.036 & HDL <= 57.283) | Pt_A1cGoalLev >= 2.622) -> Triglyc >= 46.679)
",-9999999.000,-9999999.000,0.000,0.000,1.000,0,0,0,2,2,0,0,2,0.0,0.0,0.0,0.0,0.0,1.0,-1
"F[0,1](((NumPumpBolusOrShortAct >= 0.835 | TotChol >= 127.108) | TotChol >= 77.927) & diabDur <= 190.887)
",-9999999.000,-9999999.000,0.000,0.000,1.000,0,0,0,2,2,0,0,2,0.0,0.0,0.0,0.0,0.0,1.0,-1
"F[0,2]((SMBGperDayPtMeterCombo >= 0.320 -> WeightKg >= 12.260) | AutonomicNeuroCl >= 14.562)
",-9999999.000,-9999999.000,0.000,0.000,1.000,0,0,0,2,2,0,0,2,0.0,0.0,0.0,0.0,0.0,1.0,-1
"F[1,2]((AlbCreatRat_mggNew <= 5.958 -> BldPrSys <= 120.700) & TotChol <= 117.531)
",-9999999.000,-9999999.000,0.000,0.000,1.000,0,0,0,2,2,0,0,2,0.0,0.0,0.0,0.0,0.0,1.0,-1
"F[0,2](((HDL <= 61.261 & NumPumpBolusOrShortAct <= 5.745) -> BUN >= 0.197) -> Pt_SiblingT1D <= 2.184)
",-9999999.000,-9999999.000,0.000,0.000,1.000,0,0,0,2,2,0,0,2,0.0,0.0,0.0,0.0,0.0,1.0,-1
"F[2,2]((BldPrSys <= 115.804 | SMBGperDayPtMeterCombo <= 1.396) | Pt_A1cGoalLev >= 0.598)
",115.804,115.804,0.000,0.000,1.000,0,0,0,2,2,0,0,2,0.0,0.0,0.0,0.0,0.0,1.0,-1
"F[1,2](((bmiZscore <= 0.345 -> TotChol <= 165.510) & TotChol >= 56.928) -> HbA1cImputeDtMnC <= 188.034)
",-9999999.000,-9999999.000,0.000,0.000,1.000,0,0,0,2,2,0,0,2,0.0,0.0,0.0,0.0,0.0,1.0,-1
"F[1,2](((BGTestAvgNumPtRep >= 0.890 -> HbA1c >= 6.497) -> Pt_A1cGoalLevelDsYr5 >= 6.403) -> bmiZscore >= 6.614)
",-9999999.000,-9999999.000,0.000,0.000,1.000,0,0,0,2,2,0,0,2,0.0,0.0,0.0,0.0,0.0,1.0,-1
"F[0,0]((NumPumpBolusOrShortAct <= 1.515 & Triglyc >= 6.408) -> HDL >= 52.429)
",-2.504,-47.571,0.000,0.000,1.000,0,0,0,2,2,0,0,2,0.0,0.0,0.0,0.0,0.0,1.0,-1
"F[1,2](((BldPrSys <= 115.080 -> bmi >= 4.185) & TotalDailyInsPerKg >= 9.444) -> Pt_DKAFlg <= 21.454)
",-9999999.000,-9999999.000,0.000,0.000,1.000,0,0,0,2,2,0,0,2,0.0,0.0,0.0,0.0,0.0,1.0,-1
"F[1,2]((BGTestAvgNumMeter >= 0.186 -> bmiZscore <= 0.117) & Pt_SHFlg >= -0.141)
",-9999999.000,-9999999.000,0.000,0.000,1.000,0,0,0,2,2,0,0,2,0.0,0.0,0.0,0.0,0.0,1.0,-1
"F[0,2](bmi >= 15.269 | NumPumpBolusOrShortAct <= 2.196)
",-9999999.000,-9999999.000,0.000,0.000,1.000,0,0,0,2,2,0,0,2,0.0,0.0,0.0,0.0,0.0,1.0,-1
"F[0,2](((bmiPerc <= 0.356 -> WeightKg >= 1.600) | BldPrDia <= 60.493) & Pt_CGMUseNumDays >= 1.092)
",-9999999.000,-9999999.000,0.000,0.000,1.000,0,0,0,2,2,0,0,2,0.0,0.0,0.0,0.0,0.0,1.0,-1
"F[2,2]((bmiPerc <= 0.419 & BUN <= 11.835) -> HeightCm >= 1.835)
",-0.419,-0.419,0.000,0.000,1.000,0,0,0,2,2,0,0,2,0.0,0.0,0.0,0.0,0.0,1.0,-1
"F[0,2]((BGTestAvgNumPtRep <= 2.690 & HbA1cImputeDtMnC >= 11.390) | Pt_DKAFlg <= 25.029)
",-9999999.000,-9999999.000,0.000,0.000,1.000,0,0,0,2,2,0,0,2,0.0,0.0,0.0,0.0,0.0,1.0,-1
"F[2,2]((BGTestAvgNumPtRep <= 1.676 | Pt_A1cGoalLev <= 2.735) -> bmi <= 3.487)
",-3.487,-3.487,0.000,0.000,1.000,0,0,0,2,2,0,0,2,0.0,0.0,0.0,0.0,0.0,1.0,-1
"((BGTestAvgNumPtRep <= 1.985) U[0,0] (diabDur <= 19.002))
",1.985,1.985,0.000,0.000,1.000,0,0,0,2,2,0,0,2,0.0,0.0,0.0,0.0,0.0,1.0,-1
"F[0,2]((bmiPerc <= 0.686 | TotChol >= 140.562) -> BGTestAvgNumPtRep <= 187.333)
",-9999999.000,-9999999.000,0.000,0.000,1.000,0,0,0,2,2,0,0,2,0.0,0.0,0.0,0.0,0.0,1.0,-1
"F[0,2]((TotalDailyInsPerKg <= 0.494 | TotChol <= 147.097) -> UnitsInsBasalOrLongAct <= 179.135)
",-9999999.000,-9999999.000,0.000,0.000,1.000,0,0,0,2,2,0,0,2,0.0,0.0,0.0,0.0,0.0,1.0,-1
"((HbA1c <= 6.709) U[0,1] (HeightCm >= 46.488))
",-9999999.000,-9999999.000,0.000,0.000,1.000,0,0,0,2,2,0,0,2,0.0,0.0,0.0,0.0,0.0,1.0,-1
"F[0,2](bmiPerc <= 0.782 | HeightCm >= 96.325)
",-9999999.000,-9999999.000,0.000,0.000,1.000,0,0,0,2,2,0,0,2,0.0,0.0,0.0,0.0,0.0,1.0,-1
"F[0,2]((HbA1c <= 6.722 | WeightKg >= 27.133) -> Pt_GrandparentT1D <= 46.531)
",-9999999.000,-9999999.000,0.000,0.000,1.000,0,0,0,2,2,0,0,2,0.0,0.0,0.0,0.0,0.0,1.0,-1
"F[0,0](((bmiZscore >= -0.182 & diabDur <= 19.141) | TSH <= 18.650) & Pt_GrandparentT1D <= 18.981)
",17.650,17.650,0.000,0.000,1.000,0,0,0,2,2,0,0,2,0.0,0.0,0.0,0.0,0.0,1.0,-1
"F[1,2](((BldPrSys >= 102.542 & diabDur <= 19.666) | DirectLDL <= 18.811) -> Pt_A1cGoalLev >= 17.525)
",-9999999.000,-9999999.000,0.000,0.000,1.000,0,0,0,2,2,0,0,2,0.0,0.0,0.0,0.0,0.0,1.0,-1
"F[1,2](((BUN >= 2.977 | HbA1cImputeDtMnC <= 31.765) -> BldPrDia <= 20.280) | Pt_A1cGoalLev <= 21.161)
",-9999999.000,-9999999.000,0.000,0.000,1.000,0,0,0,2,2,0,0,2,0.0,0.0,0.0,0.0,0.0,1.0,-1
"F[0,2]((GFR >= 9.198 | HbA1cImputeDtMnC >= 17.246) & Pt_GrandchildT1D >= 3.263)
",-9999999.000,-9999999.000,0.000,0.000,1.000,0,0,0,2,2,0,0,2,0.0,0.0,0.0,0.0,0.0,1.0,-1
"((diabDur >= 17.833) U[1,2] (SMBGperDayPtMeterCombo <= 1.520))
",-9999999.000,-9999999.000,0.000,0.000,1.000,0,0,0,2,2,0,0,2,0.0,0.0,0.0,0.0,0.0,1.0,-1
"F[0,2](BGTestAvgNumPtRep >= 0.711 -> Pt_SHFlg = 0.000)
",-9999999.000,-9999999.000,0.000,0.000,1.000,0,0,0,2,2,0,0,2,0.0,0.0,0.0,0.0,0.0,1.0,-1
"((BGTestAvgNumMeter >= 0.011) U[0,2] (BGTestAvgNumPtRep <= 1.748))
",-9999999.000,-9999999.000,0.000,0.000,1.000,0,0,0,2,2,0,0,2,0.0,0.0,0.0,0.0,0.0,1.0,-1
"F[1,2](HbA1c >= 6.497 -> Pt_A1cGoalLevelDsYr5 = 0.000)
",-9999999.000,-9999999.000,0.000,0.000,1.000,0,0,0,2,2,0,0,2,0.0,0.0,0.0,0.0,0.0,1.0,-1
"((BGTestAvgNumMeter >= 0.001) U[0,2] (BGTestAvgNumPtRep <= 1.607))
",-9999999.000,-9999999.000,0.000,0.000,1.000,0,0,0,2,2,0,0,2,0.0,0.0,0.0,0.0,0.0,1.0,-1
"F[0,1](HbA1c >= 6.456 -> Pt_A1cGoalLevelDsYr5 = 0.000)
",-9999999.000,-9999999.000,0.000,0.000,1.000,0,0,0,2,2,0,0,2,0.0,0.0,0.0,0.0,0.0,1.0,-1
"F[1,2](HbA1c >= 6.576 -> Pt_A1cGoalLevelDsYr5 = 0.000)
",-9999999.000,-9999999.000,0.000,0.000,1.000,0,0,0,2,2,0,0,2,0.0,0.0,0.0,0.0,0.0,1.0,-1
"F[0,1](HbA1c >= 6.568 -> Pt_A1cGoalLevelDsYr5 = 0.000)
",-9999999.000,-9999999.000,0.000,0.000,1.000,0,0,0,2,2,0,0,2,0.0,0.0,0.0,0.0,0.0,1.0,-1
"((BGTestAvgNumMeter >= 0.354) U[0,2] (BGTestAvgNumPtRep <= 1.988))
",-9999999.000,-9999999.000,0.000,0.000,1.000,0,0,0,2,2,0,0,2,0.0,0.0,0.0,0.0,0.0,1.0,-1
"F[1,1](HbA1c >= 6.650 -> Pt_A1cGoalLevelDsYr5 = 0.000)
",0.000,0.000,0.000,0.000,1.000,0,0,0,2,2,0,0,2,0.0,0.0,0.0,0.0,0.0,1.0,-1
"((HDL <= 65.431) U[0,2] (Pt_SHFlg = 0.000))
",-9999999.000,-9999999.000,0.000,0.000,1.000,0,0,0,2,2,0,0,2,0.0,0.0,0.0,0.0,0.0,1.0,-1
"F[1,2](HbA1cImputeDtMnC < 29.207 & Pt_SHFlg = 0.000)
",-9999999.000,-9999999.000,0.000,0.000,1.000,0,0,0,2,2,0,0,2,0.0,0.0,0.0,0.0,0.0,1.0,-1
"((LDL < 108.037) U[0,2] (Pt_SHFlg = 0.000))
",-9999999.000,-9999999.000,0.000,0.000,1.000,0,0,0,2,2,0,0,2,0.0,0.0,0.0,0.0,0.0,1.0,-1
"F[0,1]((Triglyc >= 15.247 | WeightKg >= 35.671) & BGTestAvgNumPtRep <= 49.129)
",-9999999.000,-9999999.000,0.000,0.000,1.000,0,0,0,2,2,0,0,2,0.0,0.0,0.0,0.0,0.0,1.0,-1
"F[1,2](HDL > 17.123 -> Pt_SHFlg = 0.000)
",-9999999.000,-9999999.000,0.000,0.000,1.000,0,0,0,2,2,0,0,2,0.0,0.0,0.0,0.0,0.0,1.0,-1
"F[0,1]((bmiPerc <= 0.614 | HbA1cImputeDtMnC <= 35.863) -> TotChol >= 8.230)
",-9999999.000,-9999999.000,0.000,0.000,1.000,0,0,0,2,2,0,0,2,0.0,0.0,0.0,0.0,0.0,1.0,-1
"F[2,2](HbA1c >= 6.484 -> Pt_A1cGoalLevelDsYr5 = 0.000)
",0.000,0.000,0.000,0.000,1.000,0,0,0,2,2,0,0,2,0.0,0.0,0.0,0.0,0.0,1.0,-1
"F[0,2]((HDL >= 22.469 & LDL >= 68.687) | Triglyc <= 108.499)
",-9999999.000,-9999999.000,0.000,0.000,1.000,0,0,0,2,2,0,0,2,0.0,0.0,0.0,0.0,0.0,1.0,-1
"F[0,2](bmiZscore >= -0.245 | NumPumpBolusOrShortAct <= 1.902)
",-9999999.000,-9999999.000,0.000,0.000,1.000,0,0,0,2,2,0,0,2,0.0,0.0,0.0,0.0,0.0,1.0,-1
"F[0,0](((HbA1cImputeDtMnC >= 5.771 -> SMBGperDayPtMeterCombo >= 0.392) -> BldPrSys <= 1.920) -> Pt_A1cGoalLev <= 1.310)
",-0.310,-0.310,0.000,0.000,1.000,0,0,0,2,2,0,0,2,0.0,0.0,0.0,0.0,0.0,1.0,-1
"F[0,0](BldPrSys <= 115.005 -> bmiZscore >= -0.264)
",-115.005,-115.005,0.000,0.000,1.000,0,0,0,2,2,0,0,2,0.0,0.0,0.0,0.0,0.0,1.0,-1
"F[0,1](((diabDur <= 18.601 | Triglyc <= 106.672) | bmiZscore <= 81.151) | Pt_A1cGoalLev <= 105.305)
",-9999999.000,-9999999.000,0.000,0.000,1.000,0,0,0,2,2,0,0,2,0.0,0.0,0.0,0.0,0.0,1.0,-1
"F[2,2](TotChol >= 95.279 & Triglyc <= 107.937)
",-95.279,-95.279,0.000,0.000,1.000,0,0,0,2,2,0,0,2,0.0,0.0,0.0,0.0,0.0,1.0,-1
"F[1,2](((BGTestAvgNumPtRep <= 2.040 & bmiPerc >= 0.153) -> Pt_A1cGoalLev <= 0.405) | AutonomicNeuroCl >= 0.257)
",-9999999.000,-9999999.000,0.000,0.000,1.000,0,0,0,2,2,0,0,2,0.0,0.0,0.0,0.0,0.0,1.0,-1
"((HbA1cImputeDtMnC <= 26.151) U[0,2] (LDL >= 2.685))
",-9999999.000,-9999999.000,0.000,0.000,1.000,0,0,0,2,2,0,0,2,0.0,0.0,0.0,0.0,0.0,1.0,-1
"F[0,1](((diabDur >= 17.517 | TotChol <= 177.569) -> GFR >= 126.324) -> Pt_GrandparentT1D >= 2.997)
",-9999999.000,-9999999.000,0.000,0.000,1.000,0,0,0,2,2,0,0,2,0.0,0.0,0.0,0.0,0.0,1.0,-1
"F[0,2](((age <= 21.736 | NumPumpBolusOrShortAct >= 0.421) & age <= 3.986) -> Pt_DKAFlg >= 0.347)
",-9999999.000,-9999999.000,0.000,0.000,1.000,0,0,0,2,2,0,0,2,0.0,0.0,0.0,0.0,0.0,1.0,-1
"((HDL >= 16.688) U[0,2] (Triglyc >= 48.329))
",-9999999.000,-9999999.000,0.000,0.000,1.000,0,0,0,2,2,0,0,2,0.0,0.0,0.0,0.0,0.0,1.0,-1
"F[0,2](((HbA1cImputeDtMnC >= 1.312 & TotChol >= 126.899) & LDL >= 49.492) | TotChol <= 183.527)
",-9999999.000,-9999999.000,0.000,0.000,1.000,0,0,0,2,2,0,0,2,0.0,0.0,0.0,0.0,0.0,1.0,-1
"F[0,2](((bmiPerc <= 0.564 | Triglyc >= 14.959) | HDL <= 103.229) & GFR <= 80.848)
",-9999999.000,-9999999.000,0.000,0.000,1.000,0,0,0,2,2,0,0,2,0.0,0.0,0.0,0.0,0.0,1.0,-1
"F[0,0](HbA1c >= 6.492 -> Pt_A1cGoalLevelDsYr5 = 0.000)
",0.000,0.000,0.000,0.000,1.000,0,0,0,2,2,0,0,2,0.0,0.0,0.0,0.0,0.0,1.0,-1
"((BGTestAvgNumMeter >= 0.072) U[2,2] (BGTestAvgNumPtRep <= 2.151))
",2.151,2.151,0.000,0.000,1.000,0,0,0,2,2,0,0,2,0.0,0.0,0.0,0.0,0.0,1.0,-1
"F[0,2](((HbA1cImputeDtMnC <= 34.610 & HeightCm <= 121.301) -> DirectLDL <= 147.548) -> BGTestAvgNumMeter <= 129.626)
",-9999999.000,-9999999.000,0.000,0.000,1.000,0,0,0,2,2,0,0,2,0.0,0.0,0.0,0.0,0.0,1.0,-1
"((WeightKg > 22.887) U[0,0] (Pt_SHFlg = 0.000))
",-1.000,-11.444,0.000,0.000,1.000,0,0,0,2,2,0,0,2,0.0,0.0,0.0,0.0,0.0,1.0,-1
"((bmi >= 14.526) U[0,2] (HbA1cImputeDtMnC >= 10.325))
",-9999999.000,-9999999.000,0.000,0.000,1.000,0,0,0,2,2,0,0,2,0.0,0.0,0.0,0.0,0.0,1.0,-1
"F[2,2](((age <= 21.602 -> bmi >= 17.416) | DirectLDL >= 6.924) | LDL <= 19.683)
",19.683,19.683,0.000,0.000,1.000,0,0,0,2,2,0,0,2,0.0,0.0,0.0,0.0,0.0,1.0,-1
"F[0,1](((HbA1c <= 6.826 | TotalDailyInsPerKg >= 0.313) & Pt_SHFlg >= 0.011) -> Pt_ChildT1D >= 0.347)
",-9999999.000,-9999999.000,0.000,0.000,1.000,0,0,0,2,2,0,0,2,0.0,0.0,0.0,0.0,0.0,1.0,-1
"F[0,1](age >= 19.406 | WeightKg <= 58.911)
",-9999999.000,-9999999.000,0.000,0.000,1.000,0,0,0,2,2,0,0,2,0.0,0.0,0.0,0.0,0.0,1.0,-1
"F[0,0]((age >= 19.835 -> HeightCm <= 134.880) | diagAgeCombo >= 61.989)
",0.024,1.511,0.000,0.000,1.000,0,0,0,2,2,0,0,2,0.0,0.0,0.0,0.0,0.0,1.0,-1
"F[1,2](((BldPrDia >= 61.992 -> LDL >= 46.686) -> age >= 25.311) | SMBGperDayPtMeterCombo <= 110.844)
",-9999999.000,-9999999.000,0.000,0.000,1.000,0,0,0,2,2,0,0,2,0.0,0.0,0.0,0.0,0.0,1.0,-1
"F[1,2](((bmiPerc <= 0.557 & LDL >= 13.773) & UnitsInsBasalOrLongAct >= 14.154) | diabDur >= 17.578)
",-9999999.000,-9999999.000,0.000,0.000,1.000,0,0,0,2,2,0,0,2,0.0,0.0,0.0,0.0,0.0,1.0,-1
"F[1,2](HbA1cImputeDtMnC <= 33.771 & NumPumpBolusOrShortAct >= 0.389)
",-9999999.000,-9999999.000,0.000,0.000,1.000,0,0,0,2,2,0,0,2,0.0,0.0,0.0,0.0,0.0,1.0,-1
"F[1,2](age >= 19.387 & TotChol <= 201.707)
",-9999999.000,-9999999.000,0.000,0.000,1.000,0,0,0,2,2,0,0,2,0.0,0.0,0.0,0.0,0.0,1.0,-1
"((BGTestAvgNumMeter < 0.750) U[0,2] (Pt_SHFlg = 0.000))
",-9999999.000,-9999999.000,0.000,0.000,1.000,0,0,0,2,2,0,0,2,0.0,0.0,0.0,0.0,0.0,1.0,-1
"F[0,2](BGTestAvgNumPtRep >= 0.343 & Pt_SHFlg = 0.000)
",-9999999.000,-9999999.000,0.000,0.000,1.000,0,0,0,2,2,0,0,2,0.0,0.0,0.0,0.0,0.0,1.0,-1
"F[1,2](bmiPerc < 0.565 -> Pt_SHFlg = 0.000)
",-9999999.000,-9999999.000,0.000,0.000,1.000,0,0,0,2,2,0,0,2,0.0,0.0,0.0,0.0,0.0,1.0,-1
"F[0,2](AlbCreatRat_mggNew < 5.630 & Pt_SHFlg = 0.000)
",-9999999.000,-9999999.000,0.000,0.000,1.000,0,0,0,2,2,0,0,2,0.0,0.0,0.0,0.0,0.0,1.0,-1
"((BUN <= 9.866) U[0,0] (Pt_SHFlg = 0.000))
",-1.000,-13.361,0.000,0.000,1.000,0,0,0,2,2,0,0,2,0.0,0.0,0.0,0.0,0.0,1.0,-1
"F[0,1](HbA1c >= 6.448 -> Pt_A1cGoalLevelDsYr5 = 0.000)
",-9999999.000,-9999999.000,0.000,0.000,1.000,0,0,0,2,2,0,0,2,0.0,0.0,0.0,0.0,0.0,1.0,-1
"((SMBGperDayPtMeterCombo > 0.553) U[0,2] (Pt_SHFlg = 0.000))
",-9999999.000,-9999999.000,0.000,0.000,1.000,0,0,0,2,2,0,0,2,0.0,0.0,0.0,0.0,0.0,1.0,-1
"((BGTestAvgNumMeter < 1.306) U[0,0] (Pt_SHFlg = 0.000))
",-0.895,-11.194,0.000,0.000,1.000,0,0,0,2,2,0,0,2,0.0,0.0,0.0,0.0,0.0,1.0,-1
"F[0,2](bmiPerc > 0.303 & Pt_SHFlg = 0.000)
",-9999999.000,-9999999.000,0.000,0.000,1.000,0,0,0,2,2,0,0,2,0.0,0.0,0.0,0.0,0.0,1.0,-1
"F[0,0](Triglyc >= 14.489 & Pt_SHFlg = 0.000)
",-1.000,-13.361,0.000,0.000,1.000,0,0,0,2,2,0,0,2,0.0,0.0,0.0,0.0,0.0,1.0,-1
"F[0,2](TotalDailyInsPerKg < 0.616 -> Pt_SHFlg = 0.000)
",-9999999.000,-9999999.000,0.000,0.000,1.000,0,0,0,2,2,0,0,2,0.0,0.0,0.0,0.0,0.0,1.0,-1
"F[0,0](Pt_DKAFlg < 0.000 -> Pt_SHFlg = 0.000)
",0.000,0.000,0.000,0.000,1.000,0,0,0,2,2,0,0,2,0.0,0.0,0.0,0.0,0.0,1.0,-1
"F[2,2](HbA1cImputeDtMnC >= 11.447 & Pt_SHFlg = 0.000)
",-11.447,-11.447,0.000,0.000,1.000,0,0,0,2,2,0,0,2,0.0,0.0,0.0,0.0,0.0,1.0,-1
"F[0,2](AlbCreatRat_mggNew <= 5.800 -> Pt_SHFlg = 0.000)
",-9999999.000,-9999999.000,0.000,0.000,1.000,0,0,0,2,2,0,0,2,0.0,0.0,0.0,0.0,0.0,1.0,-1
"F[1,2](BGTestAvgNumPtRep < 2.268 -> Pt_SHFlg = 0.000)
",-9999999.000,-9999999.000,0.000,0.000,1.000,0,0,0,2,2,0,0,2,0.0,0.0,0.0,0.0,0.0,1.0,-1
"((TSH > 0.100) U[0,0] (Pt_SHFlg = 0.000))
",0.900,0.900,0.000,0.000,1.000,0,0,0,2,2,0,0,2,0.0,0.0,0.0,0.0,0.0,1.0,-1
"F[0,2](DirectLDL > 0.000 -> Pt_SHFlg = 0.000)
",-9999999.000,-9999999.000,0.000,0.000,1.000,0,0,0,2,2,0,0,2,0.0,0.0,0.0,0.0,0.0,1.0,-1
"((bmiZscore < 0.080) U[0,2] (Pt_SHFlg = 0.000))
",-9999999.000,-9999999.000,0.000,0.000,1.000,0,0,0,2,2,0,0,2,0.0,0.0,0.0,0.0,0.0,1.0,-1
"F[0,2](HbA1c >= 6.537 -> Pt_A1cGoalLevelDsYr5 = 0.000)
",-9999999.000,-9999999.000,0.000,0.000,1.000,0,0,0,2,2,0,0,2,0.0,0.0,0.0,0.0,0.0,1.0,-1
"F[0,1]((Pt_FatherT1D <= 0.000 & AutonomicNeuroCl >= 0.000) | AlbCreatRat_mggNew >= 0.000)
",-9999999.000,-9999999.000,0.000,0.000,1.000,0,0,0,2,2,0,0,2,0.0,0.0,0.0,0.0,0.0,1.0,-1
"F[1,2](((Pt_InsGov <= 0.000 -> BldPrDia <= 88.012) | Pt_GrandchildT1D <= 93.503) | Pt_CGMUseNumDays <= 79.182)
",-9999999.000,-9999999.000,0.000,0.000,1.000,0,0,0,2,2,0,0,2,0.0,0.0,0.0,0.0,0.0,1.0,-1
"((TSH <= 0.486) U[0,2] (NumPumpBolusOrShortAct >= 0.628))
",-9999999.000,-9999999.000,0.000,0.000,1.000,0,0,0,2,2,0,0,2,0.0,0.0,0.0,0.0,0.0,1.0,-1
"G[0,2](((diabDur <= 18.826 -> HbA1cImputeDtMnC <= 27.139) | Pt_GrandchildT1D >= 6.352) -> HeightCm >= 16.493)
",9999999.000,9999999.000,0.000,1.000,0.000,0,0,1,1,1,1,1,1,0.0,0.0,1.0,0.0,0.0,1.0,1
"G[1,2](Pt_A1cGoalLev > 0.405 -> Pt_SHFlg = 0.000)
",9999999.000,9999999.000,0.000,1.000,0.000,0,0,2,0,0,2,2,0,0.0,0.0,1.0,0.0,0.0,1.0,1
"G[0,1](((BldPrDia <= 90.034 -> HbA1cImputeDtMnC >= 15.716) | BldPrSys >= 7.582) & TotChol <= 31.554)
",9999999.000,9999999.000,0.000,1.000,0.000,0,0,0,2,2,0,0,2,0.0,0.0,0.0,0.0,0.0,1.0,1
"G[0,2](bmiPerc >= 0.339 | bmiZscore >= -0.186)
",9999999.000,9999999.000,0.000,1.000,0.000,0,0,1,1,1,1,1,1,0.0,0.0,1.0,0.0,0.0,1.0,1
"G[1,2]((BGTestAvgNumMeter <= 1.643 & WeightKg >= 39.378) -> HDL >= 26.220)
",9999999.000,9999999.000,0.000,1.000,0.000,0,0,1,1,1,1,1,1,0.0,0.0,1.0,0.0,0.0,1.0,1
"G[2,2](((Pt_A1cGoalLev <= 4.272 & WeightKg <= 54.959) | Pt_A1cGoalLev <= 59.840) | age <= 59.672)
",59.840,59.840,0.000,1.000,0.000,0,0,2,0,0,2,2,0,0.0,0.0,1.0,0.0,0.0,1.0,1
"G[1,2](SMBGperDayPtMeterCombo >= 0.858 & Triglyc >= 33.598)
",9999999.000,9999999.000,0.000,1.000,0.000,0,0,1,1,1,1,1,1,0.0,0.0,1.0,0.0,0.0,1.0,1
"G[1,2]((bmiZscore <= 0.616 | SMBGperDayPtMeterCombo >= 0.691) -> SMBGperDayPtMeterCombo >= 0.369)
",9999999.000,9999999.000,0.000,1.000,0.000,0,0,1,1,1,1,1,1,0.0,0.0,1.0,0.0,0.0,1.0,1
"G[1,2]((age >= 20.231 & SMBGperDayPtMeterCombo <= 1.425) -> TSH >= 0.254)
",9999999.000,9999999.000,0.000,1.000,0.000,0,0,1,1,1,1,1,1,0.0,0.0,1.0,0.0,0.0,1.0,1
"G[0,0]((NumPumpBolusOrShortAct <= 2.397 & Pt_A1cGoalLev >= 1.080) & UnitsInsBasalOrLongAct <= 4.259)
",-0.741,-0.741,0.000,1.000,0.000,0,0,0,2,2,0,0,2,0.0,0.0,0.0,0.0,0.0,1.0,1
"G[0,2](((HeightCm >= 63.256 -> Pt_A1cGoalLev <= 1.915) & Pt_FatherT1D >= 0.171) | TotalDailyInsPerKg >= 0.900)
",9999999.000,9999999.000,0.000,1.000,0.000,0,0,0,2,2,0,0,2,0.0,0.0,0.0,0.0,0.0,1.0,1
"G[0,1]((HbA1c >= 6.519 & TotChol <= 211.975) | HbA1c >= 61.497)
",9999999.000,9999999.000,0.000,1.000,0.000,0,0,0,2,2,0,0,2,0.0,0.0,0.0,0.0,0.0,1.0,1
"G[0,2]((BldPrSys >= 107.235 -> TotalDailyInsPerKg <= 0.602) & diabDur <= 0.577)
",9999999.000,9999999.000,0.000,1.000,0.000,0,0,0,2,2,0,0,2,0.0,0.0,0.0,0.0,0.0,1.0,1
"G[2,2]((BldPrSys <= 117.370 & Pt_A1cGoalLev <= 2.782) & LDL <= 2.303)
",2.303,2.303,0.000,1.000,0.000,0,0,2,0,0,2,2,0,0.0,0.0,1.0,0.0,0.0,1.0,1
"G[0,2](((BGTestAvgNumMeter <= 0.845 & BldPrDia >= 54.682) -> Pt_FatherT1D >= 63.280) | TotChol >= 43.967)
",9999999.000,9999999.000,0.000,1.000,0.000,0,0,2,0,0,2,2,0,0.0,0.0,1.0,0.0,0.0,1.0,1
"G[1,2](((BldPrSys >= 105.043 & HeightCm >= 98.902) -> diagAgeCombo >= 14.715) & BldPrDia <= 129.822)
",9999999.000,9999999.000,0.000,1.000,0.000,0,0,0,2,2,0,0,2,0.0,0.0,0.0,0.0,0.0,1.0,1
"G[1,2]((BldPrSys >= 99.020 & TSH <= 1.293) & Pt_SHFlg <= 0.633)
",9999999.000,9999999.000,0.000,1.000,0.000,0,0,2,0,0,2,2,0,0.0,0.0,1.0,0.0,0.0,1.0,1
"G[1,2](((BldPrSys <= 117.621 | BUN <= 4.617) -> UnitsInsBasalOrLongAct >= 1.312) & BGTestAvgNumPtRep >= 0.709)
",9999999.000,9999999.000,0.000,1.000,0.000,0,0,0,2,2,0,0,2,0.0,0.0,0.0,0.0,0.0,1.0,1
"G[0,2](((BldPrSys <= 118.366 & GFR <= 53.985) -> diabDur >= 29.683) & Pt_A1cGoalLev >= 18.578)
",9999999.000,9999999.000,0.000,1.000,0.000,0,0,0,2,2,0,0,2,0.0,0.0,0.0,0.0,0.0,1.0,1
"G[2,2]((AlbCreatRat_mggNew >= 5.210 -> bmiPerc <= 0.654) -> BldPrDia <= 0.466)
",-0.466,-0.466,0.000,1.000,0.000,0,0,2,0,0,2,2,0,0.0,0.0,1.0,0.0,0.0,1.0,1
"G[2,2](((age <= 21.213 & TotalDailyInsPerKg >= 0.040) & SMBGperDayPtMeterCombo >= 0.170) -> AlbCreatRat_mggNew <= 0.678)
",-0.678,-0.678,0.000,1.000,0.000,0,0,2,0,0,2,2,0,0.0,0.0,1.0,0.0,0.0,1.0,1
"G[0,2]((LDL >= 74.017 -> Pt_A1cGoalLev >= 0.607) | diagAgeCombo <= 3.189)
",9999999.000,9999999.000,0.000,1.000,0.000,0,0,2,0,0,2,2,0,0.0,0.0,1.0,0.0,0.0,1.0,1
"G[1,2]((BGTestAvgNumMeter <= 1.481 & LDL >= 7.786) -> HbA1c >= 69.859)
",9999999.000,9999999.000,0.000,1.000,0.000,0,0,2,0,0,2,2,0,0.0,0.0,1.0,0.0,0.0,1.0,1
"G[0,2]((BldPrSys <= 115.328 | WeightKg <= 45.106) | Pt_A1cGoalLevelDsYr5 <= 45.354)
",9999999.000,9999999.000,0.000,1.000,0.000,0,0,2,0,0,2,2,0,0.0,0.0,1.0,0.0,0.0,1.0,1
"G[0,1](((bmi <= 21.190 | HDL >= 15.150) & diagAgeCombo >= 30.922) | Pt_InsGov >= 17.467)
",9999999.000,9999999.000,0.000,1.000,0.000,0,0,0,2,2,0,0,2,0.0,0.0,0.0,0.0,0.0,1.0,1
"G[0,2](Triglyc <= 110.805 & age >= 19.770)
",9999999.000,9999999.000,0.000,1.000,0.000,0,0,1,1,1,1,1,1,0.0,0.0,1.0,0.0,0.0,1.0,1
"G[1,1](((AlbCreatRat_mggNew >= 5.246 -> Triglyc >= 64.668) & bmiPerc >= 45.543) & Pt_SiblingT1D >= 55.815)
",-55.815,-55.815,0.000,1.000,0.000,0,0,0,2,2,0,0,2,0.0,0.0,0.0,0.0,0.0,1.0,1
"G[1,2](((BGTestAvgNumPtRep >= 1.202 -> TotChol <= 191.021) & AlbCreatRat_mggNew <= 158.660) | Pt_CGMUseNumDays <= 203.932)
",9999999.000,9999999.000,0.000,1.000,0.000,0,0,2,0,0,2,2,0,0.0,0.0,1.0,0.0,0.0,1.0,1
"G[0,2](bmi <= 24.443 | HbA1c >= 6.539)
",9999999.000,9999999.000,0.000,1.000,0.000,0,0,2,0,0,2,2,0,0.0,0.0,1.0,0.0,0.0,1.0,1
"G[0,2](((BGTestAvgNumPtRep >= 0.385 -> bmi <= 19.952) -> Pt_DKAFlg >= 6.371) -> Pt_GrandparentT1D >= 17.270)
",9999999.000,9999999.000,0.000,1.000,0.000,0,0,1,1,1,1,1,1,0.0,0.0,1.0,0.0,0.0,1.0,1
"G[0,2](BldPrDia <= 86.082 -> Pt_GrandparentT1D <= 0.000)
",9999999.000,9999999.000,0.000,1.000,0.000,0,0,2,0,0,2,2,0,0.0,0.0,1.0,0.0,0.0,1.0,1
"G[1,2]((Pt_ChildT1D >= 0.000 -> Pt_GrandparentT1D >= 0.000) & DirectLDL <= 0.000)
",9999999.000,9999999.000,0.000,1.000,0.000,0,0,2,0,0,2,2,0,0.0,0.0,1.0,0.0,0.0,1.0,1
"G[0,1]((BUN >= 1.811 | WeightKg >= 37.579) & bmiZscore >= 31.662)
",9999999.000,9999999.000,0.000,1.000,0.000,0,0,0,2,2,0,0,2,0.0,0.0,0.0,0.0,0.0,1.0,1
"G[0,1](Pt_GrandparentT1D <= 0.000 -> BGTestAvgNumMeter >= 0.416)
",9999999.000,9999999.000,0.000,1.000,0.000,0,0,0,2,2,0,0,2,0.0,0.0,0.0,0.0,0.0,1.0,1
"G[1,2]((HbA1cImputeDtMnC <= 35.258 | TotalDailyInsPerKg <= 0.469) -> Triglyc <= 0.581)
",9999999.000,9999999.000,0.000,1.000,0.000,0,0,1,1,1,1,1,1,0.0,0.0,1.0,0.0,0.0,1.0,1
"G[2,2](((BldPrSys >= 112.531 & LDL >= 47.973) & Pt_A1cGoalLevelDsYr5 <= 102.842) & BldPrDia >= 60.307)
",-112.531,-112.531,0.000,1.000,0.000,0,0,2,0,0,2,2,0,0.0,0.0,1.0,0.0,0.0,1.0,1
"G[1,2]((diabDur <= 19.055 & TotalDailyInsPerKg >= 0.109) -> bmi >= 0.170)
",9999999.000,9999999.000,0.000,1.000,0.000,0,0,2,0,0,2,2,0,0.0,0.0,1.0,0.0,0.0,1.0,1
"G[0,0](LDL <= 110.018 & NumPumpBolusOrShortAct >= 0.684)
",-0.684,-0.684,0.000,1.000,0.000,0,0,0,2,2,0,0,2,0.0,0.0,0.0,0.0,0.0,1.0,1
"G[0,2](((HbA1cImputeDtMnC >= 17.356 & HDL <= 63.634) -> BldPrDia >= 49.917) & UnitsInsBasalOrLongAct <= 68.007)
",9999999.000,9999999.000,0.000,1.000,0.000,0,0,1,1,1,1,1,1,0.0,0.0,1.0,0.0,0.0,1.0,1
"G[1,2](age <= 21.345 | BldPrSys >= 112.862)
",9999999.000,9999999.000,0.000,1.000,0.000,0,0,2,0,0,2,2,0,0.0,0.0,1.0,0.0,0.0,1.0,1
"G[0,2](BldPrDia >= 67.207 | diabDur <= 19.678)
",9999999.000,9999999.000,0.000,1.000,0.000,0,0,1,1,1,1,1,1,0.0,0.0,1.0,0.0,0.0,1.0,1
"G[0,2](age >= 19.721 & HDL >= 1.362)
",9999999.000,9999999.000,0.000,1.000,0.000,0,0,0,2,2,0,0,2,0.0,0.0,0.0,0.0,0.0,1.0,1
"G[2,2](((BldPrDia <= 81.046 | TotalDailyInsPerKg <= 0.478) -> AutonomicNeuroCl >= 0.291) & Pt_DKAFlg >= 0.147)
",-81.046,-81.046,0.000,1.000,0.000,0,0,2,0,0,2,2,0,0.0,0.0,1.0,0.0,0.0,1.0,1
"G[1,2](BGTestAvgNumPtRep <= 2.341 -> HeightCm >= 20.143)
",9999999.000,9999999.000,0.000,1.000,0.000,0,0,2,0,0,2,2,0,0.0,0.0,1.0,0.0,0.0,1.0,1
"G[2,2]((bmiPerc >= 0.047 & NumPumpBolusOrShortAct >= 0.650) | bmi <= 2.069)
",2.069,2.069,0.000,1.000,0.000,0,0,2,0,0,2,2,0,0.0,0.0,1.0,0.0,0.0,1.0,1
"G[2,2]((bmi >= 13.193 -> bmiPerc <= 0.712) | TSH >= 0.224)
",-0.224,-0.224,0.000,1.000,0.000,0,0,2,0,0,2,2,0,0.0,0.0,1.0,0.0,0.0,1.0,1
"G[1,2](((bmiZscore <= 0.107 -> HDL >= 40.631) -> HbA1c >= 4.195) & WeightKg <= 64.907)
",9999999.000,9999999.000,0.000,1.000,0.000,0,0,2,0,0,2,2,0,0.0,0.0,1.0,0.0,0.0,1.0,1
"G[2,2](((bmiPerc <= 0.774 & HDL <= 59.010) -> HbA1c <= 70.386) -> DirectLDL >= 33.370)
",33.370,33.370,0.000,1.000,0.000,0,0,2,0,0,2,2,0,0.0,0.0,1.0,0.0,0.0,1.0,1
"G[0,1]((BGTestAvgNumPtRep >= 0.825 & BldPrDia <= 99.148) | Pt_SHFlg >= 63.834)
",9999999.000,9999999.000,0.000,1.000,0.000,0,0,0,2,2,0,0,2,0.0,0.0,0.0,0.0,0.0,1.0,1
"G[0,2](((BUN <= 5.528 & TotalDailyInsPerKg >= 0.046) -> SMBGperDayPtMeterCombo <= 0.689) & AutonomicNeuroCl >= 0.264)
",9999999.000,9999999.000,0.000,1.000,0.000,0,0,0,2,2,0,0,2,0.0,0.0,0.0,0.0,0.0,1.0,1
"G[2,2]((AlbCreatRat_mggNew <= 5.957 | HbA1c <= 6.769) & WeightKg >= 6.606)
",-6.606,-6.606,0.000,1.000,0.000,0,0,2,0,0,2,2,0,0.0,0.0,1.0,0.0,0.0,1.0,1
"G[1,2](SMBGperDayPtMeterCombo <= 1.445 -> TSH <= 0.984)
",9999999.000,9999999.000,0.000,1.000,0.000,0,0,2,0,0,2,2,0,0.0,0.0,1.0,0.0,0.0,1.0,1
"G[1,2](((SMBGperDayPtMeterCombo >= 0.777 & UnitsInsBasalOrLongAct <= 12.823) -> Pt_A1cGoalLevelDsYr5 >= 2.604) | BGTestAvgNumMeter >= 4.923)
",9999999.000,9999999.000,0.000,1.000,0.000,0,0,1,1,1,1,1,1,0.0,0.0,1.0,0.0,0.0,1.0,1
"G[0,2](BldPrSys <= 121.192 & bmiPerc >= 0.222)
",9999999.000,9999999.000,0.000,1.000,0.000,0,0,0,2,2,0,0,2,0.0,0.0,0.0,0.0,0.0,1.0,1
"G[1,2]((Pt_SHFlg <= 0.000 | BGTestAvgNumMeter >= 0.344) | HDL <= 1.337)
",9999999.000,9999999.000,0.000,1.000,0.000,0,0,2,0,0,2,2,0,0.0,0.0,1.0,0.0,0.0,1.0,1
"G[2,2]((AutonomicNeuroCl >= 0.000 & Pt_SiblingT1D <= 0.000) | Pt_SiblingT1D >= 0.000)
",0.000,0.000,0.000,1.000,0.000,0,0,2,0,0,2,2,0,0.0,0.0,1.0,0.0,0.0,1.0,1
"G[0,2]((bmiPerc >= 0.269 & BldPrDia >= 66.669) | Pt_DKAFlg >= 56.406)
",9999999.000,9999999.000,0.000,1.000,0.000,0,0,0,2,2,0,0,2,0.0,0.0,0.0,0.0,0.0,1.0,1
"G[1,2](GFR <= 75.581 -> BUN >= 2.676)
",9999999.000,9999999.000,0.000,1.000,0.000,0,0,0,2,2,0,0,2,0.0,0.0,0.0,0.0,0.0,1.0,1
"G[1,2]((BGTestAvgNumPtRep >= 0.890 | HeightCm >= 43.789) | Pt_DKAFlg <= 121.742)
",9999999.000,9999999.000,0.000,1.000,0.000,0,0,2,0,0,2,2,0,0.0,0.0,1.0,0.0,0.0,1.0,1
"G[0,1](GFR <= 84.072 -> BUN >= 1.029)
",9999999.000,9999999.000,0.000,1.000,0.000,0,0,0,2,2,0,0,2,0.0,0.0,0.0,0.0,0.0,1.0,1
"G[2,2]((BGTestAvgNumPtRep <= 2.007 | Pt_GrandchildT1D <= 0.000) -> DirectLDL <= 0.000)
",-2.007,-2.007,0.000,1.000,0.000,0,0,2,0,0,2,2,0,0.0,0.0,1.0,0.0,0.0,1.0,1
"G[0,2](SMBGperDayPtMeterCombo >= 0.573 | Pt_DKAFlg <= 0.000)
",9999999.000,9999999.000,0.000,1.000,0.000,0,0,2,0,0,2,2,0,0.0,0.0,1.0,0.0,0.0,1.0,1
"G[0,2](bmi >= 7.501 & diagAgeCombo >= 1.000)
",9999999.000,9999999.000,0.000,1.000,0.000,0,0,1,1,1,1,1,1,0.0,0.0,1.0,0.0,0.0,1.0,1
"G[1,2]((TSH <= 1.295 -> NumPumpBolusOrShortAct <= 2.317) & Pt_SHFlg <= 5.039)
",9999999.000,9999999.000,0.000,1.000,0.000,0,0,2,0,0,2,2,0,0.0,0.0,1.0,0.0,0.0,1.0,1
"G[0,2](Pt_CGMUseNumDays >= 0.000 | bmiZscore >= -0.045)
",9999999.000,9999999.000,0.000,1.000,0.000,0,0,2,0,0,2,2,0,0.0,0.0,1.0,0.0,0.0,1.0,1
"G[1,2](((BldPrSys >= 110.663 -> GFR <= 52.598) -> diabDur >= 19.489) | Pt_FatherT1D >= 9.722)
",9999999.000,9999999.000,0.000,1.000,0.000,0,0,1,1,1,1,1,1,0.0,0.0,1.0,0.0,0.0,1.0,1
"G[2,2]((BGTestAvgNumMeter >= 0.085 | Pt_DKAFlg <= 0.000) & Pt_FatherT1D <= 0.000)
",0.000,0.000,0.000,1.000,0.000,0,0,2,0,0,2,2,0,0.0,0.0,1.0,0.0,0.0,1.0,1
"G[0,1]((HeightCm <= 154.802 -> TotalDailyInsPerKg <= 0.466) & UnitsInsBasalOrLongAct >= 0.190)
",9999999.000,9999999.000,0.000,1.000,0.000,0,0,0,2,2,0,0,2,0.0,0.0,0.0,0.0,0.0,1.0,1
"G[1,2]((TSH <= 1.219 | DirectLDL >= 0.000) & Pt_MotherT1D >= 0.000)
",9999999.000,9999999.000,0.000,1.000,0.000,0,0,2,0,0,2,2,0,0.0,0.0,1.0,0.0,0.0,1.0,1
"G[0,2](UnitsInsBasalOrLongAct >= 1.900 | HDL <= 64.966)
",9999999.000,9999999.000,0.000,1.000,0.000,0,0,1,1,1,1,1,1,0.0,0.0,1.0,0.0,0.0,1.0,1
"G[0,2](((WeightKg <= 55.177 -> BldPrSys >= 102.772) -> HbA1cImputeDtMnC >= 103.452) | Pt_SiblingT1D >= 107.572)
",9999999.000,9999999.000,0.000,1.000,0.000,0,0,0,2,2,0,0,2,0.0,0.0,0.0,0.0,0.0,1.0,1
"G[2,2](((Pt_GrandchildT1D >= 0.000 -> Pt_GrandparentT1D <= 0.000) & Pt_GrandparentT1D >= 0.000) -> TotalDailyInsPerKg >= 0.000)
",0.000,0.000,0.000,1.000,0.000,0,0,2,0,0,2,2,0,0.0,0.0,1.0,0.0,0.0,1.0,1
"G[2,2](((Pt_MotherT1D >= 0.000 | bmiZscore <= 0.324) | bmiPerc <= 0.095) -> Pt_GrandparentT1D <= 0.077)
",-0.324,-0.324,0.000,1.000,0.000,0,0,2,0,0,2,2,0,0.0,0.0,1.0,0.0,0.0,1.0,1
"G[1,2](((Pt_DKAFlg >= 0.000 & diabDur >= 17.582) -> Pt_GrandparentT1D >= 17.374) | Pt_A1cGoalLevelDsYr5 >= 17.390)
",9999999.000,9999999.000,0.000,1.000,0.000,0,0,0,2,2,0,0,2,0.0,0.0,0.0,0.0,0.0,1.0,1
"G[0,2](((TotChol <= 207.382 & SMBGperDayPtMeterCombo <= 1.592) & NumPumpBolusOrShortAct >= 0.621) -> Pt_MotherT1D >= 0.069)
",9999999.000,9999999.000,0.000,1.000,0.000,0,0,2,0,0,2,2,0,0.0,0.0,1.0,0.0,0.0,1.0,1
"G[0,2](((TSH <= 1.133 -> SMBGperDayPtMeterCombo >= 0.436) -> bmiPerc <= 1.365) & BGTestAvgNumMeter >= 0.223)
",9999999.000,9999999.000,0.000,1.000,0.000,0,0,0,2,2,0,0,2,0.0,0.0,0.0,0.0,0.0,1.0,1
"G[1,2](((BUN <= 7.460 & LDL <= 115.937) -> Pt_CGMUseNumDays <= 110.668) | SMBGperDayPtMeterCombo >= 43.163)
",9999999.000,9999999.000,0.000,1.000,0.000,0,0,2,0,0,2,2,0,0.0,0.0,1.0,0.0,0.0,1.0,1
"G[0,2](((Pt_MotherT1D >= 0.000 | LDL <= 95.028) -> Pt_ChildT1D >= 62.939) | HDL <= 107.842)
",9999999.000,9999999.000,0.000,1.000,0.000,0,0,2,0,0,2,2,0,0.0,0.0,1.0,0.0,0.0,1.0,1
"G[0,1](GFR <= 60.560 -> BUN >= 1.071)
",9999999.000,9999999.000,0.000,1.000,0.000,0,0,0,2,2,0,0,2,0.0,0.0,0.0,0.0,0.0,1.0,1
"G[1,2]((BGTestAvgNumMeter >= 0.028 -> TotalDailyInsPerKg <= 0.433) | Pt_A1cGoalLevelDsYr5 >= 0.283)
",9999999.000,9999999.000,0.000,1.000,0.000,0,0,1,1,1,1,1,1,0.0,0.0,1.0,0.0,0.0,1.0,1
"G[1,2](SMBGperDayPtMeterCombo >= 0.562 & BGTestAvgNumPtRep >= 0.418)
",9999999.000,9999999.000,0.000,1.000,0.000,0,0,1,1,1,1,1,1,0.0,0.0,1.0,0.0,0.0,1.0,1
"G[1,2](GFR <= 63.503 -> BUN >= 2.242)
",9999999.000,9999999.000,0.000,1.000,0.000,0,0,0,2,2,0,0,2,0.0,0.0,0.0,0.0,0.0,1.0,1
"G[2,2]((TSH >= 0.072 | diagAgeCombo <= 1.000) | BUN <= 1.000)
",1.000,1.000,0.000,1.000,0.000,0,0,2,0,0,2,2,0,0.0,0.0,1.0,0.0,0.0,1.0,1
"G[0,1]((Pt_InsGov >= 0.000 -> Pt_CGMUseNumDays >= 0.000) & TotChol <= 0.000)
",9999999.000,9999999.000,0.000,1.000,0.000,0,0,0,2,2,0,0,2,0.0,0.0,0.0,0.0,0.0,1.0,1
"G[0,2](((bmiPerc >= 0.231 & Pt_InsGov <= 0.000) & Pt_A1cGoalLevelDsYr5 <= 0.000) -> Pt_A1cGoalLevelDsYr5 <= 0.000)
",9999999.000,9999999.000,0.000,1.000,0.000,0,0,2,0,0,2,2,0,0.0,0.0,1.0,0.0,0.0,1.0,1
"G[1,2]((HbA1cImputeDtMnC >= 9.076 | WeightKg <= 58.300) & Triglyc >= 2.727)
",9999999.000,9999999.000,0.000,1.000,0.000,0,0,1,1,1,1,1,1,0.0,0.0,1.0,0.0,0.0,1.0,1
"G[0,1]((Triglyc <= 81.745 -> bmiPerc <= 0.504) -> BldPrSys <= 0.584)
",9999999.000,9999999.000,0.000,1.000,0.000,0,0,0,2,2,0,0,2,0.0,0.0,0.0,0.0,0.0,1.0,1
"G[2,2](((Pt_GrandchildT1D >= 0.000 | BGTestAvgNumMeter <= 0.567) & AlbCreatRat_mggNew >= 0.154) | TotalDailyInsPerKg >= 0.357)
",-0.154,-0.154,0.000,1.000,0.000,0,0,2,0,0,2,2,0,0.0,0.0,1.0,0.0,0.0,1.0,1
"G[1,2](((WeightKg <= 53.826 | DirectLDL >= 0.000) | Pt_A1cGoalLev >= 0.000) | TotalDailyInsPerKg <= 0.000)
",9999999.000,9999999.000,0.000,1.000,0.000,0,0,2,0,0,2,2,0,0.0,0.0,1.0,0.0,0.0,1.0,1
"G[0,2]((TotChol <= 192.064 -> Pt_CGMUseNumDays >= 0.000) & Pt_A1cGoalLev <= 0.000)
",9999999.000,9999999.000,0.000,1.000,0.000,0,0,1,1,1,1,1,1,0.0,0.0,1.0,0.0,0.0,1.0,1
"G[0,1](((bmiPerc >= 0.148 & DirectLDL >= 0.000) -> BGTestAvgNumPtRep >= 0.000) -> LDL <= 0.000)
",9999999.000,9999999.000,0.000,1.000,0.000,0,0,0,2,2,0,0,2,0.0,0.0,0.0,0.0,0.0,1.0,1
"G[1,2](GFR <= 42.230 -> BUN >= 0.471)
",9999999.000,9999999.000,0.000,1.000,0.000,0,0,0,2,2,0,0,2,0.0,0.0,0.0,0.0,0.0,1.0,1
"G[0,2](TotalDailyInsPerKg <= 0.439 -> HeightCm >= 25.778)
",9999999.000,9999999.000,0.000,1.000,0.000,0,0,1,1,1,1,1,1,0.0,0.0,1.0,0.0,0.0,1.0,1
"G[0,1](GFR <= 103.842 -> BUN >= 0.798)
",9999999.000,9999999.000,0.000,1.000,0.000,0,0,0,2,2,0,0,2,0.0,0.0,0.0,0.0,0.0,1.0,1
"G[1,2](BGTestAvgNumPtRep >= 0.227 & TSH <= 1.288)
",9999999.000,9999999.000,0.000,1.000,0.000,0,0,1,1,1,1,1,1,0.0,0.0,1.0,0.0,0.0,1.0,1
"G[2,2]((Pt_FatherT1D <= 0.000 -> LDL <= 78.807) & bmi <= 93.447)
",-78.807,-78.807,0.000,1.000,0.000,0,0,2,0,0,2,2,0,0.0,0.0,1.0,0.0,0.0,1.0,1
"G[0,2]((WeightKg >= 30.312 | bmi >= 3.246) -> UnitsInsBasalOrLongAct <= 9.312)
",9999999.000,9999999.000,0.000,1.000,0.000,0,0,2,0,0,2,2,0,0.0,0.0,1.0,0.0,0.0,1.0,1
"G[0,1](((DirectLDL >= 0.000 & TSH >= 0.233) & Pt_FatherT1D >= 0.068) & NumPumpBolusOrShortAct <= 0.490)
",9999999.000,9999999.000,0.000,1.000,0.000,0,0,0,2,2,0,0,2,0.0,0.0,0.0,0.0,0.0,1.0,1
"G[0,2](((diabDur <= 18.895 | Pt_DKAFlg <= 0.000) & HeightCm <= 0.000) & SMBGperDayPtMeterCombo <= 0.000)
",9999999.000,9999999.000,0.000,1.000,0.000,0,0,0,2,2,0,0,2,0.0,0.0,0.0,0.0,0.0,1.0,1
"G[0,1](((Pt_InsGov <= 0.000 -> Pt_SHFlg >= 0.000) | BUN >= 0.000) & bmiZscore >= 0.000)
",9999999.000,9999999.000,0.000,1.000,0.000,0,0,0,2,2,0,0,2,0.0,0.0,0.0,0.0,0.0,1.0,1
"G[1,2](((bmiZscore <= 0.512 | HbA1c >= 6.424) | GFR <= 6.874) -> bmiZscore <= 6.798)
",9999999.000,9999999.000,0.000,1.000,0.000,0,0,2,0,0,2,2,0,0.0,0.0,1.0,0.0,0.0,1.0,1
"G[1,1](((Pt_A1cGoalLev >= 0.363 & HDL <= 59.287) -> HbA1cImputeDtMnC >= 36.665) -> bmiZscore >= 34.132)
",-0.363,-0.363,0.000,1.000,0.000,0,0,0,2,2,0,0,2,0.0,0.0,0.0,0.0,0.0,1.0,1
"G[1,2]((BGTestAvgNumMeter <= 0.690 & Pt_SHFlg <= 0.000) & NumPumpBolusOrShortAct >= 0.000)
",9999999.000,9999999.000,0.000,1.000,0.000,0,0,1,1,1,1,1,1,0.0,0.0,1.0,0.0,0.0,1.0,1
"G[0,2](TSH <= 0.730 -> Pt_SHFlg <= 0.000)
",9999999.000,9999999.000,0.000,1.000,0.000,0,0,2,0,0,2,2,0,0.0,0.0,1.0,0.0,0.0,1.0,1
"G[0,2](HDL <= 60.007 | Pt_A1cGoalLevelDsYr5 <= 0.000)
",9999999.000,9999999.000,0.000,1.000,0.000,0,0,2,0,0,2,2,0,0.0,0.0,1.0,0.0,0.0,1.0,1
"G[0,1](GFR <= 72.617 -> BUN >= 1.894)
",9999999.000,9999999.000,0.000,1.000,0.000,0,0,0,2,2,0,0,2,0.0,0.0,0.0,0.0,0.0,1.0,1
"G[0,2]((HDL <= 72.421 -> AlbCreatRat_mggNew >= 5.111) -> HDL <= 5.296)
",9999999.000,9999999.000,0.000,1.000,0.000,0,0,1,1,1,1,1,1,0.0,0.0,1.0,0.0,0.0,1.0,1
"G[1,1](LDL >= 76.107 & BUN >= 0.715)
",-76.107,-76.107,0.000,1.000,0.000,0,0,0,2,2,0,0,2,0.0,0.0,0.0,0.0,0.0,1.0,1
"G[1,2]((diabDur >= 18.499 -> HeightCm <= 139.749) & Pt_MotherT1D <= 134.314)
",9999999.000,9999999.000,0.000,1.000,0.000,0,0,1,1,1,1,1,1,0.0,0.0,1.0,0.0,0.0,1.0,1
"G[1,1](((Triglyc <= 75.827 | BldPrDia >= 61.966) & diagAgeCombo >= 58.399) & Pt_FatherT1D >= 65.819)
",-65.819,-65.819,0.000,1.000,0.000,0,0,0,2,2,0,0,2,0.0,0.0,0.0,0.0,0.0,1.0,1
"G[1,2](Pt_SHFlg >= 0.000 -> HeightCm <= 120.710)
",9999999.000,9999999.000,0.000,1.000,0.000,0,0,0,2,2,0,0,2,0.0,0.0,0.0,0.0,0.0,1.0,1
"G[1,2](((Triglyc >= 48.490 -> NumPumpBolusOrShortAct >= 0.017) -> HbA1cImputeDtMnC >= 0.688) | BldPrSys >= 0.938)
",9999999.000,9999999.000,0.000,1.000,0.000,0,0,2,0,0,2,2,0,0.0,0.0,1.0,0.0,0.0,1.0,1
"F[0,1]((TotChol <= 166.844 | Pt_GrandchildT1D >= 0.000) | Pt_DKAFlg <= 0.000)
",-9999999.000,-9999999.000,0.000,0.000,1.000,0,0,0,2,2,0,0,2,0.0,0.0,0.0,0.0,0.0,1.0,-1
"G[2,2](((BldPrSys <= 121.532 | BldPrDia <= 91.076) -> Triglyc <= 77.484) & HDL <= 75.423)
",-121.532,-121.532,0.000,1.000,0.000,0,0,2,0,0,2,2,0,0.0,0.0,1.0,0.0,0.0,1.0,1
"F[0,1](AutonomicNeuroCl >= 0.000 | bmi >= 3.627)
",-9999999.000,-9999999.000,0.000,0.000,1.000,0,0,0,2,2,0,0,2,0.0,0.0,0.0,0.0,0.0,1.0,-1
"((Pt_FatherT1D >= 0.000) U[1,1] (NumPumpBolusOrShortAct <= 5.645))
",5.645,5.645,0.000,0.000,1.000,0,0,0,2,2,0,0,2,0.0,0.0,0.0,0.0,0.0,1.0,-1
"F[2,2]((NumPumpBolusOrShortAct <= 1.518 & GFR <= 56.760) | BGTestAvgNumPtRep >= 27.169)
",1.518,1.518,0.000,0.000,1.000,0,0,0,2,2,0,0,2,0.0,0.0,0.0,0.0,0.0,1.0,-1
"F[2,2]((Pt_DKAFlg >= 0.000 | Pt_DKAFlg >= 0.000) & HbA1cImputeDtMnC <= 0.000)
",0.000,0.000,0.000,0.000,1.000,0,0,0,2,2,0,0,2,0.0,0.0,0.0,0.0,0.0,1.0,-1
"F[1,2]((HbA1cImputeDtMnC <= 25.896 & BGTestAvgNumMeter >= 0.466) | AutonomicNeuroCl <= 0.573)
",-9999999.000,-9999999.000,0.000,0.000,1.000,0,0,0,2,2,0,0,2,0.0,0.0,0.0,0.0,0.0,1.0,-1
"((HbA1c <= 6.817) U[0,0] (Pt_DKAFlg >= 0.000))
",9.099,6.142,0.000,0.000,1.000,0,0,0,2,2,0,0,2,0.0,0.0,0.0,0.0,0.0,1.0,-1
"((BUN >= 2.966) U[2,2] (HbA1cImputeDtMnC >= 14.586))
",-2.966,-2.966,0.000,0.000,1.000,0,0,0,2,2,0,0,2,0.0,0.0,0.0,0.0,0.0,1.0,-1
"F[0,0](((diabDur <= 18.720 | Pt_FatherT1D <= 0.000) | Pt_InsGov >= 0.000) | Pt_SiblingT1D >= 0.000)
",1.000,0.360,0.000,0.000,1.000,0,0,0,2,2,0,0,2,0.0,0.0,0.0,0.0,0.0,1.0,-1
"F[0,2](bmi >= 1.865 & Pt_MotherT1D >= 0.000)
",-9999999.000,-9999999.000,0.000,0.000,1.000,0,0,0,2,2,0,0,2,0.0,0.0,0.0,0.0,0.0,1.0,-1
"F[0,1]((Pt_GrandchildT1D <= 0.000 & Pt_DKAFlg >= 0.000) -> bmiZscore >= 0.000)
",-9999999.000,-9999999.000,0.000,0.000,1.000,0,0,0,2,2,0,0,2,0.0,0.0,0.0,0.0,0.0,1.0,-1
"F[0,2]((AutonomicNeuroCl >= 0.000 | BGTestAvgNumMeter <= 1.269) | SMBGperDayPtMeterCombo >= 0.398)
",-9999999.000,-9999999.000,0.000,0.000,1.000,0,0,0,2,2,0,0,2,0.0,0.0,0.0,0.0,0.0,1.0,-1
"F[1,2](NumPumpBolusOrShortAct >= 1.080 | BGTestAvgNumMeter >= 0.146)
",-9999999.000,-9999999.000,0.000,0.000,1.000,0,0,0,2,2,0,0,2,0.0,0.0,0.0,0.0,0.0,1.0,-1
"F[0,0](((Pt_A1cGoalLev >= 0.655 & BldPrSys <= 116.850) | Pt_A1cGoalLev >= 100.410) -> Pt_SHFlg <= 121.026)
",-8.058,-107.665,0.000,0.000,1.000,0,0,0,2,2,0,0,2,0.0,0.0,0.0,0.0,0.0,1.0,-1
"G[0,2](((WeightKg >= 33.732 | bmiZscore <= 0.116) -> SMBGperDayPtMeterCombo >= -0.249) | Pt_A1cGoalLevelDsYr5 >= -0.471)
",9999999.000,9999999.000,0.000,1.000,0.000,0,0,2,0,0,2,2,0,0.0,0.0,1.0,0.0,0.0,1.0,1
"G[1,2](((Pt_SHFlg <= 0.000 -> DirectLDL >= 0.000) | WeightKg >= 0.000) | DirectLDL >= 0.000)
",9999999.000,9999999.000,0.000,1.000,0.000,0,0,2,0,0,2,2,0,0.0,0.0,1.0,0.0,0.0,1.0,1
"G[1,2]((LDL >= 5.936 -> Pt_A1cGoalLev >= 0.117) -> bmiZscore <= 5.655)
",9999999.000,9999999.000,0.000,1.000,0.000,0,0,2,0,0,2,2,0,0.0,0.0,1.0,0.0,0.0,1.0,1
"G[2,2]((WeightKg >= 16.508 | bmi >= 13.045) -> UnitsInsBasalOrLongAct <= 12.615)
",-12.615,-12.615,0.000,1.000,0.000,0,0,2,0,0,2,2,0,0.0,0.0,1.0,0.0,0.0,1.0,1
"G[0,2](((Pt_MotherT1D >= 0.000 & HDL <= 68.065) & BldPrDia <= 71.551) -> TSH >= 40.039)
",9999999.000,9999999.000,0.000,1.000,0.000,0,0,1,1,1,1,1,1,0.0,0.0,1.0,0.0,0.0,1.0,1
"G[1,2]((TotChol <= 198.369 & Pt_DKAFlg >= 0.000) -> Pt_FatherT1D >= 0.000)
",9999999.000,9999999.000,0.000,1.000,0.000,0,0,2,0,0,2,2,0,0.0,0.0,1.0,0.0,0.0,1.0,1
"G[2,2](SMBGperDayPtMeterCombo >= 0.466 & BGTestAvgNumPtRep >= 0.472)
",-0.472,-0.472,0.000,1.000,0.000,0,0,2,0,0,2,2,0,0.0,0.0,1.0,0.0,0.0,1.0,1
"G[2,2]((WeightKg >= 20.400 | bmi >= 2.663) -> UnitsInsBasalOrLongAct <= 16.025)
",-16.025,-16.025,0.000,1.000,0.000,0,0,2,0,0,2,2,0,0.0,0.0,1.0,0.0,0.0,1.0,1
"G[1,2](bmiZscore >= -0.232 & diabDur <= 18.840)
",9999999.000,9999999.000,0.000,1.000,0.000,0,0,0,2,2,0,0,2,0.0,0.0,0.0,0.0,0.0,1.0,1
"G[0,2](SMBGperDayPtMeterCombo >= 0.494 & BGTestAvgNumPtRep >= 0.463)
",9999999.000,9999999.000,0.000,1.000,0.000,0,0,1,1,1,1,1,1,0.0,0.0,1.0,0.0,0.0,1.0,1
"G[1,2](((Pt_GrandparentT1D >= 0.000 | Pt_GrandparentT1D >= 0.000) & Pt_DKAFlg <= 0.000) -> Pt_InsGov >= 0.000)
",9999999.000,9999999.000,0.000,1.000,0.000,0,0,2,0,0,2,2,0,0.0,0.0,1.0,0.0,0.0,1.0,1
"G[1,2](((Pt_MotherT1D >= 0.000 & Pt_MotherT1D <= 0.000) | age <= 0.000) | LDL <= 0.000)
",9999999.000,9999999.000,0.000,1.000,0.000,0,0,2,0,0,2,2,0,0.0,0.0,1.0,0.0,0.0,1.0,1
"F[0,0](HDL <= 52.200 | LDL >= 18.829)
",-53.336,-18.483,0.000,0.000,1.000,0,0,0,2,2,0,0,2,0.0,0.0,0.0,0.0,0.0,1.0,-1
"((Pt_FatherT1D >= 0.000) U[0,1] (DirectLDL <= 0.000))
",-9999999.000,-9999999.000,0.000,0.000,1.000,0,0,0,2,2,0,0,2,0.0,0.0,0.0,0.0,0.0,1.0,-1
"F[2,2]((Pt_MotherT1D >= 0.000 -> diabDur >= 18.430) | GFR <= 19.417)
",19.417,19.417,0.000,0.000,1.000,0,0,0,2,2,0,0,2,0.0,0.0,0.0,0.0,0.0,1.0,-1
"F[0,1]((WeightKg <= 51.604 -> bmi <= 23.036) | DirectLDL <= 18.088)
",-9999999.000,-9999999.000,0.000,0.000,1.000,0,0,0,2,2,0,0,2,0.0,0.0,0.0,0.0,0.0,1.0,-1
"F[2,2](((Pt_GrandparentT1D >= 0.000 & TotChol <= 181.298) & BGTestAvgNumPtRep >= 111.068) | Pt_DKAFlg >= 93.250)
",-93.250,-93.250,0.000,0.000,1.000,0,0,0,2,2,0,0,2,0.0,0.0,0.0,0.0,0.0,1.0,-1
"F[0,1](((NumPumpBolusOrShortAct <= 5.785 | Pt_InsGov >= 0.000) | Pt_CGMUseNumDays <= 0.000) | bmiZscore <= 0.000)
",-9999999.000,-9999999.000,0.000,0.000,1.000,0,0,0,2,2,0,0,2,0.0,0.0,0.0,0.0,0.0,1.0,-1
"F[1,2]((TotalDailyInsPerKg >= 0.195 | diabDur >= 17.386) | UnitsInsBasalOrLongAct >= 17.255)
",-9999999.000,-9999999.000,0.000,0.000,1.000,0,0,0,2,2,0,0,2,0.0,0.0,0.0,0.0,0.0,1.0,-1
"F[0,2](((BGTestAvgNumMeter <= 1.015 & HbA1cImputeDtMnC >= 0.396) -> Pt_ChildT1D >= 15.128) & Triglyc <= 34.424)
",-9999999.000,-9999999.000,0.000,0.000,1.000,0,0,0,2,2,0,0,2,0.0,0.0,0.0,0.0,0.0,1.0,-1
"F[1,2](TotChol <= 162.108 & Pt_GrandparentT1D >= 0.000)
",-9999999.000,-9999999.000,0.000,0.000,1.000,0,0,0,2,2,0,0,2,0.0,0.0,0.0,0.0,0.0,1.0,-1
"((Pt_SiblingT1D >= 0.000) U[0,2] (diabDur <= 18.700))
",-9999999.000,-9999999.000,0.000,0.000,1.000,0,0,0,2,2,0,0,2,0.0,0.0,0.0,0.0,0.0,1.0,-1
"F[1,2]((bmi >= 10.683 | HbA1c >= 6.461) -> Pt_SHFlg <= 6.899)
",-9999999.000,-9999999.000,0.000,0.000,1.000,0,0,0,2,2,0,0,2,0.0,0.0,0.0,0.0,0.0,1.0,-1
"F[0,2]((Pt_GrandchildT1D <= 0.000 & AlbCreatRat_mggNew >= 5.004) | Pt_GrandparentT1D >= 5.082)
",-9999999.000,-9999999.000,0.000,0.000,1.000,0,0,0,2,2,0,0,2,0.0,0.0,0.0,0.0,0.0,1.0,-1
"F[1,2](TotChol <= 192.927 | Pt_MotherT1D <= 0.000)
",-9999999.000,-9999999.000,0.000,0.000,1.000,0,0,0,2,2,0,0,2,0.0,0.0,0.0,0.0,0.0,1.0,-1
"F[1,2](Pt_GrandchildT1D >= 0.000 & BldPrSys >= 114.359)
",-9999999.000,-9999999.000,0.000,0.000,1.000,0,0,0,2,2,0,0,2,0.0,0.0,0.0,0.0,0.0,1.0,-1
"F[1,1](TSH <= 0.977 -> Pt_GrandparentT1D <= 0.000)
",-0.977,-0.977,0.000,0.000,1.000,0,0,0,2,2,0,0,2,0.0,0.0,0.0,0.0,0.0,1.0,-1
"F[0,2]((AlbCreatRat_mggNew <= 5.865 -> BldPrDia >= 43.029) | AutonomicNeuroCl <= 73.480)
",-9999999.000,-9999999.000,0.000,0.000,1.000,0,0,0,2,2,0,0,2,0.0,0.0,0.0,0.0,0.0,1.0,-1
"F[0,2]((TotChol >= 54.821 | Pt_GrandchildT1D >= 0.000) -> Pt_SHFlg <= 0.000)
",-9999999.000,-9999999.000,0.000,0.000,1.000,0,0,0,2,2,0,0,2,0.0,0.0,0.0,0.0,0.0,1.0,-1
"G[0,2](Pt_MotherT1D >= 0.000 | Pt_FatherT1D <= 0.000)
",9999999.000,9999999.000,0.000,1.000,0.000,0,0,2,0,0,2,2,0,0.0,0.0,1.0,0.0,0.0,1.0,1
"F[0,2](TSH <= 1.284 & AlbCreatRat_mggNew >= 5.226)
",-9999999.000,-9999999.000,0.000,0.000,1.000,0,0,0,2,2,0,0,2,0.0,0.0,0.0,0.0,0.0,1.0,-1
"F[2,2]((Pt_A1cGoalLev >= 1.060 -> HbA1c <= 6.793) -> BGTestAvgNumPtRep <= 6.841)
",-6.841,-6.841,0.000,0.000,1.000,0,0,0,2,2,0,0,2,0.0,0.0,0.0,0.0,0.0,1.0,-1
"((Pt_ChildT1D >= 0.000) U[0,0] (HbA1c >= 6.512))
",0.000,0.000,0.000,0.000,1.000,0,0,0,2,2,0,0,2,0.0,0.0,0.0,0.0,0.0,1.0,-1
"F[0,2](((Triglyc >= 12.153 -> bmi <= 21.964) | GFR <= 22.957) -> BUN >= 16.556)
",-9999999.000,-9999999.000,0.000,0.000,1.000,0,0,0,2,2,0,0,2,0.0,0.0,0.0,0.0,0.0,1.0,-1
"F[0,2]((BUN >= 2.105 & Triglyc >= 67.711) & GFR <= 101.544)
",-9999999.000,-9999999.000,0.000,0.000,1.000,0,0,0,2,2,0,0,2,0.0,0.0,0.0,0.0,0.0,1.0,-1
"F[0,2](((HeightCm >= 75.216 -> Pt_A1cGoalLev >= 0.353) | HbA1c >= 0.746) & Pt_MotherT1D <= 2.635)
",-9999999.000,-9999999.000,0.000,0.000,1.000,0,0,0,2,2,0,0,2,0.0,0.0,0.0,0.0,0.0,1.0,-1
"((DirectLDL <= 0.000) U[0,1] (BGTestAvgNumMeter <= 0.721))
",-9999999.000,-9999999.000,0.000,0.000,1.000,0,0,0,2,2,0,0,2,0.0,0.0,0.0,0.0,0.0,1.0,-1
"F[0,0]((BUN <= 4.504 & age >= 18.799) | BUN <= 20.642)
",-3.290,-60.858,0.000,0.000,1.000,0,0,0,2,2,0,0,2,0.0,0.0,0.0,0.0,0.0,1.0,-1
"F[0,2](((Pt_CGMUseNumDays >= 0.000 -> Pt_CGMUseNumDays >= 0.000) & DirectLDL <= 0.000) | Pt_A1cGoalLev >= 0.000)
",-9999999.000,-9999999.000,0.000,0.000,1.000,0,0,0,2,2,0,0,2,0.0,0.0,0.0,0.0,0.0,1.0,-1
"F[2,2](((bmiZscore >= -0.538 | HeightCm >= 59.568) & Pt_CGMUseNumDays >= 82.259) | Pt_InsGov <= 155.437)
",155.437,155.437,0.000,0.000,1.000,0,0,0,2,2,0,0,2,0.0,0.0,0.0,0.0,0.0,1.0,-1
"G[0,2](GFR <= 101.077 -> BUN >= 2.753)
",9999999.000,9999999.000,0.000,1.000,0.000,0,0,0,2,2,0,0,2,0.0,0.0,0.0,0.0,0.0,1.0,1
"G[0,2](((LDL <= 115.851 -> BGTestAvgNumMeter >= 0.431) & BUN <= 0.921) | HbA1cImputeDtMnC <= 0.999)
",9999999.000,9999999.000,0.000,1.000,0.000,0,0,1,1,1,1,1,1,0.0,0.0,1.0,0.0,0.0,1.0,1
"G[1,2](GFR <= 113.703 -> BUN >= 0.262)
",9999999.000,9999999.000,0.000,1.000,0.000,0,0,0,2,2,0,0,2,0.0,0.0,0.0,0.0,0.0,1.0,1
"G[0,1]((age >= 20.222 & BGTestAvgNumPtRep <= 2.557) & BUN >= 1.053)
",9999999.000,9999999.000,0.000,1.000,0.000,0,0,0,2,2,0,0,2,0.0,0.0,0.0,0.0,0.0,1.0,1
"G[1,1](((BGTestAvgNumPtRep <= 2.073 & BldPrSys <= 121.250) -> DirectLDL <= 115.105) & Pt_SHFlg >= 102.042)
",-115.105,-115.105,0.000,1.000,0.000,0,0,0,2,2,0,0,2,0.0,0.0,0.0,0.0,0.0,1.0,1
"G[0,1](GFR <= 44.341 -> BUN >= 0.689)
",9999999.000,9999999.000,0.000,1.000,0.000,0,0,0,2,2,0,0,2,0.0,0.0,0.0,0.0,0.0,1.0,1
"G[2,2](age >= 18.055 -> bmiPerc <= 0.617)
",-0.617,-0.617,0.000,1.000,0.000,0,0,2,0,0,2,2,0,0.0,0.0,1.0,0.0,0.0,1.0,1
"G[1,2](((BldPrSys >= 107.272 | TotChol <= 183.420) -> AlbCreatRat_mggNew >= 96.634) | Pt_GrandchildT1D >= 17.572)
",9999999.000,9999999.000,0.000,1.000,0.000,0,0,0,2,2,0,0,2,0.0,0.0,0.0,0.0,0.0,1.0,1
"G[1,2]((diabDur <= 19.474 & WeightKg <= 57.818) -> Pt_FatherT1D <= 56.880)
",9999999.000,9999999.000,0.000,1.000,0.000,0,0,2,0,0,2,2,0,0.0,0.0,1.0,0.0,0.0,1.0,1
"G[2,2]((HbA1cImputeDtMnC <= 29.292 -> Triglyc <= 78.994) | Pt_CGMUseNumDays >= 19.342)
",-19.342,-19.342,0.000,1.000,0.000,0,0,2,0,0,2,2,0,0.0,0.0,1.0,0.0,0.0,1.0,1
"G[0,2](((bmi >= 17.554 & diabDur >= 17.849) -> Pt_ChildT1D <= 18.612) | TotalDailyInsPerKg >= 18.058)
",9999999.000,9999999.000,0.000,1.000,0.000,0,0,2,0,0,2,2,0,0.0,0.0,1.0,0.0,0.0,1.0,1
"G[1,2]((bmi <= 22.453 -> BUN <= 3.557) | TotalDailyInsPerKg <= 10.670)
",9999999.000,9999999.000,0.000,1.000,0.000,0,0,2,0,0,2,2,0,0.0,0.0,1.0,0.0,0.0,1.0,1
"G[1,2](Pt_CGMUseNumDays >= 0.000 -> Pt_MotherT1D <= 0.000)
",9999999.000,9999999.000,0.000,1.000,0.000,0,0,2,0,0,2,2,0,0.0,0.0,1.0,0.0,0.0,1.0,1
"G[2,2](bmi <= 20.963 -> GFR >= 7.180)
",-20.963,-20.963,0.000,1.000,0.000,0,0,2,0,0,2,2,0,0.0,0.0,1.0,0.0,0.0,1.0,1
"G[0,1](((TotChol <= 144.124 | Pt_A1cGoalLevelDsYr5 <= 0.000) & bmiPerc >= 0.000) -> bmiZscore >= 0.000)
",9999999.000,9999999.000,0.000,1.000,0.000,0,0,0,2,2,0,0,2,0.0,0.0,0.0,0.0,0.0,1.0,1
"G[0,2](HbA1c >= 6.452 -> SMBGperDayPtMeterCombo >= 0.403)
",9999999.000,9999999.000,0.000,1.000,0.000,0,0,1,1,1,1,1,1,0.0,0.0,1.0,0.0,0.0,1.0,1
"G[0,2](((bmiPerc >= 0.153 & diabDur >= 17.127) & diagAgeCombo <= 19.597) -> WeightKg >= 18.079)
",9999999.000,9999999.000,0.000,1.000,0.000,0,0,2,0,0,2,2,0,0.0,0.0,1.0,0.0,0.0,1.0,1
"G[1,2](((Pt_GrandparentT1D >= 0.000 | Triglyc >= 42.498) -> bmiPerc >= 42.634) & Pt_MotherT1D <= 85.215)
",9999999.000,9999999.000,0.000,1.000,0.000,0,0,0,2,2,0,0,2,0.0,0.0,0.0,0.0,0.0,1.0,1
"G[1,2](((Pt_SHFlg >= 0.000 & WeightKg <= 55.981) & SMBGperDayPtMeterCombo >= 22.099) -> TSH >= 8.537)
",9999999.000,9999999.000,0.000,1.000,0.000,0,0,2,0,0,2,2,0,0.0,0.0,1.0,0.0,0.0,1.0,1
"G[1,2](((HbA1c >= 6.630 -> Pt_SHFlg <= 0.000) -> Pt_FatherT1D >= 0.000) -> DirectLDL <= 0.000)
",9999999.000,9999999.000,0.000,1.000,0.000,0,0,2,0,0,2,2,0,0.0,0.0,1.0,0.0,0.0,1.0,1
"G[1,2](((Pt_GrandparentT1D >= 0.000 -> BGTestAvgNumMeter >= 0.022) & TotalDailyInsPerKg >= 0.057) -> BUN >= 0.356)
",9999999.000,9999999.000,0.000,1.000,0.000,0,0,1,1,1,1,1,1,0.0,0.0,1.0,0.0,0.0,1.0,1
"G[0,1](Pt_GrandparentT1D > 0.000 & Pt_SHFlg = 0.000)
",9999999.000,9999999.000,0.000,1.000,0.000,0,0,0,2,2,0,0,2,0.0,0.0,0.0,0.0,0.0,1.0,1
"G[1,2](Pt_SiblingT1D >= 0.000 -> Pt_SHFlg = 0.000)
",9999999.000,9999999.000,0.000,1.000,0.000,0,0,2,0,0,2,2,0,0.0,0.0,1.0,0.0,0.0,1.0,1
"G[0,2]((Pt_A1cGoalLevelDsYr5 >= 0.000 & SMBGperDayPtMeterCombo >= 0.432) & GFR <= 1.480)
",9999999.000,9999999.000,0.000,1.000,0.000,0,0,1,1,1,1,1,1,0.0,0.0,1.0,0.0,0.0,1.0,1
"G[1,2]((diabDur <= 19.429 & Pt_A1cGoalLev >= 1.093) -> diabDur >= 1.611)
",9999999.000,9999999.000,0.000,1.000,0.000,0,0,2,0,0,2,2,0,0.0,0.0,1.0,0.0,0.0,1.0,1
"G[1,2](((WeightKg >= 4.808 | BldPrSys <= 119.250) | TSH >= 104.140) | Pt_MotherT1D <= 116.554)
",9999999.000,9999999.000,0.000,1.000,0.000,0,0,2,0,0,2,2,0,0.0,0.0,1.0,0.0,0.0,1.0,1
"G[2,2]((GFR >= 10.268 | TSH <= 0.901) -> AutonomicNeuroCl <= 0.462)
",-0.901,-0.901,0.000,1.000,0.000,0,0,2,0,0,2,2,0,0.0,0.0,1.0,0.0,0.0,1.0,1
"G[1,2]((Pt_CGMUseNumDays >= 0.000 & Pt_DKAFlg <= 0.000) | TotChol <= 0.000)
",9999999.000,9999999.000,0.000,1.000,0.000,0,0,2,0,0,2,2,0,0.0,0.0,1.0,0.0,0.0,1.0,1
"G[1,2](TotChol <= 153.088 -> WeightKg <= 55.151)
",9999999.000,9999999.000,0.000,1.000,0.000,0,0,1,1,1,1,1,1,0.0,0.0,1.0,0.0,0.0,1.0,1
"G[0,0]((BldPrDia <= 95.854 -> NumPumpBolusOrShortAct <= 3.678) & Pt_DKAFlg >= 0.964)
",-3.678,-3.678,0.000,1.000,0.000,0,0,0,2,2,0,0,2,0.0,0.0,0.0,0.0,0.0,1.0,1
"G[0,2]((LDL >= 50.454 & diabDur <= 18.950) -> BGTestAvgNumPtRep <= 19.073)
",9999999.000,9999999.000,0.000,1.000,0.000,0,0,2,0,0,2,2,0,0.0,0.0,1.0,0.0,0.0,1.0,1
"G[0,2]((SMBGperDayPtMeterCombo <= 1.753 & HbA1cImputeDtMnC >= 9.515) -> Pt_InsGov <= 27.453)
",9999999.000,9999999.000,0.000,1.000,0.000,0,0,2,0,0,2,2,0,0.0,0.0,1.0,0.0,0.0,1.0,1
"G[1,2](BGTestAvgNumMeter <= 1.092 | Pt_InsGov <= 0.000)
",9999999.000,9999999.000,0.000,1.000,0.000,0,0,2,0,0,2,2,0,0.0,0.0,1.0,0.0,0.0,1.0,1
"G[1,2](((Pt_ChildT1D <= 0.000 | Pt_CGMUseNumDays >= 0.000) & DirectLDL <= 0.000) & AutonomicNeuroCl >= 0.000)
",9999999.000,9999999.000,0.000,1.000,0.000,0,0,2,0,0,2,2,0,0.0,0.0,1.0,0.0,0.0,1.0,1
"G[0,2](((BldPrDia >= 64.589 -> HDL >= 46.733) & NumPumpBolusOrShortAct <= 70.144) | LDL <= 55.473)
",9999999.000,9999999.000,0.000,1.000,0.000,0,0,2,0,0,2,2,0,0.0,0.0,1.0,0.0,0.0,1.0,1
"G[0,2]((WeightKg >= 26.871 | bmi >= 3.417) -> UnitsInsBasalOrLongAct <= 18.252)
",9999999.000,9999999.000,0.000,1.000,0.000,0,0,2,0,0,2,2,0,0.0,0.0,1.0,0.0,0.0,1.0,1
"G[1,2](SMBGperDayPtMeterCombo >= 0.485 & BGTestAvgNumPtRep >= 0.463)
",9999999.000,9999999.000,0.000,1.000,0.000,0,0,1,1,1,1,1,1,0.0,0.0,1.0,0.0,0.0,1.0,1
"G[0,1](((BGTestAvgNumPtRep >= 0.850 -> HbA1c >= 6.504) & LDL >= 6.494) & bmi <= 6.660)
",9999999.000,9999999.000,0.000,1.000,0.000,0,0,0,2,2,0,0,2,0.0,0.0,0.0,0.0,0.0,1.0,1
"G[0,2](bmi <= 22.060 & Pt_SHFlg = 0.000)
",9999999.000,9999999.000,0.000,1.000,0.000,0,0,0,2,2,0,0,2,0.0,0.0,0.0,0.0,0.0,1.0,1
"G[1,2]((HbA1cImputeDtMnC <= 24.679 & WeightKg <= 56.350) | Pt_A1cGoalLev <= 57.026)
",9999999.000,9999999.000,0.000,1.000,0.000,0,0,2,0,0,2,2,0,0.0,0.0,1.0,0.0,0.0,1.0,1
"G[1,2](SMBGperDayPtMeterCombo >= 0.128 -> Pt_SHFlg = 0.000)
",9999999.000,9999999.000,0.000,1.000,0.000,0,0,2,0,0,2,2,0,0.0,0.0,1.0,0.0,0.0,1.0,1
"G[0,2]((HbA1c <= 6.691 -> Triglyc <= 75.295) | Pt_SHFlg <= 88.012)
",9999999.000,9999999.000,0.000,1.000,0.000,0,0,2,0,0,2,2,0,0.0,0.0,1.0,0.0,0.0,1.0,1
"G[2,2]((AutonomicNeuroCl <= 0.000 | bmiZscore <= 0.364) | age >= -0.060)
",0.364,0.364,0.000,1.000,0.000,0,0,2,0,0,2,2,0,0.0,0.0,1.0,0.0,0.0,1.0,1
"G[1,2](((bmi >= 5.421 & age <= 21.328) | bmiPerc <= 21.714) & Pt_SHFlg >= 19.329)
",9999999.000,9999999.000,0.000,1.000,0.000,0,0,0,2,2,0,0,2,0.0,0.0,0.0,0.0,0.0,1.0,1
"G[0,2](BUN >= 0.245 | TotChol <= 165.518)
",9999999.000,9999999.000,0.000,1.000,0.000,0,0,1,1,1,1,1,1,0.0,0.0,1.0,0.0,0.0,1.0,1
"G[1,2](UnitsInsBasalOrLongAct >= 0.909 & Pt_SHFlg = 0.000)
",9999999.000,9999999.000,0.000,1.000,0.000,0,0,0,2,2,0,0,2,0.0,0.0,0.0,0.0,0.0,1.0,1
"G[1,2]((WeightKg >= 34.720 | bmi >= 1.252) -> UnitsInsBasalOrLongAct <= 6.906)
",9999999.000,9999999.000,0.000,1.000,0.000,0,0,2,0,0,2,2,0,0.0,0.0,1.0,0.0,0.0,1.0,1
"G[1,2](((BldPrSys <= 115.485 -> Triglyc <= 87.287) -> Triglyc >= 5.788) | Pt_FatherT1D <= 106.978)
",9999999.000,9999999.000,0.000,1.000,0.000,0,0,2,0,0,2,2,0,0.0,0.0,1.0,0.0,0.0,1.0,1
"G[2,2](bmi <= 20.772 | TSH <= 0.403)
",20.772,20.772,0.000,1.000,0.000,0,0,2,0,0,2,2,0,0.0,0.0,1.0,0.0,0.0,1.0,1
"G[0,1]((bmiZscore <= 0.689 | BUN <= 6.018) & Pt_A1cGoalLev >= 1.406)
",9999999.000,9999999.000,0.000,1.000,0.000,0,0,0,2,2,0,0,2,0.0,0.0,0.0,0.0,0.0,1.0,1
"G[1,2](((bmiZscore >= -0.513 -> UnitsInsBasalOrLongAct >= 6.237) & Pt_A1cGoalLev <= 16.914) | BldPrDia >= 0.727)
",9999999.000,9999999.000,0.000,1.000,0.000,0,0,2,0,0,2,2,0,0.0,0.0,1.0,0.0,0.0,1.0,1
"G[0,2]((bmiZscore <= 0.080 | WeightKg <= 44.527) -> WeightKg >= 24.706)
",9999999.000,9999999.000,0.000,1.000,0.000,0,0,1,1,1,1,1,1,0.0,0.0,1.0,0.0,0.0,1.0,1
"G[1,2]((HeightCm >= 12.052 -> LDL >= 28.509) -> UnitsInsBasalOrLongAct >= 1.557)
",9999999.000,9999999.000,0.000,1.000,0.000,0,0,1,1,1,1,1,1,0.0,0.0,1.0,0.0,0.0,1.0,1
"G[0,2](((bmi >= 16.700 & Triglyc >= 24.282) -> HbA1c <= 82.595) -> NumPumpBolusOrShortAct <= 96.866)
",9999999.000,9999999.000,0.000,1.000,0.000,0,0,2,0,0,2,2,0,0.0,0.0,1.0,0.0,0.0,1.0,1
"G[0,1](((age >= 20.072 -> Pt_A1cGoalLev <= 3.167) & Pt_A1cGoalLev <= 5.419) -> Pt_CGMUseNumDays >= 1.379)
",9999999.000,9999999.000,0.000,1.000,0.000,0,0,0,2,2,0,0,2,0.0,0.0,0.0,0.0,0.0,1.0,1
"G[0,0](((bmiPerc <= 0.426 | HbA1c <= 6.693) | BGTestAvgNumMeter >= 6.546) & HeightCm >= 6.487)
",0.016,0.103,0.000,1.000,0.000,0,0,0,2,2,0,0,2,0.0,0.0,0.0,0.0,0.0,1.0,1
"F[2,2](Pt_MotherT1D <= 0.000 | DirectLDL <= 0.000)
",0.000,0.000,0.000,0.000,1.000,0,0,0,2,2,0,0,2,0.0,0.0,0.0,0.0,0.0,1.0,-1
