Rule,Discrimination Score,Pos Robustness,Neg Robustness,Percent Class +,Percent Class -,TP,TN,FP,FN,Actual Yes,Actual No,Predicted Yes,Predicted No,TPR/Sens,TNR/Spec,FPR,Precision,Accuracy,MCR
"F[0,0](((bmi >= 16.320 | Triglyc <= 52.311) & BldPrSys <= 50.247) & Pt_GrandparentT1D <= 27.772)
",0.629,13.075,0.000,0.000,1.000,4,0,0,0,4,0,4,0,1.0,0,0,1.0,1.1428571428571428,-0.1428571428571428
"F[0,0](((bmi <= 20.611 & SMBGperDayPtMeterCombo <= 4.616) -> bmiZscore >= 2.797) & Pt_SiblingT1D >= 2.620)
",-2.620,-2.620,0.000,0.000,1.000,4,0,0,0,4,0,4,0,1.0,0,0,1.0,1.1428571428571428,-0.1428571428571428
"F[0,0](((bmiPerc >= 0.463 & SMBGperDayPtMeterCombo <= 4.200) -> bmi <= 4.630) & HbA1cImputeDtMnC >= 2.637)
",-4.630,-4.630,0.000,0.000,1.000,4,0,0,0,4,0,4,0,1.0,0,0,1.0,1.1428571428571428,-0.1428571428571428
"F[1,1](((AlbCreatRat_mggNew <= 0.000 & bmi >= 16.966) & BUN >= 16.385) & HDL >= 17.146)
",-17.146,-17.146,0.000,0.000,1.000,3,0,0,1,4,0,3,1,0.75,0,0,1.0,0.8571428571428571,0.1428571428571429
"F[1,1](((HDL <= 45.100 & SMBGperDayPtMeterCombo <= 4.832) -> Pt_A1cGoalLevelDsYr5 <= 4.789) -> Pt_GrandchildT1D >= 0.255)
",0.255,0.255,0.000,0.000,1.000,3,0,0,1,4,0,3,1,0.75,0,0,1.0,0.8571428571428571,0.1428571428571429
"((HbA1cImputeDtMnC >= 7.409) U[0,1] (LDL >= 8.514))
",-9999999.000,-9999999.000,0.000,0.000,1.000,3,0,0,1,4,0,3,1,0.75,0,0,1.0,0.8571428571428571,0.1428571428571429
"F[1,1](((Pt_GrandparentT1D <= 0.000 | WeightKg <= 52.307) -> HbA1c >= 32.437) | Triglyc >= 30.354)
",-30.354,-30.354,0.000,0.000,1.000,3,0,0,1,4,0,3,1,0.75,0,0,1.0,0.8571428571428571,0.1428571428571429
"F[1,1]((Pt_A1cGoalLev >= 0.713 & TotalDailyInsPerKg <= 0.462) & HDL >= 0.060)
",-0.713,-0.713,0.000,0.000,1.000,3,0,0,1,4,0,3,1,0.75,0,0,1.0,0.8571428571428571,0.1428571428571429
"F[0,1](((Pt_ChildT1D <= 0.000 & Pt_SiblingT1D >= 0.000) | Pt_CGMUseNumDays >= 0.000) & SMBGperDayPtMeterCombo <= 0.000)
",-9999999.000,-9999999.000,0.000,0.000,1.000,3,0,0,1,4,0,3,1,0.75,0,0,1.0,0.8571428571428571,0.1428571428571429
"((diabDur >= 3.302) U[1,1] (age <= 10.656))
",10.656,10.656,0.000,0.000,1.000,3,0,0,1,4,0,3,1,0.75,0,0,1.0,0.8571428571428571,0.1428571428571429
"((diabDur >= 3.694) U[1,1] (NumPumpBolusOrShortAct <= 3.933))
",8856648614503093.000,3.933,0.000,0.000,1.000,3,0,0,1,4,0,3,1,0.75,0,0,1.0,0.8571428571428571,0.1428571428571429
"F[0,1](((Pt_CGMUseNumDays <= 0.000 -> HbA1cImputeDtMnC <= 51.175) -> BldPrSys >= 33.757) -> Pt_GrandchildT1D >= 27.113)
",-9999999.000,-9999999.000,0.000,0.000,1.000,3,0,0,1,4,0,3,1,0.75,0,0,1.0,0.8571428571428571,0.1428571428571429
"F[0,1](((AutonomicNeuroCl >= 0.000 & Triglyc <= 46.334) | TotChol >= 4.627) & BldPrDia <= 20.530)
",-9999999.000,-9999999.000,0.000,0.000,1.000,3,0,0,1,4,0,3,1,0.75,0,0,1.0,0.8571428571428571,0.1428571428571429
"F[1,1]((HDL <= 14.929 | UnitsInsBasalOrLongAct >= 5.354) & TSH >= 0.408)
",-7357040813649133.000,-0.408,0.000,0.000,1.000,3,0,0,1,4,0,3,1,0.75,0,0,1.0,0.8571428571428571,0.1428571428571429
"F[0,0](((BGTestAvgNumPtRep <= 3.539 | HbA1c <= 11.964) -> BldPrDia <= 11.806) | UnitsInsBasalOrLongAct <= 10.496)
",10.496,10.496,0.000,0.000,1.000,3,0,0,1,4,0,3,1,0.75,0,0,1.0,0.8571428571428571,0.1428571428571429
"F[0,1](((BldPrSys <= 108.202 -> NumPumpBolusOrShortAct >= 1.408) & Pt_ChildT1D >= 0.932) & Pt_GrandparentT1D >= 1.770)
",-9999999.000,-9999999.000,0.000,0.000,1.000,3,0,0,1,4,0,3,1,0.75,0,0,1.0,0.8571428571428571,0.1428571428571429
"((BUN <= 9.474) U[0,0] (LDL >= 7.106))
",0.505,3.947,0.000,0.000,1.000,3,0,0,1,4,0,3,1,0.75,0,0,1.0,0.8571428571428571,0.1428571428571429
"((BGTestAvgNumPtRep >= 0.679) U[1,1] (BUN <= 7.555))
",7.555,7.555,0.000,0.000,1.000,2,0,0,2,4,0,2,2,0.5,0,0,1.0,0.5714285714285714,0.4285714285714286
"((Pt_A1cGoalLev >= 0.219) U[0,1] (Triglyc >= 8.154))
",-9999999.000,-9999999.000,0.000,0.000,1.000,2,0,0,2,4,0,2,2,0.5,0,0,1.0,0.5714285714285714,0.4285714285714286
"F[0,1](Pt_A1cGoalLev >= 0.392 & Pt_MotherT1D >= 0.000)
",-9999999.000,-9999999.000,0.000,0.000,1.000,2,0,0,2,4,0,2,2,0.5,0,0,1.0,0.5714285714285714,0.4285714285714286
"F[0,1]((UnitsInsBasalOrLongAct >= 6.245 & WeightKg >= 36.014) & HbA1cImputeDtMnC >= 33.063)
",-9999999.000,-9999999.000,0.000,0.000,1.000,2,0,0,2,4,0,2,2,0.5,0,0,1.0,0.5714285714285714,0.4285714285714286
"F[0,1]((HDL >= 0.374 | bmiPerc <= 0.646) & HbA1cImputeDtMnC <= 0.827)
",-9999999.000,-9999999.000,0.000,0.000,1.000,2,0,0,2,4,0,2,2,0.5,0,0,1.0,0.5714285714285714,0.4285714285714286
"((HeightCm <= 147.418) U[0,0] (TSH >= 0.316))
",6.603,109.551,0.000,0.000,1.000,2,0,0,2,4,0,2,2,0.5,0,0,1.0,0.5714285714285714,0.4285714285714286
"((age >= 9.594) U[1,2] (HbA1c >= 8.686))
",-9999999.000,-9999999.000,0.000,0.000,1.000,2,0,0,2,4,0,2,2,0.5,0,0,1.0,0.5714285714285714,0.4285714285714286
"((BldPrSys >= 102.021) U[1,1] (UnitsInsBasalOrLongAct <= 28.336))
",7975851182405427.000,28.336,0.000,0.000,1.000,2,0,0,2,4,0,2,2,0.5,0,0,1.0,0.5714285714285714,0.4285714285714286
"F[0,1](((Pt_GrandchildT1D <= 0.000 | SMBGperDayPtMeterCombo <= 3.862) & TotalDailyInsPerKg <= 4.406) & Triglyc >= 3.203)
",-9999999.000,-9999999.000,0.000,0.000,1.000,2,0,0,2,4,0,2,2,0.5,0,0,1.0,0.5714285714285714,0.4285714285714286
"F[0,1](((BldPrDia >= 50.664 -> BUN >= 2.468) & NumPumpBolusOrShortAct >= 0.784) | LDL >= 1.190)
",-9999999.000,-9999999.000,0.000,0.000,1.000,2,0,0,2,4,0,2,2,0.5,0,0,1.0,0.5714285714285714,0.4285714285714286
"((BldPrDia >= 58.764) U[0,1] (TotChol >= 33.761))
",-9999999.000,-9999999.000,0.000,0.000,1.000,2,0,0,2,4,0,2,2,0.5,0,0,1.0,0.5714285714285714,0.4285714285714286
"((bmiPerc >= 0.529) U[1,1] (Pt_DKAFlg >= 0.000))
",0.000,0.000,0.000,0.000,1.000,2,0,0,2,4,0,2,2,0.5,0,0,1.0,0.5714285714285714,0.4285714285714286
"F[1,1]((HeightCm <= 150.552 -> Pt_A1cGoalLev >= 0.181) & NumPumpBolusOrShortAct <= 3.425)
",-150.552,-150.552,0.000,0.000,1.000,2,0,0,2,4,0,2,2,0.5,0,0,1.0,0.5714285714285714,0.4285714285714286
"F[0,1]((BGTestAvgNumPtRep <= 2.518 & BldPrSys <= 113.978) | UnitsInsBasalOrLongAct >= 101.996)
",-9999999.000,-9999999.000,0.000,0.000,1.000,2,0,0,2,4,0,2,2,0.5,0,0,1.0,0.5714285714285714,0.4285714285714286
"F[0,0](BUN >= 4.817 -> Triglyc >= 5.139)
",-0.637,-43.742,0.000,0.000,1.000,2,0,0,2,4,0,2,2,0.5,0,0,1.0,0.5714285714285714,0.4285714285714286
"F[0,0](((UnitsInsBasalOrLongAct <= 29.408 & HbA1c <= 11.979) & Pt_A1cGoalLevelDsYr5 <= 11.433) -> WeightKg <= 10.999)
",-4.148,-9.762,0.000,0.000,1.000,2,0,0,2,4,0,2,2,0.5,0,0,1.0,0.5714285714285714,0.4285714285714286
"((DirectLDL >= 0.000) U[0,1] (Triglyc >= 8.292))
",-9999999.000,-9999999.000,0.000,0.000,1.000,2,0,0,2,4,0,2,2,0.5,0,0,1.0,0.5714285714285714,0.4285714285714286
"F[0,0]((BldPrDia >= 50.818 | LDL <= 32.863) & TotChol >= 9.444)
",0.356,9.556,0.000,0.000,1.000,2,0,0,2,4,0,2,2,0.5,0,0,1.0,0.5714285714285714,0.4285714285714286
"((BGTestAvgNumMeter >= 3.203) U[0,1] (BGTestAvgNumPtRep <= 3.938))
",-9999999.000,-9999999.000,0.000,0.000,1.000,1,0,0,3,4,0,1,3,0.25,0,0,1.0,0.2857142857142857,0.7142857142857143
"F[0,1](BldPrSys >= 100.150 & BUN <= 8.016)
",-9999999.000,-9999999.000,0.000,0.000,1.000,1,0,0,3,4,0,1,3,0.25,0,0,1.0,0.2857142857142857,0.7142857142857143
"((bmi >= 17.415) U[0,1] (bmiPerc >= 0.544))
",-9999999.000,-9999999.000,0.000,0.000,1.000,1,0,0,3,4,0,1,3,0.25,0,0,1.0,0.2857142857142857,0.7142857142857143
"((BGTestAvgNumMeter <= 3.967) U[0,0] (bmiPerc <= 0.781))
",-0.386,-4.777,0.000,0.000,1.000,1,0,0,3,4,0,1,3,0.25,0,0,1.0,0.2857142857142857,0.7142857142857143
"F[0,1](((diabDur <= 4.104 & BldPrSys <= 121.222) -> AutonomicNeuroCl >= 98.892) -> Pt_MotherT1D >= 103.070)
",-9999999.000,-9999999.000,0.000,0.000,1.000,1,0,0,3,4,0,1,3,0.25,0,0,1.0,0.2857142857142857,0.7142857142857143
"((BGTestAvgNumMeter <= 4.950) U[0,1] (NumPumpBolusOrShortAct >= 2.043))
",-9999999.000,-9999999.000,0.000,0.000,1.000,1,0,0,3,4,0,1,3,0.25,0,0,1.0,0.2857142857142857,0.7142857142857143
"F[0,1](((age >= 9.993 & bmi <= 23.037) -> GFR >= 16.582) -> BGTestAvgNumMeter >= 17.707)
",-9999999.000,-9999999.000,0.000,0.000,1.000,1,0,0,3,4,0,1,3,0.25,0,0,1.0,0.2857142857142857,0.7142857142857143
"F[0,1]((Pt_InsGov >= 0.000 -> HbA1cImputeDtMnC <= 38.541) & Pt_FatherT1D <= 59.401)
",-9999999.000,-9999999.000,0.000,0.000,1.000,1,0,0,3,4,0,1,3,0.25,0,0,1.0,0.2857142857142857,0.7142857142857143
"((BGTestAvgNumMeter >= 0.435) U[0,1] (BGTestAvgNumPtRep <= 2.481))
",-9999999.000,-9999999.000,0.000,0.000,1.000,1,0,0,3,4,0,1,3,0.25,0,0,1.0,0.2857142857142857,0.7142857142857143
"((BGTestAvgNumMeter >= 1.337) U[0,0] (BGTestAvgNumPtRep <= 3.889))
",0.663,9.147,0.000,0.000,1.000,1,0,0,3,4,0,1,3,0.25,0,0,1.0,0.2857142857142857,0.7142857142857143
"F[1,1](bmiZscore <= 0.293 & TSH <= 1.619)
",0.293,0.293,0.000,0.000,1.000,1,0,0,3,4,0,1,3,0.25,0,0,1.0,0.2857142857142857,0.7142857142857143
"F[1,1]((HbA1cImputeDtMnC <= 47.384 & age >= 8.734) -> Pt_SiblingT1D >= 7.646)
",7.646,7.646,0.000,0.000,1.000,1,0,0,3,4,0,1,3,0.25,0,0,1.0,0.2857142857142857,0.7142857142857143
"F[0,0](((diabDur <= 5.821 & BldPrDia <= 67.886) & diabDur >= 57.299) | LDL <= 73.817)
",289.363,73.569,0.000,0.000,1.000,1,0,0,3,4,0,1,3,0.25,0,0,1.0,0.2857142857142857,0.7142857142857143
"F[0,1]((Pt_A1cGoalLevelDsYr5 >= 0.000 -> bmiPerc >= 0.586) | diagAgeCombo <= 0.635)
",-9999999.000,-9999999.000,0.000,0.000,1.000,1,0,0,3,4,0,1,3,0.25,0,0,1.0,0.2857142857142857,0.7142857142857143
"F[0,1](Pt_MotherT1D >= 0.000 & NumPumpBolusOrShortAct <= 2.986)
",-9999999.000,-9999999.000,0.000,0.000,1.000,1,0,0,3,4,0,1,3,0.25,0,0,1.0,0.2857142857142857,0.7142857142857143
"((BGTestAvgNumMeter >= 0.636) U[0,1] (BGTestAvgNumPtRep <= 2.226))
",-9999999.000,-9999999.000,0.000,0.000,1.000,1,0,0,3,4,0,1,3,0.25,0,0,1.0,0.2857142857142857,0.7142857142857143
"F[0,0](((Pt_SHFlg >= 0.000 | AutonomicNeuroCl >= 0.000) -> Pt_SiblingT1D >= 0.000) -> LDL <= 0.000)
",0.976,0.248,0.000,0.000,1.000,1,0,0,3,4,0,1,3,0.25,0,0,1.0,0.2857142857142857,0.7142857142857143
"F[0,1](((bmiPerc <= 0.663 & HeightCm <= 146.113) | SMBGperDayPtMeterCombo >= 131.907) | bmiZscore >= 131.717)
",-9999999.000,-9999999.000,0.000,0.000,1.000,1,0,0,3,4,0,1,3,0.25,0,0,1.0,0.2857142857142857,0.7142857142857143
"F[0,1](((diabDur <= 6.305 | Pt_SiblingT1D >= 0.000) & HbA1c >= 0.000) & NumPumpBolusOrShortAct <= 0.000)
",-9999999.000,-9999999.000,0.000,0.000,1.000,1,0,0,3,4,0,1,3,0.25,0,0,1.0,0.2857142857142857,0.7142857142857143
"((diabDur >= 1.778) U[0,1] (UnitsInsBasalOrLongAct >= 12.189))
",-9999999.000,-9999999.000,0.000,0.000,1.000,1,0,0,3,4,0,1,3,0.25,0,0,1.0,0.2857142857142857,0.7142857142857143
"((TotalDailyInsPerKg <= 0.389) U[1,2] (DirectLDL <= 0.000))
",-9999999.000,-9999999.000,0.000,0.000,1.000,1,0,0,3,4,0,1,3,0.25,0,0,1.0,0.2857142857142857,0.7142857142857143
"((SMBGperDayPtMeterCombo <= 4.025) U[0,0] (TSH <= 0.755))
",-1.014,-1.912,0.000,0.000,1.000,1,0,0,3,4,0,1,3,0.25,0,0,1.0,0.2857142857142857,0.7142857142857143
"((BldPrSys <= 112.993) U[1,2] (Pt_SHFlg = 0.000))
",-9999999.000,-9999999.000,0.000,0.000,1.000,1,0,0,3,4,0,1,3,0.25,0,0,1.0,0.2857142857142857,0.7142857142857143
"F[1,1](((HbA1c >= 9.970 | HbA1cImputeDtMnC <= 70.920) & UnitsInsBasalOrLongAct >= 18.337) | BGTestAvgNumMeter >= 18.387)
",-18.337,-18.337,0.000,0.000,1.000,1,0,0,3,4,0,1,3,0.25,0,0,1.0,0.2857142857142857,0.7142857142857143
"F[0,0](HDL <= 42.603 & Pt_SHFlg = 0.000)
",-0.876,-28.891,0.000,0.000,1.000,1,0,0,3,4,0,1,3,0.25,0,0,1.0,0.2857142857142857,0.7142857142857143
"F[0,1]((Triglyc <= 32.388 & HeightCm >= 139.147) | Pt_SiblingT1D >= 126.276)
",-9999999.000,-9999999.000,0.000,0.000,1.000,1,0,0,3,4,0,1,3,0.25,0,0,1.0,0.2857142857142857,0.7142857142857143
"((BGTestAvgNumMeter >= 1.260) U[0,0] (BGTestAvgNumPtRep <= 2.044))
",0.618,8.740,0.000,0.000,1.000,1,0,0,3,4,0,1,3,0.25,0,0,1.0,0.2857142857142857,0.7142857142857143
"F[0,1](LDL <= 51.180 -> NumPumpBolusOrShortAct <= 3.102)
",-9999999.000,-9999999.000,0.000,0.000,1.000,1,0,0,3,4,0,1,3,0.25,0,0,1.0,0.2857142857142857,0.7142857142857143
"F[0,0](BUN >= 1.132 -> HDL <= 19.694)
",-2.510,-27.418,0.000,0.000,1.000,1,0,0,3,4,0,1,3,0.25,0,0,1.0,0.2857142857142857,0.7142857142857143
"F[0,1](TotalDailyInsPerKg <= 0.125 & WeightKg >= 29.163)
",-9999999.000,-9999999.000,0.000,0.000,1.000,1,0,0,3,4,0,1,3,0.25,0,0,1.0,0.2857142857142857,0.7142857142857143
"F[0,0](diabDur >= 2.265 & Pt_SHFlg = 0.000)
",-0.876,-28.891,0.000,0.000,1.000,1,0,0,3,4,0,1,3,0.25,0,0,1.0,0.2857142857142857,0.7142857142857143
"((NumPumpBolusOrShortAct <= 3.547) U[0,1] (UnitsInsBasalOrLongAct >= 10.508))
",-9999999.000,-9999999.000,0.000,0.000,1.000,1,0,0,3,4,0,1,3,0.25,0,0,1.0,0.2857142857142857,0.7142857142857143
"((TSH >= 0.147) U[1,2] (UnitsInsBasalOrLongAct >= 12.934))
",-9999999.000,-9999999.000,0.000,0.000,1.000,1,0,0,3,4,0,1,3,0.25,0,0,1.0,0.2857142857142857,0.7142857142857143
"((BldPrSys <= 117.880) U[1,2] (Pt_SHFlg >= 0.000))
",-9999999.000,-9999999.000,0.000,0.000,1.000,1,0,0,3,4,0,1,3,0.25,0,0,1.0,0.2857142857142857,0.7142857142857143
"((diabDur >= 3.651) U[0,1] (WeightKg >= 30.810))
",-9999999.000,-9999999.000,0.000,0.000,1.000,1,0,0,3,4,0,1,3,0.25,0,0,1.0,0.2857142857142857,0.7142857142857143
"F[1,1](WeightKg >= 31.219 | HDL >= 0.724)
",-0.724,-0.724,0.000,0.000,1.000,1,0,0,3,4,0,1,3,0.25,0,0,1.0,0.2857142857142857,0.7142857142857143
"((TotalDailyInsPerKg <= 0.217) U[1,2] (Pt_GrandchildT1D >= 0.000))
",-9999999.000,-9999999.000,0.000,0.000,1.000,1,0,0,3,4,0,1,3,0.25,0,0,1.0,0.2857142857142857,0.7142857142857143
"F[0,2](Triglyc <= 52.978 & NumPumpBolusOrShortAct <= 2.394)
",-9999999.000,-9999999.000,0.000,0.000,1.000,0,0,0,4,4,0,0,4,0.0,0,0,0.0,0.0,1.0
"F[2,2](((SMBGperDayPtMeterCombo <= 4.731 | bmi >= 17.613) & GFR <= 18.871) -> HDL >= 16.838)
",-4.731,-4.731,0.000,0.000,1.000,0,0,0,4,4,0,0,4,0.0,0,0,0.0,0.0,1.0
"F[1,2](((AlbCreatRat_mggNew >= 0.000 & Pt_A1cGoalLevelDsYr5 >= 0.000) -> BUN >= 0.000) -> WeightKg >= 0.000)
",-9999999.000,-9999999.000,0.000,0.000,1.000,0,0,0,4,4,0,0,4,0.0,0,0,0.0,0.0,1.0
"((TotChol >= 5.030) U[0,2] (Pt_GrandparentT1D <= 0.000))
",-9999999.000,-9999999.000,0.000,0.000,1.000,0,0,0,4,4,0,0,4,0.0,0,0,0.0,0.0,1.0
"F[0,0]((bmi <= 21.374 -> Pt_FatherT1D <= 0.000) -> AlbCreatRat_mggNew <= 0.000)
",1.404,9.333,0.000,0.000,1.000,0,0,0,4,4,0,0,4,0.0,0,0,0.0,0.0,1.0
"F[0,2](WeightKg <= 51.756 & Pt_SHFlg <= 0.000)
",-9999999.000,-9999999.000,0.000,0.000,1.000,0,0,0,4,4,0,0,4,0.0,0,0,0.0,0.0,1.0
"F[0,1]((LDL >= 5.505 | Pt_DKAFlg <= 0.000) | GFR <= 0.000)
",-9999999.000,-9999999.000,0.000,0.000,1.000,0,0,0,4,4,0,0,4,0.0,0,0,0.0,0.0,1.0
"F[0,2](Pt_MotherT1D <= 0.000 -> SMBGperDayPtMeterCombo >= 3.014)
",-9999999.000,-9999999.000,0.000,0.000,1.000,0,0,0,4,4,0,0,4,0.0,0,0,0.0,0.0,1.0
"F[1,1](SMBGperDayPtMeterCombo >= 2.235 & TSH <= 1.166)
",-2.235,-2.235,0.000,0.000,1.000,0,0,0,4,4,0,0,4,0.0,0,0,0.0,0.0,1.0
"F[0,0]((HDL >= 3.101 -> GFR >= 0.000) | BUN >= 0.000)
",0.707,14.667,0.000,0.000,1.000,0,0,0,4,4,0,0,4,0.0,0,0,0.0,0.0,1.0
"F[2,2]((Pt_CGMUseNumDays >= 0.000 | BldPrSys <= 122.274) -> SMBGperDayPtMeterCombo >= 100.893)
",-8604271259316333.000,-122.274,0.000,0.000,1.000,0,0,0,4,4,0,0,4,0.0,0,0,0.0,0.0,1.0
"F[1,2](((bmi <= 18.811 & HeightCm <= 154.318) & AlbCreatRat_mggNew <= 160.514) -> Pt_MotherT1D >= 130.784)
",-9999999.000,-9999999.000,0.000,0.000,1.000,0,0,0,4,4,0,0,4,0.0,0,0,0.0,0.0,1.0
"F[1,1]((Pt_SiblingT1D <= 0.000 & HbA1c <= 11.832) & Pt_FatherT1D <= 11.471)
",0.000,0.000,0.000,0.000,1.000,0,0,0,4,4,0,0,4,0.0,0,0,0.0,0.0,1.0
"F[0,1]((Pt_FatherT1D >= 0.000 & HeightCm <= 160.887) -> Pt_GrandchildT1D <= 147.690)
",-9999999.000,-9999999.000,0.000,0.000,1.000,0,0,0,4,4,0,0,4,0.0,0,0,0.0,0.0,1.0
"F[1,1](diagAgeCombo <= 5.000 -> Pt_InsGov >= 0.000)
",-5.000,-5.000,0.000,0.000,1.000,0,0,0,4,4,0,0,4,0.0,0,0,0.0,0.0,1.0
"F[0,2](((BldPrDia >= 57.187 & TSH <= 0.436) & Pt_GrandparentT1D >= 0.317) | Pt_SiblingT1D <= 0.565)
",-9999999.000,-9999999.000,0.000,0.000,1.000,0,0,0,4,4,0,0,4,0.0,0,0,0.0,0.0,1.0
"F[0,2](diabDur <= 5.461 | bmiZscore >= 0.052)
",-9999999.000,-9999999.000,0.000,0.000,1.000,0,0,0,4,4,0,0,4,0.0,0,0,0.0,0.0,1.0
"F[0,2](((Pt_A1cGoalLevelDsYr5 >= 0.000 | age <= 10.601) & Pt_A1cGoalLevelDsYr5 >= 9.077) -> LDL >= 8.227)
",-9999999.000,-9999999.000,0.000,0.000,1.000,0,0,0,4,4,0,0,4,0.0,0,0,0.0,0.0,1.0
"F[2,2](UnitsInsBasalOrLongAct <= 20.384 | HeightCm <= 158.657)
",158.657,158.657,0.000,0.000,1.000,0,0,0,4,4,0,0,4,0.0,0,0,0.0,0.0,1.0
"F[0,1]((TotChol >= 26.814 | TotChol >= 4.138) | SMBGperDayPtMeterCombo <= 51.165)
",-9999999.000,-9999999.000,0.000,0.000,1.000,0,0,0,4,4,0,0,4,0.0,0,0,0.0,0.0,1.0
"F[0,2]((Pt_FatherT1D <= 0.000 -> UnitsInsBasalOrLongAct <= 25.904) -> SMBGperDayPtMeterCombo >= 4.628)
",-9999999.000,-9999999.000,0.000,0.000,1.000,0,0,0,4,4,0,0,4,0.0,0,0,0.0,0.0,1.0
"F[1,2](BldPrDia <= 71.443 & age >= 7.822)
",-9999999.000,-9999999.000,0.000,0.000,1.000,0,0,0,4,4,0,0,4,0.0,0,0,0.0,0.0,1.0
"F[0,0]((LDL >= 5.553 -> SMBGperDayPtMeterCombo <= 3.981) & AlbCreatRat_mggNew <= 4.397)
",-0.742,-4.937,0.000,0.000,1.000,0,0,0,4,4,0,0,4,0.0,0,0,0.0,0.0,1.0
"F[1,2](((TSH <= 1.515 & AlbCreatRat_mggNew >= 0.000) | Pt_SiblingT1D >= 0.000) | diabDur <= 0.000)
",-9999999.000,-9999999.000,0.000,0.000,1.000,0,0,0,4,4,0,0,4,0.0,0,0,0.0,0.0,1.0
"F[1,2](((Pt_SiblingT1D <= 0.000 | Pt_GrandparentT1D >= 0.000) -> Pt_InsGov >= 0.000) | Pt_DKAFlg >= 0.000)
",-9999999.000,-9999999.000,0.000,0.000,1.000,0,0,0,4,4,0,0,4,0.0,0,0,0.0,0.0,1.0
"F[0,2](((SMBGperDayPtMeterCombo >= 2.009 | HeightCm <= 156.883) -> Pt_CGMUseNumDays <= 148.895) | Pt_CGMUseNumDays >= 128.533)
",-9999999.000,-9999999.000,0.000,0.000,1.000,0,0,0,4,4,0,0,4,0.0,0,0,0.0,0.0,1.0
"F[1,2]((Pt_FatherT1D <= 0.000 | HbA1cImputeDtMnC <= 44.273) -> BldPrDia >= 20.790)
",-9999999.000,-9999999.000,0.000,0.000,1.000,0,0,0,4,4,0,0,4,0.0,0,0,0.0,0.0,1.0
"((HDL >= 1.157) U[2,2] (bmiPerc <= 0.657))
",0.657,0.657,0.000,0.000,1.000,0,0,0,4,4,0,0,4,0.0,0,0,0.0,0.0,1.0
"F[1,2](((LDL <= 58.230 & GFR <= 0.000) & Pt_DKAFlg >= 0.000) & TSH <= 0.000)
",-9999999.000,-9999999.000,0.000,0.000,1.000,0,0,0,4,4,0,0,4,0.0,0,0,0.0,0.0,1.0
"F[0,0](((BUN >= 3.871 -> bmiZscore <= 0.602) | bmi >= -0.146) | age <= 0.279)
",0.279,0.279,0.000,0.000,1.000,0,0,0,4,4,0,0,4,0.0,0,0,0.0,0.0,1.0
"((Triglyc <= 49.768) U[1,2] (UnitsInsBasalOrLongAct <= 20.963))
",-9999999.000,-9999999.000,0.000,0.000,1.000,0,0,0,4,4,0,0,4,0.0,0,0,0.0,0.0,1.0
"F[2,2]((UnitsInsBasalOrLongAct >= 7.281 & diagAgeCombo >= 5.000) & HDL <= 5.000)
",-7.281,-7.281,0.000,0.000,1.000,0,0,0,4,4,0,0,4,0.0,0,0,0.0,0.0,1.0
"F[2,2]((Pt_DKAFlg <= 0.000 | diagAgeCombo >= 5.000) & bmi >= 5.000)
",-5.000,-5.000,0.000,0.000,1.000,0,0,0,4,4,0,0,4,0.0,0,0,0.0,0.0,1.0
"F[0,2](((bmiZscore <= 1.017 -> DirectLDL >= 0.000) & diabDur <= 0.000) & SMBGperDayPtMeterCombo >= 0.000)
",-9999999.000,-9999999.000,0.000,0.000,1.000,0,0,0,4,4,0,0,4,0.0,0,0,0.0,0.0,1.0
"F[0,1](((bmi <= 21.971 & Pt_SHFlg <= 0.000) -> LDL <= 0.000) & TotalDailyInsPerKg >= 0.000)
",-9999999.000,-9999999.000,0.000,0.000,1.000,0,0,0,4,4,0,0,4,0.0,0,0,0.0,0.0,1.0
"F[0,0](Pt_CGMUseNumDays <= 0.000 & Pt_GrandchildT1D <= 0.000)
",-15513.000,-15513.000,0.000,0.000,1.000,0,0,0,4,4,0,0,4,0.0,0,0,0.0,0.0,1.0
"((Pt_InsGov >= 0.000) U[0,2] (AutonomicNeuroCl <= 0.000))
",-9999999.000,-9999999.000,0.000,0.000,1.000,0,0,0,4,4,0,0,4,0.0,0,0,0.0,0.0,1.0
"F[0,2](((LDL >= 0.588 | BGTestAvgNumPtRep <= 2.842) & DirectLDL >= 1.592) & BGTestAvgNumPtRep <= 3.486)
",-9999999.000,-9999999.000,0.000,0.000,1.000,0,0,0,4,4,0,0,4,0.0,0,0,0.0,0.0,1.0
"((UnitsInsBasalOrLongAct >= 11.719) U[0,1] (AutonomicNeuroCl >= 0.000))
",-9999999.000,-9999999.000,0.000,0.000,1.000,0,0,0,4,4,0,0,4,0.0,0,0,0.0,0.0,1.0
"F[0,2](HbA1c >= 9.555 -> Pt_A1cGoalLevelDsYr5 = 0.000)
",-9999999.000,-9999999.000,0.000,0.000,1.000,0,0,0,4,4,0,0,4,0.0,0,0,0.0,0.0,1.0
"F[0,2](BUN >= 3.712 -> LDL >= 10.420)
",-9999999.000,-9999999.000,0.000,0.000,1.000,0,0,0,4,4,0,0,4,0.0,0,0,0.0,0.0,1.0
"F[1,2]((UnitsInsBasalOrLongAct >= 5.091 | Pt_GrandparentT1D <= 0.000) | Pt_SiblingT1D <= 0.000)
",-9999999.000,-9999999.000,0.000,0.000,1.000,0,0,0,4,4,0,0,4,0.0,0,0,0.0,0.0,1.0
"F[0,2](Pt_SiblingT1D >= 0.000 -> AutonomicNeuroCl >= 0.000)
",-9999999.000,-9999999.000,0.000,0.000,1.000,0,0,0,4,4,0,0,4,0.0,0,0,0.0,0.0,1.0
"F[1,2]((bmiZscore <= 0.934 -> HDL <= 24.742) | GFR >= 7.044)
",-9999999.000,-9999999.000,0.000,0.000,1.000,0,0,0,4,4,0,0,4,0.0,0,0,0.0,0.0,1.0
"F[1,2]((Pt_SHFlg >= 0.000 -> BGTestAvgNumMeter >= 1.939) & Pt_A1cGoalLev <= 4.476)
",-9999999.000,-9999999.000,0.000,0.000,1.000,0,0,0,4,4,0,0,4,0.0,0,0,0.0,0.0,1.0
"F[0,1](((bmiZscore >= 0.005 | BGTestAvgNumPtRep <= 2.682) & WeightKg <= 3.878) -> UnitsInsBasalOrLongAct <= 3.453)
",-9999999.000,-9999999.000,0.000,0.000,1.000,0,0,0,4,4,0,0,4,0.0,0,0,0.0,0.0,1.0
"((bmiZscore <= 0.577) U[0,1] (HDL <= 32.367))
",-9999999.000,-9999999.000,0.000,0.000,1.000,0,0,0,4,4,0,0,4,0.0,0,0,0.0,0.0,1.0
"((Pt_DKAFlg >= 0.000) U[1,2] (HbA1c >= 9.990))
",-9999999.000,-9999999.000,0.000,0.000,1.000,0,0,0,4,4,0,0,4,0.0,0,0,0.0,0.0,1.0
"((BGTestAvgNumMeter <= 4.073) U[1,2] (DirectLDL <= 0.000))
",-9999999.000,-9999999.000,0.000,0.000,1.000,0,0,0,4,4,0,0,4,0.0,0,0,0.0,0.0,1.0
"F[1,2](((diagAgeCombo >= 5.000 -> diagAgeCombo >= 5.000) & diabDur >= 5.000) & Pt_GrandchildT1D >= 5.000)
",-9999999.000,-9999999.000,0.000,0.000,1.000,0,0,0,4,4,0,0,4,0.0,0,0,0.0,0.0,1.0
"F[2,2](BGTestAvgNumPtRep <= 3.499 -> TotalDailyInsPerKg <= 0.593)
",-7878881938761187.000,-3.499,0.000,0.000,1.000,0,0,0,4,4,0,0,4,0.0,0,0,0.0,0.0,1.0
"F[0,1]((AlbCreatRat_mggNew >= 0.000 | HbA1cImputeDtMnC >= 14.651) | Pt_ChildT1D >= 24.161)
",-9999999.000,-9999999.000,0.000,0.000,1.000,0,0,0,4,4,0,0,4,0.0,0,0,0.0,0.0,1.0
"F[2,2]((BldPrDia <= 68.092 | Pt_GrandparentT1D >= 0.000) -> SMBGperDayPtMeterCombo >= 0.000)
",-68.092,-68.092,0.000,0.000,1.000,0,0,0,4,4,0,0,4,0.0,0,0,0.0,0.0,1.0
"F[0,1](GFR >= 0.000 & AlbCreatRat_mggNew <= 0.000)
",-9999999.000,-9999999.000,0.000,0.000,1.000,0,0,0,4,4,0,0,4,0.0,0,0,0.0,0.0,1.0
"F[0,0]((NumPumpBolusOrShortAct >= 1.043 | diabDur >= 1.172) -> bmiPerc <= 4.506)
",-3.109,-8.161,0.000,0.000,1.000,0,0,0,4,4,0,0,4,0.0,0,0,0.0,0.0,1.0
"((Pt_A1cGoalLevelDsYr5 <= 0.000) U[0,2] (Pt_InsGov >= 0.000))
",-9999999.000,-9999999.000,0.000,0.000,1.000,0,0,0,4,4,0,0,4,0.0,0,0,0.0,0.0,1.0
"F[2,2](Pt_InsGov <= 0.000 & Pt_DKAFlg >= 0.000)
",0.000,0.000,0.000,0.000,1.000,0,0,0,4,4,0,0,4,0.0,0,0,0.0,0.0,1.0
"F[0,2](WeightKg <= 40.972 -> BldPrDia >= 52.511)
",-9999999.000,-9999999.000,0.000,0.000,1.000,0,0,0,4,4,0,0,4,0.0,0,0,0.0,0.0,1.0
"((TotChol >= 24.470) U[0,1] (Pt_FatherT1D >= 0.000))
",-9999999.000,-9999999.000,0.000,0.000,1.000,0,0,0,4,4,0,0,4,0.0,0,0,0.0,0.0,1.0
"((Pt_FatherT1D <= 0.000) U[2,2] (BGTestAvgNumMeter <= 4.866))
",4.866,4.866,0.000,0.000,1.000,0,0,0,4,4,0,0,4,0.0,0,0,0.0,0.0,1.0
"F[1,1]((diagAgeCombo >= 5.000 -> Triglyc <= 58.873) | UnitsInsBasalOrLongAct >= 2.957)
",-2.957,-2.957,0.000,0.000,1.000,0,0,0,4,4,0,0,4,0.0,0,0,0.0,0.0,1.0
"((SMBGperDayPtMeterCombo >= 1.050) U[2,2] (Pt_FatherT1D >= 0.000))
",0.000,0.000,0.000,0.000,1.000,0,0,0,4,4,0,0,4,0.0,0,0,0.0,0.0,1.0
"F[2,2](((diabDur <= 5.987 | Pt_MotherT1D >= 0.000) & UnitsInsBasalOrLongAct >= 0.000) | NumPumpBolusOrShortAct <= 0.000)
",0.000,0.000,0.000,0.000,1.000,0,0,0,4,4,0,0,4,0.0,0,0,0.0,0.0,1.0
"F[0,2](((Pt_GrandparentT1D >= 0.000 | BGTestAvgNumMeter <= 4.466) -> Pt_A1cGoalLevelDsYr5 <= 4.270) -> NumPumpBolusOrShortAct >= 0.633)
",-9999999.000,-9999999.000,0.000,0.000,1.000,0,0,0,4,4,0,0,4,0.0,0,0,0.0,0.0,1.0
"F[0,0](((BldPrDia >= 58.941 -> GFR <= 0.000) -> Triglyc <= 0.000) -> HDL <= 0.000)
",-0.707,-18.686,0.000,0.000,1.000,0,0,0,4,4,0,0,4,0.0,0,0,0.0,0.0,1.0
"F[1,2]((WeightKg >= 33.190 & Pt_A1cGoalLev >= 0.409) & Pt_SHFlg <= 4.324)
",-9999999.000,-9999999.000,0.000,0.000,1.000,0,0,0,4,4,0,0,4,0.0,0,0,0.0,0.0,1.0
"F[2,2]((LDL <= 47.036 | Pt_GrandparentT1D <= 0.000) -> Triglyc <= 0.000)
",-6619776775932571.000,-47.036,0.000,0.000,1.000,0,0,0,4,4,0,0,4,0.0,0,0,0.0,0.0,1.0
"F[1,2](Pt_A1cGoalLev <= 3.716 | Pt_FatherT1D >= 0.000)
",-9999999.000,-9999999.000,0.000,0.000,1.000,0,0,0,4,4,0,0,4,0.0,0,0,0.0,0.0,1.0
"F[0,1]((NumPumpBolusOrShortAct <= 2.571 & HDL >= 4.573) -> Pt_SiblingT1D >= 2.595)
",-9999999.000,-9999999.000,0.000,0.000,1.000,0,0,0,4,4,0,0,4,0.0,0,0,0.0,0.0,1.0
"F[1,2](((BGTestAvgNumPtRep <= 2.063 -> bmiZscore >= 0.035) | BGTestAvgNumPtRep <= 0.668) | Pt_MotherT1D <= 0.314)
",-9999999.000,-9999999.000,0.000,0.000,1.000,0,0,0,4,4,0,0,4,0.0,0,0,0.0,0.0,1.0
"F[1,1]((bmiPerc <= 0.835 -> AlbCreatRat_mggNew <= 0.000) & DirectLDL <= 0.000)
",-0.835,-0.835,0.000,0.000,1.000,0,0,0,4,4,0,0,4,0.0,0,0,0.0,0.0,1.0
"((Pt_MotherT1D >= 0.000) U[0,1] (Pt_DKAFlg <= 0.000))
",-9999999.000,-9999999.000,0.000,0.000,1.000,0,0,0,4,4,0,0,4,0.0,0,0,0.0,0.0,1.0
"F[2,2]((diabDur <= 6.993 -> Pt_A1cGoalLevelDsYr5 <= 0.000) & AlbCreatRat_mggNew >= 0.000)
",-7873605085877917.000,-6.993,0.000,0.000,1.000,0,0,0,4,4,0,0,4,0.0,0,0,0.0,0.0,1.0
"((BldPrDia >= 64.477) U[0,2] (Pt_CGMUseNumDays >= 0.000))
",-9999999.000,-9999999.000,0.000,0.000,1.000,0,0,0,4,4,0,0,4,0.0,0,0,0.0,0.0,1.0
"F[0,2]((DirectLDL <= 0.000 -> AlbCreatRat_mggNew >= 0.000) & age >= 0.000)
",-9999999.000,-9999999.000,0.000,0.000,1.000,0,0,0,4,4,0,0,4,0.0,0,0,0.0,0.0,1.0
"F[2,2]((Pt_SHFlg <= 0.000 | bmi <= 20.563) -> AlbCreatRat_mggNew <= 18.821)
",-20.563,-20.563,0.000,0.000,1.000,0,0,0,4,4,0,0,4,0.0,0,0,0.0,0.0,1.0
"F[2,2](((BldPrSys >= 99.996 -> Pt_FatherT1D >= 0.000) -> Pt_SHFlg <= 0.000) | Pt_FatherT1D >= 0.000)
",0.000,0.000,0.000,0.000,1.000,0,0,0,4,4,0,0,4,0.0,0,0,0.0,0.0,1.0
"((bmi <= 20.983) U[0,1] (Pt_InsGov <= 0.000))
",-9999999.000,-9999999.000,0.000,0.000,1.000,0,0,0,4,4,0,0,4,0.0,0,0,0.0,0.0,1.0
"((LDL >= 7.245) U[0,2] (GFR >= 0.000))
",-9999999.000,-9999999.000,0.000,0.000,1.000,0,0,0,4,4,0,0,4,0.0,0,0,0.0,0.0,1.0
"F[0,2](((HbA1cImputeDtMnC >= 2.998 & bmiPerc >= 0.524) & diagAgeCombo >= 0.461) & AutonomicNeuroCl >= 0.443)
",-9999999.000,-9999999.000,0.000,0.000,1.000,0,0,0,4,4,0,0,4,0.0,0,0,0.0,0.0,1.0
"F[2,2]((GFR >= 0.000 & Pt_SHFlg <= 0.000) & diabDur <= 0.000)
",0.000,0.000,0.000,0.000,1.000,0,0,0,4,4,0,0,4,0.0,0,0,0.0,0.0,1.0
"((TotalDailyInsPerKg <= 0.428) U[0,1] (GFR <= 0.000))
",-9999999.000,-9999999.000,0.000,0.000,1.000,0,0,0,4,4,0,0,4,0.0,0,0,0.0,0.0,1.0
"F[0,2](((Pt_A1cGoalLev >= 0.651 & TotChol <= 86.747) & Pt_FatherT1D >= 26.072) -> Pt_SiblingT1D >= 38.621)
",-9999999.000,-9999999.000,0.000,0.000,1.000,0,0,0,4,4,0,0,4,0.0,0,0,0.0,0.0,1.0
"F[0,1](Pt_FatherT1D >= 0.000 -> bmi <= 21.708)
",-9999999.000,-9999999.000,0.000,0.000,1.000,0,0,0,4,4,0,0,4,0.0,0,0,0.0,0.0,1.0
"F[0,2](((NumPumpBolusOrShortAct <= 2.903 & HbA1cImputeDtMnC <= 38.490) | BUN >= 15.109) & age <= 58.057)
",-9999999.000,-9999999.000,0.000,0.000,1.000,0,0,0,4,4,0,0,4,0.0,0,0,0.0,0.0,1.0
"F[0,2]((AutonomicNeuroCl <= 0.000 -> WeightKg <= 47.141) -> bmi >= 26.034)
",-9999999.000,-9999999.000,0.000,0.000,1.000,0,0,0,4,4,0,0,4,0.0,0,0,0.0,0.0,1.0
"F[0,0]((bmi <= 20.021 -> Pt_SHFlg <= 0.000) -> Pt_DKAFlg <= 0.000)
",0.000,0.000,0.000,0.000,1.000,0,0,0,4,4,0,0,4,0.0,0,0,0.0,0.0,1.0
"F[2,2](Pt_ChildT1D <= 0.000 | Pt_GrandchildT1D <= 0.000)
",0.000,0.000,0.000,0.000,1.000,0,0,0,4,4,0,0,4,0.0,0,0,0.0,0.0,1.0
"F[1,1](Pt_A1cGoalLev <= 2.426 -> Pt_A1cGoalLevelDsYr5 >= 0.000)
",-2.426,-2.426,0.000,0.000,1.000,0,0,0,4,4,0,0,4,0.0,0,0,0.0,0.0,1.0
"((Pt_GrandparentT1D >= 0.000) U[0,2] (HbA1c <= 12.030))
",-9999999.000,-9999999.000,0.000,0.000,1.000,0,0,0,4,4,0,0,4,0.0,0,0,0.0,0.0,1.0
"F[0,0](((Pt_MotherT1D >= 0.000 & bmiPerc >= 0.502) -> bmiZscore >= 0.468) | Pt_GrandchildT1D <= 0.644)
",0.644,0.644,0.000,0.000,1.000,0,0,0,4,4,0,0,4,0.0,0,0,0.0,0.0,1.0
"F[0,2](((Pt_FatherT1D >= 0.000 -> Triglyc >= 0.438) -> UnitsInsBasalOrLongAct >= 7.294) -> Pt_GrandparentT1D <= 37.276)
",-9999999.000,-9999999.000,0.000,0.000,1.000,0,0,0,4,4,0,0,4,0.0,0,0,0.0,0.0,1.0
"F[0,1](((BldPrDia >= 53.105 & Triglyc <= 39.168) -> NumPumpBolusOrShortAct <= 41.833) | bmiPerc <= 46.612)
",-9999999.000,-9999999.000,0.000,0.000,1.000,0,0,0,4,4,0,0,4,0.0,0,0,0.0,0.0,1.0
"F[1,2](((AlbCreatRat_mggNew <= 0.000 | WeightKg >= 30.814) -> bmiPerc <= 55.004) & TotalDailyInsPerKg >= 34.918)
",-9999999.000,-9999999.000,0.000,0.000,1.000,0,0,0,4,4,0,0,4,0.0,0,0,0.0,0.0,1.0
"F[1,2]((Pt_CGMUseNumDays <= 0.000 -> TotalDailyInsPerKg <= 0.553) -> Pt_SHFlg <= 0.439)
",-9999999.000,-9999999.000,0.000,0.000,1.000,0,0,0,4,4,0,0,4,0.0,0,0,0.0,0.0,1.0
"F[1,1](((age <= 12.681 & SMBGperDayPtMeterCombo >= 1.367) | HbA1c >= 0.331) | DirectLDL >= 1.247)
",-0.331,-0.331,0.000,0.000,1.000,0,0,0,4,4,0,0,4,0.0,0,0,0.0,0.0,1.0
"((Pt_GrandchildT1D <= 0.000) U[1,2] (bmi >= 16.233))
",-9999999.000,-9999999.000,0.000,0.000,1.000,0,0,0,4,4,0,0,4,0.0,0,0,0.0,0.0,1.0
"((HDL >= 3.064) U[2,2] (diabDur >= 1.469))
",-6613558544421109.000,-1.469,0.000,0.000,1.000,0,0,0,4,4,0,0,4,0.0,0,0,0.0,0.0,1.0
"F[0,1](((NumPumpBolusOrShortAct >= 1.751 -> TSH <= 0.695) -> Pt_InsGov >= 0.220) -> AlbCreatRat_mggNew >= 0.292)
",-9999999.000,-9999999.000,0.000,0.000,1.000,0,0,0,4,4,0,0,4,0.0,0,0,0.0,0.0,1.0
"F[1,2](((BGTestAvgNumMeter <= 4.555 & Pt_MotherT1D >= 0.000) -> UnitsInsBasalOrLongAct >= 0.000) | GFR <= 0.000)
",-9999999.000,-9999999.000,0.000,0.000,1.000,0,0,0,4,4,0,0,4,0.0,0,0,0.0,0.0,1.0
"F[0,1](((Triglyc <= 30.179 | GFR <= 0.000) -> TotalDailyInsPerKg <= 0.000) | diagAgeCombo >= 0.000)
",-9999999.000,-9999999.000,0.000,0.000,1.000,0,0,0,4,4,0,0,4,0.0,0,0,0.0,0.0,1.0
"((AutonomicNeuroCl <= 0.000) U[1,1] (BldPrSys >= 97.168))
",0.000,0.000,0.000,0.000,1.000,0,0,0,4,4,0,0,4,0.0,0,0,0.0,0.0,1.0
"F[1,2](Pt_InsGov >= 0.000 -> Pt_InsGov >= 0.000)
",-9999999.000,-9999999.000,0.000,0.000,1.000,0,0,0,4,4,0,0,4,0.0,0,0,0.0,0.0,1.0
"((Pt_GrandparentT1D >= 0.000) U[1,1] (HDL <= 35.705))
",35.705,35.705,0.000,0.000,1.000,0,0,0,4,4,0,0,4,0.0,0,0,0.0,0.0,1.0
"F[0,2](((TotalDailyInsPerKg >= 0.054 | Pt_GrandchildT1D <= 0.000) | Pt_A1cGoalLevelDsYr5 >= 0.000) | BUN >= 0.000)
",-9999999.000,-9999999.000,0.000,0.000,1.000,0,0,0,4,4,0,0,4,0.0,0,0,0.0,0.0,1.0
"F[1,2](((BUN >= 4.009 & HbA1c <= 11.705) -> Pt_GrandchildT1D <= 10.316) & Pt_InsGov <= 11.625)
",-9999999.000,-9999999.000,0.000,0.000,1.000,0,0,0,4,4,0,0,4,0.0,0,0,0.0,0.0,1.0
"F[1,2]((Pt_SiblingT1D <= 0.000 & Pt_GrandparentT1D >= 0.000) & NumPumpBolusOrShortAct >= 0.000)
",-9999999.000,-9999999.000,0.000,0.000,1.000,0,0,0,4,4,0,0,4,0.0,0,0,0.0,0.0,1.0
"F[0,1](BldPrDia <= 65.788 -> Pt_SiblingT1D >= 0.000)
",-9999999.000,-9999999.000,0.000,0.000,1.000,0,0,0,4,4,0,0,4,0.0,0,0,0.0,0.0,1.0
"F[1,2](((Pt_GrandchildT1D <= 0.000 -> NumPumpBolusOrShortAct >= 1.784) & Pt_SHFlg >= 0.667) -> Pt_MotherT1D >= 1.331)
",-9999999.000,-9999999.000,0.000,0.000,1.000,0,0,0,4,4,0,0,4,0.0,0,0,0.0,0.0,1.0
"F[1,2](((BGTestAvgNumMeter <= 3.779 & BldPrDia <= 70.720) & Pt_FatherT1D >= 62.592) -> Pt_A1cGoalLevelDsYr5 >= 51.222)
",-9999999.000,-9999999.000,0.000,0.000,1.000,0,0,0,4,4,0,0,4,0.0,0,0,0.0,0.0,1.0
"F[1,2](((BGTestAvgNumPtRep <= 1.761 -> bmiPerc >= 0.549) | DirectLDL >= 0.571) | TSH >= 0.552)
",-9999999.000,-9999999.000,0.000,0.000,1.000,0,0,0,4,4,0,0,4,0.0,0,0,0.0,0.0,1.0
"F[0,2]((WeightKg >= 35.360 -> GFR >= 0.000) & Pt_SiblingT1D <= 0.000)
",-9999999.000,-9999999.000,0.000,0.000,1.000,0,0,0,4,4,0,0,4,0.0,0,0,0.0,0.0,1.0
"F[1,2]((HbA1cImputeDtMnC >= 12.659 | UnitsInsBasalOrLongAct <= 21.265) -> HeightCm >= 8.620)
",-9999999.000,-9999999.000,0.000,0.000,1.000,0,0,0,4,4,0,0,4,0.0,0,0,0.0,0.0,1.0
"F[0,1]((bmiZscore >= 0.208 | WeightKg <= 44.467) & Pt_SHFlg <= 45.218)
",-9999999.000,-9999999.000,0.000,0.000,1.000,0,0,0,4,4,0,0,4,0.0,0,0,0.0,0.0,1.0
"F[2,2](bmi >= 17.599 -> HeightCm >= 129.025)
",17.599,17.599,0.000,0.000,1.000,0,0,0,4,4,0,0,4,0.0,0,0,0.0,0.0,1.0
"F[1,1]((BGTestAvgNumMeter >= 1.717 -> LDL >= 5.435) -> HbA1cImputeDtMnC <= 43.390)
",-6106555960831459.000,-43.390,0.000,0.000,1.000,0,0,0,4,4,0,0,4,0.0,0,0,0.0,0.0,1.0
"F[0,2]((BldPrSys >= 104.643 -> TotChol >= 40.377) -> diagAgeCombo >= 28.560)
",-9999999.000,-9999999.000,0.000,0.000,1.000,0,0,0,4,4,0,0,4,0.0,0,0,0.0,0.0,1.0
"((BldPrSys >= 102.115) U[0,1] (TSH <= 1.377))
",-9999999.000,-9999999.000,0.000,0.000,1.000,0,0,0,4,4,0,0,4,0.0,0,0,0.0,0.0,1.0
"((BGTestAvgNumMeter >= 1.450) U[2,2] (bmiZscore <= 0.916))
",8248316173846627.000,0.916,0.000,0.000,1.000,0,0,0,4,4,0,0,4,0.0,0,0,0.0,0.0,1.0
"F[0,2](((BldPrSys <= 119.419 -> Triglyc >= 3.593) & AutonomicNeuroCl <= 58.371) | age <= 21.453)
",-9999999.000,-9999999.000,0.000,0.000,1.000,0,0,0,4,4,0,0,4,0.0,0,0,0.0,0.0,1.0
"F[0,1](WeightKg < 59.233 & Pt_SHFlg = 0.000)
",-9999999.000,-9999999.000,0.000,0.000,1.000,0,0,0,4,4,0,0,4,0.0,0,0,0.0,0.0,1.0
"F[2,2]((HbA1cImputeDtMnC >= 17.129 -> WeightKg >= 34.046) -> Pt_GrandchildT1D <= 53.244)
",-53.244,-53.244,0.000,0.000,1.000,0,0,0,4,4,0,0,4,0.0,0,0,0.0,0.0,1.0
"F[1,2](((TotChol >= 4.941 | Triglyc <= 26.764) | Pt_CGMUseNumDays <= 54.008) & Triglyc >= 11.100)
",-9999999.000,-9999999.000,0.000,0.000,1.000,0,0,0,4,4,0,0,4,0.0,0,0,0.0,0.0,1.0
"F[1,2]((diabDur >= 1.969 -> HbA1cImputeDtMnC <= 48.317) | Pt_GrandchildT1D >= 24.257)
",-9999999.000,-9999999.000,0.000,0.000,1.000,0,0,0,4,4,0,0,4,0.0,0,0,0.0,0.0,1.0
"F[1,2]((HbA1cImputeDtMnC >= 11.139 | HeightCm >= 135.134) -> TSH >= 140.050)
",-9999999.000,-9999999.000,0.000,0.000,1.000,0,0,0,4,4,0,0,4,0.0,0,0,0.0,0.0,1.0
"((age <= 12.792) U[2,2] (Pt_SHFlg = 0.000))
",12.792,12.792,0.000,0.000,1.000,0,0,0,4,4,0,0,4,0.0,0,0,0.0,0.0,1.0
"F[2,2](BldPrSys > 104.684 & Pt_SHFlg = 0.000)
",-7366475507441707.000,-104.684,0.000,0.000,1.000,0,0,0,4,4,0,0,4,0.0,0,0,0.0,0.0,1.0
"F[0,1](TotChol <= 89.142 | TSH <= 1.744)
",-9999999.000,-9999999.000,0.000,0.000,1.000,0,0,0,4,4,0,0,4,0.0,0,0,0.0,0.0,1.0
"F[0,2](((bmi >= 16.902 & HDL <= 17.490) | HbA1cImputeDtMnC <= 10.590) & BldPrDia <= 18.760)
",-9999999.000,-9999999.000,0.000,0.000,1.000,0,0,0,4,4,0,0,4,0.0,0,0,0.0,0.0,1.0
"((bmiZscore >= 0.248) U[0,1] (HDL <= 20.041))
",-9999999.000,-9999999.000,0.000,0.000,1.000,0,0,0,4,4,0,0,4,0.0,0,0,0.0,0.0,1.0
"F[0,2](((bmi >= 15.854 | UnitsInsBasalOrLongAct <= 18.436) & Triglyc >= 11.581) & Pt_A1cGoalLev >= 1.031)
",-9999999.000,-9999999.000,0.000,0.000,1.000,0,0,0,4,4,0,0,4,0.0,0,0,0.0,0.0,1.0
"F[1,2](HbA1cImputeDtMnC >= 28.195 -> NumPumpBolusOrShortAct <= 3.597)
",-9999999.000,-9999999.000,0.000,0.000,1.000,0,0,0,4,4,0,0,4,0.0,0,0,0.0,0.0,1.0
"((LDL <= 61.836) U[2,2] (WeightKg >= 31.796))
",61.836,61.836,0.000,0.000,1.000,0,0,0,4,4,0,0,4,0.0,0,0,0.0,0.0,1.0
"F[0,1]((TotalDailyInsPerKg <= 0.575 & UnitsInsBasalOrLongAct >= 0.851) | Pt_DKAFlg <= 25.773)
",-9999999.000,-9999999.000,0.000,0.000,1.000,0,0,0,4,4,0,0,4,0.0,0,0,0.0,0.0,1.0
"F[0,2]((age >= 8.822 & NumPumpBolusOrShortAct <= 3.298) | Pt_MotherT1D >= 0.565)
",-9999999.000,-9999999.000,0.000,0.000,1.000,0,0,0,4,4,0,0,4,0.0,0,0,0.0,0.0,1.0
"F[0,1]((HeightCm >= 126.192 & TotalDailyInsPerKg <= 0.192) | bmiPerc >= 0.101)
",-9999999.000,-9999999.000,0.000,0.000,1.000,0,0,0,4,4,0,0,4,0.0,0,0,0.0,0.0,1.0
"F[1,2]((HeightCm <= 161.242 -> SMBGperDayPtMeterCombo <= 3.807) & TotChol <= 4.915)
",-9999999.000,-9999999.000,0.000,0.000,1.000,0,0,0,4,4,0,0,4,0.0,0,0,0.0,0.0,1.0
"F[2,2](BldPrDia <= 73.762 & TSH <= 0.544)
",0.544,0.544,0.000,0.000,1.000,0,0,0,4,4,0,0,4,0.0,0,0,0.0,0.0,1.0
"F[1,2](((NumPumpBolusOrShortAct >= 0.973 -> UnitsInsBasalOrLongAct <= 16.778) | BGTestAvgNumMeter >= 7.962) -> BGTestAvgNumPtRep >= 14.828)
",-9999999.000,-9999999.000,0.000,0.000,1.000,0,0,0,4,4,0,0,4,0.0,0,0,0.0,0.0,1.0
"F[0,1](((bmiZscore <= 0.992 & HeightCm >= 128.780) -> bmi <= 151.677) | WeightKg <= 148.006)
",-9999999.000,-9999999.000,0.000,0.000,1.000,0,0,0,4,4,0,0,4,0.0,0,0,0.0,0.0,1.0
"((HbA1cImputeDtMnC >= 36.547) U[1,2] (TotChol >= 23.063))
",-9999999.000,-9999999.000,0.000,0.000,1.000,0,0,0,4,4,0,0,4,0.0,0,0,0.0,0.0,1.0
"F[1,2](((bmiPerc >= 0.473 -> diabDur <= 4.804) | Pt_DKAFlg <= 5.019) & bmiZscore <= 6.108)
",-9999999.000,-9999999.000,0.000,0.000,1.000,0,0,0,4,4,0,0,4,0.0,0,0,0.0,0.0,1.0
"((HDL <= 13.572) U[1,2] (TotChol >= 34.968))
",-9999999.000,-9999999.000,0.000,0.000,1.000,0,0,0,4,4,0,0,4,0.0,0,0,0.0,0.0,1.0
"F[0,2]((bmiPerc <= 0.602 & HbA1cImputeDtMnC >= 34.545) & Pt_GrandparentT1D >= 12.978)
",-9999999.000,-9999999.000,0.000,0.000,1.000,0,0,0,4,4,0,0,4,0.0,0,0,0.0,0.0,1.0
"F[1,2](diabDur > 3.752 & Pt_SHFlg = 0.000)
",-9999999.000,-9999999.000,0.000,0.000,1.000,0,0,0,4,4,0,0,4,0.0,0,0,0.0,0.0,1.0
"((HDL <= 19.793) U[0,2] (Pt_SHFlg = 0.000))
",-9999999.000,-9999999.000,0.000,0.000,1.000,0,0,0,4,4,0,0,4,0.0,0,0,0.0,0.0,1.0
"F[0,2](HbA1cImputeDtMnC <= 54.196 | AlbCreatRat_mggNew >= 0.000)
",-9999999.000,-9999999.000,0.000,0.000,1.000,0,0,0,4,4,0,0,4,0.0,0,0,0.0,0.0,1.0
"F[0,2](HbA1c >= 8.231 -> Pt_A1cGoalLevelDsYr5 = 0.000)
",-9999999.000,-9999999.000,0.000,0.000,1.000,0,0,0,4,4,0,0,4,0.0,0,0,0.0,0.0,1.0
"F[0,2](GFR <= 0.000 & Pt_SHFlg = 0.000)
",-9999999.000,-9999999.000,0.000,0.000,1.000,0,0,0,4,4,0,0,4,0.0,0,0,0.0,0.0,1.0
"((BGTestAvgNumMeter >= 1.373) U[1,2] (BGTestAvgNumPtRep <= 2.486))
",-9999999.000,-9999999.000,0.000,0.000,1.000,0,0,0,4,4,0,0,4,0.0,0,0,0.0,0.0,1.0
"F[0,1](HbA1c >= 8.760 -> Pt_A1cGoalLevelDsYr5 = 0.000)
",-9999999.000,-9999999.000,0.000,0.000,1.000,0,0,0,4,4,0,0,4,0.0,0,0,0.0,0.0,1.0
"((BGTestAvgNumMeter >= 2.357) U[0,2] (BGTestAvgNumPtRep <= 1.860))
",-9999999.000,-9999999.000,0.000,0.000,1.000,0,0,0,4,4,0,0,4,0.0,0,0,0.0,0.0,1.0
"F[0,2](HbA1c >= 8.655 -> Pt_A1cGoalLevelDsYr5 = 0.000)
",-9999999.000,-9999999.000,0.000,0.000,1.000,0,0,0,4,4,0,0,4,0.0,0,0,0.0,0.0,1.0
"F[1,1](HbA1c >= 8.386 -> Pt_A1cGoalLevelDsYr5 = 0.000)
",0.000,0.000,0.000,0.000,1.000,0,0,0,4,4,0,0,4,0.0,0,0,0.0,0.0,1.0
"F[1,2](HbA1c >= 9.277 -> Pt_A1cGoalLevelDsYr5 = 0.000)
",-9999999.000,-9999999.000,0.000,0.000,1.000,0,0,0,4,4,0,0,4,0.0,0,0,0.0,0.0,1.0
"F[0,2](Pt_ChildT1D > 0.000 -> Pt_SHFlg = 0.000)
",-9999999.000,-9999999.000,0.000,0.000,1.000,0,0,0,4,4,0,0,4,0.0,0,0,0.0,0.0,1.0
"((BGTestAvgNumMeter >= 0.242) U[0,2] (BGTestAvgNumPtRep <= 3.983))
",-9999999.000,-9999999.000,0.000,0.000,1.000,0,0,0,4,4,0,0,4,0.0,0,0,0.0,0.0,1.0
"F[2,2](HbA1c >= 8.723 -> Pt_A1cGoalLevelDsYr5 = 0.000)
",0.000,0.000,0.000,0.000,1.000,0,0,0,4,4,0,0,4,0.0,0,0,0.0,0.0,1.0
"F[1,1](HbA1c >= 9.186 -> Pt_A1cGoalLevelDsYr5 = 0.000)
",0.000,0.000,0.000,0.000,1.000,0,0,0,4,4,0,0,4,0.0,0,0,0.0,0.0,1.0
"((BGTestAvgNumMeter >= 2.587) U[0,2] (BGTestAvgNumPtRep <= 1.981))
",-9999999.000,-9999999.000,0.000,0.000,1.000,0,0,0,4,4,0,0,4,0.0,0,0,0.0,0.0,1.0
"F[0,1](HbA1c >= 8.420 -> Pt_A1cGoalLevelDsYr5 = 0.000)
",-9999999.000,-9999999.000,0.000,0.000,1.000,0,0,0,4,4,0,0,4,0.0,0,0,0.0,0.0,1.0
"F[0,2](HbA1c >= 9.205 -> Pt_A1cGoalLevelDsYr5 = 0.000)
",-9999999.000,-9999999.000,0.000,0.000,1.000,0,0,0,4,4,0,0,4,0.0,0,0,0.0,0.0,1.0
"F[1,2](BldPrDia <= 72.075 -> Pt_SHFlg = 0.000)
",-9999999.000,-9999999.000,0.000,0.000,1.000,0,0,0,4,4,0,0,4,0.0,0,0,0.0,0.0,1.0
"F[0,2](Pt_A1cGoalLevelDsYr5 > 0.000 -> Pt_SHFlg = 0.000)
",-9999999.000,-9999999.000,0.000,0.000,1.000,0,0,0,4,4,0,0,4,0.0,0,0,0.0,0.0,1.0
"F[1,1](BGTestAvgNumMeter > 0.492 & Pt_SHFlg = 0.000)
",-0.492,-0.492,0.000,0.000,1.000,0,0,0,4,4,0,0,4,0.0,0,0,0.0,0.0,1.0
"F[1,2](HeightCm >= 141.350 -> Pt_SHFlg = 0.000)
",-9999999.000,-9999999.000,0.000,0.000,1.000,0,0,0,4,4,0,0,4,0.0,0,0,0.0,0.0,1.0
"F[1,2](Pt_ChildT1D > 0.000 -> Pt_SHFlg = 0.000)
",-9999999.000,-9999999.000,0.000,0.000,1.000,0,0,0,4,4,0,0,4,0.0,0,0,0.0,0.0,1.0
"((TotalDailyInsPerKg > 0.025) U[0,1] (Pt_SHFlg = 0.000))
",-9999999.000,-9999999.000,0.000,0.000,1.000,0,0,0,4,4,0,0,4,0.0,0,0,0.0,0.0,1.0
"F[0,1](BldPrSys >= 102.147 -> Pt_SHFlg = 0.000)
",-9999999.000,-9999999.000,0.000,0.000,1.000,0,0,0,4,4,0,0,4,0.0,0,0,0.0,0.0,1.0
"((Pt_A1cGoalLevelDsYr5 <= 0.000) U[0,1] (Pt_SHFlg = 0.000))
",-9999999.000,-9999999.000,0.000,0.000,1.000,0,0,0,4,4,0,0,4,0.0,0,0,0.0,0.0,1.0
"((Pt_CGMUseNumDays <= 0.000) U[0,1] (Pt_SHFlg = 0.000))
",-9999999.000,-9999999.000,0.000,0.000,1.000,0,0,0,4,4,0,0,4,0.0,0,0,0.0,0.0,1.0
"F[2,2](age <= 10.857 -> Pt_SHFlg = 0.000)
",-10.857,-10.857,0.000,0.000,1.000,0,0,0,4,4,0,0,4,0.0,0,0,0.0,0.0,1.0
"((GFR <= 0.000) U[1,2] (Pt_SHFlg = 0.000))
",-9999999.000,-9999999.000,0.000,0.000,1.000,0,0,0,4,4,0,0,4,0.0,0,0,0.0,0.0,1.0
"((DirectLDL <= 0.000) U[0,2] (Pt_SHFlg = 0.000))
",-9999999.000,-9999999.000,0.000,0.000,1.000,0,0,0,4,4,0,0,4,0.0,0,0,0.0,0.0,1.0
"F[1,2](bmiPerc < 0.732 -> Pt_SHFlg = 0.000)
",-9999999.000,-9999999.000,0.000,0.000,1.000,0,0,0,4,4,0,0,4,0.0,0,0,0.0,0.0,1.0
"F[0,2](Pt_ChildT1D <= 0.000 & Pt_SHFlg = 0.000)
",-9999999.000,-9999999.000,0.000,0.000,1.000,0,0,0,4,4,0,0,4,0.0,0,0,0.0,0.0,1.0
"F[1,1](BldPrDia < 65.636 -> Pt_SHFlg = 0.000)
",-65.636,-65.636,0.000,0.000,1.000,0,0,0,4,4,0,0,4,0.0,0,0,0.0,0.0,1.0
"((Pt_A1cGoalLev <= 4.885) U[0,0] (Pt_SHFlg = 0.000))
",-1.414,-0.077,0.000,0.000,1.000,0,0,0,4,4,0,0,4,0.0,0,0,0.0,0.0,1.0
"F[2,2](AlbCreatRat_mggNew < 0.000 & Pt_SHFlg = 0.000)
",0.000,0.000,0.000,0.000,1.000,0,0,0,4,4,0,0,4,0.0,0,0,0.0,0.0,1.0
"F[0,1]((BldPrDia >= 61.044 -> Triglyc <= 20.485) -> bmiZscore <= 51.419)
",-9999999.000,-9999999.000,0.000,0.000,1.000,0,0,0,4,4,0,0,4,0.0,0,0,0.0,0.0,1.0
"F[0,2]((diabDur <= 4.930 & TotChol >= 15.367) & Pt_GrandchildT1D <= 88.316)
",-9999999.000,-9999999.000,0.000,0.000,1.000,0,0,0,4,4,0,0,4,0.0,0,0,0.0,0.0,1.0
"F[1,2](((SMBGperDayPtMeterCombo <= 4.125 | TotChol >= 19.364) & age >= 24.612) -> TSH >= 11.282)
",-9999999.000,-9999999.000,0.000,0.000,1.000,0,0,0,4,4,0,0,4,0.0,0,0,0.0,0.0,1.0
"F[0,2]((TotalDailyInsPerKg <= 0.163 -> TSH <= 0.952) | Pt_SiblingT1D >= 0.052)
",-9999999.000,-9999999.000,0.000,0.000,1.000,0,0,0,4,4,0,0,4,0.0,0,0,0.0,0.0,1.0
"F[1,2]((BGTestAvgNumPtRep >= 1.116 -> bmi <= 21.064) | TSH <= 18.696)
",-9999999.000,-9999999.000,0.000,0.000,1.000,0,0,0,4,4,0,0,4,0.0,0,0,0.0,0.0,1.0
"F[0,2](((bmi >= 16.652 | TSH >= 0.024) | bmi >= 0.104) | LDL <= 1.579)
",-9999999.000,-9999999.000,0.000,0.000,1.000,0,0,0,4,4,0,0,4,0.0,0,0,0.0,0.0,1.0
"((bmiPerc <= 0.720) U[1,2] (Pt_A1cGoalLev <= 3.221))
",-9999999.000,-9999999.000,0.000,0.000,1.000,0,0,0,4,4,0,0,4,0.0,0,0,0.0,0.0,1.0
"F[0,2]((HbA1c <= 11.415 | WeightKg >= 27.926) -> TotalDailyInsPerKg >= 25.878)
",-9999999.000,-9999999.000,0.000,0.000,1.000,0,0,0,4,4,0,0,4,0.0,0,0,0.0,0.0,1.0
"((bmiZscore >= 0.173) U[0,1] (HbA1c <= 12.113))
",-9999999.000,-9999999.000,0.000,0.000,1.000,0,0,0,4,4,0,0,4,0.0,0,0,0.0,0.0,1.0
"((Pt_A1cGoalLev >= 0.565) U[1,2] (TotChol >= 38.195))
",-9999999.000,-9999999.000,0.000,0.000,1.000,0,0,0,4,4,0,0,4,0.0,0,0,0.0,0.0,1.0
"F[1,2]((HbA1c <= 12.144 -> HDL >= 7.629) | BUN <= 19.103)
",-9999999.000,-9999999.000,0.000,0.000,1.000,0,0,0,4,4,0,0,4,0.0,0,0,0.0,0.0,1.0
"((age >= 9.787) U[0,2] (LDL >= 2.097))
",-9999999.000,-9999999.000,0.000,0.000,1.000,0,0,0,4,4,0,0,4,0.0,0,0,0.0,0.0,1.0
"F[0,2](BGTestAvgNumPtRep >= 1.693 & WeightKg <= 59.382)
",-9999999.000,-9999999.000,0.000,0.000,1.000,0,0,0,4,4,0,0,4,0.0,0,0,0.0,0.0,1.0
"F[2,2](((BldPrDia <= 74.393 & bmi >= 17.507) -> TotChol <= 19.063) & DirectLDL >= 17.891)
",-19.063,-19.063,0.000,0.000,1.000,0,0,0,4,4,0,0,4,0.0,0,0,0.0,0.0,1.0
"((TotalDailyInsPerKg >= 0.033) U[0,1] (Triglyc <= 40.857))
",-9999999.000,-9999999.000,0.000,0.000,1.000,0,0,0,4,4,0,0,4,0.0,0,0,0.0,0.0,1.0
"F[0,2]((TSH <= 0.498 & WeightKg <= 56.013) | HDL <= 53.025)
",-9999999.000,-9999999.000,0.000,0.000,1.000,0,0,0,4,4,0,0,4,0.0,0,0,0.0,0.0,1.0
"F[0,0](((bmi >= 17.031 -> Pt_A1cGoalLev <= 2.581) | HeightCm <= 1.037) | LDL <= 4.379)
",16.245,4.130,0.000,0.000,1.000,0,0,0,4,4,0,0,4,0.0,0,0,0.0,0.0,1.0
"F[0,1]((BldPrSys <= 108.824 & bmiPerc <= 0.838) | TSH <= 0.820)
",-9999999.000,-9999999.000,0.000,0.000,1.000,0,0,0,4,4,0,0,4,0.0,0,0,0.0,0.0,1.0
"F[0,1](((BUN <= 10.280 -> NumPumpBolusOrShortAct <= 2.581) -> WeightKg >= 1.675) -> HbA1c >= 0.582)
",-9999999.000,-9999999.000,0.000,0.000,1.000,0,0,0,4,4,0,0,4,0.0,0,0,0.0,0.0,1.0
"F[1,2](BldPrDia >= 63.945 -> bmiPerc <= 0.621)
",-9999999.000,-9999999.000,0.000,0.000,1.000,0,0,0,4,4,0,0,4,0.0,0,0,0.0,0.0,1.0
"F[0,1](((BldPrDia <= 68.890 & bmiZscore <= 0.967) | Pt_MotherT1D <= 0.582) | BUN <= 0.559)
",-9999999.000,-9999999.000,0.000,0.000,1.000,0,0,0,4,4,0,0,4,0.0,0,0,0.0,0.0,1.0
"((BUN >= 1.101) U[0,2] (TotChol >= 14.252))
",-9999999.000,-9999999.000,0.000,0.000,1.000,0,0,0,4,4,0,0,4,0.0,0,0,0.0,0.0,1.0
"((BGTestAvgNumMeter >= 3.565) U[0,2] (BGTestAvgNumPtRep <= 2.664))
",-9999999.000,-9999999.000,0.000,0.000,1.000,0,0,0,4,4,0,0,4,0.0,0,0,0.0,0.0,1.0
"F[2,2](((LDL >= 4.674 | TSH <= 1.555) -> age <= 0.593) & AlbCreatRat_mggNew >= 0.298)
",-1.555,-1.555,0.000,0.000,1.000,0,0,0,4,4,0,0,4,0.0,0,0,0.0,0.0,1.0
"F[1,2](((HDL >= 1.067 -> TSH >= 0.146) -> HeightCm <= 1.260) | HbA1cImputeDtMnC >= 0.029)
",-9999999.000,-9999999.000,0.000,0.000,1.000,0,0,0,4,4,0,0,4,0.0,0,0,0.0,0.0,1.0
"F[1,2]((BldPrSys <= 117.574 -> Pt_A1cGoalLev <= 1.021) | bmi <= 2.464)
",-9999999.000,-9999999.000,0.000,0.000,1.000,0,0,0,4,4,0,0,4,0.0,0,0,0.0,0.0,1.0
"((BldPrDia >= 51.898) U[0,2] (HDL >= 7.995))
",-9999999.000,-9999999.000,0.000,0.000,1.000,0,0,0,4,4,0,0,4,0.0,0,0,0.0,0.0,1.0
"F[0,1]((BUN >= 0.869 & WeightKg <= 54.037) | Pt_InsGov <= 51.158)
",-9999999.000,-9999999.000,0.000,0.000,1.000,0,0,0,4,4,0,0,4,0.0,0,0,0.0,0.0,1.0
"((bmiZscore >= -0.162) U[1,1] (TotalDailyInsPerKg <= 0.229))
",0.229,0.229,0.000,0.000,1.000,0,0,0,4,4,0,0,4,0.0,0,0,0.0,0.0,1.0
"F[0,1](((BGTestAvgNumPtRep >= 0.048 & bmiZscore <= 0.323) -> Pt_A1cGoalLev >= 0.274) & LDL >= -0.128)
",-9999999.000,-9999999.000,0.000,0.000,1.000,0,0,0,4,4,0,0,4,0.0,0,0,0.0,0.0,1.0
"F[0,2](((BUN >= 1.612 -> HbA1cImputeDtMnC <= 43.194) -> Pt_GrandparentT1D >= 13.157) | Pt_SiblingT1D <= 65.359)
",-9999999.000,-9999999.000,0.000,0.000,1.000,0,0,0,4,4,0,0,4,0.0,0,0,0.0,0.0,1.0
"F[0,2](((BUN <= 7.617 & UnitsInsBasalOrLongAct <= 23.309) | DirectLDL >= 7.514) & bmiZscore <= 19.633)
",-9999999.000,-9999999.000,0.000,0.000,1.000,0,0,0,4,4,0,0,4,0.0,0,0,0.0,0.0,1.0
"F[0,0]((Pt_CGMUseNumDays >= 0.000 -> Pt_CGMUseNumDays <= 0.000) | Pt_InsGov <= 0.000)
",0.000,0.000,0.000,0.000,1.000,0,0,0,4,4,0,0,4,0.0,0,0,0.0,0.0,1.0
"F[2,2](((Pt_FatherT1D <= 0.000 -> Pt_SHFlg >= 0.000) & TotChol >= 0.000) & Pt_A1cGoalLevelDsYr5 >= 0.000)
",0.000,0.000,0.000,0.000,1.000,0,0,0,4,4,0,0,4,0.0,0,0,0.0,0.0,1.0
"F[1,2](((Pt_A1cGoalLev <= 1.902 -> BGTestAvgNumMeter <= 4.956) | diagAgeCombo <= 4.187) -> bmiZscore <= 4.118)
",-9999999.000,-9999999.000,0.000,0.000,1.000,0,0,0,4,4,0,0,4,0.0,0,0,0.0,0.0,1.0
"F[1,2]((BUN <= 14.544 & TotalDailyInsPerKg <= 0.435) -> diagAgeCombo <= 0.313)
",-9999999.000,-9999999.000,0.000,0.000,1.000,0,0,0,4,4,0,0,4,0.0,0,0,0.0,0.0,1.0
"F[0,2](((BldPrSys >= 102.277 | bmiZscore >= 0.239) | BGTestAvgNumPtRep >= -0.138) -> TotChol >= 0.108)
",-9999999.000,-9999999.000,0.000,0.000,1.000,0,0,0,4,4,0,0,4,0.0,0,0,0.0,0.0,1.0
"((BUN >= 2.176) U[0,1] (Pt_A1cGoalLev <= 3.015))
",-9999999.000,-9999999.000,0.000,0.000,1.000,0,0,0,4,4,0,0,4,0.0,0,0,0.0,0.0,1.0
"F[1,2](((SMBGperDayPtMeterCombo <= 4.941 | Triglyc >= 13.504) -> Triglyc >= 13.369) -> Pt_A1cGoalLev >= 6.991)
",-9999999.000,-9999999.000,0.000,0.000,1.000,0,0,0,4,4,0,0,4,0.0,0,0,0.0,0.0,1.0
"F[0,2](((HbA1c >= 8.955 & TSH <= 1.748) & AlbCreatRat_mggNew >= 0.064) -> Pt_SHFlg <= 1.085)
",-9999999.000,-9999999.000,0.000,0.000,1.000,0,0,0,4,4,0,0,4,0.0,0,0,0.0,0.0,1.0
"F[1,2](((NumPumpBolusOrShortAct <= 3.710 & SMBGperDayPtMeterCombo >= 2.137) & BGTestAvgNumMeter >= 2.519) -> HbA1c <= 3.909)
",-9999999.000,-9999999.000,0.000,0.000,1.000,0,0,0,4,4,0,0,4,0.0,0,0,0.0,0.0,1.0
"F[1,2](NumPumpBolusOrShortAct >= 2.066 -> TotalDailyInsPerKg >= 0.054)
",-9999999.000,-9999999.000,0.000,0.000,1.000,0,0,0,4,4,0,0,4,0.0,0,0,0.0,0.0,1.0
"F[2,2](((HbA1cImputeDtMnC >= 22.878 & LDL >= 0.075) -> Pt_MotherT1D >= 4.580) | HeightCm <= 11.909)
",6704363356706965.000,11.909,0.000,0.000,1.000,0,0,0,4,4,0,0,4,0.0,0,0,0.0,0.0,1.0
"F[1,2]((HbA1cImputeDtMnC <= 40.799 -> HDL >= 4.024) & BGTestAvgNumPtRep <= 19.551)
",-9999999.000,-9999999.000,0.000,0.000,1.000,0,0,0,4,4,0,0,4,0.0,0,0,0.0,0.0,1.0
"F[1,2](((diabDur <= 5.769 | Triglyc >= 11.774) | Pt_A1cGoalLevelDsYr5 >= 8.589) -> Pt_GrandparentT1D <= 38.184)
",-9999999.000,-9999999.000,0.000,0.000,1.000,0,0,0,4,4,0,0,4,0.0,0,0,0.0,0.0,1.0
"F[0,2](((Triglyc >= 7.019 | WeightKg >= 29.386) -> BGTestAvgNumPtRep >= 29.389) -> Pt_CGMUseNumDays >= 29.757)
",-9999999.000,-9999999.000,0.000,0.000,1.000,0,0,0,4,4,0,0,4,0.0,0,0,0.0,0.0,1.0
"F[0,2](bmiZscore >= 0.074 & UnitsInsBasalOrLongAct >= 10.024)
",-9999999.000,-9999999.000,0.000,0.000,1.000,0,0,0,4,4,0,0,4,0.0,0,0,0.0,0.0,1.0
"F[2,2]((BldPrSys >= 97.842 -> HeightCm >= 143.050) | Pt_A1cGoalLev <= 149.976)
",149.976,149.976,0.000,0.000,1.000,0,0,0,4,4,0,0,4,0.0,0,0,0.0,0.0,1.0
"F[0,1](((HDL <= 27.362 -> HeightCm <= 151.576) | Pt_DKAFlg >= 144.414) -> Pt_GrandchildT1D <= 150.480)
",-9999999.000,-9999999.000,0.000,0.000,1.000,0,0,0,4,4,0,0,4,0.0,0,0,0.0,0.0,1.0
"F[1,1](BldPrSys >= 97.538 | HbA1cImputeDtMnC <= 69.026)
",69.026,69.026,0.000,0.000,1.000,0,0,0,4,4,0,0,4,0.0,0,0,0.0,0.0,1.0
"F[0,2](BGTestAvgNumPtRep <= 3.535 -> Triglyc >= 13.370)
",-9999999.000,-9999999.000,0.000,0.000,1.000,0,0,0,4,4,0,0,4,0.0,0,0,0.0,0.0,1.0
"F[1,2](((TotChol >= 31.153 | UnitsInsBasalOrLongAct >= 0.704) | BldPrSys >= 8.346) & TotalDailyInsPerKg <= 16.971)
",-9999999.000,-9999999.000,0.000,0.000,1.000,0,0,0,4,4,0,0,4,0.0,0,0,0.0,0.0,1.0
"F[0,2](BldPrSys <= 113.254 | WeightKg >= 26.628)
",-9999999.000,-9999999.000,0.000,0.000,1.000,0,0,0,4,4,0,0,4,0.0,0,0,0.0,0.0,1.0
"((bmiZscore <= 0.299) U[0,2] (TotChol >= 17.031))
",-9999999.000,-9999999.000,0.000,0.000,1.000,0,0,0,4,4,0,0,4,0.0,0,0,0.0,0.0,1.0
"F[0,2](((HDL <= 52.517 | NumPumpBolusOrShortAct >= 0.909) -> diabDur >= 0.508) -> diagAgeCombo >= 1.388)
",-9999999.000,-9999999.000,0.000,0.000,1.000,0,0,0,4,4,0,0,4,0.0,0,0,0.0,0.0,1.0
"F[0,1]((BUN <= 9.498 & HbA1c >= 8.509) -> diagAgeCombo <= 12.168)
",-9999999.000,-9999999.000,0.000,0.000,1.000,0,0,0,4,4,0,0,4,0.0,0,0,0.0,0.0,1.0
"F[1,2]((BGTestAvgNumPtRep <= 3.028 -> Pt_A1cGoalLev <= 1.953) | Pt_DKAFlg >= 0.572)
",-9999999.000,-9999999.000,0.000,0.000,1.000,0,0,0,4,4,0,0,4,0.0,0,0,0.0,0.0,1.0
"F[2,2]((NumPumpBolusOrShortAct <= 3.959 & Pt_A1cGoalLev <= 2.761) -> diabDur <= 4.541)
",-4.541,-4.541,0.000,0.000,1.000,0,0,0,4,4,0,0,4,0.0,0,0,0.0,0.0,1.0
"F[0,1]((HbA1c <= 10.491 -> UnitsInsBasalOrLongAct <= 23.984) & HbA1c <= 16.788)
",-9999999.000,-9999999.000,0.000,0.000,1.000,0,0,0,4,4,0,0,4,0.0,0,0,0.0,0.0,1.0
"F[0,2]((BldPrSys >= 102.808 -> bmi >= 15.873) & BldPrSys >= 16.690)
",-9999999.000,-9999999.000,0.000,0.000,1.000,0,0,0,4,4,0,0,4,0.0,0,0,0.0,0.0,1.0
"F[2,2](HbA1cImputeDtMnC <= 64.982 -> TSH <= 0.845)
",-64.982,-64.982,0.000,0.000,1.000,0,0,0,4,4,0,0,4,0.0,0,0,0.0,0.0,1.0
"F[0,1]((HbA1cImputeDtMnC >= 16.068 & Pt_A1cGoalLev <= 4.891) -> Pt_DKAFlg <= 1.808)
",-9999999.000,-9999999.000,0.000,0.000,1.000,0,0,0,4,4,0,0,4,0.0,0,0,0.0,0.0,1.0
"((BGTestAvgNumPtRep <= 1.780) U[0,2] (HeightCm >= 135.331))
",-9999999.000,-9999999.000,0.000,0.000,1.000,0,0,0,4,4,0,0,4,0.0,0,0,0.0,0.0,1.0
"F[2,2](((diabDur <= 5.873 | Pt_A1cGoalLev <= 2.946) & Pt_A1cGoalLev >= 0.103) & Pt_FatherT1D <= 0.795)
",-0.103,-0.103,0.000,0.000,1.000,0,0,0,4,4,0,0,4,0.0,0,0,0.0,0.0,1.0
"F[0,2](((BldPrSys >= 100.897 & SMBGperDayPtMeterCombo <= 4.039) -> WeightKg >= 0.402) & HbA1cImputeDtMnC >= 2.863)
",-9999999.000,-9999999.000,0.000,0.000,1.000,0,0,0,4,4,0,0,4,0.0,0,0,0.0,0.0,1.0
"F[1,2](BldPrDia <= 71.265 | WeightKg <= 56.859)
",-9999999.000,-9999999.000,0.000,0.000,1.000,0,0,0,4,4,0,0,4,0.0,0,0,0.0,0.0,1.0
"F[1,2](((age <= 12.930 | TSH >= 0.335) -> bmiZscore >= 0.246) | BUN <= 1.817)
",-9999999.000,-9999999.000,0.000,0.000,1.000,0,0,0,4,4,0,0,4,0.0,0,0,0.0,0.0,1.0
"F[1,2](BldPrSys >= 100.252 & HbA1c >= 8.734)
",-9999999.000,-9999999.000,0.000,0.000,1.000,0,0,0,4,4,0,0,4,0.0,0,0,0.0,0.0,1.0
"F[0,1](((bmiZscore <= 0.558 | Triglyc <= 37.162) & Pt_MotherT1D <= 29.839) | HDL <= 51.492)
",-9999999.000,-9999999.000,0.000,0.000,1.000,0,0,0,4,4,0,0,4,0.0,0,0,0.0,0.0,1.0
"F[1,2]((LDL <= 16.073 -> diabDur >= 2.526) | AutonomicNeuroCl <= 5.192)
",-9999999.000,-9999999.000,0.000,0.000,1.000,0,0,0,4,4,0,0,4,0.0,0,0,0.0,0.0,1.0
