Rule,Discrimination Score,Pos Robustness,Neg Robustness,Percent Class +,Percent Class -,TP,TN,FP,FN,Actual Yes,Actual No,Predicted Yes,Predicted No,TPR/Sens,TNR/Spec,FPR,Precision,Accuracy,MCR
"G[0,0](age >= 68.824 | SMBGperDayPtMeterCombo <= 4.484)
",-9.557,-59.952,0.000,1.000,0.000,3,1,0,0,3,1,3,1,1.0,1.0,0.0,1.0,1.1428571428571428,-0.1428571428571428
"G[0,0](((BldPrDia <= 75.741 | TSH >= 0.223) -> GFR >= 0.580) | NumPumpBolusOrShortAct <= 1.001)
",1.415,0.667,0.000,1.000,0.000,3,1,0,0,3,1,3,1,1.0,1.0,0.0,1.0,1.1428571428571428,-0.1428571428571428
"G[0,0](HbA1c <= 9.676 & NumPumpBolusOrShortAct <= 2.286)
",4.142,1.953,0.000,1.000,0.000,3,1,0,0,3,1,3,1,1.0,1.0,0.0,1.0,1.1428571428571428,-0.1428571428571428
"G[0,0]((WeightKg >= 73.918 & Triglyc >= 74.001) -> TotChol >= 57.549)
",-1.418,-6.784,0.000,1.000,0.000,3,0,1,0,3,1,4,0,1.0,0.0,1.0,0.75,0.8571428571428571,0.1428571428571429
"G[0,1](((AlbCreatRat_mggNew >= 0.161 & BGTestAvgNumMeter <= 1.820) -> Pt_ChildT1D >= 1.135) | bmi <= 2.764)
",9999999.000,9999999.000,0.000,1.000,0.000,2,1,1,0,2,2,3,1,1.0,0.5,0.5,0.6666666666666666,0.8571428571428571,0.1428571428571429
"G[1,1](BGTestAvgNumMeter >= 0.446 | diabDur >= 32.672)
",-8028121999898323.000,-0.446,0.000,1.000,0.000,2,1,1,0,2,2,3,1,1.0,0.5,0.5,0.6666666666666666,0.8571428571428571,0.1428571428571429
"G[0,0](((HbA1cImputeDtMnC >= 23.077 & TotChol >= 162.141) | bmi >= 159.285) | BGTestAvgNumMeter <= 181.024)
",14.653,172.691,0.000,1.000,0.000,3,0,1,0,3,1,4,0,1.0,0.0,1.0,0.75,0.8571428571428571,0.1428571428571429
"G[0,1]((bmiZscore >= 0.369 -> Pt_InsGov <= 0.378) & Pt_SHFlg <= 0.884)
",9999999.000,9999999.000,0.000,1.000,0.000,2,1,0,1,3,1,2,2,0.6666666666666666,1.0,0.0,1.0,0.8571428571428571,0.1428571428571429
"G[0,0](Pt_CGMUseNumDays > 0.000 -> Pt_SHFlg = 0.658)
",-16038.000,-16038.000,0.000,1.000,0.000,3,0,1,0,3,1,4,0,1.0,0.0,1.0,0.75,0.8571428571428571,0.1428571428571429
"G[0,1]((diabDur <= 34.901 & HDL >= 63.291) -> BldPrSys <= 70.311)
",9999999.000,9999999.000,0.000,1.000,0.000,2,1,1,0,2,2,3,1,1.0,0.5,0.5,0.6666666666666666,0.8571428571428571,0.1428571428571429
"G[0,0]((Triglyc >= 66.991 -> WeightKg >= 73.125) -> GFR <= 77.558)
",-818.109,-76.803,0.000,1.000,0.000,3,0,1,0,3,1,4,0,1.0,0.0,1.0,0.75,0.8571428571428571,0.1428571428571429
"G[0,0]((WeightKg >= 73.097 | bmi >= 30.194) -> UnitsInsBasalOrLongAct <= 21.870)
",-21.870,-21.870,0.000,1.000,0.000,3,0,1,0,3,1,4,0,1.0,0.0,1.0,0.75,0.8571428571428571,0.1428571428571429
"G[0,0]((Pt_GrandparentT1D >= 0.000 -> diagAgeCombo <= 37.000) -> Pt_GrandchildT1D <= 37.000)
",-37.000,-37.000,0.000,1.000,0.000,3,0,1,0,3,1,4,0,1.0,0.0,1.0,0.75,0.8571428571428571,0.1428571428571429
"G[0,0]((GFR >= 6.952 -> BGTestAvgNumMeter >= 0.788) | Pt_A1cGoalLev <= 3.376)
",-0.640,-7.545,0.000,1.000,0.000,3,0,1,0,3,1,4,0,1.0,0.0,1.0,0.75,0.8571428571428571,0.1428571428571429
"G[0,0](((GFR <= 44.065 & HeightCm >= 152.661) | Pt_GrandparentT1D <= 155.172) | Pt_MotherT1D >= 151.548)
",155.172,155.172,0.000,1.000,0.000,3,0,1,0,3,1,4,0,1.0,0.0,1.0,0.75,0.8571428571428571,0.1428571428571429
"G[0,0](((Pt_InsGov >= 0.254 -> Triglyc >= 63.647) & Pt_A1cGoalLevelDsYr5 <= 101.125) -> DirectLDL <= 88.371)
",52.061,62.336,0.000,1.000,0.000,3,0,1,0,3,1,4,0,1.0,0.0,1.0,0.75,0.8571428571428571,0.1428571428571429
"G[0,0]((TotalDailyInsPerKg <= 0.721 -> TotalDailyInsPerKg <= 0.597) | bmiZscore <= 0.217)
",41.983,34.279,0.000,1.000,0.000,3,0,1,0,3,1,4,0,1.0,0.0,1.0,0.75,0.8571428571428571,0.1428571428571429
"G[0,0]((Pt_GrandchildT1D <= 0.000 & DirectLDL >= 0.000) & Pt_MotherT1D >= 0.000)
",0.000,0.000,0.000,1.000,0.000,3,0,1,0,3,1,4,0,1.0,0.0,1.0,0.75,0.8571428571428571,0.1428571428571429
"G[0,0](Pt_SiblingT1D <= 0.000 | HbA1c >= 8.298)
",0.000,0.000,0.000,1.000,0.000,3,0,1,0,3,1,4,0,1.0,0.0,1.0,0.75,0.8571428571428571,0.1428571428571429
"G[0,0](((Pt_ChildT1D <= 0.000 | Pt_ChildT1D <= 0.000) | SMBGperDayPtMeterCombo >= 0.000) | GFR >= 0.000)
",9.192,65.000,0.000,1.000,0.000,3,0,1,0,3,1,4,0,1.0,0.0,1.0,0.75,0.8571428571428571,0.1428571428571429
"G[0,0]((WeightKg >= 71.510 | bmi >= 31.333) -> UnitsInsBasalOrLongAct <= 17.524)
",-17.524,-17.524,0.000,1.000,0.000,3,0,1,0,3,1,4,0,1.0,0.0,1.0,0.75,0.8571428571428571,0.1428571428571429
"G[0,1]((GFR <= 42.473 & Pt_InsGov >= 0.225) -> LDL <= 0.571)
",9999999.000,9999999.000,0.000,1.000,0.000,2,1,0,1,3,1,2,2,0.6666666666666666,1.0,0.0,1.0,0.8571428571428571,0.1428571428571429
"G[0,0](HbA1c <= 8.984 | HDL >= 61.434)
",2.748,20.566,0.000,1.000,0.000,3,0,1,0,3,1,4,0,1.0,0.0,1.0,0.75,0.8571428571428571,0.1428571428571429
"G[0,0](GFR <= 31.039 -> BUN >= 14.763)
",-3.336,-76.570,0.000,1.000,0.000,3,0,1,0,3,1,4,0,1.0,0.0,1.0,0.75,0.8571428571428571,0.1428571428571429
"G[0,1](bmi <= 32.487 -> TSH >= 0.543)
",9999999.000,9999999.000,0.000,1.000,0.000,2,0,2,0,2,2,4,0,1.0,0.0,1.0,0.5,0.5714285714285714,0.4285714285714286
"G[0,1](((GFR >= 16.144 & TotalDailyInsPerKg >= 0.039) & BldPrDia <= 0.207) -> DirectLDL <= 0.447)
",9999999.000,9999999.000,0.000,1.000,0.000,2,0,2,0,2,2,4,0,1.0,0.0,1.0,0.5,0.5714285714285714,0.4285714285714286
"G[1,1]((BGTestAvgNumPtRep <= 4.279 & TotChol <= 220.367) | Pt_A1cGoalLev <= 185.435)
",185.435,185.435,0.000,1.000,0.000,2,0,2,0,2,2,4,0,1.0,0.0,1.0,0.5,0.5714285714285714,0.4285714285714286
"G[1,1](BldPrDia >= 56.518 & HDL <= 68.828)
",-56.518,-56.518,0.000,1.000,0.000,2,0,2,0,2,2,4,0,1.0,0.0,1.0,0.5,0.5714285714285714,0.4285714285714286
"G[0,1](((LDL >= 64.862 | UnitsInsBasalOrLongAct <= 21.029) | LDL >= 10.223) -> WeightKg >= 1.132)
",9999999.000,9999999.000,0.000,1.000,0.000,2,0,2,0,2,2,4,0,1.0,0.0,1.0,0.5,0.5714285714285714,0.4285714285714286
"G[0,0](((BGTestAvgNumMeter >= 1.106 | TotalDailyInsPerKg <= 0.532) & BGTestAvgNumMeter <= 0.703) & WeightKg >= 0.078)
",-0.808,-8.837,0.000,1.000,0.000,2,0,1,1,3,1,3,1,0.6666666666666666,0.0,1.0,0.6666666666666666,0.5714285714285714,0.4285714285714286
"G[0,1](((Pt_InsGov >= 0.270 -> WeightKg >= 74.815) -> Pt_A1cGoalLev <= 75.022) | Pt_ChildT1D <= 75.675)
",9999999.000,9999999.000,0.000,1.000,0.000,2,0,2,0,2,2,4,0,1.0,0.0,1.0,0.5,0.5714285714285714,0.4285714285714286
"G[0,1](((BGTestAvgNumPtRep <= 4.279 & HbA1cImputeDtMnC >= 8.705) | Pt_MotherT1D <= 48.359) & Pt_CGMUseNumDays <= 52.178)
",9999999.000,9999999.000,0.000,1.000,0.000,2,0,2,0,2,2,4,0,1.0,0.0,1.0,0.5,0.5714285714285714,0.4285714285714286
"G[0,1](((HbA1cImputeDtMnC <= 63.202 & HDL <= 70.518) | HDL >= 62.355) -> AutonomicNeuroCl <= 69.218)
",9999999.000,9999999.000,0.000,1.000,0.000,2,0,2,0,2,2,4,0,1.0,0.0,1.0,0.5,0.5714285714285714,0.4285714285714286
"G[0,1](((AlbCreatRat_mggNew >= 0.458 | HbA1cImputeDtMnC >= 9.528) | AlbCreatRat_mggNew <= 63.009) -> GFR >= 2.599)
",9999999.000,9999999.000,0.000,1.000,0.000,1,1,0,2,3,1,1,3,0.3333333333333333,1.0,0.0,1.0,0.5714285714285714,0.4285714285714286
"G[1,1]((HDL <= 66.501 | NumPumpBolusOrShortAct >= 0.403) | Pt_DKAFlg <= 1.657)
",66.501,66.501,0.000,1.000,0.000,2,0,2,0,2,2,4,0,1.0,0.0,1.0,0.5,0.5714285714285714,0.4285714285714286
"G[0,1](((bmiZscore <= 0.596 -> HbA1c <= 9.800) | AlbCreatRat_mggNew <= 9.704) | Pt_DKAFlg <= 9.684)
",9999999.000,9999999.000,0.000,1.000,0.000,2,0,2,0,2,2,4,0,1.0,0.0,1.0,0.5,0.5714285714285714,0.4285714285714286
"G[0,1]((BldPrSys >= 115.845 | bmi >= 31.139) | GFR >= 31.258)
",9999999.000,9999999.000,0.000,1.000,0.000,2,0,2,0,2,2,4,0,1.0,0.0,1.0,0.5,0.5714285714285714,0.4285714285714286
"G[1,1](((age >= 69.799 & Triglyc <= 88.344) | Pt_DKAFlg <= 98.853) -> BGTestAvgNumMeter <= 89.062)
",-6956160990828717.000,-98.853,0.000,1.000,0.000,2,0,2,0,2,2,4,0,1.0,0.0,1.0,0.5,0.5714285714285714,0.4285714285714286
"G[1,1](((BGTestAvgNumMeter >= 0.260 & GFR <= 39.644) -> SMBGperDayPtMeterCombo <= 25.293) | age <= 39.474)
",39.474,39.474,0.000,1.000,0.000,2,0,2,0,2,2,4,0,1.0,0.0,1.0,0.5,0.5714285714285714,0.4285714285714286
"G[0,1]((HbA1c <= 8.891 -> TotChol <= 169.547) -> GFR <= 220.972)
",9999999.000,9999999.000,0.000,1.000,0.000,2,0,2,0,2,2,4,0,1.0,0.0,1.0,0.5,0.5714285714285714,0.4285714285714286
"G[1,1](((GFR <= 48.138 -> Pt_InsGov <= 0.523) & HDL >= 0.231) & bmiZscore >= 0.110)
",-6774754078539533.000,-48.138,0.000,1.000,0.000,2,0,2,0,2,2,4,0,1.0,0.0,1.0,0.5,0.5714285714285714,0.4285714285714286
"G[0,1](Pt_SiblingT1D >= 0.000 | Pt_MotherT1D <= 0.000)
",9999999.000,9999999.000,0.000,1.000,0.000,2,0,2,0,2,2,4,0,1.0,0.0,1.0,0.5,0.5714285714285714,0.4285714285714286
"G[1,1](TotalDailyInsPerKg >= 0.132 -> Pt_A1cGoalLevelDsYr5 >= 0.000)
",0.000,0.000,0.000,1.000,0.000,2,0,2,0,2,2,4,0,1.0,0.0,1.0,0.5,0.5714285714285714,0.4285714285714286
"G[0,0](((HeightCm <= 154.320 & TotChol <= 211.359) | BldPrDia >= 160.427) | Pt_GrandparentT1D >= 164.302)
",35.970,79.931,0.000,1.000,0.000,2,0,1,1,3,1,3,1,0.6666666666666666,0.0,1.0,0.6666666666666666,0.5714285714285714,0.4285714285714286
"G[1,1](((SMBGperDayPtMeterCombo <= 4.250 | BldPrDia >= 58.938) -> BUN <= 65.868) | diabDur >= 60.223)
",-60.223,-60.223,0.000,1.000,0.000,2,0,2,0,2,2,4,0,1.0,0.0,1.0,0.5,0.5714285714285714,0.4285714285714286
"G[1,1](((DirectLDL <= 0.000 | Pt_GrandchildT1D <= 0.000) & BldPrSys >= 0.000) -> HDL >= 0.000)
",0.000,0.000,0.000,1.000,0.000,2,0,2,0,2,2,4,0,1.0,0.0,1.0,0.5,0.5714285714285714,0.4285714285714286
"G[1,1]((TotChol <= 218.467 & BldPrDia >= 57.993) | TSH <= 75.536)
",75.536,75.536,0.000,1.000,0.000,2,0,2,0,2,2,4,0,1.0,0.0,1.0,0.5,0.5714285714285714,0.4285714285714286
"G[0,1](HeightCm >= 152.396 | BUN <= 25.523)
",9999999.000,9999999.000,0.000,1.000,0.000,2,0,2,0,2,2,4,0,1.0,0.0,1.0,0.5,0.5714285714285714,0.4285714285714286
"G[0,1](((Pt_CGMUseNumDays >= 0.000 | bmiPerc >= 0.000) -> diagAgeCombo >= 0.000) & Pt_CGMUseNumDays <= 0.000)
",9999999.000,9999999.000,0.000,1.000,0.000,2,0,2,0,2,2,4,0,1.0,0.0,1.0,0.5,0.5714285714285714,0.4285714285714286
"G[0,1](((LDL >= 77.129 & AlbCreatRat_mggNew <= 1.511) & LDL <= 3.335) -> TotChol >= 0.137)
",9999999.000,9999999.000,0.000,1.000,0.000,2,0,2,0,2,2,4,0,1.0,0.0,1.0,0.5,0.5714285714285714,0.4285714285714286
"G[1,1](((Pt_SiblingT1D <= 0.000 -> bmi >= 29.226) & BUN >= 29.923) -> TSH <= 33.114)
",-33.114,-33.114,0.000,1.000,0.000,2,0,2,0,2,2,4,0,1.0,0.0,1.0,0.5,0.5714285714285714,0.4285714285714286
"G[0,1]((bmiZscore >= 0.291 | BldPrSys >= 106.315) -> Pt_MotherT1D <= 124.190)
",9999999.000,9999999.000,0.000,1.000,0.000,2,0,2,0,2,2,4,0,1.0,0.0,1.0,0.5,0.5714285714285714,0.4285714285714286
"G[0,1](((Pt_InsGov <= 0.565 & HDL <= 70.542) & AlbCreatRat_mggNew >= 61.009) -> Pt_A1cGoalLevelDsYr5 >= 60.255)
",9999999.000,9999999.000,0.000,1.000,0.000,2,0,2,0,2,2,4,0,1.0,0.0,1.0,0.5,0.5714285714285714,0.4285714285714286
"G[0,1](Pt_InsGov <= 0.669 | TotChol <= 212.906)
",9999999.000,9999999.000,0.000,1.000,0.000,2,0,2,0,2,2,4,0,1.0,0.0,1.0,0.5,0.5714285714285714,0.4285714285714286
"G[0,1](((BGTestAvgNumPtRep <= 4.658 & Pt_InsGov >= 0.168) | diabDur >= 0.084) & LDL >= 0.027)
",9999999.000,9999999.000,0.000,1.000,0.000,2,0,2,0,2,2,4,0,1.0,0.0,1.0,0.5,0.5714285714285714,0.4285714285714286
"G[0,1]((BldPrDia >= 63.219 | Pt_InsGov <= 0.432) -> Pt_InsGov <= 0.341)
",9999999.000,9999999.000,0.000,1.000,0.000,2,0,1,1,3,1,3,1,0.6666666666666666,0.0,1.0,0.6666666666666666,0.5714285714285714,0.4285714285714286
"G[0,1](((Pt_SHFlg <= 0.143 -> TSH >= 0.602) & BldPrDia >= 0.432) | SMBGperDayPtMeterCombo >= 0.574)
",9999999.000,9999999.000,0.000,1.000,0.000,2,0,2,0,2,2,4,0,1.0,0.0,1.0,0.5,0.5714285714285714,0.4285714285714286
"G[0,1](((NumPumpBolusOrShortAct <= 2.288 | NumPumpBolusOrShortAct >= 0.776) | Pt_ChildT1D <= 4.237) & TSH <= 2.248)
",9999999.000,9999999.000,0.000,1.000,0.000,2,0,2,0,2,2,4,0,1.0,0.0,1.0,0.5,0.5714285714285714,0.4285714285714286
"G[0,1]((LDL >= 81.061 | WeightKg <= 77.336) -> Pt_MotherT1D <= 77.055)
",9999999.000,9999999.000,0.000,1.000,0.000,2,0,2,0,2,2,4,0,1.0,0.0,1.0,0.5,0.5714285714285714,0.4285714285714286
"G[0,1](Pt_ChildT1D < 0.000 -> Pt_SHFlg = 0.761)
",9999999.000,9999999.000,0.000,1.000,0.000,2,0,2,0,2,2,4,0,1.0,0.0,1.0,0.5,0.5714285714285714,0.4285714285714286
"G[0,1](((bmi <= 32.421 | LDL <= 109.989) | Pt_GrandchildT1D <= 118.594) -> Triglyc >= 65.919)
",9999999.000,9999999.000,0.000,1.000,0.000,1,1,1,1,2,2,2,2,0.5,0.5,0.5,0.5,0.5714285714285714,0.4285714285714286
"G[0,0](HbA1cImputeDtMnC <= 46.162 -> Pt_SHFlg = 0.025)
",-23.774,-44.828,0.000,1.000,0.000,1,1,0,2,3,1,1,3,0.3333333333333333,1.0,0.0,1.0,0.5714285714285714,0.4285714285714286
"G[0,1]((BGTestAvgNumMeter >= 0.648 & HeightCm <= 155.901) -> LDL <= 154.836)
",9999999.000,9999999.000,0.000,1.000,0.000,2,0,2,0,2,2,4,0,1.0,0.0,1.0,0.5,0.5714285714285714,0.4285714285714286
"G[0,1](((AlbCreatRat_mggNew >= 0.317 | NumPumpBolusOrShortAct >= 0.355) & age >= 0.552) | HeightCm >= 0.384)
",9999999.000,9999999.000,0.000,1.000,0.000,2,0,2,0,2,2,4,0,1.0,0.0,1.0,0.5,0.5714285714285714,0.4285714285714286
"G[0,2]((diabDur >= 31.214 | HeightCm <= 155.776) -> Pt_CGMUseNumDays >= 150.303)
",9999999.000,9999999.000,0.000,1.000,0.000,0,1,0,3,3,1,0,4,0.0,1.0,0.0,0.0,0.2857142857142857,0.7142857142857143
"G[0,1](BldPrSys <= 131.775 -> bmiZscore >= 0.247)
",9999999.000,9999999.000,0.000,1.000,0.000,1,0,2,1,2,2,3,1,0.5,0.0,1.0,0.3333333333333333,0.2857142857142857,0.7142857142857143
"G[0,2](SMBGperDayPtMeterCombo >= 4.127 -> Pt_SHFlg = 0.943)
",9999999.000,9999999.000,0.000,1.000,0.000,0,1,3,0,0,4,3,1,0.0,0.25,0.75,0.0,0.2857142857142857,0.7142857142857143
"G[0,2]((bmiZscore <= 0.677 -> SMBGperDayPtMeterCombo >= 4.019) -> GFR >= 4.109)
",9999999.000,9999999.000,0.000,1.000,0.000,0,1,2,1,1,3,2,2,0.0,0.3333333333333333,0.6666666666666666,0.0,0.2857142857142857,0.7142857142857143
"G[1,1]((WeightKg >= 71.346 | bmi >= 28.618) -> UnitsInsBasalOrLongAct <= 28.201)
",-28.201,-28.201,0.000,1.000,0.000,1,0,2,1,2,2,3,1,0.5,0.0,1.0,0.3333333333333333,0.2857142857142857,0.7142857142857143
"G[1,1](((BUN <= 24.669 -> TSH <= 0.824) -> WeightKg <= 1.109) & bmiPerc <= 0.971)
",-1.109,-1.109,0.000,1.000,0.000,0,1,1,2,2,2,1,3,0.0,0.5,0.5,0.0,0.2857142857142857,0.7142857142857143
"G[1,1](GFR <= 30.305 -> BUN >= 11.374)
",-30.305,-30.305,0.000,1.000,0.000,1,0,2,1,2,2,3,1,0.5,0.0,1.0,0.3333333333333333,0.2857142857142857,0.7142857142857143
"G[0,2](((bmiZscore <= 0.791 | NumPumpBolusOrShortAct <= 4.948) | Pt_FatherT1D >= 0.646) -> DirectLDL >= 0.133)
",9999999.000,9999999.000,0.000,1.000,0.000,0,1,0,3,3,1,0,4,0.0,1.0,0.0,0.0,0.2857142857142857,0.7142857142857143
"G[0,1](SMBGperDayPtMeterCombo >= 4.075 & BGTestAvgNumPtRep >= 4.128)
",9999999.000,9999999.000,0.000,1.000,0.000,0,1,0,3,3,1,0,4,0.0,1.0,0.0,0.0,0.2857142857142857,0.7142857142857143
"G[0,2]((BldPrDia <= 74.048 -> bmiZscore >= 0.302) & HDL <= 0.589)
",9999999.000,9999999.000,0.000,1.000,0.000,0,1,0,3,3,1,0,4,0.0,1.0,0.0,0.0,0.2857142857142857,0.7142857142857143
"G[0,1](GFR <= 27.485 -> BUN >= 7.478)
",9999999.000,9999999.000,0.000,1.000,0.000,1,0,2,1,2,2,3,1,0.5,0.0,1.0,0.3333333333333333,0.2857142857142857,0.7142857142857143
"G[0,2]((BGTestAvgNumPtRep >= 4.081 | HeightCm <= 154.523) & BGTestAvgNumPtRep >= 152.861)
",9999999.000,9999999.000,0.000,1.000,0.000,0,1,0,3,3,1,0,4,0.0,1.0,0.0,0.0,0.2857142857142857,0.7142857142857143
"G[1,1](diabDur <= 35.588 & Pt_SHFlg = 0.343)
",-0.343,-0.343,0.000,1.000,0.000,0,1,1,2,2,2,1,3,0.0,0.5,0.5,0.0,0.2857142857142857,0.7142857142857143
"G[0,1](HbA1c >= 7.658 -> HbA1cImputeDtMnC <= 51.959)
",9999999.000,9999999.000,0.000,1.000,0.000,1,0,1,2,3,1,2,2,0.3333333333333333,0.0,1.0,0.5,0.2857142857142857,0.7142857142857143
"G[1,2]((age <= 71.153 & bmi <= 33.041) | HbA1cImputeDtMnC >= 29.854)
",9999999.000,9999999.000,0.000,1.000,0.000,0,1,3,0,0,4,3,1,0.0,0.25,0.75,0.0,0.2857142857142857,0.7142857142857143
"G[1,2]((NumPumpBolusOrShortAct >= 0.144 & TotalDailyInsPerKg <= 0.781) & Pt_GrandparentT1D <= 0.174)
",9999999.000,9999999.000,0.000,1.000,0.000,0,1,2,1,1,3,2,2,0.0,0.3333333333333333,0.6666666666666666,0.0,0.2857142857142857,0.7142857142857143
"G[1,2](((HeightCm <= 156.150 | Triglyc >= 47.810) & Triglyc <= 106.456) & TotalDailyInsPerKg >= 57.428)
",9999999.000,9999999.000,0.000,1.000,0.000,0,1,1,2,2,2,1,3,0.0,0.5,0.5,0.0,0.2857142857142857,0.7142857142857143
"G[0,1]((age <= 72.036 & Pt_InsGov >= 0.182) & diagAgeCombo <= 0.542)
",9999999.000,9999999.000,0.000,1.000,0.000,0,1,0,3,3,1,0,4,0.0,1.0,0.0,0.0,0.2857142857142857,0.7142857142857143
"G[0,1]((HeightCm >= 152.432 -> TSH >= 0.193) & AlbCreatRat_mggNew >= 0.067)
",9999999.000,9999999.000,0.000,1.000,0.000,0,1,0,3,3,1,0,4,0.0,1.0,0.0,0.0,0.2857142857142857,0.7142857142857143
"G[0,1](GFR <= 24.343 -> BUN >= 14.185)
",9999999.000,9999999.000,0.000,1.000,0.000,1,0,2,1,2,2,3,1,0.5,0.0,1.0,0.3333333333333333,0.2857142857142857,0.7142857142857143
"G[0,1](GFR <= 33.250 -> BUN >= 13.281)
",9999999.000,9999999.000,0.000,1.000,0.000,1,0,2,1,2,2,3,1,0.5,0.0,1.0,0.3333333333333333,0.2857142857142857,0.7142857142857143
"G[0,2](BldPrSys >= 112.266 | UnitsInsBasalOrLongAct >= 6.319)
",9999999.000,9999999.000,0.000,1.000,0.000,0,1,2,1,1,3,2,2,0.0,0.3333333333333333,0.6666666666666666,0.0,0.2857142857142857,0.7142857142857143
"G[0,2](((age <= 71.133 -> HbA1c >= 8.508) -> Pt_CGMUseNumDays <= 10.024) & Pt_SHFlg >= 7.917)
",9999999.000,9999999.000,0.000,1.000,0.000,0,1,0,3,3,1,0,4,0.0,1.0,0.0,0.0,0.2857142857142857,0.7142857142857143
"G[0,1]((TSH <= 0.770 | GFR >= 1.515) & BldPrDia <= 53.692)
",9999999.000,9999999.000,0.000,1.000,0.000,0,1,0,3,3,1,0,4,0.0,1.0,0.0,0.0,0.2857142857142857,0.7142857142857143
"G[0,2]((BUN >= 5.069 | Pt_InsGov <= 0.336) & GFR >= 0.170)
",9999999.000,9999999.000,0.000,1.000,0.000,0,1,1,2,2,2,1,3,0.0,0.5,0.5,0.0,0.2857142857142857,0.7142857142857143
"G[0,2](((BldPrDia >= 59.351 & HeightCm <= 156.309) & Pt_DKAFlg >= 151.938) & bmiPerc >= 151.150)
",9999999.000,9999999.000,0.000,1.000,0.000,0,1,0,3,3,1,0,4,0.0,1.0,0.0,0.0,0.2857142857142857,0.7142857142857143
"G[0,1](((BldPrSys >= 111.197 -> TSH <= 0.936) -> GFR <= 1.099) & Pt_A1cGoalLev >= 0.479)
",9999999.000,9999999.000,0.000,1.000,0.000,0,1,0,3,3,1,0,4,0.0,1.0,0.0,0.0,0.2857142857142857,0.7142857142857143
"G[0,2](((TotChol >= 160.642 -> LDL >= 69.728) & HbA1c >= 76.140) & bmiPerc <= 106.139)
",9999999.000,9999999.000,0.000,1.000,0.000,0,1,0,3,3,1,0,4,0.0,1.0,0.0,0.0,0.2857142857142857,0.7142857142857143
"G[1,1]((bmi <= 33.090 | WeightKg >= 73.048) & Pt_CGMUseNumDays >= 73.570)
",-73.570,-73.570,0.000,1.000,0.000,0,1,1,2,2,2,1,3,0.0,0.5,0.5,0.0,0.2857142857142857,0.7142857142857143
"G[0,1](age <= 72.812 -> Pt_SHFlg = 0.560)
",9999999.000,9999999.000,0.000,1.000,0.000,0,1,1,2,2,2,1,3,0.0,0.5,0.5,0.0,0.2857142857142857,0.7142857142857143
"G[0,2]((Pt_GrandchildT1D <= 0.000 -> Pt_A1cGoalLevelDsYr5 <= 0.000) -> TotChol <= 0.000)
",9999999.000,9999999.000,0.000,1.000,0.000,0,1,0,3,3,1,0,4,0.0,1.0,0.0,0.0,0.2857142857142857,0.7142857142857143
"G[0,1](SMBGperDayPtMeterCombo >= 4.043 & BGTestAvgNumPtRep >= 4.082)
",9999999.000,9999999.000,0.000,1.000,0.000,0,1,0,3,3,1,0,4,0.0,1.0,0.0,0.0,0.2857142857142857,0.7142857142857143
"G[0,0]((TSH >= 0.487 & AlbCreatRat_mggNew >= 0.517) & Pt_ChildT1D >= 0.122)
",-1.364,-0.254,0.000,1.000,0.000,0,1,0,3,3,1,0,4,0.0,1.0,0.0,0.0,0.2857142857142857,0.7142857142857143
"G[0,1](HbA1cImputeDtMnC >= 4.513 -> TotChol <= 189.812)
",9999999.000,9999999.000,0.000,1.000,0.000,1,0,2,1,2,2,3,1,0.5,0.0,1.0,0.3333333333333333,0.2857142857142857,0.7142857142857143
"G[1,1]((bmiPerc <= 0.000 -> HeightCm <= 155.723) & HbA1cImputeDtMnC >= 151.298)
",-155.723,-155.723,0.000,1.000,0.000,0,1,1,2,2,2,1,3,0.0,0.5,0.5,0.0,0.2857142857142857,0.7142857142857143
"G[0,2]((bmi <= 32.907 & UnitsInsBasalOrLongAct <= 12.067) & Pt_InsGov <= 13.724)
",9999999.000,9999999.000,0.000,1.000,0.000,0,1,0,3,3,1,0,4,0.0,1.0,0.0,0.0,0.2857142857142857,0.7142857142857143
"G[0,2]((Triglyc >= 50.253 | HbA1c <= 9.083) -> age <= 9.192)
",9999999.000,9999999.000,0.000,1.000,0.000,0,1,0,3,3,1,0,4,0.0,1.0,0.0,0.0,0.2857142857142857,0.7142857142857143
"G[0,2](HeightCm >= 151.733 -> LDL >= 67.176)
",9999999.000,9999999.000,0.000,1.000,0.000,0,1,3,0,0,4,3,1,0.0,0.25,0.75,0.0,0.2857142857142857,0.7142857142857143
"G[0,2](((SMBGperDayPtMeterCombo >= 4.107 | Triglyc >= 57.826) -> GFR >= 82.559) & Triglyc <= 98.942)
",9999999.000,9999999.000,0.000,1.000,0.000,0,1,0,3,3,1,0,4,0.0,1.0,0.0,0.0,0.2857142857142857,0.7142857142857143
"G[0,0](Triglyc <= 106.570 | NumPumpBolusOrShortAct >= 0.831)
",-1.056,-0.498,0.000,1.000,0.000,1,0,1,2,3,1,2,2,0.3333333333333333,0.0,1.0,0.5,0.2857142857142857,0.7142857142857143
"G[0,2]((TotalDailyInsPerKg >= 0.048 & HDL >= 61.518) -> Pt_InsGov >= 61.550)
",9999999.000,9999999.000,0.000,1.000,0.000,0,1,2,1,1,3,2,2,0.0,0.3333333333333333,0.6666666666666666,0.0,0.2857142857142857,0.7142857142857143
"G[0,2]((GFR >= 4.219 & HbA1c <= 9.028) & Pt_GrandparentT1D <= 9.144)
",9999999.000,9999999.000,0.000,1.000,0.000,0,1,0,3,3,1,0,4,0.0,1.0,0.0,0.0,0.2857142857142857,0.7142857142857143
"G[1,1]((bmi >= 28.931 & bmiZscore <= 0.646) & Pt_InsGov >= 0.132)
",-28.931,-28.931,0.000,1.000,0.000,0,1,1,2,2,2,1,3,0.0,0.5,0.5,0.0,0.2857142857142857,0.7142857142857143
"G[1,2]((Pt_MotherT1D >= 0.000 | Pt_SHFlg >= 0.013) -> diabDur <= 0.785)
",9999999.000,9999999.000,0.000,1.000,0.000,0,1,1,2,2,2,1,3,0.0,0.5,0.5,0.0,0.2857142857142857,0.7142857142857143
"G[0,2](SMBGperDayPtMeterCombo >= 4.087 & BGTestAvgNumPtRep >= 4.064)
",9999999.000,9999999.000,0.000,1.000,0.000,0,1,0,3,3,1,0,4,0.0,1.0,0.0,0.0,0.2857142857142857,0.7142857142857143
"G[1,1](GFR <= 36.708 -> BUN >= 7.853)
",-36.708,-36.708,0.000,1.000,0.000,1,0,2,1,2,2,3,1,0.5,0.0,1.0,0.3333333333333333,0.2857142857142857,0.7142857142857143
"G[1,2](((WeightKg >= 71.067 -> TotChol >= 153.851) | HbA1cImputeDtMnC >= 165.108) & DirectLDL <= 189.861)
",9999999.000,9999999.000,0.000,1.000,0.000,0,1,1,2,2,2,1,3,0.0,0.5,0.5,0.0,0.2857142857142857,0.7142857142857143
"G[1,1](GFR <= 55.607 -> BUN >= 4.253)
",-7825960700971387.000,-55.607,0.000,1.000,0.000,1,0,2,1,2,2,3,1,0.5,0.0,1.0,0.3333333333333333,0.2857142857142857,0.7142857142857143
"G[1,1]((Pt_InsGov >= 0.001 -> Pt_CGMUseNumDays <= 0.000) -> BldPrSys <= 0.000)
",0.000,0.000,0.000,1.000,0.000,0,1,1,2,2,2,1,3,0.0,0.5,0.5,0.0,0.2857142857142857,0.7142857142857143
"G[0,1](SMBGperDayPtMeterCombo >= 4.088 & BGTestAvgNumPtRep >= 4.126)
",9999999.000,9999999.000,0.000,1.000,0.000,0,1,0,3,3,1,0,4,0.0,1.0,0.0,0.0,0.2857142857142857,0.7142857142857143
"G[0,1](BldPrDia <= 71.732 -> TotChol <= 174.718)
",9999999.000,9999999.000,0.000,1.000,0.000,1,0,2,1,2,2,3,1,0.5,0.0,1.0,0.3333333333333333,0.2857142857142857,0.7142857142857143
"G[1,1]((Triglyc >= 44.011 -> NumPumpBolusOrShortAct <= 1.551) -> GFR <= 1.680)
",-1.680,-1.680,0.000,1.000,0.000,1,0,2,1,2,2,3,1,0.5,0.0,1.0,0.3333333333333333,0.2857142857142857,0.7142857142857143
"G[0,1]((Triglyc <= 104.796 | bmi <= 32.421) & HbA1cImputeDtMnC <= 32.076)
",9999999.000,9999999.000,0.000,1.000,0.000,0,1,0,3,3,1,0,4,0.0,1.0,0.0,0.0,0.2857142857142857,0.7142857142857143
"G[0,2](SMBGperDayPtMeterCombo >= 4.000 & BGTestAvgNumPtRep >= 4.082)
",9999999.000,9999999.000,0.000,1.000,0.000,0,1,0,3,3,1,0,4,0.0,1.0,0.0,0.0,0.2857142857142857,0.7142857142857143
"G[0,2](((Pt_SiblingT1D >= 0.000 & Pt_SHFlg >= 0.117) | BldPrDia >= 0.079) & TotalDailyInsPerKg >= 0.031)
",9999999.000,9999999.000,0.000,1.000,0.000,0,1,0,3,3,1,0,4,0.0,1.0,0.0,0.0,0.2857142857142857,0.7142857142857143
"G[0,1](GFR <= 38.449 -> BUN >= 9.365)
",9999999.000,9999999.000,0.000,1.000,0.000,1,0,2,1,2,2,3,1,0.5,0.0,1.0,0.3333333333333333,0.2857142857142857,0.7142857142857143
"G[1,1]((HbA1c <= 9.646 | LDL <= 125.953) & DirectLDL >= 78.023)
",-78.023,-78.023,0.000,1.000,0.000,0,1,1,2,2,2,1,3,0.0,0.5,0.5,0.0,0.2857142857142857,0.7142857142857143
"G[1,2](BldPrDia <= 69.414 & WeightKg >= 72.245)
",9999999.000,9999999.000,0.000,1.000,0.000,0,1,2,1,1,3,2,2,0.0,0.3333333333333333,0.6666666666666666,0.0,0.2857142857142857,0.7142857142857143
"G[0,1](((diabDur <= 35.748 | HbA1c <= 9.323) & Pt_CGMUseNumDays <= 9.604) & Pt_CGMUseNumDays >= 8.442)
",9999999.000,9999999.000,0.000,1.000,0.000,0,1,0,3,3,1,0,4,0.0,1.0,0.0,0.0,0.2857142857142857,0.7142857142857143
"G[0,1]((diabDur <= 34.790 & Triglyc <= 103.892) & HbA1c >= 71.462)
",9999999.000,9999999.000,0.000,1.000,0.000,0,1,0,3,3,1,0,4,0.0,1.0,0.0,0.0,0.2857142857142857,0.7142857142857143
"G[0,2]((HDL <= 65.641 | WeightKg <= 77.259) -> Pt_GrandchildT1D >= 74.455)
",9999999.000,9999999.000,0.000,1.000,0.000,0,1,0,3,3,1,0,4,0.0,1.0,0.0,0.0,0.2857142857142857,0.7142857142857143
"G[1,1](Pt_A1cGoalLevelDsYr5 <= 0.000 & Pt_SHFlg = 0.474)
",-0.474,-0.474,0.000,1.000,0.000,0,1,1,2,2,2,1,3,0.0,0.5,0.5,0.0,0.2857142857142857,0.7142857142857143
"G[0,2]((HDL >= 61.279 -> LDL >= 66.384) -> SMBGperDayPtMeterCombo >= 77.433)
",9999999.000,9999999.000,0.000,1.000,0.000,0,1,0,3,3,1,0,4,0.0,1.0,0.0,0.0,0.2857142857142857,0.7142857142857143
"G[0,2](((LDL <= 120.374 -> Triglyc <= 94.773) -> TotChol <= 94.026) & AutonomicNeuroCl <= 102.334)
",9999999.000,9999999.000,0.000,1.000,0.000,0,1,1,2,2,2,1,3,0.0,0.5,0.5,0.0,0.2857142857142857,0.7142857142857143
"G[1,2](((age >= 68.670 | NumPumpBolusOrShortAct <= 3.788) | AlbCreatRat_mggNew >= 0.755) & NumPumpBolusOrShortAct >= 0.462)
",9999999.000,9999999.000,0.000,1.000,0.000,0,1,2,1,1,3,2,2,0.0,0.3333333333333333,0.6666666666666666,0.0,0.2857142857142857,0.7142857142857143
"G[0,2](((UnitsInsBasalOrLongAct >= 10.038 | diabDur <= 34.695) & AutonomicNeuroCl >= 32.789) & diagAgeCombo <= 34.614)
",9999999.000,9999999.000,0.000,1.000,0.000,0,1,0,3,3,1,0,4,0.0,1.0,0.0,0.0,0.2857142857142857,0.7142857142857143
"G[0,1](((HDL <= 68.422 -> TotalDailyInsPerKg >= 0.135) -> HDL <= 0.711) & BUN >= 0.149)
",9999999.000,9999999.000,0.000,1.000,0.000,0,1,1,2,2,2,1,3,0.0,0.5,0.5,0.0,0.2857142857142857,0.7142857142857143
"G[1,2]((AlbCreatRat_mggNew >= 0.314 & WeightKg <= 76.898) & AlbCreatRat_mggNew >= 73.787)
",9999999.000,9999999.000,0.000,1.000,0.000,0,1,1,2,2,2,1,3,0.0,0.5,0.5,0.0,0.2857142857142857,0.7142857142857143
"G[0,1]((HbA1c <= 9.032 & TotalDailyInsPerKg <= 0.172) -> Pt_GrandparentT1D >= 0.040)
",9999999.000,9999999.000,0.000,1.000,0.000,0,1,0,3,3,1,0,4,0.0,1.0,0.0,0.0,0.2857142857142857,0.7142857142857143
"G[0,2](((HeightCm >= 152.590 & TotChol >= 151.136) & BGTestAvgNumPtRep >= 144.029) & diabDur <= 207.594)
",9999999.000,9999999.000,0.000,1.000,0.000,0,1,0,3,3,1,0,4,0.0,1.0,0.0,0.0,0.2857142857142857,0.7142857142857143
"G[1,2]((NumPumpBolusOrShortAct <= 3.569 -> TotChol >= 160.997) & bmiZscore <= 220.593)
",9999999.000,9999999.000,0.000,1.000,0.000,0,1,2,1,1,3,2,2,0.0,0.3333333333333333,0.6666666666666666,0.0,0.2857142857142857,0.7142857142857143
"G[1,2](((BUN <= 20.244 -> BUN >= 11.002) & TotalDailyInsPerKg <= 25.434) -> HeightCm <= 21.354)
",9999999.000,9999999.000,0.000,1.000,0.000,0,1,2,1,1,3,2,2,0.0,0.3333333333333333,0.6666666666666666,0.0,0.2857142857142857,0.7142857142857143
"G[0,2](((bmi >= 30.344 | Pt_InsGov <= 0.295) -> BldPrSys <= 0.936) & TotChol <= 0.287)
",9999999.000,9999999.000,0.000,1.000,0.000,0,1,0,3,3,1,0,4,0.0,1.0,0.0,0.0,0.2857142857142857,0.7142857142857143
"G[0,0](((HbA1cImputeDtMnC <= 62.106 | NumPumpBolusOrShortAct <= 1.411) & DirectLDL >= 0.579) | HeightCm <= 3.689)
",32.229,60.772,0.000,1.000,0.000,0,1,0,3,3,1,0,4,0.0,1.0,0.0,0.0,0.2857142857142857,0.7142857142857143
"G[0,2](((HbA1cImputeDtMnC >= 19.409 & TSH <= 0.825) & Triglyc <= 1.001) & Triglyc >= 0.439)
",9999999.000,9999999.000,0.000,1.000,0.000,0,1,0,3,3,1,0,4,0.0,1.0,0.0,0.0,0.2857142857142857,0.7142857142857143
"G[1,2]((BldPrDia >= 61.371 & HbA1c >= 8.249) & DirectLDL >= 7.983)
",9999999.000,9999999.000,0.000,1.000,0.000,0,1,1,2,2,2,1,3,0.0,0.5,0.5,0.0,0.2857142857142857,0.7142857142857143
"G[1,1](BldPrDia >= 64.921 & Triglyc <= 101.081)
",-64.921,-64.921,0.000,1.000,0.000,0,1,1,2,2,2,1,3,0.0,0.5,0.5,0.0,0.2857142857142857,0.7142857142857143
"G[1,2]((bmi <= 32.955 & HDL >= 60.405) | TSH >= 61.678)
",9999999.000,9999999.000,0.000,1.000,0.000,0,1,1,2,2,2,1,3,0.0,0.5,0.5,0.0,0.2857142857142857,0.7142857142857143
"G[0,0](((GFR >= 8.315 & NumPumpBolusOrShortAct >= 0.408) & diagAgeCombo >= 0.573) & diagAgeCombo <= 2.381)
",-1.057,-22.933,0.000,1.000,0.000,0,1,0,3,3,1,0,4,0.0,1.0,0.0,0.0,0.2857142857142857,0.7142857142857143
"G[0,1]((Pt_GrandparentT1D <= 0.000 -> diabDur <= 34.839) & bmiPerc <= 34.969)
",9999999.000,9999999.000,0.000,1.000,0.000,1,0,1,2,3,1,2,2,0.3333333333333333,0.0,1.0,0.5,0.2857142857142857,0.7142857142857143
"G[0,2]((TotChol >= 158.601 -> TSH <= 1.037) -> AlbCreatRat_mggNew <= 0.974)
",9999999.000,9999999.000,0.000,1.000,0.000,0,1,3,0,0,4,3,1,0.0,0.25,0.75,0.0,0.2857142857142857,0.7142857142857143
"G[1,1](((HeightCm <= 155.996 | UnitsInsBasalOrLongAct >= 3.759) -> bmiPerc >= 8.382) | WeightKg <= 24.248)
",24.248,24.248,0.000,1.000,0.000,0,1,1,2,2,2,1,3,0.0,0.5,0.5,0.0,0.2857142857142857,0.7142857142857143
"G[0,2]((TotalDailyInsPerKg >= 0.155 | Triglyc >= 71.824) & Pt_CGMUseNumDays >= 80.856)
",9999999.000,9999999.000,0.000,1.000,0.000,0,1,0,3,3,1,0,4,0.0,1.0,0.0,0.0,0.2857142857142857,0.7142857142857143
"G[0,2](((HbA1c >= 8.412 | UnitsInsBasalOrLongAct >= 3.950) -> WeightKg <= 17.171) -> SMBGperDayPtMeterCombo >= 6.855)
",9999999.000,9999999.000,0.000,1.000,0.000,0,1,3,0,0,4,3,1,0.0,0.25,0.75,0.0,0.2857142857142857,0.7142857142857143
"G[1,2](Pt_A1cGoalLev <= 0.000 -> Pt_SHFlg = 0.160)
",9999999.000,9999999.000,0.000,1.000,0.000,0,1,1,2,2,2,1,3,0.0,0.5,0.5,0.0,0.2857142857142857,0.7142857142857143
"G[1,2](BldPrDia >= 54.475 & LDL >= 69.955)
",9999999.000,9999999.000,0.000,1.000,0.000,0,1,3,0,0,4,3,1,0.0,0.25,0.75,0.0,0.2857142857142857,0.7142857142857143
"G[1,1](((BUN <= 18.996 | LDL >= 76.863) & BldPrDia >= 70.590) & bmi <= 138.371)
",-70.590,-70.590,0.000,1.000,0.000,0,1,1,2,2,2,1,3,0.0,0.5,0.5,0.0,0.2857142857142857,0.7142857142857143
"G[0,2]((BldPrDia <= 74.246 & TotChol <= 196.863) & Pt_CGMUseNumDays >= 164.090)
",9999999.000,9999999.000,0.000,1.000,0.000,0,1,0,3,3,1,0,4,0.0,1.0,0.0,0.0,0.2857142857142857,0.7142857142857143
"G[0,1](((BGTestAvgNumMeter <= 1.429 | SMBGperDayPtMeterCombo <= 4.144) & Pt_ChildT1D <= 4.866) -> Pt_A1cGoalLev >= 4.107)
",9999999.000,9999999.000,0.000,1.000,0.000,0,1,0,3,3,1,0,4,0.0,1.0,0.0,0.0,0.2857142857142857,0.7142857142857143
"G[0,1](TSH >= 0.142 & Pt_SHFlg = 0.188)
",9999999.000,9999999.000,0.000,1.000,0.000,0,1,0,3,3,1,0,4,0.0,1.0,0.0,0.0,0.2857142857142857,0.7142857142857143
"G[1,1](TotChol >= 142.071 & Pt_SHFlg = 0.994)
",-142.071,-142.071,0.000,1.000,0.000,0,1,1,2,2,2,1,3,0.0,0.5,0.5,0.0,0.2857142857142857,0.7142857142857143
"G[0,2](diabDur >= 32.423 & bmi <= 32.498)
",9999999.000,9999999.000,0.000,1.000,0.000,0,1,1,2,2,2,1,3,0.0,0.5,0.5,0.0,0.2857142857142857,0.7142857142857143
"G[1,1](SMBGperDayPtMeterCombo >= 4.042 & BGTestAvgNumPtRep >= 4.046)
",-4.046,-4.046,0.000,1.000,0.000,0,1,1,2,2,2,1,3,0.0,0.5,0.5,0.0,0.2857142857142857,0.7142857142857143
"G[0,1](LDL >= 84.053 -> Pt_InsGov >= 0.065)
",9999999.000,9999999.000,0.000,1.000,0.000,1,0,2,1,2,2,3,1,0.5,0.0,1.0,0.3333333333333333,0.2857142857142857,0.7142857142857143
"G[1,2](bmiZscore <= 0.559 & TSH >= 0.456)
",9999999.000,9999999.000,0.000,1.000,0.000,0,1,2,1,1,3,2,2,0.0,0.3333333333333333,0.6666666666666666,0.0,0.2857142857142857,0.7142857142857143
"G[1,2](((HbA1cImputeDtMnC >= 6.631 & GFR >= 9.895) & TotChol >= 22.722) & Pt_InsGov <= 50.768)
",9999999.000,9999999.000,0.000,1.000,0.000,0,1,2,1,1,3,2,2,0.0,0.3333333333333333,0.6666666666666666,0.0,0.2857142857142857,0.7142857142857143
"G[1,1](bmi >= 30.389 & NumPumpBolusOrShortAct <= 3.149)
",-8553790080358251.000,-30.389,0.000,1.000,0.000,1,0,2,1,2,2,3,1,0.5,0.0,1.0,0.3333333333333333,0.2857142857142857,0.7142857142857143
"G[0,1](((BUN >= 9.820 -> GFR >= 15.479) | Pt_SiblingT1D >= 10.819) -> GFR >= 4.407)
",9999999.000,9999999.000,0.000,1.000,0.000,1,0,2,1,2,2,3,1,0.5,0.0,1.0,0.3333333333333333,0.2857142857142857,0.7142857142857143
"G[0,2](((bmi <= 32.222 & Triglyc >= 79.359) -> GFR >= 84.059) -> AutonomicNeuroCl >= 77.629)
",9999999.000,9999999.000,0.000,1.000,0.000,0,1,1,2,2,2,1,3,0.0,0.5,0.5,0.0,0.2857142857142857,0.7142857142857143
"G[1,2](TotalDailyInsPerKg <= 0.625 & Pt_SHFlg = 0.809)
",9999999.000,9999999.000,0.000,1.000,0.000,0,1,1,2,2,2,1,3,0.0,0.5,0.5,0.0,0.2857142857142857,0.7142857142857143
"G[0,1](bmiZscore >= 0.250 -> Pt_SHFlg = 1.000)
",9999999.000,9999999.000,0.000,1.000,0.000,0,1,0,3,3,1,0,4,0.0,1.0,0.0,0.0,0.2857142857142857,0.7142857142857143
"G[0,2](((age >= 68.763 | BldPrSys >= 106.613) | TotChol <= 133.599) | Pt_MotherT1D >= 115.768)
",9999999.000,9999999.000,0.000,1.000,0.000,0,1,3,0,0,4,3,1,0.0,0.25,0.75,0.0,0.2857142857142857,0.7142857142857143
"G[1,2](((WeightKg >= 73.373 -> Pt_ChildT1D <= 0.000) -> bmiZscore >= 0.000) & diabDur >= 0.000)
",9999999.000,9999999.000,0.000,1.000,0.000,0,0,4,0,0,4,4,0,0.0,0.0,1.0,0.0,0.0,1.0
"G[1,2](((SMBGperDayPtMeterCombo >= 4.042 & TotalDailyInsPerKg >= 0.120) | TotChol >= 0.015) | Pt_DKAFlg >= 0.146)
",9999999.000,9999999.000,0.000,1.000,0.000,0,0,4,0,0,4,4,0,0.0,0.0,1.0,0.0,0.0,1.0
"G[2,2](TotalDailyInsPerKg >= 0.074 -> Pt_FatherT1D >= 0.000)
",0.000,0.000,0.000,1.000,0.000,0,0,4,0,0,4,4,0,0.0,0.0,1.0,0.0,0.0,1.0
"G[2,2](((TotChol <= 211.724 | LDL <= 88.882) | BGTestAvgNumMeter <= 111.718) -> BGTestAvgNumMeter >= 83.107)
",-211.724,-211.724,0.000,1.000,0.000,0,0,4,0,0,4,4,0,0.0,0.0,1.0,0.0,0.0,1.0
"G[1,2](Pt_InsGov <= 0.961 & Pt_MotherT1D <= 0.000)
",9999999.000,9999999.000,0.000,1.000,0.000,0,0,4,0,0,4,4,0,0.0,0.0,1.0,0.0,0.0,1.0
"G[1,2](((WeightKg >= 71.121 -> Pt_GrandchildT1D >= 0.000) | AutonomicNeuroCl >= 0.000) -> Pt_InsGov <= 0.000)
",9999999.000,9999999.000,0.000,1.000,0.000,0,0,4,0,0,4,4,0,0.0,0.0,1.0,0.0,0.0,1.0
"G[0,2](((DirectLDL >= 0.000 | Pt_SHFlg <= 0.708) | BUN >= 0.008) -> Pt_ChildT1D <= 0.432)
",9999999.000,9999999.000,0.000,1.000,0.000,0,0,4,0,0,4,4,0,0.0,0.0,1.0,0.0,0.0,1.0
"G[1,2](((Pt_GrandchildT1D <= 0.000 & Pt_SiblingT1D <= 0.000) | Pt_A1cGoalLevelDsYr5 >= 0.000) | HDL >= 0.000)
",9999999.000,9999999.000,0.000,1.000,0.000,0,0,4,0,0,4,4,0,0.0,0.0,1.0,0.0,0.0,1.0
"G[0,2]((NumPumpBolusOrShortAct <= 1.368 & DirectLDL >= 0.000) | diabDur >= 0.000)
",9999999.000,9999999.000,0.000,1.000,0.000,0,0,4,0,0,4,4,0,0.0,0.0,1.0,0.0,0.0,1.0
"G[0,2]((Pt_A1cGoalLev <= 0.000 & Pt_FatherT1D <= 0.000) | age <= 0.000)
",9999999.000,9999999.000,0.000,1.000,0.000,0,0,4,0,0,4,4,0,0.0,0.0,1.0,0.0,0.0,1.0
"G[2,2](Pt_GrandchildT1D <= 0.000 | UnitsInsBasalOrLongAct >= 3.108)
",0.000,0.000,0.000,1.000,0.000,0,0,4,0,0,4,4,0,0.0,0.0,1.0,0.0,0.0,1.0
"G[0,2]((WeightKg >= 73.665 | bmi >= 29.020) -> UnitsInsBasalOrLongAct <= 14.760)
",9999999.000,9999999.000,0.000,1.000,0.000,0,0,2,2,2,2,2,2,0.0,0.0,1.0,0.0,0.0,1.0
"G[0,2](((AutonomicNeuroCl <= 0.000 & HDL <= 68.132) -> WeightKg >= 60.333) | HDL <= 67.270)
",9999999.000,9999999.000,0.000,1.000,0.000,0,0,4,0,0,4,4,0,0.0,0.0,1.0,0.0,0.0,1.0
"G[2,2](diabDur <= 35.821 | HDL >= 61.435)
",35.821,35.821,0.000,1.000,0.000,0,0,4,0,0,4,4,0,0.0,0.0,1.0,0.0,0.0,1.0
"G[0,2](UnitsInsBasalOrLongAct >= 6.020 -> WeightKg <= 77.485)
",9999999.000,9999999.000,0.000,1.000,0.000,0,0,4,0,0,4,4,0,0.0,0.0,1.0,0.0,0.0,1.0
"G[2,2](SMBGperDayPtMeterCombo >= 4.014 & BGTestAvgNumPtRep >= 4.034)
",-4.034,-4.034,0.000,1.000,0.000,0,0,4,0,0,4,4,0,0.0,0.0,1.0,0.0,0.0,1.0
"G[1,2]((TotalDailyInsPerKg <= 0.772 | BUN <= 24.374) | Pt_FatherT1D >= 10.087)
",9999999.000,9999999.000,0.000,1.000,0.000,0,0,4,0,0,4,4,0,0.0,0.0,1.0,0.0,0.0,1.0
"G[2,2](WeightKg <= 76.620 & BUN <= 25.426)
",7156916818289557.000,25.426,0.000,1.000,0.000,0,0,4,0,0,4,4,0,0.0,0.0,1.0,0.0,0.0,1.0
"G[0,2]((WeightKg >= 74.140 | bmi >= 31.096) -> UnitsInsBasalOrLongAct <= 23.875)
",9999999.000,9999999.000,0.000,1.000,0.000,0,0,2,2,2,2,2,2,0.0,0.0,1.0,0.0,0.0,1.0
"G[2,2]((diabDur <= 35.150 -> SMBGperDayPtMeterCombo <= 4.591) & bmiPerc >= 4.049)
",-35.150,-35.150,0.000,1.000,0.000,0,0,4,0,0,4,4,0,0.0,0.0,1.0,0.0,0.0,1.0
"G[1,2](((HbA1cImputeDtMnC >= 29.758 & TSH >= 0.209) -> TotalDailyInsPerKg <= 0.769) | Pt_InsGov >= 0.596)
",9999999.000,9999999.000,0.000,1.000,0.000,0,0,4,0,0,4,4,0,0.0,0.0,1.0,0.0,0.0,1.0
"G[1,2](SMBGperDayPtMeterCombo <= 4.541 & bmiZscore >= 0.191)
",9999999.000,9999999.000,0.000,1.000,0.000,0,0,4,0,0,4,4,0,0.0,0.0,1.0,0.0,0.0,1.0
"G[0,2]((TSH >= 0.647 | Pt_A1cGoalLev <= 0.000) | Triglyc <= 0.000)
",9999999.000,9999999.000,0.000,1.000,0.000,0,0,4,0,0,4,4,0,0.0,0.0,1.0,0.0,0.0,1.0
"G[2,2](((TotalDailyInsPerKg <= 0.771 | bmiPerc >= 0.000) | Pt_A1cGoalLevelDsYr5 <= 0.000) -> Pt_CGMUseNumDays <= 0.000)
",-6942111425066181.000,-0.771,0.000,1.000,0.000,0,0,4,0,0,4,4,0,0.0,0.0,1.0,0.0,0.0,1.0
"G[2,2]((WeightKg >= 72.949 | bmi >= 30.914) -> UnitsInsBasalOrLongAct <= 23.750)
",-23.750,-23.750,0.000,1.000,0.000,0,0,4,0,0,4,4,0,0.0,0.0,1.0,0.0,0.0,1.0
"G[0,2](((HbA1c >= 8.181 | BUN >= 3.927) | WeightKg >= 5.907) -> AutonomicNeuroCl <= 23.999)
",9999999.000,9999999.000,0.000,1.000,0.000,0,0,4,0,0,4,4,0,0.0,0.0,1.0,0.0,0.0,1.0
"G[1,2](((bmiZscore >= 0.341 -> LDL <= 98.755) | BldPrSys >= 82.936) | diabDur <= 89.345)
",9999999.000,9999999.000,0.000,1.000,0.000,0,0,4,0,0,4,4,0,0.0,0.0,1.0,0.0,0.0,1.0
"G[0,2](Pt_DKAFlg <= 0.000 -> bmiZscore >= 0.250)
",9999999.000,9999999.000,0.000,1.000,0.000,0,0,3,1,1,3,3,1,0.0,0.0,1.0,0.0,0.0,1.0
"G[1,2](((BUN >= 3.667 -> Triglyc >= 70.917) & age >= 72.224) | Pt_ChildT1D <= 90.704)
",9999999.000,9999999.000,0.000,1.000,0.000,0,0,4,0,0,4,4,0,0.0,0.0,1.0,0.0,0.0,1.0
"G[0,2]((Pt_SiblingT1D >= 0.000 -> bmi >= 31.739) | HeightCm <= 33.024)
",9999999.000,9999999.000,0.000,1.000,0.000,0,0,2,2,2,2,2,2,0.0,0.0,1.0,0.0,0.0,1.0
"G[0,2](((AlbCreatRat_mggNew >= 0.310 | Triglyc >= 83.098) & diagAgeCombo >= 52.253) -> WeightKg >= 71.556)
",9999999.000,9999999.000,0.000,1.000,0.000,0,0,4,0,0,4,4,0,0.0,0.0,1.0,0.0,0.0,1.0
"G[1,2](TotChol <= 172.103 | Pt_FatherT1D >= 0.000)
",9999999.000,9999999.000,0.000,1.000,0.000,0,0,4,0,0,4,4,0,0.0,0.0,1.0,0.0,0.0,1.0
"G[2,2](((Pt_MotherT1D <= 0.000 -> BldPrDia <= 65.516) & Pt_MotherT1D <= 67.307) | Triglyc >= 63.969)
",-9002906588629371.000,-63.969,0.000,1.000,0.000,0,0,4,0,0,4,4,0,0.0,0.0,1.0,0.0,0.0,1.0
"G[0,1]((WeightKg >= 74.039 | bmi >= 29.832) -> UnitsInsBasalOrLongAct <= 13.526)
",9999999.000,9999999.000,0.000,1.000,0.000,0,0,2,2,2,2,2,2,0.0,0.0,1.0,0.0,0.0,1.0
"G[1,2]((BGTestAvgNumPtRep >= 4.141 | TSH <= 0.777) | age <= 1.156)
",9999999.000,9999999.000,0.000,1.000,0.000,0,0,3,1,1,3,3,1,0.0,0.0,1.0,0.0,0.0,1.0
"G[0,2]((Pt_ChildT1D <= 0.000 & Pt_A1cGoalLev >= 0.000) | Pt_DKAFlg <= 0.000)
",9999999.000,9999999.000,0.000,1.000,0.000,0,0,4,0,0,4,4,0,0.0,0.0,1.0,0.0,0.0,1.0
"G[1,2]((WeightKg >= 73.379 | bmi >= 28.969) -> UnitsInsBasalOrLongAct <= 25.017)
",9999999.000,9999999.000,0.000,1.000,0.000,0,0,3,1,1,3,3,1,0.0,0.0,1.0,0.0,0.0,1.0
"G[0,2](Pt_ChildT1D >= 0.000 | TotalDailyInsPerKg <= 0.290)
",9999999.000,9999999.000,0.000,1.000,0.000,0,0,4,0,0,4,4,0,0.0,0.0,1.0,0.0,0.0,1.0
"G[0,0](SMBGperDayPtMeterCombo >= 4.069 & BGTestAvgNumPtRep >= 4.029)
",-0.723,-1.362,0.000,1.000,0.000,0,0,1,3,3,1,1,3,0.0,0.0,1.0,0.0,0.0,1.0
"G[2,2](GFR <= 52.544 -> BUN >= 9.522)
",-52.544,-52.544,0.000,1.000,0.000,0,0,4,0,0,4,4,0,0.0,0.0,1.0,0.0,0.0,1.0
"G[1,2](Pt_ChildT1D >= 0.000 & bmiPerc >= 0.000)
",9999999.000,9999999.000,0.000,1.000,0.000,0,0,4,0,0,4,4,0,0.0,0.0,1.0,0.0,0.0,1.0
"G[1,2]((WeightKg >= 73.352 | bmi >= 31.607) -> UnitsInsBasalOrLongAct <= 24.800)
",9999999.000,9999999.000,0.000,1.000,0.000,0,0,2,2,2,2,2,2,0.0,0.0,1.0,0.0,0.0,1.0
"G[0,1]((HeightCm >= 151.795 -> WeightKg <= 75.079) -> HeightCm <= 77.498)
",9999999.000,9999999.000,0.000,1.000,0.000,0,0,2,2,2,2,2,2,0.0,0.0,1.0,0.0,0.0,1.0
"G[0,2]((HbA1cImputeDtMnC <= 46.559 & UnitsInsBasalOrLongAct <= 27.537) -> HbA1c <= 27.488)
",9999999.000,9999999.000,0.000,1.000,0.000,0,0,4,0,0,4,4,0,0.0,0.0,1.0,0.0,0.0,1.0
"G[2,2]((BldPrDia >= 64.303 -> UnitsInsBasalOrLongAct >= 7.475) & diabDur >= 4.277)
",-4.277,-4.277,0.000,1.000,0.000,0,0,4,0,0,4,4,0,0.0,0.0,1.0,0.0,0.0,1.0
"G[1,2]((Pt_SHFlg >= 0.081 -> TotalDailyInsPerKg <= 0.510) -> DirectLDL <= 0.422)
",9999999.000,9999999.000,0.000,1.000,0.000,0,0,4,0,0,4,4,0,0.0,0.0,1.0,0.0,0.0,1.0
"G[0,2](SMBGperDayPtMeterCombo >= 4.096 | TotalDailyInsPerKg <= 0.663)
",9999999.000,9999999.000,0.000,1.000,0.000,0,0,3,1,1,3,3,1,0.0,0.0,1.0,0.0,0.0,1.0
"G[2,2](((BldPrDia <= 67.749 | GFR <= 51.476) & diagAgeCombo <= 35.709) & Pt_A1cGoalLevelDsYr5 <= 26.683)
",26.683,26.683,0.000,1.000,0.000,0,0,4,0,0,4,4,0,0.0,0.0,1.0,0.0,0.0,1.0
"G[0,2]((BGTestAvgNumMeter <= 3.353 & NumPumpBolusOrShortAct <= 2.031) -> diabDur >= 0.098)
",9999999.000,9999999.000,0.000,1.000,0.000,0,0,4,0,0,4,4,0,0.0,0.0,1.0,0.0,0.0,1.0
"G[1,2]((BldPrDia >= 60.546 -> LDL <= 129.080) | BGTestAvgNumMeter >= 81.734)
",9999999.000,9999999.000,0.000,1.000,0.000,0,0,4,0,0,4,4,0,0.0,0.0,1.0,0.0,0.0,1.0
"G[2,2]((BGTestAvgNumMeter >= 0.258 & TSH <= 0.881) | Pt_SiblingT1D >= 0.553)
",-0.258,-0.258,0.000,1.000,0.000,0,0,4,0,0,4,4,0,0.0,0.0,1.0,0.0,0.0,1.0
"G[2,2](BGTestAvgNumMeter <= 2.858 -> Pt_SHFlg = 0.133)
",-2.858,-2.858,0.000,1.000,0.000,0,0,4,0,0,4,4,0,0.0,0.0,1.0,0.0,0.0,1.0
"G[1,2](bmiZscore >= 0.085 | GFR <= 37.408)
",9999999.000,9999999.000,0.000,1.000,0.000,0,0,4,0,0,4,4,0,0.0,0.0,1.0,0.0,0.0,1.0
"G[1,2](bmiPerc < 0.000 -> Pt_SHFlg = 0.282)
",9999999.000,9999999.000,0.000,1.000,0.000,0,0,4,0,0,4,4,0,0.0,0.0,1.0,0.0,0.0,1.0
"G[2,2]((age <= 70.874 | GFR >= 1.288) -> HbA1cImputeDtMnC <= 50.470)
",-70.874,-70.874,0.000,1.000,0.000,0,0,4,0,0,4,4,0,0.0,0.0,1.0,0.0,0.0,1.0
"G[2,2](BGTestAvgNumPtRep >= 4.091 -> Pt_SHFlg >= 0.066)
",0.066,0.066,0.000,1.000,0.000,0,0,4,0,0,4,4,0,0.0,0.0,1.0,0.0,0.0,1.0
"G[0,2](((BGTestAvgNumMeter >= 0.396 -> Pt_InsGov <= 0.848) -> HeightCm <= 0.939) -> BUN >= 0.127)
",9999999.000,9999999.000,0.000,1.000,0.000,0,0,4,0,0,4,4,0,0.0,0.0,1.0,0.0,0.0,1.0
"G[2,2]((NumPumpBolusOrShortAct <= 4.489 -> Triglyc <= 104.185) & AutonomicNeuroCl >= 62.434)
",-104.185,-104.185,0.000,1.000,0.000,0,0,4,0,0,4,4,0,0.0,0.0,1.0,0.0,0.0,1.0
"G[1,2](HbA1c <= 8.982 | HeightCm <= 155.209)
",9999999.000,9999999.000,0.000,1.000,0.000,0,0,4,0,0,4,4,0,0.0,0.0,1.0,0.0,0.0,1.0
"G[1,2](GFR <= 38.193 -> WeightKg >= 71.421)
",9999999.000,9999999.000,0.000,1.000,0.000,0,0,4,0,0,4,4,0,0.0,0.0,1.0,0.0,0.0,1.0
"G[1,2](((HDL <= 70.230 -> HeightCm <= 154.551) | Triglyc >= 152.845) & Pt_SiblingT1D <= 156.758)
",9999999.000,9999999.000,0.000,1.000,0.000,0,0,3,1,1,3,3,1,0.0,0.0,1.0,0.0,0.0,1.0
"G[1,2](bmiZscore >= 0.437 -> TotalDailyInsPerKg <= 0.398)
",9999999.000,9999999.000,0.000,1.000,0.000,0,0,4,0,0,4,4,0,0.0,0.0,1.0,0.0,0.0,1.0
"G[1,2](((BldPrDia <= 73.823 -> TotalDailyInsPerKg >= 0.140) -> HeightCm >= 0.116) & bmiZscore >= 0.000)
",9999999.000,9999999.000,0.000,1.000,0.000,0,0,4,0,0,4,4,0,0.0,0.0,1.0,0.0,0.0,1.0
"G[2,2](((BldPrSys >= 114.317 & TotalDailyInsPerKg <= 0.697) & Pt_GrandchildT1D <= 0.238) | BldPrSys >= 0.132)
",-0.132,-0.132,0.000,1.000,0.000,0,0,4,0,0,4,4,0,0.0,0.0,1.0,0.0,0.0,1.0
"G[1,2]((HeightCm <= 154.322 -> TotalDailyInsPerKg >= 0.008) | HeightCm >= 0.085)
",9999999.000,9999999.000,0.000,1.000,0.000,0,0,4,0,0,4,4,0,0.0,0.0,1.0,0.0,0.0,1.0
"G[1,2]((HDL <= 65.327 | Triglyc >= 52.595) | WeightKg >= 75.166)
",9999999.000,9999999.000,0.000,1.000,0.000,0,0,4,0,0,4,4,0,0.0,0.0,1.0,0.0,0.0,1.0
"G[0,2]((HeightCm <= 156.135 | LDL >= 79.695) | BldPrDia <= 97.512)
",9999999.000,9999999.000,0.000,1.000,0.000,0,0,4,0,0,4,4,0,0.0,0.0,1.0,0.0,0.0,1.0
"G[1,2](((bmi >= 28.945 & WeightKg >= 71.897) | WeightKg <= 76.686) & bmi <= 76.267)
",9999999.000,9999999.000,0.000,1.000,0.000,0,0,4,0,0,4,4,0,0.0,0.0,1.0,0.0,0.0,1.0
"G[2,2]((BldPrSys <= 124.785 | Triglyc >= 45.703) & HDL >= 86.636)
",-6096449073169077.000,-86.636,0.000,1.000,0.000,0,0,4,0,0,4,4,0,0.0,0.0,1.0,0.0,0.0,1.0
"G[0,2]((HbA1c >= 8.452 & TotChol >= 154.635) -> HDL <= 166.443)
",9999999.000,9999999.000,0.000,1.000,0.000,0,0,4,0,0,4,4,0,0.0,0.0,1.0,0.0,0.0,1.0
"G[2,2](BGTestAvgNumMeter <= 3.175 & BUN <= 21.407)
",3.175,3.175,0.000,1.000,0.000,0,0,4,0,0,4,4,0,0.0,0.0,1.0,0.0,0.0,1.0
"G[1,2](((AlbCreatRat_mggNew >= 0.028 | HDL <= 68.208) & BldPrSys >= 60.132) | TotalDailyInsPerKg >= 61.307)
",9999999.000,9999999.000,0.000,1.000,0.000,0,0,4,0,0,4,4,0,0.0,0.0,1.0,0.0,0.0,1.0
"G[2,2]((BGTestAvgNumMeter <= 1.377 & HbA1cImputeDtMnC <= 62.362) -> BUN <= 57.640)
",-8112044989834907.000,-57.640,0.000,1.000,0.000,0,0,4,0,0,4,4,0,0.0,0.0,1.0,0.0,0.0,1.0
"G[0,2](age <= 72.104 | BUN >= 4.676)
",9999999.000,9999999.000,0.000,1.000,0.000,0,0,4,0,0,4,4,0,0.0,0.0,1.0,0.0,0.0,1.0
"G[1,2](((UnitsInsBasalOrLongAct <= 16.066 | BGTestAvgNumPtRep >= 4.117) | Pt_FatherT1D >= 4.088) | Pt_SiblingT1D >= 4.059)
",9999999.000,9999999.000,0.000,1.000,0.000,0,0,2,2,2,2,2,2,0.0,0.0,1.0,0.0,0.0,1.0
"G[0,2]((Pt_InsGov <= 0.914 -> TSH <= 0.746) | WeightKg <= 0.680)
",9999999.000,9999999.000,0.000,1.000,0.000,0,0,2,2,2,2,2,2,0.0,0.0,1.0,0.0,0.0,1.0
"G[1,2](((Pt_A1cGoalLevelDsYr5 >= 0.000 -> Pt_DKAFlg <= 0.000) | DirectLDL <= 0.000) | bmiPerc <= 0.000)
",9999999.000,9999999.000,0.000,1.000,0.000,0,0,4,0,0,4,4,0,0.0,0.0,1.0,0.0,0.0,1.0
"G[0,2](((HDL >= 62.962 & TotChol <= 210.063) | Pt_ChildT1D >= 148.142) | Pt_DKAFlg <= 219.174)
",9999999.000,9999999.000,0.000,1.000,0.000,0,0,4,0,0,4,4,0,0.0,0.0,1.0,0.0,0.0,1.0
"G[0,2](GFR <= 28.339 -> BUN >= 2.030)
",9999999.000,9999999.000,0.000,1.000,0.000,0,0,3,1,1,3,3,1,0.0,0.0,1.0,0.0,0.0,1.0
"G[1,2](((BldPrDia >= 63.710 | BGTestAvgNumPtRep >= 4.027) & BGTestAvgNumPtRep <= 4.637) & BGTestAvgNumPtRep <= 4.728)
",9999999.000,9999999.000,0.000,1.000,0.000,0,0,2,2,2,2,2,2,0.0,0.0,1.0,0.0,0.0,1.0
"G[2,2](BldPrSys <= 131.634 -> Pt_GrandchildT1D >= 0.000)
",-131.634,-131.634,0.000,1.000,0.000,0,0,4,0,0,4,4,0,0.0,0.0,1.0,0.0,0.0,1.0
"G[0,2]((Pt_ChildT1D >= 0.000 | HeightCm <= 156.974) | Pt_DKAFlg >= 151.576)
",9999999.000,9999999.000,0.000,1.000,0.000,0,0,4,0,0,4,4,0,0.0,0.0,1.0,0.0,0.0,1.0
"G[0,2]((BGTestAvgNumPtRep >= 4.072 | bmiPerc <= 0.000) -> AutonomicNeuroCl <= 0.000)
",9999999.000,9999999.000,0.000,1.000,0.000,0,0,4,0,0,4,4,0,0.0,0.0,1.0,0.0,0.0,1.0
"G[0,2]((NumPumpBolusOrShortAct >= 1.174 | TotalDailyInsPerKg <= 0.301) | age <= 0.220)
",9999999.000,9999999.000,0.000,1.000,0.000,0,0,3,1,1,3,3,1,0.0,0.0,1.0,0.0,0.0,1.0
"G[0,2](((Pt_GrandparentT1D >= 0.000 & GFR >= 3.955) & BGTestAvgNumMeter <= 51.317) -> Pt_A1cGoalLevelDsYr5 <= 54.542)
",9999999.000,9999999.000,0.000,1.000,0.000,0,0,4,0,0,4,4,0,0.0,0.0,1.0,0.0,0.0,1.0
"G[0,2](Pt_SHFlg >= 0.102 -> Pt_GrandchildT1D <= 0.000)
",9999999.000,9999999.000,0.000,1.000,0.000,0,0,4,0,0,4,4,0,0.0,0.0,1.0,0.0,0.0,1.0
"G[1,2]((WeightKg >= 72.599 | bmi >= 29.932) -> UnitsInsBasalOrLongAct <= 13.304)
",9999999.000,9999999.000,0.000,1.000,0.000,0,0,2,2,2,2,2,2,0.0,0.0,1.0,0.0,0.0,1.0
"G[1,2](HbA1cImputeDtMnC <= 33.484 & HbA1c >= 8.099)
",9999999.000,9999999.000,0.000,1.000,0.000,0,0,3,1,1,3,3,1,0.0,0.0,1.0,0.0,0.0,1.0
"G[1,1]((HDL >= 60.918 & HbA1c <= 8.910) & bmi >= 8.766)
",-60.918,-60.918,0.000,1.000,0.000,0,0,2,2,2,2,2,2,0.0,0.0,1.0,0.0,0.0,1.0
"G[0,0]((HeightCm <= 157.054 | bmiZscore <= 0.799) -> HbA1cImputeDtMnC <= 0.626)
",-37.201,-82.665,0.000,1.000,0.000,0,0,1,3,3,1,1,3,0.0,0.0,1.0,0.0,0.0,1.0
"G[2,2](Pt_SHFlg <= 0.444 & BGTestAvgNumPtRep >= 4.106)
",-4.106,-4.106,0.000,1.000,0.000,0,0,4,0,0,4,4,0,0.0,0.0,1.0,0.0,0.0,1.0
"G[2,2](SMBGperDayPtMeterCombo >= 4.142 & BGTestAvgNumPtRep >= 4.136)
",-4.142,-4.142,0.000,1.000,0.000,0,0,4,0,0,4,4,0,0.0,0.0,1.0,0.0,0.0,1.0
"G[0,2](((TotChol <= 194.026 & TotalDailyInsPerKg <= 0.736) | BGTestAvgNumPtRep <= 0.767) | Pt_FatherT1D <= 0.306)
",9999999.000,9999999.000,0.000,1.000,0.000,0,0,4,0,0,4,4,0,0.0,0.0,1.0,0.0,0.0,1.0
"G[0,2]((Pt_SiblingT1D >= 0.000 | Pt_InsGov >= 0.093) | UnitsInsBasalOrLongAct <= 0.411)
",9999999.000,9999999.000,0.000,1.000,0.000,0,0,4,0,0,4,4,0,0.0,0.0,1.0,0.0,0.0,1.0
"G[1,2](((AutonomicNeuroCl <= 0.000 | SMBGperDayPtMeterCombo >= 4.013) | Pt_A1cGoalLev <= 4.241) | Pt_GrandchildT1D >= 4.098)
",9999999.000,9999999.000,0.000,1.000,0.000,0,0,4,0,0,4,4,0,0.0,0.0,1.0,0.0,0.0,1.0
"G[0,2](HDL >= 63.288 -> Pt_A1cGoalLevelDsYr5 <= 0.000)
",9999999.000,9999999.000,0.000,1.000,0.000,0,0,4,0,0,4,4,0,0.0,0.0,1.0,0.0,0.0,1.0
"G[2,2](HeightCm <= 156.649 & Pt_InsGov <= 0.597)
",0.597,0.597,0.000,1.000,0.000,0,0,4,0,0,4,4,0,0.0,0.0,1.0,0.0,0.0,1.0
"G[0,2](HbA1c <= 9.462 | DirectLDL <= 0.000)
",9999999.000,9999999.000,0.000,1.000,0.000,0,0,4,0,0,4,4,0,0.0,0.0,1.0,0.0,0.0,1.0
"G[2,2]((Pt_CGMUseNumDays <= 0.000 & Pt_CGMUseNumDays <= 0.000) -> HDL >= 0.000)
",0.000,0.000,0.000,1.000,0.000,0,0,4,0,0,4,4,0,0.0,0.0,1.0,0.0,0.0,1.0
"G[1,2](NumPumpBolusOrShortAct >= 0.473 -> WeightKg >= 72.418)
",9999999.000,9999999.000,0.000,1.000,0.000,0,0,3,1,1,3,3,1,0.0,0.0,1.0,0.0,0.0,1.0
"G[0,2]((BGTestAvgNumMeter <= 1.203 -> HbA1c <= 8.791) -> diagAgeCombo >= 7.758)
",9999999.000,9999999.000,0.000,1.000,0.000,0,0,4,0,0,4,4,0,0.0,0.0,1.0,0.0,0.0,1.0
"G[1,2](((BUN >= 14.412 | Pt_SHFlg <= 0.488) -> Pt_ChildT1D <= 0.152) | Pt_InsGov <= 0.966)
",9999999.000,9999999.000,0.000,1.000,0.000,0,0,4,0,0,4,4,0,0.0,0.0,1.0,0.0,0.0,1.0
"G[0,2]((Pt_InsGov >= 0.257 | TotalDailyInsPerKg >= 0.085) -> DirectLDL <= 0.654)
",9999999.000,9999999.000,0.000,1.000,0.000,0,0,4,0,0,4,4,0,0.0,0.0,1.0,0.0,0.0,1.0
"G[0,2](((bmi >= 29.239 -> HbA1cImputeDtMnC >= 24.829) & Pt_DKAFlg >= 10.624) | GFR <= 53.459)
",9999999.000,9999999.000,0.000,1.000,0.000,0,0,2,2,2,2,2,2,0.0,0.0,1.0,0.0,0.0,1.0
"G[1,2](age <= 71.316 & HeightCm >= 150.990)
",9999999.000,9999999.000,0.000,1.000,0.000,0,0,2,2,2,2,2,2,0.0,0.0,1.0,0.0,0.0,1.0
"G[2,2](SMBGperDayPtMeterCombo >= 4.141 & BGTestAvgNumPtRep >= 4.068)
",-4.141,-4.141,0.000,1.000,0.000,0,0,4,0,0,4,4,0,0.0,0.0,1.0,0.0,0.0,1.0
