Rule,Discrimination Score,Pos Robustness,Neg Robustness,Percent Class +,Percent Class -,TP,TN,FP,FN,Actual Yes,Actual No,Predicted Yes,Predicted No,TPR/Sens,TNR/Spec,FPR,Precision,Accuracy,MCR
"G[0,0]((age <= 45.746 & GFR <= 77.241) -> HDL <= 65.509)
",-45.746,-45.746,0.000,1.000,0.000,3,0,0,0,3,0,3,0,1.0,0.0,0.0,1.0,1.2,-0.19999999999999996
"G[0,0](HDL <= 64.842 -> Pt_SiblingT1D <= 0.000)
",0.000,0.000,0.000,1.000,0.000,3,0,0,0,3,0,3,0,1.0,0.0,0.0,1.0,1.2,-0.19999999999999996
"G[0,0](WeightKg <= 61.213 -> Pt_SHFlg = 0.000)
",-58.213,-58.213,0.000,1.000,0.000,3,0,0,0,3,0,3,0,1.0,0.0,0.0,1.0,1.2,-0.19999999999999996
"G[0,0](((Triglyc <= 87.710 | BUN >= 16.020) -> bmiZscore >= 15.332) -> NumPumpBolusOrShortAct <= 18.352)
",-18.352,-18.352,0.000,1.000,0.000,3,0,0,0,3,0,3,0,1.0,0.0,0.0,1.0,1.2,-0.19999999999999996
"G[0,0](((BGTestAvgNumPtRep >= 1.360 | LDL <= 139.410) | Pt_MotherT1D >= 114.101) -> AlbCreatRat_mggNew <= 143.618)
",-8013.195,-138.887,0.000,1.000,0.000,3,0,0,0,3,0,3,0,1.0,0.0,0.0,1.0,1.2,-0.19999999999999996
"G[0,0](Pt_MotherT1D >= 0.000 -> Pt_SHFlg = 0.000)
",0.000,0.000,0.000,1.000,0.000,3,0,0,0,3,0,3,0,1.0,0.0,0.0,1.0,1.2,-0.19999999999999996
"G[0,0]((AlbCreatRat_mggNew <= 13.957 | BldPrSys >= 120.608) | Pt_MotherT1D <= 133.502)
",133.502,133.502,0.000,1.000,0.000,3,0,0,0,3,0,3,0,1.0,0.0,0.0,1.0,1.2,-0.19999999999999996
"G[0,0]((TotChol <= 224.545 | BGTestAvgNumPtRep <= 7.692) -> age >= 3.143)
",-64.818,-162.045,0.000,1.000,0.000,3,0,0,0,3,0,3,0,1.0,0.0,0.0,1.0,1.2,-0.19999999999999996
"G[0,0](GFR <= 67.991 -> BUN >= 16.510)
",-17575.276,-68.447,0.000,1.000,0.000,3,0,0,0,3,0,3,0,1.0,0.0,0.0,1.0,1.2,-0.19999999999999996
"G[0,0](((TSH <= 0.347 & Pt_DKAFlg <= 0.000) | Pt_A1cGoalLev <= 0.000) | GFR >= 0.000)
",-1.000,-0.230,0.000,1.000,0.000,3,0,0,0,3,0,3,0,1.0,0.0,0.0,1.0,1.2,-0.19999999999999996
"G[0,0](((TotalDailyInsPerKg >= 0.501 | Triglyc >= 59.555) & BldPrSys >= 65.370) | DirectLDL <= 121.556)
",-39.734,-39.734,0.000,1.000,0.000,3,0,0,0,3,0,3,0,1.0,0.0,0.0,1.0,1.2,-0.19999999999999996
"G[0,0](((bmiZscore >= -0.592 & WeightKg <= 62.896) & BUN <= 62.559) | HbA1cImputeDtMnC <= 61.642)
",57.642,57.642,0.000,1.000,0.000,3,0,0,0,3,0,3,0,1.0,0.0,0.0,1.0,1.2,-0.19999999999999996
"G[0,0](bmiZscore <= -0.463 | LDL >= 101.558)
",-0.463,-0.463,0.000,1.000,0.000,3,0,0,0,3,0,3,0,1.0,0.0,0.0,1.0,1.2,-0.19999999999999996
"G[0,0](((diagAgeCombo >= 10.000 -> bmi >= 21.997) & diagAgeCombo >= 21.926) -> Pt_InsGov >= 21.917)
",21.917,21.917,0.000,1.000,0.000,3,0,0,0,3,0,3,0,1.0,0.0,0.0,1.0,1.2,-0.19999999999999996
"G[0,0](((BUN <= 18.390 & TSH >= 0.154) -> WeightKg <= 0.458) -> AutonomicNeuroCl <= 1.021)
",-2.542,-2.542,0.000,1.000,0.000,3,0,0,0,3,0,3,0,1.0,0.0,0.0,1.0,1.2,-0.19999999999999996
"G[0,0](((TSH >= 0.175 & diabDur <= 35.197) -> TSH >= 32.739) | Triglyc <= 36.235)
",22.606,11.303,0.000,1.000,0.000,3,0,0,0,3,0,3,0,1.0,0.0,0.0,1.0,1.2,-0.19999999999999996
"G[0,0](bmiZscore >= -0.588 -> Pt_SHFlg = 0.000)
",-0.588,-0.588,0.000,1.000,0.000,3,0,0,0,3,0,3,0,1.0,0.0,0.0,1.0,1.2,-0.19999999999999996
"G[0,1](((Pt_CGMUseNumDays >= 0.000 -> TSH >= 0.060) -> BldPrSys <= 0.494) -> DirectLDL <= 0.981)
",9999999.000,9999999.000,0.000,1.000,0.000,2,0,1,0,2,1,3,0,1.0,0.0,1.0,0.6666666666666666,0.8,0.19999999999999996
"G[0,1](((Pt_A1cGoalLevelDsYr5 <= 0.000 | diagAgeCombo <= 10.000) | Pt_DKAFlg >= 10.000) | HeightCm >= 10.000)
",9999999.000,9999999.000,0.000,1.000,0.000,2,0,1,0,2,1,3,0,1.0,0.0,1.0,0.6666666666666666,0.8,0.19999999999999996
"G[0,1](Pt_A1cGoalLevelDsYr5 > 0.000 -> Pt_SHFlg = 0.000)
",9999999.000,9999999.000,0.000,1.000,0.000,2,0,1,0,2,1,3,0,1.0,0.0,1.0,0.6666666666666666,0.8,0.19999999999999996
"G[0,1](((GFR <= 77.226 -> LDL >= 109.054) | diabDur <= 144.981) | HbA1c >= 109.528)
",9999999.000,9999999.000,0.000,1.000,0.000,2,0,1,0,2,1,3,0,1.0,0.0,1.0,0.6666666666666666,0.8,0.19999999999999996
"G[0,1](Pt_A1cGoalLevelDsYr5 > 0.000 -> Pt_SHFlg = 0.000)
",9999999.000,9999999.000,0.000,1.000,0.000,2,0,1,0,2,1,3,0,1.0,0.0,1.0,0.6666666666666666,0.8,0.19999999999999996
"G[1,1](GFR <= 65.475 -> Pt_SHFlg = 0.000)
",-65.475,-65.475,0.000,1.000,0.000,2,0,1,0,2,1,3,0,1.0,0.0,1.0,0.6666666666666666,0.8,0.19999999999999996
"G[1,1]((AlbCreatRat_mggNew <= 13.218 | BGTestAvgNumMeter >= 3.200) -> HbA1c >= 3.007)
",-13.218,-13.218,0.000,1.000,0.000,2,0,1,0,2,1,3,0,1.0,0.0,1.0,0.6666666666666666,0.8,0.19999999999999996
"G[1,1](((Pt_GrandparentT1D >= 0.000 -> Pt_GrandparentT1D >= 0.000) | HbA1cImputeDtMnC >= 0.000) | SMBGperDayPtMeterCombo >= 0.000)
",0.000,0.000,0.000,1.000,0.000,2,0,1,0,2,1,3,0,1.0,0.0,1.0,0.6666666666666666,0.8,0.19999999999999996
"G[0,1](((GFR <= 74.374 | UnitsInsBasalOrLongAct <= 15.474) -> NumPumpBolusOrShortAct <= 14.964) | SMBGperDayPtMeterCombo <= 14.535)
",9999999.000,9999999.000,0.000,1.000,0.000,2,0,1,0,2,1,3,0,1.0,0.0,1.0,0.6666666666666666,0.8,0.19999999999999996
"G[0,1](Pt_DKAFlg <= 0.000 | TotChol <= 214.230)
",9999999.000,9999999.000,0.000,1.000,0.000,2,0,1,0,2,1,3,0,1.0,0.0,1.0,0.6666666666666666,0.8,0.19999999999999996
"G[0,0]((HDL <= 61.605 -> TotalDailyInsPerKg >= 0.475) | Pt_SHFlg >= 0.488)
",12.604,70.499,0.000,1.000,0.000,2,0,0,1,3,0,2,1,0.6666666666666666,0.0,0.0,1.0,0.8,0.19999999999999996
"G[0,1]((LDL >= 105.181 -> TotChol >= 176.771) -> BUN <= 204.862)
",9999999.000,9999999.000,0.000,1.000,0.000,2,0,1,0,2,1,3,0,1.0,0.0,1.0,0.6666666666666666,0.8,0.19999999999999996
"G[1,1](((bmiPerc <= 0.000 | UnitsInsBasalOrLongAct >= 5.624) | BldPrDia >= 8.027) & WeightKg >= 0.692)
",-0.692,-0.692,0.000,1.000,0.000,2,0,1,0,2,1,3,0,1.0,0.0,1.0,0.6666666666666666,0.8,0.19999999999999996
"G[0,1](((Pt_ChildT1D >= 0.000 | Pt_A1cGoalLev <= 0.000) -> HbA1cImputeDtMnC >= 0.000) | UnitsInsBasalOrLongAct <= 0.000)
",9999999.000,9999999.000,0.000,1.000,0.000,2,0,1,0,2,1,3,0,1.0,0.0,1.0,0.6666666666666666,0.8,0.19999999999999996
"G[0,1](((BldPrSys <= 129.634 -> DirectLDL >= 0.000) & NumPumpBolusOrShortAct >= 0.000) -> HeightCm >= 0.000)
",9999999.000,9999999.000,0.000,1.000,0.000,2,0,1,0,2,1,3,0,1.0,0.0,1.0,0.6666666666666666,0.8,0.19999999999999996
"G[1,1]((WeightKg >= 58.997 -> Pt_CGMUseNumDays <= 0.000) & SMBGperDayPtMeterCombo >= 0.000)
",0.000,0.000,0.000,1.000,0.000,2,0,1,0,2,1,3,0,1.0,0.0,1.0,0.6666666666666666,0.8,0.19999999999999996
"G[0,1](((bmiZscore <= -0.453 | TotChol <= 219.035) | SMBGperDayPtMeterCombo <= 191.598) & bmiZscore <= 219.962)
",9999999.000,9999999.000,0.000,1.000,0.000,2,0,1,0,2,1,3,0,1.0,0.0,1.0,0.6666666666666666,0.8,0.19999999999999996
"G[0,1](((Pt_ChildT1D <= 0.000 | AutonomicNeuroCl <= 0.000) -> GFR <= 0.000) | DirectLDL <= 0.000)
",9999999.000,9999999.000,0.000,1.000,0.000,2,0,1,0,2,1,3,0,1.0,0.0,1.0,0.6666666666666666,0.8,0.19999999999999996
"G[0,1](BldPrDia <= 69.025 | Pt_MotherT1D >= 0.000)
",9999999.000,9999999.000,0.000,1.000,0.000,2,0,1,0,2,1,3,0,1.0,0.0,1.0,0.6666666666666666,0.8,0.19999999999999996
"G[0,1](((BGTestAvgNumMeter >= 3.376 | Pt_A1cGoalLev <= 0.000) -> Pt_MotherT1D >= 0.000) -> Pt_InsGov >= 0.000)
",9999999.000,9999999.000,0.000,1.000,0.000,2,0,1,0,2,1,3,0,1.0,0.0,1.0,0.6666666666666666,0.8,0.19999999999999996
"G[0,0](bmiZscore > -0.537 & Pt_SHFlg = 0.000)
",-12.691,-70.987,0.000,1.000,0.000,2,0,0,1,3,0,2,1,0.6666666666666666,0.0,0.0,1.0,0.8,0.19999999999999996
"G[0,1](((Pt_FatherT1D <= 0.000 -> AutonomicNeuroCl >= 0.000) & TotalDailyInsPerKg <= 0.000) | Pt_A1cGoalLevelDsYr5 <= 0.000)
",9999999.000,9999999.000,0.000,1.000,0.000,2,0,1,0,2,1,3,0,1.0,0.0,1.0,0.6666666666666666,0.8,0.19999999999999996
"G[0,0](TSH <= 0.736 & age <= 46.964)
",-0.853,-4.264,0.000,1.000,0.000,2,0,0,1,3,0,2,1,0.6666666666666666,0.0,0.0,1.0,0.8,0.19999999999999996
"G[1,1]((age >= 41.551 | diagAgeCombo <= 10.000) & Pt_A1cGoalLev <= 10.000)
",10.000,10.000,0.000,1.000,0.000,2,0,1,0,2,1,3,0,1.0,0.0,1.0,0.6666666666666666,0.8,0.19999999999999996
"G[1,1](HbA1cImputeDtMnC <= 54.557 | Pt_FatherT1D >= 0.000)
",54.557,54.557,0.000,1.000,0.000,2,0,1,0,2,1,3,0,1.0,0.0,1.0,0.6666666666666666,0.8,0.19999999999999996
"G[0,1](GFR <= 71.313 -> BUN >= 16.597)
",9999999.000,9999999.000,0.000,1.000,0.000,2,0,1,0,2,1,3,0,1.0,0.0,1.0,0.6666666666666666,0.8,0.19999999999999996
"G[0,1]((HeightCm <= 164.916 | NumPumpBolusOrShortAct <= 7.850) -> WeightKg >= 4.901)
",9999999.000,9999999.000,0.000,1.000,0.000,2,0,1,0,2,1,3,0,1.0,0.0,1.0,0.6666666666666666,0.8,0.19999999999999996
"G[0,1](GFR <= 66.451 -> BUN >= 15.213)
",9999999.000,9999999.000,0.000,1.000,0.000,2,0,1,0,2,1,3,0,1.0,0.0,1.0,0.6666666666666666,0.8,0.19999999999999996
"G[0,0]((WeightKg >= 58.728 | bmi >= 22.738) -> UnitsInsBasalOrLongAct <= 15.788)
",-0.558,-2.788,0.000,1.000,0.000,2,0,0,1,3,0,2,1,0.6666666666666666,0.0,0.0,1.0,0.8,0.19999999999999996
"G[1,1](HDL <= 63.994 | Pt_InsGov <= 0.000)
",63.994,63.994,0.000,1.000,0.000,2,0,1,0,2,1,3,0,1.0,0.0,1.0,0.6666666666666666,0.8,0.19999999999999996
"G[1,1](GFR <= 74.921 -> BUN >= 17.205)
",-74.921,-74.921,0.000,1.000,0.000,2,0,1,0,2,1,3,0,1.0,0.0,1.0,0.6666666666666666,0.8,0.19999999999999996
"G[0,1](BldPrDia >= 59.384 | HeightCm <= 164.760)
",9999999.000,9999999.000,0.000,1.000,0.000,2,0,1,0,2,1,3,0,1.0,0.0,1.0,0.6666666666666666,0.8,0.19999999999999996
"G[1,1](BGTestAvgNumMeter <= 4.959 -> TotChol <= 205.018)
",-205.018,-205.018,0.000,1.000,0.000,2,0,1,0,2,1,3,0,1.0,0.0,1.0,0.6666666666666666,0.8,0.19999999999999996
"G[0,1](((HbA1c >= 7.909 -> LDL <= 131.248) | HeightCm >= 115.789) | TotalDailyInsPerKg <= 133.800)
",9999999.000,9999999.000,0.000,1.000,0.000,2,0,1,0,2,1,3,0,1.0,0.0,1.0,0.6666666666666666,0.8,0.19999999999999996
"G[0,1](((TotChol <= 193.271 -> UnitsInsBasalOrLongAct >= 5.563) -> BldPrSys >= 3.310) | AlbCreatRat_mggNew >= 4.992)
",9999999.000,9999999.000,0.000,1.000,0.000,2,0,1,0,2,1,3,0,1.0,0.0,1.0,0.6666666666666666,0.8,0.19999999999999996
"G[1,1](GFR <= 64.665 -> BUN >= 15.445)
",-64.665,-64.665,0.000,1.000,0.000,2,0,1,0,2,1,3,0,1.0,0.0,1.0,0.6666666666666666,0.8,0.19999999999999996
"G[0,0](AlbCreatRat_mggNew <= 9.558 -> TotChol <= 192.529)
",-52.011,-130.029,0.000,1.000,0.000,2,0,0,1,3,0,2,1,0.6666666666666666,0.0,0.0,1.0,0.8,0.19999999999999996
"G[1,1]((Pt_MotherT1D >= 0.000 | TotChol >= 182.680) | diagAgeCombo >= 175.910)
",0.000,0.000,0.000,1.000,0.000,2,0,1,0,2,1,3,0,1.0,0.0,1.0,0.6666666666666666,0.8,0.19999999999999996
"G[1,1](((AlbCreatRat_mggNew <= 12.229 & LDL >= 102.962) -> bmiPerc >= 114.529) -> Pt_A1cGoalLev <= 116.184)
",-116.184,-116.184,0.000,1.000,0.000,2,0,1,0,2,1,3,0,1.0,0.0,1.0,0.6666666666666666,0.8,0.19999999999999996
"G[0,1]((WeightKg <= 62.149 | DirectLDL >= 0.000) & bmi >= 0.000)
",9999999.000,9999999.000,0.000,1.000,0.000,2,0,1,0,2,1,3,0,1.0,0.0,1.0,0.6666666666666666,0.8,0.19999999999999996
"G[0,1]((HDL >= 58.814 | diagAgeCombo <= 10.000) | HbA1cImputeDtMnC >= 10.000)
",9999999.000,9999999.000,0.000,1.000,0.000,2,0,1,0,2,1,3,0,1.0,0.0,1.0,0.6666666666666666,0.8,0.19999999999999996
"G[0,1](Pt_ChildT1D >= 0.000 -> Pt_SHFlg = 0.000)
",9999999.000,9999999.000,0.000,1.000,0.000,2,0,1,0,2,1,3,0,1.0,0.0,1.0,0.6666666666666666,0.8,0.19999999999999996
"G[1,1](HbA1c >= 8.096 -> AutonomicNeuroCl <= 0.000)
",0.000,0.000,0.000,1.000,0.000,2,0,1,0,2,1,3,0,1.0,0.0,1.0,0.6666666666666666,0.8,0.19999999999999996
"G[1,1](BUN >= 16.321 -> Pt_SHFlg = 0.000)
",0.000,0.000,0.000,1.000,0.000,2,0,1,0,2,1,3,0,1.0,0.0,1.0,0.6666666666666666,0.8,0.19999999999999996
"G[1,1](diabDur <= 36.968 | TSH >= 0.234)
",36.968,36.968,0.000,1.000,0.000,2,0,1,0,2,1,3,0,1.0,0.0,1.0,0.6666666666666666,0.8,0.19999999999999996
"G[1,1](SMBGperDayPtMeterCombo <= 4.097 & AlbCreatRat_mggNew <= 12.091)
",4.097,4.097,0.000,1.000,0.000,2,0,1,0,2,1,3,0,1.0,0.0,1.0,0.6666666666666666,0.8,0.19999999999999996
"G[0,1](GFR <= 70.653 -> BUN >= 16.790)
",9999999.000,9999999.000,0.000,1.000,0.000,2,0,1,0,2,1,3,0,1.0,0.0,1.0,0.6666666666666666,0.8,0.19999999999999996
"G[0,1]((Triglyc <= 116.114 & UnitsInsBasalOrLongAct >= 11.724) -> HDL >= 5.491)
",9999999.000,9999999.000,0.000,1.000,0.000,2,0,1,0,2,1,3,0,1.0,0.0,1.0,0.6666666666666666,0.8,0.19999999999999996
"G[0,0]((bmi <= 23.403 & WeightKg <= 61.784) & NumPumpBolusOrShortAct <= 62.041)
",23.403,23.403,0.000,1.000,0.000,1,0,0,2,3,0,1,2,0.3333333333333333,0.0,0.0,1.0,0.4,0.6
"G[0,1](TotalDailyInsPerKg <= 0.563 | TSH >= 0.243)
",9999999.000,9999999.000,0.000,1.000,0.000,1,0,1,1,2,1,2,1,0.5,0.0,1.0,0.5,0.4,0.6
"G[1,1]((Pt_A1cGoalLev >= 0.000 & bmiZscore <= -0.462) & Pt_MotherT1D >= -0.588)
",-0.462,-0.462,0.000,1.000,0.000,1,0,1,1,2,1,2,1,0.5,0.0,1.0,0.5,0.4,0.6
"G[0,1](((diabDur >= 32.514 & TotalDailyInsPerKg >= 0.507) & Pt_ChildT1D <= 0.559) -> BGTestAvgNumPtRep <= 0.551)
",9999999.000,9999999.000,0.000,1.000,0.000,1,0,1,1,2,1,2,1,0.5,0.0,1.0,0.5,0.4,0.6
"G[0,1](((bmiZscore <= -0.512 | GFR <= 77.762) & Pt_GrandparentT1D <= 64.533) & GFR >= 32.441)
",9999999.000,9999999.000,0.000,1.000,0.000,1,0,1,1,2,1,2,1,0.5,0.0,1.0,0.5,0.4,0.6
"G[1,1]((BUN <= 18.398 | UnitsInsBasalOrLongAct <= 13.827) -> Pt_DKAFlg >= 0.690)
",-18.398,-18.398,0.000,1.000,0.000,1,0,1,1,2,1,2,1,0.5,0.0,1.0,0.5,0.4,0.6
"G[0,0]((HeightCm <= 163.553 & UnitsInsBasalOrLongAct >= 1.157) & bmiPerc <= 15.021)
",-194.395,-8.474,0.000,1.000,0.000,1,0,0,2,3,0,1,2,0.3333333333333333,0.0,0.0,1.0,0.4,0.6
"G[0,0]((bmiZscore >= -0.582 -> TotalDailyInsPerKg >= 0.479) -> Pt_SHFlg >= 0.485)
",-12.604,-70.502,0.000,1.000,0.000,1,0,0,2,3,0,1,2,0.3333333333333333,0.0,0.0,1.0,0.4,0.6
"G[1,1]((bmiPerc <= 0.000 & AlbCreatRat_mggNew >= 6.668) & Pt_ChildT1D <= 11.000)
",-6.668,-6.668,0.000,1.000,0.000,1,0,1,1,2,1,2,1,0.5,0.0,1.0,0.5,0.4,0.6
"G[0,0]((BUN >= 16.604 & Triglyc >= 47.111) & Pt_FatherT1D <= 86.018)
",18.698,37.396,0.000,1.000,0.000,1,0,0,2,3,0,1,2,0.3333333333333333,0.0,0.0,1.0,0.4,0.6
"G[0,1]((WeightKg >= 58.938 | bmi >= 22.348) -> UnitsInsBasalOrLongAct <= 12.807)
",9999999.000,9999999.000,0.000,1.000,0.000,1,0,0,2,3,0,1,2,0.3333333333333333,0.0,0.0,1.0,0.4,0.6
"G[1,1]((WeightKg >= 59.237 | bmi >= 22.519) -> UnitsInsBasalOrLongAct <= 13.946)
",-13.946,-13.946,0.000,1.000,0.000,1,0,1,1,2,1,2,1,0.5,0.0,1.0,0.5,0.4,0.6
"G[0,1](HbA1cImputeDtMnC >= 30.326 -> HDL >= 60.659)
",9999999.000,9999999.000,0.000,1.000,0.000,1,0,1,1,2,1,2,1,0.5,0.0,1.0,0.5,0.4,0.6
"G[0,0](SMBGperDayPtMeterCombo >= 3.001 & BGTestAvgNumPtRep >= 2.067)
",0.933,0.933,0.000,1.000,0.000,1,0,0,2,3,0,1,2,0.3333333333333333,0.0,0.0,1.0,0.4,0.6
"G[0,0](AlbCreatRat_mggNew >= 4.292 -> bmiZscore <= -0.496)
",-6.354,-12.708,0.000,1.000,0.000,1,0,0,2,3,0,1,2,0.3333333333333333,0.0,0.0,1.0,0.4,0.6
"G[1,1]((WeightKg >= 60.257 | bmi >= 22.738) -> UnitsInsBasalOrLongAct <= 12.817)
",-12.817,-12.817,0.000,1.000,0.000,1,0,1,1,2,1,2,1,0.5,0.0,1.0,0.5,0.4,0.6
"G[1,1](bmi <= 22.929 & HbA1c >= 7.808)
",-7.808,-7.808,0.000,1.000,0.000,1,0,1,1,2,1,2,1,0.5,0.0,1.0,0.5,0.4,0.6
"G[0,1]((Pt_A1cGoalLevelDsYr5 >= 0.000 & UnitsInsBasalOrLongAct <= 12.988) -> BldPrSys <= 14.612)
",9999999.000,9999999.000,0.000,1.000,0.000,1,0,1,1,2,1,2,1,0.5,0.0,1.0,0.5,0.4,0.6
"G[0,1]((BldPrDia <= 67.852 -> bmi <= 23.272) & LDL >= 21.968)
",9999999.000,9999999.000,0.000,1.000,0.000,1,0,0,2,3,0,1,2,0.3333333333333333,0.0,0.0,1.0,0.4,0.6
"G[0,1]((Pt_A1cGoalLevelDsYr5 <= 0.000 & TotalDailyInsPerKg <= 0.594) & HbA1c >= 0.474)
",9999999.000,9999999.000,0.000,1.000,0.000,1,0,1,1,2,1,2,1,0.5,0.0,1.0,0.5,0.4,0.6
"G[1,1]((AlbCreatRat_mggNew >= 4.782 & HbA1cImputeDtMnC >= 24.398) | AutonomicNeuroCl >= 34.881)
",-24.398,-24.398,0.000,1.000,0.000,1,0,1,1,2,1,2,1,0.5,0.0,1.0,0.5,0.4,0.6
"G[0,1]((WeightKg >= 60.597 | bmi >= 22.476) -> UnitsInsBasalOrLongAct <= 13.889)
",9999999.000,9999999.000,0.000,1.000,0.000,1,0,0,2,3,0,1,2,0.3333333333333333,0.0,0.0,1.0,0.4,0.6
"G[1,2](((HbA1c <= 8.933 & Pt_SiblingT1D <= 0.000) | BldPrDia <= 0.000) -> Pt_FatherT1D <= 0.000)
",9999999.000,9999999.000,0.000,1.000,0.000,0,0,3,0,0,3,3,0,0.0,0.0,1.0,0.0,0.0,1.0
"G[2,2]((HeightCm <= 164.453 | bmiPerc >= 0.000) & Pt_MotherT1D >= 0.000)
",0.000,0.000,0.000,1.000,0.000,0,0,3,0,0,3,3,0,0.0,0.0,1.0,0.0,0.0,1.0
"G[1,2](HbA1c >= 7.915 -> TotalDailyInsPerKg >= 0.527)
",9999999.000,9999999.000,0.000,1.000,0.000,0,0,2,1,1,2,2,1,0.0,0.0,1.0,0.0,0.0,1.0
"G[0,1](SMBGperDayPtMeterCombo >= 3.207 & BGTestAvgNumPtRep >= 1.723)
",9999999.000,9999999.000,0.000,1.000,0.000,0,0,0,3,3,0,0,3,0.0,0.0,0.0,0.0,0.0,1.0
"G[1,2](TSH <= 0.622 | GFR <= 62.098)
",9999999.000,9999999.000,0.000,1.000,0.000,0,0,2,1,1,2,2,1,0.0,0.0,1.0,0.0,0.0,1.0
"G[1,2]((Pt_MotherT1D <= 0.000 | BldPrDia <= 71.870) & Pt_GrandparentT1D >= 62.119)
",9999999.000,9999999.000,0.000,1.000,0.000,0,0,1,2,2,1,1,2,0.0,0.0,1.0,0.0,0.0,1.0
"G[1,2]((Pt_DKAFlg <= 0.000 | diabDur <= 35.735) & TotalDailyInsPerKg >= 34.328)
",9999999.000,9999999.000,0.000,1.000,0.000,0,0,1,2,2,1,1,2,0.0,0.0,1.0,0.0,0.0,1.0
"G[2,2](diabDur <= 34.458 -> BldPrDia >= 59.844)
",-34.458,-34.458,0.000,1.000,0.000,0,0,3,0,0,3,3,0,0.0,0.0,1.0,0.0,0.0,1.0
"G[0,2](((Pt_A1cGoalLevelDsYr5 >= 0.000 -> Pt_A1cGoalLev <= 0.000) -> diabDur >= 0.000) -> SMBGperDayPtMeterCombo <= 0.000)
",9999999.000,9999999.000,0.000,1.000,0.000,0,0,0,3,3,0,0,3,0.0,0.0,0.0,0.0,0.0,1.0
"G[0,2]((HeightCm <= 163.792 -> Pt_SHFlg >= 0.000) -> NumPumpBolusOrShortAct <= 0.000)
",9999999.000,9999999.000,0.000,1.000,0.000,0,0,0,3,3,0,0,3,0.0,0.0,0.0,0.0,0.0,1.0
"G[1,2](((SMBGperDayPtMeterCombo >= 3.301 -> Pt_SHFlg >= 0.000) & TotalDailyInsPerKg >= 0.000) | Pt_ChildT1D >= 0.000)
",9999999.000,9999999.000,0.000,1.000,0.000,0,0,3,0,0,3,3,0,0.0,0.0,1.0,0.0,0.0,1.0
"G[1,2](((Pt_A1cGoalLevelDsYr5 >= 0.000 & BUN <= 17.759) | LDL >= 15.053) | Pt_DKAFlg >= 16.308)
",9999999.000,9999999.000,0.000,1.000,0.000,0,0,3,0,0,3,3,0,0.0,0.0,1.0,0.0,0.0,1.0
"G[0,2](((BGTestAvgNumPtRep <= 7.648 & HbA1c >= 8.205) -> LDL <= 8.827) | HbA1c >= 7.998)
",9999999.000,9999999.000,0.000,1.000,0.000,0,0,3,0,0,3,3,0,0.0,0.0,1.0,0.0,0.0,1.0
"G[2,2]((GFR <= 67.372 | DirectLDL >= 0.000) | AlbCreatRat_mggNew <= 0.000)
",67.372,67.372,0.000,1.000,0.000,0,0,3,0,0,3,3,0,0.0,0.0,1.0,0.0,0.0,1.0
"G[1,2](((Pt_GrandparentT1D >= 0.000 & Pt_ChildT1D >= 0.000) | Pt_GrandchildT1D >= 0.000) | Pt_GrandparentT1D <= 0.000)
",9999999.000,9999999.000,0.000,1.000,0.000,0,0,3,0,0,3,3,0,0.0,0.0,1.0,0.0,0.0,1.0
"G[0,2]((TotalDailyInsPerKg <= 0.614 -> diagAgeCombo >= 10.000) & TSH <= 10.000)
",9999999.000,9999999.000,0.000,1.000,0.000,0,0,3,0,0,3,3,0,0.0,0.0,1.0,0.0,0.0,1.0
"G[1,2](((WeightKg >= 58.532 -> Pt_MotherT1D <= 0.000) | LDL <= 0.000) & diabDur <= 0.000)
",9999999.000,9999999.000,0.000,1.000,0.000,0,0,1,2,2,1,1,2,0.0,0.0,1.0,0.0,0.0,1.0
"G[0,2]((HeightCm <= 163.746 -> diabDur <= 35.181) & AlbCreatRat_mggNew >= 33.548)
",9999999.000,9999999.000,0.000,1.000,0.000,0,0,0,3,3,0,0,3,0.0,0.0,0.0,0.0,0.0,1.0
"G[2,2](((TotalDailyInsPerKg >= 0.470 & bmiPerc >= 0.000) & age <= 0.000) & NumPumpBolusOrShortAct <= 0.000)
",-0.470,-0.470,0.000,1.000,0.000,0,0,3,0,0,3,3,0,0.0,0.0,1.0,0.0,0.0,1.0
"G[1,2](((BGTestAvgNumPtRep <= 4.962 | BUN <= 17.998) & AlbCreatRat_mggNew <= 18.169) | bmiZscore <= 18.370)
",9999999.000,9999999.000,0.000,1.000,0.000,0,0,3,0,0,3,3,0,0.0,0.0,1.0,0.0,0.0,1.0
"G[0,1]((Pt_DKAFlg >= 0.000 & Pt_A1cGoalLev <= 0.000) & HeightCm <= 0.000)
",9999999.000,9999999.000,0.000,1.000,0.000,0,0,0,3,3,0,0,3,0.0,0.0,0.0,0.0,0.0,1.0
"G[0,2](((BGTestAvgNumPtRep <= 7.905 & HbA1c >= 8.250) & BGTestAvgNumMeter >= 8.152) -> TotChol >= 8.067)
",9999999.000,9999999.000,0.000,1.000,0.000,0,0,3,0,0,3,3,0,0.0,0.0,1.0,0.0,0.0,1.0
"G[0,2]((age >= 42.141 -> UnitsInsBasalOrLongAct >= 6.364) & UnitsInsBasalOrLongAct <= 15.018)
",9999999.000,9999999.000,0.000,1.000,0.000,0,0,2,1,1,2,2,1,0.0,0.0,1.0,0.0,0.0,1.0
"G[0,2](Pt_GrandchildT1D <= 0.000 & Pt_GrandchildT1D >= 0.000)
",9999999.000,9999999.000,0.000,1.000,0.000,0,0,3,0,0,3,3,0,0.0,0.0,1.0,0.0,0.0,1.0
"G[1,2](Pt_GrandchildT1D <= 0.000 & TotChol >= 182.937)
",9999999.000,9999999.000,0.000,1.000,0.000,0,0,1,2,2,1,1,2,0.0,0.0,1.0,0.0,0.0,1.0
"G[0,2]((Pt_SiblingT1D <= 0.000 | GFR <= 64.048) | Pt_GrandchildT1D <= 72.737)
",9999999.000,9999999.000,0.000,1.000,0.000,0,0,3,0,0,3,3,0,0.0,0.0,1.0,0.0,0.0,1.0
"G[1,2](AlbCreatRat_mggNew <= 13.222 & Pt_A1cGoalLev <= 0.000)
",9999999.000,9999999.000,0.000,1.000,0.000,0,0,3,0,0,3,3,0,0.0,0.0,1.0,0.0,0.0,1.0
"G[1,2](Pt_CGMUseNumDays <= 0.000 | DirectLDL >= 0.000)
",9999999.000,9999999.000,0.000,1.000,0.000,0,0,3,0,0,3,3,0,0.0,0.0,1.0,0.0,0.0,1.0
"G[1,2](Pt_SHFlg <= 0.000 -> UnitsInsBasalOrLongAct <= 15.569)
",9999999.000,9999999.000,0.000,1.000,0.000,0,0,3,0,0,3,3,0,0.0,0.0,1.0,0.0,0.0,1.0
"G[1,2](diabDur <= 36.480 | Pt_SiblingT1D <= 0.000)
",9999999.000,9999999.000,0.000,1.000,0.000,0,0,3,0,0,3,3,0,0.0,0.0,1.0,0.0,0.0,1.0
"G[0,1](((Pt_A1cGoalLev >= 0.000 & Pt_SiblingT1D >= 0.000) -> Pt_SiblingT1D <= 0.000) & LDL <= 0.000)
",9999999.000,9999999.000,0.000,1.000,0.000,0,0,0,3,3,0,0,3,0.0,0.0,0.0,0.0,0.0,1.0
"G[2,2](TSH <= 0.933 & WeightKg >= 58.591)
",-58.591,-58.591,0.000,1.000,0.000,0,0,3,0,0,3,3,0,0.0,0.0,1.0,0.0,0.0,1.0
"G[0,2](((Triglyc >= 56.649 -> Pt_MotherT1D <= 0.000) | Pt_InsGov <= 0.000) -> Pt_SiblingT1D >= 0.000)
",9999999.000,9999999.000,0.000,1.000,0.000,0,0,3,0,0,3,3,0,0.0,0.0,1.0,0.0,0.0,1.0
"G[0,2]((DirectLDL >= 0.000 & BUN <= 18.363) -> Pt_DKAFlg <= 18.642)
",9999999.000,9999999.000,0.000,1.000,0.000,0,0,3,0,0,3,3,0,0.0,0.0,1.0,0.0,0.0,1.0
"G[0,2](BGTestAvgNumPtRep >= 1.285 | HDL >= 58.608)
",9999999.000,9999999.000,0.000,1.000,0.000,0,0,3,0,0,3,3,0,0.0,0.0,1.0,0.0,0.0,1.0
"G[1,2](((HDL <= 63.746 & WeightKg <= 60.926) | AutonomicNeuroCl <= 61.743) -> AutonomicNeuroCl <= 61.437)
",9999999.000,9999999.000,0.000,1.000,0.000,0,0,3,0,0,3,3,0,0.0,0.0,1.0,0.0,0.0,1.0
"G[1,2](((SMBGperDayPtMeterCombo >= 3.255 -> HbA1c <= 8.984) & HbA1cImputeDtMnC <= 8.336) | WeightKg >= 7.901)
",9999999.000,9999999.000,0.000,1.000,0.000,0,0,3,0,0,3,3,0,0.0,0.0,1.0,0.0,0.0,1.0
"G[1,1]((HbA1cImputeDtMnC >= 26.228 | age >= 42.768) -> SMBGperDayPtMeterCombo >= 44.003)
",26.228,26.228,0.000,1.000,0.000,0,0,1,2,2,1,1,2,0.0,0.0,1.0,0.0,0.0,1.0
"G[0,2](((Pt_MotherT1D <= 0.000 | Triglyc >= 64.156) & AutonomicNeuroCl >= 55.222) & Pt_MotherT1D <= 94.503)
",9999999.000,9999999.000,0.000,1.000,0.000,0,0,0,3,3,0,0,3,0.0,0.0,0.0,0.0,0.0,1.0
"G[0,1](((Pt_DKAFlg >= 0.000 -> HbA1cImputeDtMnC >= 16.781) & HbA1cImputeDtMnC >= 27.839) & bmiZscore >= 27.865)
",9999999.000,9999999.000,0.000,1.000,0.000,0,0,0,3,3,0,0,3,0.0,0.0,0.0,0.0,0.0,1.0
"G[2,2](((BldPrDia <= 65.542 -> Pt_GrandparentT1D <= 0.000) -> Pt_SHFlg <= 0.000) & diabDur >= 0.000)
",0.000,0.000,0.000,1.000,0.000,0,0,3,0,0,3,3,0,0.0,0.0,1.0,0.0,0.0,1.0
"G[2,2](((LDL >= 113.493 -> Pt_DKAFlg >= 0.000) | BGTestAvgNumPtRep >= 0.000) -> Pt_CGMUseNumDays >= 0.000)
",0.000,0.000,0.000,1.000,0.000,0,0,3,0,0,3,3,0,0.0,0.0,1.0,0.0,0.0,1.0
"G[1,2](((BGTestAvgNumMeter >= 3.370 | Pt_DKAFlg >= 0.000) & BldPrDia >= 0.000) & TSH <= 0.000)
",9999999.000,9999999.000,0.000,1.000,0.000,0,0,2,1,1,2,2,1,0.0,0.0,1.0,0.0,0.0,1.0
"G[0,1](((Pt_GrandchildT1D >= 0.000 & TSH >= 0.067) & BGTestAvgNumMeter <= 1.196) & TotalDailyInsPerKg <= 1.057)
",9999999.000,9999999.000,0.000,1.000,0.000,0,0,0,3,3,0,0,3,0.0,0.0,0.0,0.0,0.0,1.0
"G[0,2](((BGTestAvgNumPtRep >= 2.068 -> diagAgeCombo <= 10.000) -> Pt_FatherT1D >= 10.000) -> BldPrDia >= 10.000)
",9999999.000,9999999.000,0.000,1.000,0.000,0,0,3,0,0,3,3,0,0.0,0.0,1.0,0.0,0.0,1.0
"G[0,2](((Pt_GrandchildT1D >= 0.000 & diagAgeCombo <= 10.000) | HeightCm <= 10.000) -> Pt_MotherT1D <= 10.000)
",9999999.000,9999999.000,0.000,1.000,0.000,0,0,3,0,0,3,3,0,0.0,0.0,1.0,0.0,0.0,1.0
"G[1,2]((Pt_GrandchildT1D <= 0.000 -> HbA1cImputeDtMnC >= 42.160) -> bmi <= 70.426)
",9999999.000,9999999.000,0.000,1.000,0.000,0,0,3,0,0,3,3,0,0.0,0.0,1.0,0.0,0.0,1.0
"G[2,2](TSH >= 0.083 | LDL >= 111.700)
",-0.083,-0.083,0.000,1.000,0.000,0,0,3,0,0,3,3,0,0.0,0.0,1.0,0.0,0.0,1.0
"G[0,2]((Pt_GrandparentT1D <= 0.000 -> NumPumpBolusOrShortAct <= 7.505) -> diabDur >= 4.362)
",9999999.000,9999999.000,0.000,1.000,0.000,0,0,3,0,0,3,3,0,0.0,0.0,1.0,0.0,0.0,1.0
"G[0,2](Triglyc <= 122.223 & BldPrDia >= 61.746)
",9999999.000,9999999.000,0.000,1.000,0.000,0,0,2,1,1,2,2,1,0.0,0.0,1.0,0.0,0.0,1.0
"G[1,2]((BGTestAvgNumMeter >= 3.336 | Pt_GrandparentT1D <= 0.000) & Pt_InsGov >= 0.000)
",9999999.000,9999999.000,0.000,1.000,0.000,0,0,3,0,0,3,3,0,0.0,0.0,1.0,0.0,0.0,1.0
"G[1,2](BGTestAvgNumPtRep <= 8.367 -> HbA1cImputeDtMnC >= 42.333)
",9999999.000,9999999.000,0.000,1.000,0.000,0,0,2,1,1,2,2,1,0.0,0.0,1.0,0.0,0.0,1.0
"G[1,2](((Pt_SHFlg <= 0.000 -> SMBGperDayPtMeterCombo >= 3.031) | Pt_DKAFlg >= 3.197) | Pt_DKAFlg <= 4.364)
",9999999.000,9999999.000,0.000,1.000,0.000,0,0,3,0,0,3,3,0,0.0,0.0,1.0,0.0,0.0,1.0
"G[0,2]((bmi >= 21.835 -> Pt_ChildT1D >= 0.000) & AlbCreatRat_mggNew >= 0.000)
",9999999.000,9999999.000,0.000,1.000,0.000,0,0,3,0,0,3,3,0,0.0,0.0,1.0,0.0,0.0,1.0
"G[1,2](((Pt_DKAFlg >= 0.000 & bmiZscore <= -0.463) -> Pt_DKAFlg >= -0.530) | Pt_SiblingT1D <= -0.500)
",9999999.000,9999999.000,0.000,1.000,0.000,0,0,3,0,0,3,3,0,0.0,0.0,1.0,0.0,0.0,1.0
"G[0,1]((age >= 42.765 -> TotChol <= 192.824) -> Pt_CGMUseNumDays >= 172.020)
",9999999.000,9999999.000,0.000,1.000,0.000,0,0,0,3,3,0,0,3,0.0,0.0,0.0,0.0,0.0,1.0
"G[0,2](((HeightCm >= 162.848 -> DirectLDL >= 0.000) -> SMBGperDayPtMeterCombo <= 0.000) & BGTestAvgNumMeter <= 0.000)
",9999999.000,9999999.000,0.000,1.000,0.000,0,0,0,3,3,0,0,3,0.0,0.0,0.0,0.0,0.0,1.0
"G[2,2]((AlbCreatRat_mggNew <= 11.389 & BldPrDia <= 70.200) -> Pt_SHFlg <= 71.572)
",-71.572,-71.572,0.000,1.000,0.000,0,0,3,0,0,3,3,0,0.0,0.0,1.0,0.0,0.0,1.0
"G[0,2](((BldPrDia <= 64.637 -> bmiZscore >= -0.546) | UnitsInsBasalOrLongAct <= -0.465) -> Pt_GrandparentT1D <= -0.454)
",9999999.000,9999999.000,0.000,1.000,0.000,0,0,0,3,3,0,0,3,0.0,0.0,0.0,0.0,0.0,1.0
"G[0,2](((Pt_SiblingT1D <= 0.000 -> Pt_GrandchildT1D >= 0.000) & Pt_InsGov >= 0.000) & TotChol <= 0.000)
",9999999.000,9999999.000,0.000,1.000,0.000,0,0,0,3,3,0,0,3,0.0,0.0,0.0,0.0,0.0,1.0
"G[0,2](((Pt_GrandchildT1D >= 0.000 | TotChol >= 181.008) -> BGTestAvgNumMeter >= 170.782) -> BUN >= 188.338)
",9999999.000,9999999.000,0.000,1.000,0.000,0,0,3,0,0,3,3,0,0.0,0.0,1.0,0.0,0.0,1.0
"G[0,1](((BGTestAvgNumMeter <= 3.903 -> Pt_FatherT1D >= 0.000) -> WeightKg <= 0.000) & bmiPerc <= 0.000)
",9999999.000,9999999.000,0.000,1.000,0.000,0,0,0,3,3,0,0,3,0.0,0.0,0.0,0.0,0.0,1.0
"G[0,2](((HDL >= 58.583 | Pt_SiblingT1D <= 0.000) | BGTestAvgNumPtRep >= 0.000) & Pt_DKAFlg <= 0.000)
",9999999.000,9999999.000,0.000,1.000,0.000,0,0,3,0,0,3,3,0,0.0,0.0,1.0,0.0,0.0,1.0
"G[1,2](Pt_SiblingT1D >= 0.000 -> diagAgeCombo >= 10.000)
",9999999.000,9999999.000,0.000,1.000,0.000,0,0,3,0,0,3,3,0,0.0,0.0,1.0,0.0,0.0,1.0
"G[1,2](((TotalDailyInsPerKg >= 0.499 | Pt_CGMUseNumDays <= 0.000) & HDL >= 0.000) & HDL <= 0.000)
",9999999.000,9999999.000,0.000,1.000,0.000,0,0,1,2,2,1,1,2,0.0,0.0,1.0,0.0,0.0,1.0
"G[1,2]((Pt_A1cGoalLev <= 0.000 -> Pt_SiblingT1D <= 0.000) | bmiPerc >= 0.000)
",9999999.000,9999999.000,0.000,1.000,0.000,0,0,3,0,0,3,3,0,0.0,0.0,1.0,0.0,0.0,1.0
"G[1,2](((BldPrDia <= 67.430 & Pt_A1cGoalLev <= 0.000) & UnitsInsBasalOrLongAct >= 0.000) & TotalDailyInsPerKg >= 0.000)
",9999999.000,9999999.000,0.000,1.000,0.000,0,0,3,0,0,3,3,0,0.0,0.0,1.0,0.0,0.0,1.0
"G[1,2](((TSH <= 1.023 | BGTestAvgNumPtRep <= 9.913) & bmi <= 5.981) -> bmiPerc <= 8.546)
",9999999.000,9999999.000,0.000,1.000,0.000,0,0,3,0,0,3,3,0,0.0,0.0,1.0,0.0,0.0,1.0
"G[0,2](Pt_MotherT1D <= 0.000 -> LDL >= 107.486)
",9999999.000,9999999.000,0.000,1.000,0.000,0,0,0,3,3,0,0,3,0.0,0.0,0.0,0.0,0.0,1.0
"G[0,2](((SMBGperDayPtMeterCombo >= 3.362 | HbA1c >= 7.808) & UnitsInsBasalOrLongAct >= 8.275) -> GFR <= 8.524)
",9999999.000,9999999.000,0.000,1.000,0.000,0,0,0,3,3,0,0,3,0.0,0.0,0.0,0.0,0.0,1.0
"G[2,2]((BldPrDia >= 61.811 | BldPrSys >= 126.986) | age >= 122.537)
",-61.811,-61.811,0.000,1.000,0.000,0,0,3,0,0,3,3,0,0.0,0.0,1.0,0.0,0.0,1.0
"G[0,2](((Pt_SHFlg <= 0.000 | HeightCm >= 162.398) & Pt_ChildT1D >= 161.827) -> Pt_SHFlg >= 162.705)
",9999999.000,9999999.000,0.000,1.000,0.000,0,0,3,0,0,3,3,0,0.0,0.0,1.0,0.0,0.0,1.0
"G[0,2](((bmiZscore <= -0.459 -> BUN <= 17.637) | AlbCreatRat_mggNew >= 16.060) -> BldPrSys <= 18.905)
",9999999.000,9999999.000,0.000,1.000,0.000,0,0,1,2,2,1,1,2,0.0,0.0,1.0,0.0,0.0,1.0
"G[0,2](((Pt_SHFlg <= 0.000 & bmiPerc <= 0.000) -> SMBGperDayPtMeterCombo >= 0.000) | TSH <= 0.000)
",9999999.000,9999999.000,0.000,1.000,0.000,0,0,3,0,0,3,3,0,0.0,0.0,1.0,0.0,0.0,1.0
"G[2,2](((UnitsInsBasalOrLongAct <= 13.576 & TotChol >= 185.821) | TSH <= 190.797) & LDL >= 182.210)
",-182.210,-182.210,0.000,1.000,0.000,0,0,3,0,0,3,3,0,0.0,0.0,1.0,0.0,0.0,1.0
"G[2,2]((BldPrDia >= 59.945 & Pt_CGMUseNumDays <= 0.000) | DirectLDL <= 0.000)
",0.000,0.000,0.000,1.000,0.000,0,0,3,0,0,3,3,0,0.0,0.0,1.0,0.0,0.0,1.0
"G[1,2]((Pt_A1cGoalLev <= 0.000 & Triglyc <= 102.636) -> Pt_A1cGoalLev >= 62.688)
",9999999.000,9999999.000,0.000,1.000,0.000,0,0,2,1,1,2,2,1,0.0,0.0,1.0,0.0,0.0,1.0
"G[1,2](((Pt_InsGov <= 0.000 & AlbCreatRat_mggNew <= 15.993) | HeightCm >= 7.396) -> NumPumpBolusOrShortAct <= 11.965)
",9999999.000,9999999.000,0.000,1.000,0.000,0,0,3,0,0,3,3,0,0.0,0.0,1.0,0.0,0.0,1.0
"G[2,2]((BldPrSys <= 133.766 | BldPrDia <= 70.017) & Pt_A1cGoalLevelDsYr5 >= 62.209)
",-62.209,-62.209,0.000,1.000,0.000,0,0,3,0,0,3,3,0,0.0,0.0,1.0,0.0,0.0,1.0
"G[0,2]((Pt_GrandchildT1D <= 0.000 & bmi >= 21.889) | HeightCm <= 22.885)
",9999999.000,9999999.000,0.000,1.000,0.000,0,0,2,1,1,2,2,1,0.0,0.0,1.0,0.0,0.0,1.0
"G[1,2](HbA1c <= 8.743 & LDL >= 106.931)
",9999999.000,9999999.000,0.000,1.000,0.000,0,0,1,2,2,1,1,2,0.0,0.0,1.0,0.0,0.0,1.0
"G[2,2]((bmiPerc <= 0.000 | Pt_DKAFlg >= 0.000) | WeightKg <= 0.000)
",0.000,0.000,0.000,1.000,0.000,0,0,3,0,0,3,3,0,0.0,0.0,1.0,0.0,0.0,1.0
"G[0,2](((TotalDailyInsPerKg <= 0.625 -> WeightKg <= 62.127) | HbA1c >= 60.080) -> bmiZscore <= 62.122)
",9999999.000,9999999.000,0.000,1.000,0.000,0,0,3,0,0,3,3,0,0.0,0.0,1.0,0.0,0.0,1.0
"G[0,2](((bmiZscore >= -0.540 -> HbA1c >= 8.054) | TSH >= 7.906) & diabDur >= 7.817)
",9999999.000,9999999.000,0.000,1.000,0.000,0,0,1,2,2,1,1,2,0.0,0.0,1.0,0.0,0.0,1.0
"G[1,2]((bmi >= 21.893 -> HbA1c <= 8.968) -> LDL <= 8.328)
",9999999.000,9999999.000,0.000,1.000,0.000,0,0,1,2,2,1,1,2,0.0,0.0,1.0,0.0,0.0,1.0
"G[0,1](((HbA1cImputeDtMnC <= 71.161 -> HeightCm >= 162.348) & Pt_SiblingT1D >= 162.539) | Pt_DKAFlg >= 162.725)
",9999999.000,9999999.000,0.000,1.000,0.000,0,0,0,3,3,0,0,3,0.0,0.0,0.0,0.0,0.0,1.0
"G[2,2](((diabDur <= 36.429 | NumPumpBolusOrShortAct <= 6.882) -> diagAgeCombo >= 5.010) & BUN >= 4.413)
",-36.429,-36.429,0.000,1.000,0.000,0,0,3,0,0,3,3,0,0.0,0.0,1.0,0.0,0.0,1.0
"G[0,2](((age <= 45.445 -> BGTestAvgNumMeter <= 4.129) & GFR >= 3.175) & Pt_GrandparentT1D >= 3.299)
",9999999.000,9999999.000,0.000,1.000,0.000,0,0,0,3,3,0,0,3,0.0,0.0,0.0,0.0,0.0,1.0
"G[0,0]((diabDur >= 31.507 & HeightCm >= 161.710) & HbA1cImputeDtMnC >= 161.512)
",-157.512,-157.512,0.000,1.000,0.000,0,0,0,3,3,0,0,3,0.0,0.0,0.0,0.0,0.0,1.0
"G[0,1](((HbA1cImputeDtMnC <= 61.341 -> UnitsInsBasalOrLongAct <= 15.825) | bmiPerc <= 12.532) -> Pt_SiblingT1D >= 7.322)
",9999999.000,9999999.000,0.000,1.000,0.000,0,0,0,3,3,0,0,3,0.0,0.0,0.0,0.0,0.0,1.0
"G[1,2](Triglyc >= 49.051 -> WeightKg >= 60.615)
",9999999.000,9999999.000,0.000,1.000,0.000,0,0,2,1,1,2,2,1,0.0,0.0,1.0,0.0,0.0,1.0
"G[1,2](((HbA1cImputeDtMnC >= 20.260 & SMBGperDayPtMeterCombo >= 3.070) | BGTestAvgNumPtRep >= 3.071) | BUN >= 3.238)
",9999999.000,9999999.000,0.000,1.000,0.000,0,0,3,0,0,3,3,0,0.0,0.0,1.0,0.0,0.0,1.0
"G[0,2]((bmi >= 22.535 | Triglyc <= 106.416) -> BldPrDia >= 66.390)
",9999999.000,9999999.000,0.000,1.000,0.000,0,0,0,3,3,0,0,3,0.0,0.0,0.0,0.0,0.0,1.0
"G[1,2](GFR <= 65.008 -> HbA1cImputeDtMnC >= 22.673)
",9999999.000,9999999.000,0.000,1.000,0.000,0,0,3,0,0,3,3,0,0.0,0.0,1.0,0.0,0.0,1.0
"G[2,2](AlbCreatRat_mggNew <= 17.310 & bmi <= 23.463)
",17.310,17.310,0.000,1.000,0.000,0,0,3,0,0,3,3,0,0.0,0.0,1.0,0.0,0.0,1.0
"G[0,2]((AlbCreatRat_mggNew >= 3.772 -> WeightKg <= 60.937) & diagAgeCombo <= 61.652)
",9999999.000,9999999.000,0.000,1.000,0.000,0,0,0,3,3,0,0,3,0.0,0.0,0.0,0.0,0.0,1.0
"G[0,2]((Triglyc <= 95.752 -> BUN >= 15.010) -> Pt_A1cGoalLevelDsYr5 >= 15.093)
",9999999.000,9999999.000,0.000,1.000,0.000,0,0,1,2,2,1,1,2,0.0,0.0,1.0,0.0,0.0,1.0
"G[0,2](((bmiZscore >= -0.549 -> TSH >= 0.037) -> Pt_GrandparentT1D <= 0.525) & NumPumpBolusOrShortAct >= 0.006)
",9999999.000,9999999.000,0.000,1.000,0.000,0,0,3,0,0,3,3,0,0.0,0.0,1.0,0.0,0.0,1.0
"G[0,2](((GFR >= 61.755 & WeightKg <= 61.441) & DirectLDL >= 59.111) -> TotalDailyInsPerKg >= 59.596)
",9999999.000,9999999.000,0.000,1.000,0.000,0,0,3,0,0,3,3,0,0.0,0.0,1.0,0.0,0.0,1.0
"G[0,2]((NumPumpBolusOrShortAct <= 6.609 -> WeightKg >= 59.325) -> HeightCm <= 60.799)
",9999999.000,9999999.000,0.000,1.000,0.000,0,0,0,3,3,0,0,3,0.0,0.0,0.0,0.0,0.0,1.0
"G[0,2]((TSH >= 0.234 -> WeightKg >= 60.694) | bmiZscore <= 61.078)
",9999999.000,9999999.000,0.000,1.000,0.000,0,0,3,0,0,3,3,0,0.0,0.0,1.0,0.0,0.0,1.0
"G[1,2](HDL <= 63.902 | UnitsInsBasalOrLongAct <= 15.359)
",9999999.000,9999999.000,0.000,1.000,0.000,0,0,3,0,0,3,3,0,0.0,0.0,1.0,0.0,0.0,1.0
"G[0,0]((HbA1c >= 8.062 & TotalDailyInsPerKg >= 0.495) & diagAgeCombo >= 0.476)
",-8.062,-8.062,0.000,1.000,0.000,0,0,0,3,3,0,0,3,0.0,0.0,0.0,0.0,0.0,1.0
"G[1,2]((BldPrDia <= 65.081 -> TSH >= 0.050) & UnitsInsBasalOrLongAct >= 0.138)
",9999999.000,9999999.000,0.000,1.000,0.000,0,0,2,1,1,2,2,1,0.0,0.0,1.0,0.0,0.0,1.0
"G[1,2](((BGTestAvgNumPtRep >= 2.036 | BUN <= 18.544) & HbA1cImputeDtMnC <= 18.687) | Pt_InsGov <= 18.984)
",9999999.000,9999999.000,0.000,1.000,0.000,0,0,3,0,0,3,3,0,0.0,0.0,1.0,0.0,0.0,1.0
"G[2,2](((HbA1cImputeDtMnC >= 21.846 | TotalDailyInsPerKg >= 0.524) -> HbA1cImputeDtMnC <= 0.570) | TotChol <= 0.532)
",0.532,0.532,0.000,1.000,0.000,0,0,3,0,0,3,3,0,0.0,0.0,1.0,0.0,0.0,1.0
"G[0,1](((BGTestAvgNumPtRep >= 2.470 & HDL <= 61.415) -> age >= 58.902) & Pt_ChildT1D <= 63.976)
",9999999.000,9999999.000,0.000,1.000,0.000,0,0,1,2,2,1,1,2,0.0,0.0,1.0,0.0,0.0,1.0
"G[0,0](((HeightCm >= 161.839 | SMBGperDayPtMeterCombo <= 3.451) | Pt_DKAFlg >= 3.209) -> Pt_A1cGoalLev >= 3.257)
",-6.743,-6.743,0.000,1.000,0.000,0,0,0,3,3,0,0,3,0.0,0.0,0.0,0.0,0.0,1.0
"G[0,2](((BGTestAvgNumMeter >= 3.309 -> HDL >= 58.507) -> DirectLDL >= 58.193) & AutonomicNeuroCl >= 60.381)
",9999999.000,9999999.000,0.000,1.000,0.000,0,0,0,3,3,0,0,3,0.0,0.0,0.0,0.0,0.0,1.0
"G[1,2](age >= 43.536 & HbA1cImputeDtMnC <= 52.314)
",9999999.000,9999999.000,0.000,1.000,0.000,0,0,2,1,1,2,2,1,0.0,0.0,1.0,0.0,0.0,1.0
"G[0,1](NumPumpBolusOrShortAct >= 4.023 | UnitsInsBasalOrLongAct <= 14.670)
",9999999.000,9999999.000,0.000,1.000,0.000,0,0,0,3,3,0,0,3,0.0,0.0,0.0,0.0,0.0,1.0
"G[1,2](bmi <= 23.271 & Pt_SHFlg = 0.000)
",9999999.000,9999999.000,0.000,1.000,0.000,0,0,2,1,1,2,2,1,0.0,0.0,1.0,0.0,0.0,1.0
"G[0,2](Pt_MotherT1D > 0.000 & Pt_SHFlg = 0.000)
",9999999.000,9999999.000,0.000,1.000,0.000,0,0,0,3,3,0,0,3,0.0,0.0,0.0,0.0,0.0,1.0
"G[1,2]((WeightKg >= 59.037 | bmi >= 22.607) -> UnitsInsBasalOrLongAct <= 15.484)
",9999999.000,9999999.000,0.000,1.000,0.000,0,0,3,0,0,3,3,0,0.0,0.0,1.0,0.0,0.0,1.0
"G[2,2](SMBGperDayPtMeterCombo >= 3.093 & BGTestAvgNumPtRep >= 0.468)
",-3.093,-3.093,0.000,1.000,0.000,0,0,3,0,0,3,3,0,0.0,0.0,1.0,0.0,0.0,1.0
"G[1,1](SMBGperDayPtMeterCombo >= 3.272 & BGTestAvgNumPtRep >= 2.666)
",-3.272,-3.272,0.000,1.000,0.000,0,0,1,2,2,1,1,2,0.0,0.0,1.0,0.0,0.0,1.0
"G[0,2]((WeightKg >= 60.126 | bmi >= 22.397) -> UnitsInsBasalOrLongAct <= 14.117)
",9999999.000,9999999.000,0.000,1.000,0.000,0,0,1,2,2,1,1,2,0.0,0.0,1.0,0.0,0.0,1.0
"G[0,2](SMBGperDayPtMeterCombo >= 3.377 & BGTestAvgNumPtRep >= 2.382)
",9999999.000,9999999.000,0.000,1.000,0.000,0,0,0,3,3,0,0,3,0.0,0.0,0.0,0.0,0.0,1.0
"G[2,2](GFR <= 77.632 -> BUN >= 16.578)
",-77.632,-77.632,0.000,1.000,0.000,0,0,3,0,0,3,3,0,0.0,0.0,1.0,0.0,0.0,1.0
"G[0,2]((WeightKg >= 59.308 | bmi >= 22.386) -> UnitsInsBasalOrLongAct <= 13.692)
",9999999.000,9999999.000,0.000,1.000,0.000,0,0,1,2,2,1,1,2,0.0,0.0,1.0,0.0,0.0,1.0
"G[0,2](SMBGperDayPtMeterCombo >= 3.339 & BGTestAvgNumPtRep >= 0.825)
",9999999.000,9999999.000,0.000,1.000,0.000,0,0,0,3,3,0,0,3,0.0,0.0,0.0,0.0,0.0,1.0
"G[1,2](GFR <= 64.514 -> BUN >= 15.318)
",9999999.000,9999999.000,0.000,1.000,0.000,0,0,3,0,0,3,3,0,0.0,0.0,1.0,0.0,0.0,1.0
"G[0,1](SMBGperDayPtMeterCombo >= 3.279 & BGTestAvgNumPtRep >= 0.998)
",9999999.000,9999999.000,0.000,1.000,0.000,0,0,0,3,3,0,0,3,0.0,0.0,0.0,0.0,0.0,1.0
"G[2,2](GFR <= 70.951 -> BUN >= 15.953)
",-70.951,-70.951,0.000,1.000,0.000,0,0,3,0,0,3,3,0,0.0,0.0,1.0,0.0,0.0,1.0
"G[0,2]((WeightKg >= 58.883 | bmi >= 22.046) -> UnitsInsBasalOrLongAct <= 14.163)
",9999999.000,9999999.000,0.000,1.000,0.000,0,0,1,2,2,1,1,2,0.0,0.0,1.0,0.0,0.0,1.0
"G[1,2](SMBGperDayPtMeterCombo >= 3.360 & BGTestAvgNumPtRep >= 0.203)
",9999999.000,9999999.000,0.000,1.000,0.000,0,0,1,2,2,1,1,2,0.0,0.0,1.0,0.0,0.0,1.0
"G[0,2](GFR <= 72.871 -> BUN >= 17.303)
",9999999.000,9999999.000,0.000,1.000,0.000,0,0,3,0,0,3,3,0,0.0,0.0,1.0,0.0,0.0,1.0
"G[1,2]((WeightKg >= 59.722 | bmi >= 21.808) -> UnitsInsBasalOrLongAct <= 13.898)
",9999999.000,9999999.000,0.000,1.000,0.000,0,0,2,1,1,2,2,1,0.0,0.0,1.0,0.0,0.0,1.0
"G[1,2](SMBGperDayPtMeterCombo >= 3.196 & BGTestAvgNumPtRep >= 0.696)
",9999999.000,9999999.000,0.000,1.000,0.000,0,0,1,2,2,1,1,2,0.0,0.0,1.0,0.0,0.0,1.0
"G[1,2](SMBGperDayPtMeterCombo >= 3.167 & BGTestAvgNumPtRep >= 1.256)
",9999999.000,9999999.000,0.000,1.000,0.000,0,0,1,2,2,1,1,2,0.0,0.0,1.0,0.0,0.0,1.0
"G[0,2](bmi < 23.012 -> Pt_SHFlg = 0.000)
",9999999.000,9999999.000,0.000,1.000,0.000,0,0,3,0,0,3,3,0,0.0,0.0,1.0,0.0,0.0,1.0
"G[1,2](diabDur >= 32.365 -> Pt_SHFlg = 0.000)
",9999999.000,9999999.000,0.000,1.000,0.000,0,0,3,0,0,3,3,0,0.0,0.0,1.0,0.0,0.0,1.0
"G[1,2](Pt_SHFlg <= 0.000 -> Pt_SHFlg = 0.000)
",9999999.000,9999999.000,0.000,1.000,0.000,0,0,3,0,0,3,3,0,0.0,0.0,1.0,0.0,0.0,1.0
"G[0,1](Pt_SHFlg < 0.000 & Pt_SHFlg = 0.000)
",9999999.000,9999999.000,0.000,1.000,0.000,0,0,0,3,3,0,0,3,0.0,0.0,0.0,0.0,0.0,1.0
"G[0,2](Pt_MotherT1D >= 0.000 & Pt_SHFlg = 0.000)
",9999999.000,9999999.000,0.000,1.000,0.000,0,0,3,0,0,3,3,0,0.0,0.0,1.0,0.0,0.0,1.0
"G[1,2](bmiPerc <= 0.000 -> Pt_SHFlg = 0.000)
",9999999.000,9999999.000,0.000,1.000,0.000,0,0,3,0,0,3,3,0,0.0,0.0,1.0,0.0,0.0,1.0
"G[2,2](BldPrDia <= 68.907 & Pt_SHFlg = 0.000)
",0.000,0.000,0.000,1.000,0.000,0,0,3,0,0,3,3,0,0.0,0.0,1.0,0.0,0.0,1.0
"G[1,2](WeightKg < 60.845 -> Pt_SHFlg = 0.000)
",9999999.000,9999999.000,0.000,1.000,0.000,0,0,3,0,0,3,3,0,0.0,0.0,1.0,0.0,0.0,1.0
"G[2,2](BldPrSys >= 122.982 -> BUN <= 17.950)
",-17.950,-17.950,0.000,1.000,0.000,0,0,3,0,0,3,3,0,0.0,0.0,1.0,0.0,0.0,1.0
"G[0,1](BGTestAvgNumPtRep <= 4.270 & WeightKg <= 60.890)
",9999999.000,9999999.000,0.000,1.000,0.000,0,0,0,3,3,0,0,3,0.0,0.0,0.0,0.0,0.0,1.0
"G[2,2]((BldPrDia <= 64.563 | Triglyc >= 50.614) | TSH >= 65.121)
",64.563,64.563,0.000,1.000,0.000,0,0,3,0,0,3,3,0,0.0,0.0,1.0,0.0,0.0,1.0
"G[1,2](((bmiZscore <= -0.492 -> HDL <= 61.272) | Triglyc <= 62.337) & HbA1cImputeDtMnC >= 60.517)
",9999999.000,9999999.000,0.000,1.000,0.000,0,0,2,1,1,2,2,1,0.0,0.0,1.0,0.0,0.0,1.0
"G[0,1]((bmi <= 23.384 -> UnitsInsBasalOrLongAct >= 8.365) -> bmiPerc >= 9.886)
",9999999.000,9999999.000,0.000,1.000,0.000,0,0,0,3,3,0,0,3,0.0,0.0,0.0,0.0,0.0,1.0
"G[0,2](((BldPrSys <= 133.774 -> HbA1c <= 8.657) | Pt_GrandparentT1D <= 8.655) & Triglyc <= 8.587)
",9999999.000,9999999.000,0.000,1.000,0.000,0,0,0,3,3,0,0,3,0.0,0.0,0.0,0.0,0.0,1.0
"G[0,1](BldPrSys >= 126.397 & LDL >= 113.496)
",9999999.000,9999999.000,0.000,1.000,0.000,0,0,0,3,3,0,0,3,0.0,0.0,0.0,0.0,0.0,1.0
"G[0,1](diabDur >= 30.679 -> HbA1c <= 8.610)
",9999999.000,9999999.000,0.000,1.000,0.000,0,0,1,2,2,1,1,2,0.0,0.0,1.0,0.0,0.0,1.0
"G[1,2](BldPrSys <= 130.062 -> bmi >= 22.689)
",9999999.000,9999999.000,0.000,1.000,0.000,0,0,2,1,1,2,2,1,0.0,0.0,1.0,0.0,0.0,1.0
"G[1,2]((BldPrSys <= 127.832 & bmiZscore <= -0.488) | AlbCreatRat_mggNew <= -0.508)
",9999999.000,9999999.000,0.000,1.000,0.000,0,0,1,2,2,1,1,2,0.0,0.0,1.0,0.0,0.0,1.0
"G[0,2]((BldPrDia <= 67.779 | diabDur >= 33.363) -> Pt_SHFlg >= 31.163)
",9999999.000,9999999.000,0.000,1.000,0.000,0,0,0,3,3,0,0,3,0.0,0.0,0.0,0.0,0.0,1.0
"G[0,2](((BldPrDia <= 67.242 & bmiZscore <= -0.471) & HbA1cImputeDtMnC >= -0.566) & Pt_A1cGoalLev >= -0.593)
",9999999.000,9999999.000,0.000,1.000,0.000,0,0,1,2,2,1,1,2,0.0,0.0,1.0,0.0,0.0,1.0
"G[1,2]((BUN <= 17.875 | WeightKg <= 61.430) | LDL <= 62.120)
",9999999.000,9999999.000,0.000,1.000,0.000,0,0,3,0,0,3,3,0,0.0,0.0,1.0,0.0,0.0,1.0
"G[0,2](((BldPrDia >= 59.290 & HbA1c <= 8.491) | BGTestAvgNumPtRep <= 8.957) | SMBGperDayPtMeterCombo <= 8.615)
",9999999.000,9999999.000,0.000,1.000,0.000,0,0,3,0,0,3,3,0,0.0,0.0,1.0,0.0,0.0,1.0
"G[0,2](LDL >= 91.700 & TotalDailyInsPerKg >= 0.526)
",9999999.000,9999999.000,0.000,1.000,0.000,0,0,0,3,3,0,0,3,0.0,0.0,0.0,0.0,0.0,1.0
"G[0,2](BUN >= 15.638 | HbA1c <= 8.454)
",9999999.000,9999999.000,0.000,1.000,0.000,0,0,3,0,0,3,3,0,0.0,0.0,1.0,0.0,0.0,1.0
"G[2,2](((TotalDailyInsPerKg >= 0.489 | TotChol >= 181.281) | BGTestAvgNumMeter >= 174.465) | diabDur >= 176.283)
",-0.489,-0.489,0.000,1.000,0.000,0,0,3,0,0,3,3,0,0.0,0.0,1.0,0.0,0.0,1.0
"G[1,2](bmiZscore <= -0.490 -> BUN >= 17.039)
",9999999.000,9999999.000,0.000,1.000,0.000,0,0,2,1,1,2,2,1,0.0,0.0,1.0,0.0,0.0,1.0
"G[0,2](BldPrSys >= 119.654 -> Triglyc <= 85.332)
",9999999.000,9999999.000,0.000,1.000,0.000,0,0,2,1,1,2,2,1,0.0,0.0,1.0,0.0,0.0,1.0
"G[0,1]((age >= 42.700 | AlbCreatRat_mggNew >= 3.798) -> diabDur <= 13.571)
",9999999.000,9999999.000,0.000,1.000,0.000,0,0,0,3,3,0,0,3,0.0,0.0,0.0,0.0,0.0,1.0
"G[0,2]((BldPrDia <= 70.965 & TotalDailyInsPerKg <= 0.549) & diagAgeCombo >= 0.501)
",9999999.000,9999999.000,0.000,1.000,0.000,0,0,1,2,2,1,1,2,0.0,0.0,1.0,0.0,0.0,1.0
"G[2,2](bmi <= 23.149 | LDL >= 101.111)
",23.149,23.149,0.000,1.000,0.000,0,0,3,0,0,3,3,0,0.0,0.0,1.0,0.0,0.0,1.0
"G[0,1](((HDL <= 64.368 & TSH >= 0.019) & NumPumpBolusOrShortAct >= 0.132) & Pt_InsGov <= 0.604)
",9999999.000,9999999.000,0.000,1.000,0.000,0,0,0,3,3,0,0,3,0.0,0.0,0.0,0.0,0.0,1.0
"G[1,2]((Pt_A1cGoalLevelDsYr5 >= 0.000 & bmi >= 22.162) -> bmi >= 22.033)
",9999999.000,9999999.000,0.000,1.000,0.000,0,0,3,0,0,3,3,0,0.0,0.0,1.0,0.0,0.0,1.0
"G[0,2](((diabDur >= 30.739 | AlbCreatRat_mggNew >= 3.732) -> Pt_CGMUseNumDays <= 15.062) -> Pt_InsGov >= 7.604)
",9999999.000,9999999.000,0.000,1.000,0.000,0,0,0,3,3,0,0,3,0.0,0.0,0.0,0.0,0.0,1.0
"G[1,2]((WeightKg <= 61.258 & bmiPerc <= 0.000) -> UnitsInsBasalOrLongAct >= 0.000)
",9999999.000,9999999.000,0.000,1.000,0.000,0,0,3,0,0,3,3,0,0.0,0.0,1.0,0.0,0.0,1.0
"G[0,2]((DirectLDL >= 0.000 -> DirectLDL <= 0.000) -> Pt_InsGov <= 0.000)
",9999999.000,9999999.000,0.000,1.000,0.000,0,0,3,0,0,3,3,0,0.0,0.0,1.0,0.0,0.0,1.0
"G[0,0](((LDL >= 102.623 & bmiPerc >= 0.000) & diabDur <= 0.000) | BldPrSys <= 0.000)
",0.000,0.000,0.000,1.000,0.000,0,0,0,3,3,0,0,3,0.0,0.0,0.0,0.0,0.0,1.0
"G[2,2](((Pt_SHFlg >= 0.000 & HbA1cImputeDtMnC <= 73.226) | GFR >= 35.552) -> AlbCreatRat_mggNew <= 62.879)
",-62.879,-62.879,0.000,1.000,0.000,0,0,3,0,0,3,3,0,0.0,0.0,1.0,0.0,0.0,1.0
"G[1,1](BldPrDia >= 64.194 | GFR <= 70.650)
",70.650,70.650,0.000,1.000,0.000,0,0,1,2,2,1,1,2,0.0,0.0,1.0,0.0,0.0,1.0
"G[0,2](((HbA1cImputeDtMnC >= 42.777 & TSH >= 0.071) | NumPumpBolusOrShortAct <= 0.999) -> Pt_InsGov <= 0.424)
",9999999.000,9999999.000,0.000,1.000,0.000,0,0,3,0,0,3,3,0,0.0,0.0,1.0,0.0,0.0,1.0
"G[0,1]((BGTestAvgNumPtRep >= 0.738 | bmiZscore <= -0.489) -> Pt_MotherT1D <= -0.483)
",9999999.000,9999999.000,0.000,1.000,0.000,0,0,1,2,2,1,1,2,0.0,0.0,1.0,0.0,0.0,1.0
"G[1,1](((BldPrDia <= 69.465 & UnitsInsBasalOrLongAct <= 12.808) & BGTestAvgNumMeter <= 12.634) & Pt_GrandchildT1D <= 14.416)
",12.634,12.634,0.000,1.000,0.000,0,0,1,2,2,1,1,2,0.0,0.0,1.0,0.0,0.0,1.0
"G[0,2]((HbA1c >= 8.121 -> SMBGperDayPtMeterCombo >= 3.398) | bmiZscore >= 3.111)
",9999999.000,9999999.000,0.000,1.000,0.000,0,0,1,2,2,1,1,2,0.0,0.0,1.0,0.0,0.0,1.0
"G[1,2]((BldPrSys <= 128.756 | NumPumpBolusOrShortAct >= 5.071) | TSH >= 4.885)
",9999999.000,9999999.000,0.000,1.000,0.000,0,0,2,1,1,2,2,1,0.0,0.0,1.0,0.0,0.0,1.0
"G[1,2](BGTestAvgNumPtRep <= 5.415 | UnitsInsBasalOrLongAct <= 12.844)
",9999999.000,9999999.000,0.000,1.000,0.000,0,0,2,1,1,2,2,1,0.0,0.0,1.0,0.0,0.0,1.0
"G[2,2](BldPrSys <= 133.370 -> HeightCm >= 161.588)
",-133.370,-133.370,0.000,1.000,0.000,0,0,3,0,0,3,3,0,0.0,0.0,1.0,0.0,0.0,1.0
"G[1,2](BGTestAvgNumPtRep <= 5.436 & Triglyc <= 98.831)
",9999999.000,9999999.000,0.000,1.000,0.000,0,0,1,2,2,1,1,2,0.0,0.0,1.0,0.0,0.0,1.0
"G[0,2]((AlbCreatRat_mggNew <= 12.096 & NumPumpBolusOrShortAct >= 4.091) -> Pt_MotherT1D >= 4.730)
",9999999.000,9999999.000,0.000,1.000,0.000,0,0,3,0,0,3,3,0,0.0,0.0,1.0,0.0,0.0,1.0
"G[1,2](((age >= 43.423 -> WeightKg <= 61.208) -> LDL >= 59.183) -> bmiPerc <= 60.966)
",9999999.000,9999999.000,0.000,1.000,0.000,0,0,3,0,0,3,3,0,0.0,0.0,1.0,0.0,0.0,1.0
"G[2,2]((LDL >= 114.568 -> SMBGperDayPtMeterCombo >= 3.138) & bmi <= 4.283)
",3.138,3.138,0.000,1.000,0.000,0,0,3,0,0,3,3,0,0.0,0.0,1.0,0.0,0.0,1.0
"G[0,2](((LDL >= 93.679 -> NumPumpBolusOrShortAct <= 7.902) & HDL <= 9.767) | Pt_A1cGoalLev >= 4.785)
",9999999.000,9999999.000,0.000,1.000,0.000,0,0,0,3,3,0,0,3,0.0,0.0,0.0,0.0,0.0,1.0
"G[2,2](AlbCreatRat_mggNew <= 12.401 | UnitsInsBasalOrLongAct <= 12.262)
",12.401,12.401,0.000,1.000,0.000,0,0,3,0,0,3,3,0,0.0,0.0,1.0,0.0,0.0,1.0
"G[1,2](((BGTestAvgNumPtRep >= 0.748 | TSH <= 0.420) | diagAgeCombo >= 0.112) | HeightCm <= 0.750)
",9999999.000,9999999.000,0.000,1.000,0.000,0,0,3,0,0,3,3,0,0.0,0.0,1.0,0.0,0.0,1.0
"G[1,2](LDL <= 142.366 & WeightKg <= 61.880)
",9999999.000,9999999.000,0.000,1.000,0.000,0,0,3,0,0,3,3,0,0.0,0.0,1.0,0.0,0.0,1.0
"G[0,2]((age <= 46.081 & BUN >= 16.351) & LDL <= 18.004)
",9999999.000,9999999.000,0.000,1.000,0.000,0,0,0,3,3,0,0,3,0.0,0.0,0.0,0.0,0.0,1.0
"G[0,2](((bmiZscore <= -0.466 -> HbA1cImputeDtMnC <= 75.548) & Pt_GrandparentT1D <= 74.822) & Triglyc >= 46.667)
",9999999.000,9999999.000,0.000,1.000,0.000,0,0,2,1,1,2,2,1,0.0,0.0,1.0,0.0,0.0,1.0
"G[0,2](BGTestAvgNumPtRep <= 4.783 -> HbA1cImputeDtMnC <= 65.089)
",9999999.000,9999999.000,0.000,1.000,0.000,0,0,2,1,1,2,2,1,0.0,0.0,1.0,0.0,0.0,1.0
"G[0,1](BGTestAvgNumPtRep >= 2.430 & TotChol >= 170.194)
",9999999.000,9999999.000,0.000,1.000,0.000,0,0,0,3,3,0,0,3,0.0,0.0,0.0,0.0,0.0,1.0
"G[0,0]((BldPrDia <= 67.580 | BldPrSys <= 133.682) & Pt_GrandparentT1D >= 119.151)
",-119.151,-119.151,0.000,1.000,0.000,0,0,0,3,3,0,0,3,0.0,0.0,0.0,0.0,0.0,1.0
"G[2,2]((bmi >= 21.805 -> TotChol >= 182.511) | HDL >= 176.423)
",21.805,21.805,0.000,1.000,0.000,0,0,3,0,0,3,3,0,0.0,0.0,1.0,0.0,0.0,1.0
"G[2,2]((HeightCm >= 162.743 | TSH >= 0.024) -> Pt_InsGov <= 1.215)
",-1.215,-1.215,0.000,1.000,0.000,0,0,3,0,0,3,3,0,0.0,0.0,1.0,0.0,0.0,1.0
"G[1,1](BGTestAvgNumMeter >= 3.148 & TSH <= 1.196)
",-3.148,-3.148,0.000,1.000,0.000,0,0,1,2,2,1,1,2,0.0,0.0,1.0,0.0,0.0,1.0
"G[0,2](HbA1c <= 8.946 | HeightCm <= 163.915)
",9999999.000,9999999.000,0.000,1.000,0.000,0,0,3,0,0,3,3,0,0.0,0.0,1.0,0.0,0.0,1.0
"G[0,2]((BUN >= 16.730 | NumPumpBolusOrShortAct <= 9.526) | Pt_GrandchildT1D >= 4.409)
",9999999.000,9999999.000,0.000,1.000,0.000,0,0,3,0,0,3,3,0,0.0,0.0,1.0,0.0,0.0,1.0
"G[0,1](bmi <= 23.202 & GFR <= 74.911)
",9999999.000,9999999.000,0.000,1.000,0.000,0,0,0,3,3,0,0,3,0.0,0.0,0.0,0.0,0.0,1.0
"G[0,2](((HDL <= 64.556 | TotChol >= 187.743) | AlbCreatRat_mggNew >= 179.964) & HbA1c >= 177.096)
",9999999.000,9999999.000,0.000,1.000,0.000,0,0,0,3,3,0,0,3,0.0,0.0,0.0,0.0,0.0,1.0
"G[2,2]((BGTestAvgNumMeter >= 3.008 & bmiZscore <= -0.455) -> AutonomicNeuroCl >= -0.527)
",-0.527,-0.527,0.000,1.000,0.000,0,0,3,0,0,3,3,0,0.0,0.0,1.0,0.0,0.0,1.0
"G[0,1]((HDL >= 59.951 & SMBGperDayPtMeterCombo <= 4.320) -> Triglyc <= 3.940)
",9999999.000,9999999.000,0.000,1.000,0.000,0,0,0,3,3,0,0,3,0.0,0.0,0.0,0.0,0.0,1.0
