Rule,Discrimination Score,Pos Robustness,Neg Robustness,Percent Class +,Percent Class -,TP,TN,FP,FN,Actual Yes,Actual No,Predicted Yes,Predicted No,TPR/Sens,TNR/Spec,FPR,Precision,Accuracy,MCR
"G[0,0]((AlbCreatRat_mggNew >= 11.086 | Pt_InsGov >= 0.012) | BldPrSys >= 0.173)
",-0.012,-0.012,0.000,1.000,0.000,4,0,0,0,4,0,4,0,1.0,0.0,0.0,1.0,1.1428571428571428,-0.1428571428571428
"G[0,0](GFR >= 0.000 | BldPrDia >= 70.423)
",7.527,53.577,0.000,1.000,0.000,4,0,0,0,4,0,4,0,1.0,0.0,0.0,1.0,1.1428571428571428,-0.1428571428571428
"G[0,0](Pt_MotherT1D <= 0.000 -> Pt_SiblingT1D <= 0.000)
",0.000,0.000,0.000,1.000,0.000,4,0,0,0,4,0,4,0,1.0,0.0,0.0,1.0,1.1428571428571428,-0.1428571428571428
"G[0,0]((Pt_FatherT1D <= 0.000 & BGTestAvgNumMeter <= 1.267) -> HbA1c >= 0.147)
",-0.568,-0.311,0.000,1.000,0.000,4,0,0,0,4,0,4,0,1.0,0.0,0.0,1.0,1.1428571428571428,-0.1428571428571428
"G[0,0]((TotChol >= 115.824 -> UnitsInsBasalOrLongAct >= 18.768) -> Pt_FatherT1D <= 35.529)
",-35.529,-35.529,0.000,1.000,0.000,4,0,0,0,4,0,4,0,1.0,0.0,0.0,1.0,1.1428571428571428,-0.1428571428571428
"G[0,0](Pt_ChildT1D <= 0.000 | HbA1c >= 8.037)
",0.000,0.000,0.000,1.000,0.000,4,0,0,0,4,0,4,0,1.0,0.0,0.0,1.0,1.1428571428571428,-0.1428571428571428
"G[0,0]((Pt_MotherT1D >= 0.000 | Pt_FatherT1D <= 0.000) & Pt_CGMUseNumDays <= 0.000)
",-16671.000,-16671.000,0.000,1.000,0.000,4,0,0,0,4,0,4,0,1.0,0.0,0.0,1.0,1.1428571428571428,-0.1428571428571428
"G[0,0](((bmiZscore <= 2.247 -> DirectLDL <= 0.437) & Pt_CGMUseNumDays <= 0.571) | BGTestAvgNumMeter <= 0.518)
",-0.677,-11.482,0.000,1.000,0.000,4,0,0,0,4,0,4,0,1.0,0.0,0.0,1.0,1.1428571428571428,-0.1428571428571428
"G[0,0](((Pt_SHFlg >= 0.000 | Pt_CGMUseNumDays <= 0.000) -> AutonomicNeuroCl <= 0.000) | SMBGperDayPtMeterCombo <= 0.000)
",-1.813,-44.437,0.000,1.000,0.000,4,0,0,0,4,0,4,0,1.0,0.0,0.0,1.0,1.1428571428571428,-0.1428571428571428
"G[0,0](DirectLDL >= 0.195 -> Pt_SHFlg = 0.000)
",-226.286,-157.138,0.000,1.000,0.000,4,0,0,0,4,0,4,0,1.0,0.0,0.0,1.0,1.1428571428571428,-0.1428571428571428
"G[0,1](((diabDur >= 2.851 -> HbA1c >= 7.620) | Pt_SHFlg <= 9.287) | Pt_DKAFlg <= 10.179)
",9999999.000,9999999.000,0.000,1.000,0.000,3,0,1,0,3,1,4,0,1.0,0.0,1.0,0.75,0.8571428571428571,0.1428571428571429
"G[0,1](diabDur < 5.142 -> Pt_SHFlg = 0.000)
",9999999.000,9999999.000,0.000,1.000,0.000,3,0,1,0,3,1,4,0,1.0,0.0,1.0,0.75,0.8571428571428571,0.1428571428571429
"G[1,1](((BGTestAvgNumPtRep >= 0.188 | TotalDailyInsPerKg >= 0.350) & Pt_DKAFlg <= 0.551) | age >= 0.275)
",-0.188,-0.188,0.000,1.000,0.000,3,0,1,0,3,1,4,0,1.0,0.0,1.0,0.75,0.8571428571428571,0.1428571428571429
"G[1,1]((Pt_DKAFlg <= 0.796 -> WeightKg >= 65.034) | LDL <= 89.816)
",89.816,89.816,0.000,1.000,0.000,3,0,1,0,3,1,4,0,1.0,0.0,1.0,0.75,0.8571428571428571,0.1428571428571429
"G[1,1](((bmi <= 34.519 | BldPrDia <= 78.846) -> SMBGperDayPtMeterCombo <= 83.255) | HDL <= 77.004)
",77.004,77.004,0.000,1.000,0.000,3,0,1,0,3,1,4,0,1.0,0.0,1.0,0.75,0.8571428571428571,0.1428571428571429
"G[0,1](((HbA1cImputeDtMnC <= 57.034 -> SMBGperDayPtMeterCombo <= 5.834) -> Pt_DKAFlg >= 0.501) -> BUN <= 3.179)
",9999999.000,9999999.000,0.000,1.000,0.000,3,0,1,0,3,1,4,0,1.0,0.0,1.0,0.75,0.8571428571428571,0.1428571428571429
"G[0,1](((DirectLDL >= 0.008 | UnitsInsBasalOrLongAct <= 28.073) & BGTestAvgNumMeter <= 37.872) -> Pt_SiblingT1D <= 29.324)
",9999999.000,9999999.000,0.000,1.000,0.000,3,0,1,0,3,1,4,0,1.0,0.0,1.0,0.75,0.8571428571428571,0.1428571428571429
"G[0,1](((bmiZscore >= 1.640 & WeightKg <= 88.744) -> Pt_FatherT1D >= 67.889) | WeightKg >= 64.785)
",9999999.000,9999999.000,0.000,1.000,0.000,3,0,1,0,3,1,4,0,1.0,0.0,1.0,0.75,0.8571428571428571,0.1428571428571429
"G[0,1]((Pt_A1cGoalLev >= 0.991 -> UnitsInsBasalOrLongAct <= 29.909) -> Pt_SHFlg <= 32.401)
",9999999.000,9999999.000,0.000,1.000,0.000,3,0,1,0,3,1,4,0,1.0,0.0,1.0,0.75,0.8571428571428571,0.1428571428571429
"G[0,1](bmi >= 25.879 | HbA1cImputeDtMnC <= 46.820)
",9999999.000,9999999.000,0.000,1.000,0.000,3,0,1,0,3,1,4,0,1.0,0.0,1.0,0.75,0.8571428571428571,0.1428571428571429
"G[1,1]((HbA1cImputeDtMnC >= 0.089 | WeightKg >= 69.011) -> HDL <= 85.370)
",-85.370,-85.370,0.000,1.000,0.000,3,0,1,0,3,1,4,0,1.0,0.0,1.0,0.75,0.8571428571428571,0.1428571428571429
"G[1,1](((DirectLDL <= 0.725 -> Pt_FatherT1D <= 0.000) & UnitsInsBasalOrLongAct >= 0.000) | diagAgeCombo <= 0.000)
",0.000,0.000,0.000,1.000,0.000,3,0,1,0,3,1,4,0,1.0,0.0,1.0,0.75,0.8571428571428571,0.1428571428571429
"G[0,1]((bmi >= 26.525 | Pt_DKAFlg >= 0.172) | bmiPerc >= 0.027)
",9999999.000,9999999.000,0.000,1.000,0.000,3,0,1,0,3,1,4,0,1.0,0.0,1.0,0.75,0.8571428571428571,0.1428571428571429
"G[0,1](((bmiPerc >= 0.952 -> WeightKg >= 59.748) | Pt_SiblingT1D >= 78.655) -> HeightCm >= 60.557)
",9999999.000,9999999.000,0.000,1.000,0.000,3,0,1,0,3,1,4,0,1.0,0.0,1.0,0.75,0.8571428571428571,0.1428571428571429
"G[0,1](UnitsInsBasalOrLongAct >= 11.552 -> Pt_GrandparentT1D <= 0.000)
",9999999.000,9999999.000,0.000,1.000,0.000,3,0,1,0,3,1,4,0,1.0,0.0,1.0,0.75,0.8571428571428571,0.1428571428571429
"G[0,1](((BGTestAvgNumPtRep <= 2.441 & UnitsInsBasalOrLongAct >= 10.612) -> Pt_InsGov >= 10.855) -> UnitsInsBasalOrLongAct <= 22.395)
",9999999.000,9999999.000,0.000,1.000,0.000,3,0,1,0,3,1,4,0,1.0,0.0,1.0,0.75,0.8571428571428571,0.1428571428571429
"G[0,1](((BldPrDia >= 70.436 & BldPrSys >= 110.743) & Pt_InsGov <= 129.983) -> diagAgeCombo <= 129.915)
",9999999.000,9999999.000,0.000,1.000,0.000,3,0,1,0,3,1,4,0,1.0,0.0,1.0,0.75,0.8571428571428571,0.1428571428571429
"G[0,1](((BUN <= 9.579 | LDL >= 37.733) & Pt_ChildT1D <= 57.714) | WeightKg >= 34.686)
",9999999.000,9999999.000,0.000,1.000,0.000,3,0,1,0,3,1,4,0,1.0,0.0,1.0,0.75,0.8571428571428571,0.1428571428571429
"G[0,1](((BGTestAvgNumPtRep >= 0.462 | WeightKg <= 83.484) & Pt_A1cGoalLevelDsYr5 >= 72.197) | Pt_SHFlg <= 83.282)
",9999999.000,9999999.000,0.000,1.000,0.000,3,0,1,0,3,1,4,0,1.0,0.0,1.0,0.75,0.8571428571428571,0.1428571428571429
"G[1,1](((Pt_InsGov >= 0.138 -> Pt_CGMUseNumDays >= 0.000) | SMBGperDayPtMeterCombo <= 0.000) & TSH >= 0.000)
",0.000,0.000,0.000,1.000,0.000,3,0,1,0,3,1,4,0,1.0,0.0,1.0,0.75,0.8571428571428571,0.1428571428571429
"G[1,1]((BGTestAvgNumMeter >= 0.027 -> age <= 15.437) & HbA1c <= 14.572)
",-8690195026232613.000,-15.437,0.000,1.000,0.000,3,0,1,0,3,1,4,0,1.0,0.0,1.0,0.75,0.8571428571428571,0.1428571428571429
"G[1,1](((TotChol <= 177.413 -> WeightKg >= 73.144) & Pt_FatherT1D >= 59.562) -> HbA1c <= 84.239)
",-84.239,-84.239,0.000,1.000,0.000,3,0,1,0,3,1,4,0,1.0,0.0,1.0,0.75,0.8571428571428571,0.1428571428571429
"G[0,1](((Pt_SHFlg <= 0.000 & Pt_A1cGoalLevelDsYr5 <= 0.000) -> Pt_DKAFlg <= 0.000) | LDL >= 0.000)
",9999999.000,9999999.000,0.000,1.000,0.000,3,0,1,0,3,1,4,0,1.0,0.0,1.0,0.75,0.8571428571428571,0.1428571428571429
"G[1,1](((TotalDailyInsPerKg <= 0.518 & TSH <= 1.233) | Pt_A1cGoalLevelDsYr5 >= 0.382) -> BUN >= 0.949)
",-0.518,-0.518,0.000,1.000,0.000,3,0,1,0,3,1,4,0,1.0,0.0,1.0,0.75,0.8571428571428571,0.1428571428571429
"G[0,0](HbA1c >= 7.935 -> HeightCm <= 158.118)
",-8.003,-75.518,0.000,1.000,0.000,3,0,0,1,4,0,3,1,0.75,0.0,0.0,1.0,0.8571428571428571,0.1428571428571429
"G[1,1]((diabDur <= 5.365 & Pt_A1cGoalLevelDsYr5 >= 0.000) -> bmiZscore >= 0.000)
",0.000,0.000,0.000,1.000,0.000,3,0,1,0,3,1,4,0,1.0,0.0,1.0,0.75,0.8571428571428571,0.1428571428571429
"G[1,1](HbA1cImputeDtMnC >= 1.859 | Pt_A1cGoalLev <= 2.944)
",2.944,2.944,0.000,1.000,0.000,3,0,1,0,3,1,4,0,1.0,0.0,1.0,0.75,0.8571428571428571,0.1428571428571429
"G[0,1](HbA1c >= 8.190 -> Pt_SiblingT1D <= 0.000)
",9999999.000,9999999.000,0.000,1.000,0.000,3,0,1,0,3,1,4,0,1.0,0.0,1.0,0.75,0.8571428571428571,0.1428571428571429
"G[0,0]((AlbCreatRat_mggNew >= 10.793 -> bmi <= 33.602) | HDL >= 23.749)
",0.007,0.251,0.000,1.000,0.000,3,0,0,1,4,0,3,1,0.75,0.0,0.0,1.0,0.8571428571428571,0.1428571428571429
"G[1,1](Pt_InsGov <= 0.499 | diabDur <= 5.382)
",5.382,5.382,0.000,1.000,0.000,3,0,1,0,3,1,4,0,1.0,0.0,1.0,0.75,0.8571428571428571,0.1428571428571429
"G[0,1](Pt_SiblingT1D >= 0.000 & Pt_CGMUseNumDays <= 0.000)
",9999999.000,9999999.000,0.000,1.000,0.000,3,0,1,0,3,1,4,0,1.0,0.0,1.0,0.75,0.8571428571428571,0.1428571428571429
"G[0,0](BldPrDia <= 77.427 | bmiZscore >= 1.915)
",-217.196,-0.932,0.000,1.000,0.000,3,0,0,1,4,0,3,1,0.75,0.0,0.0,1.0,0.8571428571428571,0.1428571428571429
"G[1,1]((AutonomicNeuroCl <= 0.000 | WeightKg <= 83.328) & Pt_MotherT1D <= 92.468)
",83.328,83.328,0.000,1.000,0.000,3,0,1,0,3,1,4,0,1.0,0.0,1.0,0.75,0.8571428571428571,0.1428571428571429
"G[0,1](((BldPrSys <= 125.699 -> HbA1c <= 10.084) | bmiZscore <= 10.379) -> Pt_InsGov <= 9.916)
",9999999.000,9999999.000,0.000,1.000,0.000,3,0,1,0,3,1,4,0,1.0,0.0,1.0,0.75,0.8571428571428571,0.1428571428571429
"G[0,1](LDL <= 64.009 | HDL >= 15.438)
",9999999.000,9999999.000,0.000,1.000,0.000,3,0,1,0,3,1,4,0,1.0,0.0,1.0,0.75,0.8571428571428571,0.1428571428571429
"G[0,1](((bmiPerc >= 0.951 & LDL <= 71.945) | TotalDailyInsPerKg <= 61.643) & diabDur <= 52.041)
",9999999.000,9999999.000,0.000,1.000,0.000,3,0,1,0,3,1,4,0,1.0,0.0,1.0,0.75,0.8571428571428571,0.1428571428571429
"G[0,1](((HbA1cImputeDtMnC <= 60.160 | UnitsInsBasalOrLongAct <= 25.549) -> BGTestAvgNumPtRep <= 37.370) | BldPrDia >= 14.771)
",9999999.000,9999999.000,0.000,1.000,0.000,3,0,1,0,3,1,4,0,1.0,0.0,1.0,0.75,0.8571428571428571,0.1428571428571429
"G[0,1](((bmiPerc <= 0.980 | BUN <= 9.907) & SMBGperDayPtMeterCombo >= 1.372) | Pt_CGMUseNumDays <= 12.698)
",9999999.000,9999999.000,0.000,1.000,0.000,3,0,1,0,3,1,4,0,1.0,0.0,1.0,0.75,0.8571428571428571,0.1428571428571429
"G[0,1](Pt_A1cGoalLevelDsYr5 >= 0.000 | UnitsInsBasalOrLongAct <= 29.945)
",9999999.000,9999999.000,0.000,1.000,0.000,3,0,1,0,3,1,4,0,1.0,0.0,1.0,0.75,0.8571428571428571,0.1428571428571429
"G[0,1](((Pt_InsGov <= 0.897 | Triglyc <= 240.849) | WeightKg >= 100.267) | diabDur <= 189.741)
",9999999.000,9999999.000,0.000,1.000,0.000,3,0,1,0,3,1,4,0,1.0,0.0,1.0,0.75,0.8571428571428571,0.1428571428571429
"G[0,1](((HeightCm <= 158.121 | HeightCm >= 156.816) -> WeightKg <= 157.832) | UnitsInsBasalOrLongAct >= 157.196)
",9999999.000,9999999.000,0.000,1.000,0.000,3,0,1,0,3,1,4,0,1.0,0.0,1.0,0.75,0.8571428571428571,0.1428571428571429
"G[0,0]((BldPrSys <= 126.383 | WeightKg <= 91.781) | bmi >= 60.569)
",8893433614546237.000,126.383,0.000,1.000,0.000,3,0,0,1,4,0,3,1,0.75,0.0,0.0,1.0,0.8571428571428571,0.1428571428571429
"G[0,1]((Pt_SiblingT1D <= 0.000 & Pt_MotherT1D >= 0.000) | diabDur >= 0.000)
",9999999.000,9999999.000,0.000,1.000,0.000,3,0,1,0,3,1,4,0,1.0,0.0,1.0,0.75,0.8571428571428571,0.1428571428571429
"G[0,0](HeightCm <= 157.961 & Pt_SHFlg = 0.000)
",-1.813,-44.437,0.000,1.000,0.000,3,0,0,1,4,0,3,1,0.75,0.0,0.0,1.0,0.8571428571428571,0.1428571428571429
"G[1,1]((BldPrSys >= 115.485 & TotalDailyInsPerKg >= 0.200) -> Pt_A1cGoalLev >= 0.372)
",0.372,0.372,0.000,1.000,0.000,3,0,1,0,3,1,4,0,1.0,0.0,1.0,0.75,0.8571428571428571,0.1428571428571429
"G[0,1](LDL <= 47.973 -> Pt_SHFlg = 0.000)
",9999999.000,9999999.000,0.000,1.000,0.000,3,0,1,0,3,1,4,0,1.0,0.0,1.0,0.75,0.8571428571428571,0.1428571428571429
"G[0,1]((AlbCreatRat_mggNew <= 20.722 & diabDur >= 2.436) | bmiZscore <= 6.139)
",9999999.000,9999999.000,0.000,1.000,0.000,3,0,1,0,3,1,4,0,1.0,0.0,1.0,0.75,0.8571428571428571,0.1428571428571429
"G[0,1](((Pt_ChildT1D <= 0.000 | GFR <= 0.000) | TSH <= 0.000) -> TotalDailyInsPerKg >= 0.000)
",9999999.000,9999999.000,0.000,1.000,0.000,3,0,1,0,3,1,4,0,1.0,0.0,1.0,0.75,0.8571428571428571,0.1428571428571429
"G[1,1](((BldPrDia <= 83.930 -> Pt_InsGov <= 0.336) | BUN >= 0.202) | Pt_InsGov >= 0.146)
",-0.146,-0.146,0.000,1.000,0.000,3,0,1,0,3,1,4,0,1.0,0.0,1.0,0.75,0.8571428571428571,0.1428571428571429
"G[0,0](diabDur >= 4.560 | Pt_A1cGoalLev >= 0.007)
",7.516,10.624,0.000,1.000,0.000,2,0,0,2,4,0,2,2,0.5,0.0,0.0,1.0,0.5714285714285714,0.4285714285714286
"G[0,0]((WeightKg >= 77.171 | bmi >= 29.559) -> UnitsInsBasalOrLongAct <= 33.950)
",-2.836,-19.284,0.000,1.000,0.000,2,0,0,2,4,0,2,2,0.5,0.0,0.0,1.0,0.5714285714285714,0.4285714285714286
"G[1,1](BldPrSys <= 122.963 & bmiPerc >= 0.941)
",-8473973140203925.000,-0.941,0.000,1.000,0.000,2,0,1,1,3,1,3,1,0.6666666666666666,0.0,1.0,0.6666666666666666,0.5714285714285714,0.4285714285714286
"G[0,0]((BGTestAvgNumMeter <= 1.354 & Triglyc >= 35.607) & TSH <= 274.997)
",-1.337,-23.287,0.000,1.000,0.000,2,0,0,2,4,0,2,2,0.5,0.0,0.0,1.0,0.5714285714285714,0.4285714285714286
"G[0,0](SMBGperDayPtMeterCombo >= 0.521 & BGTestAvgNumPtRep >= 1.815)
",-0.087,-0.148,0.000,1.000,0.000,2,0,0,2,4,0,2,2,0.5,0.0,0.0,1.0,0.5714285714285714,0.4285714285714286
"G[1,1](BldPrSys <= 121.177 | TotChol <= 146.455)
",146.455,146.455,0.000,1.000,0.000,2,0,1,1,3,1,3,1,0.6666666666666666,0.0,1.0,0.6666666666666666,0.5714285714285714,0.4285714285714286
"G[0,1](BGTestAvgNumPtRep >= 0.713 | bmiZscore <= 2.272)
",9999999.000,9999999.000,0.000,1.000,0.000,2,0,1,1,3,1,3,1,0.6666666666666666,0.0,1.0,0.6666666666666666,0.5714285714285714,0.4285714285714286
"G[0,1](BldPrSys >= 109.207 & HDL >= 9.296)
",9999999.000,9999999.000,0.000,1.000,0.000,2,0,0,2,4,0,2,2,0.5,0.0,0.0,1.0,0.5714285714285714,0.4285714285714286
"G[1,1]((BGTestAvgNumMeter >= 0.501 | TSH <= 2.209) & HDL >= 0.774)
",-0.774,-0.774,0.000,1.000,0.000,2,0,1,1,3,1,3,1,0.6666666666666666,0.0,1.0,0.6666666666666666,0.5714285714285714,0.4285714285714286
"G[0,1](bmiZscore >= 1.999 & Pt_DKAFlg <= 0.443)
",9999999.000,9999999.000,0.000,1.000,0.000,2,0,1,1,3,1,3,1,0.6666666666666666,0.0,1.0,0.6666666666666666,0.5714285714285714,0.4285714285714286
"G[0,1]((WeightKg >= 63.323 | bmi >= 23.847) -> UnitsInsBasalOrLongAct <= 39.661)
",9999999.000,9999999.000,0.000,1.000,0.000,2,0,1,1,3,1,3,1,0.6666666666666666,0.0,1.0,0.6666666666666666,0.5714285714285714,0.4285714285714286
"G[0,1]((BldPrDia >= 72.945 & bmiPerc <= 0.985) -> Pt_SHFlg >= 0.940)
",9999999.000,9999999.000,0.000,1.000,0.000,2,0,1,1,3,1,3,1,0.6666666666666666,0.0,1.0,0.6666666666666666,0.5714285714285714,0.4285714285714286
"G[1,1](((age <= 16.903 -> SMBGperDayPtMeterCombo <= 2.817) | Pt_FatherT1D >= 0.025) | Pt_ChildT1D >= 1.010)
",-0.025,-0.025,0.000,1.000,0.000,2,0,1,1,3,1,3,1,0.6666666666666666,0.0,1.0,0.6666666666666666,0.5714285714285714,0.4285714285714286
"G[0,1]((BUN >= 0.224 -> diabDur <= 7.545) & BUN <= 5.982)
",9999999.000,9999999.000,0.000,1.000,0.000,2,0,1,1,3,1,3,1,0.6666666666666666,0.0,1.0,0.6666666666666666,0.5714285714285714,0.4285714285714286
"G[0,1](bmiPerc <= 0.985 -> SMBGperDayPtMeterCombo >= 1.576)
",9999999.000,9999999.000,0.000,1.000,0.000,2,0,1,1,3,1,3,1,0.6666666666666666,0.0,1.0,0.6666666666666666,0.5714285714285714,0.4285714285714286
"G[1,1](HeightCm <= 157.852 & LDL >= 34.672)
",-34.672,-34.672,0.000,1.000,0.000,2,0,1,1,3,1,3,1,0.6666666666666666,0.0,1.0,0.6666666666666666,0.5714285714285714,0.4285714285714286
"G[0,1]((HeightCm >= 156.931 -> TotalDailyInsPerKg >= 0.098) -> GFR >= 0.310)
",9999999.000,9999999.000,0.000,1.000,0.000,2,0,0,2,4,0,2,2,0.5,0.0,0.0,1.0,0.5714285714285714,0.4285714285714286
"G[1,1](((TSH >= 0.123 & UnitsInsBasalOrLongAct <= 34.424) & HDL <= 41.090) | HbA1cImputeDtMnC >= 15.172)
",-8868868874344845.000,-0.123,0.000,1.000,0.000,2,0,1,1,3,1,3,1,0.6666666666666666,0.0,1.0,0.6666666666666666,0.5714285714285714,0.4285714285714286
"G[0,1]((bmi >= 26.880 & BUN <= 8.609) -> Pt_A1cGoalLev >= 1.813)
",9999999.000,9999999.000,0.000,1.000,0.000,1,0,0,3,4,0,1,3,0.25,0.0,0.0,1.0,0.2857142857142857,0.7142857142857143
"G[0,1](BUN <= 11.963 & WeightKg >= 66.153)
",9999999.000,9999999.000,0.000,1.000,0.000,1,0,1,2,3,1,2,2,0.3333333333333333,0.0,1.0,0.5,0.2857142857142857,0.7142857142857143
"G[0,1]((diabDur <= 5.472 & Triglyc <= 378.380) | bmiZscore >= 27.368)
",9999999.000,9999999.000,0.000,1.000,0.000,1,0,0,3,4,0,1,3,0.25,0.0,0.0,1.0,0.2857142857142857,0.7142857142857143
"G[0,1](((SMBGperDayPtMeterCombo <= 3.833 & TotChol <= 168.291) -> Pt_SiblingT1D >= 86.579) & BUN <= 127.187)
",9999999.000,9999999.000,0.000,1.000,0.000,1,0,0,3,4,0,1,3,0.25,0.0,0.0,1.0,0.2857142857142857,0.7142857142857143
"G[1,1](BGTestAvgNumMeter >= 0.298 & BGTestAvgNumPtRep >= 0.826)
",-0.826,-0.826,0.000,1.000,0.000,1,0,1,2,3,1,2,2,0.3333333333333333,0.0,1.0,0.5,0.2857142857142857,0.7142857142857143
"G[0,0]((Pt_A1cGoalLev <= 1.351 -> SMBGperDayPtMeterCombo <= 5.165) -> BldPrDia <= 5.045)
",-7.649,-7.649,0.000,1.000,0.000,1,0,0,3,4,0,1,3,0.25,0.0,0.0,1.0,0.2857142857142857,0.7142857142857143
"G[0,1](BldPrDia >= 72.723 -> bmi <= 32.758)
",9999999.000,9999999.000,0.000,1.000,0.000,1,0,0,3,4,0,1,3,0.25,0.0,0.0,1.0,0.2857142857142857,0.7142857142857143
"G[0,1](SMBGperDayPtMeterCombo >= 0.846 & BGTestAvgNumPtRep >= 0.894)
",9999999.000,9999999.000,0.000,1.000,0.000,1,0,1,2,3,1,2,2,0.3333333333333333,0.0,1.0,0.5,0.2857142857142857,0.7142857142857143
"G[0,1](TSH >= 0.278 & Pt_SHFlg = 0.000)
",9999999.000,9999999.000,0.000,1.000,0.000,1,0,1,2,3,1,2,2,0.3333333333333333,0.0,1.0,0.5,0.2857142857142857,0.7142857142857143
"G[0,1]((Pt_A1cGoalLev >= 0.465 | Pt_GrandchildT1D <= 0.000) & SMBGperDayPtMeterCombo <= 0.000)
",9999999.000,9999999.000,0.000,1.000,0.000,1,0,0,3,4,0,1,3,0.25,0.0,0.0,1.0,0.2857142857142857,0.7142857142857143
"G[0,1](SMBGperDayPtMeterCombo >= 0.200 & BGTestAvgNumPtRep >= 1.099)
",9999999.000,9999999.000,0.000,1.000,0.000,1,0,1,2,3,1,2,2,0.3333333333333333,0.0,1.0,0.5,0.2857142857142857,0.7142857142857143
"G[0,1]((WeightKg >= 72.354 | bmi >= 23.555) -> UnitsInsBasalOrLongAct <= 27.241)
",9999999.000,9999999.000,0.000,1.000,0.000,1,0,1,2,3,1,2,2,0.3333333333333333,0.0,1.0,0.5,0.2857142857142857,0.7142857142857143
"G[0,1](TotalDailyInsPerKg >= 0.272 & Pt_SHFlg = 0.000)
",9999999.000,9999999.000,0.000,1.000,0.000,1,0,0,3,4,0,1,3,0.25,0.0,0.0,1.0,0.2857142857142857,0.7142857142857143
"G[0,1]((WeightKg >= 69.094 | bmi >= 26.979) -> UnitsInsBasalOrLongAct <= 21.277)
",9999999.000,9999999.000,0.000,1.000,0.000,1,0,1,2,3,1,2,2,0.3333333333333333,0.0,1.0,0.5,0.2857142857142857,0.7142857142857143
"G[0,1](SMBGperDayPtMeterCombo >= 1.206 & BGTestAvgNumPtRep >= 1.010)
",9999999.000,9999999.000,0.000,1.000,0.000,1,0,1,2,3,1,2,2,0.3333333333333333,0.0,1.0,0.5,0.2857142857142857,0.7142857142857143
"G[1,1]((bmiPerc >= 0.940 & UnitsInsBasalOrLongAct <= 31.199) & Pt_MotherT1D <= 42.952)
",-0.940,-0.940,0.000,1.000,0.000,1,0,1,2,3,1,2,2,0.3333333333333333,0.0,1.0,0.5,0.2857142857142857,0.7142857142857143
"G[0,1](SMBGperDayPtMeterCombo >= 0.047 & BGTestAvgNumPtRep >= 1.273)
",9999999.000,9999999.000,0.000,1.000,0.000,1,0,1,2,3,1,2,2,0.3333333333333333,0.0,1.0,0.5,0.2857142857142857,0.7142857142857143
"G[0,2](((diabDur >= 2.396 & Pt_ChildT1D <= 0.000) & Pt_A1cGoalLevelDsYr5 >= 0.000) -> WeightKg >= 0.000)
",9999999.000,9999999.000,0.000,1.000,0.000,0,0,4,0,0,4,4,0,0.0,0.0,1.0,0.0,0.0,1.0
"G[0,2](Pt_CGMUseNumDays <= 0.000 | Pt_CGMUseNumDays <= 0.000)
",9999999.000,9999999.000,0.000,1.000,0.000,0,0,4,0,0,4,4,0,0.0,0.0,1.0,0.0,0.0,1.0
"G[0,2]((AlbCreatRat_mggNew <= 18.603 -> Pt_A1cGoalLev >= 0.669) -> diabDur <= 3.095)
",9999999.000,9999999.000,0.000,1.000,0.000,0,0,3,1,1,3,3,1,0.0,0.0,1.0,0.0,0.0,1.0
"G[0,0]((BGTestAvgNumMeter <= 0.863 | bmiPerc <= 0.988) & Pt_GrandchildT1D >= 0.971)
",-0.771,-11.692,0.000,1.000,0.000,0,0,0,4,4,0,0,4,0.0,0.0,0.0,0.0,0.0,1.0
"G[1,2](((Pt_CGMUseNumDays <= 0.000 & diabDur <= 6.084) | Pt_GrandparentT1D >= 4.549) -> TotalDailyInsPerKg >= 4.627)
",9999999.000,9999999.000,0.000,1.000,0.000,0,0,2,2,2,2,2,2,0.0,0.0,1.0,0.0,0.0,1.0
"G[2,2](((AutonomicNeuroCl >= 0.000 | BldPrDia >= 66.132) & BldPrSys >= 75.370) | Pt_GrandparentT1D <= 77.947)
",77.947,77.947,0.000,1.000,0.000,0,0,4,0,0,4,4,0,0.0,0.0,1.0,0.0,0.0,1.0
"G[0,2]((bmiZscore >= 1.946 -> HbA1cImputeDtMnC >= 31.656) -> Pt_SHFlg >= 23.550)
",9999999.000,9999999.000,0.000,1.000,0.000,0,0,0,4,4,0,0,4,0.0,0.0,0.0,0.0,0.0,1.0
"G[1,2](((HbA1c <= 11.241 & LDL <= 64.713) & bmiPerc >= 21.537) -> age >= 6.123)
",9999999.000,9999999.000,0.000,1.000,0.000,0,0,4,0,0,4,4,0,0.0,0.0,1.0,0.0,0.0,1.0
"G[1,2]((HbA1cImputeDtMnC >= 35.520 | Triglyc <= 280.222) -> NumPumpBolusOrShortAct <= 220.609)
",9999999.000,9999999.000,0.000,1.000,0.000,0,0,4,0,0,4,4,0,0.0,0.0,1.0,0.0,0.0,1.0
"G[0,2](((Pt_A1cGoalLev >= 0.236 -> Pt_A1cGoalLevelDsYr5 >= 0.000) -> HDL <= 0.000) -> TotChol >= 0.000)
",9999999.000,9999999.000,0.000,1.000,0.000,0,0,4,0,0,4,4,0,0.0,0.0,1.0,0.0,0.0,1.0
"G[0,1]((HDL >= 3.079 | HeightCm <= 157.867) & Pt_GrandparentT1D >= 157.360)
",9999999.000,9999999.000,0.000,1.000,0.000,0,0,0,4,4,0,0,4,0.0,0.0,0.0,0.0,0.0,1.0
"G[0,2]((Pt_A1cGoalLev >= 0.265 | Triglyc >= 83.973) | bmiPerc >= 110.777)
",9999999.000,9999999.000,0.000,1.000,0.000,0,0,1,3,3,1,1,3,0.0,0.0,1.0,0.0,0.0,1.0
"G[2,2](Triglyc <= 213.828 & Pt_SiblingT1D >= 0.000)
",0.000,0.000,0.000,1.000,0.000,0,0,4,0,0,4,4,0,0.0,0.0,1.0,0.0,0.0,1.0
"G[0,2](TotalDailyInsPerKg <= 1.222 -> Triglyc <= 412.185)
",9999999.000,9999999.000,0.000,1.000,0.000,0,0,3,1,1,3,3,1,0.0,0.0,1.0,0.0,0.0,1.0
"G[2,2](((Pt_A1cGoalLev >= 0.858 & TotChol <= 190.618) -> diagAgeCombo >= 95.693) | BGTestAvgNumPtRep >= 76.357)
",7728174861442613.000,0.858,0.000,1.000,0.000,0,0,4,0,0,4,4,0,0.0,0.0,1.0,0.0,0.0,1.0
"G[0,1]((Pt_SiblingT1D >= 0.000 & LDL <= 48.493) & HDL >= 2.682)
",9999999.000,9999999.000,0.000,1.000,0.000,0,0,0,4,4,0,0,4,0.0,0.0,0.0,0.0,0.0,1.0
"G[0,2](((SMBGperDayPtMeterCombo >= 1.785 & Pt_DKAFlg >= 0.150) -> BGTestAvgNumMeter <= 0.853) | Pt_GrandchildT1D <= 0.501)
",9999999.000,9999999.000,0.000,1.000,0.000,0,0,4,0,0,4,4,0,0.0,0.0,1.0,0.0,0.0,1.0
"G[0,2](((Pt_SiblingT1D <= 0.000 -> Pt_A1cGoalLev <= 5.353) & Pt_InsGov >= 0.252) & diagAgeCombo >= 0.529)
",9999999.000,9999999.000,0.000,1.000,0.000,0,0,0,4,4,0,0,4,0.0,0.0,0.0,0.0,0.0,1.0
"G[2,2](((Pt_A1cGoalLev >= 0.046 -> HbA1c >= 7.641) -> Pt_SHFlg <= 11.241) & Pt_FatherT1D <= 9.499)
",-11.241,-11.241,0.000,1.000,0.000,0,0,4,0,0,4,4,0,0.0,0.0,1.0,0.0,0.0,1.0
"G[2,2]((BGTestAvgNumPtRep <= 4.114 | BldPrDia >= 74.753) -> Pt_FatherT1D >= 69.472)
",-4.114,-4.114,0.000,1.000,0.000,0,0,4,0,0,4,4,0,0.0,0.0,1.0,0.0,0.0,1.0
"G[1,2](AutonomicNeuroCl >= 0.000 -> bmiZscore >= 1.915)
",9999999.000,9999999.000,0.000,1.000,0.000,0,0,4,0,0,4,4,0,0.0,0.0,1.0,0.0,0.0,1.0
"G[2,2](((BldPrDia >= 66.039 | BldPrDia >= 68.073) -> diagAgeCombo >= 68.927) | Pt_SiblingT1D >= 70.627)
",66.039,66.039,0.000,1.000,0.000,0,0,4,0,0,4,4,0,0.0,0.0,1.0,0.0,0.0,1.0
"G[1,2]((AlbCreatRat_mggNew <= 13.666 & WeightKg >= 58.513) & AlbCreatRat_mggNew >= 66.877)
",9999999.000,9999999.000,0.000,1.000,0.000,0,0,1,3,3,1,1,3,0.0,0.0,1.0,0.0,0.0,1.0
"G[1,2]((Triglyc >= 90.174 & Pt_CGMUseNumDays >= 0.000) -> Pt_ChildT1D >= 0.000)
",9999999.000,9999999.000,0.000,1.000,0.000,0,0,4,0,0,4,4,0,0.0,0.0,1.0,0.0,0.0,1.0
"G[2,2](((NumPumpBolusOrShortAct >= 0.000 & Pt_GrandchildT1D >= 0.000) & UnitsInsBasalOrLongAct <= 0.000) -> Pt_GrandchildT1D <= 0.000)
",0.000,0.000,0.000,1.000,0.000,0,0,4,0,0,4,4,0,0.0,0.0,1.0,0.0,0.0,1.0
"G[1,1]((AlbCreatRat_mggNew >= 9.423 & BUN <= 12.922) & HDL <= 2.965)
",-9.423,-9.423,0.000,1.000,0.000,0,0,1,3,3,1,1,3,0.0,0.0,1.0,0.0,0.0,1.0
"G[0,2]((Pt_SHFlg <= 0.000 | diagAgeCombo <= 9.000) | BldPrDia >= 9.000)
",9999999.000,9999999.000,0.000,1.000,0.000,0,0,4,0,0,4,4,0,0.0,0.0,1.0,0.0,0.0,1.0
"G[2,2](Pt_InsGov >= 0.276 | Pt_InsGov >= 0.238)
",-0.238,-0.238,0.000,1.000,0.000,0,0,4,0,0,4,4,0,0.0,0.0,1.0,0.0,0.0,1.0
"G[1,2]((Pt_A1cGoalLevelDsYr5 <= 0.000 & Pt_MotherT1D >= 0.000) | diagAgeCombo <= 0.000)
",9999999.000,9999999.000,0.000,1.000,0.000,0,0,4,0,0,4,4,0,0.0,0.0,1.0,0.0,0.0,1.0
"G[0,1](((HbA1cImputeDtMnC <= 59.624 | GFR <= 0.000) & HDL >= 0.000) & TotChol <= 0.000)
",9999999.000,9999999.000,0.000,1.000,0.000,0,0,1,3,3,1,1,3,0.0,0.0,1.0,0.0,0.0,1.0
"G[0,0]((DirectLDL <= 0.623 -> diagAgeCombo <= 9.000) -> BGTestAvgNumPtRep >= 9.000)
",4.315,7.333,0.000,1.000,0.000,0,0,0,4,4,0,0,4,0.0,0.0,0.0,0.0,0.0,1.0
"G[1,1](((UnitsInsBasalOrLongAct <= 36.245 | Pt_MotherT1D >= 0.000) -> UnitsInsBasalOrLongAct <= 0.000) & HbA1cImputeDtMnC <= 0.000)
",-36.245,-36.245,0.000,1.000,0.000,0,0,1,3,3,1,1,3,0.0,0.0,1.0,0.0,0.0,1.0
"G[2,2](diabDur <= 7.081 -> diagAgeCombo >= 9.000)
",-7972203076916021.000,-7.081,0.000,1.000,0.000,0,0,4,0,0,4,4,0,0.0,0.0,1.0,0.0,0.0,1.0
"G[2,2]((Pt_InsGov <= 0.937 | bmiPerc >= 0.969) | Pt_A1cGoalLevelDsYr5 >= 0.937)
",0.937,0.937,0.000,1.000,0.000,0,0,4,0,0,4,4,0,0.0,0.0,1.0,0.0,0.0,1.0
"G[1,2](BldPrDia <= 76.923 | TotalDailyInsPerKg >= 0.033)
",9999999.000,9999999.000,0.000,1.000,0.000,0,0,3,1,1,3,3,1,0.0,0.0,1.0,0.0,0.0,1.0
"G[2,2](((BldPrDia <= 83.746 | HbA1cImputeDtMnC >= 28.832) & SMBGperDayPtMeterCombo >= 22.497) & BldPrDia <= 48.484)
",-22.497,-22.497,0.000,1.000,0.000,0,0,4,0,0,4,4,0,0.0,0.0,1.0,0.0,0.0,1.0
"G[1,2]((AutonomicNeuroCl >= 0.000 -> Pt_InsGov <= 0.424) & BldPrDia <= 0.798)
",9999999.000,9999999.000,0.000,1.000,0.000,0,0,1,3,3,1,1,3,0.0,0.0,1.0,0.0,0.0,1.0
"G[2,2](((bmiZscore <= 2.096 & Triglyc <= 407.769) -> DirectLDL <= 361.880) | LDL >= 59.738)
",-59.738,-59.738,0.000,1.000,0.000,0,0,4,0,0,4,4,0,0.0,0.0,1.0,0.0,0.0,1.0
"G[2,2]((BGTestAvgNumPtRep >= 1.141 & Pt_GrandparentT1D >= 0.000) & Pt_FatherT1D <= 0.000)
",-1.141,-1.141,0.000,1.000,0.000,0,0,4,0,0,4,4,0,0.0,0.0,1.0,0.0,0.0,1.0
"G[1,2]((SMBGperDayPtMeterCombo >= 1.381 | HDL <= 49.940) -> Pt_FatherT1D >= 26.191)
",9999999.000,9999999.000,0.000,1.000,0.000,0,0,3,1,1,3,3,1,0.0,0.0,1.0,0.0,0.0,1.0
"G[0,1]((bmiZscore >= 1.849 & TotalDailyInsPerKg >= 0.135) & Pt_A1cGoalLevelDsYr5 >= 0.047)
",9999999.000,9999999.000,0.000,1.000,0.000,0,0,0,4,4,0,0,4,0.0,0.0,0.0,0.0,0.0,1.0
"G[1,2](((NumPumpBolusOrShortAct >= 0.000 | diabDur <= 7.220) & TSH <= 7.717) | HDL >= 2.336)
",9999999.000,9999999.000,0.000,1.000,0.000,0,0,4,0,0,4,4,0,0.0,0.0,1.0,0.0,0.0,1.0
"G[0,2]((BldPrSys >= 118.449 -> SMBGperDayPtMeterCombo >= 0.654) & NumPumpBolusOrShortAct >= 0.014)
",9999999.000,9999999.000,0.000,1.000,0.000,0,0,0,4,4,0,0,4,0.0,0.0,0.0,0.0,0.0,1.0
"G[0,0](((AutonomicNeuroCl >= 0.000 & bmiZscore <= 2.175) & HbA1c <= 2.157) & Pt_SiblingT1D >= 1.903)
",-1.903,-1.903,0.000,1.000,0.000,0,0,0,4,4,0,0,4,0.0,0.0,0.0,0.0,0.0,1.0
"G[0,2]((WeightKg <= 89.911 & Pt_SHFlg <= 0.000) -> BGTestAvgNumPtRep <= 0.000)
",9999999.000,9999999.000,0.000,1.000,0.000,0,0,3,1,1,3,3,1,0.0,0.0,1.0,0.0,0.0,1.0
"G[0,2](((AutonomicNeuroCl <= 0.000 | BldPrDia <= 77.677) -> HbA1c >= 73.948) -> HbA1c <= 82.608)
",9999999.000,9999999.000,0.000,1.000,0.000,0,0,4,0,0,4,4,0,0.0,0.0,1.0,0.0,0.0,1.0
"G[1,2](Triglyc <= 358.096 & Pt_SHFlg <= 0.000)
",9999999.000,9999999.000,0.000,1.000,0.000,0,0,4,0,0,4,4,0,0.0,0.0,1.0,0.0,0.0,1.0
"G[1,2](((TotalDailyInsPerKg >= 0.353 | Pt_FatherT1D <= 0.000) -> Pt_ChildT1D <= 0.000) & GFR >= 0.000)
",9999999.000,9999999.000,0.000,1.000,0.000,0,0,4,0,0,4,4,0,0.0,0.0,1.0,0.0,0.0,1.0
"G[2,2]((BUN <= 3.557 & Pt_InsGov >= 0.222) & BGTestAvgNumMeter <= 0.647)
",-0.222,-0.222,0.000,1.000,0.000,0,0,4,0,0,4,4,0,0.0,0.0,1.0,0.0,0.0,1.0
"G[0,2](((Pt_A1cGoalLev <= 3.141 & bmiPerc >= 0.951) & HeightCm <= 0.985) | GFR <= 0.982)
",9999999.000,9999999.000,0.000,1.000,0.000,0,0,4,0,0,4,4,0,0.0,0.0,1.0,0.0,0.0,1.0
"G[1,2](((Pt_MotherT1D >= 0.000 & Pt_FatherT1D >= 0.000) | NumPumpBolusOrShortAct <= 0.000) & LDL >= 0.000)
",9999999.000,9999999.000,0.000,1.000,0.000,0,0,4,0,0,4,4,0,0.0,0.0,1.0,0.0,0.0,1.0
"G[0,0](((Pt_SiblingT1D <= 0.000 | NumPumpBolusOrShortAct <= 0.000) -> diagAgeCombo <= 0.000) & HbA1cImputeDtMnC >= 0.000)
",0.000,0.000,0.000,1.000,0.000,0,0,0,4,4,0,0,4,0.0,0.0,0.0,0.0,0.0,1.0
"G[1,2]((Pt_ChildT1D >= 0.000 & BldPrSys >= 120.607) -> Pt_A1cGoalLevelDsYr5 <= 124.026)
",9999999.000,9999999.000,0.000,1.000,0.000,0,0,4,0,0,4,4,0,0.0,0.0,1.0,0.0,0.0,1.0
"G[1,2](((diabDur <= 6.056 | age <= 16.798) & bmiZscore <= 14.728) | BGTestAvgNumMeter <= 14.837)
",9999999.000,9999999.000,0.000,1.000,0.000,0,0,4,0,0,4,4,0,0.0,0.0,1.0,0.0,0.0,1.0
"G[2,2]((Pt_GrandchildT1D <= 0.000 -> Pt_ChildT1D >= 0.000) | HbA1cImputeDtMnC >= 0.000)
",0.000,0.000,0.000,1.000,0.000,0,0,4,0,0,4,4,0,0.0,0.0,1.0,0.0,0.0,1.0
"G[1,2]((BldPrDia <= 77.192 & Pt_MotherT1D <= 0.000) -> BGTestAvgNumMeter <= 0.000)
",9999999.000,9999999.000,0.000,1.000,0.000,0,0,3,1,1,3,3,1,0.0,0.0,1.0,0.0,0.0,1.0
"G[2,2](GFR <= 0.000 -> Pt_CGMUseNumDays <= 0.000)
",0.000,0.000,0.000,1.000,0.000,0,0,4,0,0,4,4,0,0.0,0.0,1.0,0.0,0.0,1.0
"G[0,2]((Pt_MotherT1D <= 0.000 & Pt_ChildT1D >= 0.000) | Pt_MotherT1D >= 0.000)
",9999999.000,9999999.000,0.000,1.000,0.000,0,0,4,0,0,4,4,0,0.0,0.0,1.0,0.0,0.0,1.0
"G[1,2]((HbA1cImputeDtMnC >= 19.014 -> AutonomicNeuroCl >= 0.000) -> GFR <= 0.000)
",9999999.000,9999999.000,0.000,1.000,0.000,0,0,4,0,0,4,4,0,0.0,0.0,1.0,0.0,0.0,1.0
"G[0,2](((HbA1cImputeDtMnC >= 21.504 -> Pt_DKAFlg <= 0.477) -> BGTestAvgNumMeter >= 0.096) | bmi <= 0.777)
",9999999.000,9999999.000,0.000,1.000,0.000,0,0,0,4,4,0,0,4,0.0,0.0,0.0,0.0,0.0,1.0
"G[0,2]((Pt_SHFlg >= 0.000 & Pt_FatherT1D >= 0.000) & SMBGperDayPtMeterCombo >= 0.000)
",9999999.000,9999999.000,0.000,1.000,0.000,0,0,4,0,0,4,4,0,0.0,0.0,1.0,0.0,0.0,1.0
"G[2,2](Pt_GrandparentT1D <= 0.000 & HeightCm >= 156.698)
",-156.698,-156.698,0.000,1.000,0.000,0,0,4,0,0,4,4,0,0.0,0.0,1.0,0.0,0.0,1.0
"G[1,2](Pt_FatherT1D >= 0.000 & diagAgeCombo >= 9.000)
",9999999.000,9999999.000,0.000,1.000,0.000,0,0,4,0,0,4,4,0,0.0,0.0,1.0,0.0,0.0,1.0
"G[1,2](((AutonomicNeuroCl >= 0.000 | bmiZscore <= 2.218) -> NumPumpBolusOrShortAct <= 2.109) | NumPumpBolusOrShortAct <= 2.193)
",9999999.000,9999999.000,0.000,1.000,0.000,0,0,4,0,0,4,4,0,0.0,0.0,1.0,0.0,0.0,1.0
"G[1,2]((BGTestAvgNumPtRep <= 5.788 -> BldPrSys <= 124.853) | AutonomicNeuroCl >= 110.539)
",9999999.000,9999999.000,0.000,1.000,0.000,0,0,4,0,0,4,4,0,0.0,0.0,1.0,0.0,0.0,1.0
"G[2,2](((AlbCreatRat_mggNew <= 13.705 | TotalDailyInsPerKg <= 1.261) & Pt_A1cGoalLev <= 1.468) | bmi >= 0.234)
",1.468,1.468,0.000,1.000,0.000,0,0,4,0,0,4,4,0,0.0,0.0,1.0,0.0,0.0,1.0
"G[0,0](Pt_GrandparentT1D < 0.000 & Pt_SHFlg = 0.000)
",-1.813,-44.437,0.000,1.000,0.000,0,0,0,4,4,0,0,4,0.0,0.0,0.0,0.0,0.0,1.0
"G[0,2](TSH < 2.129 -> Pt_SHFlg = 0.000)
",9999999.000,9999999.000,0.000,1.000,0.000,0,0,4,0,0,4,4,0,0.0,0.0,1.0,0.0,0.0,1.0
"G[1,2](Pt_GrandparentT1D >= 0.000 -> Pt_SHFlg = 0.000)
",9999999.000,9999999.000,0.000,1.000,0.000,0,0,4,0,0,4,4,0,0.0,0.0,1.0,0.0,0.0,1.0
"G[0,1](HDL <= 51.534 & Pt_SHFlg = 0.000)
",9999999.000,9999999.000,0.000,1.000,0.000,0,0,1,3,3,1,1,3,0.0,0.0,1.0,0.0,0.0,1.0
"G[0,2](Pt_A1cGoalLev <= 6.850 -> Pt_SHFlg = 0.000)
",9999999.000,9999999.000,0.000,1.000,0.000,0,0,4,0,0,4,4,0,0.0,0.0,1.0,0.0,0.0,1.0
"G[0,2](((age >= 12.351 | HbA1cImputeDtMnC >= 24.030) & Pt_InsGov >= 30.712) & Pt_FatherT1D >= 19.200)
",9999999.000,9999999.000,0.000,1.000,0.000,0,0,0,4,4,0,0,4,0.0,0.0,0.0,0.0,0.0,1.0
"G[1,2](((Pt_InsGov >= 0.284 | TotalDailyInsPerKg <= 0.956) & HDL >= 0.376) | SMBGperDayPtMeterCombo <= 1.550)
",9999999.000,9999999.000,0.000,1.000,0.000,0,0,4,0,0,4,4,0,0.0,0.0,1.0,0.0,0.0,1.0
"G[1,2](((bmi <= 33.192 & WeightKg >= 71.629) & DirectLDL <= 90.574) -> Pt_MotherT1D <= 91.465)
",9999999.000,9999999.000,0.000,1.000,0.000,0,0,4,0,0,4,4,0,0.0,0.0,1.0,0.0,0.0,1.0
"G[1,2](((bmiPerc >= 0.967 -> bmiZscore <= 2.121) | AutonomicNeuroCl <= 2.125) | WeightKg <= 2.209)
",9999999.000,9999999.000,0.000,1.000,0.000,0,0,4,0,0,4,4,0,0.0,0.0,1.0,0.0,0.0,1.0
"G[1,2](BGTestAvgNumMeter >= 0.657 | Pt_A1cGoalLev >= 0.269)
",9999999.000,9999999.000,0.000,1.000,0.000,0,0,2,2,2,2,2,2,0.0,0.0,1.0,0.0,0.0,1.0
"G[1,2]((BGTestAvgNumPtRep <= 3.726 & Pt_InsGov >= 0.252) | Pt_A1cGoalLevelDsYr5 >= 0.093)
",9999999.000,9999999.000,0.000,1.000,0.000,0,0,1,3,3,1,1,3,0.0,0.0,1.0,0.0,0.0,1.0
"G[2,2]((BGTestAvgNumPtRep >= 0.347 & SMBGperDayPtMeterCombo >= 1.784) -> Pt_ChildT1D >= 0.040)
",0.040,0.040,0.000,1.000,0.000,0,0,4,0,0,4,4,0,0.0,0.0,1.0,0.0,0.0,1.0
"G[1,2]((TotalDailyInsPerKg <= 1.571 | WeightKg <= 82.527) & Pt_ChildT1D <= 80.830)
",9999999.000,9999999.000,0.000,1.000,0.000,0,0,4,0,0,4,4,0,0.0,0.0,1.0,0.0,0.0,1.0
"G[1,2](bmi >= 27.329 -> bmiPerc <= 0.984)
",9999999.000,9999999.000,0.000,1.000,0.000,0,0,3,1,1,3,3,1,0.0,0.0,1.0,0.0,0.0,1.0
"G[0,2]((HbA1c <= 9.409 | TotalDailyInsPerKg <= 1.226) -> LDL >= 0.013)
",9999999.000,9999999.000,0.000,1.000,0.000,0,0,1,3,3,1,1,3,0.0,0.0,1.0,0.0,0.0,1.0
"G[1,2](BGTestAvgNumPtRep <= 3.196 & HbA1c <= 10.693)
",9999999.000,9999999.000,0.000,1.000,0.000,0,0,3,1,1,3,3,1,0.0,0.0,1.0,0.0,0.0,1.0
"G[2,2]((SMBGperDayPtMeterCombo <= 3.694 & WeightKg >= 71.227) & GFR <= 91.431)
",-71.227,-71.227,0.000,1.000,0.000,0,0,4,0,0,4,4,0,0.0,0.0,1.0,0.0,0.0,1.0
"G[1,2](bmi >= 28.672 | HbA1c <= 9.830)
",9999999.000,9999999.000,0.000,1.000,0.000,0,0,3,1,1,3,3,1,0.0,0.0,1.0,0.0,0.0,1.0
"G[1,1](((HbA1c <= 10.819 -> HbA1cImputeDtMnC >= 1.298) -> diagAgeCombo >= 24.849) & Pt_GrandchildT1D >= 9.530)
",-9.530,-9.530,0.000,1.000,0.000,0,0,1,3,3,1,1,3,0.0,0.0,1.0,0.0,0.0,1.0
"G[1,2](BGTestAvgNumPtRep <= 4.021 | bmiPerc <= 0.985)
",9999999.000,9999999.000,0.000,1.000,0.000,0,0,4,0,0,4,4,0,0.0,0.0,1.0,0.0,0.0,1.0
"G[1,1](TotalDailyInsPerKg >= 0.355 & UnitsInsBasalOrLongAct >= 20.294)
",-20.294,-20.294,0.000,1.000,0.000,0,0,1,3,3,1,1,3,0.0,0.0,1.0,0.0,0.0,1.0
"G[1,1](((TotChol <= 128.913 -> Triglyc >= 35.782) | Pt_SiblingT1D >= 112.108) & Pt_ChildT1D >= 24.954)
",-112.108,-112.108,0.000,1.000,0.000,0,0,1,3,3,1,1,3,0.0,0.0,1.0,0.0,0.0,1.0
"G[1,2]((HbA1cImputeDtMnC <= 69.747 & HDL >= 22.062) | TotChol <= 47.840)
",9999999.000,9999999.000,0.000,1.000,0.000,0,0,4,0,0,4,4,0,0.0,0.0,1.0,0.0,0.0,1.0
"G[1,2](bmiPerc <= 0.981 -> HbA1c >= 7.972)
",9999999.000,9999999.000,0.000,1.000,0.000,0,0,4,0,0,4,4,0,0.0,0.0,1.0,0.0,0.0,1.0
"G[0,2](bmi >= 29.388 & Pt_SHFlg = 0.000)
",9999999.000,9999999.000,0.000,1.000,0.000,0,0,3,1,1,3,3,1,0.0,0.0,1.0,0.0,0.0,1.0
"G[1,2](HbA1c <= 10.069 -> Pt_SHFlg = 0.000)
",9999999.000,9999999.000,0.000,1.000,0.000,0,0,4,0,0,4,4,0,0.0,0.0,1.0,0.0,0.0,1.0
"G[1,2](((BGTestAvgNumPtRep <= 4.569 -> DirectLDL >= 0.237) | Pt_A1cGoalLev >= 0.005) -> BGTestAvgNumMeter <= 0.667)
",9999999.000,9999999.000,0.000,1.000,0.000,0,0,3,1,1,3,3,1,0.0,0.0,1.0,0.0,0.0,1.0
"G[1,2](Pt_SiblingT1D < 0.000 -> Pt_SHFlg = 0.000)
",9999999.000,9999999.000,0.000,1.000,0.000,0,0,4,0,0,4,4,0,0.0,0.0,1.0,0.0,0.0,1.0
"G[1,2]((WeightKg >= 65.556 | bmi >= 26.043) -> UnitsInsBasalOrLongAct <= 33.130)
",9999999.000,9999999.000,0.000,1.000,0.000,0,0,3,1,1,3,3,1,0.0,0.0,1.0,0.0,0.0,1.0
"G[0,2](SMBGperDayPtMeterCombo >= 0.952 & BGTestAvgNumPtRep >= 0.763)
",9999999.000,9999999.000,0.000,1.000,0.000,0,0,2,2,2,2,2,2,0.0,0.0,1.0,0.0,0.0,1.0
"G[1,2](GFR <= 0.000 -> BUN >= 0.337)
",9999999.000,9999999.000,0.000,1.000,0.000,0,0,1,3,3,1,1,3,0.0,0.0,1.0,0.0,0.0,1.0
"G[1,2]((WeightKg >= 64.956 | bmi >= 26.225) -> UnitsInsBasalOrLongAct <= 39.655)
",9999999.000,9999999.000,0.000,1.000,0.000,0,0,4,0,0,4,4,0,0.0,0.0,1.0,0.0,0.0,1.0
"G[0,2](SMBGperDayPtMeterCombo >= 0.355 & BGTestAvgNumPtRep >= 1.773)
",9999999.000,9999999.000,0.000,1.000,0.000,0,0,2,2,2,2,2,2,0.0,0.0,1.0,0.0,0.0,1.0
"G[0,1](GFR <= 0.000 -> BUN >= 0.438)
",9999999.000,9999999.000,0.000,1.000,0.000,0,0,0,4,4,0,0,4,0.0,0.0,0.0,0.0,0.0,1.0
"G[2,2]((WeightKg >= 68.779 | bmi >= 29.430) -> UnitsInsBasalOrLongAct <= 22.715)
",-22.715,-22.715,0.000,1.000,0.000,0,0,4,0,0,4,4,0,0.0,0.0,1.0,0.0,0.0,1.0
"G[1,2](GFR <= 0.000 -> BUN >= 1.432)
",9999999.000,9999999.000,0.000,1.000,0.000,0,0,1,3,3,1,1,3,0.0,0.0,1.0,0.0,0.0,1.0
"G[0,2](SMBGperDayPtMeterCombo >= 1.221 & BGTestAvgNumPtRep >= 0.916)
",9999999.000,9999999.000,0.000,1.000,0.000,0,0,2,2,2,2,2,2,0.0,0.0,1.0,0.0,0.0,1.0
"G[1,1](GFR <= 0.000 -> BUN >= 1.803)
",0.000,0.000,0.000,1.000,0.000,0,0,1,3,3,1,1,3,0.0,0.0,1.0,0.0,0.0,1.0
"G[1,2]((WeightKg >= 72.305 | bmi >= 26.756) -> UnitsInsBasalOrLongAct <= 43.436)
",9999999.000,9999999.000,0.000,1.000,0.000,0,0,4,0,0,4,4,0,0.0,0.0,1.0,0.0,0.0,1.0
"G[2,2](GFR <= 0.000 -> BUN >= 1.553)
",0.000,0.000,0.000,1.000,0.000,0,0,4,0,0,4,4,0,0.0,0.0,1.0,0.0,0.0,1.0
"G[1,2](SMBGperDayPtMeterCombo >= 0.669 & BGTestAvgNumPtRep >= 0.152)
",9999999.000,9999999.000,0.000,1.000,0.000,0,0,2,2,2,2,2,2,0.0,0.0,1.0,0.0,0.0,1.0
"G[0,2](GFR <= 0.000 -> BUN >= 1.726)
",9999999.000,9999999.000,0.000,1.000,0.000,0,0,0,4,4,0,0,4,0.0,0.0,0.0,0.0,0.0,1.0
"G[1,2](GFR <= 0.000 -> BUN >= 1.024)
",9999999.000,9999999.000,0.000,1.000,0.000,0,0,1,3,3,1,1,3,0.0,0.0,1.0,0.0,0.0,1.0
"G[1,2]((WeightKg >= 64.872 | bmi >= 25.994) -> UnitsInsBasalOrLongAct <= 24.055)
",9999999.000,9999999.000,0.000,1.000,0.000,0,0,2,2,2,2,2,2,0.0,0.0,1.0,0.0,0.0,1.0
"G[2,2](SMBGperDayPtMeterCombo >= 0.877 & BGTestAvgNumPtRep >= 1.050)
",-1.050,-1.050,0.000,1.000,0.000,0,0,4,0,0,4,4,0,0.0,0.0,1.0,0.0,0.0,1.0
"G[1,1](GFR <= 0.000 -> BUN >= 0.074)
",0.000,0.000,0.000,1.000,0.000,0,0,1,3,3,1,1,3,0.0,0.0,1.0,0.0,0.0,1.0
"G[0,1](GFR <= 0.000 -> BUN >= 0.909)
",9999999.000,9999999.000,0.000,1.000,0.000,0,0,0,4,4,0,0,4,0.0,0.0,0.0,0.0,0.0,1.0
"G[2,2]((WeightKg >= 62.552 | bmi >= 24.010) -> UnitsInsBasalOrLongAct <= 42.764)
",-6018515917575579.000,-42.764,0.000,1.000,0.000,0,0,4,0,0,4,4,0,0.0,0.0,1.0,0.0,0.0,1.0
"G[0,2](AlbCreatRat_mggNew >= 8.276 -> Pt_SHFlg = 0.000)
",9999999.000,9999999.000,0.000,1.000,0.000,0,0,4,0,0,4,4,0,0.0,0.0,1.0,0.0,0.0,1.0
"G[0,2](BldPrDia <= 77.535 & Pt_SHFlg = 0.000)
",9999999.000,9999999.000,0.000,1.000,0.000,0,0,0,4,4,0,0,4,0.0,0.0,0.0,0.0,0.0,1.0
"G[0,2](GFR >= 0.000 -> Pt_SHFlg = 0.000)
",9999999.000,9999999.000,0.000,1.000,0.000,0,0,4,0,0,4,4,0,0.0,0.0,1.0,0.0,0.0,1.0
"G[2,2](DirectLDL <= 0.939 & LDL >= 10.147)
",-10.147,-10.147,0.000,1.000,0.000,0,0,4,0,0,4,4,0,0.0,0.0,1.0,0.0,0.0,1.0
"G[0,2](((age >= 11.461 | bmiZscore >= 2.058) -> AlbCreatRat_mggNew >= 1.583) -> Triglyc <= 2.208)
",9999999.000,9999999.000,0.000,1.000,0.000,0,0,1,3,3,1,1,3,0.0,0.0,1.0,0.0,0.0,1.0
"G[0,0]((AlbCreatRat_mggNew >= 8.456 | HbA1c <= 11.103) -> TotalDailyInsPerKg >= 8.840)
",-18.458,-10.694,0.000,1.000,0.000,0,0,0,4,4,0,0,4,0.0,0.0,0.0,0.0,0.0,1.0
"G[1,2]((BGTestAvgNumMeter <= 1.109 & SMBGperDayPtMeterCombo <= 3.286) | AutonomicNeuroCl <= 3.849)
",9999999.000,9999999.000,0.000,1.000,0.000,0,0,4,0,0,4,4,0,0.0,0.0,1.0,0.0,0.0,1.0
"G[0,2]((HbA1cImputeDtMnC <= 42.762 & LDL >= 27.619) | age <= 49.340)
",9999999.000,9999999.000,0.000,1.000,0.000,0,0,4,0,0,4,4,0,0.0,0.0,1.0,0.0,0.0,1.0
"G[0,2]((BUN <= 6.012 | SMBGperDayPtMeterCombo <= 5.907) & Pt_GrandparentT1D <= 4.935)
",9999999.000,9999999.000,0.000,1.000,0.000,0,0,4,0,0,4,4,0,0.0,0.0,1.0,0.0,0.0,1.0
"G[0,2](((Pt_InsGov >= 0.240 & TotChol >= 107.736) & NumPumpBolusOrShortAct <= 196.628) | bmi <= 154.147)
",9999999.000,9999999.000,0.000,1.000,0.000,0,0,4,0,0,4,4,0,0.0,0.0,1.0,0.0,0.0,1.0
"G[0,2](((TotalDailyInsPerKg <= 0.745 & TotChol >= 58.274) -> HeightCm <= 172.280) | TotalDailyInsPerKg >= 95.975)
",9999999.000,9999999.000,0.000,1.000,0.000,0,0,4,0,0,4,4,0,0.0,0.0,1.0,0.0,0.0,1.0
"G[0,2](HDL <= 44.866 | Pt_A1cGoalLev <= 4.245)
",9999999.000,9999999.000,0.000,1.000,0.000,0,0,3,1,1,3,3,1,0.0,0.0,1.0,0.0,0.0,1.0
"G[0,2](((BldPrSys <= 127.505 | Triglyc >= 95.030) & Pt_DKAFlg <= 316.290) -> Pt_DKAFlg >= 44.986)
",9999999.000,9999999.000,0.000,1.000,0.000,0,0,1,3,3,1,1,3,0.0,0.0,1.0,0.0,0.0,1.0
"G[0,2](BldPrSys <= 122.633 -> HbA1cImputeDtMnC <= 68.695)
",9999999.000,9999999.000,0.000,1.000,0.000,0,0,4,0,0,4,4,0,0.0,0.0,1.0,0.0,0.0,1.0
"G[1,2](GFR <= 0.000 -> BUN >= 0.052)
",9999999.000,9999999.000,0.000,1.000,0.000,0,0,1,3,3,1,1,3,0.0,0.0,1.0,0.0,0.0,1.0
"G[0,1]((bmi <= 36.815 & HeightCm <= 157.998) & Pt_SiblingT1D >= 156.658)
",9999999.000,9999999.000,0.000,1.000,0.000,0,0,0,4,4,0,0,4,0.0,0.0,0.0,0.0,0.0,1.0
"G[2,2]((DirectLDL >= 0.407 -> HeightCm >= 156.566) | Pt_A1cGoalLev <= 158.193)
",158.193,158.193,0.000,1.000,0.000,0,0,4,0,0,4,4,0,0.0,0.0,1.0,0.0,0.0,1.0
"G[0,2]((diabDur <= 5.262 & HeightCm <= 157.738) -> BldPrSys <= 158.224)
",9999999.000,9999999.000,0.000,1.000,0.000,0,0,4,0,0,4,4,0,0.0,0.0,1.0,0.0,0.0,1.0
"G[0,2](((BGTestAvgNumMeter >= 0.022 & BldPrSys <= 125.876) -> bmiZscore <= 124.499) -> HbA1cImputeDtMnC <= 126.137)
",9999999.000,9999999.000,0.000,1.000,0.000,0,0,4,0,0,4,4,0,0.0,0.0,1.0,0.0,0.0,1.0
"G[2,2](((bmiZscore <= 2.171 | TotChol >= 17.914) -> bmiPerc >= 1.493) -> Pt_A1cGoalLev <= 191.630)
",-191.630,-191.630,0.000,1.000,0.000,0,0,4,0,0,4,4,0,0.0,0.0,1.0,0.0,0.0,1.0
"G[0,1](((bmiPerc <= 0.980 | TotChol >= 42.041) | HDL <= 168.447) & BGTestAvgNumPtRep >= 72.352)
",9999999.000,9999999.000,0.000,1.000,0.000,0,0,0,4,4,0,0,4,0.0,0.0,0.0,0.0,0.0,1.0
"G[0,0](((LDL <= 81.587 & SMBGperDayPtMeterCombo >= 0.947) & diagAgeCombo <= 3.122) | BGTestAvgNumMeter >= 1.243)
",0.916,13.667,0.000,1.000,0.000,0,0,0,4,4,0,0,4,0.0,0.0,0.0,0.0,0.0,1.0
"G[1,2]((BGTestAvgNumMeter >= 0.373 & BldPrDia <= 79.085) | GFR >= 75.980)
",9999999.000,9999999.000,0.000,1.000,0.000,0,0,2,2,2,2,2,2,0.0,0.0,1.0,0.0,0.0,1.0
"G[1,2]((SMBGperDayPtMeterCombo >= 1.019 -> Triglyc >= 33.512) & LDL >= 100.134)
",9999999.000,9999999.000,0.000,1.000,0.000,0,0,1,3,3,1,1,3,0.0,0.0,1.0,0.0,0.0,1.0
"G[2,2](((Pt_A1cGoalLev <= 2.448 | TotChol >= 63.989) & bmiPerc <= 151.522) & Pt_SiblingT1D <= 172.060)
",2.448,2.448,0.000,1.000,0.000,0,0,4,0,0,4,4,0,0.0,0.0,1.0,0.0,0.0,1.0
"G[1,2](((BldPrSys <= 123.793 & DirectLDL >= 0.355) | HbA1cImputeDtMnC >= 0.320) & diabDur <= 0.490)
",9999999.000,9999999.000,0.000,1.000,0.000,0,0,1,3,3,1,1,3,0.0,0.0,1.0,0.0,0.0,1.0
"G[1,2]((LDL >= 0.451 -> UnitsInsBasalOrLongAct <= 37.718) -> HDL <= 28.893)
",9999999.000,9999999.000,0.000,1.000,0.000,0,0,1,3,3,1,1,3,0.0,0.0,1.0,0.0,0.0,1.0
"G[0,2]((BGTestAvgNumPtRep <= 2.896 & TotChol <= 187.163) -> Pt_A1cGoalLevelDsYr5 <= 148.537)
",9999999.000,9999999.000,0.000,1.000,0.000,0,0,4,0,0,4,4,0,0.0,0.0,1.0,0.0,0.0,1.0
"G[0,2]((HDL <= 44.445 & TSH <= 2.923) | diagAgeCombo <= 2.211)
",9999999.000,9999999.000,0.000,1.000,0.000,0,0,1,3,3,1,1,3,0.0,0.0,1.0,0.0,0.0,1.0
"G[1,2](((LDL >= 11.477 & Triglyc <= 339.795) & HbA1c <= 376.381) & SMBGperDayPtMeterCombo <= 445.709)
",9999999.000,9999999.000,0.000,1.000,0.000,0,0,4,0,0,4,4,0,0.0,0.0,1.0,0.0,0.0,1.0
"G[1,1]((bmiZscore <= 2.158 -> HeightCm <= 158.364) & AlbCreatRat_mggNew >= 156.502)
",-158.364,-158.364,0.000,1.000,0.000,0,0,1,3,3,1,1,3,0.0,0.0,1.0,0.0,0.0,1.0
"G[0,1](((bmiZscore >= 1.804 -> TSH >= 0.329) & AlbCreatRat_mggNew <= 3.355) | bmi <= 2.011)
",9999999.000,9999999.000,0.000,1.000,0.000,0,0,0,4,4,0,0,4,0.0,0.0,0.0,0.0,0.0,1.0
"G[0,2](age <= 15.129 | BGTestAvgNumPtRep >= 0.050)
",9999999.000,9999999.000,0.000,1.000,0.000,0,0,3,1,1,3,3,1,0.0,0.0,1.0,0.0,0.0,1.0
"G[1,2](((BldPrSys >= 110.123 -> Pt_InsGov >= 0.206) -> SMBGperDayPtMeterCombo >= 0.240) & Pt_DKAFlg >= 0.193)
",9999999.000,9999999.000,0.000,1.000,0.000,0,0,2,2,2,2,2,2,0.0,0.0,1.0,0.0,0.0,1.0
"G[2,2](Pt_A1cGoalLev <= 2.630 -> Pt_InsGov >= 0.060)
",-2.630,-2.630,0.000,1.000,0.000,0,0,4,0,0,4,4,0,0.0,0.0,1.0,0.0,0.0,1.0
"G[0,2](BldPrDia <= 81.655 -> Triglyc <= 203.017)
",9999999.000,9999999.000,0.000,1.000,0.000,0,0,3,1,1,3,3,1,0.0,0.0,1.0,0.0,0.0,1.0
"G[0,2]((LDL <= 85.587 & TotChol >= 0.512) & TotChol <= 124.695)
",9999999.000,9999999.000,0.000,1.000,0.000,0,0,0,4,4,0,0,4,0.0,0.0,0.0,0.0,0.0,1.0
"G[2,2]((DirectLDL <= 0.947 & SMBGperDayPtMeterCombo >= 0.693) -> WeightKg <= 2.356)
",-2.356,-2.356,0.000,1.000,0.000,0,0,4,0,0,4,4,0,0.0,0.0,1.0,0.0,0.0,1.0
"G[1,2]((HDL >= 21.109 & Triglyc >= 108.106) | Pt_A1cGoalLev <= 248.260)
",9999999.000,9999999.000,0.000,1.000,0.000,0,0,4,0,0,4,4,0,0.0,0.0,1.0,0.0,0.0,1.0
"G[0,2]((Pt_DKAFlg <= 0.290 | TSH >= 0.895) & Pt_DKAFlg >= 0.249)
",9999999.000,9999999.000,0.000,1.000,0.000,0,0,0,4,4,0,0,4,0.0,0.0,0.0,0.0,0.0,1.0
"G[1,2](((bmiPerc <= 0.986 | UnitsInsBasalOrLongAct <= 23.692) & bmiZscore <= 26.971) -> TotChol <= 27.171)
",9999999.000,9999999.000,0.000,1.000,0.000,0,0,2,2,2,2,2,2,0.0,0.0,1.0,0.0,0.0,1.0
"G[0,2](((DirectLDL <= 0.801 | HDL >= 16.063) -> Pt_FatherT1D >= 8.056) | BldPrDia <= 47.565)
",9999999.000,9999999.000,0.000,1.000,0.000,0,0,0,4,4,0,0,4,0.0,0.0,0.0,0.0,0.0,1.0
"G[0,2]((BldPrDia <= 79.590 & TSH <= 1.103) | bmiPerc <= 2.074)
",9999999.000,9999999.000,0.000,1.000,0.000,0,0,4,0,0,4,4,0,0.0,0.0,1.0,0.0,0.0,1.0
"G[0,2](TSH >= 0.372 -> WeightKg >= 73.511)
",9999999.000,9999999.000,0.000,1.000,0.000,0,0,4,0,0,4,4,0,0.0,0.0,1.0,0.0,0.0,1.0
"G[0,2]((AlbCreatRat_mggNew <= 17.154 & BldPrSys >= 114.160) & HbA1cImputeDtMnC <= 126.357)
",9999999.000,9999999.000,0.000,1.000,0.000,0,0,2,2,2,2,2,2,0.0,0.0,1.0,0.0,0.0,1.0
"G[1,2]((HDL <= 49.459 & TotalDailyInsPerKg <= 1.190) -> TSH >= 0.109)
",9999999.000,9999999.000,0.000,1.000,0.000,0,0,4,0,0,4,4,0,0.0,0.0,1.0,0.0,0.0,1.0
"G[2,2]((AlbCreatRat_mggNew >= 9.843 & TotChol >= 69.388) & Pt_FatherT1D >= 39.507)
",-69.388,-69.388,0.000,1.000,0.000,0,0,4,0,0,4,4,0,0.0,0.0,1.0,0.0,0.0,1.0
"G[1,2](UnitsInsBasalOrLongAct >= 3.245 -> WeightKg <= 82.478)
",9999999.000,9999999.000,0.000,1.000,0.000,0,0,2,2,2,2,2,2,0.0,0.0,1.0,0.0,0.0,1.0
"G[1,2](HbA1c <= 10.555 -> Pt_A1cGoalLev <= 2.494)
",9999999.000,9999999.000,0.000,1.000,0.000,0,0,4,0,0,4,4,0,0.0,0.0,1.0,0.0,0.0,1.0
"G[1,2]((bmi >= 25.584 | LDL <= 50.629) -> BUN <= 64.683)
",9999999.000,9999999.000,0.000,1.000,0.000,0,0,4,0,0,4,4,0,0.0,0.0,1.0,0.0,0.0,1.0
"G[2,2](((bmiZscore <= 2.115 & LDL <= 46.599) & TotalDailyInsPerKg <= 85.846) & AutonomicNeuroCl >= 33.194)
",-33.194,-33.194,0.000,1.000,0.000,0,0,4,0,0,4,4,0,0.0,0.0,1.0,0.0,0.0,1.0
"G[2,2]((bmiPerc >= 0.971 & HeightCm <= 157.655) -> Pt_GrandchildT1D >= 157.202)
",0.971,0.971,0.000,1.000,0.000,0,0,4,0,0,4,4,0,0.0,0.0,1.0,0.0,0.0,1.0
"G[0,2](((AlbCreatRat_mggNew >= 11.363 | LDL <= 46.859) -> Pt_GrandchildT1D <= 52.846) | bmi <= 68.206)
",9999999.000,9999999.000,0.000,1.000,0.000,0,0,4,0,0,4,4,0,0.0,0.0,1.0,0.0,0.0,1.0
"G[2,2]((DirectLDL <= 0.932 | TotChol <= 173.813) -> DirectLDL >= 68.955)
",-6115499292905757.000,-173.813,0.000,1.000,0.000,0,0,4,0,0,4,4,0,0.0,0.0,1.0,0.0,0.0,1.0
"G[2,2]((BldPrDia >= 69.525 | BUN <= 2.153) | age >= 1.596)
",2.153,2.153,0.000,1.000,0.000,0,0,4,0,0,4,4,0,0.0,0.0,1.0,0.0,0.0,1.0
"G[1,2](DirectLDL <= 0.870 & TSH >= 0.283)
",9999999.000,9999999.000,0.000,1.000,0.000,0,0,2,2,2,2,2,2,0.0,0.0,1.0,0.0,0.0,1.0
"G[1,2]((bmiPerc <= 0.985 & HDL <= 46.492) | Pt_DKAFlg <= 55.997)
",9999999.000,9999999.000,0.000,1.000,0.000,0,0,4,0,0,4,4,0,0.0,0.0,1.0,0.0,0.0,1.0
"G[0,2]((LDL <= 58.501 | BUN >= 1.671) | WeightKg >= 0.191)
",9999999.000,9999999.000,0.000,1.000,0.000,0,0,4,0,0,4,4,0,0.0,0.0,1.0,0.0,0.0,1.0
