Rule,Discrimination Score,Pos Robustness,Neg Robustness,Percent Class +,Percent Class -,TP,TN,FP,FN,Actual Yes,Actual No,Predicted Yes,Predicted No,TPR/Sens,TNR/Spec,FPR,Precision,Accuracy,MCR
"F[0,0](Pt_GrandparentT1D >= 0.000 & WeightKg <= 59.021)
",0.000,0.000,0.000,0.000,1.000,1,0,0,0,1,0,1,0,1.0,0,0,1.0,1.0,0.0
"F[1,1](BGTestAvgNumMeter >= 2.296 & diabDur <= 6.689)
",-2.296,-2.296,0.000,0.000,1.000,1,0,0,0,1,0,1,0,1.0,0,0,1.0,1.0,0.0
"((SMBGperDayPtMeterCombo >= 2.263) U[0,0] (HbA1c <= 8.954))
",81.737,81.737,0.000,0.000,1.000,1,0,0,0,1,0,1,0,1.0,0,0,1.0,1.0,0.0
"((bmi <= 20.433) U[1,1] (AlbCreatRat_mggNew >= 11.533))
",20.433,20.433,0.000,0.000,1.000,1,0,0,0,1,0,1,0,1.0,0,0,1.0,1.0,0.0
"F[1,1]((Pt_SHFlg <= 0.000 & BUN <= 13.786) & GFR >= 9.120)
",-9.120,-9.120,0.000,0.000,1.000,1,0,0,0,1,0,1,0,1.0,0,0,1.0,1.0,0.0
"((BldPrDia >= 68.883) U[0,0] (AlbCreatRat_mggNew <= 12.151))
",61.117,61.117,0.000,0.000,1.000,1,0,0,0,1,0,1,0,1.0,0,0,1.0,1.0,0.0
"F[0,0]((Pt_CGMUseNumDays >= 0.000 | SMBGperDayPtMeterCombo <= 2.767) & TotChol <= 2.531)
",2.531,2.531,0.000,0.000,1.000,1,0,0,0,1,0,1,0,1.0,0,0,1.0,1.0,0.0
"((HDL <= 59.415) U[1,2] (DirectLDL <= 0.000))
",-9999999.000,-9999999.000,0.000,0.000,1.000,1,0,0,0,1,0,1,0,1.0,0,0,1.0,1.0,0.0
"((bmi <= 20.408) U[1,1] (GFR >= 0.000))
",20.408,20.408,0.000,0.000,1.000,1,0,0,0,1,0,1,0,1.0,0,0,1.0,1.0,0.0
"F[0,1]((Pt_SiblingT1D >= 0.000 -> HeightCm <= 170.000) -> bmi >= 170.000)
",-9999999.000,-9999999.000,0.000,0.000,1.000,1,0,0,0,1,0,1,0,1.0,0,0,1.0,1.0,0.0
"F[0,0](GFR < 0.000 & Pt_SHFlg = 0.000)
",-10.158,-10.158,0.000,0.000,1.000,1,0,0,0,1,0,1,0,1.0,0,0,1.0,1.0,0.0
"F[0,1](((GFR >= 0.000 -> Pt_DKAFlg >= 0.000) -> BGTestAvgNumPtRep <= 0.000) & AutonomicNeuroCl <= 0.000)
",-9999999.000,-9999999.000,0.000,0.000,1.000,1,0,0,0,1,0,1,0,1.0,0,0,1.0,1.0,0.0
"((bmi <= 20.412) U[1,2] (bmiPerc <= 0.210))
",-9999999.000,-9999999.000,0.000,0.000,1.000,1,0,0,0,1,0,1,0,1.0,0,0,1.0,1.0,0.0
"F[0,0]((bmiZscore >= -1.185 | Pt_GrandchildT1D <= 0.000) & diabDur <= 0.000)
",-20.000,-20.000,0.000,0.000,1.000,1,0,0,0,1,0,1,0,1.0,0,0,1.0,1.0,0.0
"((bmi < 20.470) U[1,2] (Pt_SHFlg = 0.000))
",-9999999.000,-9999999.000,0.000,0.000,1.000,1,0,0,0,1,0,1,0,1.0,0,0,1.0,1.0,0.0
"F[0,1](TSH > 0.000 & Pt_SHFlg = 0.000)
",-9999999.000,-9999999.000,0.000,0.000,1.000,1,0,0,0,1,0,1,0,1.0,0,0,1.0,1.0,0.0
"((Pt_SiblingT1D > 0.000) U[1,1] (Pt_SHFlg = 0.000))
",0.000,0.000,0.000,0.000,1.000,1,0,0,0,1,0,1,0,1.0,0,0,1.0,1.0,0.0
"F[0,0](((Pt_GrandchildT1D <= 0.000 -> Pt_CGMUseNumDays >= 0.000) & GFR <= 0.000) & BGTestAvgNumMeter <= 0.000)
",-16717.000,-16717.000,0.000,0.000,1.000,1,0,0,0,1,0,1,0,1.0,0,0,1.0,1.0,0.0
"F[0,0](((SMBGperDayPtMeterCombo >= 2.308 & UnitsInsBasalOrLongAct <= 0.000) | HeightCm <= 0.000) | bmiPerc <= 0.000)
",-11.400,-11.400,0.000,0.000,1.000,1,0,0,0,1,0,1,0,1.0,0,0,1.0,1.0,0.0
"((DirectLDL <= 0.000) U[0,0] (BGTestAvgNumMeter >= 2.303))
",-2.303,-2.303,0.000,0.000,1.000,1,0,0,0,1,0,1,0,1.0,0,0,1.0,1.0,0.0
"F[0,1](((HbA1c >= 8.950 -> UnitsInsBasalOrLongAct <= 0.000) | Pt_FatherT1D <= 0.000) & TotalDailyInsPerKg <= 0.000)
",-9999999.000,-9999999.000,0.000,0.000,1.000,1,0,0,0,1,0,1,0,1.0,0,0,1.0,1.0,0.0
"F[0,0](((bmi <= 20.401 & age >= 19.385) -> AutonomicNeuroCl >= 19.013) & NumPumpBolusOrShortAct >= 19.327)
",-18.327,-18.327,0.000,0.000,1.000,1,0,0,0,1,0,1,0,1.0,0,0,1.0,1.0,0.0
"F[0,1](((BUN <= 13.764 | Pt_FatherT1D >= 0.000) & WeightKg <= 0.000) & SMBGperDayPtMeterCombo >= 0.000)
",-9999999.000,-9999999.000,0.000,0.000,1.000,1,0,0,0,1,0,1,0,1.0,0,0,1.0,1.0,0.0
"((HbA1c >= 8.940) U[0,0] (BUN >= 10.971))
",-8.940,-8.940,0.000,0.000,1.000,1,0,0,0,1,0,1,0,1.0,0,0,1.0,1.0,0.0
"F[0,1]((bmiPerc >= 0.146 & HbA1c <= 8.975) & TotChol >= 8.910)
",-9999999.000,-9999999.000,0.000,0.000,1.000,1,0,0,0,1,0,1,0,1.0,0,0,1.0,1.0,0.0
"F[1,1](((Pt_ChildT1D >= 0.000 | GFR <= 0.000) -> Pt_InsGov <= 0.000) | bmi <= 0.000)
",0.000,0.000,0.000,0.000,1.000,1,0,0,0,1,0,1,0,1.0,0,0,1.0,1.0,0.0
"F[1,1]((AlbCreatRat_mggNew >= 11.557 -> LDL >= 11.526) -> Pt_SHFlg >= 3.156)
",-11.526,-11.526,0.000,0.000,1.000,1,0,0,0,1,0,1,0,1.0,0,0,1.0,1.0,0.0
"((HDL <= 50.388) U[1,2] (HbA1cImputeDtMnC >= 2.183))
",-9999999.000,-9999999.000,0.000,0.000,1.000,1,0,0,0,1,0,1,0,1.0,0,0,1.0,1.0,0.0
"((BGTestAvgNumMeter >= 2.008) U[1,1] (BGTestAvgNumPtRep <= 5.804))
",5.804,5.804,0.000,0.000,1.000,1,0,0,0,1,0,1,0,1.0,0,0,1.0,1.0,0.0
"F[0,1]((diagAgeCombo >= 13.000 -> Pt_FatherT1D <= 0.000) -> WeightKg <= 0.000)
",-9999999.000,-9999999.000,0.000,0.000,1.000,1,0,0,0,1,0,1,0,1.0,0,0,1.0,1.0,0.0
"F[0,1]((diagAgeCombo >= 13.000 | AlbCreatRat_mggNew <= 12.283) -> Pt_MotherT1D >= 11.459)
",-9999999.000,-9999999.000,0.000,0.000,1.000,1,0,0,0,1,0,1,0,1.0,0,0,1.0,1.0,0.0
"F[0,1]((Pt_MotherT1D >= 0.000 -> HeightCm >= 170.000) -> diabDur >= 170.000)
",-9999999.000,-9999999.000,0.000,0.000,1.000,1,0,0,0,1,0,1,0,1.0,0,0,1.0,1.0,0.0
"((DirectLDL <= 0.000) U[0,0] (HDL <= 61.424))
",61.424,61.424,0.000,0.000,1.000,1,0,0,0,1,0,1,0,1.0,0,0,1.0,1.0,0.0
"F[0,0](((bmiZscore >= -1.076 -> TotChol <= 132.932) -> diagAgeCombo >= 125.555) | AlbCreatRat_mggNew >= 125.944)
",125.555,125.555,0.000,0.000,1.000,1,0,0,0,1,0,1,0,1.0,0,0,1.0,1.0,0.0
"((AlbCreatRat_mggNew <= 12.163) U[1,2] (UnitsInsBasalOrLongAct >= 0.000))
",-9999999.000,-9999999.000,0.000,0.000,1.000,1,0,0,0,1,0,1,0,1.0,0,0,1.0,1.0,0.0
"F[0,0](HeightCm <= 170.000 -> WeightKg <= 59.090)
",-111.600,-111.600,0.000,0.000,1.000,1,0,0,0,1,0,1,0,1.0,0,0,1.0,1.0,0.0
"F[0,0](((UnitsInsBasalOrLongAct >= 0.000 & HDL >= 17.951) -> TotChol >= 7.618) -> HbA1cImputeDtMnC >= 1.971)
",-7.618,-7.618,0.000,0.000,1.000,1,0,0,0,1,0,1,0,1.0,0,0,1.0,1.0,0.0
"F[0,0](Pt_DKAFlg <= 0.000 & NumPumpBolusOrShortAct <= 0.000)
",-1.000,-1.000,0.000,0.000,1.000,0,0,0,1,1,0,0,1,0.0,0,0,0.0,0.0,1.0
"F[2,2]((BldPrDia <= 77.382 -> diagAgeCombo <= 13.000) & Pt_FatherT1D >= 13.000)
",-77.382,-77.382,0.000,0.000,1.000,0,0,0,1,1,0,0,1,0.0,0,0,0.0,0.0,1.0
"F[2,2](((BGTestAvgNumMeter <= 2.853 & Pt_A1cGoalLevelDsYr5 <= 0.000) -> Pt_MotherT1D >= 0.000) -> BGTestAvgNumMeter <= 0.000)
",0.000,0.000,0.000,0.000,1.000,0,0,0,1,1,0,0,1,0.0,0,0,0.0,0.0,1.0
"F[0,2](((Pt_CGMUseNumDays >= 0.000 -> diagAgeCombo <= 13.000) -> diabDur >= 13.000) -> SMBGperDayPtMeterCombo <= 13.000)
",-9999999.000,-9999999.000,0.000,0.000,1.000,0,0,0,1,1,0,0,1,0.0,0,0,0.0,0.0,1.0
"F[1,2](Pt_GrandchildT1D >= 0.000 -> bmiZscore >= -1.064)
",-9999999.000,-9999999.000,0.000,0.000,1.000,0,0,0,1,1,0,0,1,0.0,0,0,0.0,0.0,1.0
"F[2,2]((Pt_A1cGoalLev >= 2.526 | TSH >= 0.000) -> Triglyc >= 0.000)
",0.000,0.000,0.000,0.000,1.000,0,0,0,1,1,0,0,1,0.0,0,0,0.0,0.0,1.0
"F[1,2](HbA1c >= 8.948 -> Pt_A1cGoalLevelDsYr5 = 0.000)
",-9999999.000,-9999999.000,0.000,0.000,1.000,0,0,0,1,1,0,0,1,0.0,0,0,0.0,0.0,1.0
"F[1,2]((Pt_ChildT1D >= 0.000 -> Pt_DKAFlg <= 0.000) | bmi >= 0.000)
",-9999999.000,-9999999.000,0.000,0.000,1.000,0,0,0,1,1,0,0,1,0.0,0,0,0.0,0.0,1.0
"((GFR <= 0.000) U[0,2] (Pt_FatherT1D <= 0.000))
",-9999999.000,-9999999.000,0.000,0.000,1.000,0,0,0,1,1,0,0,1,0.0,0,0,0.0,0.0,1.0
"F[0,2](Pt_SiblingT1D >= 0.000 -> TSH >= 0.000)
",-9999999.000,-9999999.000,0.000,0.000,1.000,0,0,0,1,1,0,0,1,0.0,0,0,0.0,0.0,1.0
"F[0,1](((bmi <= 20.444 & TSH >= 0.000) -> Pt_GrandparentT1D >= 0.000) | TotalDailyInsPerKg >= 0.000)
",-9999999.000,-9999999.000,0.000,0.000,1.000,0,0,0,1,1,0,0,1,0.0,0,0,0.0,0.0,1.0
"F[0,2]((Pt_InsGov >= 1.000 & Pt_ChildT1D >= 0.000) -> Pt_InsGov <= 0.000)
",-9999999.000,-9999999.000,0.000,0.000,1.000,0,0,0,1,1,0,0,1,0.0,0,0,0.0,0.0,1.0
"((Pt_SHFlg >= 0.000) U[0,2] (bmiPerc >= 0.142))
",-9999999.000,-9999999.000,0.000,0.000,1.000,0,0,0,1,1,0,0,1,0.0,0,0,0.0,0.0,1.0
"F[1,2]((Pt_MotherT1D >= 0.000 & SMBGperDayPtMeterCombo >= 2.246) -> HeightCm <= 2.795)
",-9999999.000,-9999999.000,0.000,0.000,1.000,0,0,0,1,1,0,0,1,0.0,0,0,0.0,0.0,1.0
"F[2,2](Pt_FatherT1D >= 0.000 -> bmi >= 20.310)
",0.000,0.000,0.000,0.000,1.000,0,0,0,1,1,0,0,1,0.0,0,0,0.0,0.0,1.0
"F[2,2]((Pt_GrandparentT1D <= 0.000 | HbA1cImputeDtMnC >= 2.675) -> Triglyc >= 0.148)
",0.000,0.000,0.000,0.000,1.000,0,0,0,1,1,0,0,1,0.0,0,0,0.0,0.0,1.0
"F[1,1]((Pt_InsGov <= 1.000 -> Pt_SHFlg <= 0.000) & Pt_A1cGoalLevelDsYr5 >= 0.000)
",-1.000,-1.000,0.000,0.000,1.000,0,0,0,1,1,0,0,1,0.0,0,0,0.0,0.0,1.0
"((GFR >= 0.000) U[1,2] (age <= 19.986))
",-9999999.000,-9999999.000,0.000,0.000,1.000,0,0,0,1,1,0,0,1,0.0,0,0,0.0,0.0,1.0
"F[1,2]((WeightKg <= 59.192 | HeightCm <= 170.000) -> DirectLDL >= 170.000)
",-9999999.000,-9999999.000,0.000,0.000,1.000,0,0,0,1,1,0,0,1,0.0,0,0,0.0,0.0,1.0
"F[2,2](NumPumpBolusOrShortAct >= 0.000 & diagAgeCombo >= 13.000)
",-13.000,-13.000,0.000,0.000,1.000,0,0,0,1,1,0,0,1,0.0,0,0,0.0,0.0,1.0
"F[2,2](Pt_MotherT1D <= 0.000 | Pt_GrandparentT1D <= 0.000)
",0.000,0.000,0.000,0.000,1.000,0,0,0,1,1,0,0,1,0.0,0,0,0.0,0.0,1.0
"F[0,2](((AlbCreatRat_mggNew <= 12.246 & bmiPerc <= 0.212) & DirectLDL >= 0.142) & SMBGperDayPtMeterCombo >= 0.143)
",-9999999.000,-9999999.000,0.000,0.000,1.000,0,0,0,1,1,0,0,1,0.0,0,0,0.0,0.0,1.0
"F[0,2](((bmi >= 20.291 -> Triglyc <= 27.015) & HeightCm <= 29.453) -> TotalDailyInsPerKg <= 29.393)
",-9999999.000,-9999999.000,0.000,0.000,1.000,0,0,0,1,1,0,0,1,0.0,0,0,0.0,0.0,1.0
"F[1,2](Triglyc >= 9.751 & diagAgeCombo <= 13.000)
",-9999999.000,-9999999.000,0.000,0.000,1.000,0,0,0,1,1,0,0,1,0.0,0,0,0.0,0.0,1.0
"((TotalDailyInsPerKg <= 1.240) U[0,1] (Pt_InsGov <= 1.000))
",-9999999.000,-9999999.000,0.000,0.000,1.000,0,0,0,1,1,0,0,1,0.0,0,0,0.0,0.0,1.0
"F[1,1](((Pt_GrandchildT1D >= 0.000 | Pt_GrandparentT1D <= 0.000) -> WeightKg >= 0.000) | GFR <= 0.000)
",0.000,0.000,0.000,0.000,1.000,0,0,0,1,1,0,0,1,0.0,0,0,0.0,0.0,1.0
"F[0,2](HbA1c <= 8.972 | HeightCm <= 170.000)
",-9999999.000,-9999999.000,0.000,0.000,1.000,0,0,0,1,1,0,0,1,0.0,0,0,0.0,0.0,1.0
"F[2,2](((Pt_GrandchildT1D <= 0.000 & BGTestAvgNumPtRep <= 5.514) -> BGTestAvgNumPtRep <= 5.913) | HDL <= 5.770)
",5.770,5.770,0.000,0.000,1.000,0,0,0,1,1,0,0,1,0.0,0,0,0.0,0.0,1.0
"F[2,2]((Pt_DKAFlg <= 0.000 & Pt_GrandparentT1D <= 0.000) & Pt_CGMUseNumDays <= 0.000)
",0.000,0.000,0.000,0.000,1.000,0,0,0,1,1,0,0,1,0.0,0,0,0.0,0.0,1.0
"F[0,0](((AutonomicNeuroCl >= 0.000 & Pt_MotherT1D >= 0.000) & SMBGperDayPtMeterCombo >= 0.000) & HeightCm >= 0.000)
",0.000,0.000,0.000,0.000,1.000,0,0,0,1,1,0,0,1,0.0,0,0,0.0,0.0,1.0
"F[1,2](((Pt_GrandparentT1D <= 0.000 & UnitsInsBasalOrLongAct <= 0.000) | Pt_A1cGoalLevelDsYr5 >= 0.000) | WeightKg >= 0.000)
",-9999999.000,-9999999.000,0.000,0.000,1.000,0,0,0,1,1,0,0,1,0.0,0,0,0.0,0.0,1.0
"F[1,1](((TSH <= 0.000 & age >= 19.188) & BGTestAvgNumPtRep <= 19.796) | TSH >= 19.111)
",-19.111,-19.111,0.000,0.000,1.000,0,0,0,1,1,0,0,1,0.0,0,0,0.0,0.0,1.0
"F[1,2]((Pt_CGMUseNumDays <= 0.000 | TotalDailyInsPerKg <= 1.106) | AlbCreatRat_mggNew >= 0.801)
",-9999999.000,-9999999.000,0.000,0.000,1.000,0,0,0,1,1,0,0,1,0.0,0,0,0.0,0.0,1.0
"F[0,0](((HbA1c >= 8.932 | Pt_A1cGoalLev <= 4.294) | BldPrSys >= 2.866) | LDL <= 3.937)
",3.286,3.286,0.000,0.000,1.000,0,0,0,1,1,0,0,1,0.0,0,0,0.0,0.0,1.0
"F[0,1](((TotChol >= 126.975 -> Pt_DKAFlg >= 0.000) -> age <= 0.000) -> Pt_DKAFlg >= 0.000)
",-9999999.000,-9999999.000,0.000,0.000,1.000,0,0,0,1,1,0,0,1,0.0,0,0,0.0,0.0,1.0
"((diabDur <= 6.862) U[0,0] (BUN <= 14.326))
",14.326,14.326,0.000,0.000,1.000,0,0,0,1,1,0,0,1,0.0,0,0,0.0,0.0,1.0
"F[1,1](bmi >= 20.322 -> AutonomicNeuroCl <= 0.000)
",0.000,0.000,0.000,0.000,1.000,0,0,0,1,1,0,0,1,0.0,0,0,0.0,0.0,1.0
"F[2,2](((HbA1c >= 8.945 | Pt_SHFlg >= 0.000) | BUN >= 0.000) & Pt_A1cGoalLevelDsYr5 >= 0.000)
",0.000,0.000,0.000,0.000,1.000,0,0,0,1,1,0,0,1,0.0,0,0,0.0,0.0,1.0
"F[0,2](Pt_GrandchildT1D <= 0.000 -> WeightKg <= 58.902)
",-9999999.000,-9999999.000,0.000,0.000,1.000,0,0,0,1,1,0,0,1,0.0,0,0,0.0,0.0,1.0
"((Pt_GrandparentT1D >= 0.000) U[1,1] (bmiZscore <= -0.776))
",0.000,0.000,0.000,0.000,1.000,0,0,0,1,1,0,0,1,0.0,0,0,0.0,0.0,1.0
"F[2,2](Pt_A1cGoalLev >= 1.009 | Triglyc <= 21.417)
",21.417,21.417,0.000,0.000,1.000,0,0,0,1,1,0,0,1,0.0,0,0,0.0,0.0,1.0
"F[1,1](((Pt_A1cGoalLev >= 2.684 | Pt_SHFlg >= 0.000) & Triglyc >= 0.000) -> BUN >= 0.000)
",0.000,0.000,0.000,0.000,1.000,0,0,0,1,1,0,0,1,0.0,0,0,0.0,0.0,1.0
"F[0,2](Pt_MotherT1D <= 0.000 -> NumPumpBolusOrShortAct <= 0.000)
",-9999999.000,-9999999.000,0.000,0.000,1.000,0,0,0,1,1,0,0,1,0.0,0,0,0.0,0.0,1.0
"F[2,2]((HbA1cImputeDtMnC >= 2.427 | BUN >= 9.152) & BGTestAvgNumPtRep <= 13.227)
",-2.427,-2.427,0.000,0.000,1.000,0,0,0,1,1,0,0,1,0.0,0,0,0.0,0.0,1.0
"F[0,1](((SMBGperDayPtMeterCombo <= 2.749 -> HDL >= 17.872) & TotalDailyInsPerKg <= 61.682) | UnitsInsBasalOrLongAct >= 19.846)
",-9999999.000,-9999999.000,0.000,0.000,1.000,0,0,0,1,1,0,0,1,0.0,0,0,0.0,0.0,1.0
"F[2,2]((diagAgeCombo <= 13.000 | bmiPerc <= 0.192) & Pt_SiblingT1D >= 0.171)
",-0.171,-0.171,0.000,0.000,1.000,0,0,0,1,1,0,0,1,0.0,0,0,0.0,0.0,1.0
"F[0,1](bmi <= 20.406 | TSH <= 0.000)
",-9999999.000,-9999999.000,0.000,0.000,1.000,0,0,0,1,1,0,0,1,0.0,0,0,0.0,0.0,1.0
"F[1,2](UnitsInsBasalOrLongAct <= 0.000 -> TotalDailyInsPerKg <= 0.996)
",-9999999.000,-9999999.000,0.000,0.000,1.000,0,0,0,1,1,0,0,1,0.0,0,0,0.0,0.0,1.0
"F[2,2]((Pt_ChildT1D <= 0.000 | Pt_InsGov >= 1.000) | AutonomicNeuroCl >= 1.000)
",0.000,0.000,0.000,0.000,1.000,0,0,0,1,1,0,0,1,0.0,0,0,0.0,0.0,1.0
"F[0,2](LDL >= 1.487 & BGTestAvgNumMeter >= 2.291)
",-9999999.000,-9999999.000,0.000,0.000,1.000,0,0,0,1,1,0,0,1,0.0,0,0,0.0,0.0,1.0
"F[1,2]((AutonomicNeuroCl >= 0.000 -> BGTestAvgNumPtRep >= 5.488) -> AlbCreatRat_mggNew <= 5.874)
",-9999999.000,-9999999.000,0.000,0.000,1.000,0,0,0,1,1,0,0,1,0.0,0,0,0.0,0.0,1.0
"F[1,2](((TSH >= 0.000 -> AutonomicNeuroCl <= 0.000) & DirectLDL <= 0.000) & Pt_CGMUseNumDays >= 0.000)
",-9999999.000,-9999999.000,0.000,0.000,1.000,0,0,0,1,1,0,0,1,0.0,0,0,0.0,0.0,1.0
"((BUN <= 13.237) U[0,1] (Pt_ChildT1D >= 0.000))
",-9999999.000,-9999999.000,0.000,0.000,1.000,0,0,0,1,1,0,0,1,0.0,0,0,0.0,0.0,1.0
"F[0,1](((WeightKg <= 58.854 -> TSH <= 0.000) -> Pt_CGMUseNumDays <= 0.000) & Pt_InsGov >= 0.000)
",-9999999.000,-9999999.000,0.000,0.000,1.000,0,0,0,1,1,0,0,1,0.0,0,0,0.0,0.0,1.0
"F[1,2](((Pt_SiblingT1D >= 0.000 & TotalDailyInsPerKg >= 0.769) -> BGTestAvgNumMeter >= 0.827) | TotalDailyInsPerKg <= 1.154)
",-9999999.000,-9999999.000,0.000,0.000,1.000,0,0,0,1,1,0,0,1,0.0,0,0,0.0,0.0,1.0
"F[0,2](((Pt_GrandchildT1D >= 0.000 & HbA1c <= 8.957) -> Pt_MotherT1D <= 8.973) -> HbA1cImputeDtMnC <= 8.982)
",-9999999.000,-9999999.000,0.000,0.000,1.000,0,0,0,1,1,0,0,1,0.0,0,0,0.0,0.0,1.0
"F[0,2](bmiZscore <= -0.995 & TSH <= 0.000)
",-9999999.000,-9999999.000,0.000,0.000,1.000,0,0,0,1,1,0,0,1,0.0,0,0,0.0,0.0,1.0
"F[1,2](((UnitsInsBasalOrLongAct <= 0.000 -> bmiZscore >= -1.035) | DirectLDL >= -1.165) | Pt_SiblingT1D >= -1.125)
",-9999999.000,-9999999.000,0.000,0.000,1.000,0,0,0,1,1,0,0,1,0.0,0,0,0.0,0.0,1.0
"F[1,2]((bmiPerc <= 0.220 & Triglyc >= 4.821) & Triglyc <= 26.173)
",-9999999.000,-9999999.000,0.000,0.000,1.000,0,0,0,1,1,0,0,1,0.0,0,0,0.0,0.0,1.0
"((bmiPerc <= 0.185) U[0,2] (LDL <= 27.715))
",-9999999.000,-9999999.000,0.000,0.000,1.000,0,0,0,1,1,0,0,1,0.0,0,0,0.0,0.0,1.0
"F[0,2](((TotChol <= 127.572 | BUN <= 13.047) | SMBGperDayPtMeterCombo >= 10.650) -> diagAgeCombo >= 10.220)
",-9999999.000,-9999999.000,0.000,0.000,1.000,0,0,0,1,1,0,0,1,0.0,0,0,0.0,0.0,1.0
"((UnitsInsBasalOrLongAct >= 0.000) U[2,2] (BGTestAvgNumPtRep <= 5.741))
",5.741,5.741,0.000,0.000,1.000,0,0,0,1,1,0,0,1,0.0,0,0,0.0,0.0,1.0
"((Pt_GrandchildT1D <= 0.000) U[0,2] (Pt_GrandparentT1D <= 0.000))
",-9999999.000,-9999999.000,0.000,0.000,1.000,0,0,0,1,1,0,0,1,0.0,0,0,0.0,0.0,1.0
"((BGTestAvgNumMeter <= 2.639) U[1,1] (UnitsInsBasalOrLongAct <= 0.000))
",2.639,2.639,0.000,0.000,1.000,0,0,0,1,1,0,0,1,0.0,0,0,0.0,0.0,1.0
"F[1,2]((Pt_SiblingT1D >= 0.000 -> Pt_CGMUseNumDays <= 0.000) -> HbA1cImputeDtMnC <= 0.000)
",-9999999.000,-9999999.000,0.000,0.000,1.000,0,0,0,1,1,0,0,1,0.0,0,0,0.0,0.0,1.0
"F[1,2]((HbA1cImputeDtMnC <= 9.353 & DirectLDL <= 0.000) -> HbA1c >= 0.000)
",-9999999.000,-9999999.000,0.000,0.000,1.000,0,0,0,1,1,0,0,1,0.0,0,0,0.0,0.0,1.0
"F[0,2](HeightCm >= 170.000 & BldPrSys >= 123.722)
",-9999999.000,-9999999.000,0.000,0.000,1.000,0,0,0,1,1,0,0,1,0.0,0,0,0.0,0.0,1.0
"((diabDur <= 6.991) U[0,1] (age >= 19.417))
",-9999999.000,-9999999.000,0.000,0.000,1.000,0,0,0,1,1,0,0,1,0.0,0,0,0.0,0.0,1.0
"F[0,2]((BUN >= 11.548 & age <= 19.707) | BUN <= 19.564)
",-9999999.000,-9999999.000,0.000,0.000,1.000,0,0,0,1,1,0,0,1,0.0,0,0,0.0,0.0,1.0
"((LDL >= 5.256) U[0,0] (AutonomicNeuroCl >= 0.000))
",8.900,8.900,0.000,0.000,1.000,0,0,0,1,1,0,0,1,0.0,0,0,0.0,0.0,1.0
"F[0,2]((GFR <= 0.000 | AutonomicNeuroCl >= 0.000) -> Pt_GrandchildT1D <= 0.000)
",-9999999.000,-9999999.000,0.000,0.000,1.000,0,0,0,1,1,0,0,1,0.0,0,0,0.0,0.0,1.0
"F[0,1](((HeightCm <= 170.000 -> BGTestAvgNumPtRep <= 5.794) | NumPumpBolusOrShortAct <= 5.831) | TotChol >= 5.246)
",-9999999.000,-9999999.000,0.000,0.000,1.000,0,0,0,1,1,0,0,1,0.0,0,0,0.0,0.0,1.0
"F[1,2](Pt_GrandparentT1D >= 0.000 | diabDur >= 6.164)
",-9999999.000,-9999999.000,0.000,0.000,1.000,0,0,0,1,1,0,0,1,0.0,0,0,0.0,0.0,1.0
"F[0,1]((TotalDailyInsPerKg <= 1.214 | AutonomicNeuroCl >= 0.000) -> NumPumpBolusOrShortAct <= 0.000)
",-9999999.000,-9999999.000,0.000,0.000,1.000,0,0,0,1,1,0,0,1,0.0,0,0,0.0,0.0,1.0
"F[2,2](((SMBGperDayPtMeterCombo >= 2.458 & BldPrSys <= 129.718) | HeightCm <= 125.285) & Pt_A1cGoalLev >= 119.971)
",-119.971,-119.971,0.000,0.000,1.000,0,0,0,1,1,0,0,1,0.0,0,0,0.0,0.0,1.0
"((Pt_GrandchildT1D <= 0.000) U[0,1] (diagAgeCombo <= 13.000))
",-9999999.000,-9999999.000,0.000,0.000,1.000,0,0,0,1,1,0,0,1,0.0,0,0,0.0,0.0,1.0
"F[0,0]((TSH <= 0.000 -> Pt_GrandparentT1D <= 0.000) & Pt_CGMUseNumDays <= 0.000)
",-16717.000,-16717.000,0.000,0.000,1.000,0,0,0,1,1,0,0,1,0.0,0,0,0.0,0.0,1.0
"F[1,2](((TotalDailyInsPerKg >= 0.775 & LDL >= 1.706) -> bmiPerc <= 47.273) -> BGTestAvgNumMeter >= 18.192)
",-9999999.000,-9999999.000,0.000,0.000,1.000,0,0,0,1,1,0,0,1,0.0,0,0,0.0,0.0,1.0
"((Pt_GrandchildT1D >= 0.000) U[0,1] (BldPrDia >= 72.833))
",-9999999.000,-9999999.000,0.000,0.000,1.000,0,0,0,1,1,0,0,1,0.0,0,0,0.0,0.0,1.0
"F[1,2](((LDL >= 5.941 & WeightKg <= 58.994) -> diabDur <= 58.931) -> WeightKg <= 59.136)
",-9999999.000,-9999999.000,0.000,0.000,1.000,0,0,0,1,1,0,0,1,0.0,0,0,0.0,0.0,1.0
"F[0,1]((age >= 19.494 -> BGTestAvgNumMeter <= 2.691) -> bmiZscore <= 2.781)
",-9999999.000,-9999999.000,0.000,0.000,1.000,0,0,0,1,1,0,0,1,0.0,0,0,0.0,0.0,1.0
"F[0,2]((HeightCm <= 170.000 & Pt_FatherT1D >= 0.000) | UnitsInsBasalOrLongAct <= 0.000)
",-9999999.000,-9999999.000,0.000,0.000,1.000,0,0,0,1,1,0,0,1,0.0,0,0,0.0,0.0,1.0
"F[0,0](((Pt_DKAFlg <= 0.000 & BUN >= 11.185) -> Triglyc <= 12.700) | Pt_GrandchildT1D <= 13.526)
",13.526,13.526,0.000,0.000,1.000,0,0,0,1,1,0,0,1,0.0,0,0,0.0,0.0,1.0
"F[0,1](BldPrSys >= 123.533 -> UnitsInsBasalOrLongAct >= 0.000)
",-9999999.000,-9999999.000,0.000,0.000,1.000,0,0,0,1,1,0,0,1,0.0,0,0,0.0,0.0,1.0
"((GFR <= 0.000) U[0,1] (Pt_InsGov >= 1.000))
",-9999999.000,-9999999.000,0.000,0.000,1.000,0,0,0,1,1,0,0,1,0.0,0,0,0.0,0.0,1.0
"F[1,1]((age >= 19.492 | Pt_FatherT1D <= 0.000) | HDL <= 0.000)
",0.000,0.000,0.000,0.000,1.000,0,0,0,1,1,0,0,1,0.0,0,0,0.0,0.0,1.0
"F[0,2]((Pt_InsGov >= 1.000 | DirectLDL >= 0.000) | Pt_MotherT1D <= 0.000)
",-9999999.000,-9999999.000,0.000,0.000,1.000,0,0,0,1,1,0,0,1,0.0,0,0,0.0,0.0,1.0
"F[1,2](SMBGperDayPtMeterCombo <= 2.636 | BGTestAvgNumMeter >= 2.213)
",-9999999.000,-9999999.000,0.000,0.000,1.000,0,0,0,1,1,0,0,1,0.0,0,0,0.0,0.0,1.0
"F[0,2](Pt_MotherT1D <= 0.000 -> bmiZscore >= -1.239)
",-9999999.000,-9999999.000,0.000,0.000,1.000,0,0,0,1,1,0,0,1,0.0,0,0,0.0,0.0,1.0
"((Pt_A1cGoalLevelDsYr5 >= 0.000) U[0,2] (HbA1c >= 8.936))
",-9999999.000,-9999999.000,0.000,0.000,1.000,0,0,0,1,1,0,0,1,0.0,0,0,0.0,0.0,1.0
"((Pt_InsGov >= 1.000) U[0,1] (WeightKg >= 58.586))
",-9999999.000,-9999999.000,0.000,0.000,1.000,0,0,0,1,1,0,0,1,0.0,0,0,0.0,0.0,1.0
"F[2,2](((Pt_InsGov >= 1.000 & bmiPerc >= 0.159) & Pt_A1cGoalLevelDsYr5 >= 0.153) -> Pt_CGMUseNumDays <= 0.189)
",-0.189,-0.189,0.000,0.000,1.000,0,0,0,1,1,0,0,1,0.0,0,0,0.0,0.0,1.0
"F[0,1]((AlbCreatRat_mggNew <= 12.437 & Pt_A1cGoalLevelDsYr5 <= 0.000) -> BGTestAvgNumMeter <= 0.000)
",-9999999.000,-9999999.000,0.000,0.000,1.000,0,0,0,1,1,0,0,1,0.0,0,0,0.0,0.0,1.0
"F[0,1](((BUN >= 9.330 -> Triglyc >= 9.469) | DirectLDL >= 3.857) -> Pt_MotherT1D <= 27.581)
",-9999999.000,-9999999.000,0.000,0.000,1.000,0,0,0,1,1,0,0,1,0.0,0,0,0.0,0.0,1.0
"F[0,0](((HeightCm >= 170.000 | diagAgeCombo <= 13.000) -> diabDur >= 13.000) | diabDur <= 13.000)
",-7.000,-7.000,0.000,0.000,1.000,0,0,0,1,1,0,0,1,0.0,0,0,0.0,0.0,1.0
"F[2,2]((LDL <= 29.977 -> NumPumpBolusOrShortAct >= 0.000) | Pt_MotherT1D <= 0.000)
",0.000,0.000,0.000,0.000,1.000,0,0,0,1,1,0,0,1,0.0,0,0,0.0,0.0,1.0
"F[1,2](((Pt_DKAFlg >= 0.000 & Pt_InsGov >= 1.000) & Pt_ChildT1D >= 1.000) -> Pt_GrandparentT1D >= 1.000)
",-9999999.000,-9999999.000,0.000,0.000,1.000,0,0,0,1,1,0,0,1,0.0,0,0,0.0,0.0,1.0
"F[0,2](((age >= 19.430 -> BUN <= 12.621) & Pt_SiblingT1D <= 13.245) -> Pt_ChildT1D <= 15.730)
",-9999999.000,-9999999.000,0.000,0.000,1.000,0,0,0,1,1,0,0,1,0.0,0,0,0.0,0.0,1.0
"((BGTestAvgNumMeter <= 2.808) U[0,0] (AutonomicNeuroCl >= 0.000))
",8.900,8.900,0.000,0.000,1.000,0,0,0,1,1,0,0,1,0.0,0,0,0.0,0.0,1.0
"F[1,1](((Pt_DKAFlg >= 0.000 | Triglyc >= 9.191) | diabDur <= 24.132) | NumPumpBolusOrShortAct <= 32.338)
",32.338,32.338,0.000,0.000,1.000,0,0,0,1,1,0,0,1,0.0,0,0,0.0,0.0,1.0
"((Pt_InsGov <= 1.000) U[0,2] (diabDur <= 6.803))
",-9999999.000,-9999999.000,0.000,0.000,1.000,0,0,0,1,1,0,0,1,0.0,0,0,0.0,0.0,1.0
"F[0,1]((Pt_FatherT1D >= 0.000 -> Triglyc >= 7.575) & HbA1c >= 1.668)
",-9999999.000,-9999999.000,0.000,0.000,1.000,0,0,0,1,1,0,0,1,0.0,0,0,0.0,0.0,1.0
"F[1,2]((BldPrDia <= 77.434 & BldPrSys >= 122.227) -> Pt_MotherT1D <= 125.098)
",-9999999.000,-9999999.000,0.000,0.000,1.000,0,0,0,1,1,0,0,1,0.0,0,0,0.0,0.0,1.0
"F[2,2](((NumPumpBolusOrShortAct >= 0.000 | GFR >= 0.000) | HeightCm >= 0.000) -> HbA1cImputeDtMnC >= 0.000)
",0.000,0.000,0.000,0.000,1.000,0,0,0,1,1,0,0,1,0.0,0,0,0.0,0.0,1.0
"((HbA1cImputeDtMnC <= 9.176) U[0,0] (Pt_A1cGoalLevelDsYr5 >= 0.000))
",9.176,9.176,0.000,0.000,1.000,0,0,0,1,1,0,0,1,0.0,0,0,0.0,0.0,1.0
"F[0,2]((AutonomicNeuroCl >= 0.000 -> HeightCm >= 170.000) & AlbCreatRat_mggNew <= 170.000)
",-9999999.000,-9999999.000,0.000,0.000,1.000,0,0,0,1,1,0,0,1,0.0,0,0,0.0,0.0,1.0
"F[1,2](Triglyc >= 5.177 -> diagAgeCombo <= 13.000)
",-9999999.000,-9999999.000,0.000,0.000,1.000,0,0,0,1,1,0,0,1,0.0,0,0,0.0,0.0,1.0
"F[0,2]((Pt_A1cGoalLevelDsYr5 <= 0.000 -> Pt_GrandchildT1D >= 0.000) -> Pt_DKAFlg <= 0.000)
",-9999999.000,-9999999.000,0.000,0.000,1.000,0,0,0,1,1,0,0,1,0.0,0,0,0.0,0.0,1.0
"((HbA1cImputeDtMnC <= 10.003) U[0,2] (AutonomicNeuroCl <= 0.000))
",-9999999.000,-9999999.000,0.000,0.000,1.000,0,0,0,1,1,0,0,1,0.0,0,0,0.0,0.0,1.0
"F[2,2]((BUN <= 14.468 | DirectLDL >= 0.000) | Pt_A1cGoalLevelDsYr5 <= 0.000)
",14.468,14.468,0.000,0.000,1.000,0,0,0,1,1,0,0,1,0.0,0,0,0.0,0.0,1.0
"F[0,0]((bmiZscore <= -0.829 & HbA1cImputeDtMnC >= 4.306) -> Pt_GrandparentT1D <= 9.652)
",-9.652,-9.652,0.000,0.000,1.000,0,0,0,1,1,0,0,1,0.0,0,0,0.0,0.0,1.0
"F[1,2](((LDL <= 28.212 | LDL >= 12.929) -> LDL >= 11.311) & BldPrDia >= 17.511)
",-9999999.000,-9999999.000,0.000,0.000,1.000,0,0,0,1,1,0,0,1,0.0,0,0,0.0,0.0,1.0
"F[1,2]((TotalDailyInsPerKg >= 0.834 | Pt_SiblingT1D <= 0.000) & age >= 0.000)
",-9999999.000,-9999999.000,0.000,0.000,1.000,0,0,0,1,1,0,0,1,0.0,0,0,0.0,0.0,1.0
"F[0,0](Pt_GrandchildT1D >= 0.000 -> Pt_GrandchildT1D >= 0.000)
",0.000,0.000,0.000,0.000,1.000,0,0,0,1,1,0,0,1,0.0,0,0,0.0,0.0,1.0
"F[1,2]((Pt_InsGov <= 1.000 -> Triglyc <= 21.764) & BldPrDia >= 1.399)
",-9999999.000,-9999999.000,0.000,0.000,1.000,0,0,0,1,1,0,0,1,0.0,0,0,0.0,0.0,1.0
"F[0,1](((BldPrDia <= 80.172 -> WeightKg >= 58.503) | Pt_GrandparentT1D <= 58.837) | TotChol >= 58.464)
",-9999999.000,-9999999.000,0.000,0.000,1.000,0,0,0,1,1,0,0,1,0.0,0,0,0.0,0.0,1.0
"F[1,2](Pt_InsGov >= 1.000 | Pt_MotherT1D >= 0.000)
",-9999999.000,-9999999.000,0.000,0.000,1.000,0,0,0,1,1,0,0,1,0.0,0,0,0.0,0.0,1.0
"F[0,1](diabDur <= 6.942 -> Pt_GrandchildT1D >= 0.000)
",-9999999.000,-9999999.000,0.000,0.000,1.000,0,0,0,1,1,0,0,1,0.0,0,0,0.0,0.0,1.0
"F[0,2]((TotChol >= 126.026 | BGTestAvgNumMeter >= 2.426) -> Pt_GrandchildT1D <= 2.657)
",-9999999.000,-9999999.000,0.000,0.000,1.000,0,0,0,1,1,0,0,1,0.0,0,0,0.0,0.0,1.0
"F[0,0]((LDL >= 20.813 -> HeightCm >= 170.000) & Pt_A1cGoalLevelDsYr5 <= 170.000)
",20.162,20.162,0.000,0.000,1.000,0,0,0,1,1,0,0,1,0.0,0,0,0.0,0.0,1.0
"F[1,1](((AlbCreatRat_mggNew <= 12.511 | bmiZscore <= -0.977) | Pt_SiblingT1D <= -0.901) | age <= -1.010)
",12.511,12.511,0.000,0.000,1.000,0,0,0,1,1,0,0,1,0.0,0,0,0.0,0.0,1.0
"((GFR >= 0.000) U[0,2] (NumPumpBolusOrShortAct >= 0.000))
",-9999999.000,-9999999.000,0.000,0.000,1.000,0,0,0,1,1,0,0,1,0.0,0,0,0.0,0.0,1.0
"F[0,2]((HbA1c <= 8.975 -> Pt_GrandparentT1D >= 0.000) & Pt_SiblingT1D <= 0.000)
",-9999999.000,-9999999.000,0.000,0.000,1.000,0,0,0,1,1,0,0,1,0.0,0,0,0.0,0.0,1.0
"F[0,0](((BGTestAvgNumPtRep <= 5.770 -> Pt_GrandparentT1D >= 0.000) -> Pt_FatherT1D <= 0.000) | HeightCm <= 0.000)
",0.000,0.000,0.000,0.000,1.000,0,0,0,1,1,0,0,1,0.0,0,0,0.0,0.0,1.0
"F[0,2](((Pt_CGMUseNumDays <= 0.000 -> DirectLDL <= 0.000) & SMBGperDayPtMeterCombo <= 0.000) & BldPrDia >= 0.000)
",-9999999.000,-9999999.000,0.000,0.000,1.000,0,0,0,1,1,0,0,1,0.0,0,0,0.0,0.0,1.0
"F[1,1]((Pt_MotherT1D <= 0.000 -> TSH >= 0.000) -> Pt_GrandparentT1D <= 0.000)
",0.000,0.000,0.000,0.000,1.000,0,0,0,1,1,0,0,1,0.0,0,0,0.0,0.0,1.0
"F[1,2]((Pt_A1cGoalLevelDsYr5 <= 0.000 | BldPrSys >= 120.908) | BGTestAvgNumPtRep <= 126.166)
",-9999999.000,-9999999.000,0.000,0.000,1.000,0,0,0,1,1,0,0,1,0.0,0,0,0.0,0.0,1.0
"F[0,1](((UnitsInsBasalOrLongAct <= 0.000 -> age >= 19.376) | bmi >= 19.171) & BGTestAvgNumPtRep <= 19.997)
",-9999999.000,-9999999.000,0.000,0.000,1.000,0,0,0,1,1,0,0,1,0.0,0,0,0.0,0.0,1.0
"((GFR <= 0.000) U[2,2] (bmi >= 20.323))
",0.000,0.000,0.000,0.000,1.000,0,0,0,1,1,0,0,1,0.0,0,0,0.0,0.0,1.0
"F[0,1](BUN <= 15.320 | Pt_SiblingT1D >= 0.000)
",-9999999.000,-9999999.000,0.000,0.000,1.000,0,0,0,1,1,0,0,1,0.0,0,0,0.0,0.0,1.0
"F[0,2]((bmiPerc >= 0.166 -> Pt_MotherT1D <= 0.000) -> Pt_CGMUseNumDays >= 0.000)
",-9999999.000,-9999999.000,0.000,0.000,1.000,0,0,0,1,1,0,0,1,0.0,0,0,0.0,0.0,1.0
"F[0,1]((BldPrSys <= 128.102 -> Pt_A1cGoalLev >= 0.495) | bmiPerc <= 3.664)
",-9999999.000,-9999999.000,0.000,0.000,1.000,0,0,0,1,1,0,0,1,0.0,0,0,0.0,0.0,1.0
"F[0,0]((Triglyc >= 10.527 | Pt_MotherT1D <= 0.000) | TSH <= 0.000)
",122.473,122.473,0.000,0.000,1.000,0,0,0,1,1,0,0,1,0.0,0,0,0.0,0.0,1.0
"F[0,1](TotalDailyInsPerKg <= 1.102 | bmi >= 20.231)
",-9999999.000,-9999999.000,0.000,0.000,1.000,0,0,0,1,1,0,0,1,0.0,0,0,0.0,0.0,1.0
"F[0,0](HbA1cImputeDtMnC <= 8.937 | diagAgeCombo <= 13.000)
",13.000,13.000,0.000,0.000,1.000,0,0,0,1,1,0,0,1,0.0,0,0,0.0,0.0,1.0
"F[0,2](((TotChol >= 126.111 & Pt_DKAFlg <= 0.000) -> Pt_GrandparentT1D >= 0.000) | Pt_A1cGoalLevelDsYr5 <= 0.000)
",-9999999.000,-9999999.000,0.000,0.000,1.000,0,0,0,1,1,0,0,1,0.0,0,0,0.0,0.0,1.0
"F[0,2](((Pt_SiblingT1D <= 0.000 & AlbCreatRat_mggNew <= 12.022) | BldPrSys >= 11.682) -> Pt_A1cGoalLevelDsYr5 <= 12.409)
",-9999999.000,-9999999.000,0.000,0.000,1.000,0,0,0,1,1,0,0,1,0.0,0,0,0.0,0.0,1.0
"F[1,2]((Pt_ChildT1D >= 0.000 | bmiPerc <= 0.192) -> Pt_SiblingT1D >= 0.149)
",-9999999.000,-9999999.000,0.000,0.000,1.000,0,0,0,1,1,0,0,1,0.0,0,0,0.0,0.0,1.0
"((SMBGperDayPtMeterCombo <= 2.627) U[0,2] (Pt_DKAFlg <= 0.000))
",-9999999.000,-9999999.000,0.000,0.000,1.000,0,0,0,1,1,0,0,1,0.0,0,0,0.0,0.0,1.0
"F[0,2]((Pt_FatherT1D >= 0.000 -> HDL <= 40.626) & Pt_SHFlg >= 7.705)
",-9999999.000,-9999999.000,0.000,0.000,1.000,0,0,0,1,1,0,0,1,0.0,0,0,0.0,0.0,1.0
"F[0,1](Pt_CGMUseNumDays <= 0.000 & BGTestAvgNumPtRep <= 5.748)
",-9999999.000,-9999999.000,0.000,0.000,1.000,0,0,0,1,1,0,0,1,0.0,0,0,0.0,0.0,1.0
"F[1,1](((Pt_A1cGoalLevelDsYr5 >= 0.000 & Pt_GrandparentT1D >= 0.000) | AutonomicNeuroCl <= 0.000) -> UnitsInsBasalOrLongAct <= 0.000)
",0.000,0.000,0.000,0.000,1.000,0,0,0,1,1,0,0,1,0.0,0,0,0.0,0.0,1.0
"F[1,2](((DirectLDL >= 0.000 -> BGTestAvgNumMeter <= 2.619) & WeightKg <= 2.666) -> HbA1c <= 2.705)
",-9999999.000,-9999999.000,0.000,0.000,1.000,0,0,0,1,1,0,0,1,0.0,0,0,0.0,0.0,1.0
"((bmi >= 20.224) U[1,2] (diabDur >= 6.018))
",-9999999.000,-9999999.000,0.000,0.000,1.000,0,0,0,1,1,0,0,1,0.0,0,0,0.0,0.0,1.0
"F[1,2]((bmiPerc >= 0.151 | AutonomicNeuroCl <= 0.000) & HbA1c <= 0.000)
",-9999999.000,-9999999.000,0.000,0.000,1.000,0,0,0,1,1,0,0,1,0.0,0,0,0.0,0.0,1.0
"F[0,1](TSH >= 0.000 -> bmiZscore >= -1.168)
",-9999999.000,-9999999.000,0.000,0.000,1.000,0,0,0,1,1,0,0,1,0.0,0,0,0.0,0.0,1.0
"F[1,1]((BGTestAvgNumPtRep <= 5.921 & bmiPerc <= 0.222) -> Triglyc >= 0.153)
",-0.222,-0.222,0.000,0.000,1.000,0,0,0,1,1,0,0,1,0.0,0,0,0.0,0.0,1.0
"F[0,1]((AutonomicNeuroCl <= 0.000 & HbA1cImputeDtMnC >= 1.302) | Pt_SiblingT1D >= 0.413)
",-9999999.000,-9999999.000,0.000,0.000,1.000,0,0,0,1,1,0,0,1,0.0,0,0,0.0,0.0,1.0
"F[1,2]((Pt_DKAFlg >= 0.000 -> Pt_SiblingT1D >= 0.000) & Pt_SiblingT1D <= 0.000)
",-9999999.000,-9999999.000,0.000,0.000,1.000,0,0,0,1,1,0,0,1,0.0,0,0,0.0,0.0,1.0
"F[2,2](((Pt_A1cGoalLev <= 5.880 -> DirectLDL <= 0.000) -> Pt_SiblingT1D >= 0.000) | AlbCreatRat_mggNew >= 0.000)
",0.000,0.000,0.000,0.000,1.000,0,0,0,1,1,0,0,1,0.0,0,0,0.0,0.0,1.0
"((age <= 19.683) U[1,1] (HeightCm >= 170.000))
",19.683,19.683,0.000,0.000,1.000,0,0,0,1,1,0,0,1,0.0,0,0,0.0,0.0,1.0
"F[1,1](((age <= 19.938 & BGTestAvgNumMeter >= 2.263) -> TSH <= 2.532) | Pt_A1cGoalLev <= 2.962)
",2.962,2.962,0.000,0.000,1.000,0,0,0,1,1,0,0,1,0.0,0,0,0.0,0.0,1.0
"F[1,2]((Pt_GrandchildT1D >= 0.000 | BldPrDia <= 80.919) | LDL <= 81.530)
",-9999999.000,-9999999.000,0.000,0.000,1.000,0,0,0,1,1,0,0,1,0.0,0,0,0.0,0.0,1.0
"F[2,2]((HbA1cImputeDtMnC <= 8.664 & TSH <= 0.000) | Pt_A1cGoalLevelDsYr5 <= 0.000)
",0.000,0.000,0.000,0.000,1.000,0,0,0,1,1,0,0,1,0.0,0,0,0.0,0.0,1.0
"F[2,2](Pt_GrandparentT1D >= 0.000 | SMBGperDayPtMeterCombo <= 2.621)
",2.621,2.621,0.000,0.000,1.000,0,0,0,1,1,0,0,1,0.0,0,0,0.0,0.0,1.0
"F[0,2](BUN >= 10.430 -> HeightCm >= 170.000)
",-9999999.000,-9999999.000,0.000,0.000,1.000,0,0,0,1,1,0,0,1,0.0,0,0,0.0,0.0,1.0
"F[2,2](((Pt_GrandparentT1D >= 0.000 -> BUN >= 12.429) & HbA1c <= 12.517) | TotalDailyInsPerKg >= 9.133)
",0.000,0.000,0.000,0.000,1.000,0,0,0,1,1,0,0,1,0.0,0,0,0.0,0.0,1.0
"F[1,1]((bmiZscore >= -1.092 | Triglyc <= 32.178) | LDL >= 2.581)
",32.178,32.178,0.000,0.000,1.000,0,0,0,1,1,0,0,1,0.0,0,0,0.0,0.0,1.0
"F[1,2]((bmiZscore >= -1.210 -> LDL <= 42.128) & Pt_SiblingT1D >= 20.068)
",-9999999.000,-9999999.000,0.000,0.000,1.000,0,0,0,1,1,0,0,1,0.0,0,0,0.0,0.0,1.0
"F[1,2](bmiPerc >= 0.150 & TotalDailyInsPerKg <= 1.130)
",-9999999.000,-9999999.000,0.000,0.000,1.000,0,0,0,1,1,0,0,1,0.0,0,0,0.0,0.0,1.0
"((Pt_ChildT1D >= 0.000) U[0,1] (Pt_SHFlg = 0.000))
",-9999999.000,-9999999.000,0.000,0.000,1.000,0,0,0,1,1,0,0,1,0.0,0,0,0.0,0.0,1.0
"((Pt_InsGov <= 1.000) U[2,2] (Pt_SHFlg = 0.000))
",1.000,1.000,0.000,0.000,1.000,0,0,0,1,1,0,0,1,0.0,0,0,0.0,0.0,1.0
"((bmiZscore >= -1.070) U[0,0] (WeightKg >= 58.420))
",1.209,1.209,0.000,0.000,1.000,0,0,0,1,1,0,0,1,0.0,0,0,0.0,0.0,1.0
"F[0,1](age >= 19.440 | BldPrDia >= 71.482)
",-9999999.000,-9999999.000,0.000,0.000,1.000,0,0,0,1,1,0,0,1,0.0,0,0,0.0,0.0,1.0
"F[2,2](TotalDailyInsPerKg >= 0.674 & Pt_SHFlg = 0.000)
",-0.674,-0.674,0.000,0.000,1.000,0,0,0,1,1,0,0,1,0.0,0,0,0.0,0.0,1.0
"F[0,1](((Pt_FatherT1D >= 0.000 | BGTestAvgNumPtRep <= 5.526) -> Pt_A1cGoalLevelDsYr5 <= 5.647) & diabDur >= 5.187)
",-9999999.000,-9999999.000,0.000,0.000,1.000,0,0,0,1,1,0,0,1,0.0,0,0,0.0,0.0,1.0
"((BUN <= 14.575) U[0,1] (diabDur >= 6.204))
",-9999999.000,-9999999.000,0.000,0.000,1.000,0,0,0,1,1,0,0,1,0.0,0,0,0.0,0.0,1.0
"F[1,2](bmiZscore <= -0.971 -> BldPrSys >= 119.202)
",-9999999.000,-9999999.000,0.000,0.000,1.000,0,0,0,1,1,0,0,1,0.0,0,0,0.0,0.0,1.0
"((Pt_InsGov <= 1.000) U[1,1] (Pt_A1cGoalLevelDsYr5 >= 0.000))
",1.000,1.000,0.000,0.000,1.000,0,0,0,1,1,0,0,1,0.0,0,0,0.0,0.0,1.0
"F[0,2](BGTestAvgNumPtRep >= 5.206 -> BldPrDia >= 69.890)
",-9999999.000,-9999999.000,0.000,0.000,1.000,0,0,0,1,1,0,0,1,0.0,0,0,0.0,0.0,1.0
"F[0,2]((HbA1cImputeDtMnC <= 5.254 & BGTestAvgNumPtRep >= 5.159) | Pt_A1cGoalLev <= 5.868)
",-9999999.000,-9999999.000,0.000,0.000,1.000,0,0,0,1,1,0,0,1,0.0,0,0,0.0,0.0,1.0
"F[0,1]((Pt_InsGov <= 1.000 | bmi >= 20.258) | Pt_A1cGoalLevelDsYr5 <= 20.410)
",-9999999.000,-9999999.000,0.000,0.000,1.000,0,0,0,1,1,0,0,1,0.0,0,0,0.0,0.0,1.0
"F[0,2]((BUN <= 15.367 -> Pt_A1cGoalLevelDsYr5 <= 0.000) -> AutonomicNeuroCl <= 0.000)
",-9999999.000,-9999999.000,0.000,0.000,1.000,0,0,0,1,1,0,0,1,0.0,0,0,0.0,0.0,1.0
"((TotChol <= 127.909) U[0,2] (diagAgeCombo >= 13.000))
",-9999999.000,-9999999.000,0.000,0.000,1.000,0,0,0,1,1,0,0,1,0.0,0,0,0.0,0.0,1.0
"F[0,1](diabDur <= 6.717 -> AutonomicNeuroCl >= 0.000)
",-9999999.000,-9999999.000,0.000,0.000,1.000,0,0,0,1,1,0,0,1,0.0,0,0,0.0,0.0,1.0
"F[0,0](AutonomicNeuroCl >= 0.000 & BUN <= 14.435)
",8.900,8.900,0.000,0.000,1.000,0,0,0,1,1,0,0,1,0.0,0,0,0.0,0.0,1.0
"F[1,1](Triglyc >= 2.028 -> Pt_GrandparentT1D <= 0.000)
",0.000,0.000,0.000,0.000,1.000,0,0,0,1,1,0,0,1,0.0,0,0,0.0,0.0,1.0
"((BldPrDia >= 63.906) U[2,2] (Pt_MotherT1D <= 0.000))
",0.000,0.000,0.000,0.000,1.000,0,0,0,1,1,0,0,1,0.0,0,0,0.0,0.0,1.0
"((BldPrDia <= 78.254) U[0,1] (BUN >= 11.419))
",-9999999.000,-9999999.000,0.000,0.000,1.000,0,0,0,1,1,0,0,1,0.0,0,0,0.0,0.0,1.0
"F[1,2](((Pt_A1cGoalLevelDsYr5 >= 0.000 -> Pt_InsGov <= 1.000) | Pt_ChildT1D >= 1.000) & HbA1cImputeDtMnC >= 1.000)
",-9999999.000,-9999999.000,0.000,0.000,1.000,0,0,0,1,1,0,0,1,0.0,0,0,0.0,0.0,1.0
"F[0,0](Pt_MotherT1D >= 0.000 | BldPrDia >= 72.153)
",57.847,57.847,0.000,0.000,1.000,0,0,0,1,1,0,0,1,0.0,0,0,0.0,0.0,1.0
"F[0,1]((Pt_FatherT1D >= 0.000 | Pt_A1cGoalLevelDsYr5 >= 0.000) | BldPrSys <= 0.000)
",-9999999.000,-9999999.000,0.000,0.000,1.000,0,0,0,1,1,0,0,1,0.0,0,0,0.0,0.0,1.0
"F[0,2](Pt_CGMUseNumDays >= 0.000 -> Pt_SHFlg = 0.000)
",-9999999.000,-9999999.000,0.000,0.000,1.000,0,0,0,1,1,0,0,1,0.0,0,0,0.0,0.0,1.0
"F[0,1](Pt_SiblingT1D < 0.000 -> Pt_SHFlg = 0.000)
",-9999999.000,-9999999.000,0.000,0.000,1.000,0,0,0,1,1,0,0,1,0.0,0,0,0.0,0.0,1.0
"F[0,0]((TotChol >= 125.325 | NumPumpBolusOrShortAct <= 0.000) -> Pt_A1cGoalLevelDsYr5 >= 0.000)
",-6.500,-6.500,0.000,0.000,1.000,0,0,0,1,1,0,0,1,0.0,0,0,0.0,0.0,1.0
"F[0,2](HbA1c >= 8.912 -> Pt_A1cGoalLevelDsYr5 = 0.000)
",-9999999.000,-9999999.000,0.000,0.000,1.000,0,0,0,1,1,0,0,1,0.0,0,0,0.0,0.0,1.0
"F[0,2](HbA1c >= 8.927 -> Pt_A1cGoalLevelDsYr5 = 0.000)
",-9999999.000,-9999999.000,0.000,0.000,1.000,0,0,0,1,1,0,0,1,0.0,0,0,0.0,0.0,1.0
"((BGTestAvgNumMeter >= 2.176) U[1,2] (BGTestAvgNumPtRep <= 5.751))
",-9999999.000,-9999999.000,0.000,0.000,1.000,0,0,0,1,1,0,0,1,0.0,0,0,0.0,0.0,1.0
"F[1,1](HbA1c >= 8.940 -> Pt_A1cGoalLevelDsYr5 = 0.000)
",0.000,0.000,0.000,0.000,1.000,0,0,0,1,1,0,0,1,0.0,0,0,0.0,0.0,1.0
"((BGTestAvgNumMeter >= 2.245) U[0,1] (BGTestAvgNumPtRep <= 5.760))
",-9999999.000,-9999999.000,0.000,0.000,1.000,0,0,0,1,1,0,0,1,0.0,0,0,0.0,0.0,1.0
"F[0,0](HbA1c >= 8.916 -> Pt_A1cGoalLevelDsYr5 = 0.000)
",6.500,6.500,0.000,0.000,1.000,0,0,0,1,1,0,0,1,0.0,0,0,0.0,0.0,1.0
"((BGTestAvgNumMeter >= 2.161) U[1,2] (BGTestAvgNumPtRep <= 5.979))
",-9999999.000,-9999999.000,0.000,0.000,1.000,0,0,0,1,1,0,0,1,0.0,0,0,0.0,0.0,1.0
"F[0,2](HbA1c >= 8.932 -> Pt_A1cGoalLevelDsYr5 = 0.000)
",-9999999.000,-9999999.000,0.000,0.000,1.000,0,0,0,1,1,0,0,1,0.0,0,0,0.0,0.0,1.0
"((BGTestAvgNumMeter >= 2.134) U[1,2] (BGTestAvgNumPtRep <= 5.943))
",-9999999.000,-9999999.000,0.000,0.000,1.000,0,0,0,1,1,0,0,1,0.0,0,0,0.0,0.0,1.0
"((HeightCm > 170.000) U[0,0] (Pt_SHFlg = 0.000))
",-10.158,-10.158,0.000,0.000,1.000,0,0,0,1,1,0,0,1,0.0,0,0,0.0,0.0,1.0
"F[1,1](HbA1c >= 8.944 -> Pt_A1cGoalLevelDsYr5 = 0.000)
",0.000,0.000,0.000,0.000,1.000,0,0,0,1,1,0,0,1,0.0,0,0,0.0,0.0,1.0
"((BGTestAvgNumMeter >= 2.245) U[1,2] (BGTestAvgNumPtRep <= 5.691))
",-9999999.000,-9999999.000,0.000,0.000,1.000,0,0,0,1,1,0,0,1,0.0,0,0,0.0,0.0,1.0
"F[1,1](HbA1c >= 8.949 -> Pt_A1cGoalLevelDsYr5 = 0.000)
",0.000,0.000,0.000,0.000,1.000,0,0,0,1,1,0,0,1,0.0,0,0,0.0,0.0,1.0
"((BGTestAvgNumMeter >= 2.459) U[0,2] (BGTestAvgNumPtRep <= 5.678))
",-9999999.000,-9999999.000,0.000,0.000,1.000,0,0,0,1,1,0,0,1,0.0,0,0,0.0,0.0,1.0
"F[0,0](HbA1c >= 8.948 -> Pt_A1cGoalLevelDsYr5 = 0.000)
",6.500,6.500,0.000,0.000,1.000,0,0,0,1,1,0,0,1,0.0,0,0,0.0,0.0,1.0
"((BGTestAvgNumMeter >= 2.104) U[0,2] (BGTestAvgNumPtRep <= 5.518))
",-9999999.000,-9999999.000,0.000,0.000,1.000,0,0,0,1,1,0,0,1,0.0,0,0,0.0,0.0,1.0
"F[2,2](HbA1c >= 8.927 -> Pt_A1cGoalLevelDsYr5 = 0.000)
",0.000,0.000,0.000,0.000,1.000,0,0,0,1,1,0,0,1,0.0,0,0,0.0,0.0,1.0
"((BGTestAvgNumMeter >= 2.103) U[0,1] (BGTestAvgNumPtRep <= 5.622))
",-9999999.000,-9999999.000,0.000,0.000,1.000,0,0,0,1,1,0,0,1,0.0,0,0,0.0,0.0,1.0
"F[1,2](DirectLDL > 0.000 -> Pt_SHFlg = 0.000)
",-9999999.000,-9999999.000,0.000,0.000,1.000,0,0,0,1,1,0,0,1,0.0,0,0,0.0,0.0,1.0
"((bmiPerc > 0.150) U[1,2] (Pt_SHFlg = 0.000))
",-9999999.000,-9999999.000,0.000,0.000,1.000,0,0,0,1,1,0,0,1,0.0,0,0,0.0,0.0,1.0
"F[1,2](Pt_FatherT1D <= 0.000 -> Pt_SHFlg = 0.000)
",-9999999.000,-9999999.000,0.000,0.000,1.000,0,0,0,1,1,0,0,1,0.0,0,0,0.0,0.0,1.0
"((Pt_FatherT1D >= 0.000) U[2,2] (Pt_SHFlg = 0.000))
",0.000,0.000,0.000,0.000,1.000,0,0,0,1,1,0,0,1,0.0,0,0,0.0,0.0,1.0
"((HbA1c <= 8.987) U[0,2] (Pt_SHFlg = 0.000))
",-9999999.000,-9999999.000,0.000,0.000,1.000,0,0,0,1,1,0,0,1,0.0,0,0,0.0,0.0,1.0
"((HbA1cImputeDtMnC <= 8.750) U[0,1] (Pt_SHFlg = 0.000))
",-9999999.000,-9999999.000,0.000,0.000,1.000,0,0,0,1,1,0,0,1,0.0,0,0,0.0,0.0,1.0
"((TotalDailyInsPerKg <= 1.188) U[0,1] (Pt_SHFlg = 0.000))
",-9999999.000,-9999999.000,0.000,0.000,1.000,0,0,0,1,1,0,0,1,0.0,0,0,0.0,0.0,1.0
"F[0,1](BldPrSys >= 122.557 & Pt_SHFlg = 0.000)
",-9999999.000,-9999999.000,0.000,0.000,1.000,0,0,0,1,1,0,0,1,0.0,0,0,0.0,0.0,1.0
"F[0,2](BldPrSys < 124.634 -> Pt_SHFlg = 0.000)
",-9999999.000,-9999999.000,0.000,0.000,1.000,0,0,0,1,1,0,0,1,0.0,0,0,0.0,0.0,1.0
"F[1,2](UnitsInsBasalOrLongAct <= 0.000 -> Pt_SHFlg = 0.000)
",-9999999.000,-9999999.000,0.000,0.000,1.000,0,0,0,1,1,0,0,1,0.0,0,0,0.0,0.0,1.0
"((UnitsInsBasalOrLongAct >= 0.000) U[2,2] (Pt_SHFlg = 0.000))
",0.000,0.000,0.000,0.000,1.000,0,0,0,1,1,0,0,1,0.0,0,0,0.0,0.0,1.0
"((NumPumpBolusOrShortAct >= 0.000) U[0,0] (Pt_SHFlg = 0.000))
",1.000,1.000,0.000,0.000,1.000,0,0,0,1,1,0,0,1,0.0,0,0,0.0,0.0,1.0
"F[0,1](Pt_ChildT1D >= 0.000 -> Pt_SHFlg = 0.000)
",-9999999.000,-9999999.000,0.000,0.000,1.000,0,0,0,1,1,0,0,1,0.0,0,0,0.0,0.0,1.0
"((BGTestAvgNumPtRep > 5.333) U[0,2] (Pt_SHFlg = 0.000))
",-9999999.000,-9999999.000,0.000,0.000,1.000,0,0,0,1,1,0,0,1,0.0,0,0,0.0,0.0,1.0
"((TotChol < 130.037) U[2,2] (Pt_SHFlg = 0.000))
",130.037,130.037,0.000,0.000,1.000,0,0,0,1,1,0,0,1,0.0,0,0,0.0,0.0,1.0
"F[0,0](TotChol >= 121.449 -> Pt_SHFlg = 0.000)
",10.158,10.158,0.000,0.000,1.000,0,0,0,1,1,0,0,1,0.0,0,0,0.0,0.0,1.0
"F[0,1](Pt_GrandchildT1D >= 0.000 & Pt_SHFlg = 0.000)
",-9999999.000,-9999999.000,0.000,0.000,1.000,0,0,0,1,1,0,0,1,0.0,0,0,0.0,0.0,1.0
"F[1,2](age < 19.832 -> Pt_SHFlg = 0.000)
",-9999999.000,-9999999.000,0.000,0.000,1.000,0,0,0,1,1,0,0,1,0.0,0,0,0.0,0.0,1.0
"F[0,2](TotChol <= 129.782 -> Pt_SHFlg = 0.000)
",-9999999.000,-9999999.000,0.000,0.000,1.000,0,0,0,1,1,0,0,1,0.0,0,0,0.0,0.0,1.0
"F[1,2]((Pt_ChildT1D <= 0.000 & Pt_DKAFlg >= 0.000) | Pt_A1cGoalLevelDsYr5 <= 0.000)
",-9999999.000,-9999999.000,0.000,0.000,1.000,0,0,0,1,1,0,0,1,0.0,0,0,0.0,0.0,1.0
"F[1,2](SMBGperDayPtMeterCombo <= 2.939 | BUN <= 15.606)
",-9999999.000,-9999999.000,0.000,0.000,1.000,0,0,0,1,1,0,0,1,0.0,0,0,0.0,0.0,1.0
"((TotChol <= 128.788) U[1,2] (Pt_CGMUseNumDays <= 0.000))
",-9999999.000,-9999999.000,0.000,0.000,1.000,0,0,0,1,1,0,0,1,0.0,0,0,0.0,0.0,1.0
"F[0,0](((Pt_SiblingT1D >= 0.000 & BldPrDia <= 82.756) -> Pt_ChildT1D <= 77.520) & UnitsInsBasalOrLongAct <= 76.197)
",-77.520,-77.520,0.000,0.000,1.000,0,0,0,1,1,0,0,1,0.0,0,0,0.0,0.0,1.0
"F[2,2](((AutonomicNeuroCl <= 0.000 & HbA1cImputeDtMnC >= 4.339) | Pt_InsGov <= 7.025) -> AutonomicNeuroCl <= 9.752)
",-9.752,-9.752,0.000,0.000,1.000,0,0,0,1,1,0,0,1,0.0,0,0,0.0,0.0,1.0
"F[0,2]((bmiPerc >= 0.159 -> Pt_A1cGoalLevelDsYr5 <= 0.000) | AutonomicNeuroCl <= 0.000)
",-9999999.000,-9999999.000,0.000,0.000,1.000,0,0,0,1,1,0,0,1,0.0,0,0,0.0,0.0,1.0
"F[0,0](((BldPrDia >= 63.454 | TSH >= 0.000) -> UnitsInsBasalOrLongAct >= 0.000) | HbA1c >= 0.000)
",0.000,0.000,0.000,0.000,1.000,0,0,0,1,1,0,0,1,0.0,0,0,0.0,0.0,1.0
"F[0,0](((Pt_A1cGoalLev >= 1.927 -> GFR <= 0.000) | bmiZscore <= 0.000) & Pt_SHFlg >= 0.000)
",-0.139,-0.139,0.000,0.000,1.000,0,0,0,1,1,0,0,1,0.0,0,0,0.0,0.0,1.0
"F[2,2](((Pt_SiblingT1D <= 0.000 -> Pt_DKAFlg >= 0.000) -> TotChol >= 0.000) & Pt_MotherT1D >= 0.000)
",0.000,0.000,0.000,0.000,1.000,0,0,0,1,1,0,0,1,0.0,0,0,0.0,0.0,1.0
"F[0,2](AutonomicNeuroCl >= 0.000 & Pt_A1cGoalLev >= 3.061)
",-9999999.000,-9999999.000,0.000,0.000,1.000,0,0,0,1,1,0,0,1,0.0,0,0,0.0,0.0,1.0
"F[0,1](Pt_A1cGoalLevelDsYr5 >= 0.000 & age >= 19.368)
",-9999999.000,-9999999.000,0.000,0.000,1.000,0,0,0,1,1,0,0,1,0.0,0,0,0.0,0.0,1.0
"F[0,0](BUN <= 15.013 & Pt_A1cGoalLevelDsYr5 >= 0.000)
",6.500,6.500,0.000,0.000,1.000,0,0,0,1,1,0,0,1,0.0,0,0,0.0,0.0,1.0
"F[2,2]((age >= 19.230 -> bmiPerc <= 0.213) -> HDL >= 0.145)
",0.145,0.145,0.000,0.000,1.000,0,0,0,1,1,0,0,1,0.0,0,0,0.0,0.0,1.0
"F[0,0](NumPumpBolusOrShortAct >= 0.000 & Triglyc >= 6.996)
",1.000,1.000,0.000,0.000,1.000,0,0,0,1,1,0,0,1,0.0,0,0,0.0,0.0,1.0
"((Pt_ChildT1D >= 0.000) U[0,2] (AutonomicNeuroCl <= 0.000))
",-9999999.000,-9999999.000,0.000,0.000,1.000,0,0,0,1,1,0,0,1,0.0,0,0,0.0,0.0,1.0
"((WeightKg >= 58.777) U[1,2] (TotChol >= 125.934))
",-9999999.000,-9999999.000,0.000,0.000,1.000,0,0,0,1,1,0,0,1,0.0,0,0,0.0,0.0,1.0
"F[1,2](Pt_GrandparentT1D <= 0.000 -> age >= 19.127)
",-9999999.000,-9999999.000,0.000,0.000,1.000,0,0,0,1,1,0,0,1,0.0,0,0,0.0,0.0,1.0
"F[1,1]((HeightCm >= 170.000 | GFR >= 0.000) | BGTestAvgNumMeter >= 0.000)
",0.000,0.000,0.000,0.000,1.000,0,0,0,1,1,0,0,1,0.0,0,0,0.0,0.0,1.0
"F[0,1]((Pt_MotherT1D <= 0.000 | Pt_SiblingT1D >= 0.000) -> Pt_GrandparentT1D >= 0.000)
",-9999999.000,-9999999.000,0.000,0.000,1.000,0,0,0,1,1,0,0,1,0.0,0,0,0.0,0.0,1.0
"F[1,2](NumPumpBolusOrShortAct <= 0.000 & Pt_GrandchildT1D <= 0.000)
",-9999999.000,-9999999.000,0.000,0.000,1.000,0,0,0,1,1,0,0,1,0.0,0,0,0.0,0.0,1.0
"F[1,1](((Pt_A1cGoalLevelDsYr5 <= 0.000 | BUN <= 13.462) & Pt_A1cGoalLev >= 11.155) -> Pt_A1cGoalLev <= 14.377)
",-14.377,-14.377,0.000,0.000,1.000,0,0,0,1,1,0,0,1,0.0,0,0,0.0,0.0,1.0
"F[0,1](Pt_SHFlg <= 0.000 | Pt_CGMUseNumDays >= 0.000)
",-9999999.000,-9999999.000,0.000,0.000,1.000,0,0,0,1,1,0,0,1,0.0,0,0,0.0,0.0,1.0
"((AlbCreatRat_mggNew >= 11.851) U[0,1] (diabDur <= 6.679))
",-9999999.000,-9999999.000,0.000,0.000,1.000,0,0,0,1,1,0,0,1,0.0,0,0,0.0,0.0,1.0
"F[1,2](((Pt_ChildT1D <= 0.000 -> BldPrSys <= 124.821) | Pt_FatherT1D <= 126.472) | Pt_A1cGoalLev >= 120.504)
",-9999999.000,-9999999.000,0.000,0.000,1.000,0,0,0,1,1,0,0,1,0.0,0,0,0.0,0.0,1.0
"F[0,0](((BGTestAvgNumMeter >= 2.320 & HbA1c <= 8.995) | Pt_DKAFlg >= 8.916) -> SMBGperDayPtMeterCombo >= 8.906)
",-75.094,-75.094,0.000,0.000,1.000,0,0,0,1,1,0,0,1,0.0,0,0,0.0,0.0,1.0
"((Pt_A1cGoalLevelDsYr5 >= 0.000) U[0,0] (HDL >= 26.927))
",6.500,6.500,0.000,0.000,1.000,0,0,0,1,1,0,0,1,0.0,0,0,0.0,0.0,1.0
"F[1,1](TotalDailyInsPerKg >= 0.666 -> bmi <= 20.471)
",-20.471,-20.471,0.000,0.000,1.000,0,0,0,1,1,0,0,1,0.0,0,0,0.0,0.0,1.0
"F[1,2]((TotChol <= 127.669 | AutonomicNeuroCl <= 0.000) -> Pt_SHFlg <= 0.000)
",-9999999.000,-9999999.000,0.000,0.000,1.000,0,0,0,1,1,0,0,1,0.0,0,0,0.0,0.0,1.0
"((Triglyc >= 5.189) U[1,2] (Pt_InsGov >= 1.000))
",-9999999.000,-9999999.000,0.000,0.000,1.000,0,0,0,1,1,0,0,1,0.0,0,0,0.0,0.0,1.0
"F[2,2](NumPumpBolusOrShortAct <= 0.000 -> Pt_SHFlg >= 0.000)
",0.000,0.000,0.000,0.000,1.000,0,0,0,1,1,0,0,1,0.0,0,0,0.0,0.0,1.0
"F[1,2]((Triglyc >= 2.175 & diabDur >= 6.151) | HeightCm <= 6.821)
",-9999999.000,-9999999.000,0.000,0.000,1.000,0,0,0,1,1,0,0,1,0.0,0,0,0.0,0.0,1.0
"((BGTestAvgNumMeter >= 2.272) U[0,1] (BGTestAvgNumPtRep <= 5.798))
",-9999999.000,-9999999.000,0.000,0.000,1.000,0,0,0,1,1,0,0,1,0.0,0,0,0.0,0.0,1.0
"F[1,1]((Pt_A1cGoalLev <= 3.558 & Pt_A1cGoalLev <= 5.384) | diagAgeCombo >= 2.231)
",3.558,3.558,0.000,0.000,1.000,0,0,0,1,1,0,0,1,0.0,0,0,0.0,0.0,1.0
"F[0,2](((diabDur >= 6.482 -> NumPumpBolusOrShortAct <= 0.000) | Triglyc <= 0.000) -> bmiPerc <= 0.000)
",-9999999.000,-9999999.000,0.000,0.000,1.000,0,0,0,1,1,0,0,1,0.0,0,0,0.0,0.0,1.0
"F[0,2]((HbA1c >= 8.938 | HbA1cImputeDtMnC >= 4.897) & Pt_DKAFlg <= 7.499)
",-9999999.000,-9999999.000,0.000,0.000,1.000,0,0,0,1,1,0,0,1,0.0,0,0,0.0,0.0,1.0
"F[0,1]((Pt_GrandparentT1D >= 0.000 & Pt_GrandchildT1D <= 0.000) | UnitsInsBasalOrLongAct <= 0.000)
",-9999999.000,-9999999.000,0.000,0.000,1.000,0,0,0,1,1,0,0,1,0.0,0,0,0.0,0.0,1.0
"F[0,1]((Pt_GrandchildT1D <= 0.000 & LDL >= 13.861) -> HDL >= 22.314)
",-9999999.000,-9999999.000,0.000,0.000,1.000,0,0,0,1,1,0,0,1,0.0,0,0,0.0,0.0,1.0
"F[0,2](((Pt_ChildT1D <= 0.000 -> TotChol <= 131.439) & Pt_MotherT1D >= 121.562) & BUN >= 121.846)
",-9999999.000,-9999999.000,0.000,0.000,1.000,0,0,0,1,1,0,0,1,0.0,0,0,0.0,0.0,1.0
"((BGTestAvgNumMeter <= 2.700) U[0,1] (Pt_A1cGoalLevelDsYr5 >= 0.000))
",-9999999.000,-9999999.000,0.000,0.000,1.000,0,0,0,1,1,0,0,1,0.0,0,0,0.0,0.0,1.0
"F[0,1]((AlbCreatRat_mggNew <= 12.042 | GFR <= 0.000) & UnitsInsBasalOrLongAct >= 0.000)
",-9999999.000,-9999999.000,0.000,0.000,1.000,0,0,0,1,1,0,0,1,0.0,0,0,0.0,0.0,1.0
"((age >= 19.425) U[0,1] (TSH >= 0.000))
",-9999999.000,-9999999.000,0.000,0.000,1.000,0,0,0,1,1,0,0,1,0.0,0,0,0.0,0.0,1.0
"F[0,0](((Pt_A1cGoalLevelDsYr5 >= 0.000 | BldPrSys >= 122.454) | Triglyc >= 121.664) | Pt_A1cGoalLev <= 128.170)
",115.170,115.170,0.000,0.000,1.000,0,0,0,1,1,0,0,1,0.0,0,0,0.0,0.0,1.0
"((TotChol <= 128.408) U[1,2] (HbA1cImputeDtMnC <= 7.552))
",-9999999.000,-9999999.000,0.000,0.000,1.000,0,0,0,1,1,0,0,1,0.0,0,0,0.0,0.0,1.0
"((age >= 19.062) U[0,0] (Pt_ChildT1D <= 0.000))
",0.000,0.000,0.000,0.000,1.000,0,0,0,1,1,0,0,1,0.0,0,0,0.0,0.0,1.0
"F[1,2](SMBGperDayPtMeterCombo >= 2.462 & AutonomicNeuroCl >= 0.000)
",-9999999.000,-9999999.000,0.000,0.000,1.000,0,0,0,1,1,0,0,1,0.0,0,0,0.0,0.0,1.0
"F[0,1]((Pt_ChildT1D <= 0.000 & diabDur >= 6.213) -> Pt_MotherT1D <= 6.803)
",-9999999.000,-9999999.000,0.000,0.000,1.000,0,0,0,1,1,0,0,1,0.0,0,0,0.0,0.0,1.0
"((TotChol <= 127.828) U[2,2] (TSH >= 0.000))
",127.828,127.828,0.000,0.000,1.000,0,0,0,1,1,0,0,1,0.0,0,0,0.0,0.0,1.0
"F[0,0]((TotalDailyInsPerKg <= 1.207 & SMBGperDayPtMeterCombo >= 2.482) | Pt_MotherT1D <= 2.924)
",2.924,2.924,0.000,0.000,1.000,0,0,0,1,1,0,0,1,0.0,0,0,0.0,0.0,1.0
"F[0,0](((Pt_GrandchildT1D >= 0.000 | TSH <= 0.000) | GFR <= 0.000) & AutonomicNeuroCl >= 0.000)
",1.261,1.261,0.000,0.000,1.000,0,0,0,1,1,0,0,1,0.0,0,0,0.0,0.0,1.0
"F[2,2]((HbA1c <= 8.954 -> HeightCm >= 170.000) | diabDur <= 170.000)
",170.000,170.000,0.000,0.000,1.000,0,0,0,1,1,0,0,1,0.0,0,0,0.0,0.0,1.0
"F[1,2](((SMBGperDayPtMeterCombo >= 2.293 | GFR >= 0.000) -> Pt_A1cGoalLev <= 0.000) & Pt_InsGov <= 0.000)
",-9999999.000,-9999999.000,0.000,0.000,1.000,0,0,0,1,1,0,0,1,0.0,0,0,0.0,0.0,1.0
"((Pt_GrandchildT1D <= 0.000) U[0,1] (Pt_MotherT1D >= 0.000))
",-9999999.000,-9999999.000,0.000,0.000,1.000,0,0,0,1,1,0,0,1,0.0,0,0,0.0,0.0,1.0
"F[1,2](((diabDur <= 6.751 & SMBGperDayPtMeterCombo >= 2.394) | HDL <= 2.704) & Pt_SiblingT1D <= 2.636)
",-9999999.000,-9999999.000,0.000,0.000,1.000,0,0,0,1,1,0,0,1,0.0,0,0,0.0,0.0,1.0
"F[0,2]((Pt_CGMUseNumDays <= 0.000 & BGTestAvgNumPtRep <= 5.939) | Triglyc <= 5.819)
",-9999999.000,-9999999.000,0.000,0.000,1.000,0,0,0,1,1,0,0,1,0.0,0,0,0.0,0.0,1.0
"F[1,2]((diabDur >= 6.296 & Pt_SHFlg >= 0.000) | Pt_A1cGoalLevelDsYr5 >= 0.000)
",-9999999.000,-9999999.000,0.000,0.000,1.000,0,0,0,1,1,0,0,1,0.0,0,0,0.0,0.0,1.0
"F[2,2](TotChol >= 123.015 | BldPrSys >= 119.055)
",-119.055,-119.055,0.000,0.000,1.000,0,0,0,1,1,0,0,1,0.0,0,0,0.0,0.0,1.0
"F[0,0]((TSH <= 0.000 -> bmiZscore <= -0.941) | Pt_SHFlg >= -1.078)
",11.236,11.236,0.000,0.000,1.000,0,0,0,1,1,0,0,1,0.0,0,0,0.0,0.0,1.0
"((Pt_MotherT1D >= 0.000) U[0,0] (Pt_GrandparentT1D <= 0.000))
",0.000,0.000,0.000,0.000,1.000,0,0,0,1,1,0,0,1,0.0,0,0,0.0,0.0,1.0
"F[0,2](((Pt_DKAFlg <= 0.000 -> Pt_A1cGoalLevelDsYr5 >= 0.000) -> diabDur >= 0.000) | Pt_SHFlg >= 0.000)
",-9999999.000,-9999999.000,0.000,0.000,1.000,0,0,0,1,1,0,0,1,0.0,0,0,0.0,0.0,1.0
"F[0,1](Pt_DKAFlg <= 0.000 -> BUN <= 14.922)
",-9999999.000,-9999999.000,0.000,0.000,1.000,0,0,0,1,1,0,0,1,0.0,0,0,0.0,0.0,1.0
"F[0,2]((Pt_DKAFlg >= 0.000 -> GFR >= 0.000) | Pt_FatherT1D <= 0.000)
",-9999999.000,-9999999.000,0.000,0.000,1.000,0,0,0,1,1,0,0,1,0.0,0,0,0.0,0.0,1.0
"((Pt_A1cGoalLev >= 2.097) U[0,0] (bmiZscore >= -1.087))
",10.903,10.903,0.000,0.000,1.000,0,0,0,1,1,0,0,1,0.0,0,0,0.0,0.0,1.0
"((HeightCm <= 170.000) U[0,2] (Pt_FatherT1D <= 0.000))
",-9999999.000,-9999999.000,0.000,0.000,1.000,0,0,0,1,1,0,0,1,0.0,0,0,0.0,0.0,1.0
"F[0,0](((Pt_A1cGoalLevelDsYr5 >= 0.000 & Pt_SHFlg >= 0.000) -> diagAgeCombo <= 0.000) -> HeightCm >= 0.000)
",-58.400,-58.400,0.000,0.000,1.000,0,0,0,1,1,0,0,1,0.0,0,0,0.0,0.0,1.0
"F[0,1](Pt_GrandchildT1D <= 0.000 & Pt_DKAFlg <= 0.000)
",-9999999.000,-9999999.000,0.000,0.000,1.000,0,0,0,1,1,0,0,1,0.0,0,0,0.0,0.0,1.0
"((LDL >= 18.610) U[0,0] (Pt_SHFlg >= 0.000))
",10.158,10.158,0.000,0.000,1.000,0,0,0,1,1,0,0,1,0.0,0,0,0.0,0.0,1.0
"((BGTestAvgNumPtRep >= 5.143) U[0,2] (bmiZscore >= -1.076))
",-9999999.000,-9999999.000,0.000,0.000,1.000,0,0,0,1,1,0,0,1,0.0,0,0,0.0,0.0,1.0
"F[1,2](((BldPrSys >= 121.949 & age >= 19.348) | GFR >= 19.369) | BUN >= 19.087)
",-9999999.000,-9999999.000,0.000,0.000,1.000,0,0,0,1,1,0,0,1,0.0,0,0,0.0,0.0,1.0
"F[0,2]((NumPumpBolusOrShortAct <= 0.000 | GFR >= 0.000) & SMBGperDayPtMeterCombo <= 0.000)
",-9999999.000,-9999999.000,0.000,0.000,1.000,0,0,0,1,1,0,0,1,0.0,0,0,0.0,0.0,1.0
"((BldPrDia >= 73.126) U[0,2] (Pt_A1cGoalLevelDsYr5 <= 0.000))
",-9999999.000,-9999999.000,0.000,0.000,1.000,0,0,0,1,1,0,0,1,0.0,0,0,0.0,0.0,1.0
"F[1,2]((Pt_SHFlg <= 0.000 | diabDur <= 6.906) | Triglyc >= 6.403)
",-9999999.000,-9999999.000,0.000,0.000,1.000,0,0,0,1,1,0,0,1,0.0,0,0,0.0,0.0,1.0
"((TotalDailyInsPerKg >= 0.697) U[0,1] (Pt_SiblingT1D >= 0.000))
",-9999999.000,-9999999.000,0.000,0.000,1.000,0,0,0,1,1,0,0,1,0.0,0,0,0.0,0.0,1.0
"((Pt_A1cGoalLevelDsYr5 >= 0.000) U[1,2] (Triglyc >= 16.786))
",-9999999.000,-9999999.000,0.000,0.000,1.000,0,0,0,1,1,0,0,1,0.0,0,0,0.0,0.0,1.0
"((Pt_GrandchildT1D <= 0.000) U[0,1] (Pt_DKAFlg >= 0.000))
",-9999999.000,-9999999.000,0.000,0.000,1.000,0,0,0,1,1,0,0,1,0.0,0,0,0.0,0.0,1.0
"F[1,2](((BUN >= 9.388 -> BldPrDia >= 70.454) | Pt_CGMUseNumDays >= 66.667) -> Pt_GrandparentT1D >= 68.783)
",-9999999.000,-9999999.000,0.000,0.000,1.000,0,0,0,1,1,0,0,1,0.0,0,0,0.0,0.0,1.0
"F[0,1]((BGTestAvgNumMeter >= 2.128 & Triglyc >= 5.698) -> bmiZscore >= 15.231)
",-9999999.000,-9999999.000,0.000,0.000,1.000,0,0,0,1,1,0,0,1,0.0,0,0,0.0,0.0,1.0
"F[0,2]((BldPrDia <= 78.578 | BGTestAvgNumMeter <= 2.724) | NumPumpBolusOrShortAct <= 2.618)
",-9999999.000,-9999999.000,0.000,0.000,1.000,0,0,0,1,1,0,0,1,0.0,0,0,0.0,0.0,1.0
"((Pt_CGMUseNumDays <= 0.000) U[1,2] (Pt_ChildT1D >= 0.000))
",-9999999.000,-9999999.000,0.000,0.000,1.000,0,0,0,1,1,0,0,1,0.0,0,0,0.0,0.0,1.0
"((Pt_A1cGoalLev >= 1.655) U[1,2] (Pt_A1cGoalLev <= 3.278))
",-9999999.000,-9999999.000,0.000,0.000,1.000,0,0,0,1,1,0,0,1,0.0,0,0,0.0,0.0,1.0
"F[2,2]((SMBGperDayPtMeterCombo <= 2.818 & Triglyc >= 3.921) | Pt_GrandparentT1D >= 6.875)
",-3.921,-3.921,0.000,0.000,1.000,0,0,0,1,1,0,0,1,0.0,0,0,0.0,0.0,1.0
