Rule,Discrimination Score,Pos Robustness,Neg Robustness,Percent Class +,Percent Class -,TP,TN,FP,FN,Actual Yes,Actual No,Predicted Yes,Predicted No,TPR/Sens,TNR/Spec,FPR,Precision,Accuracy,MCR
"G[0,0](SMBGperDayPtMeterCombo >= 1.184 & BGTestAvgNumPtRep >= 3.056)
",-3.056,-3.056,0.000,1.000,0.000,1,1,0,0,1,1,1,1,1.0,1.0,0.0,1.0,1.3333333333333333,-0.33333333333333326
"G[0,1]((WeightKg >= 83.482 | bmi >= 28.336) -> UnitsInsBasalOrLongAct <= 12.309)
",9999999.000,9999999.000,0.000,1.000,0.000,1,1,0,0,1,1,1,1,1.0,1.0,0.0,1.0,1.3333333333333333,-0.33333333333333326
"G[0,0](((TotChol >= 0.000 -> LDL >= 16.744) | Pt_InsGov >= 12.528) | BldPrSys <= 71.094)
",71.094,71.094,0.000,1.000,0.000,1,1,0,0,1,1,1,1,1.0,1.0,0.0,1.0,1.3333333333333333,-0.33333333333333326
"G[0,1](Pt_A1cGoalLev >= 1.293 | TSH <= 0.594)
",9999999.000,9999999.000,0.000,1.000,0.000,1,1,0,0,1,1,1,1,1.0,1.0,0.0,1.0,1.3333333333333333,-0.33333333333333326
"G[0,0](((diabDur <= 15.889 & TotChol >= 0.000) & BldPrSys >= 0.000) & Pt_GrandparentT1D <= 0.000)
",-13.111,-13.111,0.000,1.000,0.000,1,1,0,0,1,1,1,1,1.0,1.0,0.0,1.0,1.3333333333333333,-0.33333333333333326
"G[0,1](((GFR <= 87.777 & Pt_DKAFlg <= 0.000) & Pt_SHFlg >= 0.000) & Pt_A1cGoalLevelDsYr5 >= 0.000)
",9999999.000,9999999.000,0.000,1.000,0.000,1,1,0,0,1,1,1,1,1.0,1.0,0.0,1.0,1.3333333333333333,-0.33333333333333326
"G[0,0](((Pt_MotherT1D <= 0.000 & diabDur >= 15.228) & Pt_A1cGoalLevelDsYr5 <= 15.784) -> Pt_A1cGoalLev >= 15.256)
",0.000,0.000,0.000,1.000,0.000,1,1,0,0,1,1,1,1,1.0,1.0,0.0,1.0,1.3333333333333333,-0.33333333333333326
"G[0,1](((AlbCreatRat_mggNew >= 33.111 & HbA1cImputeDtMnC >= 3.229) | Pt_GrandchildT1D >= 0.051) -> Pt_InsGov >= 5.969)
",9999999.000,9999999.000,0.000,1.000,0.000,1,1,0,0,1,1,1,1,1.0,1.0,0.0,1.0,1.3333333333333333,-0.33333333333333326
"G[0,0]((DirectLDL >= 0.000 -> diabDur >= 15.438) -> Pt_MotherT1D >= 15.359)
",15.359,15.359,0.000,1.000,0.000,1,1,0,0,1,1,1,1,1.0,1.0,0.0,1.0,1.3333333333333333,-0.33333333333333326
"G[0,0](((Pt_FatherT1D >= 0.000 & BGTestAvgNumPtRep >= 3.043) | HbA1cImputeDtMnC <= 3.881) | Pt_InsGov >= 3.312)
",3.881,3.881,0.000,1.000,0.000,1,1,0,0,1,1,1,1,1.0,1.0,0.0,1.0,1.3333333333333333,-0.33333333333333326
"G[0,0]((BldPrSys <= 152.606 -> BUN <= 14.841) -> SMBGperDayPtMeterCombo >= 5.804)
",-75.196,-75.196,0.000,1.000,0.000,1,1,0,0,1,1,1,1,1.0,1.0,0.0,1.0,1.3333333333333333,-0.33333333333333326
"G[0,0](HbA1cImputeDtMnC > 2.897 -> Pt_SHFlg = 0.693)
",0.693,0.693,0.000,1.000,0.000,1,1,0,0,1,1,1,1,1.0,1.0,0.0,1.0,1.3333333333333333,-0.33333333333333326
"G[0,0](SMBGperDayPtMeterCombo >= 1.008 & BGTestAvgNumPtRep >= 3.212)
",-3.212,-3.212,0.000,1.000,0.000,1,1,0,0,1,1,1,1,1.0,1.0,0.0,1.0,1.3333333333333333,-0.33333333333333326
"G[0,0](SMBGperDayPtMeterCombo >= 1.633 & BGTestAvgNumPtRep >= 3.320)
",-3.320,-3.320,0.000,1.000,0.000,1,1,0,0,1,1,1,1,1.0,1.0,0.0,1.0,1.3333333333333333,-0.33333333333333326
"G[0,0](TotalDailyInsPerKg >= 0.141 | BGTestAvgNumPtRep >= 3.107)
",14.859,14.859,0.000,1.000,0.000,1,1,0,0,1,1,1,1,1.0,1.0,0.0,1.0,1.3333333333333333,-0.33333333333333326
"G[0,1]((WeightKg >= 83.677 | bmi >= 26.967) -> UnitsInsBasalOrLongAct <= 5.366)
",9999999.000,9999999.000,0.000,1.000,0.000,1,1,0,0,1,1,1,1,1.0,1.0,0.0,1.0,1.3333333333333333,-0.33333333333333326
"G[0,2](SMBGperDayPtMeterCombo >= 1.824 & BGTestAvgNumPtRep >= 3.231)
",9999999.000,9999999.000,0.000,1.000,0.000,0,1,0,1,1,1,0,2,0.0,1.0,0.0,0.0,0.6666666666666666,0.33333333333333337
"G[0,0](((HbA1c >= 8.050 & TotalDailyInsPerKg >= 0.091) | bmi <= 0.249) | diabDur >= 0.098)
",28.902,28.902,0.000,1.000,0.000,1,0,1,0,1,1,2,0,1.0,0.0,1.0,0.5,0.6666666666666666,0.33333333333333337
"G[0,2]((NumPumpBolusOrShortAct <= 0.000 | diabDur >= 15.616) -> AutonomicNeuroCl >= 15.503)
",9999999.000,9999999.000,0.000,1.000,0.000,0,1,0,1,1,1,0,2,0.0,1.0,0.0,0.0,0.6666666666666666,0.33333333333333337
"G[0,1](SMBGperDayPtMeterCombo >= 1.179 & BGTestAvgNumPtRep >= 3.258)
",9999999.000,9999999.000,0.000,1.000,0.000,0,1,0,1,1,1,0,2,0.0,1.0,0.0,0.0,0.6666666666666666,0.33333333333333337
"G[0,2](((WeightKg >= 83.244 & Pt_SiblingT1D >= 0.000) | UnitsInsBasalOrLongAct <= 0.000) -> HbA1cImputeDtMnC <= 0.000)
",9999999.000,9999999.000,0.000,1.000,0.000,0,1,0,1,1,1,0,2,0.0,1.0,0.0,0.0,0.6666666666666666,0.33333333333333337
"G[1,1](((BldPrDia >= 86.746 & HbA1cImputeDtMnC >= 6.420) -> BldPrDia >= 9.115) | Pt_SHFlg <= 13.838)
",13.838,13.838,0.000,1.000,0.000,1,0,1,0,1,1,2,0,1.0,0.0,1.0,0.5,0.6666666666666666,0.33333333333333337
"G[0,2](SMBGperDayPtMeterCombo >= 2.284 & BGTestAvgNumPtRep >= 3.267)
",9999999.000,9999999.000,0.000,1.000,0.000,0,1,0,1,1,1,0,2,0.0,1.0,0.0,0.0,0.6666666666666666,0.33333333333333337
"G[0,1](((BUN <= 17.675 | TSH >= 0.201) -> BGTestAvgNumPtRep <= 0.628) -> Pt_DKAFlg <= 0.904)
",9999999.000,9999999.000,0.000,1.000,0.000,1,0,1,0,1,1,2,0,1.0,0.0,1.0,0.5,0.6666666666666666,0.33333333333333337
"G[1,1](Pt_CGMUseNumDays >= 0.000 | HeightCm >= 175.260)
",0.000,0.000,0.000,1.000,0.000,1,0,1,0,1,1,2,0,1.0,0.0,1.0,0.5,0.6666666666666666,0.33333333333333337
"G[0,0](bmiZscore >= 0.017 -> Pt_InsGov <= 0.000)
",0.000,0.000,0.000,1.000,0.000,1,0,1,0,1,1,2,0,1.0,0.0,1.0,0.5,0.6666666666666666,0.33333333333333337
"G[0,1](((Pt_FatherT1D >= 0.000 & bmiPerc <= 0.000) & Pt_A1cGoalLev >= 0.000) | Triglyc >= 0.000)
",9999999.000,9999999.000,0.000,1.000,0.000,1,0,1,0,1,1,2,0,1.0,0.0,1.0,0.5,0.6666666666666666,0.33333333333333337
"G[0,1]((age <= 29.955 | Pt_MotherT1D >= 0.000) & Pt_InsGov >= 0.000)
",9999999.000,9999999.000,0.000,1.000,0.000,1,0,1,0,1,1,2,0,1.0,0.0,1.0,0.5,0.6666666666666666,0.33333333333333337
"G[1,1]((DirectLDL <= 0.000 | Pt_GrandchildT1D >= 0.000) -> HbA1c >= 0.000)
",0.000,0.000,0.000,1.000,0.000,1,0,1,0,1,1,2,0,1.0,0.0,1.0,0.5,0.6666666666666666,0.33333333333333337
"G[0,1]((HeightCm <= 175.260 | TotalDailyInsPerKg >= 0.088) & Pt_SiblingT1D <= 0.278)
",9999999.000,9999999.000,0.000,1.000,0.000,1,0,1,0,1,1,2,0,1.0,0.0,1.0,0.5,0.6666666666666666,0.33333333333333337
"G[0,1](((Pt_A1cGoalLevelDsYr5 >= 0.000 | Pt_DKAFlg >= 0.000) | Pt_A1cGoalLevelDsYr5 <= 0.000) | AutonomicNeuroCl >= 0.000)
",9999999.000,9999999.000,0.000,1.000,0.000,1,0,1,0,1,1,2,0,1.0,0.0,1.0,0.5,0.6666666666666666,0.33333333333333337
"G[0,2]((diabDur <= 15.828 -> DirectLDL >= 0.000) -> BGTestAvgNumPtRep <= 0.000)
",9999999.000,9999999.000,0.000,1.000,0.000,0,1,0,1,1,1,0,2,0.0,1.0,0.0,0.0,0.6666666666666666,0.33333333333333337
"G[1,1](((Pt_CGMUseNumDays >= 0.000 | Pt_InsGov >= 0.000) -> LDL <= 0.000) & SMBGperDayPtMeterCombo >= 0.000)
",0.000,0.000,0.000,1.000,0.000,1,0,1,0,1,1,2,0,1.0,0.0,1.0,0.5,0.6666666666666666,0.33333333333333337
"G[0,2]((Pt_ChildT1D <= 0.000 & Pt_SHFlg >= 0.182) | TotalDailyInsPerKg >= 0.257)
",9999999.000,9999999.000,0.000,1.000,0.000,0,1,1,0,0,2,1,1,0.0,0.5,0.5,0.0,0.6666666666666666,0.33333333333333337
"G[0,1](((NumPumpBolusOrShortAct <= 0.000 -> Pt_DKAFlg >= 0.000) | BUN >= 0.000) -> NumPumpBolusOrShortAct <= 0.000)
",9999999.000,9999999.000,0.000,1.000,0.000,1,0,1,0,1,1,2,0,1.0,0.0,1.0,0.5,0.6666666666666666,0.33333333333333337
"G[0,1](((BldPrDia >= 89.627 -> Pt_GrandparentT1D <= 0.338) | Pt_FatherT1D >= 0.013) -> age >= 0.326)
",9999999.000,9999999.000,0.000,1.000,0.000,1,0,1,0,1,1,2,0,1.0,0.0,1.0,0.5,0.6666666666666666,0.33333333333333337
"G[1,1]((HbA1cImputeDtMnC >= 0.498 -> Pt_SiblingT1D <= 0.000) & Pt_MotherT1D <= 0.000)
",0.000,0.000,0.000,1.000,0.000,1,0,1,0,1,1,2,0,1.0,0.0,1.0,0.5,0.6666666666666666,0.33333333333333337
"G[0,0](Triglyc <= 31.515 & BGTestAvgNumMeter >= 0.224)
",-0.224,-0.224,0.000,1.000,0.000,0,1,0,1,1,1,0,2,0.0,1.0,0.0,0.0,0.6666666666666666,0.33333333333333337
"G[0,2](((HbA1c >= 8.190 -> WeightKg <= 91.569) | WeightKg <= 89.135) -> TotalDailyInsPerKg >= 82.190)
",9999999.000,9999999.000,0.000,1.000,0.000,0,1,0,1,1,1,0,2,0.0,1.0,0.0,0.0,0.6666666666666666,0.33333333333333337
"G[0,1](((Pt_SHFlg >= 0.210 | TotalDailyInsPerKg <= 0.305) & BGTestAvgNumPtRep <= 0.233) -> SMBGperDayPtMeterCombo >= 0.016)
",9999999.000,9999999.000,0.000,1.000,0.000,1,0,1,0,1,1,2,0,1.0,0.0,1.0,0.5,0.6666666666666666,0.33333333333333337
"G[0,2](((SMBGperDayPtMeterCombo >= 1.416 -> TSH <= 1.104) & Pt_InsGov <= 1.327) | diagAgeCombo <= 0.820)
",9999999.000,9999999.000,0.000,1.000,0.000,0,1,1,0,0,2,1,1,0.0,0.5,0.5,0.0,0.6666666666666666,0.33333333333333337
"G[0,0]((HbA1c <= 8.560 -> TotalDailyInsPerKg >= 0.059) | Pt_SHFlg <= 0.304)
",0.304,0.304,0.000,1.000,0.000,1,0,1,0,1,1,2,0,1.0,0.0,1.0,0.5,0.6666666666666666,0.33333333333333337
"G[0,0](((UnitsInsBasalOrLongAct <= 5.807 -> diabDur >= 15.050) & Pt_A1cGoalLevelDsYr5 <= 15.847) -> SMBGperDayPtMeterCombo <= 15.903)
",13.950,13.950,0.000,1.000,0.000,1,0,1,0,1,1,2,0,1.0,0.0,1.0,0.5,0.6666666666666666,0.33333333333333337
"G[0,1](((bmiZscore >= 0.084 & HbA1c >= 8.011) | Pt_GrandchildT1D <= 8.643) -> Pt_ChildT1D >= 8.171)
",9999999.000,9999999.000,0.000,1.000,0.000,0,1,0,1,1,1,0,2,0.0,1.0,0.0,0.0,0.6666666666666666,0.33333333333333337
"G[0,1](Pt_FatherT1D >= 0.000 | Pt_SHFlg >= 0.303)
",9999999.000,9999999.000,0.000,1.000,0.000,1,0,1,0,1,1,2,0,1.0,0.0,1.0,0.5,0.6666666666666666,0.33333333333333337
"G[0,1]((BldPrSys >= 131.987 -> UnitsInsBasalOrLongAct <= 9.684) & Pt_A1cGoalLev >= 1.900)
",9999999.000,9999999.000,0.000,1.000,0.000,0,1,0,1,1,1,0,2,0.0,1.0,0.0,0.0,0.6666666666666666,0.33333333333333337
"G[1,1]((AlbCreatRat_mggNew <= 88.361 | SMBGperDayPtMeterCombo >= 2.094) & BGTestAvgNumMeter <= 3.139)
",3.139,3.139,0.000,1.000,0.000,1,0,1,0,1,1,2,0,1.0,0.0,1.0,0.5,0.6666666666666666,0.33333333333333337
"G[0,0]((BGTestAvgNumMeter <= 0.821 | HbA1cImputeDtMnC >= 7.159) | BGTestAvgNumPtRep <= 13.696)
",13.696,13.696,0.000,1.000,0.000,1,0,1,0,1,1,2,0,1.0,0.0,1.0,0.5,0.6666666666666666,0.33333333333333337
"G[1,1]((Pt_GrandparentT1D >= 0.262 & Pt_SiblingT1D <= 0.000) | TotalDailyInsPerKg >= 0.000)
",0.000,0.000,0.000,1.000,0.000,1,0,1,0,1,1,2,0,1.0,0.0,1.0,0.5,0.6666666666666666,0.33333333333333337
"G[0,2](Pt_GrandparentT1D <= 0.535 & Pt_SHFlg >= 0.290)
",9999999.000,9999999.000,0.000,1.000,0.000,0,1,0,1,1,1,0,2,0.0,1.0,0.0,0.0,0.6666666666666666,0.33333333333333337
"G[0,1](((HDL <= 36.393 -> TotChol <= 0.000) | TotalDailyInsPerKg <= 0.000) -> Pt_GrandparentT1D >= 0.000)
",9999999.000,9999999.000,0.000,1.000,0.000,1,0,1,0,1,1,2,0,1.0,0.0,1.0,0.5,0.6666666666666666,0.33333333333333337
"G[0,2](diagAgeCombo >= 14.000 & AlbCreatRat_mggNew <= 79.347)
",9999999.000,9999999.000,0.000,1.000,0.000,0,1,1,0,0,2,1,1,0.0,0.5,0.5,0.0,0.6666666666666666,0.33333333333333337
"G[0,1]((BldPrSys <= 149.966 -> TSH >= 0.107) -> Pt_InsGov >= 0.029)
",9999999.000,9999999.000,0.000,1.000,0.000,0,1,0,1,1,1,0,2,0.0,1.0,0.0,0.0,0.6666666666666666,0.33333333333333337
"G[0,1]((HeightCm <= 175.260 | age <= 29.948) | LDL <= 29.993)
",9999999.000,9999999.000,0.000,1.000,0.000,1,0,1,0,1,1,2,0,1.0,0.0,1.0,0.5,0.6666666666666666,0.33333333333333337
"G[0,0]((Pt_GrandchildT1D >= 0.000 -> Pt_SHFlg <= 0.459) & Pt_SHFlg >= 0.152)
",-0.459,-0.459,0.000,1.000,0.000,0,1,0,1,1,1,0,2,0.0,1.0,0.0,0.0,0.6666666666666666,0.33333333333333337
"G[0,0](((UnitsInsBasalOrLongAct <= 6.478 -> bmi <= 29.067) & Pt_SiblingT1D >= 27.393) & HDL >= 27.166)
",-29.067,-29.067,0.000,1.000,0.000,0,1,0,1,1,1,0,2,0.0,1.0,0.0,0.0,0.6666666666666666,0.33333333333333337
"G[1,1](((bmiPerc >= 0.000 -> TotalDailyInsPerKg >= 0.130) | Pt_SiblingT1D >= 0.121) | BGTestAvgNumMeter >= 0.055)
",0.000,0.000,0.000,1.000,0.000,1,0,1,0,1,1,2,0,1.0,0.0,1.0,0.5,0.6666666666666666,0.33333333333333337
"G[1,1]((bmiZscore >= 0.009 -> Pt_A1cGoalLevelDsYr5 >= 0.000) -> bmiZscore >= 0.000)
",0.000,0.000,0.000,1.000,0.000,1,0,1,0,1,1,2,0,1.0,0.0,1.0,0.5,0.6666666666666666,0.33333333333333337
"G[1,1](Triglyc <= 30.913 & HbA1cImputeDtMnC >= 9.411)
",-9.411,-9.411,0.000,1.000,0.000,1,0,1,0,1,1,2,0,1.0,0.0,1.0,0.5,0.6666666666666666,0.33333333333333337
"G[0,0](bmiZscore <= 0.180 -> bmi <= 29.934)
",-29.934,-29.934,0.000,1.000,0.000,1,0,1,0,1,1,2,0,1.0,0.0,1.0,0.5,0.6666666666666666,0.33333333333333337
"G[0,2]((Pt_MotherT1D >= 0.000 -> BGTestAvgNumPtRep >= 3.071) & LDL >= 3.056)
",9999999.000,9999999.000,0.000,1.000,0.000,0,1,0,1,1,1,0,2,0.0,1.0,0.0,0.0,0.6666666666666666,0.33333333333333337
"G[0,0]((GFR <= 108.852 -> BldPrDia <= 95.445) | Pt_A1cGoalLevelDsYr5 <= 98.591)
",98.591,98.591,0.000,1.000,0.000,1,0,1,0,1,1,2,0,1.0,0.0,1.0,0.5,0.6666666666666666,0.33333333333333337
"G[0,1](Pt_DKAFlg >= 0.000 & AutonomicNeuroCl >= 0.000)
",9999999.000,9999999.000,0.000,1.000,0.000,1,0,1,0,1,1,2,0,1.0,0.0,1.0,0.5,0.6666666666666666,0.33333333333333337
"G[0,1](BldPrSys >= 131.860 -> BGTestAvgNumPtRep <= 3.691)
",9999999.000,9999999.000,0.000,1.000,0.000,1,0,1,0,1,1,2,0,1.0,0.0,1.0,0.5,0.6666666666666666,0.33333333333333337
"G[0,0](((diabDur >= 15.253 -> BGTestAvgNumPtRep >= 3.022) | BUN <= 3.688) & TSH >= 3.094)
",-13.747,-13.747,0.000,1.000,0.000,0,1,0,1,1,1,0,2,0.0,1.0,0.0,0.0,0.6666666666666666,0.33333333333333337
"G[0,0]((diagAgeCombo >= 14.000 & BGTestAvgNumMeter <= 0.440) | Pt_SHFlg <= 0.863)
",0.863,0.863,0.000,1.000,0.000,1,0,1,0,1,1,2,0,1.0,0.0,1.0,0.5,0.6666666666666666,0.33333333333333337
"G[0,1](((UnitsInsBasalOrLongAct >= 3.904 -> Pt_SHFlg <= 0.726) & Pt_MotherT1D <= 0.557) & SMBGperDayPtMeterCombo >= 0.133)
",9999999.000,9999999.000,0.000,1.000,0.000,1,0,1,0,1,1,2,0,1.0,0.0,1.0,0.5,0.6666666666666666,0.33333333333333337
"G[0,1]((TotChol >= 0.000 -> HeightCm >= 175.260) -> AutonomicNeuroCl <= 175.260)
",9999999.000,9999999.000,0.000,1.000,0.000,1,0,1,0,1,1,2,0,1.0,0.0,1.0,0.5,0.6666666666666666,0.33333333333333337
"G[1,1](((HbA1c >= 8.016 & TotChol <= 0.000) | TotChol <= 0.000) | age >= 0.000)
",0.000,0.000,0.000,1.000,0.000,1,0,1,0,1,1,2,0,1.0,0.0,1.0,0.5,0.6666666666666666,0.33333333333333337
"G[0,1](((TotChol <= 0.000 | Pt_GrandchildT1D >= 0.000) -> Pt_MotherT1D <= 0.000) -> HbA1cImputeDtMnC >= 0.000)
",9999999.000,9999999.000,0.000,1.000,0.000,1,0,1,0,1,1,2,0,1.0,0.0,1.0,0.5,0.6666666666666666,0.33333333333333337
"G[0,0](TotalDailyInsPerKg <= 0.238 -> AutonomicNeuroCl >= 0.000)
",-8.100,-8.100,0.000,1.000,0.000,1,0,1,0,1,1,2,0,1.0,0.0,1.0,0.5,0.6666666666666666,0.33333333333333337
"G[0,1]((Pt_SiblingT1D <= 0.000 | BGTestAvgNumPtRep <= 3.871) | Pt_SHFlg >= 3.193)
",9999999.000,9999999.000,0.000,1.000,0.000,1,0,1,0,1,1,2,0,1.0,0.0,1.0,0.5,0.6666666666666666,0.33333333333333337
"G[0,1](((Pt_FatherT1D <= 0.000 | Pt_SHFlg >= 0.092) | TotalDailyInsPerKg <= 0.881) | SMBGperDayPtMeterCombo >= 0.197)
",9999999.000,9999999.000,0.000,1.000,0.000,1,0,1,0,1,1,2,0,1.0,0.0,1.0,0.5,0.6666666666666666,0.33333333333333337
"G[0,1]((Pt_A1cGoalLev <= 4.433 -> Pt_A1cGoalLevelDsYr5 >= 0.000) & TotalDailyInsPerKg >= 0.000)
",9999999.000,9999999.000,0.000,1.000,0.000,1,0,1,0,1,1,2,0,1.0,0.0,1.0,0.5,0.6666666666666666,0.33333333333333337
"G[0,1]((TotChol <= 0.000 -> AutonomicNeuroCl <= 0.000) & age <= 0.000)
",9999999.000,9999999.000,0.000,1.000,0.000,0,1,0,1,1,1,0,2,0.0,1.0,0.0,0.0,0.6666666666666666,0.33333333333333337
"G[0,1](GFR <= 77.172 & LDL >= 18.713)
",9999999.000,9999999.000,0.000,1.000,0.000,0,1,0,1,1,1,0,2,0.0,1.0,0.0,0.0,0.6666666666666666,0.33333333333333337
"G[0,0](((diagAgeCombo <= 14.000 | BUN >= 11.496) & BUN <= 14.380) & TotalDailyInsPerKg <= 16.634)
",-27.620,-27.620,0.000,1.000,0.000,0,1,0,1,1,1,0,2,0.0,1.0,0.0,0.0,0.6666666666666666,0.33333333333333337
"G[0,1]((UnitsInsBasalOrLongAct <= 14.155 | Pt_DKAFlg >= 0.000) | Pt_CGMUseNumDays <= 0.000)
",9999999.000,9999999.000,0.000,1.000,0.000,1,0,1,0,1,1,2,0,1.0,0.0,1.0,0.5,0.6666666666666666,0.33333333333333337
"G[0,1](((BldPrDia >= 87.415 & Pt_GrandparentT1D <= 0.481) & Pt_GrandparentT1D >= 0.144) & Pt_A1cGoalLevelDsYr5 <= 0.430)
",9999999.000,9999999.000,0.000,1.000,0.000,0,1,0,1,1,1,0,2,0.0,1.0,0.0,0.0,0.6666666666666666,0.33333333333333337
"G[0,0](((AlbCreatRat_mggNew >= 34.432 | Pt_SiblingT1D >= 0.000) | LDL <= 0.000) | Pt_DKAFlg <= 0.000)
",0.000,0.000,0.000,1.000,0.000,1,0,1,0,1,1,2,0,1.0,0.0,1.0,0.5,0.6666666666666666,0.33333333333333337
"G[0,1]((Pt_CGMUseNumDays <= 0.000 & Pt_DKAFlg <= 0.000) -> Pt_A1cGoalLevelDsYr5 <= 0.000)
",9999999.000,9999999.000,0.000,1.000,0.000,1,0,1,0,1,1,2,0,1.0,0.0,1.0,0.5,0.6666666666666666,0.33333333333333337
"G[1,1]((Pt_GrandchildT1D <= 0.000 | BGTestAvgNumPtRep >= 3.304) -> Pt_GrandparentT1D <= 3.409)
",-3.409,-3.409,0.000,1.000,0.000,1,0,1,0,1,1,2,0,1.0,0.0,1.0,0.5,0.6666666666666666,0.33333333333333337
"G[0,0](HeightCm >= 175.260 | HeightCm >= 175.260)
",-93.160,-93.160,0.000,1.000,0.000,1,0,1,0,1,1,2,0,1.0,0.0,1.0,0.5,0.6666666666666666,0.33333333333333337
"G[0,2]((WeightKg <= 90.666 & TSH >= 0.235) & BUN <= 1.281)
",9999999.000,9999999.000,0.000,1.000,0.000,0,1,0,1,1,1,0,2,0.0,1.0,0.0,0.0,0.6666666666666666,0.33333333333333337
"G[0,1](((Pt_GrandparentT1D <= 0.733 -> Pt_FatherT1D >= 0.000) & Pt_SHFlg <= 0.000) | SMBGperDayPtMeterCombo >= 0.000)
",9999999.000,9999999.000,0.000,1.000,0.000,1,0,1,0,1,1,2,0,1.0,0.0,1.0,0.5,0.6666666666666666,0.33333333333333337
"G[0,2]((Pt_MotherT1D >= 0.000 -> UnitsInsBasalOrLongAct <= 5.953) & BGTestAvgNumPtRep >= 0.680)
",9999999.000,9999999.000,0.000,1.000,0.000,0,1,1,0,0,2,1,1,0.0,0.5,0.5,0.0,0.6666666666666666,0.33333333333333337
"G[0,1]((BldPrDia <= 100.536 | diabDur <= 15.996) -> TotChol >= 15.517)
",9999999.000,9999999.000,0.000,1.000,0.000,0,1,0,1,1,1,0,2,0.0,1.0,0.0,0.0,0.6666666666666666,0.33333333333333337
"G[1,1](((WeightKg <= 89.723 | Pt_GrandparentT1D <= 0.905) -> HeightCm >= 0.233) & HbA1cImputeDtMnC >= 0.259)
",-89.723,-89.723,0.000,1.000,0.000,1,0,1,0,1,1,2,0,1.0,0.0,1.0,0.5,0.6666666666666666,0.33333333333333337
"G[0,0]((bmi <= 28.844 & TotalDailyInsPerKg <= 0.201) -> BGTestAvgNumMeter >= 0.041)
",0.041,0.041,0.000,1.000,0.000,1,0,1,0,1,1,2,0,1.0,0.0,1.0,0.5,0.6666666666666666,0.33333333333333337
"G[0,0](HDL >= 20.318 -> BUN >= 11.100)
",-59.682,-59.682,0.000,1.000,0.000,1,0,1,0,1,1,2,0,1.0,0.0,1.0,0.5,0.6666666666666666,0.33333333333333337
"G[0,0]((TotChol <= 0.000 & diagAgeCombo <= 14.000) -> AutonomicNeuroCl >= 14.000)
",5.900,5.900,0.000,1.000,0.000,0,1,0,1,1,1,0,2,0.0,1.0,0.0,0.0,0.6666666666666666,0.33333333333333337
"G[0,2]((WeightKg >= 85.808 | bmi >= 26.763) -> UnitsInsBasalOrLongAct <= 10.023)
",9999999.000,9999999.000,0.000,1.000,0.000,0,1,1,0,0,2,1,1,0.0,0.5,0.5,0.0,0.6666666666666666,0.33333333333333337
"G[1,1]((age <= 29.899 | HbA1cImputeDtMnC >= 4.401) | BUN <= 12.664)
",29.899,29.899,0.000,1.000,0.000,1,0,1,0,1,1,2,0,1.0,0.0,1.0,0.5,0.6666666666666666,0.33333333333333337
"G[0,0](((HbA1cImputeDtMnC >= 4.692 & LDL <= 44.450) & Pt_A1cGoalLev >= 10.986) & Pt_InsGov >= 2.637)
",-4.692,-4.692,0.000,1.000,0.000,0,1,0,1,1,1,0,2,0.0,1.0,0.0,0.0,0.6666666666666666,0.33333333333333337
"G[0,2](((Pt_A1cGoalLevelDsYr5 <= 0.000 | BUN >= 5.380) | Pt_FatherT1D >= 8.539) -> bmi <= 18.271)
",9999999.000,9999999.000,0.000,1.000,0.000,0,1,0,1,1,1,0,2,0.0,1.0,0.0,0.0,0.6666666666666666,0.33333333333333337
"G[0,2](Pt_DKAFlg > 0.000 & Pt_SHFlg = 0.780)
",9999999.000,9999999.000,0.000,1.000,0.000,0,1,0,1,1,1,0,2,0.0,1.0,0.0,0.0,0.6666666666666666,0.33333333333333337
"G[0,1](Pt_InsGov <= 0.000 -> Pt_SHFlg = 0.566)
",9999999.000,9999999.000,0.000,1.000,0.000,0,1,0,1,1,1,0,2,0.0,1.0,0.0,0.0,0.6666666666666666,0.33333333333333337
"G[0,0](TotChol < 0.000 -> Pt_SHFlg = 0.022)
",0.022,0.022,0.000,1.000,0.000,1,0,1,0,1,1,2,0,1.0,0.0,1.0,0.5,0.6666666666666666,0.33333333333333337
"G[0,1](HeightCm <= 175.260 & Pt_SHFlg = 0.198)
",9999999.000,9999999.000,0.000,1.000,0.000,0,1,0,1,1,1,0,2,0.0,1.0,0.0,0.0,0.6666666666666666,0.33333333333333337
"G[0,2](Pt_MotherT1D <= 0.000 -> Pt_SHFlg = 0.361)
",9999999.000,9999999.000,0.000,1.000,0.000,0,1,0,1,1,1,0,2,0.0,1.0,0.0,0.0,0.6666666666666666,0.33333333333333337
"G[0,2](Pt_CGMUseNumDays >= 0.000 -> Pt_SHFlg = 0.929)
",9999999.000,9999999.000,0.000,1.000,0.000,0,1,0,1,1,1,0,2,0.0,1.0,0.0,0.0,0.6666666666666666,0.33333333333333337
"G[0,2]((WeightKg >= 85.122 | bmi >= 27.851) -> UnitsInsBasalOrLongAct <= 7.300)
",9999999.000,9999999.000,0.000,1.000,0.000,0,1,1,0,0,2,1,1,0.0,0.5,0.5,0.0,0.6666666666666666,0.33333333333333337
"G[0,1](age >= 29.106 -> Pt_SHFlg = 0.397)
",9999999.000,9999999.000,0.000,1.000,0.000,0,1,0,1,1,1,0,2,0.0,1.0,0.0,0.0,0.6666666666666666,0.33333333333333337
"G[0,2](SMBGperDayPtMeterCombo < 3.529 -> Pt_SHFlg = 0.390)
",9999999.000,9999999.000,0.000,1.000,0.000,0,1,0,1,1,1,0,2,0.0,1.0,0.0,0.0,0.6666666666666666,0.33333333333333337
"G[0,1](HbA1c <= 8.544 -> Pt_SHFlg = 0.037)
",9999999.000,9999999.000,0.000,1.000,0.000,0,1,0,1,1,1,0,2,0.0,1.0,0.0,0.0,0.6666666666666666,0.33333333333333337
"G[0,1](BGTestAvgNumMeter >= 0.126 & Pt_SHFlg = 0.845)
",9999999.000,9999999.000,0.000,1.000,0.000,0,1,0,1,1,1,0,2,0.0,1.0,0.0,0.0,0.6666666666666666,0.33333333333333337
"G[0,2](Pt_SHFlg >= 0.070 & Pt_SHFlg = 0.947)
",9999999.000,9999999.000,0.000,1.000,0.000,0,1,0,1,1,1,0,2,0.0,1.0,0.0,0.0,0.6666666666666666,0.33333333333333337
"G[0,1](diagAgeCombo <= 14.000 | TotalDailyInsPerKg >= 0.076)
",9999999.000,9999999.000,0.000,1.000,0.000,1,0,1,0,1,1,2,0,1.0,0.0,1.0,0.5,0.6666666666666666,0.33333333333333337
"G[0,1](SMBGperDayPtMeterCombo >= 2.008 & BGTestAvgNumPtRep >= 3.293)
",9999999.000,9999999.000,0.000,1.000,0.000,0,1,0,1,1,1,0,2,0.0,1.0,0.0,0.0,0.6666666666666666,0.33333333333333337
"G[0,1](SMBGperDayPtMeterCombo >= 1.904 & BGTestAvgNumPtRep >= 3.239)
",9999999.000,9999999.000,0.000,1.000,0.000,0,1,0,1,1,1,0,2,0.0,1.0,0.0,0.0,0.6666666666666666,0.33333333333333337
"G[0,2]((WeightKg >= 82.747 | bmi >= 27.039) -> UnitsInsBasalOrLongAct <= 14.465)
",9999999.000,9999999.000,0.000,1.000,0.000,0,1,1,0,0,2,1,1,0.0,0.5,0.5,0.0,0.6666666666666666,0.33333333333333337
"G[0,1]((bmiZscore <= 0.205 | HbA1c >= 8.114) & bmiPerc >= 8.172)
",9999999.000,9999999.000,0.000,1.000,0.000,0,1,0,1,1,1,0,2,0.0,1.0,0.0,0.0,0.6666666666666666,0.33333333333333337
"G[0,1](HbA1cImputeDtMnC <= 12.154 | DirectLDL >= 0.000)
",9999999.000,9999999.000,0.000,1.000,0.000,1,0,1,0,1,1,2,0,1.0,0.0,1.0,0.5,0.6666666666666666,0.33333333333333337
"G[0,0](DirectLDL >= 0.000 | BGTestAvgNumPtRep <= 3.623)
",175.260,175.260,0.000,1.000,0.000,1,0,1,0,1,1,2,0,1.0,0.0,1.0,0.5,0.6666666666666666,0.33333333333333337
"G[0,2](SMBGperDayPtMeterCombo >= 1.863 & BGTestAvgNumPtRep >= 3.269)
",9999999.000,9999999.000,0.000,1.000,0.000,0,1,0,1,1,1,0,2,0.0,1.0,0.0,0.0,0.6666666666666666,0.33333333333333337
"G[0,1](((TSH >= 0.360 | bmiPerc <= 0.000) & HeightCm <= 0.000) & NumPumpBolusOrShortAct <= 0.000)
",9999999.000,9999999.000,0.000,1.000,0.000,0,1,0,1,1,1,0,2,0.0,1.0,0.0,0.0,0.6666666666666666,0.33333333333333337
"G[0,1]((DirectLDL <= 0.000 & diagAgeCombo <= 14.000) -> diagAgeCombo >= 14.000)
",9999999.000,9999999.000,0.000,1.000,0.000,1,0,1,0,1,1,2,0,1.0,0.0,1.0,0.5,0.6666666666666666,0.33333333333333337
"G[0,1](((bmiZscore <= 0.134 | Pt_InsGov >= 0.000) & DirectLDL >= 0.000) | Pt_GrandparentT1D >= 0.000)
",9999999.000,9999999.000,0.000,1.000,0.000,1,0,1,0,1,1,2,0,1.0,0.0,1.0,0.5,0.6666666666666666,0.33333333333333337
"G[0,2](((BldPrDia <= 95.979 -> SMBGperDayPtMeterCombo <= 3.329) & bmiZscore <= 2.670) -> diagAgeCombo <= 3.823)
",9999999.000,9999999.000,0.000,1.000,0.000,0,1,0,1,1,1,0,2,0.0,1.0,0.0,0.0,0.6666666666666666,0.33333333333333337
"G[1,1](((HbA1c >= 8.007 | UnitsInsBasalOrLongAct <= 8.332) & HeightCm <= 11.243) | AutonomicNeuroCl <= 12.449)
",12.449,12.449,0.000,1.000,0.000,1,0,1,0,1,1,2,0,1.0,0.0,1.0,0.5,0.6666666666666666,0.33333333333333337
"G[0,1](BldPrDia <= 95.884 -> HbA1c <= 8.313)
",9999999.000,9999999.000,0.000,1.000,0.000,1,0,1,0,1,1,2,0,1.0,0.0,1.0,0.5,0.6666666666666666,0.33333333333333337
"G[0,1]((GFR >= 7.685 & SMBGperDayPtMeterCombo >= 1.946) | Pt_MotherT1D <= 3.700)
",9999999.000,9999999.000,0.000,1.000,0.000,1,0,1,0,1,1,2,0,1.0,0.0,1.0,0.5,0.6666666666666666,0.33333333333333337
"G[0,2](bmiZscore <= 0.156 & LDL >= 14.759)
",9999999.000,9999999.000,0.000,1.000,0.000,0,1,0,1,1,1,0,2,0.0,1.0,0.0,0.0,0.6666666666666666,0.33333333333333337
"G[1,1](BldPrDia >= 89.335 | WeightKg <= 91.664)
",91.664,91.664,0.000,1.000,0.000,1,0,1,0,1,1,2,0,1.0,0.0,1.0,0.5,0.6666666666666666,0.33333333333333337
"G[0,0]((Pt_ChildT1D >= 0.000 -> Pt_CGMUseNumDays >= 0.000) -> diagAgeCombo >= 0.000)
",0.000,0.000,0.000,1.000,0.000,1,0,1,0,1,1,2,0,1.0,0.0,1.0,0.5,0.6666666666666666,0.33333333333333337
"G[0,2]((GFR <= 72.147 -> WeightKg <= 88.365) & SMBGperDayPtMeterCombo >= 84.439)
",9999999.000,9999999.000,0.000,1.000,0.000,0,1,0,1,1,1,0,2,0.0,1.0,0.0,0.0,0.6666666666666666,0.33333333333333337
"G[0,1]((TSH >= 0.052 | WeightKg <= 89.543) & Pt_ChildT1D <= 90.980)
",9999999.000,9999999.000,0.000,1.000,0.000,1,0,1,0,1,1,2,0,1.0,0.0,1.0,0.5,0.6666666666666666,0.33333333333333337
"G[1,1](((HDL >= 2.186 & bmiPerc <= 0.000) -> diabDur <= 0.000) -> DirectLDL >= 0.000)
",0.000,0.000,0.000,1.000,0.000,1,0,1,0,1,1,2,0,1.0,0.0,1.0,0.5,0.6666666666666666,0.33333333333333337
"G[1,1](((bmi >= 27.233 | TSH <= 1.027) & Pt_GrandchildT1D <= 0.553) & Pt_CGMUseNumDays <= 1.177)
",0.553,0.553,0.000,1.000,0.000,1,0,1,0,1,1,2,0,1.0,0.0,1.0,0.5,0.6666666666666666,0.33333333333333337
"G[1,1](((AlbCreatRat_mggNew >= 8.940 & Pt_CGMUseNumDays <= 0.000) -> diabDur >= 0.000) | bmiPerc <= 0.000)
",0.000,0.000,0.000,1.000,0.000,1,0,1,0,1,1,2,0,1.0,0.0,1.0,0.5,0.6666666666666666,0.33333333333333337
"G[0,2](GFR <= 42.707 & TotalDailyInsPerKg >= 0.050)
",9999999.000,9999999.000,0.000,1.000,0.000,0,1,1,0,0,2,1,1,0.0,0.5,0.5,0.0,0.6666666666666666,0.33333333333333337
"G[0,0](((NumPumpBolusOrShortAct <= 0.000 | bmi <= 28.454) -> AlbCreatRat_mggNew >= 27.117) | BUN <= 29.617)
",-12.383,-12.383,0.000,1.000,0.000,1,0,1,0,1,1,2,0,1.0,0.0,1.0,0.5,0.6666666666666666,0.33333333333333337
"G[2,2]((AlbCreatRat_mggNew <= 91.293 | Pt_A1cGoalLev <= 5.679) -> bmiZscore <= 5.797)
",-91.293,-91.293,0.000,1.000,0.000,0,0,2,0,0,2,2,0,0.0,0.0,1.0,0.0,0.0,1.0
"G[2,2](((Pt_A1cGoalLev <= 5.129 & HDL >= 18.919) | age <= 49.125) & HbA1c >= 7.061)
",-7.061,-7.061,0.000,1.000,0.000,0,0,2,0,0,2,2,0,0.0,0.0,1.0,0.0,0.0,1.0
"G[2,2](diabDur <= 15.846 | TotalDailyInsPerKg >= 0.042)
",15.846,15.846,0.000,1.000,0.000,0,0,2,0,0,2,2,0,0.0,0.0,1.0,0.0,0.0,1.0
"G[0,2]((Pt_SiblingT1D >= 0.000 | BUN <= 14.078) & AlbCreatRat_mggNew >= 11.501)
",9999999.000,9999999.000,0.000,1.000,0.000,0,0,1,1,1,1,1,1,0.0,0.0,1.0,0.0,0.0,1.0
"G[0,0](((bmi >= 27.348 | bmiPerc <= 0.000) | age >= 0.000) & Triglyc <= 0.000)
",0.000,0.000,0.000,1.000,0.000,0,0,1,1,1,1,1,1,0.0,0.0,1.0,0.0,0.0,1.0
"G[1,2](Triglyc >= 5.544 -> Pt_SHFlg >= 0.323)
",9999999.000,9999999.000,0.000,1.000,0.000,0,0,2,0,0,2,2,0,0.0,0.0,1.0,0.0,0.0,1.0
"G[0,2](((UnitsInsBasalOrLongAct <= 13.365 & WeightKg >= 84.765) & Pt_A1cGoalLev >= 87.004) -> AlbCreatRat_mggNew >= 85.033)
",9999999.000,9999999.000,0.000,1.000,0.000,0,0,2,0,0,2,2,0,0.0,0.0,1.0,0.0,0.0,1.0
"G[1,2]((age >= 29.003 -> bmiPerc >= 0.000) | Pt_CGMUseNumDays >= 0.000)
",9999999.000,9999999.000,0.000,1.000,0.000,0,0,2,0,0,2,2,0,0.0,0.0,1.0,0.0,0.0,1.0
"G[1,2]((DirectLDL >= 0.000 | HeightCm >= 175.260) -> Pt_A1cGoalLev <= 175.260)
",9999999.000,9999999.000,0.000,1.000,0.000,0,0,2,0,0,2,2,0,0.0,0.0,1.0,0.0,0.0,1.0
"G[1,2](((BldPrDia >= 89.234 & AutonomicNeuroCl <= 0.000) & BUN <= 0.000) -> AlbCreatRat_mggNew <= 0.000)
",9999999.000,9999999.000,0.000,1.000,0.000,0,0,2,0,0,2,2,0,0.0,0.0,1.0,0.0,0.0,1.0
"G[0,2](((bmiZscore <= 0.171 & BGTestAvgNumMeter <= 0.700) -> HeightCm <= 0.510) | AutonomicNeuroCl <= 0.387)
",9999999.000,9999999.000,0.000,1.000,0.000,0,0,2,0,0,2,2,0,0.0,0.0,1.0,0.0,0.0,1.0
"G[0,2](((Pt_SHFlg <= 0.397 -> LDL <= 77.824) | Pt_ChildT1D >= 8.205) -> age <= 40.790)
",9999999.000,9999999.000,0.000,1.000,0.000,0,0,2,0,0,2,2,0,0.0,0.0,1.0,0.0,0.0,1.0
"G[1,2](bmi >= 27.959 & AlbCreatRat_mggNew >= 8.321)
",9999999.000,9999999.000,0.000,1.000,0.000,0,0,1,1,1,1,1,1,0.0,0.0,1.0,0.0,0.0,1.0
"G[1,2]((bmiPerc <= 0.000 & Pt_SHFlg >= 0.053) & BGTestAvgNumPtRep <= 0.535)
",9999999.000,9999999.000,0.000,1.000,0.000,0,0,1,1,1,1,1,1,0.0,0.0,1.0,0.0,0.0,1.0
"G[0,2](bmi >= 27.721 & BGTestAvgNumMeter <= 0.833)
",9999999.000,9999999.000,0.000,1.000,0.000,0,0,1,1,1,1,1,1,0.0,0.0,1.0,0.0,0.0,1.0
"G[1,2](bmiPerc >= 0.000 | bmi >= 27.822)
",9999999.000,9999999.000,0.000,1.000,0.000,0,0,2,0,0,2,2,0,0.0,0.0,1.0,0.0,0.0,1.0
"G[2,2]((BldPrSys <= 153.507 -> LDL <= 66.897) & HbA1cImputeDtMnC >= 15.268)
",-153.507,-153.507,0.000,1.000,0.000,0,0,2,0,0,2,2,0,0.0,0.0,1.0,0.0,0.0,1.0
"G[1,2]((diagAgeCombo <= 14.000 & SMBGperDayPtMeterCombo <= 2.680) -> UnitsInsBasalOrLongAct <= 2.732)
",9999999.000,9999999.000,0.000,1.000,0.000,0,0,2,0,0,2,2,0,0.0,0.0,1.0,0.0,0.0,1.0
"G[1,2](Pt_MotherT1D <= 0.000 | diabDur <= 15.759)
",9999999.000,9999999.000,0.000,1.000,0.000,0,0,2,0,0,2,2,0,0.0,0.0,1.0,0.0,0.0,1.0
"G[1,2](((LDL >= 10.573 -> WeightKg >= 84.482) & Pt_GrandparentT1D <= 88.967) | DirectLDL >= 86.977)
",9999999.000,9999999.000,0.000,1.000,0.000,0,0,2,0,0,2,2,0,0.0,0.0,1.0,0.0,0.0,1.0
"G[2,2](BUN >= 9.761 | Pt_ChildT1D <= 0.000)
",0.000,0.000,0.000,1.000,0.000,0,0,2,0,0,2,2,0,0.0,0.0,1.0,0.0,0.0,1.0
"G[0,2](((Pt_A1cGoalLevelDsYr5 <= 0.000 & age <= 29.701) & Pt_MotherT1D <= 29.967) -> AlbCreatRat_mggNew <= 29.861)
",9999999.000,9999999.000,0.000,1.000,0.000,0,0,2,0,0,2,2,0,0.0,0.0,1.0,0.0,0.0,1.0
"G[2,2](((Pt_GrandchildT1D <= 0.000 & Triglyc <= 41.184) & BldPrSys >= 11.552) | GFR <= 20.267)
",20.267,20.267,0.000,1.000,0.000,0,0,2,0,0,2,2,0,0.0,0.0,1.0,0.0,0.0,1.0
"G[0,1](((GFR >= 22.540 -> Pt_A1cGoalLevelDsYr5 <= 0.000) & Pt_FatherT1D >= 0.000) -> HDL <= 0.000)
",9999999.000,9999999.000,0.000,1.000,0.000,0,0,1,1,1,1,1,1,0.0,0.0,1.0,0.0,0.0,1.0
"G[1,2](((Pt_CGMUseNumDays <= 0.000 | Pt_A1cGoalLevelDsYr5 <= 0.000) -> TotalDailyInsPerKg >= 0.000) -> Pt_SiblingT1D >= 0.000)
",9999999.000,9999999.000,0.000,1.000,0.000,0,0,2,0,0,2,2,0,0.0,0.0,1.0,0.0,0.0,1.0
"G[1,2]((HDL >= 15.967 | Pt_GrandparentT1D >= 0.014) -> HDL <= 0.460)
",9999999.000,9999999.000,0.000,1.000,0.000,0,0,2,0,0,2,2,0,0.0,0.0,1.0,0.0,0.0,1.0
"G[1,2](((Pt_SiblingT1D >= 0.000 | Pt_GrandparentT1D <= 0.591) -> Pt_MotherT1D <= 0.925) -> HbA1cImputeDtMnC >= 0.326)
",9999999.000,9999999.000,0.000,1.000,0.000,0,0,2,0,0,2,2,0,0.0,0.0,1.0,0.0,0.0,1.0
"G[2,2]((DirectLDL >= 0.000 | age <= 29.957) | Pt_ChildT1D >= 29.592)
",29.957,29.957,0.000,1.000,0.000,0,0,2,0,0,2,2,0,0.0,0.0,1.0,0.0,0.0,1.0
"G[2,2](bmi >= 28.094 -> HbA1cImputeDtMnC <= 10.530)
",-10.530,-10.530,0.000,1.000,0.000,0,0,2,0,0,2,2,0,0.0,0.0,1.0,0.0,0.0,1.0
"G[1,2](HeightCm <= 175.260 | Triglyc <= 17.016)
",9999999.000,9999999.000,0.000,1.000,0.000,0,0,2,0,0,2,2,0,0.0,0.0,1.0,0.0,0.0,1.0
"G[2,2]((HDL >= 16.830 | TSH >= 0.193) -> Pt_InsGov >= 0.213)
",0.193,0.193,0.000,1.000,0.000,0,0,2,0,0,2,2,0,0.0,0.0,1.0,0.0,0.0,1.0
"G[0,2](((AlbCreatRat_mggNew >= 1.356 & BldPrSys >= 134.437) -> Pt_SiblingT1D >= 140.391) -> AutonomicNeuroCl <= 152.012)
",9999999.000,9999999.000,0.000,1.000,0.000,0,0,2,0,0,2,2,0,0.0,0.0,1.0,0.0,0.0,1.0
"G[2,2](age >= 29.523 & BldPrDia <= 99.041)
",-29.523,-29.523,0.000,1.000,0.000,0,0,2,0,0,2,2,0,0.0,0.0,1.0,0.0,0.0,1.0
"G[0,2](((diagAgeCombo <= 14.000 -> Pt_CGMUseNumDays >= 0.000) & HeightCm <= 0.000) -> HbA1c <= 0.000)
",9999999.000,9999999.000,0.000,1.000,0.000,0,0,2,0,0,2,2,0,0.0,0.0,1.0,0.0,0.0,1.0
"G[1,1](BGTestAvgNumPtRep >= 3.010 & AutonomicNeuroCl <= 0.000)
",-3.010,-3.010,0.000,1.000,0.000,0,0,1,1,1,1,1,1,0.0,0.0,1.0,0.0,0.0,1.0
"G[0,1](GFR <= 59.413 -> BUN >= 3.447)
",9999999.000,9999999.000,0.000,1.000,0.000,0,0,1,1,1,1,1,1,0.0,0.0,1.0,0.0,0.0,1.0
"G[0,1](TSH >= 0.401 & Pt_GrandparentT1D <= 0.429)
",9999999.000,9999999.000,0.000,1.000,0.000,0,0,1,1,1,1,1,1,0.0,0.0,1.0,0.0,0.0,1.0
"G[0,2](BGTestAvgNumPtRep <= 3.906 & Pt_SHFlg <= 0.450)
",9999999.000,9999999.000,0.000,1.000,0.000,0,0,1,1,1,1,1,1,0.0,0.0,1.0,0.0,0.0,1.0
"G[1,2](((BldPrSys <= 148.458 -> LDL <= 70.501) -> Pt_DKAFlg >= 0.488) | BUN >= 23.781)
",9999999.000,9999999.000,0.000,1.000,0.000,0,0,1,1,1,1,1,1,0.0,0.0,1.0,0.0,0.0,1.0
"G[2,2](((diagAgeCombo <= 14.000 | Triglyc <= 14.813) -> BldPrDia <= 40.145) -> Pt_GrandchildT1D <= 31.799)
",-31.799,-31.799,0.000,1.000,0.000,0,0,2,0,0,2,2,0,0.0,0.0,1.0,0.0,0.0,1.0
"G[1,1](((bmi <= 29.312 | diabDur >= 15.412) & diagAgeCombo >= 15.069) & bmiZscore >= 15.246)
",-15.246,-15.246,0.000,1.000,0.000,0,0,1,1,1,1,1,1,0.0,0.0,1.0,0.0,0.0,1.0
"G[0,2](AlbCreatRat_mggNew >= 35.496 -> GFR >= 26.859)
",9999999.000,9999999.000,0.000,1.000,0.000,0,0,2,0,0,2,2,0,0.0,0.0,1.0,0.0,0.0,1.0
"G[1,1](((BUN <= 18.838 & Pt_SHFlg >= 0.048) -> DirectLDL >= 0.137) & Pt_A1cGoalLevelDsYr5 >= 0.288)
",-0.288,-0.288,0.000,1.000,0.000,0,0,1,1,1,1,1,1,0.0,0.0,1.0,0.0,0.0,1.0
"G[1,2]((Pt_ChildT1D <= 0.000 -> BldPrSys <= 156.419) | BUN >= 143.449)
",9999999.000,9999999.000,0.000,1.000,0.000,0,0,1,1,1,1,1,1,0.0,0.0,1.0,0.0,0.0,1.0
"G[1,2](((BGTestAvgNumMeter >= 0.299 | bmiZscore <= 0.205) | bmiPerc <= 0.164) -> Pt_MotherT1D >= 0.037)
",9999999.000,9999999.000,0.000,1.000,0.000,0,0,1,1,1,1,1,1,0.0,0.0,1.0,0.0,0.0,1.0
"G[1,2](AutonomicNeuroCl >= 0.000 | BldPrSys <= 151.325)
",9999999.000,9999999.000,0.000,1.000,0.000,0,0,2,0,0,2,2,0,0.0,0.0,1.0,0.0,0.0,1.0
"G[0,2](GFR <= 59.374 -> BUN >= 9.270)
",9999999.000,9999999.000,0.000,1.000,0.000,0,0,1,1,1,1,1,1,0.0,0.0,1.0,0.0,0.0,1.0
"G[2,2](((Triglyc >= 10.898 -> diabDur <= 15.950) & HbA1cImputeDtMnC <= 15.820) -> Pt_DKAFlg <= 15.900)
",-15.900,-15.900,0.000,1.000,0.000,0,0,2,0,0,2,2,0,0.0,0.0,1.0,0.0,0.0,1.0
"G[0,2]((bmi <= 29.664 | Pt_InsGov >= 0.000) -> Triglyc >= 0.000)
",9999999.000,9999999.000,0.000,1.000,0.000,0,0,2,0,0,2,2,0,0.0,0.0,1.0,0.0,0.0,1.0
"G[0,2](AlbCreatRat_mggNew >= 24.264 -> BldPrDia <= 98.623)
",9999999.000,9999999.000,0.000,1.000,0.000,0,0,2,0,0,2,2,0,0.0,0.0,1.0,0.0,0.0,1.0
"G[2,2](SMBGperDayPtMeterCombo >= 2.281 & BGTestAvgNumPtRep >= 3.167)
",-3.167,-3.167,0.000,1.000,0.000,0,0,2,0,0,2,2,0,0.0,0.0,1.0,0.0,0.0,1.0
"G[1,2](((BldPrSys >= 146.074 | Pt_FatherT1D <= 0.000) -> WeightKg <= 0.000) | Pt_SiblingT1D >= 0.000)
",9999999.000,9999999.000,0.000,1.000,0.000,0,0,2,0,0,2,2,0,0.0,0.0,1.0,0.0,0.0,1.0
"G[1,2](((Pt_SiblingT1D >= 0.000 & WeightKg >= 82.530) | NumPumpBolusOrShortAct <= 88.238) | Pt_ChildT1D <= 90.816)
",9999999.000,9999999.000,0.000,1.000,0.000,0,0,2,0,0,2,2,0,0.0,0.0,1.0,0.0,0.0,1.0
"G[1,2]((BldPrSys <= 150.210 & BGTestAvgNumPtRep <= 3.592) & LDL >= 3.005)
",9999999.000,9999999.000,0.000,1.000,0.000,0,0,1,1,1,1,1,1,0.0,0.0,1.0,0.0,0.0,1.0
"G[1,2](((bmiZscore <= 0.154 | Pt_GrandchildT1D >= 0.000) & BGTestAvgNumMeter <= 0.000) & TSH <= 0.000)
",9999999.000,9999999.000,0.000,1.000,0.000,0,0,1,1,1,1,1,1,0.0,0.0,1.0,0.0,0.0,1.0
"G[2,2]((WeightKg >= 86.857 | bmi >= 27.488) -> UnitsInsBasalOrLongAct <= 8.744)
",-8.744,-8.744,0.000,1.000,0.000,0,0,2,0,0,2,2,0,0.0,0.0,1.0,0.0,0.0,1.0
"G[2,2](((AutonomicNeuroCl <= 0.000 -> NumPumpBolusOrShortAct >= 0.000) -> Pt_SiblingT1D <= 0.000) | Triglyc <= 0.000)
",0.000,0.000,0.000,1.000,0.000,0,0,2,0,0,2,2,0,0.0,0.0,1.0,0.0,0.0,1.0
"G[0,2]((HbA1c >= 8.258 | HDL <= 28.052) -> age <= 37.644)
",9999999.000,9999999.000,0.000,1.000,0.000,0,0,2,0,0,2,2,0,0.0,0.0,1.0,0.0,0.0,1.0
"G[1,2](bmiZscore >= 0.000 | WeightKg <= 91.337)
",9999999.000,9999999.000,0.000,1.000,0.000,0,0,2,0,0,2,2,0,0.0,0.0,1.0,0.0,0.0,1.0
"G[2,2]((Pt_GrandparentT1D >= 0.012 & SMBGperDayPtMeterCombo >= 2.646) | Pt_SHFlg >= 1.070)
",-1.070,-1.070,0.000,1.000,0.000,0,0,2,0,0,2,2,0,0.0,0.0,1.0,0.0,0.0,1.0
"G[1,2]((BldPrDia >= 90.469 & HbA1cImputeDtMnC >= 8.431) | GFR <= 13.314)
",9999999.000,9999999.000,0.000,1.000,0.000,0,0,2,0,0,2,2,0,0.0,0.0,1.0,0.0,0.0,1.0
"G[1,2]((TotalDailyInsPerKg >= 0.061 -> UnitsInsBasalOrLongAct <= 7.599) | bmiPerc >= 1.568)
",9999999.000,9999999.000,0.000,1.000,0.000,0,0,2,0,0,2,2,0,0.0,0.0,1.0,0.0,0.0,1.0
"G[1,2](((Triglyc >= 7.145 -> WeightKg >= 82.225) -> TotChol >= 84.725) & Pt_InsGov <= 91.760)
",9999999.000,9999999.000,0.000,1.000,0.000,0,0,1,1,1,1,1,1,0.0,0.0,1.0,0.0,0.0,1.0
"G[0,1](BldPrSys <= 151.024 -> SMBGperDayPtMeterCombo <= 3.834)
",9999999.000,9999999.000,0.000,1.000,0.000,0,0,1,1,1,1,1,1,0.0,0.0,1.0,0.0,0.0,1.0
"G[1,1](((BldPrSys >= 141.614 & WeightKg >= 82.135) | UnitsInsBasalOrLongAct >= 82.556) -> DirectLDL >= 82.323)
",82.323,82.323,0.000,1.000,0.000,0,0,1,1,1,1,1,1,0.0,0.0,1.0,0.0,0.0,1.0
"G[0,2]((BldPrDia >= 85.690 | BUN <= 14.871) | Pt_ChildT1D >= 7.142)
",9999999.000,9999999.000,0.000,1.000,0.000,0,0,1,1,1,1,1,1,0.0,0.0,1.0,0.0,0.0,1.0
"G[0,2]((BldPrDia >= 81.298 & Pt_A1cGoalLev >= 2.062) -> WeightKg <= 2.709)
",9999999.000,9999999.000,0.000,1.000,0.000,0,0,1,1,1,1,1,1,0.0,0.0,1.0,0.0,0.0,1.0
"G[1,2](GFR <= 104.896 -> BUN >= 1.020)
",9999999.000,9999999.000,0.000,1.000,0.000,0,0,1,1,1,1,1,1,0.0,0.0,1.0,0.0,0.0,1.0
"G[1,1](((BldPrSys >= 146.130 & Pt_GrandparentT1D <= 0.607) & UnitsInsBasalOrLongAct >= 0.161) | UnitsInsBasalOrLongAct >= 0.063)
",-0.063,-0.063,0.000,1.000,0.000,0,0,1,1,1,1,1,1,0.0,0.0,1.0,0.0,0.0,1.0
"G[2,2]((BldPrDia >= 86.710 | TotalDailyInsPerKg >= 0.136) -> diabDur >= 0.139)
",0.136,0.136,0.000,1.000,0.000,0,0,2,0,0,2,2,0,0.0,0.0,1.0,0.0,0.0,1.0
"G[0,2](((BldPrSys <= 155.400 | HbA1c <= 8.451) | TotalDailyInsPerKg <= 8.492) | WeightKg >= 8.135)
",9999999.000,9999999.000,0.000,1.000,0.000,0,0,2,0,0,2,2,0,0.0,0.0,1.0,0.0,0.0,1.0
"G[0,1](LDL <= 45.632 -> UnitsInsBasalOrLongAct >= 4.495)
",9999999.000,9999999.000,0.000,1.000,0.000,0,0,1,1,1,1,1,1,0.0,0.0,1.0,0.0,0.0,1.0
"G[1,2]((Pt_A1cGoalLev <= 3.914 -> TSH <= 0.955) -> Pt_DKAFlg >= 0.139)
",9999999.000,9999999.000,0.000,1.000,0.000,0,0,1,1,1,1,1,1,0.0,0.0,1.0,0.0,0.0,1.0
"G[1,2]((diabDur >= 15.501 & HbA1c <= 8.584) -> HbA1cImputeDtMnC >= 8.216)
",9999999.000,9999999.000,0.000,1.000,0.000,0,0,2,0,0,2,2,0,0.0,0.0,1.0,0.0,0.0,1.0
"G[1,2]((BldPrSys <= 148.148 -> GFR >= 19.376) | AlbCreatRat_mggNew <= 77.105)
",9999999.000,9999999.000,0.000,1.000,0.000,0,0,2,0,0,2,2,0,0.0,0.0,1.0,0.0,0.0,1.0
"G[1,2](((bmi >= 27.473 | SMBGperDayPtMeterCombo >= 2.311) -> HbA1c <= 3.288) & WeightKg <= 3.836)
",9999999.000,9999999.000,0.000,1.000,0.000,0,0,1,1,1,1,1,1,0.0,0.0,1.0,0.0,0.0,1.0
"G[0,2](((SMBGperDayPtMeterCombo <= 3.373 | WeightKg >= 83.916) & BldPrDia <= 88.959) | HeightCm >= 83.079)
",9999999.000,9999999.000,0.000,1.000,0.000,0,0,2,0,0,2,2,0,0.0,0.0,1.0,0.0,0.0,1.0
"G[1,2](((GFR <= 39.223 | SMBGperDayPtMeterCombo <= 3.013) -> Pt_FatherT1D >= 1.135) | TotChol >= 1.316)
",9999999.000,9999999.000,0.000,1.000,0.000,0,0,1,1,1,1,1,1,0.0,0.0,1.0,0.0,0.0,1.0
"G[1,2]((bmi >= 27.663 | HbA1c <= 8.621) & Pt_FatherT1D <= 8.599)
",9999999.000,9999999.000,0.000,1.000,0.000,0,0,2,0,0,2,2,0,0.0,0.0,1.0,0.0,0.0,1.0
"G[1,2](bmi >= 27.409 -> Pt_GrandparentT1D <= 0.989)
",9999999.000,9999999.000,0.000,1.000,0.000,0,0,1,1,1,1,1,1,0.0,0.0,1.0,0.0,0.0,1.0
"G[0,2](bmi <= 29.446 -> bmiZscore <= 0.216)
",9999999.000,9999999.000,0.000,1.000,0.000,0,0,2,0,0,2,2,0,0.0,0.0,1.0,0.0,0.0,1.0
"G[0,2](((bmiZscore <= 0.189 -> UnitsInsBasalOrLongAct <= 10.091) | NumPumpBolusOrShortAct >= 1.484) | Triglyc <= 7.290)
",9999999.000,9999999.000,0.000,1.000,0.000,0,0,2,0,0,2,2,0,0.0,0.0,1.0,0.0,0.0,1.0
"G[0,2](((NumPumpBolusOrShortAct <= 0.000 -> bmi <= 29.056) & WeightKg <= 28.430) | Pt_InsGov <= 28.972)
",9999999.000,9999999.000,0.000,1.000,0.000,0,0,2,0,0,2,2,0,0.0,0.0,1.0,0.0,0.0,1.0
"G[2,2](((age >= 29.419 & BldPrDia >= 93.376) | Pt_FatherT1D <= 94.693) | Pt_MotherT1D <= 102.097)
",102.097,102.097,0.000,1.000,0.000,0,0,2,0,0,2,2,0,0.0,0.0,1.0,0.0,0.0,1.0
"G[2,2]((WeightKg >= 87.025 | bmi >= 26.859) -> UnitsInsBasalOrLongAct <= 12.983)
",-12.983,-12.983,0.000,1.000,0.000,0,0,2,0,0,2,2,0,0.0,0.0,1.0,0.0,0.0,1.0
"G[0,2](GFR <= 98.795 -> BUN >= 1.613)
",9999999.000,9999999.000,0.000,1.000,0.000,0,0,1,1,1,1,1,1,0.0,0.0,1.0,0.0,0.0,1.0
"G[2,2]((WeightKg >= 82.246 | bmi >= 27.247) -> UnitsInsBasalOrLongAct <= 7.018)
",-7.018,-7.018,0.000,1.000,0.000,0,0,2,0,0,2,2,0,0.0,0.0,1.0,0.0,0.0,1.0
"G[1,1](GFR <= 49.532 -> BUN >= 2.348)
",-49.532,-49.532,0.000,1.000,0.000,0,0,1,1,1,1,1,1,0.0,0.0,1.0,0.0,0.0,1.0
"G[0,1](GFR <= 54.645 -> BUN >= 2.370)
",9999999.000,9999999.000,0.000,1.000,0.000,0,0,1,1,1,1,1,1,0.0,0.0,1.0,0.0,0.0,1.0
"G[0,1](GFR <= 67.232 -> BUN >= 11.553)
",9999999.000,9999999.000,0.000,1.000,0.000,0,0,1,1,1,1,1,1,0.0,0.0,1.0,0.0,0.0,1.0
"G[2,2]((WeightKg >= 82.266 | bmi >= 27.013) -> UnitsInsBasalOrLongAct <= 11.706)
",-11.706,-11.706,0.000,1.000,0.000,0,0,2,0,0,2,2,0,0.0,0.0,1.0,0.0,0.0,1.0
"G[0,1](GFR <= 46.726 -> BUN >= 0.226)
",9999999.000,9999999.000,0.000,1.000,0.000,0,0,1,1,1,1,1,1,0.0,0.0,1.0,0.0,0.0,1.0
"G[1,2]((WeightKg >= 85.916 | bmi >= 27.789) -> UnitsInsBasalOrLongAct <= 14.807)
",9999999.000,9999999.000,0.000,1.000,0.000,0,0,2,0,0,2,2,0,0.0,0.0,1.0,0.0,0.0,1.0
"G[0,2](LDL > 18.348 -> Pt_SHFlg = 0.501)
",9999999.000,9999999.000,0.000,1.000,0.000,0,0,1,1,1,1,1,1,0.0,0.0,1.0,0.0,0.0,1.0
"G[2,2](DirectLDL > 0.000 -> Pt_SHFlg = 0.577)
",0.000,0.000,0.000,1.000,0.000,0,0,2,0,0,2,2,0,0.0,0.0,1.0,0.0,0.0,1.0
"G[0,2](diagAgeCombo < 14.000 -> Pt_SHFlg = 0.626)
",9999999.000,9999999.000,0.000,1.000,0.000,0,0,2,0,0,2,2,0,0.0,0.0,1.0,0.0,0.0,1.0
"G[0,2]((Pt_A1cGoalLev >= 1.250 -> Pt_A1cGoalLev >= 0.799) | BldPrSys <= 3.928)
",9999999.000,9999999.000,0.000,1.000,0.000,0,0,2,0,0,2,2,0,0.0,0.0,1.0,0.0,0.0,1.0
"G[0,1](BGTestAvgNumPtRep >= 3.089 -> HDL <= 64.436)
",9999999.000,9999999.000,0.000,1.000,0.000,0,0,1,1,1,1,1,1,0.0,0.0,1.0,0.0,0.0,1.0
"G[1,2](bmiZscore >= 0.064 & TotalDailyInsPerKg >= 0.064)
",9999999.000,9999999.000,0.000,1.000,0.000,0,0,1,1,1,1,1,1,0.0,0.0,1.0,0.0,0.0,1.0
"G[1,2]((BldPrDia <= 97.589 & BldPrSys <= 148.692) & Pt_SHFlg >= 136.626)
",9999999.000,9999999.000,0.000,1.000,0.000,0,0,1,1,1,1,1,1,0.0,0.0,1.0,0.0,0.0,1.0
"G[1,1](HbA1c <= 8.580 & Pt_GrandparentT1D <= 0.348)
",0.348,0.348,0.000,1.000,0.000,0,0,1,1,1,1,1,1,0.0,0.0,1.0,0.0,0.0,1.0
"G[1,2](BUN <= 17.072 | HbA1c >= 8.253)
",9999999.000,9999999.000,0.000,1.000,0.000,0,0,2,0,0,2,2,0,0.0,0.0,1.0,0.0,0.0,1.0
"G[1,2](((BGTestAvgNumPtRep <= 3.394 | BldPrSys <= 153.503) -> Pt_FatherT1D >= 146.921) & Pt_DKAFlg <= 153.664)
",9999999.000,9999999.000,0.000,1.000,0.000,0,0,1,1,1,1,1,1,0.0,0.0,1.0,0.0,0.0,1.0
"G[0,1](((TotalDailyInsPerKg >= 0.123 & WeightKg >= 82.178) | HbA1c >= 85.427) -> Pt_A1cGoalLevelDsYr5 >= 82.588)
",9999999.000,9999999.000,0.000,1.000,0.000,0,0,1,1,1,1,1,1,0.0,0.0,1.0,0.0,0.0,1.0
"G[1,2](BldPrDia <= 101.140 & LDL <= 72.231)
",9999999.000,9999999.000,0.000,1.000,0.000,0,0,1,1,1,1,1,1,0.0,0.0,1.0,0.0,0.0,1.0
"G[2,2]((bmi >= 27.969 -> Pt_A1cGoalLev >= 1.004) & HbA1cImputeDtMnC >= 2.232)
",-2.232,-2.232,0.000,1.000,0.000,0,0,2,0,0,2,2,0,0.0,0.0,1.0,0.0,0.0,1.0
"G[1,2](bmi >= 27.843 | BUN >= 9.859)
",9999999.000,9999999.000,0.000,1.000,0.000,0,0,2,0,0,2,2,0,0.0,0.0,1.0,0.0,0.0,1.0
"G[1,2](Pt_CGMUseNumDays <= 0.000 | Pt_CGMUseNumDays >= 0.000)
",9999999.000,9999999.000,0.000,1.000,0.000,0,0,2,0,0,2,2,0,0.0,0.0,1.0,0.0,0.0,1.0
"G[0,2]((bmiZscore >= 0.064 -> BUN >= 2.732) & NumPumpBolusOrShortAct <= 17.153)
",9999999.000,9999999.000,0.000,1.000,0.000,0,0,2,0,0,2,2,0,0.0,0.0,1.0,0.0,0.0,1.0
"G[1,2](GFR <= 81.649 -> BUN >= 12.462)
",9999999.000,9999999.000,0.000,1.000,0.000,0,0,1,1,1,1,1,1,0.0,0.0,1.0,0.0,0.0,1.0
"G[1,1](((BldPrSys <= 148.318 & TotChol <= 0.000) & LDL <= 0.000) | bmi <= 0.000)
",0.000,0.000,0.000,1.000,0.000,0,0,1,1,1,1,1,1,0.0,0.0,1.0,0.0,0.0,1.0
"G[0,2]((diagAgeCombo <= 14.000 & bmi >= 27.385) & Pt_A1cGoalLevelDsYr5 <= 28.860)
",9999999.000,9999999.000,0.000,1.000,0.000,0,0,1,1,1,1,1,1,0.0,0.0,1.0,0.0,0.0,1.0
"G[0,1](Pt_A1cGoalLev >= 0.414 | BGTestAvgNumPtRep <= 3.772)
",9999999.000,9999999.000,0.000,1.000,0.000,0,0,1,1,1,1,1,1,0.0,0.0,1.0,0.0,0.0,1.0
"G[1,2](((Pt_GrandchildT1D <= 0.000 | AutonomicNeuroCl <= 0.000) & BUN >= 0.000) -> Pt_SHFlg <= 0.000)
",9999999.000,9999999.000,0.000,1.000,0.000,0,0,1,1,1,1,1,1,0.0,0.0,1.0,0.0,0.0,1.0
"G[1,2]((Pt_DKAFlg <= 0.000 -> WeightKg <= 90.565) & bmiPerc >= 82.185)
",9999999.000,9999999.000,0.000,1.000,0.000,0,0,1,1,1,1,1,1,0.0,0.0,1.0,0.0,0.0,1.0
"G[0,2](((BUN <= 17.877 -> bmi <= 29.143) -> Pt_GrandchildT1D <= 29.701) -> SMBGperDayPtMeterCombo <= 28.626)
",9999999.000,9999999.000,0.000,1.000,0.000,0,0,2,0,0,2,2,0,0.0,0.0,1.0,0.0,0.0,1.0
"G[1,2](Pt_FatherT1D >= 0.000 -> UnitsInsBasalOrLongAct >= 4.231)
",9999999.000,9999999.000,0.000,1.000,0.000,0,0,1,1,1,1,1,1,0.0,0.0,1.0,0.0,0.0,1.0
"G[1,2](Pt_A1cGoalLev >= 0.379 & diagAgeCombo <= 14.000)
",9999999.000,9999999.000,0.000,1.000,0.000,0,0,2,0,0,2,2,0,0.0,0.0,1.0,0.0,0.0,1.0
"G[0,2](((bmi <= 29.294 | HDL >= 6.386) -> Pt_SHFlg <= 64.344) | Triglyc >= 15.818)
",9999999.000,9999999.000,0.000,1.000,0.000,0,0,2,0,0,2,2,0,0.0,0.0,1.0,0.0,0.0,1.0
"G[1,2]((TotalDailyInsPerKg <= 0.316 & Pt_SiblingT1D <= 0.000) | AlbCreatRat_mggNew >= 0.000)
",9999999.000,9999999.000,0.000,1.000,0.000,0,0,2,0,0,2,2,0,0.0,0.0,1.0,0.0,0.0,1.0
"G[1,2]((Pt_MotherT1D >= 0.000 -> age >= 29.069) & bmiPerc <= 29.960)
",9999999.000,9999999.000,0.000,1.000,0.000,0,0,2,0,0,2,2,0,0.0,0.0,1.0,0.0,0.0,1.0
"G[2,2](SMBGperDayPtMeterCombo >= 1.596 & Pt_GrandparentT1D <= 0.421)
",-1.596,-1.596,0.000,1.000,0.000,0,0,2,0,0,2,2,0,0.0,0.0,1.0,0.0,0.0,1.0
"G[2,2](BGTestAvgNumMeter >= 0.296 | Pt_GrandchildT1D >= 0.000)
",0.000,0.000,0.000,1.000,0.000,0,0,2,0,0,2,2,0,0.0,0.0,1.0,0.0,0.0,1.0
"G[0,2](((Pt_FatherT1D >= 0.000 -> TotChol >= 0.000) | Pt_ChildT1D >= 0.000) -> GFR >= 0.000)
",9999999.000,9999999.000,0.000,1.000,0.000,0,0,2,0,0,2,2,0,0.0,0.0,1.0,0.0,0.0,1.0
"G[1,2](((NumPumpBolusOrShortAct <= 0.000 & BldPrDia >= 89.112) | DirectLDL >= 92.686) -> BGTestAvgNumMeter >= 90.884)
",9999999.000,9999999.000,0.000,1.000,0.000,0,0,1,1,1,1,1,1,0.0,0.0,1.0,0.0,0.0,1.0
"G[1,2](((Pt_GrandchildT1D <= 0.000 -> Pt_MotherT1D <= 0.000) -> age <= 0.000) -> NumPumpBolusOrShortAct <= 0.000)
",9999999.000,9999999.000,0.000,1.000,0.000,0,0,2,0,0,2,2,0,0.0,0.0,1.0,0.0,0.0,1.0
"G[1,2]((Pt_InsGov <= 0.000 & HbA1c >= 8.066) | TotalDailyInsPerKg <= 8.473)
",9999999.000,9999999.000,0.000,1.000,0.000,0,0,2,0,0,2,2,0,0.0,0.0,1.0,0.0,0.0,1.0
"G[1,1]((HbA1cImputeDtMnC <= 14.292 | TotChol <= 0.000) & bmiZscore <= 0.000)
",0.000,0.000,0.000,1.000,0.000,0,0,1,1,1,1,1,1,0.0,0.0,1.0,0.0,0.0,1.0
"G[1,2](((BldPrSys <= 150.009 | TSH >= 0.305) & Pt_A1cGoalLev <= 1.283) | WeightKg >= 0.163)
",9999999.000,9999999.000,0.000,1.000,0.000,0,0,2,0,0,2,2,0,0.0,0.0,1.0,0.0,0.0,1.0
"G[1,2](((HbA1cImputeDtMnC <= 12.755 | Pt_A1cGoalLevelDsYr5 >= 0.000) -> DirectLDL >= 0.000) -> Pt_GrandchildT1D <= 0.000)
",9999999.000,9999999.000,0.000,1.000,0.000,0,0,2,0,0,2,2,0,0.0,0.0,1.0,0.0,0.0,1.0
"G[1,2](((HDL <= 61.935 & diagAgeCombo <= 14.000) | HDL >= 14.000) -> Pt_A1cGoalLevelDsYr5 >= 14.000)
",9999999.000,9999999.000,0.000,1.000,0.000,0,0,1,1,1,1,1,1,0.0,0.0,1.0,0.0,0.0,1.0
"G[1,2]((UnitsInsBasalOrLongAct <= 14.036 -> AlbCreatRat_mggNew <= 74.242) & bmiZscore <= 56.192)
",9999999.000,9999999.000,0.000,1.000,0.000,0,0,2,0,0,2,2,0,0.0,0.0,1.0,0.0,0.0,1.0
"G[0,1](Pt_GrandparentT1D <= 0.554 & Triglyc <= 33.261)
",9999999.000,9999999.000,0.000,1.000,0.000,0,0,1,1,1,1,1,1,0.0,0.0,1.0,0.0,0.0,1.0
"G[0,1]((HeightCm <= 175.260 & GFR <= 62.228) -> NumPumpBolusOrShortAct >= 26.970)
",9999999.000,9999999.000,0.000,1.000,0.000,0,0,1,1,1,1,1,1,0.0,0.0,1.0,0.0,0.0,1.0
"G[0,0]((AlbCreatRat_mggNew >= 10.564 | Pt_DKAFlg <= 0.000) & bmiZscore >= 0.000)
",0.000,0.000,0.000,1.000,0.000,0,0,1,1,1,1,1,1,0.0,0.0,1.0,0.0,0.0,1.0
"G[0,1](((SMBGperDayPtMeterCombo <= 3.763 -> SMBGperDayPtMeterCombo >= 2.540) & Pt_ChildT1D <= 3.598) | Pt_A1cGoalLev <= 3.588)
",9999999.000,9999999.000,0.000,1.000,0.000,0,0,1,1,1,1,1,1,0.0,0.0,1.0,0.0,0.0,1.0
"G[1,2]((bmiPerc <= 0.000 -> bmi <= 29.945) | WeightKg >= 27.142)
",9999999.000,9999999.000,0.000,1.000,0.000,0,0,2,0,0,2,2,0,0.0,0.0,1.0,0.0,0.0,1.0
"G[0,0](BldPrDia <= 98.650 & BGTestAvgNumPtRep <= 3.988)
",-32.350,-32.350,0.000,1.000,0.000,0,0,1,1,1,1,1,1,0.0,0.0,1.0,0.0,0.0,1.0
"G[1,2]((TSH >= 0.312 | bmiZscore >= 0.059) & Pt_InsGov >= 0.029)
",9999999.000,9999999.000,0.000,1.000,0.000,0,0,1,1,1,1,1,1,0.0,0.0,1.0,0.0,0.0,1.0
"G[0,1]((Pt_InsGov <= 0.000 & TotalDailyInsPerKg <= 0.313) | BGTestAvgNumMeter >= 0.038)
",9999999.000,9999999.000,0.000,1.000,0.000,0,0,1,1,1,1,1,1,0.0,0.0,1.0,0.0,0.0,1.0
"G[2,2](((GFR <= 39.067 | BldPrSys <= 150.933) -> Pt_GrandparentT1D <= 148.749) & Pt_GrandparentT1D >= 142.909)
",-150.933,-150.933,0.000,1.000,0.000,0,0,2,0,0,2,2,0,0.0,0.0,1.0,0.0,0.0,1.0
"G[0,2]((AutonomicNeuroCl >= 0.000 -> WeightKg >= 86.117) -> Triglyc <= 90.889)
",9999999.000,9999999.000,0.000,1.000,0.000,0,0,2,0,0,2,2,0,0.0,0.0,1.0,0.0,0.0,1.0
"G[1,2]((Pt_A1cGoalLev >= 0.693 & diagAgeCombo >= 14.000) & Pt_GrandparentT1D <= 14.000)
",9999999.000,9999999.000,0.000,1.000,0.000,0,0,2,0,0,2,2,0,0.0,0.0,1.0,0.0,0.0,1.0
"G[1,2](((TSH >= 0.074 & UnitsInsBasalOrLongAct >= 4.462) -> Pt_MotherT1D >= 2.424) | age <= 5.875)
",9999999.000,9999999.000,0.000,1.000,0.000,0,0,2,0,0,2,2,0,0.0,0.0,1.0,0.0,0.0,1.0
"G[0,2]((BUN <= 16.498 -> Pt_GrandparentT1D <= 0.617) | HbA1cImputeDtMnC <= 0.914)
",9999999.000,9999999.000,0.000,1.000,0.000,0,0,1,1,1,1,1,1,0.0,0.0,1.0,0.0,0.0,1.0
"G[2,2](Triglyc >= 3.302 & BldPrSys >= 145.673)
",-145.673,-145.673,0.000,1.000,0.000,0,0,2,0,0,2,2,0,0.0,0.0,1.0,0.0,0.0,1.0
"G[2,2](((BGTestAvgNumMeter >= 0.051 & TotChol <= 0.000) | Pt_A1cGoalLevelDsYr5 <= 0.000) & HeightCm >= 0.000)
",0.000,0.000,0.000,1.000,0.000,0,0,2,0,0,2,2,0,0.0,0.0,1.0,0.0,0.0,1.0
"G[1,1](((TotalDailyInsPerKg <= 0.230 -> HeightCm >= 175.260) | Pt_DKAFlg <= 175.260) & TSH >= 175.260)
",-175.260,-175.260,0.000,1.000,0.000,0,0,1,1,1,1,1,1,0.0,0.0,1.0,0.0,0.0,1.0
"G[1,1](((WeightKg <= 90.396 | LDL <= 56.520) & UnitsInsBasalOrLongAct >= 8.211) & WeightKg >= 12.752)
",-12.752,-12.752,0.000,1.000,0.000,0,0,1,1,1,1,1,1,0.0,0.0,1.0,0.0,0.0,1.0
"G[0,2]((BUN >= 7.115 & age >= 29.332) -> UnitsInsBasalOrLongAct <= 29.855)
",9999999.000,9999999.000,0.000,1.000,0.000,0,0,2,0,0,2,2,0,0.0,0.0,1.0,0.0,0.0,1.0
"G[0,2]((TSH >= 0.071 & BldPrSys >= 137.051) & SMBGperDayPtMeterCombo <= 154.173)
",9999999.000,9999999.000,0.000,1.000,0.000,0,0,1,1,1,1,1,1,0.0,0.0,1.0,0.0,0.0,1.0
"G[1,2](Pt_SiblingT1D <= 0.000 -> TotalDailyInsPerKg >= 0.004)
",9999999.000,9999999.000,0.000,1.000,0.000,0,0,2,0,0,2,2,0,0.0,0.0,1.0,0.0,0.0,1.0
"G[1,2](((TotChol >= 0.000 -> TSH <= 0.531) & GFR >= 0.105) -> TSH <= 0.711)
",9999999.000,9999999.000,0.000,1.000,0.000,0,0,2,0,0,2,2,0,0.0,0.0,1.0,0.0,0.0,1.0
"G[1,1](GFR <= 107.806 -> BUN >= 0.278)
",-107.806,-107.806,0.000,1.000,0.000,0,0,1,1,1,1,1,1,0.0,0.0,1.0,0.0,0.0,1.0
"G[0,2](HeightCm <= 175.260 | Pt_MotherT1D >= 0.000)
",9999999.000,9999999.000,0.000,1.000,0.000,0,0,2,0,0,2,2,0,0.0,0.0,1.0,0.0,0.0,1.0
