Rule,Discrimination Score,Pos Robustness,Neg Robustness,Percent Class +,Percent Class -,TP,TN,FP,FN,Actual Yes,Actual No,Predicted Yes,Predicted No,TPR/Sens,TNR/Spec,FPR,Precision,Accuracy,MCR
"G[0,0](((age >= 26.043 | WeightKg >= 20.502) & DirectLDL <= 56.383) | bmiPerc <= 30.591)
",2.219,23.199,0.000,1.000,0.000,4,0,0,0,4,0,4,0,1.0,0.0,0.0,1.0,1.1428571428571428,-0.1428571428571428
"G[0,0](BGTestAvgNumPtRep <= 5.952 -> Pt_SHFlg = 0.000)
",-1.397,-3.952,0.000,1.000,0.000,4,0,0,0,4,0,4,0,1.0,0.0,0.0,1.0,1.1428571428571428,-0.1428571428571428
"G[0,0]((BldPrDia >= 82.333 -> GFR <= 0.000) | diabDur <= 0.000)
",-30.406,-28.667,0.000,1.000,0.000,4,0,0,0,4,0,4,0,1.0,0.0,0.0,1.0,1.1428571428571428,-0.1428571428571428
"G[0,0](GFR <= 0.000 -> BUN >= 0.000)
",-0.729,-14.624,0.000,1.000,0.000,4,0,0,0,4,0,4,0,1.0,0.0,0.0,1.0,1.1428571428571428,-0.1428571428571428
"G[0,0](Pt_A1cGoalLevelDsYr5 >= 0.000 -> Pt_SHFlg = 0.000)
",0.000,0.000,0.000,1.000,0.000,4,0,0,0,4,0,4,0,1.0,0.0,0.0,1.0,1.1428571428571428,-0.1428571428571428
"G[0,0]((Pt_CGMUseNumDays <= 0.000 | HbA1c <= 7.940) -> bmiPerc <= 7.629)
",-7.940,-7.940,0.000,1.000,0.000,4,0,0,0,4,0,4,0,1.0,0.0,0.0,1.0,1.1428571428571428,-0.1428571428571428
"G[0,0](((Pt_CGMUseNumDays <= 0.000 & BldPrSys >= 124.609) & TotChol <= 169.474) | HbA1cImputeDtMnC >= 128.974)
",-128.974,-128.974,0.000,1.000,0.000,4,0,0,0,4,0,4,0,1.0,0.0,0.0,1.0,1.1428571428571428,-0.1428571428571428
"G[0,0](GFR <= 0.000 -> BUN >= 0.000)
",-0.729,-14.624,0.000,1.000,0.000,4,0,0,0,4,0,4,0,1.0,0.0,0.0,1.0,1.1428571428571428,-0.1428571428571428
"G[0,0]((UnitsInsBasalOrLongAct <= 35.235 | LDL <= 103.427) & BGTestAvgNumPtRep <= 97.137)
",33.636,95.137,0.000,1.000,0.000,4,0,0,0,4,0,4,0,1.0,0.0,0.0,1.0,1.1428571428571428,-0.1428571428571428
"G[0,0]((BGTestAvgNumMeter <= 2.352 | TSH <= 0.000) & Pt_GrandparentT1D >= 0.000)
",-7.071,-6.667,0.000,1.000,0.000,4,0,0,0,4,0,4,0,1.0,0.0,0.0,1.0,1.1428571428571428,-0.1428571428571428
"G[0,0](((bmi <= 10.834 | Pt_MotherT1D <= 0.000) & HbA1c >= 0.000) -> BUN >= 0.000)
",-0.707,-14.333,0.000,1.000,0.000,4,0,0,0,4,0,4,0,1.0,0.0,0.0,1.0,1.1428571428571428,-0.1428571428571428
"G[0,0]((BGTestAvgNumMeter <= 4.670 -> Pt_CGMUseNumDays >= 0.000) & Pt_GrandchildT1D >= 0.000)
",-16810.000,-16810.000,0.000,1.000,0.000,4,0,0,0,4,0,4,0,1.0,0.0,0.0,1.0,1.1428571428571428,-0.1428571428571428
"G[0,0](GFR <= 0.000 -> BUN >= 0.000)
",-0.729,-14.624,0.000,1.000,0.000,4,0,0,0,4,0,4,0,1.0,0.0,0.0,1.0,1.1428571428571428,-0.1428571428571428
"G[0,0]((diabDur >= 10.469 | HeightCm >= 5.629) | DirectLDL >= 14.356)
",0.974,67.682,0.000,1.000,0.000,4,0,0,0,4,0,4,0,1.0,0.0,0.0,1.0,1.1428571428571428,-0.1428571428571428
"G[0,0]((bmi <= 7.014 | WeightKg <= 23.605) | TotalDailyInsPerKg <= 50.841)
",39.429,37.174,0.000,1.000,0.000,4,0,0,0,4,0,4,0,1.0,0.0,0.0,1.0,1.1428571428571428,-0.1428571428571428
"G[0,0](((bmiPerc <= 0.000 | BGTestAvgNumMeter <= 1.587) & BGTestAvgNumPtRep >= 1.281) -> age >= 0.339)
",0.012,0.006,0.000,1.000,0.000,4,0,0,0,4,0,4,0,1.0,0.0,0.0,1.0,1.1428571428571428,-0.1428571428571428
"G[0,0]((Pt_SHFlg <= 0.000 -> Pt_SiblingT1D >= 0.000) | Triglyc <= 0.000)
",0.000,0.000,0.000,1.000,0.000,4,0,0,0,4,0,4,0,1.0,0.0,0.0,1.0,1.1428571428571428,-0.1428571428571428
"G[0,0](((bmi <= 22.226 & HDL >= 8.706) -> Pt_GrandchildT1D >= 6.653) | HeightCm <= 33.837)
",0.573,15.149,0.000,1.000,0.000,4,0,0,0,4,0,4,0,1.0,0.0,0.0,1.0,1.1428571428571428,-0.1428571428571428
"G[0,1](AlbCreatRat_mggNew >= 4.427 -> HbA1c >= 6.921)
",9999999.000,9999999.000,0.000,1.000,0.000,3,0,1,0,3,1,4,0,1.0,0.0,1.0,0.75,0.8571428571428571,0.1428571428571429
"G[0,1](HeightCm <= 80.776 -> LDL >= 55.058)
",9999999.000,9999999.000,0.000,1.000,0.000,3,0,0,1,4,0,3,1,0.75,0.0,0.0,1.0,0.8571428571428571,0.1428571428571429
"G[1,1](((BldPrSys <= 164.769 & SMBGperDayPtMeterCombo >= 0.030) & TotalDailyInsPerKg <= 4.300) -> age >= 2.641)
",0.030,0.030,0.000,1.000,0.000,3,0,1,0,3,1,4,0,1.0,0.0,1.0,0.75,0.8571428571428571,0.1428571428571429
"G[0,1](((UnitsInsBasalOrLongAct <= 26.351 -> bmi >= 0.759) | Pt_MotherT1D <= 8.940) | HbA1cImputeDtMnC >= 0.839)
",9999999.000,9999999.000,0.000,1.000,0.000,3,0,1,0,3,1,4,0,1.0,0.0,1.0,0.75,0.8571428571428571,0.1428571428571429
"G[0,1]((AutonomicNeuroCl <= 0.000 | Pt_GrandchildT1D <= 0.000) | Pt_GrandchildT1D <= 0.000)
",9999999.000,9999999.000,0.000,1.000,0.000,3,0,1,0,3,1,4,0,1.0,0.0,1.0,0.75,0.8571428571428571,0.1428571428571429
"G[0,0](Pt_CGMUseNumDays >= 0.000 -> SMBGperDayPtMeterCombo >= 1.308)
",-16810.000,-16810.000,0.000,1.000,0.000,3,0,0,1,4,0,3,1,0.75,0.0,0.0,1.0,0.8571428571428571,0.1428571428571429
"G[0,1](Pt_SHFlg >= 0.000 & Pt_SHFlg <= 0.000)
",9999999.000,9999999.000,0.000,1.000,0.000,3,0,1,0,3,1,4,0,1.0,0.0,1.0,0.75,0.8571428571428571,0.1428571428571429
"G[0,1](((AlbCreatRat_mggNew <= 8.211 | Triglyc <= 51.343) | AutonomicNeuroCl <= 51.937) | bmiPerc <= 52.675)
",9999999.000,9999999.000,0.000,1.000,0.000,3,0,1,0,3,1,4,0,1.0,0.0,1.0,0.75,0.8571428571428571,0.1428571428571429
"G[0,0]((BldPrDia <= 87.284 -> UnitsInsBasalOrLongAct >= 1.968) & Pt_GrandchildT1D <= 35.389)
",-0.638,-2.632,0.000,1.000,0.000,3,0,0,1,4,0,3,1,0.75,0.0,0.0,1.0,0.8571428571428571,0.1428571428571429
"G[0,1]((GFR >= 0.000 | AlbCreatRat_mggNew >= 4.076) | HeightCm >= 4.955)
",9999999.000,9999999.000,0.000,1.000,0.000,3,0,1,0,3,1,4,0,1.0,0.0,1.0,0.75,0.8571428571428571,0.1428571428571429
"G[0,0](((bmi <= 22.010 -> LDL >= 81.367) -> DirectLDL >= 77.976) -> BGTestAvgNumMeter >= 21.298)
",-5.682,-19.574,0.000,1.000,0.000,3,0,0,1,4,0,3,1,0.75,0.0,0.0,1.0,0.8571428571428571,0.1428571428571429
"G[0,0]((DirectLDL >= 0.049 -> HbA1c >= 7.175) | Pt_SHFlg >= 6.683)
",3.750,38.474,0.000,1.000,0.000,3,0,0,1,4,0,3,1,0.75,0.0,0.0,1.0,0.8571428571428571,0.1428571428571429
"G[0,1](((diabDur >= 11.256 & LDL <= 98.795) -> AlbCreatRat_mggNew <= 91.313) -> HbA1cImputeDtMnC <= 112.880)
",9999999.000,9999999.000,0.000,1.000,0.000,3,0,1,0,3,1,4,0,1.0,0.0,1.0,0.75,0.8571428571428571,0.1428571428571429
"G[0,1](((HbA1cImputeDtMnC <= 35.067 -> NumPumpBolusOrShortAct <= 1.872) -> age >= 0.567) | Triglyc >= 0.613)
",9999999.000,9999999.000,0.000,1.000,0.000,3,0,1,0,3,1,4,0,1.0,0.0,1.0,0.75,0.8571428571428571,0.1428571428571429
"G[1,1](((SMBGperDayPtMeterCombo <= 5.768 | Pt_GrandchildT1D >= 0.000) -> WeightKg >= 0.000) -> Pt_DKAFlg >= 0.000)
",0.000,0.000,0.000,1.000,0.000,3,0,1,0,3,1,4,0,1.0,0.0,1.0,0.75,0.8571428571428571,0.1428571428571429
"G[0,1](((BGTestAvgNumMeter <= 1.888 & HDL >= 9.113) | diagAgeCombo >= 3.117) -> AutonomicNeuroCl <= 21.004)
",9999999.000,9999999.000,0.000,1.000,0.000,3,0,1,0,3,1,4,0,1.0,0.0,1.0,0.75,0.8571428571428571,0.1428571428571429
"G[1,1](HDL >= 7.592 -> diagAgeCombo >= 15.000)
",7.592,7.592,0.000,1.000,0.000,3,0,1,0,3,1,4,0,1.0,0.0,1.0,0.75,0.8571428571428571,0.1428571428571429
"G[1,1]((BGTestAvgNumMeter <= 5.052 | Pt_SHFlg >= 0.000) | Pt_CGMUseNumDays <= 0.000)
",5.052,5.052,0.000,1.000,0.000,3,0,1,0,3,1,4,0,1.0,0.0,1.0,0.75,0.8571428571428571,0.1428571428571429
"G[0,1](((HDL >= 8.471 & NumPumpBolusOrShortAct <= 2.480) | Pt_InsGov <= 3.281) | Pt_SHFlg >= 0.527)
",9999999.000,9999999.000,0.000,1.000,0.000,3,0,1,0,3,1,4,0,1.0,0.0,1.0,0.75,0.8571428571428571,0.1428571428571429
"G[0,0](bmiZscore <= -0.061 | diabDur >= 11.797)
",17.893,16.870,0.000,1.000,0.000,3,0,0,1,4,0,3,1,0.75,0.0,0.0,1.0,0.8571428571428571,0.1428571428571429
"G[0,1]((DirectLDL <= 0.443 -> Pt_A1cGoalLev <= 1.014) -> Pt_FatherT1D <= 3.298)
",9999999.000,9999999.000,0.000,1.000,0.000,3,0,1,0,3,1,4,0,1.0,0.0,1.0,0.75,0.8571428571428571,0.1428571428571429
"G[1,1]((bmiZscore >= -0.442 | DirectLDL >= 0.047) | diagAgeCombo >= 0.104)
",0.442,0.442,0.000,1.000,0.000,3,0,1,0,3,1,4,0,1.0,0.0,1.0,0.75,0.8571428571428571,0.1428571428571429
"G[0,1](((HDL <= 27.140 & LDL >= 75.170) -> DirectLDL <= 108.334) & diabDur <= 104.077)
",9999999.000,9999999.000,0.000,1.000,0.000,3,0,1,0,3,1,4,0,1.0,0.0,1.0,0.75,0.8571428571428571,0.1428571428571429
"G[1,1]((BldPrDia >= 80.509 & NumPumpBolusOrShortAct >= 0.351) -> Pt_MotherT1D >= 0.201)
",0.201,0.201,0.000,1.000,0.000,3,0,1,0,3,1,4,0,1.0,0.0,1.0,0.75,0.8571428571428571,0.1428571428571429
"G[1,1]((BldPrDia >= 80.696 & Pt_ChildT1D <= 0.000) | TSH <= 0.000)
",0.000,0.000,0.000,1.000,0.000,3,0,1,0,3,1,4,0,1.0,0.0,1.0,0.75,0.8571428571428571,0.1428571428571429
"G[0,1]((HeightCm <= 112.490 -> TSH >= 0.000) & Pt_GrandparentT1D <= 0.000)
",9999999.000,9999999.000,0.000,1.000,0.000,3,0,1,0,3,1,4,0,1.0,0.0,1.0,0.75,0.8571428571428571,0.1428571428571429
"G[0,1]((BldPrDia <= 86.009 -> Pt_GrandparentT1D <= 0.000) | Pt_SHFlg >= 0.000)
",9999999.000,9999999.000,0.000,1.000,0.000,3,0,1,0,3,1,4,0,1.0,0.0,1.0,0.75,0.8571428571428571,0.1428571428571429
"G[1,1](GFR <= 0.000 -> BUN >= 0.000)
",0.000,0.000,0.000,1.000,0.000,3,0,1,0,3,1,4,0,1.0,0.0,1.0,0.75,0.8571428571428571,0.1428571428571429
"G[1,1](HbA1cImputeDtMnC >= 9.319 | HDL <= 26.651)
",26.651,26.651,0.000,1.000,0.000,3,0,1,0,3,1,4,0,1.0,0.0,1.0,0.75,0.8571428571428571,0.1428571428571429
"G[0,0]((WeightKg >= 1.901 | bmi >= 4.484) -> UnitsInsBasalOrLongAct <= 35.560)
",-7.512,-30.960,0.000,1.000,0.000,3,0,0,1,4,0,3,1,0.75,0.0,0.0,1.0,0.8571428571428571,0.1428571428571429
"G[0,1](Pt_A1cGoalLevelDsYr5 <= 0.000 -> GFR <= 0.000)
",9999999.000,9999999.000,0.000,1.000,0.000,3,0,1,0,3,1,4,0,1.0,0.0,1.0,0.75,0.8571428571428571,0.1428571428571429
"G[1,1](BGTestAvgNumMeter > 1.062 -> Pt_SHFlg = 0.000)
",0.000,0.000,0.000,1.000,0.000,3,0,1,0,3,1,4,0,1.0,0.0,1.0,0.75,0.8571428571428571,0.1428571428571429
"G[0,0](SMBGperDayPtMeterCombo >= 2.447 & BGTestAvgNumPtRep >= 2.052)
",-0.018,-0.052,0.000,1.000,0.000,3,0,0,1,4,0,3,1,0.75,0.0,0.0,1.0,0.8571428571428571,0.1428571428571429
"G[1,1](GFR >= 0.000 -> Pt_GrandchildT1D <= 0.000)
",0.000,0.000,0.000,1.000,0.000,3,0,1,0,3,1,4,0,1.0,0.0,1.0,0.75,0.8571428571428571,0.1428571428571429
"G[0,1](((bmiPerc <= 0.000 | BGTestAvgNumMeter <= 3.817) -> BldPrSys <= 2.361) | DirectLDL <= 4.737)
",9999999.000,9999999.000,0.000,1.000,0.000,3,0,1,0,3,1,4,0,1.0,0.0,1.0,0.75,0.8571428571428571,0.1428571428571429
"G[0,0]((WeightKg >= 2.674 | bmi >= 5.537) -> UnitsInsBasalOrLongAct <= 25.263)
",-5.014,-20.663,0.000,1.000,0.000,3,0,0,1,4,0,3,1,0.75,0.0,0.0,1.0,0.8571428571428571,0.1428571428571429
"G[0,0]((WeightKg >= 14.836 | bmi >= 6.447) -> UnitsInsBasalOrLongAct <= 26.283)
",-5.261,-21.683,0.000,1.000,0.000,3,0,0,1,4,0,3,1,0.75,0.0,0.0,1.0,0.8571428571428571,0.1428571428571429
"G[0,1]((LDL >= 57.530 | NumPumpBolusOrShortAct <= 2.080) | Pt_ChildT1D >= 0.660)
",9999999.000,9999999.000,0.000,1.000,0.000,3,0,1,0,3,1,4,0,1.0,0.0,1.0,0.75,0.8571428571428571,0.1428571428571429
"G[0,1]((WeightKg >= 8.988 | bmi >= 5.056) -> UnitsInsBasalOrLongAct <= 36.177)
",9999999.000,9999999.000,0.000,1.000,0.000,3,0,1,0,3,1,4,0,1.0,0.0,1.0,0.75,0.8571428571428571,0.1428571428571429
"G[1,1]((AutonomicNeuroCl <= 0.000 & GFR <= 0.000) & Pt_SiblingT1D <= 0.000)
",0.000,0.000,0.000,1.000,0.000,3,0,1,0,3,1,4,0,1.0,0.0,1.0,0.75,0.8571428571428571,0.1428571428571429
"G[1,1](bmiPerc > 0.000 -> Pt_SHFlg = 0.000)
",0.000,0.000,0.000,1.000,0.000,3,0,1,0,3,1,4,0,1.0,0.0,1.0,0.75,0.8571428571428571,0.1428571428571429
"G[0,0](((HeightCm >= 47.429 -> UnitsInsBasalOrLongAct >= 20.836) -> Pt_CGMUseNumDays >= 8.401) -> BUN >= 16.713)
",0.117,2.379,0.000,1.000,0.000,3,0,0,1,4,0,3,1,0.75,0.0,0.0,1.0,0.8571428571428571,0.1428571428571429
"G[0,0]((GFR >= 0.000 & BldPrSys <= 144.810) | GFR >= 136.042)
",-0.707,-0.291,0.000,1.000,0.000,3,0,0,1,4,0,3,1,0.75,0.0,0.0,1.0,0.8571428571428571,0.1428571428571429
"G[1,1](((BldPrDia <= 86.744 | BUN >= 0.000) | HbA1cImputeDtMnC <= 0.000) -> BUN <= 0.000)
",-86.744,-86.744,0.000,1.000,0.000,3,0,1,0,3,1,4,0,1.0,0.0,1.0,0.75,0.8571428571428571,0.1428571428571429
"G[0,1](((TotalDailyInsPerKg <= 0.158 | BUN >= 0.000) & GFR >= 0.000) -> bmiZscore <= 0.000)
",9999999.000,9999999.000,0.000,1.000,0.000,3,0,1,0,3,1,4,0,1.0,0.0,1.0,0.75,0.8571428571428571,0.1428571428571429
"G[0,1](((WeightKg <= 38.681 | Pt_GrandchildT1D <= 0.000) -> bmiPerc >= 0.000) & diabDur >= 0.000)
",9999999.000,9999999.000,0.000,1.000,0.000,3,0,1,0,3,1,4,0,1.0,0.0,1.0,0.75,0.8571428571428571,0.1428571428571429
"G[0,1](GFR <= 0.000 -> BUN >= 0.000)
",9999999.000,9999999.000,0.000,1.000,0.000,3,0,1,0,3,1,4,0,1.0,0.0,1.0,0.75,0.8571428571428571,0.1428571428571429
"G[0,0](SMBGperDayPtMeterCombo >= 3.352 & BGTestAvgNumPtRep >= 4.323)
",-0.821,-2.323,0.000,1.000,0.000,3,0,0,1,4,0,3,1,0.75,0.0,0.0,1.0,0.8571428571428571,0.1428571428571429
"G[0,1]((Pt_ChildT1D <= 0.000 -> age <= 29.251) | Pt_MotherT1D >= 25.148)
",9999999.000,9999999.000,0.000,1.000,0.000,3,0,0,1,4,0,3,1,0.75,0.0,0.0,1.0,0.8571428571428571,0.1428571428571429
"G[0,1](((Pt_MotherT1D <= 0.000 & diagAgeCombo <= 15.000) | Pt_DKAFlg <= 15.000) & TotChol <= 15.000)
",9999999.000,9999999.000,0.000,1.000,0.000,3,0,1,0,3,1,4,0,1.0,0.0,1.0,0.75,0.8571428571428571,0.1428571428571429
"G[1,1](AlbCreatRat_mggNew >= 5.990 | LDL <= 92.722)
",6524720938743637.000,92.722,0.000,1.000,0.000,2,0,1,1,3,1,3,1,0.6666666666666666,0.0,1.0,0.6666666666666666,0.5714285714285714,0.4285714285714286
"G[0,1]((HDL <= 43.518 | BGTestAvgNumPtRep <= 5.038) | age <= 7.389)
",9999999.000,9999999.000,0.000,1.000,0.000,2,0,1,1,3,1,3,1,0.6666666666666666,0.0,1.0,0.6666666666666666,0.5714285714285714,0.4285714285714286
"G[1,1](((HbA1cImputeDtMnC <= 50.066 & Pt_A1cGoalLev >= 0.123) & BUN >= 0.068) | Pt_A1cGoalLev <= 5.965)
",5.965,5.965,0.000,1.000,0.000,2,0,1,1,3,1,3,1,0.6666666666666666,0.0,1.0,0.6666666666666666,0.5714285714285714,0.4285714285714286
"G[0,0]((bmi >= 6.879 & WeightKg >= 0.463) & BGTestAvgNumPtRep <= 72.921)
",-6.879,-6.879,0.000,1.000,0.000,2,0,0,2,4,0,2,2,0.5,0.0,0.0,1.0,0.5714285714285714,0.4285714285714286
"G[0,0](((Pt_A1cGoalLevelDsYr5 <= 0.000 | Pt_SiblingT1D <= 0.000) & TotChol >= 0.000) & HeightCm <= 0.000)
",-0.707,-24.040,0.000,1.000,0.000,2,0,0,2,4,0,2,2,0.5,0.0,0.0,1.0,0.5714285714285714,0.4285714285714286
"G[0,1](((Pt_MotherT1D <= 0.000 & AlbCreatRat_mggNew <= 8.766) & HeightCm <= 9.075) -> Pt_GrandparentT1D >= 3.935)
",9999999.000,9999999.000,0.000,1.000,0.000,2,0,1,1,3,1,3,1,0.6666666666666666,0.0,1.0,0.6666666666666666,0.5714285714285714,0.4285714285714286
"G[1,1]((BGTestAvgNumPtRep >= 0.487 | HeightCm >= 43.073) | AlbCreatRat_mggNew >= 14.096)
",-0.487,-0.487,0.000,1.000,0.000,2,0,1,1,3,1,3,1,0.6666666666666666,0.0,1.0,0.6666666666666666,0.5714285714285714,0.4285714285714286
"G[0,0](HbA1c <= 7.856 & TotalDailyInsPerKg <= 0.428)
",-14.041,-13.238,0.000,1.000,0.000,2,0,0,2,4,0,2,2,0.5,0.0,0.0,1.0,0.5714285714285714,0.4285714285714286
"G[1,1](((BGTestAvgNumMeter <= 3.277 -> BldPrSys >= 127.980) & Pt_SHFlg <= 170.084) & BldPrDia <= 171.369)
",-7379751182327645.000,-3.277,0.000,1.000,0.000,2,0,1,1,3,1,3,1,0.6666666666666666,0.0,1.0,0.6666666666666666,0.5714285714285714,0.4285714285714286
"G[0,1](((BGTestAvgNumMeter >= 0.698 -> bmi >= 1.996) | bmi >= 1.374) & BGTestAvgNumPtRep <= 24.697)
",9999999.000,9999999.000,0.000,1.000,0.000,2,0,1,1,3,1,3,1,0.6666666666666666,0.0,1.0,0.6666666666666666,0.5714285714285714,0.4285714285714286
"G[1,1](BldPrSys <= 150.186 & Pt_SHFlg = 0.000)
",0.000,0.000,0.000,1.000,0.000,2,0,1,1,3,1,3,1,0.6666666666666666,0.0,1.0,0.6666666666666666,0.5714285714285714,0.4285714285714286
"G[0,1](WeightKg <= 73.972 | BGTestAvgNumMeter >= 1.088)
",9999999.000,9999999.000,0.000,1.000,0.000,2,0,1,1,3,1,3,1,0.6666666666666666,0.0,1.0,0.6666666666666666,0.5714285714285714,0.4285714285714286
"G[0,0](BldPrDia <= 83.504 | DirectLDL >= 0.092)
",0.706,60.021,0.000,1.000,0.000,2,0,0,2,4,0,2,2,0.5,0.0,0.0,1.0,0.5714285714285714,0.4285714285714286
"G[0,0](((GFR <= 0.000 & HbA1c <= 7.779) -> TotChol <= 7.819) -> bmi <= 7.690)
",-7.690,-7.690,0.000,1.000,0.000,2,0,0,2,4,0,2,2,0.5,0.0,0.0,1.0,0.5714285714285714,0.4285714285714286
"G[1,1](((Pt_SHFlg <= 0.000 & Pt_FatherT1D <= 0.000) | Pt_SiblingT1D >= 0.000) -> BGTestAvgNumMeter <= 0.000)
",0.000,0.000,0.000,1.000,0.000,2,0,1,1,3,1,3,1,0.6666666666666666,0.0,1.0,0.6666666666666666,0.5714285714285714,0.4285714285714286
"G[1,1](SMBGperDayPtMeterCombo >= 1.711 & BGTestAvgNumPtRep >= 2.833)
",-6379274656636045.000,-2.833,0.000,1.000,0.000,2,0,1,1,3,1,3,1,0.6666666666666666,0.0,1.0,0.6666666666666666,0.5714285714285714,0.4285714285714286
"G[0,0](((BGTestAvgNumMeter >= 0.525 | HbA1cImputeDtMnC >= 21.459) -> WeightKg >= 28.630) -> Pt_MotherT1D >= 8.062)
",8.062,8.062,0.000,1.000,0.000,2,0,0,2,4,0,2,2,0.5,0.0,0.0,1.0,0.5714285714285714,0.4285714285714286
"G[1,1](((Pt_A1cGoalLev <= 1.782 & SMBGperDayPtMeterCombo <= 7.879) | BldPrSys <= 7.015) -> Triglyc >= 1.672)
",-7.015,-7.015,0.000,1.000,0.000,2,0,1,1,3,1,3,1,0.6666666666666666,0.0,1.0,0.6666666666666666,0.5714285714285714,0.4285714285714286
"G[0,1]((WeightKg >= 15.894 | bmi >= 2.587) -> UnitsInsBasalOrLongAct <= 31.725)
",9999999.000,9999999.000,0.000,1.000,0.000,2,0,1,1,3,1,3,1,0.6666666666666666,0.0,1.0,0.6666666666666666,0.5714285714285714,0.4285714285714286
"G[1,1]((HbA1c <= 7.766 & Triglyc >= 14.515) -> Triglyc <= 22.880)
",-22.880,-22.880,0.000,1.000,0.000,2,0,1,1,3,1,3,1,0.6666666666666666,0.0,1.0,0.6666666666666666,0.5714285714285714,0.4285714285714286
"G[0,1](((Triglyc <= 42.653 | WeightKg <= 60.215) & bmi <= 26.953) | Pt_SHFlg >= 10.708)
",9999999.000,9999999.000,0.000,1.000,0.000,2,0,1,1,3,1,3,1,0.6666666666666666,0.0,1.0,0.6666666666666666,0.5714285714285714,0.4285714285714286
"G[0,0](UnitsInsBasalOrLongAct >= 2.271 & WeightKg >= 9.945)
",-3.477,-3.278,0.000,1.000,0.000,1,0,0,3,4,0,1,3,0.25,0.0,0.0,1.0,0.2857142857142857,0.7142857142857143
"G[0,1]((BldPrSys >= 134.104 | DirectLDL >= 0.050) -> GFR >= 0.293)
",9999999.000,9999999.000,0.000,1.000,0.000,1,0,0,3,4,0,1,3,0.25,0.0,0.0,1.0,0.2857142857142857,0.7142857142857143
"G[0,1](((TotChol >= 0.000 & diagAgeCombo >= 15.000) -> HeightCm <= 15.000) & GFR <= 15.000)
",9999999.000,9999999.000,0.000,1.000,0.000,1,0,1,2,3,1,2,2,0.3333333333333333,0.0,1.0,0.5,0.2857142857142857,0.7142857142857143
"G[1,1]((Triglyc >= 12.557 | UnitsInsBasalOrLongAct >= 13.814) -> GFR >= 13.464)
",12.557,12.557,0.000,1.000,0.000,1,0,1,2,3,1,2,2,0.3333333333333333,0.0,1.0,0.5,0.2857142857142857,0.7142857142857143
"G[0,1](BGTestAvgNumPtRep <= 5.030 | Triglyc >= 19.192)
",9999999.000,9999999.000,0.000,1.000,0.000,1,0,0,3,4,0,1,3,0.25,0.0,0.0,1.0,0.2857142857142857,0.7142857142857143
"G[0,0](AlbCreatRat_mggNew >= 2.673 & BldPrSys >= 140.569)
",-140.569,-140.569,0.000,1.000,0.000,1,0,0,3,4,0,1,3,0.25,0.0,0.0,1.0,0.2857142857142857,0.7142857142857143
"G[0,1](AlbCreatRat_mggNew >= 5.566 -> UnitsInsBasalOrLongAct <= 30.512)
",9999999.000,9999999.000,0.000,1.000,0.000,1,0,0,3,4,0,1,3,0.25,0.0,0.0,1.0,0.2857142857142857,0.7142857142857143
"G[0,0](age >= 27.398 & bmi <= 19.352)
",-57.414,-27.065,0.000,1.000,0.000,1,0,0,3,4,0,1,3,0.25,0.0,0.0,1.0,0.2857142857142857,0.7142857142857143
"G[0,1]((HbA1c <= 7.976 & NumPumpBolusOrShortAct <= 4.997) & WeightKg <= 4.093)
",9999999.000,9999999.000,0.000,1.000,0.000,1,0,0,3,4,0,1,3,0.25,0.0,0.0,1.0,0.2857142857142857,0.7142857142857143
"G[0,1](SMBGperDayPtMeterCombo >= 1.864 & BGTestAvgNumPtRep >= 1.380)
",9999999.000,9999999.000,0.000,1.000,0.000,1,0,1,2,3,1,2,2,0.3333333333333333,0.0,1.0,0.5,0.2857142857142857,0.7142857142857143
"G[0,0](Pt_SHFlg >= 0.000 & DirectLDL >= 0.305)
",0.693,14.591,0.000,1.000,0.000,1,0,0,3,4,0,1,3,0.25,0.0,0.0,1.0,0.2857142857142857,0.7142857142857143
"G[0,1](diabDur <= 12.536 & Pt_SHFlg = 0.000)
",9999999.000,9999999.000,0.000,1.000,0.000,1,0,0,3,4,0,1,3,0.25,0.0,0.0,1.0,0.2857142857142857,0.7142857142857143
"G[1,1]((BldPrDia >= 81.859 | HeightCm <= 121.161) -> HDL >= 42.039)
",-121.161,-121.161,0.000,1.000,0.000,1,0,1,2,3,1,2,2,0.3333333333333333,0.0,1.0,0.5,0.2857142857142857,0.7142857142857143
"G[0,1](bmi <= 18.315 & LDL >= 69.382)
",9999999.000,9999999.000,0.000,1.000,0.000,1,0,0,3,4,0,1,3,0.25,0.0,0.0,1.0,0.2857142857142857,0.7142857142857143
"G[0,1]((LDL <= 94.908 | Pt_A1cGoalLev >= 0.635) | bmi >= 0.677)
",9999999.000,9999999.000,0.000,1.000,0.000,1,0,1,2,3,1,2,2,0.3333333333333333,0.0,1.0,0.5,0.2857142857142857,0.7142857142857143
"G[0,1](((diabDur <= 13.758 -> Pt_A1cGoalLevelDsYr5 >= 0.000) -> diagAgeCombo >= 0.000) & BGTestAvgNumMeter <= 0.000)
",9999999.000,9999999.000,0.000,1.000,0.000,1,0,1,2,3,1,2,2,0.3333333333333333,0.0,1.0,0.5,0.2857142857142857,0.7142857142857143
"G[0,1]((AutonomicNeuroCl <= 0.000 | BUN <= 0.000) & age <= 0.000)
",9999999.000,9999999.000,0.000,1.000,0.000,0,0,0,4,4,0,0,4,0.0,0.0,0.0,0.0,0.0,1.0
"G[1,2](((AlbCreatRat_mggNew <= 7.973 & bmiZscore >= -0.702) -> LDL >= -0.422) -> AutonomicNeuroCl <= -0.070)
",9999999.000,9999999.000,0.000,1.000,0.000,0,0,1,3,3,1,1,3,0.0,0.0,1.0,0.0,0.0,1.0
"G[2,2]((Pt_FatherT1D >= 0.000 & bmi >= 5.333) | BldPrSys >= 0.592)
",-0.592,-0.592,0.000,1.000,0.000,0,0,4,0,0,4,4,0,0.0,0.0,1.0,0.0,0.0,1.0
"G[0,1](((Pt_SiblingT1D >= 0.000 -> diagAgeCombo <= 15.000) -> DirectLDL >= 15.000) & UnitsInsBasalOrLongAct >= 15.000)
",9999999.000,9999999.000,0.000,1.000,0.000,0,0,0,4,4,0,0,4,0.0,0.0,0.0,0.0,0.0,1.0
"G[1,2]((BldPrDia >= 80.345 & Pt_GrandparentT1D >= 0.000) | Pt_MotherT1D >= 0.000)
",9999999.000,9999999.000,0.000,1.000,0.000,0,0,4,0,0,4,4,0,0.0,0.0,1.0,0.0,0.0,1.0
"G[1,2](((WeightKg >= 5.976 -> bmi <= 23.387) & HDL <= 13.946) -> diabDur >= 0.204)
",9999999.000,9999999.000,0.000,1.000,0.000,0,0,4,0,0,4,4,0,0.0,0.0,1.0,0.0,0.0,1.0
"G[0,1]((SMBGperDayPtMeterCombo <= 5.274 & Pt_InsGov <= 0.000) & Triglyc >= 0.000)
",9999999.000,9999999.000,0.000,1.000,0.000,0,0,0,4,4,0,0,4,0.0,0.0,0.0,0.0,0.0,1.0
"G[1,2](((AutonomicNeuroCl >= 0.000 | SMBGperDayPtMeterCombo >= 3.972) | BldPrDia >= 2.742) -> Pt_FatherT1D >= 2.226)
",9999999.000,9999999.000,0.000,1.000,0.000,0,0,1,3,3,1,1,3,0.0,0.0,1.0,0.0,0.0,1.0
"G[1,2](((Pt_A1cGoalLevelDsYr5 >= 0.000 & BGTestAvgNumPtRep >= 4.171) & NumPumpBolusOrShortAct >= 1.139) | Pt_GrandparentT1D <= 7.546)
",9999999.000,9999999.000,0.000,1.000,0.000,0,0,4,0,0,4,4,0,0.0,0.0,1.0,0.0,0.0,1.0
"G[0,2](((AlbCreatRat_mggNew <= 8.392 -> bmiZscore >= -0.220) & BGTestAvgNumPtRep <= -0.100) & HDL <= -0.075)
",9999999.000,9999999.000,0.000,1.000,0.000,0,0,0,4,4,0,0,4,0.0,0.0,0.0,0.0,0.0,1.0
"G[0,1](((HbA1cImputeDtMnC >= 25.723 | SMBGperDayPtMeterCombo <= 7.642) -> age <= 5.673) & Pt_GrandparentT1D <= 7.249)
",9999999.000,9999999.000,0.000,1.000,0.000,0,0,0,4,4,0,0,4,0.0,0.0,0.0,0.0,0.0,1.0
"G[0,2](AlbCreatRat_mggNew <= 8.140 -> TotalDailyInsPerKg <= 0.255)
",9999999.000,9999999.000,0.000,1.000,0.000,0,0,4,0,0,4,4,0,0.0,0.0,1.0,0.0,0.0,1.0
"G[1,2]((Triglyc >= 2.098 & Pt_CGMUseNumDays >= 0.000) -> DirectLDL >= 0.000)
",9999999.000,9999999.000,0.000,1.000,0.000,0,0,4,0,0,4,4,0,0.0,0.0,1.0,0.0,0.0,1.0
"G[1,2]((Pt_CGMUseNumDays <= 0.000 | Pt_FatherT1D >= 0.000) | Pt_DKAFlg <= 0.000)
",9999999.000,9999999.000,0.000,1.000,0.000,0,0,4,0,0,4,4,0,0.0,0.0,1.0,0.0,0.0,1.0
"G[2,2]((SMBGperDayPtMeterCombo >= 0.648 & HeightCm >= 36.437) -> TotChol >= 23.319)
",23.319,23.319,0.000,1.000,0.000,0,0,4,0,0,4,4,0,0.0,0.0,1.0,0.0,0.0,1.0
"G[0,2]((UnitsInsBasalOrLongAct >= 9.752 | bmiPerc >= 0.000) & UnitsInsBasalOrLongAct <= 0.000)
",9999999.000,9999999.000,0.000,1.000,0.000,0,0,1,3,3,1,1,3,0.0,0.0,1.0,0.0,0.0,1.0
"G[1,2]((age >= 26.086 | bmiPerc >= 0.000) | Pt_ChildT1D >= 0.000)
",9999999.000,9999999.000,0.000,1.000,0.000,0,0,4,0,0,4,4,0,0.0,0.0,1.0,0.0,0.0,1.0
"G[2,2](Pt_InsGov >= 0.000 -> DirectLDL >= 0.061)
",0.000,0.000,0.000,1.000,0.000,0,0,4,0,0,4,4,0,0.0,0.0,1.0,0.0,0.0,1.0
"G[0,2](Pt_CGMUseNumDays <= 0.000 -> SMBGperDayPtMeterCombo <= 4.451)
",9999999.000,9999999.000,0.000,1.000,0.000,0,0,0,4,4,0,0,4,0.0,0.0,0.0,0.0,0.0,1.0
"G[0,2](SMBGperDayPtMeterCombo >= 3.162 & BGTestAvgNumPtRep >= 0.953)
",9999999.000,9999999.000,0.000,1.000,0.000,0,0,2,2,2,2,2,2,0.0,0.0,1.0,0.0,0.0,1.0
"G[0,1](((Pt_DKAFlg >= 0.000 | BldPrDia >= 82.968) & diabDur >= 80.029) & Pt_A1cGoalLev >= 80.143)
",9999999.000,9999999.000,0.000,1.000,0.000,0,0,0,4,4,0,0,4,0.0,0.0,0.0,0.0,0.0,1.0
"G[0,2](Pt_A1cGoalLevelDsYr5 >= 0.000 | Pt_A1cGoalLev <= 5.549)
",9999999.000,9999999.000,0.000,1.000,0.000,0,0,4,0,0,4,4,0,0.0,0.0,1.0,0.0,0.0,1.0
"G[2,2](((Pt_ChildT1D >= 0.000 -> UnitsInsBasalOrLongAct >= 24.522) & WeightKg <= 31.533) & Pt_SHFlg <= 28.677)
",0.000,0.000,0.000,1.000,0.000,0,0,4,0,0,4,4,0,0.0,0.0,1.0,0.0,0.0,1.0
"G[0,2](((Pt_GrandparentT1D <= 0.000 & Pt_FatherT1D <= 0.000) & HbA1cImputeDtMnC >= 0.000) & Pt_CGMUseNumDays <= 0.000)
",9999999.000,9999999.000,0.000,1.000,0.000,0,0,3,1,1,3,3,1,0.0,0.0,1.0,0.0,0.0,1.0
"G[0,1](((Pt_SiblingT1D >= 0.000 & BGTestAvgNumMeter >= 1.159) & Pt_DKAFlg >= 0.204) | TotChol >= 1.155)
",9999999.000,9999999.000,0.000,1.000,0.000,0,0,0,4,4,0,0,4,0.0,0.0,0.0,0.0,0.0,1.0
"G[1,2](((Pt_SiblingT1D >= 0.000 | HeightCm >= 9.428) & BGTestAvgNumMeter >= 0.667) -> Pt_GrandparentT1D >= 3.344)
",9999999.000,9999999.000,0.000,1.000,0.000,0,0,3,1,1,3,3,1,0.0,0.0,1.0,0.0,0.0,1.0
"G[1,2](((Pt_MotherT1D <= 0.000 & Pt_InsGov <= 0.000) | Pt_GrandchildT1D <= 0.000) & Pt_GrandchildT1D >= 0.000)
",9999999.000,9999999.000,0.000,1.000,0.000,0,0,4,0,0,4,4,0,0.0,0.0,1.0,0.0,0.0,1.0
"G[1,2](((HeightCm >= 1.984 & bmi <= 17.787) & HbA1cImputeDtMnC >= 1.396) & Pt_SiblingT1D >= 2.927)
",9999999.000,9999999.000,0.000,1.000,0.000,0,0,1,3,3,1,1,3,0.0,0.0,1.0,0.0,0.0,1.0
"G[1,2](((Pt_ChildT1D >= 0.000 & bmi >= 1.671) & Pt_SiblingT1D <= 17.272) | bmi <= 9.192)
",9999999.000,9999999.000,0.000,1.000,0.000,0,0,4,0,0,4,4,0,0.0,0.0,1.0,0.0,0.0,1.0
"G[0,1]((Pt_SiblingT1D <= 0.000 -> Pt_DKAFlg >= 0.000) -> AlbCreatRat_mggNew <= 0.000)
",9999999.000,9999999.000,0.000,1.000,0.000,0,0,0,4,4,0,0,4,0.0,0.0,0.0,0.0,0.0,1.0
"G[2,2]((AlbCreatRat_mggNew <= 9.872 & GFR >= 0.000) | BUN <= 0.000)
",0.000,0.000,0.000,1.000,0.000,0,0,4,0,0,4,4,0,0.0,0.0,1.0,0.0,0.0,1.0
"G[1,2]((bmi <= 8.813 & AlbCreatRat_mggNew <= 8.412) | AlbCreatRat_mggNew >= 3.103)
",9999999.000,9999999.000,0.000,1.000,0.000,0,0,4,0,0,4,4,0,0.0,0.0,1.0,0.0,0.0,1.0
"G[0,2](Pt_GrandparentT1D >= 0.000 -> Pt_GrandparentT1D <= 0.000)
",9999999.000,9999999.000,0.000,1.000,0.000,0,0,4,0,0,4,4,0,0.0,0.0,1.0,0.0,0.0,1.0
"G[1,2](AlbCreatRat_mggNew >= 0.815 & Pt_A1cGoalLevelDsYr5 >= 0.000)
",9999999.000,9999999.000,0.000,1.000,0.000,0,0,4,0,0,4,4,0,0.0,0.0,1.0,0.0,0.0,1.0
"G[1,2](((UnitsInsBasalOrLongAct <= 25.492 & HeightCm <= 151.570) | bmiPerc >= 31.469) -> SMBGperDayPtMeterCombo <= 84.487)
",9999999.000,9999999.000,0.000,1.000,0.000,0,0,4,0,0,4,4,0,0.0,0.0,1.0,0.0,0.0,1.0
"G[0,1](((Pt_A1cGoalLev <= 3.377 -> TotalDailyInsPerKg >= 0.040) -> Pt_DKAFlg <= 0.361) -> BUN >= 0.039)
",9999999.000,9999999.000,0.000,1.000,0.000,0,0,0,4,4,0,0,4,0.0,0.0,0.0,0.0,0.0,1.0
"G[0,2](((LDL >= 7.557 & BGTestAvgNumMeter <= 5.282) | DirectLDL <= 3.430) | BUN <= 5.941)
",9999999.000,9999999.000,0.000,1.000,0.000,0,0,4,0,0,4,4,0,0.0,0.0,1.0,0.0,0.0,1.0
"G[1,2](Pt_A1cGoalLevelDsYr5 >= 0.000 | BldPrDia >= 80.422)
",9999999.000,9999999.000,0.000,1.000,0.000,0,0,4,0,0,4,4,0,0.0,0.0,1.0,0.0,0.0,1.0
"G[1,2](HDL >= 8.655 -> age >= 25.547)
",9999999.000,9999999.000,0.000,1.000,0.000,0,0,4,0,0,4,4,0,0.0,0.0,1.0,0.0,0.0,1.0
"G[2,2](((UnitsInsBasalOrLongAct >= 6.208 & AlbCreatRat_mggNew <= 7.699) | bmiPerc <= 7.488) -> LDL <= 8.910)
",-8.910,-8.910,0.000,1.000,0.000,0,0,4,0,0,4,4,0,0.0,0.0,1.0,0.0,0.0,1.0
"G[1,2]((Pt_CGMUseNumDays <= 0.000 | BUN <= 0.000) & SMBGperDayPtMeterCombo >= 0.000)
",9999999.000,9999999.000,0.000,1.000,0.000,0,0,4,0,0,4,4,0,0.0,0.0,1.0,0.0,0.0,1.0
"G[2,2]((DirectLDL >= 0.333 | Pt_SiblingT1D <= 0.000) | Triglyc >= 0.000)
",0.000,0.000,0.000,1.000,0.000,0,0,4,0,0,4,4,0,0.0,0.0,1.0,0.0,0.0,1.0
"G[1,2](((Pt_A1cGoalLev <= 4.793 | TSH >= 0.000) -> HbA1c <= 0.000) -> Pt_A1cGoalLevelDsYr5 >= 0.000)
",9999999.000,9999999.000,0.000,1.000,0.000,0,0,4,0,0,4,4,0,0.0,0.0,1.0,0.0,0.0,1.0
"G[1,2](((Pt_A1cGoalLevelDsYr5 <= 0.000 -> Pt_A1cGoalLevelDsYr5 >= 0.000) -> AlbCreatRat_mggNew <= 0.000) & diagAgeCombo >= 0.000)
",9999999.000,9999999.000,0.000,1.000,0.000,0,0,1,3,3,1,1,3,0.0,0.0,1.0,0.0,0.0,1.0
"G[0,2]((BGTestAvgNumPtRep <= 5.288 | AlbCreatRat_mggNew <= 7.432) & Pt_ChildT1D <= 8.492)
",9999999.000,9999999.000,0.000,1.000,0.000,0,0,2,2,2,2,2,2,0.0,0.0,1.0,0.0,0.0,1.0
"G[1,2]((TotChol >= 0.000 & Triglyc >= 22.010) -> HDL >= 15.388)
",9999999.000,9999999.000,0.000,1.000,0.000,0,0,4,0,0,4,4,0,0.0,0.0,1.0,0.0,0.0,1.0
"G[0,2](Pt_ChildT1D >= 0.000 -> GFR <= 0.000)
",9999999.000,9999999.000,0.000,1.000,0.000,0,0,4,0,0,4,4,0,0.0,0.0,1.0,0.0,0.0,1.0
"G[0,2](((DirectLDL >= 0.367 | bmi <= 15.165) | diabDur >= 1.291) -> HeightCm <= 16.020)
",9999999.000,9999999.000,0.000,1.000,0.000,0,0,2,2,2,2,2,2,0.0,0.0,1.0,0.0,0.0,1.0
"G[1,2]((diabDur <= 13.745 & Pt_A1cGoalLev >= 0.196) -> Triglyc <= 2.797)
",9999999.000,9999999.000,0.000,1.000,0.000,0,0,4,0,0,4,4,0,0.0,0.0,1.0,0.0,0.0,1.0
"G[2,2](((TSH >= 0.000 -> BGTestAvgNumPtRep >= 3.743) | AlbCreatRat_mggNew <= 6.634) -> age <= 6.035)
",-6.634,-6.634,0.000,1.000,0.000,0,0,4,0,0,4,4,0,0.0,0.0,1.0,0.0,0.0,1.0
"G[0,2](((DirectLDL >= 0.279 -> TSH <= 0.000) & Pt_DKAFlg >= 0.000) & BUN >= 0.000)
",9999999.000,9999999.000,0.000,1.000,0.000,0,0,4,0,0,4,4,0,0.0,0.0,1.0,0.0,0.0,1.0
"G[2,2](LDL >= 8.223 -> Pt_A1cGoalLev <= 2.272)
",-2.272,-2.272,0.000,1.000,0.000,0,0,4,0,0,4,4,0,0.0,0.0,1.0,0.0,0.0,1.0
"G[0,2](((Pt_SHFlg <= 0.000 -> WeightKg >= 1.921) | diabDur <= 49.393) -> Pt_ChildT1D <= 44.506)
",9999999.000,9999999.000,0.000,1.000,0.000,0,0,4,0,0,4,4,0,0.0,0.0,1.0,0.0,0.0,1.0
"G[1,2]((GFR >= 0.000 & Pt_SHFlg <= 0.000) -> HbA1c >= 0.000)
",9999999.000,9999999.000,0.000,1.000,0.000,0,0,4,0,0,4,4,0,0.0,0.0,1.0,0.0,0.0,1.0
"G[1,2](Pt_InsGov <= 0.000 -> Pt_SHFlg >= 0.000)
",9999999.000,9999999.000,0.000,1.000,0.000,0,0,4,0,0,4,4,0,0.0,0.0,1.0,0.0,0.0,1.0
"G[0,2](Pt_FatherT1D >= 0.000 | GFR >= 0.000)
",9999999.000,9999999.000,0.000,1.000,0.000,0,0,4,0,0,4,4,0,0.0,0.0,1.0,0.0,0.0,1.0
"G[1,2]((SMBGperDayPtMeterCombo >= 0.685 | Pt_GrandparentT1D >= 0.000) & HDL <= 0.000)
",9999999.000,9999999.000,0.000,1.000,0.000,0,0,3,1,1,3,3,1,0.0,0.0,1.0,0.0,0.0,1.0
"G[0,2]((age <= 27.468 & BldPrDia <= 87.913) & Pt_DKAFlg >= 81.612)
",9999999.000,9999999.000,0.000,1.000,0.000,0,0,0,4,4,0,0,4,0.0,0.0,0.0,0.0,0.0,1.0
"G[1,1](((Pt_InsGov <= 0.000 & age <= 29.253) -> HeightCm >= 25.839) & Pt_GrandparentT1D >= 27.110)
",-27.110,-27.110,0.000,1.000,0.000,0,0,1,3,3,1,1,3,0.0,0.0,1.0,0.0,0.0,1.0
"G[0,1](((WeightKg >= 13.471 | BGTestAvgNumMeter >= 0.677) | WeightKg <= 4.542) & GFR >= 0.861)
",9999999.000,9999999.000,0.000,1.000,0.000,0,0,0,4,4,0,0,4,0.0,0.0,0.0,0.0,0.0,1.0
"G[1,2](BldPrDia <= 84.982 | BGTestAvgNumPtRep >= 4.308)
",9999999.000,9999999.000,0.000,1.000,0.000,0,0,3,1,1,3,3,1,0.0,0.0,1.0,0.0,0.0,1.0
"G[0,2]((HDL >= 16.842 & Pt_ChildT1D <= 0.000) -> BldPrDia <= 0.000)
",9999999.000,9999999.000,0.000,1.000,0.000,0,0,2,2,2,2,2,2,0.0,0.0,1.0,0.0,0.0,1.0
"G[1,2](((Pt_SiblingT1D >= 0.000 & Pt_InsGov >= 0.000) -> NumPumpBolusOrShortAct <= 0.000) | Pt_SHFlg >= 0.000)
",9999999.000,9999999.000,0.000,1.000,0.000,0,0,4,0,0,4,4,0,0.0,0.0,1.0,0.0,0.0,1.0
"G[0,2]((bmiPerc >= 0.000 -> LDL >= 19.427) & HDL <= 101.457)
",9999999.000,9999999.000,0.000,1.000,0.000,0,0,3,1,1,3,3,1,0.0,0.0,1.0,0.0,0.0,1.0
"G[0,2](((Pt_FatherT1D <= 0.000 -> Pt_ChildT1D <= 0.000) & Pt_CGMUseNumDays <= 0.000) | TSH >= 0.000)
",9999999.000,9999999.000,0.000,1.000,0.000,0,0,4,0,0,4,4,0,0.0,0.0,1.0,0.0,0.0,1.0
"G[0,0](((diagAgeCombo >= 15.000 & HbA1cImputeDtMnC >= 30.493) -> GFR >= 13.119) & BGTestAvgNumMeter >= 14.841)
",32.597,13.410,0.000,1.000,0.000,0,0,0,4,4,0,0,4,0.0,0.0,0.0,0.0,0.0,1.0
"G[1,2]((SMBGperDayPtMeterCombo <= 5.714 & BldPrSys <= 148.901) -> diabDur >= 123.730)
",9999999.000,9999999.000,0.000,1.000,0.000,0,0,3,1,1,3,3,1,0.0,0.0,1.0,0.0,0.0,1.0
"G[0,1](((BGTestAvgNumPtRep >= 1.108 -> HDL >= 5.783) -> TotChol >= 7.078) & BldPrDia >= 11.375)
",9999999.000,9999999.000,0.000,1.000,0.000,0,0,1,3,3,1,1,3,0.0,0.0,1.0,0.0,0.0,1.0
"G[2,2](((Pt_GrandchildT1D <= 0.000 & Pt_DKAFlg <= 0.000) -> GFR >= 0.000) | Pt_InsGov <= 0.000)
",0.000,0.000,0.000,1.000,0.000,0,0,4,0,0,4,4,0,0.0,0.0,1.0,0.0,0.0,1.0
"G[1,2](((age >= 27.114 -> DirectLDL <= 0.905) | BGTestAvgNumMeter <= 0.888) -> AutonomicNeuroCl >= 0.169)
",9999999.000,9999999.000,0.000,1.000,0.000,0,0,1,3,3,1,1,3,0.0,0.0,1.0,0.0,0.0,1.0
"G[2,2](BldPrSys > 133.523 -> Pt_SHFlg = 0.000)
",0.000,0.000,0.000,1.000,0.000,0,0,4,0,0,4,4,0,0.0,0.0,1.0,0.0,0.0,1.0
"G[1,2](((HeightCm >= 25.572 & WeightKg >= 20.721) | TotalDailyInsPerKg >= 18.735) | GFR <= 71.656)
",9999999.000,9999999.000,0.000,1.000,0.000,0,0,4,0,0,4,4,0,0.0,0.0,1.0,0.0,0.0,1.0
"G[0,2]((age >= 25.677 -> HbA1cImputeDtMnC >= 10.601) | GFR >= 16.410)
",9999999.000,9999999.000,0.000,1.000,0.000,0,0,4,0,0,4,4,0,0.0,0.0,1.0,0.0,0.0,1.0
"G[0,2](BGTestAvgNumPtRep >= 4.061 -> SMBGperDayPtMeterCombo <= 7.787)
",9999999.000,9999999.000,0.000,1.000,0.000,0,0,3,1,1,3,3,1,0.0,0.0,1.0,0.0,0.0,1.0
"G[1,2]((BldPrSys <= 170.841 -> LDL >= 28.383) & Pt_SHFlg <= 92.675)
",9999999.000,9999999.000,0.000,1.000,0.000,0,0,4,0,0,4,4,0,0.0,0.0,1.0,0.0,0.0,1.0
"G[1,2](BldPrSys <= 173.069 & diabDur <= 12.816)
",9999999.000,9999999.000,0.000,1.000,0.000,0,0,2,2,2,2,2,2,0.0,0.0,1.0,0.0,0.0,1.0
"G[0,2](BGTestAvgNumMeter >= 1.007 | HbA1c <= 7.777)
",9999999.000,9999999.000,0.000,1.000,0.000,0,0,2,2,2,2,2,2,0.0,0.0,1.0,0.0,0.0,1.0
"G[1,2](DirectLDL >= 0.323 | Triglyc >= 2.841)
",9999999.000,9999999.000,0.000,1.000,0.000,0,0,4,0,0,4,4,0,0.0,0.0,1.0,0.0,0.0,1.0
"G[1,2](((HbA1c >= 6.920 & HeightCm >= 44.117) | Triglyc >= 41.147) -> Pt_GrandchildT1D >= 35.582)
",9999999.000,9999999.000,0.000,1.000,0.000,0,0,3,1,1,3,3,1,0.0,0.0,1.0,0.0,0.0,1.0
"G[1,1](BldPrDia <= 86.030 & BldPrSys >= 142.615)
",-142.615,-142.615,0.000,1.000,0.000,0,0,1,3,3,1,1,3,0.0,0.0,1.0,0.0,0.0,1.0
"G[2,2]((NumPumpBolusOrShortAct >= 0.220 -> WeightKg <= 69.878) | HbA1cImputeDtMnC >= 7.599)
",-7.599,-7.599,0.000,1.000,0.000,0,0,4,0,0,4,4,0,0.0,0.0,1.0,0.0,0.0,1.0
"G[1,2]((BldPrDia >= 81.155 & HeightCm <= 155.332) & Pt_A1cGoalLev <= 51.740)
",9999999.000,9999999.000,0.000,1.000,0.000,0,0,3,1,1,3,3,1,0.0,0.0,1.0,0.0,0.0,1.0
"G[1,2](((BldPrDia >= 80.696 -> bmi >= 0.965) & AutonomicNeuroCl <= 16.448) & BGTestAvgNumMeter <= 18.530)
",9999999.000,9999999.000,0.000,1.000,0.000,0,0,2,2,2,2,2,2,0.0,0.0,1.0,0.0,0.0,1.0
"G[1,2]((TotalDailyInsPerKg >= 0.028 -> UnitsInsBasalOrLongAct >= 21.008) | diagAgeCombo >= 10.686)
",9999999.000,9999999.000,0.000,1.000,0.000,0,0,4,0,0,4,4,0,0.0,0.0,1.0,0.0,0.0,1.0
"G[2,2](((Pt_A1cGoalLev <= 0.970 & UnitsInsBasalOrLongAct >= 12.435) | BGTestAvgNumPtRep >= 19.969) & HbA1cImputeDtMnC <= 29.810)
",-7000494396062979.000,-12.435,0.000,1.000,0.000,0,0,4,0,0,4,4,0,0.0,0.0,1.0,0.0,0.0,1.0
"G[1,2](((BldPrSys <= 154.086 | Triglyc <= 25.146) -> LDL >= 18.053) & TotalDailyInsPerKg >= 3.033)
",9999999.000,9999999.000,0.000,1.000,0.000,0,0,1,3,3,1,1,3,0.0,0.0,1.0,0.0,0.0,1.0
"G[1,2]((HbA1cImputeDtMnC >= 16.649 & Triglyc <= 47.440) | AutonomicNeuroCl <= 31.016)
",9999999.000,9999999.000,0.000,1.000,0.000,0,0,4,0,0,4,4,0,0.0,0.0,1.0,0.0,0.0,1.0
"G[1,2](HbA1cImputeDtMnC >= 21.128 -> LDL >= 14.071)
",9999999.000,9999999.000,0.000,1.000,0.000,0,0,4,0,0,4,4,0,0.0,0.0,1.0,0.0,0.0,1.0
"G[1,2](AlbCreatRat_mggNew <= 9.282 & BGTestAvgNumMeter >= 0.272)
",9999999.000,9999999.000,0.000,1.000,0.000,0,0,1,3,3,1,1,3,0.0,0.0,1.0,0.0,0.0,1.0
"G[1,2]((diabDur >= 11.946 -> TotalDailyInsPerKg >= 0.062) -> HeightCm <= 0.165)
",9999999.000,9999999.000,0.000,1.000,0.000,0,0,4,0,0,4,4,0,0.0,0.0,1.0,0.0,0.0,1.0
"G[1,2](BGTestAvgNumMeter <= 4.398 -> Triglyc <= 36.388)
",9999999.000,9999999.000,0.000,1.000,0.000,0,0,3,1,1,3,3,1,0.0,0.0,1.0,0.0,0.0,1.0
"G[0,2]((HbA1cImputeDtMnC <= 38.844 | HDL >= 11.921) | Pt_ChildT1D >= 2.884)
",9999999.000,9999999.000,0.000,1.000,0.000,0,0,2,2,2,2,2,2,0.0,0.0,1.0,0.0,0.0,1.0
"G[0,0]((TotalDailyInsPerKg <= 0.615 & Triglyc >= 3.391) & Pt_SiblingT1D >= 20.698)
",-20.698,-20.698,0.000,1.000,0.000,0,0,0,4,4,0,0,4,0.0,0.0,0.0,0.0,0.0,1.0
"G[1,2](BGTestAvgNumMeter > 0.915 -> Pt_SHFlg = 0.000)
",9999999.000,9999999.000,0.000,1.000,0.000,0,0,4,0,0,4,4,0,0.0,0.0,1.0,0.0,0.0,1.0
"G[0,2](age < 28.777 & Pt_SHFlg = 0.000)
",9999999.000,9999999.000,0.000,1.000,0.000,0,0,2,2,2,2,2,2,0.0,0.0,1.0,0.0,0.0,1.0
"G[0,2](Pt_SiblingT1D > 0.000 & Pt_SHFlg = 0.000)
",9999999.000,9999999.000,0.000,1.000,0.000,0,0,0,4,4,0,0,4,0.0,0.0,0.0,0.0,0.0,1.0
"G[1,2](SMBGperDayPtMeterCombo >= 3.075 & BGTestAvgNumPtRep >= 1.467)
",9999999.000,9999999.000,0.000,1.000,0.000,0,0,3,1,1,3,3,1,0.0,0.0,1.0,0.0,0.0,1.0
"G[2,2]((WeightKg >= 14.450 | bmi >= 5.925) -> UnitsInsBasalOrLongAct <= 35.227)
",-35.227,-35.227,0.000,1.000,0.000,0,0,4,0,0,4,4,0,0.0,0.0,1.0,0.0,0.0,1.0
"G[0,2]((WeightKg >= 10.165 | bmi >= 4.151) -> UnitsInsBasalOrLongAct <= 33.867)
",9999999.000,9999999.000,0.000,1.000,0.000,0,0,3,1,1,3,3,1,0.0,0.0,1.0,0.0,0.0,1.0
"G[1,2](SMBGperDayPtMeterCombo >= 0.758 & BGTestAvgNumPtRep >= 4.576)
",9999999.000,9999999.000,0.000,1.000,0.000,0,0,3,1,1,3,3,1,0.0,0.0,1.0,0.0,0.0,1.0
"G[0,2](GFR <= 0.000 -> BUN >= 0.000)
",9999999.000,9999999.000,0.000,1.000,0.000,0,0,4,0,0,4,4,0,0.0,0.0,1.0,0.0,0.0,1.0
"G[1,2](SMBGperDayPtMeterCombo >= 0.247 & BGTestAvgNumPtRep >= 3.235)
",9999999.000,9999999.000,0.000,1.000,0.000,0,0,3,1,1,3,3,1,0.0,0.0,1.0,0.0,0.0,1.0
"G[2,2](GFR <= 0.000 -> BUN >= 0.000)
",0.000,0.000,0.000,1.000,0.000,0,0,4,0,0,4,4,0,0.0,0.0,1.0,0.0,0.0,1.0
"G[2,2]((WeightKg >= 11.160 | bmi >= 6.023) -> UnitsInsBasalOrLongAct <= 36.794)
",-36.794,-36.794,0.000,1.000,0.000,0,0,4,0,0,4,4,0,0.0,0.0,1.0,0.0,0.0,1.0
"G[2,2](GFR <= 0.000 -> BUN >= 0.000)
",0.000,0.000,0.000,1.000,0.000,0,0,4,0,0,4,4,0,0.0,0.0,1.0,0.0,0.0,1.0
"G[2,2](SMBGperDayPtMeterCombo >= 3.384 & BGTestAvgNumPtRep >= 2.203)
",-3.384,-3.384,0.000,1.000,0.000,0,0,4,0,0,4,4,0,0.0,0.0,1.0,0.0,0.0,1.0
"G[1,2]((WeightKg >= 15.257 | bmi >= 0.622) -> UnitsInsBasalOrLongAct <= 26.072)
",9999999.000,9999999.000,0.000,1.000,0.000,0,0,4,0,0,4,4,0,0.0,0.0,1.0,0.0,0.0,1.0
"G[0,2](SMBGperDayPtMeterCombo >= 0.850 & BGTestAvgNumPtRep >= 3.325)
",9999999.000,9999999.000,0.000,1.000,0.000,0,0,2,2,2,2,2,2,0.0,0.0,1.0,0.0,0.0,1.0
"G[2,2](Pt_DKAFlg < 0.000 -> Pt_SHFlg = 0.000)
",0.000,0.000,0.000,1.000,0.000,0,0,4,0,0,4,4,0,0.0,0.0,1.0,0.0,0.0,1.0
"G[1,2](GFR <= 0.000 -> BUN >= 0.000)
",9999999.000,9999999.000,0.000,1.000,0.000,0,0,4,0,0,4,4,0,0.0,0.0,1.0,0.0,0.0,1.0
"G[1,2]((WeightKg >= 3.033 | bmi >= 4.786) -> UnitsInsBasalOrLongAct <= 28.818)
",9999999.000,9999999.000,0.000,1.000,0.000,0,0,4,0,0,4,4,0,0.0,0.0,1.0,0.0,0.0,1.0
"G[0,2](GFR <= 0.000 -> Pt_SHFlg = 0.000)
",9999999.000,9999999.000,0.000,1.000,0.000,0,0,4,0,0,4,4,0,0.0,0.0,1.0,0.0,0.0,1.0
"G[1,2](Pt_A1cGoalLev >= 0.766 -> Pt_SHFlg = 0.000)
",9999999.000,9999999.000,0.000,1.000,0.000,0,0,4,0,0,4,4,0,0.0,0.0,1.0,0.0,0.0,1.0
"G[0,2](Pt_DKAFlg > 0.000 & Pt_SHFlg = 0.000)
",9999999.000,9999999.000,0.000,1.000,0.000,0,0,0,4,4,0,0,4,0.0,0.0,0.0,0.0,0.0,1.0
"G[1,2](Pt_SHFlg >= 0.000 -> Pt_SHFlg = 0.000)
",9999999.000,9999999.000,0.000,1.000,0.000,0,0,4,0,0,4,4,0,0.0,0.0,1.0,0.0,0.0,1.0
"G[2,2](Pt_MotherT1D > 0.000 & Pt_SHFlg = 0.000)
",0.000,0.000,0.000,1.000,0.000,0,0,4,0,0,4,4,0,0.0,0.0,1.0,0.0,0.0,1.0
"G[0,2](diabDur <= 12.598 & Pt_SHFlg = 0.000)
",9999999.000,9999999.000,0.000,1.000,0.000,0,0,1,3,3,1,1,3,0.0,0.0,1.0,0.0,0.0,1.0
"G[1,2](Pt_InsGov >= 0.000 & Pt_SHFlg = 0.000)
",9999999.000,9999999.000,0.000,1.000,0.000,0,0,4,0,0,4,4,0,0.0,0.0,1.0,0.0,0.0,1.0
"G[1,2](diagAgeCombo > 15.000 & Pt_SHFlg = 0.000)
",9999999.000,9999999.000,0.000,1.000,0.000,0,0,1,3,3,1,1,3,0.0,0.0,1.0,0.0,0.0,1.0
"G[2,2](((BldPrSys <= 160.975 & UnitsInsBasalOrLongAct >= 6.087) -> SMBGperDayPtMeterCombo >= 14.132) -> UnitsInsBasalOrLongAct <= 35.449)
",-35.449,-35.449,0.000,1.000,0.000,0,0,4,0,0,4,4,0,0.0,0.0,1.0,0.0,0.0,1.0
"G[0,2]((BldPrDia >= 82.282 -> LDL <= 91.067) -> Pt_MotherT1D <= 100.437)
",9999999.000,9999999.000,0.000,1.000,0.000,0,0,4,0,0,4,4,0,0.0,0.0,1.0,0.0,0.0,1.0
"G[1,2]((BldPrDia <= 86.029 & SMBGperDayPtMeterCombo >= 2.258) | Pt_FatherT1D <= 6.683)
",9999999.000,9999999.000,0.000,1.000,0.000,0,0,4,0,0,4,4,0,0.0,0.0,1.0,0.0,0.0,1.0
"G[1,2](DirectLDL <= 0.686 -> UnitsInsBasalOrLongAct <= 25.487)
",9999999.000,9999999.000,0.000,1.000,0.000,0,0,3,1,1,3,3,1,0.0,0.0,1.0,0.0,0.0,1.0
"G[1,2](((bmiZscore >= -0.462 -> LDL <= 106.674) | diagAgeCombo <= 93.086) | bmiPerc <= 92.431)
",9999999.000,9999999.000,0.000,1.000,0.000,0,0,4,0,0,4,4,0,0.0,0.0,1.0,0.0,0.0,1.0
"G[1,2]((HeightCm >= 42.817 -> Triglyc >= 8.876) & Pt_SHFlg <= 38.978)
",9999999.000,9999999.000,0.000,1.000,0.000,0,0,4,0,0,4,4,0,0.0,0.0,1.0,0.0,0.0,1.0
"G[0,2]((BldPrDia <= 86.319 | Pt_A1cGoalLev <= 4.459) -> Pt_ChildT1D <= 5.196)
",9999999.000,9999999.000,0.000,1.000,0.000,0,0,4,0,0,4,4,0,0.0,0.0,1.0,0.0,0.0,1.0
"G[1,2](((age <= 29.073 | BGTestAvgNumPtRep >= 1.491) & Pt_InsGov <= 7.493) | HDL >= 3.613)
",9999999.000,9999999.000,0.000,1.000,0.000,0,0,4,0,0,4,4,0,0.0,0.0,1.0,0.0,0.0,1.0
"G[2,2]((BGTestAvgNumPtRep <= 6.906 | diabDur >= 11.658) | WeightKg >= 10.728)
",6.906,6.906,0.000,1.000,0.000,0,0,4,0,0,4,4,0,0.0,0.0,1.0,0.0,0.0,1.0
"G[0,2](GFR <= 0.000 -> BUN >= 0.000)
",9999999.000,9999999.000,0.000,1.000,0.000,0,0,4,0,0,4,4,0,0.0,0.0,1.0,0.0,0.0,1.0
"G[0,0]((HbA1cImputeDtMnC <= 54.760 & SMBGperDayPtMeterCombo <= 7.733) & age <= 5.948)
",-26.257,-74.267,0.000,1.000,0.000,0,0,0,4,4,0,0,4,0.0,0.0,0.0,0.0,0.0,1.0
"G[1,2](((age >= 26.051 & DirectLDL >= 0.085) & UnitsInsBasalOrLongAct >= 0.392) -> diabDur <= 0.438)
",9999999.000,9999999.000,0.000,1.000,0.000,0,0,3,1,1,3,3,1,0.0,0.0,1.0,0.0,0.0,1.0
"G[0,2]((HbA1c <= 7.928 & Pt_A1cGoalLev >= 0.478) | AlbCreatRat_mggNew >= 0.515)
",9999999.000,9999999.000,0.000,1.000,0.000,0,0,3,1,1,3,3,1,0.0,0.0,1.0,0.0,0.0,1.0
"G[0,2](HbA1c >= 7.097 & Triglyc >= 9.716)
",9999999.000,9999999.000,0.000,1.000,0.000,0,0,1,3,3,1,1,3,0.0,0.0,1.0,0.0,0.0,1.0
"G[1,2]((BldPrSys >= 142.129 & Pt_GrandchildT1D >= 0.000) | Triglyc <= 0.000)
",9999999.000,9999999.000,0.000,1.000,0.000,0,0,3,1,1,3,3,1,0.0,0.0,1.0,0.0,0.0,1.0
"G[0,2](((DirectLDL >= 0.187 | HbA1cImputeDtMnC >= 7.942) & Pt_GrandchildT1D <= 37.238) -> Pt_FatherT1D <= 32.818)
",9999999.000,9999999.000,0.000,1.000,0.000,0,0,4,0,0,4,4,0,0.0,0.0,1.0,0.0,0.0,1.0
"G[0,2]((AlbCreatRat_mggNew >= 1.768 & BGTestAvgNumPtRep <= 7.513) | Triglyc >= 2.661)
",9999999.000,9999999.000,0.000,1.000,0.000,0,0,2,2,2,2,2,2,0.0,0.0,1.0,0.0,0.0,1.0
"G[0,1]((AutonomicNeuroCl >= 0.000 | WeightKg <= 22.657) & Pt_A1cGoalLev >= 20.486)
",9999999.000,9999999.000,0.000,1.000,0.000,0,0,0,4,4,0,0,4,0.0,0.0,0.0,0.0,0.0,1.0
"G[2,2](TotalDailyInsPerKg <= 0.489 & BldPrSys <= 162.072)
",0.489,0.489,0.000,1.000,0.000,0,0,4,0,0,4,4,0,0.0,0.0,1.0,0.0,0.0,1.0
"G[0,0](((HDL >= 4.629 & WeightKg >= 11.032) | Pt_A1cGoalLevelDsYr5 >= 18.155) & HDL <= 31.027)
",-1.522,-52.858,0.000,1.000,0.000,0,0,0,4,4,0,0,4,0.0,0.0,0.0,0.0,0.0,1.0
"G[1,2](((BldPrSys <= 148.326 & UnitsInsBasalOrLongAct <= 36.715) & WeightKg >= 8.347) -> BldPrDia <= 32.066)
",9999999.000,9999999.000,0.000,1.000,0.000,0,0,4,0,0,4,4,0,0.0,0.0,1.0,0.0,0.0,1.0
"G[0,2](BldPrDia >= 80.936 | bmi >= 1.849)
",9999999.000,9999999.000,0.000,1.000,0.000,0,0,3,1,1,3,3,1,0.0,0.0,1.0,0.0,0.0,1.0
"G[1,2](Pt_GrandchildT1D <= 0.000 -> UnitsInsBasalOrLongAct <= 29.176)
",9999999.000,9999999.000,0.000,1.000,0.000,0,0,2,2,2,2,2,2,0.0,0.0,1.0,0.0,0.0,1.0
"G[2,2]((diabDur >= 12.376 -> Pt_SHFlg >= 0.000) | WeightKg <= 0.000)
",0.000,0.000,0.000,1.000,0.000,0,0,4,0,0,4,4,0,0.0,0.0,1.0,0.0,0.0,1.0
"G[0,1]((Pt_FatherT1D >= 0.000 & Pt_A1cGoalLev >= 0.546) & SMBGperDayPtMeterCombo >= 0.104)
",9999999.000,9999999.000,0.000,1.000,0.000,0,0,0,4,4,0,0,4,0.0,0.0,0.0,0.0,0.0,1.0
"G[2,2]((Pt_A1cGoalLev <= 6.096 & diagAgeCombo >= 15.000) -> Pt_GrandparentT1D <= 15.000)
",-15.000,-15.000,0.000,1.000,0.000,0,0,4,0,0,4,4,0,0.0,0.0,1.0,0.0,0.0,1.0
"G[2,2](((HDL <= 18.605 | WeightKg <= 39.220) -> diagAgeCombo >= 5.737) & LDL <= 73.924)
",-39.220,-39.220,0.000,1.000,0.000,0,0,4,0,0,4,4,0,0.0,0.0,1.0,0.0,0.0,1.0
"G[2,2]((BGTestAvgNumPtRep >= 0.295 | TotalDailyInsPerKg <= 0.468) | Triglyc <= 0.447)
",8423764784032803.000,0.468,0.000,1.000,0.000,0,0,4,0,0,4,4,0,0.0,0.0,1.0,0.0,0.0,1.0
"G[0,1](BldPrDia >= 80.045 & Triglyc <= 55.399)
",9999999.000,9999999.000,0.000,1.000,0.000,0,0,1,3,3,1,1,3,0.0,0.0,1.0,0.0,0.0,1.0
"G[1,1]((bmi <= 10.211 & HbA1cImputeDtMnC >= -1.152) & Pt_GrandparentT1D >= 29.789)
",-8384957111201277.000,-29.789,0.000,1.000,0.000,0,0,1,3,3,1,1,3,0.0,0.0,1.0,0.0,0.0,1.0
"G[1,2](age <= 28.192 -> BldPrDia >= 80.107)
",9999999.000,9999999.000,0.000,1.000,0.000,0,0,3,1,1,3,3,1,0.0,0.0,1.0,0.0,0.0,1.0
"G[0,0]((BGTestAvgNumMeter >= 1.041 -> HeightCm <= 104.850) & Pt_SiblingT1D >= 49.966)
",-3.345,-86.555,0.000,1.000,0.000,0,0,0,4,4,0,0,4,0.0,0.0,0.0,0.0,0.0,1.0
"G[1,1](((BGTestAvgNumPtRep <= 6.321 & BldPrDia >= 80.981) -> BUN <= 84.399) & NumPumpBolusOrShortAct >= 82.022)
",-84.399,-84.399,0.000,1.000,0.000,0,0,1,3,3,1,1,3,0.0,0.0,1.0,0.0,0.0,1.0
"G[0,1]((AlbCreatRat_mggNew >= 2.621 -> HeightCm >= 43.189) & Pt_FatherT1D <= 110.206)
",9999999.000,9999999.000,0.000,1.000,0.000,0,0,0,4,4,0,0,4,0.0,0.0,0.0,0.0,0.0,1.0
"G[0,2]((SMBGperDayPtMeterCombo >= 1.587 | WeightKg >= 11.821) & HeightCm >= 2.635)
",9999999.000,9999999.000,0.000,1.000,0.000,0,0,0,4,4,0,0,4,0.0,0.0,0.0,0.0,0.0,1.0
"G[1,2]((bmi >= 1.808 | SMBGperDayPtMeterCombo >= 3.392) & Triglyc <= 7.837)
",9999999.000,9999999.000,0.000,1.000,0.000,0,0,2,2,2,2,2,2,0.0,0.0,1.0,0.0,0.0,1.0
"G[0,1]((DirectLDL <= 0.465 -> TotalDailyInsPerKg <= 0.482) & diagAgeCombo <= 0.321)
",9999999.000,9999999.000,0.000,1.000,0.000,0,0,0,4,4,0,0,4,0.0,0.0,0.0,0.0,0.0,1.0
"G[0,2]((Pt_A1cGoalLev <= 5.342 & Triglyc <= 48.659) | HbA1cImputeDtMnC >= 8.374)
",9999999.000,9999999.000,0.000,1.000,0.000,0,0,3,1,1,3,3,1,0.0,0.0,1.0,0.0,0.0,1.0
"G[0,2]((HDL >= 11.821 & Pt_A1cGoalLev <= 1.249) -> GFR <= 1.505)
",9999999.000,9999999.000,0.000,1.000,0.000,0,0,4,0,0,4,4,0,0.0,0.0,1.0,0.0,0.0,1.0
"G[0,2](((LDL <= 106.177 -> UnitsInsBasalOrLongAct <= 36.329) -> age >= 0.552) & Pt_InsGov >= 14.453)
",9999999.000,9999999.000,0.000,1.000,0.000,0,0,0,4,4,0,0,4,0.0,0.0,0.0,0.0,0.0,1.0
"G[0,2](bmiZscore <= -0.041 -> Triglyc <= 50.796)
",9999999.000,9999999.000,0.000,1.000,0.000,0,0,3,1,1,3,3,1,0.0,0.0,1.0,0.0,0.0,1.0
"G[1,2](AlbCreatRat_mggNew >= 6.160 | diabDur <= 12.732)
",9999999.000,9999999.000,0.000,1.000,0.000,0,0,3,1,1,3,3,1,0.0,0.0,1.0,0.0,0.0,1.0
"G[0,1](((HbA1cImputeDtMnC <= 31.382 & WeightKg <= 73.070) | UnitsInsBasalOrLongAct <= 40.867) & Pt_MotherT1D >= 13.291)
",9999999.000,9999999.000,0.000,1.000,0.000,0,0,0,4,4,0,0,4,0.0,0.0,0.0,0.0,0.0,1.0
"G[2,2](DirectLDL <= 0.805 | LDL >= 82.471)
",0.805,0.805,0.000,1.000,0.000,0,0,4,0,0,4,4,0,0.0,0.0,1.0,0.0,0.0,1.0
"G[1,2]((BldPrSys <= 184.516 -> Pt_A1cGoalLev >= 0.209) | Pt_GrandparentT1D <= 1.897)
",9999999.000,9999999.000,0.000,1.000,0.000,0,0,4,0,0,4,4,0,0.0,0.0,1.0,0.0,0.0,1.0
"G[1,2]((bmiZscore >= -0.404 & UnitsInsBasalOrLongAct >= 22.157) | bmiZscore <= 25.920)
",9999999.000,9999999.000,0.000,1.000,0.000,0,0,4,0,0,4,4,0,0.0,0.0,1.0,0.0,0.0,1.0
"G[1,2]((HbA1cImputeDtMnC >= 11.344 -> HeightCm >= 23.802) -> diagAgeCombo <= 109.320)
",9999999.000,9999999.000,0.000,1.000,0.000,0,0,4,0,0,4,4,0,0.0,0.0,1.0,0.0,0.0,1.0
"G[0,1](((HeightCm <= 178.181 -> Pt_A1cGoalLev >= 0.724) & bmiZscore >= 0.257) | SMBGperDayPtMeterCombo <= 4.517)
",9999999.000,9999999.000,0.000,1.000,0.000,0,0,0,4,4,0,0,4,0.0,0.0,0.0,0.0,0.0,1.0
"G[0,2]((BGTestAvgNumMeter >= 0.110 & NumPumpBolusOrShortAct >= 0.020) | DirectLDL <= 3.063)
",9999999.000,9999999.000,0.000,1.000,0.000,0,0,4,0,0,4,4,0,0.0,0.0,1.0,0.0,0.0,1.0
"G[1,2]((AlbCreatRat_mggNew >= 3.559 -> SMBGperDayPtMeterCombo <= 5.212) -> bmiPerc >= 2.914)
",9999999.000,9999999.000,0.000,1.000,0.000,0,0,2,2,2,2,2,2,0.0,0.0,1.0,0.0,0.0,1.0
"G[1,2]((BldPrSys <= 152.085 | HeightCm <= 122.291) -> Pt_A1cGoalLevelDsYr5 >= 30.322)
",9999999.000,9999999.000,0.000,1.000,0.000,0,0,1,3,3,1,1,3,0.0,0.0,1.0,0.0,0.0,1.0
"G[0,1](((HDL >= 3.675 | UnitsInsBasalOrLongAct >= 19.456) & Pt_DKAFlg >= 24.188) & Pt_GrandparentT1D <= 30.876)
",9999999.000,9999999.000,0.000,1.000,0.000,0,0,0,4,4,0,0,4,0.0,0.0,0.0,0.0,0.0,1.0
"G[0,1](((BGTestAvgNumPtRep <= 5.175 & Pt_CGMUseNumDays <= 0.000) & Pt_MotherT1D >= 0.000) & SMBGperDayPtMeterCombo >= 0.000)
",9999999.000,9999999.000,0.000,1.000,0.000,0,0,0,4,4,0,0,4,0.0,0.0,0.0,0.0,0.0,1.0
