Rule,Discrimination Score,Pos Robustness,Neg Robustness,Percent Class +,Percent Class -,TP,TN,FP,FN,Actual Yes,Actual No,Predicted Yes,Predicted No,TPR/Sens,TNR/Spec,FPR,Precision,Accuracy,MCR
"G[0,0](Pt_GrandparentT1D >= 0.000 & bmiZscore >= 0.000)
",0.000,0.000,0.000,1.000,0.000,1,0,0,0,1,0,1,0,1.0,0.0,0.0,1.0,2.0,-1.0
"G[0,0]((SMBGperDayPtMeterCombo >= 85.000 -> NumPumpBolusOrShortAct <= 0.000) | TotChol <= 0.000)
",0.000,0.000,0.000,1.000,0.000,1,0,0,0,1,0,1,0,1.0,0.0,0.0,1.0,2.0,-1.0
"G[0,0](((Pt_InsGov >= 0.000 | Pt_FatherT1D <= 0.000) | AlbCreatRat_mggNew >= 0.000) & Pt_GrandchildT1D <= 0.000)
",0.000,0.000,0.000,1.000,0.000,1,0,0,0,1,0,1,0,1.0,0.0,0.0,1.0,2.0,-1.0
"G[0,0]((Pt_GrandchildT1D <= 0.000 & Pt_DKAFlg <= 0.000) -> Pt_DKAFlg >= 0.000)
",0.000,0.000,0.000,1.000,0.000,1,0,0,0,1,0,1,0,1.0,0.0,0.0,1.0,2.0,-1.0
"G[0,0](((Pt_A1cGoalLev >= 31.000 | diabDur >= 47.000) | BGTestAvgNumMeter <= 47.000) & BldPrDia >= 47.000)
",0.000,0.000,0.000,1.000,0.000,1,0,0,0,1,0,1,0,1.0,0.0,0.0,1.0,2.0,-1.0
"G[0,0]((AutonomicNeuroCl <= 10.000 -> Pt_A1cGoalLev <= 31.000) -> Pt_GrandparentT1D <= 31.000)
",0.000,0.000,0.000,1.000,0.000,1,0,0,0,1,0,1,0,1.0,0.0,0.0,1.0,2.0,-1.0
"G[0,0](LDL >= 0.867 -> Pt_MotherT1D >= 0.000)
",0.000,0.000,0.000,1.000,0.000,1,0,0,0,1,0,1,0,1.0,0.0,0.0,1.0,2.0,-1.0
"G[0,0](Pt_GrandparentT1D <= 0.000 -> TotalDailyInsPerKg <= 16.000)
",0.000,0.000,0.000,1.000,0.000,1,0,0,0,1,0,1,0,1.0,0.0,0.0,1.0,2.0,-1.0
"G[0,0](((Triglyc <= 0.000 | diagAgeCombo >= 0.000) & Pt_A1cGoalLev >= 0.000) -> DirectLDL >= 0.000)
",0.000,0.000,0.000,1.000,0.000,1,0,0,0,1,0,1,0,1.0,0.0,0.0,1.0,2.0,-1.0
"G[0,0](NumPumpBolusOrShortAct >= 0.000 | Pt_GrandparentT1D <= 0.000)
",0.000,0.000,0.000,1.000,0.000,1,0,0,0,1,0,1,0,1.0,0.0,0.0,1.0,2.0,-1.0
"G[0,0]((BldPrDia >= 145.000 | SMBGperDayPtMeterCombo <= 85.000) | Pt_GrandchildT1D >= 85.000)
",0.000,0.000,0.000,1.000,0.000,1,0,0,0,1,0,1,0,1.0,0.0,0.0,1.0,2.0,-1.0
"G[0,0](((Pt_MotherT1D <= 0.000 | Pt_DKAFlg >= 0.000) -> Pt_GrandchildT1D >= 0.000) | UnitsInsBasalOrLongAct <= 0.000)
",0.000,0.000,0.000,1.000,0.000,1,0,0,0,1,0,1,0,1.0,0.0,0.0,1.0,2.0,-1.0
"G[0,0](((AutonomicNeuroCl >= 10.000 | WeightKg <= 3.000) -> TSH <= 3.000) & Triglyc >= 3.000)
",0.000,0.000,0.000,1.000,0.000,1,0,0,0,1,0,1,0,1.0,0.0,0.0,1.0,2.0,-1.0
"G[0,0]((GFR <= 0.948 -> AlbCreatRat_mggNew >= 11.000) | Pt_InsGov <= 11.000)
",0.000,0.000,0.000,1.000,0.000,1,0,0,0,1,0,1,0,1.0,0.0,0.0,1.0,2.0,-1.0
"G[0,0](Triglyc <= 0.000 -> Pt_ChildT1D <= 0.000)
",0.000,0.000,0.000,1.000,0.000,1,0,0,0,1,0,1,0,1.0,0.0,0.0,1.0,2.0,-1.0
"G[0,0](((HbA1c >= 0.000 | Pt_GrandparentT1D >= 0.000) | NumPumpBolusOrShortAct <= 0.000) & HbA1cImputeDtMnC <= 0.000)
",0.000,0.000,0.000,1.000,0.000,1,0,0,0,1,0,1,0,1.0,0.0,0.0,1.0,2.0,-1.0
"G[0,0](BGTestAvgNumMeter <= 0.000 & NumPumpBolusOrShortAct >= 0.000)
",0.000,0.000,0.000,1.000,0.000,1,0,0,0,1,0,1,0,1.0,0.0,0.0,1.0,2.0,-1.0
"G[0,0](((DirectLDL >= 152.400 & Pt_GrandparentT1D <= 0.000) & LDL <= 0.000) -> bmiZscore >= 0.000)
",0.000,0.000,0.000,1.000,0.000,1,0,0,0,1,0,1,0,1.0,0.0,0.0,1.0,2.0,-1.0
"G[0,0](BGTestAvgNumMeter >= 0.000 | Pt_DKAFlg <= 0.000)
",0.000,0.000,0.000,1.000,0.000,1,0,0,0,1,0,1,0,1.0,0.0,0.0,1.0,2.0,-1.0
"G[0,0]((TotChol <= 44.000 -> UnitsInsBasalOrLongAct >= 0.000) | HbA1cImputeDtMnC >= 0.000)
",0.000,0.000,0.000,1.000,0.000,1,0,0,0,1,0,1,0,1.0,0.0,0.0,1.0,2.0,-1.0
"G[0,0](((HbA1c >= 0.000 & BGTestAvgNumPtRep >= 0.000) -> Pt_FatherT1D <= 0.000) -> TSH >= 0.000)
",0.000,0.000,0.000,1.000,0.000,1,0,0,0,1,0,1,0,1.0,0.0,0.0,1.0,2.0,-1.0
"G[0,0](((NumPumpBolusOrShortAct >= 0.000 -> Pt_MotherT1D >= 0.000) | bmi <= 0.000) & LDL >= 0.000)
",0.000,0.000,0.000,1.000,0.000,1,0,0,0,1,0,1,0,1.0,0.0,0.0,1.0,2.0,-1.0
"G[0,0]((BldPrDia <= 145.000 & Triglyc >= 0.000) -> diagAgeCombo >= 0.000)
",0.000,0.000,0.000,1.000,0.000,1,0,0,0,1,0,1,0,1.0,0.0,0.0,1.0,2.0,-1.0
"G[0,0](((DirectLDL <= 152.400 & Pt_A1cGoalLevelDsYr5 <= 0.000) & WeightKg >= 0.000) & Pt_InsGov <= 0.000)
",0.000,0.000,0.000,1.000,0.000,1,0,0,0,1,0,1,0,1.0,0.0,0.0,1.0,2.0,-1.0
"G[0,0]((diabDur <= 47.000 | Pt_CGMUseNumDays >= 17209.000) -> BGTestAvgNumMeter <= 17209.000)
",0.000,0.000,0.000,1.000,0.000,1,0,0,0,1,0,1,0,1.0,0.0,0.0,1.0,2.0,-1.0
"G[1,2](((Pt_MotherT1D >= 0.000 & Pt_A1cGoalLev >= 31.000) | Pt_SiblingT1D >= 31.000) -> HbA1c <= 31.000)
",0.000,0.000,0.000,1.000,0.000,0,0,1,0,0,1,1,0,0.0,0.0,1.0,0.0,0.0,1.0
"G[1,2]((bmi <= 0.000 | NumPumpBolusOrShortAct >= 0.000) & AutonomicNeuroCl <= 0.000)
",0.000,0.000,0.000,1.000,0.000,0,0,1,0,0,1,1,0,0.0,0.0,1.0,0.0,0.0,1.0
"G[1,2](((SMBGperDayPtMeterCombo >= 85.000 -> BGTestAvgNumPtRep >= 0.000) | AlbCreatRat_mggNew >= 0.000) | Pt_CGMUseNumDays >= 0.000)
",0.000,0.000,0.000,1.000,0.000,0,0,1,0,0,1,1,0,0.0,0.0,1.0,0.0,0.0,1.0
"G[1,1](((BldPrDia >= 145.000 & DirectLDL <= 152.400) -> HeightCm <= 152.400) | Pt_FatherT1D <= 152.400)
",0.000,0.000,0.000,1.000,0.000,0,0,1,0,0,1,1,0,0.0,0.0,1.0,0.0,0.0,1.0
"G[2,2](bmi <= 0.000 & HDL <= 117.000)
",0.000,0.000,0.000,1.000,0.000,0,0,1,0,0,1,1,0,0.0,0.0,1.0,0.0,0.0,1.0
"G[0,2](Pt_SHFlg <= 0.000 -> BGTestAvgNumMeter >= 0.000)
",0.000,0.000,0.000,1.000,0.000,0,0,1,0,0,1,1,0,0.0,0.0,1.0,0.0,0.0,1.0
"G[1,2](Pt_CGMUseNumDays >= 17209.000 -> Pt_A1cGoalLev >= 31.000)
",0.000,0.000,0.000,1.000,0.000,0,0,1,0,0,1,1,0,0.0,0.0,1.0,0.0,0.0,1.0
"G[1,2](((BGTestAvgNumPtRep <= 0.000 | SMBGperDayPtMeterCombo >= 85.000) | Pt_A1cGoalLev <= 85.000) & Triglyc >= 85.000)
",0.000,0.000,0.000,1.000,0.000,0,0,1,0,0,1,1,0,0.0,0.0,1.0,0.0,0.0,1.0
"G[1,2](((BUN <= 318.000 & GFR >= 0.948) -> age >= 0.948) | HeightCm <= 0.948)
",0.000,0.000,0.000,1.000,0.000,0,0,1,0,0,1,1,0,0.0,0.0,1.0,0.0,0.0,1.0
"G[1,1]((HeightCm >= 91.081 & Pt_FatherT1D <= 0.000) & Pt_MotherT1D <= 0.000)
",0.000,0.000,0.000,1.000,0.000,0,0,1,0,0,1,1,0,0.0,0.0,1.0,0.0,0.0,1.0
"G[0,0](Pt_FatherT1D >= 0.000 & LDL <= 0.867)
",0.000,0.000,0.000,1.000,0.000,0,0,0,1,1,0,0,1,0.0,0.0,0.0,0.0,0.0,1.0
"G[0,2]((Pt_GrandchildT1D >= 0.000 -> Pt_GrandchildT1D <= 0.000) & Pt_A1cGoalLevelDsYr5 <= 0.000)
",0.000,0.000,0.000,1.000,0.000,0,0,1,0,0,1,1,0,0.0,0.0,1.0,0.0,0.0,1.0
"G[1,2]((AutonomicNeuroCl >= 10.000 -> age >= 0.000) & Triglyc >= 0.000)
",0.000,0.000,0.000,1.000,0.000,0,0,1,0,0,1,1,0,0.0,0.0,1.0,0.0,0.0,1.0
"G[0,2](((Pt_ChildT1D <= 0.000 & DirectLDL <= 152.400) | Pt_MotherT1D >= 152.400) & Pt_InsGov <= 152.400)
",0.000,0.000,0.000,1.000,0.000,0,0,1,0,0,1,1,0,0.0,0.0,1.0,0.0,0.0,1.0
"G[0,1](BGTestAvgNumMeter >= 0.000 & Pt_InsGov >= 0.000)
",0.000,0.000,0.000,1.000,0.000,0,0,1,0,0,1,1,0,0.0,0.0,1.0,0.0,0.0,1.0
"G[0,1](((BGTestAvgNumMeter >= 0.000 -> WeightKg >= 3.000) & bmiPerc >= 3.000) -> Pt_ChildT1D <= 3.000)
",0.000,0.000,0.000,1.000,0.000,0,0,1,0,0,1,1,0,0.0,0.0,1.0,0.0,0.0,1.0
"G[0,2](((HDL >= 117.000 & bmi <= 0.000) | diagAgeCombo >= 0.000) -> bmiPerc <= 0.000)
",0.000,0.000,0.000,1.000,0.000,0,0,1,0,0,1,1,0,0.0,0.0,1.0,0.0,0.0,1.0
"G[0,1](BGTestAvgNumMeter >= 0.000 | TotalDailyInsPerKg >= 16.000)
",0.000,0.000,0.000,1.000,0.000,0,0,1,0,0,1,1,0,0.0,0.0,1.0,0.0,0.0,1.0
"G[2,2](((HDL >= 117.000 | Pt_MotherT1D >= 0.000) -> Pt_DKAFlg >= 0.000) & TotChol >= 0.000)
",0.000,0.000,0.000,1.000,0.000,0,0,1,0,0,1,1,0,0.0,0.0,1.0,0.0,0.0,1.0
"G[1,1](BldPrSys >= 1.000 -> TotChol >= 44.000)
",0.000,0.000,0.000,1.000,0.000,0,0,1,0,0,1,1,0,0.0,0.0,1.0,0.0,0.0,1.0
"G[1,1](Pt_ChildT1D <= 0.000 & UnitsInsBasalOrLongAct >= 0.000)
",0.000,0.000,0.000,1.000,0.000,0,0,1,0,0,1,1,0,0.0,0.0,1.0,0.0,0.0,1.0
"G[1,2](bmiZscore <= 0.000 -> HeightCm >= 91.081)
",0.000,0.000,0.000,1.000,0.000,0,0,1,0,0,1,1,0,0.0,0.0,1.0,0.0,0.0,1.0
"G[1,1](((Pt_SHFlg >= 0.000 & BGTestAvgNumMeter <= 0.000) & diabDur <= 0.000) & HbA1cImputeDtMnC <= 0.000)
",0.000,0.000,0.000,1.000,0.000,0,0,1,0,0,1,1,0,0.0,0.0,1.0,0.0,0.0,1.0
"G[0,2](Pt_A1cGoalLevelDsYr5 <= 0.000 -> LDL <= 0.867)
",0.000,0.000,0.000,1.000,0.000,0,0,0,1,1,0,0,1,0.0,0.0,0.0,0.0,0.0,1.0
"G[2,2]((Pt_SiblingT1D <= 0.000 | Triglyc >= 0.000) & HeightCm <= 0.000)
",0.000,0.000,0.000,1.000,0.000,0,0,1,0,0,1,1,0,0.0,0.0,1.0,0.0,0.0,1.0
"G[1,2](((Pt_MotherT1D <= 0.000 & Pt_A1cGoalLev <= 31.000) & diagAgeCombo >= 31.000) | Pt_FatherT1D <= 31.000)
",0.000,0.000,0.000,1.000,0.000,0,0,1,0,0,1,1,0,0.0,0.0,1.0,0.0,0.0,1.0
"G[1,2](((HeightCm <= 91.081 -> bmiPerc <= 39.216) -> AutonomicNeuroCl >= 39.216) | SMBGperDayPtMeterCombo >= 39.216)
",0.000,0.000,0.000,1.000,0.000,0,0,1,0,0,1,1,0,0.0,0.0,1.0,0.0,0.0,1.0
"G[1,2](((BldPrSys <= 1.000 -> Pt_ChildT1D >= 0.000) | Pt_SiblingT1D <= 0.000) -> diagAgeCombo <= 0.000)
",0.000,0.000,0.000,1.000,0.000,0,0,1,0,0,1,1,0,0.0,0.0,1.0,0.0,0.0,1.0
"G[1,2](((BldPrSys <= 1.000 | WeightKg >= 3.000) & Pt_MotherT1D >= 3.000) & Pt_DKAFlg >= 3.000)
",0.000,0.000,0.000,1.000,0.000,0,0,1,0,0,1,1,0,0.0,0.0,1.0,0.0,0.0,1.0
"G[1,2](BldPrSys >= 1.000 -> SMBGperDayPtMeterCombo <= 85.000)
",0.000,0.000,0.000,1.000,0.000,0,0,1,0,0,1,1,0,0.0,0.0,1.0,0.0,0.0,1.0
"G[1,2](((AlbCreatRat_mggNew <= 11.000 | Pt_GrandparentT1D <= 0.000) | AutonomicNeuroCl <= 0.000) & Pt_MotherT1D >= 0.000)
",0.000,0.000,0.000,1.000,0.000,0,0,1,0,0,1,1,0,0.0,0.0,1.0,0.0,0.0,1.0
"G[0,1]((Pt_ChildT1D <= 0.000 | Pt_A1cGoalLev >= 31.000) | Pt_SiblingT1D <= 31.000)
",0.000,0.000,0.000,1.000,0.000,0,0,1,0,0,1,1,0,0.0,0.0,1.0,0.0,0.0,1.0
"G[1,1](((Pt_A1cGoalLevelDsYr5 <= 0.000 & diagAgeCombo <= 0.000) -> diabDur <= 0.000) | bmiPerc >= 0.000)
",0.000,0.000,0.000,1.000,0.000,0,0,1,0,0,1,1,0,0.0,0.0,1.0,0.0,0.0,1.0
"G[0,2](((HDL >= 117.000 -> Pt_GrandchildT1D <= 0.000) -> AlbCreatRat_mggNew >= 0.000) | HbA1c <= 0.000)
",0.000,0.000,0.000,1.000,0.000,0,0,1,0,0,1,1,0,0.0,0.0,1.0,0.0,0.0,1.0
"G[2,2]((bmiPerc >= 39.216 & Pt_A1cGoalLev <= 31.000) & Pt_A1cGoalLevelDsYr5 <= 31.000)
",0.000,0.000,0.000,1.000,0.000,0,0,1,0,0,1,1,0,0.0,0.0,1.0,0.0,0.0,1.0
"G[1,2]((LDL >= 0.867 -> Pt_A1cGoalLevelDsYr5 >= 0.000) | Pt_FatherT1D <= 0.000)
",0.000,0.000,0.000,1.000,0.000,0,0,1,0,0,1,1,0,0.0,0.0,1.0,0.0,0.0,1.0
"G[2,2](((HbA1c <= 0.000 | TSH >= 3.000) | Pt_ChildT1D >= 3.000) | GFR >= 3.000)
",0.000,0.000,0.000,1.000,0.000,0,0,1,0,0,1,1,0,0.0,0.0,1.0,0.0,0.0,1.0
"G[1,2](((BUN <= 318.000 & BldPrSys >= 1.000) & NumPumpBolusOrShortAct >= 1.000) | bmiZscore >= 1.000)
",0.000,0.000,0.000,1.000,0.000,0,0,1,0,0,1,1,0,0.0,0.0,1.0,0.0,0.0,1.0
"G[0,1]((HDL >= 117.000 & Pt_ChildT1D <= 0.000) & bmiZscore <= 0.000)
",0.000,0.000,0.000,1.000,0.000,0,0,0,1,1,0,0,1,0.0,0.0,0.0,0.0,0.0,1.0
"G[0,2](((bmi >= 0.000 | Pt_DKAFlg >= 0.000) -> SMBGperDayPtMeterCombo <= 0.000) | Pt_GrandparentT1D >= 0.000)
",0.000,0.000,0.000,1.000,0.000,0,0,1,0,0,1,1,0,0.0,0.0,1.0,0.0,0.0,1.0
"G[0,2](((HbA1c >= 0.000 & HDL <= 117.000) -> GFR >= 117.000) -> TotChol <= 117.000)
",0.000,0.000,0.000,1.000,0.000,0,0,1,0,0,1,1,0,0.0,0.0,1.0,0.0,0.0,1.0
"G[1,2](((Pt_GrandparentT1D <= 0.000 & BGTestAvgNumMeter >= 0.000) | bmi >= 0.000) & TotalDailyInsPerKg >= 0.000)
",0.000,0.000,0.000,1.000,0.000,0,0,1,0,0,1,1,0,0.0,0.0,1.0,0.0,0.0,1.0
"G[0,1](((TotChol <= 44.000 | AutonomicNeuroCl <= 10.000) | TotalDailyInsPerKg <= 10.000) -> Pt_GrandparentT1D <= 10.000)
",0.000,0.000,0.000,1.000,0.000,0,0,1,0,0,1,1,0,0.0,0.0,1.0,0.0,0.0,1.0
"G[1,2]((diabDur >= 47.000 | SMBGperDayPtMeterCombo >= 85.000) | HeightCm <= 85.000)
",0.000,0.000,0.000,1.000,0.000,0,0,1,0,0,1,1,0,0.0,0.0,1.0,0.0,0.0,1.0
"G[1,2]((Pt_InsGov <= 0.000 -> LDL >= 0.867) -> AutonomicNeuroCl <= 0.867)
",0.000,0.000,0.000,1.000,0.000,0,0,1,0,0,1,1,0,0.0,0.0,1.0,0.0,0.0,1.0
"G[2,2](((diagAgeCombo >= 0.000 -> diagAgeCombo >= 0.000) | Pt_GrandchildT1D >= 0.000) | Pt_SHFlg >= 0.000)
",0.000,0.000,0.000,1.000,0.000,0,0,1,0,0,1,1,0,0.0,0.0,1.0,0.0,0.0,1.0
"G[0,2]((BldPrSys >= 1.000 -> BGTestAvgNumMeter <= 0.000) | BldPrSys <= 0.000)
",0.000,0.000,0.000,1.000,0.000,0,0,1,0,0,1,1,0,0.0,0.0,1.0,0.0,0.0,1.0
"G[0,2](((Pt_GrandchildT1D >= 0.000 & LDL >= 0.867) | SMBGperDayPtMeterCombo >= 0.867) -> BldPrDia <= 0.867)
",0.000,0.000,0.000,1.000,0.000,0,0,0,1,1,0,0,1,0.0,0.0,0.0,0.0,0.0,1.0
"G[0,1]((BldPrSys <= 1.000 | bmiZscore <= 0.000) & Pt_SiblingT1D >= 0.000)
",0.000,0.000,0.000,1.000,0.000,0,0,0,1,1,0,0,1,0.0,0.0,0.0,0.0,0.0,1.0
"G[0,0](((UnitsInsBasalOrLongAct <= 0.000 -> HeightCm <= 91.081) & HbA1c <= 91.081) & Pt_GrandparentT1D <= 91.081)
",0.000,0.000,0.000,1.000,0.000,0,0,0,1,1,0,0,1,0.0,0.0,0.0,0.0,0.0,1.0
"G[0,0](((Pt_SiblingT1D <= 0.000 & Triglyc <= 0.000) & Pt_ChildT1D <= 0.000) & BldPrSys >= 0.000)
",0.000,0.000,0.000,1.000,0.000,0,0,0,1,1,0,0,1,0.0,0.0,0.0,0.0,0.0,1.0
"G[2,2](((LDL <= 0.867 -> diabDur >= 47.000) | bmiPerc <= 47.000) | Pt_SHFlg <= 47.000)
",0.000,0.000,0.000,1.000,0.000,0,0,1,0,0,1,1,0,0.0,0.0,1.0,0.0,0.0,1.0
"G[0,2]((WeightKg <= 3.000 & HbA1cImputeDtMnC >= 4.000) | Pt_SiblingT1D <= 4.000)
",0.000,0.000,0.000,1.000,0.000,0,0,1,0,0,1,1,0,0.0,0.0,1.0,0.0,0.0,1.0
"G[2,2]((Pt_A1cGoalLev <= 31.000 -> NumPumpBolusOrShortAct <= 0.000) -> UnitsInsBasalOrLongAct >= 0.000)
",0.000,0.000,0.000,1.000,0.000,0,0,1,0,0,1,1,0,0.0,0.0,1.0,0.0,0.0,1.0
"G[0,1](((bmiZscore <= 0.000 | bmiPerc <= 39.216) & Pt_GrandparentT1D >= 39.216) | BGTestAvgNumPtRep >= 39.216)
",0.000,0.000,0.000,1.000,0.000,0,0,0,1,1,0,0,1,0.0,0.0,0.0,0.0,0.0,1.0
"G[1,1](((Pt_A1cGoalLevelDsYr5 <= 0.000 -> HDL <= 117.000) & Triglyc >= 117.000) -> HbA1cImputeDtMnC <= 117.000)
",0.000,0.000,0.000,1.000,0.000,0,0,1,0,0,1,1,0,0.0,0.0,1.0,0.0,0.0,1.0
"G[0,1]((SMBGperDayPtMeterCombo <= 85.000 | Pt_MotherT1D >= 0.000) -> BGTestAvgNumPtRep >= 0.000)
",0.000,0.000,0.000,1.000,0.000,0,0,1,0,0,1,1,0,0.0,0.0,1.0,0.0,0.0,1.0
"G[2,2](Pt_MotherT1D <= 0.000 | bmi <= 0.000)
",0.000,0.000,0.000,1.000,0.000,0,0,1,0,0,1,1,0,0.0,0.0,1.0,0.0,0.0,1.0
"G[0,1]((LDL <= 0.867 | BGTestAvgNumPtRep >= 0.000) -> Pt_SHFlg >= 0.000)
",0.000,0.000,0.000,1.000,0.000,0,0,1,0,0,1,1,0,0.0,0.0,1.0,0.0,0.0,1.0
"G[0,1]((BldPrDia >= 145.000 & TotalDailyInsPerKg <= 16.000) & bmiZscore >= 16.000)
",0.000,0.000,0.000,1.000,0.000,0,0,0,1,1,0,0,1,0.0,0.0,0.0,0.0,0.0,1.0
"G[1,2](DirectLDL <= 152.400 -> Pt_A1cGoalLevelDsYr5 <= 0.000)
",0.000,0.000,0.000,1.000,0.000,0,0,1,0,0,1,1,0,0.0,0.0,1.0,0.0,0.0,1.0
"G[0,1](((Pt_GrandparentT1D >= 0.000 -> Pt_DKAFlg <= 0.000) & TotChol <= 0.000) & Pt_DKAFlg >= 0.000)
",0.000,0.000,0.000,1.000,0.000,0,0,1,0,0,1,1,0,0.0,0.0,1.0,0.0,0.0,1.0
"G[0,2](((WeightKg <= 3.000 -> HeightCm <= 91.081) & Pt_GrandchildT1D <= 91.081) -> Pt_MotherT1D <= 91.081)
",0.000,0.000,0.000,1.000,0.000,0,0,1,0,0,1,1,0,0.0,0.0,1.0,0.0,0.0,1.0
"G[1,2](SMBGperDayPtMeterCombo >= 85.000 | HbA1c >= 0.000)
",0.000,0.000,0.000,1.000,0.000,0,0,1,0,0,1,1,0,0.0,0.0,1.0,0.0,0.0,1.0
"G[0,0]((BldPrDia <= 145.000 | HeightCm <= 91.081) -> Pt_GrandchildT1D >= 91.081)
",0.000,0.000,0.000,1.000,0.000,0,0,0,1,1,0,0,1,0.0,0.0,0.0,0.0,0.0,1.0
"G[0,0](((diagAgeCombo >= 0.000 & AlbCreatRat_mggNew <= 11.000) | Triglyc >= 11.000) -> Pt_SHFlg >= 11.000)
",0.000,0.000,0.000,1.000,0.000,0,0,0,1,1,0,0,1,0.0,0.0,0.0,0.0,0.0,1.0
"G[1,2](((Pt_GrandchildT1D <= 0.000 | HeightCm >= 91.081) | HeightCm <= 91.081) | BldPrSys <= 91.081)
",0.000,0.000,0.000,1.000,0.000,0,0,1,0,0,1,1,0,0.0,0.0,1.0,0.0,0.0,1.0
"G[1,2](((HeightCm >= 91.081 -> BldPrDia >= 145.000) & AutonomicNeuroCl >= 145.000) & Pt_A1cGoalLev >= 145.000)
",0.000,0.000,0.000,1.000,0.000,0,0,1,0,0,1,1,0,0.0,0.0,1.0,0.0,0.0,1.0
"G[2,2]((Pt_InsGov <= 0.000 & BldPrSys >= 1.000) | BUN >= 1.000)
",0.000,0.000,0.000,1.000,0.000,0,0,1,0,0,1,1,0,0.0,0.0,1.0,0.0,0.0,1.0
"G[0,1](((TotChol >= 44.000 -> HbA1cImputeDtMnC >= 4.000) -> Pt_CGMUseNumDays >= 4.000) | TSH >= 4.000)
",0.000,0.000,0.000,1.000,0.000,0,0,0,1,1,0,0,1,0.0,0.0,0.0,0.0,0.0,1.0
"G[0,1](((NumPumpBolusOrShortAct >= 0.000 | HbA1c <= 0.000) -> bmiZscore <= 0.000) | WeightKg <= 0.000)
",0.000,0.000,0.000,1.000,0.000,0,0,0,1,1,0,0,1,0.0,0.0,0.0,0.0,0.0,1.0
"G[0,1](((BUN >= 318.000 -> Pt_SiblingT1D <= 0.000) -> Pt_InsGov <= 0.000) | AutonomicNeuroCl >= 0.000)
",0.000,0.000,0.000,1.000,0.000,0,0,1,0,0,1,1,0,0.0,0.0,1.0,0.0,0.0,1.0
"G[0,1](BUN >= 318.000 & Triglyc >= 0.000)
",0.000,0.000,0.000,1.000,0.000,0,0,0,1,1,0,0,1,0.0,0.0,0.0,0.0,0.0,1.0
"G[2,2](((NumPumpBolusOrShortAct >= 0.000 -> age <= 0.000) | bmiPerc <= 0.000) & Pt_A1cGoalLev <= 0.000)
",0.000,0.000,0.000,1.000,0.000,0,0,1,0,0,1,1,0,0.0,0.0,1.0,0.0,0.0,1.0
"G[1,1](((GFR <= 0.948 -> SMBGperDayPtMeterCombo >= 85.000) & DirectLDL >= 85.000) -> DirectLDL >= 85.000)
",0.000,0.000,0.000,1.000,0.000,0,0,1,0,0,1,1,0,0.0,0.0,1.0,0.0,0.0,1.0
"G[0,0](HbA1c >= 0.000 & NumPumpBolusOrShortAct <= 0.000)
",0.000,0.000,0.000,1.000,0.000,0,0,0,1,1,0,0,1,0.0,0.0,0.0,0.0,0.0,1.0
"G[1,2](HeightCm <= 91.081 & Pt_GrandparentT1D <= 0.000)
",0.000,0.000,0.000,1.000,0.000,0,0,1,0,0,1,1,0,0.0,0.0,1.0,0.0,0.0,1.0
"G[2,2]((Pt_ChildT1D >= 0.000 & Triglyc >= 0.000) | TotChol <= 0.000)
",0.000,0.000,0.000,1.000,0.000,0,0,1,0,0,1,1,0,0.0,0.0,1.0,0.0,0.0,1.0
"G[0,2](((LDL >= 0.867 | Pt_InsGov >= 0.000) & Pt_ChildT1D <= 0.000) | TotalDailyInsPerKg <= 0.000)
",0.000,0.000,0.000,1.000,0.000,0,0,1,0,0,1,1,0,0.0,0.0,1.0,0.0,0.0,1.0
"G[0,1](((BGTestAvgNumMeter <= 0.000 & HbA1c >= 0.000) -> Pt_MotherT1D <= 0.000) | Pt_SiblingT1D >= 0.000)
",0.000,0.000,0.000,1.000,0.000,0,0,1,0,0,1,1,0,0.0,0.0,1.0,0.0,0.0,1.0
"G[1,2](diagAgeCombo <= 0.000 -> Pt_ChildT1D <= 0.000)
",0.000,0.000,0.000,1.000,0.000,0,0,1,0,0,1,1,0,0.0,0.0,1.0,0.0,0.0,1.0
"G[0,2]((TotChol <= 44.000 -> Pt_A1cGoalLevelDsYr5 <= 0.000) & HbA1cImputeDtMnC <= 0.000)
",0.000,0.000,0.000,1.000,0.000,0,0,1,0,0,1,1,0,0.0,0.0,1.0,0.0,0.0,1.0
"G[0,2]((TSH <= 3.000 -> Pt_GrandparentT1D >= 0.000) | TSH <= 0.000)
",0.000,0.000,0.000,1.000,0.000,0,0,1,0,0,1,1,0,0.0,0.0,1.0,0.0,0.0,1.0
"G[0,2](((HeightCm >= 91.081 -> WeightKg >= 3.000) | bmi >= 3.000) -> Pt_GrandparentT1D <= 3.000)
",0.000,0.000,0.000,1.000,0.000,0,0,1,0,0,1,1,0,0.0,0.0,1.0,0.0,0.0,1.0
"G[0,1]((diabDur >= 47.000 -> BldPrDia >= 145.000) & TotalDailyInsPerKg >= 145.000)
",0.000,0.000,0.000,1.000,0.000,0,0,0,1,1,0,0,1,0.0,0.0,0.0,0.0,0.0,1.0
"G[0,1](((Pt_GrandchildT1D <= 0.000 & HbA1cImputeDtMnC <= 4.000) | BUN >= 4.000) | BldPrSys <= 4.000)
",0.000,0.000,0.000,1.000,0.000,0,0,1,0,0,1,1,0,0.0,0.0,1.0,0.0,0.0,1.0
"G[0,1]((AlbCreatRat_mggNew >= 11.000 | BGTestAvgNumMeter <= 0.000) & bmiZscore <= 0.000)
",0.000,0.000,0.000,1.000,0.000,0,0,0,1,1,0,0,1,0.0,0.0,0.0,0.0,0.0,1.0
"G[0,1](((Pt_MotherT1D <= 0.000 -> Pt_InsGov <= 0.000) & Pt_FatherT1D <= 0.000) & HDL <= 0.000)
",0.000,0.000,0.000,1.000,0.000,0,0,0,1,1,0,0,1,0.0,0.0,0.0,0.0,0.0,1.0
"G[1,1](((AlbCreatRat_mggNew <= 11.000 | bmi <= 0.000) & diabDur <= 0.000) -> TotalDailyInsPerKg >= 0.000)
",0.000,0.000,0.000,1.000,0.000,0,0,1,0,0,1,1,0,0.0,0.0,1.0,0.0,0.0,1.0
"G[0,0](((TSH >= 3.000 -> TSH <= 3.000) | Pt_SHFlg <= 3.000) -> Pt_SiblingT1D >= 3.000)
",0.000,0.000,0.000,1.000,0.000,0,0,0,1,1,0,0,1,0.0,0.0,0.0,0.0,0.0,1.0
"G[0,1]((HbA1c <= 0.000 & Pt_GrandchildT1D <= 0.000) | UnitsInsBasalOrLongAct >= 0.000)
",0.000,0.000,0.000,1.000,0.000,0,0,1,0,0,1,1,0,0.0,0.0,1.0,0.0,0.0,1.0
"G[0,1](((age <= 0.000 & Pt_GrandchildT1D >= 0.000) & NumPumpBolusOrShortAct <= 0.000) -> Pt_ChildT1D <= 0.000)
",0.000,0.000,0.000,1.000,0.000,0,0,1,0,0,1,1,0,0.0,0.0,1.0,0.0,0.0,1.0
"G[0,1](Pt_DKAFlg >= 0.000 | Triglyc >= 0.000)
",0.000,0.000,0.000,1.000,0.000,0,0,1,0,0,1,1,0,0.0,0.0,1.0,0.0,0.0,1.0
"G[0,1](((Pt_GrandparentT1D >= 0.000 & HDL <= 117.000) & TotChol >= 117.000) -> BUN >= 117.000)
",0.000,0.000,0.000,1.000,0.000,0,0,1,0,0,1,1,0,0.0,0.0,1.0,0.0,0.0,1.0
"G[2,2](Pt_MotherT1D >= 0.000 -> BldPrSys >= 1.000)
",0.000,0.000,0.000,1.000,0.000,0,0,1,0,0,1,1,0,0.0,0.0,1.0,0.0,0.0,1.0
"G[0,0](((BldPrDia <= 145.000 | NumPumpBolusOrShortAct <= 0.000) & bmiPerc >= 0.000) -> Pt_GrandparentT1D <= 0.000)
",0.000,0.000,0.000,1.000,0.000,0,0,0,1,1,0,0,1,0.0,0.0,0.0,0.0,0.0,1.0
"G[1,2]((BldPrSys >= 1.000 -> Pt_ChildT1D <= 0.000) & AlbCreatRat_mggNew >= 0.000)
",0.000,0.000,0.000,1.000,0.000,0,0,1,0,0,1,1,0,0.0,0.0,1.0,0.0,0.0,1.0
"G[0,1]((UnitsInsBasalOrLongAct >= 0.000 -> Pt_DKAFlg <= 0.000) | Pt_SHFlg >= 0.000)
",0.000,0.000,0.000,1.000,0.000,0,0,1,0,0,1,1,0,0.0,0.0,1.0,0.0,0.0,1.0
"G[0,2](((Pt_GrandparentT1D >= 0.000 & WeightKg <= 3.000) | Pt_CGMUseNumDays >= 3.000) & UnitsInsBasalOrLongAct <= 3.000)
",0.000,0.000,0.000,1.000,0.000,0,0,0,1,1,0,0,1,0.0,0.0,0.0,0.0,0.0,1.0
"G[0,2]((BldPrSys >= 1.000 | Pt_DKAFlg >= 0.000) -> AlbCreatRat_mggNew <= 0.000)
",0.000,0.000,0.000,1.000,0.000,0,0,1,0,0,1,1,0,0.0,0.0,1.0,0.0,0.0,1.0
"G[1,2](LDL <= 0.867 & Pt_SHFlg <= 0.000)
",0.000,0.000,0.000,1.000,0.000,0,0,1,0,0,1,1,0,0.0,0.0,1.0,0.0,0.0,1.0
"G[1,2]((bmiZscore <= 0.000 | NumPumpBolusOrShortAct >= 0.000) -> BGTestAvgNumMeter <= 0.000)
",0.000,0.000,0.000,1.000,0.000,0,0,1,0,0,1,1,0,0.0,0.0,1.0,0.0,0.0,1.0
"G[1,2](((DirectLDL >= 152.400 -> Pt_A1cGoalLevelDsYr5 <= 0.000) -> bmi <= 0.000) | diabDur <= 0.000)
",0.000,0.000,0.000,1.000,0.000,0,0,1,0,0,1,1,0,0.0,0.0,1.0,0.0,0.0,1.0
"G[0,2]((DirectLDL >= 152.400 -> TotChol >= 44.000) | Pt_InsGov <= 44.000)
",0.000,0.000,0.000,1.000,0.000,0,0,1,0,0,1,1,0,0.0,0.0,1.0,0.0,0.0,1.0
"G[0,1](Pt_A1cGoalLevelDsYr5 >= 0.000 & Triglyc <= 0.000)
",0.000,0.000,0.000,1.000,0.000,0,0,0,1,1,0,0,1,0.0,0.0,0.0,0.0,0.0,1.0
"G[2,2]((diagAgeCombo <= 0.000 | bmi >= 0.000) | bmiPerc <= 0.000)
",0.000,0.000,0.000,1.000,0.000,0,0,1,0,0,1,1,0,0.0,0.0,1.0,0.0,0.0,1.0
"G[2,2]((BUN <= 318.000 & Pt_GrandparentT1D >= 0.000) & LDL <= 0.000)
",0.000,0.000,0.000,1.000,0.000,0,0,1,0,0,1,1,0,0.0,0.0,1.0,0.0,0.0,1.0
"G[1,2](((BGTestAvgNumMeter >= 0.000 | GFR <= 0.948) | BGTestAvgNumMeter <= 0.948) & BGTestAvgNumMeter <= 0.948)
",0.000,0.000,0.000,1.000,0.000,0,0,1,0,0,1,1,0,0.0,0.0,1.0,0.0,0.0,1.0
"G[0,2](BldPrSys <= 1.000 & Pt_CGMUseNumDays >= 17209.000)
",0.000,0.000,0.000,1.000,0.000,0,0,0,1,1,0,0,1,0.0,0.0,0.0,0.0,0.0,1.0
"G[0,2](TSH >= 3.000 | bmi <= 0.000)
",0.000,0.000,0.000,1.000,0.000,0,0,0,1,1,0,0,1,0.0,0.0,0.0,0.0,0.0,1.0
"G[0,1](diabDur <= 47.000 -> DirectLDL <= 152.400)
",0.000,0.000,0.000,1.000,0.000,0,0,1,0,0,1,1,0,0.0,0.0,1.0,0.0,0.0,1.0
"G[1,1](((TotalDailyInsPerKg >= 16.000 & bmiZscore <= 0.000) | Pt_FatherT1D <= 0.000) & HeightCm >= 0.000)
",0.000,0.000,0.000,1.000,0.000,0,0,1,0,0,1,1,0,0.0,0.0,1.0,0.0,0.0,1.0
"G[1,2](((Triglyc <= 0.000 -> Pt_InsGov <= 0.000) & Pt_GrandparentT1D >= 0.000) -> WeightKg <= 0.000)
",0.000,0.000,0.000,1.000,0.000,0,0,1,0,0,1,1,0,0.0,0.0,1.0,0.0,0.0,1.0
"G[0,0](((Pt_DKAFlg >= 0.000 -> LDL >= 0.867) -> Pt_FatherT1D >= 0.867) | NumPumpBolusOrShortAct <= 0.867)
",0.000,0.000,0.000,1.000,0.000,0,0,0,1,1,0,0,1,0.0,0.0,0.0,0.0,0.0,1.0
"G[0,2](((DirectLDL >= 152.400 -> GFR <= 0.948) & BUN <= 0.948) & UnitsInsBasalOrLongAct >= 0.948)
",0.000,0.000,0.000,1.000,0.000,0,0,0,1,1,0,0,1,0.0,0.0,0.0,0.0,0.0,1.0
"G[1,2]((BGTestAvgNumMeter <= 0.000 -> Triglyc <= 0.000) | HDL <= 0.000)
",0.000,0.000,0.000,1.000,0.000,0,0,1,0,0,1,1,0,0.0,0.0,1.0,0.0,0.0,1.0
"G[0,2](((SMBGperDayPtMeterCombo <= 85.000 & Pt_MotherT1D <= 0.000) | Pt_ChildT1D >= 0.000) | Pt_FatherT1D >= 0.000)
",0.000,0.000,0.000,1.000,0.000,0,0,1,0,0,1,1,0,0.0,0.0,1.0,0.0,0.0,1.0
"G[0,0](((HeightCm <= 91.081 & DirectLDL <= 152.400) | HbA1cImputeDtMnC >= 152.400) & HbA1cImputeDtMnC <= 152.400)
",0.000,0.000,0.000,1.000,0.000,0,0,0,1,1,0,0,1,0.0,0.0,0.0,0.0,0.0,1.0
"G[0,2](SMBGperDayPtMeterCombo >= 85.000 & BGTestAvgNumPtRep >= 0.000)
",0.000,0.000,0.000,1.000,0.000,0,0,0,1,1,0,0,1,0.0,0.0,0.0,0.0,0.0,1.0
"G[1,2](((GFR >= 0.948 | TotalDailyInsPerKg <= 16.000) & AutonomicNeuroCl <= 16.000) & DirectLDL <= 16.000)
",0.000,0.000,0.000,1.000,0.000,0,0,1,0,0,1,1,0,0.0,0.0,1.0,0.0,0.0,1.0
"G[1,2](BGTestAvgNumMeter >= 0.000 & Pt_SHFlg = 0.000)
",0.000,0.000,0.000,1.000,0.000,0,0,1,0,0,1,1,0,0.0,0.0,1.0,0.0,0.0,1.0
"G[2,2](Pt_A1cGoalLev > 31.000 & Pt_SHFlg = 0.000)
",0.000,0.000,0.000,1.000,0.000,0,0,1,0,0,1,1,0,0.0,0.0,1.0,0.0,0.0,1.0
"G[1,1](TotChol > 44.000 & Pt_SHFlg = 0.000)
",0.000,0.000,0.000,1.000,0.000,0,0,1,0,0,1,1,0,0.0,0.0,1.0,0.0,0.0,1.0
"G[0,2](HbA1c > 0.000 & Pt_SHFlg = 0.000)
",0.000,0.000,0.000,1.000,0.000,0,0,1,0,0,1,1,0,0.0,0.0,1.0,0.0,0.0,1.0
"G[0,2](NumPumpBolusOrShortAct > 0.000 & Pt_SHFlg = 0.000)
",0.000,0.000,0.000,1.000,0.000,0,0,1,0,0,1,1,0,0.0,0.0,1.0,0.0,0.0,1.0
"G[1,2](HDL < 117.000 -> Pt_SHFlg = 0.000)
",0.000,0.000,0.000,1.000,0.000,0,0,1,0,0,1,1,0,0.0,0.0,1.0,0.0,0.0,1.0
"G[0,1](DirectLDL < 152.400 -> Pt_SHFlg = 0.000)
",0.000,0.000,0.000,1.000,0.000,0,0,1,0,0,1,1,0,0.0,0.0,1.0,0.0,0.0,1.0
"G[0,1](Triglyc > 0.000 -> Pt_SHFlg = 0.000)
",0.000,0.000,0.000,1.000,0.000,0,0,1,0,0,1,1,0,0.0,0.0,1.0,0.0,0.0,1.0
"G[2,2](diabDur >= 47.000 | Pt_SHFlg >= 0.000)
",0.000,0.000,0.000,1.000,0.000,0,0,1,0,0,1,1,0,0.0,0.0,1.0,0.0,0.0,1.0
"G[0,2](((BUN <= 318.000 -> BGTestAvgNumPtRep <= 0.000) & Pt_GrandparentT1D <= 0.000) | UnitsInsBasalOrLongAct >= 0.000)
",0.000,0.000,0.000,1.000,0.000,0,0,1,0,0,1,1,0,0.0,0.0,1.0,0.0,0.0,1.0
"G[1,2]((SMBGperDayPtMeterCombo <= 85.000 -> BGTestAvgNumPtRep >= 0.000) & HeightCm >= 0.000)
",0.000,0.000,0.000,1.000,0.000,0,0,1,0,0,1,1,0,0.0,0.0,1.0,0.0,0.0,1.0
"G[0,2]((TotChol >= 44.000 | diagAgeCombo <= 0.000) | HbA1cImputeDtMnC <= 0.000)
",0.000,0.000,0.000,1.000,0.000,0,0,1,0,0,1,1,0,0.0,0.0,1.0,0.0,0.0,1.0
"G[1,2](TotalDailyInsPerKg <= 16.000 | age >= 0.000)
",0.000,0.000,0.000,1.000,0.000,0,0,1,0,0,1,1,0,0.0,0.0,1.0,0.0,0.0,1.0
"G[0,2](((Triglyc <= 0.000 -> Pt_GrandchildT1D >= 0.000) & HbA1c <= 0.000) & LDL >= 0.000)
",0.000,0.000,0.000,1.000,0.000,0,0,0,1,1,0,0,1,0.0,0.0,0.0,0.0,0.0,1.0
"G[1,1]((BGTestAvgNumPtRep >= 0.000 & bmiPerc >= 39.216) -> Pt_DKAFlg >= 39.216)
",0.000,0.000,0.000,1.000,0.000,0,0,1,0,0,1,1,0,0.0,0.0,1.0,0.0,0.0,1.0
"G[0,2]((Pt_A1cGoalLev >= 31.000 -> BUN <= 318.000) | Triglyc <= 318.000)
",0.000,0.000,0.000,1.000,0.000,0,0,1,0,0,1,1,0,0.0,0.0,1.0,0.0,0.0,1.0
"G[1,2]((BGTestAvgNumPtRep <= 0.000 & BldPrSys >= 1.000) & HbA1cImputeDtMnC >= 1.000)
",0.000,0.000,0.000,1.000,0.000,0,0,1,0,0,1,1,0,0.0,0.0,1.0,0.0,0.0,1.0
"G[0,1]((BldPrSys <= 1.000 & Pt_GrandchildT1D <= 0.000) -> UnitsInsBasalOrLongAct <= 0.000)
",0.000,0.000,0.000,1.000,0.000,0,0,1,0,0,1,1,0,0.0,0.0,1.0,0.0,0.0,1.0
"G[0,1]((Pt_A1cGoalLevelDsYr5 >= 0.000 | Pt_A1cGoalLevelDsYr5 >= 0.000) | HDL >= 0.000)
",0.000,0.000,0.000,1.000,0.000,0,0,1,0,0,1,1,0,0.0,0.0,1.0,0.0,0.0,1.0
"G[1,2]((HbA1cImputeDtMnC >= 4.000 & BldPrSys >= 1.000) -> Pt_InsGov >= 1.000)
",0.000,0.000,0.000,1.000,0.000,0,0,1,0,0,1,1,0,0.0,0.0,1.0,0.0,0.0,1.0
"G[1,1]((bmi >= 0.000 | diabDur >= 47.000) & WeightKg >= 47.000)
",0.000,0.000,0.000,1.000,0.000,0,0,1,0,0,1,1,0,0.0,0.0,1.0,0.0,0.0,1.0
"G[0,1](Pt_GrandparentT1D >= 0.000 & age >= 0.000)
",0.000,0.000,0.000,1.000,0.000,0,0,1,0,0,1,1,0,0.0,0.0,1.0,0.0,0.0,1.0
"G[1,2]((Pt_FatherT1D <= 0.000 -> Pt_ChildT1D >= 0.000) & Pt_SHFlg >= 0.000)
",0.000,0.000,0.000,1.000,0.000,0,0,1,0,0,1,1,0,0.0,0.0,1.0,0.0,0.0,1.0
"G[0,1]((SMBGperDayPtMeterCombo >= 85.000 & Pt_DKAFlg >= 0.000) -> SMBGperDayPtMeterCombo >= 0.000)
",0.000,0.000,0.000,1.000,0.000,0,0,1,0,0,1,1,0,0.0,0.0,1.0,0.0,0.0,1.0
"G[0,2]((Pt_MotherT1D <= 0.000 & Pt_MotherT1D >= 0.000) & BldPrSys <= 0.000)
",0.000,0.000,0.000,1.000,0.000,0,0,0,1,1,0,0,1,0.0,0.0,0.0,0.0,0.0,1.0
"G[1,2](HbA1c >= 0.000 -> Pt_DKAFlg <= 0.000)
",0.000,0.000,0.000,1.000,0.000,0,0,1,0,0,1,1,0,0.0,0.0,1.0,0.0,0.0,1.0
"G[1,2](((BGTestAvgNumMeter >= 0.000 | HbA1c >= 0.000) | DirectLDL >= 0.000) & LDL >= 0.000)
",0.000,0.000,0.000,1.000,0.000,0,0,1,0,0,1,1,0,0.0,0.0,1.0,0.0,0.0,1.0
"G[1,2](((bmiZscore <= 0.000 -> Pt_DKAFlg >= 0.000) -> Pt_SiblingT1D <= 0.000) | GFR >= 0.000)
",0.000,0.000,0.000,1.000,0.000,0,0,1,0,0,1,1,0,0.0,0.0,1.0,0.0,0.0,1.0
"G[2,2](Pt_FatherT1D <= 0.000 & bmiZscore <= 0.000)
",0.000,0.000,0.000,1.000,0.000,0,0,1,0,0,1,1,0,0.0,0.0,1.0,0.0,0.0,1.0
"G[1,2](((BUN >= 318.000 -> bmi <= 0.000) | Pt_GrandchildT1D >= 0.000) -> BGTestAvgNumPtRep >= 0.000)
",0.000,0.000,0.000,1.000,0.000,0,0,1,0,0,1,1,0,0.0,0.0,1.0,0.0,0.0,1.0
"G[2,2](Pt_InsGov <= 0.000 -> Pt_SHFlg = 0.000)
",0.000,0.000,0.000,1.000,0.000,0,0,1,0,0,1,1,0,0.0,0.0,1.0,0.0,0.0,1.0
"G[0,2](GFR <= 0.948 -> Pt_SHFlg = 0.000)
",0.000,0.000,0.000,1.000,0.000,0,0,1,0,0,1,1,0,0.0,0.0,1.0,0.0,0.0,1.0
"G[1,2](((HbA1cImputeDtMnC <= 4.000 -> age <= 0.000) | Pt_CGMUseNumDays >= 0.000) | DirectLDL <= 0.000)
",0.000,0.000,0.000,1.000,0.000,0,0,1,0,0,1,1,0,0.0,0.0,1.0,0.0,0.0,1.0
"G[0,1](BGTestAvgNumPtRep >= 0.000 -> Pt_SHFlg = 0.000)
",0.000,0.000,0.000,1.000,0.000,0,0,1,0,0,1,1,0,0.0,0.0,1.0,0.0,0.0,1.0
"G[0,2]((WeightKg >= 3.000 | bmi >= 0.000) -> UnitsInsBasalOrLongAct <= 0.000)
",0.000,0.000,0.000,1.000,0.000,0,0,1,0,0,1,1,0,0.0,0.0,1.0,0.0,0.0,1.0
"G[0,2](SMBGperDayPtMeterCombo >= 85.000 & BGTestAvgNumPtRep >= 0.000)
",0.000,0.000,0.000,1.000,0.000,0,0,0,1,1,0,0,1,0.0,0.0,0.0,0.0,0.0,1.0
"G[0,1](GFR <= 0.948 -> BUN >= 318.000)
",0.000,0.000,0.000,1.000,0.000,0,0,0,1,1,0,0,1,0.0,0.0,0.0,0.0,0.0,1.0
"G[2,2]((WeightKg >= 3.000 | bmi >= 0.000) -> UnitsInsBasalOrLongAct <= 0.000)
",0.000,0.000,0.000,1.000,0.000,0,0,1,0,0,1,1,0,0.0,0.0,1.0,0.0,0.0,1.0
"G[2,2](SMBGperDayPtMeterCombo >= 85.000 & BGTestAvgNumPtRep >= 0.000)
",0.000,0.000,0.000,1.000,0.000,0,0,1,0,0,1,1,0,0.0,0.0,1.0,0.0,0.0,1.0
"G[0,1](GFR <= 0.948 -> BUN >= 318.000)
",0.000,0.000,0.000,1.000,0.000,0,0,0,1,1,0,0,1,0.0,0.0,0.0,0.0,0.0,1.0
"G[0,2]((WeightKg >= 3.000 | bmi >= 0.000) -> UnitsInsBasalOrLongAct <= 0.000)
",0.000,0.000,0.000,1.000,0.000,0,0,1,0,0,1,1,0,0.0,0.0,1.0,0.0,0.0,1.0
"G[0,1](SMBGperDayPtMeterCombo >= 85.000 & BGTestAvgNumPtRep >= 0.000)
",0.000,0.000,0.000,1.000,0.000,0,0,0,1,1,0,0,1,0.0,0.0,0.0,0.0,0.0,1.0
"G[1,2](GFR <= 0.948 -> BUN >= 318.000)
",0.000,0.000,0.000,1.000,0.000,0,0,1,0,0,1,1,0,0.0,0.0,1.0,0.0,0.0,1.0
"G[1,1]((WeightKg >= 3.000 | bmi >= 0.000) -> UnitsInsBasalOrLongAct <= 0.000)
",0.000,0.000,0.000,1.000,0.000,0,0,1,0,0,1,1,0,0.0,0.0,1.0,0.0,0.0,1.0
"G[1,1](SMBGperDayPtMeterCombo >= 85.000 & BGTestAvgNumPtRep >= 0.000)
",0.000,0.000,0.000,1.000,0.000,0,0,1,0,0,1,1,0,0.0,0.0,1.0,0.0,0.0,1.0
"G[1,2](GFR <= 0.948 -> BUN >= 318.000)
",0.000,0.000,0.000,1.000,0.000,0,0,1,0,0,1,1,0,0.0,0.0,1.0,0.0,0.0,1.0
"G[1,1]((WeightKg >= 3.000 | bmi >= 0.000) -> UnitsInsBasalOrLongAct <= 0.000)
",0.000,0.000,0.000,1.000,0.000,0,0,1,0,0,1,1,0,0.0,0.0,1.0,0.0,0.0,1.0
"G[0,2](SMBGperDayPtMeterCombo >= 85.000 & BGTestAvgNumPtRep >= 0.000)
",0.000,0.000,0.000,1.000,0.000,0,0,0,1,1,0,0,1,0.0,0.0,0.0,0.0,0.0,1.0
"G[0,2](GFR <= 0.948 -> BUN >= 318.000)
",0.000,0.000,0.000,1.000,0.000,0,0,0,1,1,0,0,1,0.0,0.0,0.0,0.0,0.0,1.0
"G[1,2]((WeightKg >= 3.000 | bmi >= 0.000) -> UnitsInsBasalOrLongAct <= 0.000)
",0.000,0.000,0.000,1.000,0.000,0,0,1,0,0,1,1,0,0.0,0.0,1.0,0.0,0.0,1.0
"G[1,1](SMBGperDayPtMeterCombo >= 85.000 & BGTestAvgNumPtRep >= 0.000)
",0.000,0.000,0.000,1.000,0.000,0,0,1,0,0,1,1,0,0.0,0.0,1.0,0.0,0.0,1.0
"G[1,2](GFR <= 0.948 -> BUN >= 318.000)
",0.000,0.000,0.000,1.000,0.000,0,0,1,0,0,1,1,0,0.0,0.0,1.0,0.0,0.0,1.0
"G[0,1]((WeightKg >= 3.000 | bmi >= 0.000) -> UnitsInsBasalOrLongAct <= 0.000)
",0.000,0.000,0.000,1.000,0.000,0,0,1,0,0,1,1,0,0.0,0.0,1.0,0.0,0.0,1.0
"G[0,1](SMBGperDayPtMeterCombo >= 85.000 & BGTestAvgNumPtRep >= 0.000)
",0.000,0.000,0.000,1.000,0.000,0,0,0,1,1,0,0,1,0.0,0.0,0.0,0.0,0.0,1.0
"G[0,1](GFR <= 0.948 -> BUN >= 318.000)
",0.000,0.000,0.000,1.000,0.000,0,0,0,1,1,0,0,1,0.0,0.0,0.0,0.0,0.0,1.0
"G[0,1]((WeightKg >= 3.000 | bmi >= 0.000) -> UnitsInsBasalOrLongAct <= 0.000)
",0.000,0.000,0.000,1.000,0.000,0,0,1,0,0,1,1,0,0.0,0.0,1.0,0.0,0.0,1.0
"G[1,2](SMBGperDayPtMeterCombo >= 85.000 & BGTestAvgNumPtRep >= 0.000)
",0.000,0.000,0.000,1.000,0.000,0,0,1,0,0,1,1,0,0.0,0.0,1.0,0.0,0.0,1.0
"G[0,1](GFR <= 0.948 -> BUN >= 318.000)
",0.000,0.000,0.000,1.000,0.000,0,0,0,1,1,0,0,1,0.0,0.0,0.0,0.0,0.0,1.0
"G[2,2]((WeightKg >= 3.000 | bmi >= 0.000) -> UnitsInsBasalOrLongAct <= 0.000)
",0.000,0.000,0.000,1.000,0.000,0,0,1,0,0,1,1,0,0.0,0.0,1.0,0.0,0.0,1.0
"G[0,0](SMBGperDayPtMeterCombo >= 85.000 & BGTestAvgNumPtRep >= 0.000)
",0.000,0.000,0.000,1.000,0.000,0,0,0,1,1,0,0,1,0.0,0.0,0.0,0.0,0.0,1.0
"G[0,2](GFR <= 0.948 -> BUN >= 318.000)
",0.000,0.000,0.000,1.000,0.000,0,0,0,1,1,0,0,1,0.0,0.0,0.0,0.0,0.0,1.0
"G[0,2]((WeightKg >= 3.000 | bmi >= 0.000) -> UnitsInsBasalOrLongAct <= 0.000)
",0.000,0.000,0.000,1.000,0.000,0,0,1,0,0,1,1,0,0.0,0.0,1.0,0.0,0.0,1.0
"G[0,2](DirectLDL > 152.400 & Pt_SHFlg = 0.000)
",0.000,0.000,0.000,1.000,0.000,0,0,0,1,1,0,0,1,0.0,0.0,0.0,0.0,0.0,1.0
"G[1,2]((HbA1c <= 0.000 | BGTestAvgNumMeter <= 0.000) -> BGTestAvgNumPtRep <= 0.000)
",0.000,0.000,0.000,1.000,0.000,0,0,1,0,0,1,1,0,0.0,0.0,1.0,0.0,0.0,1.0
"G[0,1](HbA1c <= 0.000 & diagAgeCombo <= 0.000)
",0.000,0.000,0.000,1.000,0.000,0,0,0,1,1,0,0,1,0.0,0.0,0.0,0.0,0.0,1.0
"G[0,1](LDL >= 0.867 & bmiZscore <= 0.000)
",0.000,0.000,0.000,1.000,0.000,0,0,0,1,1,0,0,1,0.0,0.0,0.0,0.0,0.0,1.0
"G[1,2](((HbA1c <= 0.000 | UnitsInsBasalOrLongAct <= 0.000) & AutonomicNeuroCl <= 0.000) & DirectLDL >= 0.000)
",0.000,0.000,0.000,1.000,0.000,0,0,1,0,0,1,1,0,0.0,0.0,1.0,0.0,0.0,1.0
"G[1,1](Pt_SHFlg >= 0.000 | Pt_SHFlg <= 0.000)
",0.000,0.000,0.000,1.000,0.000,0,0,1,0,0,1,1,0,0.0,0.0,1.0,0.0,0.0,1.0
"G[0,1]((BGTestAvgNumPtRep >= 0.000 -> TSH >= 3.000) | Pt_SiblingT1D >= 3.000)
",0.000,0.000,0.000,1.000,0.000,0,0,0,1,1,0,0,1,0.0,0.0,0.0,0.0,0.0,1.0
"G[0,1](((TotalDailyInsPerKg >= 16.000 & TSH >= 3.000) | bmiPerc >= 3.000) -> Pt_InsGov <= 3.000)
",0.000,0.000,0.000,1.000,0.000,0,0,1,0,0,1,1,0,0.0,0.0,1.0,0.0,0.0,1.0
"G[0,1](((NumPumpBolusOrShortAct >= 0.000 & BGTestAvgNumMeter <= 0.000) -> age <= 0.000) | Pt_A1cGoalLev >= 0.000)
",0.000,0.000,0.000,1.000,0.000,0,0,1,0,0,1,1,0,0.0,0.0,1.0,0.0,0.0,1.0
"G[0,2](TotalDailyInsPerKg <= 16.000 & TotalDailyInsPerKg <= 16.000)
",0.000,0.000,0.000,1.000,0.000,0,0,1,0,0,1,1,0,0.0,0.0,1.0,0.0,0.0,1.0
"G[1,1]((HbA1c >= 0.000 & diabDur <= 47.000) & diagAgeCombo <= 47.000)
",0.000,0.000,0.000,1.000,0.000,0,0,1,0,0,1,1,0,0.0,0.0,1.0,0.0,0.0,1.0
"G[0,2]((Pt_DKAFlg >= 0.000 -> AutonomicNeuroCl <= 10.000) -> BGTestAvgNumPtRep >= 10.000)
",0.000,0.000,0.000,1.000,0.000,0,0,0,1,1,0,0,1,0.0,0.0,0.0,0.0,0.0,1.0
"G[1,2](((Pt_ChildT1D <= 0.000 -> UnitsInsBasalOrLongAct >= 0.000) | TSH >= 0.000) & diagAgeCombo <= 0.000)
",0.000,0.000,0.000,1.000,0.000,0,0,1,0,0,1,1,0,0.0,0.0,1.0,0.0,0.0,1.0
"G[0,1](diabDur <= 47.000 & TotChol >= 44.000)
",0.000,0.000,0.000,1.000,0.000,0,0,0,1,1,0,0,1,0.0,0.0,0.0,0.0,0.0,1.0
"G[1,1](((NumPumpBolusOrShortAct >= 0.000 | WeightKg >= 3.000) | Pt_SiblingT1D >= 3.000) -> HeightCm <= 3.000)
",0.000,0.000,0.000,1.000,0.000,0,0,1,0,0,1,1,0,0.0,0.0,1.0,0.0,0.0,1.0
"G[0,2](Pt_GrandparentT1D >= 0.000 -> bmi >= 0.000)
",0.000,0.000,0.000,1.000,0.000,0,0,1,0,0,1,1,0,0.0,0.0,1.0,0.0,0.0,1.0
"G[0,1](((BldPrSys <= 1.000 | bmi >= 0.000) -> Pt_FatherT1D <= 0.000) -> Pt_DKAFlg <= 0.000)
",0.000,0.000,0.000,1.000,0.000,0,0,1,0,0,1,1,0,0.0,0.0,1.0,0.0,0.0,1.0
"G[0,2]((TotalDailyInsPerKg >= 16.000 | HDL <= 117.000) -> Pt_A1cGoalLevelDsYr5 >= 117.000)
",0.000,0.000,0.000,1.000,0.000,0,0,0,1,1,0,0,1,0.0,0.0,0.0,0.0,0.0,1.0
"G[1,2](((TotalDailyInsPerKg >= 16.000 -> AutonomicNeuroCl <= 10.000) & Pt_InsGov <= 10.000) | TotChol >= 10.000)
",0.000,0.000,0.000,1.000,0.000,0,0,1,0,0,1,1,0,0.0,0.0,1.0,0.0,0.0,1.0
"G[1,1](((SMBGperDayPtMeterCombo >= 85.000 -> TSH >= 3.000) -> Pt_FatherT1D <= 3.000) | SMBGperDayPtMeterCombo <= 3.000)
",0.000,0.000,0.000,1.000,0.000,0,0,1,0,0,1,1,0,0.0,0.0,1.0,0.0,0.0,1.0
"G[1,2](((HbA1cImputeDtMnC <= 4.000 & Triglyc <= 0.000) & BldPrDia >= 0.000) | diagAgeCombo <= 0.000)
",0.000,0.000,0.000,1.000,0.000,0,0,1,0,0,1,1,0,0.0,0.0,1.0,0.0,0.0,1.0
"G[0,1](((HbA1c >= 0.000 -> GFR >= 0.948) | HDL >= 0.948) & LDL <= 0.948)
",0.000,0.000,0.000,1.000,0.000,0,0,0,1,1,0,0,1,0.0,0.0,0.0,0.0,0.0,1.0
"G[1,2](((DirectLDL <= 152.400 -> HbA1c <= 0.000) -> HbA1c <= 0.000) | HDL <= 0.000)
",0.000,0.000,0.000,1.000,0.000,0,0,1,0,0,1,1,0,0.0,0.0,1.0,0.0,0.0,1.0
"G[1,2](AutonomicNeuroCl <= 10.000 & Pt_FatherT1D >= 0.000)
",0.000,0.000,0.000,1.000,0.000,0,0,1,0,0,1,1,0,0.0,0.0,1.0,0.0,0.0,1.0
"G[2,2](((Pt_DKAFlg <= 0.000 | Triglyc <= 0.000) & Pt_SiblingT1D <= 0.000) & diabDur >= 0.000)
",0.000,0.000,0.000,1.000,0.000,0,0,1,0,0,1,1,0,0.0,0.0,1.0,0.0,0.0,1.0
"G[0,2](((Triglyc <= 0.000 & BldPrDia <= 145.000) | Pt_ChildT1D <= 145.000) -> diabDur >= 145.000)
",0.000,0.000,0.000,1.000,0.000,0,0,0,1,1,0,0,1,0.0,0.0,0.0,0.0,0.0,1.0
"G[1,2]((Triglyc <= 0.000 & HeightCm >= 91.081) & bmiPerc >= 91.081)
",0.000,0.000,0.000,1.000,0.000,0,0,1,0,0,1,1,0,0.0,0.0,1.0,0.0,0.0,1.0
"G[1,1](((HbA1cImputeDtMnC <= 4.000 & WeightKg <= 3.000) -> bmiPerc <= 3.000) & BUN >= 3.000)
",0.000,0.000,0.000,1.000,0.000,0,0,1,0,0,1,1,0,0.0,0.0,1.0,0.0,0.0,1.0
"G[0,1](((BUN <= 318.000 & bmi <= 0.000) | BGTestAvgNumPtRep <= 0.000) | bmiPerc >= 0.000)
",0.000,0.000,0.000,1.000,0.000,0,0,1,0,0,1,1,0,0.0,0.0,1.0,0.0,0.0,1.0
"G[0,2](((WeightKg >= 3.000 -> bmiZscore <= 0.000) | TotChol <= 0.000) -> BGTestAvgNumMeter >= 0.000)
",0.000,0.000,0.000,1.000,0.000,0,0,1,0,0,1,1,0,0.0,0.0,1.0,0.0,0.0,1.0
"G[2,2](GFR <= 0.948 -> BUN >= 318.000)
",0.000,0.000,0.000,1.000,0.000,0,0,1,0,0,1,1,0,0.0,0.0,1.0,0.0,0.0,1.0
"G[0,2]((GFR <= 0.948 & HeightCm <= 91.081) & TotChol >= 91.081)
",0.000,0.000,0.000,1.000,0.000,0,0,0,1,1,0,0,1,0.0,0.0,0.0,0.0,0.0,1.0
"G[0,1]((UnitsInsBasalOrLongAct >= 0.000 & Triglyc <= 0.000) -> BldPrSys <= 0.000)
",0.000,0.000,0.000,1.000,0.000,0,0,1,0,0,1,1,0,0.0,0.0,1.0,0.0,0.0,1.0
"G[1,2](((BGTestAvgNumMeter >= 0.000 & bmiPerc <= 39.216) & GFR >= 39.216) | TotChol >= 39.216)
",0.000,0.000,0.000,1.000,0.000,0,0,1,0,0,1,1,0,0.0,0.0,1.0,0.0,0.0,1.0
"G[0,1](Pt_DKAFlg <= 0.000 -> Pt_MotherT1D >= 0.000)
",0.000,0.000,0.000,1.000,0.000,0,0,1,0,0,1,1,0,0.0,0.0,1.0,0.0,0.0,1.0
"G[0,2]((NumPumpBolusOrShortAct >= 0.000 & LDL >= 0.867) & bmiPerc <= 0.867)
",0.000,0.000,0.000,1.000,0.000,0,0,1,0,0,1,1,0,0.0,0.0,1.0,0.0,0.0,1.0
"G[0,2](AutonomicNeuroCl <= 10.000 -> BUN <= 318.000)
",0.000,0.000,0.000,1.000,0.000,0,0,1,0,0,1,1,0,0.0,0.0,1.0,0.0,0.0,1.0
"G[1,2](LDL >= 0.867 & age >= 0.000)
",0.000,0.000,0.000,1.000,0.000,0,0,1,0,0,1,1,0,0.0,0.0,1.0,0.0,0.0,1.0
"G[2,2]((age <= 0.000 | HbA1c <= 0.000) -> BldPrDia <= 0.000)
",0.000,0.000,0.000,1.000,0.000,0,0,1,0,0,1,1,0,0.0,0.0,1.0,0.0,0.0,1.0
"G[1,2](((Pt_GrandparentT1D >= 0.000 -> Pt_GrandchildT1D >= 0.000) & bmiPerc >= 0.000) -> BUN <= 0.000)
",0.000,0.000,0.000,1.000,0.000,0,0,1,0,0,1,1,0,0.0,0.0,1.0,0.0,0.0,1.0
"G[2,2](((bmi >= 0.000 & Pt_CGMUseNumDays >= 17209.000) -> age >= 17209.000) | GFR <= 17209.000)
",0.000,0.000,0.000,1.000,0.000,0,0,1,0,0,1,1,0,0.0,0.0,1.0,0.0,0.0,1.0
"G[0,2]((DirectLDL >= 152.400 & Pt_GrandparentT1D <= 0.000) | Pt_GrandchildT1D <= 0.000)
",0.000,0.000,0.000,1.000,0.000,0,0,1,0,0,1,1,0,0.0,0.0,1.0,0.0,0.0,1.0
"G[2,2](TotChol >= 44.000 & GFR <= 0.948)
",0.000,0.000,0.000,1.000,0.000,0,0,1,0,0,1,1,0,0.0,0.0,1.0,0.0,0.0,1.0
"G[1,2](Pt_GrandchildT1D >= 0.000 & BGTestAvgNumMeter <= 0.000)
",0.000,0.000,0.000,1.000,0.000,0,0,1,0,0,1,1,0,0.0,0.0,1.0,0.0,0.0,1.0
"G[1,1]((bmi <= 0.000 | BGTestAvgNumPtRep <= 0.000) -> Pt_CGMUseNumDays >= 0.000)
",0.000,0.000,0.000,1.000,0.000,0,0,1,0,0,1,1,0,0.0,0.0,1.0,0.0,0.0,1.0
"G[0,2]((Pt_GrandparentT1D >= 0.000 & UnitsInsBasalOrLongAct >= 0.000) | bmiPerc <= 0.000)
",0.000,0.000,0.000,1.000,0.000,0,0,1,0,0,1,1,0,0.0,0.0,1.0,0.0,0.0,1.0
"G[0,1](((TSH <= 3.000 | SMBGperDayPtMeterCombo <= 85.000) -> SMBGperDayPtMeterCombo <= 85.000) & diagAgeCombo >= 85.000)
",0.000,0.000,0.000,1.000,0.000,0,0,0,1,1,0,0,1,0.0,0.0,0.0,0.0,0.0,1.0
"G[1,1](diabDur >= 47.000 & GFR >= 0.948)
",0.000,0.000,0.000,1.000,0.000,0,0,1,0,0,1,1,0,0.0,0.0,1.0,0.0,0.0,1.0
"G[0,1](((WeightKg >= 3.000 & Pt_FatherT1D >= 0.000) & TSH <= 0.000) | HbA1c >= 0.000)
",0.000,0.000,0.000,1.000,0.000,0,0,1,0,0,1,1,0,0.0,0.0,1.0,0.0,0.0,1.0
"G[2,2](((TSH >= 3.000 -> bmiPerc <= 39.216) | Pt_FatherT1D >= 39.216) -> AutonomicNeuroCl >= 39.216)
",0.000,0.000,0.000,1.000,0.000,0,0,1,0,0,1,1,0,0.0,0.0,1.0,0.0,0.0,1.0
"G[0,1](HbA1cImputeDtMnC <= 4.000 -> HeightCm <= 91.081)
",0.000,0.000,0.000,1.000,0.000,0,0,0,1,1,0,0,1,0.0,0.0,0.0,0.0,0.0,1.0
"G[2,2](age <= 0.000 | age >= 0.000)
",0.000,0.000,0.000,1.000,0.000,0,0,1,0,0,1,1,0,0.0,0.0,1.0,0.0,0.0,1.0
"G[0,2]((bmi <= 0.000 -> GFR <= 0.948) -> HbA1cImputeDtMnC <= 0.948)
",0.000,0.000,0.000,1.000,0.000,0,0,1,0,0,1,1,0,0.0,0.0,1.0,0.0,0.0,1.0
"G[2,2]((Pt_DKAFlg <= 0.000 -> HbA1c <= 0.000) & age <= 0.000)
",0.000,0.000,0.000,1.000,0.000,0,0,1,0,0,1,1,0,0.0,0.0,1.0,0.0,0.0,1.0
"G[2,2]((UnitsInsBasalOrLongAct <= 0.000 | Pt_A1cGoalLev <= 31.000) | LDL <= 31.000)
",0.000,0.000,0.000,1.000,0.000,0,0,1,0,0,1,1,0,0.0,0.0,1.0,0.0,0.0,1.0
"G[0,1](WeightKg >= 3.000 | AutonomicNeuroCl >= 10.000)
",0.000,0.000,0.000,1.000,0.000,0,0,1,0,0,1,1,0,0.0,0.0,1.0,0.0,0.0,1.0
"G[1,1]((age <= 0.000 & Pt_ChildT1D <= 0.000) | BGTestAvgNumMeter >= 0.000)
",0.000,0.000,0.000,1.000,0.000,0,0,1,0,0,1,1,0,0.0,0.0,1.0,0.0,0.0,1.0
"G[0,1](HbA1cImputeDtMnC >= 4.000 | UnitsInsBasalOrLongAct <= 0.000)
",0.000,0.000,0.000,1.000,0.000,0,0,1,0,0,1,1,0,0.0,0.0,1.0,0.0,0.0,1.0
"G[0,1](((AutonomicNeuroCl >= 10.000 | Pt_A1cGoalLevelDsYr5 <= 0.000) | HbA1cImputeDtMnC >= 0.000) | diabDur <= 0.000)
",0.000,0.000,0.000,1.000,0.000,0,0,1,0,0,1,1,0,0.0,0.0,1.0,0.0,0.0,1.0
"G[0,2]((BUN <= 318.000 | diabDur >= 47.000) | AutonomicNeuroCl <= 47.000)
",0.000,0.000,0.000,1.000,0.000,0,0,1,0,0,1,1,0,0.0,0.0,1.0,0.0,0.0,1.0
"G[0,1]((BGTestAvgNumPtRep <= 0.000 | LDL >= 0.867) -> TotalDailyInsPerKg <= 0.867)
",0.000,0.000,0.000,1.000,0.000,0,0,0,1,1,0,0,1,0.0,0.0,0.0,0.0,0.0,1.0
"G[0,2](((age <= 0.000 | Pt_SiblingT1D <= 0.000) | BGTestAvgNumMeter >= 0.000) & BGTestAvgNumMeter <= 0.000)
",0.000,0.000,0.000,1.000,0.000,0,0,1,0,0,1,1,0,0.0,0.0,1.0,0.0,0.0,1.0
"G[1,1]((TotalDailyInsPerKg <= 16.000 | UnitsInsBasalOrLongAct >= 0.000) & Pt_InsGov >= 0.000)
",0.000,0.000,0.000,1.000,0.000,0,0,1,0,0,1,1,0,0.0,0.0,1.0,0.0,0.0,1.0
"G[0,0](TotChol <= 44.000 -> TotChol >= 44.000)
",0.000,0.000,0.000,1.000,0.000,0,0,0,1,1,0,0,1,0.0,0.0,0.0,0.0,0.0,1.0
"G[0,0](((Pt_ChildT1D <= 0.000 | Pt_FatherT1D >= 0.000) & WeightKg >= 0.000) -> BldPrSys <= 0.000)
",0.000,0.000,0.000,1.000,0.000,0,0,0,1,1,0,0,1,0.0,0.0,0.0,0.0,0.0,1.0
"G[1,1]((BUN >= 318.000 -> Pt_ChildT1D >= 0.000) & Pt_A1cGoalLev >= 0.000)
",0.000,0.000,0.000,1.000,0.000,0,0,1,0,0,1,1,0,0.0,0.0,1.0,0.0,0.0,1.0
"G[0,2](((Pt_SiblingT1D <= 0.000 -> Pt_GrandchildT1D <= 0.000) | Pt_DKAFlg >= 0.000) -> Pt_SiblingT1D <= 0.000)
",0.000,0.000,0.000,1.000,0.000,0,0,1,0,0,1,1,0,0.0,0.0,1.0,0.0,0.0,1.0
