Rule,Discrimination Score,Pos Robustness,Neg Robustness,Percent Class +,Percent Class -,TP,TN,FP,FN,Actual Yes,Actual No,Predicted Yes,Predicted No,TPR/Sens,TNR/Spec,FPR,Precision,Accuracy,MCR,Class
"G[0,0](age <= 59.496 & SMBGperDayPtMeterCombo >= 4.166)
",59.496,59.496,0.000,1.000,0.000,2,0,0,0,2,0,2,0,1.0,0.0,0.0,1.0,1.0,0.0,1
"G[0,1]((TotalDailyInsPerKg >= 0.271 | TSH <= 1.448) -> BldPrDia >= 0.913)
",9999999.000,9999999.000,0.000,1.000,0.000,2,0,0,0,2,0,2,0,1.0,0.0,0.0,1.0,1.0,0.0,1
"F[0,1]((age <= 58.444 & BGTestAvgNumPtRep >= 1.194) & DirectLDL >= 1.818)
",-9999999.000,-9999999.000,0.000,0.000,1.000,2,0,0,0,2,0,2,0,1.0,0.0,0.0,1.0,1.0,0.0,-1
"F[1,1]((Pt_DKAFlg >= 0.000 | HDL <= 117.649) -> age >= 114.065)
",-117.649,-117.649,0.000,0.000,1.000,2,0,0,0,2,0,2,0,1.0,0.0,0.0,1.0,1.0,0.0,-1
"F[0,1](((DirectLDL >= 0.000 & BldPrDia >= 68.895) & BldPrSys <= 73.929) | NumPumpBolusOrShortAct >= 70.606)
",-9999999.000,-9999999.000,0.000,0.000,1.000,2,0,0,0,2,0,2,0,1.0,0.0,0.0,1.0,1.0,0.0,-1
"G[0,1](age <= 58.958 -> WeightKg <= 64.278)
",9999999.000,9999999.000,0.000,1.000,0.000,2,0,0,0,2,0,2,0,1.0,0.0,0.0,1.0,1.0,0.0,1
"F[0,1](((BUN <= 17.955 & SMBGperDayPtMeterCombo >= 4.332) -> LDL >= 4.586) & Pt_MotherT1D >= 4.384)
",-9999999.000,-9999999.000,0.000,0.000,1.000,2,0,0,0,2,0,2,0,1.0,0.0,0.0,1.0,1.0,0.0,-1
"G[0,1](diagAgeCombo >= 46.000 | BUN >= 16.265)
",9999999.000,9999999.000,0.000,1.000,0.000,2,0,0,0,2,0,2,0,1.0,0.0,0.0,1.0,1.0,0.0,1
"G[0,1](BGTestAvgNumPtRep >= 2.916 | bmiPerc <= 0.000)
",9999999.000,9999999.000,0.000,1.000,0.000,2,0,0,0,2,0,2,0,1.0,0.0,0.0,1.0,1.0,0.0,1
"G[0,1]((TotChol >= 89.574 & Pt_GrandchildT1D >= 0.000) -> diabDur >= 0.000)
",9999999.000,9999999.000,0.000,1.000,0.000,2,0,0,0,2,0,2,0,1.0,0.0,0.0,1.0,1.0,0.0,1
"G[0,1]((Pt_InsGov >= 0.000 -> Pt_A1cGoalLev <= 0.000) & bmiPerc <= 0.000)
",9999999.000,9999999.000,0.000,1.000,0.000,2,0,0,0,2,0,2,0,1.0,0.0,0.0,1.0,1.0,0.0,1
"G[0,1](((Pt_CGMUseNumDays <= 0.000 -> UnitsInsBasalOrLongAct <= 13.744) -> Pt_SiblingT1D >= 6.663) | diagAgeCombo >= 0.186)
",9999999.000,9999999.000,0.000,1.000,0.000,2,0,0,0,2,0,2,0,1.0,0.0,0.0,1.0,1.0,0.0,1
"G[0,1]((AutonomicNeuroCl >= 0.000 & TSH >= 0.515) | HbA1cImputeDtMnC <= 1.114)
",9999999.000,9999999.000,0.000,1.000,0.000,2,0,0,0,2,0,2,0,1.0,0.0,0.0,1.0,1.0,0.0,1
"G[0,1](BldPrSys >= 114.723 | bmi >= 23.308)
",9999999.000,9999999.000,0.000,1.000,0.000,2,0,0,0,2,0,2,0,1.0,0.0,0.0,1.0,1.0,0.0,1
"G[1,1]((age <= 58.469 | bmiZscore <= -0.587) | HDL <= -0.573)
",58.469,58.469,0.000,1.000,0.000,2,0,0,0,2,0,2,0,1.0,0.0,0.0,1.0,1.0,0.0,1
"G[1,1](BldPrSys <= 130.162 -> BUN <= 17.931)
",-130.162,-130.162,0.000,1.000,0.000,2,0,0,0,2,0,2,0,1.0,0.0,0.0,1.0,1.0,0.0,1
"G[0,0]((bmiZscore <= -0.582 | TSH >= 0.750) & Pt_SiblingT1D <= 1.586)
",1.586,1.586,0.000,1.000,0.000,2,0,0,0,2,0,2,0,1.0,0.0,0.0,1.0,1.0,0.0,1
"G[1,1](diagAgeCombo >= 46.000 & Pt_A1cGoalLevelDsYr5 <= 0.000)
",-46.000,-46.000,0.000,1.000,0.000,2,0,0,0,2,0,2,0,1.0,0.0,0.0,1.0,1.0,0.0,1
"F[0,1](((BGTestAvgNumMeter >= 2.125 & diabDur >= 8.297) | TotalDailyInsPerKg <= 12.494) & LDL <= 12.802)
",-9999999.000,-9999999.000,0.000,0.000,1.000,2,0,0,0,2,0,2,0,1.0,0.0,0.0,1.0,1.0,0.0,-1
"((BGTestAvgNumMeter >= 2.012) U[1,1] (BGTestAvgNumPtRep <= 5.791))
",5.791,5.791,0.000,0.000,1.000,2,0,0,0,2,0,2,0,1.0,0.0,0.0,1.0,1.0,0.0,-1
"F[0,1](((LDL <= 72.872 & WeightKg <= 63.582) | WeightKg >= 62.061) & TSH >= 61.111)
",-9999999.000,-9999999.000,0.000,0.000,1.000,2,0,0,0,2,0,2,0,1.0,0.0,0.0,1.0,1.0,0.0,-1
"F[1,1]((BldPrDia >= 72.273 | BldPrDia >= 71.251) & Pt_GrandparentT1D >= 67.538)
",-71.251,-71.251,0.000,0.000,1.000,2,0,0,0,2,0,2,0,1.0,0.0,0.0,1.0,1.0,0.0,-1
"F[0,1](((BldPrSys >= 122.078 -> UnitsInsBasalOrLongAct >= 3.300) | diagAgeCombo >= 4.551) -> diagAgeCombo <= 10.006)
",-9999999.000,-9999999.000,0.000,0.000,1.000,2,0,0,0,2,0,2,0,1.0,0.0,0.0,1.0,1.0,0.0,-1
"F[0,0](((BldPrSys >= 119.977 -> WeightKg >= 61.011) & bmiPerc >= 62.312) & age <= 63.178)
",-61.014,-38.593,0.000,0.000,1.000,2,0,0,0,2,0,2,0,1.0,0.0,0.0,1.0,1.0,0.0,-1
"F[1,1](((BldPrSys <= 127.532 | HeightCm >= 162.829) & HbA1cImputeDtMnC <= 162.982) -> diabDur >= 162.635)
",-127.532,-127.532,0.000,0.000,1.000,2,0,0,0,2,0,2,0,1.0,0.0,0.0,1.0,1.0,0.0,-1
"((Pt_FatherT1D < 0.000) U[1,2] (Pt_SHFlg = 0.000))
",-9999999.000,-9999999.000,0.000,0.000,1.000,2,0,0,0,2,0,2,0,1.0,0.0,0.0,1.0,1.0,0.0,-1
"F[0,0]((TotalDailyInsPerKg >= 0.048 | TotChol >= 1.574) -> bmi >= 87.501)
",-13.803,-110.426,0.000,0.000,1.000,2,0,0,0,2,0,2,0,1.0,0.0,0.0,1.0,1.0,0.0,-1
"F[1,1]((BldPrDia >= 71.121 -> HeightCm <= 162.974) & UnitsInsBasalOrLongAct >= 162.665)
",-162.974,-162.974,0.000,0.000,1.000,2,0,0,0,2,0,2,0,1.0,0.0,0.0,1.0,1.0,0.0,-1
"F[1,1]((bmiZscore >= -0.630 & HDL <= 117.233) | diabDur >= 113.446)
",0.630,0.630,0.000,0.000,1.000,2,0,0,0,2,0,2,0,1.0,0.0,0.0,1.0,1.0,0.0,-1
"F[0,1]((TotChol <= 151.677 -> Triglyc <= 81.893) & diagAgeCombo >= 63.652)
",-9999999.000,-9999999.000,0.000,0.000,1.000,2,0,0,0,2,0,2,0,1.0,0.0,0.0,1.0,1.0,0.0,-1
"F[1,1](((AlbCreatRat_mggNew <= 5.544 & BGTestAvgNumPtRep <= 3.544) | HeightCm <= 5.861) & Pt_InsGov >= 2.351)
",-2.351,-2.351,0.000,0.000,1.000,2,0,0,0,2,0,2,0,1.0,0.0,0.0,1.0,1.0,0.0,-1
"F[0,1]((Pt_ChildT1D <= 0.000 | TSH >= 1.067) & BUN <= 1.585)
",-9999999.000,-9999999.000,0.000,0.000,1.000,2,0,0,0,2,0,2,0,1.0,0.0,0.0,1.0,1.0,0.0,-1
"F[1,1](((BGTestAvgNumMeter >= 0.979 -> HDL <= 120.718) -> bmiPerc <= 117.314) & bmi >= 109.011)
",-117.314,-117.314,0.000,0.000,1.000,2,0,0,0,2,0,2,0,1.0,0.0,0.0,1.0,1.0,0.0,-1
"F[0,1]((SMBGperDayPtMeterCombo <= 5.670 | TSH <= 1.474) & HbA1c <= 1.548)
",-9999999.000,-9999999.000,0.000,0.000,1.000,2,0,0,0,2,0,2,0,1.0,0.0,0.0,1.0,1.0,0.0,-1
"F[1,1](((bmiZscore <= -0.575 -> Pt_CGMUseNumDays <= 0.000) & bmiPerc <= 0.000) & BUN <= 0.000)
",0.000,0.000,0.000,0.000,1.000,2,0,0,0,2,0,2,0,1.0,0.0,0.0,1.0,1.0,0.0,-1
"((age >= 54.078) U[1,1] (TotChol <= 167.840))
",167.840,167.840,0.000,0.000,1.000,2,0,0,0,2,0,2,0,1.0,0.0,0.0,1.0,1.0,0.0,-1
"F[0,1](((Pt_InsGov >= 0.000 | HeightCm <= 162.899) & Pt_InsGov <= 162.927) & BGTestAvgNumPtRep >= 162.735)
",-9999999.000,-9999999.000,0.000,0.000,1.000,2,0,0,0,2,0,2,0,1.0,0.0,0.0,1.0,1.0,0.0,-1
"G[1,1]((BUN <= 17.933 -> Pt_InsGov >= 0.000) -> BGTestAvgNumMeter >= 0.000)
",0.000,0.000,0.000,1.000,0.000,2,0,0,0,2,0,2,0,1.0,0.0,0.0,1.0,1.0,0.0,1
"G[0,1](((bmiZscore <= -0.586 | diabDur >= 8.109) | NumPumpBolusOrShortAct <= 12.879) -> BGTestAvgNumPtRep <= 10.823)
",9999999.000,9999999.000,0.000,1.000,0.000,2,0,0,0,2,0,2,0,1.0,0.0,0.0,1.0,1.0,0.0,1
"G[0,1](age <= 56.912 | LDL <= 74.738)
",9999999.000,9999999.000,0.000,1.000,0.000,2,0,0,0,2,0,2,0,1.0,0.0,0.0,1.0,1.0,0.0,1
"G[0,0]((AlbCreatRat_mggNew <= 2.148 -> diabDur >= 9.657) | Pt_GrandchildT1D >= 8.775)
",-8.775,-8.775,0.000,1.000,0.000,2,0,0,0,2,0,2,0,1.0,0.0,0.0,1.0,1.0,0.0,1
"G[0,1](((BGTestAvgNumPtRep >= 2.704 -> NumPumpBolusOrShortAct >= 0.297) | NumPumpBolusOrShortAct <= 1.099) | diabDur <= 2.311)
",9999999.000,9999999.000,0.000,1.000,0.000,2,0,0,0,2,0,2,0,1.0,0.0,0.0,1.0,1.0,0.0,1
"G[0,0](AlbCreatRat_mggNew >= 0.185 | SMBGperDayPtMeterCombo >= 4.856)
",13.429,67.144,0.000,1.000,0.000,2,0,0,0,2,0,2,0,1.0,0.0,0.0,1.0,1.0,0.0,1
"G[0,0](((Triglyc >= 56.245 | BGTestAvgNumMeter >= 1.234) | TSH <= 4.706) & HbA1c >= 2.545)
",-1.960,-1.685,0.000,1.000,0.000,2,0,0,0,2,0,2,0,1.0,0.0,0.0,1.0,1.0,0.0,1
"G[0,1](((Pt_MotherT1D >= 0.000 -> BldPrDia <= 74.306) | BUN <= 75.260) | Triglyc <= 75.373)
",9999999.000,9999999.000,0.000,1.000,0.000,2,0,0,0,2,0,2,0,1.0,0.0,0.0,1.0,1.0,0.0,1
"G[1,1]((BGTestAvgNumMeter <= 4.057 & bmiZscore <= -0.575) | LDL >= -0.613)
",0.613,0.613,0.000,1.000,0.000,2,0,0,0,2,0,2,0,1.0,0.0,0.0,1.0,1.0,0.0,1
"G[0,0](HDL <= 118.642 -> Pt_SHFlg = 0.000)
",-10.698,-48.142,0.000,1.000,0.000,2,0,0,0,2,0,2,0,1.0,0.0,0.0,1.0,1.0,0.0,1
"G[0,1](((NumPumpBolusOrShortAct <= 1.772 | Pt_ChildT1D >= 0.000) | BldPrDia <= 0.000) & Pt_InsGov <= 0.000)
",9999999.000,9999999.000,0.000,1.000,0.000,2,0,0,0,2,0,2,0,1.0,0.0,0.0,1.0,1.0,0.0,1
"G[0,0](LDL >= 56.080 | UnitsInsBasalOrLongAct <= 7.743)
",1.765,4.943,0.000,1.000,0.000,2,0,0,0,2,0,2,0,1.0,0.0,0.0,1.0,1.0,0.0,1
"G[0,0]((HbA1c >= 7.611 -> Pt_SiblingT1D >= 0.000) | Pt_MotherT1D >= 0.000)
",0.000,0.000,0.000,1.000,0.000,2,0,0,0,2,0,2,0,1.0,0.0,0.0,1.0,1.0,0.0,1
"G[0,0](AlbCreatRat_mggNew <= 4.726 | bmiZscore >= -0.637)
",0.637,0.637,0.000,1.000,0.000,2,0,0,0,2,0,2,0,1.0,0.0,0.0,1.0,1.0,0.0,1
"G[0,1](((bmi >= 23.197 | HeightCm <= 162.977) -> bmi >= 162.572) -> TotalDailyInsPerKg <= 162.995)
",9999999.000,9999999.000,0.000,1.000,0.000,2,0,0,0,2,0,2,0,1.0,0.0,0.0,1.0,1.0,0.0,1
"G[0,1](((diabDur >= 7.291 -> TSH >= 0.475) & SMBGperDayPtMeterCombo >= 0.303) & Pt_A1cGoalLevelDsYr5 <= 1.340)
",9999999.000,9999999.000,0.000,1.000,0.000,2,0,0,0,2,0,2,0,1.0,0.0,0.0,1.0,1.0,0.0,1
"G[0,0]((BldPrSys >= 118.502 -> Pt_ChildT1D >= 0.000) & bmiPerc <= 0.000)
",-37.499,-23.719,0.000,1.000,0.000,2,0,0,0,2,0,2,0,1.0,0.0,0.0,1.0,1.0,0.0,1
"G[0,0]((GFR >= 6.364 | TotChol >= 1.641) -> Pt_DKAFlg <= 144.729)
",-144.729,-144.729,0.000,1.000,0.000,2,0,0,0,2,0,2,0,1.0,0.0,0.0,1.0,1.0,0.0,1
"G[0,1]((Pt_FatherT1D <= 0.000 & Triglyc <= 75.253) -> Pt_GrandchildT1D <= 89.997)
",9999999.000,9999999.000,0.000,1.000,0.000,2,0,0,0,2,0,2,0,1.0,0.0,0.0,1.0,1.0,0.0,1
"G[1,1](NumPumpBolusOrShortAct >= 0.104 -> Pt_InsGov >= 0.000)
",0.000,0.000,0.000,1.000,0.000,2,0,0,0,2,0,2,0,1.0,0.0,0.0,1.0,1.0,0.0,1
"G[1,1](Pt_SHFlg >= 0.000 | Pt_MotherT1D <= 0.000)
",0.000,0.000,0.000,1.000,0.000,2,0,0,0,2,0,2,0,1.0,0.0,0.0,1.0,1.0,0.0,1
"G[1,1](((AlbCreatRat_mggNew <= 4.431 & Triglyc <= 72.008) & Pt_SHFlg <= 71.613) | Pt_A1cGoalLevelDsYr5 <= 76.484)
",76.484,76.484,0.000,1.000,0.000,2,0,0,0,2,0,2,0,1.0,0.0,0.0,1.0,1.0,0.0,1
"G[0,0]((BldPrDia <= 75.040 -> Triglyc >= 58.203) | TotalDailyInsPerKg >= 62.905)
",0.039,2.027,0.000,1.000,0.000,2,0,0,0,2,0,2,0,1.0,0.0,0.0,1.0,1.0,0.0,1
"G[0,1](((HDL >= 106.785 | HeightCm <= 162.964) | HeightCm >= 162.605) -> diagAgeCombo <= 162.896)
",9999999.000,9999999.000,0.000,1.000,0.000,2,0,0,0,2,0,2,0,1.0,0.0,0.0,1.0,1.0,0.0,1
"G[0,1]((WeightKg >= 62.400 & AutonomicNeuroCl <= 0.000) | Pt_SiblingT1D <= 0.000)
",9999999.000,9999999.000,0.000,1.000,0.000,2,0,0,0,2,0,2,0,1.0,0.0,0.0,1.0,1.0,0.0,1
"G[0,1]((BGTestAvgNumPtRep <= 4.522 & bmiZscore >= -0.648) | TotalDailyInsPerKg >= -0.615)
",9999999.000,9999999.000,0.000,1.000,0.000,2,0,0,0,2,0,2,0,1.0,0.0,0.0,1.0,1.0,0.0,1
"G[0,1]((BldPrDia >= 70.109 & diabDur >= 10.204) -> Pt_FatherT1D <= 10.340)
",9999999.000,9999999.000,0.000,1.000,0.000,2,0,0,0,2,0,2,0,1.0,0.0,0.0,1.0,1.0,0.0,1
"F[0,1]((HbA1c <= 8.039 -> HbA1cImputeDtMnC <= 60.167) -> Pt_A1cGoalLevelDsYr5 >= 35.981)
",-9999999.000,-9999999.000,0.000,0.000,1.000,2,0,0,0,2,0,2,0,1.0,0.0,0.0,1.0,1.0,0.0,-1
"G[0,0](bmiZscore >= -0.643 & TotalDailyInsPerKg <= 0.613)
",-3.129,-9.387,0.000,1.000,0.000,2,0,0,0,2,0,2,0,1.0,0.0,0.0,1.0,1.0,0.0,1
"G[0,1](((age >= 53.441 | BGTestAvgNumMeter <= 3.898) -> DirectLDL >= 1.892) -> AutonomicNeuroCl <= 4.814)
",9999999.000,9999999.000,0.000,1.000,0.000,2,0,0,0,2,0,2,0,1.0,0.0,0.0,1.0,1.0,0.0,1
"G[0,1](Pt_InsGov <= 0.000 & Pt_SHFlg = 0.000)
",9999999.000,9999999.000,0.000,1.000,0.000,2,0,0,0,2,0,2,0,1.0,0.0,0.0,1.0,1.0,0.0,1
"G[1,1](HDL >= 104.254 | SMBGperDayPtMeterCombo <= 5.749)
",5.749,5.749,0.000,1.000,0.000,2,0,0,0,2,0,2,0,1.0,0.0,0.0,1.0,1.0,0.0,1
"G[1,1](((BldPrSys <= 130.497 -> WeightKg <= 64.380) | HeightCm >= 62.274) | SMBGperDayPtMeterCombo >= 62.540)
",-62.274,-62.274,0.000,1.000,0.000,2,0,0,0,2,0,2,0,1.0,0.0,0.0,1.0,1.0,0.0,1
"G[0,1](((AlbCreatRat_mggNew >= 0.225 & TSH >= 0.946) -> DirectLDL >= 1.065) -> Pt_FatherT1D <= 1.465)
",9999999.000,9999999.000,0.000,1.000,0.000,2,0,0,0,2,0,2,0,1.0,0.0,0.0,1.0,1.0,0.0,1
"G[0,0](((Triglyc <= 81.356 & BldPrSys >= 119.352) -> BGTestAvgNumPtRep >= 115.497) -> Pt_CGMUseNumDays <= 128.228)
",-56.748,-113.497,0.000,1.000,0.000,2,0,0,0,2,0,2,0,1.0,0.0,0.0,1.0,1.0,0.0,1
"G[0,0](((bmi <= 24.228 -> Triglyc >= 54.387) -> BGTestAvgNumPtRep >= 64.109) -> Pt_FatherT1D >= 65.519)
",-2.350,-42.169,0.000,1.000,0.000,2,0,0,0,2,0,2,0,1.0,0.0,0.0,1.0,1.0,0.0,1
"G[0,1](BGTestAvgNumMeter <= 4.410 | LDL <= 62.384)
",9999999.000,9999999.000,0.000,1.000,0.000,2,0,0,0,2,0,2,0,1.0,0.0,0.0,1.0,1.0,0.0,1
"G[0,1](BldPrDia <= 73.243 | BUN <= 18.251)
",9999999.000,9999999.000,0.000,1.000,0.000,2,0,0,0,2,0,2,0,1.0,0.0,0.0,1.0,1.0,0.0,1
"G[1,1](HbA1c <= 8.068 | Pt_MotherT1D >= 0.000)
",8.068,8.068,0.000,1.000,0.000,2,0,0,0,2,0,2,0,1.0,0.0,0.0,1.0,1.0,0.0,1
"((BGTestAvgNumMeter >= 1.924) U[1,2] (BGTestAvgNumPtRep <= 3.959))
",-9999999.000,-9999999.000,0.000,0.000,1.000,1,0,0,1,2,0,1,1,0.5,0.0,0.0,1.0,0.5,0.5,-1
"F[0,1](((NumPumpBolusOrShortAct >= 0.359 | BUN >= 17.191) | HbA1cImputeDtMnC <= 18.248) -> WeightKg <= 17.560)
",-9999999.000,-9999999.000,0.000,0.000,1.000,1,0,0,1,2,0,1,1,0.5,0.0,0.0,1.0,0.5,0.5,-1
"((BGTestAvgNumMeter >= 2.461) U[0,0] (BGTestAvgNumPtRep <= 4.520))
",1.260,2.520,0.000,0.000,1.000,1,0,0,1,2,0,1,1,0.5,0.0,0.0,1.0,0.5,0.5,-1
"F[1,1](age >= 55.998 & GFR <= 45.064)
",-55.998,-55.998,0.000,0.000,1.000,1,0,0,1,2,0,1,1,0.5,0.0,0.0,1.0,0.5,0.5,-1
"F[1,1]((age >= 56.446 | NumPumpBolusOrShortAct <= 2.456) & Pt_DKAFlg <= 2.319)
",2.319,2.319,0.000,0.000,1.000,1,0,0,1,2,0,1,1,0.5,0.0,0.0,1.0,0.5,0.5,-1
"((LDL >= 56.939) U[0,1] (GFR >= 9.199))
",-9999999.000,-9999999.000,0.000,0.000,1.000,1,0,0,1,2,0,1,1,0.5,0.0,0.0,1.0,0.5,0.5,-1
"((BGTestAvgNumPtRep >= 2.833) U[1,2] (HeightCm >= 162.722))
",-9999999.000,-9999999.000,0.000,0.000,1.000,1,0,0,1,2,0,1,1,0.5,0.0,0.0,1.0,0.5,0.5,-1
"((BGTestAvgNumMeter >= 2.020) U[1,2] (BGTestAvgNumPtRep <= 4.351))
",-9999999.000,-9999999.000,0.000,0.000,1.000,1,0,0,1,2,0,1,1,0.5,0.0,0.0,1.0,0.5,0.5,-1
"F[1,1]((BldPrSys >= 117.512 & Pt_InsGov >= 0.000) & Pt_A1cGoalLev <= 0.000)
",-117.512,-117.512,0.000,0.000,1.000,1,0,0,1,2,0,1,1,0.5,0.0,0.0,1.0,0.5,0.5,-1
"((BUN >= 17.029) U[0,0] (HeightCm <= 162.902))
",54.199,100.047,0.000,0.000,1.000,1,0,0,1,2,0,1,1,0.5,0.0,0.0,1.0,0.5,0.5,-1
"F[1,1](((Pt_GrandparentT1D <= 0.000 | Pt_SHFlg <= 0.000) & Pt_A1cGoalLev <= 0.000) & NumPumpBolusOrShortAct <= 0.000)
",0.000,0.000,0.000,0.000,1.000,1,0,0,1,2,0,1,1,0.5,0.0,0.0,1.0,0.5,0.5,-1
"F[0,0](diabDur >= 9.671 & DirectLDL >= 0.000)
",13.380,46.829,0.000,0.000,1.000,1,0,0,1,2,0,1,1,0.5,0.0,0.0,1.0,0.5,0.5,-1
"F[0,1]((HeightCm <= 162.910 | SMBGperDayPtMeterCombo >= 4.934) -> HbA1c <= 5.270)
",-9999999.000,-9999999.000,0.000,0.000,1.000,1,0,0,1,2,0,1,1,0.5,0.0,0.0,1.0,0.5,0.5,-1
"F[1,1](HeightCm >= 162.642 & Triglyc >= 63.861)
",-162.642,-162.642,0.000,0.000,1.000,1,0,0,1,2,0,1,1,0.5,0.0,0.0,1.0,0.5,0.5,-1
"((age >= 53.919) U[1,2] (Triglyc <= 89.374))
",-9999999.000,-9999999.000,0.000,0.000,1.000,1,0,0,1,2,0,1,1,0.5,0.0,0.0,1.0,0.5,0.5,-1
"((bmiZscore <= -0.585) U[1,2] (HeightCm >= 162.866))
",-9999999.000,-9999999.000,0.000,0.000,1.000,1,0,0,1,2,0,1,1,0.5,0.0,0.0,1.0,0.5,0.5,-1
"((AlbCreatRat_mggNew <= 4.381) U[1,2] (HDL >= 111.376))
",-9999999.000,-9999999.000,0.000,0.000,1.000,1,0,0,1,2,0,1,1,0.5,0.0,0.0,1.0,0.5,0.5,-1
"((SMBGperDayPtMeterCombo <= 5.769) U[1,2] (WeightKg <= 64.247))
",-9999999.000,-9999999.000,0.000,0.000,1.000,1,0,0,1,2,0,1,1,0.5,0.0,0.0,1.0,0.5,0.5,-1
"((Pt_MotherT1D <= 0.000) U[0,1] (NumPumpBolusOrShortAct >= 0.107))
",-9999999.000,-9999999.000,0.000,0.000,1.000,1,0,0,1,2,0,1,1,0.5,0.0,0.0,1.0,0.5,0.5,-1
"((HeightCm >= 162.721) U[0,0] (UnitsInsBasalOrLongAct <= 10.695))
",2.820,7.895,0.000,0.000,1.000,1,0,0,1,2,0,1,1,0.5,0.0,0.0,1.0,0.5,0.5,-1
"((age >= 54.504) U[1,1] (HbA1cImputeDtMnC >= 38.193))
",-38.193,-38.193,0.000,0.000,1.000,1,0,0,1,2,0,1,1,0.5,0.0,0.0,1.0,0.5,0.5,-1
"F[0,1](BGTestAvgNumPtRep <= 3.345 & TSH <= 1.342)
",-9999999.000,-9999999.000,0.000,0.000,1.000,1,0,0,1,2,0,1,1,0.5,0.0,0.0,1.0,0.5,0.5,-1
"F[0,0]((SMBGperDayPtMeterCombo >= 4.796 & SMBGperDayPtMeterCombo <= 6.671) & bmiZscore <= 6.347)
",-13.066,-65.329,0.000,0.000,1.000,1,0,0,1,2,0,1,1,0.5,0.0,0.0,1.0,0.5,0.5,-1
"F[1,1](((BldPrSys >= 125.717 -> GFR <= 61.397) & BGTestAvgNumPtRep <= 40.074) -> Triglyc <= 45.190)
",-45.190,-45.190,0.000,0.000,1.000,1,0,0,1,2,0,1,1,0.5,0.0,0.0,1.0,0.5,0.5,-1
"F[0,1](DirectLDL <= 0.000 -> AlbCreatRat_mggNew >= 0.663)
",-9999999.000,-9999999.000,0.000,0.000,1.000,1,0,0,1,2,0,1,1,0.5,0.0,0.0,1.0,0.5,0.5,-1
"F[0,0]((GFR >= 18.469 | LDL <= 68.186) & bmiPerc <= 68.578)
",70.920,44.859,0.000,0.000,1.000,1,0,0,1,2,0,1,1,0.5,0.0,0.0,1.0,0.5,0.5,-1
"((NumPumpBolusOrShortAct >= 0.586) U[0,0] (TotChol >= 125.836))
",-0.586,-0.586,0.000,0.000,1.000,1,0,0,1,2,0,1,1,0.5,0.0,0.0,1.0,0.5,0.5,-1
"((AlbCreatRat_mggNew <= 3.984) U[1,1] (HbA1c >= 7.600))
",3.984,3.984,0.000,0.000,1.000,1,0,0,1,2,0,1,1,0.5,0.0,0.0,1.0,0.5,0.5,-1
"G[0,1]((WeightKg >= 62.531 | bmi >= 23.553) -> UnitsInsBasalOrLongAct <= 11.361)
",9999999.000,9999999.000,0.000,1.000,0.000,1,0,0,1,2,0,1,1,0.5,0.0,0.0,1.0,0.5,0.5,1
"G[0,0](GFR <= 25.469 -> BUN >= 16.364)
",-2.928,-55.636,0.000,1.000,0.000,1,0,0,1,2,0,1,1,0.5,0.0,0.0,1.0,0.5,0.5,1
"G[0,1](BldPrSys >= 120.490 -> diabDur <= 11.997)
",9999999.000,9999999.000,0.000,1.000,0.000,1,0,0,1,2,0,1,1,0.5,0.0,0.0,1.0,0.5,0.5,1
"G[0,1](diabDur <= 11.715 & Pt_SHFlg = 0.000)
",9999999.000,9999999.000,0.000,1.000,0.000,1,0,0,1,2,0,1,1,0.5,0.0,0.0,1.0,0.5,0.5,1
"G[1,1]((WeightKg >= 62.387 | bmi >= 23.110) -> UnitsInsBasalOrLongAct <= 8.643)
",-8.643,-8.643,0.000,1.000,0.000,1,0,0,1,2,0,1,1,0.5,0.0,0.0,1.0,0.5,0.5,1
"G[1,1](((TSH >= 0.596 | age >= 55.460) -> AutonomicNeuroCl <= 58.510) -> Triglyc <= 59.309)
",-59.309,-59.309,0.000,1.000,0.000,1,0,0,1,2,0,1,1,0.5,0.0,0.0,1.0,0.5,0.5,1
"G[0,0](HbA1c <= 8.113 & TSH <= 1.789)
",-9.422,-4.711,0.000,1.000,0.000,1,0,0,1,2,0,1,1,0.5,0.0,0.0,1.0,0.5,0.5,1
"G[0,1]((BGTestAvgNumMeter >= 1.917 & Triglyc <= 77.843) & bmiPerc <= 71.955)
",9999999.000,9999999.000,0.000,1.000,0.000,1,0,0,1,2,0,1,1,0.5,0.0,0.0,1.0,0.5,0.5,1
"G[0,1]((BUN <= 17.446 | diabDur <= 10.453) & BUN >= 8.475)
",9999999.000,9999999.000,0.000,1.000,0.000,1,0,0,1,2,0,1,1,0.5,0.0,0.0,1.0,0.5,0.5,1
"G[0,0]((DirectLDL >= 0.000 -> SMBGperDayPtMeterCombo >= 5.072) | BUN <= 6.268)
",-3.460,-65.732,0.000,1.000,0.000,1,0,0,1,2,0,1,1,0.5,0.0,0.0,1.0,0.5,0.5,1
"G[0,1](BGTestAvgNumMeter >= 2.576 | BGTestAvgNumPtRep <= 5.436)
",9999999.000,9999999.000,0.000,1.000,0.000,1,0,0,1,2,0,1,1,0.5,0.0,0.0,1.0,0.5,0.5,1
"G[0,1](Pt_CGMUseNumDays >= 0.000 -> Triglyc <= 88.893)
",9999999.000,9999999.000,0.000,1.000,0.000,1,0,0,1,2,0,1,1,0.5,0.0,0.0,1.0,0.5,0.5,1
"G[0,1](HbA1c >= 7.865 -> TSH >= 0.654)
",9999999.000,9999999.000,0.000,1.000,0.000,1,0,0,1,2,0,1,1,0.5,0.0,0.0,1.0,0.5,0.5,1
"G[1,1](Pt_CGMUseNumDays <= 0.000 -> NumPumpBolusOrShortAct >= 0.107)
",0.000,0.000,0.000,1.000,0.000,1,0,0,1,2,0,1,1,0.5,0.0,0.0,1.0,0.5,0.5,1
"G[0,0]((TotChol <= 169.829 -> AlbCreatRat_mggNew >= 0.733) & AlbCreatRat_mggNew >= 1.054)
",-7.229,-57.829,0.000,1.000,0.000,1,0,0,1,2,0,1,1,0.5,0.0,0.0,1.0,0.5,0.5,1
"G[0,0](SMBGperDayPtMeterCombo >= 4.665 & BGTestAvgNumPtRep >= 2.044)
",-0.022,-0.044,0.000,1.000,0.000,1,0,0,1,2,0,1,1,0.5,0.0,0.0,1.0,0.5,0.5,1
"G[0,1]((AlbCreatRat_mggNew <= 2.103 | UnitsInsBasalOrLongAct >= 0.004) | Pt_A1cGoalLev >= 4.641)
",9999999.000,9999999.000,0.000,1.000,0.000,1,0,0,1,2,0,1,1,0.5,0.0,0.0,1.0,0.5,0.5,1
"G[0,1]((SMBGperDayPtMeterCombo <= 6.254 -> Triglyc >= 60.505) & WeightKg >= 59.474)
",9999999.000,9999999.000,0.000,1.000,0.000,1,0,0,1,2,0,1,1,0.5,0.0,0.0,1.0,0.5,0.5,1
"G[0,1]((Triglyc <= 75.993 & TSH >= 0.411) & BldPrSys >= 0.527)
",9999999.000,9999999.000,0.000,1.000,0.000,1,0,0,1,2,0,1,1,0.5,0.0,0.0,1.0,0.5,0.5,1
"G[0,1](((BldPrDia >= 71.111 | HbA1cImputeDtMnC >= 0.702) -> BldPrDia <= 67.112) -> Pt_CGMUseNumDays >= 17.796)
",9999999.000,9999999.000,0.000,1.000,0.000,1,0,0,1,2,0,1,1,0.5,0.0,0.0,1.0,0.5,0.5,1
"G[0,1](((Pt_InsGov >= 0.000 & DirectLDL >= 0.000) & Pt_DKAFlg <= 0.000) & AlbCreatRat_mggNew <= 0.000)
",9999999.000,9999999.000,0.000,1.000,0.000,1,0,0,1,2,0,1,1,0.5,0.0,0.0,1.0,0.5,0.5,1
"G[0,1]((TSH >= 0.726 & UnitsInsBasalOrLongAct <= 12.853) -> BUN <= 8.869)
",9999999.000,9999999.000,0.000,1.000,0.000,1,0,0,1,2,0,1,1,0.5,0.0,0.0,1.0,0.5,0.5,1
"G[0,0]((AlbCreatRat_mggNew >= 0.327 -> diabDur >= 8.203) | HeightCm <= 12.423)
",-13.799,-48.297,0.000,1.000,0.000,1,0,0,1,2,0,1,1,0.5,0.0,0.0,1.0,0.5,0.5,1
"G[0,0]((WeightKg >= 62.739 | bmi >= 23.265) -> UnitsInsBasalOrLongAct <= 9.720)
",-2.471,-6.920,0.000,1.000,0.000,1,0,0,1,2,0,1,1,0.5,0.0,0.0,1.0,0.5,0.5,1
"G[0,0](GFR <= 74.603 -> BUN >= 16.271)
",-6458.336,-75.244,0.000,1.000,0.000,1,0,0,1,2,0,1,1,0.5,0.0,0.0,1.0,0.5,0.5,1
"G[0,1]((WeightKg >= 61.608 | bmi >= 23.276) -> UnitsInsBasalOrLongAct <= 13.956)
",9999999.000,9999999.000,0.000,1.000,0.000,1,0,0,1,2,0,1,1,0.5,0.0,0.0,1.0,0.5,0.5,1
"G[0,1]((BldPrDia >= 69.996 & NumPumpBolusOrShortAct <= 2.410) -> HbA1cImputeDtMnC <= 2.782)
",9999999.000,9999999.000,0.000,1.000,0.000,1,0,0,1,2,0,1,1,0.5,0.0,0.0,1.0,0.5,0.5,1
"G[1,1](BGTestAvgNumPtRep >= 2.580 | TotalDailyInsPerKg <= 0.556)
",0.556,0.556,0.000,1.000,0.000,1,0,0,1,2,0,1,1,0.5,0.0,0.0,1.0,0.5,0.5,1
"G[0,1](((bmi <= 24.091 & SMBGperDayPtMeterCombo >= 4.607) & HbA1cImputeDtMnC >= 4.422) | HbA1cImputeDtMnC >= 4.454)
",9999999.000,9999999.000,0.000,1.000,0.000,1,0,0,1,2,0,1,1,0.5,0.0,0.0,1.0,0.5,0.5,1
"F[0,2](bmiPerc <= 0.000 | WeightKg <= 63.815)
",-9999999.000,-9999999.000,0.000,0.000,1.000,0,0,0,2,2,0,0,2,0.0,0.0,0.0,0.0,0.0,1.0,-1
"F[1,1](TotChol > 93.491 & Pt_SHFlg = 0.000)
",-93.491,-93.491,0.000,0.000,1.000,0,0,0,2,2,0,0,2,0.0,0.0,0.0,0.0,0.0,1.0,-1
"F[2,2](HbA1c >= 7.873 -> Pt_A1cGoalLevelDsYr5 = 0.000)
",0.000,0.000,0.000,0.000,1.000,0,0,0,2,2,0,0,2,0.0,0.0,0.0,0.0,0.0,1.0,-1
"F[1,1]((AlbCreatRat_mggNew >= 0.928 & BUN >= 16.519) -> diabDur >= 16.490)
",16.490,16.490,0.000,0.000,1.000,0,0,0,2,2,0,0,2,0.0,0.0,0.0,0.0,0.0,1.0,-1
"((HbA1c <= 7.994) U[0,2] (LDL >= 50.217))
",-9999999.000,-9999999.000,0.000,0.000,1.000,0,0,0,2,2,0,0,2,0.0,0.0,0.0,0.0,0.0,1.0,-1
"F[0,1](((BldPrSys <= 130.403 -> NumPumpBolusOrShortAct >= 0.410) & LDL >= 0.062) | Pt_GrandparentT1D <= 0.926)
",-9999999.000,-9999999.000,0.000,0.000,1.000,0,0,0,2,2,0,0,2,0.0,0.0,0.0,0.0,0.0,1.0,-1
"F[2,2]((AlbCreatRat_mggNew >= 1.350 & HeightCm >= 162.841) | Pt_SiblingT1D <= 162.927)
",162.927,162.927,0.000,0.000,1.000,0,0,0,2,2,0,0,2,0.0,0.0,0.0,0.0,0.0,1.0,-1
"((Triglyc > 60.253) U[0,1] (Pt_SHFlg = 0.000))
",-9999999.000,-9999999.000,0.000,0.000,1.000,0,0,0,2,2,0,0,2,0.0,0.0,0.0,0.0,0.0,1.0,-1
"((BldPrSys >= 123.593) U[0,2] (Pt_SHFlg = 0.000))
",-9999999.000,-9999999.000,0.000,0.000,1.000,0,0,0,2,2,0,0,2,0.0,0.0,0.0,0.0,0.0,1.0,-1
"((BldPrSys > 119.236) U[0,2] (Pt_SHFlg = 0.000))
",-9999999.000,-9999999.000,0.000,0.000,1.000,0,0,0,2,2,0,0,2,0.0,0.0,0.0,0.0,0.0,1.0,-1
"F[1,2](Pt_ChildT1D <= 0.000 -> Pt_SHFlg = 0.000)
",-9999999.000,-9999999.000,0.000,0.000,1.000,0,0,0,2,2,0,0,2,0.0,0.0,0.0,0.0,0.0,1.0,-1
"((AutonomicNeuroCl >= 0.000) U[0,1] (Pt_SHFlg = 0.000))
",-9999999.000,-9999999.000,0.000,0.000,1.000,0,0,0,2,2,0,0,2,0.0,0.0,0.0,0.0,0.0,1.0,-1
"F[0,1](((Pt_ChildT1D >= 0.000 | DirectLDL >= 0.000) | NumPumpBolusOrShortAct <= 0.000) & UnitsInsBasalOrLongAct <= 0.000)
",-9999999.000,-9999999.000,0.000,0.000,1.000,0,0,0,2,2,0,0,2,0.0,0.0,0.0,0.0,0.0,1.0,-1
"((bmiZscore > -0.632) U[0,2] (Pt_SHFlg = 0.000))
",-9999999.000,-9999999.000,0.000,0.000,1.000,0,0,0,2,2,0,0,2,0.0,0.0,0.0,0.0,0.0,1.0,-1
"F[0,0](LDL < 70.477 -> Pt_SHFlg = 0.000)
",-276.398,-70.223,0.000,0.000,1.000,0,0,0,2,2,0,0,2,0.0,0.0,0.0,0.0,0.0,1.0,-1
"((GFR < 58.765) U[2,2] (Pt_SHFlg = 0.000))
",58.765,58.765,0.000,0.000,1.000,0,0,0,2,2,0,0,2,0.0,0.0,0.0,0.0,0.0,1.0,-1
"F[0,2](AutonomicNeuroCl < 0.000 -> Pt_SHFlg = 0.000)
",-9999999.000,-9999999.000,0.000,0.000,1.000,0,0,0,2,2,0,0,2,0.0,0.0,0.0,0.0,0.0,1.0,-1
"F[0,2](bmiZscore >= -0.624 & Pt_SHFlg = 0.000)
",-9999999.000,-9999999.000,0.000,0.000,1.000,0,0,0,2,2,0,0,2,0.0,0.0,0.0,0.0,0.0,1.0,-1
"F[1,2](bmiPerc < 0.000 -> Pt_SHFlg = 0.000)
",-9999999.000,-9999999.000,0.000,0.000,1.000,0,0,0,2,2,0,0,2,0.0,0.0,0.0,0.0,0.0,1.0,-1
"((AutonomicNeuroCl <= 0.000) U[1,2] (Pt_SHFlg = 0.000))
",-9999999.000,-9999999.000,0.000,0.000,1.000,0,0,0,2,2,0,0,2,0.0,0.0,0.0,0.0,0.0,1.0,-1
"F[2,2](age <= 59.625 & diabDur >= 8.175)
",-8.175,-8.175,0.000,0.000,1.000,0,0,0,2,2,0,0,2,0.0,0.0,0.0,0.0,0.0,1.0,-1
"F[1,2](((HbA1cImputeDtMnC <= 44.840 & SMBGperDayPtMeterCombo >= 4.069) | bmi >= 4.844) -> AlbCreatRat_mggNew <= 6.626)
",-9999999.000,-9999999.000,0.000,0.000,1.000,0,0,0,2,2,0,0,2,0.0,0.0,0.0,0.0,0.0,1.0,-1
"((age >= 56.005) U[1,2] (NumPumpBolusOrShortAct <= 0.812))
",-9999999.000,-9999999.000,0.000,0.000,1.000,0,0,0,2,2,0,0,2,0.0,0.0,0.0,0.0,0.0,1.0,-1
"F[0,2]((BUN >= 16.918 | SMBGperDayPtMeterCombo <= 6.910) & diagAgeCombo <= 5.811)
",-9999999.000,-9999999.000,0.000,0.000,1.000,0,0,0,2,2,0,0,2,0.0,0.0,0.0,0.0,0.0,1.0,-1
"F[1,1]((AlbCreatRat_mggNew >= 0.555 & AlbCreatRat_mggNew <= 3.702) -> AlbCreatRat_mggNew >= 0.531)
",0.531,0.531,0.000,0.000,1.000,0,0,0,2,2,0,0,2,0.0,0.0,0.0,0.0,0.0,1.0,-1
"F[1,2]((SMBGperDayPtMeterCombo >= 4.506 & bmiPerc >= 0.000) & HbA1cImputeDtMnC <= 0.000)
",-9999999.000,-9999999.000,0.000,0.000,1.000,0,0,0,2,2,0,0,2,0.0,0.0,0.0,0.0,0.0,1.0,-1
"F[0,0](age <= 58.127 -> Pt_ChildT1D >= 0.000)
",-58.127,-58.127,0.000,0.000,1.000,0,0,0,2,2,0,0,2,0.0,0.0,0.0,0.0,0.0,1.0,-1
"F[0,0](((BGTestAvgNumMeter <= 3.642 | BGTestAvgNumMeter >= 2.667) -> bmiPerc >= 3.109) -> HbA1c >= 0.012)
",-0.986,-0.848,0.000,0.000,1.000,0,0,0,2,2,0,0,2,0.0,0.0,0.0,0.0,0.0,1.0,-1
"((AutonomicNeuroCl <= 0.000) U[0,2] (BldPrSys <= 129.623))
",-9999999.000,-9999999.000,0.000,0.000,1.000,0,0,0,2,2,0,0,2,0.0,0.0,0.0,0.0,0.0,1.0,-1
"F[1,2]((TotChol >= 8.705 | WeightKg >= 61.702) -> AlbCreatRat_mggNew >= 61.232)
",-9999999.000,-9999999.000,0.000,0.000,1.000,0,0,0,2,2,0,0,2,0.0,0.0,0.0,0.0,0.0,1.0,-1
"F[0,2](BldPrDia >= 72.584 | HDL <= 123.997)
",-9999999.000,-9999999.000,0.000,0.000,1.000,0,0,0,2,2,0,0,2,0.0,0.0,0.0,0.0,0.0,1.0,-1
"F[0,2](((HbA1cImputeDtMnC <= 43.116 -> Pt_FatherT1D <= 0.000) -> Pt_DKAFlg >= 0.000) -> Pt_DKAFlg >= 0.000)
",-9999999.000,-9999999.000,0.000,0.000,1.000,0,0,0,2,2,0,0,2,0.0,0.0,0.0,0.0,0.0,1.0,-1
"((diagAgeCombo >= 46.000) U[0,1] (bmiPerc <= 0.000))
",-9999999.000,-9999999.000,0.000,0.000,1.000,0,0,0,2,2,0,0,2,0.0,0.0,0.0,0.0,0.0,1.0,-1
"F[0,2]((diagAgeCombo <= 46.000 | BGTestAvgNumMeter >= 0.199) | Triglyc >= 0.936)
",-9999999.000,-9999999.000,0.000,0.000,1.000,0,0,0,2,2,0,0,2,0.0,0.0,0.0,0.0,0.0,1.0,-1
"F[2,2](((Pt_GrandchildT1D <= 0.000 | Pt_MotherT1D >= 0.000) & HbA1c >= 0.000) | Pt_CGMUseNumDays >= 0.000)
",0.000,0.000,0.000,0.000,1.000,0,0,0,2,2,0,0,2,0.0,0.0,0.0,0.0,0.0,1.0,-1
"F[1,2]((bmiPerc >= 0.000 & bmiZscore <= -0.588) -> AlbCreatRat_mggNew >= -0.614)
",-9999999.000,-9999999.000,0.000,0.000,1.000,0,0,0,2,2,0,0,2,0.0,0.0,0.0,0.0,0.0,1.0,-1
"F[1,1](((UnitsInsBasalOrLongAct >= 6.737 & BUN >= 16.492) | WeightKg <= 18.482) | Pt_A1cGoalLev <= 17.672)
",18.482,18.482,0.000,0.000,1.000,0,0,0,2,2,0,0,2,0.0,0.0,0.0,0.0,0.0,1.0,-1
"F[1,2](((age >= 53.002 -> BGTestAvgNumPtRep >= 0.395) & HDL <= 3.845) & Pt_SHFlg <= 5.545)
",-9999999.000,-9999999.000,0.000,0.000,1.000,0,0,0,2,2,0,0,2,0.0,0.0,0.0,0.0,0.0,1.0,-1
"((Pt_SHFlg <= 0.000) U[0,1] (HbA1cImputeDtMnC <= 68.780))
",-9999999.000,-9999999.000,0.000,0.000,1.000,0,0,0,2,2,0,0,2,0.0,0.0,0.0,0.0,0.0,1.0,-1
"F[1,1]((BldPrDia >= 71.957 -> BGTestAvgNumMeter <= 3.739) | NumPumpBolusOrShortAct <= 4.587)
",4.587,4.587,0.000,0.000,1.000,0,0,0,2,2,0,0,2,0.0,0.0,0.0,0.0,0.0,1.0,-1
"((Pt_SHFlg <= 0.000) U[2,2] (BGTestAvgNumMeter <= 4.285))
",4.285,4.285,0.000,0.000,1.000,0,0,0,2,2,0,0,2,0.0,0.0,0.0,0.0,0.0,1.0,-1
"((TotalDailyInsPerKg >= 0.114) U[1,2] (HbA1cImputeDtMnC >= 10.148))
",-9999999.000,-9999999.000,0.000,0.000,1.000,0,0,0,2,2,0,0,2,0.0,0.0,0.0,0.0,0.0,1.0,-1
"((diagAgeCombo >= 46.000) U[0,1] (TotChol >= 125.824))
",-9999999.000,-9999999.000,0.000,0.000,1.000,0,0,0,2,2,0,0,2,0.0,0.0,0.0,0.0,0.0,1.0,-1
"F[1,2](((Pt_A1cGoalLev >= 0.000 & BGTestAvgNumPtRep <= 5.252) -> WeightKg >= 2.408) | WeightKg >= 0.658)
",-9999999.000,-9999999.000,0.000,0.000,1.000,0,0,0,2,2,0,0,2,0.0,0.0,0.0,0.0,0.0,1.0,-1
"F[0,2](Pt_InsGov >= 0.000 -> Pt_GrandparentT1D >= 0.000)
",-9999999.000,-9999999.000,0.000,0.000,1.000,0,0,0,2,2,0,0,2,0.0,0.0,0.0,0.0,0.0,1.0,-1
"((Pt_FatherT1D >= 0.000) U[1,1] (AutonomicNeuroCl >= 0.000))
",0.000,0.000,0.000,0.000,1.000,0,0,0,2,2,0,0,2,0.0,0.0,0.0,0.0,0.0,1.0,-1
"F[0,1]((bmi >= 23.348 -> UnitsInsBasalOrLongAct <= 6.956) | Triglyc <= 11.624)
",-9999999.000,-9999999.000,0.000,0.000,1.000,0,0,0,2,2,0,0,2,0.0,0.0,0.0,0.0,0.0,1.0,-1
"G[1,1]((Pt_ChildT1D >= 0.000 & BldPrDia <= 74.960) & SMBGperDayPtMeterCombo >= 72.641)
",-72.641,-72.641,0.000,1.000,0.000,0,0,0,2,2,0,0,2,0.0,0.0,0.0,0.0,0.0,1.0,1
"((AlbCreatRat_mggNew <= 4.327) U[0,1] (BGTestAvgNumMeter >= 2.651))
",-9999999.000,-9999999.000,0.000,0.000,1.000,0,0,0,2,2,0,0,2,0.0,0.0,0.0,0.0,0.0,1.0,-1
"F[0,1]((TSH <= 1.787 & diabDur <= 12.464) & BUN >= 8.574)
",-9999999.000,-9999999.000,0.000,0.000,1.000,0,0,0,2,2,0,0,2,0.0,0.0,0.0,0.0,0.0,1.0,-1
"((BUN <= 18.275) U[0,0] (Pt_InsGov <= 0.000))
",0.000,0.000,0.000,0.000,1.000,0,0,0,2,2,0,0,2,0.0,0.0,0.0,0.0,0.0,1.0,-1
"F[1,1](((Pt_MotherT1D <= 0.000 & bmiPerc <= 0.000) | AutonomicNeuroCl >= 0.000) & Pt_A1cGoalLev >= 0.000)
",0.000,0.000,0.000,0.000,1.000,0,0,0,2,2,0,0,2,0.0,0.0,0.0,0.0,0.0,1.0,-1
"F[2,2]((Pt_InsGov <= 0.000 -> bmi <= 23.982) & UnitsInsBasalOrLongAct <= 24.004)
",-23.982,-23.982,0.000,0.000,1.000,0,0,0,2,2,0,0,2,0.0,0.0,0.0,0.0,0.0,1.0,-1
"F[1,2]((NumPumpBolusOrShortAct >= 0.626 & Pt_MotherT1D <= 0.000) | age >= 0.000)
",-9999999.000,-9999999.000,0.000,0.000,1.000,0,0,0,2,2,0,0,2,0.0,0.0,0.0,0.0,0.0,1.0,-1
"F[2,2]((HeightCm <= 162.935 | BGTestAvgNumMeter >= 0.117) -> SMBGperDayPtMeterCombo >= 3.081)
",-162.935,-162.935,0.000,0.000,1.000,0,0,0,2,2,0,0,2,0.0,0.0,0.0,0.0,0.0,1.0,-1
"((age >= 54.752) U[2,2] (AlbCreatRat_mggNew <= 1.750))
",1.750,1.750,0.000,0.000,1.000,0,0,0,2,2,0,0,2,0.0,0.0,0.0,0.0,0.0,1.0,-1
"((Pt_A1cGoalLevelDsYr5 >= 0.000) U[1,2] (Pt_ChildT1D <= 0.000))
",-9999999.000,-9999999.000,0.000,0.000,1.000,0,0,0,2,2,0,0,2,0.0,0.0,0.0,0.0,0.0,1.0,-1
"F[1,2](LDL >= 48.654 & TotalDailyInsPerKg >= 0.114)
",-9999999.000,-9999999.000,0.000,0.000,1.000,0,0,0,2,2,0,0,2,0.0,0.0,0.0,0.0,0.0,1.0,-1
"F[2,2](((Pt_SHFlg >= 0.000 -> BGTestAvgNumPtRep <= 4.567) & BGTestAvgNumMeter >= 1.910) | diabDur <= 4.046)
",4.046,4.046,0.000,0.000,1.000,0,0,0,2,2,0,0,2,0.0,0.0,0.0,0.0,0.0,1.0,-1
"((Pt_MotherT1D >= 0.000) U[1,2] (Pt_GrandparentT1D >= 0.000))
",-9999999.000,-9999999.000,0.000,0.000,1.000,0,0,0,2,2,0,0,2,0.0,0.0,0.0,0.0,0.0,1.0,-1
"F[1,2](((HbA1c >= 7.668 & TotChol <= 169.537) & bmi <= 160.201) & HbA1c <= 188.079)
",-9999999.000,-9999999.000,0.000,0.000,1.000,0,0,0,2,2,0,0,2,0.0,0.0,0.0,0.0,0.0,1.0,-1
"F[0,2]((Pt_InsGov <= 0.000 | diagAgeCombo >= 46.000) & TotChol <= 46.000)
",-9999999.000,-9999999.000,0.000,0.000,1.000,0,0,0,2,2,0,0,2,0.0,0.0,0.0,0.0,0.0,1.0,-1
"F[2,2](AutonomicNeuroCl <= 0.000 | Pt_A1cGoalLev <= 0.000)
",0.000,0.000,0.000,0.000,1.000,0,0,0,2,2,0,0,2,0.0,0.0,0.0,0.0,0.0,1.0,-1
"F[1,1]((Pt_DKAFlg >= 0.000 -> TotalDailyInsPerKg >= 0.025) -> NumPumpBolusOrShortAct >= 0.109)
",0.000,0.000,0.000,0.000,1.000,0,0,0,2,2,0,0,2,0.0,0.0,0.0,0.0,0.0,1.0,-1
"F[1,1](((TotalDailyInsPerKg >= 0.335 | age >= 55.270) | HDL >= 55.457) & BldPrDia >= 56.371)
",-56.371,-56.371,0.000,0.000,1.000,0,0,0,2,2,0,0,2,0.0,0.0,0.0,0.0,0.0,1.0,-1
"F[0,2](BldPrSys >= 118.418 & BGTestAvgNumPtRep <= 6.984)
",-9999999.000,-9999999.000,0.000,0.000,1.000,0,0,0,2,2,0,0,2,0.0,0.0,0.0,0.0,0.0,1.0,-1
"((SMBGperDayPtMeterCombo >= 4.090) U[0,1] (NumPumpBolusOrShortAct <= 2.246))
",-9999999.000,-9999999.000,0.000,0.000,1.000,0,0,0,2,2,0,0,2,0.0,0.0,0.0,0.0,0.0,1.0,-1
"((LDL >= 51.758) U[0,1] (bmiPerc >= 0.000))
",-9999999.000,-9999999.000,0.000,0.000,1.000,0,0,0,2,2,0,0,2,0.0,0.0,0.0,0.0,0.0,1.0,-1
"F[0,1](((UnitsInsBasalOrLongAct >= 1.838 | bmiZscore <= -0.580) | Pt_A1cGoalLevelDsYr5 <= -0.600) | TotalDailyInsPerKg >= -0.628)
",-9999999.000,-9999999.000,0.000,0.000,1.000,0,0,0,2,2,0,0,2,0.0,0.0,0.0,0.0,0.0,1.0,-1
"F[0,2](Triglyc <= 71.984 -> AlbCreatRat_mggNew >= 0.442)
",-9999999.000,-9999999.000,0.000,0.000,1.000,0,0,0,2,2,0,0,2,0.0,0.0,0.0,0.0,0.0,1.0,-1
"F[0,2](((SMBGperDayPtMeterCombo >= 4.659 | BldPrSys >= 117.869) & diabDur >= 115.829) & diabDur >= 117.550)
",-9999999.000,-9999999.000,0.000,0.000,1.000,0,0,0,2,2,0,0,2,0.0,0.0,0.0,0.0,0.0,1.0,-1
"F[0,1](((HbA1c <= 8.008 & TotChol <= 158.109) & LDL <= 182.784) -> Pt_MotherT1D >= 105.104)
",-9999999.000,-9999999.000,0.000,0.000,1.000,0,0,0,2,2,0,0,2,0.0,0.0,0.0,0.0,0.0,1.0,-1
"F[1,2]((Pt_GrandparentT1D <= 0.000 | Pt_A1cGoalLevelDsYr5 <= 0.000) | BGTestAvgNumMeter <= 0.000)
",-9999999.000,-9999999.000,0.000,0.000,1.000,0,0,0,2,2,0,0,2,0.0,0.0,0.0,0.0,0.0,1.0,-1
"F[0,0]((Triglyc >= 64.452 -> Triglyc >= 56.793) | Pt_DKAFlg <= 77.059)
",77.059,77.059,0.000,0.000,1.000,0,0,0,2,2,0,0,2,0.0,0.0,0.0,0.0,0.0,1.0,-1
"F[1,2]((Pt_GrandparentT1D <= 0.000 -> Pt_DKAFlg >= 0.000) | age <= 0.000)
",-9999999.000,-9999999.000,0.000,0.000,1.000,0,0,0,2,2,0,0,2,0.0,0.0,0.0,0.0,0.0,1.0,-1
"F[0,1]((NumPumpBolusOrShortAct <= 2.935 | GFR >= 4.613) -> Pt_GrandchildT1D <= 21.610)
",-9999999.000,-9999999.000,0.000,0.000,1.000,0,0,0,2,2,0,0,2,0.0,0.0,0.0,0.0,0.0,1.0,-1
"((TotalDailyInsPerKg <= 0.451) U[0,2] (BldPrSys <= 126.206))
",-9999999.000,-9999999.000,0.000,0.000,1.000,0,0,0,2,2,0,0,2,0.0,0.0,0.0,0.0,0.0,1.0,-1
"F[0,1]((bmi >= 23.198 | TotalDailyInsPerKg <= 0.548) -> TotalDailyInsPerKg >= 0.139)
",-9999999.000,-9999999.000,0.000,0.000,1.000,0,0,0,2,2,0,0,2,0.0,0.0,0.0,0.0,0.0,1.0,-1
"F[0,0](((bmi >= 23.189 & Triglyc >= 61.391) -> Pt_InsGov >= 53.508) | LDL <= 72.434)
",284.102,72.180,0.000,0.000,1.000,0,0,0,2,2,0,0,2,0.0,0.0,0.0,0.0,0.0,1.0,-1
"F[0,1](((BldPrSys >= 113.779 & Triglyc <= 72.407) & Pt_ChildT1D >= 62.219) -> LDL >= 54.998)
",-9999999.000,-9999999.000,0.000,0.000,1.000,0,0,0,2,2,0,0,2,0.0,0.0,0.0,0.0,0.0,1.0,-1
"F[1,1]((bmiPerc >= 0.000 | bmiZscore <= -0.593) -> Pt_SHFlg >= -0.642)
",-0.642,-0.642,0.000,0.000,1.000,0,0,0,2,2,0,0,2,0.0,0.0,0.0,0.0,0.0,1.0,-1
"((Pt_InsGov <= 0.000) U[0,2] (WeightKg >= 61.141))
",-9999999.000,-9999999.000,0.000,0.000,1.000,0,0,0,2,2,0,0,2,0.0,0.0,0.0,0.0,0.0,1.0,-1
"F[2,2](BGTestAvgNumMeter >= 0.009 | AutonomicNeuroCl <= 0.000)
",0.000,0.000,0.000,0.000,1.000,0,0,0,2,2,0,0,2,0.0,0.0,0.0,0.0,0.0,1.0,-1
"F[1,2](UnitsInsBasalOrLongAct <= 8.345 | TSH >= 0.055)
",-9999999.000,-9999999.000,0.000,0.000,1.000,0,0,0,2,2,0,0,2,0.0,0.0,0.0,0.0,0.0,1.0,-1
"F[1,2](((Pt_InsGov <= 0.000 & Pt_GrandparentT1D >= 0.000) -> BldPrSys >= 0.000) -> Pt_GrandchildT1D >= 0.000)
",-9999999.000,-9999999.000,0.000,0.000,1.000,0,0,0,2,2,0,0,2,0.0,0.0,0.0,0.0,0.0,1.0,-1
"F[1,2](((DirectLDL <= 0.000 & Pt_FatherT1D >= 0.000) | AlbCreatRat_mggNew >= 0.000) & BGTestAvgNumPtRep >= 0.000)
",-9999999.000,-9999999.000,0.000,0.000,1.000,0,0,0,2,2,0,0,2,0.0,0.0,0.0,0.0,0.0,1.0,-1
"((age >= 54.584) U[0,1] (Pt_GrandparentT1D <= 0.000))
",-9999999.000,-9999999.000,0.000,0.000,1.000,0,0,0,2,2,0,0,2,0.0,0.0,0.0,0.0,0.0,1.0,-1
"F[1,2](((UnitsInsBasalOrLongAct >= 3.053 -> UnitsInsBasalOrLongAct <= 11.002) & Pt_FatherT1D <= 13.533) | Triglyc <= 13.903)
",-9999999.000,-9999999.000,0.000,0.000,1.000,0,0,0,2,2,0,0,2,0.0,0.0,0.0,0.0,0.0,1.0,-1
"F[0,2](((Pt_ChildT1D <= 0.000 & Pt_GrandchildT1D >= 0.000) & AlbCreatRat_mggNew <= 0.000) & Pt_CGMUseNumDays >= 0.000)
",-9999999.000,-9999999.000,0.000,0.000,1.000,0,0,0,2,2,0,0,2,0.0,0.0,0.0,0.0,0.0,1.0,-1
"F[0,2]((DirectLDL <= 0.000 -> UnitsInsBasalOrLongAct >= 3.254) | Triglyc <= 7.416)
",-9999999.000,-9999999.000,0.000,0.000,1.000,0,0,0,2,2,0,0,2,0.0,0.0,0.0,0.0,0.0,1.0,-1
"((HbA1cImputeDtMnC <= 61.930) U[0,2] (WeightKg <= 63.046))
",-9999999.000,-9999999.000,0.000,0.000,1.000,0,0,0,2,2,0,0,2,0.0,0.0,0.0,0.0,0.0,1.0,-1
"F[2,2]((LDL <= 72.972 -> BGTestAvgNumMeter <= 4.642) | BGTestAvgNumMeter <= 4.784)
",4.784,4.784,0.000,0.000,1.000,0,0,0,2,2,0,0,2,0.0,0.0,0.0,0.0,0.0,1.0,-1
"((Pt_MotherT1D >= 0.000) U[1,2] (UnitsInsBasalOrLongAct >= 0.586))
",-9999999.000,-9999999.000,0.000,0.000,1.000,0,0,0,2,2,0,0,2,0.0,0.0,0.0,0.0,0.0,1.0,-1
"((NumPumpBolusOrShortAct >= 0.621) U[0,1] (HDL <= 118.145))
",-9999999.000,-9999999.000,0.000,0.000,1.000,0,0,0,2,2,0,0,2,0.0,0.0,0.0,0.0,0.0,1.0,-1
"F[0,1](((AlbCreatRat_mggNew <= 3.606 & TSH <= 1.760) | Pt_SHFlg >= 0.002) | BUN >= 0.140)
",-9999999.000,-9999999.000,0.000,0.000,1.000,0,0,0,2,2,0,0,2,0.0,0.0,0.0,0.0,0.0,1.0,-1
"F[0,1](((BGTestAvgNumPtRep <= 4.914 & Pt_MotherT1D >= 0.000) -> HeightCm <= 0.000) | HbA1cImputeDtMnC >= 0.000)
",-9999999.000,-9999999.000,0.000,0.000,1.000,0,0,0,2,2,0,0,2,0.0,0.0,0.0,0.0,0.0,1.0,-1
"F[0,0](((Pt_FatherT1D >= 0.000 & DirectLDL >= 0.000) -> BGTestAvgNumPtRep <= 0.000) -> BldPrSys >= 0.000)
",0.000,0.000,0.000,0.000,1.000,0,0,0,2,2,0,0,2,0.0,0.0,0.0,0.0,0.0,1.0,-1
"((Pt_GrandchildT1D >= 0.000) U[1,1] (diagAgeCombo >= 46.000))
",0.000,0.000,0.000,0.000,1.000,0,0,0,2,2,0,0,2,0.0,0.0,0.0,0.0,0.0,1.0,-1
"F[1,2](WeightKg <= 63.785 | AutonomicNeuroCl <= 0.000)
",-9999999.000,-9999999.000,0.000,0.000,1.000,0,0,0,2,2,0,0,2,0.0,0.0,0.0,0.0,0.0,1.0,-1
"F[0,2](((Pt_GrandparentT1D >= 0.000 | Pt_InsGov >= 0.000) & HDL <= 0.000) | AutonomicNeuroCl <= 0.000)
",-9999999.000,-9999999.000,0.000,0.000,1.000,0,0,0,2,2,0,0,2,0.0,0.0,0.0,0.0,0.0,1.0,-1
"F[0,1](GFR > 16.396 -> Pt_SHFlg = 0.000)
",-9999999.000,-9999999.000,0.000,0.000,1.000,0,0,0,2,2,0,0,2,0.0,0.0,0.0,0.0,0.0,1.0,-1
"F[0,2](((diabDur <= 10.875 & HeightCm <= 162.990) & bmiPerc >= 162.603) & bmiZscore >= 162.576)
",-9999999.000,-9999999.000,0.000,0.000,1.000,0,0,0,2,2,0,0,2,0.0,0.0,0.0,0.0,0.0,1.0,-1
"F[0,2](diabDur >= 7.842 & BUN >= 16.073)
",-9999999.000,-9999999.000,0.000,0.000,1.000,0,0,0,2,2,0,0,2,0.0,0.0,0.0,0.0,0.0,1.0,-1
"F[1,2]((BldPrSys >= 121.796 & HbA1c <= 8.064) | AlbCreatRat_mggNew <= 8.027)
",-9999999.000,-9999999.000,0.000,0.000,1.000,0,0,0,2,2,0,0,2,0.0,0.0,0.0,0.0,0.0,1.0,-1
"((bmi <= 23.786) U[0,1] (HeightCm >= 162.745))
",-9999999.000,-9999999.000,0.000,0.000,1.000,0,0,0,2,2,0,0,2,0.0,0.0,0.0,0.0,0.0,1.0,-1
"F[0,1](age <= 59.510 | TSH <= 1.653)
",-9999999.000,-9999999.000,0.000,0.000,1.000,0,0,0,2,2,0,0,2,0.0,0.0,0.0,0.0,0.0,1.0,-1
"F[0,0](((bmiZscore >= -0.640 | LDL >= 48.702) -> bmiZscore >= 56.405) -> bmiPerc >= 48.163)
",0.640,0.640,0.000,0.000,1.000,0,0,0,2,2,0,0,2,0.0,0.0,0.0,0.0,0.0,1.0,-1
"((NumPumpBolusOrShortAct >= 0.289) U[0,1] (TSH >= 0.032))
",-9999999.000,-9999999.000,0.000,0.000,1.000,0,0,0,2,2,0,0,2,0.0,0.0,0.0,0.0,0.0,1.0,-1
"F[0,0](SMBGperDayPtMeterCombo <= 6.017 | TotalDailyInsPerKg >= 0.292)
",3.236,9.708,0.000,0.000,1.000,0,0,0,2,2,0,0,2,0.0,0.0,0.0,0.0,0.0,1.0,-1
"F[0,1](bmiZscore >= -0.632 -> TotChol <= 196.744)
",-9999999.000,-9999999.000,0.000,0.000,1.000,0,0,0,2,2,0,0,2,0.0,0.0,0.0,0.0,0.0,1.0,-1
"F[0,1]((bmi >= 23.304 | LDL >= 57.610) & Pt_GrandchildT1D <= 70.181)
",-9999999.000,-9999999.000,0.000,0.000,1.000,0,0,0,2,2,0,0,2,0.0,0.0,0.0,0.0,0.0,1.0,-1
"F[0,0]((bmiZscore <= -0.584 -> WeightKg >= 62.522) -> WeightKg <= 63.671)
",-38.780,-58.171,0.000,0.000,1.000,0,0,0,2,2,0,0,2,0.0,0.0,0.0,0.0,0.0,1.0,-1
"((BGTestAvgNumMeter >= 3.093) U[0,1] (BGTestAvgNumPtRep <= 3.466))
",-9999999.000,-9999999.000,0.000,0.000,1.000,0,0,0,2,2,0,0,2,0.0,0.0,0.0,0.0,0.0,1.0,-1
"F[0,1](AlbCreatRat_mggNew >= 1.052 -> BldPrSys >= 113.697)
",-9999999.000,-9999999.000,0.000,0.000,1.000,0,0,0,2,2,0,0,2,0.0,0.0,0.0,0.0,0.0,1.0,-1
"F[0,0]((SMBGperDayPtMeterCombo >= 4.040 & UnitsInsBasalOrLongAct >= 6.571) -> NumPumpBolusOrShortAct <= 10.927)
",-10.927,-10.927,0.000,0.000,1.000,0,0,0,2,2,0,0,2,0.0,0.0,0.0,0.0,0.0,1.0,-1
"F[1,2]((AlbCreatRat_mggNew >= 0.158 -> TotalDailyInsPerKg <= 0.611) -> TSH <= 0.529)
",-9999999.000,-9999999.000,0.000,0.000,1.000,0,0,0,2,2,0,0,2,0.0,0.0,0.0,0.0,0.0,1.0,-1
"((HeightCm >= 162.669) U[0,1] (TotalDailyInsPerKg >= 0.284))
",-9999999.000,-9999999.000,0.000,0.000,1.000,0,0,0,2,2,0,0,2,0.0,0.0,0.0,0.0,0.0,1.0,-1
"((BldPrSys <= 127.800) U[0,1] (TotChol >= 71.207))
",-9999999.000,-9999999.000,0.000,0.000,1.000,0,0,0,2,2,0,0,2,0.0,0.0,0.0,0.0,0.0,1.0,-1
"F[0,2]((BGTestAvgNumPtRep >= 1.506 -> diabDur >= 8.760) & Pt_SHFlg >= 8.204)
",-9999999.000,-9999999.000,0.000,0.000,1.000,0,0,0,2,2,0,0,2,0.0,0.0,0.0,0.0,0.0,1.0,-1
"((BUN <= 18.733) U[1,1] (TotChol >= 18.982))
",18.733,18.733,0.000,0.000,1.000,0,0,0,2,2,0,0,2,0.0,0.0,0.0,0.0,0.0,1.0,-1
"((BldPrDia >= 67.630) U[0,1] (bmiZscore <= -0.587))
",-9999999.000,-9999999.000,0.000,0.000,1.000,0,0,0,2,2,0,0,2,0.0,0.0,0.0,0.0,0.0,1.0,-1
"F[0,1]((BldPrSys >= 123.018 -> HbA1cImputeDtMnC >= 18.095) -> diagAgeCombo <= 62.646)
",-9999999.000,-9999999.000,0.000,0.000,1.000,0,0,0,2,2,0,0,2,0.0,0.0,0.0,0.0,0.0,1.0,-1
"F[0,2](((BldPrDia >= 69.671 | HbA1c >= 7.758) -> BGTestAvgNumMeter >= 7.781) -> WeightKg <= 8.001)
",-9999999.000,-9999999.000,0.000,0.000,1.000,0,0,0,2,2,0,0,2,0.0,0.0,0.0,0.0,0.0,1.0,-1
"F[2,2](((BGTestAvgNumMeter >= 2.613 | GFR >= 15.386) & TotChol <= 30.009) -> UnitsInsBasalOrLongAct <= 71.175)
",-71.175,-71.175,0.000,0.000,1.000,0,0,0,2,2,0,0,2,0.0,0.0,0.0,0.0,0.0,1.0,-1
"F[0,1](((Triglyc >= 61.661 | UnitsInsBasalOrLongAct >= 5.302) & Pt_FatherT1D <= 8.191) | Pt_DKAFlg >= 5.157)
",-9999999.000,-9999999.000,0.000,0.000,1.000,0,0,0,2,2,0,0,2,0.0,0.0,0.0,0.0,0.0,1.0,-1
"F[0,1](((GFR >= 7.155 | Triglyc >= 58.388) & BldPrDia >= 62.185) & TSH <= 76.324)
",-9999999.000,-9999999.000,0.000,0.000,1.000,0,0,0,2,2,0,0,2,0.0,0.0,0.0,0.0,0.0,1.0,-1
"F[0,2](((BldPrDia <= 75.548 -> LDL <= 66.363) | HbA1cImputeDtMnC >= 48.491) | TotalDailyInsPerKg <= 62.613)
",-9999999.000,-9999999.000,0.000,0.000,1.000,0,0,0,2,2,0,0,2,0.0,0.0,0.0,0.0,0.0,1.0,-1
"F[0,1]((GFR <= 60.163 & HDL >= 113.275) | Pt_ChildT1D >= 115.413)
",-9999999.000,-9999999.000,0.000,0.000,1.000,0,0,0,2,2,0,0,2,0.0,0.0,0.0,0.0,0.0,1.0,-1
"((BldPrSys >= 112.924) U[2,2] (TotalDailyInsPerKg >= 0.172))
",-0.172,-0.172,0.000,0.000,1.000,0,0,0,2,2,0,0,2,0.0,0.0,0.0,0.0,0.0,1.0,-1
"F[2,2]((HbA1c >= 7.837 | TotalDailyInsPerKg >= 0.156) & HbA1cImputeDtMnC >= 0.246)
",-0.246,-0.246,0.000,0.000,1.000,0,0,0,2,2,0,0,2,0.0,0.0,0.0,0.0,0.0,1.0,-1
"F[1,2](((BldPrSys <= 129.791 -> HDL >= 110.976) & HDL <= 119.219) | Pt_ChildT1D <= 118.831)
",-9999999.000,-9999999.000,0.000,0.000,1.000,0,0,0,2,2,0,0,2,0.0,0.0,0.0,0.0,0.0,1.0,-1
"F[1,2](BldPrDia <= 73.662 | TotalDailyInsPerKg >= 0.360)
",-9999999.000,-9999999.000,0.000,0.000,1.000,0,0,0,2,2,0,0,2,0.0,0.0,0.0,0.0,0.0,1.0,-1
"F[0,1]((NumPumpBolusOrShortAct >= 0.271 & TotalDailyInsPerKg >= 0.364) -> BldPrDia >= 0.188)
",-9999999.000,-9999999.000,0.000,0.000,1.000,0,0,0,2,2,0,0,2,0.0,0.0,0.0,0.0,0.0,1.0,-1
"F[0,0](((LDL <= 73.180 -> TotChol >= 75.156) & Pt_SHFlg >= 87.878) | DirectLDL <= 144.579)
",-82.731,-18.201,0.000,0.000,1.000,0,0,0,2,2,0,0,2,0.0,0.0,0.0,0.0,0.0,1.0,-1
"F[0,1](((HbA1cImputeDtMnC <= 58.458 & HDL <= 120.644) & Pt_A1cGoalLev >= 112.663) | Pt_A1cGoalLevelDsYr5 <= 123.993)
",-9999999.000,-9999999.000,0.000,0.000,1.000,0,0,0,2,2,0,0,2,0.0,0.0,0.0,0.0,0.0,1.0,-1
"F[1,2]((bmi >= 23.114 -> GFR >= 2.276) -> AlbCreatRat_mggNew <= 44.288)
",-9999999.000,-9999999.000,0.000,0.000,1.000,0,0,0,2,2,0,0,2,0.0,0.0,0.0,0.0,0.0,1.0,-1
"((diabDur >= 9.691) U[0,2] (HDL >= 104.619))
",-9999999.000,-9999999.000,0.000,0.000,1.000,0,0,0,2,2,0,0,2,0.0,0.0,0.0,0.0,0.0,1.0,-1
"F[1,2](((BldPrDia >= 69.051 | HDL <= 119.032) & Pt_GrandparentT1D >= 115.963) & BUN >= 109.399)
",-9999999.000,-9999999.000,0.000,0.000,1.000,0,0,0,2,2,0,0,2,0.0,0.0,0.0,0.0,0.0,1.0,-1
"F[0,2](((age <= 59.341 -> HDL <= 118.236) & Triglyc >= 104.801) | BldPrDia >= 107.406)
",-9999999.000,-9999999.000,0.000,0.000,1.000,0,0,0,2,2,0,0,2,0.0,0.0,0.0,0.0,0.0,1.0,-1
"F[1,2]((LDL <= 70.182 & TSH >= 0.577) -> Pt_SHFlg >= 0.067)
",-9999999.000,-9999999.000,0.000,0.000,1.000,0,0,0,2,2,0,0,2,0.0,0.0,0.0,0.0,0.0,1.0,-1
"F[1,2]((HbA1cImputeDtMnC <= 43.217 & TotalDailyInsPerKg >= 0.390) | BldPrDia >= 0.269)
",-9999999.000,-9999999.000,0.000,0.000,1.000,0,0,0,2,2,0,0,2,0.0,0.0,0.0,0.0,0.0,1.0,-1
"((BldPrDia >= 70.825) U[0,2] (GFR <= 27.430))
",-9999999.000,-9999999.000,0.000,0.000,1.000,0,0,0,2,2,0,0,2,0.0,0.0,0.0,0.0,0.0,1.0,-1
"((BldPrDia <= 77.851) U[0,1] (SMBGperDayPtMeterCombo >= 4.481))
",-9999999.000,-9999999.000,0.000,0.000,1.000,0,0,0,2,2,0,0,2,0.0,0.0,0.0,0.0,0.0,1.0,-1
"F[1,2](((diabDur >= 8.809 | TotalDailyInsPerKg <= 0.611) -> TSH <= 0.575) | Pt_A1cGoalLev <= 0.506)
",-9999999.000,-9999999.000,0.000,0.000,1.000,0,0,0,2,2,0,0,2,0.0,0.0,0.0,0.0,0.0,1.0,-1
"F[0,1]((BUN >= 16.319 & UnitsInsBasalOrLongAct <= 13.110) | HbA1cImputeDtMnC <= 9.953)
",-9999999.000,-9999999.000,0.000,0.000,1.000,0,0,0,2,2,0,0,2,0.0,0.0,0.0,0.0,0.0,1.0,-1
"((AlbCreatRat_mggNew >= 0.951) U[2,2] (BGTestAvgNumPtRep <= 3.731))
",3.731,3.731,0.000,0.000,1.000,0,0,0,2,2,0,0,2,0.0,0.0,0.0,0.0,0.0,1.0,-1
"F[1,1](((BGTestAvgNumMeter >= 1.580 -> WeightKg >= 61.321) & diagAgeCombo <= 63.748) -> NumPumpBolusOrShortAct <= 63.275)
",-63.275,-63.275,0.000,0.000,1.000,0,0,0,2,2,0,0,2,0.0,0.0,0.0,0.0,0.0,1.0,-1
"F[2,2]((age >= 54.983 & BldPrDia <= 73.269) | BldPrDia <= 74.676)
",74.676,74.676,0.000,0.000,1.000,0,0,0,2,2,0,0,2,0.0,0.0,0.0,0.0,0.0,1.0,-1
"F[0,2](NumPumpBolusOrShortAct >= 0.600 -> UnitsInsBasalOrLongAct <= 7.869)
",-9999999.000,-9999999.000,0.000,0.000,1.000,0,0,0,2,2,0,0,2,0.0,0.0,0.0,0.0,0.0,1.0,-1
"F[0,1]((HbA1c >= 7.624 & TotChol >= 19.401) -> TotalDailyInsPerKg <= 182.019)
",-9999999.000,-9999999.000,0.000,0.000,1.000,0,0,0,2,2,0,0,2,0.0,0.0,0.0,0.0,0.0,1.0,-1
"((HDL <= 120.008) U[0,2] (NumPumpBolusOrShortAct <= 1.863))
",-9999999.000,-9999999.000,0.000,0.000,1.000,0,0,0,2,2,0,0,2,0.0,0.0,0.0,0.0,0.0,1.0,-1
"F[0,2]((BGTestAvgNumPtRep >= 2.785 -> HDL >= 105.302) | Pt_ChildT1D <= 123.939)
",-9999999.000,-9999999.000,0.000,0.000,1.000,0,0,0,2,2,0,0,2,0.0,0.0,0.0,0.0,0.0,1.0,-1
"F[1,2](((BGTestAvgNumMeter <= 4.137 | UnitsInsBasalOrLongAct >= 5.068) & bmiZscore <= 11.122) & HbA1cImputeDtMnC <= 10.920)
",-9999999.000,-9999999.000,0.000,0.000,1.000,0,0,0,2,2,0,0,2,0.0,0.0,0.0,0.0,0.0,1.0,-1
"F[0,2](((BGTestAvgNumPtRep <= 5.487 & TotChol <= 145.465) -> Pt_SiblingT1D <= 158.700) -> LDL <= 148.910)
",-9999999.000,-9999999.000,0.000,0.000,1.000,0,0,0,2,2,0,0,2,0.0,0.0,0.0,0.0,0.0,1.0,-1
"F[2,2]((HbA1c >= 7.897 -> HDL <= 122.309) & BUN >= 113.495)
",-122.309,-122.309,0.000,0.000,1.000,0,0,0,2,2,0,0,2,0.0,0.0,0.0,0.0,0.0,1.0,-1
"((diabDur >= 10.244) U[1,2] (GFR >= 0.065))
",-9999999.000,-9999999.000,0.000,0.000,1.000,0,0,0,2,2,0,0,2,0.0,0.0,0.0,0.0,0.0,1.0,-1
"F[0,1]((BGTestAvgNumMeter >= 2.189 | SMBGperDayPtMeterCombo <= 5.937) & Pt_A1cGoalLev <= 5.547)
",-9999999.000,-9999999.000,0.000,0.000,1.000,0,0,0,2,2,0,0,2,0.0,0.0,0.0,0.0,0.0,1.0,-1
"F[0,2](((bmi <= 24.210 -> TSH <= 1.286) & BUN <= 1.189) -> HDL >= 0.437)
",-9999999.000,-9999999.000,0.000,0.000,1.000,0,0,0,2,2,0,0,2,0.0,0.0,0.0,0.0,0.0,1.0,-1
"F[0,2]((GFR >= 1.336 | WeightKg >= 61.415) -> diabDur <= 63.353)
",-9999999.000,-9999999.000,0.000,0.000,1.000,0,0,0,2,2,0,0,2,0.0,0.0,0.0,0.0,0.0,1.0,-1
"F[2,2](BldPrDia >= 68.656 & WeightKg >= 61.064)
",-68.656,-68.656,0.000,0.000,1.000,0,0,0,2,2,0,0,2,0.0,0.0,0.0,0.0,0.0,1.0,-1
"F[1,2]((bmi >= 23.299 & TotChol <= 191.855) -> TotalDailyInsPerKg >= 139.755)
",-9999999.000,-9999999.000,0.000,0.000,1.000,0,0,0,2,2,0,0,2,0.0,0.0,0.0,0.0,0.0,1.0,-1
"F[0,2](((AlbCreatRat_mggNew <= 5.052 & WeightKg >= 62.377) | HDL >= 61.636) -> HeightCm >= 62.598)
",-9999999.000,-9999999.000,0.000,0.000,1.000,0,0,0,2,2,0,0,2,0.0,0.0,0.0,0.0,0.0,1.0,-1
"((BGTestAvgNumMeter >= 0.547) U[0,2] (TSH <= 1.526))
",-9999999.000,-9999999.000,0.000,0.000,1.000,0,0,0,2,2,0,0,2,0.0,0.0,0.0,0.0,0.0,1.0,-1
"F[1,2]((LDL <= 65.574 | NumPumpBolusOrShortAct <= 1.531) | Pt_FatherT1D >= 0.236)
",-9999999.000,-9999999.000,0.000,0.000,1.000,0,0,0,2,2,0,0,2,0.0,0.0,0.0,0.0,0.0,1.0,-1
"((bmi >= 23.361) U[0,2] (TotalDailyInsPerKg >= 0.291))
",-9999999.000,-9999999.000,0.000,0.000,1.000,0,0,0,2,2,0,0,2,0.0,0.0,0.0,0.0,0.0,1.0,-1
"((HbA1cImputeDtMnC <= 47.973) U[1,1] (TSH >= 0.651))
",47.973,47.973,0.000,0.000,1.000,0,0,0,2,2,0,0,2,0.0,0.0,0.0,0.0,0.0,1.0,-1
"F[0,1](BldPrSys <= 128.708 -> TSH >= 0.235)
",-9999999.000,-9999999.000,0.000,0.000,1.000,0,0,0,2,2,0,0,2,0.0,0.0,0.0,0.0,0.0,1.0,-1
"F[0,2](LDL <= 64.731 | SMBGperDayPtMeterCombo >= 4.873)
",-9999999.000,-9999999.000,0.000,0.000,1.000,0,0,0,2,2,0,0,2,0.0,0.0,0.0,0.0,0.0,1.0,-1
"F[1,2]((GFR <= 39.103 -> TSH <= 1.303) -> HbA1c >= 0.468)
",-9999999.000,-9999999.000,0.000,0.000,1.000,0,0,0,2,2,0,0,2,0.0,0.0,0.0,0.0,0.0,1.0,-1
"F[0,2](((BUN >= 17.027 | TSH <= 1.198) & Pt_A1cGoalLev >= 0.367) & Pt_FatherT1D >= 0.952)
",-9999999.000,-9999999.000,0.000,0.000,1.000,0,0,0,2,2,0,0,2,0.0,0.0,0.0,0.0,0.0,1.0,-1
"F[0,2](HbA1c >= 7.777 -> Pt_A1cGoalLevelDsYr5 = 0.000)
",-9999999.000,-9999999.000,0.000,0.000,1.000,0,0,0,2,2,0,0,2,0.0,0.0,0.0,0.0,0.0,1.0,-1
"F[2,2](HbA1c >= 7.878 -> Pt_A1cGoalLevelDsYr5 = 0.000)
",0.000,0.000,0.000,0.000,1.000,0,0,0,2,2,0,0,2,0.0,0.0,0.0,0.0,0.0,1.0,-1
"((BGTestAvgNumMeter >= 0.010) U[2,2] (BGTestAvgNumPtRep <= 5.846))
",5.846,5.846,0.000,0.000,1.000,0,0,0,2,2,0,0,2,0.0,0.0,0.0,0.0,0.0,1.0,-1
"F[0,2](HbA1c >= 7.922 -> Pt_A1cGoalLevelDsYr5 = 0.000)
",-9999999.000,-9999999.000,0.000,0.000,1.000,0,0,0,2,2,0,0,2,0.0,0.0,0.0,0.0,0.0,1.0,-1
"F[0,1](HbA1c >= 7.702 -> Pt_A1cGoalLevelDsYr5 = 0.000)
",-9999999.000,-9999999.000,0.000,0.000,1.000,0,0,0,2,2,0,0,2,0.0,0.0,0.0,0.0,0.0,1.0,-1
"((BGTestAvgNumMeter >= 2.369) U[0,1] (BGTestAvgNumPtRep <= 5.936))
",-9999999.000,-9999999.000,0.000,0.000,1.000,0,0,0,2,2,0,0,2,0.0,0.0,0.0,0.0,0.0,1.0,-1
"F[0,1](HbA1c >= 7.876 -> Pt_A1cGoalLevelDsYr5 = 0.000)
",-9999999.000,-9999999.000,0.000,0.000,1.000,0,0,0,2,2,0,0,2,0.0,0.0,0.0,0.0,0.0,1.0,-1
"F[2,2](HbA1c >= 7.711 -> Pt_A1cGoalLevelDsYr5 = 0.000)
",0.000,0.000,0.000,0.000,1.000,0,0,0,2,2,0,0,2,0.0,0.0,0.0,0.0,0.0,1.0,-1
"((BGTestAvgNumMeter >= 1.594) U[0,2] (BGTestAvgNumPtRep <= 6.227))
",-9999999.000,-9999999.000,0.000,0.000,1.000,0,0,0,2,2,0,0,2,0.0,0.0,0.0,0.0,0.0,1.0,-1
"F[0,0](HbA1c >= 7.674 -> Pt_A1cGoalLevelDsYr5 = 0.000)
",0.000,0.000,0.000,0.000,1.000,0,0,0,2,2,0,0,2,0.0,0.0,0.0,0.0,0.0,1.0,-1
"((BGTestAvgNumMeter >= 0.529) U[0,1] (BGTestAvgNumPtRep <= 6.877))
",-9999999.000,-9999999.000,0.000,0.000,1.000,0,0,0,2,2,0,0,2,0.0,0.0,0.0,0.0,0.0,1.0,-1
"F[0,1](bmiZscore < -0.568 & Pt_SHFlg = 0.000)
",-9999999.000,-9999999.000,0.000,0.000,1.000,0,0,0,2,2,0,0,2,0.0,0.0,0.0,0.0,0.0,1.0,-1
"F[0,1](GFR < 73.218 & Pt_SHFlg = 0.000)
",-9999999.000,-9999999.000,0.000,0.000,1.000,0,0,0,2,2,0,0,2,0.0,0.0,0.0,0.0,0.0,1.0,-1
"F[1,2](AlbCreatRat_mggNew <= 4.329 | HbA1cImputeDtMnC >= 34.640)
",-9999999.000,-9999999.000,0.000,0.000,1.000,0,0,0,2,2,0,0,2,0.0,0.0,0.0,0.0,0.0,1.0,-1
"F[1,2](LDL <= 71.153 -> Pt_SHFlg = 0.000)
",-9999999.000,-9999999.000,0.000,0.000,1.000,0,0,0,2,2,0,0,2,0.0,0.0,0.0,0.0,0.0,1.0,-1
"F[0,1](Pt_ChildT1D >= 0.000 & Pt_SHFlg = 0.000)
",-9999999.000,-9999999.000,0.000,0.000,1.000,0,0,0,2,2,0,0,2,0.0,0.0,0.0,0.0,0.0,1.0,-1
"F[0,1](BGTestAvgNumMeter <= 3.639 | HeightCm >= 162.657)
",-9999999.000,-9999999.000,0.000,0.000,1.000,0,0,0,2,2,0,0,2,0.0,0.0,0.0,0.0,0.0,1.0,-1
"F[1,2]((diabDur >= 8.982 | Triglyc >= 53.301) & Pt_MotherT1D >= 65.783)
",-9999999.000,-9999999.000,0.000,0.000,1.000,0,0,0,2,2,0,0,2,0.0,0.0,0.0,0.0,0.0,1.0,-1
"((bmiZscore >= -0.651) U[0,2] (UnitsInsBasalOrLongAct <= 9.607))
",-9999999.000,-9999999.000,0.000,0.000,1.000,0,0,0,2,2,0,0,2,0.0,0.0,0.0,0.0,0.0,1.0,-1
"F[0,0](((HbA1c >= 7.664 | UnitsInsBasalOrLongAct <= 10.365) | bmi >= 2.536) -> SMBGperDayPtMeterCombo >= 1.199)
",-14.160,-70.801,0.000,0.000,1.000,0,0,0,2,2,0,0,2,0.0,0.0,0.0,0.0,0.0,1.0,-1
"F[0,1]((HbA1cImputeDtMnC >= 26.794 & WeightKg >= 61.659) -> TotalDailyInsPerKg <= 63.940)
",-9999999.000,-9999999.000,0.000,0.000,1.000,0,0,0,2,2,0,0,2,0.0,0.0,0.0,0.0,0.0,1.0,-1
"F[1,1](BGTestAvgNumPtRep <= 6.638 & HbA1c <= 8.138)
",6.638,6.638,0.000,0.000,1.000,0,0,0,2,2,0,0,2,0.0,0.0,0.0,0.0,0.0,1.0,-1
"((age <= 58.092) U[0,2] (bmi >= 23.471))
",-9999999.000,-9999999.000,0.000,0.000,1.000,0,0,0,2,2,0,0,2,0.0,0.0,0.0,0.0,0.0,1.0,-1
"F[0,1](diabDur <= 11.157 & WeightKg >= 61.849)
",-9999999.000,-9999999.000,0.000,0.000,1.000,0,0,0,2,2,0,0,2,0.0,0.0,0.0,0.0,0.0,1.0,-1
"F[0,0](((bmi <= 23.781 | HbA1cImputeDtMnC <= 69.584) | BGTestAvgNumPtRep <= 60.724) | HbA1c <= 50.836)
",69.584,69.584,0.000,0.000,1.000,0,0,0,2,2,0,0,2,0.0,0.0,0.0,0.0,0.0,1.0,-1
"F[0,0](((BUN >= 16.384 | GFR <= 51.118) -> Pt_InsGov <= 62.724) | BGTestAvgNumMeter >= 2.532)
",-2.532,-2.532,0.000,0.000,1.000,0,0,0,2,2,0,0,2,0.0,0.0,0.0,0.0,0.0,1.0,-1
"F[0,2](((bmiZscore >= -0.616 -> HbA1c <= 8.055) -> Pt_A1cGoalLevelDsYr5 <= 8.069) | BGTestAvgNumPtRep >= 7.903)
",-9999999.000,-9999999.000,0.000,0.000,1.000,0,0,0,2,2,0,0,2,0.0,0.0,0.0,0.0,0.0,1.0,-1
"F[0,1]((HbA1cImputeDtMnC >= 12.904 | TotChol >= 66.426) | AlbCreatRat_mggNew <= 150.796)
",-9999999.000,-9999999.000,0.000,0.000,1.000,0,0,0,2,2,0,0,2,0.0,0.0,0.0,0.0,0.0,1.0,-1
"F[1,2]((TotChol <= 163.931 -> TSH <= 1.579) -> AutonomicNeuroCl <= 1.699)
",-9999999.000,-9999999.000,0.000,0.000,1.000,0,0,0,2,2,0,0,2,0.0,0.0,0.0,0.0,0.0,1.0,-1
"F[0,2](HbA1c >= 7.675 -> Pt_A1cGoalLevelDsYr5 = 0.000)
",-9999999.000,-9999999.000,0.000,0.000,1.000,0,0,0,2,2,0,0,2,0.0,0.0,0.0,0.0,0.0,1.0,-1
"((BGTestAvgNumMeter >= 2.950) U[0,2] (BGTestAvgNumPtRep <= 3.830))
",-9999999.000,-9999999.000,0.000,0.000,1.000,0,0,0,2,2,0,0,2,0.0,0.0,0.0,0.0,0.0,1.0,-1
"F[0,2](HbA1c >= 7.820 -> Pt_A1cGoalLevelDsYr5 = 0.000)
",-9999999.000,-9999999.000,0.000,0.000,1.000,0,0,0,2,2,0,0,2,0.0,0.0,0.0,0.0,0.0,1.0,-1
"F[1,2](Pt_SHFlg >= 0.000 -> Pt_SHFlg = 0.000)
",-9999999.000,-9999999.000,0.000,0.000,1.000,0,0,0,2,2,0,0,2,0.0,0.0,0.0,0.0,0.0,1.0,-1
"F[0,2]((BUN <= 18.653 -> HbA1c <= 8.077) -> Pt_CGMUseNumDays >= 7.684)
",-9999999.000,-9999999.000,0.000,0.000,1.000,0,0,0,2,2,0,0,2,0.0,0.0,0.0,0.0,0.0,1.0,-1
"((BGTestAvgNumMeter >= 3.142) U[2,2] (NumPumpBolusOrShortAct <= 2.012))
",2.012,2.012,0.000,0.000,1.000,0,0,0,2,2,0,0,2,0.0,0.0,0.0,0.0,0.0,1.0,-1
"F[0,2]((LDL <= 63.645 & TotalDailyInsPerKg <= 0.571) & HbA1cImputeDtMnC >= 0.095)
",-9999999.000,-9999999.000,0.000,0.000,1.000,0,0,0,2,2,0,0,2,0.0,0.0,0.0,0.0,0.0,1.0,-1
"F[1,2](AlbCreatRat_mggNew >= 0.003 & NumPumpBolusOrShortAct >= 0.538)
",-9999999.000,-9999999.000,0.000,0.000,1.000,0,0,0,2,2,0,0,2,0.0,0.0,0.0,0.0,0.0,1.0,-1
"F[2,2](((BGTestAvgNumMeter >= 2.354 | BldPrSys >= 120.852) | TSH >= 113.761) -> BldPrDia <= 130.011)
",-130.011,-130.011,0.000,0.000,1.000,0,0,0,2,2,0,0,2,0.0,0.0,0.0,0.0,0.0,1.0,-1
"F[0,0](bmi <= 23.720 -> bmiZscore >= -0.644)
",-23.720,-23.720,0.000,0.000,1.000,0,0,0,2,2,0,0,2,0.0,0.0,0.0,0.0,0.0,1.0,-1
"F[0,1]((BUN <= 18.714 & LDL <= 74.141) -> BldPrSys >= 56.680)
",-9999999.000,-9999999.000,0.000,0.000,1.000,0,0,0,2,2,0,0,2,0.0,0.0,0.0,0.0,0.0,1.0,-1
"F[0,2]((HDL <= 116.697 -> TotalDailyInsPerKg <= 0.471) & DirectLDL >= 0.101)
",-9999999.000,-9999999.000,0.000,0.000,1.000,0,0,0,2,2,0,0,2,0.0,0.0,0.0,0.0,0.0,1.0,-1
"F[1,2]((TSH >= 1.004 | WeightKg >= 61.920) -> SMBGperDayPtMeterCombo >= 62.794)
",-9999999.000,-9999999.000,0.000,0.000,1.000,0,0,0,2,2,0,0,2,0.0,0.0,0.0,0.0,0.0,1.0,-1
"F[0,0]((Triglyc >= 53.191 & WeightKg >= 61.998) | bmi <= 63.164)
",63.164,63.164,0.000,0.000,1.000,0,0,0,2,2,0,0,2,0.0,0.0,0.0,0.0,0.0,1.0,-1
"F[1,1](HbA1cImputeDtMnC < 64.040 -> Pt_SHFlg = 0.000)
",-64.040,-64.040,0.000,0.000,1.000,0,0,0,2,2,0,0,2,0.0,0.0,0.0,0.0,0.0,1.0,-1
"F[0,0](Pt_SHFlg >= 0.000 -> Pt_SHFlg = 0.000)
",-1.000,-36.780,0.000,0.000,1.000,0,0,0,2,2,0,0,2,0.0,0.0,0.0,0.0,0.0,1.0,-1
"((bmiPerc >= 0.000) U[0,2] (Pt_SHFlg = 0.000))
",-9999999.000,-9999999.000,0.000,0.000,1.000,0,0,0,2,2,0,0,2,0.0,0.0,0.0,0.0,0.0,1.0,-1
"F[0,2](BGTestAvgNumMeter < 3.676 -> Pt_SHFlg = 0.000)
",-9999999.000,-9999999.000,0.000,0.000,1.000,0,0,0,2,2,0,0,2,0.0,0.0,0.0,0.0,0.0,1.0,-1
"((age < 58.486) U[1,2] (Pt_SHFlg = 0.000))
",-9999999.000,-9999999.000,0.000,0.000,1.000,0,0,0,2,2,0,0,2,0.0,0.0,0.0,0.0,0.0,1.0,-1
"((Triglyc < 76.258) U[0,0] (Pt_SHFlg = 0.000))
",0.018,1.349,0.000,0.000,1.000,0,0,0,2,2,0,0,2,0.0,0.0,0.0,0.0,0.0,1.0,-1
"F[0,1](diabDur > 7.668 & Pt_SHFlg = 0.000)
",-9999999.000,-9999999.000,0.000,0.000,1.000,0,0,0,2,2,0,0,2,0.0,0.0,0.0,0.0,0.0,1.0,-1
"((TSH >= 0.140) U[0,2] (Pt_SHFlg = 0.000))
",-9999999.000,-9999999.000,0.000,0.000,1.000,0,0,0,2,2,0,0,2,0.0,0.0,0.0,0.0,0.0,1.0,-1
"((HbA1c >= 7.652) U[0,2] (Pt_SHFlg = 0.000))
",-9999999.000,-9999999.000,0.000,0.000,1.000,0,0,0,2,2,0,0,2,0.0,0.0,0.0,0.0,0.0,1.0,-1
"F[1,2](HbA1c >= 7.665 & Pt_SHFlg = 0.000)
",-9999999.000,-9999999.000,0.000,0.000,1.000,0,0,0,2,2,0,0,2,0.0,0.0,0.0,0.0,0.0,1.0,-1
"((TotalDailyInsPerKg < 0.629) U[0,1] (Pt_SHFlg = 0.000))
",-9999999.000,-9999999.000,0.000,0.000,1.000,0,0,0,2,2,0,0,2,0.0,0.0,0.0,0.0,0.0,1.0,-1
"((WeightKg > 62.459) U[0,1] (Pt_SHFlg = 0.000))
",-9999999.000,-9999999.000,0.000,0.000,1.000,0,0,0,2,2,0,0,2,0.0,0.0,0.0,0.0,0.0,1.0,-1
"F[2,2](TotChol >= 12.249 & Pt_SHFlg = 0.000)
",-12.249,-12.249,0.000,0.000,1.000,0,0,0,2,2,0,0,2,0.0,0.0,0.0,0.0,0.0,1.0,-1
"((Triglyc <= 73.982) U[2,2] (Pt_SHFlg = 0.000))
",73.982,73.982,0.000,0.000,1.000,0,0,0,2,2,0,0,2,0.0,0.0,0.0,0.0,0.0,1.0,-1
"((Pt_ChildT1D >= 0.000) U[2,2] (Pt_SHFlg = 0.000))
",0.000,0.000,0.000,0.000,1.000,0,0,0,2,2,0,0,2,0.0,0.0,0.0,0.0,0.0,1.0,-1
"F[0,1](Pt_SHFlg >= 0.000 -> Pt_SHFlg = 0.000)
",-9999999.000,-9999999.000,0.000,0.000,1.000,0,0,0,2,2,0,0,2,0.0,0.0,0.0,0.0,0.0,1.0,-1
"((BldPrDia > 71.275) U[1,1] (Pt_SHFlg = 0.000))
",0.000,0.000,0.000,0.000,1.000,0,0,0,2,2,0,0,2,0.0,0.0,0.0,0.0,0.0,1.0,-1
"((TotalDailyInsPerKg > 0.360) U[0,2] (Pt_SHFlg = 0.000))
",-9999999.000,-9999999.000,0.000,0.000,1.000,0,0,0,2,2,0,0,2,0.0,0.0,0.0,0.0,0.0,1.0,-1
"F[2,2]((Pt_GrandparentT1D >= 0.000 | Triglyc <= 89.889) -> AutonomicNeuroCl >= 64.481)
",-89.889,-89.889,0.000,0.000,1.000,0,0,0,2,2,0,0,2,0.0,0.0,0.0,0.0,0.0,1.0,-1
"F[1,2](((BGTestAvgNumPtRep >= 2.270 -> TotChol >= 39.875) & TotChol >= 7.521) | SMBGperDayPtMeterCombo <= 180.139)
",-9999999.000,-9999999.000,0.000,0.000,1.000,0,0,0,2,2,0,0,2,0.0,0.0,0.0,0.0,0.0,1.0,-1
"F[0,1](((BGTestAvgNumMeter <= 4.550 -> TotalDailyInsPerKg >= 0.169) & HbA1cImputeDtMnC >= 0.270) | HbA1c >= 0.253)
",-9999999.000,-9999999.000,0.000,0.000,1.000,0,0,0,2,2,0,0,2,0.0,0.0,0.0,0.0,0.0,1.0,-1
"G[0,2]((BUN >= 16.591 -> TotalDailyInsPerKg <= 0.472) -> Pt_GrandchildT1D <= 0.428)
",9999999.000,9999999.000,0.000,1.000,0.000,0,0,2,0,0,2,2,0,0.0,0.0,1.0,0.0,0.0,1.0,1
"G[1,2](SMBGperDayPtMeterCombo >= 4.605 & BGTestAvgNumPtRep >= 0.795)
",9999999.000,9999999.000,0.000,1.000,0.000,0,0,0,2,2,0,0,2,0.0,0.0,0.0,0.0,0.0,1.0,1
"G[0,2]((WeightKg >= 62.771 | bmi >= 23.281) -> UnitsInsBasalOrLongAct <= 13.764)
",9999999.000,9999999.000,0.000,1.000,0.000,0,0,1,1,1,1,1,1,0.0,0.0,1.0,0.0,0.0,1.0,1
"G[0,0](GFR <= 19.697 -> BUN >= 17.031)
",-2.893,-54.969,0.000,1.000,0.000,0,0,0,2,2,0,0,2,0.0,0.0,0.0,0.0,0.0,1.0,1
"G[1,1](SMBGperDayPtMeterCombo >= 4.174 & BGTestAvgNumPtRep >= 0.978)
",-4.174,-4.174,0.000,1.000,0.000,0,0,0,2,2,0,0,2,0.0,0.0,0.0,0.0,0.0,1.0,1
"G[1,2]((WeightKg >= 61.587 | bmi >= 23.541) -> UnitsInsBasalOrLongAct <= 8.074)
",9999999.000,9999999.000,0.000,1.000,0.000,0,0,1,1,1,1,1,1,0.0,0.0,1.0,0.0,0.0,1.0,1
"G[0,2](GFR <= 70.766 -> BUN >= 16.955)
",9999999.000,9999999.000,0.000,1.000,0.000,0,0,1,1,1,1,1,1,0.0,0.0,1.0,0.0,0.0,1.0,1
"G[2,2](bmiZscore <= -0.583 -> Pt_SHFlg = 0.000)
",0.000,0.000,0.000,1.000,0.000,0,0,2,0,0,2,2,0,0.0,0.0,1.0,0.0,0.0,1.0,1
"G[0,1]((bmi <= 24.054 -> UnitsInsBasalOrLongAct <= 7.431) | LDL <= 13.349)
",9999999.000,9999999.000,0.000,1.000,0.000,0,0,0,2,2,0,0,2,0.0,0.0,0.0,0.0,0.0,1.0,1
"G[0,2](BUN <= 17.282 -> Pt_SHFlg = 0.000)
",9999999.000,9999999.000,0.000,1.000,0.000,0,0,2,0,0,2,2,0,0.0,0.0,1.0,0.0,0.0,1.0,1
"G[0,2](LDL <= 68.662 & Pt_SHFlg = 0.000)
",9999999.000,9999999.000,0.000,1.000,0.000,0,0,1,1,1,1,1,1,0.0,0.0,1.0,0.0,0.0,1.0,1
"G[1,2]((HeightCm >= 162.561 | TSH >= 0.573) -> bmiPerc <= 1.733)
",9999999.000,9999999.000,0.000,1.000,0.000,0,0,2,0,0,2,2,0,0.0,0.0,1.0,0.0,0.0,1.0,1
"G[0,2](HbA1cImputeDtMnC >= 22.385 | HeightCm <= 162.914)
",9999999.000,9999999.000,0.000,1.000,0.000,0,0,2,0,0,2,2,0,0.0,0.0,1.0,0.0,0.0,1.0,1
"G[1,2](((BldPrDia >= 69.080 & TSH >= 1.032) | Pt_InsGov >= 0.686) & Pt_A1cGoalLev <= 1.149)
",9999999.000,9999999.000,0.000,1.000,0.000,0,0,0,2,2,0,0,2,0.0,0.0,0.0,0.0,0.0,1.0,1
"F[0,1](((Pt_DKAFlg >= 0.000 & DirectLDL <= 0.000) & DirectLDL <= 0.000) & diabDur >= 0.000)
",-9999999.000,-9999999.000,0.000,0.000,1.000,0,0,0,2,2,0,0,2,0.0,0.0,0.0,0.0,0.0,1.0,-1
"G[1,2](diabDur <= 10.870 | TotChol >= 1.812)
",9999999.000,9999999.000,0.000,1.000,0.000,0,0,2,0,0,2,2,0,0.0,0.0,1.0,0.0,0.0,1.0,1
"G[1,1]((BGTestAvgNumPtRep >= 1.423 | LDL <= 63.107) -> Pt_MotherT1D >= 51.473)
",-63.107,-63.107,0.000,1.000,0.000,0,0,0,2,2,0,0,2,0.0,0.0,0.0,0.0,0.0,1.0,1
"G[2,2](AlbCreatRat_mggNew <= 3.275 & HDL <= 122.008)
",3.275,3.275,0.000,1.000,0.000,0,0,2,0,0,2,2,0,0.0,0.0,1.0,0.0,0.0,1.0,1
"G[0,2]((bmi >= 23.109 -> diabDur <= 12.855) -> Pt_FatherT1D >= 8.670)
",9999999.000,9999999.000,0.000,1.000,0.000,0,0,0,2,2,0,0,2,0.0,0.0,0.0,0.0,0.0,1.0,1
"G[2,2](((HDL >= 115.901 | TotChol >= 34.065) -> WeightKg >= 0.664) & bmi >= 108.692)
",-108.692,-108.692,0.000,1.000,0.000,0,0,2,0,0,2,2,0,0.0,0.0,1.0,0.0,0.0,1.0,1
"G[2,2](((SMBGperDayPtMeterCombo <= 5.639 -> TotChol >= 53.118) -> age <= 162.032) -> HeightCm <= 189.164)
",-189.164,-189.164,0.000,1.000,0.000,0,0,2,0,0,2,2,0,0.0,0.0,1.0,0.0,0.0,1.0,1
"G[0,2](((BGTestAvgNumMeter <= 4.580 & TotChol >= 33.400) | BldPrSys >= 36.866) & HDL <= 157.141)
",9999999.000,9999999.000,0.000,1.000,0.000,0,0,2,0,0,2,2,0,0.0,0.0,1.0,0.0,0.0,1.0,1
"G[0,2](HDL >= 106.513 -> TSH >= 0.651)
",9999999.000,9999999.000,0.000,1.000,0.000,0,0,2,0,0,2,2,0,0.0,0.0,1.0,0.0,0.0,1.0,1
"G[0,2](((HbA1cImputeDtMnC >= 30.442 -> Triglyc >= 54.475) & Pt_GrandchildT1D <= 74.798) -> BldPrDia >= 55.137)
",9999999.000,9999999.000,0.000,1.000,0.000,0,0,2,0,0,2,2,0,0.0,0.0,1.0,0.0,0.0,1.0,1
"G[1,2](((GFR >= 7.992 & TotalDailyInsPerKg >= 0.018) & HeightCm >= 0.210) | Pt_FatherT1D >= 0.337)
",9999999.000,9999999.000,0.000,1.000,0.000,0,0,0,2,2,0,0,2,0.0,0.0,0.0,0.0,0.0,1.0,1
"G[2,2](((diabDur >= 8.128 -> SMBGperDayPtMeterCombo <= 6.691) & WeightKg >= 4.411) & Pt_SHFlg <= 6.285)
",-6.691,-6.691,0.000,1.000,0.000,0,0,2,0,0,2,2,0,0.0,0.0,1.0,0.0,0.0,1.0,1
"G[1,2](BGTestAvgNumPtRep >= 0.681 -> UnitsInsBasalOrLongAct >= 2.155)
",9999999.000,9999999.000,0.000,1.000,0.000,0,0,1,1,1,1,1,1,0.0,0.0,1.0,0.0,0.0,1.0,1
"G[1,2](GFR <= 35.377 -> BUN >= 16.215)
",9999999.000,9999999.000,0.000,1.000,0.000,0,0,2,0,0,2,2,0,0.0,0.0,1.0,0.0,0.0,1.0,1
"G[2,2]((WeightKg >= 61.944 | bmi >= 23.471) -> UnitsInsBasalOrLongAct <= 10.467)
",-10.467,-10.467,0.000,1.000,0.000,0,0,2,0,0,2,2,0,0.0,0.0,1.0,0.0,0.0,1.0,1
"G[1,2](SMBGperDayPtMeterCombo >= 4.174 & BGTestAvgNumPtRep >= 2.129)
",9999999.000,9999999.000,0.000,1.000,0.000,0,0,0,2,2,0,0,2,0.0,0.0,0.0,0.0,0.0,1.0,1
"G[0,1](GFR <= 42.864 -> BUN >= 17.199)
",9999999.000,9999999.000,0.000,1.000,0.000,0,0,0,2,2,0,0,2,0.0,0.0,0.0,0.0,0.0,1.0,1
"G[1,2]((GFR <= 39.258 -> HbA1c <= 7.957) -> bmi <= 8.113)
",9999999.000,9999999.000,0.000,1.000,0.000,0,0,0,2,2,0,0,2,0.0,0.0,0.0,0.0,0.0,1.0,1
"G[0,1]((BGTestAvgNumPtRep >= 2.914 & GFR >= 12.346) & TotChol >= 12.393)
",9999999.000,9999999.000,0.000,1.000,0.000,0,0,0,2,2,0,0,2,0.0,0.0,0.0,0.0,0.0,1.0,1
"G[0,0](LDL <= 68.478 & Triglyc >= 66.752)
",0.013,0.863,0.000,1.000,0.000,0,0,0,2,2,0,0,2,0.0,0.0,0.0,0.0,0.0,1.0,1
"G[1,2](((TotChol >= 91.881 | UnitsInsBasalOrLongAct >= 4.110) -> bmiZscore <= 11.723) & Pt_SHFlg >= 5.414)
",9999999.000,9999999.000,0.000,1.000,0.000,0,0,0,2,2,0,0,2,0.0,0.0,0.0,0.0,0.0,1.0,1
"G[0,2]((TotalDailyInsPerKg >= 0.213 -> Triglyc <= 75.219) & BGTestAvgNumPtRep <= 69.322)
",9999999.000,9999999.000,0.000,1.000,0.000,0,0,1,1,1,1,1,1,0.0,0.0,1.0,0.0,0.0,1.0,1
"G[1,2](((BGTestAvgNumPtRep <= 4.780 -> BldPrSys <= 130.398) -> Pt_SiblingT1D >= 119.477) | Pt_GrandchildT1D <= 127.515)
",9999999.000,9999999.000,0.000,1.000,0.000,0,0,2,0,0,2,2,0,0.0,0.0,1.0,0.0,0.0,1.0,1
"G[2,2](((BUN >= 16.323 | HbA1cImputeDtMnC >= 0.045) | Pt_MotherT1D <= 69.221) -> Pt_A1cGoalLevelDsYr5 <= 57.149)
",-69.221,-69.221,0.000,1.000,0.000,0,0,2,0,0,2,2,0,0.0,0.0,1.0,0.0,0.0,1.0,1
"G[0,2](((HDL <= 123.554 | UnitsInsBasalOrLongAct >= 4.924) & BGTestAvgNumPtRep <= 11.947) -> WeightKg <= 7.334)
",9999999.000,9999999.000,0.000,1.000,0.000,0,0,0,2,2,0,0,2,0.0,0.0,0.0,0.0,0.0,1.0,1
"G[0,1]((BGTestAvgNumMeter <= 3.902 | HbA1c >= 7.801) & HbA1c <= 8.186)
",9999999.000,9999999.000,0.000,1.000,0.000,0,0,0,2,2,0,0,2,0.0,0.0,0.0,0.0,0.0,1.0,1
"G[1,1](((TotChol <= 179.877 | WeightKg >= 61.531) -> DirectLDL >= 62.450) | bmiZscore >= 61.731)
",-61.731,-61.731,0.000,1.000,0.000,0,0,0,2,2,0,0,2,0.0,0.0,0.0,0.0,0.0,1.0,1
"G[0,2](((BldPrDia <= 77.219 & bmi >= 23.582) & Pt_GrandparentT1D <= 24.275) | Pt_A1cGoalLev <= 23.993)
",9999999.000,9999999.000,0.000,1.000,0.000,0,0,2,0,0,2,2,0,0.0,0.0,1.0,0.0,0.0,1.0,1
"G[0,2](((HDL >= 113.665 -> LDL >= 56.453) & WeightKg <= 65.426) & UnitsInsBasalOrLongAct >= 54.264)
",9999999.000,9999999.000,0.000,1.000,0.000,0,0,0,2,2,0,0,2,0.0,0.0,0.0,0.0,0.0,1.0,1
"G[0,2](AutonomicNeuroCl >= 0.000 & Pt_SHFlg = 0.000)
",9999999.000,9999999.000,0.000,1.000,0.000,0,0,2,0,0,2,2,0,0.0,0.0,1.0,0.0,0.0,1.0,1
"G[1,2]((WeightKg >= 61.304 | bmi >= 23.654) -> UnitsInsBasalOrLongAct <= 12.346)
",9999999.000,9999999.000,0.000,1.000,0.000,0,0,1,1,1,1,1,1,0.0,0.0,1.0,0.0,0.0,1.0,1
"G[2,2](GFR <= 38.046 -> BUN >= 16.785)
",-38.046,-38.046,0.000,1.000,0.000,0,0,2,0,0,2,2,0,0.0,0.0,1.0,0.0,0.0,1.0,1
"G[1,2](SMBGperDayPtMeterCombo >= 4.923 & BGTestAvgNumPtRep >= 0.580)
",9999999.000,9999999.000,0.000,1.000,0.000,0,0,0,2,2,0,0,2,0.0,0.0,0.0,0.0,0.0,1.0,1
"G[2,2](GFR <= 60.571 -> BUN >= 16.232)
",-60.571,-60.571,0.000,1.000,0.000,0,0,2,0,0,2,2,0,0.0,0.0,1.0,0.0,0.0,1.0,1
"G[0,1](SMBGperDayPtMeterCombo >= 4.741 & BGTestAvgNumPtRep >= 2.204)
",9999999.000,9999999.000,0.000,1.000,0.000,0,0,0,2,2,0,0,2,0.0,0.0,0.0,0.0,0.0,1.0,1
"G[2,2](GFR <= 76.616 -> BUN >= 16.223)
",-76.616,-76.616,0.000,1.000,0.000,0,0,2,0,0,2,2,0,0.0,0.0,1.0,0.0,0.0,1.0,1
"G[1,1](SMBGperDayPtMeterCombo >= 4.119 & BGTestAvgNumPtRep >= 0.525)
",-4.119,-4.119,0.000,1.000,0.000,0,0,0,2,2,0,0,2,0.0,0.0,0.0,0.0,0.0,1.0,1
"G[1,2](GFR <= 29.288 -> BUN >= 16.942)
",9999999.000,9999999.000,0.000,1.000,0.000,0,0,2,0,0,2,2,0,0.0,0.0,1.0,0.0,0.0,1.0,1
"G[1,2](SMBGperDayPtMeterCombo >= 4.566 & BGTestAvgNumPtRep >= 0.324)
",9999999.000,9999999.000,0.000,1.000,0.000,0,0,0,2,2,0,0,2,0.0,0.0,0.0,0.0,0.0,1.0,1
"G[0,1]((WeightKg >= 62.014 | bmi >= 23.387) -> UnitsInsBasalOrLongAct <= 12.796)
",9999999.000,9999999.000,0.000,1.000,0.000,0,0,0,2,2,0,0,2,0.0,0.0,0.0,0.0,0.0,1.0,1
"G[0,2](SMBGperDayPtMeterCombo >= 4.255 & BGTestAvgNumPtRep >= 1.367)
",9999999.000,9999999.000,0.000,1.000,0.000,0,0,0,2,2,0,0,2,0.0,0.0,0.0,0.0,0.0,1.0,1
"G[0,2]((WeightKg >= 61.081 | bmi >= 23.561) -> UnitsInsBasalOrLongAct <= 12.529)
",9999999.000,9999999.000,0.000,1.000,0.000,0,0,0,2,2,0,0,2,0.0,0.0,0.0,0.0,0.0,1.0,1
"G[2,2](AlbCreatRat_mggNew <= 4.188 | TotChol <= 154.758)
",154.758,154.758,0.000,1.000,0.000,0,0,2,0,0,2,2,0,0.0,0.0,1.0,0.0,0.0,1.0,1
"G[2,2](((HeightCm >= 162.632 -> TotChol <= 171.214) | TotalDailyInsPerKg <= 193.689) | Pt_GrandchildT1D >= 56.840)
",193.689,193.689,0.000,1.000,0.000,0,0,2,0,0,2,2,0,0.0,0.0,1.0,0.0,0.0,1.0,1
"G[0,2]((bmi <= 24.139 & WeightKg <= 64.273) | Pt_GrandparentT1D <= 63.459)
",9999999.000,9999999.000,0.000,1.000,0.000,0,0,2,0,0,2,2,0,0.0,0.0,1.0,0.0,0.0,1.0,1
"G[1,2]((diagAgeCombo >= 46.000 & NumPumpBolusOrShortAct <= 2.179) & AutonomicNeuroCl >= 0.425)
",9999999.000,9999999.000,0.000,1.000,0.000,0,0,0,2,2,0,0,2,0.0,0.0,0.0,0.0,0.0,1.0,1
"G[2,2](Pt_DKAFlg >= 0.000 -> BGTestAvgNumPtRep >= 1.757)
",0.000,0.000,0.000,1.000,0.000,0,0,2,0,0,2,2,0,0.0,0.0,1.0,0.0,0.0,1.0,1
"G[1,2]((bmiZscore <= -0.588 & Pt_CGMUseNumDays <= 0.000) & HbA1c >= 0.000)
",9999999.000,9999999.000,0.000,1.000,0.000,0,0,1,1,1,1,1,1,0.0,0.0,1.0,0.0,0.0,1.0,1
"G[0,2](Pt_GrandparentT1D <= 0.000 & bmiPerc <= 0.000)
",9999999.000,9999999.000,0.000,1.000,0.000,0,0,2,0,0,2,2,0,0.0,0.0,1.0,0.0,0.0,1.0,1
"G[1,2](((Triglyc >= 62.098 -> TotChol >= 71.991) -> Pt_FatherT1D >= 105.666) | TotChol <= 184.247)
",9999999.000,9999999.000,0.000,1.000,0.000,0,0,0,2,2,0,0,2,0.0,0.0,0.0,0.0,0.0,1.0,1
"G[1,2]((age <= 58.392 | WeightKg >= 61.563) | BldPrDia >= 61.564)
",9999999.000,9999999.000,0.000,1.000,0.000,0,0,2,0,0,2,2,0,0.0,0.0,1.0,0.0,0.0,1.0,1
"G[2,2](((AutonomicNeuroCl >= 0.000 & HbA1c <= 8.119) & BldPrDia >= 7.862) -> BldPrDia <= 8.047)
",-8.047,-8.047,0.000,1.000,0.000,0,0,2,0,0,2,2,0,0.0,0.0,1.0,0.0,0.0,1.0,1
"G[1,2](bmiZscore >= -0.640 & diagAgeCombo <= 46.000)
",9999999.000,9999999.000,0.000,1.000,0.000,0,0,1,1,1,1,1,1,0.0,0.0,1.0,0.0,0.0,1.0,1
"G[2,2](((bmiZscore <= -0.604 & HDL <= 116.570) | NumPumpBolusOrShortAct <= 122.123) | diabDur >= 115.194)
",122.123,122.123,0.000,1.000,0.000,0,0,2,0,0,2,2,0,0.0,0.0,1.0,0.0,0.0,1.0,1
"G[2,2](((BldPrDia <= 74.284 -> Triglyc >= 58.547) | BGTestAvgNumPtRep <= 90.903) | TotalDailyInsPerKg <= 75.953)
",90.903,90.903,0.000,1.000,0.000,0,0,2,0,0,2,2,0,0.0,0.0,1.0,0.0,0.0,1.0,1
"G[1,2](((Pt_MotherT1D <= 0.000 -> Pt_DKAFlg >= 0.000) -> bmiPerc <= 0.000) | BldPrDia <= 0.000)
",9999999.000,9999999.000,0.000,1.000,0.000,0,0,2,0,0,2,2,0,0.0,0.0,1.0,0.0,0.0,1.0,1
"G[1,1](Pt_SHFlg >= 0.000 -> BldPrDia >= 69.747)
",0.000,0.000,0.000,1.000,0.000,0,0,0,2,2,0,0,2,0.0,0.0,0.0,0.0,0.0,1.0,1
"G[1,2](((HbA1c <= 7.963 -> HbA1c >= 7.785) & Triglyc <= 7.949) | Pt_InsGov >= 7.640)
",9999999.000,9999999.000,0.000,1.000,0.000,0,0,0,2,2,0,0,2,0.0,0.0,0.0,0.0,0.0,1.0,1
"G[0,2]((BldPrDia >= 71.729 -> Pt_GrandparentT1D >= 0.000) | Pt_DKAFlg <= 0.000)
",9999999.000,9999999.000,0.000,1.000,0.000,0,0,2,0,0,2,2,0,0.0,0.0,1.0,0.0,0.0,1.0,1
"G[1,2]((TotChol <= 194.966 -> UnitsInsBasalOrLongAct >= 0.473) & Pt_CGMUseNumDays <= 7.126)
",9999999.000,9999999.000,0.000,1.000,0.000,0,0,2,0,0,2,2,0,0.0,0.0,1.0,0.0,0.0,1.0,1
"G[1,2](((BldPrSys >= 121.083 & SMBGperDayPtMeterCombo >= 4.962) -> Pt_DKAFlg <= 6.599) | WeightKg >= 4.360)
",9999999.000,9999999.000,0.000,1.000,0.000,0,0,2,0,0,2,2,0,0.0,0.0,1.0,0.0,0.0,1.0,1
"G[0,2](((age >= 53.043 | TotChol <= 171.135) & Triglyc >= 129.423) & bmiZscore >= 43.225)
",9999999.000,9999999.000,0.000,1.000,0.000,0,0,0,2,2,0,0,2,0.0,0.0,0.0,0.0,0.0,1.0,1
"G[0,1]((TotChol <= 185.603 & bmiZscore <= -0.588) & age <= -0.575)
",9999999.000,9999999.000,0.000,1.000,0.000,0,0,0,2,2,0,0,2,0.0,0.0,0.0,0.0,0.0,1.0,1
"G[0,1]((NumPumpBolusOrShortAct >= 0.198 -> TSH <= 1.500) & Pt_SiblingT1D >= 0.323)
",9999999.000,9999999.000,0.000,1.000,0.000,0,0,0,2,2,0,0,2,0.0,0.0,0.0,0.0,0.0,1.0,1
"G[0,2](((TSH <= 1.420 & Pt_FatherT1D >= 0.000) & TotChol <= 0.000) -> Pt_InsGov <= 0.000)
",9999999.000,9999999.000,0.000,1.000,0.000,0,0,2,0,0,2,2,0,0.0,0.0,1.0,0.0,0.0,1.0,1
"G[0,1]((DirectLDL >= 0.000 | TSH >= 0.623) & UnitsInsBasalOrLongAct >= 0.072)
",9999999.000,9999999.000,0.000,1.000,0.000,0,0,0,2,2,0,0,2,0.0,0.0,0.0,0.0,0.0,1.0,1
"G[0,1](((Pt_InsGov <= 0.000 & Pt_FatherT1D <= 0.000) | BGTestAvgNumMeter <= 0.000) & age <= 0.000)
",9999999.000,9999999.000,0.000,1.000,0.000,0,0,0,2,2,0,0,2,0.0,0.0,0.0,0.0,0.0,1.0,1
"G[1,2]((Pt_MotherT1D <= 0.000 | bmiZscore >= -0.627) & TotalDailyInsPerKg >= -0.613)
",9999999.000,9999999.000,0.000,1.000,0.000,0,0,2,0,0,2,2,0,0.0,0.0,1.0,0.0,0.0,1.0,1
"G[2,2](bmiZscore <= -0.607 & bmi >= 23.618)
",-23.618,-23.618,0.000,1.000,0.000,0,0,2,0,0,2,2,0,0.0,0.0,1.0,0.0,0.0,1.0,1
"G[0,2](((GFR <= 32.950 | BGTestAvgNumPtRep >= 1.076) & Pt_SiblingT1D <= 5.915) -> UnitsInsBasalOrLongAct >= 1.470)
",9999999.000,9999999.000,0.000,1.000,0.000,0,0,0,2,2,0,0,2,0.0,0.0,0.0,0.0,0.0,1.0,1
"G[2,2](((Pt_CGMUseNumDays <= 0.000 & Pt_SHFlg <= 0.000) & SMBGperDayPtMeterCombo >= 0.000) & Pt_A1cGoalLev >= 0.000)
",0.000,0.000,0.000,1.000,0.000,0,0,2,0,0,2,2,0,0.0,0.0,1.0,0.0,0.0,1.0,1
"G[0,1]((SMBGperDayPtMeterCombo >= 4.547 -> HbA1c <= 7.952) & GFR >= 7.708)
",9999999.000,9999999.000,0.000,1.000,0.000,0,0,0,2,2,0,0,2,0.0,0.0,0.0,0.0,0.0,1.0,1
"G[0,1](((GFR >= 5.858 -> UnitsInsBasalOrLongAct <= 11.926) | diabDur >= 2.912) -> Pt_GrandchildT1D >= 4.645)
",9999999.000,9999999.000,0.000,1.000,0.000,0,0,0,2,2,0,0,2,0.0,0.0,0.0,0.0,0.0,1.0,1
"G[2,2](diabDur <= 12.050 -> HbA1cImputeDtMnC >= 22.173)
",-12.050,-12.050,0.000,1.000,0.000,0,0,2,0,0,2,2,0,0.0,0.0,1.0,0.0,0.0,1.0,1
"G[2,2]((BGTestAvgNumPtRep >= 0.951 -> Pt_MotherT1D >= 0.000) & bmiZscore <= 0.000)
",0.000,0.000,0.000,1.000,0.000,0,0,2,0,0,2,2,0,0.0,0.0,1.0,0.0,0.0,1.0,1
"G[2,2](LDL >= 54.935 & Pt_SHFlg = 0.000)
",-54.935,-54.935,0.000,1.000,0.000,0,0,2,0,0,2,2,0,0.0,0.0,1.0,0.0,0.0,1.0,1
"G[2,2](GFR < 24.053 -> Pt_SHFlg = 0.000)
",-24.053,-24.053,0.000,1.000,0.000,0,0,2,0,0,2,2,0,0.0,0.0,1.0,0.0,0.0,1.0,1
"G[0,2](Pt_CGMUseNumDays > 0.000 & Pt_SHFlg = 0.000)
",9999999.000,9999999.000,0.000,1.000,0.000,0,0,0,2,2,0,0,2,0.0,0.0,0.0,0.0,0.0,1.0,1
"G[0,2](HDL > 115.725 -> Pt_SHFlg = 0.000)
",9999999.000,9999999.000,0.000,1.000,0.000,0,0,2,0,0,2,2,0,0.0,0.0,1.0,0.0,0.0,1.0,1
"G[0,1](((HbA1cImputeDtMnC >= 14.807 | NumPumpBolusOrShortAct >= 0.525) -> bmiZscore <= 2.589) & bmi <= 1.375)
",9999999.000,9999999.000,0.000,1.000,0.000,0,0,0,2,2,0,0,2,0.0,0.0,0.0,0.0,0.0,1.0,1
"G[1,1](((BGTestAvgNumMeter <= 4.779 & BldPrDia >= 72.000) -> WeightKg <= 74.283) -> AutonomicNeuroCl >= 70.747)
",70.747,70.747,0.000,1.000,0.000,0,0,0,2,2,0,0,2,0.0,0.0,0.0,0.0,0.0,1.0,1
"G[0,2]((bmi >= 23.100 -> NumPumpBolusOrShortAct >= 0.091) & HbA1c >= 0.100)
",9999999.000,9999999.000,0.000,1.000,0.000,0,0,1,1,1,1,1,1,0.0,0.0,1.0,0.0,0.0,1.0,1
"G[0,2](((LDL >= 55.841 & Triglyc >= 54.844) -> AutonomicNeuroCl <= 89.423) & diabDur <= 74.827)
",9999999.000,9999999.000,0.000,1.000,0.000,0,0,2,0,0,2,2,0,0.0,0.0,1.0,0.0,0.0,1.0,1
"G[1,2](((SMBGperDayPtMeterCombo >= 4.888 & NumPumpBolusOrShortAct >= 0.271) | Pt_GrandparentT1D >= 0.694) & SMBGperDayPtMeterCombo <= 1.557)
",9999999.000,9999999.000,0.000,1.000,0.000,0,0,0,2,2,0,0,2,0.0,0.0,0.0,0.0,0.0,1.0,1
"G[1,1]((bmiPerc >= 0.000 -> HbA1c >= 7.708) & TSH >= 7.709)
",-7.709,-7.709,0.000,1.000,0.000,0,0,0,2,2,0,0,2,0.0,0.0,0.0,0.0,0.0,1.0,1
"G[0,2](TSH >= 0.379 | HeightCm <= 162.975)
",9999999.000,9999999.000,0.000,1.000,0.000,0,0,2,0,0,2,2,0,0.0,0.0,1.0,0.0,0.0,1.0,1
"G[0,2](((Pt_FatherT1D >= 0.000 | Pt_A1cGoalLev <= 0.000) | Triglyc >= 0.000) & Triglyc >= 0.000)
",9999999.000,9999999.000,0.000,1.000,0.000,0,0,2,0,0,2,2,0,0.0,0.0,1.0,0.0,0.0,1.0,1
"G[0,2](((bmiPerc <= 0.000 -> Pt_GrandparentT1D <= 0.000) | SMBGperDayPtMeterCombo >= 0.000) & diabDur >= 0.000)
",9999999.000,9999999.000,0.000,1.000,0.000,0,0,2,0,0,2,2,0,0.0,0.0,1.0,0.0,0.0,1.0,1
"G[2,2]((BGTestAvgNumMeter <= 4.257 | BUN >= 16.654) | Pt_SiblingT1D >= 16.352)
",4.257,4.257,0.000,1.000,0.000,0,0,2,0,0,2,2,0,0.0,0.0,1.0,0.0,0.0,1.0,1
"G[1,2](DirectLDL <= 0.000 | AlbCreatRat_mggNew <= 4.208)
",9999999.000,9999999.000,0.000,1.000,0.000,0,0,2,0,0,2,2,0,0.0,0.0,1.0,0.0,0.0,1.0,1
"G[1,1]((Pt_SiblingT1D <= 0.000 | Pt_FatherT1D >= 0.000) -> bmi <= 0.000)
",0.000,0.000,0.000,1.000,0.000,0,0,0,2,2,0,0,2,0.0,0.0,0.0,0.0,0.0,1.0,1
"G[0,2](((Pt_GrandchildT1D >= 0.000 -> HbA1c >= 7.637) & BUN <= 7.934) & UnitsInsBasalOrLongAct <= 8.131)
",9999999.000,9999999.000,0.000,1.000,0.000,0,0,0,2,2,0,0,2,0.0,0.0,0.0,0.0,0.0,1.0,1
"G[1,2](HDL <= 123.710 | Pt_InsGov <= 0.000)
",9999999.000,9999999.000,0.000,1.000,0.000,0,0,2,0,0,2,2,0,0.0,0.0,1.0,0.0,0.0,1.0,1
"G[0,2]((BldPrDia <= 77.784 & BldPrDia <= 77.588) & age >= 67.143)
",9999999.000,9999999.000,0.000,1.000,0.000,0,0,0,2,2,0,0,2,0.0,0.0,0.0,0.0,0.0,1.0,1
"G[0,2](((Pt_MotherT1D >= 0.000 | BldPrDia <= 73.633) & diagAgeCombo <= 76.126) -> bmiZscore >= 72.031)
",9999999.000,9999999.000,0.000,1.000,0.000,0,0,0,2,2,0,0,2,0.0,0.0,0.0,0.0,0.0,1.0,1
"G[0,2](((Pt_GrandparentT1D >= 0.000 & Pt_MotherT1D >= 0.000) -> LDL >= 0.000) & TotChol <= 0.000)
",9999999.000,9999999.000,0.000,1.000,0.000,0,0,0,2,2,0,0,2,0.0,0.0,0.0,0.0,0.0,1.0,1
"G[1,2]((DirectLDL <= 0.000 -> Pt_ChildT1D <= 0.000) -> DirectLDL >= 0.000)
",9999999.000,9999999.000,0.000,1.000,0.000,0,0,2,0,0,2,2,0,0.0,0.0,1.0,0.0,0.0,1.0,1
"G[0,2](TotalDailyInsPerKg <= 0.600 | BGTestAvgNumMeter >= 1.519)
",9999999.000,9999999.000,0.000,1.000,0.000,0,0,2,0,0,2,2,0,0.0,0.0,1.0,0.0,0.0,1.0,1
"G[1,2](((DirectLDL <= 0.000 | Pt_SiblingT1D <= 0.000) -> HbA1c <= 0.000) -> HbA1cImputeDtMnC >= 0.000)
",9999999.000,9999999.000,0.000,1.000,0.000,0,0,2,0,0,2,2,0,0.0,0.0,1.0,0.0,0.0,1.0,1
"G[0,2]((Pt_CGMUseNumDays <= 0.000 -> bmiPerc >= 0.000) & bmiPerc >= 0.000)
",9999999.000,9999999.000,0.000,1.000,0.000,0,0,2,0,0,2,2,0,0.0,0.0,1.0,0.0,0.0,1.0,1
"G[0,2]((BldPrDia >= 70.283 | BldPrSys >= 121.241) -> BGTestAvgNumMeter <= 130.231)
",9999999.000,9999999.000,0.000,1.000,0.000,0,0,2,0,0,2,2,0,0.0,0.0,1.0,0.0,0.0,1.0,1
"G[2,2](((BGTestAvgNumPtRep >= 0.364 -> Triglyc >= 54.172) -> bmiPerc >= 56.158) & UnitsInsBasalOrLongAct >= 62.496)
",-62.496,-62.496,0.000,1.000,0.000,0,0,2,0,0,2,2,0,0.0,0.0,1.0,0.0,0.0,1.0,1
"G[0,2](diabDur >= 7.543 | LDL >= 54.839)
",9999999.000,9999999.000,0.000,1.000,0.000,0,0,2,0,0,2,2,0,0.0,0.0,1.0,0.0,0.0,1.0,1
"F[0,1](TotChol <= 181.793 & DirectLDL <= 0.000)
",-9999999.000,-9999999.000,0.000,0.000,1.000,0,0,0,2,2,0,0,2,0.0,0.0,0.0,0.0,0.0,1.0,-1
"F[0,2]((Pt_GrandparentT1D >= 0.000 -> bmi >= 23.147) & LDL <= 23.965)
",-9999999.000,-9999999.000,0.000,0.000,1.000,0,0,0,2,2,0,0,2,0.0,0.0,0.0,0.0,0.0,1.0,-1
"F[0,2](((bmiPerc >= 0.000 & HeightCm >= 162.608) | Triglyc >= 162.644) -> age >= 162.748)
",-9999999.000,-9999999.000,0.000,0.000,1.000,0,0,0,2,2,0,0,2,0.0,0.0,0.0,0.0,0.0,1.0,-1
"((BGTestAvgNumMeter >= 3.055) U[0,1] (HDL <= 118.412))
",-9999999.000,-9999999.000,0.000,0.000,1.000,0,0,0,2,2,0,0,2,0.0,0.0,0.0,0.0,0.0,1.0,-1
"F[0,2]((HDL >= 107.904 | Pt_GrandparentT1D >= 0.000) & Pt_CGMUseNumDays >= 0.000)
",-9999999.000,-9999999.000,0.000,0.000,1.000,0,0,0,2,2,0,0,2,0.0,0.0,0.0,0.0,0.0,1.0,-1
"F[1,2]((HbA1c >= 7.918 & Pt_A1cGoalLev >= 0.000) -> Pt_SHFlg <= 0.000)
",-9999999.000,-9999999.000,0.000,0.000,1.000,0,0,0,2,2,0,0,2,0.0,0.0,0.0,0.0,0.0,1.0,-1
"F[0,2](((Triglyc <= 87.101 & Pt_CGMUseNumDays <= 0.000) -> BldPrSys >= 0.000) -> Pt_A1cGoalLev <= 0.000)
",-9999999.000,-9999999.000,0.000,0.000,1.000,0,0,0,2,2,0,0,2,0.0,0.0,0.0,0.0,0.0,1.0,-1
"F[0,2](age <= 59.780 | HbA1c >= 7.754)
",-9999999.000,-9999999.000,0.000,0.000,1.000,0,0,0,2,2,0,0,2,0.0,0.0,0.0,0.0,0.0,1.0,-1
"((AutonomicNeuroCl <= 0.000) U[1,2] (LDL >= 61.170))
",-9999999.000,-9999999.000,0.000,0.000,1.000,0,0,0,2,2,0,0,2,0.0,0.0,0.0,0.0,0.0,1.0,-1
"F[0,1](HbA1cImputeDtMnC >= 0.296 -> LDL >= 60.828)
",-9999999.000,-9999999.000,0.000,0.000,1.000,0,0,0,2,2,0,0,2,0.0,0.0,0.0,0.0,0.0,1.0,-1
"F[2,2]((TotChol <= 165.833 -> bmiZscore >= -0.621) -> AlbCreatRat_mggNew <= -0.601)
",0.601,0.601,0.000,0.000,1.000,0,0,0,2,2,0,0,2,0.0,0.0,0.0,0.0,0.0,1.0,-1
"F[2,2](((diabDur <= 11.531 & NumPumpBolusOrShortAct <= 1.837) -> TSH >= 0.142) & BGTestAvgNumPtRep <= 1.207)
",-1.837,-1.837,0.000,0.000,1.000,0,0,0,2,2,0,0,2,0.0,0.0,0.0,0.0,0.0,1.0,-1
"F[0,1](bmi >= 23.524 -> HbA1c <= 8.048)
",-9999999.000,-9999999.000,0.000,0.000,1.000,0,0,0,2,2,0,0,2,0.0,0.0,0.0,0.0,0.0,1.0,-1
"F[0,2](((NumPumpBolusOrShortAct >= 0.333 -> WeightKg >= 61.361) | bmiZscore <= 64.271) | TSH <= 64.060)
",-9999999.000,-9999999.000,0.000,0.000,1.000,0,0,0,2,2,0,0,2,0.0,0.0,0.0,0.0,0.0,1.0,-1
"F[0,1](TSH >= 0.314 & Pt_DKAFlg <= 0.000)
",-9999999.000,-9999999.000,0.000,0.000,1.000,0,0,0,2,2,0,0,2,0.0,0.0,0.0,0.0,0.0,1.0,-1
"F[0,0](((BGTestAvgNumPtRep >= 0.541 | WeightKg >= 62.416) -> TotalDailyInsPerKg <= 63.458) | NumPumpBolusOrShortAct >= 62.629)
",-17.819,-53.458,0.000,0.000,1.000,0,0,0,2,2,0,0,2,0.0,0.0,0.0,0.0,0.0,1.0,-1
"F[1,2](((BGTestAvgNumPtRep >= 0.356 -> BldPrDia <= 74.259) & WeightKg >= 71.805) -> Pt_MotherT1D >= 67.543)
",-9999999.000,-9999999.000,0.000,0.000,1.000,0,0,0,2,2,0,0,2,0.0,0.0,0.0,0.0,0.0,1.0,-1
"F[1,1](((diagAgeCombo <= 46.000 -> Pt_GrandparentT1D <= 0.000) & AlbCreatRat_mggNew >= 0.000) -> TSH >= 0.000)
",0.000,0.000,0.000,0.000,1.000,0,0,0,2,2,0,0,2,0.0,0.0,0.0,0.0,0.0,1.0,-1
"((UnitsInsBasalOrLongAct >= 6.314) U[2,2] (Pt_A1cGoalLevelDsYr5 <= 0.000))
",0.000,0.000,0.000,0.000,1.000,0,0,0,2,2,0,0,2,0.0,0.0,0.0,0.0,0.0,1.0,-1
"F[2,2]((bmiPerc <= 0.000 & TotChol >= 77.750) -> NumPumpBolusOrShortAct >= 97.021)
",77.750,77.750,0.000,0.000,1.000,0,0,0,2,2,0,0,2,0.0,0.0,0.0,0.0,0.0,1.0,-1
"F[1,2](SMBGperDayPtMeterCombo >= 5.161 -> TotChol >= 44.655)
",-9999999.000,-9999999.000,0.000,0.000,1.000,0,0,0,2,2,0,0,2,0.0,0.0,0.0,0.0,0.0,1.0,-1
"((HbA1cImputeDtMnC >= 11.097) U[0,1] (UnitsInsBasalOrLongAct <= 8.525))
",-9999999.000,-9999999.000,0.000,0.000,1.000,0,0,0,2,2,0,0,2,0.0,0.0,0.0,0.0,0.0,1.0,-1
"F[1,2]((HeightCm <= 162.965 -> Pt_DKAFlg >= 0.000) & TotChol <= 0.000)
",-9999999.000,-9999999.000,0.000,0.000,1.000,0,0,0,2,2,0,0,2,0.0,0.0,0.0,0.0,0.0,1.0,-1
"G[1,2](((diabDur >= 7.258 -> BGTestAvgNumMeter <= 4.185) | BldPrDia <= 4.006) | Pt_A1cGoalLevelDsYr5 >= 2.919)
",9999999.000,9999999.000,0.000,1.000,0.000,0,0,1,1,1,1,1,1,0.0,0.0,1.0,0.0,0.0,1.0,1
"G[2,2](((Pt_SHFlg >= 0.000 & SMBGperDayPtMeterCombo >= 4.506) & diabDur <= 6.962) -> Pt_MotherT1D >= 4.106)
",4.106,4.106,0.000,1.000,0.000,0,0,2,0,0,2,2,0,0.0,0.0,1.0,0.0,0.0,1.0,1
"G[1,1]((Pt_MotherT1D <= 0.000 | Pt_FatherT1D <= 0.000) & BldPrDia <= 0.000)
",0.000,0.000,0.000,1.000,0.000,0,0,0,2,2,0,0,2,0.0,0.0,0.0,0.0,0.0,1.0,1
"F[0,1]((WeightKg <= 63.402 | BldPrSys >= 123.658) -> Pt_SHFlg <= 128.473)
",-9999999.000,-9999999.000,0.000,0.000,1.000,0,0,0,2,2,0,0,2,0.0,0.0,0.0,0.0,0.0,1.0,-1
"F[1,2]((Pt_CGMUseNumDays >= 0.000 & NumPumpBolusOrShortAct >= 0.085) & TotChol <= 0.782)
",-9999999.000,-9999999.000,0.000,0.000,1.000,0,0,0,2,2,0,0,2,0.0,0.0,0.0,0.0,0.0,1.0,-1
"G[2,2]((BldPrDia >= 70.497 | HbA1c >= 7.779) -> TotalDailyInsPerKg >= 7.895)
",7.779,7.779,0.000,1.000,0.000,0,0,2,0,0,2,2,0,0.0,0.0,1.0,0.0,0.0,1.0,1
"F[1,2](((Pt_A1cGoalLevelDsYr5 <= 0.000 & TotalDailyInsPerKg >= 0.009) & Pt_GrandchildT1D >= 0.271) | AutonomicNeuroCl <= 0.513)
",-9999999.000,-9999999.000,0.000,0.000,1.000,0,0,0,2,2,0,0,2,0.0,0.0,0.0,0.0,0.0,1.0,-1
"F[0,1]((age >= 54.019 & UnitsInsBasalOrLongAct >= 2.504) -> bmi >= 4.812)
",-9999999.000,-9999999.000,0.000,0.000,1.000,0,0,0,2,2,0,0,2,0.0,0.0,0.0,0.0,0.0,1.0,-1
"F[0,1](BGTestAvgNumPtRep >= 0.234 | bmi >= 23.172)
",-9999999.000,-9999999.000,0.000,0.000,1.000,0,0,0,2,2,0,0,2,0.0,0.0,0.0,0.0,0.0,1.0,-1
"F[2,2]((LDL <= 63.970 & LDL >= 54.593) -> NumPumpBolusOrShortAct <= 71.410)
",-71.410,-71.410,0.000,0.000,1.000,0,0,0,2,2,0,0,2,0.0,0.0,0.0,0.0,0.0,1.0,-1
"F[0,1](((WeightKg <= 64.590 -> Pt_A1cGoalLevelDsYr5 <= 0.000) | HbA1c <= 0.000) -> Pt_A1cGoalLevelDsYr5 <= 0.000)
",-9999999.000,-9999999.000,0.000,0.000,1.000,0,0,0,2,2,0,0,2,0.0,0.0,0.0,0.0,0.0,1.0,-1
"F[1,2](BldPrSys >= 125.348 | TotChol <= 159.865)
",-9999999.000,-9999999.000,0.000,0.000,1.000,0,0,0,2,2,0,0,2,0.0,0.0,0.0,0.0,0.0,1.0,-1
"F[0,2]((BGTestAvgNumMeter <= 4.246 & Pt_InsGov >= 0.000) -> bmiPerc <= 0.000)
",-9999999.000,-9999999.000,0.000,0.000,1.000,0,0,0,2,2,0,0,2,0.0,0.0,0.0,0.0,0.0,1.0,-1
"F[1,1](((Pt_CGMUseNumDays >= 0.000 -> Pt_CGMUseNumDays <= 0.000) & bmiZscore <= 0.000) & Pt_SiblingT1D <= 0.000)
",0.000,0.000,0.000,0.000,1.000,0,0,0,2,2,0,0,2,0.0,0.0,0.0,0.0,0.0,1.0,-1
"F[0,1](Pt_FatherT1D <= 0.000 | BldPrDia <= 75.050)
",-9999999.000,-9999999.000,0.000,0.000,1.000,0,0,0,2,2,0,0,2,0.0,0.0,0.0,0.0,0.0,1.0,-1
"F[1,2](((Pt_MotherT1D >= 0.000 -> Pt_A1cGoalLev >= 0.000) -> Pt_SiblingT1D >= 0.000) & Pt_GrandparentT1D <= 0.000)
",-9999999.000,-9999999.000,0.000,0.000,1.000,0,0,0,2,2,0,0,2,0.0,0.0,0.0,0.0,0.0,1.0,-1
"F[0,1](Pt_FatherT1D >= 0.000 -> Pt_DKAFlg <= 0.000)
",-9999999.000,-9999999.000,0.000,0.000,1.000,0,0,0,2,2,0,0,2,0.0,0.0,0.0,0.0,0.0,1.0,-1
"F[0,1]((TotalDailyInsPerKg <= 0.468 & HbA1cImputeDtMnC >= 23.723) -> TotalDailyInsPerKg <= 49.247)
",-9999999.000,-9999999.000,0.000,0.000,1.000,0,0,0,2,2,0,0,2,0.0,0.0,0.0,0.0,0.0,1.0,-1
"F[1,2](((BGTestAvgNumMeter <= 4.774 | bmiPerc >= 0.000) -> diabDur >= 0.000) -> BGTestAvgNumMeter >= 0.000)
",-9999999.000,-9999999.000,0.000,0.000,1.000,0,0,0,2,2,0,0,2,0.0,0.0,0.0,0.0,0.0,1.0,-1
"G[2,2](Pt_ChildT1D >= 0.000 & BldPrDia <= 73.781)
",0.000,0.000,0.000,1.000,0.000,0,0,2,0,0,2,2,0,0.0,0.0,1.0,0.0,0.0,1.0,1
"F[0,2](((Pt_InsGov >= 0.000 | BldPrSys <= 126.448) | Pt_FatherT1D <= 129.104) & NumPumpBolusOrShortAct >= 119.722)
",-9999999.000,-9999999.000,0.000,0.000,1.000,0,0,0,2,2,0,0,2,0.0,0.0,0.0,0.0,0.0,1.0,-1
"((Triglyc <= 82.318) U[0,1] (age >= 55.091))
",-9999999.000,-9999999.000,0.000,0.000,1.000,0,0,0,2,2,0,0,2,0.0,0.0,0.0,0.0,0.0,1.0,-1
"F[1,2](((BGTestAvgNumPtRep <= 4.471 | UnitsInsBasalOrLongAct <= 9.383) | bmiPerc <= 12.819) & Pt_ChildT1D >= 0.949)
",-9999999.000,-9999999.000,0.000,0.000,1.000,0,0,0,2,2,0,0,2,0.0,0.0,0.0,0.0,0.0,1.0,-1
"F[0,0]((BldPrSys <= 126.787 -> WeightKg >= 61.383) & AutonomicNeuroCl <= 64.551)
",-126.787,-126.787,0.000,0.000,1.000,0,0,0,2,2,0,0,2,0.0,0.0,0.0,0.0,0.0,1.0,-1
"F[1,2]((Pt_SiblingT1D >= 0.000 & Pt_A1cGoalLevelDsYr5 >= 0.000) & Pt_MotherT1D >= 0.000)
",-9999999.000,-9999999.000,0.000,0.000,1.000,0,0,0,2,2,0,0,2,0.0,0.0,0.0,0.0,0.0,1.0,-1
"F[0,2](Pt_SiblingT1D <= 0.000 & Pt_FatherT1D <= 0.000)
",-9999999.000,-9999999.000,0.000,0.000,1.000,0,0,0,2,2,0,0,2,0.0,0.0,0.0,0.0,0.0,1.0,-1
"F[0,1](((GFR <= 65.297 | Pt_CGMUseNumDays >= 0.000) & Pt_MotherT1D <= 0.000) | GFR >= 0.000)
",-9999999.000,-9999999.000,0.000,0.000,1.000,0,0,0,2,2,0,0,2,0.0,0.0,0.0,0.0,0.0,1.0,-1
"F[0,2]((Pt_CGMUseNumDays <= 0.000 -> Pt_ChildT1D >= 0.000) & Pt_SiblingT1D >= 0.000)
",-9999999.000,-9999999.000,0.000,0.000,1.000,0,0,0,2,2,0,0,2,0.0,0.0,0.0,0.0,0.0,1.0,-1
"F[0,0](((Pt_GrandchildT1D >= 0.000 & Pt_A1cGoalLevelDsYr5 <= 0.000) | TSH >= 0.000) -> Pt_MotherT1D >= 0.000)
",-13.000,-6.500,0.000,0.000,1.000,0,0,0,2,2,0,0,2,0.0,0.0,0.0,0.0,0.0,1.0,-1
"F[1,2]((AlbCreatRat_mggNew <= 3.943 -> NumPumpBolusOrShortAct <= 2.991) & HeightCm <= 1.590)
",-9999999.000,-9999999.000,0.000,0.000,1.000,0,0,0,2,2,0,0,2,0.0,0.0,0.0,0.0,0.0,1.0,-1
"F[1,2](((TSH >= 0.931 | Pt_DKAFlg >= 0.000) -> Pt_MotherT1D <= 0.000) & HbA1c >= 0.000)
",-9999999.000,-9999999.000,0.000,0.000,1.000,0,0,0,2,2,0,0,2,0.0,0.0,0.0,0.0,0.0,1.0,-1
"F[0,0](BldPrSys >= 116.019 & SMBGperDayPtMeterCombo >= 4.297)
",-116.019,-116.019,0.000,0.000,1.000,0,0,0,2,2,0,0,2,0.0,0.0,0.0,0.0,0.0,1.0,-1
"G[1,2]((Pt_MotherT1D >= 0.000 & Pt_FatherT1D >= 0.000) -> BGTestAvgNumMeter >= 0.000)
",9999999.000,9999999.000,0.000,1.000,0.000,0,0,2,0,0,2,2,0,0.0,0.0,1.0,0.0,0.0,1.0,1
"G[2,2]((Pt_CGMUseNumDays <= 0.000 & Pt_GrandchildT1D <= 0.000) | HbA1cImputeDtMnC >= 0.000)
",0.000,0.000,0.000,1.000,0.000,0,0,2,0,0,2,2,0,0.0,0.0,1.0,0.0,0.0,1.0,1
"G[0,2](((HbA1c >= 7.896 & SMBGperDayPtMeterCombo <= 6.028) | diagAgeCombo <= 5.975) -> HbA1cImputeDtMnC <= 6.630)
",9999999.000,9999999.000,0.000,1.000,0.000,0,0,1,1,1,1,1,1,0.0,0.0,1.0,0.0,0.0,1.0,1
"G[0,2](((BldPrDia <= 77.058 -> diabDur >= 10.159) -> bmi >= 9.801) & Pt_MotherT1D <= 12.473)
",9999999.000,9999999.000,0.000,1.000,0.000,0,0,2,0,0,2,2,0,0.0,0.0,1.0,0.0,0.0,1.0,1
"G[0,0](((bmiZscore <= -0.584 -> GFR <= 36.458) | bmiPerc >= 17.654) -> Pt_GrandchildT1D >= 5.486)
",-9.588,-6.065,0.000,1.000,0.000,0,0,0,2,2,0,0,2,0.0,0.0,0.0,0.0,0.0,1.0,1
"G[0,2](bmiZscore <= -0.577 -> BUN >= 16.201)
",9999999.000,9999999.000,0.000,1.000,0.000,0,0,1,1,1,1,1,1,0.0,0.0,1.0,0.0,0.0,1.0,1
"G[0,2]((age >= 55.401 & TotalDailyInsPerKg >= 0.197) & Pt_SiblingT1D <= 0.625)
",9999999.000,9999999.000,0.000,1.000,0.000,0,0,0,2,2,0,0,2,0.0,0.0,0.0,0.0,0.0,1.0,1
"G[1,2]((GFR <= 72.954 -> HbA1cImputeDtMnC <= 59.585) & WeightKg <= 52.698)
",9999999.000,9999999.000,0.000,1.000,0.000,0,0,0,2,2,0,0,2,0.0,0.0,0.0,0.0,0.0,1.0,1
"G[0,1](bmi >= 23.532 & BUN >= 16.686)
",9999999.000,9999999.000,0.000,1.000,0.000,0,0,0,2,2,0,0,2,0.0,0.0,0.0,0.0,0.0,1.0,1
"G[1,2](((HDL >= 115.671 & Triglyc >= 66.235) -> AutonomicNeuroCl <= 84.059) -> Pt_MotherT1D >= 62.616)
",9999999.000,9999999.000,0.000,1.000,0.000,0,0,0,2,2,0,0,2,0.0,0.0,0.0,0.0,0.0,1.0,1
"G[2,2](((HeightCm >= 162.622 | LDL <= 70.818) | Pt_ChildT1D <= 73.672) -> Pt_SHFlg <= 61.775)
",-73.672,-73.672,0.000,1.000,0.000,0,0,2,0,0,2,2,0,0.0,0.0,1.0,0.0,0.0,1.0,1
"G[2,2]((HDL <= 122.814 -> WeightKg <= 64.191) | HbA1c <= 64.472)
",64.472,64.472,0.000,1.000,0.000,0,0,2,0,0,2,2,0,0.0,0.0,1.0,0.0,0.0,1.0,1
"G[0,2](((HeightCm <= 162.995 -> WeightKg <= 64.655) -> age <= 63.553) -> Pt_GrandparentT1D >= 62.508)
",9999999.000,9999999.000,0.000,1.000,0.000,0,0,0,2,2,0,0,2,0.0,0.0,0.0,0.0,0.0,1.0,1
"G[0,1](HbA1c >= 7.602 -> NumPumpBolusOrShortAct >= 0.045)
",9999999.000,9999999.000,0.000,1.000,0.000,0,0,0,2,2,0,0,2,0.0,0.0,0.0,0.0,0.0,1.0,1
"G[0,2](BGTestAvgNumMeter >= 2.346 | HbA1cImputeDtMnC >= 16.803)
",9999999.000,9999999.000,0.000,1.000,0.000,0,0,1,1,1,1,1,1,0.0,0.0,1.0,0.0,0.0,1.0,1
"G[1,2](((BGTestAvgNumMeter >= 3.105 | bmi <= 23.744) -> HeightCm >= 23.575) -> Pt_InsGov <= 23.754)
",9999999.000,9999999.000,0.000,1.000,0.000,0,0,2,0,0,2,2,0,0.0,0.0,1.0,0.0,0.0,1.0,1
"G[0,1](((BldPrDia <= 75.553 -> TotChol >= 12.338) | Pt_DKAFlg >= 20.874) -> WeightKg >= 121.844)
",9999999.000,9999999.000,0.000,1.000,0.000,0,0,0,2,2,0,0,2,0.0,0.0,0.0,0.0,0.0,1.0,1
"G[0,2](((BGTestAvgNumPtRep <= 4.567 & TotalDailyInsPerKg <= 0.620) & Pt_FatherT1D <= 0.621) & Pt_A1cGoalLev >= 0.290)
",9999999.000,9999999.000,0.000,1.000,0.000,0,0,0,2,2,0,0,2,0.0,0.0,0.0,0.0,0.0,1.0,1
"G[0,0](((diabDur <= 11.386 -> UnitsInsBasalOrLongAct <= 12.317) -> Pt_SHFlg <= 11.781) -> Triglyc <= 7.261)
",-3.873,-9.789,0.000,1.000,0.000,0,0,0,2,2,0,0,2,0.0,0.0,0.0,0.0,0.0,1.0,1
"G[0,2](((BldPrDia <= 74.421 & UnitsInsBasalOrLongAct <= 9.836) | Pt_InsGov <= 11.090) -> Pt_A1cGoalLev >= 6.045)
",9999999.000,9999999.000,0.000,1.000,0.000,0,0,0,2,2,0,0,2,0.0,0.0,0.0,0.0,0.0,1.0,1
"G[0,2](((HbA1c >= 7.789 -> WeightKg >= 61.758) -> Pt_A1cGoalLevelDsYr5 >= 62.705) -> Pt_MotherT1D >= 62.158)
",9999999.000,9999999.000,0.000,1.000,0.000,0,0,1,1,1,1,1,1,0.0,0.0,1.0,0.0,0.0,1.0,1
"G[1,2]((bmiZscore >= -0.608 & HbA1cImputeDtMnC <= 61.112) -> Pt_GrandparentT1D <= 60.740)
",9999999.000,9999999.000,0.000,1.000,0.000,0,0,2,0,0,2,2,0,0.0,0.0,1.0,0.0,0.0,1.0,1
"G[0,1]((BGTestAvgNumPtRep >= 1.377 & HbA1cImputeDtMnC >= 14.373) & diabDur >= 26.717)
",9999999.000,9999999.000,0.000,1.000,0.000,0,0,0,2,2,0,0,2,0.0,0.0,0.0,0.0,0.0,1.0,1
"G[0,2](diabDur <= 11.793 & HbA1c >= 7.642)
",9999999.000,9999999.000,0.000,1.000,0.000,0,0,0,2,2,0,0,2,0.0,0.0,0.0,0.0,0.0,1.0,1
"G[0,1](age <= 57.196 & BldPrSys >= 113.535)
",9999999.000,9999999.000,0.000,1.000,0.000,0,0,0,2,2,0,0,2,0.0,0.0,0.0,0.0,0.0,1.0,1
"G[1,2]((BUN <= 17.282 & Triglyc >= 54.322) | bmi >= 62.205)
",9999999.000,9999999.000,0.000,1.000,0.000,0,0,1,1,1,1,1,1,0.0,0.0,1.0,0.0,0.0,1.0,1
"G[0,0]((AlbCreatRat_mggNew <= 1.772 & GFR >= 14.103) | Pt_GrandparentT1D >= 10.032)
",-10.032,-10.032,0.000,1.000,0.000,0,0,0,2,2,0,0,2,0.0,0.0,0.0,0.0,0.0,1.0,1
"G[2,2](HbA1cImputeDtMnC >= 18.405 | LDL >= 55.947)
",-18.405,-18.405,0.000,1.000,0.000,0,0,2,0,0,2,2,0,0.0,0.0,1.0,0.0,0.0,1.0,1
"G[0,2]((HbA1c >= 7.711 -> Triglyc >= 54.779) & Pt_GrandparentT1D <= 71.149)
",9999999.000,9999999.000,0.000,1.000,0.000,0,0,1,1,1,1,1,1,0.0,0.0,1.0,0.0,0.0,1.0,1
"G[0,1]((bmi >= 23.316 & HDL <= 116.827) | BUN >= 106.022)
",9999999.000,9999999.000,0.000,1.000,0.000,0,0,0,2,2,0,0,2,0.0,0.0,0.0,0.0,0.0,1.0,1
"G[2,2](((AlbCreatRat_mggNew <= 5.511 & bmi >= 23.530) -> Pt_CGMUseNumDays <= 24.080) | Pt_GrandchildT1D >= 23.181)
",-23.181,-23.181,0.000,1.000,0.000,0,0,2,0,0,2,2,0,0.0,0.0,1.0,0.0,0.0,1.0,1
"G[1,1]((UnitsInsBasalOrLongAct >= 0.206 | WeightKg <= 63.877) & Triglyc <= 63.029)
",63.029,63.029,0.000,1.000,0.000,0,0,0,2,2,0,0,2,0.0,0.0,0.0,0.0,0.0,1.0,1
"G[1,2]((TotalDailyInsPerKg <= 0.465 | WeightKg <= 64.386) | DirectLDL <= 63.490)
",9999999.000,9999999.000,0.000,1.000,0.000,0,0,2,0,0,2,2,0,0.0,0.0,1.0,0.0,0.0,1.0,1
"G[0,2](((bmiZscore <= -0.589 & Triglyc <= 69.349) & Pt_A1cGoalLev >= 53.135) -> GFR >= 54.595)
",9999999.000,9999999.000,0.000,1.000,0.000,0,0,2,0,0,2,2,0,0.0,0.0,1.0,0.0,0.0,1.0,1
"G[1,2](((bmiPerc <= 0.000 | DirectLDL >= 0.000) & GFR <= 0.000) -> Pt_SiblingT1D >= 0.000)
",9999999.000,9999999.000,0.000,1.000,0.000,0,0,2,0,0,2,2,0,0.0,0.0,1.0,0.0,0.0,1.0,1
"G[2,2](((Pt_CGMUseNumDays >= 0.000 & Pt_MotherT1D >= 0.000) | TSH <= 0.000) & HbA1c >= 0.000)
",0.000,0.000,0.000,1.000,0.000,0,0,2,0,0,2,2,0,0.0,0.0,1.0,0.0,0.0,1.0,1
"G[1,2](((TotChol >= 32.137 -> Pt_CGMUseNumDays <= 0.000) & Pt_ChildT1D <= 0.000) -> diagAgeCombo >= 0.000)
",9999999.000,9999999.000,0.000,1.000,0.000,0,0,2,0,0,2,2,0,0.0,0.0,1.0,0.0,0.0,1.0,1
"G[0,2](((Triglyc >= 55.148 & LDL <= 73.673) -> Pt_SHFlg <= 70.361) | BGTestAvgNumMeter <= 66.913)
",9999999.000,9999999.000,0.000,1.000,0.000,0,0,2,0,0,2,2,0,0.0,0.0,1.0,0.0,0.0,1.0,1
"G[0,2](((TSH >= 0.504 -> HbA1cImputeDtMnC <= 67.968) | age >= 21.794) | HDL <= 71.951)
",9999999.000,9999999.000,0.000,1.000,0.000,0,0,2,0,0,2,2,0,0.0,0.0,1.0,0.0,0.0,1.0,1
"G[0,2](BldPrDia <= 75.505 | TSH >= 0.898)
",9999999.000,9999999.000,0.000,1.000,0.000,0,0,0,2,2,0,0,2,0.0,0.0,0.0,0.0,0.0,1.0,1
"G[0,1]((SMBGperDayPtMeterCombo >= 5.186 | diabDur <= 10.793) & AutonomicNeuroCl >= 7.099)
",9999999.000,9999999.000,0.000,1.000,0.000,0,0,0,2,2,0,0,2,0.0,0.0,0.0,0.0,0.0,1.0,1
"G[0,2]((Pt_A1cGoalLev >= 0.000 & age >= 55.511) -> HeightCm >= 53.291)
",9999999.000,9999999.000,0.000,1.000,0.000,0,0,2,0,0,2,2,0,0.0,0.0,1.0,0.0,0.0,1.0,1
"G[1,2](((TSH >= 0.287 & BldPrDia >= 72.032) -> Pt_FatherT1D >= 67.667) & Pt_InsGov >= 68.629)
",9999999.000,9999999.000,0.000,1.000,0.000,0,0,0,2,2,0,0,2,0.0,0.0,0.0,0.0,0.0,1.0,1
"G[0,1]((BldPrSys <= 129.954 -> BGTestAvgNumPtRep >= 1.271) & BldPrDia <= 6.362)
",9999999.000,9999999.000,0.000,1.000,0.000,0,0,0,2,2,0,0,2,0.0,0.0,0.0,0.0,0.0,1.0,1
"G[1,1](TSH <= 1.654 & Pt_GrandparentT1D >= 0.000)
",0.000,0.000,0.000,1.000,0.000,0,0,0,2,2,0,0,2,0.0,0.0,0.0,0.0,0.0,1.0,1
"G[1,2]((bmiZscore <= -0.572 & SMBGperDayPtMeterCombo >= 4.687) -> HeightCm <= 6.375)
",9999999.000,9999999.000,0.000,1.000,0.000,0,0,2,0,0,2,2,0,0.0,0.0,1.0,0.0,0.0,1.0,1
"G[1,2](NumPumpBolusOrShortAct <= 1.284 & Triglyc <= 82.353)
",9999999.000,9999999.000,0.000,1.000,0.000,0,0,1,1,1,1,1,1,0.0,0.0,1.0,0.0,0.0,1.0,1
"G[1,2](SMBGperDayPtMeterCombo >= 4.896 & BGTestAvgNumPtRep >= 2.362)
",9999999.000,9999999.000,0.000,1.000,0.000,0,0,0,2,2,0,0,2,0.0,0.0,0.0,0.0,0.0,1.0,1
"G[0,1](WeightKg <= 64.272 & Triglyc <= 85.619)
",9999999.000,9999999.000,0.000,1.000,0.000,0,0,0,2,2,0,0,2,0.0,0.0,0.0,0.0,0.0,1.0,1
"G[0,2]((AutonomicNeuroCl >= 0.000 | WeightKg <= 62.923) -> Pt_GrandchildT1D <= 63.471)
",9999999.000,9999999.000,0.000,1.000,0.000,0,0,2,0,0,2,2,0,0.0,0.0,1.0,0.0,0.0,1.0,1
"G[0,1](((age >= 53.252 & BUN <= 18.774) -> AutonomicNeuroCl >= 16.040) & BldPrSys <= 18.805)
",9999999.000,9999999.000,0.000,1.000,0.000,0,0,0,2,2,0,0,2,0.0,0.0,0.0,0.0,0.0,1.0,1
"G[0,0](((BGTestAvgNumPtRep <= 5.770 & BUN <= 18.214) | diabDur <= 17.777) & HbA1c >= 16.949)
",-160.347,-35.005,0.000,1.000,0.000,0,0,0,2,2,0,0,2,0.0,0.0,0.0,0.0,0.0,1.0,1
"G[0,0]((TotalDailyInsPerKg <= 0.629 | UnitsInsBasalOrLongAct >= 0.247) & BldPrSys <= 9.658)
",0.912,2.553,0.000,1.000,0.000,0,0,0,2,2,0,0,2,0.0,0.0,0.0,0.0,0.0,1.0,1
"G[0,0](((HbA1c <= 7.934 -> HeightCm >= 162.785) & Pt_GrandparentT1D >= 162.579) | Pt_FatherT1D >= 162.870)
",-162.579,-162.579,0.000,1.000,0.000,0,0,0,2,2,0,0,2,0.0,0.0,0.0,0.0,0.0,1.0,1
"G[0,1](((BldPrSys >= 125.471 -> bmiZscore >= -0.611) | AutonomicNeuroCl <= -0.571) | HbA1cImputeDtMnC <= -0.607)
",9999999.000,9999999.000,0.000,1.000,0.000,0,0,0,2,2,0,0,2,0.0,0.0,0.0,0.0,0.0,1.0,1
"G[2,2](((bmiZscore >= -0.629 | NumPumpBolusOrShortAct <= 0.906) | Pt_CGMUseNumDays >= 0.051) | Pt_SiblingT1D <= 1.360)
",1.360,1.360,0.000,1.000,0.000,0,0,2,0,0,2,2,0,0.0,0.0,1.0,0.0,0.0,1.0,1
"G[1,2]((BUN <= 18.651 & WeightKg >= 61.743) & Pt_GrandparentT1D >= 61.710)
",9999999.000,9999999.000,0.000,1.000,0.000,0,0,0,2,2,0,0,2,0.0,0.0,0.0,0.0,0.0,1.0,1
"G[0,2]((BldPrSys <= 126.134 | LDL >= 58.634) & Pt_CGMUseNumDays >= 56.317)
",9999999.000,9999999.000,0.000,1.000,0.000,0,0,0,2,2,0,0,2,0.0,0.0,0.0,0.0,0.0,1.0,1
"F[1,1](BUN >= 16.115 | HDL >= 112.333)
",-16.115,-16.115,0.000,0.000,1.000,0,0,0,2,2,0,0,2,0.0,0.0,0.0,0.0,0.0,1.0,-1
