Rule,Discrimination Score,Pos Robustness,Neg Robustness,Percent Class +,Percent Class -,TP,TN,FP,FN,Actual Yes,Actual No,Predicted Yes,Predicted No,TPR/Sens,TNR/Spec,FPR,Precision,Accuracy,MCR,Class
"G[0,0](((HbA1cImputeDtMnC <= 74.080 & HDL >= 17.792) | diagAgeCombo >= 19.452) | UnitsInsBasalOrLongAct <= 63.621)
",20.276,65.486,0.000,1.000,0.000,4,0,0,0,4,0,4,0,1.0,0.0,0.0,1.0,1.0,0.0,1
"G[0,1]((age <= 16.683 -> TSH <= 0.598) -> bmi >= 0.203)
",9999999.000,9999999.000,0.000,1.000,0.000,4,0,0,0,4,0,4,0,1.0,0.0,0.0,1.0,1.0,0.0,1
"G[1,1]((Pt_MotherT1D >= 0.000 | AlbCreatRat_mggNew <= 3.055) | bmiPerc >= 2.231)
",3.055,3.055,0.000,1.000,0.000,4,0,0,0,4,0,4,0,1.0,0.0,0.0,1.0,1.0,0.0,1
"G[0,0]((HbA1c >= 7.944 | Triglyc <= 88.266) -> TSH <= 121.984)
",-60.530,-116.234,0.000,1.000,0.000,4,0,0,0,4,0,4,0,1.0,0.0,0.0,1.0,1.0,0.0,1
"G[1,1]((bmiZscore <= 1.393 -> LDL <= 85.653) -> NumPumpBolusOrShortAct <= 90.349)
",-90.349,-90.349,0.000,1.000,0.000,4,0,0,0,4,0,4,0,1.0,0.0,0.0,1.0,1.0,0.0,1
"G[0,1]((HDL >= 23.315 & UnitsInsBasalOrLongAct <= 30.732) -> Pt_MotherT1D <= 28.391)
",9999999.000,9999999.000,0.000,1.000,0.000,4,0,0,0,4,0,4,0,1.0,0.0,0.0,1.0,1.0,0.0,1
"G[0,1](((age <= 14.525 | age >= 12.171) & HbA1c >= 12.782) -> UnitsInsBasalOrLongAct <= 16.692)
",9999999.000,9999999.000,0.000,1.000,0.000,4,0,0,0,4,0,4,0,1.0,0.0,0.0,1.0,1.0,0.0,1
"G[0,1]((NumPumpBolusOrShortAct >= 1.706 & WeightKg >= 54.827) -> Pt_A1cGoalLevelDsYr5 <= 84.271)
",9999999.000,9999999.000,0.000,1.000,0.000,4,0,0,0,4,0,4,0,1.0,0.0,0.0,1.0,1.0,0.0,1
"G[0,1](BUN >= 0.816 -> Pt_CGMUseNumDays <= 4.155)
",9999999.000,9999999.000,0.000,1.000,0.000,4,0,0,0,4,0,4,0,1.0,0.0,0.0,1.0,1.0,0.0,1
"G[0,1](BldPrSys <= 120.155 | HDL >= 5.814)
",9999999.000,9999999.000,0.000,1.000,0.000,4,0,0,0,4,0,4,0,1.0,0.0,0.0,1.0,1.0,0.0,1
"G[0,0](((bmiZscore >= 0.804 & HDL <= 68.894) | GFR <= 58.780) -> Pt_ChildT1D <= 41.469)
",-102.206,-57.650,0.000,1.000,0.000,4,0,0,0,4,0,4,0,1.0,0.0,0.0,1.0,1.0,0.0,1
"G[0,1](((AlbCreatRat_mggNew <= 5.728 -> AutonomicNeuroCl >= 0.000) & HDL <= 0.000) | BGTestAvgNumMeter <= 0.000)
",9999999.000,9999999.000,0.000,1.000,0.000,4,0,0,0,4,0,4,0,1.0,0.0,0.0,1.0,1.0,0.0,1
"G[0,1]((Pt_SiblingT1D >= 0.000 | HeightCm <= 169.997) | Pt_SHFlg >= 164.778)
",9999999.000,9999999.000,0.000,1.000,0.000,4,0,0,0,4,0,4,0,1.0,0.0,0.0,1.0,1.0,0.0,1
"G[0,1]((bmi >= 23.166 | HDL >= 15.017) | HDL <= 44.278)
",9999999.000,9999999.000,0.000,1.000,0.000,4,0,0,0,4,0,4,0,1.0,0.0,0.0,1.0,1.0,0.0,1
"G[1,1](((age <= 14.743 & HDL >= 30.381) | bmiZscore >= 28.327) -> Pt_SHFlg <= 55.579)
",-55.579,-55.579,0.000,1.000,0.000,4,0,0,0,4,0,4,0,1.0,0.0,0.0,1.0,1.0,0.0,1
"G[0,1]((NumPumpBolusOrShortAct >= 1.609 | TSH >= 0.428) -> HbA1cImputeDtMnC >= 0.237)
",9999999.000,9999999.000,0.000,1.000,0.000,4,0,0,0,4,0,4,0,1.0,0.0,0.0,1.0,1.0,0.0,1
"G[0,1](((BldPrDia >= 62.304 & BGTestAvgNumPtRep <= 7.009) -> Pt_ChildT1D <= 7.056) | Pt_SHFlg <= 8.069)
",9999999.000,9999999.000,0.000,1.000,0.000,4,0,0,0,4,0,4,0,1.0,0.0,0.0,1.0,1.0,0.0,1
"G[0,1](((Pt_FatherT1D >= 0.000 | age >= 11.234) | TSH >= 13.058) | BldPrSys >= 13.735)
",9999999.000,9999999.000,0.000,1.000,0.000,4,0,0,0,4,0,4,0,1.0,0.0,0.0,1.0,1.0,0.0,1
"G[1,1](((BGTestAvgNumPtRep <= 8.011 | HbA1cImputeDtMnC >= 31.305) & BldPrDia <= 46.621) -> BldPrDia >= 7.088)
",-8.011,-8.011,0.000,1.000,0.000,4,0,0,0,4,0,4,0,1.0,0.0,0.0,1.0,1.0,0.0,1
"G[0,0](Pt_SiblingT1D >= 0.000 | TSH >= 0.517)
",2.725,5.233,0.000,1.000,0.000,4,0,0,0,4,0,4,0,1.0,0.0,0.0,1.0,1.0,0.0,1
"G[1,1](((bmiPerc <= 0.848 & Pt_CGMUseNumDays >= 1.529) & HeightCm <= 24.892) -> WeightKg >= 2.800)
",1.529,1.529,0.000,1.000,0.000,4,0,0,0,4,0,4,0,1.0,0.0,0.0,1.0,1.0,0.0,1
"G[0,1](Triglyc < 143.887 -> Pt_SHFlg = 0.000)
",9999999.000,9999999.000,0.000,1.000,0.000,4,0,0,0,4,0,4,0,1.0,0.0,0.0,1.0,1.0,0.0,1
"F[0,1]((Pt_CGMUseNumDays >= 0.593 | WeightKg >= 61.860) & Pt_InsGov >= 57.252)
",-9999999.000,-9999999.000,0.000,0.000,1.000,4,0,0,0,4,0,4,0,1.0,0.0,0.0,1.0,1.0,0.0,-1
"G[0,1]((NumPumpBolusOrShortAct >= 0.736 | TotChol >= 53.881) | SMBGperDayPtMeterCombo <= 122.673)
",9999999.000,9999999.000,0.000,1.000,0.000,4,0,0,0,4,0,4,0,1.0,0.0,0.0,1.0,1.0,0.0,1
"F[0,1]((BldPrDia <= 72.007 & WeightKg <= 81.309) & diagAgeCombo >= 52.994)
",-9999999.000,-9999999.000,0.000,0.000,1.000,4,0,0,0,4,0,4,0,1.0,0.0,0.0,1.0,1.0,0.0,-1
"F[0,0](((age >= 12.649 & BldPrDia >= 61.076) | Pt_A1cGoalLev <= 69.197) & AlbCreatRat_mggNew >= 62.757)
",-7.948,-58.507,0.000,0.000,1.000,4,0,0,0,4,0,4,0,1.0,0.0,0.0,1.0,1.0,0.0,-1
"((TotChol >= 19.691) U[1,1] (bmi <= 25.895))
",25.895,25.895,0.000,0.000,1.000,4,0,0,0,4,0,4,0,1.0,0.0,0.0,1.0,1.0,0.0,-1
"F[1,1]((HeightCm <= 168.762 -> Pt_DKAFlg <= 0.000) -> TotalDailyInsPerKg <= 0.000)
",0.000,0.000,0.000,0.000,1.000,4,0,0,0,4,0,4,0,1.0,0.0,0.0,1.0,1.0,0.0,-1
"F[0,0]((HeightCm <= 169.264 -> TSH >= 0.356) & WeightKg <= 1.545)
",-6.956,-99.114,0.000,0.000,1.000,4,0,0,0,4,0,4,0,1.0,0.0,0.0,1.0,1.0,0.0,-1
"((HeightCm <= 171.112) U[1,1] (Pt_CGMUseNumDays >= 1.792))
",171.112,171.112,0.000,0.000,1.000,4,0,0,0,4,0,4,0,1.0,0.0,0.0,1.0,1.0,0.0,-1
"F[0,1](((diabDur <= 9.421 | LDL <= 84.586) & DirectLDL >= 10.430) & Pt_MotherT1D <= 45.740)
",-9999999.000,-9999999.000,0.000,0.000,1.000,4,0,0,0,4,0,4,0,1.0,0.0,0.0,1.0,1.0,0.0,-1
"G[0,1](((BGTestAvgNumPtRep <= 7.653 & NumPumpBolusOrShortAct >= 1.701) -> UnitsInsBasalOrLongAct >= 1.161) & WeightKg >= 0.993)
",9999999.000,9999999.000,0.000,1.000,0.000,4,0,0,0,4,0,4,0,1.0,0.0,0.0,1.0,1.0,0.0,1
"F[1,1](((age >= 12.119 -> BldPrSys <= 117.601) -> diagAgeCombo >= 98.802) | Pt_CGMUseNumDays >= 105.813)
",98.802,98.802,0.000,0.000,1.000,4,0,0,0,4,0,4,0,1.0,0.0,0.0,1.0,1.0,0.0,-1
"G[1,1](AutonomicNeuroCl <= 0.000 -> Pt_FatherT1D <= 0.000)
",0.000,0.000,0.000,1.000,0.000,4,0,0,0,4,0,4,0,1.0,0.0,0.0,1.0,1.0,0.0,1
"G[0,1](AlbCreatRat_mggNew <= 7.447 | Pt_InsGov >= 0.000)
",9999999.000,9999999.000,0.000,1.000,0.000,4,0,0,0,4,0,4,0,1.0,0.0,0.0,1.0,1.0,0.0,1
"G[0,1]((HeightCm >= 165.495 | BUN >= 1.850) -> bmi >= 1.382)
",9999999.000,9999999.000,0.000,1.000,0.000,4,0,0,0,4,0,4,0,1.0,0.0,0.0,1.0,1.0,0.0,1
"G[0,0]((DirectLDL >= 0.000 -> Pt_SHFlg >= 0.000) | NumPumpBolusOrShortAct <= 0.000)
",0.000,0.000,0.000,1.000,0.000,4,0,0,0,4,0,4,0,1.0,0.0,0.0,1.0,1.0,0.0,1
"G[0,1](((SMBGperDayPtMeterCombo <= 8.920 & WeightKg >= 45.943) | BUN <= 69.388) -> Pt_SHFlg <= 77.901)
",9999999.000,9999999.000,0.000,1.000,0.000,4,0,0,0,4,0,4,0,1.0,0.0,0.0,1.0,1.0,0.0,1
"G[0,0](((TotalDailyInsPerKg >= 0.884 | TotChol <= 149.495) | Pt_GrandparentT1D >= 8.285) -> Pt_DKAFlg <= 167.333)
",-167.333,-167.333,0.000,1.000,0.000,4,0,0,0,4,0,4,0,1.0,0.0,0.0,1.0,1.0,0.0,1
"G[0,1](LDL < 112.217 -> Pt_SHFlg = 0.000)
",9999999.000,9999999.000,0.000,1.000,0.000,4,0,0,0,4,0,4,0,1.0,0.0,0.0,1.0,1.0,0.0,1
"G[0,0]((LDL <= 95.824 | Pt_A1cGoalLev >= 0.456) | Pt_FatherT1D <= 3.844)
",561.629,94.893,0.000,1.000,0.000,4,0,0,0,4,0,4,0,1.0,0.0,0.0,1.0,1.0,0.0,1
"G[0,0](((AlbCreatRat_mggNew >= 1.770 -> UnitsInsBasalOrLongAct >= 14.527) | age <= 30.761) | Pt_InsGov >= 3.891)
",30.761,30.761,0.000,1.000,0.000,4,0,0,0,4,0,4,0,1.0,0.0,0.0,1.0,1.0,0.0,1
"G[0,1](Pt_ChildT1D <= 0.000 -> Pt_SiblingT1D >= 0.000)
",9999999.000,9999999.000,0.000,1.000,0.000,4,0,0,0,4,0,4,0,1.0,0.0,0.0,1.0,1.0,0.0,1
"G[1,1](Pt_DKAFlg < 0.000 -> Pt_SHFlg = 0.000)
",0.000,0.000,0.000,1.000,0.000,4,0,0,0,4,0,4,0,1.0,0.0,0.0,1.0,1.0,0.0,1
"G[0,1]((BldPrSys <= 116.876 -> HeightCm >= 162.543) | bmiZscore <= 170.694)
",9999999.000,9999999.000,0.000,1.000,0.000,4,0,0,0,4,0,4,0,1.0,0.0,0.0,1.0,1.0,0.0,1
"G[0,1](TotChol >= 46.428 -> BGTestAvgNumMeter >= 0.000)
",9999999.000,9999999.000,0.000,1.000,0.000,4,0,0,0,4,0,4,0,1.0,0.0,0.0,1.0,1.0,0.0,1
"G[0,0](((HeightCm <= 168.834 -> TSH <= 1.927) | SMBGperDayPtMeterCombo >= 0.050) | Pt_CGMUseNumDays <= 0.635)
",31.041,70.700,0.000,1.000,0.000,4,0,0,0,4,0,4,0,1.0,0.0,0.0,1.0,1.0,0.0,1
"G[0,1](SMBGperDayPtMeterCombo > 1.431 -> Pt_SHFlg = 0.000)
",9999999.000,9999999.000,0.000,1.000,0.000,4,0,0,0,4,0,4,0,1.0,0.0,0.0,1.0,1.0,0.0,1
"G[1,1](((AlbCreatRat_mggNew <= 7.347 -> SMBGperDayPtMeterCombo <= 5.083) -> Pt_GrandchildT1D <= 8.082) | Pt_DKAFlg <= 7.517)
",7.517,7.517,0.000,1.000,0.000,4,0,0,0,4,0,4,0,1.0,0.0,0.0,1.0,1.0,0.0,1
"G[0,0]((UnitsInsBasalOrLongAct >= 17.189 & WeightKg <= 76.005) -> Triglyc <= 71.136)
",-0.611,-26.974,0.000,1.000,0.000,4,0,0,0,4,0,4,0,1.0,0.0,0.0,1.0,1.0,0.0,1
"G[1,1]((AlbCreatRat_mggNew <= 7.608 | bmi <= 26.245) | Pt_SiblingT1D >= 23.876)
",26.245,26.245,0.000,1.000,0.000,4,0,0,0,4,0,4,0,1.0,0.0,0.0,1.0,1.0,0.0,1
"G[1,1]((bmiPerc >= 0.610 -> TotChol <= 114.339) -> TotChol <= 78.027)
",-78.027,-78.027,0.000,1.000,0.000,4,0,0,0,4,0,4,0,1.0,0.0,0.0,1.0,1.0,0.0,1
"G[0,1](((diagAgeCombo <= 7.000 | DirectLDL >= 0.000) -> BUN >= 0.000) | HbA1cImputeDtMnC <= 0.000)
",9999999.000,9999999.000,0.000,1.000,0.000,4,0,0,0,4,0,4,0,1.0,0.0,0.0,1.0,1.0,0.0,1
"G[0,0](((BldPrSys >= 104.383 | TotalDailyInsPerKg >= 0.928) -> Pt_MotherT1D >= 0.736) | HeightCm >= 0.877)
",4.862,69.273,0.000,1.000,0.000,4,0,0,0,4,0,4,0,1.0,0.0,0.0,1.0,1.0,0.0,1
"G[1,1](HbA1c <= 9.364 | TotalDailyInsPerKg <= 1.104)
",9.364,9.364,0.000,1.000,0.000,4,0,0,0,4,0,4,0,1.0,0.0,0.0,1.0,1.0,0.0,1
"G[0,1](BldPrDia <= 68.267 | bmiZscore >= 0.587)
",9999999.000,9999999.000,0.000,1.000,0.000,4,0,0,0,4,0,4,0,1.0,0.0,0.0,1.0,1.0,0.0,1
"G[0,0](((BldPrSys <= 120.447 | diabDur >= 4.622) -> Pt_DKAFlg >= 5.402) -> BldPrSys <= 7.001)
",-7.001,-7.001,0.000,1.000,0.000,4,0,0,0,4,0,4,0,1.0,0.0,0.0,1.0,1.0,0.0,1
"G[1,1](((age >= 14.081 | AlbCreatRat_mggNew >= 2.383) -> Pt_A1cGoalLev <= 7.998) -> Pt_DKAFlg <= 6.787)
",-6.787,-6.787,0.000,1.000,0.000,4,0,0,0,4,0,4,0,1.0,0.0,0.0,1.0,1.0,0.0,1
"G[0,0]((BldPrSys >= 99.762 -> Pt_GrandparentT1D >= 0.000) -> HeightCm >= 0.000)
",-4.924,-70.150,0.000,1.000,0.000,4,0,0,0,4,0,4,0,1.0,0.0,0.0,1.0,1.0,0.0,1
"G[0,1]((SMBGperDayPtMeterCombo <= 8.895 & Pt_SHFlg <= 0.000) -> Pt_GrandchildT1D <= 0.000)
",9999999.000,9999999.000,0.000,1.000,0.000,4,0,0,0,4,0,4,0,1.0,0.0,0.0,1.0,1.0,0.0,1
"G[0,1]((LDL <= 117.958 & Pt_SHFlg <= 0.000) | Pt_GrandparentT1D >= 0.000)
",9999999.000,9999999.000,0.000,1.000,0.000,4,0,0,0,4,0,4,0,1.0,0.0,0.0,1.0,1.0,0.0,1
"G[1,1](BldPrSys >= 109.456 -> HbA1cImputeDtMnC >= 33.827)
",33.827,33.827,0.000,1.000,0.000,4,0,0,0,4,0,4,0,1.0,0.0,0.0,1.0,1.0,0.0,1
"G[0,1](((TSH <= 0.618 & WeightKg >= 59.396) -> HeightCm <= 80.481) -> BUN <= 69.355)
",9999999.000,9999999.000,0.000,1.000,0.000,4,0,0,0,4,0,4,0,1.0,0.0,0.0,1.0,1.0,0.0,1
"G[0,0]((age >= 13.788 -> Pt_A1cGoalLev <= 3.647) | Pt_CGMUseNumDays >= 0.384)
",17339.616,17339.616,0.000,1.000,0.000,4,0,0,0,4,0,4,0,1.0,0.0,0.0,1.0,1.0,0.0,1
"F[0,0]((SMBGperDayPtMeterCombo <= 7.586 | UnitsInsBasalOrLongAct >= 22.456) -> WeightKg <= 26.550)
",-10.832,-20.800,0.000,0.000,1.000,3,0,0,1,4,0,3,1,0.75,0.0,0.0,1.0,0.75,0.25,-1
"F[0,1](((HbA1cImputeDtMnC >= 26.902 -> TotChol >= 66.576) -> Pt_MotherT1D >= 26.137) | TSH >= 39.340)
",-9999999.000,-9999999.000,0.000,0.000,1.000,3,0,0,1,4,0,3,1,0.75,0.0,0.0,1.0,0.75,0.25,-1
"((LDL <= 57.997) U[0,0] (Pt_CGMUseNumDays >= 0.936))
",17339.064,17339.064,0.000,0.000,1.000,3,0,0,1,4,0,3,1,0.75,0.0,0.0,1.0,0.75,0.25,-1
"F[0,1]((BldPrDia >= 65.801 & TotChol >= 49.644) | TSH >= 37.617)
",-9999999.000,-9999999.000,0.000,0.000,1.000,3,0,0,1,4,0,3,1,0.75,0.0,0.0,1.0,0.75,0.25,-1
"F[0,0]((Pt_CGMUseNumDays >= 2.999 -> Pt_DKAFlg >= 0.000) -> SMBGperDayPtMeterCombo <= 0.000)
",31.063,70.750,0.000,0.000,1.000,3,0,0,1,4,0,3,1,0.75,0.0,0.0,1.0,0.75,0.25,-1
"((TotChol > 8.447) U[1,1] (Pt_SHFlg = 0.000))
",0.000,0.000,0.000,0.000,1.000,3,0,0,1,4,0,3,1,0.75,0.0,0.0,1.0,0.75,0.25,-1
"F[0,0](TSH <= 1.104 & bmi >= 23.410)
",-23.410,-23.410,0.000,0.000,1.000,3,0,0,1,4,0,3,1,0.75,0.0,0.0,1.0,0.75,0.25,-1
"F[0,0]((age <= 15.698 | HbA1cImputeDtMnC >= 36.202) -> Pt_CGMUseNumDays >= 8.340)
",-17331.660,-17331.660,0.000,0.000,1.000,3,0,0,1,4,0,3,1,0.75,0.0,0.0,1.0,0.75,0.25,-1
"F[0,1]((Pt_GrandparentT1D <= 0.000 | Pt_GrandparentT1D >= 0.000) -> UnitsInsBasalOrLongAct <= 0.000)
",-9999999.000,-9999999.000,0.000,0.000,1.000,3,0,0,1,4,0,3,1,0.75,0.0,0.0,1.0,0.75,0.25,-1
"((TotChol >= 3.526) U[1,2] (diagAgeCombo <= 7.000))
",-9999999.000,-9999999.000,0.000,0.000,1.000,3,0,0,1,4,0,3,1,0.75,0.0,0.0,1.0,0.75,0.25,-1
"F[0,1](AlbCreatRat_mggNew >= 0.175 & TotChol >= 45.301)
",-9999999.000,-9999999.000,0.000,0.000,1.000,3,0,0,1,4,0,3,1,0.75,0.0,0.0,1.0,0.75,0.25,-1
"((BldPrDia <= 72.791) U[0,1] (Pt_A1cGoalLev >= 0.408))
",-9999999.000,-9999999.000,0.000,0.000,1.000,3,0,0,1,4,0,3,1,0.75,0.0,0.0,1.0,0.75,0.25,-1
"G[0,1]((WeightKg >= 50.688 | bmi >= 23.806) -> UnitsInsBasalOrLongAct <= 33.527)
",9999999.000,9999999.000,0.000,1.000,0.000,3,0,0,1,4,0,3,1,0.75,0.0,0.0,1.0,0.75,0.25,1
"G[0,1]((bmi >= 18.244 & SMBGperDayPtMeterCombo <= 6.705) & bmiZscore >= 0.808)
",9999999.000,9999999.000,0.000,1.000,0.000,3,0,0,1,4,0,3,1,0.75,0.0,0.0,1.0,0.75,0.25,1
"G[0,0](SMBGperDayPtMeterCombo >= 2.683 & BGTestAvgNumPtRep >= 1.767)
",-1.767,-1.767,0.000,1.000,0.000,3,0,0,1,4,0,3,1,0.75,0.0,0.0,1.0,0.75,0.25,1
"G[1,1]((WeightKg >= 64.372 | bmi >= 20.000) -> UnitsInsBasalOrLongAct <= 32.680)
",-32.680,-32.680,0.000,1.000,0.000,3,0,0,1,4,0,3,1,0.75,0.0,0.0,1.0,0.75,0.25,1
"G[0,1](SMBGperDayPtMeterCombo >= 2.551 & BGTestAvgNumPtRep >= 3.641)
",9999999.000,9999999.000,0.000,1.000,0.000,3,0,0,1,4,0,3,1,0.75,0.0,0.0,1.0,0.75,0.25,1
"G[0,1]((WeightKg >= 54.630 | bmi >= 20.247) -> UnitsInsBasalOrLongAct <= 33.265)
",9999999.000,9999999.000,0.000,1.000,0.000,3,0,0,1,4,0,3,1,0.75,0.0,0.0,1.0,0.75,0.25,1
"G[0,1](Pt_CGMUseNumDays <= 6.108 & Pt_SHFlg = 0.000)
",9999999.000,9999999.000,0.000,1.000,0.000,3,0,0,1,4,0,3,1,0.75,0.0,0.0,1.0,0.75,0.25,1
"G[0,1](HbA1c >= 7.772 | LDL <= 52.991)
",9999999.000,9999999.000,0.000,1.000,0.000,3,0,0,1,4,0,3,1,0.75,0.0,0.0,1.0,0.75,0.25,1
"G[0,1](((Pt_GrandchildT1D <= 0.000 -> TotChol >= 37.544) -> BGTestAvgNumPtRep >= 2.526) & diagAgeCombo <= 152.793)
",9999999.000,9999999.000,0.000,1.000,0.000,3,0,0,1,4,0,3,1,0.75,0.0,0.0,1.0,0.75,0.25,1
"G[0,0](BldPrSys >= 98.800 -> bmi <= 27.103)
",-27.103,-27.103,0.000,1.000,0.000,3,0,0,1,4,0,3,1,0.75,0.0,0.0,1.0,0.75,0.25,1
"G[0,1]((WeightKg >= 63.828 | bmi >= 20.246) -> UnitsInsBasalOrLongAct <= 33.037)
",9999999.000,9999999.000,0.000,1.000,0.000,3,0,0,1,4,0,3,1,0.75,0.0,0.0,1.0,0.75,0.25,1
"G[0,0](bmi <= 24.603 -> BUN <= 12.968)
",-24.603,-24.603,0.000,1.000,0.000,3,0,0,1,4,0,3,1,0.75,0.0,0.0,1.0,0.75,0.25,1
"G[0,0](NumPumpBolusOrShortAct <= 2.328 | HbA1cImputeDtMnC <= 51.423)
",19.366,48.173,0.000,1.000,0.000,3,0,0,1,4,0,3,1,0.75,0.0,0.0,1.0,0.75,0.25,1
"G[1,1](((BldPrSys <= 111.414 | BUN <= 12.395) -> HDL >= 1.513) -> TSH >= 1.366)
",1.366,1.366,0.000,1.000,0.000,3,0,0,1,4,0,3,1,0.75,0.0,0.0,1.0,0.75,0.25,1
"G[0,1]((bmiZscore >= 0.869 | Pt_A1cGoalLev >= 0.671) & age >= 0.681)
",9999999.000,9999999.000,0.000,1.000,0.000,3,0,0,1,4,0,3,1,0.75,0.0,0.0,1.0,0.75,0.25,1
"G[0,0](((HDL >= 28.774 | NumPumpBolusOrShortAct >= 1.194) | Pt_CGMUseNumDays >= 0.830) & Pt_SHFlg <= 4.870)
",-1.475,-36.873,0.000,1.000,0.000,3,0,0,1,4,0,3,1,0.75,0.0,0.0,1.0,0.75,0.25,1
"((HeightCm <= 170.149) U[1,2] (BGTestAvgNumMeter <= 0.000))
",-9999999.000,-9999999.000,0.000,0.000,1.000,2,0,0,2,4,0,2,2,0.5,0.0,0.0,1.0,0.5,0.5,-1
"F[0,0](((Pt_CGMUseNumDays <= 14.951 & UnitsInsBasalOrLongAct >= 4.864) & Pt_ChildT1D <= 30.609) | WeightKg <= 24.362)
",9.692,18.612,0.000,0.000,1.000,2,0,0,2,4,0,2,2,0.5,0.0,0.0,1.0,0.5,0.5,-1
"F[0,1](TotalDailyInsPerKg >= 0.870 & HDL <= 33.560)
",-9999999.000,-9999999.000,0.000,0.000,1.000,2,0,0,2,4,0,2,2,0.5,0.0,0.0,1.0,0.5,0.5,-1
"((diagAgeCombo >= 7.000) U[0,0] (Triglyc >= 41.218))
",0.881,66.641,0.000,0.000,1.000,2,0,0,2,4,0,2,2,0.5,0.0,0.0,1.0,0.5,0.5,-1
"F[1,1](NumPumpBolusOrShortAct > 1.106 & Pt_SHFlg = 0.000)
",-1.106,-1.106,0.000,0.000,1.000,2,0,0,2,4,0,2,2,0.5,0.0,0.0,1.0,0.5,0.5,-1
"F[0,1](AlbCreatRat_mggNew >= 1.709 & Pt_SHFlg = 0.000)
",-9999999.000,-9999999.000,0.000,0.000,1.000,2,0,0,2,4,0,2,2,0.5,0.0,0.0,1.0,0.5,0.5,-1
"((LDL <= 66.006) U[0,0] (SMBGperDayPtMeterCombo >= 4.095))
",44.160,67.128,0.000,0.000,1.000,2,0,0,2,4,0,2,2,0.5,0.0,0.0,1.0,0.5,0.5,-1
"((WeightKg <= 73.325) U[1,1] (Pt_A1cGoalLevelDsYr5 <= 0.000))
",73.325,73.325,0.000,0.000,1.000,2,0,0,2,4,0,2,2,0.5,0.0,0.0,1.0,0.5,0.5,-1
"F[1,1](((NumPumpBolusOrShortAct <= 4.563 -> Pt_SHFlg <= 0.000) -> TotChol <= 0.000) -> HeightCm <= 0.000)
",0.000,0.000,0.000,0.000,1.000,2,0,0,2,4,0,2,2,0.5,0.0,0.0,1.0,0.5,0.5,-1
"((BUN >= 0.958) U[1,2] (WeightKg <= 78.201))
",-9999999.000,-9999999.000,0.000,0.000,1.000,2,0,0,2,4,0,2,2,0.5,0.0,0.0,1.0,0.5,0.5,-1
"F[0,0](((Pt_SiblingT1D <= 0.000 & BldPrDia <= 68.647) -> SMBGperDayPtMeterCombo >= 63.288) & AlbCreatRat_mggNew <= 71.755)
",-3.276,-7.462,0.000,0.000,1.000,2,0,0,2,4,0,2,2,0.5,0.0,0.0,1.0,0.5,0.5,-1
"F[0,0]((diabDur <= 6.901 | HbA1c <= 8.470) -> TotChol >= 8.069)
",-2.091,-40.198,0.000,0.000,1.000,2,0,0,2,4,0,2,2,0.5,0.0,0.0,1.0,0.5,0.5,-1
"((age <= 14.582) U[0,1] (UnitsInsBasalOrLongAct <= 29.919))
",-9999999.000,-9999999.000,0.000,0.000,1.000,2,0,0,2,4,0,2,2,0.5,0.0,0.0,1.0,0.5,0.5,-1
"((bmiPerc >= 0.805) U[1,1] (diabDur <= 8.672))
",8.672,8.672,0.000,0.000,1.000,2,0,0,2,4,0,2,2,0.5,0.0,0.0,1.0,0.5,0.5,-1
"((HDL <= 41.255) U[0,0] (Triglyc >= 15.775))
",1.102,89.233,0.000,0.000,1.000,2,0,0,2,4,0,2,2,0.5,0.0,0.0,1.0,0.5,0.5,-1
"F[0,1]((bmiPerc <= 0.901 | TotalDailyInsPerKg >= 0.883) & LDL <= 1.059)
",-9999999.000,-9999999.000,0.000,0.000,1.000,2,0,0,2,4,0,2,2,0.5,0.0,0.0,1.0,0.5,0.5,-1
"F[0,0](AlbCreatRat_mggNew <= 3.671 & bmiZscore >= 0.609)
",-0.524,-3.094,0.000,0.000,1.000,2,0,0,2,4,0,2,2,0.5,0.0,0.0,1.0,0.5,0.5,-1
"F[0,1](bmi <= 26.351 & TotalDailyInsPerKg >= 0.787)
",-9999999.000,-9999999.000,0.000,0.000,1.000,2,0,0,2,4,0,2,2,0.5,0.0,0.0,1.0,0.5,0.5,-1
"((HeightCm <= 170.280) U[0,1] (WeightKg <= 75.881))
",-9999999.000,-9999999.000,0.000,0.000,1.000,2,0,0,2,4,0,2,2,0.5,0.0,0.0,1.0,0.5,0.5,-1
"((BldPrDia <= 70.154) U[1,2] (NumPumpBolusOrShortAct >= 2.140))
",-9999999.000,-9999999.000,0.000,0.000,1.000,2,0,0,2,4,0,2,2,0.5,0.0,0.0,1.0,0.5,0.5,-1
"((diabDur >= 5.106) U[1,1] (WeightKg >= 47.731))
",-5.106,-5.106,0.000,0.000,1.000,2,0,0,2,4,0,2,2,0.5,0.0,0.0,1.0,0.5,0.5,-1
"F[0,0](bmi <= 26.015 -> Pt_CGMUseNumDays >= 0.915)
",-17339.085,-17339.085,0.000,0.000,1.000,2,0,0,2,4,0,2,2,0.5,0.0,0.0,1.0,0.5,0.5,-1
"((bmi >= 22.154) U[1,1] (TotChol >= 11.991))
",-11.991,-11.991,0.000,0.000,1.000,2,0,0,2,4,0,2,2,0.5,0.0,0.0,1.0,0.5,0.5,-1
"((BldPrDia <= 70.226) U[1,2] (HeightCm >= 161.118))
",-9999999.000,-9999999.000,0.000,0.000,1.000,2,0,0,2,4,0,2,2,0.5,0.0,0.0,1.0,0.5,0.5,-1
"((HeightCm >= 165.708) U[1,1] (Triglyc <= 183.309))
",183.309,183.309,0.000,0.000,1.000,2,0,0,2,4,0,2,2,0.5,0.0,0.0,1.0,0.5,0.5,-1
"((diabDur >= 5.937) U[1,2] (Pt_SHFlg = 0.000))
",-9999999.000,-9999999.000,0.000,0.000,1.000,2,0,0,2,4,0,2,2,0.5,0.0,0.0,1.0,0.5,0.5,-1
"G[0,0](((HbA1cImputeDtMnC <= 62.377 -> HbA1c >= 7.923) -> SMBGperDayPtMeterCombo >= 7.383) -> NumPumpBolusOrShortAct >= 7.165)
",7.165,7.165,0.000,1.000,0.000,2,0,0,2,4,0,2,2,0.5,0.0,0.0,1.0,0.5,0.5,1
"G[0,0](NumPumpBolusOrShortAct >= 0.242 & HDL <= 60.819)
",-0.738,-19.461,0.000,1.000,0.000,2,0,0,2,4,0,2,2,0.5,0.0,0.0,1.0,0.5,0.5,1
"G[0,1]((BGTestAvgNumPtRep >= 3.549 -> Pt_CGMUseNumDays >= 2.230) | HDL <= 14.038)
",9999999.000,9999999.000,0.000,1.000,0.000,2,0,0,2,4,0,2,2,0.5,0.0,0.0,1.0,0.5,0.5,1
"G[1,1](Pt_SHFlg <= 0.000 & NumPumpBolusOrShortAct >= 0.185)
",-0.185,-0.185,0.000,1.000,0.000,2,0,0,2,4,0,2,2,0.5,0.0,0.0,1.0,0.5,0.5,1
"G[0,1](BldPrDia <= 68.241 | HbA1cImputeDtMnC <= 46.612)
",9999999.000,9999999.000,0.000,1.000,0.000,2,0,0,2,4,0,2,2,0.5,0.0,0.0,1.0,0.5,0.5,1
"G[0,1](BGTestAvgNumPtRep >= 0.443 -> TotChol >= 44.306)
",9999999.000,9999999.000,0.000,1.000,0.000,2,0,0,2,4,0,2,2,0.5,0.0,0.0,1.0,0.5,0.5,1
"G[0,1]((Pt_SHFlg <= 0.000 -> BUN >= 1.835) | TotChol <= 11.353)
",9999999.000,9999999.000,0.000,1.000,0.000,2,0,0,2,4,0,2,2,0.5,0.0,0.0,1.0,0.5,0.5,1
"G[0,1]((BUN <= 15.953 | HbA1cImputeDtMnC <= 43.228) & TotChol <= 50.275)
",9999999.000,9999999.000,0.000,1.000,0.000,2,0,0,2,4,0,2,2,0.5,0.0,0.0,1.0,0.5,0.5,1
"G[0,1](((age >= 11.254 -> LDL >= 7.009) -> Triglyc <= 102.118) & DirectLDL <= 120.447)
",9999999.000,9999999.000,0.000,1.000,0.000,2,0,0,2,4,0,2,2,0.5,0.0,0.0,1.0,0.5,0.5,1
"G[0,1]((HDL <= 62.010 -> NumPumpBolusOrShortAct <= 4.017) | Pt_SiblingT1D >= 0.412)
",9999999.000,9999999.000,0.000,1.000,0.000,2,0,0,2,4,0,2,2,0.5,0.0,0.0,1.0,0.5,0.5,1
"G[0,0](TotalDailyInsPerKg <= 1.017 -> AlbCreatRat_mggNew >= 1.247)
",-0.408,-3.003,0.000,1.000,0.000,2,0,0,2,4,0,2,2,0.5,0.0,0.0,1.0,0.5,0.5,1
"G[0,1](((age >= 11.029 | TotalDailyInsPerKg >= 0.936) | HeightCm >= 0.799) & TSH <= 1.044)
",9999999.000,9999999.000,0.000,1.000,0.000,2,0,0,2,4,0,2,2,0.5,0.0,0.0,1.0,0.5,0.5,1
"G[0,1](age <= 16.665 & bmiZscore >= 0.812)
",9999999.000,9999999.000,0.000,1.000,0.000,2,0,0,2,4,0,2,2,0.5,0.0,0.0,1.0,0.5,0.5,1
"G[0,1]((bmiZscore >= 1.060 -> WeightKg <= 69.126) | Triglyc >= 59.660)
",9999999.000,9999999.000,0.000,1.000,0.000,2,0,0,2,4,0,2,2,0.5,0.0,0.0,1.0,0.5,0.5,1
"G[0,1]((WeightKg >= 60.542 | bmi >= 23.020) -> UnitsInsBasalOrLongAct <= 31.874)
",9999999.000,9999999.000,0.000,1.000,0.000,2,0,0,2,4,0,2,2,0.5,0.0,0.0,1.0,0.5,0.5,1
"G[0,1]((BUN >= 1.820 | HbA1c >= 7.970) & bmi >= 7.296)
",9999999.000,9999999.000,0.000,1.000,0.000,2,0,0,2,4,0,2,2,0.5,0.0,0.0,1.0,0.5,0.5,1
"G[0,1](((Pt_A1cGoalLev <= 4.114 & SMBGperDayPtMeterCombo >= 2.933) & Pt_GrandparentT1D >= 3.133) | bmiZscore >= 1.237)
",9999999.000,9999999.000,0.000,1.000,0.000,2,0,0,2,4,0,2,2,0.5,0.0,0.0,1.0,0.5,0.5,1
"F[1,1]((BGTestAvgNumPtRep >= 0.449 & HDL >= 12.042) | HbA1cImputeDtMnC <= 53.895)
",53.895,53.895,0.000,0.000,1.000,1,0,0,3,4,0,1,3,0.25,0.0,0.0,1.0,0.25,0.75,-1
"((age >= 13.475) U[1,2] (BGTestAvgNumPtRep >= 3.574))
",-9999999.000,-9999999.000,0.000,0.000,1.000,1,0,0,3,4,0,1,3,0.25,0.0,0.0,1.0,0.25,0.75,-1
"G[1,1](((HbA1cImputeDtMnC >= 24.567 -> Pt_CGMUseNumDays >= 1.128) & AlbCreatRat_mggNew >= 0.122) & DirectLDL <= 23.668)
",-0.122,-0.122,0.000,1.000,0.000,1,0,0,3,4,0,1,3,0.25,0.0,0.0,1.0,0.25,0.75,1
"G[0,1]((WeightKg >= 66.503 | bmi >= 21.279) -> UnitsInsBasalOrLongAct <= 26.062)
",9999999.000,9999999.000,0.000,1.000,0.000,1,0,0,3,4,0,1,3,0.25,0.0,0.0,1.0,0.25,0.75,1
"((age <= 15.529) U[1,1] (HeightCm >= 166.188))
",15.529,15.529,0.000,0.000,1.000,1,0,0,3,4,0,1,3,0.25,0.0,0.0,1.0,0.25,0.75,-1
"F[0,1]((AlbCreatRat_mggNew <= 2.664 & BldPrDia >= 63.974) -> Triglyc >= 65.669)
",-9999999.000,-9999999.000,0.000,0.000,1.000,1,0,0,3,4,0,1,3,0.25,0.0,0.0,1.0,0.25,0.75,-1
"((BUN <= 3.476) U[1,2] (bmi <= 27.000))
",-9999999.000,-9999999.000,0.000,0.000,1.000,1,0,0,3,4,0,1,3,0.25,0.0,0.0,1.0,0.25,0.75,-1
"F[0,0](AlbCreatRat_mggNew <= 6.022 -> HeightCm >= 167.642)
",-0.241,-1.772,0.000,0.000,1.000,1,0,0,3,4,0,1,3,0.25,0.0,0.0,1.0,0.25,0.75,-1
"((NumPumpBolusOrShortAct <= 4.004) U[1,2] (UnitsInsBasalOrLongAct <= 24.235))
",-9999999.000,-9999999.000,0.000,0.000,1.000,1,0,0,3,4,0,1,3,0.25,0.0,0.0,1.0,0.25,0.75,-1
"((diabDur >= 3.499) U[0,1] (LDL >= 16.525))
",-9999999.000,-9999999.000,0.000,0.000,1.000,1,0,0,3,4,0,1,3,0.25,0.0,0.0,1.0,0.25,0.75,-1
"((BGTestAvgNumMeter >= 0.000) U[1,1] (BGTestAvgNumPtRep <= 5.560))
",5.560,5.560,0.000,0.000,1.000,1,0,0,3,4,0,1,3,0.25,0.0,0.0,1.0,0.25,0.75,-1
"F[1,1](HDL >= 11.460 -> TSH <= 2.644)
",-2.644,-2.644,0.000,0.000,1.000,1,0,0,3,4,0,1,3,0.25,0.0,0.0,1.0,0.25,0.75,-1
"((HDL >= 12.190) U[0,1] (diabDur >= 5.440))
",-9999999.000,-9999999.000,0.000,0.000,1.000,1,0,0,3,4,0,1,3,0.25,0.0,0.0,1.0,0.25,0.75,-1
"((bmi <= 26.615) U[1,2] (Pt_SHFlg = 0.000))
",-9999999.000,-9999999.000,0.000,0.000,1.000,1,0,0,3,4,0,1,3,0.25,0.0,0.0,1.0,0.25,0.75,-1
"F[1,1]((LDL >= 14.725 | TotalDailyInsPerKg <= 0.973) | Pt_GrandparentT1D >= 0.866)
",0.973,0.973,0.000,0.000,1.000,1,0,0,3,4,0,1,3,0.25,0.0,0.0,1.0,0.25,0.75,-1
"((age >= 13.393) U[0,1] (diabDur <= 8.818))
",-9999999.000,-9999999.000,0.000,0.000,1.000,1,0,0,3,4,0,1,3,0.25,0.0,0.0,1.0,0.25,0.75,-1
"((HbA1c < 8.623) U[1,2] (Pt_SHFlg = 0.000))
",-9999999.000,-9999999.000,0.000,0.000,1.000,1,0,0,3,4,0,1,3,0.25,0.0,0.0,1.0,0.25,0.75,-1
"G[0,0](((bmi <= 28.258 & NumPumpBolusOrShortAct >= 0.806) & Pt_InsGov <= 5.205) & Triglyc >= 1.163)
",-5.513,-0.984,0.000,1.000,0.000,1,0,0,3,4,0,1,3,0.25,0.0,0.0,1.0,0.25,0.75,1
"G[0,1]((AutonomicNeuroCl >= 0.000 & LDL >= 20.072) & Pt_A1cGoalLev <= 47.579)
",9999999.000,9999999.000,0.000,1.000,0.000,1,0,0,3,4,0,1,3,0.25,0.0,0.0,1.0,0.25,0.75,1
"G[0,1]((AlbCreatRat_mggNew >= 1.316 -> TotalDailyInsPerKg <= 1.198) & LDL >= 0.759)
",9999999.000,9999999.000,0.000,1.000,0.000,1,0,0,3,4,0,1,3,0.25,0.0,0.0,1.0,0.25,0.75,1
"F[0,0](bmiPerc >= 0.703 & TotalDailyInsPerKg >= 0.740)
",2.639,6.010,0.000,0.000,1.000,1,0,0,3,4,0,1,3,0.25,0.0,0.0,1.0,0.25,0.75,-1
"F[0,1](HbA1cImputeDtMnC >= 20.418 -> BGTestAvgNumPtRep >= 1.412)
",-9999999.000,-9999999.000,0.000,0.000,1.000,1,0,0,3,4,0,1,3,0.25,0.0,0.0,1.0,0.25,0.75,-1
"F[0,1]((age >= 12.738 & BGTestAvgNumPtRep <= 6.845) & diagAgeCombo >= 3.549)
",-9999999.000,-9999999.000,0.000,0.000,1.000,1,0,0,3,4,0,1,3,0.25,0.0,0.0,1.0,0.25,0.75,-1
"((BGTestAvgNumMeter >= 0.000) U[1,1] (BGTestAvgNumPtRep <= 7.803))
",7.803,7.803,0.000,0.000,1.000,1,0,0,3,4,0,1,3,0.25,0.0,0.0,1.0,0.25,0.75,-1
"((Pt_CGMUseNumDays <= 11.936) U[1,1] (BGTestAvgNumMeter <= 0.000))
",11.936,11.936,0.000,0.000,1.000,1,0,0,3,4,0,1,3,0.25,0.0,0.0,1.0,0.25,0.75,-1
"((SMBGperDayPtMeterCombo >= 1.586) U[1,1] (BldPrSys <= 118.230))
",118.230,118.230,0.000,0.000,1.000,1,0,0,3,4,0,1,3,0.25,0.0,0.0,1.0,0.25,0.75,-1
"G[0,0](((GFR <= 0.000 -> BUN <= 12.998) -> Pt_A1cGoalLevelDsYr5 >= 1.041) & DirectLDL <= 2.923)
",-34.151,-165.152,0.000,1.000,0.000,1,0,0,3,4,0,1,3,0.25,0.0,0.0,1.0,0.25,0.75,1
"F[0,0](diabDur >= 4.670 & Triglyc <= 66.935)
",-0.825,-52.868,0.000,0.000,1.000,1,0,0,3,4,0,1,3,0.25,0.0,0.0,1.0,0.25,0.75,-1
"F[0,1]((age >= 11.130 & NumPumpBolusOrShortAct >= 2.208) -> Pt_DKAFlg >= 0.069)
",-9999999.000,-9999999.000,0.000,0.000,1.000,1,0,0,3,4,0,1,3,0.25,0.0,0.0,1.0,0.25,0.75,-1
"F[0,1](BGTestAvgNumPtRep >= 2.282 | Pt_A1cGoalLev >= 0.642)
",-9999999.000,-9999999.000,0.000,0.000,1.000,1,0,0,3,4,0,1,3,0.25,0.0,0.0,1.0,0.25,0.75,-1
"F[0,1](((BldPrDia <= 68.420 | UnitsInsBasalOrLongAct <= 30.825) & HeightCm >= 11.835) | bmiPerc >= 17.853)
",-9999999.000,-9999999.000,0.000,0.000,1.000,1,0,0,3,4,0,1,3,0.25,0.0,0.0,1.0,0.25,0.75,-1
"G[0,1](((Pt_A1cGoalLev <= 5.523 & WeightKg >= 50.641) | AutonomicNeuroCl >= 53.155) -> HeightCm <= 83.101)
",9999999.000,9999999.000,0.000,1.000,0.000,1,0,0,3,4,0,1,3,0.25,0.0,0.0,1.0,0.25,0.75,1
"G[0,1]((WeightKg >= 65.208 | bmi >= 20.921) -> UnitsInsBasalOrLongAct <= 28.969)
",9999999.000,9999999.000,0.000,1.000,0.000,1,0,0,3,4,0,1,3,0.25,0.0,0.0,1.0,0.25,0.75,1
"F[0,0](((AlbCreatRat_mggNew >= 1.392 & WeightKg <= 78.230) & Pt_A1cGoalLev <= 72.097) | Triglyc >= 49.962)
",1.069,69.323,0.000,0.000,1.000,1,0,0,3,4,0,1,3,0.25,0.0,0.0,1.0,0.25,0.75,-1
"F[0,0](Pt_GrandparentT1D < 0.000 -> Pt_SHFlg = 0.000)
",0.000,0.000,0.000,0.000,1.000,0,0,0,4,4,0,0,4,0.0,0.0,0.0,0.0,0.0,1.0,-1
"((SMBGperDayPtMeterCombo <= 8.294) U[0,1] (Pt_SHFlg = 0.000))
",-9999999.000,-9999999.000,0.000,0.000,1.000,0,0,0,4,4,0,0,4,0.0,0.0,0.0,0.0,0.0,1.0,-1
"F[0,2](UnitsInsBasalOrLongAct <= 31.674 -> Pt_SHFlg = 0.000)
",-9999999.000,-9999999.000,0.000,0.000,1.000,0,0,0,4,4,0,0,4,0.0,0.0,0.0,0.0,0.0,1.0,-1
"F[0,2]((age <= 15.435 | AutonomicNeuroCl >= 0.000) -> BGTestAvgNumPtRep <= 0.000)
",-9999999.000,-9999999.000,0.000,0.000,1.000,0,0,0,4,4,0,0,4,0.0,0.0,0.0,0.0,0.0,1.0,-1
"F[2,2](Pt_FatherT1D >= 0.000 -> Pt_SHFlg = 0.000)
",0.000,0.000,0.000,0.000,1.000,0,0,0,4,4,0,0,4,0.0,0.0,0.0,0.0,0.0,1.0,-1
"F[0,0](((WeightKg <= 79.976 & BGTestAvgNumMeter <= 0.000) | Pt_ChildT1D <= 0.000) -> TotChol >= 0.000)
",-1.729,-44.500,0.000,0.000,1.000,0,0,0,4,4,0,0,4,0.0,0.0,0.0,0.0,0.0,1.0,-1
"F[0,2](UnitsInsBasalOrLongAct <= 23.726 -> Pt_InsGov <= 0.000)
",-9999999.000,-9999999.000,0.000,0.000,1.000,0,0,0,4,4,0,0,4,0.0,0.0,0.0,0.0,0.0,1.0,-1
"((GFR >= 0.000) U[0,2] (BGTestAvgNumMeter >= 0.000))
",-9999999.000,-9999999.000,0.000,0.000,1.000,0,0,0,4,4,0,0,4,0.0,0.0,0.0,0.0,0.0,1.0,-1
"F[0,2]((bmi >= 20.005 & UnitsInsBasalOrLongAct >= 14.364) | Pt_GrandparentT1D >= 13.680)
",-9999999.000,-9999999.000,0.000,0.000,1.000,0,0,0,4,4,0,0,4,0.0,0.0,0.0,0.0,0.0,1.0,-1
"((Pt_GrandparentT1D >= 0.000) U[1,2] (BUN <= 3.407))
",-9999999.000,-9999999.000,0.000,0.000,1.000,0,0,0,4,4,0,0,4,0.0,0.0,0.0,0.0,0.0,1.0,-1
"F[1,2]((Pt_DKAFlg <= 0.000 -> Pt_CGMUseNumDays <= 12.741) -> Pt_SHFlg >= 1.243)
",-9999999.000,-9999999.000,0.000,0.000,1.000,0,0,0,4,4,0,0,4,0.0,0.0,0.0,0.0,0.0,1.0,-1
"F[0,0]((BldPrDia <= 70.573 -> UnitsInsBasalOrLongAct >= 22.993) -> TSH <= 24.079)
",-22.993,-22.993,0.000,0.000,1.000,0,0,0,4,4,0,0,4,0.0,0.0,0.0,0.0,0.0,1.0,-1
"F[1,2](((AutonomicNeuroCl >= 0.000 | Pt_DKAFlg <= 0.000) -> SMBGperDayPtMeterCombo <= 0.000) | Pt_ChildT1D <= 0.000)
",-9999999.000,-9999999.000,0.000,0.000,1.000,0,0,0,4,4,0,0,4,0.0,0.0,0.0,0.0,0.0,1.0,-1
"F[2,2]((Pt_GrandparentT1D <= 0.000 & AlbCreatRat_mggNew >= 1.101) -> LDL <= 4.730)
",-4.730,-4.730,0.000,0.000,1.000,0,0,0,4,4,0,0,4,0.0,0.0,0.0,0.0,0.0,1.0,-1
"F[2,2]((age <= 16.875 -> TotalDailyInsPerKg >= 0.826) -> DirectLDL <= 1.238)
",-1.238,-1.238,0.000,0.000,1.000,0,0,0,4,4,0,0,4,0.0,0.0,0.0,0.0,0.0,1.0,-1
"F[0,1]((TotalDailyInsPerKg >= 0.808 -> TSH <= 1.665) & HbA1c >= 0.085)
",-9999999.000,-9999999.000,0.000,0.000,1.000,0,0,0,4,4,0,0,4,0.0,0.0,0.0,0.0,0.0,1.0,-1
"((Pt_DKAFlg <= 0.000) U[1,2] (Pt_InsGov <= 0.000))
",-9999999.000,-9999999.000,0.000,0.000,1.000,0,0,0,4,4,0,0,4,0.0,0.0,0.0,0.0,0.0,1.0,-1
"F[0,1]((bmi >= 21.557 | WeightKg >= 68.440) | WeightKg <= 82.217)
",-9999999.000,-9999999.000,0.000,0.000,1.000,0,0,0,4,4,0,0,4,0.0,0.0,0.0,0.0,0.0,1.0,-1
"F[0,2](((HbA1cImputeDtMnC <= 54.346 -> NumPumpBolusOrShortAct >= 1.840) & SMBGperDayPtMeterCombo <= 2.525) -> BGTestAvgNumMeter <= 5.119)
",-9999999.000,-9999999.000,0.000,0.000,1.000,0,0,0,4,4,0,0,4,0.0,0.0,0.0,0.0,0.0,1.0,-1
"F[0,2](((HDL <= 42.161 -> HeightCm >= 164.607) | Pt_A1cGoalLevelDsYr5 >= 162.714) | Pt_MotherT1D <= 170.978)
",-9999999.000,-9999999.000,0.000,0.000,1.000,0,0,0,4,4,0,0,4,0.0,0.0,0.0,0.0,0.0,1.0,-1
"F[0,2]((NumPumpBolusOrShortAct >= 2.204 -> Pt_CGMUseNumDays >= 2.358) | bmi <= 15.737)
",-9999999.000,-9999999.000,0.000,0.000,1.000,0,0,0,4,4,0,0,4,0.0,0.0,0.0,0.0,0.0,1.0,-1
"F[0,0](diagAgeCombo < 7.000 -> Pt_SHFlg = 0.000)
",-7.000,-7.000,0.000,0.000,1.000,0,0,0,4,4,0,0,4,0.0,0.0,0.0,0.0,0.0,1.0,-1
"F[0,1](bmiPerc >= 0.751 | WeightKg >= 49.135)
",-9999999.000,-9999999.000,0.000,0.000,1.000,0,0,0,4,4,0,0,4,0.0,0.0,0.0,0.0,0.0,1.0,-1
"((HbA1cImputeDtMnC <= 74.407) U[1,2] (WeightKg <= 73.626))
",-9999999.000,-9999999.000,0.000,0.000,1.000,0,0,0,4,4,0,0,4,0.0,0.0,0.0,0.0,0.0,1.0,-1
"F[2,2](bmi >= 21.709 | HbA1cImputeDtMnC <= 57.387)
",57.387,57.387,0.000,0.000,1.000,0,0,0,4,4,0,0,4,0.0,0.0,0.0,0.0,0.0,1.0,-1
"((bmi >= 21.832) U[0,2] (bmiZscore <= 1.370))
",-9999999.000,-9999999.000,0.000,0.000,1.000,0,0,0,4,4,0,0,4,0.0,0.0,0.0,0.0,0.0,1.0,-1
"F[1,2]((age <= 14.313 & WeightKg <= 76.364) & TotalDailyInsPerKg <= 83.833)
",-9999999.000,-9999999.000,0.000,0.000,1.000,0,0,0,4,4,0,0,4,0.0,0.0,0.0,0.0,0.0,1.0,-1
"F[0,2](((Pt_SiblingT1D >= 0.000 | Pt_SiblingT1D <= 0.000) -> GFR >= 0.000) | WeightKg >= 0.000)
",-9999999.000,-9999999.000,0.000,0.000,1.000,0,0,0,4,4,0,0,4,0.0,0.0,0.0,0.0,0.0,1.0,-1
"((age <= 15.953) U[1,2] (HbA1cImputeDtMnC <= 47.699))
",-9999999.000,-9999999.000,0.000,0.000,1.000,0,0,0,4,4,0,0,4,0.0,0.0,0.0,0.0,0.0,1.0,-1
"G[1,2](WeightKg <= 75.984 -> NumPumpBolusOrShortAct >= 1.146)
",9999999.000,9999999.000,0.000,1.000,0.000,0,0,2,2,2,2,2,2,0.0,0.0,1.0,0.0,0.0,1.0,1
"F[0,2](BldPrSys > 100.871 & Pt_SHFlg = 0.000)
",-9999999.000,-9999999.000,0.000,0.000,1.000,0,0,0,4,4,0,0,4,0.0,0.0,0.0,0.0,0.0,1.0,-1
"F[0,0](Pt_MotherT1D <= 0.000 -> Pt_ChildT1D >= 0.000)
",0.000,0.000,0.000,0.000,1.000,0,0,0,4,4,0,0,4,0.0,0.0,0.0,0.0,0.0,1.0,-1
"F[0,2](((Pt_A1cGoalLev >= 0.774 | BGTestAvgNumPtRep >= 3.312) | bmiZscore >= 1.311) & Pt_FatherT1D >= 1.574)
",-9999999.000,-9999999.000,0.000,0.000,1.000,0,0,0,4,4,0,0,4,0.0,0.0,0.0,0.0,0.0,1.0,-1
"F[0,2](((Pt_GrandparentT1D <= 0.000 & BGTestAvgNumPtRep >= 0.003) | Triglyc >= 0.373) & bmiPerc >= 4.339)
",-9999999.000,-9999999.000,0.000,0.000,1.000,0,0,0,4,4,0,0,4,0.0,0.0,0.0,0.0,0.0,1.0,-1
"F[0,2]((Pt_SiblingT1D >= 0.000 -> HbA1c >= 7.719) & Pt_FatherT1D >= 7.343)
",-9999999.000,-9999999.000,0.000,0.000,1.000,0,0,0,4,4,0,0,4,0.0,0.0,0.0,0.0,0.0,1.0,-1
"((Triglyc <= 103.081) U[1,2] (Pt_GrandchildT1D >= 0.000))
",-9999999.000,-9999999.000,0.000,0.000,1.000,0,0,0,4,4,0,0,4,0.0,0.0,0.0,0.0,0.0,1.0,-1
"F[0,1](((Pt_SHFlg <= 0.000 & DirectLDL >= 0.000) | SMBGperDayPtMeterCombo <= 0.000) -> TSH >= 0.000)
",-9999999.000,-9999999.000,0.000,0.000,1.000,0,0,0,4,4,0,0,4,0.0,0.0,0.0,0.0,0.0,1.0,-1
"F[0,2]((LDL >= 29.591 -> Triglyc <= 137.958) -> AutonomicNeuroCl <= 153.528)
",-9999999.000,-9999999.000,0.000,0.000,1.000,0,0,0,4,4,0,0,4,0.0,0.0,0.0,0.0,0.0,1.0,-1
"F[0,1](((age <= 16.216 -> TotChol <= 143.533) | diabDur <= 101.788) -> Pt_A1cGoalLev <= 113.481)
",-9999999.000,-9999999.000,0.000,0.000,1.000,0,0,0,4,4,0,0,4,0.0,0.0,0.0,0.0,0.0,1.0,-1
"F[0,0]((GFR >= 0.000 & Pt_A1cGoalLevelDsYr5 >= 0.000) -> diagAgeCombo >= 0.000)
",0.000,0.000,0.000,0.000,1.000,0,0,0,4,4,0,0,4,0.0,0.0,0.0,0.0,0.0,1.0,-1
"F[2,2](Pt_A1cGoalLev <= 5.009 & BGTestAvgNumMeter >= 0.000)
",0.000,0.000,0.000,0.000,1.000,0,0,0,4,4,0,0,4,0.0,0.0,0.0,0.0,0.0,1.0,-1
"F[0,2](((HDL <= 40.670 & bmiZscore <= 1.127) & SMBGperDayPtMeterCombo <= 1.126) | DirectLDL >= 0.475)
",-9999999.000,-9999999.000,0.000,0.000,1.000,0,0,0,4,4,0,0,4,0.0,0.0,0.0,0.0,0.0,1.0,-1
"((BldPrDia >= 63.777) U[0,2] (bmiZscore <= 1.319))
",-9999999.000,-9999999.000,0.000,0.000,1.000,0,0,0,4,4,0,0,4,0.0,0.0,0.0,0.0,0.0,1.0,-1
"F[2,2](((HeightCm >= 165.559 -> Pt_SHFlg >= 0.000) & UnitsInsBasalOrLongAct <= 0.000) | HeightCm >= 0.000)
",0.000,0.000,0.000,0.000,1.000,0,0,0,4,4,0,0,4,0.0,0.0,0.0,0.0,0.0,1.0,-1
"F[0,1](Pt_GrandchildT1D <= 0.000 -> bmiPerc >= 0.709)
",-9999999.000,-9999999.000,0.000,0.000,1.000,0,0,0,4,4,0,0,4,0.0,0.0,0.0,0.0,0.0,1.0,-1
"F[1,2](((BldPrDia <= 70.668 & BGTestAvgNumPtRep <= 4.938) | Pt_DKAFlg <= 8.574) -> Pt_DKAFlg >= 4.075)
",-9999999.000,-9999999.000,0.000,0.000,1.000,0,0,0,4,4,0,0,4,0.0,0.0,0.0,0.0,0.0,1.0,-1
"F[0,0](Pt_ChildT1D >= 0.000 | TSH <= 2.512)
",0.000,0.000,0.000,0.000,1.000,0,0,0,4,4,0,0,4,0.0,0.0,0.0,0.0,0.0,1.0,-1
"F[1,1](bmiZscore <= 1.203 | Triglyc <= 159.718)
",159.718,159.718,0.000,0.000,1.000,0,0,0,4,4,0,0,4,0.0,0.0,0.0,0.0,0.0,1.0,-1
"F[1,2](Pt_A1cGoalLevelDsYr5 >= 0.000 & BldPrSys <= 113.661)
",-9999999.000,-9999999.000,0.000,0.000,1.000,0,0,0,4,4,0,0,4,0.0,0.0,0.0,0.0,0.0,1.0,-1
"F[1,1]((HDL <= 62.570 | Pt_DKAFlg <= 0.000) | TSH <= 0.000)
",62.570,62.570,0.000,0.000,1.000,0,0,0,4,4,0,0,4,0.0,0.0,0.0,0.0,0.0,1.0,-1
"F[0,1](((HDL >= 21.474 & BGTestAvgNumMeter <= 0.000) | NumPumpBolusOrShortAct <= 0.000) | Pt_FatherT1D <= 0.000)
",-9999999.000,-9999999.000,0.000,0.000,1.000,0,0,0,4,4,0,0,4,0.0,0.0,0.0,0.0,0.0,1.0,-1
"F[1,2](Pt_MotherT1D <= 0.000 | LDL >= 9.334)
",-9999999.000,-9999999.000,0.000,0.000,1.000,0,0,0,4,4,0,0,4,0.0,0.0,0.0,0.0,0.0,1.0,-1
"F[0,1]((BGTestAvgNumPtRep >= 2.063 & TotalDailyInsPerKg >= 0.793) -> NumPumpBolusOrShortAct >= 0.929)
",-9999999.000,-9999999.000,0.000,0.000,1.000,0,0,0,4,4,0,0,4,0.0,0.0,0.0,0.0,0.0,1.0,-1
"F[0,0](((TotChol <= 119.425 -> Triglyc <= 167.235) | NumPumpBolusOrShortAct <= 85.852) | bmi <= 100.647)
",100.647,100.647,0.000,0.000,1.000,0,0,0,4,4,0,0,4,0.0,0.0,0.0,0.0,0.0,1.0,-1
"F[1,1]((Triglyc >= 34.524 | HDL <= 45.313) & WeightKg >= 21.588)
",-21.588,-21.588,0.000,0.000,1.000,0,0,0,4,4,0,0,4,0.0,0.0,0.0,0.0,0.0,1.0,-1
"F[1,1](Pt_FatherT1D >= 0.000 & BldPrDia <= 72.255)
",0.000,0.000,0.000,0.000,1.000,0,0,0,4,4,0,0,4,0.0,0.0,0.0,0.0,0.0,1.0,-1
"F[0,2](NumPumpBolusOrShortAct <= 4.208 & BGTestAvgNumMeter <= 0.000)
",-9999999.000,-9999999.000,0.000,0.000,1.000,0,0,0,4,4,0,0,4,0.0,0.0,0.0,0.0,0.0,1.0,-1
"F[1,2]((Triglyc <= 123.078 | bmiZscore <= 1.279) | Pt_ChildT1D >= 0.949)
",-9999999.000,-9999999.000,0.000,0.000,1.000,0,0,0,4,4,0,0,4,0.0,0.0,0.0,0.0,0.0,1.0,-1
"F[1,1](((BldPrSys <= 110.504 | TotChol <= 192.926) | SMBGperDayPtMeterCombo >= 3.392) | BUN <= 150.685)
",192.926,192.926,0.000,0.000,1.000,0,0,0,4,4,0,0,4,0.0,0.0,0.0,0.0,0.0,1.0,-1
"F[2,2](BUN >= 1.793 -> bmiZscore <= 1.524)
",-1.524,-1.524,0.000,0.000,1.000,0,0,0,4,4,0,0,4,0.0,0.0,0.0,0.0,0.0,1.0,-1
"((AlbCreatRat_mggNew >= 1.575) U[0,1] (LDL <= 108.516))
",-9999999.000,-9999999.000,0.000,0.000,1.000,0,0,0,4,4,0,0,4,0.0,0.0,0.0,0.0,0.0,1.0,-1
"F[1,2](BUN <= 3.429 | Pt_GrandchildT1D <= 0.000)
",-9999999.000,-9999999.000,0.000,0.000,1.000,0,0,0,4,4,0,0,4,0.0,0.0,0.0,0.0,0.0,1.0,-1
"F[0,0]((TotChol >= 67.755 | age >= 13.903) | bmiPerc <= 16.015)
",-2.023,-7.635,0.000,0.000,1.000,0,0,0,4,4,0,0,4,0.0,0.0,0.0,0.0,0.0,1.0,-1
"F[0,2](((LDL >= 21.878 -> TSH >= 0.470) & LDL <= 1.990) | Pt_A1cGoalLev <= 0.575)
",-9999999.000,-9999999.000,0.000,0.000,1.000,0,0,0,4,4,0,0,4,0.0,0.0,0.0,0.0,0.0,1.0,-1
"((Pt_InsGov >= 0.000) U[1,2] (Pt_DKAFlg >= 0.000))
",-9999999.000,-9999999.000,0.000,0.000,1.000,0,0,0,4,4,0,0,4,0.0,0.0,0.0,0.0,0.0,1.0,-1
"((diabDur <= 8.212) U[0,2] (UnitsInsBasalOrLongAct >= 20.175))
",-9999999.000,-9999999.000,0.000,0.000,1.000,0,0,0,4,4,0,0,4,0.0,0.0,0.0,0.0,0.0,1.0,-1
"F[1,2](Pt_SiblingT1D <= 0.000 | Triglyc <= 172.817)
",-9999999.000,-9999999.000,0.000,0.000,1.000,0,0,0,4,4,0,0,4,0.0,0.0,0.0,0.0,0.0,1.0,-1
"F[1,2](((TotalDailyInsPerKg <= 1.279 -> DirectLDL >= 0.000) | Pt_DKAFlg >= 0.000) -> bmiZscore >= 0.000)
",-9999999.000,-9999999.000,0.000,0.000,1.000,0,0,0,4,4,0,0,4,0.0,0.0,0.0,0.0,0.0,1.0,-1
"F[0,0](Pt_FatherT1D >= 0.000 | age <= 16.658)
",4.695,18.993,0.000,0.000,1.000,0,0,0,4,4,0,0,4,0.0,0.0,0.0,0.0,0.0,1.0,-1
"F[1,2]((BGTestAvgNumPtRep >= 2.494 | Pt_FatherT1D >= 0.000) | Pt_A1cGoalLev >= 0.000)
",-9999999.000,-9999999.000,0.000,0.000,1.000,0,0,0,4,4,0,0,4,0.0,0.0,0.0,0.0,0.0,1.0,-1
"F[1,2](((BUN <= 5.432 & UnitsInsBasalOrLongAct <= 30.605) & bmiZscore >= 18.242) -> Pt_SiblingT1D >= 5.665)
",-9999999.000,-9999999.000,0.000,0.000,1.000,0,0,0,4,4,0,0,4,0.0,0.0,0.0,0.0,0.0,1.0,-1
"F[0,1](((Triglyc >= 6.692 -> Pt_SHFlg <= 0.000) | HbA1cImputeDtMnC <= 0.000) -> BGTestAvgNumMeter <= 0.000)
",-9999999.000,-9999999.000,0.000,0.000,1.000,0,0,0,4,4,0,0,4,0.0,0.0,0.0,0.0,0.0,1.0,-1
"F[0,2](((Triglyc >= 24.600 & TSH <= 1.988) | diabDur <= 0.635) | Pt_DKAFlg <= 0.679)
",-9999999.000,-9999999.000,0.000,0.000,1.000,0,0,0,4,4,0,0,4,0.0,0.0,0.0,0.0,0.0,1.0,-1
"((SMBGperDayPtMeterCombo >= 3.822) U[0,2] (Pt_DKAFlg >= 0.000))
",-9999999.000,-9999999.000,0.000,0.000,1.000,0,0,0,4,4,0,0,4,0.0,0.0,0.0,0.0,0.0,1.0,-1
"F[0,2](((BGTestAvgNumPtRep >= 1.679 & bmiZscore >= 0.673) -> AlbCreatRat_mggNew <= 1.147) & UnitsInsBasalOrLongAct <= 1.285)
",-9999999.000,-9999999.000,0.000,0.000,1.000,0,0,0,4,4,0,0,4,0.0,0.0,0.0,0.0,0.0,1.0,-1
"F[0,2]((HbA1c <= 8.779 | TotChol >= 42.315) | GFR <= 186.548)
",-9999999.000,-9999999.000,0.000,0.000,1.000,0,0,0,4,4,0,0,4,0.0,0.0,0.0,0.0,0.0,1.0,-1
"F[1,2](((Pt_CGMUseNumDays <= 5.489 | Pt_CGMUseNumDays >= 0.627) & GFR <= 18.894) | HbA1c <= 14.968)
",-9999999.000,-9999999.000,0.000,0.000,1.000,0,0,0,4,4,0,0,4,0.0,0.0,0.0,0.0,0.0,1.0,-1
"F[1,2]((TotalDailyInsPerKg <= 0.990 & Pt_DKAFlg >= 0.000) -> Pt_CGMUseNumDays <= 0.000)
",-9999999.000,-9999999.000,0.000,0.000,1.000,0,0,0,4,4,0,0,4,0.0,0.0,0.0,0.0,0.0,1.0,-1
"F[2,2](((Pt_DKAFlg >= 0.000 -> Pt_MotherT1D <= 0.000) -> bmiZscore <= 0.000) | Pt_ChildT1D >= 0.000)
",0.000,0.000,0.000,0.000,1.000,0,0,0,4,4,0,0,4,0.0,0.0,0.0,0.0,0.0,1.0,-1
"F[0,1]((TotChol >= 5.494 | GFR <= 0.000) & TSH >= 0.000)
",-9999999.000,-9999999.000,0.000,0.000,1.000,0,0,0,4,4,0,0,4,0.0,0.0,0.0,0.0,0.0,1.0,-1
"((Pt_FatherT1D >= 0.000) U[1,2] (Pt_SHFlg = 0.000))
",-9999999.000,-9999999.000,0.000,0.000,1.000,0,0,0,4,4,0,0,4,0.0,0.0,0.0,0.0,0.0,1.0,-1
"F[0,0](TSH >= 0.203 -> Pt_SHFlg = 0.000)
",-2.889,-5.547,0.000,0.000,1.000,0,0,0,4,4,0,0,4,0.0,0.0,0.0,0.0,0.0,1.0,-1
"F[1,1]((WeightKg >= 52.677 -> BGTestAvgNumMeter >= 0.000) | BldPrSys >= 0.000)
",0.000,0.000,0.000,0.000,1.000,0,0,0,4,4,0,0,4,0.0,0.0,0.0,0.0,0.0,1.0,-1
"F[0,1](age <= 16.837 | Triglyc <= 95.590)
",-9999999.000,-9999999.000,0.000,0.000,1.000,0,0,0,4,4,0,0,4,0.0,0.0,0.0,0.0,0.0,1.0,-1
"F[0,1](((HDL >= 30.209 & Pt_CGMUseNumDays <= 12.512) -> Pt_InsGov <= 25.382) | DirectLDL >= 1.489)
",-9999999.000,-9999999.000,0.000,0.000,1.000,0,0,0,4,4,0,0,4,0.0,0.0,0.0,0.0,0.0,1.0,-1
"F[0,2]((TotChol <= 110.918 -> Triglyc <= 94.237) & Pt_GrandparentT1D <= 63.196)
",-9999999.000,-9999999.000,0.000,0.000,1.000,0,0,0,4,4,0,0,4,0.0,0.0,0.0,0.0,0.0,1.0,-1
"F[0,0](HDL <= 51.161 | Pt_A1cGoalLev <= 5.422)
",0.508,11.607,0.000,0.000,1.000,0,0,0,4,4,0,0,4,0.0,0.0,0.0,0.0,0.0,1.0,-1
"F[1,2](((BldPrDia >= 65.037 -> SMBGperDayPtMeterCombo <= 5.988) | NumPumpBolusOrShortAct >= 4.294) & TotChol >= 0.975)
",-9999999.000,-9999999.000,0.000,0.000,1.000,0,0,0,4,4,0,0,4,0.0,0.0,0.0,0.0,0.0,1.0,-1
"((BGTestAvgNumMeter >= 0.000) U[2,2] (BGTestAvgNumPtRep <= 7.155))
",7.155,7.155,0.000,0.000,1.000,0,0,0,4,4,0,0,4,0.0,0.0,0.0,0.0,0.0,1.0,-1
"F[0,2](((diabDur <= 6.693 | TotChol >= 60.659) -> Pt_GrandchildT1D >= 30.038) | HbA1c >= 8.412)
",-9999999.000,-9999999.000,0.000,0.000,1.000,0,0,0,4,4,0,0,4,0.0,0.0,0.0,0.0,0.0,1.0,-1
"F[2,2](HbA1cImputeDtMnC <= 61.598 | Triglyc >= 17.528)
",61.598,61.598,0.000,0.000,1.000,0,0,0,4,4,0,0,4,0.0,0.0,0.0,0.0,0.0,1.0,-1
"F[0,2]((BUN <= 16.654 -> LDL >= 26.458) | diagAgeCombo <= 60.890)
",-9999999.000,-9999999.000,0.000,0.000,1.000,0,0,0,4,4,0,0,4,0.0,0.0,0.0,0.0,0.0,1.0,-1
"F[1,2]((BGTestAvgNumPtRep <= 6.305 -> BldPrSys <= 116.403) & BGTestAvgNumPtRep >= 109.611)
",-9999999.000,-9999999.000,0.000,0.000,1.000,0,0,0,4,4,0,0,4,0.0,0.0,0.0,0.0,0.0,1.0,-1
"F[1,1]((BUN >= 1.458 & Triglyc >= 47.734) -> AutonomicNeuroCl <= 101.379)
",-101.379,-101.379,0.000,0.000,1.000,0,0,0,4,4,0,0,4,0.0,0.0,0.0,0.0,0.0,1.0,-1
"F[0,1]((AlbCreatRat_mggNew <= 2.557 | bmiPerc <= 0.841) -> Pt_SHFlg <= 0.911)
",-9999999.000,-9999999.000,0.000,0.000,1.000,0,0,0,4,4,0,0,4,0.0,0.0,0.0,0.0,0.0,1.0,-1
"((bmiZscore >= 0.672) U[0,2] (Triglyc >= 36.801))
",-9999999.000,-9999999.000,0.000,0.000,1.000,0,0,0,4,4,0,0,4,0.0,0.0,0.0,0.0,0.0,1.0,-1
"((Pt_A1cGoalLev >= 0.592) U[1,2] (Pt_CGMUseNumDays >= 1.517))
",-9999999.000,-9999999.000,0.000,0.000,1.000,0,0,0,4,4,0,0,4,0.0,0.0,0.0,0.0,0.0,1.0,-1
"F[0,1](bmiPerc <= 0.874 -> Triglyc <= 195.526)
",-9999999.000,-9999999.000,0.000,0.000,1.000,0,0,0,4,4,0,0,4,0.0,0.0,0.0,0.0,0.0,1.0,-1
"F[0,2](((Triglyc <= 143.203 & WeightKg >= 46.459) & HeightCm >= 60.038) -> GFR <= 73.190)
",-9999999.000,-9999999.000,0.000,0.000,1.000,0,0,0,4,4,0,0,4,0.0,0.0,0.0,0.0,0.0,1.0,-1
"((BGTestAvgNumMeter >= 0.000) U[0,1] (Pt_SHFlg = 0.000))
",-9999999.000,-9999999.000,0.000,0.000,1.000,0,0,0,4,4,0,0,4,0.0,0.0,0.0,0.0,0.0,1.0,-1
"F[0,1]((BldPrSys <= 117.892 | Triglyc <= 167.850) | AutonomicNeuroCl >= 39.227)
",-9999999.000,-9999999.000,0.000,0.000,1.000,0,0,0,4,4,0,0,4,0.0,0.0,0.0,0.0,0.0,1.0,-1
"((BGTestAvgNumPtRep >= 0.371) U[2,2] (HbA1c <= 8.228))
",8.228,8.228,0.000,0.000,1.000,0,0,0,4,4,0,0,4,0.0,0.0,0.0,0.0,0.0,1.0,-1
"((bmi <= 28.206) U[1,2] (Triglyc >= 38.569))
",-9999999.000,-9999999.000,0.000,0.000,1.000,0,0,0,4,4,0,0,4,0.0,0.0,0.0,0.0,0.0,1.0,-1
"F[1,2](((diabDur >= 4.818 -> SMBGperDayPtMeterCombo <= 7.016) -> Pt_GrandchildT1D >= 1.684) | diagAgeCombo <= 8.382)
",-9999999.000,-9999999.000,0.000,0.000,1.000,0,0,0,4,4,0,0,4,0.0,0.0,0.0,0.0,0.0,1.0,-1
"F[0,0]((bmiPerc >= 0.698 & HDL <= 63.833) | TotalDailyInsPerKg <= 58.030)
",22.515,51.280,0.000,0.000,1.000,0,0,0,4,4,0,0,4,0.0,0.0,0.0,0.0,0.0,1.0,-1
"F[1,1](HeightCm >= 161.124 | Pt_A1cGoalLev >= 0.168)
",-0.168,-0.168,0.000,0.000,1.000,0,0,0,4,4,0,0,4,0.0,0.0,0.0,0.0,0.0,1.0,-1
"((BGTestAvgNumPtRep <= 7.459) U[0,1] (bmiZscore >= 0.533))
",-9999999.000,-9999999.000,0.000,0.000,1.000,0,0,0,4,4,0,0,4,0.0,0.0,0.0,0.0,0.0,1.0,-1
"((BldPrSys <= 116.084) U[0,2] (Pt_CGMUseNumDays >= 2.019))
",-9999999.000,-9999999.000,0.000,0.000,1.000,0,0,0,4,4,0,0,4,0.0,0.0,0.0,0.0,0.0,1.0,-1
"((BUN <= 11.979) U[2,2] (HDL >= 2.292))
",11.979,11.979,0.000,0.000,1.000,0,0,0,4,4,0,0,4,0.0,0.0,0.0,0.0,0.0,1.0,-1
"F[1,2](((age >= 11.949 | TSH <= 1.254) & Pt_DKAFlg >= 0.145) | Pt_SHFlg >= 0.277)
",-9999999.000,-9999999.000,0.000,0.000,1.000,0,0,0,4,4,0,0,4,0.0,0.0,0.0,0.0,0.0,1.0,-1
"F[0,1](((AlbCreatRat_mggNew >= 2.079 & LDL <= 60.938) -> HDL <= 111.183) -> BldPrSys >= 10.290)
",-9999999.000,-9999999.000,0.000,0.000,1.000,0,0,0,4,4,0,0,4,0.0,0.0,0.0,0.0,0.0,1.0,-1
"((NumPumpBolusOrShortAct >= 0.747) U[1,2] (Pt_A1cGoalLev >= 0.349))
",-9999999.000,-9999999.000,0.000,0.000,1.000,0,0,0,4,4,0,0,4,0.0,0.0,0.0,0.0,0.0,1.0,-1
"F[1,2](((Pt_A1cGoalLev >= 0.233 & Triglyc >= 7.093) | SMBGperDayPtMeterCombo >= 12.568) | LDL >= 54.589)
",-9999999.000,-9999999.000,0.000,0.000,1.000,0,0,0,4,4,0,0,4,0.0,0.0,0.0,0.0,0.0,1.0,-1
"F[2,2](bmiZscore <= 1.128 | Pt_A1cGoalLev >= 0.270)
",1.128,1.128,0.000,0.000,1.000,0,0,0,4,4,0,0,4,0.0,0.0,0.0,0.0,0.0,1.0,-1
"F[2,2]((BGTestAvgNumPtRep >= 2.978 & BUN <= 4.791) & HDL <= 16.947)
",-2.978,-2.978,0.000,0.000,1.000,0,0,0,4,4,0,0,4,0.0,0.0,0.0,0.0,0.0,1.0,-1
"F[1,2](BldPrSys >= 101.190 -> bmiZscore >= 1.095)
",-9999999.000,-9999999.000,0.000,0.000,1.000,0,0,0,4,4,0,0,4,0.0,0.0,0.0,0.0,0.0,1.0,-1
"F[0,1]((BldPrSys >= 106.169 | Pt_A1cGoalLev <= 6.246) & bmiPerc <= 3.019)
",-9999999.000,-9999999.000,0.000,0.000,1.000,0,0,0,4,4,0,0,4,0.0,0.0,0.0,0.0,0.0,1.0,-1
"F[1,2](((BldPrDia >= 63.157 -> TotalDailyInsPerKg >= 0.868) & TotChol <= 0.975) -> Pt_CGMUseNumDays <= 1.003)
",-9999999.000,-9999999.000,0.000,0.000,1.000,0,0,0,4,4,0,0,4,0.0,0.0,0.0,0.0,0.0,1.0,-1
"((LDL <= 93.617) U[1,2] (TSH <= 0.900))
",-9999999.000,-9999999.000,0.000,0.000,1.000,0,0,0,4,4,0,0,4,0.0,0.0,0.0,0.0,0.0,1.0,-1
"F[1,2](HbA1c <= 8.949 -> TSH <= 2.535)
",-9999999.000,-9999999.000,0.000,0.000,1.000,0,0,0,4,4,0,0,4,0.0,0.0,0.0,0.0,0.0,1.0,-1
"F[1,2]((BldPrDia <= 71.547 -> Pt_CGMUseNumDays <= 25.786) | BldPrSys >= 2.788)
",-9999999.000,-9999999.000,0.000,0.000,1.000,0,0,0,4,4,0,0,4,0.0,0.0,0.0,0.0,0.0,1.0,-1
"F[0,1](BGTestAvgNumPtRep >= 2.505 -> bmiPerc >= 0.750)
",-9999999.000,-9999999.000,0.000,0.000,1.000,0,0,0,4,4,0,0,4,0.0,0.0,0.0,0.0,0.0,1.0,-1
"F[1,2](((diabDur >= 5.392 | TSH <= 1.259) | Pt_A1cGoalLevelDsYr5 <= 1.192) -> TotalDailyInsPerKg >= 0.096)
",-9999999.000,-9999999.000,0.000,0.000,1.000,0,0,0,4,4,0,0,4,0.0,0.0,0.0,0.0,0.0,1.0,-1
"F[1,2](((HbA1cImputeDtMnC >= 16.025 -> TSH >= 0.250) & bmiZscore <= 0.896) & diagAgeCombo >= 0.254)
",-9999999.000,-9999999.000,0.000,0.000,1.000,0,0,0,4,4,0,0,4,0.0,0.0,0.0,0.0,0.0,1.0,-1
"F[1,2](((HeightCm >= 165.656 -> NumPumpBolusOrShortAct <= 3.165) | Pt_DKAFlg >= 0.282) -> Pt_FatherT1D >= 0.979)
",-9999999.000,-9999999.000,0.000,0.000,1.000,0,0,0,4,4,0,0,4,0.0,0.0,0.0,0.0,0.0,1.0,-1
"F[0,2](((BldPrDia <= 70.345 & bmiPerc >= 0.697) | LDL <= 0.859) & SMBGperDayPtMeterCombo >= 0.704)
",-9999999.000,-9999999.000,0.000,0.000,1.000,0,0,0,4,4,0,0,4,0.0,0.0,0.0,0.0,0.0,1.0,-1
"F[0,1]((AlbCreatRat_mggNew <= 7.351 -> TSH <= 2.341) -> diagAgeCombo >= 0.437)
",-9999999.000,-9999999.000,0.000,0.000,1.000,0,0,0,4,4,0,0,4,0.0,0.0,0.0,0.0,0.0,1.0,-1
"F[0,2]((TotChol <= 152.286 | TSH <= 1.188) | Triglyc <= 1.856)
",-9999999.000,-9999999.000,0.000,0.000,1.000,0,0,0,4,4,0,0,4,0.0,0.0,0.0,0.0,0.0,1.0,-1
"F[0,1](((BGTestAvgNumPtRep >= 1.898 -> TotalDailyInsPerKg <= 1.302) & BGTestAvgNumMeter <= 1.054) -> UnitsInsBasalOrLongAct >= 0.814)
",-9999999.000,-9999999.000,0.000,0.000,1.000,0,0,0,4,4,0,0,4,0.0,0.0,0.0,0.0,0.0,1.0,-1
"((Pt_CGMUseNumDays <= 20.768) U[2,2] (TotalDailyInsPerKg >= 0.790))
",20.768,20.768,0.000,0.000,1.000,0,0,0,4,4,0,0,4,0.0,0.0,0.0,0.0,0.0,1.0,-1
"F[2,2]((TotalDailyInsPerKg >= 0.833 | TSH >= 0.478) | BUN >= 0.506)
",-0.478,-0.478,0.000,0.000,1.000,0,0,0,4,4,0,0,4,0.0,0.0,0.0,0.0,0.0,1.0,-1
"F[1,1]((bmi <= 25.492 -> Pt_A1cGoalLev >= 0.083) -> TotalDailyInsPerKg >= 0.510)
",0.510,0.510,0.000,0.000,1.000,0,0,0,4,4,0,0,4,0.0,0.0,0.0,0.0,0.0,1.0,-1
"F[0,1](((TSH >= 0.073 | UnitsInsBasalOrLongAct <= 32.765) & Pt_MotherT1D >= 15.040) | Pt_GrandparentT1D <= 30.254)
",-9999999.000,-9999999.000,0.000,0.000,1.000,0,0,0,4,4,0,0,4,0.0,0.0,0.0,0.0,0.0,1.0,-1
"F[1,1](((AlbCreatRat_mggNew >= 2.322 | HbA1cImputeDtMnC >= 17.175) | BUN <= 57.769) | Pt_MotherT1D <= 46.124)
",57.769,57.769,0.000,0.000,1.000,0,0,0,4,4,0,0,4,0.0,0.0,0.0,0.0,0.0,1.0,-1
"F[0,1]((BldPrDia <= 70.369 & TSH <= 0.972) | bmiZscore >= 0.221)
",-9999999.000,-9999999.000,0.000,0.000,1.000,0,0,0,4,4,0,0,4,0.0,0.0,0.0,0.0,0.0,1.0,-1
"F[0,0](((BldPrSys <= 115.658 -> UnitsInsBasalOrLongAct >= 15.215) | Pt_GrandchildT1D >= 19.448) | Pt_ChildT1D <= 32.765)
",32.765,32.765,0.000,0.000,1.000,0,0,0,4,4,0,0,4,0.0,0.0,0.0,0.0,0.0,1.0,-1
"F[2,2](LDL <= 99.157 -> Triglyc <= 122.969)
",-122.969,-122.969,0.000,0.000,1.000,0,0,0,4,4,0,0,4,0.0,0.0,0.0,0.0,0.0,1.0,-1
"F[1,2]((HeightCm >= 161.652 & TotalDailyInsPerKg <= 1.139) & Pt_GrandchildT1D <= 1.128)
",-9999999.000,-9999999.000,0.000,0.000,1.000,0,0,0,4,4,0,0,4,0.0,0.0,0.0,0.0,0.0,1.0,-1
"F[1,2](((BUN >= 1.015 & NumPumpBolusOrShortAct >= 0.654) | HDL >= 0.123) -> TotChol <= 5.927)
",-9999999.000,-9999999.000,0.000,0.000,1.000,0,0,0,4,4,0,0,4,0.0,0.0,0.0,0.0,0.0,1.0,-1
"F[0,2]((HbA1c <= 9.130 & UnitsInsBasalOrLongAct >= 11.407) | BGTestAvgNumMeter <= 24.333)
",-9999999.000,-9999999.000,0.000,0.000,1.000,0,0,0,4,4,0,0,4,0.0,0.0,0.0,0.0,0.0,1.0,-1
"((AlbCreatRat_mggNew >= 0.463) U[0,2] (NumPumpBolusOrShortAct >= 1.995))
",-9999999.000,-9999999.000,0.000,0.000,1.000,0,0,0,4,4,0,0,4,0.0,0.0,0.0,0.0,0.0,1.0,-1
"F[0,2](((Pt_A1cGoalLev <= 4.993 -> TotalDailyInsPerKg <= 1.311) & Pt_CGMUseNumDays >= 0.873) | Pt_GrandparentT1D <= 1.070)
",-9999999.000,-9999999.000,0.000,0.000,1.000,0,0,0,4,4,0,0,4,0.0,0.0,0.0,0.0,0.0,1.0,-1
"F[2,2](((BUN >= 1.380 | UnitsInsBasalOrLongAct <= 24.704) -> Pt_DKAFlg <= 27.009) -> WeightKg <= 28.814)
",-28.814,-28.814,0.000,0.000,1.000,0,0,0,4,4,0,0,4,0.0,0.0,0.0,0.0,0.0,1.0,-1
"F[0,1]((BldPrSys <= 119.701 -> HbA1c <= 8.435) & BGTestAvgNumPtRep <= 8.620)
",-9999999.000,-9999999.000,0.000,0.000,1.000,0,0,0,4,4,0,0,4,0.0,0.0,0.0,0.0,0.0,1.0,-1
"F[1,2]((AlbCreatRat_mggNew <= 6.653 | Pt_A1cGoalLev >= 0.301) -> UnitsInsBasalOrLongAct <= 2.909)
",-9999999.000,-9999999.000,0.000,0.000,1.000,0,0,0,4,4,0,0,4,0.0,0.0,0.0,0.0,0.0,1.0,-1
"F[0,0]((age >= 13.739 -> BUN <= 16.120) | Pt_GrandchildT1D >= 1.494)
",1.506,9.931,0.000,0.000,1.000,0,0,0,4,4,0,0,4,0.0,0.0,0.0,0.0,0.0,1.0,-1
"F[0,0]((BGTestAvgNumPtRep >= 0.627 -> HeightCm <= 169.852) -> BUN <= 171.352)
",-2.503,-106.852,0.000,0.000,1.000,0,0,0,4,4,0,0,4,0.0,0.0,0.0,0.0,0.0,1.0,-1
"F[2,2]((HbA1c <= 8.598 | Triglyc >= 41.676) & NumPumpBolusOrShortAct >= 4.325)
",-4.325,-4.325,0.000,0.000,1.000,0,0,0,4,4,0,0,4,0.0,0.0,0.0,0.0,0.0,1.0,-1
"F[0,0]((Pt_CGMUseNumDays >= 0.092 & UnitsInsBasalOrLongAct <= 23.232) -> Pt_InsGov <= 31.051)
",-31.051,-31.051,0.000,0.000,1.000,0,0,0,4,4,0,0,4,0.0,0.0,0.0,0.0,0.0,1.0,-1
"F[1,2](AlbCreatRat_mggNew <= 4.720 -> HDL <= 65.667)
",-9999999.000,-9999999.000,0.000,0.000,1.000,0,0,0,4,4,0,0,4,0.0,0.0,0.0,0.0,0.0,1.0,-1
"((BGTestAvgNumMeter >= 0.000) U[0,2] (BGTestAvgNumPtRep <= 7.782))
",-9999999.000,-9999999.000,0.000,0.000,1.000,0,0,0,4,4,0,0,4,0.0,0.0,0.0,0.0,0.0,1.0,-1
"((BGTestAvgNumMeter >= 0.000) U[1,2] (BGTestAvgNumPtRep <= 7.210))
",-9999999.000,-9999999.000,0.000,0.000,1.000,0,0,0,4,4,0,0,4,0.0,0.0,0.0,0.0,0.0,1.0,-1
"F[1,2](HbA1c >= 8.074 -> Pt_A1cGoalLevelDsYr5 = 0.000)
",-9999999.000,-9999999.000,0.000,0.000,1.000,0,0,0,4,4,0,0,4,0.0,0.0,0.0,0.0,0.0,1.0,-1
"F[2,2](HbA1c >= 7.187 -> Pt_A1cGoalLevelDsYr5 = 0.000)
",0.000,0.000,0.000,0.000,1.000,0,0,0,4,4,0,0,4,0.0,0.0,0.0,0.0,0.0,1.0,-1
"((BGTestAvgNumMeter >= 0.000) U[1,2] (BGTestAvgNumPtRep <= 7.356))
",-9999999.000,-9999999.000,0.000,0.000,1.000,0,0,0,4,4,0,0,4,0.0,0.0,0.0,0.0,0.0,1.0,-1
"F[1,1](HbA1c >= 7.274 -> Pt_A1cGoalLevelDsYr5 = 0.000)
",0.000,0.000,0.000,0.000,1.000,0,0,0,4,4,0,0,4,0.0,0.0,0.0,0.0,0.0,1.0,-1
"((BGTestAvgNumMeter >= 0.000) U[0,2] (BGTestAvgNumPtRep <= 7.927))
",-9999999.000,-9999999.000,0.000,0.000,1.000,0,0,0,4,4,0,0,4,0.0,0.0,0.0,0.0,0.0,1.0,-1
"F[0,1](HbA1c >= 7.549 -> Pt_A1cGoalLevelDsYr5 = 0.000)
",-9999999.000,-9999999.000,0.000,0.000,1.000,0,0,0,4,4,0,0,4,0.0,0.0,0.0,0.0,0.0,1.0,-1
"F[2,2](Pt_MotherT1D < 0.000 -> Pt_SHFlg = 0.000)
",0.000,0.000,0.000,0.000,1.000,0,0,0,4,4,0,0,4,0.0,0.0,0.0,0.0,0.0,1.0,-1
"F[1,2](((diabDur >= 4.166 | HeightCm >= 167.560) | Pt_SHFlg >= 167.321) -> BUN >= 161.392)
",-9999999.000,-9999999.000,0.000,0.000,1.000,0,0,0,4,4,0,0,4,0.0,0.0,0.0,0.0,0.0,1.0,-1
"F[0,2](Pt_ChildT1D > 0.000 -> Pt_SHFlg = 0.000)
",-9999999.000,-9999999.000,0.000,0.000,1.000,0,0,0,4,4,0,0,4,0.0,0.0,0.0,0.0,0.0,1.0,-1
"F[2,2](Pt_FatherT1D <= 0.000 -> Pt_SHFlg = 0.000)
",0.000,0.000,0.000,0.000,1.000,0,0,0,4,4,0,0,4,0.0,0.0,0.0,0.0,0.0,1.0,-1
"F[2,2]((bmiZscore >= 0.218 | diabDur >= 4.092) | Pt_ChildT1D >= 4.054)
",-0.218,-0.218,0.000,0.000,1.000,0,0,0,4,4,0,0,4,0.0,0.0,0.0,0.0,0.0,1.0,-1
"((BUN <= 9.449) U[2,2] (HeightCm <= 168.910))
",168.910,168.910,0.000,0.000,1.000,0,0,0,4,4,0,0,4,0.0,0.0,0.0,0.0,0.0,1.0,-1
"((TotalDailyInsPerKg <= 1.175) U[2,2] (WeightKg <= 73.599))
",73.599,73.599,0.000,0.000,1.000,0,0,0,4,4,0,0,4,0.0,0.0,0.0,0.0,0.0,1.0,-1
"((HDL <= 49.644) U[0,2] (LDL <= 120.861))
",-9999999.000,-9999999.000,0.000,0.000,1.000,0,0,0,4,4,0,0,4,0.0,0.0,0.0,0.0,0.0,1.0,-1
"F[1,2](age >= 11.503 -> bmiPerc >= 0.649)
",-9999999.000,-9999999.000,0.000,0.000,1.000,0,0,0,4,4,0,0,4,0.0,0.0,0.0,0.0,0.0,1.0,-1
"F[0,1](((BldPrDia <= 67.780 -> BldPrSys >= 104.030) | AlbCreatRat_mggNew <= 115.788) -> Pt_ChildT1D <= 119.051)
",-9999999.000,-9999999.000,0.000,0.000,1.000,0,0,0,4,4,0,0,4,0.0,0.0,0.0,0.0,0.0,1.0,-1
"F[0,1](((HbA1cImputeDtMnC >= 37.377 & TotalDailyInsPerKg <= 1.173) -> BUN <= 1.245) -> age >= 0.945)
",-9999999.000,-9999999.000,0.000,0.000,1.000,0,0,0,4,4,0,0,4,0.0,0.0,0.0,0.0,0.0,1.0,-1
"F[0,2](bmiPerc >= 0.783 & BUN >= 1.367)
",-9999999.000,-9999999.000,0.000,0.000,1.000,0,0,0,4,4,0,0,4,0.0,0.0,0.0,0.0,0.0,1.0,-1
"F[0,2](((TotalDailyInsPerKg >= 0.855 | UnitsInsBasalOrLongAct <= 28.601) -> BGTestAvgNumMeter <= 27.481) -> UnitsInsBasalOrLongAct >= 7.597)
",-9999999.000,-9999999.000,0.000,0.000,1.000,0,0,0,4,4,0,0,4,0.0,0.0,0.0,0.0,0.0,1.0,-1
"F[2,2](((LDL >= 12.574 & TotChol >= 54.471) & BGTestAvgNumPtRep >= 13.637) | GFR <= 173.290)
",173.290,173.290,0.000,0.000,1.000,0,0,0,4,4,0,0,4,0.0,0.0,0.0,0.0,0.0,1.0,-1
"F[0,2](bmi >= 19.910 & HeightCm <= 169.983)
",-9999999.000,-9999999.000,0.000,0.000,1.000,0,0,0,4,4,0,0,4,0.0,0.0,0.0,0.0,0.0,1.0,-1
"F[0,2](((bmi >= 19.585 | UnitsInsBasalOrLongAct >= 6.424) & diagAgeCombo >= 20.047) | Pt_A1cGoalLevelDsYr5 >= 10.380)
",-9999999.000,-9999999.000,0.000,0.000,1.000,0,0,0,4,4,0,0,4,0.0,0.0,0.0,0.0,0.0,1.0,-1
"F[2,2](HbA1cImputeDtMnC >= 17.831 -> HeightCm <= 169.944)
",-169.944,-169.944,0.000,0.000,1.000,0,0,0,4,4,0,0,4,0.0,0.0,0.0,0.0,0.0,1.0,-1
"F[1,2](((HbA1c <= 8.646 & WeightKg <= 82.057) | Pt_GrandparentT1D >= 51.090) & Pt_A1cGoalLev >= 48.279)
",-9999999.000,-9999999.000,0.000,0.000,1.000,0,0,0,4,4,0,0,4,0.0,0.0,0.0,0.0,0.0,1.0,-1
"F[1,2]((HeightCm <= 171.107 | UnitsInsBasalOrLongAct <= 28.306) | Pt_SiblingT1D >= 5.646)
",-9999999.000,-9999999.000,0.000,0.000,1.000,0,0,0,4,4,0,0,4,0.0,0.0,0.0,0.0,0.0,1.0,-1
"F[1,2](diabDur >= 3.188 & TotalDailyInsPerKg <= 1.249)
",-9999999.000,-9999999.000,0.000,0.000,1.000,0,0,0,4,4,0,0,4,0.0,0.0,0.0,0.0,0.0,1.0,-1
"F[0,2](((bmi >= 21.290 -> bmiPerc >= 0.629) -> Pt_SiblingT1D <= 0.908) & NumPumpBolusOrShortAct >= 0.629)
",-9999999.000,-9999999.000,0.000,0.000,1.000,0,0,0,4,4,0,0,4,0.0,0.0,0.0,0.0,0.0,1.0,-1
"((bmiZscore <= 1.354) U[1,2] (HeightCm <= 170.541))
",-9999999.000,-9999999.000,0.000,0.000,1.000,0,0,0,4,4,0,0,4,0.0,0.0,0.0,0.0,0.0,1.0,-1
"F[0,0](HbA1c >= 7.351 -> Pt_A1cGoalLevelDsYr5 = 0.000)
",0.000,0.000,0.000,0.000,1.000,0,0,0,4,4,0,0,4,0.0,0.0,0.0,0.0,0.0,1.0,-1
"F[2,2](HbA1c >= 7.199 -> Pt_A1cGoalLevelDsYr5 = 0.000)
",0.000,0.000,0.000,0.000,1.000,0,0,0,4,4,0,0,4,0.0,0.0,0.0,0.0,0.0,1.0,-1
"F[1,2](BldPrSys >= 108.619 | LDL >= 38.312)
",-9999999.000,-9999999.000,0.000,0.000,1.000,0,0,0,4,4,0,0,4,0.0,0.0,0.0,0.0,0.0,1.0,-1
"F[1,2](HbA1c >= 7.879 -> Pt_A1cGoalLevelDsYr5 = 0.000)
",-9999999.000,-9999999.000,0.000,0.000,1.000,0,0,0,4,4,0,0,4,0.0,0.0,0.0,0.0,0.0,1.0,-1
"F[1,2]((NumPumpBolusOrShortAct <= 6.762 | UnitsInsBasalOrLongAct >= 6.358) -> UnitsInsBasalOrLongAct <= 23.636)
",-9999999.000,-9999999.000,0.000,0.000,1.000,0,0,0,4,4,0,0,4,0.0,0.0,0.0,0.0,0.0,1.0,-1
"F[0,1](bmiZscore >= 0.623 | NumPumpBolusOrShortAct >= 0.528)
",-9999999.000,-9999999.000,0.000,0.000,1.000,0,0,0,4,4,0,0,4,0.0,0.0,0.0,0.0,0.0,1.0,-1
"F[2,2](HbA1c <= 8.262 | Pt_A1cGoalLev >= 0.083)
",8.262,8.262,0.000,0.000,1.000,0,0,0,4,4,0,0,4,0.0,0.0,0.0,0.0,0.0,1.0,-1
"F[0,2](age >= 12.065 | Pt_CGMUseNumDays >= 1.951)
",-9999999.000,-9999999.000,0.000,0.000,1.000,0,0,0,4,4,0,0,4,0.0,0.0,0.0,0.0,0.0,1.0,-1
"F[0,1](((TotalDailyInsPerKg >= 0.910 | Triglyc >= 8.489) & bmiPerc >= 53.570) -> Pt_SiblingT1D >= 30.051)
",-9999999.000,-9999999.000,0.000,0.000,1.000,0,0,0,4,4,0,0,4,0.0,0.0,0.0,0.0,0.0,1.0,-1
"F[2,2]((bmiPerc >= 0.667 | HbA1c <= 8.144) | HbA1c >= 7.820)
",8.144,8.144,0.000,0.000,1.000,0,0,0,4,4,0,0,4,0.0,0.0,0.0,0.0,0.0,1.0,-1
"F[0,1](age <= 14.976 | HbA1c >= 7.278)
",-9999999.000,-9999999.000,0.000,0.000,1.000,0,0,0,4,4,0,0,4,0.0,0.0,0.0,0.0,0.0,1.0,-1
"F[0,2](diagAgeCombo < 7.000 -> Pt_SHFlg = 0.000)
",-9999999.000,-9999999.000,0.000,0.000,1.000,0,0,0,4,4,0,0,4,0.0,0.0,0.0,0.0,0.0,1.0,-1
"((BGTestAvgNumPtRep >= 0.537) U[0,2] (Pt_SHFlg = 0.000))
",-9999999.000,-9999999.000,0.000,0.000,1.000,0,0,0,4,4,0,0,4,0.0,0.0,0.0,0.0,0.0,1.0,-1
"F[0,1](Pt_SHFlg < 0.000 -> Pt_SHFlg = 0.000)
",-9999999.000,-9999999.000,0.000,0.000,1.000,0,0,0,4,4,0,0,4,0.0,0.0,0.0,0.0,0.0,1.0,-1
"F[1,2](GFR < 0.000 -> Pt_SHFlg = 0.000)
",-9999999.000,-9999999.000,0.000,0.000,1.000,0,0,0,4,4,0,0,4,0.0,0.0,0.0,0.0,0.0,1.0,-1
"F[0,2](HDL < 57.229 -> Pt_SHFlg = 0.000)
",-9999999.000,-9999999.000,0.000,0.000,1.000,0,0,0,4,4,0,0,4,0.0,0.0,0.0,0.0,0.0,1.0,-1
"((age >= 11.542) U[0,1] (Pt_SHFlg = 0.000))
",-9999999.000,-9999999.000,0.000,0.000,1.000,0,0,0,4,4,0,0,4,0.0,0.0,0.0,0.0,0.0,1.0,-1
"((NumPumpBolusOrShortAct > 1.072) U[0,2] (Pt_SHFlg = 0.000))
",-9999999.000,-9999999.000,0.000,0.000,1.000,0,0,0,4,4,0,0,4,0.0,0.0,0.0,0.0,0.0,1.0,-1
"F[1,2](UnitsInsBasalOrLongAct < 32.595 -> Pt_SHFlg = 0.000)
",-9999999.000,-9999999.000,0.000,0.000,1.000,0,0,0,4,4,0,0,4,0.0,0.0,0.0,0.0,0.0,1.0,-1
"F[0,2](BUN > 1.960 & Pt_SHFlg = 0.000)
",-9999999.000,-9999999.000,0.000,0.000,1.000,0,0,0,4,4,0,0,4,0.0,0.0,0.0,0.0,0.0,1.0,-1
"((Pt_CGMUseNumDays < 15.641) U[0,1] (Pt_SHFlg = 0.000))
",-9999999.000,-9999999.000,0.000,0.000,1.000,0,0,0,4,4,0,0,4,0.0,0.0,0.0,0.0,0.0,1.0,-1
"F[0,0](Pt_ChildT1D < 0.000 -> Pt_SHFlg = 0.000)
",0.000,0.000,0.000,0.000,1.000,0,0,0,4,4,0,0,4,0.0,0.0,0.0,0.0,0.0,1.0,-1
"((SMBGperDayPtMeterCombo <= 5.749) U[0,1] (Pt_SHFlg = 0.000))
",-9999999.000,-9999999.000,0.000,0.000,1.000,0,0,0,4,4,0,0,4,0.0,0.0,0.0,0.0,0.0,1.0,-1
"F[2,2](HbA1c > 7.572 & Pt_SHFlg = 0.000)
",-7.572,-7.572,0.000,0.000,1.000,0,0,0,4,4,0,0,4,0.0,0.0,0.0,0.0,0.0,1.0,-1
"((GFR >= 0.000) U[1,2] (Pt_SHFlg = 0.000))
",-9999999.000,-9999999.000,0.000,0.000,1.000,0,0,0,4,4,0,0,4,0.0,0.0,0.0,0.0,0.0,1.0,-1
"((HeightCm < 170.369) U[0,2] (Pt_SHFlg = 0.000))
",-9999999.000,-9999999.000,0.000,0.000,1.000,0,0,0,4,4,0,0,4,0.0,0.0,0.0,0.0,0.0,1.0,-1
"((Pt_SiblingT1D < 0.000) U[0,2] (Pt_SHFlg = 0.000))
",-9999999.000,-9999999.000,0.000,0.000,1.000,0,0,0,4,4,0,0,4,0.0,0.0,0.0,0.0,0.0,1.0,-1
"F[0,1](diabDur < 8.801 -> Pt_SHFlg = 0.000)
",-9999999.000,-9999999.000,0.000,0.000,1.000,0,0,0,4,4,0,0,4,0.0,0.0,0.0,0.0,0.0,1.0,-1
"((BGTestAvgNumMeter >= 0.000) U[2,2] (BGTestAvgNumPtRep <= 7.623))
",7.623,7.623,0.000,0.000,1.000,0,0,0,4,4,0,0,4,0.0,0.0,0.0,0.0,0.0,1.0,-1
"F[1,2](HbA1c >= 7.949 -> Pt_A1cGoalLevelDsYr5 = 0.000)
",-9999999.000,-9999999.000,0.000,0.000,1.000,0,0,0,4,4,0,0,4,0.0,0.0,0.0,0.0,0.0,1.0,-1
"((BGTestAvgNumMeter >= 0.000) U[0,2] (BGTestAvgNumPtRep <= 6.856))
",-9999999.000,-9999999.000,0.000,0.000,1.000,0,0,0,4,4,0,0,4,0.0,0.0,0.0,0.0,0.0,1.0,-1
"F[1,1](HbA1c >= 8.018 -> Pt_A1cGoalLevelDsYr5 = 0.000)
",0.000,0.000,0.000,0.000,1.000,0,0,0,4,4,0,0,4,0.0,0.0,0.0,0.0,0.0,1.0,-1
"((BGTestAvgNumMeter >= 0.000) U[0,2] (BGTestAvgNumPtRep <= 4.563))
",-9999999.000,-9999999.000,0.000,0.000,1.000,0,0,0,4,4,0,0,4,0.0,0.0,0.0,0.0,0.0,1.0,-1
"F[0,1](((Pt_SHFlg >= 0.000 & NumPumpBolusOrShortAct <= 4.164) -> Pt_A1cGoalLev >= 0.433) | bmiPerc <= 4.223)
",-9999999.000,-9999999.000,0.000,0.000,1.000,0,0,0,4,4,0,0,4,0.0,0.0,0.0,0.0,0.0,1.0,-1
"F[2,2](HbA1cImputeDtMnC <= 48.701 -> LDL >= 24.021)
",-48.701,-48.701,0.000,0.000,1.000,0,0,0,4,4,0,0,4,0.0,0.0,0.0,0.0,0.0,1.0,-1
"F[0,1](bmiPerc >= 0.747 | HbA1cImputeDtMnC <= 70.902)
",-9999999.000,-9999999.000,0.000,0.000,1.000,0,0,0,4,4,0,0,4,0.0,0.0,0.0,0.0,0.0,1.0,-1
"G[1,2](SMBGperDayPtMeterCombo >= 2.855 & BGTestAvgNumPtRep >= 0.257)
",9999999.000,9999999.000,0.000,1.000,0.000,0,0,3,1,1,3,3,1,0.0,0.0,1.0,0.0,0.0,1.0,1
"G[1,2](GFR <= 0.000 -> BUN >= 0.112)
",9999999.000,9999999.000,0.000,1.000,0.000,0,0,0,4,4,0,0,4,0.0,0.0,0.0,0.0,0.0,1.0,1
"G[1,2](SMBGperDayPtMeterCombo >= 1.812 & BGTestAvgNumPtRep >= 1.952)
",9999999.000,9999999.000,0.000,1.000,0.000,0,0,3,1,1,3,3,1,0.0,0.0,1.0,0.0,0.0,1.0,1
"G[1,1](GFR <= 0.000 -> BUN >= 1.192)
",0.000,0.000,0.000,1.000,0.000,0,0,0,4,4,0,0,4,0.0,0.0,0.0,0.0,0.0,1.0,1
"G[0,2](SMBGperDayPtMeterCombo >= 4.258 & BGTestAvgNumPtRep >= 1.074)
",9999999.000,9999999.000,0.000,1.000,0.000,0,0,2,2,2,2,2,2,0.0,0.0,1.0,0.0,0.0,1.0,1
"G[0,2](GFR <= 0.000 -> BUN >= 1.850)
",9999999.000,9999999.000,0.000,1.000,0.000,0,0,0,4,4,0,0,4,0.0,0.0,0.0,0.0,0.0,1.0,1
"G[2,2](GFR <= 0.000 -> BUN >= 1.086)
",0.000,0.000,0.000,1.000,0.000,0,0,4,0,0,4,4,0,0.0,0.0,1.0,0.0,0.0,1.0,1
"G[0,2](SMBGperDayPtMeterCombo >= 3.756 & BGTestAvgNumPtRep >= 1.343)
",9999999.000,9999999.000,0.000,1.000,0.000,0,0,3,1,1,3,3,1,0.0,0.0,1.0,0.0,0.0,1.0,1
"G[1,2](GFR <= 0.000 -> BUN >= 1.648)
",9999999.000,9999999.000,0.000,1.000,0.000,0,0,0,4,4,0,0,4,0.0,0.0,0.0,0.0,0.0,1.0,1
"G[1,2](SMBGperDayPtMeterCombo >= 1.967 & BGTestAvgNumPtRep >= 3.133)
",9999999.000,9999999.000,0.000,1.000,0.000,0,0,3,1,1,3,3,1,0.0,0.0,1.0,0.0,0.0,1.0,1
"G[0,2](bmi > 20.309 -> Pt_SHFlg = 0.000)
",9999999.000,9999999.000,0.000,1.000,0.000,0,0,4,0,0,4,4,0,0.0,0.0,1.0,0.0,0.0,1.0,1
"G[0,2](BldPrDia >= 65.343 -> HbA1c <= 8.710)
",9999999.000,9999999.000,0.000,1.000,0.000,0,0,3,1,1,3,3,1,0.0,0.0,1.0,0.0,0.0,1.0,1
"G[1,2](BUN < 8.650 -> Pt_SHFlg = 0.000)
",9999999.000,9999999.000,0.000,1.000,0.000,0,0,4,0,0,4,4,0,0.0,0.0,1.0,0.0,0.0,1.0,1
"G[2,2](Pt_DKAFlg > 0.000 & Pt_SHFlg = 0.000)
",0.000,0.000,0.000,1.000,0.000,0,0,4,0,0,4,4,0,0.0,0.0,1.0,0.0,0.0,1.0,1
"G[0,2](((HbA1c <= 9.166 & Pt_CGMUseNumDays >= 3.009) -> AlbCreatRat_mggNew >= 0.783) & age <= 8.348)
",9999999.000,9999999.000,0.000,1.000,0.000,0,0,0,4,4,0,0,4,0.0,0.0,0.0,0.0,0.0,1.0,1
"G[2,2](bmiZscore >= 0.441 | BUN <= 16.420)
",16.420,16.420,0.000,1.000,0.000,0,0,4,0,0,4,4,0,0.0,0.0,1.0,0.0,0.0,1.0,1
"G[0,2](diabDur >= 3.626 -> UnitsInsBasalOrLongAct <= 26.299)
",9999999.000,9999999.000,0.000,1.000,0.000,0,0,1,3,3,1,1,3,0.0,0.0,1.0,0.0,0.0,1.0,1
"G[0,2](((bmiZscore >= 0.544 & HbA1c <= 8.514) & DirectLDL <= 8.872) & UnitsInsBasalOrLongAct >= 7.227)
",9999999.000,9999999.000,0.000,1.000,0.000,0,0,2,2,2,2,2,2,0.0,0.0,1.0,0.0,0.0,1.0,1
"G[2,2](((HbA1cImputeDtMnC <= 52.031 | UnitsInsBasalOrLongAct <= 31.346) & Pt_SiblingT1D <= 27.857) -> TSH <= 33.664)
",-33.664,-33.664,0.000,1.000,0.000,0,0,4,0,0,4,4,0,0.0,0.0,1.0,0.0,0.0,1.0,1
"G[1,2]((HbA1c <= 8.459 | HbA1cImputeDtMnC >= 28.259) & TSH <= 64.411)
",9999999.000,9999999.000,0.000,1.000,0.000,0,0,4,0,0,4,4,0,0.0,0.0,1.0,0.0,0.0,1.0,1
"G[1,2](((bmi >= 22.032 | HbA1c >= 8.050) | SMBGperDayPtMeterCombo >= 7.629) & Pt_A1cGoalLev <= 9.445)
",9999999.000,9999999.000,0.000,1.000,0.000,0,0,4,0,0,4,4,0,0.0,0.0,1.0,0.0,0.0,1.0,1
"G[0,0]((bmiZscore <= 1.331 -> TotalDailyInsPerKg <= 1.094) & Pt_GrandchildT1D >= 0.794)
",-0.794,-0.794,0.000,1.000,0.000,0,0,0,4,4,0,0,4,0.0,0.0,0.0,0.0,0.0,1.0,1
"G[0,2](((bmiPerc <= 0.936 -> UnitsInsBasalOrLongAct <= 26.307) | Pt_DKAFlg >= 22.203) | diagAgeCombo >= 10.476)
",9999999.000,9999999.000,0.000,1.000,0.000,0,0,1,3,3,1,1,3,0.0,0.0,1.0,0.0,0.0,1.0,1
"G[1,2](((bmiZscore <= 1.499 | UnitsInsBasalOrLongAct <= 26.127) -> Pt_GrandchildT1D >= 10.738) & Pt_InsGov >= 0.018)
",9999999.000,9999999.000,0.000,1.000,0.000,0,0,0,4,4,0,0,4,0.0,0.0,0.0,0.0,0.0,1.0,1
"G[2,2]((WeightKg >= 62.898 | bmi >= 23.993) -> UnitsInsBasalOrLongAct <= 30.463)
",-30.463,-30.463,0.000,1.000,0.000,0,0,4,0,0,4,4,0,0.0,0.0,1.0,0.0,0.0,1.0,1
"G[1,1](GFR <= 0.000 -> BUN >= 1.319)
",0.000,0.000,0.000,1.000,0.000,0,0,0,4,4,0,0,4,0.0,0.0,0.0,0.0,0.0,1.0,1
"G[2,2]((bmiZscore <= 1.483 | HbA1cImputeDtMnC <= 52.844) & SMBGperDayPtMeterCombo <= 66.854)
",52.844,52.844,0.000,1.000,0.000,0,0,4,0,0,4,4,0,0.0,0.0,1.0,0.0,0.0,1.0,1
"G[1,2]((WeightKg >= 56.257 | bmi >= 20.883) -> UnitsInsBasalOrLongAct <= 28.061)
",9999999.000,9999999.000,0.000,1.000,0.000,0,0,2,2,2,2,2,2,0.0,0.0,1.0,0.0,0.0,1.0,1
"G[1,2](((bmiZscore <= 1.385 -> HDL >= 14.720) & HeightCm >= 19.719) | Pt_FatherT1D <= 32.445)
",9999999.000,9999999.000,0.000,1.000,0.000,0,0,4,0,0,4,4,0,0.0,0.0,1.0,0.0,0.0,1.0,1
"G[2,2](BldPrDia >= 61.842 -> HDL <= 64.252)
",-64.252,-64.252,0.000,1.000,0.000,0,0,4,0,0,4,4,0,0.0,0.0,1.0,0.0,0.0,1.0,1
"G[1,2](((BUN <= 16.295 | TSH >= 0.125) -> Pt_FatherT1D <= 0.576) -> Pt_InsGov >= 0.318)
",9999999.000,9999999.000,0.000,1.000,0.000,0,0,0,4,4,0,0,4,0.0,0.0,0.0,0.0,0.0,1.0,1
"G[0,2]((age >= 13.718 | TotChol <= 113.563) & Pt_CGMUseNumDays <= 192.288)
",9999999.000,9999999.000,0.000,1.000,0.000,0,0,4,0,0,4,4,0,0.0,0.0,1.0,0.0,0.0,1.0,1
"G[0,2]((bmiPerc >= 0.617 & Pt_A1cGoalLev <= 2.545) | SMBGperDayPtMeterCombo >= 0.477)
",9999999.000,9999999.000,0.000,1.000,0.000,0,0,4,0,0,4,4,0,0.0,0.0,1.0,0.0,0.0,1.0,1
"G[1,2]((diabDur >= 3.309 & HDL <= 62.059) -> BldPrSys >= 20.696)
",9999999.000,9999999.000,0.000,1.000,0.000,0,0,4,0,0,4,4,0,0.0,0.0,1.0,0.0,0.0,1.0,1
"G[1,2](GFR <= 0.000 -> BUN >= 0.200)
",9999999.000,9999999.000,0.000,1.000,0.000,0,0,0,4,4,0,0,4,0.0,0.0,0.0,0.0,0.0,1.0,1
"G[0,0]((HbA1c >= 7.647 | HDL >= 28.858) & Pt_FatherT1D >= 20.989)
",-2.695,-17.286,0.000,1.000,0.000,0,0,0,4,4,0,0,4,0.0,0.0,0.0,0.0,0.0,1.0,1
"G[1,2]((AlbCreatRat_mggNew >= 2.130 -> BUN >= 0.213) -> AlbCreatRat_mggNew <= 12.981)
",9999999.000,9999999.000,0.000,1.000,0.000,0,0,4,0,0,4,4,0,0.0,0.0,1.0,0.0,0.0,1.0,1
"G[1,2](((bmiZscore <= 1.475 -> Pt_CGMUseNumDays >= 1.286) & WeightKg <= 18.190) -> bmiPerc >= 1.395)
",9999999.000,9999999.000,0.000,1.000,0.000,0,0,4,0,0,4,4,0,0.0,0.0,1.0,0.0,0.0,1.0,1
"G[0,0](((Pt_CGMUseNumDays <= 23.669 & TotChol >= 49.096) | BGTestAvgNumPtRep >= 40.631) & Pt_A1cGoalLevelDsYr5 >= 16.413)
",-40.631,-40.631,0.000,1.000,0.000,0,0,0,4,4,0,0,4,0.0,0.0,0.0,0.0,0.0,1.0,1
"G[1,2]((BGTestAvgNumPtRep >= 3.066 | Triglyc >= 37.503) -> Pt_FatherT1D <= 64.226)
",9999999.000,9999999.000,0.000,1.000,0.000,0,0,4,0,0,4,4,0,0.0,0.0,1.0,0.0,0.0,1.0,1
"G[0,2]((LDL >= 3.854 & WeightKg <= 73.149) -> AutonomicNeuroCl <= 74.668)
",9999999.000,9999999.000,0.000,1.000,0.000,0,0,4,0,0,4,4,0,0.0,0.0,1.0,0.0,0.0,1.0,1
"G[1,2]((HbA1c <= 8.513 | HeightCm >= 168.463) -> TotalDailyInsPerKg <= 169.704)
",9999999.000,9999999.000,0.000,1.000,0.000,0,0,4,0,0,4,4,0,0.0,0.0,1.0,0.0,0.0,1.0,1
"G[1,2](HDL >= 26.511 -> TotChol >= 14.053)
",9999999.000,9999999.000,0.000,1.000,0.000,0,0,4,0,0,4,4,0,0.0,0.0,1.0,0.0,0.0,1.0,1
"G[0,2](WeightKg >= 65.202 & Pt_SHFlg = 0.000)
",9999999.000,9999999.000,0.000,1.000,0.000,0,0,2,2,2,2,2,2,0.0,0.0,1.0,0.0,0.0,1.0,1
"G[1,2](Pt_ChildT1D >= 0.000 & Pt_SHFlg = 0.000)
",9999999.000,9999999.000,0.000,1.000,0.000,0,0,4,0,0,4,4,0,0.0,0.0,1.0,0.0,0.0,1.0,1
"G[0,2]((WeightKg >= 48.811 | bmi >= 20.424) -> UnitsInsBasalOrLongAct <= 28.785)
",9999999.000,9999999.000,0.000,1.000,0.000,0,0,1,3,3,1,1,3,0.0,0.0,1.0,0.0,0.0,1.0,1
"G[1,2](GFR <= 0.000 -> BUN >= 1.850)
",9999999.000,9999999.000,0.000,1.000,0.000,0,0,0,4,4,0,0,4,0.0,0.0,0.0,0.0,0.0,1.0,1
"G[1,2](GFR <= 0.000 -> BUN >= 0.960)
",9999999.000,9999999.000,0.000,1.000,0.000,0,0,0,4,4,0,0,4,0.0,0.0,0.0,0.0,0.0,1.0,1
"G[0,2](SMBGperDayPtMeterCombo >= 1.499 & BGTestAvgNumPtRep >= 2.229)
",9999999.000,9999999.000,0.000,1.000,0.000,0,0,3,1,1,3,3,1,0.0,0.0,1.0,0.0,0.0,1.0,1
"G[2,2](GFR <= 0.000 -> BUN >= 1.108)
",0.000,0.000,0.000,1.000,0.000,0,0,4,0,0,4,4,0,0.0,0.0,1.0,0.0,0.0,1.0,1
"G[1,2](SMBGperDayPtMeterCombo >= 0.600 & BGTestAvgNumPtRep >= 3.539)
",9999999.000,9999999.000,0.000,1.000,0.000,0,0,3,1,1,3,3,1,0.0,0.0,1.0,0.0,0.0,1.0,1
"G[2,2]((bmiPerc <= 0.849 -> HbA1cImputeDtMnC <= 43.365) -> Pt_FatherT1D >= 30.490)
",30.490,30.490,0.000,1.000,0.000,0,0,4,0,0,4,4,0,0.0,0.0,1.0,0.0,0.0,1.0,1
"G[0,2]((AlbCreatRat_mggNew >= 1.715 | BldPrSys <= 119.649) & HbA1cImputeDtMnC <= 114.341)
",9999999.000,9999999.000,0.000,1.000,0.000,0,0,3,1,1,3,3,1,0.0,0.0,1.0,0.0,0.0,1.0,1
"F[0,2](BGTestAvgNumMeter <= 0.000 & BldPrSys >= 106.954)
",-9999999.000,-9999999.000,0.000,0.000,1.000,0,0,0,4,4,0,0,4,0.0,0.0,0.0,0.0,0.0,1.0,-1
"G[2,2]((Pt_A1cGoalLevelDsYr5 <= 0.000 | SMBGperDayPtMeterCombo >= 3.782) -> Pt_FatherT1D >= 2.231)
",0.000,0.000,0.000,1.000,0.000,0,0,4,0,0,4,4,0,0.0,0.0,1.0,0.0,0.0,1.0,1
"G[1,2](((GFR >= 0.000 & Pt_CGMUseNumDays <= 10.132) -> Pt_MotherT1D <= 19.159) | BGTestAvgNumMeter <= 4.248)
",9999999.000,9999999.000,0.000,1.000,0.000,0,0,4,0,0,4,4,0,0.0,0.0,1.0,0.0,0.0,1.0,1
"G[0,2](((Pt_CGMUseNumDays <= 4.242 & SMBGperDayPtMeterCombo >= 3.642) -> TotalDailyInsPerKg <= 6.235) | BldPrSys <= 6.578)
",9999999.000,9999999.000,0.000,1.000,0.000,0,0,4,0,0,4,4,0,0.0,0.0,1.0,0.0,0.0,1.0,1
"G[1,2](((bmiPerc >= 0.745 -> GFR >= 0.000) & bmiPerc <= 0.000) | bmiZscore <= 0.000)
",9999999.000,9999999.000,0.000,1.000,0.000,0,0,0,4,4,0,0,4,0.0,0.0,0.0,0.0,0.0,1.0,1
"G[1,2]((Pt_SHFlg >= 0.000 | DirectLDL >= 0.000) -> Pt_SHFlg >= 0.000)
",9999999.000,9999999.000,0.000,1.000,0.000,0,0,4,0,0,4,4,0,0.0,0.0,1.0,0.0,0.0,1.0,1
"G[0,2](Pt_FatherT1D >= 0.000 | Pt_SHFlg >= 0.000)
",9999999.000,9999999.000,0.000,1.000,0.000,0,0,4,0,0,4,4,0,0.0,0.0,1.0,0.0,0.0,1.0,1
"G[0,2](((BGTestAvgNumPtRep >= 1.584 | Triglyc >= 55.906) -> UnitsInsBasalOrLongAct <= 185.838) | Pt_FatherT1D >= 6.067)
",9999999.000,9999999.000,0.000,1.000,0.000,0,0,4,0,0,4,4,0,0.0,0.0,1.0,0.0,0.0,1.0,1
"G[0,2](((TotChol <= 87.979 & bmiPerc <= 0.847) | LDL >= 0.686) -> Pt_GrandparentT1D >= 0.674)
",9999999.000,9999999.000,0.000,1.000,0.000,0,0,1,3,3,1,1,3,0.0,0.0,1.0,0.0,0.0,1.0,1
"G[1,2](age <= 14.333 | AutonomicNeuroCl >= 0.000)
",9999999.000,9999999.000,0.000,1.000,0.000,0,0,4,0,0,4,4,0,0.0,0.0,1.0,0.0,0.0,1.0,1
"G[0,1]((BldPrDia <= 68.478 | diagAgeCombo <= 7.000) -> TSH >= 7.000)
",9999999.000,9999999.000,0.000,1.000,0.000,0,0,0,4,4,0,0,4,0.0,0.0,0.0,0.0,0.0,1.0,1
"G[0,2](((diagAgeCombo >= 7.000 | age <= 15.623) -> DirectLDL >= 13.612) & TotChol >= 11.826)
",9999999.000,9999999.000,0.000,1.000,0.000,0,0,0,4,4,0,0,4,0.0,0.0,0.0,0.0,0.0,1.0,1
"G[0,2](((Pt_GrandparentT1D <= 0.000 | diagAgeCombo <= 7.000) -> BUN >= 7.000) -> Pt_SHFlg <= 7.000)
",9999999.000,9999999.000,0.000,1.000,0.000,0,0,4,0,0,4,4,0,0.0,0.0,1.0,0.0,0.0,1.0,1
"G[0,2]((SMBGperDayPtMeterCombo <= 8.966 | diabDur <= 7.497) & Pt_CGMUseNumDays <= 8.477)
",9999999.000,9999999.000,0.000,1.000,0.000,0,0,3,1,1,3,3,1,0.0,0.0,1.0,0.0,0.0,1.0,1
"G[1,2](((Pt_FatherT1D <= 0.000 -> HeightCm >= 161.009) -> TSH <= 171.290) & HeightCm >= 168.614)
",9999999.000,9999999.000,0.000,1.000,0.000,0,0,3,1,1,3,3,1,0.0,0.0,1.0,0.0,0.0,1.0,1
"G[1,2]((BGTestAvgNumPtRep <= 4.585 & BldPrDia <= 71.407) | Pt_A1cGoalLev <= 71.131)
",9999999.000,9999999.000,0.000,1.000,0.000,0,0,4,0,0,4,4,0,0.0,0.0,1.0,0.0,0.0,1.0,1
"G[2,2](((TSH <= 1.096 -> diabDur <= 9.820) | bmiPerc <= 9.300) | age <= 9.536)
",9.536,9.536,0.000,1.000,0.000,0,0,4,0,0,4,4,0,0.0,0.0,1.0,0.0,0.0,1.0,1
"G[0,2](Pt_ChildT1D <= 0.000 & bmiPerc <= 0.936)
",9999999.000,9999999.000,0.000,1.000,0.000,0,0,3,1,1,3,3,1,0.0,0.0,1.0,0.0,0.0,1.0,1
"G[2,2](((bmiZscore >= 1.016 -> bmiZscore >= 0.898) | Pt_GrandparentT1D >= 0.699) & Pt_CGMUseNumDays >= 0.518)
",-0.518,-0.518,0.000,1.000,0.000,0,0,4,0,0,4,4,0,0.0,0.0,1.0,0.0,0.0,1.0,1
"G[0,2]((SMBGperDayPtMeterCombo <= 5.319 & Pt_A1cGoalLevelDsYr5 >= 0.000) & Pt_ChildT1D <= 0.000)
",9999999.000,9999999.000,0.000,1.000,0.000,0,0,3,1,1,3,3,1,0.0,0.0,1.0,0.0,0.0,1.0,1
"G[0,2]((GFR <= 0.000 & UnitsInsBasalOrLongAct <= 29.916) | AlbCreatRat_mggNew >= 8.188)
",9999999.000,9999999.000,0.000,1.000,0.000,0,0,2,2,2,2,2,2,0.0,0.0,1.0,0.0,0.0,1.0,1
"G[0,2](((TSH <= 2.734 | UnitsInsBasalOrLongAct <= 23.905) | UnitsInsBasalOrLongAct <= 33.589) & Triglyc <= 28.354)
",9999999.000,9999999.000,0.000,1.000,0.000,0,0,1,3,3,1,1,3,0.0,0.0,1.0,0.0,0.0,1.0,1
"G[0,2]((HeightCm <= 169.267 | AlbCreatRat_mggNew >= 1.023) -> BldPrDia <= 4.418)
",9999999.000,9999999.000,0.000,1.000,0.000,0,0,2,2,2,2,2,2,0.0,0.0,1.0,0.0,0.0,1.0,1
"G[2,2](DirectLDL >= 0.000 -> HDL >= 24.952)
",0.000,0.000,0.000,1.000,0.000,0,0,4,0,0,4,4,0,0.0,0.0,1.0,0.0,0.0,1.0,1
"G[0,1]((Pt_SiblingT1D >= 0.000 & diagAgeCombo >= 7.000) -> bmi <= 7.000)
",9999999.000,9999999.000,0.000,1.000,0.000,0,0,0,4,4,0,0,4,0.0,0.0,0.0,0.0,0.0,1.0,1
"G[2,2]((BldPrSys <= 110.676 | bmiPerc <= 0.895) | BldPrSys >= 0.792)
",110.676,110.676,0.000,1.000,0.000,0,0,4,0,0,4,4,0,0.0,0.0,1.0,0.0,0.0,1.0,1
"G[1,2](((TotalDailyInsPerKg >= 0.946 | Pt_InsGov >= 0.000) | GFR >= 0.000) | HbA1c >= 0.000)
",9999999.000,9999999.000,0.000,1.000,0.000,0,0,4,0,0,4,4,0,0.0,0.0,1.0,0.0,0.0,1.0,1
"G[1,2](bmi >= 20.586 -> diabDur >= 5.357)
",9999999.000,9999999.000,0.000,1.000,0.000,0,0,4,0,0,4,4,0,0.0,0.0,1.0,0.0,0.0,1.0,1
"G[0,2](TotalDailyInsPerKg >= 0.834 | Pt_A1cGoalLev >= 0.803)
",9999999.000,9999999.000,0.000,1.000,0.000,0,0,3,1,1,3,3,1,0.0,0.0,1.0,0.0,0.0,1.0,1
"G[1,2](bmiPerc >= 0.833 & HeightCm >= 165.945)
",9999999.000,9999999.000,0.000,1.000,0.000,0,0,3,1,1,3,3,1,0.0,0.0,1.0,0.0,0.0,1.0,1
"G[0,2](age >= 11.958 -> bmi <= 26.694)
",9999999.000,9999999.000,0.000,1.000,0.000,0,0,2,2,2,2,2,2,0.0,0.0,1.0,0.0,0.0,1.0,1
"G[1,2](((bmiPerc >= 0.595 | bmiZscore >= 0.518) & HbA1cImputeDtMnC <= 1.469) | SMBGperDayPtMeterCombo >= 0.935)
",9999999.000,9999999.000,0.000,1.000,0.000,0,0,3,1,1,3,3,1,0.0,0.0,1.0,0.0,0.0,1.0,1
"G[0,1]((diabDur <= 9.056 | HbA1cImputeDtMnC <= 60.304) -> BGTestAvgNumMeter >= 26.846)
",9999999.000,9999999.000,0.000,1.000,0.000,0,0,0,4,4,0,0,4,0.0,0.0,0.0,0.0,0.0,1.0,1
"G[1,2](HbA1c > 7.370 & Pt_SHFlg = 0.000)
",9999999.000,9999999.000,0.000,1.000,0.000,0,0,4,0,0,4,4,0,0.0,0.0,1.0,0.0,0.0,1.0,1
"G[0,2](AutonomicNeuroCl > 0.000 & Pt_SHFlg = 0.000)
",9999999.000,9999999.000,0.000,1.000,0.000,0,0,0,4,4,0,0,4,0.0,0.0,0.0,0.0,0.0,1.0,1
"G[1,2](Pt_SiblingT1D < 0.000 & Pt_SHFlg = 0.000)
",9999999.000,9999999.000,0.000,1.000,0.000,0,0,0,4,4,0,0,4,0.0,0.0,0.0,0.0,0.0,1.0,1
"G[0,1](DirectLDL < 0.000 & Pt_SHFlg = 0.000)
",9999999.000,9999999.000,0.000,1.000,0.000,0,0,0,4,4,0,0,4,0.0,0.0,0.0,0.0,0.0,1.0,1
"G[1,2](((BldPrDia <= 72.695 -> Triglyc <= 144.843) & GFR <= 169.101) & GFR <= 106.329)
",9999999.000,9999999.000,0.000,1.000,0.000,0,0,3,1,1,3,3,1,0.0,0.0,1.0,0.0,0.0,1.0,1
"G[1,2](SMBGperDayPtMeterCombo >= 1.732 & BGTestAvgNumPtRep >= 0.080)
",9999999.000,9999999.000,0.000,1.000,0.000,0,0,3,1,1,3,3,1,0.0,0.0,1.0,0.0,0.0,1.0,1
"G[0,2](((bmiZscore >= 1.087 | Pt_SHFlg <= 0.000) -> BldPrDia >= 0.000) & HeightCm <= 0.000)
",9999999.000,9999999.000,0.000,1.000,0.000,0,0,0,4,4,0,0,4,0.0,0.0,0.0,0.0,0.0,1.0,1
"G[0,2]((Pt_DKAFlg <= 0.000 | WeightKg >= 55.783) | LDL <= 72.471)
",9999999.000,9999999.000,0.000,1.000,0.000,0,0,4,0,0,4,4,0,0.0,0.0,1.0,0.0,0.0,1.0,1
"G[1,2](((UnitsInsBasalOrLongAct <= 33.511 -> BUN <= 10.823) | Pt_MotherT1D >= 1.123) | age >= 1.209)
",9999999.000,9999999.000,0.000,1.000,0.000,0,0,4,0,0,4,4,0,0.0,0.0,1.0,0.0,0.0,1.0,1
"G[0,2](BUN >= 1.321 & LDL >= 1.035)
",9999999.000,9999999.000,0.000,1.000,0.000,0,0,0,4,4,0,0,4,0.0,0.0,0.0,0.0,0.0,1.0,1
"G[2,2]((HDL >= 2.903 -> TotalDailyInsPerKg <= 0.978) -> UnitsInsBasalOrLongAct <= 1.117)
",-1.117,-1.117,0.000,1.000,0.000,0,0,4,0,0,4,4,0,0.0,0.0,1.0,0.0,0.0,1.0,1
"G[1,2]((Pt_A1cGoalLevelDsYr5 >= 0.000 & AlbCreatRat_mggNew >= 0.992) -> HDL <= 5.740)
",9999999.000,9999999.000,0.000,1.000,0.000,0,0,3,1,1,3,3,1,0.0,0.0,1.0,0.0,0.0,1.0,1
"G[0,2]((GFR <= 0.000 -> UnitsInsBasalOrLongAct <= 31.480) | Pt_SHFlg >= 9.150)
",9999999.000,9999999.000,0.000,1.000,0.000,0,0,2,2,2,2,2,2,0.0,0.0,1.0,0.0,0.0,1.0,1
"G[1,1](((Pt_GrandparentT1D <= 0.000 | BGTestAvgNumPtRep <= 5.507) & WeightKg >= 2.811) -> HeightCm <= 8.106)
",-8.106,-8.106,0.000,1.000,0.000,0,0,0,4,4,0,0,4,0.0,0.0,0.0,0.0,0.0,1.0,1
"G[0,2](((Pt_MotherT1D >= 0.000 -> Pt_DKAFlg <= 0.000) -> Pt_FatherT1D <= 0.000) & TotChol >= 0.000)
",9999999.000,9999999.000,0.000,1.000,0.000,0,0,4,0,0,4,4,0,0.0,0.0,1.0,0.0,0.0,1.0,1
"G[0,2](((GFR >= 0.000 | Pt_FatherT1D <= 0.000) -> Pt_A1cGoalLevelDsYr5 <= 0.000) -> UnitsInsBasalOrLongAct <= 0.000)
",9999999.000,9999999.000,0.000,1.000,0.000,0,0,1,3,3,1,1,3,0.0,0.0,1.0,0.0,0.0,1.0,1
"G[0,2](((AutonomicNeuroCl >= 0.000 -> Pt_SiblingT1D >= 0.000) & diabDur >= 0.000) & HeightCm <= 0.000)
",9999999.000,9999999.000,0.000,1.000,0.000,0,0,0,4,4,0,0,4,0.0,0.0,0.0,0.0,0.0,1.0,1
"G[1,2](Pt_CGMUseNumDays >= 0.789 & Pt_ChildT1D <= 0.000)
",9999999.000,9999999.000,0.000,1.000,0.000,0,0,0,4,4,0,0,4,0.0,0.0,0.0,0.0,0.0,1.0,1
"G[0,2]((WeightKg <= 76.739 & bmiZscore >= 0.725) -> Pt_MotherT1D >= 0.618)
",9999999.000,9999999.000,0.000,1.000,0.000,0,0,2,2,2,2,2,2,0.0,0.0,1.0,0.0,0.0,1.0,1
"G[0,2]((LDL <= 100.125 -> UnitsInsBasalOrLongAct <= 26.586) -> SMBGperDayPtMeterCombo <= 31.232)
",9999999.000,9999999.000,0.000,1.000,0.000,0,0,4,0,0,4,4,0,0.0,0.0,1.0,0.0,0.0,1.0,1
"G[2,2]((BldPrSys <= 120.385 -> TotChol <= 158.865) | Pt_ChildT1D >= 8.084)
",-8.084,-8.084,0.000,1.000,0.000,0,0,4,0,0,4,4,0,0.0,0.0,1.0,0.0,0.0,1.0,1
"G[1,2](((HDL >= 23.767 | WeightKg <= 76.950) | AutonomicNeuroCl >= 64.888) -> bmiPerc <= 78.293)
",9999999.000,9999999.000,0.000,1.000,0.000,0,0,4,0,0,4,4,0,0.0,0.0,1.0,0.0,0.0,1.0,1
"F[0,2]((Pt_A1cGoalLev <= 2.207 -> age <= 16.150) | HeightCm >= 12.406)
",-9999999.000,-9999999.000,0.000,0.000,1.000,0,0,0,4,4,0,0,4,0.0,0.0,0.0,0.0,0.0,1.0,-1
"F[0,2](Pt_GrandparentT1D <= 0.000 & SMBGperDayPtMeterCombo <= 4.811)
",-9999999.000,-9999999.000,0.000,0.000,1.000,0,0,0,4,4,0,0,4,0.0,0.0,0.0,0.0,0.0,1.0,-1
"F[1,2]((Pt_A1cGoalLevelDsYr5 <= 0.000 | bmiPerc >= 0.786) & bmiPerc <= 0.844)
",-9999999.000,-9999999.000,0.000,0.000,1.000,0,0,0,4,4,0,0,4,0.0,0.0,0.0,0.0,0.0,1.0,-1
"F[0,2](bmiPerc <= 0.872 | bmiPerc <= 0.845)
",-9999999.000,-9999999.000,0.000,0.000,1.000,0,0,0,4,4,0,0,4,0.0,0.0,0.0,0.0,0.0,1.0,-1
"F[0,2](((TotalDailyInsPerKg >= 0.943 -> SMBGperDayPtMeterCombo <= 8.490) -> LDL <= 8.959) -> HbA1c <= 6.504)
",-9999999.000,-9999999.000,0.000,0.000,1.000,0,0,0,4,4,0,0,4,0.0,0.0,0.0,0.0,0.0,1.0,-1
"F[1,2](Pt_InsGov <= 0.000 | Pt_MotherT1D >= 0.000)
",-9999999.000,-9999999.000,0.000,0.000,1.000,0,0,0,4,4,0,0,4,0.0,0.0,0.0,0.0,0.0,1.0,-1
"F[1,2]((HbA1cImputeDtMnC <= 62.833 -> AlbCreatRat_mggNew <= 7.360) | HDL <= 6.959)
",-9999999.000,-9999999.000,0.000,0.000,1.000,0,0,0,4,4,0,0,4,0.0,0.0,0.0,0.0,0.0,1.0,-1
"F[0,0](((AlbCreatRat_mggNew <= 7.173 & HbA1cImputeDtMnC <= 53.840) -> NumPumpBolusOrShortAct <= 40.089) & diagAgeCombo <= 58.012)
",-40.089,-40.089,0.000,0.000,1.000,0,0,0,4,4,0,0,4,0.0,0.0,0.0,0.0,0.0,1.0,-1
"F[1,2]((bmiPerc <= 0.888 | LDL <= 87.090) -> diabDur >= 3.542)
",-9999999.000,-9999999.000,0.000,0.000,1.000,0,0,0,4,4,0,0,4,0.0,0.0,0.0,0.0,0.0,1.0,-1
"((Pt_CGMUseNumDays <= 22.248) U[0,2] (bmi >= 23.898))
",-9999999.000,-9999999.000,0.000,0.000,1.000,0,0,0,4,4,0,0,4,0.0,0.0,0.0,0.0,0.0,1.0,-1
"F[2,2](((Pt_CGMUseNumDays >= 0.941 -> TSH >= 0.209) -> TSH >= 0.462) | Pt_SiblingT1D >= 0.489)
",-0.209,-0.209,0.000,0.000,1.000,0,0,0,4,4,0,0,4,0.0,0.0,0.0,0.0,0.0,1.0,-1
"F[1,2]((Triglyc <= 95.005 | UnitsInsBasalOrLongAct >= 6.722) | SMBGperDayPtMeterCombo <= 32.638)
",-9999999.000,-9999999.000,0.000,0.000,1.000,0,0,0,4,4,0,0,4,0.0,0.0,0.0,0.0,0.0,1.0,-1
"F[0,2](Pt_GrandchildT1D >= 0.000 & BldPrDia >= 62.130)
",-9999999.000,-9999999.000,0.000,0.000,1.000,0,0,0,4,4,0,0,4,0.0,0.0,0.0,0.0,0.0,1.0,-1
"F[1,1]((LDL >= 5.509 -> LDL >= 21.216) -> HbA1c <= 115.462)
",-115.462,-115.462,0.000,0.000,1.000,0,0,0,4,4,0,0,4,0.0,0.0,0.0,0.0,0.0,1.0,-1
"F[0,2](((SMBGperDayPtMeterCombo >= 3.801 & diagAgeCombo >= 7.000) | LDL <= 7.000) | HbA1c >= 7.000)
",-9999999.000,-9999999.000,0.000,0.000,1.000,0,0,0,4,4,0,0,4,0.0,0.0,0.0,0.0,0.0,1.0,-1
"((HDL >= 18.366) U[0,1] (diagAgeCombo <= 7.000))
",-9999999.000,-9999999.000,0.000,0.000,1.000,0,0,0,4,4,0,0,4,0.0,0.0,0.0,0.0,0.0,1.0,-1
"F[0,1]((LDL <= 104.323 -> NumPumpBolusOrShortAct <= 6.621) & Pt_DKAFlg <= 2.606)
",-9999999.000,-9999999.000,0.000,0.000,1.000,0,0,0,4,4,0,0,4,0.0,0.0,0.0,0.0,0.0,1.0,-1
"F[0,1](WeightKg >= 60.480 | SMBGperDayPtMeterCombo >= 1.338)
",-9999999.000,-9999999.000,0.000,0.000,1.000,0,0,0,4,4,0,0,4,0.0,0.0,0.0,0.0,0.0,1.0,-1
"F[1,2](((age <= 16.102 & BUN >= 1.986) & NumPumpBolusOrShortAct <= 6.721) & AlbCreatRat_mggNew <= 3.115)
",-9999999.000,-9999999.000,0.000,0.000,1.000,0,0,0,4,4,0,0,4,0.0,0.0,0.0,0.0,0.0,1.0,-1
"F[0,2](((diagAgeCombo <= 7.000 | LDL <= 74.172) -> Pt_A1cGoalLevelDsYr5 >= 40.654) | HbA1cImputeDtMnC <= 58.371)
",-9999999.000,-9999999.000,0.000,0.000,1.000,0,0,0,4,4,0,0,4,0.0,0.0,0.0,0.0,0.0,1.0,-1
"F[0,2](Pt_InsGov <= 0.000 -> BGTestAvgNumPtRep <= 8.252)
",-9999999.000,-9999999.000,0.000,0.000,1.000,0,0,0,4,4,0,0,4,0.0,0.0,0.0,0.0,0.0,1.0,-1
"F[1,1](((HbA1cImputeDtMnC >= 26.767 & NumPumpBolusOrShortAct >= 0.030) | HbA1c >= 1.201) -> Pt_FatherT1D <= 6.484)
",-6.484,-6.484,0.000,0.000,1.000,0,0,0,4,4,0,0,4,0.0,0.0,0.0,0.0,0.0,1.0,-1
"F[1,2](((NumPumpBolusOrShortAct <= 6.090 -> Triglyc <= 96.066) -> TotalDailyInsPerKg >= 8.971) | BldPrDia <= 103.515)
",-9999999.000,-9999999.000,0.000,0.000,1.000,0,0,0,4,4,0,0,4,0.0,0.0,0.0,0.0,0.0,1.0,-1
"G[1,1](((SMBGperDayPtMeterCombo >= 2.550 -> GFR <= 0.000) & bmiZscore <= 0.000) & TotalDailyInsPerKg <= 0.000)
",0.000,0.000,0.000,1.000,0.000,0,0,0,4,4,0,0,4,0.0,0.0,0.0,0.0,0.0,1.0,1
"((Pt_GrandchildT1D >= 0.000) U[0,0] (Pt_InsGov >= 0.000))
",0.000,0.000,0.000,0.000,1.000,0,0,0,4,4,0,0,4,0.0,0.0,0.0,0.0,0.0,1.0,-1
"F[1,1](DirectLDL <= 0.000 | BGTestAvgNumPtRep >= 3.504)
",0.000,0.000,0.000,0.000,1.000,0,0,0,4,4,0,0,4,0.0,0.0,0.0,0.0,0.0,1.0,-1
"G[1,2]((Triglyc <= 114.076 & TSH <= 0.841) & TotChol <= 1.447)
",9999999.000,9999999.000,0.000,1.000,0.000,0,0,2,2,2,2,2,2,0.0,0.0,1.0,0.0,0.0,1.0,1
"G[0,2](((TSH >= 0.237 | age >= 13.699) & Pt_InsGov >= 11.539) & Pt_SiblingT1D <= 15.096)
",9999999.000,9999999.000,0.000,1.000,0.000,0,0,0,4,4,0,0,4,0.0,0.0,0.0,0.0,0.0,1.0,1
"((Pt_MotherT1D >= 0.000) U[2,2] (DirectLDL <= 0.000))
",0.000,0.000,0.000,0.000,1.000,0,0,0,4,4,0,0,4,0.0,0.0,0.0,0.0,0.0,1.0,-1
"F[0,1](((HDL >= 0.839 -> Pt_SiblingT1D >= 0.000) -> bmi >= 0.000) | AutonomicNeuroCl <= 0.000)
",-9999999.000,-9999999.000,0.000,0.000,1.000,0,0,0,4,4,0,0,4,0.0,0.0,0.0,0.0,0.0,1.0,-1
"F[1,2]((Pt_ChildT1D >= 0.000 -> age <= 16.886) | Pt_A1cGoalLev <= 16.431)
",-9999999.000,-9999999.000,0.000,0.000,1.000,0,0,0,4,4,0,0,4,0.0,0.0,0.0,0.0,0.0,1.0,-1
"F[0,1](((Pt_CGMUseNumDays >= 2.105 & Pt_GrandchildT1D >= 0.000) -> HDL >= 0.000) | HDL <= 0.000)
",-9999999.000,-9999999.000,0.000,0.000,1.000,0,0,0,4,4,0,0,4,0.0,0.0,0.0,0.0,0.0,1.0,-1
"F[2,2]((Pt_CGMUseNumDays >= 2.538 -> diagAgeCombo <= 7.000) | LDL >= 7.000)
",-7.000,-7.000,0.000,0.000,1.000,0,0,0,4,4,0,0,4,0.0,0.0,0.0,0.0,0.0,1.0,-1
"F[1,2](HbA1c >= 7.907 -> Pt_A1cGoalLevelDsYr5 = 0.000)
",-9999999.000,-9999999.000,0.000,0.000,1.000,0,0,0,4,4,0,0,4,0.0,0.0,0.0,0.0,0.0,1.0,-1
"F[0,2]((LDL <= 105.700 & Pt_FatherT1D <= 0.000) -> UnitsInsBasalOrLongAct <= 0.000)
",-9999999.000,-9999999.000,0.000,0.000,1.000,0,0,0,4,4,0,0,4,0.0,0.0,0.0,0.0,0.0,1.0,-1
"F[2,2](((diagAgeCombo >= 7.000 | UnitsInsBasalOrLongAct <= 29.815) & Pt_GrandparentT1D <= 25.483) | AlbCreatRat_mggNew <= 26.031)
",26.031,26.031,0.000,0.000,1.000,0,0,0,4,4,0,0,4,0.0,0.0,0.0,0.0,0.0,1.0,-1
"F[1,2]((Pt_SHFlg >= 0.000 -> Pt_MotherT1D >= 0.000) | BUN >= 0.000)
",-9999999.000,-9999999.000,0.000,0.000,1.000,0,0,0,4,4,0,0,4,0.0,0.0,0.0,0.0,0.0,1.0,-1
"((Pt_A1cGoalLev <= 6.602) U[1,2] (age >= 12.642))
",-9999999.000,-9999999.000,0.000,0.000,1.000,0,0,0,4,4,0,0,4,0.0,0.0,0.0,0.0,0.0,1.0,-1
"F[1,1](diabDur >= 3.376 & diagAgeCombo >= 7.000)
",-7.000,-7.000,0.000,0.000,1.000,0,0,0,4,4,0,0,4,0.0,0.0,0.0,0.0,0.0,1.0,-1
"F[0,2](HbA1c <= 9.022 -> Pt_InsGov >= 0.000)
",-9999999.000,-9999999.000,0.000,0.000,1.000,0,0,0,4,4,0,0,4,0.0,0.0,0.0,0.0,0.0,1.0,-1
"F[0,2](((BGTestAvgNumMeter <= 0.000 -> HbA1c >= 7.576) -> Pt_A1cGoalLev <= 9.482) -> HeightCm >= 7.950)
",-9999999.000,-9999999.000,0.000,0.000,1.000,0,0,0,4,4,0,0,4,0.0,0.0,0.0,0.0,0.0,1.0,-1
"F[0,1](((HeightCm <= 170.448 & BGTestAvgNumMeter >= 0.000) -> AlbCreatRat_mggNew >= 0.000) | diagAgeCombo >= 0.000)
",-9999999.000,-9999999.000,0.000,0.000,1.000,0,0,0,4,4,0,0,4,0.0,0.0,0.0,0.0,0.0,1.0,-1
"F[0,1](((BldPrDia >= 61.928 -> BUN >= 2.011) | diabDur <= 10.182) | Pt_ChildT1D <= 15.964)
",-9999999.000,-9999999.000,0.000,0.000,1.000,0,0,0,4,4,0,0,4,0.0,0.0,0.0,0.0,0.0,1.0,-1
"F[0,2](((HeightCm >= 160.042 -> LDL <= 99.164) | bmiZscore <= 92.569) & TSH >= 39.994)
",-9999999.000,-9999999.000,0.000,0.000,1.000,0,0,0,4,4,0,0,4,0.0,0.0,0.0,0.0,0.0,1.0,-1
"F[0,2]((age <= 14.503 -> diagAgeCombo >= 7.000) | BldPrSys <= 7.000)
",-9999999.000,-9999999.000,0.000,0.000,1.000,0,0,0,4,4,0,0,4,0.0,0.0,0.0,0.0,0.0,1.0,-1
"((Pt_A1cGoalLev <= 2.101) U[2,2] (Pt_A1cGoalLev >= 0.542))
",2.101,2.101,0.000,0.000,1.000,0,0,0,4,4,0,0,4,0.0,0.0,0.0,0.0,0.0,1.0,-1
"F[0,0](((bmiPerc >= 0.830 | Pt_ChildT1D >= 0.000) | AlbCreatRat_mggNew <= 0.000) -> DirectLDL <= 0.000)
",-6.083,-23.762,0.000,0.000,1.000,0,0,0,4,4,0,0,4,0.0,0.0,0.0,0.0,0.0,1.0,-1
"((Pt_GrandparentT1D <= 0.000) U[1,2] (bmi <= 27.504))
",-9999999.000,-9999999.000,0.000,0.000,1.000,0,0,0,4,4,0,0,4,0.0,0.0,0.0,0.0,0.0,1.0,-1
"F[0,0](((bmi <= 25.182 | LDL <= 97.480) | age >= 23.979) -> AlbCreatRat_mggNew <= 52.410)
",-571.430,-96.549,0.000,0.000,1.000,0,0,0,4,4,0,0,4,0.0,0.0,0.0,0.0,0.0,1.0,-1
"F[0,2]((diabDur >= 5.778 | TotChol >= 59.614) -> bmiZscore >= 24.708)
",-9999999.000,-9999999.000,0.000,0.000,1.000,0,0,0,4,4,0,0,4,0.0,0.0,0.0,0.0,0.0,1.0,-1
"F[1,1]((TotChol >= 43.463 & SMBGperDayPtMeterCombo >= 3.801) -> TotalDailyInsPerKg <= 5.875)
",-5.875,-5.875,0.000,0.000,1.000,0,0,0,4,4,0,0,4,0.0,0.0,0.0,0.0,0.0,1.0,-1
"G[1,2](((WeightKg >= 67.760 -> TotalDailyInsPerKg <= 1.143) -> DirectLDL >= 0.873) & Pt_GrandparentT1D <= 1.055)
",9999999.000,9999999.000,0.000,1.000,0.000,0,0,0,4,4,0,0,4,0.0,0.0,0.0,0.0,0.0,1.0,1
"G[2,2]((Pt_DKAFlg <= 0.000 | NumPumpBolusOrShortAct >= 0.821) | Pt_ChildT1D <= 3.927)
",3.927,3.927,0.000,1.000,0.000,0,0,4,0,0,4,4,0,0.0,0.0,1.0,0.0,0.0,1.0,1
"G[0,2]((BGTestAvgNumPtRep >= 0.780 & Pt_GrandchildT1D >= 0.000) | TotChol >= 0.000)
",9999999.000,9999999.000,0.000,1.000,0.000,0,0,4,0,0,4,4,0,0.0,0.0,1.0,0.0,0.0,1.0,1
"G[1,2]((TotalDailyInsPerKg >= 0.746 & BUN <= 4.196) | AlbCreatRat_mggNew <= 11.229)
",9999999.000,9999999.000,0.000,1.000,0.000,0,0,4,0,0,4,4,0,0.0,0.0,1.0,0.0,0.0,1.0,1
"G[1,2]((diabDur <= 6.832 & Pt_A1cGoalLev >= 0.230) & Pt_InsGov >= 0.475)
",9999999.000,9999999.000,0.000,1.000,0.000,0,0,0,4,4,0,0,4,0.0,0.0,0.0,0.0,0.0,1.0,1
"G[1,2]((diabDur >= 5.701 & Pt_CGMUseNumDays >= 2.712) -> BldPrDia >= 0.030)
",9999999.000,9999999.000,0.000,1.000,0.000,0,0,4,0,0,4,4,0,0.0,0.0,1.0,0.0,0.0,1.0,1
"G[1,2]((AlbCreatRat_mggNew >= 1.203 & HbA1c <= 8.338) -> BUN <= 8.408)
",9999999.000,9999999.000,0.000,1.000,0.000,0,0,4,0,0,4,4,0,0.0,0.0,1.0,0.0,0.0,1.0,1
"G[2,2]((bmi >= 18.250 & TSH >= 0.238) & AutonomicNeuroCl >= 0.288)
",-18.250,-18.250,0.000,1.000,0.000,0,0,4,0,0,4,4,0,0.0,0.0,1.0,0.0,0.0,1.0,1
"G[0,0]((bmiZscore >= 1.044 -> TSH <= 1.988) -> BGTestAvgNumMeter >= 0.049)
",-1.764,-24.834,0.000,1.000,0.000,0,0,0,4,4,0,0,4,0.0,0.0,0.0,0.0,0.0,1.0,1
"G[1,2](((TotChol <= 134.801 & UnitsInsBasalOrLongAct >= 9.818) & Pt_A1cGoalLevelDsYr5 >= 6.869) | SMBGperDayPtMeterCombo >= 6.135)
",9999999.000,9999999.000,0.000,1.000,0.000,0,0,1,3,3,1,1,3,0.0,0.0,1.0,0.0,0.0,1.0,1
"G[0,2](((BUN >= 0.632 & TotalDailyInsPerKg >= 0.925) -> HbA1cImputeDtMnC >= 0.923) | HeightCm <= 0.977)
",9999999.000,9999999.000,0.000,1.000,0.000,0,0,3,1,1,3,3,1,0.0,0.0,1.0,0.0,0.0,1.0,1
"G[1,1](((BldPrSys <= 111.617 | bmiPerc <= 0.916) -> GFR <= 0.875) & BldPrDia <= 0.918)
",-111.617,-111.617,0.000,1.000,0.000,0,0,0,4,4,0,0,4,0.0,0.0,0.0,0.0,0.0,1.0,1
"G[0,2](((AlbCreatRat_mggNew >= 1.344 -> diabDur >= 3.113) & HDL <= 9.212) -> Pt_A1cGoalLevelDsYr5 <= 8.019)
",9999999.000,9999999.000,0.000,1.000,0.000,0,0,4,0,0,4,4,0,0.0,0.0,1.0,0.0,0.0,1.0,1
"G[0,1](((BUN >= 0.653 -> diabDur >= 6.405) -> BGTestAvgNumMeter >= 4.118) & HbA1cImputeDtMnC <= 6.830)
",9999999.000,9999999.000,0.000,1.000,0.000,0,0,0,4,4,0,0,4,0.0,0.0,0.0,0.0,0.0,1.0,1
"G[0,2](BldPrDia <= 71.310 -> diabDur <= 8.344)
",9999999.000,9999999.000,0.000,1.000,0.000,0,0,3,1,1,3,3,1,0.0,0.0,1.0,0.0,0.0,1.0,1
"G[2,2](((BldPrDia >= 67.442 & bmi <= 26.688) | BGTestAvgNumMeter >= 21.778) -> age <= 25.970)
",-25.970,-25.970,0.000,1.000,0.000,0,0,4,0,0,4,4,0,0.0,0.0,1.0,0.0,0.0,1.0,1
"G[1,2]((Pt_A1cGoalLev >= 0.235 | UnitsInsBasalOrLongAct <= 23.195) | diagAgeCombo <= 27.593)
",9999999.000,9999999.000,0.000,1.000,0.000,0,0,4,0,0,4,4,0,0.0,0.0,1.0,0.0,0.0,1.0,1
"G[2,2](((TotChol >= 1.915 | WeightKg >= 58.486) -> WeightKg >= 66.237) | TotChol <= 79.159)
",79.159,79.159,0.000,1.000,0.000,0,0,4,0,0,4,4,0,0.0,0.0,1.0,0.0,0.0,1.0,1
"G[1,2](BldPrSys >= 101.219 -> WeightKg <= 76.566)
",9999999.000,9999999.000,0.000,1.000,0.000,0,0,2,2,2,2,2,2,0.0,0.0,1.0,0.0,0.0,1.0,1
"G[1,2](((BldPrDia <= 69.173 | LDL <= 61.869) | DirectLDL <= 41.589) & Triglyc <= 124.793)
",9999999.000,9999999.000,0.000,1.000,0.000,0,0,3,1,1,3,3,1,0.0,0.0,1.0,0.0,0.0,1.0,1
"G[0,2]((BUN >= 1.159 | TotChol <= 131.374) & bmiPerc <= 118.728)
",9999999.000,9999999.000,0.000,1.000,0.000,0,0,2,2,2,2,2,2,0.0,0.0,1.0,0.0,0.0,1.0,1
"G[0,1]((HDL <= 58.494 & NumPumpBolusOrShortAct <= 5.762) & HDL >= 0.102)
",9999999.000,9999999.000,0.000,1.000,0.000,0,0,0,4,4,0,0,4,0.0,0.0,0.0,0.0,0.0,1.0,1
"G[0,2](((SMBGperDayPtMeterCombo <= 4.879 | TSH <= 2.312) -> DirectLDL >= 0.174) | DirectLDL >= 0.417)
",9999999.000,9999999.000,0.000,1.000,0.000,0,0,0,4,4,0,0,4,0.0,0.0,0.0,0.0,0.0,1.0,1
"G[2,2](((HbA1c >= 7.894 -> NumPumpBolusOrShortAct >= 2.176) | Pt_GrandparentT1D >= 0.773) | SMBGperDayPtMeterCombo <= 4.161)
",4.161,4.161,0.000,1.000,0.000,0,0,4,0,0,4,4,0,0.0,0.0,1.0,0.0,0.0,1.0,1
"G[0,2](((diabDur >= 4.484 & NumPumpBolusOrShortAct <= 3.370) -> Triglyc >= 0.653) & BldPrDia <= 4.963)
",9999999.000,9999999.000,0.000,1.000,0.000,0,0,0,4,4,0,0,4,0.0,0.0,0.0,0.0,0.0,1.0,1
"G[2,2](NumPumpBolusOrShortAct <= 4.271 -> TotalDailyInsPerKg >= 0.840)
",-4.271,-4.271,0.000,1.000,0.000,0,0,4,0,0,4,4,0,0.0,0.0,1.0,0.0,0.0,1.0,1
"G[0,2]((BUN >= 0.068 & Pt_A1cGoalLev >= 0.785) -> HDL <= 2.952)
",9999999.000,9999999.000,0.000,1.000,0.000,0,0,4,0,0,4,4,0,0.0,0.0,1.0,0.0,0.0,1.0,1
"G[1,2](BldPrSys <= 115.873 | NumPumpBolusOrShortAct <= 3.978)
",9999999.000,9999999.000,0.000,1.000,0.000,0,0,3,1,1,3,3,1,0.0,0.0,1.0,0.0,0.0,1.0,1
"G[1,2](((HeightCm <= 170.052 | TotChol <= 160.271) -> Triglyc >= 66.550) | Pt_CGMUseNumDays >= 4.945)
",9999999.000,9999999.000,0.000,1.000,0.000,0,0,2,2,2,2,2,2,0.0,0.0,1.0,0.0,0.0,1.0,1
"G[1,2](((bmiPerc <= 0.914 | TSH <= 1.272) & Pt_MotherT1D <= 1.080) & TSH <= 1.753)
",9999999.000,9999999.000,0.000,1.000,0.000,0,0,3,1,1,3,3,1,0.0,0.0,1.0,0.0,0.0,1.0,1
"G[1,2]((BldPrSys >= 108.463 | SMBGperDayPtMeterCombo >= 0.456) | Triglyc >= 0.705)
",9999999.000,9999999.000,0.000,1.000,0.000,0,0,4,0,0,4,4,0,0.0,0.0,1.0,0.0,0.0,1.0,1
"G[0,2](((BldPrDia <= 68.735 -> Pt_A1cGoalLevelDsYr5 >= 0.000) | TotalDailyInsPerKg <= 0.000) & Pt_GrandparentT1D >= 0.000)
",9999999.000,9999999.000,0.000,1.000,0.000,0,0,4,0,0,4,4,0,0.0,0.0,1.0,0.0,0.0,1.0,1
"G[1,2](BGTestAvgNumPtRep >= 1.948 & UnitsInsBasalOrLongAct >= 2.528)
",9999999.000,9999999.000,0.000,1.000,0.000,0,0,2,2,2,2,2,2,0.0,0.0,1.0,0.0,0.0,1.0,1
"G[1,2](NumPumpBolusOrShortAct >= 0.268 | BUN <= 7.205)
",9999999.000,9999999.000,0.000,1.000,0.000,0,0,4,0,0,4,4,0,0.0,0.0,1.0,0.0,0.0,1.0,1
"G[1,1](((Pt_DKAFlg >= 0.000 -> BldPrSys <= 120.887) & SMBGperDayPtMeterCombo <= 113.099) -> HbA1cImputeDtMnC >= 99.916)
",99.916,99.916,0.000,1.000,0.000,0,0,0,4,4,0,0,4,0.0,0.0,0.0,0.0,0.0,1.0,1
"G[1,2](WeightKg <= 83.236 | HDL >= 1.182)
",9999999.000,9999999.000,0.000,1.000,0.000,0,0,3,1,1,3,3,1,0.0,0.0,1.0,0.0,0.0,1.0,1
"G[1,2](TSH >= 0.441 | DirectLDL >= 0.000)
",9999999.000,9999999.000,0.000,1.000,0.000,0,0,4,0,0,4,4,0,0.0,0.0,1.0,0.0,0.0,1.0,1
"G[1,2](((GFR >= 0.000 & Pt_A1cGoalLevelDsYr5 <= 0.000) -> Pt_A1cGoalLev >= 0.000) | WeightKg >= 0.000)
",9999999.000,9999999.000,0.000,1.000,0.000,0,0,4,0,0,4,4,0,0.0,0.0,1.0,0.0,0.0,1.0,1
"G[0,2]((HbA1cImputeDtMnC >= 15.045 & WeightKg >= 53.909) | TotalDailyInsPerKg >= 45.613)
",9999999.000,9999999.000,0.000,1.000,0.000,0,0,3,1,1,3,3,1,0.0,0.0,1.0,0.0,0.0,1.0,1
"G[0,2]((diagAgeCombo <= 7.000 | WeightKg >= 52.061) & Pt_GrandparentT1D <= 79.749)
",9999999.000,9999999.000,0.000,1.000,0.000,0,0,4,0,0,4,4,0,0.0,0.0,1.0,0.0,0.0,1.0,1
"G[2,2]((AlbCreatRat_mggNew >= 1.421 & Triglyc >= 14.730) & BUN <= 108.647)
",-14.730,-14.730,0.000,1.000,0.000,0,0,4,0,0,4,4,0,0.0,0.0,1.0,0.0,0.0,1.0,1
"G[0,1]((SMBGperDayPtMeterCombo >= 1.731 | TSH >= 0.101) & Pt_InsGov >= 0.499)
",9999999.000,9999999.000,0.000,1.000,0.000,0,0,0,4,4,0,0,4,0.0,0.0,0.0,0.0,0.0,1.0,1
"G[1,1]((HbA1cImputeDtMnC <= 56.926 | Pt_A1cGoalLev <= 6.262) & HbA1cImputeDtMnC <= 3.647)
",3.647,3.647,0.000,1.000,0.000,0,0,0,4,4,0,0,4,0.0,0.0,0.0,0.0,0.0,1.0,1
"G[2,2](((HDL <= 61.727 | NumPumpBolusOrShortAct <= 4.583) | NumPumpBolusOrShortAct <= 3.926) | LDL >= 0.873)
",61.727,61.727,0.000,1.000,0.000,0,0,4,0,0,4,4,0,0.0,0.0,1.0,0.0,0.0,1.0,1
"G[0,2](Pt_CGMUseNumDays <= 19.460 -> Pt_FatherT1D <= 0.000)
",9999999.000,9999999.000,0.000,1.000,0.000,0,0,4,0,0,4,4,0,0.0,0.0,1.0,0.0,0.0,1.0,1
"G[0,2](BldPrDia >= 66.444 -> BUN <= 10.201)
",9999999.000,9999999.000,0.000,1.000,0.000,0,0,3,1,1,3,3,1,0.0,0.0,1.0,0.0,0.0,1.0,1
"G[1,2](((WeightKg >= 57.298 & Triglyc <= 72.824) -> Pt_GrandparentT1D >= 44.251) | bmi <= 106.654)
",9999999.000,9999999.000,0.000,1.000,0.000,0,0,4,0,0,4,4,0,0.0,0.0,1.0,0.0,0.0,1.0,1
"G[1,2](Pt_SiblingT1D <= 0.000 & HDL >= 10.406)
",9999999.000,9999999.000,0.000,1.000,0.000,0,0,2,2,2,2,2,2,0.0,0.0,1.0,0.0,0.0,1.0,1
"G[1,2](Pt_SiblingT1D <= 0.000 | LDL >= 37.669)
",9999999.000,9999999.000,0.000,1.000,0.000,0,0,4,0,0,4,4,0,0.0,0.0,1.0,0.0,0.0,1.0,1
"G[2,2]((BldPrSys <= 115.395 | TSH <= 1.562) & BUN >= 0.113)
",-0.113,-0.113,0.000,1.000,0.000,0,0,4,0,0,4,4,0,0.0,0.0,1.0,0.0,0.0,1.0,1
"G[1,2](((bmiZscore <= 1.124 & TotChol >= 22.564) | HbA1c >= 39.343) -> Pt_SiblingT1D <= 179.992)
",9999999.000,9999999.000,0.000,1.000,0.000,0,0,4,0,0,4,4,0,0.0,0.0,1.0,0.0,0.0,1.0,1
"G[2,2]((Pt_CGMUseNumDays <= 16.994 -> TSH <= 0.755) | bmiPerc <= 2.344)
",2.344,2.344,0.000,1.000,0.000,0,0,4,0,0,4,4,0,0.0,0.0,1.0,0.0,0.0,1.0,1
"G[0,2]((bmiPerc >= 0.613 & NumPumpBolusOrShortAct >= 0.330) | UnitsInsBasalOrLongAct >= 0.167)
",9999999.000,9999999.000,0.000,1.000,0.000,0,0,3,1,1,3,3,1,0.0,0.0,1.0,0.0,0.0,1.0,1
"F[0,2](((HeightCm >= 162.657 | TotalDailyInsPerKg >= 0.959) | diabDur >= 0.880) | BldPrDia <= 1.307)
",-9999999.000,-9999999.000,0.000,0.000,1.000,0,0,0,4,4,0,0,4,0.0,0.0,0.0,0.0,0.0,1.0,-1
