Rule,Discrimination Score,Pos Robustness,Neg Robustness,Percent Class +,Percent Class -,TP,TN,FP,FN,Actual Yes,Actual No,Predicted Yes,Predicted No,TPR/Sens,TNR/Spec,FPR,Precision,Accuracy,MCR
"G[0,1]((bmi >= 27.469 | Triglyc >= 115.669) | LDL <= 144.988)
",9999999.000,9999999.000,0.000,1.000,0.000,2,0,0,0,2,0,2,0,1.0,0.0,0.0,1.0,1.0,0.0
"G[0,1](LDL >= 80.044 -> WeightKg >= 81.806)
",9999999.000,9999999.000,0.000,1.000,0.000,2,0,0,0,2,0,2,0,1.0,0.0,0.0,1.0,1.0,0.0
"G[0,0](BUN <= 9.498 | TotChol <= 191.181)
",37.338,130.681,0.000,1.000,0.000,2,0,0,0,2,0,2,0,1.0,0.0,0.0,1.0,1.0,0.0
"G[0,0](((HeightCm <= 174.455 | bmiPerc <= 0.000) -> LDL >= 0.000) & DirectLDL >= 0.000)
",-27.986,-89.555,0.000,1.000,0.000,2,0,0,0,2,0,2,0,1.0,0.0,0.0,1.0,1.0,0.0
"G[0,0]((BGTestAvgNumMeter <= 1.751 -> HbA1c <= 7.680) | BldPrSys >= 7.409)
",-7.409,-7.409,0.000,1.000,0.000,2,0,0,0,2,0,2,0,1.0,0.0,0.0,1.0,1.0,0.0
"G[0,1](((TSH >= 0.000 & bmiPerc <= 0.000) -> Pt_DKAFlg <= 0.000) | NumPumpBolusOrShortAct <= 0.000)
",9999999.000,9999999.000,0.000,1.000,0.000,2,0,0,0,2,0,2,0,1.0,0.0,0.0,1.0,1.0,0.0
"G[1,1](((Pt_GrandparentT1D <= 0.000 & BUN >= 4.545) & DirectLDL >= 2.407) | Pt_A1cGoalLev <= 9.812)
",9.812,9.812,0.000,1.000,0.000,2,0,0,0,2,0,2,0,1.0,0.0,0.0,1.0,1.0,0.0
"G[0,1](((HeightCm <= 174.493 -> UnitsInsBasalOrLongAct <= 7.692) -> HbA1cImputeDtMnC <= 26.993) -> BUN <= 21.715)
",9999999.000,9999999.000,0.000,1.000,0.000,2,0,0,0,2,0,2,0,1.0,0.0,0.0,1.0,1.0,0.0
"G[0,1]((TotChol <= 197.092 -> TotChol <= 198.305) | Pt_InsGov <= 194.146)
",9999999.000,9999999.000,0.000,1.000,0.000,2,0,0,0,2,0,2,0,1.0,0.0,0.0,1.0,1.0,0.0
"G[1,1](((Pt_A1cGoalLev >= 0.896 | TotChol <= 185.923) & Pt_GrandchildT1D >= 148.874) -> Pt_GrandchildT1D >= 157.163)
",148.874,148.874,0.000,1.000,0.000,2,0,0,0,2,0,2,0,1.0,0.0,0.0,1.0,1.0,0.0
"G[0,1]((HbA1c >= 7.334 -> UnitsInsBasalOrLongAct >= 2.200) | HbA1c <= 20.793)
",9999999.000,9999999.000,0.000,1.000,0.000,2,0,0,0,2,0,2,0,1.0,0.0,0.0,1.0,1.0,0.0
"G[0,1](diabDur <= 21.711 | TSH >= 0.000)
",9999999.000,9999999.000,0.000,1.000,0.000,2,0,0,0,2,0,2,0,1.0,0.0,0.0,1.0,1.0,0.0
"G[0,1](((AlbCreatRat_mggNew <= 4.804 & BGTestAvgNumMeter <= 2.667) | age <= 2.416) | Triglyc >= 0.343)
",9999999.000,9999999.000,0.000,1.000,0.000,2,0,0,0,2,0,2,0,1.0,0.0,0.0,1.0,1.0,0.0
"G[0,0](Pt_InsGov >= 0.000 | age >= 22.313)
",0.000,0.000,0.000,1.000,0.000,2,0,0,0,2,0,2,0,1.0,0.0,0.0,1.0,1.0,0.0
"G[0,0](Pt_GrandchildT1D >= 0.000 & Pt_A1cGoalLev <= 3.165)
",0.000,0.000,0.000,1.000,0.000,2,0,0,0,2,0,2,0,1.0,0.0,0.0,1.0,1.0,0.0
"G[0,1]((AutonomicNeuroCl >= 0.000 | Pt_SHFlg >= 0.000) & bmiPerc <= 0.000)
",9999999.000,9999999.000,0.000,1.000,0.000,2,0,0,0,2,0,2,0,1.0,0.0,0.0,1.0,1.0,0.0
"G[0,0](((BldPrDia >= 62.410 | Triglyc >= 105.763) | BldPrDia <= 147.701) | AutonomicNeuroCl >= 112.992)
",3.179,73.969,0.000,1.000,0.000,2,0,0,0,2,0,2,0,1.0,0.0,0.0,1.0,1.0,0.0
"G[0,0]((diagAgeCombo >= 1.000 | Pt_SiblingT1D <= 0.000) -> Pt_ChildT1D <= 0.000)
",-1.000,-60.650,0.000,1.000,0.000,2,0,0,0,2,0,2,0,1.0,0.0,0.0,1.0,1.0,0.0
"G[0,0](BUN <= 7.798 | Triglyc >= 112.790)
",2.341,63.210,0.000,1.000,0.000,2,0,0,0,2,0,2,0,1.0,0.0,0.0,1.0,1.0,0.0
"G[1,1](((BldPrSys >= 110.527 | BUN <= 7.573) & HDL <= 9.037) -> TotalDailyInsPerKg >= 1.584)
",-7.573,-7.573,0.000,1.000,0.000,2,0,0,0,2,0,2,0,1.0,0.0,0.0,1.0,1.0,0.0
"G[1,1](((BldPrDia >= 65.918 | UnitsInsBasalOrLongAct >= 5.885) & Pt_SHFlg <= 10.319) | TotalDailyInsPerKg <= 18.138)
",18.138,18.138,0.000,1.000,0.000,2,0,0,0,2,0,2,0,1.0,0.0,0.0,1.0,1.0,0.0
"G[0,0](((GFR >= 15.799 | Pt_CGMUseNumDays <= 0.000) -> TotalDailyInsPerKg <= 0.000) -> Pt_A1cGoalLevelDsYr5 <= 0.000)
",-164.660,-15.624,0.000,1.000,0.000,2,0,0,0,2,0,2,0,1.0,0.0,0.0,1.0,1.0,0.0
"G[0,0](((BldPrDia <= 76.031 & BUN <= 7.574) | Pt_GrandchildT1D <= 10.309) | Pt_FatherT1D <= 8.707)
",10.309,10.309,0.000,1.000,0.000,2,0,0,0,2,0,2,0,1.0,0.0,0.0,1.0,1.0,0.0
"G[0,0]((Pt_SHFlg >= 0.000 | age <= 24.077) | SMBGperDayPtMeterCombo <= 23.964)
",4.284,31.408,0.000,1.000,0.000,2,0,0,0,2,0,2,0,1.0,0.0,0.0,1.0,1.0,0.0
"G[0,0](((bmi >= 27.036 -> diabDur >= 19.626) -> BGTestAvgNumMeter <= 22.955) | BldPrSys >= 20.862)
",-20.862,-20.862,0.000,1.000,0.000,2,0,0,0,2,0,2,0,1.0,0.0,0.0,1.0,1.0,0.0
"G[0,0](((AlbCreatRat_mggNew >= 4.721 & Pt_A1cGoalLev <= 2.681) | HeightCm >= 0.868) | Pt_CGMUseNumDays <= 4.709)
",26.260,84.032,0.000,1.000,0.000,2,0,0,0,2,0,2,0,1.0,0.0,0.0,1.0,1.0,0.0
"G[1,1](((TotChol >= 147.815 -> Pt_A1cGoalLev <= 1.981) -> TSH <= 5.759) & TotChol >= 0.001)
",-5.759,-5.759,0.000,1.000,0.000,2,0,0,0,2,0,2,0,1.0,0.0,0.0,1.0,1.0,0.0
"G[1,1](NumPumpBolusOrShortAct >= 0.000 & LDL <= 109.515)
",0.000,0.000,0.000,1.000,0.000,2,0,0,0,2,0,2,0,1.0,0.0,0.0,1.0,1.0,0.0
"G[0,0](diabDur >= 19.513 -> AutonomicNeuroCl <= 0.000)
",-1.744,-3.487,0.000,1.000,0.000,2,0,0,0,2,0,2,0,1.0,0.0,0.0,1.0,1.0,0.0
"G[1,1]((BldPrSys >= 109.657 -> Pt_CGMUseNumDays >= 0.000) | bmiPerc >= 0.000)
",0.000,0.000,0.000,1.000,0.000,2,0,0,0,2,0,2,0,1.0,0.0,0.0,1.0,1.0,0.0
"G[0,1](UnitsInsBasalOrLongAct <= 13.232 | bmi <= 28.690)
",9999999.000,9999999.000,0.000,1.000,0.000,2,0,0,0,2,0,2,0,1.0,0.0,0.0,1.0,1.0,0.0
"G[0,0](((Pt_SiblingT1D <= 0.000 -> Pt_DKAFlg >= 0.000) | AlbCreatRat_mggNew >= 0.000) & AutonomicNeuroCl <= 0.000)
",-47.000,-7.050,0.000,1.000,0.000,2,0,0,0,2,0,2,0,1.0,0.0,0.0,1.0,1.0,0.0
"G[0,1](Pt_MotherT1D <= 0.000 -> Pt_DKAFlg <= 0.000)
",9999999.000,9999999.000,0.000,1.000,0.000,2,0,0,0,2,0,2,0,1.0,0.0,0.0,1.0,1.0,0.0
"G[0,1]((bmiPerc >= 0.000 | Pt_InsGov <= 0.000) & age >= 0.000)
",9999999.000,9999999.000,0.000,1.000,0.000,2,0,0,0,2,0,2,0,1.0,0.0,0.0,1.0,1.0,0.0
"G[0,1](Pt_FatherT1D >= 0.000 & Pt_A1cGoalLevelDsYr5 <= 0.000)
",9999999.000,9999999.000,0.000,1.000,0.000,2,0,0,0,2,0,2,0,1.0,0.0,0.0,1.0,1.0,0.0
"G[0,0](((Pt_GrandparentT1D <= 0.000 | diagAgeCombo >= 1.000) & Pt_A1cGoalLevelDsYr5 >= 1.000) | Pt_A1cGoalLevelDsYr5 <= 1.000)
",1.000,1.000,0.000,1.000,0.000,2,0,0,0,2,0,2,0,1.0,0.0,0.0,1.0,1.0,0.0
"G[0,1]((Pt_CGMUseNumDays >= 0.000 & Pt_MotherT1D >= 0.000) & Pt_ChildT1D >= 0.000)
",9999999.000,9999999.000,0.000,1.000,0.000,2,0,0,0,2,0,2,0,1.0,0.0,0.0,1.0,1.0,0.0
"G[0,1](((diagAgeCombo <= 1.000 -> age <= 23.309) -> Pt_A1cGoalLev >= 21.499) -> Pt_GrandchildT1D <= 24.727)
",9999999.000,9999999.000,0.000,1.000,0.000,2,0,0,0,2,0,2,0,1.0,0.0,0.0,1.0,1.0,0.0
"G[0,1](((bmiPerc >= 0.000 -> Pt_FatherT1D <= 0.000) | TotalDailyInsPerKg <= 0.000) | TotChol <= 0.000)
",9999999.000,9999999.000,0.000,1.000,0.000,2,0,0,0,2,0,2,0,1.0,0.0,0.0,1.0,1.0,0.0
"G[0,0](BldPrDia >= 65.486 | diabDur >= 20.376)
",4.708,40.014,0.000,1.000,0.000,2,0,0,0,2,0,2,0,1.0,0.0,0.0,1.0,1.0,0.0
"G[0,1](((bmiZscore <= 0.251 & UnitsInsBasalOrLongAct >= 6.217) & HeightCm <= 20.271) | BUN <= 24.049)
",9999999.000,9999999.000,0.000,1.000,0.000,2,0,0,0,2,0,2,0,1.0,0.0,0.0,1.0,1.0,0.0
"G[0,1](AlbCreatRat_mggNew <= 5.965 | HbA1c <= 7.654)
",9999999.000,9999999.000,0.000,1.000,0.000,2,0,0,0,2,0,2,0,1.0,0.0,0.0,1.0,1.0,0.0
"G[1,1]((BldPrSys <= 122.818 & LDL <= 99.757) | HDL <= 90.944)
",99.757,99.757,0.000,1.000,0.000,2,0,0,0,2,0,2,0,1.0,0.0,0.0,1.0,1.0,0.0
"G[0,1]((BldPrSys >= 112.199 | TotalDailyInsPerKg <= 0.339) | Pt_A1cGoalLev <= 0.643)
",9999999.000,9999999.000,0.000,1.000,0.000,2,0,0,0,2,0,2,0,1.0,0.0,0.0,1.0,1.0,0.0
"G[0,0]((BldPrDia <= 68.544 -> SMBGperDayPtMeterCombo >= 0.773) | TotChol <= 1.532)
",-16.848,-58.968,0.000,1.000,0.000,2,0,0,0,2,0,2,0,1.0,0.0,0.0,1.0,1.0,0.0
"G[0,0](((bmiZscore <= 0.239 | GFR <= 100.725) & diagAgeCombo <= 66.852) & WeightKg >= 5.243)
",-1.084,-28.845,0.000,1.000,0.000,2,0,0,0,2,0,2,0,1.0,0.0,0.0,1.0,1.0,0.0
"G[1,1]((WeightKg <= 86.882 | Pt_A1cGoalLev >= 0.165) | Pt_FatherT1D <= 4.972)
",86.882,86.882,0.000,1.000,0.000,2,0,0,0,2,0,2,0,1.0,0.0,0.0,1.0,1.0,0.0
"G[1,1]((Pt_A1cGoalLev >= 1.551 | Pt_A1cGoalLev <= 6.419) & BGTestAvgNumMeter <= 2.402)
",2.402,2.402,0.000,1.000,0.000,2,0,0,0,2,0,2,0,1.0,0.0,0.0,1.0,1.0,0.0
"G[0,1](((BldPrDia >= 61.489 & Pt_A1cGoalLev <= 4.949) & SMBGperDayPtMeterCombo >= 0.988) | HeightCm >= 0.299)
",9999999.000,9999999.000,0.000,1.000,0.000,2,0,0,0,2,0,2,0,1.0,0.0,0.0,1.0,1.0,0.0
"G[0,1](((AlbCreatRat_mggNew <= 4.882 -> bmi >= 26.853) | Pt_FatherT1D >= 26.966) | BldPrDia >= 27.347)
",9999999.000,9999999.000,0.000,1.000,0.000,2,0,0,0,2,0,2,0,1.0,0.0,0.0,1.0,1.0,0.0
"G[1,1]((AlbCreatRat_mggNew >= 4.430 -> Pt_ChildT1D >= 0.000) -> SMBGperDayPtMeterCombo >= 0.000)
",0.000,0.000,0.000,1.000,0.000,2,0,0,0,2,0,2,0,1.0,0.0,0.0,1.0,1.0,0.0
"G[1,1](((Pt_A1cGoalLevelDsYr5 <= 0.000 & DirectLDL <= 0.000) -> Pt_FatherT1D >= 0.000) | bmiZscore <= 0.000)
",0.000,0.000,0.000,1.000,0.000,2,0,0,0,2,0,2,0,1.0,0.0,0.0,1.0,1.0,0.0
"G[0,0](bmi > 27.078 -> Pt_SHFlg = 0.000)
",1.000,13.539,0.000,1.000,0.000,2,0,0,0,2,0,2,0,1.0,0.0,0.0,1.0,1.0,0.0
"G[1,1]((BGTestAvgNumPtRep <= 4.337 & HbA1cImputeDtMnC >= 3.924) & age >= 1.873)
",-3.924,-3.924,0.000,1.000,0.000,2,0,0,0,2,0,2,0,1.0,0.0,0.0,1.0,1.0,0.0
"G[0,0]((Pt_ChildT1D <= 0.000 | BUN >= 6.121) & Pt_MotherT1D <= 9.405)
",9.405,9.405,0.000,1.000,0.000,2,0,0,0,2,0,2,0,1.0,0.0,0.0,1.0,1.0,0.0
"G[1,1]((WeightKg >= 83.379 | bmi >= 27.345) -> UnitsInsBasalOrLongAct <= 22.124)
",-22.124,-22.124,0.000,1.000,0.000,2,0,0,0,2,0,2,0,1.0,0.0,0.0,1.0,1.0,0.0
"G[0,1](BUN < 9.715 -> Pt_SHFlg = 0.000)
",9999999.000,9999999.000,0.000,1.000,0.000,2,0,0,0,2,0,2,0,1.0,0.0,0.0,1.0,1.0,0.0
"G[1,1]((LDL >= 69.582 | Triglyc <= 149.157) | Pt_SiblingT1D <= 150.983)
",150.983,150.983,0.000,1.000,0.000,2,0,0,0,2,0,2,0,1.0,0.0,0.0,1.0,1.0,0.0
"G[0,0](DirectLDL > 0.000 -> Pt_SHFlg = 0.000)
",-158.000,-173.800,0.000,1.000,0.000,2,0,0,0,2,0,2,0,1.0,0.0,0.0,1.0,1.0,0.0
"G[0,0]((diabDur <= 22.728 | HbA1cImputeDtMnC <= 26.460) | Pt_A1cGoalLev <= 24.807)
",26.460,26.460,0.000,1.000,0.000,2,0,0,0,2,0,2,0,1.0,0.0,0.0,1.0,1.0,0.0
"G[0,1](((SMBGperDayPtMeterCombo >= 1.116 & TotalDailyInsPerKg <= 0.363) | Pt_ChildT1D >= 0.238) -> WeightKg >= 0.186)
",9999999.000,9999999.000,0.000,1.000,0.000,2,0,0,0,2,0,2,0,1.0,0.0,0.0,1.0,1.0,0.0
"G[1,1](BGTestAvgNumMeter <= 2.730 -> Pt_ChildT1D >= 0.000)
",-2.730,-2.730,0.000,1.000,0.000,2,0,0,0,2,0,2,0,1.0,0.0,0.0,1.0,1.0,0.0
"G[0,0](Pt_InsGov <= 0.000 -> Pt_SHFlg = 0.000)
",0.000,0.000,0.000,1.000,0.000,2,0,0,0,2,0,2,0,1.0,0.0,0.0,1.0,1.0,0.0
"G[0,0](BGTestAvgNumMeter <= 1.881 -> age >= 22.014)
",-1.881,-1.881,0.000,1.000,0.000,2,0,0,0,2,0,2,0,1.0,0.0,0.0,1.0,1.0,0.0
"G[0,1](((BldPrSys >= 108.000 & HbA1cImputeDtMnC <= 33.189) & bmi <= 34.595) | BldPrSys <= 27.173)
",9999999.000,9999999.000,0.000,1.000,0.000,1,0,0,1,2,0,1,1,0.5,0.0,0.0,1.0,0.5,0.5
"G[0,1](SMBGperDayPtMeterCombo >= 0.540 & BGTestAvgNumPtRep >= 0.081)
",9999999.000,9999999.000,0.000,1.000,0.000,1,0,0,1,2,0,1,1,0.5,0.0,0.0,1.0,0.5,0.5
"G[0,0]((GFR <= 33.268 & UnitsInsBasalOrLongAct <= 18.286) & BUN <= 19.335)
",-6.265,-122.165,0.000,1.000,0.000,1,0,0,1,2,0,1,1,0.5,0.0,0.0,1.0,0.5,0.5
"G[0,1](((AutonomicNeuroCl >= 0.000 & LDL <= 92.937) & AutonomicNeuroCl <= 97.637) & WeightKg <= 106.106)
",9999999.000,9999999.000,0.000,1.000,0.000,1,0,0,1,2,0,1,1,0.5,0.0,0.0,1.0,0.5,0.5
"G[0,1](((diabDur >= 19.738 | Pt_A1cGoalLev <= 2.872) -> BGTestAvgNumPtRep <= 5.026) -> BGTestAvgNumPtRep <= 4.075)
",9999999.000,9999999.000,0.000,1.000,0.000,1,0,0,1,2,0,1,1,0.5,0.0,0.0,1.0,0.5,0.5
"G[0,0]((WeightKg >= 83.371 | bmi >= 27.449) -> UnitsInsBasalOrLongAct <= 22.461)
",-15.601,-17.161,0.000,1.000,0.000,1,0,0,1,2,0,1,1,0.5,0.0,0.0,1.0,0.5,0.5
"G[0,0](GFR <= 97.018 -> BUN >= 5.691)
",-6.965,-135.809,0.000,1.000,0.000,1,0,0,1,2,0,1,1,0.5,0.0,0.0,1.0,0.5,0.5
"G[0,1]((UnitsInsBasalOrLongAct >= 1.201 & TotalDailyInsPerKg <= 0.356) -> BGTestAvgNumMeter >= 0.129)
",9999999.000,9999999.000,0.000,1.000,0.000,1,0,0,1,2,0,1,1,0.5,0.0,0.0,1.0,0.5,0.5
"G[0,0]((TotalDailyInsPerKg >= 0.026 | LDL >= 82.809) & WeightKg >= 81.222)
",-53.148,-79.722,0.000,1.000,0.000,1,0,0,1,2,0,1,1,0.5,0.0,0.0,1.0,0.5,0.5
"G[0,1](SMBGperDayPtMeterCombo >= 0.002 & BGTestAvgNumPtRep >= 0.030)
",9999999.000,9999999.000,0.000,1.000,0.000,1,0,0,1,2,0,1,1,0.5,0.0,0.0,1.0,0.5,0.5
"G[0,0](bmiZscore >= 0.052 -> SMBGperDayPtMeterCombo >= 1.180)
",-14.293,-64.320,0.000,1.000,0.000,1,0,0,1,2,0,1,1,0.5,0.0,0.0,1.0,0.5,0.5
"G[0,1](GFR <= 59.443 -> BUN >= 3.290)
",9999999.000,9999999.000,0.000,1.000,0.000,1,0,0,1,2,0,1,1,0.5,0.0,0.0,1.0,0.5,0.5
"G[0,0]((WeightKg >= 82.716 | bmi >= 27.098) -> UnitsInsBasalOrLongAct <= 7.952)
",-2.411,-2.652,0.000,1.000,0.000,1,0,0,1,2,0,1,1,0.5,0.0,0.0,1.0,0.5,0.5
"G[0,1](GFR <= 44.043 -> BUN >= 0.887)
",9999999.000,9999999.000,0.000,1.000,0.000,1,0,0,1,2,0,1,1,0.5,0.0,0.0,1.0,0.5,0.5
"G[1,1]((Pt_A1cGoalLev >= 0.017 -> GFR >= 7.394) & Pt_SHFlg <= 75.051)
",0.017,0.017,0.000,1.000,0.000,1,0,0,1,2,0,1,1,0.5,0.0,0.0,1.0,0.5,0.5
"G[0,1](SMBGperDayPtMeterCombo >= 0.622 & BGTestAvgNumPtRep >= 2.202)
",9999999.000,9999999.000,0.000,1.000,0.000,1,0,0,1,2,0,1,1,0.5,0.0,0.0,1.0,0.5,0.5
"G[0,1]((diabDur <= 22.805 | UnitsInsBasalOrLongAct <= 11.126) -> GFR <= 26.361)
",9999999.000,9999999.000,0.000,1.000,0.000,1,0,0,1,2,0,1,1,0.5,0.0,0.0,1.0,0.5,0.5
"G[0,1](Pt_GrandchildT1D <= 0.000 -> diabDur <= 21.991)
",9999999.000,9999999.000,0.000,1.000,0.000,1,0,0,1,2,0,1,1,0.5,0.0,0.0,1.0,0.5,0.5
"G[0,1]((age <= 24.145 | HeightCm >= 173.055) | BGTestAvgNumMeter >= 173.590)
",9999999.000,9999999.000,0.000,1.000,0.000,1,0,0,1,2,0,1,1,0.5,0.0,0.0,1.0,0.5,0.5
"G[1,1]((Pt_CGMUseNumDays <= 0.000 & Triglyc <= 146.554) & diagAgeCombo <= 143.744)
",0.000,0.000,0.000,1.000,0.000,1,0,0,1,2,0,1,1,0.5,0.0,0.0,1.0,0.5,0.5
"G[0,1](Pt_CGMUseNumDays >= 0.000 -> LDL >= 59.046)
",9999999.000,9999999.000,0.000,1.000,0.000,1,0,0,1,2,0,1,1,0.5,0.0,0.0,1.0,0.5,0.5
"G[0,1](Pt_DKAFlg <= 0.000 -> GFR <= 101.194)
",9999999.000,9999999.000,0.000,1.000,0.000,1,0,0,1,2,0,1,1,0.5,0.0,0.0,1.0,0.5,0.5
"G[0,1](GFR <= 83.115 -> BUN >= 0.605)
",9999999.000,9999999.000,0.000,1.000,0.000,1,0,0,1,2,0,1,1,0.5,0.0,0.0,1.0,0.5,0.5
"G[0,1]((TotChol <= 182.178 | Pt_A1cGoalLev <= 6.363) -> BGTestAvgNumPtRep <= 4.620)
",9999999.000,9999999.000,0.000,1.000,0.000,1,0,0,1,2,0,1,1,0.5,0.0,0.0,1.0,0.5,0.5
"G[0,1]((WeightKg >= 81.703 | bmi >= 27.444) -> UnitsInsBasalOrLongAct <= 9.538)
",9999999.000,9999999.000,0.000,1.000,0.000,1,0,0,1,2,0,1,1,0.5,0.0,0.0,1.0,0.5,0.5
"G[0,0]((bmi >= 27.334 -> HbA1cImputeDtMnC >= 10.682) | Pt_A1cGoalLevelDsYr5 >= 3.163)
",10.682,10.682,0.000,1.000,0.000,1,0,0,1,2,0,1,1,0.5,0.0,0.0,1.0,0.5,0.5
"G[1,1]((SMBGperDayPtMeterCombo <= 2.351 -> BGTestAvgNumMeter >= 0.518) -> AlbCreatRat_mggNew <= 2.654)
",-2.654,-2.654,0.000,1.000,0.000,1,0,0,1,2,0,1,1,0.5,0.0,0.0,1.0,0.5,0.5
"G[0,0](((HDL >= 61.237 & TotalDailyInsPerKg >= 0.147) -> diabDur <= 0.647) & age >= 0.047)
",-1.005,-9.450,0.000,1.000,0.000,1,0,0,1,2,0,1,1,0.5,0.0,0.0,1.0,0.5,0.5
"G[0,1](diabDur >= 19.088 | TotChol <= 197.022)
",9999999.000,9999999.000,0.000,1.000,0.000,1,0,0,1,2,0,1,1,0.5,0.0,0.0,1.0,0.5,0.5
"G[0,1](HeightCm > 172.996 & Pt_SHFlg = 0.000)
",9999999.000,9999999.000,0.000,1.000,0.000,1,0,0,1,2,0,1,1,0.5,0.0,0.0,1.0,0.5,0.5
"G[1,1](HeightCm < 173.964 & Pt_SHFlg = 0.000)
",0.000,0.000,0.000,1.000,0.000,1,0,0,1,2,0,1,1,0.5,0.0,0.0,1.0,0.5,0.5
"G[0,1](((Pt_GrandchildT1D <= 0.000 & HbA1c >= 7.161) -> Pt_SiblingT1D >= 7.346) -> TotChol <= 7.755)
",9999999.000,9999999.000,0.000,1.000,0.000,1,0,0,1,2,0,1,1,0.5,0.0,0.0,1.0,0.5,0.5
"G[0,1](((BGTestAvgNumPtRep >= 0.457 -> UnitsInsBasalOrLongAct >= 4.238) -> WeightKg <= 21.986) -> BldPrDia <= 11.396)
",9999999.000,9999999.000,0.000,1.000,0.000,1,0,0,1,2,0,1,1,0.5,0.0,0.0,1.0,0.5,0.5
"G[1,1](LDL >= 61.718 & SMBGperDayPtMeterCombo >= 0.209)
",-61.718,-61.718,0.000,1.000,0.000,1,0,0,1,2,0,1,1,0.5,0.0,0.0,1.0,0.5,0.5
"G[0,1](BGTestAvgNumPtRep <= 4.499 -> TotalDailyInsPerKg >= 0.039)
",9999999.000,9999999.000,0.000,1.000,0.000,1,0,0,1,2,0,1,1,0.5,0.0,0.0,1.0,0.5,0.5
"G[0,0](HbA1cImputeDtMnC <= 28.959 & TotalDailyInsPerKg >= 0.026)
",10.487,20.974,0.000,1.000,0.000,1,0,0,1,2,0,1,1,0.5,0.0,0.0,1.0,0.5,0.5
"G[1,1](TotChol <= 201.184 & BUN >= 4.573)
",-4.573,-4.573,0.000,1.000,0.000,1,0,0,1,2,0,1,1,0.5,0.0,0.0,1.0,0.5,0.5
"G[0,1](HbA1cImputeDtMnC <= 22.511 -> WeightKg >= 82.636)
",9999999.000,9999999.000,0.000,1.000,0.000,1,0,0,1,2,0,1,1,0.5,0.0,0.0,1.0,0.5,0.5
"G[1,1]((SMBGperDayPtMeterCombo >= 1.005 & UnitsInsBasalOrLongAct <= 11.932) & Pt_SHFlg >= 2.482)
",-2.482,-2.482,0.000,1.000,0.000,0,0,0,2,2,0,0,2,0.0,0.0,0.0,0.0,0.0,1.0
"G[0,2](HDL <= 75.054 -> Pt_MotherT1D <= 0.000)
",9999999.000,9999999.000,0.000,1.000,0.000,0,0,2,0,0,2,2,0,0.0,0.0,1.0,0.0,0.0,1.0
"G[0,1](BldPrDia <= 76.783 & HeightCm <= 173.815)
",9999999.000,9999999.000,0.000,1.000,0.000,0,0,0,2,2,0,0,2,0.0,0.0,0.0,0.0,0.0,1.0
"G[0,2]((Pt_A1cGoalLev <= 6.846 | Pt_GrandchildT1D <= 0.000) | BldPrSys >= 0.000)
",9999999.000,9999999.000,0.000,1.000,0.000,0,0,2,0,0,2,2,0,0.0,0.0,1.0,0.0,0.0,1.0
"G[0,2](((HbA1c <= 7.578 & bmiPerc <= 0.000) -> BGTestAvgNumMeter >= 0.000) -> Pt_A1cGoalLev <= 0.000)
",9999999.000,9999999.000,0.000,1.000,0.000,0,0,1,1,1,1,1,1,0.0,0.0,1.0,0.0,0.0,1.0
"G[1,2]((NumPumpBolusOrShortAct >= 0.000 & Pt_GrandparentT1D >= 0.000) & HeightCm <= 0.000)
",9999999.000,9999999.000,0.000,1.000,0.000,0,0,0,2,2,0,0,2,0.0,0.0,0.0,0.0,0.0,1.0
"G[2,2]((DirectLDL >= 0.000 -> Pt_InsGov <= 0.000) | SMBGperDayPtMeterCombo >= 0.000)
",0.000,0.000,0.000,1.000,0.000,0,0,2,0,0,2,2,0,0.0,0.0,1.0,0.0,0.0,1.0
"G[1,2](Triglyc <= 149.755 -> bmiZscore <= 0.115)
",9999999.000,9999999.000,0.000,1.000,0.000,0,0,2,0,0,2,2,0,0.0,0.0,1.0,0.0,0.0,1.0
"G[2,2](((Pt_SiblingT1D <= 0.000 & bmiPerc >= 0.000) -> Triglyc <= 0.000) & BldPrDia >= 0.000)
",0.000,0.000,0.000,1.000,0.000,0,0,2,0,0,2,2,0,0.0,0.0,1.0,0.0,0.0,1.0
"G[0,2](bmiZscore >= 0.053 & AutonomicNeuroCl <= 0.000)
",9999999.000,9999999.000,0.000,1.000,0.000,0,0,1,1,1,1,1,1,0.0,0.0,1.0,0.0,0.0,1.0
"G[1,2](((BGTestAvgNumPtRep >= 1.487 -> BldPrDia >= 63.780) | Pt_A1cGoalLevelDsYr5 <= 76.415) & AlbCreatRat_mggNew >= 63.231)
",9999999.000,9999999.000,0.000,1.000,0.000,0,0,0,2,2,0,0,2,0.0,0.0,0.0,0.0,0.0,1.0
"G[0,2]((Pt_SiblingT1D <= 0.000 -> BldPrSys >= 107.848) & diagAgeCombo <= 118.975)
",9999999.000,9999999.000,0.000,1.000,0.000,0,0,1,1,1,1,1,1,0.0,0.0,1.0,0.0,0.0,1.0
"G[1,2](((NumPumpBolusOrShortAct <= 0.000 & Pt_CGMUseNumDays >= 0.000) | GFR <= 0.000) & Pt_FatherT1D >= 0.000)
",9999999.000,9999999.000,0.000,1.000,0.000,0,0,2,0,0,2,2,0,0.0,0.0,1.0,0.0,0.0,1.0
"G[2,2]((bmi >= 26.783 -> Pt_GrandparentT1D <= 0.000) & HeightCm >= 0.000)
",0.000,0.000,0.000,1.000,0.000,0,0,2,0,0,2,2,0,0.0,0.0,1.0,0.0,0.0,1.0
"G[0,1]((Pt_InsGov >= 0.000 -> HbA1c >= 7.032) -> BUN <= 7.788)
",9999999.000,9999999.000,0.000,1.000,0.000,0,0,0,2,2,0,0,2,0.0,0.0,0.0,0.0,0.0,1.0
"G[2,2](((bmi <= 28.050 & bmi <= 28.191) -> age >= 27.379) | Pt_InsGov <= 28.110)
",28.110,28.110,0.000,1.000,0.000,0,0,2,0,0,2,2,0,0.0,0.0,1.0,0.0,0.0,1.0
"G[1,2]((BldPrDia <= 71.930 | Pt_DKAFlg >= 0.000) | Pt_DKAFlg <= 0.000)
",9999999.000,9999999.000,0.000,1.000,0.000,0,0,2,0,0,2,2,0,0.0,0.0,1.0,0.0,0.0,1.0
"G[0,2]((AutonomicNeuroCl <= 0.000 -> TotChol <= 198.414) | NumPumpBolusOrShortAct >= 160.692)
",9999999.000,9999999.000,0.000,1.000,0.000,0,0,1,1,1,1,1,1,0.0,0.0,1.0,0.0,0.0,1.0
"G[2,2]((Pt_SiblingT1D >= 0.000 -> UnitsInsBasalOrLongAct <= 10.984) & BldPrDia >= 3.593)
",-10.984,-10.984,0.000,1.000,0.000,0,0,2,0,0,2,2,0,0.0,0.0,1.0,0.0,0.0,1.0
"G[2,2]((Pt_InsGov <= 0.000 & Pt_GrandchildT1D >= 0.000) & bmiZscore <= 0.000)
",0.000,0.000,0.000,1.000,0.000,0,0,2,0,0,2,2,0,0.0,0.0,1.0,0.0,0.0,1.0
"G[1,2](((bmi >= 27.234 -> SMBGperDayPtMeterCombo >= 1.244) -> Pt_InsGov <= 2.160) -> Triglyc <= 1.952)
",9999999.000,9999999.000,0.000,1.000,0.000,0,0,0,2,2,0,0,2,0.0,0.0,0.0,0.0,0.0,1.0
"G[2,2](age >= 21.003 | BldPrDia <= 70.547)
",70.547,70.547,0.000,1.000,0.000,0,0,2,0,0,2,2,0,0.0,0.0,1.0,0.0,0.0,1.0
"G[0,2](((Pt_SHFlg >= 0.000 | HDL >= 59.766) & BldPrDia <= 66.442) | UnitsInsBasalOrLongAct <= 68.533)
",9999999.000,9999999.000,0.000,1.000,0.000,0,0,2,0,0,2,2,0,0.0,0.0,1.0,0.0,0.0,1.0
"G[0,2](BGTestAvgNumPtRep >= 0.312 -> bmi >= 27.158)
",9999999.000,9999999.000,0.000,1.000,0.000,0,0,1,1,1,1,1,1,0.0,0.0,1.0,0.0,0.0,1.0
"G[2,2](TotChol <= 189.256 -> WeightKg >= 82.722)
",-189.256,-189.256,0.000,1.000,0.000,0,0,2,0,0,2,2,0,0.0,0.0,1.0,0.0,0.0,1.0
"G[1,2]((DirectLDL >= 0.000 & bmi <= 27.994) & bmiPerc <= 28.236)
",9999999.000,9999999.000,0.000,1.000,0.000,0,0,2,0,0,2,2,0,0.0,0.0,1.0,0.0,0.0,1.0
"G[0,2](((BGTestAvgNumMeter <= 2.748 & TSH >= 0.000) & BldPrDia <= 0.000) | AlbCreatRat_mggNew <= 0.000)
",9999999.000,9999999.000,0.000,1.000,0.000,0,0,0,2,2,0,0,2,0.0,0.0,0.0,0.0,0.0,1.0
"G[0,2](bmiZscore <= 0.126 -> bmiZscore >= 0.040)
",9999999.000,9999999.000,0.000,1.000,0.000,0,0,1,1,1,1,1,1,0.0,0.0,1.0,0.0,0.0,1.0
"G[0,1]((BldPrDia <= 75.978 | NumPumpBolusOrShortAct <= 0.000) -> LDL <= 0.000)
",9999999.000,9999999.000,0.000,1.000,0.000,0,0,0,2,2,0,0,2,0.0,0.0,0.0,0.0,0.0,1.0
"G[1,2](TotChol >= 169.092 -> HbA1c >= 7.151)
",9999999.000,9999999.000,0.000,1.000,0.000,0,0,2,0,0,2,2,0,0.0,0.0,1.0,0.0,0.0,1.0
"G[0,2](((SMBGperDayPtMeterCombo <= 2.113 | bmi <= 27.731) & BldPrSys >= 27.124) -> Pt_DKAFlg <= 28.033)
",9999999.000,9999999.000,0.000,1.000,0.000,0,0,2,0,0,2,2,0,0.0,0.0,1.0,0.0,0.0,1.0
"G[0,2](BGTestAvgNumPtRep >= 0.803 -> bmiZscore <= 0.207)
",9999999.000,9999999.000,0.000,1.000,0.000,0,0,1,1,1,1,1,1,0.0,0.0,1.0,0.0,0.0,1.0
"G[0,0](((Pt_InsGov <= 0.000 & HDL <= 74.547) | bmiPerc <= 69.429) -> TSH >= 62.556)
",-58.736,-41.332,0.000,1.000,0.000,0,0,0,2,2,0,0,2,0.0,0.0,0.0,0.0,0.0,1.0
"G[0,1]((NumPumpBolusOrShortAct <= 0.000 -> HDL >= 65.125) & BGTestAvgNumMeter >= 59.064)
",9999999.000,9999999.000,0.000,1.000,0.000,0,0,0,2,2,0,0,2,0.0,0.0,0.0,0.0,0.0,1.0
"G[0,2]((BGTestAvgNumPtRep >= 1.741 & Pt_InsGov <= 0.000) -> Pt_GrandchildT1D >= 0.000)
",9999999.000,9999999.000,0.000,1.000,0.000,0,0,2,0,0,2,2,0,0.0,0.0,1.0,0.0,0.0,1.0
"G[0,2](((Pt_A1cGoalLev <= 5.400 & BGTestAvgNumMeter >= 1.136) & TSH <= 1.845) & bmi >= 0.676)
",9999999.000,9999999.000,0.000,1.000,0.000,0,0,0,2,2,0,0,2,0.0,0.0,0.0,0.0,0.0,1.0
"G[0,0](((diabDur <= 21.815 & GFR <= 43.074) | HDL >= 20.922) -> WeightKg <= 36.776)
",-2.447,-66.078,0.000,1.000,0.000,0,0,0,2,2,0,0,2,0.0,0.0,0.0,0.0,0.0,1.0
"G[0,2](TotalDailyInsPerKg >= 0.126 | Pt_MotherT1D <= 0.000)
",9999999.000,9999999.000,0.000,1.000,0.000,0,0,2,0,0,2,2,0,0.0,0.0,1.0,0.0,0.0,1.0
"G[2,2](DirectLDL <= 0.000 & Pt_GrandparentT1D <= 0.000)
",0.000,0.000,0.000,1.000,0.000,0,0,2,0,0,2,2,0,0.0,0.0,1.0,0.0,0.0,1.0
"G[1,2](NumPumpBolusOrShortAct <= 0.000 & Pt_InsGov >= 0.000)
",9999999.000,9999999.000,0.000,1.000,0.000,0,0,2,0,0,2,2,0,0.0,0.0,1.0,0.0,0.0,1.0
"G[1,2]((Pt_GrandparentT1D <= 0.000 & TotalDailyInsPerKg <= 0.336) & diagAgeCombo <= 0.501)
",9999999.000,9999999.000,0.000,1.000,0.000,0,0,0,2,2,0,0,2,0.0,0.0,0.0,0.0,0.0,1.0
"G[0,2]((DirectLDL >= 0.000 -> Pt_FatherT1D >= 0.000) | HbA1c >= 0.000)
",9999999.000,9999999.000,0.000,1.000,0.000,0,0,2,0,0,2,2,0,0.0,0.0,1.0,0.0,0.0,1.0
"G[2,2](((HbA1c >= 7.110 & Pt_SiblingT1D >= 0.000) | BUN >= 0.000) -> BGTestAvgNumPtRep >= 0.000)
",0.000,0.000,0.000,1.000,0.000,0,0,2,0,0,2,2,0,0.0,0.0,1.0,0.0,0.0,1.0
"G[1,2](((Pt_SHFlg >= 0.000 -> TotalDailyInsPerKg <= 0.431) -> Pt_InsGov <= 0.427) | LDL >= 0.307)
",9999999.000,9999999.000,0.000,1.000,0.000,0,0,2,0,0,2,2,0,0.0,0.0,1.0,0.0,0.0,1.0
"G[0,2]((AutonomicNeuroCl <= 0.000 | HbA1cImputeDtMnC >= 0.436) & NumPumpBolusOrShortAct >= 1.917)
",9999999.000,9999999.000,0.000,1.000,0.000,0,0,0,2,2,0,0,2,0.0,0.0,0.0,0.0,0.0,1.0
"G[0,2](Pt_CGMUseNumDays >= 0.000 -> Pt_ChildT1D >= 0.000)
",9999999.000,9999999.000,0.000,1.000,0.000,0,0,2,0,0,2,2,0,0.0,0.0,1.0,0.0,0.0,1.0
"G[1,2](((Pt_A1cGoalLevelDsYr5 >= 0.000 -> AutonomicNeuroCl >= 0.000) & Pt_FatherT1D <= 0.000) | BldPrDia >= 0.000)
",9999999.000,9999999.000,0.000,1.000,0.000,0,0,2,0,0,2,2,0,0.0,0.0,1.0,0.0,0.0,1.0
"G[1,2]((AutonomicNeuroCl <= 0.000 | WeightKg >= 82.562) | HeightCm >= 82.708)
",9999999.000,9999999.000,0.000,1.000,0.000,0,0,2,0,0,2,2,0,0.0,0.0,1.0,0.0,0.0,1.0
"G[0,2]((diabDur >= 19.239 -> NumPumpBolusOrShortAct <= 0.000) | TotalDailyInsPerKg >= 0.000)
",9999999.000,9999999.000,0.000,1.000,0.000,0,0,2,0,0,2,2,0,0.0,0.0,1.0,0.0,0.0,1.0
"G[0,2]((BGTestAvgNumMeter >= 1.148 | HeightCm <= 173.870) -> Pt_FatherT1D <= 174.102)
",9999999.000,9999999.000,0.000,1.000,0.000,0,0,2,0,0,2,2,0,0.0,0.0,1.0,0.0,0.0,1.0
"G[0,0](((age <= 24.948 -> Pt_A1cGoalLevelDsYr5 >= 0.000) -> Pt_A1cGoalLevelDsYr5 <= 0.000) & LDL <= 0.000)
",-1.000,-0.329,0.000,1.000,0.000,0,0,0,2,2,0,0,2,0.0,0.0,0.0,0.0,0.0,1.0
"G[1,2](((Pt_DKAFlg <= 0.000 & Pt_MotherT1D <= 0.000) -> Pt_ChildT1D <= 0.000) -> Pt_A1cGoalLev >= 0.000)
",9999999.000,9999999.000,0.000,1.000,0.000,0,0,2,0,0,2,2,0,0.0,0.0,1.0,0.0,0.0,1.0
"G[2,2]((AlbCreatRat_mggNew <= 4.841 | Pt_InsGov >= 0.000) -> Pt_DKAFlg <= 0.000)
",-4.841,-4.841,0.000,1.000,0.000,0,0,2,0,0,2,2,0,0.0,0.0,1.0,0.0,0.0,1.0
"G[0,2](TotalDailyInsPerKg <= 0.518 -> diabDur <= 22.245)
",9999999.000,9999999.000,0.000,1.000,0.000,0,0,1,1,1,1,1,1,0.0,0.0,1.0,0.0,0.0,1.0
"G[0,2]((TSH <= 0.000 | Pt_ChildT1D <= 0.000) & BldPrSys >= 0.000)
",9999999.000,9999999.000,0.000,1.000,0.000,0,0,2,0,0,2,2,0,0.0,0.0,1.0,0.0,0.0,1.0
"G[1,2](((GFR >= 19.738 -> HeightCm <= 174.304) -> Pt_SHFlg <= 174.468) -> HbA1cImputeDtMnC >= 173.096)
",9999999.000,9999999.000,0.000,1.000,0.000,0,0,0,2,2,0,0,2,0.0,0.0,0.0,0.0,0.0,1.0
"G[1,2](((NumPumpBolusOrShortAct <= 0.000 & UnitsInsBasalOrLongAct <= 7.488) | HDL >= 2.933) | Pt_SiblingT1D <= 17.875)
",9999999.000,9999999.000,0.000,1.000,0.000,0,0,2,0,0,2,2,0,0.0,0.0,1.0,0.0,0.0,1.0
"G[1,2](((BldPrSys <= 117.950 & Pt_GrandchildT1D <= 0.000) | Pt_A1cGoalLev <= 0.000) | Pt_GrandparentT1D >= 0.000)
",9999999.000,9999999.000,0.000,1.000,0.000,0,0,2,0,0,2,2,0,0.0,0.0,1.0,0.0,0.0,1.0
"G[1,2](((SMBGperDayPtMeterCombo <= 1.359 -> Pt_A1cGoalLev >= 0.611) | HeightCm <= 4.370) | HeightCm <= 4.990)
",9999999.000,9999999.000,0.000,1.000,0.000,0,0,1,1,1,1,1,1,0.0,0.0,1.0,0.0,0.0,1.0
"G[0,2](diagAgeCombo <= 1.000 | Pt_CGMUseNumDays >= 0.000)
",9999999.000,9999999.000,0.000,1.000,0.000,0,0,2,0,0,2,2,0,0.0,0.0,1.0,0.0,0.0,1.0
"G[1,2]((SMBGperDayPtMeterCombo >= 0.581 & Pt_MotherT1D <= 0.000) | Pt_A1cGoalLev <= 0.000)
",9999999.000,9999999.000,0.000,1.000,0.000,0,0,2,0,0,2,2,0,0.0,0.0,1.0,0.0,0.0,1.0
"G[0,2](Pt_SiblingT1D <= 0.000 & BldPrDia >= 64.123)
",9999999.000,9999999.000,0.000,1.000,0.000,0,0,0,2,2,0,0,2,0.0,0.0,0.0,0.0,0.0,1.0
"G[0,2](HbA1c <= 7.523 | NumPumpBolusOrShortAct <= 0.000)
",9999999.000,9999999.000,0.000,1.000,0.000,0,0,2,0,0,2,2,0,0.0,0.0,1.0,0.0,0.0,1.0
"G[0,2](HeightCm <= 174.670 & bmi >= 27.549)
",9999999.000,9999999.000,0.000,1.000,0.000,0,0,0,2,2,0,0,2,0.0,0.0,0.0,0.0,0.0,1.0
"G[0,2](SMBGperDayPtMeterCombo >= 0.348 & BGTestAvgNumPtRep >= 0.536)
",9999999.000,9999999.000,0.000,1.000,0.000,0,0,1,1,1,1,1,1,0.0,0.0,1.0,0.0,0.0,1.0
"G[2,2](Pt_GrandparentT1D <= 0.000 & AlbCreatRat_mggNew >= 4.311)
",-4.311,-4.311,0.000,1.000,0.000,0,0,2,0,0,2,2,0,0.0,0.0,1.0,0.0,0.0,1.0
"G[0,2]((TotalDailyInsPerKg <= 0.474 & TotChol <= 191.283) -> diagAgeCombo <= 179.113)
",9999999.000,9999999.000,0.000,1.000,0.000,0,0,2,0,0,2,2,0,0.0,0.0,1.0,0.0,0.0,1.0
"G[1,2]((BGTestAvgNumMeter <= 2.228 | BGTestAvgNumPtRep >= 1.400) -> TotChol <= 4.705)
",9999999.000,9999999.000,0.000,1.000,0.000,0,0,0,2,2,0,0,2,0.0,0.0,0.0,0.0,0.0,1.0
"G[0,0]((LDL >= 78.402 & TotalDailyInsPerKg >= 0.058) & WeightKg <= 0.492)
",-237.181,-78.073,0.000,1.000,0.000,0,0,0,2,2,0,0,2,0.0,0.0,0.0,0.0,0.0,1.0
"G[0,2]((BGTestAvgNumMeter <= 1.715 -> HbA1cImputeDtMnC <= 23.632) -> Pt_CGMUseNumDays >= 6.593)
",9999999.000,9999999.000,0.000,1.000,0.000,0,0,1,1,1,1,1,1,0.0,0.0,1.0,0.0,0.0,1.0
"G[1,2]((BGTestAvgNumPtRep >= 0.886 -> diabDur >= 19.106) -> BldPrSys >= 19.541)
",9999999.000,9999999.000,0.000,1.000,0.000,0,0,2,0,0,2,2,0,0.0,0.0,1.0,0.0,0.0,1.0
"G[2,2]((BGTestAvgNumPtRep >= 0.204 -> HbA1cImputeDtMnC <= 28.693) & diagAgeCombo >= 19.925)
",-28.693,-28.693,0.000,1.000,0.000,0,0,2,0,0,2,2,0,0.0,0.0,1.0,0.0,0.0,1.0
"G[0,1]((BGTestAvgNumMeter >= 0.671 & HeightCm <= 174.054) & bmiPerc <= 174.080)
",9999999.000,9999999.000,0.000,1.000,0.000,0,0,0,2,2,0,0,2,0.0,0.0,0.0,0.0,0.0,1.0
"G[1,2](((HbA1cImputeDtMnC <= 38.287 | HeightCm >= 173.123) | Pt_A1cGoalLevelDsYr5 >= 172.975) -> WeightKg >= 173.084)
",9999999.000,9999999.000,0.000,1.000,0.000,0,0,1,1,1,1,1,1,0.0,0.0,1.0,0.0,0.0,1.0
"G[0,2]((bmiZscore >= 0.029 & WeightKg <= 85.463) -> AlbCreatRat_mggNew <= 87.644)
",9999999.000,9999999.000,0.000,1.000,0.000,0,0,2,0,0,2,2,0,0.0,0.0,1.0,0.0,0.0,1.0
"G[1,2]((HDL >= 63.762 & Pt_A1cGoalLev <= 6.134) & TotalDailyInsPerKg >= 0.147)
",9999999.000,9999999.000,0.000,1.000,0.000,0,0,0,2,2,0,0,2,0.0,0.0,0.0,0.0,0.0,1.0
"G[0,2](((GFR <= 38.317 | Triglyc <= 155.566) | NumPumpBolusOrShortAct <= 150.704) | diabDur <= 150.946)
",9999999.000,9999999.000,0.000,1.000,0.000,0,0,2,0,0,2,2,0,0.0,0.0,1.0,0.0,0.0,1.0
"G[0,2](BldPrDia >= 62.468 -> BldPrSys <= 118.695)
",9999999.000,9999999.000,0.000,1.000,0.000,0,0,1,1,1,1,1,1,0.0,0.0,1.0,0.0,0.0,1.0
"G[1,2](((age >= 22.671 | WeightKg >= 83.084) & Pt_ChildT1D <= 87.965) | bmiPerc <= 85.562)
",9999999.000,9999999.000,0.000,1.000,0.000,0,0,2,0,0,2,2,0,0.0,0.0,1.0,0.0,0.0,1.0
"G[0,2](HbA1c >= 7.342 -> WeightKg <= 83.466)
",9999999.000,9999999.000,0.000,1.000,0.000,0,0,2,0,0,2,2,0,0.0,0.0,1.0,0.0,0.0,1.0
"G[1,2](((bmiZscore >= 0.071 | HbA1c <= 7.583) -> HbA1c <= 7.780) & AlbCreatRat_mggNew >= 7.088)
",9999999.000,9999999.000,0.000,1.000,0.000,0,0,0,2,2,0,0,2,0.0,0.0,0.0,0.0,0.0,1.0
"G[2,2](((AlbCreatRat_mggNew >= 4.511 & HbA1cImputeDtMnC >= 16.121) | WeightKg <= 25.023) | AlbCreatRat_mggNew >= 0.405)
",25.023,25.023,0.000,1.000,0.000,0,0,2,0,0,2,2,0,0.0,0.0,1.0,0.0,0.0,1.0
"G[2,2](((BGTestAvgNumPtRep <= 2.569 & WeightKg <= 84.551) -> TotChol >= 83.018) | AutonomicNeuroCl >= 83.372)
",-2.569,-2.569,0.000,1.000,0.000,0,0,2,0,0,2,2,0,0.0,0.0,1.0,0.0,0.0,1.0
"G[1,2](((TotChol >= 156.989 | UnitsInsBasalOrLongAct <= 12.301) -> diagAgeCombo <= 20.050) & bmi <= 16.820)
",9999999.000,9999999.000,0.000,1.000,0.000,0,0,0,2,2,0,0,2,0.0,0.0,0.0,0.0,0.0,1.0
"G[0,2](TotalDailyInsPerKg >= 0.128 | WeightKg <= 84.481)
",9999999.000,9999999.000,0.000,1.000,0.000,0,0,2,0,0,2,2,0,0.0,0.0,1.0,0.0,0.0,1.0
"G[0,2](GFR <= 41.330 -> HeightCm >= 173.789)
",9999999.000,9999999.000,0.000,1.000,0.000,0,0,1,1,1,1,1,1,0.0,0.0,1.0,0.0,0.0,1.0
"G[0,0](((HbA1c >= 7.043 | Triglyc <= 132.848) | diagAgeCombo >= 114.456) -> BldPrDia >= 124.949)
",-0.054,-0.400,0.000,1.000,0.000,0,0,0,2,2,0,0,2,0.0,0.0,0.0,0.0,0.0,1.0
"G[0,2]((HeightCm <= 174.752 -> Pt_A1cGoalLev <= 3.344) | HDL >= 0.983)
",9999999.000,9999999.000,0.000,1.000,0.000,0,0,2,0,0,2,2,0,0.0,0.0,1.0,0.0,0.0,1.0
"G[0,1](((TotalDailyInsPerKg >= 0.249 | UnitsInsBasalOrLongAct >= 3.342) & DirectLDL >= 1.812) & Pt_GrandparentT1D <= 10.624)
",9999999.000,9999999.000,0.000,1.000,0.000,0,0,0,2,2,0,0,2,0.0,0.0,0.0,0.0,0.0,1.0
"G[2,2](((HeightCm >= 173.564 -> WeightKg >= 81.738) -> TSH <= 84.723) -> DirectLDL >= 82.703)
",82.703,82.703,0.000,1.000,0.000,0,0,2,0,0,2,2,0,0.0,0.0,1.0,0.0,0.0,1.0
"G[0,2](HeightCm <= 174.693 | TotChol >= 168.433)
",9999999.000,9999999.000,0.000,1.000,0.000,0,0,2,0,0,2,2,0,0.0,0.0,1.0,0.0,0.0,1.0
"G[2,2](((BGTestAvgNumPtRep >= 2.060 -> LDL <= 90.189) | AutonomicNeuroCl <= 103.910) | GFR >= 59.681)
",103.910,103.910,0.000,1.000,0.000,0,0,2,0,0,2,2,0,0.0,0.0,1.0,0.0,0.0,1.0
"G[0,2](age <= 23.892 & Pt_SHFlg >= 0.000)
",9999999.000,9999999.000,0.000,1.000,0.000,0,0,1,1,1,1,1,1,0.0,0.0,1.0,0.0,0.0,1.0
"G[1,2]((HeightCm >= 172.949 -> TotalDailyInsPerKg >= 0.205) & AlbCreatRat_mggNew >= 0.059)
",9999999.000,9999999.000,0.000,1.000,0.000,0,0,2,0,0,2,2,0,0.0,0.0,1.0,0.0,0.0,1.0
"G[2,2](SMBGperDayPtMeterCombo >= 1.057 & BGTestAvgNumPtRep >= 1.985)
",-1.985,-1.985,0.000,1.000,0.000,0,0,2,0,0,2,2,0,0.0,0.0,1.0,0.0,0.0,1.0
"G[1,2](GFR <= 91.779 -> BUN >= 1.578)
",9999999.000,9999999.000,0.000,1.000,0.000,0,0,2,0,0,2,2,0,0.0,0.0,1.0,0.0,0.0,1.0
"G[1,2](SMBGperDayPtMeterCombo >= 0.069 & BGTestAvgNumPtRep >= 0.182)
",9999999.000,9999999.000,0.000,1.000,0.000,0,0,1,1,1,1,1,1,0.0,0.0,1.0,0.0,0.0,1.0
"G[1,2]((WeightKg >= 83.409 | bmi >= 27.603) -> UnitsInsBasalOrLongAct <= 25.339)
",9999999.000,9999999.000,0.000,1.000,0.000,0,0,2,0,0,2,2,0,0.0,0.0,1.0,0.0,0.0,1.0
"G[1,2](SMBGperDayPtMeterCombo >= 1.091 & BGTestAvgNumPtRep >= 2.153)
",9999999.000,9999999.000,0.000,1.000,0.000,0,0,1,1,1,1,1,1,0.0,0.0,1.0,0.0,0.0,1.0
"G[0,2](GFR <= 85.723 -> BUN >= 3.233)
",9999999.000,9999999.000,0.000,1.000,0.000,0,0,1,1,1,1,1,1,0.0,0.0,1.0,0.0,0.0,1.0
"G[0,2]((WeightKg >= 82.875 | bmi >= 27.227) -> UnitsInsBasalOrLongAct <= 9.426)
",9999999.000,9999999.000,0.000,1.000,0.000,0,0,1,1,1,1,1,1,0.0,0.0,1.0,0.0,0.0,1.0
"G[0,2](GFR <= 104.104 -> BUN >= 4.127)
",9999999.000,9999999.000,0.000,1.000,0.000,0,0,1,1,1,1,1,1,0.0,0.0,1.0,0.0,0.0,1.0
"G[0,2](SMBGperDayPtMeterCombo >= 0.531 & BGTestAvgNumPtRep >= 1.582)
",9999999.000,9999999.000,0.000,1.000,0.000,0,0,1,1,1,1,1,1,0.0,0.0,1.0,0.0,0.0,1.0
"G[1,2](GFR <= 78.759 -> BUN >= 6.245)
",9999999.000,9999999.000,0.000,1.000,0.000,0,0,2,0,0,2,2,0,0.0,0.0,1.0,0.0,0.0,1.0
"G[1,2](GFR <= 67.407 -> BUN >= 3.953)
",9999999.000,9999999.000,0.000,1.000,0.000,0,0,2,0,0,2,2,0,0.0,0.0,1.0,0.0,0.0,1.0
"G[0,2]((WeightKg >= 81.916 | bmi >= 26.783) -> UnitsInsBasalOrLongAct <= 14.612)
",9999999.000,9999999.000,0.000,1.000,0.000,0,0,1,1,1,1,1,1,0.0,0.0,1.0,0.0,0.0,1.0
"G[1,2](SMBGperDayPtMeterCombo >= 0.546 & BGTestAvgNumPtRep >= 1.948)
",9999999.000,9999999.000,0.000,1.000,0.000,0,0,1,1,1,1,1,1,0.0,0.0,1.0,0.0,0.0,1.0
"G[1,2]((WeightKg >= 82.168 | bmi >= 27.298) -> UnitsInsBasalOrLongAct <= 22.561)
",9999999.000,9999999.000,0.000,1.000,0.000,0,0,2,0,0,2,2,0,0.0,0.0,1.0,0.0,0.0,1.0
"G[1,2](SMBGperDayPtMeterCombo >= 1.076 & BGTestAvgNumPtRep >= 0.653)
",9999999.000,9999999.000,0.000,1.000,0.000,0,0,1,1,1,1,1,1,0.0,0.0,1.0,0.0,0.0,1.0
"G[1,2]((WeightKg >= 82.183 | bmi >= 27.076) -> UnitsInsBasalOrLongAct <= 16.258)
",9999999.000,9999999.000,0.000,1.000,0.000,0,0,2,0,0,2,2,0,0.0,0.0,1.0,0.0,0.0,1.0
"G[1,2](GFR <= 33.314 -> BUN >= 1.594)
",9999999.000,9999999.000,0.000,1.000,0.000,0,0,2,0,0,2,2,0,0.0,0.0,1.0,0.0,0.0,1.0
"G[0,2]((WeightKg >= 81.999 | bmi >= 27.260) -> UnitsInsBasalOrLongAct <= 11.425)
",9999999.000,9999999.000,0.000,1.000,0.000,0,0,1,1,1,1,1,1,0.0,0.0,1.0,0.0,0.0,1.0
"G[0,2](diabDur > 20.288 & Pt_SHFlg = 0.000)
",9999999.000,9999999.000,0.000,1.000,0.000,0,0,1,1,1,1,1,1,0.0,0.0,1.0,0.0,0.0,1.0
"G[1,2](DirectLDL >= 0.000 -> Pt_SHFlg = 0.000)
",9999999.000,9999999.000,0.000,1.000,0.000,0,0,2,0,0,2,2,0,0.0,0.0,1.0,0.0,0.0,1.0
"G[1,2](diagAgeCombo <= 1.000 -> Pt_SHFlg = 0.000)
",9999999.000,9999999.000,0.000,1.000,0.000,0,0,2,0,0,2,2,0,0.0,0.0,1.0,0.0,0.0,1.0
"G[2,2](TotChol >= 168.272 & Pt_SHFlg = 0.000)
",-168.272,-168.272,0.000,1.000,0.000,0,0,2,0,0,2,2,0,0.0,0.0,1.0,0.0,0.0,1.0
"G[2,2](Pt_GrandchildT1D > 0.000 & Pt_SHFlg = 0.000)
",0.000,0.000,0.000,1.000,0.000,0,0,2,0,0,2,2,0,0.0,0.0,1.0,0.0,0.0,1.0
"G[1,2](((BGTestAvgNumPtRep >= 2.231 & GFR >= 7.014) -> AlbCreatRat_mggNew >= 10.247) | Pt_GrandparentT1D >= 26.810)
",9999999.000,9999999.000,0.000,1.000,0.000,0,0,2,0,0,2,2,0,0.0,0.0,1.0,0.0,0.0,1.0
"G[0,2](((TotChol <= 177.497 | WeightKg <= 84.458) | Pt_A1cGoalLev >= 82.903) & TotalDailyInsPerKg >= 82.130)
",9999999.000,9999999.000,0.000,1.000,0.000,0,0,0,2,2,0,0,2,0.0,0.0,0.0,0.0,0.0,1.0
"G[0,2]((GFR <= 109.411 | LDL >= 60.919) & Pt_FatherT1D <= 108.258)
",9999999.000,9999999.000,0.000,1.000,0.000,0,0,1,1,1,1,1,1,0.0,0.0,1.0,0.0,0.0,1.0
"G[0,0](((BGTestAvgNumMeter >= 0.080 | GFR <= 57.485) -> Pt_GrandchildT1D >= 7.758) & HbA1cImputeDtMnC <= 114.540)
",-603.996,-57.310,0.000,1.000,0.000,0,0,0,2,2,0,0,2,0.0,0.0,0.0,0.0,0.0,1.0
"G[1,2](bmiZscore >= 0.048 | TotChol >= 155.372)
",9999999.000,9999999.000,0.000,1.000,0.000,0,0,2,0,0,2,2,0,0.0,0.0,1.0,0.0,0.0,1.0
"G[2,2]((AlbCreatRat_mggNew >= 4.219 -> BUN >= 5.798) & TotalDailyInsPerKg <= 9.185)
",4.219,4.219,0.000,1.000,0.000,0,0,2,0,0,2,2,0,0.0,0.0,1.0,0.0,0.0,1.0
"G[0,2]((HDL >= 59.980 | WeightKg <= 83.593) -> SMBGperDayPtMeterCombo >= 82.526)
",9999999.000,9999999.000,0.000,1.000,0.000,0,0,0,2,2,0,0,2,0.0,0.0,0.0,0.0,0.0,1.0
"G[0,2](SMBGperDayPtMeterCombo <= 2.938 & Triglyc <= 138.121)
",9999999.000,9999999.000,0.000,1.000,0.000,0,0,0,2,2,0,0,2,0.0,0.0,0.0,0.0,0.0,1.0
"G[1,2]((BldPrSys <= 115.044 -> WeightKg <= 85.910) & Pt_InsGov >= 82.153)
",9999999.000,9999999.000,0.000,1.000,0.000,0,0,0,2,2,0,0,2,0.0,0.0,0.0,0.0,0.0,1.0
"G[1,2]((BGTestAvgNumPtRep >= 2.216 | BldPrSys <= 112.905) | diagAgeCombo >= 99.661)
",9999999.000,9999999.000,0.000,1.000,0.000,0,0,2,0,0,2,2,0,0.0,0.0,1.0,0.0,0.0,1.0
"G[0,2](BGTestAvgNumMeter >= 1.247 | BldPrSys >= 103.936)
",9999999.000,9999999.000,0.000,1.000,0.000,0,0,1,1,1,1,1,1,0.0,0.0,1.0,0.0,0.0,1.0
"G[2,2](((BldPrSys <= 113.136 -> bmiZscore >= 0.106) | HDL >= 0.021) | BUN <= 0.213)
",0.213,0.213,0.000,1.000,0.000,0,0,2,0,0,2,2,0,0.0,0.0,1.0,0.0,0.0,1.0
"G[1,1]((BldPrSys >= 99.884 -> TotChol <= 182.174) & UnitsInsBasalOrLongAct >= 167.571)
",-182.174,-182.174,0.000,1.000,0.000,0,0,0,2,2,0,0,2,0.0,0.0,0.0,0.0,0.0,1.0
"G[1,2](((bmiZscore >= 0.034 -> BUN >= 3.657) | TotalDailyInsPerKg <= 10.275) -> Triglyc <= 10.936)
",9999999.000,9999999.000,0.000,1.000,0.000,0,0,0,2,2,0,0,2,0.0,0.0,0.0,0.0,0.0,1.0
"G[0,2]((BldPrDia <= 77.944 -> HDL <= 69.659) & SMBGperDayPtMeterCombo <= 67.249)
",9999999.000,9999999.000,0.000,1.000,0.000,0,0,1,1,1,1,1,1,0.0,0.0,1.0,0.0,0.0,1.0
"G[0,2](((BUN <= 9.340 & HbA1c >= 7.420) & HDL >= 7.043) & Pt_ChildT1D >= 6.909)
",9999999.000,9999999.000,0.000,1.000,0.000,0,0,0,2,2,0,0,2,0.0,0.0,0.0,0.0,0.0,1.0
"G[0,2](SMBGperDayPtMeterCombo >= 0.726 -> Triglyc >= 121.458)
",9999999.000,9999999.000,0.000,1.000,0.000,0,0,2,0,0,2,2,0,0.0,0.0,1.0,0.0,0.0,1.0
"G[0,1](((Pt_GrandparentT1D <= 0.000 -> BUN <= 10.311) & Pt_DKAFlg >= 3.052) & HbA1cImputeDtMnC <= 9.347)
",9999999.000,9999999.000,0.000,1.000,0.000,0,0,0,2,2,0,0,2,0.0,0.0,0.0,0.0,0.0,1.0
"G[0,2](((BldPrDia <= 68.020 -> diabDur <= 21.376) & Pt_GrandchildT1D <= 22.620) & diagAgeCombo >= 19.353)
",9999999.000,9999999.000,0.000,1.000,0.000,0,0,0,2,2,0,0,2,0.0,0.0,0.0,0.0,0.0,1.0
"G[0,2](((BGTestAvgNumPtRep <= 3.892 | HDL >= 62.526) & Pt_SiblingT1D >= 65.341) & Pt_SiblingT1D <= 73.131)
",9999999.000,9999999.000,0.000,1.000,0.000,0,0,0,2,2,0,0,2,0.0,0.0,0.0,0.0,0.0,1.0
"G[2,2]((GFR >= 5.516 -> WeightKg >= 81.959) -> Pt_DKAFlg <= 87.073)
",-87.073,-87.073,0.000,1.000,0.000,0,0,2,0,0,2,2,0,0.0,0.0,1.0,0.0,0.0,1.0
"G[1,2]((BGTestAvgNumMeter <= 1.561 | HeightCm >= 173.335) -> TotChol <= 174.145)
",9999999.000,9999999.000,0.000,1.000,0.000,0,0,1,1,1,1,1,1,0.0,0.0,1.0,0.0,0.0,1.0
"G[1,2](bmiZscore >= 0.095 & HeightCm >= 173.438)
",9999999.000,9999999.000,0.000,1.000,0.000,0,0,0,2,2,0,0,2,0.0,0.0,0.0,0.0,0.0,1.0
"G[0,2](((diabDur <= 22.289 & HDL >= 60.306) | UnitsInsBasalOrLongAct <= 68.090) & Pt_GrandparentT1D <= 75.886)
",9999999.000,9999999.000,0.000,1.000,0.000,0,0,2,0,0,2,2,0,0.0,0.0,1.0,0.0,0.0,1.0
"G[1,2](Pt_InsGov >= 0.000 | LDL <= 108.053)
",9999999.000,9999999.000,0.000,1.000,0.000,0,0,2,0,0,2,2,0,0.0,0.0,1.0,0.0,0.0,1.0
"G[0,1](((BUN >= 1.499 -> Pt_InsGov >= 0.000) | diabDur <= 0.000) & diabDur <= 0.000)
",9999999.000,9999999.000,0.000,1.000,0.000,0,0,0,2,2,0,0,2,0.0,0.0,0.0,0.0,0.0,1.0
"G[1,2](((age <= 24.995 | Pt_InsGov <= 0.000) -> SMBGperDayPtMeterCombo >= 0.000) | Pt_GrandchildT1D >= 0.000)
",9999999.000,9999999.000,0.000,1.000,0.000,0,0,2,0,0,2,2,0,0.0,0.0,1.0,0.0,0.0,1.0
"G[1,1](AlbCreatRat_mggNew >= 4.294 & HDL >= 59.830)
",-59.830,-59.830,0.000,1.000,0.000,0,0,0,2,2,0,0,2,0.0,0.0,0.0,0.0,0.0,1.0
"G[0,2](((BldPrDia >= 66.804 & HeightCm <= 174.598) & Pt_CGMUseNumDays >= 173.318) | Pt_GrandchildT1D >= 173.607)
",9999999.000,9999999.000,0.000,1.000,0.000,0,0,0,2,2,0,0,2,0.0,0.0,0.0,0.0,0.0,1.0
"G[1,2](BldPrDia <= 70.351 -> TotalDailyInsPerKg <= 0.481)
",9999999.000,9999999.000,0.000,1.000,0.000,0,0,1,1,1,1,1,1,0.0,0.0,1.0,0.0,0.0,1.0
"G[0,2](((BUN <= 9.921 | HeightCm <= 174.360) -> bmiZscore <= 174.662) -> BldPrSys <= 174.574)
",9999999.000,9999999.000,0.000,1.000,0.000,0,0,2,0,0,2,2,0,0.0,0.0,1.0,0.0,0.0,1.0
"G[0,1](((BGTestAvgNumMeter <= 2.182 | UnitsInsBasalOrLongAct >= 0.989) | UnitsInsBasalOrLongAct <= 14.902) -> BldPrSys <= 26.835)
",9999999.000,9999999.000,0.000,1.000,0.000,0,0,0,2,2,0,0,2,0.0,0.0,0.0,0.0,0.0,1.0
"G[0,2](BldPrSys >= 109.482 & HDL <= 70.593)
",9999999.000,9999999.000,0.000,1.000,0.000,0,0,0,2,2,0,0,2,0.0,0.0,0.0,0.0,0.0,1.0
"G[0,2](bmiZscore <= 0.202 -> HbA1cImputeDtMnC <= 28.815)
",9999999.000,9999999.000,0.000,1.000,0.000,0,0,1,1,1,1,1,1,0.0,0.0,1.0,0.0,0.0,1.0
"G[1,2]((HDL <= 75.726 | LDL <= 84.089) & Pt_InsGov <= 108.374)
",9999999.000,9999999.000,0.000,1.000,0.000,0,0,1,1,1,1,1,1,0.0,0.0,1.0,0.0,0.0,1.0
"G[0,2](((AlbCreatRat_mggNew >= 4.491 -> HeightCm >= 172.867) -> HeightCm <= 174.376) | SMBGperDayPtMeterCombo >= 173.338)
",9999999.000,9999999.000,0.000,1.000,0.000,0,0,1,1,1,1,1,1,0.0,0.0,1.0,0.0,0.0,1.0
"G[0,0](((bmi >= 26.951 | SMBGperDayPtMeterCombo <= 1.843) -> NumPumpBolusOrShortAct >= 0.467) | Pt_DKAFlg >= 0.905)
",0.467,0.467,0.000,1.000,0.000,0,0,0,2,2,0,0,2,0.0,0.0,0.0,0.0,0.0,1.0
"G[1,2](bmiZscore >= 0.071 | HDL >= 65.861)
",9999999.000,9999999.000,0.000,1.000,0.000,0,0,2,0,0,2,2,0,0.0,0.0,1.0,0.0,0.0,1.0
"G[0,2]((bmi >= 26.806 & HDL <= 70.955) -> Pt_CGMUseNumDays >= 61.387)
",9999999.000,9999999.000,0.000,1.000,0.000,0,0,0,2,2,0,0,2,0.0,0.0,0.0,0.0,0.0,1.0
"G[0,2]((HbA1c >= 7.424 | LDL >= 77.596) & HeightCm <= 104.723)
",9999999.000,9999999.000,0.000,1.000,0.000,0,0,0,2,2,0,0,2,0.0,0.0,0.0,0.0,0.0,1.0
"G[0,2](((BUN >= 2.237 -> TotalDailyInsPerKg <= 0.418) | Pt_InsGov <= 0.549) | LDL <= 0.529)
",9999999.000,9999999.000,0.000,1.000,0.000,0,0,2,0,0,2,2,0,0.0,0.0,1.0,0.0,0.0,1.0
"G[0,2]((HbA1c >= 7.370 -> Pt_A1cGoalLev <= 6.432) & WeightKg <= 3.185)
",9999999.000,9999999.000,0.000,1.000,0.000,0,0,0,2,2,0,0,2,0.0,0.0,0.0,0.0,0.0,1.0
"G[0,2](AlbCreatRat_mggNew <= 5.263 -> UnitsInsBasalOrLongAct >= 1.636)
",9999999.000,9999999.000,0.000,1.000,0.000,0,0,0,2,2,0,0,2,0.0,0.0,0.0,0.0,0.0,1.0
"G[0,1](((BldPrDia >= 61.319 -> bmiZscore <= 0.203) -> bmi <= 0.190) & Pt_A1cGoalLev <= 0.169)
",9999999.000,9999999.000,0.000,1.000,0.000,0,0,0,2,2,0,0,2,0.0,0.0,0.0,0.0,0.0,1.0
"G[0,1](((BUN <= 7.652 & SMBGperDayPtMeterCombo <= 1.623) | Pt_SiblingT1D >= 1.207) | BUN <= 2.178)
",9999999.000,9999999.000,0.000,1.000,0.000,0,0,0,2,2,0,0,2,0.0,0.0,0.0,0.0,0.0,1.0
"G[0,2]((BGTestAvgNumPtRep <= 3.207 | bmi >= 27.599) | WeightKg <= 28.079)
",9999999.000,9999999.000,0.000,1.000,0.000,0,0,1,1,1,1,1,1,0.0,0.0,1.0,0.0,0.0,1.0
"G[0,0]((HbA1cImputeDtMnC >= 9.233 | UnitsInsBasalOrLongAct <= 13.556) -> TSH >= 1.986)
",-7.505,-8.256,0.000,1.000,0.000,0,0,0,2,2,0,0,2,0.0,0.0,0.0,0.0,0.0,1.0
"G[2,2](((diabDur <= 21.762 -> Triglyc <= 126.240) | bmi >= 110.456) -> BGTestAvgNumMeter <= 137.588)
",-137.588,-137.588,0.000,1.000,0.000,0,0,2,0,0,2,2,0,0.0,0.0,1.0,0.0,0.0,1.0
"G[0,2](((GFR <= 45.478 & UnitsInsBasalOrLongAct <= 17.806) | Pt_GrandchildT1D <= 24.856) | HbA1cImputeDtMnC <= 26.554)
",9999999.000,9999999.000,0.000,1.000,0.000,0,0,2,0,0,2,2,0,0.0,0.0,1.0,0.0,0.0,1.0
"G[0,2](((HbA1c <= 7.719 | TotalDailyInsPerKg <= 0.428) & LDL >= 0.272) | Pt_MotherT1D <= 0.430)
",9999999.000,9999999.000,0.000,1.000,0.000,0,0,2,0,0,2,2,0,0.0,0.0,1.0,0.0,0.0,1.0
"G[0,2](((BldPrDia >= 63.661 | TotChol >= 166.790) | bmiZscore >= 154.397) | HDL <= 177.339)
",9999999.000,9999999.000,0.000,1.000,0.000,0,0,2,0,0,2,2,0,0.0,0.0,1.0,0.0,0.0,1.0
"G[0,2](((HbA1c >= 7.354 & HeightCm >= 173.654) -> BUN >= 173.137) & SMBGperDayPtMeterCombo >= 173.270)
",9999999.000,9999999.000,0.000,1.000,0.000,0,0,0,2,2,0,0,2,0.0,0.0,0.0,0.0,0.0,1.0
"G[1,2](((AlbCreatRat_mggNew <= 5.916 | BldPrDia <= 75.107) -> WeightKg <= 77.950) | GFR >= 63.314)
",9999999.000,9999999.000,0.000,1.000,0.000,0,0,1,1,1,1,1,1,0.0,0.0,1.0,0.0,0.0,1.0
"G[2,2](((diagAgeCombo >= 1.000 -> HDL >= 60.654) -> Pt_ChildT1D >= 61.351) & bmiPerc >= 57.017)
",-57.017,-57.017,0.000,1.000,0.000,0,0,2,0,0,2,2,0,0.0,0.0,1.0,0.0,0.0,1.0
