Rule,Discrimination Score,Pos Robustness,Neg Robustness,Percent Class +,Percent Class -,TP,TN,FP,FN,Actual Yes,Actual No,Predicted Yes,Predicted No,TPR/Sens,TNR/Spec,FPR,Precision,Accuracy,MCR
"G[0,0](((BGTestAvgNumMeter <= 3.283 -> BldPrDia <= 69.380) | diabDur >= 68.537) | bmiZscore <= 73.070)
",73.070,73.070,0.000,1.000,0.000,4,0,0,0,4,0,4,0,1.0,0.0,0.0,1.0,1.1428571428571428,-0.1428571428571428
"G[0,0](((UnitsInsBasalOrLongAct >= 0.797 & Pt_GrandparentT1D <= 0.000) -> Pt_MotherT1D >= 0.000) | bmiPerc <= 0.000)
",0.000,0.000,0.000,1.000,0.000,4,0,0,0,4,0,4,0,1.0,0.0,0.0,1.0,1.1428571428571428,-0.1428571428571428
"G[0,0](((HbA1c <= 8.087 | Pt_GrandparentT1D >= 0.000) -> UnitsInsBasalOrLongAct >= 0.000) & GFR <= 0.000)
",-10.879,-9.296,0.000,1.000,0.000,4,0,0,0,4,0,4,0,1.0,0.0,0.0,1.0,1.1428571428571428,-0.1428571428571428
"G[0,0]((BldPrDia >= 61.151 & UnitsInsBasalOrLongAct <= 11.207) -> Pt_FatherT1D <= 13.420)
",-1.643,-9.382,0.000,1.000,0.000,4,0,0,0,4,0,4,0,1.0,0.0,0.0,1.0,1.1428571428571428,-0.1428571428571428
"G[0,0]((WeightKg >= 8.687 | bmi >= 3.059) -> UnitsInsBasalOrLongAct <= 13.880)
",-1.560,-7.280,0.000,1.000,0.000,4,0,0,0,4,0,4,0,1.0,0.0,0.0,1.0,1.1428571428571428,-0.1428571428571428
"G[0,0](((Pt_MotherT1D <= 0.000 | HeightCm <= 155.251) & Pt_ChildT1D >= 19.892) -> HDL <= 70.450)
",19.892,19.892,0.000,1.000,0.000,4,0,0,0,4,0,4,0,1.0,0.0,0.0,1.0,1.1428571428571428,-0.1428571428571428
"G[0,0](Pt_SHFlg <= 0.000 | SMBGperDayPtMeterCombo >= 4.308)
",70.384,66.359,0.000,1.000,0.000,4,0,0,0,4,0,4,0,1.0,0.0,0.0,1.0,1.1428571428571428,-0.1428571428571428
"G[0,0](bmiPerc <= 0.000 | BldPrSys <= 109.320)
",109.320,109.320,0.000,1.000,0.000,4,0,0,0,4,0,4,0,1.0,0.0,0.0,1.0,1.1428571428571428,-0.1428571428571428
"G[0,0](TSH <= 0.320 | LDL <= 126.712)
",8916569799301133.000,126.712,0.000,1.000,0.000,4,0,0,0,4,0,4,0,1.0,0.0,0.0,1.0,1.1428571428571428,-0.1428571428571428
"G[0,1]((HbA1c <= 7.168 | TotalDailyInsPerKg <= 0.078) -> TotalDailyInsPerKg <= 0.155)
",9999999.000,9999999.000,0.000,1.000,0.000,3,0,1,0,3,1,4,0,1.0,0.0,1.0,0.75,0.8571428571428571,0.1428571428571429
"G[0,1]((BUN <= 9.540 & NumPumpBolusOrShortAct >= 0.823) | Pt_SiblingT1D <= 3.511)
",9999999.000,9999999.000,0.000,1.000,0.000,3,0,1,0,3,1,4,0,1.0,0.0,1.0,0.75,0.8571428571428571,0.1428571428571429
"G[1,1](Pt_GrandchildT1D >= 0.000 & Pt_SiblingT1D <= 0.000)
",0.000,0.000,0.000,1.000,0.000,3,0,1,0,3,1,4,0,1.0,0.0,1.0,0.75,0.8571428571428571,0.1428571428571429
"G[0,1](DirectLDL <= 0.763 | TotChol <= 0.000)
",9999999.000,9999999.000,0.000,1.000,0.000,3,0,1,0,3,1,4,0,1.0,0.0,1.0,0.75,0.8571428571428571,0.1428571428571429
"G[0,1](((HbA1cImputeDtMnC <= 70.322 -> TSH >= 0.195) & HeightCm >= 0.098) -> bmiZscore <= 0.692)
",9999999.000,9999999.000,0.000,1.000,0.000,3,0,1,0,3,1,4,0,1.0,0.0,1.0,0.75,0.8571428571428571,0.1428571428571429
"G[1,1]((Pt_MotherT1D <= 0.000 -> Pt_FatherT1D >= 0.000) | Pt_SiblingT1D <= 0.000)
",0.000,0.000,0.000,1.000,0.000,3,0,1,0,3,1,4,0,1.0,0.0,1.0,0.75,0.8571428571428571,0.1428571428571429
"G[0,0](bmiZscore <= -0.018 -> BUN >= 0.284)
",-0.706,-14.227,0.000,1.000,0.000,3,0,0,1,4,0,3,1,0.75,0.0,0.0,1.0,0.8571428571428571,0.1428571428571429
"G[0,0](HbA1cImputeDtMnC <= 58.996 | Pt_CGMUseNumDays <= 24.571)
",24.323,57.329,0.000,1.000,0.000,3,0,0,1,4,0,3,1,0.75,0.0,0.0,1.0,0.8571428571428571,0.1428571428571429
"G[1,1]((HeightCm <= 164.255 | Pt_GrandchildT1D >= 0.000) & Pt_ChildT1D >= 0.000)
",0.000,0.000,0.000,1.000,0.000,3,0,1,0,3,1,4,0,1.0,0.0,1.0,0.75,0.8571428571428571,0.1428571428571429
"G[0,0]((BGTestAvgNumMeter >= 0.795 | Pt_CGMUseNumDays <= 28.855) & UnitsInsBasalOrLongAct <= 14.912)
",1.011,5.807,0.000,1.000,0.000,3,0,0,1,4,0,3,1,0.75,0.0,0.0,1.0,0.8571428571428571,0.1428571428571429
"G[1,1](((Pt_CGMUseNumDays <= 17.717 & TSH <= 0.982) -> BUN >= 0.190) -> AlbCreatRat_mggNew >= 0.157)
",0.157,0.157,0.000,1.000,0.000,3,0,1,0,3,1,4,0,1.0,0.0,1.0,0.75,0.8571428571428571,0.1428571428571429
"G[1,1]((Pt_CGMUseNumDays >= 1.963 -> AlbCreatRat_mggNew >= 2.094) | HbA1c <= 8.533)
",8.533,8.533,0.000,1.000,0.000,3,0,1,0,3,1,4,0,1.0,0.0,1.0,0.75,0.8571428571428571,0.1428571428571429
"G[0,1](((AlbCreatRat_mggNew >= 2.328 & DirectLDL <= 0.871) -> TotalDailyInsPerKg >= 0.226) -> HeightCm <= 0.559)
",9999999.000,9999999.000,0.000,1.000,0.000,3,0,0,1,4,0,3,1,0.75,0.0,0.0,1.0,0.8571428571428571,0.1428571428571429
"G[1,1](((SMBGperDayPtMeterCombo >= 2.101 -> UnitsInsBasalOrLongAct <= 9.973) -> Pt_SiblingT1D <= 13.842) & BldPrSys >= 6.849)
",-13.842,-13.842,0.000,1.000,0.000,3,0,1,0,3,1,4,0,1.0,0.0,1.0,0.75,0.8571428571428571,0.1428571428571429
"G[0,1]((Pt_A1cGoalLevelDsYr5 >= 0.000 | HeightCm <= 27.262) | HDL >= 17.226)
",9999999.000,9999999.000,0.000,1.000,0.000,3,0,1,0,3,1,4,0,1.0,0.0,1.0,0.75,0.8571428571428571,0.1428571428571429
"G[0,0](BldPrDia <= 74.852 -> BldPrSys <= 113.442)
",-113.442,-113.442,0.000,1.000,0.000,3,0,0,1,4,0,3,1,0.75,0.0,0.0,1.0,0.8571428571428571,0.1428571428571429
"G[1,1]((AlbCreatRat_mggNew >= 4.592 -> BldPrDia >= 64.869) | HbA1cImputeDtMnC <= 75.956)
",75.956,75.956,0.000,1.000,0.000,3,0,1,0,3,1,4,0,1.0,0.0,1.0,0.75,0.8571428571428571,0.1428571428571429
"G[1,1](((Pt_CGMUseNumDays <= 25.204 | LDL <= 97.186) -> NumPumpBolusOrShortAct <= 125.151) | TotChol >= 13.889)
",-13.889,-13.889,0.000,1.000,0.000,3,0,1,0,3,1,4,0,1.0,0.0,1.0,0.75,0.8571428571428571,0.1428571428571429
"G[1,1](Pt_CGMUseNumDays >= 3.728 -> UnitsInsBasalOrLongAct <= 13.499)
",-13.499,-13.499,0.000,1.000,0.000,3,0,1,0,3,1,4,0,1.0,0.0,1.0,0.75,0.8571428571428571,0.1428571428571429
"G[0,1](((BGTestAvgNumPtRep <= 6.902 | diagAgeCombo >= 13.000) | AlbCreatRat_mggNew <= 13.000) -> TotalDailyInsPerKg <= 13.000)
",9999999.000,9999999.000,0.000,1.000,0.000,3,0,1,0,3,1,4,0,1.0,0.0,1.0,0.75,0.8571428571428571,0.1428571428571429
"G[1,1](((BldPrSys >= 105.776 & UnitsInsBasalOrLongAct >= 8.148) & BGTestAvgNumMeter >= 1.942) | diagAgeCombo >= 5.286)
",-5.286,-5.286,0.000,1.000,0.000,3,0,1,0,3,1,4,0,1.0,0.0,1.0,0.75,0.8571428571428571,0.1428571428571429
"G[0,1]((AutonomicNeuroCl >= 0.000 & Pt_A1cGoalLevelDsYr5 <= 0.000) | HDL <= 0.000)
",9999999.000,9999999.000,0.000,1.000,0.000,3,0,1,0,3,1,4,0,1.0,0.0,1.0,0.75,0.8571428571428571,0.1428571428571429
"G[0,1]((Pt_DKAFlg <= 0.000 & diabDur >= 19.748) | Pt_A1cGoalLev <= 22.847)
",9999999.000,9999999.000,0.000,1.000,0.000,3,0,1,0,3,1,4,0,1.0,0.0,1.0,0.75,0.8571428571428571,0.1428571428571429
"G[0,0](((AutonomicNeuroCl <= 0.000 -> TSH <= 0.390) & DirectLDL <= 0.383) -> Pt_CGMUseNumDays <= 1.466)
",1.414,0.260,0.000,1.000,0.000,3,0,0,1,4,0,3,1,0.75,0.0,0.0,1.0,0.8571428571428571,0.1428571428571429
"G[1,1](((NumPumpBolusOrShortAct <= 2.072 & BldPrSys >= 100.354) | Pt_A1cGoalLev >= 102.622) | diabDur <= 109.723)
",7721077657936341.000,109.723,0.000,1.000,0.000,3,0,1,0,3,1,4,0,1.0,0.0,1.0,0.75,0.8571428571428571,0.1428571428571429
"G[0,0](DirectLDL >= 0.078 & bmiPerc >= 0.000)
",-0.078,-0.078,0.000,1.000,0.000,3,0,0,1,4,0,3,1,0.75,0.0,0.0,1.0,0.8571428571428571,0.1428571428571429
"G[1,1](((AutonomicNeuroCl >= 0.000 | Pt_InsGov <= 0.000) & DirectLDL >= 0.000) & Pt_GrandparentT1D >= 0.000)
",0.000,0.000,0.000,1.000,0.000,3,0,1,0,3,1,4,0,1.0,0.0,1.0,0.75,0.8571428571428571,0.1428571428571429
"G[0,1]((HDL >= 5.033 -> Pt_DKAFlg >= 0.000) & HDL >= 0.000)
",9999999.000,9999999.000,0.000,1.000,0.000,3,0,1,0,3,1,4,0,1.0,0.0,1.0,0.75,0.8571428571428571,0.1428571428571429
"G[1,1]((Pt_MotherT1D <= 0.000 | bmiPerc >= 0.000) & Pt_GrandparentT1D <= 0.000)
",0.000,0.000,0.000,1.000,0.000,3,0,1,0,3,1,4,0,1.0,0.0,1.0,0.75,0.8571428571428571,0.1428571428571429
"G[1,1]((diabDur <= 20.475 -> bmi <= 12.408) | Pt_FatherT1D <= 5.302)
",5.302,5.302,0.000,1.000,0.000,3,0,1,0,3,1,4,0,1.0,0.0,1.0,0.75,0.8571428571428571,0.1428571428571429
"G[1,1]((TotChol <= 0.000 | Pt_A1cGoalLevelDsYr5 >= 0.000) & AutonomicNeuroCl >= 0.000)
",0.000,0.000,0.000,1.000,0.000,3,0,1,0,3,1,4,0,1.0,0.0,1.0,0.75,0.8571428571428571,0.1428571428571429
"G[0,1]((TSH <= 1.715 -> BldPrSys >= 100.673) -> HDL <= 110.477)
",9999999.000,9999999.000,0.000,1.000,0.000,3,0,1,0,3,1,4,0,1.0,0.0,1.0,0.75,0.8571428571428571,0.1428571428571429
"G[0,1](BldPrDia <= 70.112 | Pt_CGMUseNumDays <= 29.667)
",9999999.000,9999999.000,0.000,1.000,0.000,3,0,1,0,3,1,4,0,1.0,0.0,1.0,0.75,0.8571428571428571,0.1428571428571429
"G[0,1](((TotChol >= 0.000 -> bmiPerc <= 0.000) & HDL >= 0.000) & TotalDailyInsPerKg <= 0.000)
",9999999.000,9999999.000,0.000,1.000,0.000,3,0,0,1,4,0,3,1,0.75,0.0,0.0,1.0,0.8571428571428571,0.1428571428571429
"G[0,1]((bmiZscore >= -0.424 & HeightCm <= 84.394) | Pt_SiblingT1D >= 17.687)
",9999999.000,9999999.000,0.000,1.000,0.000,3,0,0,1,4,0,3,1,0.75,0.0,0.0,1.0,0.8571428571428571,0.1428571428571429
"G[0,1](BUN >= 0.470 -> bmiPerc <= 0.000)
",9999999.000,9999999.000,0.000,1.000,0.000,3,0,1,0,3,1,4,0,1.0,0.0,1.0,0.75,0.8571428571428571,0.1428571428571429
"G[0,0]((HDL <= 17.027 -> SMBGperDayPtMeterCombo >= 4.728) -> HbA1cImputeDtMnC >= 0.069)
",-0.678,-1.598,0.000,1.000,0.000,3,0,0,1,4,0,3,1,0.75,0.0,0.0,1.0,0.8571428571428571,0.1428571428571429
"G[1,1](((HDL <= 43.301 | bmiPerc >= 0.000) | diabDur >= 0.000) | diagAgeCombo <= 0.000)
",43.301,43.301,0.000,1.000,0.000,3,0,1,0,3,1,4,0,1.0,0.0,1.0,0.75,0.8571428571428571,0.1428571428571429
"G[0,1](BUN >= 1.052 | BldPrDia >= 60.007)
",9999999.000,9999999.000,0.000,1.000,0.000,3,0,0,1,4,0,3,1,0.75,0.0,0.0,1.0,0.8571428571428571,0.1428571428571429
"G[1,1]((Pt_SHFlg >= 0.000 -> HeightCm <= 122.101) | Pt_SiblingT1D >= 2.493)
",-2.493,-2.493,0.000,1.000,0.000,3,0,1,0,3,1,4,0,1.0,0.0,1.0,0.75,0.8571428571428571,0.1428571428571429
"G[0,0](BGTestAvgNumPtRep <= 7.631 | Pt_CGMUseNumDays >= 4.935)
",17521.065,17521.065,0.000,1.000,0.000,3,0,0,1,4,0,3,1,0.75,0.0,0.0,1.0,0.8571428571428571,0.1428571428571429
"G[0,1](((Pt_A1cGoalLev <= 5.562 & UnitsInsBasalOrLongAct <= 12.870) | TotChol <= 12.592) -> Pt_A1cGoalLev <= 12.895)
",9999999.000,9999999.000,0.000,1.000,0.000,3,0,1,0,3,1,4,0,1.0,0.0,1.0,0.75,0.8571428571428571,0.1428571428571429
"G[0,1]((AutonomicNeuroCl <= 0.000 | Pt_SHFlg <= 0.000) & Pt_SHFlg >= 0.000)
",9999999.000,9999999.000,0.000,1.000,0.000,3,0,1,0,3,1,4,0,1.0,0.0,1.0,0.75,0.8571428571428571,0.1428571428571429
"G[1,1]((HDL >= 5.113 -> Pt_GrandchildT1D >= 0.000) & WeightKg >= 0.000)
",0.000,0.000,0.000,1.000,0.000,3,0,1,0,3,1,4,0,1.0,0.0,1.0,0.75,0.8571428571428571,0.1428571428571429
"G[0,1](((bmiPerc >= 0.000 -> bmiPerc <= 0.000) & Pt_InsGov >= 0.000) | TSH <= 0.000)
",9999999.000,9999999.000,0.000,1.000,0.000,3,0,1,0,3,1,4,0,1.0,0.0,1.0,0.75,0.8571428571428571,0.1428571428571429
"G[0,0]((WeightKg >= 6.201 | bmi >= 1.821) -> UnitsInsBasalOrLongAct <= 11.562)
",-1.080,-5.008,0.000,1.000,0.000,3,0,0,1,4,0,3,1,0.75,0.0,0.0,1.0,0.8571428571428571,0.1428571428571429
"G[1,1](((AutonomicNeuroCl <= 0.000 | HbA1c >= 1.243) & Pt_InsGov <= 6.994) | SMBGperDayPtMeterCombo <= 6.987)
",6.987,6.987,0.000,1.000,0.000,3,0,1,0,3,1,4,0,1.0,0.0,1.0,0.75,0.8571428571428571,0.1428571428571429
"G[1,1]((diagAgeCombo <= 13.000 & Pt_GrandchildT1D >= 0.000) & Pt_SiblingT1D <= 0.000)
",0.000,0.000,0.000,1.000,0.000,3,0,1,0,3,1,4,0,1.0,0.0,1.0,0.75,0.8571428571428571,0.1428571428571429
"G[1,1]((BldPrSys >= 108.468 -> bmiPerc >= 0.000) -> Pt_DKAFlg >= 0.000)
",0.000,0.000,0.000,1.000,0.000,3,0,1,0,3,1,4,0,1.0,0.0,1.0,0.75,0.8571428571428571,0.1428571428571429
"G[1,1](TSH >= 0.019 | TotChol <= 0.000)
",0.000,0.000,0.000,1.000,0.000,3,0,1,0,3,1,4,0,1.0,0.0,1.0,0.75,0.8571428571428571,0.1428571428571429
"G[0,0](bmiZscore >= -0.679 & Pt_SHFlg = 0.000)
",-1.382,-32.099,0.000,1.000,0.000,3,0,0,1,4,0,3,1,0.75,0.0,0.0,1.0,0.8571428571428571,0.1428571428571429
"G[0,1](Triglyc <= 56.663 -> Pt_SHFlg = 0.000)
",9999999.000,9999999.000,0.000,1.000,0.000,3,0,1,0,3,1,4,0,1.0,0.0,1.0,0.75,0.8571428571428571,0.1428571428571429
"G[0,1]((WeightKg >= 8.109 | bmi >= 0.217) -> UnitsInsBasalOrLongAct <= 13.048)
",9999999.000,9999999.000,0.000,1.000,0.000,3,0,1,0,3,1,4,0,1.0,0.0,1.0,0.75,0.8571428571428571,0.1428571428571429
"G[0,1]((SMBGperDayPtMeterCombo <= 7.877 -> SMBGperDayPtMeterCombo <= 7.059) | bmi <= 5.815)
",9999999.000,9999999.000,0.000,1.000,0.000,3,0,1,0,3,1,4,0,1.0,0.0,1.0,0.75,0.8571428571428571,0.1428571428571429
"G[0,1](GFR < 0.000 -> Pt_SHFlg = 0.000)
",9999999.000,9999999.000,0.000,1.000,0.000,3,0,1,0,3,1,4,0,1.0,0.0,1.0,0.75,0.8571428571428571,0.1428571428571429
"G[1,1](((HeightCm >= 7.695 | Pt_A1cGoalLevelDsYr5 >= 0.000) & SMBGperDayPtMeterCombo >= 0.000) & bmiZscore >= 0.000)
",0.000,0.000,0.000,1.000,0.000,3,0,1,0,3,1,4,0,1.0,0.0,1.0,0.75,0.8571428571428571,0.1428571428571429
"G[0,0]((WeightKg >= 4.477 | bmi >= 1.286) -> UnitsInsBasalOrLongAct <= 10.979)
",-1.233,-5.194,0.000,1.000,0.000,3,0,0,1,4,0,3,1,0.75,0.0,0.0,1.0,0.8571428571428571,0.1428571428571429
"G[1,1]((HbA1cImputeDtMnC >= 2.483 & LDL <= 114.745) | diabDur <= 99.638)
",7011430064005093.000,99.638,0.000,1.000,0.000,3,0,1,0,3,1,4,0,1.0,0.0,1.0,0.75,0.8571428571428571,0.1428571428571429
"G[0,1]((bmi <= 20.478 -> HDL <= 46.132) | Pt_SiblingT1D >= 8.766)
",9999999.000,9999999.000,0.000,1.000,0.000,2,0,1,1,3,1,3,1,0.6666666666666666,0.0,1.0,0.6666666666666666,0.5714285714285714,0.4285714285714286
"G[0,1](BUN >= 1.165 -> UnitsInsBasalOrLongAct <= 11.784)
",9999999.000,9999999.000,0.000,1.000,0.000,2,0,1,1,3,1,3,1,0.6666666666666666,0.0,1.0,0.6666666666666666,0.5714285714285714,0.4285714285714286
"G[1,1](SMBGperDayPtMeterCombo >= 4.442 & BGTestAvgNumPtRep >= 2.691)
",-4.442,-4.442,0.000,1.000,0.000,2,0,1,1,3,1,3,1,0.6666666666666666,0.0,1.0,0.6666666666666666,0.5714285714285714,0.4285714285714286
"G[0,0](AlbCreatRat_mggNew >= 4.393 & NumPumpBolusOrShortAct <= 4.172)
",-4.393,-4.393,0.000,1.000,0.000,2,0,0,2,4,0,2,2,0.5,0.0,0.0,1.0,0.5714285714285714,0.4285714285714286
"G[0,0](BldPrSys <= 113.994 & DirectLDL >= 0.426)
",-0.426,-0.426,0.000,1.000,0.000,2,0,0,2,4,0,2,2,0.5,0.0,0.0,1.0,0.5714285714285714,0.4285714285714286
"G[0,1](((HDL <= 26.906 & NumPumpBolusOrShortAct >= 0.957) -> Pt_A1cGoalLev >= 0.599) -> BUN <= 4.911)
",9999999.000,9999999.000,0.000,1.000,0.000,2,0,1,1,3,1,3,1,0.6666666666666666,0.0,1.0,0.6666666666666666,0.5714285714285714,0.4285714285714286
"G[0,1](Pt_A1cGoalLev >= 0.500 -> WeightKg >= 8.409)
",9999999.000,9999999.000,0.000,1.000,0.000,2,0,1,1,3,1,3,1,0.6666666666666666,0.0,1.0,0.6666666666666666,0.5714285714285714,0.4285714285714286
"G[0,1]((diabDur >= 17.748 & NumPumpBolusOrShortAct <= 4.529) | Pt_CGMUseNumDays <= 4.870)
",9999999.000,9999999.000,0.000,1.000,0.000,2,0,1,1,3,1,3,1,0.6666666666666666,0.0,1.0,0.6666666666666666,0.5714285714285714,0.4285714285714286
"G[1,1](SMBGperDayPtMeterCombo >= 3.545 & BGTestAvgNumPtRep >= 5.139)
",-5.139,-5.139,0.000,1.000,0.000,2,0,1,1,3,1,3,1,0.6666666666666666,0.0,1.0,0.6666666666666666,0.5714285714285714,0.4285714285714286
"G[0,0](SMBGperDayPtMeterCombo >= 3.895 & BGTestAvgNumPtRep >= 4.608)
",-4.608,-4.608,0.000,1.000,0.000,2,0,0,2,4,0,2,2,0.5,0.0,0.0,1.0,0.5714285714285714,0.4285714285714286
"G[0,1]((bmiZscore >= -0.591 | HbA1cImputeDtMnC <= 51.927) & LDL >= 7.417)
",9999999.000,9999999.000,0.000,1.000,0.000,2,0,0,2,4,0,2,2,0.5,0.0,0.0,1.0,0.5714285714285714,0.4285714285714286
"G[0,0](HeightCm <= 61.553 & UnitsInsBasalOrLongAct <= 12.264)
",1.214,5.664,0.000,1.000,0.000,2,0,0,2,4,0,2,2,0.5,0.0,0.0,1.0,0.5714285714285714,0.4285714285714286
"G[0,1](((TotalDailyInsPerKg <= 0.057 & BGTestAvgNumPtRep <= 7.980) & AlbCreatRat_mggNew <= 8.734) | BGTestAvgNumMeter <= 6.637)
",9999999.000,9999999.000,0.000,1.000,0.000,2,0,1,1,3,1,3,1,0.6666666666666666,0.0,1.0,0.6666666666666666,0.5714285714285714,0.4285714285714286
"G[1,1](((age <= 35.943 | Triglyc >= 6.290) -> NumPumpBolusOrShortAct >= 16.442) | HbA1cImputeDtMnC >= 15.708)
",-15.708,-15.708,0.000,1.000,0.000,2,0,1,1,3,1,3,1,0.6666666666666666,0.0,1.0,0.6666666666666666,0.5714285714285714,0.4285714285714286
"G[0,1](BldPrSys >= 103.624 | HeightCm >= 2.539)
",9999999.000,9999999.000,0.000,1.000,0.000,2,0,1,1,3,1,3,1,0.6666666666666666,0.0,1.0,0.6666666666666666,0.5714285714285714,0.4285714285714286
"G[1,1]((Pt_A1cGoalLevelDsYr5 <= 0.000 -> LDL >= 58.087) | Pt_GrandchildT1D >= 20.295)
",0.000,0.000,0.000,1.000,0.000,2,0,1,1,3,1,3,1,0.6666666666666666,0.0,1.0,0.6666666666666666,0.5714285714285714,0.4285714285714286
"G[0,1](Triglyc <= 62.596 & Pt_SHFlg = 0.000)
",9999999.000,9999999.000,0.000,1.000,0.000,2,0,1,1,3,1,3,1,0.6666666666666666,0.0,1.0,0.6666666666666666,0.5714285714285714,0.4285714285714286
"G[1,1](HDL <= 32.215 & Pt_A1cGoalLev <= 2.943)
",2.943,2.943,0.000,1.000,0.000,2,0,1,1,3,1,3,1,0.6666666666666666,0.0,1.0,0.6666666666666666,0.5714285714285714,0.4285714285714286
"G[0,0](((age <= 34.736 & HbA1cImputeDtMnC >= 0.947) | Pt_SHFlg >= 20.034) & age <= 53.171)
",1.625,20.095,0.000,1.000,0.000,2,0,0,2,4,0,2,2,0.5,0.0,0.0,1.0,0.5714285714285714,0.4285714285714286
"G[0,0]((diabDur >= 19.320 | UnitsInsBasalOrLongAct >= 2.369) -> BGTestAvgNumMeter >= 2.687)
",-7.657,-13.014,0.000,1.000,0.000,1,0,0,3,4,0,1,3,0.25,0.0,0.0,1.0,0.2857142857142857,0.7142857142857143
"G[1,1](((Pt_MotherT1D >= 0.000 -> SMBGperDayPtMeterCombo >= 3.435) -> NumPumpBolusOrShortAct >= 4.913) & WeightKg <= 5.536)
",0.000,0.000,0.000,1.000,0.000,1,0,1,2,3,1,2,2,0.3333333333333333,0.0,1.0,0.5,0.2857142857142857,0.7142857142857143
"G[1,1]((Pt_CGMUseNumDays <= 24.919 -> diagAgeCombo >= 13.000) -> Pt_CGMUseNumDays >= 13.000)
",13.000,13.000,0.000,1.000,0.000,1,0,1,2,3,1,2,2,0.3333333333333333,0.0,1.0,0.5,0.2857142857142857,0.7142857142857143
"G[0,0]((BldPrDia <= 70.210 | Pt_A1cGoalLevelDsYr5 >= 0.000) & HbA1cImputeDtMnC <= 0.000)
",-0.707,-1.667,0.000,1.000,0.000,1,0,0,3,4,0,1,3,0.25,0.0,0.0,1.0,0.2857142857142857,0.7142857142857143
"G[0,0](WeightKg <= 28.959 & BGTestAvgNumPtRep <= 5.530)
",6226074955475573.000,5.530,0.000,1.000,0.000,1,0,0,3,4,0,1,3,0.25,0.0,0.0,1.0,0.2857142857142857,0.7142857142857143
"G[0,1]((AlbCreatRat_mggNew >= 2.159 & SMBGperDayPtMeterCombo >= 1.423) -> GFR >= 2.135)
",9999999.000,9999999.000,0.000,1.000,0.000,1,0,0,3,4,0,1,3,0.25,0.0,0.0,1.0,0.2857142857142857,0.7142857142857143
"G[0,1]((BldPrDia <= 74.850 -> GFR <= 0.000) -> HDL <= 0.000)
",9999999.000,9999999.000,0.000,1.000,0.000,1,0,1,2,3,1,2,2,0.3333333333333333,0.0,1.0,0.5,0.2857142857142857,0.7142857142857143
"G[0,0](BUN >= 0.483 & Pt_SHFlg <= 0.000)
",-1.402,-32.260,0.000,1.000,0.000,1,0,0,3,4,0,1,3,0.25,0.0,0.0,1.0,0.2857142857142857,0.7142857142857143
"G[0,0](diagAgeCombo >= 13.000 & UnitsInsBasalOrLongAct <= 10.871)
",-13.000,-13.000,0.000,1.000,0.000,1,0,0,3,4,0,1,3,0.25,0.0,0.0,1.0,0.2857142857142857,0.7142857142857143
"G[2,2](((BGTestAvgNumMeter >= 0.798 -> HbA1c <= 7.267) | Pt_CGMUseNumDays >= 6.322) | UnitsInsBasalOrLongAct <= 7.024)
",7908559572677485.000,7.024,0.000,1.000,0.000,0,0,4,0,0,4,4,0,0.0,0.0,1.0,0.0,0.0,1.0
"G[0,2](Pt_MotherT1D >= 0.000 & NumPumpBolusOrShortAct <= 1.646)
",9999999.000,9999999.000,0.000,1.000,0.000,0,0,3,1,1,3,3,1,0.0,0.0,1.0,0.0,0.0,1.0
"G[1,1]((BldPrDia <= 70.562 | BGTestAvgNumPtRep >= 3.322) & BldPrSys <= 7.435)
",7.435,7.435,0.000,1.000,0.000,0,0,1,3,3,1,1,3,0.0,0.0,1.0,0.0,0.0,1.0
"G[0,2]((BUN <= 10.177 | HeightCm <= 136.886) | DirectLDL >= 9.744)
",9999999.000,9999999.000,0.000,1.000,0.000,0,0,4,0,0,4,4,0,0.0,0.0,1.0,0.0,0.0,1.0
"G[2,2]((Pt_CGMUseNumDays <= 18.937 -> diagAgeCombo >= 13.000) -> LDL <= 13.000)
",-13.000,-13.000,0.000,1.000,0.000,0,0,4,0,0,4,4,0,0.0,0.0,1.0,0.0,0.0,1.0
"G[2,2](Pt_ChildT1D >= 0.000 -> BldPrSys <= 111.916)
",-111.916,-111.916,0.000,1.000,0.000,0,0,4,0,0,4,4,0,0.0,0.0,1.0,0.0,0.0,1.0
"G[2,2]((GFR >= 0.000 -> Triglyc <= 39.640) & Pt_CGMUseNumDays >= 14.738)
",-39.640,-39.640,0.000,1.000,0.000,0,0,4,0,0,4,4,0,0.0,0.0,1.0,0.0,0.0,1.0
"G[0,2](((age >= 31.135 & diagAgeCombo >= 13.000) & BldPrDia >= 13.000) & BGTestAvgNumPtRep <= 13.000)
",9999999.000,9999999.000,0.000,1.000,0.000,0,0,3,1,1,3,3,1,0.0,0.0,1.0,0.0,0.0,1.0
"G[2,2](((HbA1cImputeDtMnC >= 33.236 | Pt_InsGov >= 0.000) -> Pt_SHFlg <= 0.000) -> DirectLDL >= 0.000)
",0.000,0.000,0.000,1.000,0.000,0,0,4,0,0,4,4,0,0.0,0.0,1.0,0.0,0.0,1.0
"G[0,0]((AutonomicNeuroCl >= 0.000 -> HbA1c <= 7.976) & Pt_DKAFlg >= 5.424)
",-7.976,-7.976,0.000,1.000,0.000,0,0,0,4,4,0,0,4,0.0,0.0,0.0,0.0,0.0,1.0
"G[1,2](((Pt_SHFlg <= 0.000 | Triglyc <= 48.912) | Pt_SiblingT1D >= 18.593) & BGTestAvgNumPtRep <= 69.703)
",9999999.000,9999999.000,0.000,1.000,0.000,0,0,4,0,0,4,4,0,0.0,0.0,1.0,0.0,0.0,1.0
"G[1,2](((Pt_GrandparentT1D >= 0.000 | Triglyc >= 18.468) -> HDL <= 38.650) | Pt_GrandchildT1D <= 72.732)
",9999999.000,9999999.000,0.000,1.000,0.000,0,0,4,0,0,4,4,0,0.0,0.0,1.0,0.0,0.0,1.0
"G[1,2]((Pt_SiblingT1D >= 0.000 & BUN >= 0.942) -> TotalDailyInsPerKg >= 1.021)
",9999999.000,9999999.000,0.000,1.000,0.000,0,0,4,0,0,4,4,0,0.0,0.0,1.0,0.0,0.0,1.0
"G[0,0](((UnitsInsBasalOrLongAct <= 10.201 & diabDur >= 19.463) & LDL <= 20.669) & bmiPerc <= 21.894)
",0.772,3.601,0.000,1.000,0.000,0,0,0,4,4,0,0,4,0.0,0.0,0.0,0.0,0.0,1.0
"G[2,2](HbA1c <= 7.906 | Pt_FatherT1D <= 0.000)
",7.906,7.906,0.000,1.000,0.000,0,0,4,0,0,4,4,0,0.0,0.0,1.0,0.0,0.0,1.0
"G[1,2](Pt_SiblingT1D <= 0.000 | TotalDailyInsPerKg <= 0.241)
",9999999.000,9999999.000,0.000,1.000,0.000,0,0,4,0,0,4,4,0,0.0,0.0,1.0,0.0,0.0,1.0
"G[1,2](((Pt_InsGov <= 0.000 & diagAgeCombo >= 13.000) -> Triglyc >= 13.000) | BldPrSys >= 13.000)
",9999999.000,9999999.000,0.000,1.000,0.000,0,0,4,0,0,4,4,0,0.0,0.0,1.0,0.0,0.0,1.0
"G[0,2](DirectLDL <= 0.697 & Pt_A1cGoalLev >= 0.273)
",9999999.000,9999999.000,0.000,1.000,0.000,0,0,0,4,4,0,0,4,0.0,0.0,0.0,0.0,0.0,1.0
"G[0,2]((WeightKg >= 7.323 | Pt_A1cGoalLevelDsYr5 <= 0.000) & Pt_GrandchildT1D <= 0.000)
",9999999.000,9999999.000,0.000,1.000,0.000,0,0,4,0,0,4,4,0,0.0,0.0,1.0,0.0,0.0,1.0
"G[0,2](((age <= 34.147 -> BldPrDia <= 69.534) | Triglyc <= 74.090) & SMBGperDayPtMeterCombo >= 64.654)
",9999999.000,9999999.000,0.000,1.000,0.000,0,0,0,4,4,0,0,4,0.0,0.0,0.0,0.0,0.0,1.0
"G[0,2](((Pt_InsGov <= 0.000 -> HbA1cImputeDtMnC >= 16.056) & bmi <= 55.141) & Triglyc >= 30.492)
",9999999.000,9999999.000,0.000,1.000,0.000,0,0,0,4,4,0,0,4,0.0,0.0,0.0,0.0,0.0,1.0
"G[2,2]((Pt_FatherT1D <= 0.000 -> WeightKg >= 8.784) & WeightKg <= 19.871)
",0.000,0.000,0.000,1.000,0.000,0,0,4,0,0,4,4,0,0.0,0.0,1.0,0.0,0.0,1.0
"G[0,0]((diagAgeCombo <= 13.000 -> age <= 33.875) & GFR >= 30.532)
",-70.445,-33.208,0.000,1.000,0.000,0,0,0,4,4,0,0,4,0.0,0.0,0.0,0.0,0.0,1.0
"G[0,2](((Pt_A1cGoalLevelDsYr5 <= 0.000 -> TSH >= 0.032) | diabDur <= 1.387) -> BGTestAvgNumPtRep <= 1.907)
",9999999.000,9999999.000,0.000,1.000,0.000,0,0,3,1,1,3,3,1,0.0,0.0,1.0,0.0,0.0,1.0
"G[0,2](TSH <= 0.643 & Pt_MotherT1D <= 0.000)
",9999999.000,9999999.000,0.000,1.000,0.000,0,0,3,1,1,3,3,1,0.0,0.0,1.0,0.0,0.0,1.0
"G[1,2](((GFR >= 0.000 & BGTestAvgNumPtRep <= 5.604) & LDL <= 5.818) -> DirectLDL >= 0.976)
",9999999.000,9999999.000,0.000,1.000,0.000,0,0,4,0,0,4,4,0,0.0,0.0,1.0,0.0,0.0,1.0
"G[1,2]((Pt_SHFlg <= 0.000 | SMBGperDayPtMeterCombo <= 7.561) -> Pt_CGMUseNumDays >= 1.717)
",9999999.000,9999999.000,0.000,1.000,0.000,0,0,2,2,2,2,2,2,0.0,0.0,1.0,0.0,0.0,1.0
"G[0,1]((bmi >= 1.799 & bmiPerc >= 0.000) | BldPrSys <= 0.000)
",9999999.000,9999999.000,0.000,1.000,0.000,0,0,1,3,3,1,1,3,0.0,0.0,1.0,0.0,0.0,1.0
"G[0,2]((Pt_SiblingT1D >= 0.000 | Pt_A1cGoalLevelDsYr5 >= 0.000) | Pt_InsGov >= 0.000)
",9999999.000,9999999.000,0.000,1.000,0.000,0,0,4,0,0,4,4,0,0.0,0.0,1.0,0.0,0.0,1.0
"G[0,2](((BldPrDia >= 61.418 -> UnitsInsBasalOrLongAct >= 8.361) & SMBGperDayPtMeterCombo >= 7.120) -> BUN <= 10.469)
",9999999.000,9999999.000,0.000,1.000,0.000,0,0,3,1,1,3,3,1,0.0,0.0,1.0,0.0,0.0,1.0
"G[1,2]((Pt_GrandparentT1D <= 0.000 | Triglyc >= 20.834) & HbA1cImputeDtMnC <= 94.715)
",9999999.000,9999999.000,0.000,1.000,0.000,0,0,4,0,0,4,4,0,0.0,0.0,1.0,0.0,0.0,1.0
"G[2,2](BUN >= 0.550 -> Pt_SHFlg >= 0.000)
",0.000,0.000,0.000,1.000,0.000,0,0,4,0,0,4,4,0,0.0,0.0,1.0,0.0,0.0,1.0
"G[1,2](WeightKg >= 9.304 & BldPrDia >= 60.850)
",9999999.000,9999999.000,0.000,1.000,0.000,0,0,1,3,3,1,1,3,0.0,0.0,1.0,0.0,0.0,1.0
"G[2,2](((LDL <= 119.010 & Pt_A1cGoalLev <= 2.577) & Pt_GrandchildT1D <= 1.982) -> age <= 5.660)
",-5.660,-5.660,0.000,1.000,0.000,0,0,4,0,0,4,4,0,0.0,0.0,1.0,0.0,0.0,1.0
"G[1,2](((Pt_DKAFlg >= 0.000 | BUN <= 4.793) & NumPumpBolusOrShortAct >= 0.502) & bmiPerc <= 4.147)
",9999999.000,9999999.000,0.000,1.000,0.000,0,0,2,2,2,2,2,2,0.0,0.0,1.0,0.0,0.0,1.0
"G[0,1]((HDL <= 34.908 & age >= 32.311) & HeightCm <= 35.301)
",9999999.000,9999999.000,0.000,1.000,0.000,0,0,0,4,4,0,0,4,0.0,0.0,0.0,0.0,0.0,1.0
"G[1,2](bmiPerc <= 0.000 & BUN >= 0.560)
",9999999.000,9999999.000,0.000,1.000,0.000,0,0,1,3,3,1,1,3,0.0,0.0,1.0,0.0,0.0,1.0
"G[0,2](((Pt_GrandparentT1D >= 0.000 -> UnitsInsBasalOrLongAct >= 8.581) | Pt_ChildT1D <= 10.155) -> bmiPerc <= 10.253)
",9999999.000,9999999.000,0.000,1.000,0.000,0,0,4,0,0,4,4,0,0.0,0.0,1.0,0.0,0.0,1.0
"G[2,2](Pt_A1cGoalLevelDsYr5 <= 0.000 | age <= 35.187)
",35.187,35.187,0.000,1.000,0.000,0,0,4,0,0,4,4,0,0.0,0.0,1.0,0.0,0.0,1.0
"G[1,2](((HbA1cImputeDtMnC <= 56.228 -> bmi <= 21.732) & Pt_SHFlg >= 0.958) -> TSH <= 22.023)
",9999999.000,9999999.000,0.000,1.000,0.000,0,0,4,0,0,4,4,0,0.0,0.0,1.0,0.0,0.0,1.0
"G[0,2]((Pt_SHFlg >= 0.000 -> UnitsInsBasalOrLongAct <= 10.016) & Pt_GrandparentT1D <= 13.405)
",9999999.000,9999999.000,0.000,1.000,0.000,0,0,1,3,3,1,1,3,0.0,0.0,1.0,0.0,0.0,1.0
"G[0,1](((AlbCreatRat_mggNew <= 6.069 -> bmi >= 2.085) -> Pt_ChildT1D <= 16.419) -> Pt_ChildT1D >= 2.840)
",9999999.000,9999999.000,0.000,1.000,0.000,0,0,0,4,4,0,0,4,0.0,0.0,0.0,0.0,0.0,1.0
"G[2,2](((AutonomicNeuroCl <= 0.000 -> bmiZscore <= -0.020) -> age <= -0.008) & Pt_SHFlg >= -0.324)
",0.000,0.000,0.000,1.000,0.000,0,0,4,0,0,4,4,0,0.0,0.0,1.0,0.0,0.0,1.0
"G[0,2]((Pt_A1cGoalLevelDsYr5 >= 0.000 -> Pt_ChildT1D >= 0.000) | GFR >= 0.000)
",9999999.000,9999999.000,0.000,1.000,0.000,0,0,4,0,0,4,4,0,0.0,0.0,1.0,0.0,0.0,1.0
"G[0,1]((BldPrSys >= 104.728 & HbA1cImputeDtMnC >= 23.116) & TotalDailyInsPerKg >= 31.394)
",9999999.000,9999999.000,0.000,1.000,0.000,0,0,0,4,4,0,0,4,0.0,0.0,0.0,0.0,0.0,1.0
"G[0,2]((Pt_FatherT1D <= 0.000 | Pt_FatherT1D <= 0.000) & bmiZscore >= 0.000)
",9999999.000,9999999.000,0.000,1.000,0.000,0,0,3,1,1,3,3,1,0.0,0.0,1.0,0.0,0.0,1.0
"G[1,2](((TSH <= 1.645 & AlbCreatRat_mggNew >= 1.780) & Pt_InsGov >= 0.162) | Pt_GrandchildT1D <= 8.999)
",9999999.000,9999999.000,0.000,1.000,0.000,0,0,4,0,0,4,4,0,0.0,0.0,1.0,0.0,0.0,1.0
"G[0,2]((bmiPerc >= 0.000 & Triglyc >= 14.322) & SMBGperDayPtMeterCombo <= 45.359)
",9999999.000,9999999.000,0.000,1.000,0.000,0,0,0,4,4,0,0,4,0.0,0.0,0.0,0.0,0.0,1.0
"G[1,2]((AlbCreatRat_mggNew >= 1.265 & diabDur <= 22.810) -> Pt_CGMUseNumDays >= 18.864)
",9999999.000,9999999.000,0.000,1.000,0.000,0,0,4,0,0,4,4,0,0.0,0.0,1.0,0.0,0.0,1.0
"G[0,2]((Pt_CGMUseNumDays <= 25.825 | BUN <= 11.094) | diabDur <= 5.333)
",9999999.000,9999999.000,0.000,1.000,0.000,0,0,4,0,0,4,4,0,0.0,0.0,1.0,0.0,0.0,1.0
"G[0,2](((TSH >= 0.186 | GFR <= 0.000) -> AlbCreatRat_mggNew >= 0.000) | AlbCreatRat_mggNew <= 0.000)
",9999999.000,9999999.000,0.000,1.000,0.000,0,0,4,0,0,4,4,0,0.0,0.0,1.0,0.0,0.0,1.0
"G[1,2](((LDL <= 116.666 & bmiZscore <= -0.062) | Pt_SHFlg >= -0.403) | UnitsInsBasalOrLongAct <= -0.059)
",9999999.000,9999999.000,0.000,1.000,0.000,0,0,4,0,0,4,4,0,0.0,0.0,1.0,0.0,0.0,1.0
"G[1,2]((bmiPerc <= 0.000 | AlbCreatRat_mggNew >= 0.866) -> diagAgeCombo >= 1.514)
",9999999.000,9999999.000,0.000,1.000,0.000,0,0,4,0,0,4,4,0,0.0,0.0,1.0,0.0,0.0,1.0
"G[0,1](((Pt_GrandparentT1D <= 0.000 | UnitsInsBasalOrLongAct <= 13.952) -> BldPrDia >= 2.063) & Pt_ChildT1D >= 6.966)
",9999999.000,9999999.000,0.000,1.000,0.000,0,0,0,4,4,0,0,4,0.0,0.0,0.0,0.0,0.0,1.0
"G[1,2](((AutonomicNeuroCl >= 0.000 | diabDur <= 21.504) & HeightCm >= 17.501) & HbA1c <= 21.726)
",9999999.000,9999999.000,0.000,1.000,0.000,0,0,1,3,3,1,1,3,0.0,0.0,1.0,0.0,0.0,1.0
"G[0,2](Pt_CGMUseNumDays <= 17.246 | TotalDailyInsPerKg <= 0.280)
",9999999.000,9999999.000,0.000,1.000,0.000,0,0,3,1,1,3,3,1,0.0,0.0,1.0,0.0,0.0,1.0
"G[1,2]((HeightCm >= 8.604 & TotalDailyInsPerKg >= 0.002) | Triglyc <= 0.265)
",9999999.000,9999999.000,0.000,1.000,0.000,0,0,3,1,1,3,3,1,0.0,0.0,1.0,0.0,0.0,1.0
"G[0,2]((GFR <= 0.000 -> GFR <= 0.000) -> HDL >= 0.000)
",9999999.000,9999999.000,0.000,1.000,0.000,0,0,4,0,0,4,4,0,0.0,0.0,1.0,0.0,0.0,1.0
"G[0,2]((bmiPerc <= 0.000 | TotChol >= 0.000) & DirectLDL <= 0.000)
",9999999.000,9999999.000,0.000,1.000,0.000,0,0,1,3,3,1,1,3,0.0,0.0,1.0,0.0,0.0,1.0
"G[0,2]((SMBGperDayPtMeterCombo <= 6.439 | diabDur >= 19.126) -> diabDur >= 18.552)
",9999999.000,9999999.000,0.000,1.000,0.000,0,0,4,0,0,4,4,0,0.0,0.0,1.0,0.0,0.0,1.0
"G[0,2]((Pt_DKAFlg >= 0.000 -> Triglyc >= 9.011) -> bmiZscore >= 6.179)
",9999999.000,9999999.000,0.000,1.000,0.000,0,0,2,2,2,2,2,2,0.0,0.0,1.0,0.0,0.0,1.0
"G[1,2]((Pt_CGMUseNumDays >= 6.118 | Pt_SiblingT1D >= 0.000) -> Pt_A1cGoalLev >= 0.000)
",9999999.000,9999999.000,0.000,1.000,0.000,0,0,4,0,0,4,4,0,0.0,0.0,1.0,0.0,0.0,1.0
"G[1,2](Pt_SiblingT1D >= 0.000 -> bmiPerc >= 0.000)
",9999999.000,9999999.000,0.000,1.000,0.000,0,0,4,0,0,4,4,0,0.0,0.0,1.0,0.0,0.0,1.0
"G[1,2](((HeightCm >= 6.262 -> TotChol <= 0.000) -> BGTestAvgNumPtRep >= 0.000) | HbA1cImputeDtMnC <= 0.000)
",9999999.000,9999999.000,0.000,1.000,0.000,0,0,4,0,0,4,4,0,0.0,0.0,1.0,0.0,0.0,1.0
"G[0,2](((Pt_A1cGoalLevelDsYr5 <= 0.000 -> diagAgeCombo <= 13.000) & DirectLDL >= 13.000) & HeightCm >= 13.000)
",9999999.000,9999999.000,0.000,1.000,0.000,0,0,0,4,4,0,0,4,0.0,0.0,0.0,0.0,0.0,1.0
"G[0,2](SMBGperDayPtMeterCombo >= 0.093 & BGTestAvgNumPtRep >= 1.112)
",9999999.000,9999999.000,0.000,1.000,0.000,0,0,2,2,2,2,2,2,0.0,0.0,1.0,0.0,0.0,1.0
"G[1,2](((Pt_GrandchildT1D >= 0.000 | BGTestAvgNumMeter <= 4.823) -> TotChol >= 0.980) | Pt_FatherT1D <= 6.560)
",9999999.000,9999999.000,0.000,1.000,0.000,0,0,4,0,0,4,4,0,0.0,0.0,1.0,0.0,0.0,1.0
"G[2,2](((Pt_InsGov >= 0.000 | LDL <= 120.738) & Pt_ChildT1D <= 109.188) | diabDur >= 74.667)
",7683402748165293.000,109.188,0.000,1.000,0.000,0,0,4,0,0,4,4,0,0.0,0.0,1.0,0.0,0.0,1.0
"G[1,2](((HeightCm <= 112.239 -> Pt_CGMUseNumDays >= 3.263) & Pt_FatherT1D <= 24.248) & Pt_FatherT1D <= 18.726)
",9999999.000,9999999.000,0.000,1.000,0.000,0,0,2,2,2,2,2,2,0.0,0.0,1.0,0.0,0.0,1.0
"G[0,2](TotChol >= 0.000 -> Pt_SHFlg = 0.000)
",9999999.000,9999999.000,0.000,1.000,0.000,0,0,4,0,0,4,4,0,0.0,0.0,1.0,0.0,0.0,1.0
"G[0,2](BGTestAvgNumPtRep <= 8.041 & Pt_SHFlg = 0.000)
",9999999.000,9999999.000,0.000,1.000,0.000,0,0,3,1,1,3,3,1,0.0,0.0,1.0,0.0,0.0,1.0
"G[1,2](BldPrDia >= 66.193 -> Pt_SHFlg = 0.000)
",9999999.000,9999999.000,0.000,1.000,0.000,0,0,4,0,0,4,4,0,0.0,0.0,1.0,0.0,0.0,1.0
"G[1,2]((BldPrDia >= 62.317 -> diabDur <= 21.790) & NumPumpBolusOrShortAct <= 22.616)
",9999999.000,9999999.000,0.000,1.000,0.000,0,0,4,0,0,4,4,0,0.0,0.0,1.0,0.0,0.0,1.0
"G[0,2](((BldPrDia >= 60.188 -> HbA1cImputeDtMnC >= 14.820) -> bmiPerc <= 46.583) | Triglyc <= 69.882)
",9999999.000,9999999.000,0.000,1.000,0.000,0,0,4,0,0,4,4,0,0.0,0.0,1.0,0.0,0.0,1.0
"G[2,2]((HDL <= 17.823 & Triglyc <= 65.941) & BGTestAvgNumMeter >= 0.878)
",-0.878,-0.878,0.000,1.000,0.000,0,0,4,0,0,4,4,0,0.0,0.0,1.0,0.0,0.0,1.0
"G[0,1](((diabDur >= 18.711 | UnitsInsBasalOrLongAct <= 10.163) & WeightKg >= 3.843) & Pt_InsGov >= 5.718)
",9999999.000,9999999.000,0.000,1.000,0.000,0,0,0,4,4,0,0,4,0.0,0.0,0.0,0.0,0.0,1.0
"G[2,2]((BldPrSys <= 113.343 & bmiZscore >= -0.349) -> Pt_ChildT1D <= -0.036)
",-0.349,-0.349,0.000,1.000,0.000,0,0,4,0,0,4,4,0,0.0,0.0,1.0,0.0,0.0,1.0
"G[1,2](((age >= 30.048 & HbA1c >= 1.924) | HDL >= 0.392) -> BGTestAvgNumMeter >= 0.737)
",9999999.000,9999999.000,0.000,1.000,0.000,0,0,2,2,2,2,2,2,0.0,0.0,1.0,0.0,0.0,1.0
"G[0,1](LDL <= 92.783 & WeightKg >= 0.090)
",9999999.000,9999999.000,0.000,1.000,0.000,0,0,1,3,3,1,1,3,0.0,0.0,1.0,0.0,0.0,1.0
"G[2,2](((BldPrDia <= 69.892 & UnitsInsBasalOrLongAct <= 11.566) -> Pt_A1cGoalLev >= 5.988) | HbA1c <= 13.577)
",13.577,13.577,0.000,1.000,0.000,0,0,4,0,0,4,4,0,0.0,0.0,1.0,0.0,0.0,1.0
"G[1,2](((bmi <= 16.530 | Pt_CGMUseNumDays >= 3.023) -> TSH >= 7.433) -> Pt_GrandchildT1D >= 10.283)
",9999999.000,9999999.000,0.000,1.000,0.000,0,0,4,0,0,4,4,0,0.0,0.0,1.0,0.0,0.0,1.0
"G[2,2](HDL >= 10.465 -> LDL <= 106.053)
",-106.053,-106.053,0.000,1.000,0.000,0,0,4,0,0,4,4,0,0.0,0.0,1.0,0.0,0.0,1.0
"G[1,2](BldPrSys >= 105.366 & HDL <= 36.371)
",9999999.000,9999999.000,0.000,1.000,0.000,0,0,3,1,1,3,3,1,0.0,0.0,1.0,0.0,0.0,1.0
"G[1,2](((HbA1cImputeDtMnC >= 10.133 & WeightKg >= 4.817) | HbA1cImputeDtMnC <= 13.167) | age >= 2.531)
",9999999.000,9999999.000,0.000,1.000,0.000,0,0,4,0,0,4,4,0,0.0,0.0,1.0,0.0,0.0,1.0
"G[1,2]((age >= 30.533 | HeightCm >= 18.937) -> SMBGperDayPtMeterCombo >= 11.006)
",9999999.000,9999999.000,0.000,1.000,0.000,0,0,1,3,3,1,1,3,0.0,0.0,1.0,0.0,0.0,1.0
"G[2,2](((HbA1c <= 7.265 & LDL <= 127.132) & HbA1c <= 111.530) | Pt_InsGov >= 9.789)
",7.265,7.265,0.000,1.000,0.000,0,0,4,0,0,4,4,0,0.0,0.0,1.0,0.0,0.0,1.0
"G[1,2](((AlbCreatRat_mggNew >= 1.557 & BUN >= 0.231) -> GFR >= 1.383) -> BldPrDia >= 1.044)
",9999999.000,9999999.000,0.000,1.000,0.000,0,0,4,0,0,4,4,0,0.0,0.0,1.0,0.0,0.0,1.0
"G[0,0]((BGTestAvgNumPtRep <= 8.389 -> NumPumpBolusOrShortAct <= 4.445) & TotalDailyInsPerKg >= 0.945)
",-8.389,-8.389,0.000,1.000,0.000,0,0,0,4,4,0,0,4,0.0,0.0,0.0,0.0,0.0,1.0
"G[1,2]((BldPrDia >= 67.790 & HDL <= 15.657) | Pt_SHFlg >= 7.508)
",9999999.000,9999999.000,0.000,1.000,0.000,0,0,2,2,2,2,2,2,0.0,0.0,1.0,0.0,0.0,1.0
"G[2,2](DirectLDL >= 0.410 -> TSH >= 0.266)
",0.266,0.266,0.000,1.000,0.000,0,0,4,0,0,4,4,0,0.0,0.0,1.0,0.0,0.0,1.0
"G[2,2]((HbA1cImputeDtMnC <= 47.441 & SMBGperDayPtMeterCombo >= 1.391) | Pt_A1cGoalLev >= 3.514)
",-1.391,-1.391,0.000,1.000,0.000,0,0,4,0,0,4,4,0,0.0,0.0,1.0,0.0,0.0,1.0
"G[2,2]((diabDur >= 19.462 & DirectLDL <= 0.877) -> diagAgeCombo <= 0.566)
",-0.566,-0.566,0.000,1.000,0.000,0,0,4,0,0,4,4,0,0.0,0.0,1.0,0.0,0.0,1.0
"G[1,2](((SMBGperDayPtMeterCombo <= 6.169 -> TSH >= 0.188) | diagAgeCombo <= 1.621) | diabDur >= 0.121)
",9999999.000,9999999.000,0.000,1.000,0.000,0,0,4,0,0,4,4,0,0.0,0.0,1.0,0.0,0.0,1.0
"G[1,2](GFR >= 0.000 -> Pt_SHFlg = 0.000)
",9999999.000,9999999.000,0.000,1.000,0.000,0,0,4,0,0,4,4,0,0.0,0.0,1.0,0.0,0.0,1.0
"G[1,2](GFR >= 0.000 & Pt_SHFlg = 0.000)
",9999999.000,9999999.000,0.000,1.000,0.000,0,0,4,0,0,4,4,0,0.0,0.0,1.0,0.0,0.0,1.0
"G[0,2](Triglyc < 31.045 -> Pt_SHFlg = 0.000)
",9999999.000,9999999.000,0.000,1.000,0.000,0,0,4,0,0,4,4,0,0.0,0.0,1.0,0.0,0.0,1.0
"G[0,2](Pt_ChildT1D <= 0.000 -> Pt_SHFlg = 0.000)
",9999999.000,9999999.000,0.000,1.000,0.000,0,0,4,0,0,4,4,0,0.0,0.0,1.0,0.0,0.0,1.0
"G[0,1](GFR <= 0.000 -> BUN >= 0.497)
",9999999.000,9999999.000,0.000,1.000,0.000,0,0,0,4,4,0,0,4,0.0,0.0,0.0,0.0,0.0,1.0
"G[2,2](SMBGperDayPtMeterCombo >= 1.445 & BGTestAvgNumPtRep >= 3.644)
",-3.644,-3.644,0.000,1.000,0.000,0,0,4,0,0,4,4,0,0.0,0.0,1.0,0.0,0.0,1.0
"G[2,2](GFR <= 0.000 -> BUN >= 0.013)
",0.000,0.000,0.000,1.000,0.000,0,0,4,0,0,4,4,0,0.0,0.0,1.0,0.0,0.0,1.0
"G[1,2]((WeightKg >= 4.278 | bmi >= 1.473) -> UnitsInsBasalOrLongAct <= 9.601)
",9999999.000,9999999.000,0.000,1.000,0.000,0,0,4,0,0,4,4,0,0.0,0.0,1.0,0.0,0.0,1.0
"G[0,2](SMBGperDayPtMeterCombo >= 5.067 & BGTestAvgNumPtRep >= 0.860)
",9999999.000,9999999.000,0.000,1.000,0.000,0,0,1,3,3,1,1,3,0.0,0.0,1.0,0.0,0.0,1.0
"G[0,2](GFR <= 0.000 -> BUN >= 0.673)
",9999999.000,9999999.000,0.000,1.000,0.000,0,0,0,4,4,0,0,4,0.0,0.0,0.0,0.0,0.0,1.0
"G[2,2]((WeightKg >= 6.369 | bmi >= 2.713) -> UnitsInsBasalOrLongAct <= 11.771)
",-11.771,-11.771,0.000,1.000,0.000,0,0,4,0,0,4,4,0,0.0,0.0,1.0,0.0,0.0,1.0
"G[0,2](SMBGperDayPtMeterCombo >= 0.087 & BGTestAvgNumPtRep >= 0.795)
",9999999.000,9999999.000,0.000,1.000,0.000,0,0,2,2,2,2,2,2,0.0,0.0,1.0,0.0,0.0,1.0
"G[1,2](GFR <= 0.000 -> BUN >= 1.333)
",9999999.000,9999999.000,0.000,1.000,0.000,0,0,1,3,3,1,1,3,0.0,0.0,1.0,0.0,0.0,1.0
"G[0,2](GFR <= 0.000 -> BUN >= 0.866)
",9999999.000,9999999.000,0.000,1.000,0.000,0,0,0,4,4,0,0,4,0.0,0.0,0.0,0.0,0.0,1.0
"G[0,2]((WeightKg >= 6.113 | bmi >= 2.480) -> UnitsInsBasalOrLongAct <= 11.995)
",9999999.000,9999999.000,0.000,1.000,0.000,0,0,3,1,1,3,3,1,0.0,0.0,1.0,0.0,0.0,1.0
"G[2,2](SMBGperDayPtMeterCombo >= 1.858 & BGTestAvgNumPtRep >= 0.915)
",-8369428916076117.000,-1.858,0.000,1.000,0.000,0,0,4,0,0,4,4,0,0.0,0.0,1.0,0.0,0.0,1.0
"G[1,2](GFR <= 0.000 -> BUN >= 0.635)
",9999999.000,9999999.000,0.000,1.000,0.000,0,0,1,3,3,1,1,3,0.0,0.0,1.0,0.0,0.0,1.0
"G[1,2]((WeightKg >= 8.415 | bmi >= 2.504) -> UnitsInsBasalOrLongAct <= 10.362)
",9999999.000,9999999.000,0.000,1.000,0.000,0,0,4,0,0,4,4,0,0.0,0.0,1.0,0.0,0.0,1.0
"G[2,2](SMBGperDayPtMeterCombo >= 3.613 & BGTestAvgNumPtRep >= 4.564)
",-4.564,-4.564,0.000,1.000,0.000,0,0,4,0,0,4,4,0,0.0,0.0,1.0,0.0,0.0,1.0
"G[1,2](GFR <= 0.000 -> BUN >= 0.401)
",9999999.000,9999999.000,0.000,1.000,0.000,0,0,1,3,3,1,1,3,0.0,0.0,1.0,0.0,0.0,1.0
"G[2,2](SMBGperDayPtMeterCombo >= 0.779 & BGTestAvgNumPtRep >= 2.168)
",-2.168,-2.168,0.000,1.000,0.000,0,0,4,0,0,4,4,0,0.0,0.0,1.0,0.0,0.0,1.0
"G[0,1](GFR <= 0.000 -> BUN >= 1.153)
",9999999.000,9999999.000,0.000,1.000,0.000,0,0,0,4,4,0,0,4,0.0,0.0,0.0,0.0,0.0,1.0
"G[1,2]((WeightKg >= 6.857 | bmi >= 3.135) -> UnitsInsBasalOrLongAct <= 12.091)
",9999999.000,9999999.000,0.000,1.000,0.000,0,0,4,0,0,4,4,0,0.0,0.0,1.0,0.0,0.0,1.0
"G[0,1](GFR <= 0.000 -> BUN >= 0.034)
",9999999.000,9999999.000,0.000,1.000,0.000,0,0,0,4,4,0,0,4,0.0,0.0,0.0,0.0,0.0,1.0
"G[0,2]((WeightKg >= 2.748 | bmi >= 1.498) -> UnitsInsBasalOrLongAct <= 11.274)
",9999999.000,9999999.000,0.000,1.000,0.000,0,0,3,1,1,3,3,1,0.0,0.0,1.0,0.0,0.0,1.0
"G[1,2](Pt_FatherT1D >= 0.000 & Pt_SHFlg = 0.000)
",9999999.000,9999999.000,0.000,1.000,0.000,0,0,4,0,0,4,4,0,0.0,0.0,1.0,0.0,0.0,1.0
"G[0,2](TSH >= 0.004 & Pt_SHFlg = 0.000)
",9999999.000,9999999.000,0.000,1.000,0.000,0,0,0,4,4,0,0,4,0.0,0.0,0.0,0.0,0.0,1.0
"G[0,2](((HbA1cImputeDtMnC <= 63.218 -> Pt_A1cGoalLev >= 0.274) -> BldPrSys >= 0.791) -> Pt_FatherT1D >= 0.393)
",9999999.000,9999999.000,0.000,1.000,0.000,0,0,0,4,4,0,0,4,0.0,0.0,0.0,0.0,0.0,1.0
"G[0,1](((Pt_CGMUseNumDays <= 17.918 -> Triglyc <= 39.574) & HbA1c <= 42.423) & Pt_A1cGoalLevelDsYr5 >= 6.495)
",9999999.000,9999999.000,0.000,1.000,0.000,0,0,0,4,4,0,0,4,0.0,0.0,0.0,0.0,0.0,1.0
"G[2,2](((Pt_ChildT1D >= 0.000 | UnitsInsBasalOrLongAct >= 4.153) & UnitsInsBasalOrLongAct >= 8.760) | AutonomicNeuroCl <= 12.002)
",12.002,12.002,0.000,1.000,0.000,0,0,4,0,0,4,4,0,0.0,0.0,1.0,0.0,0.0,1.0
"G[2,2](((TSH <= 1.826 & SMBGperDayPtMeterCombo >= 2.543) | TotChol <= 6.607) | bmiZscore <= 8.628)
",8.628,8.628,0.000,1.000,0.000,0,0,4,0,0,4,4,0,0.0,0.0,1.0,0.0,0.0,1.0
"G[0,2]((NumPumpBolusOrShortAct >= 0.481 | age <= 34.415) | Pt_CGMUseNumDays <= 34.082)
",9999999.000,9999999.000,0.000,1.000,0.000,0,0,4,0,0,4,4,0,0.0,0.0,1.0,0.0,0.0,1.0
"G[1,2](((Pt_CGMUseNumDays >= 9.004 & BldPrSys >= 101.182) -> BldPrSys >= 100.095) & TotChol <= 113.604)
",9999999.000,9999999.000,0.000,1.000,0.000,0,0,4,0,0,4,4,0,0.0,0.0,1.0,0.0,0.0,1.0
"G[2,2]((BldPrDia >= 66.324 | WeightKg >= 2.897) & BUN >= 4.335)
",-4.335,-4.335,0.000,1.000,0.000,0,0,4,0,0,4,4,0,0.0,0.0,1.0,0.0,0.0,1.0
"G[0,1](((DirectLDL >= 0.287 | HeightCm >= 2.748) -> TSH <= 135.440) & HbA1c >= 9.646)
",9999999.000,9999999.000,0.000,1.000,0.000,0,0,0,4,4,0,0,4,0.0,0.0,0.0,0.0,0.0,1.0
"G[1,2](((bmiPerc <= 0.000 & TotChol >= 0.000) | HbA1cImputeDtMnC >= 0.000) & Pt_GrandchildT1D <= 0.000)
",9999999.000,9999999.000,0.000,1.000,0.000,0,0,4,0,0,4,4,0,0.0,0.0,1.0,0.0,0.0,1.0
"G[1,2]((bmi >= 0.807 | bmi <= 17.431) & Pt_GrandchildT1D >= 2.961)
",9999999.000,9999999.000,0.000,1.000,0.000,0,0,1,3,3,1,1,3,0.0,0.0,1.0,0.0,0.0,1.0
"G[1,2]((HeightCm >= 2.662 & GFR <= 0.000) & diagAgeCombo >= 0.000)
",9999999.000,9999999.000,0.000,1.000,0.000,0,0,1,3,3,1,1,3,0.0,0.0,1.0,0.0,0.0,1.0
"G[2,2]((AlbCreatRat_mggNew >= 1.857 -> UnitsInsBasalOrLongAct >= 1.460) & Pt_CGMUseNumDays <= 13.409)
",1.460,1.460,0.000,1.000,0.000,0,0,4,0,0,4,4,0,0.0,0.0,1.0,0.0,0.0,1.0
"G[0,2](GFR <= 0.000 -> BUN >= 0.147)
",9999999.000,9999999.000,0.000,1.000,0.000,0,0,0,4,4,0,0,4,0.0,0.0,0.0,0.0,0.0,1.0
"G[0,2](AlbCreatRat_mggNew <= 9.385 | diabDur <= 22.468)
",9999999.000,9999999.000,0.000,1.000,0.000,0,0,2,2,2,2,2,2,0.0,0.0,1.0,0.0,0.0,1.0
"G[0,1]((BUN >= 1.610 & BGTestAvgNumPtRep >= 2.561) & Pt_FatherT1D <= 8.628)
",9999999.000,9999999.000,0.000,1.000,0.000,0,0,0,4,4,0,0,4,0.0,0.0,0.0,0.0,0.0,1.0
"G[1,1](((HDL >= 3.761 & Pt_CGMUseNumDays >= 8.194) & bmiZscore >= 10.943) | TotChol >= 2.043)
",-2.043,-2.043,0.000,1.000,0.000,0,0,1,3,3,1,1,3,0.0,0.0,1.0,0.0,0.0,1.0
"G[0,2]((BldPrSys <= 113.797 | Pt_A1cGoalLev >= 0.094) | TotalDailyInsPerKg >= 0.124)
",9999999.000,9999999.000,0.000,1.000,0.000,0,0,3,1,1,3,3,1,0.0,0.0,1.0,0.0,0.0,1.0
"G[0,1]((age >= 32.887 | HDL >= 10.561) -> NumPumpBolusOrShortAct >= 11.258)
",9999999.000,9999999.000,0.000,1.000,0.000,0,0,0,4,4,0,0,4,0.0,0.0,0.0,0.0,0.0,1.0
"G[1,2](((BGTestAvgNumPtRep <= 8.546 & Pt_A1cGoalLev >= 0.651) | Pt_GrandchildT1D >= 0.531) & HDL <= 1.317)
",9999999.000,9999999.000,0.000,1.000,0.000,0,0,1,3,3,1,1,3,0.0,0.0,1.0,0.0,0.0,1.0
"G[1,2](((Pt_GrandparentT1D >= 0.000 | TSH <= 1.730) & Pt_SHFlg >= 0.209) | SMBGperDayPtMeterCombo >= 0.229)
",9999999.000,9999999.000,0.000,1.000,0.000,0,0,3,1,1,3,3,1,0.0,0.0,1.0,0.0,0.0,1.0
"G[0,2]((diagAgeCombo <= 13.000 & Pt_InsGov >= 0.000) -> Pt_GrandparentT1D <= 0.000)
",9999999.000,9999999.000,0.000,1.000,0.000,0,0,4,0,0,4,4,0,0.0,0.0,1.0,0.0,0.0,1.0
"G[0,1](TSH >= 0.147 | bmi >= 1.702)
",9999999.000,9999999.000,0.000,1.000,0.000,0,0,1,3,3,1,1,3,0.0,0.0,1.0,0.0,0.0,1.0
"G[2,2]((Pt_DKAFlg <= 0.000 | Pt_ChildT1D >= 0.000) -> Pt_MotherT1D <= 0.000)
",0.000,0.000,0.000,1.000,0.000,0,0,4,0,0,4,4,0,0.0,0.0,1.0,0.0,0.0,1.0
"G[2,2](WeightKg <= 11.123 -> SMBGperDayPtMeterCombo >= 1.339)
",-11.123,-11.123,0.000,1.000,0.000,0,0,4,0,0,4,4,0,0.0,0.0,1.0,0.0,0.0,1.0
"G[0,2]((TotalDailyInsPerKg <= 0.058 & Pt_SHFlg >= 0.000) & HDL >= 0.000)
",9999999.000,9999999.000,0.000,1.000,0.000,0,0,3,1,1,3,3,1,0.0,0.0,1.0,0.0,0.0,1.0
"G[1,2]((BldPrDia >= 67.639 -> HeightCm <= 65.354) -> Pt_A1cGoalLev <= 39.597)
",9999999.000,9999999.000,0.000,1.000,0.000,0,0,4,0,0,4,4,0,0.0,0.0,1.0,0.0,0.0,1.0
"G[1,2]((Triglyc <= 42.197 & diabDur >= 19.453) & Pt_FatherT1D >= 19.741)
",9999999.000,9999999.000,0.000,1.000,0.000,0,0,1,3,3,1,1,3,0.0,0.0,1.0,0.0,0.0,1.0
"G[1,2]((Pt_A1cGoalLev <= 5.440 & Pt_GrandchildT1D >= 0.000) & NumPumpBolusOrShortAct <= 0.000)
",9999999.000,9999999.000,0.000,1.000,0.000,0,0,3,1,1,3,3,1,0.0,0.0,1.0,0.0,0.0,1.0
"G[1,2]((HDL <= 38.379 -> Pt_A1cGoalLevelDsYr5 <= 0.000) & GFR >= 0.000)
",9999999.000,9999999.000,0.000,1.000,0.000,0,0,4,0,0,4,4,0,0.0,0.0,1.0,0.0,0.0,1.0
"G[1,2](((Pt_A1cGoalLevelDsYr5 <= 0.000 -> AlbCreatRat_mggNew <= 8.675) -> GFR >= 2.447) & UnitsInsBasalOrLongAct >= 1.929)
",9999999.000,9999999.000,0.000,1.000,0.000,0,0,2,2,2,2,2,2,0.0,0.0,1.0,0.0,0.0,1.0
"G[0,2]((Pt_InsGov >= 0.000 & bmiZscore <= -0.055) -> Pt_ChildT1D <= -0.012)
",9999999.000,9999999.000,0.000,1.000,0.000,0,0,3,1,1,3,3,1,0.0,0.0,1.0,0.0,0.0,1.0
"G[1,2](((TSH <= 0.318 -> BldPrDia >= 61.121) | HbA1c >= 67.537) | diabDur >= 64.633)
",9999999.000,9999999.000,0.000,1.000,0.000,0,0,4,0,0,4,4,0,0.0,0.0,1.0,0.0,0.0,1.0
"G[0,1]((DirectLDL >= 0.093 & Pt_A1cGoalLev <= 1.453) & Pt_SHFlg <= 5.723)
",9999999.000,9999999.000,0.000,1.000,0.000,0,0,0,4,4,0,0,4,0.0,0.0,0.0,0.0,0.0,1.0
"G[1,2]((BGTestAvgNumPtRep <= 7.058 -> Pt_CGMUseNumDays >= 1.010) -> Pt_InsGov >= 1.888)
",9999999.000,9999999.000,0.000,1.000,0.000,0,0,3,1,1,3,3,1,0.0,0.0,1.0,0.0,0.0,1.0
"G[2,2]((BldPrSys >= 101.263 & NumPumpBolusOrShortAct <= 4.221) & Pt_SHFlg <= 2.283)
",-101.263,-101.263,0.000,1.000,0.000,0,0,4,0,0,4,4,0,0.0,0.0,1.0,0.0,0.0,1.0
"G[1,2](((BGTestAvgNumPtRep <= 5.761 -> HbA1c >= 5.429) & DirectLDL <= 7.890) & BldPrDia >= 4.873)
",9999999.000,9999999.000,0.000,1.000,0.000,0,0,4,0,0,4,4,0,0.0,0.0,1.0,0.0,0.0,1.0
"G[0,2]((BGTestAvgNumPtRep <= 7.266 | HDL <= 15.205) | HbA1cImputeDtMnC <= 44.458)
",9999999.000,9999999.000,0.000,1.000,0.000,0,0,4,0,0,4,4,0,0.0,0.0,1.0,0.0,0.0,1.0
"G[1,2]((BldPrSys <= 110.021 -> SMBGperDayPtMeterCombo >= 0.546) -> NumPumpBolusOrShortAct >= 3.835)
",9999999.000,9999999.000,0.000,1.000,0.000,0,0,2,2,2,2,2,2,0.0,0.0,1.0,0.0,0.0,1.0
"G[0,2]((NumPumpBolusOrShortAct >= 0.446 | TSH >= 0.138) & Triglyc <= 1.885)
",9999999.000,9999999.000,0.000,1.000,0.000,0,0,0,4,4,0,0,4,0.0,0.0,0.0,0.0,0.0,1.0
"G[0,2](HDL >= 1.164 | TSH <= 0.693)
",9999999.000,9999999.000,0.000,1.000,0.000,0,0,3,1,1,3,3,1,0.0,0.0,1.0,0.0,0.0,1.0
"G[1,2](((HDL >= 3.649 | WeightKg <= 37.241) | GFR <= 19.539) -> BldPrDia >= 2.800)
",9999999.000,9999999.000,0.000,1.000,0.000,0,0,4,0,0,4,4,0,0.0,0.0,1.0,0.0,0.0,1.0
"G[1,2]((HbA1c >= 1.114 | Pt_CGMUseNumDays <= 11.708) | bmiZscore >= 4.891)
",9999999.000,9999999.000,0.000,1.000,0.000,0,0,4,0,0,4,4,0,0.0,0.0,1.0,0.0,0.0,1.0
"G[0,2](((BldPrSys <= 109.546 & Pt_CGMUseNumDays >= 2.212) | Pt_GrandchildT1D >= 8.513) | AutonomicNeuroCl >= 11.138)
",9999999.000,9999999.000,0.000,1.000,0.000,0,0,1,3,3,1,1,3,0.0,0.0,1.0,0.0,0.0,1.0
"G[0,1](((BUN <= 9.784 -> HbA1cImputeDtMnC >= 18.364) & Pt_FatherT1D >= 13.832) | TotChol >= 25.523)
",9999999.000,9999999.000,0.000,1.000,0.000,0,0,0,4,4,0,0,4,0.0,0.0,0.0,0.0,0.0,1.0
"G[0,2](((BldPrSys >= 103.577 & diabDur >= 18.301) | BGTestAvgNumPtRep <= 21.663) & Pt_SiblingT1D <= 21.037)
",9999999.000,9999999.000,0.000,1.000,0.000,0,0,4,0,0,4,4,0,0.0,0.0,1.0,0.0,0.0,1.0
"G[0,2](((age <= 35.168 | BldPrSys >= 103.446) -> Pt_SHFlg >= 103.293) -> Pt_FatherT1D >= 105.820)
",9999999.000,9999999.000,0.000,1.000,0.000,0,0,3,1,1,3,3,1,0.0,0.0,1.0,0.0,0.0,1.0
"G[0,2]((DirectLDL >= 0.102 & Triglyc <= 77.222) | Pt_A1cGoalLevelDsYr5 >= 21.186)
",9999999.000,9999999.000,0.000,1.000,0.000,0,0,0,4,4,0,0,4,0.0,0.0,0.0,0.0,0.0,1.0
"G[0,2]((BUN >= 0.402 & LDL <= 87.886) & Pt_FatherT1D <= 117.483)
",9999999.000,9999999.000,0.000,1.000,0.000,0,0,0,4,4,0,0,4,0.0,0.0,0.0,0.0,0.0,1.0
"G[1,2](BldPrSys <= 109.592 & HbA1c <= 7.617)
",9999999.000,9999999.000,0.000,1.000,0.000,0,0,1,3,3,1,1,3,0.0,0.0,1.0,0.0,0.0,1.0
"G[2,2]((diabDur <= 20.515 & HDL <= 34.930) -> Pt_GrandparentT1D >= 9.377)
",-20.515,-20.515,0.000,1.000,0.000,0,0,4,0,0,4,4,0,0.0,0.0,1.0,0.0,0.0,1.0
"G[0,2]((BldPrDia <= 71.622 & BUN <= 7.135) & bmi <= 1.937)
",9999999.000,9999999.000,0.000,1.000,0.000,0,0,1,3,3,1,1,3,0.0,0.0,1.0,0.0,0.0,1.0
"G[2,2](HbA1cImputeDtMnC >= 31.622 & HDL >= 3.907)
",-31.622,-31.622,0.000,1.000,0.000,0,0,4,0,0,4,4,0,0.0,0.0,1.0,0.0,0.0,1.0
"G[1,2]((DirectLDL >= 0.207 | UnitsInsBasalOrLongAct >= 1.642) -> Pt_A1cGoalLevelDsYr5 <= 10.294)
",9999999.000,9999999.000,0.000,1.000,0.000,0,0,4,0,0,4,4,0,0.0,0.0,1.0,0.0,0.0,1.0
"G[1,2]((AlbCreatRat_mggNew >= 4.130 & HDL >= 4.117) & BUN >= 11.956)
",9999999.000,9999999.000,0.000,1.000,0.000,0,0,1,3,3,1,1,3,0.0,0.0,1.0,0.0,0.0,1.0
"G[1,2](((AlbCreatRat_mggNew >= 1.045 & BldPrSys >= 101.254) & HDL >= 105.752) | BldPrDia >= 102.785)
",9999999.000,9999999.000,0.000,1.000,0.000,0,0,1,3,3,1,1,3,0.0,0.0,1.0,0.0,0.0,1.0
"G[0,2](((HbA1cImputeDtMnC <= 50.389 & BldPrDia >= 66.394) -> Pt_A1cGoalLevelDsYr5 >= 62.288) -> diabDur >= 63.014)
",9999999.000,9999999.000,0.000,1.000,0.000,0,0,2,2,2,2,2,2,0.0,0.0,1.0,0.0,0.0,1.0
