Rule,Discrimination Score,Pos Robustness,Neg Robustness,Percent Class +,Percent Class -,TP,TN,FP,FN,Actual Yes,Actual No,Predicted Yes,Predicted No,TPR/Sens,TNR/Spec,FPR,Precision,Accuracy,MCR,Class
"G[0,1]((BGTestAvgNumMeter >= 0.061 & BUN >= 11.491) | TotalDailyInsPerKg <= 15.422)
",9999999.000,9999999.000,0.000,1.000,0.000,2,0,0,0,2,0,2,0,1.0,0.0,0.0,1.0,1.0,0.0,1
"G[0,1]((BUN <= 14.281 -> diagAgeCombo >= 37.000) | HDL <= 37.000)
",9999999.000,9999999.000,0.000,1.000,0.000,2,0,0,0,2,0,2,0,1.0,0.0,0.0,1.0,1.0,0.0,1
"F[0,1](((TSH >= 0.991 | Pt_InsGov >= 0.000) & TotalDailyInsPerKg <= 0.000) & GFR >= 0.000)
",-9999999.000,-9999999.000,0.000,0.000,1.000,2,0,0,0,2,0,2,0,1.0,0.0,0.0,1.0,1.0,0.0,-1
"((diagAgeCombo <= 37.000) U[1,1] (AlbCreatRat_mggNew <= 2.563))
",37.000,37.000,0.000,0.000,1.000,2,0,0,0,2,0,2,0,1.0,0.0,0.0,1.0,1.0,0.0,-1
"F[0,1]((BUN <= 14.518 -> GFR <= 82.286) & SMBGperDayPtMeterCombo >= 28.033)
",-9999999.000,-9999999.000,0.000,0.000,1.000,2,0,0,0,2,0,2,0,1.0,0.0,0.0,1.0,1.0,0.0,-1
"F[0,0](((BldPrSys >= 121.228 -> TSH <= 1.069) -> HDL >= 0.992) & WeightKg <= 1.204)
",-1.154,-51.970,0.000,0.000,1.000,2,0,0,0,2,0,2,0,1.0,0.0,0.0,1.0,1.0,0.0,-1
"F[1,1](((age <= 42.096 & HDL >= 25.460) & diabDur >= 48.881) & Pt_CGMUseNumDays <= 76.542)
",-48.881,-48.881,0.000,0.000,1.000,2,0,0,0,2,0,2,0,1.0,0.0,0.0,1.0,1.0,0.0,-1
"G[1,1]((BldPrDia <= 83.760 | Pt_A1cGoalLevelDsYr5 <= 0.000) & bmi >= 0.000)
",0.000,0.000,0.000,1.000,0.000,2,0,0,0,2,0,2,0,1.0,0.0,0.0,1.0,1.0,0.0,1
"F[0,1](((HbA1c <= 6.976 -> HbA1cImputeDtMnC >= 28.211) & Pt_SiblingT1D <= 45.182) & Pt_SiblingT1D >= 24.351)
",-9999999.000,-9999999.000,0.000,0.000,1.000,2,0,0,0,2,0,2,0,1.0,0.0,0.0,1.0,1.0,0.0,-1
"G[1,1](GFR <= 85.478 -> BUN >= 9.655)
",-85.478,-85.478,0.000,1.000,0.000,2,0,0,0,2,0,2,0,1.0,0.0,0.0,1.0,1.0,0.0,1
"G[1,1](SMBGperDayPtMeterCombo < 7.472 & Pt_SHFlg = 0.000)
",0.000,0.000,0.000,1.000,0.000,2,0,0,0,2,0,2,0,1.0,0.0,0.0,1.0,1.0,0.0,1
"G[0,1](Pt_CGMUseNumDays <= 0.000 -> Pt_SHFlg = 0.000)
",9999999.000,9999999.000,0.000,1.000,0.000,2,0,0,0,2,0,2,0,1.0,0.0,0.0,1.0,1.0,0.0,1
"G[1,1](Pt_SHFlg <= 0.000 -> Pt_SHFlg = 0.000)
",0.000,0.000,0.000,1.000,0.000,2,0,0,0,2,0,2,0,1.0,0.0,0.0,1.0,1.0,0.0,1
"G[1,1]((Pt_SiblingT1D >= 0.000 | WeightKg <= 116.204) & TotalDailyInsPerKg <= 114.213)
",114.213,114.213,0.000,1.000,0.000,2,0,0,0,2,0,2,0,1.0,0.0,0.0,1.0,1.0,0.0,1
"G[1,1](GFR >= 48.254 & Pt_SHFlg = 0.000)
",-48.254,-48.254,0.000,1.000,0.000,2,0,0,0,2,0,2,0,1.0,0.0,0.0,1.0,1.0,0.0,1
"G[0,1](DirectLDL > 0.000 -> Pt_SHFlg = 0.000)
",9999999.000,9999999.000,0.000,1.000,0.000,2,0,0,0,2,0,2,0,1.0,0.0,0.0,1.0,1.0,0.0,1
"G[1,1](((diabDur <= 5.992 | Pt_SHFlg >= 0.000) & LDL >= 0.000) -> AlbCreatRat_mggNew >= 0.000)
",0.000,0.000,0.000,1.000,0.000,2,0,0,0,2,0,2,0,1.0,0.0,0.0,1.0,1.0,0.0,1
"G[0,1](((age >= 39.928 | BGTestAvgNumMeter <= 5.607) & BUN >= 2.430) | SMBGperDayPtMeterCombo <= 6.432)
",9999999.000,9999999.000,0.000,1.000,0.000,2,0,0,0,2,0,2,0,1.0,0.0,0.0,1.0,1.0,0.0,1
"G[0,1]((BUN <= 15.392 -> LDL >= 42.860) -> diabDur <= 72.981)
",9999999.000,9999999.000,0.000,1.000,0.000,2,0,0,0,2,0,2,0,1.0,0.0,0.0,1.0,1.0,0.0,1
"F[1,1]((GFR >= 14.566 & WeightKg <= 115.135) & diabDur >= 107.935)
",-107.935,-107.935,0.000,0.000,1.000,2,0,0,0,2,0,2,0,1.0,0.0,0.0,1.0,1.0,0.0,-1
"F[0,0](((NumPumpBolusOrShortAct <= 4.778 -> BGTestAvgNumMeter <= 5.097) | diagAgeCombo <= 6.694) & Pt_InsGov >= 3.099)
",-4.693,-3.939,0.000,0.000,1.000,2,0,0,0,2,0,2,0,1.0,0.0,0.0,1.0,1.0,0.0,-1
"F[0,1](((UnitsInsBasalOrLongAct <= 31.690 & LDL >= 26.937) -> GFR <= 74.611) & Pt_InsGov >= 9.746)
",-9999999.000,-9999999.000,0.000,0.000,1.000,2,0,0,0,2,0,2,0,1.0,0.0,0.0,1.0,1.0,0.0,-1
"F[1,1](((BUN >= 11.405 -> Pt_SiblingT1D >= 0.000) | WeightKg <= 0.000) & Triglyc <= 0.000)
",0.000,0.000,0.000,0.000,1.000,2,0,0,0,2,0,2,0,1.0,0.0,0.0,1.0,1.0,0.0,-1
"F[0,0](((DirectLDL >= 0.000 | diabDur >= 0.747) & LDL <= 3.649) & HDL >= 0.070)
",0.955,1.471,0.000,0.000,1.000,2,0,0,0,2,0,2,0,1.0,0.0,0.0,1.0,1.0,0.0,-1
"F[1,1]((bmiZscore <= 0.702 | bmi >= 33.472) & Pt_CGMUseNumDays >= 35.256)
",-35.256,-35.256,0.000,0.000,1.000,2,0,0,0,2,0,2,0,1.0,0.0,0.0,1.0,1.0,0.0,-1
"F[1,1](Pt_InsGov < 0.000 & Pt_SHFlg = 0.000)
",0.000,0.000,0.000,0.000,1.000,2,0,0,0,2,0,2,0,1.0,0.0,0.0,1.0,1.0,0.0,-1
"F[0,1](BldPrSys <= 124.031 & BGTestAvgNumPtRep >= 0.405)
",-9999999.000,-9999999.000,0.000,0.000,1.000,2,0,0,0,2,0,2,0,1.0,0.0,0.0,1.0,1.0,0.0,-1
"((Pt_FatherT1D < 0.000) U[1,2] (Pt_SHFlg = 0.000))
",-9999999.000,-9999999.000,0.000,0.000,1.000,2,0,0,0,2,0,2,0,1.0,0.0,0.0,1.0,1.0,0.0,-1
"F[0,0](HeightCm <= 177.031 & TSH <= 1.190)
",-3.540,-5.310,0.000,0.000,1.000,2,0,0,0,2,0,2,0,1.0,0.0,0.0,1.0,1.0,0.0,-1
"F[0,0](((BGTestAvgNumPtRep >= 1.015 | HDL >= 18.912) | BUN >= 23.228) & BldPrSys <= 77.990)
",0.974,38.488,0.000,0.000,1.000,2,0,0,0,2,0,2,0,1.0,0.0,0.0,1.0,1.0,0.0,-1
"F[0,1](((NumPumpBolusOrShortAct <= 5.835 -> Triglyc >= 108.552) -> Pt_MotherT1D <= 197.744) -> Pt_FatherT1D >= 12.349)
",-9999999.000,-9999999.000,0.000,0.000,1.000,2,0,0,0,2,0,2,0,1.0,0.0,0.0,1.0,1.0,0.0,-1
"F[1,1]((BldPrDia >= 77.721 & Pt_GrandparentT1D >= 0.121) & HbA1c <= 0.429)
",-77.721,-77.721,0.000,0.000,1.000,2,0,0,0,2,0,2,0,1.0,0.0,0.0,1.0,1.0,0.0,-1
"F[0,0]((bmiZscore >= 0.698 -> LDL <= 103.824) & BldPrSys <= 103.964)
",-931.171,-103.076,0.000,0.000,1.000,2,0,0,0,2,0,2,0,1.0,0.0,0.0,1.0,1.0,0.0,-1
"F[1,1](((LDL >= 46.812 & NumPumpBolusOrShortAct >= 3.151) -> BGTestAvgNumMeter <= 5.081) & bmiPerc >= 1.483)
",-5.081,-5.081,0.000,0.000,1.000,2,0,0,0,2,0,2,0,1.0,0.0,0.0,1.0,1.0,0.0,-1
"F[0,1]((AlbCreatRat_mggNew <= 2.949 & Pt_GrandparentT1D <= 0.288) & Pt_MotherT1D <= 0.699)
",-9999999.000,-9999999.000,0.000,0.000,1.000,2,0,0,0,2,0,2,0,1.0,0.0,0.0,1.0,1.0,0.0,-1
"F[1,1](((BldPrDia <= 81.992 | Pt_MotherT1D <= 0.000) | HbA1cImputeDtMnC <= 0.000) -> diabDur <= 0.000)
",-81.992,-81.992,0.000,0.000,1.000,2,0,0,0,2,0,2,0,1.0,0.0,0.0,1.0,1.0,0.0,-1
"((BGTestAvgNumMeter <= 4.757) U[1,1] (bmi <= 36.034))
",36.034,36.034,0.000,0.000,1.000,2,0,0,0,2,0,2,0,1.0,0.0,0.0,1.0,1.0,0.0,-1
"F[1,1]((BGTestAvgNumPtRep <= 7.614 | Pt_GrandparentT1D >= 0.137) -> diagAgeCombo <= 0.731)
",-7.614,-7.614,0.000,0.000,1.000,2,0,0,0,2,0,2,0,1.0,0.0,0.0,1.0,1.0,0.0,-1
"F[1,1](bmi <= 37.284 & HbA1c <= 6.998)
",6.998,6.998,0.000,0.000,1.000,2,0,0,0,2,0,2,0,1.0,0.0,0.0,1.0,1.0,0.0,-1
"G[0,0](GFR <= 86.804 -> BUN >= 11.490)
",-2.036,-169.340,0.000,1.000,0.000,2,0,0,0,2,0,2,0,1.0,0.0,0.0,1.0,1.0,0.0,1
"F[0,0](((bmi >= 34.471 | LDL >= 21.418) & Triglyc >= 52.576) & WeightKg <= 89.496)
",-2.307,-36.678,0.000,0.000,1.000,2,0,0,0,2,0,2,0,1.0,0.0,0.0,1.0,1.0,0.0,-1
"G[0,1](BldPrDia <= 84.825 | Pt_FatherT1D >= 0.000)
",9999999.000,9999999.000,0.000,1.000,0.000,2,0,0,0,2,0,2,0,1.0,0.0,0.0,1.0,1.0,0.0,1
"G[0,0]((HbA1cImputeDtMnC <= 38.877 -> NumPumpBolusOrShortAct >= 3.421) | Pt_FatherT1D <= 4.413)
",4.413,4.413,0.000,1.000,0.000,2,0,0,0,2,0,2,0,1.0,0.0,0.0,1.0,1.0,0.0,1
"G[0,1]((GFR >= 32.627 & UnitsInsBasalOrLongAct <= 32.392) -> LDL >= 6.136)
",9999999.000,9999999.000,0.000,1.000,0.000,2,0,0,0,2,0,2,0,1.0,0.0,0.0,1.0,1.0,0.0,1
"G[1,1](((AlbCreatRat_mggNew <= 3.002 -> NumPumpBolusOrShortAct >= 3.518) | AlbCreatRat_mggNew >= 2.438) -> Pt_ChildT1D <= 4.411)
",-4.411,-4.411,0.000,1.000,0.000,2,0,0,0,2,0,2,0,1.0,0.0,0.0,1.0,1.0,0.0,1
"G[0,1](TotalDailyInsPerKg <= 0.703 -> UnitsInsBasalOrLongAct >= 0.801)
",9999999.000,9999999.000,0.000,1.000,0.000,2,0,0,0,2,0,2,0,1.0,0.0,0.0,1.0,1.0,0.0,1
"G[0,1](((age <= 40.582 & BUN >= 11.024) | HDL <= 14.402) | Pt_GrandchildT1D <= 14.764)
",9999999.000,9999999.000,0.000,1.000,0.000,2,0,0,0,2,0,2,0,1.0,0.0,0.0,1.0,1.0,0.0,1
"G[1,1](HDL >= 13.158 | UnitsInsBasalOrLongAct <= 35.158)
",35.158,35.158,0.000,1.000,0.000,2,0,0,0,2,0,2,0,1.0,0.0,0.0,1.0,1.0,0.0,1
"G[1,1](((Pt_SiblingT1D <= 0.000 & AlbCreatRat_mggNew <= 2.660) -> GFR <= 2.864) -> Pt_DKAFlg <= 2.779)
",-2.779,-2.779,0.000,1.000,0.000,2,0,0,0,2,0,2,0,1.0,0.0,0.0,1.0,1.0,0.0,1
"G[0,0]((BUN >= 11.468 | TotChol <= 176.155) | Pt_GrandparentT1D >= 96.796)
",5.613,214.344,0.000,1.000,0.000,2,0,0,0,2,0,2,0,1.0,0.0,0.0,1.0,1.0,0.0,1
"G[1,1]((BGTestAvgNumMeter <= 5.070 & BGTestAvgNumPtRep <= 4.455) -> Pt_A1cGoalLevelDsYr5 >= 1.523)
",-4.455,-4.455,0.000,1.000,0.000,2,0,0,0,2,0,2,0,1.0,0.0,0.0,1.0,1.0,0.0,1
"G[0,0](bmi <= 36.172 | HDL >= 31.268)
",3.367,51.452,0.000,1.000,0.000,2,0,0,0,2,0,2,0,1.0,0.0,0.0,1.0,1.0,0.0,1
"G[1,1](((AlbCreatRat_mggNew >= 1.277 -> age >= 37.709) -> HeightCm <= 42.219) | Pt_FatherT1D <= 40.620)
",40.620,40.620,0.000,1.000,0.000,2,0,0,0,2,0,2,0,1.0,0.0,0.0,1.0,1.0,0.0,1
"G[0,1]((Pt_A1cGoalLevelDsYr5 >= 0.000 -> Pt_SiblingT1D <= 0.000) & Pt_SHFlg <= 0.000)
",9999999.000,9999999.000,0.000,1.000,0.000,2,0,0,0,2,0,2,0,1.0,0.0,0.0,1.0,1.0,0.0,1
"G[0,1](((BldPrDia <= 81.904 & BldPrSys <= 126.356) -> BGTestAvgNumMeter <= 125.371) & LDL <= 128.063)
",9999999.000,9999999.000,0.000,1.000,0.000,2,0,0,0,2,0,2,0,1.0,0.0,0.0,1.0,1.0,0.0,1
"G[1,1](((BldPrDia <= 79.545 & HDL >= 22.798) & diabDur >= 33.475) | SMBGperDayPtMeterCombo <= 75.514)
",75.514,75.514,0.000,1.000,0.000,2,0,0,0,2,0,2,0,1.0,0.0,0.0,1.0,1.0,0.0,1
"G[1,1](((AlbCreatRat_mggNew <= 2.505 | WeightKg <= 113.264) & AlbCreatRat_mggNew >= 108.129) -> TSH >= 109.495)
",108.129,108.129,0.000,1.000,0.000,2,0,0,0,2,0,2,0,1.0,0.0,0.0,1.0,1.0,0.0,1
"G[0,1](((bmiZscore >= 0.671 -> HbA1cImputeDtMnC >= 33.056) -> NumPumpBolusOrShortAct <= 51.706) & Pt_A1cGoalLevelDsYr5 <= 44.826)
",9999999.000,9999999.000,0.000,1.000,0.000,2,0,0,0,2,0,2,0,1.0,0.0,0.0,1.0,1.0,0.0,1
"G[0,1](((diabDur <= 3.406 & UnitsInsBasalOrLongAct <= 33.353) & Pt_SHFlg >= 0.047) -> GFR <= 37.068)
",9999999.000,9999999.000,0.000,1.000,0.000,2,0,0,0,2,0,2,0,1.0,0.0,0.0,1.0,1.0,0.0,1
"G[0,1](((UnitsInsBasalOrLongAct <= 27.497 & WeightKg <= 115.907) -> LDL >= 109.042) -> UnitsInsBasalOrLongAct <= 113.858)
",9999999.000,9999999.000,0.000,1.000,0.000,2,0,0,0,2,0,2,0,1.0,0.0,0.0,1.0,1.0,0.0,1
"G[1,1](((SMBGperDayPtMeterCombo <= 6.367 & bmiZscore <= 0.709) -> WeightKg >= 0.695) & bmi >= 0.653)
",-0.709,-0.709,0.000,1.000,0.000,2,0,0,0,2,0,2,0,1.0,0.0,0.0,1.0,1.0,0.0,1
"G[0,1]((Pt_SHFlg >= 0.000 & DirectLDL <= 0.000) & BldPrSys >= 0.000)
",9999999.000,9999999.000,0.000,1.000,0.000,2,0,0,0,2,0,2,0,1.0,0.0,0.0,1.0,1.0,0.0,1
"G[0,0]((BldPrDia <= 80.805 -> SMBGperDayPtMeterCombo <= 6.318) | TotChol <= 7.926)
",31.796,47.695,0.000,1.000,0.000,2,0,0,0,2,0,2,0,1.0,0.0,0.0,1.0,1.0,0.0,1
"G[0,0](Pt_GrandparentT1D <= 0.438 -> SMBGperDayPtMeterCombo <= 6.421)
",-0.438,-0.438,0.000,1.000,0.000,2,0,0,0,2,0,2,0,1.0,0.0,0.0,1.0,1.0,0.0,1
"G[0,0](((bmiZscore <= 0.752 -> Pt_GrandparentT1D <= 0.339) | diagAgeCombo >= 0.103) | BGTestAvgNumPtRep <= 0.434)
",1.010,45.165,0.000,1.000,0.000,2,0,0,0,2,0,2,0,1.0,0.0,0.0,1.0,1.0,0.0,1
"G[0,1](((bmi >= 34.224 & BUN >= 11.788) | BGTestAvgNumMeter >= 12.299) -> BldPrSys >= 11.280)
",9999999.000,9999999.000,0.000,1.000,0.000,2,0,0,0,2,0,2,0,1.0,0.0,0.0,1.0,1.0,0.0,1
"G[1,1](HDL >= 3.756 -> SMBGperDayPtMeterCombo <= 7.237)
",-7.237,-7.237,0.000,1.000,0.000,2,0,0,0,2,0,2,0,1.0,0.0,0.0,1.0,1.0,0.0,1
"G[0,1](((bmiZscore >= 0.691 | TSH >= 0.656) | Pt_SiblingT1D <= 1.058) & age >= 1.028)
",9999999.000,9999999.000,0.000,1.000,0.000,2,0,0,0,2,0,2,0,1.0,0.0,0.0,1.0,1.0,0.0,1
"G[0,1](UnitsInsBasalOrLongAct <= 32.914 | diagAgeCombo <= 37.000)
",9999999.000,9999999.000,0.000,1.000,0.000,2,0,0,0,2,0,2,0,1.0,0.0,0.0,1.0,1.0,0.0,1
"G[1,1]((AlbCreatRat_mggNew >= 1.537 -> bmiZscore >= 0.692) & Triglyc >= 0.641)
",-0.641,-0.641,0.000,1.000,0.000,2,0,0,0,2,0,2,0,1.0,0.0,0.0,1.0,1.0,0.0,1
"G[0,1]((Pt_SHFlg <= 0.000 | HeightCm >= 177.003) | Pt_InsGov >= 177.008)
",9999999.000,9999999.000,0.000,1.000,0.000,2,0,0,0,2,0,2,0,1.0,0.0,0.0,1.0,1.0,0.0,1
"G[0,1](LDL >= 38.569 | AlbCreatRat_mggNew <= 3.002)
",9999999.000,9999999.000,0.000,1.000,0.000,2,0,0,0,2,0,2,0,1.0,0.0,0.0,1.0,1.0,0.0,1
"G[1,1](((age <= 42.296 -> LDL <= 99.424) | AutonomicNeuroCl <= 84.627) | diabDur >= 16.924)
",84.627,84.627,0.000,1.000,0.000,2,0,0,0,2,0,2,0,1.0,0.0,0.0,1.0,1.0,0.0,1
"G[0,0](LDL <= 94.916 | TotalDailyInsPerKg <= 0.639)
",850.703,94.168,0.000,1.000,0.000,2,0,0,0,2,0,2,0,1.0,0.0,0.0,1.0,1.0,0.0,1
"G[1,1](((TotalDailyInsPerKg <= 0.636 & TotChol >= 101.999) | AlbCreatRat_mggNew <= 172.279) | NumPumpBolusOrShortAct <= 192.912)
",192.912,192.912,0.000,1.000,0.000,2,0,0,0,2,0,2,0,1.0,0.0,0.0,1.0,1.0,0.0,1
"G[0,1](((BGTestAvgNumMeter >= 1.185 & Pt_GrandparentT1D >= 0.146) -> WeightKg <= 0.868) | Pt_FatherT1D <= 0.252)
",9999999.000,9999999.000,0.000,1.000,0.000,2,0,0,0,2,0,2,0,1.0,0.0,0.0,1.0,1.0,0.0,1
"G[0,1](((HbA1cImputeDtMnC >= 2.409 | AutonomicNeuroCl <= 0.000) -> DirectLDL >= 0.000) -> AutonomicNeuroCl <= 0.000)
",9999999.000,9999999.000,0.000,1.000,0.000,2,0,0,0,2,0,2,0,1.0,0.0,0.0,1.0,1.0,0.0,1
"G[0,1](((Pt_FatherT1D <= 0.000 -> SMBGperDayPtMeterCombo <= 7.252) | SMBGperDayPtMeterCombo <= 7.297) -> BGTestAvgNumMeter <= 7.975)
",9999999.000,9999999.000,0.000,1.000,0.000,2,0,0,0,2,0,2,0,1.0,0.0,0.0,1.0,1.0,0.0,1
"G[0,0]((BldPrDia <= 83.332 | HbA1cImputeDtMnC <= 49.828) | Pt_SiblingT1D <= 50.612)
",50.612,50.612,0.000,1.000,0.000,2,0,0,0,2,0,2,0,1.0,0.0,0.0,1.0,1.0,0.0,1
"((diabDur <= 4.301) U[0,0] (HbA1cImputeDtMnC >= 36.174))
",-41.880,-31.936,0.000,0.000,1.000,1,0,0,1,2,0,1,1,0.5,0.0,0.0,1.0,0.5,0.5,-1
"((BldPrSys <= 123.537) U[1,1] (TSH >= 0.166))
",123.537,123.537,0.000,0.000,1.000,1,0,0,1,2,0,1,1,0.5,0.0,0.0,1.0,0.5,0.5,-1
"F[0,1](((TSH >= 0.961 | UnitsInsBasalOrLongAct <= 33.875) | Pt_SiblingT1D <= 32.634) -> HDL <= 29.167)
",-9999999.000,-9999999.000,0.000,0.000,1.000,1,0,0,1,2,0,1,1,0.5,0.0,0.0,1.0,0.5,0.5,-1
"F[0,0](bmiZscore >= 0.691 | Triglyc >= 74.939)
",0.990,65.185,0.000,0.000,1.000,1,0,0,1,2,0,1,1,0.5,0.0,0.0,1.0,0.5,0.5,-1
"F[0,1](((BGTestAvgNumPtRep <= 7.244 -> bmi <= 36.860) & Pt_GrandchildT1D <= 37.142) -> LDL <= 36.658)
",-9999999.000,-9999999.000,0.000,0.000,1.000,1,0,0,1,2,0,1,1,0.5,0.0,0.0,1.0,0.5,0.5,-1
"((age >= 39.373) U[1,1] (Pt_SHFlg = 0.000))
",0.000,0.000,0.000,0.000,1.000,1,0,0,1,2,0,1,1,0.5,0.0,0.0,1.0,0.5,0.5,-1
"((age >= 39.509) U[0,0] (TotalDailyInsPerKg >= 0.601))
",0.800,2.399,0.000,0.000,1.000,1,0,0,1,2,0,1,1,0.5,0.0,0.0,1.0,0.5,0.5,-1
"F[0,0](Triglyc <= 119.083 -> UnitsInsBasalOrLongAct >= 15.958)
",-0.804,-53.063,0.000,0.000,1.000,1,0,0,1,2,0,1,1,0.5,0.0,0.0,1.0,0.5,0.5,-1
"((HbA1c >= 6.955) U[1,1] (Pt_DKAFlg <= 0.000))
",0.000,0.000,0.000,0.000,1.000,1,0,0,1,2,0,1,1,0.5,0.0,0.0,1.0,0.5,0.5,-1
"F[0,0](((Pt_CGMUseNumDays >= 0.000 | Pt_DKAFlg <= 0.000) | SMBGperDayPtMeterCombo >= 0.000) -> HbA1cImputeDtMnC <= 0.000)
",-18111.000,-18111.000,0.000,0.000,1.000,1,0,0,1,2,0,1,1,0.5,0.0,0.0,1.0,0.5,0.5,-1
"((BGTestAvgNumMeter >= 3.790) U[1,2] (BGTestAvgNumPtRep <= 4.461))
",-9999999.000,-9999999.000,0.000,0.000,1.000,1,0,0,1,2,0,1,1,0.5,0.0,0.0,1.0,0.5,0.5,-1
"((BGTestAvgNumPtRep >= 2.198) U[1,2] (GFR >= 5.300))
",-9999999.000,-9999999.000,0.000,0.000,1.000,1,0,0,1,2,0,1,1,0.5,0.0,0.0,1.0,0.5,0.5,-1
"((HbA1c < 6.983) U[1,1] (Pt_SHFlg = 0.000))
",6.983,6.983,0.000,0.000,1.000,1,0,0,1,2,0,1,1,0.5,0.0,0.0,1.0,0.5,0.5,-1
"((BGTestAvgNumMeter >= 3.143) U[1,2] (HDL >= 41.428))
",-9999999.000,-9999999.000,0.000,0.000,1.000,1,0,0,1,2,0,1,1,0.5,0.0,0.0,1.0,0.5,0.5,-1
"((BGTestAvgNumPtRep >= 0.547) U[1,2] (TotalDailyInsPerKg <= 0.681))
",-9999999.000,-9999999.000,0.000,0.000,1.000,1,0,0,1,2,0,1,1,0.5,0.0,0.0,1.0,0.5,0.5,-1
"((TSH >= 0.579) U[1,1] (Pt_ChildT1D <= 0.000))
",0.000,0.000,0.000,0.000,1.000,1,0,0,1,2,0,1,1,0.5,0.0,0.0,1.0,0.5,0.5,-1
"F[0,1](TSH <= 1.386 | diabDur <= 3.669)
",-9999999.000,-9999999.000,0.000,0.000,1.000,1,0,0,1,2,0,1,1,0.5,0.0,0.0,1.0,0.5,0.5,-1
"((BldPrSys >= 115.222) U[1,1] (HDL >= 28.922))
",-28.922,-28.922,0.000,0.000,1.000,1,0,0,1,2,0,1,1,0.5,0.0,0.0,1.0,0.5,0.5,-1
"((BGTestAvgNumMeter >= 1.309) U[1,2] (BGTestAvgNumPtRep <= 6.898))
",-9999999.000,-9999999.000,0.000,0.000,1.000,1,0,0,1,2,0,1,1,0.5,0.0,0.0,1.0,0.5,0.5,-1
"((BGTestAvgNumMeter >= 0.698) U[1,1] (BGTestAvgNumPtRep <= 6.961))
",6.961,6.961,0.000,0.000,1.000,1,0,0,1,2,0,1,1,0.5,0.0,0.0,1.0,0.5,0.5,-1
"F[0,0](diabDur >= 1.754 & TotChol >= 30.484)
",-0.109,-2.984,0.000,0.000,1.000,1,0,0,1,2,0,1,1,0.5,0.0,0.0,1.0,0.5,0.5,-1
"((BldPrSys >= 120.762) U[0,0] (HbA1c >= 6.917))
",-8.812,-6.212,0.000,0.000,1.000,1,0,0,1,2,0,1,1,0.5,0.0,0.0,1.0,0.5,0.5,-1
"((BGTestAvgNumMeter >= 3.708) U[1,1] (BGTestAvgNumPtRep <= 6.491))
",6.491,6.491,0.000,0.000,1.000,1,0,0,1,2,0,1,1,0.5,0.0,0.0,1.0,0.5,0.5,-1
"((WeightKg <= 112.361) U[0,0] (bmi >= 35.497))
",70.574,105.861,0.000,0.000,1.000,1,0,0,1,2,0,1,1,0.5,0.0,0.0,1.0,0.5,0.5,-1
"((BGTestAvgNumMeter >= 0.824) U[1,2] (BGTestAvgNumPtRep <= 6.471))
",-9999999.000,-9999999.000,0.000,0.000,1.000,1,0,0,1,2,0,1,1,0.5,0.0,0.0,1.0,0.5,0.5,-1
"((BGTestAvgNumMeter >= 2.650) U[1,2] (BGTestAvgNumPtRep <= 5.824))
",-9999999.000,-9999999.000,0.000,0.000,1.000,1,0,0,1,2,0,1,1,0.5,0.0,0.0,1.0,0.5,0.5,-1
"((BGTestAvgNumMeter >= 0.083) U[1,2] (BGTestAvgNumPtRep <= 7.089))
",-9999999.000,-9999999.000,0.000,0.000,1.000,1,0,0,1,2,0,1,1,0.5,0.0,0.0,1.0,0.5,0.5,-1
"((BGTestAvgNumMeter >= 0.379) U[1,2] (BGTestAvgNumPtRep <= 6.088))
",-9999999.000,-9999999.000,0.000,0.000,1.000,1,0,0,1,2,0,1,1,0.5,0.0,0.0,1.0,0.5,0.5,-1
"((HbA1cImputeDtMnC >= 3.148) U[0,1] (Pt_GrandparentT1D >= 0.047))
",-9999999.000,-9999999.000,0.000,0.000,1.000,1,0,0,1,2,0,1,1,0.5,0.0,0.0,1.0,0.5,0.5,-1
"F[1,1](HbA1cImputeDtMnC <= 63.561 | TSH <= 1.287)
",63.561,63.561,0.000,0.000,1.000,1,0,0,1,2,0,1,1,0.5,0.0,0.0,1.0,0.5,0.5,-1
"((TotalDailyInsPerKg <= 0.682) U[1,2] (Triglyc >= 58.458))
",-9999999.000,-9999999.000,0.000,0.000,1.000,1,0,0,1,2,0,1,1,0.5,0.0,0.0,1.0,0.5,0.5,-1
"((BGTestAvgNumPtRep < 3.294) U[1,2] (Pt_SHFlg = 0.000))
",-9999999.000,-9999999.000,0.000,0.000,1.000,1,0,0,1,2,0,1,1,0.5,0.0,0.0,1.0,0.5,0.5,-1
"((AlbCreatRat_mggNew >= 0.767) U[1,1] (GFR >= 56.347))
",-0.767,-0.767,0.000,0.000,1.000,1,0,0,1,2,0,1,1,0.5,0.0,0.0,1.0,0.5,0.5,-1
"((BldPrSys >= 115.067) U[1,2] (WeightKg >= 111.492))
",-9999999.000,-9999999.000,0.000,0.000,1.000,1,0,0,1,2,0,1,1,0.5,0.0,0.0,1.0,0.5,0.5,-1
"F[0,1]((SMBGperDayPtMeterCombo <= 7.370 & UnitsInsBasalOrLongAct <= 34.052) | TSH >= 15.585)
",-9999999.000,-9999999.000,0.000,0.000,1.000,1,0,0,1,2,0,1,1,0.5,0.0,0.0,1.0,0.5,0.5,-1
"F[0,1](((age >= 38.502 | bmi >= 35.476) | Pt_CGMUseNumDays >= 35.263) & HbA1cImputeDtMnC <= 36.126)
",-9999999.000,-9999999.000,0.000,0.000,1.000,1,0,0,1,2,0,1,1,0.5,0.0,0.0,1.0,0.5,0.5,-1
"((BGTestAvgNumMeter <= 4.073) U[0,0] (LDL <= 75.476))
",675.080,74.728,0.000,0.000,1.000,1,0,0,1,2,0,1,1,0.5,0.0,0.0,1.0,0.5,0.5,-1
"F[0,1]((BGTestAvgNumPtRep >= 3.016 -> TotChol <= 182.547) -> Pt_GrandparentT1D >= 61.986)
",-9999999.000,-9999999.000,0.000,0.000,1.000,1,0,0,1,2,0,1,1,0.5,0.0,0.0,1.0,0.5,0.5,-1
"F[0,0](Pt_InsGov <= 0.000 & HDL <= 76.112)
",-1.000,-10.944,0.000,0.000,1.000,1,0,0,1,2,0,1,1,0.5,0.0,0.0,1.0,0.5,0.5,-1
"G[0,0](SMBGperDayPtMeterCombo >= 5.658 & BGTestAvgNumPtRep >= 0.880)
",0.648,1.620,0.000,1.000,0.000,1,0,0,1,2,0,1,1,0.5,0.0,0.0,1.0,0.5,0.5,1
"G[1,1](BGTestAvgNumPtRep >= 0.789 & UnitsInsBasalOrLongAct >= 6.710)
",-6.710,-6.710,0.000,1.000,0.000,1,0,0,1,2,0,1,1,0.5,0.0,0.0,1.0,0.5,0.5,1
"G[0,1](Pt_GrandparentT1D >= 0.007 -> TotChol >= 98.457)
",9999999.000,9999999.000,0.000,1.000,0.000,1,0,0,1,2,0,1,1,0.5,0.0,0.0,1.0,0.5,0.5,1
"G[0,1](((Pt_ChildT1D <= 0.000 & bmiZscore >= 0.658) | Pt_SiblingT1D >= 0.685) & SMBGperDayPtMeterCombo >= 0.636)
",9999999.000,9999999.000,0.000,1.000,0.000,1,0,0,1,2,0,1,1,0.5,0.0,0.0,1.0,0.5,0.5,1
"G[1,1]((BldPrSys <= 127.950 -> SMBGperDayPtMeterCombo <= 6.015) -> DirectLDL >= 4.606)
",4.606,4.606,0.000,1.000,0.000,1,0,0,1,2,0,1,1,0.5,0.0,0.0,1.0,0.5,0.5,1
"G[0,0]((NumPumpBolusOrShortAct <= 4.716 -> TSH <= 1.346) | Pt_GrandchildT1D >= 0.890)
",-0.890,-0.890,0.000,1.000,0.000,1,0,0,1,2,0,1,1,0.5,0.0,0.0,1.0,0.5,0.5,1
"G[0,1]((BldPrDia <= 79.690 -> TSH <= 1.062) | TSH <= 1.077)
",9999999.000,9999999.000,0.000,1.000,0.000,1,0,0,1,2,0,1,1,0.5,0.0,0.0,1.0,0.5,0.5,1
"G[0,0]((age <= 40.779 -> LDL <= 102.683) -> GFR >= 24.216)
",622.004,23.544,0.000,1.000,0.000,1,0,0,1,2,0,1,1,0.5,0.0,0.0,1.0,0.5,0.5,1
"G[1,1](SMBGperDayPtMeterCombo >= 4.190 & BGTestAvgNumPtRep >= 1.511)
",-4.190,-4.190,0.000,1.000,0.000,1,0,0,1,2,0,1,1,0.5,0.0,0.0,1.0,0.5,0.5,1
"G[0,0](BldPrSys >= 116.311 -> HeightCm <= 177.019)
",-13.864,-67.380,0.000,1.000,0.000,1,0,0,1,2,0,1,1,0.5,0.0,0.0,1.0,0.5,0.5,1
"G[0,1]((HbA1cImputeDtMnC <= 67.478 -> UnitsInsBasalOrLongAct >= 1.402) | HDL >= 5.210)
",9999999.000,9999999.000,0.000,1.000,0.000,1,0,0,1,2,0,1,1,0.5,0.0,0.0,1.0,0.5,0.5,1
"G[0,1](AlbCreatRat_mggNew >= 0.967 | HbA1cImputeDtMnC >= 26.742)
",9999999.000,9999999.000,0.000,1.000,0.000,1,0,0,1,2,0,1,1,0.5,0.0,0.0,1.0,0.5,0.5,1
"G[0,1](((HDL <= 71.957 -> TotChol <= 159.771) | Pt_SiblingT1D >= 30.973) & Pt_InsGov <= 204.516)
",9999999.000,9999999.000,0.000,1.000,0.000,1,0,0,1,2,0,1,1,0.5,0.0,0.0,1.0,0.5,0.5,1
"G[0,1]((BUN <= 13.298 & HDL <= 66.797) -> BldPrSys <= 79.875)
",9999999.000,9999999.000,0.000,1.000,0.000,1,0,0,1,2,0,1,1,0.5,0.0,0.0,1.0,0.5,0.5,1
"G[0,0](((GFR <= 71.134 & Pt_InsGov >= 0.000) | Pt_GrandchildT1D >= 0.000) -> HDL <= 0.000)
",0.000,0.000,0.000,1.000,0.000,1,0,0,1,2,0,1,1,0.5,0.0,0.0,1.0,0.5,0.5,1
"G[0,0](SMBGperDayPtMeterCombo >= 5.097 & BGTestAvgNumPtRep >= 2.681)
",-0.073,-0.181,0.000,1.000,0.000,1,0,0,1,2,0,1,1,0.5,0.0,0.0,1.0,0.5,0.5,1
"G[0,0]((WeightKg >= 106.099 | bmi >= 34.365) -> UnitsInsBasalOrLongAct <= 33.863)
",-21.575,-32.363,0.000,1.000,0.000,1,0,0,1,2,0,1,1,0.5,0.0,0.0,1.0,0.5,0.5,1
"G[1,1]((WeightKg >= 109.395 | bmi >= 34.196) -> UnitsInsBasalOrLongAct <= 33.668)
",-33.668,-33.668,0.000,1.000,0.000,1,0,0,1,2,0,1,1,0.5,0.0,0.0,1.0,0.5,0.5,1
"G[0,1]((age >= 40.084 | TSH >= 0.385) & Pt_CGMUseNumDays <= 1.321)
",9999999.000,9999999.000,0.000,1.000,0.000,1,0,0,1,2,0,1,1,0.5,0.0,0.0,1.0,0.5,0.5,1
"G[0,1](((BGTestAvgNumMeter >= 1.914 | WeightKg >= 108.609) & bmiPerc <= 114.370) | BldPrDia >= 111.724)
",9999999.000,9999999.000,0.000,1.000,0.000,1,0,0,1,2,0,1,1,0.5,0.0,0.0,1.0,0.5,0.5,1
"G[0,1]((LDL <= 106.482 & WeightKg <= 116.046) | BUN >= 111.521)
",9999999.000,9999999.000,0.000,1.000,0.000,1,0,0,1,2,0,1,1,0.5,0.0,0.0,1.0,0.5,0.5,1
"G[0,1](bmi >= 33.437 -> Triglyc <= 187.203)
",9999999.000,9999999.000,0.000,1.000,0.000,1,0,0,1,2,0,1,1,0.5,0.0,0.0,1.0,0.5,0.5,1
"G[0,1](Pt_SHFlg >= 0.000 & Pt_GrandparentT1D <= 0.423)
",9999999.000,9999999.000,0.000,1.000,0.000,1,0,0,1,2,0,1,1,0.5,0.0,0.0,1.0,0.5,0.5,1
"G[0,1](bmiZscore <= 0.734 -> NumPumpBolusOrShortAct >= 3.158)
",9999999.000,9999999.000,0.000,1.000,0.000,1,0,0,1,2,0,1,1,0.5,0.0,0.0,1.0,0.5,0.5,1
"G[0,1](BGTestAvgNumMeter >= 3.966 & GFR >= 63.156)
",9999999.000,9999999.000,0.000,1.000,0.000,1,0,0,1,2,0,1,1,0.5,0.0,0.0,1.0,0.5,0.5,1
"F[0,1](((AutonomicNeuroCl <= 0.000 & BldPrSys <= 124.779) | Pt_A1cGoalLevelDsYr5 <= 129.861) | UnitsInsBasalOrLongAct >= 119.904)
",-9999999.000,-9999999.000,0.000,0.000,1.000,0,0,0,2,2,0,0,2,0.0,0.0,0.0,0.0,0.0,1.0,-1
"((SMBGperDayPtMeterCombo >= 5.490) U[0,2] (GFR <= 70.685))
",-9999999.000,-9999999.000,0.000,0.000,1.000,0,0,0,2,2,0,0,2,0.0,0.0,0.0,0.0,0.0,1.0,-1
"F[1,1](((bmi <= 36.135 | HeightCm <= 177.027) | GFR <= 177.034) | AutonomicNeuroCl <= 177.028)
",177.034,177.034,0.000,0.000,1.000,0,0,0,2,2,0,0,2,0.0,0.0,0.0,0.0,0.0,1.0,-1
"F[0,2](((AutonomicNeuroCl >= 0.000 | HbA1cImputeDtMnC <= 38.079) | bmiPerc <= 67.753) | HbA1cImputeDtMnC <= 46.191)
",-9999999.000,-9999999.000,0.000,0.000,1.000,0,0,0,2,2,0,0,2,0.0,0.0,0.0,0.0,0.0,1.0,-1
"F[0,1](Pt_A1cGoalLevelDsYr5 >= 0.000 | BGTestAvgNumMeter <= 5.474)
",-9999999.000,-9999999.000,0.000,0.000,1.000,0,0,0,2,2,0,0,2,0.0,0.0,0.0,0.0,0.0,1.0,-1
"F[0,2](((LDL <= 89.949 & Pt_SiblingT1D >= 0.000) | HbA1c <= 0.000) & Pt_A1cGoalLevelDsYr5 >= 0.000)
",-9999999.000,-9999999.000,0.000,0.000,1.000,0,0,0,2,2,0,0,2,0.0,0.0,0.0,0.0,0.0,1.0,-1
"F[2,2]((BldPrSys <= 124.071 | bmiZscore <= 0.699) & GFR <= 0.756)
",0.756,0.756,0.000,0.000,1.000,0,0,0,2,2,0,0,2,0.0,0.0,0.0,0.0,0.0,1.0,-1
"((age >= 37.870) U[0,1] (Pt_GrandparentT1D <= 0.848))
",-9999999.000,-9999999.000,0.000,0.000,1.000,0,0,0,2,2,0,0,2,0.0,0.0,0.0,0.0,0.0,1.0,-1
"F[1,2](((Pt_SiblingT1D >= 0.000 & Pt_GrandparentT1D >= 0.200) | BGTestAvgNumMeter <= 0.721) & age >= 0.150)
",-9999999.000,-9999999.000,0.000,0.000,1.000,0,0,0,2,2,0,0,2,0.0,0.0,0.0,0.0,0.0,1.0,-1
"F[1,1](((HbA1cImputeDtMnC <= 52.888 & HbA1c <= 6.982) & diabDur <= 6.978) -> BGTestAvgNumPtRep >= 6.929)
",-6.978,-6.978,0.000,0.000,1.000,0,0,0,2,2,0,0,2,0.0,0.0,0.0,0.0,0.0,1.0,-1
"F[1,1]((TSH <= 1.190 | HbA1c >= 6.936) | BGTestAvgNumMeter >= 6.920)
",1.190,1.190,0.000,0.000,1.000,0,0,0,2,2,0,0,2,0.0,0.0,0.0,0.0,0.0,1.0,-1
"F[1,1]((TSH <= 1.213 -> TSH <= 1.240) -> Pt_DKAFlg <= 1.248)
",-1.248,-1.248,0.000,0.000,1.000,0,0,0,2,2,0,0,2,0.0,0.0,0.0,0.0,0.0,1.0,-1
"((AutonomicNeuroCl >= 0.000) U[0,1] (Pt_DKAFlg <= 0.000))
",-9999999.000,-9999999.000,0.000,0.000,1.000,0,0,0,2,2,0,0,2,0.0,0.0,0.0,0.0,0.0,1.0,-1
"F[1,2](Pt_InsGov <= 0.000 & AutonomicNeuroCl >= 0.000)
",-9999999.000,-9999999.000,0.000,0.000,1.000,0,0,0,2,2,0,0,2,0.0,0.0,0.0,0.0,0.0,1.0,-1
"F[0,0](bmiPerc <= 0.000 | TotChol <= 178.854)
",5.504,151.354,0.000,0.000,1.000,0,0,0,2,2,0,0,2,0.0,0.0,0.0,0.0,0.0,1.0,-1
"F[0,2](((Pt_FatherT1D <= 0.000 | BUN >= 12.244) & UnitsInsBasalOrLongAct >= 12.602) & Pt_ChildT1D >= 11.105)
",-9999999.000,-9999999.000,0.000,0.000,1.000,0,0,0,2,2,0,0,2,0.0,0.0,0.0,0.0,0.0,1.0,-1
"G[2,2](((GFR <= 92.480 -> AlbCreatRat_mggNew <= 2.912) & diagAgeCombo <= 2.452) -> Pt_GrandchildT1D <= 3.282)
",-3.282,-3.282,0.000,1.000,0.000,0,0,2,0,0,2,2,0,0.0,0.0,1.0,0.0,0.0,1.0,1
"F[1,1](((Pt_GrandparentT1D >= 0.135 & BldPrDia <= 81.267) -> diabDur >= 75.781) & Triglyc >= 76.136)
",-76.136,-76.136,0.000,0.000,1.000,0,0,0,2,2,0,0,2,0.0,0.0,0.0,0.0,0.0,1.0,-1
"F[2,2]((UnitsInsBasalOrLongAct <= 32.010 | Triglyc <= 149.941) | Pt_DKAFlg >= 87.862)
",149.941,149.941,0.000,0.000,1.000,0,0,0,2,2,0,0,2,0.0,0.0,0.0,0.0,0.0,1.0,-1
"F[1,2](((LDL >= 13.879 | TotChol <= 203.988) | Pt_GrandparentT1D <= 191.675) -> Pt_SiblingT1D >= 75.322)
",-9999999.000,-9999999.000,0.000,0.000,1.000,0,0,0,2,2,0,0,2,0.0,0.0,0.0,0.0,0.0,1.0,-1
"F[0,1]((AlbCreatRat_mggNew <= 3.279 -> TotChol >= 24.275) & Triglyc <= 197.829)
",-9999999.000,-9999999.000,0.000,0.000,1.000,0,0,0,2,2,0,0,2,0.0,0.0,0.0,0.0,0.0,1.0,-1
"((BGTestAvgNumPtRep <= 3.265) U[0,2] (Pt_SHFlg = 0.000))
",-9999999.000,-9999999.000,0.000,0.000,1.000,0,0,0,2,2,0,0,2,0.0,0.0,0.0,0.0,0.0,1.0,-1
"F[1,1]((GFR >= 26.161 -> HeightCm <= 177.035) -> HDL <= 177.016)
",-177.016,-177.016,0.000,0.000,1.000,0,0,0,2,2,0,0,2,0.0,0.0,0.0,0.0,0.0,1.0,-1
"((BGTestAvgNumMeter >= 3.845) U[0,2] (NumPumpBolusOrShortAct >= 1.488))
",-9999999.000,-9999999.000,0.000,0.000,1.000,0,0,0,2,2,0,0,2,0.0,0.0,0.0,0.0,0.0,1.0,-1
"F[0,0](((BUN <= 14.241 & HbA1cImputeDtMnC >= 24.426) -> TotalDailyInsPerKg <= 51.082) | diagAgeCombo <= 43.113)
",-0.022,-0.985,0.000,0.000,1.000,0,0,0,2,2,0,0,2,0.0,0.0,0.0,0.0,0.0,1.0,-1
"F[0,2]((GFR >= 51.341 | TSH <= 1.142) & Pt_SHFlg <= 1.379)
",-9999999.000,-9999999.000,0.000,0.000,1.000,0,0,0,2,2,0,0,2,0.0,0.0,0.0,0.0,0.0,1.0,-1
"F[0,1](((AlbCreatRat_mggNew >= 1.739 & UnitsInsBasalOrLongAct >= 11.061) | DirectLDL <= 32.273) | BldPrSys >= 12.315)
",-9999999.000,-9999999.000,0.000,0.000,1.000,0,0,0,2,2,0,0,2,0.0,0.0,0.0,0.0,0.0,1.0,-1
"F[2,2](((HeightCm <= 177.012 -> LDL <= 75.699) & AlbCreatRat_mggNew <= 89.205) & BUN <= 88.949)
",-177.012,-177.012,0.000,0.000,1.000,0,0,0,2,2,0,0,2,0.0,0.0,0.0,0.0,0.0,1.0,-1
"F[2,2](GFR >= 61.651 & NumPumpBolusOrShortAct <= 5.339)
",-61.651,-61.651,0.000,0.000,1.000,0,0,0,2,2,0,0,2,0.0,0.0,0.0,0.0,0.0,1.0,-1
"F[0,2]((HeightCm <= 177.029 & TotChol >= 41.875) & TotalDailyInsPerKg <= 181.956)
",-9999999.000,-9999999.000,0.000,0.000,1.000,0,0,0,2,2,0,0,2,0.0,0.0,0.0,0.0,0.0,1.0,-1
"F[0,1](BUN >= 11.781 | HbA1c <= 6.998)
",-9999999.000,-9999999.000,0.000,0.000,1.000,0,0,0,2,2,0,0,2,0.0,0.0,0.0,0.0,0.0,1.0,-1
"F[0,1](((bmi <= 37.016 | SMBGperDayPtMeterCombo >= 5.740) -> GFR >= 5.947) & Pt_FatherT1D <= 6.906)
",-9999999.000,-9999999.000,0.000,0.000,1.000,0,0,0,2,2,0,0,2,0.0,0.0,0.0,0.0,0.0,1.0,-1
"F[0,2]((Pt_ChildT1D <= 0.000 & Pt_FatherT1D <= 0.000) | Pt_A1cGoalLevelDsYr5 >= 0.000)
",-9999999.000,-9999999.000,0.000,0.000,1.000,0,0,0,2,2,0,0,2,0.0,0.0,0.0,0.0,0.0,1.0,-1
"F[1,2]((HDL >= 3.160 -> diabDur >= 1.131) -> Pt_InsGov >= 1.349)
",-9999999.000,-9999999.000,0.000,0.000,1.000,0,0,0,2,2,0,0,2,0.0,0.0,0.0,0.0,0.0,1.0,-1
"F[2,2](TotChol >= 72.237 & HbA1cImputeDtMnC >= 6.125)
",-72.237,-72.237,0.000,0.000,1.000,0,0,0,2,2,0,0,2,0.0,0.0,0.0,0.0,0.0,1.0,-1
"F[1,2](Pt_GrandparentT1D <= 0.358 | BldPrDia <= 80.756)
",-9999999.000,-9999999.000,0.000,0.000,1.000,0,0,0,2,2,0,0,2,0.0,0.0,0.0,0.0,0.0,1.0,-1
"((Pt_GrandparentT1D <= 0.344) U[0,2] (AlbCreatRat_mggNew >= 1.298))
",-9999999.000,-9999999.000,0.000,0.000,1.000,0,0,0,2,2,0,0,2,0.0,0.0,0.0,0.0,0.0,1.0,-1
"F[0,1]((TotChol <= 208.743 -> Triglyc <= 161.146) -> Pt_GrandchildT1D <= 152.179)
",-9999999.000,-9999999.000,0.000,0.000,1.000,0,0,0,2,2,0,0,2,0.0,0.0,0.0,0.0,0.0,1.0,-1
"((Pt_GrandchildT1D >= 0.000) U[0,2] (DirectLDL >= 0.000))
",-9999999.000,-9999999.000,0.000,0.000,1.000,0,0,0,2,2,0,0,2,0.0,0.0,0.0,0.0,0.0,1.0,-1
"F[0,2]((DirectLDL >= 0.000 & BGTestAvgNumPtRep >= 2.548) | GFR >= 3.111)
",-9999999.000,-9999999.000,0.000,0.000,1.000,0,0,0,2,2,0,0,2,0.0,0.0,0.0,0.0,0.0,1.0,-1
"F[0,2](((GFR >= 37.138 & TotChol >= 144.098) -> BUN <= 178.020) & BUN <= 192.702)
",-9999999.000,-9999999.000,0.000,0.000,1.000,0,0,0,2,2,0,0,2,0.0,0.0,0.0,0.0,0.0,1.0,-1
"F[0,2](age >= 39.977 & Pt_A1cGoalLev <= 0.000)
",-9999999.000,-9999999.000,0.000,0.000,1.000,0,0,0,2,2,0,0,2,0.0,0.0,0.0,0.0,0.0,1.0,-1
"F[0,2](((NumPumpBolusOrShortAct <= 5.628 -> HbA1cImputeDtMnC >= 11.598) -> Pt_A1cGoalLevelDsYr5 <= 46.097) & BGTestAvgNumPtRep <= 58.603)
",-9999999.000,-9999999.000,0.000,0.000,1.000,0,0,0,2,2,0,0,2,0.0,0.0,0.0,0.0,0.0,1.0,-1
"F[1,1](AutonomicNeuroCl <= 0.000 | GFR >= 22.437)
",0.000,0.000,0.000,0.000,1.000,0,0,0,2,2,0,0,2,0.0,0.0,0.0,0.0,0.0,1.0,-1
"F[0,2](HDL <= 80.225 & Pt_InsGov >= 0.000)
",-9999999.000,-9999999.000,0.000,0.000,1.000,0,0,0,2,2,0,0,2,0.0,0.0,0.0,0.0,0.0,1.0,-1
"((bmiPerc <= 0.000) U[0,2] (WeightKg >= 107.141))
",-9999999.000,-9999999.000,0.000,0.000,1.000,0,0,0,2,2,0,0,2,0.0,0.0,0.0,0.0,0.0,1.0,-1
"F[0,2](((Pt_DKAFlg >= 0.000 -> LDL >= 31.379) | bmiZscore >= 51.980) | TotalDailyInsPerKg <= 98.458)
",-9999999.000,-9999999.000,0.000,0.000,1.000,0,0,0,2,2,0,0,2,0.0,0.0,0.0,0.0,0.0,1.0,-1
"F[1,2](AlbCreatRat_mggNew <= 3.124 -> diabDur <= 5.321)
",-9999999.000,-9999999.000,0.000,0.000,1.000,0,0,0,2,2,0,0,2,0.0,0.0,0.0,0.0,0.0,1.0,-1
"F[0,2](((TotalDailyInsPerKg >= 0.582 -> BGTestAvgNumPtRep <= 7.693) & HbA1cImputeDtMnC <= 5.709) & bmiZscore >= 1.048)
",-9999999.000,-9999999.000,0.000,0.000,1.000,0,0,0,2,2,0,0,2,0.0,0.0,0.0,0.0,0.0,1.0,-1
"F[1,2](((AutonomicNeuroCl >= 0.000 & AutonomicNeuroCl >= 0.000) -> Triglyc <= 0.000) -> LDL <= 0.000)
",-9999999.000,-9999999.000,0.000,0.000,1.000,0,0,0,2,2,0,0,2,0.0,0.0,0.0,0.0,0.0,1.0,-1
"F[1,1](Pt_ChildT1D <= 0.000 -> TotChol >= 85.219)
",0.000,0.000,0.000,0.000,1.000,0,0,0,2,2,0,0,2,0.0,0.0,0.0,0.0,0.0,1.0,-1
"F[0,2](((LDL >= 0.755 & bmi <= 36.859) -> WeightKg >= 35.637) -> BGTestAvgNumMeter <= 36.420)
",-9999999.000,-9999999.000,0.000,0.000,1.000,0,0,0,2,2,0,0,2,0.0,0.0,0.0,0.0,0.0,1.0,-1
"F[1,1](HbA1c >= 6.909 -> Pt_A1cGoalLevelDsYr5 = 0.000)
",0.000,0.000,0.000,0.000,1.000,0,0,0,2,2,0,0,2,0.0,0.0,0.0,0.0,0.0,1.0,-1
"F[0,2](((diagAgeCombo >= 37.000 -> Pt_MotherT1D <= 0.000) -> age <= 0.000) | BUN >= 0.000)
",-9999999.000,-9999999.000,0.000,0.000,1.000,0,0,0,2,2,0,0,2,0.0,0.0,0.0,0.0,0.0,1.0,-1
"F[0,2]((Pt_ChildT1D >= 0.000 -> bmiZscore >= 0.677) & WeightKg <= 0.730)
",-9999999.000,-9999999.000,0.000,0.000,1.000,0,0,0,2,2,0,0,2,0.0,0.0,0.0,0.0,0.0,1.0,-1
"F[0,1]((BldPrDia <= 84.567 -> Pt_GrandparentT1D >= 0.218) -> bmi >= 0.212)
",-9999999.000,-9999999.000,0.000,0.000,1.000,0,0,0,2,2,0,0,2,0.0,0.0,0.0,0.0,0.0,1.0,-1
"F[1,2](TSH <= 1.103 -> diabDur <= 5.802)
",-9999999.000,-9999999.000,0.000,0.000,1.000,0,0,0,2,2,0,0,2,0.0,0.0,0.0,0.0,0.0,1.0,-1
"((BUN <= 14.259) U[0,2] (TotalDailyInsPerKg >= 0.563))
",-9999999.000,-9999999.000,0.000,0.000,1.000,0,0,0,2,2,0,0,2,0.0,0.0,0.0,0.0,0.0,1.0,-1
"F[2,2]((DirectLDL <= 0.000 -> Pt_A1cGoalLevelDsYr5 >= 0.000) -> Pt_ChildT1D <= 0.000)
",0.000,0.000,0.000,0.000,1.000,0,0,0,2,2,0,0,2,0.0,0.0,0.0,0.0,0.0,1.0,-1
"F[0,1]((DirectLDL <= 0.000 -> HbA1c <= 6.992) -> Pt_GrandparentT1D >= 6.955)
",-9999999.000,-9999999.000,0.000,0.000,1.000,0,0,0,2,2,0,0,2,0.0,0.0,0.0,0.0,0.0,1.0,-1
"F[1,2](AutonomicNeuroCl >= 0.000 -> BUN <= 14.516)
",-9999999.000,-9999999.000,0.000,0.000,1.000,0,0,0,2,2,0,0,2,0.0,0.0,0.0,0.0,0.0,1.0,-1
"F[1,2](Pt_MotherT1D >= 0.000 & Triglyc >= 102.513)
",-9999999.000,-9999999.000,0.000,0.000,1.000,0,0,0,2,2,0,0,2,0.0,0.0,0.0,0.0,0.0,1.0,-1
"F[0,0](((Pt_A1cGoalLevelDsYr5 >= 0.000 | NumPumpBolusOrShortAct >= 2.720) -> DirectLDL <= 5.967) | BldPrSys <= 5.732)
",10.465,5.232,0.000,0.000,1.000,0,0,0,2,2,0,0,2,0.0,0.0,0.0,0.0,0.0,1.0,-1
"F[2,2]((Pt_SHFlg >= 0.000 -> WeightKg <= 116.968) | BldPrSys <= 113.774)
",113.774,113.774,0.000,0.000,1.000,0,0,0,2,2,0,0,2,0.0,0.0,0.0,0.0,0.0,1.0,-1
"F[2,2]((BUN >= 10.026 | GFR <= 76.466) -> age <= 72.347)
",-76.466,-76.466,0.000,0.000,1.000,0,0,0,2,2,0,0,2,0.0,0.0,0.0,0.0,0.0,1.0,-1
"F[0,1]((bmiPerc <= 0.000 & bmiPerc <= 0.000) | TotChol >= 0.000)
",-9999999.000,-9999999.000,0.000,0.000,1.000,0,0,0,2,2,0,0,2,0.0,0.0,0.0,0.0,0.0,1.0,-1
"((BldPrDia <= 84.378) U[1,1] (Pt_CGMUseNumDays >= 0.000))
",84.378,84.378,0.000,0.000,1.000,0,0,0,2,2,0,0,2,0.0,0.0,0.0,0.0,0.0,1.0,-1
"F[2,2](BGTestAvgNumPtRep >= 2.816 | Triglyc >= 41.444)
",-2.816,-2.816,0.000,0.000,1.000,0,0,0,2,2,0,0,2,0.0,0.0,0.0,0.0,0.0,1.0,-1
"F[0,2]((BUN >= 10.852 & UnitsInsBasalOrLongAct >= 25.995) | Pt_ChildT1D >= 5.465)
",-9999999.000,-9999999.000,0.000,0.000,1.000,0,0,0,2,2,0,0,2,0.0,0.0,0.0,0.0,0.0,1.0,-1
"F[2,2]((LDL <= 73.313 -> Pt_MotherT1D >= 0.000) | BGTestAvgNumMeter <= 0.000)
",0.000,0.000,0.000,0.000,1.000,0,0,0,2,2,0,0,2,0.0,0.0,0.0,0.0,0.0,1.0,-1
"F[1,1](age >= 38.344 -> bmiPerc >= 0.000)
",0.000,0.000,0.000,0.000,1.000,0,0,0,2,2,0,0,2,0.0,0.0,0.0,0.0,0.0,1.0,-1
"F[1,2]((HeightCm >= 177.005 | bmi >= 33.535) & Pt_A1cGoalLevelDsYr5 <= 36.442)
",-9999999.000,-9999999.000,0.000,0.000,1.000,0,0,0,2,2,0,0,2,0.0,0.0,0.0,0.0,0.0,1.0,-1
"F[2,2]((Pt_SHFlg <= 0.000 & Pt_ChildT1D >= 0.000) -> Pt_DKAFlg <= 0.000)
",0.000,0.000,0.000,0.000,1.000,0,0,0,2,2,0,0,2,0.0,0.0,0.0,0.0,0.0,1.0,-1
"F[2,2](((AlbCreatRat_mggNew <= 2.903 & SMBGperDayPtMeterCombo >= 5.675) & HDL <= 7.599) & BGTestAvgNumMeter <= 6.406)
",-5.675,-5.675,0.000,0.000,1.000,0,0,0,2,2,0,0,2,0.0,0.0,0.0,0.0,0.0,1.0,-1
"F[0,2](((NumPumpBolusOrShortAct >= 1.834 | Pt_SHFlg >= 0.000) -> SMBGperDayPtMeterCombo <= 0.000) & TotalDailyInsPerKg <= 0.000)
",-9999999.000,-9999999.000,0.000,0.000,1.000,0,0,0,2,2,0,0,2,0.0,0.0,0.0,0.0,0.0,1.0,-1
"F[0,1](((diabDur >= 1.945 | WeightKg >= 106.861) & Pt_SHFlg >= 110.324) -> HbA1c >= 105.124)
",-9999999.000,-9999999.000,0.000,0.000,1.000,0,0,0,2,2,0,0,2,0.0,0.0,0.0,0.0,0.0,1.0,-1
"F[0,2](GFR <= 84.543 & Pt_InsGov >= 0.000)
",-9999999.000,-9999999.000,0.000,0.000,1.000,0,0,0,2,2,0,0,2,0.0,0.0,0.0,0.0,0.0,1.0,-1
"F[1,2](Pt_CGMUseNumDays <= 0.000 | TSH >= 0.366)
",-9999999.000,-9999999.000,0.000,0.000,1.000,0,0,0,2,2,0,0,2,0.0,0.0,0.0,0.0,0.0,1.0,-1
"F[1,1](Pt_MotherT1D >= 0.000 -> Pt_GrandparentT1D <= 0.492)
",-0.492,-0.492,0.000,0.000,1.000,0,0,0,2,2,0,0,2,0.0,0.0,0.0,0.0,0.0,1.0,-1
"F[2,2](((Pt_SiblingT1D >= 0.000 -> DirectLDL >= 0.000) & BGTestAvgNumPtRep >= 0.000) & GFR <= 0.000)
",0.000,0.000,0.000,0.000,1.000,0,0,0,2,2,0,0,2,0.0,0.0,0.0,0.0,0.0,1.0,-1
"F[1,2](((NumPumpBolusOrShortAct >= 0.526 -> AlbCreatRat_mggNew <= 2.973) -> TotChol <= 3.298) | Pt_FatherT1D >= 1.122)
",-9999999.000,-9999999.000,0.000,0.000,1.000,0,0,0,2,2,0,0,2,0.0,0.0,0.0,0.0,0.0,1.0,-1
"F[1,2](((Triglyc >= 33.899 | Pt_InsGov <= 0.000) -> SMBGperDayPtMeterCombo <= 0.000) -> HeightCm <= 0.000)
",-9999999.000,-9999999.000,0.000,0.000,1.000,0,0,0,2,2,0,0,2,0.0,0.0,0.0,0.0,0.0,1.0,-1
"F[0,2](((Pt_A1cGoalLevelDsYr5 <= 0.000 | Pt_SHFlg <= 0.000) & Pt_A1cGoalLevelDsYr5 <= 0.000) -> BUN <= 0.000)
",-9999999.000,-9999999.000,0.000,0.000,1.000,0,0,0,2,2,0,0,2,0.0,0.0,0.0,0.0,0.0,1.0,-1
"F[0,2](Pt_SiblingT1D <= 0.000 -> Pt_CGMUseNumDays <= 0.000)
",-9999999.000,-9999999.000,0.000,0.000,1.000,0,0,0,2,2,0,0,2,0.0,0.0,0.0,0.0,0.0,1.0,-1
"F[0,1](bmiZscore >= 0.688 -> UnitsInsBasalOrLongAct <= 35.213)
",-9999999.000,-9999999.000,0.000,0.000,1.000,0,0,0,2,2,0,0,2,0.0,0.0,0.0,0.0,0.0,1.0,-1
"F[0,1]((Pt_GrandchildT1D <= 0.000 | Pt_FatherT1D >= 0.000) & Pt_SHFlg >= 0.000)
",-9999999.000,-9999999.000,0.000,0.000,1.000,0,0,0,2,2,0,0,2,0.0,0.0,0.0,0.0,0.0,1.0,-1
"F[1,2](DirectLDL >= 0.000 & TotChol <= 194.865)
",-9999999.000,-9999999.000,0.000,0.000,1.000,0,0,0,2,2,0,0,2,0.0,0.0,0.0,0.0,0.0,1.0,-1
"F[1,2](((TSH <= 1.357 -> BldPrDia <= 83.835) -> bmi >= 79.003) -> Pt_FatherT1D >= 79.172)
",-9999999.000,-9999999.000,0.000,0.000,1.000,0,0,0,2,2,0,0,2,0.0,0.0,0.0,0.0,0.0,1.0,-1
"F[0,2](((AlbCreatRat_mggNew <= 2.890 | BldPrSys >= 120.977) | Pt_CGMUseNumDays <= 127.221) | Pt_SiblingT1D >= 120.090)
",-9999999.000,-9999999.000,0.000,0.000,1.000,0,0,0,2,2,0,0,2,0.0,0.0,0.0,0.0,0.0,1.0,-1
"F[0,2]((Pt_FatherT1D >= 0.000 -> UnitsInsBasalOrLongAct <= 32.651) & Pt_SHFlg <= 37.055)
",-9999999.000,-9999999.000,0.000,0.000,1.000,0,0,0,2,2,0,0,2,0.0,0.0,0.0,0.0,0.0,1.0,-1
"F[1,2](Pt_A1cGoalLev <= 0.000 | Pt_FatherT1D >= 0.000)
",-9999999.000,-9999999.000,0.000,0.000,1.000,0,0,0,2,2,0,0,2,0.0,0.0,0.0,0.0,0.0,1.0,-1
"F[1,2]((Pt_FatherT1D >= 0.000 -> Pt_InsGov >= 0.000) | BUN <= 0.000)
",-9999999.000,-9999999.000,0.000,0.000,1.000,0,0,0,2,2,0,0,2,0.0,0.0,0.0,0.0,0.0,1.0,-1
"F[2,2](Pt_CGMUseNumDays >= 0.000 -> GFR >= 65.983)
",0.000,0.000,0.000,0.000,1.000,0,0,0,2,2,0,0,2,0.0,0.0,0.0,0.0,0.0,1.0,-1
"F[1,2](((bmiZscore <= 0.773 | bmi >= 33.766) -> HbA1c >= 34.556) & Pt_DKAFlg <= 37.151)
",-9999999.000,-9999999.000,0.000,0.000,1.000,0,0,0,2,2,0,0,2,0.0,0.0,0.0,0.0,0.0,1.0,-1
"F[0,1]((BldPrDia <= 80.490 | HeightCm <= 177.020) | UnitsInsBasalOrLongAct >= 177.005)
",-9999999.000,-9999999.000,0.000,0.000,1.000,0,0,0,2,2,0,0,2,0.0,0.0,0.0,0.0,0.0,1.0,-1
"F[0,2]((AutonomicNeuroCl >= 0.000 -> TotalDailyInsPerKg <= 0.751) -> Pt_GrandparentT1D <= 0.711)
",-9999999.000,-9999999.000,0.000,0.000,1.000,0,0,0,2,2,0,0,2,0.0,0.0,0.0,0.0,0.0,1.0,-1
"F[0,0](((AutonomicNeuroCl <= 0.000 -> Pt_GrandchildT1D <= 0.000) & Pt_SHFlg <= 0.000) -> Pt_FatherT1D <= 0.000)
",0.000,0.000,0.000,0.000,1.000,0,0,0,2,2,0,0,2,0.0,0.0,0.0,0.0,0.0,1.0,-1
"F[2,2](Pt_ChildT1D >= 0.000 | TSH >= 0.379)
",0.000,0.000,0.000,0.000,1.000,0,0,0,2,2,0,0,2,0.0,0.0,0.0,0.0,0.0,1.0,-1
"F[1,2]((Pt_A1cGoalLevelDsYr5 <= 0.000 -> DirectLDL >= 0.000) -> BldPrSys >= 0.000)
",-9999999.000,-9999999.000,0.000,0.000,1.000,0,0,0,2,2,0,0,2,0.0,0.0,0.0,0.0,0.0,1.0,-1
"F[0,2]((WeightKg <= 114.861 | SMBGperDayPtMeterCombo <= 6.338) & age >= 5.943)
",-9999999.000,-9999999.000,0.000,0.000,1.000,0,0,0,2,2,0,0,2,0.0,0.0,0.0,0.0,0.0,1.0,-1
"((GFR <= 92.697) U[1,1] (LDL >= 9.762))
",92.697,92.697,0.000,0.000,1.000,0,0,0,2,2,0,0,2,0.0,0.0,0.0,0.0,0.0,1.0,-1
"F[0,1](HDL <= 70.354 | TotalDailyInsPerKg >= 0.515)
",-9999999.000,-9999999.000,0.000,0.000,1.000,0,0,0,2,2,0,0,2,0.0,0.0,0.0,0.0,0.0,1.0,-1
"F[0,2](((NumPumpBolusOrShortAct >= 1.504 | WeightKg <= 113.423) & TotalDailyInsPerKg <= 116.113) | TSH <= 116.932)
",-9999999.000,-9999999.000,0.000,0.000,1.000,0,0,0,2,2,0,0,2,0.0,0.0,0.0,0.0,0.0,1.0,-1
"F[0,2]((HbA1c >= 6.923 & TSH >= 0.147) & HbA1c <= 1.424)
",-9999999.000,-9999999.000,0.000,0.000,1.000,0,0,0,2,2,0,0,2,0.0,0.0,0.0,0.0,0.0,1.0,-1
"((bmiZscore >= 0.676) U[2,2] (WeightKg <= 115.302))
",115.302,115.302,0.000,0.000,1.000,0,0,0,2,2,0,0,2,0.0,0.0,0.0,0.0,0.0,1.0,-1
"F[1,2](((HDL <= 56.011 & LDL <= 83.109) & Pt_A1cGoalLevelDsYr5 <= 77.980) | Pt_InsGov >= 24.716)
",-9999999.000,-9999999.000,0.000,0.000,1.000,0,0,0,2,2,0,0,2,0.0,0.0,0.0,0.0,0.0,1.0,-1
"F[0,2]((HeightCm >= 177.007 -> Triglyc <= 231.812) -> Pt_A1cGoalLev >= 64.931)
",-9999999.000,-9999999.000,0.000,0.000,1.000,0,0,0,2,2,0,0,2,0.0,0.0,0.0,0.0,0.0,1.0,-1
"F[0,1]((bmiZscore >= 0.669 -> HDL >= 47.487) | TotChol <= 60.289)
",-9999999.000,-9999999.000,0.000,0.000,1.000,0,0,0,2,2,0,0,2,0.0,0.0,0.0,0.0,0.0,1.0,-1
"F[0,1](GFR <= 87.501 | HbA1c >= 6.910)
",-9999999.000,-9999999.000,0.000,0.000,1.000,0,0,0,2,2,0,0,2,0.0,0.0,0.0,0.0,0.0,1.0,-1
"F[1,2]((BldPrDia <= 83.702 | UnitsInsBasalOrLongAct >= 0.428) | Triglyc <= 36.382)
",-9999999.000,-9999999.000,0.000,0.000,1.000,0,0,0,2,2,0,0,2,0.0,0.0,0.0,0.0,0.0,1.0,-1
"F[1,2]((BldPrSys >= 116.578 & BUN <= 14.894) -> HDL <= 16.671)
",-9999999.000,-9999999.000,0.000,0.000,1.000,0,0,0,2,2,0,0,2,0.0,0.0,0.0,0.0,0.0,1.0,-1
"((BGTestAvgNumPtRep >= 2.379) U[2,2] (BUN >= 9.918))
",-2.379,-2.379,0.000,0.000,1.000,0,0,0,2,2,0,0,2,0.0,0.0,0.0,0.0,0.0,1.0,-1
"((BldPrDia <= 84.423) U[0,1] (TotChol <= 207.509))
",-9999999.000,-9999999.000,0.000,0.000,1.000,0,0,0,2,2,0,0,2,0.0,0.0,0.0,0.0,0.0,1.0,-1
"F[0,1]((AlbCreatRat_mggNew <= 2.787 | BldPrDia <= 83.699) & BldPrDia >= 77.203)
",-9999999.000,-9999999.000,0.000,0.000,1.000,0,0,0,2,2,0,0,2,0.0,0.0,0.0,0.0,0.0,1.0,-1
"F[0,1]((HbA1c <= 6.994 & HeightCm <= 177.015) -> Pt_InsGov >= 177.002)
",-9999999.000,-9999999.000,0.000,0.000,1.000,0,0,0,2,2,0,0,2,0.0,0.0,0.0,0.0,0.0,1.0,-1
"F[1,2]((age >= 38.089 | BldPrSys >= 119.511) & Pt_GrandparentT1D >= 121.085)
",-9999999.000,-9999999.000,0.000,0.000,1.000,0,0,0,2,2,0,0,2,0.0,0.0,0.0,0.0,0.0,1.0,-1
"F[0,2]((BGTestAvgNumMeter <= 5.628 | SMBGperDayPtMeterCombo <= 6.094) | Pt_SHFlg <= 6.101)
",-9999999.000,-9999999.000,0.000,0.000,1.000,0,0,0,2,2,0,0,2,0.0,0.0,0.0,0.0,0.0,1.0,-1
"F[0,2]((BGTestAvgNumPtRep >= 2.766 | HbA1cImputeDtMnC >= 24.634) & LDL <= 44.957)
",-9999999.000,-9999999.000,0.000,0.000,1.000,0,0,0,2,2,0,0,2,0.0,0.0,0.0,0.0,0.0,1.0,-1
"F[1,2]((BGTestAvgNumPtRep >= 0.780 -> HbA1c <= 7.000) -> Pt_DKAFlg >= 6.926)
",-9999999.000,-9999999.000,0.000,0.000,1.000,0,0,0,2,2,0,0,2,0.0,0.0,0.0,0.0,0.0,1.0,-1
"F[1,2](((bmiZscore <= 0.721 -> Triglyc >= 92.537) & GFR >= 50.062) -> HeightCm >= 43.229)
",-9999999.000,-9999999.000,0.000,0.000,1.000,0,0,0,2,2,0,0,2,0.0,0.0,0.0,0.0,0.0,1.0,-1
"((age <= 41.956) U[0,2] (bmiZscore >= 0.660))
",-9999999.000,-9999999.000,0.000,0.000,1.000,0,0,0,2,2,0,0,2,0.0,0.0,0.0,0.0,0.0,1.0,-1
"F[1,1](((BGTestAvgNumPtRep >= 0.527 -> diabDur >= 0.609) -> Pt_SHFlg <= 4.197) | Pt_ChildT1D <= 5.392)
",5.392,5.392,0.000,0.000,1.000,0,0,0,2,2,0,0,2,0.0,0.0,0.0,0.0,0.0,1.0,-1
"F[2,2](((HDL <= 59.214 | Triglyc >= 98.179) -> LDL <= 142.232) -> diabDur <= 152.640)
",-152.640,-152.640,0.000,0.000,1.000,0,0,0,2,2,0,0,2,0.0,0.0,0.0,0.0,0.0,1.0,-1
"((HbA1c <= 6.978) U[0,2] (HDL <= 75.668))
",-9999999.000,-9999999.000,0.000,0.000,1.000,0,0,0,2,2,0,0,2,0.0,0.0,0.0,0.0,0.0,1.0,-1
"F[1,2]((BGTestAvgNumMeter <= 4.245 -> BldPrSys >= 119.981) | BUN <= 128.372)
",-9999999.000,-9999999.000,0.000,0.000,1.000,0,0,0,2,2,0,0,2,0.0,0.0,0.0,0.0,0.0,1.0,-1
"F[0,1](((HbA1cImputeDtMnC >= 14.447 | HDL >= 4.091) | HeightCm <= 75.898) | SMBGperDayPtMeterCombo <= 77.468)
",-9999999.000,-9999999.000,0.000,0.000,1.000,0,0,0,2,2,0,0,2,0.0,0.0,0.0,0.0,0.0,1.0,-1
"F[2,2]((AlbCreatRat_mggNew >= 1.193 & SMBGperDayPtMeterCombo <= 6.243) -> GFR <= 7.951)
",-7.951,-7.951,0.000,0.000,1.000,0,0,0,2,2,0,0,2,0.0,0.0,0.0,0.0,0.0,1.0,-1
"F[0,0]((bmiZscore >= 0.663 -> TotalDailyInsPerKg <= 0.830) | HbA1cImputeDtMnC >= 0.578)
",0.769,1.922,0.000,0.000,1.000,0,0,0,2,2,0,0,2,0.0,0.0,0.0,0.0,0.0,1.0,-1
"F[0,0](((BldPrDia <= 81.989 | HbA1c >= 6.937) | Pt_DKAFlg <= 6.977) | BGTestAvgNumMeter >= 6.934)
",1.867,15.021,0.000,0.000,1.000,0,0,0,2,2,0,0,2,0.0,0.0,0.0,0.0,0.0,1.0,-1
"((BUN >= 10.170) U[0,1] (UnitsInsBasalOrLongAct >= 25.528))
",-9999999.000,-9999999.000,0.000,0.000,1.000,0,0,0,2,2,0,0,2,0.0,0.0,0.0,0.0,0.0,1.0,-1
"((SMBGperDayPtMeterCombo <= 7.046) U[0,1] (TotalDailyInsPerKg <= 0.678))
",-9999999.000,-9999999.000,0.000,0.000,1.000,0,0,0,2,2,0,0,2,0.0,0.0,0.0,0.0,0.0,1.0,-1
"F[0,2]((BGTestAvgNumMeter >= 2.731 | HbA1cImputeDtMnC <= 54.674) -> Pt_FatherT1D <= 59.308)
",-9999999.000,-9999999.000,0.000,0.000,1.000,0,0,0,2,2,0,0,2,0.0,0.0,0.0,0.0,0.0,1.0,-1
"F[1,2](((HbA1cImputeDtMnC <= 57.773 -> LDL <= 88.107) & BUN <= 73.199) -> bmiPerc >= 35.924)
",-9999999.000,-9999999.000,0.000,0.000,1.000,0,0,0,2,2,0,0,2,0.0,0.0,0.0,0.0,0.0,1.0,-1
"F[2,2](((AlbCreatRat_mggNew >= 1.410 & BGTestAvgNumPtRep >= 1.811) & Pt_GrandparentT1D >= 2.119) | Pt_FatherT1D >= 2.162)
",-2.119,-2.119,0.000,0.000,1.000,0,0,0,2,2,0,0,2,0.0,0.0,0.0,0.0,0.0,1.0,-1
"F[2,2](BGTestAvgNumMeter <= 5.073 -> TotalDailyInsPerKg <= 0.797)
",-5.073,-5.073,0.000,0.000,1.000,0,0,0,2,2,0,0,2,0.0,0.0,0.0,0.0,0.0,1.0,-1
"F[0,2](((HbA1cImputeDtMnC >= 28.556 | HeightCm <= 177.017) & UnitsInsBasalOrLongAct >= 177.002) -> BUN <= 177.016)
",-9999999.000,-9999999.000,0.000,0.000,1.000,0,0,0,2,2,0,0,2,0.0,0.0,0.0,0.0,0.0,1.0,-1
"F[1,1](((Triglyc <= 249.557 | TSH >= 0.581) -> LDL <= 1.382) | BldPrSys >= 0.428)
",-0.428,-0.428,0.000,0.000,1.000,0,0,0,2,2,0,0,2,0.0,0.0,0.0,0.0,0.0,1.0,-1
"F[2,2](GFR >= 32.521 & Triglyc >= 112.452)
",-112.452,-112.452,0.000,0.000,1.000,0,0,0,2,2,0,0,2,0.0,0.0,0.0,0.0,0.0,1.0,-1
"F[0,2]((TotChol >= 94.369 | Triglyc <= 145.122) & SMBGperDayPtMeterCombo <= 185.643)
",-9999999.000,-9999999.000,0.000,0.000,1.000,0,0,0,2,2,0,0,2,0.0,0.0,0.0,0.0,0.0,1.0,-1
"((AlbCreatRat_mggNew <= 2.863) U[2,2] (BUN >= 9.814))
",2.863,2.863,0.000,0.000,1.000,0,0,0,2,2,0,0,2,0.0,0.0,0.0,0.0,0.0,1.0,-1
"F[0,2]((HbA1cImputeDtMnC >= 31.970 -> UnitsInsBasalOrLongAct <= 35.838) -> HeightCm >= 14.884)
",-9999999.000,-9999999.000,0.000,0.000,1.000,0,0,0,2,2,0,0,2,0.0,0.0,0.0,0.0,0.0,1.0,-1
"F[0,2](BUN >= 12.380 & LDL <= 91.843)
",-9999999.000,-9999999.000,0.000,0.000,1.000,0,0,0,2,2,0,0,2,0.0,0.0,0.0,0.0,0.0,1.0,-1
"F[2,2](((bmiZscore <= 0.714 | TotChol <= 161.737) | NumPumpBolusOrShortAct >= 102.238) -> TotalDailyInsPerKg <= 205.037)
",-205.037,-205.037,0.000,0.000,1.000,0,0,0,2,2,0,0,2,0.0,0.0,0.0,0.0,0.0,1.0,-1
"F[0,1](diabDur >= 2.709 -> WeightKg >= 107.140)
",-9999999.000,-9999999.000,0.000,0.000,1.000,0,0,0,2,2,0,0,2,0.0,0.0,0.0,0.0,0.0,1.0,-1
"((HbA1cImputeDtMnC <= 42.495) U[2,2] (WeightKg >= 110.772))
",42.495,42.495,0.000,0.000,1.000,0,0,0,2,2,0,0,2,0.0,0.0,0.0,0.0,0.0,1.0,-1
"F[1,2](bmi >= 35.500 | HbA1cImputeDtMnC >= 2.360)
",-9999999.000,-9999999.000,0.000,0.000,1.000,0,0,0,2,2,0,0,2,0.0,0.0,0.0,0.0,0.0,1.0,-1
"((BGTestAvgNumPtRep >= 3.233) U[0,1] (NumPumpBolusOrShortAct >= 0.565))
",-9999999.000,-9999999.000,0.000,0.000,1.000,0,0,0,2,2,0,0,2,0.0,0.0,0.0,0.0,0.0,1.0,-1
"F[0,1](((diabDur >= 0.283 | NumPumpBolusOrShortAct >= 2.704) | bmi >= 0.833) | SMBGperDayPtMeterCombo <= 4.986)
",-9999999.000,-9999999.000,0.000,0.000,1.000,0,0,0,2,2,0,0,2,0.0,0.0,0.0,0.0,0.0,1.0,-1
"F[1,2]((SMBGperDayPtMeterCombo >= 5.187 & TSH >= 0.840) -> bmiPerc >= 0.323)
",-9999999.000,-9999999.000,0.000,0.000,1.000,0,0,0,2,2,0,0,2,0.0,0.0,0.0,0.0,0.0,1.0,-1
"F[0,2](((BGTestAvgNumPtRep >= 0.550 -> WeightKg >= 105.644) | Pt_FatherT1D <= 114.936) | AlbCreatRat_mggNew >= 110.145)
",-9999999.000,-9999999.000,0.000,0.000,1.000,0,0,0,2,2,0,0,2,0.0,0.0,0.0,0.0,0.0,1.0,-1
"F[0,1]((BGTestAvgNumPtRep <= 6.564 & bmi >= 33.523) | AutonomicNeuroCl >= 34.162)
",-9999999.000,-9999999.000,0.000,0.000,1.000,0,0,0,2,2,0,0,2,0.0,0.0,0.0,0.0,0.0,1.0,-1
"F[0,2]((BGTestAvgNumPtRep <= 4.644 -> TSH >= 0.669) -> AutonomicNeuroCl >= 0.278)
",-9999999.000,-9999999.000,0.000,0.000,1.000,0,0,0,2,2,0,0,2,0.0,0.0,0.0,0.0,0.0,1.0,-1
"((BUN <= 13.049) U[1,2] (Pt_GrandparentT1D >= 0.180))
",-9999999.000,-9999999.000,0.000,0.000,1.000,0,0,0,2,2,0,0,2,0.0,0.0,0.0,0.0,0.0,1.0,-1
"F[1,2](TotalDailyInsPerKg >= 0.501 -> TSH >= 0.678)
",-9999999.000,-9999999.000,0.000,0.000,1.000,0,0,0,2,2,0,0,2,0.0,0.0,0.0,0.0,0.0,1.0,-1
"F[1,2]((BGTestAvgNumMeter <= 5.165 -> UnitsInsBasalOrLongAct <= 36.045) | Pt_InsGov >= 17.945)
",-9999999.000,-9999999.000,0.000,0.000,1.000,0,0,0,2,2,0,0,2,0.0,0.0,0.0,0.0,0.0,1.0,-1
"F[1,2](((HDL <= 62.454 | NumPumpBolusOrShortAct >= 0.074) | BUN >= 3.171) & GFR >= 3.460)
",-9999999.000,-9999999.000,0.000,0.000,1.000,0,0,0,2,2,0,0,2,0.0,0.0,0.0,0.0,0.0,1.0,-1
"F[1,1]((BGTestAvgNumPtRep >= 2.599 | BldPrSys >= 121.492) | bmi >= 116.688)
",-2.599,-2.599,0.000,0.000,1.000,0,0,0,2,2,0,0,2,0.0,0.0,0.0,0.0,0.0,1.0,-1
"F[0,2]((bmi <= 37.270 | TotalDailyInsPerKg <= 0.788) | DirectLDL <= 0.643)
",-9999999.000,-9999999.000,0.000,0.000,1.000,0,0,0,2,2,0,0,2,0.0,0.0,0.0,0.0,0.0,1.0,-1
"F[1,2]((TotalDailyInsPerKg >= 0.496 | WeightKg >= 106.615) | HDL <= 116.220)
",-9999999.000,-9999999.000,0.000,0.000,1.000,0,0,0,2,2,0,0,2,0.0,0.0,0.0,0.0,0.0,1.0,-1
"F[0,2]((Pt_GrandparentT1D <= 0.703 -> Triglyc >= 109.777) | TotalDailyInsPerKg >= 16.843)
",-9999999.000,-9999999.000,0.000,0.000,1.000,0,0,0,2,2,0,0,2,0.0,0.0,0.0,0.0,0.0,1.0,-1
"F[1,2]((NumPumpBolusOrShortAct >= 3.038 -> TotalDailyInsPerKg <= 0.712) -> UnitsInsBasalOrLongAct <= 0.810)
",-9999999.000,-9999999.000,0.000,0.000,1.000,0,0,0,2,2,0,0,2,0.0,0.0,0.0,0.0,0.0,1.0,-1
"F[1,2](((BldPrDia >= 77.328 -> bmiZscore >= 0.645) & Pt_InsGov <= 0.769) & Pt_A1cGoalLev >= 0.686)
",-9999999.000,-9999999.000,0.000,0.000,1.000,0,0,0,2,2,0,0,2,0.0,0.0,0.0,0.0,0.0,1.0,-1
"F[0,1]((HbA1cImputeDtMnC <= 58.554 & TotChol >= 66.922) -> AutonomicNeuroCl <= 183.846)
",-9999999.000,-9999999.000,0.000,0.000,1.000,0,0,0,2,2,0,0,2,0.0,0.0,0.0,0.0,0.0,1.0,-1
"F[0,0](BGTestAvgNumMeter <= 5.682 | BldPrDia >= 78.701)
",33.199,49.799,0.000,0.000,1.000,0,0,0,2,2,0,0,2,0.0,0.0,0.0,0.0,0.0,1.0,-1
"((BldPrDia <= 83.234) U[2,2] (WeightKg >= 112.283))
",83.234,83.234,0.000,0.000,1.000,0,0,0,2,2,0,0,2,0.0,0.0,0.0,0.0,0.0,1.0,-1
"F[0,2](((bmi <= 36.846 -> WeightKg >= 109.150) -> TSH <= 113.807) -> bmiPerc >= 107.745)
",-9999999.000,-9999999.000,0.000,0.000,1.000,0,0,0,2,2,0,0,2,0.0,0.0,0.0,0.0,0.0,1.0,-1
"F[0,2]((HDL >= 15.697 & TSH <= 1.399) & HDL <= 1.080)
",-9999999.000,-9999999.000,0.000,0.000,1.000,0,0,0,2,2,0,0,2,0.0,0.0,0.0,0.0,0.0,1.0,-1
"((BGTestAvgNumMeter >= 1.063) U[0,2] (BGTestAvgNumPtRep <= 3.450))
",-9999999.000,-9999999.000,0.000,0.000,1.000,0,0,0,2,2,0,0,2,0.0,0.0,0.0,0.0,0.0,1.0,-1
"F[1,1](HbA1c >= 6.919 -> Pt_A1cGoalLevelDsYr5 = 0.000)
",0.000,0.000,0.000,0.000,1.000,0,0,0,2,2,0,0,2,0.0,0.0,0.0,0.0,0.0,1.0,-1
"F[1,2](HbA1c >= 6.904 -> Pt_A1cGoalLevelDsYr5 = 0.000)
",-9999999.000,-9999999.000,0.000,0.000,1.000,0,0,0,2,2,0,0,2,0.0,0.0,0.0,0.0,0.0,1.0,-1
"((BGTestAvgNumMeter >= 1.332) U[0,1] (BGTestAvgNumPtRep <= 3.802))
",-9999999.000,-9999999.000,0.000,0.000,1.000,0,0,0,2,2,0,0,2,0.0,0.0,0.0,0.0,0.0,1.0,-1
"F[0,2](BldPrSys <= 123.630 -> Pt_SHFlg = 0.000)
",-9999999.000,-9999999.000,0.000,0.000,1.000,0,0,0,2,2,0,0,2,0.0,0.0,0.0,0.0,0.0,1.0,-1
"F[1,2](bmi <= 35.892 & Pt_SHFlg = 0.000)
",-9999999.000,-9999999.000,0.000,0.000,1.000,0,0,0,2,2,0,0,2,0.0,0.0,0.0,0.0,0.0,1.0,-1
"((NumPumpBolusOrShortAct <= 5.756) U[0,1] (Pt_SHFlg = 0.000))
",-9999999.000,-9999999.000,0.000,0.000,1.000,0,0,0,2,2,0,0,2,0.0,0.0,0.0,0.0,0.0,1.0,-1
"F[1,2](HbA1c >= 6.958 -> Pt_A1cGoalLevelDsYr5 = 0.000)
",-9999999.000,-9999999.000,0.000,0.000,1.000,0,0,0,2,2,0,0,2,0.0,0.0,0.0,0.0,0.0,1.0,-1
"F[0,0]((bmi >= 33.940 & TSH >= 0.406) | BldPrDia >= 0.982)
",85.012,127.518,0.000,0.000,1.000,0,0,0,2,2,0,0,2,0.0,0.0,0.0,0.0,0.0,1.0,-1
"((Pt_FatherT1D >= 0.000) U[0,0] (Pt_SHFlg = 0.000))
",0.000,0.000,0.000,0.000,1.000,0,0,0,2,2,0,0,2,0.0,0.0,0.0,0.0,0.0,1.0,-1
"((LDL < 85.106) U[0,2] (Pt_SHFlg = 0.000))
",-9999999.000,-9999999.000,0.000,0.000,1.000,0,0,0,2,2,0,0,2,0.0,0.0,0.0,0.0,0.0,1.0,-1
"((BUN <= 14.311) U[2,2] (Triglyc >= 55.835))
",14.311,14.311,0.000,0.000,1.000,0,0,0,2,2,0,0,2,0.0,0.0,0.0,0.0,0.0,1.0,-1
"F[1,2]((GFR <= 71.847 | HDL <= 63.418) | bmi <= 66.779)
",-9999999.000,-9999999.000,0.000,0.000,1.000,0,0,0,2,2,0,0,2,0.0,0.0,0.0,0.0,0.0,1.0,-1
"F[0,0]((bmi <= 36.560 | UnitsInsBasalOrLongAct >= 15.667) | DirectLDL <= 31.454)
",36.560,36.560,0.000,0.000,1.000,0,0,0,2,2,0,0,2,0.0,0.0,0.0,0.0,0.0,1.0,-1
"F[1,2]((BldPrDia <= 84.693 -> bmi >= 35.836) | BGTestAvgNumPtRep <= 37.213)
",-9999999.000,-9999999.000,0.000,0.000,1.000,0,0,0,2,2,0,0,2,0.0,0.0,0.0,0.0,0.0,1.0,-1
"F[0,1](((AlbCreatRat_mggNew <= 2.718 -> BGTestAvgNumMeter >= 0.183) -> HbA1c <= 6.522) -> TSH >= 1.129)
",-9999999.000,-9999999.000,0.000,0.000,1.000,0,0,0,2,2,0,0,2,0.0,0.0,0.0,0.0,0.0,1.0,-1
"F[0,2]((HDL >= 25.976 | HeightCm <= 177.013) | age >= 177.001)
",-9999999.000,-9999999.000,0.000,0.000,1.000,0,0,0,2,2,0,0,2,0.0,0.0,0.0,0.0,0.0,1.0,-1
"F[1,1](((HeightCm <= 177.029 -> WeightKg <= 113.563) -> HbA1c >= 111.044) -> Pt_FatherT1D <= 115.563)
",-115.563,-115.563,0.000,0.000,1.000,0,0,0,2,2,0,0,2,0.0,0.0,0.0,0.0,0.0,1.0,-1
"F[0,0]((bmi <= 36.825 & HeightCm >= 177.006) -> BGTestAvgNumMeter <= 177.025)
",-10.802,-162.025,0.000,0.000,1.000,0,0,0,2,2,0,0,2,0.0,0.0,0.0,0.0,0.0,1.0,-1
"F[0,2]((TotChol <= 173.683 | UnitsInsBasalOrLongAct >= 18.439) & BldPrSys <= 37.293)
",-9999999.000,-9999999.000,0.000,0.000,1.000,0,0,0,2,2,0,0,2,0.0,0.0,0.0,0.0,0.0,1.0,-1
"F[0,2]((AlbCreatRat_mggNew <= 3.060 -> HDL >= 37.671) -> WeightKg >= 38.613)
",-9999999.000,-9999999.000,0.000,0.000,1.000,0,0,0,2,2,0,0,2,0.0,0.0,0.0,0.0,0.0,1.0,-1
"F[1,2](TotChol >= 129.810 | WeightKg >= 110.964)
",-9999999.000,-9999999.000,0.000,0.000,1.000,0,0,0,2,2,0,0,2,0.0,0.0,0.0,0.0,0.0,1.0,-1
"F[1,2](bmi <= 36.456 & TotChol <= 150.230)
",-9999999.000,-9999999.000,0.000,0.000,1.000,0,0,0,2,2,0,0,2,0.0,0.0,0.0,0.0,0.0,1.0,-1
"F[0,1](HeightCm <= 177.028 & UnitsInsBasalOrLongAct >= 14.029)
",-9999999.000,-9999999.000,0.000,0.000,1.000,0,0,0,2,2,0,0,2,0.0,0.0,0.0,0.0,0.0,1.0,-1
"F[0,1]((NumPumpBolusOrShortAct <= 3.764 | TotChol <= 205.478) -> Pt_A1cGoalLev <= 173.192)
",-9999999.000,-9999999.000,0.000,0.000,1.000,0,0,0,2,2,0,0,2,0.0,0.0,0.0,0.0,0.0,1.0,-1
"F[0,2](bmi <= 37.167 & GFR <= 68.584)
",-9999999.000,-9999999.000,0.000,0.000,1.000,0,0,0,2,2,0,0,2,0.0,0.0,0.0,0.0,0.0,1.0,-1
"((AlbCreatRat_mggNew >= 1.561) U[0,1] (WeightKg >= 110.638))
",-9999999.000,-9999999.000,0.000,0.000,1.000,0,0,0,2,2,0,0,2,0.0,0.0,0.0,0.0,0.0,1.0,-1
"F[0,1](AlbCreatRat_mggNew <= 2.778 -> bmi <= 37.185)
",-9999999.000,-9999999.000,0.000,0.000,1.000,0,0,0,2,2,0,0,2,0.0,0.0,0.0,0.0,0.0,1.0,-1
"F[0,2](BGTestAvgNumMeter <= 6.217 & Pt_SHFlg = 0.000)
",-9999999.000,-9999999.000,0.000,0.000,1.000,0,0,0,2,2,0,0,2,0.0,0.0,0.0,0.0,0.0,1.0,-1
"F[1,2](HbA1c >= 6.924 -> Pt_A1cGoalLevelDsYr5 = 0.000)
",-9999999.000,-9999999.000,0.000,0.000,1.000,0,0,0,2,2,0,0,2,0.0,0.0,0.0,0.0,0.0,1.0,-1
"F[0,0](HbA1c >= 6.910 -> Pt_A1cGoalLevelDsYr5 = 0.000)
",0.000,0.000,0.000,0.000,1.000,0,0,0,2,2,0,0,2,0.0,0.0,0.0,0.0,0.0,1.0,-1
"F[1,1](HbA1c >= 6.905 -> Pt_A1cGoalLevelDsYr5 = 0.000)
",0.000,0.000,0.000,0.000,1.000,0,0,0,2,2,0,0,2,0.0,0.0,0.0,0.0,0.0,1.0,-1
"F[1,2]((HbA1c >= 6.970 | TotalDailyInsPerKg <= 0.693) & TotalDailyInsPerKg <= 0.723)
",-9999999.000,-9999999.000,0.000,0.000,1.000,0,0,0,2,2,0,0,2,0.0,0.0,0.0,0.0,0.0,1.0,-1
"F[1,1](((BldPrDia >= 78.671 | NumPumpBolusOrShortAct <= 5.404) -> TotalDailyInsPerKg <= 3.909) | Pt_MotherT1D <= 4.510)
",4.510,4.510,0.000,0.000,1.000,0,0,0,2,2,0,0,2,0.0,0.0,0.0,0.0,0.0,1.0,-1
"((SMBGperDayPtMeterCombo >= 4.021) U[0,1] (WeightKg >= 109.728))
",-9999999.000,-9999999.000,0.000,0.000,1.000,0,0,0,2,2,0,0,2,0.0,0.0,0.0,0.0,0.0,1.0,-1
"F[1,2](BldPrSys >= 116.787 & LDL >= 69.255)
",-9999999.000,-9999999.000,0.000,0.000,1.000,0,0,0,2,2,0,0,2,0.0,0.0,0.0,0.0,0.0,1.0,-1
"F[1,2]((diabDur >= 2.595 -> HbA1c >= 6.943) | HbA1c <= 6.988)
",-9999999.000,-9999999.000,0.000,0.000,1.000,0,0,0,2,2,0,0,2,0.0,0.0,0.0,0.0,0.0,1.0,-1
"F[0,2](((TSH <= 1.143 & WeightKg <= 116.945) & GFR <= 114.701) | HbA1c >= 108.146)
",-9999999.000,-9999999.000,0.000,0.000,1.000,0,0,0,2,2,0,0,2,0.0,0.0,0.0,0.0,0.0,1.0,-1
"F[0,2]((age >= 39.842 -> Triglyc <= 145.563) | HDL >= 77.917)
",-9999999.000,-9999999.000,0.000,0.000,1.000,0,0,0,2,2,0,0,2,0.0,0.0,0.0,0.0,0.0,1.0,-1
"F[0,2](diagAgeCombo <= 37.000 -> Pt_SHFlg = 0.000)
",-9999999.000,-9999999.000,0.000,0.000,1.000,0,0,0,2,2,0,0,2,0.0,0.0,0.0,0.0,0.0,1.0,-1
"((BUN <= 16.352) U[0,2] (Pt_SHFlg = 0.000))
",-9999999.000,-9999999.000,0.000,0.000,1.000,0,0,0,2,2,0,0,2,0.0,0.0,0.0,0.0,0.0,1.0,-1
"((Pt_A1cGoalLev >= 0.000) U[0,2] (Pt_SHFlg = 0.000))
",-9999999.000,-9999999.000,0.000,0.000,1.000,0,0,0,2,2,0,0,2,0.0,0.0,0.0,0.0,0.0,1.0,-1
"((age < 41.759) U[0,0] (Pt_SHFlg = 0.000))
",41.759,41.759,0.000,0.000,1.000,0,0,0,2,2,0,0,2,0.0,0.0,0.0,0.0,0.0,1.0,-1
"((HeightCm <= 177.010) U[0,0] (Pt_SHFlg = 0.000))
",13.862,67.370,0.000,0.000,1.000,0,0,0,2,2,0,0,2,0.0,0.0,0.0,0.0,0.0,1.0,-1
"F[2,2](HbA1c > 6.926 & Pt_SHFlg = 0.000)
",-6.926,-6.926,0.000,0.000,1.000,0,0,0,2,2,0,0,2,0.0,0.0,0.0,0.0,0.0,1.0,-1
"F[0,1](Pt_A1cGoalLevelDsYr5 >= 0.000 & Pt_SHFlg = 0.000)
",-9999999.000,-9999999.000,0.000,0.000,1.000,0,0,0,2,2,0,0,2,0.0,0.0,0.0,0.0,0.0,1.0,-1
"F[0,1](NumPumpBolusOrShortAct <= 4.926 -> Pt_SHFlg = 0.000)
",-9999999.000,-9999999.000,0.000,0.000,1.000,0,0,0,2,2,0,0,2,0.0,0.0,0.0,0.0,0.0,1.0,-1
"F[1,1](BGTestAvgNumPtRep < 5.569 -> Pt_SHFlg = 0.000)
",-5.569,-5.569,0.000,0.000,1.000,0,0,0,2,2,0,0,2,0.0,0.0,0.0,0.0,0.0,1.0,-1
"((DirectLDL >= 0.000) U[0,1] (Pt_SHFlg = 0.000))
",-9999999.000,-9999999.000,0.000,0.000,1.000,0,0,0,2,2,0,0,2,0.0,0.0,0.0,0.0,0.0,1.0,-1
"F[1,2](Pt_GrandchildT1D <= 0.000 & Pt_SHFlg = 0.000)
",-9999999.000,-9999999.000,0.000,0.000,1.000,0,0,0,2,2,0,0,2,0.0,0.0,0.0,0.0,0.0,1.0,-1
"F[0,0](Pt_DKAFlg >= 0.000 & Pt_SHFlg = 0.000)
",-1.000,-35.270,0.000,0.000,1.000,0,0,0,2,2,0,0,2,0.0,0.0,0.0,0.0,0.0,1.0,-1
"F[1,2](SMBGperDayPtMeterCombo <= 7.506 & Pt_SHFlg = 0.000)
",-9999999.000,-9999999.000,0.000,0.000,1.000,0,0,0,2,2,0,0,2,0.0,0.0,0.0,0.0,0.0,1.0,-1
"F[0,2](HeightCm > 177.006 & Pt_SHFlg = 0.000)
",-9999999.000,-9999999.000,0.000,0.000,1.000,0,0,0,2,2,0,0,2,0.0,0.0,0.0,0.0,0.0,1.0,-1
"F[0,1](diabDur >= 0.454 -> Pt_SHFlg = 0.000)
",-9999999.000,-9999999.000,0.000,0.000,1.000,0,0,0,2,2,0,0,2,0.0,0.0,0.0,0.0,0.0,1.0,-1
"((Pt_GrandchildT1D < 0.000) U[0,2] (Pt_SHFlg = 0.000))
",-9999999.000,-9999999.000,0.000,0.000,1.000,0,0,0,2,2,0,0,2,0.0,0.0,0.0,0.0,0.0,1.0,-1
"((Pt_ChildT1D <= 0.000) U[0,1] (Pt_SHFlg = 0.000))
",-9999999.000,-9999999.000,0.000,0.000,1.000,0,0,0,2,2,0,0,2,0.0,0.0,0.0,0.0,0.0,1.0,-1
"F[0,0](HbA1c >= 6.970 -> Pt_A1cGoalLevelDsYr5 = 0.000)
",0.000,0.000,0.000,0.000,1.000,0,0,0,2,2,0,0,2,0.0,0.0,0.0,0.0,0.0,1.0,-1
"F[0,2](HbA1c >= 6.939 -> Pt_A1cGoalLevelDsYr5 = 0.000)
",-9999999.000,-9999999.000,0.000,0.000,1.000,0,0,0,2,2,0,0,2,0.0,0.0,0.0,0.0,0.0,1.0,-1
"F[1,2](HbA1c >= 6.966 -> Pt_A1cGoalLevelDsYr5 = 0.000)
",-9999999.000,-9999999.000,0.000,0.000,1.000,0,0,0,2,2,0,0,2,0.0,0.0,0.0,0.0,0.0,1.0,-1
"F[0,1](Pt_SHFlg >= 0.000 | DirectLDL <= 0.000)
",-9999999.000,-9999999.000,0.000,0.000,1.000,0,0,0,2,2,0,0,2,0.0,0.0,0.0,0.0,0.0,1.0,-1
"F[0,0]((HbA1c >= 6.917 | NumPumpBolusOrShortAct <= 4.964) -> TotalDailyInsPerKg <= 4.855)
",-4.964,-4.964,0.000,0.000,1.000,0,0,0,2,2,0,0,2,0.0,0.0,0.0,0.0,0.0,1.0,-1
"F[1,1](((bmiZscore <= 0.723 & TotChol >= 89.778) -> bmi <= 149.458) & age >= 6.230)
",-149.458,-149.458,0.000,0.000,1.000,0,0,0,2,2,0,0,2,0.0,0.0,0.0,0.0,0.0,1.0,-1
"G[0,2](((AlbCreatRat_mggNew <= 3.178 & LDL >= 55.594) & Pt_A1cGoalLev >= 17.719) & BldPrSys >= 55.915)
",9999999.000,9999999.000,0.000,1.000,0.000,0,0,0,2,2,0,0,2,0.0,0.0,0.0,0.0,0.0,1.0,1
"G[1,2](SMBGperDayPtMeterCombo >= 4.639 & BGTestAvgNumPtRep >= 1.925)
",9999999.000,9999999.000,0.000,1.000,0.000,0,0,1,1,1,1,1,1,0.0,0.0,1.0,0.0,0.0,1.0,1
"G[2,2](GFR <= 85.583 -> BUN >= 9.988)
",-85.583,-85.583,0.000,1.000,0.000,0,0,2,0,0,2,2,0,0.0,0.0,1.0,0.0,0.0,1.0,1
"G[0,2](SMBGperDayPtMeterCombo >= 4.217 & BGTestAvgNumPtRep >= 0.776)
",9999999.000,9999999.000,0.000,1.000,0.000,0,0,0,2,2,0,0,2,0.0,0.0,0.0,0.0,0.0,1.0,1
"G[0,2]((WeightKg >= 109.836 | bmi >= 35.303) -> UnitsInsBasalOrLongAct <= 27.641)
",9999999.000,9999999.000,0.000,1.000,0.000,0,0,0,2,2,0,0,2,0.0,0.0,0.0,0.0,0.0,1.0,1
"G[0,2](GFR <= 70.221 -> BUN >= 9.973)
",9999999.000,9999999.000,0.000,1.000,0.000,0,0,2,0,0,2,2,0,0.0,0.0,1.0,0.0,0.0,1.0,1
"G[1,1](SMBGperDayPtMeterCombo >= 5.482 & BGTestAvgNumPtRep >= 0.399)
",-5.482,-5.482,0.000,1.000,0.000,0,0,0,2,2,0,0,2,0.0,0.0,0.0,0.0,0.0,1.0,1
"G[0,2]((WeightKg >= 107.692 | bmi >= 33.643) -> UnitsInsBasalOrLongAct <= 34.494)
",9999999.000,9999999.000,0.000,1.000,0.000,0,0,0,2,2,0,0,2,0.0,0.0,0.0,0.0,0.0,1.0,1
"G[1,2](GFR <= 87.889 -> BUN >= 9.386)
",9999999.000,9999999.000,0.000,1.000,0.000,0,0,2,0,0,2,2,0,0.0,0.0,1.0,0.0,0.0,1.0,1
"G[1,2](SMBGperDayPtMeterCombo >= 4.404 & BGTestAvgNumPtRep >= 0.908)
",9999999.000,9999999.000,0.000,1.000,0.000,0,0,1,1,1,1,1,1,0.0,0.0,1.0,0.0,0.0,1.0,1
"G[0,1]((WeightKg >= 107.077 | bmi >= 35.139) -> UnitsInsBasalOrLongAct <= 31.092)
",9999999.000,9999999.000,0.000,1.000,0.000,0,0,0,2,2,0,0,2,0.0,0.0,0.0,0.0,0.0,1.0,1
"G[0,1]((WeightKg >= 105.613 | bmi >= 34.450) -> UnitsInsBasalOrLongAct <= 33.263)
",9999999.000,9999999.000,0.000,1.000,0.000,0,0,0,2,2,0,0,2,0.0,0.0,0.0,0.0,0.0,1.0,1
"G[0,2](((HbA1c <= 6.989 -> WeightKg <= 114.294) & Pt_A1cGoalLev <= 113.768) | BUN <= 114.602)
",9999999.000,9999999.000,0.000,1.000,0.000,0,0,2,0,0,2,2,0,0.0,0.0,1.0,0.0,0.0,1.0,1
"G[1,2](HeightCm > 177.006 & Pt_SHFlg = 0.000)
",9999999.000,9999999.000,0.000,1.000,0.000,0,0,0,2,2,0,0,2,0.0,0.0,0.0,0.0,0.0,1.0,1
"G[0,2](Pt_FatherT1D > 0.000 -> Pt_SHFlg = 0.000)
",9999999.000,9999999.000,0.000,1.000,0.000,0,0,2,0,0,2,2,0,0.0,0.0,1.0,0.0,0.0,1.0,1
"G[0,2]((BGTestAvgNumMeter <= 6.685 & bmiZscore >= 0.671) | diagAgeCombo >= 0.668)
",9999999.000,9999999.000,0.000,1.000,0.000,0,0,2,0,0,2,2,0,0.0,0.0,1.0,0.0,0.0,1.0,1
"G[2,2](((Pt_GrandparentT1D <= 0.987 & TotalDailyInsPerKg <= 0.755) -> bmi <= 0.687) -> age >= 0.615)
",0.615,0.615,0.000,1.000,0.000,0,0,2,0,0,2,2,0,0.0,0.0,1.0,0.0,0.0,1.0,1
"G[1,2]((NumPumpBolusOrShortAct <= 3.818 & UnitsInsBasalOrLongAct >= 25.358) & WeightKg >= 2.810)
",9999999.000,9999999.000,0.000,1.000,0.000,0,0,0,2,2,0,0,2,0.0,0.0,0.0,0.0,0.0,1.0,1
"G[1,2](((HbA1cImputeDtMnC <= 48.494 -> Triglyc <= 116.851) & Pt_FatherT1D >= 81.365) | Pt_A1cGoalLev <= 257.858)
",9999999.000,9999999.000,0.000,1.000,0.000,0,0,2,0,0,2,2,0,0.0,0.0,1.0,0.0,0.0,1.0,1
"G[1,2](((AlbCreatRat_mggNew <= 3.379 & TotalDailyInsPerKg <= 0.839) & TotalDailyInsPerKg >= 0.567) & TotalDailyInsPerKg <= 0.702)
",9999999.000,9999999.000,0.000,1.000,0.000,0,0,1,1,1,1,1,1,0.0,0.0,1.0,0.0,0.0,1.0,1
"G[0,2]((BGTestAvgNumMeter >= 1.190 | TotChol <= 169.608) | Pt_MotherT1D <= 151.604)
",9999999.000,9999999.000,0.000,1.000,0.000,0,0,2,0,0,2,2,0,0.0,0.0,1.0,0.0,0.0,1.0,1
"G[0,2](NumPumpBolusOrShortAct >= 0.362 | Pt_GrandparentT1D >= 0.031)
",9999999.000,9999999.000,0.000,1.000,0.000,0,0,2,0,0,2,2,0,0.0,0.0,1.0,0.0,0.0,1.0,1
"G[1,2]((LDL >= 15.321 & UnitsInsBasalOrLongAct <= 34.989) & Pt_CGMUseNumDays >= 5.018)
",9999999.000,9999999.000,0.000,1.000,0.000,0,0,0,2,2,0,0,2,0.0,0.0,0.0,0.0,0.0,1.0,1
"G[0,2]((LDL >= 28.828 & TSH <= 1.444) -> HDL >= 0.696)
",9999999.000,9999999.000,0.000,1.000,0.000,0,0,2,0,0,2,2,0,0.0,0.0,1.0,0.0,0.0,1.0,1
"G[1,2](((AlbCreatRat_mggNew <= 2.519 & TSH >= 0.071) | Pt_SHFlg <= 1.341) -> diagAgeCombo >= 0.436)
",9999999.000,9999999.000,0.000,1.000,0.000,0,0,2,0,0,2,2,0,0.0,0.0,1.0,0.0,0.0,1.0,1
"G[1,2]((TotChol >= 21.641 -> TSH >= 0.108) | Pt_CGMUseNumDays >= 0.220)
",9999999.000,9999999.000,0.000,1.000,0.000,0,0,2,0,0,2,2,0,0.0,0.0,1.0,0.0,0.0,1.0,1
"G[2,2](GFR <= 86.453 -> BUN >= 11.066)
",-86.453,-86.453,0.000,1.000,0.000,0,0,2,0,0,2,2,0,0.0,0.0,1.0,0.0,0.0,1.0,1
"G[0,2](SMBGperDayPtMeterCombo >= 5.072 & BGTestAvgNumPtRep >= 2.219)
",9999999.000,9999999.000,0.000,1.000,0.000,0,0,0,2,2,0,0,2,0.0,0.0,0.0,0.0,0.0,1.0,1
"G[0,2](Pt_A1cGoalLevelDsYr5 <= 0.000 -> Pt_SHFlg = 0.000)
",9999999.000,9999999.000,0.000,1.000,0.000,0,0,2,0,0,2,2,0,0.0,0.0,1.0,0.0,0.0,1.0,1
"G[0,2]((GFR <= 71.079 | TotalDailyInsPerKg <= 0.659) & Triglyc >= 0.595)
",9999999.000,9999999.000,0.000,1.000,0.000,0,0,1,1,1,1,1,1,0.0,0.0,1.0,0.0,0.0,1.0,1
"G[0,2](((BldPrSys <= 129.131 & bmi <= 36.226) -> AlbCreatRat_mggNew >= 33.793) -> Pt_A1cGoalLev >= 34.160)
",9999999.000,9999999.000,0.000,1.000,0.000,0,0,0,2,2,0,0,2,0.0,0.0,0.0,0.0,0.0,1.0,1
"G[2,2](((BUN >= 10.207 -> TotalDailyInsPerKg <= 0.812) | Pt_FatherT1D >= 0.573) | TotalDailyInsPerKg <= 0.776)
",0.776,0.776,0.000,1.000,0.000,0,0,2,0,0,2,2,0,0.0,0.0,1.0,0.0,0.0,1.0,1
"G[0,2](SMBGperDayPtMeterCombo >= 5.255 & Triglyc <= 226.286)
",9999999.000,9999999.000,0.000,1.000,0.000,0,0,1,1,1,1,1,1,0.0,0.0,1.0,0.0,0.0,1.0,1
"G[1,2](GFR <= 74.263 -> BUN >= 9.683)
",9999999.000,9999999.000,0.000,1.000,0.000,0,0,2,0,0,2,2,0,0.0,0.0,1.0,0.0,0.0,1.0,1
"G[0,2](((BGTestAvgNumMeter <= 6.784 | Triglyc <= 261.078) & BldPrDia <= 255.141) -> WeightKg <= 184.630)
",9999999.000,9999999.000,0.000,1.000,0.000,0,0,2,0,0,2,2,0,0.0,0.0,1.0,0.0,0.0,1.0,1
"G[0,2](BldPrSys <= 129.641 | TotChol >= 137.816)
",9999999.000,9999999.000,0.000,1.000,0.000,0,0,1,1,1,1,1,1,0.0,0.0,1.0,0.0,0.0,1.0,1
"G[0,0](LDL >= 50.749 & SMBGperDayPtMeterCombo >= 4.025)
",-451.704,-50.001,0.000,1.000,0.000,0,0,0,2,2,0,0,2,0.0,0.0,0.0,0.0,0.0,1.0,1
"G[0,1](((BGTestAvgNumPtRep >= 0.798 | bmiZscore <= 0.750) & diagAgeCombo <= 0.760) & LDL >= 0.647)
",9999999.000,9999999.000,0.000,1.000,0.000,0,0,0,2,2,0,0,2,0.0,0.0,0.0,0.0,0.0,1.0,1
"G[0,1]((BldPrSys <= 125.785 -> GFR <= 72.192) & Pt_SHFlg >= 4.692)
",9999999.000,9999999.000,0.000,1.000,0.000,0,0,0,2,2,0,0,2,0.0,0.0,0.0,0.0,0.0,1.0,1
"G[1,2]((HbA1cImputeDtMnC <= 39.897 -> TotalDailyInsPerKg >= 0.522) -> BldPrDia <= 0.733)
",9999999.000,9999999.000,0.000,1.000,0.000,0,0,1,1,1,1,1,1,0.0,0.0,1.0,0.0,0.0,1.0,1
"G[0,1]((BldPrSys <= 128.866 | NumPumpBolusOrShortAct >= 0.098) & bmiZscore >= 1.541)
",9999999.000,9999999.000,0.000,1.000,0.000,0,0,0,2,2,0,0,2,0.0,0.0,0.0,0.0,0.0,1.0,1
"G[1,2](((BGTestAvgNumPtRep >= 1.093 -> UnitsInsBasalOrLongAct <= 28.250) | BGTestAvgNumMeter >= 26.235) & NumPumpBolusOrShortAct >= 6.156)
",9999999.000,9999999.000,0.000,1.000,0.000,0,0,0,2,2,0,0,2,0.0,0.0,0.0,0.0,0.0,1.0,1
"G[2,2](GFR <= 73.494 -> BUN >= 9.433)
",-73.494,-73.494,0.000,1.000,0.000,0,0,2,0,0,2,2,0,0.0,0.0,1.0,0.0,0.0,1.0,1
"G[1,2](HDL <= 67.044 | WeightKg <= 113.562)
",9999999.000,9999999.000,0.000,1.000,0.000,0,0,1,1,1,1,1,1,0.0,0.0,1.0,0.0,0.0,1.0,1
"G[0,2](BGTestAvgNumMeter > 3.182 & Pt_SHFlg = 0.000)
",9999999.000,9999999.000,0.000,1.000,0.000,0,0,1,1,1,1,1,1,0.0,0.0,1.0,0.0,0.0,1.0,1
"G[0,1](BGTestAvgNumPtRep <= 4.546 & Pt_SHFlg = 0.000)
",9999999.000,9999999.000,0.000,1.000,0.000,0,0,0,2,2,0,0,2,0.0,0.0,0.0,0.0,0.0,1.0,1
"G[1,2](bmiPerc >= 0.000 -> Pt_SHFlg = 0.000)
",9999999.000,9999999.000,0.000,1.000,0.000,0,0,2,0,0,2,2,0,0.0,0.0,1.0,0.0,0.0,1.0,1
"G[0,2]((WeightKg >= 107.818 | bmi >= 35.120) -> UnitsInsBasalOrLongAct <= 27.153)
",9999999.000,9999999.000,0.000,1.000,0.000,0,0,0,2,2,0,0,2,0.0,0.0,0.0,0.0,0.0,1.0,1
"G[0,2](GFR <= 89.991 -> BUN >= 12.544)
",9999999.000,9999999.000,0.000,1.000,0.000,0,0,1,1,1,1,1,1,0.0,0.0,1.0,0.0,0.0,1.0,1
"G[1,1]((WeightKg >= 110.443 | bmi >= 34.862) -> UnitsInsBasalOrLongAct <= 26.788)
",-26.788,-26.788,0.000,1.000,0.000,0,0,0,2,2,0,0,2,0.0,0.0,0.0,0.0,0.0,1.0,1
"G[2,2](GFR <= 92.207 -> BUN >= 9.752)
",-92.207,-92.207,0.000,1.000,0.000,0,0,2,0,0,2,2,0,0.0,0.0,1.0,0.0,0.0,1.0,1
"G[2,2](SMBGperDayPtMeterCombo >= 4.454 & BGTestAvgNumPtRep >= 0.375)
",-4.454,-4.454,0.000,1.000,0.000,0,0,2,0,0,2,2,0,0.0,0.0,1.0,0.0,0.0,1.0,1
"G[2,2]((WeightKg >= 109.220 | bmi >= 34.054) -> UnitsInsBasalOrLongAct <= 38.271)
",-38.271,-38.271,0.000,1.000,0.000,0,0,2,0,0,2,2,0,0.0,0.0,1.0,0.0,0.0,1.0,1
"G[0,2]((WeightKg >= 106.903 | bmi >= 33.751) -> UnitsInsBasalOrLongAct <= 37.850)
",9999999.000,9999999.000,0.000,1.000,0.000,0,0,0,2,2,0,0,2,0.0,0.0,0.0,0.0,0.0,1.0,1
"G[1,2](HDL > 27.965 -> Pt_SHFlg = 0.000)
",9999999.000,9999999.000,0.000,1.000,0.000,0,0,2,0,0,2,2,0,0.0,0.0,1.0,0.0,0.0,1.0,1
"G[0,2](((Pt_GrandparentT1D >= 0.214 -> TSH <= 1.253) -> GFR <= 1.407) -> Pt_GrandchildT1D <= 1.349)
",9999999.000,9999999.000,0.000,1.000,0.000,0,0,2,0,0,2,2,0,0.0,0.0,1.0,0.0,0.0,1.0,1
"G[0,2](NumPumpBolusOrShortAct <= 3.974 -> SMBGperDayPtMeterCombo >= 5.358)
",9999999.000,9999999.000,0.000,1.000,0.000,0,0,2,0,0,2,2,0,0.0,0.0,1.0,0.0,0.0,1.0,1
"G[2,2]((bmi >= 34.248 | NumPumpBolusOrShortAct <= 4.660) & diagAgeCombo <= 4.232)
",4.232,4.232,0.000,1.000,0.000,0,0,2,0,0,2,2,0,0.0,0.0,1.0,0.0,0.0,1.0,1
"G[1,2](((Pt_A1cGoalLev <= 0.000 & AutonomicNeuroCl >= 0.000) | BUN >= 0.000) -> BGTestAvgNumPtRep >= 0.000)
",9999999.000,9999999.000,0.000,1.000,0.000,0,0,2,0,0,2,2,0,0.0,0.0,1.0,0.0,0.0,1.0,1
"G[0,1](((LDL >= 21.049 & BGTestAvgNumPtRep >= 2.570) -> Pt_A1cGoalLev >= 0.730) & diabDur >= 1.503)
",9999999.000,9999999.000,0.000,1.000,0.000,0,0,0,2,2,0,0,2,0.0,0.0,0.0,0.0,0.0,1.0,1
"G[2,2]((HbA1cImputeDtMnC <= 63.214 & HbA1c <= 6.989) -> TotalDailyInsPerKg <= 6.982)
",-6.989,-6.989,0.000,1.000,0.000,0,0,2,0,0,2,2,0,0.0,0.0,1.0,0.0,0.0,1.0,1
"G[0,2]((Pt_ChildT1D >= 0.000 -> HeightCm <= 177.032) & diagAgeCombo <= 177.029)
",9999999.000,9999999.000,0.000,1.000,0.000,0,0,1,1,1,1,1,1,0.0,0.0,1.0,0.0,0.0,1.0,1
"G[0,2](((bmiPerc <= 0.000 | HeightCm >= 177.005) | bmiZscore <= 177.015) -> NumPumpBolusOrShortAct <= 177.031)
",9999999.000,9999999.000,0.000,1.000,0.000,0,0,2,0,0,2,2,0,0.0,0.0,1.0,0.0,0.0,1.0,1
"G[1,2]((Pt_GrandparentT1D >= 0.186 & bmiPerc <= 0.000) -> AutonomicNeuroCl >= 0.000)
",9999999.000,9999999.000,0.000,1.000,0.000,0,0,2,0,0,2,2,0,0.0,0.0,1.0,0.0,0.0,1.0,1
"G[0,1](((bmiPerc <= 0.000 & age <= 40.284) | Pt_SHFlg <= 42.447) -> TSH >= 39.097)
",9999999.000,9999999.000,0.000,1.000,0.000,0,0,0,2,2,0,0,2,0.0,0.0,0.0,0.0,0.0,1.0,1
"G[2,2](((AlbCreatRat_mggNew >= 0.705 -> Triglyc <= 259.927) | TotChol >= 50.299) -> SMBGperDayPtMeterCombo <= 134.921)
",-134.921,-134.921,0.000,1.000,0.000,0,0,2,0,0,2,2,0,0.0,0.0,1.0,0.0,0.0,1.0,1
"G[2,2]((BGTestAvgNumMeter >= 2.153 & bmi >= 34.155) -> TotChol >= 35.109)
",34.155,34.155,0.000,1.000,0.000,0,0,2,0,0,2,2,0,0.0,0.0,1.0,0.0,0.0,1.0,1
"G[1,2](HDL <= 74.160 | bmiPerc >= 0.000)
",9999999.000,9999999.000,0.000,1.000,0.000,0,0,2,0,0,2,2,0,0.0,0.0,1.0,0.0,0.0,1.0,1
"G[0,2](((HbA1c >= 6.939 -> TotChol >= 117.390) | Pt_DKAFlg <= 208.634) -> LDL <= 177.608)
",9999999.000,9999999.000,0.000,1.000,0.000,0,0,2,0,0,2,2,0,0.0,0.0,1.0,0.0,0.0,1.0,1
"G[1,2](((Pt_A1cGoalLevelDsYr5 >= 0.000 & SMBGperDayPtMeterCombo <= 6.565) & Pt_DKAFlg >= 5.186) -> UnitsInsBasalOrLongAct <= 6.289)
",9999999.000,9999999.000,0.000,1.000,0.000,0,0,2,0,0,2,2,0,0.0,0.0,1.0,0.0,0.0,1.0,1
"G[2,2](((Pt_InsGov >= 0.000 & BGTestAvgNumPtRep >= 1.724) & Pt_CGMUseNumDays <= 7.606) & diagAgeCombo >= 1.299)
",-1.724,-1.724,0.000,1.000,0.000,0,0,2,0,0,2,2,0,0.0,0.0,1.0,0.0,0.0,1.0,1
"G[0,2]((BGTestAvgNumPtRep >= 2.409 | Pt_SHFlg >= 0.000) | bmi <= 0.000)
",9999999.000,9999999.000,0.000,1.000,0.000,0,0,2,0,0,2,2,0,0.0,0.0,1.0,0.0,0.0,1.0,1
"G[2,2](bmiPerc <= 0.000 -> HbA1c >= 6.960)
",0.000,0.000,0.000,1.000,0.000,0,0,2,0,0,2,2,0,0.0,0.0,1.0,0.0,0.0,1.0,1
"G[0,1](((Pt_FatherT1D >= 0.000 & Pt_InsGov <= 0.000) & Triglyc <= 0.000) & GFR <= 0.000)
",9999999.000,9999999.000,0.000,1.000,0.000,0,0,0,2,2,0,0,2,0.0,0.0,0.0,0.0,0.0,1.0,1
"G[0,2]((Pt_InsGov >= 0.000 & Pt_MotherT1D <= 0.000) & UnitsInsBasalOrLongAct >= 0.000)
",9999999.000,9999999.000,0.000,1.000,0.000,0,0,2,0,0,2,2,0,0.0,0.0,1.0,0.0,0.0,1.0,1
"G[1,2](BUN >= 9.117 & bmiPerc >= 0.000)
",9999999.000,9999999.000,0.000,1.000,0.000,0,0,1,1,1,1,1,1,0.0,0.0,1.0,0.0,0.0,1.0,1
"G[0,2](((BldPrDia <= 84.698 & Pt_InsGov >= 0.000) -> Pt_MotherT1D <= 0.000) | bmiZscore <= 0.000)
",9999999.000,9999999.000,0.000,1.000,0.000,0,0,2,0,0,2,2,0,0.0,0.0,1.0,0.0,0.0,1.0,1
"G[1,1]((Pt_InsGov <= 0.000 -> Pt_ChildT1D >= 0.000) -> LDL <= 0.000)
",0.000,0.000,0.000,1.000,0.000,0,0,0,2,2,0,0,2,0.0,0.0,0.0,0.0,0.0,1.0,1
"G[0,2](((UnitsInsBasalOrLongAct <= 35.387 | UnitsInsBasalOrLongAct <= 33.404) | BGTestAvgNumPtRep >= 21.272) & BldPrSys >= 23.037)
",9999999.000,9999999.000,0.000,1.000,0.000,0,0,0,2,2,0,0,2,0.0,0.0,0.0,0.0,0.0,1.0,1
"G[2,2](((TotChol >= 116.719 & diabDur <= 4.102) | HeightCm >= 1.896) -> BGTestAvgNumMeter >= 1.857)
",1.857,1.857,0.000,1.000,0.000,0,0,2,0,0,2,2,0,0.0,0.0,1.0,0.0,0.0,1.0,1
"G[1,2](((NumPumpBolusOrShortAct <= 4.127 & Pt_InsGov <= 0.000) & Pt_InsGov <= 0.000) -> Pt_GrandparentT1D <= 0.000)
",9999999.000,9999999.000,0.000,1.000,0.000,0,0,2,0,0,2,2,0,0.0,0.0,1.0,0.0,0.0,1.0,1
"G[1,2](((Pt_SHFlg >= 0.000 -> HbA1cImputeDtMnC <= 65.276) | diabDur <= 63.628) -> DirectLDL >= 16.795)
",9999999.000,9999999.000,0.000,1.000,0.000,0,0,0,2,2,0,0,2,0.0,0.0,0.0,0.0,0.0,1.0,1
"G[1,1]((diabDur >= 2.245 & Pt_SiblingT1D >= 0.000) -> Triglyc <= 0.000)
",0.000,0.000,0.000,1.000,0.000,0,0,0,2,2,0,0,2,0.0,0.0,0.0,0.0,0.0,1.0,1
"G[0,2]((bmiZscore <= 0.729 | age >= 37.085) & Pt_GrandparentT1D >= 39.968)
",9999999.000,9999999.000,0.000,1.000,0.000,0,0,0,2,2,0,0,2,0.0,0.0,0.0,0.0,0.0,1.0,1
"G[0,1]((HbA1c <= 6.997 -> SMBGperDayPtMeterCombo <= 7.227) -> Pt_MotherT1D >= 4.342)
",9999999.000,9999999.000,0.000,1.000,0.000,0,0,0,2,2,0,0,2,0.0,0.0,0.0,0.0,0.0,1.0,1
"G[0,2]((SMBGperDayPtMeterCombo <= 7.632 & Pt_FatherT1D <= 0.000) -> HDL <= 0.000)
",9999999.000,9999999.000,0.000,1.000,0.000,0,0,0,2,2,0,0,2,0.0,0.0,0.0,0.0,0.0,1.0,1
"G[1,2](SMBGperDayPtMeterCombo >= 5.631 & BGTestAvgNumPtRep >= 1.320)
",9999999.000,9999999.000,0.000,1.000,0.000,0,0,0,2,2,0,0,2,0.0,0.0,0.0,0.0,0.0,1.0,1
"G[0,2](GFR >= 3.363 & TotChol <= 151.295)
",9999999.000,9999999.000,0.000,1.000,0.000,0,0,0,2,2,0,0,2,0.0,0.0,0.0,0.0,0.0,1.0,1
"G[0,2](HbA1c <= 6.977 & Pt_SHFlg = 0.000)
",9999999.000,9999999.000,0.000,1.000,0.000,0,0,0,2,2,0,0,2,0.0,0.0,0.0,0.0,0.0,1.0,1
"G[1,2](BGTestAvgNumMeter <= 4.493 & Pt_SHFlg = 0.000)
",9999999.000,9999999.000,0.000,1.000,0.000,0,0,0,2,2,0,0,2,0.0,0.0,0.0,0.0,0.0,1.0,1
"G[2,2](TotalDailyInsPerKg >= 0.506 -> Pt_SHFlg = 0.000)
",0.000,0.000,0.000,1.000,0.000,0,0,2,0,0,2,2,0,0.0,0.0,1.0,0.0,0.0,1.0,1
"G[2,2](Pt_SiblingT1D >= 0.000 & Pt_SHFlg = 0.000)
",0.000,0.000,0.000,1.000,0.000,0,0,2,0,0,2,2,0,0.0,0.0,1.0,0.0,0.0,1.0,1
"G[2,2](age >= 40.211 & Pt_SHFlg = 0.000)
",-40.211,-40.211,0.000,1.000,0.000,0,0,2,0,0,2,2,0,0.0,0.0,1.0,0.0,0.0,1.0,1
"G[0,1](Pt_A1cGoalLevelDsYr5 > 0.000 & Pt_SHFlg = 0.000)
",9999999.000,9999999.000,0.000,1.000,0.000,0,0,0,2,2,0,0,2,0.0,0.0,0.0,0.0,0.0,1.0,1
"G[1,2](WeightKg >= 107.267 -> Pt_SHFlg = 0.000)
",9999999.000,9999999.000,0.000,1.000,0.000,0,0,2,0,0,2,2,0,0.0,0.0,1.0,0.0,0.0,1.0,1
"G[0,2](Pt_A1cGoalLevelDsYr5 < 0.000 -> Pt_SHFlg = 0.000)
",9999999.000,9999999.000,0.000,1.000,0.000,0,0,2,0,0,2,2,0,0.0,0.0,1.0,0.0,0.0,1.0,1
"G[1,2]((AlbCreatRat_mggNew <= 2.788 -> HeightCm >= 177.001) -> LDL >= 177.001)
",9999999.000,9999999.000,0.000,1.000,0.000,0,0,0,2,2,0,0,2,0.0,0.0,0.0,0.0,0.0,1.0,1
"G[0,2]((BldPrDia <= 84.568 | diabDur <= 5.355) | DirectLDL <= 4.996)
",9999999.000,9999999.000,0.000,1.000,0.000,0,0,2,0,0,2,2,0,0.0,0.0,1.0,0.0,0.0,1.0,1
"G[1,2](((bmiZscore <= 0.760 -> SMBGperDayPtMeterCombo <= 7.025) | TSH >= 5.415) | Pt_DKAFlg >= 5.655)
",9999999.000,9999999.000,0.000,1.000,0.000,0,0,2,0,0,2,2,0,0.0,0.0,1.0,0.0,0.0,1.0,1
"G[1,2](AutonomicNeuroCl <= 0.000 | GFR <= 79.200)
",9999999.000,9999999.000,0.000,1.000,0.000,0,0,2,0,0,2,2,0,0.0,0.0,1.0,0.0,0.0,1.0,1
"G[1,2](((Pt_DKAFlg <= 0.000 | HDL >= 26.835) | AutonomicNeuroCl <= 56.553) -> Triglyc >= 13.037)
",9999999.000,9999999.000,0.000,1.000,0.000,0,0,2,0,0,2,2,0,0.0,0.0,1.0,0.0,0.0,1.0,1
"G[1,1]((Pt_InsGov <= 0.000 -> Pt_ChildT1D >= 0.000) -> age <= 0.000)
",0.000,0.000,0.000,1.000,0.000,0,0,0,2,2,0,0,2,0.0,0.0,0.0,0.0,0.0,1.0,1
"G[1,2](bmiZscore <= 0.730 | UnitsInsBasalOrLongAct >= 17.499)
",9999999.000,9999999.000,0.000,1.000,0.000,0,0,2,0,0,2,2,0,0.0,0.0,1.0,0.0,0.0,1.0,1
"G[0,1](((bmiPerc >= 0.000 -> HDL <= 68.005) -> Pt_SiblingT1D <= 55.759) & TotalDailyInsPerKg >= 30.253)
",9999999.000,9999999.000,0.000,1.000,0.000,0,0,0,2,2,0,0,2,0.0,0.0,0.0,0.0,0.0,1.0,1
"G[0,2](BUN <= 13.666 & BldPrDia <= 85.847)
",9999999.000,9999999.000,0.000,1.000,0.000,0,0,1,1,1,1,1,1,0.0,0.0,1.0,0.0,0.0,1.0,1
"G[1,2](((BldPrSys <= 129.724 -> Pt_GrandchildT1D >= 0.000) & TotalDailyInsPerKg <= 0.000) -> TSH >= 0.000)
",9999999.000,9999999.000,0.000,1.000,0.000,0,0,2,0,0,2,2,0,0.0,0.0,1.0,0.0,0.0,1.0,1
"G[1,2]((HbA1cImputeDtMnC >= 15.616 -> AlbCreatRat_mggNew >= 1.069) | Pt_GrandchildT1D >= 0.131)
",9999999.000,9999999.000,0.000,1.000,0.000,0,0,2,0,0,2,2,0,0.0,0.0,1.0,0.0,0.0,1.0,1
"G[0,2](((LDL >= 50.162 -> AlbCreatRat_mggNew >= 1.249) | Pt_A1cGoalLevelDsYr5 <= 2.702) | diabDur <= 2.634)
",9999999.000,9999999.000,0.000,1.000,0.000,0,0,2,0,0,2,2,0,0.0,0.0,1.0,0.0,0.0,1.0,1
"G[1,2](TotalDailyInsPerKg <= 0.753 & SMBGperDayPtMeterCombo >= 5.304)
",9999999.000,9999999.000,0.000,1.000,0.000,0,0,1,1,1,1,1,1,0.0,0.0,1.0,0.0,0.0,1.0,1
"G[0,2]((BldPrDia >= 77.752 -> Pt_GrandparentT1D <= 0.684) | BUN >= 0.117)
",9999999.000,9999999.000,0.000,1.000,0.000,0,0,2,0,0,2,2,0,0.0,0.0,1.0,0.0,0.0,1.0,1
"G[1,2](Pt_SHFlg >= 0.000 & Pt_A1cGoalLevelDsYr5 >= 0.000)
",9999999.000,9999999.000,0.000,1.000,0.000,0,0,2,0,0,2,2,0,0.0,0.0,1.0,0.0,0.0,1.0,1
"G[0,2]((BGTestAvgNumPtRep >= 0.124 | SMBGperDayPtMeterCombo >= 5.218) & Pt_FatherT1D >= 5.517)
",9999999.000,9999999.000,0.000,1.000,0.000,0,0,0,2,2,0,0,2,0.0,0.0,0.0,0.0,0.0,1.0,1
"G[1,2](((BGTestAvgNumMeter >= 0.173 -> HeightCm >= 177.001) | TSH <= 177.020) -> TotalDailyInsPerKg <= 177.018)
",9999999.000,9999999.000,0.000,1.000,0.000,0,0,2,0,0,2,2,0,0.0,0.0,1.0,0.0,0.0,1.0,1
"F[0,0](((HbA1cImputeDtMnC <= 45.882 -> HbA1cImputeDtMnC >= 2.375) -> BGTestAvgNumPtRep <= 50.612) | Pt_FatherT1D <= 48.986)
",48.986,48.986,0.000,0.000,1.000,0,0,0,2,2,0,0,2,0.0,0.0,0.0,0.0,0.0,1.0,-1
"G[1,2]((Pt_A1cGoalLevelDsYr5 <= 0.000 -> Pt_A1cGoalLevelDsYr5 >= 0.000) -> HeightCm >= 0.000)
",9999999.000,9999999.000,0.000,1.000,0.000,0,0,2,0,0,2,2,0,0.0,0.0,1.0,0.0,0.0,1.0,1
"F[1,2](Pt_GrandchildT1D <= 0.000 -> Pt_A1cGoalLev >= 0.000)
",-9999999.000,-9999999.000,0.000,0.000,1.000,0,0,0,2,2,0,0,2,0.0,0.0,0.0,0.0,0.0,1.0,-1
"F[0,2](Pt_SiblingT1D <= 0.000 -> Pt_A1cGoalLevelDsYr5 <= 0.000)
",-9999999.000,-9999999.000,0.000,0.000,1.000,0,0,0,2,2,0,0,2,0.0,0.0,0.0,0.0,0.0,1.0,-1
"F[0,1](AlbCreatRat_mggNew <= 2.454 -> NumPumpBolusOrShortAct >= 1.232)
",-9999999.000,-9999999.000,0.000,0.000,1.000,0,0,0,2,2,0,0,2,0.0,0.0,0.0,0.0,0.0,1.0,-1
"G[0,2](((HbA1c >= 6.910 -> Pt_MotherT1D >= 0.000) -> Pt_CGMUseNumDays <= 0.000) & DirectLDL <= 0.000)
",9999999.000,9999999.000,0.000,1.000,0.000,0,0,2,0,0,2,2,0,0.0,0.0,1.0,0.0,0.0,1.0,1
"G[0,2]((WeightKg >= 105.893 & diagAgeCombo >= 37.000) | HbA1c >= 37.000)
",9999999.000,9999999.000,0.000,1.000,0.000,0,0,1,1,1,1,1,1,0.0,0.0,1.0,0.0,0.0,1.0,1
"G[0,2](((GFR <= 87.433 -> Pt_InsGov <= 0.000) -> diabDur <= 0.000) | Pt_ChildT1D >= 0.000)
",9999999.000,9999999.000,0.000,1.000,0.000,0,0,2,0,0,2,2,0,0.0,0.0,1.0,0.0,0.0,1.0,1
"G[1,2](((diabDur >= 2.555 -> Pt_A1cGoalLevelDsYr5 <= 0.000) & HDL >= 0.000) & Triglyc <= 0.000)
",9999999.000,9999999.000,0.000,1.000,0.000,0,0,0,2,2,0,0,2,0.0,0.0,0.0,0.0,0.0,1.0,1
"G[2,2](((UnitsInsBasalOrLongAct >= 1.647 | TSH <= 1.273) | TotChol >= 0.335) | HeightCm >= 0.942)
",1.273,1.273,0.000,1.000,0.000,0,0,2,0,0,2,2,0,0.0,0.0,1.0,0.0,0.0,1.0,1
"G[1,2]((bmi >= 34.044 & HbA1cImputeDtMnC <= 52.247) | WeightKg <= 66.807)
",9999999.000,9999999.000,0.000,1.000,0.000,0,0,1,1,1,1,1,1,0.0,0.0,1.0,0.0,0.0,1.0,1
"G[1,2]((Triglyc >= 77.209 & WeightKg >= 106.272) -> AutonomicNeuroCl <= 114.906)
",9999999.000,9999999.000,0.000,1.000,0.000,0,0,2,0,0,2,2,0,0.0,0.0,1.0,0.0,0.0,1.0,1
"G[2,2](Pt_CGMUseNumDays <= 0.000 & Pt_CGMUseNumDays <= 0.000)
",0.000,0.000,0.000,1.000,0.000,0,0,2,0,0,2,2,0,0.0,0.0,1.0,0.0,0.0,1.0,1
"G[2,2]((Pt_DKAFlg <= 0.000 & HbA1c <= 6.979) -> Pt_SiblingT1D >= 6.946)
",0.000,0.000,0.000,1.000,0.000,0,0,2,0,0,2,2,0,0.0,0.0,1.0,0.0,0.0,1.0,1
"G[0,1](((Pt_A1cGoalLevelDsYr5 >= 0.000 | age <= 43.000) & bmi <= 41.776) & BldPrDia <= 40.821)
",9999999.000,9999999.000,0.000,1.000,0.000,0,0,0,2,2,0,0,2,0.0,0.0,0.0,0.0,0.0,1.0,1
"G[1,2](((Pt_CGMUseNumDays <= 0.000 -> Pt_SiblingT1D >= 0.000) -> bmi <= 0.000) | SMBGperDayPtMeterCombo <= 0.000)
",9999999.000,9999999.000,0.000,1.000,0.000,0,0,0,2,2,0,0,2,0.0,0.0,0.0,0.0,0.0,1.0,1
"G[2,2](((Pt_InsGov <= 0.000 & AlbCreatRat_mggNew >= 0.515) & DirectLDL <= 3.262) & diabDur >= 0.275)
",-0.515,-0.515,0.000,1.000,0.000,0,0,2,0,0,2,2,0,0.0,0.0,1.0,0.0,0.0,1.0,1
"G[2,2](((bmiZscore >= 0.697 & diagAgeCombo >= 37.000) | HbA1cImputeDtMnC <= 37.000) -> BldPrDia <= 37.000)
",-37.000,-37.000,0.000,1.000,0.000,0,0,2,0,0,2,2,0,0.0,0.0,1.0,0.0,0.0,1.0,1
"G[0,2]((Pt_SiblingT1D >= 0.000 | Pt_SiblingT1D >= 0.000) | HDL <= 0.000)
",9999999.000,9999999.000,0.000,1.000,0.000,0,0,2,0,0,2,2,0,0.0,0.0,1.0,0.0,0.0,1.0,1
"G[0,1](((diabDur <= 4.552 | BldPrSys >= 122.097) & BldPrSys >= 117.793) -> BGTestAvgNumMeter >= 116.881)
",9999999.000,9999999.000,0.000,1.000,0.000,0,0,0,2,2,0,0,2,0.0,0.0,0.0,0.0,0.0,1.0,1
"G[1,2](((diabDur >= 0.121 -> BGTestAvgNumPtRep >= 2.589) | Pt_ChildT1D <= 4.437) & age >= 0.565)
",9999999.000,9999999.000,0.000,1.000,0.000,0,0,2,0,0,2,2,0,0.0,0.0,1.0,0.0,0.0,1.0,1
"G[0,2](((UnitsInsBasalOrLongAct <= 27.656 -> BGTestAvgNumPtRep >= 2.420) & UnitsInsBasalOrLongAct >= 1.244) & AlbCreatRat_mggNew <= 7.472)
",9999999.000,9999999.000,0.000,1.000,0.000,0,0,1,1,1,1,1,1,0.0,0.0,1.0,0.0,0.0,1.0,1
"G[0,2](((Pt_SiblingT1D >= 0.000 & diabDur <= 3.422) | AlbCreatRat_mggNew >= 2.516) | BldPrSys >= 0.658)
",9999999.000,9999999.000,0.000,1.000,0.000,0,0,2,0,0,2,2,0,0.0,0.0,1.0,0.0,0.0,1.0,1
"G[0,2](((Pt_MotherT1D <= 0.000 -> TotalDailyInsPerKg >= 0.622) -> GFR <= 0.816) & HbA1cImputeDtMnC >= 0.578)
",9999999.000,9999999.000,0.000,1.000,0.000,0,0,0,2,2,0,0,2,0.0,0.0,0.0,0.0,0.0,1.0,1
"G[0,2]((Pt_GrandparentT1D <= 0.726 -> Pt_A1cGoalLevelDsYr5 >= 0.000) -> bmiPerc <= 0.000)
",9999999.000,9999999.000,0.000,1.000,0.000,0,0,2,0,0,2,2,0,0.0,0.0,1.0,0.0,0.0,1.0,1
"G[0,2](Pt_FatherT1D >= 0.000 | TotalDailyInsPerKg <= 0.719)
",9999999.000,9999999.000,0.000,1.000,0.000,0,0,2,0,0,2,2,0,0.0,0.0,1.0,0.0,0.0,1.0,1
"G[0,2]((Pt_A1cGoalLev <= 0.000 & bmiPerc <= 0.000) | AlbCreatRat_mggNew <= 0.000)
",9999999.000,9999999.000,0.000,1.000,0.000,0,0,2,0,0,2,2,0,0.0,0.0,1.0,0.0,0.0,1.0,1
"((bmiZscore >= 0.671) U[2,2] (NumPumpBolusOrShortAct >= 3.525))
",-0.671,-0.671,0.000,0.000,1.000,0,0,0,2,2,0,0,2,0.0,0.0,0.0,0.0,0.0,1.0,-1
"F[1,2](((bmi >= 35.077 | Pt_ChildT1D <= 0.000) -> NumPumpBolusOrShortAct >= 0.000) -> Pt_CGMUseNumDays >= 0.000)
",-9999999.000,-9999999.000,0.000,0.000,1.000,0,0,0,2,2,0,0,2,0.0,0.0,0.0,0.0,0.0,1.0,-1
"F[2,2](((Pt_InsGov >= 0.000 | Triglyc >= 23.697) -> NumPumpBolusOrShortAct >= 23.680) & bmiZscore <= 112.831)
",0.000,0.000,0.000,0.000,1.000,0,0,0,2,2,0,0,2,0.0,0.0,0.0,0.0,0.0,1.0,-1
"F[0,2](((BldPrDia <= 81.945 -> Triglyc <= 155.811) | Pt_GrandchildT1D <= 239.716) -> Pt_DKAFlg >= 19.308)
",-9999999.000,-9999999.000,0.000,0.000,1.000,0,0,0,2,2,0,0,2,0.0,0.0,0.0,0.0,0.0,1.0,-1
"F[1,2](((Pt_A1cGoalLev <= 0.000 | bmiPerc <= 0.000) | SMBGperDayPtMeterCombo >= 0.000) | DirectLDL <= 0.000)
",-9999999.000,-9999999.000,0.000,0.000,1.000,0,0,0,2,2,0,0,2,0.0,0.0,0.0,0.0,0.0,1.0,-1
"F[2,2]((bmi >= 34.870 -> BGTestAvgNumMeter >= 2.663) & HbA1c >= 1.379)
",-1.379,-1.379,0.000,0.000,1.000,0,0,0,2,2,0,0,2,0.0,0.0,0.0,0.0,0.0,1.0,-1
"F[2,2](((TSH <= 1.217 | bmi <= 36.808) | TotChol <= 37.260) & TSH >= 33.717)
",-33.717,-33.717,0.000,0.000,1.000,0,0,0,2,2,0,0,2,0.0,0.0,0.0,0.0,0.0,1.0,-1
"F[0,2](((Pt_CGMUseNumDays >= 0.000 & Pt_SHFlg >= 0.000) -> Pt_CGMUseNumDays <= 0.000) -> BldPrDia <= 0.000)
",-9999999.000,-9999999.000,0.000,0.000,1.000,0,0,0,2,2,0,0,2,0.0,0.0,0.0,0.0,0.0,1.0,-1
"F[1,2]((BldPrSys >= 121.093 -> Pt_InsGov >= 0.000) & TotalDailyInsPerKg >= 0.000)
",-9999999.000,-9999999.000,0.000,0.000,1.000,0,0,0,2,2,0,0,2,0.0,0.0,0.0,0.0,0.0,1.0,-1
"F[1,2](((Pt_SiblingT1D >= 0.000 -> bmiPerc <= 0.000) -> diagAgeCombo >= 0.000) & Pt_CGMUseNumDays >= 0.000)
",-9999999.000,-9999999.000,0.000,0.000,1.000,0,0,0,2,2,0,0,2,0.0,0.0,0.0,0.0,0.0,1.0,-1
"F[0,0](((Triglyc <= 229.755 -> BldPrDia >= 79.257) & HDL <= 85.432) -> Pt_SiblingT1D >= 77.850)
",4.172,62.797,0.000,0.000,1.000,0,0,0,2,2,0,0,2,0.0,0.0,0.0,0.0,0.0,1.0,-1
"F[1,2](((Pt_FatherT1D >= 0.000 | Pt_CGMUseNumDays <= 0.000) | Pt_SHFlg >= 0.000) | DirectLDL >= 0.000)
",-9999999.000,-9999999.000,0.000,0.000,1.000,0,0,0,2,2,0,0,2,0.0,0.0,0.0,0.0,0.0,1.0,-1
"F[2,2]((BGTestAvgNumMeter <= 6.349 & HbA1c >= 6.904) & HDL >= 6.919)
",-6.919,-6.919,0.000,0.000,1.000,0,0,0,2,2,0,0,2,0.0,0.0,0.0,0.0,0.0,1.0,-1
"F[1,2]((BldPrSys >= 121.920 | Triglyc <= 251.993) -> Pt_SiblingT1D <= 212.680)
",-9999999.000,-9999999.000,0.000,0.000,1.000,0,0,0,2,2,0,0,2,0.0,0.0,0.0,0.0,0.0,1.0,-1
"G[0,1](((HbA1cImputeDtMnC <= 53.559 | UnitsInsBasalOrLongAct <= 37.358) & Pt_MotherT1D >= 3.008) & Pt_CGMUseNumDays <= 32.818)
",9999999.000,9999999.000,0.000,1.000,0.000,0,0,0,2,2,0,0,2,0.0,0.0,0.0,0.0,0.0,1.0,1
"((BGTestAvgNumPtRep <= 5.865) U[0,2] (Triglyc <= 223.483))
",-9999999.000,-9999999.000,0.000,0.000,1.000,0,0,0,2,2,0,0,2,0.0,0.0,0.0,0.0,0.0,1.0,-1
"((DirectLDL <= 0.000) U[0,1] (bmiPerc <= 0.000))
",-9999999.000,-9999999.000,0.000,0.000,1.000,0,0,0,2,2,0,0,2,0.0,0.0,0.0,0.0,0.0,1.0,-1
"F[1,2](BldPrDia >= 78.627 | BUN <= 13.858)
",-9999999.000,-9999999.000,0.000,0.000,1.000,0,0,0,2,2,0,0,2,0.0,0.0,0.0,0.0,0.0,1.0,-1
"F[0,1]((HbA1c <= 6.994 -> Triglyc <= 142.734) & TSH <= 165.467)
",-9999999.000,-9999999.000,0.000,0.000,1.000,0,0,0,2,2,0,0,2,0.0,0.0,0.0,0.0,0.0,1.0,-1
"F[1,1](HbA1c >= 6.936 | LDL <= 81.884)
",81.884,81.884,0.000,0.000,1.000,0,0,0,2,2,0,0,2,0.0,0.0,0.0,0.0,0.0,1.0,-1
"((Pt_SiblingT1D <= 0.000) U[0,2] (HbA1c <= 6.992))
",-9999999.000,-9999999.000,0.000,0.000,1.000,0,0,0,2,2,0,0,2,0.0,0.0,0.0,0.0,0.0,1.0,-1
"F[0,1](((TotChol >= 71.923 -> HDL <= 78.865) | BGTestAvgNumMeter >= 25.294) | Pt_A1cGoalLev >= 30.289)
",-9999999.000,-9999999.000,0.000,0.000,1.000,0,0,0,2,2,0,0,2,0.0,0.0,0.0,0.0,0.0,1.0,-1
"F[0,2](((GFR <= 81.872 -> HbA1cImputeDtMnC <= 70.369) | Pt_CGMUseNumDays <= 60.250) & bmiZscore >= 6.816)
",-9999999.000,-9999999.000,0.000,0.000,1.000,0,0,0,2,2,0,0,2,0.0,0.0,0.0,0.0,0.0,1.0,-1
"((Pt_A1cGoalLevelDsYr5 >= 0.000) U[0,0] (Pt_A1cGoalLevelDsYr5 <= 0.000))
",0.000,0.000,0.000,0.000,1.000,0,0,0,2,2,0,0,2,0.0,0.0,0.0,0.0,0.0,1.0,-1
"F[1,2]((TotalDailyInsPerKg <= 0.766 -> Pt_SiblingT1D <= 0.000) & GFR >= 0.000)
",-9999999.000,-9999999.000,0.000,0.000,1.000,0,0,0,2,2,0,0,2,0.0,0.0,0.0,0.0,0.0,1.0,-1
"((BGTestAvgNumPtRep >= 1.712) U[2,2] (Pt_DKAFlg <= 0.000))
",0.000,0.000,0.000,0.000,1.000,0,0,0,2,2,0,0,2,0.0,0.0,0.0,0.0,0.0,1.0,-1
"F[0,1](diabDur <= 4.810 & WeightKg <= 113.136)
",-9999999.000,-9999999.000,0.000,0.000,1.000,0,0,0,2,2,0,0,2,0.0,0.0,0.0,0.0,0.0,1.0,-1
"F[0,2]((bmiZscore >= 0.645 & HeightCm >= 177.009) | TSH <= 177.010)
",-9999999.000,-9999999.000,0.000,0.000,1.000,0,0,0,2,2,0,0,2,0.0,0.0,0.0,0.0,0.0,1.0,-1
"G[2,2](BldPrSys >= 118.831 -> WeightKg <= 113.465)
",-113.465,-113.465,0.000,1.000,0.000,0,0,2,0,0,2,2,0,0.0,0.0,1.0,0.0,0.0,1.0,1
"G[1,2](((age <= 40.394 -> Triglyc >= 71.957) -> LDL >= 74.534) | Pt_MotherT1D <= 231.679)
",9999999.000,9999999.000,0.000,1.000,0.000,0,0,2,0,0,2,2,0,0.0,0.0,1.0,0.0,0.0,1.0,1
"G[2,2](((HbA1c >= 6.948 & UnitsInsBasalOrLongAct >= 24.592) -> Pt_SiblingT1D >= 15.554) | HeightCm >= 7.216)
",15.554,15.554,0.000,1.000,0.000,0,0,2,0,0,2,2,0,0.0,0.0,1.0,0.0,0.0,1.0,1
"G[1,2]((Pt_SHFlg <= 0.000 & NumPumpBolusOrShortAct <= 5.355) | diabDur >= 3.638)
",9999999.000,9999999.000,0.000,1.000,0.000,0,0,1,1,1,1,1,1,0.0,0.0,1.0,0.0,0.0,1.0,1
"G[0,2]((BGTestAvgNumPtRep <= 6.950 | HeightCm <= 177.016) & bmiZscore <= 177.013)
",9999999.000,9999999.000,0.000,1.000,0.000,0,0,1,1,1,1,1,1,0.0,0.0,1.0,0.0,0.0,1.0,1
"G[0,1]((age >= 38.853 & SMBGperDayPtMeterCombo <= 7.719) -> Pt_A1cGoalLev >= 5.318)
",9999999.000,9999999.000,0.000,1.000,0.000,0,0,0,2,2,0,0,2,0.0,0.0,0.0,0.0,0.0,1.0,1
"G[1,2](((BUN >= 9.512 | SMBGperDayPtMeterCombo >= 4.726) & age <= 7.164) & UnitsInsBasalOrLongAct >= 4.821)
",9999999.000,9999999.000,0.000,1.000,0.000,0,0,0,2,2,0,0,2,0.0,0.0,0.0,0.0,0.0,1.0,1
"G[1,2](BUN <= 13.929 & TSH <= 1.122)
",9999999.000,9999999.000,0.000,1.000,0.000,0,0,0,2,2,0,0,2,0.0,0.0,0.0,0.0,0.0,1.0,1
"G[1,2]((age >= 39.559 & AlbCreatRat_mggNew >= 0.082) & AlbCreatRat_mggNew >= 0.756)
",9999999.000,9999999.000,0.000,1.000,0.000,0,0,2,0,0,2,2,0,0.0,0.0,1.0,0.0,0.0,1.0,1
"G[0,1](((GFR >= 11.079 | HbA1cImputeDtMnC >= 37.557) -> diagAgeCombo >= 26.236) -> Pt_A1cGoalLevelDsYr5 >= 20.136)
",9999999.000,9999999.000,0.000,1.000,0.000,0,0,0,2,2,0,0,2,0.0,0.0,0.0,0.0,0.0,1.0,1
"G[2,2](((age <= 41.020 -> GFR >= 60.711) -> bmiPerc >= 40.738) | Pt_FatherT1D >= 22.051)
",40.738,40.738,0.000,1.000,0.000,0,0,2,0,0,2,2,0,0.0,0.0,1.0,0.0,0.0,1.0,1
"G[0,1]((BldPrSys >= 121.192 & TotalDailyInsPerKg <= 0.725) | BldPrSys <= 0.766)
",9999999.000,9999999.000,0.000,1.000,0.000,0,0,0,2,2,0,0,2,0.0,0.0,0.0,0.0,0.0,1.0,1
"G[2,2](diabDur <= 4.306 & HeightCm >= 177.008)
",-177.008,-177.008,0.000,1.000,0.000,0,0,2,0,0,2,2,0,0.0,0.0,1.0,0.0,0.0,1.0,1
"G[0,2](((bmi <= 36.160 & bmiZscore >= 0.669) | AutonomicNeuroCl >= 0.636) | Pt_A1cGoalLevelDsYr5 <= 0.741)
",9999999.000,9999999.000,0.000,1.000,0.000,0,0,2,0,0,2,2,0,0.0,0.0,1.0,0.0,0.0,1.0,1
"G[0,2](BGTestAvgNumMeter >= 1.067 & TSH <= 1.287)
",9999999.000,9999999.000,0.000,1.000,0.000,0,0,0,2,2,0,0,2,0.0,0.0,0.0,0.0,0.0,1.0,1
"G[2,2](((BUN <= 14.211 -> WeightKg >= 106.249) | TSH >= 107.165) -> HeightCm <= 113.188)
",-113.188,-113.188,0.000,1.000,0.000,0,0,2,0,0,2,2,0,0.0,0.0,1.0,0.0,0.0,1.0,1
"G[2,2](AlbCreatRat_mggNew <= 3.293 -> BldPrSys >= 122.236)
",-3.293,-3.293,0.000,1.000,0.000,0,0,2,0,0,2,2,0,0.0,0.0,1.0,0.0,0.0,1.0,1
"G[1,2]((AlbCreatRat_mggNew >= 1.351 -> Triglyc <= 141.461) | Triglyc >= 103.135)
",9999999.000,9999999.000,0.000,1.000,0.000,0,0,2,0,0,2,2,0,0.0,0.0,1.0,0.0,0.0,1.0,1
"G[0,2](Triglyc <= 168.580 | WeightKg >= 110.606)
",9999999.000,9999999.000,0.000,1.000,0.000,0,0,2,0,0,2,2,0,0.0,0.0,1.0,0.0,0.0,1.0,1
"G[0,2]((BldPrDia <= 85.935 -> TSH >= 0.892) | Pt_InsGov >= 1.032)
",9999999.000,9999999.000,0.000,1.000,0.000,0,0,1,1,1,1,1,1,0.0,0.0,1.0,0.0,0.0,1.0,1
"G[1,2](((HbA1c <= 6.989 -> TotChol >= 5.327) & diagAgeCombo <= 177.414) -> diabDur >= 86.252)
",9999999.000,9999999.000,0.000,1.000,0.000,0,0,0,2,2,0,0,2,0.0,0.0,0.0,0.0,0.0,1.0,1
"G[1,2](BldPrDia <= 85.067 | TotalDailyInsPerKg <= 0.693)
",9999999.000,9999999.000,0.000,1.000,0.000,0,0,2,0,0,2,2,0,0.0,0.0,1.0,0.0,0.0,1.0,1
"G[0,2](BGTestAvgNumPtRep <= 3.315 | BldPrDia >= 76.855)
",9999999.000,9999999.000,0.000,1.000,0.000,0,0,2,0,0,2,2,0,0.0,0.0,1.0,0.0,0.0,1.0,1
"G[1,2](((AlbCreatRat_mggNew <= 3.217 | HbA1c <= 6.981) | NumPumpBolusOrShortAct >= 6.972) & TotChol >= 6.912)
",9999999.000,9999999.000,0.000,1.000,0.000,0,0,1,1,1,1,1,1,0.0,0.0,1.0,0.0,0.0,1.0,1
"G[1,2](bmiZscore >= 0.676 | BUN <= 13.157)
",9999999.000,9999999.000,0.000,1.000,0.000,0,0,2,0,0,2,2,0,0.0,0.0,1.0,0.0,0.0,1.0,1
"G[1,2](((BldPrDia >= 77.801 & GFR <= 77.389) | HbA1cImputeDtMnC >= 49.346) & diabDur <= 85.205)
",9999999.000,9999999.000,0.000,1.000,0.000,0,0,1,1,1,1,1,1,0.0,0.0,1.0,0.0,0.0,1.0,1
"G[2,2](((bmiZscore <= 0.759 -> HbA1c <= 6.984) -> Pt_DKAFlg >= 6.928) -> Pt_CGMUseNumDays <= 6.975)
",-6.975,-6.975,0.000,1.000,0.000,0,0,2,0,0,2,2,0,0.0,0.0,1.0,0.0,0.0,1.0,1
"G[0,1](((BldPrSys >= 121.009 | HbA1cImputeDtMnC <= 42.937) -> TotalDailyInsPerKg <= 67.835) -> Pt_InsGov >= 13.735)
",9999999.000,9999999.000,0.000,1.000,0.000,0,0,0,2,2,0,0,2,0.0,0.0,0.0,0.0,0.0,1.0,1
"G[0,2]((BldPrDia >= 76.336 & LDL <= 84.780) -> NumPumpBolusOrShortAct >= 64.673)
",9999999.000,9999999.000,0.000,1.000,0.000,0,0,1,1,1,1,1,1,0.0,0.0,1.0,0.0,0.0,1.0,1
"G[1,2](((HbA1cImputeDtMnC <= 40.136 & SMBGperDayPtMeterCombo <= 7.960) & TotalDailyInsPerKg <= 7.138) -> diagAgeCombo <= 6.687)
",9999999.000,9999999.000,0.000,1.000,0.000,0,0,1,1,1,1,1,1,0.0,0.0,1.0,0.0,0.0,1.0,1
"G[1,2]((BGTestAvgNumPtRep >= 2.087 | LDL <= 87.686) & Triglyc >= 40.108)
",9999999.000,9999999.000,0.000,1.000,0.000,0,0,1,1,1,1,1,1,0.0,0.0,1.0,0.0,0.0,1.0,1
"G[0,1](BldPrSys >= 123.359 & UnitsInsBasalOrLongAct >= 10.028)
",9999999.000,9999999.000,0.000,1.000,0.000,0,0,0,2,2,0,0,2,0.0,0.0,0.0,0.0,0.0,1.0,1
"G[2,2](((TSH <= 1.349 & HDL <= 54.894) & NumPumpBolusOrShortAct <= 80.426) | Pt_GrandchildT1D >= 35.144)
",1.349,1.349,0.000,1.000,0.000,0,0,2,0,0,2,2,0,0.0,0.0,1.0,0.0,0.0,1.0,1
"G[1,2](((BGTestAvgNumPtRep >= 3.079 | Pt_ChildT1D >= 0.000) | NumPumpBolusOrShortAct >= 0.000) & BldPrDia >= 0.000)
",9999999.000,9999999.000,0.000,1.000,0.000,0,0,2,0,0,2,2,0,0.0,0.0,1.0,0.0,0.0,1.0,1
"G[0,0]((UnitsInsBasalOrLongAct >= 15.237 & BGTestAvgNumPtRep <= 6.888) & BGTestAvgNumMeter <= 3.859)
",-3.795,-20.689,0.000,1.000,0.000,0,0,0,2,2,0,0,2,0.0,0.0,0.0,0.0,0.0,1.0,1
"G[0,2](((Pt_DKAFlg <= 0.000 -> Pt_SiblingT1D <= 0.000) -> TSH >= 0.000) | LDL >= 0.000)
",9999999.000,9999999.000,0.000,1.000,0.000,0,0,2,0,0,2,2,0,0.0,0.0,1.0,0.0,0.0,1.0,1
"G[2,2](((Pt_CGMUseNumDays <= 0.000 & BldPrSys >= 118.985) & Triglyc <= 127.678) & HDL >= 118.255)
",-118.985,-118.985,0.000,1.000,0.000,0,0,2,0,0,2,2,0,0.0,0.0,1.0,0.0,0.0,1.0,1
"G[0,2]((Pt_MotherT1D >= 0.000 -> BGTestAvgNumPtRep >= 0.051) -> Pt_SiblingT1D <= 6.051)
",9999999.000,9999999.000,0.000,1.000,0.000,0,0,2,0,0,2,2,0,0.0,0.0,1.0,0.0,0.0,1.0,1
"G[2,2]((Pt_SHFlg >= 0.000 | Pt_InsGov <= 0.000) | HbA1c <= 0.000)
",0.000,0.000,0.000,1.000,0.000,0,0,2,0,0,2,2,0,0.0,0.0,1.0,0.0,0.0,1.0,1
"G[0,2]((bmiZscore >= 0.675 | DirectLDL >= 0.000) & age <= 0.000)
",9999999.000,9999999.000,0.000,1.000,0.000,0,0,0,2,2,0,0,2,0.0,0.0,0.0,0.0,0.0,1.0,1
"G[0,2](Pt_GrandchildT1D <= 0.000 | Pt_GrandchildT1D >= 0.000)
",9999999.000,9999999.000,0.000,1.000,0.000,0,0,2,0,0,2,2,0,0.0,0.0,1.0,0.0,0.0,1.0,1
"G[1,2]((GFR <= 72.903 -> Pt_MotherT1D >= 0.000) | Pt_A1cGoalLev >= 0.000)
",9999999.000,9999999.000,0.000,1.000,0.000,0,0,2,0,0,2,2,0,0.0,0.0,1.0,0.0,0.0,1.0,1
"G[1,2](((BldPrDia >= 78.334 -> Pt_MotherT1D >= 0.000) & Pt_DKAFlg >= 0.000) | Pt_MotherT1D <= 0.000)
",9999999.000,9999999.000,0.000,1.000,0.000,0,0,2,0,0,2,2,0,0.0,0.0,1.0,0.0,0.0,1.0,1
"G[1,2](Pt_GrandparentT1D >= 0.124 -> HDL >= 17.689)
",9999999.000,9999999.000,0.000,1.000,0.000,0,0,2,0,0,2,2,0,0.0,0.0,1.0,0.0,0.0,1.0,1
"G[0,2](((BUN <= 14.041 & diabDur >= 2.984) & Triglyc >= 2.652) & BGTestAvgNumMeter >= 2.397)
",9999999.000,9999999.000,0.000,1.000,0.000,0,0,1,1,1,1,1,1,0.0,0.0,1.0,0.0,0.0,1.0,1
"G[0,2](((bmiZscore <= 0.736 & GFR <= 92.352) -> TotalDailyInsPerKg >= 2.205) -> Pt_CGMUseNumDays >= 40.248)
",9999999.000,9999999.000,0.000,1.000,0.000,0,0,1,1,1,1,1,1,0.0,0.0,1.0,0.0,0.0,1.0,1
"G[1,2]((BldPrSys <= 125.983 | bmi <= 36.582) -> age <= 36.143)
",9999999.000,9999999.000,0.000,1.000,0.000,0,0,0,2,2,0,0,2,0.0,0.0,0.0,0.0,0.0,1.0,1
"G[0,2](((AutonomicNeuroCl >= 0.000 -> AlbCreatRat_mggNew <= 3.222) & BGTestAvgNumMeter <= 2.488) | Pt_GrandparentT1D <= 2.477)
",9999999.000,9999999.000,0.000,1.000,0.000,0,0,2,0,0,2,2,0,0.0,0.0,1.0,0.0,0.0,1.0,1
"G[2,2](NumPumpBolusOrShortAct <= 3.808 & SMBGperDayPtMeterCombo >= 5.944)
",-5.944,-5.944,0.000,1.000,0.000,0,0,2,0,0,2,2,0,0.0,0.0,1.0,0.0,0.0,1.0,1
"G[0,2](GFR >= 11.366 | SMBGperDayPtMeterCombo <= 7.295)
",9999999.000,9999999.000,0.000,1.000,0.000,0,0,1,1,1,1,1,1,0.0,0.0,1.0,0.0,0.0,1.0,1
"G[1,2](((SMBGperDayPtMeterCombo <= 7.421 | TotChol <= 186.219) | Pt_ChildT1D <= 192.333) | diagAgeCombo <= 191.405)
",9999999.000,9999999.000,0.000,1.000,0.000,0,0,2,0,0,2,2,0,0.0,0.0,1.0,0.0,0.0,1.0,1
"G[2,2](((bmiZscore <= 0.712 -> HeightCm >= 177.001) | BldPrDia >= 177.006) & HeightCm <= 177.035)
",-0.712,-0.712,0.000,1.000,0.000,0,0,2,0,0,2,2,0,0.0,0.0,1.0,0.0,0.0,1.0,1
"G[0,2]((BUN >= 12.283 & NumPumpBolusOrShortAct >= 2.224) & BldPrSys <= 5.067)
",9999999.000,9999999.000,0.000,1.000,0.000,0,0,0,2,2,0,0,2,0.0,0.0,0.0,0.0,0.0,1.0,1
"G[1,2](((age >= 38.904 -> BGTestAvgNumMeter >= 3.119) -> diagAgeCombo >= 1.185) & BGTestAvgNumMeter <= 5.731)
",9999999.000,9999999.000,0.000,1.000,0.000,0,0,1,1,1,1,1,1,0.0,0.0,1.0,0.0,0.0,1.0,1
"G[0,2]((LDL <= 95.520 & Triglyc >= 46.351) & WeightKg <= 138.931)
",9999999.000,9999999.000,0.000,1.000,0.000,0,0,0,2,2,0,0,2,0.0,0.0,0.0,0.0,0.0,1.0,1
"G[1,2]((bmiZscore >= 0.654 | UnitsInsBasalOrLongAct <= 29.769) | UnitsInsBasalOrLongAct <= 37.559)
",9999999.000,9999999.000,0.000,1.000,0.000,0,0,2,0,0,2,2,0,0.0,0.0,1.0,0.0,0.0,1.0,1
"G[1,2]((HeightCm <= 177.024 & SMBGperDayPtMeterCombo >= 5.530) | AlbCreatRat_mggNew >= 5.703)
",9999999.000,9999999.000,0.000,1.000,0.000,0,0,1,1,1,1,1,1,0.0,0.0,1.0,0.0,0.0,1.0,1
"F[0,0](((Pt_GrandparentT1D >= 0.189 | bmi >= 33.845) -> AlbCreatRat_mggNew <= 36.942) & diagAgeCombo >= 34.134)
",-10.025,-31.038,0.000,0.000,1.000,0,0,0,2,2,0,0,2,0.0,0.0,0.0,0.0,0.0,1.0,-1
