Rule,Discrimination Score,Pos Robustness,Neg Robustness,Percent Class +,Percent Class -,TP,TN,FP,FN,Actual Yes,Actual No,Predicted Yes,Predicted No,TPR/Sens,TNR/Spec,FPR,Precision,Accuracy,MCR,Class
"G[0,0](((NumPumpBolusOrShortAct >= 1.988 -> Pt_A1cGoalLev <= 7.514) -> bmiZscore >= 0.227) | HDL <= 5.509)
",-0.733,-0.733,0.000,1.000,0.000,2,0,0,0,2,0,2,0,1.0,0.0,0.0,1.0,1.3333333333333333,-0.33333333333333326,1
"F[0,0](((BGTestAvgNumPtRep >= 6.000 & TSH <= 1.352) & BldPrDia <= 1.259) & AlbCreatRat_mggNew <= 1.211)
",-131.741,-131.741,0.000,0.000,1.000,2,0,0,0,2,0,2,0,1.0,0.0,0.0,1.0,1.3333333333333333,-0.33333333333333326,-1
"G[0,0]((HbA1c <= 10.427 | NumPumpBolusOrShortAct <= 4.702) | bmiZscore >= 1.058)
",8.887,8.887,0.000,1.000,0.000,2,0,0,0,2,0,2,0,1.0,0.0,0.0,1.0,1.3333333333333333,-0.33333333333333326,1
"G[0,0](((bmi <= 26.883 & Triglyc >= 25.342) -> TotalDailyInsPerKg <= 35.214) | Pt_CGMUseNumDays <= 48.422)
",-27.214,-27.214,0.000,1.000,0.000,2,0,0,0,2,0,2,0,1.0,0.0,0.0,1.0,1.3333333333333333,-0.33333333333333326,1
"G[0,0]((Pt_DKAFlg <= 0.497 | bmiPerc <= 0.930) | SMBGperDayPtMeterCombo <= 0.947)
",0.497,0.497,0.000,1.000,0.000,2,0,0,0,2,0,2,0,1.0,0.0,0.0,1.0,1.3333333333333333,-0.33333333333333326,1
"G[0,0]((bmi >= 25.550 | UnitsInsBasalOrLongAct <= 21.203) & Pt_SHFlg <= 25.422)
",-0.570,-0.570,0.000,1.000,0.000,2,0,0,0,2,0,2,0,1.0,0.0,0.0,1.0,1.3333333333333333,-0.33333333333333326,1
"G[0,0]((HDL >= 19.106 -> GFR >= 0.000) & Pt_SHFlg <= 0.000)
",-102.894,-102.894,0.000,1.000,0.000,2,0,0,0,2,0,2,0,1.0,0.0,0.0,1.0,1.3333333333333333,-0.33333333333333326,1
"G[0,0](Triglyc <= 36.218 -> Pt_SHFlg = 0.000)
",25.992,25.992,0.000,1.000,0.000,2,0,0,0,2,0,2,0,1.0,0.0,0.0,1.0,1.3333333333333333,-0.33333333333333326,1
"G[0,0](((DirectLDL >= 0.000 -> LDL >= 7.278) & BldPrSys <= 94.264) | Pt_GrandchildT1D <= 113.091)
",113.091,113.091,0.000,1.000,0.000,2,0,0,0,2,0,2,0,1.0,0.0,0.0,1.0,1.3333333333333333,-0.33333333333333326,1
"G[0,0]((bmi <= 27.422 | TotChol >= 169.910) & TotChol >= 180.362)
",-117.362,-117.362,0.000,1.000,0.000,2,0,0,0,2,0,2,0,1.0,0.0,0.0,1.0,1.3333333333333333,-0.33333333333333326,1
"G[0,0](DirectLDL >= 0.000 -> Pt_MotherT1D >= 0.000)
",-171.100,-171.100,0.000,1.000,0.000,2,0,0,0,2,0,2,0,1.0,0.0,0.0,1.0,1.3333333333333333,-0.33333333333333326,1
"F[0,0]((TotChol >= 170.506 & Pt_CGMUseNumDays <= 0.000) & bmi <= 0.000)
",-18186.000,-18186.000,0.000,0.000,1.000,2,0,0,0,2,0,2,0,1.0,0.0,0.0,1.0,1.3333333333333333,-0.33333333333333326,-1
"F[0,1](((BUN >= 3.637 & TotChol <= 192.739) -> Pt_SiblingT1D <= 202.626) -> Pt_SiblingT1D >= 186.579)
",-9999999.000,-9999999.000,0.000,0.000,1.000,1,0,0,1,2,0,1,1,0.5,0.0,0.0,1.0,0.6666666666666666,0.33333333333333337,-1
"((Triglyc >= 20.930) U[1,1] (TSH >= 0.272))
",-0.272,-0.272,0.000,0.000,1.000,1,0,0,1,2,0,1,1,0.5,0.0,0.0,1.0,0.6666666666666666,0.33333333333333337,-1
"F[0,0](WeightKg >= 75.096 -> Pt_A1cGoalLev >= 1.226)
",-6.774,-6.774,0.000,0.000,1.000,1,0,0,1,2,0,1,1,0.5,0.0,0.0,1.0,0.6666666666666666,0.33333333333333337,-1
"((UnitsInsBasalOrLongAct <= 10.917) U[0,0] (HbA1c >= 9.885))
",7.017,7.017,0.000,0.000,1.000,1,0,0,1,2,0,1,1,0.5,0.0,0.0,1.0,0.6666666666666666,0.33333333333333337,-1
"((Pt_DKAFlg <= 0.409) U[1,2] (diagAgeCombo >= 8.000))
",-9999999.000,-9999999.000,0.000,0.000,1.000,1,0,0,1,2,0,1,1,0.5,0.0,0.0,1.0,0.6666666666666666,0.33333333333333337,-1
"F[1,1]((bmiZscore >= 1.282 & Triglyc >= 18.749) | BldPrSys <= 35.092)
",35.092,35.092,0.000,0.000,1.000,1,0,0,1,2,0,1,1,0.5,0.0,0.0,1.0,0.6666666666666666,0.33333333333333337,-1
"F[1,1](HbA1c >= 9.781 & SMBGperDayPtMeterCombo >= 2.137)
",-9.781,-9.781,0.000,0.000,1.000,1,0,0,1,2,0,1,1,0.5,0.0,0.0,1.0,0.6666666666666666,0.33333333333333337,-1
"F[1,1](bmiZscore >= 1.328 & WeightKg <= 77.910)
",-1.328,-1.328,0.000,0.000,1.000,1,0,0,1,2,0,1,1,0.5,0.0,0.0,1.0,0.6666666666666666,0.33333333333333337,-1
"F[0,1](((BldPrSys <= 129.121 | bmiPerc <= 0.913) | BUN <= 0.933) & HbA1c <= 0.934)
",-9999999.000,-9999999.000,0.000,0.000,1.000,1,0,0,1,2,0,1,1,0.5,0.0,0.0,1.0,0.6666666666666666,0.33333333333333337,-1
"((BldPrSys >= 125.051) U[1,1] (NumPumpBolusOrShortAct >= 1.759))
",-1.759,-1.759,0.000,0.000,1.000,1,0,0,1,2,0,1,1,0.5,0.0,0.0,1.0,0.6666666666666666,0.33333333333333337,-1
"F[0,1]((AlbCreatRat_mggNew >= 2.862 | WeightKg >= 75.045) & GFR >= 74.850)
",-9999999.000,-9999999.000,0.000,0.000,1.000,1,0,0,1,2,0,1,1,0.5,0.0,0.0,1.0,0.6666666666666666,0.33333333333333337,-1
"((diabDur <= 7.855) U[0,0] (TSH >= 0.174))
",5.826,5.826,0.000,0.000,1.000,1,0,0,1,2,0,1,1,0.5,0.0,0.0,1.0,0.6666666666666666,0.33333333333333337,-1
"F[0,1](HeightCm >= 169.695 & bmiPerc >= 0.906)
",-9999999.000,-9999999.000,0.000,0.000,1.000,1,0,0,1,2,0,1,1,0.5,0.0,0.0,1.0,0.6666666666666666,0.33333333333333337,-1
"F[1,1](((bmi <= 28.095 | TotChol <= 200.639) & BUN >= 175.030) | bmi >= 174.303)
",-174.303,-174.303,0.000,0.000,1.000,1,0,0,1,2,0,1,1,0.5,0.0,0.0,1.0,0.6666666666666666,0.33333333333333337,-1
"F[1,1](AlbCreatRat_mggNew <= 5.008 & Pt_SHFlg = 0.000)
",0.000,0.000,0.000,0.000,1.000,1,0,0,1,2,0,1,1,0.5,0.0,0.0,1.0,0.6666666666666666,0.33333333333333337,-1
"F[0,1]((HDL >= 18.843 & BUN >= 3.602) | GFR >= 1.207)
",-9999999.000,-9999999.000,0.000,0.000,1.000,1,0,0,1,2,0,1,1,0.5,0.0,0.0,1.0,0.6666666666666666,0.33333333333333337,-1
"((bmiZscore >= 1.365) U[1,2] (HeightCm >= 169.656))
",-9999999.000,-9999999.000,0.000,0.000,1.000,1,0,0,1,2,0,1,1,0.5,0.0,0.0,1.0,0.6666666666666666,0.33333333333333337,-1
"F[1,1](bmiPerc <= 0.920 & SMBGperDayPtMeterCombo <= 5.814)
",0.920,0.920,0.000,0.000,1.000,1,0,0,1,2,0,1,1,0.5,0.0,0.0,1.0,0.6666666666666666,0.33333333333333337,-1
"G[1,1](((BUN >= 3.505 -> Pt_ChildT1D <= 0.000) -> BldPrSys >= 0.000) | Pt_FatherT1D <= 0.000)
",0.000,0.000,0.000,1.000,0.000,1,0,1,0,1,1,2,0,1.0,0.0,1.0,0.5,0.6666666666666666,0.33333333333333337,1
"G[1,1]((BUN <= 9.146 -> bmiZscore >= 1.280) | LDL <= 1.451)
",1.451,1.451,0.000,1.000,0.000,1,0,1,0,1,1,2,0,1.0,0.0,1.0,0.5,0.6666666666666666,0.33333333333333337,1
"G[0,1]((LDL >= 22.474 -> WeightKg <= 84.086) & bmi <= 81.780)
",9999999.000,9999999.000,0.000,1.000,0.000,1,0,0,1,2,0,1,1,0.5,0.0,0.0,1.0,0.6666666666666666,0.33333333333333337,1
"G[1,1](Pt_SiblingT1D <= 0.000 | Pt_A1cGoalLev >= 0.630)
",0.000,0.000,0.000,1.000,0.000,1,0,1,0,1,1,2,0,1.0,0.0,1.0,0.5,0.6666666666666666,0.33333333333333337,1
"G[0,1]((Pt_CGMUseNumDays >= 0.000 | HDL >= 15.615) | Pt_InsGov >= 13.275)
",9999999.000,9999999.000,0.000,1.000,0.000,1,0,1,0,1,1,2,0,1.0,0.0,1.0,0.5,0.6666666666666666,0.33333333333333337,1
"G[1,1](Pt_GrandchildT1D >= 0.000 -> Pt_SHFlg = 0.000)
",0.000,0.000,0.000,1.000,0.000,1,0,1,0,1,1,2,0,1.0,0.0,1.0,0.5,0.6666666666666666,0.33333333333333337,1
"F[0,0]((BldPrSys >= 121.679 -> HbA1c <= 10.962) | TotChol <= 10.955)
",-9.422,-9.422,0.000,0.000,1.000,1,0,0,1,2,0,1,1,0.5,0.0,0.0,1.0,0.6666666666666666,0.33333333333333337,-1
"((Pt_A1cGoalLev >= 0.066) U[0,0] (BUN <= 10.186))
",7.934,7.934,0.000,0.000,1.000,1,0,0,1,2,0,1,1,0.5,0.0,0.0,1.0,0.6666666666666666,0.33333333333333337,-1
"F[1,1](((BGTestAvgNumMeter >= 1.706 | bmi >= 24.576) & bmiPerc >= 24.315) & Pt_A1cGoalLevelDsYr5 <= 27.232)
",-24.315,-24.315,0.000,0.000,1.000,1,0,0,1,2,0,1,1,0.5,0.0,0.0,1.0,0.6666666666666666,0.33333333333333337,-1
"((UnitsInsBasalOrLongAct >= 6.753) U[1,2] (DirectLDL <= 0.000))
",-9999999.000,-9999999.000,0.000,0.000,1.000,1,0,0,1,2,0,1,1,0.5,0.0,0.0,1.0,0.6666666666666666,0.33333333333333337,-1
"F[0,1](((SMBGperDayPtMeterCombo >= 2.879 -> BldPrDia <= 76.728) & HDL >= 72.120) & bmiPerc >= 73.583)
",-9999999.000,-9999999.000,0.000,0.000,1.000,1,0,0,1,2,0,1,1,0.5,0.0,0.0,1.0,0.6666666666666666,0.33333333333333337,-1
"((age >= 15.839) U[1,1] (TotalDailyInsPerKg >= 0.067))
",-0.067,-0.067,0.000,0.000,1.000,1,0,0,1,2,0,1,1,0.5,0.0,0.0,1.0,0.6666666666666666,0.33333333333333337,-1
"F[0,1](AutonomicNeuroCl > 0.000 & Pt_SHFlg = 0.000)
",-9999999.000,-9999999.000,0.000,0.000,1.000,1,0,0,1,2,0,1,1,0.5,0.0,0.0,1.0,0.6666666666666666,0.33333333333333337,-1
"F[0,1]((Pt_GrandparentT1D <= 0.000 | Pt_A1cGoalLev <= 3.058) & Pt_MotherT1D >= 0.489)
",-9999999.000,-9999999.000,0.000,0.000,1.000,1,0,0,1,2,0,1,1,0.5,0.0,0.0,1.0,0.6666666666666666,0.33333333333333337,-1
"((HDL >= 6.490) U[1,2] (Pt_FatherT1D <= 0.000))
",-9999999.000,-9999999.000,0.000,0.000,1.000,1,0,0,1,2,0,1,1,0.5,0.0,0.0,1.0,0.6666666666666666,0.33333333333333337,-1
"((Pt_CGMUseNumDays < 0.000) U[1,2] (Pt_SHFlg = 0.000))
",-9999999.000,-9999999.000,0.000,0.000,1.000,1,0,0,1,2,0,1,1,0.5,0.0,0.0,1.0,0.6666666666666666,0.33333333333333337,-1
"((TSH >= 0.436) U[1,2] (BGTestAvgNumPtRep >= 6.000))
",-9999999.000,-9999999.000,0.000,0.000,1.000,1,0,0,1,2,0,1,1,0.5,0.0,0.0,1.0,0.6666666666666666,0.33333333333333337,-1
"F[0,1]((TotalDailyInsPerKg >= 0.380 -> Pt_CGMUseNumDays <= 0.000) & AlbCreatRat_mggNew <= 0.000)
",-9999999.000,-9999999.000,0.000,0.000,1.000,1,0,0,1,2,0,1,1,0.5,0.0,0.0,1.0,0.6666666666666666,0.33333333333333337,-1
"F[0,1](((HbA1c >= 9.881 | AlbCreatRat_mggNew <= 4.855) -> Pt_A1cGoalLev >= 3.079) & Pt_A1cGoalLevelDsYr5 >= 2.762)
",-9999999.000,-9999999.000,0.000,0.000,1.000,1,0,0,1,2,0,1,1,0.5,0.0,0.0,1.0,0.6666666666666666,0.33333333333333337,-1
"((bmiZscore <= 1.593) U[0,0] (UnitsInsBasalOrLongAct >= 8.281))
",0.634,0.634,0.000,0.000,1.000,1,0,0,1,2,0,1,1,0.5,0.0,0.0,1.0,0.6666666666666666,0.33333333333333337,-1
"((BGTestAvgNumMeter >= 1.598) U[1,2] (BGTestAvgNumPtRep <= 6.000))
",-9999999.000,-9999999.000,0.000,0.000,1.000,1,0,0,1,2,0,1,1,0.5,0.0,0.0,1.0,0.6666666666666666,0.33333333333333337,-1
"F[1,1](((LDL <= 106.382 -> diagAgeCombo >= 8.000) | WeightKg >= 8.000) -> Pt_SHFlg >= 8.000)
",8.000,8.000,0.000,0.000,1.000,1,0,0,1,2,0,1,1,0.5,0.0,0.0,1.0,0.6666666666666666,0.33333333333333337,-1
"F[1,1](((bmiPerc >= 0.899 & HbA1cImputeDtMnC >= 9.043) -> Pt_InsGov <= 22.727) -> diabDur >= 10.045)
",10.045,10.045,0.000,0.000,1.000,1,0,0,1,2,0,1,1,0.5,0.0,0.0,1.0,0.6666666666666666,0.33333333333333337,-1
"F[1,1]((BGTestAvgNumMeter >= 1.489 -> bmiZscore >= 1.379) -> HbA1cImputeDtMnC <= 1.399)
",-1.399,-1.399,0.000,0.000,1.000,1,0,0,1,2,0,1,1,0.5,0.0,0.0,1.0,0.6666666666666666,0.33333333333333337,-1
"((HbA1c <= 10.409) U[1,2] (WeightKg <= 80.374))
",-9999999.000,-9999999.000,0.000,0.000,1.000,1,0,0,1,2,0,1,1,0.5,0.0,0.0,1.0,0.6666666666666666,0.33333333333333337,-1
"F[0,1]((Triglyc >= 12.035 | Pt_GrandparentT1D <= 0.000) -> BGTestAvgNumPtRep <= 0.000)
",-9999999.000,-9999999.000,0.000,0.000,1.000,1,0,0,1,2,0,1,1,0.5,0.0,0.0,1.0,0.6666666666666666,0.33333333333333337,-1
"F[0,0](bmi <= 27.522 -> HbA1c <= 10.519)
",-27.522,-27.522,0.000,0.000,1.000,1,0,0,1,2,0,1,1,0.5,0.0,0.0,1.0,0.6666666666666666,0.33333333333333337,-1
"((bmiPerc >= 0.888) U[0,0] (NumPumpBolusOrShortAct >= 0.573))
",28.010,28.010,0.000,0.000,1.000,1,0,0,1,2,0,1,1,0.5,0.0,0.0,1.0,0.6666666666666666,0.33333333333333337,-1
"F[1,1]((LDL >= 29.193 | Triglyc >= 5.057) & BldPrDia <= 90.720)
",-5.057,-5.057,0.000,0.000,1.000,1,0,0,1,2,0,1,1,0.5,0.0,0.0,1.0,0.6666666666666666,0.33333333333333337,-1
"((BldPrSys <= 130.683) U[0,0] (bmi <= 27.450))
",130.683,130.683,0.000,0.000,1.000,1,0,0,1,2,0,1,1,0.5,0.0,0.0,1.0,0.6666666666666666,0.33333333333333337,-1
"F[1,1](((bmiZscore >= 1.320 -> NumPumpBolusOrShortAct <= 2.248) | age >= 1.512) & diabDur <= 3.511)
",-1.512,-1.512,0.000,0.000,1.000,1,0,0,1,2,0,1,1,0.5,0.0,0.0,1.0,0.6666666666666666,0.33333333333333337,-1
"G[0,1](((age >= 15.260 -> HbA1cImputeDtMnC >= 7.503) -> TSH <= 18.921) -> BGTestAvgNumPtRep <= 17.070)
",9999999.000,9999999.000,0.000,1.000,0.000,1,0,1,0,1,1,2,0,1.0,0.0,1.0,0.5,0.6666666666666666,0.33333333333333337,1
"F[0,1](((SMBGperDayPtMeterCombo >= 1.489 | HbA1cImputeDtMnC <= 25.412) | BGTestAvgNumPtRep >= 10.489) & AutonomicNeuroCl >= 1.243)
",-9999999.000,-9999999.000,0.000,0.000,1.000,1,0,0,1,2,0,1,1,0.5,0.0,0.0,1.0,0.6666666666666666,0.33333333333333337,-1
"F[1,1](((HbA1c <= 10.695 & TSH >= 0.485) | LDL >= 0.372) | Pt_MotherT1D >= 0.422)
",-0.372,-0.372,0.000,0.000,1.000,1,0,0,1,2,0,1,1,0.5,0.0,0.0,1.0,0.6666666666666666,0.33333333333333337,-1
"G[1,1](BldPrSys < 129.151 -> Pt_SHFlg = 0.000)
",-129.151,-129.151,0.000,1.000,0.000,1,0,1,0,1,1,2,0,1.0,0.0,1.0,0.5,0.6666666666666666,0.33333333333333337,1
"F[0,1](((Pt_GrandchildT1D <= 0.000 -> HeightCm >= 169.739) & HDL <= 170.518) & SMBGperDayPtMeterCombo >= 170.253)
",-9999999.000,-9999999.000,0.000,0.000,1.000,1,0,0,1,2,0,1,1,0.5,0.0,0.0,1.0,0.6666666666666666,0.33333333333333337,-1
"G[1,1](((BUN <= 4.406 -> AlbCreatRat_mggNew >= 3.561) | WeightKg >= 3.612) | Pt_FatherT1D >= 3.286)
",-3.286,-3.286,0.000,1.000,0.000,1,0,1,0,1,1,2,0,1.0,0.0,1.0,0.5,0.6666666666666666,0.33333333333333337,1
"G[0,1](((BUN <= 3.860 -> WeightKg <= 77.483) -> age <= 77.706) & Pt_A1cGoalLev <= 82.624)
",9999999.000,9999999.000,0.000,1.000,0.000,1,0,1,0,1,1,2,0,1.0,0.0,1.0,0.5,0.6666666666666666,0.33333333333333337,1
"G[1,1](((bmiPerc <= 0.921 | LDL <= 106.182) | diabDur <= 64.990) | Pt_SiblingT1D <= 92.871)
",106.182,106.182,0.000,1.000,0.000,1,0,1,0,1,1,2,0,1.0,0.0,1.0,0.5,0.6666666666666666,0.33333333333333337,1
"G[0,1](((BGTestAvgNumPtRep >= 6.000 | LDL <= 111.544) -> GFR >= 18.025) -> Pt_ChildT1D >= 38.054)
",9999999.000,9999999.000,0.000,1.000,0.000,1,0,1,0,1,1,2,0,1.0,0.0,1.0,0.5,0.6666666666666666,0.33333333333333337,1
"G[0,1]((GFR <= 0.000 -> Pt_GrandparentT1D <= 0.000) & TotalDailyInsPerKg >= 0.000)
",9999999.000,9999999.000,0.000,1.000,0.000,1,0,1,0,1,1,2,0,1.0,0.0,1.0,0.5,0.6666666666666666,0.33333333333333337,1
"G[0,1](((BUN >= 1.797 & Pt_MotherT1D >= 0.000) | HeightCm >= 0.000) | GFR >= 0.000)
",9999999.000,9999999.000,0.000,1.000,0.000,1,0,1,0,1,1,2,0,1.0,0.0,1.0,0.5,0.6666666666666666,0.33333333333333337,1
"G[0,0](HDL <= 35.674 | TotChol <= 197.204)
",134.204,134.204,0.000,1.000,0.000,1,0,0,1,2,0,1,1,0.5,0.0,0.0,1.0,0.6666666666666666,0.33333333333333337,1
"G[0,0](BldPrDia >= 72.476 & HeightCm >= 169.502)
",-84.902,-84.902,0.000,1.000,0.000,1,0,0,1,2,0,1,1,0.5,0.0,0.0,1.0,0.6666666666666666,0.33333333333333337,1
"G[0,1]((HeightCm <= 170.862 | SMBGperDayPtMeterCombo >= 1.466) | GFR >= 2.733)
",9999999.000,9999999.000,0.000,1.000,0.000,1,0,1,0,1,1,2,0,1.0,0.0,1.0,0.5,0.6666666666666666,0.33333333333333337,1
"G[1,1](((GFR >= 0.000 & AlbCreatRat_mggNew <= 4.337) & LDL >= 3.683) -> BldPrDia >= 2.419)
",2.419,2.419,0.000,1.000,0.000,1,0,1,0,1,1,2,0,1.0,0.0,1.0,0.5,0.6666666666666666,0.33333333333333337,1
"G[0,1](TSH < 0.844 -> Pt_SHFlg = 0.000)
",9999999.000,9999999.000,0.000,1.000,0.000,1,0,1,0,1,1,2,0,1.0,0.0,1.0,0.5,0.6666666666666666,0.33333333333333337,1
"G[0,1](((AlbCreatRat_mggNew <= 4.280 -> BGTestAvgNumPtRep >= 6.000) & SMBGperDayPtMeterCombo >= 6.000) | SMBGperDayPtMeterCombo <= 6.000)
",9999999.000,9999999.000,0.000,1.000,0.000,1,0,1,0,1,1,2,0,1.0,0.0,1.0,0.5,0.6666666666666666,0.33333333333333337,1
"G[0,0](BGTestAvgNumMeter <= 4.293 & BGTestAvgNumMeter <= 2.429)
",-23.571,-23.571,0.000,1.000,0.000,1,0,0,1,2,0,1,1,0.5,0.0,0.0,1.0,0.6666666666666666,0.33333333333333337,1
"G[0,1]((BGTestAvgNumMeter <= 4.317 & Pt_SHFlg >= 0.000) | TSH <= 0.000)
",9999999.000,9999999.000,0.000,1.000,0.000,1,0,0,1,2,0,1,1,0.5,0.0,0.0,1.0,0.6666666666666666,0.33333333333333337,1
"G[0,1](Pt_MotherT1D >= 0.000 -> Pt_FatherT1D >= 0.000)
",9999999.000,9999999.000,0.000,1.000,0.000,1,0,1,0,1,1,2,0,1.0,0.0,1.0,0.5,0.6666666666666666,0.33333333333333337,1
"G[0,1](GFR <= 0.000 | Pt_GrandchildT1D >= 0.000)
",9999999.000,9999999.000,0.000,1.000,0.000,1,0,1,0,1,1,2,0,1.0,0.0,1.0,0.5,0.6666666666666666,0.33333333333333337,1
"G[1,1]((diabDur >= 6.105 | WeightKg >= 74.527) & WeightKg >= 71.279)
",-71.279,-71.279,0.000,1.000,0.000,1,0,1,0,1,1,2,0,1.0,0.0,1.0,0.5,0.6666666666666666,0.33333333333333337,1
"G[1,1](AlbCreatRat_mggNew >= 3.719 & diabDur >= 6.319)
",-6.319,-6.319,0.000,1.000,0.000,1,0,1,0,1,1,2,0,1.0,0.0,1.0,0.5,0.6666666666666666,0.33333333333333337,1
"G[0,1](((bmiPerc >= 0.904 -> HbA1c <= 10.827) & TotalDailyInsPerKg <= 10.898) & GFR <= 10.942)
",9999999.000,9999999.000,0.000,1.000,0.000,1,0,1,0,1,1,2,0,1.0,0.0,1.0,0.5,0.6666666666666666,0.33333333333333337,1
"G[0,1](((LDL <= 99.519 | Pt_GrandparentT1D >= 0.000) | Pt_SiblingT1D <= 0.000) | age >= 0.000)
",9999999.000,9999999.000,0.000,1.000,0.000,1,0,1,0,1,1,2,0,1.0,0.0,1.0,0.5,0.6666666666666666,0.33333333333333337,1
"G[0,1](((bmiPerc <= 0.956 & Pt_A1cGoalLev >= 0.314) & bmiPerc >= 1.806) -> AutonomicNeuroCl >= 1.507)
",9999999.000,9999999.000,0.000,1.000,0.000,1,0,1,0,1,1,2,0,1.0,0.0,1.0,0.5,0.6666666666666666,0.33333333333333337,1
"G[0,0](HbA1c <= 10.675 | HeightCm >= 169.877)
",9.135,9.135,0.000,1.000,0.000,1,0,0,1,2,0,1,1,0.5,0.0,0.0,1.0,0.6666666666666666,0.33333333333333337,1
"G[1,1](((bmiZscore <= 1.567 -> Pt_A1cGoalLev >= 1.479) | LDL >= 1.967) | Pt_A1cGoalLevelDsYr5 <= 7.133)
",7.133,7.133,0.000,1.000,0.000,1,0,1,0,1,1,2,0,1.0,0.0,1.0,0.5,0.6666666666666666,0.33333333333333337,1
"G[0,0]((BldPrSys <= 132.186 | diabDur <= 7.025) -> AutonomicNeuroCl >= 6.848)
",-132.186,-132.186,0.000,1.000,0.000,1,0,0,1,2,0,1,1,0.5,0.0,0.0,1.0,0.6666666666666666,0.33333333333333337,1
"G[0,1](((BGTestAvgNumMeter >= 1.279 | TotChol >= 178.907) & Pt_MotherT1D >= 178.678) -> Pt_ChildT1D <= 194.048)
",9999999.000,9999999.000,0.000,1.000,0.000,1,0,1,0,1,1,2,0,1.0,0.0,1.0,0.5,0.6666666666666666,0.33333333333333337,1
"G[0,0](BUN >= 2.667 & BldPrDia >= 72.417)
",60.583,60.583,0.000,1.000,0.000,1,0,0,1,2,0,1,1,0.5,0.0,0.0,1.0,0.6666666666666666,0.33333333333333337,1
"G[0,0]((Pt_FatherT1D >= 0.000 & bmi >= 24.882) -> Pt_InsGov >= 25.415)
",24.882,24.882,0.000,1.000,0.000,1,0,0,1,2,0,1,1,0.5,0.0,0.0,1.0,0.6666666666666666,0.33333333333333337,1
"G[0,1](((TSH <= 0.994 -> Pt_FatherT1D <= 0.000) & Triglyc <= 0.000) | SMBGperDayPtMeterCombo >= 0.000)
",9999999.000,9999999.000,0.000,1.000,0.000,1,0,1,0,1,1,2,0,1.0,0.0,1.0,0.5,0.6666666666666666,0.33333333333333337,1
"G[0,1]((AlbCreatRat_mggNew >= 2.709 -> BGTestAvgNumPtRep >= 6.000) -> BldPrDia >= 6.000)
",9999999.000,9999999.000,0.000,1.000,0.000,1,0,1,0,1,1,2,0,1.0,0.0,1.0,0.5,0.6666666666666666,0.33333333333333337,1
"G[1,1](((LDL <= 105.393 -> Pt_A1cGoalLevelDsYr5 >= 0.000) -> bmi >= 0.000) | BldPrDia >= 0.000)
",0.000,0.000,0.000,1.000,0.000,1,0,1,0,1,1,2,0,1.0,0.0,1.0,0.5,0.6666666666666666,0.33333333333333337,1
"G[0,1]((WeightKg >= 71.962 | bmi >= 25.214) -> UnitsInsBasalOrLongAct <= 22.523)
",9999999.000,9999999.000,0.000,1.000,0.000,1,0,0,1,2,0,1,1,0.5,0.0,0.0,1.0,0.6666666666666666,0.33333333333333337,1
"G[0,1]((bmiPerc >= 0.895 | UnitsInsBasalOrLongAct <= 22.906) | Triglyc <= 9.538)
",9999999.000,9999999.000,0.000,1.000,0.000,1,0,1,0,1,1,2,0,1.0,0.0,1.0,0.5,0.6666666666666666,0.33333333333333337,1
"G[0,1]((AutonomicNeuroCl <= 0.000 -> age <= 16.952) & HbA1c <= 16.524)
",9999999.000,9999999.000,0.000,1.000,0.000,1,0,0,1,2,0,1,1,0.5,0.0,0.0,1.0,0.6666666666666666,0.33333333333333337,1
"G[0,0](GFR <= 0.000 -> BUN >= 1.747)
",-93.253,-93.253,0.000,1.000,0.000,1,0,0,1,2,0,1,1,0.5,0.0,0.0,1.0,0.6666666666666666,0.33333333333333337,1
"G[0,0]((Triglyc <= 69.899 & Pt_SiblingT1D >= 0.000) & Pt_GrandchildT1D <= 0.000)
",-134.101,-134.101,0.000,1.000,0.000,1,0,0,1,2,0,1,1,0.5,0.0,0.0,1.0,0.6666666666666666,0.33333333333333337,1
"G[1,1](SMBGperDayPtMeterCombo >= 3.698 & BGTestAvgNumPtRep >= 6.000)
",-6.000,-6.000,0.000,1.000,0.000,1,0,1,0,1,1,2,0,1.0,0.0,1.0,0.5,0.6666666666666666,0.33333333333333337,1
"G[0,1](((BGTestAvgNumMeter <= 4.075 | BGTestAvgNumPtRep >= 6.000) | Pt_FatherT1D >= 6.000) | Pt_A1cGoalLevelDsYr5 <= 6.000)
",9999999.000,9999999.000,0.000,1.000,0.000,1,0,1,0,1,1,2,0,1.0,0.0,1.0,0.5,0.6666666666666666,0.33333333333333337,1
"G[1,1](((HbA1cImputeDtMnC <= 18.931 & UnitsInsBasalOrLongAct >= 1.656) -> Pt_A1cGoalLev <= 23.395) & DirectLDL <= 23.430)
",-23.395,-23.395,0.000,1.000,0.000,1,0,1,0,1,1,2,0,1.0,0.0,1.0,0.5,0.6666666666666666,0.33333333333333337,1
"G[0,0](SMBGperDayPtMeterCombo >= 1.187 & BGTestAvgNumPtRep >= 6.000)
",-1.000,-1.000,0.000,1.000,0.000,1,0,0,1,2,0,1,1,0.5,0.0,0.0,1.0,0.6666666666666666,0.33333333333333337,1
"G[0,1](Pt_GrandparentT1D >= 0.000 -> Pt_GrandchildT1D <= 0.000)
",9999999.000,9999999.000,0.000,1.000,0.000,1,0,1,0,1,1,2,0,1.0,0.0,1.0,0.5,0.6666666666666666,0.33333333333333337,1
"G[0,1](TotalDailyInsPerKg >= 0.064 -> Pt_DKAFlg >= 0.008)
",9999999.000,9999999.000,0.000,1.000,0.000,1,0,0,1,2,0,1,1,0.5,0.0,0.0,1.0,0.6666666666666666,0.33333333333333337,1
"G[1,1](diagAgeCombo <= 8.000 | HbA1c <= 10.388)
",10.388,10.388,0.000,1.000,0.000,1,0,1,0,1,1,2,0,1.0,0.0,1.0,0.5,0.6666666666666666,0.33333333333333337,1
"G[0,1](((UnitsInsBasalOrLongAct >= 7.943 | Pt_A1cGoalLev >= 1.715) -> UnitsInsBasalOrLongAct <= 2.790) & Triglyc <= 5.120)
",9999999.000,9999999.000,0.000,1.000,0.000,1,0,0,1,2,0,1,1,0.5,0.0,0.0,1.0,0.6666666666666666,0.33333333333333337,1
"G[0,1](((WeightKg <= 78.152 | WeightKg >= 74.061) | bmiZscore >= 75.154) | Pt_SiblingT1D <= 79.649)
",9999999.000,9999999.000,0.000,1.000,0.000,1,0,1,0,1,1,2,0,1.0,0.0,1.0,0.5,0.6666666666666666,0.33333333333333337,1
"G[1,1](BldPrSys >= 123.676 | bmiZscore <= 1.442)
",1.442,1.442,0.000,1.000,0.000,1,0,1,0,1,1,2,0,1.0,0.0,1.0,0.5,0.6666666666666666,0.33333333333333337,1
"G[1,1](Pt_GrandparentT1D >= 0.000 -> Pt_ChildT1D <= 0.000)
",0.000,0.000,0.000,1.000,0.000,1,0,1,0,1,1,2,0,1.0,0.0,1.0,0.5,0.6666666666666666,0.33333333333333337,1
"G[0,1](((NumPumpBolusOrShortAct <= 2.111 -> GFR <= 0.000) -> bmiZscore >= 0.000) | Pt_CGMUseNumDays <= 0.000)
",9999999.000,9999999.000,0.000,1.000,0.000,1,0,1,0,1,1,2,0,1.0,0.0,1.0,0.5,0.6666666666666666,0.33333333333333337,1
"G[0,1](((bmi <= 27.329 -> bmiPerc <= 0.920) -> TotChol <= 0.946) | Pt_ChildT1D <= 0.918)
",9999999.000,9999999.000,0.000,1.000,0.000,1,0,1,0,1,1,2,0,1.0,0.0,1.0,0.5,0.6666666666666666,0.33333333333333337,1
"G[0,1]((NumPumpBolusOrShortAct >= 0.623 -> TotChol <= 194.256) | BldPrSys <= 200.188)
",9999999.000,9999999.000,0.000,1.000,0.000,1,0,1,0,1,1,2,0,1.0,0.0,1.0,0.5,0.6666666666666666,0.33333333333333337,1
"G[1,1](Pt_GrandchildT1D <= 0.000 -> Pt_MotherT1D <= 0.000)
",0.000,0.000,0.000,1.000,0.000,1,0,1,0,1,1,2,0,1.0,0.0,1.0,0.5,0.6666666666666666,0.33333333333333337,1
"G[1,1]((TotalDailyInsPerKg <= 0.900 & Pt_GrandchildT1D <= 0.000) & diabDur >= 0.000)
",0.000,0.000,0.000,1.000,0.000,1,0,1,0,1,1,2,0,1.0,0.0,1.0,0.5,0.6666666666666666,0.33333333333333337,1
"G[0,1]((WeightKg >= 71.125 | bmi >= 24.236) -> UnitsInsBasalOrLongAct <= 22.031)
",9999999.000,9999999.000,0.000,1.000,0.000,1,0,0,1,2,0,1,1,0.5,0.0,0.0,1.0,0.6666666666666666,0.33333333333333337,1
"G[0,1]((WeightKg >= 73.370 | bmi >= 24.821) -> UnitsInsBasalOrLongAct <= 9.192)
",9999999.000,9999999.000,0.000,1.000,0.000,1,0,0,1,2,0,1,1,0.5,0.0,0.0,1.0,0.6666666666666666,0.33333333333333337,1
"G[0,1]((BldPrDia <= 75.677 | Pt_SiblingT1D <= 0.000) & diabDur >= 0.000)
",9999999.000,9999999.000,0.000,1.000,0.000,1,0,1,0,1,1,2,0,1.0,0.0,1.0,0.5,0.6666666666666666,0.33333333333333337,1
"G[0,0](GFR <= 0.000 -> BUN >= 0.131)
",-94.869,-94.869,0.000,1.000,0.000,1,0,0,1,2,0,1,1,0.5,0.0,0.0,1.0,0.6666666666666666,0.33333333333333337,1
"F[2,2]((BUN >= 1.263 & HeightCm >= 170.297) -> Pt_A1cGoalLev <= 170.822)
",-170.822,-170.822,0.000,0.000,1.000,0,0,0,2,2,0,0,2,0.0,0.0,0.0,0.0,0.0,1.0,-1
"F[2,2](((BldPrSys <= 130.022 -> TotChol <= 192.215) -> Pt_ChildT1D >= 178.767) | UnitsInsBasalOrLongAct >= 169.277)
",178.767,178.767,0.000,0.000,1.000,0,0,0,2,2,0,0,2,0.0,0.0,0.0,0.0,0.0,1.0,-1
"F[1,2]((Pt_GrandparentT1D >= 0.000 | GFR >= 0.000) & TotalDailyInsPerKg <= 0.000)
",-9999999.000,-9999999.000,0.000,0.000,1.000,0,0,0,2,2,0,0,2,0.0,0.0,0.0,0.0,0.0,1.0,-1
"F[1,1]((BGTestAvgNumMeter >= 0.440 -> TotChol >= 187.947) | Pt_GrandparentT1D <= 189.054)
",189.054,189.054,0.000,0.000,1.000,0,0,0,2,2,0,0,2,0.0,0.0,0.0,0.0,0.0,1.0,-1
"F[1,1]((TSH >= 0.178 | Pt_SHFlg >= 0.000) -> BUN <= 0.000)
",0.000,0.000,0.000,0.000,1.000,0,0,0,2,2,0,0,2,0.0,0.0,0.0,0.0,0.0,1.0,-1
"F[1,2]((Pt_SHFlg >= 0.000 | Pt_A1cGoalLev <= 3.529) & Pt_InsGov >= 2.172)
",-9999999.000,-9999999.000,0.000,0.000,1.000,0,0,0,2,2,0,0,2,0.0,0.0,0.0,0.0,0.0,1.0,-1
"F[0,2]((Pt_SiblingT1D <= 0.000 | Pt_MotherT1D >= 0.000) & Pt_SHFlg <= 0.000)
",-9999999.000,-9999999.000,0.000,0.000,1.000,0,0,0,2,2,0,0,2,0.0,0.0,0.0,0.0,0.0,1.0,-1
"F[0,1](BGTestAvgNumMeter >= 1.649 -> diagAgeCombo >= 8.000)
",-9999999.000,-9999999.000,0.000,0.000,1.000,0,0,0,2,2,0,0,2,0.0,0.0,0.0,0.0,0.0,1.0,-1
"F[0,2]((BldPrDia >= 72.465 | BldPrDia <= 76.278) & HbA1c >= 73.601)
",-9999999.000,-9999999.000,0.000,0.000,1.000,0,0,0,2,2,0,0,2,0.0,0.0,0.0,0.0,0.0,1.0,-1
"((Pt_FatherT1D <= 0.000) U[1,2] (Pt_ChildT1D <= 0.000))
",-9999999.000,-9999999.000,0.000,0.000,1.000,0,0,0,2,2,0,0,2,0.0,0.0,0.0,0.0,0.0,1.0,-1
"F[1,2](((BldPrDia >= 74.852 | SMBGperDayPtMeterCombo >= 1.121) & Pt_MotherT1D <= 4.251) | Pt_CGMUseNumDays <= 4.439)
",-9999999.000,-9999999.000,0.000,0.000,1.000,0,0,0,2,2,0,0,2,0.0,0.0,0.0,0.0,0.0,1.0,-1
"F[0,2]((WeightKg <= 83.735 & bmiZscore <= 1.438) -> GFR >= 1.234)
",-9999999.000,-9999999.000,0.000,0.000,1.000,0,0,0,2,2,0,0,2,0.0,0.0,0.0,0.0,0.0,1.0,-1
"F[1,2]((NumPumpBolusOrShortAct <= 4.539 | Pt_DKAFlg >= 0.131) -> Pt_SiblingT1D >= 0.191)
",-9999999.000,-9999999.000,0.000,0.000,1.000,0,0,0,2,2,0,0,2,0.0,0.0,0.0,0.0,0.0,1.0,-1
"F[2,2](Triglyc >= 7.501 & Triglyc <= 59.974)
",-7.501,-7.501,0.000,0.000,1.000,0,0,0,2,2,0,0,2,0.0,0.0,0.0,0.0,0.0,1.0,-1
"F[0,2](Pt_GrandchildT1D >= 0.000 -> BGTestAvgNumPtRep >= 6.000)
",-9999999.000,-9999999.000,0.000,0.000,1.000,0,0,0,2,2,0,0,2,0.0,0.0,0.0,0.0,0.0,1.0,-1
"((Pt_InsGov >= 0.000) U[0,1] (DirectLDL <= 0.000))
",-9999999.000,-9999999.000,0.000,0.000,1.000,0,0,0,2,2,0,0,2,0.0,0.0,0.0,0.0,0.0,1.0,-1
"((bmiPerc <= 0.931) U[0,1] (diagAgeCombo >= 8.000))
",-9999999.000,-9999999.000,0.000,0.000,1.000,0,0,0,2,2,0,0,2,0.0,0.0,0.0,0.0,0.0,1.0,-1
"F[0,2]((bmiZscore >= 1.263 -> Pt_GrandchildT1D <= 0.000) -> HeightCm <= 0.000)
",-9999999.000,-9999999.000,0.000,0.000,1.000,0,0,0,2,2,0,0,2,0.0,0.0,0.0,0.0,0.0,1.0,-1
"F[0,1](Pt_ChildT1D >= 0.000 -> diabDur <= 7.278)
",-9999999.000,-9999999.000,0.000,0.000,1.000,0,0,0,2,2,0,0,2,0.0,0.0,0.0,0.0,0.0,1.0,-1
"F[0,1]((age >= 15.022 -> HbA1cImputeDtMnC <= 18.776) & HbA1c >= 0.312)
",-9999999.000,-9999999.000,0.000,0.000,1.000,0,0,0,2,2,0,0,2,0.0,0.0,0.0,0.0,0.0,1.0,-1
"F[0,2]((BldPrSys >= 120.782 | Pt_A1cGoalLev >= 1.538) | bmi >= 1.324)
",-9999999.000,-9999999.000,0.000,0.000,1.000,0,0,0,2,2,0,0,2,0.0,0.0,0.0,0.0,0.0,1.0,-1
"F[2,2]((HbA1c <= 10.599 | HbA1c <= 10.337) & Pt_SHFlg <= 10.750)
",10.599,10.599,0.000,0.000,1.000,0,0,0,2,2,0,0,2,0.0,0.0,0.0,0.0,0.0,1.0,-1
"F[2,2]((HbA1c >= 10.032 | BUN >= 0.616) -> Pt_ChildT1D <= 6.796)
",-6.796,-6.796,0.000,0.000,1.000,0,0,0,2,2,0,0,2,0.0,0.0,0.0,0.0,0.0,1.0,-1
"((BGTestAvgNumPtRep <= 6.000) U[0,1] (Pt_A1cGoalLev <= 6.480))
",-9999999.000,-9999999.000,0.000,0.000,1.000,0,0,0,2,2,0,0,2,0.0,0.0,0.0,0.0,0.0,1.0,-1
"F[0,2](((AlbCreatRat_mggNew <= 4.302 & AutonomicNeuroCl <= 0.000) & GFR <= 0.000) & NumPumpBolusOrShortAct >= 0.000)
",-9999999.000,-9999999.000,0.000,0.000,1.000,0,0,0,2,2,0,0,2,0.0,0.0,0.0,0.0,0.0,1.0,-1
"F[0,2](((bmi <= 27.169 & bmiZscore <= 1.395) & BldPrDia <= 1.395) & diabDur <= 1.447)
",-9999999.000,-9999999.000,0.000,0.000,1.000,0,0,0,2,2,0,0,2,0.0,0.0,0.0,0.0,0.0,1.0,-1
"F[0,1](((bmi >= 25.850 | LDL >= 25.223) & AlbCreatRat_mggNew >= 12.088) -> AutonomicNeuroCl >= 15.662)
",-9999999.000,-9999999.000,0.000,0.000,1.000,0,0,0,2,2,0,0,2,0.0,0.0,0.0,0.0,0.0,1.0,-1
"F[0,0](((BldPrDia >= 73.034 -> TotChol >= 174.373) & BGTestAvgNumPtRep <= 191.477) -> BldPrSys <= 194.631)
",-194.631,-194.631,0.000,0.000,1.000,0,0,0,2,2,0,0,2,0.0,0.0,0.0,0.0,0.0,1.0,-1
"F[0,2]((bmiZscore <= 1.435 & LDL >= 2.429) -> bmi <= 47.965)
",-9999999.000,-9999999.000,0.000,0.000,1.000,0,0,0,2,2,0,0,2,0.0,0.0,0.0,0.0,0.0,1.0,-1
"F[1,2]((Pt_ChildT1D >= 0.000 & Pt_CGMUseNumDays >= 0.000) & Triglyc <= 0.000)
",-9999999.000,-9999999.000,0.000,0.000,1.000,0,0,0,2,2,0,0,2,0.0,0.0,0.0,0.0,0.0,1.0,-1
"F[1,2](age >= 15.102 -> HeightCm <= 170.974)
",-9999999.000,-9999999.000,0.000,0.000,1.000,0,0,0,2,2,0,0,2,0.0,0.0,0.0,0.0,0.0,1.0,-1
"F[0,0](UnitsInsBasalOrLongAct >= 2.976 -> LDL >= 28.841)
",-0.924,-0.924,0.000,0.000,1.000,0,0,0,2,2,0,0,2,0.0,0.0,0.0,0.0,0.0,1.0,-1
"F[2,2]((Pt_DKAFlg >= 0.193 | BldPrDia >= 74.754) | BGTestAvgNumPtRep <= 77.166)
",77.166,77.166,0.000,0.000,1.000,0,0,0,2,2,0,0,2,0.0,0.0,0.0,0.0,0.0,1.0,-1
"F[0,2](TotChol <= 192.545 | BldPrSys <= 128.237)
",-9999999.000,-9999999.000,0.000,0.000,1.000,0,0,0,2,2,0,0,2,0.0,0.0,0.0,0.0,0.0,1.0,-1
"F[2,2](((TotalDailyInsPerKg >= 0.529 & Pt_GrandparentT1D >= 0.000) & HDL >= 0.000) & DirectLDL >= 0.000)
",-0.529,-0.529,0.000,0.000,1.000,0,0,0,2,2,0,0,2,0.0,0.0,0.0,0.0,0.0,1.0,-1
"F[1,2]((WeightKg >= 73.867 | Triglyc >= 21.775) | diagAgeCombo >= 19.193)
",-9999999.000,-9999999.000,0.000,0.000,1.000,0,0,0,2,2,0,0,2,0.0,0.0,0.0,0.0,0.0,1.0,-1
"F[0,2](Pt_SHFlg <= 0.000 -> Pt_FatherT1D >= 0.000)
",-9999999.000,-9999999.000,0.000,0.000,1.000,0,0,0,2,2,0,0,2,0.0,0.0,0.0,0.0,0.0,1.0,-1
"F[1,2]((Pt_DKAFlg >= 0.283 -> Pt_DKAFlg <= 0.471) | Triglyc >= 0.012)
",-9999999.000,-9999999.000,0.000,0.000,1.000,0,0,0,2,2,0,0,2,0.0,0.0,0.0,0.0,0.0,1.0,-1
"F[2,2](((BUN >= 3.455 & HeightCm <= 170.636) | BldPrSys <= 171.007) | AlbCreatRat_mggNew >= 169.820)
",171.007,171.007,0.000,0.000,1.000,0,0,0,2,2,0,0,2,0.0,0.0,0.0,0.0,0.0,1.0,-1
"F[1,2](((NumPumpBolusOrShortAct >= 0.537 -> BGTestAvgNumPtRep <= 6.000) -> BldPrSys <= 6.000) -> Pt_SiblingT1D <= 6.000)
",-9999999.000,-9999999.000,0.000,0.000,1.000,0,0,0,2,2,0,0,2,0.0,0.0,0.0,0.0,0.0,1.0,-1
"F[0,2](((bmi <= 27.475 & WeightKg <= 76.886) -> Pt_A1cGoalLevelDsYr5 >= 70.015) -> Pt_SiblingT1D >= 75.093)
",-9999999.000,-9999999.000,0.000,0.000,1.000,0,0,0,2,2,0,0,2,0.0,0.0,0.0,0.0,0.0,1.0,-1
"F[0,0](Pt_DKAFlg <= 0.453 | WeightKg <= 84.060)
",79.060,79.060,0.000,0.000,1.000,0,0,0,2,2,0,0,2,0.0,0.0,0.0,0.0,0.0,1.0,-1
"((bmiZscore >= 1.363) U[1,2] (HDL >= 5.104))
",-9999999.000,-9999999.000,0.000,0.000,1.000,0,0,0,2,2,0,0,2,0.0,0.0,0.0,0.0,0.0,1.0,-1
"F[0,1](Pt_DKAFlg >= 0.290 | TotalDailyInsPerKg >= 0.157)
",-9999999.000,-9999999.000,0.000,0.000,1.000,0,0,0,2,2,0,0,2,0.0,0.0,0.0,0.0,0.0,1.0,-1
"F[0,2](Pt_FatherT1D <= 0.000 & SMBGperDayPtMeterCombo <= 5.938)
",-9999999.000,-9999999.000,0.000,0.000,1.000,0,0,0,2,2,0,0,2,0.0,0.0,0.0,0.0,0.0,1.0,-1
"F[0,2]((age <= 16.427 & bmi >= 24.725) | WeightKg <= 26.308)
",-9999999.000,-9999999.000,0.000,0.000,1.000,0,0,0,2,2,0,0,2,0.0,0.0,0.0,0.0,0.0,1.0,-1
"F[0,1](Pt_CGMUseNumDays >= 0.000 -> Pt_SHFlg = 0.000)
",-9999999.000,-9999999.000,0.000,0.000,1.000,0,0,0,2,2,0,0,2,0.0,0.0,0.0,0.0,0.0,1.0,-1
"((Pt_DKAFlg >= 0.064) U[0,0] (Pt_SiblingT1D <= 0.000))
",0.000,0.000,0.000,0.000,1.000,0,0,0,2,2,0,0,2,0.0,0.0,0.0,0.0,0.0,1.0,-1
"F[0,1]((bmiPerc <= 0.949 -> diabDur >= 6.238) -> TotalDailyInsPerKg >= 6.992)
",-9999999.000,-9999999.000,0.000,0.000,1.000,0,0,0,2,2,0,0,2,0.0,0.0,0.0,0.0,0.0,1.0,-1
"F[1,2](((GFR <= 0.000 -> BUN >= 0.427) -> Pt_MotherT1D <= 4.769) | Triglyc <= 8.091)
",-9999999.000,-9999999.000,0.000,0.000,1.000,0,0,0,2,2,0,0,2,0.0,0.0,0.0,0.0,0.0,1.0,-1
"((Pt_SHFlg >= 0.000) U[0,0] (Pt_InsGov <= 0.000))
",25.992,25.992,0.000,0.000,1.000,0,0,0,2,2,0,0,2,0.0,0.0,0.0,0.0,0.0,1.0,-1
"((Pt_SHFlg >= 0.000) U[0,1] (GFR >= 0.000))
",-9999999.000,-9999999.000,0.000,0.000,1.000,0,0,0,2,2,0,0,2,0.0,0.0,0.0,0.0,0.0,1.0,-1
"((Pt_A1cGoalLevelDsYr5 <= 0.000) U[1,2] (BGTestAvgNumMeter <= 2.417))
",-9999999.000,-9999999.000,0.000,0.000,1.000,0,0,0,2,2,0,0,2,0.0,0.0,0.0,0.0,0.0,1.0,-1
"F[1,2](TotChol <= 194.681 | TSH <= 0.652)
",-9999999.000,-9999999.000,0.000,0.000,1.000,0,0,0,2,2,0,0,2,0.0,0.0,0.0,0.0,0.0,1.0,-1
"F[1,2]((Pt_GrandchildT1D <= 0.000 & TSH <= 1.379) | diagAgeCombo <= 1.097)
",-9999999.000,-9999999.000,0.000,0.000,1.000,0,0,0,2,2,0,0,2,0.0,0.0,0.0,0.0,0.0,1.0,-1
"F[0,2](BldPrSys >= 121.101 & TSH >= 0.507)
",-9999999.000,-9999999.000,0.000,0.000,1.000,0,0,0,2,2,0,0,2,0.0,0.0,0.0,0.0,0.0,1.0,-1
"F[0,1](((bmiZscore <= 1.548 & Pt_SHFlg <= 0.000) -> Pt_GrandchildT1D >= 0.000) & HDL >= 0.000)
",-9999999.000,-9999999.000,0.000,0.000,1.000,0,0,0,2,2,0,0,2,0.0,0.0,0.0,0.0,0.0,1.0,-1
"F[0,0]((bmiZscore >= 1.289 | WeightKg <= 77.726) -> Pt_DKAFlg <= 76.496)
",-76.496,-76.496,0.000,0.000,1.000,0,0,0,2,2,0,0,2,0.0,0.0,0.0,0.0,0.0,1.0,-1
"F[1,2]((TotChol <= 194.433 -> Pt_GrandchildT1D >= 0.000) | Pt_SHFlg >= 0.000)
",-9999999.000,-9999999.000,0.000,0.000,1.000,0,0,0,2,2,0,0,2,0.0,0.0,0.0,0.0,0.0,1.0,-1
"((Pt_SiblingT1D <= 0.000) U[0,1] (Pt_MotherT1D <= 0.000))
",-9999999.000,-9999999.000,0.000,0.000,1.000,0,0,0,2,2,0,0,2,0.0,0.0,0.0,0.0,0.0,1.0,-1
"F[1,2](((HbA1c >= 10.134 & LDL >= 33.136) & diagAgeCombo >= 19.054) | Pt_SiblingT1D <= 98.893)
",-9999999.000,-9999999.000,0.000,0.000,1.000,0,0,0,2,2,0,0,2,0.0,0.0,0.0,0.0,0.0,1.0,-1
"F[0,0](((Triglyc >= 0.691 -> bmi >= 25.065) & Pt_A1cGoalLev <= 26.704) | UnitsInsBasalOrLongAct >= 24.416)
",-20.516,-20.516,0.000,0.000,1.000,0,0,0,2,2,0,0,2,0.0,0.0,0.0,0.0,0.0,1.0,-1
"((Pt_SHFlg <= 0.000) U[1,2] (BUN >= 2.507))
",-9999999.000,-9999999.000,0.000,0.000,1.000,0,0,0,2,2,0,0,2,0.0,0.0,0.0,0.0,0.0,1.0,-1
"((Pt_MotherT1D <= 0.000) U[0,2] (diagAgeCombo >= 8.000))
",-9999999.000,-9999999.000,0.000,0.000,1.000,0,0,0,2,2,0,0,2,0.0,0.0,0.0,0.0,0.0,1.0,-1
"((bmiZscore >= 1.271) U[0,2] (NumPumpBolusOrShortAct <= 2.273))
",-9999999.000,-9999999.000,0.000,0.000,1.000,0,0,0,2,2,0,0,2,0.0,0.0,0.0,0.0,0.0,1.0,-1
"F[2,2]((Pt_SiblingT1D <= 0.000 | Pt_A1cGoalLevelDsYr5 <= 0.000) & DirectLDL <= 0.000)
",0.000,0.000,0.000,0.000,1.000,0,0,0,2,2,0,0,2,0.0,0.0,0.0,0.0,0.0,1.0,-1
"((Pt_SiblingT1D >= 0.000) U[0,2] (Pt_ChildT1D >= 0.000))
",-9999999.000,-9999999.000,0.000,0.000,1.000,0,0,0,2,2,0,0,2,0.0,0.0,0.0,0.0,0.0,1.0,-1
"F[0,2]((WeightKg <= 76.597 & BldPrSys <= 129.556) -> BUN >= 121.509)
",-9999999.000,-9999999.000,0.000,0.000,1.000,0,0,0,2,2,0,0,2,0.0,0.0,0.0,0.0,0.0,1.0,-1
"F[1,1](BldPrDia <= 76.597 | Pt_SiblingT1D <= 0.000)
",76.597,76.597,0.000,0.000,1.000,0,0,0,2,2,0,0,2,0.0,0.0,0.0,0.0,0.0,1.0,-1
"F[1,2](((Pt_MotherT1D <= 0.000 -> BGTestAvgNumMeter <= 2.743) & HeightCm <= 4.053) | BUN >= 0.922)
",-9999999.000,-9999999.000,0.000,0.000,1.000,0,0,0,2,2,0,0,2,0.0,0.0,0.0,0.0,0.0,1.0,-1
"F[2,2](HbA1c >= 9.732 -> Pt_A1cGoalLevelDsYr5 = 0.000)
",0.000,0.000,0.000,0.000,1.000,0,0,0,2,2,0,0,2,0.0,0.0,0.0,0.0,0.0,1.0,-1
"F[1,2](bmi <= 27.776 & Pt_MotherT1D <= 0.000)
",-9999999.000,-9999999.000,0.000,0.000,1.000,0,0,0,2,2,0,0,2,0.0,0.0,0.0,0.0,0.0,1.0,-1
"F[0,2](((HbA1c <= 10.525 | DirectLDL <= 0.000) & Pt_SHFlg <= 0.000) & Pt_MotherT1D >= 0.000)
",-9999999.000,-9999999.000,0.000,0.000,1.000,0,0,0,2,2,0,0,2,0.0,0.0,0.0,0.0,0.0,1.0,-1
"F[0,1](Pt_SiblingT1D <= 0.000 -> TSH <= 1.474)
",-9999999.000,-9999999.000,0.000,0.000,1.000,0,0,0,2,2,0,0,2,0.0,0.0,0.0,0.0,0.0,1.0,-1
"F[0,1](((BUN <= 9.513 -> bmiPerc >= 0.891) & WeightKg <= 0.929) -> Pt_InsGov >= 0.897)
",-9999999.000,-9999999.000,0.000,0.000,1.000,0,0,0,2,2,0,0,2,0.0,0.0,0.0,0.0,0.0,1.0,-1
"F[1,1]((WeightKg <= 83.994 & Pt_ChildT1D <= 0.000) -> Pt_ChildT1D <= 0.000)
",0.000,0.000,0.000,0.000,1.000,0,0,0,2,2,0,0,2,0.0,0.0,0.0,0.0,0.0,1.0,-1
"F[1,1]((Pt_DKAFlg <= 0.745 & Pt_ChildT1D <= 0.000) | BGTestAvgNumPtRep <= 0.000)
",0.000,0.000,0.000,0.000,1.000,0,0,0,2,2,0,0,2,0.0,0.0,0.0,0.0,0.0,1.0,-1
"F[0,0]((Pt_A1cGoalLev <= 6.843 -> BldPrDia >= 72.350) & TSH <= 75.081)
",-60.650,-60.650,0.000,0.000,1.000,0,0,0,2,2,0,0,2,0.0,0.0,0.0,0.0,0.0,1.0,-1
"F[1,2]((GFR <= 0.000 | SMBGperDayPtMeterCombo <= 5.047) -> UnitsInsBasalOrLongAct <= 4.663)
",-9999999.000,-9999999.000,0.000,0.000,1.000,0,0,0,2,2,0,0,2,0.0,0.0,0.0,0.0,0.0,1.0,-1
"F[0,2]((HbA1c >= 9.911 | HbA1cImputeDtMnC <= 14.386) | Pt_GrandchildT1D <= 19.716)
",-9999999.000,-9999999.000,0.000,0.000,1.000,0,0,0,2,2,0,0,2,0.0,0.0,0.0,0.0,0.0,1.0,-1
"F[1,2]((Pt_GrandparentT1D <= 0.000 | AutonomicNeuroCl <= 0.000) | GFR <= 0.000)
",-9999999.000,-9999999.000,0.000,0.000,1.000,0,0,0,2,2,0,0,2,0.0,0.0,0.0,0.0,0.0,1.0,-1
"F[0,1]((SMBGperDayPtMeterCombo >= 3.492 -> Pt_ChildT1D >= 0.000) | UnitsInsBasalOrLongAct >= 0.000)
",-9999999.000,-9999999.000,0.000,0.000,1.000,0,0,0,2,2,0,0,2,0.0,0.0,0.0,0.0,0.0,1.0,-1
"F[0,1]((DirectLDL >= 0.000 | bmi <= 28.000) | BGTestAvgNumPtRep >= 24.712)
",-9999999.000,-9999999.000,0.000,0.000,1.000,0,0,0,2,2,0,0,2,0.0,0.0,0.0,0.0,0.0,1.0,-1
"F[0,1]((BGTestAvgNumMeter <= 2.797 & LDL <= 72.199) | BldPrSys >= 12.700)
",-9999999.000,-9999999.000,0.000,0.000,1.000,0,0,0,2,2,0,0,2,0.0,0.0,0.0,0.0,0.0,1.0,-1
"((Pt_ChildT1D >= 0.000) U[0,1] (LDL <= 96.950))
",-9999999.000,-9999999.000,0.000,0.000,1.000,0,0,0,2,2,0,0,2,0.0,0.0,0.0,0.0,0.0,1.0,-1
"F[2,2](((bmi <= 27.190 | Pt_MotherT1D >= 0.000) -> BGTestAvgNumMeter <= 0.000) -> UnitsInsBasalOrLongAct <= 0.000)
",0.000,0.000,0.000,0.000,1.000,0,0,0,2,2,0,0,2,0.0,0.0,0.0,0.0,0.0,1.0,-1
"F[0,2](((Pt_FatherT1D >= 0.000 | Triglyc >= 26.691) -> AlbCreatRat_mggNew <= 55.340) -> BldPrDia >= 10.065)
",-9999999.000,-9999999.000,0.000,0.000,1.000,0,0,0,2,2,0,0,2,0.0,0.0,0.0,0.0,0.0,1.0,-1
"F[2,2](((Triglyc >= 15.607 | AlbCreatRat_mggNew >= 3.405) & Pt_CGMUseNumDays <= 4.232) -> BldPrDia <= 5.001)
",-5.001,-5.001,0.000,0.000,1.000,0,0,0,2,2,0,0,2,0.0,0.0,0.0,0.0,0.0,1.0,-1
"F[2,2](((TotalDailyInsPerKg <= 0.641 -> bmiZscore >= 1.344) & BGTestAvgNumMeter <= 1.476) | Pt_A1cGoalLevelDsYr5 >= 1.310)
",-0.641,-0.641,0.000,0.000,1.000,0,0,0,2,2,0,0,2,0.0,0.0,0.0,0.0,0.0,1.0,-1
"F[0,0](((DirectLDL <= 0.000 -> Pt_SHFlg <= 0.000) -> BGTestAvgNumPtRep <= 0.000) -> diabDur <= 0.000)
",17.000,17.000,0.000,0.000,1.000,0,0,0,2,2,0,0,2,0.0,0.0,0.0,0.0,0.0,1.0,-1
"((WeightKg <= 79.753) U[0,2] (Pt_A1cGoalLevelDsYr5 >= 0.000))
",-9999999.000,-9999999.000,0.000,0.000,1.000,0,0,0,2,2,0,0,2,0.0,0.0,0.0,0.0,0.0,1.0,-1
"((BldPrDia <= 75.894) U[0,0] (Pt_A1cGoalLev <= 3.721))
",-4.279,-4.279,0.000,0.000,1.000,0,0,0,2,2,0,0,2,0.0,0.0,0.0,0.0,0.0,1.0,-1
"F[2,2](((BGTestAvgNumMeter >= 0.275 & Pt_A1cGoalLevelDsYr5 >= 0.000) -> age <= 0.000) & HbA1c >= 0.000)
",0.000,0.000,0.000,0.000,1.000,0,0,0,2,2,0,0,2,0.0,0.0,0.0,0.0,0.0,1.0,-1
"F[2,2](bmiPerc <= 0.939 & bmiZscore <= 1.443)
",0.939,0.939,0.000,0.000,1.000,0,0,0,2,2,0,0,2,0.0,0.0,0.0,0.0,0.0,1.0,-1
"((AutonomicNeuroCl < 0.000) U[0,1] (Pt_SHFlg = 0.000))
",-9999999.000,-9999999.000,0.000,0.000,1.000,0,0,0,2,2,0,0,2,0.0,0.0,0.0,0.0,0.0,1.0,-1
"((HeightCm <= 171.034) U[0,0] (Pt_SHFlg = 0.000))
",86.434,86.434,0.000,0.000,1.000,0,0,0,2,2,0,0,2,0.0,0.0,0.0,0.0,0.0,1.0,-1
"F[1,2](((Pt_SHFlg <= 0.000 & HDL <= 26.619) | TotChol >= 5.950) | LDL >= 9.146)
",-9999999.000,-9999999.000,0.000,0.000,1.000,0,0,0,2,2,0,0,2,0.0,0.0,0.0,0.0,0.0,1.0,-1
"F[0,1](((Pt_CGMUseNumDays >= 0.000 -> Pt_GrandchildT1D >= 0.000) -> BGTestAvgNumMeter >= 0.000) & bmi >= 0.000)
",-9999999.000,-9999999.000,0.000,0.000,1.000,0,0,0,2,2,0,0,2,0.0,0.0,0.0,0.0,0.0,1.0,-1
"F[2,2](((BGTestAvgNumPtRep >= 6.000 -> HbA1cImputeDtMnC >= 8.615) -> BldPrDia <= 13.317) & TSH >= 8.474)
",-13.317,-13.317,0.000,0.000,1.000,0,0,0,2,2,0,0,2,0.0,0.0,0.0,0.0,0.0,1.0,-1
"F[1,2]((age >= 15.689 -> Pt_CGMUseNumDays >= 0.000) & BldPrSys >= 0.000)
",-9999999.000,-9999999.000,0.000,0.000,1.000,0,0,0,2,2,0,0,2,0.0,0.0,0.0,0.0,0.0,1.0,-1
"F[0,1](((GFR <= 0.000 -> Pt_CGMUseNumDays >= 0.000) -> Pt_FatherT1D >= 0.000) -> Pt_InsGov >= 0.000)
",-9999999.000,-9999999.000,0.000,0.000,1.000,0,0,0,2,2,0,0,2,0.0,0.0,0.0,0.0,0.0,1.0,-1
"F[0,1](((Pt_CGMUseNumDays <= 0.000 | BGTestAvgNumPtRep <= 6.000) & Pt_DKAFlg >= 6.000) -> WeightKg <= 6.000)
",-9999999.000,-9999999.000,0.000,0.000,1.000,0,0,0,2,2,0,0,2,0.0,0.0,0.0,0.0,0.0,1.0,-1
"((BGTestAvgNumMeter >= 1.926) U[2,2] (BGTestAvgNumPtRep <= 6.000))
",6.000,6.000,0.000,0.000,1.000,0,0,0,2,2,0,0,2,0.0,0.0,0.0,0.0,0.0,1.0,-1
"((NumPumpBolusOrShortAct <= 2.231) U[0,1] (Pt_SHFlg <= 0.000))
",-9999999.000,-9999999.000,0.000,0.000,1.000,0,0,0,2,2,0,0,2,0.0,0.0,0.0,0.0,0.0,1.0,-1
"F[0,2]((LDL <= 78.325 | BUN <= 10.620) | Pt_ChildT1D >= 3.158)
",-9999999.000,-9999999.000,0.000,0.000,1.000,0,0,0,2,2,0,0,2,0.0,0.0,0.0,0.0,0.0,1.0,-1
"F[0,0](((SMBGperDayPtMeterCombo <= 5.053 | Pt_InsGov <= 0.000) -> AutonomicNeuroCl <= 0.000) -> Pt_GrandchildT1D <= 0.000)
",0.000,0.000,0.000,0.000,1.000,0,0,0,2,2,0,0,2,0.0,0.0,0.0,0.0,0.0,1.0,-1
"F[0,2]((diagAgeCombo >= 8.000 | Pt_A1cGoalLev <= 6.219) & HbA1c >= 2.190)
",-9999999.000,-9999999.000,0.000,0.000,1.000,0,0,0,2,2,0,0,2,0.0,0.0,0.0,0.0,0.0,1.0,-1
"F[1,2]((Pt_DKAFlg <= 0.637 -> AlbCreatRat_mggNew >= 3.514) -> BldPrDia >= 3.606)
",-9999999.000,-9999999.000,0.000,0.000,1.000,0,0,0,2,2,0,0,2,0.0,0.0,0.0,0.0,0.0,1.0,-1
"F[0,2](HbA1c >= 9.878 | TotChol >= 174.333)
",-9999999.000,-9999999.000,0.000,0.000,1.000,0,0,0,2,2,0,0,2,0.0,0.0,0.0,0.0,0.0,1.0,-1
"F[0,1]((BGTestAvgNumMeter >= 1.289 & HbA1c <= 10.332) -> diabDur >= 10.120)
",-9999999.000,-9999999.000,0.000,0.000,1.000,0,0,0,2,2,0,0,2,0.0,0.0,0.0,0.0,0.0,1.0,-1
"F[1,1]((HeightCm >= 169.581 -> WeightKg <= 76.394) | LDL <= 81.924)
",81.924,81.924,0.000,0.000,1.000,0,0,0,2,2,0,0,2,0.0,0.0,0.0,0.0,0.0,1.0,-1
"F[1,2](((UnitsInsBasalOrLongAct >= 0.837 -> LDL >= 5.947) -> GFR >= 26.287) -> AlbCreatRat_mggNew >= 20.080)
",-9999999.000,-9999999.000,0.000,0.000,1.000,0,0,0,2,2,0,0,2,0.0,0.0,0.0,0.0,0.0,1.0,-1
"F[0,1](((bmi >= 24.502 & BUN >= 0.691) | HbA1cImputeDtMnC <= 6.472) -> NumPumpBolusOrShortAct <= 5.877)
",-9999999.000,-9999999.000,0.000,0.000,1.000,0,0,0,2,2,0,0,2,0.0,0.0,0.0,0.0,0.0,1.0,-1
"F[1,2](((AlbCreatRat_mggNew <= 4.274 | TotChol <= 202.804) & Pt_GrandchildT1D <= 195.455) & diabDur <= 195.323)
",-9999999.000,-9999999.000,0.000,0.000,1.000,0,0,0,2,2,0,0,2,0.0,0.0,0.0,0.0,0.0,1.0,-1
"F[0,1](HbA1cImputeDtMnC <= 15.519 & TotalDailyInsPerKg <= 0.568)
",-9999999.000,-9999999.000,0.000,0.000,1.000,0,0,0,2,2,0,0,2,0.0,0.0,0.0,0.0,0.0,1.0,-1
"F[0,2](((HeightCm <= 170.565 -> TotChol <= 193.126) | TSH >= 176.561) & TSH >= 187.931)
",-9999999.000,-9999999.000,0.000,0.000,1.000,0,0,0,2,2,0,0,2,0.0,0.0,0.0,0.0,0.0,1.0,-1
"F[0,0](AlbCreatRat_mggNew >= 3.073 -> bmiPerc >= 0.898)
",-28.000,-28.000,0.000,0.000,1.000,0,0,0,2,2,0,0,2,0.0,0.0,0.0,0.0,0.0,1.0,-1
"F[1,1]((BldPrSys >= 126.888 | HbA1cImputeDtMnC >= 3.862) & BldPrDia >= 5.764)
",-5.764,-5.764,0.000,0.000,1.000,0,0,0,2,2,0,0,2,0.0,0.0,0.0,0.0,0.0,1.0,-1
"((BGTestAvgNumMeter <= 2.715) U[1,2] (SMBGperDayPtMeterCombo <= 5.403))
",-9999999.000,-9999999.000,0.000,0.000,1.000,0,0,0,2,2,0,0,2,0.0,0.0,0.0,0.0,0.0,1.0,-1
"F[0,2](((BldPrSys >= 121.597 & HeightCm <= 170.564) & diabDur <= 170.618) & bmi >= 169.887)
",-9999999.000,-9999999.000,0.000,0.000,1.000,0,0,0,2,2,0,0,2,0.0,0.0,0.0,0.0,0.0,1.0,-1
"F[1,1]((BldPrDia <= 76.021 | SMBGperDayPtMeterCombo <= 5.618) | Triglyc <= 4.095)
",76.021,76.021,0.000,0.000,1.000,0,0,0,2,2,0,0,2,0.0,0.0,0.0,0.0,0.0,1.0,-1
"F[1,2]((bmiPerc <= 0.934 | TotalDailyInsPerKg >= 0.071) | Triglyc >= 0.160)
",-9999999.000,-9999999.000,0.000,0.000,1.000,0,0,0,2,2,0,0,2,0.0,0.0,0.0,0.0,0.0,1.0,-1
"F[1,2]((BGTestAvgNumPtRep <= 6.000 | bmi <= 26.637) -> Pt_A1cGoalLev >= 25.271)
",-9999999.000,-9999999.000,0.000,0.000,1.000,0,0,0,2,2,0,0,2,0.0,0.0,0.0,0.0,0.0,1.0,-1
"F[1,2](((AlbCreatRat_mggNew <= 4.425 -> bmi >= 25.344) | HeightCm >= 25.828) & Pt_SiblingT1D >= 24.529)
",-9999999.000,-9999999.000,0.000,0.000,1.000,0,0,0,2,2,0,0,2,0.0,0.0,0.0,0.0,0.0,1.0,-1
"F[1,2]((age <= 16.311 -> TotalDailyInsPerKg <= 0.848) -> AutonomicNeuroCl >= 0.532)
",-9999999.000,-9999999.000,0.000,0.000,1.000,0,0,0,2,2,0,0,2,0.0,0.0,0.0,0.0,0.0,1.0,-1
"F[2,2](((AutonomicNeuroCl <= 0.000 | GFR <= 0.000) & HbA1c <= 0.000) -> BGTestAvgNumPtRep <= 0.000)
",0.000,0.000,0.000,0.000,1.000,0,0,0,2,2,0,0,2,0.0,0.0,0.0,0.0,0.0,1.0,-1
"F[1,2]((DirectLDL >= 0.000 | Pt_FatherT1D <= 0.000) & WeightKg <= 0.000)
",-9999999.000,-9999999.000,0.000,0.000,1.000,0,0,0,2,2,0,0,2,0.0,0.0,0.0,0.0,0.0,1.0,-1
"((BUN >= 1.214) U[1,1] (AutonomicNeuroCl >= 0.000))
",0.000,0.000,0.000,0.000,1.000,0,0,0,2,2,0,0,2,0.0,0.0,0.0,0.0,0.0,1.0,-1
"F[0,1](((DirectLDL >= 0.000 -> Pt_CGMUseNumDays <= 0.000) | SMBGperDayPtMeterCombo <= 0.000) & Pt_MotherT1D >= 0.000)
",-9999999.000,-9999999.000,0.000,0.000,1.000,0,0,0,2,2,0,0,2,0.0,0.0,0.0,0.0,0.0,1.0,-1
"F[2,2]((AlbCreatRat_mggNew <= 4.407 | BldPrSys >= 122.442) & Pt_CGMUseNumDays >= 124.604)
",-124.604,-124.604,0.000,0.000,1.000,0,0,0,2,2,0,0,2,0.0,0.0,0.0,0.0,0.0,1.0,-1
"F[1,2](((HeightCm <= 170.731 & TotalDailyInsPerKg >= 0.157) | Pt_SiblingT1D <= 0.837) -> UnitsInsBasalOrLongAct >= 0.527)
",-9999999.000,-9999999.000,0.000,0.000,1.000,0,0,0,2,2,0,0,2,0.0,0.0,0.0,0.0,0.0,1.0,-1
"F[0,1](AlbCreatRat_mggNew <= 4.572 -> LDL <= 81.119)
",-9999999.000,-9999999.000,0.000,0.000,1.000,0,0,0,2,2,0,0,2,0.0,0.0,0.0,0.0,0.0,1.0,-1
"F[0,1](((AlbCreatRat_mggNew >= 2.478 | BldPrDia <= 76.821) -> AlbCreatRat_mggNew >= 72.510) | BUN <= 75.011)
",-9999999.000,-9999999.000,0.000,0.000,1.000,0,0,0,2,2,0,0,2,0.0,0.0,0.0,0.0,0.0,1.0,-1
"F[1,2](((Pt_A1cGoalLev <= 4.024 -> WeightKg <= 78.434) -> HDL >= 73.555) -> diabDur >= 72.301)
",-9999999.000,-9999999.000,0.000,0.000,1.000,0,0,0,2,2,0,0,2,0.0,0.0,0.0,0.0,0.0,1.0,-1
"F[1,2](((SMBGperDayPtMeterCombo <= 4.162 & TotChol >= 187.607) | HbA1cImputeDtMnC <= 197.621) & HDL <= 190.785)
",-9999999.000,-9999999.000,0.000,0.000,1.000,0,0,0,2,2,0,0,2,0.0,0.0,0.0,0.0,0.0,1.0,-1
"F[0,2](((HbA1cImputeDtMnC >= 8.214 -> TotChol <= 191.781) | AutonomicNeuroCl <= 192.338) | HbA1cImputeDtMnC >= 177.855)
",-9999999.000,-9999999.000,0.000,0.000,1.000,0,0,0,2,2,0,0,2,0.0,0.0,0.0,0.0,0.0,1.0,-1
"F[0,2](HeightCm >= 170.437 & Pt_A1cGoalLev <= 7.029)
",-9999999.000,-9999999.000,0.000,0.000,1.000,0,0,0,2,2,0,0,2,0.0,0.0,0.0,0.0,0.0,1.0,-1
"((BGTestAvgNumMeter >= 1.564) U[0,2] (HeightCm <= 170.765))
",-9999999.000,-9999999.000,0.000,0.000,1.000,0,0,0,2,2,0,0,2,0.0,0.0,0.0,0.0,0.0,1.0,-1
"F[1,2]((HbA1c >= 10.102 -> LDL >= 34.468) & BldPrSys <= 102.099)
",-9999999.000,-9999999.000,0.000,0.000,1.000,0,0,0,2,2,0,0,2,0.0,0.0,0.0,0.0,0.0,1.0,-1
"F[0,1](((BGTestAvgNumMeter >= 1.955 -> TotalDailyInsPerKg <= 0.842) -> Pt_SHFlg <= 0.792) | BldPrDia <= 0.887)
",-9999999.000,-9999999.000,0.000,0.000,1.000,0,0,0,2,2,0,0,2,0.0,0.0,0.0,0.0,0.0,1.0,-1
"F[0,0](AlbCreatRat_mggNew >= 3.737 | HbA1cImputeDtMnC <= 17.799)
",17.799,17.799,0.000,0.000,1.000,0,0,0,2,2,0,0,2,0.0,0.0,0.0,0.0,0.0,1.0,-1
"F[1,2](((bmiZscore <= 1.595 & Pt_A1cGoalLev >= 0.986) & diagAgeCombo >= 2.325) & Pt_CGMUseNumDays <= 4.515)
",-9999999.000,-9999999.000,0.000,0.000,1.000,0,0,0,2,2,0,0,2,0.0,0.0,0.0,0.0,0.0,1.0,-1
"F[0,2](bmiZscore >= 1.243 -> HbA1c <= 10.618)
",-9999999.000,-9999999.000,0.000,0.000,1.000,0,0,0,2,2,0,0,2,0.0,0.0,0.0,0.0,0.0,1.0,-1
"F[2,2](BldPrSys <= 130.337 -> SMBGperDayPtMeterCombo >= 1.270)
",-130.337,-130.337,0.000,0.000,1.000,0,0,0,2,2,0,0,2,0.0,0.0,0.0,0.0,0.0,1.0,-1
"F[1,2]((BldPrSys <= 132.093 | WeightKg <= 78.741) | NumPumpBolusOrShortAct <= 81.019)
",-9999999.000,-9999999.000,0.000,0.000,1.000,0,0,0,2,2,0,0,2,0.0,0.0,0.0,0.0,0.0,1.0,-1
"((BUN <= 9.436) U[1,2] (UnitsInsBasalOrLongAct >= 4.523))
",-9999999.000,-9999999.000,0.000,0.000,1.000,0,0,0,2,2,0,0,2,0.0,0.0,0.0,0.0,0.0,1.0,-1
"((BldPrDia <= 75.865) U[1,2] (HbA1cImputeDtMnC <= 14.875))
",-9999999.000,-9999999.000,0.000,0.000,1.000,0,0,0,2,2,0,0,2,0.0,0.0,0.0,0.0,0.0,1.0,-1
"((TotalDailyInsPerKg >= 0.015) U[0,1] (UnitsInsBasalOrLongAct <= 15.391))
",-9999999.000,-9999999.000,0.000,0.000,1.000,0,0,0,2,2,0,0,2,0.0,0.0,0.0,0.0,0.0,1.0,-1
"F[1,2]((bmiZscore <= 1.497 | Pt_DKAFlg >= 0.138) & HbA1cImputeDtMnC >= 0.070)
",-9999999.000,-9999999.000,0.000,0.000,1.000,0,0,0,2,2,0,0,2,0.0,0.0,0.0,0.0,0.0,1.0,-1
"F[2,2](bmiZscore <= 1.531 -> HeightCm <= 170.964)
",-170.964,-170.964,0.000,0.000,1.000,0,0,0,2,2,0,0,2,0.0,0.0,0.0,0.0,0.0,1.0,-1
"((BldPrDia <= 75.755) U[0,1] (TotalDailyInsPerKg <= 0.933))
",-9999999.000,-9999999.000,0.000,0.000,1.000,0,0,0,2,2,0,0,2,0.0,0.0,0.0,0.0,0.0,1.0,-1
"F[0,1](bmiPerc >= 0.902 -> HeightCm <= 170.664)
",-9999999.000,-9999999.000,0.000,0.000,1.000,0,0,0,2,2,0,0,2,0.0,0.0,0.0,0.0,0.0,1.0,-1
"F[0,2](((BldPrSys >= 125.186 & bmiPerc >= 0.902) & NumPumpBolusOrShortAct <= 0.954) & Pt_SHFlg >= 0.909)
",-9999999.000,-9999999.000,0.000,0.000,1.000,0,0,0,2,2,0,0,2,0.0,0.0,0.0,0.0,0.0,1.0,-1
"F[2,2](((BldPrSys <= 127.810 | LDL <= 100.775) -> Pt_MotherT1D <= 118.023) -> Pt_SiblingT1D >= 23.177)
",23.177,23.177,0.000,0.000,1.000,0,0,0,2,2,0,0,2,0.0,0.0,0.0,0.0,0.0,1.0,-1
"F[0,2]((BldPrSys >= 122.825 -> TSH >= 0.286) | Pt_MotherT1D >= 0.330)
",-9999999.000,-9999999.000,0.000,0.000,1.000,0,0,0,2,2,0,0,2,0.0,0.0,0.0,0.0,0.0,1.0,-1
"F[1,2]((NumPumpBolusOrShortAct <= 2.228 | WeightKg >= 70.775) -> Pt_GrandparentT1D <= 82.054)
",-9999999.000,-9999999.000,0.000,0.000,1.000,0,0,0,2,2,0,0,2,0.0,0.0,0.0,0.0,0.0,1.0,-1
"F[1,2](LDL <= 49.917 -> TotalDailyInsPerKg >= 0.497)
",-9999999.000,-9999999.000,0.000,0.000,1.000,0,0,0,2,2,0,0,2,0.0,0.0,0.0,0.0,0.0,1.0,-1
"F[0,1]((BldPrDia >= 72.107 | WeightKg <= 76.493) -> bmiZscore <= 81.372)
",-9999999.000,-9999999.000,0.000,0.000,1.000,0,0,0,2,2,0,0,2,0.0,0.0,0.0,0.0,0.0,1.0,-1
"F[0,0](((bmiPerc >= 0.912 | Pt_DKAFlg <= 0.938) | Pt_GrandparentT1D <= 0.495) | Pt_GrandchildT1D <= 0.400)
",27.986,27.986,0.000,0.000,1.000,0,0,0,2,2,0,0,2,0.0,0.0,0.0,0.0,0.0,1.0,-1
"((bmi <= 28.336) U[1,2] (HeightCm <= 170.822))
",-9999999.000,-9999999.000,0.000,0.000,1.000,0,0,0,2,2,0,0,2,0.0,0.0,0.0,0.0,0.0,1.0,-1
"F[0,1]((HbA1c <= 10.299 | TotalDailyInsPerKg <= 0.631) & HeightCm >= 0.038)
",-9999999.000,-9999999.000,0.000,0.000,1.000,0,0,0,2,2,0,0,2,0.0,0.0,0.0,0.0,0.0,1.0,-1
"F[0,0]((age <= 16.688 | SMBGperDayPtMeterCombo <= 4.843) -> BldPrDia >= 2.488)
",-130.512,-130.512,0.000,0.000,1.000,0,0,0,2,2,0,0,2,0.0,0.0,0.0,0.0,0.0,1.0,-1
"F[0,2](TotChol >= 184.477 & Triglyc >= 25.590)
",-9999999.000,-9999999.000,0.000,0.000,1.000,0,0,0,2,2,0,0,2,0.0,0.0,0.0,0.0,0.0,1.0,-1
"((HDL <= 48.748) U[0,2] (TotChol >= 169.411))
",-9999999.000,-9999999.000,0.000,0.000,1.000,0,0,0,2,2,0,0,2,0.0,0.0,0.0,0.0,0.0,1.0,-1
"F[2,2](((TotChol >= 178.144 -> WeightKg <= 83.559) & Pt_DKAFlg >= 75.626) | TSH <= 82.113)
",82.113,82.113,0.000,0.000,1.000,0,0,0,2,2,0,0,2,0.0,0.0,0.0,0.0,0.0,1.0,-1
"F[0,2](((AlbCreatRat_mggNew >= 3.131 | UnitsInsBasalOrLongAct >= 7.779) & bmiPerc <= 24.279) & TotChol >= 5.040)
",-9999999.000,-9999999.000,0.000,0.000,1.000,0,0,0,2,2,0,0,2,0.0,0.0,0.0,0.0,0.0,1.0,-1
"F[0,2]((AlbCreatRat_mggNew <= 4.037 | Triglyc <= 87.015) & bmiZscore <= 84.192)
",-9999999.000,-9999999.000,0.000,0.000,1.000,0,0,0,2,2,0,0,2,0.0,0.0,0.0,0.0,0.0,1.0,-1
"((HbA1cImputeDtMnC < 13.903) U[0,1] (Pt_SHFlg = 0.000))
",-9999999.000,-9999999.000,0.000,0.000,1.000,0,0,0,2,2,0,0,2,0.0,0.0,0.0,0.0,0.0,1.0,-1
"((Pt_ChildT1D <= 0.000) U[0,2] (Pt_SHFlg = 0.000))
",-9999999.000,-9999999.000,0.000,0.000,1.000,0,0,0,2,2,0,0,2,0.0,0.0,0.0,0.0,0.0,1.0,-1
"((AlbCreatRat_mggNew <= 4.360) U[0,2] (TotalDailyInsPerKg <= 0.850))
",-9999999.000,-9999999.000,0.000,0.000,1.000,0,0,0,2,2,0,0,2,0.0,0.0,0.0,0.0,0.0,1.0,-1
"F[0,1](BGTestAvgNumMeter <= 2.557 | BldPrDia <= 75.681)
",-9999999.000,-9999999.000,0.000,0.000,1.000,0,0,0,2,2,0,0,2,0.0,0.0,0.0,0.0,0.0,1.0,-1
"F[1,2](BldPrDia >= 72.918 | BldPrSys >= 121.245)
",-9999999.000,-9999999.000,0.000,0.000,1.000,0,0,0,2,2,0,0,2,0.0,0.0,0.0,0.0,0.0,1.0,-1
"F[1,2](((AlbCreatRat_mggNew <= 4.340 | SMBGperDayPtMeterCombo >= 3.603) -> diagAgeCombo <= 4.974) | BldPrSys <= 4.346)
",-9999999.000,-9999999.000,0.000,0.000,1.000,0,0,0,2,2,0,0,2,0.0,0.0,0.0,0.0,0.0,1.0,-1
"((HbA1cImputeDtMnC >= 3.237) U[0,2] (WeightKg <= 80.728))
",-9999999.000,-9999999.000,0.000,0.000,1.000,0,0,0,2,2,0,0,2,0.0,0.0,0.0,0.0,0.0,1.0,-1
"((age < 16.485) U[0,2] (Pt_SHFlg = 0.000))
",-9999999.000,-9999999.000,0.000,0.000,1.000,0,0,0,2,2,0,0,2,0.0,0.0,0.0,0.0,0.0,1.0,-1
"F[1,2](age > 15.187 & Pt_SHFlg = 0.000)
",-9999999.000,-9999999.000,0.000,0.000,1.000,0,0,0,2,2,0,0,2,0.0,0.0,0.0,0.0,0.0,1.0,-1
"F[0,1](((diabDur >= 6.492 & HeightCm <= 171.013) & bmiPerc <= 170.959) | WeightKg <= 170.786)
",-9999999.000,-9999999.000,0.000,0.000,1.000,0,0,0,2,2,0,0,2,0.0,0.0,0.0,0.0,0.0,1.0,-1
"((BGTestAvgNumMeter >= 1.946) U[0,2] (BGTestAvgNumPtRep <= 6.000))
",-9999999.000,-9999999.000,0.000,0.000,1.000,0,0,0,2,2,0,0,2,0.0,0.0,0.0,0.0,0.0,1.0,-1
"F[0,0](HbA1c >= 10.113 -> Pt_A1cGoalLevelDsYr5 = 0.000)
",0.000,0.000,0.000,0.000,1.000,0,0,0,2,2,0,0,2,0.0,0.0,0.0,0.0,0.0,1.0,-1
"((BGTestAvgNumMeter >= 1.501) U[0,2] (BGTestAvgNumPtRep <= 6.000))
",-9999999.000,-9999999.000,0.000,0.000,1.000,0,0,0,2,2,0,0,2,0.0,0.0,0.0,0.0,0.0,1.0,-1
"F[0,2](HbA1c >= 10.151 -> Pt_A1cGoalLevelDsYr5 = 0.000)
",-9999999.000,-9999999.000,0.000,0.000,1.000,0,0,0,2,2,0,0,2,0.0,0.0,0.0,0.0,0.0,1.0,-1
"((BGTestAvgNumMeter >= 0.537) U[0,0] (BGTestAvgNumPtRep <= 6.000))
",25.463,25.463,0.000,0.000,1.000,0,0,0,2,2,0,0,2,0.0,0.0,0.0,0.0,0.0,1.0,-1
"F[1,1](HbA1c >= 9.995 -> Pt_A1cGoalLevelDsYr5 = 0.000)
",0.000,0.000,0.000,0.000,1.000,0,0,0,2,2,0,0,2,0.0,0.0,0.0,0.0,0.0,1.0,-1
"F[1,2](((Pt_A1cGoalLev <= 7.994 & TotChol >= 170.149) -> NumPumpBolusOrShortAct <= 193.559) | GFR >= 176.688)
",-9999999.000,-9999999.000,0.000,0.000,1.000,0,0,0,2,2,0,0,2,0.0,0.0,0.0,0.0,0.0,1.0,-1
"F[0,1](((Pt_A1cGoalLev <= 7.975 & TotalDailyInsPerKg >= 0.557) -> Pt_SiblingT1D >= 0.308) | TSH >= 0.177)
",-9999999.000,-9999999.000,0.000,0.000,1.000,0,0,0,2,2,0,0,2,0.0,0.0,0.0,0.0,0.0,1.0,-1
"F[1,2](HbA1c >= 10.039 -> Pt_A1cGoalLevelDsYr5 = 0.000)
",-9999999.000,-9999999.000,0.000,0.000,1.000,0,0,0,2,2,0,0,2,0.0,0.0,0.0,0.0,0.0,1.0,-1
"((BldPrSys <= 130.162) U[0,2] (TotalDailyInsPerKg >= 0.154))
",-9999999.000,-9999999.000,0.000,0.000,1.000,0,0,0,2,2,0,0,2,0.0,0.0,0.0,0.0,0.0,1.0,-1
"((TotChol <= 195.552) U[0,2] (Pt_GrandparentT1D >= 0.000))
",-9999999.000,-9999999.000,0.000,0.000,1.000,0,0,0,2,2,0,0,2,0.0,0.0,0.0,0.0,0.0,1.0,-1
"((Pt_MotherT1D <= 0.000) U[1,1] (Pt_SHFlg = 0.000))
",0.000,0.000,0.000,0.000,1.000,0,0,0,2,2,0,0,2,0.0,0.0,0.0,0.0,0.0,1.0,-1
"((GFR >= 0.000) U[0,2] (Pt_SHFlg = 0.000))
",-9999999.000,-9999999.000,0.000,0.000,1.000,0,0,0,2,2,0,0,2,0.0,0.0,0.0,0.0,0.0,1.0,-1
"F[1,2]((BGTestAvgNumMeter <= 3.023 & Triglyc >= 24.814) | Pt_A1cGoalLevelDsYr5 <= 33.509)
",-9999999.000,-9999999.000,0.000,0.000,1.000,0,0,0,2,2,0,0,2,0.0,0.0,0.0,0.0,0.0,1.0,-1
"F[1,2]((UnitsInsBasalOrLongAct >= 3.785 -> WeightKg >= 70.494) & Triglyc <= 81.316)
",-9999999.000,-9999999.000,0.000,0.000,1.000,0,0,0,2,2,0,0,2,0.0,0.0,0.0,0.0,0.0,1.0,-1
"F[2,2](bmiPerc <= 0.954 & NumPumpBolusOrShortAct <= 4.881)
",0.954,0.954,0.000,0.000,1.000,0,0,0,2,2,0,0,2,0.0,0.0,0.0,0.0,0.0,1.0,-1
"F[1,1](((TotalDailyInsPerKg <= 0.818 & TotChol >= 169.394) | Pt_GrandchildT1D <= 199.991) -> Pt_GrandchildT1D <= 189.481)
",-199.991,-199.991,0.000,0.000,1.000,0,0,0,2,2,0,0,2,0.0,0.0,0.0,0.0,0.0,1.0,-1
"F[1,2](BGTestAvgNumMeter <= 4.273 | WeightKg <= 77.357)
",-9999999.000,-9999999.000,0.000,0.000,1.000,0,0,0,2,2,0,0,2,0.0,0.0,0.0,0.0,0.0,1.0,-1
"F[1,2]((AlbCreatRat_mggNew >= 3.792 | Pt_A1cGoalLev <= 5.238) | HbA1c >= 1.584)
",-9999999.000,-9999999.000,0.000,0.000,1.000,0,0,0,2,2,0,0,2,0.0,0.0,0.0,0.0,0.0,1.0,-1
"F[1,1](((BldPrDia <= 76.385 -> bmiZscore >= 1.208) | Pt_InsGov <= 1.494) | Pt_CGMUseNumDays >= 1.306)
",1.494,1.494,0.000,0.000,1.000,0,0,0,2,2,0,0,2,0.0,0.0,0.0,0.0,0.0,1.0,-1
"((HbA1cImputeDtMnC <= 20.686) U[0,1] (NumPumpBolusOrShortAct <= 4.879))
",-9999999.000,-9999999.000,0.000,0.000,1.000,0,0,0,2,2,0,0,2,0.0,0.0,0.0,0.0,0.0,1.0,-1
"F[0,0](((age <= 16.686 & Pt_DKAFlg <= 0.834) | BldPrDia <= 0.386) | SMBGperDayPtMeterCombo >= 0.194)
",77.806,77.806,0.000,0.000,1.000,0,0,0,2,2,0,0,2,0.0,0.0,0.0,0.0,0.0,1.0,-1
"((HbA1cImputeDtMnC <= 23.297) U[2,2] (HDL >= 4.960))
",23.297,23.297,0.000,0.000,1.000,0,0,0,2,2,0,0,2,0.0,0.0,0.0,0.0,0.0,1.0,-1
"F[0,2]((bmiPerc >= 0.887 & diabDur >= 6.761) | Pt_DKAFlg <= 7.180)
",-9999999.000,-9999999.000,0.000,0.000,1.000,0,0,0,2,2,0,0,2,0.0,0.0,0.0,0.0,0.0,1.0,-1
"((BGTestAvgNumMeter >= 1.668) U[0,1] (BGTestAvgNumPtRep <= 6.000))
",-9999999.000,-9999999.000,0.000,0.000,1.000,0,0,0,2,2,0,0,2,0.0,0.0,0.0,0.0,0.0,1.0,-1
"F[0,1](HbA1c >= 9.796 -> Pt_A1cGoalLevelDsYr5 = 0.000)
",-9999999.000,-9999999.000,0.000,0.000,1.000,0,0,0,2,2,0,0,2,0.0,0.0,0.0,0.0,0.0,1.0,-1
"F[1,2](TotalDailyInsPerKg >= 0.407 | WeightKg <= 83.777)
",-9999999.000,-9999999.000,0.000,0.000,1.000,0,0,0,2,2,0,0,2,0.0,0.0,0.0,0.0,0.0,1.0,-1
"((TotChol >= 183.005) U[0,1] (Pt_SHFlg = 0.000))
",-9999999.000,-9999999.000,0.000,0.000,1.000,0,0,0,2,2,0,0,2,0.0,0.0,0.0,0.0,0.0,1.0,-1
"((Pt_SHFlg >= 0.000) U[1,2] (Pt_SHFlg = 0.000))
",-9999999.000,-9999999.000,0.000,0.000,1.000,0,0,0,2,2,0,0,2,0.0,0.0,0.0,0.0,0.0,1.0,-1
"((SMBGperDayPtMeterCombo >= 2.030) U[0,2] (Pt_SHFlg = 0.000))
",-9999999.000,-9999999.000,0.000,0.000,1.000,0,0,0,2,2,0,0,2,0.0,0.0,0.0,0.0,0.0,1.0,-1
"F[0,1](TotChol < 191.889 & Pt_SHFlg = 0.000)
",-9999999.000,-9999999.000,0.000,0.000,1.000,0,0,0,2,2,0,0,2,0.0,0.0,0.0,0.0,0.0,1.0,-1
"F[1,2](HbA1cImputeDtMnC > 11.562 & Pt_SHFlg = 0.000)
",-9999999.000,-9999999.000,0.000,0.000,1.000,0,0,0,2,2,0,0,2,0.0,0.0,0.0,0.0,0.0,1.0,-1
"((age < 16.473) U[1,2] (Pt_SHFlg = 0.000))
",-9999999.000,-9999999.000,0.000,0.000,1.000,0,0,0,2,2,0,0,2,0.0,0.0,0.0,0.0,0.0,1.0,-1
"F[1,2](age > 15.158 -> Pt_SHFlg = 0.000)
",-9999999.000,-9999999.000,0.000,0.000,1.000,0,0,0,2,2,0,0,2,0.0,0.0,0.0,0.0,0.0,1.0,-1
"((WeightKg <= 82.775) U[0,2] (Pt_SHFlg = 0.000))
",-9999999.000,-9999999.000,0.000,0.000,1.000,0,0,0,2,2,0,0,2,0.0,0.0,0.0,0.0,0.0,1.0,-1
"((DirectLDL < 0.000) U[0,1] (Pt_SHFlg = 0.000))
",-9999999.000,-9999999.000,0.000,0.000,1.000,0,0,0,2,2,0,0,2,0.0,0.0,0.0,0.0,0.0,1.0,-1
"F[2,2](SMBGperDayPtMeterCombo <= 5.559 -> TotalDailyInsPerKg <= 0.562)
",-5.559,-5.559,0.000,0.000,1.000,0,0,0,2,2,0,0,2,0.0,0.0,0.0,0.0,0.0,1.0,-1
"F[0,1](HbA1c <= 10.828 | HbA1cImputeDtMnC <= 21.845)
",-9999999.000,-9999999.000,0.000,0.000,1.000,0,0,0,2,2,0,0,2,0.0,0.0,0.0,0.0,0.0,1.0,-1
"F[0,0]((BGTestAvgNumMeter <= 4.499 & BldPrSys >= 123.512) -> HeightCm >= 125.055)
",40.455,40.455,0.000,0.000,1.000,0,0,0,2,2,0,0,2,0.0,0.0,0.0,0.0,0.0,1.0,-1
"F[0,2]((AlbCreatRat_mggNew <= 4.450 | bmiZscore <= 1.601) -> Pt_SiblingT1D >= 1.378)
",-9999999.000,-9999999.000,0.000,0.000,1.000,0,0,0,2,2,0,0,2,0.0,0.0,0.0,0.0,0.0,1.0,-1
"F[0,1]((Pt_CGMUseNumDays >= 0.000 -> Pt_CGMUseNumDays <= 0.000) & Pt_SiblingT1D <= 0.000)
",-9999999.000,-9999999.000,0.000,0.000,1.000,0,0,0,2,2,0,0,2,0.0,0.0,0.0,0.0,0.0,1.0,-1
"((BldPrDia <= 76.647) U[0,2] (NumPumpBolusOrShortAct <= 2.650))
",-9999999.000,-9999999.000,0.000,0.000,1.000,0,0,0,2,2,0,0,2,0.0,0.0,0.0,0.0,0.0,1.0,-1
"((WeightKg >= 71.195) U[0,1] (Pt_SHFlg = 0.000))
",-9999999.000,-9999999.000,0.000,0.000,1.000,0,0,0,2,2,0,0,2,0.0,0.0,0.0,0.0,0.0,1.0,-1
"((BGTestAvgNumPtRep <= 6.000) U[2,2] (Pt_SHFlg = 0.000))
",6.000,6.000,0.000,0.000,1.000,0,0,0,2,2,0,0,2,0.0,0.0,0.0,0.0,0.0,1.0,-1
"F[1,1](BGTestAvgNumMeter <= 2.486 & Pt_SHFlg = 0.000)
",0.000,0.000,0.000,0.000,1.000,0,0,0,2,2,0,0,2,0.0,0.0,0.0,0.0,0.0,1.0,-1
"F[0,1](HbA1c >= 9.741 -> Pt_A1cGoalLevelDsYr5 = 0.000)
",-9999999.000,-9999999.000,0.000,0.000,1.000,0,0,0,2,2,0,0,2,0.0,0.0,0.0,0.0,0.0,1.0,-1
"((BGTestAvgNumMeter >= 0.833) U[1,2] (BGTestAvgNumPtRep <= 6.000))
",-9999999.000,-9999999.000,0.000,0.000,1.000,0,0,0,2,2,0,0,2,0.0,0.0,0.0,0.0,0.0,1.0,-1
"F[1,1](HbA1c >= 10.034 -> Pt_A1cGoalLevelDsYr5 = 0.000)
",0.000,0.000,0.000,0.000,1.000,0,0,0,2,2,0,0,2,0.0,0.0,0.0,0.0,0.0,1.0,-1
"((BGTestAvgNumMeter >= 0.435) U[0,0] (BGTestAvgNumPtRep <= 6.000))
",25.565,25.565,0.000,0.000,1.000,0,0,0,2,2,0,0,2,0.0,0.0,0.0,0.0,0.0,1.0,-1
"F[0,1](HbA1c >= 9.878 -> Pt_A1cGoalLevelDsYr5 = 0.000)
",-9999999.000,-9999999.000,0.000,0.000,1.000,0,0,0,2,2,0,0,2,0.0,0.0,0.0,0.0,0.0,1.0,-1
"F[1,2](HbA1c >= 9.878 -> Pt_A1cGoalLevelDsYr5 = 0.000)
",-9999999.000,-9999999.000,0.000,0.000,1.000,0,0,0,2,2,0,0,2,0.0,0.0,0.0,0.0,0.0,1.0,-1
"((BGTestAvgNumMeter >= 0.633) U[1,1] (BGTestAvgNumPtRep <= 6.000))
",6.000,6.000,0.000,0.000,1.000,0,0,0,2,2,0,0,2,0.0,0.0,0.0,0.0,0.0,1.0,-1
"((BGTestAvgNumMeter >= 1.108) U[0,0] (BGTestAvgNumPtRep <= 6.000))
",24.892,24.892,0.000,0.000,1.000,0,0,0,2,2,0,0,2,0.0,0.0,0.0,0.0,0.0,1.0,-1
"((TSH <= 1.391) U[0,2] (Pt_SHFlg = 0.000))
",-9999999.000,-9999999.000,0.000,0.000,1.000,0,0,0,2,2,0,0,2,0.0,0.0,0.0,0.0,0.0,1.0,-1
"((Pt_CGMUseNumDays <= 0.000) U[0,0] (Pt_SHFlg = 0.000))
",-25.992,-25.992,0.000,0.000,1.000,0,0,0,2,2,0,0,2,0.0,0.0,0.0,0.0,0.0,1.0,-1
"F[0,0](bmiPerc >= 0.888 -> Pt_SHFlg = 0.000)
",-28.010,-28.010,0.000,0.000,1.000,0,0,0,2,2,0,0,2,0.0,0.0,0.0,0.0,0.0,1.0,-1
"((HeightCm <= 170.689) U[1,1] (Pt_SHFlg = 0.000))
",170.689,170.689,0.000,0.000,1.000,0,0,0,2,2,0,0,2,0.0,0.0,0.0,0.0,0.0,1.0,-1
"((SMBGperDayPtMeterCombo < 4.101) U[0,1] (Pt_SHFlg = 0.000))
",-9999999.000,-9999999.000,0.000,0.000,1.000,0,0,0,2,2,0,0,2,0.0,0.0,0.0,0.0,0.0,1.0,-1
"F[1,2](LDL >= 39.651 & Pt_SHFlg = 0.000)
",-9999999.000,-9999999.000,0.000,0.000,1.000,0,0,0,2,2,0,0,2,0.0,0.0,0.0,0.0,0.0,1.0,-1
"((Pt_GrandparentT1D <= 0.000) U[0,2] (Pt_SHFlg = 0.000))
",-9999999.000,-9999999.000,0.000,0.000,1.000,0,0,0,2,2,0,0,2,0.0,0.0,0.0,0.0,0.0,1.0,-1
"F[1,1]((Pt_DKAFlg <= 0.521 -> DirectLDL <= 0.000) -> diabDur >= 0.000)
",0.000,0.000,0.000,0.000,1.000,0,0,0,2,2,0,0,2,0.0,0.0,0.0,0.0,0.0,1.0,-1
"F[0,2]((LDL >= 27.379 -> SMBGperDayPtMeterCombo >= 3.158) & TSH >= 3.578)
",-9999999.000,-9999999.000,0.000,0.000,1.000,0,0,0,2,2,0,0,2,0.0,0.0,0.0,0.0,0.0,1.0,-1
"F[0,2](((HbA1c >= 9.915 -> Pt_GrandchildT1D <= 0.000) & DirectLDL <= 0.000) & AutonomicNeuroCl <= 0.000)
",-9999999.000,-9999999.000,0.000,0.000,1.000,0,0,0,2,2,0,0,2,0.0,0.0,0.0,0.0,0.0,1.0,-1
"G[1,2](((AutonomicNeuroCl >= 0.000 & HDL >= 8.085) & Pt_GrandparentT1D <= 50.198) | Pt_DKAFlg <= 22.696)
",9999999.000,9999999.000,0.000,1.000,0.000,0,0,2,0,0,2,2,0,0.0,0.0,1.0,0.0,0.0,1.0,1
"G[1,2](Pt_A1cGoalLev >= 1.870 -> Pt_SHFlg = 0.000)
",9999999.000,9999999.000,0.000,1.000,0.000,0,0,2,0,0,2,2,0,0.0,0.0,1.0,0.0,0.0,1.0,1
"G[2,2](Pt_DKAFlg < 0.577 -> Pt_SHFlg = 0.000)
",-0.577,-0.577,0.000,1.000,0.000,0,0,2,0,0,2,2,0,0.0,0.0,1.0,0.0,0.0,1.0,1
"G[0,2](NumPumpBolusOrShortAct >= 1.927 & Pt_SHFlg = 0.000)
",9999999.000,9999999.000,0.000,1.000,0.000,0,0,0,2,2,0,0,2,0.0,0.0,0.0,0.0,0.0,1.0,1
"G[0,2](diabDur >= 6.073 & Pt_SHFlg = 0.000)
",9999999.000,9999999.000,0.000,1.000,0.000,0,0,1,1,1,1,1,1,0.0,0.0,1.0,0.0,0.0,1.0,1
"G[0,2](diabDur < 7.023 & Pt_SHFlg = 0.000)
",9999999.000,9999999.000,0.000,1.000,0.000,0,0,1,1,1,1,1,1,0.0,0.0,1.0,0.0,0.0,1.0,1
"G[1,1](Pt_DKAFlg >= 0.278 & Pt_SHFlg = 0.000)
",-0.278,-0.278,0.000,1.000,0.000,0,0,1,1,1,1,1,1,0.0,0.0,1.0,0.0,0.0,1.0,1
"G[0,2](bmiPerc <= 0.925 -> WeightKg >= 71.357)
",9999999.000,9999999.000,0.000,1.000,0.000,0,0,1,1,1,1,1,1,0.0,0.0,1.0,0.0,0.0,1.0,1
"G[1,2](((Pt_DKAFlg >= 0.010 -> Pt_MotherT1D <= 0.000) & diagAgeCombo >= 0.000) & HbA1c <= 0.000)
",9999999.000,9999999.000,0.000,1.000,0.000,0,0,1,1,1,1,1,1,0.0,0.0,1.0,0.0,0.0,1.0,1
"G[0,1](SMBGperDayPtMeterCombo >= 1.517 & BGTestAvgNumPtRep >= 6.000)
",9999999.000,9999999.000,0.000,1.000,0.000,0,0,1,1,1,1,1,1,0.0,0.0,1.0,0.0,0.0,1.0,1
"G[1,2](Pt_InsGov <= 0.000 & UnitsInsBasalOrLongAct <= 11.950)
",9999999.000,9999999.000,0.000,1.000,0.000,0,0,2,0,0,2,2,0,0.0,0.0,1.0,0.0,0.0,1.0,1
"G[0,2](age <= 16.529 & bmiPerc <= 0.919)
",9999999.000,9999999.000,0.000,1.000,0.000,0,0,1,1,1,1,1,1,0.0,0.0,1.0,0.0,0.0,1.0,1
"G[1,2](((bmiPerc >= 0.905 -> Triglyc >= 19.485) -> BGTestAvgNumPtRep >= 5.606) | TotChol >= 29.747)
",9999999.000,9999999.000,0.000,1.000,0.000,0,0,2,0,0,2,2,0,0.0,0.0,1.0,0.0,0.0,1.0,1
"G[0,2]((age >= 15.584 | LDL <= 113.549) & Pt_GrandparentT1D >= 37.807)
",9999999.000,9999999.000,0.000,1.000,0.000,0,0,0,2,2,0,0,2,0.0,0.0,0.0,0.0,0.0,1.0,1
"G[1,2]((Triglyc <= 41.684 & TSH >= 0.220) | UnitsInsBasalOrLongAct <= 0.542)
",9999999.000,9999999.000,0.000,1.000,0.000,0,0,2,0,0,2,2,0,0.0,0.0,1.0,0.0,0.0,1.0,1
"G[1,2]((Pt_ChildT1D >= 0.000 -> bmiPerc >= 0.908) -> GFR >= 0.889)
",9999999.000,9999999.000,0.000,1.000,0.000,0,0,2,0,0,2,2,0,0.0,0.0,1.0,0.0,0.0,1.0,1
"G[2,2](((Pt_ChildT1D <= 0.000 -> BldPrDia >= 72.447) & Pt_CGMUseNumDays >= 72.827) -> SMBGperDayPtMeterCombo >= 74.096)
",72.827,72.827,0.000,1.000,0.000,0,0,2,0,0,2,2,0,0.0,0.0,1.0,0.0,0.0,1.0,1
"G[2,2](Pt_ChildT1D <= 0.000 -> TSH >= 0.105)
",0.000,0.000,0.000,1.000,0.000,0,0,2,0,0,2,2,0,0.0,0.0,1.0,0.0,0.0,1.0,1
"G[1,2](((BGTestAvgNumMeter >= 1.863 -> TSH <= 0.763) & LDL >= 0.086) -> BGTestAvgNumPtRep <= 1.147)
",9999999.000,9999999.000,0.000,1.000,0.000,0,0,2,0,0,2,2,0,0.0,0.0,1.0,0.0,0.0,1.0,1
"G[2,2](NumPumpBolusOrShortAct >= 0.066 | HDL <= 41.645)
",41.645,41.645,0.000,1.000,0.000,0,0,2,0,0,2,2,0,0.0,0.0,1.0,0.0,0.0,1.0,1
"G[0,2](((Pt_GrandchildT1D <= 0.000 | BldPrDia <= 76.132) | bmiPerc <= 76.265) | AutonomicNeuroCl >= 72.135)
",9999999.000,9999999.000,0.000,1.000,0.000,0,0,2,0,0,2,2,0,0.0,0.0,1.0,0.0,0.0,1.0,1
"G[1,2](AutonomicNeuroCl <= 0.000 & WeightKg >= 70.733)
",9999999.000,9999999.000,0.000,1.000,0.000,0,0,2,0,0,2,2,0,0.0,0.0,1.0,0.0,0.0,1.0,1
"G[0,1]((age <= 16.724 -> TotalDailyInsPerKg >= 0.407) -> LDL >= 0.057)
",9999999.000,9999999.000,0.000,1.000,0.000,0,0,1,1,1,1,1,1,0.0,0.0,1.0,0.0,0.0,1.0,1
"G[0,2](((HeightCm <= 170.605 & BUN >= 3.201) -> NumPumpBolusOrShortAct >= 3.247) | bmiZscore >= 0.908)
",9999999.000,9999999.000,0.000,1.000,0.000,0,0,2,0,0,2,2,0,0.0,0.0,1.0,0.0,0.0,1.0,1
"G[0,2]((BGTestAvgNumMeter <= 3.058 -> TotChol <= 202.900) & Pt_A1cGoalLevelDsYr5 >= 171.744)
",9999999.000,9999999.000,0.000,1.000,0.000,0,0,0,2,2,0,0,2,0.0,0.0,0.0,0.0,0.0,1.0,1
"G[1,1]((HDL <= 40.542 -> BldPrSys <= 131.538) & GFR >= 125.645)
",-131.538,-131.538,0.000,1.000,0.000,0,0,1,1,1,1,1,1,0.0,0.0,1.0,0.0,0.0,1.0,1
"G[1,2](((age <= 16.651 -> Pt_SHFlg <= 0.000) -> Pt_ChildT1D >= 0.000) | BUN <= 0.000)
",9999999.000,9999999.000,0.000,1.000,0.000,0,0,2,0,0,2,2,0,0.0,0.0,1.0,0.0,0.0,1.0,1
"G[1,2](age < 16.796 -> Pt_SHFlg = 0.000)
",9999999.000,9999999.000,0.000,1.000,0.000,0,0,2,0,0,2,2,0,0.0,0.0,1.0,0.0,0.0,1.0,1
"G[1,2](bmiPerc >= 0.902 | TSH >= 0.342)
",9999999.000,9999999.000,0.000,1.000,0.000,0,0,1,1,1,1,1,1,0.0,0.0,1.0,0.0,0.0,1.0,1
"G[1,2](WeightKg >= 73.340 | BGTestAvgNumMeter >= 0.914)
",9999999.000,9999999.000,0.000,1.000,0.000,0,0,1,1,1,1,1,1,0.0,0.0,1.0,0.0,0.0,1.0,1
"G[1,2](BldPrDia <= 76.085 & TSH >= 0.088)
",9999999.000,9999999.000,0.000,1.000,0.000,0,0,1,1,1,1,1,1,0.0,0.0,1.0,0.0,0.0,1.0,1
"G[1,2](SMBGperDayPtMeterCombo >= 3.426 & BGTestAvgNumPtRep >= 6.000)
",9999999.000,9999999.000,0.000,1.000,0.000,0,0,2,0,0,2,2,0,0.0,0.0,1.0,0.0,0.0,1.0,1
"G[1,2](GFR <= 0.000 -> BUN >= 3.190)
",9999999.000,9999999.000,0.000,1.000,0.000,0,0,1,1,1,1,1,1,0.0,0.0,1.0,0.0,0.0,1.0,1
"G[1,2](SMBGperDayPtMeterCombo >= 2.651 & BGTestAvgNumPtRep >= 6.000)
",9999999.000,9999999.000,0.000,1.000,0.000,0,0,2,0,0,2,2,0,0.0,0.0,1.0,0.0,0.0,1.0,1
"G[1,2]((WeightKg >= 74.842 | bmi >= 25.814) -> UnitsInsBasalOrLongAct <= 23.536)
",9999999.000,9999999.000,0.000,1.000,0.000,0,0,2,0,0,2,2,0,0.0,0.0,1.0,0.0,0.0,1.0,1
"G[1,1](GFR <= 0.000 -> BUN >= 2.550)
",0.000,0.000,0.000,1.000,0.000,0,0,1,1,1,1,1,1,0.0,0.0,1.0,0.0,0.0,1.0,1
"G[0,1](SMBGperDayPtMeterCombo >= 1.122 & BGTestAvgNumPtRep >= 6.000)
",9999999.000,9999999.000,0.000,1.000,0.000,0,0,1,1,1,1,1,1,0.0,0.0,1.0,0.0,0.0,1.0,1
"G[0,2]((WeightKg >= 74.810 | bmi >= 24.342) -> UnitsInsBasalOrLongAct <= 12.507)
",9999999.000,9999999.000,0.000,1.000,0.000,0,0,1,1,1,1,1,1,0.0,0.0,1.0,0.0,0.0,1.0,1
"G[0,2](SMBGperDayPtMeterCombo >= 1.544 & BGTestAvgNumPtRep >= 6.000)
",9999999.000,9999999.000,0.000,1.000,0.000,0,0,1,1,1,1,1,1,0.0,0.0,1.0,0.0,0.0,1.0,1
"G[0,2]((WeightKg >= 72.346 | bmi >= 25.662) -> UnitsInsBasalOrLongAct <= 21.630)
",9999999.000,9999999.000,0.000,1.000,0.000,0,0,1,1,1,1,1,1,0.0,0.0,1.0,0.0,0.0,1.0,1
"G[0,1](WeightKg >= 71.620 & bmiPerc <= 0.914)
",9999999.000,9999999.000,0.000,1.000,0.000,0,0,0,2,2,0,0,2,0.0,0.0,0.0,0.0,0.0,1.0,1
"G[0,1](NumPumpBolusOrShortAct > 0.230 & Pt_SHFlg = 0.000)
",9999999.000,9999999.000,0.000,1.000,0.000,0,0,0,2,2,0,0,2,0.0,0.0,0.0,0.0,0.0,1.0,1
"G[0,2](diabDur <= 7.344 & Pt_SHFlg = 0.000)
",9999999.000,9999999.000,0.000,1.000,0.000,0,0,1,1,1,1,1,1,0.0,0.0,1.0,0.0,0.0,1.0,1
"G[0,2](((age <= 16.018 -> bmiZscore >= 1.320) | SMBGperDayPtMeterCombo <= 1.656) | Pt_ChildT1D <= 1.554)
",9999999.000,9999999.000,0.000,1.000,0.000,0,0,2,0,0,2,2,0,0.0,0.0,1.0,0.0,0.0,1.0,1
"G[0,0]((bmiPerc >= 0.888 -> LDL <= 58.055) & Pt_SHFlg >= 15.111)
",-57.334,-57.334,0.000,1.000,0.000,0,0,0,2,2,0,0,2,0.0,0.0,0.0,0.0,0.0,1.0,1
"G[1,1]((AlbCreatRat_mggNew <= 5.001 | NumPumpBolusOrShortAct <= 4.090) -> Triglyc >= 1.109)
",-5.001,-5.001,0.000,1.000,0.000,0,0,1,1,1,1,1,1,0.0,0.0,1.0,0.0,0.0,1.0,1
"G[1,2](bmiZscore >= 1.300 -> HbA1cImputeDtMnC <= 23.705)
",9999999.000,9999999.000,0.000,1.000,0.000,0,0,2,0,0,2,2,0,0.0,0.0,1.0,0.0,0.0,1.0,1
"G[0,1](HbA1cImputeDtMnC <= 14.375 & HeightCm >= 169.668)
",9999999.000,9999999.000,0.000,1.000,0.000,0,0,0,2,2,0,0,2,0.0,0.0,0.0,0.0,0.0,1.0,1
"G[1,2](((AlbCreatRat_mggNew >= 2.544 -> HbA1c >= 9.874) | Pt_FatherT1D >= 9.900) -> bmiPerc >= 10.051)
",9999999.000,9999999.000,0.000,1.000,0.000,0,0,2,0,0,2,2,0,0.0,0.0,1.0,0.0,0.0,1.0,1
"G[1,2](((bmi >= 25.804 -> diabDur <= 7.524) -> UnitsInsBasalOrLongAct <= 7.840) -> AlbCreatRat_mggNew >= 6.712)
",9999999.000,9999999.000,0.000,1.000,0.000,0,0,1,1,1,1,1,1,0.0,0.0,1.0,0.0,0.0,1.0,1
"G[1,2]((bmi <= 28.885 & HbA1cImputeDtMnC >= 0.093) | Pt_FatherT1D <= 18.000)
",9999999.000,9999999.000,0.000,1.000,0.000,0,0,2,0,0,2,2,0,0.0,0.0,1.0,0.0,0.0,1.0,1
"G[2,2](BGTestAvgNumMeter >= 1.673 -> bmiPerc <= 0.919)
",-0.919,-0.919,0.000,1.000,0.000,0,0,2,0,0,2,2,0,0.0,0.0,1.0,0.0,0.0,1.0,1
"G[0,2]((TSH <= 0.641 -> WeightKg <= 83.140) & BGTestAvgNumPtRep >= 72.106)
",9999999.000,9999999.000,0.000,1.000,0.000,0,0,0,2,2,0,0,2,0.0,0.0,0.0,0.0,0.0,1.0,1
"G[0,1]((BGTestAvgNumMeter <= 4.486 | bmiZscore >= 1.355) & bmi <= 1.686)
",9999999.000,9999999.000,0.000,1.000,0.000,0,0,0,2,2,0,0,2,0.0,0.0,0.0,0.0,0.0,1.0,1
"G[2,2](Pt_ChildT1D <= 0.000 & Pt_SHFlg = 0.000)
",0.000,0.000,0.000,1.000,0.000,0,0,2,0,0,2,2,0,0.0,0.0,1.0,0.0,0.0,1.0,1
"G[1,1](((BGTestAvgNumMeter >= 0.450 -> HDL >= 20.047) | Pt_A1cGoalLev >= 18.490) -> TotalDailyInsPerKg >= 11.439)
",-0.450,-0.450,0.000,1.000,0.000,0,0,1,1,1,1,1,1,0.0,0.0,1.0,0.0,0.0,1.0,1
"G[0,0](BUN >= 2.284 & HbA1c <= 10.659)
",9.119,9.119,0.000,1.000,0.000,0,0,0,2,2,0,0,2,0.0,0.0,0.0,0.0,0.0,1.0,1
"G[1,2](Pt_SHFlg <= 0.000 & Pt_SiblingT1D <= 0.000)
",9999999.000,9999999.000,0.000,1.000,0.000,0,0,2,0,0,2,2,0,0.0,0.0,1.0,0.0,0.0,1.0,1
"G[0,2]((Pt_DKAFlg >= 0.013 -> bmiZscore >= 1.278) -> Pt_MotherT1D <= 1.457)
",9999999.000,9999999.000,0.000,1.000,0.000,0,0,2,0,0,2,2,0,0.0,0.0,1.0,0.0,0.0,1.0,1
"F[2,2](((Pt_A1cGoalLev <= 4.784 -> bmiPerc <= 0.939) | WeightKg <= 0.916) & LDL <= 0.947)
",0.916,0.916,0.000,0.000,1.000,0,0,0,2,2,0,0,2,0.0,0.0,0.0,0.0,0.0,1.0,-1
"G[2,2]((Triglyc >= 5.653 & TotalDailyInsPerKg <= 0.564) | age <= 0.836)
",0.836,0.836,0.000,1.000,0.000,0,0,2,0,0,2,2,0,0.0,0.0,1.0,0.0,0.0,1.0,1
"G[0,2]((Pt_GrandparentT1D >= 0.000 | TSH >= 0.078) -> Pt_DKAFlg >= 0.051)
",9999999.000,9999999.000,0.000,1.000,0.000,0,0,0,2,2,0,0,2,0.0,0.0,0.0,0.0,0.0,1.0,1
"G[0,1](((HeightCm <= 171.023 | UnitsInsBasalOrLongAct >= 7.856) & Pt_GrandparentT1D >= 7.471) & diagAgeCombo <= 11.233)
",9999999.000,9999999.000,0.000,1.000,0.000,0,0,0,2,2,0,0,2,0.0,0.0,0.0,0.0,0.0,1.0,1
"G[0,1]((NumPumpBolusOrShortAct <= 5.593 & BldPrSys >= 120.895) & Pt_InsGov <= 128.173)
",9999999.000,9999999.000,0.000,1.000,0.000,0,0,1,1,1,1,1,1,0.0,0.0,1.0,0.0,0.0,1.0,1
"G[0,0]((NumPumpBolusOrShortAct >= 1.296 -> BldPrDia >= 72.353) & Pt_GrandchildT1D >= 72.718)
",-72.718,-72.718,0.000,1.000,0.000,0,0,0,2,2,0,0,2,0.0,0.0,0.0,0.0,0.0,1.0,1
"G[0,2](NumPumpBolusOrShortAct <= 3.118 & NumPumpBolusOrShortAct >= 0.341)
",9999999.000,9999999.000,0.000,1.000,0.000,0,0,0,2,2,0,0,2,0.0,0.0,0.0,0.0,0.0,1.0,1
"G[1,2](HbA1cImputeDtMnC <= 20.187 & HbA1cImputeDtMnC >= 2.951)
",9999999.000,9999999.000,0.000,1.000,0.000,0,0,2,0,0,2,2,0,0.0,0.0,1.0,0.0,0.0,1.0,1
"G[0,2](TotalDailyInsPerKg >= 0.457 -> TSH >= 0.393)
",9999999.000,9999999.000,0.000,1.000,0.000,0,0,1,1,1,1,1,1,0.0,0.0,1.0,0.0,0.0,1.0,1
"G[1,2](((bmiPerc <= 0.951 -> Pt_FatherT1D >= 0.000) & bmiPerc <= 0.000) -> TotChol >= 0.000)
",9999999.000,9999999.000,0.000,1.000,0.000,0,0,2,0,0,2,2,0,0.0,0.0,1.0,0.0,0.0,1.0,1
"G[1,2](((BldPrDia >= 74.356 -> LDL <= 81.470) | Pt_InsGov <= 118.592) & DirectLDL >= 38.947)
",9999999.000,9999999.000,0.000,1.000,0.000,0,0,1,1,1,1,1,1,0.0,0.0,1.0,0.0,0.0,1.0,1
"G[0,2](((TSH >= 0.042 & NumPumpBolusOrShortAct >= 0.392) | bmi >= 1.196) -> Pt_FatherT1D >= 0.368)
",9999999.000,9999999.000,0.000,1.000,0.000,0,0,0,2,2,0,0,2,0.0,0.0,0.0,0.0,0.0,1.0,1
"G[2,2]((Pt_FatherT1D <= 0.000 & Triglyc >= 13.738) -> WeightKg <= 90.323)
",-90.323,-90.323,0.000,1.000,0.000,0,0,2,0,0,2,2,0,0.0,0.0,1.0,0.0,0.0,1.0,1
"G[0,2]((diabDur >= 6.159 & Pt_FatherT1D <= 0.000) & HbA1c <= 0.000)
",9999999.000,9999999.000,0.000,1.000,0.000,0,0,0,2,2,0,0,2,0.0,0.0,0.0,0.0,0.0,1.0,1
"G[2,2](WeightKg <= 78.735 -> AutonomicNeuroCl >= 0.000)
",-78.735,-78.735,0.000,1.000,0.000,0,0,2,0,0,2,2,0,0.0,0.0,1.0,0.0,0.0,1.0,1
"G[1,1]((GFR <= 0.000 -> BGTestAvgNumPtRep <= 6.000) -> HeightCm <= 6.000)
",-6.000,-6.000,0.000,1.000,0.000,0,0,1,1,1,1,1,1,0.0,0.0,1.0,0.0,0.0,1.0,1
"G[0,2]((Pt_A1cGoalLevelDsYr5 <= 0.000 | WeightKg <= 79.190) -> Pt_SiblingT1D >= 72.333)
",9999999.000,9999999.000,0.000,1.000,0.000,0,0,0,2,2,0,0,2,0.0,0.0,0.0,0.0,0.0,1.0,1
"G[0,2]((Pt_A1cGoalLev <= 6.847 & BldPrDia >= 73.447) -> BUN >= 72.061)
",9999999.000,9999999.000,0.000,1.000,0.000,0,0,0,2,2,0,0,2,0.0,0.0,0.0,0.0,0.0,1.0,1
"G[0,2]((LDL >= 2.158 -> Pt_GrandparentT1D >= 0.000) & HbA1cImputeDtMnC <= 0.000)
",9999999.000,9999999.000,0.000,1.000,0.000,0,0,0,2,2,0,0,2,0.0,0.0,0.0,0.0,0.0,1.0,1
"G[1,2](UnitsInsBasalOrLongAct <= 17.367 -> Pt_SHFlg >= 0.000)
",9999999.000,9999999.000,0.000,1.000,0.000,0,0,2,0,0,2,2,0,0.0,0.0,1.0,0.0,0.0,1.0,1
"G[2,2](AlbCreatRat_mggNew <= 4.478 | BUN <= 6.551)
",6.551,6.551,0.000,1.000,0.000,0,0,2,0,0,2,2,0,0.0,0.0,1.0,0.0,0.0,1.0,1
"G[2,2]((GFR <= 0.000 | Pt_FatherT1D <= 0.000) & HbA1c <= 0.000)
",0.000,0.000,0.000,1.000,0.000,0,0,2,0,0,2,2,0,0.0,0.0,1.0,0.0,0.0,1.0,1
"G[2,2](LDL >= 32.242 & HbA1c >= 10.138)
",-32.242,-32.242,0.000,1.000,0.000,0,0,2,0,0,2,2,0,0.0,0.0,1.0,0.0,0.0,1.0,1
"G[0,1]((GFR <= 0.000 -> Pt_FatherT1D >= 0.000) -> bmi <= 0.000)
",9999999.000,9999999.000,0.000,1.000,0.000,0,0,0,2,2,0,0,2,0.0,0.0,0.0,0.0,0.0,1.0,1
"G[0,2](((DirectLDL >= 0.000 & Pt_CGMUseNumDays >= 0.000) -> HeightCm >= 0.000) -> DirectLDL >= 0.000)
",9999999.000,9999999.000,0.000,1.000,0.000,0,0,2,0,0,2,2,0,0.0,0.0,1.0,0.0,0.0,1.0,1
"G[0,1](TotalDailyInsPerKg >= 0.128 & TotChol >= 171.879)
",9999999.000,9999999.000,0.000,1.000,0.000,0,0,1,1,1,1,1,1,0.0,0.0,1.0,0.0,0.0,1.0,1
"G[0,2]((Pt_GrandchildT1D <= 0.000 & TotChol <= 200.852) -> Pt_GrandchildT1D <= 191.470)
",9999999.000,9999999.000,0.000,1.000,0.000,0,0,2,0,0,2,2,0,0.0,0.0,1.0,0.0,0.0,1.0,1
"G[2,2](TotalDailyInsPerKg <= 0.894 & TotalDailyInsPerKg <= 0.774)
",0.774,0.774,0.000,1.000,0.000,0,0,2,0,0,2,2,0,0.0,0.0,1.0,0.0,0.0,1.0,1
"G[0,2](((diagAgeCombo >= 8.000 | bmiPerc <= 0.936) & GFR <= 0.958) -> HbA1c <= 0.949)
",9999999.000,9999999.000,0.000,1.000,0.000,0,0,0,2,2,0,0,2,0.0,0.0,0.0,0.0,0.0,1.0,1
"G[1,2](Pt_FatherT1D >= 0.000 | AlbCreatRat_mggNew >= 3.382)
",9999999.000,9999999.000,0.000,1.000,0.000,0,0,2,0,0,2,2,0,0.0,0.0,1.0,0.0,0.0,1.0,1
"G[1,1](TSH >= 0.512 & Pt_ChildT1D >= 0.000)
",-0.512,-0.512,0.000,1.000,0.000,0,0,1,1,1,1,1,1,0.0,0.0,1.0,0.0,0.0,1.0,1
"G[1,2](((TotalDailyInsPerKg <= 0.639 & diabDur <= 7.847) & Pt_SHFlg >= 6.644) & age <= 7.246)
",9999999.000,9999999.000,0.000,1.000,0.000,0,0,1,1,1,1,1,1,0.0,0.0,1.0,0.0,0.0,1.0,1
"G[2,2](((WeightKg <= 83.409 & Pt_GrandchildT1D >= 0.000) & NumPumpBolusOrShortAct >= 0.000) | Pt_A1cGoalLevelDsYr5 >= 0.000)
",0.000,0.000,0.000,1.000,0.000,0,0,2,0,0,2,2,0,0.0,0.0,1.0,0.0,0.0,1.0,1
"G[1,2](((BGTestAvgNumPtRep >= 6.000 -> BGTestAvgNumPtRep <= 6.000) | BGTestAvgNumMeter >= 6.000) -> HDL >= 6.000)
",9999999.000,9999999.000,0.000,1.000,0.000,0,0,1,1,1,1,1,1,0.0,0.0,1.0,0.0,0.0,1.0,1
"G[1,1](((SMBGperDayPtMeterCombo <= 5.750 & age <= 16.167) -> Pt_CGMUseNumDays <= 16.210) -> Pt_ChildT1D >= 15.630)
",15.630,15.630,0.000,1.000,0.000,0,0,1,1,1,1,1,1,0.0,0.0,1.0,0.0,0.0,1.0,1
"G[1,2](((BGTestAvgNumMeter <= 4.339 & bmiPerc <= 0.920) -> SMBGperDayPtMeterCombo >= 0.899) & HbA1c >= 0.910)
",9999999.000,9999999.000,0.000,1.000,0.000,0,0,2,0,0,2,2,0,0.0,0.0,1.0,0.0,0.0,1.0,1
"G[0,2](diabDur <= 7.959 -> Pt_SiblingT1D >= 0.000)
",9999999.000,9999999.000,0.000,1.000,0.000,0,0,2,0,0,2,2,0,0.0,0.0,1.0,0.0,0.0,1.0,1
"G[0,2]((BGTestAvgNumMeter >= 0.606 | SMBGperDayPtMeterCombo >= 3.147) | AlbCreatRat_mggNew <= 5.033)
",9999999.000,9999999.000,0.000,1.000,0.000,0,0,2,0,0,2,2,0,0.0,0.0,1.0,0.0,0.0,1.0,1
"G[0,2]((Pt_InsGov >= 0.000 & WeightKg >= 73.105) -> BGTestAvgNumMeter <= 76.610)
",9999999.000,9999999.000,0.000,1.000,0.000,0,0,2,0,0,2,2,0,0.0,0.0,1.0,0.0,0.0,1.0,1
"G[1,1]((TotalDailyInsPerKg <= 0.823 & BldPrSys <= 130.434) & TotalDailyInsPerKg >= 123.378)
",-123.378,-123.378,0.000,1.000,0.000,0,0,1,1,1,1,1,1,0.0,0.0,1.0,0.0,0.0,1.0,1
"G[1,2](BldPrSys >= 125.849 & BldPrDia >= 72.686)
",9999999.000,9999999.000,0.000,1.000,0.000,0,0,1,1,1,1,1,1,0.0,0.0,1.0,0.0,0.0,1.0,1
"G[0,1](Pt_SiblingT1D <= 0.000 -> AlbCreatRat_mggNew >= 3.155)
",9999999.000,9999999.000,0.000,1.000,0.000,0,0,1,1,1,1,1,1,0.0,0.0,1.0,0.0,0.0,1.0,1
"G[1,2](BldPrDia >= 72.594 | diabDur <= 7.078)
",9999999.000,9999999.000,0.000,1.000,0.000,0,0,2,0,0,2,2,0,0.0,0.0,1.0,0.0,0.0,1.0,1
"G[1,2]((Pt_A1cGoalLevelDsYr5 >= 0.000 -> BldPrDia <= 77.130) & BGTestAvgNumPtRep <= 76.515)
",9999999.000,9999999.000,0.000,1.000,0.000,0,0,2,0,0,2,2,0,0.0,0.0,1.0,0.0,0.0,1.0,1
"G[0,1]((diagAgeCombo >= 8.000 -> Pt_A1cGoalLev >= 2.263) -> diabDur <= 6.694)
",9999999.000,9999999.000,0.000,1.000,0.000,0,0,1,1,1,1,1,1,0.0,0.0,1.0,0.0,0.0,1.0,1
"G[1,2]((diabDur >= 6.598 & Pt_GrandparentT1D <= 0.000) | BGTestAvgNumMeter >= 0.000)
",9999999.000,9999999.000,0.000,1.000,0.000,0,0,2,0,0,2,2,0,0.0,0.0,1.0,0.0,0.0,1.0,1
"G[0,2](((BldPrDia >= 72.416 | Pt_ChildT1D >= 0.000) -> bmiZscore >= 0.000) -> TSH >= 0.000)
",9999999.000,9999999.000,0.000,1.000,0.000,0,0,2,0,0,2,2,0,0.0,0.0,1.0,0.0,0.0,1.0,1
"G[0,2]((Pt_DKAFlg <= 0.939 & BldPrDia <= 77.488) | Pt_SiblingT1D >= 72.366)
",9999999.000,9999999.000,0.000,1.000,0.000,0,0,0,2,2,0,0,2,0.0,0.0,0.0,0.0,0.0,1.0,1
"G[0,1](Pt_GrandparentT1D >= 0.000 -> WeightKg >= 73.252)
",9999999.000,9999999.000,0.000,1.000,0.000,0,0,1,1,1,1,1,1,0.0,0.0,1.0,0.0,0.0,1.0,1
"G[0,2]((Pt_GrandchildT1D <= 0.000 & Pt_InsGov <= 0.000) & Pt_A1cGoalLev <= 0.000)
",9999999.000,9999999.000,0.000,1.000,0.000,0,0,1,1,1,1,1,1,0.0,0.0,1.0,0.0,0.0,1.0,1
"G[0,2](Pt_SHFlg >= 0.000 -> BUN >= 1.996)
",9999999.000,9999999.000,0.000,1.000,0.000,0,0,0,2,2,0,0,2,0.0,0.0,0.0,0.0,0.0,1.0,1
"G[0,1](((BGTestAvgNumMeter >= 1.856 | BUN <= 6.580) | TotalDailyInsPerKg <= 7.867) -> age <= 8.243)
",9999999.000,9999999.000,0.000,1.000,0.000,0,0,0,2,2,0,0,2,0.0,0.0,0.0,0.0,0.0,1.0,1
"G[0,2](((HbA1cImputeDtMnC >= 11.223 | SMBGperDayPtMeterCombo <= 4.213) | Pt_SHFlg >= 1.651) -> Pt_GrandparentT1D >= 2.275)
",9999999.000,9999999.000,0.000,1.000,0.000,0,0,0,2,2,0,0,2,0.0,0.0,0.0,0.0,0.0,1.0,1
"G[1,2](((WeightKg >= 72.254 & Pt_CGMUseNumDays <= 0.000) -> Pt_MotherT1D <= 0.000) | BldPrDia <= 0.000)
",9999999.000,9999999.000,0.000,1.000,0.000,0,0,2,0,0,2,2,0,0.0,0.0,1.0,0.0,0.0,1.0,1
"G[1,1](((DirectLDL <= 0.000 | HeightCm <= 170.871) -> diabDur >= 170.477) | bmiZscore >= 170.255)
",-170.255,-170.255,0.000,1.000,0.000,0,0,1,1,1,1,1,1,0.0,0.0,1.0,0.0,0.0,1.0,1
"G[1,2]((Pt_GrandparentT1D <= 0.000 -> bmiPerc >= 0.893) & BUN >= 0.888)
",9999999.000,9999999.000,0.000,1.000,0.000,0,0,1,1,1,1,1,1,0.0,0.0,1.0,0.0,0.0,1.0,1
"G[0,1]((Pt_GrandchildT1D <= 0.000 -> Pt_ChildT1D <= 0.000) & NumPumpBolusOrShortAct <= 0.000)
",9999999.000,9999999.000,0.000,1.000,0.000,0,0,1,1,1,1,1,1,0.0,0.0,1.0,0.0,0.0,1.0,1
"G[1,2](((Pt_GrandparentT1D >= 0.000 & HDL <= 55.593) | HbA1cImputeDtMnC >= 19.480) | NumPumpBolusOrShortAct <= 35.438)
",9999999.000,9999999.000,0.000,1.000,0.000,0,0,2,0,0,2,2,0,0.0,0.0,1.0,0.0,0.0,1.0,1
"G[1,2](GFR <= 0.000 -> BUN >= 0.053)
",9999999.000,9999999.000,0.000,1.000,0.000,0,0,1,1,1,1,1,1,0.0,0.0,1.0,0.0,0.0,1.0,1
"G[2,2]((WeightKg >= 70.089 | bmi >= 24.748) -> UnitsInsBasalOrLongAct <= 23.241)
",-23.241,-23.241,0.000,1.000,0.000,0,0,2,0,0,2,2,0,0.0,0.0,1.0,0.0,0.0,1.0,1
"G[0,2](SMBGperDayPtMeterCombo >= 1.915 & BGTestAvgNumPtRep >= 6.000)
",9999999.000,9999999.000,0.000,1.000,0.000,0,0,1,1,1,1,1,1,0.0,0.0,1.0,0.0,0.0,1.0,1
"((Pt_ChildT1D >= 0.000) U[0,0] (AutonomicNeuroCl >= 0.000))
",9.800,9.800,0.000,0.000,1.000,0,0,0,2,2,0,0,2,0.0,0.0,0.0,0.0,0.0,1.0,-1
"F[1,2]((Pt_ChildT1D >= 0.000 & Triglyc <= 69.108) | UnitsInsBasalOrLongAct <= 74.680)
",-9999999.000,-9999999.000,0.000,0.000,1.000,0,0,0,2,2,0,0,2,0.0,0.0,0.0,0.0,0.0,1.0,-1
"F[0,2](((WeightKg <= 78.811 -> TotChol >= 181.851) -> diagAgeCombo <= 201.530) -> HbA1c >= 175.407)
",-9999999.000,-9999999.000,0.000,0.000,1.000,0,0,0,2,2,0,0,2,0.0,0.0,0.0,0.0,0.0,1.0,-1
"F[1,2](((Pt_A1cGoalLev >= 2.505 | Pt_GrandchildT1D >= 0.000) & Pt_CGMUseNumDays >= 0.000) | BGTestAvgNumMeter <= 0.000)
",-9999999.000,-9999999.000,0.000,0.000,1.000,0,0,0,2,2,0,0,2,0.0,0.0,0.0,0.0,0.0,1.0,-1
"F[1,2]((BGTestAvgNumMeter >= 0.402 -> NumPumpBolusOrShortAct <= 3.546) | TotalDailyInsPerKg >= 0.502)
",-9999999.000,-9999999.000,0.000,0.000,1.000,0,0,0,2,2,0,0,2,0.0,0.0,0.0,0.0,0.0,1.0,-1
"((Pt_A1cGoalLevelDsYr5 <= 0.000) U[1,2] (Pt_MotherT1D >= 0.000))
",-9999999.000,-9999999.000,0.000,0.000,1.000,0,0,0,2,2,0,0,2,0.0,0.0,0.0,0.0,0.0,1.0,-1
"F[2,2]((BldPrSys >= 127.389 | UnitsInsBasalOrLongAct >= 8.042) -> diabDur >= 5.145)
",5.145,5.145,0.000,0.000,1.000,0,0,0,2,2,0,0,2,0.0,0.0,0.0,0.0,0.0,1.0,-1
"F[2,2](((BldPrSys <= 132.872 -> TotalDailyInsPerKg >= 0.042) & Pt_SHFlg <= 0.561) & BGTestAvgNumMeter <= 0.770)
",-132.872,-132.872,0.000,0.000,1.000,0,0,0,2,2,0,0,2,0.0,0.0,0.0,0.0,0.0,1.0,-1
"F[2,2]((Triglyc <= 69.588 & BUN <= 9.295) & BUN <= 8.992)
",8.992,8.992,0.000,0.000,1.000,0,0,0,2,2,0,0,2,0.0,0.0,0.0,0.0,0.0,1.0,-1
"F[2,2](((Pt_InsGov >= 0.000 | Pt_GrandparentT1D >= 0.000) & BUN >= 0.000) & bmiPerc >= 0.000)
",0.000,0.000,0.000,0.000,1.000,0,0,0,2,2,0,0,2,0.0,0.0,0.0,0.0,0.0,1.0,-1
"F[0,1](((Pt_InsGov >= 0.000 & bmi >= 25.711) | Pt_DKAFlg >= 25.126) -> bmiZscore <= 27.908)
",-9999999.000,-9999999.000,0.000,0.000,1.000,0,0,0,2,2,0,0,2,0.0,0.0,0.0,0.0,0.0,1.0,-1
"((Pt_GrandparentT1D <= 0.000) U[0,2] (Pt_CGMUseNumDays >= 0.000))
",-9999999.000,-9999999.000,0.000,0.000,1.000,0,0,0,2,2,0,0,2,0.0,0.0,0.0,0.0,0.0,1.0,-1
"((bmiPerc <= 0.922) U[1,2] (HbA1cImputeDtMnC <= 17.306))
",-9999999.000,-9999999.000,0.000,0.000,1.000,0,0,0,2,2,0,0,2,0.0,0.0,0.0,0.0,0.0,1.0,-1
"F[0,1](((Pt_DKAFlg >= 0.120 & Pt_ChildT1D <= 0.000) -> BGTestAvgNumMeter >= 0.000) -> AutonomicNeuroCl >= 0.000)
",-9999999.000,-9999999.000,0.000,0.000,1.000,0,0,0,2,2,0,0,2,0.0,0.0,0.0,0.0,0.0,1.0,-1
"F[0,1](DirectLDL <= 0.000 | Triglyc <= 64.761)
",-9999999.000,-9999999.000,0.000,0.000,1.000,0,0,0,2,2,0,0,2,0.0,0.0,0.0,0.0,0.0,1.0,-1
"F[1,2](GFR <= 0.000 -> UnitsInsBasalOrLongAct <= 16.784)
",-9999999.000,-9999999.000,0.000,0.000,1.000,0,0,0,2,2,0,0,2,0.0,0.0,0.0,0.0,0.0,1.0,-1
"F[1,1](((Pt_DKAFlg <= 0.749 -> AutonomicNeuroCl <= 0.000) & AlbCreatRat_mggNew >= 0.000) & HDL <= 0.000)
",-0.749,-0.749,0.000,0.000,1.000,0,0,0,2,2,0,0,2,0.0,0.0,0.0,0.0,0.0,1.0,-1
"F[0,0](((AutonomicNeuroCl >= 0.000 | BUN >= 2.939) -> Pt_SiblingT1D >= 1.536) -> NumPumpBolusOrShortAct >= 0.418)
",0.418,0.418,0.000,0.000,1.000,0,0,0,2,2,0,0,2,0.0,0.0,0.0,0.0,0.0,1.0,-1
"G[0,2](((bmi <= 28.239 | Pt_CGMUseNumDays <= 0.000) -> Pt_SHFlg <= 0.000) -> HeightCm >= 0.000)
",9999999.000,9999999.000,0.000,1.000,0.000,0,0,2,0,0,2,2,0,0.0,0.0,1.0,0.0,0.0,1.0,1
"G[0,2](((HDL >= 0.489 -> SMBGperDayPtMeterCombo <= 5.465) -> Pt_FatherT1D <= 4.392) -> age <= 4.614)
",9999999.000,9999999.000,0.000,1.000,0.000,0,0,0,2,2,0,0,2,0.0,0.0,0.0,0.0,0.0,1.0,1
"G[1,2]((BGTestAvgNumMeter <= 2.048 | NumPumpBolusOrShortAct <= 4.424) & bmiZscore >= 1.859)
",9999999.000,9999999.000,0.000,1.000,0.000,0,0,1,1,1,1,1,1,0.0,0.0,1.0,0.0,0.0,1.0,1
"G[0,2]((diabDur <= 7.125 -> TotChol <= 201.292) & Pt_CGMUseNumDays <= 202.093)
",9999999.000,9999999.000,0.000,1.000,0.000,0,0,2,0,0,2,2,0,0.0,0.0,1.0,0.0,0.0,1.0,1
"G[1,1]((bmi <= 27.024 -> Pt_A1cGoalLev >= 1.222) -> BldPrSys <= 3.393)
",-3.393,-3.393,0.000,1.000,0.000,0,0,1,1,1,1,1,1,0.0,0.0,1.0,0.0,0.0,1.0,1
"G[1,2]((bmiZscore <= 1.653 | SMBGperDayPtMeterCombo >= 2.651) | WeightKg >= 1.260)
",9999999.000,9999999.000,0.000,1.000,0.000,0,0,2,0,0,2,2,0,0.0,0.0,1.0,0.0,0.0,1.0,1
"G[2,2](HbA1c <= 10.972 -> UnitsInsBasalOrLongAct <= 21.292)
",-21.292,-21.292,0.000,1.000,0.000,0,0,2,0,0,2,2,0,0.0,0.0,1.0,0.0,0.0,1.0,1
"G[1,2](((bmi >= 25.201 -> SMBGperDayPtMeterCombo <= 4.353) -> bmiZscore >= 2.363) -> Pt_DKAFlg >= 1.846)
",9999999.000,9999999.000,0.000,1.000,0.000,0,0,2,0,0,2,2,0,0.0,0.0,1.0,0.0,0.0,1.0,1
"G[0,2](((LDL <= 92.368 -> NumPumpBolusOrShortAct <= 2.133) | TSH <= 3.406) & Pt_DKAFlg <= 3.362)
",9999999.000,9999999.000,0.000,1.000,0.000,0,0,2,0,0,2,2,0,0.0,0.0,1.0,0.0,0.0,1.0,1
"F[0,1]((HeightCm <= 170.571 & TotChol >= 187.389) -> diagAgeCombo >= 186.595)
",-9999999.000,-9999999.000,0.000,0.000,1.000,0,0,0,2,2,0,0,2,0.0,0.0,0.0,0.0,0.0,1.0,-1
"F[0,0]((UnitsInsBasalOrLongAct <= 20.786 | BldPrDia <= 76.689) | bmiZscore <= 77.204)
",76.244,76.244,0.000,0.000,1.000,0,0,0,2,2,0,0,2,0.0,0.0,0.0,0.0,0.0,1.0,-1
"G[0,1](SMBGperDayPtMeterCombo >= 1.093 & BGTestAvgNumPtRep >= 6.000)
",9999999.000,9999999.000,0.000,1.000,0.000,0,0,1,1,1,1,1,1,0.0,0.0,1.0,0.0,0.0,1.0,1
"F[0,1](TSH >= 0.338 | NumPumpBolusOrShortAct <= 5.150)
",-9999999.000,-9999999.000,0.000,0.000,1.000,0,0,0,2,2,0,0,2,0.0,0.0,0.0,0.0,0.0,1.0,-1
"F[0,1](DirectLDL >= 0.000 -> diagAgeCombo <= 8.000)
",-9999999.000,-9999999.000,0.000,0.000,1.000,0,0,0,2,2,0,0,2,0.0,0.0,0.0,0.0,0.0,1.0,-1
"((TotalDailyInsPerKg >= 0.238) U[1,2] (bmi <= 28.522))
",-9999999.000,-9999999.000,0.000,0.000,1.000,0,0,0,2,2,0,0,2,0.0,0.0,0.0,0.0,0.0,1.0,-1
"F[0,1](((Pt_A1cGoalLev <= 3.238 | BGTestAvgNumMeter >= 1.963) | Pt_MotherT1D >= 1.490) | bmiZscore >= 0.318)
",-9999999.000,-9999999.000,0.000,0.000,1.000,0,0,0,2,2,0,0,2,0.0,0.0,0.0,0.0,0.0,1.0,-1
"F[0,1](bmiPerc >= 0.889 -> BGTestAvgNumMeter >= 1.460)
",-9999999.000,-9999999.000,0.000,0.000,1.000,0,0,0,2,2,0,0,2,0.0,0.0,0.0,0.0,0.0,1.0,-1
"F[2,2](((Pt_ChildT1D >= 0.000 & Pt_InsGov <= 0.000) | UnitsInsBasalOrLongAct >= 0.000) -> Pt_CGMUseNumDays <= 0.000)
",0.000,0.000,0.000,0.000,1.000,0,0,0,2,2,0,0,2,0.0,0.0,0.0,0.0,0.0,1.0,-1
"F[2,2](bmi <= 27.643 & TotalDailyInsPerKg <= 0.726)
",0.726,0.726,0.000,0.000,1.000,0,0,0,2,2,0,0,2,0.0,0.0,0.0,0.0,0.0,1.0,-1
"F[0,2](((Pt_GrandchildT1D >= 0.000 -> LDL >= 27.492) | NumPumpBolusOrShortAct >= 25.036) -> HbA1c >= 33.138)
",-9999999.000,-9999999.000,0.000,0.000,1.000,0,0,0,2,2,0,0,2,0.0,0.0,0.0,0.0,0.0,1.0,-1
"((Pt_FatherT1D <= 0.000) U[0,1] (Pt_GrandchildT1D >= 0.000))
",-9999999.000,-9999999.000,0.000,0.000,1.000,0,0,0,2,2,0,0,2,0.0,0.0,0.0,0.0,0.0,1.0,-1
"F[2,2](((BldPrSys >= 125.583 -> HbA1cImputeDtMnC >= 5.701) -> Pt_ChildT1D >= 0.990) -> AlbCreatRat_mggNew >= 0.892)
",0.892,0.892,0.000,0.000,1.000,0,0,0,2,2,0,0,2,0.0,0.0,0.0,0.0,0.0,1.0,-1
"F[1,2](BldPrSys >= 127.123 | Pt_SHFlg >= 0.000)
",-9999999.000,-9999999.000,0.000,0.000,1.000,0,0,0,2,2,0,0,2,0.0,0.0,0.0,0.0,0.0,1.0,-1
"F[0,2]((SMBGperDayPtMeterCombo <= 4.750 -> Triglyc <= 34.062) -> AutonomicNeuroCl <= 41.934)
",-9999999.000,-9999999.000,0.000,0.000,1.000,0,0,0,2,2,0,0,2,0.0,0.0,0.0,0.0,0.0,1.0,-1
"F[0,2]((HbA1c <= 10.278 | AutonomicNeuroCl >= 0.000) & HbA1c >= 0.000)
",-9999999.000,-9999999.000,0.000,0.000,1.000,0,0,0,2,2,0,0,2,0.0,0.0,0.0,0.0,0.0,1.0,-1
"F[1,2](((HbA1c <= 10.557 | diagAgeCombo >= 8.000) -> bmiPerc >= 8.000) -> Pt_GrandchildT1D <= 8.000)
",-9999999.000,-9999999.000,0.000,0.000,1.000,0,0,0,2,2,0,0,2,0.0,0.0,0.0,0.0,0.0,1.0,-1
"((bmiPerc <= 0.938) U[0,2] (Pt_FatherT1D <= 0.000))
",-9999999.000,-9999999.000,0.000,0.000,1.000,0,0,0,2,2,0,0,2,0.0,0.0,0.0,0.0,0.0,1.0,-1
"F[1,1](bmi >= 24.235 | Pt_A1cGoalLevelDsYr5 <= 0.000)
",0.000,0.000,0.000,0.000,1.000,0,0,0,2,2,0,0,2,0.0,0.0,0.0,0.0,0.0,1.0,-1
"F[0,1](AlbCreatRat_mggNew <= 4.698 -> TotChol <= 188.340)
",-9999999.000,-9999999.000,0.000,0.000,1.000,0,0,0,2,2,0,0,2,0.0,0.0,0.0,0.0,0.0,1.0,-1
"((BldPrDia <= 76.982) U[0,1] (BUN >= 2.269))
",-9999999.000,-9999999.000,0.000,0.000,1.000,0,0,0,2,2,0,0,2,0.0,0.0,0.0,0.0,0.0,1.0,-1
"F[2,2]((Pt_DKAFlg >= 0.250 -> bmiZscore <= 1.666) & BldPrSys <= 1.574)
",-1.666,-1.666,0.000,0.000,1.000,0,0,0,2,2,0,0,2,0.0,0.0,0.0,0.0,0.0,1.0,-1
"F[1,1]((GFR <= 0.000 & Triglyc >= 25.399) -> diagAgeCombo >= 16.086)
",16.086,16.086,0.000,0.000,1.000,0,0,0,2,2,0,0,2,0.0,0.0,0.0,0.0,0.0,1.0,-1
"((WeightKg >= 73.694) U[0,0] (DirectLDL >= 0.000))
",171.100,171.100,0.000,0.000,1.000,0,0,0,2,2,0,0,2,0.0,0.0,0.0,0.0,0.0,1.0,-1
"F[0,2](HbA1cImputeDtMnC >= 8.319 | HbA1c <= 10.213)
",-9999999.000,-9999999.000,0.000,0.000,1.000,0,0,0,2,2,0,0,2,0.0,0.0,0.0,0.0,0.0,1.0,-1
"F[2,2](SMBGperDayPtMeterCombo <= 5.431 -> diabDur <= 7.932)
",-7.932,-7.932,0.000,0.000,1.000,0,0,0,2,2,0,0,2,0.0,0.0,0.0,0.0,0.0,1.0,-1
"F[2,2](((Pt_GrandchildT1D >= 0.000 -> TotChol >= 172.703) -> HbA1cImputeDtMnC >= 174.455) -> AlbCreatRat_mggNew >= 170.995)
",0.000,0.000,0.000,0.000,1.000,0,0,0,2,2,0,0,2,0.0,0.0,0.0,0.0,0.0,1.0,-1
"F[0,2]((Pt_ChildT1D <= 0.000 -> TSH <= 0.690) & Pt_InsGov <= 0.819)
",-9999999.000,-9999999.000,0.000,0.000,1.000,0,0,0,2,2,0,0,2,0.0,0.0,0.0,0.0,0.0,1.0,-1
"F[2,2](((DirectLDL >= 0.000 & bmi >= 25.238) -> age <= 26.238) | Pt_SHFlg >= 24.566)
",-24.566,-24.566,0.000,0.000,1.000,0,0,0,2,2,0,0,2,0.0,0.0,0.0,0.0,0.0,1.0,-1
"F[2,2](((Pt_FatherT1D >= 0.000 & Pt_CGMUseNumDays >= 0.000) | bmiZscore >= 0.000) -> bmiPerc <= 0.000)
",0.000,0.000,0.000,0.000,1.000,0,0,0,2,2,0,0,2,0.0,0.0,0.0,0.0,0.0,1.0,-1
"G[0,2](SMBGperDayPtMeterCombo <= 5.982 & WeightKg >= 70.041)
",9999999.000,9999999.000,0.000,1.000,0.000,0,0,1,1,1,1,1,1,0.0,0.0,1.0,0.0,0.0,1.0,1
"G[0,2]((HbA1c <= 10.829 | Pt_A1cGoalLev >= 0.657) & HbA1c >= 0.741)
",9999999.000,9999999.000,0.000,1.000,0.000,0,0,1,1,1,1,1,1,0.0,0.0,1.0,0.0,0.0,1.0,1
"G[1,2](HeightCm <= 170.864 | UnitsInsBasalOrLongAct <= 19.950)
",9999999.000,9999999.000,0.000,1.000,0.000,0,0,2,0,0,2,2,0,0.0,0.0,1.0,0.0,0.0,1.0,1
"G[1,2](BUN <= 5.744 -> HbA1cImputeDtMnC >= 5.281)
",9999999.000,9999999.000,0.000,1.000,0.000,0,0,2,0,0,2,2,0,0.0,0.0,1.0,0.0,0.0,1.0,1
"G[1,2](((diabDur >= 6.055 -> Triglyc >= 26.542) & BldPrDia <= 52.910) -> Pt_A1cGoalLevelDsYr5 >= 26.080)
",9999999.000,9999999.000,0.000,1.000,0.000,0,0,2,0,0,2,2,0,0.0,0.0,1.0,0.0,0.0,1.0,1
"G[0,2]((NumPumpBolusOrShortAct >= 1.686 -> Pt_MotherT1D >= 0.000) -> Triglyc <= 0.000)
",9999999.000,9999999.000,0.000,1.000,0.000,0,0,1,1,1,1,1,1,0.0,0.0,1.0,0.0,0.0,1.0,1
"G[1,2](Pt_ChildT1D <= 0.000 | Pt_GrandchildT1D <= 0.000)
",9999999.000,9999999.000,0.000,1.000,0.000,0,0,2,0,0,2,2,0,0.0,0.0,1.0,0.0,0.0,1.0,1
"G[0,2]((LDL >= 28.888 -> Pt_MotherT1D >= 0.000) | diabDur <= 0.000)
",9999999.000,9999999.000,0.000,1.000,0.000,0,0,2,0,0,2,2,0,0.0,0.0,1.0,0.0,0.0,1.0,1
"G[0,2](((Pt_SHFlg >= 0.000 | BldPrDia >= 73.304) -> diabDur >= 72.551) | WeightKg >= 74.532)
",9999999.000,9999999.000,0.000,1.000,0.000,0,0,1,1,1,1,1,1,0.0,0.0,1.0,0.0,0.0,1.0,1
"G[1,2]((SMBGperDayPtMeterCombo <= 4.976 -> diagAgeCombo <= 8.000) & diagAgeCombo >= 8.000)
",9999999.000,9999999.000,0.000,1.000,0.000,0,0,2,0,0,2,2,0,0.0,0.0,1.0,0.0,0.0,1.0,1
"G[2,2](TotChol >= 175.593 | Pt_GrandchildT1D <= 0.000)
",0.000,0.000,0.000,1.000,0.000,0,0,2,0,0,2,2,0,0.0,0.0,1.0,0.0,0.0,1.0,1
"G[0,2](((HbA1cImputeDtMnC <= 16.614 | Pt_A1cGoalLev <= 3.734) | WeightKg >= 0.136) | Pt_GrandchildT1D >= 0.904)
",9999999.000,9999999.000,0.000,1.000,0.000,0,0,2,0,0,2,2,0,0.0,0.0,1.0,0.0,0.0,1.0,1
"G[1,1](((BldPrDia <= 75.156 -> HbA1c >= 9.933) | HDL <= 10.499) -> HbA1c >= 9.875)
",-10.499,-10.499,0.000,1.000,0.000,0,0,1,1,1,1,1,1,0.0,0.0,1.0,0.0,0.0,1.0,1
"G[0,1]((bmi <= 27.336 -> TotalDailyInsPerKg <= 0.851) -> Pt_CGMUseNumDays >= 0.339)
",9999999.000,9999999.000,0.000,1.000,0.000,0,0,0,2,2,0,0,2,0.0,0.0,0.0,0.0,0.0,1.0,1
"G[0,1](Pt_DKAFlg >= 0.108 & SMBGperDayPtMeterCombo <= 4.810)
",9999999.000,9999999.000,0.000,1.000,0.000,0,0,0,2,2,0,0,2,0.0,0.0,0.0,0.0,0.0,1.0,1
"G[0,2](BldPrDia <= 76.028 & bmiPerc <= 0.949)
",9999999.000,9999999.000,0.000,1.000,0.000,0,0,1,1,1,1,1,1,0.0,0.0,1.0,0.0,0.0,1.0,1
"G[1,2]((BldPrDia >= 73.975 | Pt_A1cGoalLev >= 2.663) | BGTestAvgNumMeter >= 2.034)
",9999999.000,9999999.000,0.000,1.000,0.000,0,0,2,0,0,2,2,0,0.0,0.0,1.0,0.0,0.0,1.0,1
"G[1,2]((bmi >= 26.001 & NumPumpBolusOrShortAct <= 5.071) & Pt_SiblingT1D >= 1.387)
",9999999.000,9999999.000,0.000,1.000,0.000,0,0,1,1,1,1,1,1,0.0,0.0,1.0,0.0,0.0,1.0,1
"G[1,2](AlbCreatRat_mggNew <= 5.049 & Pt_SHFlg = 0.000)
",9999999.000,9999999.000,0.000,1.000,0.000,0,0,1,1,1,1,1,1,0.0,0.0,1.0,0.0,0.0,1.0,1
"G[1,2](HDL < 47.671 & Pt_SHFlg = 0.000)
",9999999.000,9999999.000,0.000,1.000,0.000,0,0,2,0,0,2,2,0,0.0,0.0,1.0,0.0,0.0,1.0,1
"G[0,2](DirectLDL < 0.000 -> Pt_SHFlg = 0.000)
",9999999.000,9999999.000,0.000,1.000,0.000,0,0,2,0,0,2,2,0,0.0,0.0,1.0,0.0,0.0,1.0,1
"G[1,2]((WeightKg >= 75.417 | bmi >= 24.433) -> UnitsInsBasalOrLongAct <= 19.175)
",9999999.000,9999999.000,0.000,1.000,0.000,0,0,2,0,0,2,2,0,0.0,0.0,1.0,0.0,0.0,1.0,1
"G[2,2](GFR <= 0.000 -> BUN >= 2.345)
",0.000,0.000,0.000,1.000,0.000,0,0,2,0,0,2,2,0,0.0,0.0,1.0,0.0,0.0,1.0,1
"G[0,2](GFR <= 0.000 -> BUN >= 3.438)
",9999999.000,9999999.000,0.000,1.000,0.000,0,0,0,2,2,0,0,2,0.0,0.0,0.0,0.0,0.0,1.0,1
"G[0,2](SMBGperDayPtMeterCombo >= 2.378 & BGTestAvgNumPtRep >= 6.000)
",9999999.000,9999999.000,0.000,1.000,0.000,0,0,1,1,1,1,1,1,0.0,0.0,1.0,0.0,0.0,1.0,1
"G[0,2]((WeightKg >= 74.801 | bmi >= 24.725) -> UnitsInsBasalOrLongAct <= 18.399)
",9999999.000,9999999.000,0.000,1.000,0.000,0,0,1,1,1,1,1,1,0.0,0.0,1.0,0.0,0.0,1.0,1
"G[0,2](GFR <= 0.000 -> BUN >= 0.094)
",9999999.000,9999999.000,0.000,1.000,0.000,0,0,0,2,2,0,0,2,0.0,0.0,0.0,0.0,0.0,1.0,1
"G[1,2]((WeightKg >= 75.833 | bmi >= 26.003) -> UnitsInsBasalOrLongAct <= 23.704)
",9999999.000,9999999.000,0.000,1.000,0.000,0,0,2,0,0,2,2,0,0.0,0.0,1.0,0.0,0.0,1.0,1
"G[0,2](GFR <= 0.000 -> BUN >= 3.236)
",9999999.000,9999999.000,0.000,1.000,0.000,0,0,0,2,2,0,0,2,0.0,0.0,0.0,0.0,0.0,1.0,1
"G[2,2](GFR >= 0.000 & Pt_SHFlg = 0.000)
",0.000,0.000,0.000,1.000,0.000,0,0,2,0,0,2,2,0,0.0,0.0,1.0,0.0,0.0,1.0,1
"G[2,2]((UnitsInsBasalOrLongAct >= 7.369 -> NumPumpBolusOrShortAct <= 4.982) & Pt_SHFlg >= 0.476)
",-4.982,-4.982,0.000,1.000,0.000,0,0,2,0,0,2,2,0,0.0,0.0,1.0,0.0,0.0,1.0,1
"G[1,2]((NumPumpBolusOrShortAct <= 5.884 -> Pt_MotherT1D <= 0.000) -> bmiPerc >= 0.000)
",9999999.000,9999999.000,0.000,1.000,0.000,0,0,2,0,0,2,2,0,0.0,0.0,1.0,0.0,0.0,1.0,1
"G[0,0](AlbCreatRat_mggNew >= 3.749 & HeightCm <= 170.796)
",-3.749,-3.749,0.000,1.000,0.000,0,0,0,2,2,0,0,2,0.0,0.0,0.0,0.0,0.0,1.0,1
"G[1,2](GFR <= 0.000 -> BUN >= 0.932)
",9999999.000,9999999.000,0.000,1.000,0.000,0,0,1,1,1,1,1,1,0.0,0.0,1.0,0.0,0.0,1.0,1
"G[1,1](((BGTestAvgNumMeter >= 0.385 -> Pt_A1cGoalLev >= 0.521) | BUN >= 1.175) & Pt_InsGov >= 1.939)
",-1.939,-1.939,0.000,1.000,0.000,0,0,1,1,1,1,1,1,0.0,0.0,1.0,0.0,0.0,1.0,1
"G[2,2](Pt_DKAFlg <= 0.974 | TotalDailyInsPerKg <= 0.879)
",0.974,0.974,0.000,1.000,0.000,0,0,2,0,0,2,2,0,0.0,0.0,1.0,0.0,0.0,1.0,1
"G[0,2](BUN <= 7.396 -> TotalDailyInsPerKg >= 0.187)
",9999999.000,9999999.000,0.000,1.000,0.000,0,0,1,1,1,1,1,1,0.0,0.0,1.0,0.0,0.0,1.0,1
"G[1,2](NumPumpBolusOrShortAct >= 1.423 | TotalDailyInsPerKg <= 0.762)
",9999999.000,9999999.000,0.000,1.000,0.000,0,0,2,0,0,2,2,0,0.0,0.0,1.0,0.0,0.0,1.0,1
"G[0,2](bmiPerc >= 0.886 & TotChol >= 180.227)
",9999999.000,9999999.000,0.000,1.000,0.000,0,0,1,1,1,1,1,1,0.0,0.0,1.0,0.0,0.0,1.0,1
"G[0,1](((HbA1cImputeDtMnC <= 18.262 -> SMBGperDayPtMeterCombo <= 5.690) & Triglyc >= 1.631) & Pt_GrandchildT1D <= 4.411)
",9999999.000,9999999.000,0.000,1.000,0.000,0,0,1,1,1,1,1,1,0.0,0.0,1.0,0.0,0.0,1.0,1
"G[1,2](((bmiZscore <= 1.718 & TotChol <= 200.218) | BldPrDia <= 201.646) & TotalDailyInsPerKg <= 200.171)
",9999999.000,9999999.000,0.000,1.000,0.000,0,0,2,0,0,2,2,0,0.0,0.0,1.0,0.0,0.0,1.0,1
"G[0,2]((TotChol <= 190.122 & TSH >= 0.005) | HeightCm <= 1.254)
",9999999.000,9999999.000,0.000,1.000,0.000,0,0,0,2,2,0,0,2,0.0,0.0,0.0,0.0,0.0,1.0,1
"G[0,2]((BldPrDia >= 72.363 & bmi >= 25.731) & HbA1c >= 24.566)
",9999999.000,9999999.000,0.000,1.000,0.000,0,0,0,2,2,0,0,2,0.0,0.0,0.0,0.0,0.0,1.0,1
"G[1,2]((BGTestAvgNumMeter <= 4.805 | HbA1cImputeDtMnC <= 17.253) & Pt_GrandchildT1D <= 18.743)
",9999999.000,9999999.000,0.000,1.000,0.000,0,0,2,0,0,2,2,0,0.0,0.0,1.0,0.0,0.0,1.0,1
"G[0,1](age <= 16.179 & HbA1c <= 10.885)
",9999999.000,9999999.000,0.000,1.000,0.000,0,0,0,2,2,0,0,2,0.0,0.0,0.0,0.0,0.0,1.0,1
"G[0,2](((BldPrSys >= 122.485 -> BUN <= 9.915) | BldPrDia <= 8.733) | Triglyc >= 1.407)
",9999999.000,9999999.000,0.000,1.000,0.000,0,0,1,1,1,1,1,1,0.0,0.0,1.0,0.0,0.0,1.0,1
"G[0,2](((bmiZscore >= 1.224 & TotalDailyInsPerKg >= 0.319) & diagAgeCombo >= 0.065) | Pt_InsGov <= 0.913)
",9999999.000,9999999.000,0.000,1.000,0.000,0,0,2,0,0,2,2,0,0.0,0.0,1.0,0.0,0.0,1.0,1
"G[0,1](AlbCreatRat_mggNew >= 3.287 & BGTestAvgNumMeter <= 2.413)
",9999999.000,9999999.000,0.000,1.000,0.000,0,0,0,2,2,0,0,2,0.0,0.0,0.0,0.0,0.0,1.0,1
"G[0,1](((BldPrDia <= 75.778 | HeightCm >= 170.177) & DirectLDL >= 170.251) | Pt_InsGov >= 170.323)
",9999999.000,9999999.000,0.000,1.000,0.000,0,0,0,2,2,0,0,2,0.0,0.0,0.0,0.0,0.0,1.0,1
"G[1,2](((Pt_A1cGoalLevelDsYr5 >= 0.000 -> Pt_DKAFlg <= 0.628) | HbA1cImputeDtMnC >= 0.270) | BUN >= 0.179)
",9999999.000,9999999.000,0.000,1.000,0.000,0,0,2,0,0,2,2,0,0.0,0.0,1.0,0.0,0.0,1.0,1
"G[1,2]((GFR >= 0.000 -> SMBGperDayPtMeterCombo <= 4.639) & BUN >= 2.632)
",9999999.000,9999999.000,0.000,1.000,0.000,0,0,1,1,1,1,1,1,0.0,0.0,1.0,0.0,0.0,1.0,1
"G[1,2](((HDL <= 28.071 & BUN >= 0.746) | BldPrSys >= 2.057) | bmi <= 4.146)
",9999999.000,9999999.000,0.000,1.000,0.000,0,0,2,0,0,2,2,0,0.0,0.0,1.0,0.0,0.0,1.0,1
"G[0,2]((NumPumpBolusOrShortAct >= 1.884 -> AutonomicNeuroCl >= 0.000) -> Pt_GrandparentT1D <= 0.000)
",9999999.000,9999999.000,0.000,1.000,0.000,0,0,2,0,0,2,2,0,0.0,0.0,1.0,0.0,0.0,1.0,1
"G[0,0](Pt_InsGov >= 0.000 & BldPrSys <= 128.758)
",0.000,0.000,0.000,1.000,0.000,0,0,0,2,2,0,0,2,0.0,0.0,0.0,0.0,0.0,1.0,1
"G[1,2]((Pt_InsGov <= 0.000 -> bmiZscore <= 1.592) & TSH >= 1.335)
",9999999.000,9999999.000,0.000,1.000,0.000,0,0,1,1,1,1,1,1,0.0,0.0,1.0,0.0,0.0,1.0,1
"G[1,2](((Pt_SHFlg <= 0.000 -> Pt_FatherT1D >= 0.000) | HbA1c <= 0.000) & Pt_DKAFlg <= 0.000)
",9999999.000,9999999.000,0.000,1.000,0.000,0,0,2,0,0,2,2,0,0.0,0.0,1.0,0.0,0.0,1.0,1
"G[0,2](((Pt_GrandchildT1D <= 0.000 -> bmiZscore >= 1.251) | HeightCm <= 1.571) -> Pt_GrandparentT1D >= 1.325)
",9999999.000,9999999.000,0.000,1.000,0.000,0,0,1,1,1,1,1,1,0.0,0.0,1.0,0.0,0.0,1.0,1
"G[2,2](((bmiPerc <= 0.918 & AutonomicNeuroCl <= 0.000) | Pt_MotherT1D >= 0.000) & TotalDailyInsPerKg >= 0.000)
",0.000,0.000,0.000,1.000,0.000,0,0,2,0,0,2,2,0,0.0,0.0,1.0,0.0,0.0,1.0,1
"G[0,2](HbA1c >= 10.060 | Pt_SiblingT1D >= 0.000)
",9999999.000,9999999.000,0.000,1.000,0.000,0,0,2,0,0,2,2,0,0.0,0.0,1.0,0.0,0.0,1.0,1
"F[0,2](((AlbCreatRat_mggNew <= 3.893 & NumPumpBolusOrShortAct <= 2.611) & Pt_FatherT1D <= 5.485) & HDL <= 4.957)
",-9999999.000,-9999999.000,0.000,0.000,1.000,0,0,0,2,2,0,0,2,0.0,0.0,0.0,0.0,0.0,1.0,-1
