Rule,Discrimination Score,Pos Robustness,Neg Robustness,Percent Class +,Percent Class -,TP,TN,FP,FN,Actual Yes,Actual No,Predicted Yes,Predicted No,TPR/Sens,TNR/Spec,FPR,Precision,Accuracy,MCR
"G[0,1](((Pt_FatherT1D <= 0.000 -> Pt_SiblingT1D <= 0.000) -> TotChol <= 0.000) | DirectLDL <= 0.000)
",9999999.000,9999999.000,0.000,1.000,0.000,2,0,0,0,2,0,2,0,1.0,0.0,0.0,1.0,1.0,0.0
"G[1,1]((BUN <= 8.666 & UnitsInsBasalOrLongAct >= 0.966) -> Pt_MotherT1D >= 4.514)
",0.966,0.966,0.000,1.000,0.000,2,0,0,0,2,0,2,0,1.0,0.0,0.0,1.0,1.0,0.0
"G[0,0]((bmiPerc >= 0.591 -> Triglyc >= 37.714) -> diagAgeCombo <= 56.469)
",-56.469,-56.469,0.000,1.000,0.000,2,0,0,0,2,0,2,0,1.0,0.0,0.0,1.0,1.0,0.0
"G[0,0](((bmiZscore >= -0.018 -> Pt_InsGov >= 0.089) -> Triglyc <= 0.688) | HbA1c >= 0.191)
",-0.191,-0.191,0.000,1.000,0.000,2,0,0,0,2,0,2,0,1.0,0.0,0.0,1.0,1.0,0.0
"G[0,0](HDL <= 34.162 | HeightCm <= 164.844)
",61.596,107.794,0.000,1.000,0.000,2,0,0,0,2,0,2,0,1.0,0.0,0.0,1.0,1.0,0.0
"G[1,1](((diabDur <= 3.668 & Pt_A1cGoalLev >= 1.281) | BGTestAvgNumMeter >= 0.113) -> bmiPerc <= 4.554)
",-4.554,-4.554,0.000,1.000,0.000,2,0,0,0,2,0,2,0,1.0,0.0,0.0,1.0,1.0,0.0
"G[0,0](((age <= 16.048 | BUN >= 3.036) & Pt_DKAFlg <= 8.658) | Pt_CGMUseNumDays <= 10.187)
",8.658,8.658,0.000,1.000,0.000,2,0,0,0,2,0,2,0,1.0,0.0,0.0,1.0,1.0,0.0
"G[1,1](((LDL <= 65.985 & Triglyc <= 88.140) | WeightKg <= 76.266) & HbA1c <= 50.259)
",50.259,50.259,0.000,1.000,0.000,2,0,0,0,2,0,2,0,1.0,0.0,0.0,1.0,1.0,0.0
"G[0,1](Pt_ChildT1D < 0.000 -> Pt_SHFlg = 0.000)
",9999999.000,9999999.000,0.000,1.000,0.000,2,0,0,0,2,0,2,0,1.0,0.0,0.0,1.0,1.0,0.0
"G[0,0](GFR <= 0.000 -> BUN >= 0.496)
",0.799,0.093,0.000,1.000,0.000,2,0,0,0,2,0,2,0,1.0,0.0,0.0,1.0,1.0,0.0
"G[0,0]((HbA1c <= 11.305 -> Pt_DKAFlg >= 0.051) -> Pt_A1cGoalLevelDsYr5 >= 0.214)
",0.214,0.214,0.000,1.000,0.000,2,0,0,0,2,0,2,0,1.0,0.0,0.0,1.0,1.0,0.0
"G[0,1](bmi <= 21.917 -> Pt_SHFlg = 0.000)
",9999999.000,9999999.000,0.000,1.000,0.000,2,0,0,0,2,0,2,0,1.0,0.0,0.0,1.0,1.0,0.0
"G[0,1](Triglyc < 98.347 -> Pt_SHFlg = 0.000)
",9999999.000,9999999.000,0.000,1.000,0.000,2,0,0,0,2,0,2,0,1.0,0.0,0.0,1.0,1.0,0.0
"G[0,1](((diabDur <= 3.979 -> LDL <= 95.195) & Pt_SiblingT1D >= 3.053) -> Pt_FatherT1D >= 44.903)
",9999999.000,9999999.000,0.000,1.000,0.000,2,0,0,0,2,0,2,0,1.0,0.0,0.0,1.0,1.0,0.0
"G[0,1](Pt_MotherT1D <= 0.000 | DirectLDL <= 0.000)
",9999999.000,9999999.000,0.000,1.000,0.000,2,0,0,0,2,0,2,0,1.0,0.0,0.0,1.0,1.0,0.0
"G[0,1](WeightKg < 60.487 -> Pt_SHFlg = 0.000)
",9999999.000,9999999.000,0.000,1.000,0.000,2,0,0,0,2,0,2,0,1.0,0.0,0.0,1.0,1.0,0.0
"G[1,1]((bmiPerc >= 0.545 | HDL <= 47.782) -> Pt_GrandparentT1D <= 40.092)
",-47.782,-47.782,0.000,1.000,0.000,2,0,0,0,2,0,2,0,1.0,0.0,0.0,1.0,1.0,0.0
"G[0,1](((HDL >= 10.628 -> UnitsInsBasalOrLongAct <= 14.122) -> Pt_A1cGoalLevelDsYr5 <= 20.365) | Pt_SHFlg <= 14.332)
",9999999.000,9999999.000,0.000,1.000,0.000,2,0,0,0,2,0,2,0,1.0,0.0,0.0,1.0,1.0,0.0
"G[0,1]((Pt_SHFlg >= 0.000 -> diabDur >= 3.210) -> DirectLDL <= 4.329)
",9999999.000,9999999.000,0.000,1.000,0.000,2,0,0,0,2,0,2,0,1.0,0.0,0.0,1.0,1.0,0.0
"G[0,1]((AutonomicNeuroCl <= 0.681 & TotalDailyInsPerKg >= 0.613) | Triglyc <= 0.912)
",9999999.000,9999999.000,0.000,1.000,0.000,2,0,0,0,2,0,2,0,1.0,0.0,0.0,1.0,1.0,0.0
"G[0,0]((LDL >= 29.358 | TotalDailyInsPerKg <= 1.180) | HeightCm >= 0.393)
",32.376,56.657,0.000,1.000,0.000,2,0,0,0,2,0,2,0,1.0,0.0,0.0,1.0,1.0,0.0
"G[0,1]((LDL >= 15.247 -> Pt_DKAFlg <= 0.860) | Pt_SHFlg <= 0.693)
",9999999.000,9999999.000,0.000,1.000,0.000,2,0,0,0,2,0,2,0,1.0,0.0,0.0,1.0,1.0,0.0
"G[0,1]((bmiPerc >= 0.594 -> UnitsInsBasalOrLongAct <= 18.516) -> Pt_DKAFlg <= 17.201)
",9999999.000,9999999.000,0.000,1.000,0.000,2,0,0,0,2,0,2,0,1.0,0.0,0.0,1.0,1.0,0.0
"G[0,1]((AlbCreatRat_mggNew >= 21.766 -> bmi <= 21.590) -> HeightCm >= 20.598)
",9999999.000,9999999.000,0.000,1.000,0.000,2,0,0,0,2,0,2,0,1.0,0.0,0.0,1.0,1.0,0.0
"G[1,1]((BGTestAvgNumPtRep >= 1.515 | Triglyc >= 34.949) | bmi >= 21.214)
",-1.515,-1.515,0.000,1.000,0.000,2,0,0,0,2,0,2,0,1.0,0.0,0.0,1.0,1.0,0.0
"G[0,1](diabDur <= 3.710 -> HbA1c <= 12.911)
",9999999.000,9999999.000,0.000,1.000,0.000,2,0,0,0,2,0,2,0,1.0,0.0,0.0,1.0,1.0,0.0
"G[0,1]((AlbCreatRat_mggNew >= 5.913 & BGTestAvgNumPtRep <= 4.515) -> Pt_MotherT1D <= 6.366)
",9999999.000,9999999.000,0.000,1.000,0.000,2,0,0,0,2,0,2,0,1.0,0.0,0.0,1.0,1.0,0.0
"G[0,1](((HbA1cImputeDtMnC >= 7.310 | SMBGperDayPtMeterCombo <= 5.227) | WeightKg >= 4.011) | BGTestAvgNumPtRep >= 3.749)
",9999999.000,9999999.000,0.000,1.000,0.000,2,0,0,0,2,0,2,0,1.0,0.0,0.0,1.0,1.0,0.0
"G[0,0](HDL <= 56.415 | Pt_A1cGoalLev <= 2.446)
",56.415,56.415,0.000,1.000,0.000,2,0,0,0,2,0,2,0,1.0,0.0,0.0,1.0,1.0,0.0
"G[0,1](SMBGperDayPtMeterCombo <= 4.962 | UnitsInsBasalOrLongAct <= 20.464)
",9999999.000,9999999.000,0.000,1.000,0.000,2,0,0,0,2,0,2,0,1.0,0.0,0.0,1.0,1.0,0.0
"G[1,1](((bmi >= 20.437 & LDL <= 103.381) -> BGTestAvgNumPtRep >= 31.207) -> HDL <= 112.206)
",-112.206,-112.206,0.000,1.000,0.000,2,0,0,0,2,0,2,0,1.0,0.0,0.0,1.0,1.0,0.0
"G[1,1]((HDL >= 7.139 | NumPumpBolusOrShortAct >= 0.048) -> GFR <= 1.979)
",-1.979,-1.979,0.000,1.000,0.000,2,0,0,0,2,0,2,0,1.0,0.0,0.0,1.0,1.0,0.0
"G[0,0]((bmi <= 22.030 | TotalDailyInsPerKg >= 0.443) & BGTestAvgNumPtRep >= 0.428)
",0.572,0.572,0.000,1.000,0.000,2,0,0,0,2,0,2,0,1.0,0.0,0.0,1.0,1.0,0.0
"G[0,1](((LDL <= 79.306 | SMBGperDayPtMeterCombo <= 5.621) & diabDur <= 6.682) | Pt_MotherT1D <= 5.726)
",9999999.000,9999999.000,0.000,1.000,0.000,2,0,0,0,2,0,2,0,1.0,0.0,0.0,1.0,1.0,0.0
"G[0,0](Pt_DKAFlg < 0.497 -> Pt_SHFlg = 0.000)
",-0.497,-0.497,0.000,1.000,0.000,2,0,0,0,2,0,2,0,1.0,0.0,0.0,1.0,1.0,0.0
"G[0,1](((BGTestAvgNumPtRep >= 1.213 | Pt_DKAFlg >= 0.035) & WeightKg <= 0.862) | WeightKg >= 0.042)
",9999999.000,9999999.000,0.000,1.000,0.000,2,0,0,0,2,0,2,0,1.0,0.0,0.0,1.0,1.0,0.0
"G[0,1](Pt_CGMUseNumDays <= 0.000 -> Pt_SHFlg = 0.000)
",9999999.000,9999999.000,0.000,1.000,0.000,2,0,0,0,2,0,2,0,1.0,0.0,0.0,1.0,1.0,0.0
"G[0,0](GFR <= 0.000 -> BUN >= 4.358)
",0.799,0.093,0.000,1.000,0.000,2,0,0,0,2,0,2,0,1.0,0.0,0.0,1.0,1.0,0.0
"G[0,0]((Pt_A1cGoalLev <= 6.500 | LDL <= 49.515) -> BldPrDia <= 84.017)
",-110.981,-49.073,0.000,1.000,0.000,2,0,0,0,2,0,2,0,1.0,0.0,0.0,1.0,1.0,0.0
"G[0,1]((LDL <= 85.069 -> diagAgeCombo >= 12.000) -> bmiPerc <= 12.000)
",9999999.000,9999999.000,0.000,1.000,0.000,2,0,0,0,2,0,2,0,1.0,0.0,0.0,1.0,1.0,0.0
"G[0,0]((TotalDailyInsPerKg <= 1.171 | Pt_DKAFlg <= 0.905) -> BUN >= 0.172)
",-0.905,-0.905,0.000,1.000,0.000,2,0,0,0,2,0,2,0,1.0,0.0,0.0,1.0,1.0,0.0
"G[1,1]((age >= 14.912 | Pt_CGMUseNumDays >= 0.000) -> NumPumpBolusOrShortAct >= 0.000)
",0.000,0.000,0.000,1.000,0.000,2,0,0,0,2,0,2,0,1.0,0.0,0.0,1.0,1.0,0.0
"G[0,1](((TotChol <= 135.176 | HDL >= 15.667) | Pt_FatherT1D >= 10.501) | BUN <= 52.653)
",9999999.000,9999999.000,0.000,1.000,0.000,2,0,0,0,2,0,2,0,1.0,0.0,0.0,1.0,1.0,0.0
"G[0,0](GFR <= 0.000 -> BUN >= 3.346)
",0.799,0.093,0.000,1.000,0.000,2,0,0,0,2,0,2,0,1.0,0.0,0.0,1.0,1.0,0.0
"G[1,1](((SMBGperDayPtMeterCombo >= 3.095 & HeightCm <= 164.984) -> TotalDailyInsPerKg <= 164.896) | Pt_MotherT1D >= 164.206)
",-164.206,-164.206,0.000,1.000,0.000,2,0,0,0,2,0,2,0,1.0,0.0,0.0,1.0,1.0,0.0
"G[0,1](((bmi >= 20.915 & Pt_A1cGoalLev >= 0.785) & HDL <= 3.782) -> age <= 2.179)
",9999999.000,9999999.000,0.000,1.000,0.000,2,0,0,0,2,0,2,0,1.0,0.0,0.0,1.0,1.0,0.0
"G[0,1]((TSH >= 0.000 -> HbA1c >= 9.660) -> Pt_MotherT1D <= 12.377)
",9999999.000,9999999.000,0.000,1.000,0.000,2,0,0,0,2,0,2,0,1.0,0.0,0.0,1.0,1.0,0.0
"G[0,1]((diagAgeCombo >= 12.000 -> Pt_InsGov <= 0.870) -> Pt_InsGov <= 0.765)
",9999999.000,9999999.000,0.000,1.000,0.000,2,0,0,0,2,0,2,0,1.0,0.0,0.0,1.0,1.0,0.0
"G[0,1](diagAgeCombo <= 12.000 -> GFR <= 0.000)
",9999999.000,9999999.000,0.000,1.000,0.000,2,0,0,0,2,0,2,0,1.0,0.0,0.0,1.0,1.0,0.0
"G[0,1]((SMBGperDayPtMeterCombo >= 3.040 -> DirectLDL >= 0.000) | bmi <= 0.000)
",9999999.000,9999999.000,0.000,1.000,0.000,2,0,0,0,2,0,2,0,1.0,0.0,0.0,1.0,1.0,0.0
"G[0,0](LDL >= 26.615 -> Pt_MotherT1D <= 0.000)
",0.000,0.000,0.000,1.000,0.000,2,0,0,0,2,0,2,0,1.0,0.0,0.0,1.0,1.0,0.0
"G[1,1]((diagAgeCombo >= 12.000 | Triglyc >= 34.046) -> BldPrDia <= 90.675)
",-90.675,-90.675,0.000,1.000,0.000,2,0,0,0,2,0,2,0,1.0,0.0,0.0,1.0,1.0,0.0
"G[0,1]((age <= 15.850 & HbA1c <= 13.497) -> BldPrSys >= 9.466)
",9999999.000,9999999.000,0.000,1.000,0.000,2,0,0,0,2,0,2,0,1.0,0.0,0.0,1.0,1.0,0.0
"G[0,1](TSH >= 0.000 -> GFR >= 0.000)
",9999999.000,9999999.000,0.000,1.000,0.000,2,0,0,0,2,0,2,0,1.0,0.0,0.0,1.0,1.0,0.0
"G[0,1](((Pt_SHFlg >= 0.000 -> UnitsInsBasalOrLongAct >= 5.612) & diabDur >= 2.471) -> TSH <= 11.069)
",9999999.000,9999999.000,0.000,1.000,0.000,2,0,0,0,2,0,2,0,1.0,0.0,0.0,1.0,1.0,0.0
"G[1,1](Pt_InsGov < 0.797 -> Pt_SHFlg = 0.000)
",-0.797,-0.797,0.000,1.000,0.000,2,0,0,0,2,0,2,0,1.0,0.0,0.0,1.0,1.0,0.0
"G[0,1](AutonomicNeuroCl <= 0.803 -> Pt_GrandchildT1D <= 0.000)
",9999999.000,9999999.000,0.000,1.000,0.000,2,0,0,0,2,0,2,0,1.0,0.0,0.0,1.0,1.0,0.0
"G[0,0]((AlbCreatRat_mggNew <= 36.476 -> Pt_SiblingT1D >= 0.000) -> age >= 0.000)
",0.000,0.000,0.000,1.000,0.000,2,0,0,0,2,0,2,0,1.0,0.0,0.0,1.0,1.0,0.0
"G[0,1](BldPrSys <= 116.979 -> Pt_SHFlg <= 0.000)
",9999999.000,9999999.000,0.000,1.000,0.000,2,0,0,0,2,0,2,0,1.0,0.0,0.0,1.0,1.0,0.0
"G[0,1]((diagAgeCombo >= 12.000 -> WeightKg >= 56.916) | TSH <= 58.485)
",9999999.000,9999999.000,0.000,1.000,0.000,2,0,0,0,2,0,2,0,1.0,0.0,0.0,1.0,1.0,0.0
"G[1,1](BGTestAvgNumMeter >= 0.431 -> DirectLDL <= 0.000)
",0.000,0.000,0.000,1.000,0.000,2,0,0,0,2,0,2,0,1.0,0.0,0.0,1.0,1.0,0.0
"G[0,1](((Pt_GrandparentT1D <= 0.000 | TSH <= 0.000) & Pt_InsGov >= 0.000) | Pt_A1cGoalLevelDsYr5 >= 0.000)
",9999999.000,9999999.000,0.000,1.000,0.000,2,0,0,0,2,0,2,0,1.0,0.0,0.0,1.0,1.0,0.0
"G[0,0]((Pt_ChildT1D <= 0.000 & HbA1c >= 8.777) | diagAgeCombo >= 10.225)
",-8.777,-8.777,0.000,1.000,0.000,2,0,0,0,2,0,2,0,1.0,0.0,0.0,1.0,1.0,0.0
"G[0,1]((diabDur <= 4.777 & WeightKg >= 56.081) -> bmi >= 55.729)
",9999999.000,9999999.000,0.000,1.000,0.000,1,0,0,1,2,0,1,1,0.5,0.0,0.0,1.0,0.5,0.5
"G[0,0](HDL >= 12.966 & Pt_MotherT1D >= 0.000)
",-12.966,-12.966,0.000,1.000,0.000,1,0,0,1,2,0,1,1,0.5,0.0,0.0,1.0,0.5,0.5
"G[0,1](BGTestAvgNumPtRep <= 4.529 & Pt_A1cGoalLevelDsYr5 <= 0.000)
",9999999.000,9999999.000,0.000,1.000,0.000,1,0,0,1,2,0,1,1,0.5,0.0,0.0,1.0,0.5,0.5
"G[0,1](((BldPrSys >= 115.931 | HDL <= 29.471) -> TotalDailyInsPerKg >= 23.362) -> SMBGperDayPtMeterCombo >= 13.083)
",9999999.000,9999999.000,0.000,1.000,0.000,1,0,0,1,2,0,1,1,0.5,0.0,0.0,1.0,0.5,0.5
"G[0,1](((TotalDailyInsPerKg <= 1.123 | TotChol <= 42.132) -> TotChol >= 2.742) -> HbA1cImputeDtMnC >= 5.735)
",9999999.000,9999999.000,0.000,1.000,0.000,1,0,0,1,2,0,1,1,0.5,0.0,0.0,1.0,0.5,0.5
"G[1,1](bmiZscore <= 0.338 & GFR <= 0.000)
",0.000,0.000,0.000,1.000,0.000,1,0,0,1,2,0,1,1,0.5,0.0,0.0,1.0,0.5,0.5
"G[1,1](AutonomicNeuroCl >= 0.400 | TotChol >= 0.082)
",-0.082,-0.082,0.000,1.000,0.000,1,0,0,1,2,0,1,1,0.5,0.0,0.0,1.0,0.5,0.5
"G[1,1](BGTestAvgNumPtRep <= 4.546 & BldPrSys >= 115.668)
",-115.668,-115.668,0.000,1.000,0.000,1,0,0,1,2,0,1,1,0.5,0.0,0.0,1.0,0.5,0.5
"G[0,1](HbA1cImputeDtMnC <= 32.405 -> TotalDailyInsPerKg >= 0.543)
",9999999.000,9999999.000,0.000,1.000,0.000,1,0,0,1,2,0,1,1,0.5,0.0,0.0,1.0,0.5,0.5
"G[0,1]((AlbCreatRat_mggNew <= 44.939 & HbA1cImputeDtMnC <= 35.977) | Pt_CGMUseNumDays >= 19.082)
",9999999.000,9999999.000,0.000,1.000,0.000,1,0,0,1,2,0,1,1,0.5,0.0,0.0,1.0,0.5,0.5
"G[0,0](HeightCm >= 164.302 -> Triglyc >= 5.064)
",5.064,5.064,0.000,1.000,0.000,1,0,0,1,2,0,1,1,0.5,0.0,0.0,1.0,0.5,0.5
"G[1,1](BUN <= 14.624 & HDL <= 30.179)
",14.624,14.624,0.000,1.000,0.000,1,0,0,1,2,0,1,1,0.5,0.0,0.0,1.0,0.5,0.5
"G[0,0]((GFR >= 0.000 & HeightCm >= 164.629) | bmiZscore >= 164.635)
",-61.474,-107.579,0.000,1.000,0.000,1,0,0,1,2,0,1,1,0.5,0.0,0.0,1.0,0.5,0.5
"G[0,0](((HbA1c >= 8.767 -> SMBGperDayPtMeterCombo <= 7.528) & diabDur >= 2.674) -> HbA1c <= 6.234)
",-8.767,-8.767,0.000,1.000,0.000,1,0,0,1,2,0,1,1,0.5,0.0,0.0,1.0,0.5,0.5
"G[0,0](((TSH >= 0.000 -> NumPumpBolusOrShortAct >= 0.408) & HbA1c <= 2.245) | Triglyc <= 2.558)
",2.558,2.558,0.000,1.000,0.000,1,0,0,1,2,0,1,1,0.5,0.0,0.0,1.0,0.5,0.5
"G[1,1]((BGTestAvgNumMeter >= 0.292 | TotalDailyInsPerKg <= 1.057) | Pt_GrandchildT1D >= 0.492)
",1.057,1.057,0.000,1.000,0.000,1,0,0,1,2,0,1,1,0.5,0.0,0.0,1.0,0.5,0.5
"G[0,0]((bmiZscore >= 0.088 & LDL <= 74.315) | Pt_GrandchildT1D >= 1.508)
",9.693,0.449,0.000,1.000,0.000,1,0,0,1,2,0,1,1,0.5,0.0,0.0,1.0,0.5,0.5
"G[0,1](((bmi <= 21.674 | Pt_InsGov >= 0.017) -> HeightCm >= 0.109) & BUN >= 0.234)
",9999999.000,9999999.000,0.000,1.000,0.000,1,0,0,1,2,0,1,1,0.5,0.0,0.0,1.0,0.5,0.5
"G[1,1]((BGTestAvgNumPtRep <= 7.965 & diabDur >= 2.435) -> Pt_GrandparentT1D >= 3.170)
",2.435,2.435,0.000,1.000,0.000,1,0,0,1,2,0,1,1,0.5,0.0,0.0,1.0,0.5,0.5
"G[0,1](BldPrDia <= 66.824 -> Triglyc >= 6.738)
",9999999.000,9999999.000,0.000,1.000,0.000,1,0,0,1,2,0,1,1,0.5,0.0,0.0,1.0,0.5,0.5
"G[1,1]((WeightKg >= 57.383 | bmi >= 20.705) -> UnitsInsBasalOrLongAct <= 19.649)
",-19.649,-19.649,0.000,1.000,0.000,1,0,0,1,2,0,1,1,0.5,0.0,0.0,1.0,0.5,0.5
"G[1,1](HbA1c < 11.936 & Pt_SHFlg = 0.000)
",0.000,0.000,0.000,1.000,0.000,1,0,0,1,2,0,1,1,0.5,0.0,0.0,1.0,0.5,0.5
"G[0,1](SMBGperDayPtMeterCombo >= 4.216 & BGTestAvgNumPtRep >= 1.883)
",9999999.000,9999999.000,0.000,1.000,0.000,1,0,0,1,2,0,1,1,0.5,0.0,0.0,1.0,0.5,0.5
"G[1,1](GFR <= 0.000 -> BUN >= 6.017)
",0.000,0.000,0.000,1.000,0.000,1,0,0,1,2,0,1,1,0.5,0.0,0.0,1.0,0.5,0.5
"G[1,1](SMBGperDayPtMeterCombo >= 3.371 & BGTestAvgNumPtRep >= 0.850)
",-3.371,-3.371,0.000,1.000,0.000,1,0,0,1,2,0,1,1,0.5,0.0,0.0,1.0,0.5,0.5
"G[1,1]((WeightKg >= 56.010 | bmi >= 20.839) -> UnitsInsBasalOrLongAct <= 21.829)
",-21.829,-21.829,0.000,1.000,0.000,1,0,0,1,2,0,1,1,0.5,0.0,0.0,1.0,0.5,0.5
"G[0,1](SMBGperDayPtMeterCombo >= 3.348 & BGTestAvgNumPtRep >= 3.898)
",9999999.000,9999999.000,0.000,1.000,0.000,1,0,0,1,2,0,1,1,0.5,0.0,0.0,1.0,0.5,0.5
"G[0,1]((BldPrDia >= 64.458 -> BldPrSys <= 116.422) & HbA1cImputeDtMnC <= 116.593)
",9999999.000,9999999.000,0.000,1.000,0.000,1,0,0,1,2,0,1,1,0.5,0.0,0.0,1.0,0.5,0.5
"G[0,1](GFR <= 0.000 -> BUN >= 0.790)
",9999999.000,9999999.000,0.000,1.000,0.000,1,0,0,1,2,0,1,1,0.5,0.0,0.0,1.0,0.5,0.5
"G[0,1]((WeightKg >= 56.323 | bmi >= 20.567) -> UnitsInsBasalOrLongAct <= 19.473)
",9999999.000,9999999.000,0.000,1.000,0.000,1,0,0,1,2,0,1,1,0.5,0.0,0.0,1.0,0.5,0.5
"G[1,1](SMBGperDayPtMeterCombo >= 3.882 & BGTestAvgNumPtRep >= 1.334)
",-3.882,-3.882,0.000,1.000,0.000,1,0,0,1,2,0,1,1,0.5,0.0,0.0,1.0,0.5,0.5
"G[0,0](HDL >= 23.643 & Pt_SHFlg = 0.000)
",-8.232,-33.062,0.000,1.000,0.000,1,0,0,1,2,0,1,1,0.5,0.0,0.0,1.0,0.5,0.5
"G[1,1]((WeightKg >= 55.793 | bmi >= 20.579) -> UnitsInsBasalOrLongAct <= 20.935)
",-20.935,-20.935,0.000,1.000,0.000,1,0,0,1,2,0,1,1,0.5,0.0,0.0,1.0,0.5,0.5
"G[0,1](SMBGperDayPtMeterCombo >= 4.433 & BGTestAvgNumPtRep >= 3.974)
",9999999.000,9999999.000,0.000,1.000,0.000,1,0,0,1,2,0,1,1,0.5,0.0,0.0,1.0,0.5,0.5
"G[0,0](((BldPrDia <= 68.999 -> UnitsInsBasalOrLongAct >= 1.916) | GFR >= 8.379) & diagAgeCombo <= 18.975)
",-70.902,-8.286,0.000,1.000,0.000,1,0,0,1,2,0,1,1,0.5,0.0,0.0,1.0,0.5,0.5
"G[0,2](BGTestAvgNumMeter >= 0.076 & bmiPerc <= 0.637)
",9999999.000,9999999.000,0.000,1.000,0.000,0,0,0,2,2,0,0,2,0.0,0.0,0.0,0.0,0.0,1.0
"G[0,2]((WeightKg >= 55.540 | bmi >= 20.534) -> UnitsInsBasalOrLongAct <= 17.565)
",9999999.000,9999999.000,0.000,1.000,0.000,0,0,1,1,1,1,1,1,0.0,0.0,1.0,0.0,0.0,1.0
"G[2,2]((BUN <= 12.283 & Triglyc <= 86.914) -> Pt_GrandparentT1D >= 33.526)
",-12.283,-12.283,0.000,1.000,0.000,0,0,2,0,0,2,2,0,0.0,0.0,1.0,0.0,0.0,1.0
"G[2,2](((AlbCreatRat_mggNew <= 36.852 & LDL <= 65.578) & Pt_MotherT1D <= 110.239) | TotalDailyInsPerKg >= 46.434)
",36.852,36.852,0.000,1.000,0.000,0,0,2,0,0,2,2,0,0.0,0.0,1.0,0.0,0.0,1.0
"G[1,2](((AutonomicNeuroCl <= 0.693 -> BUN <= 13.778) & HbA1cImputeDtMnC <= 11.070) -> bmiPerc >= 7.009)
",9999999.000,9999999.000,0.000,1.000,0.000,0,0,2,0,0,2,2,0,0.0,0.0,1.0,0.0,0.0,1.0
"G[1,2]((AlbCreatRat_mggNew >= 3.962 | HDL <= 53.746) | BUN <= 57.369)
",9999999.000,9999999.000,0.000,1.000,0.000,0,0,2,0,0,2,2,0,0.0,0.0,1.0,0.0,0.0,1.0
"G[1,2](Pt_InsGov <= 0.597 -> HeightCm >= 164.413)
",9999999.000,9999999.000,0.000,1.000,0.000,0,0,2,0,0,2,2,0,0.0,0.0,1.0,0.0,0.0,1.0
"G[0,2]((Pt_SHFlg <= 0.000 -> HDL >= 21.821) | Pt_FatherT1D <= 43.314)
",9999999.000,9999999.000,0.000,1.000,0.000,0,0,2,0,0,2,2,0,0.0,0.0,1.0,0.0,0.0,1.0
"G[1,2]((Pt_GrandchildT1D >= 0.000 & HDL >= 24.042) & diabDur >= 4.750)
",9999999.000,9999999.000,0.000,1.000,0.000,0,0,0,2,2,0,0,2,0.0,0.0,0.0,0.0,0.0,1.0
"G[2,2]((WeightKg >= 56.378 | bmi >= 20.628) -> UnitsInsBasalOrLongAct <= 13.342)
",-13.342,-13.342,0.000,1.000,0.000,0,0,2,0,0,2,2,0,0.0,0.0,1.0,0.0,0.0,1.0
"G[0,1](NumPumpBolusOrShortAct >= 0.136 & AlbCreatRat_mggNew >= 6.541)
",9999999.000,9999999.000,0.000,1.000,0.000,0,0,0,2,2,0,0,2,0.0,0.0,0.0,0.0,0.0,1.0
"G[0,2](diabDur <= 4.669 | Pt_MotherT1D >= 0.000)
",9999999.000,9999999.000,0.000,1.000,0.000,0,0,2,0,0,2,2,0,0.0,0.0,1.0,0.0,0.0,1.0
"G[2,2](GFR <= 0.000 -> BUN >= 7.315)
",0.000,0.000,0.000,1.000,0.000,0,0,2,0,0,2,2,0,0.0,0.0,1.0,0.0,0.0,1.0
"G[0,2]((BldPrDia >= 65.981 -> Pt_MotherT1D <= 0.000) & Pt_CGMUseNumDays >= 0.000)
",9999999.000,9999999.000,0.000,1.000,0.000,0,0,2,0,0,2,2,0,0.0,0.0,1.0,0.0,0.0,1.0
"G[0,2](SMBGperDayPtMeterCombo >= 2.945 & BGTestAvgNumPtRep >= 0.163)
",9999999.000,9999999.000,0.000,1.000,0.000,0,0,1,1,1,1,1,1,0.0,0.0,1.0,0.0,0.0,1.0
"G[0,2](GFR <= 0.000 -> BUN >= 1.999)
",9999999.000,9999999.000,0.000,1.000,0.000,0,0,1,1,1,1,1,1,0.0,0.0,1.0,0.0,0.0,1.0
"G[0,2](TotalDailyInsPerKg >= 0.367 & Pt_SHFlg = 0.000)
",9999999.000,9999999.000,0.000,1.000,0.000,0,0,1,1,1,1,1,1,0.0,0.0,1.0,0.0,0.0,1.0
"G[0,2](DirectLDL <= 0.000 & Pt_SHFlg = 0.000)
",9999999.000,9999999.000,0.000,1.000,0.000,0,0,2,0,0,2,2,0,0.0,0.0,1.0,0.0,0.0,1.0
"G[1,2](((Pt_GrandparentT1D >= 0.000 | BldPrDia >= 64.915) | HbA1c <= 66.455) | diabDur <= 68.870)
",9999999.000,9999999.000,0.000,1.000,0.000,0,0,2,0,0,2,2,0,0.0,0.0,1.0,0.0,0.0,1.0
"G[1,2](Pt_A1cGoalLevelDsYr5 >= 0.000 & Pt_SHFlg = 0.000)
",9999999.000,9999999.000,0.000,1.000,0.000,0,0,2,0,0,2,2,0,0.0,0.0,1.0,0.0,0.0,1.0
"G[1,2](((HbA1c <= 11.180 & TSH >= 0.000) & Pt_FatherT1D <= 0.000) -> Pt_SiblingT1D <= 0.000)
",9999999.000,9999999.000,0.000,1.000,0.000,0,0,2,0,0,2,2,0,0.0,0.0,1.0,0.0,0.0,1.0
"G[1,2]((WeightKg >= 57.283 | bmi >= 21.068) -> UnitsInsBasalOrLongAct <= 19.015)
",9999999.000,9999999.000,0.000,1.000,0.000,0,0,1,1,1,1,1,1,0.0,0.0,1.0,0.0,0.0,1.0
"G[0,2]((HeightCm >= 164.442 -> HDL >= 15.594) -> BGTestAvgNumMeter >= 6.394)
",9999999.000,9999999.000,0.000,1.000,0.000,0,0,1,1,1,1,1,1,0.0,0.0,1.0,0.0,0.0,1.0
"G[1,2](GFR <= 0.000 -> BUN >= 0.224)
",9999999.000,9999999.000,0.000,1.000,0.000,0,0,1,1,1,1,1,1,0.0,0.0,1.0,0.0,0.0,1.0
"G[0,2]((Pt_SiblingT1D <= 0.000 & bmi >= 20.800) & Pt_A1cGoalLevelDsYr5 <= 21.532)
",9999999.000,9999999.000,0.000,1.000,0.000,0,0,1,1,1,1,1,1,0.0,0.0,1.0,0.0,0.0,1.0
"G[0,1]((age <= 15.630 | BldPrSys <= 116.295) -> HbA1cImputeDtMnC >= 115.881)
",9999999.000,9999999.000,0.000,1.000,0.000,0,0,0,2,2,0,0,2,0.0,0.0,0.0,0.0,0.0,1.0
"G[0,2](HbA1cImputeDtMnC >= 17.644 -> WeightKg >= 56.617)
",9999999.000,9999999.000,0.000,1.000,0.000,0,0,1,1,1,1,1,1,0.0,0.0,1.0,0.0,0.0,1.0
"G[0,2](((BldPrDia >= 64.255 -> BUN <= 14.357) -> Pt_SHFlg >= 2.532) -> Triglyc >= 7.778)
",9999999.000,9999999.000,0.000,1.000,0.000,0,0,2,0,0,2,2,0,0.0,0.0,1.0,0.0,0.0,1.0
"G[0,2](((Pt_A1cGoalLevelDsYr5 <= 0.000 -> HbA1cImputeDtMnC <= 32.381) -> TSH <= 32.682) -> Pt_ChildT1D <= 22.603)
",9999999.000,9999999.000,0.000,1.000,0.000,0,0,2,0,0,2,2,0,0.0,0.0,1.0,0.0,0.0,1.0
"G[1,2](GFR <= 0.000 -> BUN >= 6.987)
",9999999.000,9999999.000,0.000,1.000,0.000,0,0,1,1,1,1,1,1,0.0,0.0,1.0,0.0,0.0,1.0
"G[0,2]((Triglyc <= 75.525 & HbA1c >= 10.832) -> age >= 10.368)
",9999999.000,9999999.000,0.000,1.000,0.000,0,0,2,0,0,2,2,0,0.0,0.0,1.0,0.0,0.0,1.0
"G[0,2]((WeightKg >= 56.197 | bmi >= 21.083) -> UnitsInsBasalOrLongAct <= 16.008)
",9999999.000,9999999.000,0.000,1.000,0.000,0,0,1,1,1,1,1,1,0.0,0.0,1.0,0.0,0.0,1.0
"G[0,0](((HbA1cImputeDtMnC >= 4.988 | HeightCm <= 165.028) -> BldPrDia >= 164.043) & Pt_SiblingT1D <= 164.989)
",-61.702,-107.978,0.000,1.000,0.000,0,0,0,2,2,0,0,2,0.0,0.0,0.0,0.0,0.0,1.0
"G[1,2](SMBGperDayPtMeterCombo >= 4.068 & BGTestAvgNumPtRep >= 1.847)
",9999999.000,9999999.000,0.000,1.000,0.000,0,0,1,1,1,1,1,1,0.0,0.0,1.0,0.0,0.0,1.0
"G[2,2]((Pt_DKAFlg <= 0.662 & Pt_A1cGoalLev >= 0.954) | diabDur >= 0.017)
",-0.017,-0.017,0.000,1.000,0.000,0,0,2,0,0,2,2,0,0.0,0.0,1.0,0.0,0.0,1.0
"G[0,2]((WeightKg >= 55.740 | bmi >= 21.055) -> UnitsInsBasalOrLongAct <= 20.665)
",9999999.000,9999999.000,0.000,1.000,0.000,0,0,1,1,1,1,1,1,0.0,0.0,1.0,0.0,0.0,1.0
"G[2,2](GFR <= 0.000 -> BUN >= 3.322)
",0.000,0.000,0.000,1.000,0.000,0,0,2,0,0,2,2,0,0.0,0.0,1.0,0.0,0.0,1.0
"G[2,2](SMBGperDayPtMeterCombo >= 2.158 & BGTestAvgNumPtRep >= 0.399)
",-2.158,-2.158,0.000,1.000,0.000,0,0,2,0,0,2,2,0,0.0,0.0,1.0,0.0,0.0,1.0
"G[1,1]((HDL <= 58.552 -> bmi >= 21.210) & HbA1c >= 20.773)
",-58.552,-58.552,0.000,1.000,0.000,0,0,0,2,2,0,0,2,0.0,0.0,0.0,0.0,0.0,1.0
"G[1,2](Pt_SiblingT1D >= 0.000 & SMBGperDayPtMeterCombo <= 5.361)
",9999999.000,9999999.000,0.000,1.000,0.000,0,0,1,1,1,1,1,1,0.0,0.0,1.0,0.0,0.0,1.0
"G[1,2](((Pt_FatherT1D >= 0.000 | WeightKg <= 57.786) -> Pt_DKAFlg <= 57.835) | SMBGperDayPtMeterCombo >= 57.509)
",9999999.000,9999999.000,0.000,1.000,0.000,0,0,2,0,0,2,2,0,0.0,0.0,1.0,0.0,0.0,1.0
"G[1,2]((WeightKg >= 55.444 | bmi >= 20.922) -> UnitsInsBasalOrLongAct <= 14.530)
",9999999.000,9999999.000,0.000,1.000,0.000,0,0,1,1,1,1,1,1,0.0,0.0,1.0,0.0,0.0,1.0
"G[1,2](((HbA1c <= 11.020 -> HDL <= 55.383) & diabDur <= 55.576) -> diagAgeCombo >= 4.352)
",9999999.000,9999999.000,0.000,1.000,0.000,0,0,2,0,0,2,2,0,0.0,0.0,1.0,0.0,0.0,1.0
"G[0,2](SMBGperDayPtMeterCombo >= 3.732 & BGTestAvgNumPtRep >= 2.954)
",9999999.000,9999999.000,0.000,1.000,0.000,0,0,1,1,1,1,1,1,0.0,0.0,1.0,0.0,0.0,1.0
"G[0,2]((TotChol <= 39.850 -> bmiZscore >= 0.201) | BGTestAvgNumMeter >= 0.144)
",9999999.000,9999999.000,0.000,1.000,0.000,0,0,1,1,1,1,1,1,0.0,0.0,1.0,0.0,0.0,1.0
"G[0,2](((AutonomicNeuroCl >= 0.231 & diagAgeCombo <= 12.000) | BGTestAvgNumPtRep <= 12.000) & diabDur >= 12.000)
",9999999.000,9999999.000,0.000,1.000,0.000,0,0,0,2,2,0,0,2,0.0,0.0,0.0,0.0,0.0,1.0
"G[1,2](((DirectLDL >= 0.000 -> diabDur <= 4.048) | WeightKg >= 2.805) | WeightKg >= 2.378)
",9999999.000,9999999.000,0.000,1.000,0.000,0,0,2,0,0,2,2,0,0.0,0.0,1.0,0.0,0.0,1.0
"G[1,2](BldPrDia >= 64.147 & AutonomicNeuroCl >= 0.148)
",9999999.000,9999999.000,0.000,1.000,0.000,0,0,1,1,1,1,1,1,0.0,0.0,1.0,0.0,0.0,1.0
"G[0,0](((age >= 14.121 | Pt_GrandchildT1D >= 0.000) | diagAgeCombo >= 0.000) -> HbA1c <= 0.000)
",0.000,0.000,0.000,1.000,0.000,0,0,0,2,2,0,0,2,0.0,0.0,0.0,0.0,0.0,1.0
"G[1,2]((BldPrSys <= 116.860 & Pt_GrandchildT1D <= 0.000) -> BGTestAvgNumPtRep <= 0.000)
",9999999.000,9999999.000,0.000,1.000,0.000,0,0,1,1,1,1,1,1,0.0,0.0,1.0,0.0,0.0,1.0
"G[1,2](((HbA1cImputeDtMnC <= 23.487 -> GFR <= 0.000) & bmi <= 0.000) -> HDL >= 0.000)
",9999999.000,9999999.000,0.000,1.000,0.000,0,0,2,0,0,2,2,0,0.0,0.0,1.0,0.0,0.0,1.0
"G[0,2]((WeightKg >= 56.216 & NumPumpBolusOrShortAct >= 0.588) -> AutonomicNeuroCl >= 0.023)
",9999999.000,9999999.000,0.000,1.000,0.000,0,0,2,0,0,2,2,0,0.0,0.0,1.0,0.0,0.0,1.0
"G[2,2](((Pt_CGMUseNumDays <= 0.000 | Pt_MotherT1D >= 0.000) & Pt_FatherT1D >= 0.000) | Pt_FatherT1D >= 0.000)
",0.000,0.000,0.000,1.000,0.000,0,0,2,0,0,2,2,0,0.0,0.0,1.0,0.0,0.0,1.0
"G[2,2]((Pt_ChildT1D >= 0.000 | Pt_ChildT1D >= 0.000) & TotalDailyInsPerKg <= 0.000)
",0.000,0.000,0.000,1.000,0.000,0,0,2,0,0,2,2,0,0.0,0.0,1.0,0.0,0.0,1.0
"G[0,2](((age >= 14.280 | Pt_SHFlg >= 0.000) | Pt_GrandchildT1D >= 0.000) & HbA1c <= 0.000)
",9999999.000,9999999.000,0.000,1.000,0.000,0,0,0,2,2,0,0,2,0.0,0.0,0.0,0.0,0.0,1.0
"G[0,1](((AlbCreatRat_mggNew >= 5.496 & SMBGperDayPtMeterCombo >= 3.964) | diagAgeCombo <= 7.398) | DirectLDL >= 2.129)
",9999999.000,9999999.000,0.000,1.000,0.000,0,0,0,2,2,0,0,2,0.0,0.0,0.0,0.0,0.0,1.0
"G[1,2](((TotChol <= 133.981 & Pt_GrandchildT1D <= 0.000) | age >= 0.000) | TotChol >= 0.000)
",9999999.000,9999999.000,0.000,1.000,0.000,0,0,2,0,0,2,2,0,0.0,0.0,1.0,0.0,0.0,1.0
"G[0,1](((bmi <= 21.477 & BUN <= 10.918) -> TotalDailyInsPerKg <= 11.708) & Pt_MotherT1D >= 8.091)
",9999999.000,9999999.000,0.000,1.000,0.000,0,0,0,2,2,0,0,2,0.0,0.0,0.0,0.0,0.0,1.0
"G[1,2](((LDL >= 25.155 & bmiPerc <= 0.726) | diabDur >= 0.529) -> Pt_A1cGoalLev >= 0.572)
",9999999.000,9999999.000,0.000,1.000,0.000,0,0,1,1,1,1,1,1,0.0,0.0,1.0,0.0,0.0,1.0
"G[0,2](((HeightCm >= 164.453 | bmiPerc >= 0.530) -> HbA1c <= 0.688) & GFR >= 0.549)
",9999999.000,9999999.000,0.000,1.000,0.000,0,0,0,2,2,0,0,2,0.0,0.0,0.0,0.0,0.0,1.0
"G[0,2](((Pt_SHFlg <= 0.000 -> Pt_A1cGoalLev >= 0.759) & BGTestAvgNumPtRep >= 1.271) | LDL <= 6.699)
",9999999.000,9999999.000,0.000,1.000,0.000,0,0,1,1,1,1,1,1,0.0,0.0,1.0,0.0,0.0,1.0
"G[0,1]((WeightKg >= 57.463 & Pt_DKAFlg <= 0.358) | BldPrDia <= 0.733)
",9999999.000,9999999.000,0.000,1.000,0.000,0,0,0,2,2,0,0,2,0.0,0.0,0.0,0.0,0.0,1.0
"G[0,2](((bmi >= 20.784 -> BUN <= 12.355) -> HDL <= 11.659) | diabDur <= 13.836)
",9999999.000,9999999.000,0.000,1.000,0.000,0,0,2,0,0,2,2,0,0.0,0.0,1.0,0.0,0.0,1.0
"G[0,1]((bmiZscore >= 0.150 | bmiPerc <= 0.732) & WeightKg <= 0.629)
",9999999.000,9999999.000,0.000,1.000,0.000,0,0,0,2,2,0,0,2,0.0,0.0,0.0,0.0,0.0,1.0
"G[2,2](Pt_InsGov >= 0.067 -> Pt_A1cGoalLevelDsYr5 >= 0.000)
",0.000,0.000,0.000,1.000,0.000,0,0,2,0,0,2,2,0,0.0,0.0,1.0,0.0,0.0,1.0
"G[1,2]((Pt_MotherT1D <= 0.000 & LDL <= 80.215) -> Pt_CGMUseNumDays >= 13.946)
",9999999.000,9999999.000,0.000,1.000,0.000,0,0,1,1,1,1,1,1,0.0,0.0,1.0,0.0,0.0,1.0
"G[2,2](diabDur >= 3.462 | BldPrSys <= 116.962)
",116.962,116.962,0.000,1.000,0.000,0,0,2,0,0,2,2,0,0.0,0.0,1.0,0.0,0.0,1.0
"G[1,2](Pt_SHFlg <= 0.000 & TotalDailyInsPerKg >= 0.159)
",9999999.000,9999999.000,0.000,1.000,0.000,0,0,2,0,0,2,2,0,0.0,0.0,1.0,0.0,0.0,1.0
"G[0,2](((HbA1c <= 13.924 | Pt_SiblingT1D >= 0.000) | SMBGperDayPtMeterCombo <= 0.000) -> BGTestAvgNumPtRep >= 0.000)
",9999999.000,9999999.000,0.000,1.000,0.000,0,0,2,0,0,2,2,0,0.0,0.0,1.0,0.0,0.0,1.0
"G[0,1](((UnitsInsBasalOrLongAct <= 16.946 & bmi >= 20.502) & HDL <= 21.654) | Pt_MotherT1D >= 20.823)
",9999999.000,9999999.000,0.000,1.000,0.000,0,0,0,2,2,0,0,2,0.0,0.0,0.0,0.0,0.0,1.0
"G[1,2](((bmiPerc >= 0.599 -> NumPumpBolusOrShortAct >= 0.482) & BUN <= 1.915) -> TotalDailyInsPerKg <= 0.899)
",9999999.000,9999999.000,0.000,1.000,0.000,0,0,2,0,0,2,2,0,0.0,0.0,1.0,0.0,0.0,1.0
"G[2,2](((UnitsInsBasalOrLongAct >= 0.063 -> bmi <= 21.671) & HeightCm >= 20.471) | UnitsInsBasalOrLongAct >= 21.056)
",-21.056,-21.056,0.000,1.000,0.000,0,0,2,0,0,2,2,0,0.0,0.0,1.0,0.0,0.0,1.0
"G[1,2](BGTestAvgNumPtRep >= 1.450 & AlbCreatRat_mggNew >= 16.074)
",9999999.000,9999999.000,0.000,1.000,0.000,0,0,0,2,2,0,0,2,0.0,0.0,0.0,0.0,0.0,1.0
"G[1,2]((GFR <= 0.000 | SMBGperDayPtMeterCombo <= 7.207) -> bmiPerc <= 5.242)
",9999999.000,9999999.000,0.000,1.000,0.000,0,0,2,0,0,2,2,0,0.0,0.0,1.0,0.0,0.0,1.0
"G[1,2]((BGTestAvgNumMeter <= 1.745 | LDL >= 0.093) -> Pt_DKAFlg <= 95.663)
",9999999.000,9999999.000,0.000,1.000,0.000,0,0,2,0,0,2,2,0,0.0,0.0,1.0,0.0,0.0,1.0
"G[1,2](((AlbCreatRat_mggNew >= 14.297 & WeightKg <= 60.211) & BUN <= 58.424) | AlbCreatRat_mggNew <= 59.977)
",9999999.000,9999999.000,0.000,1.000,0.000,0,0,2,0,0,2,2,0,0.0,0.0,1.0,0.0,0.0,1.0
"G[0,2]((BGTestAvgNumPtRep <= 7.824 | bmiPerc >= 0.530) -> Pt_SiblingT1D >= 0.564)
",9999999.000,9999999.000,0.000,1.000,0.000,0,0,0,2,2,0,0,2,0.0,0.0,0.0,0.0,0.0,1.0
"G[1,2](BGTestAvgNumMeter >= 0.332 & HbA1c >= 9.150)
",9999999.000,9999999.000,0.000,1.000,0.000,0,0,1,1,1,1,1,1,0.0,0.0,1.0,0.0,0.0,1.0
"G[1,2](BGTestAvgNumPtRep <= 5.301 & HbA1c <= 13.749)
",9999999.000,9999999.000,0.000,1.000,0.000,0,0,0,2,2,0,0,2,0.0,0.0,0.0,0.0,0.0,1.0
"G[2,2](AutonomicNeuroCl >= 0.315 | diabDur >= 2.734)
",-0.315,-0.315,0.000,1.000,0.000,0,0,2,0,0,2,2,0,0.0,0.0,1.0,0.0,0.0,1.0
"G[2,2](((AlbCreatRat_mggNew >= 22.171 | Pt_A1cGoalLev >= 0.541) -> BGTestAvgNumPtRep >= 0.897) & bmi <= 2.158)
",0.541,0.541,0.000,1.000,0.000,0,0,2,0,0,2,2,0,0.0,0.0,1.0,0.0,0.0,1.0
"G[1,2](((Triglyc <= 80.395 | UnitsInsBasalOrLongAct <= 9.659) -> UnitsInsBasalOrLongAct <= 10.150) -> Pt_CGMUseNumDays >= 0.750)
",9999999.000,9999999.000,0.000,1.000,0.000,0,0,1,1,1,1,1,1,0.0,0.0,1.0,0.0,0.0,1.0
"G[1,2](((BldPrSys >= 115.928 & Triglyc <= 49.727) | HbA1c >= 0.165) & Pt_FatherT1D <= 99.985)
",9999999.000,9999999.000,0.000,1.000,0.000,0,0,2,0,0,2,2,0,0.0,0.0,1.0,0.0,0.0,1.0
"G[1,2]((AlbCreatRat_mggNew >= 17.061 & bmiPerc <= 0.733) -> BGTestAvgNumMeter >= 0.535)
",9999999.000,9999999.000,0.000,1.000,0.000,0,0,2,0,0,2,2,0,0.0,0.0,1.0,0.0,0.0,1.0
"G[1,2]((HbA1c >= 9.608 | UnitsInsBasalOrLongAct >= 1.669) -> diabDur >= 6.074)
",9999999.000,9999999.000,0.000,1.000,0.000,0,0,0,2,2,0,0,2,0.0,0.0,0.0,0.0,0.0,1.0
"G[2,2](AlbCreatRat_mggNew <= 45.060 | bmiZscore <= 0.486)
",45.060,45.060,0.000,1.000,0.000,0,0,2,0,0,2,2,0,0.0,0.0,1.0,0.0,0.0,1.0
"G[2,2](((BldPrSys >= 115.875 & LDL <= 108.522) -> Pt_DKAFlg >= 10.345) -> HbA1cImputeDtMnC <= 71.434)
",-71.434,-71.434,0.000,1.000,0.000,0,0,2,0,0,2,2,0,0.0,0.0,1.0,0.0,0.0,1.0
"G[0,2]((bmi >= 21.117 | HbA1c <= 11.770) | Pt_InsGov >= 9.616)
",9999999.000,9999999.000,0.000,1.000,0.000,0,0,2,0,0,2,2,0,0.0,0.0,1.0,0.0,0.0,1.0
"G[1,2](HDL >= 27.304 | Pt_InsGov <= 0.710)
",9999999.000,9999999.000,0.000,1.000,0.000,0,0,2,0,0,2,2,0,0.0,0.0,1.0,0.0,0.0,1.0
"G[1,2](((BldPrDia <= 67.095 | bmi <= 21.996) -> bmi <= 22.158) -> bmiZscore <= 21.473)
",9999999.000,9999999.000,0.000,1.000,0.000,0,0,2,0,0,2,2,0,0.0,0.0,1.0,0.0,0.0,1.0
"G[1,2](BldPrDia >= 64.599 -> HDL <= 45.220)
",9999999.000,9999999.000,0.000,1.000,0.000,0,0,1,1,1,1,1,1,0.0,0.0,1.0,0.0,0.0,1.0
"G[0,1](((bmi >= 21.053 | SMBGperDayPtMeterCombo >= 2.780) -> TSH >= 2.162) & AutonomicNeuroCl >= 4.082)
",9999999.000,9999999.000,0.000,1.000,0.000,0,0,0,2,2,0,0,2,0.0,0.0,0.0,0.0,0.0,1.0
"G[0,2](BldPrSys >= 115.473 | WeightKg <= 58.397)
",9999999.000,9999999.000,0.000,1.000,0.000,0,0,2,0,0,2,2,0,0.0,0.0,1.0,0.0,0.0,1.0
"G[0,2](bmiZscore >= -0.002 -> HbA1cImputeDtMnC <= 21.527)
",9999999.000,9999999.000,0.000,1.000,0.000,0,0,1,1,1,1,1,1,0.0,0.0,1.0,0.0,0.0,1.0
"G[0,2]((Pt_DKAFlg >= 0.159 | TotalDailyInsPerKg <= 1.023) -> LDL <= 1.023)
",9999999.000,9999999.000,0.000,1.000,0.000,0,0,1,1,1,1,1,1,0.0,0.0,1.0,0.0,0.0,1.0
"G[2,2](AlbCreatRat_mggNew >= 9.336 & diabDur <= 3.681)
",-9.336,-9.336,0.000,1.000,0.000,0,0,2,0,0,2,2,0,0.0,0.0,1.0,0.0,0.0,1.0
"G[0,2]((bmiPerc >= 0.595 -> diabDur >= 3.169) | SMBGperDayPtMeterCombo >= 3.284)
",9999999.000,9999999.000,0.000,1.000,0.000,0,0,2,0,0,2,2,0,0.0,0.0,1.0,0.0,0.0,1.0
"G[2,2](BUN <= 12.041 -> TotChol >= 27.268)
",-12.041,-12.041,0.000,1.000,0.000,0,0,2,0,0,2,2,0,0.0,0.0,1.0,0.0,0.0,1.0
"G[1,2](BGTestAvgNumMeter >= 0.233 | SMBGperDayPtMeterCombo <= 5.135)
",9999999.000,9999999.000,0.000,1.000,0.000,0,0,1,1,1,1,1,1,0.0,0.0,1.0,0.0,0.0,1.0
"G[0,1]((bmiPerc <= 0.640 -> SMBGperDayPtMeterCombo <= 6.005) -> BldPrDia <= 7.243)
",9999999.000,9999999.000,0.000,1.000,0.000,0,0,0,2,2,0,0,2,0.0,0.0,0.0,0.0,0.0,1.0
"G[0,2]((LDL <= 55.753 & Pt_A1cGoalLev >= 1.471) & TotalDailyInsPerKg <= 3.468)
",9999999.000,9999999.000,0.000,1.000,0.000,0,0,0,2,2,0,0,2,0.0,0.0,0.0,0.0,0.0,1.0
"G[1,1]((diabDur <= 4.798 & Triglyc <= 95.228) & DirectLDL >= 12.881)
",-12.881,-12.881,0.000,1.000,0.000,0,0,0,2,2,0,0,2,0.0,0.0,0.0,0.0,0.0,1.0
"G[1,2]((TotalDailyInsPerKg <= 0.860 | Triglyc >= 1.182) | BGTestAvgNumPtRep <= 74.330)
",9999999.000,9999999.000,0.000,1.000,0.000,0,0,2,0,0,2,2,0,0.0,0.0,1.0,0.0,0.0,1.0
"G[1,2](((HbA1c >= 10.343 | TotChol >= 24.405) -> Pt_MotherT1D <= 127.079) & BldPrDia >= 0.803)
",9999999.000,9999999.000,0.000,1.000,0.000,0,0,2,0,0,2,2,0,0.0,0.0,1.0,0.0,0.0,1.0
"G[1,2](HbA1c <= 13.869 -> Pt_InsGov >= 0.195)
",9999999.000,9999999.000,0.000,1.000,0.000,0,0,1,1,1,1,1,1,0.0,0.0,1.0,0.0,0.0,1.0
"G[1,2](((AutonomicNeuroCl >= 0.253 & BldPrSys <= 116.901) & Pt_MotherT1D <= 116.844) | AlbCreatRat_mggNew <= 116.748)
",9999999.000,9999999.000,0.000,1.000,0.000,0,0,2,0,0,2,2,0,0.0,0.0,1.0,0.0,0.0,1.0
"G[1,1]((bmiPerc >= 0.513 & Pt_DKAFlg >= 0.070) & HeightCm <= 0.672)
",-0.513,-0.513,0.000,1.000,0.000,0,0,0,2,2,0,0,2,0.0,0.0,0.0,0.0,0.0,1.0
"G[0,2]((bmi >= 20.837 | BUN >= 3.522) | diabDur <= 11.834)
",9999999.000,9999999.000,0.000,1.000,0.000,0,0,2,0,0,2,2,0,0.0,0.0,1.0,0.0,0.0,1.0
"G[0,2](((BGTestAvgNumMeter >= 0.448 | BldPrSys >= 115.450) | Pt_GrandparentT1D <= 116.680) -> DirectLDL >= 115.196)
",9999999.000,9999999.000,0.000,1.000,0.000,0,0,0,2,2,0,0,2,0.0,0.0,0.0,0.0,0.0,1.0
"G[0,0]((BGTestAvgNumMeter <= 0.722 & HbA1cImputeDtMnC >= 0.263) & Pt_SiblingT1D >= 11.278)
",-3.256,-16.278,0.000,1.000,0.000,0,0,0,2,2,0,0,2,0.0,0.0,0.0,0.0,0.0,1.0
"G[1,1](((NumPumpBolusOrShortAct >= 0.038 | UnitsInsBasalOrLongAct <= 15.505) -> BldPrDia <= 21.353) & TotChol >= 1.702)
",-21.353,-21.353,0.000,1.000,0.000,0,0,0,2,2,0,0,2,0.0,0.0,0.0,0.0,0.0,1.0
"G[0,2]((diabDur <= 4.350 -> HDL <= 38.310) & UnitsInsBasalOrLongAct <= 46.043)
",9999999.000,9999999.000,0.000,1.000,0.000,0,0,1,1,1,1,1,1,0.0,0.0,1.0,0.0,0.0,1.0
"G[1,2](((HbA1cImputeDtMnC >= 0.230 & TotChol <= 127.257) -> Pt_FatherT1D <= 106.161) | bmiPerc >= 17.590)
",9999999.000,9999999.000,0.000,1.000,0.000,0,0,2,0,0,2,2,0,0.0,0.0,1.0,0.0,0.0,1.0
"G[1,2]((age <= 15.807 -> bmiZscore <= 0.398) -> Pt_A1cGoalLev <= 0.415)
",9999999.000,9999999.000,0.000,1.000,0.000,0,0,2,0,0,2,2,0,0.0,0.0,1.0,0.0,0.0,1.0
"G[1,2](AutonomicNeuroCl >= 0.161 -> bmiPerc <= 0.736)
",9999999.000,9999999.000,0.000,1.000,0.000,0,0,2,0,0,2,2,0,0.0,0.0,1.0,0.0,0.0,1.0
"G[2,2]((BldPrSys <= 116.149 -> BUN >= 0.033) | BUN <= 13.507)
",13.507,13.507,0.000,1.000,0.000,0,0,2,0,0,2,2,0,0.0,0.0,1.0,0.0,0.0,1.0
"G[1,2](AutonomicNeuroCl <= 0.690 | UnitsInsBasalOrLongAct >= 2.151)
",9999999.000,9999999.000,0.000,1.000,0.000,0,0,2,0,0,2,2,0,0.0,0.0,1.0,0.0,0.0,1.0
"G[1,2](((NumPumpBolusOrShortAct >= 0.457 | TotalDailyInsPerKg >= 0.399) | Triglyc >= 0.544) & BldPrSys >= 0.417)
",9999999.000,9999999.000,0.000,1.000,0.000,0,0,2,0,0,2,2,0,0.0,0.0,1.0,0.0,0.0,1.0
"G[1,2](Triglyc < 70.592 & Pt_SHFlg = 0.000)
",9999999.000,9999999.000,0.000,1.000,0.000,0,0,1,1,1,1,1,1,0.0,0.0,1.0,0.0,0.0,1.0
"G[0,1](((bmi >= 20.622 & UnitsInsBasalOrLongAct <= 15.101) -> Pt_A1cGoalLev >= 5.607) & HbA1cImputeDtMnC <= 14.932)
",9999999.000,9999999.000,0.000,1.000,0.000,0,0,0,2,2,0,0,2,0.0,0.0,0.0,0.0,0.0,1.0
"G[1,2]((HeightCm <= 165.049 | LDL <= 62.532) -> Pt_GrandparentT1D <= 67.649)
",9999999.000,9999999.000,0.000,1.000,0.000,0,0,2,0,0,2,2,0,0.0,0.0,1.0,0.0,0.0,1.0
"G[0,2](BGTestAvgNumPtRep >= 4.224 -> Pt_SHFlg = 0.000)
",9999999.000,9999999.000,0.000,1.000,0.000,0,0,2,0,0,2,2,0,0.0,0.0,1.0,0.0,0.0,1.0
"G[1,2](TotalDailyInsPerKg > 0.160 & Pt_SHFlg = 0.000)
",9999999.000,9999999.000,0.000,1.000,0.000,0,0,2,0,0,2,2,0,0.0,0.0,1.0,0.0,0.0,1.0
"G[1,2](BGTestAvgNumPtRep <= 6.892 & HeightCm <= 165.080)
",9999999.000,9999999.000,0.000,1.000,0.000,0,0,0,2,2,0,0,2,0.0,0.0,0.0,0.0,0.0,1.0
"G[2,2]((UnitsInsBasalOrLongAct >= 0.628 | WeightKg <= 57.808) & HbA1c >= 57.587)
",-57.587,-57.587,0.000,1.000,0.000,0,0,2,0,0,2,2,0,0.0,0.0,1.0,0.0,0.0,1.0
"G[0,2]((TSH <= 0.000 & Triglyc <= 67.866) -> bmiZscore <= 61.596)
",9999999.000,9999999.000,0.000,1.000,0.000,0,0,2,0,0,2,2,0,0.0,0.0,1.0,0.0,0.0,1.0
"G[0,2]((NumPumpBolusOrShortAct <= 1.987 | TSH <= 0.000) & TotChol <= 0.000)
",9999999.000,9999999.000,0.000,1.000,0.000,0,0,1,1,1,1,1,1,0.0,0.0,1.0,0.0,0.0,1.0
"G[0,1](Pt_SiblingT1D > 0.000 & Pt_SHFlg = 0.000)
",9999999.000,9999999.000,0.000,1.000,0.000,0,0,0,2,2,0,0,2,0.0,0.0,0.0,0.0,0.0,1.0
"G[0,2]((GFR >= 0.000 & Pt_InsGov >= 0.202) & Pt_A1cGoalLev <= 0.362)
",9999999.000,9999999.000,0.000,1.000,0.000,0,0,0,2,2,0,0,2,0.0,0.0,0.0,0.0,0.0,1.0
"G[0,2](Pt_GrandparentT1D <= 0.000 -> Pt_SHFlg = 0.000)
",9999999.000,9999999.000,0.000,1.000,0.000,0,0,2,0,0,2,2,0,0.0,0.0,1.0,0.0,0.0,1.0
"G[0,2](((age <= 16.821 & AlbCreatRat_mggNew <= 43.402) & bmi >= 5.441) -> LDL >= 10.610)
",9999999.000,9999999.000,0.000,1.000,0.000,0,0,2,0,0,2,2,0,0.0,0.0,1.0,0.0,0.0,1.0
"G[1,2]((Pt_InsGov >= 0.020 -> SMBGperDayPtMeterCombo >= 3.138) & bmi >= 2.542)
",9999999.000,9999999.000,0.000,1.000,0.000,0,0,2,0,0,2,2,0,0.0,0.0,1.0,0.0,0.0,1.0
"G[1,2](HeightCm >= 164.571 -> Pt_SHFlg = 0.000)
",9999999.000,9999999.000,0.000,1.000,0.000,0,0,2,0,0,2,2,0,0.0,0.0,1.0,0.0,0.0,1.0
"G[0,0]((Triglyc >= 11.771 | diabDur <= 3.709) & diagAgeCombo <= 3.665)
",-11.771,-11.771,0.000,1.000,0.000,0,0,0,2,2,0,0,2,0.0,0.0,0.0,0.0,0.0,1.0
"G[0,2]((BGTestAvgNumMeter >= 0.037 | BldPrDia >= 65.985) | HDL <= 67.524)
",9999999.000,9999999.000,0.000,1.000,0.000,0,0,2,0,0,2,2,0,0.0,0.0,1.0,0.0,0.0,1.0
"G[0,2](LDL < 110.633 -> Pt_SHFlg = 0.000)
",9999999.000,9999999.000,0.000,1.000,0.000,0,0,2,0,0,2,2,0,0.0,0.0,1.0,0.0,0.0,1.0
"G[2,2](GFR <= 0.000 & Pt_SHFlg = 0.000)
",0.000,0.000,0.000,1.000,0.000,0,0,2,0,0,2,2,0,0.0,0.0,1.0,0.0,0.0,1.0
"G[0,1]((HbA1c >= 8.929 & LDL >= 10.440) & Pt_GrandparentT1D <= 68.752)
",9999999.000,9999999.000,0.000,1.000,0.000,0,0,0,2,2,0,0,2,0.0,0.0,0.0,0.0,0.0,1.0
"G[0,2](AutonomicNeuroCl >= 0.426 & HDL >= 26.572)
",9999999.000,9999999.000,0.000,1.000,0.000,0,0,0,2,2,0,0,2,0.0,0.0,0.0,0.0,0.0,1.0
"G[1,1](((AlbCreatRat_mggNew <= 40.701 | BldPrSys >= 115.138) | Pt_GrandchildT1D >= 115.592) & BGTestAvgNumPtRep >= 115.710)
",-115.710,-115.710,0.000,1.000,0.000,0,0,0,2,2,0,0,2,0.0,0.0,0.0,0.0,0.0,1.0
"G[1,2](((HDL >= 22.960 | WeightKg <= 58.984) | HDL >= 56.630) | AutonomicNeuroCl >= 55.462)
",9999999.000,9999999.000,0.000,1.000,0.000,0,0,2,0,0,2,2,0,0.0,0.0,1.0,0.0,0.0,1.0
"G[1,2](((AutonomicNeuroCl >= 0.377 -> HeightCm <= 164.968) -> AutonomicNeuroCl <= 164.995) | BldPrSys >= 164.114)
",9999999.000,9999999.000,0.000,1.000,0.000,0,0,2,0,0,2,2,0,0.0,0.0,1.0,0.0,0.0,1.0
"G[2,2](((bmiPerc <= 0.630 & Pt_InsGov >= 0.181) -> Pt_A1cGoalLev >= 0.014) -> LDL >= 0.088)
",-0.014,-0.014,0.000,1.000,0.000,0,0,2,0,0,2,2,0,0.0,0.0,1.0,0.0,0.0,1.0
"G[0,2](((bmiZscore >= 0.036 -> LDL <= 49.940) -> AutonomicNeuroCl <= 55.478) | Pt_ChildT1D >= 13.055)
",9999999.000,9999999.000,0.000,1.000,0.000,0,0,2,0,0,2,2,0,0.0,0.0,1.0,0.0,0.0,1.0
"G[0,2]((bmiZscore >= 0.269 -> TotChol >= 33.930) | TotalDailyInsPerKg <= 66.290)
",9999999.000,9999999.000,0.000,1.000,0.000,0,0,2,0,0,2,2,0,0.0,0.0,1.0,0.0,0.0,1.0
"G[2,2](((TotalDailyInsPerKg <= 1.197 | UnitsInsBasalOrLongAct >= 3.992) | HbA1c >= 5.298) -> HbA1c >= 0.585)
",-1.197,-1.197,0.000,1.000,0.000,0,0,2,0,0,2,2,0,0.0,0.0,1.0,0.0,0.0,1.0
"G[1,2](((BldPrDia <= 66.336 | BUN >= 0.024) -> TotChol >= 4.135) -> Pt_MotherT1D >= 1.372)
",9999999.000,9999999.000,0.000,1.000,0.000,0,0,2,0,0,2,2,0,0.0,0.0,1.0,0.0,0.0,1.0
"G[0,1](((BUN <= 14.964 -> Triglyc >= 28.775) & BGTestAvgNumMeter >= 37.549) & bmiZscore >= 44.399)
",9999999.000,9999999.000,0.000,1.000,0.000,0,0,0,2,2,0,0,2,0.0,0.0,0.0,0.0,0.0,1.0
"G[0,2]((bmiZscore >= 0.146 & BUN <= 15.027) | BGTestAvgNumMeter >= 6.826)
",9999999.000,9999999.000,0.000,1.000,0.000,0,0,0,2,2,0,0,2,0.0,0.0,0.0,0.0,0.0,1.0
"G[1,2]((bmiZscore <= 0.433 | Triglyc <= 56.161) & Pt_GrandparentT1D <= 66.542)
",9999999.000,9999999.000,0.000,1.000,0.000,0,0,1,1,1,1,1,1,0.0,0.0,1.0,0.0,0.0,1.0
"G[0,2](HeightCm >= 164.165 | Pt_InsGov <= 0.485)
",9999999.000,9999999.000,0.000,1.000,0.000,0,0,1,1,1,1,1,1,0.0,0.0,1.0,0.0,0.0,1.0
"G[0,1]((AlbCreatRat_mggNew >= 10.019 & BldPrDia <= 68.118) & AlbCreatRat_mggNew >= 64.609)
",9999999.000,9999999.000,0.000,1.000,0.000,0,0,0,2,2,0,0,2,0.0,0.0,0.0,0.0,0.0,1.0
"G[2,2]((bmiPerc >= 0.581 | BUN <= 14.282) | TotalDailyInsPerKg <= 8.887)
",14.282,14.282,0.000,1.000,0.000,0,0,2,0,0,2,2,0,0.0,0.0,1.0,0.0,0.0,1.0
"G[0,2](((BGTestAvgNumMeter <= 0.539 & bmiZscore >= 0.012) & Pt_InsGov <= 0.375) | AutonomicNeuroCl <= 0.511)
",9999999.000,9999999.000,0.000,1.000,0.000,0,0,1,1,1,1,1,1,0.0,0.0,1.0,0.0,0.0,1.0
"G[1,2](BGTestAvgNumPtRep <= 5.293 | bmi >= 20.693)
",9999999.000,9999999.000,0.000,1.000,0.000,0,0,2,0,0,2,2,0,0.0,0.0,1.0,0.0,0.0,1.0
"G[0,2](((HDL <= 46.709 | LDL >= 43.815) -> UnitsInsBasalOrLongAct <= 59.173) & TotalDailyInsPerKg >= 0.443)
",9999999.000,9999999.000,0.000,1.000,0.000,0,0,1,1,1,1,1,1,0.0,0.0,1.0,0.0,0.0,1.0
"G[0,2](SMBGperDayPtMeterCombo >= 4.227 & BGTestAvgNumPtRep >= 0.847)
",9999999.000,9999999.000,0.000,1.000,0.000,0,0,1,1,1,1,1,1,0.0,0.0,1.0,0.0,0.0,1.0
