Rule,Discrimination Score,Pos Robustness,Neg Robustness,Percent Class +,Percent Class -,TP,TN,FP,FN,Actual Yes,Actual No,Predicted Yes,Predicted No,TPR/Sens,TNR/Spec,FPR,Precision,Accuracy,MCR,Class
"G[0,0](bmiZscore <= 1.467 -> BUN <= 0.000)
",0.000,0.000,0.000,1.000,0.000,1,0,0,0,1,0,1,0,1.0,0.0,0.0,1.0,1.0,0.0,1
"((HbA1cImputeDtMnC <= 19.914) U[0,1] (Pt_SHFlg = 0.410))
",0.000,0.000,0.000,0.000,1.000,1,0,0,0,1,0,1,0,1.0,0.0,0.0,1.0,1.0,0.0,-1
"F[0,0](((BGTestAvgNumMeter <= 0.000 -> diabDur <= 5.698) -> BldPrSys >= 5.221) & Pt_A1cGoalLev >= 5.498)
",0.000,0.000,0.000,0.000,1.000,1,0,0,0,1,0,1,0,1.0,0.0,0.0,1.0,1.0,0.0,-1
"F[0,0]((HDL >= 63.373 -> Pt_DKAFlg <= 0.753) & diagAgeCombo >= 0.252)
",0.000,0.000,0.000,0.000,1.000,1,0,0,0,1,0,1,0,1.0,0.0,0.0,1.0,1.0,0.0,-1
"F[1,1]((Pt_DKAFlg >= 0.251 & diabDur >= 5.352) | LDL <= 5.813)
",0.000,0.000,0.000,0.000,1.000,1,0,0,0,1,0,1,0,1.0,0.0,0.0,1.0,1.0,0.0,-1
"F[0,0](((Pt_DKAFlg <= 0.518 -> TotChol >= 188.925) -> Pt_GrandparentT1D <= 226.314) -> bmiPerc >= 189.060)
",0.000,0.000,0.000,0.000,1.000,1,0,0,0,1,0,1,0,1.0,0.0,0.0,1.0,1.0,0.0,-1
"F[1,1](Pt_MotherT1D <= 0.000 -> BGTestAvgNumPtRep >= 0.486)
",0.000,0.000,0.000,0.000,1.000,1,0,0,0,1,0,1,0,1.0,0.0,0.0,1.0,1.0,0.0,-1
"((GFR <= 0.000) U[1,1] (Pt_SHFlg = 0.847))
",0.000,0.000,0.000,0.000,1.000,1,0,0,0,1,0,1,0,1.0,0.0,0.0,1.0,1.0,0.0,-1
"((DirectLDL <= 0.000) U[0,1] (Pt_SHFlg = 0.062))
",0.000,0.000,0.000,0.000,1.000,1,0,0,0,1,0,1,0,1.0,0.0,0.0,1.0,1.0,0.0,-1
"((diagAgeCombo >= 11.000) U[1,1] (Pt_DKAFlg >= 0.063))
",0.000,0.000,0.000,0.000,1.000,1,0,0,0,1,0,1,0,1.0,0.0,0.0,1.0,1.0,0.0,-1
"((Pt_SiblingT1D >= 0.000) U[0,0] (Pt_SHFlg = 0.365))
",0.000,0.000,0.000,0.000,1.000,1,0,0,0,1,0,1,0,1.0,0.0,0.0,1.0,1.0,0.0,-1
"F[1,1](SMBGperDayPtMeterCombo <= 0.755 -> SMBGperDayPtMeterCombo >= 0.201)
",0.000,0.000,0.000,0.000,1.000,1,0,0,0,1,0,1,0,1.0,0.0,0.0,1.0,1.0,0.0,-1
"((BldPrSys >= 130.106) U[1,2] (AutonomicNeuroCl >= 0.000))
",0.000,0.000,0.000,0.000,1.000,1,0,0,0,1,0,1,0,1.0,0.0,0.0,1.0,1.0,0.0,-1
"((Pt_SHFlg >= 0.427) U[0,1] (Pt_SHFlg = 0.172))
",0.000,0.000,0.000,0.000,1.000,1,0,0,0,1,0,1,0,1.0,0.0,0.0,1.0,1.0,0.0,-1
"((AlbCreatRat_mggNew >= 1.143) U[0,1] (Pt_SHFlg = 0.001))
",0.000,0.000,0.000,0.000,1.000,1,0,0,0,1,0,1,0,1.0,0.0,0.0,1.0,1.0,0.0,-1
"F[1,1](Pt_InsGov >= 0.000 -> BldPrSys <= 133.132)
",0.000,0.000,0.000,0.000,1.000,1,0,0,0,1,0,1,0,1.0,0.0,0.0,1.0,1.0,0.0,-1
"F[0,1](((LDL <= 162.646 & LDL <= 166.131) & BldPrDia >= 106.169) & TotalDailyInsPerKg <= 157.299)
",0.000,0.000,0.000,0.000,1.000,1,0,0,0,1,0,1,0,1.0,0.0,0.0,1.0,1.0,0.0,-1
"G[1,1](((WeightKg <= 74.031 | SMBGperDayPtMeterCombo >= 0.192) & GFR <= 0.793) | Pt_InsGov <= 0.571)
",0.000,0.000,0.000,1.000,0.000,1,0,0,0,1,0,1,0,1.0,0.0,0.0,1.0,1.0,0.0,1
"G[1,1](((BUN >= 0.000 & TSH >= 0.000) & LDL >= 0.000) -> AutonomicNeuroCl <= 0.000)
",0.000,0.000,0.000,1.000,0.000,1,0,0,0,1,0,1,0,1.0,0.0,0.0,1.0,1.0,0.0,1
"G[0,0](((GFR <= 0.000 & BUN >= 0.000) | Pt_DKAFlg >= 0.000) | Pt_FatherT1D >= 0.000)
",0.000,0.000,0.000,1.000,0.000,1,0,0,0,1,0,1,0,1.0,0.0,0.0,1.0,1.0,0.0,1
"G[0,0](((Pt_CGMUseNumDays <= 0.000 -> diagAgeCombo <= 11.000) -> HbA1c <= 11.000) -> HbA1c >= 11.000)
",0.000,0.000,0.000,1.000,0.000,1,0,0,0,1,0,1,0,1.0,0.0,0.0,1.0,1.0,0.0,1
"G[1,1](((DirectLDL <= 0.000 & BUN <= 0.000) | Pt_CGMUseNumDays >= 0.000) & DirectLDL >= 0.000)
",0.000,0.000,0.000,1.000,0.000,1,0,0,0,1,0,1,0,1.0,0.0,0.0,1.0,1.0,0.0,1
"G[1,1](SMBGperDayPtMeterCombo <= 0.849 | UnitsInsBasalOrLongAct <= 0.000)
",0.000,0.000,0.000,1.000,0.000,1,0,0,0,1,0,1,0,1.0,0.0,0.0,1.0,1.0,0.0,1
"G[0,1](GFR <= 0.000 -> BUN >= 0.000)
",0.000,0.000,0.000,1.000,0.000,1,0,0,0,1,0,1,0,1.0,0.0,0.0,1.0,1.0,0.0,1
"G[0,1](((TSH >= 0.000 & BGTestAvgNumPtRep <= 0.648) -> NumPumpBolusOrShortAct <= 0.545) -> Pt_InsGov <= 0.966)
",0.000,0.000,0.000,1.000,0.000,1,0,0,0,1,0,1,0,1.0,0.0,0.0,1.0,1.0,0.0,1
"G[0,1](((Pt_DKAFlg <= 0.882 | Pt_FatherT1D >= 0.000) & bmiPerc >= 0.000) & NumPumpBolusOrShortAct <= 0.000)
",0.000,0.000,0.000,1.000,0.000,1,0,0,0,1,0,1,0,1.0,0.0,0.0,1.0,1.0,0.0,1
"G[0,0]((Pt_GrandchildT1D <= 0.000 | NumPumpBolusOrShortAct <= 0.000) -> AutonomicNeuroCl <= 0.000)
",0.000,0.000,0.000,1.000,0.000,1,0,0,0,1,0,1,0,1.0,0.0,0.0,1.0,1.0,0.0,1
"G[0,1](((BGTestAvgNumMeter <= 0.000 -> bmi <= 27.240) & BldPrDia <= 27.287) -> HeightCm >= 26.826)
",0.000,0.000,0.000,1.000,0.000,1,0,0,0,1,0,1,0,1.0,0.0,0.0,1.0,1.0,0.0,1
"F[0,0](((diagAgeCombo <= 11.000 -> age >= 16.823) & diagAgeCombo >= 16.948) & HbA1c <= 17.974)
",0.000,0.000,0.000,0.000,1.000,1,0,0,0,1,0,1,0,1.0,0.0,0.0,1.0,1.0,0.0,-1
"((GFR <= 0.000) U[1,1] (age <= 17.030))
",0.000,0.000,0.000,0.000,1.000,1,0,0,0,1,0,1,0,1.0,0.0,0.0,1.0,1.0,0.0,-1
"G[0,0]((Pt_ChildT1D <= 0.000 & HDL <= 71.669) | TotalDailyInsPerKg <= 68.717)
",0.000,0.000,0.000,1.000,0.000,1,0,0,0,1,0,1,0,1.0,0.0,0.0,1.0,1.0,0.0,1
"F[1,1](((LDL >= 125.939 & BUN >= 0.000) -> Pt_GrandparentT1D <= 0.000) & TotChol <= 0.000)
",0.000,0.000,0.000,0.000,1.000,1,0,0,0,1,0,1,0,1.0,0.0,0.0,1.0,1.0,0.0,-1
"F[0,1](((NumPumpBolusOrShortAct <= 0.000 -> bmi >= 26.795) -> BGTestAvgNumPtRep <= 27.364) & bmiZscore >= 26.882)
",0.000,0.000,0.000,0.000,1.000,1,0,0,0,1,0,1,0,1.0,0.0,0.0,1.0,1.0,0.0,-1
"((BGTestAvgNumMeter >= 0.000) U[0,0] (BGTestAvgNumPtRep <= 0.929))
",0.000,0.000,0.000,0.000,1.000,1,0,0,0,1,0,1,0,1.0,0.0,0.0,1.0,1.0,0.0,-1
"F[0,0]((Pt_CGMUseNumDays <= 0.000 | HbA1c <= 13.599) -> TotalDailyInsPerKg >= 13.133)
",0.000,0.000,0.000,0.000,1.000,1,0,0,0,1,0,1,0,1.0,0.0,0.0,1.0,1.0,0.0,-1
"((age >= 16.534) U[1,1] (HbA1c >= 13.432))
",0.000,0.000,0.000,0.000,1.000,1,0,0,0,1,0,1,0,1.0,0.0,0.0,1.0,1.0,0.0,-1
"F[0,1]((BGTestAvgNumPtRep >= 0.407 -> Pt_MotherT1D >= 0.000) -> bmiPerc <= 0.000)
",0.000,0.000,0.000,0.000,1.000,1,0,0,0,1,0,1,0,1.0,0.0,0.0,1.0,1.0,0.0,-1
"((Pt_SHFlg >= 0.288) U[0,0] (Pt_GrandparentT1D >= 0.350))
",0.000,0.000,0.000,0.000,1.000,1,0,0,0,1,0,1,0,1.0,0.0,0.0,1.0,1.0,0.0,-1
"F[1,1](((AutonomicNeuroCl <= 0.000 | HeightCm >= 164.988) -> UnitsInsBasalOrLongAct >= 165.050) | BldPrDia >= 164.831)
",0.000,0.000,0.000,0.000,1.000,1,0,0,0,1,0,1,0,1.0,0.0,0.0,1.0,1.0,0.0,-1
"F[0,0](diagAgeCombo >= 11.000 & Pt_SHFlg >= 0.125)
",0.000,0.000,0.000,0.000,1.000,1,0,0,0,1,0,1,0,1.0,0.0,0.0,1.0,1.0,0.0,-1
"F[0,0]((NumPumpBolusOrShortAct >= 0.000 -> Triglyc >= 78.031) & Pt_FatherT1D <= 88.125)
",0.000,0.000,0.000,0.000,1.000,1,0,0,0,1,0,1,0,1.0,0.0,0.0,1.0,1.0,0.0,-1
"((Pt_GrandparentT1D >= 0.177) U[1,2] (Pt_CGMUseNumDays >= 0.000))
",0.000,0.000,0.000,0.000,1.000,1,0,0,0,1,0,1,0,1.0,0.0,0.0,1.0,1.0,0.0,-1
"F[1,1](((bmi >= 26.834 & Pt_GrandchildT1D <= 0.000) & Pt_GrandparentT1D <= 0.000) & BldPrSys >= 0.000)
",0.000,0.000,0.000,0.000,1.000,1,0,0,0,1,0,1,0,1.0,0.0,0.0,1.0,1.0,0.0,-1
"((TotalDailyInsPerKg >= 0.217) U[1,2] (Pt_A1cGoalLevelDsYr5 <= 0.000))
",0.000,0.000,0.000,0.000,1.000,1,0,0,0,1,0,1,0,1.0,0.0,0.0,1.0,1.0,0.0,-1
"G[1,1](((Pt_ChildT1D <= 0.000 -> Pt_InsGov >= 0.000) -> SMBGperDayPtMeterCombo <= 0.000) & BGTestAvgNumPtRep >= 0.000)
",0.000,0.000,0.000,1.000,0.000,1,0,0,0,1,0,1,0,1.0,0.0,0.0,1.0,1.0,0.0,1
"F[0,1]((DirectLDL <= 0.000 | HbA1cImputeDtMnC >= 9.276) -> Pt_ChildT1D >= 2.848)
",0.000,0.000,0.000,0.000,1.000,1,0,0,0,1,0,1,0,1.0,0.0,0.0,1.0,1.0,0.0,-1
"F[1,1]((DirectLDL <= 0.000 & BldPrDia >= 63.565) & Pt_SHFlg >= 62.238)
",0.000,0.000,0.000,0.000,1.000,1,0,0,0,1,0,1,0,1.0,0.0,0.0,1.0,1.0,0.0,-1
"F[1,1](BGTestAvgNumPtRep <= 0.791 & diabDur <= 5.964)
",0.000,0.000,0.000,0.000,1.000,1,0,0,0,1,0,1,0,1.0,0.0,0.0,1.0,1.0,0.0,-1
"((Pt_A1cGoalLevelDsYr5 >= 0.000) U[1,1] (WeightKg >= 73.185))
",0.000,0.000,0.000,0.000,1.000,1,0,0,0,1,0,1,0,1.0,0.0,0.0,1.0,1.0,0.0,-1
"F[0,1]((bmi <= 27.142 & HbA1cImputeDtMnC >= 9.058) & Pt_CGMUseNumDays >= 8.604)
",0.000,0.000,0.000,0.000,1.000,1,0,0,0,1,0,1,0,1.0,0.0,0.0,1.0,1.0,0.0,-1
"F[1,1](bmiPerc < 0.948 & Pt_SHFlg = 0.580)
",0.000,0.000,0.000,0.000,1.000,1,0,0,0,1,0,1,0,1.0,0.0,0.0,1.0,1.0,0.0,-1
"((AlbCreatRat_mggNew <= 4.005) U[1,2] (NumPumpBolusOrShortAct <= 0.000))
",0.000,0.000,0.000,0.000,1.000,1,0,0,0,1,0,1,0,1.0,0.0,0.0,1.0,1.0,0.0,-1
"F[0,0](((age >= 16.174 -> AlbCreatRat_mggNew <= 4.935) & age <= 3.501) & HbA1cImputeDtMnC <= 5.007)
",0.000,0.000,0.000,0.000,1.000,1,0,0,0,1,0,1,0,1.0,0.0,0.0,1.0,1.0,0.0,-1
"F[0,0](HeightCm >= 164.958 & Pt_DKAFlg >= 0.317)
",0.000,0.000,0.000,0.000,1.000,1,0,0,0,1,0,1,0,1.0,0.0,0.0,1.0,1.0,0.0,-1
"F[1,1](UnitsInsBasalOrLongAct <= 0.000 & HbA1c <= 13.683)
",0.000,0.000,0.000,0.000,1.000,1,0,0,0,1,0,1,0,1.0,0.0,0.0,1.0,1.0,0.0,-1
"F[1,1](((HbA1cImputeDtMnC <= 15.758 | diabDur <= 5.512) -> Triglyc <= 5.861) & AlbCreatRat_mggNew >= 5.078)
",0.000,0.000,0.000,0.000,1.000,1,0,0,0,1,0,1,0,1.0,0.0,0.0,1.0,1.0,0.0,-1
"F[0,1]((AutonomicNeuroCl <= 0.000 & AlbCreatRat_mggNew >= 0.788) & HbA1cImputeDtMnC >= 0.838)
",0.000,0.000,0.000,0.000,1.000,1,0,0,0,1,0,1,0,1.0,0.0,0.0,1.0,1.0,0.0,-1
"((HbA1c >= 13.334) U[1,2] (HeightCm >= 165.074))
",0.000,0.000,0.000,0.000,1.000,1,0,0,0,1,0,1,0,1.0,0.0,0.0,1.0,1.0,0.0,-1
"G[0,1]((NumPumpBolusOrShortAct <= 0.000 & BldPrSys <= 131.250) -> Pt_FatherT1D <= 133.324)
",0.000,0.000,0.000,1.000,0.000,1,0,0,0,1,0,1,0,1.0,0.0,0.0,1.0,1.0,0.0,1
"F[1,1](BGTestAvgNumMeter >= 0.000 -> HeightCm <= 165.114)
",0.000,0.000,0.000,0.000,1.000,1,0,0,0,1,0,1,0,1.0,0.0,0.0,1.0,1.0,0.0,-1
"G[0,0](((Pt_FatherT1D >= 0.000 | AutonomicNeuroCl <= 0.000) | Pt_A1cGoalLevelDsYr5 <= 0.000) -> HbA1c >= 0.000)
",0.000,0.000,0.000,1.000,0.000,1,0,0,0,1,0,1,0,1.0,0.0,0.0,1.0,1.0,0.0,1
"G[0,0]((bmi >= 26.977 & BGTestAvgNumMeter <= 0.000) | BUN >= 0.000)
",0.000,0.000,0.000,1.000,0.000,1,0,0,0,1,0,1,0,1.0,0.0,0.0,1.0,1.0,0.0,1
"G[0,0](((Pt_GrandchildT1D <= 0.000 -> Pt_GrandchildT1D <= 0.000) | LDL >= 0.000) & HDL >= 0.000)
",0.000,0.000,0.000,1.000,0.000,1,0,0,0,1,0,1,0,1.0,0.0,0.0,1.0,1.0,0.0,1
"G[1,1]((GFR <= 0.000 & HeightCm <= 165.369) -> SMBGperDayPtMeterCombo <= 165.172)
",0.000,0.000,0.000,1.000,0.000,1,0,0,0,1,0,1,0,1.0,0.0,0.0,1.0,1.0,0.0,1
"G[0,0]((Pt_SiblingT1D <= 0.000 -> bmiZscore >= 1.270) | Pt_GrandchildT1D >= 1.324)
",0.000,0.000,0.000,1.000,0.000,1,0,0,0,1,0,1,0,1.0,0.0,0.0,1.0,1.0,0.0,1
"G[0,1]((TSH <= 0.000 & BGTestAvgNumMeter >= 0.000) | HbA1cImputeDtMnC >= 0.000)
",0.000,0.000,0.000,1.000,0.000,1,0,0,0,1,0,1,0,1.0,0.0,0.0,1.0,1.0,0.0,1
"G[0,0](((BGTestAvgNumPtRep <= 0.607 & diabDur <= 5.650) & HbA1c >= 5.138) -> LDL <= 5.656)
",0.000,0.000,0.000,1.000,0.000,1,0,0,0,1,0,1,0,1.0,0.0,0.0,1.0,1.0,0.0,1
"G[1,1](diagAgeCombo >= 11.000 | BldPrDia <= 66.997)
",0.000,0.000,0.000,1.000,0.000,1,0,0,0,1,0,1,0,1.0,0.0,0.0,1.0,1.0,0.0,1
"G[0,1](Pt_FatherT1D > 0.000 -> Pt_SHFlg = 0.897)
",0.000,0.000,0.000,1.000,0.000,1,0,0,0,1,0,1,0,1.0,0.0,0.0,1.0,1.0,0.0,1
"G[0,1](UnitsInsBasalOrLongAct > 0.000 -> Pt_SHFlg = 0.670)
",0.000,0.000,0.000,1.000,0.000,1,0,0,0,1,0,1,0,1.0,0.0,0.0,1.0,1.0,0.0,1
"G[0,0](GFR <= 0.000 | TSH >= 0.000)
",0.000,0.000,0.000,1.000,0.000,1,0,0,0,1,0,1,0,1.0,0.0,0.0,1.0,1.0,0.0,1
"G[0,0](((Pt_ChildT1D >= 0.000 & BldPrSys <= 131.233) -> bmiZscore >= 130.907) -> Pt_CGMUseNumDays <= 133.625)
",0.000,0.000,0.000,1.000,0.000,1,0,0,0,1,0,1,0,1.0,0.0,0.0,1.0,1.0,0.0,1
"G[0,1]((Pt_InsGov <= 0.000 -> Pt_CGMUseNumDays <= 0.000) & NumPumpBolusOrShortAct >= 0.000)
",0.000,0.000,0.000,1.000,0.000,1,0,0,0,1,0,1,0,1.0,0.0,0.0,1.0,1.0,0.0,1
"G[0,0]((Pt_A1cGoalLev >= 1.913 | AutonomicNeuroCl <= 0.000) -> Pt_MotherT1D <= 0.000)
",0.000,0.000,0.000,1.000,0.000,1,0,0,0,1,0,1,0,1.0,0.0,0.0,1.0,1.0,0.0,1
"G[0,1](((NumPumpBolusOrShortAct >= 0.000 -> BGTestAvgNumMeter <= 0.000) | HbA1cImputeDtMnC <= 0.000) | WeightKg >= 0.000)
",0.000,0.000,0.000,1.000,0.000,1,0,0,0,1,0,1,0,1.0,0.0,0.0,1.0,1.0,0.0,1
"G[0,0]((Pt_SiblingT1D <= 0.000 | bmiPerc <= 0.934) -> AlbCreatRat_mggNew >= 0.915)
",0.000,0.000,0.000,1.000,0.000,1,0,0,0,1,0,1,0,1.0,0.0,0.0,1.0,1.0,0.0,1
"G[1,1](((Pt_MotherT1D <= 0.000 -> LDL <= 152.272) & Pt_SHFlg <= 151.690) | bmi <= 149.764)
",0.000,0.000,0.000,1.000,0.000,1,0,0,0,1,0,1,0,1.0,0.0,0.0,1.0,1.0,0.0,1
"G[1,1](((Triglyc >= 62.172 & Pt_GrandchildT1D <= 0.000) -> Pt_A1cGoalLev >= 0.000) -> Triglyc >= 0.000)
",0.000,0.000,0.000,1.000,0.000,1,0,0,0,1,0,1,0,1.0,0.0,0.0,1.0,1.0,0.0,1
"G[0,1]((SMBGperDayPtMeterCombo >= 0.309 | HDL <= 70.209) -> bmi <= 68.602)
",0.000,0.000,0.000,1.000,0.000,1,0,0,0,1,0,1,0,1.0,0.0,0.0,1.0,1.0,0.0,1
"G[0,1](((diagAgeCombo >= 11.000 -> GFR <= 0.000) & BldPrSys <= 0.000) -> Pt_ChildT1D >= 0.000)
",0.000,0.000,0.000,1.000,0.000,1,0,0,0,1,0,1,0,1.0,0.0,0.0,1.0,1.0,0.0,1
"G[0,1](((BldPrDia >= 65.164 | BldPrDia >= 64.169) | HbA1cImputeDtMnC <= 67.741) | DirectLDL <= 69.798)
",0.000,0.000,0.000,1.000,0.000,1,0,0,0,1,0,1,0,1.0,0.0,0.0,1.0,1.0,0.0,1
"G[0,0]((BldPrDia <= 69.706 | BUN <= 0.000) -> BGTestAvgNumMeter >= 0.000)
",0.000,0.000,0.000,1.000,0.000,1,0,0,0,1,0,1,0,1.0,0.0,0.0,1.0,1.0,0.0,1
"G[0,1]((HDL <= 69.017 | BldPrSys <= 133.368) -> AlbCreatRat_mggNew <= 132.570)
",0.000,0.000,0.000,1.000,0.000,1,0,0,0,1,0,1,0,1.0,0.0,0.0,1.0,1.0,0.0,1
"G[0,1](((NumPumpBolusOrShortAct >= 0.000 -> UnitsInsBasalOrLongAct >= 0.000) -> Pt_MotherT1D <= 0.000) & Pt_CGMUseNumDays <= 0.000)
",0.000,0.000,0.000,1.000,0.000,1,0,0,0,1,0,1,0,1.0,0.0,0.0,1.0,1.0,0.0,1
"G[0,1](diagAgeCombo <= 11.000 | Pt_CGMUseNumDays >= 0.000)
",0.000,0.000,0.000,1.000,0.000,1,0,0,0,1,0,1,0,1.0,0.0,0.0,1.0,1.0,0.0,1
"G[0,0]((Pt_GrandchildT1D <= 0.000 & TotalDailyInsPerKg <= 0.580) & Pt_A1cGoalLevelDsYr5 <= 0.683)
",0.000,0.000,0.000,1.000,0.000,1,0,0,0,1,0,1,0,1.0,0.0,0.0,1.0,1.0,0.0,1
"G[0,1]((bmi >= 27.007 -> Pt_ChildT1D >= 0.000) & BUN <= 0.000)
",0.000,0.000,0.000,1.000,0.000,1,0,0,0,1,0,1,0,1.0,0.0,0.0,1.0,1.0,0.0,1
"G[1,1](((TotalDailyInsPerKg >= 0.203 -> diagAgeCombo <= 11.000) & Pt_A1cGoalLevelDsYr5 <= 11.000) -> TSH <= 11.000)
",0.000,0.000,0.000,1.000,0.000,1,0,0,0,1,0,1,0,1.0,0.0,0.0,1.0,1.0,0.0,1
"G[0,1]((TotChol <= 230.577 | Pt_CGMUseNumDays >= 0.000) | BGTestAvgNumMeter <= 0.000)
",0.000,0.000,0.000,1.000,0.000,1,0,0,0,1,0,1,0,1.0,0.0,0.0,1.0,1.0,0.0,1
"G[0,1]((SMBGperDayPtMeterCombo <= 0.718 -> Pt_GrandparentT1D >= 0.136) | NumPumpBolusOrShortAct >= 0.340)
",0.000,0.000,0.000,1.000,0.000,1,0,0,0,1,0,1,0,1.0,0.0,0.0,1.0,1.0,0.0,1
"G[0,1](GFR <= 0.000 -> BUN >= 0.000)
",0.000,0.000,0.000,1.000,0.000,1,0,0,0,1,0,1,0,1.0,0.0,0.0,1.0,1.0,0.0,1
"G[1,1]((Pt_SiblingT1D <= 0.000 -> TotalDailyInsPerKg <= 1.045) -> Pt_ChildT1D >= 0.504)
",0.000,0.000,0.000,1.000,0.000,1,0,0,0,1,0,1,0,1.0,0.0,0.0,1.0,1.0,0.0,1
"G[0,0]((diagAgeCombo <= 11.000 & Pt_A1cGoalLevelDsYr5 >= 0.000) & diabDur >= 0.000)
",0.000,0.000,0.000,1.000,0.000,1,0,0,0,1,0,1,0,1.0,0.0,0.0,1.0,1.0,0.0,1
"G[0,0]((BUN >= 0.000 -> Pt_SHFlg >= 0.128) | Triglyc >= 0.359)
",0.000,0.000,0.000,1.000,0.000,1,0,0,0,1,0,1,0,1.0,0.0,0.0,1.0,1.0,0.0,1
"G[0,0](((TSH >= 0.000 & Triglyc >= 62.965) | bmi >= 61.658) -> Pt_A1cGoalLev >= 67.151)
",0.000,0.000,0.000,1.000,0.000,1,0,0,0,1,0,1,0,1.0,0.0,0.0,1.0,1.0,0.0,1
"G[1,1](diagAgeCombo >= 11.000 | TotalDailyInsPerKg <= 0.798)
",0.000,0.000,0.000,1.000,0.000,1,0,0,0,1,0,1,0,1.0,0.0,0.0,1.0,1.0,0.0,1
"G[1,1](((TotalDailyInsPerKg >= 0.398 -> Pt_GrandparentT1D <= 0.541) | Pt_A1cGoalLev <= 0.793) -> TSH >= 0.003)
",0.000,0.000,0.000,1.000,0.000,1,0,0,0,1,0,1,0,1.0,0.0,0.0,1.0,1.0,0.0,1
"G[0,1]((BldPrSys <= 133.934 | Pt_SiblingT1D <= 0.000) -> Pt_SiblingT1D <= 0.000)
",0.000,0.000,0.000,1.000,0.000,1,0,0,0,1,0,1,0,1.0,0.0,0.0,1.0,1.0,0.0,1
"G[0,1](((Pt_A1cGoalLev >= 1.329 & Triglyc <= 90.443) & AlbCreatRat_mggNew <= 82.649) -> Pt_SHFlg <= 88.098)
",0.000,0.000,0.000,1.000,0.000,1,0,0,0,1,0,1,0,1.0,0.0,0.0,1.0,1.0,0.0,1
"G[0,0](((Pt_DKAFlg >= 0.220 & BGTestAvgNumMeter <= 0.000) | Pt_A1cGoalLevelDsYr5 <= 0.000) & bmi >= 0.000)
",0.000,0.000,0.000,1.000,0.000,1,0,0,0,1,0,1,0,1.0,0.0,0.0,1.0,1.0,0.0,1
"G[0,1](((Pt_FatherT1D <= 0.000 | Pt_A1cGoalLevelDsYr5 <= 0.000) | bmiZscore >= 0.000) & BGTestAvgNumPtRep >= 0.000)
",0.000,0.000,0.000,1.000,0.000,1,0,0,0,1,0,1,0,1.0,0.0,0.0,1.0,1.0,0.0,1
"G[0,0]((Pt_GrandchildT1D <= 0.000 | Pt_ChildT1D <= 0.000) -> Pt_ChildT1D >= 0.000)
",0.000,0.000,0.000,1.000,0.000,1,0,0,0,1,0,1,0,1.0,0.0,0.0,1.0,1.0,0.0,1
"G[0,1](LDL >= 103.682 -> AutonomicNeuroCl <= 0.000)
",0.000,0.000,0.000,1.000,0.000,1,0,0,0,1,0,1,0,1.0,0.0,0.0,1.0,1.0,0.0,1
"G[1,1]((HDL >= 66.653 -> NumPumpBolusOrShortAct >= 0.000) | Triglyc >= 0.000)
",0.000,0.000,0.000,1.000,0.000,1,0,0,0,1,0,1,0,1.0,0.0,0.0,1.0,1.0,0.0,1
"G[0,1]((BUN <= 0.000 -> Pt_GrandparentT1D >= 0.029) -> BGTestAvgNumMeter <= 0.535)
",0.000,0.000,0.000,1.000,0.000,1,0,0,0,1,0,1,0,1.0,0.0,0.0,1.0,1.0,0.0,1
"G[0,0](((Pt_GrandparentT1D <= 0.711 | TotalDailyInsPerKg <= 0.944) | Pt_ChildT1D <= 0.700) | Pt_ChildT1D <= 0.799)
",0.000,0.000,0.000,1.000,0.000,1,0,0,0,1,0,1,0,1.0,0.0,0.0,1.0,1.0,0.0,1
"G[0,1]((WeightKg >= 73.139 | bmi >= 26.998) -> UnitsInsBasalOrLongAct <= 0.000)
",0.000,0.000,0.000,1.000,0.000,1,0,0,0,1,0,1,0,1.0,0.0,0.0,1.0,1.0,0.0,1
"G[0,0](GFR <= 0.000 -> BUN >= 0.000)
",0.000,0.000,0.000,1.000,0.000,1,0,0,0,1,0,1,0,1.0,0.0,0.0,1.0,1.0,0.0,1
"G[1,1](((BUN >= 0.000 -> WeightKg >= 73.255) -> Pt_ChildT1D >= 73.122) | TSH >= 73.162)
",0.000,0.000,0.000,1.000,0.000,1,0,0,0,1,0,1,0,1.0,0.0,0.0,1.0,1.0,0.0,1
"G[1,1](((AutonomicNeuroCl <= 0.000 -> bmi >= 26.982) & BldPrSys <= 27.302) -> Pt_GrandchildT1D <= 27.129)
",0.000,0.000,0.000,1.000,0.000,1,0,0,0,1,0,1,0,1.0,0.0,0.0,1.0,1.0,0.0,1
"G[0,1]((WeightKg >= 73.589 | bmi >= 27.014) -> UnitsInsBasalOrLongAct <= 0.000)
",0.000,0.000,0.000,1.000,0.000,1,0,0,0,1,0,1,0,1.0,0.0,0.0,1.0,1.0,0.0,1
"G[0,1](GFR <= 0.000 -> BUN >= 0.000)
",0.000,0.000,0.000,1.000,0.000,1,0,0,0,1,0,1,0,1.0,0.0,0.0,1.0,1.0,0.0,1
"G[0,0](SMBGperDayPtMeterCombo >= 0.160 & BGTestAvgNumPtRep >= 0.364)
",0.000,0.000,0.000,1.000,0.000,1,0,0,0,1,0,1,0,1.0,0.0,0.0,1.0,1.0,0.0,1
"G[0,0]((WeightKg >= 73.160 | bmi >= 26.833) -> UnitsInsBasalOrLongAct <= 0.000)
",0.000,0.000,0.000,1.000,0.000,1,0,0,0,1,0,1,0,1.0,0.0,0.0,1.0,1.0,0.0,1
"G[0,1]((UnitsInsBasalOrLongAct >= 0.000 | NumPumpBolusOrShortAct <= 0.000) & DirectLDL >= 0.000)
",0.000,0.000,0.000,1.000,0.000,1,0,0,0,1,0,1,0,1.0,0.0,0.0,1.0,1.0,0.0,1
"G[1,1](Pt_A1cGoalLevelDsYr5 >= 0.000 & AutonomicNeuroCl >= 0.000)
",0.000,0.000,0.000,1.000,0.000,1,0,0,0,1,0,1,0,1.0,0.0,0.0,1.0,1.0,0.0,1
"G[0,1](((Pt_GrandchildT1D <= 0.000 -> Pt_A1cGoalLev >= 2.111) & diabDur <= 5.054) -> diagAgeCombo <= 5.712)
",0.000,0.000,0.000,1.000,0.000,1,0,0,0,1,0,1,0,1.0,0.0,0.0,1.0,1.0,0.0,1
"G[0,1]((diagAgeCombo >= 11.000 & NumPumpBolusOrShortAct <= 0.000) -> Pt_SHFlg >= 0.000)
",0.000,0.000,0.000,1.000,0.000,1,0,0,0,1,0,1,0,1.0,0.0,0.0,1.0,1.0,0.0,1
"F[1,2](((Pt_CGMUseNumDays >= 0.000 & BUN >= 0.000) & Pt_InsGov >= 0.000) & Pt_A1cGoalLevelDsYr5 >= 0.000)
",0.000,0.000,0.000,0.000,1.000,0,0,0,1,1,0,0,1,0.0,0.0,0.0,0.0,0.0,1.0,-1
"((bmiPerc >= 0.904) U[0,1] (age <= 17.368))
",0.000,0.000,0.000,0.000,1.000,0,0,0,1,1,0,0,1,0.0,0.0,0.0,0.0,0.0,1.0,-1
"F[0,1](((TotChol >= 196.742 & DirectLDL <= 0.000) & Pt_GrandchildT1D <= 0.000) & AutonomicNeuroCl <= 0.000)
",0.000,0.000,0.000,0.000,1.000,0,0,0,1,1,0,0,1,0.0,0.0,0.0,0.0,0.0,1.0,-1
"F[0,0]((AutonomicNeuroCl <= 0.000 -> bmi >= 26.962) -> diagAgeCombo <= 27.344)
",0.000,0.000,0.000,0.000,1.000,0,0,0,1,1,0,0,1,0.0,0.0,0.0,0.0,0.0,1.0,-1
"F[0,2](((Pt_FatherT1D <= 0.000 -> Pt_SiblingT1D <= 0.000) -> Pt_MotherT1D >= 0.000) | Pt_DKAFlg <= 0.000)
",0.000,0.000,0.000,0.000,1.000,0,0,0,1,1,0,0,1,0.0,0.0,0.0,0.0,0.0,1.0,-1
"F[0,0](bmi <= 27.379 | WeightKg >= 73.467)
",0.000,0.000,0.000,0.000,1.000,0,0,0,1,1,0,0,1,0.0,0.0,0.0,0.0,0.0,1.0,-1
"F[1,2](Pt_A1cGoalLevelDsYr5 >= 0.000 | DirectLDL >= 0.000)
",0.000,0.000,0.000,0.000,1.000,0,0,0,1,1,0,0,1,0.0,0.0,0.0,0.0,0.0,1.0,-1
"F[1,1](Pt_A1cGoalLevelDsYr5 <= 0.000 | Pt_GrandparentT1D <= 0.873)
",0.000,0.000,0.000,0.000,1.000,0,0,0,1,1,0,0,1,0.0,0.0,0.0,0.0,0.0,1.0,-1
"F[0,2]((GFR <= 0.000 | age >= 16.893) & Pt_ChildT1D <= 17.780)
",0.000,0.000,0.000,0.000,1.000,0,0,0,1,1,0,0,1,0.0,0.0,0.0,0.0,0.0,1.0,-1
"F[0,0]((diabDur <= 5.782 | Pt_GrandchildT1D >= 0.000) -> TotalDailyInsPerKg >= 0.000)
",0.000,0.000,0.000,0.000,1.000,0,0,0,1,1,0,0,1,0.0,0.0,0.0,0.0,0.0,1.0,-1
"F[0,2]((TotalDailyInsPerKg <= 0.938 | BldPrDia <= 66.406) -> bmiPerc <= 66.612)
",0.000,0.000,0.000,0.000,1.000,0,0,0,1,1,0,0,1,0.0,0.0,0.0,0.0,0.0,1.0,-1
"F[0,2](((Pt_MotherT1D <= 0.000 & diagAgeCombo >= 11.000) & NumPumpBolusOrShortAct <= 11.000) | Pt_DKAFlg >= 11.000)
",0.000,0.000,0.000,0.000,1.000,0,0,0,1,1,0,0,1,0.0,0.0,0.0,0.0,0.0,1.0,-1
"F[1,2](((Pt_GrandparentT1D >= 0.410 | Pt_ChildT1D >= 0.000) -> Pt_SiblingT1D >= 0.000) | HDL <= 0.000)
",0.000,0.000,0.000,0.000,1.000,0,0,0,1,1,0,0,1,0.0,0.0,0.0,0.0,0.0,1.0,-1
"F[2,2](((bmi <= 27.108 | Pt_A1cGoalLevelDsYr5 <= 0.000) | Pt_SiblingT1D >= 0.000) & Pt_MotherT1D >= 0.000)
",0.000,0.000,0.000,0.000,1.000,0,0,0,1,1,0,0,1,0.0,0.0,0.0,0.0,0.0,1.0,-1
"F[2,2](age >= 16.443 | Pt_GrandchildT1D >= 0.000)
",0.000,0.000,0.000,0.000,1.000,0,0,0,1,1,0,0,1,0.0,0.0,0.0,0.0,0.0,1.0,-1
"((Pt_MotherT1D <= 0.000) U[2,2] (LDL >= 133.017))
",0.000,0.000,0.000,0.000,1.000,0,0,0,1,1,0,0,1,0.0,0.0,0.0,0.0,0.0,1.0,-1
"F[1,2](TotChol >= 201.388 -> Pt_FatherT1D >= 0.000)
",0.000,0.000,0.000,0.000,1.000,0,0,0,1,1,0,0,1,0.0,0.0,0.0,0.0,0.0,1.0,-1
"((Pt_SHFlg >= 0.361) U[0,2] (bmiPerc >= 0.918))
",0.000,0.000,0.000,0.000,1.000,0,0,0,1,1,0,0,1,0.0,0.0,0.0,0.0,0.0,1.0,-1
"F[1,2]((Pt_A1cGoalLev >= 0.429 | Pt_A1cGoalLev >= 0.921) -> Pt_ChildT1D <= 7.201)
",0.000,0.000,0.000,0.000,1.000,0,0,0,1,1,0,0,1,0.0,0.0,0.0,0.0,0.0,1.0,-1
"F[1,2]((AutonomicNeuroCl >= 0.000 | BldPrSys <= 133.486) & Pt_GrandchildT1D >= 129.695)
",0.000,0.000,0.000,0.000,1.000,0,0,0,1,1,0,0,1,0.0,0.0,0.0,0.0,0.0,1.0,-1
"((Pt_DKAFlg <= 0.549) U[0,2] (Pt_A1cGoalLevelDsYr5 <= 0.000))
",0.000,0.000,0.000,0.000,1.000,0,0,0,1,1,0,0,1,0.0,0.0,0.0,0.0,0.0,1.0,-1
"F[2,2]((diabDur >= 5.161 & diabDur <= 5.743) & HDL >= 5.136)
",0.000,0.000,0.000,0.000,1.000,0,0,0,1,1,0,0,1,0.0,0.0,0.0,0.0,0.0,1.0,-1
"F[1,2](BUN <= 0.000 | WeightKg <= 74.138)
",0.000,0.000,0.000,0.000,1.000,0,0,0,1,1,0,0,1,0.0,0.0,0.0,0.0,0.0,1.0,-1
"F[0,2](DirectLDL >= 0.000 | Pt_FatherT1D <= 0.000)
",0.000,0.000,0.000,0.000,1.000,0,0,0,1,1,0,0,1,0.0,0.0,0.0,0.0,0.0,1.0,-1
"F[0,0]((LDL >= 129.278 & SMBGperDayPtMeterCombo >= 0.379) & TotalDailyInsPerKg <= 0.610)
",0.000,0.000,0.000,0.000,1.000,0,0,0,1,1,0,0,1,0.0,0.0,0.0,0.0,0.0,1.0,-1
"F[1,1](BGTestAvgNumPtRep <= 0.563 & NumPumpBolusOrShortAct >= 0.000)
",0.000,0.000,0.000,0.000,1.000,0,0,0,1,1,0,0,1,0.0,0.0,0.0,0.0,0.0,1.0,-1
"F[0,2](((TSH >= 0.000 & GFR >= 0.000) | Pt_MotherT1D <= 0.000) | HDL <= 0.000)
",0.000,0.000,0.000,0.000,1.000,0,0,0,1,1,0,0,1,0.0,0.0,0.0,0.0,0.0,1.0,-1
"F[0,2](((LDL <= 164.098 | Pt_A1cGoalLevelDsYr5 <= 0.000) -> TotChol <= 0.000) -> Pt_A1cGoalLev >= 0.000)
",0.000,0.000,0.000,0.000,1.000,0,0,0,1,1,0,0,1,0.0,0.0,0.0,0.0,0.0,1.0,-1
"F[0,2]((Pt_SHFlg <= 0.617 | BGTestAvgNumMeter >= 0.000) -> TotalDailyInsPerKg <= 0.000)
",0.000,0.000,0.000,0.000,1.000,0,0,0,1,1,0,0,1,0.0,0.0,0.0,0.0,0.0,1.0,-1
"F[1,2]((Triglyc <= 89.516 | TotalDailyInsPerKg <= 0.921) & BGTestAvgNumMeter >= 0.171)
",0.000,0.000,0.000,0.000,1.000,0,0,0,1,1,0,0,1,0.0,0.0,0.0,0.0,0.0,1.0,-1
"F[1,2](TotalDailyInsPerKg <= 0.743 | BUN <= 0.000)
",0.000,0.000,0.000,0.000,1.000,0,0,0,1,1,0,0,1,0.0,0.0,0.0,0.0,0.0,1.0,-1
"F[0,2](bmi <= 27.097 | TotalDailyInsPerKg <= 0.957)
",0.000,0.000,0.000,0.000,1.000,0,0,0,1,1,0,0,1,0.0,0.0,0.0,0.0,0.0,1.0,-1
"F[0,1](UnitsInsBasalOrLongAct >= 0.000 & diagAgeCombo >= 11.000)
",0.000,0.000,0.000,0.000,1.000,0,0,0,1,1,0,0,1,0.0,0.0,0.0,0.0,0.0,1.0,-1
"F[0,2](Pt_MotherT1D >= 0.000 & bmiPerc <= 0.925)
",0.000,0.000,0.000,0.000,1.000,0,0,0,1,1,0,0,1,0.0,0.0,0.0,0.0,0.0,1.0,-1
"F[0,2]((Pt_GrandparentT1D <= 0.795 & Pt_GrandchildT1D >= 0.000) & age <= 0.000)
",0.000,0.000,0.000,0.000,1.000,0,0,0,1,1,0,0,1,0.0,0.0,0.0,0.0,0.0,1.0,-1
"F[2,2](((UnitsInsBasalOrLongAct <= 0.000 & SMBGperDayPtMeterCombo <= 0.987) | WeightKg >= 0.051) | Pt_SHFlg <= 0.639)
",0.000,0.000,0.000,0.000,1.000,0,0,0,1,1,0,0,1,0.0,0.0,0.0,0.0,0.0,1.0,-1
"((HeightCm >= 164.905) U[0,1] (diagAgeCombo >= 11.000))
",0.000,0.000,0.000,0.000,1.000,0,0,0,1,1,0,0,1,0.0,0.0,0.0,0.0,0.0,1.0,-1
"((Pt_MotherT1D >= 0.000) U[1,2] (TotalDailyInsPerKg >= 0.506))
",0.000,0.000,0.000,0.000,1.000,0,0,0,1,1,0,0,1,0.0,0.0,0.0,0.0,0.0,1.0,-1
"F[0,0](BUN >= 0.000 | Pt_SiblingT1D >= 0.000)
",0.000,0.000,0.000,0.000,1.000,0,0,0,1,1,0,0,1,0.0,0.0,0.0,0.0,0.0,1.0,-1
"F[0,1](BUN <= 0.000 -> AlbCreatRat_mggNew >= 1.604)
",0.000,0.000,0.000,0.000,1.000,0,0,0,1,1,0,0,1,0.0,0.0,0.0,0.0,0.0,1.0,-1
"F[1,1](((bmi >= 26.796 & Pt_FatherT1D >= 0.000) & WeightKg >= 0.000) | BGTestAvgNumPtRep <= 0.000)
",0.000,0.000,0.000,0.000,1.000,0,0,0,1,1,0,0,1,0.0,0.0,0.0,0.0,0.0,1.0,-1
"F[1,2]((Triglyc <= 96.874 | Pt_InsGov >= 0.000) -> LDL >= 0.000)
",0.000,0.000,0.000,0.000,1.000,0,0,0,1,1,0,0,1,0.0,0.0,0.0,0.0,0.0,1.0,-1
"F[0,0]((Pt_GrandchildT1D <= 0.000 | bmi <= 27.369) | Pt_DKAFlg >= 26.998)
",0.000,0.000,0.000,0.000,1.000,0,0,0,1,1,0,0,1,0.0,0.0,0.0,0.0,0.0,1.0,-1
"F[1,2](((HbA1cImputeDtMnC >= 5.446 & NumPumpBolusOrShortAct >= 0.000) & Triglyc >= 0.000) | HDL <= 0.000)
",0.000,0.000,0.000,0.000,1.000,0,0,0,1,1,0,0,1,0.0,0.0,0.0,0.0,0.0,1.0,-1
"F[0,2]((Pt_GrandchildT1D >= 0.000 & bmiZscore >= 1.368) -> Pt_ChildT1D <= 1.529)
",0.000,0.000,0.000,0.000,1.000,0,0,0,1,1,0,0,1,0.0,0.0,0.0,0.0,0.0,1.0,-1
"F[0,1](Pt_ChildT1D >= 0.000 & AutonomicNeuroCl >= 0.000)
",0.000,0.000,0.000,0.000,1.000,0,0,0,1,1,0,0,1,0.0,0.0,0.0,0.0,0.0,1.0,-1
"((diagAgeCombo >= 11.000) U[0,1] (HbA1cImputeDtMnC >= 5.068))
",0.000,0.000,0.000,0.000,1.000,0,0,0,1,1,0,0,1,0.0,0.0,0.0,0.0,0.0,1.0,-1
"((bmi <= 27.313) U[0,1] (Triglyc <= 84.966))
",0.000,0.000,0.000,0.000,1.000,0,0,0,1,1,0,0,1,0.0,0.0,0.0,0.0,0.0,1.0,-1
"((UnitsInsBasalOrLongAct <= 0.000) U[2,2] (HDL >= 62.841))
",0.000,0.000,0.000,0.000,1.000,0,0,0,1,1,0,0,1,0.0,0.0,0.0,0.0,0.0,1.0,-1
"F[0,0](((Pt_A1cGoalLev >= 2.687 & NumPumpBolusOrShortAct <= 0.000) -> Pt_ChildT1D <= 0.000) -> HbA1c >= 0.000)
",0.000,0.000,0.000,0.000,1.000,0,0,0,1,1,0,0,1,0.0,0.0,0.0,0.0,0.0,1.0,-1
"F[0,2](((Pt_SiblingT1D >= 0.000 & Pt_A1cGoalLevelDsYr5 <= 0.000) | UnitsInsBasalOrLongAct <= 0.000) | DirectLDL <= 0.000)
",0.000,0.000,0.000,0.000,1.000,0,0,0,1,1,0,0,1,0.0,0.0,0.0,0.0,0.0,1.0,-1
"F[0,1]((BGTestAvgNumPtRep <= 0.864 & UnitsInsBasalOrLongAct <= 0.000) -> WeightKg <= 0.000)
",0.000,0.000,0.000,0.000,1.000,0,0,0,1,1,0,0,1,0.0,0.0,0.0,0.0,0.0,1.0,-1
"((TotalDailyInsPerKg <= 0.736) U[0,1] (BGTestAvgNumMeter <= 0.000))
",0.000,0.000,0.000,0.000,1.000,0,0,0,1,1,0,0,1,0.0,0.0,0.0,0.0,0.0,1.0,-1
"F[0,1]((AlbCreatRat_mggNew <= 4.197 | DirectLDL <= 0.000) & TotChol >= 0.000)
",0.000,0.000,0.000,0.000,1.000,0,0,0,1,1,0,0,1,0.0,0.0,0.0,0.0,0.0,1.0,-1
"F[0,1](Pt_InsGov >= 0.000 -> HbA1cImputeDtMnC <= 20.688)
",0.000,0.000,0.000,0.000,1.000,0,0,0,1,1,0,0,1,0.0,0.0,0.0,0.0,0.0,1.0,-1
"F[1,1](TotChol >= 182.236 | Pt_SHFlg >= 0.048)
",0.000,0.000,0.000,0.000,1.000,0,0,0,1,1,0,0,1,0.0,0.0,0.0,0.0,0.0,1.0,-1
"((AutonomicNeuroCl <= 0.000) U[1,1] (BUN >= 0.000))
",0.000,0.000,0.000,0.000,1.000,0,0,0,1,1,0,0,1,0.0,0.0,0.0,0.0,0.0,1.0,-1
"F[0,2](((TotChol <= 251.130 | HbA1c <= 13.473) -> BGTestAvgNumMeter >= 13.416) & BGTestAvgNumMeter >= 13.190)
",0.000,0.000,0.000,0.000,1.000,0,0,0,1,1,0,0,1,0.0,0.0,0.0,0.0,0.0,1.0,-1
"((Pt_A1cGoalLev <= 4.874) U[0,1] (TotChol <= 251.011))
",0.000,0.000,0.000,0.000,1.000,0,0,0,1,1,0,0,1,0.0,0.0,0.0,0.0,0.0,1.0,-1
"F[0,1](BGTestAvgNumPtRep >= 0.481 -> BUN <= 0.000)
",0.000,0.000,0.000,0.000,1.000,0,0,0,1,1,0,0,1,0.0,0.0,0.0,0.0,0.0,1.0,-1
"F[2,2](((Pt_ChildT1D <= 0.000 -> age >= 16.705) & Triglyc <= 17.511) -> bmiPerc <= 17.101)
",0.000,0.000,0.000,0.000,1.000,0,0,0,1,1,0,0,1,0.0,0.0,0.0,0.0,0.0,1.0,-1
"F[0,0](WeightKg >= 73.208 | AlbCreatRat_mggNew >= 0.340)
",0.000,0.000,0.000,0.000,1.000,0,0,0,1,1,0,0,1,0.0,0.0,0.0,0.0,0.0,1.0,-1
"F[0,2](((BGTestAvgNumPtRep <= 0.874 | TotalDailyInsPerKg <= 0.789) & age >= 0.368) | diagAgeCombo >= 0.203)
",0.000,0.000,0.000,0.000,1.000,0,0,0,1,1,0,0,1,0.0,0.0,0.0,0.0,0.0,1.0,-1
"F[0,0]((Pt_DKAFlg <= 0.933 & Pt_ChildT1D <= 0.000) | BGTestAvgNumMeter >= 0.000)
",0.000,0.000,0.000,0.000,1.000,0,0,0,1,1,0,0,1,0.0,0.0,0.0,0.0,0.0,1.0,-1
"((BGTestAvgNumPtRep >= 0.038) U[0,2] (Pt_GrandchildT1D >= 0.000))
",0.000,0.000,0.000,0.000,1.000,0,0,0,1,1,0,0,1,0.0,0.0,0.0,0.0,0.0,1.0,-1
"F[1,2](UnitsInsBasalOrLongAct >= 0.000 | NumPumpBolusOrShortAct <= 0.000)
",0.000,0.000,0.000,0.000,1.000,0,0,0,1,1,0,0,1,0.0,0.0,0.0,0.0,0.0,1.0,-1
"F[0,1](((HbA1c <= 13.709 -> bmiPerc >= 0.908) | Pt_A1cGoalLevelDsYr5 >= 0.922) | WeightKg <= 0.936)
",0.000,0.000,0.000,0.000,1.000,0,0,0,1,1,0,0,1,0.0,0.0,0.0,0.0,0.0,1.0,-1
"F[1,1](((BldPrDia <= 66.553 & TotChol >= 196.910) -> Pt_GrandchildT1D >= 189.818) -> diagAgeCombo <= 223.230)
",0.000,0.000,0.000,0.000,1.000,0,0,0,1,1,0,0,1,0.0,0.0,0.0,0.0,0.0,1.0,-1
"F[0,1]((WeightKg >= 73.638 -> HbA1cImputeDtMnC <= 17.915) | DirectLDL <= 20.523)
",0.000,0.000,0.000,0.000,1.000,0,0,0,1,1,0,0,1,0.0,0.0,0.0,0.0,0.0,1.0,-1
"F[1,2](((Pt_DKAFlg >= 0.452 & BUN <= 0.000) -> bmiZscore <= 0.000) & diabDur <= 0.000)
",0.000,0.000,0.000,0.000,1.000,0,0,0,1,1,0,0,1,0.0,0.0,0.0,0.0,0.0,1.0,-1
"((AlbCreatRat_mggNew <= 3.881) U[2,2] (Pt_GrandparentT1D >= 0.200))
",0.000,0.000,0.000,0.000,1.000,0,0,0,1,1,0,0,1,0.0,0.0,0.0,0.0,0.0,1.0,-1
"F[0,0](((Pt_SHFlg >= 0.182 | bmiZscore <= 1.581) | HDL <= 1.455) -> HeightCm <= 1.447)
",0.000,0.000,0.000,0.000,1.000,0,0,0,1,1,0,0,1,0.0,0.0,0.0,0.0,0.0,1.0,-1
"F[0,2](((LDL >= 108.913 & AlbCreatRat_mggNew <= 3.306) -> Pt_DKAFlg <= 3.933) | Pt_InsGov <= 5.925)
",0.000,0.000,0.000,0.000,1.000,0,0,0,1,1,0,0,1,0.0,0.0,0.0,0.0,0.0,1.0,-1
"F[0,2](Pt_InsGov >= 0.000 & Pt_A1cGoalLev >= 3.669)
",0.000,0.000,0.000,0.000,1.000,0,0,0,1,1,0,0,1,0.0,0.0,0.0,0.0,0.0,1.0,-1
"F[1,1]((WeightKg <= 73.766 | Pt_FatherT1D <= 0.000) & bmiPerc >= 0.000)
",0.000,0.000,0.000,0.000,1.000,0,0,0,1,1,0,0,1,0.0,0.0,0.0,0.0,0.0,1.0,-1
"F[0,1]((diagAgeCombo >= 11.000 | bmiZscore <= 1.531) | diabDur >= 1.400)
",0.000,0.000,0.000,0.000,1.000,0,0,0,1,1,0,0,1,0.0,0.0,0.0,0.0,0.0,1.0,-1
"((bmiPerc <= 0.935) U[0,0] (AlbCreatRat_mggNew >= 2.401))
",0.000,0.000,0.000,0.000,1.000,0,0,0,1,1,0,0,1,0.0,0.0,0.0,0.0,0.0,1.0,-1
"F[0,2]((LDL >= 129.933 | Pt_A1cGoalLev >= 3.264) -> AutonomicNeuroCl <= 6.311)
",0.000,0.000,0.000,0.000,1.000,0,0,0,1,1,0,0,1,0.0,0.0,0.0,0.0,0.0,1.0,-1
"((HbA1c <= 13.654) U[0,2] (SMBGperDayPtMeterCombo <= 0.873))
",0.000,0.000,0.000,0.000,1.000,0,0,0,1,1,0,0,1,0.0,0.0,0.0,0.0,0.0,1.0,-1
"F[2,2](((AlbCreatRat_mggNew >= 1.590 -> SMBGperDayPtMeterCombo >= 0.362) & Pt_A1cGoalLevelDsYr5 >= 0.031) | NumPumpBolusOrShortAct <= 0.508)
",0.000,0.000,0.000,0.000,1.000,0,0,0,1,1,0,0,1,0.0,0.0,0.0,0.0,0.0,1.0,-1
"F[0,1]((bmiZscore <= 1.457 -> Pt_A1cGoalLev <= 6.087) | Pt_ChildT1D <= 5.127)
",0.000,0.000,0.000,0.000,1.000,0,0,0,1,1,0,0,1,0.0,0.0,0.0,0.0,0.0,1.0,-1
"((BldPrDia >= 63.651) U[0,2] (age >= 16.694))
",0.000,0.000,0.000,0.000,1.000,0,0,0,1,1,0,0,1,0.0,0.0,0.0,0.0,0.0,1.0,-1
"F[1,1]((TotChol >= 193.522 -> bmiPerc >= 0.909) | HbA1c >= 0.899)
",0.000,0.000,0.000,0.000,1.000,0,0,0,1,1,0,0,1,0.0,0.0,0.0,0.0,0.0,1.0,-1
"F[1,2](HbA1c >= 13.402 -> Pt_A1cGoalLevelDsYr5 = 0.000)
",0.000,0.000,0.000,0.000,1.000,0,0,0,1,1,0,0,1,0.0,0.0,0.0,0.0,0.0,1.0,-1
"F[0,0]((Pt_A1cGoalLevelDsYr5 >= 0.000 -> BldPrSys <= 133.971) -> LDL >= 130.343)
",0.000,0.000,0.000,0.000,1.000,0,0,0,1,1,0,0,1,0.0,0.0,0.0,0.0,0.0,1.0,-1
"F[1,2](TotChol >= 201.706 & Pt_ChildT1D >= 0.000)
",0.000,0.000,0.000,0.000,1.000,0,0,0,1,1,0,0,1,0.0,0.0,0.0,0.0,0.0,1.0,-1
"F[1,2](((WeightKg <= 74.261 & bmi >= 26.810) | HDL >= 26.729) | Pt_ChildT1D <= 27.216)
",0.000,0.000,0.000,0.000,1.000,0,0,0,1,1,0,0,1,0.0,0.0,0.0,0.0,0.0,1.0,-1
"F[0,2]((Triglyc <= 97.998 & bmiZscore >= 1.388) & BldPrDia >= 1.429)
",0.000,0.000,0.000,0.000,1.000,0,0,0,1,1,0,0,1,0.0,0.0,0.0,0.0,0.0,1.0,-1
"F[0,1]((BldPrSys <= 131.050 -> Pt_A1cGoalLevelDsYr5 <= 0.000) | Pt_CGMUseNumDays >= 0.000)
",0.000,0.000,0.000,0.000,1.000,0,0,0,1,1,0,0,1,0.0,0.0,0.0,0.0,0.0,1.0,-1
"F[0,2]((HbA1c >= 13.411 & SMBGperDayPtMeterCombo <= 0.869) -> BldPrDia <= 0.686)
",0.000,0.000,0.000,0.000,1.000,0,0,0,1,1,0,0,1,0.0,0.0,0.0,0.0,0.0,1.0,-1
"F[0,2](((TotalDailyInsPerKg <= 0.986 | bmiZscore <= 1.532) -> Pt_CGMUseNumDays <= 1.605) & HDL >= 1.413)
",0.000,0.000,0.000,0.000,1.000,0,0,0,1,1,0,0,1,0.0,0.0,0.0,0.0,0.0,1.0,-1
"F[1,2](BGTestAvgNumMeter <= 0.000 | Pt_GrandparentT1D <= 0.896)
",0.000,0.000,0.000,0.000,1.000,0,0,0,1,1,0,0,1,0.0,0.0,0.0,0.0,0.0,1.0,-1
"F[0,1](((LDL <= 161.042 -> WeightKg >= 73.674) & Pt_A1cGoalLevelDsYr5 <= 74.247) | Pt_ChildT1D <= 74.155)
",0.000,0.000,0.000,0.000,1.000,0,0,0,1,1,0,0,1,0.0,0.0,0.0,0.0,0.0,1.0,-1
"((HeightCm >= 165.087) U[0,2] (BldPrSys <= 133.787))
",0.000,0.000,0.000,0.000,1.000,0,0,0,1,1,0,0,1,0.0,0.0,0.0,0.0,0.0,1.0,-1
"F[1,2](Pt_DKAFlg <= 0.904 -> TotalDailyInsPerKg >= 0.214)
",0.000,0.000,0.000,0.000,1.000,0,0,0,1,1,0,0,1,0.0,0.0,0.0,0.0,0.0,1.0,-1
"F[0,2](((AlbCreatRat_mggNew >= 1.183 -> diagAgeCombo <= 11.000) -> TotalDailyInsPerKg <= 11.000) & bmiZscore <= 11.000)
",0.000,0.000,0.000,0.000,1.000,0,0,0,1,1,0,0,1,0.0,0.0,0.0,0.0,0.0,1.0,-1
"F[2,2]((Pt_CGMUseNumDays >= 0.000 -> Pt_SHFlg >= 0.417) -> BUN <= 0.793)
",0.000,0.000,0.000,0.000,1.000,0,0,0,1,1,0,0,1,0.0,0.0,0.0,0.0,0.0,1.0,-1
"F[2,2](((HeightCm >= 165.007 & Triglyc <= 87.222) -> LDL >= 80.346) | Pt_FatherT1D <= 95.280)
",0.000,0.000,0.000,0.000,1.000,0,0,0,1,1,0,0,1,0.0,0.0,0.0,0.0,0.0,1.0,-1
"F[0,1]((GFR >= 0.000 -> TotalDailyInsPerKg <= 0.601) -> Pt_A1cGoalLev >= 0.035)
",0.000,0.000,0.000,0.000,1.000,0,0,0,1,1,0,0,1,0.0,0.0,0.0,0.0,0.0,1.0,-1
"((BUN <= 0.000) U[1,1] (NumPumpBolusOrShortAct >= 0.000))
",0.000,0.000,0.000,0.000,1.000,0,0,0,1,1,0,0,1,0.0,0.0,0.0,0.0,0.0,1.0,-1
"F[2,2]((Pt_DKAFlg >= 0.113 -> BGTestAvgNumMeter >= 0.000) -> bmiZscore <= 0.000)
",0.000,0.000,0.000,0.000,1.000,0,0,0,1,1,0,0,1,0.0,0.0,0.0,0.0,0.0,1.0,-1
"F[1,2]((BldPrDia >= 64.363 | Pt_DKAFlg <= 0.579) & NumPumpBolusOrShortAct >= 0.374)
",0.000,0.000,0.000,0.000,1.000,0,0,0,1,1,0,0,1,0.0,0.0,0.0,0.0,0.0,1.0,-1
"((Pt_InsGov >= 0.000) U[1,2] (Pt_GrandparentT1D <= 0.861))
",0.000,0.000,0.000,0.000,1.000,0,0,0,1,1,0,0,1,0.0,0.0,0.0,0.0,0.0,1.0,-1
"((TSH >= 0.000) U[0,1] (Pt_GrandchildT1D >= 0.000))
",0.000,0.000,0.000,0.000,1.000,0,0,0,1,1,0,0,1,0.0,0.0,0.0,0.0,0.0,1.0,-1
"((BGTestAvgNumMeter >= 0.000) U[2,2] (BGTestAvgNumPtRep <= 0.723))
",0.000,0.000,0.000,0.000,1.000,0,0,0,1,1,0,0,1,0.0,0.0,0.0,0.0,0.0,1.0,-1
"F[0,2](bmiZscore >= 1.351 -> Pt_DKAFlg >= 0.243)
",0.000,0.000,0.000,0.000,1.000,0,0,0,1,1,0,0,1,0.0,0.0,0.0,0.0,0.0,1.0,-1
"F[0,1]((Pt_CGMUseNumDays >= 0.000 & LDL >= 110.136) | Pt_GrandparentT1D >= 126.392)
",0.000,0.000,0.000,0.000,1.000,0,0,0,1,1,0,0,1,0.0,0.0,0.0,0.0,0.0,1.0,-1
"F[1,2]((Pt_SiblingT1D <= 0.000 & WeightKg <= 73.857) | Pt_DKAFlg <= 74.179)
",0.000,0.000,0.000,0.000,1.000,0,0,0,1,1,0,0,1,0.0,0.0,0.0,0.0,0.0,1.0,-1
"F[0,1](NumPumpBolusOrShortAct <= 0.000 & TotalDailyInsPerKg <= 0.785)
",0.000,0.000,0.000,0.000,1.000,0,0,0,1,1,0,0,1,0.0,0.0,0.0,0.0,0.0,1.0,-1
"F[2,2](((Pt_GrandparentT1D >= 0.290 & TotalDailyInsPerKg >= 0.162) | Pt_GrandparentT1D <= 0.679) | bmiPerc <= 0.905)
",0.000,0.000,0.000,0.000,1.000,0,0,0,1,1,0,0,1,0.0,0.0,0.0,0.0,0.0,1.0,-1
"((GFR >= 0.000) U[1,1] (BGTestAvgNumPtRep <= 0.509))
",0.000,0.000,0.000,0.000,1.000,0,0,0,1,1,0,0,1,0.0,0.0,0.0,0.0,0.0,1.0,-1
"((Pt_DKAFlg >= 0.157) U[0,1] (Pt_SiblingT1D <= 0.000))
",0.000,0.000,0.000,0.000,1.000,0,0,0,1,1,0,0,1,0.0,0.0,0.0,0.0,0.0,1.0,-1
"F[1,2](((Pt_SiblingT1D <= 0.000 -> NumPumpBolusOrShortAct <= 0.000) | BGTestAvgNumMeter <= 0.000) & HbA1cImputeDtMnC <= 0.000)
",0.000,0.000,0.000,0.000,1.000,0,0,0,1,1,0,0,1,0.0,0.0,0.0,0.0,0.0,1.0,-1
"((bmiZscore >= 1.267) U[0,1] (WeightKg >= 73.352))
",0.000,0.000,0.000,0.000,1.000,0,0,0,1,1,0,0,1,0.0,0.0,0.0,0.0,0.0,1.0,-1
"F[1,2](((bmiZscore <= 1.541 & Pt_GrandchildT1D >= 0.000) -> NumPumpBolusOrShortAct >= 0.000) -> BGTestAvgNumMeter >= 0.000)
",0.000,0.000,0.000,0.000,1.000,0,0,0,1,1,0,0,1,0.0,0.0,0.0,0.0,0.0,1.0,-1
"F[0,0]((Pt_InsGov >= 0.000 & BGTestAvgNumMeter >= 0.000) -> TSH <= 0.000)
",0.000,0.000,0.000,0.000,1.000,0,0,0,1,1,0,0,1,0.0,0.0,0.0,0.0,0.0,1.0,-1
"F[1,1](((Pt_DKAFlg <= 0.502 -> Pt_GrandchildT1D <= 0.000) -> Triglyc <= 0.000) -> HbA1c >= 0.000)
",0.000,0.000,0.000,0.000,1.000,0,0,0,1,1,0,0,1,0.0,0.0,0.0,0.0,0.0,1.0,-1
"((HbA1cImputeDtMnC >= 6.130) U[0,2] (BGTestAvgNumPtRep <= 0.695))
",0.000,0.000,0.000,0.000,1.000,0,0,0,1,1,0,0,1,0.0,0.0,0.0,0.0,0.0,1.0,-1
"F[0,1]((BGTestAvgNumPtRep <= 0.995 | Pt_ChildT1D <= 0.000) | LDL <= 0.000)
",0.000,0.000,0.000,0.000,1.000,0,0,0,1,1,0,0,1,0.0,0.0,0.0,0.0,0.0,1.0,-1
"F[1,1](bmiPerc <= 0.927 & BGTestAvgNumMeter >= 0.000)
",0.000,0.000,0.000,0.000,1.000,0,0,0,1,1,0,0,1,0.0,0.0,0.0,0.0,0.0,1.0,-1
"((age <= 17.635) U[0,1] (HDL <= 68.720))
",0.000,0.000,0.000,0.000,1.000,0,0,0,1,1,0,0,1,0.0,0.0,0.0,0.0,0.0,1.0,-1
"F[0,1]((age <= 17.327 & Pt_InsGov >= 0.000) | Pt_A1cGoalLevelDsYr5 >= 0.000)
",0.000,0.000,0.000,0.000,1.000,0,0,0,1,1,0,0,1,0.0,0.0,0.0,0.0,0.0,1.0,-1
"F[0,1](((Pt_A1cGoalLevelDsYr5 >= 0.000 | TotalDailyInsPerKg <= 0.997) | HDL <= 0.792) & BldPrDia >= 0.403)
",0.000,0.000,0.000,0.000,1.000,0,0,0,1,1,0,0,1,0.0,0.0,0.0,0.0,0.0,1.0,-1
"F[0,0](((Pt_ChildT1D <= 0.000 -> Pt_InsGov <= 0.000) -> Pt_SiblingT1D >= 0.000) & NumPumpBolusOrShortAct <= 0.000)
",0.000,0.000,0.000,0.000,1.000,0,0,0,1,1,0,0,1,0.0,0.0,0.0,0.0,0.0,1.0,-1
"F[1,2](((TSH >= 0.000 -> bmi <= 27.344) & Pt_CGMUseNumDays <= 27.234) -> Pt_MotherT1D <= 27.269)
",0.000,0.000,0.000,0.000,1.000,0,0,0,1,1,0,0,1,0.0,0.0,0.0,0.0,0.0,1.0,-1
"((GFR <= 0.000) U[1,2] (Pt_InsGov >= 0.000))
",0.000,0.000,0.000,0.000,1.000,0,0,0,1,1,0,0,1,0.0,0.0,0.0,0.0,0.0,1.0,-1
"F[0,0](((Pt_SHFlg >= 0.368 | Pt_GrandchildT1D <= 0.000) -> Pt_MotherT1D >= 0.000) -> Pt_SHFlg <= 0.000)
",0.000,0.000,0.000,0.000,1.000,0,0,0,1,1,0,0,1,0.0,0.0,0.0,0.0,0.0,1.0,-1
"F[1,2]((Pt_FatherT1D <= 0.000 | Triglyc <= 95.370) -> BGTestAvgNumPtRep >= 77.106)
",0.000,0.000,0.000,0.000,1.000,0,0,0,1,1,0,0,1,0.0,0.0,0.0,0.0,0.0,1.0,-1
"F[1,1]((Pt_GrandparentT1D <= 0.812 & bmi <= 27.252) -> GFR <= 27.107)
",0.000,0.000,0.000,0.000,1.000,0,0,0,1,1,0,0,1,0.0,0.0,0.0,0.0,0.0,1.0,-1
"F[1,1](((Pt_A1cGoalLev >= 2.965 & TSH <= 0.000) & GFR <= 0.000) & BGTestAvgNumMeter >= 0.000)
",0.000,0.000,0.000,0.000,1.000,0,0,0,1,1,0,0,1,0.0,0.0,0.0,0.0,0.0,1.0,-1
"((Pt_InsGov >= 0.000) U[0,2] (BUN <= 0.000))
",0.000,0.000,0.000,0.000,1.000,0,0,0,1,1,0,0,1,0.0,0.0,0.0,0.0,0.0,1.0,-1
"F[0,0](((HeightCm <= 165.351 & HDL <= 67.957) | HbA1c <= 69.536) | BldPrSys >= 62.515)
",0.000,0.000,0.000,0.000,1.000,0,0,0,1,1,0,0,1,0.0,0.0,0.0,0.0,0.0,1.0,-1
"F[0,2]((TotChol <= 229.810 | NumPumpBolusOrShortAct >= 0.000) -> Pt_A1cGoalLevelDsYr5 >= 0.000)
",0.000,0.000,0.000,0.000,1.000,0,0,0,1,1,0,0,1,0.0,0.0,0.0,0.0,0.0,1.0,-1
"F[1,2](((BldPrSys >= 128.708 | diabDur <= 5.668) & Pt_GrandchildT1D <= 5.893) & TSH >= 5.206)
",0.000,0.000,0.000,0.000,1.000,0,0,0,1,1,0,0,1,0.0,0.0,0.0,0.0,0.0,1.0,-1
"F[0,1](((AutonomicNeuroCl <= 0.000 | Pt_A1cGoalLev <= 4.746) | bmiPerc <= 3.954) | Pt_A1cGoalLevelDsYr5 >= 1.597)
",0.000,0.000,0.000,0.000,1.000,0,0,0,1,1,0,0,1,0.0,0.0,0.0,0.0,0.0,1.0,-1
"((BGTestAvgNumMeter >= 0.000) U[1,2] (Pt_ChildT1D >= 0.000))
",0.000,0.000,0.000,0.000,1.000,0,0,0,1,1,0,0,1,0.0,0.0,0.0,0.0,0.0,1.0,-1
"((LDL <= 147.665) U[0,2] (TotalDailyInsPerKg >= 0.386))
",0.000,0.000,0.000,0.000,1.000,0,0,0,1,1,0,0,1,0.0,0.0,0.0,0.0,0.0,1.0,-1
"F[0,1](SMBGperDayPtMeterCombo >= 0.497 -> Pt_FatherT1D >= 0.000)
",0.000,0.000,0.000,0.000,1.000,0,0,0,1,1,0,0,1,0.0,0.0,0.0,0.0,0.0,1.0,-1
"F[1,1]((Pt_MotherT1D >= 0.000 | UnitsInsBasalOrLongAct <= 0.000) | Pt_ChildT1D >= 0.000)
",0.000,0.000,0.000,0.000,1.000,0,0,0,1,1,0,0,1,0.0,0.0,0.0,0.0,0.0,1.0,-1
"F[1,2]((GFR <= 0.000 -> LDL <= 147.484) -> BldPrSys >= 102.687)
",0.000,0.000,0.000,0.000,1.000,0,0,0,1,1,0,0,1,0.0,0.0,0.0,0.0,0.0,1.0,-1
"F[0,2](((Pt_InsGov <= 0.000 -> HeightCm <= 165.347) & Pt_CGMUseNumDays <= 165.383) & Pt_GrandchildT1D <= 165.385)
",0.000,0.000,0.000,0.000,1.000,0,0,0,1,1,0,0,1,0.0,0.0,0.0,0.0,0.0,1.0,-1
"F[0,1](((TotChol >= 202.127 -> BGTestAvgNumMeter >= 0.000) | HbA1c >= 0.000) | Pt_ChildT1D <= 0.000)
",0.000,0.000,0.000,0.000,1.000,0,0,0,1,1,0,0,1,0.0,0.0,0.0,0.0,0.0,1.0,-1
"F[2,2]((Triglyc <= 92.073 & BGTestAvgNumPtRep >= 0.232) -> Triglyc <= 0.674)
",0.000,0.000,0.000,0.000,1.000,0,0,0,1,1,0,0,1,0.0,0.0,0.0,0.0,0.0,1.0,-1
"((BldPrSys <= 133.831) U[0,0] (UnitsInsBasalOrLongAct >= 0.000))
",0.000,0.000,0.000,0.000,1.000,0,0,0,1,1,0,0,1,0.0,0.0,0.0,0.0,0.0,1.0,-1
"F[1,2]((HeightCm >= 164.928 & Pt_DKAFlg >= 0.093) -> BUN <= 0.981)
",0.000,0.000,0.000,0.000,1.000,0,0,0,1,1,0,0,1,0.0,0.0,0.0,0.0,0.0,1.0,-1
"F[0,1](((Pt_DKAFlg >= 0.062 -> Pt_SHFlg <= 0.522) | diabDur <= 0.783) & Pt_SHFlg <= 0.814)
",0.000,0.000,0.000,0.000,1.000,0,0,0,1,1,0,0,1,0.0,0.0,0.0,0.0,0.0,1.0,-1
"F[0,2](((diagAgeCombo >= 11.000 -> NumPumpBolusOrShortAct >= 0.000) | Pt_FatherT1D <= 0.000) & BldPrSys <= 0.000)
",0.000,0.000,0.000,0.000,1.000,0,0,0,1,1,0,0,1,0.0,0.0,0.0,0.0,0.0,1.0,-1
"((diabDur <= 5.523) U[0,2] (HbA1cImputeDtMnC >= 3.541))
",0.000,0.000,0.000,0.000,1.000,0,0,0,1,1,0,0,1,0.0,0.0,0.0,0.0,0.0,1.0,-1
"F[0,2](BldPrSys <= 131.229 & Pt_GrandparentT1D <= 0.560)
",0.000,0.000,0.000,0.000,1.000,0,0,0,1,1,0,0,1,0.0,0.0,0.0,0.0,0.0,1.0,-1
"F[1,2](Triglyc <= 88.941 | WeightKg >= 73.298)
",0.000,0.000,0.000,0.000,1.000,0,0,0,1,1,0,0,1,0.0,0.0,0.0,0.0,0.0,1.0,-1
"F[0,0](Pt_InsGov <= 0.000 | LDL <= 156.134)
",0.000,0.000,0.000,0.000,1.000,0,0,0,1,1,0,0,1,0.0,0.0,0.0,0.0,0.0,1.0,-1
"F[0,1]((DirectLDL >= 0.000 -> Pt_SiblingT1D <= 0.000) | BGTestAvgNumMeter >= 0.000)
",0.000,0.000,0.000,0.000,1.000,0,0,0,1,1,0,0,1,0.0,0.0,0.0,0.0,0.0,1.0,-1
"F[1,1]((bmiZscore <= 1.484 & GFR >= 0.000) -> BldPrSys >= 0.000)
",0.000,0.000,0.000,0.000,1.000,0,0,0,1,1,0,0,1,0.0,0.0,0.0,0.0,0.0,1.0,-1
"F[1,2]((Pt_A1cGoalLevelDsYr5 <= 0.000 & bmiPerc <= 0.946) -> BUN >= 0.908)
",0.000,0.000,0.000,0.000,1.000,0,0,0,1,1,0,0,1,0.0,0.0,0.0,0.0,0.0,1.0,-1
"F[0,0](UnitsInsBasalOrLongAct <= 0.000 & HbA1cImputeDtMnC <= 15.947)
",0.000,0.000,0.000,0.000,1.000,0,0,0,1,1,0,0,1,0.0,0.0,0.0,0.0,0.0,1.0,-1
"((DirectLDL >= 0.000) U[0,2] (Pt_SHFlg <= 0.623))
",0.000,0.000,0.000,0.000,1.000,0,0,0,1,1,0,0,1,0.0,0.0,0.0,0.0,0.0,1.0,-1
"F[0,2](((Pt_FatherT1D <= 0.000 & Pt_ChildT1D <= 0.000) & HbA1cImputeDtMnC <= 0.000) & Pt_ChildT1D >= 0.000)
",0.000,0.000,0.000,0.000,1.000,0,0,0,1,1,0,0,1,0.0,0.0,0.0,0.0,0.0,1.0,-1
"F[2,2](BldPrDia >= 62.635 | age <= 17.731)
",0.000,0.000,0.000,0.000,1.000,0,0,0,1,1,0,0,1,0.0,0.0,0.0,0.0,0.0,1.0,-1
"F[0,1]((Pt_SHFlg <= 0.654 & Pt_DKAFlg >= 0.323) -> BUN >= 0.112)
",0.000,0.000,0.000,0.000,1.000,0,0,0,1,1,0,0,1,0.0,0.0,0.0,0.0,0.0,1.0,-1
"F[1,2](((Triglyc >= 79.491 & Pt_SHFlg >= 0.082) & LDL <= 0.646) | BGTestAvgNumMeter <= 0.808)
",0.000,0.000,0.000,0.000,1.000,0,0,0,1,1,0,0,1,0.0,0.0,0.0,0.0,0.0,1.0,-1
"F[1,2]((Pt_DKAFlg <= 0.582 | Pt_A1cGoalLevelDsYr5 <= 0.000) | Pt_A1cGoalLev <= 0.000)
",0.000,0.000,0.000,0.000,1.000,0,0,0,1,1,0,0,1,0.0,0.0,0.0,0.0,0.0,1.0,-1
"F[0,1]((LDL <= 168.090 | Pt_FatherT1D <= 0.000) | TotChol >= 0.000)
",0.000,0.000,0.000,0.000,1.000,0,0,0,1,1,0,0,1,0.0,0.0,0.0,0.0,0.0,1.0,-1
"F[1,2](((WeightKg >= 73.221 & Pt_A1cGoalLev >= 0.655) & HDL >= 1.386) & diagAgeCombo >= 1.788)
",0.000,0.000,0.000,0.000,1.000,0,0,0,1,1,0,0,1,0.0,0.0,0.0,0.0,0.0,1.0,-1
"F[0,2]((GFR <= 0.000 & BGTestAvgNumPtRep <= 0.738) -> WeightKg >= 0.467)
",0.000,0.000,0.000,0.000,1.000,0,0,0,1,1,0,0,1,0.0,0.0,0.0,0.0,0.0,1.0,-1
"F[0,1]((diagAgeCombo <= 11.000 | TotalDailyInsPerKg >= 0.483) & Pt_A1cGoalLev <= 1.088)
",0.000,0.000,0.000,0.000,1.000,0,0,0,1,1,0,0,1,0.0,0.0,0.0,0.0,0.0,1.0,-1
"F[0,1](((bmiPerc >= 0.899 | GFR <= 0.000) & Pt_GrandparentT1D >= 0.000) -> Pt_ChildT1D <= 0.000)
",0.000,0.000,0.000,0.000,1.000,0,0,0,1,1,0,0,1,0.0,0.0,0.0,0.0,0.0,1.0,-1
"F[2,2](SMBGperDayPtMeterCombo >= 0.091 | LDL <= 149.523)
",0.000,0.000,0.000,0.000,1.000,0,0,0,1,1,0,0,1,0.0,0.0,0.0,0.0,0.0,1.0,-1
"F[1,2](((AutonomicNeuroCl <= 0.000 -> Pt_GrandchildT1D >= 0.000) -> BGTestAvgNumPtRep >= 0.000) & BGTestAvgNumPtRep <= 0.000)
",0.000,0.000,0.000,0.000,1.000,0,0,0,1,1,0,0,1,0.0,0.0,0.0,0.0,0.0,1.0,-1
"F[0,1](((Pt_A1cGoalLevelDsYr5 <= 0.000 & Pt_MotherT1D <= 0.000) | Pt_DKAFlg <= 0.000) & bmiPerc >= 0.000)
",0.000,0.000,0.000,0.000,1.000,0,0,0,1,1,0,0,1,0.0,0.0,0.0,0.0,0.0,1.0,-1
"F[0,2](GFR <= 0.000 & Pt_DKAFlg <= 0.957)
",0.000,0.000,0.000,0.000,1.000,0,0,0,1,1,0,0,1,0.0,0.0,0.0,0.0,0.0,1.0,-1
"((TotChol >= 209.448) U[1,2] (diagAgeCombo >= 11.000))
",0.000,0.000,0.000,0.000,1.000,0,0,0,1,1,0,0,1,0.0,0.0,0.0,0.0,0.0,1.0,-1
"F[1,2](BldPrDia >= 64.120 | GFR >= 0.000)
",0.000,0.000,0.000,0.000,1.000,0,0,0,1,1,0,0,1,0.0,0.0,0.0,0.0,0.0,1.0,-1
"((diabDur >= 5.296) U[0,1] (bmi <= 27.140))
",0.000,0.000,0.000,0.000,1.000,0,0,0,1,1,0,0,1,0.0,0.0,0.0,0.0,0.0,1.0,-1
"F[1,1](((Pt_ChildT1D <= 0.000 -> Pt_A1cGoalLev >= 1.317) & Pt_InsGov <= 6.381) | UnitsInsBasalOrLongAct <= 5.389)
",0.000,0.000,0.000,0.000,1.000,0,0,0,1,1,0,0,1,0.0,0.0,0.0,0.0,0.0,1.0,-1
"F[0,1](HbA1c >= 13.040 -> Pt_A1cGoalLevelDsYr5 = 0.000)
",0.000,0.000,0.000,0.000,1.000,0,0,0,1,1,0,0,1,0.0,0.0,0.0,0.0,0.0,1.0,-1
"F[0,0]((BUN <= 0.000 & Pt_GrandchildT1D >= 0.000) | Pt_CGMUseNumDays >= 0.000)
",0.000,0.000,0.000,0.000,1.000,0,0,0,1,1,0,0,1,0.0,0.0,0.0,0.0,0.0,1.0,-1
"F[0,1]((diabDur <= 5.505 & WeightKg <= 73.871) -> age <= 74.021)
",0.000,0.000,0.000,0.000,1.000,0,0,0,1,1,0,0,1,0.0,0.0,0.0,0.0,0.0,1.0,-1
"F[0,0](((BUN <= 0.000 | Pt_FatherT1D <= 0.000) -> HbA1c >= 0.000) & Pt_GrandparentT1D >= 0.000)
",0.000,0.000,0.000,0.000,1.000,0,0,0,1,1,0,0,1,0.0,0.0,0.0,0.0,0.0,1.0,-1
"F[0,2](((LDL >= 132.228 -> HbA1c >= 13.166) | Pt_ChildT1D <= 13.468) -> Pt_DKAFlg <= 13.499)
",0.000,0.000,0.000,0.000,1.000,0,0,0,1,1,0,0,1,0.0,0.0,0.0,0.0,0.0,1.0,-1
"F[2,2]((Pt_CGMUseNumDays <= 0.000 -> Pt_CGMUseNumDays >= 0.000) | HbA1c >= 0.000)
",0.000,0.000,0.000,0.000,1.000,0,0,0,1,1,0,0,1,0.0,0.0,0.0,0.0,0.0,1.0,-1
"F[0,1](HbA1c >= 13.349 -> Pt_A1cGoalLevelDsYr5 = 0.000)
",0.000,0.000,0.000,0.000,1.000,0,0,0,1,1,0,0,1,0.0,0.0,0.0,0.0,0.0,1.0,-1
"F[0,1](HDL >= 66.074 -> Pt_FatherT1D >= 0.000)
",0.000,0.000,0.000,0.000,1.000,0,0,0,1,1,0,0,1,0.0,0.0,0.0,0.0,0.0,1.0,-1
"F[0,2](Pt_A1cGoalLevelDsYr5 >= 0.000 & LDL >= 105.194)
",0.000,0.000,0.000,0.000,1.000,0,0,0,1,1,0,0,1,0.0,0.0,0.0,0.0,0.0,1.0,-1
"((bmiPerc >= 0.899) U[0,1] (Pt_SHFlg >= 0.153))
",0.000,0.000,0.000,0.000,1.000,0,0,0,1,1,0,0,1,0.0,0.0,0.0,0.0,0.0,1.0,-1
"F[1,2]((WeightKg <= 73.856 | bmiPerc >= 0.919) & NumPumpBolusOrShortAct <= 0.927)
",0.000,0.000,0.000,0.000,1.000,0,0,0,1,1,0,0,1,0.0,0.0,0.0,0.0,0.0,1.0,-1
"F[0,1](HbA1cImputeDtMnC >= 3.634 -> TSH >= 0.000)
",0.000,0.000,0.000,0.000,1.000,0,0,0,1,1,0,0,1,0.0,0.0,0.0,0.0,0.0,1.0,-1
"F[1,2](((HDL <= 67.044 & Pt_FatherT1D >= 0.000) | HDL >= 0.000) & TotChol <= 0.000)
",0.000,0.000,0.000,0.000,1.000,0,0,0,1,1,0,0,1,0.0,0.0,0.0,0.0,0.0,1.0,-1
"F[0,1](((Pt_DKAFlg >= 0.071 -> BGTestAvgNumMeter >= 0.000) & HbA1c <= 0.000) | HbA1cImputeDtMnC <= 0.000)
",0.000,0.000,0.000,0.000,1.000,0,0,0,1,1,0,0,1,0.0,0.0,0.0,0.0,0.0,1.0,-1
"F[0,2]((GFR <= 0.000 -> bmi >= 27.009) -> AutonomicNeuroCl >= 27.011)
",0.000,0.000,0.000,0.000,1.000,0,0,0,1,1,0,0,1,0.0,0.0,0.0,0.0,0.0,1.0,-1
"F[0,1](((TSH >= 0.000 -> GFR >= 0.000) -> age >= 0.000) -> Pt_ChildT1D <= 0.000)
",0.000,0.000,0.000,0.000,1.000,0,0,0,1,1,0,0,1,0.0,0.0,0.0,0.0,0.0,1.0,-1
"F[1,2](Pt_SiblingT1D <= 0.000 -> Pt_SHFlg <= 0.644)
",0.000,0.000,0.000,0.000,1.000,0,0,0,1,1,0,0,1,0.0,0.0,0.0,0.0,0.0,1.0,-1
"F[2,2](Pt_SiblingT1D >= 0.000 | HbA1cImputeDtMnC >= 3.542)
",0.000,0.000,0.000,0.000,1.000,0,0,0,1,1,0,0,1,0.0,0.0,0.0,0.0,0.0,1.0,-1
"F[0,1](((AlbCreatRat_mggNew >= 0.613 -> TotChol >= 202.214) | BUN >= 208.209) & SMBGperDayPtMeterCombo <= 239.887)
",0.000,0.000,0.000,0.000,1.000,0,0,0,1,1,0,0,1,0.0,0.0,0.0,0.0,0.0,1.0,-1
"F[0,1]((Pt_InsGov >= 0.000 -> TSH >= 0.000) | TotalDailyInsPerKg >= 0.000)
",0.000,0.000,0.000,0.000,1.000,0,0,0,1,1,0,0,1,0.0,0.0,0.0,0.0,0.0,1.0,-1
"F[1,2]((Pt_SHFlg >= 0.011 -> HbA1cImputeDtMnC <= 13.139) | bmi >= 4.583)
",0.000,0.000,0.000,0.000,1.000,0,0,0,1,1,0,0,1,0.0,0.0,0.0,0.0,0.0,1.0,-1
"((Pt_InsGov <= 0.000) U[0,2] (bmiZscore <= 1.479))
",0.000,0.000,0.000,0.000,1.000,0,0,0,1,1,0,0,1,0.0,0.0,0.0,0.0,0.0,1.0,-1
"F[2,2]((DirectLDL >= 0.000 | bmi >= 27.036) | Pt_A1cGoalLevelDsYr5 >= 26.737)
",0.000,0.000,0.000,0.000,1.000,0,0,0,1,1,0,0,1,0.0,0.0,0.0,0.0,0.0,1.0,-1
"F[2,2](((TSH <= 0.000 & bmiZscore >= 1.372) & UnitsInsBasalOrLongAct <= 1.522) & BldPrSys <= 1.506)
",0.000,0.000,0.000,0.000,1.000,0,0,0,1,1,0,0,1,0.0,0.0,0.0,0.0,0.0,1.0,-1
"((BGTestAvgNumMeter >= 0.000) U[0,2] (BGTestAvgNumPtRep <= 0.737))
",0.000,0.000,0.000,0.000,1.000,0,0,0,1,1,0,0,1,0.0,0.0,0.0,0.0,0.0,1.0,-1
"((BGTestAvgNumMeter >= 0.000) U[2,2] (BGTestAvgNumPtRep <= 0.656))
",0.000,0.000,0.000,0.000,1.000,0,0,0,1,1,0,0,1,0.0,0.0,0.0,0.0,0.0,1.0,-1
"F[0,1](AutonomicNeuroCl >= 0.000 | bmiPerc <= 0.935)
",0.000,0.000,0.000,0.000,1.000,0,0,0,1,1,0,0,1,0.0,0.0,0.0,0.0,0.0,1.0,-1
"F[2,2](BGTestAvgNumPtRep > 0.466 & Pt_SHFlg = 0.783)
",0.000,0.000,0.000,0.000,1.000,0,0,0,1,1,0,0,1,0.0,0.0,0.0,0.0,0.0,1.0,-1
"F[0,2](AutonomicNeuroCl <= 0.000 -> Pt_SHFlg = 0.557)
",0.000,0.000,0.000,0.000,1.000,0,0,0,1,1,0,0,1,0.0,0.0,0.0,0.0,0.0,1.0,-1
"F[1,2](BGTestAvgNumMeter <= 0.000 -> Pt_SHFlg = 0.103)
",0.000,0.000,0.000,0.000,1.000,0,0,0,1,1,0,0,1,0.0,0.0,0.0,0.0,0.0,1.0,-1
"F[0,2](Pt_GrandchildT1D > 0.000 -> Pt_SHFlg = 0.106)
",0.000,0.000,0.000,0.000,1.000,0,0,0,1,1,0,0,1,0.0,0.0,0.0,0.0,0.0,1.0,-1
"F[1,2](bmi <= 27.368 & Pt_SHFlg = 0.400)
",0.000,0.000,0.000,0.000,1.000,0,0,0,1,1,0,0,1,0.0,0.0,0.0,0.0,0.0,1.0,-1
"((BldPrSys > 128.996) U[0,2] (Pt_SHFlg = 0.494))
",0.000,0.000,0.000,0.000,1.000,0,0,0,1,1,0,0,1,0.0,0.0,0.0,0.0,0.0,1.0,-1
"F[1,2](Pt_DKAFlg > 0.051 -> Pt_SHFlg = 0.420)
",0.000,0.000,0.000,0.000,1.000,0,0,0,1,1,0,0,1,0.0,0.0,0.0,0.0,0.0,1.0,-1
"F[0,0](Triglyc >= 76.520 -> Pt_SHFlg = 0.701)
",0.000,0.000,0.000,0.000,1.000,0,0,0,1,1,0,0,1,0.0,0.0,0.0,0.0,0.0,1.0,-1
"F[1,1](HbA1c >= 13.089 -> Pt_A1cGoalLevelDsYr5 = 0.000)
",0.000,0.000,0.000,0.000,1.000,0,0,0,1,1,0,0,1,0.0,0.0,0.0,0.0,0.0,1.0,-1
"F[2,2](TotalDailyInsPerKg > 0.490 & Pt_SHFlg = 0.044)
",0.000,0.000,0.000,0.000,1.000,0,0,0,1,1,0,0,1,0.0,0.0,0.0,0.0,0.0,1.0,-1
"((diabDur > 5.437) U[1,2] (Pt_SHFlg = 0.703))
",0.000,0.000,0.000,0.000,1.000,0,0,0,1,1,0,0,1,0.0,0.0,0.0,0.0,0.0,1.0,-1
"F[1,2](HeightCm <= 165.288 -> Pt_SHFlg = 0.541)
",0.000,0.000,0.000,0.000,1.000,0,0,0,1,1,0,0,1,0.0,0.0,0.0,0.0,0.0,1.0,-1
"((diagAgeCombo >= 11.000) U[2,2] (AutonomicNeuroCl >= 0.000))
",0.000,0.000,0.000,0.000,1.000,0,0,0,1,1,0,0,1,0.0,0.0,0.0,0.0,0.0,1.0,-1
"((BGTestAvgNumMeter >= 0.000) U[0,2] (BldPrSys <= 131.402))
",0.000,0.000,0.000,0.000,1.000,0,0,0,1,1,0,0,1,0.0,0.0,0.0,0.0,0.0,1.0,-1
"F[2,2]((TotChol <= 252.895 -> Triglyc >= 75.771) & GFR >= 76.493)
",0.000,0.000,0.000,0.000,1.000,0,0,0,1,1,0,0,1,0.0,0.0,0.0,0.0,0.0,1.0,-1
"F[0,2](diagAgeCombo > 11.000 -> Pt_SHFlg = 0.410)
",0.000,0.000,0.000,0.000,1.000,0,0,0,1,1,0,0,1,0.0,0.0,0.0,0.0,0.0,1.0,-1
"F[2,2](((bmi >= 26.983 & TotalDailyInsPerKg >= 0.312) -> UnitsInsBasalOrLongAct >= 0.136) | BGTestAvgNumPtRep >= 0.061)
",0.000,0.000,0.000,0.000,1.000,0,0,0,1,1,0,0,1,0.0,0.0,0.0,0.0,0.0,1.0,-1
"F[1,1](HbA1c >= 13.324 | TotalDailyInsPerKg <= 0.794)
",0.000,0.000,0.000,0.000,1.000,0,0,0,1,1,0,0,1,0.0,0.0,0.0,0.0,0.0,1.0,-1
"((Pt_ChildT1D >= 0.000) U[2,2] (Pt_SHFlg = 0.182))
",0.000,0.000,0.000,0.000,1.000,0,0,0,1,1,0,0,1,0.0,0.0,0.0,0.0,0.0,1.0,-1
"((HDL <= 70.127) U[2,2] (Pt_SHFlg = 0.983))
",0.000,0.000,0.000,0.000,1.000,0,0,0,1,1,0,0,1,0.0,0.0,0.0,0.0,0.0,1.0,-1
"F[2,2](HbA1c >= 13.315 -> Pt_A1cGoalLevelDsYr5 = 0.000)
",0.000,0.000,0.000,0.000,1.000,0,0,0,1,1,0,0,1,0.0,0.0,0.0,0.0,0.0,1.0,-1
"((BGTestAvgNumMeter >= 0.000) U[1,2] (BGTestAvgNumPtRep <= 0.784))
",0.000,0.000,0.000,0.000,1.000,0,0,0,1,1,0,0,1,0.0,0.0,0.0,0.0,0.0,1.0,-1
"F[0,0](HbA1c >= 12.998 -> Pt_A1cGoalLevelDsYr5 = 0.000)
",0.000,0.000,0.000,0.000,1.000,0,0,0,1,1,0,0,1,0.0,0.0,0.0,0.0,0.0,1.0,-1
"((BGTestAvgNumMeter >= 0.000) U[1,1] (BGTestAvgNumPtRep <= 0.589))
",0.000,0.000,0.000,0.000,1.000,0,0,0,1,1,0,0,1,0.0,0.0,0.0,0.0,0.0,1.0,-1
"F[1,2](HbA1c >= 13.204 -> Pt_A1cGoalLevelDsYr5 = 0.000)
",0.000,0.000,0.000,0.000,1.000,0,0,0,1,1,0,0,1,0.0,0.0,0.0,0.0,0.0,1.0,-1
"((BGTestAvgNumMeter >= 0.000) U[0,2] (BGTestAvgNumPtRep <= 0.564))
",0.000,0.000,0.000,0.000,1.000,0,0,0,1,1,0,0,1,0.0,0.0,0.0,0.0,0.0,1.0,-1
"F[1,2](HbA1c >= 12.902 -> Pt_A1cGoalLevelDsYr5 = 0.000)
",0.000,0.000,0.000,0.000,1.000,0,0,0,1,1,0,0,1,0.0,0.0,0.0,0.0,0.0,1.0,-1
"((BGTestAvgNumMeter >= 0.000) U[0,1] (BGTestAvgNumPtRep <= 0.826))
",0.000,0.000,0.000,0.000,1.000,0,0,0,1,1,0,0,1,0.0,0.0,0.0,0.0,0.0,1.0,-1
"F[2,2](HbA1c >= 12.917 -> Pt_A1cGoalLevelDsYr5 = 0.000)
",0.000,0.000,0.000,0.000,1.000,0,0,0,1,1,0,0,1,0.0,0.0,0.0,0.0,0.0,1.0,-1
"((BGTestAvgNumMeter >= 0.000) U[1,2] (BGTestAvgNumPtRep <= 0.620))
",0.000,0.000,0.000,0.000,1.000,0,0,0,1,1,0,0,1,0.0,0.0,0.0,0.0,0.0,1.0,-1
"F[0,1](HbA1c >= 13.355 -> Pt_A1cGoalLevelDsYr5 = 0.000)
",0.000,0.000,0.000,0.000,1.000,0,0,0,1,1,0,0,1,0.0,0.0,0.0,0.0,0.0,1.0,-1
"((BGTestAvgNumMeter >= 0.000) U[1,2] (BGTestAvgNumPtRep <= 0.695))
",0.000,0.000,0.000,0.000,1.000,0,0,0,1,1,0,0,1,0.0,0.0,0.0,0.0,0.0,1.0,-1
"F[0,2](((SMBGperDayPtMeterCombo <= 0.920 & SMBGperDayPtMeterCombo <= 0.653) -> Pt_InsGov <= 0.912) | TSH <= 0.909)
",0.000,0.000,0.000,0.000,1.000,0,0,0,1,1,0,0,1,0.0,0.0,0.0,0.0,0.0,1.0,-1
"F[0,2](Pt_GrandchildT1D >= 0.000 -> BGTestAvgNumMeter >= 0.000)
",0.000,0.000,0.000,0.000,1.000,0,0,0,1,1,0,0,1,0.0,0.0,0.0,0.0,0.0,1.0,-1
"F[0,0](((diagAgeCombo <= 11.000 | GFR <= 0.000) & Pt_A1cGoalLev <= 0.000) -> BGTestAvgNumMeter >= 0.000)
",0.000,0.000,0.000,0.000,1.000,0,0,0,1,1,0,0,1,0.0,0.0,0.0,0.0,0.0,1.0,-1
"G[0,0](LDL <= 168.256 | HeightCm >= 165.047)
",0.000,0.000,0.000,1.000,0.000,0,0,0,1,1,0,0,1,0.0,0.0,0.0,0.0,0.0,1.0,1
"G[0,1](Pt_MotherT1D <= 0.000 & Pt_SHFlg = 0.607)
",0.000,0.000,0.000,1.000,0.000,0,0,0,1,1,0,0,1,0.0,0.0,0.0,0.0,0.0,1.0,1
"G[1,1](Pt_CGMUseNumDays >= 0.000 -> Pt_SHFlg = 0.454)
",0.000,0.000,0.000,1.000,0.000,0,0,0,1,1,0,0,1,0.0,0.0,0.0,0.0,0.0,1.0,1
"G[0,1](Pt_GrandparentT1D <= 0.663 -> Pt_SHFlg = 0.591)
",0.000,0.000,0.000,1.000,0.000,0,0,0,1,1,0,0,1,0.0,0.0,0.0,0.0,0.0,1.0,1
"G[0,2](HbA1c < 13.826 -> Pt_SHFlg = 0.633)
",0.000,0.000,0.000,1.000,0.000,0,0,0,1,1,0,0,1,0.0,0.0,0.0,0.0,0.0,1.0,1
"G[1,2](((BUN >= 0.000 -> HeightCm >= 164.955) & BldPrDia >= 164.931) & HbA1cImputeDtMnC >= 164.836)
",0.000,0.000,0.000,1.000,0.000,0,0,0,1,1,0,0,1,0.0,0.0,0.0,0.0,0.0,1.0,1
"G[0,2](((Pt_GrandparentT1D <= 0.808 | Pt_SiblingT1D <= 0.000) -> AutonomicNeuroCl >= 0.000) & TotalDailyInsPerKg >= 0.000)
",0.000,0.000,0.000,1.000,0.000,0,0,1,0,0,1,1,0,0.0,0.0,1.0,0.0,0.0,1.0,1
"G[1,2](Pt_CGMUseNumDays >= 0.000 & AutonomicNeuroCl <= 0.000)
",0.000,0.000,0.000,1.000,0.000,0,0,1,0,0,1,1,0,0.0,0.0,1.0,0.0,0.0,1.0,1
"G[2,2](((HDL >= 65.371 & SMBGperDayPtMeterCombo >= 0.121) | HeightCm >= 0.049) & Pt_CGMUseNumDays <= 0.731)
",0.000,0.000,0.000,1.000,0.000,0,0,1,0,0,1,1,0,0.0,0.0,1.0,0.0,0.0,1.0,1
"G[1,2](((bmi <= 27.308 -> Pt_MotherT1D <= 0.000) & BGTestAvgNumMeter >= 0.000) | bmiPerc >= 0.000)
",0.000,0.000,0.000,1.000,0.000,0,0,1,0,0,1,1,0,0.0,0.0,1.0,0.0,0.0,1.0,1
"G[1,1]((diabDur <= 5.830 & diabDur <= 5.788) | Pt_SHFlg >= 5.426)
",0.000,0.000,0.000,1.000,0.000,0,0,0,1,1,0,0,1,0.0,0.0,0.0,0.0,0.0,1.0,1
"G[0,2](((SMBGperDayPtMeterCombo >= 0.377 -> Pt_ChildT1D <= 0.000) & Pt_FatherT1D <= 0.000) | BldPrSys >= 0.000)
",0.000,0.000,0.000,1.000,0.000,0,0,1,0,0,1,1,0,0.0,0.0,1.0,0.0,0.0,1.0,1
"G[1,2]((TotChol >= 182.077 & Triglyc <= 97.932) -> TSH <= 87.544)
",0.000,0.000,0.000,1.000,0.000,0,0,1,0,0,1,1,0,0.0,0.0,1.0,0.0,0.0,1.0,1
"G[2,2](Pt_MotherT1D >= 0.000 & age <= 17.305)
",0.000,0.000,0.000,1.000,0.000,0,0,1,0,0,1,1,0,0.0,0.0,1.0,0.0,0.0,1.0,1
"G[2,2](((HbA1cImputeDtMnC >= 8.611 & Pt_CGMUseNumDays <= 0.000) | LDL <= 0.000) | BUN <= 0.000)
",0.000,0.000,0.000,1.000,0.000,0,0,1,0,0,1,1,0,0.0,0.0,1.0,0.0,0.0,1.0,1
"G[0,1](age >= 16.726 -> bmi >= 26.737)
",0.000,0.000,0.000,1.000,0.000,0,0,0,1,1,0,0,1,0.0,0.0,0.0,0.0,0.0,1.0,1
"G[1,2](((Pt_A1cGoalLev >= 1.075 | diabDur <= 5.826) -> HDL <= 5.758) -> bmiPerc >= 5.322)
",0.000,0.000,0.000,1.000,0.000,0,0,1,0,0,1,1,0,0.0,0.0,1.0,0.0,0.0,1.0,1
"G[1,2](((Pt_MotherT1D <= 0.000 -> Pt_A1cGoalLev <= 6.771) -> Pt_GrandchildT1D >= 2.648) -> Pt_FatherT1D >= 0.407)
",0.000,0.000,0.000,1.000,0.000,0,0,0,1,1,0,0,1,0.0,0.0,0.0,0.0,0.0,1.0,1
"G[2,2](((BldPrDia <= 68.759 & Pt_CGMUseNumDays >= 0.000) & Triglyc <= 0.000) | AutonomicNeuroCl <= 0.000)
",0.000,0.000,0.000,1.000,0.000,0,0,1,0,0,1,1,0,0.0,0.0,1.0,0.0,0.0,1.0,1
"G[2,2]((BldPrDia >= 65.001 | SMBGperDayPtMeterCombo >= 0.138) | HeightCm <= 0.734)
",0.000,0.000,0.000,1.000,0.000,0,0,1,0,0,1,1,0,0.0,0.0,1.0,0.0,0.0,1.0,1
"G[2,2]((Pt_ChildT1D >= 0.000 & Pt_ChildT1D >= 0.000) | GFR >= 0.000)
",0.000,0.000,0.000,1.000,0.000,0,0,1,0,0,1,1,0,0.0,0.0,1.0,0.0,0.0,1.0,1
"G[2,2](((TSH <= 0.000 -> BldPrDia >= 63.505) & HbA1cImputeDtMnC >= 64.077) & HeightCm <= 68.650)
",0.000,0.000,0.000,1.000,0.000,0,0,1,0,0,1,1,0,0.0,0.0,1.0,0.0,0.0,1.0,1
"G[2,2](Pt_SHFlg >= 0.049 | BldPrDia >= 63.964)
",0.000,0.000,0.000,1.000,0.000,0,0,1,0,0,1,1,0,0.0,0.0,1.0,0.0,0.0,1.0,1
"G[0,2](((TSH >= 0.000 | HbA1cImputeDtMnC <= 10.856) | Pt_InsGov <= 12.204) -> Triglyc >= 3.520)
",0.000,0.000,0.000,1.000,0.000,0,0,1,0,0,1,1,0,0.0,0.0,1.0,0.0,0.0,1.0,1
"G[0,2]((HbA1cImputeDtMnC <= 20.607 & bmiPerc >= 0.901) | LDL <= 0.933)
",0.000,0.000,0.000,1.000,0.000,0,0,0,1,1,0,0,1,0.0,0.0,0.0,0.0,0.0,1.0,1
"G[2,2](((bmiPerc <= 0.925 & HeightCm <= 165.377) | WeightKg <= 165.281) & Pt_SHFlg <= 165.199)
",0.000,0.000,0.000,1.000,0.000,0,0,1,0,0,1,1,0,0.0,0.0,1.0,0.0,0.0,1.0,1
"G[1,2](((TSH >= 0.000 & UnitsInsBasalOrLongAct <= 0.000) & GFR <= 0.000) & GFR <= 0.000)
",0.000,0.000,0.000,1.000,0.000,0,0,1,0,0,1,1,0,0.0,0.0,1.0,0.0,0.0,1.0,1
"G[0,0](BUN <= 0.000 & Pt_SHFlg = 0.954)
",0.000,0.000,0.000,1.000,0.000,0,0,0,1,1,0,0,1,0.0,0.0,0.0,0.0,0.0,1.0,1
"G[2,2](TSH <= 0.000 & Pt_SHFlg = 0.826)
",0.000,0.000,0.000,1.000,0.000,0,0,1,0,0,1,1,0,0.0,0.0,1.0,0.0,0.0,1.0,1
"G[0,2](Pt_InsGov >= 0.000 -> Pt_SHFlg = 0.731)
",0.000,0.000,0.000,1.000,0.000,0,0,0,1,1,0,0,1,0.0,0.0,0.0,0.0,0.0,1.0,1
"G[1,1](NumPumpBolusOrShortAct <= 0.000 -> Pt_SHFlg = 0.076)
",0.000,0.000,0.000,1.000,0.000,0,0,0,1,1,0,0,1,0.0,0.0,0.0,0.0,0.0,1.0,1
"G[0,1](SMBGperDayPtMeterCombo >= 0.153 & BGTestAvgNumPtRep >= 0.493)
",0.000,0.000,0.000,1.000,0.000,0,0,0,1,1,0,0,1,0.0,0.0,0.0,0.0,0.0,1.0,1
"G[1,2]((WeightKg >= 73.387 | bmi >= 27.039) -> UnitsInsBasalOrLongAct <= 0.000)
",0.000,0.000,0.000,1.000,0.000,0,0,1,0,0,1,1,0,0.0,0.0,1.0,0.0,0.0,1.0,1
"G[1,2](GFR <= 0.000 -> BUN >= 0.000)
",0.000,0.000,0.000,1.000,0.000,0,0,1,0,0,1,1,0,0.0,0.0,1.0,0.0,0.0,1.0,1
"G[1,2](SMBGperDayPtMeterCombo >= 0.111 & BGTestAvgNumPtRep >= 0.303)
",0.000,0.000,0.000,1.000,0.000,0,0,0,1,1,0,0,1,0.0,0.0,0.0,0.0,0.0,1.0,1
"G[1,1](SMBGperDayPtMeterCombo >= 0.049 & BGTestAvgNumPtRep >= 0.413)
",0.000,0.000,0.000,1.000,0.000,0,0,0,1,1,0,0,1,0.0,0.0,0.0,0.0,0.0,1.0,1
"G[1,2]((WeightKg >= 73.669 | bmi >= 26.797) -> UnitsInsBasalOrLongAct <= 0.000)
",0.000,0.000,0.000,1.000,0.000,0,0,1,0,0,1,1,0,0.0,0.0,1.0,0.0,0.0,1.0,1
"G[0,1](((Pt_ChildT1D <= 0.000 -> HeightCm <= 165.133) | bmiZscore >= 164.808) -> HDL >= 164.958)
",0.000,0.000,0.000,1.000,0.000,0,0,0,1,1,0,0,1,0.0,0.0,0.0,0.0,0.0,1.0,1
"G[1,2](LDL < 157.001 -> Pt_SHFlg = 0.785)
",0.000,0.000,0.000,1.000,0.000,0,0,0,1,1,0,0,1,0.0,0.0,0.0,0.0,0.0,1.0,1
"G[1,2](bmiZscore >= 1.298 & Pt_SHFlg = 0.430)
",0.000,0.000,0.000,1.000,0.000,0,0,0,1,1,0,0,1,0.0,0.0,0.0,0.0,0.0,1.0,1
"G[0,2]((BGTestAvgNumMeter >= 0.000 -> Pt_GrandparentT1D >= 0.240) & NumPumpBolusOrShortAct >= 0.175)
",0.000,0.000,0.000,1.000,0.000,0,0,0,1,1,0,0,1,0.0,0.0,0.0,0.0,0.0,1.0,1
"G[1,2](((UnitsInsBasalOrLongAct <= 0.000 & SMBGperDayPtMeterCombo <= 0.809) | BGTestAvgNumMeter >= 0.376) -> Pt_CGMUseNumDays >= 0.277)
",0.000,0.000,0.000,1.000,0.000,0,0,0,1,1,0,0,1,0.0,0.0,0.0,0.0,0.0,1.0,1
"G[0,0](TotalDailyInsPerKg >= 0.522 | BldPrDia >= 63.880)
",0.000,0.000,0.000,1.000,0.000,0,0,0,1,1,0,0,1,0.0,0.0,0.0,0.0,0.0,1.0,1
"G[0,1]((Pt_A1cGoalLevelDsYr5 <= 0.000 -> SMBGperDayPtMeterCombo <= 0.520) & GFR >= 0.375)
",0.000,0.000,0.000,1.000,0.000,0,0,0,1,1,0,0,1,0.0,0.0,0.0,0.0,0.0,1.0,1
"G[0,2]((WeightKg >= 73.346 | Pt_MotherT1D >= 0.000) | diabDur >= 0.000)
",0.000,0.000,0.000,1.000,0.000,0,0,1,0,0,1,1,0,0.0,0.0,1.0,0.0,0.0,1.0,1
"G[1,2]((Pt_FatherT1D >= 0.000 | HDL <= 69.354) | GFR <= 71.668)
",0.000,0.000,0.000,1.000,0.000,0,0,1,0,0,1,1,0,0.0,0.0,1.0,0.0,0.0,1.0,1
"G[1,2]((bmi <= 27.391 | Pt_CGMUseNumDays >= 0.000) -> Pt_InsGov <= 0.000)
",0.000,0.000,0.000,1.000,0.000,0,0,1,0,0,1,1,0,0.0,0.0,1.0,0.0,0.0,1.0,1
"G[0,2](((GFR >= 0.000 & BldPrDia >= 62.586) | Pt_MotherT1D >= 62.600) -> SMBGperDayPtMeterCombo >= 62.907)
",0.000,0.000,0.000,1.000,0.000,0,0,0,1,1,0,0,1,0.0,0.0,0.0,0.0,0.0,1.0,1
"G[0,2]((BldPrSys <= 133.960 | SMBGperDayPtMeterCombo <= 0.809) & HbA1c >= 0.482)
",0.000,0.000,0.000,1.000,0.000,0,0,1,0,0,1,1,0,0.0,0.0,1.0,0.0,0.0,1.0,1
"G[2,2]((SMBGperDayPtMeterCombo <= 0.529 & GFR <= 0.000) -> Triglyc <= 0.000)
",0.000,0.000,0.000,1.000,0.000,0,0,1,0,0,1,1,0,0.0,0.0,1.0,0.0,0.0,1.0,1
"G[0,1](((NumPumpBolusOrShortAct >= 0.000 & WeightKg >= 73.625) | Pt_ChildT1D <= 74.020) & BGTestAvgNumPtRep >= 73.731)
",0.000,0.000,0.000,1.000,0.000,0,0,0,1,1,0,0,1,0.0,0.0,0.0,0.0,0.0,1.0,1
"G[0,2](TotChol < 228.498 & Pt_SHFlg = 0.865)
",0.000,0.000,0.000,1.000,0.000,0,0,0,1,1,0,0,1,0.0,0.0,0.0,0.0,0.0,1.0,1
"G[1,2]((Pt_GrandchildT1D >= 0.000 -> LDL >= 119.011) & GFR <= 163.982)
",0.000,0.000,0.000,1.000,0.000,0,0,0,1,1,0,0,1,0.0,0.0,0.0,0.0,0.0,1.0,1
"G[0,2]((bmiPerc >= 0.900 & Pt_InsGov >= 0.000) | Pt_MotherT1D >= 0.000)
",0.000,0.000,0.000,1.000,0.000,0,0,1,0,0,1,1,0,0.0,0.0,1.0,0.0,0.0,1.0,1
"G[1,2]((Pt_A1cGoalLev >= 1.645 -> Pt_A1cGoalLev >= 0.549) | diagAgeCombo >= 2.811)
",0.000,0.000,0.000,1.000,0.000,0,0,1,0,0,1,1,0,0.0,0.0,1.0,0.0,0.0,1.0,1
"G[0,1](Pt_A1cGoalLevelDsYr5 <= 0.000 & Pt_SHFlg = 0.571)
",0.000,0.000,0.000,1.000,0.000,0,0,0,1,1,0,0,1,0.0,0.0,0.0,0.0,0.0,1.0,1
"G[1,2](((BldPrDia >= 62.783 -> TotChol >= 210.010) -> TotalDailyInsPerKg <= 249.478) & Pt_FatherT1D <= 247.537)
",0.000,0.000,0.000,1.000,0.000,0,0,1,0,0,1,1,0,0.0,0.0,1.0,0.0,0.0,1.0,1
"G[1,2](((SMBGperDayPtMeterCombo <= 0.523 & BGTestAvgNumPtRep <= 0.516) & Pt_MotherT1D >= 0.489) & Pt_GrandchildT1D >= 0.490)
",0.000,0.000,0.000,1.000,0.000,0,0,0,1,1,0,0,1,0.0,0.0,0.0,0.0,0.0,1.0,1
"G[1,2]((WeightKg >= 73.745 | bmi >= 26.878) -> UnitsInsBasalOrLongAct <= 0.000)
",0.000,0.000,0.000,1.000,0.000,0,0,1,0,0,1,1,0,0.0,0.0,1.0,0.0,0.0,1.0,1
"G[0,1]((diabDur >= 5.200 & Triglyc <= 96.226) & WeightKg >= 68.803)
",0.000,0.000,0.000,1.000,0.000,0,0,0,1,1,0,0,1,0.0,0.0,0.0,0.0,0.0,1.0,1
"G[0,2](((bmi <= 27.090 | GFR >= 0.000) -> TotalDailyInsPerKg >= 0.000) -> Pt_A1cGoalLev <= 0.000)
",0.000,0.000,0.000,1.000,0.000,0,0,0,1,1,0,0,1,0.0,0.0,0.0,0.0,0.0,1.0,1
"G[0,2]((BGTestAvgNumMeter <= 0.000 | TotChol <= 231.536) -> TotalDailyInsPerKg >= 182.089)
",0.000,0.000,0.000,1.000,0.000,0,0,0,1,1,0,0,1,0.0,0.0,0.0,0.0,0.0,1.0,1
"G[0,1](((HDL <= 68.776 & HDL <= 70.354) & GFR <= 67.052) -> diabDur >= 62.463)
",0.000,0.000,0.000,1.000,0.000,0,0,0,1,1,0,0,1,0.0,0.0,0.0,0.0,0.0,1.0,1
"G[1,2](bmiPerc >= 0.917 -> BUN >= 0.000)
",0.000,0.000,0.000,1.000,0.000,0,0,1,0,0,1,1,0,0.0,0.0,1.0,0.0,0.0,1.0,1
"G[2,2]((TotalDailyInsPerKg >= 0.187 | Pt_ChildT1D >= 0.000) | BldPrSys <= 0.000)
",0.000,0.000,0.000,1.000,0.000,0,0,1,0,0,1,1,0,0.0,0.0,1.0,0.0,0.0,1.0,1
"G[0,2](((Pt_A1cGoalLev >= 2.311 -> Pt_DKAFlg <= 0.775) | Pt_GrandparentT1D >= 0.330) -> LDL <= 0.699)
",0.000,0.000,0.000,1.000,0.000,0,0,0,1,1,0,0,1,0.0,0.0,0.0,0.0,0.0,1.0,1
"G[1,2](((HDL >= 65.647 | Pt_ChildT1D >= 0.000) & WeightKg >= 0.000) | bmi <= 0.000)
",0.000,0.000,0.000,1.000,0.000,0,0,1,0,0,1,1,0,0.0,0.0,1.0,0.0,0.0,1.0,1
"G[1,2](((HDL <= 71.849 | Pt_A1cGoalLev >= 2.234) & Pt_MotherT1D <= 6.135) & Pt_GrandchildT1D >= 1.178)
",0.000,0.000,0.000,1.000,0.000,0,0,0,1,1,0,0,1,0.0,0.0,0.0,0.0,0.0,1.0,1
"G[2,2]((Pt_ChildT1D <= 0.000 | HbA1cImputeDtMnC >= 0.802) | Triglyc <= 11.834)
",0.000,0.000,0.000,1.000,0.000,0,0,1,0,0,1,1,0,0.0,0.0,1.0,0.0,0.0,1.0,1
"G[1,2]((LDL >= 98.212 & Pt_GrandchildT1D >= 0.000) & DirectLDL <= 0.000)
",0.000,0.000,0.000,1.000,0.000,0,0,0,1,1,0,0,1,0.0,0.0,0.0,0.0,0.0,1.0,1
"G[0,2](((HeightCm <= 165.367 & Pt_A1cGoalLevelDsYr5 <= 0.000) | BldPrSys <= 0.000) | Pt_GrandchildT1D >= 0.000)
",0.000,0.000,0.000,1.000,0.000,0,0,1,0,0,1,1,0,0.0,0.0,1.0,0.0,0.0,1.0,1
"G[2,2]((HbA1cImputeDtMnC >= 7.632 | SMBGperDayPtMeterCombo <= 0.836) -> Pt_A1cGoalLev >= 0.040)
",0.000,0.000,0.000,1.000,0.000,0,0,1,0,0,1,1,0,0.0,0.0,1.0,0.0,0.0,1.0,1
"G[1,2]((Pt_MotherT1D >= 0.000 | Pt_InsGov <= 0.000) | bmi <= 0.000)
",0.000,0.000,0.000,1.000,0.000,0,0,1,0,0,1,1,0,0.0,0.0,1.0,0.0,0.0,1.0,1
"G[2,2](((bmiPerc <= 0.939 & Pt_GrandparentT1D <= 0.760) -> Pt_InsGov <= 0.787) | TSH >= 0.035)
",0.000,0.000,0.000,1.000,0.000,0,0,1,0,0,1,1,0,0.0,0.0,1.0,0.0,0.0,1.0,1
"G[0,2](((NumPumpBolusOrShortAct <= 0.000 -> Pt_InsGov <= 0.000) & WeightKg >= 0.000) | Pt_A1cGoalLev <= 0.000)
",0.000,0.000,0.000,1.000,0.000,0,0,1,0,0,1,1,0,0.0,0.0,1.0,0.0,0.0,1.0,1
"G[1,2](((BldPrDia <= 68.698 & BGTestAvgNumPtRep <= 0.688) | Pt_A1cGoalLevelDsYr5 <= 0.995) -> Pt_DKAFlg >= 0.099)
",0.000,0.000,0.000,1.000,0.000,0,0,0,1,1,0,0,1,0.0,0.0,0.0,0.0,0.0,1.0,1
"G[0,1](TotalDailyInsPerKg <= 0.675 & Pt_DKAFlg >= 0.309)
",0.000,0.000,0.000,1.000,0.000,0,0,0,1,1,0,0,1,0.0,0.0,0.0,0.0,0.0,1.0,1
"G[1,2](((LDL >= 102.164 | bmi <= 27.253) & GFR <= 27.279) & BldPrDia <= 27.298)
",0.000,0.000,0.000,1.000,0.000,0,0,0,1,1,0,0,1,0.0,0.0,0.0,0.0,0.0,1.0,1
"G[1,2]((bmi <= 27.197 | HDL <= 69.778) -> TSH <= 70.726)
",0.000,0.000,0.000,1.000,0.000,0,0,1,0,0,1,1,0,0.0,0.0,1.0,0.0,0.0,1.0,1
"G[2,2](Pt_A1cGoalLev <= 6.828 -> bmiZscore >= 1.333)
",0.000,0.000,0.000,1.000,0.000,0,0,1,0,0,1,1,0,0.0,0.0,1.0,0.0,0.0,1.0,1
"G[2,2]((Pt_GrandparentT1D >= 0.172 & Pt_CGMUseNumDays <= 0.000) | UnitsInsBasalOrLongAct >= 0.000)
",0.000,0.000,0.000,1.000,0.000,0,0,1,0,0,1,1,0,0.0,0.0,1.0,0.0,0.0,1.0,1
"G[0,1](((BldPrSys <= 133.199 | BUN <= 0.000) -> BldPrDia <= 0.000) & AutonomicNeuroCl >= 0.000)
",0.000,0.000,0.000,1.000,0.000,0,0,0,1,1,0,0,1,0.0,0.0,0.0,0.0,0.0,1.0,1
"G[0,2]((HeightCm >= 165.016 & diagAgeCombo <= 11.000) | Pt_ChildT1D <= 11.000)
",0.000,0.000,0.000,1.000,0.000,0,0,1,0,0,1,1,0,0.0,0.0,1.0,0.0,0.0,1.0,1
"G[2,2]((TotalDailyInsPerKg >= 0.284 & diagAgeCombo >= 11.000) -> bmi <= 11.000)
",0.000,0.000,0.000,1.000,0.000,0,0,1,0,0,1,1,0,0.0,0.0,1.0,0.0,0.0,1.0,1
"G[1,2](Pt_A1cGoalLev <= 5.332 | diagAgeCombo >= 11.000)
",0.000,0.000,0.000,1.000,0.000,0,0,1,0,0,1,1,0,0.0,0.0,1.0,0.0,0.0,1.0,1
"G[1,2](HbA1cImputeDtMnC >= 2.166 & Pt_DKAFlg >= 0.348)
",0.000,0.000,0.000,1.000,0.000,0,0,0,1,1,0,0,1,0.0,0.0,0.0,0.0,0.0,1.0,1
"G[1,2](SMBGperDayPtMeterCombo >= 0.032 & BGTestAvgNumPtRep >= 0.242)
",0.000,0.000,0.000,1.000,0.000,0,0,0,1,1,0,0,1,0.0,0.0,0.0,0.0,0.0,1.0,1
"G[0,2]((WeightKg <= 74.095 -> GFR <= 0.000) | TotChol <= 0.000)
",0.000,0.000,0.000,1.000,0.000,0,0,1,0,0,1,1,0,0.0,0.0,1.0,0.0,0.0,1.0,1
"G[0,2]((TotalDailyInsPerKg >= 0.360 | SMBGperDayPtMeterCombo >= 0.476) -> BGTestAvgNumMeter <= 0.600)
",0.000,0.000,0.000,1.000,0.000,0,0,1,0,0,1,1,0,0.0,0.0,1.0,0.0,0.0,1.0,1
"G[0,1]((HbA1c <= 13.765 & LDL >= 104.132) -> TotChol <= 159.706)
",0.000,0.000,0.000,1.000,0.000,0,0,0,1,1,0,0,1,0.0,0.0,0.0,0.0,0.0,1.0,1
"G[1,2](UnitsInsBasalOrLongAct <= 0.000 & SMBGperDayPtMeterCombo <= 0.912)
",0.000,0.000,0.000,1.000,0.000,0,0,1,0,0,1,1,0,0.0,0.0,1.0,0.0,0.0,1.0,1
"G[1,2](((bmiPerc >= 0.913 & Pt_DKAFlg <= 0.780) | BldPrDia <= 0.604) & SMBGperDayPtMeterCombo >= 0.063)
",0.000,0.000,0.000,1.000,0.000,0,0,0,1,1,0,0,1,0.0,0.0,0.0,0.0,0.0,1.0,1
"G[1,2](((Pt_ChildT1D >= 0.000 -> Pt_A1cGoalLevelDsYr5 >= 0.000) -> BGTestAvgNumMeter >= 0.000) & HbA1cImputeDtMnC >= 0.000)
",0.000,0.000,0.000,1.000,0.000,0,0,1,0,0,1,1,0,0.0,0.0,1.0,0.0,0.0,1.0,1
"G[1,2](AutonomicNeuroCl <= 0.000 & HDL >= 64.599)
",0.000,0.000,0.000,1.000,0.000,0,0,0,1,1,0,0,1,0.0,0.0,0.0,0.0,0.0,1.0,1
"G[0,1](AlbCreatRat_mggNew <= 4.639 | Pt_DKAFlg <= 0.802)
",0.000,0.000,0.000,1.000,0.000,0,0,0,1,1,0,0,1,0.0,0.0,0.0,0.0,0.0,1.0,1
"G[0,1]((DirectLDL <= 0.000 -> age <= 17.085) & bmi <= 17.910)
",0.000,0.000,0.000,1.000,0.000,0,0,0,1,1,0,0,1,0.0,0.0,0.0,0.0,0.0,1.0,1
"G[1,2]((Pt_A1cGoalLev <= 4.383 & diabDur <= 5.961) & UnitsInsBasalOrLongAct >= 5.264)
",0.000,0.000,0.000,1.000,0.000,0,0,0,1,1,0,0,1,0.0,0.0,0.0,0.0,0.0,1.0,1
"G[0,0](((Pt_A1cGoalLevelDsYr5 <= 0.000 -> Pt_GrandchildT1D >= 0.000) & WeightKg >= 0.000) -> Triglyc <= 0.000)
",0.000,0.000,0.000,1.000,0.000,0,0,0,1,1,0,0,1,0.0,0.0,0.0,0.0,0.0,1.0,1
"G[0,1]((Pt_ChildT1D <= 0.000 | bmiPerc <= 0.935) & bmi <= 0.924)
",0.000,0.000,0.000,1.000,0.000,0,0,0,1,1,0,0,1,0.0,0.0,0.0,0.0,0.0,1.0,1
"G[0,2]((Pt_MotherT1D >= 0.000 & NumPumpBolusOrShortAct >= 0.000) -> LDL >= 0.000)
",0.000,0.000,0.000,1.000,0.000,0,0,1,0,0,1,1,0,0.0,0.0,1.0,0.0,0.0,1.0,1
"G[1,2](Pt_ChildT1D >= 0.000 | Pt_SiblingT1D >= 0.000)
",0.000,0.000,0.000,1.000,0.000,0,0,1,0,0,1,1,0,0.0,0.0,1.0,0.0,0.0,1.0,1
"G[0,2]((HeightCm <= 165.273 -> BGTestAvgNumPtRep <= 0.652) -> Pt_ChildT1D <= 0.515)
",0.000,0.000,0.000,1.000,0.000,0,0,1,0,0,1,1,0,0.0,0.0,1.0,0.0,0.0,1.0,1
"G[1,2](((TSH <= 0.000 & bmi <= 27.091) -> Triglyc <= 27.350) & TotalDailyInsPerKg >= 26.996)
",0.000,0.000,0.000,1.000,0.000,0,0,0,1,1,0,0,1,0.0,0.0,0.0,0.0,0.0,1.0,1
"G[1,2]((Pt_GrandparentT1D <= 0.722 & Pt_InsGov <= 0.000) | HeightCm >= 0.000)
",0.000,0.000,0.000,1.000,0.000,0,0,1,0,0,1,1,0,0.0,0.0,1.0,0.0,0.0,1.0,1
"G[0,2](NumPumpBolusOrShortAct <= 0.000 -> HDL >= 64.946)
",0.000,0.000,0.000,1.000,0.000,0,0,0,1,1,0,0,1,0.0,0.0,0.0,0.0,0.0,1.0,1
"G[0,2](Pt_CGMUseNumDays >= 0.000 | AlbCreatRat_mggNew <= 5.030)
",0.000,0.000,0.000,1.000,0.000,0,0,1,0,0,1,1,0,0.0,0.0,1.0,0.0,0.0,1.0,1
"G[1,2](((AutonomicNeuroCl <= 0.000 & Pt_ChildT1D >= 0.000) -> Pt_FatherT1D >= 0.000) | bmiPerc >= 0.000)
",0.000,0.000,0.000,1.000,0.000,0,0,1,0,0,1,1,0,0.0,0.0,1.0,0.0,0.0,1.0,1
"G[0,2](((Pt_GrandchildT1D >= 0.000 & BldPrSys >= 129.664) -> TSH <= 133.679) | diabDur <= 133.736)
",0.000,0.000,0.000,1.000,0.000,0,0,1,0,0,1,1,0,0.0,0.0,1.0,0.0,0.0,1.0,1
"G[0,2](GFR <= 0.000 -> BldPrSys >= 129.028)
",0.000,0.000,0.000,1.000,0.000,0,0,0,1,1,0,0,1,0.0,0.0,0.0,0.0,0.0,1.0,1
"G[0,2]((age >= 16.772 -> Pt_GrandparentT1D >= 0.329) & DirectLDL <= 0.796)
",0.000,0.000,0.000,1.000,0.000,0,0,1,0,0,1,1,0,0.0,0.0,1.0,0.0,0.0,1.0,1
"G[0,2](((BldPrSys >= 130.846 -> Pt_GrandchildT1D >= 0.000) & HDL <= 0.000) & bmiPerc >= 0.000)
",0.000,0.000,0.000,1.000,0.000,0,0,0,1,1,0,0,1,0.0,0.0,0.0,0.0,0.0,1.0,1
"G[0,2]((Pt_DKAFlg <= 0.610 & Pt_A1cGoalLev >= 1.717) -> SMBGperDayPtMeterCombo <= 4.291)
",0.000,0.000,0.000,1.000,0.000,0,0,1,0,0,1,1,0,0.0,0.0,1.0,0.0,0.0,1.0,1
"G[1,2]((Pt_GrandparentT1D <= 0.843 | Pt_FatherT1D >= 0.000) | BGTestAvgNumMeter >= 0.000)
",0.000,0.000,0.000,1.000,0.000,0,0,1,0,0,1,1,0,0.0,0.0,1.0,0.0,0.0,1.0,1
"G[0,2](AlbCreatRat_mggNew <= 4.460 & TotalDailyInsPerKg <= 0.697)
",0.000,0.000,0.000,1.000,0.000,0,0,0,1,1,0,0,1,0.0,0.0,0.0,0.0,0.0,1.0,1
"G[1,2]((Pt_DKAFlg >= 0.050 -> AutonomicNeuroCl >= 0.000) -> HbA1c <= 0.000)
",0.000,0.000,0.000,1.000,0.000,0,0,0,1,1,0,0,1,0.0,0.0,0.0,0.0,0.0,1.0,1
"G[0,2](GFR <= 0.000 -> BUN >= 0.000)
",0.000,0.000,0.000,1.000,0.000,0,0,1,0,0,1,1,0,0.0,0.0,1.0,0.0,0.0,1.0,1
"G[0,1](SMBGperDayPtMeterCombo >= 0.273 & BGTestAvgNumPtRep >= 0.038)
",0.000,0.000,0.000,1.000,0.000,0,0,0,1,1,0,0,1,0.0,0.0,0.0,0.0,0.0,1.0,1
"F[0,2](HbA1c >= 12.990 | bmi >= 26.827)
",0.000,0.000,0.000,0.000,1.000,0,0,0,1,1,0,0,1,0.0,0.0,0.0,0.0,0.0,1.0,-1
"((Pt_FatherT1D >= 0.000) U[0,0] (GFR <= 0.000))
",0.000,0.000,0.000,0.000,1.000,0,0,0,1,1,0,0,1,0.0,0.0,0.0,0.0,0.0,1.0,-1
"F[2,2]((TSH <= 0.000 & bmiZscore <= 1.494) -> bmiPerc >= 1.328)
",0.000,0.000,0.000,0.000,1.000,0,0,0,1,1,0,0,1,0.0,0.0,0.0,0.0,0.0,1.0,-1
"F[1,2](((HbA1cImputeDtMnC <= 14.735 & HbA1c >= 12.991) | Pt_A1cGoalLevelDsYr5 <= 13.676) -> Pt_SHFlg <= 13.801)
",0.000,0.000,0.000,0.000,1.000,0,0,0,1,1,0,0,1,0.0,0.0,0.0,0.0,0.0,1.0,-1
"F[1,1](SMBGperDayPtMeterCombo <= 0.630 | GFR <= 0.000)
",0.000,0.000,0.000,0.000,1.000,0,0,0,1,1,0,0,1,0.0,0.0,0.0,0.0,0.0,1.0,-1
"F[1,2](TSH >= 0.000 | HbA1cImputeDtMnC >= 0.300)
",0.000,0.000,0.000,0.000,1.000,0,0,0,1,1,0,0,1,0.0,0.0,0.0,0.0,0.0,1.0,-1
"F[1,2](((Pt_ChildT1D >= 0.000 | Pt_ChildT1D <= 0.000) & TotChol >= 0.000) -> Pt_DKAFlg >= 0.000)
",0.000,0.000,0.000,0.000,1.000,0,0,0,1,1,0,0,1,0.0,0.0,0.0,0.0,0.0,1.0,-1
"F[0,1]((Pt_A1cGoalLevelDsYr5 <= 0.000 & TotChol <= 228.583) -> Pt_CGMUseNumDays <= 223.031)
",0.000,0.000,0.000,0.000,1.000,0,0,0,1,1,0,0,1,0.0,0.0,0.0,0.0,0.0,1.0,-1
"F[1,2](((WeightKg >= 73.314 | HbA1cImputeDtMnC <= 20.779) & Pt_FatherT1D <= 18.543) | GFR >= 7.205)
",0.000,0.000,0.000,0.000,1.000,0,0,0,1,1,0,0,1,0.0,0.0,0.0,0.0,0.0,1.0,-1
"((Pt_MotherT1D >= 0.000) U[1,2] (bmi <= 27.273))
",0.000,0.000,0.000,0.000,1.000,0,0,0,1,1,0,0,1,0.0,0.0,0.0,0.0,0.0,1.0,-1
"((LDL <= 142.160) U[0,2] (BGTestAvgNumPtRep >= 0.316))
",0.000,0.000,0.000,0.000,1.000,0,0,0,1,1,0,0,1,0.0,0.0,0.0,0.0,0.0,1.0,-1
"F[0,2](GFR <= 0.000 & Triglyc >= 66.806)
",0.000,0.000,0.000,0.000,1.000,0,0,0,1,1,0,0,1,0.0,0.0,0.0,0.0,0.0,1.0,-1
"F[0,1]((Pt_MotherT1D >= 0.000 -> Triglyc >= 80.126) -> bmiPerc >= 77.903)
",0.000,0.000,0.000,0.000,1.000,0,0,0,1,1,0,0,1,0.0,0.0,0.0,0.0,0.0,1.0,-1
"F[1,2]((HbA1cImputeDtMnC <= 16.126 | AlbCreatRat_mggNew >= 0.872) | DirectLDL >= 2.015)
",0.000,0.000,0.000,0.000,1.000,0,0,0,1,1,0,0,1,0.0,0.0,0.0,0.0,0.0,1.0,-1
"G[0,2](Pt_MotherT1D <= 0.000 | bmiPerc <= 0.944)
",0.000,0.000,0.000,1.000,0.000,0,0,1,0,0,1,1,0,0.0,0.0,1.0,0.0,0.0,1.0,1
"G[1,2](((BUN >= 0.000 -> diabDur <= 5.877) -> Pt_FatherT1D <= 5.754) | Pt_GrandchildT1D <= 5.566)
",0.000,0.000,0.000,1.000,0.000,0,0,1,0,0,1,1,0,0.0,0.0,1.0,0.0,0.0,1.0,1
"G[0,2](((HbA1cImputeDtMnC <= 19.452 | HeightCm <= 165.371) -> AutonomicNeuroCl <= 165.381) | BUN >= 164.814)
",0.000,0.000,0.000,1.000,0.000,0,0,1,0,0,1,1,0,0.0,0.0,1.0,0.0,0.0,1.0,1
"G[1,2](bmi <= 27.347 & NumPumpBolusOrShortAct <= 0.000)
",0.000,0.000,0.000,1.000,0.000,0,0,1,0,0,1,1,0,0.0,0.0,1.0,0.0,0.0,1.0,1
"G[0,2](((Pt_A1cGoalLevelDsYr5 <= 0.000 -> GFR >= 0.000) -> diabDur <= 0.000) & Pt_InsGov >= 0.000)
",0.000,0.000,0.000,1.000,0.000,0,0,0,1,1,0,0,1,0.0,0.0,0.0,0.0,0.0,1.0,1
"G[0,0]((BGTestAvgNumPtRep >= 0.098 | Pt_GrandparentT1D <= 0.615) -> BldPrSys <= 0.977)
",0.000,0.000,0.000,1.000,0.000,0,0,0,1,1,0,0,1,0.0,0.0,0.0,0.0,0.0,1.0,1
"G[1,2](((Pt_SiblingT1D >= 0.000 & DirectLDL >= 0.000) & Pt_A1cGoalLev >= 0.000) | WeightKg <= 0.000)
",0.000,0.000,0.000,1.000,0.000,0,0,1,0,0,1,1,0,0.0,0.0,1.0,0.0,0.0,1.0,1
"G[0,2](((Pt_InsGov <= 0.000 & Pt_DKAFlg <= 0.630) & Pt_MotherT1D <= 0.672) & HbA1c <= 0.987)
",0.000,0.000,0.000,1.000,0.000,0,0,0,1,1,0,0,1,0.0,0.0,0.0,0.0,0.0,1.0,1
"G[1,2](((Pt_GrandparentT1D <= 0.965 | BldPrDia <= 68.784) | HbA1c >= 65.578) | diagAgeCombo <= 69.471)
",0.000,0.000,0.000,1.000,0.000,0,0,1,0,0,1,1,0,0.0,0.0,1.0,0.0,0.0,1.0,1
"G[0,2]((Pt_FatherT1D <= 0.000 & HeightCm <= 165.175) | Pt_FatherT1D <= 165.333)
",0.000,0.000,0.000,1.000,0.000,0,0,1,0,0,1,1,0,0.0,0.0,1.0,0.0,0.0,1.0,1
"G[2,2](((Pt_CGMUseNumDays <= 0.000 & LDL <= 145.465) & Pt_SiblingT1D >= 121.520) -> TSH <= 144.696)
",0.000,0.000,0.000,1.000,0.000,0,0,1,0,0,1,1,0,0.0,0.0,1.0,0.0,0.0,1.0,1
"G[2,2](((diabDur >= 5.410 & TotChol <= 232.377) & HeightCm <= 219.285) & Pt_SHFlg <= 239.403)
",0.000,0.000,0.000,1.000,0.000,0,0,1,0,0,1,1,0,0.0,0.0,1.0,0.0,0.0,1.0,1
"G[0,1]((Pt_SiblingT1D <= 0.000 & LDL <= 135.297) | NumPumpBolusOrShortAct >= 105.335)
",0.000,0.000,0.000,1.000,0.000,0,0,0,1,1,0,0,1,0.0,0.0,0.0,0.0,0.0,1.0,1
"G[0,2](AlbCreatRat_mggNew >= 1.619 -> AutonomicNeuroCl >= 0.000)
",0.000,0.000,0.000,1.000,0.000,0,0,1,0,0,1,1,0,0.0,0.0,1.0,0.0,0.0,1.0,1
"F[1,1]((HDL >= 66.518 | bmiZscore <= 1.621) | HbA1cImputeDtMnC >= 1.351)
",0.000,0.000,0.000,0.000,1.000,0,0,0,1,1,0,0,1,0.0,0.0,0.0,0.0,0.0,1.0,-1
"F[2,2](((diabDur <= 5.935 -> Pt_A1cGoalLev >= 2.163) & bmi >= 0.576) | NumPumpBolusOrShortAct <= 5.420)
",0.000,0.000,0.000,0.000,1.000,0,0,0,1,1,0,0,1,0.0,0.0,0.0,0.0,0.0,1.0,-1
"((bmiPerc <= 0.941) U[0,1] (diagAgeCombo >= 11.000))
",0.000,0.000,0.000,0.000,1.000,0,0,0,1,1,0,0,1,0.0,0.0,0.0,0.0,0.0,1.0,-1
"F[0,1](BUN >= 0.000 | BldPrDia >= 64.745)
",0.000,0.000,0.000,0.000,1.000,0,0,0,1,1,0,0,1,0.0,0.0,0.0,0.0,0.0,1.0,-1
"F[0,2](((Pt_A1cGoalLevelDsYr5 <= 0.000 & Pt_ChildT1D <= 0.000) -> Pt_CGMUseNumDays >= 0.000) | WeightKg >= 0.000)
",0.000,0.000,0.000,0.000,1.000,0,0,0,1,1,0,0,1,0.0,0.0,0.0,0.0,0.0,1.0,-1
"F[0,0](((HbA1c <= 13.988 -> BldPrDia <= 66.177) -> TSH >= 65.224) | bmiPerc <= 66.374)
",0.000,0.000,0.000,0.000,1.000,0,0,0,1,1,0,0,1,0.0,0.0,0.0,0.0,0.0,1.0,-1
"F[0,2](UnitsInsBasalOrLongAct >= 0.000 & NumPumpBolusOrShortAct >= 0.000)
",0.000,0.000,0.000,0.000,1.000,0,0,0,1,1,0,0,1,0.0,0.0,0.0,0.0,0.0,1.0,-1
"F[1,2]((NumPumpBolusOrShortAct >= 0.000 | BldPrSys <= 131.569) -> bmi >= 130.642)
",0.000,0.000,0.000,0.000,1.000,0,0,0,1,1,0,0,1,0.0,0.0,0.0,0.0,0.0,1.0,-1
"F[0,1]((Pt_GrandchildT1D <= 0.000 | Pt_SHFlg <= 0.732) -> age >= 0.030)
",0.000,0.000,0.000,0.000,1.000,0,0,0,1,1,0,0,1,0.0,0.0,0.0,0.0,0.0,1.0,-1
"F[2,2](BUN >= 0.000 -> BldPrSys <= 133.321)
",0.000,0.000,0.000,0.000,1.000,0,0,0,1,1,0,0,1,0.0,0.0,0.0,0.0,0.0,1.0,-1
"F[0,2](AlbCreatRat_mggNew >= 0.212 & Pt_GrandparentT1D >= 0.023)
",0.000,0.000,0.000,0.000,1.000,0,0,0,1,1,0,0,1,0.0,0.0,0.0,0.0,0.0,1.0,-1
"F[0,2](Pt_A1cGoalLevelDsYr5 <= 0.000 & Pt_A1cGoalLev >= 1.279)
",0.000,0.000,0.000,0.000,1.000,0,0,0,1,1,0,0,1,0.0,0.0,0.0,0.0,0.0,1.0,-1
"F[0,2](bmi <= 27.069 | TotChol <= 227.834)
",0.000,0.000,0.000,0.000,1.000,0,0,0,1,1,0,0,1,0.0,0.0,0.0,0.0,0.0,1.0,-1
"F[0,1](Pt_A1cGoalLevelDsYr5 <= 0.000 -> Triglyc <= 82.478)
",0.000,0.000,0.000,0.000,1.000,0,0,0,1,1,0,0,1,0.0,0.0,0.0,0.0,0.0,1.0,-1
"((HbA1c <= 13.591) U[0,1] (Pt_GrandparentT1D >= 0.122))
",0.000,0.000,0.000,0.000,1.000,0,0,0,1,1,0,0,1,0.0,0.0,0.0,0.0,0.0,1.0,-1
"F[0,2](Pt_A1cGoalLevelDsYr5 <= 0.000 -> HbA1c <= 13.622)
",0.000,0.000,0.000,0.000,1.000,0,0,0,1,1,0,0,1,0.0,0.0,0.0,0.0,0.0,1.0,-1
"((diagAgeCombo >= 11.000) U[2,2] (bmi >= 26.836))
",0.000,0.000,0.000,0.000,1.000,0,0,0,1,1,0,0,1,0.0,0.0,0.0,0.0,0.0,1.0,-1
"F[1,2](Pt_ChildT1D >= 0.000 & HeightCm <= 165.169)
",0.000,0.000,0.000,0.000,1.000,0,0,0,1,1,0,0,1,0.0,0.0,0.0,0.0,0.0,1.0,-1
"F[0,2](((HDL >= 64.846 | Pt_DKAFlg <= 0.772) & TotalDailyInsPerKg >= 0.245) & HeightCm >= 0.222)
",0.000,0.000,0.000,0.000,1.000,0,0,0,1,1,0,0,1,0.0,0.0,0.0,0.0,0.0,1.0,-1
"F[0,2](((AlbCreatRat_mggNew <= 4.575 -> Pt_SiblingT1D <= 0.000) & Pt_A1cGoalLevelDsYr5 <= 0.000) | Pt_SHFlg >= 0.000)
",0.000,0.000,0.000,0.000,1.000,0,0,0,1,1,0,0,1,0.0,0.0,0.0,0.0,0.0,1.0,-1
"((UnitsInsBasalOrLongAct <= 0.000) U[0,2] (Triglyc <= 82.140))
",0.000,0.000,0.000,0.000,1.000,0,0,0,1,1,0,0,1,0.0,0.0,0.0,0.0,0.0,1.0,-1
"F[1,1]((Pt_ChildT1D <= 0.000 -> BldPrDia >= 65.731) | Pt_DKAFlg <= 69.506)
",0.000,0.000,0.000,0.000,1.000,0,0,0,1,1,0,0,1,0.0,0.0,0.0,0.0,0.0,1.0,-1
"F[2,2](Pt_SiblingT1D <= 0.000 & Pt_GrandparentT1D <= 0.587)
",0.000,0.000,0.000,0.000,1.000,0,0,0,1,1,0,0,1,0.0,0.0,0.0,0.0,0.0,1.0,-1
"((SMBGperDayPtMeterCombo >= 0.448) U[2,2] (Pt_A1cGoalLev <= 5.641))
",0.000,0.000,0.000,0.000,1.000,0,0,0,1,1,0,0,1,0.0,0.0,0.0,0.0,0.0,1.0,-1
"F[1,2]((GFR <= 0.000 | Pt_GrandchildT1D <= 0.000) & diabDur >= 0.000)
",0.000,0.000,0.000,0.000,1.000,0,0,0,1,1,0,0,1,0.0,0.0,0.0,0.0,0.0,1.0,-1
"F[1,1](diabDur <= 5.855 | NumPumpBolusOrShortAct >= 0.000)
",0.000,0.000,0.000,0.000,1.000,0,0,0,1,1,0,0,1,0.0,0.0,0.0,0.0,0.0,1.0,-1
"F[0,2]((diagAgeCombo <= 11.000 -> Pt_GrandparentT1D <= 0.984) -> bmi >= 0.301)
",0.000,0.000,0.000,0.000,1.000,0,0,0,1,1,0,0,1,0.0,0.0,0.0,0.0,0.0,1.0,-1
"F[1,2](((TotalDailyInsPerKg >= 0.085 -> Pt_GrandparentT1D >= 0.030) -> NumPumpBolusOrShortAct >= 0.365) -> TotChol <= 0.521)
",0.000,0.000,0.000,0.000,1.000,0,0,0,1,1,0,0,1,0.0,0.0,0.0,0.0,0.0,1.0,-1
"F[0,2](Pt_SiblingT1D >= 0.000 -> BUN >= 0.000)
",0.000,0.000,0.000,0.000,1.000,0,0,0,1,1,0,0,1,0.0,0.0,0.0,0.0,0.0,1.0,-1
"G[0,2]((diagAgeCombo >= 11.000 -> TotalDailyInsPerKg <= 0.801) & HbA1cImputeDtMnC >= 0.502)
",0.000,0.000,0.000,1.000,0.000,0,0,0,1,1,0,0,1,0.0,0.0,0.0,0.0,0.0,1.0,1
"G[0,2](((AlbCreatRat_mggNew <= 4.717 & Pt_SHFlg <= 0.692) -> bmi >= 0.486) | UnitsInsBasalOrLongAct >= 0.374)
",0.000,0.000,0.000,1.000,0.000,0,0,1,0,0,1,1,0,0.0,0.0,1.0,0.0,0.0,1.0,1
"G[1,2]((WeightKg >= 73.389 | bmi >= 26.769) -> UnitsInsBasalOrLongAct <= 0.000)
",0.000,0.000,0.000,1.000,0.000,0,0,1,0,0,1,1,0,0.0,0.0,1.0,0.0,0.0,1.0,1
"G[0,2](SMBGperDayPtMeterCombo <= 0.738 -> Pt_SHFlg = 0.660)
",0.000,0.000,0.000,1.000,0.000,0,0,0,1,1,0,0,1,0.0,0.0,0.0,0.0,0.0,1.0,1
"G[0,1]((TotalDailyInsPerKg >= 0.228 & BldPrDia >= 65.499) | HeightCm <= 66.707)
",0.000,0.000,0.000,1.000,0.000,0,0,0,1,1,0,0,1,0.0,0.0,0.0,0.0,0.0,1.0,1
"G[0,1](((LDL <= 163.088 -> TotChol >= 203.174) -> Pt_FatherT1D <= 226.917) -> Pt_ChildT1D >= 196.591)
",0.000,0.000,0.000,1.000,0.000,0,0,0,1,1,0,0,1,0.0,0.0,0.0,0.0,0.0,1.0,1
"G[1,1]((HeightCm <= 165.227 -> GFR >= 0.000) & HDL <= 0.000)
",0.000,0.000,0.000,1.000,0.000,0,0,0,1,1,0,0,1,0.0,0.0,0.0,0.0,0.0,1.0,1
"G[0,0](((Pt_FatherT1D >= 0.000 | SMBGperDayPtMeterCombo <= 0.741) & TotChol >= 0.270) & bmi <= 0.733)
",0.000,0.000,0.000,1.000,0.000,0,0,0,1,1,0,0,1,0.0,0.0,0.0,0.0,0.0,1.0,1
"G[0,0](((TotChol >= 200.756 -> LDL >= 125.770) & BldPrSys >= 99.000) & Pt_DKAFlg >= 104.638)
",0.000,0.000,0.000,1.000,0.000,0,0,0,1,1,0,0,1,0.0,0.0,0.0,0.0,0.0,1.0,1
"G[1,2]((Pt_GrandparentT1D >= 0.024 | GFR >= 0.000) -> HbA1cImputeDtMnC >= 0.000)
",0.000,0.000,0.000,1.000,0.000,0,0,1,0,0,1,1,0,0.0,0.0,1.0,0.0,0.0,1.0,1
"G[0,2]((Pt_MotherT1D >= 0.000 | SMBGperDayPtMeterCombo <= 0.669) & bmiPerc >= 0.229)
",0.000,0.000,0.000,1.000,0.000,0,0,1,0,0,1,1,0,0.0,0.0,1.0,0.0,0.0,1.0,1
"G[1,2](((TotChol >= 202.530 | diabDur <= 5.670) -> Pt_SHFlg <= 5.927) & Pt_SHFlg <= 5.896)
",0.000,0.000,0.000,1.000,0.000,0,0,1,0,0,1,1,0,0.0,0.0,1.0,0.0,0.0,1.0,1
"G[0,1](((HbA1cImputeDtMnC >= 0.199 & Triglyc >= 72.700) | Pt_ChildT1D >= 77.743) & WeightKg >= 70.364)
",0.000,0.000,0.000,1.000,0.000,0,0,0,1,1,0,0,1,0.0,0.0,0.0,0.0,0.0,1.0,1
"G[0,2]((Pt_FatherT1D <= 0.000 | HDL <= 70.660) | diabDur <= 71.002)
",0.000,0.000,0.000,1.000,0.000,0,0,1,0,0,1,1,0,0.0,0.0,1.0,0.0,0.0,1.0,1
"G[1,2](Pt_MotherT1D >= 0.000 & GFR <= 0.000)
",0.000,0.000,0.000,1.000,0.000,0,0,1,0,0,1,1,0,0.0,0.0,1.0,0.0,0.0,1.0,1
"G[0,1](WeightKg > 73.170 & Pt_SHFlg = 0.546)
",0.000,0.000,0.000,1.000,0.000,0,0,0,1,1,0,0,1,0.0,0.0,0.0,0.0,0.0,1.0,1
"G[0,2](BldPrDia < 69.662 -> Pt_SHFlg = 0.072)
",0.000,0.000,0.000,1.000,0.000,0,0,0,1,1,0,0,1,0.0,0.0,0.0,0.0,0.0,1.0,1
"G[1,2]((DirectLDL >= 0.000 | BldPrDia >= 64.273) | Pt_DKAFlg >= 63.896)
",0.000,0.000,0.000,1.000,0.000,0,0,1,0,0,1,1,0,0.0,0.0,1.0,0.0,0.0,1.0,1
"G[1,2]((WeightKg >= 73.688 | bmi >= 26.915) -> UnitsInsBasalOrLongAct <= 0.000)
",0.000,0.000,0.000,1.000,0.000,0,0,1,0,0,1,1,0,0.0,0.0,1.0,0.0,0.0,1.0,1
"G[0,2](GFR <= 0.000 -> BUN >= 0.000)
",0.000,0.000,0.000,1.000,0.000,0,0,1,0,0,1,1,0,0.0,0.0,1.0,0.0,0.0,1.0,1
"G[0,1](SMBGperDayPtMeterCombo >= 0.120 & BGTestAvgNumPtRep >= 0.172)
",0.000,0.000,0.000,1.000,0.000,0,0,0,1,1,0,0,1,0.0,0.0,0.0,0.0,0.0,1.0,1
"G[0,2]((WeightKg >= 73.252 | bmi >= 26.887) -> UnitsInsBasalOrLongAct <= 0.000)
",0.000,0.000,0.000,1.000,0.000,0,0,1,0,0,1,1,0,0.0,0.0,1.0,0.0,0.0,1.0,1
"G[0,2](GFR <= 0.000 -> BUN >= 0.000)
",0.000,0.000,0.000,1.000,0.000,0,0,1,0,0,1,1,0,0.0,0.0,1.0,0.0,0.0,1.0,1
"G[2,2](SMBGperDayPtMeterCombo >= 0.026 & BGTestAvgNumPtRep >= 0.156)
",0.000,0.000,0.000,1.000,0.000,0,0,1,0,0,1,1,0,0.0,0.0,1.0,0.0,0.0,1.0,1
"G[1,2]((WeightKg >= 73.476 | bmi >= 27.055) -> UnitsInsBasalOrLongAct <= 0.000)
",0.000,0.000,0.000,1.000,0.000,0,0,1,0,0,1,1,0,0.0,0.0,1.0,0.0,0.0,1.0,1
"G[1,2](GFR <= 0.000 -> BUN >= 0.000)
",0.000,0.000,0.000,1.000,0.000,0,0,1,0,0,1,1,0,0.0,0.0,1.0,0.0,0.0,1.0,1
"G[1,1](age < 17.289 & Pt_SHFlg = 0.111)
",0.000,0.000,0.000,1.000,0.000,0,0,0,1,1,0,0,1,0.0,0.0,0.0,0.0,0.0,1.0,1
"G[0,1](SMBGperDayPtMeterCombo >= 0.234 & BGTestAvgNumPtRep >= 0.391)
",0.000,0.000,0.000,1.000,0.000,0,0,0,1,1,0,0,1,0.0,0.0,0.0,0.0,0.0,1.0,1
"G[0,2](GFR <= 0.000 -> BUN >= 0.000)
",0.000,0.000,0.000,1.000,0.000,0,0,1,0,0,1,1,0,0.0,0.0,1.0,0.0,0.0,1.0,1
"G[2,2](SMBGperDayPtMeterCombo >= 0.228 & BGTestAvgNumPtRep >= 0.120)
",0.000,0.000,0.000,1.000,0.000,0,0,1,0,0,1,1,0,0.0,0.0,1.0,0.0,0.0,1.0,1
"G[0,0]((SMBGperDayPtMeterCombo >= 0.488 -> Pt_SHFlg >= 0.231) | bmiPerc <= 0.851)
",0.000,0.000,0.000,1.000,0.000,0,0,0,1,1,0,0,1,0.0,0.0,0.0,0.0,0.0,1.0,1
"G[2,2](((bmiZscore >= 1.267 & UnitsInsBasalOrLongAct <= 0.000) | BldPrDia >= 0.000) | TotalDailyInsPerKg <= 0.000)
",0.000,0.000,0.000,1.000,0.000,0,0,1,0,0,1,1,0,0.0,0.0,1.0,0.0,0.0,1.0,1
"G[0,2](((Pt_SiblingT1D >= 0.000 -> Pt_GrandparentT1D <= 0.727) & SMBGperDayPtMeterCombo <= 0.844) -> TotalDailyInsPerKg >= 0.487)
",0.000,0.000,0.000,1.000,0.000,0,0,1,0,0,1,1,0,0.0,0.0,1.0,0.0,0.0,1.0,1
"G[0,2](((Pt_GrandparentT1D <= 0.722 | SMBGperDayPtMeterCombo <= 0.675) -> diagAgeCombo >= 0.019) | BldPrDia <= 0.977)
",0.000,0.000,0.000,1.000,0.000,0,0,1,0,0,1,1,0,0.0,0.0,1.0,0.0,0.0,1.0,1
"G[1,2]((DirectLDL >= 0.000 | UnitsInsBasalOrLongAct <= 0.000) & Pt_FatherT1D >= 0.000)
",0.000,0.000,0.000,1.000,0.000,0,0,1,0,0,1,1,0,0.0,0.0,1.0,0.0,0.0,1.0,1
"G[1,2](((Pt_MotherT1D >= 0.000 | HbA1cImputeDtMnC <= 15.181) -> bmiZscore >= 8.898) & diagAgeCombo >= 3.105)
",0.000,0.000,0.000,1.000,0.000,0,0,0,1,1,0,0,1,0.0,0.0,0.0,0.0,0.0,1.0,1
"G[0,2]((diagAgeCombo <= 11.000 | bmiZscore <= 1.447) -> LDL <= 1.562)
",0.000,0.000,0.000,1.000,0.000,0,0,0,1,1,0,0,1,0.0,0.0,0.0,0.0,0.0,1.0,1
"G[0,2]((BUN <= 0.000 | Pt_InsGov <= 0.000) & Pt_InsGov <= 0.000)
",0.000,0.000,0.000,1.000,0.000,0,0,1,0,0,1,1,0,0.0,0.0,1.0,0.0,0.0,1.0,1
"G[2,2](((Pt_GrandparentT1D <= 0.550 -> Triglyc <= 93.809) | Pt_GrandparentT1D >= 77.270) -> bmiZscore <= 100.648)
",0.000,0.000,0.000,1.000,0.000,0,0,1,0,0,1,1,0,0.0,0.0,1.0,0.0,0.0,1.0,1
"G[1,2]((GFR <= 0.000 | TotChol <= 224.173) -> TSH >= 205.175)
",0.000,0.000,0.000,1.000,0.000,0,0,0,1,1,0,0,1,0.0,0.0,0.0,0.0,0.0,1.0,1
"G[0,2]((AutonomicNeuroCl <= 0.000 & BUN >= 0.000) -> GFR >= 0.000)
",0.000,0.000,0.000,1.000,0.000,0,0,1,0,0,1,1,0,0.0,0.0,1.0,0.0,0.0,1.0,1
"G[0,2](((diagAgeCombo >= 11.000 -> TotalDailyInsPerKg >= 0.066) | BldPrSys >= 0.309) -> GFR >= 0.131)
",0.000,0.000,0.000,1.000,0.000,0,0,0,1,1,0,0,1,0.0,0.0,0.0,0.0,0.0,1.0,1
"G[1,2]((HbA1cImputeDtMnC <= 14.022 -> Pt_MotherT1D >= 0.000) -> HDL >= 0.000)
",0.000,0.000,0.000,1.000,0.000,0,0,1,0,0,1,1,0,0.0,0.0,1.0,0.0,0.0,1.0,1
"G[0,2]((Pt_ChildT1D <= 0.000 -> AutonomicNeuroCl <= 0.000) | BGTestAvgNumPtRep >= 0.000)
",0.000,0.000,0.000,1.000,0.000,0,0,1,0,0,1,1,0,0.0,0.0,1.0,0.0,0.0,1.0,1
"G[1,2](BUN <= 0.000 | diagAgeCombo <= 11.000)
",0.000,0.000,0.000,1.000,0.000,0,0,1,0,0,1,1,0,0.0,0.0,1.0,0.0,0.0,1.0,1
"G[1,2](((NumPumpBolusOrShortAct >= 0.000 | AutonomicNeuroCl <= 0.000) | TSH >= 0.000) | Pt_GrandchildT1D >= 0.000)
",0.000,0.000,0.000,1.000,0.000,0,0,1,0,0,1,1,0,0.0,0.0,1.0,0.0,0.0,1.0,1
"G[1,2](bmiPerc <= 0.947 | bmi >= 26.919)
",0.000,0.000,0.000,1.000,0.000,0,0,1,0,0,1,1,0,0.0,0.0,1.0,0.0,0.0,1.0,1
"G[1,2](((Pt_DKAFlg <= 0.610 -> Pt_A1cGoalLevelDsYr5 <= 0.000) -> AlbCreatRat_mggNew >= 0.000) -> TotChol <= 0.000)
",0.000,0.000,0.000,1.000,0.000,0,0,0,1,1,0,0,1,0.0,0.0,0.0,0.0,0.0,1.0,1
"G[1,2](bmiZscore >= 1.274 & SMBGperDayPtMeterCombo <= 0.835)
",0.000,0.000,0.000,1.000,0.000,0,0,0,1,1,0,0,1,0.0,0.0,0.0,0.0,0.0,1.0,1
"G[0,1](bmi >= 26.753 -> bmiZscore <= 1.593)
",0.000,0.000,0.000,1.000,0.000,0,0,0,1,1,0,0,1,0.0,0.0,0.0,0.0,0.0,1.0,1
"G[1,2](BGTestAvgNumMeter >= 0.000 & TSH <= 0.000)
",0.000,0.000,0.000,1.000,0.000,0,0,1,0,0,1,1,0,0.0,0.0,1.0,0.0,0.0,1.0,1
"G[0,2](Triglyc <= 86.158 | BGTestAvgNumMeter >= 0.000)
",0.000,0.000,0.000,1.000,0.000,0,0,1,0,0,1,1,0,0.0,0.0,1.0,0.0,0.0,1.0,1
"G[1,2]((NumPumpBolusOrShortAct >= 0.000 -> UnitsInsBasalOrLongAct <= 0.000) | bmi <= 0.000)
",0.000,0.000,0.000,1.000,0.000,0,0,1,0,0,1,1,0,0.0,0.0,1.0,0.0,0.0,1.0,1
"G[0,1](TotChol <= 241.685 & diagAgeCombo >= 11.000)
",0.000,0.000,0.000,1.000,0.000,0,0,0,1,1,0,0,1,0.0,0.0,0.0,0.0,0.0,1.0,1
"G[0,1](AlbCreatRat_mggNew <= 5.196 & HeightCm <= 165.378)
",0.000,0.000,0.000,1.000,0.000,0,0,0,1,1,0,0,1,0.0,0.0,0.0,0.0,0.0,1.0,1
"G[0,2](((Pt_DKAFlg >= 0.367 & bmi <= 27.319) -> Pt_ChildT1D <= 27.081) | AutonomicNeuroCl <= 27.364)
",0.000,0.000,0.000,1.000,0.000,0,0,1,0,0,1,1,0,0.0,0.0,1.0,0.0,0.0,1.0,1
"G[0,2](((TSH >= 0.000 -> DirectLDL >= 0.000) | DirectLDL >= 0.000) | Pt_ChildT1D <= 0.000)
",0.000,0.000,0.000,1.000,0.000,0,0,1,0,0,1,1,0,0.0,0.0,1.0,0.0,0.0,1.0,1
"G[0,2]((Pt_GrandchildT1D <= 0.000 & TotChol <= 238.575) -> NumPumpBolusOrShortAct <= 229.830)
",0.000,0.000,0.000,1.000,0.000,0,0,1,0,0,1,1,0,0.0,0.0,1.0,0.0,0.0,1.0,1
"G[2,2]((Pt_GrandchildT1D >= 0.000 | Triglyc >= 72.137) & Pt_DKAFlg >= 74.109)
",0.000,0.000,0.000,1.000,0.000,0,0,1,0,0,1,1,0,0.0,0.0,1.0,0.0,0.0,1.0,1
"F[2,2]((BUN <= 0.000 -> LDL >= 132.941) | Pt_DKAFlg <= 160.602)
",0.000,0.000,0.000,0.000,1.000,0,0,0,1,1,0,0,1,0.0,0.0,0.0,0.0,0.0,1.0,-1
