Rule,Discrimination Score,Pos Robustness,Neg Robustness,Percent Class +,Percent Class -,TP,TN,FP,FN,Actual Yes,Actual No,Predicted Yes,Predicted No,TPR/Sens,TNR/Spec,FPR,Precision,Accuracy,MCR,Class
"G[0,0](((BGTestAvgNumMeter <= 3.296 -> bmiZscore <= 0.231) & bmiZscore >= -0.442) | Pt_CGMUseNumDays >= -0.196)
",19163.196,19163.196,0.000,1.000,0.000,3,0,0,0,3,0,3,0,1.0,0.0,0.0,1.0,1.2,-0.19999999999999996,1
"G[0,0](BldPrSys >= 120.421 | diabDur >= 3.882)
",33.237,16.618,0.000,1.000,0.000,3,0,0,0,3,0,3,0,1.0,0.0,0.0,1.0,1.2,-0.19999999999999996,1
"F[0,0](Pt_CGMUseNumDays > 0.000 & Pt_SHFlg = 0.000)
",-4.814,-36.995,0.000,0.000,1.000,3,0,0,0,3,0,3,0,1.0,0.0,0.0,1.0,1.2,-0.19999999999999996,-1
"F[0,0](((DirectLDL >= 0.000 | Triglyc <= 62.355) -> Pt_GrandparentT1D <= 83.476) & BGTestAvgNumMeter >= 31.607)
",-346.800,-173.400,0.000,0.000,1.000,3,0,0,0,3,0,3,0,1.0,0.0,0.0,1.0,1.2,-0.19999999999999996,-1
"F[0,0]((age >= 19.870 & TotChol <= 79.191) & BGTestAvgNumPtRep >= 6.766)
",-19.870,-19.870,0.000,0.000,1.000,3,0,0,0,3,0,3,0,1.0,0.0,0.0,1.0,1.2,-0.19999999999999996,-1
"G[0,0]((bmi <= 24.282 & HbA1c >= 6.618) & Pt_SHFlg <= 8.439)
",-3.716,-28.556,0.000,1.000,0.000,3,0,0,0,3,0,3,0,1.0,0.0,0.0,1.0,1.2,-0.19999999999999996,1
"G[0,0]((Pt_GrandparentT1D >= 0.000 | BGTestAvgNumPtRep <= 3.935) & HeightCm >= 0.482)
",6.870,3.435,0.000,1.000,0.000,3,0,0,0,3,0,3,0,1.0,0.0,0.0,1.0,1.2,-0.19999999999999996,1
"G[0,0](((TotalDailyInsPerKg <= 0.803 & BldPrSys >= 120.442) | Pt_FatherT1D <= 123.884) -> Pt_SHFlg <= 124.339)
",-123.884,-123.884,0.000,1.000,0.000,3,0,0,0,3,0,3,0,1.0,0.0,0.0,1.0,1.2,-0.19999999999999996,1
"G[0,0](LDL >= 38.228 | Pt_A1cGoalLev <= 3.217)
",-11.783,-11.783,0.000,1.000,0.000,3,0,0,0,3,0,3,0,1.0,0.0,0.0,1.0,1.2,-0.19999999999999996,1
"G[0,0](((BUN >= 6.894 -> WeightKg <= 72.099) -> Pt_A1cGoalLevelDsYr5 <= 73.917) & HDL <= 73.203)
",-73.917,-73.917,0.000,1.000,0.000,3,0,0,0,3,0,3,0,1.0,0.0,0.0,1.0,1.2,-0.19999999999999996,1
"F[0,0]((GFR <= 55.533 | SMBGperDayPtMeterCombo >= 1.084) -> Pt_SHFlg >= 1.076)
",-65.916,-65.916,0.000,0.000,1.000,3,0,0,0,3,0,3,0,1.0,0.0,0.0,1.0,1.2,-0.19999999999999996,-1
"G[0,0](Triglyc <= 73.348 -> WeightKg >= 69.527)
",-73.348,-73.348,0.000,1.000,0.000,3,0,0,0,3,0,3,0,1.0,0.0,0.0,1.0,1.2,-0.19999999999999996,1
"G[0,0](((bmiZscore <= 0.167 | WeightKg >= 70.355) | TSH <= 72.250) | DirectLDL <= 72.439)
",47.167,70.750,0.000,1.000,0.000,3,0,0,0,3,0,3,0,1.0,0.0,0.0,1.0,1.2,-0.19999999999999996,1
"G[0,0](((BldPrDia <= 74.601 & age >= 19.238) | SMBGperDayPtMeterCombo >= 18.032) | Triglyc >= 19.822)
",48.968,48.968,0.000,1.000,0.000,3,0,0,0,3,0,3,0,1.0,0.0,0.0,1.0,1.2,-0.19999999999999996,1
"G[0,0](AlbCreatRat_mggNew <= 7.420 | Pt_A1cGoalLev <= 6.488)
",7.420,7.420,0.000,1.000,0.000,3,0,0,0,3,0,3,0,1.0,0.0,0.0,1.0,1.2,-0.19999999999999996,1
"G[0,0]((SMBGperDayPtMeterCombo >= 2.342 & bmi <= 24.910) -> BldPrSys >= 23.915)
",-24.910,-24.910,0.000,1.000,0.000,3,0,0,0,3,0,3,0,1.0,0.0,0.0,1.0,1.2,-0.19999999999999996,1
"G[0,0](((Pt_SiblingT1D <= 0.000 -> TSH <= 0.894) -> diabDur >= 0.235) -> Pt_SiblingT1D <= 0.363)
",-0.363,-0.363,0.000,1.000,0.000,3,0,0,0,3,0,3,0,1.0,0.0,0.0,1.0,1.2,-0.19999999999999996,1
"G[0,0](LDL <= 77.746 -> Pt_SHFlg = 0.000)
",-77.746,-77.746,0.000,1.000,0.000,3,0,0,0,3,0,3,0,1.0,0.0,0.0,1.0,1.2,-0.19999999999999996,1
"G[0,0](TSH >= 0.115 -> bmi >= 23.033)
",-0.923,-1.385,0.000,1.000,0.000,3,0,0,0,3,0,3,0,1.0,0.0,0.0,1.0,1.2,-0.19999999999999996,1
"G[1,1]((AlbCreatRat_mggNew >= 0.057 & BGTestAvgNumMeter <= 3.335) | WeightKg >= 1.300)
",-0.057,-0.057,0.000,1.000,0.000,2,0,1,0,2,1,3,0,1.0,0.0,1.0,0.6666666666666666,0.8,0.19999999999999996,1
"G[1,1](UnitsInsBasalOrLongAct >= 2.908 -> Pt_SHFlg = 0.000)
",0.000,0.000,0.000,1.000,0.000,2,0,1,0,2,1,3,0,1.0,0.0,1.0,0.6666666666666666,0.8,0.19999999999999996,1
"G[0,1](((Pt_ChildT1D <= 0.000 -> Pt_InsGov >= 0.094) & Pt_CGMUseNumDays <= 0.940) | bmi >= 0.064)
",9999999.000,9999999.000,0.000,1.000,0.000,2,0,1,0,2,1,3,0,1.0,0.0,1.0,0.6666666666666666,0.8,0.19999999999999996,1
"G[0,1](HDL >= 5.472 -> HDL <= 66.291)
",9999999.000,9999999.000,0.000,1.000,0.000,2,0,0,1,3,0,2,1,0.6666666666666666,0.0,0.0,1.0,0.8,0.19999999999999996,1
"G[0,1](((Pt_ChildT1D <= 0.000 -> SMBGperDayPtMeterCombo >= 1.272) & age <= 3.404) -> BldPrDia <= 3.959)
",9999999.000,9999999.000,0.000,1.000,0.000,2,0,1,0,2,1,3,0,1.0,0.0,1.0,0.6666666666666666,0.8,0.19999999999999996,1
"G[0,1]((Pt_DKAFlg <= 0.000 & Pt_A1cGoalLevelDsYr5 >= 0.000) | BldPrSys >= 0.000)
",9999999.000,9999999.000,0.000,1.000,0.000,2,0,1,0,2,1,3,0,1.0,0.0,1.0,0.6666666666666666,0.8,0.19999999999999996,1
"G[0,1](GFR >= 5.669 -> LDL <= 85.239)
",9999999.000,9999999.000,0.000,1.000,0.000,2,0,0,1,3,0,2,1,0.6666666666666666,0.0,0.0,1.0,0.8,0.19999999999999996,1
"G[0,1](bmiPerc <= 0.705 -> Pt_SHFlg = 0.000)
",9999999.000,9999999.000,0.000,1.000,0.000,2,0,1,0,2,1,3,0,1.0,0.0,1.0,0.6666666666666666,0.8,0.19999999999999996,1
"G[1,1](HbA1c < 10.540 -> Pt_SHFlg = 0.000)
",-10.540,-10.540,0.000,1.000,0.000,2,0,1,0,2,1,3,0,1.0,0.0,1.0,0.6666666666666666,0.8,0.19999999999999996,1
"G[0,1](((BUN <= 15.028 & GFR <= 60.795) | HDL >= 8.012) | bmiPerc >= 9.875)
",9999999.000,9999999.000,0.000,1.000,0.000,2,0,1,0,2,1,3,0,1.0,0.0,1.0,0.6666666666666666,0.8,0.19999999999999996,1
"G[0,1](BldPrSys < 124.946 -> Pt_SHFlg = 0.000)
",9999999.000,9999999.000,0.000,1.000,0.000,2,0,1,0,2,1,3,0,1.0,0.0,1.0,0.6666666666666666,0.8,0.19999999999999996,1
"G[1,1](((bmiZscore <= -0.091 | diagAgeCombo >= 15.000) -> Pt_GrandchildT1D <= 15.000) | Pt_ChildT1D >= 15.000)
",-15.000,-15.000,0.000,1.000,0.000,2,0,1,0,2,1,3,0,1.0,0.0,1.0,0.6666666666666666,0.8,0.19999999999999996,1
"((TSH >= 0.206) U[1,1] (Pt_SHFlg = 0.000))
",0.000,0.000,0.000,0.000,1.000,2,0,0,1,3,0,2,1,0.6666666666666666,0.0,0.0,1.0,0.8,0.19999999999999996,-1
"G[0,0](SMBGperDayPtMeterCombo >= 1.816 & BGTestAvgNumPtRep >= 1.410)
",-1.820,-0.910,0.000,1.000,0.000,2,0,0,1,3,0,2,1,0.6666666666666666,0.0,0.0,1.0,0.8,0.19999999999999996,1
"G[0,0](GFR <= 81.801 -> BUN >= 2.757)
",-589.585,-82.223,0.000,1.000,0.000,2,0,0,1,3,0,2,1,0.6666666666666666,0.0,0.0,1.0,0.8,0.19999999999999996,1
"G[0,1](((diagAgeCombo >= 15.000 | HbA1c <= 8.921) | Pt_SHFlg <= 8.498) | Pt_InsGov <= 9.404)
",9999999.000,9999999.000,0.000,1.000,0.000,2,0,1,0,2,1,3,0,1.0,0.0,1.0,0.6666666666666666,0.8,0.19999999999999996,1
"G[0,1]((HbA1cImputeDtMnC <= 48.176 | bmi >= 23.755) -> SMBGperDayPtMeterCombo <= 25.154)
",9999999.000,9999999.000,0.000,1.000,0.000,2,0,1,0,2,1,3,0,1.0,0.0,1.0,0.6666666666666666,0.8,0.19999999999999996,1
"F[1,1](((AlbCreatRat_mggNew >= 1.983 | bmi >= 22.968) -> Pt_SHFlg <= 24.441) -> diabDur >= 22.526)
",22.526,22.526,0.000,0.000,1.000,2,0,0,1,3,0,2,1,0.6666666666666666,0.0,0.0,1.0,0.8,0.19999999999999996,-1
"((Pt_FatherT1D < 0.000) U[1,2] (Pt_SHFlg = 0.000))
",-9999999.000,-9999999.000,0.000,0.000,1.000,2,0,0,1,3,0,2,1,0.6666666666666666,0.0,0.0,1.0,0.8,0.19999999999999996,-1
"F[1,1]((HbA1cImputeDtMnC >= 22.612 -> WeightKg >= 68.240) -> NumPumpBolusOrShortAct >= 67.670)
",-22.612,-22.612,0.000,0.000,1.000,2,0,0,1,3,0,2,1,0.6666666666666666,0.0,0.0,1.0,0.8,0.19999999999999996,-1
"F[0,1]((bmiZscore <= 0.031 -> HbA1cImputeDtMnC >= 9.516) -> BUN >= 24.215)
",-9999999.000,-9999999.000,0.000,0.000,1.000,2,0,0,1,3,0,2,1,0.6666666666666666,0.0,0.0,1.0,0.8,0.19999999999999996,-1
"F[0,1](((bmiPerc <= 0.669 & TSH >= 0.192) & age >= 0.025) & Pt_GrandparentT1D <= 0.965)
",-9999999.000,-9999999.000,0.000,0.000,1.000,2,0,0,1,3,0,2,1,0.6666666666666666,0.0,0.0,1.0,0.8,0.19999999999999996,-1
"F[0,1](((Pt_A1cGoalLevelDsYr5 <= 0.000 -> TotalDailyInsPerKg <= 0.656) | TotalDailyInsPerKg >= 0.035) -> Pt_GrandchildT1D >= 0.049)
",-9999999.000,-9999999.000,0.000,0.000,1.000,2,0,0,1,3,0,2,1,0.6666666666666666,0.0,0.0,1.0,0.8,0.19999999999999996,-1
"((BGTestAvgNumMeter >= 1.715) U[1,1] (BGTestAvgNumPtRep <= 2.702))
",2.702,2.702,0.000,0.000,1.000,2,0,0,1,3,0,2,1,0.6666666666666666,0.0,0.0,1.0,0.8,0.19999999999999996,-1
"F[0,1](((bmi <= 24.092 & HbA1cImputeDtMnC <= 39.459) & HbA1c >= 11.715) & BldPrDia <= 50.886)
",-9999999.000,-9999999.000,0.000,0.000,1.000,2,0,0,1,3,0,2,1,0.6666666666666666,0.0,0.0,1.0,0.8,0.19999999999999996,-1
"((BGTestAvgNumMeter >= 1.077) U[0,0] (GFR >= 7.828))
",28.923,28.923,0.000,0.000,1.000,2,0,0,1,3,0,2,1,0.6666666666666666,0.0,0.0,1.0,0.8,0.19999999999999996,-1
"F[1,1](BGTestAvgNumPtRep <= 2.956 & diabDur >= 2.718)
",-2.718,-2.718,0.000,0.000,1.000,2,0,0,1,3,0,2,1,0.6666666666666666,0.0,0.0,1.0,0.8,0.19999999999999996,-1
"F[0,1](Pt_A1cGoalLev >= 0.424 & TotalDailyInsPerKg <= 0.696)
",-9999999.000,-9999999.000,0.000,0.000,1.000,2,0,0,1,3,0,2,1,0.6666666666666666,0.0,0.0,1.0,0.8,0.19999999999999996,-1
"F[0,1](((BldPrDia >= 72.247 -> bmiZscore >= -0.409) -> Pt_SiblingT1D <= 0.449) & HbA1c <= 0.141)
",-9999999.000,-9999999.000,0.000,0.000,1.000,2,0,0,1,3,0,2,1,0.6666666666666666,0.0,0.0,1.0,0.8,0.19999999999999996,-1
"((Pt_A1cGoalLev >= 1.231) U[1,1] (Triglyc >= 33.473))
",-1.231,-1.231,0.000,0.000,1.000,2,0,0,1,3,0,2,1,0.6666666666666666,0.0,0.0,1.0,0.8,0.19999999999999996,-1
"F[1,1](((HbA1cImputeDtMnC <= 32.405 -> NumPumpBolusOrShortAct <= 4.632) & TotChol >= 1.463) & Pt_A1cGoalLevelDsYr5 >= 0.805)
",-32.405,-32.405,0.000,0.000,1.000,2,0,0,1,3,0,2,1,0.6666666666666666,0.0,0.0,1.0,0.8,0.19999999999999996,-1
"F[1,1](((bmi <= 25.066 -> HeightCm >= 172.791) & Pt_CGMUseNumDays >= 173.192) & HeightCm >= 173.171)
",-173.192,-173.192,0.000,0.000,1.000,2,0,0,1,3,0,2,1,0.6666666666666666,0.0,0.0,1.0,0.8,0.19999999999999996,-1
"((BUN >= 2.747) U[0,0] (Pt_InsGov >= 0.097))
",-0.097,-0.097,0.000,0.000,1.000,2,0,0,1,3,0,2,1,0.6666666666666666,0.0,0.0,1.0,0.8,0.19999999999999996,-1
"G[1,1](AutonomicNeuroCl >= 0.000 & Pt_SHFlg = 0.000)
",0.000,0.000,0.000,1.000,0.000,2,0,1,0,2,1,3,0,1.0,0.0,1.0,0.6666666666666666,0.8,0.19999999999999996,1
"((AlbCreatRat_mggNew >= 2.764) U[0,0] (bmiPerc <= 0.498))
",-2.764,-2.764,0.000,0.000,1.000,2,0,0,1,3,0,2,1,0.6666666666666666,0.0,0.0,1.0,0.8,0.19999999999999996,-1
"F[0,1]((SMBGperDayPtMeterCombo <= 3.781 -> WeightKg >= 68.240) -> bmiZscore >= 67.703)
",-9999999.000,-9999999.000,0.000,0.000,1.000,2,0,0,1,3,0,2,1,0.6666666666666666,0.0,0.0,1.0,0.8,0.19999999999999996,-1
"F[0,1](((LDL >= 57.557 | UnitsInsBasalOrLongAct <= 23.656) -> bmiZscore <= 24.975) & Pt_SHFlg >= 14.198)
",-9999999.000,-9999999.000,0.000,0.000,1.000,2,0,0,1,3,0,2,1,0.6666666666666666,0.0,0.0,1.0,0.8,0.19999999999999996,-1
"F[0,0](((Pt_SiblingT1D >= 0.000 | bmiPerc >= 0.033) -> Pt_SHFlg <= 0.619) & NumPumpBolusOrShortAct >= 0.338)
",-34.544,-24.424,0.000,0.000,1.000,2,0,0,1,3,0,2,1,0.6666666666666666,0.0,0.0,1.0,0.8,0.19999999999999996,-1
"F[0,1](((GFR >= 14.983 -> TotalDailyInsPerKg <= 0.566) | SMBGperDayPtMeterCombo <= 0.526) & HeightCm <= 0.860)
",-9999999.000,-9999999.000,0.000,0.000,1.000,2,0,0,1,3,0,2,1,0.6666666666666666,0.0,0.0,1.0,0.8,0.19999999999999996,-1
"G[0,1](((Pt_ChildT1D <= 0.000 | Pt_A1cGoalLev >= 0.851) -> Pt_CGMUseNumDays >= 0.737) -> bmiZscore <= 3.255)
",9999999.000,9999999.000,0.000,1.000,0.000,2,0,1,0,2,1,3,0,1.0,0.0,1.0,0.6666666666666666,0.8,0.19999999999999996,1
"((Pt_InsGov >= 0.115) U[0,1] (TotChol >= 27.325))
",-9999999.000,-9999999.000,0.000,0.000,1.000,2,0,0,1,3,0,2,1,0.6666666666666666,0.0,0.0,1.0,0.8,0.19999999999999996,-1
"G[1,1](SMBGperDayPtMeterCombo >= 2.006 & BGTestAvgNumPtRep >= 2.148)
",-2.148,-2.148,0.000,1.000,0.000,2,0,1,0,2,1,3,0,1.0,0.0,1.0,0.6666666666666666,0.8,0.19999999999999996,1
"G[0,1](((bmiPerc >= 0.113 & HeightCm >= 172.850) & diagAgeCombo >= 172.920) | Pt_A1cGoalLev <= 173.514)
",9999999.000,9999999.000,0.000,1.000,0.000,2,0,1,0,2,1,3,0,1.0,0.0,1.0,0.6666666666666666,0.8,0.19999999999999996,1
"G[0,1](((diabDur >= 2.940 -> GFR >= 3.376) -> TotalDailyInsPerKg <= 75.901) | BldPrDia >= 11.786)
",9999999.000,9999999.000,0.000,1.000,0.000,2,0,1,0,2,1,3,0,1.0,0.0,1.0,0.6666666666666666,0.8,0.19999999999999996,1
"G[1,1](((AutonomicNeuroCl <= 0.000 | Pt_SHFlg <= 0.000) | DirectLDL >= 0.000) -> Pt_MotherT1D >= 0.000)
",0.000,0.000,0.000,1.000,0.000,2,0,1,0,2,1,3,0,1.0,0.0,1.0,0.6666666666666666,0.8,0.19999999999999996,1
"G[0,1](((BUN >= 4.765 -> HeightCm >= 172.825) & bmiZscore <= 173.520) -> TotalDailyInsPerKg <= 173.429)
",9999999.000,9999999.000,0.000,1.000,0.000,2,0,1,0,2,1,3,0,1.0,0.0,1.0,0.6666666666666666,0.8,0.19999999999999996,1
"G[0,1](((age <= 20.759 -> WeightKg >= 69.754) -> Pt_SiblingT1D <= 74.436) | HbA1c >= 71.484)
",9999999.000,9999999.000,0.000,1.000,0.000,2,0,1,0,2,1,3,0,1.0,0.0,1.0,0.6666666666666666,0.8,0.19999999999999996,1
"G[0,1](((BUN <= 9.936 -> diagAgeCombo >= 15.000) | BUN >= 15.000) -> BGTestAvgNumPtRep <= 15.000)
",9999999.000,9999999.000,0.000,1.000,0.000,2,0,1,0,2,1,3,0,1.0,0.0,1.0,0.6666666666666666,0.8,0.19999999999999996,1
"G[0,1](((HbA1cImputeDtMnC >= 24.495 -> HeightCm >= 172.731) | DirectLDL >= 172.801) -> Pt_GrandchildT1D <= 173.783)
",9999999.000,9999999.000,0.000,1.000,0.000,2,0,1,0,2,1,3,0,1.0,0.0,1.0,0.6666666666666666,0.8,0.19999999999999996,1
"G[0,1](((BldPrSys >= 116.492 & HDL >= 27.808) | Pt_MotherT1D <= 59.402) & TotChol <= 66.384)
",9999999.000,9999999.000,0.000,1.000,0.000,2,0,0,1,3,0,2,1,0.6666666666666666,0.0,0.0,1.0,0.8,0.19999999999999996,1
"G[0,1](age <= 21.808 | bmiZscore >= -0.289)
",9999999.000,9999999.000,0.000,1.000,0.000,2,0,0,1,3,0,2,1,0.6666666666666666,0.0,0.0,1.0,0.8,0.19999999999999996,1
"G[0,1](((bmi >= 22.515 | BUN >= 1.253) -> TotalDailyInsPerKg >= 4.909) -> LDL >= 3.695)
",9999999.000,9999999.000,0.000,1.000,0.000,2,0,1,0,2,1,3,0,1.0,0.0,1.0,0.6666666666666666,0.8,0.19999999999999996,1
"G[0,0]((Pt_CGMUseNumDays <= 0.000 & HeightCm >= 172.998) | LDL >= 173.128)
",-173.128,-173.128,0.000,1.000,0.000,2,0,0,1,3,0,2,1,0.6666666666666666,0.0,0.0,1.0,0.8,0.19999999999999996,1
"G[0,1](((bmi >= 23.204 | TotChol <= 66.828) -> TSH <= 78.247) & Pt_SiblingT1D <= 41.698)
",9999999.000,9999999.000,0.000,1.000,0.000,2,0,1,0,2,1,3,0,1.0,0.0,1.0,0.6666666666666666,0.8,0.19999999999999996,1
"G[0,1](((HeightCm >= 172.718 & Pt_GrandparentT1D >= 0.000) -> BGTestAvgNumMeter >= 0.000) -> Pt_SHFlg <= 0.000)
",9999999.000,9999999.000,0.000,1.000,0.000,2,0,1,0,2,1,3,0,1.0,0.0,1.0,0.6666666666666666,0.8,0.19999999999999996,1
"G[1,1](UnitsInsBasalOrLongAct >= 2.984 -> bmiZscore <= 0.416)
",-0.416,-0.416,0.000,1.000,0.000,2,0,1,0,2,1,3,0,1.0,0.0,1.0,0.6666666666666666,0.8,0.19999999999999996,1
"G[1,1]((Pt_InsGov <= 0.447 -> WeightKg >= 71.688) | Pt_MotherT1D >= 67.476)
",-0.447,-0.447,0.000,1.000,0.000,2,0,1,0,2,1,3,0,1.0,0.0,1.0,0.6666666666666666,0.8,0.19999999999999996,1
"G[0,0](((Pt_GrandchildT1D >= 0.000 & NumPumpBolusOrShortAct <= 3.425) -> BGTestAvgNumPtRep >= 1.262) -> GFR <= 3.144)
",-25.577,-3.567,0.000,1.000,0.000,2,0,0,1,3,0,2,1,0.6666666666666666,0.0,0.0,1.0,0.8,0.19999999999999996,1
"G[0,1](age >= 18.056 | TotalDailyInsPerKg >= 0.014)
",9999999.000,9999999.000,0.000,1.000,0.000,2,0,1,0,2,1,3,0,1.0,0.0,1.0,0.6666666666666666,0.8,0.19999999999999996,1
"G[0,1]((TSH <= 0.673 | diabDur >= 2.298) -> Pt_InsGov <= 4.770)
",9999999.000,9999999.000,0.000,1.000,0.000,2,0,1,0,2,1,3,0,1.0,0.0,1.0,0.6666666666666666,0.8,0.19999999999999996,1
"G[1,1](SMBGperDayPtMeterCombo >= 1.302 & BGTestAvgNumPtRep >= 1.640)
",-1.640,-1.640,0.000,1.000,0.000,2,0,1,0,2,1,3,0,1.0,0.0,1.0,0.6666666666666666,0.8,0.19999999999999996,1
"G[1,1](HeightCm <= 173.616 -> age >= 18.481)
",-173.616,-173.616,0.000,1.000,0.000,2,0,1,0,2,1,3,0,1.0,0.0,1.0,0.6666666666666666,0.8,0.19999999999999996,1
"G[0,1](((NumPumpBolusOrShortAct >= 0.159 & UnitsInsBasalOrLongAct <= 26.550) -> BUN >= 17.896) -> Pt_A1cGoalLev <= 25.796)
",9999999.000,9999999.000,0.000,1.000,0.000,2,0,1,0,2,1,3,0,1.0,0.0,1.0,0.6666666666666666,0.8,0.19999999999999996,1
"G[0,0]((HDL >= 2.073 -> Pt_A1cGoalLev >= 0.899) -> Pt_GrandparentT1D >= 0.887)
",0.887,0.887,0.000,1.000,0.000,2,0,0,1,3,0,2,1,0.6666666666666666,0.0,0.0,1.0,0.8,0.19999999999999996,1
"G[1,1](((HbA1cImputeDtMnC >= 0.281 | HDL <= 42.389) & diagAgeCombo <= 59.677) & AutonomicNeuroCl <= 39.647)
",39.647,39.647,0.000,1.000,0.000,2,0,1,0,2,1,3,0,1.0,0.0,1.0,0.6666666666666666,0.8,0.19999999999999996,1
"G[0,1](((HeightCm >= 173.068 -> NumPumpBolusOrShortAct <= 4.216) & HDL <= 3.342) -> Pt_SHFlg <= 4.550)
",9999999.000,9999999.000,0.000,1.000,0.000,2,0,1,0,2,1,3,0,1.0,0.0,1.0,0.6666666666666666,0.8,0.19999999999999996,1
"G[0,0](bmiPerc <= 0.647 & BUN >= 6.902)
",-33.676,-23.810,0.000,1.000,0.000,2,0,0,1,3,0,2,1,0.6666666666666666,0.0,0.0,1.0,0.8,0.19999999999999996,1
"G[0,0](((HbA1cImputeDtMnC >= 21.264 | LDL <= 93.278) & BGTestAvgNumPtRep >= 1.782) | diagAgeCombo >= 57.055)
",-2.564,-1.282,0.000,1.000,0.000,2,0,0,1,3,0,2,1,0.6666666666666666,0.0,0.0,1.0,0.8,0.19999999999999996,1
"G[0,1]((GFR >= 10.577 & HeightCm >= 172.935) -> LDL >= 172.732)
",9999999.000,9999999.000,0.000,1.000,0.000,2,0,0,1,3,0,2,1,0.6666666666666666,0.0,0.0,1.0,0.8,0.19999999999999996,1
"G[0,1](AlbCreatRat_mggNew <= 7.302 -> BldPrSys >= 110.688)
",9999999.000,9999999.000,0.000,1.000,0.000,2,0,1,0,2,1,3,0,1.0,0.0,1.0,0.6666666666666666,0.8,0.19999999999999996,1
"G[1,1](((age >= 19.515 & SMBGperDayPtMeterCombo >= 2.408) & SMBGperDayPtMeterCombo >= 2.240) -> Pt_A1cGoalLevelDsYr5 <= 3.397)
",-3.397,-3.397,0.000,1.000,0.000,2,0,1,0,2,1,3,0,1.0,0.0,1.0,0.6666666666666666,0.8,0.19999999999999996,1
"G[0,1]((BldPrDia <= 75.809 -> bmiPerc <= 0.431) -> age >= 0.369)
",9999999.000,9999999.000,0.000,1.000,0.000,2,0,1,0,2,1,3,0,1.0,0.0,1.0,0.6666666666666666,0.8,0.19999999999999996,1
"G[0,1]((BGTestAvgNumPtRep >= 1.822 -> NumPumpBolusOrShortAct >= 1.519) | AlbCreatRat_mggNew <= 2.919)
",9999999.000,9999999.000,0.000,1.000,0.000,2,0,0,1,3,0,2,1,0.6666666666666666,0.0,0.0,1.0,0.8,0.19999999999999996,1
"G[1,1]((HbA1c <= 8.320 -> HbA1cImputeDtMnC <= 52.010) | Pt_SHFlg >= 3.517)
",-3.517,-3.517,0.000,1.000,0.000,2,0,1,0,2,1,3,0,1.0,0.0,1.0,0.6666666666666666,0.8,0.19999999999999996,1
"G[0,0](BGTestAvgNumPtRep <= 3.817 & BldPrSys >= 119.487)
",-119.487,-119.487,0.000,1.000,0.000,2,0,0,1,3,0,2,1,0.6666666666666666,0.0,0.0,1.0,0.8,0.19999999999999996,1
"G[1,1](GFR >= 8.138 | Triglyc <= 108.901)
",108.901,108.901,0.000,1.000,0.000,2,0,1,0,2,1,3,0,1.0,0.0,1.0,0.6666666666666666,0.8,0.19999999999999996,1
"G[0,0](((BldPrSys >= 115.123 & bmiZscore <= 0.246) & Pt_GrandchildT1D <= 0.362) & Pt_SiblingT1D <= 0.323)
",-115.123,-115.123,0.000,1.000,0.000,2,0,0,1,3,0,2,1,0.6666666666666666,0.0,0.0,1.0,0.8,0.19999999999999996,1
"G[1,1](HDL <= 56.154 | SMBGperDayPtMeterCombo >= 1.495)
",56.154,56.154,0.000,1.000,0.000,2,0,1,0,2,1,3,0,1.0,0.0,1.0,0.6666666666666666,0.8,0.19999999999999996,1
"G[0,0](((BUN >= 6.320 -> NumPumpBolusOrShortAct >= 0.351) -> Pt_GrandchildT1D >= 1.361) -> Pt_InsGov >= 1.418)
",0.351,0.351,0.000,1.000,0.000,2,0,0,1,3,0,2,1,0.6666666666666666,0.0,0.0,1.0,0.8,0.19999999999999996,1
"G[0,1](((bmiZscore <= 0.362 -> LDL >= 29.085) -> Pt_SiblingT1D <= 60.806) | HbA1cImputeDtMnC >= 35.595)
",9999999.000,9999999.000,0.000,1.000,0.000,2,0,1,0,2,1,3,0,1.0,0.0,1.0,0.6666666666666666,0.8,0.19999999999999996,1
"G[1,1](((Pt_SHFlg <= 0.000 | BldPrSys <= 122.390) | TotChol >= 114.034) & Pt_MotherT1D <= 126.732)
",122.390,122.390,0.000,1.000,0.000,2,0,1,0,2,1,3,0,1.0,0.0,1.0,0.6666666666666666,0.8,0.19999999999999996,1
"G[1,1](((bmiZscore >= -0.510 | BUN >= 7.287) | Pt_ChildT1D <= 15.890) | Pt_GrandchildT1D >= 1.336)
",15.890,15.890,0.000,1.000,0.000,2,0,1,0,2,1,3,0,1.0,0.0,1.0,0.6666666666666666,0.8,0.19999999999999996,1
"G[0,0]((BGTestAvgNumPtRep >= 0.571 -> TotalDailyInsPerKg <= 0.564) & Pt_SiblingT1D <= 0.765)
",0.142,0.071,0.000,1.000,0.000,2,0,0,1,3,0,2,1,0.6666666666666666,0.0,0.0,1.0,0.8,0.19999999999999996,1
"G[1,1]((AlbCreatRat_mggNew >= 5.407 | Pt_InsGov <= 0.217) & BldPrDia >= 0.191)
",-0.191,-0.191,0.000,1.000,0.000,2,0,1,0,2,1,3,0,1.0,0.0,1.0,0.6666666666666666,0.8,0.19999999999999996,1
"G[0,0](bmiPerc >= 0.242 | TotalDailyInsPerKg >= 0.214)
",34.249,24.215,0.000,1.000,0.000,2,0,0,1,3,0,2,1,0.6666666666666666,0.0,0.0,1.0,0.8,0.19999999999999996,1
"F[0,0]((BldPrDia <= 73.562 & Pt_DKAFlg <= 0.000) | BldPrDia <= 0.000)
",-21.575,-53.938,0.000,0.000,1.000,1,0,0,2,3,0,1,2,0.3333333333333333,0.0,0.0,1.0,0.4,0.6,-1
"F[0,1](((BldPrDia <= 73.471 | bmi <= 24.534) & Triglyc <= 24.200) | BldPrDia <= 24.165)
",-9999999.000,-9999999.000,0.000,0.000,1.000,1,0,0,2,3,0,1,2,0.3333333333333333,0.0,0.0,1.0,0.4,0.6,-1
"F[1,1]((HDL >= 29.900 & TotalDailyInsPerKg >= 0.010) -> BGTestAvgNumPtRep <= 0.330)
",-0.330,-0.330,0.000,0.000,1.000,1,0,0,2,3,0,1,2,0.3333333333333333,0.0,0.0,1.0,0.4,0.6,-1
"F[0,1]((BGTestAvgNumPtRep >= 1.573 & WeightKg <= 72.044) | TotalDailyInsPerKg >= 68.384)
",-9999999.000,-9999999.000,0.000,0.000,1.000,1,0,0,2,3,0,1,2,0.3333333333333333,0.0,0.0,1.0,0.4,0.6,-1
"F[0,1]((AlbCreatRat_mggNew <= 9.025 | SMBGperDayPtMeterCombo <= 2.874) -> bmiZscore >= 1.626)
",-9999999.000,-9999999.000,0.000,0.000,1.000,1,0,0,2,3,0,1,2,0.3333333333333333,0.0,0.0,1.0,0.4,0.6,-1
"F[0,1](bmiZscore >= -0.197 & Triglyc <= 107.239)
",-9999999.000,-9999999.000,0.000,0.000,1.000,1,0,0,2,3,0,1,2,0.3333333333333333,0.0,0.0,1.0,0.4,0.6,-1
"((Triglyc >= 11.139) U[0,0] (diabDur <= 5.434))
",-11.139,-11.139,0.000,0.000,1.000,1,0,0,2,3,0,1,2,0.3333333333333333,0.0,0.0,1.0,0.4,0.6,-1
"F[1,1](bmiPerc <= 0.469 | UnitsInsBasalOrLongAct >= 2.670)
",0.469,0.469,0.000,0.000,1.000,1,0,0,2,3,0,1,2,0.3333333333333333,0.0,0.0,1.0,0.4,0.6,-1
"F[1,1](WeightKg >= 70.466 -> HeightCm <= 173.689)
",-173.689,-173.689,0.000,0.000,1.000,1,0,0,2,3,0,1,2,0.3333333333333333,0.0,0.0,1.0,0.4,0.6,-1
"((HbA1c >= 6.439) U[0,1] (LDL >= 28.080))
",-9999999.000,-9999999.000,0.000,0.000,1.000,1,0,0,2,3,0,1,2,0.3333333333333333,0.0,0.0,1.0,0.4,0.6,-1
"((AlbCreatRat_mggNew <= 6.036) U[1,2] (BUN <= 10.441))
",-9999999.000,-9999999.000,0.000,0.000,1.000,1,0,0,2,3,0,1,2,0.3333333333333333,0.0,0.0,1.0,0.4,0.6,-1
"((BGTestAvgNumMeter >= 1.137) U[1,2] (BGTestAvgNumPtRep <= 3.055))
",-9999999.000,-9999999.000,0.000,0.000,1.000,1,0,0,2,3,0,1,2,0.3333333333333333,0.0,0.0,1.0,0.4,0.6,-1
"F[1,1](BUN >= 7.394 | GFR >= 15.179)
",-7.394,-7.394,0.000,0.000,1.000,1,0,0,2,3,0,1,2,0.3333333333333333,0.0,0.0,1.0,0.4,0.6,-1
"((LDL >= 19.935) U[0,0] (NumPumpBolusOrShortAct <= 2.670))
",2.670,2.670,0.000,0.000,1.000,1,0,0,2,3,0,1,2,0.3333333333333333,0.0,0.0,1.0,0.4,0.6,-1
"F[1,1](((Pt_FatherT1D <= 0.000 -> BldPrDia <= 76.605) & Pt_A1cGoalLev <= 76.027) -> Pt_A1cGoalLevelDsYr5 >= 67.278)
",67.278,67.278,0.000,0.000,1.000,1,0,0,2,3,0,1,2,0.3333333333333333,0.0,0.0,1.0,0.4,0.6,-1
"F[0,1]((TSH <= 0.572 -> UnitsInsBasalOrLongAct <= 20.468) & bmi >= 0.258)
",-9999999.000,-9999999.000,0.000,0.000,1.000,1,0,0,2,3,0,1,2,0.3333333333333333,0.0,0.0,1.0,0.4,0.6,-1
"F[1,1]((Pt_SHFlg >= 0.000 -> TotalDailyInsPerKg <= 0.844) -> Triglyc >= 0.255)
",0.255,0.255,0.000,0.000,1.000,1,0,0,2,3,0,1,2,0.3333333333333333,0.0,0.0,1.0,0.4,0.6,-1
"((BGTestAvgNumMeter >= 0.090) U[0,0] (BGTestAvgNumPtRep <= 2.568))
",29.910,29.910,0.000,0.000,1.000,1,0,0,2,3,0,1,2,0.3333333333333333,0.0,0.0,1.0,0.4,0.6,-1
"((age <= 20.773) U[1,1] (LDL >= 4.685))
",20.773,20.773,0.000,0.000,1.000,1,0,0,2,3,0,1,2,0.3333333333333333,0.0,0.0,1.0,0.4,0.6,-1
"((AlbCreatRat_mggNew >= 3.409) U[1,2] (BGTestAvgNumPtRep >= 1.185))
",-9999999.000,-9999999.000,0.000,0.000,1.000,1,0,0,2,3,0,1,2,0.3333333333333333,0.0,0.0,1.0,0.4,0.6,-1
"F[0,1](AlbCreatRat_mggNew >= 1.579 & HbA1cImputeDtMnC >= 27.003)
",-9999999.000,-9999999.000,0.000,0.000,1.000,1,0,0,2,3,0,1,2,0.3333333333333333,0.0,0.0,1.0,0.4,0.6,-1
"F[1,1](diabDur >= 3.402 & bmiPerc >= 0.146)
",-3.402,-3.402,0.000,0.000,1.000,1,0,0,2,3,0,1,2,0.3333333333333333,0.0,0.0,1.0,0.4,0.6,-1
"F[1,1](((BGTestAvgNumMeter >= 1.517 -> diabDur <= 4.782) & bmiPerc >= 2.443) | SMBGperDayPtMeterCombo >= 3.402)
",-3.402,-3.402,0.000,0.000,1.000,1,0,0,2,3,0,1,2,0.3333333333333333,0.0,0.0,1.0,0.4,0.6,-1
"((NumPumpBolusOrShortAct <= 4.282) U[1,2] (WeightKg <= 72.792))
",-9999999.000,-9999999.000,0.000,0.000,1.000,1,0,0,2,3,0,1,2,0.3333333333333333,0.0,0.0,1.0,0.4,0.6,-1
"((BldPrDia <= 76.525) U[0,1] (Triglyc >= 26.097))
",-9999999.000,-9999999.000,0.000,0.000,1.000,1,0,0,2,3,0,1,2,0.3333333333333333,0.0,0.0,1.0,0.4,0.6,-1
"F[0,1](((HbA1c <= 8.780 -> Pt_A1cGoalLev <= 2.334) & Pt_CGMUseNumDays <= 3.603) -> Pt_GrandchildT1D >= 0.222)
",-9999999.000,-9999999.000,0.000,0.000,1.000,1,0,0,2,3,0,1,2,0.3333333333333333,0.0,0.0,1.0,0.4,0.6,-1
"F[1,1](BldPrSys <= 127.861 & LDL <= 92.732)
",92.732,92.732,0.000,0.000,1.000,1,0,0,2,3,0,1,2,0.3333333333333333,0.0,0.0,1.0,0.4,0.6,-1
"((BGTestAvgNumMeter >= 1.516) U[0,0] (Triglyc <= 103.857))
",103.857,103.857,0.000,0.000,1.000,1,0,0,2,3,0,1,2,0.3333333333333333,0.0,0.0,1.0,0.4,0.6,-1
"F[0,1](BGTestAvgNumMeter <= 2.698 & HbA1cImputeDtMnC >= 21.391)
",-9999999.000,-9999999.000,0.000,0.000,1.000,1,0,0,2,3,0,1,2,0.3333333333333333,0.0,0.0,1.0,0.4,0.6,-1
"F[0,1](((bmiPerc <= 0.591 & NumPumpBolusOrShortAct <= 3.099) | AutonomicNeuroCl <= 1.756) -> Pt_InsGov >= 0.886)
",-9999999.000,-9999999.000,0.000,0.000,1.000,1,0,0,2,3,0,1,2,0.3333333333333333,0.0,0.0,1.0,0.4,0.6,-1
"F[0,1]((HbA1cImputeDtMnC <= 53.827 & TotalDailyInsPerKg <= 0.557) -> bmi <= 0.529)
",-9999999.000,-9999999.000,0.000,0.000,1.000,1,0,0,2,3,0,1,2,0.3333333333333333,0.0,0.0,1.0,0.4,0.6,-1
"F[1,1]((bmiPerc >= 0.095 -> Pt_InsGov >= 0.114) & Pt_DKAFlg <= 0.636)
",0.095,0.095,0.000,0.000,1.000,1,0,0,2,3,0,1,2,0.3333333333333333,0.0,0.0,1.0,0.4,0.6,-1
"F[0,1]((bmiPerc <= 0.702 -> LDL >= 14.342) -> GFR >= 13.475)
",-9999999.000,-9999999.000,0.000,0.000,1.000,1,0,0,2,3,0,1,2,0.3333333333333333,0.0,0.0,1.0,0.4,0.6,-1
"F[0,1](((BGTestAvgNumMeter >= 0.306 & bmiPerc >= 0.319) & Triglyc >= 0.311) | Pt_SiblingT1D >= 0.071)
",-9999999.000,-9999999.000,0.000,0.000,1.000,1,0,0,2,3,0,1,2,0.3333333333333333,0.0,0.0,1.0,0.4,0.6,-1
"((BGTestAvgNumPtRep >= 1.659) U[0,1] (LDL <= 81.263))
",-9999999.000,-9999999.000,0.000,0.000,1.000,1,0,0,2,3,0,1,2,0.3333333333333333,0.0,0.0,1.0,0.4,0.6,-1
"((AlbCreatRat_mggNew <= 6.365) U[0,0] (bmiZscore <= 0.196))
",6.365,6.365,0.000,0.000,1.000,1,0,0,2,3,0,1,2,0.3333333333333333,0.0,0.0,1.0,0.4,0.6,-1
"F[0,1]((BGTestAvgNumMeter >= 1.280 -> TotChol >= 39.387) | bmiPerc >= 31.815)
",-9999999.000,-9999999.000,0.000,0.000,1.000,1,0,0,2,3,0,1,2,0.3333333333333333,0.0,0.0,1.0,0.4,0.6,-1
"((BGTestAvgNumPtRep >= 1.779) U[0,0] (BldPrDia >= 68.651))
",23.540,58.849,0.000,0.000,1.000,1,0,0,2,3,0,1,2,0.3333333333333333,0.0,0.0,1.0,0.4,0.6,-1
"F[1,1]((BGTestAvgNumMeter >= 0.257 -> bmi <= 23.950) | Pt_DKAFlg >= 23.878)
",-23.878,-23.878,0.000,0.000,1.000,1,0,0,2,3,0,1,2,0.3333333333333333,0.0,0.0,1.0,0.4,0.6,-1
"F[0,0](((age >= 18.307 | Pt_GrandchildT1D <= 0.000) -> DirectLDL >= 0.000) -> TotalDailyInsPerKg <= 0.000)
",9.000,4.500,0.000,0.000,1.000,1,0,0,2,3,0,1,2,0.3333333333333333,0.0,0.0,1.0,0.4,0.6,-1
"G[0,0]((BUN <= 17.912 | TSH >= 0.195) -> HbA1c <= 0.651)
",-17.912,-17.912,0.000,1.000,0.000,1,0,0,2,3,0,1,2,0.3333333333333333,0.0,0.0,1.0,0.4,0.6,1
"G[0,1](SMBGperDayPtMeterCombo >= 2.462 & BGTestAvgNumPtRep >= 0.279)
",9999999.000,9999999.000,0.000,1.000,0.000,1,0,0,2,3,0,1,2,0.3333333333333333,0.0,0.0,1.0,0.4,0.6,1
"G[1,1](HbA1cImputeDtMnC >= 9.098 -> Pt_A1cGoalLev >= 1.040)
",1.040,1.040,0.000,1.000,0.000,1,0,1,1,2,1,2,1,0.5,0.0,1.0,0.5,0.4,0.6,1
"G[0,1](bmi <= 24.496 & Pt_SHFlg = 0.000)
",9999999.000,9999999.000,0.000,1.000,0.000,1,0,1,1,2,1,2,1,0.5,0.0,1.0,0.5,0.4,0.6,1
"G[0,1]((WeightKg >= 71.292 | bmi >= 22.499) -> UnitsInsBasalOrLongAct <= 18.634)
",9999999.000,9999999.000,0.000,1.000,0.000,1,0,0,2,3,0,1,2,0.3333333333333333,0.0,0.0,1.0,0.4,0.6,1
"G[0,1]((BldPrDia >= 66.560 -> diabDur <= 5.108) -> HbA1cImputeDtMnC >= 2.883)
",9999999.000,9999999.000,0.000,1.000,0.000,1,0,1,1,2,1,2,1,0.5,0.0,1.0,0.5,0.4,0.6,1
"G[0,1](((LDL >= 1.707 -> TSH <= 0.996) & HDL <= 0.292) & bmi >= 0.195)
",9999999.000,9999999.000,0.000,1.000,0.000,1,0,0,2,3,0,1,2,0.3333333333333333,0.0,0.0,1.0,0.4,0.6,1
"G[0,0](TotalDailyInsPerKg >= 0.109 & TotalDailyInsPerKg >= 0.172)
",8.656,4.328,0.000,1.000,0.000,1,0,0,2,3,0,1,2,0.3333333333333333,0.0,0.0,1.0,0.4,0.6,1
"G[0,1](((LDL >= 35.536 & HbA1c >= 7.410) & Pt_SHFlg >= 7.379) | Triglyc >= 6.422)
",9999999.000,9999999.000,0.000,1.000,0.000,1,0,1,1,2,1,2,1,0.5,0.0,1.0,0.5,0.4,0.6,1
"G[0,1](SMBGperDayPtMeterCombo >= 1.580 & BGTestAvgNumPtRep >= 1.169)
",9999999.000,9999999.000,0.000,1.000,0.000,1,0,1,1,2,1,2,1,0.5,0.0,1.0,0.5,0.4,0.6,1
"G[0,0](SMBGperDayPtMeterCombo >= 2.753 & BGTestAvgNumPtRep >= 1.570)
",-2.140,-1.070,0.000,1.000,0.000,1,0,0,2,3,0,1,2,0.3333333333333333,0.0,0.0,1.0,0.4,0.6,1
"G[0,0](bmiZscore >= -0.348 & Pt_GrandparentT1D <= 0.000)
",0.000,0.000,0.000,1.000,0.000,1,0,0,2,3,0,1,2,0.3333333333333333,0.0,0.0,1.0,0.4,0.6,1
"G[0,1](((BGTestAvgNumPtRep >= 0.317 -> Pt_ChildT1D >= 0.000) -> AlbCreatRat_mggNew <= 0.000) -> Pt_A1cGoalLev <= 0.000)
",9999999.000,9999999.000,0.000,1.000,0.000,1,0,1,1,2,1,2,1,0.5,0.0,1.0,0.5,0.4,0.6,1
"G[0,1](GFR <= 56.802 -> BUN >= 1.021)
",9999999.000,9999999.000,0.000,1.000,0.000,1,0,1,1,2,1,2,1,0.5,0.0,1.0,0.5,0.4,0.6,1
"G[1,1]((WeightKg >= 67.457 | bmi >= 22.498) -> UnitsInsBasalOrLongAct <= 27.201)
",-27.201,-27.201,0.000,1.000,0.000,1,0,1,1,2,1,2,1,0.5,0.0,1.0,0.5,0.4,0.6,1
"G[0,1](SMBGperDayPtMeterCombo >= 1.657 & BGTestAvgNumPtRep >= 1.395)
",9999999.000,9999999.000,0.000,1.000,0.000,1,0,1,1,2,1,2,1,0.5,0.0,1.0,0.5,0.4,0.6,1
"G[1,1](BUN >= 2.822 & Pt_SHFlg = 0.000)
",-2.822,-2.822,0.000,1.000,0.000,1,0,1,1,2,1,2,1,0.5,0.0,1.0,0.5,0.4,0.6,1
"G[0,1](BldPrDia <= 73.450 & Pt_SHFlg = 0.000)
",9999999.000,9999999.000,0.000,1.000,0.000,1,0,1,1,2,1,2,1,0.5,0.0,1.0,0.5,0.4,0.6,1
"G[1,1](HbA1cImputeDtMnC >= 13.029 & Pt_A1cGoalLev <= 4.211)
",-13.029,-13.029,0.000,1.000,0.000,1,0,1,1,2,1,2,1,0.5,0.0,1.0,0.5,0.4,0.6,1
"G[0,1](((bmiPerc >= 0.227 & Triglyc >= 17.195) -> BldPrDia <= 49.409) | Pt_A1cGoalLev >= 34.652)
",9999999.000,9999999.000,0.000,1.000,0.000,1,0,1,1,2,1,2,1,0.5,0.0,1.0,0.5,0.4,0.6,1
"G[0,1]((UnitsInsBasalOrLongAct >= 10.093 | UnitsInsBasalOrLongAct >= 15.810) -> AutonomicNeuroCl >= 8.813)
",9999999.000,9999999.000,0.000,1.000,0.000,1,0,0,2,3,0,1,2,0.3333333333333333,0.0,0.0,1.0,0.4,0.6,1
"G[0,0](diabDur >= 3.621 & WeightKg >= 71.673)
",-69.673,-69.673,0.000,1.000,0.000,1,0,0,2,3,0,1,2,0.3333333333333333,0.0,0.0,1.0,0.4,0.6,1
"G[0,1](Pt_GrandchildT1D >= 0.000 & bmiZscore >= -0.304)
",9999999.000,9999999.000,0.000,1.000,0.000,1,0,0,2,3,0,1,2,0.3333333333333333,0.0,0.0,1.0,0.4,0.6,1
"G[1,1](HeightCm <= 173.778 & TSH <= 0.662)
",0.662,0.662,0.000,1.000,0.000,1,0,1,1,2,1,2,1,0.5,0.0,1.0,0.5,0.4,0.6,1
"G[0,1]((WeightKg >= 70.262 | bmi >= 22.570) -> UnitsInsBasalOrLongAct <= 27.537)
",9999999.000,9999999.000,0.000,1.000,0.000,1,0,0,2,3,0,1,2,0.3333333333333333,0.0,0.0,1.0,0.4,0.6,1
"G[1,1](HbA1cImputeDtMnC <= 31.698 | BGTestAvgNumMeter >= 1.278)
",31.698,31.698,0.000,1.000,0.000,1,0,1,1,2,1,2,1,0.5,0.0,1.0,0.5,0.4,0.6,1
"G[0,1](BGTestAvgNumMeter >= 0.148 -> HbA1c <= 9.937)
",9999999.000,9999999.000,0.000,1.000,0.000,1,0,1,1,2,1,2,1,0.5,0.0,1.0,0.5,0.4,0.6,1
"G[0,1](BldPrDia >= 70.696 | Pt_A1cGoalLev >= 0.099)
",9999999.000,9999999.000,0.000,1.000,0.000,1,0,1,1,2,1,2,1,0.5,0.0,1.0,0.5,0.4,0.6,1
"G[0,1]((BGTestAvgNumMeter <= 3.640 & SMBGperDayPtMeterCombo >= 1.896) | NumPumpBolusOrShortAct <= 3.487)
",9999999.000,9999999.000,0.000,1.000,0.000,1,0,1,1,2,1,2,1,0.5,0.0,1.0,0.5,0.4,0.6,1
"G[0,0]((Pt_A1cGoalLev <= 1.534 & Pt_InsGov <= 0.570) -> bmiZscore >= 0.083)
",-0.721,-0.213,0.000,1.000,0.000,1,0,0,2,3,0,1,2,0.3333333333333333,0.0,0.0,1.0,0.4,0.6,1
"F[0,2]((GFR >= 11.242 -> TotChol <= 192.296) | BldPrDia >= 9.529)
",-9999999.000,-9999999.000,0.000,0.000,1.000,0,0,0,3,3,0,0,3,0.0,0.0,0.0,0.0,0.0,1.0,-1
"F[2,2](Pt_SHFlg >= 0.000 -> UnitsInsBasalOrLongAct <= 22.180)
",-22.180,-22.180,0.000,0.000,1.000,0,0,0,3,3,0,0,3,0.0,0.0,0.0,0.0,0.0,1.0,-1
"((bmiPerc <= 0.686) U[2,2] (BldPrDia >= 71.631))
",0.686,0.686,0.000,0.000,1.000,0,0,0,3,3,0,0,3,0.0,0.0,0.0,0.0,0.0,1.0,-1
"F[2,2](((bmiZscore <= 0.230 & NumPumpBolusOrShortAct <= 3.251) | WeightKg >= 1.372) | diagAgeCombo <= 3.579)
",3.579,3.579,0.000,0.000,1.000,0,0,0,3,3,0,0,3,0.0,0.0,0.0,0.0,0.0,1.0,-1
"F[0,2]((Pt_A1cGoalLev >= 0.580 | Pt_ChildT1D <= 0.000) -> bmi <= 0.000)
",-9999999.000,-9999999.000,0.000,0.000,1.000,0,0,0,3,3,0,0,3,0.0,0.0,0.0,0.0,0.0,1.0,-1
"F[0,1](Pt_A1cGoalLev >= 1.258 -> BldPrDia <= 73.265)
",-9999999.000,-9999999.000,0.000,0.000,1.000,0,0,0,3,3,0,0,3,0.0,0.0,0.0,0.0,0.0,1.0,-1
"F[1,2](HDL >= 22.383 & LDL >= 17.979)
",-9999999.000,-9999999.000,0.000,0.000,1.000,0,0,0,3,3,0,0,3,0.0,0.0,0.0,0.0,0.0,1.0,-1
"F[1,2]((AutonomicNeuroCl <= 0.000 & Triglyc >= 38.397) & TotalDailyInsPerKg >= 35.208)
",-9999999.000,-9999999.000,0.000,0.000,1.000,0,0,0,3,3,0,0,3,0.0,0.0,0.0,0.0,0.0,1.0,-1
"F[0,1](((Pt_GrandparentT1D >= 0.000 & BUN >= 4.783) & Pt_FatherT1D >= 1.144) -> BldPrSys >= 0.022)
",-9999999.000,-9999999.000,0.000,0.000,1.000,0,0,0,3,3,0,0,3,0.0,0.0,0.0,0.0,0.0,1.0,-1
"((bmi <= 24.416) U[1,2] (Pt_A1cGoalLev <= 5.085))
",-9999999.000,-9999999.000,0.000,0.000,1.000,0,0,0,3,3,0,0,3,0.0,0.0,0.0,0.0,0.0,1.0,-1
"F[0,1](((age >= 18.616 & diabDur >= 3.517) -> Pt_FatherT1D <= 5.886) -> SMBGperDayPtMeterCombo <= 5.985)
",-9999999.000,-9999999.000,0.000,0.000,1.000,0,0,0,3,3,0,0,3,0.0,0.0,0.0,0.0,0.0,1.0,-1
"F[1,2]((TotalDailyInsPerKg >= 0.004 -> UnitsInsBasalOrLongAct <= 18.295) & WeightKg <= 25.631)
",-9999999.000,-9999999.000,0.000,0.000,1.000,0,0,0,3,3,0,0,3,0.0,0.0,0.0,0.0,0.0,1.0,-1
"F[1,2](((bmiZscore >= -0.375 & TotalDailyInsPerKg >= 0.134) | BUN >= 0.266) | bmi <= 0.547)
",-9999999.000,-9999999.000,0.000,0.000,1.000,0,0,0,3,3,0,0,3,0.0,0.0,0.0,0.0,0.0,1.0,-1
"F[1,2](((HDL <= 62.803 | LDL <= 89.255) -> Pt_FatherT1D >= 42.640) | HDL >= 13.386)
",-9999999.000,-9999999.000,0.000,0.000,1.000,0,0,0,3,3,0,0,3,0.0,0.0,0.0,0.0,0.0,1.0,-1
"F[0,2](((diabDur >= 2.804 | HbA1cImputeDtMnC >= 24.993) -> BGTestAvgNumMeter >= 9.728) -> diagAgeCombo >= 9.888)
",-9999999.000,-9999999.000,0.000,0.000,1.000,0,0,0,3,3,0,0,3,0.0,0.0,0.0,0.0,0.0,1.0,-1
"F[1,2](TotChol <= 175.354 | TSH <= 0.914)
",-9999999.000,-9999999.000,0.000,0.000,1.000,0,0,0,3,3,0,0,3,0.0,0.0,0.0,0.0,0.0,1.0,-1
"F[0,2](BldPrDia >= 68.491 & Pt_SHFlg = 0.000)
",-9999999.000,-9999999.000,0.000,0.000,1.000,0,0,0,3,3,0,0,3,0.0,0.0,0.0,0.0,0.0,1.0,-1
"F[1,2](BGTestAvgNumMeter >= 1.501 & Pt_SHFlg = 0.000)
",-9999999.000,-9999999.000,0.000,0.000,1.000,0,0,0,3,3,0,0,3,0.0,0.0,0.0,0.0,0.0,1.0,-1
"F[1,1](HbA1c <= 9.745 -> Pt_SHFlg = 0.000)
",-9.745,-9.745,0.000,0.000,1.000,0,0,0,3,3,0,0,3,0.0,0.0,0.0,0.0,0.0,1.0,-1
"F[1,1](BGTestAvgNumMeter >= 1.706 -> Pt_SHFlg = 0.000)
",0.000,0.000,0.000,0.000,1.000,0,0,0,3,3,0,0,3,0.0,0.0,0.0,0.0,0.0,1.0,-1
"((GFR >= 13.513) U[0,1] (Pt_SHFlg = 0.000))
",-9999999.000,-9999999.000,0.000,0.000,1.000,0,0,0,3,3,0,0,3,0.0,0.0,0.0,0.0,0.0,1.0,-1
"F[1,2](Pt_ChildT1D <= 0.000 -> Pt_SHFlg = 0.000)
",-9999999.000,-9999999.000,0.000,0.000,1.000,0,0,0,3,3,0,0,3,0.0,0.0,0.0,0.0,0.0,1.0,-1
"F[1,2](SMBGperDayPtMeterCombo > 1.428 -> Pt_SHFlg = 0.000)
",-9999999.000,-9999999.000,0.000,0.000,1.000,0,0,0,3,3,0,0,3,0.0,0.0,0.0,0.0,0.0,1.0,-1
"F[2,2](Pt_SiblingT1D >= 0.000 & Pt_SHFlg = 0.000)
",0.000,0.000,0.000,0.000,1.000,0,0,0,3,3,0,0,3,0.0,0.0,0.0,0.0,0.0,1.0,-1
"((BGTestAvgNumMeter >= 1.046) U[2,2] (TotalDailyInsPerKg <= 0.711))
",0.711,0.711,0.000,0.000,1.000,0,0,0,3,3,0,0,3,0.0,0.0,0.0,0.0,0.0,1.0,-1
"((Pt_InsGov < 0.960) U[0,2] (Pt_SHFlg = 0.000))
",-9999999.000,-9999999.000,0.000,0.000,1.000,0,0,0,3,3,0,0,3,0.0,0.0,0.0,0.0,0.0,1.0,-1
"F[0,1](GFR >= 15.000 -> NumPumpBolusOrShortAct <= 2.897)
",-9999999.000,-9999999.000,0.000,0.000,1.000,0,0,0,3,3,0,0,3,0.0,0.0,0.0,0.0,0.0,1.0,-1
"F[0,2](((Pt_InsGov <= 0.536 & BldPrDia >= 66.811) -> Pt_DKAFlg <= 77.872) -> TotalDailyInsPerKg >= 71.805)
",-9999999.000,-9999999.000,0.000,0.000,1.000,0,0,0,3,3,0,0,3,0.0,0.0,0.0,0.0,0.0,1.0,-1
"((Pt_A1cGoalLev <= 3.945) U[0,2] (TSH >= 0.076))
",-9999999.000,-9999999.000,0.000,0.000,1.000,0,0,0,3,3,0,0,3,0.0,0.0,0.0,0.0,0.0,1.0,-1
"F[0,2]((Pt_InsGov <= 0.704 -> LDL >= 21.243) & bmiZscore >= 50.282)
",-9999999.000,-9999999.000,0.000,0.000,1.000,0,0,0,3,3,0,0,3,0.0,0.0,0.0,0.0,0.0,1.0,-1
"F[1,2](((Pt_MotherT1D <= 0.000 -> bmiPerc >= 0.328) | HbA1cImputeDtMnC <= 0.522) | BGTestAvgNumMeter >= 0.343)
",-9999999.000,-9999999.000,0.000,0.000,1.000,0,0,0,3,3,0,0,3,0.0,0.0,0.0,0.0,0.0,1.0,-1
"F[1,2]((diabDur >= 2.679 | TSH >= 0.154) & Pt_SHFlg >= 0.178)
",-9999999.000,-9999999.000,0.000,0.000,1.000,0,0,0,3,3,0,0,3,0.0,0.0,0.0,0.0,0.0,1.0,-1
"F[2,2]((HbA1cImputeDtMnC >= 20.089 -> Pt_GrandchildT1D >= 0.000) | HDL <= 0.000)
",0.000,0.000,0.000,0.000,1.000,0,0,0,3,3,0,0,3,0.0,0.0,0.0,0.0,0.0,1.0,-1
"((AlbCreatRat_mggNew <= 6.554) U[2,2] (WeightKg <= 76.003))
",76.003,76.003,0.000,0.000,1.000,0,0,0,3,3,0,0,3,0.0,0.0,0.0,0.0,0.0,1.0,-1
"F[0,1](((AlbCreatRat_mggNew <= 6.301 & Pt_DKAFlg <= 0.000) | Pt_MotherT1D >= 0.000) | SMBGperDayPtMeterCombo >= 0.000)
",-9999999.000,-9999999.000,0.000,0.000,1.000,0,0,0,3,3,0,0,3,0.0,0.0,0.0,0.0,0.0,1.0,-1
"((DirectLDL <= 0.000) U[1,2] (BGTestAvgNumMeter >= 0.057))
",-9999999.000,-9999999.000,0.000,0.000,1.000,0,0,0,3,3,0,0,3,0.0,0.0,0.0,0.0,0.0,1.0,-1
"F[2,2]((TotalDailyInsPerKg >= 0.156 -> bmiZscore >= -0.327) | Triglyc >= -0.291)
",0.291,0.291,0.000,0.000,1.000,0,0,0,3,3,0,0,3,0.0,0.0,0.0,0.0,0.0,1.0,-1
"F[1,2](((TotalDailyInsPerKg <= 0.384 & DirectLDL >= 0.000) | Pt_SiblingT1D <= 0.000) -> Pt_CGMUseNumDays <= 0.000)
",-9999999.000,-9999999.000,0.000,0.000,1.000,0,0,0,3,3,0,0,3,0.0,0.0,0.0,0.0,0.0,1.0,-1
"F[1,2]((AutonomicNeuroCl >= 0.000 | SMBGperDayPtMeterCombo >= 1.158) | Pt_A1cGoalLev <= 3.843)
",-9999999.000,-9999999.000,0.000,0.000,1.000,0,0,0,3,3,0,0,3,0.0,0.0,0.0,0.0,0.0,1.0,-1
"F[0,2]((UnitsInsBasalOrLongAct >= 11.210 -> BGTestAvgNumPtRep >= 1.572) -> UnitsInsBasalOrLongAct <= 2.459)
",-9999999.000,-9999999.000,0.000,0.000,1.000,0,0,0,3,3,0,0,3,0.0,0.0,0.0,0.0,0.0,1.0,-1
"((diagAgeCombo <= 15.000) U[0,2] (Pt_SHFlg >= 0.000))
",-9999999.000,-9999999.000,0.000,0.000,1.000,0,0,0,3,3,0,0,3,0.0,0.0,0.0,0.0,0.0,1.0,-1
"F[1,2](((SMBGperDayPtMeterCombo >= 2.260 -> AutonomicNeuroCl <= 0.000) | Pt_GrandparentT1D <= 0.000) & Pt_CGMUseNumDays <= 0.000)
",-9999999.000,-9999999.000,0.000,0.000,1.000,0,0,0,3,3,0,0,3,0.0,0.0,0.0,0.0,0.0,1.0,-1
"F[1,2]((AutonomicNeuroCl <= 0.000 | BGTestAvgNumPtRep >= 0.590) & TotChol >= 1.267)
",-9999999.000,-9999999.000,0.000,0.000,1.000,0,0,0,3,3,0,0,3,0.0,0.0,0.0,0.0,0.0,1.0,-1
"F[1,1]((TotalDailyInsPerKg >= 0.080 | BGTestAvgNumPtRep <= 3.560) | Triglyc >= 0.425)
",3.560,3.560,0.000,0.000,1.000,0,0,0,3,3,0,0,3,0.0,0.0,0.0,0.0,0.0,1.0,-1
"F[2,2](((HDL <= 61.591 -> TSH <= 0.477) & Pt_A1cGoalLevelDsYr5 >= 0.039) & Pt_SHFlg <= 0.870)
",-61.591,-61.591,0.000,0.000,1.000,0,0,0,3,3,0,0,3,0.0,0.0,0.0,0.0,0.0,1.0,-1
"G[0,2](GFR <= 58.194 & TotalDailyInsPerKg >= 0.230)
",9999999.000,9999999.000,0.000,1.000,0.000,0,0,1,2,2,1,1,2,0.0,0.0,1.0,0.0,0.0,1.0,1
"((BGTestAvgNumMeter <= 2.508) U[0,0] (Pt_A1cGoalLevelDsYr5 >= 0.000))
",0.000,0.000,0.000,0.000,1.000,0,0,0,3,3,0,0,3,0.0,0.0,0.0,0.0,0.0,1.0,-1
"F[0,2](((Pt_GrandparentT1D >= 0.000 -> BUN >= 2.238) -> Pt_FatherT1D <= 14.510) | Pt_CGMUseNumDays <= 13.779)
",-9999999.000,-9999999.000,0.000,0.000,1.000,0,0,0,3,3,0,0,3,0.0,0.0,0.0,0.0,0.0,1.0,-1
"F[0,0](((Pt_CGMUseNumDays <= 0.000 & Pt_GrandparentT1D >= 0.000) -> HbA1c >= 0.000) -> AutonomicNeuroCl <= 0.000)
",0.000,0.000,0.000,0.000,1.000,0,0,0,3,3,0,0,3,0.0,0.0,0.0,0.0,0.0,1.0,-1
"F[2,2]((TotalDailyInsPerKg >= 0.220 & Pt_A1cGoalLev >= 0.525) | LDL >= 0.842)
",-0.525,-0.525,0.000,0.000,1.000,0,0,0,3,3,0,0,3,0.0,0.0,0.0,0.0,0.0,1.0,-1
"F[0,0](DirectLDL <= 0.000 | DirectLDL <= 0.000)
",-346.800,-173.400,0.000,0.000,1.000,0,0,0,3,3,0,0,3,0.0,0.0,0.0,0.0,0.0,1.0,-1
"F[1,2](((AlbCreatRat_mggNew <= 6.636 | Pt_FatherT1D >= 0.000) -> BGTestAvgNumMeter <= 0.000) | Pt_CGMUseNumDays <= 0.000)
",-9999999.000,-9999999.000,0.000,0.000,1.000,0,0,0,3,3,0,0,3,0.0,0.0,0.0,0.0,0.0,1.0,-1
"F[1,2](((Pt_ChildT1D <= 0.000 -> Pt_SiblingT1D <= 0.000) & bmi <= 0.000) & BldPrSys <= 0.000)
",-9999999.000,-9999999.000,0.000,0.000,1.000,0,0,0,3,3,0,0,3,0.0,0.0,0.0,0.0,0.0,1.0,-1
"F[1,1](((Pt_GrandparentT1D <= 0.000 & Pt_InsGov >= 0.184) | HbA1cImputeDtMnC <= 0.753) -> Pt_ChildT1D >= 0.060)
",-0.753,-0.753,0.000,0.000,1.000,0,0,0,3,3,0,0,3,0.0,0.0,0.0,0.0,0.0,1.0,-1
"((BUN <= 11.193) U[0,2] (bmiZscore >= -0.192))
",-9999999.000,-9999999.000,0.000,0.000,1.000,0,0,0,3,3,0,0,3,0.0,0.0,0.0,0.0,0.0,1.0,-1
"F[0,2](TSH >= 0.175 -> AutonomicNeuroCl <= 0.000)
",-9999999.000,-9999999.000,0.000,0.000,1.000,0,0,0,3,3,0,0,3,0.0,0.0,0.0,0.0,0.0,1.0,-1
"F[0,0](((HeightCm >= 172.730 & Pt_DKAFlg <= 0.000) -> WeightKg <= 0.000) -> LDL <= 0.000)
",-2.000,-2.000,0.000,0.000,1.000,0,0,0,3,3,0,0,3,0.0,0.0,0.0,0.0,0.0,1.0,-1
"F[1,2]((Pt_MotherT1D <= 0.000 -> Pt_GrandchildT1D >= 0.000) -> DirectLDL >= 0.000)
",-9999999.000,-9999999.000,0.000,0.000,1.000,0,0,0,3,3,0,0,3,0.0,0.0,0.0,0.0,0.0,1.0,-1
"F[1,1](Pt_SHFlg >= 0.000 | Pt_FatherT1D >= 0.000)
",0.000,0.000,0.000,0.000,1.000,0,0,0,3,3,0,0,3,0.0,0.0,0.0,0.0,0.0,1.0,-1
"F[0,0](((BldPrDia <= 72.608 & Pt_MotherT1D >= 0.000) & SMBGperDayPtMeterCombo <= 0.000) | Pt_DKAFlg <= 0.000)
",0.000,0.000,0.000,0.000,1.000,0,0,0,3,3,0,0,3,0.0,0.0,0.0,0.0,0.0,1.0,-1
"F[0,1]((Pt_A1cGoalLevelDsYr5 <= 0.000 & WeightKg <= 75.549) & diabDur <= 73.240)
",-9999999.000,-9999999.000,0.000,0.000,1.000,0,0,0,3,3,0,0,3,0.0,0.0,0.0,0.0,0.0,1.0,-1
"F[2,2]((DirectLDL >= 0.000 | UnitsInsBasalOrLongAct >= 0.657) & HbA1cImputeDtMnC >= 11.649)
",-11.649,-11.649,0.000,0.000,1.000,0,0,0,3,3,0,0,3,0.0,0.0,0.0,0.0,0.0,1.0,-1
"F[0,2](bmiZscore >= -0.377 -> age <= 21.963)
",-9999999.000,-9999999.000,0.000,0.000,1.000,0,0,0,3,3,0,0,3,0.0,0.0,0.0,0.0,0.0,1.0,-1
"F[1,2]((WeightKg >= 70.590 | BldPrDia >= 66.381) | Pt_A1cGoalLev <= 75.879)
",-9999999.000,-9999999.000,0.000,0.000,1.000,0,0,0,3,3,0,0,3,0.0,0.0,0.0,0.0,0.0,1.0,-1
"F[0,1](((NumPumpBolusOrShortAct >= 1.327 | BGTestAvgNumMeter >= 1.671) & HbA1cImputeDtMnC <= 3.242) -> Pt_DKAFlg <= 2.296)
",-9999999.000,-9999999.000,0.000,0.000,1.000,0,0,0,3,3,0,0,3,0.0,0.0,0.0,0.0,0.0,1.0,-1
"F[0,2]((BUN <= 10.675 -> Pt_ChildT1D >= 0.000) & Pt_GrandchildT1D >= 0.000)
",-9999999.000,-9999999.000,0.000,0.000,1.000,0,0,0,3,3,0,0,3,0.0,0.0,0.0,0.0,0.0,1.0,-1
"F[1,2](UnitsInsBasalOrLongAct >= 12.448 & BUN >= 2.873)
",-9999999.000,-9999999.000,0.000,0.000,1.000,0,0,0,3,3,0,0,3,0.0,0.0,0.0,0.0,0.0,1.0,-1
"F[0,0](((LDL <= 91.914 & BldPrDia >= 71.293) -> SMBGperDayPtMeterCombo <= 72.524) | AutonomicNeuroCl >= 71.409)
",-22.483,-56.207,0.000,0.000,1.000,0,0,0,3,3,0,0,3,0.0,0.0,0.0,0.0,0.0,1.0,-1
"((NumPumpBolusOrShortAct >= 1.336) U[0,2] (bmi <= 25.080))
",-9999999.000,-9999999.000,0.000,0.000,1.000,0,0,0,3,3,0,0,3,0.0,0.0,0.0,0.0,0.0,1.0,-1
"F[0,2]((GFR <= 86.696 | HbA1cImputeDtMnC >= 1.688) & TSH <= 46.466)
",-9999999.000,-9999999.000,0.000,0.000,1.000,0,0,0,3,3,0,0,3,0.0,0.0,0.0,0.0,0.0,1.0,-1
"((Triglyc >= 47.014) U[0,0] (Pt_CGMUseNumDays <= 0.000))
",-47.014,-47.014,0.000,0.000,1.000,0,0,0,3,3,0,0,3,0.0,0.0,0.0,0.0,0.0,1.0,-1
"F[1,2](bmi >= 23.284 | UnitsInsBasalOrLongAct <= 21.601)
",-9999999.000,-9999999.000,0.000,0.000,1.000,0,0,0,3,3,0,0,3,0.0,0.0,0.0,0.0,0.0,1.0,-1
"F[0,2]((Pt_GrandchildT1D <= 0.000 & Pt_A1cGoalLevelDsYr5 >= 0.000) -> BGTestAvgNumMeter >= 0.000)
",-9999999.000,-9999999.000,0.000,0.000,1.000,0,0,0,3,3,0,0,3,0.0,0.0,0.0,0.0,0.0,1.0,-1
"F[0,2](((WeightKg >= 68.059 & Pt_ChildT1D <= 0.000) | Pt_ChildT1D <= 0.000) & Pt_A1cGoalLevelDsYr5 >= 0.000)
",-9999999.000,-9999999.000,0.000,0.000,1.000,0,0,0,3,3,0,0,3,0.0,0.0,0.0,0.0,0.0,1.0,-1
"F[0,2]((age >= 18.001 | bmiZscore >= -0.363) & HbA1c <= 0.195)
",-9999999.000,-9999999.000,0.000,0.000,1.000,0,0,0,3,3,0,0,3,0.0,0.0,0.0,0.0,0.0,1.0,-1
"F[0,1](TotChol <= 144.842 -> diabDur <= 4.201)
",-9999999.000,-9999999.000,0.000,0.000,1.000,0,0,0,3,3,0,0,3,0.0,0.0,0.0,0.0,0.0,1.0,-1
"((NumPumpBolusOrShortAct >= 0.186) U[0,2] (BGTestAvgNumPtRep >= 0.829))
",-9999999.000,-9999999.000,0.000,0.000,1.000,0,0,0,3,3,0,0,3,0.0,0.0,0.0,0.0,0.0,1.0,-1
"((NumPumpBolusOrShortAct <= 4.103) U[0,1] (Pt_GrandparentT1D >= 0.000))
",-9999999.000,-9999999.000,0.000,0.000,1.000,0,0,0,3,3,0,0,3,0.0,0.0,0.0,0.0,0.0,1.0,-1
"F[0,2](((SMBGperDayPtMeterCombo <= 3.603 & HbA1c <= 8.571) & SMBGperDayPtMeterCombo >= 8.219) & HDL <= 10.543)
",-9999999.000,-9999999.000,0.000,0.000,1.000,0,0,0,3,3,0,0,3,0.0,0.0,0.0,0.0,0.0,1.0,-1
"F[2,2](AutonomicNeuroCl <= 0.000 & BGTestAvgNumMeter <= 2.813)
",0.000,0.000,0.000,0.000,1.000,0,0,0,3,3,0,0,3,0.0,0.0,0.0,0.0,0.0,1.0,-1
"F[0,2](HDL >= 7.867 | BGTestAvgNumPtRep <= 3.090)
",-9999999.000,-9999999.000,0.000,0.000,1.000,0,0,0,3,3,0,0,3,0.0,0.0,0.0,0.0,0.0,1.0,-1
"F[1,1](((SMBGperDayPtMeterCombo >= 1.246 | TotalDailyInsPerKg <= 0.859) & AutonomicNeuroCl <= 0.505) -> TotChol <= 0.644)
",-0.644,-0.644,0.000,0.000,1.000,0,0,0,3,3,0,0,3,0.0,0.0,0.0,0.0,0.0,1.0,-1
"((Pt_GrandchildT1D >= 0.000) U[1,2] (Pt_FatherT1D >= 0.000))
",-9999999.000,-9999999.000,0.000,0.000,1.000,0,0,0,3,3,0,0,3,0.0,0.0,0.0,0.0,0.0,1.0,-1
"F[0,2](((Pt_MotherT1D >= 0.000 | TotalDailyInsPerKg <= 0.874) | GFR <= 0.434) & LDL <= 0.594)
",-9999999.000,-9999999.000,0.000,0.000,1.000,0,0,0,3,3,0,0,3,0.0,0.0,0.0,0.0,0.0,1.0,-1
"F[0,2]((Pt_SiblingT1D <= 0.000 | Pt_FatherT1D >= 0.000) -> diabDur <= 0.000)
",-9999999.000,-9999999.000,0.000,0.000,1.000,0,0,0,3,3,0,0,3,0.0,0.0,0.0,0.0,0.0,1.0,-1
"F[1,1]((Pt_SHFlg <= 0.000 | HDL >= 26.041) -> NumPumpBolusOrShortAct <= 57.464)
",-57.464,-57.464,0.000,0.000,1.000,0,0,0,3,3,0,0,3,0.0,0.0,0.0,0.0,0.0,1.0,-1
"F[1,1]((BUN >= 7.548 & HbA1c <= 8.507) | AutonomicNeuroCl <= 9.504)
",9.504,9.504,0.000,0.000,1.000,0,0,0,3,3,0,0,3,0.0,0.0,0.0,0.0,0.0,1.0,-1
"F[0,1](((DirectLDL <= 0.000 | Pt_A1cGoalLevelDsYr5 >= 0.000) -> TotChol <= 0.000) | HbA1c <= 0.000)
",-9999999.000,-9999999.000,0.000,0.000,1.000,0,0,0,3,3,0,0,3,0.0,0.0,0.0,0.0,0.0,1.0,-1
"((LDL <= 88.519) U[0,1] (Pt_FatherT1D >= 0.000))
",-9999999.000,-9999999.000,0.000,0.000,1.000,0,0,0,3,3,0,0,3,0.0,0.0,0.0,0.0,0.0,1.0,-1
"F[0,0](((Triglyc <= 102.337 -> bmiZscore >= -0.420) | BGTestAvgNumPtRep >= -0.299) & AlbCreatRat_mggNew >= -0.161)
",0.161,0.161,0.000,0.000,1.000,0,0,0,3,3,0,0,3,0.0,0.0,0.0,0.0,0.0,1.0,-1
"F[1,2](bmiZscore <= 0.561 -> UnitsInsBasalOrLongAct <= 25.401)
",-9999999.000,-9999999.000,0.000,0.000,1.000,0,0,0,3,3,0,0,3,0.0,0.0,0.0,0.0,0.0,1.0,-1
"F[0,2](((HDL >= 16.076 | Triglyc >= 1.763) & TSH <= 72.060) -> SMBGperDayPtMeterCombo <= 92.127)
",-9999999.000,-9999999.000,0.000,0.000,1.000,0,0,0,3,3,0,0,3,0.0,0.0,0.0,0.0,0.0,1.0,-1
"F[0,2]((BGTestAvgNumPtRep <= 2.842 -> SMBGperDayPtMeterCombo >= 1.745) & Pt_CGMUseNumDays >= 2.342)
",-9999999.000,-9999999.000,0.000,0.000,1.000,0,0,0,3,3,0,0,3,0.0,0.0,0.0,0.0,0.0,1.0,-1
"F[1,2](((AlbCreatRat_mggNew >= 0.497 -> BldPrDia <= 73.589) | Pt_DKAFlg >= 67.595) | TotalDailyInsPerKg <= 75.277)
",-9999999.000,-9999999.000,0.000,0.000,1.000,0,0,0,3,3,0,0,3,0.0,0.0,0.0,0.0,0.0,1.0,-1
"F[0,2](GFR <= 28.798 | HbA1c <= 9.488)
",-9999999.000,-9999999.000,0.000,0.000,1.000,0,0,0,3,3,0,0,3,0.0,0.0,0.0,0.0,0.0,1.0,-1
"F[1,2](((BGTestAvgNumPtRep >= 2.059 -> TotalDailyInsPerKg <= 0.635) | Pt_CGMUseNumDays >= 0.243) | Triglyc <= 0.463)
",-9999999.000,-9999999.000,0.000,0.000,1.000,0,0,0,3,3,0,0,3,0.0,0.0,0.0,0.0,0.0,1.0,-1
"F[0,2](HbA1cImputeDtMnC >= 13.130 | Pt_InsGov <= 0.490)
",-9999999.000,-9999999.000,0.000,0.000,1.000,0,0,0,3,3,0,0,3,0.0,0.0,0.0,0.0,0.0,1.0,-1
"F[0,1](BGTestAvgNumMeter <= 3.573 -> BGTestAvgNumPtRep >= 1.115)
",-9999999.000,-9999999.000,0.000,0.000,1.000,0,0,0,3,3,0,0,3,0.0,0.0,0.0,0.0,0.0,1.0,-1
"F[2,2](((BGTestAvgNumMeter <= 3.818 -> Triglyc >= 7.847) & BldPrSys <= 83.841) | Pt_SHFlg <= 91.269)
",91.269,91.269,0.000,0.000,1.000,0,0,0,3,3,0,0,3,0.0,0.0,0.0,0.0,0.0,1.0,-1
"F[0,2]((bmiPerc >= 0.026 & SMBGperDayPtMeterCombo <= 3.963) & Triglyc <= 3.692)
",-9999999.000,-9999999.000,0.000,0.000,1.000,0,0,0,3,3,0,0,3,0.0,0.0,0.0,0.0,0.0,1.0,-1
"F[0,1]((LDL <= 104.034 -> Pt_InsGov >= 0.040) -> DirectLDL <= 0.447)
",-9999999.000,-9999999.000,0.000,0.000,1.000,0,0,0,3,3,0,0,3,0.0,0.0,0.0,0.0,0.0,1.0,-1
"((TotalDailyInsPerKg >= 0.188) U[0,1] (WeightKg >= 67.638))
",-9999999.000,-9999999.000,0.000,0.000,1.000,0,0,0,3,3,0,0,3,0.0,0.0,0.0,0.0,0.0,1.0,-1
"((age >= 18.179) U[2,2] (Triglyc >= 8.849))
",-8.849,-8.849,0.000,0.000,1.000,0,0,0,3,3,0,0,3,0.0,0.0,0.0,0.0,0.0,1.0,-1
"F[1,2](((BUN >= 3.277 | HeightCm <= 173.337) | Pt_SHFlg <= 173.807) | Pt_GrandparentT1D >= 172.898)
",-9999999.000,-9999999.000,0.000,0.000,1.000,0,0,0,3,3,0,0,3,0.0,0.0,0.0,0.0,0.0,1.0,-1
"F[0,1]((age <= 21.420 | Pt_A1cGoalLev >= 0.769) | Pt_InsGov <= 2.418)
",-9999999.000,-9999999.000,0.000,0.000,1.000,0,0,0,3,3,0,0,3,0.0,0.0,0.0,0.0,0.0,1.0,-1
"((diabDur <= 5.397) U[0,2] (Triglyc <= 70.744))
",-9999999.000,-9999999.000,0.000,0.000,1.000,0,0,0,3,3,0,0,3,0.0,0.0,0.0,0.0,0.0,1.0,-1
"F[2,2](((AlbCreatRat_mggNew >= 3.535 | NumPumpBolusOrShortAct >= 0.601) -> diagAgeCombo >= 0.062) | diagAgeCombo >= 1.190)
",0.062,0.062,0.000,0.000,1.000,0,0,0,3,3,0,0,3,0.0,0.0,0.0,0.0,0.0,1.0,-1
"F[1,2](((age >= 19.279 -> BldPrSys <= 122.257) -> AlbCreatRat_mggNew >= 114.128) & Pt_MotherT1D <= 129.684)
",-9999999.000,-9999999.000,0.000,0.000,1.000,0,0,0,3,3,0,0,3,0.0,0.0,0.0,0.0,0.0,1.0,-1
"F[0,2](((bmiZscore <= 0.313 -> HDL >= 12.023) | Pt_GrandchildT1D >= 13.943) & HeightCm >= 29.018)
",-9999999.000,-9999999.000,0.000,0.000,1.000,0,0,0,3,3,0,0,3,0.0,0.0,0.0,0.0,0.0,1.0,-1
"F[0,1](HbA1cImputeDtMnC <= 50.442 | Triglyc <= 48.832)
",-9999999.000,-9999999.000,0.000,0.000,1.000,0,0,0,3,3,0,0,3,0.0,0.0,0.0,0.0,0.0,1.0,-1
"F[0,1]((bmiZscore <= -0.076 & Pt_InsGov >= 0.161) -> WeightKg >= 0.082)
",-9999999.000,-9999999.000,0.000,0.000,1.000,0,0,0,3,3,0,0,3,0.0,0.0,0.0,0.0,0.0,1.0,-1
"F[1,2]((Pt_InsGov <= 0.877 | TotalDailyInsPerKg <= 0.614) & LDL >= 0.075)
",-9999999.000,-9999999.000,0.000,0.000,1.000,0,0,0,3,3,0,0,3,0.0,0.0,0.0,0.0,0.0,1.0,-1
"F[0,1](((BGTestAvgNumPtRep >= 2.192 & Triglyc <= 79.096) | Pt_GrandchildT1D >= 38.931) | TotChol >= 27.482)
",-9999999.000,-9999999.000,0.000,0.000,1.000,0,0,0,3,3,0,0,3,0.0,0.0,0.0,0.0,0.0,1.0,-1
"((NumPumpBolusOrShortAct <= 4.752) U[2,2] (TSH >= 0.001))
",4.752,4.752,0.000,0.000,1.000,0,0,0,3,3,0,0,3,0.0,0.0,0.0,0.0,0.0,1.0,-1
"F[1,2]((bmi >= 22.827 | NumPumpBolusOrShortAct >= 1.307) | HeightCm >= 0.129)
",-9999999.000,-9999999.000,0.000,0.000,1.000,0,0,0,3,3,0,0,3,0.0,0.0,0.0,0.0,0.0,1.0,-1
"((TotalDailyInsPerKg >= 0.122) U[0,2] (TotChol <= 187.197))
",-9999999.000,-9999999.000,0.000,0.000,1.000,0,0,0,3,3,0,0,3,0.0,0.0,0.0,0.0,0.0,1.0,-1
"F[0,1](((HDL >= 4.909 & UnitsInsBasalOrLongAct >= 11.093) | diagAgeCombo <= 20.530) & Pt_A1cGoalLevelDsYr5 <= 29.209)
",-9999999.000,-9999999.000,0.000,0.000,1.000,0,0,0,3,3,0,0,3,0.0,0.0,0.0,0.0,0.0,1.0,-1
"F[0,2](((SMBGperDayPtMeterCombo >= 1.795 & Triglyc >= 12.527) & bmi <= 64.201) & Pt_GrandparentT1D >= 12.328)
",-9999999.000,-9999999.000,0.000,0.000,1.000,0,0,0,3,3,0,0,3,0.0,0.0,0.0,0.0,0.0,1.0,-1
"((BGTestAvgNumMeter >= 0.973) U[1,2] (TSH <= 0.411))
",-9999999.000,-9999999.000,0.000,0.000,1.000,0,0,0,3,3,0,0,3,0.0,0.0,0.0,0.0,0.0,1.0,-1
"F[1,2]((age <= 21.098 & BUN <= 8.091) | WeightKg >= 4.566)
",-9999999.000,-9999999.000,0.000,0.000,1.000,0,0,0,3,3,0,0,3,0.0,0.0,0.0,0.0,0.0,1.0,-1
"F[0,2]((BldPrDia >= 70.412 & WeightKg <= 75.585) | Pt_GrandchildT1D >= 70.378)
",-9999999.000,-9999999.000,0.000,0.000,1.000,0,0,0,3,3,0,0,3,0.0,0.0,0.0,0.0,0.0,1.0,-1
"F[2,2](HeightCm <= 173.793 -> UnitsInsBasalOrLongAct <= 19.964)
",-173.793,-173.793,0.000,0.000,1.000,0,0,0,3,3,0,0,3,0.0,0.0,0.0,0.0,0.0,1.0,-1
"F[1,2]((diabDur >= 2.582 | TotChol <= 146.453) & BldPrSys <= 52.843)
",-9999999.000,-9999999.000,0.000,0.000,1.000,0,0,0,3,3,0,0,3,0.0,0.0,0.0,0.0,0.0,1.0,-1
"F[1,2](((HeightCm >= 173.185 -> TotalDailyInsPerKg <= 0.362) | BGTestAvgNumMeter <= 0.731) -> SMBGperDayPtMeterCombo <= 0.480)
",-9999999.000,-9999999.000,0.000,0.000,1.000,0,0,0,3,3,0,0,3,0.0,0.0,0.0,0.0,0.0,1.0,-1
"F[0,2](diabDur <= 5.880 & HeightCm <= 173.526)
",-9999999.000,-9999999.000,0.000,0.000,1.000,0,0,0,3,3,0,0,3,0.0,0.0,0.0,0.0,0.0,1.0,-1
"F[0,2](bmiZscore <= -0.101 | HeightCm <= 173.287)
",-9999999.000,-9999999.000,0.000,0.000,1.000,0,0,0,3,3,0,0,3,0.0,0.0,0.0,0.0,0.0,1.0,-1
"F[2,2]((LDL <= 67.639 | TSH >= 0.110) | bmiPerc <= 0.613)
",67.639,67.639,0.000,0.000,1.000,0,0,0,3,3,0,0,3,0.0,0.0,0.0,0.0,0.0,1.0,-1
"F[1,2]((bmiZscore <= 0.206 -> BUN <= 16.559) -> Pt_FatherT1D <= 11.942)
",-9999999.000,-9999999.000,0.000,0.000,1.000,0,0,0,3,3,0,0,3,0.0,0.0,0.0,0.0,0.0,1.0,-1
"F[0,1]((bmiPerc <= 0.656 & Pt_A1cGoalLev <= 6.245) | diagAgeCombo >= 0.342)
",-9999999.000,-9999999.000,0.000,0.000,1.000,0,0,0,3,3,0,0,3,0.0,0.0,0.0,0.0,0.0,1.0,-1
"F[1,2](HbA1cImputeDtMnC >= 25.492 & SMBGperDayPtMeterCombo >= 1.027)
",-9999999.000,-9999999.000,0.000,0.000,1.000,0,0,0,3,3,0,0,3,0.0,0.0,0.0,0.0,0.0,1.0,-1
"F[1,1](((LDL <= 87.664 -> TotalDailyInsPerKg >= 0.155) | Triglyc >= 0.013) -> Pt_SiblingT1D <= 0.339)
",-0.339,-0.339,0.000,0.000,1.000,0,0,0,3,3,0,0,3,0.0,0.0,0.0,0.0,0.0,1.0,-1
"F[0,2](AlbCreatRat_mggNew >= 1.443 & LDL >= 16.437)
",-9999999.000,-9999999.000,0.000,0.000,1.000,0,0,0,3,3,0,0,3,0.0,0.0,0.0,0.0,0.0,1.0,-1
"F[1,2]((bmiPerc >= 0.247 | WeightKg <= 71.974) & DirectLDL <= 74.971)
",-9999999.000,-9999999.000,0.000,0.000,1.000,0,0,0,3,3,0,0,3,0.0,0.0,0.0,0.0,0.0,1.0,-1
"F[0,2](((BldPrDia <= 75.768 -> Pt_A1cGoalLev >= 0.164) | Pt_SHFlg <= 3.754) | Triglyc <= 3.135)
",-9999999.000,-9999999.000,0.000,0.000,1.000,0,0,0,3,3,0,0,3,0.0,0.0,0.0,0.0,0.0,1.0,-1
"F[1,2](((BldPrDia >= 70.754 & HbA1cImputeDtMnC <= 34.074) & Pt_FatherT1D >= 21.933) | AlbCreatRat_mggNew <= 48.560)
",-9999999.000,-9999999.000,0.000,0.000,1.000,0,0,0,3,3,0,0,3,0.0,0.0,0.0,0.0,0.0,1.0,-1
"F[0,2](((GFR >= 17.424 | HDL >= 25.406) | UnitsInsBasalOrLongAct >= 24.580) & Pt_A1cGoalLev >= 12.729)
",-9999999.000,-9999999.000,0.000,0.000,1.000,0,0,0,3,3,0,0,3,0.0,0.0,0.0,0.0,0.0,1.0,-1
"F[0,1](age <= 21.348 & bmi >= 23.139)
",-9999999.000,-9999999.000,0.000,0.000,1.000,0,0,0,3,3,0,0,3,0.0,0.0,0.0,0.0,0.0,1.0,-1
"F[0,0]((diabDur <= 5.931 -> TotalDailyInsPerKg >= 0.274) -> Pt_GrandchildT1D <= 0.526)
",-0.526,-0.526,0.000,0.000,1.000,0,0,0,3,3,0,0,3,0.0,0.0,0.0,0.0,0.0,1.0,-1
"F[0,0]((bmi <= 25.141 | diabDur >= 3.869) & SMBGperDayPtMeterCombo <= 5.991)
",-61.009,-61.009,0.000,0.000,1.000,0,0,0,3,3,0,0,3,0.0,0.0,0.0,0.0,0.0,1.0,-1
"F[1,2](((HeightCm <= 173.301 -> WeightKg >= 69.694) & LDL <= 74.590) & WeightKg <= 75.046)
",-9999999.000,-9999999.000,0.000,0.000,1.000,0,0,0,3,3,0,0,3,0.0,0.0,0.0,0.0,0.0,1.0,-1
"F[1,2](((bmiPerc >= 0.045 -> bmiZscore >= -0.180) -> Pt_FatherT1D >= -0.242) -> BGTestAvgNumMeter <= 0.122)
",-9999999.000,-9999999.000,0.000,0.000,1.000,0,0,0,3,3,0,0,3,0.0,0.0,0.0,0.0,0.0,1.0,-1
"F[1,2]((diabDur >= 3.897 -> NumPumpBolusOrShortAct >= 0.261) | bmi >= 0.414)
",-9999999.000,-9999999.000,0.000,0.000,1.000,0,0,0,3,3,0,0,3,0.0,0.0,0.0,0.0,0.0,1.0,-1
"((BldPrDia >= 72.111) U[0,2] (HDL >= 12.782))
",-9999999.000,-9999999.000,0.000,0.000,1.000,0,0,0,3,3,0,0,3,0.0,0.0,0.0,0.0,0.0,1.0,-1
"F[1,2](BGTestAvgNumMeter <= 3.983 -> HeightCm <= 173.737)
",-9999999.000,-9999999.000,0.000,0.000,1.000,0,0,0,3,3,0,0,3,0.0,0.0,0.0,0.0,0.0,1.0,-1
"F[2,2]((BUN <= 10.753 -> HbA1c >= 6.297) -> Pt_GrandchildT1D <= 8.973)
",-8.973,-8.973,0.000,0.000,1.000,0,0,0,3,3,0,0,3,0.0,0.0,0.0,0.0,0.0,1.0,-1
"F[0,2](((bmiPerc <= 0.469 | diabDur <= 5.641) | BGTestAvgNumMeter >= 2.886) & Pt_InsGov >= 2.342)
",-9999999.000,-9999999.000,0.000,0.000,1.000,0,0,0,3,3,0,0,3,0.0,0.0,0.0,0.0,0.0,1.0,-1
"F[2,2](((diabDur >= 4.160 | UnitsInsBasalOrLongAct <= 21.788) | Pt_A1cGoalLev <= 19.223) | HDL >= 2.924)
",21.788,21.788,0.000,0.000,1.000,0,0,0,3,3,0,0,3,0.0,0.0,0.0,0.0,0.0,1.0,-1
"F[1,2](((age >= 18.401 & GFR >= 16.357) & Pt_A1cGoalLevelDsYr5 >= 10.847) -> Pt_A1cGoalLev >= 9.306)
",-9999999.000,-9999999.000,0.000,0.000,1.000,0,0,0,3,3,0,0,3,0.0,0.0,0.0,0.0,0.0,1.0,-1
"F[1,2](UnitsInsBasalOrLongAct >= 3.732 -> WeightKg <= 73.007)
",-9999999.000,-9999999.000,0.000,0.000,1.000,0,0,0,3,3,0,0,3,0.0,0.0,0.0,0.0,0.0,1.0,-1
"F[1,2](((age >= 19.183 & Pt_InsGov <= 0.388) -> Pt_CGMUseNumDays >= 0.200) | bmi >= 0.009)
",-9999999.000,-9999999.000,0.000,0.000,1.000,0,0,0,3,3,0,0,3,0.0,0.0,0.0,0.0,0.0,1.0,-1
"((Pt_InsGov <= 0.578) U[0,2] (Triglyc >= 40.085))
",-9999999.000,-9999999.000,0.000,0.000,1.000,0,0,0,3,3,0,0,3,0.0,0.0,0.0,0.0,0.0,1.0,-1
"F[1,2]((age <= 20.874 | NumPumpBolusOrShortAct >= 0.509) & bmiPerc <= 1.739)
",-9999999.000,-9999999.000,0.000,0.000,1.000,0,0,0,3,3,0,0,3,0.0,0.0,0.0,0.0,0.0,1.0,-1
"F[1,2](Pt_A1cGoalLev >= 0.630 -> SMBGperDayPtMeterCombo <= 3.473)
",-9999999.000,-9999999.000,0.000,0.000,1.000,0,0,0,3,3,0,0,3,0.0,0.0,0.0,0.0,0.0,1.0,-1
"F[1,2](BldPrDia <= 76.561 & HeightCm <= 173.405)
",-9999999.000,-9999999.000,0.000,0.000,1.000,0,0,0,3,3,0,0,3,0.0,0.0,0.0,0.0,0.0,1.0,-1
"F[1,2](TSH < 0.917 -> Pt_SHFlg = 0.000)
",-9999999.000,-9999999.000,0.000,0.000,1.000,0,0,0,3,3,0,0,3,0.0,0.0,0.0,0.0,0.0,1.0,-1
"F[0,1](HbA1c >= 7.784 -> Pt_A1cGoalLevelDsYr5 = 0.000)
",-9999999.000,-9999999.000,0.000,0.000,1.000,0,0,0,3,3,0,0,3,0.0,0.0,0.0,0.0,0.0,1.0,-1
"((BGTestAvgNumMeter >= 0.810) U[0,2] (BGTestAvgNumPtRep <= 3.930))
",-9999999.000,-9999999.000,0.000,0.000,1.000,0,0,0,3,3,0,0,3,0.0,0.0,0.0,0.0,0.0,1.0,-1
"F[0,2](Pt_InsGov >= 0.188 -> Pt_SHFlg = 0.000)
",-9999999.000,-9999999.000,0.000,0.000,1.000,0,0,0,3,3,0,0,3,0.0,0.0,0.0,0.0,0.0,1.0,-1
"F[1,2](HbA1c >= 7.325 -> Pt_A1cGoalLevelDsYr5 = 0.000)
",-9999999.000,-9999999.000,0.000,0.000,1.000,0,0,0,3,3,0,0,3,0.0,0.0,0.0,0.0,0.0,1.0,-1
"F[1,2](HbA1c >= 8.214 -> Pt_A1cGoalLevelDsYr5 = 0.000)
",-9999999.000,-9999999.000,0.000,0.000,1.000,0,0,0,3,3,0,0,3,0.0,0.0,0.0,0.0,0.0,1.0,-1
"((BGTestAvgNumMeter >= 1.520) U[0,2] (BGTestAvgNumPtRep <= 3.351))
",-9999999.000,-9999999.000,0.000,0.000,1.000,0,0,0,3,3,0,0,3,0.0,0.0,0.0,0.0,0.0,1.0,-1
"F[1,1](HbA1c >= 7.563 -> Pt_A1cGoalLevelDsYr5 = 0.000)
",0.000,0.000,0.000,0.000,1.000,0,0,0,3,3,0,0,3,0.0,0.0,0.0,0.0,0.0,1.0,-1
"((BGTestAvgNumMeter >= 1.360) U[1,2] (BGTestAvgNumPtRep <= 2.594))
",-9999999.000,-9999999.000,0.000,0.000,1.000,0,0,0,3,3,0,0,3,0.0,0.0,0.0,0.0,0.0,1.0,-1
"F[0,0](HbA1c >= 6.656 -> Pt_A1cGoalLevelDsYr5 = 0.000)
",0.000,0.000,0.000,0.000,1.000,0,0,0,3,3,0,0,3,0.0,0.0,0.0,0.0,0.0,1.0,-1
"((BGTestAvgNumMeter >= 0.718) U[1,2] (BGTestAvgNumPtRep <= 2.978))
",-9999999.000,-9999999.000,0.000,0.000,1.000,0,0,0,3,3,0,0,3,0.0,0.0,0.0,0.0,0.0,1.0,-1
"F[0,0](HbA1c >= 6.529 -> Pt_A1cGoalLevelDsYr5 = 0.000)
",0.000,0.000,0.000,0.000,1.000,0,0,0,3,3,0,0,3,0.0,0.0,0.0,0.0,0.0,1.0,-1
"((bmiPerc >= 0.226) U[0,1] (HbA1cImputeDtMnC <= 46.187))
",-9999999.000,-9999999.000,0.000,0.000,1.000,0,0,0,3,3,0,0,3,0.0,0.0,0.0,0.0,0.0,1.0,-1
"((TotalDailyInsPerKg <= 0.801) U[1,1] (Pt_SHFlg = 0.000))
",0.801,0.801,0.000,0.000,1.000,0,0,0,3,3,0,0,3,0.0,0.0,0.0,0.0,0.0,1.0,-1
"F[2,2](HbA1c >= 8.018 -> Pt_A1cGoalLevelDsYr5 = 0.000)
",0.000,0.000,0.000,0.000,1.000,0,0,0,3,3,0,0,3,0.0,0.0,0.0,0.0,0.0,1.0,-1
"F[0,0]((BGTestAvgNumPtRep <= 3.261 -> bmiZscore <= 0.441) & Pt_GrandchildT1D <= 0.296)
",-5.522,-2.761,0.000,0.000,1.000,0,0,0,3,3,0,0,3,0.0,0.0,0.0,0.0,0.0,1.0,-1
"F[0,2]((NumPumpBolusOrShortAct >= 0.157 -> Pt_InsGov <= 0.562) -> Pt_InsGov >= 0.173)
",-9999999.000,-9999999.000,0.000,0.000,1.000,0,0,0,3,3,0,0,3,0.0,0.0,0.0,0.0,0.0,1.0,-1
"F[0,1](SMBGperDayPtMeterCombo >= 1.801 -> UnitsInsBasalOrLongAct <= 22.190)
",-9999999.000,-9999999.000,0.000,0.000,1.000,0,0,0,3,3,0,0,3,0.0,0.0,0.0,0.0,0.0,1.0,-1
"F[1,1](AlbCreatRat_mggNew >= 3.086 | SMBGperDayPtMeterCombo >= 1.706)
",-1.706,-1.706,0.000,0.000,1.000,0,0,0,3,3,0,0,3,0.0,0.0,0.0,0.0,0.0,1.0,-1
"F[1,2](((BldPrDia <= 72.565 | SMBGperDayPtMeterCombo <= 3.786) | bmiPerc >= 2.797) -> Pt_MotherT1D <= 3.926)
",-9999999.000,-9999999.000,0.000,0.000,1.000,0,0,0,3,3,0,0,3,0.0,0.0,0.0,0.0,0.0,1.0,-1
"F[0,1]((BldPrSys >= 112.336 | TotChol <= 125.965) & LDL <= 153.419)
",-9999999.000,-9999999.000,0.000,0.000,1.000,0,0,0,3,3,0,0,3,0.0,0.0,0.0,0.0,0.0,1.0,-1
"F[1,2](((HbA1c <= 9.905 & Triglyc >= 47.145) & Pt_SHFlg >= 20.014) -> Triglyc >= 8.496)
",-9999999.000,-9999999.000,0.000,0.000,1.000,0,0,0,3,3,0,0,3,0.0,0.0,0.0,0.0,0.0,1.0,-1
"F[1,1]((BUN >= 5.437 & LDL >= 4.051) -> Pt_InsGov <= 92.668)
",-92.668,-92.668,0.000,0.000,1.000,0,0,0,3,3,0,0,3,0.0,0.0,0.0,0.0,0.0,1.0,-1
"F[1,2](((LDL >= 39.668 -> Triglyc <= 72.534) & diagAgeCombo >= 45.809) -> bmiPerc <= 79.260)
",-9999999.000,-9999999.000,0.000,0.000,1.000,0,0,0,3,3,0,0,3,0.0,0.0,0.0,0.0,0.0,1.0,-1
"((BldPrDia <= 77.493) U[0,1] (BUN <= 13.935))
",-9999999.000,-9999999.000,0.000,0.000,1.000,0,0,0,3,3,0,0,3,0.0,0.0,0.0,0.0,0.0,1.0,-1
"F[0,2](((bmiZscore <= 0.071 | SMBGperDayPtMeterCombo <= 3.241) -> AlbCreatRat_mggNew >= 2.250) | Pt_InsGov >= 2.650)
",-9999999.000,-9999999.000,0.000,0.000,1.000,0,0,0,3,3,0,0,3,0.0,0.0,0.0,0.0,0.0,1.0,-1
"F[1,2](((BUN <= 16.617 | HDL <= 64.665) & Pt_DKAFlg >= 26.809) & Pt_SiblingT1D <= 60.591)
",-9999999.000,-9999999.000,0.000,0.000,1.000,0,0,0,3,3,0,0,3,0.0,0.0,0.0,0.0,0.0,1.0,-1
"((BGTestAvgNumMeter >= 0.866) U[0,1] (BGTestAvgNumPtRep <= 3.231))
",-9999999.000,-9999999.000,0.000,0.000,1.000,0,0,0,3,3,0,0,3,0.0,0.0,0.0,0.0,0.0,1.0,-1
"((BGTestAvgNumMeter >= 1.390) U[0,2] (BGTestAvgNumPtRep <= 3.794))
",-9999999.000,-9999999.000,0.000,0.000,1.000,0,0,0,3,3,0,0,3,0.0,0.0,0.0,0.0,0.0,1.0,-1
"F[0,2](((BUN <= 15.023 & diabDur <= 4.908) -> Pt_DKAFlg >= 3.466) & Pt_MotherT1D >= 3.136)
",-9999999.000,-9999999.000,0.000,0.000,1.000,0,0,0,3,3,0,0,3,0.0,0.0,0.0,0.0,0.0,1.0,-1
"F[1,1](BGTestAvgNumPtRep <= 3.387 -> Pt_SHFlg = 0.000)
",-3.387,-3.387,0.000,0.000,1.000,0,0,0,3,3,0,0,3,0.0,0.0,0.0,0.0,0.0,1.0,-1
"F[0,1](bmiZscore >= -0.338 & TotChol <= 76.253)
",-9999999.000,-9999999.000,0.000,0.000,1.000,0,0,0,3,3,0,0,3,0.0,0.0,0.0,0.0,0.0,1.0,-1
"F[1,2]((BldPrDia >= 67.224 & BldPrSys <= 121.940) & bmiZscore >= 118.254)
",-9999999.000,-9999999.000,0.000,0.000,1.000,0,0,0,3,3,0,0,3,0.0,0.0,0.0,0.0,0.0,1.0,-1
"F[1,2](((TotalDailyInsPerKg <= 0.871 -> Triglyc <= 62.431) -> HbA1cImputeDtMnC >= 41.914) & diagAgeCombo >= 47.398)
",-9999999.000,-9999999.000,0.000,0.000,1.000,0,0,0,3,3,0,0,3,0.0,0.0,0.0,0.0,0.0,1.0,-1
"F[1,2](AlbCreatRat_mggNew <= 6.645 & GFR <= 25.225)
",-9999999.000,-9999999.000,0.000,0.000,1.000,0,0,0,3,3,0,0,3,0.0,0.0,0.0,0.0,0.0,1.0,-1
"F[1,2]((HDL <= 36.466 | Pt_InsGov <= 0.466) | Pt_A1cGoalLevelDsYr5 >= 0.017)
",-9999999.000,-9999999.000,0.000,0.000,1.000,0,0,0,3,3,0,0,3,0.0,0.0,0.0,0.0,0.0,1.0,-1
"F[1,2](BGTestAvgNumPtRep <= 3.980 -> BUN >= 5.500)
",-9999999.000,-9999999.000,0.000,0.000,1.000,0,0,0,3,3,0,0,3,0.0,0.0,0.0,0.0,0.0,1.0,-1
"F[0,2]((bmi <= 24.358 | TotalDailyInsPerKg >= 0.094) -> LDL >= 0.264)
",-9999999.000,-9999999.000,0.000,0.000,1.000,0,0,0,3,3,0,0,3,0.0,0.0,0.0,0.0,0.0,1.0,-1
"F[0,2](HbA1c >= 7.302 | HDL <= 67.121)
",-9999999.000,-9999999.000,0.000,0.000,1.000,0,0,0,3,3,0,0,3,0.0,0.0,0.0,0.0,0.0,1.0,-1
"F[0,1]((SMBGperDayPtMeterCombo >= 2.474 | TotalDailyInsPerKg <= 0.321) | BldPrDia >= 0.225)
",-9999999.000,-9999999.000,0.000,0.000,1.000,0,0,0,3,3,0,0,3,0.0,0.0,0.0,0.0,0.0,1.0,-1
"((GFR >= 8.320) U[0,1] (Pt_SHFlg = 0.000))
",-9999999.000,-9999999.000,0.000,0.000,1.000,0,0,0,3,3,0,0,3,0.0,0.0,0.0,0.0,0.0,1.0,-1
"F[1,2](Pt_InsGov < 0.519 & Pt_SHFlg = 0.000)
",-9999999.000,-9999999.000,0.000,0.000,1.000,0,0,0,3,3,0,0,3,0.0,0.0,0.0,0.0,0.0,1.0,-1
"F[1,2](Pt_SiblingT1D >= 0.000 & Pt_SHFlg = 0.000)
",-9999999.000,-9999999.000,0.000,0.000,1.000,0,0,0,3,3,0,0,3,0.0,0.0,0.0,0.0,0.0,1.0,-1
"((Pt_ChildT1D >= 0.000) U[1,2] (Pt_SHFlg = 0.000))
",-9999999.000,-9999999.000,0.000,0.000,1.000,0,0,0,3,3,0,0,3,0.0,0.0,0.0,0.0,0.0,1.0,-1
"F[1,2](HbA1c >= 6.338 -> Pt_A1cGoalLevelDsYr5 = 0.000)
",-9999999.000,-9999999.000,0.000,0.000,1.000,0,0,0,3,3,0,0,3,0.0,0.0,0.0,0.0,0.0,1.0,-1
"F[0,0](GFR < 54.922 -> Pt_SHFlg = 0.000)
",-396.849,-55.345,0.000,0.000,1.000,0,0,0,3,3,0,0,3,0.0,0.0,0.0,0.0,0.0,1.0,-1
"((AutonomicNeuroCl >= 0.000) U[0,2] (Pt_SHFlg = 0.000))
",-9999999.000,-9999999.000,0.000,0.000,1.000,0,0,0,3,3,0,0,3,0.0,0.0,0.0,0.0,0.0,1.0,-1
"F[1,2](Pt_GrandparentT1D >= 0.000 -> Pt_SHFlg = 0.000)
",-9999999.000,-9999999.000,0.000,0.000,1.000,0,0,0,3,3,0,0,3,0.0,0.0,0.0,0.0,0.0,1.0,-1
"F[2,2](SMBGperDayPtMeterCombo >= 2.258 & Pt_SHFlg = 0.000)
",-2.258,-2.258,0.000,0.000,1.000,0,0,0,3,3,0,0,3,0.0,0.0,0.0,0.0,0.0,1.0,-1
"((Pt_MotherT1D < 0.000) U[0,1] (Pt_SHFlg = 0.000))
",-9999999.000,-9999999.000,0.000,0.000,1.000,0,0,0,3,3,0,0,3,0.0,0.0,0.0,0.0,0.0,1.0,-1
"F[0,2](BGTestAvgNumPtRep < 2.528 & Pt_SHFlg = 0.000)
",-9999999.000,-9999999.000,0.000,0.000,1.000,0,0,0,3,3,0,0,3,0.0,0.0,0.0,0.0,0.0,1.0,-1
"F[2,2](Pt_InsGov < 0.451 -> Pt_SHFlg = 0.000)
",-0.451,-0.451,0.000,0.000,1.000,0,0,0,3,3,0,0,3,0.0,0.0,0.0,0.0,0.0,1.0,-1
"F[0,2](BGTestAvgNumPtRep < 3.745 & Pt_SHFlg = 0.000)
",-9999999.000,-9999999.000,0.000,0.000,1.000,0,0,0,3,3,0,0,3,0.0,0.0,0.0,0.0,0.0,1.0,-1
"((AlbCreatRat_mggNew > 3.940) U[0,2] (Pt_SHFlg = 0.000))
",-9999999.000,-9999999.000,0.000,0.000,1.000,0,0,0,3,3,0,0,3,0.0,0.0,0.0,0.0,0.0,1.0,-1
"F[1,1](TSH > 0.247 -> Pt_SHFlg = 0.000)
",0.000,0.000,0.000,0.000,1.000,0,0,0,3,3,0,0,3,0.0,0.0,0.0,0.0,0.0,1.0,-1
"((BGTestAvgNumMeter >= 0.141) U[1,2] (BGTestAvgNumPtRep <= 3.802))
",-9999999.000,-9999999.000,0.000,0.000,1.000,0,0,0,3,3,0,0,3,0.0,0.0,0.0,0.0,0.0,1.0,-1
"F[1,2](HbA1c >= 7.661 -> Pt_A1cGoalLevelDsYr5 = 0.000)
",-9999999.000,-9999999.000,0.000,0.000,1.000,0,0,0,3,3,0,0,3,0.0,0.0,0.0,0.0,0.0,1.0,-1
"F[2,2]((GFR <= 26.815 & TSH >= 0.142) | SMBGperDayPtMeterCombo <= 1.101)
",1.101,1.101,0.000,0.000,1.000,0,0,0,3,3,0,0,3,0.0,0.0,0.0,0.0,0.0,1.0,-1
"F[0,2]((TotChol >= 29.075 -> WeightKg <= 75.975) | BUN >= 68.502)
",-9999999.000,-9999999.000,0.000,0.000,1.000,0,0,0,3,3,0,0,3,0.0,0.0,0.0,0.0,0.0,1.0,-1
"((TSH <= 0.269) U[1,2] (WeightKg >= 70.834))
",-9999999.000,-9999999.000,0.000,0.000,1.000,0,0,0,3,3,0,0,3,0.0,0.0,0.0,0.0,0.0,1.0,-1
"G[2,2](SMBGperDayPtMeterCombo < 3.566 -> Pt_SHFlg = 0.000)
",-3.566,-3.566,0.000,1.000,0.000,0,0,3,0,0,3,3,0,0.0,0.0,1.0,0.0,0.0,1.0,1
"G[1,2]((diabDur <= 4.942 | WeightKg >= 68.234) | LDL >= 70.690)
",9999999.000,9999999.000,0.000,1.000,0.000,0,0,3,0,0,3,3,0,0.0,0.0,1.0,0.0,0.0,1.0,1
"G[0,2](GFR > 9.686 & Pt_SHFlg = 0.000)
",9999999.000,9999999.000,0.000,1.000,0.000,0,0,1,2,2,1,1,2,0.0,0.0,1.0,0.0,0.0,1.0,1
"G[0,2](Pt_A1cGoalLev < 5.802 -> Pt_SHFlg = 0.000)
",9999999.000,9999999.000,0.000,1.000,0.000,0,0,3,0,0,3,3,0,0.0,0.0,1.0,0.0,0.0,1.0,1
"G[1,2](bmiZscore <= 0.051 -> Pt_SHFlg = 0.000)
",9999999.000,9999999.000,0.000,1.000,0.000,0,0,3,0,0,3,3,0,0.0,0.0,1.0,0.0,0.0,1.0,1
"G[1,1](Pt_DKAFlg > 0.000 & Pt_SHFlg = 0.000)
",0.000,0.000,0.000,1.000,0.000,0,0,1,2,2,1,1,2,0.0,0.0,1.0,0.0,0.0,1.0,1
"G[1,2](UnitsInsBasalOrLongAct <= 28.423 & Pt_SHFlg = 0.000)
",9999999.000,9999999.000,0.000,1.000,0.000,0,0,2,1,1,2,2,1,0.0,0.0,1.0,0.0,0.0,1.0,1
"G[0,2]((WeightKg >= 68.729 | bmi >= 23.471) -> UnitsInsBasalOrLongAct <= 24.211)
",9999999.000,9999999.000,0.000,1.000,0.000,0,0,1,2,2,1,1,2,0.0,0.0,1.0,0.0,0.0,1.0,1
"G[0,2]((WeightKg >= 69.755 | bmi >= 23.597) -> UnitsInsBasalOrLongAct <= 29.811)
",9999999.000,9999999.000,0.000,1.000,0.000,0,0,1,2,2,1,1,2,0.0,0.0,1.0,0.0,0.0,1.0,1
"G[2,2](GFR <= 84.840 -> BUN >= 6.936)
",-84.840,-84.840,0.000,1.000,0.000,0,0,3,0,0,3,3,0,0.0,0.0,1.0,0.0,0.0,1.0,1
"G[1,2](SMBGperDayPtMeterCombo >= 2.143 & BGTestAvgNumPtRep >= 0.381)
",9999999.000,9999999.000,0.000,1.000,0.000,0,0,3,0,0,3,3,0,0.0,0.0,1.0,0.0,0.0,1.0,1
"G[1,2]((WeightKg >= 71.464 | bmi >= 23.481) -> UnitsInsBasalOrLongAct <= 20.839)
",9999999.000,9999999.000,0.000,1.000,0.000,0,0,2,1,1,2,2,1,0.0,0.0,1.0,0.0,0.0,1.0,1
"G[1,2](GFR <= 72.360 -> BUN >= 1.185)
",9999999.000,9999999.000,0.000,1.000,0.000,0,0,2,1,1,2,2,1,0.0,0.0,1.0,0.0,0.0,1.0,1
"G[1,2]((WeightKg >= 70.832 | bmi >= 23.633) -> UnitsInsBasalOrLongAct <= 19.831)
",9999999.000,9999999.000,0.000,1.000,0.000,0,0,2,1,1,2,2,1,0.0,0.0,1.0,0.0,0.0,1.0,1
"G[0,2](GFR <= 79.675 -> BUN >= 0.142)
",9999999.000,9999999.000,0.000,1.000,0.000,0,0,2,1,1,2,2,1,0.0,0.0,1.0,0.0,0.0,1.0,1
"G[1,2](GFR <= 42.049 -> BUN >= 3.850)
",9999999.000,9999999.000,0.000,1.000,0.000,0,0,2,1,1,2,2,1,0.0,0.0,1.0,0.0,0.0,1.0,1
"G[1,2](SMBGperDayPtMeterCombo >= 2.652 & BGTestAvgNumPtRep >= 1.455)
",9999999.000,9999999.000,0.000,1.000,0.000,0,0,3,0,0,3,3,0,0.0,0.0,1.0,0.0,0.0,1.0,1
"G[1,2](GFR <= 48.265 -> BUN >= 6.772)
",9999999.000,9999999.000,0.000,1.000,0.000,0,0,2,1,1,2,2,1,0.0,0.0,1.0,0.0,0.0,1.0,1
"G[1,2]((WeightKg >= 69.189 | bmi >= 22.938) -> UnitsInsBasalOrLongAct <= 25.420)
",9999999.000,9999999.000,0.000,1.000,0.000,0,0,2,1,1,2,2,1,0.0,0.0,1.0,0.0,0.0,1.0,1
"G[2,2](GFR <= 59.275 -> BUN >= 1.650)
",-59.275,-59.275,0.000,1.000,0.000,0,0,3,0,0,3,3,0,0.0,0.0,1.0,0.0,0.0,1.0,1
"G[1,2](SMBGperDayPtMeterCombo >= 1.715 & BGTestAvgNumPtRep >= 1.124)
",9999999.000,9999999.000,0.000,1.000,0.000,0,0,3,0,0,3,3,0,0.0,0.0,1.0,0.0,0.0,1.0,1
"G[1,2](GFR <= 74.916 -> BUN >= 0.656)
",9999999.000,9999999.000,0.000,1.000,0.000,0,0,2,1,1,2,2,1,0.0,0.0,1.0,0.0,0.0,1.0,1
"G[1,2]((WeightKg >= 71.414 | bmi >= 22.700) -> UnitsInsBasalOrLongAct <= 18.358)
",9999999.000,9999999.000,0.000,1.000,0.000,0,0,2,1,1,2,2,1,0.0,0.0,1.0,0.0,0.0,1.0,1
"G[1,2](GFR <= 19.688 -> BUN >= 3.607)
",9999999.000,9999999.000,0.000,1.000,0.000,0,0,2,1,1,2,2,1,0.0,0.0,1.0,0.0,0.0,1.0,1
"G[0,2]((age <= 20.239 & HeightCm <= 173.306) | BGTestAvgNumPtRep >= 173.121)
",9999999.000,9999999.000,0.000,1.000,0.000,0,0,1,2,2,1,1,2,0.0,0.0,1.0,0.0,0.0,1.0,1
"G[1,1](((bmiZscore >= -0.555 & WeightKg <= 72.794) -> BGTestAvgNumPtRep <= 72.322) & Pt_ChildT1D >= 67.583)
",-72.322,-72.322,0.000,1.000,0.000,0,0,1,2,2,1,1,2,0.0,0.0,1.0,0.0,0.0,1.0,1
"G[2,2]((TotChol >= 12.927 & Triglyc >= 32.925) | AlbCreatRat_mggNew <= 74.889)
",74.889,74.889,0.000,1.000,0.000,0,0,3,0,0,3,3,0,0.0,0.0,1.0,0.0,0.0,1.0,1
"G[1,2]((BldPrSys >= 117.984 -> Triglyc <= 62.294) & BGTestAvgNumMeter >= 19.545)
",9999999.000,9999999.000,0.000,1.000,0.000,0,0,1,2,2,1,1,2,0.0,0.0,1.0,0.0,0.0,1.0,1
"G[0,2](((HDL <= 47.160 -> HeightCm <= 173.861) -> Pt_GrandparentT1D <= 173.543) | age >= 172.931)
",9999999.000,9999999.000,0.000,1.000,0.000,0,0,3,0,0,3,3,0,0.0,0.0,1.0,0.0,0.0,1.0,1
"G[2,2]((HeightCm <= 173.449 -> Triglyc >= 19.150) | HbA1c >= 27.245)
",-27.245,-27.245,0.000,1.000,0.000,0,0,3,0,0,3,3,0,0.0,0.0,1.0,0.0,0.0,1.0,1
"G[0,2]((GFR <= 23.710 & Pt_InsGov <= 0.874) -> Pt_CGMUseNumDays >= 0.037)
",9999999.000,9999999.000,0.000,1.000,0.000,0,0,1,2,2,1,1,2,0.0,0.0,1.0,0.0,0.0,1.0,1
"G[2,2]((BldPrDia >= 69.865 | NumPumpBolusOrShortAct >= 0.119) & DirectLDL <= 3.713)
",-0.119,-0.119,0.000,1.000,0.000,0,0,3,0,0,3,3,0,0.0,0.0,1.0,0.0,0.0,1.0,1
"G[1,2](BGTestAvgNumMeter >= 0.850 & NumPumpBolusOrShortAct <= 2.853)
",9999999.000,9999999.000,0.000,1.000,0.000,0,0,2,1,1,2,2,1,0.0,0.0,1.0,0.0,0.0,1.0,1
"G[1,2](HeightCm >= 173.042 -> LDL >= 17.586)
",9999999.000,9999999.000,0.000,1.000,0.000,0,0,2,1,1,2,2,1,0.0,0.0,1.0,0.0,0.0,1.0,1
"G[2,2](((age <= 20.547 & BGTestAvgNumPtRep >= 1.471) -> Pt_SiblingT1D <= 3.976) & BUN >= 1.536)
",-3.976,-3.976,0.000,1.000,0.000,0,0,3,0,0,3,3,0,0.0,0.0,1.0,0.0,0.0,1.0,1
"G[1,1](((NumPumpBolusOrShortAct <= 4.953 & WeightKg <= 75.169) -> HbA1c <= 74.334) & Pt_MotherT1D >= 69.237)
",-74.334,-74.334,0.000,1.000,0.000,0,0,1,2,2,1,1,2,0.0,0.0,1.0,0.0,0.0,1.0,1
"G[0,2](NumPumpBolusOrShortAct >= 1.186 | Triglyc >= 28.591)
",9999999.000,9999999.000,0.000,1.000,0.000,0,0,2,1,1,2,2,1,0.0,0.0,1.0,0.0,0.0,1.0,1
"G[0,1]((BldPrDia >= 69.807 -> HbA1c <= 10.509) -> GFR >= 8.297)
",9999999.000,9999999.000,0.000,1.000,0.000,0,0,1,2,2,1,1,2,0.0,0.0,1.0,0.0,0.0,1.0,1
"G[0,2]((BldPrSys <= 121.937 | HbA1cImputeDtMnC >= 27.154) -> Pt_GrandparentT1D <= 45.740)
",9999999.000,9999999.000,0.000,1.000,0.000,0,0,3,0,0,3,3,0,0.0,0.0,1.0,0.0,0.0,1.0,1
"G[0,2](((bmiZscore >= -0.483 -> GFR >= 13.106) -> DirectLDL <= 80.281) -> HDL <= 48.936)
",9999999.000,9999999.000,0.000,1.000,0.000,0,0,1,2,2,1,1,2,0.0,0.0,1.0,0.0,0.0,1.0,1
"G[1,2](((AlbCreatRat_mggNew <= 8.548 | TSH >= 0.066) & Pt_A1cGoalLev >= 0.171) -> TotalDailyInsPerKg <= 0.566)
",9999999.000,9999999.000,0.000,1.000,0.000,0,0,2,1,1,2,2,1,0.0,0.0,1.0,0.0,0.0,1.0,1
"G[0,2](GFR >= 1.492 | UnitsInsBasalOrLongAct >= 16.527)
",9999999.000,9999999.000,0.000,1.000,0.000,0,0,2,1,1,2,2,1,0.0,0.0,1.0,0.0,0.0,1.0,1
"G[0,1]((BldPrSys >= 120.422 & bmiPerc <= 0.622) -> diabDur <= 0.433)
",9999999.000,9999999.000,0.000,1.000,0.000,0,0,1,2,2,1,1,2,0.0,0.0,1.0,0.0,0.0,1.0,1
"G[2,2]((BGTestAvgNumMeter >= 1.056 -> HDL <= 46.526) -> Pt_ChildT1D <= 37.582)
",-37.582,-37.582,0.000,1.000,0.000,0,0,3,0,0,3,3,0,0.0,0.0,1.0,0.0,0.0,1.0,1
"G[2,2]((LDL <= 96.095 & WeightKg >= 69.950) & bmi >= 71.058)
",-71.058,-71.058,0.000,1.000,0.000,0,0,3,0,0,3,3,0,0.0,0.0,1.0,0.0,0.0,1.0,1
"G[1,2](BGTestAvgNumPtRep <= 3.724 & HDL >= 4.351)
",9999999.000,9999999.000,0.000,1.000,0.000,0,0,1,2,2,1,1,2,0.0,0.0,1.0,0.0,0.0,1.0,1
"G[0,0]((BGTestAvgNumMeter >= 1.228 -> LDL <= 88.946) & BldPrSys <= 100.307)
",-88.946,-88.946,0.000,1.000,0.000,0,0,0,3,3,0,0,3,0.0,0.0,0.0,0.0,0.0,1.0,1
"G[0,2]((bmi >= 23.514 & bmiPerc >= 0.209) | WeightKg <= 0.644)
",9999999.000,9999999.000,0.000,1.000,0.000,0,0,0,3,3,0,0,3,0.0,0.0,0.0,0.0,0.0,1.0,1
"G[0,1]((LDL <= 111.898 & SMBGperDayPtMeterCombo <= 3.419) & WeightKg <= 3.650)
",9999999.000,9999999.000,0.000,1.000,0.000,0,0,0,3,3,0,0,3,0.0,0.0,0.0,0.0,0.0,1.0,1
"G[1,2](bmi >= 23.219 -> UnitsInsBasalOrLongAct <= 28.428)
",9999999.000,9999999.000,0.000,1.000,0.000,0,0,2,1,1,2,2,1,0.0,0.0,1.0,0.0,0.0,1.0,1
"G[1,2]((WeightKg >= 67.700 | bmi >= 22.703) -> UnitsInsBasalOrLongAct <= 25.736)
",9999999.000,9999999.000,0.000,1.000,0.000,0,0,2,1,1,2,2,1,0.0,0.0,1.0,0.0,0.0,1.0,1
"G[2,2](Pt_FatherT1D >= 0.000 -> Pt_SHFlg = 0.000)
",0.000,0.000,0.000,1.000,0.000,0,0,3,0,0,3,3,0,0.0,0.0,1.0,0.0,0.0,1.0,1
"G[2,2](diabDur >= 3.010 & SMBGperDayPtMeterCombo >= 2.669)
",-3.010,-3.010,0.000,1.000,0.000,0,0,3,0,0,3,3,0,0.0,0.0,1.0,0.0,0.0,1.0,1
"G[0,2](AlbCreatRat_mggNew <= 8.568 -> Pt_SHFlg = 0.000)
",9999999.000,9999999.000,0.000,1.000,0.000,0,0,3,0,0,3,3,0,0.0,0.0,1.0,0.0,0.0,1.0,1
"G[2,2]((HbA1c <= 9.977 -> NumPumpBolusOrShortAct <= 1.893) | Pt_A1cGoalLev <= 2.900)
",2.900,2.900,0.000,1.000,0.000,0,0,3,0,0,3,3,0,0.0,0.0,1.0,0.0,0.0,1.0,1
"G[2,2](((bmi <= 24.630 -> LDL >= 53.023) -> AlbCreatRat_mggNew >= 8.914) -> Triglyc >= 35.216)
",-8.914,-8.914,0.000,1.000,0.000,0,0,3,0,0,3,3,0,0.0,0.0,1.0,0.0,0.0,1.0,1
"G[1,2](bmiZscore >= -0.287 | HbA1c >= 7.392)
",9999999.000,9999999.000,0.000,1.000,0.000,0,0,3,0,0,3,3,0,0.0,0.0,1.0,0.0,0.0,1.0,1
"G[1,2]((Triglyc <= 86.902 -> AlbCreatRat_mggNew >= 0.378) & Pt_CGMUseNumDays >= 5.242)
",9999999.000,9999999.000,0.000,1.000,0.000,0,0,1,2,2,1,1,2,0.0,0.0,1.0,0.0,0.0,1.0,1
"G[2,2](((Pt_DKAFlg >= 0.000 & SMBGperDayPtMeterCombo <= 3.142) & BGTestAvgNumPtRep <= 3.097) & BGTestAvgNumPtRep <= 3.046)
",0.000,0.000,0.000,1.000,0.000,0,0,3,0,0,3,3,0,0.0,0.0,1.0,0.0,0.0,1.0,1
"G[1,2]((bmiZscore >= -0.397 -> diagAgeCombo >= 15.000) -> AlbCreatRat_mggNew <= 15.000)
",9999999.000,9999999.000,0.000,1.000,0.000,0,0,3,0,0,3,3,0,0.0,0.0,1.0,0.0,0.0,1.0,1
"G[0,1](((bmiPerc >= 0.306 & WeightKg >= 68.631) | TSH <= 72.276) & bmi >= 71.552)
",9999999.000,9999999.000,0.000,1.000,0.000,0,0,0,3,3,0,0,3,0.0,0.0,0.0,0.0,0.0,1.0,1
"G[1,2]((TotalDailyInsPerKg >= 0.252 -> TSH <= 0.290) & Pt_GrandchildT1D <= 0.579)
",9999999.000,9999999.000,0.000,1.000,0.000,0,0,3,0,0,3,3,0,0.0,0.0,1.0,0.0,0.0,1.0,1
"G[2,2](bmiZscore <= 0.310 & Pt_GrandparentT1D >= 0.000)
",0.000,0.000,0.000,1.000,0.000,0,0,3,0,0,3,3,0,0.0,0.0,1.0,0.0,0.0,1.0,1
"G[1,2]((Pt_SHFlg >= 0.000 -> BldPrSys <= 122.829) | bmiZscore >= 116.902)
",9999999.000,9999999.000,0.000,1.000,0.000,0,0,2,1,1,2,2,1,0.0,0.0,1.0,0.0,0.0,1.0,1
"G[0,2]((Pt_GrandchildT1D <= 0.000 -> AutonomicNeuroCl <= 0.000) -> SMBGperDayPtMeterCombo >= 0.000)
",9999999.000,9999999.000,0.000,1.000,0.000,0,0,3,0,0,3,3,0,0.0,0.0,1.0,0.0,0.0,1.0,1
"G[1,2]((GFR >= 7.458 -> AutonomicNeuroCl <= 0.000) & HbA1cImputeDtMnC <= 0.000)
",9999999.000,9999999.000,0.000,1.000,0.000,0,0,1,2,2,1,1,2,0.0,0.0,1.0,0.0,0.0,1.0,1
"G[1,2]((DirectLDL >= 0.000 | AlbCreatRat_mggNew >= 5.248) & GFR <= 8.519)
",9999999.000,9999999.000,0.000,1.000,0.000,0,0,3,0,0,3,3,0,0.0,0.0,1.0,0.0,0.0,1.0,1
"G[2,2](HeightCm >= 172.993 & LDL <= 83.728)
",-172.993,-172.993,0.000,1.000,0.000,0,0,3,0,0,3,3,0,0.0,0.0,1.0,0.0,0.0,1.0,1
"G[1,2](bmiPerc >= 0.044 -> Pt_FatherT1D >= 0.000)
",9999999.000,9999999.000,0.000,1.000,0.000,0,0,3,0,0,3,3,0,0.0,0.0,1.0,0.0,0.0,1.0,1
"G[0,2]((LDL >= 52.506 -> HeightCm >= 172.851) | Pt_A1cGoalLevelDsYr5 >= 173.017)
",9999999.000,9999999.000,0.000,1.000,0.000,0,0,2,1,1,2,2,1,0.0,0.0,1.0,0.0,0.0,1.0,1
"G[0,2]((bmiPerc <= 0.567 -> BUN >= 5.670) & DirectLDL <= 17.687)
",9999999.000,9999999.000,0.000,1.000,0.000,0,0,2,1,1,2,2,1,0.0,0.0,1.0,0.0,0.0,1.0,1
"G[1,2](((Pt_SiblingT1D <= 0.000 | BGTestAvgNumPtRep >= 2.379) & Pt_MotherT1D >= 0.066) & Pt_SiblingT1D <= 2.537)
",9999999.000,9999999.000,0.000,1.000,0.000,0,0,1,2,2,1,1,2,0.0,0.0,1.0,0.0,0.0,1.0,1
"G[1,2](UnitsInsBasalOrLongAct <= 29.580 & HeightCm <= 173.416)
",9999999.000,9999999.000,0.000,1.000,0.000,0,0,2,1,1,2,2,1,0.0,0.0,1.0,0.0,0.0,1.0,1
"G[2,2]((Pt_A1cGoalLev <= 6.086 | Pt_SHFlg >= 0.000) & NumPumpBolusOrShortAct <= 0.000)
",0.000,0.000,0.000,1.000,0.000,0,0,3,0,0,3,3,0,0.0,0.0,1.0,0.0,0.0,1.0,1
"G[0,1]((AutonomicNeuroCl >= 0.000 & AutonomicNeuroCl <= 0.000) & BGTestAvgNumPtRep <= 0.000)
",9999999.000,9999999.000,0.000,1.000,0.000,0,0,0,3,3,0,0,3,0.0,0.0,0.0,0.0,0.0,1.0,1
"G[0,1](BldPrSys <= 122.213 & TotalDailyInsPerKg <= 0.533)
",9999999.000,9999999.000,0.000,1.000,0.000,0,0,1,2,2,1,1,2,0.0,0.0,1.0,0.0,0.0,1.0,1
"G[1,2](((WeightKg >= 71.378 | HbA1c <= 10.750) & bmiZscore >= 8.250) & WeightKg <= 10.615)
",9999999.000,9999999.000,0.000,1.000,0.000,0,0,1,2,2,1,1,2,0.0,0.0,1.0,0.0,0.0,1.0,1
"G[0,2]((age >= 19.728 -> UnitsInsBasalOrLongAct <= 26.814) & GFR >= 13.881)
",9999999.000,9999999.000,0.000,1.000,0.000,0,0,0,3,3,0,0,3,0.0,0.0,0.0,0.0,0.0,1.0,1
"G[1,2](TotChol > 2.800 -> Pt_SHFlg = 0.000)
",9999999.000,9999999.000,0.000,1.000,0.000,0,0,3,0,0,3,3,0,0.0,0.0,1.0,0.0,0.0,1.0,1
"G[0,1](AlbCreatRat_mggNew >= 3.149 & UnitsInsBasalOrLongAct <= 20.496)
",9999999.000,9999999.000,0.000,1.000,0.000,0,0,0,3,3,0,0,3,0.0,0.0,0.0,0.0,0.0,1.0,1
"G[1,2]((BGTestAvgNumMeter <= 1.858 & BldPrDia >= 68.461) -> Pt_CGMUseNumDays >= 70.581)
",9999999.000,9999999.000,0.000,1.000,0.000,0,0,3,0,0,3,3,0,0.0,0.0,1.0,0.0,0.0,1.0,1
"G[1,2](bmiZscore < 0.226 & Pt_SHFlg = 0.000)
",9999999.000,9999999.000,0.000,1.000,0.000,0,0,2,1,1,2,2,1,0.0,0.0,1.0,0.0,0.0,1.0,1
"G[1,2]((bmi >= 23.121 -> Triglyc <= 66.870) -> bmi >= 43.355)
",9999999.000,9999999.000,0.000,1.000,0.000,0,0,1,2,2,1,1,2,0.0,0.0,1.0,0.0,0.0,1.0,1
"G[0,2](BUN <= 17.337 | UnitsInsBasalOrLongAct >= 11.884)
",9999999.000,9999999.000,0.000,1.000,0.000,0,0,2,1,1,2,2,1,0.0,0.0,1.0,0.0,0.0,1.0,1
"G[1,2](((AlbCreatRat_mggNew >= 4.082 | diabDur <= 4.291) & Pt_GrandparentT1D >= 2.166) -> bmiPerc <= 5.386)
",9999999.000,9999999.000,0.000,1.000,0.000,0,0,3,0,0,3,3,0,0.0,0.0,1.0,0.0,0.0,1.0,1
"G[1,2]((bmiZscore >= -0.123 -> Pt_A1cGoalLev >= 0.078) & Pt_ChildT1D <= 5.870)
",9999999.000,9999999.000,0.000,1.000,0.000,0,0,3,0,0,3,3,0,0.0,0.0,1.0,0.0,0.0,1.0,1
"G[1,2](((HbA1cImputeDtMnC <= 35.745 & UnitsInsBasalOrLongAct <= 19.738) -> Pt_MotherT1D >= 5.343) | Pt_SiblingT1D <= 27.629)
",9999999.000,9999999.000,0.000,1.000,0.000,0,0,3,0,0,3,3,0,0.0,0.0,1.0,0.0,0.0,1.0,1
"G[1,2]((BldPrDia >= 66.303 -> LDL >= 59.019) | Triglyc >= 56.664)
",9999999.000,9999999.000,0.000,1.000,0.000,0,0,2,1,1,2,2,1,0.0,0.0,1.0,0.0,0.0,1.0,1
"G[1,2]((bmi >= 23.717 & Pt_InsGov >= 0.102) | Pt_A1cGoalLev >= 0.086)
",9999999.000,9999999.000,0.000,1.000,0.000,0,0,2,1,1,2,2,1,0.0,0.0,1.0,0.0,0.0,1.0,1
"G[0,0]((diabDur <= 4.426 & Pt_InsGov <= 0.839) & BGTestAvgNumPtRep >= 0.016)
",-32.148,-16.074,0.000,1.000,0.000,0,0,0,3,3,0,0,3,0.0,0.0,0.0,0.0,0.0,1.0,1
"G[0,2]((BGTestAvgNumMeter >= 1.032 | bmiPerc <= 0.457) | Pt_FatherT1D <= 0.454)
",9999999.000,9999999.000,0.000,1.000,0.000,0,0,3,0,0,3,3,0,0.0,0.0,1.0,0.0,0.0,1.0,1
"G[1,2]((BldPrSys <= 124.818 & TSH <= 1.073) & Pt_DKAFlg <= 0.900)
",9999999.000,9999999.000,0.000,1.000,0.000,0,0,2,1,1,2,2,1,0.0,0.0,1.0,0.0,0.0,1.0,1
"G[0,2](((bmi >= 22.807 & WeightKg <= 75.705) | AlbCreatRat_mggNew <= 74.697) -> BUN <= 73.970)
",9999999.000,9999999.000,0.000,1.000,0.000,0,0,3,0,0,3,3,0,0.0,0.0,1.0,0.0,0.0,1.0,1
"G[1,1](((HbA1c >= 6.475 -> WeightKg <= 74.540) -> NumPumpBolusOrShortAct >= 69.634) | BGTestAvgNumPtRep >= 70.237)
",69.634,69.634,0.000,1.000,0.000,0,0,1,2,2,1,1,2,0.0,0.0,1.0,0.0,0.0,1.0,1
"G[0,2](((age <= 21.829 -> bmiPerc <= 0.456) | Pt_A1cGoalLev >= 0.044) & bmiPerc <= 0.466)
",9999999.000,9999999.000,0.000,1.000,0.000,0,0,1,2,2,1,1,2,0.0,0.0,1.0,0.0,0.0,1.0,1
"G[0,2]((age >= 18.758 -> AlbCreatRat_mggNew <= 8.010) & UnitsInsBasalOrLongAct <= 6.800)
",9999999.000,9999999.000,0.000,1.000,0.000,0,0,1,2,2,1,1,2,0.0,0.0,1.0,0.0,0.0,1.0,1
"G[2,2]((BldPrDia >= 68.269 -> TotalDailyInsPerKg >= 0.208) -> AutonomicNeuroCl >= 0.066)
",-0.208,-0.208,0.000,1.000,0.000,0,0,3,0,0,3,3,0,0.0,0.0,1.0,0.0,0.0,1.0,1
"G[0,2](BldPrDia <= 76.896 & UnitsInsBasalOrLongAct <= 20.580)
",9999999.000,9999999.000,0.000,1.000,0.000,0,0,0,3,3,0,0,3,0.0,0.0,0.0,0.0,0.0,1.0,1
"G[0,2]((age >= 18.874 | BGTestAvgNumMeter <= 3.126) | WeightKg >= 0.465)
",9999999.000,9999999.000,0.000,1.000,0.000,0,0,3,0,0,3,3,0,0.0,0.0,1.0,0.0,0.0,1.0,1
"G[1,2](AlbCreatRat_mggNew <= 8.633 & TotalDailyInsPerKg >= 0.194)
",9999999.000,9999999.000,0.000,1.000,0.000,0,0,2,1,1,2,2,1,0.0,0.0,1.0,0.0,0.0,1.0,1
"G[1,2](BGTestAvgNumMeter >= 1.022 -> UnitsInsBasalOrLongAct >= 13.309)
",9999999.000,9999999.000,0.000,1.000,0.000,0,0,2,1,1,2,2,1,0.0,0.0,1.0,0.0,0.0,1.0,1
"G[0,2](((BUN <= 17.967 & Triglyc <= 60.352) -> Pt_A1cGoalLev >= 13.332) -> Pt_SiblingT1D <= 101.711)
",9999999.000,9999999.000,0.000,1.000,0.000,0,0,3,0,0,3,3,0,0.0,0.0,1.0,0.0,0.0,1.0,1
"G[1,2](age >= 18.496 | HbA1cImputeDtMnC <= 42.954)
",9999999.000,9999999.000,0.000,1.000,0.000,0,0,3,0,0,3,3,0,0.0,0.0,1.0,0.0,0.0,1.0,1
"G[0,2]((BldPrSys <= 126.147 & SMBGperDayPtMeterCombo >= 1.842) | AutonomicNeuroCl >= 2.380)
",9999999.000,9999999.000,0.000,1.000,0.000,0,0,2,1,1,2,2,1,0.0,0.0,1.0,0.0,0.0,1.0,1
"G[2,2](((BUN <= 11.298 -> HbA1cImputeDtMnC >= 10.288) | UnitsInsBasalOrLongAct <= 55.097) -> Pt_SiblingT1D <= 49.558)
",-55.097,-55.097,0.000,1.000,0.000,0,0,3,0,0,3,3,0,0.0,0.0,1.0,0.0,0.0,1.0,1
"F[2,2](GFR <= 75.863 & WeightKg >= 69.002)
",-69.002,-69.002,0.000,0.000,1.000,0,0,0,3,3,0,0,3,0.0,0.0,0.0,0.0,0.0,1.0,-1
"G[1,2]((BldPrSys <= 129.698 -> bmi <= 24.325) | Pt_InsGov <= 24.870)
",9999999.000,9999999.000,0.000,1.000,0.000,0,0,3,0,0,3,3,0,0.0,0.0,1.0,0.0,0.0,1.0,1
"F[0,1]((HeightCm >= 172.873 | Pt_InsGov >= 0.004) | Pt_SiblingT1D >= 0.117)
",-9999999.000,-9999999.000,0.000,0.000,1.000,0,0,0,3,3,0,0,3,0.0,0.0,0.0,0.0,0.0,1.0,-1
"F[0,1]((BUN <= 17.038 & TotChol >= 29.914) -> HeightCm >= 1.129)
",-9999999.000,-9999999.000,0.000,0.000,1.000,0,0,0,3,3,0,0,3,0.0,0.0,0.0,0.0,0.0,1.0,-1
"F[0,1](bmiPerc >= 0.147 -> HbA1c <= 8.930)
",-9999999.000,-9999999.000,0.000,0.000,1.000,0,0,0,3,3,0,0,3,0.0,0.0,0.0,0.0,0.0,1.0,-1
"F[0,2]((HbA1c <= 9.611 -> SMBGperDayPtMeterCombo >= 1.451) | AlbCreatRat_mggNew <= 3.432)
",-9999999.000,-9999999.000,0.000,0.000,1.000,0,0,0,3,3,0,0,3,0.0,0.0,0.0,0.0,0.0,1.0,-1
"F[0,2](HbA1c >= 6.854 -> Pt_A1cGoalLevelDsYr5 = 0.000)
",-9999999.000,-9999999.000,0.000,0.000,1.000,0,0,0,3,3,0,0,3,0.0,0.0,0.0,0.0,0.0,1.0,-1
"F[0,2](((SMBGperDayPtMeterCombo <= 3.237 | HeightCm <= 173.204) -> BUN >= 172.975) | Triglyc <= 173.602)
",-9999999.000,-9999999.000,0.000,0.000,1.000,0,0,0,3,3,0,0,3,0.0,0.0,0.0,0.0,0.0,1.0,-1
"F[2,2](AlbCreatRat_mggNew >= 3.839 | WeightKg <= 75.709)
",75.709,75.709,0.000,0.000,1.000,0,0,0,3,3,0,0,3,0.0,0.0,0.0,0.0,0.0,1.0,-1
"F[2,2](((bmiPerc >= 0.092 -> WeightKg >= 71.274) | BldPrDia <= 75.905) | Pt_FatherT1D <= 73.282)
",75.905,75.905,0.000,0.000,1.000,0,0,0,3,3,0,0,3,0.0,0.0,0.0,0.0,0.0,1.0,-1
"F[2,2]((NumPumpBolusOrShortAct >= 0.513 & UnitsInsBasalOrLongAct >= 1.621) -> AutonomicNeuroCl <= 20.941)
",-20.941,-20.941,0.000,0.000,1.000,0,0,0,3,3,0,0,3,0.0,0.0,0.0,0.0,0.0,1.0,-1
"F[0,2]((Pt_DKAFlg <= 0.000 & Pt_A1cGoalLevelDsYr5 >= 0.000) | HeightCm <= 0.000)
",-9999999.000,-9999999.000,0.000,0.000,1.000,0,0,0,3,3,0,0,3,0.0,0.0,0.0,0.0,0.0,1.0,-1
"F[1,2](bmi >= 23.803 & UnitsInsBasalOrLongAct >= 14.443)
",-9999999.000,-9999999.000,0.000,0.000,1.000,0,0,0,3,3,0,0,3,0.0,0.0,0.0,0.0,0.0,1.0,-1
"F[1,2](Pt_CGMUseNumDays <= 0.000 | Pt_CGMUseNumDays <= 0.000)
",-9999999.000,-9999999.000,0.000,0.000,1.000,0,0,0,3,3,0,0,3,0.0,0.0,0.0,0.0,0.0,1.0,-1
"((Pt_GrandchildT1D >= 0.000) U[0,2] (Pt_GrandparentT1D >= 0.000))
",-9999999.000,-9999999.000,0.000,0.000,1.000,0,0,0,3,3,0,0,3,0.0,0.0,0.0,0.0,0.0,1.0,-1
"F[2,2]((GFR >= 5.131 | diagAgeCombo >= 15.000) | GFR <= 15.000)
",15.000,15.000,0.000,0.000,1.000,0,0,0,3,3,0,0,3,0.0,0.0,0.0,0.0,0.0,1.0,-1
"G[2,2](((age <= 20.214 & HDL <= 64.126) | Pt_GrandparentT1D <= 62.030) | age >= 12.542)
",62.030,62.030,0.000,1.000,0.000,0,0,3,0,0,3,3,0,0.0,0.0,1.0,0.0,0.0,1.0,1
"G[0,2]((BldPrSys <= 122.529 -> Pt_InsGov <= 0.821) | BUN <= 0.347)
",9999999.000,9999999.000,0.000,1.000,0.000,0,0,2,1,1,2,2,1,0.0,0.0,1.0,0.0,0.0,1.0,1
"G[0,2](((NumPumpBolusOrShortAct >= 0.535 | TotalDailyInsPerKg <= 0.446) & BldPrSys <= 0.509) | HbA1cImputeDtMnC >= 0.080)
",9999999.000,9999999.000,0.000,1.000,0.000,0,0,3,0,0,3,3,0,0.0,0.0,1.0,0.0,0.0,1.0,1
"G[0,2](((HbA1c >= 8.204 -> TotalDailyInsPerKg <= 0.758) | diagAgeCombo <= 0.445) | Pt_MotherT1D >= 0.171)
",9999999.000,9999999.000,0.000,1.000,0.000,0,0,3,0,0,3,3,0,0.0,0.0,1.0,0.0,0.0,1.0,1
"G[1,2](bmi >= 23.310 | TotChol <= 87.562)
",9999999.000,9999999.000,0.000,1.000,0.000,0,0,3,0,0,3,3,0,0.0,0.0,1.0,0.0,0.0,1.0,1
"G[1,2]((age <= 21.369 | HbA1c >= 8.069) -> BldPrDia <= 9.037)
",9999999.000,9999999.000,0.000,1.000,0.000,0,0,1,2,2,1,1,2,0.0,0.0,1.0,0.0,0.0,1.0,1
"G[1,2](((diabDur >= 3.081 -> LDL >= 2.960) -> TotChol <= 96.193) | BUN >= 1.991)
",9999999.000,9999999.000,0.000,1.000,0.000,0,0,3,0,0,3,3,0,0.0,0.0,1.0,0.0,0.0,1.0,1
"G[0,2]((BGTestAvgNumPtRep >= 0.952 & bmiPerc <= 0.613) -> DirectLDL <= 0.423)
",9999999.000,9999999.000,0.000,1.000,0.000,0,0,3,0,0,3,3,0,0.0,0.0,1.0,0.0,0.0,1.0,1
"G[1,2]((BldPrDia <= 74.192 & TSH <= 0.378) & WeightKg <= 0.446)
",9999999.000,9999999.000,0.000,1.000,0.000,0,0,1,2,2,1,1,2,0.0,0.0,1.0,0.0,0.0,1.0,1
"F[0,1](BGTestAvgNumPtRep <= 3.004 -> HbA1cImputeDtMnC >= 10.927)
",-9999999.000,-9999999.000,0.000,0.000,1.000,0,0,0,3,3,0,0,3,0.0,0.0,0.0,0.0,0.0,1.0,-1
"F[0,2](BGTestAvgNumPtRep >= 1.800 | Pt_InsGov >= 0.050)
",-9999999.000,-9999999.000,0.000,0.000,1.000,0,0,0,3,3,0,0,3,0.0,0.0,0.0,0.0,0.0,1.0,-1
"F[1,2](((BldPrSys <= 122.825 | HeightCm >= 172.786) | DirectLDL <= 173.832) | BGTestAvgNumPtRep >= 172.823)
",-9999999.000,-9999999.000,0.000,0.000,1.000,0,0,0,3,3,0,0,3,0.0,0.0,0.0,0.0,0.0,1.0,-1
"F[0,2](((BGTestAvgNumPtRep <= 3.007 & HbA1c >= 6.974) & BUN <= 9.217) -> diabDur >= 7.411)
",-9999999.000,-9999999.000,0.000,0.000,1.000,0,0,0,3,3,0,0,3,0.0,0.0,0.0,0.0,0.0,1.0,-1
"F[0,0]((bmi >= 23.654 & TSH <= 1.134) | BldPrDia >= 0.159)
",50.936,127.341,0.000,0.000,1.000,0,0,0,3,3,0,0,3,0.0,0.0,0.0,0.0,0.0,1.0,-1
"F[2,2]((bmi <= 24.869 | GFR >= 2.668) | NumPumpBolusOrShortAct >= 13.878)
",24.869,24.869,0.000,0.000,1.000,0,0,0,3,3,0,0,3,0.0,0.0,0.0,0.0,0.0,1.0,-1
"F[2,2]((BGTestAvgNumPtRep >= 0.146 -> HeightCm >= 173.124) & HeightCm <= 173.780)
",0.146,0.146,0.000,0.000,1.000,0,0,0,3,3,0,0,3,0.0,0.0,0.0,0.0,0.0,1.0,-1
"F[2,2]((BldPrDia >= 66.987 & GFR <= 54.843) & BGTestAvgNumPtRep >= 12.762)
",-66.987,-66.987,0.000,0.000,1.000,0,0,0,3,3,0,0,3,0.0,0.0,0.0,0.0,0.0,1.0,-1
"F[1,1](((bmiPerc >= 0.242 & HDL >= 5.988) | diabDur <= 49.997) | BGTestAvgNumMeter <= 37.918)
",49.997,49.997,0.000,0.000,1.000,0,0,0,3,3,0,0,3,0.0,0.0,0.0,0.0,0.0,1.0,-1
"F[1,2](diabDur >= 3.097 -> Pt_A1cGoalLev >= 0.825)
",-9999999.000,-9999999.000,0.000,0.000,1.000,0,0,0,3,3,0,0,3,0.0,0.0,0.0,0.0,0.0,1.0,-1
"F[2,2](Triglyc <= 50.733 -> BUN >= 1.892)
",-50.733,-50.733,0.000,0.000,1.000,0,0,0,3,3,0,0,3,0.0,0.0,0.0,0.0,0.0,1.0,-1
"((diabDur <= 4.479) U[1,2] (HDL >= 3.426))
",-9999999.000,-9999999.000,0.000,0.000,1.000,0,0,0,3,3,0,0,3,0.0,0.0,0.0,0.0,0.0,1.0,-1
"F[1,2](((BldPrSys >= 117.541 | UnitsInsBasalOrLongAct >= 8.669) | Pt_ChildT1D >= 13.700) & HbA1c <= 18.350)
",-9999999.000,-9999999.000,0.000,0.000,1.000,0,0,0,3,3,0,0,3,0.0,0.0,0.0,0.0,0.0,1.0,-1
"F[0,2](BldPrSys >= 111.059 -> Pt_A1cGoalLev >= 1.101)
",-9999999.000,-9999999.000,0.000,0.000,1.000,0,0,0,3,3,0,0,3,0.0,0.0,0.0,0.0,0.0,1.0,-1
"F[0,2](diabDur <= 4.521 | HbA1c >= 6.076)
",-9999999.000,-9999999.000,0.000,0.000,1.000,0,0,0,3,3,0,0,3,0.0,0.0,0.0,0.0,0.0,1.0,-1
"F[1,2](((BGTestAvgNumPtRep <= 3.311 & bmi >= 23.686) & Pt_FatherT1D <= 23.948) | Pt_GrandparentT1D >= 23.706)
",-9999999.000,-9999999.000,0.000,0.000,1.000,0,0,0,3,3,0,0,3,0.0,0.0,0.0,0.0,0.0,1.0,-1
"G[2,2]((Pt_MotherT1D >= 0.000 | BldPrDia >= 69.743) | SMBGperDayPtMeterCombo <= 75.160)
",75.160,75.160,0.000,1.000,0.000,0,0,3,0,0,3,3,0,0.0,0.0,1.0,0.0,0.0,1.0,1
"((bmi <= 25.114) U[0,2] (SMBGperDayPtMeterCombo >= 2.402))
",-9999999.000,-9999999.000,0.000,0.000,1.000,0,0,0,3,3,0,0,3,0.0,0.0,0.0,0.0,0.0,1.0,-1
"F[0,1](((HbA1c <= 8.960 & UnitsInsBasalOrLongAct >= 1.103) -> WeightKg <= 21.059) | Pt_InsGov <= 23.096)
",-9999999.000,-9999999.000,0.000,0.000,1.000,0,0,0,3,3,0,0,3,0.0,0.0,0.0,0.0,0.0,1.0,-1
"F[0,2]((AlbCreatRat_mggNew <= 6.064 & HbA1c <= 9.665) -> TotChol <= 8.395)
",-9999999.000,-9999999.000,0.000,0.000,1.000,0,0,0,3,3,0,0,3,0.0,0.0,0.0,0.0,0.0,1.0,-1
"((bmi <= 24.605) U[1,2] (bmiZscore >= -0.122))
",-9999999.000,-9999999.000,0.000,0.000,1.000,0,0,0,3,3,0,0,3,0.0,0.0,0.0,0.0,0.0,1.0,-1
"F[0,2](((BGTestAvgNumPtRep <= 3.847 & TSH <= 0.687) & AlbCreatRat_mggNew >= 0.031) | Pt_MotherT1D >= 0.171)
",-9999999.000,-9999999.000,0.000,0.000,1.000,0,0,0,3,3,0,0,3,0.0,0.0,0.0,0.0,0.0,1.0,-1
"F[0,2]((BGTestAvgNumPtRep <= 3.890 | GFR >= 6.763) | HbA1c <= 50.882)
",-9999999.000,-9999999.000,0.000,0.000,1.000,0,0,0,3,3,0,0,3,0.0,0.0,0.0,0.0,0.0,1.0,-1
"F[1,2](HeightCm >= 172.867 & SMBGperDayPtMeterCombo <= 3.765)
",-9999999.000,-9999999.000,0.000,0.000,1.000,0,0,0,3,3,0,0,3,0.0,0.0,0.0,0.0,0.0,1.0,-1
"F[1,2](((BUN <= 15.847 -> Pt_A1cGoalLev >= 0.936) | age <= 6.116) | bmiPerc <= 4.898)
",-9999999.000,-9999999.000,0.000,0.000,1.000,0,0,0,3,3,0,0,3,0.0,0.0,0.0,0.0,0.0,1.0,-1
"F[1,2](Pt_A1cGoalLev >= 0.202 | WeightKg >= 68.015)
",-9999999.000,-9999999.000,0.000,0.000,1.000,0,0,0,3,3,0,0,3,0.0,0.0,0.0,0.0,0.0,1.0,-1
"G[2,2]((Pt_ChildT1D <= 0.000 & diabDur <= 4.579) | bmiPerc <= 5.555)
",5.555,5.555,0.000,1.000,0.000,0,0,3,0,0,3,3,0,0.0,0.0,1.0,0.0,0.0,1.0,1
"G[2,2](((WeightKg <= 71.882 & TSH <= 1.057) & GFR <= 0.281) & BldPrDia <= 1.093)
",0.281,0.281,0.000,1.000,0.000,0,0,3,0,0,3,3,0,0.0,0.0,1.0,0.0,0.0,1.0,1
"G[1,2](AlbCreatRat_mggNew <= 5.901 & HDL >= 3.447)
",9999999.000,9999999.000,0.000,1.000,0.000,0,0,2,1,1,2,2,1,0.0,0.0,1.0,0.0,0.0,1.0,1
"G[1,1](((BldPrSys >= 118.700 | TotalDailyInsPerKg <= 0.314) -> Pt_MotherT1D >= 0.168) & AutonomicNeuroCl >= 0.201)
",-0.314,-0.314,0.000,1.000,0.000,0,0,1,2,2,1,1,2,0.0,0.0,1.0,0.0,0.0,1.0,1
"G[1,2](GFR <= 73.564 | LDL >= 2.510)
",9999999.000,9999999.000,0.000,1.000,0.000,0,0,3,0,0,3,3,0,0.0,0.0,1.0,0.0,0.0,1.0,1
"G[2,2](((HbA1c <= 8.656 -> Pt_InsGov >= 0.076) -> diagAgeCombo <= 0.858) | HbA1cImputeDtMnC >= 0.149)
",-0.149,-0.149,0.000,1.000,0.000,0,0,3,0,0,3,3,0,0.0,0.0,1.0,0.0,0.0,1.0,1
"G[0,2]((NumPumpBolusOrShortAct <= 4.694 -> SMBGperDayPtMeterCombo <= 3.616) -> DirectLDL >= 2.332)
",9999999.000,9999999.000,0.000,1.000,0.000,0,0,0,3,3,0,0,3,0.0,0.0,0.0,0.0,0.0,1.0,1
"G[1,2](((bmiZscore <= 0.118 -> diabDur >= 3.211) & TotalDailyInsPerKg <= 5.702) & age >= 2.102)
",9999999.000,9999999.000,0.000,1.000,0.000,0,0,3,0,0,3,3,0,0.0,0.0,1.0,0.0,0.0,1.0,1
"G[1,2](((HeightCm <= 173.582 -> Pt_A1cGoalLev >= 1.136) | bmiZscore >= 0.393) | UnitsInsBasalOrLongAct >= 0.949)
",9999999.000,9999999.000,0.000,1.000,0.000,0,0,3,0,0,3,3,0,0.0,0.0,1.0,0.0,0.0,1.0,1
"G[1,2](HDL >= 15.961 -> TSH >= 0.098)
",9999999.000,9999999.000,0.000,1.000,0.000,0,0,2,1,1,2,2,1,0.0,0.0,1.0,0.0,0.0,1.0,1
"G[0,2](BGTestAvgNumMeter <= 2.679 | WeightKg >= 69.721)
",9999999.000,9999999.000,0.000,1.000,0.000,0,0,2,1,1,2,2,1,0.0,0.0,1.0,0.0,0.0,1.0,1
"G[0,1](((BGTestAvgNumPtRep <= 2.834 & Pt_A1cGoalLev <= 3.864) | WeightKg >= 1.249) -> NumPumpBolusOrShortAct >= 0.119)
",9999999.000,9999999.000,0.000,1.000,0.000,0,0,0,3,3,0,0,3,0.0,0.0,0.0,0.0,0.0,1.0,1
"G[0,2]((AlbCreatRat_mggNew >= 3.924 -> Triglyc <= 91.689) | TSH <= 89.643)
",9999999.000,9999999.000,0.000,1.000,0.000,0,0,3,0,0,3,3,0,0.0,0.0,1.0,0.0,0.0,1.0,1
"G[1,2](((BGTestAvgNumMeter <= 3.034 -> Pt_A1cGoalLev >= 1.030) & HbA1c <= 2.537) -> Pt_GrandparentT1D <= 6.056)
",9999999.000,9999999.000,0.000,1.000,0.000,0,0,3,0,0,3,3,0,0.0,0.0,1.0,0.0,0.0,1.0,1
"G[1,2]((BGTestAvgNumMeter <= 3.358 | Pt_InsGov >= 0.075) -> HbA1c <= 0.343)
",9999999.000,9999999.000,0.000,1.000,0.000,0,0,2,1,1,2,2,1,0.0,0.0,1.0,0.0,0.0,1.0,1
"G[1,2](BldPrSys <= 126.748 & BUN <= 15.906)
",9999999.000,9999999.000,0.000,1.000,0.000,0,0,3,0,0,3,3,0,0.0,0.0,1.0,0.0,0.0,1.0,1
"G[0,2](((BUN >= 4.446 -> TotalDailyInsPerKg <= 0.841) -> Pt_A1cGoalLev <= 0.447) & UnitsInsBasalOrLongAct >= 0.203)
",9999999.000,9999999.000,0.000,1.000,0.000,0,0,2,1,1,2,2,1,0.0,0.0,1.0,0.0,0.0,1.0,1
"G[0,2](((BUN >= 6.032 -> SMBGperDayPtMeterCombo <= 3.203) & Pt_FatherT1D <= 3.900) & AlbCreatRat_mggNew <= 3.060)
",9999999.000,9999999.000,0.000,1.000,0.000,0,0,0,3,3,0,0,3,0.0,0.0,0.0,0.0,0.0,1.0,1
"G[0,2]((age >= 18.973 | BldPrDia <= 72.541) & diagAgeCombo >= 67.366)
",9999999.000,9999999.000,0.000,1.000,0.000,0,0,0,3,3,0,0,3,0.0,0.0,0.0,0.0,0.0,1.0,1
"G[2,2](((HbA1c <= 8.982 -> TSH <= 0.836) & Pt_SHFlg >= 0.046) -> Pt_GrandparentT1D <= 0.357)
",-0.357,-0.357,0.000,1.000,0.000,0,0,3,0,0,3,3,0,0.0,0.0,1.0,0.0,0.0,1.0,1
"G[0,1](((AlbCreatRat_mggNew <= 7.664 -> HeightCm >= 172.914) | Pt_MotherT1D >= 173.154) & BGTestAvgNumPtRep >= 173.129)
",9999999.000,9999999.000,0.000,1.000,0.000,0,0,0,3,3,0,0,3,0.0,0.0,0.0,0.0,0.0,1.0,1
"G[2,2](BGTestAvgNumMeter >= 1.453 | BUN >= 6.188)
",-1.453,-1.453,0.000,1.000,0.000,0,0,3,0,0,3,3,0,0.0,0.0,1.0,0.0,0.0,1.0,1
"G[1,2](BGTestAvgNumPtRep >= 1.048 & UnitsInsBasalOrLongAct <= 28.407)
",9999999.000,9999999.000,0.000,1.000,0.000,0,0,2,1,1,2,2,1,0.0,0.0,1.0,0.0,0.0,1.0,1
"G[0,1](((BldPrSys >= 116.720 -> HbA1c >= 8.077) & Pt_SiblingT1D >= 6.393) & BGTestAvgNumPtRep >= 7.113)
",9999999.000,9999999.000,0.000,1.000,0.000,0,0,0,3,3,0,0,3,0.0,0.0,0.0,0.0,0.0,1.0,1
"G[0,2]((HbA1cImputeDtMnC >= 16.351 | TotalDailyInsPerKg <= 0.658) -> Pt_ChildT1D <= 0.491)
",9999999.000,9999999.000,0.000,1.000,0.000,0,0,3,0,0,3,3,0,0.0,0.0,1.0,0.0,0.0,1.0,1
"G[1,2](((GFR >= 13.958 | HbA1cImputeDtMnC <= 31.301) -> Pt_A1cGoalLevelDsYr5 <= 40.304) | TotalDailyInsPerKg <= 41.722)
",9999999.000,9999999.000,0.000,1.000,0.000,0,0,3,0,0,3,3,0,0.0,0.0,1.0,0.0,0.0,1.0,1
"G[0,2]((HDL >= 29.673 -> WeightKg >= 67.961) & HeightCm <= 73.319)
",9999999.000,9999999.000,0.000,1.000,0.000,0,0,0,3,3,0,0,3,0.0,0.0,0.0,0.0,0.0,1.0,1
"G[2,2](bmi >= 22.655 & HDL <= 42.330)
",-22.655,-22.655,0.000,1.000,0.000,0,0,3,0,0,3,3,0,0.0,0.0,1.0,0.0,0.0,1.0,1
"G[2,2]((Triglyc >= 33.512 -> DirectLDL <= 0.000) & HbA1cImputeDtMnC <= 0.000)
",0.000,0.000,0.000,1.000,0.000,0,0,3,0,0,3,3,0,0.0,0.0,1.0,0.0,0.0,1.0,1
"G[0,2](bmi >= 23.590 & LDL <= 95.246)
",9999999.000,9999999.000,0.000,1.000,0.000,0,0,1,2,2,1,1,2,0.0,0.0,1.0,0.0,0.0,1.0,1
"G[0,1](((bmi <= 24.610 -> Pt_FatherT1D >= 0.000) | TotalDailyInsPerKg <= 0.000) & age <= 0.000)
",9999999.000,9999999.000,0.000,1.000,0.000,0,0,0,3,3,0,0,3,0.0,0.0,0.0,0.0,0.0,1.0,1
"G[0,1](((Triglyc >= 44.753 & HbA1c >= 6.887) -> WeightKg <= 10.850) & UnitsInsBasalOrLongAct <= 9.767)
",9999999.000,9999999.000,0.000,1.000,0.000,0,0,0,3,3,0,0,3,0.0,0.0,0.0,0.0,0.0,1.0,1
"G[1,2]((BldPrSys <= 127.998 & WeightKg >= 69.649) & HbA1c <= 73.000)
",9999999.000,9999999.000,0.000,1.000,0.000,0,0,3,0,0,3,3,0,0.0,0.0,1.0,0.0,0.0,1.0,1
"G[0,2](Pt_GrandparentT1D <= 0.000 & HbA1c <= 8.613)
",9999999.000,9999999.000,0.000,1.000,0.000,0,0,1,2,2,1,1,2,0.0,0.0,1.0,0.0,0.0,1.0,1
"G[1,2](BGTestAvgNumMeter <= 3.022 & BldPrSys >= 118.119)
",9999999.000,9999999.000,0.000,1.000,0.000,0,0,2,1,1,2,2,1,0.0,0.0,1.0,0.0,0.0,1.0,1
"G[2,2]((HbA1c <= 8.542 -> HeightCm >= 172.964) | UnitsInsBasalOrLongAct <= 173.735)
",173.735,173.735,0.000,1.000,0.000,0,0,3,0,0,3,3,0,0.0,0.0,1.0,0.0,0.0,1.0,1
"G[0,2](HDL <= 55.843 -> NumPumpBolusOrShortAct >= 0.381)
",9999999.000,9999999.000,0.000,1.000,0.000,0,0,1,2,2,1,1,2,0.0,0.0,1.0,0.0,0.0,1.0,1
"G[1,2](((BldPrDia <= 72.888 -> age <= 20.333) & diabDur <= 20.335) -> DirectLDL >= 19.770)
",9999999.000,9999999.000,0.000,1.000,0.000,0,0,2,1,1,2,2,1,0.0,0.0,1.0,0.0,0.0,1.0,1
"G[0,1]((TSH >= 0.204 | HeightCm >= 173.112) | Pt_SiblingT1D >= 173.066)
",9999999.000,9999999.000,0.000,1.000,0.000,0,0,1,2,2,1,1,2,0.0,0.0,1.0,0.0,0.0,1.0,1
"G[0,1](((Pt_FatherT1D <= 0.000 | BUN >= 6.147) & NumPumpBolusOrShortAct <= 8.069) & GFR >= 0.812)
",9999999.000,9999999.000,0.000,1.000,0.000,0,0,1,2,2,1,1,2,0.0,0.0,1.0,0.0,0.0,1.0,1
"G[0,2](BldPrSys <= 124.808 & Pt_ChildT1D >= 0.000)
",9999999.000,9999999.000,0.000,1.000,0.000,0,0,2,1,1,2,2,1,0.0,0.0,1.0,0.0,0.0,1.0,1
"G[2,2](TotalDailyInsPerKg <= 0.323 | Pt_A1cGoalLev <= 5.122)
",5.122,5.122,0.000,1.000,0.000,0,0,3,0,0,3,3,0,0.0,0.0,1.0,0.0,0.0,1.0,1
"G[2,2]((AutonomicNeuroCl <= 0.000 & WeightKg <= 74.753) -> NumPumpBolusOrShortAct <= 75.855)
",-75.855,-75.855,0.000,1.000,0.000,0,0,3,0,0,3,3,0,0.0,0.0,1.0,0.0,0.0,1.0,1
"G[0,2](((BldPrSys >= 113.637 & NumPumpBolusOrShortAct <= 3.841) & TotChol <= 3.543) -> bmi >= 1.298)
",9999999.000,9999999.000,0.000,1.000,0.000,0,0,3,0,0,3,3,0,0.0,0.0,1.0,0.0,0.0,1.0,1
"G[1,2]((HbA1c <= 10.127 & Pt_GrandparentT1D <= 0.000) -> AlbCreatRat_mggNew >= 0.000)
",9999999.000,9999999.000,0.000,1.000,0.000,0,0,3,0,0,3,3,0,0.0,0.0,1.0,0.0,0.0,1.0,1
"G[2,2](((Pt_MotherT1D <= 0.000 -> DirectLDL >= 0.000) | Pt_ChildT1D >= 0.000) | BGTestAvgNumMeter >= 0.000)
",0.000,0.000,0.000,1.000,0.000,0,0,3,0,0,3,3,0,0.0,0.0,1.0,0.0,0.0,1.0,1
"G[2,2]((BGTestAvgNumPtRep <= 3.712 | Pt_GrandchildT1D <= 0.000) & AlbCreatRat_mggNew <= 0.000)
",0.000,0.000,0.000,1.000,0.000,0,0,3,0,0,3,3,0,0.0,0.0,1.0,0.0,0.0,1.0,1
"G[1,2]((WeightKg <= 72.801 -> HeightCm <= 173.693) | HeightCm >= 173.095)
",9999999.000,9999999.000,0.000,1.000,0.000,0,0,3,0,0,3,3,0,0.0,0.0,1.0,0.0,0.0,1.0,1
"G[0,0](Pt_A1cGoalLev >= 0.627 & DirectLDL <= 0.000)
",-346.800,-173.400,0.000,1.000,0.000,0,0,0,3,3,0,0,3,0.0,0.0,0.0,0.0,0.0,1.0,1
"G[1,2](((TotChol >= 23.348 -> DirectLDL <= 0.000) -> SMBGperDayPtMeterCombo <= 0.000) | SMBGperDayPtMeterCombo <= 0.000)
",9999999.000,9999999.000,0.000,1.000,0.000,0,0,1,2,2,1,1,2,0.0,0.0,1.0,0.0,0.0,1.0,1
"G[1,1]((HeightCm >= 172.900 | TotChol <= 175.073) & TotalDailyInsPerKg >= 13.788)
",-13.788,-13.788,0.000,1.000,0.000,0,0,1,2,2,1,1,2,0.0,0.0,1.0,0.0,0.0,1.0,1
"G[1,2](Pt_GrandparentT1D >= 0.000 -> HbA1cImputeDtMnC <= 36.992)
",9999999.000,9999999.000,0.000,1.000,0.000,0,0,2,1,1,2,2,1,0.0,0.0,1.0,0.0,0.0,1.0,1
"G[0,2]((Pt_A1cGoalLev >= 1.150 & age >= 19.525) -> TotalDailyInsPerKg >= 18.283)
",9999999.000,9999999.000,0.000,1.000,0.000,0,0,3,0,0,3,3,0,0.0,0.0,1.0,0.0,0.0,1.0,1
"F[0,1](((WeightKg <= 75.260 & Pt_SHFlg >= 0.000) -> Pt_SHFlg >= 0.000) & Pt_GrandchildT1D >= 0.000)
",-9999999.000,-9999999.000,0.000,0.000,1.000,0,0,0,3,3,0,0,3,0.0,0.0,0.0,0.0,0.0,1.0,-1
