Rule,Discrimination Score,Pos Robustness,Neg Robustness,Percent Class +,Percent Class -,TP,TN,FP,FN,Actual Yes,Actual No,Predicted Yes,Predicted No,TPR/Sens,TNR/Spec,FPR,Precision,Accuracy,MCR
"F[0,1]((TSH <= 0.608 & DirectLDL >= 0.026) & DirectLDL <= 0.898)
",-9999999.000,-9999999.000,0.000,0.000,1.000,3,0,0,0,3,0,3,0,1.0,0,0,1.0,1.0,0.0
"F[0,0](((HbA1cImputeDtMnC >= 18.668 | UnitsInsBasalOrLongAct <= 33.245) -> bmiPerc >= 22.989) & BldPrSys >= 27.448)
",-57.520,-27.115,0.000,0.000,1.000,3,0,0,0,3,0,3,0,1.0,0,0,1.0,1.0,0.0
"F[0,0](Pt_InsGov > 0.000 & Pt_SHFlg = 0.000)
",-1.407,-47.746,0.000,0.000,1.000,3,0,0,0,3,0,3,0,1.0,0,0,1.0,1.0,0.0
"((AlbCreatRat_mggNew <= 25.770) U[1,1] (Pt_GrandparentT1D >= 0.163))
",25.770,25.770,0.000,0.000,1.000,3,0,0,0,3,0,3,0,1.0,0,0,1.0,1.0,0.0
"((Pt_ChildT1D > 0.000) U[1,2] (Pt_SHFlg = 0.000))
",-9999999.000,-9999999.000,0.000,0.000,1.000,3,0,0,0,3,0,3,0,1.0,0,0,1.0,1.0,0.0
"F[0,1](Pt_A1cGoalLev < 0.000 & Pt_SHFlg = 0.000)
",-9999999.000,-9999999.000,0.000,0.000,1.000,3,0,0,0,3,0,3,0,1.0,0,0,1.0,1.0,0.0
"F[0,1](Pt_A1cGoalLevelDsYr5 > 0.000 & Pt_SHFlg = 0.000)
",-9999999.000,-9999999.000,0.000,0.000,1.000,3,0,0,0,3,0,3,0,1.0,0,0,1.0,1.0,0.0
"((WeightKg > 8.977) U[1,2] (Pt_SHFlg = 0.000))
",-9999999.000,-9999999.000,0.000,0.000,1.000,3,0,0,0,3,0,3,0,1.0,0,0,1.0,1.0,0.0
"((DirectLDL >= 0.152) U[1,1] (Pt_MotherT1D >= 0.000))
",0.000,0.000,0.000,0.000,1.000,3,0,0,0,3,0,3,0,1.0,0,0,1.0,1.0,0.0
"F[1,1]((bmi >= 3.685 | DirectLDL <= 0.481) -> TotChol >= 0.034)
",-0.481,-0.481,0.000,0.000,1.000,3,0,0,0,3,0,3,0,1.0,0,0,1.0,1.0,0.0
"F[1,1](((BGTestAvgNumPtRep <= 5.328 -> HbA1cImputeDtMnC >= 1.098) -> bmiPerc >= 29.707) & TSH <= 73.788)
",5.328,5.328,0.000,0.000,1.000,3,0,0,0,3,0,3,0,1.0,0,0,1.0,1.0,0.0
"F[0,1](DirectLDL >= 0.094 & UnitsInsBasalOrLongAct <= 39.301)
",-9999999.000,-9999999.000,0.000,0.000,1.000,3,0,0,0,3,0,3,0,1.0,0,0,1.0,1.0,0.0
"((DirectLDL > 0.120) U[1,2] (Pt_SHFlg = 0.000))
",-9999999.000,-9999999.000,0.000,0.000,1.000,3,0,0,0,3,0,3,0,1.0,0,0,1.0,1.0,0.0
"F[0,1](((Triglyc >= 9.720 | Pt_SHFlg >= 0.000) & diabDur <= 0.000) & Pt_SiblingT1D <= 0.000)
",-9999999.000,-9999999.000,0.000,0.000,1.000,3,0,0,0,3,0,3,0,1.0,0,0,1.0,1.0,0.0
"((Pt_SiblingT1D >= 0.054) U[1,1] (TSH >= 0.255))
",-0.054,-0.054,0.000,0.000,1.000,3,0,0,0,3,0,3,0,1.0,0,0,1.0,1.0,0.0
"F[0,1](BldPrDia >= 70.428 & HbA1c <= 7.174)
",-9999999.000,-9999999.000,0.000,0.000,1.000,3,0,0,0,3,0,3,0,1.0,0,0,1.0,1.0,0.0
"F[1,1](((bmiZscore >= 0.083 | TotChol <= 72.748) & Pt_CGMUseNumDays <= 91.861) -> SMBGperDayPtMeterCombo >= 23.906)
",-72.748,-72.748,0.000,0.000,1.000,3,0,0,0,3,0,3,0,1.0,0,0,1.0,1.0,0.0
"F[0,0](((HbA1cImputeDtMnC <= 43.763 | TSH >= 0.121) & Pt_A1cGoalLevelDsYr5 >= 0.139) & bmiZscore <= 0.976)
",-0.139,-0.139,0.000,0.000,1.000,3,0,0,0,3,0,3,0,1.0,0,0,1.0,1.0,0.0
"F[0,0]((AlbCreatRat_mggNew <= 19.949 & HbA1cImputeDtMnC <= 55.166) & AutonomicNeuroCl >= 28.555)
",-47.563,-21.389,0.000,0.000,1.000,3,0,0,0,3,0,3,0,1.0,0,0,1.0,1.0,0.0
"F[0,0](((Pt_FatherT1D <= 0.000 & age >= 45.912) & BGTestAvgNumPtRep >= 45.187) & Pt_GrandparentT1D >= 47.106)
",-47.106,-47.106,0.000,0.000,1.000,3,0,0,0,3,0,3,0,1.0,0,0,1.0,1.0,0.0
"F[0,1]((Pt_SiblingT1D >= 0.080 & SMBGperDayPtMeterCombo <= 6.537) & bmiPerc <= 4.817)
",-9999999.000,-9999999.000,0.000,0.000,1.000,3,0,0,0,3,0,3,0,1.0,0,0,1.0,1.0,0.0
"F[0,1]((BGTestAvgNumMeter <= 1.709 | diabDur <= 44.787) & bmiZscore >= 39.962)
",-9999999.000,-9999999.000,0.000,0.000,1.000,3,0,0,0,3,0,3,0,1.0,0,0,1.0,1.0,0.0
"F[0,1](Pt_CGMUseNumDays < 0.000 & Pt_SHFlg = 0.000)
",-9999999.000,-9999999.000,0.000,0.000,1.000,3,0,0,0,3,0,3,0,1.0,0,0,1.0,1.0,0.0
"F[1,1]((BldPrSys >= 119.655 -> LDL <= 124.186) & GFR >= 48.361)
",-8738778935504445.000,-124.186,0.000,0.000,1.000,3,0,0,0,3,0,3,0,1.0,0,0,1.0,1.0,0.0
"F[1,1]((HbA1cImputeDtMnC <= 59.652 -> bmiZscore <= 0.223) & NumPumpBolusOrShortAct >= 0.055)
",-8395254459580685.000,-59.652,0.000,0.000,1.000,3,0,0,0,3,0,3,0,1.0,0,0,1.0,1.0,0.0
"F[1,1]((HDL >= 7.234 & UnitsInsBasalOrLongAct >= 16.908) & Pt_InsGov >= 11.215)
",-16.908,-16.908,0.000,0.000,1.000,3,0,0,0,3,0,3,0,1.0,0,0,1.0,1.0,0.0
"F[0,0](Pt_CGMUseNumDays < 0.000 & Pt_SHFlg = 0.000)
",-1923.000,-1923.000,0.000,0.000,1.000,3,0,0,0,3,0,3,0,1.0,0,0,1.0,1.0,0.0
"F[1,1]((GFR >= 0.000 | Pt_GrandparentT1D <= 0.746) & Pt_SiblingT1D >= 0.001)
",-0.001,-0.001,0.000,0.000,1.000,3,0,0,0,3,0,3,0,1.0,0,0,1.0,1.0,0.0
"F[1,1]((Pt_InsGov <= 0.000 | Pt_GrandparentT1D >= 0.158) & Pt_SHFlg >= 0.042)
",-0.042,-0.042,0.000,0.000,1.000,3,0,0,0,3,0,3,0,1.0,0,0,1.0,1.0,0.0
"((BGTestAvgNumMeter >= 0.364) U[1,2] (BGTestAvgNumPtRep <= 6.275))
",-9999999.000,-9999999.000,0.000,0.000,1.000,2,0,0,1,3,0,2,1,0.6666666666666666,0,0,1.0,0.6666666666666666,0.33333333333333337
"F[0,0]((AlbCreatRat_mggNew <= 23.054 & BldPrDia <= 74.032) -> SMBGperDayPtMeterCombo >= 71.198)
",-0.390,-1.469,0.000,0.000,1.000,2,0,0,1,3,0,2,1,0.6666666666666666,0,0,1.0,0.6666666666666666,0.33333333333333337
"F[0,1](((Triglyc <= 94.189 | BldPrDia <= 77.686) -> Pt_ChildT1D >= 73.043) & BGTestAvgNumMeter <= 76.483)
",-9999999.000,-9999999.000,0.000,0.000,1.000,2,0,0,1,3,0,2,1,0.6666666666666666,0,0,1.0,0.6666666666666666,0.33333333333333337
"F[0,0](((HbA1cImputeDtMnC >= 32.027 & SMBGperDayPtMeterCombo <= 6.005) | LDL <= 5.211) -> bmi >= 4.019)
",-5.211,-5.211,0.000,0.000,1.000,2,0,0,1,3,0,2,1,0.6666666666666666,0,0,1.0,0.6666666666666666,0.33333333333333337
"((LDL <= 129.869) U[1,1] (TSH <= 1.036))
",129.869,129.869,0.000,0.000,1.000,2,0,0,1,3,0,2,1,0.6666666666666666,0,0,1.0,0.6666666666666666,0.33333333333333337
"F[0,1](((BUN >= 1.043 & Triglyc >= 21.337) -> HbA1cImputeDtMnC <= 89.132) & WeightKg >= 34.381)
",-9999999.000,-9999999.000,0.000,0.000,1.000,2,0,0,1,3,0,2,1,0.6666666666666666,0,0,1.0,0.6666666666666666,0.33333333333333337
"((BGTestAvgNumMeter >= 0.172) U[0,0] (BGTestAvgNumPtRep <= 4.367))
",1.649,30.674,0.000,0.000,1.000,2,0,0,1,3,0,2,1,0.6666666666666666,0,0,1.0,0.6666666666666666,0.33333333333333337
"F[0,1](((WeightKg <= 47.042 & diabDur <= 43.538) -> Pt_InsGov >= 39.178) | Pt_A1cGoalLevelDsYr5 >= 40.611)
",-9999999.000,-9999999.000,0.000,0.000,1.000,2,0,0,1,3,0,2,1,0.6666666666666666,0,0,1.0,0.6666666666666666,0.33333333333333337
"((HbA1c < 7.177) U[1,1] (Pt_SHFlg = 0.000))
",7.177,7.177,0.000,0.000,1.000,2,0,0,1,3,0,2,1,0.6666666666666666,0,0,1.0,0.6666666666666666,0.33333333333333337
"((LDL <= 114.902) U[1,1] (UnitsInsBasalOrLongAct <= 38.439))
",8085508410535829.000,114.902,0.000,0.000,1.000,2,0,0,1,3,0,2,1,0.6666666666666666,0,0,1.0,0.6666666666666666,0.33333333333333337
"F[1,1](((BldPrDia >= 70.550 -> Pt_GrandparentT1D <= 0.551) & BldPrDia >= 0.110) -> HDL >= 0.153)
",0.153,0.153,0.000,0.000,1.000,2,0,0,1,3,0,2,1,0.6666666666666666,0,0,1.0,0.6666666666666666,0.33333333333333337
"((BGTestAvgNumMeter >= 1.066) U[1,2] (BGTestAvgNumPtRep <= 4.697))
",-9999999.000,-9999999.000,0.000,0.000,1.000,2,0,0,1,3,0,2,1,0.6666666666666666,0,0,1.0,0.6666666666666666,0.33333333333333337
"F[0,0](BldPrSys <= 127.971 -> bmiZscore >= 0.067)
",-270.760,-127.637,0.000,0.000,1.000,2,0,0,1,3,0,2,1,0.6666666666666666,0,0,1.0,0.6666666666666666,0.33333333333333337
"F[0,0](BldPrDia >= 72.050 & Triglyc <= 108.250)
",0.065,4.050,0.000,0.000,1.000,2,0,0,1,3,0,2,1,0.6666666666666666,0,0,1.0,0.6666666666666666,0.33333333333333337
"F[0,1](Pt_A1cGoalLev >= 0.000 & TotChol >= 23.693)
",-9999999.000,-9999999.000,0.000,0.000,1.000,2,0,0,1,3,0,2,1,0.6666666666666666,0,0,1.0,0.6666666666666666,0.33333333333333337
"F[1,1]((AlbCreatRat_mggNew <= 16.851 -> BGTestAvgNumPtRep <= 6.948) -> HDL >= 3.191)
",3.191,3.191,0.000,0.000,1.000,2,0,0,1,3,0,2,1,0.6666666666666666,0,0,1.0,0.6666666666666666,0.33333333333333337
"((Pt_InsGov <= 0.000) U[0,0] (BldPrDia >= 72.651))
",7.275,48.016,0.000,0.000,1.000,2,0,0,1,3,0,2,1,0.6666666666666666,0,0,1.0,0.6666666666666666,0.33333333333333337
"F[1,1](DirectLDL > 0.164 & Pt_SHFlg = 0.000)
",-0.164,-0.164,0.000,0.000,1.000,2,0,0,1,3,0,2,1,0.6666666666666666,0,0,1.0,0.6666666666666666,0.33333333333333337
"((HbA1c <= 7.549) U[0,1] (UnitsInsBasalOrLongAct <= 29.012))
",-9999999.000,-9999999.000,0.000,0.000,1.000,2,0,0,1,3,0,2,1,0.6666666666666666,0,0,1.0,0.6666666666666666,0.33333333333333337
"((DirectLDL <= 0.997) U[0,1] (TotChol >= 29.066))
",-9999999.000,-9999999.000,0.000,0.000,1.000,2,0,0,1,3,0,2,1,0.6666666666666666,0,0,1.0,0.6666666666666666,0.33333333333333337
"((Pt_GrandchildT1D >= 0.000) U[0,1] (WeightKg >= 12.036))
",-9999999.000,-9999999.000,0.000,0.000,1.000,2,0,0,1,3,0,2,1,0.6666666666666666,0,0,1.0,0.6666666666666666,0.33333333333333337
"((BGTestAvgNumMeter >= 0.818) U[1,2] (BGTestAvgNumPtRep <= 4.646))
",-9999999.000,-9999999.000,0.000,0.000,1.000,2,0,0,1,3,0,2,1,0.6666666666666666,0,0,1.0,0.6666666666666666,0.33333333333333337
"F[0,1](Pt_ChildT1D >= 0.000 & TotChol >= 0.925)
",-9999999.000,-9999999.000,0.000,0.000,1.000,2,0,0,1,3,0,2,1,0.6666666666666666,0,0,1.0,0.6666666666666666,0.33333333333333337
"((Pt_MotherT1D >= 0.000) U[0,1] (TSH >= 0.022))
",-9999999.000,-9999999.000,0.000,0.000,1.000,2,0,0,1,3,0,2,1,0.6666666666666666,0,0,1.0,0.6666666666666666,0.33333333333333337
"((BGTestAvgNumMeter <= 1.657) U[1,2] (BldPrDia <= 79.501))
",-9999999.000,-9999999.000,0.000,0.000,1.000,1,0,0,2,3,0,1,2,0.3333333333333333,0,0,1.0,0.3333333333333333,0.6666666666666667
"F[0,1]((TotChol <= 63.171 & WeightKg <= 85.486) -> TSH >= 1.051)
",-9999999.000,-9999999.000,0.000,0.000,1.000,1,0,0,2,3,0,1,2,0.3333333333333333,0,0,1.0,0.3333333333333333,0.6666666666666667
"F[0,0]((Pt_InsGov <= 0.000 -> BldPrDia >= 71.630) & BGTestAvgNumPtRep <= 74.316)
",-7.430,-49.037,0.000,0.000,1.000,1,0,0,2,3,0,1,2,0.3333333333333333,0,0,1.0,0.3333333333333333,0.6666666666666667
"((BGTestAvgNumMeter >= 1.042) U[0,0] (BGTestAvgNumPtRep <= 5.719))
",1.740,30.545,0.000,0.000,1.000,1,0,0,2,3,0,1,2,0.3333333333333333,0,0,1.0,0.3333333333333333,0.6666666666666667
"((HbA1c >= 6.877) U[1,2] (HDL >= 4.052))
",-9999999.000,-9999999.000,0.000,0.000,1.000,1,0,0,2,3,0,1,2,0.3333333333333333,0,0,1.0,0.3333333333333333,0.6666666666666667
"((BldPrDia <= 74.147) U[1,2] (HDL <= 47.513))
",-9999999.000,-9999999.000,0.000,0.000,1.000,1,0,0,2,3,0,1,2,0.3333333333333333,0,0,1.0,0.3333333333333333,0.6666666666666667
"((Pt_SiblingT1D <= 0.330) U[1,1] (Pt_ChildT1D >= 0.000))
",0.330,0.330,0.000,0.000,1.000,1,0,0,2,3,0,1,2,0.3333333333333333,0,0,1.0,0.3333333333333333,0.6666666666666667
"F[1,1](AlbCreatRat_mggNew >= 2.297 & Pt_InsGov <= 0.000)
",-2.297,-2.297,0.000,0.000,1.000,1,0,0,2,3,0,1,2,0.3333333333333333,0,0,1.0,0.3333333333333333,0.6666666666666667
"((UnitsInsBasalOrLongAct >= 23.643) U[1,2] (Pt_SHFlg = 0.000))
",-9999999.000,-9999999.000,0.000,0.000,1.000,1,0,0,2,3,0,1,2,0.3333333333333333,0,0,1.0,0.3333333333333333,0.6666666666666667
"((UnitsInsBasalOrLongAct <= 39.562) U[1,2] (diagAgeCombo >= 5.000))
",-9999999.000,-9999999.000,0.000,0.000,1.000,1,0,0,2,3,0,1,2,0.3333333333333333,0,0,1.0,0.3333333333333333,0.6666666666666667
"F[0,0](AlbCreatRat_mggNew <= 25.989 -> Triglyc <= 105.549)
",-2.107,-79.029,0.000,0.000,1.000,1,0,0,2,3,0,1,2,0.3333333333333333,0,0,1.0,0.3333333333333333,0.6666666666666667
"((AutonomicNeuroCl >= 1.000) U[0,0] (BUN >= 0.528))
",1.514,46.381,0.000,0.000,1.000,1,0,0,2,3,0,1,2,0.3333333333333333,0,0,1.0,0.3333333333333333,0.6666666666666667
"((diabDur <= 42.498) U[1,2] (Pt_SHFlg = 0.000))
",-9999999.000,-9999999.000,0.000,0.000,1.000,1,0,0,2,3,0,1,2,0.3333333333333333,0,0,1.0,0.3333333333333333,0.6666666666666667
"((Triglyc >= 44.893) U[0,0] (age >= 45.413))
",0.213,19.267,0.000,0.000,1.000,1,0,0,2,3,0,1,2,0.3333333333333333,0,0,1.0,0.3333333333333333,0.6666666666666667
"F[0,1](((AutonomicNeuroCl <= 1.000 & HbA1cImputeDtMnC >= 36.139) | Pt_ChildT1D >= 25.501) -> bmiPerc >= 14.526)
",-9999999.000,-9999999.000,0.000,0.000,1.000,1,0,0,2,3,0,1,2,0.3333333333333333,0,0,1.0,0.3333333333333333,0.6666666666666667
"F[1,1]((AutonomicNeuroCl >= 1.000 & diagAgeCombo <= 5.000) & LDL >= 5.000)
",-5.000,-5.000,0.000,0.000,1.000,1,0,0,2,3,0,1,2,0.3333333333333333,0,0,1.0,0.3333333333333333,0.6666666666666667
"((BGTestAvgNumMeter >= 1.155) U[0,0] (BGTestAvgNumPtRep <= 7.733))
",1.881,31.141,0.000,0.000,1.000,1,0,0,2,3,0,1,2,0.3333333333333333,0,0,1.0,0.3333333333333333,0.6666666666666667
"F[0,0](TotChol <= 117.479 -> Pt_SiblingT1D <= 0.402)
",-4.377,-89.146,0.000,0.000,1.000,1,0,0,2,3,0,1,2,0.3333333333333333,0,0,1.0,0.3333333333333333,0.6666666666666667
"((Pt_SiblingT1D <= 0.828) U[0,1] (BGTestAvgNumPtRep >= 0.868))
",-9999999.000,-9999999.000,0.000,0.000,1.000,1,0,0,2,3,0,1,2,0.3333333333333333,0,0,1.0,0.3333333333333333,0.6666666666666667
"F[1,1](GFR >= 0.000 & SMBGperDayPtMeterCombo <= 4.805)
",0.000,0.000,0.000,0.000,1.000,1,0,0,2,3,0,1,2,0.3333333333333333,0,0,1.0,0.3333333333333333,0.6666666666666667
"((Pt_SiblingT1D <= 0.725) U[1,2] (LDL >= 6.609))
",-9999999.000,-9999999.000,0.000,0.000,1.000,1,0,0,2,3,0,1,2,0.3333333333333333,0,0,1.0,0.3333333333333333,0.6666666666666667
"F[1,2](Pt_ChildT1D >= 0.000 | Pt_InsGov >= 0.000)
",-9999999.000,-9999999.000,0.000,0.000,1.000,0,0,0,3,3,0,0,3,0.0,0,0,0.0,0.0,1.0
"F[1,2](UnitsInsBasalOrLongAct <= 41.568 | HbA1cImputeDtMnC <= 49.753)
",-9999999.000,-9999999.000,0.000,0.000,1.000,0,0,0,3,3,0,0,3,0.0,0,0,0.0,0.0,1.0
"((Pt_SiblingT1D >= 0.058) U[0,2] (BUN >= 2.619))
",-9999999.000,-9999999.000,0.000,0.000,1.000,0,0,0,3,3,0,0,3,0.0,0,0,0.0,0.0,1.0
"((BGTestAvgNumPtRep >= 1.277) U[0,2] (BldPrDia >= 71.122))
",-9999999.000,-9999999.000,0.000,0.000,1.000,0,0,0,3,3,0,0,3,0.0,0,0,0.0,0.0,1.0
"F[1,1]((Pt_SHFlg <= 0.000 | bmi <= 6.780) -> age >= 1.820)
",-7634018367240963.000,-6.780,0.000,0.000,1.000,0,0,0,3,3,0,0,3,0.0,0,0,0.0,0.0,1.0
"F[1,2]((Pt_A1cGoalLevelDsYr5 >= 0.000 -> Pt_GrandchildT1D <= 0.000) & bmiZscore >= 0.000)
",-9999999.000,-9999999.000,0.000,0.000,1.000,0,0,0,3,3,0,0,3,0.0,0,0,0.0,0.0,1.0
"F[0,1]((AutonomicNeuroCl <= 1.000 | age <= 47.758) | AlbCreatRat_mggNew <= 48.072)
",-9999999.000,-9999999.000,0.000,0.000,1.000,0,0,0,3,3,0,0,3,0.0,0,0,0.0,0.0,1.0
"F[0,2]((BldPrDia <= 74.125 | TSH <= 0.916) & WeightKg <= 0.690)
",-9999999.000,-9999999.000,0.000,0.000,1.000,0,0,0,3,3,0,0,3,0.0,0,0,0.0,0.0,1.0
"F[0,1](Pt_DKAFlg >= 0.000 & HbA1c >= 6.675)
",-9999999.000,-9999999.000,0.000,0.000,1.000,0,0,0,3,3,0,0,3,0.0,0,0,0.0,0.0,1.0
"((GFR >= 0.000) U[1,2] (SMBGperDayPtMeterCombo <= 5.141))
",-9999999.000,-9999999.000,0.000,0.000,1.000,0,0,0,3,3,0,0,3,0.0,0,0,0.0,0.0,1.0
"F[0,1](Pt_SiblingT1D <= 0.719 -> BldPrSys >= 115.785)
",-9999999.000,-9999999.000,0.000,0.000,1.000,0,0,0,3,3,0,0,3,0.0,0,0,0.0,0.0,1.0
"F[2,2](((BGTestAvgNumPtRep <= 5.790 & HDL <= 34.245) -> NumPumpBolusOrShortAct <= 33.069) -> Pt_GrandparentT1D >= 7.183)
",7.183,7.183,0.000,0.000,1.000,0,0,0,3,3,0,0,3,0.0,0,0,0.0,0.0,1.0
"F[1,1](((AlbCreatRat_mggNew >= 0.687 -> bmiPerc <= 0.000) -> bmiPerc >= 0.000) | bmi >= 0.000)
",0.000,0.000,0.000,0.000,1.000,0,0,0,3,3,0,0,3,0.0,0,0,0.0,0.0,1.0
"F[0,2](HbA1c >= 6.911 -> Pt_A1cGoalLevelDsYr5 = 0.000)
",-9999999.000,-9999999.000,0.000,0.000,1.000,0,0,0,3,3,0,0,3,0.0,0,0,0.0,0.0,1.0
"F[1,2](((Pt_GrandchildT1D <= 0.000 & Pt_A1cGoalLevelDsYr5 <= 0.000) -> age <= 0.000) & bmiPerc <= 0.000)
",-9999999.000,-9999999.000,0.000,0.000,1.000,0,0,0,3,3,0,0,3,0.0,0,0,0.0,0.0,1.0
"F[0,1]((HbA1c >= 6.631 | Pt_InsGov >= 0.000) | AlbCreatRat_mggNew >= 0.000)
",-9999999.000,-9999999.000,0.000,0.000,1.000,0,0,0,3,3,0,0,3,0.0,0,0,0.0,0.0,1.0
"((bmiZscore <= 0.156) U[0,2] (BldPrDia <= 79.417))
",-9999999.000,-9999999.000,0.000,0.000,1.000,0,0,0,3,3,0,0,3,0.0,0,0,0.0,0.0,1.0
"F[0,0](((WeightKg <= 79.417 | BldPrSys <= 126.606) -> AutonomicNeuroCl <= 125.846) -> DirectLDL <= 122.443)
",-0.675,-59.790,0.000,0.000,1.000,0,0,0,3,3,0,0,3,0.0,0,0,0.0,0.0,1.0
"((HbA1cImputeDtMnC <= 53.815) U[0,2] (bmiZscore >= 0.097))
",-9999999.000,-9999999.000,0.000,0.000,1.000,0,0,0,3,3,0,0,3,0.0,0,0,0.0,0.0,1.0
"F[1,1](LDL <= 98.188 | Pt_GrandchildT1D <= 0.000)
",98.188,98.188,0.000,0.000,1.000,0,0,0,3,3,0,0,3,0.0,0,0,0.0,0.0,1.0
"F[0,2]((Pt_CGMUseNumDays <= 0.000 & BldPrDia <= 78.511) | BldPrSys <= 79.231)
",-9999999.000,-9999999.000,0.000,0.000,1.000,0,0,0,3,3,0,0,3,0.0,0,0,0.0,0.0,1.0
"F[0,1](((BUN <= 16.746 & Pt_A1cGoalLevelDsYr5 <= 0.000) | HeightCm <= 0.000) | Triglyc >= 0.000)
",-9999999.000,-9999999.000,0.000,0.000,1.000,0,0,0,3,3,0,0,3,0.0,0,0,0.0,0.0,1.0
"F[1,1](Pt_GrandchildT1D >= 0.000 | bmiZscore >= 0.091)
",0.000,0.000,0.000,0.000,1.000,0,0,0,3,3,0,0,3,0.0,0,0,0.0,0.0,1.0
"F[0,1](((HbA1cImputeDtMnC <= 47.046 -> BldPrDia >= 71.032) | Pt_MotherT1D >= 71.966) | diagAgeCombo >= 71.640)
",-9999999.000,-9999999.000,0.000,0.000,1.000,0,0,0,3,3,0,0,3,0.0,0,0,0.0,0.0,1.0
"F[0,1](bmiPerc <= 0.000 & Pt_A1cGoalLev <= 0.000)
",-9999999.000,-9999999.000,0.000,0.000,1.000,0,0,0,3,3,0,0,3,0.0,0,0,0.0,0.0,1.0
"((Pt_A1cGoalLevelDsYr5 >= 0.000) U[1,2] (Pt_SHFlg <= 0.000))
",-9999999.000,-9999999.000,0.000,0.000,1.000,0,0,0,3,3,0,0,3,0.0,0,0,0.0,0.0,1.0
"((HbA1c >= 6.764) U[0,0] (LDL >= 48.939))
",-6.764,-6.764,0.000,0.000,1.000,0,0,0,3,3,0,0,3,0.0,0,0,0.0,0.0,1.0
"F[0,2](GFR >= 0.000 & BldPrSys <= 125.333)
",-9999999.000,-9999999.000,0.000,0.000,1.000,0,0,0,3,3,0,0,3,0.0,0,0,0.0,0.0,1.0
"F[1,2](Pt_InsGov <= 0.000 & Pt_FatherT1D <= 0.000)
",-9999999.000,-9999999.000,0.000,0.000,1.000,0,0,0,3,3,0,0,3,0.0,0,0,0.0,0.0,1.0
"F[0,2](((Triglyc <= 65.648 | BGTestAvgNumPtRep >= 1.568) | NumPumpBolusOrShortAct >= 2.650) & Triglyc <= 5.033)
",-9999999.000,-9999999.000,0.000,0.000,1.000,0,0,0,3,3,0,0,3,0.0,0,0,0.0,0.0,1.0
"F[2,2](SMBGperDayPtMeterCombo >= 0.356 -> BldPrSys <= 126.729)
",-8917739457077339.000,-126.729,0.000,0.000,1.000,0,0,0,3,3,0,0,3,0.0,0,0,0.0,0.0,1.0
"F[0,1]((SMBGperDayPtMeterCombo <= 4.224 -> NumPumpBolusOrShortAct <= 0.000) | UnitsInsBasalOrLongAct >= 0.000)
",-9999999.000,-9999999.000,0.000,0.000,1.000,0,0,0,3,3,0,0,3,0.0,0,0,0.0,0.0,1.0
"F[0,2](((bmi <= 12.725 | bmi <= 21.330) | Pt_MotherT1D <= 24.119) & TotChol <= 30.707)
",-9999999.000,-9999999.000,0.000,0.000,1.000,0,0,0,3,3,0,0,3,0.0,0,0,0.0,0.0,1.0
"((Pt_GrandchildT1D >= 0.000) U[0,1] (bmiPerc <= 0.000))
",-9999999.000,-9999999.000,0.000,0.000,1.000,0,0,0,3,3,0,0,3,0.0,0,0,0.0,0.0,1.0
"F[1,2](BGTestAvgNumMeter <= 1.786 -> HDL <= 31.491)
",-9999999.000,-9999999.000,0.000,0.000,1.000,0,0,0,3,3,0,0,3,0.0,0,0,0.0,0.0,1.0
"F[1,2](((Pt_InsGov <= 0.000 | HDL <= 40.557) -> WeightKg <= 31.449) & WeightKg <= 36.961)
",-9999999.000,-9999999.000,0.000,0.000,1.000,0,0,0,3,3,0,0,3,0.0,0,0,0.0,0.0,1.0
"F[1,2]((BldPrSys >= 118.810 & DirectLDL >= 0.106) & bmiZscore <= 0.792)
",-9999999.000,-9999999.000,0.000,0.000,1.000,0,0,0,3,3,0,0,3,0.0,0,0,0.0,0.0,1.0
"F[1,2]((bmi >= 1.094 -> NumPumpBolusOrShortAct >= 0.000) | Pt_FatherT1D >= 0.000)
",-9999999.000,-9999999.000,0.000,0.000,1.000,0,0,0,3,3,0,0,3,0.0,0,0,0.0,0.0,1.0
"F[2,2](NumPumpBolusOrShortAct <= 0.000 -> HeightCm <= 44.861)
",-44.861,-44.861,0.000,0.000,1.000,0,0,0,3,3,0,0,3,0.0,0,0,0.0,0.0,1.0
"((bmiZscore <= 0.437) U[1,2] (Pt_ChildT1D <= 0.000))
",-9999999.000,-9999999.000,0.000,0.000,1.000,0,0,0,3,3,0,0,3,0.0,0,0,0.0,0.0,1.0
"F[0,2]((BldPrDia >= 71.511 & Pt_SiblingT1D <= 0.407) | HbA1cImputeDtMnC <= 0.987)
",-9999999.000,-9999999.000,0.000,0.000,1.000,0,0,0,3,3,0,0,3,0.0,0,0,0.0,0.0,1.0
"F[1,2](HbA1cImputeDtMnC <= 46.290 | Pt_A1cGoalLevelDsYr5 >= 0.000)
",-9999999.000,-9999999.000,0.000,0.000,1.000,0,0,0,3,3,0,0,3,0.0,0,0,0.0,0.0,1.0
"((bmiZscore <= 0.256) U[0,0] (Pt_GrandchildT1D >= 0.000))
",0.256,0.256,0.000,0.000,1.000,0,0,0,3,3,0,0,3,0.0,0,0,0.0,0.0,1.0
"((bmiZscore <= 0.310) U[0,1] (HDL >= 6.716))
",-9999999.000,-9999999.000,0.000,0.000,1.000,0,0,0,3,3,0,0,3,0.0,0,0,0.0,0.0,1.0
"F[0,0](SMBGperDayPtMeterCombo <= 6.441 | Pt_ChildT1D >= 0.000)
",0.707,0.333,0.000,0.000,1.000,0,0,0,3,3,0,0,3,0.0,0,0,0.0,0.0,1.0
"F[2,2]((HbA1cImputeDtMnC <= 47.905 -> HbA1c <= 7.525) & AutonomicNeuroCl >= 6.839)
",-47.905,-47.905,0.000,0.000,1.000,0,0,0,3,3,0,0,3,0.0,0,0,0.0,0.0,1.0
"F[0,2](((HeightCm <= 111.580 -> TSH >= 0.016) & bmiPerc <= 0.835) | diagAgeCombo <= 1.142)
",-9999999.000,-9999999.000,0.000,0.000,1.000,0,0,0,3,3,0,0,3,0.0,0,0,0.0,0.0,1.0
"F[1,1](((Pt_SiblingT1D >= 0.009 & Pt_ChildT1D >= 0.000) -> Pt_SiblingT1D >= 0.000) -> AlbCreatRat_mggNew >= 0.000)
",0.000,0.000,0.000,0.000,1.000,0,0,0,3,3,0,0,3,0.0,0,0,0.0,0.0,1.0
"F[0,2](((DirectLDL <= 0.323 & Pt_GrandchildT1D >= 0.000) -> HbA1c >= 0.000) & Pt_SiblingT1D >= 0.000)
",-9999999.000,-9999999.000,0.000,0.000,1.000,0,0,0,3,3,0,0,3,0.0,0,0,0.0,0.0,1.0
"F[0,1]((SMBGperDayPtMeterCombo <= 6.680 -> GFR <= 0.000) & Pt_SiblingT1D >= 0.000)
",-9999999.000,-9999999.000,0.000,0.000,1.000,0,0,0,3,3,0,0,3,0.0,0,0,0.0,0.0,1.0
"F[0,0]((GFR <= 0.000 -> GFR <= 0.000) | Pt_A1cGoalLev <= 0.000)
",0.707,0.222,0.000,0.000,1.000,0,0,0,3,3,0,0,3,0.0,0,0,0.0,0.0,1.0
"F[0,0]((HDL >= 12.192 | Pt_SHFlg <= 0.000) | Pt_DKAFlg <= 0.000)
",4.834,94.808,0.000,0.000,1.000,0,0,0,3,3,0,0,3,0.0,0,0,0.0,0.0,1.0
"F[1,2]((BUN <= 10.453 -> Pt_A1cGoalLev <= 0.000) | BldPrDia <= 0.000)
",-9999999.000,-9999999.000,0.000,0.000,1.000,0,0,0,3,3,0,0,3,0.0,0,0,0.0,0.0,1.0
"F[1,2](((TotChol >= 21.286 | BldPrDia >= 71.341) | UnitsInsBasalOrLongAct >= 70.987) -> HbA1c <= 78.926)
",-9999999.000,-9999999.000,0.000,0.000,1.000,0,0,0,3,3,0,0,3,0.0,0,0,0.0,0.0,1.0
"F[0,2]((AutonomicNeuroCl >= 1.000 | SMBGperDayPtMeterCombo >= 0.165) -> Pt_GrandchildT1D <= 7.447)
",-9999999.000,-9999999.000,0.000,0.000,1.000,0,0,0,3,3,0,0,3,0.0,0,0,0.0,0.0,1.0
"F[0,2](Pt_A1cGoalLev >= 0.000 -> age <= 48.207)
",-9999999.000,-9999999.000,0.000,0.000,1.000,0,0,0,3,3,0,0,3,0.0,0,0,0.0,0.0,1.0
"F[1,2]((BUN >= 4.359 | LDL >= 40.428) & diagAgeCombo >= 24.928)
",-9999999.000,-9999999.000,0.000,0.000,1.000,0,0,0,3,3,0,0,3,0.0,0,0,0.0,0.0,1.0
"F[0,2]((Pt_A1cGoalLevelDsYr5 <= 0.000 & BGTestAvgNumPtRep >= 0.581) & bmiZscore <= 3.821)
",-9999999.000,-9999999.000,0.000,0.000,1.000,0,0,0,3,3,0,0,3,0.0,0,0,0.0,0.0,1.0
"F[0,0](NumPumpBolusOrShortAct >= 0.000 -> AlbCreatRat_mggNew >= 8.684)
",-0.707,-2.772,0.000,0.000,1.000,0,0,0,3,3,0,0,3,0.0,0,0,0.0,0.0,1.0
"F[2,2](TSH <= 0.304 -> BGTestAvgNumMeter <= 4.526)
",-4.526,-4.526,0.000,0.000,1.000,0,0,0,3,3,0,0,3,0.0,0,0,0.0,0.0,1.0
"F[0,2](BUN >= 5.249 -> UnitsInsBasalOrLongAct <= 33.244)
",-9999999.000,-9999999.000,0.000,0.000,1.000,0,0,0,3,3,0,0,3,0.0,0,0,0.0,0.0,1.0
"((TSH <= 0.996) U[0,2] (Pt_GrandchildT1D <= 0.000))
",-9999999.000,-9999999.000,0.000,0.000,1.000,0,0,0,3,3,0,0,3,0.0,0,0,0.0,0.0,1.0
"F[0,1]((Pt_GrandchildT1D >= 0.000 | GFR <= 0.000) | BUN <= 0.000)
",-9999999.000,-9999999.000,0.000,0.000,1.000,0,0,0,3,3,0,0,3,0.0,0,0,0.0,0.0,1.0
"F[0,1](AlbCreatRat_mggNew >= 3.704 | Pt_SHFlg >= 0.000)
",-9999999.000,-9999999.000,0.000,0.000,1.000,0,0,0,3,3,0,0,3,0.0,0,0,0.0,0.0,1.0
"F[1,2](((Pt_ChildT1D <= 0.000 -> Pt_GrandparentT1D <= 0.168) | TotChol >= 0.152) | SMBGperDayPtMeterCombo >= 0.045)
",-9999999.000,-9999999.000,0.000,0.000,1.000,0,0,0,3,3,0,0,3,0.0,0,0,0.0,0.0,1.0
"F[2,2](((Pt_GrandchildT1D <= 0.000 & Pt_GrandparentT1D >= 0.112) & HDL <= 0.353) | Pt_MotherT1D >= 0.044)
",-0.044,-0.044,0.000,0.000,1.000,0,0,0,3,3,0,0,3,0.0,0,0,0.0,0.0,1.0
"F[1,1]((TotalDailyInsPerKg <= 0.000 | Pt_InsGov >= 0.000) | AutonomicNeuroCl >= 0.000)
",0.000,0.000,0.000,0.000,1.000,0,0,0,3,3,0,0,3,0.0,0,0,0.0,0.0,1.0
"((Pt_FatherT1D >= 0.000) U[1,2] (LDL >= 59.065))
",-9999999.000,-9999999.000,0.000,0.000,1.000,0,0,0,3,3,0,0,3,0.0,0,0,0.0,0.0,1.0
"F[0,2](((AlbCreatRat_mggNew <= 21.697 & Pt_InsGov >= 0.000) & TotChol >= 0.000) -> AutonomicNeuroCl >= 0.000)
",-9999999.000,-9999999.000,0.000,0.000,1.000,0,0,0,3,3,0,0,3,0.0,0,0,0.0,0.0,1.0
"F[2,2](((Pt_SiblingT1D <= 0.342 & Pt_ChildT1D <= 0.000) & Pt_InsGov <= 0.000) -> bmiPerc <= 0.000)
",0.000,0.000,0.000,0.000,1.000,0,0,0,3,3,0,0,3,0.0,0,0,0.0,0.0,1.0
"F[1,2]((BUN >= 3.742 | BUN >= 1.181) | BldPrDia >= 5.648)
",-9999999.000,-9999999.000,0.000,0.000,1.000,0,0,0,3,3,0,0,3,0.0,0,0,0.0,0.0,1.0
"F[1,2]((BGTestAvgNumMeter >= 0.734 | Pt_DKAFlg >= 0.000) & HDL <= 0.000)
",-9999999.000,-9999999.000,0.000,0.000,1.000,0,0,0,3,3,0,0,3,0.0,0,0,0.0,0.0,1.0
"F[0,1](((HbA1cImputeDtMnC >= 31.632 -> Pt_SHFlg <= 0.000) | TSH >= 0.000) | BGTestAvgNumMeter <= 0.000)
",-9999999.000,-9999999.000,0.000,0.000,1.000,0,0,0,3,3,0,0,3,0.0,0,0,0.0,0.0,1.0
"F[2,2](((age <= 48.068 | BldPrSys >= 119.377) -> HbA1c >= 118.834) -> Triglyc >= 121.101)
",6765032372962931.000,48.068,0.000,0.000,1.000,0,0,0,3,3,0,0,3,0.0,0,0,0.0,0.0,1.0
"F[0,2]((TotalDailyInsPerKg >= 0.000 -> Pt_GrandchildT1D >= 0.000) | Pt_A1cGoalLevelDsYr5 >= 0.000)
",-9999999.000,-9999999.000,0.000,0.000,1.000,0,0,0,3,3,0,0,3,0.0,0,0,0.0,0.0,1.0
"((WeightKg <= 21.023) U[2,2] (TotChol <= 65.037))
",65.037,65.037,0.000,0.000,1.000,0,0,0,3,3,0,0,3,0.0,0,0,0.0,0.0,1.0
"((LDL >= 83.345) U[1,1] (bmiPerc <= 0.000))
",0.000,0.000,0.000,0.000,1.000,0,0,0,3,3,0,0,3,0.0,0,0,0.0,0.0,1.0
"F[0,2](Pt_SiblingT1D >= 0.153 | Pt_InsGov >= 0.000)
",-9999999.000,-9999999.000,0.000,0.000,1.000,0,0,0,3,3,0,0,3,0.0,0,0,0.0,0.0,1.0
"F[2,2]((HbA1c >= 6.750 -> HDL <= 41.643) -> Pt_InsGov >= 5.736)
",5.736,5.736,0.000,0.000,1.000,0,0,0,3,3,0,0,3,0.0,0,0,0.0,0.0,1.0
"F[2,2]((TotalDailyInsPerKg <= 0.000 | WeightKg <= 22.372) | HDL >= 18.471)
",22.372,22.372,0.000,0.000,1.000,0,0,0,3,3,0,0,3,0.0,0,0,0.0,0.0,1.0
"F[1,2]((Triglyc <= 70.189 | BldPrSys >= 119.813) & BUN <= 124.591)
",-9999999.000,-9999999.000,0.000,0.000,1.000,0,0,0,3,3,0,0,3,0.0,0,0,0.0,0.0,1.0
"F[1,1](((TotChol <= 68.397 & Pt_FatherT1D <= 0.000) & bmi <= 0.000) | AlbCreatRat_mggNew >= 0.000)
",0.000,0.000,0.000,0.000,1.000,0,0,0,3,3,0,0,3,0.0,0,0,0.0,0.0,1.0
"F[1,2]((HbA1c >= 6.644 -> WeightKg <= 109.536) & BldPrDia <= 59.899)
",-9999999.000,-9999999.000,0.000,0.000,1.000,0,0,0,3,3,0,0,3,0.0,0,0,0.0,0.0,1.0
"((SMBGperDayPtMeterCombo >= 0.250) U[0,1] (Pt_InsGov <= 0.000))
",-9999999.000,-9999999.000,0.000,0.000,1.000,0,0,0,3,3,0,0,3,0.0,0,0,0.0,0.0,1.0
"F[0,2](BGTestAvgNumPtRep <= 7.099 -> BldPrSys <= 126.197)
",-9999999.000,-9999999.000,0.000,0.000,1.000,0,0,0,3,3,0,0,3,0.0,0,0,0.0,0.0,1.0
"F[1,2]((BUN >= 6.285 | TotChol <= 89.327) -> Pt_FatherT1D >= 12.518)
",-9999999.000,-9999999.000,0.000,0.000,1.000,0,0,0,3,3,0,0,3,0.0,0,0,0.0,0.0,1.0
"F[0,2](((Pt_GrandparentT1D <= 0.805 | Pt_SiblingT1D <= 0.196) | Pt_CGMUseNumDays >= 0.165) -> bmiPerc >= 0.145)
",-9999999.000,-9999999.000,0.000,0.000,1.000,0,0,0,3,3,0,0,3,0.0,0,0,0.0,0.0,1.0
"F[0,1](BUN <= 19.482 & Pt_ChildT1D <= 0.000)
",-9999999.000,-9999999.000,0.000,0.000,1.000,0,0,0,3,3,0,0,3,0.0,0,0,0.0,0.0,1.0
"F[0,2](((WeightKg <= 30.446 -> Pt_GrandparentT1D <= 0.794) -> Pt_FatherT1D <= 0.973) -> diagAgeCombo >= 0.149)
",-9999999.000,-9999999.000,0.000,0.000,1.000,0,0,0,3,3,0,0,3,0.0,0,0,0.0,0.0,1.0
"F[1,2]((BGTestAvgNumMeter <= 4.467 -> BGTestAvgNumMeter >= 0.695) | diabDur <= 2.288)
",-9999999.000,-9999999.000,0.000,0.000,1.000,0,0,0,3,3,0,0,3,0.0,0,0,0.0,0.0,1.0
"((diabDur <= 43.127) U[2,2] (SMBGperDayPtMeterCombo <= 6.381))
",43.127,43.127,0.000,0.000,1.000,0,0,0,3,3,0,0,3,0.0,0,0,0.0,0.0,1.0
"F[1,2](Pt_GrandparentT1D >= 0.127 & Pt_SHFlg >= 0.000)
",-9999999.000,-9999999.000,0.000,0.000,1.000,0,0,0,3,3,0,0,3,0.0,0,0,0.0,0.0,1.0
"F[0,2](((AlbCreatRat_mggNew <= 17.307 | Pt_DKAFlg <= 0.000) & bmiZscore >= 0.000) | GFR <= 0.000)
",-9999999.000,-9999999.000,0.000,0.000,1.000,0,0,0,3,3,0,0,3,0.0,0,0,0.0,0.0,1.0
"F[0,2]((Pt_DKAFlg <= 0.000 | HeightCm >= 0.478) | Triglyc <= 135.276)
",-9999999.000,-9999999.000,0.000,0.000,1.000,0,0,0,3,3,0,0,3,0.0,0,0,0.0,0.0,1.0
"F[1,1](((Triglyc <= 62.448 -> Pt_CGMUseNumDays >= 0.000) -> age >= 0.000) -> TotalDailyInsPerKg >= 0.000)
",0.000,0.000,0.000,0.000,1.000,0,0,0,3,3,0,0,3,0.0,0,0,0.0,0.0,1.0
"((HbA1c <= 7.225) U[2,2] (Pt_GrandchildT1D <= 0.000))
",7.225,7.225,0.000,0.000,1.000,0,0,0,3,3,0,0,3,0.0,0,0,0.0,0.0,1.0
"F[0,2](((HDL >= 8.850 & AlbCreatRat_mggNew >= 3.412) & Pt_A1cGoalLev >= 13.840) | UnitsInsBasalOrLongAct >= 15.491)
",-9999999.000,-9999999.000,0.000,0.000,1.000,0,0,0,3,3,0,0,3,0.0,0,0,0.0,0.0,1.0
"F[1,2](((TotChol <= 137.532 & NumPumpBolusOrShortAct >= 0.000) & SMBGperDayPtMeterCombo >= 0.000) | HDL <= 0.000)
",-9999999.000,-9999999.000,0.000,0.000,1.000,0,0,0,3,3,0,0,3,0.0,0,0,0.0,0.0,1.0
"F[1,1](((AlbCreatRat_mggNew >= 8.533 -> DirectLDL >= 0.027) -> age <= 0.278) -> BGTestAvgNumMeter >= 0.088)
",0.088,0.088,0.000,0.000,1.000,0,0,0,3,3,0,0,3,0.0,0,0,0.0,0.0,1.0
"F[1,1](BldPrSys <= 125.704 | NumPumpBolusOrShortAct >= 0.000)
",8845616551756885.000,125.704,0.000,0.000,1.000,0,0,0,3,3,0,0,3,0.0,0,0,0.0,0.0,1.0
"F[2,2]((WeightKg <= 29.998 -> LDL <= 125.547) | Pt_A1cGoalLev <= 122.249)
",122.249,122.249,0.000,0.000,1.000,0,0,0,3,3,0,0,3,0.0,0,0,0.0,0.0,1.0
"((bmiPerc >= 0.000) U[2,2] (bmi >= 3.636))
",0.000,0.000,0.000,0.000,1.000,0,0,0,3,3,0,0,3,0.0,0,0,0.0,0.0,1.0
"F[0,1](((Pt_A1cGoalLev >= 0.000 & DirectLDL >= 0.020) & HbA1c <= 0.683) -> Pt_FatherT1D <= 0.727)
",-9999999.000,-9999999.000,0.000,0.000,1.000,0,0,0,3,3,0,0,3,0.0,0,0,0.0,0.0,1.0
"F[0,1]((BldPrSys >= 119.994 | Pt_SHFlg <= 0.000) -> Pt_CGMUseNumDays <= 0.000)
",-9999999.000,-9999999.000,0.000,0.000,1.000,0,0,0,3,3,0,0,3,0.0,0,0,0.0,0.0,1.0
"F[0,2](((Triglyc <= 74.662 -> Pt_CGMUseNumDays <= 0.000) -> Pt_FatherT1D >= 0.000) | NumPumpBolusOrShortAct <= 0.000)
",-9999999.000,-9999999.000,0.000,0.000,1.000,0,0,0,3,3,0,0,3,0.0,0,0,0.0,0.0,1.0
"F[0,1](((BUN >= 3.914 -> Pt_MotherT1D >= 0.000) | TotalDailyInsPerKg >= 0.000) | AlbCreatRat_mggNew <= 0.000)
",-9999999.000,-9999999.000,0.000,0.000,1.000,0,0,0,3,3,0,0,3,0.0,0,0,0.0,0.0,1.0
"F[2,2](((age <= 49.278 & Pt_A1cGoalLevelDsYr5 <= 0.000) | Pt_A1cGoalLev >= 0.000) -> BldPrDia >= 0.000)
",0.000,0.000,0.000,0.000,1.000,0,0,0,3,3,0,0,3,0.0,0,0,0.0,0.0,1.0
"F[2,2]((UnitsInsBasalOrLongAct >= 13.832 -> Pt_DKAFlg >= 0.000) & AlbCreatRat_mggNew <= 0.000)
",0.000,0.000,0.000,0.000,1.000,0,0,0,3,3,0,0,3,0.0,0,0,0.0,0.0,1.0
"F[1,2]((Pt_CGMUseNumDays <= 0.000 & BGTestAvgNumPtRep >= 0.093) -> diagAgeCombo <= 6.349)
",-9999999.000,-9999999.000,0.000,0.000,1.000,0,0,0,3,3,0,0,3,0.0,0,0,0.0,0.0,1.0
"F[0,1](DirectLDL <= 0.560 -> diagAgeCombo >= 5.000)
",-9999999.000,-9999999.000,0.000,0.000,1.000,0,0,0,3,3,0,0,3,0.0,0,0,0.0,0.0,1.0
"F[0,1](Pt_DKAFlg <= 0.000 | TSH >= 0.274)
",-9999999.000,-9999999.000,0.000,0.000,1.000,0,0,0,3,3,0,0,3,0.0,0,0,0.0,0.0,1.0
"((age <= 48.462) U[0,2] (WeightKg <= 79.849))
",-9999999.000,-9999999.000,0.000,0.000,1.000,0,0,0,3,3,0,0,3,0.0,0,0,0.0,0.0,1.0
"F[0,1]((TSH >= 0.032 | Pt_CGMUseNumDays <= 0.000) | Pt_SHFlg >= 0.000)
",-9999999.000,-9999999.000,0.000,0.000,1.000,0,0,0,3,3,0,0,3,0.0,0,0,0.0,0.0,1.0
"F[1,1]((Pt_A1cGoalLevelDsYr5 >= 0.000 | TotalDailyInsPerKg >= 0.000) & TotChol <= 0.000)
",0.000,0.000,0.000,0.000,1.000,0,0,0,3,3,0,0,3,0.0,0,0,0.0,0.0,1.0
"F[1,1](((BUN >= 3.820 | Pt_A1cGoalLevelDsYr5 <= 0.000) -> BldPrDia >= 0.000) -> TotChol >= 0.000)
",0.000,0.000,0.000,0.000,1.000,0,0,0,3,3,0,0,3,0.0,0,0,0.0,0.0,1.0
"F[2,2](BldPrSys >= 117.592 & Pt_SiblingT1D <= 0.225)
",-117.592,-117.592,0.000,0.000,1.000,0,0,0,3,3,0,0,3,0.0,0,0,0.0,0.0,1.0
"F[0,2](((AlbCreatRat_mggNew <= 26.613 | TotChol >= 2.676) & NumPumpBolusOrShortAct <= 110.205) & Pt_ChildT1D <= 166.985)
",-9999999.000,-9999999.000,0.000,0.000,1.000,0,0,0,3,3,0,0,3,0.0,0,0,0.0,0.0,1.0
"F[1,2](((Pt_SiblingT1D >= 0.133 | UnitsInsBasalOrLongAct <= 42.830) & Pt_GrandparentT1D >= 2.185) -> Pt_InsGov <= 37.903)
",-9999999.000,-9999999.000,0.000,0.000,1.000,0,0,0,3,3,0,0,3,0.0,0,0,0.0,0.0,1.0
"((BldPrSys <= 121.451) U[0,2] (HbA1c >= 6.728))
",-9999999.000,-9999999.000,0.000,0.000,1.000,0,0,0,3,3,0,0,3,0.0,0,0,0.0,0.0,1.0
"((LDL >= 58.181) U[0,1] (Triglyc <= 109.708))
",-9999999.000,-9999999.000,0.000,0.000,1.000,0,0,0,3,3,0,0,3,0.0,0,0,0.0,0.0,1.0
"F[1,2](((diabDur >= 41.825 -> Pt_GrandparentT1D <= 0.939) -> bmiPerc >= 0.003) -> BGTestAvgNumPtRep <= 0.495)
",-9999999.000,-9999999.000,0.000,0.000,1.000,0,0,0,3,3,0,0,3,0.0,0,0,0.0,0.0,1.0
"F[2,2]((HbA1cImputeDtMnC >= 30.111 | Triglyc >= 7.694) & Pt_A1cGoalLevelDsYr5 >= 0.347)
",-8662590081662403.000,-7.694,0.000,0.000,1.000,0,0,0,3,3,0,0,3,0.0,0,0,0.0,0.0,1.0
"F[1,2](((HbA1c <= 7.246 | TotChol <= 39.983) & Pt_A1cGoalLevelDsYr5 >= 19.039) & age <= 108.946)
",-9999999.000,-9999999.000,0.000,0.000,1.000,0,0,0,3,3,0,0,3,0.0,0,0,0.0,0.0,1.0
"F[0,2]((age <= 48.161 | TotChol <= 186.096) -> HbA1c <= 62.169)
",-9999999.000,-9999999.000,0.000,0.000,1.000,0,0,0,3,3,0,0,3,0.0,0,0,0.0,0.0,1.0
"F[0,2](HbA1c <= 7.695 -> Pt_SiblingT1D >= 0.071)
",-9999999.000,-9999999.000,0.000,0.000,1.000,0,0,0,3,3,0,0,3,0.0,0,0,0.0,0.0,1.0
"F[1,2](((BGTestAvgNumMeter <= 3.470 & TotChol >= 15.056) | LDL <= 139.897) & Pt_SiblingT1D <= 57.219)
",-9999999.000,-9999999.000,0.000,0.000,1.000,0,0,0,3,3,0,0,3,0.0,0,0,0.0,0.0,1.0
"F[2,2]((AlbCreatRat_mggNew >= 1.461 & diabDur <= 42.577) -> NumPumpBolusOrShortAct >= 41.331)
",1.461,1.461,0.000,0.000,1.000,0,0,0,3,3,0,0,3,0.0,0,0,0.0,0.0,1.0
"F[0,2]((HDL >= 16.275 | Triglyc <= 81.675) | BldPrDia >= 39.124)
",-9999999.000,-9999999.000,0.000,0.000,1.000,0,0,0,3,3,0,0,3,0.0,0,0,0.0,0.0,1.0
"F[0,1](diabDur <= 44.116 | HbA1cImputeDtMnC >= 28.115)
",-9999999.000,-9999999.000,0.000,0.000,1.000,0,0,0,3,3,0,0,3,0.0,0,0,0.0,0.0,1.0
"F[0,2](BGTestAvgNumMeter >= 1.475 & BGTestAvgNumMeter >= 0.663)
",-9999999.000,-9999999.000,0.000,0.000,1.000,0,0,0,3,3,0,0,3,0.0,0,0,0.0,0.0,1.0
"((bmi <= 23.801) U[0,1] (HDL >= 27.595))
",-9999999.000,-9999999.000,0.000,0.000,1.000,0,0,0,3,3,0,0,3,0.0,0,0,0.0,0.0,1.0
"F[0,1](((HbA1cImputeDtMnC <= 41.064 | HeightCm <= 96.723) & Pt_A1cGoalLev >= 29.559) -> NumPumpBolusOrShortAct >= 25.493)
",-9999999.000,-9999999.000,0.000,0.000,1.000,0,0,0,3,3,0,0,3,0.0,0,0,0.0,0.0,1.0
"F[0,2]((bmiZscore <= 0.631 -> HbA1cImputeDtMnC <= 74.139) -> bmiPerc >= 10.062)
",-9999999.000,-9999999.000,0.000,0.000,1.000,0,0,0,3,3,0,0,3,0.0,0,0,0.0,0.0,1.0
"F[1,2](((SMBGperDayPtMeterCombo <= 5.442 -> TSH >= 0.090) -> Pt_InsGov <= 1.113) & diabDur <= 0.725)
",-9999999.000,-9999999.000,0.000,0.000,1.000,0,0,0,3,3,0,0,3,0.0,0,0,0.0,0.0,1.0
"F[2,2](((age >= 44.486 | BldPrSys >= 117.049) | bmi <= 127.436) & SMBGperDayPtMeterCombo >= 113.446)
",-113.446,-113.446,0.000,0.000,1.000,0,0,0,3,3,0,0,3,0.0,0,0,0.0,0.0,1.0
"F[1,1](((HeightCm >= 18.302 | Triglyc <= 115.182) | age >= 0.197) | TotChol <= 103.177)
",115.182,115.182,0.000,0.000,1.000,0,0,0,3,3,0,0,3,0.0,0,0,0.0,0.0,1.0
"F[0,1]((DirectLDL >= 0.152 | Triglyc >= 56.402) | NumPumpBolusOrShortAct >= 34.000)
",-9999999.000,-9999999.000,0.000,0.000,1.000,0,0,0,3,3,0,0,3,0.0,0,0,0.0,0.0,1.0
"F[1,2](BldPrSys <= 123.585 & HbA1cImputeDtMnC <= 59.268)
",-9999999.000,-9999999.000,0.000,0.000,1.000,0,0,0,3,3,0,0,3,0.0,0,0,0.0,0.0,1.0
"F[0,2]((BGTestAvgNumPtRep >= 3.321 -> DirectLDL <= 0.542) & HeightCm <= 0.184)
",-9999999.000,-9999999.000,0.000,0.000,1.000,0,0,0,3,3,0,0,3,0.0,0,0,0.0,0.0,1.0
"F[0,2]((BGTestAvgNumMeter >= 0.948 -> UnitsInsBasalOrLongAct <= 31.350) & bmi <= 41.305)
",-9999999.000,-9999999.000,0.000,0.000,1.000,0,0,0,3,3,0,0,3,0.0,0,0,0.0,0.0,1.0
"F[0,1]((BGTestAvgNumMeter >= 0.324 | BUN <= 12.703) | TotalDailyInsPerKg <= 20.277)
",-9999999.000,-9999999.000,0.000,0.000,1.000,0,0,0,3,3,0,0,3,0.0,0,0,0.0,0.0,1.0
"F[0,1](BUN <= 10.644 | diabDur <= 43.885)
",-9999999.000,-9999999.000,0.000,0.000,1.000,0,0,0,3,3,0,0,3,0.0,0,0,0.0,0.0,1.0
"F[1,2](HbA1c <= 7.614 & UnitsInsBasalOrLongAct <= 30.609)
",-9999999.000,-9999999.000,0.000,0.000,1.000,0,0,0,3,3,0,0,3,0.0,0,0,0.0,0.0,1.0
"((HbA1cImputeDtMnC >= 14.350) U[0,1] (HDL <= 43.537))
",-9999999.000,-9999999.000,0.000,0.000,1.000,0,0,0,3,3,0,0,3,0.0,0,0,0.0,0.0,1.0
"F[0,2](AlbCreatRat_mggNew >= 10.250 | HbA1c <= 7.211)
",-9999999.000,-9999999.000,0.000,0.000,1.000,0,0,0,3,3,0,0,3,0.0,0,0,0.0,0.0,1.0
"F[0,0](BUN >= 3.966 -> HbA1c <= 7.502)
",-1.559,-44.523,0.000,0.000,1.000,0,0,0,3,3,0,0,3,0.0,0,0,0.0,0.0,1.0
"F[1,2](BGTestAvgNumMeter >= 0.138 | HbA1c <= 7.390)
",-9999999.000,-9999999.000,0.000,0.000,1.000,0,0,0,3,3,0,0,3,0.0,0,0,0.0,0.0,1.0
"((BUN <= 20.942) U[0,2] (Pt_SHFlg = 0.000))
",-9999999.000,-9999999.000,0.000,0.000,1.000,0,0,0,3,3,0,0,3,0.0,0,0,0.0,0.0,1.0
"((HeightCm < 84.015) U[0,2] (Pt_SHFlg = 0.000))
",-9999999.000,-9999999.000,0.000,0.000,1.000,0,0,0,3,3,0,0,3,0.0,0,0,0.0,0.0,1.0
"((HDL < 40.851) U[0,2] (Pt_SHFlg = 0.000))
",-9999999.000,-9999999.000,0.000,0.000,1.000,0,0,0,3,3,0,0,3,0.0,0,0,0.0,0.0,1.0
"((HDL < 33.320) U[0,2] (Pt_SHFlg = 0.000))
",-9999999.000,-9999999.000,0.000,0.000,1.000,0,0,0,3,3,0,0,3,0.0,0,0,0.0,0.0,1.0
"F[1,1](HbA1c >= 7.039 -> Pt_A1cGoalLevelDsYr5 = 0.000)
",0.000,0.000,0.000,0.000,1.000,0,0,0,3,3,0,0,3,0.0,0,0,0.0,0.0,1.0
"F[0,1](HbA1c >= 6.976 -> Pt_A1cGoalLevelDsYr5 = 0.000)
",-9999999.000,-9999999.000,0.000,0.000,1.000,0,0,0,3,3,0,0,3,0.0,0,0,0.0,0.0,1.0
"F[1,1](HbA1c >= 6.861 -> Pt_A1cGoalLevelDsYr5 = 0.000)
",0.000,0.000,0.000,0.000,1.000,0,0,0,3,3,0,0,3,0.0,0,0,0.0,0.0,1.0
"((BGTestAvgNumMeter >= 1.108) U[0,2] (BGTestAvgNumPtRep <= 7.312))
",-9999999.000,-9999999.000,0.000,0.000,1.000,0,0,0,3,3,0,0,3,0.0,0,0,0.0,0.0,1.0
"F[0,1](HbA1c >= 6.613 -> Pt_A1cGoalLevelDsYr5 = 0.000)
",-9999999.000,-9999999.000,0.000,0.000,1.000,0,0,0,3,3,0,0,3,0.0,0,0,0.0,0.0,1.0
"((BGTestAvgNumMeter >= 1.287) U[0,1] (BGTestAvgNumPtRep <= 6.514))
",-9999999.000,-9999999.000,0.000,0.000,1.000,0,0,0,3,3,0,0,3,0.0,0,0,0.0,0.0,1.0
"F[1,1](HbA1c >= 6.942 -> Pt_A1cGoalLevelDsYr5 = 0.000)
",0.000,0.000,0.000,0.000,1.000,0,0,0,3,3,0,0,3,0.0,0,0,0.0,0.0,1.0
"((BGTestAvgNumMeter >= 0.089) U[2,2] (BGTestAvgNumPtRep <= 4.015))
",4.015,4.015,0.000,0.000,1.000,0,0,0,3,3,0,0,3,0.0,0,0,0.0,0.0,1.0
"F[0,2](HbA1c >= 6.667 -> Pt_A1cGoalLevelDsYr5 = 0.000)
",-9999999.000,-9999999.000,0.000,0.000,1.000,0,0,0,3,3,0,0,3,0.0,0,0,0.0,0.0,1.0
"F[1,2](HbA1c >= 6.789 -> Pt_A1cGoalLevelDsYr5 = 0.000)
",-9999999.000,-9999999.000,0.000,0.000,1.000,0,0,0,3,3,0,0,3,0.0,0,0,0.0,0.0,1.0
"((BGTestAvgNumMeter >= 0.697) U[0,1] (BGTestAvgNumPtRep <= 6.404))
",-9999999.000,-9999999.000,0.000,0.000,1.000,0,0,0,3,3,0,0,3,0.0,0,0,0.0,0.0,1.0
"F[1,2](HbA1c >= 6.726 -> Pt_A1cGoalLevelDsYr5 = 0.000)
",-9999999.000,-9999999.000,0.000,0.000,1.000,0,0,0,3,3,0,0,3,0.0,0,0,0.0,0.0,1.0
"F[1,1](HbA1c >= 6.895 -> Pt_A1cGoalLevelDsYr5 = 0.000)
",0.000,0.000,0.000,0.000,1.000,0,0,0,3,3,0,0,3,0.0,0,0,0.0,0.0,1.0
"((Pt_MotherT1D < 0.000) U[0,2] (Pt_SHFlg = 0.000))
",-9999999.000,-9999999.000,0.000,0.000,1.000,0,0,0,3,3,0,0,3,0.0,0,0,0.0,0.0,1.0
"((Pt_A1cGoalLev <= 0.000) U[1,2] (Pt_SHFlg = 0.000))
",-9999999.000,-9999999.000,0.000,0.000,1.000,0,0,0,3,3,0,0,3,0.0,0,0,0.0,0.0,1.0
"((Pt_ChildT1D >= 0.000) U[0,1] (Pt_SHFlg = 0.000))
",-9999999.000,-9999999.000,0.000,0.000,1.000,0,0,0,3,3,0,0,3,0.0,0,0,0.0,0.0,1.0
"((HbA1c < 7.656) U[0,1] (Pt_SHFlg = 0.000))
",-9999999.000,-9999999.000,0.000,0.000,1.000,0,0,0,3,3,0,0,3,0.0,0,0,0.0,0.0,1.0
"F[1,2](AutonomicNeuroCl > 1.000 & Pt_SHFlg = 0.000)
",-9999999.000,-9999999.000,0.000,0.000,1.000,0,0,0,3,3,0,0,3,0.0,0,0,0.0,0.0,1.0
"F[1,2](GFR <= 0.000 -> Pt_SHFlg = 0.000)
",-9999999.000,-9999999.000,0.000,0.000,1.000,0,0,0,3,3,0,0,3,0.0,0,0,0.0,0.0,1.0
"F[0,1](Triglyc > 51.063 & Pt_SHFlg = 0.000)
",-9999999.000,-9999999.000,0.000,0.000,1.000,0,0,0,3,3,0,0,3,0.0,0,0,0.0,0.0,1.0
"((HeightCm < 187.792) U[0,2] (Pt_SHFlg = 0.000))
",-9999999.000,-9999999.000,0.000,0.000,1.000,0,0,0,3,3,0,0,3,0.0,0,0,0.0,0.0,1.0
"F[0,1](bmiZscore <= 0.208 & Pt_SHFlg = 0.000)
",-9999999.000,-9999999.000,0.000,0.000,1.000,0,0,0,3,3,0,0,3,0.0,0,0,0.0,0.0,1.0
"((DirectLDL > 0.026) U[0,0] (Pt_SHFlg = 0.000))
",0.707,62.636,0.000,0.000,1.000,0,0,0,3,3,0,0,3,0.0,0,0,0.0,0.0,1.0
"F[0,2](SMBGperDayPtMeterCombo <= 7.197 -> Pt_SHFlg = 0.000)
",-9999999.000,-9999999.000,0.000,0.000,1.000,0,0,0,3,3,0,0,3,0.0,0,0,0.0,0.0,1.0
"((LDL > 16.676) U[2,2] (Pt_SHFlg = 0.000))
",0.000,0.000,0.000,0.000,1.000,0,0,0,3,3,0,0,3,0.0,0,0,0.0,0.0,1.0
"((TotalDailyInsPerKg <= 0.000) U[0,1] (Pt_SHFlg = 0.000))
",-9999999.000,-9999999.000,0.000,0.000,1.000,0,0,0,3,3,0,0,3,0.0,0,0,0.0,0.0,1.0
"F[0,1](Pt_SHFlg >= 0.000 & Pt_SHFlg = 0.000)
",-9999999.000,-9999999.000,0.000,0.000,1.000,0,0,0,3,3,0,0,3,0.0,0,0,0.0,0.0,1.0
"((LDL < 115.285) U[0,0] (Pt_SHFlg = 0.000))
",115.285,115.285,0.000,0.000,1.000,0,0,0,3,3,0,0,3,0.0,0,0,0.0,0.0,1.0
"F[0,1](bmi < 10.537 & Pt_SHFlg = 0.000)
",-9999999.000,-9999999.000,0.000,0.000,1.000,0,0,0,3,3,0,0,3,0.0,0,0,0.0,0.0,1.0
"F[1,2](TotalDailyInsPerKg >= 0.000 & Pt_SHFlg = 0.000)
",-9999999.000,-9999999.000,0.000,0.000,1.000,0,0,0,3,3,0,0,3,0.0,0,0,0.0,0.0,1.0
"F[0,2]((HDL >= 20.722 -> SMBGperDayPtMeterCombo >= 2.226) | NumPumpBolusOrShortAct <= 4.600)
",-9999999.000,-9999999.000,0.000,0.000,1.000,0,0,0,3,3,0,0,3,0.0,0,0,0.0,0.0,1.0
"F[1,1](LDL <= 99.562 | TotChol <= 62.547)
",99.562,99.562,0.000,0.000,1.000,0,0,0,3,3,0,0,3,0.0,0,0,0.0,0.0,1.0
"F[1,2]((Triglyc <= 76.813 & HeightCm >= 10.123) & BGTestAvgNumPtRep <= 70.629)
",-9999999.000,-9999999.000,0.000,0.000,1.000,0,0,0,3,3,0,0,3,0.0,0,0,0.0,0.0,1.0
"F[0,2](BGTestAvgNumPtRep <= 6.529 & BUN <= 13.852)
",-9999999.000,-9999999.000,0.000,0.000,1.000,0,0,0,3,3,0,0,3,0.0,0,0,0.0,0.0,1.0
"F[0,2](((HeightCm >= 15.849 -> Triglyc <= 89.742) | HeightCm >= 7.690) & TotChol <= 99.136)
",-9999999.000,-9999999.000,0.000,0.000,1.000,0,0,0,3,3,0,0,3,0.0,0,0,0.0,0.0,1.0
"F[1,2](bmiZscore >= 0.076 & bmiZscore >= 0.033)
",-9999999.000,-9999999.000,0.000,0.000,1.000,0,0,0,3,3,0,0,3,0.0,0,0,0.0,0.0,1.0
"F[1,2](((TotChol >= 0.702 -> AlbCreatRat_mggNew <= 18.456) -> Pt_SiblingT1D <= 22.246) | Pt_SHFlg <= 17.310)
",-9999999.000,-9999999.000,0.000,0.000,1.000,0,0,0,3,3,0,0,3,0.0,0,0,0.0,0.0,1.0
"F[0,2]((AlbCreatRat_mggNew >= 1.839 -> GFR >= 0.000) | LDL <= 0.000)
",-9999999.000,-9999999.000,0.000,0.000,1.000,0,0,0,3,3,0,0,3,0.0,0,0,0.0,0.0,1.0
"F[0,2](Pt_CGMUseNumDays <= 0.000 & Pt_CGMUseNumDays <= 0.000)
",-9999999.000,-9999999.000,0.000,0.000,1.000,0,0,0,3,3,0,0,3,0.0,0,0,0.0,0.0,1.0
"F[2,2](((BldPrSys >= 115.184 -> BUN <= 16.223) | TotChol >= 5.234) & TotalDailyInsPerKg >= 5.908)
",-5.908,-5.908,0.000,0.000,1.000,0,0,0,3,3,0,0,3,0.0,0,0,0.0,0.0,1.0
"F[0,1]((BldPrDia >= 70.850 & HbA1cImputeDtMnC <= 63.830) | TotChol <= 73.881)
",-9999999.000,-9999999.000,0.000,0.000,1.000,0,0,0,3,3,0,0,3,0.0,0,0,0.0,0.0,1.0
"F[1,2]((BldPrDia >= 71.934 | LDL <= 129.942) | DirectLDL >= 3.658)
",-9999999.000,-9999999.000,0.000,0.000,1.000,0,0,0,3,3,0,0,3,0.0,0,0,0.0,0.0,1.0
"F[1,2]((AlbCreatRat_mggNew >= 8.043 | HDL >= 9.645) | LDL <= 37.969)
",-9999999.000,-9999999.000,0.000,0.000,1.000,0,0,0,3,3,0,0,3,0.0,0,0,0.0,0.0,1.0
"F[1,1](LDL <= 112.472 | Pt_SiblingT1D >= 0.091)
",7914516039034189.000,112.472,0.000,0.000,1.000,0,0,0,3,3,0,0,3,0.0,0,0,0.0,0.0,1.0
"F[0,2]((BldPrSys <= 127.892 | TotChol <= 132.245) & BldPrSys >= 5.889)
",-9999999.000,-9999999.000,0.000,0.000,1.000,0,0,0,3,3,0,0,3,0.0,0,0,0.0,0.0,1.0
"F[0,1](((bmiZscore <= 0.431 | LDL <= 142.222) & BUN >= 32.414) | diabDur <= 136.410)
",-9999999.000,-9999999.000,0.000,0.000,1.000,0,0,0,3,3,0,0,3,0.0,0,0,0.0,0.0,1.0
"F[1,2]((BGTestAvgNumMeter <= 3.017 & HDL >= 16.932) -> Pt_SHFlg >= 20.799)
",-9999999.000,-9999999.000,0.000,0.000,1.000,0,0,0,3,3,0,0,3,0.0,0,0,0.0,0.0,1.0
"F[0,2]((HbA1c <= 7.365 | WeightKg >= 2.642) & diagAgeCombo <= 100.015)
",-9999999.000,-9999999.000,0.000,0.000,1.000,0,0,0,3,3,0,0,3,0.0,0,0,0.0,0.0,1.0
"F[1,2]((DirectLDL <= 0.440 & HeightCm <= 142.412) | Pt_GrandparentT1D >= 3.323)
",-9999999.000,-9999999.000,0.000,0.000,1.000,0,0,0,3,3,0,0,3,0.0,0,0,0.0,0.0,1.0
"F[1,2](((Triglyc <= 61.061 & Pt_GrandchildT1D <= 0.000) & HbA1c <= 0.000) -> Pt_GrandchildT1D <= 0.000)
",-9999999.000,-9999999.000,0.000,0.000,1.000,0,0,0,3,3,0,0,3,0.0,0,0,0.0,0.0,1.0
"F[0,2]((HDL >= 20.007 & HbA1cImputeDtMnC >= 22.552) | Pt_MotherT1D <= 65.573)
",-9999999.000,-9999999.000,0.000,0.000,1.000,0,0,0,3,3,0,0,3,0.0,0,0,0.0,0.0,1.0
"F[0,1]((AutonomicNeuroCl <= 1.000 -> TotalDailyInsPerKg >= 0.000) & NumPumpBolusOrShortAct <= 0.000)
",-9999999.000,-9999999.000,0.000,0.000,1.000,0,0,0,3,3,0,0,3,0.0,0,0,0.0,0.0,1.0
"((TotalDailyInsPerKg <= 0.000) U[0,1] (BldPrDia <= 76.598))
",-9999999.000,-9999999.000,0.000,0.000,1.000,0,0,0,3,3,0,0,3,0.0,0,0,0.0,0.0,1.0
"F[0,2]((BldPrSys <= 123.577 | Pt_MotherT1D <= 0.000) | TotChol >= 0.000)
",-9999999.000,-9999999.000,0.000,0.000,1.000,0,0,0,3,3,0,0,3,0.0,0,0,0.0,0.0,1.0
"F[1,2](((bmiPerc >= 0.000 | BGTestAvgNumPtRep <= 6.016) -> Pt_DKAFlg <= 5.544) & bmiPerc <= 6.340)
",-9999999.000,-9999999.000,0.000,0.000,1.000,0,0,0,3,3,0,0,3,0.0,0,0,0.0,0.0,1.0
"F[0,2](((TSH <= 0.812 | BUN <= 18.817) -> GFR >= 2.376) | Pt_DKAFlg >= 4.135)
",-9999999.000,-9999999.000,0.000,0.000,1.000,0,0,0,3,3,0,0,3,0.0,0,0,0.0,0.0,1.0
"F[2,2](((Pt_A1cGoalLev <= 0.000 | DirectLDL <= 0.859) -> Pt_ChildT1D <= 0.316) -> LDL >= 0.008)
",0.008,0.008,0.000,0.000,1.000,0,0,0,3,3,0,0,3,0.0,0,0,0.0,0.0,1.0
"F[0,0]((Pt_DKAFlg <= 0.000 | HbA1c <= 7.501) | SMBGperDayPtMeterCombo >= 6.683)
",17.497,65.984,0.000,0.000,1.000,0,0,0,3,3,0,0,3,0.0,0,0,0.0,0.0,1.0
"F[2,2]((AutonomicNeuroCl <= 1.000 | HDL >= 1.175) | Pt_DKAFlg <= 40.153)
",40.153,40.153,0.000,0.000,1.000,0,0,0,3,3,0,0,3,0.0,0,0,0.0,0.0,1.0
"F[0,2](NumPumpBolusOrShortAct >= 0.000 -> Pt_FatherT1D >= 0.000)
",-9999999.000,-9999999.000,0.000,0.000,1.000,0,0,0,3,3,0,0,3,0.0,0,0,0.0,0.0,1.0
"F[0,1](((Pt_DKAFlg >= 0.000 -> DirectLDL >= 0.002) -> Triglyc <= 0.880) | AlbCreatRat_mggNew >= 0.102)
",-9999999.000,-9999999.000,0.000,0.000,1.000,0,0,0,3,3,0,0,3,0.0,0,0,0.0,0.0,1.0
"F[0,2](((Triglyc <= 93.780 & diabDur <= 42.606) | bmi >= 39.964) | Pt_A1cGoalLevelDsYr5 >= 39.507)
",-9999999.000,-9999999.000,0.000,0.000,1.000,0,0,0,3,3,0,0,3,0.0,0,0,0.0,0.0,1.0
"F[1,1]((BGTestAvgNumMeter >= 1.332 -> GFR <= 0.000) | Pt_MotherT1D <= 0.000)
",0.000,0.000,0.000,0.000,1.000,0,0,0,3,3,0,0,3,0.0,0,0,0.0,0.0,1.0
"F[0,0](((bmi <= 17.180 -> BGTestAvgNumPtRep >= 2.145) | Pt_SHFlg <= 4.988) -> AlbCreatRat_mggNew >= 2.039)
",-0.453,-3.628,0.000,0.000,1.000,0,0,0,3,3,0,0,3,0.0,0,0,0.0,0.0,1.0
"((Pt_SiblingT1D >= 0.076) U[2,2] (Pt_InsGov <= 0.000))
",0.000,0.000,0.000,0.000,1.000,0,0,0,3,3,0,0,3,0.0,0,0,0.0,0.0,1.0
"F[0,0]((bmi >= 4.369 | HbA1c >= 7.117) -> Pt_A1cGoalLev <= 7.556)
",-2.556,-2.556,0.000,0.000,1.000,0,0,0,3,3,0,0,3,0.0,0,0,0.0,0.0,1.0
"F[1,2]((TotChol <= 71.784 -> Triglyc >= 11.344) -> Pt_InsGov <= 107.334)
",-9999999.000,-9999999.000,0.000,0.000,1.000,0,0,0,3,3,0,0,3,0.0,0,0,0.0,0.0,1.0
"F[1,2]((HbA1cImputeDtMnC >= 4.573 & LDL <= 105.658) & Pt_GrandparentT1D >= 25.906)
",-9999999.000,-9999999.000,0.000,0.000,1.000,0,0,0,3,3,0,0,3,0.0,0,0,0.0,0.0,1.0
"F[1,2](HDL >= 12.664 -> Pt_SiblingT1D <= 0.853)
",-9999999.000,-9999999.000,0.000,0.000,1.000,0,0,0,3,3,0,0,3,0.0,0,0,0.0,0.0,1.0
"F[0,2](((bmiZscore <= 0.499 & UnitsInsBasalOrLongAct >= 6.830) -> SMBGperDayPtMeterCombo >= 25.405) | Pt_GrandparentT1D <= 34.676)
",-9999999.000,-9999999.000,0.000,0.000,1.000,0,0,0,3,3,0,0,3,0.0,0,0,0.0,0.0,1.0
"F[2,2](BldPrDia >= 70.240 | BUN >= 6.361)
",-7161650915550773.000,-6.361,0.000,0.000,1.000,0,0,0,3,3,0,0,3,0.0,0,0,0.0,0.0,1.0
"F[0,0](BldPrDia >= 71.606 -> DirectLDL <= 0.225)
",-7.434,-49.061,0.000,0.000,1.000,0,0,0,3,3,0,0,3,0.0,0,0,0.0,0.0,1.0
"F[0,1](BldPrDia >= 71.307 | bmi <= 6.919)
",-9999999.000,-9999999.000,0.000,0.000,1.000,0,0,0,3,3,0,0,3,0.0,0,0,0.0,0.0,1.0
"F[0,1](((BldPrSys >= 118.200 | TSH <= 0.337) -> age >= 0.067) | age <= 0.618)
",-9999999.000,-9999999.000,0.000,0.000,1.000,0,0,0,3,3,0,0,3,0.0,0,0,0.0,0.0,1.0
"F[1,2](BGTestAvgNumPtRep <= 6.556 | Triglyc <= 93.845)
",-9999999.000,-9999999.000,0.000,0.000,1.000,0,0,0,3,3,0,0,3,0.0,0,0,0.0,0.0,1.0
"F[1,2](((AlbCreatRat_mggNew >= 7.630 -> SMBGperDayPtMeterCombo <= 4.474) -> Pt_FatherT1D <= 5.056) -> Pt_MotherT1D <= 5.072)
",-9999999.000,-9999999.000,0.000,0.000,1.000,0,0,0,3,3,0,0,3,0.0,0,0,0.0,0.0,1.0
"F[0,1](((BGTestAvgNumMeter >= 0.075 -> HeightCm <= 108.477) | diagAgeCombo >= 1.195) -> Pt_GrandchildT1D <= 43.298)
",-9999999.000,-9999999.000,0.000,0.000,1.000,0,0,0,3,3,0,0,3,0.0,0,0,0.0,0.0,1.0
"F[0,0](((BGTestAvgNumMeter >= 1.347 & bmi <= 29.057) -> UnitsInsBasalOrLongAct <= 19.095) -> HeightCm <= 8.920)
",0.209,3.739,0.000,0.000,1.000,0,0,0,3,3,0,0,3,0.0,0,0,0.0,0.0,1.0
"F[0,2]((BUN >= 3.782 | HeightCm <= 88.952) | LDL >= 20.440)
",-9999999.000,-9999999.000,0.000,0.000,1.000,0,0,0,3,3,0,0,3,0.0,0,0,0.0,0.0,1.0
"F[2,2](BUN <= 8.806 & DirectLDL <= 0.826)
",0.826,0.826,0.000,0.000,1.000,0,0,0,3,3,0,0,3,0.0,0,0,0.0,0.0,1.0
"F[1,2]((Triglyc <= 80.278 & TSH >= 0.008) -> TotChol >= 0.247)
",-9999999.000,-9999999.000,0.000,0.000,1.000,0,0,0,3,3,0,0,3,0.0,0,0,0.0,0.0,1.0
"((BldPrDia <= 79.919) U[0,2] (TSH >= 0.013))
",-9999999.000,-9999999.000,0.000,0.000,1.000,0,0,0,3,3,0,0,3,0.0,0,0,0.0,0.0,1.0
"F[1,1](((Pt_SiblingT1D <= 0.478 & TSH >= 0.116) & Pt_A1cGoalLevelDsYr5 >= 0.244) -> Pt_DKAFlg <= 0.725)
",-0.725,-0.725,0.000,0.000,1.000,0,0,0,3,3,0,0,3,0.0,0,0,0.0,0.0,1.0
"F[0,1](((BUN <= 23.894 & UnitsInsBasalOrLongAct >= 16.566) | Pt_InsGov <= 41.424) | diabDur >= 9.067)
",-9999999.000,-9999999.000,0.000,0.000,1.000,0,0,0,3,3,0,0,3,0.0,0,0,0.0,0.0,1.0
"F[0,2]((AlbCreatRat_mggNew <= 22.070 -> BUN <= 18.359) & HbA1cImputeDtMnC <= 11.324)
",-9999999.000,-9999999.000,0.000,0.000,1.000,0,0,0,3,3,0,0,3,0.0,0,0,0.0,0.0,1.0
"F[1,2](((DirectLDL <= 0.387 & Pt_SiblingT1D >= 0.037) | Pt_MotherT1D <= 0.499) -> HeightCm <= 0.364)
",-9999999.000,-9999999.000,0.000,0.000,1.000,0,0,0,3,3,0,0,3,0.0,0,0,0.0,0.0,1.0
"F[0,2](((AlbCreatRat_mggNew <= 19.371 -> TSH >= 0.226) | bmiPerc <= 0.307) | Pt_GrandparentT1D >= 0.030)
",-9999999.000,-9999999.000,0.000,0.000,1.000,0,0,0,3,3,0,0,3,0.0,0,0,0.0,0.0,1.0
"F[1,2](((LDL <= 131.996 -> SMBGperDayPtMeterCombo >= 2.983) & HbA1cImputeDtMnC <= 4.479) & BGTestAvgNumPtRep >= 1.455)
",-9999999.000,-9999999.000,0.000,0.000,1.000,0,0,0,3,3,0,0,3,0.0,0,0,0.0,0.0,1.0
"F[0,1]((BUN <= 9.378 & SMBGperDayPtMeterCombo <= 6.313) -> HbA1cImputeDtMnC <= 6.483)
",-9999999.000,-9999999.000,0.000,0.000,1.000,0,0,0,3,3,0,0,3,0.0,0,0,0.0,0.0,1.0
"F[0,2](((BldPrDia >= 71.643 | BldPrSys <= 121.539) & diagAgeCombo >= 114.192) & HeightCm >= 114.297)
",-9999999.000,-9999999.000,0.000,0.000,1.000,0,0,0,3,3,0,0,3,0.0,0,0,0.0,0.0,1.0
"((BGTestAvgNumPtRep <= 5.289) U[2,2] (BldPrSys <= 123.502))
",123.502,123.502,0.000,0.000,1.000,0,0,0,3,3,0,0,3,0.0,0,0,0.0,0.0,1.0
"F[1,2](age <= 49.395 -> BldPrDia >= 72.552)
",-9999999.000,-9999999.000,0.000,0.000,1.000,0,0,0,3,3,0,0,3,0.0,0,0,0.0,0.0,1.0
"F[1,2](((AlbCreatRat_mggNew <= 26.558 -> LDL >= 14.492) | Pt_FatherT1D <= 94.848) -> BUN >= 53.709)
",-9999999.000,-9999999.000,0.000,0.000,1.000,0,0,0,3,3,0,0,3,0.0,0,0,0.0,0.0,1.0
"F[0,2](BGTestAvgNumPtRep <= 3.520 -> HDL <= 32.917)
",-9999999.000,-9999999.000,0.000,0.000,1.000,0,0,0,3,3,0,0,3,0.0,0,0,0.0,0.0,1.0
"F[0,2](((BGTestAvgNumMeter <= 4.898 & TSH >= 0.033) | BldPrSys >= 0.228) & BGTestAvgNumPtRep >= 0.106)
",-9999999.000,-9999999.000,0.000,0.000,1.000,0,0,0,3,3,0,0,3,0.0,0,0,0.0,0.0,1.0
"F[2,2](((BGTestAvgNumMeter <= 2.255 & SMBGperDayPtMeterCombo <= 6.126) -> Pt_GrandchildT1D <= 5.836) -> bmiPerc <= 5.916)
",-5.916,-5.916,0.000,0.000,1.000,0,0,0,3,3,0,0,3,0.0,0,0,0.0,0.0,1.0
"F[1,2](((age <= 48.809 -> LDL >= 31.999) -> BUN <= 98.004) & LDL >= 9.582)
",-9999999.000,-9999999.000,0.000,0.000,1.000,0,0,0,3,3,0,0,3,0.0,0,0,0.0,0.0,1.0
"F[0,0]((BldPrSys >= 119.635 | Triglyc <= 76.622) | NumPumpBolusOrShortAct <= 105.101)
",105.101,105.101,0.000,0.000,1.000,0,0,0,3,3,0,0,3,0.0,0,0,0.0,0.0,1.0
"F[0,1](HbA1c >= 6.913 -> Triglyc <= 109.328)
",-9999999.000,-9999999.000,0.000,0.000,1.000,0,0,0,3,3,0,0,3,0.0,0,0,0.0,0.0,1.0
"F[1,1](bmiZscore <= 0.376 -> WeightKg <= 25.750)
",-25.750,-25.750,0.000,0.000,1.000,0,0,0,3,3,0,0,3,0.0,0,0,0.0,0.0,1.0
