Rule,Discrimination Score,Pos Robustness,Neg Robustness,Percent Class +,Percent Class -,TP,TN,FP,FN,Actual Yes,Actual No,Predicted Yes,Predicted No,TPR/Sens,TNR/Spec,FPR,Precision,Accuracy,MCR,Class
"G[0,0]((BGTestAvgNumMeter >= 0.214 | WeightKg <= 34.612) | Pt_SHFlg <= 30.520)
",11.530,32.612,0.000,1.000,0.000,4,0,0,0,4,0,4,0,1.0,0.0,0.0,1.0,1.1428571428571428,-0.1428571428571428,1
"G[0,0](((bmiZscore <= 0.904 & HbA1c <= 9.618) | Pt_A1cGoalLev <= 9.803) & AlbCreatRat_mggNew <= 9.589)
",0.580,3.065,0.000,1.000,0.000,4,0,0,0,4,0,4,0,1.0,0.0,0.0,1.0,1.1428571428571428,-0.1428571428571428,1
"F[0,0](((TSH >= 0.028 & UnitsInsBasalOrLongAct <= 13.960) & Pt_ChildT1D >= 1.721) & age <= 13.899)
",-7749924775316699.000,-1.721,0.000,0.000,1.000,4,0,0,0,4,0,4,0,1.0,0.0,0.0,1.0,1.1428571428571428,-0.1428571428571428,-1
"F[0,0](((HbA1cImputeDtMnC >= 25.864 | Pt_InsGov <= 0.854) -> Pt_GrandparentT1D <= 0.638) -> NumPumpBolusOrShortAct >= 0.305)
",-0.060,-0.028,0.000,0.000,1.000,4,0,0,0,4,0,4,0,1.0,0.0,0.0,1.0,1.1428571428571428,-0.1428571428571428,-1
"G[0,0]((HbA1cImputeDtMnC >= 6.001 -> HbA1c <= 9.787) -> Pt_SiblingT1D <= 9.759)
",-9.759,-9.759,0.000,1.000,0.000,4,0,0,0,4,0,4,0,1.0,0.0,0.0,1.0,1.1428571428571428,-0.1428571428571428,1
"F[0,0]((BldPrDia <= 64.791 | WeightKg >= 28.366) & bmiPerc >= 22.538)
",-9.322,-26.366,0.000,0.000,1.000,4,0,0,0,4,0,4,0,1.0,0.0,0.0,1.0,1.1428571428571428,-0.1428571428571428,-1
"G[0,0](((BldPrDia <= 63.057 & Pt_InsGov <= 0.584) & LDL >= 0.319) | Pt_FatherT1D <= 0.809)
",0.809,0.809,0.000,1.000,0.000,4,0,0,0,4,0,4,0,1.0,0.0,0.0,1.0,1.1428571428571428,-0.1428571428571428,1
"G[0,0](Pt_FatherT1D <= 0.000 | BldPrSys <= 111.662)
",111.662,111.662,0.000,1.000,0.000,4,0,0,0,4,0,4,0,1.0,0.0,0.0,1.0,1.1428571428571428,-0.1428571428571428,1
"F[0,0]((SMBGperDayPtMeterCombo <= 5.364 | Triglyc <= 35.111) -> Pt_MotherT1D >= 7.476)
",-1.042,-20.915,0.000,0.000,1.000,4,0,0,0,4,0,4,0,1.0,0.0,0.0,1.0,1.1428571428571428,-0.1428571428571428,-1
"G[0,0](BGTestAvgNumMeter <= 5.588 | Pt_A1cGoalLev >= 0.680)
",2.320,2.320,0.000,1.000,0.000,4,0,0,0,4,0,4,0,1.0,0.0,0.0,1.0,1.1428571428571428,-0.1428571428571428,1
"G[0,0]((Pt_GrandparentT1D <= 0.000 | bmi <= 17.003) | BldPrSys >= 16.420)
",17.003,17.003,0.000,1.000,0.000,4,0,0,0,4,0,4,0,1.0,0.0,0.0,1.0,1.1428571428571428,-0.1428571428571428,1
"G[0,0]((Pt_GrandchildT1D >= 0.000 & BUN <= 8.074) -> Pt_InsGov <= 10.346)
",-10.346,-10.346,0.000,1.000,0.000,4,0,0,0,4,0,4,0,1.0,0.0,0.0,1.0,1.1428571428571428,-0.1428571428571428,1
"G[0,0]((BldPrDia >= 56.760 -> TSH >= 0.228) | UnitsInsBasalOrLongAct >= 0.065)
",5.935,5.935,0.000,1.000,0.000,4,0,0,0,4,0,4,0,1.0,0.0,0.0,1.0,1.1428571428571428,-0.1428571428571428,1
"G[0,0](((bmi <= 17.137 | bmi <= 17.289) & BldPrSys <= 17.149) -> diabDur <= 17.183)
",-17.149,-17.149,0.000,1.000,0.000,4,0,0,0,4,0,4,0,1.0,0.0,0.0,1.0,1.1428571428571428,-0.1428571428571428,1
"G[0,0](DirectLDL <= 0.693 -> Pt_SHFlg <= 0.000)
",3.328,44.559,0.000,1.000,0.000,4,0,0,0,4,0,4,0,1.0,0.0,0.0,1.0,1.1428571428571428,-0.1428571428571428,1
"G[0,1]((diabDur >= 0.765 | Pt_A1cGoalLev <= 2.473) & bmi >= 0.818)
",9999999.000,9999999.000,0.000,1.000,0.000,3,0,1,0,3,1,4,0,1.0,0.0,1.0,0.75,0.8571428571428571,0.1428571428571429,1
"G[0,1](((Pt_DKAFlg >= 0.000 -> Pt_A1cGoalLev <= 0.883) | Pt_GrandchildT1D >= 0.094) -> bmiZscore <= 2.976)
",9999999.000,9999999.000,0.000,1.000,0.000,3,0,1,0,3,1,4,0,1.0,0.0,1.0,0.75,0.8571428571428571,0.1428571428571429,1
"F[0,0](BldPrSys <= 113.792 & TotChol >= 35.682)
",-0.276,-10.015,0.000,0.000,1.000,3,0,0,1,4,0,3,1,0.75,0.0,0.0,1.0,0.8571428571428571,0.1428571428571429,-1
"G[1,1]((BGTestAvgNumMeter >= 1.116 | UnitsInsBasalOrLongAct <= 8.186) -> age <= 6.920)
",-8.186,-8.186,0.000,1.000,0.000,3,0,1,0,3,1,4,0,1.0,0.0,1.0,0.75,0.8571428571428571,0.1428571428571429,1
"((BGTestAvgNumMeter >= 1.945) U[1,1] (BGTestAvgNumPtRep <= 5.185))
",5.185,5.185,0.000,0.000,1.000,3,0,0,1,4,0,3,1,0.75,0.0,0.0,1.0,0.8571428571428571,0.1428571428571429,-1
"F[1,1]((LDL >= 18.362 -> SMBGperDayPtMeterCombo >= 0.316) & BUN >= 1.101)
",-1.101,-1.101,0.000,0.000,1.000,3,0,0,1,4,0,3,1,0.75,0.0,0.0,1.0,0.8571428571428571,0.1428571428571429,-1
"((BGTestAvgNumMeter >= 1.405) U[1,1] (BGTestAvgNumPtRep <= 4.272))
",4.272,4.272,0.000,0.000,1.000,3,0,0,1,4,0,3,1,0.75,0.0,0.0,1.0,0.8571428571428571,0.1428571428571429,-1
"G[0,1](((AlbCreatRat_mggNew >= 3.824 & bmi <= 17.469) -> diabDur <= 17.871) | BUN >= 16.500)
",9999999.000,9999999.000,0.000,1.000,0.000,3,0,1,0,3,1,4,0,1.0,0.0,1.0,0.75,0.8571428571428571,0.1428571428571429,1
"F[1,1]((age >= 5.287 | WeightKg >= 24.824) -> diagAgeCombo >= 22.120)
",5.287,5.287,0.000,0.000,1.000,3,0,0,1,4,0,3,1,0.75,0.0,0.0,1.0,0.8571428571428571,0.1428571428571429,-1
"F[0,1](((Pt_A1cGoalLev >= 0.365 & Triglyc <= 36.539) -> BGTestAvgNumMeter <= 57.501) -> diabDur >= 8.403)
",-9999999.000,-9999999.000,0.000,0.000,1.000,3,0,0,1,4,0,3,1,0.75,0.0,0.0,1.0,0.8571428571428571,0.1428571428571429,-1
"F[0,1]((bmiPerc >= 0.684 | SMBGperDayPtMeterCombo >= 0.255) & TotalDailyInsPerKg >= 2.890)
",-9999999.000,-9999999.000,0.000,0.000,1.000,3,0,0,1,4,0,3,1,0.75,0.0,0.0,1.0,0.8571428571428571,0.1428571428571429,-1
"G[1,1]((HeightCm <= 140.140 & LDL >= 22.008) -> BldPrSys >= 0.730)
",0.730,0.730,0.000,1.000,0.000,3,0,1,0,3,1,4,0,1.0,0.0,1.0,0.75,0.8571428571428571,0.1428571428571429,1
"((Pt_DKAFlg < 0.000) U[1,2] (Pt_SHFlg = 0.000))
",-9999999.000,-9999999.000,0.000,0.000,1.000,3,0,0,1,4,0,3,1,0.75,0.0,0.0,1.0,0.8571428571428571,0.1428571428571429,-1
"G[0,0](LDL <= 92.599 -> TotalDailyInsPerKg <= 0.681)
",-92.599,-92.599,0.000,1.000,0.000,3,0,0,1,4,0,3,1,0.75,0.0,0.0,1.0,0.8571428571428571,0.1428571428571429,1
"F[1,1](((BUN >= 2.108 & age >= 6.146) & DirectLDL >= 6.683) | Pt_GrandparentT1D >= 4.140)
",-4.140,-4.140,0.000,0.000,1.000,3,0,0,1,4,0,3,1,0.75,0.0,0.0,1.0,0.8571428571428571,0.1428571428571429,-1
"F[1,1]((BGTestAvgNumPtRep >= 0.435 -> BldPrSys <= 108.665) & GFR >= 97.481)
",-108.665,-108.665,0.000,0.000,1.000,3,0,0,1,4,0,3,1,0.75,0.0,0.0,1.0,0.8571428571428571,0.1428571428571429,-1
"((GFR > 0.000) U[1,2] (Pt_SHFlg = 0.000))
",-9999999.000,-9999999.000,0.000,0.000,1.000,3,0,0,1,4,0,3,1,0.75,0.0,0.0,1.0,0.8571428571428571,0.1428571428571429,-1
"((Pt_GrandparentT1D < 0.000) U[1,2] (Pt_SHFlg = 0.000))
",-9999999.000,-9999999.000,0.000,0.000,1.000,3,0,0,1,4,0,3,1,0.75,0.0,0.0,1.0,0.8571428571428571,0.1428571428571429,-1
"F[0,0]((age <= 8.841 & bmi >= 16.003) & Triglyc >= 15.650)
",-16.003,-16.003,0.000,0.000,1.000,3,0,0,1,4,0,3,1,0.75,0.0,0.0,1.0,0.8571428571428571,0.1428571428571429,-1
"F[0,1](((DirectLDL <= 0.459 | WeightKg >= 22.062) -> Pt_SiblingT1D <= 29.102) & HeightCm <= 35.581)
",-9999999.000,-9999999.000,0.000,0.000,1.000,3,0,0,1,4,0,3,1,0.75,0.0,0.0,1.0,0.8571428571428571,0.1428571428571429,-1
"F[0,1]((BldPrDia <= 63.829 & Triglyc >= 15.122) & BldPrSys <= 46.606)
",-9999999.000,-9999999.000,0.000,0.000,1.000,3,0,0,1,4,0,3,1,0.75,0.0,0.0,1.0,0.8571428571428571,0.1428571428571429,-1
"F[0,1](((BldPrSys <= 105.408 -> HbA1c <= 9.682) -> age <= 9.915) -> Pt_A1cGoalLevelDsYr5 >= 9.149)
",-9999999.000,-9999999.000,0.000,0.000,1.000,3,0,0,1,4,0,3,1,0.75,0.0,0.0,1.0,0.8571428571428571,0.1428571428571429,-1
"F[1,1](((HbA1c <= 10.055 | LDL >= 2.262) | BldPrSys >= 0.474) & BldPrSys <= 78.396)
",10.055,10.055,0.000,0.000,1.000,3,0,0,1,4,0,3,1,0.75,0.0,0.0,1.0,0.8571428571428571,0.1428571428571429,-1
"F[1,1]((TotalDailyInsPerKg >= 0.328 | TSH <= 0.766) & HbA1c <= 1.249)
",6895762881186045.000,0.766,0.000,0.000,1.000,3,0,0,1,4,0,3,1,0.75,0.0,0.0,1.0,0.8571428571428571,0.1428571428571429,-1
"F[0,1]((Pt_SHFlg >= 0.000 -> TSH >= 0.078) & Pt_FatherT1D >= 0.033)
",-9999999.000,-9999999.000,0.000,0.000,1.000,3,0,0,1,4,0,3,1,0.75,0.0,0.0,1.0,0.8571428571428571,0.1428571428571429,-1
"G[1,1]((bmi >= 16.529 & Pt_A1cGoalLev >= 0.238) -> HbA1c >= 0.576)
",0.576,0.576,0.000,1.000,0.000,3,0,1,0,3,1,4,0,1.0,0.0,1.0,0.75,0.8571428571428571,0.1428571428571429,1
"G[1,1]((TotalDailyInsPerKg <= 0.779 | Triglyc >= 3.940) | WeightKg >= 3.814)
",0.779,0.779,0.000,1.000,0.000,3,0,1,0,3,1,4,0,1.0,0.0,1.0,0.75,0.8571428571428571,0.1428571428571429,1
"G[0,1](((bmiPerc <= 0.770 -> HbA1c <= 9.544) & Triglyc >= 9.306) | Pt_MotherT1D <= 9.680)
",9999999.000,9999999.000,0.000,1.000,0.000,3,0,1,0,3,1,4,0,1.0,0.0,1.0,0.75,0.8571428571428571,0.1428571428571429,1
"G[0,1]((DirectLDL >= 0.061 -> Pt_CGMUseNumDays >= 0.000) | Pt_FatherT1D >= 0.000)
",9999999.000,9999999.000,0.000,1.000,0.000,3,0,1,0,3,1,4,0,1.0,0.0,1.0,0.75,0.8571428571428571,0.1428571428571429,1
"G[0,0]((BldPrSys >= 101.589 -> HDL >= 19.098) -> LDL <= 58.146)
",-58.146,-58.146,0.000,1.000,0.000,3,0,0,1,4,0,3,1,0.75,0.0,0.0,1.0,0.8571428571428571,0.1428571428571429,1
"G[0,1](HeightCm <= 142.426 -> Pt_SHFlg = 0.000)
",9999999.000,9999999.000,0.000,1.000,0.000,3,0,1,0,3,1,4,0,1.0,0.0,1.0,0.75,0.8571428571428571,0.1428571428571429,1
"G[0,1](diabDur > 1.920 -> Pt_SHFlg = 0.000)
",9999999.000,9999999.000,0.000,1.000,0.000,3,0,1,0,3,1,4,0,1.0,0.0,1.0,0.75,0.8571428571428571,0.1428571428571429,1
"G[0,1](BUN >= 0.644 | Triglyc <= 81.334)
",9999999.000,9999999.000,0.000,1.000,0.000,3,0,1,0,3,1,4,0,1.0,0.0,1.0,0.75,0.8571428571428571,0.1428571428571429,1
"G[1,1](Pt_A1cGoalLevelDsYr5 <= 0.000 -> Pt_CGMUseNumDays <= 0.000)
",0.000,0.000,0.000,1.000,0.000,3,0,1,0,3,1,4,0,1.0,0.0,1.0,0.75,0.8571428571428571,0.1428571428571429,1
"G[0,0]((BUN <= 10.548 & HbA1cImputeDtMnC <= 55.718) | Pt_ChildT1D >= 22.288)
",-0.026,-0.397,0.000,1.000,0.000,3,0,0,1,4,0,3,1,0.75,0.0,0.0,1.0,0.8571428571428571,0.1428571428571429,1
"G[1,1]((BUN >= 2.634 | Pt_CGMUseNumDays <= 0.000) | Pt_FatherT1D >= 0.000)
",0.000,0.000,0.000,1.000,0.000,3,0,1,0,3,1,4,0,1.0,0.0,1.0,0.75,0.8571428571428571,0.1428571428571429,1
"G[0,1](((HbA1c <= 9.909 -> TotalDailyInsPerKg >= 0.033) | diabDur >= 0.170) -> Pt_InsGov <= 1.205)
",9999999.000,9999999.000,0.000,1.000,0.000,3,0,1,0,3,1,4,0,1.0,0.0,1.0,0.75,0.8571428571428571,0.1428571428571429,1
"G[0,1](((HeightCm <= 139.074 & Pt_CGMUseNumDays >= 0.000) & Pt_CGMUseNumDays <= 0.000) | LDL <= 0.000)
",9999999.000,9999999.000,0.000,1.000,0.000,3,0,1,0,3,1,4,0,1.0,0.0,1.0,0.75,0.8571428571428571,0.1428571428571429,1
"G[0,1](diagAgeCombo >= 3.000 | SMBGperDayPtMeterCombo <= 4.746)
",9999999.000,9999999.000,0.000,1.000,0.000,3,0,1,0,3,1,4,0,1.0,0.0,1.0,0.75,0.8571428571428571,0.1428571428571429,1
"G[0,0]((BUN >= 4.534 | LDL <= 65.257) & Pt_InsGov <= 68.393)
",44.848,66.302,0.000,1.000,0.000,3,0,0,1,4,0,3,1,0.75,0.0,0.0,1.0,0.8571428571428571,0.1428571428571429,1
"G[1,1](((BGTestAvgNumPtRep <= 3.247 | HDL >= 7.709) | age >= 7.463) | Pt_MotherT1D <= 46.631)
",6562744376467157.000,46.631,0.000,1.000,0.000,3,0,1,0,3,1,4,0,1.0,0.0,1.0,0.75,0.8571428571428571,0.1428571428571429,1
"G[1,1](HDL <= 60.575 | Pt_InsGov <= 0.795)
",60.575,60.575,0.000,1.000,0.000,3,0,1,0,3,1,4,0,1.0,0.0,1.0,0.75,0.8571428571428571,0.1428571428571429,1
"G[1,1](((TotChol <= 139.786 | TSH >= 0.002) | diabDur >= 0.015) | bmiZscore >= 0.091)
",139.786,139.786,0.000,1.000,0.000,3,0,1,0,3,1,4,0,1.0,0.0,1.0,0.75,0.8571428571428571,0.1428571428571429,1
"G[1,1]((BldPrDia >= 55.338 -> HbA1c <= 9.592) -> SMBGperDayPtMeterCombo >= 9.509)
",9.509,9.509,0.000,1.000,0.000,3,0,1,0,3,1,4,0,1.0,0.0,1.0,0.75,0.8571428571428571,0.1428571428571429,1
"G[1,1](((HeightCm <= 135.671 | TSH >= 0.171) | HbA1cImputeDtMnC >= 0.095) & HbA1c >= 0.091)
",-0.091,-0.091,0.000,1.000,0.000,3,0,1,0,3,1,4,0,1.0,0.0,1.0,0.75,0.8571428571428571,0.1428571428571429,1
"G[1,1](((BUN <= 10.430 | HeightCm <= 134.864) | Pt_CGMUseNumDays <= 140.715) | Pt_InsGov >= 114.563)
",140.715,140.715,0.000,1.000,0.000,3,0,1,0,3,1,4,0,1.0,0.0,1.0,0.75,0.8571428571428571,0.1428571428571429,1
"G[0,0](((HbA1cImputeDtMnC <= 72.386 & HeightCm >= 128.545) & SMBGperDayPtMeterCombo <= 141.343) | TotChol <= 137.197)
",3.073,111.530,0.000,1.000,0.000,3,0,0,1,4,0,3,1,0.75,0.0,0.0,1.0,0.8571428571428571,0.1428571428571429,1
"G[1,1]((AlbCreatRat_mggNew <= 5.778 -> LDL <= 73.364) & Pt_SiblingT1D <= 74.862)
",-73.364,-73.364,0.000,1.000,0.000,3,0,1,0,3,1,4,0,1.0,0.0,1.0,0.75,0.8571428571428571,0.1428571428571429,1
"F[0,1]((AlbCreatRat_mggNew >= 1.006 & BGTestAvgNumPtRep >= 1.072) & HeightCm <= 4.398)
",-9999999.000,-9999999.000,0.000,0.000,1.000,3,0,0,1,4,0,3,1,0.75,0.0,0.0,1.0,0.8571428571428571,0.1428571428571429,-1
"G[0,1]((BGTestAvgNumMeter <= 4.025 | BldPrSys <= 113.766) | age >= 104.449)
",9999999.000,9999999.000,0.000,1.000,0.000,3,0,1,0,3,1,4,0,1.0,0.0,1.0,0.75,0.8571428571428571,0.1428571428571429,1
"F[0,1](((HbA1cImputeDtMnC <= 40.696 -> WeightKg >= 26.728) & Pt_SHFlg >= 23.486) | HbA1cImputeDtMnC <= 29.284)
",-9999999.000,-9999999.000,0.000,0.000,1.000,2,0,0,2,4,0,2,2,0.5,0.0,0.0,1.0,0.5714285714285714,0.4285714285714286,-1
"((BldPrSys >= 101.635) U[1,1] (WeightKg <= 30.467))
",30.467,30.467,0.000,0.000,1.000,2,0,0,2,4,0,2,2,0.5,0.0,0.0,1.0,0.5714285714285714,0.4285714285714286,-1
"F[0,1]((BUN <= 5.601 | TSH >= 0.186) -> BGTestAvgNumMeter >= 0.097)
",-9999999.000,-9999999.000,0.000,0.000,1.000,2,0,0,2,4,0,2,2,0.5,0.0,0.0,1.0,0.5714285714285714,0.4285714285714286,-1
"F[0,1](bmiZscore >= 0.399 & AlbCreatRat_mggNew <= 5.763)
",-9999999.000,-9999999.000,0.000,0.000,1.000,2,0,0,2,4,0,2,2,0.5,0.0,0.0,1.0,0.5714285714285714,0.4285714285714286,-1
"((Pt_A1cGoalLev >= 0.200) U[1,2] (TotChol <= 99.801))
",-9999999.000,-9999999.000,0.000,0.000,1.000,2,0,0,2,4,0,2,2,0.5,0.0,0.0,1.0,0.5714285714285714,0.4285714285714286,-1
"((HbA1cImputeDtMnC <= 46.564) U[0,1] (Pt_A1cGoalLev >= 0.630))
",-9999999.000,-9999999.000,0.000,0.000,1.000,2,0,0,2,4,0,2,2,0.5,0.0,0.0,1.0,0.5714285714285714,0.4285714285714286,-1
"F[1,1](Triglyc >= 16.819 & Pt_GrandparentT1D <= 0.000)
",-16.819,-16.819,0.000,0.000,1.000,2,0,0,2,4,0,2,2,0.5,0.0,0.0,1.0,0.5714285714285714,0.4285714285714286,-1
"F[0,0]((BldPrDia >= 53.774 & BldPrSys >= 93.583) | HbA1c >= 99.595)
",-93.583,-93.583,0.000,0.000,1.000,2,0,0,2,4,0,2,2,0.5,0.0,0.0,1.0,0.5714285714285714,0.4285714285714286,-1
"((Pt_SHFlg <= 0.000) U[0,1] (UnitsInsBasalOrLongAct <= 6.295))
",-9999999.000,-9999999.000,0.000,0.000,1.000,2,0,0,2,4,0,2,2,0.5,0.0,0.0,1.0,0.5714285714285714,0.4285714285714286,-1
"F[0,1]((BGTestAvgNumMeter >= 1.340 | HbA1cImputeDtMnC >= 39.414) -> HeightCm <= 43.148)
",-9999999.000,-9999999.000,0.000,0.000,1.000,2,0,0,2,4,0,2,2,0.5,0.0,0.0,1.0,0.5714285714285714,0.4285714285714286,-1
"((BldPrSys >= 100.361) U[1,2] (LDL <= 66.311))
",-9999999.000,-9999999.000,0.000,0.000,1.000,2,0,0,2,4,0,2,2,0.5,0.0,0.0,1.0,0.5714285714285714,0.4285714285714286,-1
"F[1,1](((age <= 7.424 | bmiZscore <= 0.746) | diabDur <= 0.726) & BUN >= 0.325)
",-0.325,-0.325,0.000,0.000,1.000,2,0,0,2,4,0,2,2,0.5,0.0,0.0,1.0,0.5714285714285714,0.4285714285714286,-1
"F[1,1](HbA1cImputeDtMnC >= 32.361 & TotChol <= 183.055)
",-32.361,-32.361,0.000,0.000,1.000,2,0,0,2,4,0,2,2,0.5,0.0,0.0,1.0,0.5714285714285714,0.4285714285714286,-1
"G[1,1](age >= 6.918 -> TSH >= 0.192)
",0.192,0.192,0.000,1.000,0.000,2,0,1,1,3,1,3,1,0.6666666666666666,0.0,1.0,0.6666666666666666,0.5714285714285714,0.4285714285714286,1
"F[0,0](WeightKg <= 30.048 & Pt_SHFlg = 0.000)
",-3.328,-44.559,0.000,0.000,1.000,2,0,0,2,4,0,2,2,0.5,0.0,0.0,1.0,0.5714285714285714,0.4285714285714286,-1
"F[0,1]((Pt_FatherT1D >= 0.000 -> AlbCreatRat_mggNew >= 0.662) -> WeightKg <= 4.669)
",-9999999.000,-9999999.000,0.000,0.000,1.000,2,0,0,2,4,0,2,2,0.5,0.0,0.0,1.0,0.5714285714285714,0.4285714285714286,-1
"F[0,1]((BldPrDia <= 67.910 & BUN >= 4.644) | bmiPerc >= 4.737)
",-9999999.000,-9999999.000,0.000,0.000,1.000,2,0,0,2,4,0,2,2,0.5,0.0,0.0,1.0,0.5714285714285714,0.4285714285714286,-1
"F[0,0](bmi <= 17.149 & HbA1cImputeDtMnC <= 66.427)
",17.149,17.149,0.000,0.000,1.000,2,0,0,2,4,0,2,2,0.5,0.0,0.0,1.0,0.5714285714285714,0.4285714285714286,-1
"G[1,1](HeightCm > 124.493 & Pt_SHFlg = 0.000)
",-124.493,-124.493,0.000,1.000,0.000,2,0,1,1,3,1,3,1,0.6666666666666666,0.0,1.0,0.6666666666666666,0.5714285714285714,0.4285714285714286,1
"G[1,1](SMBGperDayPtMeterCombo <= 3.306 -> TSH <= 1.089)
",-7445514195491619.000,-3.306,0.000,1.000,0.000,2,0,1,1,3,1,3,1,0.6666666666666666,0.0,1.0,0.6666666666666666,0.5714285714285714,0.4285714285714286,1
"G[0,0]((WeightKg >= 22.458 | bmi >= 16.280) -> UnitsInsBasalOrLongAct <= 8.106)
",-2.106,-2.106,0.000,1.000,0.000,2,0,0,2,4,0,2,2,0.5,0.0,0.0,1.0,0.5714285714285714,0.4285714285714286,1
"G[0,0](Pt_InsGov >= 0.389 | UnitsInsBasalOrLongAct <= 6.573)
",0.573,0.573,0.000,1.000,0.000,2,0,0,2,4,0,2,2,0.5,0.0,0.0,1.0,0.5714285714285714,0.4285714285714286,1
"G[1,1](SMBGperDayPtMeterCombo >= 1.583 & BGTestAvgNumPtRep >= 0.507)
",-7128165447879987.000,-1.583,0.000,1.000,0.000,2,0,1,1,3,1,3,1,0.6666666666666666,0.0,1.0,0.6666666666666666,0.5714285714285714,0.4285714285714286,1
"G[1,1](TotChol <= 110.030 -> WeightKg <= 33.166)
",-110.030,-110.030,0.000,1.000,0.000,2,0,1,1,3,1,3,1,0.6666666666666666,0.0,1.0,0.6666666666666666,0.5714285714285714,0.4285714285714286,1
"G[0,0]((TotalDailyInsPerKg <= 1.152 & WeightKg <= 28.686) | UnitsInsBasalOrLongAct >= 27.237)
",-2.551,-3.182,0.000,1.000,0.000,2,0,0,2,4,0,2,2,0.5,0.0,0.0,1.0,0.5714285714285714,0.4285714285714286,1
"G[0,1](((HDL >= 5.320 & BGTestAvgNumPtRep >= 0.977) | Pt_DKAFlg >= 0.968) -> NumPumpBolusOrShortAct >= 0.770)
",9999999.000,9999999.000,0.000,1.000,0.000,2,0,1,1,3,1,3,1,0.6666666666666666,0.0,1.0,0.6666666666666666,0.5714285714285714,0.4285714285714286,1
"G[1,1](((Pt_A1cGoalLevelDsYr5 >= 0.000 & TotalDailyInsPerKg >= 0.208) | Pt_ChildT1D >= 0.085) -> BldPrSys <= 0.479)
",-0.479,-0.479,0.000,1.000,0.000,2,0,1,1,3,1,3,1,0.6666666666666666,0.0,1.0,0.6666666666666666,0.5714285714285714,0.4285714285714286,1
"G[1,1](((HbA1cImputeDtMnC <= 50.369 & TotalDailyInsPerKg <= 0.880) | BldPrSys <= 1.467) -> GFR >= 0.350)
",-1.467,-1.467,0.000,1.000,0.000,2,0,1,1,3,1,3,1,0.6666666666666666,0.0,1.0,0.6666666666666666,0.5714285714285714,0.4285714285714286,1
"F[0,1](((BGTestAvgNumMeter >= 2.013 & bmiPerc >= 0.719) & Pt_DKAFlg <= 0.740) & bmiPerc <= 0.791)
",-9999999.000,-9999999.000,0.000,0.000,1.000,2,0,0,2,4,0,2,2,0.5,0.0,0.0,1.0,0.5714285714285714,0.4285714285714286,-1
"F[1,1](BldPrSys >= 93.983 -> TSH <= 0.844)
",-0.844,-0.844,0.000,0.000,1.000,1,0,0,3,4,0,1,3,0.25,0.0,0.0,1.0,0.2857142857142857,0.7142857142857143,-1
"((BGTestAvgNumMeter >= 1.751) U[1,2] (BGTestAvgNumPtRep <= 5.665))
",-9999999.000,-9999999.000,0.000,0.000,1.000,1,0,0,3,4,0,1,3,0.25,0.0,0.0,1.0,0.2857142857142857,0.7142857142857143,-1
"((BGTestAvgNumMeter >= 1.609) U[1,2] (BGTestAvgNumPtRep <= 3.111))
",-9999999.000,-9999999.000,0.000,0.000,1.000,1,0,0,3,4,0,1,3,0.25,0.0,0.0,1.0,0.2857142857142857,0.7142857142857143,-1
"F[0,1](((BUN >= 1.941 | Pt_A1cGoalLev >= 0.602) & Pt_A1cGoalLevelDsYr5 <= 5.787) | GFR >= 0.471)
",-9999999.000,-9999999.000,0.000,0.000,1.000,1,0,0,3,4,0,1,3,0.25,0.0,0.0,1.0,0.2857142857142857,0.7142857142857143,-1
"((BGTestAvgNumMeter >= 0.757) U[1,2] (BGTestAvgNumPtRep <= 2.576))
",-9999999.000,-9999999.000,0.000,0.000,1.000,1,0,0,3,4,0,1,3,0.25,0.0,0.0,1.0,0.2857142857142857,0.7142857142857143,-1
"((BGTestAvgNumMeter >= 1.273) U[1,2] (BGTestAvgNumPtRep <= 4.087))
",-9999999.000,-9999999.000,0.000,0.000,1.000,1,0,0,3,4,0,1,3,0.25,0.0,0.0,1.0,0.2857142857142857,0.7142857142857143,-1
"((BGTestAvgNumPtRep >= 0.554) U[0,0] (HbA1cImputeDtMnC <= 53.037))
",53.037,53.037,0.000,0.000,1.000,1,0,0,3,4,0,1,3,0.25,0.0,0.0,1.0,0.2857142857142857,0.7142857142857143,-1
"((BGTestAvgNumMeter >= 0.094) U[0,1] (BGTestAvgNumPtRep <= 2.747))
",-9999999.000,-9999999.000,0.000,0.000,1.000,1,0,0,3,4,0,1,3,0.25,0.0,0.0,1.0,0.2857142857142857,0.7142857142857143,-1
"((Pt_InsGov <= 0.863) U[1,2] (Pt_FatherT1D >= 0.000))
",-9999999.000,-9999999.000,0.000,0.000,1.000,1,0,0,3,4,0,1,3,0.25,0.0,0.0,1.0,0.2857142857142857,0.7142857142857143,-1
"((age >= 5.101) U[0,1] (Pt_InsGov <= 0.575))
",-9999999.000,-9999999.000,0.000,0.000,1.000,1,0,0,3,4,0,1,3,0.25,0.0,0.0,1.0,0.2857142857142857,0.7142857142857143,-1
"((diabDur >= 3.492) U[1,2] (HDL >= 10.483))
",-9999999.000,-9999999.000,0.000,0.000,1.000,1,0,0,3,4,0,1,3,0.25,0.0,0.0,1.0,0.2857142857142857,0.7142857142857143,-1
"((TotChol <= 119.940) U[1,1] (Pt_SHFlg = 0.000))
",8440038395255805.000,119.940,0.000,0.000,1.000,1,0,0,3,4,0,1,3,0.25,0.0,0.0,1.0,0.2857142857142857,0.7142857142857143,-1
"F[0,1]((age >= 6.441 & NumPumpBolusOrShortAct <= 0.000) & bmi >= 0.000)
",-9999999.000,-9999999.000,0.000,0.000,1.000,1,0,0,3,4,0,1,3,0.25,0.0,0.0,1.0,0.2857142857142857,0.7142857142857143,-1
"F[1,1](AlbCreatRat_mggNew >= 1.915 -> TotChol >= 20.798)
",1.915,1.915,0.000,0.000,1.000,1,0,0,3,4,0,1,3,0.25,0.0,0.0,1.0,0.2857142857142857,0.7142857142857143,-1
"((TotChol <= 101.522) U[1,1] (Pt_SHFlg = 0.000))
",101.522,101.522,0.000,0.000,1.000,1,0,0,3,4,0,1,3,0.25,0.0,0.0,1.0,0.2857142857142857,0.7142857142857143,-1
"F[0,1](TotChol > 6.719 & Pt_SHFlg = 0.000)
",-9999999.000,-9999999.000,0.000,0.000,1.000,1,0,0,3,4,0,1,3,0.25,0.0,0.0,1.0,0.2857142857142857,0.7142857142857143,-1
"F[0,0](bmi >= 16.299 | TSH >= 0.136)
",0.659,1.864,0.000,0.000,1.000,1,0,0,3,4,0,1,3,0.25,0.0,0.0,1.0,0.2857142857142857,0.7142857142857143,-1
"((BGTestAvgNumMeter >= 1.904) U[0,1] (BGTestAvgNumPtRep <= 3.683))
",-9999999.000,-9999999.000,0.000,0.000,1.000,1,0,0,3,4,0,1,3,0.25,0.0,0.0,1.0,0.2857142857142857,0.7142857142857143,-1
"F[0,0]((BldPrSys >= 102.305 & diabDur >= 1.989) | diabDur >= 3.388)
",4.539,4.279,0.000,0.000,1.000,1,0,0,3,4,0,1,3,0.25,0.0,0.0,1.0,0.2857142857142857,0.7142857142857143,-1
"((AlbCreatRat_mggNew >= 0.971) U[0,1] (HDL >= 7.756))
",-9999999.000,-9999999.000,0.000,0.000,1.000,1,0,0,3,4,0,1,3,0.25,0.0,0.0,1.0,0.2857142857142857,0.7142857142857143,-1
"F[0,1]((DirectLDL <= 0.615 & HbA1c >= 9.250) -> HbA1cImputeDtMnC <= 9.682)
",-9999999.000,-9999999.000,0.000,0.000,1.000,1,0,0,3,4,0,1,3,0.25,0.0,0.0,1.0,0.2857142857142857,0.7142857142857143,-1
"F[0,0](BldPrSys <= 108.802 | HeightCm <= 131.631)
",108.802,108.802,0.000,0.000,1.000,1,0,0,3,4,0,1,3,0.25,0.0,0.0,1.0,0.2857142857142857,0.7142857142857143,-1
"F[0,1]((Pt_InsGov >= 0.111 -> TSH <= 0.550) & BGTestAvgNumPtRep <= 1.140)
",-9999999.000,-9999999.000,0.000,0.000,1.000,1,0,0,3,4,0,1,3,0.25,0.0,0.0,1.0,0.2857142857142857,0.7142857142857143,-1
"F[1,1]((bmi >= 16.563 & diabDur >= 0.746) -> LDL >= 2.733)
",6153342439170565.000,2.733,0.000,0.000,1.000,1,0,0,3,4,0,1,3,0.25,0.0,0.0,1.0,0.2857142857142857,0.7142857142857143,-1
"F[0,1](SMBGperDayPtMeterCombo >= 1.066 -> TSH >= 0.082)
",-9999999.000,-9999999.000,0.000,0.000,1.000,1,0,0,3,4,0,1,3,0.25,0.0,0.0,1.0,0.2857142857142857,0.7142857142857143,-1
"F[0,1](((Pt_InsGov >= 0.247 & HDL >= 12.030) | BldPrDia <= 75.774) -> LDL >= 17.294)
",-9999999.000,-9999999.000,0.000,0.000,1.000,1,0,0,3,4,0,1,3,0.25,0.0,0.0,1.0,0.2857142857142857,0.7142857142857143,-1
"((age >= 4.938) U[1,1] (AlbCreatRat_mggNew >= 1.052))
",-1.052,-1.052,0.000,0.000,1.000,1,0,0,3,4,0,1,3,0.25,0.0,0.0,1.0,0.2857142857142857,0.7142857142857143,-1
"((age <= 7.693) U[1,1] (BldPrSys <= 107.190))
",107.190,107.190,0.000,0.000,1.000,1,0,0,3,4,0,1,3,0.25,0.0,0.0,1.0,0.2857142857142857,0.7142857142857143,-1
"((BGTestAvgNumPtRep >= 1.281) U[0,1] (diabDur <= 3.846))
",-9999999.000,-9999999.000,0.000,0.000,1.000,1,0,0,3,4,0,1,3,0.25,0.0,0.0,1.0,0.2857142857142857,0.7142857142857143,-1
"((LDL >= 11.060) U[0,0] (diabDur <= 5.500))
",-2.298,-2.166,0.000,0.000,1.000,1,0,0,3,4,0,1,3,0.25,0.0,0.0,1.0,0.2857142857142857,0.7142857142857143,-1
"F[1,1]((UnitsInsBasalOrLongAct >= 3.103 -> WeightKg <= 29.150) | BGTestAvgNumMeter >= 28.291)
",-28.291,-28.291,0.000,0.000,1.000,1,0,0,3,4,0,1,3,0.25,0.0,0.0,1.0,0.2857142857142857,0.7142857142857143,-1
"F[0,1]((bmiZscore <= 0.794 & HbA1cImputeDtMnC <= 52.863) & HbA1c <= 59.746)
",-9999999.000,-9999999.000,0.000,0.000,1.000,1,0,0,3,4,0,1,3,0.25,0.0,0.0,1.0,0.2857142857142857,0.7142857142857143,-1
"((BGTestAvgNumMeter >= 1.907) U[1,2] (BGTestAvgNumPtRep <= 2.690))
",-9999999.000,-9999999.000,0.000,0.000,1.000,1,0,0,3,4,0,1,3,0.25,0.0,0.0,1.0,0.2857142857142857,0.7142857142857143,-1
"F[0,0](HeightCm >= 124.263 & TotalDailyInsPerKg <= 1.003)
",-25.087,-95.263,0.000,0.000,1.000,1,0,0,3,4,0,1,3,0.25,0.0,0.0,1.0,0.2857142857142857,0.7142857142857143,-1
"((age <= 9.988) U[1,1] (DirectLDL <= 0.428))
",9.988,9.988,0.000,0.000,1.000,1,0,0,3,4,0,1,3,0.25,0.0,0.0,1.0,0.2857142857142857,0.7142857142857143,-1
"F[0,1]((Pt_InsGov >= 0.115 & TotChol <= 149.513) | bmiPerc >= 5.798)
",-9999999.000,-9999999.000,0.000,0.000,1.000,1,0,0,3,4,0,1,3,0.25,0.0,0.0,1.0,0.2857142857142857,0.7142857142857143,-1
"F[0,1]((DirectLDL <= 0.504 -> Pt_A1cGoalLev >= 0.605) | NumPumpBolusOrShortAct >= 0.364)
",-9999999.000,-9999999.000,0.000,0.000,1.000,1,0,0,3,4,0,1,3,0.25,0.0,0.0,1.0,0.2857142857142857,0.7142857142857143,-1
"((BldPrDia >= 60.164) U[0,0] (UnitsInsBasalOrLongAct <= 10.736))
",7.048,49.836,0.000,0.000,1.000,1,0,0,3,4,0,1,3,0.25,0.0,0.0,1.0,0.2857142857142857,0.7142857142857143,-1
"G[0,0](GFR <= 0.000 -> BUN >= 0.897)
",-0.702,-30.890,0.000,1.000,0.000,1,0,0,3,4,0,1,3,0.25,0.0,0.0,1.0,0.2857142857142857,0.7142857142857143,1
"G[0,1]((WeightKg >= 25.559 | bmi >= 15.770) -> UnitsInsBasalOrLongAct <= 7.035)
",9999999.000,9999999.000,0.000,1.000,0.000,1,0,1,2,3,1,2,2,0.3333333333333333,0.0,1.0,0.5,0.2857142857142857,0.7142857142857143,1
"G[0,0](SMBGperDayPtMeterCombo >= 0.742 & BGTestAvgNumPtRep >= 1.068)
",-1.068,-1.068,0.000,1.000,0.000,1,0,0,3,4,0,1,3,0.25,0.0,0.0,1.0,0.2857142857142857,0.7142857142857143,1
"G[0,1](((BldPrDia <= 66.677 & diabDur <= 5.957) & SMBGperDayPtMeterCombo >= 2.379) | TotalDailyInsPerKg >= 0.120)
",9999999.000,9999999.000,0.000,1.000,0.000,1,0,0,3,4,0,1,3,0.25,0.0,0.0,1.0,0.2857142857142857,0.7142857142857143,1
"G[0,1]((HbA1cImputeDtMnC >= 26.474 & BldPrSys >= 104.692) -> BGTestAvgNumMeter >= 104.188)
",9999999.000,9999999.000,0.000,1.000,0.000,1,0,0,3,4,0,1,3,0.25,0.0,0.0,1.0,0.2857142857142857,0.7142857142857143,1
"G[0,1](age <= 7.951 -> HDL >= 18.093)
",9999999.000,9999999.000,0.000,1.000,0.000,1,0,1,2,3,1,2,2,0.3333333333333333,0.0,1.0,0.5,0.2857142857142857,0.7142857142857143,1
"G[0,0](GFR <= 0.000 -> BUN >= 1.375)
",-0.702,-30.731,0.000,1.000,0.000,1,0,0,3,4,0,1,3,0.25,0.0,0.0,1.0,0.2857142857142857,0.7142857142857143,1
"G[0,1]((Pt_CGMUseNumDays <= 0.000 & WeightKg >= 26.298) & AlbCreatRat_mggNew <= 32.765)
",9999999.000,9999999.000,0.000,1.000,0.000,1,0,1,2,3,1,2,2,0.3333333333333333,0.0,1.0,0.5,0.2857142857142857,0.7142857142857143,1
"G[1,1](((diabDur <= 5.408 | TotalDailyInsPerKg <= 1.046) & age >= 0.373) & TotalDailyInsPerKg >= 0.305)
",-6712021079368909.000,-0.373,0.000,1.000,0.000,1,0,1,2,3,1,2,2,0.3333333333333333,0.0,1.0,0.5,0.2857142857142857,0.7142857142857143,1
"G[0,0](SMBGperDayPtMeterCombo >= 0.303 & BGTestAvgNumPtRep >= 0.204)
",-0.204,-0.204,0.000,1.000,0.000,1,0,0,3,4,0,1,3,0.25,0.0,0.0,1.0,0.2857142857142857,0.7142857142857143,1
"G[0,1](SMBGperDayPtMeterCombo >= 1.592 & BGTestAvgNumPtRep >= 1.542)
",9999999.000,9999999.000,0.000,1.000,0.000,1,0,0,3,4,0,1,3,0.25,0.0,0.0,1.0,0.2857142857142857,0.7142857142857143,1
"G[0,1](Pt_MotherT1D <= 0.000 -> bmi <= 16.958)
",9999999.000,9999999.000,0.000,1.000,0.000,1,0,0,3,4,0,1,3,0.25,0.0,0.0,1.0,0.2857142857142857,0.7142857142857143,1
"G[0,1](SMBGperDayPtMeterCombo >= 2.156 & BGTestAvgNumPtRep >= 1.191)
",9999999.000,9999999.000,0.000,1.000,0.000,1,0,0,3,4,0,1,3,0.25,0.0,0.0,1.0,0.2857142857142857,0.7142857142857143,1
"G[0,1]((WeightKg >= 25.530 | bmi >= 16.728) -> UnitsInsBasalOrLongAct <= 7.841)
",9999999.000,9999999.000,0.000,1.000,0.000,1,0,1,2,3,1,2,2,0.3333333333333333,0.0,1.0,0.5,0.2857142857142857,0.7142857142857143,1
"G[0,2]((Pt_CGMUseNumDays >= 0.000 -> SMBGperDayPtMeterCombo <= 4.474) -> BldPrSys >= 2.323)
",9999999.000,9999999.000,0.000,1.000,0.000,0,0,4,0,0,4,4,0,0.0,0.0,1.0,0.0,0.0,1.0,1
"F[1,2]((Pt_ChildT1D >= 0.000 & HDL <= 55.666) & Pt_FatherT1D <= 51.365)
",-9999999.000,-9999999.000,0.000,0.000,1.000,0,0,0,4,4,0,0,4,0.0,0.0,0.0,0.0,0.0,1.0,-1
"F[0,2](((Pt_CGMUseNumDays >= 0.000 -> Pt_FatherT1D >= 0.000) -> Pt_CGMUseNumDays >= 0.000) -> AlbCreatRat_mggNew >= 0.000)
",-9999999.000,-9999999.000,0.000,0.000,1.000,0,0,0,4,4,0,0,4,0.0,0.0,0.0,0.0,0.0,1.0,-1
"F[0,2]((HbA1cImputeDtMnC <= 60.903 | SMBGperDayPtMeterCombo <= 5.323) -> Pt_GrandparentT1D <= 3.903)
",-9999999.000,-9999999.000,0.000,0.000,1.000,0,0,0,4,4,0,0,4,0.0,0.0,0.0,0.0,0.0,1.0,-1
"F[2,2](((BGTestAvgNumPtRep >= 2.032 -> GFR >= 0.000) | Pt_InsGov >= 0.000) | HbA1c <= 0.000)
",0.000,0.000,0.000,0.000,1.000,0,0,0,4,4,0,0,4,0.0,0.0,0.0,0.0,0.0,1.0,-1
"F[1,2](HbA1c <= 9.636 | Pt_A1cGoalLevelDsYr5 >= 0.000)
",-9999999.000,-9999999.000,0.000,0.000,1.000,0,0,0,4,4,0,0,4,0.0,0.0,0.0,0.0,0.0,1.0,-1
"((age <= 9.309) U[1,2] (UnitsInsBasalOrLongAct <= 13.828))
",-9999999.000,-9999999.000,0.000,0.000,1.000,0,0,0,4,4,0,0,4,0.0,0.0,0.0,0.0,0.0,1.0,-1
"((BUN <= 5.835) U[1,2] (WeightKg <= 30.589))
",-9999999.000,-9999999.000,0.000,0.000,1.000,0,0,0,4,4,0,0,4,0.0,0.0,0.0,0.0,0.0,1.0,-1
"F[0,2]((Pt_GrandparentT1D <= 0.000 & AlbCreatRat_mggNew >= 3.383) -> DirectLDL >= 0.811)
",-9999999.000,-9999999.000,0.000,0.000,1.000,0,0,0,4,4,0,0,4,0.0,0.0,0.0,0.0,0.0,1.0,-1
"F[0,2]((BGTestAvgNumPtRep >= 2.528 & WeightKg <= 35.988) & bmiZscore >= 20.986)
",-9999999.000,-9999999.000,0.000,0.000,1.000,0,0,0,4,4,0,0,4,0.0,0.0,0.0,0.0,0.0,1.0,-1
"F[1,2](((HDL >= 14.144 | TSH <= 1.165) | Pt_A1cGoalLevelDsYr5 <= 0.867) & Pt_InsGov >= 0.080)
",-9999999.000,-9999999.000,0.000,0.000,1.000,0,0,0,4,4,0,0,4,0.0,0.0,0.0,0.0,0.0,1.0,-1
"((bmi <= 17.126) U[0,2] (GFR <= 0.000))
",-9999999.000,-9999999.000,0.000,0.000,1.000,0,0,0,4,4,0,0,4,0.0,0.0,0.0,0.0,0.0,1.0,-1
"F[1,2](age <= 9.270 & BldPrDia >= 58.599)
",-9999999.000,-9999999.000,0.000,0.000,1.000,0,0,0,4,4,0,0,4,0.0,0.0,0.0,0.0,0.0,1.0,-1
"F[1,2](((Pt_MotherT1D >= 0.000 & BldPrSys >= 94.276) | bmiZscore <= 111.079) -> bmiPerc <= 109.951)
",-9999999.000,-9999999.000,0.000,0.000,1.000,0,0,0,4,4,0,0,4,0.0,0.0,0.0,0.0,0.0,1.0,-1
"((diabDur >= 0.181) U[0,2] (diabDur <= 3.800))
",-9999999.000,-9999999.000,0.000,0.000,1.000,0,0,0,4,4,0,0,4,0.0,0.0,0.0,0.0,0.0,1.0,-1
"F[2,2](((BUN <= 15.078 | Pt_MotherT1D <= 0.000) | BGTestAvgNumMeter <= 0.000) -> diagAgeCombo >= 0.000)
",-15.078,-15.078,0.000,0.000,1.000,0,0,0,4,4,0,0,4,0.0,0.0,0.0,0.0,0.0,1.0,-1
"((bmi <= 17.607) U[0,2] (TotalDailyInsPerKg <= 1.429))
",-9999999.000,-9999999.000,0.000,0.000,1.000,0,0,0,4,4,0,0,4,0.0,0.0,0.0,0.0,0.0,1.0,-1
"F[1,2](((GFR <= 0.000 -> Pt_GrandchildT1D <= 0.000) | TotalDailyInsPerKg <= 0.000) -> HDL >= 0.000)
",-9999999.000,-9999999.000,0.000,0.000,1.000,0,0,0,4,4,0,0,4,0.0,0.0,0.0,0.0,0.0,1.0,-1
"F[2,2](((AutonomicNeuroCl <= 0.000 | NumPumpBolusOrShortAct >= 0.000) & Triglyc >= 0.000) | diagAgeCombo <= 0.000)
",0.000,0.000,0.000,0.000,1.000,0,0,0,4,4,0,0,4,0.0,0.0,0.0,0.0,0.0,1.0,-1
"F[1,1](AlbCreatRat_mggNew <= 4.585 -> HeightCm <= 140.323)
",-140.323,-140.323,0.000,0.000,1.000,0,0,0,4,4,0,0,4,0.0,0.0,0.0,0.0,0.0,1.0,-1
"F[1,2](LDL <= 55.650 & UnitsInsBasalOrLongAct >= 5.002)
",-9999999.000,-9999999.000,0.000,0.000,1.000,0,0,0,4,4,0,0,4,0.0,0.0,0.0,0.0,0.0,1.0,-1
"F[0,1](((Pt_InsGov >= 0.015 & SMBGperDayPtMeterCombo >= 1.874) | Pt_GrandparentT1D >= 0.277) -> Pt_FatherT1D <= 4.806)
",-9999999.000,-9999999.000,0.000,0.000,1.000,0,0,0,4,4,0,0,4,0.0,0.0,0.0,0.0,0.0,1.0,-1
"F[0,1](AlbCreatRat_mggNew >= 2.711 -> diabDur <= 5.357)
",-9999999.000,-9999999.000,0.000,0.000,1.000,0,0,0,4,4,0,0,4,0.0,0.0,0.0,0.0,0.0,1.0,-1
"F[1,2]((AlbCreatRat_mggNew >= 3.422 -> BGTestAvgNumMeter >= 1.922) -> BGTestAvgNumMeter >= 1.853)
",-9999999.000,-9999999.000,0.000,0.000,1.000,0,0,0,4,4,0,0,4,0.0,0.0,0.0,0.0,0.0,1.0,-1
"((AlbCreatRat_mggNew < 4.725) U[0,1] (Pt_SHFlg = 0.000))
",-9999999.000,-9999999.000,0.000,0.000,1.000,0,0,0,4,4,0,0,4,0.0,0.0,0.0,0.0,0.0,1.0,-1
"F[1,2]((HDL >= 10.794 | LDL >= 2.543) & age >= 19.150)
",-9999999.000,-9999999.000,0.000,0.000,1.000,0,0,0,4,4,0,0,4,0.0,0.0,0.0,0.0,0.0,1.0,-1
"F[2,2](((diabDur >= 0.789 -> HeightCm <= 131.532) | AlbCreatRat_mggNew <= 139.560) -> LDL >= 122.476)
",-139.560,-139.560,0.000,0.000,1.000,0,0,0,4,4,0,0,4,0.0,0.0,0.0,0.0,0.0,1.0,-1
"F[1,2](((DirectLDL >= 0.009 -> LDL <= 92.673) & HDL >= 22.681) -> AlbCreatRat_mggNew >= 9.401)
",-9999999.000,-9999999.000,0.000,0.000,1.000,0,0,0,4,4,0,0,4,0.0,0.0,0.0,0.0,0.0,1.0,-1
"F[0,2]((diabDur <= 3.947 & HbA1cImputeDtMnC <= 58.244) & Pt_A1cGoalLev >= 38.159)
",-9999999.000,-9999999.000,0.000,0.000,1.000,0,0,0,4,4,0,0,4,0.0,0.0,0.0,0.0,0.0,1.0,-1
"F[0,2](((DirectLDL <= 0.712 -> HDL >= 0.249) & bmiZscore <= 25.142) | GFR <= 31.671)
",-9999999.000,-9999999.000,0.000,0.000,1.000,0,0,0,4,4,0,0,4,0.0,0.0,0.0,0.0,0.0,1.0,-1
"((bmiPerc > 0.609) U[0,0] (Pt_SHFlg = 0.000))
",22.620,15.958,0.000,0.000,1.000,0,0,0,4,4,0,0,4,0.0,0.0,0.0,0.0,0.0,1.0,-1
"((age <= 7.301) U[2,2] (HeightCm >= 113.347))
",7.301,7.301,0.000,0.000,1.000,0,0,0,4,4,0,0,4,0.0,0.0,0.0,0.0,0.0,1.0,-1
"F[1,2](((AlbCreatRat_mggNew >= 0.525 | TotalDailyInsPerKg <= 1.357) & age <= 0.499) -> bmiPerc <= 1.064)
",-9999999.000,-9999999.000,0.000,0.000,1.000,0,0,0,4,4,0,0,4,0.0,0.0,0.0,0.0,0.0,1.0,-1
"F[1,2](TotChol >= 41.819 | Triglyc <= 92.580)
",-9999999.000,-9999999.000,0.000,0.000,1.000,0,0,0,4,4,0,0,4,0.0,0.0,0.0,0.0,0.0,1.0,-1
"F[1,1]((BGTestAvgNumMeter <= 5.095 -> UnitsInsBasalOrLongAct >= 0.593) | BUN >= 1.287)
",-1.287,-1.287,0.000,0.000,1.000,0,0,0,4,4,0,0,4,0.0,0.0,0.0,0.0,0.0,1.0,-1
"F[0,0](((LDL >= 23.643 -> Triglyc <= 18.639) -> DirectLDL <= 20.860) -> Pt_GrandchildT1D <= 71.409)
",-71.409,-71.409,0.000,0.000,1.000,0,0,0,4,4,0,0,4,0.0,0.0,0.0,0.0,0.0,1.0,-1
"F[2,2]((BGTestAvgNumPtRep >= 0.195 | SMBGperDayPtMeterCombo >= 1.791) | diagAgeCombo <= 3.270)
",7362724954407659.000,3.270,0.000,0.000,1.000,0,0,0,4,4,0,0,4,0.0,0.0,0.0,0.0,0.0,1.0,-1
"F[0,2](((Pt_FatherT1D <= 0.000 | AlbCreatRat_mggNew >= 4.151) | Pt_DKAFlg <= 4.911) -> Pt_DKAFlg >= 4.036)
",-9999999.000,-9999999.000,0.000,0.000,1.000,0,0,0,4,4,0,0,4,0.0,0.0,0.0,0.0,0.0,1.0,-1
"F[2,2](((HeightCm >= 121.732 & WeightKg <= 35.326) & diabDur >= 28.040) & Triglyc <= 32.150)
",-121.732,-121.732,0.000,0.000,1.000,0,0,0,4,4,0,0,4,0.0,0.0,0.0,0.0,0.0,1.0,-1
"F[0,1](((bmiZscore <= 0.965 & HeightCm <= 137.473) | HeightCm <= 133.446) | NumPumpBolusOrShortAct <= 132.018)
",-9999999.000,-9999999.000,0.000,0.000,1.000,0,0,0,4,4,0,0,4,0.0,0.0,0.0,0.0,0.0,1.0,-1
"F[1,2](((HbA1c >= 8.976 & TSH >= 0.088) | TSH >= 0.224) & DirectLDL <= 1.174)
",-9999999.000,-9999999.000,0.000,0.000,1.000,0,0,0,4,4,0,0,4,0.0,0.0,0.0,0.0,0.0,1.0,-1
"F[0,2](((HbA1c <= 9.903 & UnitsInsBasalOrLongAct <= 10.324) -> Pt_SHFlg <= 12.488) | BUN >= 4.856)
",-9999999.000,-9999999.000,0.000,0.000,1.000,0,0,0,4,4,0,0,4,0.0,0.0,0.0,0.0,0.0,1.0,-1
"F[0,2](((WeightKg <= 34.614 -> bmi <= 16.917) | TSH <= 17.191) -> Pt_SHFlg <= 17.338)
",-9999999.000,-9999999.000,0.000,0.000,1.000,0,0,0,4,4,0,0,4,0.0,0.0,0.0,0.0,0.0,1.0,-1
"((Pt_MotherT1D <= 0.000) U[0,2] (TotChol <= 137.443))
",-9999999.000,-9999999.000,0.000,0.000,1.000,0,0,0,4,4,0,0,4,0.0,0.0,0.0,0.0,0.0,1.0,-1
"F[0,1](TotalDailyInsPerKg >= 0.024 -> BldPrSys >= 93.516)
",-9999999.000,-9999999.000,0.000,0.000,1.000,0,0,0,4,4,0,0,4,0.0,0.0,0.0,0.0,0.0,1.0,-1
"((Pt_SHFlg >= 0.000) U[0,1] (BldPrDia >= 55.381))
",-9999999.000,-9999999.000,0.000,0.000,1.000,0,0,0,4,4,0,0,4,0.0,0.0,0.0,0.0,0.0,1.0,-1
"F[1,2](LDL <= 42.915 -> AlbCreatRat_mggNew <= 5.996)
",-9999999.000,-9999999.000,0.000,0.000,1.000,0,0,0,4,4,0,0,4,0.0,0.0,0.0,0.0,0.0,1.0,-1
"F[0,1](((Pt_A1cGoalLevelDsYr5 >= 0.000 | Pt_MotherT1D >= 0.000) & bmi >= 0.000) | Pt_InsGov >= 0.000)
",-9999999.000,-9999999.000,0.000,0.000,1.000,0,0,0,4,4,0,0,4,0.0,0.0,0.0,0.0,0.0,1.0,-1
"F[0,1](diagAgeCombo <= 3.000 | LDL >= 20.806)
",-9999999.000,-9999999.000,0.000,0.000,1.000,0,0,0,4,4,0,0,4,0.0,0.0,0.0,0.0,0.0,1.0,-1
"F[0,0](((HbA1c <= 9.621 | Pt_MotherT1D >= 0.000) -> Pt_DKAFlg <= 0.000) -> Pt_GrandparentT1D >= 0.000)
",0.000,0.000,0.000,0.000,1.000,0,0,0,4,4,0,0,4,0.0,0.0,0.0,0.0,0.0,1.0,-1
"F[0,2]((Pt_A1cGoalLevelDsYr5 <= 0.000 | Pt_DKAFlg >= 0.000) | HbA1cImputeDtMnC >= 0.000)
",-9999999.000,-9999999.000,0.000,0.000,1.000,0,0,0,4,4,0,0,4,0.0,0.0,0.0,0.0,0.0,1.0,-1
"((BldPrSys >= 98.208) U[2,2] (NumPumpBolusOrShortAct >= 0.000))
",0.000,0.000,0.000,0.000,1.000,0,0,0,4,4,0,0,4,0.0,0.0,0.0,0.0,0.0,1.0,-1
"F[0,2](((Pt_GrandparentT1D <= 0.000 & LDL >= 18.837) | HbA1c <= 90.285) & DirectLDL >= 23.080)
",-9999999.000,-9999999.000,0.000,0.000,1.000,0,0,0,4,4,0,0,4,0.0,0.0,0.0,0.0,0.0,1.0,-1
"F[1,2](Pt_SiblingT1D >= 0.000 -> Pt_InsGov <= 0.545)
",-9999999.000,-9999999.000,0.000,0.000,1.000,0,0,0,4,4,0,0,4,0.0,0.0,0.0,0.0,0.0,1.0,-1
"F[0,1](((Pt_GrandparentT1D <= 0.000 | Pt_ChildT1D >= 0.000) & Pt_MotherT1D <= 0.000) | HbA1c >= 0.000)
",-9999999.000,-9999999.000,0.000,0.000,1.000,0,0,0,4,4,0,0,4,0.0,0.0,0.0,0.0,0.0,1.0,-1
"F[1,1](((bmiPerc <= 0.751 -> HDL >= 13.192) & HbA1c >= 16.427) -> Pt_FatherT1D >= 17.598)
",16.427,16.427,0.000,0.000,1.000,0,0,0,4,4,0,0,4,0.0,0.0,0.0,0.0,0.0,1.0,-1
"F[1,2]((diabDur <= 5.520 | BldPrDia >= 54.197) | Pt_MotherT1D <= 65.762)
",-9999999.000,-9999999.000,0.000,0.000,1.000,0,0,0,4,4,0,0,4,0.0,0.0,0.0,0.0,0.0,1.0,-1
"F[1,1]((DirectLDL <= 0.676 & GFR <= 0.000) | diagAgeCombo >= 0.000)
",0.000,0.000,0.000,0.000,1.000,0,0,0,4,4,0,0,4,0.0,0.0,0.0,0.0,0.0,1.0,-1
"F[1,2]((Pt_GrandparentT1D <= 0.000 | AutonomicNeuroCl <= 0.000) | TSH <= 0.000)
",-9999999.000,-9999999.000,0.000,0.000,1.000,0,0,0,4,4,0,0,4,0.0,0.0,0.0,0.0,0.0,1.0,-1
"F[1,2](((diabDur >= 2.803 & BldPrSys >= 98.563) | bmiPerc >= 101.614) -> NumPumpBolusOrShortAct <= 109.266)
",-9999999.000,-9999999.000,0.000,0.000,1.000,0,0,0,4,4,0,0,4,0.0,0.0,0.0,0.0,0.0,1.0,-1
"F[0,1]((Pt_SiblingT1D <= 0.000 | TotalDailyInsPerKg >= 0.338) & HbA1c >= 0.348)
",-9999999.000,-9999999.000,0.000,0.000,1.000,0,0,0,4,4,0,0,4,0.0,0.0,0.0,0.0,0.0,1.0,-1
"F[2,2](Pt_ChildT1D <= 0.000 & age <= 8.993)
",0.000,0.000,0.000,0.000,1.000,0,0,0,4,4,0,0,4,0.0,0.0,0.0,0.0,0.0,1.0,-1
"((BUN <= 18.584) U[0,2] (Pt_FatherT1D >= 0.000))
",-9999999.000,-9999999.000,0.000,0.000,1.000,0,0,0,4,4,0,0,4,0.0,0.0,0.0,0.0,0.0,1.0,-1
"F[0,1]((bmi <= 17.257 | Pt_GrandparentT1D <= 0.000) | BldPrSys >= 0.000)
",-9999999.000,-9999999.000,0.000,0.000,1.000,0,0,0,4,4,0,0,4,0.0,0.0,0.0,0.0,0.0,1.0,-1
"F[0,0](Pt_SiblingT1D <= 0.000 & Pt_GrandparentT1D <= 0.000)
",0.000,0.000,0.000,0.000,1.000,0,0,0,4,4,0,0,4,0.0,0.0,0.0,0.0,0.0,1.0,-1
"F[0,2]((AlbCreatRat_mggNew >= 3.707 | DirectLDL >= 0.284) | BldPrDia >= 0.149)
",-9999999.000,-9999999.000,0.000,0.000,1.000,0,0,0,4,4,0,0,4,0.0,0.0,0.0,0.0,0.0,1.0,-1
"F[1,2](((NumPumpBolusOrShortAct >= 0.000 -> Pt_InsGov >= 0.083) & BGTestAvgNumPtRep >= 0.026) | BldPrDia >= 0.294)
",-9999999.000,-9999999.000,0.000,0.000,1.000,0,0,0,4,4,0,0,4,0.0,0.0,0.0,0.0,0.0,1.0,-1
"F[1,2](Pt_GrandparentT1D <= 0.000 & TotalDailyInsPerKg >= 0.046)
",-9999999.000,-9999999.000,0.000,0.000,1.000,0,0,0,4,4,0,0,4,0.0,0.0,0.0,0.0,0.0,1.0,-1
"F[0,1]((TotChol >= 19.611 -> Pt_DKAFlg >= 0.000) -> Pt_GrandchildT1D >= 0.000)
",-9999999.000,-9999999.000,0.000,0.000,1.000,0,0,0,4,4,0,0,4,0.0,0.0,0.0,0.0,0.0,1.0,-1
"F[0,0]((NumPumpBolusOrShortAct <= 0.000 & HbA1c <= 9.733) | Pt_CGMUseNumDays <= 9.833)
",-0.707,-0.333,0.000,0.000,1.000,0,0,0,4,4,0,0,4,0.0,0.0,0.0,0.0,0.0,1.0,-1
"F[0,1]((GFR <= 0.000 & NumPumpBolusOrShortAct >= 0.000) | TSH >= 0.000)
",-9999999.000,-9999999.000,0.000,0.000,1.000,0,0,0,4,4,0,0,4,0.0,0.0,0.0,0.0,0.0,1.0,-1
"F[1,1](((Pt_GrandchildT1D >= 0.000 & WeightKg >= 25.730) -> WeightKg >= 24.361) | Pt_FatherT1D >= 20.326)
",6856883711860125.000,24.361,0.000,0.000,1.000,0,0,0,4,4,0,0,4,0.0,0.0,0.0,0.0,0.0,1.0,-1
"F[2,2](((diagAgeCombo >= 3.000 & Pt_FatherT1D <= 0.000) -> bmiZscore >= 0.000) | AlbCreatRat_mggNew >= 0.000)
",0.000,0.000,0.000,0.000,1.000,0,0,0,4,4,0,0,4,0.0,0.0,0.0,0.0,0.0,1.0,-1
"F[0,2](((NumPumpBolusOrShortAct >= 0.000 & bmiZscore >= 0.512) & Pt_ChildT1D >= 0.322) | AutonomicNeuroCl >= 0.536)
",-9999999.000,-9999999.000,0.000,0.000,1.000,0,0,0,4,4,0,0,4,0.0,0.0,0.0,0.0,0.0,1.0,-1
"F[0,1](LDL <= 58.572 -> TotalDailyInsPerKg <= 0.854)
",-9999999.000,-9999999.000,0.000,0.000,1.000,0,0,0,4,4,0,0,4,0.0,0.0,0.0,0.0,0.0,1.0,-1
"F[2,2](((BGTestAvgNumMeter <= 2.366 | bmi <= 17.336) -> Pt_GrandparentT1D <= 17.960) -> UnitsInsBasalOrLongAct <= 17.107)
",-17.107,-17.107,0.000,0.000,1.000,0,0,0,4,4,0,0,4,0.0,0.0,0.0,0.0,0.0,1.0,-1
"F[2,2]((bmi >= 15.825 | SMBGperDayPtMeterCombo >= 1.920) & bmiPerc >= 1.358)
",-8648573848941555.000,-1.920,0.000,0.000,1.000,0,0,0,4,4,0,0,4,0.0,0.0,0.0,0.0,0.0,1.0,-1
"F[2,2](bmiZscore <= 0.793 & WeightKg <= 34.141)
",0.793,0.793,0.000,0.000,1.000,0,0,0,4,4,0,0,4,0.0,0.0,0.0,0.0,0.0,1.0,-1
"((bmi <= 17.984) U[1,2] (DirectLDL >= 0.282))
",-9999999.000,-9999999.000,0.000,0.000,1.000,0,0,0,4,4,0,0,4,0.0,0.0,0.0,0.0,0.0,1.0,-1
"F[1,2]((Pt_SiblingT1D >= 0.000 | BUN >= 1.714) & HbA1c <= 17.634)
",-9999999.000,-9999999.000,0.000,0.000,1.000,0,0,0,4,4,0,0,4,0.0,0.0,0.0,0.0,0.0,1.0,-1
"F[0,0]((Triglyc >= 5.039 | Pt_ChildT1D >= 0.000) & DirectLDL >= 0.000)
",0.707,43.167,0.000,0.000,1.000,0,0,0,4,4,0,0,4,0.0,0.0,0.0,0.0,0.0,1.0,-1
"F[1,1]((HeightCm >= 119.036 -> Triglyc <= 78.153) | Triglyc >= 4.495)
",-4.495,-4.495,0.000,0.000,1.000,0,0,0,4,4,0,0,4,0.0,0.0,0.0,0.0,0.0,1.0,-1
"F[0,2](Pt_FatherT1D <= 0.000 | HeightCm <= 132.510)
",-9999999.000,-9999999.000,0.000,0.000,1.000,0,0,0,4,4,0,0,4,0.0,0.0,0.0,0.0,0.0,1.0,-1
"F[1,1]((GFR >= 0.000 | bmi <= 17.283) -> Pt_ChildT1D <= 17.623)
",-17.623,-17.623,0.000,0.000,1.000,0,0,0,4,4,0,0,4,0.0,0.0,0.0,0.0,0.0,1.0,-1
"F[2,2](((AutonomicNeuroCl <= 0.000 -> Pt_GrandchildT1D >= 0.000) -> Pt_A1cGoalLev <= 0.000) & TSH >= 0.000)
",0.000,0.000,0.000,0.000,1.000,0,0,0,4,4,0,0,4,0.0,0.0,0.0,0.0,0.0,1.0,-1
"((Pt_CGMUseNumDays <= 0.000) U[0,2] (bmi >= 15.613))
",-9999999.000,-9999999.000,0.000,0.000,1.000,0,0,0,4,4,0,0,4,0.0,0.0,0.0,0.0,0.0,1.0,-1
"F[0,2]((BldPrDia >= 59.342 | BGTestAvgNumMeter >= 1.769) & HDL <= 4.102)
",-9999999.000,-9999999.000,0.000,0.000,1.000,0,0,0,4,4,0,0,4,0.0,0.0,0.0,0.0,0.0,1.0,-1
"F[1,2](((BGTestAvgNumPtRep <= 3.722 | bmiPerc >= 0.557) -> SMBGperDayPtMeterCombo <= 0.793) -> diagAgeCombo <= 0.803)
",-9999999.000,-9999999.000,0.000,0.000,1.000,0,0,0,4,4,0,0,4,0.0,0.0,0.0,0.0,0.0,1.0,-1
"((Pt_CGMUseNumDays >= 0.000) U[0,2] (diagAgeCombo >= 3.000))
",-9999999.000,-9999999.000,0.000,0.000,1.000,0,0,0,4,4,0,0,4,0.0,0.0,0.0,0.0,0.0,1.0,-1
"F[0,2](BUN <= 11.502 | UnitsInsBasalOrLongAct >= 0.186)
",-9999999.000,-9999999.000,0.000,0.000,1.000,0,0,0,4,4,0,0,4,0.0,0.0,0.0,0.0,0.0,1.0,-1
"((Pt_FatherT1D <= 0.000) U[2,2] (Pt_ChildT1D <= 0.000))
",0.000,0.000,0.000,0.000,1.000,0,0,0,4,4,0,0,4,0.0,0.0,0.0,0.0,0.0,1.0,-1
"F[1,2](((Triglyc >= 0.290 & Pt_A1cGoalLev >= 0.309) & Pt_CGMUseNumDays >= 0.538) | BGTestAvgNumPtRep <= 4.377)
",-9999999.000,-9999999.000,0.000,0.000,1.000,0,0,0,4,4,0,0,4,0.0,0.0,0.0,0.0,0.0,1.0,-1
"F[0,1](NumPumpBolusOrShortAct <= 0.000 | NumPumpBolusOrShortAct <= 0.000)
",-9999999.000,-9999999.000,0.000,0.000,1.000,0,0,0,4,4,0,0,4,0.0,0.0,0.0,0.0,0.0,1.0,-1
"F[2,2](BUN >= 1.561 & DirectLDL >= 0.233)
",-7031691429194829.000,-1.561,0.000,0.000,1.000,0,0,0,4,4,0,0,4,0.0,0.0,0.0,0.0,0.0,1.0,-1
"F[0,1](((Pt_DKAFlg >= 0.000 -> Pt_CGMUseNumDays <= 0.000) & Triglyc <= 0.000) -> HDL >= 0.000)
",-9999999.000,-9999999.000,0.000,0.000,1.000,0,0,0,4,4,0,0,4,0.0,0.0,0.0,0.0,0.0,1.0,-1
"F[2,2](NumPumpBolusOrShortAct <= 0.000 -> Pt_FatherT1D <= 0.000)
",0.000,0.000,0.000,0.000,1.000,0,0,0,4,4,0,0,4,0.0,0.0,0.0,0.0,0.0,1.0,-1
"F[0,2](((BldPrDia <= 62.390 | Pt_MotherT1D <= 0.000) & BUN <= 0.000) & AutonomicNeuroCl >= 0.000)
",-9999999.000,-9999999.000,0.000,0.000,1.000,0,0,0,4,4,0,0,4,0.0,0.0,0.0,0.0,0.0,1.0,-1
"((Pt_FatherT1D >= 0.000) U[0,0] (Pt_ChildT1D >= 0.000))
",0.000,0.000,0.000,0.000,1.000,0,0,0,4,4,0,0,4,0.0,0.0,0.0,0.0,0.0,1.0,-1
"F[0,0]((Pt_CGMUseNumDays <= 0.000 -> DirectLDL <= 0.558) | Pt_ChildT1D <= 0.889)
",19.212,131.408,0.000,0.000,1.000,0,0,0,4,4,0,0,4,0.0,0.0,0.0,0.0,0.0,1.0,-1
"F[0,2]((age <= 7.442 & age <= 7.732) & bmi <= 7.508)
",-9999999.000,-9999999.000,0.000,0.000,1.000,0,0,0,4,4,0,0,4,0.0,0.0,0.0,0.0,0.0,1.0,-1
"F[1,2](((Pt_MotherT1D >= 0.000 | SMBGperDayPtMeterCombo >= 0.017) & AlbCreatRat_mggNew <= 4.209) -> Pt_CGMUseNumDays <= 3.955)
",-9999999.000,-9999999.000,0.000,0.000,1.000,0,0,0,4,4,0,0,4,0.0,0.0,0.0,0.0,0.0,1.0,-1
"F[0,1](((AutonomicNeuroCl >= 0.000 -> Pt_InsGov <= 0.610) -> BGTestAvgNumPtRep <= 0.853) -> Pt_SHFlg <= 0.782)
",-9999999.000,-9999999.000,0.000,0.000,1.000,0,0,0,4,4,0,0,4,0.0,0.0,0.0,0.0,0.0,1.0,-1
"F[1,1](((SMBGperDayPtMeterCombo <= 4.713 & Pt_ChildT1D >= 0.000) & AlbCreatRat_mggNew >= 0.000) | HbA1c >= 0.000)
",0.000,0.000,0.000,0.000,1.000,0,0,0,4,4,0,0,4,0.0,0.0,0.0,0.0,0.0,1.0,-1
"F[0,1](((TSH >= 0.263 -> LDL >= 16.724) & Triglyc >= 20.768) | Pt_ChildT1D <= 40.176)
",-9999999.000,-9999999.000,0.000,0.000,1.000,0,0,0,4,4,0,0,4,0.0,0.0,0.0,0.0,0.0,1.0,-1
"((HbA1c >= 9.045) U[0,1] (HbA1c <= 9.982))
",-9999999.000,-9999999.000,0.000,0.000,1.000,0,0,0,4,4,0,0,4,0.0,0.0,0.0,0.0,0.0,1.0,-1
"F[0,2](((AlbCreatRat_mggNew <= 5.917 | HbA1cImputeDtMnC >= 1.748) -> Pt_SiblingT1D <= 61.211) & BGTestAvgNumPtRep <= 44.659)
",-9999999.000,-9999999.000,0.000,0.000,1.000,0,0,0,4,4,0,0,4,0.0,0.0,0.0,0.0,0.0,1.0,-1
"F[1,2](age >= 6.999 | BldPrDia >= 53.065)
",-9999999.000,-9999999.000,0.000,0.000,1.000,0,0,0,4,4,0,0,4,0.0,0.0,0.0,0.0,0.0,1.0,-1
"F[1,2]((AlbCreatRat_mggNew >= 3.684 | WeightKg >= 24.513) | HbA1cImputeDtMnC >= 25.728)
",-9999999.000,-9999999.000,0.000,0.000,1.000,0,0,0,4,4,0,0,4,0.0,0.0,0.0,0.0,0.0,1.0,-1
"F[0,1](((age >= 4.194 & bmiPerc >= 0.721) -> BldPrSys <= 0.827) | age <= 0.825)
",-9999999.000,-9999999.000,0.000,0.000,1.000,0,0,0,4,4,0,0,4,0.0,0.0,0.0,0.0,0.0,1.0,-1
"((LDL <= 65.822) U[0,2] (TSH >= 0.128))
",-9999999.000,-9999999.000,0.000,0.000,1.000,0,0,0,4,4,0,0,4,0.0,0.0,0.0,0.0,0.0,1.0,-1
"F[2,2](diabDur <= 4.880 | UnitsInsBasalOrLongAct <= 8.627)
",8.627,8.627,0.000,0.000,1.000,0,0,0,4,4,0,0,4,0.0,0.0,0.0,0.0,0.0,1.0,-1
"F[0,1](((AlbCreatRat_mggNew <= 5.813 | SMBGperDayPtMeterCombo <= 5.489) -> HbA1c >= 0.688) | Pt_SHFlg <= 5.348)
",-9999999.000,-9999999.000,0.000,0.000,1.000,0,0,0,4,4,0,0,4,0.0,0.0,0.0,0.0,0.0,1.0,-1
"F[1,2](((HDL <= 31.949 -> WeightKg >= 26.684) & BUN <= 29.774) & GFR <= 32.667)
",-9999999.000,-9999999.000,0.000,0.000,1.000,0,0,0,4,4,0,0,4,0.0,0.0,0.0,0.0,0.0,1.0,-1
"((Pt_A1cGoalLev <= 2.042) U[1,1] (WeightKg >= 22.838))
",2.042,2.042,0.000,0.000,1.000,0,0,0,4,4,0,0,4,0.0,0.0,0.0,0.0,0.0,1.0,-1
"F[0,1]((BGTestAvgNumMeter >= 0.333 | TSH <= 0.458) | Pt_InsGov <= 0.959)
",-9999999.000,-9999999.000,0.000,0.000,1.000,0,0,0,4,4,0,0,4,0.0,0.0,0.0,0.0,0.0,1.0,-1
"F[0,2](((BUN <= 6.329 -> DirectLDL <= 0.774) & HDL >= 0.104) | AlbCreatRat_mggNew >= 0.099)
",-9999999.000,-9999999.000,0.000,0.000,1.000,0,0,0,4,4,0,0,4,0.0,0.0,0.0,0.0,0.0,1.0,-1
"F[0,2]((diabDur >= 2.479 -> SMBGperDayPtMeterCombo <= 3.482) & NumPumpBolusOrShortAct <= 4.614)
",-9999999.000,-9999999.000,0.000,0.000,1.000,0,0,0,4,4,0,0,4,0.0,0.0,0.0,0.0,0.0,1.0,-1
"F[0,2](((BGTestAvgNumMeter >= 2.074 & Triglyc <= 64.838) -> diabDur <= 39.146) -> HDL <= 63.084)
",-9999999.000,-9999999.000,0.000,0.000,1.000,0,0,0,4,4,0,0,4,0.0,0.0,0.0,0.0,0.0,1.0,-1
"F[0,1]((Pt_InsGov <= 0.634 -> Triglyc >= 17.847) -> BGTestAvgNumPtRep <= 53.217)
",-9999999.000,-9999999.000,0.000,0.000,1.000,0,0,0,4,4,0,0,4,0.0,0.0,0.0,0.0,0.0,1.0,-1
"F[0,1](SMBGperDayPtMeterCombo <= 4.453 -> TotChol <= 116.000)
",-9999999.000,-9999999.000,0.000,0.000,1.000,0,0,0,4,4,0,0,4,0.0,0.0,0.0,0.0,0.0,1.0,-1
"F[1,2](((HDL >= 10.626 -> SMBGperDayPtMeterCombo <= 5.084) -> AutonomicNeuroCl <= 3.621) | BGTestAvgNumPtRep >= 2.258)
",-9999999.000,-9999999.000,0.000,0.000,1.000,0,0,0,4,4,0,0,4,0.0,0.0,0.0,0.0,0.0,1.0,-1
"F[1,2]((BGTestAvgNumMeter <= 4.024 | bmiZscore >= 0.350) -> BUN <= 0.716)
",-9999999.000,-9999999.000,0.000,0.000,1.000,0,0,0,4,4,0,0,4,0.0,0.0,0.0,0.0,0.0,1.0,-1
"F[0,2]((BldPrDia <= 67.287 & TotChol <= 135.454) & age <= 91.478)
",-9999999.000,-9999999.000,0.000,0.000,1.000,0,0,0,4,4,0,0,4,0.0,0.0,0.0,0.0,0.0,1.0,-1
"F[0,1](((BUN >= 0.627 | TotChol >= 12.163) -> UnitsInsBasalOrLongAct >= 1.849) & LDL <= 136.359)
",-9999999.000,-9999999.000,0.000,0.000,1.000,0,0,0,4,4,0,0,4,0.0,0.0,0.0,0.0,0.0,1.0,-1
"F[2,2](((BUN <= 5.471 & HDL <= 57.359) | HbA1c <= 38.236) | WeightKg <= 36.638)
",38.236,38.236,0.000,0.000,1.000,0,0,0,4,4,0,0,4,0.0,0.0,0.0,0.0,0.0,1.0,-1
"F[1,2](bmiZscore >= 0.194 -> UnitsInsBasalOrLongAct <= 8.083)
",-9999999.000,-9999999.000,0.000,0.000,1.000,0,0,0,4,4,0,0,4,0.0,0.0,0.0,0.0,0.0,1.0,-1
"F[0,2](HeightCm <= 137.615 | Triglyc <= 55.231)
",-9999999.000,-9999999.000,0.000,0.000,1.000,0,0,0,4,4,0,0,4,0.0,0.0,0.0,0.0,0.0,1.0,-1
"F[0,2](HbA1c >= 9.076 -> Triglyc >= 5.488)
",-9999999.000,-9999999.000,0.000,0.000,1.000,0,0,0,4,4,0,0,4,0.0,0.0,0.0,0.0,0.0,1.0,-1
"F[0,2](((bmiPerc <= 0.780 & TotalDailyInsPerKg >= 0.314) | Pt_DKAFlg <= 0.797) & SMBGperDayPtMeterCombo <= 1.259)
",-9999999.000,-9999999.000,0.000,0.000,1.000,0,0,0,4,4,0,0,4,0.0,0.0,0.0,0.0,0.0,1.0,-1
"F[1,2](((HDL <= 54.944 -> Pt_A1cGoalLev <= 5.002) | HDL <= 1.540) | BGTestAvgNumPtRep <= 5.482)
",-9999999.000,-9999999.000,0.000,0.000,1.000,0,0,0,4,4,0,0,4,0.0,0.0,0.0,0.0,0.0,1.0,-1
"((LDL <= 93.635) U[1,2] (Pt_A1cGoalLev <= 5.670))
",-9999999.000,-9999999.000,0.000,0.000,1.000,0,0,0,4,4,0,0,4,0.0,0.0,0.0,0.0,0.0,1.0,-1
"F[0,1]((BldPrSys <= 114.297 | diabDur >= 0.609) & Pt_MotherT1D <= 4.341)
",-9999999.000,-9999999.000,0.000,0.000,1.000,0,0,0,4,4,0,0,4,0.0,0.0,0.0,0.0,0.0,1.0,-1
"((bmi >= 16.602) U[0,1] (TotalDailyInsPerKg <= 1.260))
",-9999999.000,-9999999.000,0.000,0.000,1.000,0,0,0,4,4,0,0,4,0.0,0.0,0.0,0.0,0.0,1.0,-1
"((diabDur <= 5.199) U[0,1] (HbA1c <= 9.875))
",-9999999.000,-9999999.000,0.000,0.000,1.000,0,0,0,4,4,0,0,4,0.0,0.0,0.0,0.0,0.0,1.0,-1
"F[0,2](((age <= 8.873 | Triglyc <= 22.665) | BldPrDia >= 13.197) | BGTestAvgNumMeter >= 2.739)
",-9999999.000,-9999999.000,0.000,0.000,1.000,0,0,0,4,4,0,0,4,0.0,0.0,0.0,0.0,0.0,1.0,-1
"((BldPrDia >= 58.977) U[0,1] (HDL <= 43.053))
",-9999999.000,-9999999.000,0.000,0.000,1.000,0,0,0,4,4,0,0,4,0.0,0.0,0.0,0.0,0.0,1.0,-1
"F[0,2](((BGTestAvgNumPtRep >= 2.424 & TSH <= 0.357) | age >= 0.136) -> BUN <= 1.199)
",-9999999.000,-9999999.000,0.000,0.000,1.000,0,0,0,4,4,0,0,4,0.0,0.0,0.0,0.0,0.0,1.0,-1
"F[2,2]((BGTestAvgNumPtRep >= 1.029 -> bmi <= 17.624) & diagAgeCombo <= 17.816)
",-17.624,-17.624,0.000,0.000,1.000,0,0,0,4,4,0,0,4,0.0,0.0,0.0,0.0,0.0,1.0,-1
"F[0,2]((BUN >= 3.287 & HbA1c <= 9.878) | age <= 9.770)
",-9999999.000,-9999999.000,0.000,0.000,1.000,0,0,0,4,4,0,0,4,0.0,0.0,0.0,0.0,0.0,1.0,-1
"F[0,1](((HbA1cImputeDtMnC >= 36.483 | UnitsInsBasalOrLongAct >= 1.592) | age >= 0.728) & HDL <= 12.125)
",-9999999.000,-9999999.000,0.000,0.000,1.000,0,0,0,4,4,0,0,4,0.0,0.0,0.0,0.0,0.0,1.0,-1
"F[1,1](LDL >= 20.815 -> WeightKg <= 33.471)
",-33.471,-33.471,0.000,0.000,1.000,0,0,0,4,4,0,0,4,0.0,0.0,0.0,0.0,0.0,1.0,-1
"F[0,2](((bmiZscore >= 0.281 | TSH >= 0.299) & NumPumpBolusOrShortAct <= 0.799) & Pt_A1cGoalLevelDsYr5 >= 0.270)
",-9999999.000,-9999999.000,0.000,0.000,1.000,0,0,0,4,4,0,0,4,0.0,0.0,0.0,0.0,0.0,1.0,-1
"F[0,2]((Pt_InsGov <= 0.752 | WeightKg <= 35.455) | UnitsInsBasalOrLongAct >= 26.350)
",-9999999.000,-9999999.000,0.000,0.000,1.000,0,0,0,4,4,0,0,4,0.0,0.0,0.0,0.0,0.0,1.0,-1
"F[1,2](((HeightCm >= 122.820 & Pt_InsGov <= 0.897) & Pt_MotherT1D >= 0.369) | bmiPerc >= 0.208)
",-9999999.000,-9999999.000,0.000,0.000,1.000,0,0,0,4,4,0,0,4,0.0,0.0,0.0,0.0,0.0,1.0,-1
"F[0,2]((diabDur <= 5.734 | TotChol <= 175.587) | Pt_DKAFlg <= 178.416)
",-9999999.000,-9999999.000,0.000,0.000,1.000,0,0,0,4,4,0,0,4,0.0,0.0,0.0,0.0,0.0,1.0,-1
"F[0,2]((diabDur <= 5.299 & Pt_InsGov <= 0.808) | bmi >= 0.055)
",-9999999.000,-9999999.000,0.000,0.000,1.000,0,0,0,4,4,0,0,4,0.0,0.0,0.0,0.0,0.0,1.0,-1
"F[2,2]((AlbCreatRat_mggNew >= 3.547 | HbA1c >= 9.049) -> age >= 9.455)
",3.547,3.547,0.000,0.000,1.000,0,0,0,4,4,0,0,4,0.0,0.0,0.0,0.0,0.0,1.0,-1
"F[2,2](HDL >= 18.328 -> HeightCm <= 139.719)
",-139.719,-139.719,0.000,0.000,1.000,0,0,0,4,4,0,0,4,0.0,0.0,0.0,0.0,0.0,1.0,-1
"F[0,0]((diabDur >= 2.692 -> LDL <= 71.560) & BldPrDia >= 2.083)
",-71.560,-71.560,0.000,0.000,1.000,0,0,0,4,4,0,0,4,0.0,0.0,0.0,0.0,0.0,1.0,-1
"F[0,2](((BGTestAvgNumPtRep <= 3.100 -> Pt_A1cGoalLev <= 4.552) -> TotalDailyInsPerKg >= 0.607) -> Pt_ChildT1D <= 5.452)
",-9999999.000,-9999999.000,0.000,0.000,1.000,0,0,0,4,4,0,0,4,0.0,0.0,0.0,0.0,0.0,1.0,-1
"((Pt_A1cGoalLev <= 5.553) U[1,2] (Pt_InsGov >= 0.232))
",-9999999.000,-9999999.000,0.000,0.000,1.000,0,0,0,4,4,0,0,4,0.0,0.0,0.0,0.0,0.0,1.0,-1
"F[0,2]((HeightCm <= 141.258 & LDL >= 18.468) & Pt_GrandchildT1D <= 64.835)
",-9999999.000,-9999999.000,0.000,0.000,1.000,0,0,0,4,4,0,0,4,0.0,0.0,0.0,0.0,0.0,1.0,-1
"F[1,2](bmiPerc <= 0.768 | LDL >= 8.953)
",-9999999.000,-9999999.000,0.000,0.000,1.000,0,0,0,4,4,0,0,4,0.0,0.0,0.0,0.0,0.0,1.0,-1
"F[1,2]((BGTestAvgNumMeter >= 0.097 | HeightCm >= 110.856) & Pt_SHFlg >= 126.108)
",-9999999.000,-9999999.000,0.000,0.000,1.000,0,0,0,4,4,0,0,4,0.0,0.0,0.0,0.0,0.0,1.0,-1
"F[0,2](((age >= 6.229 | BUN >= 3.678) | Pt_DKAFlg >= 0.941) -> bmi >= 2.845)
",-9999999.000,-9999999.000,0.000,0.000,1.000,0,0,0,4,4,0,0,4,0.0,0.0,0.0,0.0,0.0,1.0,-1
"((bmiPerc >= 0.714) U[0,2] (Triglyc <= 63.290))
",-9999999.000,-9999999.000,0.000,0.000,1.000,0,0,0,4,4,0,0,4,0.0,0.0,0.0,0.0,0.0,1.0,-1
"F[1,2]((bmiZscore <= 0.780 & TotChol >= 17.487) -> Pt_GrandparentT1D <= 106.665)
",-9999999.000,-9999999.000,0.000,0.000,1.000,0,0,0,4,4,0,0,4,0.0,0.0,0.0,0.0,0.0,1.0,-1
"F[1,2]((HDL >= 1.506 | TSH >= 0.145) | diagAgeCombo <= 0.792)
",-9999999.000,-9999999.000,0.000,0.000,1.000,0,0,0,4,4,0,0,4,0.0,0.0,0.0,0.0,0.0,1.0,-1
"F[1,2](((bmiZscore >= 0.347 & LDL <= 89.095) -> AutonomicNeuroCl >= 19.081) & NumPumpBolusOrShortAct <= 79.358)
",-9999999.000,-9999999.000,0.000,0.000,1.000,0,0,0,4,4,0,0,4,0.0,0.0,0.0,0.0,0.0,1.0,-1
"F[1,2](((BldPrDia >= 60.183 | LDL <= 89.727) & Pt_ChildT1D <= 29.289) -> NumPumpBolusOrShortAct <= 38.392)
",-9999999.000,-9999999.000,0.000,0.000,1.000,0,0,0,4,4,0,0,4,0.0,0.0,0.0,0.0,0.0,1.0,-1
"F[0,2](DirectLDL <= 0.860 | HeightCm <= 142.696)
",-9999999.000,-9999999.000,0.000,0.000,1.000,0,0,0,4,4,0,0,4,0.0,0.0,0.0,0.0,0.0,1.0,-1
"F[2,2](((bmiZscore <= 0.937 & DirectLDL >= 0.021) -> TotChol >= 0.116) | BUN >= 0.068)
",0.021,0.021,0.000,0.000,1.000,0,0,0,4,4,0,0,4,0.0,0.0,0.0,0.0,0.0,1.0,-1
"F[0,0](age >= 4.153 | BGTestAvgNumMeter >= 1.722)
",3.795,8.944,0.000,0.000,1.000,0,0,0,4,4,0,0,4,0.0,0.0,0.0,0.0,0.0,1.0,-1
"F[1,1](((age <= 9.525 -> TotChol <= 171.465) & GFR <= 69.258) | TotChol >= 4.296)
",-4.296,-4.296,0.000,0.000,1.000,0,0,0,4,4,0,0,4,0.0,0.0,0.0,0.0,0.0,1.0,-1
"((diabDur <= 5.968) U[2,2] (DirectLDL >= 0.193))
",6719034307896219.000,5.968,0.000,0.000,1.000,0,0,0,4,4,0,0,4,0.0,0.0,0.0,0.0,0.0,1.0,-1
"F[1,1](((bmi >= 15.776 -> Pt_InsGov <= 0.663) | BUN <= 0.886) | TSH >= 0.094)
",0.886,0.886,0.000,0.000,1.000,0,0,0,4,4,0,0,4,0.0,0.0,0.0,0.0,0.0,1.0,-1
"F[2,2]((AlbCreatRat_mggNew <= 4.585 -> TSH >= 0.104) & BGTestAvgNumPtRep <= 0.940)
",-4.585,-4.585,0.000,0.000,1.000,0,0,0,4,4,0,0,4,0.0,0.0,0.0,0.0,0.0,1.0,-1
"F[1,2](bmi <= 17.753 & WeightKg <= 34.733)
",-9999999.000,-9999999.000,0.000,0.000,1.000,0,0,0,4,4,0,0,4,0.0,0.0,0.0,0.0,0.0,1.0,-1
"F[1,2]((BldPrDia <= 62.231 & DirectLDL >= 0.088) & HDL <= 0.886)
",-9999999.000,-9999999.000,0.000,0.000,1.000,0,0,0,4,4,0,0,4,0.0,0.0,0.0,0.0,0.0,1.0,-1
"F[0,0](HbA1c >= 9.219 -> Pt_A1cGoalLevelDsYr5 = 0.000)
",0.000,0.000,0.000,0.000,1.000,0,0,0,4,4,0,0,4,0.0,0.0,0.0,0.0,0.0,1.0,-1
"((BGTestAvgNumMeter >= 0.126) U[0,2] (BGTestAvgNumPtRep <= 3.436))
",-9999999.000,-9999999.000,0.000,0.000,1.000,0,0,0,4,4,0,0,4,0.0,0.0,0.0,0.0,0.0,1.0,-1
"F[2,2](HbA1c >= 8.969 -> Pt_A1cGoalLevelDsYr5 = 0.000)
",0.000,0.000,0.000,0.000,1.000,0,0,0,4,4,0,0,4,0.0,0.0,0.0,0.0,0.0,1.0,-1
"F[1,2](Pt_GrandparentT1D >= 0.000 & Pt_SHFlg = 0.000)
",-9999999.000,-9999999.000,0.000,0.000,1.000,0,0,0,4,4,0,0,4,0.0,0.0,0.0,0.0,0.0,1.0,-1
"F[0,1](HbA1c >= 9.502 -> Pt_A1cGoalLevelDsYr5 = 0.000)
",-9999999.000,-9999999.000,0.000,0.000,1.000,0,0,0,4,4,0,0,4,0.0,0.0,0.0,0.0,0.0,1.0,-1
"((BGTestAvgNumMeter >= 2.140) U[2,2] (BGTestAvgNumPtRep <= 4.177))
",4.177,4.177,0.000,0.000,1.000,0,0,0,4,4,0,0,4,0.0,0.0,0.0,0.0,0.0,1.0,-1
"F[1,2](HbA1c >= 9.363 -> Pt_A1cGoalLevelDsYr5 = 0.000)
",-9999999.000,-9999999.000,0.000,0.000,1.000,0,0,0,4,4,0,0,4,0.0,0.0,0.0,0.0,0.0,1.0,-1
"F[0,2](HbA1c >= 8.984 -> Pt_A1cGoalLevelDsYr5 = 0.000)
",-9999999.000,-9999999.000,0.000,0.000,1.000,0,0,0,4,4,0,0,4,0.0,0.0,0.0,0.0,0.0,1.0,-1
"F[1,2](Pt_A1cGoalLev < 4.402 & Pt_SHFlg = 0.000)
",-9999999.000,-9999999.000,0.000,0.000,1.000,0,0,0,4,4,0,0,4,0.0,0.0,0.0,0.0,0.0,1.0,-1
"F[1,2](Pt_CGMUseNumDays >= 0.000 -> Pt_SHFlg = 0.000)
",-9999999.000,-9999999.000,0.000,0.000,1.000,0,0,0,4,4,0,0,4,0.0,0.0,0.0,0.0,0.0,1.0,-1
"((BUN < 14.863) U[0,0] (Pt_SHFlg = 0.000))
",-0.139,-3.624,0.000,0.000,1.000,0,0,0,4,4,0,0,4,0.0,0.0,0.0,0.0,0.0,1.0,-1
"F[1,2](HbA1c >= 8.970 -> Pt_A1cGoalLevelDsYr5 = 0.000)
",-9999999.000,-9999999.000,0.000,0.000,1.000,0,0,0,4,4,0,0,4,0.0,0.0,0.0,0.0,0.0,1.0,-1
"((age <= 8.724) U[0,0] (Pt_SHFlg = 0.000))
",17.799,8.390,0.000,0.000,1.000,0,0,0,4,4,0,0,4,0.0,0.0,0.0,0.0,0.0,1.0,-1
"F[0,2](HbA1c >= 9.215 -> Pt_A1cGoalLevelDsYr5 = 0.000)
",-9999999.000,-9999999.000,0.000,0.000,1.000,0,0,0,4,4,0,0,4,0.0,0.0,0.0,0.0,0.0,1.0,-1
"((AutonomicNeuroCl >= 0.000) U[1,2] (Pt_SHFlg = 0.000))
",-9999999.000,-9999999.000,0.000,0.000,1.000,0,0,0,4,4,0,0,4,0.0,0.0,0.0,0.0,0.0,1.0,-1
"F[0,0](((bmi <= 17.176 | bmiPerc <= 0.759) & diabDur <= 0.789) -> BldPrSys >= 0.652)
",0.652,0.652,0.000,0.000,1.000,0,0,0,4,4,0,0,4,0.0,0.0,0.0,0.0,0.0,1.0,-1
"F[1,2](((AlbCreatRat_mggNew <= 5.166 | Pt_A1cGoalLev <= 1.359) -> UnitsInsBasalOrLongAct >= 0.587) | Pt_DKAFlg >= 0.461)
",-9999999.000,-9999999.000,0.000,0.000,1.000,0,0,0,4,4,0,0,4,0.0,0.0,0.0,0.0,0.0,1.0,-1
"F[0,2](((bmi <= 17.665 & BUN <= 16.355) | bmi <= 12.685) & BldPrDia <= 18.539)
",-9999999.000,-9999999.000,0.000,0.000,1.000,0,0,0,4,4,0,0,4,0.0,0.0,0.0,0.0,0.0,1.0,-1
"F[2,2]((BGTestAvgNumMeter <= 5.074 & SMBGperDayPtMeterCombo >= 2.880) -> Pt_A1cGoalLev >= 2.398)
",2.398,2.398,0.000,0.000,1.000,0,0,0,4,4,0,0,4,0.0,0.0,0.0,0.0,0.0,1.0,-1
"((TotalDailyInsPerKg >= 0.137) U[1,2] (UnitsInsBasalOrLongAct <= 7.257))
",-9999999.000,-9999999.000,0.000,0.000,1.000,0,0,0,4,4,0,0,4,0.0,0.0,0.0,0.0,0.0,1.0,-1
"F[1,2]((BldPrDia <= 62.341 & HeightCm <= 137.074) -> bmiZscore <= 133.068)
",-9999999.000,-9999999.000,0.000,0.000,1.000,0,0,0,4,4,0,0,4,0.0,0.0,0.0,0.0,0.0,1.0,-1
"F[0,2]((BGTestAvgNumPtRep >= 1.707 & TotalDailyInsPerKg <= 0.515) & diagAgeCombo >= 0.127)
",-9999999.000,-9999999.000,0.000,0.000,1.000,0,0,0,4,4,0,0,4,0.0,0.0,0.0,0.0,0.0,1.0,-1
"F[1,1]((BldPrDia >= 52.762 | HbA1cImputeDtMnC >= 16.558) -> Pt_GrandchildT1D <= 48.550)
",-6832764362473717.000,-48.550,0.000,0.000,1.000,0,0,0,4,4,0,0,4,0.0,0.0,0.0,0.0,0.0,1.0,-1
"F[0,2](((AlbCreatRat_mggNew <= 5.002 -> Pt_InsGov <= 0.844) | BGTestAvgNumPtRep <= 0.595) -> HDL <= 0.982)
",-9999999.000,-9999999.000,0.000,0.000,1.000,0,0,0,4,4,0,0,4,0.0,0.0,0.0,0.0,0.0,1.0,-1
"F[2,2](((BGTestAvgNumPtRep >= 1.433 | HbA1c >= 9.268) & bmi >= 9.424) | BGTestAvgNumPtRep >= 9.143)
",-9.143,-9.143,0.000,0.000,1.000,0,0,0,4,4,0,0,4,0.0,0.0,0.0,0.0,0.0,1.0,-1
"((HbA1c >= 8.996) U[0,2] (Pt_InsGov <= 0.622))
",-9999999.000,-9999999.000,0.000,0.000,1.000,0,0,0,4,4,0,0,4,0.0,0.0,0.0,0.0,0.0,1.0,-1
"F[0,2](HbA1c >= 9.521 -> Pt_A1cGoalLevelDsYr5 = 0.000)
",-9999999.000,-9999999.000,0.000,0.000,1.000,0,0,0,4,4,0,0,4,0.0,0.0,0.0,0.0,0.0,1.0,-1
"F[1,1](HbA1c >= 8.985 -> Pt_A1cGoalLevelDsYr5 = 0.000)
",0.000,0.000,0.000,0.000,1.000,0,0,0,4,4,0,0,4,0.0,0.0,0.0,0.0,0.0,1.0,-1
"F[2,2](diabDur <= 5.176 -> TSH >= 0.062)
",-5.176,-5.176,0.000,0.000,1.000,0,0,0,4,4,0,0,4,0.0,0.0,0.0,0.0,0.0,1.0,-1
"((bmiZscore <= 0.879) U[0,1] (Pt_SHFlg = 0.000))
",-9999999.000,-9999999.000,0.000,0.000,1.000,0,0,0,4,4,0,0,4,0.0,0.0,0.0,0.0,0.0,1.0,-1
"F[2,2](((age >= 6.906 | Pt_A1cGoalLev >= 0.646) | BldPrDia <= 2.194) & AutonomicNeuroCl <= 1.894)
",1.894,1.894,0.000,0.000,1.000,0,0,0,4,4,0,0,4,0.0,0.0,0.0,0.0,0.0,1.0,-1
"F[1,2](BUN >= 4.913 -> UnitsInsBasalOrLongAct >= 4.071)
",-9999999.000,-9999999.000,0.000,0.000,1.000,0,0,0,4,4,0,0,4,0.0,0.0,0.0,0.0,0.0,1.0,-1
"F[1,2](((AlbCreatRat_mggNew <= 5.393 | bmiPerc <= 0.805) | DirectLDL >= 0.615) | Pt_CGMUseNumDays >= 0.583)
",-9999999.000,-9999999.000,0.000,0.000,1.000,0,0,0,4,4,0,0,4,0.0,0.0,0.0,0.0,0.0,1.0,-1
"F[0,2](((AlbCreatRat_mggNew <= 5.426 & BldPrSys >= 92.127) & HDL >= 103.591) | BUN <= 112.416)
",-9999999.000,-9999999.000,0.000,0.000,1.000,0,0,0,4,4,0,0,4,0.0,0.0,0.0,0.0,0.0,1.0,-1
"F[1,1]((BldPrDia <= 64.768 | SMBGperDayPtMeterCombo >= 1.158) & Pt_CGMUseNumDays <= 3.415)
",3.415,3.415,0.000,0.000,1.000,0,0,0,4,4,0,0,4,0.0,0.0,0.0,0.0,0.0,1.0,-1
"F[1,1](((bmiPerc <= 0.805 | BUN <= 13.125) -> HDL >= 0.151) -> Pt_SiblingT1D <= 18.333)
",-18.333,-18.333,0.000,0.000,1.000,0,0,0,4,4,0,0,4,0.0,0.0,0.0,0.0,0.0,1.0,-1
"((HbA1c >= 9.404) U[0,2] (WeightKg <= 32.521))
",-9999999.000,-9999999.000,0.000,0.000,1.000,0,0,0,4,4,0,0,4,0.0,0.0,0.0,0.0,0.0,1.0,-1
"F[0,1]((BldPrSys <= 114.981 | UnitsInsBasalOrLongAct >= 2.131) | GFR >= 5.339)
",-9999999.000,-9999999.000,0.000,0.000,1.000,0,0,0,4,4,0,0,4,0.0,0.0,0.0,0.0,0.0,1.0,-1
"F[0,2]((SMBGperDayPtMeterCombo >= 1.126 -> TotalDailyInsPerKg >= 0.330) -> BUN >= 0.025)
",-9999999.000,-9999999.000,0.000,0.000,1.000,0,0,0,4,4,0,0,4,0.0,0.0,0.0,0.0,0.0,1.0,-1
"F[0,2](bmi <= 16.993 -> bmiZscore >= 0.323)
",-9999999.000,-9999999.000,0.000,0.000,1.000,0,0,0,4,4,0,0,4,0.0,0.0,0.0,0.0,0.0,1.0,-1
"((Pt_CGMUseNumDays < 0.000) U[2,2] (Pt_SHFlg = 0.000))
",0.000,0.000,0.000,0.000,1.000,0,0,0,4,4,0,0,4,0.0,0.0,0.0,0.0,0.0,1.0,-1
"((age >= 5.387) U[0,1] (Pt_SHFlg = 0.000))
",-9999999.000,-9999999.000,0.000,0.000,1.000,0,0,0,4,4,0,0,4,0.0,0.0,0.0,0.0,0.0,1.0,-1
"((TotChol <= 178.642) U[1,2] (Pt_SHFlg = 0.000))
",-9999999.000,-9999999.000,0.000,0.000,1.000,0,0,0,4,4,0,0,4,0.0,0.0,0.0,0.0,0.0,1.0,-1
"F[0,1](Pt_SiblingT1D <= 0.000 & Pt_SHFlg = 0.000)
",-9999999.000,-9999999.000,0.000,0.000,1.000,0,0,0,4,4,0,0,4,0.0,0.0,0.0,0.0,0.0,1.0,-1
"F[2,2](bmiPerc >= 0.628 & Pt_SHFlg = 0.000)
",-0.628,-0.628,0.000,0.000,1.000,0,0,0,4,4,0,0,4,0.0,0.0,0.0,0.0,0.0,1.0,-1
"F[1,2](diabDur <= 4.718 -> Pt_SHFlg = 0.000)
",-9999999.000,-9999999.000,0.000,0.000,1.000,0,0,0,4,4,0,0,4,0.0,0.0,0.0,0.0,0.0,1.0,-1
"((Pt_SiblingT1D <= 0.000) U[1,1] (Pt_SHFlg = 0.000))
",0.000,0.000,0.000,0.000,1.000,0,0,0,4,4,0,0,4,0.0,0.0,0.0,0.0,0.0,1.0,-1
"((BGTestAvgNumMeter >= 0.789) U[0,1] (Pt_SHFlg = 0.000))
",-9999999.000,-9999999.000,0.000,0.000,1.000,0,0,0,4,4,0,0,4,0.0,0.0,0.0,0.0,0.0,1.0,-1
"F[1,2](diagAgeCombo <= 3.000 & Pt_SHFlg = 0.000)
",-9999999.000,-9999999.000,0.000,0.000,1.000,0,0,0,4,4,0,0,4,0.0,0.0,0.0,0.0,0.0,1.0,-1
"F[0,2](TotalDailyInsPerKg > 0.141 -> Pt_SHFlg = 0.000)
",-9999999.000,-9999999.000,0.000,0.000,1.000,0,0,0,4,4,0,0,4,0.0,0.0,0.0,0.0,0.0,1.0,-1
"F[1,2](SMBGperDayPtMeterCombo > 0.745 & Pt_SHFlg = 0.000)
",-9999999.000,-9999999.000,0.000,0.000,1.000,0,0,0,4,4,0,0,4,0.0,0.0,0.0,0.0,0.0,1.0,-1
"F[1,1](NumPumpBolusOrShortAct >= 0.000 -> Pt_SHFlg = 0.000)
",0.000,0.000,0.000,0.000,1.000,0,0,0,4,4,0,0,4,0.0,0.0,0.0,0.0,0.0,1.0,-1
"((Pt_MotherT1D <= 0.000) U[0,0] (Pt_SHFlg = 0.000))
",0.000,0.000,0.000,0.000,1.000,0,0,0,4,4,0,0,4,0.0,0.0,0.0,0.0,0.0,1.0,-1
"((TotChol <= 129.689) U[0,2] (Pt_SHFlg = 0.000))
",-9999999.000,-9999999.000,0.000,0.000,1.000,0,0,0,4,4,0,0,4,0.0,0.0,0.0,0.0,0.0,1.0,-1
"((HbA1c > 9.341) U[0,1] (Pt_SHFlg = 0.000))
",-9999999.000,-9999999.000,0.000,0.000,1.000,0,0,0,4,4,0,0,4,0.0,0.0,0.0,0.0,0.0,1.0,-1
"F[0,2](Pt_GrandparentT1D <= 0.000 & Pt_SHFlg = 0.000)
",-9999999.000,-9999999.000,0.000,0.000,1.000,0,0,0,4,4,0,0,4,0.0,0.0,0.0,0.0,0.0,1.0,-1
"F[0,1]((BGTestAvgNumPtRep >= 0.027 | bmiZscore <= 0.767) | AutonomicNeuroCl <= 0.653)
",-9999999.000,-9999999.000,0.000,0.000,1.000,0,0,0,4,4,0,0,4,0.0,0.0,0.0,0.0,0.0,1.0,-1
"F[0,2](bmi >= 16.874 & TotChol >= 28.568)
",-9999999.000,-9999999.000,0.000,0.000,1.000,0,0,0,4,4,0,0,4,0.0,0.0,0.0,0.0,0.0,1.0,-1
"F[0,1](((bmiPerc >= 0.721 | WeightKg >= 28.081) & Pt_InsGov <= 31.175) -> NumPumpBolusOrShortAct <= 33.358)
",-9999999.000,-9999999.000,0.000,0.000,1.000,0,0,0,4,4,0,0,4,0.0,0.0,0.0,0.0,0.0,1.0,-1
"G[1,2](HbA1cImputeDtMnC >= 28.615 | LDL <= 55.110)
",9999999.000,9999999.000,0.000,1.000,0.000,0,0,4,0,0,4,4,0,0.0,0.0,1.0,0.0,0.0,1.0,1
"G[0,1]((HbA1c >= 9.236 -> HeightCm >= 112.510) -> Pt_CGMUseNumDays >= 109.816)
",9999999.000,9999999.000,0.000,1.000,0.000,0,0,0,4,4,0,0,4,0.0,0.0,0.0,0.0,0.0,1.0,1
"G[1,2](((HbA1cImputeDtMnC <= 69.182 -> TSH <= 0.410) -> HDL <= 0.627) -> Pt_InsGov >= 0.165)
",9999999.000,9999999.000,0.000,1.000,0.000,0,0,3,1,1,3,3,1,0.0,0.0,1.0,0.0,0.0,1.0,1
"G[1,2]((AlbCreatRat_mggNew <= 4.498 & BldPrDia >= 58.911) & WeightKg <= 67.250)
",9999999.000,9999999.000,0.000,1.000,0.000,0,0,2,2,2,2,2,2,0.0,0.0,1.0,0.0,0.0,1.0,1
"G[0,2](((BldPrSys <= 109.999 | bmi <= 17.277) & Pt_MotherT1D <= 17.121) & bmiZscore >= 15.757)
",9999999.000,9999999.000,0.000,1.000,0.000,0,0,0,4,4,0,0,4,0.0,0.0,0.0,0.0,0.0,1.0,1
"G[1,2]((BldPrSys >= 104.031 & HbA1cImputeDtMnC >= 35.343) | Pt_GrandparentT1D <= 42.720)
",9999999.000,9999999.000,0.000,1.000,0.000,0,0,4,0,0,4,4,0,0.0,0.0,1.0,0.0,0.0,1.0,1
"G[0,0]((TSH >= 0.290 | WeightKg <= 32.836) -> Pt_SHFlg >= 26.249)
",-20.679,-33.999,0.000,1.000,0.000,0,0,0,4,4,0,0,4,0.0,0.0,0.0,0.0,0.0,1.0,1
"G[2,2](BUN <= 20.117 | TotalDailyInsPerKg <= 0.960)
",20.117,20.117,0.000,1.000,0.000,0,0,4,0,0,4,4,0,0.0,0.0,1.0,0.0,0.0,1.0,1
"G[0,1]((age >= 5.968 & UnitsInsBasalOrLongAct <= 11.668) & BldPrDia <= 6.772)
",9999999.000,9999999.000,0.000,1.000,0.000,0,0,0,4,4,0,0,4,0.0,0.0,0.0,0.0,0.0,1.0,1
"G[1,2](((HbA1c >= 9.481 & HbA1cImputeDtMnC >= 37.411) -> bmiPerc >= 12.364) -> GFR <= 58.405)
",9999999.000,9999999.000,0.000,1.000,0.000,0,0,4,0,0,4,4,0,0.0,0.0,1.0,0.0,0.0,1.0,1
"G[0,2]((AlbCreatRat_mggNew <= 5.357 & BUN >= 2.966) & Pt_InsGov <= 15.244)
",9999999.000,9999999.000,0.000,1.000,0.000,0,0,0,4,4,0,0,4,0.0,0.0,0.0,0.0,0.0,1.0,1
"G[0,2](((BldPrDia <= 64.468 | bmi <= 17.237) | TotalDailyInsPerKg <= 17.012) & BGTestAvgNumPtRep <= 17.602)
",9999999.000,9999999.000,0.000,1.000,0.000,0,0,4,0,0,4,4,0,0.0,0.0,1.0,0.0,0.0,1.0,1
"G[1,2](diabDur <= 4.868 & Triglyc >= 7.829)
",9999999.000,9999999.000,0.000,1.000,0.000,0,0,2,2,2,2,2,2,0.0,0.0,1.0,0.0,0.0,1.0,1
"G[0,2]((age <= 9.853 -> LDL <= 43.245) | AutonomicNeuroCl <= 75.112)
",9999999.000,9999999.000,0.000,1.000,0.000,0,0,4,0,0,4,4,0,0.0,0.0,1.0,0.0,0.0,1.0,1
"G[1,2](age >= 5.920 & TotalDailyInsPerKg <= 0.519)
",9999999.000,9999999.000,0.000,1.000,0.000,0,0,3,1,1,3,3,1,0.0,0.0,1.0,0.0,0.0,1.0,1
"G[0,2](GFR > 0.000 -> Pt_SHFlg = 0.000)
",9999999.000,9999999.000,0.000,1.000,0.000,0,0,4,0,0,4,4,0,0.0,0.0,1.0,0.0,0.0,1.0,1
"G[1,2](Pt_A1cGoalLevelDsYr5 < 0.000 -> Pt_SHFlg = 0.000)
",9999999.000,9999999.000,0.000,1.000,0.000,0,0,4,0,0,4,4,0,0.0,0.0,1.0,0.0,0.0,1.0,1
"G[0,1](bmiZscore < 0.651 & Pt_SHFlg = 0.000)
",9999999.000,9999999.000,0.000,1.000,0.000,0,0,1,3,3,1,1,3,0.0,0.0,1.0,0.0,0.0,1.0,1
"G[1,2](TSH > 0.211 -> Pt_SHFlg = 0.000)
",9999999.000,9999999.000,0.000,1.000,0.000,0,0,4,0,0,4,4,0,0.0,0.0,1.0,0.0,0.0,1.0,1
"G[0,2]((WeightKg >= 23.672 | bmi >= 16.740) -> UnitsInsBasalOrLongAct <= 12.200)
",9999999.000,9999999.000,0.000,1.000,0.000,0,0,3,1,1,3,3,1,0.0,0.0,1.0,0.0,0.0,1.0,1
"G[1,2](GFR <= 0.000 -> BUN >= 0.312)
",9999999.000,9999999.000,0.000,1.000,0.000,0,0,2,2,2,2,2,2,0.0,0.0,1.0,0.0,0.0,1.0,1
"G[2,2]((WeightKg >= 27.366 | bmi >= 16.719) -> UnitsInsBasalOrLongAct <= 11.242)
",-11.242,-11.242,0.000,1.000,0.000,0,0,4,0,0,4,4,0,0.0,0.0,1.0,0.0,0.0,1.0,1
"G[0,1](GFR <= 0.000 -> BUN >= 4.604)
",9999999.000,9999999.000,0.000,1.000,0.000,0,0,1,3,3,1,1,3,0.0,0.0,1.0,0.0,0.0,1.0,1
"G[0,2]((WeightKg >= 27.606 | bmi >= 16.339) -> UnitsInsBasalOrLongAct <= 6.295)
",9999999.000,9999999.000,0.000,1.000,0.000,0,0,2,2,2,2,2,2,0.0,0.0,1.0,0.0,0.0,1.0,1
"G[0,1](GFR <= 0.000 -> BUN >= 2.743)
",9999999.000,9999999.000,0.000,1.000,0.000,0,0,1,3,3,1,1,3,0.0,0.0,1.0,0.0,0.0,1.0,1
"G[2,2](SMBGperDayPtMeterCombo >= 1.722 & BGTestAvgNumPtRep >= 0.970)
",-1.722,-1.722,0.000,1.000,0.000,0,0,4,0,0,4,4,0,0.0,0.0,1.0,0.0,0.0,1.0,1
"G[1,2]((HeightCm >= 120.667 | Pt_A1cGoalLev <= 5.981) & BUN >= 0.481)
",9999999.000,9999999.000,0.000,1.000,0.000,0,0,2,2,2,2,2,2,0.0,0.0,1.0,0.0,0.0,1.0,1
"G[0,2](AlbCreatRat_mggNew <= 5.664 & DirectLDL <= 0.570)
",9999999.000,9999999.000,0.000,1.000,0.000,0,0,0,4,4,0,0,4,0.0,0.0,0.0,0.0,0.0,1.0,1
"G[1,2]((bmiZscore >= 0.608 & HDL >= 17.319) & BGTestAvgNumMeter <= 47.437)
",9999999.000,9999999.000,0.000,1.000,0.000,0,0,2,2,2,2,2,2,0.0,0.0,1.0,0.0,0.0,1.0,1
"G[1,2](HbA1c >= 9.096 & HDL <= 25.042)
",9999999.000,9999999.000,0.000,1.000,0.000,0,0,3,1,1,3,3,1,0.0,0.0,1.0,0.0,0.0,1.0,1
"G[0,2]((bmiPerc >= 0.690 | DirectLDL >= 0.048) | Pt_A1cGoalLev <= 0.368)
",9999999.000,9999999.000,0.000,1.000,0.000,0,0,4,0,0,4,4,0,0.0,0.0,1.0,0.0,0.0,1.0,1
"G[0,2](BGTestAvgNumMeter <= 5.487 & Pt_InsGov <= 0.910)
",9999999.000,9999999.000,0.000,1.000,0.000,0,0,2,2,2,2,2,2,0.0,0.0,1.0,0.0,0.0,1.0,1
"G[0,2](((DirectLDL <= 0.856 -> HbA1cImputeDtMnC >= 34.798) | Pt_GrandparentT1D <= 54.251) | Pt_InsGov <= 68.743)
",9999999.000,9999999.000,0.000,1.000,0.000,0,0,4,0,0,4,4,0,0.0,0.0,1.0,0.0,0.0,1.0,1
"G[1,2]((bmiPerc <= 0.767 | TotChol >= 18.256) | HeightCm <= 58.503)
",9999999.000,9999999.000,0.000,1.000,0.000,0,0,4,0,0,4,4,0,0.0,0.0,1.0,0.0,0.0,1.0,1
"G[0,2]((bmiPerc >= 0.704 | HDL <= 71.599) -> Pt_A1cGoalLevelDsYr5 >= 15.386)
",9999999.000,9999999.000,0.000,1.000,0.000,0,0,0,4,4,0,0,4,0.0,0.0,0.0,0.0,0.0,1.0,1
"G[0,1](((BUN >= 0.484 & Pt_InsGov >= 0.323) -> age >= 0.275) -> LDL >= 0.143)
",9999999.000,9999999.000,0.000,1.000,0.000,0,0,0,4,4,0,0,4,0.0,0.0,0.0,0.0,0.0,1.0,1
"G[0,1](BldPrSys >= 102.904 -> DirectLDL >= 0.073)
",9999999.000,9999999.000,0.000,1.000,0.000,0,0,0,4,4,0,0,4,0.0,0.0,0.0,0.0,0.0,1.0,1
"G[1,2](BGTestAvgNumMeter <= 3.455 -> diabDur <= 5.048)
",9999999.000,9999999.000,0.000,1.000,0.000,0,0,3,1,1,3,3,1,0.0,0.0,1.0,0.0,0.0,1.0,1
"G[2,2](bmiZscore <= 0.710 -> Triglyc <= 78.912)
",-78.912,-78.912,0.000,1.000,0.000,0,0,4,0,0,4,4,0,0.0,0.0,1.0,0.0,0.0,1.0,1
"G[1,2](BUN >= 2.056 & WeightKg >= 27.172)
",9999999.000,9999999.000,0.000,1.000,0.000,0,0,2,2,2,2,2,2,0.0,0.0,1.0,0.0,0.0,1.0,1
"G[0,2](((HbA1c <= 9.645 & TotChol <= 153.134) -> diagAgeCombo >= 26.074) & diagAgeCombo <= 187.600)
",9999999.000,9999999.000,0.000,1.000,0.000,0,0,0,4,4,0,0,4,0.0,0.0,0.0,0.0,0.0,1.0,1
"G[1,2]((bmiPerc >= 0.581 -> TSH >= 0.065) | TSH >= 0.123)
",9999999.000,9999999.000,0.000,1.000,0.000,0,0,2,2,2,2,2,2,0.0,0.0,1.0,0.0,0.0,1.0,1
"G[0,2](BldPrDia <= 67.481 -> bmiZscore >= 0.128)
",9999999.000,9999999.000,0.000,1.000,0.000,0,0,3,1,1,3,3,1,0.0,0.0,1.0,0.0,0.0,1.0,1
"G[1,2](BldPrSys >= 93.929 & Triglyc >= 11.050)
",9999999.000,9999999.000,0.000,1.000,0.000,0,0,2,2,2,2,2,2,0.0,0.0,1.0,0.0,0.0,1.0,1
"G[1,2](((bmiZscore <= 0.742 | TotalDailyInsPerKg <= 0.835) & BldPrSys <= 0.655) & HbA1c >= 0.006)
",9999999.000,9999999.000,0.000,1.000,0.000,0,0,1,3,3,1,1,3,0.0,0.0,1.0,0.0,0.0,1.0,1
"G[0,1]((HbA1cImputeDtMnC <= 59.296 & Triglyc >= 10.408) | Pt_GrandchildT1D >= 14.564)
",9999999.000,9999999.000,0.000,1.000,0.000,0,0,0,4,4,0,0,4,0.0,0.0,0.0,0.0,0.0,1.0,1
"G[0,2]((BGTestAvgNumPtRep <= 5.329 -> UnitsInsBasalOrLongAct <= 11.537) | AutonomicNeuroCl <= 9.932)
",9999999.000,9999999.000,0.000,1.000,0.000,0,0,4,0,0,4,4,0,0.0,0.0,1.0,0.0,0.0,1.0,1
"G[0,2]((Pt_A1cGoalLev <= 3.860 -> TSH <= 0.484) -> age <= 0.888)
",9999999.000,9999999.000,0.000,1.000,0.000,0,0,1,3,3,1,1,3,0.0,0.0,1.0,0.0,0.0,1.0,1
"G[1,2](BldPrDia >= 60.332 & Pt_A1cGoalLev >= 0.356)
",9999999.000,9999999.000,0.000,1.000,0.000,0,0,2,2,2,2,2,2,0.0,0.0,1.0,0.0,0.0,1.0,1
"G[0,2](AlbCreatRat_mggNew >= 0.317 -> bmiZscore <= 0.791)
",9999999.000,9999999.000,0.000,1.000,0.000,0,0,2,2,2,2,2,2,0.0,0.0,1.0,0.0,0.0,1.0,1
"G[2,2](((bmiZscore >= 0.600 & BUN <= 18.489) | diabDur <= 16.408) -> Triglyc <= 7.082)
",-16.408,-16.408,0.000,1.000,0.000,0,0,4,0,0,4,4,0,0.0,0.0,1.0,0.0,0.0,1.0,1
"G[1,2](BldPrDia >= 59.858 -> bmiPerc <= 0.735)
",9999999.000,9999999.000,0.000,1.000,0.000,0,0,2,2,2,2,2,2,0.0,0.0,1.0,0.0,0.0,1.0,1
"G[1,2](((bmiPerc >= 0.568 & UnitsInsBasalOrLongAct <= 10.475) | Pt_MotherT1D <= 9.078) & Pt_DKAFlg <= 13.821)
",9999999.000,9999999.000,0.000,1.000,0.000,0,0,4,0,0,4,4,0,0.0,0.0,1.0,0.0,0.0,1.0,1
"G[0,1](((BldPrSys >= 103.606 | SMBGperDayPtMeterCombo >= 1.810) | bmi <= 5.681) & BGTestAvgNumPtRep <= 4.573)
",9999999.000,9999999.000,0.000,1.000,0.000,0,0,1,3,3,1,1,3,0.0,0.0,1.0,0.0,0.0,1.0,1
"G[1,2]((WeightKg >= 23.533 | bmi >= 15.996) -> UnitsInsBasalOrLongAct <= 12.597)
",9999999.000,9999999.000,0.000,1.000,0.000,0,0,3,1,1,3,3,1,0.0,0.0,1.0,0.0,0.0,1.0,1
"G[0,1](GFR <= 0.000 -> BUN >= 3.606)
",9999999.000,9999999.000,0.000,1.000,0.000,0,0,1,3,3,1,1,3,0.0,0.0,1.0,0.0,0.0,1.0,1
"G[2,2]((WeightKg >= 23.536 | bmi >= 16.536) -> UnitsInsBasalOrLongAct <= 8.884)
",-8.884,-8.884,0.000,1.000,0.000,0,0,4,0,0,4,4,0,0.0,0.0,1.0,0.0,0.0,1.0,1
"G[2,2](((BGTestAvgNumPtRep >= 0.765 & Triglyc >= 6.239) | Pt_GrandparentT1D <= 59.189) & Pt_SiblingT1D >= 15.857)
",-15.857,-15.857,0.000,1.000,0.000,0,0,4,0,0,4,4,0,0.0,0.0,1.0,0.0,0.0,1.0,1
"G[0,2](((LDL >= 23.512 & TotChol >= 44.391) & UnitsInsBasalOrLongAct >= 38.398) -> BldPrSys >= 11.823)
",9999999.000,9999999.000,0.000,1.000,0.000,0,0,4,0,0,4,4,0,0.0,0.0,1.0,0.0,0.0,1.0,1
"G[1,2](((HDL >= 16.038 -> TotChol <= 151.878) & Pt_DKAFlg <= 149.420) | TotChol >= 30.468)
",9999999.000,9999999.000,0.000,1.000,0.000,0,0,4,0,0,4,4,0,0.0,0.0,1.0,0.0,0.0,1.0,1
"G[2,2](TotalDailyInsPerKg <= 0.942 -> Pt_SHFlg = 0.000)
",-8481415761766253.000,-0.942,0.000,1.000,0.000,0,0,4,0,0,4,4,0,0.0,0.0,1.0,0.0,0.0,1.0,1
"G[2,2](bmi >= 15.781 & Pt_SHFlg = 0.000)
",-15.781,-15.781,0.000,1.000,0.000,0,0,4,0,0,4,4,0,0.0,0.0,1.0,0.0,0.0,1.0,1
"G[0,2](TotalDailyInsPerKg >= 0.144 -> Pt_SHFlg = 0.000)
",9999999.000,9999999.000,0.000,1.000,0.000,0,0,4,0,0,4,4,0,0.0,0.0,1.0,0.0,0.0,1.0,1
"G[0,2](SMBGperDayPtMeterCombo > 1.876 -> Pt_SHFlg = 0.000)
",9999999.000,9999999.000,0.000,1.000,0.000,0,0,4,0,0,4,4,0,0.0,0.0,1.0,0.0,0.0,1.0,1
"G[2,2](bmi <= 17.324 -> Pt_SHFlg = 0.000)
",-17.324,-17.324,0.000,1.000,0.000,0,0,4,0,0,4,4,0,0.0,0.0,1.0,0.0,0.0,1.0,1
"G[0,2](BGTestAvgNumPtRep <= 4.295 -> Pt_SHFlg = 0.000)
",9999999.000,9999999.000,0.000,1.000,0.000,0,0,4,0,0,4,4,0,0.0,0.0,1.0,0.0,0.0,1.0,1
"G[1,2](DirectLDL <= 0.789 & TotChol <= 182.268)
",9999999.000,9999999.000,0.000,1.000,0.000,0,0,3,1,1,3,3,1,0.0,0.0,1.0,0.0,0.0,1.0,1
"G[1,2](((Triglyc >= 9.141 -> WeightKg >= 26.478) -> Pt_DKAFlg <= 34.064) | TotalDailyInsPerKg <= 35.963)
",9999999.000,9999999.000,0.000,1.000,0.000,0,0,4,0,0,4,4,0,0.0,0.0,1.0,0.0,0.0,1.0,1
"G[0,2](SMBGperDayPtMeterCombo >= 1.355 & BGTestAvgNumPtRep >= 1.168)
",9999999.000,9999999.000,0.000,1.000,0.000,0,0,1,3,3,1,1,3,0.0,0.0,1.0,0.0,0.0,1.0,1
"G[1,2]((BUN >= 0.588 -> bmiPerc >= 0.549) & SMBGperDayPtMeterCombo >= 0.654)
",9999999.000,9999999.000,0.000,1.000,0.000,0,0,3,1,1,3,3,1,0.0,0.0,1.0,0.0,0.0,1.0,1
"G[1,2](((HbA1cImputeDtMnC <= 71.546 | HeightCm >= 125.002) -> HbA1c <= 129.876) & GFR <= 132.785)
",9999999.000,9999999.000,0.000,1.000,0.000,0,0,4,0,0,4,4,0,0.0,0.0,1.0,0.0,0.0,1.0,1
"G[0,2](Pt_MotherT1D <= 0.000 | GFR <= 0.000)
",9999999.000,9999999.000,0.000,1.000,0.000,0,0,4,0,0,4,4,0,0.0,0.0,1.0,0.0,0.0,1.0,1
"G[1,2](((AutonomicNeuroCl >= 0.000 -> Pt_FatherT1D >= 0.000) -> age <= 0.000) | BGTestAvgNumMeter <= 0.000)
",9999999.000,9999999.000,0.000,1.000,0.000,0,0,3,1,1,3,3,1,0.0,0.0,1.0,0.0,0.0,1.0,1
"G[1,2]((Pt_FatherT1D >= 0.000 | BGTestAvgNumPtRep <= 4.225) | Pt_ChildT1D <= 2.606)
",9999999.000,9999999.000,0.000,1.000,0.000,0,0,4,0,0,4,4,0,0.0,0.0,1.0,0.0,0.0,1.0,1
"G[2,2](Pt_SiblingT1D <= 0.000 & Pt_DKAFlg <= 0.000)
",0.000,0.000,0.000,1.000,0.000,0,0,4,0,0,4,4,0,0.0,0.0,1.0,0.0,0.0,1.0,1
"G[0,2]((LDL >= 12.463 & SMBGperDayPtMeterCombo >= 0.052) -> Pt_DKAFlg >= 0.095)
",9999999.000,9999999.000,0.000,1.000,0.000,0,0,3,1,1,3,3,1,0.0,0.0,1.0,0.0,0.0,1.0,1
"G[2,2](((Pt_A1cGoalLev <= 0.960 & diagAgeCombo <= 3.000) -> bmiPerc >= 3.000) & Pt_SHFlg <= 3.000)
",-0.960,-0.960,0.000,1.000,0.000,0,0,4,0,0,4,4,0,0.0,0.0,1.0,0.0,0.0,1.0,1
"G[1,2]((DirectLDL >= 0.039 | diagAgeCombo >= 3.000) -> diabDur <= 3.000)
",9999999.000,9999999.000,0.000,1.000,0.000,0,0,2,2,2,2,2,2,0.0,0.0,1.0,0.0,0.0,1.0,1
"G[2,2](((BGTestAvgNumPtRep <= 3.067 -> Pt_SHFlg <= 0.000) -> SMBGperDayPtMeterCombo <= 0.000) -> Pt_DKAFlg >= 0.000)
",0.000,0.000,0.000,1.000,0.000,0,0,4,0,0,4,4,0,0.0,0.0,1.0,0.0,0.0,1.0,1
"G[0,2]((Pt_SHFlg >= 0.000 & Pt_SHFlg <= 0.000) | Pt_CGMUseNumDays <= 0.000)
",9999999.000,9999999.000,0.000,1.000,0.000,0,0,4,0,0,4,4,0,0.0,0.0,1.0,0.0,0.0,1.0,1
"G[2,2]((BGTestAvgNumMeter >= 0.345 | diabDur <= 5.967) & Pt_FatherT1D <= 5.838)
",5.838,5.838,0.000,1.000,0.000,0,0,4,0,0,4,4,0,0.0,0.0,1.0,0.0,0.0,1.0,1
"G[0,2]((Pt_A1cGoalLevelDsYr5 <= 0.000 & Pt_GrandchildT1D >= 0.000) & bmi >= 0.000)
",9999999.000,9999999.000,0.000,1.000,0.000,0,0,4,0,0,4,4,0,0.0,0.0,1.0,0.0,0.0,1.0,1
"G[0,2](((bmiPerc <= 0.784 | bmiZscore <= 0.714) -> LDL <= 0.649) & GFR >= 0.148)
",9999999.000,9999999.000,0.000,1.000,0.000,0,0,0,4,4,0,0,4,0.0,0.0,0.0,0.0,0.0,1.0,1
"G[1,2](((age >= 5.879 & HbA1cImputeDtMnC <= 51.661) | LDL >= 25.003) -> TSH <= 70.488)
",9999999.000,9999999.000,0.000,1.000,0.000,0,0,4,0,0,4,4,0,0.0,0.0,1.0,0.0,0.0,1.0,1
"G[1,2](GFR <= 0.000 -> BUN >= 3.044)
",9999999.000,9999999.000,0.000,1.000,0.000,0,0,2,2,2,2,2,2,0.0,0.0,1.0,0.0,0.0,1.0,1
"G[1,2](DirectLDL < 0.836 & Pt_SHFlg = 0.000)
",9999999.000,9999999.000,0.000,1.000,0.000,0,0,3,1,1,3,3,1,0.0,0.0,1.0,0.0,0.0,1.0,1
"G[0,2](SMBGperDayPtMeterCombo >= 1.536 & BGTestAvgNumPtRep >= 2.432)
",9999999.000,9999999.000,0.000,1.000,0.000,0,0,1,3,3,1,1,3,0.0,0.0,1.0,0.0,0.0,1.0,1
"G[1,2](GFR <= 0.000 -> BUN >= 1.266)
",9999999.000,9999999.000,0.000,1.000,0.000,0,0,2,2,2,2,2,2,0.0,0.0,1.0,0.0,0.0,1.0,1
"G[1,2]((WeightKg >= 23.318 | bmi >= 15.966) -> UnitsInsBasalOrLongAct <= 6.456)
",9999999.000,9999999.000,0.000,1.000,0.000,0,0,2,2,2,2,2,2,0.0,0.0,1.0,0.0,0.0,1.0,1
"G[0,2](GFR <= 0.000 -> BUN >= 3.356)
",9999999.000,9999999.000,0.000,1.000,0.000,0,0,1,3,3,1,1,3,0.0,0.0,1.0,0.0,0.0,1.0,1
"G[0,2](GFR <= 0.000 -> BUN >= 3.669)
",9999999.000,9999999.000,0.000,1.000,0.000,0,0,1,3,3,1,1,3,0.0,0.0,1.0,0.0,0.0,1.0,1
"G[1,2](SMBGperDayPtMeterCombo >= 1.355 & BGTestAvgNumPtRep >= 1.176)
",9999999.000,9999999.000,0.000,1.000,0.000,0,0,3,1,1,3,3,1,0.0,0.0,1.0,0.0,0.0,1.0,1
"G[1,2]((WeightKg >= 24.620 | bmi >= 16.544) -> UnitsInsBasalOrLongAct <= 13.866)
",9999999.000,9999999.000,0.000,1.000,0.000,0,0,3,1,1,3,3,1,0.0,0.0,1.0,0.0,0.0,1.0,1
"G[1,2](SMBGperDayPtMeterCombo >= 1.408 & BGTestAvgNumPtRep >= 1.568)
",9999999.000,9999999.000,0.000,1.000,0.000,0,0,3,1,1,3,3,1,0.0,0.0,1.0,0.0,0.0,1.0,1
"G[0,2](HbA1c < 9.648 & Pt_SHFlg = 0.000)
",9999999.000,9999999.000,0.000,1.000,0.000,0,0,2,2,2,2,2,2,0.0,0.0,1.0,0.0,0.0,1.0,1
"G[1,2](UnitsInsBasalOrLongAct >= 2.559 -> Pt_SHFlg = 0.000)
",9999999.000,9999999.000,0.000,1.000,0.000,0,0,4,0,0,4,4,0,0.0,0.0,1.0,0.0,0.0,1.0,1
"G[0,2](diabDur > 0.217 & Pt_SHFlg = 0.000)
",9999999.000,9999999.000,0.000,1.000,0.000,0,0,3,1,1,3,3,1,0.0,0.0,1.0,0.0,0.0,1.0,1
"G[1,2](((AlbCreatRat_mggNew >= 1.252 & UnitsInsBasalOrLongAct >= 3.019) | TSH <= 7.868) & Triglyc <= 12.954)
",9999999.000,9999999.000,0.000,1.000,0.000,0,0,3,1,1,3,3,1,0.0,0.0,1.0,0.0,0.0,1.0,1
"G[1,2](((age <= 8.842 & diabDur <= 4.973) & TSH <= 5.655) | Pt_MotherT1D <= 4.239)
",9999999.000,9999999.000,0.000,1.000,0.000,0,0,4,0,0,4,4,0,0.0,0.0,1.0,0.0,0.0,1.0,1
"G[1,2](Pt_InsGov >= 0.070 -> TotalDailyInsPerKg <= 0.905)
",9999999.000,9999999.000,0.000,1.000,0.000,0,0,3,1,1,3,3,1,0.0,0.0,1.0,0.0,0.0,1.0,1
"G[0,0]((Triglyc <= 64.480 -> TSH >= 0.200) & BGTestAvgNumPtRep >= 0.270)
",-1.423,-43.077,0.000,1.000,0.000,0,0,0,4,4,0,0,4,0.0,0.0,0.0,0.0,0.0,1.0,1
"G[1,1]((AlbCreatRat_mggNew >= 3.192 | HeightCm >= 122.170) & NumPumpBolusOrShortAct >= 111.107)
",-7818452455689477.000,-111.107,0.000,1.000,0.000,0,0,1,3,3,1,1,3,0.0,0.0,1.0,0.0,0.0,1.0,1
"G[0,2](((Pt_A1cGoalLev <= 4.374 -> TotalDailyInsPerKg <= 0.753) | Pt_DKAFlg <= 0.950) | diagAgeCombo <= 1.032)
",9999999.000,9999999.000,0.000,1.000,0.000,0,0,4,0,0,4,4,0,0.0,0.0,1.0,0.0,0.0,1.0,1
"G[0,1](BldPrSys >= 96.576 & bmiPerc >= 0.554)
",9999999.000,9999999.000,0.000,1.000,0.000,0,0,1,3,3,1,1,3,0.0,0.0,1.0,0.0,0.0,1.0,1
"G[0,2](BGTestAvgNumMeter >= 0.271 & TotalDailyInsPerKg <= 1.537)
",9999999.000,9999999.000,0.000,1.000,0.000,0,0,1,3,3,1,1,3,0.0,0.0,1.0,0.0,0.0,1.0,1
"G[0,1]((BldPrSys >= 102.279 & bmiZscore <= 0.645) | Pt_ChildT1D >= 0.560)
",9999999.000,9999999.000,0.000,1.000,0.000,0,0,1,3,3,1,1,3,0.0,0.0,1.0,0.0,0.0,1.0,1
"G[0,1](((DirectLDL >= 0.135 | Triglyc <= 85.678) -> Pt_DKAFlg <= 28.678) -> BGTestAvgNumPtRep >= 14.616)
",9999999.000,9999999.000,0.000,1.000,0.000,0,0,0,4,4,0,0,4,0.0,0.0,0.0,0.0,0.0,1.0,1
"G[0,2](((HDL >= 15.344 | Triglyc >= 17.255) -> bmiPerc <= 56.973) | SMBGperDayPtMeterCombo <= 60.010)
",9999999.000,9999999.000,0.000,1.000,0.000,0,0,4,0,0,4,4,0,0.0,0.0,1.0,0.0,0.0,1.0,1
"G[0,2]((diabDur <= 5.147 -> WeightKg >= 26.406) | Pt_FatherT1D >= 27.046)
",9999999.000,9999999.000,0.000,1.000,0.000,0,0,2,2,2,2,2,2,0.0,0.0,1.0,0.0,0.0,1.0,1
"G[0,2](((bmi >= 16.181 -> HeightCm >= 124.915) -> DirectLDL >= 122.205) | bmiZscore <= 133.077)
",9999999.000,9999999.000,0.000,1.000,0.000,0,0,4,0,0,4,4,0,0.0,0.0,1.0,0.0,0.0,1.0,1
"G[1,2]((HeightCm >= 114.588 | UnitsInsBasalOrLongAct >= 4.781) | Pt_CGMUseNumDays <= 7.361)
",9999999.000,9999999.000,0.000,1.000,0.000,0,0,4,0,0,4,4,0,0.0,0.0,1.0,0.0,0.0,1.0,1
"G[0,2](((age <= 7.413 | HbA1c >= 9.005) -> BldPrDia >= 9.226) & Pt_A1cGoalLev <= 10.006)
",9999999.000,9999999.000,0.000,1.000,0.000,0,0,4,0,0,4,4,0,0.0,0.0,1.0,0.0,0.0,1.0,1
"((SMBGperDayPtMeterCombo <= 3.516) U[0,1] (Pt_A1cGoalLev <= 5.283))
",-9999999.000,-9999999.000,0.000,0.000,1.000,0,0,0,4,4,0,0,4,0.0,0.0,0.0,0.0,0.0,1.0,-1
"G[1,2]((HeightCm >= 116.505 & TotChol >= 45.671) | Pt_GrandparentT1D >= 42.350)
",9999999.000,9999999.000,0.000,1.000,0.000,0,0,2,2,2,2,2,2,0.0,0.0,1.0,0.0,0.0,1.0,1
"F[0,2](((Pt_ChildT1D <= 0.000 & DirectLDL >= 0.009) | bmiPerc >= 0.160) | Pt_SHFlg <= 0.628)
",-9999999.000,-9999999.000,0.000,0.000,1.000,0,0,0,4,4,0,0,4,0.0,0.0,0.0,0.0,0.0,1.0,-1
"F[0,0](((TSH <= 1.008 | DirectLDL <= 0.760) & Pt_GrandchildT1D <= 0.831) & Pt_A1cGoalLevelDsYr5 <= 0.294)
",-0.589,-1.468,0.000,0.000,1.000,0,0,0,4,4,0,0,4,0.0,0.0,0.0,0.0,0.0,1.0,-1
"F[0,0](diagAgeCombo >= 3.000 & AutonomicNeuroCl >= 0.000)
",-3.000,-3.000,0.000,0.000,1.000,0,0,0,4,4,0,0,4,0.0,0.0,0.0,0.0,0.0,1.0,-1
"F[2,2]((BUN <= 10.894 -> bmiPerc >= 0.715) | Pt_SHFlg >= 0.653)
",-0.653,-0.653,0.000,0.000,1.000,0,0,0,4,4,0,0,4,0.0,0.0,0.0,0.0,0.0,1.0,-1
"F[1,2]((BGTestAvgNumMeter <= 3.443 | bmiZscore >= 0.228) | GFR <= 0.845)
",-9999999.000,-9999999.000,0.000,0.000,1.000,0,0,0,4,4,0,0,4,0.0,0.0,0.0,0.0,0.0,1.0,-1
"G[0,2](((BldPrDia >= 55.677 & TotalDailyInsPerKg >= 0.172) -> AlbCreatRat_mggNew <= 1.341) -> HbA1c <= 0.434)
",9999999.000,9999999.000,0.000,1.000,0.000,0,0,0,4,4,0,0,4,0.0,0.0,0.0,0.0,0.0,1.0,1
"G[0,1](bmiZscore <= 0.964 -> TSH >= 0.005)
",9999999.000,9999999.000,0.000,1.000,0.000,0,0,1,3,3,1,1,3,0.0,0.0,1.0,0.0,0.0,1.0,1
"G[1,2](Pt_ChildT1D <= 0.000 | LDL >= 3.534)
",9999999.000,9999999.000,0.000,1.000,0.000,0,0,4,0,0,4,4,0,0.0,0.0,1.0,0.0,0.0,1.0,1
"G[0,2](((BldPrSys >= 102.792 & TotalDailyInsPerKg <= 1.219) | Pt_GrandchildT1D <= 0.899) & UnitsInsBasalOrLongAct <= 1.422)
",9999999.000,9999999.000,0.000,1.000,0.000,0,0,2,2,2,2,2,2,0.0,0.0,1.0,0.0,0.0,1.0,1
"G[2,2](BGTestAvgNumPtRep <= 4.899 -> BldPrDia >= 53.560)
",-4.899,-4.899,0.000,1.000,0.000,0,0,4,0,0,4,4,0,0.0,0.0,1.0,0.0,0.0,1.0,1
"G[0,1](DirectLDL <= 0.510 & Pt_A1cGoalLev >= 0.778)
",9999999.000,9999999.000,0.000,1.000,0.000,0,0,0,4,4,0,0,4,0.0,0.0,0.0,0.0,0.0,1.0,1
"G[0,2](((Pt_CGMUseNumDays >= 0.000 | NumPumpBolusOrShortAct <= 0.000) | Pt_A1cGoalLevelDsYr5 >= 0.000) -> Triglyc >= 0.000)
",9999999.000,9999999.000,0.000,1.000,0.000,0,0,4,0,0,4,4,0,0.0,0.0,1.0,0.0,0.0,1.0,1
"G[2,2](((HbA1c >= 9.220 | Pt_MotherT1D >= 0.000) | Pt_DKAFlg <= 0.000) -> BGTestAvgNumMeter <= 0.000)
",0.000,0.000,0.000,1.000,0.000,0,0,4,0,0,4,4,0,0.0,0.0,1.0,0.0,0.0,1.0,1
"G[1,2](((BldPrSys >= 99.098 & Pt_A1cGoalLev >= 0.394) & AlbCreatRat_mggNew >= 0.621) -> HDL >= 0.719)
",9999999.000,9999999.000,0.000,1.000,0.000,0,0,4,0,0,4,4,0,0.0,0.0,1.0,0.0,0.0,1.0,1
"G[0,2](BUN >= 3.650 | SMBGperDayPtMeterCombo <= 5.136)
",9999999.000,9999999.000,0.000,1.000,0.000,0,0,2,2,2,2,2,2,0.0,0.0,1.0,0.0,0.0,1.0,1
"G[1,2](((bmiPerc >= 0.584 | HbA1cImputeDtMnC >= 11.963) | diagAgeCombo <= 65.145) -> LDL <= 44.142)
",9999999.000,9999999.000,0.000,1.000,0.000,0,0,3,1,1,3,3,1,0.0,0.0,1.0,0.0,0.0,1.0,1
"G[0,2](((SMBGperDayPtMeterCombo <= 5.748 & WeightKg <= 33.976) | bmi >= 23.789) | Pt_FatherT1D >= 27.844)
",9999999.000,9999999.000,0.000,1.000,0.000,0,0,1,3,3,1,1,3,0.0,0.0,1.0,0.0,0.0,1.0,1
"G[1,2](bmiZscore <= 0.697 | Pt_A1cGoalLev <= 0.938)
",9999999.000,9999999.000,0.000,1.000,0.000,0,0,3,1,1,3,3,1,0.0,0.0,1.0,0.0,0.0,1.0,1
"G[0,1]((BldPrDia >= 54.582 -> HbA1c <= 9.578) | TotalDailyInsPerKg >= 9.269)
",9999999.000,9999999.000,0.000,1.000,0.000,0,0,1,3,3,1,1,3,0.0,0.0,1.0,0.0,0.0,1.0,1
"G[1,2](((HbA1c >= 9.452 -> Pt_A1cGoalLev >= 0.308) & BGTestAvgNumMeter <= 4.347) -> AlbCreatRat_mggNew <= 3.148)
",9999999.000,9999999.000,0.000,1.000,0.000,0,0,4,0,0,4,4,0,0.0,0.0,1.0,0.0,0.0,1.0,1
"G[1,2]((bmi >= 16.850 -> HDL >= 1.947) -> BldPrDia >= 2.273)
",9999999.000,9999999.000,0.000,1.000,0.000,0,0,4,0,0,4,4,0,0.0,0.0,1.0,0.0,0.0,1.0,1
"G[0,0](((TotChol <= 101.334 -> UnitsInsBasalOrLongAct >= 2.970) & Pt_DKAFlg >= 0.478) & HeightCm >= 5.544)
",-2.085,-75.667,0.000,1.000,0.000,0,0,0,4,4,0,0,4,0.0,0.0,0.0,0.0,0.0,1.0,1
"G[2,2](((bmi >= 16.700 | LDL <= 57.561) & TotalDailyInsPerKg >= 22.399) & diabDur <= 50.305)
",-6304788464806683.000,-22.399,0.000,1.000,0.000,0,0,4,0,0,4,4,0,0.0,0.0,1.0,0.0,0.0,1.0,1
"G[1,2](((bmiPerc >= 0.626 & diabDur <= 4.668) | BUN <= 5.421) | UnitsInsBasalOrLongAct <= 4.194)
",9999999.000,9999999.000,0.000,1.000,0.000,0,0,4,0,0,4,4,0,0.0,0.0,1.0,0.0,0.0,1.0,1
"G[1,2]((bmiPerc >= 0.694 & HeightCm <= 134.004) -> TotChol <= 140.730)
",9999999.000,9999999.000,0.000,1.000,0.000,0,0,3,1,1,3,3,1,0.0,0.0,1.0,0.0,0.0,1.0,1
"F[2,2]((BldPrSys <= 108.008 & Pt_SHFlg >= 0.000) & Triglyc <= 0.000)
",0.000,0.000,0.000,0.000,1.000,0,0,0,4,4,0,0,4,0.0,0.0,0.0,0.0,0.0,1.0,-1
"F[0,2](bmiZscore >= 0.368 | Pt_SHFlg <= 0.000)
",-9999999.000,-9999999.000,0.000,0.000,1.000,0,0,0,4,4,0,0,4,0.0,0.0,0.0,0.0,0.0,1.0,-1
"((Pt_GrandchildT1D <= 0.000) U[1,2] (SMBGperDayPtMeterCombo >= 1.661))
",-9999999.000,-9999999.000,0.000,0.000,1.000,0,0,0,4,4,0,0,4,0.0,0.0,0.0,0.0,0.0,1.0,-1
"F[1,2]((age <= 7.660 -> SMBGperDayPtMeterCombo <= 3.620) | UnitsInsBasalOrLongAct >= 0.226)
",-9999999.000,-9999999.000,0.000,0.000,1.000,0,0,0,4,4,0,0,4,0.0,0.0,0.0,0.0,0.0,1.0,-1
"F[0,2](((AlbCreatRat_mggNew <= 5.030 -> Triglyc >= 15.532) & Pt_ChildT1D <= 32.531) & WeightKg >= 1.729)
",-9999999.000,-9999999.000,0.000,0.000,1.000,0,0,0,4,4,0,0,4,0.0,0.0,0.0,0.0,0.0,1.0,-1
"F[0,2](BGTestAvgNumMeter >= 1.434 & LDL >= 4.583)
",-9999999.000,-9999999.000,0.000,0.000,1.000,0,0,0,4,4,0,0,4,0.0,0.0,0.0,0.0,0.0,1.0,-1
"F[0,1](LDL <= 66.510 | Pt_InsGov <= 0.870)
",-9999999.000,-9999999.000,0.000,0.000,1.000,0,0,0,4,4,0,0,4,0.0,0.0,0.0,0.0,0.0,1.0,-1
"F[1,2](((Triglyc >= 5.656 & UnitsInsBasalOrLongAct >= 2.426) -> bmi >= 3.899) | BldPrSys <= 9.816)
",-9999999.000,-9999999.000,0.000,0.000,1.000,0,0,0,4,4,0,0,4,0.0,0.0,0.0,0.0,0.0,1.0,-1
"G[1,2]((DirectLDL <= 0.949 | UnitsInsBasalOrLongAct <= 13.818) & TSH <= 11.462)
",9999999.000,9999999.000,0.000,1.000,0.000,0,0,4,0,0,4,4,0,0.0,0.0,1.0,0.0,0.0,1.0,1
"F[0,2](((bmi <= 17.279 | UnitsInsBasalOrLongAct >= 3.605) & diagAgeCombo >= 4.838) & LDL >= 5.859)
",-9999999.000,-9999999.000,0.000,0.000,1.000,0,0,0,4,4,0,0,4,0.0,0.0,0.0,0.0,0.0,1.0,-1
"F[0,0]((BGTestAvgNumMeter >= 1.513 | HDL >= 11.598) | AlbCreatRat_mggNew >= 2.799)
",0.994,34.459,0.000,0.000,1.000,0,0,0,4,4,0,0,4,0.0,0.0,0.0,0.0,0.0,1.0,-1
"F[0,2](((HDL >= 0.370 | TotalDailyInsPerKg <= 1.012) -> DirectLDL <= 1.584) & TotChol <= 1.068)
",-9999999.000,-9999999.000,0.000,0.000,1.000,0,0,0,4,4,0,0,4,0.0,0.0,0.0,0.0,0.0,1.0,-1
"F[1,2]((BGTestAvgNumMeter <= 4.015 & BUN >= 4.625) | Pt_GrandparentT1D <= 10.897)
",-9999999.000,-9999999.000,0.000,0.000,1.000,0,0,0,4,4,0,0,4,0.0,0.0,0.0,0.0,0.0,1.0,-1
"F[2,2]((BGTestAvgNumMeter <= 3.381 | BldPrDia >= 59.848) & Pt_MotherT1D <= 61.081)
",7613027652216203.000,3.381,0.000,0.000,1.000,0,0,0,4,4,0,0,4,0.0,0.0,0.0,0.0,0.0,1.0,-1
"F[0,2](((BldPrSys <= 113.734 & BUN <= 18.644) -> bmiZscore <= 10.945) -> diabDur <= 9.924)
",-9999999.000,-9999999.000,0.000,0.000,1.000,0,0,0,4,4,0,0,4,0.0,0.0,0.0,0.0,0.0,1.0,-1
"((BGTestAvgNumMeter >= 1.750) U[0,2] (DirectLDL >= 0.067))
",-9999999.000,-9999999.000,0.000,0.000,1.000,0,0,0,4,4,0,0,4,0.0,0.0,0.0,0.0,0.0,1.0,-1
"F[1,2](HbA1c >= 8.976 -> Pt_A1cGoalLevelDsYr5 = 0.000)
",-9999999.000,-9999999.000,0.000,0.000,1.000,0,0,0,4,4,0,0,4,0.0,0.0,0.0,0.0,0.0,1.0,-1
"F[0,1](BGTestAvgNumPtRep <= 4.131 | DirectLDL >= 0.138)
",-9999999.000,-9999999.000,0.000,0.000,1.000,0,0,0,4,4,0,0,4,0.0,0.0,0.0,0.0,0.0,1.0,-1
"F[0,1](DirectLDL <= 0.772 | Pt_InsGov >= 0.348)
",-9999999.000,-9999999.000,0.000,0.000,1.000,0,0,0,4,4,0,0,4,0.0,0.0,0.0,0.0,0.0,1.0,-1
"F[1,2](BGTestAvgNumMeter <= 5.133 | HbA1c <= 9.870)
",-9999999.000,-9999999.000,0.000,0.000,1.000,0,0,0,4,4,0,0,4,0.0,0.0,0.0,0.0,0.0,1.0,-1
"F[0,2](((HbA1cImputeDtMnC <= 40.907 | SMBGperDayPtMeterCombo <= 3.102) -> Pt_ChildT1D <= 4.492) | Pt_ChildT1D >= 0.242)
",-9999999.000,-9999999.000,0.000,0.000,1.000,0,0,0,4,4,0,0,4,0.0,0.0,0.0,0.0,0.0,1.0,-1
"F[2,2]((HDL <= 37.616 & UnitsInsBasalOrLongAct >= 3.581) -> BldPrSys <= 6.841)
",-6.841,-6.841,0.000,0.000,1.000,0,0,0,4,4,0,0,4,0.0,0.0,0.0,0.0,0.0,1.0,-1
"F[0,0]((HeightCm <= 129.844 -> SMBGperDayPtMeterCombo >= 0.030) -> diagAgeCombo <= 5.711)
",-5.711,-5.711,0.000,0.000,1.000,0,0,0,4,4,0,0,4,0.0,0.0,0.0,0.0,0.0,1.0,-1
"((bmiZscore <= 0.938) U[2,2] (diabDur <= 4.888))
",4.888,4.888,0.000,0.000,1.000,0,0,0,4,4,0,0,4,0.0,0.0,0.0,0.0,0.0,1.0,-1
"((bmi <= 17.051) U[0,2] (Triglyc >= 12.970))
",-9999999.000,-9999999.000,0.000,0.000,1.000,0,0,0,4,4,0,0,4,0.0,0.0,0.0,0.0,0.0,1.0,-1
"F[0,1]((DirectLDL <= 0.318 & TotalDailyInsPerKg <= 1.187) -> bmiPerc >= 0.265)
",-9999999.000,-9999999.000,0.000,0.000,1.000,0,0,0,4,4,0,0,4,0.0,0.0,0.0,0.0,0.0,1.0,-1
"F[1,2]((TotalDailyInsPerKg <= 1.148 | TotChol <= 82.293) | Pt_GrandchildT1D <= 52.574)
",-9999999.000,-9999999.000,0.000,0.000,1.000,0,0,0,4,4,0,0,4,0.0,0.0,0.0,0.0,0.0,1.0,-1
"F[2,2](Pt_CGMUseNumDays <= 0.000 & Pt_CGMUseNumDays <= 0.000)
",0.000,0.000,0.000,0.000,1.000,0,0,0,4,4,0,0,4,0.0,0.0,0.0,0.0,0.0,1.0,-1
"G[2,2]((bmiPerc >= 0.652 -> Pt_InsGov <= 0.885) & BldPrDia >= 0.232)
",-7974656012276053.000,-0.885,0.000,1.000,0.000,0,0,4,0,0,4,4,0,0.0,0.0,1.0,0.0,0.0,1.0,1
"G[1,2](((bmiZscore >= 0.418 & Pt_InsGov >= 0.421) -> bmiPerc >= 0.335) | bmiZscore >= 0.235)
",9999999.000,9999999.000,0.000,1.000,0.000,0,0,4,0,0,4,4,0,0.0,0.0,1.0,0.0,0.0,1.0,1
"G[1,1](((bmi >= 16.276 & HbA1c <= 9.975) -> Pt_A1cGoalLev >= 8.916) & BGTestAvgNumMeter >= 9.382)
",-9.382,-9.382,0.000,1.000,0.000,0,0,1,3,3,1,1,3,0.0,0.0,1.0,0.0,0.0,1.0,1
"G[2,2]((HDL <= 31.853 | UnitsInsBasalOrLongAct >= 0.373) -> diabDur <= 9.696)
",-31.853,-31.853,0.000,1.000,0.000,0,0,4,0,0,4,4,0,0.0,0.0,1.0,0.0,0.0,1.0,1
"G[1,2](((BGTestAvgNumPtRep >= 0.720 | Pt_FatherT1D >= 0.000) & HbA1c >= 0.000) | HbA1c >= 0.000)
",9999999.000,9999999.000,0.000,1.000,0.000,0,0,4,0,0,4,4,0,0.0,0.0,1.0,0.0,0.0,1.0,1
"G[1,2](BGTestAvgNumMeter >= 0.799 | bmiPerc <= 0.745)
",9999999.000,9999999.000,0.000,1.000,0.000,0,0,3,1,1,3,3,1,0.0,0.0,1.0,0.0,0.0,1.0,1
"G[1,2]((HbA1cImputeDtMnC <= 51.786 -> HeightCm >= 115.174) | DirectLDL >= 117.348)
",9999999.000,9999999.000,0.000,1.000,0.000,0,0,4,0,0,4,4,0,0.0,0.0,1.0,0.0,0.0,1.0,1
"G[1,1](((BldPrDia >= 54.647 | BGTestAvgNumPtRep >= 0.677) & diagAgeCombo >= 0.451) -> Pt_ChildT1D >= 2.328)
",0.677,0.677,0.000,1.000,0.000,0,0,1,3,3,1,1,3,0.0,0.0,1.0,0.0,0.0,1.0,1
"G[1,1]((TSH >= 0.155 -> HbA1cImputeDtMnC >= 14.436) -> Pt_FatherT1D >= 22.124)
",-0.155,-0.155,0.000,1.000,0.000,0,0,1,3,3,1,1,3,0.0,0.0,1.0,0.0,0.0,1.0,1
"G[1,2](((UnitsInsBasalOrLongAct <= 11.648 & bmi >= 16.021) -> diagAgeCombo >= 16.110) -> Pt_InsGov <= 16.984)
",9999999.000,9999999.000,0.000,1.000,0.000,0,0,4,0,0,4,4,0,0.0,0.0,1.0,0.0,0.0,1.0,1
"G[0,2]((WeightKg <= 33.552 | bmiPerc <= 0.810) -> NumPumpBolusOrShortAct >= 0.547)
",9999999.000,9999999.000,0.000,1.000,0.000,0,0,0,4,4,0,0,4,0.0,0.0,0.0,0.0,0.0,1.0,1
"G[0,1](TSH >= 0.067 & TotChol <= 152.033)
",9999999.000,9999999.000,0.000,1.000,0.000,0,0,1,3,3,1,1,3,0.0,0.0,1.0,0.0,0.0,1.0,1
"G[0,2]((Pt_FatherT1D <= 0.000 -> Pt_DKAFlg >= 0.000) & UnitsInsBasalOrLongAct >= 0.000)
",9999999.000,9999999.000,0.000,1.000,0.000,0,0,4,0,0,4,4,0,0.0,0.0,1.0,0.0,0.0,1.0,1
"G[1,1](((HbA1c <= 9.750 | age <= 8.881) & HbA1c <= 8.554) & Triglyc <= 8.513)
",8.513,8.513,0.000,1.000,0.000,0,0,1,3,3,1,1,3,0.0,0.0,1.0,0.0,0.0,1.0,1
"G[1,2](Pt_ChildT1D >= 0.000 & UnitsInsBasalOrLongAct <= 13.455)
",9999999.000,9999999.000,0.000,1.000,0.000,0,0,3,1,1,3,3,1,0.0,0.0,1.0,0.0,0.0,1.0,1
"G[0,2](((bmi <= 17.015 -> BldPrSys <= 110.178) | Pt_ChildT1D >= 95.719) & UnitsInsBasalOrLongAct >= 95.365)
",9999999.000,9999999.000,0.000,1.000,0.000,0,0,0,4,4,0,0,4,0.0,0.0,0.0,0.0,0.0,1.0,1
"G[1,2]((bmiPerc <= 0.769 & Pt_A1cGoalLevelDsYr5 >= 0.000) & HDL >= 0.000)
",9999999.000,9999999.000,0.000,1.000,0.000,0,0,3,1,1,3,3,1,0.0,0.0,1.0,0.0,0.0,1.0,1
"G[1,2](HbA1c <= 9.951 -> Pt_SiblingT1D <= 0.000)
",9999999.000,9999999.000,0.000,1.000,0.000,0,0,4,0,0,4,4,0,0.0,0.0,1.0,0.0,0.0,1.0,1
"G[1,2](((SMBGperDayPtMeterCombo <= 5.993 -> HDL <= 59.437) | BldPrSys >= 5.479) | HDL >= 15.859)
",9999999.000,9999999.000,0.000,1.000,0.000,0,0,4,0,0,4,4,0,0.0,0.0,1.0,0.0,0.0,1.0,1
"G[0,2]((BGTestAvgNumPtRep >= 2.155 -> HeightCm <= 132.479) -> TotalDailyInsPerKg >= 109.215)
",9999999.000,9999999.000,0.000,1.000,0.000,0,0,0,4,4,0,0,4,0.0,0.0,0.0,0.0,0.0,1.0,1
"G[0,2](SMBGperDayPtMeterCombo <= 3.695 | UnitsInsBasalOrLongAct >= 4.992)
",9999999.000,9999999.000,0.000,1.000,0.000,0,0,2,2,2,2,2,2,0.0,0.0,1.0,0.0,0.0,1.0,1
"G[0,2]((HbA1c >= 8.973 | SMBGperDayPtMeterCombo <= 3.560) | BGTestAvgNumPtRep <= 3.685)
",9999999.000,9999999.000,0.000,1.000,0.000,0,0,4,0,0,4,4,0,0.0,0.0,1.0,0.0,0.0,1.0,1
"G[1,2](BGTestAvgNumPtRep <= 3.027 | diabDur <= 5.946)
",9999999.000,9999999.000,0.000,1.000,0.000,0,0,3,1,1,3,3,1,0.0,0.0,1.0,0.0,0.0,1.0,1
"G[2,2]((HbA1cImputeDtMnC <= 55.406 & HDL <= 47.842) | HDL <= 29.053)
",6733186975233323.000,47.842,0.000,1.000,0.000,0,0,4,0,0,4,4,0,0.0,0.0,1.0,0.0,0.0,1.0,1
"G[0,1]((BUN >= 4.286 -> diabDur >= 0.964) & Pt_InsGov >= 1.375)
",9999999.000,9999999.000,0.000,1.000,0.000,0,0,0,4,4,0,0,4,0.0,0.0,0.0,0.0,0.0,1.0,1
"G[1,2](DirectLDL <= 0.797 | TSH <= 1.120)
",9999999.000,9999999.000,0.000,1.000,0.000,0,0,3,1,1,3,3,1,0.0,0.0,1.0,0.0,0.0,1.0,1
"G[0,2]((Pt_A1cGoalLev >= 0.477 -> UnitsInsBasalOrLongAct >= 4.353) & HDL <= 7.495)
",9999999.000,9999999.000,0.000,1.000,0.000,0,0,2,2,2,2,2,2,0.0,0.0,1.0,0.0,0.0,1.0,1
"G[0,2]((Pt_A1cGoalLev <= 5.479 -> SMBGperDayPtMeterCombo <= 5.940) | Pt_SHFlg <= 4.187)
",9999999.000,9999999.000,0.000,1.000,0.000,0,0,4,0,0,4,4,0,0.0,0.0,1.0,0.0,0.0,1.0,1
"G[2,2](((HDL >= 14.005 -> BGTestAvgNumPtRep <= 2.875) & BUN >= 0.313) & AlbCreatRat_mggNew >= 0.161)
",-6474182609420429.000,-2.875,0.000,1.000,0.000,0,0,4,0,0,4,4,0,0.0,0.0,1.0,0.0,0.0,1.0,1
"G[0,2](HDL >= 7.293 | Pt_A1cGoalLevelDsYr5 >= 0.000)
",9999999.000,9999999.000,0.000,1.000,0.000,0,0,4,0,0,4,4,0,0.0,0.0,1.0,0.0,0.0,1.0,1
"G[1,2]((BGTestAvgNumPtRep >= 1.401 | TotChol >= 38.088) -> TSH <= 111.623)
",9999999.000,9999999.000,0.000,1.000,0.000,0,0,4,0,0,4,4,0,0.0,0.0,1.0,0.0,0.0,1.0,1
"G[0,2](diagAgeCombo <= 3.000 & BGTestAvgNumMeter >= 1.349)
",9999999.000,9999999.000,0.000,1.000,0.000,0,0,2,2,2,2,2,2,0.0,0.0,1.0,0.0,0.0,1.0,1
"G[2,2](BGTestAvgNumMeter >= 0.386 | TotChol >= 43.700)
",-0.386,-0.386,0.000,1.000,0.000,0,0,4,0,0,4,4,0,0.0,0.0,1.0,0.0,0.0,1.0,1
"G[1,2]((DirectLDL <= 0.553 | SMBGperDayPtMeterCombo >= 1.168) & NumPumpBolusOrShortAct <= 5.406)
",9999999.000,9999999.000,0.000,1.000,0.000,0,0,3,1,1,3,3,1,0.0,0.0,1.0,0.0,0.0,1.0,1
"G[2,2]((bmiPerc >= 0.634 | Pt_A1cGoalLev <= 1.021) & Pt_ChildT1D >= 0.432)
",-0.432,-0.432,0.000,1.000,0.000,0,0,4,0,0,4,4,0,0.0,0.0,1.0,0.0,0.0,1.0,1
"G[0,2](((bmiZscore <= 0.904 & SMBGperDayPtMeterCombo <= 5.672) & bmi >= 1.528) & AlbCreatRat_mggNew <= 3.075)
",9999999.000,9999999.000,0.000,1.000,0.000,0,0,0,4,4,0,0,4,0.0,0.0,0.0,0.0,0.0,1.0,1
"G[0,2](((HDL >= 2.424 | Pt_SiblingT1D <= 0.000) & Pt_GrandchildT1D <= 0.000) | BGTestAvgNumMeter >= 0.000)
",9999999.000,9999999.000,0.000,1.000,0.000,0,0,4,0,0,4,4,0,0.0,0.0,1.0,0.0,0.0,1.0,1
"G[1,2](BUN <= 16.355 & Pt_MotherT1D <= 0.000)
",9999999.000,9999999.000,0.000,1.000,0.000,0,0,4,0,0,4,4,0,0.0,0.0,1.0,0.0,0.0,1.0,1
"G[2,2]((GFR <= 0.000 -> UnitsInsBasalOrLongAct >= 2.561) -> AutonomicNeuroCl <= 12.801)
",-12.801,-12.801,0.000,1.000,0.000,0,0,4,0,0,4,4,0,0.0,0.0,1.0,0.0,0.0,1.0,1
"G[1,2]((Pt_A1cGoalLev <= 5.505 & Pt_DKAFlg <= 0.000) -> TSH >= 0.000)
",9999999.000,9999999.000,0.000,1.000,0.000,0,0,4,0,0,4,4,0,0.0,0.0,1.0,0.0,0.0,1.0,1
"G[2,2]((AlbCreatRat_mggNew <= 5.106 -> Pt_MotherT1D <= 0.000) | Pt_FatherT1D >= 0.000)
",0.000,0.000,0.000,1.000,0.000,0,0,4,0,0,4,4,0,0.0,0.0,1.0,0.0,0.0,1.0,1
"G[2,2](((Pt_CGMUseNumDays >= 0.000 & diagAgeCombo >= 3.000) -> HbA1c >= 3.000) & HeightCm >= 3.000)
",-3.000,-3.000,0.000,1.000,0.000,0,0,4,0,0,4,4,0,0.0,0.0,1.0,0.0,0.0,1.0,1
"G[1,2](Pt_SHFlg <= 0.000 -> BldPrDia >= 52.624)
",9999999.000,9999999.000,0.000,1.000,0.000,0,0,4,0,0,4,4,0,0.0,0.0,1.0,0.0,0.0,1.0,1
"G[0,2](diabDur >= 2.594 | BldPrSys >= 99.295)
",9999999.000,9999999.000,0.000,1.000,0.000,0,0,3,1,1,3,3,1,0.0,0.0,1.0,0.0,0.0,1.0,1
"G[1,2](AlbCreatRat_mggNew <= 5.824 | BGTestAvgNumMeter >= 1.493)
",9999999.000,9999999.000,0.000,1.000,0.000,0,0,2,2,2,2,2,2,0.0,0.0,1.0,0.0,0.0,1.0,1
"G[0,0](Pt_A1cGoalLev >= 0.128 & Pt_InsGov <= 0.907)
",8166712298497661.000,0.907,0.000,1.000,0.000,0,0,0,4,4,0,0,4,0.0,0.0,0.0,0.0,0.0,1.0,1
"G[0,2](GFR <= 0.000 & AutonomicNeuroCl <= 0.000)
",9999999.000,9999999.000,0.000,1.000,0.000,0,0,4,0,0,4,4,0,0.0,0.0,1.0,0.0,0.0,1.0,1
"G[2,2]((Pt_ChildT1D >= 0.000 & Pt_CGMUseNumDays <= 0.000) | DirectLDL >= 0.000)
",0.000,0.000,0.000,1.000,0.000,0,0,4,0,0,4,4,0,0.0,0.0,1.0,0.0,0.0,1.0,1
"G[0,2]((diagAgeCombo >= 3.000 | Pt_MotherT1D <= 0.000) & GFR <= 0.000)
",9999999.000,9999999.000,0.000,1.000,0.000,0,0,4,0,0,4,4,0,0.0,0.0,1.0,0.0,0.0,1.0,1
"G[0,2](SMBGperDayPtMeterCombo >= 0.010 | WeightKg >= 21.924)
",9999999.000,9999999.000,0.000,1.000,0.000,0,0,4,0,0,4,4,0,0.0,0.0,1.0,0.0,0.0,1.0,1
"G[0,2]((HeightCm <= 135.917 | HbA1cImputeDtMnC <= 44.031) & TotChol <= 40.389)
",9999999.000,9999999.000,0.000,1.000,0.000,0,0,0,4,4,0,0,4,0.0,0.0,0.0,0.0,0.0,1.0,1
"G[0,2](((BGTestAvgNumMeter <= 2.838 | Pt_A1cGoalLevelDsYr5 <= 0.000) -> LDL >= 0.000) | bmiPerc <= 0.000)
",9999999.000,9999999.000,0.000,1.000,0.000,0,0,4,0,0,4,4,0,0.0,0.0,1.0,0.0,0.0,1.0,1
"G[1,2]((AlbCreatRat_mggNew >= 1.831 | Pt_A1cGoalLev <= 2.847) -> Pt_SHFlg >= 0.519)
",9999999.000,9999999.000,0.000,1.000,0.000,0,0,2,2,2,2,2,2,0.0,0.0,1.0,0.0,0.0,1.0,1
"G[0,1]((TotChol <= 137.605 & BGTestAvgNumMeter >= 0.289) | BUN >= 0.598)
",9999999.000,9999999.000,0.000,1.000,0.000,0,0,1,3,3,1,1,3,0.0,0.0,1.0,0.0,0.0,1.0,1
"G[0,2](Pt_SiblingT1D <= 0.000 | HbA1cImputeDtMnC <= 58.143)
",9999999.000,9999999.000,0.000,1.000,0.000,0,0,4,0,0,4,4,0,0.0,0.0,1.0,0.0,0.0,1.0,1
"G[1,1](((Pt_GrandparentT1D <= 0.000 & Pt_A1cGoalLev >= 0.474) | NumPumpBolusOrShortAct >= 0.018) & LDL >= 0.658)
",-0.658,-0.658,0.000,1.000,0.000,0,0,1,3,3,1,1,3,0.0,0.0,1.0,0.0,0.0,1.0,1
"F[2,2](((diabDur >= 0.180 -> Pt_A1cGoalLevelDsYr5 <= 0.000) & TotChol <= 0.000) | Pt_CGMUseNumDays >= 0.000)
",0.000,0.000,0.000,0.000,1.000,0,0,0,4,4,0,0,4,0.0,0.0,0.0,0.0,0.0,1.0,-1
