Rule,Discrimination Score,Pos Robustness,Neg Robustness,Percent Class +,Percent Class -,TP,TN,FP,FN,Actual Yes,Actual No,Predicted Yes,Predicted No,TPR/Sens,TNR/Spec,FPR,Precision,Accuracy,MCR,Class
"G[0,0](BGTestAvgNumPtRep <= 7.042 -> UnitsInsBasalOrLongAct >= 16.971)
",-2.000,-7.042,-5.042,1.000,0.000,3,1,0,0,3,1,3,1,1.0,1.0,0.0,1.0,1.1428571428571428,-0.1428571428571428,1
"G[0,0](Pt_A1cGoalLev <= 3.686 | TotChol >= 113.104)
",0.000,2.686,2.686,1.000,0.000,3,0,1,0,3,1,4,0,1.0,0.0,1.0,0.75,0.8571428571428571,0.1428571428571429,1
"F[0,0](AlbCreatRat_mggNew <= 13.045 & SMBGperDayPtMeterCombo <= 2.505)
",1.200,-60.495,-72.495,0.000,1.000,2,1,0,1,3,1,2,2,0.6666666666666666,1.0,0.0,1.0,0.8571428571428571,0.1428571428571429,-1
"((HbA1c <= 10.444) U[1,1] (HDL >= 31.099))
",0.000,10.444,10.444,0.000,1.000,2,1,0,1,3,1,2,2,0.6666666666666666,1.0,0.0,1.0,0.8571428571428571,0.1428571428571429,-1
"F[0,0](bmiZscore >= 0.406 & UnitsInsBasalOrLongAct <= 25.985)
",-0.947,0.264,0.382,0.000,1.000,3,0,1,0,3,1,4,0,1.0,0.0,1.0,0.75,0.8571428571428571,0.1428571428571429,-1
"((bmiPerc < 0.704) U[0,0] (Pt_SHFlg = 0.865))
",1.734,-19.918,-23.203,0.000,1.000,3,0,1,0,3,1,4,0,1.0,0.0,1.0,0.75,0.8571428571428571,0.1428571428571429,-1
"G[0,0](((BldPrDia >= 67.874 | Triglyc >= 40.868) | TSH >= 31.420) | HeightCm <= 150.281)
",1.958,149.632,82.081,1.000,0.000,3,0,1,0,3,1,4,0,1.0,0.0,1.0,0.75,0.8571428571428571,0.1428571428571429,1
"((Pt_A1cGoalLevelDsYr5 < 0.000) U[0,0] (Pt_SHFlg = 0.784))
",0.000,0.000,0.000,0.000,1.000,3,0,1,0,3,1,4,0,1.0,0.0,1.0,0.75,0.8571428571428571,0.1428571428571429,-1
"G[1,1](HbA1cImputeDtMnC <= 42.840 -> Pt_FatherT1D >= 0.107)
",0.000,-42.840,-42.840,1.000,0.000,2,1,1,0,2,2,3,1,1.0,0.5,0.5,0.6666666666666666,0.8571428571428571,0.1428571428571429,1
"G[0,0]((BUN >= 2.939 | Pt_A1cGoalLev >= 1.025) -> Pt_GrandchildT1D >= 0.940)
",-1.572,-181.561,0.025,1.000,0.000,3,0,1,0,3,1,4,0,1.0,0.0,1.0,0.75,0.8571428571428571,0.1428571428571429,1
"G[0,0](bmi <= 21.712 | UnitsInsBasalOrLongAct >= 12.247)
",1.000,21.712,20.712,1.000,0.000,3,0,1,0,3,1,4,0,1.0,0.0,1.0,0.75,0.8571428571428571,0.1428571428571429,1
"G[0,0](Pt_SHFlg >= 0.166 -> bmiPerc >= 0.676)
",3.129,-36.996,-73.295,1.000,0.000,3,0,1,0,3,1,4,0,1.0,0.0,1.0,0.75,0.8571428571428571,0.1428571428571429,1
"G[0,0]((bmiZscore <= 0.840 & TSH >= 0.114) -> bmiPerc <= 1.767)
",0.166,0.114,-0.052,1.000,0.000,3,0,1,0,3,1,4,0,1.0,0.0,1.0,0.75,0.8571428571428571,0.1428571428571429,1
"F[0,0]((BGTestAvgNumPtRep <= 6.519 & Pt_A1cGoalLev >= 0.884) & Pt_GrandparentT1D <= 6.558)
",0.000,0.116,0.116,0.000,1.000,3,0,1,0,3,1,4,0,1.0,0.0,1.0,0.75,0.8571428571428571,0.1428571428571429,-1
"G[0,0](SMBGperDayPtMeterCombo >= 0.923 & BGTestAvgNumPtRep >= 0.400)
",-2.000,-0.400,1.600,1.000,0.000,2,1,0,1,3,1,2,2,0.6666666666666666,1.0,0.0,1.0,0.8571428571428571,0.1428571428571429,1
"G[0,0](((bmiPerc <= 0.792 & HbA1cImputeDtMnC <= 50.411) | Pt_A1cGoalLev <= 56.860) -> DirectLDL <= 48.057)
",0.000,-55.860,-55.860,1.000,0.000,3,0,1,0,3,1,4,0,1.0,0.0,1.0,0.75,0.8571428571428571,0.1428571428571429,1
"G[0,0](SMBGperDayPtMeterCombo >= 1.111 & BGTestAvgNumPtRep >= 1.302)
",-2.000,-1.302,0.698,1.000,0.000,2,1,0,1,3,1,2,2,0.6666666666666666,1.0,0.0,1.0,0.8571428571428571,0.1428571428571429,1
"G[0,0](((BldPrDia >= 69.480 -> UnitsInsBasalOrLongAct <= 22.495) -> diabDur <= 20.838) & bmi >= 5.765)
",-2.074,-6.838,-4.765,1.000,0.000,3,0,1,0,3,1,4,0,1.0,0.0,1.0,0.75,0.8571428571428571,0.1428571428571429,1
"G[0,0](((TSH >= 0.148 | UnitsInsBasalOrLongAct >= 7.815) | Pt_DKAFlg <= 24.516) | HbA1cImputeDtMnC >= 5.334)
",1.000,24.516,23.516,1.000,0.000,3,0,1,0,3,1,4,0,1.0,0.0,1.0,0.75,0.8571428571428571,0.1428571428571429,1
"G[0,0]((AlbCreatRat_mggNew >= 0.184 & UnitsInsBasalOrLongAct <= 22.298) -> Pt_InsGov >= 6.688)
",0.000,0.184,0.184,1.000,0.000,2,1,0,1,3,1,2,2,0.6666666666666666,1.0,0.0,1.0,0.8571428571428571,0.1428571428571429,1
"G[0,0](((bmiPerc <= 0.846 & HbA1c <= 10.099) & Pt_A1cGoalLev >= 9.227) -> Pt_InsGov <= 9.548)
",0.000,-9.548,-9.548,1.000,0.000,3,0,1,0,3,1,4,0,1.0,0.0,1.0,0.75,0.8571428571428571,0.1428571428571429,1
"G[0,0](((Pt_A1cGoalLev >= 0.933 -> TotalDailyInsPerKg >= 0.212) -> Pt_GrandchildT1D <= 0.922) | Pt_DKAFlg <= 0.444)
",1.000,0.444,-0.556,1.000,0.000,3,0,1,0,3,1,4,0,1.0,0.0,1.0,0.75,0.8571428571428571,0.1428571428571429,1
"G[0,0](((BldPrDia >= 62.555 & AutonomicNeuroCl <= 0.000) | HbA1cImputeDtMnC >= 0.000) & Pt_FatherT1D >= 0.000)
",0.000,0.000,0.000,1.000,0.000,3,0,1,0,3,1,4,0,1.0,0.0,1.0,0.75,0.8571428571428571,0.1428571428571429,1
"G[0,0](SMBGperDayPtMeterCombo >= 0.168 & BGTestAvgNumPtRep >= 0.722)
",-2.000,-0.722,1.278,1.000,0.000,2,1,0,1,3,1,2,2,0.6666666666666666,1.0,0.0,1.0,0.8571428571428571,0.1428571428571429,1
"G[0,1](BldPrSys >= 116.184 | UnitsInsBasalOrLongAct >= 7.387)
",0.000,9999999.000,9999999.000,1.000,0.000,2,1,1,0,2,2,3,1,1.0,0.5,0.5,0.6666666666666666,0.8571428571428571,0.1428571428571429,1
"F[1,1](AlbCreatRat_mggNew >= 7.776 -> BUN >= 0.116)
",0.000,0.116,0.116,0.000,1.000,1,1,0,2,3,1,1,3,0.3333333333333333,1.0,0.0,1.0,0.5714285714285714,0.4285714285714286,-1
"F[1,1](((Pt_A1cGoalLev <= 3.367 -> Triglyc >= 28.477) | UnitsInsBasalOrLongAct >= 44.848) & Pt_GrandchildT1D <= 336.702)
",0.000,-3.367,-3.367,0.000,1.000,1,1,0,2,3,1,1,3,0.3333333333333333,1.0,0.0,1.0,0.5714285714285714,0.4285714285714286,-1
"F[1,1]((Pt_DKAFlg >= 0.055 & TSH <= 2.928) & BldPrDia <= 2.105)
",0.000,-0.055,-0.055,0.000,1.000,2,0,1,1,3,1,3,1,0.6666666666666666,0.0,1.0,0.6666666666666666,0.5714285714285714,0.4285714285714286,-1
"F[0,1]((BGTestAvgNumMeter <= 2.404 | Pt_InsGov <= 0.898) & Pt_A1cGoalLevelDsYr5 >= 0.188)
",0.000,-9999999.000,-9999999.000,0.000,1.000,2,0,1,1,3,1,3,1,0.6666666666666666,0.0,1.0,0.6666666666666666,0.5714285714285714,0.4285714285714286,-1
"((HbA1cImputeDtMnC <= 73.300) U[0,1] (BGTestAvgNumPtRep <= 3.327))
",0.000,-9999999.000,-9999999.000,0.000,1.000,1,1,0,2,3,1,1,3,0.3333333333333333,1.0,0.0,1.0,0.5714285714285714,0.4285714285714286,-1
"F[1,1](BldPrSys >= 121.226 & Pt_DKAFlg >= 0.045)
",0.000,-121.226,-121.226,0.000,1.000,2,0,1,1,3,1,3,1,0.6666666666666666,0.0,1.0,0.6666666666666666,0.5714285714285714,0.4285714285714286,-1
"((BldPrSys >= 112.767) U[0,1] (HbA1c >= 8.504))
",0.000,-9999999.000,-9999999.000,0.000,1.000,1,1,0,2,3,1,1,3,0.3333333333333333,1.0,0.0,1.0,0.5714285714285714,0.4285714285714286,-1
"((Pt_GrandchildT1D > 0.000) U[0,1] (Pt_SHFlg = 0.025))
",0.000,-9999999.000,-9999999.000,0.000,1.000,2,0,1,1,3,1,3,1,0.6666666666666666,0.0,1.0,0.6666666666666666,0.5714285714285714,0.4285714285714286,-1
"((Pt_CGMUseNumDays <= 11.523) U[0,0] (TSH >= 0.601))
",-6.000,-0.601,5.399,0.000,1.000,1,1,0,2,3,1,1,3,0.3333333333333333,1.0,0.0,1.0,0.5714285714285714,0.4285714285714286,-1
"((HeightCm >= 157.013) U[0,1] (TSH >= 1.144))
",0.000,-9999999.000,-9999999.000,0.000,1.000,1,1,0,2,3,1,1,3,0.3333333333333333,1.0,0.0,1.0,0.5714285714285714,0.4285714285714286,-1
"F[1,1](NumPumpBolusOrShortAct < 0.000 & Pt_SHFlg = 0.811)
",0.000,-0.811,-0.811,0.000,1.000,2,0,1,1,3,1,3,1,0.6666666666666666,0.0,1.0,0.6666666666666666,0.5714285714285714,0.4285714285714286,-1
"((GFR <= 0.000) U[0,1] (Pt_SHFlg = 0.175))
",0.000,-9999999.000,-9999999.000,0.000,1.000,2,0,1,1,3,1,3,1,0.6666666666666666,0.0,1.0,0.6666666666666666,0.5714285714285714,0.4285714285714286,-1
"F[1,1]((HDL <= 66.986 & Pt_SHFlg >= 0.135) & Pt_ChildT1D >= 0.117)
",0.000,-0.135,-0.135,0.000,1.000,2,0,1,1,3,1,3,1,0.6666666666666666,0.0,1.0,0.6666666666666666,0.5714285714285714,0.4285714285714286,-1
"((Pt_FatherT1D <= 0.934) U[0,1] (WeightKg >= 52.395))
",0.000,-9999999.000,-9999999.000,0.000,1.000,1,1,0,2,3,1,1,3,0.3333333333333333,1.0,0.0,1.0,0.5714285714285714,0.4285714285714286,-1
"F[0,1]((DirectLDL >= 0.391 & LDL >= 14.593) & UnitsInsBasalOrLongAct >= 59.293)
",0.000,-9999999.000,-9999999.000,0.000,1.000,2,0,1,1,3,1,3,1,0.6666666666666666,0.0,1.0,0.6666666666666666,0.5714285714285714,0.4285714285714286,-1
"((BldPrSys >= 115.367) U[0,1] (bmiPerc <= 0.767))
",0.000,-9999999.000,-9999999.000,0.000,1.000,1,1,0,2,3,1,1,3,0.3333333333333333,1.0,0.0,1.0,0.5714285714285714,0.4285714285714286,-1
"F[0,1]((LDL <= 96.163 -> Pt_SHFlg <= 0.587) & Pt_SiblingT1D >= 0.194)
",0.000,-9999999.000,-9999999.000,0.000,1.000,2,0,1,1,3,1,3,1,0.6666666666666666,0.0,1.0,0.6666666666666666,0.5714285714285714,0.4285714285714286,-1
"((BldPrDia <= 76.524) U[1,2] (Pt_DKAFlg <= 0.304))
",0.000,-9999999.000,-9999999.000,0.000,1.000,1,1,0,2,3,1,1,3,0.3333333333333333,1.0,0.0,1.0,0.5714285714285714,0.4285714285714286,-1
"F[0,0]((SMBGperDayPtMeterCombo <= 2.816 & UnitsInsBasalOrLongAct >= 5.067) & LDL >= 10.710)
",1.200,-60.184,-72.184,0.000,1.000,2,0,1,1,3,1,3,1,0.6666666666666666,0.0,1.0,0.6666666666666666,0.5714285714285714,0.4285714285714286,-1
"F[0,0](bmiPerc >= 0.474 -> TotalDailyInsPerKg <= 0.536)
",1.734,-20.148,-23.433,0.000,1.000,1,1,0,2,3,1,1,3,0.3333333333333333,1.0,0.0,1.0,0.5714285714285714,0.4285714285714286,-1
"F[0,0]((bmi <= 23.813 -> bmiZscore <= 1.033) & TSH <= 0.805)
",-1.000,-23.813,-22.813,0.000,1.000,2,0,1,1,3,1,3,1,0.6666666666666666,0.0,1.0,0.6666666666666666,0.5714285714285714,0.4285714285714286,-1
"F[0,1]((AlbCreatRat_mggNew <= 11.139 -> Pt_InsGov <= 0.746) & Pt_A1cGoalLev <= 0.534)
",0.000,-9999999.000,-9999999.000,0.000,1.000,1,1,0,2,3,1,1,3,0.3333333333333333,1.0,0.0,1.0,0.5714285714285714,0.4285714285714286,-1
"F[1,1]((AlbCreatRat_mggNew >= 0.313 -> diabDur >= 9.399) -> DirectLDL >= 11.653)
",0.000,-0.313,-0.313,0.000,1.000,2,0,1,1,3,1,3,1,0.6666666666666666,0.0,1.0,0.6666666666666666,0.5714285714285714,0.4285714285714286,-1
"F[0,1]((age >= 13.684 -> HDL <= 54.923) -> BGTestAvgNumMeter >= 31.523)
",0.000,-9999999.000,-9999999.000,0.000,1.000,1,1,0,2,3,1,1,3,0.3333333333333333,1.0,0.0,1.0,0.5714285714285714,0.4285714285714286,-1
"F[0,0](HbA1cImputeDtMnC >= 12.943 -> Pt_CGMUseNumDays <= 13.423)
",0.000,12.943,12.943,0.000,1.000,1,1,0,2,3,1,1,3,0.3333333333333333,1.0,0.0,1.0,0.5714285714285714,0.4285714285714286,-1
"F[0,1]((BldPrDia <= 73.203 & LDL >= 50.165) | TSH >= 5.147)
",0.000,-9999999.000,-9999999.000,0.000,1.000,1,1,0,2,3,1,1,3,0.3333333333333333,1.0,0.0,1.0,0.5714285714285714,0.4285714285714286,-1
"F[0,0](BldPrSys <= 128.233 -> Pt_SHFlg = 0.289)
",0.000,-128.233,-128.233,0.000,1.000,2,0,1,1,3,1,3,1,0.6666666666666666,0.0,1.0,0.6666666666666666,0.5714285714285714,0.4285714285714286,-1
"F[0,1](UnitsInsBasalOrLongAct < 21.010 & Pt_SHFlg = 0.823)
",0.000,-9999999.000,-9999999.000,0.000,1.000,2,0,1,1,3,1,3,1,0.6666666666666666,0.0,1.0,0.6666666666666666,0.5714285714285714,0.4285714285714286,-1
"((HDL > 8.010) U[0,1] (Pt_SHFlg = 0.716))
",0.000,-9999999.000,-9999999.000,0.000,1.000,2,0,1,1,3,1,3,1,0.6666666666666666,0.0,1.0,0.6666666666666666,0.5714285714285714,0.4285714285714286,-1
"F[1,1](Pt_FatherT1D >= 0.050 -> Pt_SHFlg <= 0.831)
",0.000,-0.831,-0.831,0.000,1.000,1,1,0,2,3,1,1,3,0.3333333333333333,1.0,0.0,1.0,0.5714285714285714,0.4285714285714286,-1
"F[0,1](((HDL >= 9.202 & Pt_FatherT1D >= 0.126) & BUN >= 0.208) & HbA1cImputeDtMnC <= 0.435)
",0.000,-9999999.000,-9999999.000,0.000,1.000,2,0,1,1,3,1,3,1,0.6666666666666666,0.0,1.0,0.6666666666666666,0.5714285714285714,0.4285714285714286,-1
"F[0,1]((Triglyc >= 7.350 | UnitsInsBasalOrLongAct >= 4.811) -> Pt_GrandparentT1D >= 4.488)
",0.000,-9999999.000,-9999999.000,0.000,1.000,2,0,1,1,3,1,3,1,0.6666666666666666,0.0,1.0,0.6666666666666666,0.5714285714285714,0.4285714285714286,-1
"((bmiZscore > -0.034) U[0,1] (Pt_SHFlg = 0.222))
",0.000,-9999999.000,-9999999.000,0.000,1.000,2,0,1,1,3,1,3,1,0.6666666666666666,0.0,1.0,0.6666666666666666,0.5714285714285714,0.4285714285714286,-1
"((Pt_A1cGoalLev <= 2.673) U[0,1] (Pt_FatherT1D <= 0.578))
",0.000,-9999999.000,-9999999.000,0.000,1.000,1,1,0,2,3,1,1,3,0.3333333333333333,1.0,0.0,1.0,0.5714285714285714,0.4285714285714286,-1
"((TotalDailyInsPerKg > 0.252) U[1,1] (Pt_SHFlg = 0.150))
",0.000,-0.150,-0.150,0.000,1.000,2,0,1,1,3,1,3,1,0.6666666666666666,0.0,1.0,0.6666666666666666,0.5714285714285714,0.4285714285714286,-1
"((AlbCreatRat_mggNew < 12.147) U[0,1] (Pt_SHFlg = 0.697))
",0.000,-9999999.000,-9999999.000,0.000,1.000,2,0,1,1,3,1,3,1,0.6666666666666666,0.0,1.0,0.6666666666666666,0.5714285714285714,0.4285714285714286,-1
"((BGTestAvgNumPtRep <= 4.792) U[0,1] (Pt_SHFlg = 0.469))
",0.000,-9999999.000,-9999999.000,0.000,1.000,2,0,1,1,3,1,3,1,0.6666666666666666,0.0,1.0,0.6666666666666666,0.5714285714285714,0.4285714285714286,-1
"F[0,1](BGTestAvgNumMeter > 0.475 & Pt_SHFlg = 0.587)
",0.000,-9999999.000,-9999999.000,0.000,1.000,2,0,1,1,3,1,3,1,0.6666666666666666,0.0,1.0,0.6666666666666666,0.5714285714285714,0.4285714285714286,-1
"((BGTestAvgNumMeter >= 0.390) U[1,1] (BGTestAvgNumPtRep <= 5.655))
",0.000,5.655,5.655,0.000,1.000,2,0,1,1,3,1,3,1,0.6666666666666666,0.0,1.0,0.6666666666666666,0.5714285714285714,0.4285714285714286,-1
"F[0,0]((bmiZscore <= 0.927 -> TotChol >= 46.112) -> Pt_ChildT1D >= 83.150)
",2.346,15.388,0.139,0.000,1.000,2,0,1,1,3,1,3,1,0.6666666666666666,0.0,1.0,0.6666666666666666,0.5714285714285714,0.4285714285714286,-1
"((BGTestAvgNumMeter >= 0.183) U[0,1] (BGTestAvgNumPtRep <= 5.866))
",0.000,-9999999.000,-9999999.000,0.000,1.000,1,1,0,2,3,1,1,3,0.3333333333333333,1.0,0.0,1.0,0.5714285714285714,0.4285714285714286,-1
"((HeightCm >= 150.875) U[0,1] (Pt_DKAFlg >= 0.111))
",0.000,-9999999.000,-9999999.000,0.000,1.000,2,0,1,1,3,1,3,1,0.6666666666666666,0.0,1.0,0.6666666666666666,0.5714285714285714,0.4285714285714286,-1
"((BGTestAvgNumMeter >= 0.077) U[0,1] (BGTestAvgNumPtRep <= 4.994))
",0.000,-9999999.000,-9999999.000,0.000,1.000,1,1,0,2,3,1,1,3,0.3333333333333333,1.0,0.0,1.0,0.5714285714285714,0.4285714285714286,-1
"((BGTestAvgNumMeter >= 0.940) U[0,1] (BGTestAvgNumPtRep <= 6.612))
",0.000,-9999999.000,-9999999.000,0.000,1.000,1,1,0,2,3,1,1,3,0.3333333333333333,1.0,0.0,1.0,0.5714285714285714,0.4285714285714286,-1
"((bmi <= 22.012) U[1,2] (Pt_InsGov <= 0.469))
",0.000,-9999999.000,-9999999.000,0.000,1.000,1,1,0,2,3,1,1,3,0.3333333333333333,1.0,0.0,1.0,0.5714285714285714,0.4285714285714286,-1
"F[0,1](HbA1c >= 8.538 -> TSH >= 0.207)
",0.000,-9999999.000,-9999999.000,0.000,1.000,1,1,0,2,3,1,1,3,0.3333333333333333,1.0,0.0,1.0,0.5714285714285714,0.4285714285714286,-1
"F[1,1](((bmiPerc <= 0.822 & Pt_SHFlg >= 0.276) | AutonomicNeuroCl >= 0.123) -> Pt_SiblingT1D >= 0.081)
",0.000,0.081,0.081,0.000,1.000,1,1,0,2,3,1,1,3,0.3333333333333333,1.0,0.0,1.0,0.5714285714285714,0.4285714285714286,-1
"((diabDur >= 9.889) U[1,2] (HbA1cImputeDtMnC >= 1.637))
",0.000,-9999999.000,-9999999.000,0.000,1.000,1,1,0,2,3,1,1,3,0.3333333333333333,1.0,0.0,1.0,0.5714285714285714,0.4285714285714286,-1
"((Pt_SHFlg <= 0.681) U[1,1] (TotChol >= 70.022))
",0.000,0.681,0.681,0.000,1.000,1,1,0,2,3,1,1,3,0.3333333333333333,1.0,0.0,1.0,0.5714285714285714,0.4285714285714286,-1
"((age >= 13.921) U[1,1] (Pt_SHFlg >= 0.093))
",0.000,-0.093,-0.093,0.000,1.000,2,0,1,1,3,1,3,1,0.6666666666666666,0.0,1.0,0.6666666666666666,0.5714285714285714,0.4285714285714286,-1
"F[1,1]((bmiPerc <= 0.746 | Pt_FatherT1D >= 0.137) & Pt_GrandchildT1D >= 0.216)
",0.000,-0.216,-0.216,0.000,1.000,2,0,1,1,3,1,3,1,0.6666666666666666,0.0,1.0,0.6666666666666666,0.5714285714285714,0.4285714285714286,-1
"((Pt_InsGov <= 0.682) U[1,2] (Pt_A1cGoalLevelDsYr5 >= 0.000))
",0.000,-9999999.000,-9999999.000,0.000,1.000,1,1,0,2,3,1,1,3,0.3333333333333333,1.0,0.0,1.0,0.5714285714285714,0.4285714285714286,-1
"F[0,1](BUN <= 18.915 & Pt_SHFlg = 0.727)
",0.000,-9999999.000,-9999999.000,0.000,1.000,2,0,1,1,3,1,3,1,0.6666666666666666,0.0,1.0,0.6666666666666666,0.5714285714285714,0.4285714285714286,-1
"F[0,1](((bmiZscore <= 0.974 -> WeightKg <= 62.699) & Pt_MotherT1D >= 54.838) | diagAgeCombo >= 44.857)
",0.000,-9999999.000,-9999999.000,0.000,1.000,2,0,1,1,3,1,3,1,0.6666666666666666,0.0,1.0,0.6666666666666666,0.5714285714285714,0.4285714285714286,-1
"G[0,1]((TSH <= 1.777 & UnitsInsBasalOrLongAct <= 24.820) -> HbA1cImputeDtMnC <= 27.661)
",0.000,9999999.000,9999999.000,1.000,0.000,2,0,2,0,2,2,4,0,1.0,0.0,1.0,0.5,0.5714285714285714,0.4285714285714286,1
"G[0,1](((HbA1c >= 8.772 | HbA1c >= 9.143) | Pt_DKAFlg <= 10.655) & GFR <= 10.097)
",0.000,9999999.000,9999999.000,1.000,0.000,2,0,2,0,2,2,4,0,1.0,0.0,1.0,0.5,0.5714285714285714,0.4285714285714286,1
"G[0,1](age >= 11.855 | Pt_CGMUseNumDays <= 14.803)
",0.000,9999999.000,9999999.000,1.000,0.000,2,0,2,0,2,2,4,0,1.0,0.0,1.0,0.5,0.5714285714285714,0.4285714285714286,1
"G[0,1](Pt_CGMUseNumDays <= 23.059 -> Pt_InsGov >= 0.024)
",0.000,9999999.000,9999999.000,1.000,0.000,1,1,1,1,2,2,2,2,0.5,0.5,0.5,0.5,0.5714285714285714,0.4285714285714286,1
"G[1,1](DirectLDL >= 0.544 & Triglyc >= 117.520)
",0.000,-117.520,-117.520,1.000,0.000,1,1,1,1,2,2,2,2,0.5,0.5,0.5,0.5,0.5714285714285714,0.4285714285714286,1
"G[1,1](Pt_ChildT1D <= 0.000 -> diagAgeCombo <= 1.000)
",0.000,-1.000,-1.000,1.000,0.000,2,0,2,0,2,2,4,0,1.0,0.0,1.0,0.5,0.5714285714285714,0.4285714285714286,1
"G[1,1](((bmi >= 17.968 & Pt_DKAFlg >= 0.122) -> BUN >= 0.022) -> NumPumpBolusOrShortAct <= 0.722)
",0.000,-0.722,-0.722,1.000,0.000,2,0,2,0,2,2,4,0,1.0,0.0,1.0,0.5,0.5714285714285714,0.4285714285714286,1
"G[0,1](((bmi >= 20.655 | Pt_CGMUseNumDays <= 25.718) -> age >= 2.642) | Pt_MotherT1D >= 0.986)
",0.000,9999999.000,9999999.000,1.000,0.000,2,0,2,0,2,2,4,0,1.0,0.0,1.0,0.5,0.5714285714285714,0.4285714285714286,1
"G[1,1](DirectLDL <= 0.835 | Pt_GrandparentT1D <= 0.000)
",0.000,0.835,0.835,1.000,0.000,2,0,2,0,2,2,4,0,1.0,0.0,1.0,0.5,0.5714285714285714,0.4285714285714286,1
"G[0,1](((bmiZscore <= 0.946 | HeightCm <= 165.885) | Pt_FatherT1D >= 151.454) | BGTestAvgNumMeter <= 164.187)
",0.000,9999999.000,9999999.000,1.000,0.000,2,0,2,0,2,2,4,0,1.0,0.0,1.0,0.5,0.5714285714285714,0.4285714285714286,1
"G[1,1](((BldPrDia >= 66.106 -> TotalDailyInsPerKg <= 0.859) -> Pt_A1cGoalLev <= 1.006) | Pt_DKAFlg <= 0.687)
",0.000,0.687,0.687,1.000,0.000,2,0,2,0,2,2,4,0,1.0,0.0,1.0,0.5,0.5714285714285714,0.4285714285714286,1
"G[1,1](((BGTestAvgNumMeter >= 0.978 -> diabDur >= 11.623) & GFR <= 14.181) -> bmi >= 9.747)
",0.000,-0.978,-0.978,1.000,0.000,2,0,2,0,2,2,4,0,1.0,0.0,1.0,0.5,0.5714285714285714,0.4285714285714286,1
"G[1,1](TotChol <= 198.075 | UnitsInsBasalOrLongAct <= 29.555)
",0.000,198.075,198.075,1.000,0.000,2,0,2,0,2,2,4,0,1.0,0.0,1.0,0.5,0.5714285714285714,0.4285714285714286,1
"G[0,1]((HbA1c <= 10.638 | Pt_SHFlg >= 0.270) & BldPrDia >= 0.138)
",0.000,9999999.000,9999999.000,1.000,0.000,2,0,2,0,2,2,4,0,1.0,0.0,1.0,0.5,0.5714285714285714,0.4285714285714286,1
"G[1,1](HeightCm >= 151.284 | TotChol >= 117.287)
",0.000,-117.287,-117.287,1.000,0.000,2,0,2,0,2,2,4,0,1.0,0.0,1.0,0.5,0.5714285714285714,0.4285714285714286,1
"G[0,1]((HbA1c >= 8.697 | WeightKg <= 58.407) -> HbA1c >= 53.469)
",0.000,9999999.000,9999999.000,1.000,0.000,1,1,0,2,3,1,1,3,0.3333333333333333,1.0,0.0,1.0,0.5714285714285714,0.4285714285714286,1
"G[0,1]((BGTestAvgNumMeter <= 1.933 -> WeightKg <= 62.991) -> diagAgeCombo >= 49.243)
",0.000,9999999.000,9999999.000,1.000,0.000,1,1,0,2,3,1,1,3,0.3333333333333333,1.0,0.0,1.0,0.5714285714285714,0.4285714285714286,1
"G[0,1]((Pt_A1cGoalLev >= 0.990 | age <= 16.855) | bmi <= 15.445)
",0.000,9999999.000,9999999.000,1.000,0.000,2,0,1,1,3,1,3,1,0.6666666666666666,0.0,1.0,0.6666666666666666,0.5714285714285714,0.4285714285714286,1
"G[0,0](TSH >= 1.494 & WeightKg >= 50.074)
",-2.000,-50.074,-48.074,1.000,0.000,2,0,1,1,3,1,3,1,0.6666666666666666,0.0,1.0,0.6666666666666666,0.5714285714285714,0.4285714285714286,1
"G[0,0]((bmiZscore >= 0.108 -> Pt_InsGov >= 0.328) -> LDL >= 0.324)
",0.000,0.324,0.324,1.000,0.000,2,0,1,1,3,1,3,1,0.6666666666666666,0.0,1.0,0.6666666666666666,0.5714285714285714,0.4285714285714286,1
"G[1,1]((BGTestAvgNumPtRep >= 0.353 -> Pt_CGMUseNumDays <= 4.760) | BGTestAvgNumPtRep >= 3.107)
",0.000,-3.107,-3.107,1.000,0.000,2,0,2,0,2,2,4,0,1.0,0.0,1.0,0.5,0.5714285714285714,0.4285714285714286,1
"G[0,1]((age <= 15.016 | bmiPerc >= 0.490) & bmiZscore >= 0.531)
",0.000,9999999.000,9999999.000,1.000,0.000,1,1,1,1,2,2,2,2,0.5,0.5,0.5,0.5,0.5714285714285714,0.4285714285714286,1
"G[1,1]((bmi >= 20.160 & TotChol >= 116.704) | HDL <= 134.198)
",0.000,134.198,134.198,1.000,0.000,2,0,2,0,2,2,4,0,1.0,0.0,1.0,0.5,0.5714285714285714,0.4285714285714286,1
"G[0,1]((TotChol >= 101.579 & Triglyc >= 99.220) -> bmi <= 162.775)
",0.000,9999999.000,9999999.000,1.000,0.000,2,0,2,0,2,2,4,0,1.0,0.0,1.0,0.5,0.5714285714285714,0.4285714285714286,1
"G[1,1]((bmi >= 19.766 -> HeightCm <= 167.716) | NumPumpBolusOrShortAct <= 167.780)
",0.000,167.780,167.780,1.000,0.000,2,0,2,0,2,2,4,0,1.0,0.0,1.0,0.5,0.5714285714285714,0.4285714285714286,1
"G[0,0](((AlbCreatRat_mggNew >= 3.628 -> HbA1c <= 9.822) -> HbA1c <= 10.020) -> Pt_CGMUseNumDays >= 8.272)
",0.000,-1986.728,-1986.728,1.000,0.000,1,1,0,2,3,1,1,3,0.3333333333333333,1.0,0.0,1.0,0.5714285714285714,0.4285714285714286,1
"G[0,1]((HDL <= 54.719 | TotChol <= 220.576) | BldPrSys <= 150.313)
",0.000,9999999.000,9999999.000,1.000,0.000,2,0,2,0,2,2,4,0,1.0,0.0,1.0,0.5,0.5714285714285714,0.4285714285714286,1
"G[0,1](BldPrDia >= 64.676 & Pt_InsGov <= 0.561)
",0.000,9999999.000,9999999.000,1.000,0.000,1,1,0,2,3,1,1,3,0.3333333333333333,1.0,0.0,1.0,0.5714285714285714,0.4285714285714286,1
"G[1,1](((diabDur >= 9.154 -> AutonomicNeuroCl >= 0.000) | Pt_SHFlg >= 0.000) -> GFR <= 0.000)
",0.000,0.000,0.000,1.000,0.000,2,0,2,0,2,2,4,0,1.0,0.0,1.0,0.5,0.5714285714285714,0.4285714285714286,1
"G[0,1](diagAgeCombo <= 1.000 | BUN <= 25.184)
",0.000,9999999.000,9999999.000,1.000,0.000,2,0,2,0,2,2,4,0,1.0,0.0,1.0,0.5,0.5714285714285714,0.4285714285714286,1
"G[1,1]((diabDur >= 11.250 -> Pt_A1cGoalLev >= 0.924) & diagAgeCombo >= 0.192)
",0.000,-0.192,-0.192,1.000,0.000,1,1,1,1,2,2,2,2,0.5,0.5,0.5,0.5,0.5714285714285714,0.4285714285714286,1
"G[1,1](GFR <= 0.000 -> BUN >= 1.690)
",0.000,0.000,0.000,1.000,0.000,1,1,1,1,2,2,2,2,0.5,0.5,0.5,0.5,0.5714285714285714,0.4285714285714286,1
"G[0,1]((HeightCm <= 165.166 & TotalDailyInsPerKg <= 1.039) -> HeightCm >= 0.018)
",0.000,9999999.000,9999999.000,1.000,0.000,2,0,2,0,2,2,4,0,1.0,0.0,1.0,0.5,0.5714285714285714,0.4285714285714286,1
"G[1,1](((BGTestAvgNumPtRep <= 6.115 | bmiZscore <= 1.050) -> HeightCm >= 0.230) & BGTestAvgNumPtRep >= 0.190)
",0.000,-6.115,-6.115,1.000,0.000,1,1,1,1,2,2,2,2,0.5,0.5,0.5,0.5,0.5714285714285714,0.4285714285714286,1
"G[0,1]((Pt_SHFlg >= 0.196 -> TSH <= 3.307) | BldPrSys >= 0.182)
",0.000,9999999.000,9999999.000,1.000,0.000,2,0,2,0,2,2,4,0,1.0,0.0,1.0,0.5,0.5714285714285714,0.4285714285714286,1
"G[1,1](BGTestAvgNumPtRep >= 2.989 & LDL <= 66.611)
",0.000,-2.989,-2.989,1.000,0.000,1,1,1,1,2,2,2,2,0.5,0.5,0.5,0.5,0.5714285714285714,0.4285714285714286,1
"G[0,1](((BGTestAvgNumMeter >= 0.633 | Pt_DKAFlg <= 0.303) | BldPrSys <= 0.537) -> Pt_InsGov >= 0.018)
",0.000,9999999.000,9999999.000,1.000,0.000,1,1,1,1,2,2,2,2,0.5,0.5,0.5,0.5,0.5714285714285714,0.4285714285714286,1
"G[0,1]((WeightKg >= 44.754 | bmi >= 18.683) -> UnitsInsBasalOrLongAct <= 26.317)
",0.000,9999999.000,9999999.000,1.000,0.000,1,1,0,2,3,1,1,3,0.3333333333333333,1.0,0.0,1.0,0.5714285714285714,0.4285714285714286,1
"G[0,1]((WeightKg >= 41.403 | bmi >= 19.006) -> UnitsInsBasalOrLongAct <= 28.485)
",0.000,9999999.000,9999999.000,1.000,0.000,1,1,0,2,3,1,1,3,0.3333333333333333,1.0,0.0,1.0,0.5714285714285714,0.4285714285714286,1
"G[0,0](((HeightCm >= 152.962 | Pt_SHFlg <= 0.514) | GFR >= 0.171) & Pt_FatherT1D >= 0.041)
",-72.555,-0.050,0.630,1.000,0.000,1,1,0,2,3,1,1,3,0.3333333333333333,1.0,0.0,1.0,0.5714285714285714,0.4285714285714286,1
"G[0,1]((WeightKg >= 54.004 | bmi >= 17.853) -> UnitsInsBasalOrLongAct <= 27.373)
",0.000,9999999.000,9999999.000,1.000,0.000,1,1,0,2,3,1,1,3,0.3333333333333333,1.0,0.0,1.0,0.5714285714285714,0.4285714285714286,1
"G[1,1](DirectLDL >= 0.523 & Pt_InsGov >= 0.108)
",0.000,-0.523,-0.523,1.000,0.000,1,1,1,1,2,2,2,2,0.5,0.5,0.5,0.5,0.5714285714285714,0.4285714285714286,1
"G[0,1]((WeightKg >= 44.550 | bmi >= 20.710) -> UnitsInsBasalOrLongAct <= 20.136)
",0.000,9999999.000,9999999.000,1.000,0.000,1,1,0,2,3,1,1,3,0.3333333333333333,1.0,0.0,1.0,0.5714285714285714,0.4285714285714286,1
"G[0,1](SMBGperDayPtMeterCombo >= 0.622 & BGTestAvgNumPtRep >= 3.123)
",0.000,9999999.000,9999999.000,1.000,0.000,1,1,1,1,2,2,2,2,0.5,0.5,0.5,0.5,0.5714285714285714,0.4285714285714286,1
"G[0,1](SMBGperDayPtMeterCombo >= 0.433 & BGTestAvgNumPtRep >= 2.483)
",0.000,9999999.000,9999999.000,1.000,0.000,1,1,1,1,2,2,2,2,0.5,0.5,0.5,0.5,0.5714285714285714,0.4285714285714286,1
"G[0,1]((UnitsInsBasalOrLongAct >= 10.242 | HbA1cImputeDtMnC >= 27.041) -> BGTestAvgNumPtRep <= 58.832)
",0.000,9999999.000,9999999.000,1.000,0.000,2,0,2,0,2,2,4,0,1.0,0.0,1.0,0.5,0.5714285714285714,0.4285714285714286,1
"G[1,1](SMBGperDayPtMeterCombo >= 0.419 & BGTestAvgNumPtRep >= 0.755)
",0.000,-0.755,-0.755,1.000,0.000,1,1,1,1,2,2,2,2,0.5,0.5,0.5,0.5,0.5714285714285714,0.4285714285714286,1
"G[0,1](((HbA1c <= 10.386 | LDL >= 28.554) | Pt_A1cGoalLev >= 45.616) & NumPumpBolusOrShortAct <= 60.520)
",0.000,9999999.000,9999999.000,1.000,0.000,2,0,2,0,2,2,4,0,1.0,0.0,1.0,0.5,0.5714285714285714,0.4285714285714286,1
"G[1,1](HbA1c >= 9.101 -> Pt_CGMUseNumDays <= 23.614)
",0.000,-23.614,-23.614,1.000,0.000,2,0,2,0,2,2,4,0,1.0,0.0,1.0,0.5,0.5714285714285714,0.4285714285714286,1
"G[1,1](AlbCreatRat_mggNew >= 0.586 & TotalDailyInsPerKg >= 0.377)
",0.000,-0.586,-0.586,1.000,0.000,1,1,1,1,2,2,2,2,0.5,0.5,0.5,0.5,0.5714285714285714,0.4285714285714286,1
"G[0,1](BGTestAvgNumMeter >= 0.974 & bmi <= 24.354)
",0.000,9999999.000,9999999.000,1.000,0.000,1,1,1,1,2,2,2,2,0.5,0.5,0.5,0.5,0.5714285714285714,0.4285714285714286,1
"G[1,1](((NumPumpBolusOrShortAct <= 0.000 -> AutonomicNeuroCl <= 0.000) | BldPrSys >= 0.000) & diagAgeCombo >= 0.000)
",0.000,0.000,0.000,1.000,0.000,2,0,2,0,2,2,4,0,1.0,0.0,1.0,0.5,0.5714285714285714,0.4285714285714286,1
"G[0,0](AlbCreatRat_mggNew >= 9.049 -> Pt_SHFlg >= 0.043)
",3.129,-37.119,-73.418,1.000,0.000,2,0,1,1,3,1,3,1,0.6666666666666666,0.0,1.0,0.6666666666666666,0.5714285714285714,0.4285714285714286,1
"G[0,1](HDL <= 63.738 -> Pt_DKAFlg <= 0.670)
",0.000,9999999.000,9999999.000,1.000,0.000,2,0,1,1,3,1,3,1,0.6666666666666666,0.0,1.0,0.6666666666666666,0.5714285714285714,0.4285714285714286,1
"F[1,2]((TotalDailyInsPerKg >= 0.138 & WeightKg >= 42.724) -> BGTestAvgNumPtRep <= 59.314)
",0.000,-9999999.000,-9999999.000,0.000,1.000,0,1,0,3,3,1,0,4,0.0,1.0,0.0,0.0,0.2857142857142857,0.7142857142857143,-1
"F[1,2]((BldPrSys <= 125.506 | Pt_InsGov <= 0.854) & SMBGperDayPtMeterCombo <= 0.879)
",0.000,-9999999.000,-9999999.000,0.000,1.000,0,1,0,3,3,1,0,4,0.0,1.0,0.0,0.0,0.2857142857142857,0.7142857142857143,-1
"F[0,1](((AlbCreatRat_mggNew <= 20.700 -> HDL >= 35.199) | AlbCreatRat_mggNew >= 14.602) & AutonomicNeuroCl <= 45.835)
",0.000,-9999999.000,-9999999.000,0.000,1.000,0,1,0,3,3,1,0,4,0.0,1.0,0.0,0.0,0.2857142857142857,0.7142857142857143,-1
"F[1,2]((bmiZscore <= 0.672 | Pt_CGMUseNumDays <= 26.920) | Triglyc >= 2.837)
",0.000,-9999999.000,-9999999.000,0.000,1.000,0,1,0,3,3,1,0,4,0.0,1.0,0.0,0.0,0.2857142857142857,0.7142857142857143,-1
"F[0,2](BldPrSys >= 112.231 -> HDL >= 38.530)
",0.000,-9999999.000,-9999999.000,0.000,1.000,0,1,0,3,3,1,0,4,0.0,1.0,0.0,0.0,0.2857142857142857,0.7142857142857143,-1
"F[1,2]((AlbCreatRat_mggNew <= 17.312 -> HbA1cImputeDtMnC <= 49.437) -> AutonomicNeuroCl <= 72.626)
",0.000,-9999999.000,-9999999.000,0.000,1.000,0,1,0,3,3,1,0,4,0.0,1.0,0.0,0.0,0.2857142857142857,0.7142857142857143,-1
"F[0,2]((Pt_FatherT1D <= 0.701 -> Pt_SHFlg >= 0.097) -> Pt_CGMUseNumDays <= 0.587)
",0.000,-9999999.000,-9999999.000,0.000,1.000,0,1,0,3,3,1,0,4,0.0,1.0,0.0,0.0,0.2857142857142857,0.7142857142857143,-1
"F[0,2]((Pt_SHFlg >= 0.231 | TotalDailyInsPerKg <= 1.099) & diagAgeCombo >= 0.332)
",0.000,-9999999.000,-9999999.000,0.000,1.000,0,1,0,3,3,1,0,4,0.0,1.0,0.0,0.0,0.2857142857142857,0.7142857142857143,-1
"((age <= 15.124) U[0,2] (Triglyc <= 332.710))
",0.000,-9999999.000,-9999999.000,0.000,1.000,0,1,0,3,3,1,0,4,0.0,1.0,0.0,0.0,0.2857142857142857,0.7142857142857143,-1
"F[0,2](((bmiPerc <= 0.733 | Pt_CGMUseNumDays >= 2.552) -> HbA1c >= 4.133) & TotalDailyInsPerKg <= 14.925)
",0.000,-9999999.000,-9999999.000,0.000,1.000,0,1,0,3,3,1,0,4,0.0,1.0,0.0,0.0,0.2857142857142857,0.7142857142857143,-1
"F[0,2]((SMBGperDayPtMeterCombo <= 4.000 & Triglyc >= 88.278) -> Pt_GrandchildT1D <= 218.114)
",0.000,-9999999.000,-9999999.000,0.000,1.000,0,1,0,3,3,1,0,4,0.0,1.0,0.0,0.0,0.2857142857142857,0.7142857142857143,-1
"F[0,0]((HDL <= 46.741 & Pt_InsGov <= 0.640) | Pt_InsGov >= 0.318)
",-0.958,-0.318,0.640,0.000,1.000,1,0,1,2,3,1,2,2,0.3333333333333333,0.0,1.0,0.5,0.2857142857142857,0.7142857142857143,-1
"F[0,2](((bmi <= 24.412 | HDL >= 4.791) | diabDur >= 0.372) | Pt_InsGov >= 42.731)
",0.000,-9999999.000,-9999999.000,0.000,1.000,0,1,0,3,3,1,0,4,0.0,1.0,0.0,0.0,0.2857142857142857,0.7142857142857143,-1
"G[0,1]((BldPrSys >= 122.015 | Triglyc >= 32.467) -> Pt_MotherT1D >= 105.747)
",0.000,9999999.000,9999999.000,1.000,0.000,0,1,1,2,2,2,1,3,0.0,0.5,0.5,0.0,0.2857142857142857,0.7142857142857143,1
"F[0,2](BGTestAvgNumMeter <= 2.039 -> HbA1c >= 8.580)
",0.000,-9999999.000,-9999999.000,0.000,1.000,0,1,0,3,3,1,0,4,0.0,1.0,0.0,0.0,0.2857142857142857,0.7142857142857143,-1
"((LDL >= 3.561) U[1,2] (TotChol >= 119.806))
",0.000,-9999999.000,-9999999.000,0.000,1.000,0,1,0,3,3,1,0,4,0.0,1.0,0.0,0.0,0.2857142857142857,0.7142857142857143,-1
"((HbA1cImputeDtMnC <= 72.224) U[0,1] (HDL >= 24.975))
",0.000,-9999999.000,-9999999.000,0.000,1.000,0,1,0,3,3,1,0,4,0.0,1.0,0.0,0.0,0.2857142857142857,0.7142857142857143,-1
"F[0,1](((HbA1c <= 10.464 -> Pt_InsGov >= 0.413) | TotChol <= 0.806) -> BldPrDia >= 0.084)
",0.000,-9999999.000,-9999999.000,0.000,1.000,0,1,0,3,3,1,0,4,0.0,1.0,0.0,0.0,0.2857142857142857,0.7142857142857143,-1
"F[0,1](((bmi >= 19.828 | bmiPerc >= 0.566) -> Pt_GrandchildT1D >= 0.559) | UnitsInsBasalOrLongAct >= 0.563)
",0.000,-9999999.000,-9999999.000,0.000,1.000,0,1,0,3,3,1,0,4,0.0,1.0,0.0,0.0,0.2857142857142857,0.7142857142857143,-1
"F[1,2]((Pt_FatherT1D <= 0.534 | UnitsInsBasalOrLongAct <= 30.900) | diabDur >= 12.327)
",0.000,-9999999.000,-9999999.000,0.000,1.000,0,1,0,3,3,1,0,4,0.0,1.0,0.0,0.0,0.2857142857142857,0.7142857142857143,-1
"F[1,1]((Pt_InsGov >= 0.083 & Triglyc >= 47.863) & Pt_GrandchildT1D <= 197.737)
",0.000,-47.863,-47.863,0.000,1.000,1,0,1,2,3,1,2,2,0.3333333333333333,0.0,1.0,0.5,0.2857142857142857,0.7142857142857143,-1
"((HbA1c <= 10.370) U[0,2] (Triglyc <= 270.480))
",0.000,-9999999.000,-9999999.000,0.000,1.000,0,1,0,3,3,1,0,4,0.0,1.0,0.0,0.0,0.2857142857142857,0.7142857142857143,-1
"((bmiZscore >= 0.381) U[0,2] (DirectLDL >= 0.629))
",0.000,-9999999.000,-9999999.000,0.000,1.000,0,1,0,3,3,1,0,4,0.0,1.0,0.0,0.0,0.2857142857142857,0.7142857142857143,-1
"F[0,2](((BldPrSys <= 126.407 -> BUN >= 3.575) & BGTestAvgNumPtRep <= 27.398) | bmiPerc <= 8.282)
",0.000,-9999999.000,-9999999.000,0.000,1.000,0,1,0,3,3,1,0,4,0.0,1.0,0.0,0.0,0.2857142857142857,0.7142857142857143,-1
"((AlbCreatRat_mggNew >= 6.755) U[0,2] (WeightKg <= 64.235))
",0.000,-9999999.000,-9999999.000,0.000,1.000,0,1,0,3,3,1,0,4,0.0,1.0,0.0,0.0,0.2857142857142857,0.7142857142857143,-1
"F[0,1]((AlbCreatRat_mggNew <= 16.680 & bmi <= 23.467) -> BGTestAvgNumPtRep <= 21.397)
",0.000,-9999999.000,-9999999.000,0.000,1.000,0,1,0,3,3,1,0,4,0.0,1.0,0.0,0.0,0.2857142857142857,0.7142857142857143,-1
"F[0,2](((HbA1cImputeDtMnC >= 24.345 & Pt_InsGov >= 0.211) -> SMBGperDayPtMeterCombo <= 0.946) | BUN <= 0.515)
",0.000,-9999999.000,-9999999.000,0.000,1.000,0,1,0,3,3,1,0,4,0.0,1.0,0.0,0.0,0.2857142857142857,0.7142857142857143,-1
"F[0,1]((BldPrSys <= 133.055 -> LDL >= 47.204) & age >= 5.833)
",0.000,-9999999.000,-9999999.000,0.000,1.000,0,1,0,3,3,1,0,4,0.0,1.0,0.0,0.0,0.2857142857142857,0.7142857142857143,-1
"F[1,1](((Pt_A1cGoalLev >= 0.270 -> Pt_CGMUseNumDays >= 2.288) & TSH <= 22.615) -> BGTestAvgNumPtRep >= 1.058)
",0.000,-0.270,-0.270,0.000,1.000,1,0,1,2,3,1,2,2,0.3333333333333333,0.0,1.0,0.5,0.2857142857142857,0.7142857142857143,-1
"F[0,2](((LDL <= 79.043 | TotalDailyInsPerKg >= 0.076) -> Pt_CGMUseNumDays <= 1.355) | bmi <= 0.912)
",0.000,-9999999.000,-9999999.000,0.000,1.000,0,1,0,3,3,1,0,4,0.0,1.0,0.0,0.0,0.2857142857142857,0.7142857142857143,-1
"F[0,1](((Pt_SHFlg >= 0.241 | Triglyc <= 283.273) & NumPumpBolusOrShortAct >= 98.998) -> age >= 61.649)
",0.000,-9999999.000,-9999999.000,0.000,1.000,0,1,0,3,3,1,0,4,0.0,1.0,0.0,0.0,0.2857142857142857,0.7142857142857143,-1
"((BldPrDia <= 75.393) U[0,0] (bmiZscore >= -0.063))
",-0.947,0.733,0.852,0.000,1.000,0,1,0,3,3,1,0,4,0.0,1.0,0.0,0.0,0.2857142857142857,0.7142857142857143,-1
"F[0,2](((BldPrSys >= 109.028 & Pt_A1cGoalLev >= 0.844) & HbA1cImputeDtMnC <= 5.597) | AlbCreatRat_mggNew >= 0.748)
",0.000,-9999999.000,-9999999.000,0.000,1.000,0,1,0,3,3,1,0,4,0.0,1.0,0.0,0.0,0.2857142857142857,0.7142857142857143,-1
"((DirectLDL >= 0.405) U[0,2] (SMBGperDayPtMeterCombo <= 2.682))
",0.000,-9999999.000,-9999999.000,0.000,1.000,0,1,0,3,3,1,0,4,0.0,1.0,0.0,0.0,0.2857142857142857,0.7142857142857143,-1
"F[0,0]((HDL <= 62.641 | TSH >= 0.199) | BGTestAvgNumMeter <= 2.840)
",-40.358,1.320,62.641,0.000,1.000,0,1,0,3,3,1,0,4,0.0,1.0,0.0,0.0,0.2857142857142857,0.7142857142857143,-1
"F[0,1]((BUN <= 7.431 & Pt_FatherT1D >= 0.223) | Pt_GrandparentT1D >= 0.076)
",0.000,-9999999.000,-9999999.000,0.000,1.000,1,0,1,2,3,1,2,2,0.3333333333333333,0.0,1.0,0.5,0.2857142857142857,0.7142857142857143,-1
"F[0,2](((BldPrDia >= 59.664 | Pt_CGMUseNumDays >= 1.756) & HDL <= 4.923) | UnitsInsBasalOrLongAct <= 10.933)
",0.000,-9999999.000,-9999999.000,0.000,1.000,0,1,0,3,3,1,0,4,0.0,1.0,0.0,0.0,0.2857142857142857,0.7142857142857143,-1
"F[1,1](((HbA1c <= 10.059 & TotChol <= 212.755) | diagAgeCombo <= 188.887) | diabDur >= 88.119)
",0.000,188.887,188.887,0.000,1.000,0,1,0,3,3,1,0,4,0.0,1.0,0.0,0.0,0.2857142857142857,0.7142857142857143,-1
"F[0,1](((Pt_DKAFlg <= 0.244 -> TotalDailyInsPerKg >= 0.024) | Pt_FatherT1D <= 0.946) & Pt_FatherT1D >= 0.376)
",0.000,-9999999.000,-9999999.000,0.000,1.000,1,0,1,2,3,1,2,2,0.3333333333333333,0.0,1.0,0.5,0.2857142857142857,0.7142857142857143,-1
"F[1,2](((HDL >= 21.180 | Pt_SHFlg >= 0.076) -> HbA1c >= 0.243) & SMBGperDayPtMeterCombo <= 0.574)
",0.000,-9999999.000,-9999999.000,0.000,1.000,0,1,0,3,3,1,0,4,0.0,1.0,0.0,0.0,0.2857142857142857,0.7142857142857143,-1
"F[0,0]((AlbCreatRat_mggNew >= 0.724 | TotChol <= 198.182) | age <= 160.245)
",-38.937,159.245,198.182,0.000,1.000,0,1,0,3,3,1,0,4,0.0,1.0,0.0,0.0,0.2857142857142857,0.7142857142857143,-1
"F[1,2](HbA1cImputeDtMnC <= 55.567 & Pt_SHFlg <= 0.380)
",0.000,-9999999.000,-9999999.000,0.000,1.000,0,1,0,3,3,1,0,4,0.0,1.0,0.0,0.0,0.2857142857142857,0.7142857142857143,-1
"F[0,1](TotalDailyInsPerKg >= 0.088 & UnitsInsBasalOrLongAct <= 26.767)
",0.000,-9999999.000,-9999999.000,0.000,1.000,1,0,1,2,3,1,2,2,0.3333333333333333,0.0,1.0,0.5,0.2857142857142857,0.7142857142857143,-1
"F[1,2](bmi <= 21.992 | HbA1cImputeDtMnC >= 4.214)
",0.000,-9999999.000,-9999999.000,0.000,1.000,0,1,0,3,3,1,0,4,0.0,1.0,0.0,0.0,0.2857142857142857,0.7142857142857143,-1
"F[0,2](Pt_SHFlg <= 0.848 -> WeightKg <= 63.114)
",0.000,-9999999.000,-9999999.000,0.000,1.000,0,1,0,3,3,1,0,4,0.0,1.0,0.0,0.0,0.2857142857142857,0.7142857142857143,-1
"F[1,2](HbA1c >= 9.497 -> Pt_A1cGoalLevelDsYr5 = 0.000)
",0.000,-9999999.000,-9999999.000,0.000,1.000,0,1,0,3,3,1,0,4,0.0,1.0,0.0,0.0,0.2857142857142857,0.7142857142857143,-1
"F[0,1](((Pt_A1cGoalLev <= 1.794 | UnitsInsBasalOrLongAct <= 26.226) -> AlbCreatRat_mggNew <= 24.066) -> Pt_ChildT1D <= 25.109)
",0.000,-9999999.000,-9999999.000,0.000,1.000,0,1,0,3,3,1,0,4,0.0,1.0,0.0,0.0,0.2857142857142857,0.7142857142857143,-1
"((Pt_A1cGoalLev >= 0.473) U[0,0] (Pt_InsGov >= 0.152))
",0.000,0.527,0.527,0.000,1.000,1,0,1,2,3,1,2,2,0.3333333333333333,0.0,1.0,0.5,0.2857142857142857,0.7142857142857143,-1
"F[1,1](((BGTestAvgNumPtRep >= 0.985 | HbA1cImputeDtMnC <= 59.867) & Pt_SHFlg <= 48.436) -> Pt_A1cGoalLevelDsYr5 <= 58.792)
",0.000,-58.792,-58.792,0.000,1.000,0,1,0,3,3,1,0,4,0.0,1.0,0.0,0.0,0.2857142857142857,0.7142857142857143,-1
"F[0,0]((Pt_FatherT1D <= 0.321 | TotChol <= 224.709) & AutonomicNeuroCl <= 165.827)
",14.213,156.768,155.927,0.000,1.000,0,1,0,3,3,1,0,4,0.0,1.0,0.0,0.0,0.2857142857142857,0.7142857142857143,-1
"((BGTestAvgNumMeter >= 0.359) U[1,2] (BGTestAvgNumPtRep <= 7.152))
",0.000,-9999999.000,-9999999.000,0.000,1.000,1,0,1,2,3,1,2,2,0.3333333333333333,0.0,1.0,0.5,0.2857142857142857,0.7142857142857143,-1
"F[1,2](HbA1c >= 8.805 -> Pt_A1cGoalLevelDsYr5 = 0.000)
",0.000,-9999999.000,-9999999.000,0.000,1.000,0,1,0,3,3,1,0,4,0.0,1.0,0.0,0.0,0.2857142857142857,0.7142857142857143,-1
"((BGTestAvgNumPtRep <= 3.265) U[0,2] (UnitsInsBasalOrLongAct >= 13.996))
",0.000,-9999999.000,-9999999.000,0.000,1.000,0,1,0,3,3,1,0,4,0.0,1.0,0.0,0.0,0.2857142857142857,0.7142857142857143,-1
"F[1,1](Pt_InsGov < 0.454 -> Pt_SHFlg = 0.053)
",0.000,-0.454,-0.454,0.000,1.000,1,0,1,2,3,1,2,2,0.3333333333333333,0.0,1.0,0.5,0.2857142857142857,0.7142857142857143,-1
"F[0,2]((BldPrSys <= 133.158 | HeightCm <= 168.617) | HDL <= 168.424)
",0.000,-9999999.000,-9999999.000,0.000,1.000,0,1,0,3,3,1,0,4,0.0,1.0,0.0,0.0,0.2857142857142857,0.7142857142857143,-1
"F[1,1](HbA1c >= 8.458 -> Pt_A1cGoalLevelDsYr5 = 0.000)
",0.000,0.000,0.000,0.000,1.000,0,1,0,3,3,1,0,4,0.0,1.0,0.0,0.0,0.2857142857142857,0.7142857142857143,-1
"((BGTestAvgNumMeter >= 0.982) U[1,2] (BGTestAvgNumPtRep <= 5.090))
",0.000,-9999999.000,-9999999.000,0.000,1.000,1,0,1,2,3,1,2,2,0.3333333333333333,0.0,1.0,0.5,0.2857142857142857,0.7142857142857143,-1
"((DirectLDL <= 0.774) U[0,1] (TotalDailyInsPerKg >= 0.157))
",0.000,-9999999.000,-9999999.000,0.000,1.000,1,0,1,2,3,1,2,2,0.3333333333333333,0.0,1.0,0.5,0.2857142857142857,0.7142857142857143,-1
"F[1,2](HbA1c >= 9.075 -> Pt_A1cGoalLev <= 5.872)
",0.000,-9999999.000,-9999999.000,0.000,1.000,0,1,0,3,3,1,0,4,0.0,1.0,0.0,0.0,0.2857142857142857,0.7142857142857143,-1
"F[1,1](Pt_FatherT1D < 0.914 -> Pt_SHFlg = 0.265)
",0.000,-0.914,-0.914,0.000,1.000,1,0,1,2,3,1,2,2,0.3333333333333333,0.0,1.0,0.5,0.2857142857142857,0.7142857142857143,-1
"F[0,2]((BldPrSys >= 115.495 & bmiZscore <= 0.636) | bmiPerc <= 0.850)
",0.000,-9999999.000,-9999999.000,0.000,1.000,0,1,0,3,3,1,0,4,0.0,1.0,0.0,0.0,0.2857142857142857,0.7142857142857143,-1
"((BldPrDia <= 73.451) U[0,1] (Pt_FatherT1D >= 0.221))
",0.000,-9999999.000,-9999999.000,0.000,1.000,1,0,1,2,3,1,2,2,0.3333333333333333,0.0,1.0,0.5,0.2857142857142857,0.7142857142857143,-1
"F[0,2](HbA1c >= 8.694 -> Pt_A1cGoalLevelDsYr5 = 0.000)
",0.000,-9999999.000,-9999999.000,0.000,1.000,0,1,0,3,3,1,0,4,0.0,1.0,0.0,0.0,0.2857142857142857,0.7142857142857143,-1
"F[1,2](((Pt_A1cGoalLev >= 0.710 -> WeightKg >= 48.481) -> diabDur >= 46.920) -> AlbCreatRat_mggNew <= 56.939)
",0.000,-9999999.000,-9999999.000,0.000,1.000,0,1,0,3,3,1,0,4,0.0,1.0,0.0,0.0,0.2857142857142857,0.7142857142857143,-1
"F[0,1]((Pt_DKAFlg >= 0.102 & Triglyc >= 43.993) -> LDL <= 291.946)
",0.000,-9999999.000,-9999999.000,0.000,1.000,0,1,0,3,3,1,0,4,0.0,1.0,0.0,0.0,0.2857142857142857,0.7142857142857143,-1
"F[1,1](HbA1c >= 9.305 -> Pt_A1cGoalLevelDsYr5 = 0.000)
",0.000,0.000,0.000,0.000,1.000,0,1,0,3,3,1,0,4,0.0,1.0,0.0,0.0,0.2857142857142857,0.7142857142857143,-1
"((bmi >= 19.031) U[1,1] (TotalDailyInsPerKg <= 0.816))
",0.000,0.816,0.816,0.000,1.000,1,0,1,2,3,1,2,2,0.3333333333333333,0.0,1.0,0.5,0.2857142857142857,0.7142857142857143,-1
"F[0,2]((BGTestAvgNumMeter <= 1.458 & HbA1cImputeDtMnC >= 14.281) | Pt_A1cGoalLev >= 8.487)
",0.000,-9999999.000,-9999999.000,0.000,1.000,0,1,0,3,3,1,0,4,0.0,1.0,0.0,0.0,0.2857142857142857,0.7142857142857143,-1
"F[0,1](Pt_InsGov <= 0.503 -> SMBGperDayPtMeterCombo >= 0.389)
",0.000,-9999999.000,-9999999.000,0.000,1.000,1,0,1,2,3,1,2,2,0.3333333333333333,0.0,1.0,0.5,0.2857142857142857,0.7142857142857143,-1
"((Pt_SHFlg >= 0.086) U[1,2] (SMBGperDayPtMeterCombo <= 2.841))
",0.000,-9999999.000,-9999999.000,0.000,1.000,1,0,1,2,3,1,2,2,0.3333333333333333,0.0,1.0,0.5,0.2857142857142857,0.7142857142857143,-1
"F[0,2]((age >= 11.646 | bmi >= 18.695) -> BGTestAvgNumPtRep <= 23.724)
",0.000,-9999999.000,-9999999.000,0.000,1.000,0,1,0,3,3,1,0,4,0.0,1.0,0.0,0.0,0.2857142857142857,0.7142857142857143,-1
"F[0,1]((HbA1cImputeDtMnC >= 15.430 | Pt_A1cGoalLev <= 1.901) | Pt_FatherT1D >= 0.055)
",0.000,-9999999.000,-9999999.000,0.000,1.000,0,1,0,3,3,1,0,4,0.0,1.0,0.0,0.0,0.2857142857142857,0.7142857142857143,-1
"((DirectLDL <= 0.992) U[0,2] (TotChol <= 217.715))
",0.000,-9999999.000,-9999999.000,0.000,1.000,0,1,0,3,3,1,0,4,0.0,1.0,0.0,0.0,0.2857142857142857,0.7142857142857143,-1
"F[0,2](((bmiZscore >= 0.449 & TotalDailyInsPerKg <= 1.460) & Pt_SiblingT1D >= 0.166) | bmiPerc >= 0.147)
",0.000,-9999999.000,-9999999.000,0.000,1.000,0,1,0,3,3,1,0,4,0.0,1.0,0.0,0.0,0.2857142857142857,0.7142857142857143,-1
"((BUN >= 3.025) U[1,2] (HbA1c <= 10.123))
",0.000,-9999999.000,-9999999.000,0.000,1.000,1,0,1,2,3,1,2,2,0.3333333333333333,0.0,1.0,0.5,0.2857142857142857,0.7142857142857143,-1
"F[0,2](HbA1c >= 9.295 -> Pt_A1cGoalLevelDsYr5 = 0.000)
",0.000,-9999999.000,-9999999.000,0.000,1.000,0,1,0,3,3,1,0,4,0.0,1.0,0.0,0.0,0.2857142857142857,0.7142857142857143,-1
"F[1,1](HbA1c >= 8.901 -> Pt_A1cGoalLevelDsYr5 = 0.000)
",0.000,0.000,0.000,0.000,1.000,0,1,0,3,3,1,0,4,0.0,1.0,0.0,0.0,0.2857142857142857,0.7142857142857143,-1
"F[1,2](HbA1c >= 8.890 -> Pt_A1cGoalLevelDsYr5 = 0.000)
",0.000,-9999999.000,-9999999.000,0.000,1.000,0,1,0,3,3,1,0,4,0.0,1.0,0.0,0.0,0.2857142857142857,0.7142857142857143,-1
"F[1,2]((AlbCreatRat_mggNew >= 0.481 | bmiZscore <= 0.773) | Pt_InsGov >= 0.319)
",0.000,-9999999.000,-9999999.000,0.000,1.000,0,1,0,3,3,1,0,4,0.0,1.0,0.0,0.0,0.2857142857142857,0.7142857142857143,-1
"F[0,2](AlbCreatRat_mggNew >= 4.227 | Triglyc <= 313.619)
",0.000,-9999999.000,-9999999.000,0.000,1.000,0,1,0,3,3,1,0,4,0.0,1.0,0.0,0.0,0.2857142857142857,0.7142857142857143,-1
"F[0,0](((BUN <= 25.210 | WeightKg <= 63.833) | HbA1c <= 60.384) & BGTestAvgNumPtRep <= 67.123)
",2.000,63.833,61.833,0.000,1.000,0,1,0,3,3,1,0,4,0.0,1.0,0.0,0.0,0.2857142857142857,0.7142857142857143,-1
"F[0,1](((LDL >= 45.154 | Triglyc <= 231.279) -> Pt_A1cGoalLev >= 116.644) -> bmiPerc <= 157.312)
",0.000,-9999999.000,-9999999.000,0.000,1.000,0,1,0,3,3,1,0,4,0.0,1.0,0.0,0.0,0.2857142857142857,0.7142857142857143,-1
"F[0,2](((bmiPerc <= 0.846 -> Triglyc <= 300.707) -> BldPrDia <= 138.337) -> NumPumpBolusOrShortAct <= 311.803)
",0.000,-9999999.000,-9999999.000,0.000,1.000,0,1,0,3,3,1,0,4,0.0,1.0,0.0,0.0,0.2857142857142857,0.7142857142857143,-1
"F[0,1](HbA1c >= 9.141 -> Pt_A1cGoalLevelDsYr5 = 0.000)
",0.000,-9999999.000,-9999999.000,0.000,1.000,0,1,0,3,3,1,0,4,0.0,1.0,0.0,0.0,0.2857142857142857,0.7142857142857143,-1
"F[0,2](Pt_DKAFlg <= 0.860 | WeightKg <= 60.419)
",0.000,-9999999.000,-9999999.000,0.000,1.000,0,1,0,3,3,1,0,4,0.0,1.0,0.0,0.0,0.2857142857142857,0.7142857142857143,-1
"((BGTestAvgNumMeter >= 0.614) U[0,2] (BGTestAvgNumPtRep <= 3.494))
",0.000,-9999999.000,-9999999.000,0.000,1.000,0,1,0,3,3,1,0,4,0.0,1.0,0.0,0.0,0.2857142857142857,0.7142857142857143,-1
"F[0,1]((LDL <= 86.104 | BUN >= 1.819) -> NumPumpBolusOrShortAct <= 25.630)
",0.000,-9999999.000,-9999999.000,0.000,1.000,0,1,0,3,3,1,0,4,0.0,1.0,0.0,0.0,0.2857142857142857,0.7142857142857143,-1
"((UnitsInsBasalOrLongAct >= 5.348) U[0,2] (Pt_DKAFlg <= 0.932))
",0.000,-9999999.000,-9999999.000,0.000,1.000,0,1,0,3,3,1,0,4,0.0,1.0,0.0,0.0,0.2857142857142857,0.7142857142857143,-1
"F[0,2](HeightCm <= 163.693 -> WeightKg >= 52.152)
",0.000,-9999999.000,-9999999.000,0.000,1.000,0,1,0,3,3,1,0,4,0.0,1.0,0.0,0.0,0.2857142857142857,0.7142857142857143,-1
"((BldPrSys <= 130.065) U[0,1] (BGTestAvgNumMeter >= 0.865))
",0.000,-9999999.000,-9999999.000,0.000,1.000,1,0,1,2,3,1,2,2,0.3333333333333333,0.0,1.0,0.5,0.2857142857142857,0.7142857142857143,-1
"((HbA1cImputeDtMnC <= 68.332) U[1,2] (WeightKg <= 57.660))
",0.000,-9999999.000,-9999999.000,0.000,1.000,0,1,0,3,3,1,0,4,0.0,1.0,0.0,0.0,0.2857142857142857,0.7142857142857143,-1
"((TotalDailyInsPerKg <= 0.954) U[0,1] (TSH <= 2.719))
",0.000,-9999999.000,-9999999.000,0.000,1.000,0,1,0,3,3,1,0,4,0.0,1.0,0.0,0.0,0.2857142857142857,0.7142857142857143,-1
"F[0,1](BUN <= 21.630 & Pt_InsGov >= 0.292)
",0.000,-9999999.000,-9999999.000,0.000,1.000,1,0,1,2,3,1,2,2,0.3333333333333333,0.0,1.0,0.5,0.2857142857142857,0.7142857142857143,-1
"F[1,2](HbA1c >= 8.448 -> Pt_A1cGoalLevelDsYr5 = 0.000)
",0.000,-9999999.000,-9999999.000,0.000,1.000,0,1,0,3,3,1,0,4,0.0,1.0,0.0,0.0,0.2857142857142857,0.7142857142857143,-1
"F[0,2]((TotChol >= 75.634 -> TSH <= 3.453) | diabDur >= 1.208)
",0.000,-9999999.000,-9999999.000,0.000,1.000,0,1,0,3,3,1,0,4,0.0,1.0,0.0,0.0,0.2857142857142857,0.7142857142857143,-1
"((HDL <= 45.607) U[0,1] (age >= 11.103))
",0.000,-9999999.000,-9999999.000,0.000,1.000,0,1,0,3,3,1,0,4,0.0,1.0,0.0,0.0,0.2857142857142857,0.7142857142857143,-1
"F[1,1]((BldPrDia >= 56.630 & Pt_SHFlg >= 0.002) & TotChol >= 0.124)
",0.000,-56.630,-56.630,0.000,1.000,1,0,1,2,3,1,2,2,0.3333333333333333,0.0,1.0,0.5,0.2857142857142857,0.7142857142857143,-1
"F[0,0](((age <= 16.130 -> GFR >= 0.000) | AlbCreatRat_mggNew >= 0.000) -> Pt_ChildT1D >= 0.000)
",0.000,0.000,0.000,0.000,1.000,0,1,0,3,3,1,0,4,0.0,1.0,0.0,0.0,0.2857142857142857,0.7142857142857143,-1
"F[0,1](Pt_ChildT1D <= 0.000 & bmiZscore >= 0.388)
",0.000,-9999999.000,-9999999.000,0.000,1.000,0,1,0,3,3,1,0,4,0.0,1.0,0.0,0.0,0.2857142857142857,0.7142857142857143,-1
"F[0,1](((bmiZscore <= 0.985 | HbA1c <= 9.525) & BldPrDia >= 8.826) | Pt_FatherT1D <= 10.563)
",0.000,-9999999.000,-9999999.000,0.000,1.000,0,1,0,3,3,1,0,4,0.0,1.0,0.0,0.0,0.2857142857142857,0.7142857142857143,-1
"F[0,2](((Pt_MotherT1D >= 0.000 -> Pt_ChildT1D >= 0.000) & HDL <= 0.000) -> Pt_DKAFlg <= 0.000)
",0.000,-9999999.000,-9999999.000,0.000,1.000,0,1,0,3,3,1,0,4,0.0,1.0,0.0,0.0,0.2857142857142857,0.7142857142857143,-1
"F[0,1](((Pt_GrandparentT1D >= 0.000 & TotChol >= 87.683) | bmiPerc >= 95.108) | bmi <= 170.955)
",0.000,-9999999.000,-9999999.000,0.000,1.000,0,1,0,3,3,1,0,4,0.0,1.0,0.0,0.0,0.2857142857142857,0.7142857142857143,-1
"((TotChol <= 216.575) U[0,1] (AutonomicNeuroCl >= 0.000))
",0.000,-9999999.000,-9999999.000,0.000,1.000,0,1,0,3,3,1,0,4,0.0,1.0,0.0,0.0,0.2857142857142857,0.7142857142857143,-1
"F[0,1]((diagAgeCombo <= 1.000 & Pt_A1cGoalLevelDsYr5 <= 0.000) | NumPumpBolusOrShortAct <= 0.000)
",0.000,-9999999.000,-9999999.000,0.000,1.000,0,1,0,3,3,1,0,4,0.0,1.0,0.0,0.0,0.2857142857142857,0.7142857142857143,-1
"((BUN <= 8.805) U[1,2] (BGTestAvgNumMeter <= 1.439))
",0.000,-9999999.000,-9999999.000,0.000,1.000,0,1,0,3,3,1,0,4,0.0,1.0,0.0,0.0,0.2857142857142857,0.7142857142857143,-1
"F[0,1](((DirectLDL >= 0.036 | BGTestAvgNumPtRep >= 2.061) -> TotalDailyInsPerKg >= 2.548) & NumPumpBolusOrShortAct <= 3.555)
",0.000,-9999999.000,-9999999.000,0.000,1.000,1,0,1,2,3,1,2,2,0.3333333333333333,0.0,1.0,0.5,0.2857142857142857,0.7142857142857143,-1
"F[1,2]((Pt_InsGov >= 0.173 | SMBGperDayPtMeterCombo >= 1.051) -> BldPrDia >= 0.868)
",0.000,-9999999.000,-9999999.000,0.000,1.000,0,1,0,3,3,1,0,4,0.0,1.0,0.0,0.0,0.2857142857142857,0.7142857142857143,-1
"F[0,2](HeightCm >= 156.995 -> HeightCm >= 147.440)
",0.000,-9999999.000,-9999999.000,0.000,1.000,0,1,0,3,3,1,0,4,0.0,1.0,0.0,0.0,0.2857142857142857,0.7142857142857143,-1
"F[1,2](((BGTestAvgNumMeter <= 2.362 & BGTestAvgNumPtRep >= 2.032) -> bmi >= 2.524) | NumPumpBolusOrShortAct >= 0.710)
",0.000,-9999999.000,-9999999.000,0.000,1.000,0,1,0,3,3,1,0,4,0.0,1.0,0.0,0.0,0.2857142857142857,0.7142857142857143,-1
"F[1,2]((BGTestAvgNumPtRep >= 0.814 -> Pt_SHFlg >= 0.165) | HeightCm >= 0.076)
",0.000,-9999999.000,-9999999.000,0.000,1.000,0,1,0,3,3,1,0,4,0.0,1.0,0.0,0.0,0.2857142857142857,0.7142857142857143,-1
"F[1,2](((diabDur <= 13.271 | Pt_DKAFlg >= 0.006) -> bmiZscore >= 0.005) | Pt_DKAFlg >= 0.138)
",0.000,-9999999.000,-9999999.000,0.000,1.000,0,1,0,3,3,1,0,4,0.0,1.0,0.0,0.0,0.2857142857142857,0.7142857142857143,-1
"F[1,2](Pt_SiblingT1D > 0.000 -> Pt_SHFlg = 0.044)
",0.000,-9999999.000,-9999999.000,0.000,1.000,0,1,0,3,3,1,0,4,0.0,1.0,0.0,0.0,0.2857142857142857,0.7142857142857143,-1
"F[1,2](bmi <= 22.000 & WeightKg <= 68.995)
",0.000,-9999999.000,-9999999.000,0.000,1.000,0,1,0,3,3,1,0,4,0.0,1.0,0.0,0.0,0.2857142857142857,0.7142857142857143,-1
"F[0,2](((AlbCreatRat_mggNew >= 4.663 & Pt_DKAFlg >= 0.024) -> Pt_A1cGoalLev <= 0.659) | Pt_GrandchildT1D <= 0.433)
",0.000,-9999999.000,-9999999.000,0.000,1.000,0,1,0,3,3,1,0,4,0.0,1.0,0.0,0.0,0.2857142857142857,0.7142857142857143,-1
"F[0,0](((Pt_FatherT1D >= 0.243 & TSH >= 1.243) | HbA1cImputeDtMnC <= 2.057) -> GFR <= 2.413)
",21.071,-2.179,-4.757,0.000,1.000,0,1,0,3,3,1,0,4,0.0,1.0,0.0,0.0,0.2857142857142857,0.7142857142857143,-1
"F[0,0]((bmiPerc <= 0.783 & HDL >= 18.466) | bmi >= 11.204)
",-1.000,-11.204,-10.204,0.000,1.000,0,1,0,3,3,1,0,4,0.0,1.0,0.0,0.0,0.2857142857142857,0.7142857142857143,-1
"F[0,2](bmi >= 19.306 -> Pt_SHFlg = 0.852)
",0.000,-9999999.000,-9999999.000,0.000,1.000,0,1,0,3,3,1,0,4,0.0,1.0,0.0,0.0,0.2857142857142857,0.7142857142857143,-1
"((bmiZscore >= 0.392) U[0,2] (Pt_FatherT1D <= 0.498))
",0.000,-9999999.000,-9999999.000,0.000,1.000,0,1,0,3,3,1,0,4,0.0,1.0,0.0,0.0,0.2857142857142857,0.7142857142857143,-1
"((Pt_FatherT1D >= 0.211) U[0,0] (SMBGperDayPtMeterCombo >= 1.221))
",-1.200,61.779,73.779,0.000,1.000,1,0,1,2,3,1,2,2,0.3333333333333333,0.0,1.0,0.5,0.2857142857142857,0.7142857142857143,-1
"F[0,0](WeightKg < 60.783 -> Pt_SHFlg = 0.126)
",-2.000,-60.783,-58.783,0.000,1.000,1,0,1,2,3,1,2,2,0.3333333333333333,0.0,1.0,0.5,0.2857142857142857,0.7142857142857143,-1
"F[1,1](((HDL <= 47.375 & UnitsInsBasalOrLongAct <= 27.186) & age <= 25.711) -> Pt_A1cGoalLev >= 10.164)
",0.000,-25.711,-25.711,0.000,1.000,0,1,0,3,3,1,0,4,0.0,1.0,0.0,0.0,0.2857142857142857,0.7142857142857143,-1
"F[0,1]((BGTestAvgNumMeter >= 0.647 & TSH <= 3.026) | AlbCreatRat_mggNew <= 2.240)
",0.000,-9999999.000,-9999999.000,0.000,1.000,1,0,1,2,3,1,2,2,0.3333333333333333,0.0,1.0,0.5,0.2857142857142857,0.7142857142857143,-1
"F[1,2](DirectLDL >= 0.140 & UnitsInsBasalOrLongAct >= 2.826)
",0.000,-9999999.000,-9999999.000,0.000,1.000,0,1,0,3,3,1,0,4,0.0,1.0,0.0,0.0,0.2857142857142857,0.7142857142857143,-1
"((LDL >= 36.337) U[0,1] (Pt_DKAFlg <= 0.635))
",0.000,-9999999.000,-9999999.000,0.000,1.000,0,1,0,3,3,1,0,4,0.0,1.0,0.0,0.0,0.2857142857142857,0.7142857142857143,-1
"F[0,2]((BUN <= 27.253 & TotChol >= 54.746) -> Triglyc <= 171.792)
",0.000,-9999999.000,-9999999.000,0.000,1.000,0,1,0,3,3,1,0,4,0.0,1.0,0.0,0.0,0.2857142857142857,0.7142857142857143,-1
"((bmiZscore >= 0.029) U[1,2] (Pt_A1cGoalLev <= 5.259))
",0.000,-9999999.000,-9999999.000,0.000,1.000,0,1,0,3,3,1,0,4,0.0,1.0,0.0,0.0,0.2857142857142857,0.7142857142857143,-1
"F[0,1]((BGTestAvgNumPtRep >= 0.179 -> BldPrDia >= 57.109) & HbA1c <= 73.513)
",0.000,-9999999.000,-9999999.000,0.000,1.000,0,1,0,3,3,1,0,4,0.0,1.0,0.0,0.0,0.2857142857142857,0.7142857142857143,-1
"F[0,2]((TotChol <= 201.002 & WeightKg >= 42.160) | TotalDailyInsPerKg >= 47.646)
",0.000,-9999999.000,-9999999.000,0.000,1.000,0,1,0,3,3,1,0,4,0.0,1.0,0.0,0.0,0.2857142857142857,0.7142857142857143,-1
"F[0,2](((Pt_CGMUseNumDays <= 11.236 -> Pt_DKAFlg >= 0.101) & BGTestAvgNumMeter <= 0.966) | Pt_DKAFlg <= 0.580)
",0.000,-9999999.000,-9999999.000,0.000,1.000,0,1,0,3,3,1,0,4,0.0,1.0,0.0,0.0,0.2857142857142857,0.7142857142857143,-1
"F[0,2](BGTestAvgNumPtRep >= 0.816 -> Pt_InsGov <= 0.698)
",0.000,-9999999.000,-9999999.000,0.000,1.000,0,1,0,3,3,1,0,4,0.0,1.0,0.0,0.0,0.2857142857142857,0.7142857142857143,-1
"F[1,2](HDL >= 27.219 -> Pt_ChildT1D <= 0.000)
",0.000,-9999999.000,-9999999.000,0.000,1.000,0,1,0,3,3,1,0,4,0.0,1.0,0.0,0.0,0.2857142857142857,0.7142857142857143,-1
"((Pt_InsGov <= 0.999) U[0,1] (GFR >= 0.000))
",0.000,-9999999.000,-9999999.000,0.000,1.000,0,1,0,3,3,1,0,4,0.0,1.0,0.0,0.0,0.2857142857142857,0.7142857142857143,-1
"((Pt_A1cGoalLevelDsYr5 >= 0.000) U[0,1] (SMBGperDayPtMeterCombo <= 3.970))
",0.000,-9999999.000,-9999999.000,0.000,1.000,0,1,0,3,3,1,0,4,0.0,1.0,0.0,0.0,0.2857142857142857,0.7142857142857143,-1
"F[1,2](((Pt_ChildT1D >= 0.000 -> HDL <= 46.633) & Pt_CGMUseNumDays <= 44.485) -> bmiPerc <= 59.501)
",0.000,-9999999.000,-9999999.000,0.000,1.000,0,1,0,3,3,1,0,4,0.0,1.0,0.0,0.0,0.2857142857142857,0.7142857142857143,-1
"((bmi <= 23.765) U[0,1] (HeightCm >= 154.961))
",0.000,-9999999.000,-9999999.000,0.000,1.000,0,1,0,3,3,1,0,4,0.0,1.0,0.0,0.0,0.2857142857142857,0.7142857142857143,-1
"F[0,1](((HbA1c >= 9.356 -> WeightKg >= 43.539) -> diagAgeCombo >= 40.563) -> Pt_InsGov >= 44.168)
",0.000,-9999999.000,-9999999.000,0.000,1.000,0,1,0,3,3,1,0,4,0.0,1.0,0.0,0.0,0.2857142857142857,0.7142857142857143,-1
"F[0,0](((Pt_CGMUseNumDays >= 3.662 -> BGTestAvgNumMeter <= 2.407) | bmi >= 0.546) | TSH >= 0.045)
",-6.000,-0.045,5.955,0.000,1.000,0,1,0,3,3,1,0,4,0.0,1.0,0.0,0.0,0.2857142857142857,0.7142857142857143,-1
"((GFR >= 0.000) U[1,2] (Pt_A1cGoalLevelDsYr5 <= 0.000))
",0.000,-9999999.000,-9999999.000,0.000,1.000,0,1,0,3,3,1,0,4,0.0,1.0,0.0,0.0,0.2857142857142857,0.7142857142857143,-1
"F[0,2](((diagAgeCombo <= 1.000 & Pt_A1cGoalLev >= 0.468) & diabDur >= 0.253) -> SMBGperDayPtMeterCombo >= 0.070)
",0.000,-9999999.000,-9999999.000,0.000,1.000,0,1,0,3,3,1,0,4,0.0,1.0,0.0,0.0,0.2857142857142857,0.7142857142857143,-1
"((Triglyc <= 251.375) U[0,2] (HeightCm >= 160.506))
",0.000,-9999999.000,-9999999.000,0.000,1.000,0,1,0,3,3,1,0,4,0.0,1.0,0.0,0.0,0.2857142857142857,0.7142857142857143,-1
"F[0,0](Pt_GrandparentT1D <= 0.000 | Triglyc <= 294.729)
",-5.522,104.229,294.729,0.000,1.000,0,1,0,3,3,1,0,4,0.0,1.0,0.0,0.0,0.2857142857142857,0.7142857142857143,-1
"F[1,2](age <= 15.463 & BldPrSys >= 108.508)
",0.000,-9999999.000,-9999999.000,0.000,1.000,0,1,0,3,3,1,0,4,0.0,1.0,0.0,0.0,0.2857142857142857,0.7142857142857143,-1
"F[0,2]((NumPumpBolusOrShortAct <= 0.000 | Pt_ChildT1D >= 0.000) & BldPrSys >= 0.000)
",0.000,-9999999.000,-9999999.000,0.000,1.000,0,1,0,3,3,1,0,4,0.0,1.0,0.0,0.0,0.2857142857142857,0.7142857142857143,-1
"((Pt_InsGov >= 0.070) U[0,1] (Pt_A1cGoalLev >= 0.936))
",0.000,-9999999.000,-9999999.000,0.000,1.000,1,0,1,2,3,1,2,2,0.3333333333333333,0.0,1.0,0.5,0.2857142857142857,0.7142857142857143,-1
"F[0,0](((HeightCm >= 148.737 & Triglyc <= 283.346) -> WeightKg <= 300.209) -> AutonomicNeuroCl <= 259.021)
",-3.250,-250.421,-249.121,0.000,1.000,0,1,0,3,3,1,0,4,0.0,1.0,0.0,0.0,0.2857142857142857,0.7142857142857143,-1
"F[1,2](((TotalDailyInsPerKg <= 1.391 | Pt_SiblingT1D >= 0.000) -> LDL >= 0.000) | Pt_ChildT1D >= 0.000)
",0.000,-9999999.000,-9999999.000,0.000,1.000,0,1,0,3,3,1,0,4,0.0,1.0,0.0,0.0,0.2857142857142857,0.7142857142857143,-1
"((BGTestAvgNumPtRep >= 1.861) U[1,2] (Pt_A1cGoalLevelDsYr5 >= 0.000))
",0.000,-9999999.000,-9999999.000,0.000,1.000,1,0,1,2,3,1,2,2,0.3333333333333333,0.0,1.0,0.5,0.2857142857142857,0.7142857142857143,-1
"F[0,0]((LDL <= 83.622 & bmiZscore <= 0.744) -> AutonomicNeuroCl >= 0.273)
",3.250,-8.327,-9.627,0.000,1.000,0,1,0,3,3,1,0,4,0.0,1.0,0.0,0.0,0.2857142857142857,0.7142857142857143,-1
"F[1,1](BGTestAvgNumMeter <= 1.709 | Pt_DKAFlg <= 0.842)
",0.000,1.709,1.709,0.000,1.000,0,1,0,3,3,1,0,4,0.0,1.0,0.0,0.0,0.2857142857142857,0.7142857142857143,-1
"F[1,1]((Pt_InsGov <= 0.762 | HbA1cImputeDtMnC <= 63.220) | BldPrDia <= 58.161)
",0.000,63.220,63.220,0.000,1.000,0,1,0,3,3,1,0,4,0.0,1.0,0.0,0.0,0.2857142857142857,0.7142857142857143,-1
"F[0,1]((bmi >= 19.328 & GFR >= 0.000) -> BGTestAvgNumPtRep >= 0.000)
",0.000,-9999999.000,-9999999.000,0.000,1.000,0,1,0,3,3,1,0,4,0.0,1.0,0.0,0.0,0.2857142857142857,0.7142857142857143,-1
"F[0,2](TotalDailyInsPerKg >= 0.031 -> DirectLDL >= 0.567)
",0.000,-9999999.000,-9999999.000,0.000,1.000,0,1,0,3,3,1,0,4,0.0,1.0,0.0,0.0,0.2857142857142857,0.7142857142857143,-1
"((AlbCreatRat_mggNew >= 4.073) U[0,2] (bmiPerc >= 0.589))
",0.000,-9999999.000,-9999999.000,0.000,1.000,0,1,0,3,3,1,0,4,0.0,1.0,0.0,0.0,0.2857142857142857,0.7142857142857143,-1
"F[0,1]((Pt_MotherT1D >= 0.000 & Pt_MotherT1D >= 0.000) | HeightCm <= 0.000)
",0.000,-9999999.000,-9999999.000,0.000,1.000,0,1,0,3,3,1,0,4,0.0,1.0,0.0,0.0,0.2857142857142857,0.7142857142857143,-1
"((BGTestAvgNumMeter >= 1.144) U[0,2] (BGTestAvgNumPtRep <= 3.505))
",0.000,-9999999.000,-9999999.000,0.000,1.000,0,1,0,3,3,1,0,4,0.0,1.0,0.0,0.0,0.2857142857142857,0.7142857142857143,-1
"F[1,2]((HDL >= 36.979 | Triglyc >= 37.145) | TSH <= 165.996)
",0.000,-9999999.000,-9999999.000,0.000,1.000,0,1,0,3,3,1,0,4,0.0,1.0,0.0,0.0,0.2857142857142857,0.7142857142857143,-1
"F[0,2](((AutonomicNeuroCl >= 0.000 -> Pt_A1cGoalLev >= 0.825) | TotalDailyInsPerKg >= 0.860) -> UnitsInsBasalOrLongAct >= 0.575)
",0.000,-9999999.000,-9999999.000,0.000,1.000,0,1,0,3,3,1,0,4,0.0,1.0,0.0,0.0,0.2857142857142857,0.7142857142857143,-1
"F[1,1]((Pt_MotherT1D >= 0.000 | TotalDailyInsPerKg <= 0.624) -> BldPrDia >= 0.123)
",0.000,-0.624,-0.624,0.000,1.000,0,1,0,3,3,1,0,4,0.0,1.0,0.0,0.0,0.2857142857142857,0.7142857142857143,-1
"((BUN <= 21.826) U[1,2] (diagAgeCombo <= 1.000))
",0.000,-9999999.000,-9999999.000,0.000,1.000,0,1,0,3,3,1,0,4,0.0,1.0,0.0,0.0,0.2857142857142857,0.7142857142857143,-1
"F[0,2]((Pt_SiblingT1D <= 0.000 -> BGTestAvgNumMeter <= 1.347) | Pt_GrandchildT1D <= 2.349)
",0.000,-9999999.000,-9999999.000,0.000,1.000,0,1,0,3,3,1,0,4,0.0,1.0,0.0,0.0,0.2857142857142857,0.7142857142857143,-1
"F[0,2](((Pt_InsGov <= 0.514 -> Pt_ChildT1D <= 0.000) & WeightKg <= 0.000) | HDL >= 0.000)
",0.000,-9999999.000,-9999999.000,0.000,1.000,0,1,0,3,3,1,0,4,0.0,1.0,0.0,0.0,0.2857142857142857,0.7142857142857143,-1
"F[0,2](((LDL >= 54.556 -> TSH >= 0.775) & Pt_SiblingT1D >= 0.384) -> diagAgeCombo <= 2.085)
",0.000,-9999999.000,-9999999.000,0.000,1.000,0,1,0,3,3,1,0,4,0.0,1.0,0.0,0.0,0.2857142857142857,0.7142857142857143,-1
"((BGTestAvgNumMeter >= 0.040) U[0,2] (diagAgeCombo >= 1.000))
",0.000,-9999999.000,-9999999.000,0.000,1.000,0,1,0,3,3,1,0,4,0.0,1.0,0.0,0.0,0.2857142857142857,0.7142857142857143,-1
"F[1,1](((bmi <= 20.972 -> TotChol <= 149.739) & HDL <= 170.906) | Pt_SHFlg <= 220.898)
",0.000,220.898,220.898,0.000,1.000,0,1,0,3,3,1,0,4,0.0,1.0,0.0,0.0,0.2857142857142857,0.7142857142857143,-1
"F[0,1]((Pt_CGMUseNumDays >= 1.486 -> Pt_MotherT1D >= 0.000) -> Pt_GrandparentT1D >= 0.000)
",0.000,-9999999.000,-9999999.000,0.000,1.000,0,1,0,3,3,1,0,4,0.0,1.0,0.0,0.0,0.2857142857142857,0.7142857142857143,-1
"F[0,2]((Pt_A1cGoalLev <= 1.737 | Pt_GrandparentT1D >= 0.000) | TotalDailyInsPerKg >= 0.000)
",0.000,-9999999.000,-9999999.000,0.000,1.000,0,1,0,3,3,1,0,4,0.0,1.0,0.0,0.0,0.2857142857142857,0.7142857142857143,-1
"((TotChol >= 113.832) U[0,1] (WeightKg >= 39.988))
",0.000,-9999999.000,-9999999.000,0.000,1.000,0,1,0,3,3,1,0,4,0.0,1.0,0.0,0.0,0.2857142857142857,0.7142857142857143,-1
"F[0,1]((BGTestAvgNumPtRep >= 3.060 | TotChol >= 120.078) -> DirectLDL <= 147.124)
",0.000,-9999999.000,-9999999.000,0.000,1.000,0,1,0,3,3,1,0,4,0.0,1.0,0.0,0.0,0.2857142857142857,0.7142857142857143,-1
"F[1,2](((UnitsInsBasalOrLongAct <= 31.306 | diagAgeCombo >= 1.000) -> HbA1cImputeDtMnC <= 1.000) -> Pt_MotherT1D >= 1.000)
",0.000,-9999999.000,-9999999.000,0.000,1.000,0,1,0,3,3,1,0,4,0.0,1.0,0.0,0.0,0.2857142857142857,0.7142857142857143,-1
"((BUN <= 14.972) U[0,2] (AutonomicNeuroCl <= 0.000))
",0.000,-9999999.000,-9999999.000,0.000,1.000,0,1,0,3,3,1,0,4,0.0,1.0,0.0,0.0,0.2857142857142857,0.7142857142857143,-1
"F[1,2](age >= 11.167 & Pt_FatherT1D <= 0.493)
",0.000,-9999999.000,-9999999.000,0.000,1.000,0,1,0,3,3,1,0,4,0.0,1.0,0.0,0.0,0.2857142857142857,0.7142857142857143,-1
"F[1,2]((diagAgeCombo <= 1.000 & NumPumpBolusOrShortAct <= 0.000) -> AutonomicNeuroCl <= 0.000)
",0.000,-9999999.000,-9999999.000,0.000,1.000,0,1,0,3,3,1,0,4,0.0,1.0,0.0,0.0,0.2857142857142857,0.7142857142857143,-1
"F[0,2]((bmiPerc <= 0.686 -> HeightCm <= 165.053) -> HDL <= 166.032)
",0.000,-9999999.000,-9999999.000,0.000,1.000,0,1,0,3,3,1,0,4,0.0,1.0,0.0,0.0,0.2857142857142857,0.7142857142857143,-1
"F[1,2](((Pt_ChildT1D <= 0.000 & Pt_GrandchildT1D >= 0.000) | AutonomicNeuroCl <= 0.000) | HeightCm <= 0.000)
",0.000,-9999999.000,-9999999.000,0.000,1.000,0,1,0,3,3,1,0,4,0.0,1.0,0.0,0.0,0.2857142857142857,0.7142857142857143,-1
"F[1,2](BldPrDia >= 69.309 | bmiZscore <= 0.731)
",0.000,-9999999.000,-9999999.000,0.000,1.000,0,1,0,3,3,1,0,4,0.0,1.0,0.0,0.0,0.2857142857142857,0.7142857142857143,-1
"G[0,1](((BGTestAvgNumPtRep <= 3.387 | Pt_DKAFlg >= 0.112) | WeightKg >= 0.094) & LDL >= 0.094)
",0.000,9999999.000,9999999.000,1.000,0.000,1,0,1,2,3,1,2,2,0.3333333333333333,0.0,1.0,0.5,0.2857142857142857,0.7142857142857143,1
"G[0,0](((BldPrSys <= 131.579 | TotChol <= 197.907) & HbA1cImputeDtMnC >= 1.124) & Pt_SHFlg >= 8.980)
",0.000,-1.124,-1.124,1.000,0.000,0,1,0,3,3,1,0,4,0.0,1.0,0.0,0.0,0.2857142857142857,0.7142857142857143,1
"G[0,2](SMBGperDayPtMeterCombo >= 0.707 & BGTestAvgNumPtRep >= 2.256)
",0.000,9999999.000,9999999.000,1.000,0.000,0,1,2,1,1,3,2,2,0.0,0.3333333333333333,0.6666666666666666,0.0,0.2857142857142857,0.7142857142857143,1
"G[1,2]((WeightKg >= 42.793 | bmi >= 18.232) -> UnitsInsBasalOrLongAct <= 27.120)
",0.000,9999999.000,9999999.000,1.000,0.000,0,1,2,1,1,3,2,2,0.0,0.3333333333333333,0.6666666666666666,0.0,0.2857142857142857,0.7142857142857143,1
"G[0,1](GFR <= 0.000 -> BUN >= 1.597)
",0.000,9999999.000,9999999.000,1.000,0.000,0,1,0,3,3,1,0,4,0.0,1.0,0.0,0.0,0.2857142857142857,0.7142857142857143,1
"G[1,2]((WeightKg >= 51.493 | bmi >= 18.540) -> UnitsInsBasalOrLongAct <= 23.318)
",0.000,9999999.000,9999999.000,1.000,0.000,0,1,2,1,1,3,2,2,0.0,0.3333333333333333,0.6666666666666666,0.0,0.2857142857142857,0.7142857142857143,1
"G[0,0](GFR <= 0.000 -> BUN >= 2.058)
",-1.587,-182.442,0.801,1.000,0.000,0,1,0,3,3,1,0,4,0.0,1.0,0.0,0.0,0.2857142857142857,0.7142857142857143,1
"G[1,2](GFR <= 0.000 -> BUN >= 3.269)
",0.000,9999999.000,9999999.000,1.000,0.000,0,1,2,1,1,3,2,2,0.0,0.3333333333333333,0.6666666666666666,0.0,0.2857142857142857,0.7142857142857143,1
"G[0,0](GFR <= 0.000 -> BUN >= 3.432)
",-1.575,-181.068,0.801,1.000,0.000,0,1,0,3,3,1,0,4,0.0,1.0,0.0,0.0,0.2857142857142857,0.7142857142857143,1
"G[0,1](GFR <= 0.000 -> BUN >= 2.712)
",0.000,9999999.000,9999999.000,1.000,0.000,0,1,0,3,3,1,0,4,0.0,1.0,0.0,0.0,0.2857142857142857,0.7142857142857143,1
"G[0,0](((Pt_InsGov <= 0.903 & TotChol <= 141.209) -> UnitsInsBasalOrLongAct <= 137.567) & bmiZscore >= 80.860)
",1.471,-125.067,-137.567,1.000,0.000,0,1,0,3,3,1,0,4,0.0,1.0,0.0,0.0,0.2857142857142857,0.7142857142857143,1
"G[1,2](GFR <= 0.000 -> BUN >= 2.851)
",0.000,9999999.000,9999999.000,1.000,0.000,0,1,2,1,1,3,2,2,0.0,0.3333333333333333,0.6666666666666666,0.0,0.2857142857142857,0.7142857142857143,1
"G[0,1](GFR <= 0.000 -> BUN >= 1.397)
",0.000,9999999.000,9999999.000,1.000,0.000,0,1,0,3,3,1,0,4,0.0,1.0,0.0,0.0,0.2857142857142857,0.7142857142857143,1
"G[0,2]((WeightKg >= 55.072 | bmi >= 19.068) -> UnitsInsBasalOrLongAct <= 19.435)
",0.000,9999999.000,9999999.000,1.000,0.000,0,1,1,2,2,2,1,3,0.0,0.5,0.5,0.0,0.2857142857142857,0.7142857142857143,1
"G[0,2](SMBGperDayPtMeterCombo >= 0.282 & BGTestAvgNumPtRep >= 1.314)
",0.000,9999999.000,9999999.000,1.000,0.000,0,1,2,1,1,3,2,2,0.0,0.3333333333333333,0.6666666666666666,0.0,0.2857142857142857,0.7142857142857143,1
"G[0,2]((WeightKg >= 52.183 | bmi >= 20.092) -> UnitsInsBasalOrLongAct <= 28.685)
",0.000,9999999.000,9999999.000,1.000,0.000,0,1,1,2,2,2,1,3,0.0,0.5,0.5,0.0,0.2857142857142857,0.7142857142857143,1
"G[0,1]((diagAgeCombo >= 1.000 & LDL >= 40.437) & SMBGperDayPtMeterCombo <= 71.004)
",0.000,9999999.000,9999999.000,1.000,0.000,1,0,1,2,3,1,2,2,0.3333333333333333,0.0,1.0,0.5,0.2857142857142857,0.7142857142857143,1
"G[0,1](((diagAgeCombo >= 1.000 & HbA1c <= 10.032) | age >= 8.924) & HbA1cImputeDtMnC >= 9.154)
",0.000,9999999.000,9999999.000,1.000,0.000,1,0,2,1,2,2,3,1,0.5,0.0,1.0,0.3333333333333333,0.2857142857142857,0.7142857142857143,1
"G[1,2](TSH >= 0.335 -> Pt_SHFlg = 0.066)
",0.000,9999999.000,9999999.000,1.000,0.000,0,1,3,0,0,4,3,1,0.0,0.25,0.75,0.0,0.2857142857142857,0.7142857142857143,1
"G[0,2](((bmiPerc >= 0.477 & WeightKg <= 60.198) & Pt_GrandchildT1D >= 41.026) & SMBGperDayPtMeterCombo >= 48.497)
",0.000,9999999.000,9999999.000,1.000,0.000,0,1,0,3,3,1,0,4,0.0,1.0,0.0,0.0,0.2857142857142857,0.7142857142857143,1
"G[0,2](Pt_A1cGoalLev >= 0.832 & bmiPerc <= 0.776)
",0.000,9999999.000,9999999.000,1.000,0.000,0,1,0,3,3,1,0,4,0.0,1.0,0.0,0.0,0.2857142857142857,0.7142857142857143,1
"G[1,2]((bmiZscore >= -0.029 | LDL <= 73.933) -> Triglyc <= 64.699)
",0.000,9999999.000,9999999.000,1.000,0.000,0,1,2,1,1,3,2,2,0.0,0.3333333333333333,0.6666666666666666,0.0,0.2857142857142857,0.7142857142857143,1
"G[1,2]((diabDur >= 11.032 -> HeightCm >= 147.706) -> BGTestAvgNumMeter >= 151.641)
",0.000,9999999.000,9999999.000,1.000,0.000,0,1,1,2,2,2,1,3,0.0,0.5,0.5,0.0,0.2857142857142857,0.7142857142857143,1
"G[0,2](GFR <= 0.000 -> BUN >= 0.173)
",0.000,9999999.000,9999999.000,1.000,0.000,0,1,0,3,3,1,0,4,0.0,1.0,0.0,0.0,0.2857142857142857,0.7142857142857143,1
"G[1,2](GFR <= 0.000 -> BUN >= 1.717)
",0.000,9999999.000,9999999.000,1.000,0.000,0,1,2,1,1,3,2,2,0.0,0.3333333333333333,0.6666666666666666,0.0,0.2857142857142857,0.7142857142857143,1
"G[0,1](((HbA1cImputeDtMnC >= 6.915 | HeightCm <= 169.319) & BUN >= 159.873) & TotChol <= 165.991)
",0.000,9999999.000,9999999.000,1.000,0.000,0,1,0,3,3,1,0,4,0.0,1.0,0.0,0.0,0.2857142857142857,0.7142857142857143,1
"G[0,2](BUN <= 10.256 & DirectLDL <= 0.886)
",0.000,9999999.000,9999999.000,1.000,0.000,0,1,1,2,2,2,1,3,0.0,0.5,0.5,0.0,0.2857142857142857,0.7142857142857143,1
"G[1,2](Pt_MotherT1D <= 0.000 -> Pt_CGMUseNumDays >= 3.530)
",0.000,9999999.000,9999999.000,1.000,0.000,0,1,1,2,2,2,1,3,0.0,0.5,0.5,0.0,0.2857142857142857,0.7142857142857143,1
"G[1,2]((bmiPerc <= 0.716 -> BUN <= 6.568) & DirectLDL >= 2.570)
",0.000,9999999.000,9999999.000,1.000,0.000,0,1,1,2,2,2,1,3,0.0,0.5,0.5,0.0,0.2857142857142857,0.7142857142857143,1
"G[1,1]((Pt_InsGov <= 0.486 -> Pt_SHFlg >= 0.102) -> TotalDailyInsPerKg <= 0.635)
",0.000,-0.635,-0.635,1.000,0.000,1,0,2,1,2,2,3,1,0.5,0.0,1.0,0.3333333333333333,0.2857142857142857,0.7142857142857143,1
"G[0,1]((bmi >= 20.558 & HbA1c <= 10.140) & Pt_InsGov >= 8.289)
",0.000,9999999.000,9999999.000,1.000,0.000,0,1,0,3,3,1,0,4,0.0,1.0,0.0,0.0,0.2857142857142857,0.7142857142857143,1
"G[0,2](((bmiPerc <= 0.695 -> Pt_A1cGoalLev <= 1.454) -> Pt_MotherT1D >= 0.420) & HbA1cImputeDtMnC >= 0.455)
",0.000,9999999.000,9999999.000,1.000,0.000,0,1,0,3,3,1,0,4,0.0,1.0,0.0,0.0,0.2857142857142857,0.7142857142857143,1
"G[0,2](((bmi >= 19.134 -> LDL >= 45.326) & Pt_GrandchildT1D >= 32.973) & SMBGperDayPtMeterCombo >= 25.694)
",0.000,9999999.000,9999999.000,1.000,0.000,0,1,0,3,3,1,0,4,0.0,1.0,0.0,0.0,0.2857142857142857,0.7142857142857143,1
"G[1,2](((HDL >= 2.004 & WeightKg <= 64.089) -> age <= 59.681) -> HbA1c >= 50.542)
",0.000,9999999.000,9999999.000,1.000,0.000,0,1,1,2,2,2,1,3,0.0,0.5,0.5,0.0,0.2857142857142857,0.7142857142857143,1
"G[1,2]((diabDur >= 10.830 | LDL >= 3.873) & diagAgeCombo >= 45.028)
",0.000,9999999.000,9999999.000,1.000,0.000,0,1,1,2,2,2,1,3,0.0,0.5,0.5,0.0,0.2857142857142857,0.7142857142857143,1
"G[0,2]((BldPrDia >= 56.647 -> SMBGperDayPtMeterCombo >= 0.389) | WeightKg <= 3.914)
",0.000,9999999.000,9999999.000,1.000,0.000,0,1,2,1,1,3,2,2,0.0,0.3333333333333333,0.6666666666666666,0.0,0.2857142857142857,0.7142857142857143,1
"G[1,2]((bmiZscore <= 0.798 & BUN >= 0.134) | bmiPerc >= 3.386)
",0.000,9999999.000,9999999.000,1.000,0.000,0,1,1,2,2,2,1,3,0.0,0.5,0.5,0.0,0.2857142857142857,0.7142857142857143,1
"G[0,0]((DirectLDL >= 0.334 -> HbA1cImputeDtMnC <= 66.297) -> bmiPerc >= 13.111)
",1.734,-7.511,-10.796,1.000,0.000,0,1,0,3,3,1,0,4,0.0,1.0,0.0,0.0,0.2857142857142857,0.7142857142857143,1
"G[0,2](((NumPumpBolusOrShortAct >= 0.000 | TotChol >= 94.701) | Pt_CGMUseNumDays <= 222.045) -> bmiZscore >= 22.822)
",0.000,9999999.000,9999999.000,1.000,0.000,0,1,0,3,3,1,0,4,0.0,1.0,0.0,0.0,0.2857142857142857,0.7142857142857143,1
"G[0,1](LDL >= 42.984 -> Pt_DKAFlg >= 0.062)
",0.000,9999999.000,9999999.000,1.000,0.000,0,1,1,2,2,2,1,3,0.0,0.5,0.5,0.0,0.2857142857142857,0.7142857142857143,1
"G[1,2](((TotChol >= 62.946 | Pt_GrandparentT1D <= 0.000) -> Pt_MotherT1D >= 0.000) & bmiPerc <= 0.000)
",0.000,9999999.000,9999999.000,1.000,0.000,0,1,1,2,2,2,1,3,0.0,0.5,0.5,0.0,0.2857142857142857,0.7142857142857143,1
"G[0,0](((HDL <= 64.760 -> Pt_CGMUseNumDays >= 2.442) & bmiPerc >= 2.739) & Pt_DKAFlg >= 0.302)
",0.000,-1992.558,-1992.558,1.000,0.000,0,1,0,3,3,1,0,4,0.0,1.0,0.0,0.0,0.2857142857142857,0.7142857142857143,1
"G[1,1](bmi <= 21.138 & bmi <= 24.448)
",0.000,21.138,21.138,1.000,0.000,1,0,2,1,2,2,3,1,0.5,0.0,1.0,0.3333333333333333,0.2857142857142857,0.7142857142857143,1
"G[0,1]((Pt_SHFlg >= 0.094 | BldPrSys >= 121.936) & AlbCreatRat_mggNew >= 118.399)
",0.000,9999999.000,9999999.000,1.000,0.000,0,1,0,3,3,1,0,4,0.0,1.0,0.0,0.0,0.2857142857142857,0.7142857142857143,1
"G[0,1]((BldPrSys <= 133.143 | HbA1cImputeDtMnC >= 27.151) & AutonomicNeuroCl >= 24.356)
",0.000,9999999.000,9999999.000,1.000,0.000,0,1,0,3,3,1,0,4,0.0,1.0,0.0,0.0,0.2857142857142857,0.7142857142857143,1
"G[0,1](((HeightCm <= 168.407 -> Pt_InsGov <= 0.555) | BldPrDia >= 0.227) & SMBGperDayPtMeterCombo <= 0.488)
",0.000,9999999.000,9999999.000,1.000,0.000,1,0,1,2,3,1,2,2,0.3333333333333333,0.0,1.0,0.5,0.2857142857142857,0.7142857142857143,1
"G[0,2](BldPrDia >= 53.661 & WeightKg <= 57.707)
",0.000,9999999.000,9999999.000,1.000,0.000,0,1,1,2,2,2,1,3,0.0,0.5,0.5,0.0,0.2857142857142857,0.7142857142857143,1
"G[1,2](((LDL >= 45.570 -> Pt_FatherT1D <= 0.735) -> LDL <= 0.317) | Pt_A1cGoalLevelDsYr5 >= 0.041)
",0.000,9999999.000,9999999.000,1.000,0.000,0,1,3,0,0,4,3,1,0.0,0.25,0.75,0.0,0.2857142857142857,0.7142857142857143,1
"G[0,2](HbA1cImputeDtMnC <= 53.817 -> UnitsInsBasalOrLongAct >= 11.662)
",0.000,9999999.000,9999999.000,1.000,0.000,0,1,2,1,1,3,2,2,0.0,0.3333333333333333,0.6666666666666666,0.0,0.2857142857142857,0.7142857142857143,1
"G[0,2](HbA1c >= 8.573 -> UnitsInsBasalOrLongAct >= 0.777)
",0.000,9999999.000,9999999.000,1.000,0.000,0,1,2,1,1,3,2,2,0.0,0.3333333333333333,0.6666666666666666,0.0,0.2857142857142857,0.7142857142857143,1
"G[0,1](((DirectLDL <= 0.797 | Pt_SHFlg >= 0.059) | BUN <= 0.350) -> DirectLDL <= 0.736)
",0.000,9999999.000,9999999.000,1.000,0.000,0,1,1,2,2,2,1,3,0.0,0.5,0.5,0.0,0.2857142857142857,0.7142857142857143,1
"G[0,1](BldPrDia <= 72.431 & Pt_SHFlg >= 0.283)
",0.000,9999999.000,9999999.000,1.000,0.000,0,1,0,3,3,1,0,4,0.0,1.0,0.0,0.0,0.2857142857142857,0.7142857142857143,1
"G[0,0](BldPrDia <= 74.648 & HeightCm >= 156.857)
",-1.698,-99.607,-88.657,1.000,0.000,1,0,1,2,3,1,2,2,0.3333333333333333,0.0,1.0,0.5,0.2857142857142857,0.7142857142857143,1
"G[0,1]((TotalDailyInsPerKg >= 0.176 -> Triglyc <= 285.087) -> TSH >= 118.282)
",0.000,9999999.000,9999999.000,1.000,0.000,0,1,0,3,3,1,0,4,0.0,1.0,0.0,0.0,0.2857142857142857,0.7142857142857143,1
"G[0,2]((Pt_CGMUseNumDays >= 0.090 | Pt_FatherT1D >= 0.070) | diagAgeCombo <= 0.665)
",0.000,9999999.000,9999999.000,1.000,0.000,0,1,2,1,1,3,2,2,0.0,0.3333333333333333,0.6666666666666666,0.0,0.2857142857142857,0.7142857142857143,1
"G[1,2](((BGTestAvgNumMeter <= 1.514 -> HDL >= 13.039) | bmiPerc >= 29.765) -> BGTestAvgNumPtRep >= 14.375)
",0.000,9999999.000,9999999.000,1.000,0.000,0,1,2,1,1,3,2,2,0.0,0.3333333333333333,0.6666666666666666,0.0,0.2857142857142857,0.7142857142857143,1
"G[1,1](HbA1c <= 10.244 & Pt_DKAFlg <= 0.825)
",0.000,0.825,0.825,1.000,0.000,1,0,2,1,2,2,3,1,0.5,0.0,1.0,0.3333333333333333,0.2857142857142857,0.7142857142857143,1
"G[0,1]((HeightCm <= 164.100 | Pt_A1cGoalLev <= 4.832) -> DirectLDL >= 0.655)
",0.000,9999999.000,9999999.000,1.000,0.000,1,0,1,2,3,1,2,2,0.3333333333333333,0.0,1.0,0.5,0.2857142857142857,0.7142857142857143,1
"G[0,0](((HeightCm >= 151.328 & LDL <= 88.713) & Pt_SiblingT1D >= 25.401) & HeightCm >= 8.250)
",-1.698,-94.078,-83.128,1.000,0.000,0,1,0,3,3,1,0,4,0.0,1.0,0.0,0.0,0.2857142857142857,0.7142857142857143,1
"G[0,2](((bmiZscore >= 0.004 | AlbCreatRat_mggNew >= 1.280) -> bmiZscore >= 5.197) | SMBGperDayPtMeterCombo >= 7.669)
",0.000,9999999.000,9999999.000,1.000,0.000,0,1,0,3,3,1,0,4,0.0,1.0,0.0,0.0,0.2857142857142857,0.7142857142857143,1
"G[0,0]((NumPumpBolusOrShortAct <= 0.000 | Pt_CGMUseNumDays >= 2.998) & BldPrSys <= 21.057)
",0.000,21.057,21.057,1.000,0.000,0,1,0,3,3,1,0,4,0.0,1.0,0.0,0.0,0.2857142857142857,0.7142857142857143,1
"G[1,1](bmi >= 19.269 & Triglyc <= 213.944)
",0.000,-19.269,-19.269,1.000,0.000,1,0,2,1,2,2,3,1,0.5,0.0,1.0,0.3333333333333333,0.2857142857142857,0.7142857142857143,1
"G[1,1](((BldPrDia >= 69.121 -> BUN >= 2.423) | BldPrSys <= 9.796) & TotalDailyInsPerKg <= 24.573)
",0.000,9.796,9.796,1.000,0.000,1,0,2,1,2,2,3,1,0.5,0.0,1.0,0.3333333333333333,0.2857142857142857,0.7142857142857143,1
"G[0,1]((BGTestAvgNumMeter >= 1.142 | LDL >= 0.953) | GFR >= 9.240)
",0.000,9999999.000,9999999.000,1.000,0.000,1,0,2,1,2,2,3,1,0.5,0.0,1.0,0.3333333333333333,0.2857142857142857,0.7142857142857143,1
"G[0,1](((AutonomicNeuroCl >= 0.000 | HDL <= 49.569) | Triglyc >= 36.921) & HDL >= 15.414)
",0.000,9999999.000,9999999.000,1.000,0.000,1,0,1,2,3,1,2,2,0.3333333333333333,0.0,1.0,0.5,0.2857142857142857,0.7142857142857143,1
"G[0,2]((diabDur >= 10.917 | Pt_InsGov <= 0.718) & Pt_GrandparentT1D >= 0.062)
",0.000,9999999.000,9999999.000,1.000,0.000,0,1,0,3,3,1,0,4,0.0,1.0,0.0,0.0,0.2857142857142857,0.7142857142857143,1
"G[1,2](((BldPrSys <= 134.036 & WeightKg <= 62.085) & Pt_MotherT1D >= 39.045) | Pt_GrandparentT1D >= 49.575)
",0.000,9999999.000,9999999.000,1.000,0.000,0,1,1,2,2,2,1,3,0.0,0.5,0.5,0.0,0.2857142857142857,0.7142857142857143,1
"G[1,2](Pt_SHFlg >= 0.173 & UnitsInsBasalOrLongAct >= 14.358)
",0.000,9999999.000,9999999.000,1.000,0.000,0,1,1,2,2,2,1,3,0.0,0.5,0.5,0.0,0.2857142857142857,0.7142857142857143,1
"G[1,2]((BldPrSys >= 110.492 | Pt_FatherT1D <= 0.363) -> HDL <= 0.946)
",0.000,9999999.000,9999999.000,1.000,0.000,0,1,2,1,1,3,2,2,0.0,0.3333333333333333,0.6666666666666666,0.0,0.2857142857142857,0.7142857142857143,1
"G[0,1](((bmiPerc <= 0.723 & LDL <= 82.001) | bmi <= 95.053) & HeightCm <= 96.390)
",0.000,9999999.000,9999999.000,1.000,0.000,0,1,0,3,3,1,0,4,0.0,1.0,0.0,0.0,0.2857142857142857,0.7142857142857143,1
"G[1,1](LDL >= 27.951 & UnitsInsBasalOrLongAct <= 30.541)
",0.000,-27.951,-27.951,1.000,0.000,1,0,2,1,2,2,3,1,0.5,0.0,1.0,0.3333333333333333,0.2857142857142857,0.7142857142857143,1
"G[0,1]((HeightCm <= 168.327 -> BldPrSys <= 125.315) & Pt_CGMUseNumDays >= 117.108)
",0.000,9999999.000,9999999.000,1.000,0.000,0,1,0,3,3,1,0,4,0.0,1.0,0.0,0.0,0.2857142857142857,0.7142857142857143,1
"G[1,2]((BGTestAvgNumPtRep >= 1.103 -> bmiPerc >= 0.609) -> Pt_GrandparentT1D >= 0.496)
",0.000,9999999.000,9999999.000,1.000,0.000,0,1,2,1,1,3,2,2,0.0,0.3333333333333333,0.6666666666666666,0.0,0.2857142857142857,0.7142857142857143,1
"G[0,1](NumPumpBolusOrShortAct >= 0.000 & age >= 11.246)
",0.000,9999999.000,9999999.000,1.000,0.000,1,0,2,1,2,2,3,1,0.5,0.0,1.0,0.3333333333333333,0.2857142857142857,0.7142857142857143,1
"G[0,2](SMBGperDayPtMeterCombo >= 0.415 & BGTestAvgNumPtRep >= 0.379)
",0.000,9999999.000,9999999.000,1.000,0.000,0,1,2,1,1,3,2,2,0.0,0.3333333333333333,0.6666666666666666,0.0,0.2857142857142857,0.7142857142857143,1
"G[0,2]((bmiPerc <= 0.787 -> bmiZscore >= 0.019) -> BldPrSys <= 1.007)
",0.000,9999999.000,9999999.000,1.000,0.000,0,1,0,3,3,1,0,4,0.0,1.0,0.0,0.0,0.2857142857142857,0.7142857142857143,1
"G[0,1](diagAgeCombo >= 1.000 -> Pt_SHFlg = 0.916)
",0.000,9999999.000,9999999.000,1.000,0.000,0,1,0,3,3,1,0,4,0.0,1.0,0.0,0.0,0.2857142857142857,0.7142857142857143,1
"G[0,1](diabDur > 9.718 -> Pt_SHFlg = 0.510)
",0.000,9999999.000,9999999.000,1.000,0.000,0,1,0,3,3,1,0,4,0.0,1.0,0.0,0.0,0.2857142857142857,0.7142857142857143,1
"G[0,1](HbA1cImputeDtMnC < 55.601 & Pt_SHFlg = 0.099)
",0.000,9999999.000,9999999.000,1.000,0.000,0,1,0,3,3,1,0,4,0.0,1.0,0.0,0.0,0.2857142857142857,0.7142857142857143,1
"G[0,1](TotChol < 217.963 & Pt_SHFlg = 0.443)
",0.000,9999999.000,9999999.000,1.000,0.000,0,1,0,3,3,1,0,4,0.0,1.0,0.0,0.0,0.2857142857142857,0.7142857142857143,1
"G[0,1](Triglyc <= 321.183 -> Pt_SHFlg = 0.594)
",0.000,9999999.000,9999999.000,1.000,0.000,0,1,0,3,3,1,0,4,0.0,1.0,0.0,0.0,0.2857142857142857,0.7142857142857143,1
"G[0,1](DirectLDL > 0.101 & Pt_SHFlg = 0.919)
",0.000,9999999.000,9999999.000,1.000,0.000,0,1,0,3,3,1,0,4,0.0,1.0,0.0,0.0,0.2857142857142857,0.7142857142857143,1
"G[0,2](((Pt_A1cGoalLev <= 5.094 & Pt_SHFlg >= 0.013) & NumPumpBolusOrShortAct >= 0.139) & Pt_ChildT1D <= 0.993)
",0.000,9999999.000,9999999.000,1.000,0.000,0,1,0,3,3,1,0,4,0.0,1.0,0.0,0.0,0.2857142857142857,0.7142857142857143,1
"G[1,2]((BGTestAvgNumPtRep >= 0.932 -> Pt_FatherT1D >= 0.003) & GFR >= 0.250)
",0.000,9999999.000,9999999.000,1.000,0.000,0,1,1,2,2,2,1,3,0.0,0.5,0.5,0.0,0.2857142857142857,0.7142857142857143,1
"G[0,1](((Triglyc <= 173.657 | WeightKg <= 60.203) | Pt_CGMUseNumDays <= 62.129) & age >= 51.005)
",0.000,9999999.000,9999999.000,1.000,0.000,0,1,0,3,3,1,0,4,0.0,1.0,0.0,0.0,0.2857142857142857,0.7142857142857143,1
"G[0,1]((HbA1cImputeDtMnC <= 60.815 -> TSH <= 2.429) -> HDL <= 1.991)
",0.000,9999999.000,9999999.000,1.000,0.000,1,0,2,1,2,2,3,1,0.5,0.0,1.0,0.3333333333333333,0.2857142857142857,0.7142857142857143,1
"G[1,1](BGTestAvgNumPtRep >= 0.047 & bmi >= 20.559)
",0.000,-20.559,-20.559,1.000,0.000,0,1,1,2,2,2,1,3,0.0,0.5,0.5,0.0,0.2857142857142857,0.7142857142857143,1
"G[0,1](((AlbCreatRat_mggNew >= 5.868 -> BldPrSys >= 111.992) -> TotChol <= 127.861) & Pt_CGMUseNumDays >= 114.705)
",0.000,9999999.000,9999999.000,1.000,0.000,0,1,0,3,3,1,0,4,0.0,1.0,0.0,0.0,0.2857142857142857,0.7142857142857143,1
"G[0,1](((AlbCreatRat_mggNew >= 2.949 & HeightCm >= 149.463) -> TotalDailyInsPerKg >= 158.114) & Pt_GrandchildT1D <= 166.842)
",0.000,9999999.000,9999999.000,1.000,0.000,0,1,1,2,2,2,1,3,0.0,0.5,0.5,0.0,0.2857142857142857,0.7142857142857143,1
"G[0,1](bmiZscore <= 0.519 -> Triglyc <= 164.578)
",0.000,9999999.000,9999999.000,1.000,0.000,1,0,2,1,2,2,3,1,0.5,0.0,1.0,0.3333333333333333,0.2857142857142857,0.7142857142857143,1
"G[0,2]((Pt_MotherT1D <= 0.000 -> HeightCm <= 165.179) -> bmiZscore >= 149.503)
",0.000,9999999.000,9999999.000,1.000,0.000,0,1,2,1,1,3,2,2,0.0,0.3333333333333333,0.6666666666666666,0.0,0.2857142857142857,0.7142857142857143,1
"G[1,2](((BUN >= 1.687 | UnitsInsBasalOrLongAct >= 4.910) | Pt_SHFlg <= 30.332) & Pt_A1cGoalLevelDsYr5 >= 9.427)
",0.000,9999999.000,9999999.000,1.000,0.000,0,1,1,2,2,2,1,3,0.0,0.5,0.5,0.0,0.2857142857142857,0.7142857142857143,1
"G[0,2]((BldPrDia <= 74.804 & Pt_A1cGoalLev <= 5.479) -> TotChol <= 5.409)
",0.000,9999999.000,9999999.000,1.000,0.000,0,1,2,1,1,3,2,2,0.0,0.3333333333333333,0.6666666666666666,0.0,0.2857142857142857,0.7142857142857143,1
"G[0,1]((AlbCreatRat_mggNew >= 5.863 & TSH >= 0.640) & HeightCm >= 1.173)
",0.000,9999999.000,9999999.000,1.000,0.000,0,1,0,3,3,1,0,4,0.0,1.0,0.0,0.0,0.2857142857142857,0.7142857142857143,1
"G[0,2](TotChol <= 133.608 & TSH >= 0.529)
",0.000,9999999.000,9999999.000,1.000,0.000,0,1,1,2,2,2,1,3,0.0,0.5,0.5,0.0,0.2857142857142857,0.7142857142857143,1
"G[1,1](((HeightCm <= 166.469 -> UnitsInsBasalOrLongAct <= 26.242) & HbA1cImputeDtMnC <= 20.982) & LDL <= 25.899)
",0.000,-166.469,-166.469,1.000,0.000,0,1,1,2,2,2,1,3,0.0,0.5,0.5,0.0,0.2857142857142857,0.7142857142857143,1
"G[0,0]((WeightKg >= 39.298 | bmi >= 20.621) -> UnitsInsBasalOrLongAct <= 32.632)
",1.471,-20.132,-32.632,1.000,0.000,1,0,1,2,3,1,2,2,0.3333333333333333,0.0,1.0,0.5,0.2857142857142857,0.7142857142857143,1
"G[1,1](BldPrDia >= 67.587 & HDL >= 15.027)
",0.000,-67.587,-67.587,1.000,0.000,1,0,2,1,2,2,3,1,0.5,0.0,1.0,0.3333333333333333,0.2857142857142857,0.7142857142857143,1
"G[0,1](((BldPrSys <= 124.807 | diabDur >= 11.271) -> SMBGperDayPtMeterCombo <= 12.574) & age >= 11.177)
",0.000,9999999.000,9999999.000,1.000,0.000,1,0,2,1,2,2,3,1,0.5,0.0,1.0,0.3333333333333333,0.2857142857142857,0.7142857142857143,1
"G[1,1](AlbCreatRat_mggNew >= 7.621 -> TotalDailyInsPerKg >= 0.324)
",0.000,0.324,0.324,1.000,0.000,1,0,2,1,2,2,3,1,0.5,0.0,1.0,0.3333333333333333,0.2857142857142857,0.7142857142857143,1
"G[1,2](((Pt_DKAFlg >= 0.009 | SMBGperDayPtMeterCombo >= 0.269) -> TotChol >= 0.012) -> Pt_DKAFlg >= 0.030)
",0.000,9999999.000,9999999.000,1.000,0.000,0,1,1,2,2,2,1,3,0.0,0.5,0.5,0.0,0.2857142857142857,0.7142857142857143,1
"G[2,2]((BldPrSys >= 112.680 -> diabDur <= 14.825) & Pt_SHFlg >= 9.561)
",0.000,-14.825,-14.825,1.000,0.000,0,0,4,0,0,4,4,0,0.0,0.0,1.0,0.0,0.0,1.0,1
"F[2,2](((TSH >= 0.446 -> HbA1c >= 9.310) | AutonomicNeuroCl >= 9.000) & BldPrSys <= 9.531)
",0.000,0.446,0.446,0.000,1.000,0,0,0,4,4,0,0,4,0.0,0.0,0.0,0.0,0.0,1.0,-1
"((BGTestAvgNumMeter >= 0.423) U[2,2] (BGTestAvgNumPtRep <= 4.076))
",0.000,4.076,4.076,0.000,1.000,0,0,0,4,4,0,0,4,0.0,0.0,0.0,0.0,0.0,1.0,-1
"F[2,2](((AlbCreatRat_mggNew >= 7.777 -> Triglyc <= 295.509) -> BGTestAvgNumPtRep >= 12.399) -> Pt_SHFlg <= 326.515)
",0.000,-326.515,-326.515,0.000,1.000,0,0,0,4,4,0,0,4,0.0,0.0,0.0,0.0,0.0,1.0,-1
"((Pt_ChildT1D > 0.000) U[0,2] (Pt_SHFlg = 0.467))
",0.000,-9999999.000,-9999999.000,0.000,1.000,0,0,0,4,4,0,0,4,0.0,0.0,0.0,0.0,0.0,1.0,-1
"((Pt_DKAFlg > 0.099) U[1,2] (Pt_SHFlg = 0.566))
",0.000,-9999999.000,-9999999.000,0.000,1.000,0,0,0,4,4,0,0,4,0.0,0.0,0.0,0.0,0.0,1.0,-1
"((HbA1c <= 9.713) U[1,2] (Pt_SHFlg = 0.197))
",0.000,-9999999.000,-9999999.000,0.000,1.000,0,0,0,4,4,0,0,4,0.0,0.0,0.0,0.0,0.0,1.0,-1
"((Pt_MotherT1D >= 0.000) U[2,2] (Pt_SHFlg = 0.297))
",0.000,0.000,0.000,0.000,1.000,0,0,0,4,4,0,0,4,0.0,0.0,0.0,0.0,0.0,1.0,-1
"F[1,2](((AlbCreatRat_mggNew <= 13.309 & BGTestAvgNumPtRep <= 6.209) | HDL >= 1.178) & BGTestAvgNumPtRep >= 0.208)
",0.000,-9999999.000,-9999999.000,0.000,1.000,0,0,0,4,4,0,0,4,0.0,0.0,0.0,0.0,0.0,1.0,-1
"((HeightCm > 157.188) U[1,2] (Pt_SHFlg = 0.782))
",0.000,-9999999.000,-9999999.000,0.000,1.000,0,0,0,4,4,0,0,4,0.0,0.0,0.0,0.0,0.0,1.0,-1
"((Pt_CGMUseNumDays >= 3.691) U[2,2] (Triglyc >= 9.795))
",0.000,-3.691,-3.691,0.000,1.000,0,0,0,4,4,0,0,4,0.0,0.0,0.0,0.0,0.0,1.0,-1
"F[2,2](BUN >= 2.992 -> Pt_InsGov <= 0.781)
",0.000,-0.781,-0.781,0.000,1.000,0,0,0,4,4,0,0,4,0.0,0.0,0.0,0.0,0.0,1.0,-1
"((Pt_GrandparentT1D < 0.000) U[1,2] (Pt_SHFlg = 0.379))
",0.000,-9999999.000,-9999999.000,0.000,1.000,0,0,0,4,4,0,0,4,0.0,0.0,0.0,0.0,0.0,1.0,-1
"F[0,2](BUN >= 1.730 & HbA1cImputeDtMnC >= 17.004)
",0.000,-9999999.000,-9999999.000,0.000,1.000,0,0,0,4,4,0,0,4,0.0,0.0,0.0,0.0,0.0,1.0,-1
"F[0,2]((BGTestAvgNumMeter <= 2.365 & bmiZscore <= 1.061) -> Pt_DKAFlg >= 0.321)
",0.000,-9999999.000,-9999999.000,0.000,1.000,0,0,0,4,4,0,0,4,0.0,0.0,0.0,0.0,0.0,1.0,-1
"((BGTestAvgNumMeter <= 2.915) U[2,2] (BldPrSys >= 115.288))
",0.000,2.915,2.915,0.000,1.000,0,0,0,4,4,0,0,4,0.0,0.0,0.0,0.0,0.0,1.0,-1
"F[2,2]((LDL <= 91.815 -> Pt_FatherT1D >= 0.217) -> DirectLDL >= 0.118)
",0.000,0.118,0.118,0.000,1.000,0,0,0,4,4,0,0,4,0.0,0.0,0.0,0.0,0.0,1.0,-1
"F[0,1](LDL >= 56.473 -> Pt_InsGov >= 0.133)
",0.000,-9999999.000,-9999999.000,0.000,1.000,0,0,1,3,3,1,1,3,0.0,0.0,1.0,0.0,0.0,1.0,-1
"((Pt_DKAFlg <= 0.523) U[1,2] (Pt_InsGov >= 0.170))
",0.000,-9999999.000,-9999999.000,0.000,1.000,0,0,0,4,4,0,0,4,0.0,0.0,0.0,0.0,0.0,1.0,-1
"((HbA1cImputeDtMnC >= 9.468) U[1,2] (BUN >= 1.926))
",0.000,-9999999.000,-9999999.000,0.000,1.000,0,0,0,4,4,0,0,4,0.0,0.0,0.0,0.0,0.0,1.0,-1
"F[2,2]((bmiZscore >= 0.404 & Pt_FatherT1D >= 0.229) | BUN <= 0.314)
",0.000,0.314,0.314,0.000,1.000,0,0,0,4,4,0,0,4,0.0,0.0,0.0,0.0,0.0,1.0,-1
"((BGTestAvgNumMeter >= 0.315) U[2,2] (BGTestAvgNumPtRep <= 4.919))
",0.000,4.919,4.919,0.000,1.000,0,0,0,4,4,0,0,4,0.0,0.0,0.0,0.0,0.0,1.0,-1
"F[0,2](Pt_ChildT1D <= 0.000 -> BGTestAvgNumPtRep >= 0.720)
",0.000,-9999999.000,-9999999.000,0.000,1.000,0,0,0,4,4,0,0,4,0.0,0.0,0.0,0.0,0.0,1.0,-1
"G[1,2](((bmi >= 19.973 & Pt_A1cGoalLev <= 6.268) & BldPrDia >= 0.413) | TSH <= 5.529)
",0.000,9999999.000,9999999.000,1.000,0.000,0,0,4,0,0,4,4,0,0.0,0.0,1.0,0.0,0.0,1.0,1
"G[1,2](bmiPerc <= 0.842 | SMBGperDayPtMeterCombo <= 3.157)
",0.000,9999999.000,9999999.000,1.000,0.000,0,0,4,0,0,4,4,0,0.0,0.0,1.0,0.0,0.0,1.0,1
"G[1,2]((HbA1c <= 10.068 -> HbA1cImputeDtMnC >= 3.157) & bmiZscore <= 68.699)
",0.000,9999999.000,9999999.000,1.000,0.000,0,0,4,0,0,4,4,0,0.0,0.0,1.0,0.0,0.0,1.0,1
"G[0,2](BGTestAvgNumPtRep >= 1.067 | WeightKg <= 63.780)
",0.000,9999999.000,9999999.000,1.000,0.000,0,0,3,1,1,3,3,1,0.0,0.0,1.0,0.0,0.0,1.0,1
"G[0,2]((age <= 14.996 -> HbA1c <= 10.401) -> AutonomicNeuroCl <= 10.468)
",0.000,9999999.000,9999999.000,1.000,0.000,0,0,4,0,0,4,4,0,0.0,0.0,1.0,0.0,0.0,1.0,1
"G[1,2]((UnitsInsBasalOrLongAct >= 4.443 | LDL <= 63.759) & diabDur <= 69.080)
",0.000,9999999.000,9999999.000,1.000,0.000,0,0,4,0,0,4,4,0,0.0,0.0,1.0,0.0,0.0,1.0,1
"F[2,2]((HDL >= 18.839 | BGTestAvgNumMeter <= 3.698) -> GFR <= 1.926)
",0.000,-3.698,-3.698,0.000,1.000,0,0,0,4,4,0,0,4,0.0,0.0,0.0,0.0,0.0,1.0,-1
"F[1,2](((Pt_GrandparentT1D <= 0.000 | TotalDailyInsPerKg <= 0.610) -> HbA1cImputeDtMnC >= 0.391) -> BldPrDia <= 0.960)
",0.000,-9999999.000,-9999999.000,0.000,1.000,0,0,0,4,4,0,0,4,0.0,0.0,0.0,0.0,0.0,1.0,-1
"F[2,2](((BldPrDia >= 62.731 | bmiPerc <= 0.764) & Pt_SiblingT1D >= 0.489) -> UnitsInsBasalOrLongAct <= 0.734)
",0.000,-0.734,-0.734,0.000,1.000,0,0,0,4,4,0,0,4,0.0,0.0,0.0,0.0,0.0,1.0,-1
"F[1,2]((HDL >= 6.243 & LDL >= 42.130) -> Pt_SiblingT1D >= 9.793)
",0.000,-9999999.000,-9999999.000,0.000,1.000,0,0,0,4,4,0,0,4,0.0,0.0,0.0,0.0,0.0,1.0,-1
"((diabDur >= 11.697) U[1,2] (UnitsInsBasalOrLongAct >= 2.515))
",0.000,-9999999.000,-9999999.000,0.000,1.000,0,0,1,3,3,1,1,3,0.0,0.0,1.0,0.0,0.0,1.0,-1
"((GFR <= 0.000) U[2,2] (NumPumpBolusOrShortAct <= 0.000))
",0.000,0.000,0.000,0.000,1.000,0,0,0,4,4,0,0,4,0.0,0.0,0.0,0.0,0.0,1.0,-1
"F[2,2](TotalDailyInsPerKg >= 0.311 | Pt_A1cGoalLevelDsYr5 <= 0.000)
",0.000,0.000,0.000,0.000,1.000,0,0,0,4,4,0,0,4,0.0,0.0,0.0,0.0,0.0,1.0,-1
"F[0,2](((LDL <= 92.208 | BGTestAvgNumPtRep >= 2.846) -> HeightCm <= 4.409) | Pt_CGMUseNumDays >= 1.605)
",0.000,-9999999.000,-9999999.000,0.000,1.000,0,0,0,4,4,0,0,4,0.0,0.0,0.0,0.0,0.0,1.0,-1
"((HDL >= 28.029) U[2,2] (HbA1cImputeDtMnC <= 63.011))
",0.000,63.011,63.011,0.000,1.000,0,0,0,4,4,0,0,4,0.0,0.0,0.0,0.0,0.0,1.0,-1
"F[2,2]((TSH <= 2.370 & Pt_GrandparentT1D <= 0.000) -> Pt_DKAFlg <= 0.000)
",0.000,0.000,0.000,0.000,1.000,0,0,0,4,4,0,0,4,0.0,0.0,0.0,0.0,0.0,1.0,-1
"F[2,2](((Pt_A1cGoalLev <= 5.648 & TSH >= 0.286) | Pt_ChildT1D <= 1.774) | Pt_GrandparentT1D <= 2.861)
",0.000,2.861,2.861,0.000,1.000,0,0,0,4,4,0,0,4,0.0,0.0,0.0,0.0,0.0,1.0,-1
"F[0,2]((bmiPerc <= 0.753 | HeightCm <= 167.246) -> Pt_DKAFlg >= 155.783)
",0.000,-9999999.000,-9999999.000,0.000,1.000,0,0,0,4,4,0,0,4,0.0,0.0,0.0,0.0,0.0,1.0,-1
"F[0,2](((Pt_CGMUseNumDays <= 27.200 & TotalDailyInsPerKg >= 0.220) | TotalDailyInsPerKg >= 0.045) | Pt_ChildT1D >= 0.146)
",0.000,-9999999.000,-9999999.000,0.000,1.000,0,0,0,4,4,0,0,4,0.0,0.0,0.0,0.0,0.0,1.0,-1
"G[0,2]((HDL <= 54.271 -> HeightCm >= 152.156) & Pt_A1cGoalLevelDsYr5 <= 163.643)
",0.000,9999999.000,9999999.000,1.000,0.000,0,0,4,0,0,4,4,0,0.0,0.0,1.0,0.0,0.0,1.0,1
"F[2,2]((BUN >= 2.451 & TotChol <= 206.595) -> HDL <= 153.601)
",0.000,-153.601,-153.601,0.000,1.000,0,0,0,4,4,0,0,4,0.0,0.0,0.0,0.0,0.0,1.0,-1
"F[1,2]((HbA1cImputeDtMnC <= 65.352 | TotalDailyInsPerKg <= 1.130) -> WeightKg <= 1.551)
",0.000,-9999999.000,-9999999.000,0.000,1.000,0,0,0,4,4,0,0,4,0.0,0.0,0.0,0.0,0.0,1.0,-1
"F[2,2](Pt_FatherT1D <= 0.745 -> Pt_InsGov >= 0.145)
",0.000,-0.745,-0.745,0.000,1.000,0,0,0,4,4,0,0,4,0.0,0.0,0.0,0.0,0.0,1.0,-1
"F[2,2]((bmi >= 19.268 -> Pt_FatherT1D >= 0.276) & Pt_GrandparentT1D >= 0.036)
",0.000,-0.036,-0.036,0.000,1.000,0,0,0,4,4,0,0,4,0.0,0.0,0.0,0.0,0.0,1.0,-1
"F[2,2](((HbA1cImputeDtMnC <= 49.796 & LDL >= 2.065) -> Pt_GrandparentT1D >= 27.093) -> BGTestAvgNumMeter >= 43.331)
",0.000,-2.065,-2.065,0.000,1.000,0,0,0,4,4,0,0,4,0.0,0.0,0.0,0.0,0.0,1.0,-1
"F[1,2](((bmiZscore >= -0.037 | HDL >= 12.908) & HDL <= 51.813) & age <= 52.369)
",0.000,-9999999.000,-9999999.000,0.000,1.000,0,0,0,4,4,0,0,4,0.0,0.0,0.0,0.0,0.0,1.0,-1
"F[0,2]((BldPrSys >= 106.915 | UnitsInsBasalOrLongAct <= 32.876) -> Pt_InsGov >= 17.540)
",0.000,-9999999.000,-9999999.000,0.000,1.000,0,0,0,4,4,0,0,4,0.0,0.0,0.0,0.0,0.0,1.0,-1
"F[2,2]((bmiPerc <= 0.722 & DirectLDL <= 0.815) | Pt_SHFlg <= 0.846)
",0.000,0.846,0.846,0.000,1.000,0,0,0,4,4,0,0,4,0.0,0.0,0.0,0.0,0.0,1.0,-1
"F[0,1](((HbA1cImputeDtMnC <= 62.802 -> HDL >= 19.077) -> LDL <= 63.148) | bmiZscore >= 27.451)
",0.000,-9999999.000,-9999999.000,0.000,1.000,0,0,1,3,3,1,1,3,0.0,0.0,1.0,0.0,0.0,1.0,-1
"F[1,2](((age >= 12.331 | BldPrDia >= 69.801) | NumPumpBolusOrShortAct <= 78.447) -> bmi >= 59.152)
",0.000,-9999999.000,-9999999.000,0.000,1.000,0,0,0,4,4,0,0,4,0.0,0.0,0.0,0.0,0.0,1.0,-1
"((AlbCreatRat_mggNew <= 15.429) U[2,2] (LDL >= 11.269))
",0.000,15.429,15.429,0.000,1.000,0,0,0,4,4,0,0,4,0.0,0.0,0.0,0.0,0.0,1.0,-1
"F[2,2](((BGTestAvgNumPtRep <= 6.326 | DirectLDL <= 0.797) -> bmiPerc <= 0.822) & diagAgeCombo >= 0.200)
",0.000,-6.326,-6.326,0.000,1.000,0,0,0,4,4,0,0,4,0.0,0.0,0.0,0.0,0.0,1.0,-1
"F[2,2](BGTestAvgNumPtRep >= 0.167 & TSH <= 2.010)
",0.000,-0.167,-0.167,0.000,1.000,0,0,0,4,4,0,0,4,0.0,0.0,0.0,0.0,0.0,1.0,-1
"F[1,2](((LDL >= 19.023 & Pt_A1cGoalLev <= 6.183) | WeightKg >= 0.120) -> BldPrDia <= 5.999)
",0.000,-9999999.000,-9999999.000,0.000,1.000,0,0,0,4,4,0,0,4,0.0,0.0,0.0,0.0,0.0,1.0,-1
"F[0,2]((bmiPerc <= 0.723 & HbA1c >= 9.168) & Triglyc <= 10.123)
",0.000,-9999999.000,-9999999.000,0.000,1.000,0,0,0,4,4,0,0,4,0.0,0.0,0.0,0.0,0.0,1.0,-1
"F[2,2]((Pt_CGMUseNumDays >= 0.222 -> TotChol <= 138.166) -> bmiZscore <= 161.946)
",0.000,-161.946,-161.946,0.000,1.000,0,0,0,4,4,0,0,4,0.0,0.0,0.0,0.0,0.0,1.0,-1
"F[0,2]((HbA1cImputeDtMnC >= 34.400 & Pt_DKAFlg <= 0.537) & BldPrSys <= 0.741)
",0.000,-9999999.000,-9999999.000,0.000,1.000,0,0,0,4,4,0,0,4,0.0,0.0,0.0,0.0,0.0,1.0,-1
"F[0,2](AlbCreatRat_mggNew <= 17.493 -> Pt_A1cGoalLev >= 0.831)
",0.000,-9999999.000,-9999999.000,0.000,1.000,0,0,0,4,4,0,0,4,0.0,0.0,0.0,0.0,0.0,1.0,-1
"F[0,2](Pt_InsGov >= 0.124 | TSH <= 1.663)
",0.000,-9999999.000,-9999999.000,0.000,1.000,0,0,0,4,4,0,0,4,0.0,0.0,0.0,0.0,0.0,1.0,-1
"((bmiPerc >= 0.486) U[2,2] (TSH <= 1.524))
",0.000,1.524,1.524,0.000,1.000,0,0,0,4,4,0,0,4,0.0,0.0,0.0,0.0,0.0,1.0,-1
"F[1,2]((diabDur >= 10.497 -> DirectLDL <= 0.733) & Triglyc <= 0.861)
",0.000,-9999999.000,-9999999.000,0.000,1.000,0,0,0,4,4,0,0,4,0.0,0.0,0.0,0.0,0.0,1.0,-1
"F[1,2](HeightCm <= 165.291 & Pt_FatherT1D <= 0.339)
",0.000,-9999999.000,-9999999.000,0.000,1.000,0,0,0,4,4,0,0,4,0.0,0.0,0.0,0.0,0.0,1.0,-1
"F[2,2](Pt_InsGov <= 0.811 & WeightKg <= 58.813)
",0.000,0.811,0.811,0.000,1.000,0,0,0,4,4,0,0,4,0.0,0.0,0.0,0.0,0.0,1.0,-1
"((AlbCreatRat_mggNew >= 8.974) U[1,2] (Pt_A1cGoalLev >= 0.772))
",0.000,-9999999.000,-9999999.000,0.000,1.000,0,0,0,4,4,0,0,4,0.0,0.0,0.0,0.0,0.0,1.0,-1
"F[2,2](age >= 11.976 | BGTestAvgNumPtRep >= 2.716)
",0.000,-2.716,-2.716,0.000,1.000,0,0,0,4,4,0,0,4,0.0,0.0,0.0,0.0,0.0,1.0,-1
"((BGTestAvgNumPtRep >= 0.729) U[2,2] (BldPrSys >= 116.202))
",0.000,-0.729,-0.729,0.000,1.000,0,0,0,4,4,0,0,4,0.0,0.0,0.0,0.0,0.0,1.0,-1
"F[2,2]((DirectLDL <= 0.872 | Pt_FatherT1D <= 0.552) & GFR <= 0.655)
",0.000,0.655,0.655,0.000,1.000,0,0,0,4,4,0,0,4,0.0,0.0,0.0,0.0,0.0,1.0,-1
"F[2,2](SMBGperDayPtMeterCombo >= 0.073 & TotalDailyInsPerKg >= 0.339)
",0.000,-0.339,-0.339,0.000,1.000,0,0,0,4,4,0,0,4,0.0,0.0,0.0,0.0,0.0,1.0,-1
"F[1,2]((DirectLDL <= 0.930 & TSH <= 2.221) | BUN >= 1.207)
",0.000,-9999999.000,-9999999.000,0.000,1.000,0,0,0,4,4,0,0,4,0.0,0.0,0.0,0.0,0.0,1.0,-1
"((bmiPerc >= 0.542) U[2,2] (Pt_InsGov <= 0.699))
",0.000,0.699,0.699,0.000,1.000,0,0,0,4,4,0,0,4,0.0,0.0,0.0,0.0,0.0,1.0,-1
"F[2,2](diabDur >= 9.732 & TSH <= 2.418)
",0.000,-9.732,-9.732,0.000,1.000,0,0,0,4,4,0,0,4,0.0,0.0,0.0,0.0,0.0,1.0,-1
"F[2,2](Pt_InsGov <= 0.513 -> UnitsInsBasalOrLongAct >= 1.210)
",0.000,-0.513,-0.513,0.000,1.000,0,0,0,4,4,0,0,4,0.0,0.0,0.0,0.0,0.0,1.0,-1
"F[1,2]((Pt_FatherT1D >= 0.121 | Triglyc >= 58.475) & WeightKg >= 66.754)
",0.000,-9999999.000,-9999999.000,0.000,1.000,0,0,0,4,4,0,0,4,0.0,0.0,0.0,0.0,0.0,1.0,-1
"F[0,2]((bmiPerc >= 0.682 & Pt_DKAFlg >= 0.053) & diagAgeCombo >= 0.044)
",0.000,-9999999.000,-9999999.000,0.000,1.000,0,0,0,4,4,0,0,4,0.0,0.0,0.0,0.0,0.0,1.0,-1
"F[2,2](BldPrSys <= 134.121 | TotalDailyInsPerKg <= 0.606)
",0.000,134.121,134.121,0.000,1.000,0,0,0,4,4,0,0,4,0.0,0.0,0.0,0.0,0.0,1.0,-1
"F[0,1](BGTestAvgNumMeter <= 3.803 -> BUN >= 1.455)
",0.000,-9999999.000,-9999999.000,0.000,1.000,0,0,1,3,3,1,1,3,0.0,0.0,1.0,0.0,0.0,1.0,-1
"F[2,2]((BldPrDia >= 54.233 & HbA1c <= 10.104) & DirectLDL <= 10.632)
",0.000,-54.233,-54.233,0.000,1.000,0,0,0,4,4,0,0,4,0.0,0.0,0.0,0.0,0.0,1.0,-1
"((BUN <= 25.692) U[2,2] (HeightCm <= 167.236))
",0.000,167.236,167.236,0.000,1.000,0,0,0,4,4,0,0,4,0.0,0.0,0.0,0.0,0.0,1.0,-1
"((BGTestAvgNumPtRep <= 6.966) U[2,2] (BUN <= 18.102))
",0.000,18.102,18.102,0.000,1.000,0,0,0,4,4,0,0,4,0.0,0.0,0.0,0.0,0.0,1.0,-1
"((BldPrDia >= 56.025) U[1,2] (TSH >= 0.377))
",0.000,-9999999.000,-9999999.000,0.000,1.000,0,0,1,3,3,1,1,3,0.0,0.0,1.0,0.0,0.0,1.0,-1
"F[1,2](((BldPrSys <= 125.182 -> Pt_SHFlg >= 0.097) -> Pt_DKAFlg >= 0.180) -> diabDur <= 0.519)
",0.000,-9999999.000,-9999999.000,0.000,1.000,0,0,0,4,4,0,0,4,0.0,0.0,0.0,0.0,0.0,1.0,-1
"((bmi >= 19.584) U[0,2] (TSH <= 2.526))
",0.000,-9999999.000,-9999999.000,0.000,1.000,0,0,0,4,4,0,0,4,0.0,0.0,0.0,0.0,0.0,1.0,-1
"F[2,2](((bmiPerc >= 0.537 | TotChol <= 163.929) -> BGTestAvgNumMeter >= 88.129) | BldPrDia <= 166.987)
",0.000,166.987,166.987,0.000,1.000,0,0,0,4,4,0,0,4,0.0,0.0,0.0,0.0,0.0,1.0,-1
"G[0,2](DirectLDL >= 0.408 | HeightCm >= 154.405)
",0.000,9999999.000,9999999.000,1.000,0.000,0,0,4,0,0,4,4,0,0.0,0.0,1.0,0.0,0.0,1.0,1
"G[2,2](HDL >= 19.763 -> TotalDailyInsPerKg <= 0.538)
",0.000,-0.538,-0.538,1.000,0.000,0,0,4,0,0,4,4,0,0.0,0.0,1.0,0.0,0.0,1.0,1
"G[2,2](Pt_A1cGoalLev <= 7.178 & HbA1c <= 10.185)
",0.000,7.178,7.178,1.000,0.000,0,0,4,0,0,4,4,0,0.0,0.0,1.0,0.0,0.0,1.0,1
"G[2,2](((Pt_FatherT1D <= 0.489 | UnitsInsBasalOrLongAct <= 31.228) -> UnitsInsBasalOrLongAct >= 12.065) & BUN <= 23.184)
",0.000,-31.228,-31.228,1.000,0.000,0,0,4,0,0,4,4,0,0.0,0.0,1.0,0.0,0.0,1.0,1
"G[2,2]((BUN <= 19.985 & BGTestAvgNumPtRep <= 7.950) -> bmiZscore >= 0.070)
",0.000,-7.950,-7.950,1.000,0.000,0,0,4,0,0,4,4,0,0.0,0.0,1.0,0.0,0.0,1.0,1
"G[2,2](((UnitsInsBasalOrLongAct >= 11.044 -> age <= 14.502) & bmiPerc >= 12.513) | diabDur >= 11.975)
",0.000,-11.975,-11.975,1.000,0.000,0,0,4,0,0,4,4,0,0.0,0.0,1.0,0.0,0.0,1.0,1
"G[0,2](((diabDur >= 10.367 | UnitsInsBasalOrLongAct >= 3.456) & bmi >= 13.218) | HDL >= 14.481)
",0.000,9999999.000,9999999.000,1.000,0.000,0,0,4,0,0,4,4,0,0.0,0.0,1.0,0.0,0.0,1.0,1
"G[1,2](HeightCm >= 162.621 & Pt_MotherT1D <= 0.000)
",0.000,9999999.000,9999999.000,1.000,0.000,0,0,3,1,1,3,3,1,0.0,0.0,1.0,0.0,0.0,1.0,1
"G[0,2]((diagAgeCombo >= 1.000 & diabDur >= 11.074) | BldPrDia >= 10.505)
",0.000,9999999.000,9999999.000,1.000,0.000,0,0,4,0,0,4,4,0,0.0,0.0,1.0,0.0,0.0,1.0,1
"G[2,2]((Pt_DKAFlg <= 0.362 & UnitsInsBasalOrLongAct <= 24.932) | NumPumpBolusOrShortAct <= 30.253)
",0.000,30.253,30.253,1.000,0.000,0,0,4,0,0,4,4,0,0.0,0.0,1.0,0.0,0.0,1.0,1
"G[1,2](BldPrSys <= 127.387 -> Pt_CGMUseNumDays <= 23.209)
",0.000,9999999.000,9999999.000,1.000,0.000,0,0,4,0,0,4,4,0,0.0,0.0,1.0,0.0,0.0,1.0,1
"G[0,2](((HDL <= 56.817 & Triglyc >= 93.726) -> BUN <= 159.851) & bmi <= 275.688)
",0.000,9999999.000,9999999.000,1.000,0.000,0,0,4,0,0,4,4,0,0.0,0.0,1.0,0.0,0.0,1.0,1
"G[1,2]((diabDur <= 14.930 & TotalDailyInsPerKg <= 0.511) | age >= 0.167)
",0.000,9999999.000,9999999.000,1.000,0.000,0,0,4,0,0,4,4,0,0.0,0.0,1.0,0.0,0.0,1.0,1
"G[0,2]((bmiZscore <= 0.841 -> diabDur <= 14.969) & BUN <= 12.341)
",0.000,9999999.000,9999999.000,1.000,0.000,0,0,2,2,2,2,2,2,0.0,0.0,1.0,0.0,0.0,1.0,1
"G[2,2]((BGTestAvgNumPtRep >= 3.056 -> HbA1c <= 10.674) & bmiZscore >= 8.706)
",0.000,-10.674,-10.674,1.000,0.000,0,0,4,0,0,4,4,0,0.0,0.0,1.0,0.0,0.0,1.0,1
"G[0,2]((bmiZscore <= 0.897 | HbA1cImputeDtMnC <= 66.459) | TotalDailyInsPerKg >= 14.345)
",0.000,9999999.000,9999999.000,1.000,0.000,0,0,4,0,0,4,4,0,0.0,0.0,1.0,0.0,0.0,1.0,1
"G[1,2]((DirectLDL >= 0.225 -> WeightKg <= 65.578) | Triglyc <= 68.254)
",0.000,9999999.000,9999999.000,1.000,0.000,0,0,4,0,0,4,4,0,0.0,0.0,1.0,0.0,0.0,1.0,1
"G[0,2]((Pt_InsGov >= 0.237 & TotalDailyInsPerKg <= 1.567) -> BUN <= 1.022)
",0.000,9999999.000,9999999.000,1.000,0.000,0,0,4,0,0,4,4,0,0.0,0.0,1.0,0.0,0.0,1.0,1
"G[0,2]((HbA1c >= 8.658 & Pt_FatherT1D >= 0.276) -> Pt_A1cGoalLev >= 0.268)
",0.000,9999999.000,9999999.000,1.000,0.000,0,0,3,1,1,3,3,1,0.0,0.0,1.0,0.0,0.0,1.0,1
"G[2,2]((LDL >= 50.262 -> WeightKg <= 59.836) | GFR >= 53.255)
",0.000,-53.255,-53.255,1.000,0.000,0,0,4,0,0,4,4,0,0.0,0.0,1.0,0.0,0.0,1.0,1
"G[1,2](((BGTestAvgNumMeter >= 0.590 & Pt_A1cGoalLev >= 0.823) & Pt_DKAFlg >= 0.703) | bmiPerc <= 6.554)
",0.000,9999999.000,9999999.000,1.000,0.000,0,0,4,0,0,4,4,0,0.0,0.0,1.0,0.0,0.0,1.0,1
"G[1,2]((HbA1c <= 10.625 | TotalDailyInsPerKg >= 0.005) & BldPrSys >= 0.319)
",0.000,9999999.000,9999999.000,1.000,0.000,0,0,4,0,0,4,4,0,0.0,0.0,1.0,0.0,0.0,1.0,1
"G[1,2](((HbA1cImputeDtMnC >= 1.782 | TotChol <= 144.935) -> HbA1c >= 55.107) | BGTestAvgNumMeter <= 153.724)
",0.000,9999999.000,9999999.000,1.000,0.000,0,0,4,0,0,4,4,0,0.0,0.0,1.0,0.0,0.0,1.0,1
"G[0,2](((age <= 15.929 & Pt_ChildT1D <= 0.000) | LDL <= 0.000) | LDL >= 0.000)
",0.000,9999999.000,9999999.000,1.000,0.000,0,0,4,0,0,4,4,0,0.0,0.0,1.0,0.0,0.0,1.0,1
"G[2,2](((diagAgeCombo <= 1.000 | Pt_SHFlg >= 0.180) & age <= 0.879) & HDL <= 0.846)
",0.000,0.846,0.846,1.000,0.000,0,0,4,0,0,4,4,0,0.0,0.0,1.0,0.0,0.0,1.0,1
"G[2,2](((BGTestAvgNumPtRep >= 0.817 | HeightCm <= 169.263) & BldPrDia <= 164.601) & Pt_MotherT1D >= 154.172)
",0.000,-154.172,-154.172,1.000,0.000,0,0,4,0,0,4,4,0,0.0,0.0,1.0,0.0,0.0,1.0,1
"G[0,2](((BldPrDia <= 72.238 & HbA1cImputeDtMnC >= 29.918) | HbA1cImputeDtMnC <= 63.474) & Triglyc >= 2.540)
",0.000,9999999.000,9999999.000,1.000,0.000,0,0,2,2,2,2,2,2,0.0,0.0,1.0,0.0,0.0,1.0,1
"G[1,2](AlbCreatRat_mggNew <= 19.265 | DirectLDL <= 0.946)
",0.000,9999999.000,9999999.000,1.000,0.000,0,0,4,0,0,4,4,0,0.0,0.0,1.0,0.0,0.0,1.0,1
"G[2,2](((AlbCreatRat_mggNew <= 12.270 -> Pt_FatherT1D >= 0.157) -> TotalDailyInsPerKg >= 0.074) & TotalDailyInsPerKg >= 0.231)
",0.000,-0.231,-0.231,1.000,0.000,0,0,4,0,0,4,4,0,0.0,0.0,1.0,0.0,0.0,1.0,1
"G[1,2](((HeightCm >= 147.049 & BUN >= 3.616) | bmiPerc <= 19.629) | LDL <= 16.703)
",0.000,9999999.000,9999999.000,1.000,0.000,0,0,4,0,0,4,4,0,0.0,0.0,1.0,0.0,0.0,1.0,1
"G[2,2]((TSH <= 1.653 | LDL >= 29.138) -> SMBGperDayPtMeterCombo <= 93.720)
",0.000,-93.720,-93.720,1.000,0.000,0,0,4,0,0,4,4,0,0.0,0.0,1.0,0.0,0.0,1.0,1
"G[0,2](((AlbCreatRat_mggNew >= 9.109 -> UnitsInsBasalOrLongAct <= 27.858) | Pt_InsGov <= 19.070) | WeightKg <= 28.294)
",0.000,9999999.000,9999999.000,1.000,0.000,0,0,4,0,0,4,4,0,0.0,0.0,1.0,0.0,0.0,1.0,1
"G[1,2](Pt_SiblingT1D >= 0.000 | Pt_CGMUseNumDays <= 13.240)
",0.000,9999999.000,9999999.000,1.000,0.000,0,0,4,0,0,4,4,0,0.0,0.0,1.0,0.0,0.0,1.0,1
"G[2,2](bmi >= 18.978 -> Pt_SHFlg >= 0.114)
",0.000,0.114,0.114,1.000,0.000,0,0,4,0,0,4,4,0,0.0,0.0,1.0,0.0,0.0,1.0,1
"G[1,2]((HbA1c <= 10.511 -> BGTestAvgNumMeter >= 0.722) -> BGTestAvgNumPtRep >= 0.354)
",0.000,9999999.000,9999999.000,1.000,0.000,0,0,4,0,0,4,4,0,0.0,0.0,1.0,0.0,0.0,1.0,1
"G[2,2](((Pt_SiblingT1D >= 0.000 | BUN >= 1.556) | Pt_DKAFlg >= 2.618) -> bmi >= 3.466)
",0.000,0.000,0.000,1.000,0.000,0,0,4,0,0,4,4,0,0.0,0.0,1.0,0.0,0.0,1.0,1
"G[1,2]((GFR <= 0.000 | bmi <= 22.824) | bmiPerc >= 20.149)
",0.000,9999999.000,9999999.000,1.000,0.000,0,0,4,0,0,4,4,0,0.0,0.0,1.0,0.0,0.0,1.0,1
"G[1,2](((TotChol <= 213.507 & NumPumpBolusOrShortAct <= 0.000) & HDL >= 0.000) | bmiZscore <= 0.000)
",0.000,9999999.000,9999999.000,1.000,0.000,0,0,4,0,0,4,4,0,0.0,0.0,1.0,0.0,0.0,1.0,1
"G[0,2](((SMBGperDayPtMeterCombo <= 2.724 -> Pt_CGMUseNumDays <= 22.951) & age <= 9.993) -> BGTestAvgNumMeter <= 6.294)
",0.000,9999999.000,9999999.000,1.000,0.000,0,0,4,0,0,4,4,0,0.0,0.0,1.0,0.0,0.0,1.0,1
"G[2,2](((Pt_CGMUseNumDays >= 0.373 | bmiZscore <= 1.063) & HbA1cImputeDtMnC <= 1.058) & Pt_A1cGoalLevelDsYr5 <= 0.647)
",0.000,0.647,0.647,1.000,0.000,0,0,4,0,0,4,4,0,0.0,0.0,1.0,0.0,0.0,1.0,1
"G[2,2](age >= 13.065 & LDL >= 36.125)
",0.000,-36.125,-36.125,1.000,0.000,0,0,4,0,0,4,4,0,0.0,0.0,1.0,0.0,0.0,1.0,1
"G[0,2]((Triglyc <= 296.603 -> NumPumpBolusOrShortAct <= 0.000) | Pt_A1cGoalLev >= 0.000)
",0.000,9999999.000,9999999.000,1.000,0.000,0,0,4,0,0,4,4,0,0.0,0.0,1.0,0.0,0.0,1.0,1
"G[0,2](TSH <= 2.939 & AlbCreatRat_mggNew <= 16.875)
",0.000,9999999.000,9999999.000,1.000,0.000,0,0,3,1,1,3,3,1,0.0,0.0,1.0,0.0,0.0,1.0,1
"G[1,2](NumPumpBolusOrShortAct >= 0.000 & Pt_FatherT1D <= 0.433)
",0.000,9999999.000,9999999.000,1.000,0.000,0,0,3,1,1,3,3,1,0.0,0.0,1.0,0.0,0.0,1.0,1
"G[1,2]((BldPrDia >= 68.531 & HDL >= 19.399) -> bmiPerc <= 54.325)
",0.000,9999999.000,9999999.000,1.000,0.000,0,0,4,0,0,4,4,0,0.0,0.0,1.0,0.0,0.0,1.0,1
"G[2,2](((TotChol <= 143.025 -> AutonomicNeuroCl <= 0.000) | bmi <= 0.000) | BUN >= 0.000)
",0.000,0.000,0.000,1.000,0.000,0,0,4,0,0,4,4,0,0.0,0.0,1.0,0.0,0.0,1.0,1
"G[0,1](((age >= 11.844 | TotChol >= 65.136) -> LDL >= 58.091) & bmiZscore <= 163.712)
",0.000,9999999.000,9999999.000,1.000,0.000,0,0,1,3,3,1,1,3,0.0,0.0,1.0,0.0,0.0,1.0,1
"G[2,2]((BGTestAvgNumMeter <= 3.268 -> HeightCm >= 156.488) & Triglyc <= 163.597)
",0.000,-3.268,-3.268,1.000,0.000,0,0,4,0,0,4,4,0,0.0,0.0,1.0,0.0,0.0,1.0,1
"G[2,2](((LDL <= 67.731 -> TSH <= 3.250) -> Pt_SiblingT1D <= 1.739) -> bmiZscore >= 0.144)
",0.000,0.144,0.144,1.000,0.000,0,0,4,0,0,4,4,0,0.0,0.0,1.0,0.0,0.0,1.0,1
"G[0,2](AlbCreatRat_mggNew >= 4.108 -> BldPrDia >= 65.440)
",0.000,9999999.000,9999999.000,1.000,0.000,0,0,4,0,0,4,4,0,0.0,0.0,1.0,0.0,0.0,1.0,1
"G[2,2](((BldPrDia <= 76.394 & bmiPerc <= 0.684) -> BldPrSys <= 0.715) | diabDur >= 0.668)
",0.000,-0.668,-0.668,1.000,0.000,0,0,4,0,0,4,4,0,0.0,0.0,1.0,0.0,0.0,1.0,1
"G[2,2](bmiZscore >= 0.491 -> Pt_SHFlg <= 0.548)
",0.000,-0.548,-0.548,1.000,0.000,0,0,4,0,0,4,4,0,0.0,0.0,1.0,0.0,0.0,1.0,1
"G[1,1]((BldPrSys >= 114.105 & bmi <= 23.053) & UnitsInsBasalOrLongAct >= 20.436)
",0.000,-114.105,-114.105,1.000,0.000,0,0,2,2,2,2,2,2,0.0,0.0,1.0,0.0,0.0,1.0,1
"G[1,2]((BGTestAvgNumPtRep >= 1.250 | Triglyc <= 318.979) -> Pt_InsGov <= 321.847)
",0.000,9999999.000,9999999.000,1.000,0.000,0,0,4,0,0,4,4,0,0.0,0.0,1.0,0.0,0.0,1.0,1
"G[0,2]((bmi <= 23.312 | BUN >= 3.796) | GFR >= 3.258)
",0.000,9999999.000,9999999.000,1.000,0.000,0,0,3,1,1,3,3,1,0.0,0.0,1.0,0.0,0.0,1.0,1
"G[0,2](((BldPrDia <= 71.750 & bmi <= 21.365) -> Pt_SiblingT1D <= 21.401) -> HeightCm >= 18.337)
",0.000,9999999.000,9999999.000,1.000,0.000,0,0,4,0,0,4,4,0,0.0,0.0,1.0,0.0,0.0,1.0,1
"G[0,1](Triglyc >= 14.245 & TSH >= 1.422)
",0.000,9999999.000,9999999.000,1.000,0.000,0,0,1,3,3,1,1,3,0.0,0.0,1.0,0.0,0.0,1.0,1
"G[1,2]((BldPrSys <= 134.116 & DirectLDL >= 0.250) -> Pt_SHFlg <= 0.822)
",0.000,9999999.000,9999999.000,1.000,0.000,0,0,3,1,1,3,3,1,0.0,0.0,1.0,0.0,0.0,1.0,1
"G[1,1]((SMBGperDayPtMeterCombo <= 1.889 & TotChol >= 96.770) & AutonomicNeuroCl <= 208.517)
",0.000,-96.770,-96.770,1.000,0.000,0,0,2,2,2,2,2,2,0.0,0.0,1.0,0.0,0.0,1.0,1
"G[0,2](BldPrDia <= 76.764 & TotChol >= 73.543)
",0.000,9999999.000,9999999.000,1.000,0.000,0,0,1,3,3,1,1,3,0.0,0.0,1.0,0.0,0.0,1.0,1
"G[1,2](((BGTestAvgNumPtRep <= 5.645 -> HDL <= 48.851) & BGTestAvgNumPtRep >= 1.511) | TotalDailyInsPerKg <= 57.014)
",0.000,9999999.000,9999999.000,1.000,0.000,0,0,4,0,0,4,4,0,0.0,0.0,1.0,0.0,0.0,1.0,1
"G[0,2]((DirectLDL <= 0.879 -> HbA1c <= 10.026) | Pt_MotherT1D <= 9.619)
",0.000,9999999.000,9999999.000,1.000,0.000,0,0,4,0,0,4,4,0,0.0,0.0,1.0,0.0,0.0,1.0,1
"G[0,2]((BldPrSys >= 112.205 | TSH >= 0.791) & Triglyc >= 0.742)
",0.000,9999999.000,9999999.000,1.000,0.000,0,0,2,2,2,2,2,2,0.0,0.0,1.0,0.0,0.0,1.0,1
"G[0,2](((TotalDailyInsPerKg <= 0.612 | TotChol >= 127.188) -> Pt_A1cGoalLevelDsYr5 >= 103.521) | Pt_InsGov <= 190.198)
",0.000,9999999.000,9999999.000,1.000,0.000,0,0,4,0,0,4,4,0,0.0,0.0,1.0,0.0,0.0,1.0,1
"G[0,2](((BUN >= 1.733 & Triglyc <= 291.339) -> Pt_A1cGoalLev >= 100.282) & Pt_ChildT1D <= 300.327)
",0.000,9999999.000,9999999.000,1.000,0.000,0,0,3,1,1,3,3,1,0.0,0.0,1.0,0.0,0.0,1.0,1
"G[1,2](((AlbCreatRat_mggNew >= 2.669 | bmiPerc <= 0.862) & Pt_GrandchildT1D <= 0.718) | diagAgeCombo <= 0.710)
",0.000,9999999.000,9999999.000,1.000,0.000,0,0,4,0,0,4,4,0,0.0,0.0,1.0,0.0,0.0,1.0,1
"G[2,2](HDL >= 28.454 | Pt_A1cGoalLev >= 0.277)
",0.000,-0.277,-0.277,1.000,0.000,0,0,4,0,0,4,4,0,0.0,0.0,1.0,0.0,0.0,1.0,1
"G[1,2](((Pt_CGMUseNumDays <= 11.263 -> WeightKg >= 43.502) | Pt_FatherT1D >= 53.378) | BGTestAvgNumMeter >= 39.249)
",0.000,9999999.000,9999999.000,1.000,0.000,0,0,4,0,0,4,4,0,0.0,0.0,1.0,0.0,0.0,1.0,1
"G[1,2]((BUN >= 1.986 -> TSH >= 0.145) | Pt_GrandparentT1D >= 0.603)
",0.000,9999999.000,9999999.000,1.000,0.000,0,0,3,1,1,3,3,1,0.0,0.0,1.0,0.0,0.0,1.0,1
"G[0,2](((AlbCreatRat_mggNew >= 0.912 -> BGTestAvgNumPtRep <= 6.356) | Pt_A1cGoalLevelDsYr5 <= 6.014) -> Pt_GrandparentT1D <= 7.151)
",0.000,9999999.000,9999999.000,1.000,0.000,0,0,4,0,0,4,4,0,0.0,0.0,1.0,0.0,0.0,1.0,1
"G[0,2]((HbA1cImputeDtMnC >= 37.475 | Triglyc <= 293.604) & BGTestAvgNumMeter <= 141.108)
",0.000,9999999.000,9999999.000,1.000,0.000,0,0,3,1,1,3,3,1,0.0,0.0,1.0,0.0,0.0,1.0,1
"G[0,1](bmi >= 17.764 & DirectLDL >= 0.657)
",0.000,9999999.000,9999999.000,1.000,0.000,0,0,1,3,3,1,1,3,0.0,0.0,1.0,0.0,0.0,1.0,1
"G[0,2]((BldPrDia >= 70.328 & DirectLDL >= 0.032) -> LDL >= 0.559)
",0.000,9999999.000,9999999.000,1.000,0.000,0,0,4,0,0,4,4,0,0.0,0.0,1.0,0.0,0.0,1.0,1
"G[1,2]((BldPrDia >= 65.384 -> BldPrSys <= 126.990) & Pt_InsGov <= 133.396)
",0.000,9999999.000,9999999.000,1.000,0.000,0,0,3,1,1,3,3,1,0.0,0.0,1.0,0.0,0.0,1.0,1
"G[0,2](((BGTestAvgNumPtRep >= 1.898 & TotalDailyInsPerKg >= 0.401) | DirectLDL >= 0.137) | Pt_ChildT1D >= 0.412)
",0.000,9999999.000,9999999.000,1.000,0.000,0,0,2,2,2,2,2,2,0.0,0.0,1.0,0.0,0.0,1.0,1
"G[1,2]((bmiPerc >= 0.680 | UnitsInsBasalOrLongAct <= 25.665) | age <= 24.599)
",0.000,9999999.000,9999999.000,1.000,0.000,0,0,4,0,0,4,4,0,0.0,0.0,1.0,0.0,0.0,1.0,1
"G[1,2](UnitsInsBasalOrLongAct <= 26.309 -> WeightKg <= 58.376)
",0.000,9999999.000,9999999.000,1.000,0.000,0,0,4,0,0,4,4,0,0.0,0.0,1.0,0.0,0.0,1.0,1
"G[1,2]((age <= 15.723 & WeightKg >= 50.928) & Triglyc >= 46.985)
",0.000,9999999.000,9999999.000,1.000,0.000,0,0,2,2,2,2,2,2,0.0,0.0,1.0,0.0,0.0,1.0,1
"G[2,2](DirectLDL <= 0.721 & HDL <= 55.339)
",0.000,0.721,0.721,1.000,0.000,0,0,4,0,0,4,4,0,0.0,0.0,1.0,0.0,0.0,1.0,1
"G[2,2]((Pt_FatherT1D <= 0.964 & TotalDailyInsPerKg >= 0.038) & Pt_CGMUseNumDays <= 0.465)
",0.000,-0.038,-0.038,1.000,0.000,0,0,4,0,0,4,4,0,0.0,0.0,1.0,0.0,0.0,1.0,1
"G[0,2](AutonomicNeuroCl < 0.000 -> Pt_SHFlg = 0.086)
",0.000,9999999.000,9999999.000,1.000,0.000,0,0,4,0,0,4,4,0,0.0,0.0,1.0,0.0,0.0,1.0,1
"G[2,2](age < 15.932 & Pt_SHFlg = 0.390)
",0.000,-0.390,-0.390,1.000,0.000,0,0,4,0,0,4,4,0,0.0,0.0,1.0,0.0,0.0,1.0,1
"G[2,2](BldPrDia >= 67.968 -> Pt_SHFlg = 0.111)
",0.000,0.111,0.111,1.000,0.000,0,0,4,0,0,4,4,0,0.0,0.0,1.0,0.0,0.0,1.0,1
"G[2,2](LDL >= 39.839 -> Pt_SHFlg = 0.457)
",0.000,0.457,0.457,1.000,0.000,0,0,4,0,0,4,4,0,0.0,0.0,1.0,0.0,0.0,1.0,1
"G[0,2](Pt_A1cGoalLev > 0.221 -> Pt_SHFlg = 0.590)
",0.000,9999999.000,9999999.000,1.000,0.000,0,0,3,1,1,3,3,1,0.0,0.0,1.0,0.0,0.0,1.0,1
"G[1,2](Pt_CGMUseNumDays >= 1.193 -> Pt_SHFlg = 0.617)
",0.000,9999999.000,9999999.000,1.000,0.000,0,0,4,0,0,4,4,0,0.0,0.0,1.0,0.0,0.0,1.0,1
"G[0,2](SMBGperDayPtMeterCombo > 0.526 -> Pt_SHFlg = 0.214)
",0.000,9999999.000,9999999.000,1.000,0.000,0,0,2,2,2,2,2,2,0.0,0.0,1.0,0.0,0.0,1.0,1
"G[2,2](SMBGperDayPtMeterCombo >= 1.199 & BGTestAvgNumPtRep >= 1.826)
",0.000,-1.826,-1.826,1.000,0.000,0,0,4,0,0,4,4,0,0.0,0.0,1.0,0.0,0.0,1.0,1
"G[2,2]((WeightKg >= 42.921 | bmi >= 20.151) -> UnitsInsBasalOrLongAct <= 32.289)
",0.000,-32.289,-32.289,1.000,0.000,0,0,4,0,0,4,4,0,0.0,0.0,1.0,0.0,0.0,1.0,1
"G[0,0](((Pt_CGMUseNumDays <= 27.177 | Pt_SHFlg >= 0.267) | UnitsInsBasalOrLongAct >= 0.069) & bmiZscore <= 0.368)
",0.947,-0.301,-0.420,1.000,0.000,0,0,1,3,3,1,1,3,0.0,0.0,1.0,0.0,0.0,1.0,1
"G[1,2](((HbA1c >= 8.336 | HeightCm >= 150.737) -> Pt_MotherT1D <= 167.663) | diabDur >= 146.926)
",0.000,9999999.000,9999999.000,1.000,0.000,0,0,4,0,0,4,4,0,0.0,0.0,1.0,0.0,0.0,1.0,1
"G[1,2](HeightCm >= 153.980 & Triglyc >= 51.075)
",0.000,9999999.000,9999999.000,1.000,0.000,0,0,3,1,1,3,3,1,0.0,0.0,1.0,0.0,0.0,1.0,1
"F[0,2](((WeightKg <= 68.434 | BUN >= 1.950) | AlbCreatRat_mggNew >= 0.297) -> AutonomicNeuroCl >= 1.020)
",0.000,-9999999.000,-9999999.000,0.000,1.000,0,0,0,4,4,0,0,4,0.0,0.0,0.0,0.0,0.0,1.0,-1
