Rule,Discrimination Score,Pos Robustness,Neg Robustness,Percent Class +,Percent Class -,TP,TN,FP,FN,Actual Yes,Actual No,Predicted Yes,Predicted No,TPR/Sens,TNR/Spec,FPR,Precision,Accuracy,MCR,Class
"G[0,0](((Pt_MotherT1D <= 0.000 -> AlbCreatRat_mggNew >= 0.000) | Pt_InsGov >= 0.000) & Pt_SHFlg >= 0.000)
",0.000,0.000,0.000,1.000,0.000,1,0,0,0,1,0,1,0,1.0,0.0,0.0,1.0,2.0,-1.0,1
"G[0,0](LDL >= 0.315 | diagAgeCombo >= 0.000)
",0.000,0.000,0.000,1.000,0.000,1,0,0,0,1,0,1,0,1.0,0.0,0.0,1.0,2.0,-1.0,1
"G[0,0]((Pt_CGMUseNumDays <= 20409.000 -> UnitsInsBasalOrLongAct <= 0.000) | Pt_FatherT1D <= 0.000)
",0.000,0.000,0.000,1.000,0.000,1,0,0,0,1,0,1,0,1.0,0.0,0.0,1.0,2.0,-1.0,1
"G[0,0](((HeightCm <= 38.100 & AlbCreatRat_mggNew <= 0.000) & BGTestAvgNumPtRep <= 0.000) -> Pt_ChildT1D >= 0.000)
",0.000,0.000,0.000,1.000,0.000,1,0,0,0,1,0,1,0,1.0,0.0,0.0,1.0,2.0,-1.0,1
"G[0,0]((bmi >= 0.000 | AlbCreatRat_mggNew <= 0.000) | Pt_MotherT1D >= 0.000)
",0.000,0.000,0.000,1.000,0.000,1,0,0,0,1,0,1,0,1.0,0.0,0.0,1.0,2.0,-1.0,1
"G[0,0](((GFR <= 1.422 -> Pt_GrandparentT1D >= 0.000) -> WeightKg >= 0.000) | HbA1cImputeDtMnC >= 0.000)
",0.000,0.000,0.000,1.000,0.000,1,0,0,0,1,0,1,0,1.0,0.0,0.0,1.0,2.0,-1.0,1
"G[0,0](BUN <= 113.000 & Pt_A1cGoalLevelDsYr5 >= 0.000)
",0.000,0.000,0.000,1.000,0.000,1,0,0,0,1,0,1,0,1.0,0.0,0.0,1.0,2.0,-1.0,1
"F[0,0](HDL <= 28.000 & HeightCm <= 38.100)
",0.000,0.000,0.000,0.000,1.000,1,0,0,0,1,0,1,0,1.0,0.0,0.0,1.0,2.0,-1.0,-1
"((Pt_A1cGoalLev >= 5.000) U[0,0] (TotChol <= 75.000))
",0.000,0.000,0.000,0.000,1.000,1,0,0,0,1,0,1,0,1.0,0.0,0.0,1.0,2.0,-1.0,-1
"F[0,0](((LDL <= 0.315 | WeightKg <= 12.000) | BldPrDia >= 12.000) -> HbA1c >= 12.000)
",0.000,0.000,0.000,0.000,1.000,1,0,0,0,1,0,1,0,1.0,0.0,0.0,1.0,2.0,-1.0,-1
"((BGTestAvgNumMeter >= 0.000) U[0,0] (BGTestAvgNumPtRep <= 0.000))
",0.000,0.000,0.000,0.000,1.000,1,0,0,0,1,0,1,0,1.0,0.0,0.0,1.0,2.0,-1.0,-1
"F[0,0]((Pt_SHFlg >= 0.000 & TotChol <= 75.000) & GFR <= 75.000)
",0.000,0.000,0.000,0.000,1.000,1,0,0,0,1,0,1,0,1.0,0.0,0.0,1.0,2.0,-1.0,-1
"F[0,0](((Pt_DKAFlg >= 0.000 -> SMBGperDayPtMeterCombo >= 66.000) & Pt_A1cGoalLevelDsYr5 <= 66.000) | HDL <= 66.000)
",0.000,0.000,0.000,0.000,1.000,1,0,0,0,1,0,1,0,1.0,0.0,0.0,1.0,2.0,-1.0,-1
"((BGTestAvgNumMeter >= 0.000) U[0,0] (BGTestAvgNumPtRep <= 0.000))
",0.000,0.000,0.000,0.000,1.000,1,0,0,0,1,0,1,0,1.0,0.0,0.0,1.0,2.0,-1.0,-1
"F[0,0]((Pt_FatherT1D <= 0.000 -> Pt_SHFlg >= 0.000) -> bmi <= 0.000)
",0.000,0.000,0.000,0.000,1.000,1,0,0,0,1,0,1,0,1.0,0.0,0.0,1.0,2.0,-1.0,-1
"F[0,0]((Pt_A1cGoalLev >= 5.000 -> BGTestAvgNumPtRep <= 0.000) -> HDL <= 0.000)
",0.000,0.000,0.000,0.000,1.000,1,0,0,0,1,0,1,0,1.0,0.0,0.0,1.0,2.0,-1.0,-1
"F[0,0](((Pt_DKAFlg >= 0.000 | Pt_GrandchildT1D >= 0.000) | NumPumpBolusOrShortAct >= 0.000) -> bmiZscore <= 0.000)
",0.000,0.000,0.000,0.000,1.000,1,0,0,0,1,0,1,0,1.0,0.0,0.0,1.0,2.0,-1.0,-1
"((BldPrSys <= 1.000) U[0,0] (TotalDailyInsPerKg >= 5.000))
",0.000,0.000,0.000,0.000,1.000,1,0,0,0,1,0,1,0,1.0,0.0,0.0,1.0,2.0,-1.0,-1
"F[0,0](((GFR <= 1.422 & bmi <= 0.000) | BGTestAvgNumMeter >= 0.000) & SMBGperDayPtMeterCombo <= 0.000)
",0.000,0.000,0.000,0.000,1.000,1,0,0,0,1,0,1,0,1.0,0.0,0.0,1.0,2.0,-1.0,-1
"F[0,0](((AlbCreatRat_mggNew >= 0.000 -> diagAgeCombo <= 0.000) -> AlbCreatRat_mggNew <= 0.000) -> BGTestAvgNumPtRep <= 0.000)
",0.000,0.000,0.000,0.000,1.000,1,0,0,0,1,0,1,0,1.0,0.0,0.0,1.0,2.0,-1.0,-1
"F[0,0](((bmiPerc >= 20.936 | WeightKg >= 12.000) -> Pt_SHFlg <= 12.000) -> AlbCreatRat_mggNew >= 12.000)
",0.000,0.000,0.000,0.000,1.000,1,0,0,0,1,0,1,0,1.0,0.0,0.0,1.0,2.0,-1.0,-1
"F[0,0]((BldPrDia >= 107.000 | bmiZscore <= 0.922) & Pt_CGMUseNumDays >= 0.922)
",0.000,0.000,0.000,0.000,1.000,1,0,0,0,1,0,1,0,1.0,0.0,0.0,1.0,2.0,-1.0,-1
"F[0,0](((diabDur >= 10.000 & BldPrSys <= 1.000) & Triglyc >= 1.000) & Pt_DKAFlg <= 1.000)
",0.000,0.000,0.000,0.000,1.000,1,0,0,0,1,0,1,0,1.0,0.0,0.0,1.0,2.0,-1.0,-1
"G[0,0](Pt_DKAFlg <= 0.000 & Pt_ChildT1D <= 0.000)
",0.000,0.000,0.000,1.000,0.000,1,0,0,0,1,0,1,0,1.0,0.0,0.0,1.0,2.0,-1.0,1
"((BGTestAvgNumMeter >= 0.000) U[0,0] (BGTestAvgNumPtRep <= 0.000))
",0.000,0.000,0.000,0.000,1.000,1,0,0,0,1,0,1,0,1.0,0.0,0.0,1.0,2.0,-1.0,-1
"G[0,0](((Pt_DKAFlg >= 0.000 -> bmiPerc >= 20.936) -> WeightKg >= 20.936) | BUN <= 20.936)
",0.000,0.000,0.000,1.000,0.000,1,0,0,0,1,0,1,0,1.0,0.0,0.0,1.0,2.0,-1.0,1
"G[0,0]((WeightKg >= 12.000 | bmi >= 0.000) -> UnitsInsBasalOrLongAct <= 0.000)
",0.000,0.000,0.000,1.000,0.000,1,0,0,0,1,0,1,0,1.0,0.0,0.0,1.0,2.0,-1.0,1
"G[0,0](((Pt_A1cGoalLevelDsYr5 >= 0.000 | GFR <= 1.422) | HDL <= 1.422) | Pt_GrandparentT1D <= 1.422)
",0.000,0.000,0.000,1.000,0.000,1,0,0,0,1,0,1,0,1.0,0.0,0.0,1.0,2.0,-1.0,1
"G[0,0]((Pt_GrandchildT1D <= 0.000 -> UnitsInsBasalOrLongAct >= 0.000) & Pt_A1cGoalLevelDsYr5 >= 0.000)
",0.000,0.000,0.000,1.000,0.000,1,0,0,0,1,0,1,0,1.0,0.0,0.0,1.0,2.0,-1.0,1
"G[0,0]((WeightKg >= 12.000 | bmi >= 0.000) -> UnitsInsBasalOrLongAct <= 0.000)
",0.000,0.000,0.000,1.000,0.000,1,0,0,0,1,0,1,0,1.0,0.0,0.0,1.0,2.0,-1.0,1
"G[0,0]((BldPrDia >= 107.000 & Pt_InsGov >= 0.000) -> Pt_A1cGoalLevelDsYr5 <= 0.000)
",0.000,0.000,0.000,1.000,0.000,1,0,0,0,1,0,1,0,1.0,0.0,0.0,1.0,2.0,-1.0,1
"G[0,0]((Pt_FatherT1D >= 0.000 -> Pt_MotherT1D >= 0.000) -> TotalDailyInsPerKg >= 0.000)
",0.000,0.000,0.000,1.000,0.000,1,0,0,0,1,0,1,0,1.0,0.0,0.0,1.0,2.0,-1.0,1
"G[0,0](((bmi <= 0.000 -> BldPrSys >= 1.000) | HbA1c <= 1.000) -> bmiZscore >= 1.000)
",0.000,0.000,0.000,1.000,0.000,1,0,0,0,1,0,1,0,1.0,0.0,0.0,1.0,2.0,-1.0,1
"G[0,0]((BldPrDia >= 107.000 -> SMBGperDayPtMeterCombo <= 66.000) & diagAgeCombo <= 66.000)
",0.000,0.000,0.000,1.000,0.000,1,0,0,0,1,0,1,0,1.0,0.0,0.0,1.0,2.0,-1.0,1
"G[0,0]((diabDur >= 10.000 -> BGTestAvgNumPtRep >= 0.000) -> Pt_CGMUseNumDays >= 0.000)
",0.000,0.000,0.000,1.000,0.000,1,0,0,0,1,0,1,0,1.0,0.0,0.0,1.0,2.0,-1.0,1
"G[0,0](((Pt_SiblingT1D >= 0.000 -> age >= 0.000) | BUN <= 0.000) -> DirectLDL <= 0.000)
",0.000,0.000,0.000,1.000,0.000,1,0,0,0,1,0,1,0,1.0,0.0,0.0,1.0,2.0,-1.0,1
"G[0,0](((NumPumpBolusOrShortAct <= 0.000 & Pt_FatherT1D <= 0.000) & SMBGperDayPtMeterCombo >= 0.000) -> Triglyc >= 0.000)
",0.000,0.000,0.000,1.000,0.000,1,0,0,0,1,0,1,0,1.0,0.0,0.0,1.0,2.0,-1.0,1
"G[0,0]((Pt_ChildT1D <= 0.000 | BGTestAvgNumMeter >= 0.000) | LDL <= 0.000)
",0.000,0.000,0.000,1.000,0.000,1,0,0,0,1,0,1,0,1.0,0.0,0.0,1.0,2.0,-1.0,1
"G[0,0](((BGTestAvgNumMeter >= 0.000 -> bmiZscore <= 0.922) | Pt_MotherT1D >= 0.922) | Pt_GrandparentT1D >= 0.922)
",0.000,0.000,0.000,1.000,0.000,1,0,0,0,1,0,1,0,1.0,0.0,0.0,1.0,2.0,-1.0,1
"G[0,0](((AutonomicNeuroCl >= 7.300 & TSH >= 12.000) -> Triglyc <= 12.000) -> NumPumpBolusOrShortAct <= 12.000)
",0.000,0.000,0.000,1.000,0.000,1,0,0,0,1,0,1,0,1.0,0.0,0.0,1.0,2.0,-1.0,1
"G[0,0]((age >= 0.000 & TotalDailyInsPerKg <= 5.000) | Pt_GrandparentT1D >= 5.000)
",0.000,0.000,0.000,1.000,0.000,1,0,0,0,1,0,1,0,1.0,0.0,0.0,1.0,2.0,-1.0,1
"G[0,0](Pt_A1cGoalLevelDsYr5 >= 0.000 & Pt_SHFlg = 0.000)
",0.000,0.000,0.000,1.000,0.000,1,0,0,0,1,0,1,0,1.0,0.0,0.0,1.0,2.0,-1.0,1
"G[0,0](((Pt_SHFlg <= 0.000 & BldPrDia >= 107.000) | bmiPerc <= 107.000) -> LDL <= 107.000)
",0.000,0.000,0.000,1.000,0.000,1,0,0,0,1,0,1,0,1.0,0.0,0.0,1.0,2.0,-1.0,1
"G[0,0](((SMBGperDayPtMeterCombo >= 66.000 | TotalDailyInsPerKg >= 5.000) & age >= 5.000) | bmiPerc <= 5.000)
",0.000,0.000,0.000,1.000,0.000,1,0,0,0,1,0,1,0,1.0,0.0,0.0,1.0,2.0,-1.0,1
"G[0,0](((BUN >= 113.000 & Pt_ChildT1D >= 0.000) & diagAgeCombo <= 0.000) -> Pt_FatherT1D >= 0.000)
",0.000,0.000,0.000,1.000,0.000,1,0,0,0,1,0,1,0,1.0,0.0,0.0,1.0,2.0,-1.0,1
"G[0,0]((BGTestAvgNumPtRep >= 0.000 | TotalDailyInsPerKg <= 5.000) & diabDur >= 5.000)
",0.000,0.000,0.000,1.000,0.000,1,0,0,0,1,0,1,0,1.0,0.0,0.0,1.0,2.0,-1.0,1
"G[0,0]((WeightKg >= 12.000 | bmi >= 0.000) -> UnitsInsBasalOrLongAct <= 0.000)
",0.000,0.000,0.000,1.000,0.000,1,0,0,0,1,0,1,0,1.0,0.0,0.0,1.0,2.0,-1.0,1
"F[2,2]((TSH <= 12.000 & Pt_SHFlg <= 0.000) -> Pt_GrandchildT1D >= 0.000)
",0.000,0.000,0.000,0.000,1.000,0,0,0,1,1,0,0,1,0.0,0.0,0.0,0.0,0.0,1.0,-1
"F[1,1]((BldPrDia >= 107.000 | Pt_SiblingT1D <= 0.000) | Pt_ChildT1D <= 0.000)
",0.000,0.000,0.000,0.000,1.000,0,0,0,1,1,0,0,1,0.0,0.0,0.0,0.0,0.0,1.0,-1
"F[1,2](((Pt_GrandparentT1D >= 0.000 & Pt_CGMUseNumDays <= 20409.000) | HbA1cImputeDtMnC >= 20409.000) & bmiZscore <= 20409.000)
",0.000,0.000,0.000,0.000,1.000,0,0,0,1,1,0,0,1,0.0,0.0,0.0,0.0,0.0,1.0,-1
"F[0,1](((HbA1c >= 0.000 | Pt_ChildT1D <= 0.000) -> Pt_ChildT1D <= 0.000) | BGTestAvgNumMeter >= 0.000)
",0.000,0.000,0.000,0.000,1.000,0,0,0,1,1,0,0,1,0.0,0.0,0.0,0.0,0.0,1.0,-1
"F[2,2]((AlbCreatRat_mggNew <= 0.000 | AutonomicNeuroCl >= 7.300) -> WeightKg >= 7.300)
",0.000,0.000,0.000,0.000,1.000,0,0,0,1,1,0,0,1,0.0,0.0,0.0,0.0,0.0,1.0,-1
"F[1,1](((BldPrSys >= 1.000 | DirectLDL <= 134.900) & bmiZscore >= 134.900) -> Pt_InsGov <= 134.900)
",0.000,0.000,0.000,0.000,1.000,0,0,0,1,1,0,0,1,0.0,0.0,0.0,0.0,0.0,1.0,-1
"F[0,1]((bmi >= 0.000 & UnitsInsBasalOrLongAct <= 0.000) | Pt_MotherT1D <= 0.000)
",0.000,0.000,0.000,0.000,1.000,0,0,0,1,1,0,0,1,0.0,0.0,0.0,0.0,0.0,1.0,-1
"((bmi >= 0.000) U[0,2] (HeightCm >= 38.100))
",0.000,0.000,0.000,0.000,1.000,0,0,0,1,1,0,0,1,0.0,0.0,0.0,0.0,0.0,1.0,-1
"F[0,2](Pt_A1cGoalLevelDsYr5 >= 0.000 & Pt_A1cGoalLev <= 5.000)
",0.000,0.000,0.000,0.000,1.000,0,0,0,1,1,0,0,1,0.0,0.0,0.0,0.0,0.0,1.0,-1
"((bmiZscore >= 0.922) U[1,2] (TotalDailyInsPerKg >= 5.000))
",0.000,0.000,0.000,0.000,1.000,0,0,0,1,1,0,0,1,0.0,0.0,0.0,0.0,0.0,1.0,-1
"F[0,0]((Pt_FatherT1D >= 0.000 & Pt_SiblingT1D >= 0.000) -> BldPrSys >= 0.000)
",0.000,0.000,0.000,0.000,1.000,0,0,0,1,1,0,0,1,0.0,0.0,0.0,0.0,0.0,1.0,-1
"F[0,2](((bmi >= 0.000 | Pt_MotherT1D >= 0.000) & Pt_GrandparentT1D >= 0.000) & diabDur <= 0.000)
",0.000,0.000,0.000,0.000,1.000,0,0,0,1,1,0,0,1,0.0,0.0,0.0,0.0,0.0,1.0,-1
"F[1,2](Pt_GrandparentT1D >= 0.000 & TotalDailyInsPerKg <= 5.000)
",0.000,0.000,0.000,0.000,1.000,0,0,0,1,1,0,0,1,0.0,0.0,0.0,0.0,0.0,1.0,-1
"F[0,2](BGTestAvgNumPtRep >= 0.000 & BUN >= 113.000)
",0.000,0.000,0.000,0.000,1.000,0,0,0,1,1,0,0,1,0.0,0.0,0.0,0.0,0.0,1.0,-1
"F[0,1](((bmiZscore >= 0.922 -> bmiPerc <= 20.936) -> GFR <= 20.936) -> UnitsInsBasalOrLongAct <= 20.936)
",0.000,0.000,0.000,0.000,1.000,0,0,0,1,1,0,0,1,0.0,0.0,0.0,0.0,0.0,1.0,-1
"((Pt_GrandparentT1D <= 0.000) U[1,2] (Pt_SiblingT1D <= 0.000))
",0.000,0.000,0.000,0.000,1.000,0,0,0,1,1,0,0,1,0.0,0.0,0.0,0.0,0.0,1.0,-1
"F[0,1]((Pt_FatherT1D <= 0.000 | UnitsInsBasalOrLongAct <= 0.000) | diagAgeCombo >= 0.000)
",0.000,0.000,0.000,0.000,1.000,0,0,0,1,1,0,0,1,0.0,0.0,0.0,0.0,0.0,1.0,-1
"F[1,2](HeightCm <= 38.100 -> AlbCreatRat_mggNew <= 0.000)
",0.000,0.000,0.000,0.000,1.000,0,0,0,1,1,0,0,1,0.0,0.0,0.0,0.0,0.0,1.0,-1
"F[0,0](AlbCreatRat_mggNew <= 0.000 -> bmiZscore >= 0.922)
",0.000,0.000,0.000,0.000,1.000,0,0,0,1,1,0,0,1,0.0,0.0,0.0,0.0,0.0,1.0,-1
"F[2,2](((BGTestAvgNumPtRep <= 0.000 -> AutonomicNeuroCl <= 7.300) & GFR <= 7.300) | diabDur >= 7.300)
",0.000,0.000,0.000,0.000,1.000,0,0,0,1,1,0,0,1,0.0,0.0,0.0,0.0,0.0,1.0,-1
"F[2,2]((Pt_InsGov <= 0.000 -> LDL <= 0.315) | Pt_A1cGoalLevelDsYr5 <= 0.315)
",0.000,0.000,0.000,0.000,1.000,0,0,0,1,1,0,0,1,0.0,0.0,0.0,0.0,0.0,1.0,-1
"((LDL >= 0.315) U[1,2] (Pt_GrandchildT1D >= 0.000))
",0.000,0.000,0.000,0.000,1.000,0,0,0,1,1,0,0,1,0.0,0.0,0.0,0.0,0.0,1.0,-1
"F[0,2]((LDL >= 0.315 & Pt_SHFlg >= 0.000) -> Pt_SHFlg <= 0.000)
",0.000,0.000,0.000,0.000,1.000,0,0,0,1,1,0,0,1,0.0,0.0,0.0,0.0,0.0,1.0,-1
"F[0,2](((TSH <= 12.000 & SMBGperDayPtMeterCombo <= 66.000) & AlbCreatRat_mggNew >= 66.000) & WeightKg <= 66.000)
",0.000,0.000,0.000,0.000,1.000,0,0,0,1,1,0,0,1,0.0,0.0,0.0,0.0,0.0,1.0,-1
"F[1,1](((Pt_SiblingT1D >= 0.000 | bmiPerc <= 20.936) | Pt_SiblingT1D >= 20.936) & Pt_DKAFlg >= 20.936)
",0.000,0.000,0.000,0.000,1.000,0,0,0,1,1,0,0,1,0.0,0.0,0.0,0.0,0.0,1.0,-1
"F[1,2](((Pt_ChildT1D <= 0.000 | Pt_MotherT1D >= 0.000) | Pt_DKAFlg <= 0.000) | Pt_ChildT1D >= 0.000)
",0.000,0.000,0.000,0.000,1.000,0,0,0,1,1,0,0,1,0.0,0.0,0.0,0.0,0.0,1.0,-1
"((GFR <= 1.422) U[0,0] (diabDur <= 10.000))
",0.000,0.000,0.000,0.000,1.000,0,0,0,1,1,0,0,1,0.0,0.0,0.0,0.0,0.0,1.0,-1
"F[1,2]((Pt_MotherT1D >= 0.000 | BldPrDia >= 107.000) & TotalDailyInsPerKg >= 107.000)
",0.000,0.000,0.000,0.000,1.000,0,0,0,1,1,0,0,1,0.0,0.0,0.0,0.0,0.0,1.0,-1
"F[0,2]((HDL >= 28.000 & HeightCm <= 38.100) | TotChol <= 38.100)
",0.000,0.000,0.000,0.000,1.000,0,0,0,1,1,0,0,1,0.0,0.0,0.0,0.0,0.0,1.0,-1
"F[1,2](Pt_MotherT1D <= 0.000 -> age >= 0.000)
",0.000,0.000,0.000,0.000,1.000,0,0,0,1,1,0,0,1,0.0,0.0,0.0,0.0,0.0,1.0,-1
"((UnitsInsBasalOrLongAct <= 0.000) U[2,2] (Pt_A1cGoalLev >= 5.000))
",0.000,0.000,0.000,0.000,1.000,0,0,0,1,1,0,0,1,0.0,0.0,0.0,0.0,0.0,1.0,-1
"F[1,2]((Pt_DKAFlg <= 0.000 & WeightKg >= 12.000) | bmi >= 12.000)
",0.000,0.000,0.000,0.000,1.000,0,0,0,1,1,0,0,1,0.0,0.0,0.0,0.0,0.0,1.0,-1
"F[1,2](((HbA1cImputeDtMnC >= 7.000 -> HbA1cImputeDtMnC <= 7.000) -> Pt_CGMUseNumDays >= 7.000) | Pt_GrandchildT1D <= 7.000)
",0.000,0.000,0.000,0.000,1.000,0,0,0,1,1,0,0,1,0.0,0.0,0.0,0.0,0.0,1.0,-1
"F[1,2]((HDL <= 28.000 & Pt_CGMUseNumDays >= 20409.000) -> WeightKg <= 20409.000)
",0.000,0.000,0.000,0.000,1.000,0,0,0,1,1,0,0,1,0.0,0.0,0.0,0.0,0.0,1.0,-1
"F[0,1]((Pt_DKAFlg >= 0.000 -> NumPumpBolusOrShortAct <= 0.000) | HbA1c <= 0.000)
",0.000,0.000,0.000,0.000,1.000,0,0,0,1,1,0,0,1,0.0,0.0,0.0,0.0,0.0,1.0,-1
"F[0,1](Pt_InsGov >= 0.000 & TotChol >= 75.000)
",0.000,0.000,0.000,0.000,1.000,0,0,0,1,1,0,0,1,0.0,0.0,0.0,0.0,0.0,1.0,-1
"F[0,2]((TotalDailyInsPerKg <= 5.000 | diagAgeCombo >= 0.000) | AutonomicNeuroCl <= 0.000)
",0.000,0.000,0.000,0.000,1.000,0,0,0,1,1,0,0,1,0.0,0.0,0.0,0.0,0.0,1.0,-1
"((Pt_A1cGoalLevelDsYr5 <= 0.000) U[0,2] (UnitsInsBasalOrLongAct >= 0.000))
",0.000,0.000,0.000,0.000,1.000,0,0,0,1,1,0,0,1,0.0,0.0,0.0,0.0,0.0,1.0,-1
"F[0,1]((BUN <= 113.000 & AlbCreatRat_mggNew >= 0.000) | Pt_CGMUseNumDays <= 0.000)
",0.000,0.000,0.000,0.000,1.000,0,0,0,1,1,0,0,1,0.0,0.0,0.0,0.0,0.0,1.0,-1
"((HbA1c <= 0.000) U[0,2] (Pt_SHFlg = 0.000))
",0.000,0.000,0.000,0.000,1.000,0,0,0,1,1,0,0,1,0.0,0.0,0.0,0.0,0.0,1.0,-1
"((AutonomicNeuroCl < 7.300) U[0,0] (Pt_SHFlg = 0.000))
",0.000,0.000,0.000,0.000,1.000,0,0,0,1,1,0,0,1,0.0,0.0,0.0,0.0,0.0,1.0,-1
"((diagAgeCombo < 0.000) U[0,1] (Pt_SHFlg = 0.000))
",0.000,0.000,0.000,0.000,1.000,0,0,0,1,1,0,0,1,0.0,0.0,0.0,0.0,0.0,1.0,-1
"F[0,1]((Pt_GrandchildT1D <= 0.000 & Pt_ChildT1D >= 0.000) -> GFR >= 0.000)
",0.000,0.000,0.000,0.000,1.000,0,0,0,1,1,0,0,1,0.0,0.0,0.0,0.0,0.0,1.0,-1
"F[0,2]((diabDur >= 10.000 | BldPrSys <= 1.000) | TotalDailyInsPerKg <= 1.000)
",0.000,0.000,0.000,0.000,1.000,0,0,0,1,1,0,0,1,0.0,0.0,0.0,0.0,0.0,1.0,-1
"F[0,1]((AlbCreatRat_mggNew >= 0.000 | Triglyc <= 126.000) -> TSH >= 126.000)
",0.000,0.000,0.000,0.000,1.000,0,0,0,1,1,0,0,1,0.0,0.0,0.0,0.0,0.0,1.0,-1
"F[0,0](((BGTestAvgNumMeter >= 0.000 & TotalDailyInsPerKg <= 5.000) | LDL >= 5.000) | TSH <= 5.000)
",0.000,0.000,0.000,0.000,1.000,0,0,0,1,1,0,0,1,0.0,0.0,0.0,0.0,0.0,1.0,-1
"F[0,1]((GFR <= 1.422 | Pt_GrandchildT1D >= 0.000) & BGTestAvgNumMeter >= 0.000)
",0.000,0.000,0.000,0.000,1.000,0,0,0,1,1,0,0,1,0.0,0.0,0.0,0.0,0.0,1.0,-1
"F[0,1](Triglyc <= 126.000 -> bmiPerc <= 20.936)
",0.000,0.000,0.000,0.000,1.000,0,0,0,1,1,0,0,1,0.0,0.0,0.0,0.0,0.0,1.0,-1
"F[0,1]((diagAgeCombo >= 0.000 & diabDur <= 10.000) & SMBGperDayPtMeterCombo <= 10.000)
",0.000,0.000,0.000,0.000,1.000,0,0,0,1,1,0,0,1,0.0,0.0,0.0,0.0,0.0,1.0,-1
"F[1,1](((BGTestAvgNumMeter >= 0.000 & TotalDailyInsPerKg <= 5.000) | HeightCm >= 5.000) -> BGTestAvgNumPtRep <= 5.000)
",0.000,0.000,0.000,0.000,1.000,0,0,0,1,1,0,0,1,0.0,0.0,0.0,0.0,0.0,1.0,-1
"F[0,1]((bmi <= 0.000 & bmiZscore >= 0.922) | Pt_A1cGoalLevelDsYr5 <= 0.922)
",0.000,0.000,0.000,0.000,1.000,0,0,0,1,1,0,0,1,0.0,0.0,0.0,0.0,0.0,1.0,-1
"F[1,1](((Pt_ChildT1D <= 0.000 | BGTestAvgNumPtRep <= 0.000) | Triglyc >= 0.000) & HDL <= 0.000)
",0.000,0.000,0.000,0.000,1.000,0,0,0,1,1,0,0,1,0.0,0.0,0.0,0.0,0.0,1.0,-1
"F[0,1](AlbCreatRat_mggNew <= 0.000 -> NumPumpBolusOrShortAct >= 0.000)
",0.000,0.000,0.000,0.000,1.000,0,0,0,1,1,0,0,1,0.0,0.0,0.0,0.0,0.0,1.0,-1
"F[2,2](bmiZscore >= 0.922 | HbA1cImputeDtMnC >= 7.000)
",0.000,0.000,0.000,0.000,1.000,0,0,0,1,1,0,0,1,0.0,0.0,0.0,0.0,0.0,1.0,-1
"F[0,1](((TotalDailyInsPerKg >= 5.000 -> BldPrDia >= 107.000) | GFR >= 107.000) | GFR <= 107.000)
",0.000,0.000,0.000,0.000,1.000,0,0,0,1,1,0,0,1,0.0,0.0,0.0,0.0,0.0,1.0,-1
"F[2,2](((AlbCreatRat_mggNew <= 0.000 -> Triglyc >= 126.000) | AutonomicNeuroCl <= 126.000) & Pt_A1cGoalLev >= 126.000)
",0.000,0.000,0.000,0.000,1.000,0,0,0,1,1,0,0,1,0.0,0.0,0.0,0.0,0.0,1.0,-1
"F[0,0](BldPrDia >= 107.000 | Pt_A1cGoalLevelDsYr5 <= 0.000)
",0.000,0.000,0.000,0.000,1.000,0,0,0,1,1,0,0,1,0.0,0.0,0.0,0.0,0.0,1.0,-1
"F[2,2]((HeightCm >= 38.100 | bmi >= 0.000) -> HDL <= 0.000)
",0.000,0.000,0.000,0.000,1.000,0,0,0,1,1,0,0,1,0.0,0.0,0.0,0.0,0.0,1.0,-1
"F[1,2](((DirectLDL <= 134.900 -> Pt_A1cGoalLev <= 5.000) & Pt_DKAFlg <= 5.000) | GFR <= 5.000)
",0.000,0.000,0.000,0.000,1.000,0,0,0,1,1,0,0,1,0.0,0.0,0.0,0.0,0.0,1.0,-1
"((bmiPerc <= 20.936) U[0,1] (HbA1cImputeDtMnC <= 7.000))
",0.000,0.000,0.000,0.000,1.000,0,0,0,1,1,0,0,1,0.0,0.0,0.0,0.0,0.0,1.0,-1
"F[1,2](HbA1c >= 0.000 & SMBGperDayPtMeterCombo >= 66.000)
",0.000,0.000,0.000,0.000,1.000,0,0,0,1,1,0,0,1,0.0,0.0,0.0,0.0,0.0,1.0,-1
"F[2,2](HeightCm <= 38.100 & Pt_A1cGoalLev >= 5.000)
",0.000,0.000,0.000,0.000,1.000,0,0,0,1,1,0,0,1,0.0,0.0,0.0,0.0,0.0,1.0,-1
"F[1,2]((HeightCm >= 38.100 & Pt_GrandchildT1D >= 0.000) -> age <= 0.000)
",0.000,0.000,0.000,0.000,1.000,0,0,0,1,1,0,0,1,0.0,0.0,0.0,0.0,0.0,1.0,-1
"((DirectLDL <= 134.900) U[0,0] (AutonomicNeuroCl <= 7.300))
",0.000,0.000,0.000,0.000,1.000,0,0,0,1,1,0,0,1,0.0,0.0,0.0,0.0,0.0,1.0,-1
"F[0,2](((Pt_ChildT1D >= 0.000 | TotalDailyInsPerKg >= 5.000) -> BUN >= 5.000) -> WeightKg <= 5.000)
",0.000,0.000,0.000,0.000,1.000,0,0,0,1,1,0,0,1,0.0,0.0,0.0,0.0,0.0,1.0,-1
"F[0,0](Pt_FatherT1D <= 0.000 -> UnitsInsBasalOrLongAct >= 0.000)
",0.000,0.000,0.000,0.000,1.000,0,0,0,1,1,0,0,1,0.0,0.0,0.0,0.0,0.0,1.0,-1
"F[2,2](((Pt_InsGov >= 0.000 & HDL >= 28.000) | HbA1cImputeDtMnC <= 28.000) | DirectLDL >= 28.000)
",0.000,0.000,0.000,0.000,1.000,0,0,0,1,1,0,0,1,0.0,0.0,0.0,0.0,0.0,1.0,-1
"((age >= 0.000) U[1,2] (HbA1cImputeDtMnC <= 7.000))
",0.000,0.000,0.000,0.000,1.000,0,0,0,1,1,0,0,1,0.0,0.0,0.0,0.0,0.0,1.0,-1
"((HDL >= 28.000) U[1,2] (GFR >= 1.422))
",0.000,0.000,0.000,0.000,1.000,0,0,0,1,1,0,0,1,0.0,0.0,0.0,0.0,0.0,1.0,-1
"F[2,2]((BldPrDia >= 107.000 -> BldPrSys <= 1.000) | NumPumpBolusOrShortAct >= 1.000)
",0.000,0.000,0.000,0.000,1.000,0,0,0,1,1,0,0,1,0.0,0.0,0.0,0.0,0.0,1.0,-1
"F[0,2]((diagAgeCombo >= 0.000 | LDL <= 0.315) -> TotChol >= 0.315)
",0.000,0.000,0.000,0.000,1.000,0,0,0,1,1,0,0,1,0.0,0.0,0.0,0.0,0.0,1.0,-1
"((SMBGperDayPtMeterCombo >= 66.000) U[1,2] (DirectLDL >= 134.900))
",0.000,0.000,0.000,0.000,1.000,0,0,0,1,1,0,0,1,0.0,0.0,0.0,0.0,0.0,1.0,-1
"F[0,1](((UnitsInsBasalOrLongAct >= 0.000 -> Pt_CGMUseNumDays >= 20409.000) & Pt_GrandparentT1D >= 20409.000) -> Pt_GrandchildT1D >= 20409.000)
",0.000,0.000,0.000,0.000,1.000,0,0,0,1,1,0,0,1,0.0,0.0,0.0,0.0,0.0,1.0,-1
"((bmiPerc >= 20.936) U[0,2] (Pt_GrandparentT1D <= 0.000))
",0.000,0.000,0.000,0.000,1.000,0,0,0,1,1,0,0,1,0.0,0.0,0.0,0.0,0.0,1.0,-1
"F[1,2]((Pt_SiblingT1D <= 0.000 | Pt_CGMUseNumDays <= 20409.000) | TotalDailyInsPerKg >= 20409.000)
",0.000,0.000,0.000,0.000,1.000,0,0,0,1,1,0,0,1,0.0,0.0,0.0,0.0,0.0,1.0,-1
"F[1,2](Pt_SHFlg <= 0.000 & Pt_SHFlg >= 0.000)
",0.000,0.000,0.000,0.000,1.000,0,0,0,1,1,0,0,1,0.0,0.0,0.0,0.0,0.0,1.0,-1
"F[0,1](BldPrDia <= 107.000 | Pt_DKAFlg >= 0.000)
",0.000,0.000,0.000,0.000,1.000,0,0,0,1,1,0,0,1,0.0,0.0,0.0,0.0,0.0,1.0,-1
"F[0,0]((HeightCm <= 38.100 | DirectLDL >= 134.900) | TSH <= 134.900)
",0.000,0.000,0.000,0.000,1.000,0,0,0,1,1,0,0,1,0.0,0.0,0.0,0.0,0.0,1.0,-1
"((TSH <= 12.000) U[2,2] (BUN <= 113.000))
",0.000,0.000,0.000,0.000,1.000,0,0,0,1,1,0,0,1,0.0,0.0,0.0,0.0,0.0,1.0,-1
"F[0,2](bmi <= 0.000 | BldPrSys >= 1.000)
",0.000,0.000,0.000,0.000,1.000,0,0,0,1,1,0,0,1,0.0,0.0,0.0,0.0,0.0,1.0,-1
"F[0,1](((UnitsInsBasalOrLongAct >= 0.000 & AutonomicNeuroCl <= 7.300) & WeightKg <= 7.300) -> Pt_MotherT1D >= 7.300)
",0.000,0.000,0.000,0.000,1.000,0,0,0,1,1,0,0,1,0.0,0.0,0.0,0.0,0.0,1.0,-1
"F[0,2](((UnitsInsBasalOrLongAct <= 0.000 | Pt_GrandchildT1D >= 0.000) & Triglyc <= 0.000) | Pt_FatherT1D >= 0.000)
",0.000,0.000,0.000,0.000,1.000,0,0,0,1,1,0,0,1,0.0,0.0,0.0,0.0,0.0,1.0,-1
"F[2,2](bmiZscore >= 0.922 | BUN >= 113.000)
",0.000,0.000,0.000,0.000,1.000,0,0,0,1,1,0,0,1,0.0,0.0,0.0,0.0,0.0,1.0,-1
"F[0,2](((diagAgeCombo <= 0.000 | Pt_CGMUseNumDays >= 20409.000) -> diagAgeCombo >= 20409.000) | Pt_GrandchildT1D <= 20409.000)
",0.000,0.000,0.000,0.000,1.000,0,0,0,1,1,0,0,1,0.0,0.0,0.0,0.0,0.0,1.0,-1
"((BGTestAvgNumPtRep <= 0.000) U[1,2] (diagAgeCombo <= 0.000))
",0.000,0.000,0.000,0.000,1.000,0,0,0,1,1,0,0,1,0.0,0.0,0.0,0.0,0.0,1.0,-1
"F[0,0](WeightKg >= 12.000 | UnitsInsBasalOrLongAct <= 0.000)
",0.000,0.000,0.000,0.000,1.000,0,0,0,1,1,0,0,1,0.0,0.0,0.0,0.0,0.0,1.0,-1
"F[0,0](age <= 0.000 -> DirectLDL >= 134.900)
",0.000,0.000,0.000,0.000,1.000,0,0,0,1,1,0,0,1,0.0,0.0,0.0,0.0,0.0,1.0,-1
"F[0,2](Pt_GrandparentT1D >= 0.000 | HDL >= 28.000)
",0.000,0.000,0.000,0.000,1.000,0,0,0,1,1,0,0,1,0.0,0.0,0.0,0.0,0.0,1.0,-1
"((Pt_GrandparentT1D >= 0.000) U[0,2] (HbA1c >= 0.000))
",0.000,0.000,0.000,0.000,1.000,0,0,0,1,1,0,0,1,0.0,0.0,0.0,0.0,0.0,1.0,-1
"((Pt_DKAFlg >= 0.000) U[1,2] (Pt_FatherT1D <= 0.000))
",0.000,0.000,0.000,0.000,1.000,0,0,0,1,1,0,0,1,0.0,0.0,0.0,0.0,0.0,1.0,-1
"((DirectLDL >= 134.900) U[0,2] (Pt_SHFlg <= 0.000))
",0.000,0.000,0.000,0.000,1.000,0,0,0,1,1,0,0,1,0.0,0.0,0.0,0.0,0.0,1.0,-1
"F[0,1](TotalDailyInsPerKg >= 5.000 -> TotalDailyInsPerKg >= 5.000)
",0.000,0.000,0.000,0.000,1.000,0,0,0,1,1,0,0,1,0.0,0.0,0.0,0.0,0.0,1.0,-1
"((bmiPerc >= 20.936) U[1,1] (WeightKg >= 12.000))
",0.000,0.000,0.000,0.000,1.000,0,0,0,1,1,0,0,1,0.0,0.0,0.0,0.0,0.0,1.0,-1
"F[0,1]((Pt_FatherT1D <= 0.000 | Pt_FatherT1D >= 0.000) -> AlbCreatRat_mggNew <= 0.000)
",0.000,0.000,0.000,0.000,1.000,0,0,0,1,1,0,0,1,0.0,0.0,0.0,0.0,0.0,1.0,-1
"F[1,2]((GFR <= 1.422 -> Pt_MotherT1D <= 0.000) -> Pt_SHFlg >= 0.000)
",0.000,0.000,0.000,0.000,1.000,0,0,0,1,1,0,0,1,0.0,0.0,0.0,0.0,0.0,1.0,-1
"F[0,1]((Pt_GrandchildT1D >= 0.000 | Triglyc <= 126.000) & bmiZscore <= 126.000)
",0.000,0.000,0.000,0.000,1.000,0,0,0,1,1,0,0,1,0.0,0.0,0.0,0.0,0.0,1.0,-1
"F[0,2](((TotalDailyInsPerKg <= 5.000 -> Pt_A1cGoalLevelDsYr5 >= 0.000) -> UnitsInsBasalOrLongAct >= 0.000) -> WeightKg >= 0.000)
",0.000,0.000,0.000,0.000,1.000,0,0,0,1,1,0,0,1,0.0,0.0,0.0,0.0,0.0,1.0,-1
"F[1,2](Pt_ChildT1D <= 0.000 | GFR >= 1.422)
",0.000,0.000,0.000,0.000,1.000,0,0,0,1,1,0,0,1,0.0,0.0,0.0,0.0,0.0,1.0,-1
"F[0,1]((Pt_SiblingT1D >= 0.000 | UnitsInsBasalOrLongAct <= 0.000) & UnitsInsBasalOrLongAct <= 0.000)
",0.000,0.000,0.000,0.000,1.000,0,0,0,1,1,0,0,1,0.0,0.0,0.0,0.0,0.0,1.0,-1
"F[0,2](((GFR <= 1.422 & HbA1cImputeDtMnC >= 7.000) -> WeightKg <= 7.000) | Pt_DKAFlg >= 7.000)
",0.000,0.000,0.000,0.000,1.000,0,0,0,1,1,0,0,1,0.0,0.0,0.0,0.0,0.0,1.0,-1
"F[1,1]((BldPrDia <= 107.000 -> UnitsInsBasalOrLongAct <= 0.000) | BGTestAvgNumMeter >= 0.000)
",0.000,0.000,0.000,0.000,1.000,0,0,0,1,1,0,0,1,0.0,0.0,0.0,0.0,0.0,1.0,-1
"F[2,2](((Pt_SiblingT1D <= 0.000 -> age <= 0.000) | Pt_GrandchildT1D >= 0.000) | TotChol <= 0.000)
",0.000,0.000,0.000,0.000,1.000,0,0,0,1,1,0,0,1,0.0,0.0,0.0,0.0,0.0,1.0,-1
"F[2,2]((Pt_CGMUseNumDays <= 20409.000 | diagAgeCombo <= 0.000) -> bmi <= 0.000)
",0.000,0.000,0.000,0.000,1.000,0,0,0,1,1,0,0,1,0.0,0.0,0.0,0.0,0.0,1.0,-1
"F[1,2]((Triglyc <= 126.000 | Pt_SHFlg >= 0.000) -> bmiPerc >= 0.000)
",0.000,0.000,0.000,0.000,1.000,0,0,0,1,1,0,0,1,0.0,0.0,0.0,0.0,0.0,1.0,-1
"F[1,2]((Pt_GrandchildT1D <= 0.000 | UnitsInsBasalOrLongAct <= 0.000) -> Triglyc <= 0.000)
",0.000,0.000,0.000,0.000,1.000,0,0,0,1,1,0,0,1,0.0,0.0,0.0,0.0,0.0,1.0,-1
"F[0,0]((WeightKg <= 12.000 & Pt_InsGov >= 0.000) -> SMBGperDayPtMeterCombo <= 0.000)
",0.000,0.000,0.000,0.000,1.000,0,0,0,1,1,0,0,1,0.0,0.0,0.0,0.0,0.0,1.0,-1
"F[1,2](UnitsInsBasalOrLongAct >= 0.000 | Pt_CGMUseNumDays >= 20409.000)
",0.000,0.000,0.000,0.000,1.000,0,0,0,1,1,0,0,1,0.0,0.0,0.0,0.0,0.0,1.0,-1
"((DirectLDL >= 134.900) U[1,2] (bmi <= 0.000))
",0.000,0.000,0.000,0.000,1.000,0,0,0,1,1,0,0,1,0.0,0.0,0.0,0.0,0.0,1.0,-1
"F[0,2](((BUN >= 113.000 | BUN <= 113.000) & TotalDailyInsPerKg <= 113.000) & Pt_SHFlg >= 113.000)
",0.000,0.000,0.000,0.000,1.000,0,0,0,1,1,0,0,1,0.0,0.0,0.0,0.0,0.0,1.0,-1
"F[1,2](((Pt_FatherT1D >= 0.000 & Pt_SHFlg >= 0.000) -> BldPrDia >= 0.000) -> TotChol <= 0.000)
",0.000,0.000,0.000,0.000,1.000,0,0,0,1,1,0,0,1,0.0,0.0,0.0,0.0,0.0,1.0,-1
"F[0,1](((diagAgeCombo >= 0.000 -> Pt_FatherT1D >= 0.000) | Pt_GrandparentT1D <= 0.000) -> Pt_A1cGoalLevelDsYr5 <= 0.000)
",0.000,0.000,0.000,0.000,1.000,0,0,0,1,1,0,0,1,0.0,0.0,0.0,0.0,0.0,1.0,-1
"((UnitsInsBasalOrLongAct >= 0.000) U[1,2] (BldPrSys >= 1.000))
",0.000,0.000,0.000,0.000,1.000,0,0,0,1,1,0,0,1,0.0,0.0,0.0,0.0,0.0,1.0,-1
"F[1,1]((Pt_SHFlg >= 0.000 | AutonomicNeuroCl <= 7.300) -> NumPumpBolusOrShortAct <= 7.300)
",0.000,0.000,0.000,0.000,1.000,0,0,0,1,1,0,0,1,0.0,0.0,0.0,0.0,0.0,1.0,-1
"F[1,2]((HbA1cImputeDtMnC <= 7.000 & Triglyc >= 126.000) | HDL <= 126.000)
",0.000,0.000,0.000,0.000,1.000,0,0,0,1,1,0,0,1,0.0,0.0,0.0,0.0,0.0,1.0,-1
"F[2,2](BldPrSys <= 1.000 & GFR >= 1.422)
",0.000,0.000,0.000,0.000,1.000,0,0,0,1,1,0,0,1,0.0,0.0,0.0,0.0,0.0,1.0,-1
"F[0,2]((WeightKg <= 12.000 & Pt_FatherT1D <= 0.000) | BldPrDia >= 0.000)
",0.000,0.000,0.000,0.000,1.000,0,0,0,1,1,0,0,1,0.0,0.0,0.0,0.0,0.0,1.0,-1
"F[1,1](((BGTestAvgNumMeter <= 0.000 & Pt_SHFlg <= 0.000) & BUN >= 0.000) -> WeightKg >= 0.000)
",0.000,0.000,0.000,0.000,1.000,0,0,0,1,1,0,0,1,0.0,0.0,0.0,0.0,0.0,1.0,-1
"F[0,2](Pt_InsGov <= 0.000 -> bmiZscore >= 0.922)
",0.000,0.000,0.000,0.000,1.000,0,0,0,1,1,0,0,1,0.0,0.0,0.0,0.0,0.0,1.0,-1
"F[0,0]((BUN <= 113.000 -> bmiZscore >= 0.922) | BGTestAvgNumMeter <= 0.922)
",0.000,0.000,0.000,0.000,1.000,0,0,0,1,1,0,0,1,0.0,0.0,0.0,0.0,0.0,1.0,-1
"F[1,1](((Pt_GrandparentT1D >= 0.000 | Pt_SHFlg >= 0.000) -> Pt_InsGov <= 0.000) & TotChol <= 0.000)
",0.000,0.000,0.000,0.000,1.000,0,0,0,1,1,0,0,1,0.0,0.0,0.0,0.0,0.0,1.0,-1
"F[0,0](NumPumpBolusOrShortAct <= 0.000 -> NumPumpBolusOrShortAct >= 0.000)
",0.000,0.000,0.000,0.000,1.000,0,0,0,1,1,0,0,1,0.0,0.0,0.0,0.0,0.0,1.0,-1
"((Pt_InsGov <= 0.000) U[2,2] (UnitsInsBasalOrLongAct >= 0.000))
",0.000,0.000,0.000,0.000,1.000,0,0,0,1,1,0,0,1,0.0,0.0,0.0,0.0,0.0,1.0,-1
"F[1,2]((BGTestAvgNumPtRep >= 0.000 & DirectLDL >= 134.900) | NumPumpBolusOrShortAct <= 134.900)
",0.000,0.000,0.000,0.000,1.000,0,0,0,1,1,0,0,1,0.0,0.0,0.0,0.0,0.0,1.0,-1
"F[0,1]((HDL <= 28.000 | DirectLDL <= 134.900) | bmi <= 134.900)
",0.000,0.000,0.000,0.000,1.000,0,0,0,1,1,0,0,1,0.0,0.0,0.0,0.0,0.0,1.0,-1
"F[1,2]((BUN <= 113.000 -> bmiPerc <= 20.936) | HbA1c <= 20.936)
",0.000,0.000,0.000,0.000,1.000,0,0,0,1,1,0,0,1,0.0,0.0,0.0,0.0,0.0,1.0,-1
"F[1,2]((HDL <= 28.000 | NumPumpBolusOrShortAct >= 0.000) | NumPumpBolusOrShortAct >= 0.000)
",0.000,0.000,0.000,0.000,1.000,0,0,0,1,1,0,0,1,0.0,0.0,0.0,0.0,0.0,1.0,-1
"F[0,2]((BUN <= 113.000 -> Pt_InsGov <= 0.000) | UnitsInsBasalOrLongAct >= 0.000)
",0.000,0.000,0.000,0.000,1.000,0,0,0,1,1,0,0,1,0.0,0.0,0.0,0.0,0.0,1.0,-1
"F[1,2](((Triglyc >= 126.000 & BGTestAvgNumPtRep >= 0.000) & TSH >= 0.000) & bmiPerc >= 0.000)
",0.000,0.000,0.000,0.000,1.000,0,0,0,1,1,0,0,1,0.0,0.0,0.0,0.0,0.0,1.0,-1
"F[0,1](((age >= 0.000 | Pt_SiblingT1D >= 0.000) -> TotChol >= 0.000) | UnitsInsBasalOrLongAct <= 0.000)
",0.000,0.000,0.000,0.000,1.000,0,0,0,1,1,0,0,1,0.0,0.0,0.0,0.0,0.0,1.0,-1
"((Pt_InsGov >= 0.000) U[0,0] (Pt_SHFlg = 0.000))
",0.000,0.000,0.000,0.000,1.000,0,0,0,1,1,0,0,1,0.0,0.0,0.0,0.0,0.0,1.0,-1
"F[0,1](((BGTestAvgNumPtRep <= 0.000 | diabDur >= 10.000) | GFR >= 10.000) | TotalDailyInsPerKg <= 10.000)
",0.000,0.000,0.000,0.000,1.000,0,0,0,1,1,0,0,1,0.0,0.0,0.0,0.0,0.0,1.0,-1
"F[0,1](BGTestAvgNumMeter <= 0.000 | AlbCreatRat_mggNew >= 0.000)
",0.000,0.000,0.000,0.000,1.000,0,0,0,1,1,0,0,1,0.0,0.0,0.0,0.0,0.0,1.0,-1
"F[1,2](BUN >= 113.000 | age <= 0.000)
",0.000,0.000,0.000,0.000,1.000,0,0,0,1,1,0,0,1,0.0,0.0,0.0,0.0,0.0,1.0,-1
"F[0,2]((AutonomicNeuroCl >= 7.300 -> BGTestAvgNumMeter >= 0.000) | TSH >= 0.000)
",0.000,0.000,0.000,0.000,1.000,0,0,0,1,1,0,0,1,0.0,0.0,0.0,0.0,0.0,1.0,-1
"F[1,2]((TotChol >= 75.000 -> TotalDailyInsPerKg >= 5.000) -> Pt_InsGov >= 5.000)
",0.000,0.000,0.000,0.000,1.000,0,0,0,1,1,0,0,1,0.0,0.0,0.0,0.0,0.0,1.0,-1
"F[1,2](((AutonomicNeuroCl >= 7.300 -> GFR >= 1.422) & HeightCm <= 1.422) -> age >= 1.422)
",0.000,0.000,0.000,0.000,1.000,0,0,0,1,1,0,0,1,0.0,0.0,0.0,0.0,0.0,1.0,-1
"((TotalDailyInsPerKg >= 5.000) U[1,2] (DirectLDL <= 134.900))
",0.000,0.000,0.000,0.000,1.000,0,0,0,1,1,0,0,1,0.0,0.0,0.0,0.0,0.0,1.0,-1
"F[0,2](((Pt_MotherT1D >= 0.000 | LDL >= 0.315) | BldPrSys >= 0.315) -> UnitsInsBasalOrLongAct <= 0.315)
",0.000,0.000,0.000,0.000,1.000,0,0,0,1,1,0,0,1,0.0,0.0,0.0,0.0,0.0,1.0,-1
"F[2,2](((Pt_GrandchildT1D <= 0.000 & TSH >= 12.000) -> HbA1c <= 12.000) -> HbA1cImputeDtMnC >= 12.000)
",0.000,0.000,0.000,0.000,1.000,0,0,0,1,1,0,0,1,0.0,0.0,0.0,0.0,0.0,1.0,-1
"F[1,2](NumPumpBolusOrShortAct >= 0.000 -> Pt_CGMUseNumDays <= 20409.000)
",0.000,0.000,0.000,0.000,1.000,0,0,0,1,1,0,0,1,0.0,0.0,0.0,0.0,0.0,1.0,-1
"F[1,1](bmi <= 0.000 & AutonomicNeuroCl <= 7.300)
",0.000,0.000,0.000,0.000,1.000,0,0,0,1,1,0,0,1,0.0,0.0,0.0,0.0,0.0,1.0,-1
"F[1,1]((WeightKg >= 12.000 & AutonomicNeuroCl <= 7.300) -> HeightCm <= 7.300)
",0.000,0.000,0.000,0.000,1.000,0,0,0,1,1,0,0,1,0.0,0.0,0.0,0.0,0.0,1.0,-1
"((Pt_SHFlg >= 0.000) U[0,0] (bmiPerc <= 20.936))
",0.000,0.000,0.000,0.000,1.000,0,0,0,1,1,0,0,1,0.0,0.0,0.0,0.0,0.0,1.0,-1
"F[0,1](((LDL >= 0.315 | Triglyc <= 126.000) -> Pt_GrandparentT1D >= 126.000) | Pt_FatherT1D >= 126.000)
",0.000,0.000,0.000,0.000,1.000,0,0,0,1,1,0,0,1,0.0,0.0,0.0,0.0,0.0,1.0,-1
"((Pt_GrandchildT1D >= 0.000) U[2,2] (AutonomicNeuroCl >= 7.300))
",0.000,0.000,0.000,0.000,1.000,0,0,0,1,1,0,0,1,0.0,0.0,0.0,0.0,0.0,1.0,-1
"F[0,1]((bmiZscore >= 0.922 | TotalDailyInsPerKg <= 5.000) & BGTestAvgNumMeter <= 5.000)
",0.000,0.000,0.000,0.000,1.000,0,0,0,1,1,0,0,1,0.0,0.0,0.0,0.0,0.0,1.0,-1
"F[1,2]((age <= 0.000 -> BldPrDia <= 107.000) & Pt_GrandparentT1D <= 107.000)
",0.000,0.000,0.000,0.000,1.000,0,0,0,1,1,0,0,1,0.0,0.0,0.0,0.0,0.0,1.0,-1
"((Triglyc >= 126.000) U[1,1] (Pt_CGMUseNumDays >= 20409.000))
",0.000,0.000,0.000,0.000,1.000,0,0,0,1,1,0,0,1,0.0,0.0,0.0,0.0,0.0,1.0,-1
"F[0,1](bmiPerc >= 20.936 | BldPrDia >= 107.000)
",0.000,0.000,0.000,0.000,1.000,0,0,0,1,1,0,0,1,0.0,0.0,0.0,0.0,0.0,1.0,-1
"F[0,0](BGTestAvgNumMeter >= 0.000 | BldPrSys <= 1.000)
",0.000,0.000,0.000,0.000,1.000,0,0,0,1,1,0,0,1,0.0,0.0,0.0,0.0,0.0,1.0,-1
"F[2,2](((Pt_InsGov <= 0.000 | Pt_GrandchildT1D <= 0.000) | HeightCm <= 0.000) & TotChol >= 0.000)
",0.000,0.000,0.000,0.000,1.000,0,0,0,1,1,0,0,1,0.0,0.0,0.0,0.0,0.0,1.0,-1
"F[0,1](((UnitsInsBasalOrLongAct <= 0.000 | TotChol >= 75.000) -> Pt_GrandchildT1D >= 75.000) -> BGTestAvgNumMeter <= 75.000)
",0.000,0.000,0.000,0.000,1.000,0,0,0,1,1,0,0,1,0.0,0.0,0.0,0.0,0.0,1.0,-1
"F[1,2](((HeightCm >= 38.100 | DirectLDL <= 134.900) -> bmiPerc <= 134.900) -> WeightKg >= 134.900)
",0.000,0.000,0.000,0.000,1.000,0,0,0,1,1,0,0,1,0.0,0.0,0.0,0.0,0.0,1.0,-1
"F[1,1](((HbA1cImputeDtMnC >= 7.000 & WeightKg >= 12.000) | TotalDailyInsPerKg <= 12.000) -> Pt_MotherT1D <= 12.000)
",0.000,0.000,0.000,0.000,1.000,0,0,0,1,1,0,0,1,0.0,0.0,0.0,0.0,0.0,1.0,-1
"((Pt_InsGov >= 0.000) U[1,1] (SMBGperDayPtMeterCombo <= 66.000))
",0.000,0.000,0.000,0.000,1.000,0,0,0,1,1,0,0,1,0.0,0.0,0.0,0.0,0.0,1.0,-1
"F[1,2]((BldPrDia <= 107.000 -> BUN <= 113.000) | BGTestAvgNumPtRep >= 113.000)
",0.000,0.000,0.000,0.000,1.000,0,0,0,1,1,0,0,1,0.0,0.0,0.0,0.0,0.0,1.0,-1
"F[2,2](((Pt_GrandchildT1D <= 0.000 | Pt_ChildT1D >= 0.000) -> Pt_MotherT1D >= 0.000) | AutonomicNeuroCl <= 0.000)
",0.000,0.000,0.000,0.000,1.000,0,0,0,1,1,0,0,1,0.0,0.0,0.0,0.0,0.0,1.0,-1
"F[0,1](Pt_GrandchildT1D <= 0.000 | age <= 0.000)
",0.000,0.000,0.000,0.000,1.000,0,0,0,1,1,0,0,1,0.0,0.0,0.0,0.0,0.0,1.0,-1
"F[0,2](((NumPumpBolusOrShortAct <= 0.000 & Pt_MotherT1D <= 0.000) & Pt_CGMUseNumDays >= 0.000) | AlbCreatRat_mggNew >= 0.000)
",0.000,0.000,0.000,0.000,1.000,0,0,0,1,1,0,0,1,0.0,0.0,0.0,0.0,0.0,1.0,-1
"((Pt_FatherT1D <= 0.000) U[1,2] (BUN <= 113.000))
",0.000,0.000,0.000,0.000,1.000,0,0,0,1,1,0,0,1,0.0,0.0,0.0,0.0,0.0,1.0,-1
"F[0,1]((age <= 0.000 & Pt_GrandchildT1D >= 0.000) & SMBGperDayPtMeterCombo <= 0.000)
",0.000,0.000,0.000,0.000,1.000,0,0,0,1,1,0,0,1,0.0,0.0,0.0,0.0,0.0,1.0,-1
"F[0,1]((BldPrDia >= 107.000 -> Pt_MotherT1D <= 0.000) | TotChol <= 0.000)
",0.000,0.000,0.000,0.000,1.000,0,0,0,1,1,0,0,1,0.0,0.0,0.0,0.0,0.0,1.0,-1
"((BGTestAvgNumMeter >= 0.000) U[1,2] (BGTestAvgNumPtRep <= 0.000))
",0.000,0.000,0.000,0.000,1.000,0,0,0,1,1,0,0,1,0.0,0.0,0.0,0.0,0.0,1.0,-1
"((BGTestAvgNumPtRep <= 0.000) U[1,1] (UnitsInsBasalOrLongAct >= 0.000))
",0.000,0.000,0.000,0.000,1.000,0,0,0,1,1,0,0,1,0.0,0.0,0.0,0.0,0.0,1.0,-1
"F[0,1]((AutonomicNeuroCl >= 7.300 & HbA1c <= 0.000) & Pt_CGMUseNumDays >= 0.000)
",0.000,0.000,0.000,0.000,1.000,0,0,0,1,1,0,0,1,0.0,0.0,0.0,0.0,0.0,1.0,-1
"F[0,2](((Pt_ChildT1D >= 0.000 | bmi >= 0.000) & Pt_ChildT1D >= 0.000) & Triglyc <= 0.000)
",0.000,0.000,0.000,0.000,1.000,0,0,0,1,1,0,0,1,0.0,0.0,0.0,0.0,0.0,1.0,-1
"F[0,2](((BUN <= 113.000 -> LDL >= 0.315) -> DirectLDL >= 0.315) -> BldPrDia <= 0.315)
",0.000,0.000,0.000,0.000,1.000,0,0,0,1,1,0,0,1,0.0,0.0,0.0,0.0,0.0,1.0,-1
"F[0,2]((diagAgeCombo >= 0.000 & Pt_FatherT1D >= 0.000) & Pt_SHFlg >= 0.000)
",0.000,0.000,0.000,0.000,1.000,0,0,0,1,1,0,0,1,0.0,0.0,0.0,0.0,0.0,1.0,-1
"F[1,2](((Pt_FatherT1D >= 0.000 | TotChol >= 75.000) | Pt_GrandparentT1D <= 75.000) & TotalDailyInsPerKg >= 75.000)
",0.000,0.000,0.000,0.000,1.000,0,0,0,1,1,0,0,1,0.0,0.0,0.0,0.0,0.0,1.0,-1
"((WeightKg >= 12.000) U[0,1] (Triglyc >= 126.000))
",0.000,0.000,0.000,0.000,1.000,0,0,0,1,1,0,0,1,0.0,0.0,0.0,0.0,0.0,1.0,-1
"((Pt_InsGov >= 0.000) U[1,2] (HDL <= 28.000))
",0.000,0.000,0.000,0.000,1.000,0,0,0,1,1,0,0,1,0.0,0.0,0.0,0.0,0.0,1.0,-1
"F[0,1](TotalDailyInsPerKg >= 5.000 & Pt_CGMUseNumDays <= 20409.000)
",0.000,0.000,0.000,0.000,1.000,0,0,0,1,1,0,0,1,0.0,0.0,0.0,0.0,0.0,1.0,-1
"F[1,2]((BldPrSys >= 1.000 -> UnitsInsBasalOrLongAct <= 0.000) -> Pt_FatherT1D >= 0.000)
",0.000,0.000,0.000,0.000,1.000,0,0,0,1,1,0,0,1,0.0,0.0,0.0,0.0,0.0,1.0,-1
"F[0,1]((Pt_A1cGoalLevelDsYr5 <= 0.000 & Pt_SHFlg >= 0.000) & bmiPerc >= 0.000)
",0.000,0.000,0.000,0.000,1.000,0,0,0,1,1,0,0,1,0.0,0.0,0.0,0.0,0.0,1.0,-1
"F[2,2]((LDL <= 0.315 -> HeightCm <= 38.100) | Pt_A1cGoalLevelDsYr5 >= 38.100)
",0.000,0.000,0.000,0.000,1.000,0,0,0,1,1,0,0,1,0.0,0.0,0.0,0.0,0.0,1.0,-1
"F[0,2](((diagAgeCombo <= 0.000 -> BGTestAvgNumMeter <= 0.000) -> bmiPerc >= 0.000) | bmiPerc <= 0.000)
",0.000,0.000,0.000,0.000,1.000,0,0,0,1,1,0,0,1,0.0,0.0,0.0,0.0,0.0,1.0,-1
"F[0,1](HeightCm <= 38.100 & Pt_GrandparentT1D >= 0.000)
",0.000,0.000,0.000,0.000,1.000,0,0,0,1,1,0,0,1,0.0,0.0,0.0,0.0,0.0,1.0,-1
"F[1,2](((diagAgeCombo <= 0.000 | Pt_SHFlg <= 0.000) | Pt_A1cGoalLevelDsYr5 <= 0.000) & Pt_GrandchildT1D >= 0.000)
",0.000,0.000,0.000,0.000,1.000,0,0,0,1,1,0,0,1,0.0,0.0,0.0,0.0,0.0,1.0,-1
"F[0,1]((WeightKg <= 12.000 & Pt_GrandparentT1D <= 0.000) & diagAgeCombo >= 0.000)
",0.000,0.000,0.000,0.000,1.000,0,0,0,1,1,0,0,1,0.0,0.0,0.0,0.0,0.0,1.0,-1
"F[0,1](TotalDailyInsPerKg >= 5.000 -> Pt_DKAFlg <= 0.000)
",0.000,0.000,0.000,0.000,1.000,0,0,0,1,1,0,0,1,0.0,0.0,0.0,0.0,0.0,1.0,-1
"((BldPrDia >= 107.000) U[1,2] (bmi >= 0.000))
",0.000,0.000,0.000,0.000,1.000,0,0,0,1,1,0,0,1,0.0,0.0,0.0,0.0,0.0,1.0,-1
"F[0,2]((HbA1cImputeDtMnC >= 7.000 -> HbA1cImputeDtMnC <= 7.000) & GFR <= 7.000)
",0.000,0.000,0.000,0.000,1.000,0,0,0,1,1,0,0,1,0.0,0.0,0.0,0.0,0.0,1.0,-1
"((diagAgeCombo <= 0.000) U[0,1] (Pt_GrandparentT1D >= 0.000))
",0.000,0.000,0.000,0.000,1.000,0,0,0,1,1,0,0,1,0.0,0.0,0.0,0.0,0.0,1.0,-1
"F[0,0]((Pt_MotherT1D <= 0.000 & Pt_DKAFlg >= 0.000) -> TotalDailyInsPerKg >= 0.000)
",0.000,0.000,0.000,0.000,1.000,0,0,0,1,1,0,0,1,0.0,0.0,0.0,0.0,0.0,1.0,-1
"F[1,2]((HeightCm >= 38.100 | BUN >= 113.000) | BGTestAvgNumMeter <= 113.000)
",0.000,0.000,0.000,0.000,1.000,0,0,0,1,1,0,0,1,0.0,0.0,0.0,0.0,0.0,1.0,-1
"((BGTestAvgNumPtRep <= 0.000) U[0,1] (Pt_DKAFlg >= 0.000))
",0.000,0.000,0.000,0.000,1.000,0,0,0,1,1,0,0,1,0.0,0.0,0.0,0.0,0.0,1.0,-1
"F[0,1]((AlbCreatRat_mggNew >= 0.000 & BldPrDia <= 107.000) | Pt_CGMUseNumDays >= 107.000)
",0.000,0.000,0.000,0.000,1.000,0,0,0,1,1,0,0,1,0.0,0.0,0.0,0.0,0.0,1.0,-1
"F[1,2](Pt_DKAFlg >= 0.000 -> AutonomicNeuroCl <= 7.300)
",0.000,0.000,0.000,0.000,1.000,0,0,0,1,1,0,0,1,0.0,0.0,0.0,0.0,0.0,1.0,-1
"((Pt_ChildT1D >= 0.000) U[1,2] (UnitsInsBasalOrLongAct >= 0.000))
",0.000,0.000,0.000,0.000,1.000,0,0,0,1,1,0,0,1,0.0,0.0,0.0,0.0,0.0,1.0,-1
"F[0,2](Pt_InsGov <= 0.000 & Pt_A1cGoalLevelDsYr5 <= 0.000)
",0.000,0.000,0.000,0.000,1.000,0,0,0,1,1,0,0,1,0.0,0.0,0.0,0.0,0.0,1.0,-1
"((Pt_InsGov >= 0.000) U[0,2] (AutonomicNeuroCl >= 7.300))
",0.000,0.000,0.000,0.000,1.000,0,0,0,1,1,0,0,1,0.0,0.0,0.0,0.0,0.0,1.0,-1
"((HbA1c <= 0.000) U[0,1] (AlbCreatRat_mggNew <= 0.000))
",0.000,0.000,0.000,0.000,1.000,0,0,0,1,1,0,0,1,0.0,0.0,0.0,0.0,0.0,1.0,-1
"F[0,1]((UnitsInsBasalOrLongAct <= 0.000 & BUN >= 113.000) & bmiZscore <= 113.000)
",0.000,0.000,0.000,0.000,1.000,0,0,0,1,1,0,0,1,0.0,0.0,0.0,0.0,0.0,1.0,-1
"F[0,1]((HeightCm <= 38.100 -> Pt_GrandparentT1D >= 0.000) | BGTestAvgNumMeter >= 0.000)
",0.000,0.000,0.000,0.000,1.000,0,0,0,1,1,0,0,1,0.0,0.0,0.0,0.0,0.0,1.0,-1
"F[0,2]((age >= 0.000 | BldPrSys <= 1.000) & GFR <= 1.000)
",0.000,0.000,0.000,0.000,1.000,0,0,0,1,1,0,0,1,0.0,0.0,0.0,0.0,0.0,1.0,-1
"F[2,2](((Pt_GrandchildT1D <= 0.000 | Pt_MotherT1D >= 0.000) & SMBGperDayPtMeterCombo <= 0.000) -> BGTestAvgNumMeter <= 0.000)
",0.000,0.000,0.000,0.000,1.000,0,0,0,1,1,0,0,1,0.0,0.0,0.0,0.0,0.0,1.0,-1
"F[1,1]((BGTestAvgNumMeter >= 0.000 -> TSH <= 12.000) -> Pt_ChildT1D <= 12.000)
",0.000,0.000,0.000,0.000,1.000,0,0,0,1,1,0,0,1,0.0,0.0,0.0,0.0,0.0,1.0,-1
"F[0,2]((GFR >= 1.422 | bmi <= 0.000) | Pt_A1cGoalLevelDsYr5 >= 0.000)
",0.000,0.000,0.000,0.000,1.000,0,0,0,1,1,0,0,1,0.0,0.0,0.0,0.0,0.0,1.0,-1
"F[2,2]((Pt_FatherT1D >= 0.000 & Pt_SiblingT1D >= 0.000) | Pt_GrandchildT1D <= 0.000)
",0.000,0.000,0.000,0.000,1.000,0,0,0,1,1,0,0,1,0.0,0.0,0.0,0.0,0.0,1.0,-1
"F[1,1](HbA1cImputeDtMnC <= 7.000 -> HbA1cImputeDtMnC <= 7.000)
",0.000,0.000,0.000,0.000,1.000,0,0,0,1,1,0,0,1,0.0,0.0,0.0,0.0,0.0,1.0,-1
"F[0,1](((Pt_SHFlg <= 0.000 & Pt_CGMUseNumDays >= 20409.000) & AlbCreatRat_mggNew >= 20409.000) | Pt_InsGov >= 20409.000)
",0.000,0.000,0.000,0.000,1.000,0,0,0,1,1,0,0,1,0.0,0.0,0.0,0.0,0.0,1.0,-1
"((TotChol >= 75.000) U[1,1] (Pt_MotherT1D <= 0.000))
",0.000,0.000,0.000,0.000,1.000,0,0,0,1,1,0,0,1,0.0,0.0,0.0,0.0,0.0,1.0,-1
"((TotChol <= 75.000) U[0,2] (Pt_A1cGoalLev >= 5.000))
",0.000,0.000,0.000,0.000,1.000,0,0,0,1,1,0,0,1,0.0,0.0,0.0,0.0,0.0,1.0,-1
"F[1,2](BldPrSys >= 1.000 | AutonomicNeuroCl >= 7.300)
",0.000,0.000,0.000,0.000,1.000,0,0,0,1,1,0,0,1,0.0,0.0,0.0,0.0,0.0,1.0,-1
"F[1,1](BldPrSys <= 1.000 -> age >= 0.000)
",0.000,0.000,0.000,0.000,1.000,0,0,0,1,1,0,0,1,0.0,0.0,0.0,0.0,0.0,1.0,-1
"F[1,2](Pt_SHFlg > 0.000 & Pt_SHFlg = 0.000)
",0.000,0.000,0.000,0.000,1.000,0,0,0,1,1,0,0,1,0.0,0.0,0.0,0.0,0.0,1.0,-1
"((DirectLDL <= 134.900) U[0,2] (HDL >= 28.000))
",0.000,0.000,0.000,0.000,1.000,0,0,0,1,1,0,0,1,0.0,0.0,0.0,0.0,0.0,1.0,-1
"((BGTestAvgNumPtRep <= 0.000) U[1,2] (Pt_SHFlg = 0.000))
",0.000,0.000,0.000,0.000,1.000,0,0,0,1,1,0,0,1,0.0,0.0,0.0,0.0,0.0,1.0,-1
"F[0,2](BGTestAvgNumPtRep > 0.000 & Pt_SHFlg = 0.000)
",0.000,0.000,0.000,0.000,1.000,0,0,0,1,1,0,0,1,0.0,0.0,0.0,0.0,0.0,1.0,-1
"((DirectLDL < 134.900) U[0,2] (Pt_SHFlg = 0.000))
",0.000,0.000,0.000,0.000,1.000,0,0,0,1,1,0,0,1,0.0,0.0,0.0,0.0,0.0,1.0,-1
"((BGTestAvgNumMeter >= 0.000) U[1,2] (BGTestAvgNumPtRep <= 0.000))
",0.000,0.000,0.000,0.000,1.000,0,0,0,1,1,0,0,1,0.0,0.0,0.0,0.0,0.0,1.0,-1
"F[2,2](HbA1c >= 0.000 -> Pt_A1cGoalLevelDsYr5 = 0.000)
",0.000,0.000,0.000,0.000,1.000,0,0,0,1,1,0,0,1,0.0,0.0,0.0,0.0,0.0,1.0,-1
"F[0,1](HbA1c >= 0.000 -> Pt_A1cGoalLevelDsYr5 = 0.000)
",0.000,0.000,0.000,0.000,1.000,0,0,0,1,1,0,0,1,0.0,0.0,0.0,0.0,0.0,1.0,-1
"F[1,2](HbA1c >= 0.000 -> Pt_A1cGoalLevelDsYr5 = 0.000)
",0.000,0.000,0.000,0.000,1.000,0,0,0,1,1,0,0,1,0.0,0.0,0.0,0.0,0.0,1.0,-1
"((BGTestAvgNumMeter >= 0.000) U[0,2] (BGTestAvgNumPtRep <= 0.000))
",0.000,0.000,0.000,0.000,1.000,0,0,0,1,1,0,0,1,0.0,0.0,0.0,0.0,0.0,1.0,-1
"F[0,2](HbA1c >= 0.000 -> Pt_A1cGoalLevelDsYr5 = 0.000)
",0.000,0.000,0.000,0.000,1.000,0,0,0,1,1,0,0,1,0.0,0.0,0.0,0.0,0.0,1.0,-1
"((BGTestAvgNumMeter >= 0.000) U[0,1] (BGTestAvgNumPtRep <= 0.000))
",0.000,0.000,0.000,0.000,1.000,0,0,0,1,1,0,0,1,0.0,0.0,0.0,0.0,0.0,1.0,-1
"F[1,1](HbA1c >= 0.000 -> Pt_A1cGoalLevelDsYr5 = 0.000)
",0.000,0.000,0.000,0.000,1.000,0,0,0,1,1,0,0,1,0.0,0.0,0.0,0.0,0.0,1.0,-1
"((BGTestAvgNumMeter >= 0.000) U[0,2] (BGTestAvgNumPtRep <= 0.000))
",0.000,0.000,0.000,0.000,1.000,0,0,0,1,1,0,0,1,0.0,0.0,0.0,0.0,0.0,1.0,-1
"F[0,2](HbA1c >= 0.000 -> Pt_A1cGoalLevelDsYr5 = 0.000)
",0.000,0.000,0.000,0.000,1.000,0,0,0,1,1,0,0,1,0.0,0.0,0.0,0.0,0.0,1.0,-1
"F[1,1](BGTestAvgNumMeter <= 0.000 & Pt_SHFlg = 0.000)
",0.000,0.000,0.000,0.000,1.000,0,0,0,1,1,0,0,1,0.0,0.0,0.0,0.0,0.0,1.0,-1
"F[1,1]((HDL >= 28.000 | Pt_ChildT1D >= 0.000) -> Pt_GrandchildT1D <= 0.000)
",0.000,0.000,0.000,0.000,1.000,0,0,0,1,1,0,0,1,0.0,0.0,0.0,0.0,0.0,1.0,-1
"F[1,1](bmiPerc >= 20.936 & diagAgeCombo >= 0.000)
",0.000,0.000,0.000,0.000,1.000,0,0,0,1,1,0,0,1,0.0,0.0,0.0,0.0,0.0,1.0,-1
"F[1,2](((BGTestAvgNumPtRep <= 0.000 | AutonomicNeuroCl <= 7.300) | Pt_MotherT1D >= 7.300) & GFR <= 7.300)
",0.000,0.000,0.000,0.000,1.000,0,0,0,1,1,0,0,1,0.0,0.0,0.0,0.0,0.0,1.0,-1
"F[2,2]((TotChol <= 75.000 | Triglyc <= 126.000) & bmi >= 126.000)
",0.000,0.000,0.000,0.000,1.000,0,0,0,1,1,0,0,1,0.0,0.0,0.0,0.0,0.0,1.0,-1
"((BldPrDia >= 107.000) U[1,2] (Pt_GrandchildT1D <= 0.000))
",0.000,0.000,0.000,0.000,1.000,0,0,0,1,1,0,0,1,0.0,0.0,0.0,0.0,0.0,1.0,-1
"F[2,2]((Pt_FatherT1D <= 0.000 | Pt_CGMUseNumDays >= 20409.000) & LDL <= 20409.000)
",0.000,0.000,0.000,0.000,1.000,0,0,0,1,1,0,0,1,0.0,0.0,0.0,0.0,0.0,1.0,-1
"F[1,1](((Pt_MotherT1D >= 0.000 | TSH >= 12.000) & TotalDailyInsPerKg >= 12.000) & Pt_SiblingT1D >= 12.000)
",0.000,0.000,0.000,0.000,1.000,0,0,0,1,1,0,0,1,0.0,0.0,0.0,0.0,0.0,1.0,-1
"((HDL <= 28.000) U[0,1] (HbA1c >= 0.000))
",0.000,0.000,0.000,0.000,1.000,0,0,0,1,1,0,0,1,0.0,0.0,0.0,0.0,0.0,1.0,-1
"F[0,1](((SMBGperDayPtMeterCombo <= 66.000 -> Pt_SiblingT1D >= 0.000) & diabDur >= 0.000) | Pt_GrandparentT1D <= 0.000)
",0.000,0.000,0.000,0.000,1.000,0,0,0,1,1,0,0,1,0.0,0.0,0.0,0.0,0.0,1.0,-1
"((TSH >= 12.000) U[1,1] (TotalDailyInsPerKg >= 5.000))
",0.000,0.000,0.000,0.000,1.000,0,0,0,1,1,0,0,1,0.0,0.0,0.0,0.0,0.0,1.0,-1
"F[1,1](((Pt_CGMUseNumDays <= 20409.000 | SMBGperDayPtMeterCombo <= 66.000) -> SMBGperDayPtMeterCombo >= 66.000) & Pt_InsGov <= 66.000)
",0.000,0.000,0.000,0.000,1.000,0,0,0,1,1,0,0,1,0.0,0.0,0.0,0.0,0.0,1.0,-1
"F[1,2](((Pt_ChildT1D >= 0.000 & Pt_MotherT1D >= 0.000) | DirectLDL >= 0.000) -> AutonomicNeuroCl <= 0.000)
",0.000,0.000,0.000,0.000,1.000,0,0,0,1,1,0,0,1,0.0,0.0,0.0,0.0,0.0,1.0,-1
"F[2,2](((Pt_FatherT1D <= 0.000 | Pt_GrandparentT1D <= 0.000) | HeightCm <= 0.000) & DirectLDL <= 0.000)
",0.000,0.000,0.000,0.000,1.000,0,0,0,1,1,0,0,1,0.0,0.0,0.0,0.0,0.0,1.0,-1
"F[0,2](Pt_A1cGoalLev >= 5.000 & BGTestAvgNumPtRep >= 0.000)
",0.000,0.000,0.000,0.000,1.000,0,0,0,1,1,0,0,1,0.0,0.0,0.0,0.0,0.0,1.0,-1
"F[1,2](((BldPrSys <= 1.000 -> TSH >= 12.000) & bmiPerc >= 12.000) & TSH <= 12.000)
",0.000,0.000,0.000,0.000,1.000,0,0,0,1,1,0,0,1,0.0,0.0,0.0,0.0,0.0,1.0,-1
"F[0,1](((Pt_A1cGoalLev >= 5.000 | diabDur <= 10.000) & UnitsInsBasalOrLongAct <= 10.000) -> age <= 10.000)
",0.000,0.000,0.000,0.000,1.000,0,0,0,1,1,0,0,1,0.0,0.0,0.0,0.0,0.0,1.0,-1
"F[1,2](((Triglyc <= 126.000 & GFR <= 1.422) -> Pt_A1cGoalLev <= 1.422) -> HeightCm >= 1.422)
",0.000,0.000,0.000,0.000,1.000,0,0,0,1,1,0,0,1,0.0,0.0,0.0,0.0,0.0,1.0,-1
"((BGTestAvgNumMeter >= 0.000) U[1,2] (BGTestAvgNumPtRep <= 0.000))
",0.000,0.000,0.000,0.000,1.000,0,0,0,1,1,0,0,1,0.0,0.0,0.0,0.0,0.0,1.0,-1
"F[0,2](HbA1c >= 0.000 -> Pt_A1cGoalLevelDsYr5 = 0.000)
",0.000,0.000,0.000,0.000,1.000,0,0,0,1,1,0,0,1,0.0,0.0,0.0,0.0,0.0,1.0,-1
"F[0,2](HbA1c >= 0.000 -> Pt_A1cGoalLevelDsYr5 = 0.000)
",0.000,0.000,0.000,0.000,1.000,0,0,0,1,1,0,0,1,0.0,0.0,0.0,0.0,0.0,1.0,-1
"F[1,2](BGTestAvgNumPtRep <= 0.000 -> Pt_GrandchildT1D <= 0.000)
",0.000,0.000,0.000,0.000,1.000,0,0,0,1,1,0,0,1,0.0,0.0,0.0,0.0,0.0,1.0,-1
"F[0,1](Pt_FatherT1D < 0.000 -> Pt_SHFlg = 0.000)
",0.000,0.000,0.000,0.000,1.000,0,0,0,1,1,0,0,1,0.0,0.0,0.0,0.0,0.0,1.0,-1
"F[1,2](BldPrSys < 1.000 -> Pt_SHFlg = 0.000)
",0.000,0.000,0.000,0.000,1.000,0,0,0,1,1,0,0,1,0.0,0.0,0.0,0.0,0.0,1.0,-1
"((BGTestAvgNumMeter < 0.000) U[0,2] (Pt_SHFlg = 0.000))
",0.000,0.000,0.000,0.000,1.000,0,0,0,1,1,0,0,1,0.0,0.0,0.0,0.0,0.0,1.0,-1
"F[2,2](diabDur >= 10.000 & Pt_SHFlg = 0.000)
",0.000,0.000,0.000,0.000,1.000,0,0,0,1,1,0,0,1,0.0,0.0,0.0,0.0,0.0,1.0,-1
"F[1,1](bmiPerc >= 20.936 | Pt_A1cGoalLev >= 5.000)
",0.000,0.000,0.000,0.000,1.000,0,0,0,1,1,0,0,1,0.0,0.0,0.0,0.0,0.0,1.0,-1
"F[0,1](((bmiPerc <= 20.936 | Triglyc >= 126.000) | DirectLDL <= 126.000) & GFR <= 126.000)
",0.000,0.000,0.000,0.000,1.000,0,0,0,1,1,0,0,1,0.0,0.0,0.0,0.0,0.0,1.0,-1
"F[1,1](((Pt_ChildT1D >= 0.000 | AlbCreatRat_mggNew <= 0.000) & Pt_DKAFlg <= 0.000) -> HDL <= 0.000)
",0.000,0.000,0.000,0.000,1.000,0,0,0,1,1,0,0,1,0.0,0.0,0.0,0.0,0.0,1.0,-1
"((SMBGperDayPtMeterCombo >= 66.000) U[1,2] (Pt_SHFlg = 0.000))
",0.000,0.000,0.000,0.000,1.000,0,0,0,1,1,0,0,1,0.0,0.0,0.0,0.0,0.0,1.0,-1
"F[1,1](BldPrSys >= 1.000 | TotChol <= 75.000)
",0.000,0.000,0.000,0.000,1.000,0,0,0,1,1,0,0,1,0.0,0.0,0.0,0.0,0.0,1.0,-1
"F[0,2]((TotChol <= 75.000 & Triglyc <= 126.000) & HDL <= 126.000)
",0.000,0.000,0.000,0.000,1.000,0,0,0,1,1,0,0,1,0.0,0.0,0.0,0.0,0.0,1.0,-1
"F[1,2](((Pt_A1cGoalLevelDsYr5 <= 0.000 | Pt_A1cGoalLev >= 5.000) -> Pt_FatherT1D >= 5.000) | Pt_A1cGoalLevelDsYr5 >= 5.000)
",0.000,0.000,0.000,0.000,1.000,0,0,0,1,1,0,0,1,0.0,0.0,0.0,0.0,0.0,1.0,-1
"F[0,1](((bmi <= 0.000 & Pt_GrandchildT1D >= 0.000) -> BGTestAvgNumPtRep <= 0.000) | Pt_SiblingT1D <= 0.000)
",0.000,0.000,0.000,0.000,1.000,0,0,0,1,1,0,0,1,0.0,0.0,0.0,0.0,0.0,1.0,-1
"F[2,2](((Pt_DKAFlg >= 0.000 | AlbCreatRat_mggNew >= 0.000) & AlbCreatRat_mggNew >= 0.000) -> bmiZscore <= 0.000)
",0.000,0.000,0.000,0.000,1.000,0,0,0,1,1,0,0,1,0.0,0.0,0.0,0.0,0.0,1.0,-1
"F[1,2](((Pt_FatherT1D >= 0.000 -> bmiPerc <= 20.936) & HbA1c >= 20.936) & AlbCreatRat_mggNew >= 20.936)
",0.000,0.000,0.000,0.000,1.000,0,0,0,1,1,0,0,1,0.0,0.0,0.0,0.0,0.0,1.0,-1
"F[0,1](Pt_SHFlg <= 0.000 -> Pt_SHFlg = 0.000)
",0.000,0.000,0.000,0.000,1.000,0,0,0,1,1,0,0,1,0.0,0.0,0.0,0.0,0.0,1.0,-1
"((Pt_InsGov > 0.000) U[0,2] (Pt_SHFlg = 0.000))
",0.000,0.000,0.000,0.000,1.000,0,0,0,1,1,0,0,1,0.0,0.0,0.0,0.0,0.0,1.0,-1
"((BGTestAvgNumMeter >= 0.000) U[0,2] (BGTestAvgNumPtRep <= 0.000))
",0.000,0.000,0.000,0.000,1.000,0,0,0,1,1,0,0,1,0.0,0.0,0.0,0.0,0.0,1.0,-1
"F[1,2](BGTestAvgNumPtRep < 0.000 -> Pt_SHFlg = 0.000)
",0.000,0.000,0.000,0.000,1.000,0,0,0,1,1,0,0,1,0.0,0.0,0.0,0.0,0.0,1.0,-1
"F[0,1](HbA1c >= 0.000 -> Pt_A1cGoalLevelDsYr5 = 0.000)
",0.000,0.000,0.000,0.000,1.000,0,0,0,1,1,0,0,1,0.0,0.0,0.0,0.0,0.0,1.0,-1
"F[1,2](Pt_SHFlg > 0.000 -> Pt_SHFlg = 0.000)
",0.000,0.000,0.000,0.000,1.000,0,0,0,1,1,0,0,1,0.0,0.0,0.0,0.0,0.0,1.0,-1
"F[1,1](diagAgeCombo < 0.000 & Pt_SHFlg = 0.000)
",0.000,0.000,0.000,0.000,1.000,0,0,0,1,1,0,0,1,0.0,0.0,0.0,0.0,0.0,1.0,-1
"((Pt_GrandparentT1D < 0.000) U[0,0] (Pt_SHFlg = 0.000))
",0.000,0.000,0.000,0.000,1.000,0,0,0,1,1,0,0,1,0.0,0.0,0.0,0.0,0.0,1.0,-1
"((BGTestAvgNumMeter <= 0.000) U[1,2] (Pt_SHFlg = 0.000))
",0.000,0.000,0.000,0.000,1.000,0,0,0,1,1,0,0,1,0.0,0.0,0.0,0.0,0.0,1.0,-1
"F[0,1](Pt_MotherT1D < 0.000 & Pt_SHFlg = 0.000)
",0.000,0.000,0.000,0.000,1.000,0,0,0,1,1,0,0,1,0.0,0.0,0.0,0.0,0.0,1.0,-1
"F[1,2](Pt_CGMUseNumDays < 20409.000 & Pt_SHFlg = 0.000)
",0.000,0.000,0.000,0.000,1.000,0,0,0,1,1,0,0,1,0.0,0.0,0.0,0.0,0.0,1.0,-1
"((Pt_MotherT1D >= 0.000) U[0,1] (Pt_SHFlg = 0.000))
",0.000,0.000,0.000,0.000,1.000,0,0,0,1,1,0,0,1,0.0,0.0,0.0,0.0,0.0,1.0,-1
"((Pt_DKAFlg < 0.000) U[0,1] (Pt_SHFlg = 0.000))
",0.000,0.000,0.000,0.000,1.000,0,0,0,1,1,0,0,1,0.0,0.0,0.0,0.0,0.0,1.0,-1
"F[2,2](Pt_SiblingT1D <= 0.000 -> Pt_SHFlg = 0.000)
",0.000,0.000,0.000,0.000,1.000,0,0,0,1,1,0,0,1,0.0,0.0,0.0,0.0,0.0,1.0,-1
"((Pt_InsGov >= 0.000) U[0,1] (Pt_SHFlg = 0.000))
",0.000,0.000,0.000,0.000,1.000,0,0,0,1,1,0,0,1,0.0,0.0,0.0,0.0,0.0,1.0,-1
"((Pt_SHFlg <= 0.000) U[1,1] (Pt_SHFlg = 0.000))
",0.000,0.000,0.000,0.000,1.000,0,0,0,1,1,0,0,1,0.0,0.0,0.0,0.0,0.0,1.0,-1
"((diagAgeCombo >= 0.000) U[2,2] (Pt_SHFlg = 0.000))
",0.000,0.000,0.000,0.000,1.000,0,0,0,1,1,0,0,1,0.0,0.0,0.0,0.0,0.0,1.0,-1
"F[0,1](Pt_FatherT1D < 0.000 & Pt_SHFlg = 0.000)
",0.000,0.000,0.000,0.000,1.000,0,0,0,1,1,0,0,1,0.0,0.0,0.0,0.0,0.0,1.0,-1
"((AlbCreatRat_mggNew <= 0.000) U[1,2] (BGTestAvgNumPtRep <= 0.000))
",0.000,0.000,0.000,0.000,1.000,0,0,0,1,1,0,0,1,0.0,0.0,0.0,0.0,0.0,1.0,-1
"F[2,2](bmiZscore <= 0.922 | Pt_MotherT1D >= 0.000)
",0.000,0.000,0.000,0.000,1.000,0,0,0,1,1,0,0,1,0.0,0.0,0.0,0.0,0.0,1.0,-1
"((Pt_A1cGoalLevelDsYr5 <= 0.000) U[0,1] (SMBGperDayPtMeterCombo <= 66.000))
",0.000,0.000,0.000,0.000,1.000,0,0,0,1,1,0,0,1,0.0,0.0,0.0,0.0,0.0,1.0,-1
"G[0,0](TotChol <= 75.000 | TotChol <= 75.000)
",0.000,0.000,0.000,1.000,0.000,0,0,0,1,1,0,0,1,0.0,0.0,0.0,0.0,0.0,1.0,1
"G[0,1](HbA1cImputeDtMnC <= 7.000 & bmiZscore <= 0.922)
",0.000,0.000,0.000,1.000,0.000,0,0,0,1,1,0,0,1,0.0,0.0,0.0,0.0,0.0,1.0,1
"G[2,2](Pt_GrandparentT1D >= 0.000 | TotChol <= 75.000)
",0.000,0.000,0.000,1.000,0.000,0,0,1,0,0,1,1,0,0.0,0.0,1.0,0.0,0.0,1.0,1
"G[0,1]((age <= 0.000 -> diagAgeCombo >= 0.000) & SMBGperDayPtMeterCombo <= 0.000)
",0.000,0.000,0.000,1.000,0.000,0,0,0,1,1,0,0,1,0.0,0.0,0.0,0.0,0.0,1.0,1
"G[0,2](((BUN <= 113.000 -> BUN >= 113.000) & Pt_FatherT1D <= 113.000) & Triglyc <= 113.000)
",0.000,0.000,0.000,1.000,0.000,0,0,0,1,1,0,0,1,0.0,0.0,0.0,0.0,0.0,1.0,1
"G[0,2](((TotalDailyInsPerKg >= 5.000 -> diabDur <= 10.000) & TotChol >= 10.000) & bmiPerc >= 10.000)
",0.000,0.000,0.000,1.000,0.000,0,0,0,1,1,0,0,1,0.0,0.0,0.0,0.0,0.0,1.0,1
"G[0,2](((HDL <= 28.000 -> WeightKg >= 12.000) & Pt_GrandparentT1D >= 12.000) | Pt_GrandchildT1D >= 12.000)
",0.000,0.000,0.000,1.000,0.000,0,0,0,1,1,0,0,1,0.0,0.0,0.0,0.0,0.0,1.0,1
"G[1,2](((HbA1c >= 0.000 & TotChol >= 75.000) | BGTestAvgNumMeter <= 75.000) & Pt_SHFlg <= 75.000)
",0.000,0.000,0.000,1.000,0.000,0,0,1,0,0,1,1,0,0.0,0.0,1.0,0.0,0.0,1.0,1
"G[1,1]((Pt_SHFlg <= 0.000 & Triglyc >= 126.000) -> diabDur >= 126.000)
",0.000,0.000,0.000,1.000,0.000,0,0,1,0,0,1,1,0,0.0,0.0,1.0,0.0,0.0,1.0,1
"G[1,2](((NumPumpBolusOrShortAct <= 0.000 | DirectLDL >= 134.900) | age >= 134.900) -> Pt_SiblingT1D <= 134.900)
",0.000,0.000,0.000,1.000,0.000,0,0,1,0,0,1,1,0,0.0,0.0,1.0,0.0,0.0,1.0,1
"G[2,2](((Pt_SiblingT1D >= 0.000 | Pt_GrandparentT1D <= 0.000) & Pt_ChildT1D <= 0.000) -> Pt_A1cGoalLevelDsYr5 >= 0.000)
",0.000,0.000,0.000,1.000,0.000,0,0,1,0,0,1,1,0,0.0,0.0,1.0,0.0,0.0,1.0,1
"G[0,1](((HbA1cImputeDtMnC <= 7.000 | Pt_FatherT1D >= 0.000) & BGTestAvgNumPtRep >= 0.000) -> BGTestAvgNumMeter <= 0.000)
",0.000,0.000,0.000,1.000,0.000,0,0,1,0,0,1,1,0,0.0,0.0,1.0,0.0,0.0,1.0,1
"G[1,2](((bmiZscore <= 0.922 & Pt_ChildT1D <= 0.000) | Pt_A1cGoalLev >= 0.000) & Pt_SiblingT1D >= 0.000)
",0.000,0.000,0.000,1.000,0.000,0,0,1,0,0,1,1,0,0.0,0.0,1.0,0.0,0.0,1.0,1
"G[2,2]((BldPrDia >= 107.000 & DirectLDL >= 134.900) -> Pt_A1cGoalLevelDsYr5 <= 134.900)
",0.000,0.000,0.000,1.000,0.000,0,0,1,0,0,1,1,0,0.0,0.0,1.0,0.0,0.0,1.0,1
"G[0,1]((diagAgeCombo <= 0.000 | HDL <= 28.000) -> Pt_ChildT1D <= 28.000)
",0.000,0.000,0.000,1.000,0.000,0,0,1,0,0,1,1,0,0.0,0.0,1.0,0.0,0.0,1.0,1
"G[0,2]((BGTestAvgNumPtRep >= 0.000 | TotChol >= 75.000) & Pt_FatherT1D <= 75.000)
",0.000,0.000,0.000,1.000,0.000,0,0,1,0,0,1,1,0,0.0,0.0,1.0,0.0,0.0,1.0,1
"G[1,1]((Pt_A1cGoalLev <= 5.000 & diabDur >= 10.000) | HbA1c >= 10.000)
",0.000,0.000,0.000,1.000,0.000,0,0,1,0,0,1,1,0,0.0,0.0,1.0,0.0,0.0,1.0,1
"G[1,1](bmiZscore >= 0.922 -> age <= 0.000)
",0.000,0.000,0.000,1.000,0.000,0,0,1,0,0,1,1,0,0.0,0.0,1.0,0.0,0.0,1.0,1
"G[2,2](((Pt_DKAFlg >= 0.000 & HbA1c <= 0.000) & diabDur <= 0.000) -> TotalDailyInsPerKg >= 0.000)
",0.000,0.000,0.000,1.000,0.000,0,0,1,0,0,1,1,0,0.0,0.0,1.0,0.0,0.0,1.0,1
"G[2,2]((AutonomicNeuroCl >= 7.300 & NumPumpBolusOrShortAct <= 0.000) | HbA1c >= 0.000)
",0.000,0.000,0.000,1.000,0.000,0,0,1,0,0,1,1,0,0.0,0.0,1.0,0.0,0.0,1.0,1
"G[2,2](((BldPrSys >= 1.000 | Pt_InsGov <= 0.000) | GFR >= 0.000) | Pt_SHFlg >= 0.000)
",0.000,0.000,0.000,1.000,0.000,0,0,1,0,0,1,1,0,0.0,0.0,1.0,0.0,0.0,1.0,1
"G[0,1](HeightCm <= 38.100 | bmi >= 0.000)
",0.000,0.000,0.000,1.000,0.000,0,0,1,0,0,1,1,0,0.0,0.0,1.0,0.0,0.0,1.0,1
"G[1,2]((WeightKg >= 12.000 & LDL <= 0.315) | Pt_A1cGoalLevelDsYr5 >= 0.315)
",0.000,0.000,0.000,1.000,0.000,0,0,1,0,0,1,1,0,0.0,0.0,1.0,0.0,0.0,1.0,1
"G[0,1](((HeightCm <= 38.100 -> Pt_FatherT1D <= 0.000) | GFR <= 0.000) -> bmiPerc >= 0.000)
",0.000,0.000,0.000,1.000,0.000,0,0,1,0,0,1,1,0,0.0,0.0,1.0,0.0,0.0,1.0,1
"G[0,0]((Pt_A1cGoalLevelDsYr5 <= 0.000 & bmiZscore <= 0.922) & BldPrDia >= 0.922)
",0.000,0.000,0.000,1.000,0.000,0,0,0,1,1,0,0,1,0.0,0.0,0.0,0.0,0.0,1.0,1
"G[2,2](((LDL >= 0.315 | diagAgeCombo <= 0.000) & age <= 0.000) & GFR <= 0.000)
",0.000,0.000,0.000,1.000,0.000,0,0,1,0,0,1,1,0,0.0,0.0,1.0,0.0,0.0,1.0,1
"G[0,1](((Pt_MotherT1D <= 0.000 & Pt_InsGov >= 0.000) | TotalDailyInsPerKg >= 0.000) & AlbCreatRat_mggNew >= 0.000)
",0.000,0.000,0.000,1.000,0.000,0,0,1,0,0,1,1,0,0.0,0.0,1.0,0.0,0.0,1.0,1
"G[0,2]((Pt_ChildT1D >= 0.000 | BGTestAvgNumMeter >= 0.000) -> HDL <= 0.000)
",0.000,0.000,0.000,1.000,0.000,0,0,0,1,1,0,0,1,0.0,0.0,0.0,0.0,0.0,1.0,1
"G[0,1](UnitsInsBasalOrLongAct <= 0.000 & TotalDailyInsPerKg <= 5.000)
",0.000,0.000,0.000,1.000,0.000,0,0,1,0,0,1,1,0,0.0,0.0,1.0,0.0,0.0,1.0,1
"G[1,2](Pt_A1cGoalLevelDsYr5 >= 0.000 -> GFR >= 1.422)
",0.000,0.000,0.000,1.000,0.000,0,0,1,0,0,1,1,0,0.0,0.0,1.0,0.0,0.0,1.0,1
"G[1,2]((HeightCm <= 38.100 & TotalDailyInsPerKg <= 5.000) | Pt_FatherT1D >= 5.000)
",0.000,0.000,0.000,1.000,0.000,0,0,1,0,0,1,1,0,0.0,0.0,1.0,0.0,0.0,1.0,1
"G[0,2]((GFR >= 1.422 | Pt_FatherT1D >= 0.000) & LDL <= 0.000)
",0.000,0.000,0.000,1.000,0.000,0,0,0,1,1,0,0,1,0.0,0.0,0.0,0.0,0.0,1.0,1
"G[0,2](((GFR <= 1.422 & BldPrDia <= 107.000) -> diagAgeCombo >= 107.000) | LDL >= 107.000)
",0.000,0.000,0.000,1.000,0.000,0,0,0,1,1,0,0,1,0.0,0.0,0.0,0.0,0.0,1.0,1
"G[1,2](diabDur >= 10.000 -> bmiZscore >= 0.922)
",0.000,0.000,0.000,1.000,0.000,0,0,1,0,0,1,1,0,0.0,0.0,1.0,0.0,0.0,1.0,1
"G[0,2](AutonomicNeuroCl <= 7.300 | BldPrSys <= 1.000)
",0.000,0.000,0.000,1.000,0.000,0,0,1,0,0,1,1,0,0.0,0.0,1.0,0.0,0.0,1.0,1
"G[0,1](BUN >= 113.000 & Pt_SHFlg = 0.000)
",0.000,0.000,0.000,1.000,0.000,0,0,0,1,1,0,0,1,0.0,0.0,0.0,0.0,0.0,1.0,1
"G[2,2](((Pt_ChildT1D <= 0.000 -> HeightCm >= 38.100) & Pt_A1cGoalLev <= 38.100) & UnitsInsBasalOrLongAct <= 38.100)
",0.000,0.000,0.000,1.000,0.000,0,0,1,0,0,1,1,0,0.0,0.0,1.0,0.0,0.0,1.0,1
"G[1,2]((TotChol <= 75.000 -> BGTestAvgNumPtRep >= 0.000) & bmi >= 0.000)
",0.000,0.000,0.000,1.000,0.000,0,0,1,0,0,1,1,0,0.0,0.0,1.0,0.0,0.0,1.0,1
"G[1,1](((bmiPerc <= 20.936 -> HbA1cImputeDtMnC <= 7.000) & AlbCreatRat_mggNew <= 7.000) | diagAgeCombo <= 7.000)
",0.000,0.000,0.000,1.000,0.000,0,0,1,0,0,1,1,0,0.0,0.0,1.0,0.0,0.0,1.0,1
"G[0,1]((GFR <= 1.422 & BGTestAvgNumMeter <= 0.000) -> age >= 0.000)
",0.000,0.000,0.000,1.000,0.000,0,0,1,0,0,1,1,0,0.0,0.0,1.0,0.0,0.0,1.0,1
"G[1,1]((bmiPerc <= 20.936 | Pt_InsGov <= 0.000) & HDL >= 0.000)
",0.000,0.000,0.000,1.000,0.000,0,0,1,0,0,1,1,0,0.0,0.0,1.0,0.0,0.0,1.0,1
"G[0,2]((Pt_MotherT1D <= 0.000 -> LDL <= 0.315) & bmi <= 0.315)
",0.000,0.000,0.000,1.000,0.000,0,0,0,1,1,0,0,1,0.0,0.0,0.0,0.0,0.0,1.0,1
"G[0,0](BldPrDia <= 107.000 -> HbA1c <= 0.000)
",0.000,0.000,0.000,1.000,0.000,0,0,0,1,1,0,0,1,0.0,0.0,0.0,0.0,0.0,1.0,1
"G[1,2]((BGTestAvgNumMeter <= 0.000 | diagAgeCombo >= 0.000) -> Pt_DKAFlg <= 0.000)
",0.000,0.000,0.000,1.000,0.000,0,0,1,0,0,1,1,0,0.0,0.0,1.0,0.0,0.0,1.0,1
"G[2,2](AutonomicNeuroCl <= 7.300 & LDL >= 0.315)
",0.000,0.000,0.000,1.000,0.000,0,0,1,0,0,1,1,0,0.0,0.0,1.0,0.0,0.0,1.0,1
"G[0,1](diabDur < 10.000 & Pt_SHFlg = 0.000)
",0.000,0.000,0.000,1.000,0.000,0,0,1,0,0,1,1,0,0.0,0.0,1.0,0.0,0.0,1.0,1
"G[0,2](Pt_MotherT1D >= 0.000 & Pt_SHFlg = 0.000)
",0.000,0.000,0.000,1.000,0.000,0,0,1,0,0,1,1,0,0.0,0.0,1.0,0.0,0.0,1.0,1
"G[0,2](HbA1c <= 0.000 -> Pt_SHFlg = 0.000)
",0.000,0.000,0.000,1.000,0.000,0,0,1,0,0,1,1,0,0.0,0.0,1.0,0.0,0.0,1.0,1
"G[0,1](NumPumpBolusOrShortAct < 0.000 & Pt_SHFlg = 0.000)
",0.000,0.000,0.000,1.000,0.000,0,0,0,1,1,0,0,1,0.0,0.0,0.0,0.0,0.0,1.0,1
"G[1,2](Triglyc < 126.000 -> Pt_SHFlg = 0.000)
",0.000,0.000,0.000,1.000,0.000,0,0,1,0,0,1,1,0,0.0,0.0,1.0,0.0,0.0,1.0,1
"G[2,2](BGTestAvgNumPtRep >= 0.000 & Pt_SHFlg = 0.000)
",0.000,0.000,0.000,1.000,0.000,0,0,1,0,0,1,1,0,0.0,0.0,1.0,0.0,0.0,1.0,1
"G[1,2]((TotalDailyInsPerKg <= 5.000 -> BldPrDia <= 107.000) -> HDL >= 107.000)
",0.000,0.000,0.000,1.000,0.000,0,0,1,0,0,1,1,0,0.0,0.0,1.0,0.0,0.0,1.0,1
"G[0,1](Pt_MotherT1D >= 0.000 -> Pt_SHFlg = 0.000)
",0.000,0.000,0.000,1.000,0.000,0,0,1,0,0,1,1,0,0.0,0.0,1.0,0.0,0.0,1.0,1
"G[1,2](Pt_GrandparentT1D > 0.000 -> Pt_SHFlg = 0.000)
",0.000,0.000,0.000,1.000,0.000,0,0,1,0,0,1,1,0,0.0,0.0,1.0,0.0,0.0,1.0,1
"G[0,1](diabDur > 10.000 & Pt_SHFlg = 0.000)
",0.000,0.000,0.000,1.000,0.000,0,0,0,1,1,0,0,1,0.0,0.0,0.0,0.0,0.0,1.0,1
"G[1,2](UnitsInsBasalOrLongAct >= 0.000 & Pt_SHFlg = 0.000)
",0.000,0.000,0.000,1.000,0.000,0,0,1,0,0,1,1,0,0.0,0.0,1.0,0.0,0.0,1.0,1
"G[0,1](NumPumpBolusOrShortAct <= 0.000 -> Pt_SHFlg = 0.000)
",0.000,0.000,0.000,1.000,0.000,0,0,1,0,0,1,1,0,0.0,0.0,1.0,0.0,0.0,1.0,1
"G[1,1](Pt_A1cGoalLev > 5.000 & Pt_SHFlg = 0.000)
",0.000,0.000,0.000,1.000,0.000,0,0,1,0,0,1,1,0,0.0,0.0,1.0,0.0,0.0,1.0,1
"G[2,2](SMBGperDayPtMeterCombo > 66.000 & Pt_SHFlg = 0.000)
",0.000,0.000,0.000,1.000,0.000,0,0,1,0,0,1,1,0,0.0,0.0,1.0,0.0,0.0,1.0,1
"G[0,2]((TotalDailyInsPerKg <= 5.000 & DirectLDL <= 134.900) | Pt_MotherT1D >= 134.900)
",0.000,0.000,0.000,1.000,0.000,0,0,1,0,0,1,1,0,0.0,0.0,1.0,0.0,0.0,1.0,1
"G[1,2](HbA1c >= 0.000 | diabDur >= 10.000)
",0.000,0.000,0.000,1.000,0.000,0,0,1,0,0,1,1,0,0.0,0.0,1.0,0.0,0.0,1.0,1
"G[0,1](((Pt_A1cGoalLev >= 5.000 | UnitsInsBasalOrLongAct <= 0.000) | BldPrSys >= 0.000) -> Triglyc <= 0.000)
",0.000,0.000,0.000,1.000,0.000,0,0,0,1,1,0,0,1,0.0,0.0,0.0,0.0,0.0,1.0,1
"G[1,1](WeightKg <= 12.000 -> Pt_A1cGoalLevelDsYr5 <= 0.000)
",0.000,0.000,0.000,1.000,0.000,0,0,1,0,0,1,1,0,0.0,0.0,1.0,0.0,0.0,1.0,1
"G[1,1]((Pt_A1cGoalLevelDsYr5 <= 0.000 | GFR <= 1.422) -> WeightKg >= 1.422)
",0.000,0.000,0.000,1.000,0.000,0,0,1,0,0,1,1,0,0.0,0.0,1.0,0.0,0.0,1.0,1
"G[0,2](((Pt_SHFlg >= 0.000 | diabDur >= 10.000) & BUN >= 10.000) -> Pt_SHFlg <= 10.000)
",0.000,0.000,0.000,1.000,0.000,0,0,1,0,0,1,1,0,0.0,0.0,1.0,0.0,0.0,1.0,1
"G[1,1](diabDur <= 10.000 | AutonomicNeuroCl >= 7.300)
",0.000,0.000,0.000,1.000,0.000,0,0,1,0,0,1,1,0,0.0,0.0,1.0,0.0,0.0,1.0,1
"G[2,2]((BGTestAvgNumPtRep <= 0.000 & Pt_MotherT1D >= 0.000) & HbA1c >= 0.000)
",0.000,0.000,0.000,1.000,0.000,0,0,1,0,0,1,1,0,0.0,0.0,1.0,0.0,0.0,1.0,1
"G[1,2](((BldPrDia >= 107.000 & HeightCm <= 38.100) | Pt_SiblingT1D <= 38.100) | LDL >= 38.100)
",0.000,0.000,0.000,1.000,0.000,0,0,1,0,0,1,1,0,0.0,0.0,1.0,0.0,0.0,1.0,1
"G[0,2](((bmiPerc >= 20.936 -> Pt_SiblingT1D <= 0.000) & AlbCreatRat_mggNew >= 0.000) -> BldPrSys <= 0.000)
",0.000,0.000,0.000,1.000,0.000,0,0,0,1,1,0,0,1,0.0,0.0,0.0,0.0,0.0,1.0,1
"G[1,2](Pt_CGMUseNumDays >= 20409.000 -> LDL <= 0.315)
",0.000,0.000,0.000,1.000,0.000,0,0,1,0,0,1,1,0,0.0,0.0,1.0,0.0,0.0,1.0,1
"G[2,2](((Pt_GrandparentT1D <= 0.000 | BUN <= 113.000) & Pt_InsGov >= 113.000) -> BUN >= 113.000)
",0.000,0.000,0.000,1.000,0.000,0,0,1,0,0,1,1,0,0.0,0.0,1.0,0.0,0.0,1.0,1
"G[2,2](((Pt_FatherT1D <= 0.000 & Pt_DKAFlg >= 0.000) & UnitsInsBasalOrLongAct >= 0.000) -> BldPrSys >= 0.000)
",0.000,0.000,0.000,1.000,0.000,0,0,1,0,0,1,1,0,0.0,0.0,1.0,0.0,0.0,1.0,1
"G[2,2]((Pt_GrandparentT1D >= 0.000 -> bmi <= 0.000) -> AutonomicNeuroCl >= 0.000)
",0.000,0.000,0.000,1.000,0.000,0,0,1,0,0,1,1,0,0.0,0.0,1.0,0.0,0.0,1.0,1
"G[0,2]((age <= 0.000 -> HeightCm >= 38.100) | HbA1c <= 38.100)
",0.000,0.000,0.000,1.000,0.000,0,0,1,0,0,1,1,0,0.0,0.0,1.0,0.0,0.0,1.0,1
"G[1,2](bmiPerc >= 20.936 -> AutonomicNeuroCl <= 7.300)
",0.000,0.000,0.000,1.000,0.000,0,0,1,0,0,1,1,0,0.0,0.0,1.0,0.0,0.0,1.0,1
"G[0,2](((Pt_DKAFlg >= 0.000 | HeightCm >= 38.100) & Pt_SHFlg >= 38.100) & SMBGperDayPtMeterCombo <= 38.100)
",0.000,0.000,0.000,1.000,0.000,0,0,0,1,1,0,0,1,0.0,0.0,0.0,0.0,0.0,1.0,1
"G[0,2](bmiZscore >= 0.922 & BGTestAvgNumPtRep >= 0.000)
",0.000,0.000,0.000,1.000,0.000,0,0,1,0,0,1,1,0,0.0,0.0,1.0,0.0,0.0,1.0,1
"G[1,1](GFR <= 1.422 -> HbA1c >= 0.000)
",0.000,0.000,0.000,1.000,0.000,0,0,1,0,0,1,1,0,0.0,0.0,1.0,0.0,0.0,1.0,1
"G[0,1]((SMBGperDayPtMeterCombo <= 66.000 & Pt_CGMUseNumDays <= 20409.000) -> SMBGperDayPtMeterCombo <= 20409.000)
",0.000,0.000,0.000,1.000,0.000,0,0,1,0,0,1,1,0,0.0,0.0,1.0,0.0,0.0,1.0,1
"G[0,1](SMBGperDayPtMeterCombo <= 66.000 & Pt_GrandparentT1D <= 0.000)
",0.000,0.000,0.000,1.000,0.000,0,0,0,1,1,0,0,1,0.0,0.0,0.0,0.0,0.0,1.0,1
"G[0,2](HbA1c >= 0.000 -> AlbCreatRat_mggNew <= 0.000)
",0.000,0.000,0.000,1.000,0.000,0,0,1,0,0,1,1,0,0.0,0.0,1.0,0.0,0.0,1.0,1
"G[0,2]((diabDur <= 10.000 & WeightKg <= 12.000) -> Pt_FatherT1D <= 12.000)
",0.000,0.000,0.000,1.000,0.000,0,0,1,0,0,1,1,0,0.0,0.0,1.0,0.0,0.0,1.0,1
"G[0,1](((Pt_GrandchildT1D <= 0.000 & diabDur <= 10.000) | BGTestAvgNumPtRep <= 10.000) & BldPrDia <= 10.000)
",0.000,0.000,0.000,1.000,0.000,0,0,0,1,1,0,0,1,0.0,0.0,0.0,0.0,0.0,1.0,1
"G[1,2](bmiZscore >= 0.922 | GFR >= 1.422)
",0.000,0.000,0.000,1.000,0.000,0,0,1,0,0,1,1,0,0.0,0.0,1.0,0.0,0.0,1.0,1
"G[0,2]((bmiPerc <= 20.936 -> Pt_FatherT1D >= 0.000) | TotChol <= 0.000)
",0.000,0.000,0.000,1.000,0.000,0,0,1,0,0,1,1,0,0.0,0.0,1.0,0.0,0.0,1.0,1
"G[0,2]((Triglyc <= 126.000 & SMBGperDayPtMeterCombo >= 66.000) | HDL <= 66.000)
",0.000,0.000,0.000,1.000,0.000,0,0,0,1,1,0,0,1,0.0,0.0,0.0,0.0,0.0,1.0,1
"G[0,1](((SMBGperDayPtMeterCombo <= 66.000 & diagAgeCombo >= 0.000) & bmi >= 0.000) -> BUN <= 0.000)
",0.000,0.000,0.000,1.000,0.000,0,0,1,0,0,1,1,0,0.0,0.0,1.0,0.0,0.0,1.0,1
"G[0,1](BGTestAvgNumMeter <= 0.000 -> BldPrSys >= 1.000)
",0.000,0.000,0.000,1.000,0.000,0,0,1,0,0,1,1,0,0.0,0.0,1.0,0.0,0.0,1.0,1
"G[0,1](((AutonomicNeuroCl <= 7.300 -> HbA1cImputeDtMnC <= 7.000) -> Pt_SiblingT1D >= 7.000) -> diabDur <= 7.000)
",0.000,0.000,0.000,1.000,0.000,0,0,1,0,0,1,1,0,0.0,0.0,1.0,0.0,0.0,1.0,1
"G[0,2](((TSH <= 12.000 & TotalDailyInsPerKg <= 5.000) & Pt_FatherT1D >= 5.000) & AlbCreatRat_mggNew <= 5.000)
",0.000,0.000,0.000,1.000,0.000,0,0,0,1,1,0,0,1,0.0,0.0,0.0,0.0,0.0,1.0,1
"G[0,1](((Pt_A1cGoalLevelDsYr5 >= 0.000 -> Pt_CGMUseNumDays <= 20409.000) | age >= 20409.000) -> LDL >= 20409.000)
",0.000,0.000,0.000,1.000,0.000,0,0,0,1,1,0,0,1,0.0,0.0,0.0,0.0,0.0,1.0,1
"G[0,2](((Pt_A1cGoalLevelDsYr5 <= 0.000 -> TotChol <= 75.000) -> bmiPerc <= 75.000) & diagAgeCombo >= 75.000)
",0.000,0.000,0.000,1.000,0.000,0,0,0,1,1,0,0,1,0.0,0.0,0.0,0.0,0.0,1.0,1
"G[1,2](((BGTestAvgNumPtRep <= 0.000 -> HDL >= 28.000) & bmi <= 28.000) | TotChol <= 28.000)
",0.000,0.000,0.000,1.000,0.000,0,0,1,0,0,1,1,0,0.0,0.0,1.0,0.0,0.0,1.0,1
"G[1,2](Pt_A1cGoalLev >= 5.000 | DirectLDL >= 134.900)
",0.000,0.000,0.000,1.000,0.000,0,0,1,0,0,1,1,0,0.0,0.0,1.0,0.0,0.0,1.0,1
"G[0,1]((Pt_GrandchildT1D <= 0.000 & Pt_SiblingT1D <= 0.000) -> DirectLDL <= 0.000)
",0.000,0.000,0.000,1.000,0.000,0,0,1,0,0,1,1,0,0.0,0.0,1.0,0.0,0.0,1.0,1
"G[0,2]((Pt_DKAFlg <= 0.000 -> Pt_ChildT1D <= 0.000) -> Triglyc >= 0.000)
",0.000,0.000,0.000,1.000,0.000,0,0,1,0,0,1,1,0,0.0,0.0,1.0,0.0,0.0,1.0,1
"G[1,2](LDL >= 0.315 & Pt_CGMUseNumDays >= 20409.000)
",0.000,0.000,0.000,1.000,0.000,0,0,1,0,0,1,1,0,0.0,0.0,1.0,0.0,0.0,1.0,1
"G[1,2]((Pt_CGMUseNumDays <= 20409.000 | Pt_CGMUseNumDays <= 20409.000) -> Pt_InsGov <= 20409.000)
",0.000,0.000,0.000,1.000,0.000,0,0,1,0,0,1,1,0,0.0,0.0,1.0,0.0,0.0,1.0,1
"G[0,2](HbA1cImputeDtMnC >= 7.000 | Pt_FatherT1D <= 0.000)
",0.000,0.000,0.000,1.000,0.000,0,0,1,0,0,1,1,0,0.0,0.0,1.0,0.0,0.0,1.0,1
"G[0,2](BUN >= 113.000 -> Pt_SiblingT1D >= 0.000)
",0.000,0.000,0.000,1.000,0.000,0,0,1,0,0,1,1,0,0.0,0.0,1.0,0.0,0.0,1.0,1
"G[0,2](((age <= 0.000 | DirectLDL <= 134.900) -> Pt_A1cGoalLevelDsYr5 <= 134.900) | age >= 134.900)
",0.000,0.000,0.000,1.000,0.000,0,0,1,0,0,1,1,0,0.0,0.0,1.0,0.0,0.0,1.0,1
"G[2,2](Pt_SiblingT1D <= 0.000 & Pt_DKAFlg >= 0.000)
",0.000,0.000,0.000,1.000,0.000,0,0,1,0,0,1,1,0,0.0,0.0,1.0,0.0,0.0,1.0,1
"G[0,2]((Pt_ChildT1D >= 0.000 | HeightCm <= 38.100) & BGTestAvgNumPtRep <= 38.100)
",0.000,0.000,0.000,1.000,0.000,0,0,1,0,0,1,1,0,0.0,0.0,1.0,0.0,0.0,1.0,1
"G[0,1]((Pt_DKAFlg >= 0.000 -> HDL >= 28.000) | LDL <= 28.000)
",0.000,0.000,0.000,1.000,0.000,0,0,1,0,0,1,1,0,0.0,0.0,1.0,0.0,0.0,1.0,1
"G[2,2]((BGTestAvgNumPtRep >= 0.000 & bmiPerc >= 20.936) -> Pt_DKAFlg >= 20.936)
",0.000,0.000,0.000,1.000,0.000,0,0,1,0,0,1,1,0,0.0,0.0,1.0,0.0,0.0,1.0,1
"G[0,1](Pt_SiblingT1D >= 0.000 | HDL <= 28.000)
",0.000,0.000,0.000,1.000,0.000,0,0,1,0,0,1,1,0,0.0,0.0,1.0,0.0,0.0,1.0,1
"G[0,1](SMBGperDayPtMeterCombo >= 66.000 -> Pt_A1cGoalLevelDsYr5 <= 0.000)
",0.000,0.000,0.000,1.000,0.000,0,0,1,0,0,1,1,0,0.0,0.0,1.0,0.0,0.0,1.0,1
"G[1,1]((TotChol <= 75.000 | AlbCreatRat_mggNew <= 0.000) | TotalDailyInsPerKg >= 0.000)
",0.000,0.000,0.000,1.000,0.000,0,0,1,0,0,1,1,0,0.0,0.0,1.0,0.0,0.0,1.0,1
"G[0,2](((TotalDailyInsPerKg <= 5.000 & BldPrSys >= 1.000) -> Pt_DKAFlg >= 1.000) -> BUN <= 1.000)
",0.000,0.000,0.000,1.000,0.000,0,0,1,0,0,1,1,0,0.0,0.0,1.0,0.0,0.0,1.0,1
"G[2,2](TotChol <= 75.000 & BUN <= 113.000)
",0.000,0.000,0.000,1.000,0.000,0,0,1,0,0,1,1,0,0.0,0.0,1.0,0.0,0.0,1.0,1
"G[0,2](age >= 0.000 | Pt_CGMUseNumDays <= 20409.000)
",0.000,0.000,0.000,1.000,0.000,0,0,1,0,0,1,1,0,0.0,0.0,1.0,0.0,0.0,1.0,1
"G[0,1](((BldPrSys >= 1.000 | HDL <= 28.000) | TSH >= 28.000) -> Triglyc <= 28.000)
",0.000,0.000,0.000,1.000,0.000,0,0,0,1,1,0,0,1,0.0,0.0,0.0,0.0,0.0,1.0,1
"G[1,2](Triglyc <= 126.000 | Pt_A1cGoalLevelDsYr5 <= 0.000)
",0.000,0.000,0.000,1.000,0.000,0,0,1,0,0,1,1,0,0.0,0.0,1.0,0.0,0.0,1.0,1
"G[2,2]((TSH >= 12.000 -> TSH >= 12.000) & LDL >= 12.000)
",0.000,0.000,0.000,1.000,0.000,0,0,1,0,0,1,1,0,0.0,0.0,1.0,0.0,0.0,1.0,1
"G[1,2]((HDL >= 28.000 -> diabDur >= 10.000) | HbA1c <= 10.000)
",0.000,0.000,0.000,1.000,0.000,0,0,1,0,0,1,1,0,0.0,0.0,1.0,0.0,0.0,1.0,1
"G[1,1](((HbA1cImputeDtMnC >= 7.000 -> HeightCm <= 38.100) & Pt_GrandparentT1D >= 38.100) | WeightKg <= 38.100)
",0.000,0.000,0.000,1.000,0.000,0,0,1,0,0,1,1,0,0.0,0.0,1.0,0.0,0.0,1.0,1
"G[2,2](((LDL >= 0.315 & GFR >= 1.422) | BldPrDia <= 1.422) | Pt_SHFlg <= 1.422)
",0.000,0.000,0.000,1.000,0.000,0,0,1,0,0,1,1,0,0.0,0.0,1.0,0.0,0.0,1.0,1
"G[0,1]((diagAgeCombo >= 0.000 & HeightCm <= 38.100) -> AlbCreatRat_mggNew >= 38.100)
",0.000,0.000,0.000,1.000,0.000,0,0,1,0,0,1,1,0,0.0,0.0,1.0,0.0,0.0,1.0,1
"G[0,2](Pt_GrandchildT1D <= 0.000 | Pt_InsGov <= 0.000)
",0.000,0.000,0.000,1.000,0.000,0,0,1,0,0,1,1,0,0.0,0.0,1.0,0.0,0.0,1.0,1
"G[0,1](TSH <= 12.000 & BGTestAvgNumPtRep >= 0.000)
",0.000,0.000,0.000,1.000,0.000,0,0,1,0,0,1,1,0,0.0,0.0,1.0,0.0,0.0,1.0,1
"G[0,1](((Pt_GrandparentT1D <= 0.000 -> Pt_MotherT1D >= 0.000) | Pt_A1cGoalLevelDsYr5 <= 0.000) -> Pt_GrandparentT1D <= 0.000)
",0.000,0.000,0.000,1.000,0.000,0,0,0,1,1,0,0,1,0.0,0.0,0.0,0.0,0.0,1.0,1
"G[0,2](SMBGperDayPtMeterCombo >= 66.000 & BGTestAvgNumPtRep >= 0.000)
",0.000,0.000,0.000,1.000,0.000,0,0,0,1,1,0,0,1,0.0,0.0,0.0,0.0,0.0,1.0,1
"G[0,1]((TotalDailyInsPerKg <= 5.000 & bmiZscore <= 0.922) & Pt_GrandparentT1D >= 0.922)
",0.000,0.000,0.000,1.000,0.000,0,0,0,1,1,0,0,1,0.0,0.0,0.0,0.0,0.0,1.0,1
"G[1,1](((Pt_DKAFlg <= 0.000 | bmi >= 0.000) | HDL <= 0.000) | BldPrDia <= 0.000)
",0.000,0.000,0.000,1.000,0.000,0,0,1,0,0,1,1,0,0.0,0.0,1.0,0.0,0.0,1.0,1
"G[1,1](((TotalDailyInsPerKg <= 5.000 | Pt_GrandparentT1D >= 0.000) | bmiZscore >= 0.000) | bmi >= 0.000)
",0.000,0.000,0.000,1.000,0.000,0,0,1,0,0,1,1,0,0.0,0.0,1.0,0.0,0.0,1.0,1
"G[0,2]((Pt_CGMUseNumDays <= 20409.000 & Pt_A1cGoalLevelDsYr5 >= 0.000) -> BldPrSys >= 0.000)
",0.000,0.000,0.000,1.000,0.000,0,0,1,0,0,1,1,0,0.0,0.0,1.0,0.0,0.0,1.0,1
"G[1,2](bmiZscore <= 0.922 | BGTestAvgNumPtRep >= 0.000)
",0.000,0.000,0.000,1.000,0.000,0,0,1,0,0,1,1,0,0.0,0.0,1.0,0.0,0.0,1.0,1
"G[0,1]((WeightKg <= 12.000 | Pt_SiblingT1D >= 0.000) | Pt_FatherT1D <= 0.000)
",0.000,0.000,0.000,1.000,0.000,0,0,1,0,0,1,1,0,0.0,0.0,1.0,0.0,0.0,1.0,1
"G[2,2]((BGTestAvgNumMeter <= 0.000 | GFR >= 1.422) | Pt_ChildT1D >= 1.422)
",0.000,0.000,0.000,1.000,0.000,0,0,1,0,0,1,1,0,0.0,0.0,1.0,0.0,0.0,1.0,1
"G[0,1](HbA1c <= 0.000 -> Pt_FatherT1D >= 0.000)
",0.000,0.000,0.000,1.000,0.000,0,0,1,0,0,1,1,0,0.0,0.0,1.0,0.0,0.0,1.0,1
"G[0,2](((Pt_A1cGoalLev >= 5.000 | SMBGperDayPtMeterCombo >= 66.000) | Pt_A1cGoalLevelDsYr5 <= 66.000) | NumPumpBolusOrShortAct >= 66.000)
",0.000,0.000,0.000,1.000,0.000,0,0,1,0,0,1,1,0,0.0,0.0,1.0,0.0,0.0,1.0,1
"G[1,2]((age <= 0.000 -> GFR <= 1.422) | Pt_SHFlg >= 1.422)
",0.000,0.000,0.000,1.000,0.000,0,0,1,0,0,1,1,0,0.0,0.0,1.0,0.0,0.0,1.0,1
"G[1,2](AlbCreatRat_mggNew >= 0.000 | Pt_FatherT1D <= 0.000)
",0.000,0.000,0.000,1.000,0.000,0,0,1,0,0,1,1,0,0.0,0.0,1.0,0.0,0.0,1.0,1
"G[2,2]((HbA1cImputeDtMnC <= 7.000 & HeightCm <= 38.100) & HeightCm <= 38.100)
",0.000,0.000,0.000,1.000,0.000,0,0,1,0,0,1,1,0,0.0,0.0,1.0,0.0,0.0,1.0,1
"G[1,1](Pt_InsGov <= 0.000 -> BldPrSys <= 1.000)
",0.000,0.000,0.000,1.000,0.000,0,0,1,0,0,1,1,0,0.0,0.0,1.0,0.0,0.0,1.0,1
"G[0,2](((HbA1c <= 0.000 -> BGTestAvgNumPtRep >= 0.000) | AlbCreatRat_mggNew >= 0.000) & Pt_ChildT1D >= 0.000)
",0.000,0.000,0.000,1.000,0.000,0,0,1,0,0,1,1,0,0.0,0.0,1.0,0.0,0.0,1.0,1
"G[0,2](Pt_GrandparentT1D >= 0.000 & Pt_FatherT1D >= 0.000)
",0.000,0.000,0.000,1.000,0.000,0,0,1,0,0,1,1,0,0.0,0.0,1.0,0.0,0.0,1.0,1
"F[1,2](HeightCm >= 38.100 -> TotChol >= 75.000)
",0.000,0.000,0.000,0.000,1.000,0,0,0,1,1,0,0,1,0.0,0.0,0.0,0.0,0.0,1.0,-1
"F[0,2]((LDL <= 0.315 & NumPumpBolusOrShortAct >= 0.000) & Pt_MotherT1D >= 0.000)
",0.000,0.000,0.000,0.000,1.000,0,0,0,1,1,0,0,1,0.0,0.0,0.0,0.0,0.0,1.0,-1
"G[1,1](Pt_SiblingT1D >= 0.000 & GFR >= 1.422)
",0.000,0.000,0.000,1.000,0.000,0,0,1,0,0,1,1,0,0.0,0.0,1.0,0.0,0.0,1.0,1
"G[1,2](HDL >= 28.000 & BUN >= 113.000)
",0.000,0.000,0.000,1.000,0.000,0,0,1,0,0,1,1,0,0.0,0.0,1.0,0.0,0.0,1.0,1
"F[0,2]((TSH >= 12.000 | UnitsInsBasalOrLongAct <= 0.000) & AlbCreatRat_mggNew <= 0.000)
",0.000,0.000,0.000,0.000,1.000,0,0,0,1,1,0,0,1,0.0,0.0,0.0,0.0,0.0,1.0,-1
"F[1,2](((Pt_A1cGoalLev <= 5.000 -> GFR <= 1.422) | WeightKg >= 1.422) -> bmiZscore <= 1.422)
",0.000,0.000,0.000,0.000,1.000,0,0,0,1,1,0,0,1,0.0,0.0,0.0,0.0,0.0,1.0,-1
"((BGTestAvgNumMeter >= 0.000) U[1,2] (BGTestAvgNumMeter <= 0.000))
",0.000,0.000,0.000,0.000,1.000,0,0,0,1,1,0,0,1,0.0,0.0,0.0,0.0,0.0,1.0,-1
"F[1,1]((bmi >= 0.000 & Pt_A1cGoalLevelDsYr5 <= 0.000) & age >= 0.000)
",0.000,0.000,0.000,0.000,1.000,0,0,0,1,1,0,0,1,0.0,0.0,0.0,0.0,0.0,1.0,-1
"F[0,2](TotChol >= 75.000 | UnitsInsBasalOrLongAct >= 0.000)
",0.000,0.000,0.000,0.000,1.000,0,0,0,1,1,0,0,1,0.0,0.0,0.0,0.0,0.0,1.0,-1
"G[0,1](((Pt_GrandchildT1D >= 0.000 | HDL >= 28.000) | diabDur >= 28.000) -> BUN <= 28.000)
",0.000,0.000,0.000,1.000,0.000,0,0,1,0,0,1,1,0,0.0,0.0,1.0,0.0,0.0,1.0,1
"F[1,2]((bmi <= 0.000 & Pt_FatherT1D <= 0.000) -> Pt_A1cGoalLevelDsYr5 >= 0.000)
",0.000,0.000,0.000,0.000,1.000,0,0,0,1,1,0,0,1,0.0,0.0,0.0,0.0,0.0,1.0,-1
"F[0,1](Pt_GrandchildT1D >= 0.000 & DirectLDL <= 134.900)
",0.000,0.000,0.000,0.000,1.000,0,0,0,1,1,0,0,1,0.0,0.0,0.0,0.0,0.0,1.0,-1
"F[0,2](((bmiPerc <= 20.936 | HbA1cImputeDtMnC >= 7.000) -> SMBGperDayPtMeterCombo <= 7.000) & WeightKg <= 7.000)
",0.000,0.000,0.000,0.000,1.000,0,0,0,1,1,0,0,1,0.0,0.0,0.0,0.0,0.0,1.0,-1
"F[1,2](((bmiZscore <= 0.922 | UnitsInsBasalOrLongAct >= 0.000) | diagAgeCombo <= 0.000) -> Pt_SHFlg >= 0.000)
",0.000,0.000,0.000,0.000,1.000,0,0,0,1,1,0,0,1,0.0,0.0,0.0,0.0,0.0,1.0,-1
"F[0,2](((WeightKg <= 12.000 -> WeightKg <= 12.000) -> SMBGperDayPtMeterCombo <= 12.000) & diagAgeCombo <= 12.000)
",0.000,0.000,0.000,0.000,1.000,0,0,0,1,1,0,0,1,0.0,0.0,0.0,0.0,0.0,1.0,-1
"F[1,2](((Triglyc >= 126.000 -> Pt_A1cGoalLev >= 5.000) | Pt_InsGov >= 5.000) -> TSH >= 5.000)
",0.000,0.000,0.000,0.000,1.000,0,0,0,1,1,0,0,1,0.0,0.0,0.0,0.0,0.0,1.0,-1
"G[1,2](((NumPumpBolusOrShortAct >= 0.000 | Pt_A1cGoalLevelDsYr5 <= 0.000) & HbA1cImputeDtMnC <= 0.000) | Pt_ChildT1D >= 0.000)
",0.000,0.000,0.000,1.000,0.000,0,0,1,0,0,1,1,0,0.0,0.0,1.0,0.0,0.0,1.0,1
"G[0,1]((WeightKg <= 12.000 & Pt_SHFlg >= 0.000) & Pt_A1cGoalLevelDsYr5 >= 0.000)
",0.000,0.000,0.000,1.000,0.000,0,0,0,1,1,0,0,1,0.0,0.0,0.0,0.0,0.0,1.0,1
"G[2,2](((HeightCm >= 38.100 & DirectLDL >= 134.900) | SMBGperDayPtMeterCombo <= 134.900) -> age <= 134.900)
",0.000,0.000,0.000,1.000,0.000,0,0,1,0,0,1,1,0,0.0,0.0,1.0,0.0,0.0,1.0,1
"G[1,2]((HbA1cImputeDtMnC <= 7.000 -> Pt_SiblingT1D <= 0.000) -> HeightCm >= 0.000)
",0.000,0.000,0.000,1.000,0.000,0,0,1,0,0,1,1,0,0.0,0.0,1.0,0.0,0.0,1.0,1
"G[0,2]((Triglyc <= 126.000 & UnitsInsBasalOrLongAct <= 0.000) -> diagAgeCombo <= 0.000)
",0.000,0.000,0.000,1.000,0.000,0,0,0,1,1,0,0,1,0.0,0.0,0.0,0.0,0.0,1.0,1
"G[0,1]((Pt_SHFlg >= 0.000 & Pt_MotherT1D >= 0.000) & BldPrDia >= 0.000)
",0.000,0.000,0.000,1.000,0.000,0,0,1,0,0,1,1,0,0.0,0.0,1.0,0.0,0.0,1.0,1
"G[0,1](((Pt_CGMUseNumDays <= 20409.000 | Pt_MotherT1D <= 0.000) | DirectLDL >= 0.000) & TSH <= 0.000)
",0.000,0.000,0.000,1.000,0.000,0,0,1,0,0,1,1,0,0.0,0.0,1.0,0.0,0.0,1.0,1
"G[0,1](((Pt_GrandchildT1D >= 0.000 & Pt_FatherT1D >= 0.000) & Pt_SiblingT1D <= 0.000) | bmiZscore <= 0.000)
",0.000,0.000,0.000,1.000,0.000,0,0,1,0,0,1,1,0,0.0,0.0,1.0,0.0,0.0,1.0,1
"G[1,2](((AutonomicNeuroCl >= 7.300 | Pt_InsGov <= 0.000) -> Pt_InsGov <= 0.000) | Pt_CGMUseNumDays <= 0.000)
",0.000,0.000,0.000,1.000,0.000,0,0,1,0,0,1,1,0,0.0,0.0,1.0,0.0,0.0,1.0,1
"G[1,1](TotChol <= 75.000 -> LDL >= 0.315)
",0.000,0.000,0.000,1.000,0.000,0,0,1,0,0,1,1,0,0.0,0.0,1.0,0.0,0.0,1.0,1
"G[0,2]((bmiPerc <= 20.936 -> Pt_SiblingT1D >= 0.000) | Triglyc <= 0.000)
",0.000,0.000,0.000,1.000,0.000,0,0,1,0,0,1,1,0,0.0,0.0,1.0,0.0,0.0,1.0,1
"G[1,1](((AlbCreatRat_mggNew <= 0.000 | HbA1c <= 0.000) | HDL <= 0.000) | UnitsInsBasalOrLongAct >= 0.000)
",0.000,0.000,0.000,1.000,0.000,0,0,1,0,0,1,1,0,0.0,0.0,1.0,0.0,0.0,1.0,1
"G[0,1]((TSH <= 12.000 | Pt_MotherT1D >= 0.000) -> Triglyc >= 0.000)
",0.000,0.000,0.000,1.000,0.000,0,0,1,0,0,1,1,0,0.0,0.0,1.0,0.0,0.0,1.0,1
"G[0,1](((Pt_A1cGoalLev <= 5.000 & UnitsInsBasalOrLongAct >= 0.000) -> Pt_CGMUseNumDays <= 0.000) | WeightKg <= 0.000)
",0.000,0.000,0.000,1.000,0.000,0,0,1,0,0,1,1,0,0.0,0.0,1.0,0.0,0.0,1.0,1
"G[1,1](BGTestAvgNumMeter <= 0.000 | TSH <= 12.000)
",0.000,0.000,0.000,1.000,0.000,0,0,1,0,0,1,1,0,0.0,0.0,1.0,0.0,0.0,1.0,1
"G[2,2](bmi <= 0.000 & GFR >= 1.422)
",0.000,0.000,0.000,1.000,0.000,0,0,1,0,0,1,1,0,0.0,0.0,1.0,0.0,0.0,1.0,1
"G[2,2]((DirectLDL <= 134.900 & TotChol >= 75.000) & WeightKg >= 75.000)
",0.000,0.000,0.000,1.000,0.000,0,0,1,0,0,1,1,0,0.0,0.0,1.0,0.0,0.0,1.0,1
"F[0,1]((NumPumpBolusOrShortAct >= 0.000 | diabDur <= 10.000) | AutonomicNeuroCl <= 10.000)
",0.000,0.000,0.000,0.000,1.000,0,0,0,1,1,0,0,1,0.0,0.0,0.0,0.0,0.0,1.0,-1
"F[0,0](HbA1c >= 0.000 -> Pt_A1cGoalLevelDsYr5 = 0.000)
",0.000,0.000,0.000,0.000,1.000,0,0,0,1,1,0,0,1,0.0,0.0,0.0,0.0,0.0,1.0,-1
"F[0,2]((Pt_DKAFlg >= 0.000 | LDL >= 0.315) & HbA1cImputeDtMnC >= 0.315)
",0.000,0.000,0.000,0.000,1.000,0,0,0,1,1,0,0,1,0.0,0.0,0.0,0.0,0.0,1.0,-1
"F[1,2](((Pt_SiblingT1D <= 0.000 & HbA1c <= 0.000) | diabDur >= 0.000) -> bmiPerc >= 0.000)
",0.000,0.000,0.000,0.000,1.000,0,0,0,1,1,0,0,1,0.0,0.0,0.0,0.0,0.0,1.0,-1
"F[0,2](Pt_A1cGoalLev >= 5.000 & bmiZscore >= 0.922)
",0.000,0.000,0.000,0.000,1.000,0,0,0,1,1,0,0,1,0.0,0.0,0.0,0.0,0.0,1.0,-1
"F[1,2](((Pt_DKAFlg <= 0.000 | Pt_A1cGoalLev >= 5.000) & Pt_MotherT1D <= 5.000) | BGTestAvgNumPtRep >= 5.000)
",0.000,0.000,0.000,0.000,1.000,0,0,0,1,1,0,0,1,0.0,0.0,0.0,0.0,0.0,1.0,-1
"F[1,2](diagAgeCombo <= 0.000 & HeightCm >= 38.100)
",0.000,0.000,0.000,0.000,1.000,0,0,0,1,1,0,0,1,0.0,0.0,0.0,0.0,0.0,1.0,-1
"F[1,1]((TotalDailyInsPerKg >= 5.000 | HbA1cImputeDtMnC >= 7.000) & WeightKg >= 7.000)
",0.000,0.000,0.000,0.000,1.000,0,0,0,1,1,0,0,1,0.0,0.0,0.0,0.0,0.0,1.0,-1
"((BGTestAvgNumMeter >= 0.000) U[0,2] (bmiPerc >= 20.936))
",0.000,0.000,0.000,0.000,1.000,0,0,0,1,1,0,0,1,0.0,0.0,0.0,0.0,0.0,1.0,-1
"F[1,2]((HeightCm <= 38.100 | Pt_GrandchildT1D <= 0.000) & Triglyc >= 0.000)
",0.000,0.000,0.000,0.000,1.000,0,0,0,1,1,0,0,1,0.0,0.0,0.0,0.0,0.0,1.0,-1
"F[1,1](((bmiZscore <= 0.922 & NumPumpBolusOrShortAct >= 0.000) -> Pt_A1cGoalLevelDsYr5 <= 0.000) & age >= 0.000)
",0.000,0.000,0.000,0.000,1.000,0,0,0,1,1,0,0,1,0.0,0.0,0.0,0.0,0.0,1.0,-1
"F[1,1](TSH >= 12.000 -> bmiZscore <= 0.922)
",0.000,0.000,0.000,0.000,1.000,0,0,0,1,1,0,0,1,0.0,0.0,0.0,0.0,0.0,1.0,-1
"F[1,2]((BGTestAvgNumPtRep <= 0.000 & BUN <= 113.000) | HeightCm >= 113.000)
",0.000,0.000,0.000,0.000,1.000,0,0,0,1,1,0,0,1,0.0,0.0,0.0,0.0,0.0,1.0,-1
"F[0,1](BldPrSys <= 1.000 & BldPrDia <= 107.000)
",0.000,0.000,0.000,0.000,1.000,0,0,0,1,1,0,0,1,0.0,0.0,0.0,0.0,0.0,1.0,-1
"F[1,2]((TSH <= 12.000 | Pt_InsGov >= 0.000) -> Pt_GrandparentT1D <= 0.000)
",0.000,0.000,0.000,0.000,1.000,0,0,0,1,1,0,0,1,0.0,0.0,0.0,0.0,0.0,1.0,-1
"((Pt_A1cGoalLev <= 5.000) U[0,1] (diagAgeCombo >= 0.000))
",0.000,0.000,0.000,0.000,1.000,0,0,0,1,1,0,0,1,0.0,0.0,0.0,0.0,0.0,1.0,-1
"F[0,1](Pt_DKAFlg <= 0.000 | HeightCm >= 38.100)
",0.000,0.000,0.000,0.000,1.000,0,0,0,1,1,0,0,1,0.0,0.0,0.0,0.0,0.0,1.0,-1
"F[0,2](((Pt_CGMUseNumDays >= 20409.000 -> BldPrDia >= 107.000) & BUN <= 107.000) -> HbA1cImputeDtMnC <= 107.000)
",0.000,0.000,0.000,0.000,1.000,0,0,0,1,1,0,0,1,0.0,0.0,0.0,0.0,0.0,1.0,-1
"F[1,2]((NumPumpBolusOrShortAct >= 0.000 & TotChol <= 75.000) -> age >= 75.000)
",0.000,0.000,0.000,0.000,1.000,0,0,0,1,1,0,0,1,0.0,0.0,0.0,0.0,0.0,1.0,-1
"F[1,2](LDL >= 0.315 -> BldPrDia <= 107.000)
",0.000,0.000,0.000,0.000,1.000,0,0,0,1,1,0,0,1,0.0,0.0,0.0,0.0,0.0,1.0,-1
"F[0,1](((WeightKg <= 12.000 & bmiPerc >= 20.936) -> TotalDailyInsPerKg >= 20.936) | Pt_MotherT1D >= 20.936)
",0.000,0.000,0.000,0.000,1.000,0,0,0,1,1,0,0,1,0.0,0.0,0.0,0.0,0.0,1.0,-1
"F[0,1](TotalDailyInsPerKg <= 5.000 | Triglyc >= 126.000)
",0.000,0.000,0.000,0.000,1.000,0,0,0,1,1,0,0,1,0.0,0.0,0.0,0.0,0.0,1.0,-1
"F[1,1]((Pt_GrandchildT1D >= 0.000 & GFR <= 1.422) & Pt_MotherT1D <= 1.422)
",0.000,0.000,0.000,0.000,1.000,0,0,0,1,1,0,0,1,0.0,0.0,0.0,0.0,0.0,1.0,-1
"((Pt_DKAFlg <= 0.000) U[1,2] (AlbCreatRat_mggNew <= 0.000))
",0.000,0.000,0.000,0.000,1.000,0,0,0,1,1,0,0,1,0.0,0.0,0.0,0.0,0.0,1.0,-1
"F[1,2](((bmiZscore >= 0.922 -> LDL <= 0.315) -> TotChol >= 0.315) -> Pt_FatherT1D <= 0.315)
",0.000,0.000,0.000,0.000,1.000,0,0,0,1,1,0,0,1,0.0,0.0,0.0,0.0,0.0,1.0,-1
"F[1,2](((Triglyc <= 126.000 -> Pt_SiblingT1D >= 0.000) & Pt_GrandchildT1D <= 0.000) & Pt_ChildT1D >= 0.000)
",0.000,0.000,0.000,0.000,1.000,0,0,0,1,1,0,0,1,0.0,0.0,0.0,0.0,0.0,1.0,-1
"F[0,1](((Pt_A1cGoalLev <= 5.000 | SMBGperDayPtMeterCombo >= 66.000) & bmiZscore >= 66.000) & Pt_ChildT1D <= 66.000)
",0.000,0.000,0.000,0.000,1.000,0,0,0,1,1,0,0,1,0.0,0.0,0.0,0.0,0.0,1.0,-1
"((Pt_GrandparentT1D >= 0.000) U[0,1] (Pt_A1cGoalLevelDsYr5 >= 0.000))
",0.000,0.000,0.000,0.000,1.000,0,0,0,1,1,0,0,1,0.0,0.0,0.0,0.0,0.0,1.0,-1
"F[0,1](((Pt_InsGov <= 0.000 | HDL >= 28.000) & NumPumpBolusOrShortAct >= 28.000) -> bmi <= 28.000)
",0.000,0.000,0.000,0.000,1.000,0,0,0,1,1,0,0,1,0.0,0.0,0.0,0.0,0.0,1.0,-1
"F[1,2](((bmiPerc <= 20.936 -> HbA1cImputeDtMnC <= 7.000) | GFR <= 7.000) & Pt_SiblingT1D >= 7.000)
",0.000,0.000,0.000,0.000,1.000,0,0,0,1,1,0,0,1,0.0,0.0,0.0,0.0,0.0,1.0,-1
"F[0,1]((NumPumpBolusOrShortAct >= 0.000 -> AlbCreatRat_mggNew >= 0.000) | HDL >= 0.000)
",0.000,0.000,0.000,0.000,1.000,0,0,0,1,1,0,0,1,0.0,0.0,0.0,0.0,0.0,1.0,-1
"F[0,2](((LDL <= 0.315 -> WeightKg >= 12.000) -> Pt_CGMUseNumDays >= 12.000) -> BGTestAvgNumPtRep <= 12.000)
",0.000,0.000,0.000,0.000,1.000,0,0,0,1,1,0,0,1,0.0,0.0,0.0,0.0,0.0,1.0,-1
"F[2,2](GFR >= 1.422 & BldPrSys >= 1.000)
",0.000,0.000,0.000,0.000,1.000,0,0,0,1,1,0,0,1,0.0,0.0,0.0,0.0,0.0,1.0,-1
"((HDL >= 28.000) U[0,1] (WeightKg >= 12.000))
",0.000,0.000,0.000,0.000,1.000,0,0,0,1,1,0,0,1,0.0,0.0,0.0,0.0,0.0,1.0,-1
"G[2,2](((GFR <= 1.422 & diabDur >= 10.000) | WeightKg >= 10.000) & SMBGperDayPtMeterCombo >= 10.000)
",0.000,0.000,0.000,1.000,0.000,0,0,1,0,0,1,1,0,0.0,0.0,1.0,0.0,0.0,1.0,1
"G[1,1]((BUN <= 113.000 -> AlbCreatRat_mggNew <= 0.000) | Pt_SiblingT1D <= 0.000)
",0.000,0.000,0.000,1.000,0.000,0,0,1,0,0,1,1,0,0.0,0.0,1.0,0.0,0.0,1.0,1
"G[1,2](((bmi >= 0.000 & HeightCm <= 38.100) | AlbCreatRat_mggNew <= 38.100) | bmiZscore >= 38.100)
",0.000,0.000,0.000,1.000,0.000,0,0,1,0,0,1,1,0,0.0,0.0,1.0,0.0,0.0,1.0,1
"G[1,2](GFR <= 1.422 -> BUN >= 113.000)
",0.000,0.000,0.000,1.000,0.000,0,0,1,0,0,1,1,0,0.0,0.0,1.0,0.0,0.0,1.0,1
"G[0,1](SMBGperDayPtMeterCombo >= 66.000 & BGTestAvgNumPtRep >= 0.000)
",0.000,0.000,0.000,1.000,0.000,0,0,0,1,1,0,0,1,0.0,0.0,0.0,0.0,0.0,1.0,1
"G[0,1](GFR <= 1.422 -> BUN >= 113.000)
",0.000,0.000,0.000,1.000,0.000,0,0,0,1,1,0,0,1,0.0,0.0,0.0,0.0,0.0,1.0,1
"G[0,2](SMBGperDayPtMeterCombo >= 66.000 & BGTestAvgNumPtRep >= 0.000)
",0.000,0.000,0.000,1.000,0.000,0,0,0,1,1,0,0,1,0.0,0.0,0.0,0.0,0.0,1.0,1
"G[0,1](GFR <= 1.422 -> BUN >= 113.000)
",0.000,0.000,0.000,1.000,0.000,0,0,0,1,1,0,0,1,0.0,0.0,0.0,0.0,0.0,1.0,1
"G[1,2]((WeightKg >= 12.000 | bmi >= 0.000) -> UnitsInsBasalOrLongAct <= 0.000)
",0.000,0.000,0.000,1.000,0.000,0,0,1,0,0,1,1,0,0.0,0.0,1.0,0.0,0.0,1.0,1
"G[0,2](SMBGperDayPtMeterCombo >= 66.000 & BGTestAvgNumPtRep >= 0.000)
",0.000,0.000,0.000,1.000,0.000,0,0,0,1,1,0,0,1,0.0,0.0,0.0,0.0,0.0,1.0,1
"G[2,2]((WeightKg >= 12.000 | bmi >= 0.000) -> UnitsInsBasalOrLongAct <= 0.000)
",0.000,0.000,0.000,1.000,0.000,0,0,1,0,0,1,1,0,0.0,0.0,1.0,0.0,0.0,1.0,1
"G[0,1](((Pt_FatherT1D >= 0.000 & WeightKg >= 12.000) -> HDL >= 12.000) -> BldPrSys <= 12.000)
",0.000,0.000,0.000,1.000,0.000,0,0,0,1,1,0,0,1,0.0,0.0,0.0,0.0,0.0,1.0,1
"G[1,2](SMBGperDayPtMeterCombo >= 66.000 & BGTestAvgNumPtRep >= 0.000)
",0.000,0.000,0.000,1.000,0.000,0,0,1,0,0,1,1,0,0.0,0.0,1.0,0.0,0.0,1.0,1
"G[0,0](GFR <= 1.422 -> BUN >= 113.000)
",0.000,0.000,0.000,1.000,0.000,0,0,0,1,1,0,0,1,0.0,0.0,0.0,0.0,0.0,1.0,1
"G[0,2](SMBGperDayPtMeterCombo >= 66.000 & BGTestAvgNumPtRep >= 0.000)
",0.000,0.000,0.000,1.000,0.000,0,0,0,1,1,0,0,1,0.0,0.0,0.0,0.0,0.0,1.0,1
"G[1,2](GFR <= 1.422 -> BUN >= 113.000)
",0.000,0.000,0.000,1.000,0.000,0,0,1,0,0,1,1,0,0.0,0.0,1.0,0.0,0.0,1.0,1
"G[1,1](((NumPumpBolusOrShortAct <= 0.000 -> bmi >= 0.000) | UnitsInsBasalOrLongAct <= 0.000) & SMBGperDayPtMeterCombo <= 0.000)
",0.000,0.000,0.000,1.000,0.000,0,0,1,0,0,1,1,0,0.0,0.0,1.0,0.0,0.0,1.0,1
"G[2,2]((diagAgeCombo >= 0.000 & BGTestAvgNumPtRep >= 0.000) | bmiPerc <= 0.000)
",0.000,0.000,0.000,1.000,0.000,0,0,1,0,0,1,1,0,0.0,0.0,1.0,0.0,0.0,1.0,1
"G[1,2]((WeightKg >= 12.000 | bmi >= 0.000) -> UnitsInsBasalOrLongAct <= 0.000)
",0.000,0.000,0.000,1.000,0.000,0,0,1,0,0,1,1,0,0.0,0.0,1.0,0.0,0.0,1.0,1
"G[0,2](GFR <= 1.422 -> BUN >= 113.000)
",0.000,0.000,0.000,1.000,0.000,0,0,0,1,1,0,0,1,0.0,0.0,0.0,0.0,0.0,1.0,1
"G[1,2](SMBGperDayPtMeterCombo >= 66.000 & BGTestAvgNumPtRep >= 0.000)
",0.000,0.000,0.000,1.000,0.000,0,0,1,0,0,1,1,0,0.0,0.0,1.0,0.0,0.0,1.0,1
"G[0,2]((WeightKg >= 12.000 | bmi >= 0.000) -> UnitsInsBasalOrLongAct <= 0.000)
",0.000,0.000,0.000,1.000,0.000,0,0,1,0,0,1,1,0,0.0,0.0,1.0,0.0,0.0,1.0,1
"G[2,2](GFR <= 1.422 -> BUN >= 113.000)
",0.000,0.000,0.000,1.000,0.000,0,0,1,0,0,1,1,0,0.0,0.0,1.0,0.0,0.0,1.0,1
"G[0,0](SMBGperDayPtMeterCombo >= 66.000 & BGTestAvgNumPtRep >= 0.000)
",0.000,0.000,0.000,1.000,0.000,0,0,0,1,1,0,0,1,0.0,0.0,0.0,0.0,0.0,1.0,1
"G[0,2]((WeightKg >= 12.000 | bmi >= 0.000) -> UnitsInsBasalOrLongAct <= 0.000)
",0.000,0.000,0.000,1.000,0.000,0,0,1,0,0,1,1,0,0.0,0.0,1.0,0.0,0.0,1.0,1
"G[0,1](GFR <= 1.422 -> BUN >= 113.000)
",0.000,0.000,0.000,1.000,0.000,0,0,0,1,1,0,0,1,0.0,0.0,0.0,0.0,0.0,1.0,1
"G[2,2](SMBGperDayPtMeterCombo >= 66.000 & BGTestAvgNumPtRep >= 0.000)
",0.000,0.000,0.000,1.000,0.000,0,0,1,0,0,1,1,0,0.0,0.0,1.0,0.0,0.0,1.0,1
"G[2,2]((WeightKg >= 12.000 | bmi >= 0.000) -> UnitsInsBasalOrLongAct <= 0.000)
",0.000,0.000,0.000,1.000,0.000,0,0,1,0,0,1,1,0,0.0,0.0,1.0,0.0,0.0,1.0,1
"G[0,2](GFR <= 1.422 -> BUN >= 113.000)
",0.000,0.000,0.000,1.000,0.000,0,0,0,1,1,0,0,1,0.0,0.0,0.0,0.0,0.0,1.0,1
"G[0,2](SMBGperDayPtMeterCombo >= 66.000 & BGTestAvgNumPtRep >= 0.000)
",0.000,0.000,0.000,1.000,0.000,0,0,0,1,1,0,0,1,0.0,0.0,0.0,0.0,0.0,1.0,1
"G[0,2]((WeightKg >= 12.000 | bmi >= 0.000) -> UnitsInsBasalOrLongAct <= 0.000)
",0.000,0.000,0.000,1.000,0.000,0,0,1,0,0,1,1,0,0.0,0.0,1.0,0.0,0.0,1.0,1
"G[0,2](diabDur < 10.000 -> Pt_SHFlg = 0.000)
",0.000,0.000,0.000,1.000,0.000,0,0,1,0,0,1,1,0,0.0,0.0,1.0,0.0,0.0,1.0,1
"G[1,2](TotalDailyInsPerKg > 5.000 -> Pt_SHFlg = 0.000)
",0.000,0.000,0.000,1.000,0.000,0,0,1,0,0,1,1,0,0.0,0.0,1.0,0.0,0.0,1.0,1
"G[0,1](HbA1cImputeDtMnC <= 7.000 -> Pt_SHFlg = 0.000)
",0.000,0.000,0.000,1.000,0.000,0,0,1,0,0,1,1,0,0.0,0.0,1.0,0.0,0.0,1.0,1
"G[0,2](BldPrSys < 1.000 & Pt_SHFlg = 0.000)
",0.000,0.000,0.000,1.000,0.000,0,0,0,1,1,0,0,1,0.0,0.0,0.0,0.0,0.0,1.0,1
"G[0,1](age <= 0.000 -> bmi >= 0.000)
",0.000,0.000,0.000,1.000,0.000,0,0,1,0,0,1,1,0,0.0,0.0,1.0,0.0,0.0,1.0,1
"G[0,1](((HeightCm >= 38.100 -> Pt_MotherT1D <= 0.000) & Pt_GrandchildT1D >= 0.000) -> LDL <= 0.000)
",0.000,0.000,0.000,1.000,0.000,0,0,0,1,1,0,0,1,0.0,0.0,0.0,0.0,0.0,1.0,1
"G[0,1](BGTestAvgNumMeter >= 0.000 -> GFR <= 1.422)
",0.000,0.000,0.000,1.000,0.000,0,0,1,0,0,1,1,0,0.0,0.0,1.0,0.0,0.0,1.0,1
"G[1,1](AlbCreatRat_mggNew >= 0.000 -> HDL <= 28.000)
",0.000,0.000,0.000,1.000,0.000,0,0,1,0,0,1,1,0,0.0,0.0,1.0,0.0,0.0,1.0,1
"G[1,2]((Pt_A1cGoalLevelDsYr5 >= 0.000 | Pt_InsGov >= 0.000) -> BGTestAvgNumMeter >= 0.000)
",0.000,0.000,0.000,1.000,0.000,0,0,1,0,0,1,1,0,0.0,0.0,1.0,0.0,0.0,1.0,1
"G[2,2]((Pt_MotherT1D <= 0.000 | Pt_ChildT1D <= 0.000) -> TSH <= 0.000)
",0.000,0.000,0.000,1.000,0.000,0,0,1,0,0,1,1,0,0.0,0.0,1.0,0.0,0.0,1.0,1
"G[0,2]((diagAgeCombo <= 0.000 & Pt_SHFlg <= 0.000) | Pt_ChildT1D >= 0.000)
",0.000,0.000,0.000,1.000,0.000,0,0,1,0,0,1,1,0,0.0,0.0,1.0,0.0,0.0,1.0,1
"G[1,2](HbA1cImputeDtMnC >= 7.000 -> TSH >= 12.000)
",0.000,0.000,0.000,1.000,0.000,0,0,1,0,0,1,1,0,0.0,0.0,1.0,0.0,0.0,1.0,1
"G[1,2](((diabDur <= 10.000 | DirectLDL <= 134.900) | Pt_A1cGoalLevelDsYr5 >= 134.900) & bmiPerc <= 134.900)
",0.000,0.000,0.000,1.000,0.000,0,0,1,0,0,1,1,0,0.0,0.0,1.0,0.0,0.0,1.0,1
"G[1,2]((diagAgeCombo >= 0.000 & TotalDailyInsPerKg >= 5.000) | HeightCm >= 5.000)
",0.000,0.000,0.000,1.000,0.000,0,0,1,0,0,1,1,0,0.0,0.0,1.0,0.0,0.0,1.0,1
"G[0,2](WeightKg >= 12.000 | BldPrSys >= 1.000)
",0.000,0.000,0.000,1.000,0.000,0,0,1,0,0,1,1,0,0.0,0.0,1.0,0.0,0.0,1.0,1
"G[1,2](((BldPrSys <= 1.000 | Pt_ChildT1D <= 0.000) & UnitsInsBasalOrLongAct >= 0.000) & bmi >= 0.000)
",0.000,0.000,0.000,1.000,0.000,0,0,1,0,0,1,1,0,0.0,0.0,1.0,0.0,0.0,1.0,1
"G[0,2](((Pt_ChildT1D <= 0.000 & WeightKg >= 12.000) | BUN >= 12.000) | NumPumpBolusOrShortAct <= 12.000)
",0.000,0.000,0.000,1.000,0.000,0,0,1,0,0,1,1,0,0.0,0.0,1.0,0.0,0.0,1.0,1
"G[1,2]((DirectLDL >= 134.900 | diagAgeCombo >= 0.000) & HbA1cImputeDtMnC <= 0.000)
",0.000,0.000,0.000,1.000,0.000,0,0,1,0,0,1,1,0,0.0,0.0,1.0,0.0,0.0,1.0,1
"G[0,2](diabDur <= 10.000 -> HbA1cImputeDtMnC >= 7.000)
",0.000,0.000,0.000,1.000,0.000,0,0,0,1,1,0,0,1,0.0,0.0,0.0,0.0,0.0,1.0,1
"G[0,2]((diabDur <= 10.000 -> TSH >= 12.000) | BldPrDia <= 12.000)
",0.000,0.000,0.000,1.000,0.000,0,0,0,1,1,0,0,1,0.0,0.0,0.0,0.0,0.0,1.0,1
"G[0,1](DirectLDL <= 134.900 | HeightCm >= 38.100)
",0.000,0.000,0.000,1.000,0.000,0,0,1,0,0,1,1,0,0.0,0.0,1.0,0.0,0.0,1.0,1
"G[1,2](GFR <= 1.422 -> BUN >= 113.000)
",0.000,0.000,0.000,1.000,0.000,0,0,1,0,0,1,1,0,0.0,0.0,1.0,0.0,0.0,1.0,1
"G[0,2](AutonomicNeuroCl <= 7.300 -> bmi <= 0.000)
",0.000,0.000,0.000,1.000,0.000,0,0,0,1,1,0,0,1,0.0,0.0,0.0,0.0,0.0,1.0,1
"G[1,1]((age >= 0.000 -> HbA1cImputeDtMnC <= 7.000) | HbA1c <= 7.000)
",0.000,0.000,0.000,1.000,0.000,0,0,1,0,0,1,1,0,0.0,0.0,1.0,0.0,0.0,1.0,1
"G[1,2]((Pt_CGMUseNumDays >= 20409.000 -> BGTestAvgNumPtRep <= 0.000) & Pt_MotherT1D >= 0.000)
",0.000,0.000,0.000,1.000,0.000,0,0,1,0,0,1,1,0,0.0,0.0,1.0,0.0,0.0,1.0,1
"G[0,2]((NumPumpBolusOrShortAct >= 0.000 -> BGTestAvgNumPtRep <= 0.000) -> BUN >= 0.000)
",0.000,0.000,0.000,1.000,0.000,0,0,1,0,0,1,1,0,0.0,0.0,1.0,0.0,0.0,1.0,1
"G[1,2]((Pt_SHFlg >= 0.000 & NumPumpBolusOrShortAct <= 0.000) -> bmiPerc <= 0.000)
",0.000,0.000,0.000,1.000,0.000,0,0,1,0,0,1,1,0,0.0,0.0,1.0,0.0,0.0,1.0,1
"G[1,1](((Pt_CGMUseNumDays >= 20409.000 | Pt_DKAFlg <= 0.000) & LDL <= 0.000) & BldPrDia >= 0.000)
",0.000,0.000,0.000,1.000,0.000,0,0,1,0,0,1,1,0,0.0,0.0,1.0,0.0,0.0,1.0,1
"G[0,1]((BldPrSys >= 1.000 & age >= 0.000) & Pt_ChildT1D >= 0.000)
",0.000,0.000,0.000,1.000,0.000,0,0,1,0,0,1,1,0,0.0,0.0,1.0,0.0,0.0,1.0,1
"G[0,1](((diabDur <= 10.000 -> AlbCreatRat_mggNew >= 0.000) | bmi >= 0.000) & GFR <= 0.000)
",0.000,0.000,0.000,1.000,0.000,0,0,1,0,0,1,1,0,0.0,0.0,1.0,0.0,0.0,1.0,1
"G[0,0](((Pt_InsGov >= 0.000 | TotChol <= 75.000) -> TSH <= 75.000) -> HeightCm <= 75.000)
",0.000,0.000,0.000,1.000,0.000,0,0,0,1,1,0,0,1,0.0,0.0,0.0,0.0,0.0,1.0,1
"G[0,2](((Pt_InsGov <= 0.000 & Pt_FatherT1D <= 0.000) | Pt_A1cGoalLevelDsYr5 >= 0.000) | bmi >= 0.000)
",0.000,0.000,0.000,1.000,0.000,0,0,1,0,0,1,1,0,0.0,0.0,1.0,0.0,0.0,1.0,1
"G[0,2](Pt_A1cGoalLev <= 5.000 & bmiPerc <= 20.936)
",0.000,0.000,0.000,1.000,0.000,0,0,1,0,0,1,1,0,0.0,0.0,1.0,0.0,0.0,1.0,1
"G[0,2](((Pt_A1cGoalLev <= 5.000 -> Pt_GrandchildT1D >= 0.000) -> Pt_InsGov >= 0.000) & Pt_GrandchildT1D <= 0.000)
",0.000,0.000,0.000,1.000,0.000,0,0,1,0,0,1,1,0,0.0,0.0,1.0,0.0,0.0,1.0,1
"G[0,1](((BldPrSys >= 1.000 | GFR >= 1.422) -> NumPumpBolusOrShortAct >= 1.422) -> BUN <= 1.422)
",0.000,0.000,0.000,1.000,0.000,0,0,1,0,0,1,1,0,0.0,0.0,1.0,0.0,0.0,1.0,1
"G[0,2]((WeightKg <= 12.000 & TotalDailyInsPerKg >= 5.000) -> BUN <= 5.000)
",0.000,0.000,0.000,1.000,0.000,0,0,1,0,0,1,1,0,0.0,0.0,1.0,0.0,0.0,1.0,1
"G[1,1](AlbCreatRat_mggNew >= 0.000 & HbA1c >= 0.000)
",0.000,0.000,0.000,1.000,0.000,0,0,1,0,0,1,1,0,0.0,0.0,1.0,0.0,0.0,1.0,1
"G[1,2](((AutonomicNeuroCl >= 7.300 & AutonomicNeuroCl >= 7.300) | Pt_A1cGoalLev <= 7.300) -> Pt_SiblingT1D >= 7.300)
",0.000,0.000,0.000,1.000,0.000,0,0,1,0,0,1,1,0,0.0,0.0,1.0,0.0,0.0,1.0,1
"F[1,1]((diabDur <= 10.000 & Pt_DKAFlg <= 0.000) | GFR <= 0.000)
",0.000,0.000,0.000,0.000,1.000,0,0,0,1,1,0,0,1,0.0,0.0,0.0,0.0,0.0,1.0,-1
