Rule,Discrimination Score,Pos Robustness,Neg Robustness,Percent Class +,Percent Class -,TP,TN,FP,FN,Actual Yes,Actual No,Predicted Yes,Predicted No,TPR/Sens,TNR/Spec,FPR,Precision,Accuracy,MCR
"G[1,1]((diagAgeCombo >= 10.000 | bmiPerc <= 0.855) | HbA1cImputeDtMnC <= 0.865)
",0.865,0.865,0.000,1.000,0.000,2,0,0,0,2,0,2,0,1.0,0.0,0.0,1.0,1.0,0.0
"G[0,0]((AlbCreatRat_mggNew >= 10.302 | TotalDailyInsPerKg >= 0.042) | BGTestAvgNumPtRep >= 0.107)
",4.972,7.458,0.000,1.000,0.000,2,0,0,0,2,0,2,0,1.0,0.0,0.0,1.0,1.0,0.0
"G[0,1](Pt_SHFlg >= 0.000 | BldPrDia >= 70.235)
",9999999.000,9999999.000,0.000,1.000,0.000,2,0,0,0,2,0,2,0,1.0,0.0,0.0,1.0,1.0,0.0
"G[0,1](LDL >= 74.793 | NumPumpBolusOrShortAct <= 3.957)
",9999999.000,9999999.000,0.000,1.000,0.000,2,0,0,0,2,0,2,0,1.0,0.0,0.0,1.0,1.0,0.0
"G[1,1](((HDL <= 63.539 -> LDL <= 80.390) & HbA1c >= 63.959) -> BGTestAvgNumMeter <= 77.049)
",-77.049,-77.049,0.000,1.000,0.000,2,0,0,0,2,0,2,0,1.0,0.0,0.0,1.0,1.0,0.0
"G[0,1](HbA1cImputeDtMnC >= 14.018 -> Pt_SHFlg = 0.000)
",9999999.000,9999999.000,0.000,1.000,0.000,2,0,0,0,2,0,2,0,1.0,0.0,0.0,1.0,1.0,0.0
"G[1,1](GFR <= 0.000 -> Pt_SHFlg = 0.000)
",0.000,0.000,0.000,1.000,0.000,2,0,0,0,2,0,2,0,1.0,0.0,0.0,1.0,1.0,0.0
"G[0,1](((Pt_SHFlg <= 0.000 & Pt_MotherT1D <= 0.000) & Triglyc <= 0.000) -> HeightCm <= 0.000)
",9999999.000,9999999.000,0.000,1.000,0.000,2,0,0,0,2,0,2,0,1.0,0.0,0.0,1.0,1.0,0.0
"G[1,1](GFR > 0.000 -> Pt_SHFlg = 0.000)
",0.000,0.000,0.000,1.000,0.000,2,0,0,0,2,0,2,0,1.0,0.0,0.0,1.0,1.0,0.0
"G[0,1](AlbCreatRat_mggNew < 14.527 -> Pt_SHFlg = 0.000)
",9999999.000,9999999.000,0.000,1.000,0.000,2,0,0,0,2,0,2,0,1.0,0.0,0.0,1.0,1.0,0.0
"G[1,1](Pt_GrandchildT1D <= 0.000 -> Pt_SHFlg = 0.000)
",0.000,0.000,0.000,1.000,0.000,2,0,0,0,2,0,2,0,1.0,0.0,0.0,1.0,1.0,0.0
"G[0,1](((TSH >= 0.722 & UnitsInsBasalOrLongAct <= 23.620) -> bmiPerc <= 27.794) & BldPrSys >= 11.334)
",9999999.000,9999999.000,0.000,1.000,0.000,2,0,0,0,2,0,2,0,1.0,0.0,0.0,1.0,1.0,0.0
"G[0,1](((HbA1cImputeDtMnC >= 10.123 -> TotChol <= 164.241) -> BGTestAvgNumMeter <= 167.584) | HbA1c <= 159.760)
",9999999.000,9999999.000,0.000,1.000,0.000,2,0,0,0,2,0,2,0,1.0,0.0,0.0,1.0,1.0,0.0
"G[0,0](BldPrSys <= 130.520 & Pt_SHFlg = 0.000)
",-1.009,-14.938,0.000,1.000,0.000,2,0,0,0,2,0,2,0,1.0,0.0,0.0,1.0,1.0,0.0
"G[0,0](((BldPrDia >= 70.169 -> HbA1c <= 8.418) & Pt_SHFlg >= 8.124) -> Pt_CGMUseNumDays >= 8.250)
",-20104.750,-20104.750,0.000,1.000,0.000,2,0,0,0,2,0,2,0,1.0,0.0,0.0,1.0,1.0,0.0
"G[0,0](bmi <= 15.648 -> diabDur >= 7.555)
",-15.648,-15.648,0.000,1.000,0.000,2,0,0,0,2,0,2,0,1.0,0.0,0.0,1.0,1.0,0.0
"G[0,1](((BldPrSys <= 131.014 & TotChol >= 151.710) -> TotChol >= 147.121) -> Pt_InsGov <= 170.665)
",9999999.000,9999999.000,0.000,1.000,0.000,2,0,0,0,2,0,2,0,1.0,0.0,0.0,1.0,1.0,0.0
"G[0,1](Pt_InsGov >= 0.000 -> Pt_SHFlg = 0.000)
",9999999.000,9999999.000,0.000,1.000,0.000,2,0,0,0,2,0,2,0,1.0,0.0,0.0,1.0,1.0,0.0
"G[0,0]((DirectLDL >= 0.083 -> Triglyc <= 118.462) | Pt_FatherT1D >= 60.922)
",-0.997,-30.420,0.000,1.000,0.000,2,0,0,0,2,0,2,0,1.0,0.0,0.0,1.0,1.0,0.0
"G[1,1]((Triglyc <= 121.158 -> Pt_GrandparentT1D >= 0.000) | Triglyc <= 0.000)
",0.000,0.000,0.000,1.000,0.000,2,0,0,0,2,0,2,0,1.0,0.0,0.0,1.0,1.0,0.0
"G[1,1](((Pt_SHFlg >= 0.000 -> Pt_MotherT1D >= 0.000) & Pt_CGMUseNumDays >= 0.000) & AutonomicNeuroCl <= 0.000)
",0.000,0.000,0.000,1.000,0.000,2,0,0,0,2,0,2,0,1.0,0.0,0.0,1.0,1.0,0.0
"G[0,0](BldPrDia >= 73.791 -> Pt_SiblingT1D >= 0.000)
",-10.158,-45.709,0.000,1.000,0.000,2,0,0,0,2,0,2,0,1.0,0.0,0.0,1.0,1.0,0.0
"G[0,1]((UnitsInsBasalOrLongAct <= 21.690 & age <= 19.372) -> Pt_FatherT1D <= 19.359)
",9999999.000,9999999.000,0.000,1.000,0.000,2,0,0,0,2,0,2,0,1.0,0.0,0.0,1.0,1.0,0.0
"G[0,1](((Pt_A1cGoalLev >= 1.672 & TSH <= 2.620) | BldPrDia >= 0.317) | BGTestAvgNumMeter <= 2.012)
",9999999.000,9999999.000,0.000,1.000,0.000,2,0,0,0,2,0,2,0,1.0,0.0,0.0,1.0,1.0,0.0
"G[1,1]((BldPrDia <= 78.523 | NumPumpBolusOrShortAct >= 0.854) | Pt_DKAFlg <= 3.970)
",78.523,78.523,0.000,1.000,0.000,2,0,0,0,2,0,2,0,1.0,0.0,0.0,1.0,1.0,0.0
"G[0,1](Pt_GrandchildT1D >= 0.000 & Pt_SiblingT1D <= 0.000)
",9999999.000,9999999.000,0.000,1.000,0.000,2,0,0,0,2,0,2,0,1.0,0.0,0.0,1.0,1.0,0.0
"G[0,0](BUN <= 13.736 -> DirectLDL <= 0.941)
",0.955,20.161,0.000,1.000,0.000,2,0,0,0,2,0,2,0,1.0,0.0,0.0,1.0,1.0,0.0
"G[0,1](((BUN <= 13.531 & HDL >= 52.068) | BldPrDia >= 50.285) -> HbA1cImputeDtMnC <= 72.454)
",9999999.000,9999999.000,0.000,1.000,0.000,2,0,0,0,2,0,2,0,1.0,0.0,0.0,1.0,1.0,0.0
"G[0,0](((Pt_GrandchildT1D >= 0.000 & Pt_InsGov >= 0.000) & TSH <= 0.000) | Pt_FatherT1D >= 0.000)
",0.000,0.000,0.000,1.000,0.000,2,0,0,0,2,0,2,0,1.0,0.0,0.0,1.0,1.0,0.0
"G[0,0]((bmiZscore >= 0.042 | BUN <= 11.229) | NumPumpBolusOrShortAct >= 10.784)
",0.905,0.401,0.000,1.000,0.000,2,0,0,0,2,0,2,0,1.0,0.0,0.0,1.0,1.0,0.0
"G[0,1](((bmiZscore <= 1.094 | BUN <= 11.456) -> LDL >= 10.340) -> BGTestAvgNumPtRep <= 11.319)
",9999999.000,9999999.000,0.000,1.000,0.000,2,0,0,0,2,0,2,0,1.0,0.0,0.0,1.0,1.0,0.0
"G[0,1](Pt_CGMUseNumDays <= 0.000 | TSH <= 3.582)
",9999999.000,9999999.000,0.000,1.000,0.000,2,0,0,0,2,0,2,0,1.0,0.0,0.0,1.0,1.0,0.0
"G[0,0](((BGTestAvgNumPtRep <= 3.648 -> TotalDailyInsPerKg >= 0.158) & TotChol <= 0.348) | age >= 0.207)
",-0.207,-0.207,0.000,1.000,0.000,2,0,0,0,2,0,2,0,1.0,0.0,0.0,1.0,1.0,0.0
"G[1,1](((Pt_CGMUseNumDays >= 0.000 | Pt_MotherT1D <= 0.000) | Pt_GrandchildT1D <= 0.000) & Pt_FatherT1D >= 0.000)
",0.000,0.000,0.000,1.000,0.000,2,0,0,0,2,0,2,0,1.0,0.0,0.0,1.0,1.0,0.0
"G[0,0]((BldPrSys <= 127.860 | BUN >= 9.876) | HDL >= 10.503)
",127.860,127.860,0.000,1.000,0.000,2,0,0,0,2,0,2,0,1.0,0.0,0.0,1.0,1.0,0.0
"G[0,1]((HDL >= 51.165 & TotalDailyInsPerKg <= 0.551) | Pt_MotherT1D <= 0.594)
",9999999.000,9999999.000,0.000,1.000,0.000,2,0,0,0,2,0,2,0,1.0,0.0,0.0,1.0,1.0,0.0
"G[0,0](((BldPrSys <= 128.161 & HeightCm <= 146.164) | AutonomicNeuroCl <= 145.349) -> Pt_ChildT1D <= 108.248)
",-912.662,-136.899,0.000,1.000,0.000,2,0,0,0,2,0,2,0,1.0,0.0,0.0,1.0,1.0,0.0
"G[0,1]((AlbCreatRat_mggNew >= 8.811 -> BGTestAvgNumMeter <= 3.634) | diabDur >= 2.692)
",9999999.000,9999999.000,0.000,1.000,0.000,2,0,0,0,2,0,2,0,1.0,0.0,0.0,1.0,1.0,0.0
"G[0,1](((diagAgeCombo <= 10.000 -> Pt_GrandchildT1D >= 0.000) | HbA1c >= 0.000) | Pt_ChildT1D <= 0.000)
",9999999.000,9999999.000,0.000,1.000,0.000,2,0,0,0,2,0,2,0,1.0,0.0,0.0,1.0,1.0,0.0
"G[0,1]((LDL <= 81.522 -> TotalDailyInsPerKg >= 0.025) -> Pt_GrandparentT1D <= 0.396)
",9999999.000,9999999.000,0.000,1.000,0.000,2,0,0,0,2,0,2,0,1.0,0.0,0.0,1.0,1.0,0.0
"G[0,1](((SMBGperDayPtMeterCombo <= 3.844 | Pt_SHFlg >= 0.000) | Pt_CGMUseNumDays <= 0.000) & Pt_A1cGoalLevelDsYr5 <= 0.000)
",9999999.000,9999999.000,0.000,1.000,0.000,2,0,0,0,2,0,2,0,1.0,0.0,0.0,1.0,1.0,0.0
"G[0,1](((BldPrSys >= 118.097 | bmiPerc >= 0.191) & AutonomicNeuroCl <= 0.639) | Pt_SHFlg >= 0.076)
",9999999.000,9999999.000,0.000,1.000,0.000,2,0,0,0,2,0,2,0,1.0,0.0,0.0,1.0,1.0,0.0
"G[0,1](((Pt_InsGov <= 0.000 -> BGTestAvgNumPtRep <= 4.837) & HbA1cImputeDtMnC <= 3.474) -> SMBGperDayPtMeterCombo <= 4.310)
",9999999.000,9999999.000,0.000,1.000,0.000,2,0,0,0,2,0,2,0,1.0,0.0,0.0,1.0,1.0,0.0
"G[0,0]((WeightKg >= 11.402 | bmi >= 6.486) -> UnitsInsBasalOrLongAct <= 25.079)
",-7.169,-11.829,0.000,1.000,0.000,2,0,0,0,2,0,2,0,1.0,0.0,0.0,1.0,1.0,0.0
"G[0,0]((TSH <= 2.120 | Pt_FatherT1D <= 0.000) -> GFR >= 0.000)
",-3.629,-1.662,0.000,1.000,0.000,2,0,0,0,2,0,2,0,1.0,0.0,0.0,1.0,1.0,0.0
"G[0,0](((HbA1c >= 8.047 -> NumPumpBolusOrShortAct <= 2.995) -> bmiPerc <= 3.916) & SMBGperDayPtMeterCombo >= 2.296)
",-0.133,-0.461,0.000,1.000,0.000,2,0,0,0,2,0,2,0,1.0,0.0,0.0,1.0,1.0,0.0
"G[1,1]((DirectLDL >= 0.074 & Pt_A1cGoalLevelDsYr5 <= 0.000) -> Pt_ChildT1D <= 0.000)
",0.000,0.000,0.000,1.000,0.000,2,0,0,0,2,0,2,0,1.0,0.0,0.0,1.0,1.0,0.0
"G[0,0](BGTestAvgNumPtRep <= 3.545 | bmi <= 34.065)
",34.065,34.065,0.000,1.000,0.000,2,0,0,0,2,0,2,0,1.0,0.0,0.0,1.0,1.0,0.0
"G[1,1](((BGTestAvgNumMeter >= 2.563 -> Triglyc <= 122.111) & HDL >= 73.189) -> BGTestAvgNumPtRep <= 122.320)
",-122.320,-122.320,0.000,1.000,0.000,2,0,0,0,2,0,2,0,1.0,0.0,0.0,1.0,1.0,0.0
"G[0,0]((HbA1c >= 8.104 | UnitsInsBasalOrLongAct >= 0.662) & Pt_InsGov <= 26.027)
",7.629,12.588,0.000,1.000,0.000,2,0,0,0,2,0,2,0,1.0,0.0,0.0,1.0,1.0,0.0
"G[1,1]((Pt_MotherT1D >= 0.000 | bmi >= 10.307) | Pt_FatherT1D <= 20.263)
",20.263,20.263,0.000,1.000,0.000,2,0,0,0,2,0,2,0,1.0,0.0,0.0,1.0,1.0,0.0
"G[0,1]((BldPrDia >= 74.403 -> Triglyc <= 98.193) -> bmiPerc <= 97.599)
",9999999.000,9999999.000,0.000,1.000,0.000,2,0,0,0,2,0,2,0,1.0,0.0,0.0,1.0,1.0,0.0
"G[0,1](((bmi <= 16.150 -> TotChol <= 164.446) & BGTestAvgNumPtRep <= 161.702) | BUN >= 154.463)
",9999999.000,9999999.000,0.000,1.000,0.000,2,0,0,0,2,0,2,0,1.0,0.0,0.0,1.0,1.0,0.0
"G[0,1]((TotalDailyInsPerKg >= 0.016 -> diagAgeCombo >= 10.000) -> Pt_InsGov <= 10.000)
",9999999.000,9999999.000,0.000,1.000,0.000,2,0,0,0,2,0,2,0,1.0,0.0,0.0,1.0,1.0,0.0
"G[1,1](GFR <= 0.000 -> BUN >= 9.360)
",0.000,0.000,0.000,1.000,0.000,2,0,0,0,2,0,2,0,1.0,0.0,0.0,1.0,1.0,0.0
"G[0,0]((TotalDailyInsPerKg <= 0.317 -> NumPumpBolusOrShortAct >= 1.164) | AlbCreatRat_mggNew <= 3.037)
",1.164,1.164,0.000,1.000,0.000,2,0,0,0,2,0,2,0,1.0,0.0,0.0,1.0,1.0,0.0
"G[0,1](((HbA1c >= 8.095 | Pt_GrandchildT1D >= 0.000) & bmiPerc >= 0.000) | AutonomicNeuroCl >= 0.000)
",9999999.000,9999999.000,0.000,1.000,0.000,2,0,0,0,2,0,2,0,1.0,0.0,0.0,1.0,1.0,0.0
"G[0,1](BUN <= 12.750 | TSH >= 0.263)
",9999999.000,9999999.000,0.000,1.000,0.000,1,0,0,1,2,0,1,1,0.5,0.0,0.0,1.0,0.5,0.5
"G[1,1]((Pt_MotherT1D <= 0.000 & DirectLDL <= 0.302) -> LDL <= 0.539)
",-0.539,-0.539,0.000,1.000,0.000,1,0,0,1,2,0,1,1,0.5,0.0,0.0,1.0,0.5,0.5
"G[1,1](((BGTestAvgNumPtRep >= 2.284 -> bmiZscore <= 0.811) & DirectLDL >= 0.068) & Pt_GrandparentT1D <= 1.161)
",-0.811,-0.811,0.000,1.000,0.000,1,0,0,1,2,0,1,1,0.5,0.0,0.0,1.0,0.5,0.5
"G[0,0](SMBGperDayPtMeterCombo >= 2.988 & BGTestAvgNumPtRep >= 0.867)
",3.133,3.133,0.000,1.000,0.000,1,0,0,1,2,0,1,1,0.5,0.0,0.0,1.0,0.5,0.5
"G[0,0](HDL <= 65.048 | age >= 17.029)
",-0.884,-7.991,0.000,1.000,0.000,1,0,0,1,2,0,1,1,0.5,0.0,0.0,1.0,0.5,0.5
"G[1,1](((AlbCreatRat_mggNew <= 14.028 | BGTestAvgNumPtRep >= 0.562) | HbA1c >= 1.256) -> UnitsInsBasalOrLongAct <= 2.996)
",-14.028,-14.028,0.000,1.000,0.000,1,0,0,1,2,0,1,1,0.5,0.0,0.0,1.0,0.5,0.5
"G[0,1](BGTestAvgNumPtRep <= 5.296 & BUN <= 13.144)
",9999999.000,9999999.000,0.000,1.000,0.000,1,0,0,1,2,0,1,1,0.5,0.0,0.0,1.0,0.5,0.5
"G[0,1](((diabDur <= 8.064 | WeightKg <= 81.929) -> Pt_GrandparentT1D >= 22.718) -> Pt_GrandchildT1D >= 23.700)
",9999999.000,9999999.000,0.000,1.000,0.000,1,0,0,1,2,0,1,1,0.5,0.0,0.0,1.0,0.5,0.5
"G[1,1](age <= 19.576 & BGTestAvgNumPtRep <= 4.999)
",4.999,4.999,0.000,1.000,0.000,1,0,0,1,2,0,1,1,0.5,0.0,0.0,1.0,0.5,0.5
"G[0,0](((TotalDailyInsPerKg <= 0.596 -> UnitsInsBasalOrLongAct <= 19.784) & GFR <= 28.652) & LDL >= 1.616)
",-3.960,-6.534,0.000,1.000,0.000,1,0,0,1,2,0,1,1,0.5,0.0,0.0,1.0,0.5,0.5
"G[0,1](((NumPumpBolusOrShortAct >= 1.772 -> TotalDailyInsPerKg >= 0.136) & Pt_MotherT1D >= 0.237) | TSH <= 0.372)
",9999999.000,9999999.000,0.000,1.000,0.000,1,0,0,1,2,0,1,1,0.5,0.0,0.0,1.0,0.5,0.5
"G[0,1](((bmiZscore <= 0.792 & SMBGperDayPtMeterCombo >= 2.698) & Pt_A1cGoalLev <= 3.759) | BGTestAvgNumMeter >= 2.985)
",9999999.000,9999999.000,0.000,1.000,0.000,1,0,0,1,2,0,1,1,0.5,0.0,0.0,1.0,0.5,0.5
"G[1,1]((DirectLDL <= 0.395 | HbA1cImputeDtMnC >= 21.457) -> HbA1cImputeDtMnC <= 34.736)
",-34.736,-34.736,0.000,1.000,0.000,1,0,0,1,2,0,1,1,0.5,0.0,0.0,1.0,0.5,0.5
"G[0,0](bmiPerc <= 0.506 & BldPrSys >= 121.674)
",-121.674,-121.674,0.000,1.000,0.000,1,0,0,1,2,0,1,1,0.5,0.0,0.0,1.0,0.5,0.5
"G[0,0]((age <= 19.986 & LDL <= 85.551) | BldPrSys <= 76.474)
",76.474,76.474,0.000,1.000,0.000,1,0,0,1,2,0,1,1,0.5,0.0,0.0,1.0,0.5,0.5
"G[0,1](NumPumpBolusOrShortAct >= 2.191 -> HDL >= 60.722)
",9999999.000,9999999.000,0.000,1.000,0.000,1,0,0,1,2,0,1,1,0.5,0.0,0.0,1.0,0.5,0.5
"G[0,1]((WeightKg >= 3.587 | bmi >= 13.261) -> UnitsInsBasalOrLongAct <= 15.280)
",9999999.000,9999999.000,0.000,1.000,0.000,1,0,0,1,2,0,1,1,0.5,0.0,0.0,1.0,0.5,0.5
"G[1,1](((SMBGperDayPtMeterCombo <= 3.769 -> DirectLDL >= 0.218) | Pt_MotherT1D >= 0.116) | diabDur <= 0.863)
",0.863,0.863,0.000,1.000,0.000,1,0,0,1,2,0,1,1,0.5,0.0,0.0,1.0,0.5,0.5
"G[0,1]((WeightKg >= 1.660 | bmi >= 14.412) -> UnitsInsBasalOrLongAct <= 18.238)
",9999999.000,9999999.000,0.000,1.000,0.000,1,0,0,1,2,0,1,1,0.5,0.0,0.0,1.0,0.5,0.5
"G[0,1]((GFR <= 0.000 & LDL <= 83.191) & BGTestAvgNumPtRep <= 78.322)
",9999999.000,9999999.000,0.000,1.000,0.000,1,0,0,1,2,0,1,1,0.5,0.0,0.0,1.0,0.5,0.5
"G[1,1](WeightKg >= 5.478 & HbA1c <= 8.346)
",-5.478,-5.478,0.000,1.000,0.000,1,0,0,1,2,0,1,1,0.5,0.0,0.0,1.0,0.5,0.5
"G[0,1](SMBGperDayPtMeterCombo >= 2.955 & BGTestAvgNumPtRep >= 0.994)
",9999999.000,9999999.000,0.000,1.000,0.000,1,0,0,1,2,0,1,1,0.5,0.0,0.0,1.0,0.5,0.5
"G[0,1](diagAgeCombo >= 10.000 & age >= 17.022)
",9999999.000,9999999.000,0.000,1.000,0.000,1,0,0,1,2,0,1,1,0.5,0.0,0.0,1.0,0.5,0.5
"G[1,1]((bmiZscore <= 0.852 & TotalDailyInsPerKg <= 0.491) | NumPumpBolusOrShortAct <= 0.536)
",0.536,0.536,0.000,1.000,0.000,1,0,0,1,2,0,1,1,0.5,0.0,0.0,1.0,0.5,0.5
"G[0,0](((BGTestAvgNumPtRep >= 0.431 -> TSH <= 2.318) -> BGTestAvgNumPtRep >= 0.165) & Pt_CGMUseNumDays <= 2.397)
",-20110.603,-20110.603,0.000,1.000,0.000,1,0,0,1,2,0,1,1,0.5,0.0,0.0,1.0,0.5,0.5
"G[0,1](((AutonomicNeuroCl <= 0.000 -> BUN <= 13.050) | NumPumpBolusOrShortAct >= 10.731) & Pt_SHFlg <= 12.815)
",9999999.000,9999999.000,0.000,1.000,0.000,1,0,0,1,2,0,1,1,0.5,0.0,0.0,1.0,0.5,0.5
"G[0,1](BldPrSys <= 130.648 & Pt_SHFlg = 0.000)
",9999999.000,9999999.000,0.000,1.000,0.000,1,0,0,1,2,0,1,1,0.5,0.0,0.0,1.0,0.5,0.5
"G[0,1](((Pt_CGMUseNumDays <= 0.000 -> BGTestAvgNumMeter >= 2.830) -> age <= 3.423) -> WeightKg <= 3.670)
",9999999.000,9999999.000,0.000,1.000,0.000,1,0,0,1,2,0,1,1,0.5,0.0,0.0,1.0,0.5,0.5
"G[0,1]((HbA1c <= 8.598 & Pt_CGMUseNumDays >= 0.000) & TSH >= 0.000)
",9999999.000,9999999.000,0.000,1.000,0.000,1,0,0,1,2,0,1,1,0.5,0.0,0.0,1.0,0.5,0.5
"G[1,1]((age >= 17.793 & UnitsInsBasalOrLongAct >= 3.920) -> GFR >= 3.629)
",3.629,3.629,0.000,1.000,0.000,1,0,0,1,2,0,1,1,0.5,0.0,0.0,1.0,0.5,0.5
"G[0,1]((WeightKg >= 27.974 | bmi >= 9.762) -> UnitsInsBasalOrLongAct <= 22.289)
",9999999.000,9999999.000,0.000,1.000,0.000,1,0,0,1,2,0,1,1,0.5,0.0,0.0,1.0,0.5,0.5
"G[0,1](GFR <= 0.000 -> BUN >= 9.711)
",9999999.000,9999999.000,0.000,1.000,0.000,1,0,0,1,2,0,1,1,0.5,0.0,0.0,1.0,0.5,0.5
"G[1,2](TSH >= 0.277 -> Pt_A1cGoalLevelDsYr5 >= 0.000)
",9999999.000,9999999.000,0.000,1.000,0.000,0,0,2,0,0,2,2,0,0.0,0.0,1.0,0.0,0.0,1.0
"G[1,2](bmiPerc >= 0.391 -> Pt_GrandparentT1D <= 0.000)
",9999999.000,9999999.000,0.000,1.000,0.000,0,0,2,0,0,2,2,0,0.0,0.0,1.0,0.0,0.0,1.0
"G[1,2](((Pt_ChildT1D >= 0.000 & Pt_SHFlg >= 0.000) | DirectLDL <= 0.000) | Pt_InsGov <= 0.000)
",9999999.000,9999999.000,0.000,1.000,0.000,0,0,2,0,0,2,2,0,0.0,0.0,1.0,0.0,0.0,1.0
"G[1,2]((AutonomicNeuroCl >= 0.000 | Pt_FatherT1D <= 0.000) & SMBGperDayPtMeterCombo <= 0.000)
",9999999.000,9999999.000,0.000,1.000,0.000,0,0,0,2,2,0,0,2,0.0,0.0,0.0,0.0,0.0,1.0
"G[1,2]((LDL >= 73.205 & Pt_GrandparentT1D >= 0.000) & Pt_DKAFlg <= 0.000)
",9999999.000,9999999.000,0.000,1.000,0.000,0,0,1,1,1,1,1,1,0.0,0.0,1.0,0.0,0.0,1.0
"G[2,2](((GFR <= 0.000 | HbA1c <= 8.326) | Pt_SHFlg <= 8.307) | BGTestAvgNumMeter <= 8.577)
",8.577,8.577,0.000,1.000,0.000,0,0,2,0,0,2,2,0,0.0,0.0,1.0,0.0,0.0,1.0
"G[0,0]((BGTestAvgNumPtRep >= 1.698 & NumPumpBolusOrShortAct <= 3.739) & HeightCm <= 3.233)
",-0.928,-29.633,0.000,1.000,0.000,0,0,0,2,2,0,0,2,0.0,0.0,0.0,0.0,0.0,1.0
"G[0,1](((BldPrSys >= 120.378 -> BUN >= 10.528) | bmiPerc >= 10.820) & WeightKg >= 9.536)
",9999999.000,9999999.000,0.000,1.000,0.000,0,0,0,2,2,0,0,2,0.0,0.0,0.0,0.0,0.0,1.0
"G[0,2](((Triglyc <= 98.681 & Triglyc >= 71.886) -> BUN <= 93.598) & BGTestAvgNumPtRep <= 96.634)
",9999999.000,9999999.000,0.000,1.000,0.000,0,0,2,0,0,2,2,0,0.0,0.0,1.0,0.0,0.0,1.0
"G[1,2](Pt_GrandparentT1D >= 0.000 & DirectLDL >= 0.168)
",9999999.000,9999999.000,0.000,1.000,0.000,0,0,1,1,1,1,1,1,0.0,0.0,1.0,0.0,0.0,1.0
"G[0,2]((HDL >= 47.885 -> HbA1cImputeDtMnC <= 35.191) | UnitsInsBasalOrLongAct <= 34.600)
",9999999.000,9999999.000,0.000,1.000,0.000,0,0,2,0,0,2,2,0,0.0,0.0,1.0,0.0,0.0,1.0
"G[0,2](HDL <= 72.191 | HbA1cImputeDtMnC <= 24.049)
",9999999.000,9999999.000,0.000,1.000,0.000,0,0,2,0,0,2,2,0,0.0,0.0,1.0,0.0,0.0,1.0
"G[1,2]((diagAgeCombo <= 10.000 | AlbCreatRat_mggNew <= 14.711) | Pt_A1cGoalLev <= 14.556)
",9999999.000,9999999.000,0.000,1.000,0.000,0,0,2,0,0,2,2,0,0.0,0.0,1.0,0.0,0.0,1.0
"G[1,2](((BldPrSys >= 120.105 -> Pt_SHFlg <= 0.000) -> SMBGperDayPtMeterCombo >= 0.000) | diabDur <= 0.000)
",9999999.000,9999999.000,0.000,1.000,0.000,0,0,2,0,0,2,2,0,0.0,0.0,1.0,0.0,0.0,1.0
"G[1,2](((BldPrDia <= 80.727 & TSH <= 3.673) | age <= 3.055) -> bmiZscore >= 0.470)
",9999999.000,9999999.000,0.000,1.000,0.000,0,0,1,1,1,1,1,1,0.0,0.0,1.0,0.0,0.0,1.0
"G[0,2](Pt_InsGov <= 0.000 -> bmi <= 20.160)
",9999999.000,9999999.000,0.000,1.000,0.000,0,0,0,2,2,0,0,2,0.0,0.0,0.0,0.0,0.0,1.0
"G[1,2]((diabDur <= 8.170 & DirectLDL <= 0.677) -> Pt_GrandchildT1D >= 0.212)
",9999999.000,9999999.000,0.000,1.000,0.000,0,0,2,0,0,2,2,0,0.0,0.0,1.0,0.0,0.0,1.0
"G[0,2]((AutonomicNeuroCl >= 0.000 | AutonomicNeuroCl >= 0.000) | BldPrDia <= 0.000)
",9999999.000,9999999.000,0.000,1.000,0.000,0,0,2,0,0,2,2,0,0.0,0.0,1.0,0.0,0.0,1.0
"G[0,1](((diabDur <= 8.007 & bmiZscore <= 0.788) | HbA1c >= 0.241) & Pt_SHFlg >= 0.410)
",9999999.000,9999999.000,0.000,1.000,0.000,0,0,0,2,2,0,0,2,0.0,0.0,0.0,0.0,0.0,1.0
"G[1,2]((Pt_DKAFlg >= 0.000 & Pt_FatherT1D <= 0.000) | bmiZscore >= 0.000)
",9999999.000,9999999.000,0.000,1.000,0.000,0,0,2,0,0,2,2,0,0.0,0.0,1.0,0.0,0.0,1.0
"G[0,2]((Triglyc <= 112.525 & LDL <= 92.636) -> BGTestAvgNumMeter <= 83.368)
",9999999.000,9999999.000,0.000,1.000,0.000,0,0,2,0,0,2,2,0,0.0,0.0,1.0,0.0,0.0,1.0
"G[1,2]((Pt_FatherT1D <= 0.000 & BldPrDia <= 80.668) | HeightCm <= 79.923)
",9999999.000,9999999.000,0.000,1.000,0.000,0,0,1,1,1,1,1,1,0.0,0.0,1.0,0.0,0.0,1.0
"G[0,2]((WeightKg >= 22.311 & UnitsInsBasalOrLongAct <= 16.082) -> GFR <= 26.554)
",9999999.000,9999999.000,0.000,1.000,0.000,0,0,2,0,0,2,2,0,0.0,0.0,1.0,0.0,0.0,1.0
"G[0,2](NumPumpBolusOrShortAct <= 2.858 -> diagAgeCombo >= 10.000)
",9999999.000,9999999.000,0.000,1.000,0.000,0,0,2,0,0,2,2,0,0.0,0.0,1.0,0.0,0.0,1.0
"G[1,2](((TotalDailyInsPerKg >= 0.194 & bmi <= 32.417) & diagAgeCombo <= 20.248) -> Pt_SiblingT1D >= 0.899)
",9999999.000,9999999.000,0.000,1.000,0.000,0,0,2,0,0,2,2,0,0.0,0.0,1.0,0.0,0.0,1.0
"G[0,0]((BldPrDia >= 70.327 & HDL <= 67.234) & Triglyc >= 50.202)
",-0.741,-9.266,0.000,1.000,0.000,0,0,0,2,2,0,0,2,0.0,0.0,0.0,0.0,0.0,1.0
"G[1,2]((BUN >= 9.718 & bmiPerc >= 0.149) | HDL >= 0.093)
",9999999.000,9999999.000,0.000,1.000,0.000,0,0,2,0,0,2,2,0,0.0,0.0,1.0,0.0,0.0,1.0
"G[0,2](((Triglyc <= 126.033 | Pt_A1cGoalLev <= 5.667) -> Pt_A1cGoalLevelDsYr5 <= 2.802) & BldPrDia <= 5.861)
",9999999.000,9999999.000,0.000,1.000,0.000,0,0,0,2,2,0,0,2,0.0,0.0,0.0,0.0,0.0,1.0
"G[1,2]((HeightCm <= 137.202 | Pt_FatherT1D <= 0.000) & diabDur >= 0.000)
",9999999.000,9999999.000,0.000,1.000,0.000,0,0,2,0,0,2,2,0,0.0,0.0,1.0,0.0,0.0,1.0
"G[1,2]((BldPrDia <= 81.702 & HDL <= 72.391) | Pt_A1cGoalLev <= 69.968)
",9999999.000,9999999.000,0.000,1.000,0.000,0,0,2,0,0,2,2,0,0.0,0.0,1.0,0.0,0.0,1.0
"G[1,2]((Pt_A1cGoalLevelDsYr5 <= 0.000 & BldPrDia <= 82.482) -> TSH >= 71.756)
",9999999.000,9999999.000,0.000,1.000,0.000,0,0,1,1,1,1,1,1,0.0,0.0,1.0,0.0,0.0,1.0
"G[0,0](((bmiZscore >= 0.145 -> bmiZscore <= 0.884) & age <= 1.118) & Triglyc <= 0.824)
",-52.059,-156.176,0.000,1.000,0.000,0,0,0,2,2,0,0,2,0.0,0.0,0.0,0.0,0.0,1.0
"G[0,2](LDL <= 84.656 | BGTestAvgNumPtRep >= 1.642)
",9999999.000,9999999.000,0.000,1.000,0.000,0,0,1,1,1,1,1,1,0.0,0.0,1.0,0.0,0.0,1.0
"G[2,2]((NumPumpBolusOrShortAct <= 3.727 & Triglyc >= 58.176) -> Pt_InsGov <= 95.422)
",-95.422,-95.422,0.000,1.000,0.000,0,0,2,0,0,2,2,0,0.0,0.0,1.0,0.0,0.0,1.0
"G[0,2](((bmiPerc >= 0.443 -> Pt_MotherT1D <= 0.000) -> Pt_SiblingT1D <= 0.000) -> Pt_SiblingT1D >= 0.000)
",9999999.000,9999999.000,0.000,1.000,0.000,0,0,2,0,0,2,2,0,0.0,0.0,1.0,0.0,0.0,1.0
"G[0,2](((Pt_SHFlg >= 0.000 & LDL >= 73.179) & Pt_MotherT1D >= 71.186) & BUN >= 73.033)
",9999999.000,9999999.000,0.000,1.000,0.000,0,0,0,2,2,0,0,2,0.0,0.0,0.0,0.0,0.0,1.0
"G[1,2](((bmiPerc <= 0.911 | TSH <= 2.810) & age <= 3.608) -> BldPrSys <= 3.693)
",9999999.000,9999999.000,0.000,1.000,0.000,0,0,2,0,0,2,2,0,0.0,0.0,1.0,0.0,0.0,1.0
"G[0,2](HbA1cImputeDtMnC >= 17.458 & Pt_GrandchildT1D <= 0.000)
",9999999.000,9999999.000,0.000,1.000,0.000,0,0,1,1,1,1,1,1,0.0,0.0,1.0,0.0,0.0,1.0
"G[0,1](((Pt_InsGov <= 0.000 & NumPumpBolusOrShortAct <= 3.633) -> GFR <= 3.337) -> BUN <= 2.984)
",9999999.000,9999999.000,0.000,1.000,0.000,0,0,0,2,2,0,0,2,0.0,0.0,0.0,0.0,0.0,1.0
"G[0,2]((diabDur <= 8.420 | Pt_GrandchildT1D <= 0.000) -> Pt_A1cGoalLevelDsYr5 >= 0.000)
",9999999.000,9999999.000,0.000,1.000,0.000,0,0,2,0,0,2,2,0,0.0,0.0,1.0,0.0,0.0,1.0
"G[2,2](HbA1c >= 8.255 | HDL <= 72.438)
",72.438,72.438,0.000,1.000,0.000,0,0,2,0,0,2,2,0,0.0,0.0,1.0,0.0,0.0,1.0
"G[0,2]((diagAgeCombo >= 10.000 & Pt_FatherT1D >= 0.000) -> AutonomicNeuroCl >= 0.000)
",9999999.000,9999999.000,0.000,1.000,0.000,0,0,2,0,0,2,2,0,0.0,0.0,1.0,0.0,0.0,1.0
"G[1,2](BUN <= 12.534 | diabDur >= 6.770)
",9999999.000,9999999.000,0.000,1.000,0.000,0,0,2,0,0,2,2,0,0.0,0.0,1.0,0.0,0.0,1.0
"G[0,1](((Pt_DKAFlg >= 0.000 -> HbA1cImputeDtMnC >= 8.007) -> Pt_SHFlg >= 18.994) | Pt_GrandparentT1D >= 17.896)
",9999999.000,9999999.000,0.000,1.000,0.000,0,0,0,2,2,0,0,2,0.0,0.0,0.0,0.0,0.0,1.0
"G[0,2]((NumPumpBolusOrShortAct <= 3.305 | Pt_SHFlg >= 0.000) | LDL <= 0.000)
",9999999.000,9999999.000,0.000,1.000,0.000,0,0,2,0,0,2,2,0,0.0,0.0,1.0,0.0,0.0,1.0
"G[0,2]((UnitsInsBasalOrLongAct >= 4.177 | LDL <= 77.412) -> HDL <= 76.709)
",9999999.000,9999999.000,0.000,1.000,0.000,0,0,2,0,0,2,2,0,0.0,0.0,1.0,0.0,0.0,1.0
"G[0,2]((Pt_InsGov <= 0.000 -> GFR >= 0.000) | HbA1c <= 0.000)
",9999999.000,9999999.000,0.000,1.000,0.000,0,0,2,0,0,2,2,0,0.0,0.0,1.0,0.0,0.0,1.0
"G[0,2](Pt_GrandparentT1D >= 0.000 & Pt_MotherT1D <= 0.000)
",9999999.000,9999999.000,0.000,1.000,0.000,0,0,2,0,0,2,2,0,0.0,0.0,1.0,0.0,0.0,1.0
"G[1,2](((Pt_A1cGoalLevelDsYr5 >= 0.000 -> Triglyc <= 113.578) -> Pt_ChildT1D <= 84.647) & Triglyc >= 66.236)
",9999999.000,9999999.000,0.000,1.000,0.000,0,0,1,1,1,1,1,1,0.0,0.0,1.0,0.0,0.0,1.0
"G[0,2](((diagAgeCombo >= 10.000 | bmiZscore >= 0.101) & Pt_MotherT1D <= 0.757) & BUN <= 0.698)
",9999999.000,9999999.000,0.000,1.000,0.000,0,0,0,2,2,0,0,2,0.0,0.0,0.0,0.0,0.0,1.0
"G[0,2]((Triglyc >= 66.762 & NumPumpBolusOrShortAct >= 1.066) -> HDL <= 3.339)
",9999999.000,9999999.000,0.000,1.000,0.000,0,0,1,1,1,1,1,1,0.0,0.0,1.0,0.0,0.0,1.0
"G[0,2](Pt_A1cGoalLevelDsYr5 <= 0.000 | BGTestAvgNumMeter >= 2.969)
",9999999.000,9999999.000,0.000,1.000,0.000,0,0,2,0,0,2,2,0,0.0,0.0,1.0,0.0,0.0,1.0
"G[0,2]((TotChol <= 165.738 & BldPrSys <= 132.729) & AlbCreatRat_mggNew <= 129.251)
",9999999.000,9999999.000,0.000,1.000,0.000,0,0,1,1,1,1,1,1,0.0,0.0,1.0,0.0,0.0,1.0
"G[2,2](((GFR >= 0.000 | HbA1c <= 8.434) -> BUN <= 8.511) -> BUN >= 7.961)
",7.961,7.961,0.000,1.000,0.000,0,0,2,0,0,2,2,0,0.0,0.0,1.0,0.0,0.0,1.0
"G[1,2]((Triglyc >= 69.620 -> age >= 17.660) | Pt_GrandchildT1D >= 18.692)
",9999999.000,9999999.000,0.000,1.000,0.000,0,0,2,0,0,2,2,0,0.0,0.0,1.0,0.0,0.0,1.0
"G[1,2](((age >= 18.451 & Pt_A1cGoalLev <= 6.521) | DirectLDL <= 4.595) -> HeightCm >= 0.072)
",9999999.000,9999999.000,0.000,1.000,0.000,0,0,1,1,1,1,1,1,0.0,0.0,1.0,0.0,0.0,1.0
"G[1,2](bmiPerc >= 0.118 & Pt_CGMUseNumDays <= 0.000)
",9999999.000,9999999.000,0.000,1.000,0.000,0,0,1,1,1,1,1,1,0.0,0.0,1.0,0.0,0.0,1.0
"G[0,2](bmi >= 7.507 & Pt_DKAFlg <= 0.000)
",9999999.000,9999999.000,0.000,1.000,0.000,0,0,0,2,2,0,0,2,0.0,0.0,0.0,0.0,0.0,1.0
"G[1,2](((Triglyc <= 126.200 | BGTestAvgNumMeter <= 3.681) -> Pt_InsGov <= 3.485) | Pt_SHFlg >= 2.076)
",9999999.000,9999999.000,0.000,1.000,0.000,0,0,2,0,0,2,2,0,0.0,0.0,1.0,0.0,0.0,1.0
"G[1,1]((Pt_DKAFlg >= 0.000 -> HeightCm <= 150.090) & BUN >= 53.765)
",-150.090,-150.090,0.000,1.000,0.000,0,0,0,2,2,0,0,2,0.0,0.0,0.0,0.0,0.0,1.0
"G[1,2](((diagAgeCombo >= 10.000 & bmi >= 12.333) | diabDur >= 6.291) -> Pt_ChildT1D >= 14.551)
",9999999.000,9999999.000,0.000,1.000,0.000,0,0,0,2,2,0,0,2,0.0,0.0,0.0,0.0,0.0,1.0
"G[0,2](Pt_ChildT1D <= 0.000 -> Pt_GrandchildT1D >= 0.000)
",9999999.000,9999999.000,0.000,1.000,0.000,0,0,2,0,0,2,2,0,0.0,0.0,1.0,0.0,0.0,1.0
"G[1,2]((bmiZscore <= 0.593 & LDL <= 76.675) -> LDL >= 69.129)
",9999999.000,9999999.000,0.000,1.000,0.000,0,0,1,1,1,1,1,1,0.0,0.0,1.0,0.0,0.0,1.0
"G[2,2](((AlbCreatRat_mggNew >= 9.099 & BldPrSys <= 132.387) | Pt_GrandparentT1D >= 122.448) & UnitsInsBasalOrLongAct >= 117.621)
",-117.621,-117.621,0.000,1.000,0.000,0,0,2,0,0,2,2,0,0.0,0.0,1.0,0.0,0.0,1.0
"G[2,2]((GFR <= 0.000 | Pt_InsGov <= 0.000) | BGTestAvgNumPtRep >= 0.000)
",0.000,0.000,0.000,1.000,0.000,0,0,2,0,0,2,2,0,0.0,0.0,1.0,0.0,0.0,1.0
"G[0,2](Pt_MotherT1D >= 0.000 -> Pt_GrandparentT1D >= 0.000)
",9999999.000,9999999.000,0.000,1.000,0.000,0,0,2,0,0,2,2,0,0.0,0.0,1.0,0.0,0.0,1.0
"G[0,2]((NumPumpBolusOrShortAct <= 2.841 & TotChol >= 145.734) & NumPumpBolusOrShortAct >= 152.636)
",9999999.000,9999999.000,0.000,1.000,0.000,0,0,0,2,2,0,0,2,0.0,0.0,0.0,0.0,0.0,1.0
"G[2,2]((Pt_CGMUseNumDays >= 0.000 & GFR >= 0.000) -> HbA1c <= 0.000)
",0.000,0.000,0.000,1.000,0.000,0,0,2,0,0,2,2,0,0.0,0.0,1.0,0.0,0.0,1.0
"G[1,2]((SMBGperDayPtMeterCombo >= 2.370 -> TSH >= 0.026) -> UnitsInsBasalOrLongAct <= 2.272)
",9999999.000,9999999.000,0.000,1.000,0.000,0,0,1,1,1,1,1,1,0.0,0.0,1.0,0.0,0.0,1.0
"G[0,1]((Pt_A1cGoalLev <= 1.975 & SMBGperDayPtMeterCombo <= 3.505) | WeightKg >= 3.170)
",9999999.000,9999999.000,0.000,1.000,0.000,0,0,0,2,2,0,0,2,0.0,0.0,0.0,0.0,0.0,1.0
"G[0,1](((bmi <= 20.085 | HbA1cImputeDtMnC >= 15.921) -> Pt_A1cGoalLev >= 16.004) | bmiZscore >= 7.341)
",9999999.000,9999999.000,0.000,1.000,0.000,0,0,0,2,2,0,0,2,0.0,0.0,0.0,0.0,0.0,1.0
"G[0,1]((bmiPerc <= 0.571 & TotalDailyInsPerKg <= 0.361) & diabDur >= 0.131)
",9999999.000,9999999.000,0.000,1.000,0.000,0,0,0,2,2,0,0,2,0.0,0.0,0.0,0.0,0.0,1.0
"G[0,2](GFR <= 0.000 -> Pt_SHFlg = 0.000)
",9999999.000,9999999.000,0.000,1.000,0.000,0,0,2,0,0,2,2,0,0.0,0.0,1.0,0.0,0.0,1.0
"G[0,2](age < 19.141 & Pt_SHFlg = 0.000)
",9999999.000,9999999.000,0.000,1.000,0.000,0,0,1,1,1,1,1,1,0.0,0.0,1.0,0.0,0.0,1.0
"G[2,2](Pt_MotherT1D <= 0.000 & Pt_SHFlg = 0.000)
",0.000,0.000,0.000,1.000,0.000,0,0,2,0,0,2,2,0,0.0,0.0,1.0,0.0,0.0,1.0
"G[1,2](Pt_GrandparentT1D <= 0.000 & Pt_SHFlg = 0.000)
",9999999.000,9999999.000,0.000,1.000,0.000,0,0,2,0,0,2,2,0,0.0,0.0,1.0,0.0,0.0,1.0
"G[2,2](DirectLDL > 0.212 -> Pt_SHFlg = 0.000)
",0.000,0.000,0.000,1.000,0.000,0,0,2,0,0,2,2,0,0.0,0.0,1.0,0.0,0.0,1.0
"G[1,1](diagAgeCombo < 10.000 & Pt_SHFlg = 0.000)
",0.000,0.000,0.000,1.000,0.000,0,0,0,2,2,0,0,2,0.0,0.0,0.0,0.0,0.0,1.0
"G[0,2](age > 18.297 -> Pt_SHFlg = 0.000)
",9999999.000,9999999.000,0.000,1.000,0.000,0,0,2,0,0,2,2,0,0.0,0.0,1.0,0.0,0.0,1.0
"G[0,1]((Pt_A1cGoalLev <= 6.074 & Pt_A1cGoalLev >= 0.150) | bmi >= 0.346)
",9999999.000,9999999.000,0.000,1.000,0.000,0,0,0,2,2,0,0,2,0.0,0.0,0.0,0.0,0.0,1.0
"G[1,2]((diabDur >= 7.882 -> NumPumpBolusOrShortAct <= 2.834) | TSH <= 3.051)
",9999999.000,9999999.000,0.000,1.000,0.000,0,0,2,0,0,2,2,0,0.0,0.0,1.0,0.0,0.0,1.0
"G[0,2](((HDL >= 52.553 -> TSH >= 0.355) -> NumPumpBolusOrShortAct >= 1.384) & Pt_SHFlg >= 1.032)
",9999999.000,9999999.000,0.000,1.000,0.000,0,0,0,2,2,0,0,2,0.0,0.0,0.0,0.0,0.0,1.0
"G[1,2](((bmi >= 0.580 & bmiPerc <= 0.582) | bmi <= 0.532) & BGTestAvgNumMeter >= 0.361)
",9999999.000,9999999.000,0.000,1.000,0.000,0,0,1,1,1,1,1,1,0.0,0.0,1.0,0.0,0.0,1.0
"G[0,2](((BUN >= 10.957 & HbA1c >= 7.943) -> GFR >= 8.155) | Pt_MotherT1D >= 8.184)
",9999999.000,9999999.000,0.000,1.000,0.000,0,0,1,1,1,1,1,1,0.0,0.0,1.0,0.0,0.0,1.0
"G[2,2]((AlbCreatRat_mggNew >= 9.886 -> Triglyc <= 92.906) -> Triglyc >= 60.071)
",60.071,60.071,0.000,1.000,0.000,0,0,2,0,0,2,2,0,0.0,0.0,1.0,0.0,0.0,1.0
"G[1,2]((BGTestAvgNumPtRep <= 4.644 -> HbA1cImputeDtMnC <= 33.827) -> Pt_GrandparentT1D <= 35.797)
",9999999.000,9999999.000,0.000,1.000,0.000,0,0,2,0,0,2,2,0,0.0,0.0,1.0,0.0,0.0,1.0
"G[1,2](HeightCm >= 10.710 | TotalDailyInsPerKg <= 0.379)
",9999999.000,9999999.000,0.000,1.000,0.000,0,0,2,0,0,2,2,0,0.0,0.0,1.0,0.0,0.0,1.0
"G[2,2](((bmi <= 15.801 | bmiZscore <= 0.784) | age <= 0.907) | TotChol <= 0.550)
",15.801,15.801,0.000,1.000,0.000,0,0,2,0,0,2,2,0,0.0,0.0,1.0,0.0,0.0,1.0
"G[1,2](((bmiZscore >= 0.214 & WeightKg <= 77.617) & TotChol <= 55.287) | BGTestAvgNumPtRep <= 80.075)
",9999999.000,9999999.000,0.000,1.000,0.000,0,0,2,0,0,2,2,0,0.0,0.0,1.0,0.0,0.0,1.0
"G[0,2](Triglyc >= 57.506 -> UnitsInsBasalOrLongAct >= 6.801)
",9999999.000,9999999.000,0.000,1.000,0.000,0,0,1,1,1,1,1,1,0.0,0.0,1.0,0.0,0.0,1.0
"G[1,2](AlbCreatRat_mggNew <= 14.135 -> HbA1c <= 8.597)
",9999999.000,9999999.000,0.000,1.000,0.000,0,0,2,0,0,2,2,0,0.0,0.0,1.0,0.0,0.0,1.0
"G[1,2](((BGTestAvgNumPtRep >= 0.164 -> Triglyc <= 89.659) & Pt_MotherT1D >= 68.209) | Pt_MotherT1D >= 63.299)
",9999999.000,9999999.000,0.000,1.000,0.000,0,0,0,2,2,0,0,2,0.0,0.0,0.0,0.0,0.0,1.0
"G[1,2](((HbA1c >= 8.110 | Pt_A1cGoalLev >= 0.923) & SMBGperDayPtMeterCombo <= 5.334) | Pt_CGMUseNumDays <= 7.131)
",9999999.000,9999999.000,0.000,1.000,0.000,0,0,2,0,0,2,2,0,0.0,0.0,1.0,0.0,0.0,1.0
"G[2,2](((age <= 19.355 -> BldPrSys >= 122.471) & AutonomicNeuroCl >= 117.180) & age <= 126.326)
",-117.180,-117.180,0.000,1.000,0.000,0,0,2,0,0,2,2,0,0.0,0.0,1.0,0.0,0.0,1.0
"G[0,2]((HbA1cImputeDtMnC <= 36.647 -> HDL >= 50.270) & BGTestAvgNumPtRep <= 63.579)
",9999999.000,9999999.000,0.000,1.000,0.000,0,0,1,1,1,1,1,1,0.0,0.0,1.0,0.0,0.0,1.0
"G[2,2](age >= 18.599 | TSH <= 3.318)
",3.318,3.318,0.000,1.000,0.000,0,0,2,0,0,2,2,0,0.0,0.0,1.0,0.0,0.0,1.0
"G[1,2](BldPrDia < 84.496 & Pt_SHFlg = 0.000)
",9999999.000,9999999.000,0.000,1.000,0.000,0,0,1,1,1,1,1,1,0.0,0.0,1.0,0.0,0.0,1.0
"G[1,2](Pt_MotherT1D < 0.000 -> Pt_SHFlg = 0.000)
",9999999.000,9999999.000,0.000,1.000,0.000,0,0,2,0,0,2,2,0,0.0,0.0,1.0,0.0,0.0,1.0
"G[1,2](WeightKg <= 53.777 & Pt_SHFlg = 0.000)
",9999999.000,9999999.000,0.000,1.000,0.000,0,0,1,1,1,1,1,1,0.0,0.0,1.0,0.0,0.0,1.0
"G[1,2](diagAgeCombo < 10.000 & Pt_SHFlg = 0.000)
",9999999.000,9999999.000,0.000,1.000,0.000,0,0,0,2,2,0,0,2,0.0,0.0,0.0,0.0,0.0,1.0
"G[1,2]((WeightKg >= 33.943 | bmi >= 7.082) -> UnitsInsBasalOrLongAct <= 26.241)
",9999999.000,9999999.000,0.000,1.000,0.000,0,0,1,1,1,1,1,1,0.0,0.0,1.0,0.0,0.0,1.0
"G[0,1](SMBGperDayPtMeterCombo >= 3.043 & BGTestAvgNumPtRep >= 2.386)
",9999999.000,9999999.000,0.000,1.000,0.000,0,0,0,2,2,0,0,2,0.0,0.0,0.0,0.0,0.0,1.0
"G[1,2](GFR <= 0.000 -> BUN >= 10.923)
",9999999.000,9999999.000,0.000,1.000,0.000,0,0,2,0,0,2,2,0,0.0,0.0,1.0,0.0,0.0,1.0
"G[0,2]((WeightKg >= 19.236 | bmi >= 4.693) -> UnitsInsBasalOrLongAct <= 17.505)
",9999999.000,9999999.000,0.000,1.000,0.000,0,0,1,1,1,1,1,1,0.0,0.0,1.0,0.0,0.0,1.0
"G[1,2](SMBGperDayPtMeterCombo >= 2.319 & BGTestAvgNumPtRep >= 0.577)
",9999999.000,9999999.000,0.000,1.000,0.000,0,0,1,1,1,1,1,1,0.0,0.0,1.0,0.0,0.0,1.0
"G[0,0](GFR <= 0.000 -> BUN >= 10.261)
",-3.557,-62.239,0.000,1.000,0.000,0,0,0,2,2,0,0,2,0.0,0.0,0.0,0.0,0.0,1.0
"G[0,2]((WeightKg >= 25.856 | bmi >= 11.364) -> UnitsInsBasalOrLongAct <= 15.912)
",9999999.000,9999999.000,0.000,1.000,0.000,0,0,1,1,1,1,1,1,0.0,0.0,1.0,0.0,0.0,1.0
"G[1,2](GFR <= 0.000 -> BUN >= 10.366)
",9999999.000,9999999.000,0.000,1.000,0.000,0,0,2,0,0,2,2,0,0.0,0.0,1.0,0.0,0.0,1.0
"G[2,2]((WeightKg >= 14.351 | bmi >= 12.413) -> UnitsInsBasalOrLongAct <= 16.177)
",-16.177,-16.177,0.000,1.000,0.000,0,0,2,0,0,2,2,0,0.0,0.0,1.0,0.0,0.0,1.0
"G[1,2](SMBGperDayPtMeterCombo >= 2.699 & BGTestAvgNumPtRep >= 1.616)
",9999999.000,9999999.000,0.000,1.000,0.000,0,0,1,1,1,1,1,1,0.0,0.0,1.0,0.0,0.0,1.0
"G[0,2](GFR <= 0.000 -> BUN >= 9.872)
",9999999.000,9999999.000,0.000,1.000,0.000,0,0,1,1,1,1,1,1,0.0,0.0,1.0,0.0,0.0,1.0
"G[1,2](SMBGperDayPtMeterCombo >= 2.560 & BGTestAvgNumPtRep >= 1.057)
",9999999.000,9999999.000,0.000,1.000,0.000,0,0,1,1,1,1,1,1,0.0,0.0,1.0,0.0,0.0,1.0
"G[0,1](GFR <= 0.000 -> BUN >= 10.394)
",9999999.000,9999999.000,0.000,1.000,0.000,0,0,0,2,2,0,0,2,0.0,0.0,0.0,0.0,0.0,1.0
"G[1,2](SMBGperDayPtMeterCombo >= 2.429 & BGTestAvgNumPtRep >= 1.867)
",9999999.000,9999999.000,0.000,1.000,0.000,0,0,1,1,1,1,1,1,0.0,0.0,1.0,0.0,0.0,1.0
"G[0,1](GFR <= 0.000 -> BUN >= 10.617)
",9999999.000,9999999.000,0.000,1.000,0.000,0,0,0,2,2,0,0,2,0.0,0.0,0.0,0.0,0.0,1.0
"G[2,2]((WeightKg >= 25.061 | bmi >= 5.677) -> UnitsInsBasalOrLongAct <= 18.682)
",-18.682,-18.682,0.000,1.000,0.000,0,0,2,0,0,2,2,0,0.0,0.0,1.0,0.0,0.0,1.0
"G[1,2](SMBGperDayPtMeterCombo >= 3.015 & BGTestAvgNumPtRep >= 0.940)
",9999999.000,9999999.000,0.000,1.000,0.000,0,0,0,2,2,0,0,2,0.0,0.0,0.0,0.0,0.0,1.0
"G[1,2](SMBGperDayPtMeterCombo >= 2.274 & BGTestAvgNumPtRep >= 0.108)
",9999999.000,9999999.000,0.000,1.000,0.000,0,0,1,1,1,1,1,1,0.0,0.0,1.0,0.0,0.0,1.0
"G[0,2]((WeightKg >= 15.822 | bmi >= 12.784) -> UnitsInsBasalOrLongAct <= 24.961)
",9999999.000,9999999.000,0.000,1.000,0.000,0,0,1,1,1,1,1,1,0.0,0.0,1.0,0.0,0.0,1.0
"G[0,2](SMBGperDayPtMeterCombo >= 3.137 & BGTestAvgNumPtRep >= 0.647)
",9999999.000,9999999.000,0.000,1.000,0.000,0,0,0,2,2,0,0,2,0.0,0.0,0.0,0.0,0.0,1.0
"G[0,2](GFR <= 0.000 -> BUN >= 9.323)
",9999999.000,9999999.000,0.000,1.000,0.000,0,0,1,1,1,1,1,1,0.0,0.0,1.0,0.0,0.0,1.0
"G[1,2](AutonomicNeuroCl > 0.000 -> Pt_SHFlg = 0.000)
",9999999.000,9999999.000,0.000,1.000,0.000,0,0,2,0,0,2,2,0,0.0,0.0,1.0,0.0,0.0,1.0
"G[0,2](HbA1c > 8.210 & Pt_SHFlg = 0.000)
",9999999.000,9999999.000,0.000,1.000,0.000,0,0,1,1,1,1,1,1,0.0,0.0,1.0,0.0,0.0,1.0
"G[0,2]((BldPrSys >= 117.071 | LDL >= 72.913) -> AutonomicNeuroCl >= 63.015)
",9999999.000,9999999.000,0.000,1.000,0.000,0,0,0,2,2,0,0,2,0.0,0.0,0.0,0.0,0.0,1.0
"G[0,2](HbA1c <= 8.442 | HDL <= 73.853)
",9999999.000,9999999.000,0.000,1.000,0.000,0,0,2,0,0,2,2,0,0.0,0.0,1.0,0.0,0.0,1.0
"G[1,2]((TotalDailyInsPerKg >= 0.063 & TSH >= 1.289) | TSH <= 1.772)
",9999999.000,9999999.000,0.000,1.000,0.000,0,0,2,0,0,2,2,0,0.0,0.0,1.0,0.0,0.0,1.0
"G[2,2]((BGTestAvgNumPtRep <= 3.404 & bmiPerc >= 0.282) | bmi <= 0.705)
",0.705,0.705,0.000,1.000,0.000,0,0,2,0,0,2,2,0,0.0,0.0,1.0,0.0,0.0,1.0
"G[0,2](BUN <= 13.609 -> HeightCm >= 22.482)
",9999999.000,9999999.000,0.000,1.000,0.000,0,0,1,1,1,1,1,1,0.0,0.0,1.0,0.0,0.0,1.0
"G[0,1]((AlbCreatRat_mggNew >= 8.618 -> bmiZscore <= 1.153) -> TotChol <= 0.726)
",9999999.000,9999999.000,0.000,1.000,0.000,0,0,0,2,2,0,0,2,0.0,0.0,0.0,0.0,0.0,1.0
"G[1,2]((diabDur <= 8.073 -> WeightKg <= 75.172) & HDL >= 5.758)
",9999999.000,9999999.000,0.000,1.000,0.000,0,0,2,0,0,2,2,0,0.0,0.0,1.0,0.0,0.0,1.0
"G[0,1](((BUN <= 12.049 | Triglyc >= 64.544) & SMBGperDayPtMeterCombo >= 71.742) | Pt_DKAFlg >= 59.648)
",9999999.000,9999999.000,0.000,1.000,0.000,0,0,0,2,2,0,0,2,0.0,0.0,0.0,0.0,0.0,1.0
"G[0,1](bmi >= 0.620 & BUN >= 9.994)
",9999999.000,9999999.000,0.000,1.000,0.000,0,0,0,2,2,0,0,2,0.0,0.0,0.0,0.0,0.0,1.0
"G[0,2](((BUN <= 13.699 & WeightKg <= 80.082) -> diabDur <= 64.558) & TSH <= 69.291)
",9999999.000,9999999.000,0.000,1.000,0.000,0,0,2,0,0,2,2,0,0.0,0.0,1.0,0.0,0.0,1.0
"G[2,2](((HeightCm <= 122.062 | TSH <= 3.288) -> TotalDailyInsPerKg >= 0.693) -> BGTestAvgNumMeter <= 1.622)
",-1.622,-1.622,0.000,1.000,0.000,0,0,2,0,0,2,2,0,0.0,0.0,1.0,0.0,0.0,1.0
"G[0,1]((BldPrDia >= 74.109 -> Pt_A1cGoalLev <= 2.583) & Pt_InsGov >= 0.901)
",9999999.000,9999999.000,0.000,1.000,0.000,0,0,0,2,2,0,0,2,0.0,0.0,0.0,0.0,0.0,1.0
"G[0,2]((BUN <= 11.437 | TotalDailyInsPerKg <= 0.427) | diagAgeCombo <= 0.371)
",9999999.000,9999999.000,0.000,1.000,0.000,0,0,2,0,0,2,2,0,0.0,0.0,1.0,0.0,0.0,1.0
"G[0,2](GFR <= 0.000 -> BUN >= 10.423)
",9999999.000,9999999.000,0.000,1.000,0.000,0,0,0,2,2,0,0,2,0.0,0.0,0.0,0.0,0.0,1.0
"G[0,2](((bmi <= 28.487 | UnitsInsBasalOrLongAct <= 27.967) -> HbA1c <= 27.288) -> Pt_MotherT1D <= 25.587)
",9999999.000,9999999.000,0.000,1.000,0.000,0,0,2,0,0,2,2,0,0.0,0.0,1.0,0.0,0.0,1.0
"G[0,0]((bmiZscore <= 0.568 | Triglyc <= 92.538) -> HbA1cImputeDtMnC >= 74.759)
",-0.283,-0.125,0.000,1.000,0.000,0,0,0,2,2,0,0,2,0.0,0.0,0.0,0.0,0.0,1.0
"G[0,0]((NumPumpBolusOrShortAct <= 3.277 & Triglyc >= 66.614) & bmiPerc >= 70.981)
",-4.421,-57.886,0.000,1.000,0.000,0,0,0,2,2,0,0,2,0.0,0.0,0.0,0.0,0.0,1.0
"G[0,1](((age <= 19.403 & TotChol <= 161.270) & diagAgeCombo >= 156.029) & TotalDailyInsPerKg <= 170.731)
",9999999.000,9999999.000,0.000,1.000,0.000,0,0,0,2,2,0,0,2,0.0,0.0,0.0,0.0,0.0,1.0
"G[0,2]((bmi >= 4.645 | TSH >= 0.818) & TotalDailyInsPerKg >= 1.224)
",9999999.000,9999999.000,0.000,1.000,0.000,0,0,0,2,2,0,0,2,0.0,0.0,0.0,0.0,0.0,1.0
"G[1,2](TSH >= 0.506 & WeightKg >= 30.095)
",9999999.000,9999999.000,0.000,1.000,0.000,0,0,1,1,1,1,1,1,0.0,0.0,1.0,0.0,0.0,1.0
"G[1,2]((bmiPerc >= 0.370 | HbA1c >= 8.113) -> Pt_SiblingT1D >= 8.134)
",9999999.000,9999999.000,0.000,1.000,0.000,0,0,1,1,1,1,1,1,0.0,0.0,1.0,0.0,0.0,1.0
"G[1,1](((HbA1c >= 8.200 -> WeightKg >= 2.830) | HDL >= 23.451) & BUN >= 30.289)
",-30.289,-30.289,0.000,1.000,0.000,0,0,0,2,2,0,0,2,0.0,0.0,0.0,0.0,0.0,1.0
"G[0,2](NumPumpBolusOrShortAct >= 1.627 -> Pt_A1cGoalLev <= 3.736)
",9999999.000,9999999.000,0.000,1.000,0.000,0,0,1,1,1,1,1,1,0.0,0.0,1.0,0.0,0.0,1.0
"G[1,2]((BUN >= 10.534 | NumPumpBolusOrShortAct >= 0.362) -> Pt_GrandparentT1D >= 2.241)
",9999999.000,9999999.000,0.000,1.000,0.000,0,0,0,2,2,0,0,2,0.0,0.0,0.0,0.0,0.0,1.0
"G[0,1]((HbA1cImputeDtMnC >= 12.233 & WeightKg >= 30.829) | diabDur >= 37.018)
",9999999.000,9999999.000,0.000,1.000,0.000,0,0,0,2,2,0,0,2,0.0,0.0,0.0,0.0,0.0,1.0
"G[0,2](((NumPumpBolusOrShortAct >= 2.174 | TotChol >= 154.545) -> bmiZscore <= 159.241) | UnitsInsBasalOrLongAct >= 150.731)
",9999999.000,9999999.000,0.000,1.000,0.000,0,0,2,0,0,2,2,0,0.0,0.0,1.0,0.0,0.0,1.0
"G[2,2](bmiPerc <= 0.963 -> HbA1cImputeDtMnC >= 19.302)
",-0.963,-0.963,0.000,1.000,0.000,0,0,2,0,0,2,2,0,0.0,0.0,1.0,0.0,0.0,1.0
"G[1,1]((bmiPerc <= 0.759 -> UnitsInsBasalOrLongAct <= 27.101) -> Pt_InsGov >= 13.763)
",13.763,13.763,0.000,1.000,0.000,0,0,0,2,2,0,0,2,0.0,0.0,0.0,0.0,0.0,1.0
"G[1,2]((BldPrDia <= 76.101 | LDL >= 64.075) -> TSH <= 82.953)
",9999999.000,9999999.000,0.000,1.000,0.000,0,0,2,0,0,2,2,0,0.0,0.0,1.0,0.0,0.0,1.0
"G[1,2]((AlbCreatRat_mggNew >= 9.439 | HeightCm >= 36.054) -> DirectLDL >= 36.726)
",9999999.000,9999999.000,0.000,1.000,0.000,0,0,1,1,1,1,1,1,0.0,0.0,1.0,0.0,0.0,1.0
"G[1,2](((HDL >= 58.215 -> TotChol >= 146.587) | GFR >= 146.774) & HbA1c <= 170.021)
",9999999.000,9999999.000,0.000,1.000,0.000,0,0,1,1,1,1,1,1,0.0,0.0,1.0,0.0,0.0,1.0
"G[0,2](((AlbCreatRat_mggNew >= 11.037 | bmiPerc >= 0.188) & WeightKg >= 0.426) | Pt_SHFlg <= 0.513)
",9999999.000,9999999.000,0.000,1.000,0.000,0,0,2,0,0,2,2,0,0.0,0.0,1.0,0.0,0.0,1.0
"G[2,2](((NumPumpBolusOrShortAct <= 3.960 -> TSH <= 2.659) | AlbCreatRat_mggNew <= 3.101) | GFR >= 1.428)
",3.101,3.101,0.000,1.000,0.000,0,0,2,0,0,2,2,0,0.0,0.0,1.0,0.0,0.0,1.0
"G[1,2](HbA1c >= 8.053 & LDL <= 88.948)
",9999999.000,9999999.000,0.000,1.000,0.000,0,0,0,2,2,0,0,2,0.0,0.0,0.0,0.0,0.0,1.0
"G[1,2](((BldPrSys >= 119.851 -> TSH <= 2.670) & Pt_A1cGoalLev >= 0.915) -> TotChol >= 1.445)
",9999999.000,9999999.000,0.000,1.000,0.000,0,0,2,0,0,2,2,0,0.0,0.0,1.0,0.0,0.0,1.0
"G[2,2]((HeightCm <= 84.478 | Pt_A1cGoalLev >= 1.599) | Pt_A1cGoalLevelDsYr5 >= 0.515)
",84.478,84.478,0.000,1.000,0.000,0,0,2,0,0,2,2,0,0.0,0.0,1.0,0.0,0.0,1.0
"G[1,2]((bmi <= 17.569 | DirectLDL <= 0.559) | NumPumpBolusOrShortAct >= 0.116)
",9999999.000,9999999.000,0.000,1.000,0.000,0,0,2,0,0,2,2,0,0.0,0.0,1.0,0.0,0.0,1.0
"G[0,2](((DirectLDL >= 0.148 | TSH >= 1.506) -> bmi <= 3.006) | AutonomicNeuroCl >= 0.497)
",9999999.000,9999999.000,0.000,1.000,0.000,0,0,1,1,1,1,1,1,0.0,0.0,1.0,0.0,0.0,1.0
"G[1,2]((BUN <= 12.582 -> UnitsInsBasalOrLongAct <= 25.869) & BldPrDia <= 23.239)
",9999999.000,9999999.000,0.000,1.000,0.000,0,0,0,2,2,0,0,2,0.0,0.0,0.0,0.0,0.0,1.0
"G[0,2](TotalDailyInsPerKg >= 0.234 -> Triglyc <= 101.253)
",9999999.000,9999999.000,0.000,1.000,0.000,0,0,1,1,1,1,1,1,0.0,0.0,1.0,0.0,0.0,1.0
"G[0,1](((age >= 17.749 -> SMBGperDayPtMeterCombo <= 3.423) -> Pt_MotherT1D >= 2.305) | Triglyc <= 3.667)
",9999999.000,9999999.000,0.000,1.000,0.000,0,0,0,2,2,0,0,2,0.0,0.0,0.0,0.0,0.0,1.0
"G[1,2]((age <= 19.182 | BldPrDia >= 70.487) -> HbA1cImputeDtMnC >= 73.280)
",9999999.000,9999999.000,0.000,1.000,0.000,0,0,0,2,2,0,0,2,0.0,0.0,0.0,0.0,0.0,1.0
"G[0,2](((BUN >= 9.857 -> TotChol >= 151.996) | TSH >= 147.031) & bmiZscore <= 162.212)
",9999999.000,9999999.000,0.000,1.000,0.000,0,0,1,1,1,1,1,1,0.0,0.0,1.0,0.0,0.0,1.0
"G[0,2](((HDL >= 56.724 | Pt_A1cGoalLev <= 2.578) -> Triglyc <= 2.810) -> HeightCm >= 0.714)
",9999999.000,9999999.000,0.000,1.000,0.000,0,0,2,0,0,2,2,0,0.0,0.0,1.0,0.0,0.0,1.0
"G[0,1]((DirectLDL <= 0.536 -> HDL >= 54.899) & TotalDailyInsPerKg >= 52.767)
",9999999.000,9999999.000,0.000,1.000,0.000,0,0,0,2,2,0,0,2,0.0,0.0,0.0,0.0,0.0,1.0
"G[0,2]((bmi <= 16.888 | SMBGperDayPtMeterCombo <= 3.939) -> Pt_A1cGoalLevelDsYr5 >= 3.161)
",9999999.000,9999999.000,0.000,1.000,0.000,0,0,0,2,2,0,0,2,0.0,0.0,0.0,0.0,0.0,1.0
"G[0,2]((BldPrDia >= 70.291 | WeightKg <= 55.482) & Pt_InsGov >= 23.567)
",9999999.000,9999999.000,0.000,1.000,0.000,0,0,0,2,2,0,0,2,0.0,0.0,0.0,0.0,0.0,1.0
"G[2,2](BldPrDia <= 78.487 & TotChol <= 170.365)
",78.487,78.487,0.000,1.000,0.000,0,0,2,0,0,2,2,0,0.0,0.0,1.0,0.0,0.0,1.0
"G[0,2](BldPrDia >= 75.086 -> bmi <= 17.740)
",9999999.000,9999999.000,0.000,1.000,0.000,0,0,1,1,1,1,1,1,0.0,0.0,1.0,0.0,0.0,1.0
"G[0,2]((BGTestAvgNumPtRep >= 0.421 -> SMBGperDayPtMeterCombo <= 3.981) | Pt_DKAFlg <= 3.939)
",9999999.000,9999999.000,0.000,1.000,0.000,0,0,2,0,0,2,2,0,0.0,0.0,1.0,0.0,0.0,1.0
"G[2,2](bmiPerc <= 0.965 -> NumPumpBolusOrShortAct >= 0.389)
",-0.965,-0.965,0.000,1.000,0.000,0,0,2,0,0,2,2,0,0.0,0.0,1.0,0.0,0.0,1.0
"G[1,2]((BGTestAvgNumPtRep <= 3.958 & BldPrDia <= 76.631) | HeightCm <= 82.062)
",9999999.000,9999999.000,0.000,1.000,0.000,0,0,1,1,1,1,1,1,0.0,0.0,1.0,0.0,0.0,1.0
"G[1,2](((AlbCreatRat_mggNew >= 11.066 -> WeightKg <= 60.291) | TotChol >= 3.528) | bmi >= 25.202)
",9999999.000,9999999.000,0.000,1.000,0.000,0,0,2,0,0,2,2,0,0.0,0.0,1.0,0.0,0.0,1.0
"G[0,1]((TotChol >= 154.270 | TSH <= 1.675) & UnitsInsBasalOrLongAct >= 1.483)
",9999999.000,9999999.000,0.000,1.000,0.000,0,0,0,2,2,0,0,2,0.0,0.0,0.0,0.0,0.0,1.0
"G[0,2](((BGTestAvgNumMeter <= 3.275 | LDL >= 66.617) | HDL <= 77.842) -> HDL <= 88.603)
",9999999.000,9999999.000,0.000,1.000,0.000,0,0,2,0,0,2,2,0,0.0,0.0,1.0,0.0,0.0,1.0
"G[0,2](BUN <= 12.362 | LDL <= 88.842)
",9999999.000,9999999.000,0.000,1.000,0.000,0,0,2,0,0,2,2,0,0.0,0.0,1.0,0.0,0.0,1.0
