Rule,Discrimination Score,Pos Robustness,Neg Robustness,Percent Class +,Percent Class -,TP,TN,FP,FN,Actual Yes,Actual No,Predicted Yes,Predicted No,TPR/Sens,TNR/Spec,FPR,Precision,Accuracy,MCR
"G[0,1]((HbA1cImputeDtMnC <= 61.403 | HbA1c <= 9.786) | Pt_CGMUseNumDays >= 8.772)
",9999999.000,9999999.000,0.000,1.000,0.000,3,0,0,0,3,0,3,0,1.0,0.0,0.0,1.0,1.0,0.0
"G[1,1](((TSH <= 2.385 & UnitsInsBasalOrLongAct >= 5.203) & UnitsInsBasalOrLongAct >= 7.017) -> Pt_A1cGoalLev <= 10.786)
",-10.786,-10.786,0.000,1.000,0.000,3,0,0,0,3,0,3,0,1.0,0.0,0.0,1.0,1.0,0.0
"G[1,1](age >= 7.373 | BldPrDia <= 81.553)
",81.553,81.553,0.000,1.000,0.000,3,0,0,0,3,0,3,0,1.0,0.0,0.0,1.0,1.0,0.0
"G[0,1](GFR >= 0.000 -> Pt_SHFlg = 0.000)
",9999999.000,9999999.000,0.000,1.000,0.000,3,0,0,0,3,0,3,0,1.0,0.0,0.0,1.0,1.0,0.0
"G[0,1]((TotChol >= 25.854 -> DirectLDL <= 0.000) | BldPrDia <= 0.000)
",9999999.000,9999999.000,0.000,1.000,0.000,3,0,0,0,3,0,3,0,1.0,0.0,0.0,1.0,1.0,0.0
"G[0,1](((NumPumpBolusOrShortAct >= 0.328 | bmiPerc <= 0.811) | LDL >= 0.739) | HeightCm >= 0.618)
",9999999.000,9999999.000,0.000,1.000,0.000,3,0,0,0,3,0,3,0,1.0,0.0,0.0,1.0,1.0,0.0
"G[1,1](HeightCm >= 127.089 -> Pt_SHFlg = 0.000)
",0.000,0.000,0.000,1.000,0.000,3,0,0,0,3,0,3,0,1.0,0.0,0.0,1.0,1.0,0.0
"G[0,1](((HDL <= 29.804 | NumPumpBolusOrShortAct >= 1.892) -> age >= 0.085) | BUN <= 4.099)
",9999999.000,9999999.000,0.000,1.000,0.000,3,0,0,0,3,0,3,0,1.0,0.0,0.0,1.0,1.0,0.0
"G[0,0](AlbCreatRat_mggNew <= 23.134 -> HbA1c <= 9.941)
",-4.746,-20.134,0.000,1.000,0.000,3,0,0,0,3,0,3,0,1.0,0.0,0.0,1.0,1.0,0.0
"G[1,1](BGTestAvgNumMeter >= 2.889 -> BGTestAvgNumPtRep >= 0.405)
",0.405,0.405,0.000,1.000,0.000,3,0,0,0,3,0,3,0,1.0,0.0,0.0,1.0,1.0,0.0
"G[0,1](Triglyc <= 44.986 | Pt_GrandparentT1D >= 0.000)
",9999999.000,9999999.000,0.000,1.000,0.000,3,0,0,0,3,0,3,0,1.0,0.0,0.0,1.0,1.0,0.0
"G[1,1](Pt_ChildT1D < 0.000 -> Pt_SHFlg = 0.000)
",0.000,0.000,0.000,1.000,0.000,3,0,0,0,3,0,3,0,1.0,0.0,0.0,1.0,1.0,0.0
"G[0,0](((age <= 11.016 | HbA1cImputeDtMnC <= 60.316) | Pt_DKAFlg <= 46.331) | HeightCm <= 40.735)
",41.942,59.316,0.000,1.000,0.000,3,0,0,0,3,0,3,0,1.0,0.0,0.0,1.0,1.0,0.0
"G[0,1](((bmi <= 20.062 -> SMBGperDayPtMeterCombo >= 2.611) & SMBGperDayPtMeterCombo <= 7.804) -> TotalDailyInsPerKg <= 6.566)
",9999999.000,9999999.000,0.000,1.000,0.000,3,0,0,0,3,0,3,0,1.0,0.0,0.0,1.0,1.0,0.0
"G[1,1](((diabDur <= 7.038 -> HeightCm >= 125.622) & Pt_SHFlg >= 124.647) -> GFR <= 138.849)
",-138.849,-138.849,0.000,1.000,0.000,3,0,0,0,3,0,3,0,1.0,0.0,0.0,1.0,1.0,0.0
"G[0,1](((BGTestAvgNumPtRep >= 0.654 & Triglyc >= 3.655) & bmiZscore >= 8.233) | Pt_DKAFlg <= 77.911)
",9999999.000,9999999.000,0.000,1.000,0.000,3,0,0,0,3,0,3,0,1.0,0.0,0.0,1.0,1.0,0.0
"G[0,0]((AlbCreatRat_mggNew <= 22.360 -> Pt_FatherT1D <= 0.412) | BGTestAvgNumPtRep >= 0.075)
",3.583,2.925,0.000,1.000,0.000,3,0,0,0,3,0,3,0,1.0,0.0,0.0,1.0,1.0,0.0
"G[0,0](DirectLDL <= 0.000 | AutonomicNeuroCl <= 0.000)
",-33.234,-9.400,0.000,1.000,0.000,3,0,0,0,3,0,3,0,1.0,0.0,0.0,1.0,1.0,0.0
"G[0,1](((BGTestAvgNumMeter <= 5.339 | Pt_DKAFlg >= 0.000) -> Pt_SiblingT1D >= 0.000) | Pt_A1cGoalLevelDsYr5 <= 0.000)
",9999999.000,9999999.000,0.000,1.000,0.000,3,0,0,0,3,0,3,0,1.0,0.0,0.0,1.0,1.0,0.0
"G[0,1](((diagAgeCombo >= 2.000 -> HDL <= 37.215) -> Pt_MotherT1D <= 45.482) & BGTestAvgNumMeter >= 1.974)
",9999999.000,9999999.000,0.000,1.000,0.000,3,0,0,0,3,0,3,0,1.0,0.0,0.0,1.0,1.0,0.0
"G[1,1]((Pt_DKAFlg <= 0.000 & Pt_GrandchildT1D <= 0.000) | TotChol >= 0.000)
",0.000,0.000,0.000,1.000,0.000,3,0,0,0,3,0,3,0,1.0,0.0,0.0,1.0,1.0,0.0
"G[1,1]((HeightCm <= 138.137 -> Pt_SiblingT1D <= 0.551) -> Triglyc <= 0.786)
",-0.786,-0.786,0.000,1.000,0.000,3,0,0,0,3,0,3,0,1.0,0.0,0.0,1.0,1.0,0.0
"G[1,1](((UnitsInsBasalOrLongAct >= 5.711 | WeightKg <= 39.702) -> diagAgeCombo >= 32.002) -> WeightKg <= 38.603)
",-38.603,-38.603,0.000,1.000,0.000,3,0,0,0,3,0,3,0,1.0,0.0,0.0,1.0,1.0,0.0
"G[0,1](((HeightCm >= 126.681 | UnitsInsBasalOrLongAct <= 13.459) -> UnitsInsBasalOrLongAct <= 17.013) -> bmi >= 6.002)
",9999999.000,9999999.000,0.000,1.000,0.000,3,0,0,0,3,0,3,0,1.0,0.0,0.0,1.0,1.0,0.0
"G[0,1](((HbA1c >= 8.595 | HbA1cImputeDtMnC <= 43.813) | Pt_GrandparentT1D >= 34.251) & Pt_ChildT1D <= 55.983)
",9999999.000,9999999.000,0.000,1.000,0.000,3,0,0,0,3,0,3,0,1.0,0.0,0.0,1.0,1.0,0.0
"G[0,1](((NumPumpBolusOrShortAct <= 4.743 | Pt_MotherT1D <= 0.000) | Pt_ChildT1D >= 0.000) | Pt_GrandchildT1D <= 0.000)
",9999999.000,9999999.000,0.000,1.000,0.000,3,0,0,0,3,0,3,0,1.0,0.0,0.0,1.0,1.0,0.0
"G[0,1](diabDur <= 8.397 | HbA1c >= 9.103)
",9999999.000,9999999.000,0.000,1.000,0.000,3,0,0,0,3,0,3,0,1.0,0.0,0.0,1.0,1.0,0.0
"G[1,1](HeightCm <= 147.433 | TSH >= 1.326)
",147.433,147.433,0.000,1.000,0.000,3,0,0,0,3,0,3,0,1.0,0.0,0.0,1.0,1.0,0.0
"G[0,1](BldPrSys > 109.535 -> Pt_SHFlg = 0.000)
",9999999.000,9999999.000,0.000,1.000,0.000,3,0,0,0,3,0,3,0,1.0,0.0,0.0,1.0,1.0,0.0
"G[0,0](Pt_GrandchildT1D <= 0.000 -> Pt_SHFlg = 0.000)
",0.000,0.000,0.000,1.000,0.000,3,0,0,0,3,0,3,0,1.0,0.0,0.0,1.0,1.0,0.0
"G[0,1](((AlbCreatRat_mggNew >= 8.740 -> BGTestAvgNumMeter <= 4.539) -> Pt_SHFlg <= 4.558) | age >= 2.969)
",9999999.000,9999999.000,0.000,1.000,0.000,3,0,0,0,3,0,3,0,1.0,0.0,0.0,1.0,1.0,0.0
"G[0,1]((diabDur <= 7.231 | Triglyc <= 30.310) -> BldPrDia <= 91.251)
",9999999.000,9999999.000,0.000,1.000,0.000,3,0,0,0,3,0,3,0,1.0,0.0,0.0,1.0,1.0,0.0
"G[1,1]((BGTestAvgNumMeter <= 4.585 -> NumPumpBolusOrShortAct <= 4.973) -> BldPrDia >= 0.495)
",0.495,0.495,0.000,1.000,0.000,3,0,0,0,3,0,3,0,1.0,0.0,0.0,1.0,1.0,0.0
"G[0,1]((TotalDailyInsPerKg >= 0.129 -> UnitsInsBasalOrLongAct <= 13.939) -> BldPrDia >= 4.556)
",9999999.000,9999999.000,0.000,1.000,0.000,3,0,0,0,3,0,3,0,1.0,0.0,0.0,1.0,1.0,0.0
"G[0,1](BldPrDia >= 71.722 -> NumPumpBolusOrShortAct <= 3.473)
",9999999.000,9999999.000,0.000,1.000,0.000,3,0,0,0,3,0,3,0,1.0,0.0,0.0,1.0,1.0,0.0
"G[0,1](((Pt_MotherT1D <= 0.000 & Pt_SiblingT1D <= 0.996) & diagAgeCombo <= 0.960) -> Pt_A1cGoalLev >= 0.274)
",9999999.000,9999999.000,0.000,1.000,0.000,3,0,0,0,3,0,3,0,1.0,0.0,0.0,1.0,1.0,0.0
"G[0,1](((Pt_A1cGoalLev >= 0.009 | Pt_InsGov >= 0.000) | TotChol >= 0.000) | AutonomicNeuroCl >= 0.000)
",9999999.000,9999999.000,0.000,1.000,0.000,3,0,0,0,3,0,3,0,1.0,0.0,0.0,1.0,1.0,0.0
"G[0,1](bmiPerc <= 0.782 -> diabDur >= 5.807)
",9999999.000,9999999.000,0.000,1.000,0.000,3,0,0,0,3,0,3,0,1.0,0.0,0.0,1.0,1.0,0.0
"G[0,0](((bmi <= 19.936 | LDL <= 17.305) -> Pt_MotherT1D >= 4.007) | Pt_DKAFlg <= 72.874)
",72.874,72.874,0.000,1.000,0.000,3,0,0,0,3,0,3,0,1.0,0.0,0.0,1.0,1.0,0.0
"G[0,1]((HeightCm <= 139.623 | TotChol <= 98.807) | age <= 38.506)
",9999999.000,9999999.000,0.000,1.000,0.000,3,0,0,0,3,0,3,0,1.0,0.0,0.0,1.0,1.0,0.0
"G[0,1](((LDL <= 36.133 | Pt_A1cGoalLev >= 0.776) -> TotChol <= 3.090) | HbA1cImputeDtMnC <= 4.944)
",9999999.000,9999999.000,0.000,1.000,0.000,3,0,0,0,3,0,3,0,1.0,0.0,0.0,1.0,1.0,0.0
"G[0,0](Pt_A1cGoalLev >= 0.950 -> TotChol >= 8.606)
",-0.744,-21.165,0.000,1.000,0.000,3,0,0,0,3,0,3,0,1.0,0.0,0.0,1.0,1.0,0.0
"G[0,0](((BldPrDia >= 69.977 & bmi <= 18.452) -> bmi <= 18.592) & HeightCm >= 17.444)
",-18.592,-18.592,0.000,1.000,0.000,3,0,0,0,3,0,3,0,1.0,0.0,0.0,1.0,1.0,0.0
"G[1,1]((Pt_CGMUseNumDays >= 1.849 | TotChol >= 21.617) | WeightKg >= 8.693)
",-1.849,-1.849,0.000,1.000,0.000,3,0,0,0,3,0,3,0,1.0,0.0,0.0,1.0,1.0,0.0
"G[0,0]((Pt_A1cGoalLev <= 1.294 -> BUN <= 2.058) -> age >= 0.013)
",-0.670,-0.227,0.000,1.000,0.000,3,0,0,0,3,0,3,0,1.0,0.0,0.0,1.0,1.0,0.0
"G[0,0](((Pt_SiblingT1D >= 0.164 & TotChol <= 39.613) -> TotalDailyInsPerKg <= 114.674) & Pt_InsGov <= 113.693)
",-226.997,-107.007,0.000,1.000,0.000,3,0,0,0,3,0,3,0,1.0,0.0,0.0,1.0,1.0,0.0
"G[0,0](((AutonomicNeuroCl >= 0.000 & Pt_A1cGoalLev <= 1.964) -> Pt_ChildT1D >= 1.054) -> Pt_GrandchildT1D >= 0.515)
",-0.036,-0.036,0.000,1.000,0.000,3,0,0,0,3,0,3,0,1.0,0.0,0.0,1.0,1.0,0.0
"G[0,1](((bmiPerc >= 0.734 | HDL <= 32.806) -> AlbCreatRat_mggNew <= 40.877) & Pt_DKAFlg <= 66.283)
",9999999.000,9999999.000,0.000,1.000,0.000,3,0,0,0,3,0,3,0,1.0,0.0,0.0,1.0,1.0,0.0
"G[0,1]((BUN <= 7.028 | Pt_A1cGoalLevelDsYr5 >= 0.000) -> LDL >= 0.000)
",9999999.000,9999999.000,0.000,1.000,0.000,3,0,0,0,3,0,3,0,1.0,0.0,0.0,1.0,1.0,0.0
"G[0,1](((BUN <= 2.970 -> UnitsInsBasalOrLongAct <= 18.473) -> diabDur >= 1.243) | Pt_GrandchildT1D >= 7.048)
",9999999.000,9999999.000,0.000,1.000,0.000,3,0,0,0,3,0,3,0,1.0,0.0,0.0,1.0,1.0,0.0
"G[0,1](((SMBGperDayPtMeterCombo >= 2.392 & bmiZscore >= 0.414) | Pt_ChildT1D <= 0.815) -> SMBGperDayPtMeterCombo >= 0.265)
",9999999.000,9999999.000,0.000,1.000,0.000,3,0,0,0,3,0,3,0,1.0,0.0,0.0,1.0,1.0,0.0
"G[1,1](age <= 10.127 & Pt_SHFlg <= 0.000)
",0.000,0.000,0.000,1.000,0.000,2,0,0,1,3,0,2,1,0.6666666666666666,0.0,0.0,1.0,0.6666666666666666,0.33333333333333337
"G[0,0](age <= 9.347 -> HDL >= 5.622)
",-0.986,-33.024,0.000,1.000,0.000,2,0,0,1,3,0,2,1,0.6666666666666666,0.0,0.0,1.0,0.6666666666666666,0.33333333333333337
"G[1,1](((NumPumpBolusOrShortAct <= 3.961 -> TotalDailyInsPerKg >= 0.103) & age >= 0.299) -> TSH <= 0.931)
",-8381282986041483.000,-0.931,0.000,1.000,0.000,2,0,0,1,3,0,2,1,0.6666666666666666,0.0,0.0,1.0,0.6666666666666666,0.33333333333333337
"G[1,1](NumPumpBolusOrShortAct <= 2.393 | TSH <= 4.414)
",4.414,4.414,0.000,1.000,0.000,2,0,0,1,3,0,2,1,0.6666666666666666,0.0,0.0,1.0,0.6666666666666666,0.33333333333333337
"G[0,1](HbA1cImputeDtMnC >= 26.705 & Pt_MotherT1D <= 0.000)
",9999999.000,9999999.000,0.000,1.000,0.000,2,0,0,1,3,0,2,1,0.6666666666666666,0.0,0.0,1.0,0.6666666666666666,0.33333333333333337
"G[0,1](HbA1cImputeDtMnC >= 17.689 -> LDL <= 25.515)
",9999999.000,9999999.000,0.000,1.000,0.000,2,0,0,1,3,0,2,1,0.6666666666666666,0.0,0.0,1.0,0.6666666666666666,0.33333333333333337
"G[0,1](((Pt_GrandparentT1D <= 0.000 -> bmiZscore <= 0.952) -> UnitsInsBasalOrLongAct >= 0.659) & Pt_SiblingT1D <= 0.915)
",9999999.000,9999999.000,0.000,1.000,0.000,2,0,0,1,3,0,2,1,0.6666666666666666,0.0,0.0,1.0,0.6666666666666666,0.33333333333333337
"G[0,1]((HbA1c >= 8.590 | Triglyc >= 12.478) & BldPrDia >= 12.884)
",9999999.000,9999999.000,0.000,1.000,0.000,2,0,0,1,3,0,2,1,0.6666666666666666,0.0,0.0,1.0,0.6666666666666666,0.33333333333333337
"G[0,1](LDL <= 55.061 -> Pt_CGMUseNumDays <= 28.255)
",9999999.000,9999999.000,0.000,1.000,0.000,2,0,0,1,3,0,2,1,0.6666666666666666,0.0,0.0,1.0,0.6666666666666666,0.33333333333333337
"G[0,1](((BGTestAvgNumPtRep >= 1.489 | TSH >= 0.007) | BUN <= 3.482) & Triglyc <= 2.230)
",9999999.000,9999999.000,0.000,1.000,0.000,2,0,0,1,3,0,2,1,0.6666666666666666,0.0,0.0,1.0,0.6666666666666666,0.33333333333333337
"G[1,1]((Pt_A1cGoalLev <= 4.874 & TSH <= 4.305) -> bmi <= 2.311)
",-4.305,-4.305,0.000,1.000,0.000,2,0,0,1,3,0,2,1,0.6666666666666666,0.0,0.0,1.0,0.6666666666666666,0.33333333333333337
"G[0,1](((AlbCreatRat_mggNew >= 4.062 -> HDL <= 58.244) & BUN <= 48.622) | TotalDailyInsPerKg >= 3.919)
",9999999.000,9999999.000,0.000,1.000,0.000,2,0,0,1,3,0,2,1,0.6666666666666666,0.0,0.0,1.0,0.6666666666666666,0.33333333333333337
"G[0,1](((HbA1cImputeDtMnC >= 3.710 & Pt_A1cGoalLev >= 0.347) | SMBGperDayPtMeterCombo <= 4.345) & Pt_CGMUseNumDays <= 5.741)
",9999999.000,9999999.000,0.000,1.000,0.000,2,0,0,1,3,0,2,1,0.6666666666666666,0.0,0.0,1.0,0.6666666666666666,0.33333333333333337
"G[0,1](BUN <= 5.054 -> diabDur >= 6.521)
",9999999.000,9999999.000,0.000,1.000,0.000,2,0,0,1,3,0,2,1,0.6666666666666666,0.0,0.0,1.0,0.6666666666666666,0.33333333333333337
"G[0,0]((Triglyc <= 87.468 & TSH <= 2.453) & Pt_GrandchildT1D <= 2.949)
",-0.650,-27.875,0.000,1.000,0.000,2,0,0,1,3,0,2,1,0.6666666666666666,0.0,0.0,1.0,0.6666666666666666,0.33333333333333337
"G[0,0](((Pt_InsGov >= 0.000 & BldPrSys <= 115.979) -> NumPumpBolusOrShortAct >= 108.960) -> Triglyc >= 112.200)
",-0.707,-21.267,0.000,1.000,0.000,2,0,0,1,3,0,2,1,0.6666666666666666,0.0,0.0,1.0,0.6666666666666666,0.33333333333333337
"G[0,1](BldPrSys <= 119.766 | Pt_A1cGoalLev >= 0.377)
",9999999.000,9999999.000,0.000,1.000,0.000,2,0,0,1,3,0,2,1,0.6666666666666666,0.0,0.0,1.0,0.6666666666666666,0.33333333333333337
"G[0,1](bmiZscore <= 0.820 | Triglyc >= 3.928)
",9999999.000,9999999.000,0.000,1.000,0.000,2,0,0,1,3,0,2,1,0.6666666666666666,0.0,0.0,1.0,0.6666666666666666,0.33333333333333337
"G[0,1](((bmiPerc >= 0.654 & HeightCm <= 146.375) & diagAgeCombo <= 141.708) & bmiZscore <= 143.623)
",9999999.000,9999999.000,0.000,1.000,0.000,2,0,0,1,3,0,2,1,0.6666666666666666,0.0,0.0,1.0,0.6666666666666666,0.33333333333333337
"G[0,0]((BldPrSys >= 109.464 -> TotalDailyInsPerKg <= 0.965) | HeightCm <= 1.094)
",14.216,6.701,0.000,1.000,0.000,2,0,0,1,3,0,2,1,0.6666666666666666,0.0,0.0,1.0,0.6666666666666666,0.33333333333333337
"G[0,1]((LDL <= 17.853 & Pt_GrandparentT1D <= 0.000) & bmiPerc >= 0.000)
",9999999.000,9999999.000,0.000,1.000,0.000,2,0,0,1,3,0,2,1,0.6666666666666666,0.0,0.0,1.0,0.6666666666666666,0.33333333333333337
"G[0,0]((TotChol <= 118.894 -> Triglyc >= 11.141) -> Pt_GrandchildT1D >= 7.554)
",7.554,7.554,0.000,1.000,0.000,2,0,0,1,3,0,2,1,0.6666666666666666,0.0,0.0,1.0,0.6666666666666666,0.33333333333333337
"G[0,1](((age <= 11.410 -> diabDur <= 7.756) -> NumPumpBolusOrShortAct <= 8.426) & HDL <= 8.017)
",9999999.000,9999999.000,0.000,1.000,0.000,2,0,0,1,3,0,2,1,0.6666666666666666,0.0,0.0,1.0,0.6666666666666666,0.33333333333333337
"G[0,1]((WeightKg >= 33.240 | bmi >= 17.682) -> UnitsInsBasalOrLongAct <= 18.538)
",9999999.000,9999999.000,0.000,1.000,0.000,2,0,0,1,3,0,2,1,0.6666666666666666,0.0,0.0,1.0,0.6666666666666666,0.33333333333333337
"G[0,0](bmi >= 16.775 & bmi >= 17.416)
",-17.416,-17.416,0.000,1.000,0.000,2,0,0,1,3,0,2,1,0.6666666666666666,0.0,0.0,1.0,0.6666666666666666,0.33333333333333337
"G[0,1](BldPrDia < 83.750 & Pt_SHFlg = 0.000)
",9999999.000,9999999.000,0.000,1.000,0.000,2,0,0,1,3,0,2,1,0.6666666666666666,0.0,0.0,1.0,0.6666666666666666,0.33333333333333337
"G[0,1](DirectLDL >= 0.000 & TotalDailyInsPerKg >= 0.203)
",9999999.000,9999999.000,0.000,1.000,0.000,2,0,0,1,3,0,2,1,0.6666666666666666,0.0,0.0,1.0,0.6666666666666666,0.33333333333333337
"G[0,0]((WeightKg >= 29.580 | bmi >= 16.928) -> UnitsInsBasalOrLongAct <= 9.172)
",5.180,14.894,0.000,1.000,0.000,2,0,0,1,3,0,2,1,0.6666666666666666,0.0,0.0,1.0,0.6666666666666666,0.33333333333333337
"G[0,1]((Pt_SiblingT1D <= 0.879 -> UnitsInsBasalOrLongAct <= 14.339) -> AlbCreatRat_mggNew <= 17.198)
",9999999.000,9999999.000,0.000,1.000,0.000,2,0,0,1,3,0,2,1,0.6666666666666666,0.0,0.0,1.0,0.6666666666666666,0.33333333333333337
"G[1,1](Pt_InsGov <= 0.000 -> Pt_SiblingT1D <= 0.625)
",-0.625,-0.625,0.000,1.000,0.000,2,0,0,1,3,0,2,1,0.6666666666666666,0.0,0.0,1.0,0.6666666666666666,0.33333333333333337
"G[0,0]((BGTestAvgNumMeter >= 3.507 | Pt_A1cGoalLev >= 0.071) & Pt_SiblingT1D <= 6.728)
",2.267,5.128,0.000,1.000,0.000,2,0,0,1,3,0,2,1,0.6666666666666666,0.0,0.0,1.0,0.6666666666666666,0.33333333333333337
"G[1,1](Pt_A1cGoalLev <= 6.968 & bmiZscore >= 0.371)
",-0.371,-0.371,0.000,1.000,0.000,2,0,0,1,3,0,2,1,0.6666666666666666,0.0,0.0,1.0,0.6666666666666666,0.33333333333333337
"G[0,1]((Pt_DKAFlg <= 0.000 | Pt_CGMUseNumDays >= 0.744) -> BGTestAvgNumPtRep <= 5.635)
",9999999.000,9999999.000,0.000,1.000,0.000,2,0,0,1,3,0,2,1,0.6666666666666666,0.0,0.0,1.0,0.6666666666666666,0.33333333333333337
"G[0,1](HbA1c <= 9.701 -> BGTestAvgNumMeter <= 5.358)
",9999999.000,9999999.000,0.000,1.000,0.000,2,0,0,1,3,0,2,1,0.6666666666666666,0.0,0.0,1.0,0.6666666666666666,0.33333333333333337
"G[0,1](Pt_FatherT1D <= 0.858 & Pt_SHFlg = 0.000)
",9999999.000,9999999.000,0.000,1.000,0.000,2,0,0,1,3,0,2,1,0.6666666666666666,0.0,0.0,1.0,0.6666666666666666,0.33333333333333337
"G[1,1]((HbA1c <= 9.762 -> Pt_SiblingT1D <= 0.949) | SMBGperDayPtMeterCombo <= 0.687)
",0.687,0.687,0.000,1.000,0.000,2,0,0,1,3,0,2,1,0.6666666666666666,0.0,0.0,1.0,0.6666666666666666,0.33333333333333337
"G[0,1]((WeightKg >= 33.057 | bmi >= 17.576) -> UnitsInsBasalOrLongAct <= 17.872)
",9999999.000,9999999.000,0.000,1.000,0.000,2,0,0,1,3,0,2,1,0.6666666666666666,0.0,0.0,1.0,0.6666666666666666,0.33333333333333337
"G[1,1](GFR <= 0.000 -> BUN >= 0.372)
",0.000,0.000,0.000,1.000,0.000,1,0,0,2,3,0,1,2,0.3333333333333333,0.0,0.0,1.0,0.3333333333333333,0.6666666666666667
"G[0,0](((WeightKg <= 36.134 -> diabDur <= 8.564) | age >= 5.461) -> age <= 8.677)
",-8.677,-8.677,0.000,1.000,0.000,1,0,0,2,3,0,1,2,0.3333333333333333,0.0,0.0,1.0,0.3333333333333333,0.6666666666666667
"G[1,1](((LDL <= 57.075 -> TSH <= 2.844) -> Pt_GrandchildT1D >= 0.329) | HDL >= 1.671)
",0.329,0.329,0.000,1.000,0.000,1,0,0,2,3,0,1,2,0.3333333333333333,0.0,0.0,1.0,0.3333333333333333,0.6666666666666667
"G[0,0](((Pt_ChildT1D <= 0.000 -> BGTestAvgNumMeter <= 5.282) -> Triglyc <= 7.832) & NumPumpBolusOrShortAct >= 3.427)
",-3.064,-6.364,0.000,1.000,0.000,1,0,0,2,3,0,1,2,0.3333333333333333,0.0,0.0,1.0,0.3333333333333333,0.6666666666666667
"G[0,1](UnitsInsBasalOrLongAct >= 2.437 | Pt_CGMUseNumDays >= 0.641)
",9999999.000,9999999.000,0.000,1.000,0.000,1,0,0,2,3,0,1,2,0.3333333333333333,0.0,0.0,1.0,0.3333333333333333,0.6666666666666667
"G[1,1]((WeightKg >= 29.096 | bmi >= 17.270) -> UnitsInsBasalOrLongAct <= 9.327)
",-9.327,-9.327,0.000,1.000,0.000,1,0,0,2,3,0,1,2,0.3333333333333333,0.0,0.0,1.0,0.3333333333333333,0.6666666666666667
"G[0,0](SMBGperDayPtMeterCombo >= 2.478 & BGTestAvgNumPtRep >= 0.036)
",3.630,2.964,0.000,1.000,0.000,1,0,0,2,3,0,1,2,0.3333333333333333,0.0,0.0,1.0,0.3333333333333333,0.6666666666666667
"G[0,1](SMBGperDayPtMeterCombo >= 3.766 & BGTestAvgNumPtRep >= 2.444)
",9999999.000,9999999.000,0.000,1.000,0.000,1,0,0,2,3,0,1,2,0.3333333333333333,0.0,0.0,1.0,0.3333333333333333,0.6666666666666667
"G[1,1](diagAgeCombo >= 2.000 & BUN >= 0.093)
",-2.000,-2.000,0.000,1.000,0.000,1,0,0,2,3,0,1,2,0.3333333333333333,0.0,0.0,1.0,0.3333333333333333,0.6666666666666667
"G[0,0](bmiZscore >= 0.216 & HbA1c >= 9.239)
",-8.913,-6.822,0.000,1.000,0.000,1,0,0,2,3,0,1,2,0.3333333333333333,0.0,0.0,1.0,0.3333333333333333,0.6666666666666667
"G[1,1](GFR <= 0.000 -> BUN >= 0.902)
",0.000,0.000,0.000,1.000,0.000,1,0,0,2,3,0,1,2,0.3333333333333333,0.0,0.0,1.0,0.3333333333333333,0.6666666666666667
"G[0,1](((Pt_DKAFlg >= 0.000 & SMBGperDayPtMeterCombo <= 4.678) | BldPrDia >= 3.092) -> UnitsInsBasalOrLongAct >= 2.658)
",9999999.000,9999999.000,0.000,1.000,0.000,1,0,0,2,3,0,1,2,0.3333333333333333,0.0,0.0,1.0,0.3333333333333333,0.6666666666666667
"G[0,0](SMBGperDayPtMeterCombo >= 2.209 & BGTestAvgNumPtRep >= 2.572)
",0.524,0.428,0.000,1.000,0.000,1,0,0,2,3,0,1,2,0.3333333333333333,0.0,0.0,1.0,0.3333333333333333,0.6666666666666667
"G[0,1]((AlbCreatRat_mggNew <= 21.596 | bmiPerc <= 0.771) -> BldPrSys <= 0.810)
",9999999.000,9999999.000,0.000,1.000,0.000,1,0,0,2,3,0,1,2,0.3333333333333333,0.0,0.0,1.0,0.3333333333333333,0.6666666666666667
"G[1,1](((diagAgeCombo <= 2.000 | Pt_A1cGoalLevelDsYr5 <= 0.000) -> AlbCreatRat_mggNew <= 0.000) & Pt_MotherT1D <= 0.000)
",-2.000,-2.000,0.000,1.000,0.000,1,0,0,2,3,0,1,2,0.3333333333333333,0.0,0.0,1.0,0.3333333333333333,0.6666666666666667
"G[0,1]((WeightKg >= 33.212 | bmi >= 16.811) -> UnitsInsBasalOrLongAct <= 13.188)
",9999999.000,9999999.000,0.000,1.000,0.000,1,0,0,2,3,0,1,2,0.3333333333333333,0.0,0.0,1.0,0.3333333333333333,0.6666666666666667
"G[1,1](((HDL >= 9.320 -> WeightKg >= 31.872) & bmiPerc <= 41.109) & AlbCreatRat_mggNew >= 24.338)
",-24.338,-24.338,0.000,1.000,0.000,1,0,0,2,3,0,1,2,0.3333333333333333,0.0,0.0,1.0,0.3333333333333333,0.6666666666666667
"G[0,1](NumPumpBolusOrShortAct <= 3.895 | HDL >= 9.910)
",9999999.000,9999999.000,0.000,1.000,0.000,1,0,0,2,3,0,1,2,0.3333333333333333,0.0,0.0,1.0,0.3333333333333333,0.6666666666666667
"G[0,1]((BGTestAvgNumPtRep >= 2.607 | diabDur <= 7.401) | diagAgeCombo >= 4.861)
",9999999.000,9999999.000,0.000,1.000,0.000,1,0,0,2,3,0,1,2,0.3333333333333333,0.0,0.0,1.0,0.3333333333333333,0.6666666666666667
"G[0,1](((age <= 10.832 & HeightCm >= 128.377) | bmiZscore >= 125.503) | Pt_InsGov >= 134.047)
",9999999.000,9999999.000,0.000,1.000,0.000,1,0,0,2,3,0,1,2,0.3333333333333333,0.0,0.0,1.0,0.3333333333333333,0.6666666666666667
"G[0,0](((WeightKg >= 25.725 & age <= 10.946) & Pt_MotherT1D <= 9.868) & Pt_ChildT1D <= 10.617)
",-27.832,-22.725,0.000,1.000,0.000,1,0,0,2,3,0,1,2,0.3333333333333333,0.0,0.0,1.0,0.3333333333333333,0.6666666666666667
"G[0,1](((BldPrSys <= 118.959 & HbA1cImputeDtMnC <= 40.351) -> GFR >= 26.627) | BUN >= 27.427)
",9999999.000,9999999.000,0.000,1.000,0.000,1,0,0,2,3,0,1,2,0.3333333333333333,0.0,0.0,1.0,0.3333333333333333,0.6666666666666667
"G[0,1]((age >= 7.908 & UnitsInsBasalOrLongAct <= 18.937) | Pt_SHFlg >= 4.908)
",9999999.000,9999999.000,0.000,1.000,0.000,1,0,0,2,3,0,1,2,0.3333333333333333,0.0,0.0,1.0,0.3333333333333333,0.6666666666666667
"G[0,1](((BldPrSys >= 111.672 -> bmiPerc <= 0.781) & Pt_FatherT1D <= 0.822) & SMBGperDayPtMeterCombo >= 0.661)
",9999999.000,9999999.000,0.000,1.000,0.000,1,0,0,2,3,0,1,2,0.3333333333333333,0.0,0.0,1.0,0.3333333333333333,0.6666666666666667
"G[0,1](age <= 11.041 & WeightKg >= 28.244)
",9999999.000,9999999.000,0.000,1.000,0.000,1,0,0,2,3,0,1,2,0.3333333333333333,0.0,0.0,1.0,0.3333333333333333,0.6666666666666667
"G[0,2](HDL >= 7.625 -> TSH >= 1.472)
",9999999.000,9999999.000,0.000,1.000,0.000,0,0,3,0,0,3,3,0,0.0,0.0,1.0,0.0,0.0,1.0
"G[1,1](((BGTestAvgNumPtRep <= 4.607 | HeightCm >= 121.489) -> TotalDailyInsPerKg <= 135.946) -> diabDur >= 121.341)
",121.341,121.341,0.000,1.000,0.000,0,0,0,3,3,0,0,3,0.0,0.0,0.0,0.0,0.0,1.0
"G[0,2](((NumPumpBolusOrShortAct <= 2.778 | HeightCm >= 119.779) | Triglyc <= 137.641) & TotalDailyInsPerKg <= 147.183)
",9999999.000,9999999.000,0.000,1.000,0.000,0,0,3,0,0,3,3,0,0.0,0.0,1.0,0.0,0.0,1.0
"G[1,2](TotalDailyInsPerKg >= 0.277 -> DirectLDL <= 0.000)
",9999999.000,9999999.000,0.000,1.000,0.000,0,0,3,0,0,3,3,0,0.0,0.0,1.0,0.0,0.0,1.0
"G[2,2]((BGTestAvgNumMeter <= 5.194 | AutonomicNeuroCl >= 0.000) | BGTestAvgNumMeter <= 0.000)
",5.194,5.194,0.000,1.000,0.000,0,0,3,0,0,3,3,0,0.0,0.0,1.0,0.0,0.0,1.0
"G[0,2](((BldPrSys <= 115.861 -> Pt_CGMUseNumDays <= 9.672) -> TotalDailyInsPerKg >= 0.519) | SMBGperDayPtMeterCombo >= 4.106)
",9999999.000,9999999.000,0.000,1.000,0.000,0,0,2,1,1,2,2,1,0.0,0.0,1.0,0.0,0.0,1.0
"G[0,2](LDL >= 6.166 | Pt_FatherT1D >= 0.115)
",9999999.000,9999999.000,0.000,1.000,0.000,0,0,1,2,2,1,1,2,0.0,0.0,1.0,0.0,0.0,1.0
"G[0,2](GFR <= 0.000 | Pt_A1cGoalLevelDsYr5 >= 0.000)
",9999999.000,9999999.000,0.000,1.000,0.000,0,0,3,0,0,3,3,0,0.0,0.0,1.0,0.0,0.0,1.0
"G[1,2](bmiPerc <= 0.831 -> TSH <= 4.199)
",9999999.000,9999999.000,0.000,1.000,0.000,0,0,2,1,1,2,2,1,0.0,0.0,1.0,0.0,0.0,1.0
"G[0,0](Pt_GrandchildT1D <= 0.000 & BUN >= 0.251)
",-1.414,-0.167,0.000,1.000,0.000,0,0,0,3,3,0,0,3,0.0,0.0,0.0,0.0,0.0,1.0
"G[0,2]((Pt_DKAFlg <= 0.000 & LDL <= 70.792) -> Pt_CGMUseNumDays <= 25.409)
",9999999.000,9999999.000,0.000,1.000,0.000,0,0,2,1,1,2,2,1,0.0,0.0,1.0,0.0,0.0,1.0
"G[1,2]((Pt_CGMUseNumDays <= 20.119 -> HDL <= 43.973) -> SMBGperDayPtMeterCombo >= 1.976)
",9999999.000,9999999.000,0.000,1.000,0.000,0,0,3,0,0,3,3,0,0.0,0.0,1.0,0.0,0.0,1.0
"G[1,1]((age >= 7.752 | BldPrSys <= 117.614) & TotalDailyInsPerKg >= 110.822)
",-110.822,-110.822,0.000,1.000,0.000,0,0,0,3,3,0,0,3,0.0,0.0,0.0,0.0,0.0,1.0
"G[0,1](((TSH <= 3.814 | BldPrDia <= 75.944) & BGTestAvgNumPtRep >= 67.649) | BGTestAvgNumMeter >= 71.905)
",9999999.000,9999999.000,0.000,1.000,0.000,0,0,0,3,3,0,0,3,0.0,0.0,0.0,0.0,0.0,1.0
"G[0,1](((WeightKg >= 33.174 | BldPrSys <= 120.125) | diagAgeCombo <= 120.003) -> TotChol >= 106.404)
",9999999.000,9999999.000,0.000,1.000,0.000,0,0,0,3,3,0,0,3,0.0,0.0,0.0,0.0,0.0,1.0
"G[1,2](BldPrDia <= 73.907 -> WeightKg >= 30.777)
",9999999.000,9999999.000,0.000,1.000,0.000,0,0,2,1,1,2,2,1,0.0,0.0,1.0,0.0,0.0,1.0
"G[1,2](((LDL >= 13.387 | HDL >= 7.151) | Pt_GrandparentT1D >= 0.599) | diabDur >= 5.756)
",9999999.000,9999999.000,0.000,1.000,0.000,0,0,2,1,1,2,2,1,0.0,0.0,1.0,0.0,0.0,1.0
"G[1,2](((Pt_MotherT1D >= 0.000 -> WeightKg <= 42.174) -> UnitsInsBasalOrLongAct <= 35.887) -> Pt_A1cGoalLevelDsYr5 >= 28.987)
",9999999.000,9999999.000,0.000,1.000,0.000,0,0,0,3,3,0,0,3,0.0,0.0,0.0,0.0,0.0,1.0
"G[1,2](Pt_A1cGoalLevelDsYr5 >= 0.000 | Pt_SiblingT1D >= 0.257)
",9999999.000,9999999.000,0.000,1.000,0.000,0,0,3,0,0,3,3,0,0.0,0.0,1.0,0.0,0.0,1.0
"G[2,2](diabDur >= 5.751 -> AlbCreatRat_mggNew >= 4.888)
",4.888,4.888,0.000,1.000,0.000,0,0,3,0,0,3,3,0,0.0,0.0,1.0,0.0,0.0,1.0
"G[2,2](((UnitsInsBasalOrLongAct >= 7.206 & Pt_FatherT1D >= 0.101) | AlbCreatRat_mggNew >= 0.223) & age >= 0.073)
",-0.223,-0.223,0.000,1.000,0.000,0,0,3,0,0,3,3,0,0.0,0.0,1.0,0.0,0.0,1.0
"G[1,2]((Pt_SHFlg >= 0.000 -> Pt_FatherT1D <= 0.359) | Pt_GrandparentT1D >= 0.118)
",9999999.000,9999999.000,0.000,1.000,0.000,0,0,2,1,1,2,2,1,0.0,0.0,1.0,0.0,0.0,1.0
"G[2,2](Pt_InsGov <= 0.000 -> bmi >= 18.015)
",0.000,0.000,0.000,1.000,0.000,0,0,3,0,0,3,3,0,0.0,0.0,1.0,0.0,0.0,1.0
"G[0,2](((Pt_SHFlg >= 0.000 & WeightKg <= 42.571) | HeightCm >= 32.148) & Pt_SHFlg >= 23.043)
",9999999.000,9999999.000,0.000,1.000,0.000,0,0,0,3,3,0,0,3,0.0,0.0,0.0,0.0,0.0,1.0
"G[0,2](((BGTestAvgNumPtRep <= 3.928 -> bmiZscore >= 0.307) & LDL <= 0.892) -> NumPumpBolusOrShortAct <= 0.947)
",9999999.000,9999999.000,0.000,1.000,0.000,0,0,1,2,2,1,1,2,0.0,0.0,1.0,0.0,0.0,1.0
"G[1,2](Pt_InsGov <= 0.000 | Pt_A1cGoalLevelDsYr5 <= 0.000)
",9999999.000,9999999.000,0.000,1.000,0.000,0,0,3,0,0,3,3,0,0.0,0.0,1.0,0.0,0.0,1.0
"G[0,2](Pt_A1cGoalLev >= 0.523 | UnitsInsBasalOrLongAct <= 15.647)
",9999999.000,9999999.000,0.000,1.000,0.000,0,0,2,1,1,2,2,1,0.0,0.0,1.0,0.0,0.0,1.0
"G[1,2]((Pt_MotherT1D <= 0.000 -> WeightKg <= 42.142) -> Pt_GrandparentT1D <= 41.565)
",9999999.000,9999999.000,0.000,1.000,0.000,0,0,3,0,0,3,3,0,0.0,0.0,1.0,0.0,0.0,1.0
"G[1,2](((UnitsInsBasalOrLongAct <= 12.574 | HbA1cImputeDtMnC <= 42.768) -> BldPrDia <= 43.496) -> Pt_InsGov >= 15.895)
",9999999.000,9999999.000,0.000,1.000,0.000,0,0,1,2,2,1,1,2,0.0,0.0,1.0,0.0,0.0,1.0
"G[0,0](((Triglyc >= 12.313 & Pt_A1cGoalLevelDsYr5 <= 0.000) & BGTestAvgNumMeter <= 0.000) & LDL <= 0.000)
",-1.414,-10.000,0.000,1.000,0.000,0,0,0,3,3,0,0,3,0.0,0.0,0.0,0.0,0.0,1.0
"G[0,2]((Pt_A1cGoalLev <= 2.948 & Pt_SiblingT1D >= 0.282) & HbA1c >= 0.147)
",9999999.000,9999999.000,0.000,1.000,0.000,0,0,0,3,3,0,0,3,0.0,0.0,0.0,0.0,0.0,1.0
"G[1,2]((age <= 11.545 -> Triglyc <= 70.216) -> Pt_InsGov >= 11.185)
",9999999.000,9999999.000,0.000,1.000,0.000,0,0,0,3,3,0,0,3,0.0,0.0,0.0,0.0,0.0,1.0
"G[1,2](((Triglyc >= 6.590 -> Pt_A1cGoalLevelDsYr5 >= 0.000) & NumPumpBolusOrShortAct >= 0.000) | diagAgeCombo <= 0.000)
",9999999.000,9999999.000,0.000,1.000,0.000,0,0,3,0,0,3,3,0,0.0,0.0,1.0,0.0,0.0,1.0
"G[1,2](((NumPumpBolusOrShortAct >= 0.435 -> AlbCreatRat_mggNew >= 6.912) -> NumPumpBolusOrShortAct <= 27.259) -> Triglyc >= 0.423)
",9999999.000,9999999.000,0.000,1.000,0.000,0,0,0,3,3,0,0,3,0.0,0.0,0.0,0.0,0.0,1.0
"G[1,2](GFR <= 0.000 & NumPumpBolusOrShortAct <= 2.395)
",9999999.000,9999999.000,0.000,1.000,0.000,0,0,2,1,1,2,2,1,0.0,0.0,1.0,0.0,0.0,1.0
"G[0,1](WeightKg >= 33.562 & BUN >= 1.345)
",9999999.000,9999999.000,0.000,1.000,0.000,0,0,0,3,3,0,0,3,0.0,0.0,0.0,0.0,0.0,1.0
"G[2,2]((BldPrDia <= 74.975 | DirectLDL <= 0.000) & Pt_SiblingT1D >= 0.000)
",0.000,0.000,0.000,1.000,0.000,0,0,3,0,0,3,3,0,0.0,0.0,1.0,0.0,0.0,1.0
"G[2,2]((TotalDailyInsPerKg >= 0.456 & Pt_SHFlg >= 0.000) -> Pt_SHFlg >= 0.000)
",0.000,0.000,0.000,1.000,0.000,0,0,3,0,0,3,3,0,0.0,0.0,1.0,0.0,0.0,1.0
"G[0,2](Pt_GrandchildT1D >= 0.000 & SMBGperDayPtMeterCombo >= 2.112)
",9999999.000,9999999.000,0.000,1.000,0.000,0,0,2,1,1,2,2,1,0.0,0.0,1.0,0.0,0.0,1.0
"G[2,2]((TotalDailyInsPerKg <= 1.006 -> HbA1c <= 9.280) -> Pt_InsGov >= 8.989)
",8.989,8.989,0.000,1.000,0.000,0,0,3,0,0,3,3,0,0.0,0.0,1.0,0.0,0.0,1.0
"G[1,2](((age >= 8.099 | UnitsInsBasalOrLongAct <= 17.627) -> TSH >= 0.268) | WeightKg <= 9.810)
",9999999.000,9999999.000,0.000,1.000,0.000,0,0,2,1,1,2,2,1,0.0,0.0,1.0,0.0,0.0,1.0
"G[0,2]((bmi >= 17.808 | LDL >= 5.535) | diagAgeCombo <= 20.236)
",9999999.000,9999999.000,0.000,1.000,0.000,0,0,3,0,0,3,3,0,0.0,0.0,1.0,0.0,0.0,1.0
"G[0,0](((AutonomicNeuroCl >= 0.000 & BldPrSys <= 120.715) -> WeightKg >= 111.382) & WeightKg >= 106.333)
",-126.557,-103.333,0.000,1.000,0.000,0,0,0,3,3,0,0,3,0.0,0.0,0.0,0.0,0.0,1.0
"G[0,2](((AutonomicNeuroCl >= 0.000 & Pt_DKAFlg <= 0.000) & LDL >= 0.000) & Pt_SiblingT1D >= 0.000)
",9999999.000,9999999.000,0.000,1.000,0.000,0,0,3,0,0,3,3,0,0.0,0.0,1.0,0.0,0.0,1.0
"G[1,2]((AlbCreatRat_mggNew >= 6.314 & Pt_DKAFlg >= 0.000) -> SMBGperDayPtMeterCombo >= 0.000)
",9999999.000,9999999.000,0.000,1.000,0.000,0,0,3,0,0,3,3,0,0.0,0.0,1.0,0.0,0.0,1.0
"G[0,2](((SMBGperDayPtMeterCombo <= 5.789 -> Pt_SHFlg <= 0.000) | HbA1cImputeDtMnC <= 0.000) | Pt_DKAFlg <= 0.000)
",9999999.000,9999999.000,0.000,1.000,0.000,0,0,3,0,0,3,3,0,0.0,0.0,1.0,0.0,0.0,1.0
"G[0,2](Pt_DKAFlg <= 0.000 & Pt_SHFlg <= 0.000)
",9999999.000,9999999.000,0.000,1.000,0.000,0,0,3,0,0,3,3,0,0.0,0.0,1.0,0.0,0.0,1.0
"G[1,2](((Pt_SHFlg >= 0.000 | bmi <= 20.367) | BUN >= 17.923) | HbA1c <= 18.509)
",9999999.000,9999999.000,0.000,1.000,0.000,0,0,3,0,0,3,3,0,0.0,0.0,1.0,0.0,0.0,1.0
"G[1,2](((age <= 11.236 | DirectLDL <= 0.000) | NumPumpBolusOrShortAct >= 0.000) | diagAgeCombo >= 0.000)
",9999999.000,9999999.000,0.000,1.000,0.000,0,0,3,0,0,3,3,0,0.0,0.0,1.0,0.0,0.0,1.0
"G[1,2]((BldPrDia >= 67.049 -> diabDur <= 8.619) -> BldPrSys <= 7.310)
",9999999.000,9999999.000,0.000,1.000,0.000,0,0,1,2,2,1,1,2,0.0,0.0,1.0,0.0,0.0,1.0
"G[1,2](((diabDur <= 7.455 -> Pt_InsGov >= 0.000) | Pt_MotherT1D <= 0.000) | Pt_GrandparentT1D <= 0.000)
",9999999.000,9999999.000,0.000,1.000,0.000,0,0,3,0,0,3,3,0,0.0,0.0,1.0,0.0,0.0,1.0
"G[1,2](((diabDur <= 8.616 -> diagAgeCombo >= 2.000) | diabDur >= 2.000) -> Pt_DKAFlg <= 2.000)
",9999999.000,9999999.000,0.000,1.000,0.000,0,0,3,0,0,3,3,0,0.0,0.0,1.0,0.0,0.0,1.0
"G[1,2](((BUN <= 6.897 & Pt_GrandparentT1D <= 0.000) & bmiZscore <= 0.000) | BGTestAvgNumPtRep >= 0.000)
",9999999.000,9999999.000,0.000,1.000,0.000,0,0,3,0,0,3,3,0,0.0,0.0,1.0,0.0,0.0,1.0
"G[0,2](((Pt_DKAFlg <= 0.000 -> DirectLDL >= 0.000) -> TSH >= 0.000) & Pt_SiblingT1D <= 0.000)
",9999999.000,9999999.000,0.000,1.000,0.000,0,0,2,1,1,2,2,1,0.0,0.0,1.0,0.0,0.0,1.0
"G[0,2](((Pt_A1cGoalLevelDsYr5 <= 0.000 -> Pt_SiblingT1D <= 0.699) -> WeightKg >= 0.259) & BGTestAvgNumPtRep <= 0.563)
",9999999.000,9999999.000,0.000,1.000,0.000,0,0,1,2,2,1,1,2,0.0,0.0,1.0,0.0,0.0,1.0
"G[1,2](Pt_GrandparentT1D <= 0.000 | bmiZscore <= 0.771)
",9999999.000,9999999.000,0.000,1.000,0.000,0,0,3,0,0,3,3,0,0.0,0.0,1.0,0.0,0.0,1.0
"G[0,2](((BldPrSys <= 114.270 -> Triglyc >= 10.256) | HeightCm <= 75.816) & TotChol >= 15.190)
",9999999.000,9999999.000,0.000,1.000,0.000,0,0,0,3,3,0,0,3,0.0,0.0,0.0,0.0,0.0,1.0
"G[1,2](((bmiZscore <= 0.855 -> Pt_MotherT1D >= 0.000) | BldPrSys <= 0.000) & Pt_GrandchildT1D <= 0.000)
",9999999.000,9999999.000,0.000,1.000,0.000,0,0,3,0,0,3,3,0,0.0,0.0,1.0,0.0,0.0,1.0
"G[1,2](((HbA1c >= 8.836 & AutonomicNeuroCl <= 0.000) -> HbA1c >= 0.000) -> Pt_GrandchildT1D <= 0.000)
",9999999.000,9999999.000,0.000,1.000,0.000,0,0,3,0,0,3,3,0,0.0,0.0,1.0,0.0,0.0,1.0
"G[0,2]((Pt_InsGov >= 0.000 & HbA1c <= 9.418) | NumPumpBolusOrShortAct >= 8.633)
",9999999.000,9999999.000,0.000,1.000,0.000,0,0,1,2,2,1,1,2,0.0,0.0,1.0,0.0,0.0,1.0
"G[1,2](((AlbCreatRat_mggNew >= 10.232 | bmiZscore <= 0.758) | Pt_SiblingT1D >= 0.174) & BGTestAvgNumPtRep >= 0.658)
",9999999.000,9999999.000,0.000,1.000,0.000,0,0,2,1,1,2,2,1,0.0,0.0,1.0,0.0,0.0,1.0
"G[0,2](NumPumpBolusOrShortAct <= 3.169 -> Pt_A1cGoalLevelDsYr5 <= 0.000)
",9999999.000,9999999.000,0.000,1.000,0.000,0,0,3,0,0,3,3,0,0.0,0.0,1.0,0.0,0.0,1.0
"G[1,2](SMBGperDayPtMeterCombo >= 2.017 & BGTestAvgNumPtRep >= 2.729)
",9999999.000,9999999.000,0.000,1.000,0.000,0,0,2,1,1,2,2,1,0.0,0.0,1.0,0.0,0.0,1.0
"G[0,2](((HbA1cImputeDtMnC >= 11.412 | HDL <= 57.922) & Pt_A1cGoalLev >= 6.507) -> diabDur >= 1.804)
",9999999.000,9999999.000,0.000,1.000,0.000,0,0,3,0,0,3,3,0,0.0,0.0,1.0,0.0,0.0,1.0
"G[1,2](((HbA1c >= 9.022 & HeightCm >= 123.451) -> age >= 135.085) -> WeightKg <= 141.817)
",9999999.000,9999999.000,0.000,1.000,0.000,0,0,3,0,0,3,3,0,0.0,0.0,1.0,0.0,0.0,1.0
"G[0,2](NumPumpBolusOrShortAct < 2.923 & Pt_SHFlg = 0.000)
",9999999.000,9999999.000,0.000,1.000,0.000,0,0,1,2,2,1,1,2,0.0,0.0,1.0,0.0,0.0,1.0
"G[2,2](HbA1c < 10.040 -> Pt_SHFlg = 0.000)
",-10.040,-10.040,0.000,1.000,0.000,0,0,3,0,0,3,3,0,0.0,0.0,1.0,0.0,0.0,1.0
"G[0,0](((HbA1cImputeDtMnC >= 37.756 | WeightKg >= 33.487) -> LDL <= 41.218) & HeightCm <= 41.289)
",-137.793,-41.008,0.000,1.000,0.000,0,0,0,3,3,0,0,3,0.0,0.0,0.0,0.0,0.0,1.0
"G[2,2]((BGTestAvgNumPtRep >= 0.248 -> Pt_SiblingT1D >= 0.294) & DirectLDL <= 0.355)
",0.248,0.248,0.000,1.000,0.000,0,0,3,0,0,3,3,0,0.0,0.0,1.0,0.0,0.0,1.0
"G[1,2](((diabDur <= 8.054 & Pt_SiblingT1D >= 0.293) -> Pt_FatherT1D <= 0.424) & AutonomicNeuroCl <= 0.895)
",9999999.000,9999999.000,0.000,1.000,0.000,0,0,2,1,1,2,2,1,0.0,0.0,1.0,0.0,0.0,1.0
"G[2,2](((HbA1cImputeDtMnC <= 65.441 -> Pt_FatherT1D <= 0.673) | SMBGperDayPtMeterCombo <= 0.969) -> BGTestAvgNumMeter <= 0.813)
",-8725271969529883.000,-0.969,0.000,1.000,0.000,0,0,3,0,0,3,3,0,0.0,0.0,1.0,0.0,0.0,1.0
"G[1,2](HbA1c >= 8.854 | WeightKg <= 36.677)
",9999999.000,9999999.000,0.000,1.000,0.000,0,0,3,0,0,3,3,0,0.0,0.0,1.0,0.0,0.0,1.0
"G[1,2](((age <= 10.481 & HbA1c >= 8.673) & Pt_SHFlg <= 9.477) | diagAgeCombo <= 9.915)
",9999999.000,9999999.000,0.000,1.000,0.000,0,0,3,0,0,3,3,0,0.0,0.0,1.0,0.0,0.0,1.0
"G[0,2](((bmi >= 16.860 -> WeightKg <= 36.076) | bmi >= 33.878) | DirectLDL <= 37.276)
",9999999.000,9999999.000,0.000,1.000,0.000,0,0,3,0,0,3,3,0,0.0,0.0,1.0,0.0,0.0,1.0
"G[1,2](((diabDur >= 4.630 & UnitsInsBasalOrLongAct <= 10.518) -> TotChol <= 11.563) | DirectLDL >= 5.933)
",9999999.000,9999999.000,0.000,1.000,0.000,0,0,3,0,0,3,3,0,0.0,0.0,1.0,0.0,0.0,1.0
"G[0,2]((Pt_FatherT1D <= 0.625 -> TSH <= 3.090) & BGTestAvgNumMeter >= 0.940)
",9999999.000,9999999.000,0.000,1.000,0.000,0,0,1,2,2,1,1,2,0.0,0.0,1.0,0.0,0.0,1.0
"G[0,1](Pt_A1cGoalLevelDsYr5 > 0.000 & Pt_SHFlg = 0.000)
",9999999.000,9999999.000,0.000,1.000,0.000,0,0,0,3,3,0,0,3,0.0,0.0,0.0,0.0,0.0,1.0
"G[0,2]((AlbCreatRat_mggNew >= 9.832 -> diabDur >= 4.033) -> DirectLDL >= 4.437)
",9999999.000,9999999.000,0.000,1.000,0.000,0,0,0,3,3,0,0,3,0.0,0.0,0.0,0.0,0.0,1.0
"G[1,2](bmi >= 17.338 | Pt_FatherT1D <= 0.975)
",9999999.000,9999999.000,0.000,1.000,0.000,0,0,2,1,1,2,2,1,0.0,0.0,1.0,0.0,0.0,1.0
"G[1,2]((BldPrSys <= 114.283 | WeightKg >= 25.236) | HeightCm >= 33.459)
",9999999.000,9999999.000,0.000,1.000,0.000,0,0,3,0,0,3,3,0,0.0,0.0,1.0,0.0,0.0,1.0
"G[0,2](BGTestAvgNumMeter >= 2.269 -> BGTestAvgNumPtRep <= 3.604)
",9999999.000,9999999.000,0.000,1.000,0.000,0,0,2,1,1,2,2,1,0.0,0.0,1.0,0.0,0.0,1.0
"G[0,2](((AlbCreatRat_mggNew >= 2.142 & TSH <= 4.043) -> Pt_A1cGoalLevelDsYr5 >= 0.654) | Pt_CGMUseNumDays <= 1.964)
",9999999.000,9999999.000,0.000,1.000,0.000,0,0,3,0,0,3,3,0,0.0,0.0,1.0,0.0,0.0,1.0
"G[2,2](((bmi >= 17.003 | HeightCm >= 123.315) | TSH <= 139.260) | Pt_A1cGoalLev <= 136.477)
",139.260,139.260,0.000,1.000,0.000,0,0,3,0,0,3,3,0,0.0,0.0,1.0,0.0,0.0,1.0
"G[1,2](((AlbCreatRat_mggNew <= 22.208 & bmi >= 17.790) & HbA1cImputeDtMnC >= 18.026) & TSH <= 20.385)
",9999999.000,9999999.000,0.000,1.000,0.000,0,0,1,2,2,1,1,2,0.0,0.0,1.0,0.0,0.0,1.0
"G[2,2]((bmi >= 18.332 -> Pt_CGMUseNumDays >= 0.745) & Triglyc >= 0.502)
",-0.502,-0.502,0.000,1.000,0.000,0,0,3,0,0,3,3,0,0.0,0.0,1.0,0.0,0.0,1.0
"G[0,2](((BldPrSys <= 115.775 -> HbA1c >= 8.630) -> bmi >= 8.620) | Pt_SHFlg >= 8.731)
",9999999.000,9999999.000,0.000,1.000,0.000,0,0,3,0,0,3,3,0,0.0,0.0,1.0,0.0,0.0,1.0
"G[1,2](((age >= 6.917 | BGTestAvgNumPtRep >= 0.873) & BUN >= 0.187) | Pt_A1cGoalLevelDsYr5 <= 6.523)
",9999999.000,9999999.000,0.000,1.000,0.000,0,0,3,0,0,3,3,0,0.0,0.0,1.0,0.0,0.0,1.0
"G[0,2](Pt_A1cGoalLevelDsYr5 < 0.000 -> Pt_SHFlg = 0.000)
",9999999.000,9999999.000,0.000,1.000,0.000,0,0,3,0,0,3,3,0,0.0,0.0,1.0,0.0,0.0,1.0
"G[0,2](bmiPerc < 0.832 & Pt_SHFlg = 0.000)
",9999999.000,9999999.000,0.000,1.000,0.000,0,0,2,1,1,2,2,1,0.0,0.0,1.0,0.0,0.0,1.0
"G[1,2](((Pt_SiblingT1D <= 0.646 | UnitsInsBasalOrLongAct >= 5.398) -> AlbCreatRat_mggNew >= 7.651) -> DirectLDL <= 8.906)
",9999999.000,9999999.000,0.000,1.000,0.000,0,0,3,0,0,3,3,0,0.0,0.0,1.0,0.0,0.0,1.0
"G[1,2](SMBGperDayPtMeterCombo >= 3.952 & BGTestAvgNumPtRep >= 0.397)
",9999999.000,9999999.000,0.000,1.000,0.000,0,0,2,1,1,2,2,1,0.0,0.0,1.0,0.0,0.0,1.0
"G[2,2](SMBGperDayPtMeterCombo >= 2.967 & BGTestAvgNumPtRep >= 0.889)
",-2.967,-2.967,0.000,1.000,0.000,0,0,3,0,0,3,3,0,0.0,0.0,1.0,0.0,0.0,1.0
"G[0,2](GFR <= 0.000 -> BUN >= 0.517)
",9999999.000,9999999.000,0.000,1.000,0.000,0,0,0,3,3,0,0,3,0.0,0.0,0.0,0.0,0.0,1.0
"G[0,2]((WeightKg >= 32.755 | bmi >= 18.329) -> UnitsInsBasalOrLongAct <= 9.249)
",9999999.000,9999999.000,0.000,1.000,0.000,0,0,1,2,2,1,1,2,0.0,0.0,1.0,0.0,0.0,1.0
"G[1,2](SMBGperDayPtMeterCombo >= 3.168 & BGTestAvgNumPtRep >= 2.343)
",9999999.000,9999999.000,0.000,1.000,0.000,0,0,2,1,1,2,2,1,0.0,0.0,1.0,0.0,0.0,1.0
"G[2,2](GFR <= 0.000 -> BUN >= 0.023)
",0.000,0.000,0.000,1.000,0.000,0,0,3,0,0,3,3,0,0.0,0.0,1.0,0.0,0.0,1.0
"G[1,2]((WeightKg >= 28.516 | bmi >= 18.114) -> UnitsInsBasalOrLongAct <= 9.253)
",9999999.000,9999999.000,0.000,1.000,0.000,0,0,1,2,2,1,1,2,0.0,0.0,1.0,0.0,0.0,1.0
"G[0,2](SMBGperDayPtMeterCombo >= 3.774 & BGTestAvgNumPtRep >= 1.995)
",9999999.000,9999999.000,0.000,1.000,0.000,0,0,1,2,2,1,1,2,0.0,0.0,1.0,0.0,0.0,1.0
"G[0,2](GFR <= 0.000 -> BUN >= 0.188)
",9999999.000,9999999.000,0.000,1.000,0.000,0,0,0,3,3,0,0,3,0.0,0.0,0.0,0.0,0.0,1.0
"G[2,2](GFR <= 0.000 -> BUN >= 0.430)
",0.000,0.000,0.000,1.000,0.000,0,0,3,0,0,3,3,0,0.0,0.0,1.0,0.0,0.0,1.0
"G[0,2]((WeightKg >= 28.574 | bmi >= 17.540) -> UnitsInsBasalOrLongAct <= 14.635)
",9999999.000,9999999.000,0.000,1.000,0.000,0,0,1,2,2,1,1,2,0.0,0.0,1.0,0.0,0.0,1.0
"G[1,2](GFR <= 0.000 -> BUN >= 0.889)
",9999999.000,9999999.000,0.000,1.000,0.000,0,0,1,2,2,1,1,2,0.0,0.0,1.0,0.0,0.0,1.0
"G[0,2](Pt_SiblingT1D > 0.057 -> Pt_SHFlg = 0.000)
",9999999.000,9999999.000,0.000,1.000,0.000,0,0,3,0,0,3,3,0,0.0,0.0,1.0,0.0,0.0,1.0
"G[2,2]((WeightKg >= 29.982 | bmi >= 17.788) -> UnitsInsBasalOrLongAct <= 8.862)
",-8.862,-8.862,0.000,1.000,0.000,0,0,3,0,0,3,3,0,0.0,0.0,1.0,0.0,0.0,1.0
"G[1,2](GFR <= 0.000 -> BUN >= 0.692)
",9999999.000,9999999.000,0.000,1.000,0.000,0,0,1,2,2,1,1,2,0.0,0.0,1.0,0.0,0.0,1.0
"G[1,2](SMBGperDayPtMeterCombo >= 3.903 & BGTestAvgNumPtRep >= 0.597)
",9999999.000,9999999.000,0.000,1.000,0.000,0,0,2,1,1,2,2,1,0.0,0.0,1.0,0.0,0.0,1.0
"G[2,2](GFR <= 0.000 -> BUN >= 0.874)
",0.000,0.000,0.000,1.000,0.000,0,0,3,0,0,3,3,0,0.0,0.0,1.0,0.0,0.0,1.0
"G[0,2]((WeightKg >= 33.841 | bmi >= 17.761) -> UnitsInsBasalOrLongAct <= 9.492)
",9999999.000,9999999.000,0.000,1.000,0.000,0,0,1,2,2,1,1,2,0.0,0.0,1.0,0.0,0.0,1.0
"G[2,2](SMBGperDayPtMeterCombo >= 2.801 & BGTestAvgNumPtRep >= 1.152)
",-2.801,-2.801,0.000,1.000,0.000,0,0,3,0,0,3,3,0,0.0,0.0,1.0,0.0,0.0,1.0
"G[0,0](GFR <= 0.000 -> BUN >= 0.385)
",-0.701,-33.026,0.000,1.000,0.000,0,0,0,3,3,0,0,3,0.0,0.0,0.0,0.0,0.0,1.0
"G[1,2](TotalDailyInsPerKg >= 0.070 -> Pt_SHFlg = 0.000)
",9999999.000,9999999.000,0.000,1.000,0.000,0,0,3,0,0,3,3,0,0.0,0.0,1.0,0.0,0.0,1.0
"G[0,2](AutonomicNeuroCl > 0.000 & Pt_SHFlg = 0.000)
",9999999.000,9999999.000,0.000,1.000,0.000,0,0,0,3,3,0,0,3,0.0,0.0,0.0,0.0,0.0,1.0
"G[1,2](HeightCm >= 127.665 & Pt_SHFlg = 0.000)
",9999999.000,9999999.000,0.000,1.000,0.000,0,0,2,1,1,2,2,1,0.0,0.0,1.0,0.0,0.0,1.0
"G[2,2](BldPrSys <= 119.857 -> diabDur >= 4.679)
",-119.857,-119.857,0.000,1.000,0.000,0,0,3,0,0,3,3,0,0.0,0.0,1.0,0.0,0.0,1.0
"G[1,2](Pt_FatherT1D >= 0.042 | TotalDailyInsPerKg <= 0.673)
",9999999.000,9999999.000,0.000,1.000,0.000,0,0,2,1,1,2,2,1,0.0,0.0,1.0,0.0,0.0,1.0
"G[0,1](bmiZscore >= 0.176 & Pt_CGMUseNumDays >= 4.283)
",9999999.000,9999999.000,0.000,1.000,0.000,0,0,0,3,3,0,0,3,0.0,0.0,0.0,0.0,0.0,1.0
"G[2,2]((bmi >= 17.536 & Triglyc <= 58.210) -> BldPrSys >= 5.173)
",5.173,5.173,0.000,1.000,0.000,0,0,3,0,0,3,3,0,0.0,0.0,1.0,0.0,0.0,1.0
"G[2,2](((bmiPerc <= 0.785 -> Pt_SiblingT1D <= 0.943) | LDL <= 0.914) -> TotalDailyInsPerKg >= 0.239)
",-8233637584091147.000,-0.914,0.000,1.000,0.000,0,0,3,0,0,3,3,0,0.0,0.0,1.0,0.0,0.0,1.0
"G[1,2](BldPrDia <= 78.561 -> WeightKg <= 40.006)
",9999999.000,9999999.000,0.000,1.000,0.000,0,0,2,1,1,2,2,1,0.0,0.0,1.0,0.0,0.0,1.0
"G[0,2](((BGTestAvgNumMeter >= 3.664 -> HDL >= 7.816) | Pt_A1cGoalLevelDsYr5 >= 1.261) -> AutonomicNeuroCl >= 3.447)
",9999999.000,9999999.000,0.000,1.000,0.000,0,0,2,1,1,2,2,1,0.0,0.0,1.0,0.0,0.0,1.0
"G[0,2](((BGTestAvgNumMeter <= 7.579 & TotChol <= 158.021) -> AutonomicNeuroCl >= 15.504) | HbA1c <= 124.836)
",9999999.000,9999999.000,0.000,1.000,0.000,0,0,3,0,0,3,3,0,0.0,0.0,1.0,0.0,0.0,1.0
"G[0,1]((bmiPerc <= 0.798 -> NumPumpBolusOrShortAct >= 1.283) -> Pt_A1cGoalLevelDsYr5 >= 0.215)
",9999999.000,9999999.000,0.000,1.000,0.000,0,0,0,3,3,0,0,3,0.0,0.0,0.0,0.0,0.0,1.0
"G[1,2](BldPrDia <= 77.802 & BUN >= 0.381)
",9999999.000,9999999.000,0.000,1.000,0.000,0,0,1,2,2,1,1,2,0.0,0.0,1.0,0.0,0.0,1.0
"G[2,2]((NumPumpBolusOrShortAct >= 1.225 -> UnitsInsBasalOrLongAct >= 1.620) | HDL >= 4.183)
",1.225,1.225,0.000,1.000,0.000,0,0,3,0,0,3,3,0,0.0,0.0,1.0,0.0,0.0,1.0
"G[2,2](BUN >= 0.142 & HbA1c <= 10.047)
",-0.142,-0.142,0.000,1.000,0.000,0,0,3,0,0,3,3,0,0.0,0.0,1.0,0.0,0.0,1.0
"G[2,2]((BUN >= 0.366 & Pt_CGMUseNumDays >= 3.109) | Pt_SHFlg >= 3.999)
",-7001217922506141.000,-3.109,0.000,1.000,0.000,0,0,3,0,0,3,3,0,0.0,0.0,1.0,0.0,0.0,1.0
"G[0,2](BUN <= 8.474 -> WeightKg <= 40.332)
",9999999.000,9999999.000,0.000,1.000,0.000,0,0,2,1,1,2,2,1,0.0,0.0,1.0,0.0,0.0,1.0
"G[0,2]((age <= 11.530 | BUN <= 5.096) | Pt_ChildT1D >= 1.430)
",9999999.000,9999999.000,0.000,1.000,0.000,0,0,3,0,0,3,3,0,0.0,0.0,1.0,0.0,0.0,1.0
"G[0,2](AlbCreatRat_mggNew <= 24.617 | BldPrDia >= 66.780)
",9999999.000,9999999.000,0.000,1.000,0.000,0,0,3,0,0,3,3,0,0.0,0.0,1.0,0.0,0.0,1.0
"G[0,2](bmiPerc <= 0.817 -> BUN >= 0.553)
",9999999.000,9999999.000,0.000,1.000,0.000,0,0,1,2,2,1,1,2,0.0,0.0,1.0,0.0,0.0,1.0
"G[2,2](((BldPrDia <= 84.350 | HbA1c <= 9.769) | SMBGperDayPtMeterCombo >= 8.762) | diagAgeCombo >= 8.692)
",84.350,84.350,0.000,1.000,0.000,0,0,3,0,0,3,3,0,0.0,0.0,1.0,0.0,0.0,1.0
"G[2,2]((BldPrSys >= 110.316 -> TotChol <= 125.733) | TSH <= 109.121)
",109.121,109.121,0.000,1.000,0.000,0,0,3,0,0,3,3,0,0.0,0.0,1.0,0.0,0.0,1.0
"G[0,2](((bmi <= 18.912 | bmiPerc <= 0.796) -> diabDur >= 0.573) -> TotChol >= 0.665)
",9999999.000,9999999.000,0.000,1.000,0.000,0,0,0,3,3,0,0,3,0.0,0.0,0.0,0.0,0.0,1.0
"G[0,2]((HbA1c >= 8.646 | NumPumpBolusOrShortAct >= 0.506) | WeightKg <= 2.997)
",9999999.000,9999999.000,0.000,1.000,0.000,0,0,3,0,0,3,3,0,0.0,0.0,1.0,0.0,0.0,1.0
"G[2,2]((bmi <= 20.157 | bmiZscore <= 0.730) & LDL >= 0.410)
",-7382394167660573.000,-0.410,0.000,1.000,0.000,0,0,3,0,0,3,3,0,0.0,0.0,1.0,0.0,0.0,1.0
"G[0,2](((bmi <= 18.446 & NumPumpBolusOrShortAct <= 3.927) & Pt_GrandchildT1D >= 0.744) & Pt_MotherT1D >= 0.580)
",9999999.000,9999999.000,0.000,1.000,0.000,0,0,0,3,3,0,0,3,0.0,0.0,0.0,0.0,0.0,1.0
"G[0,1](((HeightCm >= 121.434 & Triglyc >= 7.264) | HbA1c >= 9.793) | Pt_SHFlg >= 11.216)
",9999999.000,9999999.000,0.000,1.000,0.000,0,0,0,3,3,0,0,3,0.0,0.0,0.0,0.0,0.0,1.0
"G[1,2](((BldPrDia <= 74.357 -> TSH >= 1.902) & WeightKg >= 0.943) | Pt_SiblingT1D <= 3.648)
",9999999.000,9999999.000,0.000,1.000,0.000,0,0,3,0,0,3,3,0,0.0,0.0,1.0,0.0,0.0,1.0
"G[0,2](age >= 8.226 & TotChol >= 19.467)
",9999999.000,9999999.000,0.000,1.000,0.000,0,0,0,3,3,0,0,3,0.0,0.0,0.0,0.0,0.0,1.0
"G[0,2](Pt_A1cGoalLev <= 3.449 | TotalDailyInsPerKg <= 0.984)
",9999999.000,9999999.000,0.000,1.000,0.000,0,0,3,0,0,3,3,0,0.0,0.0,1.0,0.0,0.0,1.0
"G[2,2](((BGTestAvgNumPtRep <= 4.690 & HDL <= 20.890) | BGTestAvgNumMeter >= 8.326) | Pt_A1cGoalLev >= 5.945)
",4.690,4.690,0.000,1.000,0.000,0,0,3,0,0,3,3,0,0.0,0.0,1.0,0.0,0.0,1.0
"G[2,2](((bmi >= 17.115 | UnitsInsBasalOrLongAct <= 16.473) & Pt_CGMUseNumDays <= 11.524) & LDL >= 2.108)
",-2.108,-2.108,0.000,1.000,0.000,0,0,3,0,0,3,3,0,0.0,0.0,1.0,0.0,0.0,1.0
"G[0,2]((diabDur <= 6.861 | TotalDailyInsPerKg >= 0.393) -> age <= 0.953)
",9999999.000,9999999.000,0.000,1.000,0.000,0,0,1,2,2,1,1,2,0.0,0.0,1.0,0.0,0.0,1.0
"G[2,2](BGTestAvgNumPtRep <= 5.766 | Pt_A1cGoalLev <= 4.762)
",6491803647385875.000,5.766,0.000,1.000,0.000,0,0,3,0,0,3,3,0,0.0,0.0,1.0,0.0,0.0,1.0
"G[0,2](((Pt_CGMUseNumDays >= 3.514 & WeightKg >= 23.066) | TotChol <= 39.396) & Pt_A1cGoalLev >= 23.826)
",9999999.000,9999999.000,0.000,1.000,0.000,0,0,0,3,3,0,0,3,0.0,0.0,0.0,0.0,0.0,1.0
"G[0,2](AlbCreatRat_mggNew >= 7.912 | HbA1c <= 9.325)
",9999999.000,9999999.000,0.000,1.000,0.000,0,0,3,0,0,3,3,0,0.0,0.0,1.0,0.0,0.0,1.0
"G[1,1](((AlbCreatRat_mggNew >= 6.490 & Pt_A1cGoalLev >= 0.898) | Pt_A1cGoalLev <= 6.114) & Pt_A1cGoalLev >= 0.550)
",-0.550,-0.550,0.000,1.000,0.000,0,0,0,3,3,0,0,3,0.0,0.0,0.0,0.0,0.0,1.0
"G[0,2]((TotalDailyInsPerKg >= 0.263 | TotChol <= 88.077) & Pt_FatherT1D >= 25.458)
",9999999.000,9999999.000,0.000,1.000,0.000,0,0,0,3,3,0,0,3,0.0,0.0,0.0,0.0,0.0,1.0
"G[0,2](BldPrSys >= 110.775 & NumPumpBolusOrShortAct >= 1.113)
",9999999.000,9999999.000,0.000,1.000,0.000,0,0,1,2,2,1,1,2,0.0,0.0,1.0,0.0,0.0,1.0
"G[2,2]((diabDur >= 6.699 | Pt_CGMUseNumDays <= 29.681) & WeightKg >= 4.201)
",-4.201,-4.201,0.000,1.000,0.000,0,0,3,0,0,3,3,0,0.0,0.0,1.0,0.0,0.0,1.0
"G[0,2]((bmiZscore <= 0.829 -> UnitsInsBasalOrLongAct >= 3.249) | LDL >= 0.036)
",9999999.000,9999999.000,0.000,1.000,0.000,0,0,2,1,1,2,2,1,0.0,0.0,1.0,0.0,0.0,1.0
"G[0,2](((BGTestAvgNumMeter <= 7.494 | TSH >= 1.911) | HbA1cImputeDtMnC <= 2.217) & Pt_A1cGoalLevelDsYr5 <= 2.845)
",9999999.000,9999999.000,0.000,1.000,0.000,0,0,2,1,1,2,2,1,0.0,0.0,1.0,0.0,0.0,1.0
"G[2,2]((BldPrDia <= 75.903 & HeightCm <= 135.906) & Pt_SHFlg >= 129.811)
",-129.811,-129.811,0.000,1.000,0.000,0,0,3,0,0,3,3,0,0.0,0.0,1.0,0.0,0.0,1.0
"G[0,2](bmiZscore <= 0.768 -> HbA1cImputeDtMnC <= 63.735)
",9999999.000,9999999.000,0.000,1.000,0.000,0,0,2,1,1,2,2,1,0.0,0.0,1.0,0.0,0.0,1.0
"G[0,2](bmiZscore <= 0.768 & HDL <= 35.005)
",9999999.000,9999999.000,0.000,1.000,0.000,0,0,1,2,2,1,1,2,0.0,0.0,1.0,0.0,0.0,1.0
"G[2,2](AlbCreatRat_mggNew >= 13.862 | TotChol >= 24.683)
",-7803677141794827.000,-13.862,0.000,1.000,0.000,0,0,3,0,0,3,3,0,0.0,0.0,1.0,0.0,0.0,1.0
"G[0,2](AlbCreatRat_mggNew >= 1.006 & Triglyc >= 14.617)
",9999999.000,9999999.000,0.000,1.000,0.000,0,0,0,3,3,0,0,3,0.0,0.0,0.0,0.0,0.0,1.0
"G[1,2]((Pt_A1cGoalLev >= 0.203 -> WeightKg >= 33.280) & BGTestAvgNumMeter <= 40.224)
",9999999.000,9999999.000,0.000,1.000,0.000,0,0,2,1,1,2,2,1,0.0,0.0,1.0,0.0,0.0,1.0
"G[0,2](((BldPrDia <= 74.635 | Pt_A1cGoalLev >= 0.917) -> Pt_MotherT1D <= 5.319) & Pt_FatherT1D >= 0.462)
",9999999.000,9999999.000,0.000,1.000,0.000,0,0,1,2,2,1,1,2,0.0,0.0,1.0,0.0,0.0,1.0
"G[0,2](Triglyc <= 24.370 | UnitsInsBasalOrLongAct <= 8.815)
",9999999.000,9999999.000,0.000,1.000,0.000,0,0,3,0,0,3,3,0,0.0,0.0,1.0,0.0,0.0,1.0
"G[2,2](((HbA1cImputeDtMnC >= 25.205 & SMBGperDayPtMeterCombo <= 4.503) -> NumPumpBolusOrShortAct >= 3.582) & Pt_A1cGoalLev >= 3.985)
",-8974169911449253.000,-3.985,0.000,1.000,0.000,0,0,3,0,0,3,3,0,0.0,0.0,1.0,0.0,0.0,1.0
"G[2,2](((LDL <= 15.278 & NumPumpBolusOrShortAct >= 1.391) & Pt_A1cGoalLevelDsYr5 >= 1.493) -> BUN >= 0.607)
",0.607,0.607,0.000,1.000,0.000,0,0,3,0,0,3,3,0,0.0,0.0,1.0,0.0,0.0,1.0
"G[0,0](((NumPumpBolusOrShortAct >= 0.613 -> Pt_A1cGoalLev <= 6.039) -> AutonomicNeuroCl >= 0.870) & WeightKg >= 0.705)
",-30.157,-8.530,0.000,1.000,0.000,0,0,0,3,3,0,0,3,0.0,0.0,0.0,0.0,0.0,1.0
"G[0,2](((HeightCm <= 141.708 -> Pt_A1cGoalLev <= 6.984) & AutonomicNeuroCl >= 1.058) & Pt_GrandchildT1D >= 0.172)
",9999999.000,9999999.000,0.000,1.000,0.000,0,0,0,3,3,0,0,3,0.0,0.0,0.0,0.0,0.0,1.0
"G[0,2](TotChol <= 104.207 & TSH <= 3.878)
",9999999.000,9999999.000,0.000,1.000,0.000,0,0,1,2,2,1,1,2,0.0,0.0,1.0,0.0,0.0,1.0
"G[1,2](((HbA1c <= 9.990 & LDL <= 84.738) & Pt_CGMUseNumDays <= 72.845) & Pt_SiblingT1D >= 6.265)
",9999999.000,9999999.000,0.000,1.000,0.000,0,0,0,3,3,0,0,3,0.0,0.0,0.0,0.0,0.0,1.0
