Rule,Discrimination Score,Pos Robustness,Neg Robustness,Percent Class +,Percent Class -,TP,TN,FP,FN,Actual Yes,Actual No,Predicted Yes,Predicted No,TPR/Sens,TNR/Spec,FPR,Precision,Accuracy,MCR
"((HbA1cImputeDtMnC <= 29.015) U[0,1] (WeightKg <= 69.007))
",-9999999.000,-9999999.000,0.000,0.000,1.000,2,0,0,1,3,0,2,1,0.6666666666666666,0,0,1.0,0.8,0.19999999999999996
"F[0,0](Pt_GrandchildT1D >= 0.000 -> HDL <= 37.123)
",-1.000,-18.561,0.000,0.000,1.000,2,0,0,1,3,0,2,1,0.6666666666666666,0,0,1.0,0.8,0.19999999999999996
"F[0,1]((BGTestAvgNumPtRep <= 5.266 & bmiZscore <= 0.416) & WeightKg <= 0.604)
",-9999999.000,-9999999.000,0.000,0.000,1.000,2,0,0,1,3,0,2,1,0.6666666666666666,0,0,1.0,0.8,0.19999999999999996
"F[0,0]((AutonomicNeuroCl >= 0.000 & HeightCm <= 149.044) | diagAgeCombo >= 76.792)
",22.556,10.150,0.000,0.000,1.000,2,0,0,1,3,0,2,1,0.6666666666666666,0,0,1.0,0.8,0.19999999999999996
"((HeightCm <= 146.634) U[1,2] (TSH <= 1.263))
",-9999999.000,-9999999.000,0.000,0.000,1.000,2,0,0,1,3,0,2,1,0.6666666666666666,0,0,1.0,0.8,0.19999999999999996
"((LDL <= 80.236) U[1,1] (Pt_SiblingT1D <= 0.600))
",80.236,80.236,0.000,0.000,1.000,2,0,0,1,3,0,2,1,0.6666666666666666,0,0,1.0,0.8,0.19999999999999996
"F[0,1]((bmiPerc >= 0.364 & TotalDailyInsPerKg >= 0.285) & Triglyc <= 0.839)
",-9999999.000,-9999999.000,0.000,0.000,1.000,2,0,0,1,3,0,2,1,0.6666666666666666,0,0,1.0,0.8,0.19999999999999996
"F[0,1]((AutonomicNeuroCl >= 0.000 & UnitsInsBasalOrLongAct >= 1.816) & Pt_InsGov >= 11.007)
",-9999999.000,-9999999.000,0.000,0.000,1.000,2,0,0,1,3,0,2,1,0.6666666666666666,0,0,1.0,0.8,0.19999999999999996
"F[0,0](((GFR >= 0.000 -> AlbCreatRat_mggNew <= 11.269) | LDL <= 15.394) & Pt_A1cGoalLevelDsYr5 <= 13.097)
",13.097,13.097,0.000,0.000,1.000,2,0,0,1,3,0,2,1,0.6666666666666666,0,0,1.0,0.8,0.19999999999999996
"F[0,1]((WeightKg >= 2.329 -> bmi <= 21.553) | BGTestAvgNumMeter >= 16.085)
",-9999999.000,-9999999.000,0.000,0.000,1.000,2,0,0,1,3,0,2,1,0.6666666666666666,0,0,1.0,0.8,0.19999999999999996
"F[0,1](((AlbCreatRat_mggNew >= 8.902 -> BldPrDia <= 75.223) -> Pt_A1cGoalLevelDsYr5 <= 74.927) -> Pt_SHFlg >= 72.842)
",-9999999.000,-9999999.000,0.000,0.000,1.000,2,0,0,1,3,0,2,1,0.6666666666666666,0,0,1.0,0.8,0.19999999999999996
"F[1,1](bmi < 25.323 & Pt_SHFlg = 0.000)
",0.000,0.000,0.000,0.000,1.000,2,0,0,1,3,0,2,1,0.6666666666666666,0,0,1.0,0.8,0.19999999999999996
"F[0,0](((TotChol >= 49.315 & HDL <= 45.877) | GFR <= 42.445) -> UnitsInsBasalOrLongAct >= 5.929)
",-218.835,-42.499,0.000,0.000,1.000,2,0,0,1,3,0,2,1,0.6666666666666666,0,0,1.0,0.8,0.19999999999999996
"F[1,1]((BGTestAvgNumPtRep <= 7.537 | NumPumpBolusOrShortAct >= 2.332) -> AutonomicNeuroCl >= 4.913)
",-7.537,-7.537,0.000,0.000,1.000,2,0,0,1,3,0,2,1,0.6666666666666666,0,0,1.0,0.8,0.19999999999999996
"F[0,0](Triglyc >= 14.781 -> WeightKg <= 69.597)
",-2.698,-107.408,0.000,0.000,1.000,2,0,0,1,3,0,2,1,0.6666666666666666,0,0,1.0,0.8,0.19999999999999996
"F[0,1]((HeightCm <= 145.566 -> Triglyc >= 16.583) & LDL <= 74.269)
",-9999999.000,-9999999.000,0.000,0.000,1.000,1,0,0,2,3,0,1,2,0.3333333333333333,0,0,1.0,0.4,0.6
"F[1,1]((Pt_GrandparentT1D <= 0.000 -> NumPumpBolusOrShortAct >= 3.260) | LDL >= 0.963)
",0.000,0.000,0.000,0.000,1.000,1,0,0,2,3,0,1,2,0.3333333333333333,0,0,1.0,0.4,0.6
"F[0,1]((Pt_MotherT1D >= 0.000 | Pt_GrandparentT1D >= 0.000) & LDL <= 0.000)
",-9999999.000,-9999999.000,0.000,0.000,1.000,1,0,0,2,3,0,1,2,0.3333333333333333,0,0,1.0,0.4,0.6
"F[0,1](bmi <= 21.448 | TotalDailyInsPerKg <= 0.722)
",-9999999.000,-9999999.000,0.000,0.000,1.000,1,0,0,2,3,0,1,2,0.3333333333333333,0,0,1.0,0.4,0.6
"F[0,0](Pt_DKAFlg >= 0.000 & diabDur <= 20.737)
",-1.000,-0.132,0.000,0.000,1.000,1,0,0,2,3,0,1,2,0.3333333333333333,0,0,1.0,0.4,0.6
"F[0,0]((TSH <= 1.331 & Triglyc >= 51.602) -> TSH >= 25.106)
",1.060,11.887,0.000,0.000,1.000,1,0,0,2,3,0,1,2,0.3333333333333333,0,0,1.0,0.4,0.6
"((HeightCm <= 171.384) U[1,2] (Pt_CGMUseNumDays >= 2.068))
",-9999999.000,-9999999.000,0.000,0.000,1.000,1,0,0,2,3,0,1,2,0.3333333333333333,0,0,1.0,0.4,0.6
"F[0,1](diabDur >= 18.173 & TotChol <= 135.950)
",-9999999.000,-9999999.000,0.000,0.000,1.000,1,0,0,2,3,0,1,2,0.3333333333333333,0,0,1.0,0.4,0.6
"F[0,0](SMBGperDayPtMeterCombo >= 4.739 | NumPumpBolusOrShortAct <= 12.986)
",12.320,67.761,0.000,0.000,1.000,1,0,0,2,3,0,1,2,0.3333333333333333,0,0,1.0,0.4,0.6
"F[0,1]((HbA1c <= 10.586 -> SMBGperDayPtMeterCombo <= 10.350) -> bmi <= 13.002)
",-9999999.000,-9999999.000,0.000,0.000,1.000,1,0,0,2,3,0,1,2,0.3333333333333333,0,0,1.0,0.4,0.6
"F[0,0]((BGTestAvgNumPtRep <= 7.935 -> UnitsInsBasalOrLongAct >= 12.670) | BGTestAvgNumPtRep >= 12.477)
",-5.935,-5.935,0.000,0.000,1.000,1,0,0,2,3,0,1,2,0.3333333333333333,0,0,1.0,0.4,0.6
"((TSH >= 0.337) U[1,2] (WeightKg >= 29.034))
",-9999999.000,-9999999.000,0.000,0.000,1.000,1,0,0,2,3,0,1,2,0.3333333333333333,0,0,1.0,0.4,0.6
"F[0,0](((HeightCm >= 83.102 | TotalDailyInsPerKg <= 0.758) -> BGTestAvgNumMeter >= 0.499) | bmiPerc <= 0.815)
",-25.910,-25.511,0.000,0.000,1.000,1,0,0,2,3,0,1,2,0.3333333333333333,0,0,1.0,0.4,0.6
"((bmi >= 12.236) U[0,0] (diabDur <= 20.145))
",-0.709,-0.355,0.000,0.000,1.000,1,0,0,2,3,0,1,2,0.3333333333333333,0,0,1.0,0.4,0.6
"F[1,1]((diabDur >= 17.466 -> HDL <= 34.584) | Pt_SiblingT1D >= 6.700)
",-6.700,-6.700,0.000,0.000,1.000,1,0,0,2,3,0,1,2,0.3333333333333333,0,0,1.0,0.4,0.6
"F[0,1]((BGTestAvgNumMeter >= 3.829 | TotalDailyInsPerKg <= 0.750) & bmiZscore >= 0.513)
",-9999999.000,-9999999.000,0.000,0.000,1.000,1,0,0,2,3,0,1,2,0.3333333333333333,0,0,1.0,0.4,0.6
"((BldPrSys >= 123.102) U[1,2] (WeightKg >= 45.978))
",-9999999.000,-9999999.000,0.000,0.000,1.000,1,0,0,2,3,0,1,2,0.3333333333333333,0,0,1.0,0.4,0.6
"((LDL >= 42.476) U[0,1] (Pt_CGMUseNumDays >= 1.794))
",-9999999.000,-9999999.000,0.000,0.000,1.000,1,0,0,2,3,0,1,2,0.3333333333333333,0,0,1.0,0.4,0.6
"F[0,1](LDL <= 85.922 & diagAgeCombo >= 0.000)
",-9999999.000,-9999999.000,0.000,0.000,1.000,1,0,0,2,3,0,1,2,0.3333333333333333,0,0,1.0,0.4,0.6
"F[0,0](((BldPrSys <= 138.536 -> SMBGperDayPtMeterCombo <= 11.295) | UnitsInsBasalOrLongAct >= 5.893) & HbA1cImputeDtMnC >= 4.006)
",0.632,3.451,0.000,0.000,1.000,1,0,0,2,3,0,1,2,0.3333333333333333,0,0,1.0,0.4,0.6
"((BldPrDia >= 68.184) U[0,0] (bmiZscore >= -0.156))
",10.239,56.316,0.000,0.000,1.000,1,0,0,2,3,0,1,2,0.3333333333333333,0,0,1.0,0.4,0.6
"((AlbCreatRat_mggNew <= 16.675) U[1,2] (Pt_SiblingT1D >= 0.235))
",-9999999.000,-9999999.000,0.000,0.000,1.000,1,0,0,2,3,0,1,2,0.3333333333333333,0,0,1.0,0.4,0.6
"F[0,0](((Pt_CGMUseNumDays <= 8.615 | Pt_SiblingT1D <= 0.583) & diabDur >= 0.251) -> Triglyc >= 0.390)
",-1.007,-81.097,0.000,0.000,1.000,1,0,0,2,3,0,1,2,0.3333333333333333,0,0,1.0,0.4,0.6
"F[0,0](bmi <= 24.688 | Pt_SiblingT1D >= 0.017)
",24.688,24.688,0.000,0.000,1.000,1,0,0,2,3,0,1,2,0.3333333333333333,0,0,1.0,0.4,0.6
"((HbA1c <= 10.312) U[0,0] (NumPumpBolusOrShortAct <= 8.320))
",321.717,9.652,0.000,0.000,1.000,1,0,0,2,3,0,1,2,0.3333333333333333,0,0,1.0,0.4,0.6
"F[0,0]((BldPrSys <= 133.768 -> TSH <= 0.780) -> bmiZscore >= 0.487)
",0.306,0.114,0.000,0.000,1.000,1,0,0,2,3,0,1,2,0.3333333333333333,0,0,1.0,0.4,0.6
"F[0,1](BldPrSys >= 122.856 & HDL >= 5.316)
",-9999999.000,-9999999.000,0.000,0.000,1.000,1,0,0,2,3,0,1,2,0.3333333333333333,0,0,1.0,0.4,0.6
"F[1,1](age <= 20.512 | Pt_A1cGoalLev >= 0.139)
",20.512,20.512,0.000,0.000,1.000,1,0,0,2,3,0,1,2,0.3333333333333333,0,0,1.0,0.4,0.6
"((LDL <= 109.186) U[0,1] (UnitsInsBasalOrLongAct >= 6.901))
",-9999999.000,-9999999.000,0.000,0.000,1.000,1,0,0,2,3,0,1,2,0.3333333333333333,0,0,1.0,0.4,0.6
"((BGTestAvgNumMeter >= 1.393) U[1,1] (BGTestAvgNumPtRep <= 4.730))
",4.730,4.730,0.000,0.000,1.000,1,0,0,2,3,0,1,2,0.3333333333333333,0,0,1.0,0.4,0.6
"((HeightCm <= 146.524) U[0,0] (bmi >= 20.513))
",21.570,61.474,0.000,0.000,1.000,1,0,0,2,3,0,1,2,0.3333333333333333,0,0,1.0,0.4,0.6
"F[0,0](Pt_DKAFlg >= 0.000 & TotalDailyInsPerKg <= 0.781)
",-37.437,-18.719,0.000,0.000,1.000,1,0,0,2,3,0,1,2,0.3333333333333333,0,0,1.0,0.4,0.6
"F[1,1](AlbCreatRat_mggNew > 5.871 & Pt_SHFlg = 0.000)
",-5.871,-5.871,0.000,0.000,1.000,1,0,0,2,3,0,1,2,0.3333333333333333,0,0,1.0,0.4,0.6
"((TSH >= 0.379) U[1,1] (Pt_SHFlg = 0.000))
",0.000,0.000,0.000,0.000,1.000,1,0,0,2,3,0,1,2,0.3333333333333333,0,0,1.0,0.4,0.6
"((BGTestAvgNumPtRep >= 3.999) U[1,2] (Pt_A1cGoalLevelDsYr5 >= 0.000))
",-9999999.000,-9999999.000,0.000,0.000,1.000,1,0,0,2,3,0,1,2,0.3333333333333333,0,0,1.0,0.4,0.6
"((AlbCreatRat_mggNew <= 17.422) U[1,1] (Pt_SHFlg = 0.000))
",17.422,17.422,0.000,0.000,1.000,1,0,0,2,3,0,1,2,0.3333333333333333,0,0,1.0,0.4,0.6
"F[1,1]((Pt_MotherT1D >= 0.000 | AlbCreatRat_mggNew >= 6.513) & Triglyc >= 9.608)
",-9.608,-9.608,0.000,0.000,1.000,1,0,0,2,3,0,1,2,0.3333333333333333,0,0,1.0,0.4,0.6
"((BGTestAvgNumMeter >= 0.228) U[1,1] (BGTestAvgNumPtRep <= 7.483))
",7.483,7.483,0.000,0.000,1.000,1,0,0,2,3,0,1,2,0.3333333333333333,0,0,1.0,0.4,0.6
"((Pt_MotherT1D >= 0.000) U[0,0] (age <= 20.881))
",20.881,20.881,0.000,0.000,1.000,1,0,0,2,3,0,1,2,0.3333333333333333,0,0,1.0,0.4,0.6
"((Pt_CGMUseNumDays >= 3.498) U[1,2] (bmiPerc <= 0.661))
",-9999999.000,-9999999.000,0.000,0.000,1.000,1,0,0,2,3,0,1,2,0.3333333333333333,0,0,1.0,0.4,0.6
"F[0,0]((Pt_GrandchildT1D >= 0.000 -> TotChol <= 165.567) | AlbCreatRat_mggNew >= 69.815)
",-69.815,-69.815,0.000,0.000,1.000,1,0,0,2,3,0,1,2,0.3333333333333333,0,0,1.0,0.4,0.6
"F[1,2](((Pt_SHFlg >= 0.000 | TotalDailyInsPerKg >= 0.401) -> Pt_MotherT1D >= 0.599) & Pt_DKAFlg <= 0.823)
",-9999999.000,-9999999.000,0.000,0.000,1.000,0,0,0,3,3,0,0,3,0.0,0,0,0.0,0.0,1.0
"F[0,2](((AlbCreatRat_mggNew >= 7.890 | UnitsInsBasalOrLongAct <= 30.910) & BGTestAvgNumMeter <= 28.232) | age >= 12.595)
",-9999999.000,-9999999.000,0.000,0.000,1.000,0,0,0,3,3,0,0,3,0.0,0,0,0.0,0.0,1.0
"F[0,2]((age >= 19.665 | HbA1c <= 10.468) -> TotChol <= 9.699)
",-9999999.000,-9999999.000,0.000,0.000,1.000,0,0,0,3,3,0,0,3,0.0,0,0,0.0,0.0,1.0
"F[1,2](((Pt_A1cGoalLev <= 4.706 -> WeightKg >= 55.112) | TSH >= 17.609) & Pt_A1cGoalLev >= 13.647)
",-9999999.000,-9999999.000,0.000,0.000,1.000,0,0,0,3,3,0,0,3,0.0,0,0,0.0,0.0,1.0
"F[1,2]((HbA1c >= 9.231 -> TotChol >= 33.956) | Pt_FatherT1D <= 158.355)
",-9999999.000,-9999999.000,0.000,0.000,1.000,0,0,0,3,3,0,0,3,0.0,0,0,0.0,0.0,1.0
"F[0,0](BldPrDia <= 77.879 | HeightCm <= 152.994)
",23.840,67.944,0.000,0.000,1.000,0,0,0,3,3,0,0,3,0.0,0,0,0.0,0.0,1.0
"F[0,1](((HDL >= 13.668 -> UnitsInsBasalOrLongAct <= 23.669) -> HbA1c >= 13.744) -> age >= 1.408)
",-9999999.000,-9999999.000,0.000,0.000,1.000,0,0,0,3,3,0,0,3,0.0,0,0,0.0,0.0,1.0
"F[0,1](((BldPrSys >= 126.467 | Triglyc >= 13.098) & AlbCreatRat_mggNew >= 44.482) -> diagAgeCombo <= 137.155)
",-9999999.000,-9999999.000,0.000,0.000,1.000,0,0,0,3,3,0,0,3,0.0,0,0,0.0,0.0,1.0
"((BGTestAvgNumPtRep <= 6.957) U[0,2] (WeightKg <= 85.762))
",-9999999.000,-9999999.000,0.000,0.000,1.000,0,0,0,3,3,0,0,3,0.0,0,0,0.0,0.0,1.0
"F[0,2](((BGTestAvgNumPtRep >= 3.660 & bmi >= 17.808) | Pt_CGMUseNumDays <= 25.303) | Pt_CGMUseNumDays <= 25.549)
",-9999999.000,-9999999.000,0.000,0.000,1.000,0,0,0,3,3,0,0,3,0.0,0,0,0.0,0.0,1.0
"((BldPrDia <= 78.583) U[1,2] (HDL >= 22.672))
",-9999999.000,-9999999.000,0.000,0.000,1.000,0,0,0,3,3,0,0,3,0.0,0,0,0.0,0.0,1.0
"((BGTestAvgNumMeter <= 5.406) U[1,1] (HeightCm >= 65.766))
",5.406,5.406,0.000,0.000,1.000,0,0,0,3,3,0,0,3,0.0,0,0,0.0,0.0,1.0
"F[2,2](BGTestAvgNumMeter >= 2.858 | WeightKg <= 75.899)
",75.899,75.899,0.000,0.000,1.000,0,0,0,3,3,0,0,3,0.0,0,0,0.0,0.0,1.0
"F[0,1](HbA1c <= 9.757 -> Pt_CGMUseNumDays <= 15.476)
",-9999999.000,-9999999.000,0.000,0.000,1.000,0,0,0,3,3,0,0,3,0.0,0,0,0.0,0.0,1.0
"F[1,2](bmiZscore >= 0.273 -> HbA1c >= 9.238)
",-9999999.000,-9999999.000,0.000,0.000,1.000,0,0,0,3,3,0,0,3,0.0,0,0,0.0,0.0,1.0
"F[0,2]((HbA1cImputeDtMnC <= 39.076 | Pt_A1cGoalLev >= 1.362) | HDL >= 1.310)
",-9999999.000,-9999999.000,0.000,0.000,1.000,0,0,0,3,3,0,0,3,0.0,0,0,0.0,0.0,1.0
"F[0,1]((DirectLDL <= 0.000 & Pt_CGMUseNumDays <= 13.343) & diabDur >= 3.455)
",-9999999.000,-9999999.000,0.000,0.000,1.000,0,0,0,3,3,0,0,3,0.0,0,0,0.0,0.0,1.0
"F[0,2](((AlbCreatRat_mggNew >= 6.381 -> Triglyc <= 112.577) & BGTestAvgNumMeter >= 27.192) & BGTestAvgNumMeter <= 134.598)
",-9999999.000,-9999999.000,0.000,0.000,1.000,0,0,0,3,3,0,0,3,0.0,0,0,0.0,0.0,1.0
"F[2,2]((Pt_ChildT1D <= 0.000 & Pt_CGMUseNumDays >= 0.328) | Pt_CGMUseNumDays <= 9.195)
",9.195,9.195,0.000,0.000,1.000,0,0,0,3,3,0,0,3,0.0,0,0,0.0,0.0,1.0
"((BldPrDia >= 68.790) U[0,2] (Pt_CGMUseNumDays <= 14.126))
",-9999999.000,-9999999.000,0.000,0.000,1.000,0,0,0,3,3,0,0,3,0.0,0,0,0.0,0.0,1.0
"F[1,2]((BGTestAvgNumPtRep >= 2.005 & TotChol <= 142.981) & Pt_MotherT1D >= 71.674)
",-9999999.000,-9999999.000,0.000,0.000,1.000,0,0,0,3,3,0,0,3,0.0,0,0,0.0,0.0,1.0
"F[1,2](((Pt_MotherT1D >= 0.000 -> BldPrSys <= 140.271) & BldPrDia <= 130.010) & BldPrDia >= 119.083)
",-9999999.000,-9999999.000,0.000,0.000,1.000,0,0,0,3,3,0,0,3,0.0,0,0,0.0,0.0,1.0
"F[0,1](bmiPerc >= 0.449 | Pt_MotherT1D <= 0.000)
",-9999999.000,-9999999.000,0.000,0.000,1.000,0,0,0,3,3,0,0,3,0.0,0,0,0.0,0.0,1.0
"F[0,0]((Pt_ChildT1D <= 0.000 | Pt_MotherT1D <= 0.000) | BUN >= 0.000)
",1.000,43.500,0.000,0.000,1.000,0,0,0,3,3,0,0,3,0.0,0,0,0.0,0.0,1.0
"F[1,2](((BGTestAvgNumMeter >= 0.851 -> Pt_DKAFlg >= 0.000) & BldPrDia >= 0.000) & WeightKg <= 0.000)
",-9999999.000,-9999999.000,0.000,0.000,1.000,0,0,0,3,3,0,0,3,0.0,0,0,0.0,0.0,1.0
"F[1,1](HeightCm >= 130.415 | BGTestAvgNumMeter >= 0.489)
",-0.489,-0.489,0.000,0.000,1.000,0,0,0,3,3,0,0,3,0.0,0,0,0.0,0.0,1.0
"F[0,2](((Pt_CGMUseNumDays >= 1.633 & Pt_FatherT1D <= 0.000) & Pt_MotherT1D <= 0.000) & BGTestAvgNumMeter <= 0.000)
",-9999999.000,-9999999.000,0.000,0.000,1.000,0,0,0,3,3,0,0,3,0.0,0,0,0.0,0.0,1.0
"F[0,1]((Pt_CGMUseNumDays >= 0.647 -> Pt_FatherT1D <= 0.000) -> Pt_FatherT1D >= 0.000)
",-9999999.000,-9999999.000,0.000,0.000,1.000,0,0,0,3,3,0,0,3,0.0,0,0,0.0,0.0,1.0
"F[0,2](Pt_GrandparentT1D <= 0.000 -> Pt_InsGov <= 0.000)
",-9999999.000,-9999999.000,0.000,0.000,1.000,0,0,0,3,3,0,0,3,0.0,0,0,0.0,0.0,1.0
"F[0,2]((HbA1c <= 10.226 | LDL <= 83.361) -> diagAgeCombo >= 56.048)
",-9999999.000,-9999999.000,0.000,0.000,1.000,0,0,0,3,3,0,0,3,0.0,0,0,0.0,0.0,1.0
"F[0,0](((TotalDailyInsPerKg <= 0.806 | UnitsInsBasalOrLongAct >= 5.750) & BUN >= 9.679) | Pt_InsGov <= 15.688)
",15.688,15.688,0.000,0.000,1.000,0,0,0,3,3,0,0,3,0.0,0,0,0.0,0.0,1.0
"F[1,2]((Triglyc >= 29.479 & UnitsInsBasalOrLongAct <= 27.449) -> bmi >= 10.352)
",-9999999.000,-9999999.000,0.000,0.000,1.000,0,0,0,3,3,0,0,3,0.0,0,0,0.0,0.0,1.0
"F[0,2](((Pt_SiblingT1D >= 0.051 -> Pt_GrandchildT1D <= 0.000) -> Pt_A1cGoalLevelDsYr5 <= 0.000) & TotChol >= 0.000)
",-9999999.000,-9999999.000,0.000,0.000,1.000,0,0,0,3,3,0,0,3,0.0,0,0,0.0,0.0,1.0
"F[0,1](((bmiPerc >= 0.450 & diagAgeCombo <= 0.000) & diagAgeCombo >= 0.000) -> GFR <= 0.000)
",-9999999.000,-9999999.000,0.000,0.000,1.000,0,0,0,3,3,0,0,3,0.0,0,0,0.0,0.0,1.0
"F[1,2](BldPrSys >= 123.538 & bmi <= 25.387)
",-9999999.000,-9999999.000,0.000,0.000,1.000,0,0,0,3,3,0,0,3,0.0,0,0,0.0,0.0,1.0
"F[1,2](HeightCm <= 170.839 & SMBGperDayPtMeterCombo >= 4.386)
",-9999999.000,-9999999.000,0.000,0.000,1.000,0,0,0,3,3,0,0,3,0.0,0,0,0.0,0.0,1.0
"F[1,1](((HDL <= 35.322 | Pt_MotherT1D >= 0.000) & BldPrSys <= 0.000) -> BUN <= 0.000)
",0.000,0.000,0.000,0.000,1.000,0,0,0,3,3,0,0,3,0.0,0,0,0.0,0.0,1.0
"F[0,2]((BldPrSys >= 119.189 | bmiPerc <= 0.680) & BGTestAvgNumMeter <= 0.640)
",-9999999.000,-9999999.000,0.000,0.000,1.000,0,0,0,3,3,0,0,3,0.0,0,0,0.0,0.0,1.0
"F[1,1](BGTestAvgNumMeter >= 0.392 | NumPumpBolusOrShortAct <= 13.185)
",13.185,13.185,0.000,0.000,1.000,0,0,0,3,3,0,0,3,0.0,0,0,0.0,0.0,1.0
"((bmi >= 15.045) U[0,0] (SMBGperDayPtMeterCombo <= 8.258))
",-15.045,-15.045,0.000,0.000,1.000,0,0,0,3,3,0,0,3,0.0,0,0,0.0,0.0,1.0
"F[1,2](BldPrDia <= 76.538 | LDL >= 10.387)
",-9999999.000,-9999999.000,0.000,0.000,1.000,0,0,0,3,3,0,0,3,0.0,0,0,0.0,0.0,1.0
"F[1,2]((SMBGperDayPtMeterCombo >= 4.924 -> WeightKg <= 67.999) | Pt_MotherT1D >= 13.235)
",-9999999.000,-9999999.000,0.000,0.000,1.000,0,0,0,3,3,0,0,3,0.0,0,0,0.0,0.0,1.0
"F[2,2](BldPrSys >= 119.203 -> TotChol >= 57.482)
",57.482,57.482,0.000,0.000,1.000,0,0,0,3,3,0,0,3,0.0,0,0,0.0,0.0,1.0
"F[0,1](BldPrDia >= 70.841 | TotChol <= 112.126)
",-9999999.000,-9999999.000,0.000,0.000,1.000,0,0,0,3,3,0,0,3,0.0,0,0,0.0,0.0,1.0
"F[0,2]((BldPrDia >= 74.429 | Triglyc >= 8.444) | GFR >= 49.566)
",-9999999.000,-9999999.000,0.000,0.000,1.000,0,0,0,3,3,0,0,3,0.0,0,0,0.0,0.0,1.0
"F[0,2](((AlbCreatRat_mggNew >= 8.448 -> bmiZscore <= 0.580) -> AlbCreatRat_mggNew >= 0.312) & bmiPerc >= 0.205)
",-9999999.000,-9999999.000,0.000,0.000,1.000,0,0,0,3,3,0,0,3,0.0,0,0,0.0,0.0,1.0
"F[2,2](((Pt_GrandchildT1D >= 0.000 -> bmiPerc >= 0.282) | BldPrDia <= 0.511) & DirectLDL <= 0.786)
",0.511,0.511,0.000,0.000,1.000,0,0,0,3,3,0,0,3,0.0,0,0,0.0,0.0,1.0
"F[0,1](((NumPumpBolusOrShortAct <= 12.684 & Pt_SiblingT1D >= 0.227) | Pt_MotherT1D <= 0.648) -> Pt_A1cGoalLev <= 0.811)
",-9999999.000,-9999999.000,0.000,0.000,1.000,0,0,0,3,3,0,0,3,0.0,0,0,0.0,0.0,1.0
"((BGTestAvgNumMeter <= 9.279) U[1,2] (HbA1c <= 10.491))
",-9999999.000,-9999999.000,0.000,0.000,1.000,0,0,0,3,3,0,0,3,0.0,0,0,0.0,0.0,1.0
"F[1,2]((HbA1c <= 9.929 | Pt_SiblingT1D <= 0.891) | Pt_GrandparentT1D >= 0.377)
",-9999999.000,-9999999.000,0.000,0.000,1.000,0,0,0,3,3,0,0,3,0.0,0,0,0.0,0.0,1.0
"((age <= 21.531) U[1,1] (BldPrDia >= 71.536))
",21.531,21.531,0.000,0.000,1.000,0,0,0,3,3,0,0,3,0.0,0,0,0.0,0.0,1.0
"((BldPrDia >= 68.835) U[2,2] (bmi <= 22.566))
",22.566,22.566,0.000,0.000,1.000,0,0,0,3,3,0,0,3,0.0,0,0,0.0,0.0,1.0
"F[0,2]((BGTestAvgNumMeter <= 12.452 & HbA1cImputeDtMnC <= 38.149) & Pt_A1cGoalLevelDsYr5 <= 41.151)
",-9999999.000,-9999999.000,0.000,0.000,1.000,0,0,0,3,3,0,0,3,0.0,0,0,0.0,0.0,1.0
"((BldPrSys >= 125.016) U[0,2] (NumPumpBolusOrShortAct <= 7.463))
",-9999999.000,-9999999.000,0.000,0.000,1.000,0,0,0,3,3,0,0,3,0.0,0,0,0.0,0.0,1.0
"F[2,2](((BldPrDia >= 73.780 & WeightKg <= 79.227) & Pt_DKAFlg >= 41.134) | SMBGperDayPtMeterCombo <= 74.229)
",74.229,74.229,0.000,0.000,1.000,0,0,0,3,3,0,0,3,0.0,0,0,0.0,0.0,1.0
"F[2,2](((age <= 20.462 & BGTestAvgNumMeter >= 3.184) | TotChol >= 0.209) & Triglyc >= 0.263)
",-0.263,-0.263,0.000,0.000,1.000,0,0,0,3,3,0,0,3,0.0,0,0,0.0,0.0,1.0
"((bmiPerc >= 0.423) U[0,1] (BldPrSys <= 140.977))
",-9999999.000,-9999999.000,0.000,0.000,1.000,0,0,0,3,3,0,0,3,0.0,0,0,0.0,0.0,1.0
"F[0,2](((BldPrDia <= 75.905 & HbA1cImputeDtMnC >= 19.033) -> HbA1cImputeDtMnC >= 8.994) | Pt_InsGov >= 14.323)
",-9999999.000,-9999999.000,0.000,0.000,1.000,0,0,0,3,3,0,0,3,0.0,0,0,0.0,0.0,1.0
"F[0,2](((HbA1c >= 9.124 | HbA1cImputeDtMnC <= 46.629) | Pt_GrandparentT1D <= 41.026) & Pt_GrandchildT1D >= 17.842)
",-9999999.000,-9999999.000,0.000,0.000,1.000,0,0,0,3,3,0,0,3,0.0,0,0,0.0,0.0,1.0
"F[0,2]((bmiPerc >= 0.011 -> HbA1cImputeDtMnC >= 5.770) -> NumPumpBolusOrShortAct <= 38.327)
",-9999999.000,-9999999.000,0.000,0.000,1.000,0,0,0,3,3,0,0,3,0.0,0,0,0.0,0.0,1.0
"F[0,2]((HbA1c <= 9.901 -> bmi >= 12.474) & BldPrDia >= 6.082)
",-9999999.000,-9999999.000,0.000,0.000,1.000,0,0,0,3,3,0,0,3,0.0,0,0,0.0,0.0,1.0
"((Pt_GrandchildT1D <= 0.000) U[0,2] (SMBGperDayPtMeterCombo <= 12.380))
",-9999999.000,-9999999.000,0.000,0.000,1.000,0,0,0,3,3,0,0,3,0.0,0,0,0.0,0.0,1.0
"F[2,2]((AlbCreatRat_mggNew >= 8.493 -> BUN >= 0.000) & Pt_GrandparentT1D >= 0.000)
",0.000,0.000,0.000,0.000,1.000,0,0,0,3,3,0,0,3,0.0,0,0,0.0,0.0,1.0
"F[0,2](((bmiPerc >= 0.459 -> GFR >= 0.000) | DirectLDL <= 0.000) & Pt_SHFlg <= 0.000)
",-9999999.000,-9999999.000,0.000,0.000,1.000,0,0,0,3,3,0,0,3,0.0,0,0,0.0,0.0,1.0
"F[0,2]((Pt_SHFlg <= 0.000 -> Pt_GrandparentT1D <= 0.000) | WeightKg <= 0.000)
",-9999999.000,-9999999.000,0.000,0.000,1.000,0,0,0,3,3,0,0,3,0.0,0,0,0.0,0.0,1.0
"((GFR <= 0.000) U[1,2] (HDL <= 38.824))
",-9999999.000,-9999999.000,0.000,0.000,1.000,0,0,0,3,3,0,0,3,0.0,0,0,0.0,0.0,1.0
"F[0,1](GFR >= 0.000 | Pt_DKAFlg >= 0.000)
",-9999999.000,-9999999.000,0.000,0.000,1.000,0,0,0,3,3,0,0,3,0.0,0,0,0.0,0.0,1.0
"F[1,2](Pt_CGMUseNumDays <= 5.978 -> TotalDailyInsPerKg >= 0.127)
",-9999999.000,-9999999.000,0.000,0.000,1.000,0,0,0,3,3,0,0,3,0.0,0,0,0.0,0.0,1.0
"F[1,2](TotChol >= 14.842 -> diabDur >= 17.160)
",-9999999.000,-9999999.000,0.000,0.000,1.000,0,0,0,3,3,0,0,3,0.0,0,0,0.0,0.0,1.0
"F[2,2]((TSH <= 0.620 & bmiPerc <= 0.791) & BUN >= 0.336)
",-0.336,-0.336,0.000,0.000,1.000,0,0,0,3,3,0,0,3,0.0,0,0,0.0,0.0,1.0
"((HDL >= 2.497) U[0,1] (NumPumpBolusOrShortAct <= 11.162))
",-9999999.000,-9999999.000,0.000,0.000,1.000,0,0,0,3,3,0,0,3,0.0,0,0,0.0,0.0,1.0
"F[1,1](BldPrDia >= 68.205 -> Pt_InsGov >= 0.000)
",0.000,0.000,0.000,0.000,1.000,0,0,0,3,3,0,0,3,0.0,0,0,0.0,0.0,1.0
"F[0,2]((diabDur >= 17.723 & LDL >= 43.168) -> diabDur <= 116.721)
",-9999999.000,-9999999.000,0.000,0.000,1.000,0,0,0,3,3,0,0,3,0.0,0,0,0.0,0.0,1.0
"F[0,1](BldPrDia >= 74.611 | TSH >= 0.474)
",-9999999.000,-9999999.000,0.000,0.000,1.000,0,0,0,3,3,0,0,3,0.0,0,0,0.0,0.0,1.0
"((DirectLDL >= 0.000) U[2,2] (TotChol <= 104.468))
",104.468,104.468,0.000,0.000,1.000,0,0,0,3,3,0,0,3,0.0,0,0,0.0,0.0,1.0
"((HeightCm <= 172.460) U[0,2] (Pt_FatherT1D >= 0.000))
",-9999999.000,-9999999.000,0.000,0.000,1.000,0,0,0,3,3,0,0,3,0.0,0,0,0.0,0.0,1.0
"F[0,2]((BGTestAvgNumPtRep >= 3.715 & AlbCreatRat_mggNew <= 16.767) | Pt_DKAFlg >= 8.758)
",-9999999.000,-9999999.000,0.000,0.000,1.000,0,0,0,3,3,0,0,3,0.0,0,0,0.0,0.0,1.0
"F[0,2]((LDL <= 65.147 & HbA1c <= 10.258) & bmiPerc <= 10.469)
",-9999999.000,-9999999.000,0.000,0.000,1.000,0,0,0,3,3,0,0,3,0.0,0,0,0.0,0.0,1.0
"F[1,2](diabDur >= 17.016 | BGTestAvgNumPtRep >= 3.430)
",-9999999.000,-9999999.000,0.000,0.000,1.000,0,0,0,3,3,0,0,3,0.0,0,0,0.0,0.0,1.0
"F[0,1](bmi >= 17.487 | LDL >= 39.023)
",-9999999.000,-9999999.000,0.000,0.000,1.000,0,0,0,3,3,0,0,3,0.0,0,0,0.0,0.0,1.0
"F[0,1](AutonomicNeuroCl >= 0.000 -> bmi >= 12.826)
",-9999999.000,-9999999.000,0.000,0.000,1.000,0,0,0,3,3,0,0,3,0.0,0,0,0.0,0.0,1.0
"F[1,2](((LDL <= 81.524 & Pt_ChildT1D >= 0.000) | BGTestAvgNumPtRep <= 0.000) -> HbA1cImputeDtMnC >= 0.000)
",-9999999.000,-9999999.000,0.000,0.000,1.000,0,0,0,3,3,0,0,3,0.0,0,0,0.0,0.0,1.0
"F[1,2](((TotChol <= 164.372 | AlbCreatRat_mggNew <= 11.744) -> diagAgeCombo <= 15.273) & Triglyc >= 7.078)
",-9999999.000,-9999999.000,0.000,0.000,1.000,0,0,0,3,3,0,0,3,0.0,0,0,0.0,0.0,1.0
"F[1,2]((Pt_InsGov <= 0.000 -> Pt_MotherT1D <= 0.000) -> TSH <= 0.000)
",-9999999.000,-9999999.000,0.000,0.000,1.000,0,0,0,3,3,0,0,3,0.0,0,0,0.0,0.0,1.0
"F[0,2](BUN <= 0.000 | BldPrDia <= 76.451)
",-9999999.000,-9999999.000,0.000,0.000,1.000,0,0,0,3,3,0,0,3,0.0,0,0,0.0,0.0,1.0
"F[0,2](((Pt_A1cGoalLev >= 0.878 | Triglyc >= 4.380) | GFR >= 50.647) | TotChol >= 10.197)
",-9999999.000,-9999999.000,0.000,0.000,1.000,0,0,0,3,3,0,0,3,0.0,0,0,0.0,0.0,1.0
"F[0,0](Pt_CGMUseNumDays <= 18.669 | Pt_GrandparentT1D <= 0.000)
",0.000,0.000,0.000,0.000,1.000,0,0,0,3,3,0,0,3,0.0,0,0,0.0,0.0,1.0
"F[2,2](DirectLDL >= 0.000 | UnitsInsBasalOrLongAct >= 6.618)
",0.000,0.000,0.000,0.000,1.000,0,0,0,3,3,0,0,3,0.0,0,0,0.0,0.0,1.0
"F[0,2](((BldPrDia >= 70.618 | AutonomicNeuroCl <= 0.000) | TSH <= 0.000) -> LDL <= 0.000)
",-9999999.000,-9999999.000,0.000,0.000,1.000,0,0,0,3,3,0,0,3,0.0,0,0,0.0,0.0,1.0
"F[1,2](GFR <= 0.000 & TotChol <= 107.178)
",-9999999.000,-9999999.000,0.000,0.000,1.000,0,0,0,3,3,0,0,3,0.0,0,0,0.0,0.0,1.0
"F[0,1]((BGTestAvgNumPtRep >= 3.596 | Triglyc >= 34.135) -> Pt_MotherT1D <= 71.366)
",-9999999.000,-9999999.000,0.000,0.000,1.000,0,0,0,3,3,0,0,3,0.0,0,0,0.0,0.0,1.0
"F[1,1](Pt_FatherT1D <= 0.000 | Pt_CGMUseNumDays <= 7.238)
",7.238,7.238,0.000,0.000,1.000,0,0,0,3,3,0,0,3,0.0,0,0,0.0,0.0,1.0
"F[0,1](DirectLDL <= 0.000 -> BldPrSys >= 123.637)
",-9999999.000,-9999999.000,0.000,0.000,1.000,0,0,0,3,3,0,0,3,0.0,0,0,0.0,0.0,1.0
"F[0,1]((Pt_SHFlg >= 0.000 | bmi <= 21.279) & NumPumpBolusOrShortAct <= 22.379)
",-9999999.000,-9999999.000,0.000,0.000,1.000,0,0,0,3,3,0,0,3,0.0,0,0,0.0,0.0,1.0
"F[0,1](NumPumpBolusOrShortAct <= 6.200 | AutonomicNeuroCl <= 0.000)
",-9999999.000,-9999999.000,0.000,0.000,1.000,0,0,0,3,3,0,0,3,0.0,0,0,0.0,0.0,1.0
"F[1,1]((bmiZscore >= 0.016 & WeightKg >= 19.787) | BGTestAvgNumMeter >= 6.068)
",-6.068,-6.068,0.000,0.000,1.000,0,0,0,3,3,0,0,3,0.0,0,0,0.0,0.0,1.0
"F[2,2](((HbA1cImputeDtMnC >= 10.128 | Pt_CGMUseNumDays >= 3.775) | Pt_SiblingT1D >= 1.638) & AlbCreatRat_mggNew >= 0.870)
",-1.638,-1.638,0.000,0.000,1.000,0,0,0,3,3,0,0,3,0.0,0,0,0.0,0.0,1.0
"F[0,2](HDL <= 52.763 | WeightKg >= 14.255)
",-9999999.000,-9999999.000,0.000,0.000,1.000,0,0,0,3,3,0,0,3,0.0,0,0,0.0,0.0,1.0
"F[0,1](HbA1c >= 9.200 -> AutonomicNeuroCl >= 0.000)
",-9999999.000,-9999999.000,0.000,0.000,1.000,0,0,0,3,3,0,0,3,0.0,0,0,0.0,0.0,1.0
"F[0,2](((TotChol >= 18.452 | diagAgeCombo >= 0.000) | BUN >= 0.000) & Pt_SiblingT1D <= 0.000)
",-9999999.000,-9999999.000,0.000,0.000,1.000,0,0,0,3,3,0,0,3,0.0,0,0,0.0,0.0,1.0
"((SMBGperDayPtMeterCombo <= 8.753) U[0,1] (Pt_A1cGoalLev <= 6.523))
",-9999999.000,-9999999.000,0.000,0.000,1.000,0,0,0,3,3,0,0,3,0.0,0,0,0.0,0.0,1.0
"((Pt_GrandparentT1D <= 0.000) U[1,1] (Pt_A1cGoalLevelDsYr5 >= 0.000))
",0.000,0.000,0.000,0.000,1.000,0,0,0,3,3,0,0,3,0.0,0,0,0.0,0.0,1.0
"F[0,1]((Triglyc >= 13.676 | Pt_GrandparentT1D >= 0.000) -> Pt_GrandchildT1D >= 0.000)
",-9999999.000,-9999999.000,0.000,0.000,1.000,0,0,0,3,3,0,0,3,0.0,0,0,0.0,0.0,1.0
"((Pt_A1cGoalLevelDsYr5 <= 0.000) U[1,2] (Pt_InsGov <= 0.000))
",-9999999.000,-9999999.000,0.000,0.000,1.000,0,0,0,3,3,0,0,3,0.0,0,0,0.0,0.0,1.0
"F[0,1](((HbA1c <= 10.594 -> diabDur >= 17.544) | BUN >= 17.841) | TotChol <= 19.340)
",-9999999.000,-9999999.000,0.000,0.000,1.000,0,0,0,3,3,0,0,3,0.0,0,0,0.0,0.0,1.0
"F[0,1](((SMBGperDayPtMeterCombo <= 11.572 & GFR >= 0.000) | LDL <= 0.000) | bmiZscore >= 0.000)
",-9999999.000,-9999999.000,0.000,0.000,1.000,0,0,0,3,3,0,0,3,0.0,0,0,0.0,0.0,1.0
"((HDL >= 10.355) U[1,2] (SMBGperDayPtMeterCombo >= 2.158))
",-9999999.000,-9999999.000,0.000,0.000,1.000,0,0,0,3,3,0,0,3,0.0,0,0,0.0,0.0,1.0
"F[1,2](((bmi <= 25.802 | SMBGperDayPtMeterCombo >= 4.284) & AutonomicNeuroCl <= 9.069) -> SMBGperDayPtMeterCombo <= 9.810)
",-9999999.000,-9999999.000,0.000,0.000,1.000,0,0,0,3,3,0,0,3,0.0,0,0,0.0,0.0,1.0
"F[1,1]((diagAgeCombo >= 0.000 -> diagAgeCombo <= 0.000) -> BGTestAvgNumPtRep >= 0.000)
",0.000,0.000,0.000,0.000,1.000,0,0,0,3,3,0,0,3,0.0,0,0,0.0,0.0,1.0
"F[0,2](bmiZscore <= 0.899 & HbA1cImputeDtMnC >= 8.544)
",-9999999.000,-9999999.000,0.000,0.000,1.000,0,0,0,3,3,0,0,3,0.0,0,0,0.0,0.0,1.0
"F[1,1](Pt_GrandchildT1D <= 0.000 -> Pt_A1cGoalLevelDsYr5 >= 0.000)
",0.000,0.000,0.000,0.000,1.000,0,0,0,3,3,0,0,3,0.0,0,0,0.0,0.0,1.0
"F[1,1]((BGTestAvgNumPtRep >= 3.197 | UnitsInsBasalOrLongAct >= 11.216) -> GFR <= 33.668)
",-33.668,-33.668,0.000,0.000,1.000,0,0,0,3,3,0,0,3,0.0,0,0,0.0,0.0,1.0
"F[1,1](((GFR <= 0.000 | Pt_SiblingT1D <= 0.720) | age <= 0.472) | Pt_SiblingT1D <= 0.640)
",0.720,0.720,0.000,0.000,1.000,0,0,0,3,3,0,0,3,0.0,0,0,0.0,0.0,1.0
"F[1,2]((Pt_A1cGoalLev <= 6.192 & HbA1c <= 10.096) | Pt_GrandchildT1D <= 10.462)
",-9999999.000,-9999999.000,0.000,0.000,1.000,0,0,0,3,3,0,0,3,0.0,0,0,0.0,0.0,1.0
"F[1,2]((bmiPerc <= 0.805 -> Pt_A1cGoalLev <= 3.555) | bmi >= 0.288)
",-9999999.000,-9999999.000,0.000,0.000,1.000,0,0,0,3,3,0,0,3,0.0,0,0,0.0,0.0,1.0
"((Pt_SHFlg >= 0.000) U[2,2] (Pt_A1cGoalLevelDsYr5 <= 0.000))
",0.000,0.000,0.000,0.000,1.000,0,0,0,3,3,0,0,3,0.0,0,0,0.0,0.0,1.0
"((bmiZscore >= -0.134) U[0,1] (BldPrDia >= 70.250))
",-9999999.000,-9999999.000,0.000,0.000,1.000,0,0,0,3,3,0,0,3,0.0,0,0,0.0,0.0,1.0
"F[0,1](Pt_SiblingT1D <= 0.452 | DirectLDL >= 0.000)
",-9999999.000,-9999999.000,0.000,0.000,1.000,0,0,0,3,3,0,0,3,0.0,0,0,0.0,0.0,1.0
"F[1,2](Pt_MotherT1D <= 0.000 & WeightKg >= 26.959)
",-9999999.000,-9999999.000,0.000,0.000,1.000,0,0,0,3,3,0,0,3,0.0,0,0,0.0,0.0,1.0
"F[1,2](((BUN <= 0.000 & Pt_ChildT1D >= 0.000) -> HbA1cImputeDtMnC >= 0.000) & UnitsInsBasalOrLongAct >= 0.000)
",-9999999.000,-9999999.000,0.000,0.000,1.000,0,0,0,3,3,0,0,3,0.0,0,0,0.0,0.0,1.0
"F[2,2](bmi <= 22.173 -> Pt_ChildT1D <= 0.000)
",-22.173,-22.173,0.000,0.000,1.000,0,0,0,3,3,0,0,3,0.0,0,0,0.0,0.0,1.0
"F[0,2](Pt_CGMUseNumDays >= 4.035 -> Pt_A1cGoalLev <= 2.795)
",-9999999.000,-9999999.000,0.000,0.000,1.000,0,0,0,3,3,0,0,3,0.0,0,0,0.0,0.0,1.0
"F[1,2](HbA1c >= 9.102 -> Pt_A1cGoalLevelDsYr5 = 0.000)
",-9999999.000,-9999999.000,0.000,0.000,1.000,0,0,0,3,3,0,0,3,0.0,0,0,0.0,0.0,1.0
"F[1,2](Pt_A1cGoalLev <= 4.476 & WeightKg <= 69.273)
",-9999999.000,-9999999.000,0.000,0.000,1.000,0,0,0,3,3,0,0,3,0.0,0,0,0.0,0.0,1.0
"F[0,2](bmiPerc <= 0.681 & HbA1cImputeDtMnC <= 40.104)
",-9999999.000,-9999999.000,0.000,0.000,1.000,0,0,0,3,3,0,0,3,0.0,0,0,0.0,0.0,1.0
"F[1,1](age >= 18.439 -> LDL <= 100.466)
",-100.466,-100.466,0.000,0.000,1.000,0,0,0,3,3,0,0,3,0.0,0,0,0.0,0.0,1.0
"F[2,2](((HbA1cImputeDtMnC <= 41.102 & TSH >= 0.558) -> diabDur <= 0.609) | HDL >= 0.271)
",-0.271,-0.271,0.000,0.000,1.000,0,0,0,3,3,0,0,3,0.0,0,0,0.0,0.0,1.0
"F[1,2]((HeightCm >= 88.844 | TotalDailyInsPerKg <= 0.819) -> Pt_A1cGoalLevelDsYr5 <= 0.668)
",-9999999.000,-9999999.000,0.000,0.000,1.000,0,0,0,3,3,0,0,3,0.0,0,0,0.0,0.0,1.0
"((HDL <= 50.622) U[0,1] (LDL >= 3.833))
",-9999999.000,-9999999.000,0.000,0.000,1.000,0,0,0,3,3,0,0,3,0.0,0,0,0.0,0.0,1.0
"F[2,2](((bmiPerc >= 0.254 -> LDL >= 48.559) -> AlbCreatRat_mggNew <= 87.329) & AlbCreatRat_mggNew >= 7.135)
",-87.329,-87.329,0.000,0.000,1.000,0,0,0,3,3,0,0,3,0.0,0,0,0.0,0.0,1.0
"((HDL <= 53.639) U[2,2] (TotChol <= 120.239))
",120.239,120.239,0.000,0.000,1.000,0,0,0,3,3,0,0,3,0.0,0,0,0.0,0.0,1.0
"F[2,2]((age >= 19.890 | diabDur <= 21.034) | Pt_FatherT1D <= 21.835)
",21.835,21.835,0.000,0.000,1.000,0,0,0,3,3,0,0,3,0.0,0,0,0.0,0.0,1.0
"F[0,2](diabDur <= 19.329 & HbA1cImputeDtMnC >= 8.114)
",-9999999.000,-9999999.000,0.000,0.000,1.000,0,0,0,3,3,0,0,3,0.0,0,0,0.0,0.0,1.0
"F[1,1](bmi <= 24.221 -> HeightCm >= 9.183)
",-24.221,-24.221,0.000,0.000,1.000,0,0,0,3,3,0,0,3,0.0,0,0,0.0,0.0,1.0
"((BUN >= 0.000) U[1,2] (Pt_SHFlg = 0.000))
",-9999999.000,-9999999.000,0.000,0.000,1.000,0,0,0,3,3,0,0,3,0.0,0,0,0.0,0.0,1.0
"F[0,1](bmiPerc >= 0.299 -> Pt_SHFlg = 0.000)
",-9999999.000,-9999999.000,0.000,0.000,1.000,0,0,0,3,3,0,0,3,0.0,0,0,0.0,0.0,1.0
"F[2,2](diabDur > 18.762 & Pt_SHFlg = 0.000)
",-18.762,-18.762,0.000,0.000,1.000,0,0,0,3,3,0,0,3,0.0,0,0,0.0,0.0,1.0
"F[1,1](BGTestAvgNumPtRep <= 6.694 & Pt_SHFlg = 0.000)
",0.000,0.000,0.000,0.000,1.000,0,0,0,3,3,0,0,3,0.0,0,0,0.0,0.0,1.0
"F[0,2](diabDur > 19.104 -> Pt_SHFlg = 0.000)
",-9999999.000,-9999999.000,0.000,0.000,1.000,0,0,0,3,3,0,0,3,0.0,0,0,0.0,0.0,1.0
"F[1,2](HeightCm > 66.201 & Pt_SHFlg = 0.000)
",-9999999.000,-9999999.000,0.000,0.000,1.000,0,0,0,3,3,0,0,3,0.0,0,0,0.0,0.0,1.0
"((age >= 18.416) U[0,2] (TSH <= 1.461))
",-9999999.000,-9999999.000,0.000,0.000,1.000,0,0,0,3,3,0,0,3,0.0,0,0,0.0,0.0,1.0
"F[0,2](diabDur <= 21.279 | LDL <= 96.319)
",-9999999.000,-9999999.000,0.000,0.000,1.000,0,0,0,3,3,0,0,3,0.0,0,0,0.0,0.0,1.0
"F[0,1](HbA1c >= 9.584 -> Pt_SHFlg = 0.000)
",-9999999.000,-9999999.000,0.000,0.000,1.000,0,0,0,3,3,0,0,3,0.0,0,0,0.0,0.0,1.0
"((Pt_SiblingT1D >= 0.396) U[0,1] (SMBGperDayPtMeterCombo <= 8.427))
",-9999999.000,-9999999.000,0.000,0.000,1.000,0,0,0,3,3,0,0,3,0.0,0,0,0.0,0.0,1.0
"F[0,2](HbA1c >= 9.615 -> WeightKg <= 77.120)
",-9999999.000,-9999999.000,0.000,0.000,1.000,0,0,0,3,3,0,0,3,0.0,0,0,0.0,0.0,1.0
"((bmiZscore <= 0.514) U[0,2] (TSH <= 0.806))
",-9999999.000,-9999999.000,0.000,0.000,1.000,0,0,0,3,3,0,0,3,0.0,0,0,0.0,0.0,1.0
"F[1,2](((TotChol >= 71.449 & Triglyc <= 142.187) -> TotChol <= 157.002) -> TSH >= 13.299)
",-9999999.000,-9999999.000,0.000,0.000,1.000,0,0,0,3,3,0,0,3,0.0,0,0,0.0,0.0,1.0
"F[2,2](diabDur >= 18.199 & Pt_SiblingT1D <= 0.485)
",-18.199,-18.199,0.000,0.000,1.000,0,0,0,3,3,0,0,3,0.0,0,0,0.0,0.0,1.0
"F[1,2]((age <= 21.290 -> HDL <= 32.840) -> TSH <= 39.238)
",-9999999.000,-9999999.000,0.000,0.000,1.000,0,0,0,3,3,0,0,3,0.0,0,0,0.0,0.0,1.0
"F[0,2]((BGTestAvgNumPtRep <= 4.995 | BldPrSys >= 127.366) | SMBGperDayPtMeterCombo <= 138.773)
",-9999999.000,-9999999.000,0.000,0.000,1.000,0,0,0,3,3,0,0,3,0.0,0,0,0.0,0.0,1.0
"((Pt_SiblingT1D >= 0.149) U[0,1] (TSH <= 1.128))
",-9999999.000,-9999999.000,0.000,0.000,1.000,0,0,0,3,3,0,0,3,0.0,0,0,0.0,0.0,1.0
"F[1,1]((bmi >= 12.048 & TSH <= 1.006) -> BldPrDia >= 0.441)
",0.441,0.441,0.000,0.000,1.000,0,0,0,3,3,0,0,3,0.0,0,0,0.0,0.0,1.0
"F[0,2](HbA1cImputeDtMnC <= 44.760 | Pt_SiblingT1D >= 0.255)
",-9999999.000,-9999999.000,0.000,0.000,1.000,0,0,0,3,3,0,0,3,0.0,0,0,0.0,0.0,1.0
"F[0,2](((Pt_A1cGoalLev >= 1.345 | Triglyc >= 48.019) | Pt_A1cGoalLevelDsYr5 >= 51.396) | bmiPerc <= 119.102)
",-9999999.000,-9999999.000,0.000,0.000,1.000,0,0,0,3,3,0,0,3,0.0,0,0,0.0,0.0,1.0
"((bmiZscore <= 0.352) U[0,1] (SMBGperDayPtMeterCombo <= 9.747))
",-9999999.000,-9999999.000,0.000,0.000,1.000,0,0,0,3,3,0,0,3,0.0,0,0,0.0,0.0,1.0
"F[1,2](((bmiPerc >= 0.234 & diabDur >= 18.260) | bmi >= 17.285) -> Pt_GrandparentT1D <= 21.880)
",-9999999.000,-9999999.000,0.000,0.000,1.000,0,0,0,3,3,0,0,3,0.0,0,0,0.0,0.0,1.0
"F[1,2]((Pt_A1cGoalLev <= 4.469 | SMBGperDayPtMeterCombo >= 4.323) -> Pt_A1cGoalLevelDsYr5 <= 13.431)
",-9999999.000,-9999999.000,0.000,0.000,1.000,0,0,0,3,3,0,0,3,0.0,0,0,0.0,0.0,1.0
"F[1,2](((Pt_CGMUseNumDays >= 3.730 -> SMBGperDayPtMeterCombo <= 6.874) | diabDur <= 11.728) | GFR >= 3.404)
",-9999999.000,-9999999.000,0.000,0.000,1.000,0,0,0,3,3,0,0,3,0.0,0,0,0.0,0.0,1.0
"F[0,1](((age >= 18.019 | bmiPerc >= 0.360) -> NumPumpBolusOrShortAct >= 0.332) | WeightKg >= 0.210)
",-9999999.000,-9999999.000,0.000,0.000,1.000,0,0,0,3,3,0,0,3,0.0,0,0,0.0,0.0,1.0
"((Pt_A1cGoalLevelDsYr5 >= 0.000) U[0,2] (Pt_SHFlg = 0.000))
",-9999999.000,-9999999.000,0.000,0.000,1.000,0,0,0,3,3,0,0,3,0.0,0,0,0.0,0.0,1.0
"((diagAgeCombo >= 0.000) U[2,2] (Pt_SHFlg = 0.000))
",0.000,0.000,0.000,0.000,1.000,0,0,0,3,3,0,0,3,0.0,0,0,0.0,0.0,1.0
"((Pt_CGMUseNumDays <= 14.721) U[1,2] (WeightKg <= 73.720))
",-9999999.000,-9999999.000,0.000,0.000,1.000,0,0,0,3,3,0,0,3,0.0,0,0,0.0,0.0,1.0
"((HbA1c > 9.384) U[1,2] (Pt_SHFlg = 0.000))
",-9999999.000,-9999999.000,0.000,0.000,1.000,0,0,0,3,3,0,0,3,0.0,0,0,0.0,0.0,1.0
"((BGTestAvgNumMeter >= 0.973) U[2,2] (BGTestAvgNumPtRep <= 5.130))
",5.130,5.130,0.000,0.000,1.000,0,0,0,3,3,0,0,3,0.0,0,0,0.0,0.0,1.0
"F[0,2](HbA1c >= 9.383 -> Pt_A1cGoalLevelDsYr5 = 0.000)
",-9999999.000,-9999999.000,0.000,0.000,1.000,0,0,0,3,3,0,0,3,0.0,0,0,0.0,0.0,1.0
"((BGTestAvgNumMeter >= 3.670) U[0,2] (BGTestAvgNumPtRep <= 6.436))
",-9999999.000,-9999999.000,0.000,0.000,1.000,0,0,0,3,3,0,0,3,0.0,0,0,0.0,0.0,1.0
"F[0,0](HbA1c >= 8.908 -> Pt_A1cGoalLevelDsYr5 = 0.000)
",0.000,0.000,0.000,0.000,1.000,0,0,0,3,3,0,0,3,0.0,0,0,0.0,0.0,1.0
"((BGTestAvgNumMeter >= 4.219) U[0,2] (BGTestAvgNumPtRep <= 7.025))
",-9999999.000,-9999999.000,0.000,0.000,1.000,0,0,0,3,3,0,0,3,0.0,0,0,0.0,0.0,1.0
"F[1,1](HbA1c >= 9.525 -> Pt_A1cGoalLevelDsYr5 = 0.000)
",0.000,0.000,0.000,0.000,1.000,0,0,0,3,3,0,0,3,0.0,0,0,0.0,0.0,1.0
"F[0,0](HbA1c >= 9.093 -> Pt_A1cGoalLevelDsYr5 = 0.000)
",0.000,0.000,0.000,0.000,1.000,0,0,0,3,3,0,0,3,0.0,0,0,0.0,0.0,1.0
"((BGTestAvgNumMeter >= 3.749) U[0,1] (BGTestAvgNumPtRep <= 7.643))
",-9999999.000,-9999999.000,0.000,0.000,1.000,0,0,0,3,3,0,0,3,0.0,0,0,0.0,0.0,1.0
"F[1,2](HbA1c >= 8.977 -> Pt_A1cGoalLevelDsYr5 = 0.000)
",-9999999.000,-9999999.000,0.000,0.000,1.000,0,0,0,3,3,0,0,3,0.0,0,0,0.0,0.0,1.0
"((BGTestAvgNumMeter >= 2.398) U[0,2] (BGTestAvgNumPtRep <= 6.101))
",-9999999.000,-9999999.000,0.000,0.000,1.000,0,0,0,3,3,0,0,3,0.0,0,0,0.0,0.0,1.0
"F[1,1](HbA1c >= 9.580 -> Pt_A1cGoalLevelDsYr5 = 0.000)
",0.000,0.000,0.000,0.000,1.000,0,0,0,3,3,0,0,3,0.0,0,0,0.0,0.0,1.0
"((BGTestAvgNumMeter >= 1.074) U[0,2] (BGTestAvgNumPtRep <= 6.785))
",-9999999.000,-9999999.000,0.000,0.000,1.000,0,0,0,3,3,0,0,3,0.0,0,0,0.0,0.0,1.0
"F[1,2](HbA1c >= 8.844 -> Pt_A1cGoalLevelDsYr5 = 0.000)
",-9999999.000,-9999999.000,0.000,0.000,1.000,0,0,0,3,3,0,0,3,0.0,0,0,0.0,0.0,1.0
"((BGTestAvgNumMeter >= 0.232) U[2,2] (BGTestAvgNumPtRep <= 7.367))
",7.367,7.367,0.000,0.000,1.000,0,0,0,3,3,0,0,3,0.0,0,0,0.0,0.0,1.0
"F[0,1](HbA1c >= 9.427 -> Pt_A1cGoalLevelDsYr5 = 0.000)
",-9999999.000,-9999999.000,0.000,0.000,1.000,0,0,0,3,3,0,0,3,0.0,0,0,0.0,0.0,1.0
"F[0,1](HbA1c >= 9.562 -> Pt_A1cGoalLevelDsYr5 = 0.000)
",-9999999.000,-9999999.000,0.000,0.000,1.000,0,0,0,3,3,0,0,3,0.0,0,0,0.0,0.0,1.0
"((Pt_A1cGoalLevelDsYr5 < 0.000) U[0,2] (Pt_SHFlg = 0.000))
",-9999999.000,-9999999.000,0.000,0.000,1.000,0,0,0,3,3,0,0,3,0.0,0,0,0.0,0.0,1.0
"F[1,2](Pt_A1cGoalLevelDsYr5 >= 0.000 & Pt_SHFlg = 0.000)
",-9999999.000,-9999999.000,0.000,0.000,1.000,0,0,0,3,3,0,0,3,0.0,0,0,0.0,0.0,1.0
"((HeightCm <= 151.336) U[2,2] (Pt_SHFlg = 0.000))
",151.336,151.336,0.000,0.000,1.000,0,0,0,3,3,0,0,3,0.0,0,0,0.0,0.0,1.0
"F[1,1](Pt_SiblingT1D < 0.887 -> Pt_SHFlg = 0.000)
",-0.887,-0.887,0.000,0.000,1.000,0,0,0,3,3,0,0,3,0.0,0,0,0.0,0.0,1.0
"F[1,1](Pt_DKAFlg < 0.000 -> Pt_SHFlg = 0.000)
",0.000,0.000,0.000,0.000,1.000,0,0,0,3,3,0,0,3,0.0,0,0,0.0,0.0,1.0
"((Pt_CGMUseNumDays < 15.923) U[0,0] (Pt_SHFlg = 0.000))
",-4.433,-30.605,0.000,0.000,1.000,0,0,0,3,3,0,0,3,0.0,0,0,0.0,0.0,1.0
"F[1,2](bmiZscore <= 0.801 & Pt_SHFlg = 0.000)
",-9999999.000,-9999999.000,0.000,0.000,1.000,0,0,0,3,3,0,0,3,0.0,0,0,0.0,0.0,1.0
"F[0,1](Triglyc < 144.108 -> Pt_SHFlg = 0.000)
",-9999999.000,-9999999.000,0.000,0.000,1.000,0,0,0,3,3,0,0,3,0.0,0,0,0.0,0.0,1.0
"((diagAgeCombo < 0.000) U[0,1] (Pt_SHFlg = 0.000))
",-9999999.000,-9999999.000,0.000,0.000,1.000,0,0,0,3,3,0,0,3,0.0,0,0,0.0,0.0,1.0
"((Pt_FatherT1D < 0.000) U[0,1] (Pt_SHFlg = 0.000))
",-9999999.000,-9999999.000,0.000,0.000,1.000,0,0,0,3,3,0,0,3,0.0,0,0,0.0,0.0,1.0
"F[0,1](BGTestAvgNumPtRep < 5.872 -> Pt_SHFlg = 0.000)
",-9999999.000,-9999999.000,0.000,0.000,1.000,0,0,0,3,3,0,0,3,0.0,0,0,0.0,0.0,1.0
"F[2,2](AlbCreatRat_mggNew >= 9.009 & Pt_SHFlg = 0.000)
",-9.009,-9.009,0.000,0.000,1.000,0,0,0,3,3,0,0,3,0.0,0,0,0.0,0.0,1.0
"((HbA1c >= 9.518) U[2,2] (Pt_SHFlg = 0.000))
",0.000,0.000,0.000,0.000,1.000,0,0,0,3,3,0,0,3,0.0,0,0,0.0,0.0,1.0
"F[0,2](HeightCm > 140.742 -> Pt_SHFlg = 0.000)
",-9999999.000,-9999999.000,0.000,0.000,1.000,0,0,0,3,3,0,0,3,0.0,0,0,0.0,0.0,1.0
"((Pt_CGMUseNumDays <= 10.011) U[2,2] (Pt_SHFlg = 0.000))
",10.011,10.011,0.000,0.000,1.000,0,0,0,3,3,0,0,3,0.0,0,0,0.0,0.0,1.0
"((UnitsInsBasalOrLongAct > 9.674) U[0,0] (Pt_SHFlg = 0.000))
",0.139,0.626,0.000,0.000,1.000,0,0,0,3,3,0,0,3,0.0,0,0,0.0,0.0,1.0
"((HbA1cImputeDtMnC <= 38.198) U[0,2] (Pt_SHFlg = 0.000))
",-9999999.000,-9999999.000,0.000,0.000,1.000,0,0,0,3,3,0,0,3,0.0,0,0,0.0,0.0,1.0
"((diagAgeCombo <= 0.000) U[0,2] (Pt_SHFlg = 0.000))
",-9999999.000,-9999999.000,0.000,0.000,1.000,0,0,0,3,3,0,0,3,0.0,0,0,0.0,0.0,1.0
"F[2,2]((bmiPerc <= 0.778 -> TSH <= 1.228) | DirectLDL <= 1.170)
",1.170,1.170,0.000,0.000,1.000,0,0,0,3,3,0,0,3,0.0,0,0,0.0,0.0,1.0
"F[1,2]((LDL >= 21.280 | TSH <= 0.637) & SMBGperDayPtMeterCombo >= 0.075)
",-9999999.000,-9999999.000,0.000,0.000,1.000,0,0,0,3,3,0,0,3,0.0,0,0,0.0,0.0,1.0
"((TotChol <= 111.812) U[0,2] (TSH >= 0.282))
",-9999999.000,-9999999.000,0.000,0.000,1.000,0,0,0,3,3,0,0,3,0.0,0,0,0.0,0.0,1.0
"F[0,2](((BGTestAvgNumPtRep >= 2.230 & HDL >= 2.344) -> Pt_DKAFlg <= 34.713) & HeightCm >= 17.941)
",-9999999.000,-9999999.000,0.000,0.000,1.000,0,0,0,3,3,0,0,3,0.0,0,0,0.0,0.0,1.0
"F[1,2]((BldPrSys >= 126.834 -> TotalDailyInsPerKg <= 0.791) & bmi >= 0.160)
",-9999999.000,-9999999.000,0.000,0.000,1.000,0,0,0,3,3,0,0,3,0.0,0,0,0.0,0.0,1.0
"((HeightCm <= 148.400) U[0,2] (Pt_SiblingT1D >= 0.381))
",-9999999.000,-9999999.000,0.000,0.000,1.000,0,0,0,3,3,0,0,3,0.0,0,0,0.0,0.0,1.0
"F[0,2]((AlbCreatRat_mggNew <= 15.770 -> TSH <= 0.799) -> Pt_GrandchildT1D >= 0.438)
",-9999999.000,-9999999.000,0.000,0.000,1.000,0,0,0,3,3,0,0,3,0.0,0,0,0.0,0.0,1.0
"F[1,2](((Pt_CGMUseNumDays >= 2.663 | TotChol <= 134.995) | Pt_GrandparentT1D <= 149.786) & BldPrDia >= 12.286)
",-9999999.000,-9999999.000,0.000,0.000,1.000,0,0,0,3,3,0,0,3,0.0,0,0,0.0,0.0,1.0
"((AlbCreatRat_mggNew <= 16.902) U[0,2] (HeightCm >= 96.776))
",-9999999.000,-9999999.000,0.000,0.000,1.000,0,0,0,3,3,0,0,3,0.0,0,0,0.0,0.0,1.0
"F[2,2](bmi <= 25.548 | NumPumpBolusOrShortAct <= 10.456)
",25.548,25.548,0.000,0.000,1.000,0,0,0,3,3,0,0,3,0.0,0,0,0.0,0.0,1.0
"F[0,2](bmiPerc >= 0.427 -> Pt_CGMUseNumDays <= 15.858)
",-9999999.000,-9999999.000,0.000,0.000,1.000,0,0,0,3,3,0,0,3,0.0,0,0,0.0,0.0,1.0
"F[1,2](((NumPumpBolusOrShortAct >= 3.390 & WeightKg <= 75.397) | Pt_A1cGoalLevelDsYr5 >= 31.737) -> AutonomicNeuroCl >= 39.212)
",-9999999.000,-9999999.000,0.000,0.000,1.000,0,0,0,3,3,0,0,3,0.0,0,0,0.0,0.0,1.0
"F[0,1](HDL >= 22.992 | SMBGperDayPtMeterCombo >= 5.098)
",-9999999.000,-9999999.000,0.000,0.000,1.000,0,0,0,3,3,0,0,3,0.0,0,0,0.0,0.0,1.0
"F[1,2](HeightCm <= 159.345 & NumPumpBolusOrShortAct <= 10.056)
",-9999999.000,-9999999.000,0.000,0.000,1.000,0,0,0,3,3,0,0,3,0.0,0,0,0.0,0.0,1.0
"F[1,2](Pt_A1cGoalLev <= 2.562 | TSH <= 1.338)
",-9999999.000,-9999999.000,0.000,0.000,1.000,0,0,0,3,3,0,0,3,0.0,0,0,0.0,0.0,1.0
"F[2,2](((SMBGperDayPtMeterCombo >= 3.744 | TotalDailyInsPerKg <= 0.728) & SMBGperDayPtMeterCombo >= 0.333) | Pt_GrandparentT1D >= 0.493)
",-0.333,-0.333,0.000,0.000,1.000,0,0,0,3,3,0,0,3,0.0,0,0,0.0,0.0,1.0
"F[0,1](((bmiZscore <= 0.521 | TotChol <= 156.864) & Pt_A1cGoalLevelDsYr5 <= 106.428) | Pt_SiblingT1D <= 137.440)
",-9999999.000,-9999999.000,0.000,0.000,1.000,0,0,0,3,3,0,0,3,0.0,0,0,0.0,0.0,1.0
"F[0,2]((BldPrSys <= 138.691 -> NumPumpBolusOrShortAct >= 1.860) & bmi <= 11.040)
",-9999999.000,-9999999.000,0.000,0.000,1.000,0,0,0,3,3,0,0,3,0.0,0,0,0.0,0.0,1.0
"F[0,2](((bmiPerc <= 0.727 & bmiZscore >= -0.137) | Pt_GrandparentT1D <= 0.446) | Pt_A1cGoalLev >= 0.317)
",-9999999.000,-9999999.000,0.000,0.000,1.000,0,0,0,3,3,0,0,3,0.0,0,0,0.0,0.0,1.0
"F[0,2](((BGTestAvgNumPtRep >= 3.899 -> BldPrDia <= 79.977) -> Pt_CGMUseNumDays >= 70.487) | Pt_FatherT1D <= 77.514)
",-9999999.000,-9999999.000,0.000,0.000,1.000,0,0,0,3,3,0,0,3,0.0,0,0,0.0,0.0,1.0
"F[0,2](HDL <= 35.971 | Pt_CGMUseNumDays >= 0.339)
",-9999999.000,-9999999.000,0.000,0.000,1.000,0,0,0,3,3,0,0,3,0.0,0,0,0.0,0.0,1.0
"F[0,0]((BGTestAvgNumPtRep >= 3.062 | SMBGperDayPtMeterCombo >= 5.420) | BldPrSys >= 2.530)
",12.196,67.080,0.000,0.000,1.000,0,0,0,3,3,0,0,3,0.0,0,0,0.0,0.0,1.0
"F[1,2](((HDL >= 2.997 & Pt_A1cGoalLev >= 0.547) & Pt_InsGov >= 0.499) & age >= 0.604)
",-9999999.000,-9999999.000,0.000,0.000,1.000,0,0,0,3,3,0,0,3,0.0,0,0,0.0,0.0,1.0
"F[0,1](BGTestAvgNumMeter <= 8.112 -> bmiPerc >= 0.186)
",-9999999.000,-9999999.000,0.000,0.000,1.000,0,0,0,3,3,0,0,3,0.0,0,0,0.0,0.0,1.0
"F[1,2]((AlbCreatRat_mggNew <= 12.244 & BldPrSys >= 128.419) & Pt_GrandparentT1D >= 122.842)
",-9999999.000,-9999999.000,0.000,0.000,1.000,0,0,0,3,3,0,0,3,0.0,0,0,0.0,0.0,1.0
"((BldPrDia <= 75.682) U[0,1] (TotalDailyInsPerKg >= 0.363))
",-9999999.000,-9999999.000,0.000,0.000,1.000,0,0,0,3,3,0,0,3,0.0,0,0,0.0,0.0,1.0
"F[0,2]((age <= 21.159 | UnitsInsBasalOrLongAct >= 12.298) -> Pt_MotherT1D <= 27.819)
",-9999999.000,-9999999.000,0.000,0.000,1.000,0,0,0,3,3,0,0,3,0.0,0,0,0.0,0.0,1.0
"F[0,2]((NumPumpBolusOrShortAct >= 1.909 | TotalDailyInsPerKg >= 0.248) -> UnitsInsBasalOrLongAct >= 0.386)
",-9999999.000,-9999999.000,0.000,0.000,1.000,0,0,0,3,3,0,0,3,0.0,0,0,0.0,0.0,1.0
"F[1,2](bmi >= 18.220 & bmiZscore >= -0.213)
",-9999999.000,-9999999.000,0.000,0.000,1.000,0,0,0,3,3,0,0,3,0.0,0,0,0.0,0.0,1.0
"F[1,2](((diabDur <= 19.275 -> NumPumpBolusOrShortAct >= 1.498) -> WeightKg >= 5.470) -> bmi <= 6.214)
",-9999999.000,-9999999.000,0.000,0.000,1.000,0,0,0,3,3,0,0,3,0.0,0,0,0.0,0.0,1.0
"F[0,2]((diabDur <= 21.379 | Pt_CGMUseNumDays >= 0.246) & Pt_GrandchildT1D <= 8.819)
",-9999999.000,-9999999.000,0.000,0.000,1.000,0,0,0,3,3,0,0,3,0.0,0,0,0.0,0.0,1.0
"((BGTestAvgNumMeter >= 0.775) U[2,2] (BGTestAvgNumPtRep <= 6.628))
",6.628,6.628,0.000,0.000,1.000,0,0,0,3,3,0,0,3,0.0,0,0,0.0,0.0,1.0
"((AlbCreatRat_mggNew <= 10.589) U[0,2] (Pt_CGMUseNumDays >= 0.824))
",-9999999.000,-9999999.000,0.000,0.000,1.000,0,0,0,3,3,0,0,3,0.0,0,0,0.0,0.0,1.0
"F[0,0]((NumPumpBolusOrShortAct <= 16.547 -> Triglyc <= 73.347) & bmi <= 121.894)
",-1.583,-44.947,0.000,0.000,1.000,0,0,0,3,3,0,0,3,0.0,0,0,0.0,0.0,1.0
"F[0,0](((BldPrDia >= 68.320 & TSH <= 1.430) | TSH >= 0.015) -> Pt_SHFlg <= 1.486)
",-1.985,-1.985,0.000,0.000,1.000,0,0,0,3,3,0,0,3,0.0,0,0,0.0,0.0,1.0
"F[2,2](((bmiZscore >= 0.346 & NumPumpBolusOrShortAct >= 0.383) | age >= 0.415) | TSH <= 14.466)
",14.466,14.466,0.000,0.000,1.000,0,0,0,3,3,0,0,3,0.0,0,0,0.0,0.0,1.0
"F[2,2]((AlbCreatRat_mggNew <= 11.230 -> BGTestAvgNumPtRep <= 5.420) -> LDL <= 6.383)
",-6.383,-6.383,0.000,0.000,1.000,0,0,0,3,3,0,0,3,0.0,0,0,0.0,0.0,1.0
"F[0,2](AlbCreatRat_mggNew >= 6.916 & TotalDailyInsPerKg <= 0.616)
",-9999999.000,-9999999.000,0.000,0.000,1.000,0,0,0,3,3,0,0,3,0.0,0,0,0.0,0.0,1.0
"((NumPumpBolusOrShortAct >= 0.826) U[2,2] (UnitsInsBasalOrLongAct >= 1.365))
",-0.826,-0.826,0.000,0.000,1.000,0,0,0,3,3,0,0,3,0.0,0,0,0.0,0.0,1.0
"F[0,2](((bmi >= 13.763 -> LDL <= 89.329) -> HDL >= 35.301) | diabDur >= 42.924)
",-9999999.000,-9999999.000,0.000,0.000,1.000,0,0,0,3,3,0,0,3,0.0,0,0,0.0,0.0,1.0
"((BldPrSys <= 140.059) U[0,2] (diabDur >= 18.157))
",-9999999.000,-9999999.000,0.000,0.000,1.000,0,0,0,3,3,0,0,3,0.0,0,0,0.0,0.0,1.0
"((BGTestAvgNumMeter <= 9.705) U[0,1] (BldPrDia <= 75.484))
",-9999999.000,-9999999.000,0.000,0.000,1.000,0,0,0,3,3,0,0,3,0.0,0,0,0.0,0.0,1.0
"((age <= 20.903) U[1,1] (bmi >= 17.238))
",20.903,20.903,0.000,0.000,1.000,0,0,0,3,3,0,0,3,0.0,0,0,0.0,0.0,1.0
"((Pt_SiblingT1D >= 0.238) U[2,2] (UnitsInsBasalOrLongAct >= 9.030))
",-0.238,-0.238,0.000,0.000,1.000,0,0,0,3,3,0,0,3,0.0,0,0,0.0,0.0,1.0
"F[0,2](Pt_SiblingT1D <= 0.941 & TotalDailyInsPerKg >= 0.166)
",-9999999.000,-9999999.000,0.000,0.000,1.000,0,0,0,3,3,0,0,3,0.0,0,0,0.0,0.0,1.0
"((HDL <= 38.865) U[0,2] (TotalDailyInsPerKg <= 0.699))
",-9999999.000,-9999999.000,0.000,0.000,1.000,0,0,0,3,3,0,0,3,0.0,0,0,0.0,0.0,1.0
"F[0,2](((AlbCreatRat_mggNew <= 15.829 | bmiPerc <= 0.564) | Pt_GrandparentT1D <= 0.653) | age <= 0.730)
",-9999999.000,-9999999.000,0.000,0.000,1.000,0,0,0,3,3,0,0,3,0.0,0,0,0.0,0.0,1.0
"F[0,1]((LDL <= 95.847 | Triglyc <= 110.939) -> Pt_A1cGoalLev <= 83.172)
",-9999999.000,-9999999.000,0.000,0.000,1.000,0,0,0,3,3,0,0,3,0.0,0,0,0.0,0.0,1.0
"F[0,1](((AlbCreatRat_mggNew >= 6.316 & HDL >= 18.994) | DirectLDL <= 45.533) | AutonomicNeuroCl <= 39.204)
",-9999999.000,-9999999.000,0.000,0.000,1.000,0,0,0,3,3,0,0,3,0.0,0,0,0.0,0.0,1.0
"F[1,1]((BGTestAvgNumPtRep <= 7.557 | HbA1cImputeDtMnC >= 20.995) & GFR <= 30.955)
",7.557,7.557,0.000,0.000,1.000,0,0,0,3,3,0,0,3,0.0,0,0,0.0,0.0,1.0
"((age >= 18.932) U[0,2] (HeightCm >= 5.898))
",-9999999.000,-9999999.000,0.000,0.000,1.000,0,0,0,3,3,0,0,3,0.0,0,0,0.0,0.0,1.0
"F[0,2]((HDL <= 43.180 & NumPumpBolusOrShortAct <= 8.807) -> Pt_InsGov <= 8.564)
",-9999999.000,-9999999.000,0.000,0.000,1.000,0,0,0,3,3,0,0,3,0.0,0,0,0.0,0.0,1.0
"F[2,2](((bmiZscore >= 0.179 | diabDur <= 20.343) -> Pt_FatherT1D <= 20.399) & TotalDailyInsPerKg >= 18.418)
",-20.399,-20.399,0.000,0.000,1.000,0,0,0,3,3,0,0,3,0.0,0,0,0.0,0.0,1.0
"F[1,2]((TotalDailyInsPerKg >= 0.175 | TotChol >= 74.945) -> NumPumpBolusOrShortAct >= 4.383)
",-9999999.000,-9999999.000,0.000,0.000,1.000,0,0,0,3,3,0,0,3,0.0,0,0,0.0,0.0,1.0
"F[1,2]((SMBGperDayPtMeterCombo <= 11.911 | UnitsInsBasalOrLongAct <= 16.794) | BldPrDia >= 1.406)
",-9999999.000,-9999999.000,0.000,0.000,1.000,0,0,0,3,3,0,0,3,0.0,0,0,0.0,0.0,1.0
"F[0,1]((BldPrSys >= 121.783 -> Pt_SiblingT1D >= 0.322) | DirectLDL <= 0.409)
",-9999999.000,-9999999.000,0.000,0.000,1.000,0,0,0,3,3,0,0,3,0.0,0,0,0.0,0.0,1.0
"F[2,2]((HbA1cImputeDtMnC >= 14.567 -> HeightCm >= 104.999) | WeightKg >= 106.065)
",14.567,14.567,0.000,0.000,1.000,0,0,0,3,3,0,0,3,0.0,0,0,0.0,0.0,1.0
"((AlbCreatRat_mggNew <= 11.555) U[2,2] (diabDur <= 21.628))
",21.628,21.628,0.000,0.000,1.000,0,0,0,3,3,0,0,3,0.0,0,0,0.0,0.0,1.0
"F[1,1]((Triglyc >= 43.394 | TSH >= 0.288) -> HbA1c >= 0.034)
",0.034,0.034,0.000,0.000,1.000,0,0,0,3,3,0,0,3,0.0,0,0,0.0,0.0,1.0
"((TotalDailyInsPerKg >= 0.233) U[0,2] (Triglyc <= 80.533))
",-9999999.000,-9999999.000,0.000,0.000,1.000,0,0,0,3,3,0,0,3,0.0,0,0,0.0,0.0,1.0
"F[1,2](((BGTestAvgNumPtRep <= 6.919 & TSH <= 0.709) & LDL >= 0.502) | GFR >= 0.463)
",-9999999.000,-9999999.000,0.000,0.000,1.000,0,0,0,3,3,0,0,3,0.0,0,0,0.0,0.0,1.0
"((LDL >= 49.938) U[0,2] (NumPumpBolusOrShortAct >= 0.443))
",-9999999.000,-9999999.000,0.000,0.000,1.000,0,0,0,3,3,0,0,3,0.0,0,0,0.0,0.0,1.0
"F[0,2](((bmi >= 1.025 -> HDL >= 11.226) -> TotChol <= 36.721) | Pt_MotherT1D <= 35.987)
",-9999999.000,-9999999.000,0.000,0.000,1.000,0,0,0,3,3,0,0,3,0.0,0,0,0.0,0.0,1.0
"F[0,1]((bmiPerc >= 0.434 | WeightKg >= 11.445) & bmiZscore <= 80.697)
",-9999999.000,-9999999.000,0.000,0.000,1.000,0,0,0,3,3,0,0,3,0.0,0,0,0.0,0.0,1.0
"F[0,2](TotChol <= 162.672 -> WeightKg <= 76.069)
",-9999999.000,-9999999.000,0.000,0.000,1.000,0,0,0,3,3,0,0,3,0.0,0,0,0.0,0.0,1.0
"F[0,1](((SMBGperDayPtMeterCombo >= 2.501 & TotChol <= 121.600) -> HbA1c >= 29.184) -> BldPrDia <= 154.590)
",-9999999.000,-9999999.000,0.000,0.000,1.000,0,0,0,3,3,0,0,3,0.0,0,0,0.0,0.0,1.0
"F[0,1](((bmiPerc <= 0.727 -> NumPumpBolusOrShortAct >= 1.667) -> UnitsInsBasalOrLongAct <= 9.552) -> Pt_SiblingT1D <= 7.949)
",-9999999.000,-9999999.000,0.000,0.000,1.000,0,0,0,3,3,0,0,3,0.0,0,0,0.0,0.0,1.0
"F[1,2](((NumPumpBolusOrShortAct >= 5.487 | TotChol >= 93.637) | HeightCm >= 49.081) -> BUN >= 88.403)
",-9999999.000,-9999999.000,0.000,0.000,1.000,0,0,0,3,3,0,0,3,0.0,0,0,0.0,0.0,1.0
"F[0,2](bmiZscore >= -0.118 -> TotalDailyInsPerKg >= 0.274)
",-9999999.000,-9999999.000,0.000,0.000,1.000,0,0,0,3,3,0,0,3,0.0,0,0,0.0,0.0,1.0
"F[0,2]((age >= 18.129 -> BldPrSys >= 119.022) -> DirectLDL >= 128.439)
",-9999999.000,-9999999.000,0.000,0.000,1.000,0,0,0,3,3,0,0,3,0.0,0,0,0.0,0.0,1.0
"F[1,2](((HeightCm <= 153.632 & LDL >= 11.216) | Pt_SiblingT1D <= 88.416) | Pt_CGMUseNumDays >= 25.627)
",-9999999.000,-9999999.000,0.000,0.000,1.000,0,0,0,3,3,0,0,3,0.0,0,0,0.0,0.0,1.0
"F[1,2](age >= 18.107 | Triglyc <= 158.738)
",-9999999.000,-9999999.000,0.000,0.000,1.000,0,0,0,3,3,0,0,3,0.0,0,0,0.0,0.0,1.0
"F[0,2](HDL <= 44.991 & HeightCm <= 172.872)
",-9999999.000,-9999999.000,0.000,0.000,1.000,0,0,0,3,3,0,0,3,0.0,0,0,0.0,0.0,1.0
"F[2,2]((Pt_A1cGoalLev <= 1.474 -> Pt_SiblingT1D >= 0.054) & LDL >= 0.369)
",-1.474,-1.474,0.000,0.000,1.000,0,0,0,3,3,0,0,3,0.0,0,0,0.0,0.0,1.0
"((HeightCm <= 174.775) U[2,2] (TotChol <= 173.203))
",174.775,174.775,0.000,0.000,1.000,0,0,0,3,3,0,0,3,0.0,0,0,0.0,0.0,1.0
"F[0,0]((BldPrSys <= 133.228 -> GFR <= 0.000) | TotChol <= 0.000)
",-1.000,-27.500,0.000,0.000,1.000,0,0,0,3,3,0,0,3,0.0,0,0,0.0,0.0,1.0
