Rule,Discrimination Score,Pos Robustness,Neg Robustness,Percent Class +,Percent Class -,TP,TN,FP,FN,Actual Yes,Actual No,Predicted Yes,Predicted No,TPR/Sens,TNR/Spec,FPR,Precision,Accuracy,MCR
"F[0,0](((AlbCreatRat_mggNew <= 0.000 | TSH >= 0.337) & HDL >= 0.494) | HeightCm <= 1.322)
",0.504,1.225,0.000,0.000,1.000,4,0,0,0,4,0,4,0,1.0,0,0,1.0,1.1428571428571428,-0.1428571428571428
"F[0,0](((bmiZscore >= 1.949 | NumPumpBolusOrShortAct <= 1.564) & TotalDailyInsPerKg <= 1.609) & HeightCm <= 2.367)
",-3.219,-55.233,0.000,0.000,1.000,4,0,0,0,4,0,4,0,1.0,0,0,1.0,1.1428571428571428,-0.1428571428571428
"F[0,0](((BldPrDia >= 62.067 -> TotalDailyInsPerKg >= 0.012) -> Pt_CGMUseNumDays >= 0.001) & Pt_SHFlg >= 0.018)
",-22910.999,-22910.999,0.000,0.000,1.000,4,0,0,0,4,0,4,0,1.0,0,0,1.0,1.1428571428571428,-0.1428571428571428
"F[0,0]((age <= 13.167 & diabDur >= 3.686) & TotChol >= 4.382)
",-0.025,-0.150,0.000,0.000,1.000,4,0,0,0,4,0,4,0,1.0,0,0,1.0,1.1428571428571428,-0.1428571428571428
"F[0,0]((BldPrDia >= 64.045 -> HbA1c <= 10.741) & HDL >= 8.094)
",-5.879,-46.621,0.000,0.000,1.000,4,0,0,0,4,0,4,0,1.0,0,0,1.0,1.1428571428571428,-0.1428571428571428
"F[0,0]((NumPumpBolusOrShortAct >= 0.038 & HDL >= 5.189) & AutonomicNeuroCl <= 10.982)
",-1.430,-3.472,0.000,0.000,1.000,4,0,0,0,4,0,4,0,1.0,0,0,1.0,1.1428571428571428,-0.1428571428571428
"F[0,0](((BGTestAvgNumPtRep >= 0.884 & HDL <= 21.463) & Pt_DKAFlg <= 11.709) & Pt_DKAFlg >= 1.871)
",-0.815,-14.093,0.000,0.000,1.000,4,0,0,0,4,0,4,0,1.0,0,0,1.0,1.1428571428571428,-0.1428571428571428
"F[0,0](Pt_SiblingT1D < 0.000 & Pt_SHFlg = 0.000)
",-1.397,-35.884,0.000,0.000,1.000,4,0,0,0,4,0,4,0,1.0,0,0,1.0,1.1428571428571428,-0.1428571428571428
"F[0,1](((NumPumpBolusOrShortAct >= 0.165 -> TotChol <= 98.676) -> BldPrDia >= 30.265) & DirectLDL >= 37.008)
",-9999999.000,-9999999.000,0.000,0.000,1.000,3,0,0,1,4,0,3,1,0.75,0,0,1.0,0.8571428571428571,0.1428571428571429
"F[0,0]((HeightCm >= 142.532 & TotalDailyInsPerKg <= 0.022) -> Pt_GrandchildT1D >= 2.253582505166234e-05)
",4.949,84.932,0.000,0.000,1.000,3,0,0,1,4,0,3,1,0.75,0,0,1.0,0.8571428571428571,0.1428571428571429
"F[1,1](Pt_CGMUseNumDays > 0.000 & Pt_SHFlg = 0.000)
",0.000,0.000,0.000,0.000,1.000,3,0,0,1,4,0,3,1,0.75,0,0,1.0,0.8571428571428571,0.1428571428571429
"F[0,1]((BldPrDia >= 59.322 -> bmiPerc >= 0.973) -> BldPrSys <= 0.977)
",-9999999.000,-9999999.000,0.000,0.000,1.000,3,0,0,1,4,0,3,1,0.75,0,0,1.0,0.8571428571428571,0.1428571428571429
"F[1,1](BldPrSys <= 113.638 & NumPumpBolusOrShortAct >= 0.213)
",-0.213,-0.213,0.000,0.000,1.000,3,0,0,1,4,0,3,1,0.75,0,0,1.0,0.8571428571428571,0.1428571428571429
"F[0,1]((HeightCm <= 160.447 | NumPumpBolusOrShortAct <= 2.643) -> Pt_SiblingT1D >= 0.048)
",-9999999.000,-9999999.000,0.000,0.000,1.000,3,0,0,1,4,0,3,1,0.75,0,0,1.0,0.8571428571428571,0.1428571428571429
"F[0,1]((Pt_DKAFlg >= 0.000 -> GFR <= 0.000) -> age <= 0.000)
",-9999999.000,-9999999.000,0.000,0.000,1.000,3,0,0,1,4,0,3,1,0.75,0,0,1.0,0.8571428571428571,0.1428571428571429
"((HDL >= 0.469) U[1,2] (NumPumpBolusOrShortAct <= 1.208))
",-9999999.000,-9999999.000,0.000,0.000,1.000,3,0,0,1,4,0,3,1,0.75,0,0,1.0,0.8571428571428571,0.1428571428571429
"((LDL >= 1.698) U[1,1] (BUN >= 1.220))
",-1.220,-1.220,0.000,0.000,1.000,3,0,0,1,4,0,3,1,0.75,0,0,1.0,0.8571428571428571,0.1428571428571429
"F[0,0]((BGTestAvgNumMeter <= 2.082 & Triglyc <= 23.033) -> diagAgeCombo >= 10.552)
",10.552,10.552,0.000,0.000,1.000,3,0,0,1,4,0,3,1,0.75,0,0,1.0,0.8571428571428571,0.1428571428571429
"((Pt_GrandparentT1D < 0.000) U[1,2] (Pt_SHFlg = 0.000))
",-9999999.000,-9999999.000,0.000,0.000,1.000,3,0,0,1,4,0,3,1,0.75,0,0,1.0,0.8571428571428571,0.1428571428571429
"F[0,1]((Pt_A1cGoalLev <= 0.000 | Triglyc <= 69.938) -> AutonomicNeuroCl >= 10.844)
",-9999999.000,-9999999.000,0.000,0.000,1.000,3,0,0,1,4,0,3,1,0.75,0,0,1.0,0.8571428571428571,0.1428571428571429
"F[0,1](((Pt_SHFlg <= 0.000 & UnitsInsBasalOrLongAct >= 2.318) & Pt_CGMUseNumDays >= 15.257) & HeightCm <= 41.883)
",-9999999.000,-9999999.000,0.000,0.000,1.000,3,0,0,1,4,0,3,1,0.75,0,0,1.0,0.8571428571428571,0.1428571428571429
"F[1,1](((HbA1cImputeDtMnC <= 48.817 & Pt_SHFlg >= 0.000) -> BldPrDia >= 0.000) & bmi <= 0.000)
",0.000,0.000,0.000,0.000,1.000,3,0,0,1,4,0,3,1,0.75,0,0,1.0,0.8571428571428571,0.1428571428571429
"((BGTestAvgNumMeter >= 1.551) U[1,1] (BGTestAvgNumPtRep <= 3.437))
",3.437,3.437,0.000,0.000,1.000,3,0,0,1,4,0,3,1,0.75,0,0,1.0,0.8571428571428571,0.1428571428571429
"((BUN >= 1.129) U[1,2] (DirectLDL >= 0.000))
",-9999999.000,-9999999.000,0.000,0.000,1.000,2,0,0,2,4,0,2,2,0.5,0,0,1.0,0.5714285714285714,0.4285714285714286
"F[0,0]((bmi >= 25.957 & TSH <= 0.809) -> age <= 2.139)
",-2.139,-2.139,0.000,0.000,1.000,2,0,0,2,4,0,2,2,0.5,0,0,1.0,0.5714285714285714,0.4285714285714286
"F[1,1](((bmiZscore >= 1.884 -> bmiZscore <= 2.089) | HbA1c <= 2.087) -> SMBGperDayPtMeterCombo <= 2.141)
",-2.141,-2.141,0.000,0.000,1.000,2,0,0,2,4,0,2,2,0.5,0,0,1.0,0.5714285714285714,0.4285714285714286
"((BUN >= 1.119) U[1,2] (DirectLDL <= 0.000))
",-9999999.000,-9999999.000,0.000,0.000,1.000,2,0,0,2,4,0,2,2,0.5,0,0,1.0,0.5714285714285714,0.4285714285714286
"F[1,1](((BGTestAvgNumMeter <= 4.677 -> TotChol >= 6.034) & HbA1c <= 86.815) & age <= 40.439)
",-4.677,-4.677,0.000,0.000,1.000,2,0,0,2,4,0,2,2,0.5,0,0,1.0,0.5714285714285714,0.4285714285714286
"((BldPrSys <= 114.647) U[1,2] (HeightCm >= 136.395))
",-9999999.000,-9999999.000,0.000,0.000,1.000,2,0,0,2,4,0,2,2,0.5,0,0,1.0,0.5714285714285714,0.4285714285714286
"((BldPrSys <= 115.703) U[1,2] (TotalDailyInsPerKg >= 0.000))
",-9999999.000,-9999999.000,0.000,0.000,1.000,2,0,0,2,4,0,2,2,0.5,0,0,1.0,0.5714285714285714,0.4285714285714286
"F[0,0](BldPrDia >= 62.661 & diabDur <= 8.008)
",-1.385,-2.992,0.000,0.000,1.000,2,0,0,2,4,0,2,2,0.5,0,0,1.0,0.5714285714285714,0.4285714285714286
"((WeightKg >= 57.800) U[1,2] (Pt_SHFlg = 0.000))
",-9999999.000,-9999999.000,0.000,0.000,1.000,2,0,0,2,4,0,2,2,0.5,0,0,1.0,0.5714285714285714,0.4285714285714286
"F[0,1]((LDL <= 28.409 | TSH <= 0.825) -> Pt_InsGov >= 0.063)
",-9999999.000,-9999999.000,0.000,0.000,1.000,2,0,0,2,4,0,2,2,0.5,0,0,1.0,0.5714285714285714,0.4285714285714286
"((BGTestAvgNumMeter >= 1.797) U[1,1] (BGTestAvgNumPtRep <= 4.325))
",4.325,4.325,0.000,0.000,1.000,2,0,0,2,4,0,2,2,0.5,0,0,1.0,0.5714285714285714,0.4285714285714286
"F[1,1]((BldPrSys <= 117.424 & TSH >= 0.011) -> HbA1cImputeDtMnC <= 1.879)
",-8462012486345141.000,-1.879,0.000,0.000,1.000,2,0,0,2,4,0,2,2,0.5,0,0,1.0,0.5714285714285714,0.4285714285714286
"F[0,1]((BUN >= 0.366 -> HbA1c >= 9.016) -> Pt_GrandchildT1D >= 7.939)
",-9999999.000,-9999999.000,0.000,0.000,1.000,2,0,0,2,4,0,2,2,0.5,0,0,1.0,0.5714285714285714,0.4285714285714286
"((BGTestAvgNumPtRep >= 1.760) U[0,0] (bmiZscore >= 1.968))
",0.464,0.826,0.000,0.000,1.000,2,0,0,2,4,0,2,2,0.5,0,0,1.0,0.5714285714285714,0.4285714285714286
"((BGTestAvgNumMeter >= 1.748) U[1,1] (BGTestAvgNumPtRep <= 4.322))
",4.322,4.322,0.000,0.000,1.000,2,0,0,2,4,0,2,2,0.5,0,0,1.0,0.5714285714285714,0.4285714285714286
"F[0,0]((AlbCreatRat_mggNew <= 0.000 & bmi >= 24.697) & BldPrSys >= 24.160)
",-24.697,-24.697,0.000,0.000,1.000,1,0,0,3,4,0,1,3,0.25,0,0,1.0,0.2857142857142857,0.7142857142857143
"((TotalDailyInsPerKg <= 0.027) U[1,2] (TotChol <= 62.551))
",-9999999.000,-9999999.000,0.000,0.000,1.000,1,0,0,3,4,0,1,3,0.25,0,0,1.0,0.2857142857142857,0.7142857142857143
"((TotalDailyInsPerKg >= 0.017) U[0,1] (BGTestAvgNumMeter <= 4.298))
",-9999999.000,-9999999.000,0.000,0.000,1.000,1,0,0,3,4,0,1,3,0.25,0,0,1.0,0.2857142857142857,0.7142857142857143
"F[0,1]((Pt_InsGov <= 0.000 -> BGTestAvgNumMeter <= 3.467) | age <= 3.717)
",-9999999.000,-9999999.000,0.000,0.000,1.000,1,0,0,3,4,0,1,3,0.25,0,0,1.0,0.2857142857142857,0.7142857142857143
"F[0,0]((bmiPerc >= 0.970 -> NumPumpBolusOrShortAct >= 0.140) | BGTestAvgNumPtRep >= 0.340)
",0.970,1.993,0.000,0.000,1.000,1,0,0,3,4,0,1,3,0.25,0,0,1.0,0.2857142857142857,0.7142857142857143
"F[1,1](((age <= 13.594 & BldPrDia >= 60.173) | bmiPerc >= 58.813) -> diabDur >= 64.823)
",58.813,58.813,0.000,0.000,1.000,1,0,0,3,4,0,1,3,0.25,0,0,1.0,0.2857142857142857,0.7142857142857143
"F[0,0](BldPrSys > 100.558 & Pt_SHFlg = 0.000)
",-100.558,-100.558,0.000,0.000,1.000,1,0,0,3,4,0,1,3,0.25,0,0,1.0,0.2857142857142857,0.7142857142857143
"F[0,1](AlbCreatRat_mggNew >= 0.000 -> age <= 12.518)
",-9999999.000,-9999999.000,0.000,0.000,1.000,1,0,0,3,4,0,1,3,0.25,0,0,1.0,0.2857142857142857,0.7142857142857143
"((BldPrSys >= 105.640) U[0,0] (bmi >= 21.881))
",-6158909952572053.000,-21.881,0.000,0.000,1.000,1,0,0,3,4,0,1,3,0.25,0,0,1.0,0.2857142857142857,0.7142857142857143
"F[0,1](LDL >= 7.401 | TSH >= 0.163)
",-9999999.000,-9999999.000,0.000,0.000,1.000,1,0,0,3,4,0,1,3,0.25,0,0,1.0,0.2857142857142857,0.7142857142857143
"F[1,1](bmi <= 28.708 | TotChol >= 29.823)
",28.708,28.708,0.000,0.000,1.000,1,0,0,3,4,0,1,3,0.25,0,0,1.0,0.2857142857142857,0.7142857142857143
"F[0,1](age <= 13.172 & HeightCm >= 148.406)
",-9999999.000,-9999999.000,0.000,0.000,1.000,1,0,0,3,4,0,1,3,0.25,0,0,1.0,0.2857142857142857,0.7142857142857143
"((bmi <= 26.750) U[1,1] (TotalDailyInsPerKg <= 0.054))
",26.750,26.750,0.000,0.000,1.000,1,0,0,3,4,0,1,3,0.25,0,0,1.0,0.2857142857142857,0.7142857142857143
"((BGTestAvgNumMeter >= 1.445) U[0,0] (BldPrSys >= 106.799))
",1.318,24.222,0.000,0.000,1.000,1,0,0,3,4,0,1,3,0.25,0,0,1.0,0.2857142857142857,0.7142857142857143
"((BGTestAvgNumMeter >= 0.050) U[0,1] (BGTestAvgNumPtRep <= 4.900))
",-9999999.000,-9999999.000,0.000,0.000,1.000,1,0,0,3,4,0,1,3,0.25,0,0,1.0,0.2857142857142857,0.7142857142857143
"F[0,0]((AutonomicNeuroCl <= 0.000 & NumPumpBolusOrShortAct <= 3.531) | Pt_ChildT1D >= 0.370)
",-0.370,-0.370,0.000,0.000,1.000,1,0,0,3,4,0,1,3,0.25,0,0,1.0,0.2857142857142857,0.7142857142857143
"((diabDur >= 4.559) U[1,2] (Pt_MotherT1D >= 0.000))
",-9999999.000,-9999999.000,0.000,0.000,1.000,1,0,0,3,4,0,1,3,0.25,0,0,1.0,0.2857142857142857,0.7142857142857143
"((Pt_CGMUseNumDays >= 0.000) U[0,0] (BGTestAvgNumPtRep <= 4.711))
",22911.000,22911.000,0.000,0.000,1.000,1,0,0,3,4,0,1,3,0.25,0,0,1.0,0.2857142857142857,0.7142857142857143
"((BGTestAvgNumPtRep <= 4.170) U[1,2] (WeightKg <= 80.757))
",-9999999.000,-9999999.000,0.000,0.000,1.000,1,0,0,3,4,0,1,3,0.25,0,0,1.0,0.2857142857142857,0.7142857142857143
"((SMBGperDayPtMeterCombo >= 3.997) U[1,1] (age <= 12.140))
",12.140,12.140,0.000,0.000,1.000,1,0,0,3,4,0,1,3,0.25,0,0,1.0,0.2857142857142857,0.7142857142857143
"F[1,1](bmiZscore <= 2.124 -> LDL >= 0.376)
",-2.124,-2.124,0.000,0.000,1.000,1,0,0,3,4,0,1,3,0.25,0,0,1.0,0.2857142857142857,0.7142857142857143
"((HbA1c <= 9.814) U[0,1] (HbA1cImputeDtMnC <= 47.782))
",-9999999.000,-9999999.000,0.000,0.000,1.000,1,0,0,3,4,0,1,3,0.25,0,0,1.0,0.2857142857142857,0.7142857142857143
"((HDL <= 21.819) U[0,0] (diabDur >= 5.009))
",2.414,16.876,0.000,0.000,1.000,1,0,0,3,4,0,1,3,0.25,0,0,1.0,0.2857142857142857,0.7142857142857143
"((age < 11.913) U[1,2] (Pt_SHFlg = 0.000))
",-9999999.000,-9999999.000,0.000,0.000,1.000,1,0,0,3,4,0,1,3,0.25,0,0,1.0,0.2857142857142857,0.7142857142857143
"F[0,0](bmiPerc <= 0.983 & diabDur >= 3.496)
",-7.927,-24.213,0.000,0.000,1.000,1,0,0,3,4,0,1,3,0.25,0,0,1.0,0.2857142857142857,0.7142857142857143
"F[1,1]((NumPumpBolusOrShortAct <= 0.845 -> BldPrSys <= 116.796) -> Triglyc <= 117.141)
",-117.141,-117.141,0.000,0.000,1.000,1,0,0,3,4,0,1,3,0.25,0,0,1.0,0.2857142857142857,0.7142857142857143
"((BGTestAvgNumMeter <= 3.157) U[1,1] (Pt_SHFlg = 0.000))
",7109414680265363.000,3.157,0.000,0.000,1.000,1,0,0,3,4,0,1,3,0.25,0,0,1.0,0.2857142857142857,0.7142857142857143
"((BGTestAvgNumMeter >= 1.407) U[1,2] (WeightKg >= 38.541))
",-9999999.000,-9999999.000,0.000,0.000,1.000,1,0,0,3,4,0,1,3,0.25,0,0,1.0,0.2857142857142857,0.7142857142857143
"((BUN <= 5.188) U[1,2] (Pt_SHFlg = 0.000))
",-9999999.000,-9999999.000,0.000,0.000,1.000,1,0,0,3,4,0,1,3,0.25,0,0,1.0,0.2857142857142857,0.7142857142857143
"F[0,2]((HDL <= 40.455 & AutonomicNeuroCl >= 0.000) | BldPrSys <= 0.000)
",-9999999.000,-9999999.000,0.000,0.000,1.000,0,0,0,4,4,0,0,4,0.0,0,0,0.0,0.0,1.0
"F[1,2](Pt_A1cGoalLev <= 0.000 & GFR >= 0.000)
",-9999999.000,-9999999.000,0.000,0.000,1.000,0,0,0,4,4,0,0,4,0.0,0,0,0.0,0.0,1.0
"F[1,2](Pt_DKAFlg <= 0.000 & TotalDailyInsPerKg <= 0.123)
",-9999999.000,-9999999.000,0.000,0.000,1.000,0,0,0,4,4,0,0,4,0.0,0,0,0.0,0.0,1.0
"F[0,2](((Pt_GrandparentT1D <= 0.000 | DirectLDL <= 0.000) -> AlbCreatRat_mggNew <= 0.000) -> Pt_SiblingT1D >= 0.000)
",-9999999.000,-9999999.000,0.000,0.000,1.000,0,0,0,4,4,0,0,4,0.0,0,0,0.0,0.0,1.0
"((NumPumpBolusOrShortAct <= 1.360) U[2,2] (BldPrDia <= 69.089))
",69.089,69.089,0.000,0.000,1.000,0,0,0,4,4,0,0,4,0.0,0,0,0.0,0.0,1.0
"F[0,0](((UnitsInsBasalOrLongAct >= 20.681 & SMBGperDayPtMeterCombo <= 4.656) | bmiPerc >= 3.725) -> Pt_FatherT1D <= 5.489)
",-7.029,-21.470,0.000,0.000,1.000,0,0,0,4,4,0,0,4,0.0,0,0,0.0,0.0,1.0
"F[1,2](AlbCreatRat_mggNew >= 0.000 | GFR >= 0.000)
",-9999999.000,-9999999.000,0.000,0.000,1.000,0,0,0,4,4,0,0,4,0.0,0,0,0.0,0.0,1.0
"F[0,1](((Pt_SiblingT1D >= 0.000 -> BUN >= 1.654) | UnitsInsBasalOrLongAct <= 6.798) -> GFR >= 1.405)
",-9999999.000,-9999999.000,0.000,0.000,1.000,0,0,0,4,4,0,0,4,0.0,0,0,0.0,0.0,1.0
"F[0,0]((BUN >= 1.384 & AutonomicNeuroCl <= 0.000) -> Pt_ChildT1D >= 0.000)
",0.000,0.000,0.000,0.000,1.000,0,0,0,4,4,0,0,4,0.0,0,0,0.0,0.0,1.0
"F[2,2](Pt_CGMUseNumDays >= 0.000 -> TotChol >= 19.478)
",0.000,0.000,0.000,0.000,1.000,0,0,0,4,4,0,0,4,0.0,0,0,0.0,0.0,1.0
"F[1,1]((Pt_MotherT1D <= 0.000 & Pt_A1cGoalLevelDsYr5 <= 0.000) | bmiPerc >= 0.000)
",0.000,0.000,0.000,0.000,1.000,0,0,0,4,4,0,0,4,0.0,0,0,0.0,0.0,1.0
"F[0,1](((LDL <= 10.595 & BGTestAvgNumMeter >= 0.187) -> BldPrSys <= 3.720) & bmiZscore <= 4.558)
",-9999999.000,-9999999.000,0.000,0.000,1.000,0,0,0,4,4,0,0,4,0.0,0,0,0.0,0.0,1.0
"F[0,2](((HbA1c >= 9.428 -> TotalDailyInsPerKg >= 0.006) -> UnitsInsBasalOrLongAct >= 0.019) | bmiZscore <= 0.089)
",-9999999.000,-9999999.000,0.000,0.000,1.000,0,0,0,4,4,0,0,4,0.0,0,0,0.0,0.0,1.0
"F[1,2]((Pt_SiblingT1D <= 0.000 -> Pt_GrandchildT1D >= 0.000) | HDL >= 0.000)
",-9999999.000,-9999999.000,0.000,0.000,1.000,0,0,0,4,4,0,0,4,0.0,0,0,0.0,0.0,1.0
"((LDL <= 35.257) U[2,2] (GFR <= 0.000))
",35.257,35.257,0.000,0.000,1.000,0,0,0,4,4,0,0,4,0.0,0,0,0.0,0.0,1.0
"F[0,1](Pt_DKAFlg >= 0.000 & Pt_DKAFlg <= 0.000)
",-9999999.000,-9999999.000,0.000,0.000,1.000,0,0,0,4,4,0,0,4,0.0,0,0,0.0,0.0,1.0
"((BldPrDia <= 70.888) U[0,1] (Pt_GrandparentT1D <= 0.000))
",-9999999.000,-9999999.000,0.000,0.000,1.000,0,0,0,4,4,0,0,4,0.0,0,0,0.0,0.0,1.0
"F[0,1](((age >= 9.151 & Pt_MotherT1D <= 0.000) | HbA1c >= 0.000) & Pt_SiblingT1D >= 0.000)
",-9999999.000,-9999999.000,0.000,0.000,1.000,0,0,0,4,4,0,0,4,0.0,0,0,0.0,0.0,1.0
"F[2,2](((bmi >= 25.629 -> Pt_MotherT1D >= 0.000) -> bmiPerc <= 0.000) & UnitsInsBasalOrLongAct <= 0.000)
",0.000,0.000,0.000,0.000,1.000,0,0,0,4,4,0,0,4,0.0,0,0,0.0,0.0,1.0
"F[0,2]((HDL <= 25.928 -> AutonomicNeuroCl >= 0.000) -> Pt_ChildT1D >= 0.000)
",-9999999.000,-9999999.000,0.000,0.000,1.000,0,0,0,4,4,0,0,4,0.0,0,0,0.0,0.0,1.0
"((Pt_GrandchildT1D <= 0.000) U[0,2] (bmiPerc >= 0.973))
",-9999999.000,-9999999.000,0.000,0.000,1.000,0,0,0,4,4,0,0,4,0.0,0,0,0.0,0.0,1.0
"((diagAgeCombo >= 4.000) U[1,2] (LDL >= 7.689))
",-9999999.000,-9999999.000,0.000,0.000,1.000,0,0,0,4,4,0,0,4,0.0,0,0,0.0,0.0,1.0
"F[1,2](((Pt_InsGov <= 0.000 | DirectLDL >= 0.000) & BGTestAvgNumPtRep <= 0.000) & Pt_GrandparentT1D <= 0.000)
",-9999999.000,-9999999.000,0.000,0.000,1.000,0,0,0,4,4,0,0,4,0.0,0,0,0.0,0.0,1.0
"F[0,0]((Pt_DKAFlg <= 0.000 & Pt_CGMUseNumDays <= 0.000) -> LDL >= 0.000)
",-0.707,-0.049,0.000,0.000,1.000,0,0,0,4,4,0,0,4,0.0,0,0,0.0,0.0,1.0
"F[0,0]((TotChol >= 5.789 | bmiZscore >= 1.904) | BUN >= 1.845)
",0.690,38.097,0.000,0.000,1.000,0,0,0,4,4,0,0,4,0.0,0,0,0.0,0.0,1.0
"((HbA1cImputeDtMnC >= 8.207) U[0,2] (BldPrSys <= 118.272))
",-9999999.000,-9999999.000,0.000,0.000,1.000,0,0,0,4,4,0,0,4,0.0,0,0,0.0,0.0,1.0
"F[1,2]((TSH <= 1.068 | diabDur >= 4.169) | Pt_A1cGoalLev <= 8.385)
",-9999999.000,-9999999.000,0.000,0.000,1.000,0,0,0,4,4,0,0,4,0.0,0,0,0.0,0.0,1.0
"F[2,2](HDL <= 26.749 -> age <= 11.924)
",-26.749,-26.749,0.000,0.000,1.000,0,0,0,4,4,0,0,4,0.0,0,0,0.0,0.0,1.0
"F[0,1](((SMBGperDayPtMeterCombo <= 4.759 | Pt_SHFlg >= 0.000) -> UnitsInsBasalOrLongAct <= 0.000) | Pt_SHFlg >= 0.000)
",-9999999.000,-9999999.000,0.000,0.000,1.000,0,0,0,4,4,0,0,4,0.0,0,0,0.0,0.0,1.0
"F[0,1](Pt_A1cGoalLevelDsYr5 >= 0.000 -> TotChol <= 39.892)
",-9999999.000,-9999999.000,0.000,0.000,1.000,0,0,0,4,4,0,0,4,0.0,0,0,0.0,0.0,1.0
"F[0,2](((NumPumpBolusOrShortAct >= 0.560 & diagAgeCombo >= 4.000) | TotChol >= 4.000) | bmiZscore <= 4.000)
",-9999999.000,-9999999.000,0.000,0.000,1.000,0,0,0,4,4,0,0,4,0.0,0,0,0.0,0.0,1.0
"F[1,2]((Pt_FatherT1D >= 0.000 | GFR <= 0.000) & age >= 0.000)
",-9999999.000,-9999999.000,0.000,0.000,1.000,0,0,0,4,4,0,0,4,0.0,0,0,0.0,0.0,1.0
"F[0,2](DirectLDL <= 0.000 & Pt_DKAFlg >= 0.000)
",-9999999.000,-9999999.000,0.000,0.000,1.000,0,0,0,4,4,0,0,4,0.0,0,0,0.0,0.0,1.0
"F[0,0](Pt_SiblingT1D <= 0.000 | Pt_GrandparentT1D >= 0.000)
",0.000,0.000,0.000,0.000,1.000,0,0,0,4,4,0,0,4,0.0,0,0,0.0,0.0,1.0
"((bmi <= 28.674) U[1,2] (BGTestAvgNumPtRep <= 3.733))
",-9999999.000,-9999999.000,0.000,0.000,1.000,0,0,0,4,4,0,0,4,0.0,0,0,0.0,0.0,1.0
"((NumPumpBolusOrShortAct <= 3.250) U[0,2] (Pt_A1cGoalLev >= 0.000))
",-9999999.000,-9999999.000,0.000,0.000,1.000,0,0,0,4,4,0,0,4,0.0,0,0,0.0,0.0,1.0
"F[0,2](((SMBGperDayPtMeterCombo >= 3.327 | Pt_MotherT1D <= 0.000) | bmi >= 0.000) | AlbCreatRat_mggNew >= 0.000)
",-9999999.000,-9999999.000,0.000,0.000,1.000,0,0,0,4,4,0,0,4,0.0,0,0,0.0,0.0,1.0
"F[1,1](((Pt_InsGov <= 0.000 -> Pt_SHFlg >= 0.000) -> GFR <= 0.000) & Pt_SiblingT1D >= 0.000)
",0.000,0.000,0.000,0.000,1.000,0,0,0,4,4,0,0,4,0.0,0,0,0.0,0.0,1.0
"F[0,2](Pt_DKAFlg <= 0.000 -> TotChol <= 116.694)
",-9999999.000,-9999999.000,0.000,0.000,1.000,0,0,0,4,4,0,0,4,0.0,0,0,0.0,0.0,1.0
"F[1,2](HeightCm >= 131.171 | Pt_A1cGoalLev >= 0.000)
",-9999999.000,-9999999.000,0.000,0.000,1.000,0,0,0,4,4,0,0,4,0.0,0,0,0.0,0.0,1.0
"F[2,2](((Triglyc >= 9.407 -> age >= 11.617) -> Pt_SHFlg <= 13.902) -> Pt_ChildT1D <= 13.726)
",-13.726,-13.726,0.000,0.000,1.000,0,0,0,4,4,0,0,4,0.0,0,0,0.0,0.0,1.0
"F[0,2](DirectLDL <= 0.000 | WeightKg <= 76.590)
",-9999999.000,-9999999.000,0.000,0.000,1.000,0,0,0,4,4,0,0,4,0.0,0,0,0.0,0.0,1.0
"F[1,2]((Triglyc >= 13.473 -> BGTestAvgNumMeter <= 2.681) | bmiPerc >= 0.124)
",-9999999.000,-9999999.000,0.000,0.000,1.000,0,0,0,4,4,0,0,4,0.0,0,0,0.0,0.0,1.0
"F[2,2](BUN >= 1.598 & diabDur <= 7.869)
",-1.598,-1.598,0.000,0.000,1.000,0,0,0,4,4,0,0,4,0.0,0,0,0.0,0.0,1.0
"F[1,2]((LDL >= 7.981 & bmiPerc <= 0.979) | Pt_MotherT1D <= 0.978)
",-9999999.000,-9999999.000,0.000,0.000,1.000,0,0,0,4,4,0,0,4,0.0,0,0,0.0,0.0,1.0
"F[0,1](GFR <= 0.000 -> bmiPerc <= 0.983)
",-9999999.000,-9999999.000,0.000,0.000,1.000,0,0,0,4,4,0,0,4,0.0,0,0,0.0,0.0,1.0
"F[1,1](((Pt_DKAFlg >= 0.000 | bmiPerc >= 0.971) & DirectLDL <= 0.977) & TotalDailyInsPerKg <= 0.982)
",0.000,0.000,0.000,0.000,1.000,0,0,0,4,4,0,0,4,0.0,0,0,0.0,0.0,1.0
"F[0,1](Pt_ChildT1D <= 0.000 -> TotalDailyInsPerKg <= 0.059)
",-9999999.000,-9999999.000,0.000,0.000,1.000,0,0,0,4,4,0,0,4,0.0,0,0,0.0,0.0,1.0
"F[0,0]((Pt_InsGov <= 0.000 -> Pt_FatherT1D <= 0.000) & HDL <= 0.000)
",-0.707,-20.000,0.000,0.000,1.000,0,0,0,4,4,0,0,4,0.0,0,0,0.0,0.0,1.0
"F[0,1]((bmiPerc >= 0.974 | HDL <= 34.504) | BGTestAvgNumPtRep <= 38.870)
",-9999999.000,-9999999.000,0.000,0.000,1.000,0,0,0,4,4,0,0,4,0.0,0,0,0.0,0.0,1.0
"F[0,1](((Pt_GrandchildT1D <= 0.000 | Pt_MotherT1D >= 0.000) -> HbA1c <= 0.000) | HbA1c >= 0.000)
",-9999999.000,-9999999.000,0.000,0.000,1.000,0,0,0,4,4,0,0,4,0.0,0,0,0.0,0.0,1.0
"F[2,2](((bmiPerc >= 0.974 -> TotChol >= 35.052) | Pt_A1cGoalLev >= 22.280) | BldPrSys >= 17.285)
",0.974,0.974,0.000,0.000,1.000,0,0,0,4,4,0,0,4,0.0,0,0,0.0,0.0,1.0
"F[1,2](BGTestAvgNumMeter <= 4.261 & Pt_MotherT1D <= 0.000)
",-9999999.000,-9999999.000,0.000,0.000,1.000,0,0,0,4,4,0,0,4,0.0,0,0,0.0,0.0,1.0
"F[0,2]((diagAgeCombo <= 4.000 | NumPumpBolusOrShortAct <= 3.675) | age <= 2.963)
",-9999999.000,-9999999.000,0.000,0.000,1.000,0,0,0,4,4,0,0,4,0.0,0,0,0.0,0.0,1.0
"((Pt_ChildT1D <= 0.000) U[1,2] (Pt_A1cGoalLevelDsYr5 <= 0.000))
",-9999999.000,-9999999.000,0.000,0.000,1.000,0,0,0,4,4,0,0,4,0.0,0,0,0.0,0.0,1.0
"((HeightCm >= 141.105) U[2,2] (LDL <= 12.377))
",6967824727443771.000,12.377,0.000,0.000,1.000,0,0,0,4,4,0,0,4,0.0,0,0,0.0,0.0,1.0
"F[2,2]((LDL <= 59.061 & Pt_ChildT1D >= 0.000) & HDL >= 0.000)
",0.000,0.000,0.000,0.000,1.000,0,0,0,4,4,0,0,4,0.0,0,0,0.0,0.0,1.0
"F[1,2]((BGTestAvgNumMeter >= 0.775 | SMBGperDayPtMeterCombo >= 3.295) | AlbCreatRat_mggNew <= 5.909)
",-9999999.000,-9999999.000,0.000,0.000,1.000,0,0,0,4,4,0,0,4,0.0,0,0,0.0,0.0,1.0
"F[0,2](((Pt_A1cGoalLev >= 0.000 & Pt_InsGov <= 0.000) & BldPrDia <= 0.000) | age >= 0.000)
",-9999999.000,-9999999.000,0.000,0.000,1.000,0,0,0,4,4,0,0,4,0.0,0,0,0.0,0.0,1.0
"F[0,0](((HDL <= 16.867 | bmiPerc >= 0.968) | BGTestAvgNumPtRep <= 0.977) -> Pt_GrandparentT1D <= 0.978)
",-7.932,-24.228,0.000,0.000,1.000,0,0,0,4,4,0,0,4,0.0,0,0,0.0,0.0,1.0
"((age <= 12.766) U[0,1] (Pt_DKAFlg >= 0.000))
",-9999999.000,-9999999.000,0.000,0.000,1.000,0,0,0,4,4,0,0,4,0.0,0,0,0.0,0.0,1.0
"((DirectLDL <= 0.000) U[1,2] (DirectLDL <= 0.000))
",-9999999.000,-9999999.000,0.000,0.000,1.000,0,0,0,4,4,0,0,4,0.0,0,0,0.0,0.0,1.0
"F[1,2](UnitsInsBasalOrLongAct <= 38.530 & WeightKg >= 55.524)
",-9999999.000,-9999999.000,0.000,0.000,1.000,0,0,0,4,4,0,0,4,0.0,0,0,0.0,0.0,1.0
"F[1,2](((bmiPerc >= 0.969 -> Pt_FatherT1D >= 0.000) -> BldPrSys <= 0.000) & BGTestAvgNumMeter <= 0.000)
",-9999999.000,-9999999.000,0.000,0.000,1.000,0,0,0,4,4,0,0,4,0.0,0,0,0.0,0.0,1.0
"F[1,2]((Pt_DKAFlg <= 0.000 | Pt_A1cGoalLev <= 0.000) | TotChol <= 0.000)
",-9999999.000,-9999999.000,0.000,0.000,1.000,0,0,0,4,4,0,0,4,0.0,0,0,0.0,0.0,1.0
"F[0,1](BldPrSys <= 115.836 -> Pt_ChildT1D >= 0.000)
",-9999999.000,-9999999.000,0.000,0.000,1.000,0,0,0,4,4,0,0,4,0.0,0,0,0.0,0.0,1.0
"F[1,2](((BGTestAvgNumPtRep <= 5.828 | BUN <= 10.340) & HeightCm >= 1.522) -> Pt_SHFlg >= 1.046)
",-9999999.000,-9999999.000,0.000,0.000,1.000,0,0,0,4,4,0,0,4,0.0,0,0,0.0,0.0,1.0
"F[0,1](AlbCreatRat_mggNew >= 0.000 | bmi <= 28.700)
",-9999999.000,-9999999.000,0.000,0.000,1.000,0,0,0,4,4,0,0,4,0.0,0,0,0.0,0.0,1.0
"F[1,1](Pt_A1cGoalLevelDsYr5 <= 0.000 -> HbA1c <= 10.752)
",-10.752,-10.752,0.000,0.000,1.000,0,0,0,4,4,0,0,4,0.0,0,0,0.0,0.0,1.0
"((bmi >= 21.173) U[0,1] (Pt_InsGov >= 0.000))
",-9999999.000,-9999999.000,0.000,0.000,1.000,0,0,0,4,4,0,0,4,0.0,0,0,0.0,0.0,1.0
"F[2,2]((Triglyc <= 74.595 -> Pt_CGMUseNumDays >= 0.000) -> AlbCreatRat_mggNew <= 0.000)
",0.000,0.000,0.000,0.000,1.000,0,0,0,4,4,0,0,4,0.0,0,0,0.0,0.0,1.0
"F[0,2](Pt_ChildT1D >= 0.000 | Pt_GrandchildT1D >= 0.000)
",-9999999.000,-9999999.000,0.000,0.000,1.000,0,0,0,4,4,0,0,4,0.0,0,0,0.0,0.0,1.0
"F[2,2]((bmiPerc <= 0.979 | Pt_SHFlg >= 0.000) & WeightKg <= 0.000)
",0.000,0.000,0.000,0.000,1.000,0,0,0,4,4,0,0,4,0.0,0,0,0.0,0.0,1.0
"F[1,2]((Pt_DKAFlg >= 0.000 -> HbA1cImputeDtMnC >= 27.589) & BGTestAvgNumPtRep >= 4.571)
",-9999999.000,-9999999.000,0.000,0.000,1.000,0,0,0,4,4,0,0,4,0.0,0,0,0.0,0.0,1.0
"((LDL >= 4.985) U[0,2] (BUN <= 2.521))
",-9999999.000,-9999999.000,0.000,0.000,1.000,0,0,0,4,4,0,0,4,0.0,0,0,0.0,0.0,1.0
"F[1,2](TotChol <= 129.676 | Pt_A1cGoalLev <= 0.000)
",-9999999.000,-9999999.000,0.000,0.000,1.000,0,0,0,4,4,0,0,4,0.0,0,0,0.0,0.0,1.0
"F[1,2]((Pt_DKAFlg <= 0.000 & WeightKg <= 80.400) & Pt_SiblingT1D <= 83.128)
",-9999999.000,-9999999.000,0.000,0.000,1.000,0,0,0,4,4,0,0,4,0.0,0,0,0.0,0.0,1.0
"F[0,1](HbA1c <= 9.616 | diagAgeCombo >= 4.000)
",-9999999.000,-9999999.000,0.000,0.000,1.000,0,0,0,4,4,0,0,4,0.0,0,0,0.0,0.0,1.0
"((WeightKg >= 44.365) U[0,2] (diagAgeCombo >= 4.000))
",-9999999.000,-9999999.000,0.000,0.000,1.000,0,0,0,4,4,0,0,4,0.0,0,0,0.0,0.0,1.0
"((bmiPerc >= 0.971) U[0,0] (SMBGperDayPtMeterCombo <= 5.912))
",7.931,24.225,0.000,0.000,1.000,0,0,0,4,4,0,0,4,0.0,0,0,0.0,0.0,1.0
"F[1,2](NumPumpBolusOrShortAct >= 0.365 & AutonomicNeuroCl <= 0.000)
",-9999999.000,-9999999.000,0.000,0.000,1.000,0,0,0,4,4,0,0,4,0.0,0,0,0.0,0.0,1.0
"F[2,2](Pt_SHFlg <= 0.000 & Pt_FatherT1D <= 0.000)
",0.000,0.000,0.000,0.000,1.000,0,0,0,4,4,0,0,4,0.0,0,0,0.0,0.0,1.0
"F[0,0](((Pt_A1cGoalLevelDsYr5 <= 0.000 | BldPrDia <= 67.590) -> age <= 69.869) & HDL <= 69.583)
",-69.869,-69.869,0.000,0.000,1.000,0,0,0,4,4,0,0,4,0.0,0,0,0.0,0.0,1.0
"F[1,2](((NumPumpBolusOrShortAct >= 0.179 -> Pt_A1cGoalLevelDsYr5 >= 0.000) & BGTestAvgNumPtRep <= 0.000) & SMBGperDayPtMeterCombo <= 0.000)
",-9999999.000,-9999999.000,0.000,0.000,1.000,0,0,0,4,4,0,0,4,0.0,0,0,0.0,0.0,1.0
"F[1,2](bmiZscore >= 1.914 | NumPumpBolusOrShortAct <= 2.346)
",-9999999.000,-9999999.000,0.000,0.000,1.000,0,0,0,4,4,0,0,4,0.0,0,0,0.0,0.0,1.0
"F[0,2](TSH <= 1.493 -> Pt_InsGov >= 0.000)
",-9999999.000,-9999999.000,0.000,0.000,1.000,0,0,0,4,4,0,0,4,0.0,0,0,0.0,0.0,1.0
"((AutonomicNeuroCl >= 0.000) U[0,2] (Pt_GrandchildT1D <= 0.000))
",-9999999.000,-9999999.000,0.000,0.000,1.000,0,0,0,4,4,0,0,4,0.0,0,0,0.0,0.0,1.0
"F[0,2]((Pt_GrandparentT1D <= 0.000 -> GFR <= 0.000) | Pt_GrandchildT1D >= 0.000)
",-9999999.000,-9999999.000,0.000,0.000,1.000,0,0,0,4,4,0,0,4,0.0,0,0,0.0,0.0,1.0
"F[0,2](((Pt_ChildT1D <= 0.000 -> HeightCm <= 163.845) | diabDur >= 149.506) -> Pt_GrandparentT1D <= 156.965)
",-9999999.000,-9999999.000,0.000,0.000,1.000,0,0,0,4,4,0,0,4,0.0,0,0,0.0,0.0,1.0
"((DirectLDL >= 0.000) U[2,2] (LDL <= 9.002))
",9.002,9.002,0.000,0.000,1.000,0,0,0,4,4,0,0,4,0.0,0,0,0.0,0.0,1.0
"F[0,1](((AutonomicNeuroCl <= 0.000 & Pt_A1cGoalLevelDsYr5 >= 0.000) & TSH >= 0.000) | Pt_GrandparentT1D >= 0.000)
",-9999999.000,-9999999.000,0.000,0.000,1.000,0,0,0,4,4,0,0,4,0.0,0,0,0.0,0.0,1.0
"F[2,2]((HbA1cImputeDtMnC >= 42.014 | BGTestAvgNumMeter <= 4.378) & bmiPerc <= 2.024)
",2.024,2.024,0.000,0.000,1.000,0,0,0,4,4,0,0,4,0.0,0,0,0.0,0.0,1.0
"F[0,1]((Pt_MotherT1D <= 0.000 | BldPrDia >= 62.943) | NumPumpBolusOrShortAct <= 71.992)
",-9999999.000,-9999999.000,0.000,0.000,1.000,0,0,0,4,4,0,0,4,0.0,0,0,0.0,0.0,1.0
"F[0,1]((BldPrSys <= 115.245 & GFR <= 0.000) | SMBGperDayPtMeterCombo <= 0.000)
",-9999999.000,-9999999.000,0.000,0.000,1.000,0,0,0,4,4,0,0,4,0.0,0,0,0.0,0.0,1.0
"F[2,2](bmi >= 24.830 -> SMBGperDayPtMeterCombo <= 4.256)
",-4.256,-4.256,0.000,0.000,1.000,0,0,0,4,4,0,0,4,0.0,0,0,0.0,0.0,1.0
"F[1,2](HbA1cImputeDtMnC >= 10.608 -> HeightCm >= 146.409)
",-9999999.000,-9999999.000,0.000,0.000,1.000,0,0,0,4,4,0,0,4,0.0,0,0,0.0,0.0,1.0
"((bmiPerc >= 0.968) U[0,2] (HbA1c <= 9.636))
",-9999999.000,-9999999.000,0.000,0.000,1.000,0,0,0,4,4,0,0,4,0.0,0,0,0.0,0.0,1.0
"F[0,2](((Pt_FatherT1D <= 0.000 & bmiZscore <= 2.109) -> SMBGperDayPtMeterCombo <= 2.084) & HeightCm >= 1.849)
",-9999999.000,-9999999.000,0.000,0.000,1.000,0,0,0,4,4,0,0,4,0.0,0,0,0.0,0.0,1.0
"((AutonomicNeuroCl <= 0.000) U[1,2] (Pt_GrandchildT1D <= 0.000))
",-9999999.000,-9999999.000,0.000,0.000,1.000,0,0,0,4,4,0,0,4,0.0,0,0,0.0,0.0,1.0
"F[2,2](((BUN <= 1.925 | WeightKg >= 60.667) & BldPrDia >= 48.752) | TotalDailyInsPerKg >= 44.616)
",-6279122887088779.000,-44.616,0.000,0.000,1.000,0,0,0,4,4,0,0,4,0.0,0,0,0.0,0.0,1.0
"F[0,2]((Pt_FatherT1D >= 0.000 -> bmiZscore >= 1.965) | HbA1c <= 2.117)
",-9999999.000,-9999999.000,0.000,0.000,1.000,0,0,0,4,4,0,0,4,0.0,0,0,0.0,0.0,1.0
"F[0,1](((Pt_A1cGoalLev <= 0.000 -> age >= 8.455) | age <= 13.510) | TSH <= 13.251)
",-9999999.000,-9999999.000,0.000,0.000,1.000,0,0,0,4,4,0,0,4,0.0,0,0,0.0,0.0,1.0
"F[0,1](((Pt_SiblingT1D <= 0.000 -> bmiZscore >= 1.950) | bmiPerc <= 2.027) | AutonomicNeuroCl <= 2.011)
",-9999999.000,-9999999.000,0.000,0.000,1.000,0,0,0,4,4,0,0,4,0.0,0,0,0.0,0.0,1.0
"F[0,1](Pt_A1cGoalLevelDsYr5 <= 0.000 | GFR >= 0.000)
",-9999999.000,-9999999.000,0.000,0.000,1.000,0,0,0,4,4,0,0,4,0.0,0,0,0.0,0.0,1.0
"F[0,2](((Pt_MotherT1D <= 0.000 | LDL <= 41.917) | Pt_SiblingT1D >= 0.274) | bmiZscore <= 40.615)
",-9999999.000,-9999999.000,0.000,0.000,1.000,0,0,0,4,4,0,0,4,0.0,0,0,0.0,0.0,1.0
"F[0,1]((AlbCreatRat_mggNew <= 0.000 | SMBGperDayPtMeterCombo <= 4.205) | bmiZscore >= 3.137)
",-9999999.000,-9999999.000,0.000,0.000,1.000,0,0,0,4,4,0,0,4,0.0,0,0,0.0,0.0,1.0
"F[0,2](BldPrSys >= 111.006 | Pt_A1cGoalLev >= 0.000)
",-9999999.000,-9999999.000,0.000,0.000,1.000,0,0,0,4,4,0,0,4,0.0,0,0,0.0,0.0,1.0
"F[2,2](((BGTestAvgNumPtRep <= 3.346 | BldPrSys >= 103.993) -> GFR >= 101.599) | Pt_FatherT1D <= 116.616)
",116.616,116.616,0.000,0.000,1.000,0,0,0,4,4,0,0,4,0.0,0,0,0.0,0.0,1.0
"F[1,1]((TSH <= 2.241 | UnitsInsBasalOrLongAct <= 30.573) & Pt_MotherT1D <= 33.814)
",8605620959033475.000,30.573,0.000,0.000,1.000,0,0,0,4,4,0,0,4,0.0,0,0,0.0,0.0,1.0
"((HbA1cImputeDtMnC >= 1.273) U[0,2] (UnitsInsBasalOrLongAct >= 16.823))
",-9999999.000,-9999999.000,0.000,0.000,1.000,0,0,0,4,4,0,0,4,0.0,0,0,0.0,0.0,1.0
"((TotChol <= 88.925) U[0,0] (Pt_SiblingT1D <= 0.000))
",3.580,74.258,0.000,0.000,1.000,0,0,0,4,4,0,0,4,0.0,0,0,0.0,0.0,1.0
"F[2,2]((BldPrDia <= 67.063 & BldPrDia <= 71.010) & Pt_MotherT1D <= 65.039)
",65.039,65.039,0.000,0.000,1.000,0,0,0,4,4,0,0,4,0.0,0,0,0.0,0.0,1.0
"F[0,2](((Pt_CGMUseNumDays <= 0.000 -> Pt_CGMUseNumDays >= 0.000) -> bmiPerc <= 0.000) -> bmiZscore >= 0.000)
",-9999999.000,-9999999.000,0.000,0.000,1.000,0,0,0,4,4,0,0,4,0.0,0,0,0.0,0.0,1.0
"F[2,2](bmiZscore >= 1.936 | Triglyc >= 4.370)
",-1.936,-1.936,0.000,0.000,1.000,0,0,0,4,4,0,0,4,0.0,0,0,0.0,0.0,1.0
"((Pt_SiblingT1D <= 0.000) U[1,1] (AlbCreatRat_mggNew >= 0.000))
",0.000,0.000,0.000,0.000,1.000,0,0,0,4,4,0,0,4,0.0,0,0,0.0,0.0,1.0
"((BldPrSys >= 106.186) U[0,1] (BGTestAvgNumPtRep <= 5.746))
",-9999999.000,-9999999.000,0.000,0.000,1.000,0,0,0,4,4,0,0,4,0.0,0,0,0.0,0.0,1.0
"F[1,2](BldPrDia <= 66.118 -> NumPumpBolusOrShortAct >= 0.340)
",-9999999.000,-9999999.000,0.000,0.000,1.000,0,0,0,4,4,0,0,4,0.0,0,0,0.0,0.0,1.0
"F[0,2](SMBGperDayPtMeterCombo <= 4.565 & AlbCreatRat_mggNew >= 0.000)
",-9999999.000,-9999999.000,0.000,0.000,1.000,0,0,0,4,4,0,0,4,0.0,0,0,0.0,0.0,1.0
"F[0,0]((bmiPerc <= 0.979 | bmiPerc >= 0.970) | diabDur <= 0.978)
",7.931,24.225,0.000,0.000,1.000,0,0,0,4,4,0,0,4,0.0,0,0,0.0,0.0,1.0
"F[1,2](((Triglyc <= 94.327 & NumPumpBolusOrShortAct >= 3.25332745084569e-05) -> TotChol >= 0.375) | HDL >= 0.321)
",-9999999.000,-9999999.000,0.000,0.000,1.000,0,0,0,4,4,0,0,4,0.0,0,0,0.0,0.0,1.0
"F[1,1](HbA1c >= 8.348 -> Pt_A1cGoalLevelDsYr5 = 0.000)
",0.000,0.000,0.000,0.000,1.000,0,0,0,4,4,0,0,4,0.0,0,0,0.0,0.0,1.0
"F[1,2](((LDL >= 1.628 & LDL >= 3.945) | HeightCm <= 56.554) -> Pt_CGMUseNumDays >= 5.398)
",-9999999.000,-9999999.000,0.000,0.000,1.000,0,0,0,4,4,0,0,4,0.0,0,0,0.0,0.0,1.0
"F[2,2]((HDL <= 20.534 -> LDL >= 7.659) | TotalDailyInsPerKg <= 44.363)
",44.363,44.363,0.000,0.000,1.000,0,0,0,4,4,0,0,4,0.0,0,0,0.0,0.0,1.0
"F[2,2](((bmi >= 22.585 -> diabDur >= 6.546) & BldPrSys <= 7.659) & BldPrDia >= 3.562)
",-3.562,-3.562,0.000,0.000,1.000,0,0,0,4,4,0,0,4,0.0,0,0,0.0,0.0,1.0
"((bmi <= 27.651) U[0,1] (HbA1cImputeDtMnC <= 62.166))
",-9999999.000,-9999999.000,0.000,0.000,1.000,0,0,0,4,4,0,0,4,0.0,0,0,0.0,0.0,1.0
"F[1,2](bmi <= 28.150 & WeightKg >= 42.852)
",-9999999.000,-9999999.000,0.000,0.000,1.000,0,0,0,4,4,0,0,4,0.0,0,0,0.0,0.0,1.0
"F[0,2](((HeightCm <= 167.121 -> WeightKg >= 58.880) | AutonomicNeuroCl >= 40.007) | bmiZscore >= 45.791)
",-9999999.000,-9999999.000,0.000,0.000,1.000,0,0,0,4,4,0,0,4,0.0,0,0,0.0,0.0,1.0
"F[0,1](diabDur >= 6.387 -> WeightKg <= 74.530)
",-9999999.000,-9999999.000,0.000,0.000,1.000,0,0,0,4,4,0,0,4,0.0,0,0,0.0,0.0,1.0
"F[0,1](((BUN <= 4.887 & TotalDailyInsPerKg >= 0.010) -> BGTestAvgNumPtRep <= 0.113) & Pt_A1cGoalLev <= 0.110)
",-9999999.000,-9999999.000,0.000,0.000,1.000,0,0,0,4,4,0,0,4,0.0,0,0,0.0,0.0,1.0
"((LDL <= 10.093) U[0,1] (Triglyc <= 102.259))
",-9999999.000,-9999999.000,0.000,0.000,1.000,0,0,0,4,4,0,0,4,0.0,0,0,0.0,0.0,1.0
"F[0,1]((BldPrDia <= 68.656 -> TotChol <= 37.802) -> SMBGperDayPtMeterCombo <= 88.255)
",-9999999.000,-9999999.000,0.000,0.000,1.000,0,0,0,4,4,0,0,4,0.0,0,0,0.0,0.0,1.0
"((TotalDailyInsPerKg <= 0.143) U[0,1] (Pt_SHFlg = 0.000))
",-9999999.000,-9999999.000,0.000,0.000,1.000,0,0,0,4,4,0,0,4,0.0,0,0,0.0,0.0,1.0
"((Triglyc <= 103.235) U[0,1] (Pt_SHFlg = 0.000))
",-9999999.000,-9999999.000,0.000,0.000,1.000,0,0,0,4,4,0,0,4,0.0,0,0,0.0,0.0,1.0
"((TotChol < 37.348) U[0,2] (Pt_SHFlg = 0.000))
",-9999999.000,-9999999.000,0.000,0.000,1.000,0,0,0,4,4,0,0,4,0.0,0,0,0.0,0.0,1.0
"F[0,2](Pt_GrandchildT1D <= 0.000 & Pt_SHFlg = 0.000)
",-9999999.000,-9999999.000,0.000,0.000,1.000,0,0,0,4,4,0,0,4,0.0,0,0,0.0,0.0,1.0
"((bmiZscore < 2.115) U[1,2] (Pt_SHFlg = 0.000))
",-9999999.000,-9999999.000,0.000,0.000,1.000,0,0,0,4,4,0,0,4,0.0,0,0,0.0,0.0,1.0
"((bmiPerc <= 0.979) U[1,2] (Pt_SHFlg = 0.000))
",-9999999.000,-9999999.000,0.000,0.000,1.000,0,0,0,4,4,0,0,4,0.0,0,0,0.0,0.0,1.0
"F[2,2]((bmi <= 28.587 -> TotalDailyInsPerKg >= 0.003) | HeightCm >= 0.005)
",-0.005,-0.005,0.000,0.000,1.000,0,0,0,4,4,0,0,4,0.0,0,0,0.0,0.0,1.0
"F[2,2](((BldPrSys >= 103.397 -> diabDur <= 8.456) & Pt_GrandparentT1D >= 4.863) & Pt_InsGov <= 8.428)
",-8.456,-8.456,0.000,0.000,1.000,0,0,0,4,4,0,0,4,0.0,0,0,0.0,0.0,1.0
"((HeightCm >= 133.952) U[2,2] (Pt_SHFlg = 0.000))
",0.000,0.000,0.000,0.000,1.000,0,0,0,4,4,0,0,4,0.0,0,0,0.0,0.0,1.0
"F[0,1](((TotalDailyInsPerKg >= 0.004 & WeightKg <= 78.505) | diagAgeCombo <= 75.594) | HbA1c <= 63.811)
",-9999999.000,-9999999.000,0.000,0.000,1.000,0,0,0,4,4,0,0,4,0.0,0,0,0.0,0.0,1.0
"F[0,0]((bmiZscore >= 1.915 | BUN >= 1.353) -> age >= 0.121)
",-0.705,-38.802,0.000,0.000,1.000,0,0,0,4,4,0,0,4,0.0,0,0,0.0,0.0,1.0
"((bmi >= 21.761) U[2,2] (bmiPerc <= 0.982))
",0.982,0.982,0.000,0.000,1.000,0,0,0,4,4,0,0,4,0.0,0,0,0.0,0.0,1.0
"F[2,2](((bmiPerc <= 0.977 -> TotChol >= 1.453) & diabDur <= 84.585) | BGTestAvgNumPtRep <= 51.361)
",51.361,51.361,0.000,0.000,1.000,0,0,0,4,4,0,0,4,0.0,0,0,0.0,0.0,1.0
"F[1,2](diabDur >= 6.397 & SMBGperDayPtMeterCombo <= 5.959)
",-9999999.000,-9999999.000,0.000,0.000,1.000,0,0,0,4,4,0,0,4,0.0,0,0,0.0,0.0,1.0
"F[0,1](HbA1cImputeDtMnC >= 40.216 | SMBGperDayPtMeterCombo <= 5.073)
",-9999999.000,-9999999.000,0.000,0.000,1.000,0,0,0,4,4,0,0,4,0.0,0,0,0.0,0.0,1.0
"((BldPrDia >= 61.574) U[0,1] (bmi >= 22.509))
",-9999999.000,-9999999.000,0.000,0.000,1.000,0,0,0,4,4,0,0,4,0.0,0,0,0.0,0.0,1.0
"F[2,2](BldPrDia <= 71.013 -> UnitsInsBasalOrLongAct <= 40.067)
",-71.013,-71.013,0.000,0.000,1.000,0,0,0,4,4,0,0,4,0.0,0,0,0.0,0.0,1.0
"((bmiPerc <= 0.977) U[1,2] (TotalDailyInsPerKg >= 0.003))
",-9999999.000,-9999999.000,0.000,0.000,1.000,0,0,0,4,4,0,0,4,0.0,0,0,0.0,0.0,1.0
"F[2,2]((diabDur >= 3.129 | TotalDailyInsPerKg <= 0.093) | bmiPerc >= 0.010)
",0.093,0.093,0.000,0.000,1.000,0,0,0,4,4,0,0,4,0.0,0,0,0.0,0.0,1.0
"F[1,2](((BldPrSys <= 118.923 -> BUN <= 7.401) | diagAgeCombo <= 5.462) -> HDL >= 0.728)
",-9999999.000,-9999999.000,0.000,0.000,1.000,0,0,0,4,4,0,0,4,0.0,0,0,0.0,0.0,1.0
"F[0,1]((HeightCm >= 148.732 | SMBGperDayPtMeterCombo >= 3.337) | Triglyc <= 5.189)
",-9999999.000,-9999999.000,0.000,0.000,1.000,0,0,0,4,4,0,0,4,0.0,0,0,0.0,0.0,1.0
"F[0,1](BldPrSys >= 102.332 & WeightKg >= 44.245)
",-9999999.000,-9999999.000,0.000,0.000,1.000,0,0,0,4,4,0,0,4,0.0,0,0,0.0,0.0,1.0
"((bmi <= 28.226) U[1,2] (HbA1c <= 10.687))
",-9999999.000,-9999999.000,0.000,0.000,1.000,0,0,0,4,4,0,0,4,0.0,0,0,0.0,0.0,1.0
"F[1,2](bmiPerc <= 0.983 -> BUN <= 9.147)
",-9999999.000,-9999999.000,0.000,0.000,1.000,0,0,0,4,4,0,0,4,0.0,0,0,0.0,0.0,1.0
"((Pt_GrandparentT1D >= 0.000) U[0,0] (Pt_SHFlg = 0.000))
",0.000,0.000,0.000,0.000,1.000,0,0,0,4,4,0,0,4,0.0,0,0,0.0,0.0,1.0
"((TotalDailyInsPerKg < 0.124) U[0,2] (Pt_SHFlg = 0.000))
",-9999999.000,-9999999.000,0.000,0.000,1.000,0,0,0,4,4,0,0,4,0.0,0,0,0.0,0.0,1.0
"F[1,2]((HbA1c <= 9.894 -> SMBGperDayPtMeterCombo >= 3.322) -> AlbCreatRat_mggNew >= 3.071)
",-9999999.000,-9999999.000,0.000,0.000,1.000,0,0,0,4,4,0,0,4,0.0,0,0,0.0,0.0,1.0
"F[0,0](HbA1c >= 8.795 -> Pt_A1cGoalLevelDsYr5 = 0.000)
",0.000,0.000,0.000,0.000,1.000,0,0,0,4,4,0,0,4,0.0,0,0,0.0,0.0,1.0
"F[1,2](HbA1c >= 9.319 -> Pt_A1cGoalLevelDsYr5 = 0.000)
",-9999999.000,-9999999.000,0.000,0.000,1.000,0,0,0,4,4,0,0,4,0.0,0,0,0.0,0.0,1.0
"((BGTestAvgNumMeter >= 0.086) U[1,2] (BGTestAvgNumPtRep <= 5.475))
",-9999999.000,-9999999.000,0.000,0.000,1.000,0,0,0,4,4,0,0,4,0.0,0,0,0.0,0.0,1.0
"F[0,1](HbA1c >= 8.656 -> Pt_A1cGoalLevelDsYr5 = 0.000)
",-9999999.000,-9999999.000,0.000,0.000,1.000,0,0,0,4,4,0,0,4,0.0,0,0,0.0,0.0,1.0
"((BGTestAvgNumMeter >= 0.147) U[0,2] (BGTestAvgNumPtRep <= 5.478))
",-9999999.000,-9999999.000,0.000,0.000,1.000,0,0,0,4,4,0,0,4,0.0,0,0,0.0,0.0,1.0
"F[1,2](HbA1c >= 9.206 -> Pt_A1cGoalLevelDsYr5 = 0.000)
",-9999999.000,-9999999.000,0.000,0.000,1.000,0,0,0,4,4,0,0,4,0.0,0,0,0.0,0.0,1.0
"F[0,1](HbA1c >= 8.931 -> Pt_A1cGoalLevelDsYr5 = 0.000)
",-9999999.000,-9999999.000,0.000,0.000,1.000,0,0,0,4,4,0,0,4,0.0,0,0,0.0,0.0,1.0
"((BGTestAvgNumMeter >= 0.689) U[0,1] (BGTestAvgNumPtRep <= 5.508))
",-9999999.000,-9999999.000,0.000,0.000,1.000,0,0,0,4,4,0,0,4,0.0,0,0,0.0,0.0,1.0
"((HbA1cImputeDtMnC > 27.975) U[0,2] (Pt_SHFlg = 0.000))
",-9999999.000,-9999999.000,0.000,0.000,1.000,0,0,0,4,4,0,0,4,0.0,0,0,0.0,0.0,1.0
"F[1,2](HbA1c >= 8.881 -> Pt_A1cGoalLevelDsYr5 = 0.000)
",-9999999.000,-9999999.000,0.000,0.000,1.000,0,0,0,4,4,0,0,4,0.0,0,0,0.0,0.0,1.0
"F[0,2](HbA1c >= 8.427 -> Pt_A1cGoalLevelDsYr5 = 0.000)
",-9999999.000,-9999999.000,0.000,0.000,1.000,0,0,0,4,4,0,0,4,0.0,0,0,0.0,0.0,1.0
"((BGTestAvgNumMeter >= 1.834) U[0,1] (BGTestAvgNumPtRep <= 5.020))
",-9999999.000,-9999999.000,0.000,0.000,1.000,0,0,0,4,4,0,0,4,0.0,0,0,0.0,0.0,1.0
"F[1,1](HbA1c >= 7.975 -> Pt_A1cGoalLevelDsYr5 = 0.000)
",0.000,0.000,0.000,0.000,1.000,0,0,0,4,4,0,0,4,0.0,0,0,0.0,0.0,1.0
"((BGTestAvgNumMeter >= 0.146) U[0,2] (BGTestAvgNumPtRep <= 4.309))
",-9999999.000,-9999999.000,0.000,0.000,1.000,0,0,0,4,4,0,0,4,0.0,0,0,0.0,0.0,1.0
"F[1,1](HbA1c >= 8.035 -> Pt_A1cGoalLevelDsYr5 = 0.000)
",0.000,0.000,0.000,0.000,1.000,0,0,0,4,4,0,0,4,0.0,0,0,0.0,0.0,1.0
"F[0,1](diagAgeCombo >= 4.000 & Pt_SHFlg = 0.000)
",-9999999.000,-9999999.000,0.000,0.000,1.000,0,0,0,4,4,0,0,4,0.0,0,0,0.0,0.0,1.0
"F[0,2](AutonomicNeuroCl > 0.000 & Pt_SHFlg = 0.000)
",-9999999.000,-9999999.000,0.000,0.000,1.000,0,0,0,4,4,0,0,4,0.0,0,0,0.0,0.0,1.0
"((Pt_FatherT1D < 0.000) U[0,0] (Pt_SHFlg = 0.000))
",0.000,0.000,0.000,0.000,1.000,0,0,0,4,4,0,0,4,0.0,0,0,0.0,0.0,1.0
"F[1,1](BldPrDia <= 71.022 -> Pt_SHFlg = 0.000)
",-71.022,-71.022,0.000,0.000,1.000,0,0,0,4,4,0,0,4,0.0,0,0,0.0,0.0,1.0
"F[2,2](bmi < 27.851 -> Pt_SHFlg = 0.000)
",-27.851,-27.851,0.000,0.000,1.000,0,0,0,4,4,0,0,4,0.0,0,0,0.0,0.0,1.0
"F[0,1](TotalDailyInsPerKg > 0.015 -> Pt_SHFlg = 0.000)
",-9999999.000,-9999999.000,0.000,0.000,1.000,0,0,0,4,4,0,0,4,0.0,0,0,0.0,0.0,1.0
"F[2,2](BGTestAvgNumMeter < 3.233 & Pt_SHFlg = 0.000)
",0.000,0.000,0.000,0.000,1.000,0,0,0,4,4,0,0,4,0.0,0,0,0.0,0.0,1.0
"((DirectLDL >= 0.000) U[0,1] (Pt_SHFlg = 0.000))
",-9999999.000,-9999999.000,0.000,0.000,1.000,0,0,0,4,4,0,0,4,0.0,0,0,0.0,0.0,1.0
"F[0,1](AlbCreatRat_mggNew <= 0.000 -> Pt_SHFlg = 0.000)
",-9999999.000,-9999999.000,0.000,0.000,1.000,0,0,0,4,4,0,0,4,0.0,0,0,0.0,0.0,1.0
"F[1,1](DirectLDL < 0.000 -> Pt_SHFlg = 0.000)
",0.000,0.000,0.000,0.000,1.000,0,0,0,4,4,0,0,4,0.0,0,0,0.0,0.0,1.0
"((Pt_InsGov >= 0.000) U[1,2] (Pt_SHFlg = 0.000))
",-9999999.000,-9999999.000,0.000,0.000,1.000,0,0,0,4,4,0,0,4,0.0,0,0,0.0,0.0,1.0
"F[1,2](LDL < 45.862 -> Pt_SHFlg = 0.000)
",-9999999.000,-9999999.000,0.000,0.000,1.000,0,0,0,4,4,0,0,4,0.0,0,0,0.0,0.0,1.0
"F[0,2](GFR >= 0.000 -> Pt_SHFlg = 0.000)
",-9999999.000,-9999999.000,0.000,0.000,1.000,0,0,0,4,4,0,0,4,0.0,0,0,0.0,0.0,1.0
"((Pt_MotherT1D >= 0.000) U[0,2] (Pt_SHFlg = 0.000))
",-9999999.000,-9999999.000,0.000,0.000,1.000,0,0,0,4,4,0,0,4,0.0,0,0,0.0,0.0,1.0
"((bmi > 22.287) U[0,2] (Pt_SHFlg = 0.000))
",-9999999.000,-9999999.000,0.000,0.000,1.000,0,0,0,4,4,0,0,4,0.0,0,0,0.0,0.0,1.0
"F[0,2](Pt_ChildT1D < 0.000 -> Pt_SHFlg = 0.000)
",-9999999.000,-9999999.000,0.000,0.000,1.000,0,0,0,4,4,0,0,4,0.0,0,0,0.0,0.0,1.0
"((HDL < 6.915) U[1,1] (Pt_SHFlg = 0.000))
",6.915,6.915,0.000,0.000,1.000,0,0,0,4,4,0,0,4,0.0,0,0,0.0,0.0,1.0
"((Pt_InsGov < 0.000) U[2,2] (Pt_SHFlg = 0.000))
",0.000,0.000,0.000,0.000,1.000,0,0,0,4,4,0,0,4,0.0,0,0,0.0,0.0,1.0
"((bmiZscore >= 1.928) U[2,2] (TotChol >= 12.482))
",-8680691629738549.000,-1.928,0.000,0.000,1.000,0,0,0,4,4,0,0,4,0.0,0,0,0.0,0.0,1.0
"F[0,0]((BGTestAvgNumPtRep <= 4.671 -> TSH <= 1.393) -> Pt_SiblingT1D <= 1.473)
",-1.473,-1.473,0.000,0.000,1.000,0,0,0,4,4,0,0,4,0.0,0,0,0.0,0.0,1.0
"F[2,2](((bmiZscore <= 1.995 | UnitsInsBasalOrLongAct <= 30.731) & Pt_InsGov <= 37.319) & Pt_InsGov >= 17.502)
",-17.502,-17.502,0.000,0.000,1.000,0,0,0,4,4,0,0,4,0.0,0,0,0.0,0.0,1.0
"F[2,2](((bmi >= 25.293 -> NumPumpBolusOrShortAct >= 0.530) | Pt_SiblingT1D <= 3.532) & DirectLDL <= 1.216)
",1.216,1.216,0.000,0.000,1.000,0,0,0,4,4,0,0,4,0.0,0,0,0.0,0.0,1.0
"((Triglyc >= 3.715) U[0,1] (UnitsInsBasalOrLongAct >= 6.222))
",-9999999.000,-9999999.000,0.000,0.000,1.000,0,0,0,4,4,0,0,4,0.0,0,0,0.0,0.0,1.0
"F[1,1](HbA1cImputeDtMnC >= 32.421 -> NumPumpBolusOrShortAct <= 1.770)
",-1.770,-1.770,0.000,0.000,1.000,0,0,0,4,4,0,0,4,0.0,0,0,0.0,0.0,1.0
"((age <= 11.850) U[0,2] (NumPumpBolusOrShortAct >= 0.188))
",-9999999.000,-9999999.000,0.000,0.000,1.000,0,0,0,4,4,0,0,4,0.0,0,0,0.0,0.0,1.0
"F[1,2](bmiZscore >= 1.894 -> Triglyc >= 16.346)
",-9999999.000,-9999999.000,0.000,0.000,1.000,0,0,0,4,4,0,0,4,0.0,0,0,0.0,0.0,1.0
"F[1,2]((HbA1c >= 9.031 & TSH >= 0.108) | Pt_A1cGoalLevelDsYr5 <= 2.059)
",-9999999.000,-9999999.000,0.000,0.000,1.000,0,0,0,4,4,0,0,4,0.0,0,0,0.0,0.0,1.0
"F[0,2](LDL <= 54.255 -> NumPumpBolusOrShortAct >= 0.445)
",-9999999.000,-9999999.000,0.000,0.000,1.000,0,0,0,4,4,0,0,4,0.0,0,0,0.0,0.0,1.0
"F[1,2](((BGTestAvgNumMeter >= 1.865 & diabDur >= 4.706) -> TotalDailyInsPerKg <= 7.315) | HbA1cImputeDtMnC <= 7.998)
",-9999999.000,-9999999.000,0.000,0.000,1.000,0,0,0,4,4,0,0,4,0.0,0,0,0.0,0.0,1.0
"F[1,2](((BGTestAvgNumPtRep >= 2.693 | HbA1c <= 9.591) -> Pt_GrandparentT1D <= 9.710) -> HDL >= 8.095)
",-9999999.000,-9999999.000,0.000,0.000,1.000,0,0,0,4,4,0,0,4,0.0,0,0,0.0,0.0,1.0
"F[1,2]((NumPumpBolusOrShortAct <= 3.885 & WeightKg <= 77.346) | bmi <= 83.069)
",-9999999.000,-9999999.000,0.000,0.000,1.000,0,0,0,4,4,0,0,4,0.0,0,0,0.0,0.0,1.0
"((bmiZscore <= 2.052) U[1,2] (HbA1c <= 9.448))
",-9999999.000,-9999999.000,0.000,0.000,1.000,0,0,0,4,4,0,0,4,0.0,0,0,0.0,0.0,1.0
"F[0,2](((BGTestAvgNumMeter >= 1.473 | HeightCm >= 131.802) -> GFR >= 129.702) | HDL <= 157.135)
",-9999999.000,-9999999.000,0.000,0.000,1.000,0,0,0,4,4,0,0,4,0.0,0,0,0.0,0.0,1.0
"F[1,2](((BGTestAvgNumMeter <= 4.724 -> HbA1cImputeDtMnC >= 38.762) & TotChol >= 22.272) | diagAgeCombo <= 47.311)
",-9999999.000,-9999999.000,0.000,0.000,1.000,0,0,0,4,4,0,0,4,0.0,0,0,0.0,0.0,1.0
"F[1,2](((NumPumpBolusOrShortAct <= 3.136 & SMBGperDayPtMeterCombo <= 5.900) -> LDL >= 3.936) -> Pt_FatherT1D <= 4.216)
",-9999999.000,-9999999.000,0.000,0.000,1.000,0,0,0,4,4,0,0,4,0.0,0,0,0.0,0.0,1.0
"F[1,2](((BUN >= 1.106 & TSH >= 0.320) & BGTestAvgNumMeter <= 1.456) | BGTestAvgNumMeter <= 1.779)
",-9999999.000,-9999999.000,0.000,0.000,1.000,0,0,0,4,4,0,0,4,0.0,0,0,0.0,0.0,1.0
"F[0,1](((HDL <= 20.490 -> UnitsInsBasalOrLongAct >= 26.813) & BldPrDia <= 42.655) -> Pt_DKAFlg >= 13.897)
",-9999999.000,-9999999.000,0.000,0.000,1.000,0,0,0,4,4,0,0,4,0.0,0,0,0.0,0.0,1.0
"((BGTestAvgNumMeter >= 1.840) U[0,0] (BGTestAvgNumPtRep <= 5.077))
",1.724,26.132,0.000,0.000,1.000,0,0,0,4,4,0,0,4,0.0,0,0,0.0,0.0,1.0
"F[1,2](((diabDur <= 8.533 -> TSH >= 0.311) & Pt_ChildT1D <= 2.013) | AutonomicNeuroCl <= 1.745)
",-9999999.000,-9999999.000,0.000,0.000,1.000,0,0,0,4,4,0,0,4,0.0,0,0,0.0,0.0,1.0
"F[1,1](((NumPumpBolusOrShortAct >= 0.211 & HDL <= 13.943) | Pt_GrandparentT1D <= 29.335) | bmiPerc <= 32.603)
",32.603,32.603,0.000,0.000,1.000,0,0,0,4,4,0,0,4,0.0,0,0,0.0,0.0,1.0
"((Pt_A1cGoalLev >= 0.000) U[0,2] (HbA1c <= 9.686))
",-9999999.000,-9999999.000,0.000,0.000,1.000,0,0,0,4,4,0,0,4,0.0,0,0,0.0,0.0,1.0
"F[0,1]((Pt_InsGov <= 0.000 | GFR >= 0.000) | TotChol <= 0.000)
",-9999999.000,-9999999.000,0.000,0.000,1.000,0,0,0,4,4,0,0,4,0.0,0,0,0.0,0.0,1.0
"F[1,1](((diagAgeCombo >= 4.000 -> BldPrDia >= 61.534) & AutonomicNeuroCl <= 66.188) -> HDL <= 66.624)
",-66.624,-66.624,0.000,0.000,1.000,0,0,0,4,4,0,0,4,0.0,0,0,0.0,0.0,1.0
"F[0,1]((BldPrSys >= 102.044 -> diabDur >= 3.411) -> Pt_DKAFlg <= 7.360)
",-9999999.000,-9999999.000,0.000,0.000,1.000,0,0,0,4,4,0,0,4,0.0,0,0,0.0,0.0,1.0
"F[1,2](((Pt_A1cGoalLevelDsYr5 <= 0.000 | SMBGperDayPtMeterCombo >= 4.010) & diagAgeCombo <= 5.451) | BldPrSys >= 2.002)
",-9999999.000,-9999999.000,0.000,0.000,1.000,0,0,0,4,4,0,0,4,0.0,0,0,0.0,0.0,1.0
"F[0,1]((Pt_SiblingT1D <= 0.000 -> AutonomicNeuroCl >= 0.000) | bmiZscore >= 0.000)
",-9999999.000,-9999999.000,0.000,0.000,1.000,0,0,0,4,4,0,0,4,0.0,0,0,0.0,0.0,1.0
"F[1,2](((bmi >= 21.192 -> Triglyc >= 1.640) | HbA1c >= 3.262) -> BGTestAvgNumMeter >= 7.893)
",-9999999.000,-9999999.000,0.000,0.000,1.000,0,0,0,4,4,0,0,4,0.0,0,0,0.0,0.0,1.0
"F[2,2]((HeightCm <= 153.204 | Triglyc >= 15.918) -> Pt_SHFlg <= 96.249)
",-153.204,-153.204,0.000,0.000,1.000,0,0,0,4,4,0,0,4,0.0,0,0,0.0,0.0,1.0
"F[1,1](((HDL <= 27.738 -> WeightKg >= 51.132) -> Pt_FatherT1D <= 78.629) | Pt_CGMUseNumDays <= 69.524)
",69.524,69.524,0.000,0.000,1.000,0,0,0,4,4,0,0,4,0.0,0,0,0.0,0.0,1.0
"F[0,1]((BldPrSys >= 103.848 & Triglyc <= 22.074) -> WeightKg >= 0.632)
",-9999999.000,-9999999.000,0.000,0.000,1.000,0,0,0,4,4,0,0,4,0.0,0,0,0.0,0.0,1.0
"F[1,2](((NumPumpBolusOrShortAct <= 1.307 & UnitsInsBasalOrLongAct <= 32.877) -> SMBGperDayPtMeterCombo <= 42.398) & bmiPerc <= 32.402)
",-9999999.000,-9999999.000,0.000,0.000,1.000,0,0,0,4,4,0,0,4,0.0,0,0,0.0,0.0,1.0
"F[0,1]((HbA1cImputeDtMnC >= 39.562 | LDL >= 4.637) -> diagAgeCombo >= 0.967)
",-9999999.000,-9999999.000,0.000,0.000,1.000,0,0,0,4,4,0,0,4,0.0,0,0,0.0,0.0,1.0
"F[2,2](((HbA1cImputeDtMnC >= 11.171 & HDL >= 2.217) -> AlbCreatRat_mggNew >= 3.906) | WeightKg >= 1.576)
",3.906,3.906,0.000,0.000,1.000,0,0,0,4,4,0,0,4,0.0,0,0,0.0,0.0,1.0
"F[0,2]((BGTestAvgNumMeter >= 0.693 | TSH >= 0.032) -> BldPrSys <= 1.739)
",-9999999.000,-9999999.000,0.000,0.000,1.000,0,0,0,4,4,0,0,4,0.0,0,0,0.0,0.0,1.0
"((TSH <= 0.849) U[1,2] (WeightKg <= 80.182))
",-9999999.000,-9999999.000,0.000,0.000,1.000,0,0,0,4,4,0,0,4,0.0,0,0,0.0,0.0,1.0
"F[0,1](HbA1c >= 8.042 | HDL >= 4.227)
",-9999999.000,-9999999.000,0.000,0.000,1.000,0,0,0,4,4,0,0,4,0.0,0,0,0.0,0.0,1.0
"F[1,2](((HDL >= 3.706 & TotChol <= 76.136) -> Pt_InsGov >= 0.153) | TotalDailyInsPerKg <= 114.320)
",-9999999.000,-9999999.000,0.000,0.000,1.000,0,0,0,4,4,0,0,4,0.0,0,0,0.0,0.0,1.0
"((bmiPerc <= 0.977) U[0,1] (TSH <= 1.928))
",-9999999.000,-9999999.000,0.000,0.000,1.000,0,0,0,4,4,0,0,4,0.0,0,0,0.0,0.0,1.0
"F[0,1](((BldPrDia <= 72.903 & SMBGperDayPtMeterCombo <= 5.032) | Pt_A1cGoalLev >= 2.360) | BUN <= 5.330)
",-9999999.000,-9999999.000,0.000,0.000,1.000,0,0,0,4,4,0,0,4,0.0,0,0,0.0,0.0,1.0
"F[1,2](((TotChol >= 24.574 -> UnitsInsBasalOrLongAct <= 32.815) & DirectLDL >= 16.639) -> bmi >= 6.959)
",-9999999.000,-9999999.000,0.000,0.000,1.000,0,0,0,4,4,0,0,4,0.0,0,0,0.0,0.0,1.0
"F[2,2](HbA1cImputeDtMnC <= 68.267 & TotChol <= 62.502)
",62.502,62.502,0.000,0.000,1.000,0,0,0,4,4,0,0,4,0.0,0,0,0.0,0.0,1.0
"F[0,2](((BldPrSys <= 113.697 & TotChol <= 46.020) & Pt_CGMUseNumDays >= 31.224) & BUN <= 48.696)
",-9999999.000,-9999999.000,0.000,0.000,1.000,0,0,0,4,4,0,0,4,0.0,0,0,0.0,0.0,1.0
"F[2,2](diabDur >= 6.027 -> TotChol <= 127.925)
",-9001953052959531.000,-127.925,0.000,0.000,1.000,0,0,0,4,4,0,0,4,0.0,0,0,0.0,0.0,1.0
"F[0,0]((HbA1c >= 8.368 & TotalDailyInsPerKg >= 0.017) | Pt_MotherT1D <= 0.084)
",0.084,0.084,0.000,0.000,1.000,0,0,0,4,4,0,0,4,0.0,0,0,0.0,0.0,1.0
"F[0,2](BGTestAvgNumPtRep >= 2.003 & BldPrDia <= 71.837)
",-9999999.000,-9999999.000,0.000,0.000,1.000,0,0,0,4,4,0,0,4,0.0,0,0,0.0,0.0,1.0
"F[1,2](((HeightCm >= 140.976 -> TotChol >= 12.257) -> Pt_A1cGoalLevelDsYr5 >= 10.368) | age <= 110.428)
",-9999999.000,-9999999.000,0.000,0.000,1.000,0,0,0,4,4,0,0,4,0.0,0,0,0.0,0.0,1.0
"F[2,2](BldPrSys >= 101.808 & HbA1c <= 9.745)
",-101.808,-101.808,0.000,0.000,1.000,0,0,0,4,4,0,0,4,0.0,0,0,0.0,0.0,1.0
"F[1,2](BGTestAvgNumMeter <= 3.997 & HDL <= 31.681)
",-9999999.000,-9999999.000,0.000,0.000,1.000,0,0,0,4,4,0,0,4,0.0,0,0,0.0,0.0,1.0
"F[2,2](((BGTestAvgNumMeter <= 2.205 & NumPumpBolusOrShortAct >= 0.020) & TSH <= 2.047) | HbA1cImputeDtMnC >= 0.552)
",-0.020,-0.020,0.000,0.000,1.000,0,0,0,4,4,0,0,4,0.0,0,0,0.0,0.0,1.0
"((bmi <= 29.329) U[0,1] (SMBGperDayPtMeterCombo >= 2.765))
",-9999999.000,-9999999.000,0.000,0.000,1.000,0,0,0,4,4,0,0,4,0.0,0,0,0.0,0.0,1.0
"F[1,2](SMBGperDayPtMeterCombo <= 5.626 | TSH <= 1.818)
",-9999999.000,-9999999.000,0.000,0.000,1.000,0,0,0,4,4,0,0,4,0.0,0,0,0.0,0.0,1.0
"F[2,2](((bmi >= 26.354 | bmiZscore <= 2.108) | Pt_SiblingT1D >= 1.872) -> Pt_MotherT1D >= 1.904)
",-2.108,-2.108,0.000,0.000,1.000,0,0,0,4,4,0,0,4,0.0,0,0,0.0,0.0,1.0
"F[1,1](BGTestAvgNumPtRep <= 5.480 -> HeightCm >= 133.225)
",-5.480,-5.480,0.000,0.000,1.000,0,0,0,4,4,0,0,4,0.0,0,0,0.0,0.0,1.0
"F[0,2](((BGTestAvgNumPtRep >= 2.915 | UnitsInsBasalOrLongAct >= 28.877) & SMBGperDayPtMeterCombo >= 23.900) -> HbA1cImputeDtMnC <= 42.092)
",-9999999.000,-9999999.000,0.000,0.000,1.000,0,0,0,4,4,0,0,4,0.0,0,0,0.0,0.0,1.0
"F[0,2](HbA1c >= 7.814 & Triglyc >= 9.984)
",-9999999.000,-9999999.000,0.000,0.000,1.000,0,0,0,4,4,0,0,4,0.0,0,0,0.0,0.0,1.0
"F[0,0](((BGTestAvgNumPtRep <= 4.627 -> bmi >= 22.811) & bmiZscore >= 21.270) -> AlbCreatRat_mggNew >= 22.841)
",3.847,17.144,0.000,0.000,1.000,0,0,0,4,4,0,0,4,0.0,0,0,0.0,0.0,1.0
"F[0,1]((LDL <= 52.280 & TSH <= 2.001) | BUN <= 0.629)
",-9999999.000,-9999999.000,0.000,0.000,1.000,0,0,0,4,4,0,0,4,0.0,0,0,0.0,0.0,1.0
"F[2,2]((HDL >= 2.778 -> TSH <= 2.040) -> HbA1c <= 1.434)
",-1.434,-1.434,0.000,0.000,1.000,0,0,0,4,4,0,0,4,0.0,0,0,0.0,0.0,1.0
"F[0,2]((SMBGperDayPtMeterCombo >= 3.283 -> TotChol >= 20.263) & Pt_A1cGoalLevelDsYr5 >= 22.655)
",-9999999.000,-9999999.000,0.000,0.000,1.000,0,0,0,4,4,0,0,4,0.0,0,0,0.0,0.0,1.0
"F[1,2](((bmiZscore <= 2.135 & diabDur >= 5.552) & Pt_SiblingT1D >= 5.634) | Pt_SHFlg >= 6.088)
",-9999999.000,-9999999.000,0.000,0.000,1.000,0,0,0,4,4,0,0,4,0.0,0,0,0.0,0.0,1.0
"((BGTestAvgNumMeter <= 4.331) U[0,1] (BUN <= 7.153))
",-9999999.000,-9999999.000,0.000,0.000,1.000,0,0,0,4,4,0,0,4,0.0,0,0,0.0,0.0,1.0
"F[0,1](((bmiZscore <= 2.052 & HbA1cImputeDtMnC <= 63.431) | Pt_SHFlg >= 11.273) | Pt_InsGov >= 8.519)
",-9999999.000,-9999999.000,0.000,0.000,1.000,0,0,0,4,4,0,0,4,0.0,0,0,0.0,0.0,1.0
"F[1,2]((bmiZscore <= 2.057 -> WeightKg >= 35.966) -> AutonomicNeuroCl >= 48.812)
",-9999999.000,-9999999.000,0.000,0.000,1.000,0,0,0,4,4,0,0,4,0.0,0,0,0.0,0.0,1.0
"F[0,2]((bmiPerc <= 0.983 | HbA1cImputeDtMnC <= 47.225) & Pt_A1cGoalLev >= 23.846)
",-9999999.000,-9999999.000,0.000,0.000,1.000,0,0,0,4,4,0,0,4,0.0,0,0,0.0,0.0,1.0
"F[1,1]((bmiPerc <= 0.982 | HeightCm >= 139.194) -> Pt_FatherT1D <= 156.308)
",-156.308,-156.308,0.000,0.000,1.000,0,0,0,4,4,0,0,4,0.0,0,0,0.0,0.0,1.0
"F[0,2](BGTestAvgNumMeter >= 1.067 -> BGTestAvgNumPtRep >= 1.756)
",-9999999.000,-9999999.000,0.000,0.000,1.000,0,0,0,4,4,0,0,4,0.0,0,0,0.0,0.0,1.0
"F[0,2]((bmiPerc >= 0.969 & diabDur <= 7.460) -> Pt_DKAFlg >= 3.415)
",-9999999.000,-9999999.000,0.000,0.000,1.000,0,0,0,4,4,0,0,4,0.0,0,0,0.0,0.0,1.0
"F[1,2]((BGTestAvgNumPtRep >= 1.106 -> diabDur <= 7.697) -> BldPrDia >= 6.408)
",-9999999.000,-9999999.000,0.000,0.000,1.000,0,0,0,4,4,0,0,4,0.0,0,0,0.0,0.0,1.0
"F[2,2]((age >= 9.642 & BGTestAvgNumPtRep >= 0.129) -> DirectLDL >= 0.716)
",6448941760493827.000,0.716,0.000,0.000,1.000,0,0,0,4,4,0,0,4,0.0,0,0,0.0,0.0,1.0
"F[1,2](((BldPrDia >= 61.991 | Triglyc >= 8.786) | Pt_GrandparentT1D >= 10.247) & bmiZscore <= 87.076)
",-9999999.000,-9999999.000,0.000,0.000,1.000,0,0,0,4,4,0,0,4,0.0,0,0,0.0,0.0,1.0
"F[2,2](((HDL <= 21.358 & HeightCm <= 160.111) & HbA1cImputeDtMnC <= 154.117) -> AutonomicNeuroCl <= 157.350)
",-157.350,-157.350,0.000,0.000,1.000,0,0,0,4,4,0,0,4,0.0,0,0,0.0,0.0,1.0
