Rule,Discrimination Score,Pos Robustness,Neg Robustness,Percent Class +,Percent Class -,TP,TN,FP,FN,Actual Yes,Actual No,Predicted Yes,Predicted No,TPR/Sens,TNR/Spec,FPR,Precision,Accuracy,MCR,Class
"G[0,0](((age >= 33.832 & WeightKg >= 31.325) | BldPrDia >= 22.432) | BldPrSys <= 103.750)
",20.008,115.902,0.000,1.000,0.000,4,0,0,0,4,0,4,0,1.0,0.0,0.0,1.0,1.1428571428571428,-0.1428571428571428,1
"G[0,0](DirectLDL >= 0.000 | WeightKg <= 100.901)
",77.782,186.267,0.000,1.000,0.000,4,0,0,0,4,0,4,0,1.0,0.0,0.0,1.0,1.1428571428571428,-0.1428571428571428,1
"F[0,0](((bmi >= 0.635 | bmi >= 5.132) & Pt_FatherT1D >= 4.497) & Pt_InsGov <= 29.502)
",-4.497,-4.497,0.000,0.000,1.000,4,0,0,0,4,0,4,0,1.0,0.0,0.0,1.0,1.1428571428571428,-0.1428571428571428,-1
"G[0,0](age <= 37.122 -> TotalDailyInsPerKg >= 0.030)
",-37.122,-37.122,0.000,1.000,0.000,4,0,0,0,4,0,4,0,1.0,0.0,0.0,1.0,1.1428571428571428,-0.1428571428571428,1
"F[0,0](bmi <= 30.290 & diabDur <= 17.976)
",-13.382,-16.690,0.000,0.000,1.000,4,0,0,0,4,0,4,0,1.0,0.0,0.0,1.0,1.1428571428571428,-0.1428571428571428,-1
"G[0,0](((Pt_DKAFlg <= 0.000 & GFR >= 0.000) -> NumPumpBolusOrShortAct <= 0.000) -> Pt_A1cGoalLevelDsYr5 <= 0.000)
",0.000,0.000,0.000,1.000,0.000,4,0,0,0,4,0,4,0,1.0,0.0,0.0,1.0,1.1428571428571428,-0.1428571428571428,1
"G[0,0]((Pt_GrandparentT1D <= 0.646 -> TSH >= 0.251) -> age >= 0.129)
",0.129,0.129,0.000,1.000,0.000,4,0,0,0,4,0,4,0,1.0,0.0,0.0,1.0,1.1428571428571428,-0.1428571428571428,1
"G[0,0](((Pt_SiblingT1D >= 0.000 -> HbA1cImputeDtMnC <= 59.801) & Pt_MotherT1D <= 57.891) | bmiPerc <= 61.760)
",51.355,30.551,0.000,1.000,0.000,4,0,0,0,4,0,4,0,1.0,0.0,0.0,1.0,1.1428571428571428,-0.1428571428571428,1
"G[0,0](Pt_DKAFlg >= 0.000 & Pt_SHFlg = 0.000)
",-1.339,-20.902,0.000,1.000,0.000,4,0,0,0,4,0,4,0,1.0,0.0,0.0,1.0,1.1428571428571428,-0.1428571428571428,1
"F[0,0](((HeightCm <= 162.263 & Pt_GrandparentT1D <= 0.437) & NumPumpBolusOrShortAct >= 0.099) & NumPumpBolusOrShortAct >= 0.054)
",-0.099,-0.099,0.000,0.000,1.000,4,0,0,0,4,0,4,0,1.0,0.0,0.0,1.0,1.1428571428571428,-0.1428571428571428,-1
"G[0,0]((BldPrDia >= 75.340 | bmiPerc <= 0.000) | HeightCm >= 0.000)
",61.853,108.257,0.000,1.000,0.000,4,0,0,0,4,0,4,0,1.0,0.0,0.0,1.0,1.1428571428571428,-0.1428571428571428,1
"G[0,0](Pt_CGMUseNumDays <= 0.789 | Triglyc >= 36.822)
",-0.016,-0.822,0.000,1.000,0.000,4,0,0,0,4,0,4,0,1.0,0.0,0.0,1.0,1.1428571428571428,-0.1428571428571428,1
"G[0,0](((Pt_ChildT1D >= 0.000 | BldPrDia >= 80.516) | TotalDailyInsPerKg <= 82.338) | Pt_InsGov <= 83.909)
",83.909,83.909,0.000,1.000,0.000,4,0,0,0,4,0,4,0,1.0,0.0,0.0,1.0,1.1428571428571428,-0.1428571428571428,1
"G[0,0](((UnitsInsBasalOrLongAct >= 31.458 & Pt_DKAFlg <= 0.000) | Pt_GrandchildT1D <= 0.000) -> Pt_ChildT1D >= 0.000)
",0.000,0.000,0.000,1.000,0.000,4,0,0,0,4,0,4,0,1.0,0.0,0.0,1.0,1.1428571428571428,-0.1428571428571428,1
"G[0,0](((bmi <= 30.978 -> HDL <= 51.461) -> Pt_ChildT1D <= 39.253) & age <= 52.310)
",-39.253,-39.253,0.000,1.000,0.000,4,0,0,0,4,0,4,0,1.0,0.0,0.0,1.0,1.1428571428571428,-0.1428571428571428,1
"G[0,0](BUN <= 17.000 -> TSH <= 0.778)
",-0.446,-4.185,0.000,1.000,0.000,4,0,0,0,4,0,4,0,1.0,0.0,0.0,1.0,1.1428571428571428,-0.1428571428571428,1
"G[0,0](((NumPumpBolusOrShortAct <= 7.949 & WeightKg <= 104.800) -> Pt_A1cGoalLev <= 101.671) | bmiZscore <= 109.486)
",109.486,109.486,0.000,1.000,0.000,4,0,0,0,4,0,4,0,1.0,0.0,0.0,1.0,1.1428571428571428,-0.1428571428571428,1
"((TotChol >= 4.606) U[1,2] (diagAgeCombo <= 20.000))
",-9999999.000,-9999999.000,0.000,0.000,1.000,3,0,0,1,4,0,3,1,0.75,0.0,0.0,1.0,0.8571428571428571,0.1428571428571429,-1
"F[1,1](((TotalDailyInsPerKg <= 1.043 -> TotChol >= 7.084) | Pt_MotherT1D >= 10.448) & TSH >= 3.977)
",-8954324030732813.000,-3.977,0.000,0.000,1.000,3,0,0,1,4,0,3,1,0.75,0.0,0.0,1.0,0.8571428571428571,0.1428571428571429,-1
"F[1,1]((Pt_ChildT1D >= 0.000 | AlbCreatRat_mggNew >= 2.653) & TotalDailyInsPerKg >= 2.475)
",-2.475,-2.475,0.000,0.000,1.000,3,0,0,1,4,0,3,1,0.75,0.0,0.0,1.0,0.8571428571428571,0.1428571428571429,-1
"F[0,1]((HeightCm <= 163.154 & Pt_GrandchildT1D >= 0.000) & Pt_CGMUseNumDays >= 0.000)
",-9999999.000,-9999999.000,0.000,0.000,1.000,3,0,0,1,4,0,3,1,0.75,0.0,0.0,1.0,0.8571428571428571,0.1428571428571429,-1
"F[0,0](((LDL >= 15.233 | Pt_CGMUseNumDays <= 0.656) & bmiPerc <= 0.266) & TotalDailyInsPerKg <= 0.904)
",-52.015,-30.943,0.000,0.000,1.000,3,0,0,1,4,0,3,1,0.75,0.0,0.0,1.0,0.8571428571428571,0.1428571428571429,-1
"G[0,1](Pt_A1cGoalLev >= 0.000 -> Pt_SHFlg = 0.000)
",9999999.000,9999999.000,0.000,1.000,0.000,3,0,1,0,3,1,4,0,1.0,0.0,1.0,0.75,0.8571428571428571,0.1428571428571429,1
"F[0,1](Pt_GrandchildT1D < 0.000 & Pt_SHFlg = 0.000)
",-9999999.000,-9999999.000,0.000,0.000,1.000,3,0,0,1,4,0,3,1,0.75,0.0,0.0,1.0,0.8571428571428571,0.1428571428571429,-1
"F[0,1]((DirectLDL <= 0.000 | SMBGperDayPtMeterCombo <= 2.750) -> Pt_SiblingT1D >= 1.135)
",-9999999.000,-9999999.000,0.000,0.000,1.000,3,0,0,1,4,0,3,1,0.75,0.0,0.0,1.0,0.8571428571428571,0.1428571428571429,-1
"G[0,1]((HeightCm >= 110.890 | UnitsInsBasalOrLongAct >= 8.083) -> Pt_A1cGoalLevelDsYr5 <= 56.676)
",9999999.000,9999999.000,0.000,1.000,0.000,3,0,1,0,3,1,4,0,1.0,0.0,1.0,0.75,0.8571428571428571,0.1428571428571429,1
"G[0,1](SMBGperDayPtMeterCombo >= 0.048 -> Pt_SHFlg = 0.000)
",9999999.000,9999999.000,0.000,1.000,0.000,3,0,1,0,3,1,4,0,1.0,0.0,1.0,0.75,0.8571428571428571,0.1428571428571429,1
"G[0,0]((HbA1c >= 7.195 & Pt_MotherT1D >= 0.000) & Pt_A1cGoalLevelDsYr5 <= 0.000)
",-5.548,-6.382,0.000,1.000,0.000,3,0,0,1,4,0,3,1,0.75,0.0,0.0,1.0,0.8571428571428571,0.1428571428571429,1
"((AutonomicNeuroCl < 0.000) U[1,1] (Pt_SHFlg = 0.000))
",0.000,0.000,0.000,0.000,1.000,3,0,0,1,4,0,3,1,0.75,0.0,0.0,1.0,0.8571428571428571,0.1428571428571429,-1
"F[1,1]((Triglyc <= 112.553 | bmi <= 29.407) & BGTestAvgNumPtRep >= 8.075)
",-8.075,-8.075,0.000,0.000,1.000,3,0,0,1,4,0,3,1,0.75,0.0,0.0,1.0,0.8571428571428571,0.1428571428571429,-1
"F[0,0](Triglyc >= 49.774 & TSH <= 1.350)
",-1.358,-32.733,0.000,0.000,1.000,3,0,0,1,4,0,3,1,0.75,0.0,0.0,1.0,0.8571428571428571,0.1428571428571429,-1
"G[0,1](Pt_GrandchildT1D <= 0.000 -> BldPrDia >= 74.737)
",9999999.000,9999999.000,0.000,1.000,0.000,3,0,0,1,4,0,3,1,0.75,0.0,0.0,1.0,0.8571428571428571,0.1428571428571429,1
"((BUN >= 6.454) U[1,1] (TotChol >= 1.736))
",-1.736,-1.736,0.000,0.000,1.000,3,0,0,1,4,0,3,1,0.75,0.0,0.0,1.0,0.8571428571428571,0.1428571428571429,-1
"F[0,1](((NumPumpBolusOrShortAct <= 3.360 | Pt_InsGov >= 0.000) | BGTestAvgNumMeter <= 0.000) & HbA1c <= 0.000)
",-9999999.000,-9999999.000,0.000,0.000,1.000,3,0,0,1,4,0,3,1,0.75,0.0,0.0,1.0,0.8571428571428571,0.1428571428571429,-1
"F[0,1](Pt_SHFlg > 0.000 & Pt_SHFlg = 0.000)
",-9999999.000,-9999999.000,0.000,0.000,1.000,3,0,0,1,4,0,3,1,0.75,0.0,0.0,1.0,0.8571428571428571,0.1428571428571429,-1
"F[0,0](((bmiZscore <= 0.718 | HDL <= 53.902) -> WeightKg <= 35.558) | BldPrSys <= 32.841)
",68.960,32.508,0.000,0.000,1.000,3,0,0,1,4,0,3,1,0.75,0.0,0.0,1.0,0.8571428571428571,0.1428571428571429,-1
"F[1,1](Pt_A1cGoalLevelDsYr5 > 0.000 & Pt_SHFlg = 0.000)
",0.000,0.000,0.000,0.000,1.000,3,0,0,1,4,0,3,1,0.75,0.0,0.0,1.0,0.8571428571428571,0.1428571428571429,-1
"((BldPrSys <= 142.952) U[1,1] (TotalDailyInsPerKg <= 0.904))
",142.952,142.952,0.000,0.000,1.000,3,0,0,1,4,0,3,1,0.75,0.0,0.0,1.0,0.8571428571428571,0.1428571428571429,-1
"((diabDur <= 17.214) U[1,1] (HeightCm <= 176.936))
",176.936,176.936,0.000,0.000,1.000,3,0,0,1,4,0,3,1,0.75,0.0,0.0,1.0,0.8571428571428571,0.1428571428571429,-1
"F[0,1](((SMBGperDayPtMeterCombo >= 0.596 & LDL <= 92.396) | HbA1c >= 33.436) & AlbCreatRat_mggNew >= 3.443)
",-9999999.000,-9999999.000,0.000,0.000,1.000,3,0,0,1,4,0,3,1,0.75,0.0,0.0,1.0,0.8571428571428571,0.1428571428571429,-1
"F[1,1](((bmiZscore >= 0.008 | TotalDailyInsPerKg >= 0.444) | BGTestAvgNumPtRep >= 0.596) & Pt_FatherT1D >= 0.328)
",-0.328,-0.328,0.000,0.000,1.000,3,0,0,1,4,0,3,1,0.75,0.0,0.0,1.0,0.8571428571428571,0.1428571428571429,-1
"F[0,1](HeightCm <= 178.826 & Pt_SHFlg = 0.000)
",-9999999.000,-9999999.000,0.000,0.000,1.000,3,0,0,1,4,0,3,1,0.75,0.0,0.0,1.0,0.8571428571428571,0.1428571428571429,-1
"F[0,1]((HDL >= 29.412 & LDL <= 50.087) & AlbCreatRat_mggNew >= 13.822)
",-9999999.000,-9999999.000,0.000,0.000,1.000,3,0,0,1,4,0,3,1,0.75,0.0,0.0,1.0,0.8571428571428571,0.1428571428571429,-1
"F[1,1](((bmi >= 26.662 & bmiPerc >= 0.000) & Pt_ChildT1D >= 0.000) -> diagAgeCombo <= 0.000)
",0.000,0.000,0.000,0.000,1.000,3,0,0,1,4,0,3,1,0.75,0.0,0.0,1.0,0.8571428571428571,0.1428571428571429,-1
"F[0,1]((age <= 36.217 -> BUN <= 9.842) & Pt_SHFlg >= 8.301)
",-9999999.000,-9999999.000,0.000,0.000,1.000,3,0,0,1,4,0,3,1,0.75,0.0,0.0,1.0,0.8571428571428571,0.1428571428571429,-1
"G[1,1](((age >= 35.295 -> Triglyc >= 5.604) -> HDL <= 73.396) -> BGTestAvgNumPtRep <= 77.601)
",-77.601,-77.601,0.000,1.000,0.000,3,0,1,0,3,1,4,0,1.0,0.0,1.0,0.75,0.8571428571428571,0.1428571428571429,1
"G[1,1]((BGTestAvgNumMeter <= 3.026 -> Pt_GrandparentT1D >= 0.114) -> bmiPerc >= 0.077)
",0.077,0.077,0.000,1.000,0.000,3,0,1,0,3,1,4,0,1.0,0.0,1.0,0.75,0.8571428571428571,0.1428571428571429,1
"G[0,1](((TSH >= 0.213 & DirectLDL >= 0.000) -> TotalDailyInsPerKg <= 0.000) -> WeightKg >= 0.000)
",9999999.000,9999999.000,0.000,1.000,0.000,3,0,1,0,3,1,4,0,1.0,0.0,1.0,0.75,0.8571428571428571,0.1428571428571429,1
"G[1,1]((AlbCreatRat_mggNew >= 3.085 -> Pt_SiblingT1D <= 0.000) -> Pt_SiblingT1D >= 0.000)
",0.000,0.000,0.000,1.000,0.000,3,0,1,0,3,1,4,0,1.0,0.0,1.0,0.75,0.8571428571428571,0.1428571428571429,1
"G[1,1](((age <= 37.496 & BGTestAvgNumPtRep <= 2.024) & Pt_A1cGoalLev >= 0.263) -> HbA1c <= 2.566)
",-2.566,-2.566,0.000,1.000,0.000,3,0,1,0,3,1,4,0,1.0,0.0,1.0,0.75,0.8571428571428571,0.1428571428571429,1
"G[0,1](((Pt_FatherT1D >= 0.000 | SMBGperDayPtMeterCombo <= 2.545) & BUN <= 3.881) -> diabDur >= 1.764)
",9999999.000,9999999.000,0.000,1.000,0.000,3,0,1,0,3,1,4,0,1.0,0.0,1.0,0.75,0.8571428571428571,0.1428571428571429,1
"G[0,1](HbA1c < 7.787 -> Pt_SHFlg = 0.000)
",9999999.000,9999999.000,0.000,1.000,0.000,3,0,1,0,3,1,4,0,1.0,0.0,1.0,0.75,0.8571428571428571,0.1428571428571429,1
"G[1,1](((HbA1cImputeDtMnC >= 30.606 -> HeightCm >= 130.979) -> LDL <= 182.495) -> AutonomicNeuroCl <= 160.359)
",-160.359,-160.359,0.000,1.000,0.000,3,0,1,0,3,1,4,0,1.0,0.0,1.0,0.75,0.8571428571428571,0.1428571428571429,1
"G[0,1](((Pt_SiblingT1D >= 0.000 -> Pt_GrandchildT1D <= 0.000) | HbA1c >= 0.000) & GFR <= 0.000)
",9999999.000,9999999.000,0.000,1.000,0.000,3,0,1,0,3,1,4,0,1.0,0.0,1.0,0.75,0.8571428571428571,0.1428571428571429,1
"G[0,1]((BGTestAvgNumPtRep >= 1.014 -> NumPumpBolusOrShortAct <= 5.938) | Triglyc >= 1.397)
",9999999.000,9999999.000,0.000,1.000,0.000,3,0,1,0,3,1,4,0,1.0,0.0,1.0,0.75,0.8571428571428571,0.1428571428571429,1
"G[1,1](BldPrDia >= 72.488 | HeightCm >= 149.572)
",-72.488,-72.488,0.000,1.000,0.000,3,0,1,0,3,1,4,0,1.0,0.0,1.0,0.75,0.8571428571428571,0.1428571428571429,1
"G[0,1](((Pt_GrandparentT1D <= 0.504 | Triglyc <= 158.106) & BUN >= 16.482) | BldPrDia >= 56.023)
",9999999.000,9999999.000,0.000,1.000,0.000,3,0,1,0,3,1,4,0,1.0,0.0,1.0,0.75,0.8571428571428571,0.1428571428571429,1
"G[0,1]((NumPumpBolusOrShortAct >= 1.172 -> Triglyc >= 51.566) | AlbCreatRat_mggNew <= 130.641)
",9999999.000,9999999.000,0.000,1.000,0.000,3,0,1,0,3,1,4,0,1.0,0.0,1.0,0.75,0.8571428571428571,0.1428571428571429,1
"G[1,1]((Pt_SiblingT1D >= 0.000 & AutonomicNeuroCl >= 0.000) -> diabDur >= 0.000)
",0.000,0.000,0.000,1.000,0.000,3,0,1,0,3,1,4,0,1.0,0.0,1.0,0.75,0.8571428571428571,0.1428571428571429,1
"G[0,1](((AlbCreatRat_mggNew <= 4.565 -> TSH >= 0.485) & WeightKg <= 2.689) -> Pt_ChildT1D >= 0.675)
",9999999.000,9999999.000,0.000,1.000,0.000,3,0,1,0,3,1,4,0,1.0,0.0,1.0,0.75,0.8571428571428571,0.1428571428571429,1
"G[0,1](bmiPerc >= 0.000 -> Pt_SHFlg = 0.000)
",9999999.000,9999999.000,0.000,1.000,0.000,3,0,1,0,3,1,4,0,1.0,0.0,1.0,0.75,0.8571428571428571,0.1428571428571429,1
"G[1,1]((Pt_SiblingT1D <= 0.000 | Pt_SHFlg >= 0.000) | WeightKg <= 0.000)
",0.000,0.000,0.000,1.000,0.000,3,0,1,0,3,1,4,0,1.0,0.0,1.0,0.75,0.8571428571428571,0.1428571428571429,1
"G[1,1]((GFR >= 0.000 | LDL <= 54.566) | Pt_CGMUseNumDays >= 2.962)
",7679541591852565.000,54.566,0.000,1.000,0.000,3,0,1,0,3,1,4,0,1.0,0.0,1.0,0.75,0.8571428571428571,0.1428571428571429,1
"G[0,1]((age <= 37.442 & UnitsInsBasalOrLongAct >= 28.141) | bmiPerc <= 45.586)
",9999999.000,9999999.000,0.000,1.000,0.000,3,0,1,0,3,1,4,0,1.0,0.0,1.0,0.75,0.8571428571428571,0.1428571428571429,1
"G[0,1](HeightCm <= 171.827 -> SMBGperDayPtMeterCombo >= 0.282)
",9999999.000,9999999.000,0.000,1.000,0.000,3,0,1,0,3,1,4,0,1.0,0.0,1.0,0.75,0.8571428571428571,0.1428571428571429,1
"G[0,1]((NumPumpBolusOrShortAct <= 2.945 -> Pt_GrandparentT1D <= 0.153) | AutonomicNeuroCl >= 0.045)
",9999999.000,9999999.000,0.000,1.000,0.000,3,0,1,0,3,1,4,0,1.0,0.0,1.0,0.75,0.8571428571428571,0.1428571428571429,1
"G[1,1](diabDur >= 13.226 | SMBGperDayPtMeterCombo <= 3.074)
",6922432516934139.000,3.074,0.000,1.000,0.000,3,0,1,0,3,1,4,0,1.0,0.0,1.0,0.75,0.8571428571428571,0.1428571428571429,1
"G[1,1]((BldPrSys <= 141.925 | HbA1cImputeDtMnC <= 66.523) | BldPrDia <= 52.016)
",141.925,141.925,0.000,1.000,0.000,3,0,1,0,3,1,4,0,1.0,0.0,1.0,0.75,0.8571428571428571,0.1428571428571429,1
"G[0,1](NumPumpBolusOrShortAct >= 1.226 | Pt_GrandparentT1D <= 0.320)
",9999999.000,9999999.000,0.000,1.000,0.000,3,0,1,0,3,1,4,0,1.0,0.0,1.0,0.75,0.8571428571428571,0.1428571428571429,1
"G[0,1](Pt_SHFlg <= 0.000 | Pt_A1cGoalLevelDsYr5 >= 0.000)
",9999999.000,9999999.000,0.000,1.000,0.000,3,0,1,0,3,1,4,0,1.0,0.0,1.0,0.75,0.8571428571428571,0.1428571428571429,1
"G[0,1](((AutonomicNeuroCl >= 0.000 -> AutonomicNeuroCl >= 0.000) & Pt_GrandchildT1D >= 0.000) -> HDL >= 0.000)
",9999999.000,9999999.000,0.000,1.000,0.000,3,0,1,0,3,1,4,0,1.0,0.0,1.0,0.75,0.8571428571428571,0.1428571428571429,1
"G[0,1](((NumPumpBolusOrShortAct <= 4.126 | bmiZscore <= 0.601) & WeightKg >= 0.290) | BGTestAvgNumPtRep <= 0.699)
",9999999.000,9999999.000,0.000,1.000,0.000,3,0,1,0,3,1,4,0,1.0,0.0,1.0,0.75,0.8571428571428571,0.1428571428571429,1
"G[0,1](BGTestAvgNumPtRep <= 3.059 | Pt_SiblingT1D <= 0.000)
",9999999.000,9999999.000,0.000,1.000,0.000,3,0,1,0,3,1,4,0,1.0,0.0,1.0,0.75,0.8571428571428571,0.1428571428571429,1
"G[0,1](((BldPrDia >= 73.985 & Triglyc >= 10.270) & diabDur <= 78.533) | WeightKg <= 128.074)
",9999999.000,9999999.000,0.000,1.000,0.000,3,0,1,0,3,1,4,0,1.0,0.0,1.0,0.75,0.8571428571428571,0.1428571428571429,1
"G[0,0](AlbCreatRat_mggNew <= 4.569 -> bmi >= 10.987)
",0.727,4.950,0.000,1.000,0.000,3,0,0,1,4,0,3,1,0.75,0.0,0.0,1.0,0.8571428571428571,0.1428571428571429,1
"G[0,1]((HbA1c >= 6.841 & UnitsInsBasalOrLongAct <= 40.617) -> UnitsInsBasalOrLongAct <= 45.568)
",9999999.000,9999999.000,0.000,1.000,0.000,3,0,1,0,3,1,4,0,1.0,0.0,1.0,0.75,0.8571428571428571,0.1428571428571429,1
"G[0,1]((TSH >= 0.466 & HDL <= 35.466) -> diagAgeCombo <= 44.419)
",9999999.000,9999999.000,0.000,1.000,0.000,3,0,1,0,3,1,4,0,1.0,0.0,1.0,0.75,0.8571428571428571,0.1428571428571429,1
"G[1,1](UnitsInsBasalOrLongAct >= 9.644 | WeightKg >= 17.534)
",-9.644,-9.644,0.000,1.000,0.000,3,0,1,0,3,1,4,0,1.0,0.0,1.0,0.75,0.8571428571428571,0.1428571428571429,1
"G[0,1](((AlbCreatRat_mggNew <= 5.233 & SMBGperDayPtMeterCombo <= 2.935) -> bmiPerc <= 3.036) -> HeightCm >= 0.956)
",9999999.000,9999999.000,0.000,1.000,0.000,3,0,0,1,4,0,3,1,0.75,0.0,0.0,1.0,0.8571428571428571,0.1428571428571429,1
"F[0,1]((BGTestAvgNumPtRep <= 4.098 & DirectLDL <= 0.000) -> TotalDailyInsPerKg <= 0.000)
",-9999999.000,-9999999.000,0.000,0.000,1.000,2,0,0,2,4,0,2,2,0.5,0.0,0.0,1.0,0.5714285714285714,0.4285714285714286,-1
"F[1,1]((bmiZscore <= 0.595 & Pt_CGMUseNumDays <= 0.461) | TotChol >= 0.037)
",0.461,0.461,0.000,0.000,1.000,2,0,0,2,4,0,2,2,0.5,0.0,0.0,1.0,0.5714285714285714,0.4285714285714286,-1
"F[1,1](bmiZscore <= 0.679 & UnitsInsBasalOrLongAct >= 13.841)
",-13.841,-13.841,0.000,0.000,1.000,2,0,0,2,4,0,2,2,0.5,0.0,0.0,1.0,0.5714285714285714,0.4285714285714286,-1
"((BGTestAvgNumPtRep >= 0.008) U[1,2] (Pt_SHFlg = 0.000))
",-9999999.000,-9999999.000,0.000,0.000,1.000,2,0,0,2,4,0,2,2,0.5,0.0,0.0,1.0,0.5714285714285714,0.4285714285714286,-1
"F[1,1](AlbCreatRat_mggNew > 3.050 & Pt_SHFlg = 0.000)
",-3.050,-3.050,0.000,0.000,1.000,2,0,0,2,4,0,2,2,0.5,0.0,0.0,1.0,0.5714285714285714,0.4285714285714286,-1
"F[1,1](((WeightKg <= 109.287 & diagAgeCombo >= 20.000) -> UnitsInsBasalOrLongAct <= 20.000) -> diabDur >= 20.000)
",20.000,20.000,0.000,0.000,1.000,2,0,0,2,4,0,2,2,0.5,0.0,0.0,1.0,0.5714285714285714,0.4285714285714286,-1
"((NumPumpBolusOrShortAct >= 0.278) U[0,1] (TotChol >= 4.027))
",-9999999.000,-9999999.000,0.000,0.000,1.000,2,0,0,2,4,0,2,2,0.5,0.0,0.0,1.0,0.5714285714285714,0.4285714285714286,-1
"((LDL >= 11.820) U[0,0] (SMBGperDayPtMeterCombo <= 2.575))
",-151.491,-10.809,0.000,0.000,1.000,2,0,0,2,4,0,2,2,0.5,0.0,0.0,1.0,0.5714285714285714,0.4285714285714286,-1
"F[0,0](BldPrDia >= 73.858 -> UnitsInsBasalOrLongAct <= 36.453)
",-11.130,-64.475,0.000,0.000,1.000,2,0,0,2,4,0,2,2,0.5,0.0,0.0,1.0,0.5714285714285714,0.4285714285714286,-1
"((bmiZscore <= 0.610) U[0,0] (diabDur <= 16.757))
",0.610,0.610,0.000,0.000,1.000,2,0,0,2,4,0,2,2,0.5,0.0,0.0,1.0,0.5714285714285714,0.4285714285714286,-1
"F[0,1](((BldPrSys >= 135.397 | Pt_GrandparentT1D >= 0.025) -> BldPrDia <= 0.978) | BldPrSys <= 0.623)
",-9999999.000,-9999999.000,0.000,0.000,1.000,2,0,0,2,4,0,2,2,0.5,0.0,0.0,1.0,0.5714285714285714,0.4285714285714286,-1
"((BldPrDia <= 81.624) U[1,2] (HDL >= 29.561))
",-9999999.000,-9999999.000,0.000,0.000,1.000,2,0,0,2,4,0,2,2,0.5,0.0,0.0,1.0,0.5714285714285714,0.4285714285714286,-1
"((BldPrDia >= 72.466) U[0,1] (Pt_CGMUseNumDays >= 0.009))
",-9999999.000,-9999999.000,0.000,0.000,1.000,2,0,0,2,4,0,2,2,0.5,0.0,0.0,1.0,0.5714285714285714,0.4285714285714286,-1
"F[0,0]((LDL <= 92.040 & TSH >= 0.707) | WeightKg <= 1.877)
",1.419,2.682,0.000,0.000,1.000,2,0,0,2,4,0,2,2,0.5,0.0,0.0,1.0,0.5714285714285714,0.4285714285714286,-1
"((BldPrSys <= 143.537) U[1,1] (TotChol <= 68.092))
",143.537,143.537,0.000,0.000,1.000,2,0,0,2,4,0,2,2,0.5,0.0,0.0,1.0,0.5714285714285714,0.4285714285714286,-1
"F[1,1](((DirectLDL >= 0.000 | Pt_FatherT1D <= 0.000) -> UnitsInsBasalOrLongAct <= 0.000) & BldPrDia >= 0.000)
",0.000,0.000,0.000,0.000,1.000,2,0,0,2,4,0,2,2,0.5,0.0,0.0,1.0,0.5714285714285714,0.4285714285714286,-1
"F[0,1]((AlbCreatRat_mggNew >= 3.301 -> HDL <= 48.853) -> bmiZscore >= 9.031)
",-9999999.000,-9999999.000,0.000,0.000,1.000,2,0,0,2,4,0,2,2,0.5,0.0,0.0,1.0,0.5714285714285714,0.4285714285714286,-1
"F[0,0](NumPumpBolusOrShortAct <= 3.636 -> UnitsInsBasalOrLongAct <= 42.980)
",-30.345,-39.513,0.000,0.000,1.000,2,0,0,2,4,0,2,2,0.5,0.0,0.0,1.0,0.5714285714285714,0.4285714285714286,-1
"F[0,0](HbA1cImputeDtMnC >= 1.142 & HDL <= 55.456)
",-0.713,-14.609,0.000,0.000,1.000,2,0,0,2,4,0,2,2,0.5,0.0,0.0,1.0,0.5714285714285714,0.4285714285714286,-1
"((HDL >= 20.750) U[0,1] (WeightKg <= 109.670))
",-9999999.000,-9999999.000,0.000,0.000,1.000,2,0,0,2,4,0,2,2,0.5,0.0,0.0,1.0,0.5714285714285714,0.4285714285714286,-1
"F[0,0]((TotalDailyInsPerKg >= 0.222 -> BUN <= 12.265) & Pt_A1cGoalLev <= 10.514)
",-11.582,-14.445,0.000,0.000,1.000,2,0,0,2,4,0,2,2,0.5,0.0,0.0,1.0,0.5714285714285714,0.4285714285714286,-1
"G[1,1](GFR <= 0.000 -> BUN >= 7.403)
",0.000,0.000,0.000,1.000,0.000,2,0,1,1,3,1,3,1,0.6666666666666666,0.0,1.0,0.6666666666666666,0.5714285714285714,0.4285714285714286,1
"G[0,1](((HbA1c >= 6.853 | HDL <= 35.554) -> HbA1c <= 46.296) & TotChol <= 53.972)
",9999999.000,9999999.000,0.000,1.000,0.000,2,0,1,1,3,1,3,1,0.6666666666666666,0.0,1.0,0.6666666666666666,0.5714285714285714,0.4285714285714286,1
"G[1,1]((AlbCreatRat_mggNew >= 3.267 | Triglyc >= 29.879) | HbA1c >= 32.153)
",-3.267,-3.267,0.000,1.000,0.000,2,0,1,1,3,1,3,1,0.6666666666666666,0.0,1.0,0.6666666666666666,0.5714285714285714,0.4285714285714286,1
"G[0,1](BldPrSys >= 136.002 -> HbA1c >= 7.191)
",9999999.000,9999999.000,0.000,1.000,0.000,2,0,1,1,3,1,3,1,0.6666666666666666,0.0,1.0,0.6666666666666666,0.5714285714285714,0.4285714285714286,1
"G[1,1]((bmiZscore <= 0.607 & HbA1cImputeDtMnC >= 8.537) | UnitsInsBasalOrLongAct >= 21.015)
",-8.537,-8.537,0.000,1.000,0.000,2,0,1,1,3,1,3,1,0.6666666666666666,0.0,1.0,0.6666666666666666,0.5714285714285714,0.4285714285714286,1
"G[1,1](TotalDailyInsPerKg <= 1.093 & SMBGperDayPtMeterCombo <= 3.420)
",1.093,1.093,0.000,1.000,0.000,2,0,1,1,3,1,3,1,0.6666666666666666,0.0,1.0,0.6666666666666666,0.5714285714285714,0.4285714285714286,1
"G[0,1](HbA1c > 6.861 & Pt_SHFlg = 0.000)
",9999999.000,9999999.000,0.000,1.000,0.000,2,0,1,1,3,1,3,1,0.6666666666666666,0.0,1.0,0.6666666666666666,0.5714285714285714,0.4285714285714286,1
"G[0,0]((HeightCm >= 106.561 & TSH <= 1.322) & Pt_MotherT1D <= 0.960)
",-0.501,-1.235,0.000,1.000,0.000,2,0,0,2,4,0,2,2,0.5,0.0,0.0,1.0,0.5714285714285714,0.4285714285714286,1
"G[0,1](HDL <= 47.704 -> SMBGperDayPtMeterCombo >= 1.260)
",9999999.000,9999999.000,0.000,1.000,0.000,2,0,1,1,3,1,3,1,0.6666666666666666,0.0,1.0,0.6666666666666666,0.5714285714285714,0.4285714285714286,1
"G[0,1]((diagAgeCombo >= 20.000 -> Pt_DKAFlg <= 0.000) & Pt_GrandparentT1D <= 0.000)
",9999999.000,9999999.000,0.000,1.000,0.000,2,0,1,1,3,1,3,1,0.6666666666666666,0.0,1.0,0.6666666666666666,0.5714285714285714,0.4285714285714286,1
"G[1,1](diabDur >= 14.119 & LDL <= 64.304)
",-7948516566089589.000,-14.119,0.000,1.000,0.000,2,0,1,1,3,1,3,1,0.6666666666666666,0.0,1.0,0.6666666666666666,0.5714285714285714,0.4285714285714286,1
"G[0,0]((BldPrDia <= 85.409 | BldPrSys >= 133.213) & Triglyc <= 147.174)
",-9.136,-52.924,0.000,1.000,0.000,2,0,0,2,4,0,2,2,0.5,0.0,0.0,1.0,0.5714285714285714,0.4285714285714286,1
"G[0,1]((bmiZscore <= 0.616 | TSH <= 0.864) | Triglyc <= 2.475)
",9999999.000,9999999.000,0.000,1.000,0.000,2,0,1,1,3,1,3,1,0.6666666666666666,0.0,1.0,0.6666666666666666,0.5714285714285714,0.4285714285714286,1
"G[0,1](((HeightCm >= 92.444 -> DirectLDL <= 0.000) -> Pt_SiblingT1D <= 0.000) -> Pt_CGMUseNumDays <= 0.000)
",9999999.000,9999999.000,0.000,1.000,0.000,2,0,1,1,3,1,3,1,0.6666666666666666,0.0,1.0,0.6666666666666666,0.5714285714285714,0.4285714285714286,1
"G[1,1](diabDur <= 15.978 | HDL >= 14.954)
",15.978,15.978,0.000,1.000,0.000,2,0,1,1,3,1,3,1,0.6666666666666666,0.0,1.0,0.6666666666666666,0.5714285714285714,0.4285714285714286,1
"G[0,0](((diabDur >= 13.074 -> TotalDailyInsPerKg <= 1.012) -> Triglyc >= 0.042) | UnitsInsBasalOrLongAct <= 1.044)
",-0.655,-0.524,0.000,1.000,0.000,2,0,0,2,4,0,2,2,0.5,0.0,0.0,1.0,0.5714285714285714,0.4285714285714286,1
"G[0,1]((WeightKg >= 53.551 | bmi >= 16.728) -> UnitsInsBasalOrLongAct <= 56.332)
",9999999.000,9999999.000,0.000,1.000,0.000,2,0,1,1,3,1,3,1,0.6666666666666666,0.0,1.0,0.6666666666666666,0.5714285714285714,0.4285714285714286,1
"G[0,1]((HeightCm >= 30.638 -> Triglyc <= 71.659) & DirectLDL <= 122.407)
",9999999.000,9999999.000,0.000,1.000,0.000,2,0,1,1,3,1,3,1,0.6666666666666666,0.0,1.0,0.6666666666666666,0.5714285714285714,0.4285714285714286,1
"G[0,0](GFR <= 0.000 -> BUN >= 0.842)
",-1.083,-75.228,0.000,1.000,0.000,2,0,0,2,4,0,2,2,0.5,0.0,0.0,1.0,0.5714285714285714,0.4285714285714286,1
"G[0,1](((BldPrSys <= 141.272 | WeightKg >= 65.834) & LDL <= 96.478) & TSH <= 99.955)
",9999999.000,9999999.000,0.000,1.000,0.000,2,0,1,1,3,1,3,1,0.6666666666666666,0.0,1.0,0.6666666666666666,0.5714285714285714,0.4285714285714286,1
"G[1,1](DirectLDL <= 0.000 -> AlbCreatRat_mggNew <= 4.807)
",-4.807,-4.807,0.000,1.000,0.000,2,0,1,1,3,1,3,1,0.6666666666666666,0.0,1.0,0.6666666666666666,0.5714285714285714,0.4285714285714286,1
"G[0,1]((WeightKg >= 62.992 | bmi >= 6.525) -> UnitsInsBasalOrLongAct <= 46.353)
",9999999.000,9999999.000,0.000,1.000,0.000,2,0,1,1,3,1,3,1,0.6666666666666666,0.0,1.0,0.6666666666666666,0.5714285714285714,0.4285714285714286,1
"((BGTestAvgNumMeter >= 1.143) U[1,2] (BGTestAvgNumPtRep <= 1.839))
",-9999999.000,-9999999.000,0.000,0.000,1.000,1,0,0,3,4,0,1,3,0.25,0.0,0.0,1.0,0.2857142857142857,0.7142857142857143,-1
"((age <= 35.994) U[1,2] (Pt_SHFlg = 0.000))
",-9999999.000,-9999999.000,0.000,0.000,1.000,1,0,0,3,4,0,1,3,0.25,0.0,0.0,1.0,0.2857142857142857,0.7142857142857143,-1
"((BGTestAvgNumMeter >= 1.662) U[1,2] (BGTestAvgNumPtRep <= 3.332))
",-9999999.000,-9999999.000,0.000,0.000,1.000,1,0,0,3,4,0,1,3,0.25,0.0,0.0,1.0,0.2857142857142857,0.7142857142857143,-1
"((BGTestAvgNumMeter >= 0.513) U[0,0] (Triglyc <= 156.160))
",2.360,120.160,0.000,0.000,1.000,1,0,0,3,4,0,1,3,0.25,0.0,0.0,1.0,0.2857142857142857,0.7142857142857143,-1
"F[0,0](Pt_CGMUseNumDays <= 0.716 -> WeightKg >= 65.005)
",78.390,64.005,0.000,0.000,1.000,1,0,0,3,4,0,1,3,0.25,0.0,0.0,1.0,0.2857142857142857,0.7142857142857143,-1
"((BGTestAvgNumMeter >= 0.586) U[0,0] (BGTestAvgNumPtRep <= 5.724))
",1.607,30.184,0.000,0.000,1.000,1,0,0,3,4,0,1,3,0.25,0.0,0.0,1.0,0.2857142857142857,0.7142857142857143,-1
"((BGTestAvgNumMeter >= 0.929) U[1,1] (BGTestAvgNumPtRep <= 5.831))
",5.831,5.831,0.000,0.000,1.000,1,0,0,3,4,0,1,3,0.25,0.0,0.0,1.0,0.2857142857142857,0.7142857142857143,-1
"((TSH < 1.657) U[1,1] (Pt_SHFlg = 0.000))
",7464303841910573.000,1.657,0.000,0.000,1.000,1,0,0,3,4,0,1,3,0.25,0.0,0.0,1.0,0.2857142857142857,0.7142857142857143,-1
"((BUN >= 1.810) U[0,0] (BGTestAvgNumPtRep <= 1.498))
",1.102,75.293,0.000,0.000,1.000,1,0,0,3,4,0,1,3,0.25,0.0,0.0,1.0,0.2857142857142857,0.7142857142857143,-1
"F[0,0]((diagAgeCombo >= 20.000 -> HbA1c >= 7.242) | HeightCm <= 7.893)
",5.589,6.429,0.000,0.000,1.000,1,0,0,3,4,0,1,3,0.25,0.0,0.0,1.0,0.2857142857142857,0.7142857142857143,-1
"((BGTestAvgNumMeter >= 1.301) U[1,2] (BGTestAvgNumPtRep <= 1.835))
",-9999999.000,-9999999.000,0.000,0.000,1.000,1,0,0,3,4,0,1,3,0.25,0.0,0.0,1.0,0.2857142857142857,0.7142857142857143,-1
"((Triglyc <= 160.850) U[1,1] (Pt_SHFlg = 0.000))
",160.850,160.850,0.000,0.000,1.000,1,0,0,3,4,0,1,3,0.25,0.0,0.0,1.0,0.2857142857142857,0.7142857142857143,-1
"((BGTestAvgNumMeter > 1.334) U[1,2] (Pt_SHFlg = 0.000))
",-9999999.000,-9999999.000,0.000,0.000,1.000,1,0,0,3,4,0,1,3,0.25,0.0,0.0,1.0,0.2857142857142857,0.7142857142857143,-1
"((HbA1cImputeDtMnC >= 23.748) U[1,2] (Pt_CGMUseNumDays <= 0.750))
",-9999999.000,-9999999.000,0.000,0.000,1.000,1,0,0,3,4,0,1,3,0.25,0.0,0.0,1.0,0.2857142857142857,0.7142857142857143,-1
"F[0,0]((bmiZscore >= 0.405 & WeightKg >= 65.076) | SMBGperDayPtMeterCombo >= 51.382)
",8.018,32.951,0.000,0.000,1.000,1,0,0,3,4,0,1,3,0.25,0.0,0.0,1.0,0.2857142857142857,0.7142857142857143,-1
"F[0,0](((HDL >= 16.524 & Pt_GrandparentT1D <= 0.566) & Pt_A1cGoalLevelDsYr5 <= 0.718) | Pt_GrandparentT1D <= 0.554)
",106.775,0.562,0.000,0.000,1.000,1,0,0,3,4,0,1,3,0.25,0.0,0.0,1.0,0.2857142857142857,0.7142857142857143,-1
"F[0,0]((BldPrDia >= 80.030 | bmi <= 30.098) & Pt_CGMUseNumDays <= 31.310)
",-6348769791609203.000,-23096.690,0.000,0.000,1.000,1,0,0,3,4,0,1,3,0.25,0.0,0.0,1.0,0.2857142857142857,0.7142857142857143,-1
"F[0,0](((Pt_GrandparentT1D <= 0.827 & TotalDailyInsPerKg >= 0.113) | NumPumpBolusOrShortAct <= 0.835) & HbA1c >= 0.667)
",-0.235,-0.166,0.000,0.000,1.000,1,0,0,3,4,0,1,3,0.25,0.0,0.0,1.0,0.2857142857142857,0.7142857142857143,-1
"((SMBGperDayPtMeterCombo >= 1.927) U[0,1] (TSH >= 0.311))
",-9999999.000,-9999999.000,0.000,0.000,1.000,1,0,0,3,4,0,1,3,0.25,0.0,0.0,1.0,0.2857142857142857,0.7142857142857143,-1
"((Pt_GrandchildT1D >= 0.000) U[0,0] (diabDur <= 17.829))
",0.000,0.000,0.000,0.000,1.000,1,0,0,3,4,0,1,3,0.25,0.0,0.0,1.0,0.2857142857142857,0.7142857142857143,-1
"((bmi <= 32.868) U[1,1] (LDL <= 57.439))
",8083801902813301.000,57.439,0.000,0.000,1.000,1,0,0,3,4,0,1,3,0.25,0.0,0.0,1.0,0.2857142857142857,0.7142857142857143,-1
"((bmiPerc >= 0.000) U[0,0] (AlbCreatRat_mggNew >= 2.577))
",52.462,31.209,0.000,0.000,1.000,1,0,0,3,4,0,1,3,0.25,0.0,0.0,1.0,0.2857142857142857,0.7142857142857143,-1
"((bmi <= 32.432) U[0,1] (BGTestAvgNumPtRep >= 0.049))
",-9999999.000,-9999999.000,0.000,0.000,1.000,1,0,0,3,4,0,1,3,0.25,0.0,0.0,1.0,0.2857142857142857,0.7142857142857143,-1
"((bmi >= 3.418) U[1,1] (UnitsInsBasalOrLongAct >= 1.239))
",-1.239,-1.239,0.000,0.000,1.000,1,0,0,3,4,0,1,3,0.25,0.0,0.0,1.0,0.2857142857142857,0.7142857142857143,-1
"((HDL <= 38.664) U[1,2] (UnitsInsBasalOrLongAct <= 43.405))
",-9999999.000,-9999999.000,0.000,0.000,1.000,1,0,0,3,4,0,1,3,0.25,0.0,0.0,1.0,0.2857142857142857,0.7142857142857143,-1
"F[0,1]((BUN >= 0.851 & Triglyc <= 93.418) & BGTestAvgNumMeter <= 160.207)
",-9999999.000,-9999999.000,0.000,0.000,1.000,1,0,0,3,4,0,1,3,0.25,0.0,0.0,1.0,0.2857142857142857,0.7142857142857143,-1
"F[0,0]((BldPrDia >= 72.390 & bmiZscore >= 0.253) | Pt_DKAFlg >= 0.375)
",-0.253,-0.253,0.000,0.000,1.000,1,0,0,3,4,0,1,3,0.25,0.0,0.0,1.0,0.2857142857142857,0.7142857142857143,-1
"F[0,0](diabDur >= 13.026 & Pt_SHFlg = 0.000)
",-1.339,-20.902,0.000,0.000,1.000,1,0,0,3,4,0,1,3,0.25,0.0,0.0,1.0,0.2857142857142857,0.7142857142857143,-1
"G[0,1](AlbCreatRat_mggNew <= 4.300 -> HeightCm <= 160.321)
",9999999.000,9999999.000,0.000,1.000,0.000,1,0,1,2,3,1,2,2,0.3333333333333333,0.0,1.0,0.5,0.2857142857142857,0.7142857142857143,1
"F[0,0](SMBGperDayPtMeterCombo >= 0.408 -> Pt_GrandparentT1D <= 0.257)
",-20.422,-83.926,0.000,0.000,1.000,1,0,0,3,4,0,1,3,0.25,0.0,0.0,1.0,0.2857142857142857,0.7142857142857143,-1
"G[1,1](((TotChol <= 59.235 | DirectLDL <= 0.000) | Pt_GrandparentT1D >= 0.000) -> BGTestAvgNumMeter <= 0.000)
",-59.235,-59.235,0.000,1.000,0.000,1,0,1,2,3,1,2,2,0.3333333333333333,0.0,1.0,0.5,0.2857142857142857,0.7142857142857143,1
"G[0,1](GFR <= 0.000 -> BUN >= 0.066)
",9999999.000,9999999.000,0.000,1.000,0.000,1,0,0,3,4,0,1,3,0.25,0.0,0.0,1.0,0.2857142857142857,0.7142857142857143,1
"G[0,1](GFR <= 0.000 -> BUN >= 6.268)
",9999999.000,9999999.000,0.000,1.000,0.000,1,0,0,3,4,0,1,3,0.25,0.0,0.0,1.0,0.2857142857142857,0.7142857142857143,1
"G[0,0](SMBGperDayPtMeterCombo >= 1.832 & BGTestAvgNumPtRep >= 0.426)
",0.703,0.574,0.000,1.000,0.000,1,0,0,3,4,0,1,3,0.25,0.0,0.0,1.0,0.2857142857142857,0.7142857142857143,1
"G[0,0](BUN >= 3.114 & TSH >= 0.301)
",0.207,0.761,0.000,1.000,0.000,1,0,0,3,4,0,1,3,0.25,0.0,0.0,1.0,0.2857142857142857,0.7142857142857143,1
"G[1,1](WeightKg <= 110.791 & diagAgeCombo >= 20.000)
",-20.000,-20.000,0.000,1.000,0.000,1,0,1,2,3,1,2,2,0.3333333333333333,0.0,1.0,0.5,0.2857142857142857,0.7142857142857143,1
"G[0,1](GFR <= 0.000 -> bmi <= 31.931)
",9999999.000,9999999.000,0.000,1.000,0.000,1,0,1,2,3,1,2,2,0.3333333333333333,0.0,1.0,0.5,0.2857142857142857,0.7142857142857143,1
"G[0,1](((Triglyc >= 35.439 -> diabDur >= 14.828) -> Pt_CGMUseNumDays <= 16.705) -> Triglyc >= 15.572)
",9999999.000,9999999.000,0.000,1.000,0.000,1,0,0,3,4,0,1,3,0.25,0.0,0.0,1.0,0.2857142857142857,0.7142857142857143,1
"G[1,1](AlbCreatRat_mggNew > 3.173 & Pt_SHFlg = 0.000)
",-3.173,-3.173,0.000,1.000,0.000,1,0,1,2,3,1,2,2,0.3333333333333333,0.0,1.0,0.5,0.2857142857142857,0.7142857142857143,1
"G[0,1](UnitsInsBasalOrLongAct <= 37.794 | Triglyc >= 14.343)
",9999999.000,9999999.000,0.000,1.000,0.000,1,0,0,3,4,0,1,3,0.25,0.0,0.0,1.0,0.2857142857142857,0.7142857142857143,1
"G[0,1]((bmi >= 5.123 -> BUN >= 4.672) & bmiPerc <= 12.548)
",9999999.000,9999999.000,0.000,1.000,0.000,1,0,1,2,3,1,2,2,0.3333333333333333,0.0,1.0,0.5,0.2857142857142857,0.7142857142857143,1
"G[0,1](diabDur >= 15.051 -> Pt_CGMUseNumDays >= 0.089)
",9999999.000,9999999.000,0.000,1.000,0.000,1,0,0,3,4,0,1,3,0.25,0.0,0.0,1.0,0.2857142857142857,0.7142857142857143,1
"G[0,1](((BldPrSys <= 147.078 -> HDL >= 12.880) & Pt_InsGov <= 54.906) | BGTestAvgNumMeter >= 19.100)
",9999999.000,9999999.000,0.000,1.000,0.000,1,0,0,3,4,0,1,3,0.25,0.0,0.0,1.0,0.2857142857142857,0.7142857142857143,1
"G[1,1](((LDL >= 29.320 -> WeightKg <= 99.807) | SMBGperDayPtMeterCombo >= 37.436) | BGTestAvgNumPtRep >= 73.759)
",-37.436,-37.436,0.000,1.000,0.000,1,0,1,2,3,1,2,2,0.3333333333333333,0.0,1.0,0.5,0.2857142857142857,0.7142857142857143,1
"F[2,2](Pt_A1cGoalLev >= 0.000 | BldPrDia <= 82.869)
",82.869,82.869,0.000,0.000,1.000,0,0,0,4,4,0,0,4,0.0,0.0,0.0,0.0,0.0,1.0,-1
"F[0,1]((AutonomicNeuroCl >= 0.000 & Pt_GrandparentT1D <= 0.328) | WeightKg >= 0.034)
",-9999999.000,-9999999.000,0.000,0.000,1.000,0,0,0,4,4,0,0,4,0.0,0.0,0.0,0.0,0.0,1.0,-1
"((Pt_DKAFlg >= 0.000) U[1,2] (WeightKg >= 83.772))
",-9999999.000,-9999999.000,0.000,0.000,1.000,0,0,0,4,4,0,0,4,0.0,0.0,0.0,0.0,0.0,1.0,-1
"F[0,2](((Pt_A1cGoalLev <= 0.000 & BldPrDia >= 75.651) -> Pt_SHFlg >= 79.839) -> TotChol <= 86.093)
",-9999999.000,-9999999.000,0.000,0.000,1.000,0,0,0,4,4,0,0,4,0.0,0.0,0.0,0.0,0.0,1.0,-1
"F[1,2](((UnitsInsBasalOrLongAct >= 9.419 | Pt_CGMUseNumDays >= 0.037) -> Pt_SHFlg <= 0.174) | Pt_FatherT1D <= 0.180)
",-9999999.000,-9999999.000,0.000,0.000,1.000,0,0,0,4,4,0,0,4,0.0,0.0,0.0,0.0,0.0,1.0,-1
"F[0,2](SMBGperDayPtMeterCombo <= 2.624 | UnitsInsBasalOrLongAct >= 4.181)
",-9999999.000,-9999999.000,0.000,0.000,1.000,0,0,0,4,4,0,0,4,0.0,0.0,0.0,0.0,0.0,1.0,-1
"F[0,2](((SMBGperDayPtMeterCombo >= 0.065 -> DirectLDL >= 0.000) | TotalDailyInsPerKg <= 0.000) | Pt_GrandparentT1D >= 0.000)
",-9999999.000,-9999999.000,0.000,0.000,1.000,0,0,0,4,4,0,0,4,0.0,0.0,0.0,0.0,0.0,1.0,-1
"F[0,2](((bmiZscore <= 0.724 -> TotChol <= 58.409) | AlbCreatRat_mggNew >= 9.946) -> AutonomicNeuroCl <= 80.506)
",-9999999.000,-9999999.000,0.000,0.000,1.000,0,0,0,4,4,0,0,4,0.0,0.0,0.0,0.0,0.0,1.0,-1
"F[1,2](BGTestAvgNumMeter >= 1.789 -> BUN >= 8.670)
",-9999999.000,-9999999.000,0.000,0.000,1.000,0,0,0,4,4,0,0,4,0.0,0.0,0.0,0.0,0.0,1.0,-1
"((Pt_DKAFlg >= 0.000) U[0,1] (TotalDailyInsPerKg >= 0.200))
",-9999999.000,-9999999.000,0.000,0.000,1.000,0,0,0,4,4,0,0,4,0.0,0.0,0.0,0.0,0.0,1.0,-1
"((Pt_MotherT1D <= 0.000) U[1,2] (TSH >= 0.711))
",-9999999.000,-9999999.000,0.000,0.000,1.000,0,0,0,4,4,0,0,4,0.0,0.0,0.0,0.0,0.0,1.0,-1
"((Pt_MotherT1D >= 0.000) U[1,2] (HbA1c >= 7.087))
",-9999999.000,-9999999.000,0.000,0.000,1.000,0,0,0,4,4,0,0,4,0.0,0.0,0.0,0.0,0.0,1.0,-1
"F[0,2]((Pt_InsGov <= 0.000 & TSH >= 0.664) | Pt_CGMUseNumDays <= 0.874)
",-9999999.000,-9999999.000,0.000,0.000,1.000,0,0,0,4,4,0,0,4,0.0,0.0,0.0,0.0,0.0,1.0,-1
"F[0,2]((BldPrDia <= 81.306 & Pt_GrandchildT1D >= 0.000) & bmiZscore >= 0.000)
",-9999999.000,-9999999.000,0.000,0.000,1.000,0,0,0,4,4,0,0,4,0.0,0.0,0.0,0.0,0.0,1.0,-1
"((Pt_MotherT1D <= 0.000) U[0,1] (Pt_SiblingT1D >= 0.000))
",-9999999.000,-9999999.000,0.000,0.000,1.000,0,0,0,4,4,0,0,4,0.0,0.0,0.0,0.0,0.0,1.0,-1
"F[0,1](Triglyc <= 159.867 | Pt_CGMUseNumDays >= 0.096)
",-9999999.000,-9999999.000,0.000,0.000,1.000,0,0,0,4,4,0,0,4,0.0,0.0,0.0,0.0,0.0,1.0,-1
"((AutonomicNeuroCl <= 0.000) U[0,2] (Pt_A1cGoalLev <= 0.000))
",-9999999.000,-9999999.000,0.000,0.000,1.000,0,0,0,4,4,0,0,4,0.0,0.0,0.0,0.0,0.0,1.0,-1
"((Pt_GrandchildT1D <= 0.000) U[2,2] (DirectLDL >= 0.000))
",0.000,0.000,0.000,0.000,1.000,0,0,0,4,4,0,0,4,0.0,0.0,0.0,0.0,0.0,1.0,-1
"F[0,1](((Pt_ChildT1D <= 0.000 & diagAgeCombo >= 20.000) -> HbA1c >= 20.000) -> Pt_CGMUseNumDays <= 20.000)
",-9999999.000,-9999999.000,0.000,0.000,1.000,0,0,0,4,4,0,0,4,0.0,0.0,0.0,0.0,0.0,1.0,-1
"F[0,1]((TotalDailyInsPerKg >= 0.345 -> bmiPerc <= 0.000) & Pt_CGMUseNumDays <= 0.000)
",-9999999.000,-9999999.000,0.000,0.000,1.000,0,0,0,4,4,0,0,4,0.0,0.0,0.0,0.0,0.0,1.0,-1
"F[2,2]((Pt_ChildT1D <= 0.000 -> UnitsInsBasalOrLongAct <= 45.322) | Pt_InsGov >= 34.814)
",-34.814,-34.814,0.000,0.000,1.000,0,0,0,4,4,0,0,4,0.0,0.0,0.0,0.0,0.0,1.0,-1
"F[0,2](((HDL <= 45.934 -> TotalDailyInsPerKg <= 0.830) -> TotChol >= 0.148) -> bmi <= 0.939)
",-9999999.000,-9999999.000,0.000,0.000,1.000,0,0,0,4,4,0,0,4,0.0,0.0,0.0,0.0,0.0,1.0,-1
"F[0,1]((NumPumpBolusOrShortAct <= 7.861 | age <= 36.768) & diagAgeCombo <= 37.270)
",-9999999.000,-9999999.000,0.000,0.000,1.000,0,0,0,4,4,0,0,4,0.0,0.0,0.0,0.0,0.0,1.0,-1
"F[0,0]((Pt_A1cGoalLev <= 0.000 | bmi >= 7.668) -> BUN <= 29.683)
",-0.272,-4.783,0.000,0.000,1.000,0,0,0,4,4,0,0,4,0.0,0.0,0.0,0.0,0.0,1.0,-1
"F[0,2](((TSH <= 2.212 -> bmi <= 27.743) & BldPrSys >= 7.743) -> LDL >= 18.493)
",-9999999.000,-9999999.000,0.000,0.000,1.000,0,0,0,4,4,0,0,4,0.0,0.0,0.0,0.0,0.0,1.0,-1
"F[1,2](((AlbCreatRat_mggNew <= 4.787 -> BldPrDia >= 72.929) -> bmiPerc <= 87.027) -> AlbCreatRat_mggNew <= 85.132)
",-9999999.000,-9999999.000,0.000,0.000,1.000,0,0,0,4,4,0,0,4,0.0,0.0,0.0,0.0,0.0,1.0,-1
"F[2,2]((LDL >= 11.222 & TotalDailyInsPerKg >= 0.739) -> AlbCreatRat_mggNew >= 0.238)
",8558002001502469.000,0.238,0.000,0.000,1.000,0,0,0,4,4,0,0,4,0.0,0.0,0.0,0.0,0.0,1.0,-1
"G[1,2](Pt_DKAFlg >= 0.000 -> HeightCm >= 39.042)
",9999999.000,9999999.000,0.000,1.000,0.000,0,0,4,0,0,4,4,0,0.0,0.0,1.0,0.0,0.0,1.0,1
"F[0,1]((HbA1c >= 6.861 | HbA1cImputeDtMnC <= 58.251) | Pt_A1cGoalLev >= 15.734)
",-9999999.000,-9999999.000,0.000,0.000,1.000,0,0,0,4,4,0,0,4,0.0,0.0,0.0,0.0,0.0,1.0,-1
"F[0,1]((Pt_InsGov >= 0.000 -> diagAgeCombo >= 20.000) & Pt_CGMUseNumDays <= 20.000)
",-9999999.000,-9999999.000,0.000,0.000,1.000,0,0,0,4,4,0,0,4,0.0,0.0,0.0,0.0,0.0,1.0,-1
"((Triglyc >= 19.833) U[0,2] (Pt_SiblingT1D >= 0.000))
",-9999999.000,-9999999.000,0.000,0.000,1.000,0,0,0,4,4,0,0,4,0.0,0.0,0.0,0.0,0.0,1.0,-1
"F[0,2]((Pt_A1cGoalLev <= 0.000 -> Pt_MotherT1D <= 0.000) -> bmiPerc <= 0.000)
",-9999999.000,-9999999.000,0.000,0.000,1.000,0,0,0,4,4,0,0,4,0.0,0.0,0.0,0.0,0.0,1.0,-1
"F[0,0]((Pt_FatherT1D >= 0.000 -> AutonomicNeuroCl >= 0.000) | AlbCreatRat_mggNew >= 0.000)
",1.392,9.667,0.000,0.000,1.000,0,0,0,4,4,0,0,4,0.0,0.0,0.0,0.0,0.0,1.0,-1
"F[1,2](((Pt_GrandchildT1D >= 0.000 & HDL >= 0.014) | AlbCreatRat_mggNew <= 49.020) | Pt_GrandchildT1D <= 36.755)
",-9999999.000,-9999999.000,0.000,0.000,1.000,0,0,0,4,4,0,0,4,0.0,0.0,0.0,0.0,0.0,1.0,-1
"((AlbCreatRat_mggNew >= 3.081) U[0,1] (Pt_InsGov >= 0.000))
",-9999999.000,-9999999.000,0.000,0.000,1.000,0,0,0,4,4,0,0,4,0.0,0.0,0.0,0.0,0.0,1.0,-1
"F[2,2]((SMBGperDayPtMeterCombo <= 3.768 -> Pt_DKAFlg <= 0.000) & Pt_SiblingT1D <= 0.000)
",-3.768,-3.768,0.000,0.000,1.000,0,0,0,4,4,0,0,4,0.0,0.0,0.0,0.0,0.0,1.0,-1
"F[1,2](Pt_SHFlg <= 0.000 -> AlbCreatRat_mggNew <= 4.633)
",-9999999.000,-9999999.000,0.000,0.000,1.000,0,0,0,4,4,0,0,4,0.0,0.0,0.0,0.0,0.0,1.0,-1
"F[0,2]((Triglyc <= 156.536 | HbA1c >= 6.819) | BGTestAvgNumMeter <= 7.768)
",-9999999.000,-9999999.000,0.000,0.000,1.000,0,0,0,4,4,0,0,4,0.0,0.0,0.0,0.0,0.0,1.0,-1
"F[1,2](diagAgeCombo <= 20.000 & BUN >= 6.353)
",-9999999.000,-9999999.000,0.000,0.000,1.000,0,0,0,4,4,0,0,4,0.0,0.0,0.0,0.0,0.0,1.0,-1
"((Pt_SHFlg >= 0.000) U[1,1] (AutonomicNeuroCl <= 0.000))
",0.000,0.000,0.000,0.000,1.000,0,0,0,4,4,0,0,4,0.0,0.0,0.0,0.0,0.0,1.0,-1
"F[0,2](((bmi >= 2.901 | BUN <= 14.399) -> bmiPerc >= 8.254) & TSH >= 5.003)
",-9999999.000,-9999999.000,0.000,0.000,1.000,0,0,0,4,4,0,0,4,0.0,0.0,0.0,0.0,0.0,1.0,-1
"F[1,2](HbA1c <= 7.583 -> Pt_CGMUseNumDays >= 0.090)
",-9999999.000,-9999999.000,0.000,0.000,1.000,0,0,0,4,4,0,0,4,0.0,0.0,0.0,0.0,0.0,1.0,-1
"((Pt_GrandchildT1D <= 0.000) U[2,2] (LDL <= 89.538))
",89.538,89.538,0.000,0.000,1.000,0,0,0,4,4,0,0,4,0.0,0.0,0.0,0.0,0.0,1.0,-1
"F[0,2]((HDL >= 18.148 & bmiZscore >= 0.302) -> bmiPerc >= 0.196)
",-9999999.000,-9999999.000,0.000,0.000,1.000,0,0,0,4,4,0,0,4,0.0,0.0,0.0,0.0,0.0,1.0,-1
"F[0,1]((bmiPerc <= 0.000 -> WeightKg >= 63.716) & AutonomicNeuroCl <= 99.748)
",-9999999.000,-9999999.000,0.000,0.000,1.000,0,0,0,4,4,0,0,4,0.0,0.0,0.0,0.0,0.0,1.0,-1
"F[0,2]((WeightKg >= 62.980 & AlbCreatRat_mggNew >= 2.646) | diabDur >= 3.060)
",-9999999.000,-9999999.000,0.000,0.000,1.000,0,0,0,4,4,0,0,4,0.0,0.0,0.0,0.0,0.0,1.0,-1
"((UnitsInsBasalOrLongAct >= 10.468) U[0,1] (Pt_A1cGoalLevelDsYr5 >= 0.000))
",-9999999.000,-9999999.000,0.000,0.000,1.000,0,0,0,4,4,0,0,4,0.0,0.0,0.0,0.0,0.0,1.0,-1
"F[1,2]((BldPrDia >= 80.449 -> SMBGperDayPtMeterCombo <= 2.691) & DirectLDL >= 0.295)
",-9999999.000,-9999999.000,0.000,0.000,1.000,0,0,0,4,4,0,0,4,0.0,0.0,0.0,0.0,0.0,1.0,-1
"F[1,2](((Pt_A1cGoalLevelDsYr5 >= 0.000 | BldPrSys <= 144.138) -> diabDur >= 137.268) | Pt_GrandparentT1D >= 137.351)
",-9999999.000,-9999999.000,0.000,0.000,1.000,0,0,0,4,4,0,0,4,0.0,0.0,0.0,0.0,0.0,1.0,-1
"F[0,2](((Pt_A1cGoalLevelDsYr5 >= 0.000 & BGTestAvgNumPtRep >= 0.046) -> HDL <= 3.628) & TotalDailyInsPerKg >= 0.397)
",-9999999.000,-9999999.000,0.000,0.000,1.000,0,0,0,4,4,0,0,4,0.0,0.0,0.0,0.0,0.0,1.0,-1
"((Pt_GrandparentT1D >= 0.063) U[2,2] (Pt_ChildT1D <= 0.000))
",0.000,0.000,0.000,0.000,1.000,0,0,0,4,4,0,0,4,0.0,0.0,0.0,0.0,0.0,1.0,-1
"F[0,1]((Pt_DKAFlg <= 0.000 | Pt_SiblingT1D <= 0.000) | Pt_GrandparentT1D <= 0.000)
",-9999999.000,-9999999.000,0.000,0.000,1.000,0,0,0,4,4,0,0,4,0.0,0.0,0.0,0.0,0.0,1.0,-1
"F[0,1]((DirectLDL <= 0.000 & GFR <= 0.000) | diagAgeCombo >= 0.000)
",-9999999.000,-9999999.000,0.000,0.000,1.000,0,0,0,4,4,0,0,4,0.0,0.0,0.0,0.0,0.0,1.0,-1
"F[0,2](GFR >= 0.000 | Pt_GrandparentT1D <= 0.480)
",-9999999.000,-9999999.000,0.000,0.000,1.000,0,0,0,4,4,0,0,4,0.0,0.0,0.0,0.0,0.0,1.0,-1
"F[1,2]((diagAgeCombo >= 20.000 & Pt_GrandchildT1D <= 0.000) | Pt_SHFlg <= 0.000)
",-9999999.000,-9999999.000,0.000,0.000,1.000,0,0,0,4,4,0,0,4,0.0,0.0,0.0,0.0,0.0,1.0,-1
"F[0,1](((Pt_SHFlg <= 0.000 -> SMBGperDayPtMeterCombo <= 2.888) | TotalDailyInsPerKg >= 0.944) | diabDur <= 2.871)
",-9999999.000,-9999999.000,0.000,0.000,1.000,0,0,0,4,4,0,0,4,0.0,0.0,0.0,0.0,0.0,1.0,-1
"F[1,2](WeightKg <= 103.186 -> Pt_GrandchildT1D <= 0.000)
",-9999999.000,-9999999.000,0.000,0.000,1.000,0,0,0,4,4,0,0,4,0.0,0.0,0.0,0.0,0.0,1.0,-1
"F[0,0](SMBGperDayPtMeterCombo <= 2.954 | Pt_MotherT1D <= 0.000)
",0.000,0.000,0.000,0.000,1.000,0,0,0,4,4,0,0,4,0.0,0.0,0.0,0.0,0.0,1.0,-1
"((LDL <= 49.865) U[0,1] (WeightKg >= 47.488))
",-9999999.000,-9999999.000,0.000,0.000,1.000,0,0,0,4,4,0,0,4,0.0,0.0,0.0,0.0,0.0,1.0,-1
"((HbA1cImputeDtMnC <= 48.995) U[2,2] (Pt_DKAFlg <= 0.000))
",6895374157679107.000,48.995,0.000,0.000,1.000,0,0,0,4,4,0,0,4,0.0,0.0,0.0,0.0,0.0,1.0,-1
"F[1,2]((TotalDailyInsPerKg <= 1.083 -> Pt_A1cGoalLev <= 0.000) -> Pt_DKAFlg <= 0.000)
",-9999999.000,-9999999.000,0.000,0.000,1.000,0,0,0,4,4,0,0,4,0.0,0.0,0.0,0.0,0.0,1.0,-1
"F[1,2]((diagAgeCombo >= 20.000 -> Pt_A1cGoalLevelDsYr5 >= 0.000) | GFR <= 0.000)
",-9999999.000,-9999999.000,0.000,0.000,1.000,0,0,0,4,4,0,0,4,0.0,0.0,0.0,0.0,0.0,1.0,-1
"F[1,1](HeightCm >= 39.221 | BGTestAvgNumMeter >= 0.988)
",-8898701378836707.000,-0.988,0.000,0.000,1.000,0,0,0,4,4,0,0,4,0.0,0.0,0.0,0.0,0.0,1.0,-1
"F[0,2](TSH <= 1.660 -> AlbCreatRat_mggNew <= 3.663)
",-9999999.000,-9999999.000,0.000,0.000,1.000,0,0,0,4,4,0,0,4,0.0,0.0,0.0,0.0,0.0,1.0,-1
"F[1,1](((Pt_SiblingT1D <= 0.000 -> GFR <= 0.000) | NumPumpBolusOrShortAct <= 0.000) -> Pt_ChildT1D >= 0.000)
",0.000,0.000,0.000,0.000,1.000,0,0,0,4,4,0,0,4,0.0,0.0,0.0,0.0,0.0,1.0,-1
"F[0,0](((Pt_DKAFlg <= 0.000 & UnitsInsBasalOrLongAct <= 54.149) & BldPrDia >= 24.030) | UnitsInsBasalOrLongAct >= 13.683)
",0.000,0.000,0.000,0.000,1.000,0,0,0,4,4,0,0,4,0.0,0.0,0.0,0.0,0.0,1.0,-1
"F[0,0](((AlbCreatRat_mggNew <= 5.297 | WeightKg <= 106.999) | Pt_GrandparentT1D <= 103.752) -> AlbCreatRat_mggNew <= 112.592)
",-32.022,-107.863,0.000,0.000,1.000,0,0,0,4,4,0,0,4,0.0,0.0,0.0,0.0,0.0,1.0,-1
"F[0,1]((Pt_A1cGoalLev <= 0.000 & Pt_SHFlg >= 0.000) | Pt_DKAFlg >= 0.000)
",-9999999.000,-9999999.000,0.000,0.000,1.000,0,0,0,4,4,0,0,4,0.0,0.0,0.0,0.0,0.0,1.0,-1
"F[1,2](((GFR <= 0.000 & Pt_CGMUseNumDays <= 0.661) & Pt_InsGov >= 0.093) & GFR >= 0.131)
",-9999999.000,-9999999.000,0.000,0.000,1.000,0,0,0,4,4,0,0,4,0.0,0.0,0.0,0.0,0.0,1.0,-1
"F[0,2](GFR <= 0.000 & BUN <= 12.732)
",-9999999.000,-9999999.000,0.000,0.000,1.000,0,0,0,4,4,0,0,4,0.0,0.0,0.0,0.0,0.0,1.0,-1
"F[1,1](((UnitsInsBasalOrLongAct <= 40.127 & AutonomicNeuroCl >= 0.000) | Pt_SHFlg >= 0.000) | BGTestAvgNumMeter <= 0.000)
",0.000,0.000,0.000,0.000,1.000,0,0,0,4,4,0,0,4,0.0,0.0,0.0,0.0,0.0,1.0,-1
"F[0,1]((Triglyc <= 108.547 | Pt_A1cGoalLevelDsYr5 >= 0.000) | Pt_GrandchildT1D >= 0.000)
",-9999999.000,-9999999.000,0.000,0.000,1.000,0,0,0,4,4,0,0,4,0.0,0.0,0.0,0.0,0.0,1.0,-1
"F[0,0]((Pt_GrandchildT1D <= 0.000 | Pt_GrandparentT1D <= 0.184) | Pt_GrandchildT1D <= 0.394)
",7102485893591019.000,0.394,0.000,0.000,1.000,0,0,0,4,4,0,0,4,0.0,0.0,0.0,0.0,0.0,1.0,-1
"F[2,2](((SMBGperDayPtMeterCombo <= 3.206 | TotChol >= 7.558) -> Pt_SiblingT1D <= 76.408) | SMBGperDayPtMeterCombo >= 11.687)
",-6579154755778395.000,-11.687,0.000,0.000,1.000,0,0,0,4,4,0,0,4,0.0,0.0,0.0,0.0,0.0,1.0,-1
"F[1,2](LDL <= 73.458 | TotChol >= 7.652)
",-9999999.000,-9999999.000,0.000,0.000,1.000,0,0,0,4,4,0,0,4,0.0,0.0,0.0,0.0,0.0,1.0,-1
"F[0,2](((bmiZscore <= 0.816 -> HeightCm >= 152.343) | WeightKg <= 178.482) -> diabDur >= 47.173)
",-9999999.000,-9999999.000,0.000,0.000,1.000,0,0,0,4,4,0,0,4,0.0,0.0,0.0,0.0,0.0,1.0,-1
"((HbA1c >= 6.901) U[2,2] (TSH >= 0.150))
",-0.150,-0.150,0.000,0.000,1.000,0,0,0,4,4,0,0,4,0.0,0.0,0.0,0.0,0.0,1.0,-1
"F[0,0]((HDL <= 49.582 & TotalDailyInsPerKg <= 0.811) | Pt_SiblingT1D <= 0.769)
",0.769,0.769,0.000,0.000,1.000,0,0,0,4,4,0,0,4,0.0,0.0,0.0,0.0,0.0,1.0,-1
"((diabDur >= 14.038) U[0,0] (HbA1c >= 6.857))
",16.540,20.629,0.000,0.000,1.000,0,0,0,4,4,0,0,4,0.0,0.0,0.0,0.0,0.0,1.0,-1
"F[1,2](HbA1c >= 7.133 -> WeightKg <= 106.587)
",-9999999.000,-9999999.000,0.000,0.000,1.000,0,0,0,4,4,0,0,4,0.0,0.0,0.0,0.0,0.0,1.0,-1
"F[0,1]((BGTestAvgNumPtRep >= 1.056 & HDL >= 28.276) -> TotalDailyInsPerKg <= 57.289)
",-9999999.000,-9999999.000,0.000,0.000,1.000,0,0,0,4,4,0,0,4,0.0,0.0,0.0,0.0,0.0,1.0,-1
"F[1,2](((NumPumpBolusOrShortAct <= 5.457 | TSH >= 0.116) -> BGTestAvgNumPtRep >= 0.354) & Pt_GrandchildT1D >= 0.570)
",-9999999.000,-9999999.000,0.000,0.000,1.000,0,0,0,4,4,0,0,4,0.0,0.0,0.0,0.0,0.0,1.0,-1
"F[1,2]((bmi <= 30.898 -> TotChol <= 20.823) -> Pt_InsGov >= 12.952)
",-9999999.000,-9999999.000,0.000,0.000,1.000,0,0,0,4,4,0,0,4,0.0,0.0,0.0,0.0,0.0,1.0,-1
"F[0,2](((HbA1c <= 7.943 -> HeightCm <= 183.392) & Pt_A1cGoalLevelDsYr5 >= 116.860) -> BGTestAvgNumPtRep <= 180.262)
",-9999999.000,-9999999.000,0.000,0.000,1.000,0,0,0,4,4,0,0,4,0.0,0.0,0.0,0.0,0.0,1.0,-1
"F[0,2](((AlbCreatRat_mggNew <= 5.244 | BldPrDia >= 74.721) & TotalDailyInsPerKg <= 88.134) -> NumPumpBolusOrShortAct >= 79.952)
",-9999999.000,-9999999.000,0.000,0.000,1.000,0,0,0,4,4,0,0,4,0.0,0.0,0.0,0.0,0.0,1.0,-1
"F[0,1]((HDL <= 41.453 & TSH <= 1.242) | Pt_GrandparentT1D >= 0.436)
",-9999999.000,-9999999.000,0.000,0.000,1.000,0,0,0,4,4,0,0,4,0.0,0.0,0.0,0.0,0.0,1.0,-1
"F[1,2](((Pt_CGMUseNumDays <= 0.647 & TotChol >= 14.635) & bmi >= 0.087) & UnitsInsBasalOrLongAct <= 71.316)
",-9999999.000,-9999999.000,0.000,0.000,1.000,0,0,0,4,4,0,0,4,0.0,0.0,0.0,0.0,0.0,1.0,-1
"F[1,2]((Pt_CGMUseNumDays >= 0.106 -> Pt_GrandparentT1D >= 0.111) | Pt_MotherT1D >= 0.096)
",-9999999.000,-9999999.000,0.000,0.000,1.000,0,0,0,4,4,0,0,4,0.0,0.0,0.0,0.0,0.0,1.0,-1
"F[2,2](((bmi <= 29.915 -> NumPumpBolusOrShortAct >= 0.209) -> Pt_SHFlg <= 6.589) & Pt_MotherT1D <= 6.573)
",-6.589,-6.589,0.000,0.000,1.000,0,0,0,4,4,0,0,4,0.0,0.0,0.0,0.0,0.0,1.0,-1
"F[1,1](HeightCm <= 168.994 -> TotChol <= 60.822)
",-168.994,-168.994,0.000,0.000,1.000,0,0,0,4,4,0,0,4,0.0,0.0,0.0,0.0,0.0,1.0,-1
"((bmi <= 30.652) U[0,1] (Pt_CGMUseNumDays <= 0.332))
",-9999999.000,-9999999.000,0.000,0.000,1.000,0,0,0,4,4,0,0,4,0.0,0.0,0.0,0.0,0.0,1.0,-1
"F[2,2](((TotChol <= 102.554 | UnitsInsBasalOrLongAct >= 25.293) | Pt_MotherT1D <= 39.318) & Pt_GrandparentT1D <= 39.912)
",39.912,39.912,0.000,0.000,1.000,0,0,0,4,4,0,0,4,0.0,0.0,0.0,0.0,0.0,1.0,-1
"F[0,1]((TotChol <= 75.753 & WeightKg >= 25.776) -> WeightKg >= 56.687)
",-9999999.000,-9999999.000,0.000,0.000,1.000,0,0,0,4,4,0,0,4,0.0,0.0,0.0,0.0,0.0,1.0,-1
"((BGTestAvgNumMeter >= 0.144) U[0,1] (BGTestAvgNumPtRep <= 3.874))
",-9999999.000,-9999999.000,0.000,0.000,1.000,0,0,0,4,4,0,0,4,0.0,0.0,0.0,0.0,0.0,1.0,-1
"F[1,2]((BldPrDia >= 78.332 & WeightKg <= 101.449) -> DirectLDL >= 67.277)
",-9999999.000,-9999999.000,0.000,0.000,1.000,0,0,0,4,4,0,0,4,0.0,0.0,0.0,0.0,0.0,1.0,-1
"((BUN >= 2.163) U[0,1] (Pt_GrandparentT1D <= 0.266))
",-9999999.000,-9999999.000,0.000,0.000,1.000,0,0,0,4,4,0,0,4,0.0,0.0,0.0,0.0,0.0,1.0,-1
"F[1,1](((BldPrSys <= 141.558 & Pt_CGMUseNumDays <= 0.735) | Pt_GrandparentT1D <= 0.467) | HbA1cImputeDtMnC >= 0.047)
",6623601221451213.000,0.735,0.000,0.000,1.000,0,0,0,4,4,0,0,4,0.0,0.0,0.0,0.0,0.0,1.0,-1
"F[1,1]((HbA1cImputeDtMnC <= 58.185 | TSH <= 2.695) | GFR >= 0.403)
",58.185,58.185,0.000,0.000,1.000,0,0,0,4,4,0,0,4,0.0,0.0,0.0,0.0,0.0,1.0,-1
"F[1,2]((BldPrDia <= 88.152 | TSH <= 2.164) & HbA1cImputeDtMnC <= 2.275)
",-9999999.000,-9999999.000,0.000,0.000,1.000,0,0,0,4,4,0,0,4,0.0,0.0,0.0,0.0,0.0,1.0,-1
"F[0,2](((NumPumpBolusOrShortAct <= 2.959 | Pt_CGMUseNumDays >= 0.027) & BldPrSys >= 0.080) & Pt_MotherT1D <= 0.500)
",-9999999.000,-9999999.000,0.000,0.000,1.000,0,0,0,4,4,0,0,4,0.0,0.0,0.0,0.0,0.0,1.0,-1
"F[0,2]((TotalDailyInsPerKg <= 0.971 | UnitsInsBasalOrLongAct <= 49.740) & bmiZscore <= 45.064)
",-9999999.000,-9999999.000,0.000,0.000,1.000,0,0,0,4,4,0,0,4,0.0,0.0,0.0,0.0,0.0,1.0,-1
"F[0,2](bmi <= 28.248 & TSH <= 0.746)
",-9999999.000,-9999999.000,0.000,0.000,1.000,0,0,0,4,4,0,0,4,0.0,0.0,0.0,0.0,0.0,1.0,-1
"F[2,2]((BGTestAvgNumPtRep >= 1.204 & LDL <= 95.195) -> Pt_MotherT1D >= 16.111)
",1.204,1.204,0.000,0.000,1.000,0,0,0,4,4,0,0,4,0.0,0.0,0.0,0.0,0.0,1.0,-1
"F[0,2](((BGTestAvgNumPtRep >= 0.065 | HbA1c <= 7.875) & Pt_SiblingT1D <= 7.933) -> Pt_ChildT1D <= 7.832)
",-9999999.000,-9999999.000,0.000,0.000,1.000,0,0,0,4,4,0,0,4,0.0,0.0,0.0,0.0,0.0,1.0,-1
"F[0,2](AlbCreatRat_mggNew <= 4.735 | TotalDailyInsPerKg <= 0.772)
",-9999999.000,-9999999.000,0.000,0.000,1.000,0,0,0,4,4,0,0,4,0.0,0.0,0.0,0.0,0.0,1.0,-1
"F[0,0](bmiZscore <= 0.805 & Pt_CGMUseNumDays <= 0.994)
",-23127.006,-23127.006,0.000,0.000,1.000,0,0,0,4,4,0,0,4,0.0,0.0,0.0,0.0,0.0,1.0,-1
"F[0,2](((age <= 37.589 | TSH <= 1.708) -> Pt_ChildT1D >= 0.565) -> NumPumpBolusOrShortAct >= 0.570)
",-9999999.000,-9999999.000,0.000,0.000,1.000,0,0,0,4,4,0,0,4,0.0,0.0,0.0,0.0,0.0,1.0,-1
"F[1,2](((AlbCreatRat_mggNew >= 2.749 & TotChol >= 12.435) -> bmi <= 87.294) & AlbCreatRat_mggNew <= 20.132)
",-9999999.000,-9999999.000,0.000,0.000,1.000,0,0,0,4,4,0,0,4,0.0,0.0,0.0,0.0,0.0,1.0,-1
"F[0,2](((AlbCreatRat_mggNew <= 4.064 | Pt_CGMUseNumDays <= 0.170) & HbA1c >= 0.019) & TotChol >= 0.076)
",-9999999.000,-9999999.000,0.000,0.000,1.000,0,0,0,4,4,0,0,4,0.0,0.0,0.0,0.0,0.0,1.0,-1
"F[1,2](((BGTestAvgNumMeter >= 1.015 & Pt_CGMUseNumDays <= 0.998) & age >= 0.048) & AutonomicNeuroCl <= 0.757)
",-9999999.000,-9999999.000,0.000,0.000,1.000,0,0,0,4,4,0,0,4,0.0,0.0,0.0,0.0,0.0,1.0,-1
"F[0,1](BldPrSys >= 135.806 | TSH >= 0.645)
",-9999999.000,-9999999.000,0.000,0.000,1.000,0,0,0,4,4,0,0,4,0.0,0.0,0.0,0.0,0.0,1.0,-1
"((Pt_CGMUseNumDays >= 0.083) U[2,2] (TSH >= 0.581))
",-0.083,-0.083,0.000,0.000,1.000,0,0,0,4,4,0,0,4,0.0,0.0,0.0,0.0,0.0,1.0,-1
"F[1,2](((AlbCreatRat_mggNew >= 2.871 | bmi >= 20.032) | diabDur <= 30.636) | Pt_A1cGoalLevelDsYr5 >= 8.030)
",-9999999.000,-9999999.000,0.000,0.000,1.000,0,0,0,4,4,0,0,4,0.0,0.0,0.0,0.0,0.0,1.0,-1
"F[0,2](((HbA1c <= 7.458 | Pt_GrandparentT1D <= 0.196) | BGTestAvgNumMeter >= 0.138) -> Triglyc >= 0.080)
",-9999999.000,-9999999.000,0.000,0.000,1.000,0,0,0,4,4,0,0,4,0.0,0.0,0.0,0.0,0.0,1.0,-1
"F[1,2](((AlbCreatRat_mggNew <= 3.460 & BUN >= 0.745) -> BldPrSys >= 0.985) | AutonomicNeuroCl <= 14.880)
",-9999999.000,-9999999.000,0.000,0.000,1.000,0,0,0,4,4,0,0,4,0.0,0.0,0.0,0.0,0.0,1.0,-1
"F[0,1](((BUN >= 1.070 | diabDur >= 14.193) & HbA1cImputeDtMnC >= 13.708) | BGTestAvgNumMeter <= 16.342)
",-9999999.000,-9999999.000,0.000,0.000,1.000,0,0,0,4,4,0,0,4,0.0,0.0,0.0,0.0,0.0,1.0,-1
"F[1,1]((BldPrSys <= 147.319 -> BUN <= 10.967) | BUN >= 6.894)
",-6.894,-6.894,0.000,0.000,1.000,0,0,0,4,4,0,0,4,0.0,0.0,0.0,0.0,0.0,1.0,-1
"F[1,2]((bmiZscore <= 0.690 -> HDL >= 13.401) & bmiPerc <= 52.693)
",-9999999.000,-9999999.000,0.000,0.000,1.000,0,0,0,4,4,0,0,4,0.0,0.0,0.0,0.0,0.0,1.0,-1
"((HbA1c >= 7.171) U[2,2] (Triglyc <= 94.782))
",6669714179015781.000,94.782,0.000,0.000,1.000,0,0,0,4,4,0,0,4,0.0,0.0,0.0,0.0,0.0,1.0,-1
"F[0,2](BGTestAvgNumPtRep >= 0.452 | HbA1cImputeDtMnC >= 20.526)
",-9999999.000,-9999999.000,0.000,0.000,1.000,0,0,0,4,4,0,0,4,0.0,0.0,0.0,0.0,0.0,1.0,-1
"F[0,2]((BldPrSys <= 142.500 | NumPumpBolusOrShortAct <= 2.269) | GFR <= 3.373)
",-9999999.000,-9999999.000,0.000,0.000,1.000,0,0,0,4,4,0,0,4,0.0,0.0,0.0,0.0,0.0,1.0,-1
"F[0,2]((BGTestAvgNumPtRep >= 1.255 & BldPrSys >= 134.582) -> Pt_ChildT1D >= 136.586)
",-9999999.000,-9999999.000,0.000,0.000,1.000,0,0,0,4,4,0,0,4,0.0,0.0,0.0,0.0,0.0,1.0,-1
"F[0,0](((bmiZscore >= 0.116 | Triglyc <= 76.250) & Pt_ChildT1D <= 82.405) -> Pt_SHFlg <= 154.080)
",-8.531,-133.179,0.000,0.000,1.000,0,0,0,4,4,0,0,4,0.0,0.0,0.0,0.0,0.0,1.0,-1
"F[1,2]((TSH >= 0.109 & UnitsInsBasalOrLongAct <= 39.937) -> GFR >= 26.025)
",-9999999.000,-9999999.000,0.000,0.000,1.000,0,0,0,4,4,0,0,4,0.0,0.0,0.0,0.0,0.0,1.0,-1
"((BldPrDia <= 84.717) U[1,2] (Pt_GrandparentT1D >= 0.138))
",-9999999.000,-9999999.000,0.000,0.000,1.000,0,0,0,4,4,0,0,4,0.0,0.0,0.0,0.0,0.0,1.0,-1
"((bmiZscore <= 0.854) U[2,2] (HbA1c >= 6.876))
",0.854,0.854,0.000,0.000,1.000,0,0,0,4,4,0,0,4,0.0,0.0,0.0,0.0,0.0,1.0,-1
"F[0,2]((BldPrDia <= 82.280 | NumPumpBolusOrShortAct <= 3.257) -> BldPrDia >= 0.344)
",-9999999.000,-9999999.000,0.000,0.000,1.000,0,0,0,4,4,0,0,4,0.0,0.0,0.0,0.0,0.0,1.0,-1
"F[1,2](BGTestAvgNumPtRep >= 0.778 & WeightKg <= 109.180)
",-9999999.000,-9999999.000,0.000,0.000,1.000,0,0,0,4,4,0,0,4,0.0,0.0,0.0,0.0,0.0,1.0,-1
"F[0,1]((bmi <= 27.520 & Triglyc >= 43.310) -> Pt_DKAFlg >= 3.028)
",-9999999.000,-9999999.000,0.000,0.000,1.000,0,0,0,4,4,0,0,4,0.0,0.0,0.0,0.0,0.0,1.0,-1
"F[0,1]((bmiZscore <= 0.795 | LDL >= 21.224) | bmiPerc <= 54.159)
",-9999999.000,-9999999.000,0.000,0.000,1.000,0,0,0,4,4,0,0,4,0.0,0.0,0.0,0.0,0.0,1.0,-1
"F[0,2]((BGTestAvgNumMeter >= 1.479 & HbA1c <= 7.812) | BUN <= 7.820)
",-9999999.000,-9999999.000,0.000,0.000,1.000,0,0,0,4,4,0,0,4,0.0,0.0,0.0,0.0,0.0,1.0,-1
"F[0,1](((HDL >= 18.634 & NumPumpBolusOrShortAct >= 1.167) | bmiZscore <= 2.972) & bmiPerc <= 6.823)
",-9999999.000,-9999999.000,0.000,0.000,1.000,0,0,0,4,4,0,0,4,0.0,0.0,0.0,0.0,0.0,1.0,-1
"F[0,2](AlbCreatRat_mggNew <= 3.516 & BGTestAvgNumPtRep <= 5.958)
",-9999999.000,-9999999.000,0.000,0.000,1.000,0,0,0,4,4,0,0,4,0.0,0.0,0.0,0.0,0.0,1.0,-1
"F[0,2]((HbA1c >= 6.964 & NumPumpBolusOrShortAct <= 6.115) -> bmi <= 5.362)
",-9999999.000,-9999999.000,0.000,0.000,1.000,0,0,0,4,4,0,0,4,0.0,0.0,0.0,0.0,0.0,1.0,-1
"((age >= 34.862) U[1,2] (Pt_CGMUseNumDays >= 0.071))
",-9999999.000,-9999999.000,0.000,0.000,1.000,0,0,0,4,4,0,0,4,0.0,0.0,0.0,0.0,0.0,1.0,-1
"F[2,2](HDL <= 53.069 & HeightCm >= 88.171)
",-88.171,-88.171,0.000,0.000,1.000,0,0,0,4,4,0,0,4,0.0,0.0,0.0,0.0,0.0,1.0,-1
"F[0,2](age >= 34.667 -> HeightCm >= 141.986)
",-9999999.000,-9999999.000,0.000,0.000,1.000,0,0,0,4,4,0,0,4,0.0,0.0,0.0,0.0,0.0,1.0,-1
"F[0,0]((BGTestAvgNumPtRep <= 3.978 | HeightCm <= 160.626) -> BldPrDia <= 173.117)
",-29.921,-52.369,0.000,0.000,1.000,0,0,0,4,4,0,0,4,0.0,0.0,0.0,0.0,0.0,1.0,-1
"F[1,2](((BldPrSys <= 147.498 & HeightCm <= 164.689) -> HbA1c <= 166.593) & HeightCm <= 184.562)
",-9999999.000,-9999999.000,0.000,0.000,1.000,0,0,0,4,4,0,0,4,0.0,0.0,0.0,0.0,0.0,1.0,-1
"F[1,2](BUN >= 8.297 -> HeightCm <= 178.126)
",-9999999.000,-9999999.000,0.000,0.000,1.000,0,0,0,4,4,0,0,4,0.0,0.0,0.0,0.0,0.0,1.0,-1
"F[1,2]((age >= 35.095 -> bmiZscore <= 0.681) -> HbA1c >= 0.305)
",-9999999.000,-9999999.000,0.000,0.000,1.000,0,0,0,4,4,0,0,4,0.0,0.0,0.0,0.0,0.0,1.0,-1
"F[0,2](BUN >= 0.628 & WeightKg <= 95.290)
",-9999999.000,-9999999.000,0.000,0.000,1.000,0,0,0,4,4,0,0,4,0.0,0.0,0.0,0.0,0.0,1.0,-1
"F[1,1](((HbA1c >= 7.033 | LDL <= 59.288) -> HDL >= 25.777) | HDL <= 89.580)
",6303617399020067.000,89.580,0.000,0.000,1.000,0,0,0,4,4,0,0,4,0.0,0.0,0.0,0.0,0.0,1.0,-1
"((HeightCm >= 52.761) U[2,2] (LDL <= 69.509))
",69.509,69.509,0.000,0.000,1.000,0,0,0,4,4,0,0,4,0.0,0.0,0.0,0.0,0.0,1.0,-1
"((BGTestAvgNumPtRep <= 4.942) U[2,2] (Triglyc <= 62.331))
",8772304295476445.000,62.331,0.000,0.000,1.000,0,0,0,4,4,0,0,4,0.0,0.0,0.0,0.0,0.0,1.0,-1
"F[1,2]((BldPrDia <= 81.461 & HbA1c <= 7.961) & bmiZscore >= 7.319)
",-9999999.000,-9999999.000,0.000,0.000,1.000,0,0,0,4,4,0,0,4,0.0,0.0,0.0,0.0,0.0,1.0,-1
"F[2,2]((BGTestAvgNumMeter <= 3.651 & bmi <= 29.183) | diagAgeCombo <= 30.447)
",30.447,30.447,0.000,0.000,1.000,0,0,0,4,4,0,0,4,0.0,0.0,0.0,0.0,0.0,1.0,-1
"F[1,2](((HbA1c >= 6.947 & TotChol >= 11.916) -> TotChol <= 66.358) | Triglyc <= 100.791)
",-9999999.000,-9999999.000,0.000,0.000,1.000,0,0,0,4,4,0,0,4,0.0,0.0,0.0,0.0,0.0,1.0,-1
"F[1,2](((HbA1cImputeDtMnC <= 42.098 | SMBGperDayPtMeterCombo >= 0.972) | TotalDailyInsPerKg >= 1.158) & TotalDailyInsPerKg >= 1.452)
",-9999999.000,-9999999.000,0.000,0.000,1.000,0,0,0,4,4,0,0,4,0.0,0.0,0.0,0.0,0.0,1.0,-1
"F[1,1]((LDL <= 46.604 | NumPumpBolusOrShortAct >= 0.817) | Pt_MotherT1D <= 2.804)
",46.604,46.604,0.000,0.000,1.000,0,0,0,4,4,0,0,4,0.0,0.0,0.0,0.0,0.0,1.0,-1
"((BldPrDia >= 79.604) U[1,2] (TotalDailyInsPerKg <= 1.125))
",-9999999.000,-9999999.000,0.000,0.000,1.000,0,0,0,4,4,0,0,4,0.0,0.0,0.0,0.0,0.0,1.0,-1
"F[0,2](((HbA1cImputeDtMnC >= 5.330 & WeightKg <= 96.295) & age >= 52.629) & HeightCm >= 52.908)
",-9999999.000,-9999999.000,0.000,0.000,1.000,0,0,0,4,4,0,0,4,0.0,0.0,0.0,0.0,0.0,1.0,-1
"F[2,2]((TotChol <= 55.840 -> TSH <= 2.117) | Pt_SHFlg <= 0.801)
",0.801,0.801,0.000,0.000,1.000,0,0,0,4,4,0,0,4,0.0,0.0,0.0,0.0,0.0,1.0,-1
"F[0,2](((BldPrDia <= 87.878 & diabDur >= 14.231) -> Pt_GrandchildT1D >= 13.354) & HbA1c >= 15.247)
",-9999999.000,-9999999.000,0.000,0.000,1.000,0,0,0,4,4,0,0,4,0.0,0.0,0.0,0.0,0.0,1.0,-1
"F[0,2](((age <= 37.687 -> LDL >= 6.507) | LDL <= 83.944) | TSH >= 45.260)
",-9999999.000,-9999999.000,0.000,0.000,1.000,0,0,0,4,4,0,0,4,0.0,0.0,0.0,0.0,0.0,1.0,-1
"F[2,2](BUN >= 3.699 | HbA1c <= 7.545)
",7.545,7.545,0.000,0.000,1.000,0,0,0,4,4,0,0,4,0.0,0.0,0.0,0.0,0.0,1.0,-1
"((AlbCreatRat_mggNew <= 4.680) U[0,1] (HbA1c >= 7.236))
",-9999999.000,-9999999.000,0.000,0.000,1.000,0,0,0,4,4,0,0,4,0.0,0.0,0.0,0.0,0.0,1.0,-1
"((age >= 34.909) U[2,2] (NumPumpBolusOrShortAct >= 1.263))
",-1.263,-1.263,0.000,0.000,1.000,0,0,0,4,4,0,0,4,0.0,0.0,0.0,0.0,0.0,1.0,-1
"F[0,1](diabDur >= 13.569 | Pt_GrandparentT1D >= 0.110)
",-9999999.000,-9999999.000,0.000,0.000,1.000,0,0,0,4,4,0,0,4,0.0,0.0,0.0,0.0,0.0,1.0,-1
"F[0,1](age <= 37.171 | Pt_GrandparentT1D <= 0.518)
",-9999999.000,-9999999.000,0.000,0.000,1.000,0,0,0,4,4,0,0,4,0.0,0.0,0.0,0.0,0.0,1.0,-1
"((BldPrDia >= 73.782) U[0,2] (HbA1cImputeDtMnC <= 37.595))
",-9999999.000,-9999999.000,0.000,0.000,1.000,0,0,0,4,4,0,0,4,0.0,0.0,0.0,0.0,0.0,1.0,-1
"F[1,2](((BldPrSys <= 149.690 | Triglyc <= 75.249) | diagAgeCombo <= 100.704) & TotChol >= 3.076)
",-9999999.000,-9999999.000,0.000,0.000,1.000,0,0,0,4,4,0,0,4,0.0,0.0,0.0,0.0,0.0,1.0,-1
"((DirectLDL <= 0.000) U[0,1] (Pt_SHFlg = 0.000))
",-9999999.000,-9999999.000,0.000,0.000,1.000,0,0,0,4,4,0,0,4,0.0,0.0,0.0,0.0,0.0,1.0,-1
"F[0,1](BldPrSys >= 133.561 | diabDur <= 16.459)
",-9999999.000,-9999999.000,0.000,0.000,1.000,0,0,0,4,4,0,0,4,0.0,0.0,0.0,0.0,0.0,1.0,-1
"F[2,2]((BldPrSys >= 132.674 & LDL >= 44.836) & BGTestAvgNumPtRep >= 1.467)
",-132.674,-132.674,0.000,0.000,1.000,0,0,0,4,4,0,0,4,0.0,0.0,0.0,0.0,0.0,1.0,-1
"((BldPrDia < 85.775) U[0,2] (Pt_SHFlg = 0.000))
",-9999999.000,-9999999.000,0.000,0.000,1.000,0,0,0,4,4,0,0,4,0.0,0.0,0.0,0.0,0.0,1.0,-1
"((AlbCreatRat_mggNew >= 2.615) U[0,1] (Pt_GrandparentT1D <= 0.198))
",-9999999.000,-9999999.000,0.000,0.000,1.000,0,0,0,4,4,0,0,4,0.0,0.0,0.0,0.0,0.0,1.0,-1
"F[0,1](((AlbCreatRat_mggNew >= 3.187 -> LDL >= 33.573) -> AlbCreatRat_mggNew >= 39.588) -> LDL <= 81.079)
",-9999999.000,-9999999.000,0.000,0.000,1.000,0,0,0,4,4,0,0,4,0.0,0.0,0.0,0.0,0.0,1.0,-1
"((diagAgeCombo >= 20.000) U[0,1] (Pt_SHFlg = 0.000))
",-9999999.000,-9999999.000,0.000,0.000,1.000,0,0,0,4,4,0,0,4,0.0,0.0,0.0,0.0,0.0,1.0,-1
"F[1,1]((bmiZscore >= 0.047 & bmiZscore <= 0.733) | HDL >= 0.015)
",-0.015,-0.015,0.000,0.000,1.000,0,0,0,4,4,0,0,4,0.0,0.0,0.0,0.0,0.0,1.0,-1
"F[0,2](bmi <= 32.793 | WeightKg <= 105.684)
",-9999999.000,-9999999.000,0.000,0.000,1.000,0,0,0,4,4,0,0,4,0.0,0.0,0.0,0.0,0.0,1.0,-1
"((bmi <= 27.683) U[0,1] (HeightCm >= 92.330))
",-9999999.000,-9999999.000,0.000,0.000,1.000,0,0,0,4,4,0,0,4,0.0,0.0,0.0,0.0,0.0,1.0,-1
"F[2,2](((LDL >= 45.236 | Triglyc >= 9.621) | Triglyc >= 18.661) | bmi <= 163.797)
",163.797,163.797,0.000,0.000,1.000,0,0,0,4,4,0,0,4,0.0,0.0,0.0,0.0,0.0,1.0,-1
"F[1,1]((HbA1cImputeDtMnC <= 45.454 & UnitsInsBasalOrLongAct <= 35.826) | age <= 51.447)
",7240575636923867.000,51.447,0.000,0.000,1.000,0,0,0,4,4,0,0,4,0.0,0.0,0.0,0.0,0.0,1.0,-1
"F[1,2]((LDL >= 31.586 -> UnitsInsBasalOrLongAct <= 53.534) | BGTestAvgNumMeter <= 54.843)
",-9999999.000,-9999999.000,0.000,0.000,1.000,0,0,0,4,4,0,0,4,0.0,0.0,0.0,0.0,0.0,1.0,-1
"F[1,2]((HDL >= 22.861 -> Triglyc <= 116.497) & HbA1cImputeDtMnC <= 118.441)
",-9999999.000,-9999999.000,0.000,0.000,1.000,0,0,0,4,4,0,0,4,0.0,0.0,0.0,0.0,0.0,1.0,-1
"F[0,2](Triglyc >= 53.987 & UnitsInsBasalOrLongAct <= 45.357)
",-9999999.000,-9999999.000,0.000,0.000,1.000,0,0,0,4,4,0,0,4,0.0,0.0,0.0,0.0,0.0,1.0,-1
"F[1,2]((BGTestAvgNumPtRep <= 3.065 -> Pt_GrandparentT1D >= 0.051) | Pt_ChildT1D >= 0.044)
",-9999999.000,-9999999.000,0.000,0.000,1.000,0,0,0,4,4,0,0,4,0.0,0.0,0.0,0.0,0.0,1.0,-1
"F[0,1]((age <= 36.534 | Triglyc <= 112.789) | bmiPerc >= 41.488)
",-9999999.000,-9999999.000,0.000,0.000,1.000,0,0,0,4,4,0,0,4,0.0,0.0,0.0,0.0,0.0,1.0,-1
"F[0,2]((BldPrSys >= 135.819 -> UnitsInsBasalOrLongAct <= 41.009) | Pt_SHFlg <= 43.817)
",-9999999.000,-9999999.000,0.000,0.000,1.000,0,0,0,4,4,0,0,4,0.0,0.0,0.0,0.0,0.0,1.0,-1
"F[1,2](LDL > 3.638 & Pt_SHFlg = 0.000)
",-9999999.000,-9999999.000,0.000,0.000,1.000,0,0,0,4,4,0,0,4,0.0,0.0,0.0,0.0,0.0,1.0,-1
"F[0,0](HbA1c >= 7.089 -> Pt_A1cGoalLevelDsYr5 = 0.000)
",0.000,0.000,0.000,0.000,1.000,0,0,0,4,4,0,0,4,0.0,0.0,0.0,0.0,0.0,1.0,-1
"F[2,2](((HbA1c <= 7.782 -> TotalDailyInsPerKg <= 0.931) | GFR <= 1.083) & BldPrDia <= 1.142)
",1.083,1.083,0.000,0.000,1.000,0,0,0,4,4,0,0,4,0.0,0.0,0.0,0.0,0.0,1.0,-1
"((BUN < 12.814) U[2,2] (Pt_SHFlg = 0.000))
",12.814,12.814,0.000,0.000,1.000,0,0,0,4,4,0,0,4,0.0,0.0,0.0,0.0,0.0,1.0,-1
"F[0,1](bmi >= 2.494 -> Pt_SHFlg = 0.000)
",-9999999.000,-9999999.000,0.000,0.000,1.000,0,0,0,4,4,0,0,4,0.0,0.0,0.0,0.0,0.0,1.0,-1
"((HDL >= 22.771) U[0,2] (Pt_SHFlg = 0.000))
",-9999999.000,-9999999.000,0.000,0.000,1.000,0,0,0,4,4,0,0,4,0.0,0.0,0.0,0.0,0.0,1.0,-1
"((Pt_A1cGoalLevelDsYr5 <= 0.000) U[1,2] (Pt_SHFlg = 0.000))
",-9999999.000,-9999999.000,0.000,0.000,1.000,0,0,0,4,4,0,0,4,0.0,0.0,0.0,0.0,0.0,1.0,-1
"F[0,2](Pt_GrandchildT1D > 0.000 & Pt_SHFlg = 0.000)
",-9999999.000,-9999999.000,0.000,0.000,1.000,0,0,0,4,4,0,0,4,0.0,0.0,0.0,0.0,0.0,1.0,-1
"((Pt_GrandparentT1D < 0.584) U[2,2] (Pt_SHFlg = 0.000))
",0.584,0.584,0.000,0.000,1.000,0,0,0,4,4,0,0,4,0.0,0.0,0.0,0.0,0.0,1.0,-1
"F[0,2](BGTestAvgNumPtRep > 0.565 -> Pt_SHFlg = 0.000)
",-9999999.000,-9999999.000,0.000,0.000,1.000,0,0,0,4,4,0,0,4,0.0,0.0,0.0,0.0,0.0,1.0,-1
"F[0,2](TSH <= 2.578 -> Pt_SHFlg = 0.000)
",-9999999.000,-9999999.000,0.000,0.000,1.000,0,0,0,4,4,0,0,4,0.0,0.0,0.0,0.0,0.0,1.0,-1
"F[0,0](UnitsInsBasalOrLongAct > 13.645 -> Pt_SHFlg = 0.000)
",1.414,7.397,0.000,0.000,1.000,0,0,0,4,4,0,0,4,0.0,0.0,0.0,0.0,0.0,1.0,-1
"F[1,2](Pt_ChildT1D <= 0.000 & Pt_SHFlg = 0.000)
",-9999999.000,-9999999.000,0.000,0.000,1.000,0,0,0,4,4,0,0,4,0.0,0.0,0.0,0.0,0.0,1.0,-1
"F[0,0](UnitsInsBasalOrLongAct > 28.748 -> Pt_SHFlg = 0.000)
",1.414,17.081,0.000,0.000,1.000,0,0,0,4,4,0,0,4,0.0,0.0,0.0,0.0,0.0,1.0,-1
"F[2,2](Pt_DKAFlg >= 0.000 & Pt_SHFlg = 0.000)
",0.000,0.000,0.000,0.000,1.000,0,0,0,4,4,0,0,4,0.0,0.0,0.0,0.0,0.0,1.0,-1
"((LDL >= 22.354) U[0,1] (Pt_SHFlg = 0.000))
",-9999999.000,-9999999.000,0.000,0.000,1.000,0,0,0,4,4,0,0,4,0.0,0.0,0.0,0.0,0.0,1.0,-1
"F[1,2](age > 34.328 -> Pt_SHFlg = 0.000)
",-9999999.000,-9999999.000,0.000,0.000,1.000,0,0,0,4,4,0,0,4,0.0,0.0,0.0,0.0,0.0,1.0,-1
"F[1,1](diagAgeCombo > 20.000 -> Pt_SHFlg = 0.000)
",0.000,0.000,0.000,0.000,1.000,0,0,0,4,4,0,0,4,0.0,0.0,0.0,0.0,0.0,1.0,-1
"F[2,2](Pt_DKAFlg <= 0.000 & Pt_SHFlg = 0.000)
",0.000,0.000,0.000,0.000,1.000,0,0,0,4,4,0,0,4,0.0,0.0,0.0,0.0,0.0,1.0,-1
"((Pt_InsGov < 0.000) U[0,2] (Pt_SHFlg = 0.000))
",-9999999.000,-9999999.000,0.000,0.000,1.000,0,0,0,4,4,0,0,4,0.0,0.0,0.0,0.0,0.0,1.0,-1
"F[2,2](LDL > 27.367 -> Pt_SHFlg = 0.000)
",0.000,0.000,0.000,0.000,1.000,0,0,0,4,4,0,0,4,0.0,0.0,0.0,0.0,0.0,1.0,-1
"((TotalDailyInsPerKg >= 0.693) U[0,1] (Pt_SHFlg = 0.000))
",-9999999.000,-9999999.000,0.000,0.000,1.000,0,0,0,4,4,0,0,4,0.0,0.0,0.0,0.0,0.0,1.0,-1
"F[1,2](HbA1c >= 7.242 -> Pt_A1cGoalLevelDsYr5 = 0.000)
",-9999999.000,-9999999.000,0.000,0.000,1.000,0,0,0,4,4,0,0,4,0.0,0.0,0.0,0.0,0.0,1.0,-1
"((BGTestAvgNumMeter >= 1.792) U[0,1] (BGTestAvgNumPtRep <= 4.927))
",-9999999.000,-9999999.000,0.000,0.000,1.000,0,0,0,4,4,0,0,4,0.0,0.0,0.0,0.0,0.0,1.0,-1
"F[0,0](HbA1c >= 6.937 -> Pt_A1cGoalLevelDsYr5 = 0.000)
",0.000,0.000,0.000,0.000,1.000,0,0,0,4,4,0,0,4,0.0,0.0,0.0,0.0,0.0,1.0,-1
"F[1,2](HbA1c >= 6.874 -> Pt_A1cGoalLevelDsYr5 = 0.000)
",-9999999.000,-9999999.000,0.000,0.000,1.000,0,0,0,4,4,0,0,4,0.0,0.0,0.0,0.0,0.0,1.0,-1
"F[0,0](HbA1c >= 7.252 -> Pt_A1cGoalLevelDsYr5 = 0.000)
",0.000,0.000,0.000,0.000,1.000,0,0,0,4,4,0,0,4,0.0,0.0,0.0,0.0,0.0,1.0,-1
"F[0,2](HbA1c >= 7.260 -> Pt_A1cGoalLevelDsYr5 = 0.000)
",-9999999.000,-9999999.000,0.000,0.000,1.000,0,0,0,4,4,0,0,4,0.0,0.0,0.0,0.0,0.0,1.0,-1
"((BldPrSys <= 147.122) U[1,1] (Pt_SHFlg = 0.000))
",147.122,147.122,0.000,0.000,1.000,0,0,0,4,4,0,0,4,0.0,0.0,0.0,0.0,0.0,1.0,-1
"((BGTestAvgNumMeter >= 0.343) U[2,2] (BGTestAvgNumPtRep <= 5.682))
",5.682,5.682,0.000,0.000,1.000,0,0,0,4,4,0,0,4,0.0,0.0,0.0,0.0,0.0,1.0,-1
"((BGTestAvgNumMeter >= 1.051) U[0,1] (BGTestAvgNumPtRep <= 5.050))
",-9999999.000,-9999999.000,0.000,0.000,1.000,0,0,0,4,4,0,0,4,0.0,0.0,0.0,0.0,0.0,1.0,-1
"F[0,2](HbA1c >= 6.955 -> Pt_A1cGoalLevelDsYr5 = 0.000)
",-9999999.000,-9999999.000,0.000,0.000,1.000,0,0,0,4,4,0,0,4,0.0,0.0,0.0,0.0,0.0,1.0,-1
"F[1,2](HbA1c >= 7.237 -> Pt_A1cGoalLevelDsYr5 = 0.000)
",-9999999.000,-9999999.000,0.000,0.000,1.000,0,0,0,4,4,0,0,4,0.0,0.0,0.0,0.0,0.0,1.0,-1
"((BGTestAvgNumMeter >= 1.765) U[0,2] (BGTestAvgNumPtRep <= 2.062))
",-9999999.000,-9999999.000,0.000,0.000,1.000,0,0,0,4,4,0,0,4,0.0,0.0,0.0,0.0,0.0,1.0,-1
"F[0,1](HbA1c >= 7.119 -> Pt_A1cGoalLevelDsYr5 = 0.000)
",-9999999.000,-9999999.000,0.000,0.000,1.000,0,0,0,4,4,0,0,4,0.0,0.0,0.0,0.0,0.0,1.0,-1
"F[1,2](((HDL >= 21.848 -> BGTestAvgNumPtRep >= 0.444) | HbA1cImputeDtMnC <= 3.568) | Pt_CGMUseNumDays <= 3.280)
",-9999999.000,-9999999.000,0.000,0.000,1.000,0,0,0,4,4,0,0,4,0.0,0.0,0.0,0.0,0.0,1.0,-1
"((bmi <= 28.318) U[2,2] (Pt_SHFlg <= 0.000))
",7970785027909733.000,28.318,0.000,0.000,1.000,0,0,0,4,4,0,0,4,0.0,0.0,0.0,0.0,0.0,1.0,-1
"F[0,2](HbA1c >= 7.028 -> Pt_A1cGoalLevelDsYr5 = 0.000)
",-9999999.000,-9999999.000,0.000,0.000,1.000,0,0,0,4,4,0,0,4,0.0,0.0,0.0,0.0,0.0,1.0,-1
"G[0,2](AlbCreatRat_mggNew <= 3.858 -> NumPumpBolusOrShortAct >= 0.511)
",9999999.000,9999999.000,0.000,1.000,0.000,0,0,1,3,3,1,1,3,0.0,0.0,1.0,0.0,0.0,1.0,1
"G[1,2](((HbA1cImputeDtMnC <= 37.430 & Pt_GrandparentT1D >= 0.128) & DirectLDL >= 0.104) | Pt_GrandparentT1D >= 0.034)
",9999999.000,9999999.000,0.000,1.000,0.000,0,0,1,3,3,1,1,3,0.0,0.0,1.0,0.0,0.0,1.0,1
"G[0,2]((HeightCm >= 104.037 & TotalDailyInsPerKg >= 0.331) | Pt_A1cGoalLevelDsYr5 <= 0.889)
",9999999.000,9999999.000,0.000,1.000,0.000,0,0,4,0,0,4,4,0,0.0,0.0,1.0,0.0,0.0,1.0,1
"G[1,2]((BldPrSys >= 138.874 & bmiZscore <= 0.810) | SMBGperDayPtMeterCombo <= 0.592)
",9999999.000,9999999.000,0.000,1.000,0.000,0,0,3,1,1,3,3,1,0.0,0.0,1.0,0.0,0.0,1.0,1
"G[2,2](((HbA1cImputeDtMnC >= 25.726 & NumPumpBolusOrShortAct >= 0.284) -> HeightCm >= 0.998) | SMBGperDayPtMeterCombo <= 6.557)
",7382383658953019.000,6.557,0.000,1.000,0.000,0,0,4,0,0,4,4,0,0.0,0.0,1.0,0.0,0.0,1.0,1
"G[0,0]((BGTestAvgNumMeter <= 3.531 -> diabDur <= 16.137) -> Pt_A1cGoalLevelDsYr5 >= 13.382)
",-1.086,-11.732,0.000,1.000,0.000,0,0,0,4,4,0,0,4,0.0,0.0,0.0,0.0,0.0,1.0,1
"G[2,2](((age >= 33.223 | SMBGperDayPtMeterCombo >= 0.248) -> Pt_SHFlg <= 3.297) & Pt_SiblingT1D <= 3.794)
",-7423765382872843.000,-3.297,0.000,1.000,0.000,0,0,4,0,0,4,4,0,0.0,0.0,1.0,0.0,0.0,1.0,1
"G[1,2]((BUN <= 17.675 -> Triglyc <= 118.581) & BUN >= 31.004)
",9999999.000,9999999.000,0.000,1.000,0.000,0,0,1,3,3,1,1,3,0.0,0.0,1.0,0.0,0.0,1.0,1
"G[0,2](((AlbCreatRat_mggNew >= 2.609 | HbA1cImputeDtMnC <= 57.034) & BGTestAvgNumMeter <= 59.882) -> Triglyc <= 60.277)
",9999999.000,9999999.000,0.000,1.000,0.000,0,0,2,2,2,2,2,2,0.0,0.0,1.0,0.0,0.0,1.0,1
"G[0,2](Pt_FatherT1D > 0.000 -> Pt_SHFlg = 0.000)
",9999999.000,9999999.000,0.000,1.000,0.000,0,0,4,0,0,4,4,0,0.0,0.0,1.0,0.0,0.0,1.0,1
"G[0,2](HbA1cImputeDtMnC <= 50.045 | Triglyc <= 79.510)
",9999999.000,9999999.000,0.000,1.000,0.000,0,0,4,0,0,4,4,0,0.0,0.0,1.0,0.0,0.0,1.0,1
"G[1,2](age <= 35.918 & AlbCreatRat_mggNew >= 2.519)
",9999999.000,9999999.000,0.000,1.000,0.000,0,0,2,2,2,2,2,2,0.0,0.0,1.0,0.0,0.0,1.0,1
"G[1,2](((AlbCreatRat_mggNew <= 5.170 -> BldPrSys <= 146.393) & bmi <= 149.317) -> UnitsInsBasalOrLongAct <= 146.958)
",9999999.000,9999999.000,0.000,1.000,0.000,0,0,4,0,0,4,4,0,0.0,0.0,1.0,0.0,0.0,1.0,1
"G[0,1]((BUN <= 14.354 -> LDL >= 37.675) -> HeightCm <= 78.523)
",9999999.000,9999999.000,0.000,1.000,0.000,0,0,1,3,3,1,1,3,0.0,0.0,1.0,0.0,0.0,1.0,1
"G[2,2](((bmi <= 29.118 | bmiZscore <= 0.855) | BUN >= 0.127) -> HeightCm <= 0.652)
",-8195857342164949.000,-29.118,0.000,1.000,0.000,0,0,4,0,0,4,4,0,0.0,0.0,1.0,0.0,0.0,1.0,1
"G[0,2](((AlbCreatRat_mggNew <= 4.022 -> UnitsInsBasalOrLongAct >= 22.333) | Triglyc <= 52.145) | AutonomicNeuroCl <= 54.109)
",9999999.000,9999999.000,0.000,1.000,0.000,0,0,4,0,0,4,4,0,0.0,0.0,1.0,0.0,0.0,1.0,1
"G[1,2]((BUN <= 16.655 -> HDL >= 8.443) | TotalDailyInsPerKg >= 16.570)
",9999999.000,9999999.000,0.000,1.000,0.000,0,0,3,1,1,3,3,1,0.0,0.0,1.0,0.0,0.0,1.0,1
"G[0,2]((HDL <= 32.525 -> LDL <= 62.096) & TSH >= 10.708)
",9999999.000,9999999.000,0.000,1.000,0.000,0,0,0,4,4,0,0,4,0.0,0.0,0.0,0.0,0.0,1.0,1
"G[2,2](((diabDur <= 16.552 & HbA1cImputeDtMnC >= 16.325) -> Pt_MotherT1D <= 61.016) -> HeightCm <= 48.563)
",-48.563,-48.563,0.000,1.000,0.000,0,0,4,0,0,4,4,0,0.0,0.0,1.0,0.0,0.0,1.0,1
"G[0,1]((HeightCm >= 74.433 -> WeightKg >= 42.621) & Pt_ChildT1D >= 43.582)
",9999999.000,9999999.000,0.000,1.000,0.000,0,0,0,4,4,0,0,4,0.0,0.0,0.0,0.0,0.0,1.0,1
"G[1,2](HeightCm < 179.193 -> Pt_SHFlg = 0.000)
",9999999.000,9999999.000,0.000,1.000,0.000,0,0,4,0,0,4,4,0,0.0,0.0,1.0,0.0,0.0,1.0,1
"G[0,2](((diabDur >= 14.398 -> Triglyc <= 85.390) & HeightCm <= 92.940) -> Pt_GrandparentT1D <= 167.369)
",9999999.000,9999999.000,0.000,1.000,0.000,0,0,4,0,0,4,4,0,0.0,0.0,1.0,0.0,0.0,1.0,1
"G[0,2](((BGTestAvgNumPtRep >= 0.748 | BUN >= 6.497) | WeightKg >= 7.079) & age <= 11.776)
",9999999.000,9999999.000,0.000,1.000,0.000,0,0,0,4,4,0,0,4,0.0,0.0,0.0,0.0,0.0,1.0,1
"G[0,1](SMBGperDayPtMeterCombo >= 0.099 & BGTestAvgNumPtRep >= 1.218)
",9999999.000,9999999.000,0.000,1.000,0.000,0,0,0,4,4,0,0,4,0.0,0.0,0.0,0.0,0.0,1.0,1
"G[0,2](diabDur <= 16.967 | NumPumpBolusOrShortAct >= 0.150)
",9999999.000,9999999.000,0.000,1.000,0.000,0,0,2,2,2,2,2,2,0.0,0.0,1.0,0.0,0.0,1.0,1
"G[0,2](Pt_GrandparentT1D < 0.804 -> Pt_SHFlg = 0.000)
",9999999.000,9999999.000,0.000,1.000,0.000,0,0,4,0,0,4,4,0,0.0,0.0,1.0,0.0,0.0,1.0,1
"G[1,2](((WeightKg >= 69.065 & UnitsInsBasalOrLongAct <= 36.188) -> Triglyc >= 0.410) & SMBGperDayPtMeterCombo <= 48.265)
",9999999.000,9999999.000,0.000,1.000,0.000,0,0,4,0,0,4,4,0,0.0,0.0,1.0,0.0,0.0,1.0,1
"G[1,2](bmiZscore <= 0.786 -> Pt_SHFlg = 0.000)
",9999999.000,9999999.000,0.000,1.000,0.000,0,0,4,0,0,4,4,0,0.0,0.0,1.0,0.0,0.0,1.0,1
"G[2,2]((WeightKg >= 12.386 | bmi >= 22.109) -> UnitsInsBasalOrLongAct <= 48.115)
",-48.115,-48.115,0.000,1.000,0.000,0,0,4,0,0,4,4,0,0.0,0.0,1.0,0.0,0.0,1.0,1
"G[0,2]((WeightKg >= 34.373 | bmi >= 25.793) -> UnitsInsBasalOrLongAct <= 40.814)
",9999999.000,9999999.000,0.000,1.000,0.000,0,0,2,2,2,2,2,2,0.0,0.0,1.0,0.0,0.0,1.0,1
"G[0,1](SMBGperDayPtMeterCombo >= 1.895 & BGTestAvgNumPtRep >= 0.472)
",9999999.000,9999999.000,0.000,1.000,0.000,0,0,0,4,4,0,0,4,0.0,0.0,0.0,0.0,0.0,1.0,1
"G[1,2]((WeightKg >= 86.968 | bmi >= 10.726) -> UnitsInsBasalOrLongAct <= 50.565)
",9999999.000,9999999.000,0.000,1.000,0.000,0,0,3,1,1,3,3,1,0.0,0.0,1.0,0.0,0.0,1.0,1
"G[0,2](GFR <= 0.000 -> BUN >= 4.310)
",9999999.000,9999999.000,0.000,1.000,0.000,0,0,1,3,3,1,1,3,0.0,0.0,1.0,0.0,0.0,1.0,1
"G[0,2](SMBGperDayPtMeterCombo >= 0.959 & BGTestAvgNumPtRep >= 0.446)
",9999999.000,9999999.000,0.000,1.000,0.000,0,0,0,4,4,0,0,4,0.0,0.0,0.0,0.0,0.0,1.0,1
"G[0,2]((WeightKg >= 78.889 | bmi >= 24.606) -> UnitsInsBasalOrLongAct <= 39.160)
",9999999.000,9999999.000,0.000,1.000,0.000,0,0,2,2,2,2,2,2,0.0,0.0,1.0,0.0,0.0,1.0,1
"G[1,2](GFR <= 0.000 -> BUN >= 7.683)
",9999999.000,9999999.000,0.000,1.000,0.000,0,0,3,1,1,3,3,1,0.0,0.0,1.0,0.0,0.0,1.0,1
"G[1,2](SMBGperDayPtMeterCombo >= 0.533 & BGTestAvgNumPtRep >= 0.171)
",9999999.000,9999999.000,0.000,1.000,0.000,0,0,2,2,2,2,2,2,0.0,0.0,1.0,0.0,0.0,1.0,1
"G[1,1](Pt_DKAFlg > 0.000 & Pt_SHFlg = 0.000)
",0.000,0.000,0.000,1.000,0.000,0,0,1,3,3,1,1,3,0.0,0.0,1.0,0.0,0.0,1.0,1
"G[0,2](SMBGperDayPtMeterCombo >= 0.227 & BGTestAvgNumPtRep >= 0.934)
",9999999.000,9999999.000,0.000,1.000,0.000,0,0,0,4,4,0,0,4,0.0,0.0,0.0,0.0,0.0,1.0,1
"G[0,1](SMBGperDayPtMeterCombo >= 1.958 & BGTestAvgNumPtRep >= 0.922)
",9999999.000,9999999.000,0.000,1.000,0.000,0,0,0,4,4,0,0,4,0.0,0.0,0.0,0.0,0.0,1.0,1
"G[0,2]((WeightKg >= 23.078 | bmi >= 15.352) -> UnitsInsBasalOrLongAct <= 54.221)
",9999999.000,9999999.000,0.000,1.000,0.000,0,0,3,1,1,3,3,1,0.0,0.0,1.0,0.0,0.0,1.0,1
"G[0,2](GFR <= 0.000 -> BUN >= 2.344)
",9999999.000,9999999.000,0.000,1.000,0.000,0,0,1,3,3,1,1,3,0.0,0.0,1.0,0.0,0.0,1.0,1
"G[2,2](SMBGperDayPtMeterCombo >= 0.640 & BGTestAvgNumPtRep >= 0.619)
",-0.640,-0.640,0.000,1.000,0.000,0,0,4,0,0,4,4,0,0.0,0.0,1.0,0.0,0.0,1.0,1
"G[0,2]((WeightKg >= 80.107 | bmi >= 13.849) -> UnitsInsBasalOrLongAct <= 44.395)
",9999999.000,9999999.000,0.000,1.000,0.000,0,0,2,2,2,2,2,2,0.0,0.0,1.0,0.0,0.0,1.0,1
"G[1,2](SMBGperDayPtMeterCombo >= 0.242 & BGTestAvgNumPtRep >= 0.539)
",9999999.000,9999999.000,0.000,1.000,0.000,0,0,2,2,2,2,2,2,0.0,0.0,1.0,0.0,0.0,1.0,1
"G[1,2]((WeightKg >= 65.343 | bmi >= 9.058) -> UnitsInsBasalOrLongAct <= 53.756)
",9999999.000,9999999.000,0.000,1.000,0.000,0,0,3,1,1,3,3,1,0.0,0.0,1.0,0.0,0.0,1.0,1
"G[1,2](GFR <= 0.000 -> BUN >= 0.948)
",9999999.000,9999999.000,0.000,1.000,0.000,0,0,3,1,1,3,3,1,0.0,0.0,1.0,0.0,0.0,1.0,1
"G[0,1](SMBGperDayPtMeterCombo >= 1.509 & BGTestAvgNumPtRep >= 0.835)
",9999999.000,9999999.000,0.000,1.000,0.000,0,0,0,4,4,0,0,4,0.0,0.0,0.0,0.0,0.0,1.0,1
"G[0,2]((WeightKg >= 74.059 | bmi >= 3.450) -> UnitsInsBasalOrLongAct <= 47.365)
",9999999.000,9999999.000,0.000,1.000,0.000,0,0,3,1,1,3,3,1,0.0,0.0,1.0,0.0,0.0,1.0,1
"G[2,2](GFR <= 0.000 -> BUN >= 2.629)
",0.000,0.000,0.000,1.000,0.000,0,0,4,0,0,4,4,0,0.0,0.0,1.0,0.0,0.0,1.0,1
"G[1,2]((Pt_GrandparentT1D <= 0.923 | UnitsInsBasalOrLongAct <= 39.453) & AutonomicNeuroCl >= 12.439)
",9999999.000,9999999.000,0.000,1.000,0.000,0,0,1,3,3,1,1,3,0.0,0.0,1.0,0.0,0.0,1.0,1
"G[1,2](((diabDur <= 16.339 | TotChol >= 14.622) | diagAgeCombo >= 12.336) | BUN >= 7.381)
",9999999.000,9999999.000,0.000,1.000,0.000,0,0,4,0,0,4,4,0,0.0,0.0,1.0,0.0,0.0,1.0,1
"G[0,2](diagAgeCombo >= 20.000 & Pt_MotherT1D <= 0.000)
",9999999.000,9999999.000,0.000,1.000,0.000,0,0,4,0,0,4,4,0,0.0,0.0,1.0,0.0,0.0,1.0,1
"G[1,2](((TotalDailyInsPerKg >= 0.272 & WeightKg >= 84.827) & Pt_A1cGoalLev <= 112.050) -> Pt_SiblingT1D <= 106.113)
",9999999.000,9999999.000,0.000,1.000,0.000,0,0,4,0,0,4,4,0,0.0,0.0,1.0,0.0,0.0,1.0,1
"G[2,2]((Pt_A1cGoalLev <= 0.000 & Pt_SiblingT1D <= 0.000) -> TotChol >= 0.000)
",0.000,0.000,0.000,1.000,0.000,0,0,4,0,0,4,4,0,0.0,0.0,1.0,0.0,0.0,1.0,1
"G[1,2](((HDL <= 34.421 -> BldPrSys <= 146.152) -> SMBGperDayPtMeterCombo >= 132.057) | Pt_MotherT1D <= 149.992)
",9999999.000,9999999.000,0.000,1.000,0.000,0,0,4,0,0,4,4,0,0.0,0.0,1.0,0.0,0.0,1.0,1
"G[1,2]((SMBGperDayPtMeterCombo <= 3.208 | BldPrSys <= 143.990) -> BldPrSys <= 147.628)
",9999999.000,9999999.000,0.000,1.000,0.000,0,0,3,1,1,3,3,1,0.0,0.0,1.0,0.0,0.0,1.0,1
"G[1,2]((age >= 34.180 | bmiZscore >= 0.338) | Triglyc <= 0.859)
",9999999.000,9999999.000,0.000,1.000,0.000,0,0,4,0,0,4,4,0,0.0,0.0,1.0,0.0,0.0,1.0,1
"G[2,2]((HbA1cImputeDtMnC <= 47.500 -> NumPumpBolusOrShortAct >= 0.588) & bmiPerc <= 4.952)
",-47.500,-47.500,0.000,1.000,0.000,0,0,4,0,0,4,4,0,0.0,0.0,1.0,0.0,0.0,1.0,1
"G[1,2]((Pt_GrandparentT1D <= 0.453 & DirectLDL <= 0.000) & Pt_MotherT1D >= 0.000)
",9999999.000,9999999.000,0.000,1.000,0.000,0,0,4,0,0,4,4,0,0.0,0.0,1.0,0.0,0.0,1.0,1
"G[0,2](((Pt_SiblingT1D <= 0.000 | BUN <= 12.555) -> bmiZscore >= 3.190) | Pt_DKAFlg >= 0.244)
",9999999.000,9999999.000,0.000,1.000,0.000,0,0,0,4,4,0,0,4,0.0,0.0,0.0,0.0,0.0,1.0,1
"G[1,2](((DirectLDL >= 0.000 | UnitsInsBasalOrLongAct <= 47.468) & Pt_SHFlg <= 39.468) -> Triglyc >= 10.621)
",9999999.000,9999999.000,0.000,1.000,0.000,0,0,3,1,1,3,3,1,0.0,0.0,1.0,0.0,0.0,1.0,1
"G[2,2](((Pt_MotherT1D >= 0.000 -> UnitsInsBasalOrLongAct <= 39.456) & HeightCm <= 54.059) | HDL >= 13.345)
",-13.345,-13.345,0.000,1.000,0.000,0,0,4,0,0,4,4,0,0.0,0.0,1.0,0.0,0.0,1.0,1
"G[2,2](TotChol >= 8.393 | diabDur <= 17.615)
",17.615,17.615,0.000,1.000,0.000,0,0,4,0,0,4,4,0,0.0,0.0,1.0,0.0,0.0,1.0,1
"G[1,2]((BGTestAvgNumPtRep >= 0.422 & Pt_MotherT1D >= 0.000) -> TSH >= 0.000)
",9999999.000,9999999.000,0.000,1.000,0.000,0,0,4,0,0,4,4,0,0.0,0.0,1.0,0.0,0.0,1.0,1
"G[0,2]((GFR <= 0.000 & BldPrSys >= 138.652) & AlbCreatRat_mggNew <= 140.172)
",9999999.000,9999999.000,0.000,1.000,0.000,0,0,1,3,3,1,1,3,0.0,0.0,1.0,0.0,0.0,1.0,1
"G[2,2](TSH >= 0.537 -> Pt_GrandparentT1D <= 0.524)
",-0.524,-0.524,0.000,1.000,0.000,0,0,4,0,0,4,4,0,0.0,0.0,1.0,0.0,0.0,1.0,1
"G[2,2]((bmi <= 29.116 -> GFR >= 0.000) | Pt_InsGov <= 0.000)
",0.000,0.000,0.000,1.000,0.000,0,0,4,0,0,4,4,0,0.0,0.0,1.0,0.0,0.0,1.0,1
"G[1,2](TSH <= 2.087 | diabDur <= 16.944)
",9999999.000,9999999.000,0.000,1.000,0.000,0,0,4,0,0,4,4,0,0.0,0.0,1.0,0.0,0.0,1.0,1
"G[0,2](SMBGperDayPtMeterCombo >= 0.115 -> HeightCm >= 65.768)
",9999999.000,9999999.000,0.000,1.000,0.000,0,0,3,1,1,3,3,1,0.0,0.0,1.0,0.0,0.0,1.0,1
"G[1,2]((BGTestAvgNumMeter <= 2.354 & Pt_ChildT1D <= 0.000) -> Pt_A1cGoalLevelDsYr5 >= 0.000)
",9999999.000,9999999.000,0.000,1.000,0.000,0,0,4,0,0,4,4,0,0.0,0.0,1.0,0.0,0.0,1.0,1
"G[1,2](((Triglyc >= 8.795 & Pt_InsGov <= 0.000) -> GFR <= 0.000) -> HeightCm <= 0.000)
",9999999.000,9999999.000,0.000,1.000,0.000,0,0,1,3,3,1,1,3,0.0,0.0,1.0,0.0,0.0,1.0,1
"G[0,2](Pt_FatherT1D <= 0.000 -> TotalDailyInsPerKg <= 0.948)
",9999999.000,9999999.000,0.000,1.000,0.000,0,0,1,3,3,1,1,3,0.0,0.0,1.0,0.0,0.0,1.0,1
"G[2,2](((GFR >= 0.000 -> HDL >= 11.201) -> bmiPerc <= 47.619) | WeightKg <= 40.903)
",40.903,40.903,0.000,1.000,0.000,0,0,4,0,0,4,4,0,0.0,0.0,1.0,0.0,0.0,1.0,1
"G[0,0](((BGTestAvgNumMeter <= 3.743 -> LDL >= 12.180) & AutonomicNeuroCl <= 76.643) & GFR >= 10.029)
",-110.060,-9.491,0.000,1.000,0.000,0,0,0,4,4,0,0,4,0.0,0.0,0.0,0.0,0.0,1.0,1
"G[0,2](Pt_A1cGoalLev <= 0.000 | Triglyc >= 8.921)
",9999999.000,9999999.000,0.000,1.000,0.000,0,0,4,0,0,4,4,0,0.0,0.0,1.0,0.0,0.0,1.0,1
"G[2,2]((Pt_SHFlg >= 0.000 & Pt_A1cGoalLevelDsYr5 <= 0.000) | Pt_ChildT1D >= 0.000)
",0.000,0.000,0.000,1.000,0.000,0,0,4,0,0,4,4,0,0.0,0.0,1.0,0.0,0.0,1.0,1
"G[1,2](((DirectLDL >= 0.000 | HeightCm >= 42.328) & SMBGperDayPtMeterCombo <= 168.086) & Pt_A1cGoalLev >= 25.115)
",9999999.000,9999999.000,0.000,1.000,0.000,0,0,1,3,3,1,1,3,0.0,0.0,1.0,0.0,0.0,1.0,1
"G[1,2](((BldPrDia >= 78.645 & Pt_InsGov <= 0.000) | Pt_DKAFlg <= 0.000) | Pt_A1cGoalLev >= 0.000)
",9999999.000,9999999.000,0.000,1.000,0.000,0,0,4,0,0,4,4,0,0.0,0.0,1.0,0.0,0.0,1.0,1
"G[1,2](((diabDur <= 17.663 -> bmiPerc <= 0.000) -> DirectLDL >= 0.000) & Pt_A1cGoalLevelDsYr5 <= 0.000)
",9999999.000,9999999.000,0.000,1.000,0.000,0,0,4,0,0,4,4,0,0.0,0.0,1.0,0.0,0.0,1.0,1
"G[0,2](Triglyc >= 18.192 -> bmi >= 1.831)
",9999999.000,9999999.000,0.000,1.000,0.000,0,0,4,0,0,4,4,0,0.0,0.0,1.0,0.0,0.0,1.0,1
"G[0,2]((TSH >= 0.325 & TotalDailyInsPerKg >= 0.074) & Triglyc <= 0.951)
",9999999.000,9999999.000,0.000,1.000,0.000,0,0,0,4,4,0,0,4,0.0,0.0,0.0,0.0,0.0,1.0,1
"G[1,2](Pt_ChildT1D <= 0.000 -> HeightCm >= 80.659)
",9999999.000,9999999.000,0.000,1.000,0.000,0,0,4,0,0,4,4,0,0.0,0.0,1.0,0.0,0.0,1.0,1
"G[0,2](((Pt_ChildT1D >= 0.000 & BUN >= 5.190) | Pt_SiblingT1D <= 13.219) -> HeightCm >= 6.607)
",9999999.000,9999999.000,0.000,1.000,0.000,0,0,3,1,1,3,3,1,0.0,0.0,1.0,0.0,0.0,1.0,1
"G[2,2]((diabDur <= 17.213 -> HbA1cImputeDtMnC <= 49.283) -> DirectLDL <= 43.683)
",-43.683,-43.683,0.000,1.000,0.000,0,0,4,0,0,4,4,0,0.0,0.0,1.0,0.0,0.0,1.0,1
"G[1,2](((Pt_SiblingT1D >= 0.000 | NumPumpBolusOrShortAct >= 0.618) | Pt_FatherT1D >= 1.426) -> bmi >= 0.950)
",9999999.000,9999999.000,0.000,1.000,0.000,0,0,4,0,0,4,4,0,0.0,0.0,1.0,0.0,0.0,1.0,1
"G[1,2](((Pt_CGMUseNumDays <= 0.369 & bmiPerc >= 0.000) | Pt_CGMUseNumDays >= 0.000) & LDL >= 0.000)
",9999999.000,9999999.000,0.000,1.000,0.000,0,0,4,0,0,4,4,0,0.0,0.0,1.0,0.0,0.0,1.0,1
"G[0,2]((Pt_SiblingT1D <= 0.000 -> diabDur <= 16.275) & AlbCreatRat_mggNew <= 16.491)
",9999999.000,9999999.000,0.000,1.000,0.000,0,0,2,2,2,2,2,2,0.0,0.0,1.0,0.0,0.0,1.0,1
"G[0,1](Pt_FatherT1D >= 0.000 -> BGTestAvgNumPtRep >= 0.853)
",9999999.000,9999999.000,0.000,1.000,0.000,0,0,0,4,4,0,0,4,0.0,0.0,0.0,0.0,0.0,1.0,1
"G[0,2](((SMBGperDayPtMeterCombo >= 0.451 & Pt_GrandparentT1D >= 0.045) & BldPrDia >= 0.141) & BldPrDia >= 0.060)
",9999999.000,9999999.000,0.000,1.000,0.000,0,0,0,4,4,0,0,4,0.0,0.0,0.0,0.0,0.0,1.0,1
"G[0,2]((NumPumpBolusOrShortAct <= 2.855 | SMBGperDayPtMeterCombo <= 2.515) | LDL >= 1.435)
",9999999.000,9999999.000,0.000,1.000,0.000,0,0,4,0,0,4,4,0,0.0,0.0,1.0,0.0,0.0,1.0,1
"G[1,2]((bmiZscore <= 0.608 & Pt_DKAFlg <= 0.000) | Pt_GrandchildT1D <= 0.000)
",9999999.000,9999999.000,0.000,1.000,0.000,0,0,4,0,0,4,4,0,0.0,0.0,1.0,0.0,0.0,1.0,1
"G[1,2](((BGTestAvgNumPtRep >= 1.311 -> Pt_ChildT1D >= 0.000) & bmiPerc >= 0.000) & DirectLDL <= 0.000)
",9999999.000,9999999.000,0.000,1.000,0.000,0,0,4,0,0,4,4,0,0.0,0.0,1.0,0.0,0.0,1.0,1
"G[2,2]((Pt_SHFlg >= 0.000 | Pt_A1cGoalLev >= 0.000) -> Triglyc <= 0.000)
",0.000,0.000,0.000,1.000,0.000,0,0,4,0,0,4,4,0,0.0,0.0,1.0,0.0,0.0,1.0,1
"G[2,2](HDL <= 50.945 -> Pt_DKAFlg <= 0.000)
",-50.945,-50.945,0.000,1.000,0.000,0,0,4,0,0,4,4,0,0.0,0.0,1.0,0.0,0.0,1.0,1
"G[0,2](HbA1cImputeDtMnC >= 27.045 | Pt_GrandchildT1D >= 0.000)
",9999999.000,9999999.000,0.000,1.000,0.000,0,0,4,0,0,4,4,0,0.0,0.0,1.0,0.0,0.0,1.0,1
"G[1,2]((TotalDailyInsPerKg <= 0.926 & AutonomicNeuroCl >= 0.000) | bmiPerc <= 0.000)
",9999999.000,9999999.000,0.000,1.000,0.000,0,0,4,0,0,4,4,0,0.0,0.0,1.0,0.0,0.0,1.0,1
"G[2,2](((BGTestAvgNumMeter <= 3.863 & BGTestAvgNumPtRep <= 3.317) -> Pt_GrandparentT1D <= 4.580) | HbA1cImputeDtMnC <= 2.886)
",6498965160855189.000,2.886,0.000,1.000,0.000,0,0,4,0,0,4,4,0,0.0,0.0,1.0,0.0,0.0,1.0,1
"G[0,2](((Pt_SHFlg >= 0.000 -> bmi <= 27.872) | Pt_SHFlg <= 33.309) -> bmiZscore <= 27.734)
",9999999.000,9999999.000,0.000,1.000,0.000,0,0,4,0,0,4,4,0,0.0,0.0,1.0,0.0,0.0,1.0,1
"G[2,2](Pt_SHFlg >= 0.000 | HDL >= 0.813)
",0.000,0.000,0.000,1.000,0.000,0,0,4,0,0,4,4,0,0.0,0.0,1.0,0.0,0.0,1.0,1
"G[1,2](((AutonomicNeuroCl <= 0.000 -> HbA1cImputeDtMnC >= 28.916) -> BGTestAvgNumMeter <= 67.876) | DirectLDL <= 49.416)
",9999999.000,9999999.000,0.000,1.000,0.000,0,0,4,0,0,4,4,0,0.0,0.0,1.0,0.0,0.0,1.0,1
"G[2,2](((Pt_CGMUseNumDays <= 0.455 -> Pt_DKAFlg <= 0.000) | bmiZscore <= 0.000) -> TotChol <= 0.000)
",0.000,0.000,0.000,1.000,0.000,0,0,4,0,0,4,4,0,0.0,0.0,1.0,0.0,0.0,1.0,1
"G[1,2]((LDL <= 61.592 & Pt_GrandparentT1D >= 0.023) -> Pt_DKAFlg <= 0.768)
",9999999.000,9999999.000,0.000,1.000,0.000,0,0,4,0,0,4,4,0,0.0,0.0,1.0,0.0,0.0,1.0,1
"G[2,2](((Pt_FatherT1D >= 0.000 | Pt_SHFlg <= 0.000) | BGTestAvgNumPtRep >= 0.000) | Pt_A1cGoalLevelDsYr5 >= 0.000)
",0.000,0.000,0.000,1.000,0.000,0,0,4,0,0,4,4,0,0.0,0.0,1.0,0.0,0.0,1.0,1
"G[1,2]((Pt_MotherT1D >= 0.000 -> HbA1cImputeDtMnC <= 61.412) -> Pt_ChildT1D <= 67.967)
",9999999.000,9999999.000,0.000,1.000,0.000,0,0,4,0,0,4,4,0,0.0,0.0,1.0,0.0,0.0,1.0,1
"G[1,2](HeightCm > 49.212 & Pt_SHFlg = 0.000)
",9999999.000,9999999.000,0.000,1.000,0.000,0,0,4,0,0,4,4,0,0.0,0.0,1.0,0.0,0.0,1.0,1
"G[0,1]((HbA1cImputeDtMnC >= 27.278 & LDL <= 49.133) & bmiZscore >= 27.320)
",9999999.000,9999999.000,0.000,1.000,0.000,0,0,0,4,4,0,0,4,0.0,0.0,0.0,0.0,0.0,1.0,1
"F[0,2]((Pt_GrandchildT1D >= 0.000 & HeightCm <= 183.156) | Triglyc >= 29.868)
",-9999999.000,-9999999.000,0.000,0.000,1.000,0,0,0,4,4,0,0,4,0.0,0.0,0.0,0.0,0.0,1.0,-1
"F[1,2](((Pt_DKAFlg >= 0.000 & BUN <= 15.712) -> Pt_SiblingT1D >= 3.979) & TotalDailyInsPerKg <= 12.980)
",-9999999.000,-9999999.000,0.000,0.000,1.000,0,0,0,4,4,0,0,4,0.0,0.0,0.0,0.0,0.0,1.0,-1
"F[1,2]((Pt_A1cGoalLev <= 0.000 | DirectLDL >= 0.000) -> TotChol <= 0.000)
",-9999999.000,-9999999.000,0.000,0.000,1.000,0,0,0,4,4,0,0,4,0.0,0.0,0.0,0.0,0.0,1.0,-1
"F[2,2]((HbA1c >= 7.405 | HbA1cImputeDtMnC >= 23.439) & BGTestAvgNumPtRep >= 9.919)
",-9.919,-9.919,0.000,0.000,1.000,0,0,0,4,4,0,0,4,0.0,0.0,0.0,0.0,0.0,1.0,-1
"F[0,2]((age <= 36.339 & BGTestAvgNumMeter >= 0.200) -> LDL >= 0.456)
",-9999999.000,-9999999.000,0.000,0.000,1.000,0,0,0,4,4,0,0,4,0.0,0.0,0.0,0.0,0.0,1.0,-1
"G[1,1]((Pt_GrandchildT1D >= 0.000 & bmiZscore >= 0.322) & Pt_SHFlg >= 0.441)
",-0.441,-0.441,0.000,1.000,0.000,0,0,1,3,3,1,1,3,0.0,0.0,1.0,0.0,0.0,1.0,1
"F[1,2]((BldPrSys >= 133.166 | bmi <= 29.008) | BldPrSys <= 31.872)
",-9999999.000,-9999999.000,0.000,0.000,1.000,0,0,0,4,4,0,0,4,0.0,0.0,0.0,0.0,0.0,1.0,-1
"((Pt_DKAFlg <= 0.000) U[0,2] (HbA1cImputeDtMnC >= 26.604))
",-9999999.000,-9999999.000,0.000,0.000,1.000,0,0,0,4,4,0,0,4,0.0,0.0,0.0,0.0,0.0,1.0,-1
"F[0,2](BldPrDia >= 76.626 -> BUN <= 12.109)
",-9999999.000,-9999999.000,0.000,0.000,1.000,0,0,0,4,4,0,0,4,0.0,0.0,0.0,0.0,0.0,1.0,-1
"F[0,1]((bmiZscore <= 0.662 -> NumPumpBolusOrShortAct >= 0.823) -> Pt_SiblingT1D <= 6.225)
",-9999999.000,-9999999.000,0.000,0.000,1.000,0,0,0,4,4,0,0,4,0.0,0.0,0.0,0.0,0.0,1.0,-1
"F[0,2](((Pt_SiblingT1D <= 0.000 -> Pt_MotherT1D >= 0.000) & UnitsInsBasalOrLongAct <= 0.000) -> HeightCm <= 0.000)
",-9999999.000,-9999999.000,0.000,0.000,1.000,0,0,0,4,4,0,0,4,0.0,0.0,0.0,0.0,0.0,1.0,-1
"((age >= 35.710) U[0,2] (TotChol >= 0.622))
",-9999999.000,-9999999.000,0.000,0.000,1.000,0,0,0,4,4,0,0,4,0.0,0.0,0.0,0.0,0.0,1.0,-1
"F[0,1](((HbA1cImputeDtMnC <= 55.999 -> TotChol >= 6.229) | AutonomicNeuroCl <= 37.205) | diagAgeCombo <= 35.975)
",-9999999.000,-9999999.000,0.000,0.000,1.000,0,0,0,4,4,0,0,4,0.0,0.0,0.0,0.0,0.0,1.0,-1
"F[0,2](((HbA1c <= 7.876 & Pt_DKAFlg >= 0.000) -> HeightCm <= 0.000) & NumPumpBolusOrShortAct >= 0.000)
",-9999999.000,-9999999.000,0.000,0.000,1.000,0,0,0,4,4,0,0,4,0.0,0.0,0.0,0.0,0.0,1.0,-1
"F[2,2]((Pt_SiblingT1D <= 0.000 -> HbA1c >= 7.111) | WeightKg >= 7.264)
",0.000,0.000,0.000,0.000,1.000,0,0,0,4,4,0,0,4,0.0,0.0,0.0,0.0,0.0,1.0,-1
"((Pt_FatherT1D >= 0.000) U[0,1] (Pt_DKAFlg <= 0.000))
",-9999999.000,-9999999.000,0.000,0.000,1.000,0,0,0,4,4,0,0,4,0.0,0.0,0.0,0.0,0.0,1.0,-1
"F[2,2](BGTestAvgNumMeter <= 2.200 | bmiZscore <= 0.679)
",2.200,2.200,0.000,0.000,1.000,0,0,0,4,4,0,0,4,0.0,0.0,0.0,0.0,0.0,1.0,-1
"((Pt_ChildT1D >= 0.000) U[1,1] (bmiZscore >= 0.344))
",0.000,0.000,0.000,0.000,1.000,0,0,0,4,4,0,0,4,0.0,0.0,0.0,0.0,0.0,1.0,-1
"F[1,2]((TotChol >= 0.990 & Triglyc <= 63.208) | Pt_FatherT1D >= 9.041)
",-9999999.000,-9999999.000,0.000,0.000,1.000,0,0,0,4,4,0,0,4,0.0,0.0,0.0,0.0,0.0,1.0,-1
"G[0,2](Pt_ChildT1D <= 0.000 & Pt_A1cGoalLev >= 0.000)
",9999999.000,9999999.000,0.000,1.000,0.000,0,0,4,0,0,4,4,0,0.0,0.0,1.0,0.0,0.0,1.0,1
"G[0,2](((Pt_CGMUseNumDays >= 0.101 | Pt_FatherT1D >= 0.000) & HeightCm <= 0.000) -> Pt_GrandchildT1D >= 0.000)
",9999999.000,9999999.000,0.000,1.000,0.000,0,0,4,0,0,4,4,0,0.0,0.0,1.0,0.0,0.0,1.0,1
"G[2,2]((Pt_GrandchildT1D <= 0.000 | BGTestAvgNumMeter >= 0.991) | TotalDailyInsPerKg >= 1.406)
",0.000,0.000,0.000,1.000,0.000,0,0,4,0,0,4,4,0,0.0,0.0,1.0,0.0,0.0,1.0,1
"G[0,2]((GFR <= 0.000 | diagAgeCombo <= 20.000) | UnitsInsBasalOrLongAct >= 20.000)
",9999999.000,9999999.000,0.000,1.000,0.000,0,0,4,0,0,4,4,0,0.0,0.0,1.0,0.0,0.0,1.0,1
"G[1,1](bmiZscore >= 0.143 & Pt_GrandparentT1D >= 0.012)
",-0.143,-0.143,0.000,1.000,0.000,0,0,1,3,3,1,1,3,0.0,0.0,1.0,0.0,0.0,1.0,1
"G[1,2]((age >= 33.309 | Pt_CGMUseNumDays <= 0.890) | LDL >= 0.106)
",9999999.000,9999999.000,0.000,1.000,0.000,0,0,4,0,0,4,4,0,0.0,0.0,1.0,0.0,0.0,1.0,1
"F[1,2](bmi >= 13.843 -> HbA1c <= 7.858)
",-9999999.000,-9999999.000,0.000,0.000,1.000,0,0,0,4,4,0,0,4,0.0,0.0,0.0,0.0,0.0,1.0,-1
"F[1,2](((Pt_DKAFlg <= 0.000 & Pt_InsGov <= 0.000) & BUN >= 0.000) & Pt_A1cGoalLev <= 0.000)
",-9999999.000,-9999999.000,0.000,0.000,1.000,0,0,0,4,4,0,0,4,0.0,0.0,0.0,0.0,0.0,1.0,-1
"G[0,2](((Pt_MotherT1D <= 0.000 | LDL <= 63.333) & Pt_DKAFlg >= 32.540) & Pt_GrandparentT1D <= 46.099)
",9999999.000,9999999.000,0.000,1.000,0.000,0,0,0,4,4,0,0,4,0.0,0.0,0.0,0.0,0.0,1.0,1
"((bmiZscore <= 0.650) U[0,2] (BGTestAvgNumPtRep <= 3.094))
",-9999999.000,-9999999.000,0.000,0.000,1.000,0,0,0,4,4,0,0,4,0.0,0.0,0.0,0.0,0.0,1.0,-1
"F[2,2](TotalDailyInsPerKg >= 0.435 | diabDur <= 17.935)
",17.935,17.935,0.000,0.000,1.000,0,0,0,4,4,0,0,4,0.0,0.0,0.0,0.0,0.0,1.0,-1
"F[1,1]((LDL <= 63.647 & Pt_FatherT1D <= 0.000) | BGTestAvgNumPtRep >= 0.000)
",0.000,0.000,0.000,0.000,1.000,0,0,0,4,4,0,0,4,0.0,0.0,0.0,0.0,0.0,1.0,-1
"F[0,1]((NumPumpBolusOrShortAct <= 3.242 | AutonomicNeuroCl <= 0.000) & Pt_SHFlg <= 0.000)
",-9999999.000,-9999999.000,0.000,0.000,1.000,0,0,0,4,4,0,0,4,0.0,0.0,0.0,0.0,0.0,1.0,-1
"F[2,2](((LDL >= 36.977 | TotChol <= 69.280) & Pt_SiblingT1D >= 1.423) -> LDL >= 2.588)
",1.423,1.423,0.000,0.000,1.000,0,0,0,4,4,0,0,4,0.0,0.0,0.0,0.0,0.0,1.0,-1
"F[1,2](SMBGperDayPtMeterCombo <= 2.578 | Pt_DKAFlg >= 0.000)
",-9999999.000,-9999999.000,0.000,0.000,1.000,0,0,0,4,4,0,0,4,0.0,0.0,0.0,0.0,0.0,1.0,-1
"F[2,2](AutonomicNeuroCl <= 0.000 & WeightKg <= 98.637)
",0.000,0.000,0.000,0.000,1.000,0,0,0,4,4,0,0,4,0.0,0.0,0.0,0.0,0.0,1.0,-1
"F[1,2]((diagAgeCombo >= 20.000 & TotalDailyInsPerKg <= 0.795) & Pt_A1cGoalLevelDsYr5 <= 0.920)
",-9999999.000,-9999999.000,0.000,0.000,1.000,0,0,0,4,4,0,0,4,0.0,0.0,0.0,0.0,0.0,1.0,-1
"F[1,2](((NumPumpBolusOrShortAct >= 0.038 -> Triglyc <= 134.002) -> BGTestAvgNumMeter >= 57.356) & bmiPerc <= 95.728)
",-9999999.000,-9999999.000,0.000,0.000,1.000,0,0,0,4,4,0,0,4,0.0,0.0,0.0,0.0,0.0,1.0,-1
"F[0,2]((Pt_InsGov >= 0.000 & diagAgeCombo <= 20.000) & diabDur <= 20.000)
",-9999999.000,-9999999.000,0.000,0.000,1.000,0,0,0,4,4,0,0,4,0.0,0.0,0.0,0.0,0.0,1.0,-1
"((BUN >= 3.310) U[0,1] (Pt_GrandparentT1D <= 0.312))
",-9999999.000,-9999999.000,0.000,0.000,1.000,0,0,0,4,4,0,0,4,0.0,0.0,0.0,0.0,0.0,1.0,-1
"((bmiZscore <= 0.677) U[1,2] (bmiPerc <= 0.000))
",-9999999.000,-9999999.000,0.000,0.000,1.000,0,0,0,4,4,0,0,4,0.0,0.0,0.0,0.0,0.0,1.0,-1
"F[0,2]((HDL <= 53.972 & HbA1cImputeDtMnC <= 48.972) -> BGTestAvgNumPtRep >= 6.759)
",-9999999.000,-9999999.000,0.000,0.000,1.000,0,0,0,4,4,0,0,4,0.0,0.0,0.0,0.0,0.0,1.0,-1
"F[1,1](((DirectLDL <= 0.000 | Pt_A1cGoalLevelDsYr5 <= 0.000) & DirectLDL <= 0.000) | DirectLDL <= 0.000)
",0.000,0.000,0.000,0.000,1.000,0,0,0,4,4,0,0,4,0.0,0.0,0.0,0.0,0.0,1.0,-1
"((Pt_GrandparentT1D >= 0.055) U[0,1] (Pt_FatherT1D >= 0.000))
",-9999999.000,-9999999.000,0.000,0.000,1.000,0,0,0,4,4,0,0,4,0.0,0.0,0.0,0.0,0.0,1.0,-1
"F[1,2]((SMBGperDayPtMeterCombo <= 3.876 & Pt_A1cGoalLevelDsYr5 <= 0.000) -> DirectLDL <= 0.000)
",-9999999.000,-9999999.000,0.000,0.000,1.000,0,0,0,4,4,0,0,4,0.0,0.0,0.0,0.0,0.0,1.0,-1
"F[1,2](HbA1c >= 7.232 | Pt_CGMUseNumDays <= 0.815)
",-9999999.000,-9999999.000,0.000,0.000,1.000,0,0,0,4,4,0,0,4,0.0,0.0,0.0,0.0,0.0,1.0,-1
"F[1,2](Triglyc >= 5.556 -> Pt_ChildT1D >= 0.000)
",-9999999.000,-9999999.000,0.000,0.000,1.000,0,0,0,4,4,0,0,4,0.0,0.0,0.0,0.0,0.0,1.0,-1
"F[2,2](((BldPrDia <= 84.538 & Pt_MotherT1D >= 0.000) & HbA1cImputeDtMnC >= 0.000) -> bmiPerc <= 0.000)
",0.000,0.000,0.000,0.000,1.000,0,0,0,4,4,0,0,4,0.0,0.0,0.0,0.0,0.0,1.0,-1
"F[1,2](((Pt_SHFlg >= 0.000 & diabDur >= 13.593) | Pt_GrandchildT1D >= 14.859) & AlbCreatRat_mggNew <= 16.812)
",-9999999.000,-9999999.000,0.000,0.000,1.000,0,0,0,4,4,0,0,4,0.0,0.0,0.0,0.0,0.0,1.0,-1
"F[0,1](Pt_InsGov >= 0.000 | HbA1cImputeDtMnC >= 33.328)
",-9999999.000,-9999999.000,0.000,0.000,1.000,0,0,0,4,4,0,0,4,0.0,0.0,0.0,0.0,0.0,1.0,-1
"F[0,2]((diabDur <= 17.238 | BldPrSys <= 150.166) -> BUN <= 144.306)
",-9999999.000,-9999999.000,0.000,0.000,1.000,0,0,0,4,4,0,0,4,0.0,0.0,0.0,0.0,0.0,1.0,-1
"F[1,2](UnitsInsBasalOrLongAct <= 55.399 & bmi >= 14.444)
",-9999999.000,-9999999.000,0.000,0.000,1.000,0,0,0,4,4,0,0,4,0.0,0.0,0.0,0.0,0.0,1.0,-1
"F[0,2](HDL >= 27.389 -> Pt_ChildT1D <= 0.000)
",-9999999.000,-9999999.000,0.000,0.000,1.000,0,0,0,4,4,0,0,4,0.0,0.0,0.0,0.0,0.0,1.0,-1
"G[0,2]((AutonomicNeuroCl <= 0.000 & bmiZscore >= 0.482) | Pt_FatherT1D >= 0.082)
",9999999.000,9999999.000,0.000,1.000,0.000,0,0,2,2,2,2,2,2,0.0,0.0,1.0,0.0,0.0,1.0,1
"G[0,2](((bmi >= 25.582 -> HeightCm <= 174.562) -> DirectLDL <= 167.374) -> Pt_GrandchildT1D <= 162.880)
",9999999.000,9999999.000,0.000,1.000,0.000,0,0,4,0,0,4,4,0,0.0,0.0,1.0,0.0,0.0,1.0,1
"G[0,2](((age <= 36.879 & HbA1c <= 7.576) -> AlbCreatRat_mggNew >= 7.162) & Pt_GrandchildT1D >= 6.853)
",9999999.000,9999999.000,0.000,1.000,0.000,0,0,0,4,4,0,0,4,0.0,0.0,0.0,0.0,0.0,1.0,1
"G[1,2](Pt_CGMUseNumDays >= 0.044 -> TotalDailyInsPerKg <= 1.013)
",9999999.000,9999999.000,0.000,1.000,0.000,0,0,3,1,1,3,3,1,0.0,0.0,1.0,0.0,0.0,1.0,1
"G[0,2](TotalDailyInsPerKg <= 1.083 & Triglyc >= 42.640)
",9999999.000,9999999.000,0.000,1.000,0.000,0,0,0,4,4,0,0,4,0.0,0.0,0.0,0.0,0.0,1.0,1
"G[1,2](SMBGperDayPtMeterCombo <= 2.531 | TotalDailyInsPerKg <= 0.979)
",9999999.000,9999999.000,0.000,1.000,0.000,0,0,3,1,1,3,3,1,0.0,0.0,1.0,0.0,0.0,1.0,1
"G[2,2](((BldPrDia <= 81.284 | LDL <= 67.588) | bmiPerc <= 53.938) & BUN <= 54.333)
",54.333,54.333,0.000,1.000,0.000,0,0,4,0,0,4,4,0,0.0,0.0,1.0,0.0,0.0,1.0,1
"G[2,2](((LDL >= 21.650 | TotalDailyInsPerKg >= 0.019) & Pt_CGMUseNumDays <= 0.800) -> UnitsInsBasalOrLongAct >= 0.260)
",0.019,0.019,0.000,1.000,0.000,0,0,4,0,0,4,4,0,0.0,0.0,1.0,0.0,0.0,1.0,1
"G[0,2]((HbA1cImputeDtMnC <= 64.907 & TotalDailyInsPerKg >= 0.534) | diabDur <= 0.957)
",9999999.000,9999999.000,0.000,1.000,0.000,0,0,2,2,2,2,2,2,0.0,0.0,1.0,0.0,0.0,1.0,1
"G[0,2](((bmi >= 9.552 & Pt_GrandparentT1D >= 0.052) & bmi <= 0.213) | NumPumpBolusOrShortAct >= 0.124)
",9999999.000,9999999.000,0.000,1.000,0.000,0,0,0,4,4,0,0,4,0.0,0.0,0.0,0.0,0.0,1.0,1
"G[0,2](((BGTestAvgNumPtRep <= 3.602 & SMBGperDayPtMeterCombo <= 2.001) & Pt_GrandparentT1D <= 2.334) -> Triglyc >= 0.534)
",9999999.000,9999999.000,0.000,1.000,0.000,0,0,3,1,1,3,3,1,0.0,0.0,1.0,0.0,0.0,1.0,1
"G[0,2]((BGTestAvgNumPtRep >= 0.759 -> bmiZscore <= 0.738) -> HDL <= 0.839)
",9999999.000,9999999.000,0.000,1.000,0.000,0,0,1,3,3,1,1,3,0.0,0.0,1.0,0.0,0.0,1.0,1
"G[0,2]((Pt_GrandparentT1D >= 0.079 | WeightKg <= 108.311) -> diagAgeCombo >= 15.065)
",9999999.000,9999999.000,0.000,1.000,0.000,0,0,4,0,0,4,4,0,0.0,0.0,1.0,0.0,0.0,1.0,1
"G[1,2](((HeightCm >= 112.814 | Pt_CGMUseNumDays >= 0.015) -> DirectLDL >= 0.063) & diagAgeCombo <= 0.557)
",9999999.000,9999999.000,0.000,1.000,0.000,0,0,1,3,3,1,1,3,0.0,0.0,1.0,0.0,0.0,1.0,1
"G[0,0](((bmiZscore >= 0.259 & BUN >= 0.528) & Pt_DKAFlg >= 2.230) & Pt_A1cGoalLev <= 15.094)
",-4.906,-4.906,0.000,1.000,0.000,0,0,0,4,4,0,0,4,0.0,0.0,0.0,0.0,0.0,1.0,1
"G[1,2](BldPrDia <= 87.403 & TotChol <= 105.086)
",9999999.000,9999999.000,0.000,1.000,0.000,0,0,3,1,1,3,3,1,0.0,0.0,1.0,0.0,0.0,1.0,1
"G[0,2](((BUN <= 15.425 & TotalDailyInsPerKg >= 0.323) | BUN >= 0.106) -> bmi <= 1.121)
",9999999.000,9999999.000,0.000,1.000,0.000,0,0,1,3,3,1,1,3,0.0,0.0,1.0,0.0,0.0,1.0,1
"G[0,2](HDL >= 15.606 & TotChol <= 69.866)
",9999999.000,9999999.000,0.000,1.000,0.000,0,0,1,3,3,1,1,3,0.0,0.0,1.0,0.0,0.0,1.0,1
"G[0,2](HeightCm <= 175.596 | NumPumpBolusOrShortAct >= 0.924)
",9999999.000,9999999.000,0.000,1.000,0.000,0,0,1,3,3,1,1,3,0.0,0.0,1.0,0.0,0.0,1.0,1
"G[0,1](((diabDur >= 15.393 | TSH <= 2.172) | Pt_FatherT1D <= 2.263) -> WeightKg <= 2.529)
",9999999.000,9999999.000,0.000,1.000,0.000,0,0,1,3,3,1,1,3,0.0,0.0,1.0,0.0,0.0,1.0,1
"G[1,2](GFR <= 0.000 -> BUN >= 3.956)
",9999999.000,9999999.000,0.000,1.000,0.000,0,0,3,1,1,3,3,1,0.0,0.0,1.0,0.0,0.0,1.0,1
"G[0,1]((TSH >= 0.691 | WeightKg <= 111.621) & AlbCreatRat_mggNew >= 51.278)
",9999999.000,9999999.000,0.000,1.000,0.000,0,0,0,4,4,0,0,4,0.0,0.0,0.0,0.0,0.0,1.0,1
"G[0,2]((AlbCreatRat_mggNew <= 4.232 | WeightKg <= 103.977) | WeightKg >= 28.905)
",9999999.000,9999999.000,0.000,1.000,0.000,0,0,4,0,0,4,4,0,0.0,0.0,1.0,0.0,0.0,1.0,1
"G[0,1](((BGTestAvgNumPtRep <= 1.717 & TotChol >= 12.530) -> WeightKg >= 1.838) -> Pt_GrandchildT1D >= 5.995)
",9999999.000,9999999.000,0.000,1.000,0.000,0,0,0,4,4,0,0,4,0.0,0.0,0.0,0.0,0.0,1.0,1
"G[0,2](((BGTestAvgNumMeter <= 3.411 & TotChol >= 1.810) & Pt_SiblingT1D <= 86.876) -> HeightCm <= 35.105)
",9999999.000,9999999.000,0.000,1.000,0.000,0,0,3,1,1,3,3,1,0.0,0.0,1.0,0.0,0.0,1.0,1
"G[1,2](((BGTestAvgNumPtRep >= 0.971 | diabDur <= 16.079) | Pt_DKAFlg <= 17.487) | HDL >= 14.032)
",9999999.000,9999999.000,0.000,1.000,0.000,0,0,4,0,0,4,4,0,0.0,0.0,1.0,0.0,0.0,1.0,1
"G[1,2](HbA1c <= 7.713 | Pt_CGMUseNumDays <= 0.926)
",9999999.000,9999999.000,0.000,1.000,0.000,0,0,4,0,0,4,4,0,0.0,0.0,1.0,0.0,0.0,1.0,1
"G[0,1]((BGTestAvgNumMeter <= 2.091 & BldPrSys >= 138.093) & LDL >= 138.907)
",9999999.000,9999999.000,0.000,1.000,0.000,0,0,0,4,4,0,0,4,0.0,0.0,0.0,0.0,0.0,1.0,1
"G[0,0]((BGTestAvgNumMeter <= 3.951 | BldPrDia <= 88.097) -> AutonomicNeuroCl >= 78.318)
",1.220,25.383,0.000,1.000,0.000,0,0,0,4,4,0,0,4,0.0,0.0,0.0,0.0,0.0,1.0,1
"G[0,2](((WeightKg >= 18.543 | HDL <= 35.010) | SMBGperDayPtMeterCombo >= 23.262) & HDL >= 4.334)
",9999999.000,9999999.000,0.000,1.000,0.000,0,0,1,3,3,1,1,3,0.0,0.0,1.0,0.0,0.0,1.0,1
"G[0,2]((BUN >= 7.423 & Pt_CGMUseNumDays >= 0.142) -> bmiPerc >= 0.132)
",9999999.000,9999999.000,0.000,1.000,0.000,0,0,4,0,0,4,4,0,0.0,0.0,1.0,0.0,0.0,1.0,1
"G[0,0]((BGTestAvgNumPtRep >= 0.730 & bmi <= 29.000) | Pt_ChildT1D >= 1.192)
",0.331,0.270,0.000,1.000,0.000,0,0,0,4,4,0,0,4,0.0,0.0,0.0,0.0,0.0,1.0,1
"G[0,1]((BGTestAvgNumPtRep >= 0.372 | BldPrDia <= 83.413) -> BUN >= 75.810)
",9999999.000,9999999.000,0.000,1.000,0.000,0,0,0,4,4,0,0,4,0.0,0.0,0.0,0.0,0.0,1.0,1
"G[0,1]((BGTestAvgNumPtRep >= 1.340 & UnitsInsBasalOrLongAct >= 14.188) & Pt_FatherT1D <= 38.399)
",9999999.000,9999999.000,0.000,1.000,0.000,0,0,0,4,4,0,0,4,0.0,0.0,0.0,0.0,0.0,1.0,1
"G[0,1]((NumPumpBolusOrShortAct >= 0.697 & TotalDailyInsPerKg <= 0.910) | bmi <= 1.042)
",9999999.000,9999999.000,0.000,1.000,0.000,0,0,1,3,3,1,1,3,0.0,0.0,1.0,0.0,0.0,1.0,1
"G[0,2]((AlbCreatRat_mggNew >= 2.995 & bmiZscore <= 0.640) | HDL <= 0.746)
",9999999.000,9999999.000,0.000,1.000,0.000,0,0,1,3,3,1,1,3,0.0,0.0,1.0,0.0,0.0,1.0,1
"G[0,2](Pt_CGMUseNumDays <= 0.877 -> UnitsInsBasalOrLongAct >= 34.197)
",9999999.000,9999999.000,0.000,1.000,0.000,0,0,3,1,1,3,3,1,0.0,0.0,1.0,0.0,0.0,1.0,1
"G[0,0]((BGTestAvgNumPtRep >= 1.026 | TSH >= 0.634) & HeightCm <= 1.041)
",-61.258,-107.217,0.000,1.000,0.000,0,0,0,4,4,0,0,4,0.0,0.0,0.0,0.0,0.0,1.0,1
"G[1,2](TotalDailyInsPerKg <= 0.958 | TSH >= 0.726)
",9999999.000,9999999.000,0.000,1.000,0.000,0,0,3,1,1,3,3,1,0.0,0.0,1.0,0.0,0.0,1.0,1
"G[1,2]((BUN <= 10.838 | HbA1cImputeDtMnC >= 31.592) | Pt_CGMUseNumDays <= 67.107)
",9999999.000,9999999.000,0.000,1.000,0.000,0,0,4,0,0,4,4,0,0.0,0.0,1.0,0.0,0.0,1.0,1
"G[0,2]((BUN <= 17.019 -> UnitsInsBasalOrLongAct <= 51.441) & Pt_InsGov >= 10.251)
",9999999.000,9999999.000,0.000,1.000,0.000,0,0,0,4,4,0,0,4,0.0,0.0,0.0,0.0,0.0,1.0,1
"G[1,2](((Triglyc >= 45.771 & WeightKg >= 64.370) -> Pt_ChildT1D >= 85.489) & HbA1cImputeDtMnC >= 24.435)
",9999999.000,9999999.000,0.000,1.000,0.000,0,0,2,2,2,2,2,2,0.0,0.0,1.0,0.0,0.0,1.0,1
"G[0,2](BUN <= 15.644 -> NumPumpBolusOrShortAct >= 0.094)
",9999999.000,9999999.000,0.000,1.000,0.000,0,0,0,4,4,0,0,4,0.0,0.0,0.0,0.0,0.0,1.0,1
"G[2,2]((BGTestAvgNumPtRep >= 1.221 -> Pt_CGMUseNumDays <= 0.369) | BGTestAvgNumPtRep >= 0.108)
",-0.108,-0.108,0.000,1.000,0.000,0,0,4,0,0,4,4,0,0.0,0.0,1.0,0.0,0.0,1.0,1
"G[0,2](HDL <= 39.288 | Pt_CGMUseNumDays >= 0.027)
",9999999.000,9999999.000,0.000,1.000,0.000,0,0,1,3,3,1,1,3,0.0,0.0,1.0,0.0,0.0,1.0,1
"G[1,2]((BGTestAvgNumPtRep >= 0.578 & TotalDailyInsPerKg <= 1.093) & Pt_ChildT1D <= 0.843)
",9999999.000,9999999.000,0.000,1.000,0.000,0,0,1,3,3,1,1,3,0.0,0.0,1.0,0.0,0.0,1.0,1
"G[0,2](((SMBGperDayPtMeterCombo >= 1.105 | WeightKg >= 63.700) | AutonomicNeuroCl <= 98.268) & Pt_GrandchildT1D <= 105.244)
",9999999.000,9999999.000,0.000,1.000,0.000,0,0,4,0,0,4,4,0,0.0,0.0,1.0,0.0,0.0,1.0,1
"G[0,2]((BldPrSys <= 147.604 -> bmi >= 16.004) | UnitsInsBasalOrLongAct >= 22.312)
",9999999.000,9999999.000,0.000,1.000,0.000,0,0,4,0,0,4,4,0,0.0,0.0,1.0,0.0,0.0,1.0,1
"G[0,2]((LDL <= 70.397 & Pt_GrandparentT1D >= 0.038) | Pt_ChildT1D <= 0.558)
",9999999.000,9999999.000,0.000,1.000,0.000,0,0,4,0,0,4,4,0,0.0,0.0,1.0,0.0,0.0,1.0,1
"G[1,2]((bmiZscore <= 0.655 -> SMBGperDayPtMeterCombo <= 3.667) | HeightCm >= 1.861)
",9999999.000,9999999.000,0.000,1.000,0.000,0,0,4,0,0,4,4,0,0.0,0.0,1.0,0.0,0.0,1.0,1
"G[2,2](((SMBGperDayPtMeterCombo <= 3.891 & UnitsInsBasalOrLongAct >= 11.072) | NumPumpBolusOrShortAct >= 25.692) | HeightCm <= 41.503)
",41.503,41.503,0.000,1.000,0.000,0,0,4,0,0,4,4,0,0.0,0.0,1.0,0.0,0.0,1.0,1
"G[0,2]((age <= 36.567 -> HDL >= 18.267) | Pt_DKAFlg >= 18.138)
",9999999.000,9999999.000,0.000,1.000,0.000,0,0,3,1,1,3,3,1,0.0,0.0,1.0,0.0,0.0,1.0,1
"G[0,0]((bmi <= 33.061 | HbA1cImputeDtMnC <= 55.245) -> BldPrDia <= 62.334)
",-15.271,-51.911,0.000,1.000,0.000,0,0,0,4,4,0,0,4,0.0,0.0,0.0,0.0,0.0,1.0,1
"G[1,2]((bmi <= 29.954 & TotalDailyInsPerKg <= 0.787) -> Pt_A1cGoalLev >= 0.695)
",9999999.000,9999999.000,0.000,1.000,0.000,0,0,4,0,0,4,4,0,0.0,0.0,1.0,0.0,0.0,1.0,1
"((AlbCreatRat_mggNew <= 4.150) U[0,0] (Pt_SHFlg <= 0.000))
",-0.379,-2.567,0.000,0.000,1.000,0,0,0,4,4,0,0,4,0.0,0.0,0.0,0.0,0.0,1.0,-1
