Rule,Discrimination Score,Pos Robustness,Neg Robustness,Percent Class +,Percent Class -,TP,TN,FP,FN,Actual Yes,Actual No,Predicted Yes,Predicted No,TPR/Sens,TNR/Spec,FPR,Precision,Accuracy,MCR
"((HbA1cImputeDtMnC <= 60.612) U[0,0] (TotChol >= 27.503))
",8108219741117813.000,57.612,0.000,0.000,1.000,3,0,0,0,3,0,3,0,1.0,0,0,1.0,1.0,0.0
"F[0,0](((BUN >= 4.686 | SMBGperDayPtMeterCombo >= 1.962) -> bmiPerc >= 1.234) & BGTestAvgNumPtRep <= 6.760)
",-9.558,-78.038,0.000,0.000,1.000,3,0,0,0,3,0,3,0,1.0,0,0,1.0,1.0,0.0
"((Pt_InsGov > 0.000) U[1,2] (Pt_SHFlg = 0.000))
",-9999999.000,-9999999.000,0.000,0.000,1.000,3,0,0,0,3,0,3,0,1.0,0,0,1.0,1.0,0.0
"F[1,1]((Pt_A1cGoalLevelDsYr5 >= 0.000 | diagAgeCombo <= 6.000) & Pt_DKAFlg >= 6.000)
",-6.000,-6.000,0.000,0.000,1.000,3,0,0,0,3,0,3,0,1.0,0,0,1.0,1.0,0.0
"F[0,1]((HbA1cImputeDtMnC >= 31.268 | WeightKg <= 86.788) & Pt_MotherT1D >= 15.501)
",-9999999.000,-9999999.000,0.000,0.000,1.000,3,0,0,0,3,0,3,0,1.0,0,0,1.0,1.0,0.0
"F[1,1]((bmiZscore <= 0.827 & LDL >= 30.822) & DirectLDL >= 59.270)
",-59.270,-59.270,0.000,0.000,1.000,3,0,0,0,3,0,3,0,1.0,0,0,1.0,1.0,0.0
"F[0,1](((BldPrSys <= 127.708 & NumPumpBolusOrShortAct >= 0.286) & BldPrSys >= 0.732) & Pt_DKAFlg >= 0.030)
",-9999999.000,-9999999.000,0.000,0.000,1.000,3,0,0,0,3,0,3,0,1.0,0,0,1.0,1.0,0.0
"F[0,0](((AlbCreatRat_mggNew >= 5.814 | TSH <= 2.259) -> Triglyc <= 2.474) & BGTestAvgNumPtRep <= 2.214)
",-1.489,-4.712,0.000,0.000,1.000,3,0,0,0,3,0,3,0,1.0,0,0,1.0,1.0,0.0
"F[0,0](((HbA1c >= 8.284 -> HbA1cImputeDtMnC >= 34.645) -> BGTestAvgNumMeter <= 40.824) & BGTestAvgNumPtRep >= 8.543)
",-17.415,-8.210,0.000,0.000,1.000,3,0,0,0,3,0,3,0,1.0,0,0,1.0,1.0,0.0
"((Pt_CGMUseNumDays > 0.000) U[1,2] (Pt_SHFlg = 0.000))
",-9999999.000,-9999999.000,0.000,0.000,1.000,3,0,0,0,3,0,3,0,1.0,0,0,1.0,1.0,0.0
"F[1,1]((TSH >= 1.014 | TotalDailyInsPerKg <= 0.205) -> Pt_SiblingT1D >= 0.033)
",-0.205,-0.205,0.000,0.000,1.000,3,0,0,0,3,0,3,0,1.0,0,0,1.0,1.0,0.0
"F[1,1](((GFR >= 20.127 | HDL >= 10.600) -> age <= 39.648) -> Pt_InsGov >= 6.245)
",7031312384216645.000,6.245,0.000,0.000,1.000,3,0,0,0,3,0,3,0,1.0,0,0,1.0,1.0,0.0
"F[0,1](((TotalDailyInsPerKg <= 0.910 -> TSH <= 2.823) & age <= 2.145) | age <= 2.080)
",-9999999.000,-9999999.000,0.000,0.000,1.000,3,0,0,0,3,0,3,0,1.0,0,0,1.0,1.0,0.0
"F[1,1]((BGTestAvgNumPtRep >= 2.076 | BldPrDia <= 81.269) -> bmi >= 72.313)
",-81.269,-81.269,0.000,0.000,1.000,3,0,0,0,3,0,3,0,1.0,0,0,1.0,1.0,0.0
"F[1,1](((BldPrSys >= 115.404 | NumPumpBolusOrShortAct >= 0.540) & BldPrSys >= 1.188) & diabDur <= 2.709)
",-1.188,-1.188,0.000,0.000,1.000,3,0,0,0,3,0,3,0,1.0,0,0,1.0,1.0,0.0
"F[1,1]((BGTestAvgNumMeter >= 0.023 | diabDur <= 25.506) & bmi <= 25.320)
",25.320,25.320,0.000,0.000,1.000,3,0,0,0,3,0,3,0,1.0,0,0,1.0,1.0,0.0
"F[0,1](((TSH <= 1.991 & TotalDailyInsPerKg >= 0.058) & HbA1c <= 0.743) & TSH <= 0.921)
",-9999999.000,-9999999.000,0.000,0.000,1.000,3,0,0,0,3,0,3,0,1.0,0,0,1.0,1.0,0.0
"F[1,1]((SMBGperDayPtMeterCombo >= 0.099 & UnitsInsBasalOrLongAct >= 27.260) & diagAgeCombo >= 34.804)
",-34.804,-34.804,0.000,0.000,1.000,3,0,0,0,3,0,3,0,1.0,0,0,1.0,1.0,0.0
"F[1,1]((BldPrDia >= 72.785 -> BUN >= 3.368) & TotChol >= 2.607)
",-2.607,-2.607,0.000,0.000,1.000,2,0,0,1,3,0,2,1,0.6666666666666666,0,0,1.0,0.6666666666666666,0.33333333333333337
"((bmi >= 3.895) U[1,1] (GFR >= 15.414))
",-3.895,-3.895,0.000,0.000,1.000,2,0,0,1,3,0,2,1,0.6666666666666666,0,0,1.0,0.6666666666666666,0.33333333333333337
"F[0,0](((BldPrDia >= 77.007 -> DirectLDL >= 0.581) -> TSH >= 0.324) & HDL >= 0.027)
",-1.185,-1.676,0.000,0.000,1.000,2,0,0,1,3,0,2,1,0.6666666666666666,0,0,1.0,0.6666666666666666,0.33333333333333337
"((BGTestAvgNumMeter >= 0.109) U[1,1] (BGTestAvgNumPtRep <= 4.382))
",4.382,4.382,0.000,0.000,1.000,2,0,0,1,3,0,2,1,0.6666666666666666,0,0,1.0,0.6666666666666666,0.33333333333333337
"F[0,1]((Pt_FatherT1D <= 0.000 & Pt_SiblingT1D >= 0.000) -> HbA1cImputeDtMnC <= 0.000)
",-9999999.000,-9999999.000,0.000,0.000,1.000,2,0,0,1,3,0,2,1,0.6666666666666666,0,0,1.0,0.6666666666666666,0.33333333333333337
"F[0,1](((WeightKg <= 89.685 & UnitsInsBasalOrLongAct >= 34.045) | BldPrSys <= 61.067) & Pt_DKAFlg <= 47.500)
",-9999999.000,-9999999.000,0.000,0.000,1.000,2,0,0,1,3,0,2,1,0.6666666666666666,0,0,1.0,0.6666666666666666,0.33333333333333337
"F[0,0]((LDL <= 127.460 & NumPumpBolusOrShortAct <= 2.355) & Pt_A1cGoalLevelDsYr5 <= 1.950)
",1.950,1.950,0.000,0.000,1.000,2,0,0,1,3,0,2,1,0.6666666666666666,0,0,1.0,0.6666666666666666,0.33333333333333337
"((DirectLDL >= 0.579) U[1,2] (Pt_CGMUseNumDays >= 0.000))
",-9999999.000,-9999999.000,0.000,0.000,1.000,2,0,0,1,3,0,2,1,0.6666666666666666,0,0,1.0,0.6666666666666666,0.33333333333333337
"((HbA1cImputeDtMnC >= 0.251) U[0,0] (HDL >= 0.249))
",1.459,88.750,0.000,0.000,1.000,2,0,0,1,3,0,2,1,0.6666666666666666,0,0,1.0,0.6666666666666666,0.33333333333333337
"F[0,1](((GFR >= 1.727 -> UnitsInsBasalOrLongAct >= 16.612) | BldPrDia >= 32.867) -> TotChol >= 25.562)
",-9999999.000,-9999999.000,0.000,0.000,1.000,2,0,0,1,3,0,2,1,0.6666666666666666,0,0,1.0,0.6666666666666666,0.33333333333333337
"F[1,1](BGTestAvgNumMeter >= 0.004 | UnitsInsBasalOrLongAct <= 51.346)
",51.346,51.346,0.000,0.000,1.000,2,0,0,1,3,0,2,1,0.6666666666666666,0,0,1.0,0.6666666666666666,0.33333333333333337
"F[0,0](TSH <= 2.202 & bmiZscore <= 1.675)
",0.023,0.026,0.000,0.000,1.000,2,0,0,1,3,0,2,1,0.6666666666666666,0,0,1.0,0.6666666666666666,0.33333333333333337
"F[0,0](Pt_A1cGoalLev >= 0.000 & DirectLDL >= 0.663)
",6.000,6.000,0.000,0.000,1.000,2,0,0,1,3,0,2,1,0.6666666666666666,0,0,1.0,0.6666666666666666,0.33333333333333337
"((HbA1c < 9.325) U[1,2] (Pt_SHFlg = 0.000))
",-9999999.000,-9999999.000,0.000,0.000,1.000,2,0,0,1,3,0,2,1,0.6666666666666666,0,0,1.0,0.6666666666666666,0.33333333333333337
"((bmi < 29.191) U[1,1] (Pt_SHFlg = 0.000))
",8216489844262451.000,29.191,0.000,0.000,1.000,2,0,0,1,3,0,2,1,0.6666666666666666,0,0,1.0,0.6666666666666666,0.33333333333333337
"((HbA1c >= 8.324) U[1,1] (BldPrDia >= 75.013))
",-8.324,-8.324,0.000,0.000,1.000,2,0,0,1,3,0,2,1,0.6666666666666666,0,0,1.0,0.6666666666666666,0.33333333333333337
"F[0,0]((TotChol >= 5.249 & WeightKg <= 82.119) | GFR >= 2.930)
",-5.670,-1.667,0.000,0.000,1.000,2,0,0,1,3,0,2,1,0.6666666666666666,0,0,1.0,0.6666666666666666,0.33333333333333337
"F[0,1]((SMBGperDayPtMeterCombo <= 4.616 & TotalDailyInsPerKg >= 0.009) & BldPrSys >= 0.043)
",-9999999.000,-9999999.000,0.000,0.000,1.000,2,0,0,1,3,0,2,1,0.6666666666666666,0,0,1.0,0.6666666666666666,0.33333333333333337
"F[0,1]((TotChol >= 6.755 & Pt_DKAFlg <= 0.000) & age >= 0.000)
",-9999999.000,-9999999.000,0.000,0.000,1.000,2,0,0,1,3,0,2,1,0.6666666666666666,0,0,1.0,0.6666666666666666,0.33333333333333337
"((bmi <= 32.997) U[0,0] (BUN <= 11.647))
",32.997,32.997,0.000,0.000,1.000,2,0,0,1,3,0,2,1,0.6666666666666666,0,0,1.0,0.6666666666666666,0.33333333333333337
"((TotChol >= 6.052) U[0,1] (GFR >= 20.505))
",-9999999.000,-9999999.000,0.000,0.000,1.000,2,0,0,1,3,0,2,1,0.6666666666666666,0,0,1.0,0.6666666666666666,0.33333333333333337
"F[0,1]((BUN >= 1.780 | NumPumpBolusOrShortAct >= 0.630) -> AutonomicNeuroCl >= 0.446)
",-9999999.000,-9999999.000,0.000,0.000,1.000,2,0,0,1,3,0,2,1,0.6666666666666666,0,0,1.0,0.6666666666666666,0.33333333333333337
"F[0,1]((UnitsInsBasalOrLongAct <= 59.665 & Pt_ChildT1D >= 0.000) & SMBGperDayPtMeterCombo <= 0.000)
",-9999999.000,-9999999.000,0.000,0.000,1.000,2,0,0,1,3,0,2,1,0.6666666666666666,0,0,1.0,0.6666666666666666,0.33333333333333337
"((GFR >= 9.562) U[0,0] (HbA1cImputeDtMnC >= 17.643))
",-28.227,-8.299,0.000,0.000,1.000,1,0,0,2,3,0,1,2,0.3333333333333333,0,0,1.0,0.3333333333333333,0.6666666666666667
"F[1,1](HbA1cImputeDtMnC >= 21.441 | BGTestAvgNumPtRep >= 1.826)
",-1.826,-1.826,0.000,0.000,1.000,1,0,0,2,3,0,1,2,0.3333333333333333,0,0,1.0,0.3333333333333333,0.6666666666666667
"F[0,0](BldPrSys <= 137.456 -> SMBGperDayPtMeterCombo <= 3.831)
",-137.456,-137.456,0.000,0.000,1.000,1,0,0,2,3,0,1,2,0.3333333333333333,0,0,1.0,0.3333333333333333,0.6666666666666667
"((diabDur >= 21.206) U[1,2] (Pt_CGMUseNumDays <= 0.000))
",-9999999.000,-9999999.000,0.000,0.000,1.000,1,0,0,2,3,0,1,2,0.3333333333333333,0,0,1.0,0.3333333333333333,0.6666666666666667
"F[0,1](AlbCreatRat_mggNew >= 2.130 & LDL <= 123.849)
",-9999999.000,-9999999.000,0.000,0.000,1.000,1,0,0,2,3,0,1,2,0.3333333333333333,0,0,1.0,0.3333333333333333,0.6666666666666667
"F[0,0]((BldPrSys >= 117.257 | HDL <= 25.175) -> BUN >= 7.545)
",-0.218,-3.362,0.000,0.000,1.000,1,0,0,2,3,0,1,2,0.3333333333333333,0,0,1.0,0.3333333333333333,0.6666666666666667
"F[0,1](((BldPrDia >= 70.672 | NumPumpBolusOrShortAct <= 2.328) & BldPrDia >= 0.862) & NumPumpBolusOrShortAct <= 2.365)
",-9999999.000,-9999999.000,0.000,0.000,1.000,1,0,0,2,3,0,1,2,0.3333333333333333,0,0,1.0,0.3333333333333333,0.6666666666666667
"F[1,1]((AlbCreatRat_mggNew <= 7.433 -> BldPrSys >= 116.233) & bmiZscore <= 132.319)
",-7.433,-7.433,0.000,0.000,1.000,1,0,0,2,3,0,1,2,0.3333333333333333,0,0,1.0,0.3333333333333333,0.6666666666666667
"((bmiZscore <= 1.127) U[1,2] (Pt_GrandchildT1D <= 0.000))
",-9999999.000,-9999999.000,0.000,0.000,1.000,1,0,0,2,3,0,1,2,0.3333333333333333,0,0,1.0,0.3333333333333333,0.6666666666666667
"F[0,1]((bmiZscore <= 1.490 & HbA1c >= 8.987) | bmi <= 9.295)
",-9999999.000,-9999999.000,0.000,0.000,1.000,1,0,0,2,3,0,1,2,0.3333333333333333,0,0,1.0,0.3333333333333333,0.6666666666666667
"F[1,1]((Pt_GrandchildT1D >= 0.000 -> Pt_DKAFlg >= 0.000) -> SMBGperDayPtMeterCombo <= 0.000)
",0.000,0.000,0.000,0.000,1.000,1,0,0,2,3,0,1,2,0.3333333333333333,0,0,1.0,0.3333333333333333,0.6666666666666667
"((AutonomicNeuroCl >= 0.000) U[0,1] (Triglyc >= 9.587))
",-9999999.000,-9999999.000,0.000,0.000,1.000,1,0,0,2,3,0,1,2,0.3333333333333333,0,0,1.0,0.3333333333333333,0.6666666666666667
"((TotalDailyInsPerKg >= 0.132) U[1,2] (BldPrSys >= 113.076))
",-9999999.000,-9999999.000,0.000,0.000,1.000,1,0,0,2,3,0,1,2,0.3333333333333333,0,0,1.0,0.3333333333333333,0.6666666666666667
"((BldPrSys >= 118.503) U[0,0] (WeightKg >= 14.272))
",-10.374,-12.939,0.000,0.000,1.000,1,0,0,2,3,0,1,2,0.3333333333333333,0,0,1.0,0.3333333333333333,0.6666666666666667
"F[1,1](TotChol <= 99.461 & bmiPerc >= 0.000)
",0.000,0.000,0.000,0.000,1.000,1,0,0,2,3,0,1,2,0.3333333333333333,0,0,1.0,0.3333333333333333,0.6666666666666667
"((BldPrDia <= 82.493) U[0,1] (HbA1cImputeDtMnC >= 26.793))
",-9999999.000,-9999999.000,0.000,0.000,1.000,1,0,0,2,3,0,1,2,0.3333333333333333,0,0,1.0,0.3333333333333333,0.6666666666666667
"((SMBGperDayPtMeterCombo >= 1.950) U[1,2] (age >= 26.973))
",-9999999.000,-9999999.000,0.000,0.000,1.000,1,0,0,2,3,0,1,2,0.3333333333333333,0,0,1.0,0.3333333333333333,0.6666666666666667
"((HeightCm <= 154.394) U[1,2] (NumPumpBolusOrShortAct <= 2.503))
",-9999999.000,-9999999.000,0.000,0.000,1.000,1,0,0,2,3,0,1,2,0.3333333333333333,0,0,1.0,0.3333333333333333,0.6666666666666667
"((diabDur >= 21.242) U[1,2] (LDL >= 19.696))
",-9999999.000,-9999999.000,0.000,0.000,1.000,1,0,0,2,3,0,1,2,0.3333333333333333,0,0,1.0,0.3333333333333333,0.6666666666666667
"F[1,1](TotChol <= 52.639 & Triglyc <= 214.067)
",52.639,52.639,0.000,0.000,1.000,1,0,0,2,3,0,1,2,0.3333333333333333,0,0,1.0,0.3333333333333333,0.6666666666666667
"((LDL <= 112.065) U[1,2] (WeightKg <= 92.291))
",-9999999.000,-9999999.000,0.000,0.000,1.000,1,0,0,2,3,0,1,2,0.3333333333333333,0,0,1.0,0.3333333333333333,0.6666666666666667
"((BGTestAvgNumMeter >= 0.114) U[1,2] (BGTestAvgNumPtRep <= 6.258))
",-9999999.000,-9999999.000,0.000,0.000,1.000,1,0,0,2,3,0,1,2,0.3333333333333333,0,0,1.0,0.3333333333333333,0.6666666666666667
"((HeightCm <= 157.136) U[1,2] (SMBGperDayPtMeterCombo <= 3.979))
",-9999999.000,-9999999.000,0.000,0.000,1.000,1,0,0,2,3,0,1,2,0.3333333333333333,0,0,1.0,0.3333333333333333,0.6666666666666667
"F[0,1](GFR <= 88.795 -> NumPumpBolusOrShortAct <= 1.652)
",-9999999.000,-9999999.000,0.000,0.000,1.000,1,0,0,2,3,0,1,2,0.3333333333333333,0,0,1.0,0.3333333333333333,0.6666666666666667
"((BGTestAvgNumMeter >= 0.110) U[1,2] (BGTestAvgNumPtRep <= 4.684))
",-9999999.000,-9999999.000,0.000,0.000,1.000,1,0,0,2,3,0,1,2,0.3333333333333333,0,0,1.0,0.3333333333333333,0.6666666666666667
"F[1,1](((BGTestAvgNumPtRep <= 3.074 & LDL <= 136.760) & BGTestAvgNumPtRep <= 128.130) & Pt_CGMUseNumDays <= 107.275)
",3.074,3.074,0.000,0.000,1.000,1,0,0,2,3,0,1,2,0.3333333333333333,0,0,1.0,0.3333333333333333,0.6666666666666667
"((bmi >= 10.257) U[1,1] (LDL >= 65.852))
",-10.257,-10.257,0.000,0.000,1.000,1,0,0,2,3,0,1,2,0.3333333333333333,0,0,1.0,0.3333333333333333,0.6666666666666667
"F[0,1](DirectLDL <= 0.940 & HbA1c >= 8.739)
",-9999999.000,-9999999.000,0.000,0.000,1.000,1,0,0,2,3,0,1,2,0.3333333333333333,0,0,1.0,0.3333333333333333,0.6666666666666667
"((AlbCreatRat_mggNew > 6.452) U[1,2] (Pt_SHFlg = 0.000))
",-9999999.000,-9999999.000,0.000,0.000,1.000,1,0,0,2,3,0,1,2,0.3333333333333333,0,0,1.0,0.3333333333333333,0.6666666666666667
"F[0,0]((AlbCreatRat_mggNew >= 6.328 | UnitsInsBasalOrLongAct <= 51.374) & Pt_DKAFlg <= 61.912)
",11.495,42.808,0.000,0.000,1.000,1,0,0,2,3,0,1,2,0.3333333333333333,0,0,1.0,0.3333333333333333,0.6666666666666667
"((HeightCm <= 158.017) U[0,1] (WeightKg <= 93.507))
",-9999999.000,-9999999.000,0.000,0.000,1.000,1,0,0,2,3,0,1,2,0.3333333333333333,0,0,1.0,0.3333333333333333,0.6666666666666667
"((bmi >= 15.916) U[0,0] (WeightKg >= 55.822))
",-15.916,-15.916,0.000,0.000,1.000,1,0,0,2,3,0,1,2,0.3333333333333333,0,0,1.0,0.3333333333333333,0.6666666666666667
"F[1,2](BGTestAvgNumMeter <= 0.207 -> DirectLDL >= 0.129)
",-9999999.000,-9999999.000,0.000,0.000,1.000,0,0,0,3,3,0,0,3,0.0,0,0,0.0,0.0,1.0
"F[1,2](((BldPrDia <= 78.750 -> UnitsInsBasalOrLongAct <= 57.721) & Pt_SiblingT1D <= 57.067) -> Pt_SiblingT1D >= 27.276)
",-9999999.000,-9999999.000,0.000,0.000,1.000,0,0,0,3,3,0,0,3,0.0,0,0,0.0,0.0,1.0
"((BGTestAvgNumPtRep <= 3.020) U[1,2] (TotChol >= 4.324))
",-9999999.000,-9999999.000,0.000,0.000,1.000,0,0,0,3,3,0,0,3,0.0,0,0,0.0,0.0,1.0
"F[1,2]((age <= 29.844 & TotalDailyInsPerKg <= 0.949) & BldPrSys <= 0.667)
",-9999999.000,-9999999.000,0.000,0.000,1.000,0,0,0,3,3,0,0,3,0.0,0,0,0.0,0.0,1.0
"F[0,1](HbA1c <= 9.845 -> HeightCm >= 86.015)
",-9999999.000,-9999999.000,0.000,0.000,1.000,0,0,0,3,3,0,0,3,0.0,0,0,0.0,0.0,1.0
"F[0,2](((GFR >= 18.727 & HbA1c <= 9.596) & AlbCreatRat_mggNew >= 9.014) -> NumPumpBolusOrShortAct <= 9.307)
",-9999999.000,-9999999.000,0.000,0.000,1.000,0,0,0,3,3,0,0,3,0.0,0,0,0.0,0.0,1.0
"((BGTestAvgNumPtRep >= 0.738) U[0,2] (TotalDailyInsPerKg >= 0.116))
",-9999999.000,-9999999.000,0.000,0.000,1.000,0,0,0,3,3,0,0,3,0.0,0,0,0.0,0.0,1.0
"F[0,2](((Pt_MotherT1D >= 0.000 -> BldPrDia <= 87.816) & Pt_GrandparentT1D <= 85.055) | SMBGperDayPtMeterCombo <= 82.779)
",-9999999.000,-9999999.000,0.000,0.000,1.000,0,0,0,3,3,0,0,3,0.0,0,0,0.0,0.0,1.0
"F[0,1](AlbCreatRat_mggNew <= 10.591 -> BGTestAvgNumPtRep >= 2.409)
",-9999999.000,-9999999.000,0.000,0.000,1.000,0,0,0,3,3,0,0,3,0.0,0,0,0.0,0.0,1.0
"F[2,2](BGTestAvgNumPtRep >= 2.457 & Pt_A1cGoalLevelDsYr5 >= 0.000)
",-2.457,-2.457,0.000,0.000,1.000,0,0,0,3,3,0,0,3,0.0,0,0,0.0,0.0,1.0
"F[0,0](diagAgeCombo <= 6.000 -> TotChol <= 77.427)
",-77.427,-77.427,0.000,0.000,1.000,0,0,0,3,3,0,0,3,0.0,0,0,0.0,0.0,1.0
"F[0,0](Pt_DKAFlg <= 0.000 & HbA1c >= 8.555)
",-24.966,-6.355,0.000,0.000,1.000,0,0,0,3,3,0,0,3,0.0,0,0,0.0,0.0,1.0
"F[0,2](((BldPrSys <= 133.416 | DirectLDL <= 0.748) -> Pt_ChildT1D >= 0.541) & HbA1c <= 0.893)
",-9999999.000,-9999999.000,0.000,0.000,1.000,0,0,0,3,3,0,0,3,0.0,0,0,0.0,0.0,1.0
"F[0,1](((HDL <= 26.026 & bmi >= 10.010) | HbA1c >= 20.654) | Pt_GrandparentT1D <= 31.938)
",-9999999.000,-9999999.000,0.000,0.000,1.000,0,0,0,3,3,0,0,3,0.0,0,0,0.0,0.0,1.0
"F[0,2](((BGTestAvgNumMeter >= 0.105 | Pt_SHFlg <= 0.000) -> SMBGperDayPtMeterCombo <= 0.000) | TotalDailyInsPerKg >= 0.000)
",-9999999.000,-9999999.000,0.000,0.000,1.000,0,0,0,3,3,0,0,3,0.0,0,0,0.0,0.0,1.0
"F[2,2]((Pt_ChildT1D <= 0.000 & WeightKg <= 91.474) | Pt_GrandparentT1D >= 3.395)
",0.000,0.000,0.000,0.000,1.000,0,0,0,3,3,0,0,3,0.0,0,0,0.0,0.0,1.0
"F[2,2]((BGTestAvgNumMeter <= 0.340 | Pt_ChildT1D >= 0.000) -> AlbCreatRat_mggNew >= 0.000)
",-6116782568468501.000,-0.340,0.000,0.000,1.000,0,0,0,3,3,0,0,3,0.0,0,0,0.0,0.0,1.0
"F[2,2](((BGTestAvgNumPtRep >= 1.151 | UnitsInsBasalOrLongAct <= 55.368) | AutonomicNeuroCl >= 5.173) | Pt_SHFlg <= 58.349)
",58.349,58.349,0.000,0.000,1.000,0,0,0,3,3,0,0,3,0.0,0,0,0.0,0.0,1.0
"F[1,2](((Triglyc >= 29.240 | bmiZscore <= 1.117) & LDL <= 1.467) & Pt_SHFlg >= -0.110)
",-9999999.000,-9999999.000,0.000,0.000,1.000,0,0,0,3,3,0,0,3,0.0,0,0,0.0,0.0,1.0
"F[1,2]((Pt_CGMUseNumDays <= 0.000 -> HeightCm >= 139.908) | bmiZscore <= 164.803)
",-9999999.000,-9999999.000,0.000,0.000,1.000,0,0,0,3,3,0,0,3,0.0,0,0,0.0,0.0,1.0
"((UnitsInsBasalOrLongAct <= 51.262) U[0,2] (TotChol >= 27.786))
",-9999999.000,-9999999.000,0.000,0.000,1.000,0,0,0,3,3,0,0,3,0.0,0,0,0.0,0.0,1.0
"F[0,2](Pt_DKAFlg <= 0.000 & BldPrDia <= 84.796)
",-9999999.000,-9999999.000,0.000,0.000,1.000,0,0,0,3,3,0,0,3,0.0,0,0,0.0,0.0,1.0
"F[0,2](AlbCreatRat_mggNew <= 8.948 -> diagAgeCombo >= 6.000)
",-9999999.000,-9999999.000,0.000,0.000,1.000,0,0,0,3,3,0,0,3,0.0,0,0,0.0,0.0,1.0
"F[2,2](((HDL >= 5.945 & NumPumpBolusOrShortAct >= 0.425) -> BGTestAvgNumPtRep <= 2.068) & HbA1c <= 1.529)
",-2.068,-2.068,0.000,0.000,1.000,0,0,0,3,3,0,0,3,0.0,0,0,0.0,0.0,1.0
"F[2,2](((Pt_FatherT1D >= 0.000 -> Pt_A1cGoalLevelDsYr5 <= 0.000) | BGTestAvgNumPtRep >= 0.000) -> Pt_ChildT1D >= 0.000)
",0.000,0.000,0.000,0.000,1.000,0,0,0,3,3,0,0,3,0.0,0,0,0.0,0.0,1.0
"((HDL <= 33.100) U[1,2] (TotChol >= 9.971))
",-9999999.000,-9999999.000,0.000,0.000,1.000,0,0,0,3,3,0,0,3,0.0,0,0,0.0,0.0,1.0
"((BldPrSys <= 138.050) U[0,1] (AutonomicNeuroCl <= 0.000))
",-9999999.000,-9999999.000,0.000,0.000,1.000,0,0,0,3,3,0,0,3,0.0,0,0,0.0,0.0,1.0
"F[2,2](((HbA1c <= 9.741 | AlbCreatRat_mggNew >= 6.503) & BldPrDia <= 7.274) | BUN >= 3.419)
",7.274,7.274,0.000,0.000,1.000,0,0,0,3,3,0,0,3,0.0,0,0,0.0,0.0,1.0
"F[0,2]((UnitsInsBasalOrLongAct >= 26.285 & Pt_GrandparentT1D >= 0.000) & bmiZscore >= 0.000)
",-9999999.000,-9999999.000,0.000,0.000,1.000,0,0,0,3,3,0,0,3,0.0,0,0,0.0,0.0,1.0
"F[1,2]((bmi <= 33.164 & NumPumpBolusOrShortAct <= 2.485) | SMBGperDayPtMeterCombo <= 1.580)
",-9999999.000,-9999999.000,0.000,0.000,1.000,0,0,0,3,3,0,0,3,0.0,0,0,0.0,0.0,1.0
"((bmi >= 3.752) U[0,0] (Triglyc <= 153.420))
",153.420,153.420,0.000,0.000,1.000,0,0,0,3,3,0,0,3,0.0,0,0,0.0,0.0,1.0
"F[0,2]((HbA1c <= 9.792 | BUN >= 3.342) | Pt_GrandparentT1D >= 0.130)
",-9999999.000,-9999999.000,0.000,0.000,1.000,0,0,0,3,3,0,0,3,0.0,0,0,0.0,0.0,1.0
"((AutonomicNeuroCl <= 0.000) U[0,1] (BldPrSys >= 119.968))
",-9999999.000,-9999999.000,0.000,0.000,1.000,0,0,0,3,3,0,0,3,0.0,0,0,0.0,0.0,1.0
"F[1,2](((Pt_A1cGoalLevelDsYr5 <= 0.000 & BldPrSys <= 127.279) -> HeightCm >= 120.441) -> Pt_A1cGoalLev >= 123.198)
",-9999999.000,-9999999.000,0.000,0.000,1.000,0,0,0,3,3,0,0,3,0.0,0,0,0.0,0.0,1.0
"F[2,2]((WeightKg >= 12.916 & Pt_A1cGoalLevelDsYr5 >= 0.000) & HeightCm >= 0.000)
",-7270964694835405.000,-12.916,0.000,0.000,1.000,0,0,0,3,3,0,0,3,0.0,0,0,0.0,0.0,1.0
"F[1,2]((HbA1cImputeDtMnC >= 2.509 & Pt_GrandparentT1D <= 0.000) & BGTestAvgNumMeter >= 0.000)
",-9999999.000,-9999999.000,0.000,0.000,1.000,0,0,0,3,3,0,0,3,0.0,0,0,0.0,0.0,1.0
"F[1,2](((Pt_DKAFlg >= 0.000 | Pt_SHFlg >= 0.000) | BGTestAvgNumMeter <= 0.000) | Pt_ChildT1D <= 0.000)
",-9999999.000,-9999999.000,0.000,0.000,1.000,0,0,0,3,3,0,0,3,0.0,0,0,0.0,0.0,1.0
"F[2,2]((BUN <= 13.222 -> LDL <= 142.515) | LDL >= 23.486)
",-23.486,-23.486,0.000,0.000,1.000,0,0,0,3,3,0,0,3,0.0,0,0,0.0,0.0,1.0
"F[0,2](((LDL >= 22.007 | NumPumpBolusOrShortAct <= 1.626) -> Pt_FatherT1D <= 2.847) & BUN <= 1.538)
",-9999999.000,-9999999.000,0.000,0.000,1.000,0,0,0,3,3,0,0,3,0.0,0,0,0.0,0.0,1.0
"F[0,0](((AlbCreatRat_mggNew <= 11.091 -> BldPrDia >= 72.735) | Pt_GrandchildT1D <= 78.708) -> AutonomicNeuroCl <= 78.872)
",-78.708,-78.708,0.000,0.000,1.000,0,0,0,3,3,0,0,3,0.0,0,0,0.0,0.0,1.0
"F[0,2]((WeightKg >= 22.964 & Pt_A1cGoalLevelDsYr5 <= 0.000) & Pt_DKAFlg <= 0.000)
",-9999999.000,-9999999.000,0.000,0.000,1.000,0,0,0,3,3,0,0,3,0.0,0,0,0.0,0.0,1.0
"F[0,1](((HbA1cImputeDtMnC <= 56.367 | UnitsInsBasalOrLongAct >= 37.429) | HDL >= 33.627) | SMBGperDayPtMeterCombo <= 48.773)
",-9999999.000,-9999999.000,0.000,0.000,1.000,0,0,0,3,3,0,0,3,0.0,0,0,0.0,0.0,1.0
"((TSH >= 1.830) U[2,2] (Pt_GrandchildT1D >= 0.000))
",0.000,0.000,0.000,0.000,1.000,0,0,0,3,3,0,0,3,0.0,0,0,0.0,0.0,1.0
"F[2,2](((BGTestAvgNumPtRep <= 3.630 | SMBGperDayPtMeterCombo >= 1.576) | diabDur >= 1.621) | Pt_SHFlg <= 3.516)
",8174662670218325.000,3.630,0.000,0.000,1.000,0,0,0,3,3,0,0,3,0.0,0,0,0.0,0.0,1.0
"F[1,2](Pt_A1cGoalLev <= 0.000 & Pt_A1cGoalLevelDsYr5 >= 0.000)
",-9999999.000,-9999999.000,0.000,0.000,1.000,0,0,0,3,3,0,0,3,0.0,0,0,0.0,0.0,1.0
"F[1,1]((diagAgeCombo <= 6.000 | Pt_SiblingT1D <= 0.000) | BUN <= 0.000)
",6.000,6.000,0.000,0.000,1.000,0,0,0,3,3,0,0,3,0.0,0,0,0.0,0.0,1.0
"F[0,2](WeightKg >= 50.865 & BldPrDia >= 74.692)
",-9999999.000,-9999999.000,0.000,0.000,1.000,0,0,0,3,3,0,0,3,0.0,0,0,0.0,0.0,1.0
"F[0,2](BldPrDia <= 83.872 | AutonomicNeuroCl <= 0.000)
",-9999999.000,-9999999.000,0.000,0.000,1.000,0,0,0,3,3,0,0,3,0.0,0,0,0.0,0.0,1.0
"F[1,2](((NumPumpBolusOrShortAct <= 2.552 | AlbCreatRat_mggNew <= 7.670) | AutonomicNeuroCl <= 11.084) | diabDur >= 0.189)
",-9999999.000,-9999999.000,0.000,0.000,1.000,0,0,0,3,3,0,0,3,0.0,0,0,0.0,0.0,1.0
"F[0,1]((diabDur >= 21.187 -> LDL <= 130.885) -> Pt_InsGov <= 127.964)
",-9999999.000,-9999999.000,0.000,0.000,1.000,0,0,0,3,3,0,0,3,0.0,0,0,0.0,0.0,1.0
"F[0,1]((diagAgeCombo <= 6.000 & Pt_DKAFlg >= 0.000) | DirectLDL <= 0.000)
",-9999999.000,-9999999.000,0.000,0.000,1.000,0,0,0,3,3,0,0,3,0.0,0,0,0.0,0.0,1.0
"F[0,2]((UnitsInsBasalOrLongAct <= 63.861 & HeightCm <= 154.529) -> Pt_SHFlg <= 162.730)
",-9999999.000,-9999999.000,0.000,0.000,1.000,0,0,0,3,3,0,0,3,0.0,0,0,0.0,0.0,1.0
"F[0,2]((bmiPerc <= 0.000 -> AlbCreatRat_mggNew <= 9.463) & WeightKg >= 0.572)
",-9999999.000,-9999999.000,0.000,0.000,1.000,0,0,0,3,3,0,0,3,0.0,0,0,0.0,0.0,1.0
"F[1,2](((BldPrSys <= 139.787 -> diagAgeCombo <= 6.000) -> Pt_GrandchildT1D >= 6.000) -> AlbCreatRat_mggNew >= 6.000)
",-9999999.000,-9999999.000,0.000,0.000,1.000,0,0,0,3,3,0,0,3,0.0,0,0,0.0,0.0,1.0
"F[1,2]((Pt_GrandchildT1D <= 0.000 | AlbCreatRat_mggNew <= 7.702) & TotChol >= 4.194)
",-9999999.000,-9999999.000,0.000,0.000,1.000,0,0,0,3,3,0,0,3,0.0,0,0,0.0,0.0,1.0
"F[1,2](((AutonomicNeuroCl >= 0.000 & TotChol <= 93.714) & DirectLDL >= 17.387) & Triglyc <= 152.744)
",-9999999.000,-9999999.000,0.000,0.000,1.000,0,0,0,3,3,0,0,3,0.0,0,0,0.0,0.0,1.0
"F[1,2](((Pt_GrandparentT1D >= 0.000 -> TSH <= 2.644) -> BldPrDia >= 1.108) & HbA1cImputeDtMnC >= 0.366)
",-9999999.000,-9999999.000,0.000,0.000,1.000,0,0,0,3,3,0,0,3,0.0,0,0,0.0,0.0,1.0
"F[0,1]((HeightCm <= 148.579 -> Pt_GrandchildT1D >= 0.000) -> Pt_ChildT1D <= 0.000)
",-9999999.000,-9999999.000,0.000,0.000,1.000,0,0,0,3,3,0,0,3,0.0,0,0,0.0,0.0,1.0
"F[2,2]((HbA1c <= 9.405 -> NumPumpBolusOrShortAct <= 2.919) -> Pt_GrandchildT1D >= 0.641)
",0.641,0.641,0.000,0.000,1.000,0,0,0,3,3,0,0,3,0.0,0,0,0.0,0.0,1.0
"((TotalDailyInsPerKg >= 0.092) U[0,1] (LDL >= 30.617))
",-9999999.000,-9999999.000,0.000,0.000,1.000,0,0,0,3,3,0,0,3,0.0,0,0,0.0,0.0,1.0
"F[0,0](((TotalDailyInsPerKg <= 0.870 -> BUN <= 7.109) | diagAgeCombo >= 0.038) & Pt_A1cGoalLev <= 10.606)
",0.690,1.510,0.000,0.000,1.000,0,0,0,3,3,0,0,3,0.0,0,0,0.0,0.0,1.0
"F[1,2](Pt_FatherT1D <= 0.000 & bmiPerc >= 0.000)
",-9999999.000,-9999999.000,0.000,0.000,1.000,0,0,0,3,3,0,0,3,0.0,0,0,0.0,0.0,1.0
"F[2,2](((Pt_A1cGoalLevelDsYr5 <= 0.000 | HbA1cImputeDtMnC <= 45.085) | BldPrDia <= 60.967) | bmiZscore >= 1.993)
",60.967,60.967,0.000,0.000,1.000,0,0,0,3,3,0,0,3,0.0,0,0,0.0,0.0,1.0
"F[2,2](((BldPrSys >= 122.173 & AutonomicNeuroCl >= 0.000) | Pt_CGMUseNumDays <= 0.000) -> Pt_GrandchildT1D <= 0.000)
",0.000,0.000,0.000,0.000,1.000,0,0,0,3,3,0,0,3,0.0,0,0,0.0,0.0,1.0
"F[0,2](((diabDur >= 21.439 -> DirectLDL <= 0.873) | LDL >= 0.655) | Pt_A1cGoalLevelDsYr5 >= 0.166)
",-9999999.000,-9999999.000,0.000,0.000,1.000,0,0,0,3,3,0,0,3,0.0,0,0,0.0,0.0,1.0
"F[0,1](HeightCm >= 42.777 -> Pt_A1cGoalLevelDsYr5 <= 0.000)
",-9999999.000,-9999999.000,0.000,0.000,1.000,0,0,0,3,3,0,0,3,0.0,0,0,0.0,0.0,1.0
"F[0,1]((LDL <= 107.016 -> age <= 30.842) -> LDL >= 27.147)
",-9999999.000,-9999999.000,0.000,0.000,1.000,0,0,0,3,3,0,0,3,0.0,0,0,0.0,0.0,1.0
"F[1,2](((Pt_InsGov >= 0.000 & Pt_GrandparentT1D <= 0.000) & WeightKg >= 0.000) & NumPumpBolusOrShortAct <= 0.000)
",-9999999.000,-9999999.000,0.000,0.000,1.000,0,0,0,3,3,0,0,3,0.0,0,0,0.0,0.0,1.0
"F[2,2](WeightKg <= 92.591 & DirectLDL >= 0.158)
",-0.158,-0.158,0.000,0.000,1.000,0,0,0,3,3,0,0,3,0.0,0,0,0.0,0.0,1.0
"F[0,2](Pt_SHFlg >= 0.000 & diabDur >= 21.105)
",-9999999.000,-9999999.000,0.000,0.000,1.000,0,0,0,3,3,0,0,3,0.0,0,0,0.0,0.0,1.0
"F[1,1](age <= 30.963 -> BGTestAvgNumMeter <= 0.854)
",-30.963,-30.963,0.000,0.000,1.000,0,0,0,3,3,0,0,3,0.0,0,0,0.0,0.0,1.0
"F[0,2]((Pt_GrandchildT1D <= 0.000 & HeightCm >= 135.589) & bmi <= 158.980)
",-9999999.000,-9999999.000,0.000,0.000,1.000,0,0,0,3,3,0,0,3,0.0,0,0,0.0,0.0,1.0
"F[0,2](((Pt_SiblingT1D <= 0.000 & Pt_DKAFlg <= 0.000) | Pt_FatherT1D <= 0.000) | AutonomicNeuroCl <= 0.000)
",-9999999.000,-9999999.000,0.000,0.000,1.000,0,0,0,3,3,0,0,3,0.0,0,0,0.0,0.0,1.0
"F[0,0]((age >= 28.597 -> age >= 28.604) | Pt_SHFlg <= 30.004)
",59.249,27.930,0.000,0.000,1.000,0,0,0,3,3,0,0,3,0.0,0,0,0.0,0.0,1.0
"F[0,1](bmiPerc <= 0.000 | diagAgeCombo >= 6.000)
",-9999999.000,-9999999.000,0.000,0.000,1.000,0,0,0,3,3,0,0,3,0.0,0,0,0.0,0.0,1.0
"F[0,1](Pt_DKAFlg <= 0.000 | BGTestAvgNumPtRep >= 1.290)
",-9999999.000,-9999999.000,0.000,0.000,1.000,0,0,0,3,3,0,0,3,0.0,0,0,0.0,0.0,1.0
"F[0,2](((NumPumpBolusOrShortAct >= 1.259 -> BGTestAvgNumMeter >= 0.091) -> AlbCreatRat_mggNew >= 0.094) & HDL <= 0.569)
",-9999999.000,-9999999.000,0.000,0.000,1.000,0,0,0,3,3,0,0,3,0.0,0,0,0.0,0.0,1.0
"((SMBGperDayPtMeterCombo <= 5.503) U[2,2] (BldPrDia <= 83.098))
",83.098,83.098,0.000,0.000,1.000,0,0,0,3,3,0,0,3,0.0,0,0,0.0,0.0,1.0
"F[0,0]((NumPumpBolusOrShortAct <= 2.210 -> AutonomicNeuroCl >= 0.000) -> BUN >= 0.000)
",0.000,0.000,0.000,0.000,1.000,0,0,0,3,3,0,0,3,0.0,0,0,0.0,0.0,1.0
"F[1,2]((BldPrSys >= 113.988 -> Pt_A1cGoalLevelDsYr5 <= 0.000) | Pt_DKAFlg >= 0.000)
",-9999999.000,-9999999.000,0.000,0.000,1.000,0,0,0,3,3,0,0,3,0.0,0,0,0.0,0.0,1.0
"F[0,2]((DirectLDL >= 0.020 -> bmiZscore >= 0.799) -> diabDur <= 1.328)
",-9999999.000,-9999999.000,0.000,0.000,1.000,0,0,0,3,3,0,0,3,0.0,0,0,0.0,0.0,1.0
"F[2,2](Pt_MotherT1D >= 0.000 & Pt_A1cGoalLevelDsYr5 >= 0.000)
",0.000,0.000,0.000,0.000,1.000,0,0,0,3,3,0,0,3,0.0,0,0,0.0,0.0,1.0
"F[0,2]((Pt_CGMUseNumDays <= 0.000 & Pt_FatherT1D >= 0.000) & Pt_FatherT1D <= 0.000)
",-9999999.000,-9999999.000,0.000,0.000,1.000,0,0,0,3,3,0,0,3,0.0,0,0,0.0,0.0,1.0
"((diagAgeCombo >= 6.000) U[1,2] (Pt_CGMUseNumDays <= 0.000))
",-9999999.000,-9999999.000,0.000,0.000,1.000,0,0,0,3,3,0,0,3,0.0,0,0,0.0,0.0,1.0
"F[2,2](Pt_SHFlg <= 0.000 -> TotChol <= 73.452)
",-73.452,-73.452,0.000,0.000,1.000,0,0,0,3,3,0,0,3,0.0,0,0,0.0,0.0,1.0
"F[0,1](((Pt_GrandchildT1D <= 0.000 -> Pt_DKAFlg >= 0.000) -> bmiPerc >= 0.000) & Pt_DKAFlg >= 0.000)
",-9999999.000,-9999999.000,0.000,0.000,1.000,0,0,0,3,3,0,0,3,0.0,0,0,0.0,0.0,1.0
"F[1,2](SMBGperDayPtMeterCombo >= 1.276 -> DirectLDL <= 0.921)
",-9999999.000,-9999999.000,0.000,0.000,1.000,0,0,0,3,3,0,0,3,0.0,0,0,0.0,0.0,1.0
"F[0,2](GFR >= 16.116 | HbA1cImputeDtMnC <= 64.777)
",-9999999.000,-9999999.000,0.000,0.000,1.000,0,0,0,3,3,0,0,3,0.0,0,0,0.0,0.0,1.0
"((Pt_SHFlg <= 0.000) U[0,1] (BUN >= 2.151))
",-9999999.000,-9999999.000,0.000,0.000,1.000,0,0,0,3,3,0,0,3,0.0,0,0,0.0,0.0,1.0
"((HbA1cImputeDtMnC <= 67.615) U[0,2] (TotalDailyInsPerKg >= 0.120))
",-9999999.000,-9999999.000,0.000,0.000,1.000,0,0,0,3,3,0,0,3,0.0,0,0,0.0,0.0,1.0
"((WeightKg <= 94.342) U[2,2] (BUN <= 13.538))
",94.342,94.342,0.000,0.000,1.000,0,0,0,3,3,0,0,3,0.0,0,0,0.0,0.0,1.0
"F[0,1](((BGTestAvgNumMeter <= 0.968 | bmi >= 23.350) & Pt_InsGov >= 6.312) -> WeightKg >= 0.034)
",-9999999.000,-9999999.000,0.000,0.000,1.000,0,0,0,3,3,0,0,3,0.0,0,0,0.0,0.0,1.0
"F[1,2]((Triglyc <= 224.074 | HDL <= 27.391) & HbA1cImputeDtMnC >= 10.412)
",-9999999.000,-9999999.000,0.000,0.000,1.000,0,0,0,3,3,0,0,3,0.0,0,0,0.0,0.0,1.0
"F[0,2](((TotalDailyInsPerKg <= 0.532 & DirectLDL >= 0.054) | Pt_GrandchildT1D <= 0.973) -> GFR <= 0.854)
",-9999999.000,-9999999.000,0.000,0.000,1.000,0,0,0,3,3,0,0,3,0.0,0,0,0.0,0.0,1.0
"F[0,0](((TotalDailyInsPerKg >= 0.004 | Pt_CGMUseNumDays >= 0.000) -> HbA1c >= 0.000) | TotChol <= 0.000)
",0.000,0.000,0.000,0.000,1.000,0,0,0,3,3,0,0,3,0.0,0,0,0.0,0.0,1.0
"F[1,2](((bmiPerc <= 0.000 & DirectLDL <= 0.912) & Pt_SiblingT1D <= 0.691) -> DirectLDL >= 0.556)
",-9999999.000,-9999999.000,0.000,0.000,1.000,0,0,0,3,3,0,0,3,0.0,0,0,0.0,0.0,1.0
"F[0,1](((BldPrDia >= 72.589 & Pt_MotherT1D >= 0.000) | bmiZscore >= 0.000) & Pt_FatherT1D >= 0.000)
",-9999999.000,-9999999.000,0.000,0.000,1.000,0,0,0,3,3,0,0,3,0.0,0,0,0.0,0.0,1.0
"F[0,2](((UnitsInsBasalOrLongAct >= 43.785 & BGTestAvgNumMeter >= 0.046) | WeightKg >= 0.032) & Pt_A1cGoalLev <= 0.193)
",-9999999.000,-9999999.000,0.000,0.000,1.000,0,0,0,3,3,0,0,3,0.0,0,0,0.0,0.0,1.0
"((Pt_A1cGoalLevelDsYr5 <= 0.000) U[0,2] (Pt_CGMUseNumDays <= 0.000))
",-9999999.000,-9999999.000,0.000,0.000,1.000,0,0,0,3,3,0,0,3,0.0,0,0,0.0,0.0,1.0
"F[1,2]((TotalDailyInsPerKg <= 0.178 -> Pt_SHFlg <= 0.000) -> HbA1c >= 0.000)
",-9999999.000,-9999999.000,0.000,0.000,1.000,0,0,0,3,3,0,0,3,0.0,0,0,0.0,0.0,1.0
"F[0,1]((Pt_MotherT1D <= 0.000 -> Pt_MotherT1D <= 0.000) | BGTestAvgNumPtRep >= 0.000)
",-9999999.000,-9999999.000,0.000,0.000,1.000,0,0,0,3,3,0,0,3,0.0,0,0,0.0,0.0,1.0
"((Pt_A1cGoalLevelDsYr5 <= 0.000) U[2,2] (BGTestAvgNumMeter <= 0.358))
",6450679654218203.000,0.358,0.000,0.000,1.000,0,0,0,3,3,0,0,3,0.0,0,0,0.0,0.0,1.0
"F[1,2](SMBGperDayPtMeterCombo <= 4.159 & Pt_SHFlg >= 0.000)
",-9999999.000,-9999999.000,0.000,0.000,1.000,0,0,0,3,3,0,0,3,0.0,0,0,0.0,0.0,1.0
"F[1,2]((bmi >= 1.755 & HDL >= 8.106) & Pt_SiblingT1D <= 19.745)
",-9999999.000,-9999999.000,0.000,0.000,1.000,0,0,0,3,3,0,0,3,0.0,0,0,0.0,0.0,1.0
"F[0,1]((Pt_DKAFlg >= 0.000 -> SMBGperDayPtMeterCombo >= 0.284) | BldPrSys <= 4.104)
",-9999999.000,-9999999.000,0.000,0.000,1.000,0,0,0,3,3,0,0,3,0.0,0,0,0.0,0.0,1.0
"F[0,0](TotalDailyInsPerKg <= 0.802 -> LDL >= 19.539)
",39.387,19.195,0.000,0.000,1.000,0,0,0,3,3,0,0,3,0.0,0,0,0.0,0.0,1.0
"F[0,2](Pt_A1cGoalLevelDsYr5 >= 0.000 & bmiPerc >= 0.000)
",-9999999.000,-9999999.000,0.000,0.000,1.000,0,0,0,3,3,0,0,3,0.0,0,0,0.0,0.0,1.0
"F[1,2](bmiPerc >= 0.000 -> Pt_FatherT1D >= 0.000)
",-9999999.000,-9999999.000,0.000,0.000,1.000,0,0,0,3,3,0,0,3,0.0,0,0,0.0,0.0,1.0
"F[1,2](HbA1c >= 8.331 -> Pt_A1cGoalLevelDsYr5 = 0.000)
",-9999999.000,-9999999.000,0.000,0.000,1.000,0,0,0,3,3,0,0,3,0.0,0,0,0.0,0.0,1.0
"F[1,2]((BGTestAvgNumMeter <= 0.765 & HbA1c >= 8.320) & Pt_SHFlg <= 9.551)
",-9999999.000,-9999999.000,0.000,0.000,1.000,0,0,0,3,3,0,0,3,0.0,0,0,0.0,0.0,1.0
"F[0,2]((LDL >= 98.675 -> TSH >= 1.196) -> BldPrSys <= 2.514)
",-9999999.000,-9999999.000,0.000,0.000,1.000,0,0,0,3,3,0,0,3,0.0,0,0,0.0,0.0,1.0
"F[2,2](HbA1cImputeDtMnC >= 14.475 & Pt_SHFlg = 0.000)
",-14.475,-14.475,0.000,0.000,1.000,0,0,0,3,3,0,0,3,0.0,0,0,0.0,0.0,1.0
"((BGTestAvgNumPtRep <= 6.109) U[1,2] (SMBGperDayPtMeterCombo <= 6.058))
",-9999999.000,-9999999.000,0.000,0.000,1.000,0,0,0,3,3,0,0,3,0.0,0,0,0.0,0.0,1.0
"((LDL <= 119.602) U[0,1] (TotalDailyInsPerKg <= 0.261))
",-9999999.000,-9999999.000,0.000,0.000,1.000,0,0,0,3,3,0,0,3,0.0,0,0,0.0,0.0,1.0
"((BGTestAvgNumPtRep < 4.515) U[1,1] (Pt_SHFlg = 0.000))
",4.515,4.515,0.000,0.000,1.000,0,0,0,3,3,0,0,3,0.0,0,0,0.0,0.0,1.0
"F[0,2](Pt_InsGov >= 0.000 -> Pt_SHFlg = 0.000)
",-9999999.000,-9999999.000,0.000,0.000,1.000,0,0,0,3,3,0,0,3,0.0,0,0,0.0,0.0,1.0
"((Pt_SHFlg <= 0.000) U[0,0] (Pt_SHFlg = 0.000))
",-4.729,-47.403,0.000,0.000,1.000,0,0,0,3,3,0,0,3,0.0,0,0,0.0,0.0,1.0
"F[2,2](bmiPerc < 0.000 -> Pt_SHFlg = 0.000)
",0.000,0.000,0.000,0.000,1.000,0,0,0,3,3,0,0,3,0.0,0,0,0.0,0.0,1.0
"F[0,2](diagAgeCombo >= 6.000 -> Pt_SHFlg = 0.000)
",-9999999.000,-9999999.000,0.000,0.000,1.000,0,0,0,3,3,0,0,3,0.0,0,0,0.0,0.0,1.0
"F[0,2]((BUN <= 11.348 & DirectLDL >= 0.665) | Pt_InsGov >= 0.355)
",-9999999.000,-9999999.000,0.000,0.000,1.000,0,0,0,3,3,0,0,3,0.0,0,0,0.0,0.0,1.0
"((Pt_ChildT1D < 0.000) U[2,2] (Pt_SHFlg = 0.000))
",0.000,0.000,0.000,0.000,1.000,0,0,0,3,3,0,0,3,0.0,0,0,0.0,0.0,1.0
"((HbA1cImputeDtMnC >= 10.386) U[0,2] (Pt_SHFlg = 0.000))
",-9999999.000,-9999999.000,0.000,0.000,1.000,0,0,0,3,3,0,0,3,0.0,0,0,0.0,0.0,1.0
"((HeightCm <= 146.086) U[0,1] (Pt_SHFlg = 0.000))
",-9999999.000,-9999999.000,0.000,0.000,1.000,0,0,0,3,3,0,0,3,0.0,0,0,0.0,0.0,1.0
"((HbA1c <= 9.305) U[0,1] (Pt_SHFlg = 0.000))
",-9999999.000,-9999999.000,0.000,0.000,1.000,0,0,0,3,3,0,0,3,0.0,0,0,0.0,0.0,1.0
"((AlbCreatRat_mggNew <= 8.098) U[0,1] (Pt_SHFlg = 0.000))
",-9999999.000,-9999999.000,0.000,0.000,1.000,0,0,0,3,3,0,0,3,0.0,0,0,0.0,0.0,1.0
"((BGTestAvgNumPtRep > 2.033) U[0,2] (Pt_SHFlg = 0.000))
",-9999999.000,-9999999.000,0.000,0.000,1.000,0,0,0,3,3,0,0,3,0.0,0,0,0.0,0.0,1.0
"F[2,2]((bmiZscore >= -0.038 -> SMBGperDayPtMeterCombo <= 2.994) & age <= 3.696)
",-2.994,-2.994,0.000,0.000,1.000,0,0,0,3,3,0,0,3,0.0,0,0,0.0,0.0,1.0
"F[1,1]((BldPrSys <= 130.283 -> SMBGperDayPtMeterCombo <= 3.751) -> Pt_ChildT1D <= 6.887)
",-6.887,-6.887,0.000,0.000,1.000,0,0,0,3,3,0,0,3,0.0,0,0,0.0,0.0,1.0
"F[0,2](((BUN >= 0.102 -> TotalDailyInsPerKg >= 0.024) & HbA1c >= 0.031) -> age <= 0.965)
",-9999999.000,-9999999.000,0.000,0.000,1.000,0,0,0,3,3,0,0,3,0.0,0,0,0.0,0.0,1.0
"F[2,2]((BldPrSys <= 124.425 & Triglyc <= 126.968) | WeightKg <= 88.562)
",124.425,124.425,0.000,0.000,1.000,0,0,0,3,3,0,0,3,0.0,0,0,0.0,0.0,1.0
"F[0,2](((BldPrSys >= 117.848 & GFR <= 59.189) | UnitsInsBasalOrLongAct <= 65.534) | bmi <= 39.174)
",-9999999.000,-9999999.000,0.000,0.000,1.000,0,0,0,3,3,0,0,3,0.0,0,0,0.0,0.0,1.0
"F[1,2](((bmi <= 33.481 | bmiZscore >= -0.081) & WeightKg >= 0.119) -> SMBGperDayPtMeterCombo >= 0.453)
",-9999999.000,-9999999.000,0.000,0.000,1.000,0,0,0,3,3,0,0,3,0.0,0,0,0.0,0.0,1.0
"((bmiZscore >= 0.595) U[0,1] (WeightKg >= 5.412))
",-9999999.000,-9999999.000,0.000,0.000,1.000,0,0,0,3,3,0,0,3,0.0,0,0,0.0,0.0,1.0
"((BUN >= 4.434) U[0,2] (TSH >= 1.371))
",-9999999.000,-9999999.000,0.000,0.000,1.000,0,0,0,3,3,0,0,3,0.0,0,0,0.0,0.0,1.0
"F[0,2](DirectLDL >= 0.593 & TSH >= 1.100)
",-9999999.000,-9999999.000,0.000,0.000,1.000,0,0,0,3,3,0,0,3,0.0,0,0,0.0,0.0,1.0
"F[0,1](HbA1cImputeDtMnC >= 16.265 | HeightCm >= 0.089)
",-9999999.000,-9999999.000,0.000,0.000,1.000,0,0,0,3,3,0,0,3,0.0,0,0,0.0,0.0,1.0
"F[2,2](((BGTestAvgNumPtRep <= 5.455 -> TotChol >= 6.913) -> Triglyc <= 157.051) | BGTestAvgNumMeter >= 1.522)
",-1.522,-1.522,0.000,0.000,1.000,0,0,0,3,3,0,0,3,0.0,0,0,0.0,0.0,1.0
"F[0,2]((BGTestAvgNumPtRep <= 4.385 | Triglyc <= 127.901) -> LDL <= 120.946)
",-9999999.000,-9999999.000,0.000,0.000,1.000,0,0,0,3,3,0,0,3,0.0,0,0,0.0,0.0,1.0
"F[0,2]((BldPrDia >= 77.168 | TotalDailyInsPerKg >= 0.146) | HDL >= 0.091)
",-9999999.000,-9999999.000,0.000,0.000,1.000,0,0,0,3,3,0,0,3,0.0,0,0,0.0,0.0,1.0
"F[0,1](((SMBGperDayPtMeterCombo <= 4.578 -> TotChol >= 30.129) -> TotalDailyInsPerKg >= 14.749) & Pt_ChildT1D <= 50.424)
",-9999999.000,-9999999.000,0.000,0.000,1.000,0,0,0,3,3,0,0,3,0.0,0,0,0.0,0.0,1.0
"((UnitsInsBasalOrLongAct >= 8.771) U[1,2] (WeightKg <= 81.401))
",-9999999.000,-9999999.000,0.000,0.000,1.000,0,0,0,3,3,0,0,3,0.0,0,0,0.0,0.0,1.0
"F[0,2](((HDL >= 1.446 & TSH >= 0.363) | HeightCm <= 2.148) & Triglyc <= 2.817)
",-9999999.000,-9999999.000,0.000,0.000,1.000,0,0,0,3,3,0,0,3,0.0,0,0,0.0,0.0,1.0
"F[1,2]((HbA1cImputeDtMnC >= 29.687 | UnitsInsBasalOrLongAct >= 26.480) & Pt_A1cGoalLevelDsYr5 >= 39.298)
",-9999999.000,-9999999.000,0.000,0.000,1.000,0,0,0,3,3,0,0,3,0.0,0,0,0.0,0.0,1.0
"F[0,1]((diabDur <= 23.361 -> UnitsInsBasalOrLongAct <= 49.829) & BGTestAvgNumPtRep <= 46.739)
",-9999999.000,-9999999.000,0.000,0.000,1.000,0,0,0,3,3,0,0,3,0.0,0,0,0.0,0.0,1.0
"F[0,1](NumPumpBolusOrShortAct <= 1.741 -> Pt_SHFlg = 0.000)
",-9999999.000,-9999999.000,0.000,0.000,1.000,0,0,0,3,3,0,0,3,0.0,0,0,0.0,0.0,1.0
"F[0,2](Pt_InsGov < 0.000 & Pt_SHFlg = 0.000)
",-9999999.000,-9999999.000,0.000,0.000,1.000,0,0,0,3,3,0,0,3,0.0,0,0,0.0,0.0,1.0
"((Pt_InsGov >= 0.000) U[1,1] (Pt_SHFlg = 0.000))
",0.000,0.000,0.000,0.000,1.000,0,0,0,3,3,0,0,3,0.0,0,0,0.0,0.0,1.0
"F[2,2](HbA1c >= 9.009 -> Pt_A1cGoalLevelDsYr5 = 0.000)
",0.000,0.000,0.000,0.000,1.000,0,0,0,3,3,0,0,3,0.0,0,0,0.0,0.0,1.0
"((BGTestAvgNumMeter >= 0.069) U[0,2] (BGTestAvgNumPtRep <= 3.251))
",-9999999.000,-9999999.000,0.000,0.000,1.000,0,0,0,3,3,0,0,3,0.0,0,0,0.0,0.0,1.0
"F[0,0](HbA1c >= 8.592 -> Pt_A1cGoalLevelDsYr5 = 0.000)
",0.000,0.000,0.000,0.000,1.000,0,0,0,3,3,0,0,3,0.0,0,0,0.0,0.0,1.0
"F[0,2](HbA1c >= 8.836 -> Pt_A1cGoalLevelDsYr5 = 0.000)
",-9999999.000,-9999999.000,0.000,0.000,1.000,0,0,0,3,3,0,0,3,0.0,0,0,0.0,0.0,1.0
"((BGTestAvgNumMeter >= 0.094) U[0,2] (BGTestAvgNumPtRep <= 6.466))
",-9999999.000,-9999999.000,0.000,0.000,1.000,0,0,0,3,3,0,0,3,0.0,0,0,0.0,0.0,1.0
"F[1,2](HbA1c >= 8.409 -> Pt_A1cGoalLevelDsYr5 = 0.000)
",-9999999.000,-9999999.000,0.000,0.000,1.000,0,0,0,3,3,0,0,3,0.0,0,0,0.0,0.0,1.0
"((BGTestAvgNumMeter >= 0.073) U[0,1] (BGTestAvgNumPtRep <= 4.240))
",-9999999.000,-9999999.000,0.000,0.000,1.000,0,0,0,3,3,0,0,3,0.0,0,0,0.0,0.0,1.0
"((BGTestAvgNumMeter >= 0.135) U[0,2] (BGTestAvgNumPtRep <= 4.190))
",-9999999.000,-9999999.000,0.000,0.000,1.000,0,0,0,3,3,0,0,3,0.0,0,0,0.0,0.0,1.0
"F[1,2](Pt_MotherT1D <= 0.000 & Pt_SHFlg = 0.000)
",-9999999.000,-9999999.000,0.000,0.000,1.000,0,0,0,3,3,0,0,3,0.0,0,0,0.0,0.0,1.0
"F[1,2](HbA1c >= 9.054 -> Pt_A1cGoalLevelDsYr5 = 0.000)
",-9999999.000,-9999999.000,0.000,0.000,1.000,0,0,0,3,3,0,0,3,0.0,0,0,0.0,0.0,1.0
"((BGTestAvgNumMeter >= 0.027) U[2,2] (BGTestAvgNumPtRep <= 6.636))
",6.636,6.636,0.000,0.000,1.000,0,0,0,3,3,0,0,3,0.0,0,0,0.0,0.0,1.0
"F[1,2](HbA1c >= 8.606 -> Pt_A1cGoalLevelDsYr5 = 0.000)
",-9999999.000,-9999999.000,0.000,0.000,1.000,0,0,0,3,3,0,0,3,0.0,0,0,0.0,0.0,1.0
"((BGTestAvgNumMeter >= 0.042) U[0,1] (BGTestAvgNumPtRep <= 5.271))
",-9999999.000,-9999999.000,0.000,0.000,1.000,0,0,0,3,3,0,0,3,0.0,0,0,0.0,0.0,1.0
"F[1,2](HbA1c >= 8.396 -> Pt_A1cGoalLevelDsYr5 = 0.000)
",-9999999.000,-9999999.000,0.000,0.000,1.000,0,0,0,3,3,0,0,3,0.0,0,0,0.0,0.0,1.0
"F[1,1](HbA1c >= 9.108 -> Pt_A1cGoalLevelDsYr5 = 0.000)
",0.000,0.000,0.000,0.000,1.000,0,0,0,3,3,0,0,3,0.0,0,0,0.0,0.0,1.0
"F[2,2](HbA1c >= 8.231 -> Pt_A1cGoalLevelDsYr5 = 0.000)
",0.000,0.000,0.000,0.000,1.000,0,0,0,3,3,0,0,3,0.0,0,0,0.0,0.0,1.0
"((BGTestAvgNumMeter >= 0.024) U[2,2] (BGTestAvgNumPtRep <= 4.439))
",4.439,4.439,0.000,0.000,1.000,0,0,0,3,3,0,0,3,0.0,0,0,0.0,0.0,1.0
"F[2,2](LDL < 137.408 & Pt_SHFlg = 0.000)
",0.000,0.000,0.000,0.000,1.000,0,0,0,3,3,0,0,3,0.0,0,0,0.0,0.0,1.0
"F[0,0](Pt_CGMUseNumDays <= 0.000 & Pt_SHFlg = 0.000)
",-23267.000,-23267.000,0.000,0.000,1.000,0,0,0,3,3,0,0,3,0.0,0,0,0.0,0.0,1.0
"((Pt_CGMUseNumDays > 0.000) U[0,2] (Pt_SHFlg = 0.000))
",-9999999.000,-9999999.000,0.000,0.000,1.000,0,0,0,3,3,0,0,3,0.0,0,0,0.0,0.0,1.0
"F[2,2](WeightKg > 12.979 & Pt_SHFlg = 0.000)
",-12.979,-12.979,0.000,0.000,1.000,0,0,0,3,3,0,0,3,0.0,0,0,0.0,0.0,1.0
"F[1,2](SMBGperDayPtMeterCombo < 3.171 & Pt_SHFlg = 0.000)
",-9999999.000,-9999999.000,0.000,0.000,1.000,0,0,0,3,3,0,0,3,0.0,0,0,0.0,0.0,1.0
"((WeightKg <= 80.638) U[0,0] (Pt_SHFlg = 0.000))
",63.585,79.304,0.000,0.000,1.000,0,0,0,3,3,0,0,3,0.0,0,0,0.0,0.0,1.0
"((Pt_ChildT1D <= 0.000) U[0,1] (Pt_SHFlg = 0.000))
",-9999999.000,-9999999.000,0.000,0.000,1.000,0,0,0,3,3,0,0,3,0.0,0,0,0.0,0.0,1.0
"((HbA1c >= 8.977) U[0,2] (Pt_SHFlg = 0.000))
",-9999999.000,-9999999.000,0.000,0.000,1.000,0,0,0,3,3,0,0,3,0.0,0,0,0.0,0.0,1.0
"((bmiPerc < 0.000) U[0,1] (Pt_SHFlg = 0.000))
",-9999999.000,-9999999.000,0.000,0.000,1.000,0,0,0,3,3,0,0,3,0.0,0,0,0.0,0.0,1.0
"F[0,1](Pt_A1cGoalLev < 0.000 -> Pt_SHFlg = 0.000)
",-9999999.000,-9999999.000,0.000,0.000,1.000,0,0,0,3,3,0,0,3,0.0,0,0,0.0,0.0,1.0
"((AlbCreatRat_mggNew <= 9.347) U[0,2] (Pt_SHFlg = 0.000))
",-9999999.000,-9999999.000,0.000,0.000,1.000,0,0,0,3,3,0,0,3,0.0,0,0,0.0,0.0,1.0
"((diabDur < 23.337) U[0,2] (Pt_SHFlg = 0.000))
",-9999999.000,-9999999.000,0.000,0.000,1.000,0,0,0,3,3,0,0,3,0.0,0,0,0.0,0.0,1.0
"F[2,2](BGTestAvgNumMeter >= 0.011 & Pt_SHFlg = 0.000)
",-6234987506957355.000,-0.011,0.000,0.000,1.000,0,0,0,3,3,0,0,3,0.0,0,0,0.0,0.0,1.0
"F[0,2](Triglyc <= 165.141 -> Pt_SHFlg = 0.000)
",-9999999.000,-9999999.000,0.000,0.000,1.000,0,0,0,3,3,0,0,3,0.0,0,0,0.0,0.0,1.0
"((age < 30.016) U[0,1] (Pt_SHFlg = 0.000))
",-9999999.000,-9999999.000,0.000,0.000,1.000,0,0,0,3,3,0,0,3,0.0,0,0,0.0,0.0,1.0
"F[2,2](((BldPrSys <= 129.198 | TotChol <= 177.784) & bmi <= 63.273) -> HeightCm <= 169.988)
",-169.988,-169.988,0.000,0.000,1.000,0,0,0,3,3,0,0,3,0.0,0,0,0.0,0.0,1.0
"F[0,1]((diabDur >= 21.394 & DirectLDL >= 0.481) | Pt_A1cGoalLev <= 0.669)
",-9999999.000,-9999999.000,0.000,0.000,1.000,0,0,0,3,3,0,0,3,0.0,0,0,0.0,0.0,1.0
"F[1,2](((GFR >= 9.570 -> TSH <= 2.274) | BGTestAvgNumMeter >= 0.078) -> age <= 1.920)
",-9999999.000,-9999999.000,0.000,0.000,1.000,0,0,0,3,3,0,0,3,0.0,0,0,0.0,0.0,1.0
"((age >= 28.025) U[0,2] (BUN <= 14.472))
",-9999999.000,-9999999.000,0.000,0.000,1.000,0,0,0,3,3,0,0,3,0.0,0,0,0.0,0.0,1.0
"F[0,1]((HDL <= 38.971 -> LDL >= 41.333) | Pt_DKAFlg <= 129.561)
",-9999999.000,-9999999.000,0.000,0.000,1.000,0,0,0,3,3,0,0,3,0.0,0,0,0.0,0.0,1.0
"F[0,2](bmiZscore >= -0.011 | UnitsInsBasalOrLongAct >= 32.194)
",-9999999.000,-9999999.000,0.000,0.000,1.000,0,0,0,3,3,0,0,3,0.0,0,0,0.0,0.0,1.0
"F[2,2]((TotalDailyInsPerKg >= 0.049 & Triglyc <= 172.972) -> Pt_A1cGoalLevelDsYr5 >= 59.223)
",0.049,0.049,0.000,0.000,1.000,0,0,0,3,3,0,0,3,0.0,0,0,0.0,0.0,1.0
"F[0,1](((HbA1c <= 9.229 & SMBGperDayPtMeterCombo >= 0.889) | bmi >= 1.586) | Pt_DKAFlg <= 5.302)
",-9999999.000,-9999999.000,0.000,0.000,1.000,0,0,0,3,3,0,0,3,0.0,0,0,0.0,0.0,1.0
"F[1,2](((HbA1cImputeDtMnC <= 54.614 | LDL <= 121.050) | BGTestAvgNumMeter >= 4.597) | Pt_GrandparentT1D >= 31.569)
",-9999999.000,-9999999.000,0.000,0.000,1.000,0,0,0,3,3,0,0,3,0.0,0,0,0.0,0.0,1.0
"((BGTestAvgNumPtRep <= 5.919) U[0,2] (HbA1cImputeDtMnC <= 60.120))
",-9999999.000,-9999999.000,0.000,0.000,1.000,0,0,0,3,3,0,0,3,0.0,0,0,0.0,0.0,1.0
"F[0,1](((AlbCreatRat_mggNew <= 9.862 & bmiZscore >= 0.210) -> bmi <= 1.511) -> TotChol >= -0.375)
",-9999999.000,-9999999.000,0.000,0.000,1.000,0,0,0,3,3,0,0,3,0.0,0,0,0.0,0.0,1.0
"F[0,1]((bmiZscore <= 1.428 & BUN <= 14.680) | Pt_ChildT1D >= 3.900)
",-9999999.000,-9999999.000,0.000,0.000,1.000,0,0,0,3,3,0,0,3,0.0,0,0,0.0,0.0,1.0
"((BUN <= 13.426) U[2,2] (HbA1cImputeDtMnC <= 56.747))
",7986452397736821.000,56.747,0.000,0.000,1.000,0,0,0,3,3,0,0,3,0.0,0,0,0.0,0.0,1.0
"((BGTestAvgNumMeter <= 0.858) U[0,2] (UnitsInsBasalOrLongAct >= 20.798))
",-9999999.000,-9999999.000,0.000,0.000,1.000,0,0,0,3,3,0,0,3,0.0,0,0,0.0,0.0,1.0
"F[0,1](((HbA1cImputeDtMnC >= 32.685 & SMBGperDayPtMeterCombo >= 1.683) & GFR <= 5.034) -> HbA1cImputeDtMnC <= 4.717)
",-9999999.000,-9999999.000,0.000,0.000,1.000,0,0,0,3,3,0,0,3,0.0,0,0,0.0,0.0,1.0
"F[0,1](((diabDur >= 22.700 & NumPumpBolusOrShortAct <= 1.970) & Pt_ChildT1D <= 1.930) -> Pt_GrandchildT1D >= 1.419)
",-9999999.000,-9999999.000,0.000,0.000,1.000,0,0,0,3,3,0,0,3,0.0,0,0,0.0,0.0,1.0
"((AlbCreatRat_mggNew <= 7.076) U[0,1] (HbA1c <= 9.682))
",-9999999.000,-9999999.000,0.000,0.000,1.000,0,0,0,3,3,0,0,3,0.0,0,0,0.0,0.0,1.0
"F[1,2](LDL <= 139.032 -> Triglyc <= 220.380)
",-9999999.000,-9999999.000,0.000,0.000,1.000,0,0,0,3,3,0,0,3,0.0,0,0,0.0,0.0,1.0
"F[1,1](TotChol <= 80.297 -> UnitsInsBasalOrLongAct >= 24.712)
",-80.297,-80.297,0.000,0.000,1.000,0,0,0,3,3,0,0,3,0.0,0,0,0.0,0.0,1.0
"((BGTestAvgNumPtRep >= 0.640) U[0,2] (HeightCm >= 101.723))
",-9999999.000,-9999999.000,0.000,0.000,1.000,0,0,0,3,3,0,0,3,0.0,0,0,0.0,0.0,1.0
"F[1,2](((bmiZscore >= 0.610 & TSH <= 2.407) & BGTestAvgNumMeter >= 0.463) -> WeightKg >= 0.126)
",-9999999.000,-9999999.000,0.000,0.000,1.000,0,0,0,3,3,0,0,3,0.0,0,0,0.0,0.0,1.0
"F[1,2]((BldPrDia <= 78.393 -> WeightKg <= 88.414) & WeightKg >= 68.845)
",-9999999.000,-9999999.000,0.000,0.000,1.000,0,0,0,3,3,0,0,3,0.0,0,0,0.0,0.0,1.0
"F[0,1](((GFR <= 64.006 | WeightKg >= 36.911) -> Pt_GrandchildT1D >= 5.549) -> NumPumpBolusOrShortAct >= 37.672)
",-9999999.000,-9999999.000,0.000,0.000,1.000,0,0,0,3,3,0,0,3,0.0,0,0,0.0,0.0,1.0
"F[1,2](AlbCreatRat_mggNew >= 2.150 & HbA1cImputeDtMnC >= 22.988)
",-9999999.000,-9999999.000,0.000,0.000,1.000,0,0,0,3,3,0,0,3,0.0,0,0,0.0,0.0,1.0
"F[1,2]((BldPrSys <= 125.812 | UnitsInsBasalOrLongAct <= 48.283) -> Pt_SiblingT1D >= 31.196)
",-9999999.000,-9999999.000,0.000,0.000,1.000,0,0,0,3,3,0,0,3,0.0,0,0,0.0,0.0,1.0
"F[0,2]((AlbCreatRat_mggNew >= 1.423 & HDL <= 35.341) -> HbA1c >= 11.188)
",-9999999.000,-9999999.000,0.000,0.000,1.000,0,0,0,3,3,0,0,3,0.0,0,0,0.0,0.0,1.0
"((AlbCreatRat_mggNew >= 2.963) U[1,1] (BUN <= 14.862))
",14.862,14.862,0.000,0.000,1.000,0,0,0,3,3,0,0,3,0.0,0,0,0.0,0.0,1.0
"F[1,2]((BldPrDia <= 83.387 & bmi <= 28.814) | BGTestAvgNumPtRep <= 32.665)
",-9999999.000,-9999999.000,0.000,0.000,1.000,0,0,0,3,3,0,0,3,0.0,0,0,0.0,0.0,1.0
"F[0,2]((HbA1c <= 9.718 | UnitsInsBasalOrLongAct <= 50.148) | bmiZscore <= 47.605)
",-9999999.000,-9999999.000,0.000,0.000,1.000,0,0,0,3,3,0,0,3,0.0,0,0,0.0,0.0,1.0
"((BUN >= 4.420) U[2,2] (GFR >= 18.941))
",-4.420,-4.420,0.000,0.000,1.000,0,0,0,3,3,0,0,3,0.0,0,0,0.0,0.0,1.0
"F[1,2]((bmiZscore >= -0.066 & HbA1cImputeDtMnC <= 55.380) | BGTestAvgNumPtRep <= 43.865)
",-9999999.000,-9999999.000,0.000,0.000,1.000,0,0,0,3,3,0,0,3,0.0,0,0,0.0,0.0,1.0
"F[0,2](AlbCreatRat_mggNew >= 6.496 | TotChol <= 133.317)
",-9999999.000,-9999999.000,0.000,0.000,1.000,0,0,0,3,3,0,0,3,0.0,0,0,0.0,0.0,1.0
"((HeightCm <= 169.305) U[0,2] (TotChol <= 180.234))
",-9999999.000,-9999999.000,0.000,0.000,1.000,0,0,0,3,3,0,0,3,0.0,0,0,0.0,0.0,1.0
"F[1,1](BGTestAvgNumPtRep <= 4.617 | DirectLDL >= 0.474)
",4.617,4.617,0.000,0.000,1.000,0,0,0,3,3,0,0,3,0.0,0,0,0.0,0.0,1.0
"F[2,2](BldPrSys <= 135.462 & HeightCm >= 18.772)
",-18.772,-18.772,0.000,0.000,1.000,0,0,0,3,3,0,0,3,0.0,0,0,0.0,0.0,1.0
"((BGTestAvgNumMeter >= 0.068) U[0,1] (TotChol <= 100.207))
",-9999999.000,-9999999.000,0.000,0.000,1.000,0,0,0,3,3,0,0,3,0.0,0,0,0.0,0.0,1.0
"F[2,2]((BldPrDia <= 78.922 & SMBGperDayPtMeterCombo >= 0.789) | GFR >= 0.882)
",-0.789,-0.789,0.000,0.000,1.000,0,0,0,3,3,0,0,3,0.0,0,0,0.0,0.0,1.0
"((age <= 30.704) U[0,0] (BldPrDia >= 71.771))
",12.871,52.896,0.000,0.000,1.000,0,0,0,3,3,0,0,3,0.0,0,0,0.0,0.0,1.0
"((AlbCreatRat_mggNew <= 9.603) U[0,2] (BldPrDia >= 73.002))
",-9999999.000,-9999999.000,0.000,0.000,1.000,0,0,0,3,3,0,0,3,0.0,0,0,0.0,0.0,1.0
"F[0,1](Triglyc <= 119.781 | TSH <= 2.215)
",-9999999.000,-9999999.000,0.000,0.000,1.000,0,0,0,3,3,0,0,3,0.0,0,0,0.0,0.0,1.0
"F[0,2](((DirectLDL >= 0.281 -> WeightKg >= 0.504) & Triglyc >= 71.867) | diabDur >= 30.300)
",-9999999.000,-9999999.000,0.000,0.000,1.000,0,0,0,3,3,0,0,3,0.0,0,0,0.0,0.0,1.0
"F[2,2](((bmi <= 34.805 -> DirectLDL >= 0.008) & diabDur <= 0.771) & GFR <= 0.837)
",-34.805,-34.805,0.000,0.000,1.000,0,0,0,3,3,0,0,3,0.0,0,0,0.0,0.0,1.0
"F[0,1]((HDL <= 40.239 | UnitsInsBasalOrLongAct <= 62.592) -> BldPrDia >= 46.640)
",-9999999.000,-9999999.000,0.000,0.000,1.000,0,0,0,3,3,0,0,3,0.0,0,0,0.0,0.0,1.0
"((BGTestAvgNumPtRep <= 4.169) U[0,1] (BUN <= 8.749))
",-9999999.000,-9999999.000,0.000,0.000,1.000,0,0,0,3,3,0,0,3,0.0,0,0,0.0,0.0,1.0
"F[0,2]((bmi >= 19.375 -> HbA1cImputeDtMnC <= 70.257) & Pt_GrandchildT1D <= 57.854)
",-9999999.000,-9999999.000,0.000,0.000,1.000,0,0,0,3,3,0,0,3,0.0,0,0,0.0,0.0,1.0
"F[2,2](((bmiZscore >= 0.642 | NumPumpBolusOrShortAct <= 2.755) & bmiPerc <= 2.545) -> HbA1c >= 0.521)
",-2.545,-2.545,0.000,0.000,1.000,0,0,0,3,3,0,0,3,0.0,0,0,0.0,0.0,1.0
"F[0,1](bmi >= 16.429 | diabDur >= 20.707)
",-9999999.000,-9999999.000,0.000,0.000,1.000,0,0,0,3,3,0,0,3,0.0,0,0,0.0,0.0,1.0
"F[0,0](((BldPrDia <= 78.108 & HDL <= 20.713) | BldPrSys >= 3.047) | UnitsInsBasalOrLongAct >= 3.934)
",1.244,4.633,0.000,0.000,1.000,0,0,0,3,3,0,0,3,0.0,0,0,0.0,0.0,1.0
"((bmi <= 27.984) U[0,0] (Triglyc <= 182.103))
",182.103,182.103,0.000,0.000,1.000,0,0,0,3,3,0,0,3,0.0,0,0,0.0,0.0,1.0
"F[0,2]((BldPrDia <= 84.291 | DirectLDL <= 0.922) | Triglyc >= 0.278)
",-9999999.000,-9999999.000,0.000,0.000,1.000,0,0,0,3,3,0,0,3,0.0,0,0,0.0,0.0,1.0
"F[1,1]((Triglyc >= 33.884 | WeightKg >= 61.752) -> HDL <= 80.659)
",-80.659,-80.659,0.000,0.000,1.000,0,0,0,3,3,0,0,3,0.0,0,0,0.0,0.0,1.0
"F[1,2]((GFR <= 81.894 | TotChol <= 45.078) | Pt_A1cGoalLevelDsYr5 <= 92.889)
",-9999999.000,-9999999.000,0.000,0.000,1.000,0,0,0,3,3,0,0,3,0.0,0,0,0.0,0.0,1.0
"F[0,0]((DirectLDL <= 0.815 | HeightCm >= 66.709) -> BldPrSys >= 110.893)
",-55.249,-33.858,0.000,0.000,1.000,0,0,0,3,3,0,0,3,0.0,0,0,0.0,0.0,1.0
"F[1,2]((BGTestAvgNumPtRep >= 0.843 -> GFR <= 47.079) | BUN >= 8.573)
",-9999999.000,-9999999.000,0.000,0.000,1.000,0,0,0,3,3,0,0,3,0.0,0,0,0.0,0.0,1.0
"((SMBGperDayPtMeterCombo >= 1.021) U[1,2] (TSH <= 2.055))
",-9999999.000,-9999999.000,0.000,0.000,1.000,0,0,0,3,3,0,0,3,0.0,0,0,0.0,0.0,1.0
"F[0,2](((BldPrDia >= 71.671 | TotChol <= 111.676) | Triglyc <= 143.383) -> BGTestAvgNumPtRep >= 24.056)
",-9999999.000,-9999999.000,0.000,0.000,1.000,0,0,0,3,3,0,0,3,0.0,0,0,0.0,0.0,1.0
"F[1,1](((SMBGperDayPtMeterCombo <= 3.507 -> WeightKg <= 81.510) & Pt_GrandparentT1D <= 99.815) | BldPrDia >= 34.281)
",-34.281,-34.281,0.000,0.000,1.000,0,0,0,3,3,0,0,3,0.0,0,0,0.0,0.0,1.0
"F[0,1](bmi <= 27.564 | SMBGperDayPtMeterCombo <= 3.308)
",-9999999.000,-9999999.000,0.000,0.000,1.000,0,0,0,3,3,0,0,3,0.0,0,0,0.0,0.0,1.0
"F[1,2](((BldPrDia >= 71.178 -> Triglyc >= 48.868) | diagAgeCombo >= 49.718) & Pt_InsGov >= 48.256)
",-9999999.000,-9999999.000,0.000,0.000,1.000,0,0,0,3,3,0,0,3,0.0,0,0,0.0,0.0,1.0
"F[0,0]((age <= 31.395 -> BldPrSys >= 117.475) | BGTestAvgNumMeter <= 138.142)
",40.027,75.476,0.000,0.000,1.000,0,0,0,3,3,0,0,3,0.0,0,0,0.0,0.0,1.0
"F[1,2]((BUN <= 8.402 & HDL >= 11.883) -> diabDur >= 7.872)
",-9999999.000,-9999999.000,0.000,0.000,1.000,0,0,0,3,3,0,0,3,0.0,0,0,0.0,0.0,1.0
"F[2,2](((bmiZscore <= 0.838 -> TotalDailyInsPerKg <= 0.198) -> WeightKg <= 0.675) & Pt_A1cGoalLevelDsYr5 >= 0.127)
",-0.675,-0.675,0.000,0.000,1.000,0,0,0,3,3,0,0,3,0.0,0,0,0.0,0.0,1.0
"F[0,2](((diabDur >= 21.730 -> TSH >= 0.465) & Pt_GrandparentT1D <= 2.099) | Pt_GrandparentT1D >= 1.150)
",-9999999.000,-9999999.000,0.000,0.000,1.000,0,0,0,3,3,0,0,3,0.0,0,0,0.0,0.0,1.0
"((bmiZscore >= 0.323) U[0,2] (HeightCm <= 141.440))
",-9999999.000,-9999999.000,0.000,0.000,1.000,0,0,0,3,3,0,0,3,0.0,0,0,0.0,0.0,1.0
"F[1,2](((NumPumpBolusOrShortAct <= 1.915 | SMBGperDayPtMeterCombo >= 0.400) & TotChol <= 6.592) & TSH <= 6.743)
",-9999999.000,-9999999.000,0.000,0.000,1.000,0,0,0,3,3,0,0,3,0.0,0,0,0.0,0.0,1.0
"F[1,2](HeightCm >= 74.207 -> NumPumpBolusOrShortAct <= 2.373)
",-9999999.000,-9999999.000,0.000,0.000,1.000,0,0,0,3,3,0,0,3,0.0,0,0,0.0,0.0,1.0
"F[0,0](((NumPumpBolusOrShortAct <= 2.308 -> TotalDailyInsPerKg <= 0.775) | Pt_InsGov >= 0.118) & DirectLDL <= 1.018)
",-496.414,-168.748,0.000,0.000,1.000,0,0,0,3,3,0,0,3,0.0,0,0,0.0,0.0,1.0
"F[0,1](((GFR <= 75.829 & Triglyc >= 62.830) -> HDL >= 48.877) -> AlbCreatRat_mggNew <= 225.337)
",-9999999.000,-9999999.000,0.000,0.000,1.000,0,0,0,3,3,0,0,3,0.0,0,0,0.0,0.0,1.0
"F[1,2](((AlbCreatRat_mggNew <= 9.999 | NumPumpBolusOrShortAct <= 2.554) -> DirectLDL <= 2.367) & diagAgeCombo <= 2.503)
",-9999999.000,-9999999.000,0.000,0.000,1.000,0,0,0,3,3,0,0,3,0.0,0,0,0.0,0.0,1.0
"((BldPrSys >= 112.415) U[0,1] (bmi >= 21.646))
",-9999999.000,-9999999.000,0.000,0.000,1.000,0,0,0,3,3,0,0,3,0.0,0,0,0.0,0.0,1.0
"F[0,2]((BUN >= 1.952 | Triglyc <= 164.355) & Pt_GrandchildT1D <= 223.045)
",-9999999.000,-9999999.000,0.000,0.000,1.000,0,0,0,3,3,0,0,3,0.0,0,0,0.0,0.0,1.0
"((LDL >= 36.645) U[0,2] (Pt_DKAFlg <= 0.000))
",-9999999.000,-9999999.000,0.000,0.000,1.000,0,0,0,3,3,0,0,3,0.0,0,0,0.0,0.0,1.0
