Rule,Discrimination Score,Pos Robustness,Neg Robustness,Percent Class +,Percent Class -,TP,TN,FP,FN,Actual Yes,Actual No,Predicted Yes,Predicted No,TPR/Sens,TNR/Spec,FPR,Precision,Accuracy,MCR
"G[0,1](((diagAgeCombo >= 12.000 & UnitsInsBasalOrLongAct >= 9.856) | SMBGperDayPtMeterCombo >= 11.225) | Pt_A1cGoalLev >= 0.058)
",0.000,9999999.000,9999999.000,1.000,0.000,2,1,0,0,2,1,2,1,1.0,1.0,0.0,1.0,1.0,0.0
"G[0,0](GFR <= 0.000 -> BUN >= 7.686)
",-0.561,-96.314,-59.314,1.000,0.000,2,1,0,0,2,1,2,1,1.0,1.0,0.0,1.0,1.0,0.0
"G[1,1](TotalDailyInsPerKg <= 0.626 | UnitsInsBasalOrLongAct >= 11.432)
",0.000,0.626,0.626,1.000,0.000,2,1,0,0,2,1,2,1,1.0,1.0,0.0,1.0,1.0,0.0
"G[0,0]((Pt_SHFlg <= 0.376 -> UnitsInsBasalOrLongAct >= 0.471) -> UnitsInsBasalOrLongAct >= 3.550)
",3.042,-0.960,-2.450,1.000,0.000,2,1,0,0,2,1,2,1,1.0,1.0,0.0,1.0,1.0,0.0
"G[1,1]((BldPrSys >= 110.574 & HeightCm >= 168.916) | AutonomicNeuroCl >= 169.489)
",0.000,-168.916,-168.916,1.000,0.000,2,1,0,0,2,1,2,1,1.0,1.0,0.0,1.0,1.0,0.0
"G[0,0](GFR <= 0.000 -> BUN >= 2.475)
",-0.561,-101.525,-64.525,1.000,0.000,2,1,0,0,2,1,2,1,1.0,1.0,0.0,1.0,1.0,0.0
"G[0,1](bmiZscore <= 0.760 & NumPumpBolusOrShortAct <= 2.505)
",0.000,9999999.000,9999999.000,1.000,0.000,2,1,0,0,2,1,2,1,1.0,1.0,0.0,1.0,1.0,0.0
"G[0,1](BGTestAvgNumMeter <= 6.816 & TotalDailyInsPerKg <= 0.742)
",0.000,9999999.000,9999999.000,1.000,0.000,2,1,0,0,2,1,2,1,1.0,1.0,0.0,1.0,1.0,0.0
"G[1,1]((BGTestAvgNumPtRep <= 4.407 & HbA1cImputeDtMnC <= 59.989) & Pt_FatherT1D <= 62.624)
",0.000,4.407,4.407,1.000,0.000,1,1,0,1,2,1,1,2,0.5,1.0,0.0,1.0,0.6666666666666666,0.33333333333333337
"G[0,1](bmi <= 22.821 & bmiPerc <= 0.606)
",0.000,9999999.000,9999999.000,1.000,0.000,1,1,0,1,2,1,1,2,0.5,1.0,0.0,1.0,0.6666666666666666,0.33333333333333337
"G[0,1](((AlbCreatRat_mggNew <= 10.504 -> bmiZscore <= 0.321) -> Pt_SHFlg >= -0.313) & Pt_GrandparentT1D >= -0.553)
",0.000,9999999.000,9999999.000,1.000,0.000,2,0,1,0,2,1,3,0,1.0,0.0,1.0,0.6666666666666666,0.6666666666666666,0.33333333333333337
"G[1,1]((BGTestAvgNumPtRep >= 0.264 | TotalDailyInsPerKg <= 0.576) | Pt_GrandchildT1D >= 0.193)
",0.000,0.576,0.576,1.000,0.000,2,0,1,0,2,1,3,0,1.0,0.0,1.0,0.6666666666666666,0.6666666666666666,0.33333333333333337
"G[0,0](BGTestAvgNumMeter <= 3.363 & bmi <= 22.896)
",-1.000,-6.637,3.363,1.000,0.000,1,1,0,1,2,1,1,2,0.5,1.0,0.0,1.0,0.6666666666666666,0.33333333333333337
"G[1,1](((HbA1cImputeDtMnC >= 0.308 -> TotChol <= 164.871) | Pt_FatherT1D >= 119.594) | TSH <= 184.136)
",0.000,184.136,184.136,1.000,0.000,2,0,1,0,2,1,3,0,1.0,0.0,1.0,0.6666666666666666,0.6666666666666666,0.33333333333333337
"G[0,1](BldPrSys >= 114.657 -> HbA1c <= 8.370)
",0.000,9999999.000,9999999.000,1.000,0.000,1,1,0,1,2,1,1,2,0.5,1.0,0.0,1.0,0.6666666666666666,0.33333333333333337
"G[0,1]((bmi >= 22.082 -> SMBGperDayPtMeterCombo >= 0.542) | Pt_FatherT1D <= 5.944)
",0.000,9999999.000,9999999.000,1.000,0.000,2,0,1,0,2,1,3,0,1.0,0.0,1.0,0.6666666666666666,0.6666666666666666,0.33333333333333337
"G[0,0](((diabDur <= 8.544 & WeightKg >= 64.680) | BldPrSys >= 62.734) & Pt_FatherT1D <= 66.171)
",-1.396,-60.207,-56.680,1.000,0.000,2,0,1,0,2,1,3,0,1.0,0.0,1.0,0.6666666666666666,0.6666666666666666,0.33333333333333337
"G[0,1]((BldPrDia <= 72.012 -> HbA1c <= 8.937) | BGTestAvgNumMeter <= 9.033)
",0.000,9999999.000,9999999.000,1.000,0.000,2,0,1,0,2,1,3,0,1.0,0.0,1.0,0.6666666666666666,0.6666666666666666,0.33333333333333337
"G[0,1](((BldPrDia <= 75.060 | HbA1cImputeDtMnC >= 10.145) | GFR <= 42.052) | UnitsInsBasalOrLongAct >= 11.018)
",0.000,9999999.000,9999999.000,1.000,0.000,2,0,1,0,2,1,3,0,1.0,0.0,1.0,0.6666666666666666,0.6666666666666666,0.33333333333333337
"G[1,1]((bmiPerc >= 0.083 -> HbA1cImputeDtMnC <= 63.577) | Pt_CGMUseNumDays <= 59.946)
",0.000,59.946,59.946,1.000,0.000,2,0,1,0,2,1,3,0,1.0,0.0,1.0,0.6666666666666666,0.6666666666666666,0.33333333333333337
"G[0,0](bmi <= 22.923 & bmiZscore <= 0.220)
",2.109,-0.360,-0.560,1.000,0.000,1,1,0,1,2,1,1,2,0.5,1.0,0.0,1.0,0.6666666666666666,0.33333333333333337
"G[0,1](((AlbCreatRat_mggNew <= 8.165 & HbA1cImputeDtMnC >= 17.501) | HbA1c <= 58.672) & Pt_GrandparentT1D <= 61.419)
",0.000,9999999.000,9999999.000,1.000,0.000,2,0,1,0,2,1,3,0,1.0,0.0,1.0,0.6666666666666666,0.6666666666666666,0.33333333333333337
"G[0,0](((bmiZscore >= -0.392 | HbA1cImputeDtMnC >= 32.334) & bmiPerc <= 44.797) | Pt_FatherT1D >= 0.324)
",-2.109,0.971,1.172,1.000,0.000,2,0,1,0,2,1,3,0,1.0,0.0,1.0,0.6666666666666666,0.6666666666666666,0.33333333333333337
"G[0,0](((HbA1c <= 8.758 | UnitsInsBasalOrLongAct >= 10.112) & Pt_DKAFlg <= 16.635) | bmiZscore >= 9.358)
",-1.000,8.208,8.758,1.000,0.000,2,0,1,0,2,1,3,0,1.0,0.0,1.0,0.6666666666666666,0.6666666666666666,0.33333333333333337
"G[0,1]((TSH <= 2.404 -> WeightKg >= 64.155) | LDL >= 65.165)
",0.000,9999999.000,9999999.000,1.000,0.000,2,0,1,0,2,1,3,0,1.0,0.0,1.0,0.6666666666666666,0.6666666666666666,0.33333333333333337
"G[1,1](((bmiZscore <= 0.132 -> TotalDailyInsPerKg >= 0.254) | TSH >= 0.002) | WeightKg >= 0.274)
",0.000,-0.002,-0.002,1.000,0.000,2,0,1,0,2,1,3,0,1.0,0.0,1.0,0.6666666666666666,0.6666666666666666,0.33333333333333337
"G[0,1](BldPrSys >= 113.017 -> SMBGperDayPtMeterCombo <= 7.941)
",0.000,9999999.000,9999999.000,1.000,0.000,2,0,1,0,2,1,3,0,1.0,0.0,1.0,0.6666666666666666,0.6666666666666666,0.33333333333333337
"G[1,1](((BGTestAvgNumMeter <= 3.401 & SMBGperDayPtMeterCombo >= 2.566) & HbA1cImputeDtMnC <= 4.573) -> LDL <= 5.010)
",0.000,-5.010,-5.010,1.000,0.000,2,0,1,0,2,1,3,0,1.0,0.0,1.0,0.6666666666666666,0.6666666666666666,0.33333333333333337
"G[1,1](((HDL >= 17.257 -> TotalDailyInsPerKg >= 0.072) -> TotChol <= 0.443) -> bmiPerc >= 0.012)
",0.000,0.012,0.012,1.000,0.000,2,0,1,0,2,1,3,0,1.0,0.0,1.0,0.6666666666666666,0.6666666666666666,0.33333333333333337
"G[0,1](HDL <= 53.774 -> WeightKg <= 67.286)
",0.000,9999999.000,9999999.000,1.000,0.000,2,0,1,0,2,1,3,0,1.0,0.0,1.0,0.6666666666666666,0.6666666666666666,0.33333333333333337
"G[1,1](((HbA1c <= 8.370 | TotChol >= 86.704) & age <= 152.089) -> BldPrSys >= 37.924)
",0.000,-8.370,-8.370,1.000,0.000,2,0,1,0,2,1,3,0,1.0,0.0,1.0,0.6666666666666666,0.6666666666666666,0.33333333333333337
"G[0,1](((BGTestAvgNumMeter <= 1.988 & Pt_SHFlg <= 0.467) & SMBGperDayPtMeterCombo <= 0.540) -> AutonomicNeuroCl <= 0.663)
",0.000,9999999.000,9999999.000,1.000,0.000,2,0,1,0,2,1,3,0,1.0,0.0,1.0,0.6666666666666666,0.6666666666666666,0.33333333333333337
"G[0,1]((Pt_A1cGoalLev >= 1.043 -> WeightKg >= 62.223) | Pt_GrandparentT1D >= 62.655)
",0.000,9999999.000,9999999.000,1.000,0.000,2,0,1,0,2,1,3,0,1.0,0.0,1.0,0.6666666666666666,0.6666666666666666,0.33333333333333337
"G[0,1](((BGTestAvgNumPtRep <= 7.831 -> HeightCm <= 169.800) & WeightKg <= 170.481) | Triglyc <= 170.235)
",0.000,9999999.000,9999999.000,1.000,0.000,2,0,1,0,2,1,3,0,1.0,0.0,1.0,0.6666666666666666,0.6666666666666666,0.33333333333333337
"G[1,1](((BldPrSys >= 112.143 -> bmi <= 22.942) & TSH >= 21.430) -> Pt_InsGov <= 23.250)
",0.000,-23.250,-23.250,1.000,0.000,2,0,1,0,2,1,3,0,1.0,0.0,1.0,0.6666666666666666,0.6666666666666666,0.33333333333333337
"G[0,1](((BGTestAvgNumPtRep >= 2.935 | WeightKg >= 61.905) | BGTestAvgNumPtRep <= 67.157) -> BGTestAvgNumPtRep <= 67.157)
",0.000,9999999.000,9999999.000,1.000,0.000,2,0,1,0,2,1,3,0,1.0,0.0,1.0,0.6666666666666666,0.6666666666666666,0.33333333333333337
"G[1,1](BldPrSys >= 109.779 | UnitsInsBasalOrLongAct <= 22.904)
",0.000,22.904,22.904,1.000,0.000,2,0,1,0,2,1,3,0,1.0,0.0,1.0,0.6666666666666666,0.6666666666666666,0.33333333333333337
"G[0,0]((HeightCm >= 168.947 -> WeightKg >= 64.415) -> NumPumpBolusOrShortAct <= 65.594)
",0.000,-65.594,-65.594,1.000,0.000,2,0,1,0,2,1,3,0,1.0,0.0,1.0,0.6666666666666666,0.6666666666666666,0.33333333333333337
"G[0,0]((diabDur >= 5.531 | Pt_A1cGoalLev >= 0.396) | age >= 0.649)
",1.000,12.536,11.604,1.000,0.000,2,0,1,0,2,1,3,0,1.0,0.0,1.0,0.6666666666666666,0.6666666666666666,0.33333333333333337
"G[0,0](((BUN <= 15.008 & TotChol >= 121.304) -> SMBGperDayPtMeterCombo >= 62.115) -> Triglyc <= 151.580)
",-0.172,-0.847,-0.115,1.000,0.000,2,0,1,0,2,1,3,0,1.0,0.0,1.0,0.6666666666666666,0.6666666666666666,0.33333333333333337
"G[1,1]((HeightCm <= 169.867 | TotalDailyInsPerKg >= 0.029) & NumPumpBolusOrShortAct <= 0.518)
",0.000,0.518,0.518,1.000,0.000,2,0,1,0,2,1,3,0,1.0,0.0,1.0,0.6666666666666666,0.6666666666666666,0.33333333333333337
"G[0,1]((Pt_SHFlg <= 0.474 & Triglyc >= 28.292) -> diagAgeCombo <= 100.876)
",0.000,9999999.000,9999999.000,1.000,0.000,2,0,1,0,2,1,3,0,1.0,0.0,1.0,0.6666666666666666,0.6666666666666666,0.33333333333333337
"G[0,1](((diabDur >= 5.918 | HbA1cImputeDtMnC <= 42.534) | HDL <= 74.162) & AlbCreatRat_mggNew <= 55.998)
",0.000,9999999.000,9999999.000,1.000,0.000,2,0,1,0,2,1,3,0,1.0,0.0,1.0,0.6666666666666666,0.6666666666666666,0.33333333333333337
"G[0,0](((bmiPerc <= 0.665 & Pt_A1cGoalLev <= 1.750) -> SMBGperDayPtMeterCombo <= 6.805) | UnitsInsBasalOrLongAct >= 1.009)
",-2.659,21.275,22.661,1.000,0.000,2,0,1,0,2,1,3,0,1.0,0.0,1.0,0.6666666666666666,0.6666666666666666,0.33333333333333337
"G[0,1](((HDL >= 39.907 & Pt_A1cGoalLevelDsYr5 <= 0.000) -> TotChol <= 0.000) | AlbCreatRat_mggNew <= 0.000)
",0.000,9999999.000,9999999.000,1.000,0.000,1,1,0,1,2,1,1,2,0.5,1.0,0.0,1.0,0.6666666666666666,0.33333333333333337
"G[1,1](((DirectLDL <= 0.000 | BldPrDia <= 74.091) & TotChol >= 65.337) -> bmiPerc >= 60.911)
",0.000,60.911,60.911,1.000,0.000,1,1,0,1,2,1,1,2,0.5,1.0,0.0,1.0,0.6666666666666666,0.33333333333333337
"G[0,0](Pt_MotherT1D >= 0.000 -> Pt_InsGov >= 0.000)
",0.000,0.000,0.000,1.000,0.000,2,0,1,0,2,1,3,0,1.0,0.0,1.0,0.6666666666666666,0.6666666666666666,0.33333333333333337
"G[0,1]((HeightCm <= 169.929 | Pt_GrandparentT1D >= 0.000) & TotalDailyInsPerKg <= 0.000)
",0.000,9999999.000,9999999.000,1.000,0.000,1,1,0,1,2,1,1,2,0.5,1.0,0.0,1.0,0.6666666666666666,0.33333333333333337
"G[0,1]((HDL <= 62.184 | Triglyc <= 85.360) & Pt_CGMUseNumDays <= 141.946)
",0.000,9999999.000,9999999.000,1.000,0.000,2,0,1,0,2,1,3,0,1.0,0.0,1.0,0.6666666666666666,0.6666666666666666,0.33333333333333337
"G[0,1](((Pt_InsGov <= 0.000 & age >= 18.848) & TotalDailyInsPerKg >= 17.117) | Pt_ChildT1D <= 19.562)
",0.000,9999999.000,9999999.000,1.000,0.000,2,0,1,0,2,1,3,0,1.0,0.0,1.0,0.6666666666666666,0.6666666666666666,0.33333333333333337
"G[0,1]((bmiZscore <= 0.696 | bmi >= 21.894) | bmi >= 21.999)
",0.000,9999999.000,9999999.000,1.000,0.000,2,0,1,0,2,1,3,0,1.0,0.0,1.0,0.6666666666666666,0.6666666666666666,0.33333333333333337
"G[0,0]((WeightKg >= 65.101 | bmi >= 21.467) -> UnitsInsBasalOrLongAct <= 25.376)
",-1.400,-22.876,-19.376,1.000,0.000,2,0,1,0,2,1,3,0,1.0,0.0,1.0,0.6666666666666666,0.6666666666666666,0.33333333333333337
"G[1,1](((BGTestAvgNumPtRep <= 7.029 & BGTestAvgNumMeter <= 5.029) | HeightCm >= 0.391) & TSH >= 0.330)
",0.000,-0.330,-0.330,1.000,0.000,1,1,0,1,2,1,1,2,0.5,1.0,0.0,1.0,0.6666666666666666,0.33333333333333337
"G[0,0](BGTestAvgNumMeter > 0.321 -> Pt_SHFlg = 0.911)
",-1.000,-9.679,0.321,1.000,0.000,2,0,1,0,2,1,3,0,1.0,0.0,1.0,0.6666666666666666,0.6666666666666666,0.33333333333333337
"G[0,1](diabDur <= 7.343 -> Pt_SHFlg = 0.971)
",0.000,9999999.000,9999999.000,1.000,0.000,1,1,0,1,2,1,1,2,0.5,1.0,0.0,1.0,0.6666666666666666,0.33333333333333337
"G[0,1](((NumPumpBolusOrShortAct >= 1.062 | Pt_SiblingT1D <= 0.000) | UnitsInsBasalOrLongAct >= 0.000) -> SMBGperDayPtMeterCombo <= 0.000)
",0.000,9999999.000,9999999.000,1.000,0.000,1,1,0,1,2,1,1,2,0.5,1.0,0.0,1.0,0.6666666666666666,0.33333333333333337
"G[0,1]((AlbCreatRat_mggNew >= 0.519 | Pt_A1cGoalLevelDsYr5 >= 0.000) -> diabDur >= 0.000)
",0.000,9999999.000,9999999.000,1.000,0.000,2,0,1,0,2,1,3,0,1.0,0.0,1.0,0.6666666666666666,0.6666666666666666,0.33333333333333337
"G[0,1](((age <= 21.176 | Pt_FatherT1D <= 0.000) | BldPrDia <= 0.000) & Pt_SHFlg >= 0.000)
",0.000,9999999.000,9999999.000,1.000,0.000,2,0,1,0,2,1,3,0,1.0,0.0,1.0,0.6666666666666666,0.6666666666666666,0.33333333333333337
"G[0,1]((LDL >= 2.922 -> HbA1c >= 8.098) -> NumPumpBolusOrShortAct <= 8.385)
",0.000,9999999.000,9999999.000,1.000,0.000,2,0,1,0,2,1,3,0,1.0,0.0,1.0,0.6666666666666666,0.6666666666666666,0.33333333333333337
"G[1,1](((BldPrDia <= 68.760 | Pt_DKAFlg <= 0.000) | HbA1cImputeDtMnC >= 0.000) | Pt_InsGov >= 0.000)
",0.000,68.760,68.760,1.000,0.000,2,0,1,0,2,1,3,0,1.0,0.0,1.0,0.6666666666666666,0.6666666666666666,0.33333333333333337
"G[0,1](((Pt_DKAFlg >= 0.000 | BldPrSys >= 110.799) & AlbCreatRat_mggNew <= 120.347) -> diagAgeCombo <= 121.668)
",0.000,9999999.000,9999999.000,1.000,0.000,2,0,1,0,2,1,3,0,1.0,0.0,1.0,0.6666666666666666,0.6666666666666666,0.33333333333333337
"G[0,1](Pt_A1cGoalLevelDsYr5 >= 0.000 | BGTestAvgNumPtRep >= 0.083)
",0.000,9999999.000,9999999.000,1.000,0.000,2,0,1,0,2,1,3,0,1.0,0.0,1.0,0.6666666666666666,0.6666666666666666,0.33333333333333337
"G[0,0](BGTestAvgNumMeter <= 3.304 | Pt_SHFlg <= 0.478)
",-1.000,-6.696,3.304,1.000,0.000,2,0,1,0,2,1,3,0,1.0,0.0,1.0,0.6666666666666666,0.6666666666666666,0.33333333333333337
"G[0,1](GFR >= 0.000 | GFR <= 0.000)
",0.000,9999999.000,9999999.000,1.000,0.000,2,0,1,0,2,1,3,0,1.0,0.0,1.0,0.6666666666666666,0.6666666666666666,0.33333333333333337
"G[0,1](Triglyc >= 79.398 -> HbA1c <= 8.467)
",0.000,9999999.000,9999999.000,1.000,0.000,1,1,0,1,2,1,1,2,0.5,1.0,0.0,1.0,0.6666666666666666,0.33333333333333337
"G[0,0]((Pt_A1cGoalLevelDsYr5 <= 0.000 -> Pt_InsGov >= 0.000) & Pt_InsGov <= 0.000)
",0.000,0.000,0.000,1.000,0.000,2,0,1,0,2,1,3,0,1.0,0.0,1.0,0.6666666666666666,0.6666666666666666,0.33333333333333337
"G[0,1](Pt_SiblingT1D >= 0.000 & TotChol >= 98.862)
",0.000,9999999.000,9999999.000,1.000,0.000,1,0,1,1,2,1,2,1,0.5,0.0,1.0,0.5,0.3333333333333333,0.6666666666666667
"G[1,2]((BldPrDia >= 60.428 & LDL <= 101.970) & Pt_A1cGoalLevelDsYr5 >= 49.163)
",0.000,9999999.000,9999999.000,1.000,0.000,0,1,0,2,2,1,0,3,0.0,1.0,0.0,0.0,0.3333333333333333,0.6666666666666667
"G[0,1]((diabDur <= 8.832 -> Pt_SHFlg <= 0.943) & HDL <= 0.829)
",0.000,9999999.000,9999999.000,1.000,0.000,0,1,0,2,2,1,0,3,0.0,1.0,0.0,0.0,0.3333333333333333,0.6666666666666667
"G[0,1]((BldPrDia >= 62.808 | HbA1c <= 8.916) -> HDL >= 8.184)
",0.000,9999999.000,9999999.000,1.000,0.000,1,0,1,1,2,1,2,1,0.5,0.0,1.0,0.5,0.3333333333333333,0.6666666666666667
"G[1,2]((BGTestAvgNumMeter >= 1.284 & HbA1cImputeDtMnC >= 8.419) -> TotalDailyInsPerKg >= 16.463)
",0.000,9999999.000,9999999.000,1.000,0.000,0,1,1,1,1,2,1,2,0.0,0.5,0.5,0.0,0.3333333333333333,0.6666666666666667
"G[0,2](((HDL <= 46.188 & HeightCm <= 170.109) & Pt_DKAFlg >= 169.207) & TotChol <= 169.769)
",0.000,9999999.000,9999999.000,1.000,0.000,0,1,0,2,2,1,0,3,0.0,1.0,0.0,0.0,0.3333333333333333,0.6666666666666667
"G[0,1](((BldPrDia >= 58.285 | diabDur >= 6.280) & bmi <= 6.781) | Pt_DKAFlg >= 3.038)
",0.000,9999999.000,9999999.000,1.000,0.000,0,1,0,2,2,1,0,3,0.0,1.0,0.0,0.0,0.3333333333333333,0.6666666666666667
"G[0,2](Pt_SiblingT1D <= 0.000 -> HDL <= 49.999)
",0.000,9999999.000,9999999.000,1.000,0.000,0,1,1,1,1,2,1,2,0.0,0.5,0.5,0.0,0.3333333333333333,0.6666666666666667
"G[1,1]((BUN <= 17.021 & HDL >= 23.882) | bmiPerc >= 39.944)
",0.000,-23.882,-23.882,1.000,0.000,1,0,1,1,2,1,2,1,0.5,0.0,1.0,0.5,0.3333333333333333,0.6666666666666667
"G[0,2]((bmi >= 21.511 -> Pt_A1cGoalLev <= 1.845) -> Pt_SiblingT1D >= 0.746)
",0.000,9999999.000,9999999.000,1.000,0.000,0,1,0,2,2,1,0,3,0.0,1.0,0.0,0.0,0.3333333333333333,0.6666666666666667
"G[1,2]((bmiZscore >= -0.176 & Pt_SHFlg <= 0.509) & Pt_SiblingT1D >= 0.277)
",0.000,9999999.000,9999999.000,1.000,0.000,0,1,0,2,2,1,0,3,0.0,1.0,0.0,0.0,0.3333333333333333,0.6666666666666667
"G[0,1](((Triglyc >= 46.263 -> WeightKg >= 62.877) -> AlbCreatRat_mggNew <= 66.277) & bmiZscore >= 63.001)
",0.000,9999999.000,9999999.000,1.000,0.000,0,1,0,2,2,1,0,3,0.0,1.0,0.0,0.0,0.3333333333333333,0.6666666666666667
"G[0,2](AlbCreatRat_mggNew >= 4.675 & BUN >= 2.057)
",0.000,9999999.000,9999999.000,1.000,0.000,0,1,0,2,2,1,0,3,0.0,1.0,0.0,0.0,0.3333333333333333,0.6666666666666667
"G[1,2]((Pt_SiblingT1D <= 0.000 & SMBGperDayPtMeterCombo <= 6.218) & bmi <= 6.791)
",0.000,9999999.000,9999999.000,1.000,0.000,0,1,0,2,2,1,0,3,0.0,1.0,0.0,0.0,0.3333333333333333,0.6666666666666667
"G[1,2](GFR <= 0.000 -> bmiZscore <= 0.452)
",0.000,9999999.000,9999999.000,1.000,0.000,0,1,2,0,0,3,2,1,0.0,0.3333333333333333,0.6666666666666666,0.0,0.3333333333333333,0.6666666666666667
"G[0,0](((BGTestAvgNumMeter >= 1.582 -> LDL <= 118.667) | UnitsInsBasalOrLongAct >= 67.887) & diagAgeCombo >= 46.452)
",-1.400,-65.387,-61.887,1.000,0.000,0,1,0,2,2,1,0,3,0.0,1.0,0.0,0.0,0.3333333333333333,0.6666666666666667
"G[1,2](((BldPrDia >= 59.264 | WeightKg <= 67.023) -> Pt_MotherT1D >= 64.871) & bmiZscore <= 66.737)
",0.000,9999999.000,9999999.000,1.000,0.000,0,1,0,2,2,1,0,3,0.0,1.0,0.0,0.0,0.3333333333333333,0.6666666666666667
"G[1,2]((BldPrDia >= 65.741 | TotalDailyInsPerKg <= 0.562) | Pt_A1cGoalLevelDsYr5 >= 0.265)
",0.000,9999999.000,9999999.000,1.000,0.000,0,1,2,0,0,3,2,1,0.0,0.3333333333333333,0.6666666666666666,0.0,0.3333333333333333,0.6666666666666667
"G[1,2]((HbA1c >= 7.930 | WeightKg >= 63.218) & Pt_MotherT1D >= 62.881)
",0.000,9999999.000,9999999.000,1.000,0.000,0,1,0,2,2,1,0,3,0.0,1.0,0.0,0.0,0.3333333333333333,0.6666666666666667
"G[1,1]((BUN <= 15.377 & BGTestAvgNumPtRep >= 1.160) & Pt_MotherT1D <= 7.747)
",0.000,-1.160,-1.160,1.000,0.000,1,0,1,1,2,1,2,1,0.5,0.0,1.0,0.5,0.3333333333333333,0.6666666666666667
"G[0,1](Pt_SHFlg >= 0.028 -> TotalDailyInsPerKg >= 0.344)
",0.000,9999999.000,9999999.000,1.000,0.000,1,0,1,1,2,1,2,1,0.5,0.0,1.0,0.5,0.3333333333333333,0.6666666666666667
"G[0,1]((diagAgeCombo <= 12.000 -> age >= 16.580) & BGTestAvgNumPtRep >= 17.799)
",0.000,9999999.000,9999999.000,1.000,0.000,0,1,0,2,2,1,0,3,0.0,1.0,0.0,0.0,0.3333333333333333,0.6666666666666667
"G[0,2](((age <= 19.286 -> Triglyc >= 72.242) -> age <= 109.400) & SMBGperDayPtMeterCombo >= 22.283)
",0.000,9999999.000,9999999.000,1.000,0.000,0,1,0,2,2,1,0,3,0.0,1.0,0.0,0.0,0.3333333333333333,0.6666666666666667
"G[0,1](((HbA1cImputeDtMnC >= 16.089 & HDL <= 53.239) -> Pt_InsGov >= 43.028) & LDL >= 24.401)
",0.000,9999999.000,9999999.000,1.000,0.000,1,0,1,1,2,1,2,1,0.5,0.0,1.0,0.5,0.3333333333333333,0.6666666666666667
"G[1,2](AlbCreatRat_mggNew >= 2.814 -> UnitsInsBasalOrLongAct >= 5.712)
",0.000,9999999.000,9999999.000,1.000,0.000,0,1,2,0,0,3,2,1,0.0,0.3333333333333333,0.6666666666666666,0.0,0.3333333333333333,0.6666666666666667
"G[1,2](BldPrSys >= 114.409 -> Pt_SHFlg >= 0.270)
",0.000,9999999.000,9999999.000,1.000,0.000,0,1,0,2,2,1,0,3,0.0,1.0,0.0,0.0,0.3333333333333333,0.6666666666666667
"G[1,2]((AlbCreatRat_mggNew <= 5.681 -> HDL <= 49.278) -> LDL <= 59.157)
",0.000,9999999.000,9999999.000,1.000,0.000,0,1,2,0,0,3,2,1,0.0,0.3333333333333333,0.6666666666666666,0.0,0.3333333333333333,0.6666666666666667
"G[0,1](AlbCreatRat_mggNew <= 8.645 -> bmiPerc >= 0.383)
",0.000,9999999.000,9999999.000,1.000,0.000,1,0,1,1,2,1,2,1,0.5,0.0,1.0,0.5,0.3333333333333333,0.6666666666666667
"G[1,2]((NumPumpBolusOrShortAct <= 5.010 -> TotChol <= 150.567) | Pt_InsGov >= 25.468)
",0.000,9999999.000,9999999.000,1.000,0.000,0,1,1,1,1,2,1,2,0.0,0.5,0.5,0.0,0.3333333333333333,0.6666666666666667
"G[0,2]((BldPrDia <= 67.530 -> bmi <= 23.276) | Pt_InsGov >= 21.933)
",0.000,9999999.000,9999999.000,1.000,0.000,0,1,2,0,0,3,2,1,0.0,0.3333333333333333,0.6666666666666666,0.0,0.3333333333333333,0.6666666666666667
"G[0,1](((bmi >= 21.875 & Triglyc >= 62.821) & HeightCm >= 18.826) & UnitsInsBasalOrLongAct >= 26.993)
",0.000,9999999.000,9999999.000,1.000,0.000,0,1,0,2,2,1,0,3,0.0,1.0,0.0,0.0,0.3333333333333333,0.6666666666666667
"G[1,1](((SMBGperDayPtMeterCombo >= 2.945 -> BGTestAvgNumPtRep >= 3.825) -> age <= 6.036) -> Pt_MotherT1D >= 3.736)
",0.000,3.736,3.736,1.000,0.000,1,0,1,1,2,1,2,1,0.5,0.0,1.0,0.5,0.3333333333333333,0.6666666666666667
"G[0,1]((BGTestAvgNumMeter >= 1.491 & BUN >= 0.081) | Pt_SiblingT1D >= 1.205)
",0.000,9999999.000,9999999.000,1.000,0.000,0,1,0,2,2,1,0,3,0.0,1.0,0.0,0.0,0.3333333333333333,0.6666666666666667
"G[1,2]((BldPrSys >= 110.295 -> TotChol >= 52.359) & Pt_InsGov >= 68.285)
",0.000,9999999.000,9999999.000,1.000,0.000,0,1,0,2,2,1,0,3,0.0,1.0,0.0,0.0,0.3333333333333333,0.6666666666666667
"G[0,2](AlbCreatRat_mggNew <= 8.831 -> BldPrDia >= 59.686)
",0.000,9999999.000,9999999.000,1.000,0.000,0,1,2,0,0,3,2,1,0.0,0.3333333333333333,0.6666666666666666,0.0,0.3333333333333333,0.6666666666666667
"G[1,2](HbA1cImputeDtMnC >= 14.748 & HDL >= 23.522)
",0.000,9999999.000,9999999.000,1.000,0.000,0,1,1,1,1,2,1,2,0.0,0.5,0.5,0.0,0.3333333333333333,0.6666666666666667
"G[0,1](((BUN >= 6.618 & Pt_SHFlg <= 0.800) & age >= 0.329) & diagAgeCombo >= 0.277)
",0.000,9999999.000,9999999.000,1.000,0.000,0,1,0,2,2,1,0,3,0.0,1.0,0.0,0.0,0.3333333333333333,0.6666666666666667
"G[0,2]((HbA1c >= 7.900 -> HDL >= 10.203) & Pt_InsGov >= 20.947)
",0.000,9999999.000,9999999.000,1.000,0.000,0,1,0,2,2,1,0,3,0.0,1.0,0.0,0.0,0.3333333333333333,0.6666666666666667
"G[0,1]((diabDur <= 8.627 -> HDL >= 6.443) -> LDL <= 59.063)
",0.000,9999999.000,9999999.000,1.000,0.000,0,1,0,2,2,1,0,3,0.0,1.0,0.0,0.0,0.3333333333333333,0.6666666666666667
"G[0,2]((AlbCreatRat_mggNew <= 11.132 -> SMBGperDayPtMeterCombo <= 7.107) & TSH >= 1.254)
",0.000,9999999.000,9999999.000,1.000,0.000,0,1,1,1,1,2,1,2,0.0,0.5,0.5,0.0,0.3333333333333333,0.6666666666666667
"G[0,2]((WeightKg <= 65.701 -> TotalDailyInsPerKg <= 0.526) & Pt_GrandparentT1D >= 0.329)
",0.000,9999999.000,9999999.000,1.000,0.000,0,1,0,2,2,1,0,3,0.0,1.0,0.0,0.0,0.3333333333333333,0.6666666666666667
"G[0,1](Pt_CGMUseNumDays >= 0.000 & HDL >= 10.556)
",0.000,9999999.000,9999999.000,1.000,0.000,1,0,1,1,2,1,2,1,0.5,0.0,1.0,0.5,0.3333333333333333,0.6666666666666667
"G[1,1](((BUN <= 8.655 | Triglyc >= 54.726) | GFR >= 65.701) & Triglyc >= 14.953)
",0.000,-14.953,-14.953,1.000,0.000,1,0,1,1,2,1,2,1,0.5,0.0,1.0,0.5,0.3333333333333333,0.6666666666666667
"G[0,0](SMBGperDayPtMeterCombo >= 1.757 & BGTestAvgNumPtRep >= 1.524)
",1.000,1.976,-1.524,1.000,0.000,1,0,1,1,2,1,2,1,0.5,0.0,1.0,0.5,0.3333333333333333,0.6666666666666667
"G[0,1]((BldPrDia <= 74.371 & Triglyc >= 12.170) & Pt_SHFlg >= 51.533)
",0.000,9999999.000,9999999.000,1.000,0.000,0,1,0,2,2,1,0,3,0.0,1.0,0.0,0.0,0.3333333333333333,0.6666666666666667
"G[0,2](HeightCm >= 169.606 & Pt_SHFlg = 0.430)
",0.000,9999999.000,9999999.000,1.000,0.000,0,1,0,2,2,1,0,3,0.0,1.0,0.0,0.0,0.3333333333333333,0.6666666666666667
"G[0,2]((bmiZscore >= -0.085 & LDL <= 108.265) | Pt_A1cGoalLev >= 82.287)
",0.000,9999999.000,9999999.000,1.000,0.000,0,1,0,2,2,1,0,3,0.0,1.0,0.0,0.0,0.3333333333333333,0.6666666666666667
"G[1,1]((HDL >= 2.098 & SMBGperDayPtMeterCombo <= 4.193) -> diagAgeCombo <= 6.470)
",0.000,-6.470,-6.470,1.000,0.000,1,0,1,1,2,1,2,1,0.5,0.0,1.0,0.5,0.3333333333333333,0.6666666666666667
"G[1,1]((WeightKg >= 64.368 | bmi >= 22.465) -> UnitsInsBasalOrLongAct <= 21.215)
",0.000,-21.215,-21.215,1.000,0.000,1,0,1,1,2,1,2,1,0.5,0.0,1.0,0.5,0.3333333333333333,0.6666666666666667
"G[0,1](bmiZscore >= -0.173 | TSH <= 1.562)
",0.000,9999999.000,9999999.000,1.000,0.000,1,0,1,1,2,1,2,1,0.5,0.0,1.0,0.5,0.3333333333333333,0.6666666666666667
"G[1,1](SMBGperDayPtMeterCombo >= 2.209 & BGTestAvgNumPtRep >= 1.525)
",0.000,-2.209,-2.209,1.000,0.000,1,0,1,1,2,1,2,1,0.5,0.0,1.0,0.5,0.3333333333333333,0.6666666666666667
"G[1,2](((NumPumpBolusOrShortAct >= 0.258 | Pt_SHFlg >= 0.307) | HDL <= 0.720) | HDL <= 0.356)
",0.000,9999999.000,9999999.000,1.000,0.000,0,1,1,1,1,2,1,2,0.0,0.5,0.5,0.0,0.3333333333333333,0.6666666666666667
"G[0,0]((bmi <= 23.121 -> WeightKg >= 64.628) & diabDur <= 67.448)
",0.000,-23.121,-23.121,1.000,0.000,1,0,1,1,2,1,2,1,0.5,0.0,1.0,0.5,0.3333333333333333,0.6666666666666667
"G[1,1](WeightKg < 67.712 -> Pt_SHFlg = 0.261)
",0.000,-67.712,-67.712,1.000,0.000,0,1,0,2,2,1,0,3,0.0,1.0,0.0,0.0,0.3333333333333333,0.6666666666666667
"G[0,1](SMBGperDayPtMeterCombo >= 1.575 & BGTestAvgNumPtRep >= 1.782)
",0.000,9999999.000,9999999.000,1.000,0.000,1,0,1,1,2,1,2,1,0.5,0.0,1.0,0.5,0.3333333333333333,0.6666666666666667
"G[0,0](SMBGperDayPtMeterCombo >= 3.791 & BGTestAvgNumPtRep >= 2.772)
",1.000,0.728,-2.772,1.000,0.000,1,0,1,1,2,1,2,1,0.5,0.0,1.0,0.5,0.3333333333333333,0.6666666666666667
"G[1,2](SMBGperDayPtMeterCombo >= 2.743 & TotChol <= 150.279)
",0.000,9999999.000,9999999.000,1.000,0.000,0,1,0,2,2,1,0,3,0.0,1.0,0.0,0.0,0.3333333333333333,0.6666666666666667
"G[0,1](GFR <= 0.000 -> BUN >= 1.142)
",0.000,9999999.000,9999999.000,1.000,0.000,0,1,0,2,2,1,0,3,0.0,1.0,0.0,0.0,0.3333333333333333,0.6666666666666667
"G[0,2]((BGTestAvgNumMeter >= 1.134 | Pt_A1cGoalLev >= 0.278) | Pt_GrandparentT1D >= 0.626)
",0.000,9999999.000,9999999.000,1.000,0.000,0,1,0,2,2,1,0,3,0.0,1.0,0.0,0.0,0.3333333333333333,0.6666666666666667
"G[0,2]((BldPrSys >= 114.007 & bmiPerc >= 0.367) & SMBGperDayPtMeterCombo >= 0.383)
",0.000,9999999.000,9999999.000,1.000,0.000,0,1,0,2,2,1,0,3,0.0,1.0,0.0,0.0,0.3333333333333333,0.6666666666666667
"G[1,1]((WeightKg >= 63.586 | bmi >= 22.197) -> UnitsInsBasalOrLongAct <= 21.650)
",0.000,-21.650,-21.650,1.000,0.000,1,0,1,1,2,1,2,1,0.5,0.0,1.0,0.5,0.3333333333333333,0.6666666666666667
"G[0,2](HbA1cImputeDtMnC <= 62.735 -> TSH >= 0.279)
",0.000,9999999.000,9999999.000,1.000,0.000,0,1,1,1,1,2,1,2,0.0,0.5,0.5,0.0,0.3333333333333333,0.6666666666666667
"G[0,1](SMBGperDayPtMeterCombo >= 1.343 & BGTestAvgNumPtRep >= 2.076)
",0.000,9999999.000,9999999.000,1.000,0.000,1,0,1,1,2,1,2,1,0.5,0.0,1.0,0.5,0.3333333333333333,0.6666666666666667
"G[0,1]((diabDur >= 3.340 & HbA1c <= 8.358) & BUN <= 9.231)
",0.000,9999999.000,9999999.000,1.000,0.000,0,1,0,2,2,1,0,3,0.0,1.0,0.0,0.0,0.3333333333333333,0.6666666666666667
"G[0,2](GFR <= 0.000 -> BUN >= 4.546)
",0.000,9999999.000,9999999.000,1.000,0.000,0,1,0,2,2,1,0,3,0.0,1.0,0.0,0.0,0.3333333333333333,0.6666666666666667
"G[1,2]((AlbCreatRat_mggNew >= 5.577 | WeightKg >= 64.068) | Pt_DKAFlg >= 62.824)
",0.000,9999999.000,9999999.000,1.000,0.000,0,1,2,0,0,3,2,1,0.0,0.3333333333333333,0.6666666666666666,0.0,0.3333333333333333,0.6666666666666667
"G[1,2](((HbA1cImputeDtMnC <= 52.028 & TotalDailyInsPerKg <= 0.659) & AlbCreatRat_mggNew >= 0.165) & LDL >= 0.271)
",0.000,9999999.000,9999999.000,1.000,0.000,0,1,0,2,2,1,0,3,0.0,1.0,0.0,0.0,0.3333333333333333,0.6666666666666667
"G[1,2](Pt_CGMUseNumDays < 0.000 & Pt_SHFlg = 0.176)
",0.000,9999999.000,9999999.000,1.000,0.000,0,1,0,2,2,1,0,3,0.0,1.0,0.0,0.0,0.3333333333333333,0.6666666666666667
"G[0,2](TotalDailyInsPerKg > 0.273 -> Pt_SHFlg = 0.170)
",0.000,9999999.000,9999999.000,1.000,0.000,0,1,1,1,1,2,1,2,0.0,0.5,0.5,0.0,0.3333333333333333,0.6666666666666667
"G[1,2]((BGTestAvgNumMeter >= 0.296 & UnitsInsBasalOrLongAct >= 8.419) & Pt_A1cGoalLev <= 23.683)
",0.000,9999999.000,9999999.000,1.000,0.000,0,1,1,1,1,2,1,2,0.0,0.5,0.5,0.0,0.3333333333333333,0.6666666666666667
"G[0,1](Pt_ChildT1D < 0.000 & Pt_SHFlg = 0.144)
",0.000,9999999.000,9999999.000,1.000,0.000,0,1,0,2,2,1,0,3,0.0,1.0,0.0,0.0,0.3333333333333333,0.6666666666666667
"G[0,2](bmiPerc >= 0.076 & HDL <= 48.789)
",0.000,9999999.000,9999999.000,1.000,0.000,0,1,1,1,1,2,1,2,0.0,0.5,0.5,0.0,0.3333333333333333,0.6666666666666667
"G[1,2]((BGTestAvgNumPtRep <= 7.786 & BldPrDia >= 64.195) & Pt_A1cGoalLev <= 68.651)
",0.000,9999999.000,9999999.000,1.000,0.000,0,1,2,0,0,3,2,1,0.0,0.3333333333333333,0.6666666666666666,0.0,0.3333333333333333,0.6666666666666667
"G[1,2](BldPrSys <= 115.413 & Pt_SHFlg = 0.066)
",0.000,9999999.000,9999999.000,1.000,0.000,0,1,0,2,2,1,0,3,0.0,1.0,0.0,0.0,0.3333333333333333,0.6666666666666667
"G[1,1]((bmiZscore <= 0.291 & TotChol <= 169.890) -> UnitsInsBasalOrLongAct >= 136.600)
",0.000,-0.291,-0.291,1.000,0.000,1,0,1,1,2,1,2,1,0.5,0.0,1.0,0.5,0.3333333333333333,0.6666666666666667
"G[0,1](((BGTestAvgNumMeter <= 2.786 & HeightCm <= 169.809) & Pt_GrandparentT1D >= 168.865) & BldPrSys <= 169.770)
",0.000,9999999.000,9999999.000,1.000,0.000,0,1,0,2,2,1,0,3,0.0,1.0,0.0,0.0,0.3333333333333333,0.6666666666666667
"G[0,2](((age <= 21.742 | BldPrDia >= 59.072) -> Pt_ChildT1D >= 65.210) & BldPrDia >= 58.267)
",0.000,9999999.000,9999999.000,1.000,0.000,0,1,0,2,2,1,0,3,0.0,1.0,0.0,0.0,0.3333333333333333,0.6666666666666667
"G[0,2](Pt_A1cGoalLevelDsYr5 <= 0.000 & Pt_SHFlg = 0.452)
",0.000,9999999.000,9999999.000,1.000,0.000,0,1,0,2,2,1,0,3,0.0,1.0,0.0,0.0,0.3333333333333333,0.6666666666666667
"G[0,1](AutonomicNeuroCl > 0.000 & Pt_SHFlg = 0.401)
",0.000,9999999.000,9999999.000,1.000,0.000,0,1,0,2,2,1,0,3,0.0,1.0,0.0,0.0,0.3333333333333333,0.6666666666666667
"G[1,1](GFR <= 0.000 & Pt_SHFlg = 0.084)
",0.000,-0.084,-0.084,1.000,0.000,0,1,0,2,2,1,0,3,0.0,1.0,0.0,0.0,0.3333333333333333,0.6666666666666667
"G[0,1]((WeightKg >= 65.101 | bmi >= 22.006) -> UnitsInsBasalOrLongAct <= 24.419)
",0.000,9999999.000,9999999.000,1.000,0.000,1,0,1,1,2,1,2,1,0.5,0.0,1.0,0.5,0.3333333333333333,0.6666666666666667
"G[1,1](((BUN <= 21.307 & TotalDailyInsPerKg <= 0.410) & Pt_MotherT1D >= 0.322) & DirectLDL >= 0.182)
",0.000,-0.322,-0.322,1.000,0.000,0,1,0,2,2,1,0,3,0.0,1.0,0.0,0.0,0.3333333333333333,0.6666666666666667
"G[1,2](SMBGperDayPtMeterCombo >= 0.551 & BGTestAvgNumPtRep >= 1.356)
",0.000,9999999.000,9999999.000,1.000,0.000,0,0,2,1,1,2,2,1,0.0,0.0,1.0,0.0,0.0,1.0
"G[2,2](SMBGperDayPtMeterCombo <= 5.461 & DirectLDL <= 0.000)
",0.000,0.000,0.000,1.000,0.000,0,0,3,0,0,3,3,0,0.0,0.0,1.0,0.0,0.0,1.0
"G[1,2](((BUN >= 0.917 -> Pt_DKAFlg >= 0.000) | diabDur >= 0.000) | HDL <= 0.000)
",0.000,9999999.000,9999999.000,1.000,0.000,0,0,3,0,0,3,3,0,0.0,0.0,1.0,0.0,0.0,1.0
"G[2,2]((BldPrDia <= 72.316 | Pt_InsGov >= 0.000) & Pt_ChildT1D <= 0.000)
",0.000,0.000,0.000,1.000,0.000,0,0,3,0,0,3,3,0,0.0,0.0,1.0,0.0,0.0,1.0
"G[1,2](GFR <= 0.000 -> BUN >= 0.769)
",0.000,9999999.000,9999999.000,1.000,0.000,0,0,1,2,2,1,1,2,0.0,0.0,1.0,0.0,0.0,1.0
"G[2,2](age < 20.648 -> Pt_SHFlg = 0.502)
",0.000,-20.648,-20.648,1.000,0.000,0,0,3,0,0,3,3,0,0.0,0.0,1.0,0.0,0.0,1.0
"G[1,2](((diabDur >= 6.114 | diabDur >= 5.542) | BldPrSys >= 4.545) -> Triglyc >= 6.185)
",0.000,9999999.000,9999999.000,1.000,0.000,0,0,2,1,1,2,2,1,0.0,0.0,1.0,0.0,0.0,1.0
"G[2,2](Triglyc <= 115.593 | HbA1cImputeDtMnC <= 72.165)
",0.000,115.593,115.593,1.000,0.000,0,0,3,0,0,3,3,0,0.0,0.0,1.0,0.0,0.0,1.0
"G[2,2](GFR <= 0.000 -> BUN >= 3.289)
",0.000,0.000,0.000,1.000,0.000,0,0,3,0,0,3,3,0,0.0,0.0,1.0,0.0,0.0,1.0
"G[1,2]((WeightKg >= 64.793 | bmi >= 22.499) -> UnitsInsBasalOrLongAct <= 24.901)
",0.000,9999999.000,9999999.000,1.000,0.000,0,0,2,1,1,2,2,1,0.0,0.0,1.0,0.0,0.0,1.0
"G[1,2](Pt_FatherT1D <= 0.000 & Pt_InsGov <= 0.000)
",0.000,9999999.000,9999999.000,1.000,0.000,0,0,3,0,0,3,3,0,0.0,0.0,1.0,0.0,0.0,1.0
"G[1,2]((Pt_FatherT1D >= 0.000 -> bmi >= 22.516) -> BGTestAvgNumPtRep <= 22.841)
",0.000,9999999.000,9999999.000,1.000,0.000,0,0,3,0,0,3,3,0,0.0,0.0,1.0,0.0,0.0,1.0
"G[1,2](GFR <= 0.000 -> BUN >= 7.941)
",0.000,9999999.000,9999999.000,1.000,0.000,0,0,1,2,2,1,1,2,0.0,0.0,1.0,0.0,0.0,1.0
"G[1,2](((bmiPerc >= 0.378 -> AutonomicNeuroCl >= 0.000) | TotalDailyInsPerKg <= 0.000) & LDL >= 0.000)
",0.000,9999999.000,9999999.000,1.000,0.000,0,0,3,0,0,3,3,0,0.0,0.0,1.0,0.0,0.0,1.0
"G[0,2](((Pt_CGMUseNumDays >= 0.000 & BGTestAvgNumMeter <= 6.004) & Pt_ChildT1D <= 3.379) | DirectLDL <= 4.101)
",0.000,9999999.000,9999999.000,1.000,0.000,0,0,3,0,0,3,3,0,0.0,0.0,1.0,0.0,0.0,1.0
"G[0,2](LDL <= 109.174 | BldPrSys <= 117.360)
",0.000,9999999.000,9999999.000,1.000,0.000,0,0,3,0,0,3,3,0,0.0,0.0,1.0,0.0,0.0,1.0
"G[1,2]((Pt_SHFlg >= 0.259 & Pt_SiblingT1D >= 0.000) -> BGTestAvgNumMeter >= 0.000)
",0.000,9999999.000,9999999.000,1.000,0.000,0,0,3,0,0,3,3,0,0.0,0.0,1.0,0.0,0.0,1.0
"G[1,2](HeightCm <= 169.957 & HDL <= 56.311)
",0.000,9999999.000,9999999.000,1.000,0.000,0,0,2,1,1,2,2,1,0.0,0.0,1.0,0.0,0.0,1.0
"G[2,2]((WeightKg >= 62.725 | bmi >= 22.118) -> UnitsInsBasalOrLongAct <= 24.770)
",0.000,-24.770,-24.770,1.000,0.000,0,0,3,0,0,3,3,0,0.0,0.0,1.0,0.0,0.0,1.0
"G[1,2](((diabDur <= 8.744 & bmi >= 21.608) -> diagAgeCombo >= 21.717) -> Pt_GrandchildT1D >= 22.446)
",0.000,9999999.000,9999999.000,1.000,0.000,0,0,2,1,1,2,2,1,0.0,0.0,1.0,0.0,0.0,1.0
"G[2,2](SMBGperDayPtMeterCombo >= 0.579 & BGTestAvgNumPtRep >= 3.866)
",0.000,-3.866,-3.866,1.000,0.000,0,0,3,0,0,3,3,0,0.0,0.0,1.0,0.0,0.0,1.0
"G[2,2](((bmiZscore >= -0.308 | Pt_MotherT1D >= 0.000) | Pt_SHFlg >= 0.000) | diabDur <= 0.000)
",0.000,0.308,0.308,1.000,0.000,0,0,3,0,0,3,3,0,0.0,0.0,1.0,0.0,0.0,1.0
"G[1,1](GFR <= 0.000 -> BUN >= 6.405)
",0.000,0.000,0.000,1.000,0.000,0,0,1,2,2,1,1,2,0.0,0.0,1.0,0.0,0.0,1.0
"G[1,2]((HeightCm <= 170.110 | HbA1c >= 7.853) -> AlbCreatRat_mggNew <= 8.922)
",0.000,9999999.000,9999999.000,1.000,0.000,0,0,2,1,1,2,2,1,0.0,0.0,1.0,0.0,0.0,1.0
"G[1,2]((AlbCreatRat_mggNew <= 8.211 -> Triglyc <= 129.339) | Pt_GrandparentT1D <= 129.505)
",0.000,9999999.000,9999999.000,1.000,0.000,0,0,3,0,0,3,3,0,0.0,0.0,1.0,0.0,0.0,1.0
"G[2,2]((BldPrSys >= 113.765 & AlbCreatRat_mggNew <= 11.122) & BldPrDia >= 0.593)
",0.000,-113.765,-113.765,1.000,0.000,0,0,3,0,0,3,3,0,0.0,0.0,1.0,0.0,0.0,1.0
"G[0,2](SMBGperDayPtMeterCombo >= 0.634 & BGTestAvgNumPtRep >= 2.011)
",0.000,9999999.000,9999999.000,1.000,0.000,0,0,2,1,1,2,2,1,0.0,0.0,1.0,0.0,0.0,1.0
"G[1,2](GFR <= 0.000 -> BUN >= 0.893)
",0.000,9999999.000,9999999.000,1.000,0.000,0,0,1,2,2,1,1,2,0.0,0.0,1.0,0.0,0.0,1.0
"G[1,2](((Pt_MotherT1D <= 0.000 -> Triglyc <= 91.215) -> bmiZscore >= 14.307) -> BGTestAvgNumMeter <= 146.967)
",0.000,9999999.000,9999999.000,1.000,0.000,0,0,3,0,0,3,3,0,0.0,0.0,1.0,0.0,0.0,1.0
"G[1,2]((WeightKg >= 62.631 | bmi >= 21.750) -> UnitsInsBasalOrLongAct <= 18.156)
",0.000,9999999.000,9999999.000,1.000,0.000,0,0,1,2,2,1,1,2,0.0,0.0,1.0,0.0,0.0,1.0
"G[2,2](((TotChol >= 64.023 | GFR >= 0.000) -> Pt_InsGov <= 0.000) & Triglyc >= 0.000)
",0.000,0.000,0.000,1.000,0.000,0,0,3,0,0,3,3,0,0.0,0.0,1.0,0.0,0.0,1.0
"G[0,2](SMBGperDayPtMeterCombo >= 0.613 & BGTestAvgNumPtRep >= 0.126)
",0.000,9999999.000,9999999.000,1.000,0.000,0,0,2,1,1,2,2,1,0.0,0.0,1.0,0.0,0.0,1.0
"G[1,2]((WeightKg >= 64.158 | bmi >= 22.173) -> UnitsInsBasalOrLongAct <= 20.706)
",0.000,9999999.000,9999999.000,1.000,0.000,0,0,2,1,1,2,2,1,0.0,0.0,1.0,0.0,0.0,1.0
"G[1,2](SMBGperDayPtMeterCombo >= 0.287 & BGTestAvgNumPtRep >= 0.149)
",0.000,9999999.000,9999999.000,1.000,0.000,0,0,2,1,1,2,2,1,0.0,0.0,1.0,0.0,0.0,1.0
"G[1,2](GFR <= 0.000 -> BUN >= 4.927)
",0.000,9999999.000,9999999.000,1.000,0.000,0,0,1,2,2,1,1,2,0.0,0.0,1.0,0.0,0.0,1.0
"G[0,2]((WeightKg >= 63.780 | bmi >= 21.933) -> UnitsInsBasalOrLongAct <= 21.067)
",0.000,9999999.000,9999999.000,1.000,0.000,0,0,2,1,1,2,2,1,0.0,0.0,1.0,0.0,0.0,1.0
"G[2,2]((AlbCreatRat_mggNew <= 11.061 -> WeightKg >= 63.286) & diabDur >= 65.300)
",0.000,-65.300,-65.300,1.000,0.000,0,0,3,0,0,3,3,0,0.0,0.0,1.0,0.0,0.0,1.0
"G[2,2]((BldPrSys >= 111.624 | Pt_InsGov >= 0.000) & Pt_SiblingT1D >= 0.000)
",0.000,0.000,0.000,1.000,0.000,0,0,3,0,0,3,3,0,0.0,0.0,1.0,0.0,0.0,1.0
"G[2,2]((age <= 19.827 | LDL >= 27.374) | UnitsInsBasalOrLongAct >= 71.258)
",0.000,19.827,19.827,1.000,0.000,0,0,3,0,0,3,3,0,0.0,0.0,1.0,0.0,0.0,1.0
"G[0,2](((Pt_CGMUseNumDays <= 0.000 & Pt_DKAFlg >= 0.000) & HbA1cImputeDtMnC >= 0.000) -> Pt_FatherT1D <= 0.000)
",0.000,9999999.000,9999999.000,1.000,0.000,0,0,3,0,0,3,3,0,0.0,0.0,1.0,0.0,0.0,1.0
"G[1,2]((WeightKg >= 63.540 | bmi >= 21.681) -> UnitsInsBasalOrLongAct <= 23.515)
",0.000,9999999.000,9999999.000,1.000,0.000,0,0,2,1,1,2,2,1,0.0,0.0,1.0,0.0,0.0,1.0
"G[0,2](((HbA1c <= 9.280 -> BldPrDia <= 74.387) | BGTestAvgNumMeter >= 58.921) & Pt_SHFlg <= 74.602)
",0.000,9999999.000,9999999.000,1.000,0.000,0,0,2,1,1,2,2,1,0.0,0.0,1.0,0.0,0.0,1.0
"G[1,2]((Pt_A1cGoalLev >= 0.473 & Pt_A1cGoalLevelDsYr5 >= 0.000) -> GFR <= 0.000)
",0.000,9999999.000,9999999.000,1.000,0.000,0,0,3,0,0,3,3,0,0.0,0.0,1.0,0.0,0.0,1.0
"G[0,2](((age <= 20.365 & bmiZscore >= -0.148) & bmiZscore >= -0.248) -> Pt_A1cGoalLev >= -0.512)
",0.000,9999999.000,9999999.000,1.000,0.000,0,0,3,0,0,3,3,0,0.0,0.0,1.0,0.0,0.0,1.0
"G[2,2]((UnitsInsBasalOrLongAct <= 17.006 & TotalDailyInsPerKg >= 0.245) | WeightKg <= 0.695)
",0.000,0.695,0.695,1.000,0.000,0,0,3,0,0,3,3,0,0.0,0.0,1.0,0.0,0.0,1.0
"G[0,2]((BGTestAvgNumPtRep <= 7.151 | Pt_DKAFlg >= 0.000) | Pt_CGMUseNumDays <= 0.000)
",0.000,9999999.000,9999999.000,1.000,0.000,0,0,3,0,0,3,3,0,0.0,0.0,1.0,0.0,0.0,1.0
"G[0,2]((Pt_CGMUseNumDays >= 0.000 -> Pt_CGMUseNumDays >= 0.000) -> Pt_DKAFlg >= 0.000)
",0.000,9999999.000,9999999.000,1.000,0.000,0,0,3,0,0,3,3,0,0.0,0.0,1.0,0.0,0.0,1.0
"G[1,2](Pt_MotherT1D < 0.000 -> Pt_SHFlg = 0.355)
",0.000,9999999.000,9999999.000,1.000,0.000,0,0,3,0,0,3,3,0,0.0,0.0,1.0,0.0,0.0,1.0
"G[2,2](((LDL >= 38.803 & SMBGperDayPtMeterCombo <= 4.916) -> bmi <= 5.425) -> TotalDailyInsPerKg <= 5.805)
",0.000,-5.805,-5.805,1.000,0.000,0,0,3,0,0,3,3,0,0.0,0.0,1.0,0.0,0.0,1.0
"G[1,2]((BGTestAvgNumPtRep >= 2.597 | BUN >= 3.755) & Pt_SiblingT1D <= 13.093)
",0.000,9999999.000,9999999.000,1.000,0.000,0,0,2,1,1,2,2,1,0.0,0.0,1.0,0.0,0.0,1.0
"G[0,2](((HbA1cImputeDtMnC >= 8.549 & Triglyc >= 62.493) -> Pt_A1cGoalLev <= 163.640) | LDL >= 19.817)
",0.000,9999999.000,9999999.000,1.000,0.000,0,0,3,0,0,3,3,0,0.0,0.0,1.0,0.0,0.0,1.0
"G[1,2](age <= 21.966 -> BldPrSys <= 119.696)
",0.000,9999999.000,9999999.000,1.000,0.000,0,0,3,0,0,3,3,0,0.0,0.0,1.0,0.0,0.0,1.0
"G[1,2]((BldPrDia >= 64.979 | LDL <= 96.632) | Pt_InsGov <= 93.613)
",0.000,9999999.000,9999999.000,1.000,0.000,0,0,3,0,0,3,3,0,0.0,0.0,1.0,0.0,0.0,1.0
"G[1,2](BUN >= 0.122 & SMBGperDayPtMeterCombo >= 3.432)
",0.000,9999999.000,9999999.000,1.000,0.000,0,0,1,2,2,1,1,2,0.0,0.0,1.0,0.0,0.0,1.0
"G[2,2]((BldPrSys <= 116.235 -> BUN >= 4.039) | Pt_SiblingT1D >= 4.159)
",0.000,-4.159,-4.159,1.000,0.000,0,0,3,0,0,3,3,0,0.0,0.0,1.0,0.0,0.0,1.0
"G[1,2](((SMBGperDayPtMeterCombo <= 5.394 & TotalDailyInsPerKg <= 0.434) | diabDur <= 0.401) | Pt_MotherT1D <= 0.479)
",0.000,9999999.000,9999999.000,1.000,0.000,0,0,3,0,0,3,3,0,0.0,0.0,1.0,0.0,0.0,1.0
"G[2,2](bmi >= 21.586 & TotChol >= 33.738)
",0.000,-33.738,-33.738,1.000,0.000,0,0,3,0,0,3,3,0,0.0,0.0,1.0,0.0,0.0,1.0
"G[0,2](((bmiZscore <= 0.512 -> WeightKg <= 67.368) | TotChol <= 67.465) | BldPrSys >= 64.002)
",0.000,9999999.000,9999999.000,1.000,0.000,0,0,3,0,0,3,3,0,0.0,0.0,1.0,0.0,0.0,1.0
"G[1,2](NumPumpBolusOrShortAct >= 0.078 -> UnitsInsBasalOrLongAct >= 14.233)
",0.000,9999999.000,9999999.000,1.000,0.000,0,0,3,0,0,3,3,0,0.0,0.0,1.0,0.0,0.0,1.0
"G[0,2](BldPrDia >= 61.378 | Pt_SHFlg <= 0.627)
",0.000,9999999.000,9999999.000,1.000,0.000,0,0,3,0,0,3,3,0,0.0,0.0,1.0,0.0,0.0,1.0
"G[1,2](((HbA1cImputeDtMnC >= 9.837 & Pt_SHFlg <= 0.572) | Pt_DKAFlg <= 0.556) | SMBGperDayPtMeterCombo <= 0.714)
",0.000,9999999.000,9999999.000,1.000,0.000,0,0,3,0,0,3,3,0,0.0,0.0,1.0,0.0,0.0,1.0
"G[1,2]((age <= 21.117 | Pt_SHFlg <= 0.426) & BUN >= 0.177)
",0.000,9999999.000,9999999.000,1.000,0.000,0,0,1,2,2,1,1,2,0.0,0.0,1.0,0.0,0.0,1.0
"G[2,2](NumPumpBolusOrShortAct <= 2.536 & SMBGperDayPtMeterCombo >= 0.259)
",0.000,-0.259,-0.259,1.000,0.000,0,0,3,0,0,3,3,0,0.0,0.0,1.0,0.0,0.0,1.0
"G[0,0](BldPrDia <= 68.235 & HDL >= 28.523)
",-2.500,-45.765,-40.765,1.000,0.000,0,0,1,2,2,1,1,2,0.0,0.0,1.0,0.0,0.0,1.0
"G[2,2](((LDL >= 18.138 & TotalDailyInsPerKg >= 0.149) | Pt_SiblingT1D <= 0.555) -> AlbCreatRat_mggNew <= 0.468)
",0.000,-0.555,-0.555,1.000,0.000,0,0,3,0,0,3,3,0,0.0,0.0,1.0,0.0,0.0,1.0
"G[2,2](BldPrDia >= 63.589 | BldPrSys <= 120.579)
",0.000,120.579,120.579,1.000,0.000,0,0,3,0,0,3,3,0,0.0,0.0,1.0,0.0,0.0,1.0
"G[0,2]((age <= 20.714 & SMBGperDayPtMeterCombo >= 2.900) -> bmiPerc <= 4.068)
",0.000,9999999.000,9999999.000,1.000,0.000,0,0,3,0,0,3,3,0,0.0,0.0,1.0,0.0,0.0,1.0
"G[0,2]((BGTestAvgNumPtRep <= 6.883 -> Pt_A1cGoalLev >= 0.190) | Pt_FatherT1D <= 2.187)
",0.000,9999999.000,9999999.000,1.000,0.000,0,0,3,0,0,3,3,0,0.0,0.0,1.0,0.0,0.0,1.0
"G[1,2](((HbA1cImputeDtMnC <= 50.876 | Pt_A1cGoalLev <= 5.508) -> TotChol <= 2.183) | HeightCm >= 1.062)
",0.000,9999999.000,9999999.000,1.000,0.000,0,0,3,0,0,3,3,0,0.0,0.0,1.0,0.0,0.0,1.0
"G[0,2](((AlbCreatRat_mggNew >= 3.052 & LDL >= 17.084) & HeightCm >= 36.201) -> AutonomicNeuroCl <= 121.416)
",0.000,9999999.000,9999999.000,1.000,0.000,0,0,3,0,0,3,3,0,0.0,0.0,1.0,0.0,0.0,1.0
"G[1,2](((diabDur >= 4.989 & LDL >= 19.367) & HbA1cImputeDtMnC <= 94.990) -> Pt_SiblingT1D >= 35.558)
",0.000,9999999.000,9999999.000,1.000,0.000,0,0,2,1,1,2,2,1,0.0,0.0,1.0,0.0,0.0,1.0
"G[2,2](diabDur <= 6.818 & Pt_SHFlg >= 0.181)
",0.000,-0.181,-0.181,1.000,0.000,0,0,3,0,0,3,3,0,0.0,0.0,1.0,0.0,0.0,1.0
"G[2,2](NumPumpBolusOrShortAct >= 0.633 | WeightKg >= 65.227)
",0.000,-0.633,-0.633,1.000,0.000,0,0,3,0,0,3,3,0,0.0,0.0,1.0,0.0,0.0,1.0
"G[1,2]((HeightCm >= 169.550 -> SMBGperDayPtMeterCombo <= 5.069) -> Pt_GrandparentT1D <= 6.820)
",0.000,9999999.000,9999999.000,1.000,0.000,0,0,3,0,0,3,3,0,0.0,0.0,1.0,0.0,0.0,1.0
"G[1,2](BldPrSys >= 113.384 | TSH <= 1.318)
",0.000,9999999.000,9999999.000,1.000,0.000,0,0,3,0,0,3,3,0,0.0,0.0,1.0,0.0,0.0,1.0
"G[0,2]((diabDur <= 7.684 | TotChol <= 181.954) | BUN >= 148.156)
",0.000,9999999.000,9999999.000,1.000,0.000,0,0,2,1,1,2,2,1,0.0,0.0,1.0,0.0,0.0,1.0
"G[2,2]((NumPumpBolusOrShortAct >= 0.250 | Triglyc >= 80.119) -> Pt_A1cGoalLevelDsYr5 <= 152.331)
",0.000,-152.331,-152.331,1.000,0.000,0,0,3,0,0,3,3,0,0.0,0.0,1.0,0.0,0.0,1.0
"G[0,2](((BldPrSys <= 118.589 & NumPumpBolusOrShortAct >= 0.782) & SMBGperDayPtMeterCombo <= 3.550) -> BUN <= 2.539)
",0.000,9999999.000,9999999.000,1.000,0.000,0,0,3,0,0,3,3,0,0.0,0.0,1.0,0.0,0.0,1.0
"G[1,2](Pt_GrandparentT1D >= 0.000 & AlbCreatRat_mggNew <= 8.382)
",0.000,9999999.000,9999999.000,1.000,0.000,0,0,2,1,1,2,2,1,0.0,0.0,1.0,0.0,0.0,1.0
"G[1,2]((BldPrSys <= 121.685 | Pt_A1cGoalLev <= 3.538) & Pt_SiblingT1D <= 1.305)
",0.000,9999999.000,9999999.000,1.000,0.000,0,0,3,0,0,3,3,0,0.0,0.0,1.0,0.0,0.0,1.0
"G[1,2](Pt_InsGov >= 0.000 & bmiZscore >= -0.297)
",0.000,9999999.000,9999999.000,1.000,0.000,0,0,1,2,2,1,1,2,0.0,0.0,1.0,0.0,0.0,1.0
"G[1,2](((bmiZscore <= 0.737 -> GFR >= 0.000) -> Pt_A1cGoalLevelDsYr5 <= 0.000) -> Pt_DKAFlg >= 0.000)
",0.000,9999999.000,9999999.000,1.000,0.000,0,0,3,0,0,3,3,0,0.0,0.0,1.0,0.0,0.0,1.0
"G[1,2](Pt_SiblingT1D < 0.000 -> Pt_SHFlg = 0.524)
",0.000,9999999.000,9999999.000,1.000,0.000,0,0,3,0,0,3,3,0,0.0,0.0,1.0,0.0,0.0,1.0
"G[1,2](((TSH >= 0.160 | NumPumpBolusOrShortAct <= 3.773) | BGTestAvgNumPtRep >= 0.099) | age <= 3.955)
",0.000,9999999.000,9999999.000,1.000,0.000,0,0,3,0,0,3,3,0,0.0,0.0,1.0,0.0,0.0,1.0
"G[2,2](Pt_GrandparentT1D <= 0.000 & Pt_SHFlg = 0.734)
",0.000,-0.734,-0.734,1.000,0.000,0,0,3,0,0,3,3,0,0.0,0.0,1.0,0.0,0.0,1.0
"G[1,2]((Pt_GrandparentT1D >= 0.000 | BUN >= 0.625) | HbA1cImputeDtMnC <= 20.373)
",0.000,9999999.000,9999999.000,1.000,0.000,0,0,3,0,0,3,3,0,0.0,0.0,1.0,0.0,0.0,1.0
"G[0,2](((BGTestAvgNumPtRep <= 5.757 -> BldPrSys >= 111.200) | Triglyc >= 110.422) & diabDur <= 119.597)
",0.000,9999999.000,9999999.000,1.000,0.000,0,0,3,0,0,3,3,0,0.0,0.0,1.0,0.0,0.0,1.0
"G[0,2](AlbCreatRat_mggNew >= 5.182 -> diabDur <= 7.481)
",0.000,9999999.000,9999999.000,1.000,0.000,0,0,1,2,2,1,1,2,0.0,0.0,1.0,0.0,0.0,1.0
"G[0,2](((BUN >= 4.473 -> diabDur <= 8.389) | TSH <= 7.738) | Pt_GrandparentT1D <= 8.048)
",0.000,9999999.000,9999999.000,1.000,0.000,0,0,3,0,0,3,3,0,0.0,0.0,1.0,0.0,0.0,1.0
"G[1,2](((bmiZscore >= -0.286 | diabDur <= 8.973) -> bmiZscore <= 7.545) & BldPrSys >= 4.849)
",0.000,9999999.000,9999999.000,1.000,0.000,0,0,3,0,0,3,3,0,0.0,0.0,1.0,0.0,0.0,1.0
"G[1,2](((HbA1cImputeDtMnC >= 36.119 & UnitsInsBasalOrLongAct <= 20.475) | age >= 1.691) -> Pt_A1cGoalLev >= 6.442)
",0.000,9999999.000,9999999.000,1.000,0.000,0,0,1,2,2,1,1,2,0.0,0.0,1.0,0.0,0.0,1.0
"G[1,2]((AlbCreatRat_mggNew <= 8.207 & NumPumpBolusOrShortAct <= 2.538) & AlbCreatRat_mggNew >= 0.867)
",0.000,9999999.000,9999999.000,1.000,0.000,0,0,1,2,2,1,1,2,0.0,0.0,1.0,0.0,0.0,1.0
"G[1,2](((HDL <= 61.857 | TotChol >= 146.841) -> age <= 159.557) & BldPrDia <= 172.976)
",0.000,9999999.000,9999999.000,1.000,0.000,0,0,3,0,0,3,3,0,0.0,0.0,1.0,0.0,0.0,1.0
"G[1,2](HeightCm >= 168.920 -> UnitsInsBasalOrLongAct >= 12.304)
",0.000,9999999.000,9999999.000,1.000,0.000,0,0,3,0,0,3,3,0,0.0,0.0,1.0,0.0,0.0,1.0
"G[1,2](((bmi >= 22.577 & HbA1c >= 7.822) -> Pt_SiblingT1D <= 8.518) & TotalDailyInsPerKg <= 8.562)
",0.000,9999999.000,9999999.000,1.000,0.000,0,0,3,0,0,3,3,0,0.0,0.0,1.0,0.0,0.0,1.0
"G[2,2](((HbA1cImputeDtMnC <= 66.197 | HeightCm <= 169.804) | diabDur >= 169.482) -> bmiZscore <= 170.325)
",0.000,-170.325,-170.325,1.000,0.000,0,0,3,0,0,3,3,0,0.0,0.0,1.0,0.0,0.0,1.0
"G[0,0]((BUN >= 4.112 | TSH >= 0.005) -> HbA1c <= 2.029)
",-0.561,-99.888,-62.888,1.000,0.000,0,0,1,2,2,1,1,2,0.0,0.0,1.0,0.0,0.0,1.0
"G[0,2](((HeightCm >= 169.472 -> LDL >= 88.453) & bmiZscore >= 11.388) -> Triglyc >= 26.711)
",0.000,9999999.000,9999999.000,1.000,0.000,0,0,3,0,0,3,3,0,0.0,0.0,1.0,0.0,0.0,1.0
"G[1,2](((age <= 21.184 | bmiPerc >= 0.281) -> Pt_CGMUseNumDays >= 0.010) -> age <= 0.652)
",0.000,9999999.000,9999999.000,1.000,0.000,0,0,2,1,1,2,2,1,0.0,0.0,1.0,0.0,0.0,1.0
"G[2,2](((BGTestAvgNumMeter <= 6.514 -> Triglyc <= 136.882) | Pt_ChildT1D >= 6.495) -> bmiPerc >= 48.710)
",0.000,6.495,6.495,1.000,0.000,0,0,3,0,0,3,3,0,0.0,0.0,1.0,0.0,0.0,1.0
"G[0,1]((BUN <= 19.545 & HbA1cImputeDtMnC >= 11.182) -> HeightCm <= 58.370)
",0.000,9999999.000,9999999.000,1.000,0.000,0,0,1,2,2,1,1,2,0.0,0.0,1.0,0.0,0.0,1.0
"G[2,2]((BldPrDia <= 73.219 -> TotChol >= 5.570) | Pt_SiblingT1D <= 152.462)
",0.000,152.462,152.462,1.000,0.000,0,0,3,0,0,3,3,0,0.0,0.0,1.0,0.0,0.0,1.0
"G[1,2](((BGTestAvgNumMeter <= 2.573 & TSH >= 0.264) -> bmiPerc >= 0.821) & AutonomicNeuroCl <= 2.433)
",0.000,9999999.000,9999999.000,1.000,0.000,0,0,3,0,0,3,3,0,0.0,0.0,1.0,0.0,0.0,1.0
"G[1,2]((bmiPerc >= 0.387 -> UnitsInsBasalOrLongAct >= 9.515) -> BGTestAvgNumMeter <= 24.217)
",0.000,9999999.000,9999999.000,1.000,0.000,0,0,3,0,0,3,3,0,0.0,0.0,1.0,0.0,0.0,1.0
"G[2,2](((bmiPerc <= 0.594 & Pt_SHFlg <= 0.818) & Pt_A1cGoalLev >= 0.228) & Pt_DKAFlg <= 0.723)
",0.000,-0.228,-0.228,1.000,0.000,0,0,3,0,0,3,3,0,0.0,0.0,1.0,0.0,0.0,1.0
"G[2,2]((HbA1c >= 7.987 -> NumPumpBolusOrShortAct <= 2.941) -> LDL <= 3.541)
",0.000,-3.541,-3.541,1.000,0.000,0,0,3,0,0,3,3,0,0.0,0.0,1.0,0.0,0.0,1.0
"G[1,2](((BGTestAvgNumPtRep <= 7.031 & UnitsInsBasalOrLongAct <= 16.059) & HDL >= 11.016) | Pt_A1cGoalLev <= 17.805)
",0.000,9999999.000,9999999.000,1.000,0.000,0,0,3,0,0,3,3,0,0.0,0.0,1.0,0.0,0.0,1.0
"G[1,2]((NumPumpBolusOrShortAct <= 5.097 | NumPumpBolusOrShortAct >= 1.088) & Pt_GrandchildT1D <= 4.522)
",0.000,9999999.000,9999999.000,1.000,0.000,0,0,3,0,0,3,3,0,0.0,0.0,1.0,0.0,0.0,1.0
