Rule,Discrimination Score,Pos Robustness,Neg Robustness,Percent Class +,Percent Class -,TP,TN,FP,FN,Actual Yes,Actual No,Predicted Yes,Predicted No,TPR/Sens,TNR/Spec,FPR,Precision,Accuracy,MCR
"F[0,0](GFR <= 80.871 & HDL <= 41.147)
",-1.940,-69.853,0.000,0.000,1.000,3,0,0,0,3,0,3,0,1.0,0,0,1.0,1.0,0.0
"F[0,1](Pt_A1cGoalLevelDsYr5 > 0.000 & Pt_SHFlg = 0.118)
",-9999999.000,-9999999.000,0.000,0.000,1.000,3,0,0,0,3,0,3,0,1.0,0,0,1.0,1.0,0.0
"F[1,1](BGTestAvgNumPtRep >= 0.661 & BldPrDia >= 74.887)
",-74.887,-74.887,0.000,0.000,1.000,3,0,0,0,3,0,3,0,1.0,0,0,1.0,1.0,0.0
"F[0,1]((Pt_CGMUseNumDays >= 0.362 & UnitsInsBasalOrLongAct <= 48.772) | bmiPerc >= 23.009)
",-9999999.000,-9999999.000,0.000,0.000,1.000,3,0,0,0,3,0,3,0,1.0,0,0,1.0,1.0,0.0
"((WeightKg <= 106.267) U[0,1] (Pt_SHFlg = 0.335))
",-9999999.000,-9999999.000,0.000,0.000,1.000,3,0,0,0,3,0,3,0,1.0,0,0,1.0,1.0,0.0
"F[1,1](((BGTestAvgNumPtRep <= 2.498 | HbA1c >= 7.796) -> Pt_A1cGoalLev <= 10.565) -> DirectLDL >= 7.845)
",7.845,7.845,0.000,0.000,1.000,3,0,0,0,3,0,3,0,1.0,0,0,1.0,1.0,0.0
"((BUN < 16.672) U[1,1] (Pt_SHFlg = 0.111))
",16.672,16.672,0.000,0.000,1.000,3,0,0,0,3,0,3,0,1.0,0,0,1.0,1.0,0.0
"F[0,0](Pt_SiblingT1D >= 0.000 -> Pt_SHFlg = 0.252)
",0.000,0.000,0.000,0.000,1.000,3,0,0,0,3,0,3,0,1.0,0,0,1.0,1.0,0.0
"F[1,1](Pt_GrandparentT1D >= 0.000 -> Pt_SHFlg = 0.650)
",0.000,0.000,0.000,0.000,1.000,3,0,0,0,3,0,3,0,1.0,0,0,1.0,1.0,0.0
"((DirectLDL > 0.000) U[0,1] (Pt_SHFlg = 0.092))
",-9999999.000,-9999999.000,0.000,0.000,1.000,3,0,0,0,3,0,3,0,1.0,0,0,1.0,1.0,0.0
"F[0,1](Pt_DKAFlg >= 0.000 & Pt_SHFlg = 0.120)
",-9999999.000,-9999999.000,0.000,0.000,1.000,3,0,0,0,3,0,3,0,1.0,0,0,1.0,1.0,0.0
"F[0,0](bmiPerc <= 0.000 & Pt_SHFlg = 0.053)
",-5.956,-67.515,0.000,0.000,1.000,3,0,0,0,3,0,3,0,1.0,0,0,1.0,1.0,0.0
"((Pt_A1cGoalLev <= 0.000) U[0,0] (Pt_SHFlg = 0.091))
",-1.000,-1.000,0.000,0.000,1.000,3,0,0,0,3,0,3,0,1.0,0,0,1.0,1.0,0.0
"F[0,1](((age <= 35.225 -> HbA1cImputeDtMnC <= 77.913) & BGTestAvgNumPtRep >= 8.716) & Pt_A1cGoalLev >= 25.652)
",-9999999.000,-9999999.000,0.000,0.000,1.000,3,0,0,0,3,0,3,0,1.0,0,0,1.0,1.0,0.0
"F[0,0](HbA1cImputeDtMnC <= 51.074 & Pt_SHFlg = 0.113)
",-5.950,-67.456,0.000,0.000,1.000,3,0,0,0,3,0,3,0,1.0,0,0,1.0,1.0,0.0
"F[1,1](((HDL <= 47.900 | WeightKg >= 72.374) & NumPumpBolusOrShortAct >= 86.017) & Pt_DKAFlg >= 61.770)
",-86.017,-86.017,0.000,0.000,1.000,3,0,0,0,3,0,3,0,1.0,0,0,1.0,1.0,0.0
"((bmiZscore >= 0.497) U[0,0] (WeightKg <= 101.112))
",96.112,96.112,0.000,0.000,1.000,3,0,0,0,3,0,3,0,1.0,0,0,1.0,1.0,0.0
"F[0,1](((BldPrDia <= 83.047 | LDL >= 58.856) | TotalDailyInsPerKg >= 11.058) -> diagAgeCombo >= 27.957)
",-9999999.000,-9999999.000,0.000,0.000,1.000,3,0,0,0,3,0,3,0,1.0,0,0,1.0,1.0,0.0
"F[0,0]((HbA1c <= 9.354 | TotChol <= 213.192) & Pt_DKAFlg >= 46.750)
",-46.750,-46.750,0.000,0.000,1.000,3,0,0,0,3,0,3,0,1.0,0,0,1.0,1.0,0.0
"F[1,1](age <= 35.067 & TotalDailyInsPerKg >= 0.054)
",-0.054,-0.054,0.000,0.000,1.000,3,0,0,0,3,0,3,0,1.0,0,0,1.0,1.0,0.0
"F[0,1](((HDL >= 31.149 | Triglyc <= 124.264) -> Pt_DKAFlg <= 123.972) -> diagAgeCombo >= 90.825)
",-9999999.000,-9999999.000,0.000,0.000,1.000,3,0,0,0,3,0,3,0,1.0,0,0,1.0,1.0,0.0
"F[1,1](((BldPrDia <= 82.370 | BUN <= 13.251) & AutonomicNeuroCl <= 16.958) & age <= 13.882)
",13.882,13.882,0.000,0.000,1.000,3,0,0,0,3,0,3,0,1.0,0,0,1.0,1.0,0.0
"F[0,1](((LDL >= 41.759 -> Triglyc <= 195.627) | BldPrSys <= 122.736) & AutonomicNeuroCl >= 23.249)
",-9999999.000,-9999999.000,0.000,0.000,1.000,3,0,0,0,3,0,3,0,1.0,0,0,1.0,1.0,0.0
"F[1,1]((GFR <= 67.942 & HeightCm <= 142.330) & bmiPerc >= 47.837)
",-47.837,-47.837,0.000,0.000,1.000,3,0,0,0,3,0,3,0,1.0,0,0,1.0,1.0,0.0
"F[0,1](((BldPrDia >= 73.931 | HbA1cImputeDtMnC <= 48.617) -> GFR <= 59.360) & BGTestAvgNumPtRep >= 23.246)
",-9999999.000,-9999999.000,0.000,0.000,1.000,3,0,0,0,3,0,3,0,1.0,0,0,1.0,1.0,0.0
"F[0,0](AlbCreatRat_mggNew <= 92.913 & bmiZscore <= 1.202)
",1.202,1.202,0.000,0.000,1.000,3,0,0,0,3,0,3,0,1.0,0,0,1.0,1.0,0.0
"((HDL >= 38.380) U[0,1] (Pt_SHFlg = 0.765))
",-9999999.000,-9999999.000,0.000,0.000,1.000,3,0,0,0,3,0,3,0,1.0,0,0,1.0,1.0,0.0
"F[0,1]((HeightCm >= 105.825 -> TSH <= 4.870) & Pt_GrandparentT1D >= 0.469)
",-9999999.000,-9999999.000,0.000,0.000,1.000,3,0,0,0,3,0,3,0,1.0,0,0,1.0,1.0,0.0
"F[1,1](((Pt_CGMUseNumDays >= 0.314 -> Pt_MotherT1D >= 0.000) -> HbA1c >= 0.000) -> BldPrDia <= 0.000)
",0.000,0.000,0.000,0.000,1.000,3,0,0,0,3,0,3,0,1.0,0,0,1.0,1.0,0.0
"((diabDur >= 32.271) U[0,0] (Pt_SHFlg = 0.701))
",8.457,4.229,0.000,0.000,1.000,3,0,0,0,3,0,3,0,1.0,0,0,1.0,1.0,0.0
"F[0,1](((BGTestAvgNumMeter <= 4.794 -> BldPrSys >= 116.348) | bmi <= 120.948) -> TotalDailyInsPerKg >= 113.295)
",-9999999.000,-9999999.000,0.000,0.000,1.000,3,0,0,0,3,0,3,0,1.0,0,0,1.0,1.0,0.0
"F[0,0]((TotalDailyInsPerKg >= 0.050 & bmi <= 35.377) | HeightCm <= 40.356)
",48.608,34.663,0.000,0.000,1.000,3,0,0,0,3,0,3,0,1.0,0,0,1.0,1.0,0.0
"F[0,0](((Pt_InsGov >= 0.151 & WeightKg >= 70.109) | Pt_A1cGoalLev <= 107.394) -> Pt_DKAFlg >= 69.335)
",-106.394,-106.394,0.000,0.000,1.000,3,0,0,0,3,0,3,0,1.0,0,0,1.0,1.0,0.0
"F[1,1]((bmi >= 22.188 & Pt_InsGov <= 0.410) & AlbCreatRat_mggNew <= 0.864)
",-22.188,-22.188,0.000,0.000,1.000,3,0,0,0,3,0,3,0,1.0,0,0,1.0,1.0,0.0
"F[1,1](BldPrDia <= 84.745 -> Pt_SHFlg = 0.888)
",-84.745,-84.745,0.000,0.000,1.000,2,0,0,1,3,0,2,1,0.6666666666666666,0,0,1.0,0.6666666666666666,0.33333333333333337
"F[0,1]((GFR >= 15.282 & HbA1cImputeDtMnC <= 65.345) & SMBGperDayPtMeterCombo <= 71.448)
",-9999999.000,-9999999.000,0.000,0.000,1.000,2,0,0,1,3,0,2,1,0.6666666666666666,0,0,1.0,0.6666666666666666,0.33333333333333337
"((Pt_DKAFlg <= 0.000) U[1,1] (age <= 34.662))
",34.662,34.662,0.000,0.000,1.000,2,0,0,1,3,0,2,1,0.6666666666666666,0,0,1.0,0.6666666666666666,0.33333333333333337
"F[0,1](diagAgeCombo <= 1.000 & BGTestAvgNumMeter <= 3.978)
",-9999999.000,-9999999.000,0.000,0.000,1.000,2,0,0,1,3,0,2,1,0.6666666666666666,0,0,1.0,0.6666666666666666,0.33333333333333337
"((BGTestAvgNumMeter >= 0.051) U[0,0] (BGTestAvgNumPtRep <= 3.007))
",52.949,52.949,0.000,0.000,1.000,2,0,0,1,3,0,2,1,0.6666666666666666,0,0,1.0,0.6666666666666666,0.33333333333333337
"F[0,1]((HbA1cImputeDtMnC >= 0.710 & HeightCm <= 162.350) | Pt_GrandchildT1D >= 42.610)
",-9999999.000,-9999999.000,0.000,0.000,1.000,2,0,0,1,3,0,2,1,0.6666666666666666,0,0,1.0,0.6666666666666666,0.33333333333333337
"((BGTestAvgNumMeter >= 1.446) U[0,0] (BGTestAvgNumPtRep <= 1.462))
",51.554,51.554,0.000,0.000,1.000,2,0,0,1,3,0,2,1,0.6666666666666666,0,0,1.0,0.6666666666666666,0.33333333333333337
"((TotChol >= 24.675) U[1,2] (TSH <= 3.508))
",-9999999.000,-9999999.000,0.000,0.000,1.000,2,0,0,1,3,0,2,1,0.6666666666666666,0,0,1.0,0.6666666666666666,0.33333333333333337
"((LDL <= 127.305) U[0,1] (UnitsInsBasalOrLongAct <= 41.777))
",-9999999.000,-9999999.000,0.000,0.000,1.000,2,0,0,1,3,0,2,1,0.6666666666666666,0,0,1.0,0.6666666666666666,0.33333333333333337
"F[0,1](BGTestAvgNumMeter < 5.006 -> Pt_SHFlg = 0.757)
",-9999999.000,-9999999.000,0.000,0.000,1.000,2,0,0,1,3,0,2,1,0.6666666666666666,0,0,1.0,0.6666666666666666,0.33333333333333337
"F[1,1](((HeightCm >= 117.709 -> BUN >= 10.079) & UnitsInsBasalOrLongAct <= 14.533) & Pt_FatherT1D <= 17.445)
",10.079,10.079,0.000,0.000,1.000,2,0,0,1,3,0,2,1,0.6666666666666666,0,0,1.0,0.6666666666666666,0.33333333333333337
"F[0,1](HeightCm <= 162.881 & Pt_CGMUseNumDays <= 1.738)
",-9999999.000,-9999999.000,0.000,0.000,1.000,2,0,0,1,3,0,2,1,0.6666666666666666,0,0,1.0,0.6666666666666666,0.33333333333333337
"F[0,0](((Triglyc >= 13.285 & TotalDailyInsPerKg >= 0.450) -> bmiZscore <= 0.681) | Pt_SHFlg >= 0.446)
",5.921,67.123,0.000,0.000,1.000,1,0,0,2,3,0,1,2,0.3333333333333333,0,0,1.0,0.3333333333333333,0.6666666666666667
"F[1,1](age <= 34.552 -> AlbCreatRat_mggNew >= 41.631)
",-34.552,-34.552,0.000,0.000,1.000,1,0,0,2,3,0,1,2,0.3333333333333333,0,0,1.0,0.3333333333333333,0.6666666666666667
"F[1,1](bmiZscore <= 1.278 -> LDL <= 99.595)
",-99.595,-99.595,0.000,0.000,1.000,1,0,0,2,3,0,1,2,0.3333333333333333,0,0,1.0,0.3333333333333333,0.6666666666666667
"((bmiZscore >= 0.514) U[0,0] (HbA1cImputeDtMnC >= 0.923))
",0.353,0.281,0.000,0.000,1.000,1,0,0,2,3,0,1,2,0.3333333333333333,0,0,1.0,0.3333333333333333,0.6666666666666667
"F[0,0]((bmiZscore >= 0.699 -> Triglyc >= 43.697) | bmiPerc >= 118.478)
",-58.115,-79.273,0.000,0.000,1.000,1,0,0,2,3,0,1,2,0.3333333333333333,0,0,1.0,0.3333333333333333,0.6666666666666667
"((BGTestAvgNumMeter >= 3.636) U[1,2] (BGTestAvgNumPtRep <= 2.158))
",-9999999.000,-9999999.000,0.000,0.000,1.000,1,0,0,2,3,0,1,2,0.3333333333333333,0,0,1.0,0.3333333333333333,0.6666666666666667
"F[0,1](Triglyc >= 47.132 & UnitsInsBasalOrLongAct >= 10.976)
",-9999999.000,-9999999.000,0.000,0.000,1.000,1,0,0,2,3,0,1,2,0.3333333333333333,0,0,1.0,0.3333333333333333,0.6666666666666667
"F[1,1](diagAgeCombo <= 1.000 -> LDL <= 97.968)
",-97.968,-97.968,0.000,0.000,1.000,1,0,0,2,3,0,1,2,0.3333333333333333,0,0,1.0,0.3333333333333333,0.6666666666666667
"((HbA1c >= 7.467) U[1,2] (Pt_CGMUseNumDays <= 2.659))
",-9999999.000,-9999999.000,0.000,0.000,1.000,1,0,0,2,3,0,1,2,0.3333333333333333,0,0,1.0,0.3333333333333333,0.6666666666666667
"((BldPrSys >= 114.913) U[1,1] (Pt_SHFlg <= 0.484))
",0.484,0.484,0.000,0.000,1.000,1,0,0,2,3,0,1,2,0.3333333333333333,0,0,1.0,0.3333333333333333,0.6666666666666667
"F[0,0](BldPrDia >= 76.360 & HeightCm >= 21.560)
",32.760,49.140,0.000,0.000,1.000,1,0,0,2,3,0,1,2,0.3333333333333333,0,0,1.0,0.3333333333333333,0.6666666666666667
"((HbA1cImputeDtMnC >= 24.777) U[0,1] (BldPrDia >= 79.217))
",-9999999.000,-9999999.000,0.000,0.000,1.000,1,0,0,2,3,0,1,2,0.3333333333333333,0,0,1.0,0.3333333333333333,0.6666666666666667
"F[1,1]((BldPrDia <= 80.004 -> WeightKg >= 44.619) & Pt_A1cGoalLevelDsYr5 <= 100.169)
",-80.004,-80.004,0.000,0.000,1.000,1,0,0,2,3,0,1,2,0.3333333333333333,0,0,1.0,0.3333333333333333,0.6666666666666667
"((GFR >= 2.432) U[1,1] (Pt_CGMUseNumDays <= 2.035))
",2.035,2.035,0.000,0.000,1.000,1,0,0,2,3,0,1,2,0.3333333333333333,0,0,1.0,0.3333333333333333,0.6666666666666667
"F[0,1]((HbA1cImputeDtMnC <= 58.282 & HDL >= 1.659) -> Pt_SiblingT1D >= 17.830)
",-9999999.000,-9999999.000,0.000,0.000,1.000,1,0,0,2,3,0,1,2,0.3333333333333333,0,0,1.0,0.3333333333333333,0.6666666666666667
"F[0,1](GFR >= 5.854 | TotChol >= 81.041)
",-9999999.000,-9999999.000,0.000,0.000,1.000,1,0,0,2,3,0,1,2,0.3333333333333333,0,0,1.0,0.3333333333333333,0.6666666666666667
"((BldPrDia <= 81.131) U[1,2] (bmiZscore >= 0.983))
",-9999999.000,-9999999.000,0.000,0.000,1.000,1,0,0,2,3,0,1,2,0.3333333333333333,0,0,1.0,0.3333333333333333,0.6666666666666667
"F[0,1](((BGTestAvgNumMeter >= 2.705 & TSH >= 0.870) | Pt_CGMUseNumDays >= 1.182) & NumPumpBolusOrShortAct <= 4.086)
",-9999999.000,-9999999.000,0.000,0.000,1.000,1,0,0,2,3,0,1,2,0.3333333333333333,0,0,1.0,0.3333333333333333,0.6666666666666667
"((BGTestAvgNumMeter >= 2.164) U[1,1] (GFR >= 50.330))
",-2.164,-2.164,0.000,0.000,1.000,1,0,0,2,3,0,1,2,0.3333333333333333,0,0,1.0,0.3333333333333333,0.6666666666666667
"F[0,1]((LDL >= 0.680 -> TSH <= 4.331) & AlbCreatRat_mggNew >= 1.939)
",-9999999.000,-9999999.000,0.000,0.000,1.000,1,0,0,2,3,0,1,2,0.3333333333333333,0,0,1.0,0.3333333333333333,0.6666666666666667
"F[0,0]((TotalDailyInsPerKg <= 0.647 -> LDL >= 25.355) & AlbCreatRat_mggNew <= 97.832)
",1878.282,24.666,0.000,0.000,1.000,1,0,0,2,3,0,1,2,0.3333333333333333,0,0,1.0,0.3333333333333333,0.6666666666666667
"((diabDur <= 33.613) U[1,1] (bmiPerc >= 0.000))
",33.613,33.613,0.000,0.000,1.000,1,0,0,2,3,0,1,2,0.3333333333333333,0,0,1.0,0.3333333333333333,0.6666666666666667
"F[0,1](((diabDur >= 32.546 & Triglyc >= 2.851) & Pt_A1cGoalLevelDsYr5 <= 170.948) | Pt_InsGov >= 6.080)
",-9999999.000,-9999999.000,0.000,0.000,1.000,1,0,0,2,3,0,1,2,0.3333333333333333,0,0,1.0,0.3333333333333333,0.6666666666666667
"F[1,1](((HDL <= 40.988 -> SMBGperDayPtMeterCombo <= 5.972) | Pt_ChildT1D >= 3.129) -> TSH <= 5.150)
",-5.150,-5.150,0.000,0.000,1.000,1,0,0,2,3,0,1,2,0.3333333333333333,0,0,1.0,0.3333333333333333,0.6666666666666667
"F[0,1]((bmi >= 2.743 -> HDL <= 39.686) & BUN >= 9.932)
",-9999999.000,-9999999.000,0.000,0.000,1.000,1,0,0,2,3,0,1,2,0.3333333333333333,0,0,1.0,0.3333333333333333,0.6666666666666667
"((BGTestAvgNumMeter >= 1.637) U[1,1] (BGTestAvgNumPtRep <= 1.804))
",1.804,1.804,0.000,0.000,1.000,1,0,0,2,3,0,1,2,0.3333333333333333,0,0,1.0,0.3333333333333333,0.6666666666666667
"F[0,0](NumPumpBolusOrShortAct > 3.774 -> Pt_SHFlg = 0.930)
",3.774,3.774,0.000,0.000,1.000,1,0,0,2,3,0,1,2,0.3333333333333333,0,0,1.0,0.3333333333333333,0.6666666666666667
"((HDL <= 40.031) U[1,2] (HeightCm <= 163.093))
",-9999999.000,-9999999.000,0.000,0.000,1.000,1,0,0,2,3,0,1,2,0.3333333333333333,0,0,1.0,0.3333333333333333,0.6666666666666667
"F[0,1](Pt_InsGov <= 0.584 -> SMBGperDayPtMeterCombo <= 4.460)
",-9999999.000,-9999999.000,0.000,0.000,1.000,1,0,0,2,3,0,1,2,0.3333333333333333,0,0,1.0,0.3333333333333333,0.6666666666666667
"F[0,0]((HbA1cImputeDtMnC <= 59.871 -> TSH <= 5.504) & Triglyc >= 1.125)
",-58.871,-58.871,0.000,0.000,1.000,1,0,0,2,3,0,1,2,0.3333333333333333,0,0,1.0,0.3333333333333333,0.6666666666666667
"F[1,1](Pt_SiblingT1D >= 0.000 -> Triglyc <= 147.815)
",-147.815,-147.815,0.000,0.000,1.000,1,0,0,2,3,0,1,2,0.3333333333333333,0,0,1.0,0.3333333333333333,0.6666666666666667
"F[0,0](TotalDailyInsPerKg >= 0.255 & TSH <= 4.985)
",4.985,4.985,0.000,0.000,1.000,1,0,0,2,3,0,1,2,0.3333333333333333,0,0,1.0,0.3333333333333333,0.6666666666666667
"F[2,2]((bmiZscore >= 0.076 & HDL <= 49.957) & AlbCreatRat_mggNew <= 46.840)
",-0.076,-0.076,0.000,0.000,1.000,0,0,0,3,3,0,0,3,0.0,0,0,0.0,0.0,1.0
"F[0,1](((bmi <= 34.886 -> Triglyc >= 92.293) -> Pt_ChildT1D >= 112.613) | bmiZscore <= 136.489)
",-9999999.000,-9999999.000,0.000,0.000,1.000,0,0,0,3,3,0,0,3,0.0,0,0,0.0,0.0,1.0
"F[2,2]((BGTestAvgNumMeter >= 3.060 | bmi >= 26.120) & TSH >= 17.053)
",-17.053,-17.053,0.000,0.000,1.000,0,0,0,3,3,0,0,3,0.0,0,0,0.0,0.0,1.0
"F[1,2]((NumPumpBolusOrShortAct >= 0.523 & Pt_CGMUseNumDays >= 0.417) & Pt_SiblingT1D >= 0.274)
",-9999999.000,-9999999.000,0.000,0.000,1.000,0,0,0,3,3,0,0,3,0.0,0,0,0.0,0.0,1.0
"F[2,2](Triglyc >= 81.188 -> WeightKg >= 18.077)
",18.077,18.077,0.000,0.000,1.000,0,0,0,3,3,0,0,3,0.0,0,0,0.0,0.0,1.0
"((TotalDailyInsPerKg >= 0.231) U[0,0] (Triglyc <= 191.240))
",34.769,34.769,0.000,0.000,1.000,0,0,0,3,3,0,0,3,0.0,0,0,0.0,0.0,1.0
"((Pt_CGMUseNumDays <= 2.871) U[1,2] (Triglyc <= 133.968))
",-9999999.000,-9999999.000,0.000,0.000,1.000,0,0,0,3,3,0,0,3,0.0,0,0,0.0,0.0,1.0
"F[0,1](((HDL <= 45.635 | LDL <= 128.274) & BGTestAvgNumMeter >= 11.747) -> BGTestAvgNumMeter <= 75.137)
",-9999999.000,-9999999.000,0.000,0.000,1.000,0,0,0,3,3,0,0,3,0.0,0,0,0.0,0.0,1.0
"F[1,2](Pt_SiblingT1D <= 0.000 -> BGTestAvgNumMeter >= 1.626)
",-9999999.000,-9999999.000,0.000,0.000,1.000,0,0,0,3,3,0,0,3,0.0,0,0,0.0,0.0,1.0
"((Pt_SHFlg >= 0.006) U[0,0] (bmiZscore >= 0.119))
",5.960,67.562,0.000,0.000,1.000,0,0,0,3,3,0,0,3,0.0,0,0,0.0,0.0,1.0
"F[0,2](BUN <= 16.611 -> BldPrSys >= 113.629)
",-9999999.000,-9999999.000,0.000,0.000,1.000,0,0,0,3,3,0,0,3,0.0,0,0,0.0,0.0,1.0
"((BldPrSys <= 125.553) U[0,1] (BUN <= 16.176))
",-9999999.000,-9999999.000,0.000,0.000,1.000,0,0,0,3,3,0,0,3,0.0,0,0,0.0,0.0,1.0
"((age >= 31.376) U[0,2] (DirectLDL >= 0.000))
",-9999999.000,-9999999.000,0.000,0.000,1.000,0,0,0,3,3,0,0,3,0.0,0,0,0.0,0.0,1.0
"F[0,1](((BGTestAvgNumPtRep >= 0.460 | TotChol >= 64.535) -> Pt_InsGov >= 66.853) | SMBGperDayPtMeterCombo <= 187.784)
",-9999999.000,-9999999.000,0.000,0.000,1.000,0,0,0,3,3,0,0,3,0.0,0,0,0.0,0.0,1.0
"F[0,1](UnitsInsBasalOrLongAct <= 38.386 | Pt_A1cGoalLev >= 0.000)
",-9999999.000,-9999999.000,0.000,0.000,1.000,0,0,0,3,3,0,0,3,0.0,0,0,0.0,0.0,1.0
"F[0,1]((BGTestAvgNumMeter >= 2.603 | HDL <= 42.498) | HbA1c <= 47.490)
",-9999999.000,-9999999.000,0.000,0.000,1.000,0,0,0,3,3,0,0,3,0.0,0,0,0.0,0.0,1.0
"F[1,2]((bmiZscore <= 1.389 -> BldPrSys >= 109.192) -> TotalDailyInsPerKg >= 116.237)
",-9999999.000,-9999999.000,0.000,0.000,1.000,0,0,0,3,3,0,0,3,0.0,0,0,0.0,0.0,1.0
"F[1,1]((HbA1c >= 8.225 | Pt_FatherT1D >= 0.000) | age <= 0.000)
",0.000,0.000,0.000,0.000,1.000,0,0,0,3,3,0,0,3,0.0,0,0,0.0,0.0,1.0
"F[1,2](TotalDailyInsPerKg <= 0.602 | AutonomicNeuroCl <= 0.000)
",-9999999.000,-9999999.000,0.000,0.000,1.000,0,0,0,3,3,0,0,3,0.0,0,0,0.0,0.0,1.0
"((bmiZscore >= 0.206) U[0,1] (Pt_MotherT1D <= 0.000))
",-9999999.000,-9999999.000,0.000,0.000,1.000,0,0,0,3,3,0,0,3,0.0,0,0,0.0,0.0,1.0
"F[0,2](((TSH >= 1.544 & GFR >= 49.693) -> Pt_A1cGoalLevelDsYr5 >= 6.147) | TotChol >= 39.537)
",-9999999.000,-9999999.000,0.000,0.000,1.000,0,0,0,3,3,0,0,3,0.0,0,0,0.0,0.0,1.0
"F[1,1](((BldPrDia <= 84.673 -> NumPumpBolusOrShortAct <= 9.609) | bmiPerc >= 1.639) | GFR >= 2.357)
",-1.639,-1.639,0.000,0.000,1.000,0,0,0,3,3,0,0,3,0.0,0,0,0.0,0.0,1.0
"F[2,2]((Pt_SHFlg >= 0.132 | TotalDailyInsPerKg >= 0.040) & GFR <= 0.703)
",-0.040,-0.040,0.000,0.000,1.000,0,0,0,3,3,0,0,3,0.0,0,0,0.0,0.0,1.0
"F[1,2](((BldPrSys >= 114.570 & NumPumpBolusOrShortAct <= 16.088) | GFR >= 3.234) -> BldPrSys >= 1.187)
",-9999999.000,-9999999.000,0.000,0.000,1.000,0,0,0,3,3,0,0,3,0.0,0,0,0.0,0.0,1.0
"((BUN <= 17.863) U[1,2] (HbA1c >= 8.580))
",-9999999.000,-9999999.000,0.000,0.000,1.000,0,0,0,3,3,0,0,3,0.0,0,0,0.0,0.0,1.0
"F[0,0](((BUN >= 11.643 -> Triglyc <= 151.201) -> LDL <= 144.235) | Pt_GrandparentT1D >= 63.146)
",-63.146,-63.146,0.000,0.000,1.000,0,0,0,3,3,0,0,3,0.0,0,0,0.0,0.0,1.0
"F[0,2](((BGTestAvgNumMeter <= 4.964 -> LDL <= 109.505) -> BldPrSys <= 89.325) -> HDL <= 98.922)
",-9999999.000,-9999999.000,0.000,0.000,1.000,0,0,0,3,3,0,0,3,0.0,0,0,0.0,0.0,1.0
"F[0,1](Pt_CGMUseNumDays >= 0.368 | Pt_FatherT1D >= 0.000)
",-9999999.000,-9999999.000,0.000,0.000,1.000,0,0,0,3,3,0,0,3,0.0,0,0,0.0,0.0,1.0
"F[1,1](((BUN >= 12.476 -> HDL <= 51.015) -> bmiPerc >= 22.430) -> bmiPerc >= 1.830)
",-22.430,-22.430,0.000,0.000,1.000,0,0,0,3,3,0,0,3,0.0,0,0,0.0,0.0,1.0
"F[0,2]((BGTestAvgNumMeter >= 2.360 | HeightCm >= 18.058) & SMBGperDayPtMeterCombo >= 30.557)
",-9999999.000,-9999999.000,0.000,0.000,1.000,0,0,0,3,3,0,0,3,0.0,0,0,0.0,0.0,1.0
"F[1,2](HbA1cImputeDtMnC <= 65.249 | HbA1c >= 7.940)
",-9999999.000,-9999999.000,0.000,0.000,1.000,0,0,0,3,3,0,0,3,0.0,0,0,0.0,0.0,1.0
"((Pt_MotherT1D >= 0.000) U[1,2] (Pt_CGMUseNumDays >= 0.301))
",-9999999.000,-9999999.000,0.000,0.000,1.000,0,0,0,3,3,0,0,3,0.0,0,0,0.0,0.0,1.0
"F[0,2](((LDL >= 51.672 -> bmiZscore >= 0.994) & Pt_GrandchildT1D >= 1.051) | age >= 0.952)
",-9999999.000,-9999999.000,0.000,0.000,1.000,0,0,0,3,3,0,0,3,0.0,0,0,0.0,0.0,1.0
"F[0,2]((age >= 32.276 | HbA1c <= 9.391) & Pt_GrandchildT1D <= 9.171)
",-9999999.000,-9999999.000,0.000,0.000,1.000,0,0,0,3,3,0,0,3,0.0,0,0,0.0,0.0,1.0
"((Pt_CGMUseNumDays <= 1.342) U[0,2] (SMBGperDayPtMeterCombo <= 5.536))
",-9999999.000,-9999999.000,0.000,0.000,1.000,0,0,0,3,3,0,0,3,0.0,0,0,0.0,0.0,1.0
"F[0,2](((DirectLDL <= 0.000 & TSH <= 6.271) -> Pt_FatherT1D <= 6.039) | Pt_A1cGoalLevelDsYr5 <= 4.725)
",-9999999.000,-9999999.000,0.000,0.000,1.000,0,0,0,3,3,0,0,3,0.0,0,0,0.0,0.0,1.0
"((Triglyc <= 162.338) U[0,2] (AutonomicNeuroCl >= 0.000))
",-9999999.000,-9999999.000,0.000,0.000,1.000,0,0,0,3,3,0,0,3,0.0,0,0,0.0,0.0,1.0
"F[0,1](((bmiZscore <= 1.479 & Triglyc >= 51.214) & BldPrSys <= 125.264) -> age <= 122.855)
",-9999999.000,-9999999.000,0.000,0.000,1.000,0,0,0,3,3,0,0,3,0.0,0,0,0.0,0.0,1.0
"((BGTestAvgNumMeter <= 3.856) U[0,1] (Pt_CGMUseNumDays <= 2.173))
",-9999999.000,-9999999.000,0.000,0.000,1.000,0,0,0,3,3,0,0,3,0.0,0,0,0.0,0.0,1.0
"F[2,2](((HeightCm <= 141.631 -> Pt_SiblingT1D <= 0.000) & Pt_MotherT1D <= 0.000) & BGTestAvgNumMeter <= 0.000)
",-141.631,-141.631,0.000,0.000,1.000,0,0,0,3,3,0,0,3,0.0,0,0,0.0,0.0,1.0
"F[1,2](((BUN <= 16.758 | Pt_SHFlg >= 0.135) -> Pt_A1cGoalLevelDsYr5 >= 0.011) | Pt_ChildT1D <= 0.736)
",-9999999.000,-9999999.000,0.000,0.000,1.000,0,0,0,3,3,0,0,3,0.0,0,0,0.0,0.0,1.0
"F[1,1](HbA1c >= 7.809 -> Pt_A1cGoalLevelDsYr5 = 0.000)
",0.000,0.000,0.000,0.000,1.000,0,0,0,3,3,0,0,3,0.0,0,0,0.0,0.0,1.0
"((Pt_FatherT1D >= 0.000) U[1,1] (bmiPerc <= 0.000))
",0.000,0.000,0.000,0.000,1.000,0,0,0,3,3,0,0,3,0.0,0,0,0.0,0.0,1.0
"F[1,2]((BldPrSys <= 126.232 & bmiZscore <= 1.172) & Pt_DKAFlg <= 1.239)
",-9999999.000,-9999999.000,0.000,0.000,1.000,0,0,0,3,3,0,0,3,0.0,0,0,0.0,0.0,1.0
"((diabDur <= 34.931) U[0,2] (Pt_SiblingT1D <= 0.000))
",-9999999.000,-9999999.000,0.000,0.000,1.000,0,0,0,3,3,0,0,3,0.0,0,0,0.0,0.0,1.0
"F[0,1](Pt_SHFlg <= 0.628 | Pt_GrandchildT1D >= 0.000)
",-9999999.000,-9999999.000,0.000,0.000,1.000,0,0,0,3,3,0,0,3,0.0,0,0,0.0,0.0,1.0
"((WeightKg >= 66.040) U[1,2] (diagAgeCombo >= 1.000))
",-9999999.000,-9999999.000,0.000,0.000,1.000,0,0,0,3,3,0,0,3,0.0,0,0,0.0,0.0,1.0
"F[2,2](UnitsInsBasalOrLongAct <= 43.571 | TSH <= 6.236)
",43.571,43.571,0.000,0.000,1.000,0,0,0,3,3,0,0,3,0.0,0,0,0.0,0.0,1.0
"F[0,2](((bmi >= 25.298 -> bmi >= 29.585) & bmiZscore <= 37.194) -> SMBGperDayPtMeterCombo >= 25.382)
",-9999999.000,-9999999.000,0.000,0.000,1.000,0,0,0,3,3,0,0,3,0.0,0,0,0.0,0.0,1.0
"F[2,2](bmi >= 32.042 | Pt_ChildT1D <= 0.000)
",0.000,0.000,0.000,0.000,1.000,0,0,0,3,3,0,0,3,0.0,0,0,0.0,0.0,1.0
"((LDL <= 104.449) U[0,2] (bmi >= 32.166))
",-9999999.000,-9999999.000,0.000,0.000,1.000,0,0,0,3,3,0,0,3,0.0,0,0,0.0,0.0,1.0
"F[0,2]((AlbCreatRat_mggNew >= 18.836 | Pt_GrandchildT1D >= 0.000) & Pt_SHFlg <= 0.000)
",-9999999.000,-9999999.000,0.000,0.000,1.000,0,0,0,3,3,0,0,3,0.0,0,0,0.0,0.0,1.0
"F[0,2](WeightKg >= 63.150 & BGTestAvgNumMeter <= 4.638)
",-9999999.000,-9999999.000,0.000,0.000,1.000,0,0,0,3,3,0,0,3,0.0,0,0,0.0,0.0,1.0
"F[1,2](((BGTestAvgNumPtRep <= 3.070 -> Pt_A1cGoalLevelDsYr5 <= 0.000) & LDL >= 0.000) -> HbA1c >= 0.000)
",-9999999.000,-9999999.000,0.000,0.000,1.000,0,0,0,3,3,0,0,3,0.0,0,0,0.0,0.0,1.0
"F[1,1]((HbA1cImputeDtMnC >= 27.081 | Pt_FatherT1D <= 0.000) -> HDL >= 0.000)
",0.000,0.000,0.000,0.000,1.000,0,0,0,3,3,0,0,3,0.0,0,0,0.0,0.0,1.0
"((BGTestAvgNumMeter <= 4.024) U[0,1] (diagAgeCombo <= 1.000))
",-9999999.000,-9999999.000,0.000,0.000,1.000,0,0,0,3,3,0,0,3,0.0,0,0,0.0,0.0,1.0
"((diabDur <= 34.422) U[0,2] (bmi <= 39.997))
",-9999999.000,-9999999.000,0.000,0.000,1.000,0,0,0,3,3,0,0,3,0.0,0,0,0.0,0.0,1.0
"F[1,2]((bmiPerc >= 0.000 & HeightCm <= 157.368) | HbA1cImputeDtMnC <= 151.775)
",-9999999.000,-9999999.000,0.000,0.000,1.000,0,0,0,3,3,0,0,3,0.0,0,0,0.0,0.0,1.0
"F[0,1]((NumPumpBolusOrShortAct >= 1.039 | HbA1cImputeDtMnC >= 33.060) & BGTestAvgNumPtRep <= 76.007)
",-9999999.000,-9999999.000,0.000,0.000,1.000,0,0,0,3,3,0,0,3,0.0,0,0,0.0,0.0,1.0
"((HeightCm >= 93.184) U[0,1] (Pt_DKAFlg >= 0.000))
",-9999999.000,-9999999.000,0.000,0.000,1.000,0,0,0,3,3,0,0,3,0.0,0,0,0.0,0.0,1.0
"F[1,2](Pt_A1cGoalLev <= 0.000 -> TotalDailyInsPerKg >= 0.160)
",-9999999.000,-9999999.000,0.000,0.000,1.000,0,0,0,3,3,0,0,3,0.0,0,0,0.0,0.0,1.0
"((Pt_GrandparentT1D <= 0.000) U[0,2] (NumPumpBolusOrShortAct <= 9.087))
",-9999999.000,-9999999.000,0.000,0.000,1.000,0,0,0,3,3,0,0,3,0.0,0,0,0.0,0.0,1.0
"F[0,2]((BUN >= 10.788 | diagAgeCombo <= 1.000) & Pt_A1cGoalLev >= 1.000)
",-9999999.000,-9999999.000,0.000,0.000,1.000,0,0,0,3,3,0,0,3,0.0,0,0,0.0,0.0,1.0
"F[0,2](((WeightKg >= 90.683 -> NumPumpBolusOrShortAct <= 9.010) & bmi <= 7.907) -> Pt_DKAFlg >= 3.487)
",-9999999.000,-9999999.000,0.000,0.000,1.000,0,0,0,3,3,0,0,3,0.0,0,0,0.0,0.0,1.0
"F[1,2]((UnitsInsBasalOrLongAct >= 24.386 & Triglyc >= 60.430) -> TSH >= 3.979)
",-9999999.000,-9999999.000,0.000,0.000,1.000,0,0,0,3,3,0,0,3,0.0,0,0,0.0,0.0,1.0
"F[0,2]((AutonomicNeuroCl <= 0.000 & HDL <= 41.201) -> NumPumpBolusOrShortAct <= 47.189)
",-9999999.000,-9999999.000,0.000,0.000,1.000,0,0,0,3,3,0,0,3,0.0,0,0,0.0,0.0,1.0
"((DirectLDL >= 0.000) U[0,0] (Pt_GrandchildT1D <= 0.000))
",168.000,168.000,0.000,0.000,1.000,0,0,0,3,3,0,0,3,0.0,0,0,0.0,0.0,1.0
"F[0,0](((Pt_SiblingT1D >= 0.000 & Pt_CGMUseNumDays >= 0.180) | Pt_GrandchildT1D >= 0.143) | DirectLDL <= 1.020)
",0.000,0.000,0.000,0.000,1.000,0,0,0,3,3,0,0,3,0.0,0,0,0.0,0.0,1.0
"((Pt_A1cGoalLevelDsYr5 <= 0.000) U[1,2] (bmiPerc <= 0.000))
",-9999999.000,-9999999.000,0.000,0.000,1.000,0,0,0,3,3,0,0,3,0.0,0,0,0.0,0.0,1.0
"F[1,1]((TSH >= 1.163 -> Pt_FatherT1D <= 0.000) | DirectLDL <= 0.000)
",0.000,0.000,0.000,0.000,1.000,0,0,0,3,3,0,0,3,0.0,0,0,0.0,0.0,1.0
"((Triglyc <= 195.003) U[1,2] (bmi <= 38.300))
",-9999999.000,-9999999.000,0.000,0.000,1.000,0,0,0,3,3,0,0,3,0.0,0,0,0.0,0.0,1.0
"F[0,1]((TotalDailyInsPerKg <= 0.717 -> bmiPerc >= 0.000) & Pt_GrandparentT1D <= 0.000)
",-9999999.000,-9999999.000,0.000,0.000,1.000,0,0,0,3,3,0,0,3,0.0,0,0,0.0,0.0,1.0
"F[0,2](SMBGperDayPtMeterCombo <= 5.036 -> NumPumpBolusOrShortAct <= 6.524)
",-9999999.000,-9999999.000,0.000,0.000,1.000,0,0,0,3,3,0,0,3,0.0,0,0,0.0,0.0,1.0
"F[0,1](((Pt_A1cGoalLev >= 0.000 -> Pt_A1cGoalLev <= 0.000) & HeightCm >= 0.000) -> bmi >= 0.000)
",-9999999.000,-9999999.000,0.000,0.000,1.000,0,0,0,3,3,0,0,3,0.0,0,0,0.0,0.0,1.0
"F[1,2]((Pt_InsGov >= 0.023 | HeightCm >= 125.005) | Pt_DKAFlg <= 161.895)
",-9999999.000,-9999999.000,0.000,0.000,1.000,0,0,0,3,3,0,0,3,0.0,0,0,0.0,0.0,1.0
"F[1,1](HeightCm >= 59.253 -> bmiZscore <= 1.467)
",-1.467,-1.467,0.000,0.000,1.000,0,0,0,3,3,0,0,3,0.0,0,0,0.0,0.0,1.0
"F[0,2](((Pt_InsGov <= 0.680 | diagAgeCombo >= 1.000) & WeightKg <= 1.000) | bmiZscore >= 1.000)
",-9999999.000,-9999999.000,0.000,0.000,1.000,0,0,0,3,3,0,0,3,0.0,0,0,0.0,0.0,1.0
"F[0,1](LDL <= 126.629 -> bmi >= 25.997)
",-9999999.000,-9999999.000,0.000,0.000,1.000,0,0,0,3,3,0,0,3,0.0,0,0,0.0,0.0,1.0
"F[0,0](SMBGperDayPtMeterCombo >= 3.048 -> Pt_FatherT1D >= 0.000)
",-31.781,-79.452,0.000,0.000,1.000,0,0,0,3,3,0,0,3,0.0,0,0,0.0,0.0,1.0
"F[1,2](Pt_DKAFlg >= 0.000 -> HbA1c >= 8.071)
",-9999999.000,-9999999.000,0.000,0.000,1.000,0,0,0,3,3,0,0,3,0.0,0,0,0.0,0.0,1.0
"F[0,0](Pt_A1cGoalLevelDsYr5 <= 0.000 | age <= 34.814)
",34.814,34.814,0.000,0.000,1.000,0,0,0,3,3,0,0,3,0.0,0,0,0.0,0.0,1.0
"((Pt_SHFlg >= 0.129) U[0,2] (BldPrSys <= 123.353))
",-9999999.000,-9999999.000,0.000,0.000,1.000,0,0,0,3,3,0,0,3,0.0,0,0,0.0,0.0,1.0
"F[0,2](((BGTestAvgNumMeter <= 4.423 & bmiZscore <= 1.369) | WeightKg >= 0.291) & TotalDailyInsPerKg >= 0.508)
",-9999999.000,-9999999.000,0.000,0.000,1.000,0,0,0,3,3,0,0,3,0.0,0,0,0.0,0.0,1.0
"F[0,1]((BGTestAvgNumPtRep <= 2.692 -> diabDur >= 29.828) | Pt_A1cGoalLevelDsYr5 <= 35.658)
",-9999999.000,-9999999.000,0.000,0.000,1.000,0,0,0,3,3,0,0,3,0.0,0,0,0.0,0.0,1.0
"F[0,1](NumPumpBolusOrShortAct <= 12.582 | Pt_A1cGoalLevelDsYr5 <= 0.000)
",-9999999.000,-9999999.000,0.000,0.000,1.000,0,0,0,3,3,0,0,3,0.0,0,0,0.0,0.0,1.0
"((HbA1cImputeDtMnC >= 30.591) U[1,2] (diabDur >= 30.260))
",-9999999.000,-9999999.000,0.000,0.000,1.000,0,0,0,3,3,0,0,3,0.0,0,0,0.0,0.0,1.0
"F[2,2](((UnitsInsBasalOrLongAct <= 42.291 -> Pt_A1cGoalLev >= 0.000) | LDL <= 0.000) -> GFR >= 0.000)
",0.000,0.000,0.000,0.000,1.000,0,0,0,3,3,0,0,3,0.0,0,0,0.0,0.0,1.0
"((HbA1cImputeDtMnC <= 53.941) U[0,2] (Pt_DKAFlg <= 0.000))
",-9999999.000,-9999999.000,0.000,0.000,1.000,0,0,0,3,3,0,0,3,0.0,0,0,0.0,0.0,1.0
"((SMBGperDayPtMeterCombo >= 3.980) U[0,2] (Pt_GrandchildT1D <= 0.000))
",-9999999.000,-9999999.000,0.000,0.000,1.000,0,0,0,3,3,0,0,3,0.0,0,0,0.0,0.0,1.0
"F[1,2]((HDL >= 18.713 -> Pt_GrandparentT1D >= 0.000) -> Pt_SiblingT1D >= 0.000)
",-9999999.000,-9999999.000,0.000,0.000,1.000,0,0,0,3,3,0,0,3,0.0,0,0,0.0,0.0,1.0
"F[1,2]((HeightCm >= 113.699 -> NumPumpBolusOrShortAct <= 11.076) & Pt_A1cGoalLev <= 17.190)
",-9999999.000,-9999999.000,0.000,0.000,1.000,0,0,0,3,3,0,0,3,0.0,0,0,0.0,0.0,1.0
"F[2,2](((BldPrDia <= 79.907 | diagAgeCombo >= 1.000) -> DirectLDL >= 1.000) & TotChol >= 1.000)
",-79.907,-79.907,0.000,0.000,1.000,0,0,0,3,3,0,0,3,0.0,0,0,0.0,0.0,1.0
"F[1,2]((BGTestAvgNumMeter >= 1.706 -> NumPumpBolusOrShortAct >= 1.099) -> TotalDailyInsPerKg <= 19.448)
",-9999999.000,-9999999.000,0.000,0.000,1.000,0,0,0,3,3,0,0,3,0.0,0,0,0.0,0.0,1.0
"F[1,1](bmi <= 37.438 | BldPrDia >= 75.660)
",37.438,37.438,0.000,0.000,1.000,0,0,0,3,3,0,0,3,0.0,0,0,0.0,0.0,1.0
"F[1,1](((age >= 32.779 -> BUN >= 11.351) & LDL >= 12.072) | Pt_A1cGoalLev <= 13.929)
",13.929,13.929,0.000,0.000,1.000,0,0,0,3,3,0,0,3,0.0,0,0,0.0,0.0,1.0
"((Pt_SHFlg <= 0.589) U[0,1] (Pt_A1cGoalLevelDsYr5 <= 0.000))
",-9999999.000,-9999999.000,0.000,0.000,1.000,0,0,0,3,3,0,0,3,0.0,0,0,0.0,0.0,1.0
"F[0,0]((diagAgeCombo >= 1.000 | Pt_SiblingT1D >= 0.000) & HbA1c >= 0.000)
",2.189,4.050,0.000,0.000,1.000,0,0,0,3,3,0,0,3,0.0,0,0,0.0,0.0,1.0
"F[0,2]((BldPrSys <= 124.709 | TSH <= 4.314) | TotalDailyInsPerKg >= 1.779)
",-9999999.000,-9999999.000,0.000,0.000,1.000,0,0,0,3,3,0,0,3,0.0,0,0,0.0,0.0,1.0
"F[1,2]((BldPrDia <= 79.690 | HbA1c >= 7.622) -> age <= 9.196)
",-9999999.000,-9999999.000,0.000,0.000,1.000,0,0,0,3,3,0,0,3,0.0,0,0,0.0,0.0,1.0
"F[0,2]((Pt_A1cGoalLevelDsYr5 >= 0.000 & AlbCreatRat_mggNew <= 81.384) | Pt_InsGov <= 78.167)
",-9999999.000,-9999999.000,0.000,0.000,1.000,0,0,0,3,3,0,0,3,0.0,0,0,0.0,0.0,1.0
"F[1,2]((TSH <= 5.164 | Pt_GrandparentT1D <= 0.000) & Pt_MotherT1D <= 0.000)
",-9999999.000,-9999999.000,0.000,0.000,1.000,0,0,0,3,3,0,0,3,0.0,0,0,0.0,0.0,1.0
"F[2,2](Pt_InsGov <= 0.886 | AlbCreatRat_mggNew <= 95.267)
",95.267,95.267,0.000,0.000,1.000,0,0,0,3,3,0,0,3,0.0,0,0,0.0,0.0,1.0
"F[0,2]((HbA1c <= 10.326 | bmiPerc >= 0.000) | bmi <= 0.000)
",-9999999.000,-9999999.000,0.000,0.000,1.000,0,0,0,3,3,0,0,3,0.0,0,0,0.0,0.0,1.0
"F[2,2](((NumPumpBolusOrShortAct <= 5.958 | AutonomicNeuroCl >= 0.000) | DirectLDL <= 0.000) & age >= 0.000)
",0.000,0.000,0.000,0.000,1.000,0,0,0,3,3,0,0,3,0.0,0,0,0.0,0.0,1.0
"F[1,1](Pt_SiblingT1D >= 0.000 | BUN >= 12.004)
",0.000,0.000,0.000,0.000,1.000,0,0,0,3,3,0,0,3,0.0,0,0,0.0,0.0,1.0
"F[0,2](((Pt_GrandchildT1D >= 0.000 & Pt_CGMUseNumDays <= 1.156) -> TotalDailyInsPerKg <= 2.370) & Triglyc >= 0.147)
",-9999999.000,-9999999.000,0.000,0.000,1.000,0,0,0,3,3,0,0,3,0.0,0,0,0.0,0.0,1.0
"F[2,2](((diabDur >= 31.642 -> GFR <= 102.400) -> DirectLDL >= 11.428) -> diagAgeCombo <= 67.869)
",-67.869,-67.869,0.000,0.000,1.000,0,0,0,3,3,0,0,3,0.0,0,0,0.0,0.0,1.0
"F[0,2]((Pt_FatherT1D >= 0.000 -> TotChol >= 35.286) & UnitsInsBasalOrLongAct <= 196.704)
",-9999999.000,-9999999.000,0.000,0.000,1.000,0,0,0,3,3,0,0,3,0.0,0,0,0.0,0.0,1.0
"((HeightCm >= 28.958) U[0,1] (Pt_FatherT1D <= 0.000))
",-9999999.000,-9999999.000,0.000,0.000,1.000,0,0,0,3,3,0,0,3,0.0,0,0,0.0,0.0,1.0
"F[1,2]((HbA1cImputeDtMnC <= 64.285 | Pt_MotherT1D <= 0.000) | TotChol >= 0.000)
",-9999999.000,-9999999.000,0.000,0.000,1.000,0,0,0,3,3,0,0,3,0.0,0,0,0.0,0.0,1.0
"F[0,2](bmi <= 33.122 -> BGTestAvgNumMeter <= 5.437)
",-9999999.000,-9999999.000,0.000,0.000,1.000,0,0,0,3,3,0,0,3,0.0,0,0,0.0,0.0,1.0
"F[0,1]((Pt_ChildT1D >= 0.000 -> Pt_ChildT1D >= 0.000) | diabDur <= 0.000)
",-9999999.000,-9999999.000,0.000,0.000,1.000,0,0,0,3,3,0,0,3,0.0,0,0,0.0,0.0,1.0
"F[0,0](TotChol >= 46.011 | diabDur <= 34.638)
",0.598,2.989,0.000,0.000,1.000,0,0,0,3,3,0,0,3,0.0,0,0,0.0,0.0,1.0
"F[1,2](((Pt_A1cGoalLevelDsYr5 >= 0.000 | Pt_CGMUseNumDays <= 1.516) & SMBGperDayPtMeterCombo >= 0.249) & Pt_A1cGoalLev >= 0.094)
",-9999999.000,-9999999.000,0.000,0.000,1.000,0,0,0,3,3,0,0,3,0.0,0,0,0.0,0.0,1.0
"F[2,2]((NumPumpBolusOrShortAct <= 11.146 | SMBGperDayPtMeterCombo >= 3.149) | TotalDailyInsPerKg <= 5.015)
",11.146,11.146,0.000,0.000,1.000,0,0,0,3,3,0,0,3,0.0,0,0,0.0,0.0,1.0
"((diabDur >= 30.307) U[0,1] (HDL >= 19.286))
",-9999999.000,-9999999.000,0.000,0.000,1.000,0,0,0,3,3,0,0,3,0.0,0,0,0.0,0.0,1.0
"F[2,2](bmi <= 38.118 -> HbA1c >= 8.125)
",-38.118,-38.118,0.000,0.000,1.000,0,0,0,3,3,0,0,3,0.0,0,0,0.0,0.0,1.0
"F[2,2]((diabDur >= 29.690 & TotChol <= 155.387) -> SMBGperDayPtMeterCombo <= 174.702)
",-174.702,-174.702,0.000,0.000,1.000,0,0,0,3,3,0,0,3,0.0,0,0,0.0,0.0,1.0
"F[1,2](((AlbCreatRat_mggNew >= 32.907 & SMBGperDayPtMeterCombo <= 4.740) & WeightKg >= 3.790) & TSH >= 3.593)
",-9999999.000,-9999999.000,0.000,0.000,1.000,0,0,0,3,3,0,0,3,0.0,0,0,0.0,0.0,1.0
"F[0,0]((BGTestAvgNumMeter >= 2.130 | BUN >= 10.757) | Pt_FatherT1D >= 10.656)
",5.139,156.743,0.000,0.000,1.000,0,0,0,3,3,0,0,3,0.0,0,0,0.0,0.0,1.0
"F[0,1]((HbA1cImputeDtMnC >= 7.353 | TotChol >= 88.647) & BGTestAvgNumPtRep <= 204.889)
",-9999999.000,-9999999.000,0.000,0.000,1.000,0,0,0,3,3,0,0,3,0.0,0,0,0.0,0.0,1.0
"F[1,1]((BGTestAvgNumMeter <= 5.999 -> UnitsInsBasalOrLongAct >= 17.739) | Pt_GrandchildT1D <= 38.078)
",38.078,38.078,0.000,0.000,1.000,0,0,0,3,3,0,0,3,0.0,0,0,0.0,0.0,1.0
"F[0,0](((BldPrDia >= 79.131 & HbA1c >= 7.393) & diabDur <= 8.995) -> bmi <= 10.154)
",-10.154,-10.154,0.000,0.000,1.000,0,0,0,3,3,0,0,3,0.0,0,0,0.0,0.0,1.0
"F[0,2](BldPrSys >= 114.480 | LDL <= 119.082)
",-9999999.000,-9999999.000,0.000,0.000,1.000,0,0,0,3,3,0,0,3,0.0,0,0,0.0,0.0,1.0
"F[1,1](((diabDur >= 29.867 -> GFR >= 2.978) & HeightCm >= 49.232) -> BGTestAvgNumMeter <= 61.714)
",-61.714,-61.714,0.000,0.000,1.000,0,0,0,3,3,0,0,3,0.0,0,0,0.0,0.0,1.0
"F[0,2](((bmi >= 19.924 -> TotalDailyInsPerKg >= 0.469) & Pt_InsGov >= 0.077) & BGTestAvgNumPtRep <= 0.718)
",-9999999.000,-9999999.000,0.000,0.000,1.000,0,0,0,3,3,0,0,3,0.0,0,0,0.0,0.0,1.0
"F[0,2](((BldPrSys <= 120.735 | TotChol >= 47.678) -> Pt_A1cGoalLev <= 184.283) & LDL <= 131.459)
",-9999999.000,-9999999.000,0.000,0.000,1.000,0,0,0,3,3,0,0,3,0.0,0,0,0.0,0.0,1.0
"F[1,2](((age <= 34.596 -> GFR <= 69.287) | Pt_InsGov <= 73.428) & diabDur >= 26.317)
",-9999999.000,-9999999.000,0.000,0.000,1.000,0,0,0,3,3,0,0,3,0.0,0,0,0.0,0.0,1.0
"F[1,2]((HbA1cImputeDtMnC >= 18.129 -> UnitsInsBasalOrLongAct >= 30.445) & SMBGperDayPtMeterCombo >= 32.995)
",-9999999.000,-9999999.000,0.000,0.000,1.000,0,0,0,3,3,0,0,3,0.0,0,0,0.0,0.0,1.0
"((age <= 36.030) U[2,2] (TSH >= 1.773))
",36.030,36.030,0.000,0.000,1.000,0,0,0,3,3,0,0,3,0.0,0,0,0.0,0.0,1.0
"F[1,2]((diabDur <= 32.808 | TSH >= 2.715) | HbA1cImputeDtMnC <= 6.405)
",-9999999.000,-9999999.000,0.000,0.000,1.000,0,0,0,3,3,0,0,3,0.0,0,0,0.0,0.0,1.0
"F[2,2]((BUN <= 15.541 | NumPumpBolusOrShortAct <= 18.869) & BldPrSys <= 11.049)
",11.049,11.049,0.000,0.000,1.000,0,0,0,3,3,0,0,3,0.0,0,0,0.0,0.0,1.0
"F[0,2]((HbA1c >= 8.356 -> HDL <= 51.969) & BUN >= 3.984)
",-9999999.000,-9999999.000,0.000,0.000,1.000,0,0,0,3,3,0,0,3,0.0,0,0,0.0,0.0,1.0
"F[1,2](TotChol >= 71.264 & UnitsInsBasalOrLongAct <= 39.909)
",-9999999.000,-9999999.000,0.000,0.000,1.000,0,0,0,3,3,0,0,3,0.0,0,0,0.0,0.0,1.0
"F[1,2](((AlbCreatRat_mggNew >= 32.773 -> HbA1c >= 7.649) & Pt_InsGov <= 9.593) | HDL >= 7.637)
",-9999999.000,-9999999.000,0.000,0.000,1.000,0,0,0,3,3,0,0,3,0.0,0,0,0.0,0.0,1.0
"((LDL <= 139.170) U[0,2] (TotChol >= 28.297))
",-9999999.000,-9999999.000,0.000,0.000,1.000,0,0,0,3,3,0,0,3,0.0,0,0,0.0,0.0,1.0
"((BGTestAvgNumMeter >= 1.572) U[0,1] (HbA1cImputeDtMnC >= 9.418))
",-9999999.000,-9999999.000,0.000,0.000,1.000,0,0,0,3,3,0,0,3,0.0,0,0,0.0,0.0,1.0
"((BldPrSys >= 113.558) U[0,2] (bmiZscore <= 1.351))
",-9999999.000,-9999999.000,0.000,0.000,1.000,0,0,0,3,3,0,0,3,0.0,0,0,0.0,0.0,1.0
"((BldPrSys >= 118.175) U[0,2] (HDL >= 5.738))
",-9999999.000,-9999999.000,0.000,0.000,1.000,0,0,0,3,3,0,0,3,0.0,0,0,0.0,0.0,1.0
"F[1,2]((BGTestAvgNumPtRep <= 2.372 & NumPumpBolusOrShortAct <= 18.704) -> UnitsInsBasalOrLongAct >= 0.924)
",-9999999.000,-9999999.000,0.000,0.000,1.000,0,0,0,3,3,0,0,3,0.0,0,0,0.0,0.0,1.0
"F[0,0](((HDL >= 18.477 | TotChol >= 12.322) | Pt_A1cGoalLev <= 136.455) | BGTestAvgNumPtRep <= 227.923)
",222.923,222.923,0.000,0.000,1.000,0,0,0,3,3,0,0,3,0.0,0,0,0.0,0.0,1.0
"F[1,2](age <= 34.654 & BldPrDia >= 75.350)
",-9999999.000,-9999999.000,0.000,0.000,1.000,0,0,0,3,3,0,0,3,0.0,0,0,0.0,0.0,1.0
"F[0,2](((HbA1c >= 7.559 -> LDL >= 51.605) & UnitsInsBasalOrLongAct >= 54.388) -> Pt_ChildT1D <= 120.302)
",-9999999.000,-9999999.000,0.000,0.000,1.000,0,0,0,3,3,0,0,3,0.0,0,0,0.0,0.0,1.0
"F[0,2]((BldPrDia <= 79.482 & HDL <= 42.930) & AutonomicNeuroCl >= 12.289)
",-9999999.000,-9999999.000,0.000,0.000,1.000,0,0,0,3,3,0,0,3,0.0,0,0,0.0,0.0,1.0
"F[0,2](((AlbCreatRat_mggNew >= 55.595 | bmi >= 7.909) & DirectLDL <= 34.428) | AlbCreatRat_mggNew <= 33.119)
",-9999999.000,-9999999.000,0.000,0.000,1.000,0,0,0,3,3,0,0,3,0.0,0,0,0.0,0.0,1.0
"F[1,2](((bmiZscore <= 1.296 | BUN >= 12.459) & AlbCreatRat_mggNew >= 10.377) | TotalDailyInsPerKg <= 14.343)
",-9999999.000,-9999999.000,0.000,0.000,1.000,0,0,0,3,3,0,0,3,0.0,0,0,0.0,0.0,1.0
"F[1,1]((BldPrDia >= 76.616 -> TotalDailyInsPerKg >= 0.122) | Pt_A1cGoalLev <= 0.693)
",0.693,0.693,0.000,0.000,1.000,0,0,0,3,3,0,0,3,0.0,0,0,0.0,0.0,1.0
"((BldPrSys >= 109.445) U[0,2] (TotalDailyInsPerKg >= 0.398))
",-9999999.000,-9999999.000,0.000,0.000,1.000,0,0,0,3,3,0,0,3,0.0,0,0,0.0,0.0,1.0
"F[1,2]((BGTestAvgNumPtRep <= 2.962 & Pt_InsGov >= 0.066) | bmi <= 0.235)
",-9999999.000,-9999999.000,0.000,0.000,1.000,0,0,0,3,3,0,0,3,0.0,0,0,0.0,0.0,1.0
"F[1,2]((BldPrDia <= 83.368 -> BldPrSys >= 110.608) & bmi <= 122.751)
",-9999999.000,-9999999.000,0.000,0.000,1.000,0,0,0,3,3,0,0,3,0.0,0,0,0.0,0.0,1.0
"F[0,1]((bmi <= 36.455 -> bmiZscore >= 0.055) & diagAgeCombo >= 0.300)
",-9999999.000,-9999999.000,0.000,0.000,1.000,0,0,0,3,3,0,0,3,0.0,0,0,0.0,0.0,1.0
"((HeightCm <= 166.839) U[0,2] (Pt_InsGov <= 0.830))
",-9999999.000,-9999999.000,0.000,0.000,1.000,0,0,0,3,3,0,0,3,0.0,0,0,0.0,0.0,1.0
"F[1,2](HbA1c >= 7.650 -> Pt_A1cGoalLevelDsYr5 = 0.000)
",-9999999.000,-9999999.000,0.000,0.000,1.000,0,0,0,3,3,0,0,3,0.0,0,0,0.0,0.0,1.0
"((BGTestAvgNumMeter >= 2.928) U[0,2] (BGTestAvgNumPtRep <= 3.557))
",-9999999.000,-9999999.000,0.000,0.000,1.000,0,0,0,3,3,0,0,3,0.0,0,0,0.0,0.0,1.0
"F[1,2](HbA1c >= 7.313 -> Pt_A1cGoalLevelDsYr5 = 0.000)
",-9999999.000,-9999999.000,0.000,0.000,1.000,0,0,0,3,3,0,0,3,0.0,0,0,0.0,0.0,1.0
"((BGTestAvgNumMeter >= 1.283) U[0,2] (BGTestAvgNumPtRep <= 3.560))
",-9999999.000,-9999999.000,0.000,0.000,1.000,0,0,0,3,3,0,0,3,0.0,0,0,0.0,0.0,1.0
"F[0,1](HbA1c >= 8.615 -> Pt_A1cGoalLevelDsYr5 = 0.000)
",-9999999.000,-9999999.000,0.000,0.000,1.000,0,0,0,3,3,0,0,3,0.0,0,0,0.0,0.0,1.0
"((BGTestAvgNumMeter >= 1.205) U[0,1] (BGTestAvgNumPtRep <= 2.233))
",-9999999.000,-9999999.000,0.000,0.000,1.000,0,0,0,3,3,0,0,3,0.0,0,0,0.0,0.0,1.0
"F[0,2](HbA1c >= 8.265 -> Pt_A1cGoalLevelDsYr5 = 0.000)
",-9999999.000,-9999999.000,0.000,0.000,1.000,0,0,0,3,3,0,0,3,0.0,0,0,0.0,0.0,1.0
"((BGTestAvgNumMeter >= 0.401) U[0,2] (BGTestAvgNumPtRep <= 3.952))
",-9999999.000,-9999999.000,0.000,0.000,1.000,0,0,0,3,3,0,0,3,0.0,0,0,0.0,0.0,1.0
"F[0,2](((HeightCm >= 10.107 | TotalDailyInsPerKg >= 0.393) | TotalDailyInsPerKg <= 0.715) -> HDL <= 0.616)
",-9999999.000,-9999999.000,0.000,0.000,1.000,0,0,0,3,3,0,0,3,0.0,0,0,0.0,0.0,1.0
"F[0,2](HbA1c >= 7.988 -> Pt_A1cGoalLevelDsYr5 = 0.000)
",-9999999.000,-9999999.000,0.000,0.000,1.000,0,0,0,3,3,0,0,3,0.0,0,0,0.0,0.0,1.0
"F[1,2](HbA1c >= 8.506 -> Pt_A1cGoalLevelDsYr5 = 0.000)
",-9999999.000,-9999999.000,0.000,0.000,1.000,0,0,0,3,3,0,0,3,0.0,0,0,0.0,0.0,1.0
"F[0,1](HbA1c >= 7.919 -> Pt_A1cGoalLevelDsYr5 = 0.000)
",-9999999.000,-9999999.000,0.000,0.000,1.000,0,0,0,3,3,0,0,3,0.0,0,0,0.0,0.0,1.0
"F[1,2](HbA1c >= 7.796 -> Pt_A1cGoalLevelDsYr5 = 0.000)
",-9999999.000,-9999999.000,0.000,0.000,1.000,0,0,0,3,3,0,0,3,0.0,0,0,0.0,0.0,1.0
"((BGTestAvgNumMeter >= 0.139) U[0,2] (BGTestAvgNumPtRep <= 2.144))
",-9999999.000,-9999999.000,0.000,0.000,1.000,0,0,0,3,3,0,0,3,0.0,0,0,0.0,0.0,1.0
"F[0,0](HbA1c >= 8.470 -> Pt_A1cGoalLevelDsYr5 = 0.000)
",0.000,0.000,0.000,0.000,1.000,0,0,0,3,3,0,0,3,0.0,0,0,0.0,0.0,1.0
"F[1,2](Pt_SHFlg > 0.090 -> Pt_SHFlg = 0.371)
",-9999999.000,-9999999.000,0.000,0.000,1.000,0,0,0,3,3,0,0,3,0.0,0,0,0.0,0.0,1.0
"F[1,2](Pt_InsGov <= 0.500 -> Pt_SHFlg = 0.444)
",-9999999.000,-9999999.000,0.000,0.000,1.000,0,0,0,3,3,0,0,3,0.0,0,0,0.0,0.0,1.0
"F[1,2](TSH <= 6.476 & Pt_SHFlg = 0.899)
",-9999999.000,-9999999.000,0.000,0.000,1.000,0,0,0,3,3,0,0,3,0.0,0,0,0.0,0.0,1.0
"((AlbCreatRat_mggNew > 6.434) U[1,2] (Pt_SHFlg = 0.659))
",-9999999.000,-9999999.000,0.000,0.000,1.000,0,0,0,3,3,0,0,3,0.0,0,0,0.0,0.0,1.0
"F[1,2](HbA1c <= 9.231 & Pt_SHFlg = 0.901)
",-9999999.000,-9999999.000,0.000,0.000,1.000,0,0,0,3,3,0,0,3,0.0,0,0,0.0,0.0,1.0
"F[0,2](BldPrSys >= 117.872 -> Pt_SHFlg = 0.457)
",-9999999.000,-9999999.000,0.000,0.000,1.000,0,0,0,3,3,0,0,3,0.0,0,0,0.0,0.0,1.0
"((GFR > 28.115) U[1,2] (Pt_SHFlg = 0.874))
",-9999999.000,-9999999.000,0.000,0.000,1.000,0,0,0,3,3,0,0,3,0.0,0,0,0.0,0.0,1.0
"F[1,2](TotChol > 54.715 & Pt_SHFlg = 0.116)
",-9999999.000,-9999999.000,0.000,0.000,1.000,0,0,0,3,3,0,0,3,0.0,0,0,0.0,0.0,1.0
"F[2,2](UnitsInsBasalOrLongAct < 49.701 & Pt_SHFlg = 0.575)
",-0.575,-0.575,0.000,0.000,1.000,0,0,0,3,3,0,0,3,0.0,0,0,0.0,0.0,1.0
"F[1,2](HeightCm <= 140.739 -> Pt_SHFlg = 0.509)
",-9999999.000,-9999999.000,0.000,0.000,1.000,0,0,0,3,3,0,0,3,0.0,0,0,0.0,0.0,1.0
"((bmi <= 33.178) U[2,2] (Pt_SHFlg = 0.533))
",33.178,33.178,0.000,0.000,1.000,0,0,0,3,3,0,0,3,0.0,0,0,0.0,0.0,1.0
"F[2,2](bmiZscore >= 0.308 & Pt_SHFlg = 0.106)
",-0.308,-0.308,0.000,0.000,1.000,0,0,0,3,3,0,0,3,0.0,0,0,0.0,0.0,1.0
"((Triglyc >= 31.168) U[1,2] (Pt_SHFlg = 0.959))
",-9999999.000,-9999999.000,0.000,0.000,1.000,0,0,0,3,3,0,0,3,0.0,0,0,0.0,0.0,1.0
"F[0,1](AutonomicNeuroCl > 0.000 -> Pt_SHFlg = 0.629)
",-9999999.000,-9999999.000,0.000,0.000,1.000,0,0,0,3,3,0,0,3,0.0,0,0,0.0,0.0,1.0
"((diagAgeCombo < 1.000) U[1,2] (Pt_SHFlg = 0.183))
",-9999999.000,-9999999.000,0.000,0.000,1.000,0,0,0,3,3,0,0,3,0.0,0,0,0.0,0.0,1.0
"F[1,2]((GFR <= 77.692 & GFR >= 47.808) | BUN >= 59.175)
",-9999999.000,-9999999.000,0.000,0.000,1.000,0,0,0,3,3,0,0,3,0.0,0,0,0.0,0.0,1.0
"F[0,2](((HeightCm >= 7.311 -> WeightKg <= 113.432) & Pt_GrandparentT1D >= 68.081) & Pt_SHFlg >= 57.302)
",-9999999.000,-9999999.000,0.000,0.000,1.000,0,0,0,3,3,0,0,3,0.0,0,0,0.0,0.0,1.0
"F[1,2](((BGTestAvgNumPtRep >= 1.138 & Pt_CGMUseNumDays >= 0.349) | Pt_CGMUseNumDays >= 0.254) | SMBGperDayPtMeterCombo >= 0.441)
",-9999999.000,-9999999.000,0.000,0.000,1.000,0,0,0,3,3,0,0,3,0.0,0,0,0.0,0.0,1.0
"F[1,2](((SMBGperDayPtMeterCombo <= 5.242 & UnitsInsBasalOrLongAct >= 13.327) | bmiPerc <= 41.066) & Pt_InsGov <= 34.773)
",-9999999.000,-9999999.000,0.000,0.000,1.000,0,0,0,3,3,0,0,3,0.0,0,0,0.0,0.0,1.0
"((BldPrDia >= 73.861) U[0,0] (SMBGperDayPtMeterCombo <= 5.990))
",34.426,51.639,0.000,0.000,1.000,0,0,0,3,3,0,0,3,0.0,0,0,0.0,0.0,1.0
"F[0,1]((HDL >= 0.586 & Pt_SHFlg <= 0.406) -> WeightKg >= 0.036)
",-9999999.000,-9999999.000,0.000,0.000,1.000,0,0,0,3,3,0,0,3,0.0,0,0,0.0,0.0,1.0
"((age <= 34.819) U[0,1] (HDL >= 20.405))
",-9999999.000,-9999999.000,0.000,0.000,1.000,0,0,0,3,3,0,0,3,0.0,0,0,0.0,0.0,1.0
"F[1,2](BGTestAvgNumPtRep >= 0.383 -> WeightKg >= 14.827)
",-9999999.000,-9999999.000,0.000,0.000,1.000,0,0,0,3,3,0,0,3,0.0,0,0,0.0,0.0,1.0
"F[1,1](((BGTestAvgNumPtRep >= 0.420 | BldPrSys >= 118.255) & Pt_InsGov >= 109.102) | Pt_A1cGoalLev <= 120.741)
",120.741,120.741,0.000,0.000,1.000,0,0,0,3,3,0,0,3,0.0,0,0,0.0,0.0,1.0
"F[1,2]((AlbCreatRat_mggNew <= 67.281 & Triglyc <= 128.134) | diabDur >= 64.430)
",-9999999.000,-9999999.000,0.000,0.000,1.000,0,0,0,3,3,0,0,3,0.0,0,0,0.0,0.0,1.0
"F[1,2](((age <= 35.469 & bmiZscore <= 1.256) | DirectLDL >= 1.085) | Pt_SiblingT1D <= 1.365)
",-9999999.000,-9999999.000,0.000,0.000,1.000,0,0,0,3,3,0,0,3,0.0,0,0,0.0,0.0,1.0
"F[2,2]((TotalDailyInsPerKg <= 0.676 -> TotChol >= 17.569) | BUN <= 206.444)
",206.444,206.444,0.000,0.000,1.000,0,0,0,3,3,0,0,3,0.0,0,0,0.0,0.0,1.0
"F[0,1]((bmiZscore <= 1.198 & diabDur >= 32.497) -> bmiZscore <= 34.123)
",-9999999.000,-9999999.000,0.000,0.000,1.000,0,0,0,3,3,0,0,3,0.0,0,0,0.0,0.0,1.0
"((AlbCreatRat_mggNew <= 73.804) U[0,2] (TotalDailyInsPerKg <= 0.653))
",-9999999.000,-9999999.000,0.000,0.000,1.000,0,0,0,3,3,0,0,3,0.0,0,0,0.0,0.0,1.0
"F[0,0]((age <= 35.784 -> BUN >= 10.805) -> WeightKg >= 10.143)
",5.143,5.143,0.000,0.000,1.000,0,0,0,3,3,0,0,3,0.0,0,0,0.0,0.0,1.0
"F[0,2](((BUN <= 14.916 | TotChol <= 154.708) | Pt_MotherT1D >= 83.084) | NumPumpBolusOrShortAct <= 107.415)
",-9999999.000,-9999999.000,0.000,0.000,1.000,0,0,0,3,3,0,0,3,0.0,0,0,0.0,0.0,1.0
"((bmi <= 33.433) U[0,2] (TotChol <= 143.166))
",-9999999.000,-9999999.000,0.000,0.000,1.000,0,0,0,3,3,0,0,3,0.0,0,0,0.0,0.0,1.0
"F[0,2](((HbA1cImputeDtMnC >= 1.371 | Pt_InsGov <= 0.742) | Pt_GrandchildT1D >= 0.163) & LDL <= 0.265)
",-9999999.000,-9999999.000,0.000,0.000,1.000,0,0,0,3,3,0,0,3,0.0,0,0,0.0,0.0,1.0
"F[0,2](TotChol <= 172.476 -> WeightKg >= 58.651)
",-9999999.000,-9999999.000,0.000,0.000,1.000,0,0,0,3,3,0,0,3,0.0,0,0,0.0,0.0,1.0
"F[0,2]((BldPrDia <= 82.215 -> Pt_CGMUseNumDays >= 0.179) -> SMBGperDayPtMeterCombo >= 0.260)
",-9999999.000,-9999999.000,0.000,0.000,1.000,0,0,0,3,3,0,0,3,0.0,0,0,0.0,0.0,1.0
"((BGTestAvgNumMeter >= 0.218) U[0,1] (BGTestAvgNumPtRep <= 1.346))
",-9999999.000,-9999999.000,0.000,0.000,1.000,0,0,0,3,3,0,0,3,0.0,0,0,0.0,0.0,1.0
"F[0,2](((diabDur <= 35.418 & SMBGperDayPtMeterCombo >= 3.884) & WeightKg <= 4.730) -> bmi >= 3.474)
",-9999999.000,-9999999.000,0.000,0.000,1.000,0,0,0,3,3,0,0,3,0.0,0,0,0.0,0.0,1.0
"F[0,2](age <= 35.809 | LDL >= 65.828)
",-9999999.000,-9999999.000,0.000,0.000,1.000,0,0,0,3,3,0,0,3,0.0,0,0,0.0,0.0,1.0
"F[0,1](BUN >= 12.478 | UnitsInsBasalOrLongAct <= 37.572)
",-9999999.000,-9999999.000,0.000,0.000,1.000,0,0,0,3,3,0,0,3,0.0,0,0,0.0,0.0,1.0
"F[2,2](((BGTestAvgNumPtRep <= 2.865 -> HeightCm <= 141.844) | Pt_MotherT1D >= 14.684) & Pt_GrandparentT1D >= 97.298)
",-97.298,-97.298,0.000,0.000,1.000,0,0,0,3,3,0,0,3,0.0,0,0,0.0,0.0,1.0
"((diabDur <= 35.351) U[1,2] (LDL <= 133.017))
",-9999999.000,-9999999.000,0.000,0.000,1.000,0,0,0,3,3,0,0,3,0.0,0,0,0.0,0.0,1.0
"F[0,2](GFR >= 34.008 & Triglyc <= 131.030)
",-9999999.000,-9999999.000,0.000,0.000,1.000,0,0,0,3,3,0,0,3,0.0,0,0,0.0,0.0,1.0
"F[1,2](((Pt_SHFlg >= 0.060 & UnitsInsBasalOrLongAct >= 13.457) & BGTestAvgNumPtRep >= 27.829) | Pt_SiblingT1D >= 32.699)
",-9999999.000,-9999999.000,0.000,0.000,1.000,0,0,0,3,3,0,0,3,0.0,0,0,0.0,0.0,1.0
"F[1,2](((BUN >= 11.052 | GFR <= 63.032) & SMBGperDayPtMeterCombo >= 38.723) & bmiZscore >= 3.161)
",-9999999.000,-9999999.000,0.000,0.000,1.000,0,0,0,3,3,0,0,3,0.0,0,0,0.0,0.0,1.0
"((SMBGperDayPtMeterCombo <= 5.490) U[0,1] (Triglyc <= 183.720))
",-9999999.000,-9999999.000,0.000,0.000,1.000,0,0,0,3,3,0,0,3,0.0,0,0,0.0,0.0,1.0
"F[0,0](HeightCm <= 151.893 -> NumPumpBolusOrShortAct >= 3.402)
",-10.713,-41.243,0.000,0.000,1.000,0,0,0,3,3,0,0,3,0.0,0,0,0.0,0.0,1.0
"((BGTestAvgNumPtRep >= 0.806) U[2,2] (SMBGperDayPtMeterCombo <= 4.911))
",4.911,4.911,0.000,0.000,1.000,0,0,0,3,3,0,0,3,0.0,0,0,0.0,0.0,1.0
"F[0,1](((HbA1cImputeDtMnC <= 76.708 | LDL >= 6.701) -> bmiPerc >= 21.586) | HbA1cImputeDtMnC <= 88.503)
",-9999999.000,-9999999.000,0.000,0.000,1.000,0,0,0,3,3,0,0,3,0.0,0,0,0.0,0.0,1.0
"F[1,2]((AlbCreatRat_mggNew <= 64.224 & NumPumpBolusOrShortAct >= 0.195) -> Pt_ChildT1D >= 4.148)
",-9999999.000,-9999999.000,0.000,0.000,1.000,0,0,0,3,3,0,0,3,0.0,0,0,0.0,0.0,1.0
"F[0,2](((HbA1c >= 7.433 -> Triglyc >= 18.793) & TotChol >= 35.357) | HbA1cImputeDtMnC >= 82.091)
",-9999999.000,-9999999.000,0.000,0.000,1.000,0,0,0,3,3,0,0,3,0.0,0,0,0.0,0.0,1.0
"F[1,2](HbA1c >= 8.087 | HeightCm <= 145.993)
",-9999999.000,-9999999.000,0.000,0.000,1.000,0,0,0,3,3,0,0,3,0.0,0,0,0.0,0.0,1.0
"((BGTestAvgNumPtRep >= 0.326) U[0,1] (HbA1cImputeDtMnC >= 11.185))
",-9999999.000,-9999999.000,0.000,0.000,1.000,0,0,0,3,3,0,0,3,0.0,0,0,0.0,0.0,1.0
"F[2,2](((diabDur <= 34.165 -> Pt_InsGov <= 0.459) | UnitsInsBasalOrLongAct <= 0.234) -> diabDur >= 0.028)
",-0.234,-0.234,0.000,0.000,1.000,0,0,0,3,3,0,0,3,0.0,0,0,0.0,0.0,1.0
"F[1,2]((HbA1c >= 7.723 -> TSH >= 1.521) | bmiZscore <= 5.172)
",-9999999.000,-9999999.000,0.000,0.000,1.000,0,0,0,3,3,0,0,3,0.0,0,0,0.0,0.0,1.0
"F[2,2](HeightCm >= 53.424 | TotChol >= 71.657)
",-53.424,-53.424,0.000,0.000,1.000,0,0,0,3,3,0,0,3,0.0,0,0,0.0,0.0,1.0
"F[0,1]((AlbCreatRat_mggNew <= 67.882 | diabDur <= 34.111) -> SMBGperDayPtMeterCombo <= 35.638)
",-9999999.000,-9999999.000,0.000,0.000,1.000,0,0,0,3,3,0,0,3,0.0,0,0,0.0,0.0,1.0
"((age >= 31.332) U[2,2] (NumPumpBolusOrShortAct >= 2.646))
",-2.646,-2.646,0.000,0.000,1.000,0,0,0,3,3,0,0,3,0.0,0,0,0.0,0.0,1.0
"((HbA1cImputeDtMnC <= 71.577) U[0,1] (NumPumpBolusOrShortAct <= 6.888))
",-9999999.000,-9999999.000,0.000,0.000,1.000,0,0,0,3,3,0,0,3,0.0,0,0,0.0,0.0,1.0
"F[2,2](GFR >= 20.653 | SMBGperDayPtMeterCombo <= 4.465)
",4.465,4.465,0.000,0.000,1.000,0,0,0,3,3,0,0,3,0.0,0,0,0.0,0.0,1.0
"F[0,1](BGTestAvgNumMeter <= 4.034 | TotChol >= 87.358)
",-9999999.000,-9999999.000,0.000,0.000,1.000,0,0,0,3,3,0,0,3,0.0,0,0,0.0,0.0,1.0
"F[0,2](((BldPrDia >= 74.078 -> UnitsInsBasalOrLongAct >= 0.343) & BldPrDia >= 6.304) -> LDL >= 0.882)
",-9999999.000,-9999999.000,0.000,0.000,1.000,0,0,0,3,3,0,0,3,0.0,0,0,0.0,0.0,1.0
"((AlbCreatRat_mggNew >= 19.153) U[2,2] (BGTestAvgNumMeter <= 5.235))
",5.235,5.235,0.000,0.000,1.000,0,0,0,3,3,0,0,3,0.0,0,0,0.0,0.0,1.0
"F[1,2](((bmi <= 34.846 & UnitsInsBasalOrLongAct >= 31.175) -> diabDur >= 30.301) | HbA1cImputeDtMnC >= 18.550)
",-9999999.000,-9999999.000,0.000,0.000,1.000,0,0,0,3,3,0,0,3,0.0,0,0,0.0,0.0,1.0
"F[1,1](((LDL >= 5.856 & TotalDailyInsPerKg <= 0.711) | Pt_MotherT1D >= 0.041) -> TotChol >= 0.310)
",0.041,0.041,0.000,0.000,1.000,0,0,0,3,3,0,0,3,0.0,0,0,0.0,0.0,1.0
"F[1,2](((SMBGperDayPtMeterCombo >= 4.222 | WeightKg <= 114.469) | Pt_GrandparentT1D <= 106.680) -> bmiZscore <= 108.663)
",-9999999.000,-9999999.000,0.000,0.000,1.000,0,0,0,3,3,0,0,3,0.0,0,0,0.0,0.0,1.0
"((bmi <= 34.360) U[0,1] (SMBGperDayPtMeterCombo >= 3.706))
",-9999999.000,-9999999.000,0.000,0.000,1.000,0,0,0,3,3,0,0,3,0.0,0,0,0.0,0.0,1.0
"F[0,2](((bmi <= 40.135 & GFR <= 63.132) & AlbCreatRat_mggNew <= 81.065) & Pt_MotherT1D <= 92.734)
",-9999999.000,-9999999.000,0.000,0.000,1.000,0,0,0,3,3,0,0,3,0.0,0,0,0.0,0.0,1.0
"F[1,2](bmi <= 39.888 & LDL <= 79.750)
",-9999999.000,-9999999.000,0.000,0.000,1.000,0,0,0,3,3,0,0,3,0.0,0,0,0.0,0.0,1.0
"F[1,2](HeightCm <= 153.578 | LDL >= 60.315)
",-9999999.000,-9999999.000,0.000,0.000,1.000,0,0,0,3,3,0,0,3,0.0,0,0,0.0,0.0,1.0
"F[2,2]((AlbCreatRat_mggNew >= 12.309 & HbA1cImputeDtMnC <= 52.234) & WeightKg <= 71.372)
",-12.309,-12.309,0.000,0.000,1.000,0,0,0,3,3,0,0,3,0.0,0,0,0.0,0.0,1.0
"F[2,2]((BGTestAvgNumMeter >= 2.060 -> HbA1c >= 7.797) & Pt_CGMUseNumDays <= 10.655)
",2.060,2.060,0.000,0.000,1.000,0,0,0,3,3,0,0,3,0.0,0,0,0.0,0.0,1.0
"F[1,1](GFR <= 96.487 | Pt_SHFlg <= 0.423)
",96.487,96.487,0.000,0.000,1.000,0,0,0,3,3,0,0,3,0.0,0,0,0.0,0.0,1.0
"F[1,2]((bmi <= 34.089 -> BUN <= 17.168) & BGTestAvgNumPtRep <= 13.228)
",-9999999.000,-9999999.000,0.000,0.000,1.000,0,0,0,3,3,0,0,3,0.0,0,0,0.0,0.0,1.0
"F[1,1](((AlbCreatRat_mggNew >= 43.778 & Pt_SHFlg <= 0.726) & Pt_SiblingT1D >= 0.047) | BldPrSys >= 0.151)
",-0.151,-0.151,0.000,0.000,1.000,0,0,0,3,3,0,0,3,0.0,0,0,0.0,0.0,1.0
"((AlbCreatRat_mggNew <= 86.236) U[2,2] (Pt_CGMUseNumDays <= 2.592))
",86.236,86.236,0.000,0.000,1.000,0,0,0,3,3,0,0,3,0.0,0,0,0.0,0.0,1.0
"F[0,2](((BldPrDia <= 79.625 -> TSH >= 2.562) -> Pt_GrandchildT1D <= 4.532) | Pt_InsGov <= 4.747)
",-9999999.000,-9999999.000,0.000,0.000,1.000,0,0,0,3,3,0,0,3,0.0,0,0,0.0,0.0,1.0
"F[1,2](AlbCreatRat_mggNew >= 2.350 & TSH <= 3.226)
",-9999999.000,-9999999.000,0.000,0.000,1.000,0,0,0,3,3,0,0,3,0.0,0,0,0.0,0.0,1.0
"F[0,2](((bmi <= 40.203 & TSH <= 4.546) | GFR >= 0.889) & BGTestAvgNumMeter <= 4.044)
",-9999999.000,-9999999.000,0.000,0.000,1.000,0,0,0,3,3,0,0,3,0.0,0,0,0.0,0.0,1.0
"F[1,2](BUN <= 17.137 -> HbA1c <= 8.893)
",-9999999.000,-9999999.000,0.000,0.000,1.000,0,0,0,3,3,0,0,3,0.0,0,0,0.0,0.0,1.0
"F[0,1]((BUN <= 15.040 -> HeightCm >= 46.260) -> Pt_InsGov <= 144.318)
",-9999999.000,-9999999.000,0.000,0.000,1.000,0,0,0,3,3,0,0,3,0.0,0,0,0.0,0.0,1.0
"F[0,1]((BldPrSys <= 125.231 & SMBGperDayPtMeterCombo >= 3.419) -> Pt_SiblingT1D >= 3.442)
",-9999999.000,-9999999.000,0.000,0.000,1.000,0,0,0,3,3,0,0,3,0.0,0,0,0.0,0.0,1.0
"F[0,2](((bmiZscore >= 0.580 & GFR >= 11.970) & BldPrDia <= 82.856) -> AutonomicNeuroCl <= 72.283)
",-9999999.000,-9999999.000,0.000,0.000,1.000,0,0,0,3,3,0,0,3,0.0,0,0,0.0,0.0,1.0
"F[0,2]((bmiZscore <= 1.498 -> NumPumpBolusOrShortAct <= 15.149) -> GFR >= 3.381)
",-9999999.000,-9999999.000,0.000,0.000,1.000,0,0,0,3,3,0,0,3,0.0,0,0,0.0,0.0,1.0
"F[0,2](((age >= 33.081 -> WeightKg <= 99.545) | LDL >= 39.298) -> BGTestAvgNumMeter >= 9.067)
",-9999999.000,-9999999.000,0.000,0.000,1.000,0,0,0,3,3,0,0,3,0.0,0,0,0.0,0.0,1.0
"F[2,2](diabDur <= 35.489 -> WeightKg >= 22.985)
",-35.489,-35.489,0.000,0.000,1.000,0,0,0,3,3,0,0,3,0.0,0,0,0.0,0.0,1.0
"F[1,2](((bmi >= 19.483 | HbA1cImputeDtMnC <= 72.031) -> BldPrSys >= 32.459) | BldPrSys <= 77.075)
",-9999999.000,-9999999.000,0.000,0.000,1.000,0,0,0,3,3,0,0,3,0.0,0,0,0.0,0.0,1.0
"((Pt_DKAFlg <= 0.000) U[0,2] (SMBGperDayPtMeterCombo <= 5.073))
",-9999999.000,-9999999.000,0.000,0.000,1.000,0,0,0,3,3,0,0,3,0.0,0,0,0.0,0.0,1.0
