Rule,Discrimination Score,Pos Robustness,Neg Robustness,Percent Class +,Percent Class -,TP,TN,FP,FN,Actual Yes,Actual No,Predicted Yes,Predicted No,TPR/Sens,TNR/Spec,FPR,Precision,Accuracy,MCR,Class
"G[0,0](((DirectLDL >= 0.175 -> AlbCreatRat_mggNew <= 7.592) & Triglyc <= 5.881) -> BGTestAvgNumPtRep <= 4.808)
",0.260,1.692,0.000,1.000,0.000,2,0,0,0,2,0,2,0,1.0,0.0,0.0,1.0,1.0,0.0,1
"G[0,1](((bmiZscore <= 0.345 & Pt_FatherT1D >= 0.369) | HbA1cImputeDtMnC >= 0.407) | bmiZscore >= 0.270)
",9999999.000,9999999.000,0.000,1.000,0.000,2,0,0,0,2,0,2,0,1.0,0.0,0.0,1.0,1.0,0.0,1
"G[1,1](Pt_A1cGoalLevelDsYr5 <= 0.000 & Pt_CGMUseNumDays >= 0.000)
",0.000,0.000,0.000,1.000,0.000,2,0,0,0,2,0,2,0,1.0,0.0,0.0,1.0,1.0,0.0,1
"((HeightCm <= 174.808) U[1,1] (Pt_DKAFlg <= 0.000))
",174.808,174.808,0.000,0.000,1.000,2,0,0,0,2,0,2,0,1.0,0.0,0.0,1.0,1.0,0.0,-1
"G[0,1](GFR <= 0.000 -> BUN >= 0.000)
",9999999.000,9999999.000,0.000,1.000,0.000,2,0,0,0,2,0,2,0,1.0,0.0,0.0,1.0,1.0,0.0,1
"G[1,1](GFR <= 0.000 -> BUN >= 0.000)
",0.000,0.000,0.000,1.000,0.000,2,0,0,0,2,0,2,0,1.0,0.0,0.0,1.0,1.0,0.0,1
"G[0,1](((bmiPerc <= 0.230 | Pt_InsGov >= 0.000) -> diabDur <= 0.000) | Pt_GrandparentT1D >= 0.000)
",9999999.000,9999999.000,0.000,1.000,0.000,2,0,0,0,2,0,2,0,1.0,0.0,0.0,1.0,1.0,0.0,1
"G[0,1](((Pt_A1cGoalLev <= 3.214 & BGTestAvgNumPtRep >= 4.208) & Pt_DKAFlg <= 6.785) | Pt_GrandparentT1D <= 10.397)
",9999999.000,9999999.000,0.000,1.000,0.000,2,0,0,0,2,0,2,0,1.0,0.0,0.0,1.0,1.0,0.0,1
"G[0,1](((TSH >= 0.245 | Pt_A1cGoalLevelDsYr5 >= 0.000) -> Pt_GrandchildT1D <= 0.000) & Pt_CGMUseNumDays >= 0.000)
",9999999.000,9999999.000,0.000,1.000,0.000,2,0,0,0,2,0,2,0,1.0,0.0,0.0,1.0,1.0,0.0,1
"G[0,1]((Pt_SiblingT1D >= 0.000 & BGTestAvgNumMeter >= 4.532) | Pt_SiblingT1D <= 11.567)
",9999999.000,9999999.000,0.000,1.000,0.000,2,0,0,0,2,0,2,0,1.0,0.0,0.0,1.0,1.0,0.0,1
"G[1,1](diabDur >= 18.106 -> Pt_SHFlg = 0.000)
",0.000,0.000,0.000,1.000,0.000,2,0,0,0,2,0,2,0,1.0,0.0,0.0,1.0,1.0,0.0,1
"G[1,1](GFR <= 0.000 -> BUN >= 0.000)
",0.000,0.000,0.000,1.000,0.000,2,0,0,0,2,0,2,0,1.0,0.0,0.0,1.0,1.0,0.0,1
"F[0,0]((bmiZscore >= -0.180 & diabDur <= 18.365) & Pt_SiblingT1D >= 17.675)
",-17.675,-17.675,0.000,0.000,1.000,2,0,0,0,2,0,2,0,1.0,0.0,0.0,1.0,1.0,0.0,-1
"G[0,0](Pt_CGMUseNumDays >= 0.000 & Pt_InsGov >= 0.000)
",0.000,0.000,0.000,1.000,0.000,2,0,0,0,2,0,2,0,1.0,0.0,0.0,1.0,1.0,0.0,1
"G[1,1](BGTestAvgNumMeter <= 10.781 -> AlbCreatRat_mggNew <= 7.338)
",-10.781,-10.781,0.000,1.000,0.000,2,0,0,0,2,0,2,0,1.0,0.0,0.0,1.0,1.0,0.0,1
"G[0,1](((Pt_DKAFlg <= 0.000 & Triglyc <= 42.174) & Pt_GrandchildT1D <= 55.247) -> SMBGperDayPtMeterCombo <= 35.962)
",9999999.000,9999999.000,0.000,1.000,0.000,2,0,0,0,2,0,2,0,1.0,0.0,0.0,1.0,1.0,0.0,1
"G[0,0](GFR <= 0.000 -> BUN >= 0.000)
",-5.635,-0.405,0.000,1.000,0.000,2,0,0,0,2,0,2,0,1.0,0.0,0.0,1.0,1.0,0.0,1
"G[0,0](BldPrSys <= 118.647 | Pt_MotherT1D >= 0.000)
",118.647,118.647,0.000,1.000,0.000,2,0,0,0,2,0,2,0,1.0,0.0,0.0,1.0,1.0,0.0,1
"G[0,0]((Pt_SiblingT1D <= 0.000 | UnitsInsBasalOrLongAct <= 23.844) | Pt_A1cGoalLev <= 18.014)
",23.844,23.844,0.000,1.000,0.000,2,0,0,0,2,0,2,0,1.0,0.0,0.0,1.0,1.0,0.0,1
"G[0,0](((SMBGperDayPtMeterCombo >= 7.159 | SMBGperDayPtMeterCombo <= 10.817) & Pt_SHFlg >= 8.988) | TotalDailyInsPerKg <= 9.927)
",6.884,15.079,0.000,1.000,0.000,2,0,0,0,2,0,2,0,1.0,0.0,0.0,1.0,1.0,0.0,1
"G[0,1](((BUN <= 0.000 & Pt_InsGov >= 0.000) | bmi >= 0.000) | bmiPerc >= 0.000)
",9999999.000,9999999.000,0.000,1.000,0.000,2,0,0,0,2,0,2,0,1.0,0.0,0.0,1.0,1.0,0.0,1
"G[0,1](GFR <= 0.000 -> BUN >= 0.000)
",9999999.000,9999999.000,0.000,1.000,0.000,2,0,0,0,2,0,2,0,1.0,0.0,0.0,1.0,1.0,0.0,1
"F[0,0]((HeightCm <= 177.079 & NumPumpBolusOrShortAct >= 0.075) & AlbCreatRat_mggNew >= 0.080)
",-0.080,-0.080,0.000,0.000,1.000,2,0,0,0,2,0,2,0,1.0,0.0,0.0,1.0,1.0,0.0,-1
"F[0,1](diabDur <= 18.838 & BGTestAvgNumMeter <= 9.092)
",-9999999.000,-9999999.000,0.000,0.000,1.000,2,0,0,0,2,0,2,0,1.0,0.0,0.0,1.0,1.0,0.0,-1
"G[0,1](Pt_SiblingT1D >= 0.000 & Pt_MotherT1D >= 0.000)
",9999999.000,9999999.000,0.000,1.000,0.000,2,0,0,0,2,0,2,0,1.0,0.0,0.0,1.0,1.0,0.0,1
"F[0,0](LDL <= 85.437 & TotalDailyInsPerKg >= 0.650)
",18.350,18.350,0.000,0.000,1.000,2,0,0,0,2,0,2,0,1.0,0.0,0.0,1.0,1.0,0.0,-1
"F[0,0](bmiZscore <= 0.256 & TSH >= 0.185)
",-0.185,-0.185,0.000,0.000,1.000,2,0,0,0,2,0,2,0,1.0,0.0,0.0,1.0,1.0,0.0,-1
"F[0,1]((Pt_CGMUseNumDays >= 0.000 -> diagAgeCombo <= 3.000) & diabDur <= 3.000)
",-9999999.000,-9999999.000,0.000,0.000,1.000,2,0,0,0,2,0,2,0,1.0,0.0,0.0,1.0,1.0,0.0,-1
"F[0,1](((bmi <= 28.146 -> HeightCm <= 172.864) & Pt_InsGov >= 165.535) | Pt_GrandparentT1D >= 159.621)
",-9999999.000,-9999999.000,0.000,0.000,1.000,2,0,0,0,2,0,2,0,1.0,0.0,0.0,1.0,1.0,0.0,-1
"((DirectLDL >= 0.088) U[1,2] (Pt_DKAFlg <= 0.000))
",-9999999.000,-9999999.000,0.000,0.000,1.000,2,0,0,0,2,0,2,0,1.0,0.0,0.0,1.0,1.0,0.0,-1
"F[0,1]((bmi >= 24.517 -> Pt_A1cGoalLev >= 0.945) & bmiPerc >= 1.346)
",-9999999.000,-9999999.000,0.000,0.000,1.000,2,0,0,0,2,0,2,0,1.0,0.0,0.0,1.0,1.0,0.0,-1
"F[0,1]((bmi >= 26.176 -> DirectLDL <= 0.668) -> BldPrDia <= 0.467)
",-9999999.000,-9999999.000,0.000,0.000,1.000,2,0,0,0,2,0,2,0,1.0,0.0,0.0,1.0,1.0,0.0,-1
"F[0,1](((HbA1cImputeDtMnC >= 2.183 | HDL >= 11.921) | WeightKg >= 0.497) -> AutonomicNeuroCl >= 1.432)
",-9999999.000,-9999999.000,0.000,0.000,1.000,2,0,0,0,2,0,2,0,1.0,0.0,0.0,1.0,1.0,0.0,-1
"F[1,1](((DirectLDL >= 0.011 | WeightKg <= 79.075) -> WeightKg >= 75.975) & bmi >= 74.406)
",-79.075,-79.075,0.000,0.000,1.000,2,0,0,0,2,0,2,0,1.0,0.0,0.0,1.0,1.0,0.0,-1
"F[0,0](((BGTestAvgNumPtRep <= 10.343 -> bmi >= 24.011) & Pt_ChildT1D <= 30.503) & WeightKg <= 28.574)
",-0.591,-3.843,0.000,0.000,1.000,2,0,0,0,2,0,2,0,1.0,0.0,0.0,1.0,1.0,0.0,-1
"F[0,1]((HDL <= 19.189 & TotalDailyInsPerKg <= 0.814) & HbA1cImputeDtMnC <= 0.808)
",-9999999.000,-9999999.000,0.000,0.000,1.000,2,0,0,0,2,0,2,0,1.0,0.0,0.0,1.0,1.0,0.0,-1
"F[0,1](((bmiZscore >= -0.231 -> WeightKg >= 76.034) | DirectLDL >= 76.587) -> Pt_ChildT1D >= 75.692)
",-9999999.000,-9999999.000,0.000,0.000,1.000,2,0,0,0,2,0,2,0,1.0,0.0,0.0,1.0,1.0,0.0,-1
"F[0,0](((BGTestAvgNumPtRep <= 9.953 -> SMBGperDayPtMeterCombo >= 6.280) | DirectLDL <= 11.211) & NumPumpBolusOrShortAct >= 7.960)
",-53.720,-53.720,0.000,0.000,1.000,2,0,0,0,2,0,2,0,1.0,0.0,0.0,1.0,1.0,0.0,-1
"F[0,1](bmi >= 26.039 & Triglyc >= 10.415)
",-9999999.000,-9999999.000,0.000,0.000,1.000,2,0,0,0,2,0,2,0,1.0,0.0,0.0,1.0,1.0,0.0,-1
"((diabDur <= 18.908) U[1,1] (TSH >= 0.130))
",18.908,18.908,0.000,0.000,1.000,2,0,0,0,2,0,2,0,1.0,0.0,0.0,1.0,1.0,0.0,-1
"((SMBGperDayPtMeterCombo <= 9.433) U[1,1] (AutonomicNeuroCl <= 0.000))
",9.433,9.433,0.000,0.000,1.000,2,0,0,0,2,0,2,0,1.0,0.0,0.0,1.0,1.0,0.0,-1
"F[0,1](((Pt_FatherT1D >= 0.180 & HbA1c <= 6.527) & AlbCreatRat_mggNew >= 6.285) & Pt_A1cGoalLev >= 6.395)
",-9999999.000,-9999999.000,0.000,0.000,1.000,2,0,0,0,2,0,2,0,1.0,0.0,0.0,1.0,1.0,0.0,-1
"((bmiZscore >= -0.105) U[1,1] (LDL >= 3.678))
",0.105,0.105,0.000,0.000,1.000,2,0,0,0,2,0,2,0,1.0,0.0,0.0,1.0,1.0,0.0,-1
"F[0,1]((Triglyc <= 74.098 & TotalDailyInsPerKg <= 0.798) & HbA1c <= 0.794)
",-9999999.000,-9999999.000,0.000,0.000,1.000,2,0,0,0,2,0,2,0,1.0,0.0,0.0,1.0,1.0,0.0,-1
"F[0,1](((LDL <= 77.441 | HDL <= 66.853) | Pt_InsGov >= 15.751) & HeightCm <= 30.733)
",-9999999.000,-9999999.000,0.000,0.000,1.000,2,0,0,0,2,0,2,0,1.0,0.0,0.0,1.0,1.0,0.0,-1
"F[1,1]((bmi <= 32.651 | Pt_FatherT1D >= 0.004) -> HeightCm <= 0.636)
",-32.651,-32.651,0.000,0.000,1.000,2,0,0,0,2,0,2,0,1.0,0.0,0.0,1.0,1.0,0.0,-1
"G[0,1](((BldPrSys <= 114.589 | HbA1c <= 6.649) & TotChol >= 6.408) | BUN <= 6.694)
",9999999.000,9999999.000,0.000,1.000,0.000,2,0,0,0,2,0,2,0,1.0,0.0,0.0,1.0,1.0,0.0,1
"G[0,0]((WeightKg >= 77.341 | bmi >= 25.688) -> UnitsInsBasalOrLongAct <= 21.061)
",-21.061,-21.061,0.000,1.000,0.000,2,0,0,0,2,0,2,0,1.0,0.0,0.0,1.0,1.0,0.0,1
"G[1,1]((Pt_CGMUseNumDays <= 0.000 & diabDur >= 17.355) | GFR <= 18.727)
",18.727,18.727,0.000,1.000,0.000,2,0,0,0,2,0,2,0,1.0,0.0,0.0,1.0,1.0,0.0,1
"G[0,1](((LDL >= 29.315 -> Pt_FatherT1D <= 0.874) -> DirectLDL >= 0.477) | Pt_A1cGoalLevelDsYr5 <= 0.570)
",9999999.000,9999999.000,0.000,1.000,0.000,2,0,0,0,2,0,2,0,1.0,0.0,0.0,1.0,1.0,0.0,1
"G[1,1](Pt_DKAFlg >= 0.000 | BUN >= 0.000)
",0.000,0.000,0.000,1.000,0.000,2,0,0,0,2,0,2,0,1.0,0.0,0.0,1.0,1.0,0.0,1
"G[1,1](((SMBGperDayPtMeterCombo <= 12.763 | TotalDailyInsPerKg >= 0.665) | HDL >= 0.575) | Pt_SiblingT1D >= 0.673)
",12.763,12.763,0.000,1.000,0.000,2,0,0,0,2,0,2,0,1.0,0.0,0.0,1.0,1.0,0.0,1
"G[1,1](((NumPumpBolusOrShortAct >= 1.057 | WeightKg >= 76.478) & HDL >= 75.213) -> bmi >= 76.315)
",75.213,75.213,0.000,1.000,0.000,2,0,0,0,2,0,2,0,1.0,0.0,0.0,1.0,1.0,0.0,1
"G[0,1](TSH <= 1.696 | NumPumpBolusOrShortAct <= 2.046)
",9999999.000,9999999.000,0.000,1.000,0.000,2,0,0,0,2,0,2,0,1.0,0.0,0.0,1.0,1.0,0.0,1
"G[0,0](((DirectLDL >= 0.005 & TSH <= 1.600) | AlbCreatRat_mggNew >= 0.146) | Pt_GrandchildT1D <= 1.150)
",1.600,1.600,0.000,1.000,0.000,2,0,0,0,2,0,2,0,1.0,0.0,0.0,1.0,1.0,0.0,1
"G[1,1](((BldPrDia <= 72.294 | HbA1cImputeDtMnC <= 25.166) & Pt_SiblingT1D <= 25.113) | bmi >= 12.201)
",25.113,25.113,0.000,1.000,0.000,2,0,0,0,2,0,2,0,1.0,0.0,0.0,1.0,1.0,0.0,1
"G[1,1](((diabDur <= 18.574 | Triglyc <= 98.912) | Pt_FatherT1D <= 96.468) | Pt_InsGov <= 116.409)
",116.409,116.409,0.000,1.000,0.000,2,0,0,0,2,0,2,0,1.0,0.0,0.0,1.0,1.0,0.0,1
"G[0,1]((Pt_MotherT1D <= 0.000 | BUN >= 0.000) & GFR <= 0.000)
",9999999.000,9999999.000,0.000,1.000,0.000,2,0,0,0,2,0,2,0,1.0,0.0,0.0,1.0,1.0,0.0,1
"G[1,1](BGTestAvgNumPtRep <= 8.487 -> WeightKg <= 78.904)
",-78.904,-78.904,0.000,1.000,0.000,2,0,0,0,2,0,2,0,1.0,0.0,0.0,1.0,1.0,0.0,1
"G[1,1](((HeightCm >= 160.553 -> Pt_MotherT1D >= 0.000) -> BUN >= 0.000) -> Pt_FatherT1D >= 0.000)
",0.000,0.000,0.000,1.000,0.000,2,0,0,0,2,0,2,0,1.0,0.0,0.0,1.0,1.0,0.0,1
"G[1,1](((BGTestAvgNumPtRep <= 8.774 | LDL >= 45.828) | SMBGperDayPtMeterCombo >= 38.891) | BldPrSys <= 94.838)
",94.838,94.838,0.000,1.000,0.000,2,0,0,0,2,0,2,0,1.0,0.0,0.0,1.0,1.0,0.0,1
"G[1,1]((BldPrDia <= 66.953 -> bmiZscore <= 0.454) | UnitsInsBasalOrLongAct <= 0.806)
",0.806,0.806,0.000,1.000,0.000,2,0,0,0,2,0,2,0,1.0,0.0,0.0,1.0,1.0,0.0,1
"G[0,0]((LDL <= 90.359 & TotChol >= 0.000) -> HbA1c >= 0.000)
",-1.000,-0.875,0.000,1.000,0.000,2,0,0,0,2,0,2,0,1.0,0.0,0.0,1.0,1.0,0.0,1
"G[0,1]((BGTestAvgNumPtRep >= 1.650 | Pt_GrandchildT1D >= 0.000) & AlbCreatRat_mggNew >= 0.000)
",9999999.000,9999999.000,0.000,1.000,0.000,2,0,0,0,2,0,2,0,1.0,0.0,0.0,1.0,1.0,0.0,1
"G[0,1]((Pt_GrandparentT1D <= 0.000 | TotChol >= 0.000) | AutonomicNeuroCl <= 0.000)
",9999999.000,9999999.000,0.000,1.000,0.000,2,0,0,0,2,0,2,0,1.0,0.0,0.0,1.0,1.0,0.0,1
"G[0,1](((Pt_GrandchildT1D <= 0.000 -> Pt_InsGov <= 0.000) & GFR <= 0.000) | DirectLDL <= 0.000)
",9999999.000,9999999.000,0.000,1.000,0.000,2,0,0,0,2,0,2,0,1.0,0.0,0.0,1.0,1.0,0.0,1
"G[1,1](((BGTestAvgNumPtRep <= 11.097 | DirectLDL <= 0.836) -> BGTestAvgNumPtRep >= 0.107) -> bmiZscore >= 0.054)
",0.054,0.054,0.000,1.000,0.000,2,0,0,0,2,0,2,0,1.0,0.0,0.0,1.0,1.0,0.0,1
"G[1,1]((HeightCm <= 174.953 | UnitsInsBasalOrLongAct >= 7.011) | SMBGperDayPtMeterCombo <= 23.073)
",174.953,174.953,0.000,1.000,0.000,2,0,0,0,2,0,2,0,1.0,0.0,0.0,1.0,1.0,0.0,1
"G[0,1]((bmiPerc <= 0.434 | Pt_SiblingT1D >= 0.000) & Pt_A1cGoalLevelDsYr5 <= 0.000)
",9999999.000,9999999.000,0.000,1.000,0.000,2,0,0,0,2,0,2,0,1.0,0.0,0.0,1.0,1.0,0.0,1
"G[0,1](Pt_A1cGoalLev >= 0.531 -> WeightKg <= 79.372)
",9999999.000,9999999.000,0.000,1.000,0.000,2,0,0,0,2,0,2,0,1.0,0.0,0.0,1.0,1.0,0.0,1
"G[0,1]((TotalDailyInsPerKg <= 0.736 | TSH >= 0.411) | diabDur >= 0.176)
",9999999.000,9999999.000,0.000,1.000,0.000,2,0,0,0,2,0,2,0,1.0,0.0,0.0,1.0,1.0,0.0,1
"G[0,0]((bmiPerc <= 0.647 -> HeightCm <= 174.373) -> Pt_A1cGoalLevelDsYr5 <= 173.397)
",-173.397,-173.397,0.000,1.000,0.000,2,0,0,0,2,0,2,0,1.0,0.0,0.0,1.0,1.0,0.0,1
"G[1,1](bmiPerc <= 0.589 | DirectLDL <= 0.624)
",0.624,0.624,0.000,1.000,0.000,2,0,0,0,2,0,2,0,1.0,0.0,0.0,1.0,1.0,0.0,1
"G[0,1]((bmiPerc <= 0.511 & TSH >= 0.243) -> bmi >= 0.386)
",9999999.000,9999999.000,0.000,1.000,0.000,2,0,0,0,2,0,2,0,1.0,0.0,0.0,1.0,1.0,0.0,1
"G[0,1]((Pt_A1cGoalLevelDsYr5 <= 0.000 & diagAgeCombo >= 3.000) | AutonomicNeuroCl <= 3.000)
",9999999.000,9999999.000,0.000,1.000,0.000,2,0,0,0,2,0,2,0,1.0,0.0,0.0,1.0,1.0,0.0,1
"((DirectLDL <= 0.888) U[0,0] (SMBGperDayPtMeterCombo <= 9.710))
",-50.290,-50.290,0.000,0.000,1.000,2,0,0,0,2,0,2,0,1.0,0.0,0.0,1.0,1.0,0.0,-1
"G[0,1]((Pt_MotherT1D >= 0.000 & Pt_DKAFlg <= 0.000) & BUN >= 0.000)
",9999999.000,9999999.000,0.000,1.000,0.000,2,0,0,0,2,0,2,0,1.0,0.0,0.0,1.0,1.0,0.0,1
"G[1,1](((Pt_A1cGoalLevelDsYr5 <= 0.000 -> NumPumpBolusOrShortAct >= 1.304) & Triglyc <= 5.213) | Pt_MotherT1D <= 3.323)
",3.323,3.323,0.000,1.000,0.000,2,0,0,0,2,0,2,0,1.0,0.0,0.0,1.0,1.0,0.0,1
"G[0,0](diagAgeCombo >= 3.000 & Pt_InsGov <= 0.000)
",-3.000,-3.000,0.000,1.000,0.000,2,0,0,0,2,0,2,0,1.0,0.0,0.0,1.0,1.0,0.0,1
"G[0,1]((TSH >= 0.436 & UnitsInsBasalOrLongAct >= 4.280) | BldPrDia >= 5.176)
",9999999.000,9999999.000,0.000,1.000,0.000,2,0,0,0,2,0,2,0,1.0,0.0,0.0,1.0,1.0,0.0,1
"G[0,0](((TotChol <= 0.000 & BldPrSys >= 105.540) -> SMBGperDayPtMeterCombo >= 104.848) | TotChol <= 113.838)
",113.838,113.838,0.000,1.000,0.000,2,0,0,0,2,0,2,0,1.0,0.0,0.0,1.0,1.0,0.0,1
"G[0,1](((BGTestAvgNumPtRep <= 7.608 | BldPrSys <= 117.111) & GFR >= 109.858) | AutonomicNeuroCl <= 117.791)
",9999999.000,9999999.000,0.000,1.000,0.000,2,0,0,0,2,0,2,0,1.0,0.0,0.0,1.0,1.0,0.0,1
"G[0,1](((HbA1cImputeDtMnC >= 9.370 & BldPrSys >= 103.640) -> diabDur <= 116.450) | BGTestAvgNumPtRep <= 118.858)
",9999999.000,9999999.000,0.000,1.000,0.000,2,0,0,0,2,0,2,0,1.0,0.0,0.0,1.0,1.0,0.0,1
"G[0,1](((Pt_GrandchildT1D >= 0.000 & LDL <= 90.787) | Pt_SiblingT1D <= 88.895) | Triglyc <= 89.333)
",9999999.000,9999999.000,0.000,1.000,0.000,2,0,0,0,2,0,2,0,1.0,0.0,0.0,1.0,1.0,0.0,1
"G[0,0]((UnitsInsBasalOrLongAct >= 6.423 -> TotalDailyInsPerKg <= 0.817) -> HbA1c >= 0.696)
",-6.423,-6.423,0.000,1.000,0.000,2,0,0,0,2,0,2,0,1.0,0.0,0.0,1.0,1.0,0.0,1
"G[0,1](SMBGperDayPtMeterCombo <= 12.595 | Pt_A1cGoalLevelDsYr5 <= 0.000)
",9999999.000,9999999.000,0.000,1.000,0.000,2,0,0,0,2,0,2,0,1.0,0.0,0.0,1.0,1.0,0.0,1
"G[0,1](GFR <= 0.000 -> BUN >= 0.000)
",9999999.000,9999999.000,0.000,1.000,0.000,2,0,0,0,2,0,2,0,1.0,0.0,0.0,1.0,1.0,0.0,1
"G[0,1](LDL >= 24.983 -> Pt_SiblingT1D <= 0.000)
",9999999.000,9999999.000,0.000,1.000,0.000,2,0,0,0,2,0,2,0,1.0,0.0,0.0,1.0,1.0,0.0,1
"G[0,1]((Triglyc >= 31.381 | Pt_CGMUseNumDays >= 0.000) & Pt_MotherT1D <= 0.000)
",9999999.000,9999999.000,0.000,1.000,0.000,2,0,0,0,2,0,2,0,1.0,0.0,0.0,1.0,1.0,0.0,1
"G[1,1](((BldPrSys <= 113.952 & Pt_CGMUseNumDays <= 0.000) -> Pt_InsGov <= 0.000) | age <= 0.000)
",0.000,0.000,0.000,1.000,0.000,2,0,0,0,2,0,2,0,1.0,0.0,0.0,1.0,1.0,0.0,1
"G[0,0](((HbA1cImputeDtMnC <= 19.831 & TotalDailyInsPerKg <= 0.829) | BldPrDia <= 0.758) -> LDL >= 0.667)
",2.233,0.071,0.000,1.000,0.000,2,0,0,0,2,0,2,0,1.0,0.0,0.0,1.0,1.0,0.0,1
"G[0,0](((Pt_SiblingT1D >= 0.000 | Pt_SiblingT1D <= 0.000) -> Pt_SiblingT1D <= 0.000) -> Pt_SHFlg <= 0.000)
",0.000,0.000,0.000,1.000,0.000,2,0,0,0,2,0,2,0,1.0,0.0,0.0,1.0,1.0,0.0,1
"G[0,1](((BGTestAvgNumMeter >= 7.074 | HDL <= 41.659) | BldPrDia >= 12.086) -> HbA1c <= 52.145)
",9999999.000,9999999.000,0.000,1.000,0.000,2,0,0,0,2,0,2,0,1.0,0.0,0.0,1.0,1.0,0.0,1
"G[0,1](age <= 21.399 | Pt_FatherT1D <= 0.790)
",9999999.000,9999999.000,0.000,1.000,0.000,2,0,0,0,2,0,2,0,1.0,0.0,0.0,1.0,1.0,0.0,1
"((BGTestAvgNumMeter >= 8.228) U[0,1] (BGTestAvgNumPtRep <= 10.260))
",-9999999.000,-9999999.000,0.000,0.000,1.000,1,0,0,1,2,0,1,1,0.5,0.0,0.0,1.0,0.5,0.5,-1
"F[0,1](BGTestAvgNumPtRep >= 0.547 -> Pt_FatherT1D <= 0.718)
",-9999999.000,-9999999.000,0.000,0.000,1.000,1,0,0,1,2,0,1,1,0.5,0.0,0.0,1.0,0.5,0.5,-1
"F[0,1]((bmiPerc <= 0.709 -> HeightCm <= 175.261) | DirectLDL >= 171.947)
",-9999999.000,-9999999.000,0.000,0.000,1.000,1,0,0,1,2,0,1,1,0.5,0.0,0.0,1.0,0.5,0.5,-1
"((HbA1c <= 6.561) U[0,1] (LDL <= 86.762))
",-9999999.000,-9999999.000,0.000,0.000,1.000,1,0,0,1,2,0,1,1,0.5,0.0,0.0,1.0,0.5,0.5,-1
"F[0,1](BldPrDia > 66.137 & Pt_SHFlg = 0.000)
",-9999999.000,-9999999.000,0.000,0.000,1.000,1,0,0,1,2,0,1,1,0.5,0.0,0.0,1.0,0.5,0.5,-1
"F[0,1]((DirectLDL <= 0.353 & bmi <= 31.178) & HDL >= 26.425)
",-9999999.000,-9999999.000,0.000,0.000,1.000,1,0,0,1,2,0,1,1,0.5,0.0,0.0,1.0,0.5,0.5,-1
"F[0,0](((bmiZscore >= -0.128 | NumPumpBolusOrShortAct <= 4.194) | diabDur <= 5.482) -> SMBGperDayPtMeterCombo <= 4.571)
",-4.194,-4.194,0.000,0.000,1.000,1,0,0,1,2,0,1,1,0.5,0.0,0.0,1.0,0.5,0.5,-1
"((UnitsInsBasalOrLongAct >= 3.605) U[1,2] (AutonomicNeuroCl <= 0.000))
",-9999999.000,-9999999.000,0.000,0.000,1.000,1,0,0,1,2,0,1,1,0.5,0.0,0.0,1.0,0.5,0.5,-1
"((BGTestAvgNumMeter >= 6.180) U[1,1] (BGTestAvgNumPtRep <= 10.098))
",10.098,10.098,0.000,0.000,1.000,1,0,0,1,2,0,1,1,0.5,0.0,0.0,1.0,0.5,0.5,-1
"F[0,0](TotalDailyInsPerKg < 0.736 & Pt_SHFlg = 0.000)
",-10.987,-24.066,0.000,0.000,1.000,1,0,0,1,2,0,1,1,0.5,0.0,0.0,1.0,0.5,0.5,-1
"((BGTestAvgNumMeter <= 12.521) U[1,2] (DirectLDL >= 0.195))
",-9999999.000,-9999999.000,0.000,0.000,1.000,1,0,0,1,2,0,1,1,0.5,0.0,0.0,1.0,0.5,0.5,-1
"F[0,1]((HbA1cImputeDtMnC <= 24.040 | diagAgeCombo >= 3.000) & Triglyc >= 3.000)
",-9999999.000,-9999999.000,0.000,0.000,1.000,1,0,0,1,2,0,1,1,0.5,0.0,0.0,1.0,0.5,0.5,-1
"F[0,1](((BldPrDia >= 63.792 & Pt_MotherT1D >= 0.000) | AutonomicNeuroCl <= 0.000) & Pt_FatherT1D <= 0.000)
",-9999999.000,-9999999.000,0.000,0.000,1.000,1,0,0,1,2,0,1,1,0.5,0.0,0.0,1.0,0.5,0.5,-1
"((age <= 21.895) U[0,0] (LDL <= 71.472))
",2233.630,70.876,0.000,0.000,1.000,1,0,0,1,2,0,1,1,0.5,0.0,0.0,1.0,0.5,0.5,-1
"F[0,0](Pt_SiblingT1D >= 0.000 -> AlbCreatRat_mggNew <= 6.539)
",-6.539,-6.539,0.000,0.000,1.000,1,0,0,1,2,0,1,1,0.5,0.0,0.0,1.0,0.5,0.5,-1
"F[0,0](((SMBGperDayPtMeterCombo <= 12.096 & TotChol >= 0.000) & Pt_MotherT1D >= 0.000) & GFR >= 0.000)
",-47.904,-47.904,0.000,0.000,1.000,1,0,0,1,2,0,1,1,0.5,0.0,0.0,1.0,0.5,0.5,-1
"F[0,1](((Pt_SiblingT1D <= 0.000 -> diabDur <= 18.416) & TotalDailyInsPerKg >= 17.943) | HbA1cImputeDtMnC >= 17.001)
",-9999999.000,-9999999.000,0.000,0.000,1.000,1,0,0,1,2,0,1,1,0.5,0.0,0.0,1.0,0.5,0.5,-1
"((Triglyc <= 73.561) U[1,2] (Pt_SHFlg = 0.000))
",-9999999.000,-9999999.000,0.000,0.000,1.000,1,0,0,1,2,0,1,1,0.5,0.0,0.0,1.0,0.5,0.5,-1
"((BGTestAvgNumMeter >= 6.928) U[0,0] (BGTestAvgNumPtRep <= 6.080))
",17.072,17.072,0.000,0.000,1.000,1,0,0,1,2,0,1,1,0.5,0.0,0.0,1.0,0.5,0.5,-1
"((bmiPerc >= 0.191) U[1,2] (Pt_SHFlg = 0.000))
",-9999999.000,-9999999.000,0.000,0.000,1.000,1,0,0,1,2,0,1,1,0.5,0.0,0.0,1.0,0.5,0.5,-1
"((Pt_SHFlg >= 0.000) U[1,1] (diabDur <= 18.306))
",18.306,18.306,0.000,0.000,1.000,1,0,0,1,2,0,1,1,0.5,0.0,0.0,1.0,0.5,0.5,-1
"((BGTestAvgNumMeter >= 8.951) U[0,1] (BGTestAvgNumPtRep <= 6.354))
",-9999999.000,-9999999.000,0.000,0.000,1.000,1,0,0,1,2,0,1,1,0.5,0.0,0.0,1.0,0.5,0.5,-1
"((age <= 21.711) U[1,2] (bmiZscore >= -0.395))
",-9999999.000,-9999999.000,0.000,0.000,1.000,1,0,0,1,2,0,1,1,0.5,0.0,0.0,1.0,0.5,0.5,-1
"((BUN >= 0.000) U[1,1] (BldPrDia >= 61.433))
",0.000,0.000,0.000,0.000,1.000,1,0,0,1,2,0,1,1,0.5,0.0,0.0,1.0,0.5,0.5,-1
"F[0,0](BldPrDia > 64.341 & Pt_SHFlg = 0.000)
",-10.987,-24.066,0.000,0.000,1.000,1,0,0,1,2,0,1,1,0.5,0.0,0.0,1.0,0.5,0.5,-1
"F[1,1](BGTestAvgNumPtRep <= 10.428 -> TSH <= 0.768)
",-10.428,-10.428,0.000,0.000,1.000,1,0,0,1,2,0,1,1,0.5,0.0,0.0,1.0,0.5,0.5,-1
"F[0,0](Triglyc >= 33.086 & Pt_SHFlg = 0.000)
",-33.086,-33.086,0.000,0.000,1.000,1,0,0,1,2,0,1,1,0.5,0.0,0.0,1.0,0.5,0.5,-1
"F[0,1]((Pt_A1cGoalLevelDsYr5 >= 0.000 & HbA1cImputeDtMnC >= 11.116) -> TotChol >= 12.644)
",-9999999.000,-9999999.000,0.000,0.000,1.000,1,0,0,1,2,0,1,1,0.5,0.0,0.0,1.0,0.5,0.5,-1
"F[1,1](TotalDailyInsPerKg <= 0.817 -> bmiZscore <= 0.927)
",-0.927,-0.927,0.000,0.000,1.000,1,0,0,1,2,0,1,1,0.5,0.0,0.0,1.0,0.5,0.5,-1
"F[0,1](bmiZscore <= 0.408 & HbA1c <= 6.576)
",-9999999.000,-9999999.000,0.000,0.000,1.000,1,0,0,1,2,0,1,1,0.5,0.0,0.0,1.0,0.5,0.5,-1
"F[0,1]((WeightKg >= 75.150 & HeightCm <= 178.281) | SMBGperDayPtMeterCombo >= 170.543)
",-9999999.000,-9999999.000,0.000,0.000,1.000,1,0,0,1,2,0,1,1,0.5,0.0,0.0,1.0,0.5,0.5,-1
"F[0,0](BGTestAvgNumMeter >= 8.084 -> Pt_FatherT1D <= 0.553)
",-15.916,-15.916,0.000,0.000,1.000,1,0,0,1,2,0,1,1,0.5,0.0,0.0,1.0,0.5,0.5,-1
"((BGTestAvgNumMeter >= 0.789) U[0,0] (BGTestAvgNumPtRep <= 8.241))
",23.211,23.211,0.000,0.000,1.000,1,0,0,1,2,0,1,1,0.5,0.0,0.0,1.0,0.5,0.5,-1
"F[0,1](BldPrSys <= 117.963 & bmiPerc <= 0.254)
",-9999999.000,-9999999.000,0.000,0.000,1.000,1,0,0,1,2,0,1,1,0.5,0.0,0.0,1.0,0.5,0.5,-1
"((HbA1c <= 6.822) U[1,1] (HbA1cImputeDtMnC >= 11.380))
",6.822,6.822,0.000,0.000,1.000,1,0,0,1,2,0,1,1,0.5,0.0,0.0,1.0,0.5,0.5,-1
"((BGTestAvgNumPtRep <= 8.044) U[1,2] (diabDur <= 18.723))
",-9999999.000,-9999999.000,0.000,0.000,1.000,1,0,0,1,2,0,1,1,0.5,0.0,0.0,1.0,0.5,0.5,-1
"F[1,1]((age >= 20.765 -> BldPrDia <= 68.187) & HDL <= 72.356)
",-68.187,-68.187,0.000,0.000,1.000,1,0,0,1,2,0,1,1,0.5,0.0,0.0,1.0,0.5,0.5,-1
"((HeightCm <= 178.724) U[0,0] (WeightKg <= 79.360))
",56.505,102.521,0.000,0.000,1.000,1,0,0,1,2,0,1,1,0.5,0.0,0.0,1.0,0.5,0.5,-1
"((age <= 21.741) U[1,2] (BldPrSys <= 116.613))
",-9999999.000,-9999999.000,0.000,0.000,1.000,1,0,0,1,2,0,1,1,0.5,0.0,0.0,1.0,0.5,0.5,-1
"F[0,0](((BldPrSys <= 114.755 & HbA1c >= 6.430) -> Pt_DKAFlg >= 6.305) | TotChol >= 6.453)
",6.762,5.493,0.000,0.000,1.000,1,0,0,1,2,0,1,1,0.5,0.0,0.0,1.0,0.5,0.5,-1
"F[0,1](BGTestAvgNumPtRep >= 5.746 | Pt_A1cGoalLev >= 1.094)
",-9999999.000,-9999999.000,0.000,0.000,1.000,1,0,0,1,2,0,1,1,0.5,0.0,0.0,1.0,0.5,0.5,-1
"((BldPrSys >= 103.512) U[0,0] (Pt_FatherT1D <= 0.600))
",0.600,0.600,0.000,0.000,1.000,1,0,0,1,2,0,1,1,0.5,0.0,0.0,1.0,0.5,0.5,-1
"G[0,1](SMBGperDayPtMeterCombo >= 7.619 & BGTestAvgNumPtRep >= 2.838)
",9999999.000,9999999.000,0.000,1.000,0.000,1,0,0,1,2,0,1,1,0.5,0.0,0.0,1.0,0.5,0.5,1
"G[0,0]((BldPrDia >= 60.436 | TSH >= 0.226) -> Pt_SHFlg >= 0.081)
",-7.594,-45.564,0.000,1.000,0.000,1,0,0,1,2,0,1,1,0.5,0.0,0.0,1.0,0.5,0.5,1
"G[0,1](((age <= 21.689 | UnitsInsBasalOrLongAct >= 5.041) & HbA1cImputeDtMnC <= 22.764) | BGTestAvgNumMeter >= 11.213)
",9999999.000,9999999.000,0.000,1.000,0.000,1,0,0,1,2,0,1,1,0.5,0.0,0.0,1.0,0.5,0.5,1
"G[0,0]((WeightKg >= 74.555 & Pt_InsGov <= 0.000) & Pt_SiblingT1D >= 0.000)
",-10.470,-68.055,0.000,1.000,0.000,1,0,0,1,2,0,1,1,0.5,0.0,0.0,1.0,0.5,0.5,1
"G[0,0](Pt_FatherT1D >= 0.431 & BUN >= 0.000)
",-0.431,-0.431,0.000,1.000,0.000,1,0,0,1,2,0,1,1,0.5,0.0,0.0,1.0,0.5,0.5,1
"G[1,1](TSH >= 0.115 & Pt_SHFlg = 0.000)
",-0.115,-0.115,0.000,1.000,0.000,1,0,0,1,2,0,1,1,0.5,0.0,0.0,1.0,0.5,0.5,1
"G[0,1]((BldPrDia >= 60.604 | Triglyc >= 27.148) & BGTestAvgNumMeter <= 61.958)
",9999999.000,9999999.000,0.000,1.000,0.000,1,0,0,1,2,0,1,1,0.5,0.0,0.0,1.0,0.5,0.5,1
"G[0,1]((UnitsInsBasalOrLongAct <= 17.018 | SMBGperDayPtMeterCombo <= 9.957) | TotChol >= 2.757)
",9999999.000,9999999.000,0.000,1.000,0.000,1,0,0,1,2,0,1,1,0.5,0.0,0.0,1.0,0.5,0.5,1
"G[0,1](UnitsInsBasalOrLongAct <= 23.787 -> diabDur >= 18.072)
",9999999.000,9999999.000,0.000,1.000,0.000,1,0,0,1,2,0,1,1,0.5,0.0,0.0,1.0,0.5,0.5,1
"G[0,1]((AlbCreatRat_mggNew <= 7.724 & UnitsInsBasalOrLongAct >= 5.284) & bmiPerc <= 22.712)
",9999999.000,9999999.000,0.000,1.000,0.000,1,0,0,1,2,0,1,1,0.5,0.0,0.0,1.0,0.5,0.5,1
"G[0,1](((HbA1cImputeDtMnC <= 24.878 & LDL <= 98.243) -> Triglyc >= 43.964) | Pt_DKAFlg >= 62.365)
",9999999.000,9999999.000,0.000,1.000,0.000,1,0,0,1,2,0,1,1,0.5,0.0,0.0,1.0,0.5,0.5,1
"G[0,1](SMBGperDayPtMeterCombo >= 2.968 & BGTestAvgNumPtRep >= 1.566)
",9999999.000,9999999.000,0.000,1.000,0.000,1,0,0,1,2,0,1,1,0.5,0.0,0.0,1.0,0.5,0.5,1
"G[0,0]((HeightCm >= 168.459 & LDL >= 68.627) | DirectLDL >= 61.280)
",926.481,117.663,0.000,1.000,0.000,1,0,0,1,2,0,1,1,0.5,0.0,0.0,1.0,0.5,0.5,1
"G[1,1](SMBGperDayPtMeterCombo >= 1.888 & BGTestAvgNumPtRep >= 5.153)
",-5.153,-5.153,0.000,1.000,0.000,1,0,0,1,2,0,1,1,0.5,0.0,0.0,1.0,0.5,0.5,1
"G[1,1](HbA1c <= 6.793 & Pt_A1cGoalLev <= 2.800)
",2.800,2.800,0.000,1.000,0.000,1,0,0,1,2,0,1,1,0.5,0.0,0.0,1.0,0.5,0.5,1
"G[0,1]((Pt_MotherT1D >= 0.000 | HbA1c >= 6.206) -> SMBGperDayPtMeterCombo >= 6.495)
",9999999.000,9999999.000,0.000,1.000,0.000,1,0,0,1,2,0,1,1,0.5,0.0,0.0,1.0,0.5,0.5,1
"G[0,0](((GFR <= 0.000 | Pt_SiblingT1D <= 0.000) & UnitsInsBasalOrLongAct <= 0.000) & Pt_GrandparentT1D <= 0.000)
",0.000,0.000,0.000,1.000,0.000,1,0,0,1,2,0,1,1,0.5,0.0,0.0,1.0,0.5,0.5,1
"G[0,1]((BGTestAvgNumPtRep <= 10.292 -> diabDur <= 18.577) -> Pt_ChildT1D >= 18.104)
",9999999.000,9999999.000,0.000,1.000,0.000,1,0,0,1,2,0,1,1,0.5,0.0,0.0,1.0,0.5,0.5,1
"G[0,1](((diabDur <= 18.887 | diabDur <= 18.782) & Triglyc >= 17.474) -> AlbCreatRat_mggNew >= 18.017)
",9999999.000,9999999.000,0.000,1.000,0.000,1,0,0,1,2,0,1,1,0.5,0.0,0.0,1.0,0.5,0.5,1
"G[0,1]((WeightKg >= 77.099 | bmi >= 23.995) -> UnitsInsBasalOrLongAct <= 15.873)
",9999999.000,9999999.000,0.000,1.000,0.000,1,0,0,1,2,0,1,1,0.5,0.0,0.0,1.0,0.5,0.5,1
"G[1,1]((WeightKg >= 75.135 | bmi >= 24.105) -> UnitsInsBasalOrLongAct <= 19.756)
",-19.756,-19.756,0.000,1.000,0.000,1,0,0,1,2,0,1,1,0.5,0.0,0.0,1.0,0.5,0.5,1
"G[0,1]((bmiPerc <= 0.618 -> Pt_FatherT1D >= 0.391) -> Pt_MotherT1D >= 0.303)
",9999999.000,9999999.000,0.000,1.000,0.000,1,0,0,1,2,0,1,1,0.5,0.0,0.0,1.0,0.5,0.5,1
"G[0,1](SMBGperDayPtMeterCombo >= 2.454 & BGTestAvgNumPtRep >= 2.460)
",9999999.000,9999999.000,0.000,1.000,0.000,1,0,0,1,2,0,1,1,0.5,0.0,0.0,1.0,0.5,0.5,1
"G[0,1](((Pt_SHFlg <= 0.000 -> Pt_A1cGoalLev <= 5.017) | Pt_SHFlg >= 0.577) & DirectLDL <= 4.183)
",9999999.000,9999999.000,0.000,1.000,0.000,1,0,0,1,2,0,1,1,0.5,0.0,0.0,1.0,0.5,0.5,1
"G[0,0](Pt_ChildT1D >= 0.000 -> LDL >= 43.374)
",0.000,0.000,0.000,1.000,0.000,1,0,0,1,2,0,1,1,0.5,0.0,0.0,1.0,0.5,0.5,1
"G[0,1](Pt_A1cGoalLev >= 0.661 -> TotalDailyInsPerKg <= 0.735)
",9999999.000,9999999.000,0.000,1.000,0.000,1,0,0,1,2,0,1,1,0.5,0.0,0.0,1.0,0.5,0.5,1
"G[0,1](((NumPumpBolusOrShortAct <= 3.327 | diabDur >= 17.066) -> HDL >= 17.456) -> AlbCreatRat_mggNew >= 18.168)
",9999999.000,9999999.000,0.000,1.000,0.000,1,0,0,1,2,0,1,1,0.5,0.0,0.0,1.0,0.5,0.5,1
"G[1,1](SMBGperDayPtMeterCombo >= 2.909 & BGTestAvgNumPtRep >= 1.440)
",-2.909,-2.909,0.000,1.000,0.000,1,0,0,1,2,0,1,1,0.5,0.0,0.0,1.0,0.5,0.5,1
"G[0,0]((bmiZscore <= 0.509 -> HDL <= 31.045) -> HeightCm <= 69.088)
",1.212,2.905,0.000,1.000,0.000,1,0,0,1,2,0,1,1,0.5,0.0,0.0,1.0,0.5,0.5,1
"G[1,1]((HbA1cImputeDtMnC <= 18.908 | Pt_FatherT1D >= 0.066) -> BldPrDia <= 0.568)
",-18.908,-18.908,0.000,1.000,0.000,1,0,0,1,2,0,1,1,0.5,0.0,0.0,1.0,0.5,0.5,1
"G[0,1]((WeightKg >= 74.556 | bmi >= 24.764) -> UnitsInsBasalOrLongAct <= 18.042)
",9999999.000,9999999.000,0.000,1.000,0.000,1,0,0,1,2,0,1,1,0.5,0.0,0.0,1.0,0.5,0.5,1
"F[0,1](AutonomicNeuroCl >= 0.000 | DirectLDL <= 0.568)
",-9999999.000,-9999999.000,0.000,0.000,1.000,0,0,0,2,2,0,0,2,0.0,0.0,0.0,0.0,0.0,1.0,-1
"F[1,2](((HDL <= 69.708 & diagAgeCombo >= 3.000) -> bmiZscore <= 3.000) & diabDur <= 3.000)
",-9999999.000,-9999999.000,0.000,0.000,1.000,0,0,0,2,2,0,0,2,0.0,0.0,0.0,0.0,0.0,1.0,-1
"F[1,2](((BldPrDia >= 65.615 | UnitsInsBasalOrLongAct <= 16.608) & WeightKg >= 1.368) -> diabDur >= 9.216)
",-9999999.000,-9999999.000,0.000,0.000,1.000,0,0,0,2,2,0,0,2,0.0,0.0,0.0,0.0,0.0,1.0,-1
"F[0,0]((Pt_FatherT1D >= 0.316 & UnitsInsBasalOrLongAct >= 10.597) | SMBGperDayPtMeterCombo >= 4.131)
",55.869,55.869,0.000,0.000,1.000,0,0,0,2,2,0,0,2,0.0,0.0,0.0,0.0,0.0,1.0,-1
"F[1,2](BldPrDia >= 65.979 | Pt_FatherT1D >= 0.011)
",-9999999.000,-9999999.000,0.000,0.000,1.000,0,0,0,2,2,0,0,2,0.0,0.0,0.0,0.0,0.0,1.0,-1
"F[1,2](bmi >= 25.980 | bmiZscore <= -0.018)
",-9999999.000,-9999999.000,0.000,0.000,1.000,0,0,0,2,2,0,0,2,0.0,0.0,0.0,0.0,0.0,1.0,-1
"F[0,2](((Pt_A1cGoalLev <= 2.200 | Pt_A1cGoalLev >= 0.042) | Pt_DKAFlg >= 1.363) & Pt_CGMUseNumDays <= 3.143)
",-9999999.000,-9999999.000,0.000,0.000,1.000,0,0,0,2,2,0,0,2,0.0,0.0,0.0,0.0,0.0,1.0,-1
"F[2,2](bmi >= 24.992 -> Pt_SHFlg = 0.000)
",0.000,0.000,0.000,0.000,1.000,0,0,0,2,2,0,0,2,0.0,0.0,0.0,0.0,0.0,1.0,-1
"((Pt_A1cGoalLevelDsYr5 <= 0.000) U[0,1] (Pt_SHFlg = 0.000))
",-9999999.000,-9999999.000,0.000,0.000,1.000,0,0,0,2,2,0,0,2,0.0,0.0,0.0,0.0,0.0,1.0,-1
"F[1,1](bmi > 26.478 -> Pt_SHFlg = 0.000)
",0.000,0.000,0.000,0.000,1.000,0,0,0,2,2,0,0,2,0.0,0.0,0.0,0.0,0.0,1.0,-1
"((HbA1cImputeDtMnC < 16.577) U[0,0] (Pt_SHFlg = 0.000))
",16.577,16.577,0.000,0.000,1.000,0,0,0,2,2,0,0,2,0.0,0.0,0.0,0.0,0.0,1.0,-1
"((AlbCreatRat_mggNew < 4.946) U[0,1] (Pt_SHFlg = 0.000))
",-9999999.000,-9999999.000,0.000,0.000,1.000,0,0,0,2,2,0,0,2,0.0,0.0,0.0,0.0,0.0,1.0,-1
"F[1,2](BGTestAvgNumMeter <= 10.537 -> Pt_SHFlg = 0.000)
",-9999999.000,-9999999.000,0.000,0.000,1.000,0,0,0,2,2,0,0,2,0.0,0.0,0.0,0.0,0.0,1.0,-1
"F[1,2](AlbCreatRat_mggNew <= 4.146 & HbA1cImputeDtMnC >= 2.254)
",-9999999.000,-9999999.000,0.000,0.000,1.000,0,0,0,2,2,0,0,2,0.0,0.0,0.0,0.0,0.0,1.0,-1
"F[0,2](((diabDur <= 18.792 -> TotalDailyInsPerKg >= 0.625) -> bmiPerc >= 0.636) | HeightCm >= 0.670)
",-9999999.000,-9999999.000,0.000,0.000,1.000,0,0,0,2,2,0,0,2,0.0,0.0,0.0,0.0,0.0,1.0,-1
"F[1,1](((Pt_FatherT1D <= 0.893 -> TotalDailyInsPerKg <= 0.784) & bmiZscore <= 0.761) | age >= 0.577)
",-0.577,-0.577,0.000,0.000,1.000,0,0,0,2,2,0,0,2,0.0,0.0,0.0,0.0,0.0,1.0,-1
"F[2,2]((age <= 21.261 -> HDL >= 2.397) & Pt_GrandparentT1D >= 12.175)
",-21.261,-21.261,0.000,0.000,1.000,0,0,0,2,2,0,0,2,0.0,0.0,0.0,0.0,0.0,1.0,-1
"F[1,2]((BGTestAvgNumPtRep <= 8.120 | UnitsInsBasalOrLongAct >= 1.367) -> bmi >= 10.242)
",-9999999.000,-9999999.000,0.000,0.000,1.000,0,0,0,2,2,0,0,2,0.0,0.0,0.0,0.0,0.0,1.0,-1
"F[0,2](AlbCreatRat_mggNew >= 3.820 & diabDur <= 18.341)
",-9999999.000,-9999999.000,0.000,0.000,1.000,0,0,0,2,2,0,0,2,0.0,0.0,0.0,0.0,0.0,1.0,-1
"F[1,2]((bmiZscore >= -0.044 -> Pt_A1cGoalLev <= 5.956) | Pt_SiblingT1D >= 1.523)
",-9999999.000,-9999999.000,0.000,0.000,1.000,0,0,0,2,2,0,0,2,0.0,0.0,0.0,0.0,0.0,1.0,-1
"((diagAgeCombo <= 3.000) U[1,2] (AutonomicNeuroCl >= 0.000))
",-9999999.000,-9999999.000,0.000,0.000,1.000,0,0,0,2,2,0,0,2,0.0,0.0,0.0,0.0,0.0,1.0,-1
"F[0,2](((Pt_SHFlg >= 0.000 -> bmiPerc <= 0.613) & Pt_GrandparentT1D <= 0.288) -> Triglyc <= 0.520)
",-9999999.000,-9999999.000,0.000,0.000,1.000,0,0,0,2,2,0,0,2,0.0,0.0,0.0,0.0,0.0,1.0,-1
"F[0,0]((HbA1cImputeDtMnC >= 6.680 & Pt_ChildT1D >= 0.000) | Pt_GrandparentT1D >= 0.000)
",0.000,0.000,0.000,0.000,1.000,0,0,0,2,2,0,0,2,0.0,0.0,0.0,0.0,0.0,1.0,-1
"F[2,2](((diabDur <= 18.860 & diagAgeCombo >= 3.000) | diagAgeCombo >= 3.000) | Pt_FatherT1D >= 3.000)
",-3.000,-3.000,0.000,0.000,1.000,0,0,0,2,2,0,0,2,0.0,0.0,0.0,0.0,0.0,1.0,-1
"F[0,1](((Pt_ChildT1D <= 0.000 | Pt_GrandparentT1D >= 0.000) -> diagAgeCombo <= 0.000) -> BldPrDia >= 0.000)
",-9999999.000,-9999999.000,0.000,0.000,1.000,0,0,0,2,2,0,0,2,0.0,0.0,0.0,0.0,0.0,1.0,-1
"F[1,2](HbA1c >= 6.419 & diagAgeCombo >= 3.000)
",-9999999.000,-9999999.000,0.000,0.000,1.000,0,0,0,2,2,0,0,2,0.0,0.0,0.0,0.0,0.0,1.0,-1
"F[0,2](((age >= 20.019 | AlbCreatRat_mggNew >= 3.486) | AlbCreatRat_mggNew >= 2.579) -> BGTestAvgNumPtRep <= 8.614)
",-9999999.000,-9999999.000,0.000,0.000,1.000,0,0,0,2,2,0,0,2,0.0,0.0,0.0,0.0,0.0,1.0,-1
"F[2,2](((LDL >= 15.715 -> TotChol <= 0.000) -> SMBGperDayPtMeterCombo >= 0.000) & TotChol <= 0.000)
",0.000,0.000,0.000,0.000,1.000,0,0,0,2,2,0,0,2,0.0,0.0,0.0,0.0,0.0,1.0,-1
"F[0,0]((bmiZscore >= -0.441 -> HeightCm <= 174.167) -> HbA1cImputeDtMnC <= 173.548)
",-173.548,-173.548,0.000,0.000,1.000,0,0,0,2,2,0,0,2,0.0,0.0,0.0,0.0,0.0,1.0,-1
"F[1,2]((DirectLDL >= 0.151 -> Pt_GrandparentT1D <= 0.000) | TSH >= 0.000)
",-9999999.000,-9999999.000,0.000,0.000,1.000,0,0,0,2,2,0,0,2,0.0,0.0,0.0,0.0,0.0,1.0,-1
"F[0,0]((HbA1c <= 6.709 | Pt_GrandparentT1D <= 0.000) & UnitsInsBasalOrLongAct >= 0.000)
",0.000,0.000,0.000,0.000,1.000,0,0,0,2,2,0,0,2,0.0,0.0,0.0,0.0,0.0,1.0,-1
"F[0,2]((Pt_A1cGoalLev <= 2.533 | Pt_SHFlg >= 0.000) & TotChol <= 0.000)
",-9999999.000,-9999999.000,0.000,0.000,1.000,0,0,0,2,2,0,0,2,0.0,0.0,0.0,0.0,0.0,1.0,-1
"F[0,1](BldPrDia <= 72.094 -> HbA1c <= 6.574)
",-9999999.000,-9999999.000,0.000,0.000,1.000,0,0,0,2,2,0,0,2,0.0,0.0,0.0,0.0,0.0,1.0,-1
"F[0,2](bmiZscore <= 0.768 -> BGTestAvgNumMeter >= 7.814)
",-9999999.000,-9999999.000,0.000,0.000,1.000,0,0,0,2,2,0,0,2,0.0,0.0,0.0,0.0,0.0,1.0,-1
"F[1,2](((AlbCreatRat_mggNew <= 4.401 -> WeightKg <= 78.718) & LDL >= 77.056) -> Pt_FatherT1D >= 75.917)
",-9999999.000,-9999999.000,0.000,0.000,1.000,0,0,0,2,2,0,0,2,0.0,0.0,0.0,0.0,0.0,1.0,-1
"F[1,2](((Pt_InsGov <= 0.000 | bmi <= 32.181) -> Pt_MotherT1D <= 26.970) & Pt_FatherT1D <= 27.880)
",-9999999.000,-9999999.000,0.000,0.000,1.000,0,0,0,2,2,0,0,2,0.0,0.0,0.0,0.0,0.0,1.0,-1
"G[1,2](((diagAgeCombo >= 3.000 -> TSH <= 1.319) & NumPumpBolusOrShortAct >= 0.375) & AlbCreatRat_mggNew >= 0.128)
",9999999.000,9999999.000,0.000,1.000,0.000,0,0,0,2,2,0,0,2,0.0,0.0,0.0,0.0,0.0,1.0,1
"F[0,0]((Triglyc <= 50.593 -> HbA1cImputeDtMnC <= 23.698) & Pt_CGMUseNumDays <= 16.643)
",-2419.357,-2419.357,0.000,0.000,1.000,0,0,0,2,2,0,0,2,0.0,0.0,0.0,0.0,0.0,1.0,-1
"F[2,2]((BldPrDia <= 69.911 | BldPrDia <= 67.093) -> Pt_SiblingT1D <= 66.791)
",-69.911,-69.911,0.000,0.000,1.000,0,0,0,2,2,0,0,2,0.0,0.0,0.0,0.0,0.0,1.0,-1
"F[1,2]((Pt_GrandparentT1D <= 0.000 -> diabDur >= 17.374) | UnitsInsBasalOrLongAct >= 17.873)
",-9999999.000,-9999999.000,0.000,0.000,1.000,0,0,0,2,2,0,0,2,0.0,0.0,0.0,0.0,0.0,1.0,-1
"F[1,2](((GFR <= 0.000 & Pt_MotherT1D <= 0.000) & Pt_A1cGoalLevelDsYr5 <= 0.000) & DirectLDL >= 0.000)
",-9999999.000,-9999999.000,0.000,0.000,1.000,0,0,0,2,2,0,0,2,0.0,0.0,0.0,0.0,0.0,1.0,-1
"F[0,1]((Pt_InsGov <= 0.000 -> Pt_A1cGoalLevelDsYr5 <= 0.000) & UnitsInsBasalOrLongAct >= 0.000)
",-9999999.000,-9999999.000,0.000,0.000,1.000,0,0,0,2,2,0,0,2,0.0,0.0,0.0,0.0,0.0,1.0,-1
"((Pt_CGMUseNumDays >= 0.000) U[0,1] (DirectLDL <= 0.998))
",-9999999.000,-9999999.000,0.000,0.000,1.000,0,0,0,2,2,0,0,2,0.0,0.0,0.0,0.0,0.0,1.0,-1
"F[0,2](((DirectLDL <= 0.451 | LDL >= 3.137) & HbA1cImputeDtMnC >= 56.463) | Pt_InsGov >= 22.183)
",-9999999.000,-9999999.000,0.000,0.000,1.000,0,0,0,2,2,0,0,2,0.0,0.0,0.0,0.0,0.0,1.0,-1
"F[2,2](Pt_GrandparentT1D >= 0.000 | BUN <= 0.000)
",0.000,0.000,0.000,0.000,1.000,0,0,0,2,2,0,0,2,0.0,0.0,0.0,0.0,0.0,1.0,-1
"F[0,2](((UnitsInsBasalOrLongAct <= 14.170 -> Pt_DKAFlg <= 0.000) | Triglyc <= 0.000) & diagAgeCombo <= 0.000)
",-9999999.000,-9999999.000,0.000,0.000,1.000,0,0,0,2,2,0,0,2,0.0,0.0,0.0,0.0,0.0,1.0,-1
"F[1,2]((UnitsInsBasalOrLongAct <= 19.810 | HbA1cImputeDtMnC >= 5.880) -> BGTestAvgNumPtRep >= 0.358)
",-9999999.000,-9999999.000,0.000,0.000,1.000,0,0,0,2,2,0,0,2,0.0,0.0,0.0,0.0,0.0,1.0,-1
"F[0,0](diagAgeCombo <= 3.000 | Pt_FatherT1D >= 0.472)
",3.000,3.000,0.000,0.000,1.000,0,0,0,2,2,0,0,2,0.0,0.0,0.0,0.0,0.0,1.0,-1
"((age <= 21.744) U[0,1] (HbA1c >= 6.341))
",-9999999.000,-9999999.000,0.000,0.000,1.000,0,0,0,2,2,0,0,2,0.0,0.0,0.0,0.0,0.0,1.0,-1
"F[0,1](Pt_InsGov <= 0.000 -> GFR <= 0.000)
",-9999999.000,-9999999.000,0.000,0.000,1.000,0,0,0,2,2,0,0,2,0.0,0.0,0.0,0.0,0.0,1.0,-1
"F[1,2]((HbA1c <= 6.744 -> TotChol <= 0.000) & Pt_SHFlg >= 0.000)
",-9999999.000,-9999999.000,0.000,0.000,1.000,0,0,0,2,2,0,0,2,0.0,0.0,0.0,0.0,0.0,1.0,-1
"F[0,2](((Pt_MotherT1D >= 0.000 & SMBGperDayPtMeterCombo >= 3.341) -> Pt_SHFlg <= 12.728) -> Pt_FatherT1D <= 10.871)
",-9999999.000,-9999999.000,0.000,0.000,1.000,0,0,0,2,2,0,0,2,0.0,0.0,0.0,0.0,0.0,1.0,-1
"F[2,2]((Pt_SHFlg >= 0.000 -> TotalDailyInsPerKg <= 0.733) & Pt_InsGov <= 0.782)
",-0.733,-0.733,0.000,0.000,1.000,0,0,0,2,2,0,0,2,0.0,0.0,0.0,0.0,0.0,1.0,-1
"F[0,1](((AlbCreatRat_mggNew <= 8.500 | Pt_CGMUseNumDays >= 0.000) | BGTestAvgNumPtRep <= 0.000) | Triglyc >= 0.000)
",-9999999.000,-9999999.000,0.000,0.000,1.000,0,0,0,2,2,0,0,2,0.0,0.0,0.0,0.0,0.0,1.0,-1
"F[2,2](((Pt_A1cGoalLev >= 0.163 & HbA1cImputeDtMnC <= 20.150) & HDL <= 20.313) & HbA1c >= 5.602)
",-5.602,-5.602,0.000,0.000,1.000,0,0,0,2,2,0,0,2,0.0,0.0,0.0,0.0,0.0,1.0,-1
"F[2,2]((TotalDailyInsPerKg >= 0.646 & Pt_InsGov <= 0.000) & UnitsInsBasalOrLongAct <= 0.000)
",-0.646,-0.646,0.000,0.000,1.000,0,0,0,2,2,0,0,2,0.0,0.0,0.0,0.0,0.0,1.0,-1
"F[0,0]((BGTestAvgNumPtRep >= 1.987 & HeightCm <= 179.284) | BUN <= 177.772)
",177.772,177.772,0.000,0.000,1.000,0,0,0,2,2,0,0,2,0.0,0.0,0.0,0.0,0.0,1.0,-1
"F[0,0](((Pt_GrandparentT1D <= 0.000 & UnitsInsBasalOrLongAct >= 3.564) | Pt_CGMUseNumDays <= 24.962) & Pt_MotherT1D <= 20.802)
",-3.564,-3.564,0.000,0.000,1.000,0,0,0,2,2,0,0,2,0.0,0.0,0.0,0.0,0.0,1.0,-1
"F[2,2](((Pt_DKAFlg >= 0.000 -> TotalDailyInsPerKg >= 0.611) | BldPrDia >= 0.588) & Pt_SHFlg >= 0.568)
",-0.568,-0.568,0.000,0.000,1.000,0,0,0,2,2,0,0,2,0.0,0.0,0.0,0.0,0.0,1.0,-1
"F[0,1](((NumPumpBolusOrShortAct <= 3.057 | UnitsInsBasalOrLongAct <= 20.483) & Pt_SHFlg <= 16.218) -> bmi >= 2.269)
",-9999999.000,-9999999.000,0.000,0.000,1.000,0,0,0,2,2,0,0,2,0.0,0.0,0.0,0.0,0.0,1.0,-1
"F[0,2]((Triglyc >= 22.287 & HDL <= 62.201) | diagAgeCombo >= 15.797)
",-9999999.000,-9999999.000,0.000,0.000,1.000,0,0,0,2,2,0,0,2,0.0,0.0,0.0,0.0,0.0,1.0,-1
"F[1,1]((LDL <= 94.310 -> Pt_SHFlg <= 0.000) -> BGTestAvgNumPtRep >= 0.000)
",0.000,0.000,0.000,0.000,1.000,0,0,0,2,2,0,0,2,0.0,0.0,0.0,0.0,0.0,1.0,-1
"F[2,2](diabDur <= 18.639 & GFR <= 0.000)
",0.000,0.000,0.000,0.000,1.000,0,0,0,2,2,0,0,2,0.0,0.0,0.0,0.0,0.0,1.0,-1
"F[0,2]((Pt_A1cGoalLev >= 1.344 | Triglyc >= 21.860) & WeightKg >= 17.169)
",-9999999.000,-9999999.000,0.000,0.000,1.000,0,0,0,2,2,0,0,2,0.0,0.0,0.0,0.0,0.0,1.0,-1
"F[1,2](TotalDailyInsPerKg >= 0.636 & TotChol >= 0.000)
",-9999999.000,-9999999.000,0.000,0.000,1.000,0,0,0,2,2,0,0,2,0.0,0.0,0.0,0.0,0.0,1.0,-1
"F[0,2]((Pt_DKAFlg >= 0.000 -> Pt_CGMUseNumDays <= 0.000) | Pt_CGMUseNumDays >= 0.000)
",-9999999.000,-9999999.000,0.000,0.000,1.000,0,0,0,2,2,0,0,2,0.0,0.0,0.0,0.0,0.0,1.0,-1
"((HeightCm >= 165.583) U[1,2] (TSH >= 0.171))
",-9999999.000,-9999999.000,0.000,0.000,1.000,0,0,0,2,2,0,0,2,0.0,0.0,0.0,0.0,0.0,1.0,-1
"F[0,0](((LDL <= 83.191 & LDL >= 6.904) & Pt_GrandparentT1D >= 11.108) | Pt_MotherT1D <= 90.346)
",90.346,90.346,0.000,0.000,1.000,0,0,0,2,2,0,0,2,0.0,0.0,0.0,0.0,0.0,1.0,-1
"F[0,2](HeightCm >= 169.642 | AutonomicNeuroCl <= 0.000)
",-9999999.000,-9999999.000,0.000,0.000,1.000,0,0,0,2,2,0,0,2,0.0,0.0,0.0,0.0,0.0,1.0,-1
"F[1,2]((Pt_ChildT1D >= 0.000 | bmiPerc <= 0.594) & Pt_SiblingT1D <= 0.488)
",-9999999.000,-9999999.000,0.000,0.000,1.000,0,0,0,2,2,0,0,2,0.0,0.0,0.0,0.0,0.0,1.0,-1
"F[1,2](((LDL <= 86.527 | Pt_A1cGoalLev <= 3.334) & UnitsInsBasalOrLongAct <= 5.732) | bmiZscore >= 1.371)
",-9999999.000,-9999999.000,0.000,0.000,1.000,0,0,0,2,2,0,0,2,0.0,0.0,0.0,0.0,0.0,1.0,-1
"((AlbCreatRat_mggNew <= 6.434) U[0,2] (diagAgeCombo <= 3.000))
",-9999999.000,-9999999.000,0.000,0.000,1.000,0,0,0,2,2,0,0,2,0.0,0.0,0.0,0.0,0.0,1.0,-1
"F[0,2](BldPrSys <= 117.838 & TotalDailyInsPerKg >= 0.595)
",-9999999.000,-9999999.000,0.000,0.000,1.000,0,0,0,2,2,0,0,2,0.0,0.0,0.0,0.0,0.0,1.0,-1
"F[1,1](Pt_DKAFlg >= 0.000 | Pt_GrandchildT1D <= 0.000)
",0.000,0.000,0.000,0.000,1.000,0,0,0,2,2,0,0,2,0.0,0.0,0.0,0.0,0.0,1.0,-1
"F[0,2](TotalDailyInsPerKg >= 0.638 -> Pt_FatherT1D <= 0.787)
",-9999999.000,-9999999.000,0.000,0.000,1.000,0,0,0,2,2,0,0,2,0.0,0.0,0.0,0.0,0.0,1.0,-1
"F[1,2](Pt_A1cGoalLevelDsYr5 >= 0.000 -> Pt_GrandchildT1D >= 0.000)
",-9999999.000,-9999999.000,0.000,0.000,1.000,0,0,0,2,2,0,0,2,0.0,0.0,0.0,0.0,0.0,1.0,-1
"F[1,2]((HDL <= 48.259 | Pt_MotherT1D <= 0.000) -> Pt_FatherT1D >= 0.000)
",-9999999.000,-9999999.000,0.000,0.000,1.000,0,0,0,2,2,0,0,2,0.0,0.0,0.0,0.0,0.0,1.0,-1
"F[2,2]((WeightKg >= 77.614 & TotalDailyInsPerKg >= 0.643) -> AutonomicNeuroCl >= 0.576)
",0.576,0.576,0.000,0.000,1.000,0,0,0,2,2,0,0,2,0.0,0.0,0.0,0.0,0.0,1.0,-1
"F[0,0](((Pt_SiblingT1D >= 0.000 & Pt_GrandparentT1D <= 0.000) -> TSH >= 0.000) & age >= 0.000)
",0.000,0.000,0.000,0.000,1.000,0,0,0,2,2,0,0,2,0.0,0.0,0.0,0.0,0.0,1.0,-1
"F[2,2]((BGTestAvgNumPtRep <= 5.901 & DirectLDL >= 0.034) | bmiZscore <= 0.334)
",0.334,0.334,0.000,0.000,1.000,0,0,0,2,2,0,0,2,0.0,0.0,0.0,0.0,0.0,1.0,-1
"F[0,1]((BldPrDia >= 66.326 -> bmiPerc >= 0.064) | Pt_DKAFlg <= 0.450)
",-9999999.000,-9999999.000,0.000,0.000,1.000,0,0,0,2,2,0,0,2,0.0,0.0,0.0,0.0,0.0,1.0,-1
"F[0,2](NumPumpBolusOrShortAct <= 1.893 | bmi >= 25.594)
",-9999999.000,-9999999.000,0.000,0.000,1.000,0,0,0,2,2,0,0,2,0.0,0.0,0.0,0.0,0.0,1.0,-1
"((GFR >= 0.000) U[0,0] (TotChol >= 0.000))
",0.000,0.000,0.000,0.000,1.000,0,0,0,2,2,0,0,2,0.0,0.0,0.0,0.0,0.0,1.0,-1
"F[0,0]((HbA1cImputeDtMnC >= 3.999 & BldPrSys >= 105.510) -> BldPrSys >= 109.575)
",105.510,105.510,0.000,0.000,1.000,0,0,0,2,2,0,0,2,0.0,0.0,0.0,0.0,0.0,1.0,-1
"F[1,2](Pt_GrandchildT1D >= 0.000 -> bmiZscore >= -0.077)
",-9999999.000,-9999999.000,0.000,0.000,1.000,0,0,0,2,2,0,0,2,0.0,0.0,0.0,0.0,0.0,1.0,-1
"F[1,2]((BGTestAvgNumPtRep <= 8.026 | HDL <= 24.105) | diabDur >= 15.356)
",-9999999.000,-9999999.000,0.000,0.000,1.000,0,0,0,2,2,0,0,2,0.0,0.0,0.0,0.0,0.0,1.0,-1
"F[2,2](((Pt_MotherT1D <= 0.000 & AutonomicNeuroCl <= 0.000) | AlbCreatRat_mggNew <= 0.000) -> Pt_SiblingT1D <= 0.000)
",0.000,0.000,0.000,0.000,1.000,0,0,0,2,2,0,0,2,0.0,0.0,0.0,0.0,0.0,1.0,-1
"F[0,2](HeightCm <= 176.069 & Pt_InsGov <= 0.000)
",-9999999.000,-9999999.000,0.000,0.000,1.000,0,0,0,2,2,0,0,2,0.0,0.0,0.0,0.0,0.0,1.0,-1
"((BldPrDia <= 68.460) U[0,2] (HeightCm >= 161.197))
",-9999999.000,-9999999.000,0.000,0.000,1.000,0,0,0,2,2,0,0,2,0.0,0.0,0.0,0.0,0.0,1.0,-1
"F[0,2](((Pt_InsGov >= 0.000 -> NumPumpBolusOrShortAct >= 1.120) -> diagAgeCombo <= 5.940) & DirectLDL <= 5.091)
",-9999999.000,-9999999.000,0.000,0.000,1.000,0,0,0,2,2,0,0,2,0.0,0.0,0.0,0.0,0.0,1.0,-1
"F[0,1](bmiPerc <= 0.363 | Pt_A1cGoalLevelDsYr5 <= 0.000)
",-9999999.000,-9999999.000,0.000,0.000,1.000,0,0,0,2,2,0,0,2,0.0,0.0,0.0,0.0,0.0,1.0,-1
"F[0,2](((Pt_FatherT1D <= 0.702 -> WeightKg >= 75.610) -> BUN <= 77.824) | BldPrDia <= 79.132)
",-9999999.000,-9999999.000,0.000,0.000,1.000,0,0,0,2,2,0,0,2,0.0,0.0,0.0,0.0,0.0,1.0,-1
"((bmiPerc >= 0.075) U[2,2] (TotalDailyInsPerKg >= 0.645))
",-0.075,-0.075,0.000,0.000,1.000,0,0,0,2,2,0,0,2,0.0,0.0,0.0,0.0,0.0,1.0,-1
"F[0,2](((BldPrSys >= 104.639 | HbA1cImputeDtMnC >= 4.854) | bmiZscore <= 20.453) | Pt_ChildT1D <= 15.691)
",-9999999.000,-9999999.000,0.000,0.000,1.000,0,0,0,2,2,0,0,2,0.0,0.0,0.0,0.0,0.0,1.0,-1
"F[0,2](BGTestAvgNumPtRep <= 8.528 & HeightCm >= 170.013)
",-9999999.000,-9999999.000,0.000,0.000,1.000,0,0,0,2,2,0,0,2,0.0,0.0,0.0,0.0,0.0,1.0,-1
"((HbA1cImputeDtMnC >= 2.326) U[0,2] (WeightKg <= 79.307))
",-9999999.000,-9999999.000,0.000,0.000,1.000,0,0,0,2,2,0,0,2,0.0,0.0,0.0,0.0,0.0,1.0,-1
"F[0,1](AlbCreatRat_mggNew >= 1.566 | LDL >= 28.558)
",-9999999.000,-9999999.000,0.000,0.000,1.000,0,0,0,2,2,0,0,2,0.0,0.0,0.0,0.0,0.0,1.0,-1
"F[0,2]((HDL >= 14.558 | LDL <= 94.138) -> BGTestAvgNumMeter <= 85.758)
",-9999999.000,-9999999.000,0.000,0.000,1.000,0,0,0,2,2,0,0,2,0.0,0.0,0.0,0.0,0.0,1.0,-1
"((HbA1c >= 6.411) U[1,1] (HDL <= 64.456))
",64.456,64.456,0.000,0.000,1.000,0,0,0,2,2,0,0,2,0.0,0.0,0.0,0.0,0.0,1.0,-1
"F[2,2](((AlbCreatRat_mggNew >= 1.259 -> bmiZscore >= -0.389) & Pt_GrandchildT1D <= 0.287) -> DirectLDL <= 0.717)
",-0.717,-0.717,0.000,0.000,1.000,0,0,0,2,2,0,0,2,0.0,0.0,0.0,0.0,0.0,1.0,-1
"F[0,2]((TSH <= 1.319 -> WeightKg >= 75.496) -> Pt_A1cGoalLev >= 75.887)
",-9999999.000,-9999999.000,0.000,0.000,1.000,0,0,0,2,2,0,0,2,0.0,0.0,0.0,0.0,0.0,1.0,-1
"F[1,1](((diagAgeCombo <= 3.000 & Pt_MotherT1D >= 0.000) -> LDL <= 0.000) | HbA1c >= 0.000)
",0.000,0.000,0.000,0.000,1.000,0,0,0,2,2,0,0,2,0.0,0.0,0.0,0.0,0.0,1.0,-1
"((TotChol <= 0.000) U[0,1] (Pt_A1cGoalLev <= 5.562))
",-9999999.000,-9999999.000,0.000,0.000,1.000,0,0,0,2,2,0,0,2,0.0,0.0,0.0,0.0,0.0,1.0,-1
"F[1,1]((GFR <= 0.000 | Pt_A1cGoalLev <= 5.369) -> diagAgeCombo <= 3.765)
",-5.369,-5.369,0.000,0.000,1.000,0,0,0,2,2,0,0,2,0.0,0.0,0.0,0.0,0.0,1.0,-1
"F[0,2](((GFR >= 0.000 -> NumPumpBolusOrShortAct <= 1.702) & diagAgeCombo >= 0.794) & AlbCreatRat_mggNew <= 5.707)
",-9999999.000,-9999999.000,0.000,0.000,1.000,0,0,0,2,2,0,0,2,0.0,0.0,0.0,0.0,0.0,1.0,-1
"F[0,2](BUN >= 0.000 | bmiPerc <= 0.749)
",-9999999.000,-9999999.000,0.000,0.000,1.000,0,0,0,2,2,0,0,2,0.0,0.0,0.0,0.0,0.0,1.0,-1
"F[0,0](((HbA1c >= 6.492 | Pt_FatherT1D >= 0.271) | BUN <= 0.957) | BGTestAvgNumPtRep <= 0.681)
",0.957,0.957,0.000,0.000,1.000,0,0,0,2,2,0,0,2,0.0,0.0,0.0,0.0,0.0,1.0,-1
"((Pt_SiblingT1D >= 0.000) U[1,2] (Pt_MotherT1D >= 0.000))
",-9999999.000,-9999999.000,0.000,0.000,1.000,0,0,0,2,2,0,0,2,0.0,0.0,0.0,0.0,0.0,1.0,-1
"F[1,2](((TotalDailyInsPerKg >= 0.677 -> diagAgeCombo >= 3.000) -> Pt_MotherT1D <= 3.000) -> diagAgeCombo >= 3.000)
",-9999999.000,-9999999.000,0.000,0.000,1.000,0,0,0,2,2,0,0,2,0.0,0.0,0.0,0.0,0.0,1.0,-1
"F[1,2](AutonomicNeuroCl >= 0.000 -> Pt_ChildT1D >= 0.000)
",-9999999.000,-9999999.000,0.000,0.000,1.000,0,0,0,2,2,0,0,2,0.0,0.0,0.0,0.0,0.0,1.0,-1
"F[0,2](((Pt_GrandparentT1D <= 0.000 | Pt_MotherT1D >= 0.000) -> HbA1c >= 0.000) | HeightCm <= 0.000)
",-9999999.000,-9999999.000,0.000,0.000,1.000,0,0,0,2,2,0,0,2,0.0,0.0,0.0,0.0,0.0,1.0,-1
"F[0,2](Pt_SHFlg <= 0.000 -> diabDur <= 18.990)
",-9999999.000,-9999999.000,0.000,0.000,1.000,0,0,0,2,2,0,0,2,0.0,0.0,0.0,0.0,0.0,1.0,-1
"F[0,1](Pt_A1cGoalLev >= 1.231 -> bmiPerc <= 0.568)
",-9999999.000,-9999999.000,0.000,0.000,1.000,0,0,0,2,2,0,0,2,0.0,0.0,0.0,0.0,0.0,1.0,-1
"F[1,2](Pt_DKAFlg <= 0.000 -> AlbCreatRat_mggNew >= 0.174)
",-9999999.000,-9999999.000,0.000,0.000,1.000,0,0,0,2,2,0,0,2,0.0,0.0,0.0,0.0,0.0,1.0,-1
"F[2,2](((BldPrDia >= 61.371 & Pt_SHFlg <= 0.000) & DirectLDL <= 0.000) -> BldPrDia <= 0.000)
",0.000,0.000,0.000,0.000,1.000,0,0,0,2,2,0,0,2,0.0,0.0,0.0,0.0,0.0,1.0,-1
"((BGTestAvgNumMeter >= 3.989) U[0,1] (BGTestAvgNumPtRep <= 11.267))
",-9999999.000,-9999999.000,0.000,0.000,1.000,0,0,0,2,2,0,0,2,0.0,0.0,0.0,0.0,0.0,1.0,-1
"F[0,1](((BGTestAvgNumPtRep >= 0.786 & HbA1c >= 6.485) | Pt_SHFlg >= 6.320) | TotalDailyInsPerKg <= 6.835)
",-9999999.000,-9999999.000,0.000,0.000,1.000,0,0,0,2,2,0,0,2,0.0,0.0,0.0,0.0,0.0,1.0,-1
"F[1,2]((HbA1c <= 6.614 | TotalDailyInsPerKg <= 0.797) | bmi >= 0.651)
",-9999999.000,-9999999.000,0.000,0.000,1.000,0,0,0,2,2,0,0,2,0.0,0.0,0.0,0.0,0.0,1.0,-1
"((DirectLDL >= 0.196) U[0,2] (Triglyc >= 3.982))
",-9999999.000,-9999999.000,0.000,0.000,1.000,0,0,0,2,2,0,0,2,0.0,0.0,0.0,0.0,0.0,1.0,-1
"F[0,2](HeightCm <= 178.545 | TotalDailyInsPerKg >= 0.599)
",-9999999.000,-9999999.000,0.000,0.000,1.000,0,0,0,2,2,0,0,2,0.0,0.0,0.0,0.0,0.0,1.0,-1
"F[1,2](bmiZscore >= -0.177 -> DirectLDL >= 0.038)
",-9999999.000,-9999999.000,0.000,0.000,1.000,0,0,0,2,2,0,0,2,0.0,0.0,0.0,0.0,0.0,1.0,-1
"F[1,2](((bmi <= 33.700 -> TSH >= 0.286) & age >= 0.254) & Pt_GrandchildT1D >= 0.286)
",-9999999.000,-9999999.000,0.000,0.000,1.000,0,0,0,2,2,0,0,2,0.0,0.0,0.0,0.0,0.0,1.0,-1
"((BldPrDia >= 61.890) U[2,2] (HeightCm <= 174.182))
",174.182,174.182,0.000,0.000,1.000,0,0,0,2,2,0,0,2,0.0,0.0,0.0,0.0,0.0,1.0,-1
"F[1,1](DirectLDL <= 0.974 | UnitsInsBasalOrLongAct >= 3.445)
",0.974,0.974,0.000,0.000,1.000,0,0,0,2,2,0,0,2,0.0,0.0,0.0,0.0,0.0,1.0,-1
"F[0,2](((TotalDailyInsPerKg >= 0.682 & WeightKg <= 77.892) & Pt_SiblingT1D >= 77.595) & Pt_FatherT1D <= 77.979)
",-9999999.000,-9999999.000,0.000,0.000,1.000,0,0,0,2,2,0,0,2,0.0,0.0,0.0,0.0,0.0,1.0,-1
"((bmiZscore >= -0.184) U[0,2] (UnitsInsBasalOrLongAct <= 21.889))
",-9999999.000,-9999999.000,0.000,0.000,1.000,0,0,0,2,2,0,0,2,0.0,0.0,0.0,0.0,0.0,1.0,-1
"F[0,2](((HDL <= 55.087 & UnitsInsBasalOrLongAct <= 18.494) -> Pt_MotherT1D <= 16.498) -> NumPumpBolusOrShortAct >= 4.206)
",-9999999.000,-9999999.000,0.000,0.000,1.000,0,0,0,2,2,0,0,2,0.0,0.0,0.0,0.0,0.0,1.0,-1
"F[0,1](BldPrSys >= 101.971 -> bmi >= 26.300)
",-9999999.000,-9999999.000,0.000,0.000,1.000,0,0,0,2,2,0,0,2,0.0,0.0,0.0,0.0,0.0,1.0,-1
"F[0,2]((BldPrSys <= 117.154 -> HeightCm >= 157.644) -> Pt_ChildT1D >= 159.894)
",-9999999.000,-9999999.000,0.000,0.000,1.000,0,0,0,2,2,0,0,2,0.0,0.0,0.0,0.0,0.0,1.0,-1
"F[0,2]((AlbCreatRat_mggNew <= 4.701 -> DirectLDL <= 0.883) -> Pt_InsGov <= 0.885)
",-9999999.000,-9999999.000,0.000,0.000,1.000,0,0,0,2,2,0,0,2,0.0,0.0,0.0,0.0,0.0,1.0,-1
"F[2,2](((HbA1cImputeDtMnC <= 16.809 -> SMBGperDayPtMeterCombo <= 10.623) & GFR >= 1.285) | Pt_SiblingT1D >= 7.052)
",-7.052,-7.052,0.000,0.000,1.000,0,0,0,2,2,0,0,2,0.0,0.0,0.0,0.0,0.0,1.0,-1
"F[2,2]((BGTestAvgNumMeter <= 11.068 & UnitsInsBasalOrLongAct <= 16.748) & Pt_DKAFlg >= 8.292)
",-8.292,-8.292,0.000,0.000,1.000,0,0,0,2,2,0,0,2,0.0,0.0,0.0,0.0,0.0,1.0,-1
"F[1,2](Triglyc <= 81.249 -> UnitsInsBasalOrLongAct >= 6.467)
",-9999999.000,-9999999.000,0.000,0.000,1.000,0,0,0,2,2,0,0,2,0.0,0.0,0.0,0.0,0.0,1.0,-1
"F[0,1](((BGTestAvgNumPtRep <= 7.503 -> bmiPerc <= 0.465) & TSH <= 0.645) & Pt_DKAFlg <= 0.225)
",-9999999.000,-9999999.000,0.000,0.000,1.000,0,0,0,2,2,0,0,2,0.0,0.0,0.0,0.0,0.0,1.0,-1
"F[0,1]((bmi >= 24.000 -> HbA1c >= 6.482) | AlbCreatRat_mggNew <= 6.604)
",-9999999.000,-9999999.000,0.000,0.000,1.000,0,0,0,2,2,0,0,2,0.0,0.0,0.0,0.0,0.0,1.0,-1
"F[0,2](((HbA1cImputeDtMnC <= 25.926 & LDL <= 79.987) | BGTestAvgNumMeter >= 65.698) -> Pt_SHFlg >= 27.904)
",-9999999.000,-9999999.000,0.000,0.000,1.000,0,0,0,2,2,0,0,2,0.0,0.0,0.0,0.0,0.0,1.0,-1
"F[0,2](((NumPumpBolusOrShortAct >= 0.708 & WeightKg <= 78.119) | WeightKg >= 77.521) & Pt_A1cGoalLevelDsYr5 <= 78.516)
",-9999999.000,-9999999.000,0.000,0.000,1.000,0,0,0,2,2,0,0,2,0.0,0.0,0.0,0.0,0.0,1.0,-1
"F[0,0]((bmiZscore >= -0.402 & TotalDailyInsPerKg >= 0.670) | AutonomicNeuroCl <= 0.792)
",0.402,0.402,0.000,0.000,1.000,0,0,0,2,2,0,0,2,0.0,0.0,0.0,0.0,0.0,1.0,-1
"F[0,1]((BldPrSys <= 119.754 | Triglyc <= 72.987) -> bmiPerc <= 89.758)
",-9999999.000,-9999999.000,0.000,0.000,1.000,0,0,0,2,2,0,0,2,0.0,0.0,0.0,0.0,0.0,1.0,-1
"F[0,2](age >= 20.280 -> SMBGperDayPtMeterCombo <= 9.906)
",-9999999.000,-9999999.000,0.000,0.000,1.000,0,0,0,2,2,0,0,2,0.0,0.0,0.0,0.0,0.0,1.0,-1
"F[0,2]((bmi >= 26.425 | WeightKg >= 77.134) -> Pt_InsGov <= 78.806)
",-9999999.000,-9999999.000,0.000,0.000,1.000,0,0,0,2,2,0,0,2,0.0,0.0,0.0,0.0,0.0,1.0,-1
"F[0,1]((DirectLDL >= 0.227 -> TotalDailyInsPerKg <= 0.737) | Pt_A1cGoalLevelDsYr5 <= 0.783)
",-9999999.000,-9999999.000,0.000,0.000,1.000,0,0,0,2,2,0,0,2,0.0,0.0,0.0,0.0,0.0,1.0,-1
"((BldPrDia <= 70.222) U[1,2] (TSH >= 0.243))
",-9999999.000,-9999999.000,0.000,0.000,1.000,0,0,0,2,2,0,0,2,0.0,0.0,0.0,0.0,0.0,1.0,-1
"F[2,2](((bmiPerc >= 0.036 -> Pt_FatherT1D >= 0.073) & WeightKg >= 0.220) -> NumPumpBolusOrShortAct >= 0.247)
",0.220,0.220,0.000,0.000,1.000,0,0,0,2,2,0,0,2,0.0,0.0,0.0,0.0,0.0,1.0,-1
"F[2,2](BldPrDia >= 63.323 -> LDL >= 41.198)
",41.198,41.198,0.000,0.000,1.000,0,0,0,2,2,0,0,2,0.0,0.0,0.0,0.0,0.0,1.0,-1
"F[0,1](HbA1c <= 6.867 | LDL >= 5.892)
",-9999999.000,-9999999.000,0.000,0.000,1.000,0,0,0,2,2,0,0,2,0.0,0.0,0.0,0.0,0.0,1.0,-1
"F[2,2](((BGTestAvgNumPtRep <= 6.841 | bmiZscore <= 0.316) & LDL <= 0.514) & BUN <= 0.418)
",0.418,0.418,0.000,0.000,1.000,0,0,0,2,2,0,0,2,0.0,0.0,0.0,0.0,0.0,1.0,-1
"F[0,0](((BGTestAvgNumPtRep <= 6.967 -> bmi <= 31.186) | UnitsInsBasalOrLongAct <= 27.293) & TSH <= 31.533)
",27.293,27.293,0.000,0.000,1.000,0,0,0,2,2,0,0,2,0.0,0.0,0.0,0.0,0.0,1.0,-1
"F[0,1]((BGTestAvgNumMeter >= 8.620 & HbA1c <= 6.783) -> diagAgeCombo <= 6.842)
",-9999999.000,-9999999.000,0.000,0.000,1.000,0,0,0,2,2,0,0,2,0.0,0.0,0.0,0.0,0.0,1.0,-1
"((BldPrSys <= 113.368) U[0,1] (TotalDailyInsPerKg <= 0.836))
",-9999999.000,-9999999.000,0.000,0.000,1.000,0,0,0,2,2,0,0,2,0.0,0.0,0.0,0.0,0.0,1.0,-1
"F[0,2](((BldPrDia <= 69.306 | DirectLDL <= 0.386) | Pt_ChildT1D <= 0.660) | bmiZscore >= 9.212539107147921e-05)
",-9999999.000,-9999999.000,0.000,0.000,1.000,0,0,0,2,2,0,0,2,0.0,0.0,0.0,0.0,0.0,1.0,-1
"F[0,2](bmiZscore >= -0.303 & Pt_FatherT1D >= 0.234)
",-9999999.000,-9999999.000,0.000,0.000,1.000,0,0,0,2,2,0,0,2,0.0,0.0,0.0,0.0,0.0,1.0,-1
"((HbA1cImputeDtMnC >= 1.973) U[0,2] (TSH <= 0.477))
",-9999999.000,-9999999.000,0.000,0.000,1.000,0,0,0,2,2,0,0,2,0.0,0.0,0.0,0.0,0.0,1.0,-1
"F[0,2]((BGTestAvgNumMeter <= 11.684 | LDL >= 5.395) | HbA1c <= 84.576)
",-9999999.000,-9999999.000,0.000,0.000,1.000,0,0,0,2,2,0,0,2,0.0,0.0,0.0,0.0,0.0,1.0,-1
"((BldPrSys <= 114.829) U[0,2] (WeightKg <= 78.723))
",-9999999.000,-9999999.000,0.000,0.000,1.000,0,0,0,2,2,0,0,2,0.0,0.0,0.0,0.0,0.0,1.0,-1
"F[0,2](bmiZscore <= 0.113 | SMBGperDayPtMeterCombo <= 11.110)
",-9999999.000,-9999999.000,0.000,0.000,1.000,0,0,0,2,2,0,0,2,0.0,0.0,0.0,0.0,0.0,1.0,-1
"F[0,2](((bmi >= 25.270 | SMBGperDayPtMeterCombo >= 5.167) & age <= 12.644) -> NumPumpBolusOrShortAct <= 11.358)
",-9999999.000,-9999999.000,0.000,0.000,1.000,0,0,0,2,2,0,0,2,0.0,0.0,0.0,0.0,0.0,1.0,-1
"((BGTestAvgNumMeter >= 7.000) U[0,0] (BGTestAvgNumPtRep <= 11.738))
",17.000,17.000,0.000,0.000,1.000,0,0,0,2,2,0,0,2,0.0,0.0,0.0,0.0,0.0,1.0,-1
"F[0,1](HbA1c >= 6.393 -> Pt_A1cGoalLevelDsYr5 = 0.000)
",-9999999.000,-9999999.000,0.000,0.000,1.000,0,0,0,2,2,0,0,2,0.0,0.0,0.0,0.0,0.0,1.0,-1
"((BGTestAvgNumMeter >= 6.167) U[1,2] (BGTestAvgNumPtRep <= 10.810))
",-9999999.000,-9999999.000,0.000,0.000,1.000,0,0,0,2,2,0,0,2,0.0,0.0,0.0,0.0,0.0,1.0,-1
"F[1,2](HbA1c >= 6.405 -> Pt_A1cGoalLevelDsYr5 = 0.000)
",-9999999.000,-9999999.000,0.000,0.000,1.000,0,0,0,2,2,0,0,2,0.0,0.0,0.0,0.0,0.0,1.0,-1
"F[0,2](HbA1c >= 6.512 -> Pt_A1cGoalLevelDsYr5 = 0.000)
",-9999999.000,-9999999.000,0.000,0.000,1.000,0,0,0,2,2,0,0,2,0.0,0.0,0.0,0.0,0.0,1.0,-1
"F[1,2](Pt_A1cGoalLev < 2.055 -> Pt_SHFlg = 0.000)
",-9999999.000,-9999999.000,0.000,0.000,1.000,0,0,0,2,2,0,0,2,0.0,0.0,0.0,0.0,0.0,1.0,-1
"F[1,2](HbA1c >= 6.428 -> Pt_A1cGoalLevelDsYr5 = 0.000)
",-9999999.000,-9999999.000,0.000,0.000,1.000,0,0,0,2,2,0,0,2,0.0,0.0,0.0,0.0,0.0,1.0,-1
"((BGTestAvgNumMeter >= 6.956) U[1,2] (BGTestAvgNumPtRep <= 8.637))
",-9999999.000,-9999999.000,0.000,0.000,1.000,0,0,0,2,2,0,0,2,0.0,0.0,0.0,0.0,0.0,1.0,-1
"F[0,0](HbA1c >= 6.440 -> Pt_A1cGoalLevelDsYr5 = 0.000)
",0.000,0.000,0.000,0.000,1.000,0,0,0,2,2,0,0,2,0.0,0.0,0.0,0.0,0.0,1.0,-1
"((BGTestAvgNumMeter >= 3.151) U[2,2] (BGTestAvgNumPtRep <= 8.911))
",8.911,8.911,0.000,0.000,1.000,0,0,0,2,2,0,0,2,0.0,0.0,0.0,0.0,0.0,1.0,-1
"F[0,0](HbA1c >= 6.330 -> Pt_A1cGoalLevelDsYr5 = 0.000)
",0.000,0.000,0.000,0.000,1.000,0,0,0,2,2,0,0,2,0.0,0.0,0.0,0.0,0.0,1.0,-1
"F[1,2](HbA1c >= 6.341 -> Pt_A1cGoalLevelDsYr5 = 0.000)
",-9999999.000,-9999999.000,0.000,0.000,1.000,0,0,0,2,2,0,0,2,0.0,0.0,0.0,0.0,0.0,1.0,-1
"((TotChol < 0.000) U[2,2] (Pt_SHFlg = 0.000))
",0.000,0.000,0.000,0.000,1.000,0,0,0,2,2,0,0,2,0.0,0.0,0.0,0.0,0.0,1.0,-1
"F[0,2](HbA1c >= 6.306 -> Pt_A1cGoalLevelDsYr5 = 0.000)
",-9999999.000,-9999999.000,0.000,0.000,1.000,0,0,0,2,2,0,0,2,0.0,0.0,0.0,0.0,0.0,1.0,-1
"((BldPrSys <= 119.037) U[2,2] (Pt_SHFlg = 0.000))
",119.037,119.037,0.000,0.000,1.000,0,0,0,2,2,0,0,2,0.0,0.0,0.0,0.0,0.0,1.0,-1
"((AlbCreatRat_mggNew > 2.462) U[0,1] (Pt_SHFlg = 0.000))
",-9999999.000,-9999999.000,0.000,0.000,1.000,0,0,0,2,2,0,0,2,0.0,0.0,0.0,0.0,0.0,1.0,-1
"F[0,2](Pt_GrandparentT1D >= 0.000 -> Pt_SHFlg = 0.000)
",-9999999.000,-9999999.000,0.000,0.000,1.000,0,0,0,2,2,0,0,2,0.0,0.0,0.0,0.0,0.0,1.0,-1
"F[1,2](HbA1cImputeDtMnC <= 26.127 | TotalDailyInsPerKg <= 0.754)
",-9999999.000,-9999999.000,0.000,0.000,1.000,0,0,0,2,2,0,0,2,0.0,0.0,0.0,0.0,0.0,1.0,-1
"F[0,1](BldPrDia >= 66.018 | TotalDailyInsPerKg <= 0.831)
",-9999999.000,-9999999.000,0.000,0.000,1.000,0,0,0,2,2,0,0,2,0.0,0.0,0.0,0.0,0.0,1.0,-1
"F[1,2]((AlbCreatRat_mggNew <= 7.338 | BldPrDia <= 67.940) | Pt_A1cGoalLevelDsYr5 <= 69.346)
",-9999999.000,-9999999.000,0.000,0.000,1.000,0,0,0,2,2,0,0,2,0.0,0.0,0.0,0.0,0.0,1.0,-1
"F[2,2]((BGTestAvgNumPtRep <= 10.709 | TotalDailyInsPerKg >= 0.631) -> TotalDailyInsPerKg >= 0.679)
",-10.709,-10.709,0.000,0.000,1.000,0,0,0,2,2,0,0,2,0.0,0.0,0.0,0.0,0.0,1.0,-1
"((AlbCreatRat_mggNew <= 5.991) U[0,2] (BGTestAvgNumPtRep <= 10.314))
",-9999999.000,-9999999.000,0.000,0.000,1.000,0,0,0,2,2,0,0,2,0.0,0.0,0.0,0.0,0.0,1.0,-1
"F[2,2]((HbA1cImputeDtMnC <= 25.089 -> UnitsInsBasalOrLongAct >= 2.204) | bmiZscore >= 5.286)
",-5.286,-5.286,0.000,0.000,1.000,0,0,0,2,2,0,0,2,0.0,0.0,0.0,0.0,0.0,1.0,-1
"F[0,2](((TotalDailyInsPerKg <= 0.741 -> UnitsInsBasalOrLongAct >= 3.814) -> Pt_GrandparentT1D >= 0.981) -> AutonomicNeuroCl <= 18.213)
",-9999999.000,-9999999.000,0.000,0.000,1.000,0,0,0,2,2,0,0,2,0.0,0.0,0.0,0.0,0.0,1.0,-1
"F[0,2]((age <= 21.987 & Triglyc >= 28.915) | Pt_GrandchildT1D <= 92.284)
",-9999999.000,-9999999.000,0.000,0.000,1.000,0,0,0,2,2,0,0,2,0.0,0.0,0.0,0.0,0.0,1.0,-1
"F[1,2]((BGTestAvgNumPtRep >= 1.655 & HbA1cImputeDtMnC >= 1.210) | diabDur <= 20.788)
",-9999999.000,-9999999.000,0.000,0.000,1.000,0,0,0,2,2,0,0,2,0.0,0.0,0.0,0.0,0.0,1.0,-1
"F[1,2](BldPrSys <= 115.065 & UnitsInsBasalOrLongAct <= 23.451)
",-9999999.000,-9999999.000,0.000,0.000,1.000,0,0,0,2,2,0,0,2,0.0,0.0,0.0,0.0,0.0,1.0,-1
"F[0,2](HbA1c >= 6.286 -> Pt_A1cGoalLevelDsYr5 = 0.000)
",-9999999.000,-9999999.000,0.000,0.000,1.000,0,0,0,2,2,0,0,2,0.0,0.0,0.0,0.0,0.0,1.0,-1
"((BGTestAvgNumMeter > 3.823) U[0,0] (Pt_SHFlg = 0.000))
",20.177,20.177,0.000,0.000,1.000,0,0,0,2,2,0,0,2,0.0,0.0,0.0,0.0,0.0,1.0,-1
"F[2,2](Pt_A1cGoalLevelDsYr5 > 0.000 & Pt_SHFlg = 0.000)
",0.000,0.000,0.000,0.000,1.000,0,0,0,2,2,0,0,2,0.0,0.0,0.0,0.0,0.0,1.0,-1
"((age > 20.309) U[2,2] (Pt_SHFlg = 0.000))
",0.000,0.000,0.000,0.000,1.000,0,0,0,2,2,0,0,2,0.0,0.0,0.0,0.0,0.0,1.0,-1
"F[1,2]((AlbCreatRat_mggNew >= 2.431 & Pt_A1cGoalLev >= 1.168) | WeightKg <= 3.545)
",-9999999.000,-9999999.000,0.000,0.000,1.000,0,0,0,2,2,0,0,2,0.0,0.0,0.0,0.0,0.0,1.0,-1
"F[0,0](((age >= 20.778 | bmi >= 25.819) -> bmi <= 29.760) | bmiZscore >= 26.026)
",-26.026,-26.026,0.000,0.000,1.000,0,0,0,2,2,0,0,2,0.0,0.0,0.0,0.0,0.0,1.0,-1
"F[0,2]((bmi <= 30.391 | HbA1cImputeDtMnC >= 7.483) & BldPrDia >= 9.800)
",-9999999.000,-9999999.000,0.000,0.000,1.000,0,0,0,2,2,0,0,2,0.0,0.0,0.0,0.0,0.0,1.0,-1
"F[0,1](BldPrSys >= 104.947 -> LDL >= 48.298)
",-9999999.000,-9999999.000,0.000,0.000,1.000,0,0,0,2,2,0,0,2,0.0,0.0,0.0,0.0,0.0,1.0,-1
"F[0,1](HbA1cImputeDtMnC <= 15.725 | HeightCm >= 169.401)
",-9999999.000,-9999999.000,0.000,0.000,1.000,0,0,0,2,2,0,0,2,0.0,0.0,0.0,0.0,0.0,1.0,-1
"F[0,1](((age >= 20.297 -> HeightCm <= 178.080) -> NumPumpBolusOrShortAct <= 174.009) | BGTestAvgNumPtRep <= 176.366)
",-9999999.000,-9999999.000,0.000,0.000,1.000,0,0,0,2,2,0,0,2,0.0,0.0,0.0,0.0,0.0,1.0,-1
"F[0,2]((age <= 21.320 & HbA1c <= 6.763) -> BUN <= 6.698)
",-9999999.000,-9999999.000,0.000,0.000,1.000,0,0,0,2,2,0,0,2,0.0,0.0,0.0,0.0,0.0,1.0,-1
"F[1,2]((diabDur >= 17.941 | WeightKg >= 76.854) & AlbCreatRat_mggNew >= 75.698)
",-9999999.000,-9999999.000,0.000,0.000,1.000,0,0,0,2,2,0,0,2,0.0,0.0,0.0,0.0,0.0,1.0,-1
"((TotChol >= 0.000) U[2,2] (bmiZscore >= -0.257))
",0.257,0.257,0.000,0.000,1.000,0,0,0,2,2,0,0,2,0.0,0.0,0.0,0.0,0.0,1.0,-1
"F[0,1](age >= 20.746 | BldPrSys >= 107.555)
",-9999999.000,-9999999.000,0.000,0.000,1.000,0,0,0,2,2,0,0,2,0.0,0.0,0.0,0.0,0.0,1.0,-1
"F[0,2](AlbCreatRat_mggNew <= 8.361 & BldPrSys >= 111.258)
",-9999999.000,-9999999.000,0.000,0.000,1.000,0,0,0,2,2,0,0,2,0.0,0.0,0.0,0.0,0.0,1.0,-1
"F[1,2](DirectLDL <= 0.907 -> Pt_SHFlg = 0.000)
",-9999999.000,-9999999.000,0.000,0.000,1.000,0,0,0,2,2,0,0,2,0.0,0.0,0.0,0.0,0.0,1.0,-1
"F[2,2](BldPrSys >= 108.833 & Pt_SHFlg = 0.000)
",-108.833,-108.833,0.000,0.000,1.000,0,0,0,2,2,0,0,2,0.0,0.0,0.0,0.0,0.0,1.0,-1
"F[0,2](bmiPerc < 0.554 -> Pt_SHFlg = 0.000)
",-9999999.000,-9999999.000,0.000,0.000,1.000,0,0,0,2,2,0,0,2,0.0,0.0,0.0,0.0,0.0,1.0,-1
"F[1,2](bmiZscore > -0.352 & Pt_SHFlg = 0.000)
",-9999999.000,-9999999.000,0.000,0.000,1.000,0,0,0,2,2,0,0,2,0.0,0.0,0.0,0.0,0.0,1.0,-1
"((AutonomicNeuroCl > 0.000) U[0,1] (Pt_SHFlg = 0.000))
",-9999999.000,-9999999.000,0.000,0.000,1.000,0,0,0,2,2,0,0,2,0.0,0.0,0.0,0.0,0.0,1.0,-1
"F[1,1](diabDur <= 18.384 -> Pt_SHFlg = 0.000)
",-18.384,-18.384,0.000,0.000,1.000,0,0,0,2,2,0,0,2,0.0,0.0,0.0,0.0,0.0,1.0,-1
"F[1,1](Pt_CGMUseNumDays < 0.000 -> Pt_SHFlg = 0.000)
",0.000,0.000,0.000,0.000,1.000,0,0,0,2,2,0,0,2,0.0,0.0,0.0,0.0,0.0,1.0,-1
"F[0,0](TotalDailyInsPerKg <= 0.820 -> Pt_SHFlg = 0.000)
",18.180,18.180,0.000,0.000,1.000,0,0,0,2,2,0,0,2,0.0,0.0,0.0,0.0,0.0,1.0,-1
"((UnitsInsBasalOrLongAct <= 14.190) U[0,2] (Pt_SHFlg = 0.000))
",-9999999.000,-9999999.000,0.000,0.000,1.000,0,0,0,2,2,0,0,2,0.0,0.0,0.0,0.0,0.0,1.0,-1
"((TSH > 0.277) U[0,0] (Pt_SHFlg = 0.000))
",-0.277,-0.277,0.000,0.000,1.000,0,0,0,2,2,0,0,2,0.0,0.0,0.0,0.0,0.0,1.0,-1
"F[0,2](WeightKg < 78.813 & Pt_SHFlg = 0.000)
",-9999999.000,-9999999.000,0.000,0.000,1.000,0,0,0,2,2,0,0,2,0.0,0.0,0.0,0.0,0.0,1.0,-1
"((UnitsInsBasalOrLongAct >= 2.874) U[0,1] (Pt_SHFlg = 0.000))
",-9999999.000,-9999999.000,0.000,0.000,1.000,0,0,0,2,2,0,0,2,0.0,0.0,0.0,0.0,0.0,1.0,-1
"F[0,2](HbA1cImputeDtMnC >= 6.478 & Pt_SHFlg = 0.000)
",-9999999.000,-9999999.000,0.000,0.000,1.000,0,0,0,2,2,0,0,2,0.0,0.0,0.0,0.0,0.0,1.0,-1
"((BldPrSys > 106.232) U[0,2] (Pt_SHFlg = 0.000))
",-9999999.000,-9999999.000,0.000,0.000,1.000,0,0,0,2,2,0,0,2,0.0,0.0,0.0,0.0,0.0,1.0,-1
"F[0,2](AlbCreatRat_mggNew < 8.137 -> Pt_SHFlg = 0.000)
",-9999999.000,-9999999.000,0.000,0.000,1.000,0,0,0,2,2,0,0,2,0.0,0.0,0.0,0.0,0.0,1.0,-1
"F[1,1]((age >= 20.270 | TSH >= 0.411) & NumPumpBolusOrShortAct <= 1.143)
",-0.411,-0.411,0.000,0.000,1.000,0,0,0,2,2,0,0,2,0.0,0.0,0.0,0.0,0.0,1.0,-1
"F[0,2](((TSH >= 0.088 | BGTestAvgNumPtRep >= 5.005) -> NumPumpBolusOrShortAct <= 10.451) -> Pt_GrandchildT1D >= 3.948)
",-9999999.000,-9999999.000,0.000,0.000,1.000,0,0,0,2,2,0,0,2,0.0,0.0,0.0,0.0,0.0,1.0,-1
"F[0,2](TotChol >= 0.000 & WeightKg >= 76.060)
",-9999999.000,-9999999.000,0.000,0.000,1.000,0,0,0,2,2,0,0,2,0.0,0.0,0.0,0.0,0.0,1.0,-1
"G[2,2]((AutonomicNeuroCl <= 0.000 | Pt_ChildT1D <= 0.000) -> HbA1cImputeDtMnC >= 0.000)
",0.000,0.000,0.000,1.000,0.000,0,0,2,0,0,2,2,0,0.0,0.0,1.0,0.0,0.0,1.0,1
"G[1,2]((Pt_CGMUseNumDays >= 0.000 | Pt_CGMUseNumDays <= 0.000) | diabDur >= 0.000)
",9999999.000,9999999.000,0.000,1.000,0.000,0,0,2,0,0,2,2,0,0.0,0.0,1.0,0.0,0.0,1.0,1
"G[2,2](HbA1c <= 6.592 & UnitsInsBasalOrLongAct <= 13.446)
",6.592,6.592,0.000,1.000,0.000,0,0,2,0,0,2,2,0,0.0,0.0,1.0,0.0,0.0,1.0,1
"G[0,2](((AlbCreatRat_mggNew <= 3.990 | HbA1c >= 6.211) -> Pt_A1cGoalLev >= 6.392) & WeightKg <= 6.792)
",9999999.000,9999999.000,0.000,1.000,0.000,0,0,0,2,2,0,0,2,0.0,0.0,0.0,0.0,0.0,1.0,1
"G[0,2](DirectLDL <= 0.894 -> WeightKg <= 78.159)
",9999999.000,9999999.000,0.000,1.000,0.000,0,0,1,1,1,1,1,1,0.0,0.0,1.0,0.0,0.0,1.0,1
"G[0,1]((SMBGperDayPtMeterCombo <= 9.273 & HbA1cImputeDtMnC >= 10.841) & BldPrDia >= 8.494)
",9999999.000,9999999.000,0.000,1.000,0.000,0,0,0,2,2,0,0,2,0.0,0.0,0.0,0.0,0.0,1.0,1
"G[1,2](((BldPrSys <= 117.641 & bmiZscore <= 0.332) & age <= 0.525) -> BGTestAvgNumPtRep >= -0.081)
",9999999.000,9999999.000,0.000,1.000,0.000,0,0,2,0,0,2,2,0,0.0,0.0,1.0,0.0,0.0,1.0,1
"G[0,2]((HeightCm <= 176.528 -> Pt_FatherT1D >= 0.275) | GFR <= 0.520)
",9999999.000,9999999.000,0.000,1.000,0.000,0,0,2,0,0,2,2,0,0.0,0.0,1.0,0.0,0.0,1.0,1
"G[0,2]((DirectLDL >= 0.228 & Pt_FatherT1D >= 0.172) & diabDur >= 0.182)
",9999999.000,9999999.000,0.000,1.000,0.000,0,0,0,2,2,0,0,2,0.0,0.0,0.0,0.0,0.0,1.0,1
"G[1,2](BldPrSys <= 116.049 -> Pt_SHFlg = 0.000)
",9999999.000,9999999.000,0.000,1.000,0.000,0,0,2,0,0,2,2,0,0.0,0.0,1.0,0.0,0.0,1.0,1
"G[2,2](GFR > 0.000 -> Pt_SHFlg = 0.000)
",0.000,0.000,0.000,1.000,0.000,0,0,2,0,0,2,2,0,0.0,0.0,1.0,0.0,0.0,1.0,1
"G[2,2](diabDur >= 17.999 -> Pt_SHFlg = 0.000)
",0.000,0.000,0.000,1.000,0.000,0,0,2,0,0,2,2,0,0.0,0.0,1.0,0.0,0.0,1.0,1
"G[1,2](BldPrDia >= 64.277 -> Pt_SHFlg = 0.000)
",9999999.000,9999999.000,0.000,1.000,0.000,0,0,2,0,0,2,2,0,0.0,0.0,1.0,0.0,0.0,1.0,1
"G[0,0](Pt_SHFlg < 0.000 & Pt_SHFlg = 0.000)
",-10.987,-24.066,0.000,1.000,0.000,0,0,0,2,2,0,0,2,0.0,0.0,0.0,0.0,0.0,1.0,1
"G[0,2](Pt_SiblingT1D <= 0.000 & Pt_SHFlg = 0.000)
",9999999.000,9999999.000,0.000,1.000,0.000,0,0,2,0,0,2,2,0,0.0,0.0,1.0,0.0,0.0,1.0,1
"G[1,2](AutonomicNeuroCl <= 0.000 & Pt_SHFlg = 0.000)
",9999999.000,9999999.000,0.000,1.000,0.000,0,0,2,0,0,2,2,0,0.0,0.0,1.0,0.0,0.0,1.0,1
"G[0,2]((WeightKg >= 76.904 | bmi >= 25.001) -> UnitsInsBasalOrLongAct <= 14.138)
",9999999.000,9999999.000,0.000,1.000,0.000,0,0,1,1,1,1,1,1,0.0,0.0,1.0,0.0,0.0,1.0,1
"G[1,2]((WeightKg >= 74.398 | bmi >= 24.535) -> UnitsInsBasalOrLongAct <= 19.927)
",9999999.000,9999999.000,0.000,1.000,0.000,0,0,1,1,1,1,1,1,0.0,0.0,1.0,0.0,0.0,1.0,1
"G[0,2](GFR <= 0.000 -> BUN >= 0.000)
",9999999.000,9999999.000,0.000,1.000,0.000,0,0,2,0,0,2,2,0,0.0,0.0,1.0,0.0,0.0,1.0,1
"G[1,2](SMBGperDayPtMeterCombo >= 7.997 & Pt_SHFlg = 0.000)
",9999999.000,9999999.000,0.000,1.000,0.000,0,0,1,1,1,1,1,1,0.0,0.0,1.0,0.0,0.0,1.0,1
"G[0,2](SMBGperDayPtMeterCombo >= 5.006 & BGTestAvgNumPtRep >= 4.248)
",9999999.000,9999999.000,0.000,1.000,0.000,0,0,1,1,1,1,1,1,0.0,0.0,1.0,0.0,0.0,1.0,1
"G[1,2](GFR <= 0.000 -> BUN >= 0.000)
",9999999.000,9999999.000,0.000,1.000,0.000,0,0,2,0,0,2,2,0,0.0,0.0,1.0,0.0,0.0,1.0,1
"G[0,2](SMBGperDayPtMeterCombo >= 2.337 & BGTestAvgNumPtRep >= 4.143)
",9999999.000,9999999.000,0.000,1.000,0.000,0,0,1,1,1,1,1,1,0.0,0.0,1.0,0.0,0.0,1.0,1
"G[2,2]((WeightKg >= 77.636 | bmi >= 25.973) -> UnitsInsBasalOrLongAct <= 19.589)
",-19.589,-19.589,0.000,1.000,0.000,0,0,2,0,0,2,2,0,0.0,0.0,1.0,0.0,0.0,1.0,1
"G[0,2](((Pt_FatherT1D <= 0.938 | Pt_ChildT1D <= 0.000) -> Pt_SHFlg >= 0.000) & GFR >= 0.000)
",9999999.000,9999999.000,0.000,1.000,0.000,0,0,2,0,0,2,2,0,0.0,0.0,1.0,0.0,0.0,1.0,1
"G[1,2](((BUN >= 0.000 & BGTestAvgNumPtRep <= 9.445) -> bmi >= 2.236) & BGTestAvgNumMeter >= 2.908)
",9999999.000,9999999.000,0.000,1.000,0.000,0,0,1,1,1,1,1,1,0.0,0.0,1.0,0.0,0.0,1.0,1
"G[1,2](SMBGperDayPtMeterCombo >= 4.970 & BGTestAvgNumPtRep >= 5.689)
",9999999.000,9999999.000,0.000,1.000,0.000,0,0,1,1,1,1,1,1,0.0,0.0,1.0,0.0,0.0,1.0,1
"G[2,2](Pt_GrandparentT1D >= 0.000 & NumPumpBolusOrShortAct <= 2.020)
",0.000,0.000,0.000,1.000,0.000,0,0,2,0,0,2,2,0,0.0,0.0,1.0,0.0,0.0,1.0,1
"G[2,2]((Triglyc <= 96.866 & WeightKg >= 77.325) -> bmiPerc >= 74.717)
",74.717,74.717,0.000,1.000,0.000,0,0,2,0,0,2,2,0,0.0,0.0,1.0,0.0,0.0,1.0,1
"G[0,1](((bmiPerc >= 0.041 -> WeightKg <= 78.928) & BldPrSys >= 76.949) -> BUN >= 77.185)
",9999999.000,9999999.000,0.000,1.000,0.000,0,0,0,2,2,0,0,2,0.0,0.0,0.0,0.0,0.0,1.0,1
"G[1,2](((BGTestAvgNumPtRep >= 3.375 & HDL <= 67.598) -> Pt_A1cGoalLevelDsYr5 <= 55.867) -> Pt_CGMUseNumDays <= 32.062)
",9999999.000,9999999.000,0.000,1.000,0.000,0,0,2,0,0,2,2,0,0.0,0.0,1.0,0.0,0.0,1.0,1
"G[2,2](AlbCreatRat_mggNew <= 5.877 | TSH >= 0.098)
",5.877,5.877,0.000,1.000,0.000,0,0,2,0,0,2,2,0,0.0,0.0,1.0,0.0,0.0,1.0,1
"G[0,2](bmi >= 24.409 & LDL <= 69.153)
",9999999.000,9999999.000,0.000,1.000,0.000,0,0,0,2,2,0,0,2,0.0,0.0,0.0,0.0,0.0,1.0,1
"G[1,1](((bmiPerc >= 0.130 & LDL <= 79.656) -> Pt_A1cGoalLev <= 88.488) -> BUN >= 28.050)
",28.050,28.050,0.000,1.000,0.000,0,0,0,2,2,0,0,2,0.0,0.0,0.0,0.0,0.0,1.0,1
"G[0,1]((BldPrSys >= 106.158 & Pt_A1cGoalLev <= 5.134) -> Pt_A1cGoalLevelDsYr5 >= 0.887)
",9999999.000,9999999.000,0.000,1.000,0.000,0,0,0,2,2,0,0,2,0.0,0.0,0.0,0.0,0.0,1.0,1
"G[1,2](LDL >= 24.273 & TSH >= 0.161)
",9999999.000,9999999.000,0.000,1.000,0.000,0,0,1,1,1,1,1,1,0.0,0.0,1.0,0.0,0.0,1.0,1
"G[0,2](((HbA1cImputeDtMnC <= 25.899 | Pt_A1cGoalLev >= 0.946) -> Pt_GrandparentT1D <= 2.662) | GFR >= 1.154)
",9999999.000,9999999.000,0.000,1.000,0.000,0,0,2,0,0,2,2,0,0.0,0.0,1.0,0.0,0.0,1.0,1
"G[0,2](Pt_CGMUseNumDays >= 0.000 & DirectLDL <= 0.365)
",9999999.000,9999999.000,0.000,1.000,0.000,0,0,1,1,1,1,1,1,0.0,0.0,1.0,0.0,0.0,1.0,1
"G[2,2](Pt_SiblingT1D >= 0.000 & HbA1cImputeDtMnC <= 23.766)
",0.000,0.000,0.000,1.000,0.000,0,0,2,0,0,2,2,0,0.0,0.0,1.0,0.0,0.0,1.0,1
"G[1,2](((Pt_CGMUseNumDays <= 0.000 | Triglyc <= 76.045) -> GFR >= 32.093) | HDL <= 101.723)
",9999999.000,9999999.000,0.000,1.000,0.000,0,0,2,0,0,2,2,0,0.0,0.0,1.0,0.0,0.0,1.0,1
"G[0,2](Pt_SiblingT1D >= 0.000 & diagAgeCombo <= 3.000)
",9999999.000,9999999.000,0.000,1.000,0.000,0,0,2,0,0,2,2,0,0.0,0.0,1.0,0.0,0.0,1.0,1
"G[2,2](((HbA1cImputeDtMnC <= 16.006 -> BGTestAvgNumPtRep >= 0.096) | TotChol >= 0.294) -> HDL >= 4.727)
",0.294,0.294,0.000,1.000,0.000,0,0,2,0,0,2,2,0,0.0,0.0,1.0,0.0,0.0,1.0,1
"G[1,2]((TotalDailyInsPerKg >= 0.690 | BUN <= 0.000) | Triglyc >= 0.000)
",9999999.000,9999999.000,0.000,1.000,0.000,0,0,2,0,0,2,2,0,0.0,0.0,1.0,0.0,0.0,1.0,1
"G[0,2](((SMBGperDayPtMeterCombo >= 7.904 -> HbA1c >= 6.431) & Pt_GrandchildT1D <= 6.667) -> Pt_SHFlg <= 6.604)
",9999999.000,9999999.000,0.000,1.000,0.000,0,0,2,0,0,2,2,0,0.0,0.0,1.0,0.0,0.0,1.0,1
"G[2,2]((diabDur >= 18.214 | UnitsInsBasalOrLongAct >= 9.860) & AlbCreatRat_mggNew <= 13.416)
",-9.860,-9.860,0.000,1.000,0.000,0,0,2,0,0,2,2,0,0.0,0.0,1.0,0.0,0.0,1.0,1
"G[2,2](SMBGperDayPtMeterCombo >= 8.393 -> Pt_GrandchildT1D <= 0.000)
",0.000,0.000,0.000,1.000,0.000,0,0,2,0,0,2,2,0,0.0,0.0,1.0,0.0,0.0,1.0,1
"G[0,2](bmi <= 27.744 -> BGTestAvgNumMeter <= 9.043)
",9999999.000,9999999.000,0.000,1.000,0.000,0,0,0,2,2,0,0,2,0.0,0.0,0.0,0.0,0.0,1.0,1
"G[0,2]((diabDur <= 18.622 -> Pt_A1cGoalLev >= 0.175) | HDL <= 1.627)
",9999999.000,9999999.000,0.000,1.000,0.000,0,0,1,1,1,1,1,1,0.0,0.0,1.0,0.0,0.0,1.0,1
"G[0,2](((TotChol >= 0.000 & GFR >= 0.000) | BldPrDia >= 0.000) -> BGTestAvgNumMeter <= 0.000)
",9999999.000,9999999.000,0.000,1.000,0.000,0,0,0,2,2,0,0,2,0.0,0.0,0.0,0.0,0.0,1.0,1
"G[0,2](((BGTestAvgNumMeter <= 9.422 -> Pt_A1cGoalLev <= 2.313) | Pt_GrandparentT1D >= 0.738) -> bmiZscore <= 2.263)
",9999999.000,9999999.000,0.000,1.000,0.000,0,0,2,0,0,2,2,0,0.0,0.0,1.0,0.0,0.0,1.0,1
"G[2,2](Pt_InsGov >= 0.000 | Pt_A1cGoalLevelDsYr5 <= 0.000)
",0.000,0.000,0.000,1.000,0.000,0,0,2,0,0,2,2,0,0.0,0.0,1.0,0.0,0.0,1.0,1
"G[2,2](GFR <= 0.000 -> BUN >= 0.000)
",0.000,0.000,0.000,1.000,0.000,0,0,2,0,0,2,2,0,0.0,0.0,1.0,0.0,0.0,1.0,1
"G[2,2]((WeightKg >= 74.696 | bmi >= 24.201) -> UnitsInsBasalOrLongAct <= 16.236)
",-16.236,-16.236,0.000,1.000,0.000,0,0,2,0,0,2,2,0,0.0,0.0,1.0,0.0,0.0,1.0,1
"G[2,2](((HbA1c <= 6.599 | HeightCm <= 179.258) -> Pt_MotherT1D >= 166.818) & AlbCreatRat_mggNew >= 162.713)
",-179.258,-179.258,0.000,1.000,0.000,0,0,2,0,0,2,2,0,0.0,0.0,1.0,0.0,0.0,1.0,1
"G[1,2]((diabDur <= 18.472 | HbA1cImputeDtMnC >= 3.394) & HbA1c <= 20.648)
",9999999.000,9999999.000,0.000,1.000,0.000,0,0,2,0,0,2,2,0,0.0,0.0,1.0,0.0,0.0,1.0,1
"G[1,2](HeightCm <= 174.803 -> Pt_A1cGoalLev <= 2.734)
",9999999.000,9999999.000,0.000,1.000,0.000,0,0,1,1,1,1,1,1,0.0,0.0,1.0,0.0,0.0,1.0,1
"G[1,2]((BGTestAvgNumPtRep >= 0.427 | BldPrDia >= 65.397) -> Pt_InsGov >= 61.959)
",9999999.000,9999999.000,0.000,1.000,0.000,0,0,1,1,1,1,1,1,0.0,0.0,1.0,0.0,0.0,1.0,1
"G[0,2](TSH < 0.895 -> Pt_SHFlg = 0.000)
",9999999.000,9999999.000,0.000,1.000,0.000,0,0,2,0,0,2,2,0,0.0,0.0,1.0,0.0,0.0,1.0,1
"G[2,2](((diabDur >= 17.492 -> NumPumpBolusOrShortAct <= 2.002) -> TSH <= 2.007) | UnitsInsBasalOrLongAct >= 0.794)
",-0.794,-0.794,0.000,1.000,0.000,0,0,2,0,0,2,2,0,0.0,0.0,1.0,0.0,0.0,1.0,1
"G[0,2](((TSH <= 1.197 | BGTestAvgNumPtRep <= 8.513) -> bmiZscore <= 8.030) & diagAgeCombo >= 4.514)
",9999999.000,9999999.000,0.000,1.000,0.000,0,0,0,2,2,0,0,2,0.0,0.0,0.0,0.0,0.0,1.0,1
"G[1,2](HbA1cImputeDtMnC >= 13.066 -> Pt_DKAFlg >= 0.000)
",9999999.000,9999999.000,0.000,1.000,0.000,0,0,2,0,0,2,2,0,0.0,0.0,1.0,0.0,0.0,1.0,1
"G[2,2]((BGTestAvgNumPtRep <= 7.287 & Triglyc <= 54.036) | GFR <= 117.331)
",117.331,117.331,0.000,1.000,0.000,0,0,2,0,0,2,2,0,0.0,0.0,1.0,0.0,0.0,1.0,1
"G[1,2](((diagAgeCombo >= 3.000 -> BldPrSys >= 108.095) & HbA1cImputeDtMnC >= 112.237) | BGTestAvgNumPtRep >= 108.436)
",9999999.000,9999999.000,0.000,1.000,0.000,0,0,0,2,2,0,0,2,0.0,0.0,0.0,0.0,0.0,1.0,1
"G[2,2](((GFR >= 0.000 -> diagAgeCombo >= 3.000) & Pt_ChildT1D >= 3.000) & diabDur <= 3.000)
",-3.000,-3.000,0.000,1.000,0.000,0,0,2,0,0,2,2,0,0.0,0.0,1.0,0.0,0.0,1.0,1
"G[0,2](((AlbCreatRat_mggNew >= 1.176 & AlbCreatRat_mggNew <= 4.137) | SMBGperDayPtMeterCombo <= 8.306) | NumPumpBolusOrShortAct >= 2.051)
",9999999.000,9999999.000,0.000,1.000,0.000,0,0,0,2,2,0,0,2,0.0,0.0,0.0,0.0,0.0,1.0,1
"G[1,2]((AutonomicNeuroCl >= 0.000 -> Triglyc <= 68.909) & NumPumpBolusOrShortAct >= 24.059)
",9999999.000,9999999.000,0.000,1.000,0.000,0,0,0,2,2,0,0,2,0.0,0.0,0.0,0.0,0.0,1.0,1
"G[2,2]((age <= 21.501 & GFR <= 0.000) & TotChol >= 0.000)
",0.000,0.000,0.000,1.000,0.000,0,0,2,0,0,2,2,0,0.0,0.0,1.0,0.0,0.0,1.0,1
"G[0,0](((HeightCm >= 164.248 & TSH >= 0.248) & TotalDailyInsPerKg <= 0.989) | Pt_InsGov >= 0.168)
",-0.168,-0.168,0.000,1.000,0.000,0,0,0,2,2,0,0,2,0.0,0.0,0.0,0.0,0.0,1.0,1
"G[1,2](((LDL >= 42.980 | HbA1cImputeDtMnC <= 20.065) & Pt_SiblingT1D >= 6.474) | BldPrSys <= 15.460)
",9999999.000,9999999.000,0.000,1.000,0.000,0,0,0,2,2,0,0,2,0.0,0.0,0.0,0.0,0.0,1.0,1
"G[1,2]((bmiPerc >= 0.081 -> HeightCm >= 170.131) & Pt_GrandparentT1D <= 177.471)
",9999999.000,9999999.000,0.000,1.000,0.000,0,0,2,0,0,2,2,0,0.0,0.0,1.0,0.0,0.0,1.0,1
"G[1,2]((Pt_InsGov <= 0.000 -> TotChol >= 0.000) | diabDur >= 0.000)
",9999999.000,9999999.000,0.000,1.000,0.000,0,0,2,0,0,2,2,0,0.0,0.0,1.0,0.0,0.0,1.0,1
"G[1,1](((Pt_FatherT1D >= 0.196 & diagAgeCombo >= 3.000) & Pt_MotherT1D >= 3.000) | Pt_MotherT1D >= 3.000)
",-3.000,-3.000,0.000,1.000,0.000,0,0,0,2,2,0,0,2,0.0,0.0,0.0,0.0,0.0,1.0,1
"G[0,2](((DirectLDL <= 0.340 & TSH >= 0.146) | NumPumpBolusOrShortAct <= 1.063) | Pt_A1cGoalLevelDsYr5 <= 0.483)
",9999999.000,9999999.000,0.000,1.000,0.000,0,0,2,0,0,2,2,0,0.0,0.0,1.0,0.0,0.0,1.0,1
"G[1,2](Pt_CGMUseNumDays >= 0.000 -> Pt_InsGov >= 0.000)
",9999999.000,9999999.000,0.000,1.000,0.000,0,0,2,0,0,2,2,0,0.0,0.0,1.0,0.0,0.0,1.0,1
"G[1,2](Pt_GrandparentT1D >= 0.000 & Pt_GrandchildT1D >= 0.000)
",9999999.000,9999999.000,0.000,1.000,0.000,0,0,2,0,0,2,2,0,0.0,0.0,1.0,0.0,0.0,1.0,1
"G[0,2](HDL >= 10.151 | HbA1c >= 6.408)
",9999999.000,9999999.000,0.000,1.000,0.000,0,0,0,2,2,0,0,2,0.0,0.0,0.0,0.0,0.0,1.0,1
"G[0,2]((GFR <= 0.000 | NumPumpBolusOrShortAct <= 5.112) & age <= 4.788)
",9999999.000,9999999.000,0.000,1.000,0.000,0,0,0,2,2,0,0,2,0.0,0.0,0.0,0.0,0.0,1.0,1
"G[0,2](Pt_SHFlg >= 0.000 | NumPumpBolusOrShortAct <= 2.281)
",9999999.000,9999999.000,0.000,1.000,0.000,0,0,2,0,0,2,2,0,0.0,0.0,1.0,0.0,0.0,1.0,1
"G[2,2](LDL <= 73.534 | WeightKg <= 79.316)
",79.316,79.316,0.000,1.000,0.000,0,0,2,0,0,2,2,0,0.0,0.0,1.0,0.0,0.0,1.0,1
"G[1,2]((AlbCreatRat_mggNew <= 7.354 & TotalDailyInsPerKg <= 0.833) -> diabDur <= 0.772)
",9999999.000,9999999.000,0.000,1.000,0.000,0,0,0,2,2,0,0,2,0.0,0.0,0.0,0.0,0.0,1.0,1
"G[1,2](GFR <= 0.000 -> BUN >= 0.000)
",9999999.000,9999999.000,0.000,1.000,0.000,0,0,2,0,0,2,2,0,0.0,0.0,1.0,0.0,0.0,1.0,1
"G[0,1](((AlbCreatRat_mggNew <= 6.601 & Pt_FatherT1D >= 0.153) & HbA1cImputeDtMnC >= 0.039) | DirectLDL >= 0.254)
",9999999.000,9999999.000,0.000,1.000,0.000,0,0,0,2,2,0,0,2,0.0,0.0,0.0,0.0,0.0,1.0,1
"G[0,2](SMBGperDayPtMeterCombo >= 5.156 & BGTestAvgNumPtRep >= 1.231)
",9999999.000,9999999.000,0.000,1.000,0.000,0,0,1,1,1,1,1,1,0.0,0.0,1.0,0.0,0.0,1.0,1
"G[2,2]((WeightKg >= 74.762 | bmi >= 24.589) -> UnitsInsBasalOrLongAct <= 13.605)
",-13.605,-13.605,0.000,1.000,0.000,0,0,2,0,0,2,2,0,0.0,0.0,1.0,0.0,0.0,1.0,1
"G[0,2](SMBGperDayPtMeterCombo >= 5.540 & BGTestAvgNumPtRep >= 3.282)
",9999999.000,9999999.000,0.000,1.000,0.000,0,0,1,1,1,1,1,1,0.0,0.0,1.0,0.0,0.0,1.0,1
"G[1,2]((WeightKg >= 74.980 | bmi >= 25.744) -> UnitsInsBasalOrLongAct <= 20.184)
",9999999.000,9999999.000,0.000,1.000,0.000,0,0,1,1,1,1,1,1,0.0,0.0,1.0,0.0,0.0,1.0,1
"G[2,2](SMBGperDayPtMeterCombo < 9.407 -> Pt_SHFlg = 0.000)
",-9.407,-9.407,0.000,1.000,0.000,0,0,2,0,0,2,2,0,0.0,0.0,1.0,0.0,0.0,1.0,1
"G[1,2](SMBGperDayPtMeterCombo > 6.850 & Pt_SHFlg = 0.000)
",9999999.000,9999999.000,0.000,1.000,0.000,0,0,1,1,1,1,1,1,0.0,0.0,1.0,0.0,0.0,1.0,1
"G[1,2](Pt_SiblingT1D <= 0.000 & Pt_SHFlg = 0.000)
",9999999.000,9999999.000,0.000,1.000,0.000,0,0,2,0,0,2,2,0,0.0,0.0,1.0,0.0,0.0,1.0,1
"G[0,2]((HbA1c <= 6.887 & WeightKg <= 77.759) | GFR <= 78.020)
",9999999.000,9999999.000,0.000,1.000,0.000,0,0,2,0,0,2,2,0,0.0,0.0,1.0,0.0,0.0,1.0,1
"G[0,0](((BldPrDia >= 60.908 | Pt_A1cGoalLev <= 5.621) & Pt_A1cGoalLevelDsYr5 <= 1.658) -> AutonomicNeuroCl >= 0.556)
",-17.126,-5.994,0.000,1.000,0.000,0,0,0,2,2,0,0,2,0.0,0.0,0.0,0.0,0.0,1.0,1
"G[1,2]((bmi <= 31.775 & UnitsInsBasalOrLongAct >= 0.702) & Pt_ChildT1D <= 14.118)
",9999999.000,9999999.000,0.000,1.000,0.000,0,0,1,1,1,1,1,1,0.0,0.0,1.0,0.0,0.0,1.0,1
"G[0,2](((DirectLDL >= 0.014 | HbA1cImputeDtMnC >= 13.497) -> Pt_A1cGoalLevelDsYr5 <= 19.275) -> Pt_ChildT1D <= 15.642)
",9999999.000,9999999.000,0.000,1.000,0.000,0,0,2,0,0,2,2,0,0.0,0.0,1.0,0.0,0.0,1.0,1
"G[0,2](((HbA1c <= 6.669 & TSH >= 0.416) -> TotChol >= 0.337) -> TSH >= 0.150)
",9999999.000,9999999.000,0.000,1.000,0.000,0,0,0,2,2,0,0,2,0.0,0.0,0.0,0.0,0.0,1.0,1
"G[1,2](((LDL >= 1.202 | UnitsInsBasalOrLongAct <= 17.411) | HDL <= 23.960) & Pt_FatherT1D <= 22.382)
",9999999.000,9999999.000,0.000,1.000,0.000,0,0,2,0,0,2,2,0,0.0,0.0,1.0,0.0,0.0,1.0,1
"G[1,2](((BldPrDia >= 63.519 & bmi >= 26.128) & Pt_A1cGoalLevelDsYr5 <= 32.770) & AutonomicNeuroCl >= 25.669)
",9999999.000,9999999.000,0.000,1.000,0.000,0,0,0,2,2,0,0,2,0.0,0.0,0.0,0.0,0.0,1.0,1
"G[1,2](UnitsInsBasalOrLongAct <= 14.067 & WeightKg >= 76.455)
",9999999.000,9999999.000,0.000,1.000,0.000,0,0,1,1,1,1,1,1,0.0,0.0,1.0,0.0,0.0,1.0,1
"G[0,2](BldPrDia <= 71.296 | WeightKg >= 74.719)
",9999999.000,9999999.000,0.000,1.000,0.000,0,0,2,0,0,2,2,0,0.0,0.0,1.0,0.0,0.0,1.0,1
"G[1,2](((AlbCreatRat_mggNew >= 0.578 | HDL >= 6.722) -> Pt_SiblingT1D <= 18.876) -> diabDur >= 4.457)
",9999999.000,9999999.000,0.000,1.000,0.000,0,0,2,0,0,2,2,0,0.0,0.0,1.0,0.0,0.0,1.0,1
"G[1,2](((AlbCreatRat_mggNew >= 1.190 & bmiPerc <= 0.526) | HeightCm <= 0.481) -> BldPrDia >= 0.040)
",9999999.000,9999999.000,0.000,1.000,0.000,0,0,2,0,0,2,2,0,0.0,0.0,1.0,0.0,0.0,1.0,1
"G[0,2]((BldPrDia >= 64.510 & BldPrSys >= 108.594) & HbA1cImputeDtMnC <= 119.248)
",9999999.000,9999999.000,0.000,1.000,0.000,0,0,1,1,1,1,1,1,0.0,0.0,1.0,0.0,0.0,1.0,1
"G[2,2](((BGTestAvgNumPtRep >= 1.781 | BldPrSys >= 105.425) -> diagAgeCombo >= 104.034) & BUN >= 110.700)
",-110.700,-110.700,0.000,1.000,0.000,0,0,2,0,0,2,2,0,0.0,0.0,1.0,0.0,0.0,1.0,1
"G[1,1](((bmiPerc >= 0.158 & HbA1cImputeDtMnC <= 25.556) & HbA1cImputeDtMnC >= 3.100) | Pt_SHFlg >= 15.098)
",-3.100,-3.100,0.000,1.000,0.000,0,0,0,2,2,0,0,2,0.0,0.0,0.0,0.0,0.0,1.0,1
"G[1,2]((BldPrSys <= 113.818 -> SMBGperDayPtMeterCombo <= 9.497) & BldPrDia >= 4.979)
",9999999.000,9999999.000,0.000,1.000,0.000,0,0,2,0,0,2,2,0,0.0,0.0,1.0,0.0,0.0,1.0,1
"G[1,2]((BldPrSys <= 114.654 | DirectLDL >= 0.225) & HDL >= 0.128)
",9999999.000,9999999.000,0.000,1.000,0.000,0,0,0,2,2,0,0,2,0.0,0.0,0.0,0.0,0.0,1.0,1
"G[0,2](((BGTestAvgNumMeter >= 1.268 -> BldPrDia <= 72.892) -> NumPumpBolusOrShortAct <= 73.410) | Pt_GrandparentT1D >= 61.394)
",9999999.000,9999999.000,0.000,1.000,0.000,0,0,2,0,0,2,2,0,0.0,0.0,1.0,0.0,0.0,1.0,1
"G[1,2]((LDL >= 16.066 -> Pt_A1cGoalLev >= 0.432) & Pt_A1cGoalLev <= 4.604)
",9999999.000,9999999.000,0.000,1.000,0.000,0,0,0,2,2,0,0,2,0.0,0.0,0.0,0.0,0.0,1.0,1
"F[1,1](((Triglyc >= 10.419 -> NumPumpBolusOrShortAct >= 0.570) | bmiPerc <= 4.207) | TotalDailyInsPerKg >= 0.236)
",4.207,4.207,0.000,0.000,1.000,0,0,0,2,2,0,0,2,0.0,0.0,0.0,0.0,0.0,1.0,-1
"((NumPumpBolusOrShortAct <= 4.859) U[2,2] (UnitsInsBasalOrLongAct <= 19.959))
",19.959,19.959,0.000,0.000,1.000,0,0,0,2,2,0,0,2,0.0,0.0,0.0,0.0,0.0,1.0,-1
"((GFR >= 0.000) U[0,2] (Pt_A1cGoalLev >= 1.391))
",-9999999.000,-9999999.000,0.000,0.000,1.000,0,0,0,2,2,0,0,2,0.0,0.0,0.0,0.0,0.0,1.0,-1
"F[0,1]((TSH >= 0.156 -> Pt_InsGov <= 0.000) -> Pt_A1cGoalLevelDsYr5 <= 0.000)
",-9999999.000,-9999999.000,0.000,0.000,1.000,0,0,0,2,2,0,0,2,0.0,0.0,0.0,0.0,0.0,1.0,-1
"F[1,1](((Pt_SiblingT1D <= 0.000 | diagAgeCombo >= 3.000) -> TSH <= 3.000) | Pt_SHFlg <= 3.000)
",3.000,3.000,0.000,0.000,1.000,0,0,0,2,2,0,0,2,0.0,0.0,0.0,0.0,0.0,1.0,-1
"((bmiPerc <= 0.241) U[0,1] (Pt_A1cGoalLev <= 2.682))
",-9999999.000,-9999999.000,0.000,0.000,1.000,0,0,0,2,2,0,0,2,0.0,0.0,0.0,0.0,0.0,1.0,-1
"F[0,2]((Pt_ChildT1D >= 0.000 -> BldPrSys >= 108.628) & BGTestAvgNumPtRep >= 103.935)
",-9999999.000,-9999999.000,0.000,0.000,1.000,0,0,0,2,2,0,0,2,0.0,0.0,0.0,0.0,0.0,1.0,-1
"F[0,1](((NumPumpBolusOrShortAct >= 0.736 & SMBGperDayPtMeterCombo >= 8.328) -> bmiPerc <= 11.224) -> AutonomicNeuroCl <= 12.933)
",-9999999.000,-9999999.000,0.000,0.000,1.000,0,0,0,2,2,0,0,2,0.0,0.0,0.0,0.0,0.0,1.0,-1
"F[0,2](((GFR <= 0.000 -> Pt_A1cGoalLev >= 0.688) -> AlbCreatRat_mggNew >= 0.747) | Pt_DKAFlg <= 2.452)
",-9999999.000,-9999999.000,0.000,0.000,1.000,0,0,0,2,2,0,0,2,0.0,0.0,0.0,0.0,0.0,1.0,-1
"F[0,2](age >= 20.833 & Pt_A1cGoalLevelDsYr5 <= 0.000)
",-9999999.000,-9999999.000,0.000,0.000,1.000,0,0,0,2,2,0,0,2,0.0,0.0,0.0,0.0,0.0,1.0,-1
"F[0,1](((DirectLDL >= 0.190 | bmiZscore <= 0.202) & AlbCreatRat_mggNew <= 0.384) | age >= -0.427)
",-9999999.000,-9999999.000,0.000,0.000,1.000,0,0,0,2,2,0,0,2,0.0,0.0,0.0,0.0,0.0,1.0,-1
"((Pt_ChildT1D <= 0.000) U[1,2] (HbA1cImputeDtMnC <= 23.911))
",-9999999.000,-9999999.000,0.000,0.000,1.000,0,0,0,2,2,0,0,2,0.0,0.0,0.0,0.0,0.0,1.0,-1
"((BldPrDia <= 68.035) U[0,1] (bmiZscore >= -0.408))
",-9999999.000,-9999999.000,0.000,0.000,1.000,0,0,0,2,2,0,0,2,0.0,0.0,0.0,0.0,0.0,1.0,-1
"F[0,2](((age >= 21.068 | Pt_SHFlg >= 0.000) | DirectLDL >= 0.000) & BUN <= 0.000)
",-9999999.000,-9999999.000,0.000,0.000,1.000,0,0,0,2,2,0,0,2,0.0,0.0,0.0,0.0,0.0,1.0,-1
"F[1,2]((BldPrDia >= 66.168 & HbA1c >= 6.205) & TotalDailyInsPerKg <= 6.541)
",-9999999.000,-9999999.000,0.000,0.000,1.000,0,0,0,2,2,0,0,2,0.0,0.0,0.0,0.0,0.0,1.0,-1
"F[1,2](((Pt_SHFlg >= 0.000 | AutonomicNeuroCl <= 0.000) & UnitsInsBasalOrLongAct <= 0.000) & BldPrDia >= 0.000)
",-9999999.000,-9999999.000,0.000,0.000,1.000,0,0,0,2,2,0,0,2,0.0,0.0,0.0,0.0,0.0,1.0,-1
"F[1,2](((diagAgeCombo <= 3.000 -> AutonomicNeuroCl <= 0.000) & Pt_DKAFlg <= 0.000) & TotalDailyInsPerKg >= 0.000)
",-9999999.000,-9999999.000,0.000,0.000,1.000,0,0,0,2,2,0,0,2,0.0,0.0,0.0,0.0,0.0,1.0,-1
"F[1,2](((BldPrDia >= 63.453 & Pt_SHFlg >= 0.000) -> Pt_InsGov <= 0.000) -> TSH <= 0.000)
",-9999999.000,-9999999.000,0.000,0.000,1.000,0,0,0,2,2,0,0,2,0.0,0.0,0.0,0.0,0.0,1.0,-1
"F[1,2]((AutonomicNeuroCl >= 0.000 & BGTestAvgNumPtRep >= 4.290) & BUN >= 0.520)
",-9999999.000,-9999999.000,0.000,0.000,1.000,0,0,0,2,2,0,0,2,0.0,0.0,0.0,0.0,0.0,1.0,-1
"F[0,1](((Pt_SHFlg >= 0.000 -> HeightCm >= 155.894) & bmi <= 177.341) -> Pt_CGMUseNumDays <= 173.825)
",-9999999.000,-9999999.000,0.000,0.000,1.000,0,0,0,2,2,0,0,2,0.0,0.0,0.0,0.0,0.0,1.0,-1
"((HeightCm >= 163.952) U[0,2] (TSH >= 0.074))
",-9999999.000,-9999999.000,0.000,0.000,1.000,0,0,0,2,2,0,0,2,0.0,0.0,0.0,0.0,0.0,1.0,-1
"((GFR <= 0.000) U[1,2] (TSH >= 0.183))
",-9999999.000,-9999999.000,0.000,0.000,1.000,0,0,0,2,2,0,0,2,0.0,0.0,0.0,0.0,0.0,1.0,-1
"F[1,1]((WeightKg <= 78.002 | Pt_ChildT1D <= 0.000) -> diagAgeCombo >= 0.000)
",-78.002,-78.002,0.000,0.000,1.000,0,0,0,2,2,0,0,2,0.0,0.0,0.0,0.0,0.0,1.0,-1
"F[1,2](((HeightCm >= 169.151 & Pt_A1cGoalLev >= 0.264) -> AutonomicNeuroCl >= 1.309) & Pt_FatherT1D <= 5.667)
",-9999999.000,-9999999.000,0.000,0.000,1.000,0,0,0,2,2,0,0,2,0.0,0.0,0.0,0.0,0.0,1.0,-1
"F[1,2]((HbA1cImputeDtMnC <= 22.880 -> BldPrDia >= 60.672) | WeightKg >= 61.898)
",-9999999.000,-9999999.000,0.000,0.000,1.000,0,0,0,2,2,0,0,2,0.0,0.0,0.0,0.0,0.0,1.0,-1
"F[0,0](((bmiZscore <= 0.684 & Pt_DKAFlg >= 0.000) & Pt_A1cGoalLevelDsYr5 <= 0.000) -> Pt_InsGov <= 0.000)
",0.000,0.000,0.000,0.000,1.000,0,0,0,2,2,0,0,2,0.0,0.0,0.0,0.0,0.0,1.0,-1
"F[1,1](((LDL <= 95.160 & HDL >= 4.562) | BGTestAvgNumPtRep <= 22.246) -> NumPumpBolusOrShortAct <= 34.408)
",-34.408,-34.408,0.000,0.000,1.000,0,0,0,2,2,0,0,2,0.0,0.0,0.0,0.0,0.0,1.0,-1
"F[0,1](diabDur <= 18.351 -> BGTestAvgNumMeter >= 5.048)
",-9999999.000,-9999999.000,0.000,0.000,1.000,0,0,0,2,2,0,0,2,0.0,0.0,0.0,0.0,0.0,1.0,-1
"F[0,2](Triglyc >= 14.564 & NumPumpBolusOrShortAct <= 2.963)
",-9999999.000,-9999999.000,0.000,0.000,1.000,0,0,0,2,2,0,0,2,0.0,0.0,0.0,0.0,0.0,1.0,-1
"F[0,1](((bmiPerc >= 0.185 | UnitsInsBasalOrLongAct >= 5.573) | AutonomicNeuroCl >= 1.026) & DirectLDL <= 23.505)
",-9999999.000,-9999999.000,0.000,0.000,1.000,0,0,0,2,2,0,0,2,0.0,0.0,0.0,0.0,0.0,1.0,-1
"((Pt_DKAFlg <= 0.000) U[1,2] (Pt_SHFlg >= 0.000))
",-9999999.000,-9999999.000,0.000,0.000,1.000,0,0,0,2,2,0,0,2,0.0,0.0,0.0,0.0,0.0,1.0,-1
"F[1,2](bmi <= 32.285 | Pt_FatherT1D <= 0.926)
",-9999999.000,-9999999.000,0.000,0.000,1.000,0,0,0,2,2,0,0,2,0.0,0.0,0.0,0.0,0.0,1.0,-1
"F[1,2](HeightCm <= 177.962 -> Pt_DKAFlg >= 0.000)
",-9999999.000,-9999999.000,0.000,0.000,1.000,0,0,0,2,2,0,0,2,0.0,0.0,0.0,0.0,0.0,1.0,-1
"F[0,2](((Pt_ChildT1D <= 0.000 | WeightKg <= 79.192) & Pt_ChildT1D <= 78.588) | BGTestAvgNumPtRep <= 79.129)
",-9999999.000,-9999999.000,0.000,0.000,1.000,0,0,0,2,2,0,0,2,0.0,0.0,0.0,0.0,0.0,1.0,-1
"((LDL <= 94.341) U[0,0] (BUN <= 0.000))
",2954.331,93.745,0.000,0.000,1.000,0,0,0,2,2,0,0,2,0.0,0.0,0.0,0.0,0.0,1.0,-1
"F[0,1](HbA1c >= 6.328 -> Pt_A1cGoalLevelDsYr5 = 0.000)
",-9999999.000,-9999999.000,0.000,0.000,1.000,0,0,0,2,2,0,0,2,0.0,0.0,0.0,0.0,0.0,1.0,-1
"F[1,2](((bmiZscore <= 0.004 | Pt_ChildT1D >= 0.000) & Pt_InsGov <= 0.000) | UnitsInsBasalOrLongAct <= 0.000)
",-9999999.000,-9999999.000,0.000,0.000,1.000,0,0,0,2,2,0,0,2,0.0,0.0,0.0,0.0,0.0,1.0,-1
"((Pt_GrandchildT1D <= 0.000) U[0,2] (HeightCm >= 168.711))
",-9999999.000,-9999999.000,0.000,0.000,1.000,0,0,0,2,2,0,0,2,0.0,0.0,0.0,0.0,0.0,1.0,-1
"((SMBGperDayPtMeterCombo >= 1.739) U[0,2] (TotChol <= 0.000))
",-9999999.000,-9999999.000,0.000,0.000,1.000,0,0,0,2,2,0,0,2,0.0,0.0,0.0,0.0,0.0,1.0,-1
"F[0,2](((Pt_GrandchildT1D >= 0.000 & Pt_ChildT1D >= 0.000) & Pt_A1cGoalLevelDsYr5 <= 0.000) & Pt_MotherT1D <= 0.000)
",-9999999.000,-9999999.000,0.000,0.000,1.000,0,0,0,2,2,0,0,2,0.0,0.0,0.0,0.0,0.0,1.0,-1
"F[0,1]((Pt_ChildT1D >= 0.000 -> bmi >= 24.748) -> bmi <= 29.164)
",-9999999.000,-9999999.000,0.000,0.000,1.000,0,0,0,2,2,0,0,2,0.0,0.0,0.0,0.0,0.0,1.0,-1
"F[0,2](((Pt_MotherT1D >= 0.000 & HbA1c <= 6.808) | Pt_SHFlg <= 6.727) -> Pt_SiblingT1D >= 6.416)
",-9999999.000,-9999999.000,0.000,0.000,1.000,0,0,0,2,2,0,0,2,0.0,0.0,0.0,0.0,0.0,1.0,-1
"G[1,2](HeightCm >= 163.381 -> Pt_MotherT1D >= 0.000)
",9999999.000,9999999.000,0.000,1.000,0.000,0,0,2,0,0,2,2,0,0.0,0.0,1.0,0.0,0.0,1.0,1
"F[0,2](((BldPrSys <= 114.627 & TSH >= 0.323) | age <= 0.525) -> BGTestAvgNumPtRep <= 1.344)
",-9999999.000,-9999999.000,0.000,0.000,1.000,0,0,0,2,2,0,0,2,0.0,0.0,0.0,0.0,0.0,1.0,-1
"F[1,2](diabDur <= 18.581 | TotalDailyInsPerKg >= 0.605)
",-9999999.000,-9999999.000,0.000,0.000,1.000,0,0,0,2,2,0,0,2,0.0,0.0,0.0,0.0,0.0,1.0,-1
"F[1,2](bmi <= 30.977 & WeightKg <= 78.137)
",-9999999.000,-9999999.000,0.000,0.000,1.000,0,0,0,2,2,0,0,2,0.0,0.0,0.0,0.0,0.0,1.0,-1
"((HDL >= 15.097) U[0,1] (Pt_GrandparentT1D <= 0.000))
",-9999999.000,-9999999.000,0.000,0.000,1.000,0,0,0,2,2,0,0,2,0.0,0.0,0.0,0.0,0.0,1.0,-1
"F[2,2]((TotChol <= 0.000 & Pt_A1cGoalLev <= 5.152) & Pt_ChildT1D <= 1.835)
",0.000,0.000,0.000,0.000,1.000,0,0,0,2,2,0,0,2,0.0,0.0,0.0,0.0,0.0,1.0,-1
"F[0,2](((diabDur >= 17.946 -> HbA1c >= 6.423) & AlbCreatRat_mggNew <= 6.583) | Pt_CGMUseNumDays >= 6.394)
",-9999999.000,-9999999.000,0.000,0.000,1.000,0,0,0,2,2,0,0,2,0.0,0.0,0.0,0.0,0.0,1.0,-1
"F[1,1]((BGTestAvgNumMeter >= 6.855 | BUN >= 0.000) & GFR >= 0.000)
",0.000,0.000,0.000,0.000,1.000,0,0,0,2,2,0,0,2,0.0,0.0,0.0,0.0,0.0,1.0,-1
"F[1,2]((bmiPerc >= 0.179 -> AlbCreatRat_mggNew <= 8.554) | TSH <= 7.845)
",-9999999.000,-9999999.000,0.000,0.000,1.000,0,0,0,2,2,0,0,2,0.0,0.0,0.0,0.0,0.0,1.0,-1
"F[2,2]((HDL >= 16.608 | age >= 21.189) | BldPrDia >= 20.652)
",-16.608,-16.608,0.000,0.000,1.000,0,0,0,2,2,0,0,2,0.0,0.0,0.0,0.0,0.0,1.0,-1
"((Pt_FatherT1D >= 0.419) U[0,2] (Pt_DKAFlg <= 0.000))
",-9999999.000,-9999999.000,0.000,0.000,1.000,0,0,0,2,2,0,0,2,0.0,0.0,0.0,0.0,0.0,1.0,-1
"F[1,2](((HbA1cImputeDtMnC >= 14.740 -> Pt_A1cGoalLev >= 0.126) & AlbCreatRat_mggNew >= 0.988) -> Pt_GrandparentT1D >= 1.044)
",-9999999.000,-9999999.000,0.000,0.000,1.000,0,0,0,2,2,0,0,2,0.0,0.0,0.0,0.0,0.0,1.0,-1
"G[1,2](((AlbCreatRat_mggNew >= 2.606 | SMBGperDayPtMeterCombo <= 10.643) -> Pt_SHFlg >= 7.285) | Pt_SHFlg <= 11.697)
",9999999.000,9999999.000,0.000,1.000,0.000,0,0,2,0,0,2,2,0,0.0,0.0,1.0,0.0,0.0,1.0,1
"G[1,2](((Triglyc <= 92.831 -> WeightKg >= 76.648) | Pt_GrandchildT1D >= 76.976) & SMBGperDayPtMeterCombo <= 79.017)
",9999999.000,9999999.000,0.000,1.000,0.000,0,0,2,0,0,2,2,0,0.0,0.0,1.0,0.0,0.0,1.0,1
"G[1,2](((GFR <= 0.000 | TotalDailyInsPerKg <= 0.768) | Pt_SHFlg <= 0.787) | Pt_SHFlg >= 0.593)
",9999999.000,9999999.000,0.000,1.000,0.000,0,0,2,0,0,2,2,0,0.0,0.0,1.0,0.0,0.0,1.0,1
"G[0,1](diabDur >= 17.584 & bmiPerc >= 0.076)
",9999999.000,9999999.000,0.000,1.000,0.000,0,0,0,2,2,0,0,2,0.0,0.0,0.0,0.0,0.0,1.0,1
"G[0,1](((Pt_FatherT1D >= 0.223 | DirectLDL <= 0.861) & Pt_InsGov >= 0.246) & diagAgeCombo >= 0.050)
",9999999.000,9999999.000,0.000,1.000,0.000,0,0,0,2,2,0,0,2,0.0,0.0,0.0,0.0,0.0,1.0,1
"G[0,1]((WeightKg <= 79.057 -> TSH >= 0.326) & BUN >= 0.348)
",9999999.000,9999999.000,0.000,1.000,0.000,0,0,0,2,2,0,0,2,0.0,0.0,0.0,0.0,0.0,1.0,1
"G[1,1](((Pt_MotherT1D <= 0.000 | age >= 20.845) & Pt_CGMUseNumDays <= 21.870) & diagAgeCombo >= 20.288)
",-20.288,-20.288,0.000,1.000,0.000,0,0,0,2,2,0,0,2,0.0,0.0,0.0,0.0,0.0,1.0,1
"G[2,2](SMBGperDayPtMeterCombo >= 4.225 & Pt_DKAFlg <= 0.000)
",-4.225,-4.225,0.000,1.000,0.000,0,0,2,0,0,2,2,0,0.0,0.0,1.0,0.0,0.0,1.0,1
"G[0,2](((HeightCm >= 164.604 | BldPrSys >= 106.835) & AutonomicNeuroCl >= 103.339) -> BGTestAvgNumMeter <= 115.916)
",9999999.000,9999999.000,0.000,1.000,0.000,0,0,2,0,0,2,2,0,0.0,0.0,1.0,0.0,0.0,1.0,1
"G[1,2]((bmiZscore >= -0.174 | AutonomicNeuroCl >= 0.000) | HeightCm <= 0.000)
",9999999.000,9999999.000,0.000,1.000,0.000,0,0,2,0,0,2,2,0,0.0,0.0,1.0,0.0,0.0,1.0,1
"G[0,2]((BldPrSys >= 105.926 & Pt_SHFlg <= 0.000) -> BGTestAvgNumPtRep <= 0.000)
",9999999.000,9999999.000,0.000,1.000,0.000,0,0,1,1,1,1,1,1,0.0,0.0,1.0,0.0,0.0,1.0,1
"G[1,2](((TotalDailyInsPerKg >= 0.676 -> HbA1cImputeDtMnC >= 13.011) | Pt_GrandchildT1D <= 25.115) | GFR <= 16.192)
",9999999.000,9999999.000,0.000,1.000,0.000,0,0,2,0,0,2,2,0,0.0,0.0,1.0,0.0,0.0,1.0,1
"G[1,2]((bmiZscore >= -0.169 -> HbA1cImputeDtMnC >= 13.644) & UnitsInsBasalOrLongAct >= 3.740)
",9999999.000,9999999.000,0.000,1.000,0.000,0,0,1,1,1,1,1,1,0.0,0.0,1.0,0.0,0.0,1.0,1
"G[1,2]((bmiZscore <= 0.095 -> Triglyc <= 122.507) | Pt_A1cGoalLevelDsYr5 >= 28.531)
",9999999.000,9999999.000,0.000,1.000,0.000,0,0,2,0,0,2,2,0,0.0,0.0,1.0,0.0,0.0,1.0,1
"G[0,2](((bmi >= 24.296 | bmiPerc >= 0.075) -> diabDur >= 0.061) | diagAgeCombo >= 0.135)
",9999999.000,9999999.000,0.000,1.000,0.000,0,0,2,0,0,2,2,0,0.0,0.0,1.0,0.0,0.0,1.0,1
"G[1,2](bmi >= 24.264 & NumPumpBolusOrShortAct >= 0.522)
",9999999.000,9999999.000,0.000,1.000,0.000,0,0,0,2,2,0,0,2,0.0,0.0,0.0,0.0,0.0,1.0,1
"G[1,2](((AlbCreatRat_mggNew >= 2.764 -> HeightCm >= 167.214) & BldPrSys >= 163.529) | Pt_FatherT1D <= 175.429)
",9999999.000,9999999.000,0.000,1.000,0.000,0,0,2,0,0,2,2,0,0.0,0.0,1.0,0.0,0.0,1.0,1
"G[1,2](BGTestAvgNumMeter >= 3.905 -> Pt_A1cGoalLev <= 5.979)
",9999999.000,9999999.000,0.000,1.000,0.000,0,0,1,1,1,1,1,1,0.0,0.0,1.0,0.0,0.0,1.0,1
"G[0,2](((BGTestAvgNumMeter >= 5.161 | HeightCm >= 156.190) -> HbA1c >= 171.981) -> BldPrSys >= 170.614)
",9999999.000,9999999.000,0.000,1.000,0.000,0,0,2,0,0,2,2,0,0.0,0.0,1.0,0.0,0.0,1.0,1
"G[0,2]((DirectLDL <= 0.694 | HeightCm >= 170.423) | TSH >= 165.560)
",9999999.000,9999999.000,0.000,1.000,0.000,0,0,2,0,0,2,2,0,0.0,0.0,1.0,0.0,0.0,1.0,1
"G[0,2]((HDL <= 38.131 | HeightCm <= 173.812) | Triglyc <= 173.017)
",9999999.000,9999999.000,0.000,1.000,0.000,0,0,2,0,0,2,2,0,0.0,0.0,1.0,0.0,0.0,1.0,1
"G[1,2]((AlbCreatRat_mggNew <= 5.641 | bmi >= 25.730) -> age <= 30.508)
",9999999.000,9999999.000,0.000,1.000,0.000,0,0,2,0,0,2,2,0,0.0,0.0,1.0,0.0,0.0,1.0,1
"G[0,2](((SMBGperDayPtMeterCombo <= 11.020 & WeightKg >= 76.286) | Pt_DKAFlg >= 76.352) -> TSH >= 75.694)
",9999999.000,9999999.000,0.000,1.000,0.000,0,0,0,2,2,0,0,2,0.0,0.0,0.0,0.0,0.0,1.0,1
"G[0,2](((HbA1c >= 6.455 & Triglyc <= 44.639) & AlbCreatRat_mggNew <= 129.005) | age >= 26.556)
",9999999.000,9999999.000,0.000,1.000,0.000,0,0,0,2,2,0,0,2,0.0,0.0,0.0,0.0,0.0,1.0,1
"G[0,0](bmi >= 26.390 & TotalDailyInsPerKg >= 0.603)
",-26.390,-26.390,0.000,1.000,0.000,0,0,0,2,2,0,0,2,0.0,0.0,0.0,0.0,0.0,1.0,1
"G[0,2]((TotalDailyInsPerKg >= 0.580 -> Pt_GrandchildT1D >= 0.000) -> NumPumpBolusOrShortAct <= 0.000)
",9999999.000,9999999.000,0.000,1.000,0.000,0,0,1,1,1,1,1,1,0.0,0.0,1.0,0.0,0.0,1.0,1
"G[0,2](BGTestAvgNumMeter <= 11.018 & BldPrDia >= 62.467)
",9999999.000,9999999.000,0.000,1.000,0.000,0,0,0,2,2,0,0,2,0.0,0.0,0.0,0.0,0.0,1.0,1
"G[0,2](BldPrSys <= 115.831 | NumPumpBolusOrShortAct <= 5.195)
",9999999.000,9999999.000,0.000,1.000,0.000,0,0,1,1,1,1,1,1,0.0,0.0,1.0,0.0,0.0,1.0,1
"G[1,2](((AutonomicNeuroCl >= 0.000 & TotalDailyInsPerKg >= 0.653) | diabDur >= 0.596) -> TotalDailyInsPerKg <= 0.705)
",9999999.000,9999999.000,0.000,1.000,0.000,0,0,1,1,1,1,1,1,0.0,0.0,1.0,0.0,0.0,1.0,1
"G[1,2](Pt_DKAFlg >= 0.000 -> AlbCreatRat_mggNew >= 3.045)
",9999999.000,9999999.000,0.000,1.000,0.000,0,0,1,1,1,1,1,1,0.0,0.0,1.0,0.0,0.0,1.0,1
"G[0,2](((bmi >= 23.292 & UnitsInsBasalOrLongAct <= 14.378) -> DirectLDL <= 19.552) & BGTestAvgNumMeter <= 18.554)
",9999999.000,9999999.000,0.000,1.000,0.000,0,0,2,0,0,2,2,0,0.0,0.0,1.0,0.0,0.0,1.0,1
"G[2,2](WeightKg >= 75.880 -> Pt_CGMUseNumDays >= 0.000)
",0.000,0.000,0.000,1.000,0.000,0,0,2,0,0,2,2,0,0.0,0.0,1.0,0.0,0.0,1.0,1
"G[0,1](Pt_CGMUseNumDays >= 0.000 & bmiZscore >= -0.074)
",9999999.000,9999999.000,0.000,1.000,0.000,0,0,0,2,2,0,0,2,0.0,0.0,0.0,0.0,0.0,1.0,1
"G[1,2](Pt_MotherT1D <= 0.000 -> AutonomicNeuroCl <= 0.000)
",9999999.000,9999999.000,0.000,1.000,0.000,0,0,2,0,0,2,2,0,0.0,0.0,1.0,0.0,0.0,1.0,1
"G[1,2](((bmiPerc >= 0.004 | age <= 21.605) & Pt_DKAFlg >= 20.802) & bmiPerc <= 21.760)
",9999999.000,9999999.000,0.000,1.000,0.000,0,0,0,2,2,0,0,2,0.0,0.0,0.0,0.0,0.0,1.0,1
"G[2,2]((TSH <= 1.605 | BldPrDia <= 67.779) & DirectLDL <= 67.824)
",67.779,67.779,0.000,1.000,0.000,0,0,2,0,0,2,2,0,0.0,0.0,1.0,0.0,0.0,1.0,1
"G[2,2]((bmi <= 29.168 -> age <= 21.794) | Pt_CGMUseNumDays >= 20.463)
",-20.463,-20.463,0.000,1.000,0.000,0,0,2,0,0,2,2,0,0.0,0.0,1.0,0.0,0.0,1.0,1
"G[1,2]((GFR <= 0.000 | Pt_A1cGoalLevelDsYr5 >= 0.000) & BldPrDia <= 0.000)
",9999999.000,9999999.000,0.000,1.000,0.000,0,0,0,2,2,0,0,2,0.0,0.0,0.0,0.0,0.0,1.0,1
"G[2,2](((Pt_SiblingT1D <= 0.000 -> HeightCm >= 160.055) | diabDur <= 172.726) -> HDL <= 172.758)
",-172.758,-172.758,0.000,1.000,0.000,0,0,2,0,0,2,2,0,0.0,0.0,1.0,0.0,0.0,1.0,1
"G[1,2](((TotalDailyInsPerKg <= 0.835 & bmiZscore <= -0.009) & HbA1cImputeDtMnC >= -0.382) & Pt_DKAFlg >= -0.126)
",9999999.000,9999999.000,0.000,1.000,0.000,0,0,1,1,1,1,1,1,0.0,0.0,1.0,0.0,0.0,1.0,1
"G[2,2](DirectLDL <= 0.923 & Pt_FatherT1D <= 0.742)
",0.742,0.742,0.000,1.000,0.000,0,0,2,0,0,2,2,0,0.0,0.0,1.0,0.0,0.0,1.0,1
"G[1,2](((Triglyc <= 83.055 | bmiZscore >= -0.422) | BldPrSys >= -0.346) & AlbCreatRat_mggNew <= 0.629)
",9999999.000,9999999.000,0.000,1.000,0.000,0,0,1,1,1,1,1,1,0.0,0.0,1.0,0.0,0.0,1.0,1
"G[2,2]((TotChol >= 0.000 -> Pt_InsGov <= 0.000) & Pt_CGMUseNumDays <= 0.000)
",0.000,0.000,0.000,1.000,0.000,0,0,2,0,0,2,2,0,0.0,0.0,1.0,0.0,0.0,1.0,1
"G[1,1]((TotChol <= 0.000 -> Pt_A1cGoalLevelDsYr5 <= 0.000) & WeightKg <= 0.000)
",0.000,0.000,0.000,1.000,0.000,0,0,0,2,2,0,0,2,0.0,0.0,0.0,0.0,0.0,1.0,1
"G[0,2](UnitsInsBasalOrLongAct >= 7.511 -> LDL >= 25.872)
",9999999.000,9999999.000,0.000,1.000,0.000,0,0,1,1,1,1,1,1,0.0,0.0,1.0,0.0,0.0,1.0,1
"G[0,1](((BldPrSys >= 102.810 & HDL <= 37.727) | BUN >= 9.510) -> Pt_FatherT1D >= 5.142)
",9999999.000,9999999.000,0.000,1.000,0.000,0,0,0,2,2,0,0,2,0.0,0.0,0.0,0.0,0.0,1.0,1
"G[1,2](((Pt_ChildT1D >= 0.000 & Pt_SHFlg >= 0.000) & Pt_DKAFlg >= 0.000) & GFR <= 0.000)
",9999999.000,9999999.000,0.000,1.000,0.000,0,0,2,0,0,2,2,0,0.0,0.0,1.0,0.0,0.0,1.0,1
"G[0,2](((Pt_A1cGoalLev <= 3.655 -> Pt_ChildT1D <= 0.000) -> Pt_GrandchildT1D <= 0.000) & AutonomicNeuroCl >= 0.000)
",9999999.000,9999999.000,0.000,1.000,0.000,0,0,2,0,0,2,2,0,0.0,0.0,1.0,0.0,0.0,1.0,1
"G[0,2](((BldPrDia >= 61.565 & Pt_A1cGoalLevelDsYr5 >= 0.000) -> Pt_SHFlg <= 0.000) | AlbCreatRat_mggNew <= 0.000)
",9999999.000,9999999.000,0.000,1.000,0.000,0,0,2,0,0,2,2,0,0.0,0.0,1.0,0.0,0.0,1.0,1
"G[0,2]((HbA1cImputeDtMnC <= 17.312 -> bmi >= 24.853) | SMBGperDayPtMeterCombo >= 26.155)
",9999999.000,9999999.000,0.000,1.000,0.000,0,0,1,1,1,1,1,1,0.0,0.0,1.0,0.0,0.0,1.0,1
"G[1,2](HeightCm >= 156.642 -> Pt_InsGov >= 0.000)
",9999999.000,9999999.000,0.000,1.000,0.000,0,0,2,0,0,2,2,0,0.0,0.0,1.0,0.0,0.0,1.0,1
"G[0,2](age <= 21.798 & Pt_SHFlg <= 0.000)
",9999999.000,9999999.000,0.000,1.000,0.000,0,0,1,1,1,1,1,1,0.0,0.0,1.0,0.0,0.0,1.0,1
"F[0,2](TSH <= 1.654 -> Pt_MotherT1D <= 0.000)
",-9999999.000,-9999999.000,0.000,0.000,1.000,0,0,0,2,2,0,0,2,0.0,0.0,0.0,0.0,0.0,1.0,-1
