Rule,Discrimination Score,Pos Robustness,Neg Robustness,Percent Class +,Percent Class -,TP,TN,FP,FN,Actual Yes,Actual No,Predicted Yes,Predicted No,TPR/Sens,TNR/Spec,FPR,Precision,Accuracy,MCR
"((diagAgeCombo <= 4.000) U[0,0] (diabDur >= 13.361))
",5.639,5.639,0.000,0.000,1.000,1,0,0,0,1,0,1,0,1.0,0,0,1.0,1.0,0.0
"((HbA1cImputeDtMnC >= 0.389) U[1,2] (HeightCm >= 34.855))
",-9999999.000,-9999999.000,0.000,0.000,1.000,1,0,0,0,1,0,1,0,1.0,0,0,1.0,1.0,0.0
"F[1,1]((Pt_DKAFlg >= 0.000 & LDL <= 105.353) & Triglyc <= 105.857)
",0.000,0.000,0.000,0.000,1.000,1,0,0,0,1,0,1,0,1.0,0,0,1.0,1.0,0.0
"((BGTestAvgNumPtRep >= 1.212) U[1,2] (diagAgeCombo >= 4.000))
",-9999999.000,-9999999.000,0.000,0.000,1.000,1,0,0,0,1,0,1,0,1.0,0,0,1.0,1.0,0.0
"F[1,1]((NumPumpBolusOrShortAct <= 0.000 & Pt_A1cGoalLev >= 0.401) & SMBGperDayPtMeterCombo >= 0.823)
",-0.823,-0.823,0.000,0.000,1.000,1,0,0,0,1,0,1,0,1.0,0,0,1.0,1.0,0.0
"F[0,1]((Pt_SHFlg <= 0.000 & BGTestAvgNumPtRep >= 0.067) & HeightCm <= 2.827)
",-9999999.000,-9999999.000,0.000,0.000,1.000,1,0,0,0,1,0,1,0,1.0,0,0,1.0,1.0,0.0
"F[0,0](Pt_A1cGoalLev >= 2.728 & WeightKg <= 33.844)
",1.272,1.272,0.000,0.000,1.000,1,0,0,0,1,0,1,0,1.0,0,0,1.0,1.0,0.0
"F[0,1](((diabDur <= 13.908 | age >= 18.213) | HDL <= 18.529) -> HbA1c >= 18.090)
",-9999999.000,-9999999.000,0.000,0.000,1.000,1,0,0,0,1,0,1,0,1.0,0,0,1.0,1.0,0.0
"F[0,0](Pt_CGMUseNumDays <= 0.000 & LDL <= 101.110)
",-25415.000,-25415.000,0.000,0.000,1.000,1,0,0,0,1,0,1,0,1.0,0,0,1.0,1.0,0.0
"F[0,0]((UnitsInsBasalOrLongAct >= 0.000 | BldPrDia >= 69.172) -> TotChol <= 79.918)
",-50.918,-50.918,0.000,0.000,1.000,1,0,0,0,1,0,1,0,1.0,0,0,1.0,1.0,0.0
"F[0,0]((Triglyc >= 335.172 | HeightCm >= 74.603) & DirectLDL >= 55.408)
",-19.303,-19.303,0.000,0.000,1.000,1,0,0,0,1,0,1,0,1.0,0,0,1.0,1.0,0.0
"((bmiPerc <= 0.265) U[1,1] (age <= 18.774))
",18.774,18.774,0.000,0.000,1.000,1,0,0,0,1,0,1,0,1.0,0,0,1.0,1.0,0.0
"((SMBGperDayPtMeterCombo <= 0.847) U[1,2] (HeightCm >= 3.475))
",-9999999.000,-9999999.000,0.000,0.000,1.000,1,0,0,0,1,0,1,0,1.0,0,0,1.0,1.0,0.0
"F[1,1](((HbA1c >= 9.427 | BGTestAvgNumMeter >= 0.102) | bmiPerc >= 0.443) & Pt_GrandchildT1D <= 0.920)
",-0.102,-0.102,0.000,0.000,1.000,1,0,0,0,1,0,1,0,1.0,0,0,1.0,1.0,0.0
"F[0,1](((bmiPerc <= 0.359 | Pt_SHFlg >= 0.000) -> GFR <= 0.000) & age <= 0.000)
",-9999999.000,-9999999.000,0.000,0.000,1.000,1,0,0,0,1,0,1,0,1.0,0,0,1.0,1.0,0.0
"F[1,1](((GFR >= 0.000 -> Pt_InsGov <= 0.580) -> bmiZscore >= 0.449) | Pt_GrandchildT1D >= 0.230)
",0.449,0.449,0.000,0.000,1.000,1,0,0,0,1,0,1,0,1.0,0,0,1.0,1.0,0.0
"F[0,1](((Pt_MotherT1D >= 0.000 & bmi <= 18.504) & Pt_FatherT1D >= 7.557) & AlbCreatRat_mggNew >= 5.352)
",-9999999.000,-9999999.000,0.000,0.000,1.000,1,0,0,0,1,0,1,0,1.0,0,0,1.0,1.0,0.0
"((HbA1cImputeDtMnC <= 8.641) U[0,0] (HbA1cImputeDtMnC >= 0.865))
",8.641,8.641,0.000,0.000,1.000,1,0,0,0,1,0,1,0,1.0,0,0,1.0,1.0,0.0
"F[1,1]((HbA1c <= 10.134 | diabDur >= 13.336) -> UnitsInsBasalOrLongAct >= 13.178)
",-10.134,-10.134,0.000,0.000,1.000,1,0,0,0,1,0,1,0,1.0,0,0,1.0,1.0,0.0
"F[0,1](((Pt_DKAFlg <= 0.000 & Triglyc >= 348.031) & BGTestAvgNumPtRep <= 398.382) & TSH >= 352.288)
",-9999999.000,-9999999.000,0.000,0.000,1.000,1,0,0,0,1,0,1,0,1.0,0,0,1.0,1.0,0.0
"F[0,1](((NumPumpBolusOrShortAct <= 0.000 -> Pt_A1cGoalLev >= 0.929) -> WeightKg <= 3.572) & BldPrDia <= 3.987)
",-9999999.000,-9999999.000,0.000,0.000,1.000,1,0,0,0,1,0,1,0,1.0,0,0,1.0,1.0,0.0
"F[0,0](((Pt_DKAFlg <= 0.000 | Pt_SiblingT1D <= 1.000) | WeightKg <= 1.000) -> TotChol <= 1.000)
",-1.000,-1.000,0.000,0.000,1.000,1,0,0,0,1,0,1,0,1.0,0,0,1.0,1.0,0.0
"F[1,1](((BGTestAvgNumMeter <= 0.827 | SMBGperDayPtMeterCombo >= 0.351) & Pt_A1cGoalLevelDsYr5 <= 0.974) & TotalDailyInsPerKg >= 0.450)
",-0.450,-0.450,0.000,0.000,1.000,1,0,0,0,1,0,1,0,1.0,0,0,1.0,1.0,0.0
"((HeightCm <= 97.347) U[1,1] (Pt_A1cGoalLev <= 4.781))
",97.347,97.347,0.000,0.000,1.000,1,0,0,0,1,0,1,0,1.0,0,0,1.0,1.0,0.0
"F[0,1](((TotalDailyInsPerKg >= 0.000 | NumPumpBolusOrShortAct <= 0.000) -> BldPrDia <= 0.000) & Pt_GrandparentT1D <= 0.000)
",-9999999.000,-9999999.000,0.000,0.000,1.000,1,0,0,0,1,0,1,0,1.0,0,0,1.0,1.0,0.0
"F[1,1](((HeightCm <= 80.496 | WeightKg >= 16.344) & NumPumpBolusOrShortAct <= 30.815) & BGTestAvgNumMeter >= 17.658)
",-17.658,-17.658,0.000,0.000,1.000,1,0,0,0,1,0,1,0,1.0,0,0,1.0,1.0,0.0
"F[0,1](((Pt_InsGov >= 0.205 & HDL >= 27.979) -> Pt_GrandchildT1D <= 28.088) -> Pt_FatherT1D >= 27.884)
",-9999999.000,-9999999.000,0.000,0.000,1.000,1,0,0,0,1,0,1,0,1.0,0,0,1.0,1.0,0.0
"((BUN <= 13.086) U[1,1] (BUN >= 3.789))
",13.086,13.086,0.000,0.000,1.000,1,0,0,0,1,0,1,0,1.0,0,0,1.0,1.0,0.0
"F[1,1](((diagAgeCombo <= 4.000 | LDL <= 106.884) & AlbCreatRat_mggNew <= 102.482) -> Pt_InsGov >= 99.108)
",-102.482,-102.482,0.000,0.000,1.000,1,0,0,0,1,0,1,0,1.0,0,0,1.0,1.0,0.0
"F[0,0]((HbA1c <= 10.306 & Pt_GrandchildT1D <= 0.000) & Pt_ChildT1D <= 0.000)
",-1.000,-1.000,0.000,0.000,1.000,1,0,0,0,1,0,1,0,1.0,0,0,1.0,1.0,0.0
"((Triglyc <= 390.622) U[1,2] (Pt_GrandchildT1D <= 0.000))
",-9999999.000,-9999999.000,0.000,0.000,1.000,1,0,0,0,1,0,1,0,1.0,0,0,1.0,1.0,0.0
"F[0,1]((HbA1cImputeDtMnC >= 2.207 | DirectLDL >= 0.425) & age <= 0.702)
",-9999999.000,-9999999.000,0.000,0.000,1.000,1,0,0,0,1,0,1,0,1.0,0,0,1.0,1.0,0.0
"F[2,2](LDL <= 101.001 | Pt_GrandchildT1D >= 0.000)
",101.001,101.001,0.000,0.000,1.000,0,0,0,1,1,0,0,1,0.0,0,0,0.0,0.0,1.0
"F[0,2](Pt_SHFlg >= 0.000 | BUN <= 16.973)
",-9999999.000,-9999999.000,0.000,0.000,1.000,0,0,0,1,1,0,0,1,0.0,0,0,0.0,0.0,1.0
"F[0,1](((HeightCm >= 0.134 | bmi >= 5.406) & Pt_SHFlg >= 7.828) -> HbA1cImputeDtMnC >= 2.069)
",-9999999.000,-9999999.000,0.000,0.000,1.000,0,0,0,1,1,0,0,1,0.0,0,0,0.0,0.0,1.0
"((TSH >= 0.000) U[1,2] (AutonomicNeuroCl >= 0.000))
",-9999999.000,-9999999.000,0.000,0.000,1.000,0,0,0,1,1,0,0,1,0.0,0,0,0.0,0.0,1.0
"((GFR >= 0.000) U[0,1] (BldPrDia >= 71.197))
",-9999999.000,-9999999.000,0.000,0.000,1.000,0,0,0,1,1,0,0,1,0.0,0,0,0.0,0.0,1.0
"F[1,2](((WeightKg >= 24.777 & BldPrSys >= 102.083) & HbA1c >= 101.163) & Pt_SHFlg <= 106.934)
",-9999999.000,-9999999.000,0.000,0.000,1.000,0,0,0,1,1,0,0,1,0.0,0,0,0.0,0.0,1.0
"((Pt_MotherT1D <= 0.000) U[0,2] (UnitsInsBasalOrLongAct >= 0.000))
",-9999999.000,-9999999.000,0.000,0.000,1.000,0,0,0,1,1,0,0,1,0.0,0,0,0.0,0.0,1.0
"((Pt_InsGov <= 0.603) U[0,1] (Triglyc >= 332.226))
",-9999999.000,-9999999.000,0.000,0.000,1.000,0,0,0,1,1,0,0,1,0.0,0,0,0.0,0.0,1.0
"F[0,1](((bmi >= 6.447 | Pt_GrandchildT1D <= 0.000) & NumPumpBolusOrShortAct <= 0.000) | Pt_DKAFlg <= 0.000)
",-9999999.000,-9999999.000,0.000,0.000,1.000,0,0,0,1,1,0,0,1,0.0,0,0,0.0,0.0,1.0
"F[0,2](Pt_ChildT1D <= 0.000 | HeightCm <= 147.941)
",-9999999.000,-9999999.000,0.000,0.000,1.000,0,0,0,1,1,0,0,1,0.0,0,0,0.0,0.0,1.0
"F[1,2]((TSH <= 0.000 & HeightCm <= 84.609) & HbA1c >= 42.104)
",-9999999.000,-9999999.000,0.000,0.000,1.000,0,0,0,1,1,0,0,1,0.0,0,0,0.0,0.0,1.0
"F[0,0](Triglyc >= 321.931 & Pt_FatherT1D >= 0.000)
",-135.931,-135.931,0.000,0.000,1.000,0,0,0,1,1,0,0,1,0.0,0,0,0.0,0.0,1.0
"F[1,2]((NumPumpBolusOrShortAct <= 0.000 & Pt_SiblingT1D >= 1.000) & WeightKg >= 1.000)
",-9999999.000,-9999999.000,0.000,0.000,1.000,0,0,0,1,1,0,0,1,0.0,0,0,0.0,0.0,1.0
"F[0,1]((TotChol >= 180.284 | AutonomicNeuroCl <= 0.000) -> bmiZscore <= 0.000)
",-9999999.000,-9999999.000,0.000,0.000,1.000,0,0,0,1,1,0,0,1,0.0,0,0,0.0,0.0,1.0
"((DirectLDL <= 0.967) U[0,1] (HDL >= 27.560))
",-9999999.000,-9999999.000,0.000,0.000,1.000,0,0,0,1,1,0,0,1,0.0,0,0,0.0,0.0,1.0
"F[1,2](bmi >= 0.700 -> AlbCreatRat_mggNew <= 0.000)
",-9999999.000,-9999999.000,0.000,0.000,1.000,0,0,0,1,1,0,0,1,0.0,0,0,0.0,0.0,1.0
"F[2,2](((Pt_FatherT1D >= 0.000 | Pt_SHFlg <= 0.000) -> UnitsInsBasalOrLongAct <= 0.000) & bmiZscore >= 0.000)
",0.000,0.000,0.000,0.000,1.000,0,0,0,1,1,0,0,1,0.0,0,0,0.0,0.0,1.0
"F[0,2]((HbA1cImputeDtMnC <= 7.177 -> Pt_ChildT1D <= 0.000) -> Pt_GrandparentT1D <= 0.000)
",-9999999.000,-9999999.000,0.000,0.000,1.000,0,0,0,1,1,0,0,1,0.0,0,0,0.0,0.0,1.0
"F[1,1](Pt_DKAFlg >= 0.000 & NumPumpBolusOrShortAct <= 0.000)
",0.000,0.000,0.000,0.000,1.000,0,0,0,1,1,0,0,1,0.0,0,0,0.0,0.0,1.0
"((diagAgeCombo <= 4.000) U[0,0] (GFR >= 0.000))
",4.000,4.000,0.000,0.000,1.000,0,0,0,1,1,0,0,1,0.0,0,0,0.0,0.0,1.0
"F[0,1]((bmiZscore >= -0.239 -> Pt_GrandchildT1D >= 0.000) -> BldPrDia >= 0.000)
",-9999999.000,-9999999.000,0.000,0.000,1.000,0,0,0,1,1,0,0,1,0.0,0,0,0.0,0.0,1.0
"F[0,2]((HDL >= 27.052 -> DirectLDL >= 0.442) -> Pt_A1cGoalLevelDsYr5 <= 0.794)
",-9999999.000,-9999999.000,0.000,0.000,1.000,0,0,0,1,1,0,0,1,0.0,0,0,0.0,0.0,1.0
"((HeightCm >= 31.523) U[2,2] (BGTestAvgNumMeter >= 0.125))
",-0.125,-0.125,0.000,0.000,1.000,0,0,0,1,1,0,0,1,0.0,0,0,0.0,0.0,1.0
"F[1,2](((BldPrSys <= 106.983 & HbA1c <= 10.214) & SMBGperDayPtMeterCombo >= 9.439) | TotalDailyInsPerKg <= 9.878)
",-9999999.000,-9999999.000,0.000,0.000,1.000,0,0,0,1,1,0,0,1,0.0,0,0,0.0,0.0,1.0
"F[0,2]((BGTestAvgNumMeter >= 0.494 -> NumPumpBolusOrShortAct >= 0.000) -> diabDur <= 0.000)
",-9999999.000,-9999999.000,0.000,0.000,1.000,0,0,0,1,1,0,0,1,0.0,0,0,0.0,0.0,1.0
"((LDL <= 103.884) U[0,2] (BldPrDia <= 78.295))
",-9999999.000,-9999999.000,0.000,0.000,1.000,0,0,0,1,1,0,0,1,0.0,0,0,0.0,0.0,1.0
"((Triglyc >= 348.540) U[0,1] (BGTestAvgNumMeter <= 0.528))
",-9999999.000,-9999999.000,0.000,0.000,1.000,0,0,0,1,1,0,0,1,0.0,0,0,0.0,0.0,1.0
"F[1,2](((Pt_MotherT1D >= 0.000 -> bmi <= 20.844) | BldPrDia >= 5.494) | AutonomicNeuroCl >= 1.710)
",-9999999.000,-9999999.000,0.000,0.000,1.000,0,0,0,1,1,0,0,1,0.0,0,0,0.0,0.0,1.0
"F[1,1](((HbA1c >= 9.780 -> TotalDailyInsPerKg >= 0.000) | HbA1c >= 0.000) | bmiPerc >= 0.000)
",0.000,0.000,0.000,0.000,1.000,0,0,0,1,1,0,0,1,0.0,0,0,0.0,0.0,1.0
"((Pt_SiblingT1D >= 1.000) U[0,1] (Pt_CGMUseNumDays >= 0.000))
",-9999999.000,-9999999.000,0.000,0.000,1.000,0,0,0,1,1,0,0,1,0.0,0,0,0.0,0.0,1.0
"F[0,1](((HDL <= 28.876 -> SMBGperDayPtMeterCombo >= 0.291) | AlbCreatRat_mggNew >= 0.457) -> Pt_FatherT1D <= 0.662)
",-9999999.000,-9999999.000,0.000,0.000,1.000,0,0,0,1,1,0,0,1,0.0,0,0,0.0,0.0,1.0
"((age >= 18.341) U[2,2] (BGTestAvgNumMeter >= 0.291))
",-0.291,-0.291,0.000,0.000,1.000,0,0,0,1,1,0,0,1,0.0,0,0,0.0,0.0,1.0
"F[1,2](age <= 18.673 | Pt_DKAFlg >= 0.000)
",-9999999.000,-9999999.000,0.000,0.000,1.000,0,0,0,1,1,0,0,1,0.0,0,0,0.0,0.0,1.0
"F[0,2](((SMBGperDayPtMeterCombo <= 0.733 | BGTestAvgNumMeter >= 0.240) -> BldPrDia >= 0.263) & HbA1c >= 0.155)
",-9999999.000,-9999999.000,0.000,0.000,1.000,0,0,0,1,1,0,0,1,0.0,0,0,0.0,0.0,1.0
"((Pt_CGMUseNumDays >= 0.000) U[2,2] (Pt_InsGov >= 0.334))
",0.000,0.000,0.000,0.000,1.000,0,0,0,1,1,0,0,1,0.0,0,0,0.0,0.0,1.0
"F[1,1](((bmiPerc <= 0.265 & Pt_MotherT1D <= 0.000) -> BGTestAvgNumMeter >= 0.000) | BUN <= 0.000)
",0.000,0.000,0.000,0.000,1.000,0,0,0,1,1,0,0,1,0.0,0,0,0.0,0.0,1.0
"F[0,2](bmi >= 8.664 & age >= 18.233)
",-9999999.000,-9999999.000,0.000,0.000,1.000,0,0,0,1,1,0,0,1,0.0,0,0,0.0,0.0,1.0
"((BUN >= 2.076) U[1,1] (NumPumpBolusOrShortAct <= 0.000))
",0.000,0.000,0.000,0.000,1.000,0,0,0,1,1,0,0,1,0.0,0,0,0.0,0.0,1.0
"F[1,2](TSH >= 0.000 | LDL <= 105.562)
",-9999999.000,-9999999.000,0.000,0.000,1.000,0,0,0,1,1,0,0,1,0.0,0,0,0.0,0.0,1.0
"F[1,2](BGTestAvgNumMeter >= 0.411 & UnitsInsBasalOrLongAct <= 0.000)
",-9999999.000,-9999999.000,0.000,0.000,1.000,0,0,0,1,1,0,0,1,0.0,0,0,0.0,0.0,1.0
"F[2,2](NumPumpBolusOrShortAct <= 0.000 & UnitsInsBasalOrLongAct >= 0.000)
",0.000,0.000,0.000,0.000,1.000,0,0,0,1,1,0,0,1,0.0,0,0,0.0,0.0,1.0
"F[0,1]((Pt_CGMUseNumDays <= 0.000 -> bmiZscore <= -0.098) & LDL >= -0.176)
",-9999999.000,-9999999.000,0.000,0.000,1.000,0,0,0,1,1,0,0,1,0.0,0,0,0.0,0.0,1.0
"F[1,1]((bmiZscore <= -0.119 | SMBGperDayPtMeterCombo <= 0.996) -> Pt_SiblingT1D >= 0.463)
",-0.996,-0.996,0.000,0.000,1.000,0,0,0,1,1,0,0,1,0.0,0,0,0.0,0.0,1.0
"F[0,1](((BGTestAvgNumPtRep <= 3.845 & TotChol <= 183.910) | TotChol >= 181.601) | AlbCreatRat_mggNew >= 180.814)
",-9999999.000,-9999999.000,0.000,0.000,1.000,0,0,0,1,1,0,0,1,0.0,0,0,0.0,0.0,1.0
"F[2,2]((BGTestAvgNumPtRep <= 3.118 -> Pt_FatherT1D <= 0.000) -> Pt_CGMUseNumDays <= 0.000)
",0.000,0.000,0.000,0.000,1.000,0,0,0,1,1,0,0,1,0.0,0,0,0.0,0.0,1.0
"F[0,2](((GFR <= 0.000 & BldPrDia >= 68.761) | Pt_ChildT1D >= 69.819) | BGTestAvgNumMeter >= 68.567)
",-9999999.000,-9999999.000,0.000,0.000,1.000,0,0,0,1,1,0,0,1,0.0,0,0,0.0,0.0,1.0
"F[1,2](((BUN >= 6.801 | diabDur >= 13.207) & Pt_SHFlg >= 13.010) | Pt_GrandparentT1D <= 13.600)
",-9999999.000,-9999999.000,0.000,0.000,1.000,0,0,0,1,1,0,0,1,0.0,0,0,0.0,0.0,1.0
"F[0,2]((UnitsInsBasalOrLongAct >= 0.000 & LDL <= 101.456) | Pt_ChildT1D <= 105.456)
",-9999999.000,-9999999.000,0.000,0.000,1.000,0,0,0,1,1,0,0,1,0.0,0,0,0.0,0.0,1.0
"F[1,2]((BGTestAvgNumPtRep <= 3.105 | UnitsInsBasalOrLongAct <= 0.000) | Triglyc <= 0.000)
",-9999999.000,-9999999.000,0.000,0.000,1.000,0,0,0,1,1,0,0,1,0.0,0,0,0.0,0.0,1.0
"F[0,1](((SMBGperDayPtMeterCombo <= 0.827 | NumPumpBolusOrShortAct >= 0.000) -> BGTestAvgNumMeter <= 0.000) | BGTestAvgNumPtRep >= 0.000)
",-9999999.000,-9999999.000,0.000,0.000,1.000,0,0,0,1,1,0,0,1,0.0,0,0,0.0,0.0,1.0
"F[1,2]((GFR >= 0.000 | AlbCreatRat_mggNew <= 0.000) | WeightKg <= 0.000)
",-9999999.000,-9999999.000,0.000,0.000,1.000,0,0,0,1,1,0,0,1,0.0,0,0,0.0,0.0,1.0
"((Pt_ChildT1D <= 0.000) U[1,1] (Pt_SiblingT1D >= 1.000))
",0.000,0.000,0.000,0.000,1.000,0,0,0,1,1,0,0,1,0.0,0,0,0.0,0.0,1.0
"((Pt_A1cGoalLevelDsYr5 >= 0.000) U[0,0] (NumPumpBolusOrShortAct >= 0.000))
",6.000,6.000,0.000,0.000,1.000,0,0,0,1,1,0,0,1,0.0,0,0,0.0,0.0,1.0
"((BGTestAvgNumMeter >= 0.093) U[0,1] (Pt_MotherT1D >= 0.000))
",-9999999.000,-9999999.000,0.000,0.000,1.000,0,0,0,1,1,0,0,1,0.0,0,0,0.0,0.0,1.0
"F[2,2]((bmiZscore >= -0.166 -> UnitsInsBasalOrLongAct <= 0.000) | TotChol <= 0.000)
",0.000,0.000,0.000,0.000,1.000,0,0,0,1,1,0,0,1,0.0,0,0,0.0,0.0,1.0
"F[0,0]((BGTestAvgNumPtRep <= 3.286 | bmi <= 15.543) | TotChol <= 16.652)
",15.543,15.543,0.000,0.000,1.000,0,0,0,1,1,0,0,1,0.0,0,0,0.0,0.0,1.0
"F[1,1](((BldPrSys >= 105.986 & Pt_GrandchildT1D >= 0.000) -> Pt_SHFlg >= 0.000) & Pt_A1cGoalLev >= 0.000)
",0.000,0.000,0.000,0.000,1.000,0,0,0,1,1,0,0,1,0.0,0,0,0.0,0.0,1.0
"F[0,2](((BldPrDia <= 76.191 & NumPumpBolusOrShortAct >= 0.000) & TotalDailyInsPerKg <= 0.000) | HeightCm <= 0.000)
",-9999999.000,-9999999.000,0.000,0.000,1.000,0,0,0,1,1,0,0,1,0.0,0,0,0.0,0.0,1.0
"F[0,2](((Pt_InsGov <= 0.611 | Pt_A1cGoalLev <= 4.428) & SMBGperDayPtMeterCombo <= 4.270) & HbA1c <= 5.932)
",-9999999.000,-9999999.000,0.000,0.000,1.000,0,0,0,1,1,0,0,1,0.0,0,0,0.0,0.0,1.0
"F[2,2](((BGTestAvgNumPtRep <= 3.206 & bmi <= 17.504) -> bmiPerc >= 5.269) -> bmi >= 4.120)
",3.206,3.206,0.000,0.000,1.000,0,0,0,1,1,0,0,1,0.0,0,0,0.0,0.0,1.0
"F[0,2](GFR <= 0.000 -> HDL >= 27.948)
",-9999999.000,-9999999.000,0.000,0.000,1.000,0,0,0,1,1,0,0,1,0.0,0,0,0.0,0.0,1.0
"((BldPrSys <= 111.424) U[0,2] (Pt_InsGov <= 0.638))
",-9999999.000,-9999999.000,0.000,0.000,1.000,0,0,0,1,1,0,0,1,0.0,0,0,0.0,0.0,1.0
"F[0,2]((HbA1cImputeDtMnC <= 11.660 -> BldPrSys >= 105.722) & BGTestAvgNumMeter >= 103.898)
",-9999999.000,-9999999.000,0.000,0.000,1.000,0,0,0,1,1,0,0,1,0.0,0,0,0.0,0.0,1.0
"F[1,2](bmi <= 17.348 | WeightKg <= 38.012)
",-9999999.000,-9999999.000,0.000,0.000,1.000,0,0,0,1,1,0,0,1,0.0,0,0,0.0,0.0,1.0
"F[1,1]((Pt_InsGov <= 0.973 & diabDur <= 13.600) | TotalDailyInsPerKg <= 13.878)
",13.878,13.878,0.000,0.000,1.000,0,0,0,1,1,0,0,1,0.0,0,0,0.0,0.0,1.0
"F[2,2](HbA1c >= 9.613 -> Pt_A1cGoalLevelDsYr5 = 0.000)
",0.000,0.000,0.000,0.000,1.000,0,0,0,1,1,0,0,1,0.0,0,0,0.0,0.0,1.0
"F[2,2](((GFR >= 0.000 & bmiZscore <= -0.040) & HeightCm <= -0.030) | diabDur <= -0.001)
",-0.001,-0.001,0.000,0.000,1.000,0,0,0,1,1,0,0,1,0.0,0,0,0.0,0.0,1.0
"F[0,0](((SMBGperDayPtMeterCombo <= 0.933 & TSH <= 0.000) | HbA1c <= 0.000) | Pt_GrandchildT1D >= 0.000)
",0.000,0.000,0.000,0.000,1.000,0,0,0,1,1,0,0,1,0.0,0,0,0.0,0.0,1.0
"F[2,2](((Pt_SHFlg >= 0.000 -> Pt_InsGov >= 0.262) | bmiZscore >= 0.024) & HeightCm >= 0.249)
",-0.249,-0.249,0.000,0.000,1.000,0,0,0,1,1,0,0,1,0.0,0,0,0.0,0.0,1.0
"F[1,2]((Pt_SHFlg <= 0.000 -> BGTestAvgNumPtRep >= 0.467) | Pt_GrandparentT1D <= 2.316)
",-9999999.000,-9999999.000,0.000,0.000,1.000,0,0,0,1,1,0,0,1,0.0,0,0,0.0,0.0,1.0
"F[1,2]((Triglyc >= 337.991 -> Pt_SHFlg <= 0.000) | NumPumpBolusOrShortAct >= 0.000)
",-9999999.000,-9999999.000,0.000,0.000,1.000,0,0,0,1,1,0,0,1,0.0,0,0,0.0,0.0,1.0
"F[0,2](((bmi >= 5.985 -> Pt_GrandchildT1D >= 0.000) | AutonomicNeuroCl <= 0.000) & diabDur <= 0.000)
",-9999999.000,-9999999.000,0.000,0.000,1.000,0,0,0,1,1,0,0,1,0.0,0,0,0.0,0.0,1.0
"((Pt_FatherT1D <= 0.000) U[1,2] (HeightCm <= 98.594))
",-9999999.000,-9999999.000,0.000,0.000,1.000,0,0,0,1,1,0,0,1,0.0,0,0,0.0,0.0,1.0
"F[0,1](((Pt_InsGov <= 0.655 -> Pt_A1cGoalLev <= 3.741) | Pt_A1cGoalLev <= 5.694) -> NumPumpBolusOrShortAct <= 5.972)
",-9999999.000,-9999999.000,0.000,0.000,1.000,0,0,0,1,1,0,0,1,0.0,0,0,0.0,0.0,1.0
"F[0,2]((LDL <= 101.257 -> Pt_MotherT1D >= 0.000) & HDL >= 0.000)
",-9999999.000,-9999999.000,0.000,0.000,1.000,0,0,0,1,1,0,0,1,0.0,0,0,0.0,0.0,1.0
"((Pt_GrandparentT1D <= 0.000) U[2,2] (SMBGperDayPtMeterCombo <= 0.502))
",0.502,0.502,0.000,0.000,1.000,0,0,0,1,1,0,0,1,0.0,0,0,0.0,0.0,1.0
"F[0,0](((Pt_GrandparentT1D <= 0.000 | bmi <= 12.702) | diabDur >= 8.817) | Pt_GrandchildT1D >= 0.730)
",12.702,12.702,0.000,0.000,1.000,0,0,0,1,1,0,0,1,0.0,0,0,0.0,0.0,1.0
"F[0,2](Pt_A1cGoalLev >= 1.778 & diabDur <= 13.888)
",-9999999.000,-9999999.000,0.000,0.000,1.000,0,0,0,1,1,0,0,1,0.0,0,0,0.0,0.0,1.0
"((LDL <= 103.498) U[0,1] (HeightCm <= 83.901))
",-9999999.000,-9999999.000,0.000,0.000,1.000,0,0,0,1,1,0,0,1,0.0,0,0,0.0,0.0,1.0
"F[2,2]((HbA1cImputeDtMnC >= 2.245 | TotalDailyInsPerKg <= 0.000) | DirectLDL >= 0.000)
",0.000,0.000,0.000,0.000,1.000,0,0,0,1,1,0,0,1,0.0,0,0,0.0,0.0,1.0
"F[1,2](Pt_FatherT1D <= 0.000 | HDL >= 27.754)
",-9999999.000,-9999999.000,0.000,0.000,1.000,0,0,0,1,1,0,0,1,0.0,0,0,0.0,0.0,1.0
"F[0,1]((Pt_FatherT1D >= 0.000 -> bmiZscore >= -0.282) & Pt_A1cGoalLevelDsYr5 >= -0.220)
",-9999999.000,-9999999.000,0.000,0.000,1.000,0,0,0,1,1,0,0,1,0.0,0,0,0.0,0.0,1.0
"F[0,2](HbA1cImputeDtMnC >= 3.025 -> bmi <= 19.640)
",-9999999.000,-9999999.000,0.000,0.000,1.000,0,0,0,1,1,0,0,1,0.0,0,0,0.0,0.0,1.0
"F[0,0](((Pt_InsGov >= 0.164 & TSH >= 0.000) -> Pt_GrandparentT1D >= 0.000) | HbA1cImputeDtMnC >= 0.000)
",0.000,0.000,0.000,0.000,1.000,0,0,0,1,1,0,0,1,0.0,0,0,0.0,0.0,1.0
"F[0,2]((Pt_CGMUseNumDays >= 0.000 | Pt_InsGov <= 0.695) | BGTestAvgNumPtRep <= 0.883)
",-9999999.000,-9999999.000,0.000,0.000,1.000,0,0,0,1,1,0,0,1,0.0,0,0,0.0,0.0,1.0
"F[0,0](((BldPrDia >= 70.313 & BUN >= 2.117) & bmi <= 10.821) -> HbA1c <= 10.778)
",-10.821,-10.821,0.000,0.000,1.000,0,0,0,1,1,0,0,1,0.0,0,0,0.0,0.0,1.0
"((BUN <= 15.855) U[0,2] (bmiPerc <= 0.286))
",-9999999.000,-9999999.000,0.000,0.000,1.000,0,0,0,1,1,0,0,1,0.0,0,0,0.0,0.0,1.0
"F[0,1]((UnitsInsBasalOrLongAct <= 0.000 | Pt_A1cGoalLevelDsYr5 >= 0.000) -> Pt_SiblingT1D >= 0.000)
",-9999999.000,-9999999.000,0.000,0.000,1.000,0,0,0,1,1,0,0,1,0.0,0,0,0.0,0.0,1.0
"F[1,2](bmiPerc <= 0.307 & age >= 18.402)
",-9999999.000,-9999999.000,0.000,0.000,1.000,0,0,0,1,1,0,0,1,0.0,0,0,0.0,0.0,1.0
"F[1,1]((Pt_MotherT1D >= 0.000 | HDL >= 27.313) & BUN <= 28.468)
",0.000,0.000,0.000,0.000,1.000,0,0,0,1,1,0,0,1,0.0,0,0,0.0,0.0,1.0
"((Pt_CGMUseNumDays >= 0.000) U[0,2] (LDL <= 102.190))
",-9999999.000,-9999999.000,0.000,0.000,1.000,0,0,0,1,1,0,0,1,0.0,0,0,0.0,0.0,1.0
"F[0,1]((GFR >= 0.000 & HbA1c <= 10.161) | Pt_SiblingT1D >= 9.845)
",-9999999.000,-9999999.000,0.000,0.000,1.000,0,0,0,1,1,0,0,1,0.0,0,0,0.0,0.0,1.0
"((BGTestAvgNumMeter >= 0.355) U[0,1] (GFR >= 0.000))
",-9999999.000,-9999999.000,0.000,0.000,1.000,0,0,0,1,1,0,0,1,0.0,0,0,0.0,0.0,1.0
"F[2,2]((TSH >= 0.000 -> Pt_A1cGoalLevelDsYr5 <= 0.000) & Pt_MotherT1D <= 0.000)
",0.000,0.000,0.000,0.000,1.000,0,0,0,1,1,0,0,1,0.0,0,0,0.0,0.0,1.0
"F[0,1](((Pt_SiblingT1D >= 1.000 & Pt_SiblingT1D >= 1.000) -> bmi <= 1.000) -> Pt_FatherT1D <= 1.000)
",-9999999.000,-9999999.000,0.000,0.000,1.000,0,0,0,1,1,0,0,1,0.0,0,0,0.0,0.0,1.0
"F[0,2]((Pt_A1cGoalLevelDsYr5 >= 0.000 -> bmi >= 7.619) | HbA1c <= 16.082)
",-9999999.000,-9999999.000,0.000,0.000,1.000,0,0,0,1,1,0,0,1,0.0,0,0,0.0,0.0,1.0
"F[0,1](DirectLDL >= 0.206 | AutonomicNeuroCl >= 0.000)
",-9999999.000,-9999999.000,0.000,0.000,1.000,0,0,0,1,1,0,0,1,0.0,0,0,0.0,0.0,1.0
"((DirectLDL >= 0.007) U[0,1] (Pt_SiblingT1D >= 1.000))
",-9999999.000,-9999999.000,0.000,0.000,1.000,0,0,0,1,1,0,0,1,0.0,0,0,0.0,0.0,1.0
"F[0,0](((Pt_A1cGoalLev <= 3.040 -> Pt_GrandchildT1D >= 0.000) -> Pt_A1cGoalLevelDsYr5 <= 0.000) & NumPumpBolusOrShortAct <= 0.000)
",0.000,0.000,0.000,0.000,1.000,0,0,0,1,1,0,0,1,0.0,0,0,0.0,0.0,1.0
"F[0,0](TSH >= 0.000 & Pt_SHFlg >= 0.000)
",4.000,4.000,0.000,0.000,1.000,0,0,0,1,1,0,0,1,0.0,0,0,0.0,0.0,1.0
"F[0,1](((UnitsInsBasalOrLongAct >= 0.000 -> Pt_SHFlg <= 0.000) | TotalDailyInsPerKg >= 0.000) -> TotChol >= 0.000)
",-9999999.000,-9999999.000,0.000,0.000,1.000,0,0,0,1,1,0,0,1,0.0,0,0,0.0,0.0,1.0
"F[0,1](((TotChol >= 179.165 & DirectLDL >= 0.316) -> Pt_ChildT1D >= 0.107) | AlbCreatRat_mggNew >= 0.189)
",-9999999.000,-9999999.000,0.000,0.000,1.000,0,0,0,1,1,0,0,1,0.0,0,0,0.0,0.0,1.0
"F[0,2](((HbA1c <= 9.936 | AutonomicNeuroCl >= 0.000) -> HbA1cImputeDtMnC >= 0.000) -> UnitsInsBasalOrLongAct <= 0.000)
",-9999999.000,-9999999.000,0.000,0.000,1.000,0,0,0,1,1,0,0,1,0.0,0,0,0.0,0.0,1.0
"F[1,2](((diagAgeCombo >= 4.000 & Pt_A1cGoalLev <= 4.084) -> Pt_MotherT1D <= 4.448) | diabDur >= 2.566)
",-9999999.000,-9999999.000,0.000,0.000,1.000,0,0,0,1,1,0,0,1,0.0,0,0,0.0,0.0,1.0
"((BGTestAvgNumMeter >= 0.371) U[1,1] (Pt_InsGov <= 0.747))
",0.747,0.747,0.000,0.000,1.000,0,0,0,1,1,0,0,1,0.0,0,0,0.0,0.0,1.0
"F[1,1](((TSH >= 0.000 -> Pt_DKAFlg <= 0.000) & age >= 0.000) & GFR >= 0.000)
",0.000,0.000,0.000,0.000,1.000,0,0,0,1,1,0,0,1,0.0,0,0,0.0,0.0,1.0
"F[2,2](((BGTestAvgNumPtRep <= 2.734 | TotalDailyInsPerKg <= 0.000) & LDL <= 0.000) & GFR <= 0.000)
",0.000,0.000,0.000,0.000,1.000,0,0,0,1,1,0,0,1,0.0,0,0,0.0,0.0,1.0
"((Pt_SiblingT1D >= 1.000) U[1,1] (TotalDailyInsPerKg <= 0.000))
",0.000,0.000,0.000,0.000,1.000,0,0,0,1,1,0,0,1,0.0,0,0,0.0,0.0,1.0
"F[0,1](GFR <= 0.000 & NumPumpBolusOrShortAct <= 0.000)
",-9999999.000,-9999999.000,0.000,0.000,1.000,0,0,0,1,1,0,0,1,0.0,0,0,0.0,0.0,1.0
"F[0,0](((AutonomicNeuroCl <= 0.000 -> Pt_GrandparentT1D >= 0.000) | GFR >= 0.000) & HbA1cImputeDtMnC >= 0.000)
",0.000,0.000,0.000,0.000,1.000,0,0,0,1,1,0,0,1,0.0,0,0,0.0,0.0,1.0
"F[0,1]((HDL >= 27.377 -> Pt_MotherT1D <= 0.000) | HbA1cImputeDtMnC >= 0.000)
",-9999999.000,-9999999.000,0.000,0.000,1.000,0,0,0,1,1,0,0,1,0.0,0,0,0.0,0.0,1.0
"((BldPrSys >= 100.009) U[0,2] (Pt_InsGov >= 0.107))
",-9999999.000,-9999999.000,0.000,0.000,1.000,0,0,0,1,1,0,0,1,0.0,0,0,0.0,0.0,1.0
"F[2,2](((NumPumpBolusOrShortAct >= 0.000 | bmiZscore >= -0.246) | Pt_A1cGoalLevelDsYr5 <= -0.052) & diabDur <= -0.006)
",-0.006,-0.006,0.000,0.000,1.000,0,0,0,1,1,0,0,1,0.0,0,0,0.0,0.0,1.0
"F[1,2](((Pt_ChildT1D <= 0.000 | bmi <= 13.580) | Pt_InsGov >= 5.333) -> GFR >= 1.624)
",-9999999.000,-9999999.000,0.000,0.000,1.000,0,0,0,1,1,0,0,1,0.0,0,0,0.0,0.0,1.0
"F[0,0](((Pt_SiblingT1D <= 1.000 -> HbA1cImputeDtMnC >= 2.539) -> Pt_GrandparentT1D <= 11.467) | bmi <= 7.048)
",7.048,7.048,0.000,0.000,1.000,0,0,0,1,1,0,0,1,0.0,0,0,0.0,0.0,1.0
"F[1,2]((BUN >= 7.507 & Pt_GrandchildT1D <= 0.000) & TSH <= 0.000)
",-9999999.000,-9999999.000,0.000,0.000,1.000,0,0,0,1,1,0,0,1,0.0,0,0,0.0,0.0,1.0
"F[0,2]((age >= 18.068 | Pt_CGMUseNumDays >= 0.000) & WeightKg <= 0.000)
",-9999999.000,-9999999.000,0.000,0.000,1.000,0,0,0,1,1,0,0,1,0.0,0,0,0.0,0.0,1.0
"F[0,0](((HbA1c >= 9.373 -> BldPrSys >= 103.806) -> Pt_ChildT1D >= 104.194) -> bmi >= 102.593)
",9.373,9.373,0.000,0.000,1.000,0,0,0,1,1,0,0,1,0.0,0,0,0.0,0.0,1.0
"F[1,2](((TotalDailyInsPerKg >= 0.000 & GFR <= 0.000) & HeightCm >= 0.000) | Pt_InsGov >= 0.000)
",-9999999.000,-9999999.000,0.000,0.000,1.000,0,0,0,1,1,0,0,1,0.0,0,0,0.0,0.0,1.0
"((AlbCreatRat_mggNew <= 0.000) U[1,2] (LDL >= 97.106))
",-9999999.000,-9999999.000,0.000,0.000,1.000,0,0,0,1,1,0,0,1,0.0,0,0,0.0,0.0,1.0
"((BGTestAvgNumMeter >= 0.129) U[0,1] (WeightKg >= 19.811))
",-9999999.000,-9999999.000,0.000,0.000,1.000,0,0,0,1,1,0,0,1,0.0,0,0,0.0,0.0,1.0
"F[1,2](((Triglyc <= 381.570 & HbA1c >= 9.692) | WeightKg <= 9.910) -> TSH >= 9.348)
",-9999999.000,-9999999.000,0.000,0.000,1.000,0,0,0,1,1,0,0,1,0.0,0,0,0.0,0.0,1.0
"F[0,0](((Pt_CGMUseNumDays >= 0.000 | HDL <= 28.164) & TSH >= 27.188) -> HbA1c <= 28.685)
",-28.685,-28.685,0.000,0.000,1.000,0,0,0,1,1,0,0,1,0.0,0,0,0.0,0.0,1.0
"((Pt_A1cGoalLev >= 2.212) U[2,2] (Pt_GrandparentT1D <= 0.000))
",0.000,0.000,0.000,0.000,1.000,0,0,0,1,1,0,0,1,0.0,0,0,0.0,0.0,1.0
"((BGTestAvgNumMeter <= 0.630) U[0,2] (BGTestAvgNumMeter >= 0.123))
",-9999999.000,-9999999.000,0.000,0.000,1.000,0,0,0,1,1,0,0,1,0.0,0,0,0.0,0.0,1.0
"F[2,2]((Pt_FatherT1D <= 0.000 -> Pt_DKAFlg <= 0.000) -> WeightKg <= 0.000)
",0.000,0.000,0.000,0.000,1.000,0,0,0,1,1,0,0,1,0.0,0,0,0.0,0.0,1.0
"F[0,1](UnitsInsBasalOrLongAct <= 0.000 -> Pt_A1cGoalLevelDsYr5 <= 0.000)
",-9999999.000,-9999999.000,0.000,0.000,1.000,0,0,0,1,1,0,0,1,0.0,0,0,0.0,0.0,1.0
"((Pt_CGMUseNumDays >= 0.000) U[1,2] (NumPumpBolusOrShortAct <= 0.000))
",-9999999.000,-9999999.000,0.000,0.000,1.000,0,0,0,1,1,0,0,1,0.0,0,0,0.0,0.0,1.0
"F[0,2]((Triglyc >= 321.101 | Pt_InsGov <= 0.858) & BldPrDia >= 0.345)
",-9999999.000,-9999999.000,0.000,0.000,1.000,0,0,0,1,1,0,0,1,0.0,0,0,0.0,0.0,1.0
"F[0,2](((HDL >= 27.486 & Pt_A1cGoalLevelDsYr5 >= 0.000) -> diabDur >= 0.000) -> Pt_ChildT1D >= 0.000)
",-9999999.000,-9999999.000,0.000,0.000,1.000,0,0,0,1,1,0,0,1,0.0,0,0,0.0,0.0,1.0
"F[1,2](HbA1c <= 9.943 -> HeightCm >= 29.182)
",-9999999.000,-9999999.000,0.000,0.000,1.000,0,0,0,1,1,0,0,1,0.0,0,0,0.0,0.0,1.0
"F[0,2](bmi >= 9.170 & diagAgeCombo <= 4.000)
",-9999999.000,-9999999.000,0.000,0.000,1.000,0,0,0,1,1,0,0,1,0.0,0,0,0.0,0.0,1.0
"F[0,1](((Pt_FatherT1D <= 0.000 & TotalDailyInsPerKg >= 0.000) -> Triglyc <= 0.000) | GFR <= 0.000)
",-9999999.000,-9999999.000,0.000,0.000,1.000,0,0,0,1,1,0,0,1,0.0,0,0,0.0,0.0,1.0
"F[1,2](((Pt_GrandchildT1D <= 0.000 -> Pt_InsGov >= 0.148) -> Pt_GrandchildT1D >= 0.001) & bmiPerc >= 0.002)
",-9999999.000,-9999999.000,0.000,0.000,1.000,0,0,0,1,1,0,0,1,0.0,0,0,0.0,0.0,1.0
"F[1,1](Triglyc <= 374.628 | TotChol >= 181.730)
",374.628,374.628,0.000,0.000,1.000,0,0,0,1,1,0,0,1,0.0,0,0,0.0,0.0,1.0
"F[0,2]((diabDur <= 13.863 & Triglyc >= 321.196) | TSH >= 324.382)
",-9999999.000,-9999999.000,0.000,0.000,1.000,0,0,0,1,1,0,0,1,0.0,0,0,0.0,0.0,1.0
"F[1,1]((HDL <= 28.514 | TSH <= 0.000) | BldPrDia <= 0.000)
",28.514,28.514,0.000,0.000,1.000,0,0,0,1,1,0,0,1,0.0,0,0,0.0,0.0,1.0
"((AlbCreatRat_mggNew <= 0.000) U[1,1] (AutonomicNeuroCl >= 0.000))
",0.000,0.000,0.000,0.000,1.000,0,0,0,1,1,0,0,1,0.0,0,0,0.0,0.0,1.0
"F[0,2]((Pt_A1cGoalLev >= 0.412 | age <= 18.755) -> BldPrDia >= 18.409)
",-9999999.000,-9999999.000,0.000,0.000,1.000,0,0,0,1,1,0,0,1,0.0,0,0,0.0,0.0,1.0
"F[0,0](bmiPerc <= 0.351 | Pt_InsGov >= 0.089)
",-0.089,-0.089,0.000,0.000,1.000,0,0,0,1,1,0,0,1,0.0,0,0,0.0,0.0,1.0
"F[1,2](((AutonomicNeuroCl >= 0.000 | Triglyc <= 372.851) & bmiZscore >= 319.007) & bmiZscore >= 333.397)
",-9999999.000,-9999999.000,0.000,0.000,1.000,0,0,0,1,1,0,0,1,0.0,0,0,0.0,0.0,1.0
"F[0,0](SMBGperDayPtMeterCombo <= 0.662 -> LDL <= 100.770)
",-100.770,-100.770,0.000,0.000,1.000,0,0,0,1,1,0,0,1,0.0,0,0,0.0,0.0,1.0
"F[0,1]((BldPrSys >= 105.535 -> GFR <= 0.000) | Pt_InsGov >= 0.000)
",-9999999.000,-9999999.000,0.000,0.000,1.000,0,0,0,1,1,0,0,1,0.0,0,0,0.0,0.0,1.0
"F[0,1](((TotalDailyInsPerKg >= 0.000 -> AutonomicNeuroCl <= 0.000) -> Pt_InsGov <= 0.000) & Pt_GrandparentT1D >= 0.000)
",-9999999.000,-9999999.000,0.000,0.000,1.000,0,0,0,1,1,0,0,1,0.0,0,0,0.0,0.0,1.0
"F[2,2]((diabDur >= 13.356 & HDL <= 28.958) | GFR <= 28.335)
",28.335,28.335,0.000,0.000,1.000,0,0,0,1,1,0,0,1,0.0,0,0,0.0,0.0,1.0
"F[0,2](((HbA1cImputeDtMnC >= 2.029 | BldPrSys >= 102.796) -> Pt_ChildT1D <= 107.111) & UnitsInsBasalOrLongAct <= 110.640)
",-9999999.000,-9999999.000,0.000,0.000,1.000,0,0,0,1,1,0,0,1,0.0,0,0,0.0,0.0,1.0
"F[1,2](((DirectLDL <= 0.878 & TotChol <= 185.988) | Triglyc >= 182.082) | Triglyc >= 179.957)
",-9999999.000,-9999999.000,0.000,0.000,1.000,0,0,0,1,1,0,0,1,0.0,0,0,0.0,0.0,1.0
"F[1,2](((Pt_GrandchildT1D >= 0.000 -> TotChol >= 180.299) | Triglyc <= 182.617) -> Triglyc >= 179.679)
",-9999999.000,-9999999.000,0.000,0.000,1.000,0,0,0,1,1,0,0,1,0.0,0,0,0.0,0.0,1.0
"F[0,2]((BGTestAvgNumPtRep >= 1.569 & Pt_InsGov >= 0.034) | SMBGperDayPtMeterCombo >= 0.072)
",-9999999.000,-9999999.000,0.000,0.000,1.000,0,0,0,1,1,0,0,1,0.0,0,0,0.0,0.0,1.0
"F[0,1]((Pt_GrandchildT1D >= 0.000 & HbA1c >= 9.474) | Pt_DKAFlg >= 9.488)
",-9999999.000,-9999999.000,0.000,0.000,1.000,0,0,0,1,1,0,0,1,0.0,0,0,0.0,0.0,1.0
"F[1,2]((AlbCreatRat_mggNew >= 0.000 & BldPrDia <= 78.577) & UnitsInsBasalOrLongAct <= 74.452)
",-9999999.000,-9999999.000,0.000,0.000,1.000,0,0,0,1,1,0,0,1,0.0,0,0,0.0,0.0,1.0
"F[0,2]((HbA1cImputeDtMnC >= 1.914 -> Pt_CGMUseNumDays >= 0.000) -> UnitsInsBasalOrLongAct <= 0.000)
",-9999999.000,-9999999.000,0.000,0.000,1.000,0,0,0,1,1,0,0,1,0.0,0,0,0.0,0.0,1.0
"((BldPrSys >= 103.486) U[0,0] (HeightCm <= 92.479))
",37.179,37.179,0.000,0.000,1.000,0,0,0,1,1,0,0,1,0.0,0,0,0.0,0.0,1.0
"F[1,2]((HbA1cImputeDtMnC >= 2.457 & HbA1cImputeDtMnC <= 10.904) & bmiPerc >= 2.110)
",-9999999.000,-9999999.000,0.000,0.000,1.000,0,0,0,1,1,0,0,1,0.0,0,0,0.0,0.0,1.0
"((Pt_A1cGoalLev <= 4.176) U[2,2] (TSH <= 0.000))
",4.176,4.176,0.000,0.000,1.000,0,0,0,1,1,0,0,1,0.0,0,0,0.0,0.0,1.0
"F[0,2](((NumPumpBolusOrShortAct <= 0.000 -> GFR >= 0.000) -> Pt_ChildT1D >= 0.000) & Pt_SHFlg >= 0.000)
",-9999999.000,-9999999.000,0.000,0.000,1.000,0,0,0,1,1,0,0,1,0.0,0,0,0.0,0.0,1.0
"F[0,1](HbA1cImputeDtMnC >= 3.575 & BGTestAvgNumMeter <= 0.974)
",-9999999.000,-9999999.000,0.000,0.000,1.000,0,0,0,1,1,0,0,1,0.0,0,0,0.0,0.0,1.0
"F[0,2](((diabDur <= 13.571 | Pt_SHFlg >= 0.000) & diabDur >= 0.000) | Pt_MotherT1D <= 0.000)
",-9999999.000,-9999999.000,0.000,0.000,1.000,0,0,0,1,1,0,0,1,0.0,0,0,0.0,0.0,1.0
"F[0,2](((Pt_SiblingT1D >= 1.000 | diabDur >= 13.468) & Triglyc <= 13.908) | SMBGperDayPtMeterCombo <= 13.533)
",-9999999.000,-9999999.000,0.000,0.000,1.000,0,0,0,1,1,0,0,1,0.0,0,0,0.0,0.0,1.0
"F[2,2]((Pt_GrandparentT1D <= 0.000 & Pt_DKAFlg <= 0.000) -> AutonomicNeuroCl >= 0.000)
",0.000,0.000,0.000,0.000,1.000,0,0,0,1,1,0,0,1,0.0,0,0,0.0,0.0,1.0
"F[0,0]((GFR >= 0.000 & Triglyc >= 332.561) & diabDur <= 369.647)
",-146.561,-146.561,0.000,0.000,1.000,0,0,0,1,1,0,0,1,0.0,0,0,0.0,0.0,1.0
"F[0,1]((Pt_CGMUseNumDays >= 0.000 & Pt_CGMUseNumDays <= 0.000) | Pt_DKAFlg <= 0.000)
",-9999999.000,-9999999.000,0.000,0.000,1.000,0,0,0,1,1,0,0,1,0.0,0,0,0.0,0.0,1.0
"F[0,0](BldPrSys >= 102.620 & diabDur <= 13.793)
",-102.620,-102.620,0.000,0.000,1.000,0,0,0,1,1,0,0,1,0.0,0,0,0.0,0.0,1.0
"F[0,1](TotChol <= 183.762 & Pt_SHFlg = 0.000)
",-9999999.000,-9999999.000,0.000,0.000,1.000,0,0,0,1,1,0,0,1,0.0,0,0,0.0,0.0,1.0
"F[1,2](diabDur > 13.086 -> Pt_SHFlg = 0.000)
",-9999999.000,-9999999.000,0.000,0.000,1.000,0,0,0,1,1,0,0,1,0.0,0,0,0.0,0.0,1.0
"((Pt_DKAFlg > 0.000) U[0,1] (Pt_SHFlg = 0.000))
",-9999999.000,-9999999.000,0.000,0.000,1.000,0,0,0,1,1,0,0,1,0.0,0,0,0.0,0.0,1.0
"((Pt_SHFlg <= 0.000) U[0,2] (Pt_SHFlg = 0.000))
",-9999999.000,-9999999.000,0.000,0.000,1.000,0,0,0,1,1,0,0,1,0.0,0,0,0.0,0.0,1.0
"F[1,1](Pt_GrandchildT1D >= 0.000 | HeightCm <= 131.410)
",131.410,131.410,0.000,0.000,1.000,0,0,0,1,1,0,0,1,0.0,0,0,0.0,0.0,1.0
"((NumPumpBolusOrShortAct >= 0.000) U[0,1] (TotalDailyInsPerKg <= 0.000))
",-9999999.000,-9999999.000,0.000,0.000,1.000,0,0,0,1,1,0,0,1,0.0,0,0,0.0,0.0,1.0
"F[2,2](((HDL >= 27.421 -> TotChol <= 184.426) & UnitsInsBasalOrLongAct <= 183.940) & Pt_ChildT1D <= 185.308)
",-184.426,-184.426,0.000,0.000,1.000,0,0,0,1,1,0,0,1,0.0,0,0,0.0,0.0,1.0
"F[0,1](((BUN <= 14.591 -> WeightKg >= 1.754) -> Pt_CGMUseNumDays <= 45.842) & HDL <= 46.346)
",-9999999.000,-9999999.000,0.000,0.000,1.000,0,0,0,1,1,0,0,1,0.0,0,0,0.0,0.0,1.0
"F[0,0](LDL <= 104.510 -> diagAgeCombo <= 4.000)
",-104.510,-104.510,0.000,0.000,1.000,0,0,0,1,1,0,0,1,0.0,0,0,0.0,0.0,1.0
"F[1,1](LDL <= 101.061 & bmi >= 1.530)
",-1.530,-1.530,0.000,0.000,1.000,0,0,0,1,1,0,0,1,0.0,0,0,0.0,0.0,1.0
"((BGTestAvgNumPtRep <= 2.562) U[1,2] (BGTestAvgNumPtRep <= 2.502))
",-9999999.000,-9999999.000,0.000,0.000,1.000,0,0,0,1,1,0,0,1,0.0,0,0,0.0,0.0,1.0
"F[0,0]((BGTestAvgNumPtRep <= 3.383 -> Pt_ChildT1D <= 0.000) -> Pt_A1cGoalLevelDsYr5 >= 0.000)
",-6.000,-6.000,0.000,0.000,1.000,0,0,0,1,1,0,0,1,0.0,0,0,0.0,0.0,1.0
"F[1,2](((bmi <= 19.647 & AutonomicNeuroCl >= 0.000) & AlbCreatRat_mggNew >= 0.000) | Pt_GrandchildT1D <= 0.000)
",-9999999.000,-9999999.000,0.000,0.000,1.000,0,0,0,1,1,0,0,1,0.0,0,0,0.0,0.0,1.0
"((Pt_DKAFlg <= 0.000) U[0,0] (bmiPerc <= 0.348))
",0.000,0.000,0.000,0.000,1.000,0,0,0,1,1,0,0,1,0.0,0,0,0.0,0.0,1.0
"((AutonomicNeuroCl >= 0.000) U[0,2] (LDL >= 98.012))
",-9999999.000,-9999999.000,0.000,0.000,1.000,0,0,0,1,1,0,0,1,0.0,0,0,0.0,0.0,1.0
"F[0,2](((Pt_ChildT1D >= 0.000 | HbA1c >= 9.706) | AutonomicNeuroCl >= 9.583) & Pt_DKAFlg <= 9.943)
",-9999999.000,-9999999.000,0.000,0.000,1.000,0,0,0,1,1,0,0,1,0.0,0,0,0.0,0.0,1.0
"F[0,0](((Pt_MotherT1D <= 0.000 | age <= 18.908) | BUN <= 18.776) | BldPrDia <= 18.547)
",18.908,18.908,0.000,0.000,1.000,0,0,0,1,1,0,0,1,0.0,0,0,0.0,0.0,1.0
"F[1,2](((Pt_FatherT1D >= 0.000 -> DirectLDL <= 0.738) | bmiZscore <= 0.601) | LDL >= 0.065)
",-9999999.000,-9999999.000,0.000,0.000,1.000,0,0,0,1,1,0,0,1,0.0,0,0,0.0,0.0,1.0
"F[0,2](((Pt_MotherT1D >= 0.000 -> Pt_MotherT1D >= 0.000) | Pt_InsGov <= 0.000) | bmi <= 0.000)
",-9999999.000,-9999999.000,0.000,0.000,1.000,0,0,0,1,1,0,0,1,0.0,0,0,0.0,0.0,1.0
"F[0,2]((BldPrDia >= 71.798 & TotChol >= 180.294) -> SMBGperDayPtMeterCombo >= 181.961)
",-9999999.000,-9999999.000,0.000,0.000,1.000,0,0,0,1,1,0,0,1,0.0,0,0,0.0,0.0,1.0
"((TotalDailyInsPerKg <= 0.000) U[1,2] (DirectLDL <= 0.722))
",-9999999.000,-9999999.000,0.000,0.000,1.000,0,0,0,1,1,0,0,1,0.0,0,0,0.0,0.0,1.0
"F[0,2](((Triglyc >= 322.138 & age <= 18.524) | HbA1c <= 18.502) & AlbCreatRat_mggNew >= 18.398)
",-9999999.000,-9999999.000,0.000,0.000,1.000,0,0,0,1,1,0,0,1,0.0,0,0,0.0,0.0,1.0
"F[1,2](((bmiPerc >= 0.105 & SMBGperDayPtMeterCombo >= 0.473) -> BGTestAvgNumMeter <= 0.552) & BGTestAvgNumPtRep <= 0.808)
",-9999999.000,-9999999.000,0.000,0.000,1.000,0,0,0,1,1,0,0,1,0.0,0,0,0.0,0.0,1.0
"F[0,1](((Pt_A1cGoalLevelDsYr5 >= 0.000 -> Pt_FatherT1D <= 0.000) | Pt_SHFlg <= 0.000) | HbA1c <= 0.000)
",-9999999.000,-9999999.000,0.000,0.000,1.000,0,0,0,1,1,0,0,1,0.0,0,0,0.0,0.0,1.0
"F[0,1](NumPumpBolusOrShortAct <= 0.000 & HeightCm >= 69.620)
",-9999999.000,-9999999.000,0.000,0.000,1.000,0,0,0,1,1,0,0,1,0.0,0,0,0.0,0.0,1.0
"F[0,2](Pt_GrandchildT1D < 0.000 & Pt_SHFlg = 0.000)
",-9999999.000,-9999999.000,0.000,0.000,1.000,0,0,0,1,1,0,0,1,0.0,0,0,0.0,0.0,1.0
"((diabDur >= 13.284) U[0,2] (Pt_SHFlg = 0.000))
",-9999999.000,-9999999.000,0.000,0.000,1.000,0,0,0,1,1,0,0,1,0.0,0,0,0.0,0.0,1.0
"((Pt_CGMUseNumDays >= 0.000) U[0,1] (Pt_SHFlg = 0.000))
",-9999999.000,-9999999.000,0.000,0.000,1.000,0,0,0,1,1,0,0,1,0.0,0,0,0.0,0.0,1.0
"F[0,2](bmi >= 3.267 & Pt_SHFlg = 0.000)
",-9999999.000,-9999999.000,0.000,0.000,1.000,0,0,0,1,1,0,0,1,0.0,0,0,0.0,0.0,1.0
"F[1,2](HbA1c >= 9.527 -> Pt_A1cGoalLevelDsYr5 = 0.000)
",-9999999.000,-9999999.000,0.000,0.000,1.000,0,0,0,1,1,0,0,1,0.0,0,0,0.0,0.0,1.0
"((BGTestAvgNumMeter >= 0.130) U[1,2] (BGTestAvgNumPtRep <= 2.582))
",-9999999.000,-9999999.000,0.000,0.000,1.000,0,0,0,1,1,0,0,1,0.0,0,0,0.0,0.0,1.0
"F[1,2](HbA1c >= 9.358 -> Pt_A1cGoalLevelDsYr5 = 0.000)
",-9999999.000,-9999999.000,0.000,0.000,1.000,0,0,0,1,1,0,0,1,0.0,0,0,0.0,0.0,1.0
"((BGTestAvgNumMeter >= 0.446) U[0,2] (BGTestAvgNumPtRep <= 3.861))
",-9999999.000,-9999999.000,0.000,0.000,1.000,0,0,0,1,1,0,0,1,0.0,0,0,0.0,0.0,1.0
"F[0,2](HbA1c >= 9.538 -> Pt_A1cGoalLevelDsYr5 = 0.000)
",-9999999.000,-9999999.000,0.000,0.000,1.000,0,0,0,1,1,0,0,1,0.0,0,0,0.0,0.0,1.0
"((BGTestAvgNumMeter >= 0.415) U[0,1] (BGTestAvgNumPtRep <= 2.904))
",-9999999.000,-9999999.000,0.000,0.000,1.000,0,0,0,1,1,0,0,1,0.0,0,0,0.0,0.0,1.0
"F[1,1](HbA1c >= 9.729 -> Pt_A1cGoalLevelDsYr5 = 0.000)
",0.000,0.000,0.000,0.000,1.000,0,0,0,1,1,0,0,1,0.0,0,0,0.0,0.0,1.0
"((BGTestAvgNumMeter >= 0.161) U[0,0] (BGTestAvgNumPtRep <= 3.330))
",3.330,3.330,0.000,0.000,1.000,0,0,0,1,1,0,0,1,0.0,0,0,0.0,0.0,1.0
"F[0,1](HbA1c >= 9.423 -> Pt_A1cGoalLevelDsYr5 = 0.000)
",-9999999.000,-9999999.000,0.000,0.000,1.000,0,0,0,1,1,0,0,1,0.0,0,0,0.0,0.0,1.0
"((BGTestAvgNumMeter >= 0.070) U[1,2] (BGTestAvgNumPtRep <= 2.511))
",-9999999.000,-9999999.000,0.000,0.000,1.000,0,0,0,1,1,0,0,1,0.0,0,0,0.0,0.0,1.0
"F[0,2](HbA1c >= 9.726 -> Pt_A1cGoalLevelDsYr5 = 0.000)
",-9999999.000,-9999999.000,0.000,0.000,1.000,0,0,0,1,1,0,0,1,0.0,0,0,0.0,0.0,1.0
"((BGTestAvgNumMeter >= 0.466) U[2,2] (BGTestAvgNumPtRep <= 2.852))
",2.852,2.852,0.000,0.000,1.000,0,0,0,1,1,0,0,1,0.0,0,0,0.0,0.0,1.0
"F[2,2](HbA1c >= 9.787 -> Pt_A1cGoalLevelDsYr5 = 0.000)
",0.000,0.000,0.000,0.000,1.000,0,0,0,1,1,0,0,1,0.0,0,0,0.0,0.0,1.0
"((BGTestAvgNumMeter >= 0.184) U[1,2] (BGTestAvgNumPtRep <= 2.202))
",-9999999.000,-9999999.000,0.000,0.000,1.000,0,0,0,1,1,0,0,1,0.0,0,0,0.0,0.0,1.0
"F[0,1](HbA1c >= 9.556 -> Pt_A1cGoalLevelDsYr5 = 0.000)
",-9999999.000,-9999999.000,0.000,0.000,1.000,0,0,0,1,1,0,0,1,0.0,0,0,0.0,0.0,1.0
"((BGTestAvgNumMeter >= 0.100) U[1,2] (BGTestAvgNumPtRep <= 2.174))
",-9999999.000,-9999999.000,0.000,0.000,1.000,0,0,0,1,1,0,0,1,0.0,0,0,0.0,0.0,1.0
"F[1,2](HbA1c >= 9.776 -> Pt_A1cGoalLevelDsYr5 = 0.000)
",-9999999.000,-9999999.000,0.000,0.000,1.000,0,0,0,1,1,0,0,1,0.0,0,0,0.0,0.0,1.0
"((BGTestAvgNumMeter >= 0.283) U[0,1] (BGTestAvgNumPtRep <= 2.936))
",-9999999.000,-9999999.000,0.000,0.000,1.000,0,0,0,1,1,0,0,1,0.0,0,0,0.0,0.0,1.0
"F[1,2](bmi >= 0.433 -> Pt_SHFlg = 0.000)
",-9999999.000,-9999999.000,0.000,0.000,1.000,0,0,0,1,1,0,0,1,0.0,0,0,0.0,0.0,1.0
"F[0,0](BGTestAvgNumPtRep <= 2.948 & Pt_SHFlg = 0.000)
",-11.784,-11.784,0.000,0.000,1.000,0,0,0,1,1,0,0,1,0.0,0,0,0.0,0.0,1.0
"((Pt_CGMUseNumDays < 0.000) U[2,2] (Pt_SHFlg = 0.000))
",0.000,0.000,0.000,0.000,1.000,0,0,0,1,1,0,0,1,0.0,0,0,0.0,0.0,1.0
"((Pt_DKAFlg <= 0.000) U[0,0] (Pt_SHFlg = 0.000))
",0.000,0.000,0.000,0.000,1.000,0,0,0,1,1,0,0,1,0.0,0,0,0.0,0.0,1.0
"((bmiZscore <= -0.083) U[0,1] (Pt_SHFlg = 0.000))
",-9999999.000,-9999999.000,0.000,0.000,1.000,0,0,0,1,1,0,0,1,0.0,0,0,0.0,0.0,1.0
"((SMBGperDayPtMeterCombo <= 0.799) U[0,1] (Pt_SHFlg = 0.000))
",-9999999.000,-9999999.000,0.000,0.000,1.000,0,0,0,1,1,0,0,1,0.0,0,0,0.0,0.0,1.0
"((TotChol < 183.643) U[0,1] (Pt_SHFlg = 0.000))
",-9999999.000,-9999999.000,0.000,0.000,1.000,0,0,0,1,1,0,0,1,0.0,0,0,0.0,0.0,1.0
"F[0,0](TotalDailyInsPerKg < 0.000 -> Pt_SHFlg = 0.000)
",11.784,11.784,0.000,0.000,1.000,0,0,0,1,1,0,0,1,0.0,0,0,0.0,0.0,1.0
"((AutonomicNeuroCl >= 0.000) U[2,2] (Pt_SHFlg = 0.000))
",0.000,0.000,0.000,0.000,1.000,0,0,0,1,1,0,0,1,0.0,0,0,0.0,0.0,1.0
"((BUN <= 9.348) U[2,2] (Pt_SHFlg = 0.000))
",9.348,9.348,0.000,0.000,1.000,0,0,0,1,1,0,0,1,0.0,0,0,0.0,0.0,1.0
"((BUN <= 10.455) U[0,1] (Pt_SHFlg = 0.000))
",-9999999.000,-9999999.000,0.000,0.000,1.000,0,0,0,1,1,0,0,1,0.0,0,0,0.0,0.0,1.0
"((BldPrDia > 70.232) U[0,2] (Pt_SHFlg = 0.000))
",-9999999.000,-9999999.000,0.000,0.000,1.000,0,0,0,1,1,0,0,1,0.0,0,0,0.0,0.0,1.0
"F[0,0](WeightKg > 11.883 -> Pt_SHFlg = 0.000)
",11.784,11.784,0.000,0.000,1.000,0,0,0,1,1,0,0,1,0.0,0,0,0.0,0.0,1.0
"((TSH < 0.000) U[0,0] (Pt_SHFlg = 0.000))
",-4.000,-4.000,0.000,0.000,1.000,0,0,0,1,1,0,0,1,0.0,0,0,0.0,0.0,1.0
"F[1,2](UnitsInsBasalOrLongAct > 0.000 -> Pt_SHFlg = 0.000)
",-9999999.000,-9999999.000,0.000,0.000,1.000,0,0,0,1,1,0,0,1,0.0,0,0,0.0,0.0,1.0
"((BUN <= 11.046) U[0,2] (Pt_SHFlg = 0.000))
",-9999999.000,-9999999.000,0.000,0.000,1.000,0,0,0,1,1,0,0,1,0.0,0,0,0.0,0.0,1.0
"F[1,2](Pt_SHFlg < 0.000 & Pt_SHFlg = 0.000)
",-9999999.000,-9999999.000,0.000,0.000,1.000,0,0,0,1,1,0,0,1,0.0,0,0,0.0,0.0,1.0
"((LDL > 94.453) U[1,1] (Pt_SHFlg = 0.000))
",0.000,0.000,0.000,0.000,1.000,0,0,0,1,1,0,0,1,0.0,0,0,0.0,0.0,1.0
"((Triglyc <= 392.361) U[0,0] (Pt_SHFlg = 0.000))
",206.361,206.361,0.000,0.000,1.000,0,0,0,1,1,0,0,1,0.0,0,0,0.0,0.0,1.0
"F[0,2]((BGTestAvgNumPtRep >= 0.205 -> HeightCm <= 153.998) -> Pt_GrandparentT1D >= 7.024)
",-9999999.000,-9999999.000,0.000,0.000,1.000,0,0,0,1,1,0,0,1,0.0,0,0,0.0,0.0,1.0
"F[0,2](((SMBGperDayPtMeterCombo <= 0.530 & Pt_GrandchildT1D >= 0.000) -> WeightKg <= 0.000) & Pt_DKAFlg <= 0.000)
",-9999999.000,-9999999.000,0.000,0.000,1.000,0,0,0,1,1,0,0,1,0.0,0,0,0.0,0.0,1.0
"F[1,2](Pt_CGMUseNumDays >= 0.000 & Pt_FatherT1D >= 0.000)
",-9999999.000,-9999999.000,0.000,0.000,1.000,0,0,0,1,1,0,0,1,0.0,0,0,0.0,0.0,1.0
"((UnitsInsBasalOrLongAct >= 0.000) U[1,1] (Pt_GrandparentT1D >= 0.000))
",0.000,0.000,0.000,0.000,1.000,0,0,0,1,1,0,0,1,0.0,0,0,0.0,0.0,1.0
"((NumPumpBolusOrShortAct >= 0.000) U[0,2] (AutonomicNeuroCl <= 0.000))
",-9999999.000,-9999999.000,0.000,0.000,1.000,0,0,0,1,1,0,0,1,0.0,0,0,0.0,0.0,1.0
"F[0,2](HDL >= 27.376 | HbA1c <= 10.362)
",-9999999.000,-9999999.000,0.000,0.000,1.000,0,0,0,1,1,0,0,1,0.0,0,0,0.0,0.0,1.0
"F[1,2](Pt_SHFlg >= 0.000 | Pt_SiblingT1D <= 1.000)
",-9999999.000,-9999999.000,0.000,0.000,1.000,0,0,0,1,1,0,0,1,0.0,0,0,0.0,0.0,1.0
"F[0,2](Pt_MotherT1D <= 0.000 & age <= 18.846)
",-9999999.000,-9999999.000,0.000,0.000,1.000,0,0,0,1,1,0,0,1,0.0,0,0,0.0,0.0,1.0
"F[1,2]((TotalDailyInsPerKg <= 0.000 | TotChol >= 179.984) | DirectLDL >= 181.498)
",-9999999.000,-9999999.000,0.000,0.000,1.000,0,0,0,1,1,0,0,1,0.0,0,0,0.0,0.0,1.0
"F[0,1]((UnitsInsBasalOrLongAct <= 0.000 -> Pt_A1cGoalLev >= 2.962) | SMBGperDayPtMeterCombo >= 0.026)
",-9999999.000,-9999999.000,0.000,0.000,1.000,0,0,0,1,1,0,0,1,0.0,0,0,0.0,0.0,1.0
"F[1,2](((UnitsInsBasalOrLongAct >= 0.000 | Pt_InsGov <= 0.948) & bmiZscore <= 0.769) | LDL <= 0.988)
",-9999999.000,-9999999.000,0.000,0.000,1.000,0,0,0,1,1,0,0,1,0.0,0,0,0.0,0.0,1.0
"F[1,2](LDL >= 95.229 | WeightKg <= 53.933)
",-9999999.000,-9999999.000,0.000,0.000,1.000,0,0,0,1,1,0,0,1,0.0,0,0,0.0,0.0,1.0
"((Pt_A1cGoalLevelDsYr5 >= 0.000) U[0,1] (BGTestAvgNumPtRep >= 0.169))
",-9999999.000,-9999999.000,0.000,0.000,1.000,0,0,0,1,1,0,0,1,0.0,0,0,0.0,0.0,1.0
"F[2,2](((HbA1c >= 9.649 | Pt_SHFlg <= 0.000) | SMBGperDayPtMeterCombo <= 0.000) | Triglyc <= 0.000)
",0.000,0.000,0.000,0.000,1.000,0,0,0,1,1,0,0,1,0.0,0,0,0.0,0.0,1.0
"F[0,0]((diagAgeCombo <= 4.000 & DirectLDL >= 0.377) | Triglyc >= 0.418)
",185.582,185.582,0.000,0.000,1.000,0,0,0,1,1,0,0,1,0.0,0,0,0.0,0.0,1.0
"F[1,1](((GFR <= 0.000 -> age >= 18.404) | WeightKg >= 18.280) | Pt_A1cGoalLev <= 18.615)
",18.615,18.615,0.000,0.000,1.000,0,0,0,1,1,0,0,1,0.0,0,0,0.0,0.0,1.0
"F[2,2](Pt_SiblingT1D <= 1.000 -> bmi <= 13.151)
",-13.151,-13.151,0.000,0.000,1.000,0,0,0,1,1,0,0,1,0.0,0,0,0.0,0.0,1.0
"F[0,0](((GFR <= 0.000 | Triglyc >= 325.775) | BGTestAvgNumMeter <= 365.819) | Pt_GrandparentT1D <= 376.582)
",376.582,376.582,0.000,0.000,1.000,0,0,0,1,1,0,0,1,0.0,0,0,0.0,0.0,1.0
"F[0,2]((diagAgeCombo >= 4.000 | HeightCm <= 80.612) | TotalDailyInsPerKg >= 42.457)
",-9999999.000,-9999999.000,0.000,0.000,1.000,0,0,0,1,1,0,0,1,0.0,0,0,0.0,0.0,1.0
"F[0,2](((Triglyc >= 332.382 -> BUN >= 6.176) | AutonomicNeuroCl <= 16.170) | age >= 8.670)
",-9999999.000,-9999999.000,0.000,0.000,1.000,0,0,0,1,1,0,0,1,0.0,0,0,0.0,0.0,1.0
"F[1,2](Pt_GrandparentT1D >= 0.000 | Pt_A1cGoalLev <= 5.884)
",-9999999.000,-9999999.000,0.000,0.000,1.000,0,0,0,1,1,0,0,1,0.0,0,0,0.0,0.0,1.0
"F[2,2](((Pt_SHFlg >= 0.000 -> Pt_A1cGoalLevelDsYr5 >= 0.000) | TSH >= 0.000) & BGTestAvgNumMeter <= 0.000)
",0.000,0.000,0.000,0.000,1.000,0,0,0,1,1,0,0,1,0.0,0,0,0.0,0.0,1.0
"F[0,1](Pt_GrandchildT1D >= 0.000 -> WeightKg >= 4.226)
",-9999999.000,-9999999.000,0.000,0.000,1.000,0,0,0,1,1,0,0,1,0.0,0,0,0.0,0.0,1.0
"F[0,2](((Pt_CGMUseNumDays >= 0.000 -> Pt_ChildT1D <= 0.000) -> Pt_MotherT1D <= 0.000) & SMBGperDayPtMeterCombo <= 0.000)
",-9999999.000,-9999999.000,0.000,0.000,1.000,0,0,0,1,1,0,0,1,0.0,0,0,0.0,0.0,1.0
"F[0,0](((bmiPerc <= 0.237 & TotalDailyInsPerKg <= 0.000) & HDL <= 0.000) | bmi >= 0.000)
",0.000,0.000,0.000,0.000,1.000,0,0,0,1,1,0,0,1,0.0,0,0,0.0,0.0,1.0
"F[0,1](((bmi >= 1.457 & Pt_MotherT1D <= 0.000) -> AutonomicNeuroCl >= 0.000) | BGTestAvgNumMeter <= 0.000)
",-9999999.000,-9999999.000,0.000,0.000,1.000,0,0,0,1,1,0,0,1,0.0,0,0,0.0,0.0,1.0
"F[1,1](HbA1cImputeDtMnC >= 5.524 & Triglyc <= 366.141)
",-5.524,-5.524,0.000,0.000,1.000,0,0,0,1,1,0,0,1,0.0,0,0,0.0,0.0,1.0
"F[0,1]((TSH <= 0.000 -> SMBGperDayPtMeterCombo >= 0.088) & UnitsInsBasalOrLongAct <= 0.706)
",-9999999.000,-9999999.000,0.000,0.000,1.000,0,0,0,1,1,0,0,1,0.0,0,0,0.0,0.0,1.0
"((BGTestAvgNumMeter >= 0.319) U[0,1] (BGTestAvgNumPtRep <= 3.296))
",-9999999.000,-9999999.000,0.000,0.000,1.000,0,0,0,1,1,0,0,1,0.0,0,0,0.0,0.0,1.0
"F[0,2](((age >= 18.075 | UnitsInsBasalOrLongAct <= 0.000) & BldPrDia >= 0.000) | AlbCreatRat_mggNew <= 0.000)
",-9999999.000,-9999999.000,0.000,0.000,1.000,0,0,0,1,1,0,0,1,0.0,0,0,0.0,0.0,1.0
"F[0,2]((Pt_CGMUseNumDays >= 0.000 | HDL <= 28.385) -> Pt_A1cGoalLevelDsYr5 >= 27.777)
",-9999999.000,-9999999.000,0.000,0.000,1.000,0,0,0,1,1,0,0,1,0.0,0,0,0.0,0.0,1.0
"((Pt_A1cGoalLev <= 5.973) U[1,1] (NumPumpBolusOrShortAct >= 0.000))
",5.973,5.973,0.000,0.000,1.000,0,0,0,1,1,0,0,1,0.0,0,0,0.0,0.0,1.0
"F[1,2](((UnitsInsBasalOrLongAct <= 0.000 | HbA1c >= 9.498) & BUN >= 9.474) -> LDL >= 9.747)
",-9999999.000,-9999999.000,0.000,0.000,1.000,0,0,0,1,1,0,0,1,0.0,0,0,0.0,0.0,1.0
"F[0,2](GFR >= 0.000 & Pt_SHFlg <= 0.000)
",-9999999.000,-9999999.000,0.000,0.000,1.000,0,0,0,1,1,0,0,1,0.0,0,0,0.0,0.0,1.0
"((Pt_InsGov <= 0.934) U[2,2] (BGTestAvgNumMeter >= 0.500))
",0.934,0.934,0.000,0.000,1.000,0,0,0,1,1,0,0,1,0.0,0,0,0.0,0.0,1.0
"F[1,2](((Pt_SHFlg <= 0.000 & WeightKg >= 23.654) | BldPrDia >= 1.257) -> BldPrSys >= 8.677)
",-9999999.000,-9999999.000,0.000,0.000,1.000,0,0,0,1,1,0,0,1,0.0,0,0,0.0,0.0,1.0
"F[0,2]((Pt_MotherT1D <= 0.000 -> NumPumpBolusOrShortAct >= 0.000) | BldPrSys >= 0.000)
",-9999999.000,-9999999.000,0.000,0.000,1.000,0,0,0,1,1,0,0,1,0.0,0,0,0.0,0.0,1.0
"F[0,1](BUN >= 8.706 | Pt_InsGov <= 0.778)
",-9999999.000,-9999999.000,0.000,0.000,1.000,0,0,0,1,1,0,0,1,0.0,0,0,0.0,0.0,1.0
"((TSH <= 0.000) U[0,2] (TotalDailyInsPerKg <= 0.000))
",-9999999.000,-9999999.000,0.000,0.000,1.000,0,0,0,1,1,0,0,1,0.0,0,0,0.0,0.0,1.0
"F[2,2](((HbA1c >= 9.800 & Pt_GrandchildT1D <= 0.000) | BldPrSys <= 0.000) & bmiPerc >= 0.000)
",0.000,0.000,0.000,0.000,1.000,0,0,0,1,1,0,0,1,0.0,0,0,0.0,0.0,1.0
"F[0,2]((Pt_SiblingT1D <= 1.000 | Pt_GrandchildT1D >= 0.000) -> HDL >= 0.000)
",-9999999.000,-9999999.000,0.000,0.000,1.000,0,0,0,1,1,0,0,1,0.0,0,0,0.0,0.0,1.0
"((WeightKg >= 9.736) U[0,2] (UnitsInsBasalOrLongAct <= 0.000))
",-9999999.000,-9999999.000,0.000,0.000,1.000,0,0,0,1,1,0,0,1,0.0,0,0,0.0,0.0,1.0
"F[2,2](((BldPrDia >= 72.541 -> UnitsInsBasalOrLongAct <= 0.000) & Pt_InsGov <= 0.000) -> age >= 0.000)
",0.000,0.000,0.000,0.000,1.000,0,0,0,1,1,0,0,1,0.0,0,0,0.0,0.0,1.0
"((BUN >= 2.095) U[1,2] (HDL >= 27.864))
",-9999999.000,-9999999.000,0.000,0.000,1.000,0,0,0,1,1,0,0,1,0.0,0,0,0.0,0.0,1.0
"F[0,0](((Pt_A1cGoalLevelDsYr5 <= 0.000 & TSH <= 0.000) | age <= 0.000) & TSH <= 0.000)
",-4.000,-4.000,0.000,0.000,1.000,0,0,0,1,1,0,0,1,0.0,0,0,0.0,0.0,1.0
"((Pt_GrandparentT1D >= 0.000) U[2,2] (Pt_FatherT1D <= 0.000))
",0.000,0.000,0.000,0.000,1.000,0,0,0,1,1,0,0,1,0.0,0,0,0.0,0.0,1.0
"((GFR >= 0.000) U[1,1] (BGTestAvgNumPtRep >= 0.365))
",0.000,0.000,0.000,0.000,1.000,0,0,0,1,1,0,0,1,0.0,0,0,0.0,0.0,1.0
"F[0,2]((Pt_A1cGoalLevelDsYr5 <= 0.000 | TotalDailyInsPerKg >= 0.000) & Triglyc <= 0.000)
",-9999999.000,-9999999.000,0.000,0.000,1.000,0,0,0,1,1,0,0,1,0.0,0,0,0.0,0.0,1.0
"F[1,2](((Pt_InsGov >= 0.374 | HbA1c <= 10.218) | Pt_GrandparentT1D >= 9.354) -> Pt_CGMUseNumDays >= 9.588)
",-9999999.000,-9999999.000,0.000,0.000,1.000,0,0,0,1,1,0,0,1,0.0,0,0,0.0,0.0,1.0
"((diagAgeCombo >= 4.000) U[0,0] (Pt_InsGov >= 0.043))
",-0.043,-0.043,0.000,0.000,1.000,0,0,0,1,1,0,0,1,0.0,0,0,0.0,0.0,1.0
"F[0,2]((Pt_SiblingT1D >= 1.000 | bmi >= 5.313) | BGTestAvgNumPtRep >= 5.551)
",-9999999.000,-9999999.000,0.000,0.000,1.000,0,0,0,1,1,0,0,1,0.0,0,0,0.0,0.0,1.0
"F[2,2]((bmi >= 6.546 -> bmi >= 5.778) & WeightKg >= 2.708)
",-2.708,-2.708,0.000,0.000,1.000,0,0,0,1,1,0,0,1,0.0,0,0,0.0,0.0,1.0
"F[0,2](((HeightCm >= 31.648 | Pt_SHFlg <= 0.000) & LDL >= 0.000) -> Pt_InsGov <= 0.000)
",-9999999.000,-9999999.000,0.000,0.000,1.000,0,0,0,1,1,0,0,1,0.0,0,0,0.0,0.0,1.0
"F[0,2](DirectLDL <= 0.634 | TSH >= 0.000)
",-9999999.000,-9999999.000,0.000,0.000,1.000,0,0,0,1,1,0,0,1,0.0,0,0,0.0,0.0,1.0
"((BldPrDia >= 73.573) U[0,1] (Pt_GrandchildT1D <= 0.000))
",-9999999.000,-9999999.000,0.000,0.000,1.000,0,0,0,1,1,0,0,1,0.0,0,0,0.0,0.0,1.0
"F[1,2](Pt_SHFlg <= 0.000 & HbA1c <= 9.982)
",-9999999.000,-9999999.000,0.000,0.000,1.000,0,0,0,1,1,0,0,1,0.0,0,0,0.0,0.0,1.0
"F[2,2]((Pt_DKAFlg >= 0.000 & GFR <= 0.000) | Pt_GrandparentT1D >= 0.000)
",0.000,0.000,0.000,0.000,1.000,0,0,0,1,1,0,0,1,0.0,0,0,0.0,0.0,1.0
"F[0,0]((TSH <= 0.000 & Pt_GrandchildT1D >= 0.000) -> HeightCm <= 0.000)
",4.000,4.000,0.000,0.000,1.000,0,0,0,1,1,0,0,1,0.0,0,0,0.0,0.0,1.0
"F[0,0](Pt_SHFlg <= 0.000 -> WeightKg <= 31.187)
",-31.187,-31.187,0.000,0.000,1.000,0,0,0,1,1,0,0,1,0.0,0,0,0.0,0.0,1.0
"((SMBGperDayPtMeterCombo <= 0.913) U[0,2] (Pt_GrandchildT1D >= 0.000))
",-9999999.000,-9999999.000,0.000,0.000,1.000,0,0,0,1,1,0,0,1,0.0,0,0,0.0,0.0,1.0
"F[1,2]((TSH >= 0.000 & GFR <= 0.000) & Pt_ChildT1D >= 0.000)
",-9999999.000,-9999999.000,0.000,0.000,1.000,0,0,0,1,1,0,0,1,0.0,0,0,0.0,0.0,1.0
"((Triglyc <= 388.992) U[0,2] (AutonomicNeuroCl <= 0.000))
",-9999999.000,-9999999.000,0.000,0.000,1.000,0,0,0,1,1,0,0,1,0.0,0,0,0.0,0.0,1.0
"F[0,1]((HbA1cImputeDtMnC <= 11.038 & AutonomicNeuroCl <= 0.000) -> LDL >= 0.000)
",-9999999.000,-9999999.000,0.000,0.000,1.000,0,0,0,1,1,0,0,1,0.0,0,0,0.0,0.0,1.0
"F[1,2](HbA1cImputeDtMnC <= 11.283 -> AlbCreatRat_mggNew <= 0.000)
",-9999999.000,-9999999.000,0.000,0.000,1.000,0,0,0,1,1,0,0,1,0.0,0,0,0.0,0.0,1.0
"F[0,1](((TotChol <= 185.142 | AutonomicNeuroCl >= 0.000) & Triglyc >= 0.000) & WeightKg <= 0.000)
",-9999999.000,-9999999.000,0.000,0.000,1.000,0,0,0,1,1,0,0,1,0.0,0,0,0.0,0.0,1.0
"((bmiPerc <= 0.206) U[1,2] (AutonomicNeuroCl <= 0.000))
",-9999999.000,-9999999.000,0.000,0.000,1.000,0,0,0,1,1,0,0,1,0.0,0,0,0.0,0.0,1.0
"((BGTestAvgNumPtRep >= 1.253) U[0,1] (NumPumpBolusOrShortAct <= 0.000))
",-9999999.000,-9999999.000,0.000,0.000,1.000,0,0,0,1,1,0,0,1,0.0,0,0,0.0,0.0,1.0
"F[0,0](((UnitsInsBasalOrLongAct <= 0.000 | Pt_GrandchildT1D <= 0.000) | LDL <= 0.000) & NumPumpBolusOrShortAct >= 0.000)
",0.000,0.000,0.000,0.000,1.000,0,0,0,1,1,0,0,1,0.0,0,0,0.0,0.0,1.0
"F[1,2](Pt_A1cGoalLevelDsYr5 <= 0.000 -> Pt_DKAFlg <= 0.000)
",-9999999.000,-9999999.000,0.000,0.000,1.000,0,0,0,1,1,0,0,1,0.0,0,0,0.0,0.0,1.0
"F[0,1]((LDL <= 105.481 -> age >= 18.355) | diabDur >= 18.191)
",-9999999.000,-9999999.000,0.000,0.000,1.000,0,0,0,1,1,0,0,1,0.0,0,0,0.0,0.0,1.0
"((bmiPerc >= 0.005) U[0,2] (Pt_InsGov <= 0.841))
",-9999999.000,-9999999.000,0.000,0.000,1.000,0,0,0,1,1,0,0,1,0.0,0,0,0.0,0.0,1.0
"F[2,2]((diabDur >= 13.017 -> diagAgeCombo <= 4.000) -> BGTestAvgNumPtRep <= 4.000)
",-4.000,-4.000,0.000,0.000,1.000,0,0,0,1,1,0,0,1,0.0,0,0,0.0,0.0,1.0
"((Pt_SHFlg >= 0.000) U[1,2] (Pt_A1cGoalLevelDsYr5 <= 0.000))
",-9999999.000,-9999999.000,0.000,0.000,1.000,0,0,0,1,1,0,0,1,0.0,0,0,0.0,0.0,1.0
"((DirectLDL >= 0.008) U[2,2] (diabDur <= 13.629))
",13.629,13.629,0.000,0.000,1.000,0,0,0,1,1,0,0,1,0.0,0,0,0.0,0.0,1.0
"((Pt_SiblingT1D >= 1.000) U[1,2] (TotalDailyInsPerKg >= 0.000))
",-9999999.000,-9999999.000,0.000,0.000,1.000,0,0,0,1,1,0,0,1,0.0,0,0,0.0,0.0,1.0
"((LDL >= 95.231) U[0,1] (Pt_A1cGoalLev <= 3.145))
",-9999999.000,-9999999.000,0.000,0.000,1.000,0,0,0,1,1,0,0,1,0.0,0,0,0.0,0.0,1.0
"F[2,2](((diabDur >= 13.077 | Pt_GrandchildT1D >= 0.000) -> NumPumpBolusOrShortAct >= 0.000) -> HeightCm >= 0.000)
",0.000,0.000,0.000,0.000,1.000,0,0,0,1,1,0,0,1,0.0,0,0,0.0,0.0,1.0
"F[0,2]((Pt_MotherT1D <= 0.000 -> BGTestAvgNumMeter <= 0.982) & bmi <= 0.995)
",-9999999.000,-9999999.000,0.000,0.000,1.000,0,0,0,1,1,0,0,1,0.0,0,0,0.0,0.0,1.0
"F[1,2]((age <= 18.938 -> TotChol <= 184.400) & BGTestAvgNumMeter <= 183.539)
",-9999999.000,-9999999.000,0.000,0.000,1.000,0,0,0,1,1,0,0,1,0.0,0,0,0.0,0.0,1.0
"F[2,2]((HbA1cImputeDtMnC <= 6.476 | Triglyc >= 320.319) -> Pt_InsGov <= 387.502)
",-387.502,-387.502,0.000,0.000,1.000,0,0,0,1,1,0,0,1,0.0,0,0,0.0,0.0,1.0
"F[1,2]((Pt_CGMUseNumDays >= 0.000 | HbA1cImputeDtMnC >= 4.084) | SMBGperDayPtMeterCombo >= 3.550)
",-9999999.000,-9999999.000,0.000,0.000,1.000,0,0,0,1,1,0,0,1,0.0,0,0,0.0,0.0,1.0
"F[1,2]((Pt_ChildT1D >= 0.000 & Triglyc >= 329.847) & Pt_GrandchildT1D <= 368.914)
",-9999999.000,-9999999.000,0.000,0.000,1.000,0,0,0,1,1,0,0,1,0.0,0,0,0.0,0.0,1.0
"F[1,2](((BGTestAvgNumPtRep <= 2.607 -> WeightKg <= 48.534) -> diabDur <= 43.162) -> Pt_InsGov <= 44.292)
",-9999999.000,-9999999.000,0.000,0.000,1.000,0,0,0,1,1,0,0,1,0.0,0,0,0.0,0.0,1.0
