Rule,Discrimination Score,Pos Robustness,Neg Robustness,Percent Class +,Percent Class -,TP,TN,FP,FN,Actual Yes,Actual No,Predicted Yes,Predicted No,TPR/Sens,TNR/Spec,FPR,Precision,Accuracy,MCR
"G[0,0](((HbA1c >= 7.173 & UnitsInsBasalOrLongAct >= 2.185) & BGTestAvgNumPtRep <= 18.978) | TotChol <= 16.958)
",16.958,16.958,0.000,1.000,0.000,2,0,0,0,2,0,2,0,1.0,0.0,0.0,1.0,1.3333333333333333,-0.33333333333333326
"G[0,0](((NumPumpBolusOrShortAct <= 8.211 & SMBGperDayPtMeterCombo >= 3.560) | HbA1cImputeDtMnC <= 6.140) & Pt_SHFlg <= 5.860)
",6.026,6.026,0.000,1.000,0.000,2,0,0,0,2,0,2,0,1.0,0.0,0.0,1.0,1.3333333333333333,-0.33333333333333326
"G[0,0](TotChol >= 0.000 & HbA1c >= 7.201)
",-7.201,-7.201,0.000,1.000,0.000,2,0,0,0,2,0,2,0,1.0,0.0,0.0,1.0,1.3333333333333333,-0.33333333333333326
"G[0,0](((diabDur <= 7.782 | HbA1cImputeDtMnC <= 12.085) | BldPrSys >= 3.008) -> TSH <= 16.216)
",-16.216,-16.216,0.000,1.000,0.000,2,0,0,0,2,0,2,0,1.0,0.0,0.0,1.0,1.3333333333333333,-0.33333333333333326
"G[0,0]((TSH <= 0.787 -> Pt_GrandchildT1D <= 0.000) | BldPrSys <= 0.000)
",0.000,0.000,0.000,1.000,0.000,2,0,0,0,2,0,2,0,1.0,0.0,0.0,1.0,1.3333333333333333,-0.33333333333333326
"G[0,0](Pt_SiblingT1D > 0.000 -> Pt_SHFlg = 0.000)
",0.000,0.000,0.000,1.000,0.000,2,0,0,0,2,0,2,0,1.0,0.0,0.0,1.0,1.3333333333333333,-0.33333333333333326
"G[0,0]((AlbCreatRat_mggNew >= 1.321 & bmiZscore <= 1.083) -> GFR >= 0.931)
",-0.095,-0.095,0.000,1.000,0.000,2,0,0,0,2,0,2,0,1.0,0.0,0.0,1.0,1.3333333333333333,-0.33333333333333326
"G[0,0](HbA1c <= 7.671 -> TSH <= 1.295)
",-7.671,-7.671,0.000,1.000,0.000,2,0,0,0,2,0,2,0,1.0,0.0,0.0,1.0,1.3333333333333333,-0.33333333333333326
"G[0,0](GFR <= 0.000 -> BUN >= 0.000)
",0.000,0.000,0.000,1.000,0.000,2,0,0,0,2,0,2,0,1.0,0.0,0.0,1.0,1.3333333333333333,-0.33333333333333326
"G[0,0](((Pt_GrandchildT1D >= 0.000 -> GFR >= 0.000) & Pt_FatherT1D <= 0.000) & TotalDailyInsPerKg >= 0.000)
",-30.000,-30.000,0.000,1.000,0.000,2,0,0,0,2,0,2,0,1.0,0.0,0.0,1.0,1.3333333333333333,-0.33333333333333326
"G[0,0](((HbA1cImputeDtMnC >= 4.282 & UnitsInsBasalOrLongAct <= 16.072) | AlbCreatRat_mggNew >= 3.874) -> diagAgeCombo >= 7.940)
",3.874,3.874,0.000,1.000,0.000,2,0,0,0,2,0,2,0,1.0,0.0,0.0,1.0,1.3333333333333333,-0.33333333333333326
"G[0,0](((UnitsInsBasalOrLongAct <= 20.056 | BldPrDia >= 68.509) | TSH >= 69.416) | BUN >= 68.962)
",37.491,37.491,0.000,1.000,0.000,2,0,0,0,2,0,2,0,1.0,0.0,0.0,1.0,1.3333333333333333,-0.33333333333333326
"G[0,0](((AlbCreatRat_mggNew <= 8.090 & DirectLDL <= 0.000) -> bmi >= 0.000) -> bmi >= 0.000)
",0.000,0.000,0.000,1.000,0.000,2,0,0,0,2,0,2,0,1.0,0.0,0.0,1.0,1.3333333333333333,-0.33333333333333326
"G[0,0](GFR <= 0.000 -> BUN >= 0.000)
",0.000,0.000,0.000,1.000,0.000,2,0,0,0,2,0,2,0,1.0,0.0,0.0,1.0,1.3333333333333333,-0.33333333333333326
"G[0,0]((HbA1c <= 7.770 & bmiPerc >= 0.819) -> TotalDailyInsPerKg >= 0.845)
",-7.770,-7.770,0.000,1.000,0.000,2,0,0,0,2,0,2,0,1.0,0.0,0.0,1.0,1.3333333333333333,-0.33333333333333326
"G[0,0]((AutonomicNeuroCl <= 0.000 -> age <= 10.917) | diagAgeCombo <= 10.989)
",10.989,10.989,0.000,1.000,0.000,2,0,0,0,2,0,2,0,1.0,0.0,0.0,1.0,1.3333333333333333,-0.33333333333333326
"G[0,1](((bmiPerc <= 0.856 -> TotalDailyInsPerKg <= 0.893) -> BldPrSys >= 0.860) | UnitsInsBasalOrLongAct <= 0.881)
",9999999.000,9999999.000,0.000,1.000,0.000,1,0,1,0,1,1,2,0,1.0,0.0,1.0,0.5,0.6666666666666666,0.33333333333333337
"G[0,1](((TotalDailyInsPerKg <= 0.897 | WeightKg <= 57.809) | TotalDailyInsPerKg >= 47.988) | Pt_InsGov >= 51.472)
",9999999.000,9999999.000,0.000,1.000,0.000,1,0,0,1,2,0,1,1,0.5,0.0,0.0,1.0,0.6666666666666666,0.33333333333333337
"G[0,1](((bmiZscore <= 1.177 -> Pt_ChildT1D >= 0.000) | Pt_ChildT1D >= 0.000) -> NumPumpBolusOrShortAct >= 0.000)
",9999999.000,9999999.000,0.000,1.000,0.000,1,0,1,0,1,1,2,0,1.0,0.0,1.0,0.5,0.6666666666666666,0.33333333333333337
"G[1,1](Triglyc <= 0.000 & HDL <= 0.000)
",0.000,0.000,0.000,1.000,0.000,1,0,1,0,1,1,2,0,1.0,0.0,1.0,0.5,0.6666666666666666,0.33333333333333337
"G[0,1](((Pt_SiblingT1D <= 0.000 | HDL <= 0.000) -> BldPrSys <= 0.000) | TotalDailyInsPerKg >= 0.000)
",9999999.000,9999999.000,0.000,1.000,0.000,1,0,1,0,1,1,2,0,1.0,0.0,1.0,0.5,0.6666666666666666,0.33333333333333337
"G[0,1](((BGTestAvgNumMeter <= 7.680 & Pt_SiblingT1D >= 0.000) & AutonomicNeuroCl >= 0.000) | BldPrDia >= 0.000)
",9999999.000,9999999.000,0.000,1.000,0.000,1,0,1,0,1,1,2,0,1.0,0.0,1.0,0.5,0.6666666666666666,0.33333333333333337
"G[0,1](Pt_GrandchildT1D <= 0.000 | bmiPerc >= 0.833)
",9999999.000,9999999.000,0.000,1.000,0.000,1,0,1,0,1,1,2,0,1.0,0.0,1.0,0.5,0.6666666666666666,0.33333333333333337
"G[0,0]((Triglyc >= 0.000 | HbA1cImputeDtMnC <= 10.811) -> UnitsInsBasalOrLongAct <= 14.740)
",-14.740,-14.740,0.000,1.000,0.000,1,0,0,1,2,0,1,1,0.5,0.0,0.0,1.0,0.6666666666666666,0.33333333333333337
"G[0,0]((NumPumpBolusOrShortAct <= 6.443 | Pt_CGMUseNumDays <= 11.901) -> NumPumpBolusOrShortAct >= 0.729)
",-6.443,-6.443,0.000,1.000,0.000,1,0,0,1,2,0,1,1,0.5,0.0,0.0,1.0,0.6666666666666666,0.33333333333333337
"G[0,1](Triglyc >= 0.000 & DirectLDL >= 0.000)
",9999999.000,9999999.000,0.000,1.000,0.000,1,0,1,0,1,1,2,0,1.0,0.0,1.0,0.5,0.6666666666666666,0.33333333333333337
"G[0,1](AlbCreatRat_mggNew <= 4.360 | Pt_FatherT1D <= 0.000)
",9999999.000,9999999.000,0.000,1.000,0.000,1,0,1,0,1,1,2,0,1.0,0.0,1.0,0.5,0.6666666666666666,0.33333333333333337
"G[0,1]((Pt_CGMUseNumDays >= 4.173 & age >= 10.583) -> BGTestAvgNumPtRep >= 10.660)
",9999999.000,9999999.000,0.000,1.000,0.000,1,0,1,0,1,1,2,0,1.0,0.0,1.0,0.5,0.6666666666666666,0.33333333333333337
"G[0,1](((Pt_SHFlg >= 0.000 | UnitsInsBasalOrLongAct >= 0.509) & GFR <= 18.490) & DirectLDL <= 19.252)
",9999999.000,9999999.000,0.000,1.000,0.000,1,0,1,0,1,1,2,0,1.0,0.0,1.0,0.5,0.6666666666666666,0.33333333333333337
"G[1,1](Pt_GrandchildT1D >= 0.000 & Pt_DKAFlg >= 0.000)
",0.000,0.000,0.000,1.000,0.000,1,0,1,0,1,1,2,0,1.0,0.0,1.0,0.5,0.6666666666666666,0.33333333333333337
"G[0,1](((AutonomicNeuroCl <= 0.000 | DirectLDL <= 0.000) | bmiPerc <= 0.000) & LDL <= 0.000)
",9999999.000,9999999.000,0.000,1.000,0.000,1,0,1,0,1,1,2,0,1.0,0.0,1.0,0.5,0.6666666666666666,0.33333333333333337
"G[0,1](Pt_InsGov <= 0.000 & TotChol <= 0.000)
",9999999.000,9999999.000,0.000,1.000,0.000,1,0,1,0,1,1,2,0,1.0,0.0,1.0,0.5,0.6666666666666666,0.33333333333333337
"G[0,1](((GFR >= 0.000 | Pt_GrandparentT1D <= 0.000) | BUN <= 0.000) | Pt_SHFlg <= 0.000)
",9999999.000,9999999.000,0.000,1.000,0.000,1,0,1,0,1,1,2,0,1.0,0.0,1.0,0.5,0.6666666666666666,0.33333333333333337
"G[0,1]((bmiZscore >= 0.915 -> Pt_CGMUseNumDays <= 26.165) | HDL <= 25.495)
",9999999.000,9999999.000,0.000,1.000,0.000,1,0,1,0,1,1,2,0,1.0,0.0,1.0,0.5,0.6666666666666666,0.33333333333333337
"G[0,1](((bmiPerc <= 0.861 -> NumPumpBolusOrShortAct <= 8.611) -> LDL >= 0.388) -> Pt_SiblingT1D <= 9.663)
",9999999.000,9999999.000,0.000,1.000,0.000,1,0,1,0,1,1,2,0,1.0,0.0,1.0,0.5,0.6666666666666666,0.33333333333333337
"G[1,1](((NumPumpBolusOrShortAct >= 3.159 | HDL >= 0.000) | BUN >= 0.000) -> Pt_GrandchildT1D >= 0.000)
",0.000,0.000,0.000,1.000,0.000,1,0,1,0,1,1,2,0,1.0,0.0,1.0,0.5,0.6666666666666666,0.33333333333333337
"G[1,1]((BldPrSys >= 108.752 | TotalDailyInsPerKg <= 0.885) | BldPrSys >= 0.859)
",0.885,0.885,0.000,1.000,0.000,1,0,1,0,1,1,2,0,1.0,0.0,1.0,0.5,0.6666666666666666,0.33333333333333337
"G[0,1](((Pt_CGMUseNumDays <= 16.627 -> Pt_FatherT1D >= 0.000) | TSH <= 0.000) & NumPumpBolusOrShortAct >= 0.000)
",9999999.000,9999999.000,0.000,1.000,0.000,1,0,1,0,1,1,2,0,1.0,0.0,1.0,0.5,0.6666666666666666,0.33333333333333337
"G[0,0]((HbA1c >= 7.265 & HeightCm >= 157.606) & age <= 161.143)
",-111.006,-111.006,0.000,1.000,0.000,1,0,0,1,2,0,1,1,0.5,0.0,0.0,1.0,0.6666666666666666,0.33333333333333337
"G[0,1]((Pt_GrandchildT1D >= 0.000 | HbA1cImputeDtMnC <= 12.702) | Pt_CGMUseNumDays <= 13.744)
",9999999.000,9999999.000,0.000,1.000,0.000,1,0,1,0,1,1,2,0,1.0,0.0,1.0,0.5,0.6666666666666666,0.33333333333333337
"G[0,0]((AlbCreatRat_mggNew <= 8.095 -> NumPumpBolusOrShortAct <= 6.098) -> Triglyc >= 1.068)
",1.068,1.068,0.000,1.000,0.000,1,0,0,1,2,0,1,1,0.5,0.0,0.0,1.0,0.6666666666666666,0.33333333333333337
"G[0,1]((AlbCreatRat_mggNew <= 7.182 | UnitsInsBasalOrLongAct <= 16.994) -> Triglyc <= 15.299)
",9999999.000,9999999.000,0.000,1.000,0.000,1,0,1,0,1,1,2,0,1.0,0.0,1.0,0.5,0.6666666666666666,0.33333333333333337
"G[1,1]((Pt_InsGov <= 0.000 & BGTestAvgNumMeter <= 6.258) | WeightKg >= 3.983)
",0.000,0.000,0.000,1.000,0.000,1,0,1,0,1,1,2,0,1.0,0.0,1.0,0.5,0.6666666666666666,0.33333333333333337
"G[1,1]((NumPumpBolusOrShortAct >= 2.608 | WeightKg <= 54.937) | HbA1c >= 51.709)
",54.937,54.937,0.000,1.000,0.000,1,0,1,0,1,1,2,0,1.0,0.0,1.0,0.5,0.6666666666666666,0.33333333333333337
"G[0,0]((Pt_A1cGoalLev <= 5.276 & HbA1c >= 7.409) | Pt_A1cGoalLev >= 7.517)
",-4.517,-4.517,0.000,1.000,0.000,1,0,0,1,2,0,1,1,0.5,0.0,0.0,1.0,0.6666666666666666,0.33333333333333337
"G[0,1](BUN <= 0.000 | HeightCm <= 160.569)
",9999999.000,9999999.000,0.000,1.000,0.000,1,0,1,0,1,1,2,0,1.0,0.0,1.0,0.5,0.6666666666666666,0.33333333333333337
"G[0,0]((Pt_MotherT1D <= 0.000 & HeightCm <= 160.758) | Triglyc >= 153.176)
",0.000,0.000,0.000,1.000,0.000,1,0,0,1,2,0,1,1,0.5,0.0,0.0,1.0,0.6666666666666666,0.33333333333333337
"G[1,1](((HbA1c <= 7.691 -> NumPumpBolusOrShortAct >= 3.418) | bmiZscore <= 8.792) -> TotalDailyInsPerKg <= 8.635)
",-8.792,-8.792,0.000,1.000,0.000,1,0,1,0,1,1,2,0,1.0,0.0,1.0,0.5,0.6666666666666666,0.33333333333333337
"G[1,1]((HbA1c >= 7.517 | bmiPerc <= 0.864) -> HbA1cImputeDtMnC >= 0.843)
",-0.864,-0.864,0.000,1.000,0.000,1,0,1,0,1,1,2,0,1.0,0.0,1.0,0.5,0.6666666666666666,0.33333333333333337
"G[0,1]((HbA1cImputeDtMnC <= 16.508 -> WeightKg <= 52.739) | WeightKg >= 48.147)
",9999999.000,9999999.000,0.000,1.000,0.000,1,0,1,0,1,1,2,0,1.0,0.0,1.0,0.5,0.6666666666666666,0.33333333333333337
"G[0,1](Triglyc <= 0.000 -> HDL <= 0.000)
",9999999.000,9999999.000,0.000,1.000,0.000,1,0,1,0,1,1,2,0,1.0,0.0,1.0,0.5,0.6666666666666666,0.33333333333333337
"G[0,0](SMBGperDayPtMeterCombo >= 1.355 & BGTestAvgNumPtRep >= 0.000)
",0.000,0.000,0.000,1.000,0.000,1,0,0,1,2,0,1,1,0.5,0.0,0.0,1.0,0.6666666666666666,0.33333333333333337
"G[0,0](TSH >= 0.241 & BGTestAvgNumPtRep >= 0.000)
",-0.241,-0.241,0.000,1.000,0.000,1,0,0,1,2,0,1,1,0.5,0.0,0.0,1.0,0.6666666666666666,0.33333333333333337
"G[0,0]((WeightKg >= 47.980 | bmi >= 20.527) -> UnitsInsBasalOrLongAct <= 20.191)
",-20.191,-20.191,0.000,1.000,0.000,1,0,0,1,2,0,1,1,0.5,0.0,0.0,1.0,0.6666666666666666,0.33333333333333337
"G[1,1](((TSH >= 0.452 | HDL >= 0.000) | TotalDailyInsPerKg <= 0.000) & bmiPerc >= 0.000)
",0.000,0.000,0.000,1.000,0.000,1,0,1,0,1,1,2,0,1.0,0.0,1.0,0.5,0.6666666666666666,0.33333333333333337
"G[0,1](HbA1cImputeDtMnC <= 18.939 -> Pt_SiblingT1D >= 0.000)
",9999999.000,9999999.000,0.000,1.000,0.000,1,0,1,0,1,1,2,0,1.0,0.0,1.0,0.5,0.6666666666666666,0.33333333333333337
"G[0,1](((bmi >= 20.233 -> BldPrSys >= 112.353) -> UnitsInsBasalOrLongAct >= 109.743) -> BldPrDia <= 113.775)
",9999999.000,9999999.000,0.000,1.000,0.000,1,0,1,0,1,1,2,0,1.0,0.0,1.0,0.5,0.6666666666666666,0.33333333333333337
"G[0,1](((TSH <= 1.582 & Pt_CGMUseNumDays <= 26.325) | LDL >= 1.153) -> bmiPerc <= 24.893)
",9999999.000,9999999.000,0.000,1.000,0.000,1,0,1,0,1,1,2,0,1.0,0.0,1.0,0.5,0.6666666666666666,0.33333333333333337
"G[0,1](Pt_GrandchildT1D <= 0.000 & Triglyc <= 0.000)
",9999999.000,9999999.000,0.000,1.000,0.000,1,0,1,0,1,1,2,0,1.0,0.0,1.0,0.5,0.6666666666666666,0.33333333333333337
"G[0,1](GFR <= 0.000 -> BUN >= 0.000)
",9999999.000,9999999.000,0.000,1.000,0.000,1,0,1,0,1,1,2,0,1.0,0.0,1.0,0.5,0.6666666666666666,0.33333333333333337
"G[0,1]((diabDur >= 6.209 | Pt_SiblingT1D >= 0.000) -> GFR <= 0.000)
",9999999.000,9999999.000,0.000,1.000,0.000,1,0,1,0,1,1,2,0,1.0,0.0,1.0,0.5,0.6666666666666666,0.33333333333333337
"G[0,1]((WeightKg >= 51.685 | bmi >= 20.581) -> UnitsInsBasalOrLongAct <= 17.785)
",9999999.000,9999999.000,0.000,1.000,0.000,1,0,0,1,2,0,1,1,0.5,0.0,0.0,1.0,0.6666666666666666,0.33333333333333337
"G[1,1](SMBGperDayPtMeterCombo >= 3.658 & BGTestAvgNumPtRep >= 0.000)
",-3.658,-3.658,0.000,1.000,0.000,1,0,1,0,1,1,2,0,1.0,0.0,1.0,0.5,0.6666666666666666,0.33333333333333337
"G[0,1]((bmiZscore >= 0.909 & SMBGperDayPtMeterCombo >= 3.234) -> bmi <= 5.126)
",9999999.000,9999999.000,0.000,1.000,0.000,1,0,0,1,2,0,1,1,0.5,0.0,0.0,1.0,0.6666666666666666,0.33333333333333337
"G[0,1](GFR <= 0.000 -> BUN >= 0.000)
",9999999.000,9999999.000,0.000,1.000,0.000,1,0,1,0,1,1,2,0,1.0,0.0,1.0,0.5,0.6666666666666666,0.33333333333333337
"G[0,1](((BGTestAvgNumPtRep >= 0.000 | LDL <= 0.000) & bmiPerc >= 0.000) -> Pt_FatherT1D >= 0.000)
",9999999.000,9999999.000,0.000,1.000,0.000,1,0,1,0,1,1,2,0,1.0,0.0,1.0,0.5,0.6666666666666666,0.33333333333333337
"G[0,1]((NumPumpBolusOrShortAct <= 6.038 -> BUN >= 0.000) -> Pt_SHFlg <= 0.000)
",9999999.000,9999999.000,0.000,1.000,0.000,1,0,1,0,1,1,2,0,1.0,0.0,1.0,0.5,0.6666666666666666,0.33333333333333337
"G[1,1](bmiPerc <= 0.856 | bmiZscore <= 1.153)
",1.153,1.153,0.000,1.000,0.000,1,0,1,0,1,1,2,0,1.0,0.0,1.0,0.5,0.6666666666666666,0.33333333333333337
"G[0,0](age >= 10.062 -> UnitsInsBasalOrLongAct <= 18.714)
",-18.714,-18.714,0.000,1.000,0.000,1,0,0,1,2,0,1,1,0.5,0.0,0.0,1.0,0.6666666666666666,0.33333333333333337
"G[0,1](Pt_InsGov <= 0.000 | Pt_InsGov >= 0.000)
",9999999.000,9999999.000,0.000,1.000,0.000,1,0,1,0,1,1,2,0,1.0,0.0,1.0,0.5,0.6666666666666666,0.33333333333333337
"G[1,1](GFR <= 0.000 -> BUN >= 0.000)
",0.000,0.000,0.000,1.000,0.000,1,0,1,0,1,1,2,0,1.0,0.0,1.0,0.5,0.6666666666666666,0.33333333333333337
"G[0,1]((Pt_SHFlg <= 0.000 -> Pt_SiblingT1D >= 0.000) & Pt_MotherT1D <= 0.000)
",9999999.000,9999999.000,0.000,1.000,0.000,1,0,1,0,1,1,2,0,1.0,0.0,1.0,0.5,0.6666666666666666,0.33333333333333337
"G[1,1](HbA1c <= 7.672 | LDL <= 0.000)
",7.672,7.672,0.000,1.000,0.000,1,0,1,0,1,1,2,0,1.0,0.0,1.0,0.5,0.6666666666666666,0.33333333333333337
"G[0,1](Pt_InsGov <= 0.000 -> Pt_FatherT1D >= 0.000)
",9999999.000,9999999.000,0.000,1.000,0.000,1,0,1,0,1,1,2,0,1.0,0.0,1.0,0.5,0.6666666666666666,0.33333333333333337
"G[0,1]((Pt_ChildT1D >= 0.000 & Pt_A1cGoalLevelDsYr5 <= 0.000) | bmiZscore <= 0.000)
",9999999.000,9999999.000,0.000,1.000,0.000,1,0,1,0,1,1,2,0,1.0,0.0,1.0,0.5,0.6666666666666666,0.33333333333333337
"G[0,1]((GFR <= 0.000 | Pt_ChildT1D <= 0.000) | bmiPerc <= 0.000)
",9999999.000,9999999.000,0.000,1.000,0.000,1,0,1,0,1,1,2,0,1.0,0.0,1.0,0.5,0.6666666666666666,0.33333333333333337
"G[0,1](BGTestAvgNumPtRep <= 0.000 -> Pt_SHFlg = 0.000)
",9999999.000,9999999.000,0.000,1.000,0.000,1,0,1,0,1,1,2,0,1.0,0.0,1.0,0.5,0.6666666666666666,0.33333333333333337
"G[0,2](((Pt_A1cGoalLev >= 0.002 & Triglyc >= 0.000) | Pt_A1cGoalLevelDsYr5 <= 0.000) -> BldPrDia >= 0.000)
",9999999.000,9999999.000,0.000,1.000,0.000,0,0,2,0,0,2,2,0,0.0,0.0,1.0,0.0,0.0,1.0
"G[0,2](HDL >= 0.000 -> AlbCreatRat_mggNew <= 10.888)
",9999999.000,9999999.000,0.000,1.000,0.000,0,0,1,1,1,1,1,1,0.0,0.0,1.0,0.0,0.0,1.0
"G[0,2](Pt_SiblingT1D <= 0.000 & DirectLDL <= 0.000)
",9999999.000,9999999.000,0.000,1.000,0.000,0,0,2,0,0,2,2,0,0.0,0.0,1.0,0.0,0.0,1.0
"G[0,2]((BldPrSys <= 113.638 & Pt_MotherT1D <= 0.000) -> Pt_MotherT1D >= 0.000)
",9999999.000,9999999.000,0.000,1.000,0.000,0,0,2,0,0,2,2,0,0.0,0.0,1.0,0.0,0.0,1.0
"G[0,1](((HbA1cImputeDtMnC >= 2.338 & BUN <= 0.000) & SMBGperDayPtMeterCombo >= 0.000) & HbA1cImputeDtMnC >= 0.000)
",9999999.000,9999999.000,0.000,1.000,0.000,0,0,1,1,1,1,1,1,0.0,0.0,1.0,0.0,0.0,1.0
"G[1,2](((Pt_InsGov >= 0.000 & BldPrSys <= 115.475) & Pt_SiblingT1D <= 115.078) -> Pt_GrandparentT1D <= 112.979)
",9999999.000,9999999.000,0.000,1.000,0.000,0,0,2,0,0,2,2,0,0.0,0.0,1.0,0.0,0.0,1.0
"G[0,2]((HbA1c >= 7.156 & UnitsInsBasalOrLongAct <= 16.364) -> BGTestAvgNumMeter >= 5.155)
",9999999.000,9999999.000,0.000,1.000,0.000,0,0,1,1,1,1,1,1,0.0,0.0,1.0,0.0,0.0,1.0
"G[0,1]((bmiPerc <= 0.866 -> HbA1c >= 7.207) | TotalDailyInsPerKg >= 7.264)
",9999999.000,9999999.000,0.000,1.000,0.000,0,0,1,1,1,1,1,1,0.0,0.0,1.0,0.0,0.0,1.0
"G[2,2]((Pt_ChildT1D >= 0.000 -> TSH <= 0.629) | bmiZscore <= 1.511)
",1.511,1.511,0.000,1.000,0.000,0,0,2,0,0,2,2,0,0.0,0.0,1.0,0.0,0.0,1.0
"G[1,2](((Pt_InsGov >= 0.000 -> UnitsInsBasalOrLongAct <= 18.557) | HbA1cImputeDtMnC >= 7.452) & HbA1c >= 11.601)
",9999999.000,9999999.000,0.000,1.000,0.000,0,0,1,1,1,1,1,1,0.0,0.0,1.0,0.0,0.0,1.0
"G[1,2](((DirectLDL >= 0.000 -> BGTestAvgNumMeter >= 0.283) | AutonomicNeuroCl <= 4.984) | HbA1c >= 3.817)
",9999999.000,9999999.000,0.000,1.000,0.000,0,0,2,0,0,2,2,0,0.0,0.0,1.0,0.0,0.0,1.0
"G[0,1]((bmiPerc >= 0.816 | TotalDailyInsPerKg <= 0.890) -> TotChol >= 0.840)
",9999999.000,9999999.000,0.000,1.000,0.000,0,0,0,2,2,0,0,2,0.0,0.0,0.0,0.0,0.0,1.0
"G[2,2]((BUN <= 0.000 & Pt_ChildT1D >= 0.000) & Triglyc <= 0.000)
",0.000,0.000,0.000,1.000,0.000,0,0,2,0,0,2,2,0,0.0,0.0,1.0,0.0,0.0,1.0
"G[2,2](((HbA1cImputeDtMnC >= 6.989 & WeightKg <= 53.375) & HeightCm <= 54.323) & age >= 51.768)
",-51.768,-51.768,0.000,1.000,0.000,0,0,2,0,0,2,2,0,0.0,0.0,1.0,0.0,0.0,1.0
"G[2,2](((diagAgeCombo <= 2.805 & SMBGperDayPtMeterCombo <= 7.662) | age >= 2.747) & HbA1c >= 0.877)
",-0.877,-0.877,0.000,1.000,0.000,0,0,2,0,0,2,2,0,0.0,0.0,1.0,0.0,0.0,1.0
"G[1,2](((BGTestAvgNumPtRep >= 0.000 | Pt_CGMUseNumDays >= 0.122) -> BUN >= 4.482) -> Pt_A1cGoalLev >= 6.638)
",9999999.000,9999999.000,0.000,1.000,0.000,0,0,2,0,0,2,2,0,0.0,0.0,1.0,0.0,0.0,1.0
"G[2,2](((BUN >= 0.000 | AlbCreatRat_mggNew >= 0.235) & Pt_CGMUseNumDays <= 10.612) | TSH >= 1.842)
",0.000,0.000,0.000,1.000,0.000,0,0,2,0,0,2,2,0,0.0,0.0,1.0,0.0,0.0,1.0
"G[0,0](((Pt_CGMUseNumDays >= 9.531 & diabDur >= 6.485) | HDL <= 7.382) & Pt_GrandparentT1D >= 6.986)
",-6.986,-6.986,0.000,1.000,0.000,0,0,0,2,2,0,0,2,0.0,0.0,0.0,0.0,0.0,1.0
"G[1,2](((Pt_ChildT1D >= 0.000 | Pt_A1cGoalLevelDsYr5 >= 0.000) -> HbA1c >= 0.000) & SMBGperDayPtMeterCombo <= 0.000)
",9999999.000,9999999.000,0.000,1.000,0.000,0,0,1,1,1,1,1,1,0.0,0.0,1.0,0.0,0.0,1.0
"G[0,2]((Pt_A1cGoalLev >= 1.096 & bmiZscore <= 1.103) & LDL <= 1.229)
",9999999.000,9999999.000,0.000,1.000,0.000,0,0,0,2,2,0,0,2,0.0,0.0,0.0,0.0,0.0,1.0
"G[0,0]((NumPumpBolusOrShortAct >= 4.712 & AlbCreatRat_mggNew >= 1.750) & UnitsInsBasalOrLongAct <= 3.773)
",-4.712,-4.712,0.000,1.000,0.000,0,0,0,2,2,0,0,2,0.0,0.0,0.0,0.0,0.0,1.0
"G[0,2]((Pt_MotherT1D >= 0.000 | Pt_CGMUseNumDays >= 4.406) -> bmiPerc >= 6.491)
",9999999.000,9999999.000,0.000,1.000,0.000,0,0,0,2,2,0,0,2,0.0,0.0,0.0,0.0,0.0,1.0
"G[0,2](bmiPerc <= 0.854 | Pt_DKAFlg <= 0.000)
",9999999.000,9999999.000,0.000,1.000,0.000,0,0,2,0,0,2,2,0,0.0,0.0,1.0,0.0,0.0,1.0
"G[0,1](((TotChol >= 0.000 -> HDL <= 0.000) & SMBGperDayPtMeterCombo <= 0.000) & BUN >= 0.000)
",9999999.000,9999999.000,0.000,1.000,0.000,0,0,0,2,2,0,0,2,0.0,0.0,0.0,0.0,0.0,1.0
"G[0,2](((HDL >= 0.000 & BldPrDia >= 68.692) | Pt_GrandchildT1D >= 68.100) | bmiZscore >= 69.210)
",9999999.000,9999999.000,0.000,1.000,0.000,0,0,1,1,1,1,1,1,0.0,0.0,1.0,0.0,0.0,1.0
"G[2,2](SMBGperDayPtMeterCombo >= 2.520 & BGTestAvgNumPtRep >= 0.000)
",-2.520,-2.520,0.000,1.000,0.000,0,0,2,0,0,2,2,0,0.0,0.0,1.0,0.0,0.0,1.0
"G[0,2](BldPrDia >= 69.129 -> Pt_SiblingT1D >= 0.000)
",9999999.000,9999999.000,0.000,1.000,0.000,0,0,2,0,0,2,2,0,0.0,0.0,1.0,0.0,0.0,1.0
"G[0,1]((UnitsInsBasalOrLongAct <= 17.694 & BldPrSys >= 112.290) | Pt_SiblingT1D >= 108.807)
",9999999.000,9999999.000,0.000,1.000,0.000,0,0,0,2,2,0,0,2,0.0,0.0,0.0,0.0,0.0,1.0
"G[1,2](((SMBGperDayPtMeterCombo <= 4.627 -> Pt_SHFlg >= 0.000) | HbA1c >= 0.000) | LDL >= 0.000)
",9999999.000,9999999.000,0.000,1.000,0.000,0,0,2,0,0,2,2,0,0.0,0.0,1.0,0.0,0.0,1.0
"G[0,2]((Triglyc >= 0.000 -> bmi >= 20.070) -> SMBGperDayPtMeterCombo >= 19.907)
",9999999.000,9999999.000,0.000,1.000,0.000,0,0,0,2,2,0,0,2,0.0,0.0,0.0,0.0,0.0,1.0
"G[1,2](((AlbCreatRat_mggNew >= 0.099 | NumPumpBolusOrShortAct >= 4.627) & Pt_CGMUseNumDays >= 0.985) -> WeightKg >= 1.724)
",9999999.000,9999999.000,0.000,1.000,0.000,0,0,2,0,0,2,2,0,0.0,0.0,1.0,0.0,0.0,1.0
"G[0,2](NumPumpBolusOrShortAct >= 4.879 & Pt_FatherT1D <= 0.000)
",9999999.000,9999999.000,0.000,1.000,0.000,0,0,1,1,1,1,1,1,0.0,0.0,1.0,0.0,0.0,1.0
"G[2,2](((Pt_A1cGoalLevelDsYr5 >= 0.000 | TSH <= 1.052) -> bmiZscore >= 0.560) -> BGTestAvgNumPtRep <= 1.381)
",-1.381,-1.381,0.000,1.000,0.000,0,0,2,0,0,2,2,0,0.0,0.0,1.0,0.0,0.0,1.0
"G[0,2](((UnitsInsBasalOrLongAct >= 5.058 -> bmi >= 20.486) -> Pt_A1cGoalLevelDsYr5 >= 20.045) -> TotalDailyInsPerKg >= 20.370)
",9999999.000,9999999.000,0.000,1.000,0.000,0,0,1,1,1,1,1,1,0.0,0.0,1.0,0.0,0.0,1.0
"G[1,2]((LDL <= 0.000 & bmiZscore <= 1.233) & TotChol <= 1.175)
",9999999.000,9999999.000,0.000,1.000,0.000,0,0,2,0,0,2,2,0,0.0,0.0,1.0,0.0,0.0,1.0
"G[2,2](UnitsInsBasalOrLongAct <= 20.159 -> WeightKg >= 47.643)
",-20.159,-20.159,0.000,1.000,0.000,0,0,2,0,0,2,2,0,0.0,0.0,1.0,0.0,0.0,1.0
"G[0,1](((NumPumpBolusOrShortAct <= 9.125 & Pt_A1cGoalLev <= 4.255) | bmiPerc <= 6.135) & Pt_SiblingT1D >= 0.377)
",9999999.000,9999999.000,0.000,1.000,0.000,0,0,0,2,2,0,0,2,0.0,0.0,0.0,0.0,0.0,1.0
"G[1,2](BldPrSys <= 115.919 | Pt_A1cGoalLev >= 0.707)
",9999999.000,9999999.000,0.000,1.000,0.000,0,0,1,1,1,1,1,1,0.0,0.0,1.0,0.0,0.0,1.0
"G[0,2](((bmiZscore <= 1.079 -> TSH >= 0.303) | GFR >= 0.069) -> HbA1cImputeDtMnC <= 1.239)
",9999999.000,9999999.000,0.000,1.000,0.000,0,0,1,1,1,1,1,1,0.0,0.0,1.0,0.0,0.0,1.0
"G[1,2]((Pt_ChildT1D >= 0.000 & NumPumpBolusOrShortAct <= 8.894) -> Pt_SHFlg >= 1.829)
",9999999.000,9999999.000,0.000,1.000,0.000,0,0,2,0,0,2,2,0,0.0,0.0,1.0,0.0,0.0,1.0
"G[0,1]((BUN >= 0.000 -> AlbCreatRat_mggNew >= 0.965) & Pt_DKAFlg >= 1.024)
",9999999.000,9999999.000,0.000,1.000,0.000,0,0,0,2,2,0,0,2,0.0,0.0,0.0,0.0,0.0,1.0
"G[1,2]((Pt_FatherT1D <= 0.000 -> Pt_SHFlg <= 0.000) | Pt_SiblingT1D >= 0.000)
",9999999.000,9999999.000,0.000,1.000,0.000,0,0,2,0,0,2,2,0,0.0,0.0,1.0,0.0,0.0,1.0
"G[1,2](Pt_FatherT1D >= 0.000 & Pt_ChildT1D <= 0.000)
",9999999.000,9999999.000,0.000,1.000,0.000,0,0,2,0,0,2,2,0,0.0,0.0,1.0,0.0,0.0,1.0
"G[0,1]((Pt_GrandchildT1D >= 0.000 | TotChol <= 0.000) -> bmiZscore <= 0.000)
",9999999.000,9999999.000,0.000,1.000,0.000,0,0,0,2,2,0,0,2,0.0,0.0,0.0,0.0,0.0,1.0
"G[1,2](Pt_GrandparentT1D >= 0.000 & Triglyc >= 0.000)
",9999999.000,9999999.000,0.000,1.000,0.000,0,0,2,0,0,2,2,0,0.0,0.0,1.0,0.0,0.0,1.0
"G[0,2]((Triglyc <= 0.000 | TotChol <= 0.000) & Pt_GrandparentT1D >= 0.000)
",9999999.000,9999999.000,0.000,1.000,0.000,0,0,2,0,0,2,2,0,0.0,0.0,1.0,0.0,0.0,1.0
"G[1,2](BldPrDia <= 71.236 | HDL >= 0.000)
",9999999.000,9999999.000,0.000,1.000,0.000,0,0,2,0,0,2,2,0,0.0,0.0,1.0,0.0,0.0,1.0
"G[2,2](((Triglyc >= 0.000 | HDL >= 0.000) & HbA1cImputeDtMnC <= 0.000) -> TSH <= 0.000)
",0.000,0.000,0.000,1.000,0.000,0,0,2,0,0,2,2,0,0.0,0.0,1.0,0.0,0.0,1.0
"G[2,2]((AlbCreatRat_mggNew <= 5.646 -> Pt_InsGov >= 0.000) & LDL >= 0.000)
",-5.646,-5.646,0.000,1.000,0.000,0,0,2,0,0,2,2,0,0.0,0.0,1.0,0.0,0.0,1.0
"G[0,2]((TSH >= 0.092 & Pt_SiblingT1D <= 0.000) & BGTestAvgNumPtRep <= 0.000)
",9999999.000,9999999.000,0.000,1.000,0.000,0,0,1,1,1,1,1,1,0.0,0.0,1.0,0.0,0.0,1.0
"G[1,2](((Pt_SiblingT1D >= 0.000 & HbA1cImputeDtMnC <= 10.470) -> Pt_GrandchildT1D <= 11.284) -> HDL <= 19.747)
",9999999.000,9999999.000,0.000,1.000,0.000,0,0,2,0,0,2,2,0,0.0,0.0,1.0,0.0,0.0,1.0
"G[2,2]((Pt_GrandparentT1D <= 0.000 & Pt_InsGov >= 0.000) -> Pt_SHFlg >= 0.000)
",0.000,0.000,0.000,1.000,0.000,0,0,2,0,0,2,2,0,0.0,0.0,1.0,0.0,0.0,1.0
"G[1,2]((BldPrDia <= 71.649 & WeightKg >= 47.913) | bmiZscore >= 49.513)
",9999999.000,9999999.000,0.000,1.000,0.000,0,0,2,0,0,2,2,0,0.0,0.0,1.0,0.0,0.0,1.0
"G[2,2]((SMBGperDayPtMeterCombo >= 2.976 & BldPrDia >= 69.415) | AlbCreatRat_mggNew <= 70.555)
",70.555,70.555,0.000,1.000,0.000,0,0,2,0,0,2,2,0,0.0,0.0,1.0,0.0,0.0,1.0
"G[1,2](((Triglyc >= 0.000 -> Pt_InsGov <= 0.000) | diabDur <= 0.000) | BldPrSys >= 0.000)
",9999999.000,9999999.000,0.000,1.000,0.000,0,0,2,0,0,2,2,0,0.0,0.0,1.0,0.0,0.0,1.0
"G[0,2](bmiZscore <= 1.218 & BGTestAvgNumPtRep >= 0.000)
",9999999.000,9999999.000,0.000,1.000,0.000,0,0,1,1,1,1,1,1,0.0,0.0,1.0,0.0,0.0,1.0
"G[1,2]((bmi >= 20.049 -> TotalDailyInsPerKg <= 0.908) | WeightKg <= 0.908)
",9999999.000,9999999.000,0.000,1.000,0.000,0,0,2,0,0,2,2,0,0.0,0.0,1.0,0.0,0.0,1.0
"G[1,2](Pt_A1cGoalLevelDsYr5 <= 0.000 -> Pt_DKAFlg <= 0.000)
",9999999.000,9999999.000,0.000,1.000,0.000,0,0,2,0,0,2,2,0,0.0,0.0,1.0,0.0,0.0,1.0
"G[2,2]((BGTestAvgNumMeter <= 7.420 -> Pt_GrandparentT1D >= 0.000) & GFR <= 0.000)
",-7.420,-7.420,0.000,1.000,0.000,0,0,2,0,0,2,2,0,0.0,0.0,1.0,0.0,0.0,1.0
"G[0,2](((GFR >= 0.000 & Pt_A1cGoalLevelDsYr5 <= 0.000) & TSH >= 0.000) | UnitsInsBasalOrLongAct >= 0.000)
",9999999.000,9999999.000,0.000,1.000,0.000,0,0,2,0,0,2,2,0,0.0,0.0,1.0,0.0,0.0,1.0
"G[0,2](((Pt_SiblingT1D <= 0.000 | Pt_A1cGoalLev >= 1.690) -> Triglyc >= 0.208) -> BldPrDia >= 0.275)
",9999999.000,9999999.000,0.000,1.000,0.000,0,0,2,0,0,2,2,0,0.0,0.0,1.0,0.0,0.0,1.0
"G[1,2]((BldPrSys <= 113.234 -> Pt_CGMUseNumDays >= 0.147) | HbA1c <= 24.428)
",9999999.000,9999999.000,0.000,1.000,0.000,0,0,2,0,0,2,2,0,0.0,0.0,1.0,0.0,0.0,1.0
"G[0,2]((WeightKg <= 55.948 -> BUN >= 0.000) & WeightKg >= 0.000)
",9999999.000,9999999.000,0.000,1.000,0.000,0,0,2,0,0,2,2,0,0.0,0.0,1.0,0.0,0.0,1.0
"G[1,2](((BUN <= 0.000 & HbA1c >= 7.389) | Pt_MotherT1D <= 7.886) | DirectLDL >= 7.450)
",9999999.000,9999999.000,0.000,1.000,0.000,0,0,2,0,0,2,2,0,0.0,0.0,1.0,0.0,0.0,1.0
"G[0,2](((Pt_A1cGoalLev <= 2.323 -> BUN >= 0.000) | BGTestAvgNumPtRep <= 0.000) & TSH <= 0.000)
",9999999.000,9999999.000,0.000,1.000,0.000,0,0,1,1,1,1,1,1,0.0,0.0,1.0,0.0,0.0,1.0
"G[1,2]((HeightCm <= 161.010 & bmiZscore >= 0.910) | BUN >= 0.865)
",9999999.000,9999999.000,0.000,1.000,0.000,0,0,1,1,1,1,1,1,0.0,0.0,1.0,0.0,0.0,1.0
"G[0,1](AutonomicNeuroCl <= 0.000 & TSH >= 0.093)
",9999999.000,9999999.000,0.000,1.000,0.000,0,0,1,1,1,1,1,1,0.0,0.0,1.0,0.0,0.0,1.0
"G[2,2](bmiPerc <= 0.848 & LDL >= 0.000)
",0.000,0.000,0.000,1.000,0.000,0,0,2,0,0,2,2,0,0.0,0.0,1.0,0.0,0.0,1.0
"G[2,2]((UnitsInsBasalOrLongAct >= 2.130 -> GFR >= 0.000) & Pt_CGMUseNumDays <= 0.000)
",0.000,0.000,0.000,1.000,0.000,0,0,2,0,0,2,2,0,0.0,0.0,1.0,0.0,0.0,1.0
"G[0,1](UnitsInsBasalOrLongAct <= 18.549 & bmiZscore >= 0.903)
",9999999.000,9999999.000,0.000,1.000,0.000,0,0,0,2,2,0,0,2,0.0,0.0,0.0,0.0,0.0,1.0
"G[1,2](((HbA1c >= 7.354 & diabDur <= 7.987) & AutonomicNeuroCl <= 7.560) & Pt_InsGov <= 7.154)
",9999999.000,9999999.000,0.000,1.000,0.000,0,0,1,1,1,1,1,1,0.0,0.0,1.0,0.0,0.0,1.0
"G[0,2](((TSH <= 1.124 -> Pt_InsGov >= 0.000) -> AutonomicNeuroCl >= 0.000) | Pt_DKAFlg >= 0.000)
",9999999.000,9999999.000,0.000,1.000,0.000,0,0,2,0,0,2,2,0,0.0,0.0,1.0,0.0,0.0,1.0
"G[1,2]((WeightKg >= 51.716 -> bmiZscore <= 1.051) | Pt_A1cGoalLev >= 0.927)
",9999999.000,9999999.000,0.000,1.000,0.000,0,0,2,0,0,2,2,0,0.0,0.0,1.0,0.0,0.0,1.0
"G[2,2]((HbA1cImputeDtMnC >= 6.218 & Pt_A1cGoalLev <= 2.336) | diabDur >= 1.423)
",-1.423,-1.423,0.000,1.000,0.000,0,0,2,0,0,2,2,0,0.0,0.0,1.0,0.0,0.0,1.0
"G[0,1](((Pt_InsGov >= 0.000 -> HeightCm <= 159.043) -> BGTestAvgNumMeter >= 157.004) & GFR <= 160.571)
",9999999.000,9999999.000,0.000,1.000,0.000,0,0,1,1,1,1,1,1,0.0,0.0,1.0,0.0,0.0,1.0
"G[1,2](((HbA1cImputeDtMnC <= 12.298 | Pt_GrandchildT1D <= 0.000) -> TotalDailyInsPerKg >= 0.000) & TotChol >= 0.000)
",9999999.000,9999999.000,0.000,1.000,0.000,0,0,2,0,0,2,2,0,0.0,0.0,1.0,0.0,0.0,1.0
"G[0,2](Pt_SiblingT1D >= 0.000 | Pt_ChildT1D >= 0.000)
",9999999.000,9999999.000,0.000,1.000,0.000,0,0,2,0,0,2,2,0,0.0,0.0,1.0,0.0,0.0,1.0
"G[2,2](GFR <= 0.000 | diagAgeCombo <= 2.573)
",2.573,2.573,0.000,1.000,0.000,0,0,2,0,0,2,2,0,0.0,0.0,1.0,0.0,0.0,1.0
"G[1,2](((HbA1cImputeDtMnC <= 20.043 & Pt_FatherT1D >= 0.000) | Pt_GrandchildT1D >= 0.000) -> Pt_ChildT1D <= 0.000)
",9999999.000,9999999.000,0.000,1.000,0.000,0,0,2,0,0,2,2,0,0.0,0.0,1.0,0.0,0.0,1.0
"G[0,2]((HbA1c >= 7.439 & Pt_FatherT1D <= 0.000) -> Pt_SHFlg <= 0.000)
",9999999.000,9999999.000,0.000,1.000,0.000,0,0,2,0,0,2,2,0,0.0,0.0,1.0,0.0,0.0,1.0
"G[0,2](((Pt_CGMUseNumDays >= 5.920 | BGTestAvgNumPtRep <= 0.000) | BldPrDia >= 0.000) -> age <= 0.000)
",9999999.000,9999999.000,0.000,1.000,0.000,0,0,0,2,2,0,0,2,0.0,0.0,0.0,0.0,0.0,1.0
"G[0,2](BGTestAvgNumMeter >= 2.637 -> Pt_SHFlg = 0.000)
",9999999.000,9999999.000,0.000,1.000,0.000,0,0,2,0,0,2,2,0,0.0,0.0,1.0,0.0,0.0,1.0
"G[1,2](TotalDailyInsPerKg <= 0.864 & Pt_SHFlg = 0.000)
",9999999.000,9999999.000,0.000,1.000,0.000,0,0,2,0,0,2,2,0,0.0,0.0,1.0,0.0,0.0,1.0
"G[0,2](Pt_FatherT1D > 0.000 -> Pt_SHFlg = 0.000)
",9999999.000,9999999.000,0.000,1.000,0.000,0,0,2,0,0,2,2,0,0.0,0.0,1.0,0.0,0.0,1.0
"G[1,2](age >= 10.426 & Pt_SHFlg = 0.000)
",9999999.000,9999999.000,0.000,1.000,0.000,0,0,2,0,0,2,2,0,0.0,0.0,1.0,0.0,0.0,1.0
"G[0,2](Pt_SHFlg < 0.000 & Pt_SHFlg = 0.000)
",9999999.000,9999999.000,0.000,1.000,0.000,0,0,0,2,2,0,0,2,0.0,0.0,0.0,0.0,0.0,1.0
"G[1,2](bmiPerc >= 0.828 -> Pt_SHFlg = 0.000)
",9999999.000,9999999.000,0.000,1.000,0.000,0,0,2,0,0,2,2,0,0.0,0.0,1.0,0.0,0.0,1.0
"G[0,2](Pt_GrandchildT1D >= 0.000 & Pt_SHFlg = 0.000)
",9999999.000,9999999.000,0.000,1.000,0.000,0,0,2,0,0,2,2,0,0.0,0.0,1.0,0.0,0.0,1.0
"G[0,1]((diabDur >= 6.151 | HeightCm >= 153.091) & Pt_A1cGoalLevelDsYr5 <= 159.067)
",9999999.000,9999999.000,0.000,1.000,0.000,0,0,1,1,1,1,1,1,0.0,0.0,1.0,0.0,0.0,1.0
"G[1,2](bmi <= 21.622 & TotalDailyInsPerKg <= 0.875)
",9999999.000,9999999.000,0.000,1.000,0.000,0,0,2,0,0,2,2,0,0.0,0.0,1.0,0.0,0.0,1.0
"G[0,1](BldPrDia <= 71.365 & BldPrSys >= 106.610)
",9999999.000,9999999.000,0.000,1.000,0.000,0,0,0,2,2,0,0,2,0.0,0.0,0.0,0.0,0.0,1.0
"G[1,2](((BldPrDia <= 70.756 | Pt_A1cGoalLev <= 6.032) & Pt_ChildT1D <= 3.346) & GFR <= 6.031)
",9999999.000,9999999.000,0.000,1.000,0.000,0,0,2,0,0,2,2,0,0.0,0.0,1.0,0.0,0.0,1.0
"G[0,2]((HeightCm <= 160.722 & WeightKg <= 57.856) -> TSH >= 49.382)
",9999999.000,9999999.000,0.000,1.000,0.000,0,0,1,1,1,1,1,1,0.0,0.0,1.0,0.0,0.0,1.0
"G[0,2](((NumPumpBolusOrShortAct <= 6.957 | UnitsInsBasalOrLongAct >= 5.223) | TotChol >= 12.899) -> Pt_FatherT1D <= 13.467)
",9999999.000,9999999.000,0.000,1.000,0.000,0,0,2,0,0,2,2,0,0.0,0.0,1.0,0.0,0.0,1.0
"G[0,1]((BldPrSys >= 111.698 & HeightCm >= 156.802) | diabDur >= 156.604)
",9999999.000,9999999.000,0.000,1.000,0.000,0,0,1,1,1,1,1,1,0.0,0.0,1.0,0.0,0.0,1.0
"G[0,1](((age >= 10.654 -> HeightCm <= 163.286) & AlbCreatRat_mggNew >= 154.083) & Pt_DKAFlg >= 153.709)
",9999999.000,9999999.000,0.000,1.000,0.000,0,0,0,2,2,0,0,2,0.0,0.0,0.0,0.0,0.0,1.0
"G[0,2]((HbA1cImputeDtMnC >= 7.559 -> Pt_A1cGoalLev <= 2.395) -> AutonomicNeuroCl >= 1.464)
",9999999.000,9999999.000,0.000,1.000,0.000,0,0,0,2,2,0,0,2,0.0,0.0,0.0,0.0,0.0,1.0
"G[0,1](age <= 10.743 & HbA1cImputeDtMnC >= 8.079)
",9999999.000,9999999.000,0.000,1.000,0.000,0,0,0,2,2,0,0,2,0.0,0.0,0.0,0.0,0.0,1.0
"G[1,2](AlbCreatRat_mggNew >= 0.181 | BGTestAvgNumMeter <= 4.881)
",9999999.000,9999999.000,0.000,1.000,0.000,0,0,2,0,0,2,2,0,0.0,0.0,1.0,0.0,0.0,1.0
"G[2,2](((bmiPerc <= 0.871 | TSH <= 0.864) | Pt_DKAFlg <= 1.418) -> Pt_FatherT1D >= 0.179)
",-1.418,-1.418,0.000,1.000,0.000,0,0,2,0,0,2,2,0,0.0,0.0,1.0,0.0,0.0,1.0
"G[0,2](((BldPrDia >= 69.541 | NumPumpBolusOrShortAct <= 9.518) | TotalDailyInsPerKg >= 3.897) & bmiPerc >= 1.276)
",9999999.000,9999999.000,0.000,1.000,0.000,0,0,0,2,2,0,0,2,0.0,0.0,0.0,0.0,0.0,1.0
"G[1,2](AlbCreatRat_mggNew >= 0.575 -> bmiZscore >= 0.984)
",9999999.000,9999999.000,0.000,1.000,0.000,0,0,1,1,1,1,1,1,0.0,0.0,1.0,0.0,0.0,1.0
"G[2,2]((UnitsInsBasalOrLongAct <= 13.885 | WeightKg <= 52.297) & SMBGperDayPtMeterCombo <= 53.108)
",52.297,52.297,0.000,1.000,0.000,0,0,2,0,0,2,2,0,0.0,0.0,1.0,0.0,0.0,1.0
"G[1,2](((BldPrSys <= 113.136 & WeightKg >= 47.061) | TotChol <= 56.677) | SMBGperDayPtMeterCombo <= 56.674)
",9999999.000,9999999.000,0.000,1.000,0.000,0,0,2,0,0,2,2,0,0.0,0.0,1.0,0.0,0.0,1.0
"G[0,1]((Pt_CGMUseNumDays >= 1.124 & WeightKg >= 49.240) & Pt_GrandchildT1D >= 49.296)
",9999999.000,9999999.000,0.000,1.000,0.000,0,0,0,2,2,0,0,2,0.0,0.0,0.0,0.0,0.0,1.0
"G[2,2]((HeightCm >= 156.063 | NumPumpBolusOrShortAct <= 6.577) -> HDL >= 3.287)
",-6.577,-6.577,0.000,1.000,0.000,0,0,2,0,0,2,2,0,0.0,0.0,1.0,0.0,0.0,1.0
"G[0,2](TotalDailyInsPerKg <= 0.871 -> Pt_SHFlg = 0.000)
",9999999.000,9999999.000,0.000,1.000,0.000,0,0,2,0,0,2,2,0,0.0,0.0,1.0,0.0,0.0,1.0
"G[0,2](UnitsInsBasalOrLongAct >= 1.783 -> Pt_SHFlg = 0.000)
",9999999.000,9999999.000,0.000,1.000,0.000,0,0,2,0,0,2,2,0,0.0,0.0,1.0,0.0,0.0,1.0
"G[1,2](WeightKg <= 57.921 & Pt_SHFlg = 0.000)
",9999999.000,9999999.000,0.000,1.000,0.000,0,0,2,0,0,2,2,0,0.0,0.0,1.0,0.0,0.0,1.0
"G[1,2](SMBGperDayPtMeterCombo >= 2.369 & BGTestAvgNumPtRep >= 0.000)
",9999999.000,9999999.000,0.000,1.000,0.000,0,0,2,0,0,2,2,0,0.0,0.0,1.0,0.0,0.0,1.0
"G[1,2]((WeightKg >= 47.600 | bmi >= 20.344) -> UnitsInsBasalOrLongAct <= 18.876)
",9999999.000,9999999.000,0.000,1.000,0.000,0,0,1,1,1,1,1,1,0.0,0.0,1.0,0.0,0.0,1.0
"G[2,2](SMBGperDayPtMeterCombo >= 3.126 & BGTestAvgNumPtRep >= 0.000)
",-3.126,-3.126,0.000,1.000,0.000,0,0,2,0,0,2,2,0,0.0,0.0,1.0,0.0,0.0,1.0
"G[1,2](GFR <= 0.000 -> BUN >= 0.000)
",9999999.000,9999999.000,0.000,1.000,0.000,0,0,2,0,0,2,2,0,0.0,0.0,1.0,0.0,0.0,1.0
"G[1,2]((WeightKg >= 48.743 | bmi >= 20.337) -> UnitsInsBasalOrLongAct <= 15.208)
",9999999.000,9999999.000,0.000,1.000,0.000,0,0,1,1,1,1,1,1,0.0,0.0,1.0,0.0,0.0,1.0
"G[1,2]((WeightKg >= 51.665 | bmi >= 19.940) -> UnitsInsBasalOrLongAct <= 19.036)
",9999999.000,9999999.000,0.000,1.000,0.000,0,0,1,1,1,1,1,1,0.0,0.0,1.0,0.0,0.0,1.0
"G[0,2](GFR <= 0.000 -> BUN >= 0.000)
",9999999.000,9999999.000,0.000,1.000,0.000,0,0,2,0,0,2,2,0,0.0,0.0,1.0,0.0,0.0,1.0
"G[0,2](SMBGperDayPtMeterCombo >= 0.754 & BGTestAvgNumPtRep >= 0.000)
",9999999.000,9999999.000,0.000,1.000,0.000,0,0,1,1,1,1,1,1,0.0,0.0,1.0,0.0,0.0,1.0
"G[0,1]((WeightKg >= 48.063 | bmi >= 20.369) -> UnitsInsBasalOrLongAct <= 18.002)
",9999999.000,9999999.000,0.000,1.000,0.000,0,0,0,2,2,0,0,2,0.0,0.0,0.0,0.0,0.0,1.0
"G[0,1](SMBGperDayPtMeterCombo >= 3.174 & BGTestAvgNumPtRep >= 0.000)
",9999999.000,9999999.000,0.000,1.000,0.000,0,0,1,1,1,1,1,1,0.0,0.0,1.0,0.0,0.0,1.0
"G[2,2](SMBGperDayPtMeterCombo >= 2.771 & BGTestAvgNumPtRep >= 0.000)
",-2.771,-2.771,0.000,1.000,0.000,0,0,2,0,0,2,2,0,0.0,0.0,1.0,0.0,0.0,1.0
"G[1,2]((WeightKg >= 48.210 | bmi >= 20.550) -> UnitsInsBasalOrLongAct <= 13.467)
",9999999.000,9999999.000,0.000,1.000,0.000,0,0,1,1,1,1,1,1,0.0,0.0,1.0,0.0,0.0,1.0
"G[1,2](GFR <= 0.000 -> BUN >= 0.000)
",9999999.000,9999999.000,0.000,1.000,0.000,0,0,2,0,0,2,2,0,0.0,0.0,1.0,0.0,0.0,1.0
"G[0,2](AutonomicNeuroCl > 0.000 & Pt_SHFlg = 0.000)
",9999999.000,9999999.000,0.000,1.000,0.000,0,0,0,2,2,0,0,2,0.0,0.0,0.0,0.0,0.0,1.0
"G[0,1]((WeightKg >= 50.239 | bmi >= 19.978) -> UnitsInsBasalOrLongAct <= 16.424)
",9999999.000,9999999.000,0.000,1.000,0.000,0,0,0,2,2,0,0,2,0.0,0.0,0.0,0.0,0.0,1.0
"G[1,2](SMBGperDayPtMeterCombo >= 1.196 & BGTestAvgNumPtRep >= 0.000)
",9999999.000,9999999.000,0.000,1.000,0.000,0,0,2,0,0,2,2,0,0.0,0.0,1.0,0.0,0.0,1.0
"G[0,2](GFR <= 0.000 -> BUN >= 0.000)
",9999999.000,9999999.000,0.000,1.000,0.000,0,0,2,0,0,2,2,0,0.0,0.0,1.0,0.0,0.0,1.0
"G[0,1]((WeightKg >= 48.650 | bmi >= 20.208) -> UnitsInsBasalOrLongAct <= 18.701)
",9999999.000,9999999.000,0.000,1.000,0.000,0,0,0,2,2,0,0,2,0.0,0.0,0.0,0.0,0.0,1.0
"G[1,2](SMBGperDayPtMeterCombo >= 2.479 & BGTestAvgNumPtRep >= 0.000)
",9999999.000,9999999.000,0.000,1.000,0.000,0,0,2,0,0,2,2,0,0.0,0.0,1.0,0.0,0.0,1.0
"G[0,2](GFR <= 0.000 -> BUN >= 0.000)
",9999999.000,9999999.000,0.000,1.000,0.000,0,0,2,0,0,2,2,0,0.0,0.0,1.0,0.0,0.0,1.0
"G[1,2]((WeightKg >= 51.826 | bmi >= 20.206) -> UnitsInsBasalOrLongAct <= 19.205)
",9999999.000,9999999.000,0.000,1.000,0.000,0,0,2,0,0,2,2,0,0.0,0.0,1.0,0.0,0.0,1.0
"G[2,2](HeightCm >= 156.614 & Pt_SHFlg = 0.000)
",-156.614,-156.614,0.000,1.000,0.000,0,0,2,0,0,2,2,0,0.0,0.0,1.0,0.0,0.0,1.0
"G[1,2](Pt_CGMUseNumDays <= 24.289 -> Pt_SHFlg = 0.000)
",9999999.000,9999999.000,0.000,1.000,0.000,0,0,2,0,0,2,2,0,0.0,0.0,1.0,0.0,0.0,1.0
"G[0,2](Pt_GrandparentT1D >= 0.000 & Pt_SHFlg = 0.000)
",9999999.000,9999999.000,0.000,1.000,0.000,0,0,2,0,0,2,2,0,0.0,0.0,1.0,0.0,0.0,1.0
"G[1,2](Pt_DKAFlg <= 0.000 & Pt_SHFlg = 0.000)
",9999999.000,9999999.000,0.000,1.000,0.000,0,0,2,0,0,2,2,0,0.0,0.0,1.0,0.0,0.0,1.0
"G[1,2](((BldPrDia <= 70.755 | bmi >= 20.465) -> Triglyc <= 21.701) | SMBGperDayPtMeterCombo <= 21.014)
",9999999.000,9999999.000,0.000,1.000,0.000,0,0,2,0,0,2,2,0,0.0,0.0,1.0,0.0,0.0,1.0
"G[1,1](HbA1cImputeDtMnC <= 19.493 & NumPumpBolusOrShortAct <= 9.442)
",9.442,9.442,0.000,1.000,0.000,0,0,1,1,1,1,1,1,0.0,0.0,1.0,0.0,0.0,1.0
"G[1,2]((BldPrDia <= 71.117 & SMBGperDayPtMeterCombo <= 4.143) -> age <= 6.111)
",9999999.000,9999999.000,0.000,1.000,0.000,0,0,2,0,0,2,2,0,0.0,0.0,1.0,0.0,0.0,1.0
"G[2,2](((Pt_SHFlg <= 0.000 & Triglyc >= 0.000) & HeightCm <= 0.000) & Pt_SHFlg <= 0.000)
",0.000,0.000,0.000,1.000,0.000,0,0,2,0,0,2,2,0,0.0,0.0,1.0,0.0,0.0,1.0
"G[0,2](((TotChol <= 0.000 -> DirectLDL <= 0.000) | UnitsInsBasalOrLongAct >= 0.000) -> GFR >= 0.000)
",9999999.000,9999999.000,0.000,1.000,0.000,0,0,2,0,0,2,2,0,0.0,0.0,1.0,0.0,0.0,1.0
"G[0,2](HeightCm >= 156.859 | Pt_DKAFlg <= 0.000)
",9999999.000,9999999.000,0.000,1.000,0.000,0,0,2,0,0,2,2,0,0.0,0.0,1.0,0.0,0.0,1.0
"G[0,2](BGTestAvgNumMeter <= 7.020 | diagAgeCombo <= 2.717)
",9999999.000,9999999.000,0.000,1.000,0.000,0,0,2,0,0,2,2,0,0.0,0.0,1.0,0.0,0.0,1.0
"G[0,2](Pt_GrandparentT1D >= 0.000 | AutonomicNeuroCl >= 0.000)
",9999999.000,9999999.000,0.000,1.000,0.000,0,0,2,0,0,2,2,0,0.0,0.0,1.0,0.0,0.0,1.0
"G[1,1](((GFR <= 0.000 -> AutonomicNeuroCl <= 0.000) & Pt_CGMUseNumDays >= 0.000) & HbA1cImputeDtMnC <= 0.000)
",0.000,0.000,0.000,1.000,0.000,0,0,1,1,1,1,1,1,0.0,0.0,1.0,0.0,0.0,1.0
"G[1,2]((AlbCreatRat_mggNew <= 5.821 | bmiPerc <= 0.887) | Pt_SiblingT1D <= 0.876)
",9999999.000,9999999.000,0.000,1.000,0.000,0,0,2,0,0,2,2,0,0.0,0.0,1.0,0.0,0.0,1.0
"G[0,2](((Pt_InsGov <= 0.000 | Triglyc <= 0.000) | HeightCm >= 0.000) & Triglyc >= 0.000)
",9999999.000,9999999.000,0.000,1.000,0.000,0,0,2,0,0,2,2,0,0.0,0.0,1.0,0.0,0.0,1.0
"G[0,2](((WeightKg >= 47.327 & HbA1c <= 7.868) -> TotChol <= 7.753) -> DirectLDL <= 7.763)
",9999999.000,9999999.000,0.000,1.000,0.000,0,0,2,0,0,2,2,0,0.0,0.0,1.0,0.0,0.0,1.0
"G[2,2](diagAgeCombo <= 1.855 -> Pt_SHFlg >= 0.000)
",-1.855,-1.855,0.000,1.000,0.000,0,0,2,0,0,2,2,0,0.0,0.0,1.0,0.0,0.0,1.0
"G[0,2](Pt_InsGov <= 0.000 | Pt_DKAFlg <= 0.000)
",9999999.000,9999999.000,0.000,1.000,0.000,0,0,2,0,0,2,2,0,0.0,0.0,1.0,0.0,0.0,1.0
"G[1,1](((SMBGperDayPtMeterCombo <= 7.686 & Pt_A1cGoalLev <= 3.568) | BldPrSys >= 0.378) & Pt_GrandparentT1D >= 0.310)
",-0.310,-0.310,0.000,1.000,0.000,0,0,1,1,1,1,1,1,0.0,0.0,1.0,0.0,0.0,1.0
"G[2,2](((diagAgeCombo >= 0.418 -> Pt_SiblingT1D >= 0.000) -> DirectLDL >= 0.000) | DirectLDL >= 0.000)
",0.000,0.000,0.000,1.000,0.000,0,0,2,0,0,2,2,0,0.0,0.0,1.0,0.0,0.0,1.0
"G[0,1](((age <= 10.978 & Pt_A1cGoalLev <= 3.653) & TotChol <= 5.260) & BGTestAvgNumPtRep <= 2.747)
",9999999.000,9999999.000,0.000,1.000,0.000,0,0,0,2,2,0,0,2,0.0,0.0,0.0,0.0,0.0,1.0
"G[0,2](Pt_InsGov >= 0.000 | BldPrSys <= 115.498)
",9999999.000,9999999.000,0.000,1.000,0.000,0,0,2,0,0,2,2,0,0.0,0.0,1.0,0.0,0.0,1.0
"G[0,2](((bmiPerc >= 0.813 & diagAgeCombo <= 1.122) & HbA1cImputeDtMnC >= 0.096) -> LDL <= 2.012)
",9999999.000,9999999.000,0.000,1.000,0.000,0,0,2,0,0,2,2,0,0.0,0.0,1.0,0.0,0.0,1.0
"G[0,2](((TotChol <= 0.000 & HDL <= 0.000) -> Pt_InsGov >= 0.000) | GFR >= 0.000)
",9999999.000,9999999.000,0.000,1.000,0.000,0,0,2,0,0,2,2,0,0.0,0.0,1.0,0.0,0.0,1.0
"G[0,2](((LDL >= 0.000 -> age >= 10.428) | HbA1c <= 10.743) & Triglyc <= 10.940)
",9999999.000,9999999.000,0.000,1.000,0.000,0,0,2,0,0,2,2,0,0.0,0.0,1.0,0.0,0.0,1.0
"G[1,2]((WeightKg >= 50.224 -> DirectLDL <= 0.000) -> BUN <= 0.000)
",9999999.000,9999999.000,0.000,1.000,0.000,0,0,2,0,0,2,2,0,0.0,0.0,1.0,0.0,0.0,1.0
"G[0,1](AutonomicNeuroCl >= 0.000 & BldPrSys >= 110.685)
",9999999.000,9999999.000,0.000,1.000,0.000,0,0,1,1,1,1,1,1,0.0,0.0,1.0,0.0,0.0,1.0
"G[2,2](HeightCm <= 163.159 | TotalDailyInsPerKg >= 0.824)
",163.159,163.159,0.000,1.000,0.000,0,0,2,0,0,2,2,0,0.0,0.0,1.0,0.0,0.0,1.0
"G[0,1](((HbA1cImputeDtMnC <= 13.900 & Pt_FatherT1D <= 0.000) & LDL <= 0.000) -> BldPrSys <= 0.000)
",9999999.000,9999999.000,0.000,1.000,0.000,0,0,1,1,1,1,1,1,0.0,0.0,1.0,0.0,0.0,1.0
"G[1,2](BGTestAvgNumMeter >= 3.052 | GFR >= 0.000)
",9999999.000,9999999.000,0.000,1.000,0.000,0,0,2,0,0,2,2,0,0.0,0.0,1.0,0.0,0.0,1.0
"G[1,1]((Pt_A1cGoalLevelDsYr5 >= 0.000 | Pt_InsGov >= 0.000) & HeightCm <= 0.000)
",0.000,0.000,0.000,1.000,0.000,0,0,1,1,1,1,1,1,0.0,0.0,1.0,0.0,0.0,1.0
"G[0,1](((Pt_ChildT1D >= 0.000 & HeightCm >= 157.349) -> Pt_GrandchildT1D >= 153.536) -> TSH >= 158.598)
",9999999.000,9999999.000,0.000,1.000,0.000,0,0,1,1,1,1,1,1,0.0,0.0,1.0,0.0,0.0,1.0
"G[1,2](((Pt_A1cGoalLev <= 4.798 -> TotalDailyInsPerKg >= 0.851) -> GFR <= 0.861) -> diabDur >= 0.840)
",9999999.000,9999999.000,0.000,1.000,0.000,0,0,2,0,0,2,2,0,0.0,0.0,1.0,0.0,0.0,1.0
"G[1,2](((Pt_SHFlg <= 0.000 | bmiZscore <= 1.238) | BUN <= 1.168) & Pt_SHFlg <= 1.136)
",9999999.000,9999999.000,0.000,1.000,0.000,0,0,2,0,0,2,2,0,0.0,0.0,1.0,0.0,0.0,1.0
"G[0,1](BldPrDia >= 68.021 | TSH >= 0.461)
",9999999.000,9999999.000,0.000,1.000,0.000,0,0,1,1,1,1,1,1,0.0,0.0,1.0,0.0,0.0,1.0
"G[1,2](TotalDailyInsPerKg <= 0.876 & UnitsInsBasalOrLongAct <= 17.041)
",9999999.000,9999999.000,0.000,1.000,0.000,0,0,1,1,1,1,1,1,0.0,0.0,1.0,0.0,0.0,1.0
"G[0,1](((diabDur >= 6.593 -> NumPumpBolusOrShortAct >= 0.302) & Pt_CGMUseNumDays <= 5.809) | Pt_ChildT1D >= 3.534)
",9999999.000,9999999.000,0.000,1.000,0.000,0,0,1,1,1,1,1,1,0.0,0.0,1.0,0.0,0.0,1.0
"G[1,2]((BldPrDia <= 71.354 -> TotalDailyInsPerKg >= 0.837) & Pt_MotherT1D <= 0.907)
",9999999.000,9999999.000,0.000,1.000,0.000,0,0,1,1,1,1,1,1,0.0,0.0,1.0,0.0,0.0,1.0
"G[1,1]((HbA1cImputeDtMnC <= 19.449 -> SMBGperDayPtMeterCombo <= 6.916) | BldPrDia <= 5.177)
",5.177,5.177,0.000,1.000,0.000,0,0,1,1,1,1,1,1,0.0,0.0,1.0,0.0,0.0,1.0
"G[1,2](bmi <= 21.307 -> Pt_A1cGoalLev <= 3.945)
",9999999.000,9999999.000,0.000,1.000,0.000,0,0,2,0,0,2,2,0,0.0,0.0,1.0,0.0,0.0,1.0
"G[0,2](bmi >= 20.024 & diagAgeCombo <= 1.981)
",9999999.000,9999999.000,0.000,1.000,0.000,0,0,1,1,1,1,1,1,0.0,0.0,1.0,0.0,0.0,1.0
"G[0,1]((BGTestAvgNumMeter <= 5.258 -> bmiPerc >= 0.822) & HDL >= 0.842)
",9999999.000,9999999.000,0.000,1.000,0.000,0,0,0,2,2,0,0,2,0.0,0.0,0.0,0.0,0.0,1.0
"G[1,2](((Pt_CGMUseNumDays <= 11.918 | TSH >= 0.465) & bmiZscore >= 0.141) -> BldPrSys <= 1.207)
",9999999.000,9999999.000,0.000,1.000,0.000,0,0,1,1,1,1,1,1,0.0,0.0,1.0,0.0,0.0,1.0
"G[1,1](((bmiPerc >= 0.819 & diabDur <= 7.529) & Pt_InsGov >= 6.686) | HeightCm <= 7.403)
",7.403,7.403,0.000,1.000,0.000,0,0,1,1,1,1,1,1,0.0,0.0,1.0,0.0,0.0,1.0
"G[1,2](((bmiZscore <= 1.073 & HbA1cImputeDtMnC <= 13.913) -> BldPrDia >= 6.680) & Pt_MotherT1D <= 14.248)
",9999999.000,9999999.000,0.000,1.000,0.000,0,0,2,0,0,2,2,0,0.0,0.0,1.0,0.0,0.0,1.0
"G[0,2]((AlbCreatRat_mggNew <= 10.090 & bmi <= 21.401) & diagAgeCombo >= 20.340)
",9999999.000,9999999.000,0.000,1.000,0.000,0,0,0,2,2,0,0,2,0.0,0.0,0.0,0.0,0.0,1.0
"G[0,2](((bmiPerc <= 0.886 -> HbA1cImputeDtMnC >= 8.299) -> AlbCreatRat_mggNew <= 18.765) -> BGTestAvgNumMeter >= 4.361)
",9999999.000,9999999.000,0.000,1.000,0.000,0,0,0,2,2,0,0,2,0.0,0.0,0.0,0.0,0.0,1.0
"G[1,1](((Pt_CGMUseNumDays <= 27.757 | TotalDailyInsPerKg <= 0.864) & Pt_GrandchildT1D >= 0.833) & NumPumpBolusOrShortAct >= 0.842)
",-0.842,-0.842,0.000,1.000,0.000,0,0,1,1,1,1,1,1,0.0,0.0,1.0,0.0,0.0,1.0
"G[1,2]((SMBGperDayPtMeterCombo <= 5.353 | GFR >= 0.000) | bmiPerc <= 0.000)
",9999999.000,9999999.000,0.000,1.000,0.000,0,0,2,0,0,2,2,0,0.0,0.0,1.0,0.0,0.0,1.0
"G[0,1](((diagAgeCombo >= 0.986 -> TotalDailyInsPerKg <= 0.868) | Pt_A1cGoalLevelDsYr5 <= 0.864) -> NumPumpBolusOrShortAct <= 0.890)
",9999999.000,9999999.000,0.000,1.000,0.000,0,0,0,2,2,0,0,2,0.0,0.0,0.0,0.0,0.0,1.0
"G[2,2](((bmiPerc <= 0.859 | HeightCm <= 160.536) | BldPrDia <= 160.442) | HeightCm >= 157.591)
",160.536,160.536,0.000,1.000,0.000,0,0,2,0,0,2,2,0,0.0,0.0,1.0,0.0,0.0,1.0
"G[0,2]((HbA1c <= 7.891 | WeightKg >= 47.898) & Pt_InsGov <= 56.984)
",9999999.000,9999999.000,0.000,1.000,0.000,0,0,1,1,1,1,1,1,0.0,0.0,1.0,0.0,0.0,1.0
"G[2,2](AlbCreatRat_mggNew <= 9.059 | HeightCm >= 156.347)
",9.059,9.059,0.000,1.000,0.000,0,0,2,0,0,2,2,0,0.0,0.0,1.0,0.0,0.0,1.0
"G[0,1](NumPumpBolusOrShortAct <= 7.056 -> TotalDailyInsPerKg >= 0.855)
",9999999.000,9999999.000,0.000,1.000,0.000,0,0,1,1,1,1,1,1,0.0,0.0,1.0,0.0,0.0,1.0
"G[1,1](((AlbCreatRat_mggNew >= 1.441 -> HbA1cImputeDtMnC >= 2.457) & LDL >= 3.779) | GFR >= 0.835)
",-0.835,-0.835,0.000,1.000,0.000,0,0,1,1,1,1,1,1,0.0,0.0,1.0,0.0,0.0,1.0
"G[2,2](((bmi <= 20.976 & SMBGperDayPtMeterCombo >= 3.150) & Pt_DKAFlg >= 3.708) & Pt_FatherT1D <= 6.078)
",-3.708,-3.708,0.000,1.000,0.000,0,0,2,0,0,2,2,0,0.0,0.0,1.0,0.0,0.0,1.0
"G[1,2](((BldPrSys >= 111.863 & bmiPerc >= 0.803) | TSH >= 0.809) & bmiPerc >= 0.809)
",9999999.000,9999999.000,0.000,1.000,0.000,0,0,1,1,1,1,1,1,0.0,0.0,1.0,0.0,0.0,1.0
"G[1,2]((age <= 10.924 -> bmiPerc >= 0.827) -> Pt_A1cGoalLevelDsYr5 <= 0.853)
",9999999.000,9999999.000,0.000,1.000,0.000,0,0,2,0,0,2,2,0,0.0,0.0,1.0,0.0,0.0,1.0
"G[0,2](((AlbCreatRat_mggNew >= 2.727 | diabDur <= 7.593) -> Pt_ChildT1D <= 7.801) & HbA1cImputeDtMnC >= 6.249)
",9999999.000,9999999.000,0.000,1.000,0.000,0,0,1,1,1,1,1,1,0.0,0.0,1.0,0.0,0.0,1.0
"G[0,1]((bmiPerc <= 0.855 & BGTestAvgNumMeter >= 2.384) | Pt_ChildT1D >= 0.437)
",9999999.000,9999999.000,0.000,1.000,0.000,0,0,0,2,2,0,0,2,0.0,0.0,0.0,0.0,0.0,1.0
"G[1,2](((Pt_A1cGoalLev <= 5.404 | Pt_SHFlg <= 0.000) & LDL <= 0.000) | LDL >= 0.000)
",9999999.000,9999999.000,0.000,1.000,0.000,0,0,2,0,0,2,2,0,0.0,0.0,1.0,0.0,0.0,1.0
