Rule,Discrimination Score,Pos Robustness,Neg Robustness,Percent Class +,Percent Class -,TP,TN,FP,FN,Actual Yes,Actual No,Predicted Yes,Predicted No,TPR/Sens,TNR/Spec,FPR,Precision,Accuracy,MCR,Class
"G[0,0]((BGTestAvgNumMeter >= 0.247 & bmi <= 28.600) | LDL >= 26.985)
",0.978,10.753,0.000,1.000,0.000,2,0,0,0,2,0,2,0,1.0,0.0,0.0,1.0,1.0,0.0,1
"G[0,1]((TotalDailyInsPerKg >= 0.397 -> HeightCm >= 177.800) | SMBGperDayPtMeterCombo <= 177.800)
",9999999.000,9999999.000,0.000,1.000,0.000,2,0,0,0,2,0,2,0,1.0,0.0,0.0,1.0,1.0,0.0,1
"G[0,0](GFR <= 0.000 -> BUN >= 0.000)
",-18.333,-82.500,0.000,1.000,0.000,2,0,0,0,2,0,2,0,1.0,0.0,0.0,1.0,1.0,0.0,1
"G[0,1](((bmiPerc >= 0.000 & Pt_SiblingT1D <= 0.000) & diabDur >= 0.000) | UnitsInsBasalOrLongAct <= 0.000)
",9999999.000,9999999.000,0.000,1.000,0.000,2,0,0,0,2,0,2,0,1.0,0.0,0.0,1.0,1.0,0.0,1
"G[0,1](((TSH <= 0.000 & Pt_GrandparentT1D >= 0.000) | Pt_GrandparentT1D >= 0.000) -> Pt_ChildT1D >= 0.000)
",9999999.000,9999999.000,0.000,1.000,0.000,2,0,0,0,2,0,2,0,1.0,0.0,0.0,1.0,1.0,0.0,1
"G[0,1]((Triglyc >= 45.203 & HeightCm <= 177.800) -> HbA1cImputeDtMnC <= 177.800)
",9999999.000,9999999.000,0.000,1.000,0.000,2,0,0,0,2,0,2,0,1.0,0.0,0.0,1.0,1.0,0.0,1
"G[0,1]((BldPrSys >= 142.989 -> Pt_MotherT1D <= 0.000) -> Pt_CGMUseNumDays <= 0.000)
",9999999.000,9999999.000,0.000,1.000,0.000,2,0,0,0,2,0,2,0,1.0,0.0,0.0,1.0,1.0,0.0,1
"G[0,1](((Pt_A1cGoalLevelDsYr5 <= 0.000 -> GFR <= 0.000) | BUN <= 0.000) & Pt_A1cGoalLevelDsYr5 >= 0.000)
",9999999.000,9999999.000,0.000,1.000,0.000,2,0,0,0,2,0,2,0,1.0,0.0,0.0,1.0,1.0,0.0,1
"G[0,0](diabDur <= 2.347 & Pt_SHFlg = 0.000)
",-28.769,-43.153,0.000,1.000,0.000,2,0,0,0,2,0,2,0,1.0,0.0,0.0,1.0,1.0,0.0,1
"G[0,0](BUN <= 0.000 -> Pt_A1cGoalLev >= 0.000)
",-43.000,-43.000,0.000,1.000,0.000,2,0,0,0,2,0,2,0,1.0,0.0,0.0,1.0,1.0,0.0,1
"G[0,1]((Pt_InsGov >= 0.000 & GFR <= 0.000) | diabDur <= 0.000)
",9999999.000,9999999.000,0.000,1.000,0.000,2,0,0,0,2,0,2,0,1.0,0.0,0.0,1.0,1.0,0.0,1
"G[0,0](((Pt_GrandchildT1D <= 0.000 & Pt_ChildT1D <= 0.000) -> Pt_InsGov >= 0.000) -> Pt_GrandparentT1D >= 0.000)
",0.000,0.000,0.000,1.000,0.000,2,0,0,0,2,0,2,0,1.0,0.0,0.0,1.0,1.0,0.0,1
"G[0,1](((BGTestAvgNumMeter >= 2.118 | bmiZscore >= -0.350) -> TSH >= -0.261) & AlbCreatRat_mggNew >= -0.320)
",9999999.000,9999999.000,0.000,1.000,0.000,2,0,0,0,2,0,2,0,1.0,0.0,0.0,1.0,1.0,0.0,1
"G[0,0](SMBGperDayPtMeterCombo >= 3.000 & BGTestAvgNumPtRep >= 0.418)
",2.582,2.582,0.000,1.000,0.000,2,0,0,0,2,0,2,0,1.0,0.0,0.0,1.0,1.0,0.0,1
"G[0,0](Pt_GrandparentT1D >= 0.000 -> Pt_A1cGoalLev <= 0.000)
",0.000,0.000,0.000,1.000,0.000,2,0,0,0,2,0,2,0,1.0,0.0,0.0,1.0,1.0,0.0,1
"G[0,1](((diagAgeCombo >= 43.000 & HbA1c >= 3.732) & Pt_SHFlg <= 4.685) -> NumPumpBolusOrShortAct >= 0.163)
",9999999.000,9999999.000,0.000,1.000,0.000,2,0,0,0,2,0,2,0,1.0,0.0,0.0,1.0,1.0,0.0,1
"G[0,1](((Pt_FatherT1D <= 0.000 -> diagAgeCombo <= 43.000) & HeightCm >= 43.000) | TotalDailyInsPerKg >= 43.000)
",9999999.000,9999999.000,0.000,1.000,0.000,2,0,0,0,2,0,2,0,1.0,0.0,0.0,1.0,1.0,0.0,1
"G[1,1](((HbA1cImputeDtMnC <= 6.323 -> bmiZscore >= -0.239) | LDL <= -0.002) -> HbA1c >= -0.095)
",-0.095,-0.095,0.000,1.000,0.000,2,0,0,0,2,0,2,0,1.0,0.0,0.0,1.0,1.0,0.0,1
"G[1,1](((HDL >= 28.124 | Pt_DKAFlg <= 0.000) | WeightKg >= 0.000) & Pt_GrandparentT1D >= 0.000)
",0.000,0.000,0.000,1.000,0.000,2,0,0,0,2,0,2,0,1.0,0.0,0.0,1.0,1.0,0.0,1
"G[0,1](((Pt_A1cGoalLevelDsYr5 <= 0.000 & TSH <= 0.000) | BGTestAvgNumMeter >= 0.000) | BGTestAvgNumPtRep >= 0.000)
",9999999.000,9999999.000,0.000,1.000,0.000,2,0,0,0,2,0,2,0,1.0,0.0,0.0,1.0,1.0,0.0,1
"G[0,1]((Pt_DKAFlg <= 0.000 & BUN >= 0.000) -> Pt_SHFlg <= 0.000)
",9999999.000,9999999.000,0.000,1.000,0.000,2,0,0,0,2,0,2,0,1.0,0.0,0.0,1.0,1.0,0.0,1
"((DirectLDL <= 0.696) U[1,1] (TotalDailyInsPerKg <= 0.759))
",0.759,0.759,0.000,0.000,1.000,2,0,0,0,2,0,2,0,1.0,0.0,0.0,1.0,1.0,0.0,-1
"G[0,0](HDL <= 45.643 -> Triglyc <= 71.980)
",0.817,7.357,0.000,1.000,0.000,2,0,0,0,2,0,2,0,1.0,0.0,0.0,1.0,1.0,0.0,1
"((BGTestAvgNumMeter >= 1.826) U[0,0] (BGTestAvgNumPtRep <= 2.529))
",0.954,9.852,0.000,0.000,1.000,2,0,0,0,2,0,2,0,1.0,0.0,0.0,1.0,1.0,0.0,-1
"((Pt_GrandchildT1D > 0.000) U[1,1] (Pt_SHFlg = 0.000))
",0.000,0.000,0.000,0.000,1.000,2,0,0,0,2,0,2,0,1.0,0.0,0.0,1.0,1.0,0.0,-1
"F[0,1](((diagAgeCombo >= 43.000 | bmi >= 26.359) -> Pt_InsGov <= 27.877) & GFR >= 26.164)
",-9999999.000,-9999999.000,0.000,0.000,1.000,2,0,0,0,2,0,2,0,1.0,0.0,0.0,1.0,1.0,0.0,-1
"((TotalDailyInsPerKg > 0.618) U[1,1] (Pt_SHFlg = 0.000))
",0.000,0.000,0.000,0.000,1.000,2,0,0,0,2,0,2,0,1.0,0.0,0.0,1.0,1.0,0.0,-1
"((BGTestAvgNumPtRep <= 2.630) U[0,0] (bmiZscore <= -0.060))
",-0.060,-0.060,0.000,0.000,1.000,2,0,0,0,2,0,2,0,1.0,0.0,0.0,1.0,1.0,0.0,-1
"F[1,1](((bmi <= 28.644 | TotChol >= 38.357) | NumPumpBolusOrShortAct <= 107.797) & GFR >= 75.331)
",-75.331,-75.331,0.000,0.000,1.000,2,0,0,0,2,0,2,0,1.0,0.0,0.0,1.0,1.0,0.0,-1
"F[0,0](((Triglyc >= 14.698 | UnitsInsBasalOrLongAct >= 0.036) & Pt_A1cGoalLevelDsYr5 >= 1.520) | BGTestAvgNumPtRep >= 7.012)
",-1.520,-1.520,0.000,0.000,1.000,2,0,0,0,2,0,2,0,1.0,0.0,0.0,1.0,1.0,0.0,-1
"F[0,1](((BldPrSys <= 153.080 & diabDur >= 1.372) -> Pt_A1cGoalLev <= 2.999) -> Pt_CGMUseNumDays >= 1.251)
",-9999999.000,-9999999.000,0.000,0.000,1.000,2,0,0,0,2,0,2,0,1.0,0.0,0.0,1.0,1.0,0.0,-1
"F[0,1](((Pt_SiblingT1D <= 0.000 | BGTestAvgNumMeter >= 0.116) -> Pt_A1cGoalLevelDsYr5 >= 0.292) | Pt_SHFlg >= 1.357)
",-9999999.000,-9999999.000,0.000,0.000,1.000,2,0,0,0,2,0,2,0,1.0,0.0,0.0,1.0,1.0,0.0,-1
"((HeightCm > 177.800) U[1,2] (Pt_SHFlg = 0.000))
",-9999999.000,-9999999.000,0.000,0.000,1.000,2,0,0,0,2,0,2,0,1.0,0.0,0.0,1.0,1.0,0.0,-1
"((TSH < 0.000) U[1,2] (Pt_SHFlg = 0.000))
",-9999999.000,-9999999.000,0.000,0.000,1.000,2,0,0,0,2,0,2,0,1.0,0.0,0.0,1.0,1.0,0.0,-1
"F[1,1]((Triglyc <= 77.159 & TotalDailyInsPerKg >= 0.629) | BGTestAvgNumMeter <= 0.977)
",0.977,0.977,0.000,0.000,1.000,2,0,0,0,2,0,2,0,1.0,0.0,0.0,1.0,1.0,0.0,-1
"F[1,1](((DirectLDL >= 0.287 -> Pt_MotherT1D >= 0.000) & AlbCreatRat_mggNew >= 0.000) & age <= 0.000)
",0.000,0.000,0.000,0.000,1.000,2,0,0,0,2,0,2,0,1.0,0.0,0.0,1.0,1.0,0.0,-1
"F[0,1](((Pt_A1cGoalLevelDsYr5 <= 0.000 | TotChol >= 90.358) | bmi >= 75.792) & TotalDailyInsPerKg >= 72.703)
",-9999999.000,-9999999.000,0.000,0.000,1.000,2,0,0,0,2,0,2,0,1.0,0.0,0.0,1.0,1.0,0.0,-1
"((BGTestAvgNumMeter >= 0.147) U[0,0] (BGTestAvgNumPtRep <= 2.631))
",0.987,10.853,0.000,0.000,1.000,2,0,0,0,2,0,2,0,1.0,0.0,0.0,1.0,1.0,0.0,-1
"F[0,0](((WeightKg >= 83.194 | HeightCm >= 177.800) & HDL <= 177.800) -> TotChol >= 177.800)
",80.194,80.194,0.000,0.000,1.000,2,0,0,0,2,0,2,0,1.0,0.0,0.0,1.0,1.0,0.0,-1
"F[0,0](((NumPumpBolusOrShortAct <= 12.039 | Pt_InsGov <= 0.000) | SMBGperDayPtMeterCombo >= 0.000) -> HeightCm <= 0.000)
",-32.333,-97.000,0.000,0.000,1.000,2,0,0,0,2,0,2,0,1.0,0.0,0.0,1.0,1.0,0.0,-1
"F[0,0](((BldPrDia <= 94.351 -> AlbCreatRat_mggNew <= 11.289) | HbA1c <= 9.084) & TSH >= 8.605)
",-4.736,-7.105,0.000,0.000,1.000,2,0,0,0,2,0,2,0,1.0,0.0,0.0,1.0,1.0,0.0,-1
"G[0,1]((Pt_A1cGoalLevelDsYr5 <= 0.000 | TotChol >= 34.453) & age <= 129.433)
",9999999.000,9999999.000,0.000,1.000,0.000,2,0,0,0,2,0,2,0,1.0,0.0,0.0,1.0,1.0,0.0,1
"G[0,1](GFR <= 0.000 -> BUN >= 0.000)
",9999999.000,9999999.000,0.000,1.000,0.000,2,0,0,0,2,0,2,0,1.0,0.0,0.0,1.0,1.0,0.0,1
"G[1,1](Triglyc >= 45.756 | SMBGperDayPtMeterCombo >= 3.000)
",-3.000,-3.000,0.000,1.000,0.000,2,0,0,0,2,0,2,0,1.0,0.0,0.0,1.0,1.0,0.0,1
"G[0,1](AlbCreatRat_mggNew >= 8.111 -> SMBGperDayPtMeterCombo >= 3.000)
",9999999.000,9999999.000,0.000,1.000,0.000,2,0,0,0,2,0,2,0,1.0,0.0,0.0,1.0,1.0,0.0,1
"G[1,1](((BGTestAvgNumPtRep >= 1.158 & Pt_InsGov >= 0.000) -> Pt_DKAFlg <= 0.000) & TotChol >= 0.000)
",0.000,0.000,0.000,1.000,0.000,2,0,0,0,2,0,2,0,1.0,0.0,0.0,1.0,1.0,0.0,1
"G[0,1](((Pt_InsGov <= 0.000 | diagAgeCombo >= 43.000) -> Pt_MotherT1D >= 43.000) | HbA1cImputeDtMnC <= 43.000)
",9999999.000,9999999.000,0.000,1.000,0.000,2,0,0,0,2,0,2,0,1.0,0.0,0.0,1.0,1.0,0.0,1
"G[0,1]((Pt_ChildT1D <= 0.000 -> HbA1cImputeDtMnC >= 2.063) -> BldPrSys >= 0.261)
",9999999.000,9999999.000,0.000,1.000,0.000,2,0,0,0,2,0,2,0,1.0,0.0,0.0,1.0,1.0,0.0,1
"G[0,1]((age >= 44.288 & LDL <= 55.447) -> LDL <= 41.299)
",9999999.000,9999999.000,0.000,1.000,0.000,2,0,0,0,2,0,2,0,1.0,0.0,0.0,1.0,1.0,0.0,1
"G[0,1](bmi <= 28.209 | Pt_SiblingT1D <= 0.000)
",9999999.000,9999999.000,0.000,1.000,0.000,2,0,0,0,2,0,2,0,1.0,0.0,0.0,1.0,1.0,0.0,1
"G[0,1](BUN <= 0.000 & Pt_SHFlg = 0.000)
",9999999.000,9999999.000,0.000,1.000,0.000,2,0,0,0,2,0,2,0,1.0,0.0,0.0,1.0,1.0,0.0,1
"G[0,1](BldPrSys >= 143.051 | Pt_DKAFlg >= 0.000)
",9999999.000,9999999.000,0.000,1.000,0.000,2,0,0,0,2,0,2,0,1.0,0.0,0.0,1.0,1.0,0.0,1
"G[0,0]((AlbCreatRat_mggNew <= 8.826 & BldPrDia <= 99.083) -> Pt_ChildT1D <= 92.295)
",-92.295,-92.295,0.000,1.000,0.000,2,0,0,0,2,0,2,0,1.0,0.0,0.0,1.0,1.0,0.0,1
"G[0,0]((TSH >= 0.000 | Pt_CGMUseNumDays >= 0.000) | Pt_FatherT1D >= 0.000)
",2763.000,2763.000,0.000,1.000,0.000,2,0,0,0,2,0,2,0,1.0,0.0,0.0,1.0,1.0,0.0,1
"G[1,1](((AutonomicNeuroCl <= 0.000 & Pt_SHFlg >= 0.000) -> diagAgeCombo >= 0.000) -> DirectLDL >= 0.000)
",0.000,0.000,0.000,1.000,0.000,2,0,0,0,2,0,2,0,1.0,0.0,0.0,1.0,1.0,0.0,1
"G[0,1](diabDur <= 1.685 -> Pt_SHFlg = 0.000)
",9999999.000,9999999.000,0.000,1.000,0.000,2,0,0,0,2,0,2,0,1.0,0.0,0.0,1.0,1.0,0.0,1
"G[1,1](((TotChol <= 146.835 & Triglyc <= 92.394) & NumPumpBolusOrShortAct >= 32.832) | WeightKg <= 91.081)
",91.081,91.081,0.000,1.000,0.000,2,0,0,0,2,0,2,0,1.0,0.0,0.0,1.0,1.0,0.0,1
"G[0,1](((BGTestAvgNumPtRep >= 1.769 | age >= 43.279) | BGTestAvgNumPtRep <= 46.720) | Triglyc <= 46.179)
",9999999.000,9999999.000,0.000,1.000,0.000,2,0,0,0,2,0,2,0,1.0,0.0,0.0,1.0,1.0,0.0,1
"G[0,1]((BGTestAvgNumMeter <= 2.382 & BldPrDia >= 83.767) -> AlbCreatRat_mggNew >= 86.306)
",9999999.000,9999999.000,0.000,1.000,0.000,2,0,0,0,2,0,2,0,1.0,0.0,0.0,1.0,1.0,0.0,1
"G[0,0](((HbA1cImputeDtMnC <= 10.006 | TotChol >= 79.017) -> Pt_CGMUseNumDays >= 42.400) | AlbCreatRat_mggNew <= 144.888)
",144.888,144.888,0.000,1.000,0.000,2,0,0,0,2,0,2,0,1.0,0.0,0.0,1.0,1.0,0.0,1
"G[0,1]((diagAgeCombo >= 43.000 -> Pt_DKAFlg <= 0.000) -> AutonomicNeuroCl >= 0.000)
",9999999.000,9999999.000,0.000,1.000,0.000,2,0,0,0,2,0,2,0,1.0,0.0,0.0,1.0,1.0,0.0,1
"G[0,1](((age >= 44.373 -> BldPrDia <= 93.982) -> LDL <= 99.005) -> TotalDailyInsPerKg <= 96.762)
",9999999.000,9999999.000,0.000,1.000,0.000,2,0,0,0,2,0,2,0,1.0,0.0,0.0,1.0,1.0,0.0,1
"G[1,1]((HbA1cImputeDtMnC <= 8.402 | NumPumpBolusOrShortAct >= 3.906) & GFR <= 17.704)
",8.402,8.402,0.000,1.000,0.000,2,0,0,0,2,0,2,0,1.0,0.0,0.0,1.0,1.0,0.0,1
"G[1,1](HDL <= 66.381 -> TotalDailyInsPerKg >= 0.573)
",-66.381,-66.381,0.000,1.000,0.000,2,0,0,0,2,0,2,0,1.0,0.0,0.0,1.0,1.0,0.0,1
"F[0,0]((AlbCreatRat_mggNew <= 11.731 -> DirectLDL >= 0.134) & TSH >= 0.345)
",-177.666,-177.666,0.000,0.000,1.000,2,0,0,0,2,0,2,0,1.0,0.0,0.0,1.0,1.0,0.0,-1
"G[0,1](Pt_InsGov <= 0.000 & Pt_ChildT1D >= 0.000)
",9999999.000,9999999.000,0.000,1.000,0.000,2,0,0,0,2,0,2,0,1.0,0.0,0.0,1.0,1.0,0.0,1
"G[0,1](((Pt_SiblingT1D >= 0.000 -> DirectLDL >= 0.288) | SMBGperDayPtMeterCombo >= 0.031) | HbA1cImputeDtMnC >= 0.201)
",9999999.000,9999999.000,0.000,1.000,0.000,2,0,0,0,2,0,2,0,1.0,0.0,0.0,1.0,1.0,0.0,1
"G[1,1](BldPrDia <= 93.815 -> BldPrSys >= 148.462)
",-93.815,-93.815,0.000,1.000,0.000,2,0,0,0,2,0,2,0,1.0,0.0,0.0,1.0,1.0,0.0,1
"G[1,1](((Pt_GrandchildT1D <= 0.000 & HeightCm >= 177.800) & NumPumpBolusOrShortAct <= 177.800) | BGTestAvgNumPtRep >= 177.800)
",-177.800,-177.800,0.000,1.000,0.000,2,0,0,0,2,0,2,0,1.0,0.0,0.0,1.0,1.0,0.0,1
"G[1,1](((Pt_DKAFlg >= 0.000 | BUN >= 0.000) | bmiZscore >= 0.000) | BldPrSys >= 0.000)
",0.000,0.000,0.000,1.000,0.000,2,0,0,0,2,0,2,0,1.0,0.0,0.0,1.0,1.0,0.0,1
"G[0,1](Pt_DKAFlg >= 0.000 & Pt_GrandchildT1D >= 0.000)
",9999999.000,9999999.000,0.000,1.000,0.000,2,0,0,0,2,0,2,0,1.0,0.0,0.0,1.0,1.0,0.0,1
"G[0,0](((DirectLDL <= 0.790 -> HDL <= 68.838) | HDL >= 0.477) | Triglyc >= 44.897)
",4.813,74.603,0.000,1.000,0.000,2,0,0,0,2,0,2,0,1.0,0.0,0.0,1.0,1.0,0.0,1
"G[1,1](((Pt_CGMUseNumDays <= 0.000 & HbA1cImputeDtMnC <= 11.222) & SMBGperDayPtMeterCombo <= 4.291) | BGTestAvgNumPtRep <= 10.004)
",10.004,10.004,0.000,1.000,0.000,2,0,0,0,2,0,2,0,1.0,0.0,0.0,1.0,1.0,0.0,1
"G[0,0]((HbA1cImputeDtMnC >= 1.842 -> Pt_MotherT1D <= 0.000) | Pt_MotherT1D <= 0.000)
",0.000,0.000,0.000,1.000,0.000,2,0,0,0,2,0,2,0,1.0,0.0,0.0,1.0,1.0,0.0,1
"G[0,1]((LDL >= 2.953 | HDL <= 51.740) | TotalDailyInsPerKg >= 8.068)
",9999999.000,9999999.000,0.000,1.000,0.000,2,0,0,0,2,0,2,0,1.0,0.0,0.0,1.0,1.0,0.0,1
"G[0,0]((BGTestAvgNumMeter >= 1.876 | DirectLDL >= 0.473) -> TotalDailyInsPerKg <= 0.816)
",-177.327,-177.327,0.000,1.000,0.000,2,0,0,0,2,0,2,0,1.0,0.0,0.0,1.0,1.0,0.0,1
"G[1,1](((Pt_CGMUseNumDays <= 0.000 & DirectLDL <= 0.713) | GFR >= 0.293) -> SMBGperDayPtMeterCombo <= 0.914)
",-0.914,-0.914,0.000,1.000,0.000,2,0,0,0,2,0,2,0,1.0,0.0,0.0,1.0,1.0,0.0,1
"G[0,1](((LDL <= 51.808 | LDL <= 60.909) -> BUN >= 17.838) | bmiPerc <= 48.437)
",9999999.000,9999999.000,0.000,1.000,0.000,2,0,0,0,2,0,2,0,1.0,0.0,0.0,1.0,1.0,0.0,1
"G[0,1](((GFR <= 0.000 | SMBGperDayPtMeterCombo >= 3.000) & DirectLDL <= 3.000) & Pt_A1cGoalLev <= 3.000)
",9999999.000,9999999.000,0.000,1.000,0.000,2,0,0,0,2,0,2,0,1.0,0.0,0.0,1.0,1.0,0.0,1
"G[0,1](((HeightCm <= 177.800 & Pt_FatherT1D <= 0.000) -> bmiPerc >= 0.000) -> Pt_GrandchildT1D <= 0.000)
",9999999.000,9999999.000,0.000,1.000,0.000,2,0,0,0,2,0,2,0,1.0,0.0,0.0,1.0,1.0,0.0,1
"G[0,1](GFR <= 0.000 -> BUN >= 0.000)
",9999999.000,9999999.000,0.000,1.000,0.000,2,0,0,0,2,0,2,0,1.0,0.0,0.0,1.0,1.0,0.0,1
"G[0,1](HbA1cImputeDtMnC < 6.331 -> Pt_SHFlg = 0.000)
",9999999.000,9999999.000,0.000,1.000,0.000,2,0,0,0,2,0,2,0,1.0,0.0,0.0,1.0,1.0,0.0,1
"G[0,1](GFR <= 0.000 -> BUN >= 0.000)
",9999999.000,9999999.000,0.000,1.000,0.000,2,0,0,0,2,0,2,0,1.0,0.0,0.0,1.0,1.0,0.0,1
"G[1,1](Pt_FatherT1D <= 0.000 & SMBGperDayPtMeterCombo <= 3.000)
",0.000,0.000,0.000,1.000,0.000,2,0,0,0,2,0,2,0,1.0,0.0,0.0,1.0,1.0,0.0,1
"G[1,1](AutonomicNeuroCl >= 0.000 & Pt_CGMUseNumDays <= 0.000)
",0.000,0.000,0.000,1.000,0.000,2,0,0,0,2,0,2,0,1.0,0.0,0.0,1.0,1.0,0.0,1
"((bmiZscore <= -0.086) U[0,0] (diabDur >= 1.368))
",29.422,44.132,0.000,0.000,1.000,1,0,0,1,2,0,1,1,0.5,0.0,0.0,1.0,0.5,0.5,-1
"((BldPrSys <= 152.296) U[1,1] (LDL >= 19.503))
",152.296,152.296,0.000,0.000,1.000,1,0,0,1,2,0,1,1,0.5,0.0,0.0,1.0,0.5,0.5,-1
"((Pt_GrandparentT1D <= 0.000) U[0,1] (BGTestAvgNumPtRep <= 2.940))
",-9999999.000,-9999999.000,0.000,0.000,1.000,1,0,0,1,2,0,1,1,0.5,0.0,0.0,1.0,0.5,0.5,-1
"F[0,1](((DirectLDL <= 0.771 -> LDL >= 38.248) -> LDL <= 55.016) -> AutonomicNeuroCl >= 19.604)
",-9999999.000,-9999999.000,0.000,0.000,1.000,1,0,0,1,2,0,1,1,0.5,0.0,0.0,1.0,0.5,0.5,-1
"F[1,1](BldPrSys >= 141.769 & NumPumpBolusOrShortAct <= 10.400)
",-141.769,-141.769,0.000,0.000,1.000,1,0,0,1,2,0,1,1,0.5,0.0,0.0,1.0,0.5,0.5,-1
"((BGTestAvgNumMeter >= 0.044) U[0,1] (BGTestAvgNumPtRep <= 2.945))
",-9999999.000,-9999999.000,0.000,0.000,1.000,1,0,0,1,2,0,1,1,0.5,0.0,0.0,1.0,0.5,0.5,-1
"F[0,0](((BGTestAvgNumPtRep >= 1.025 | LDL <= 41.930) | GFR >= 20.126) -> Triglyc <= 51.104)
",-254.738,-40.870,0.000,0.000,1.000,1,0,0,1,2,0,1,1,0.5,0.0,0.0,1.0,0.5,0.5,-1
"F[0,0](((HbA1c <= 6.822 | HDL <= 49.072) -> HeightCm <= 53.343) -> bmiZscore >= 31.504)
",6.822,6.822,0.000,0.000,1.000,1,0,0,1,2,0,1,1,0.5,0.0,0.0,1.0,0.5,0.5,-1
"((AlbCreatRat_mggNew <= 10.794) U[1,2] (BGTestAvgNumMeter >= 1.100))
",-9999999.000,-9999999.000,0.000,0.000,1.000,1,0,0,1,2,0,1,1,0.5,0.0,0.0,1.0,0.5,0.5,-1
"F[0,1](((AlbCreatRat_mggNew <= 10.819 -> NumPumpBolusOrShortAct >= 1.503) -> NumPumpBolusOrShortAct <= 15.622) -> BGTestAvgNumMeter >= 5.848)
",-9999999.000,-9999999.000,0.000,0.000,1.000,1,0,0,1,2,0,1,1,0.5,0.0,0.0,1.0,0.5,0.5,-1
"((BldPrDia >= 84.377) U[1,2] (DirectLDL >= 0.044))
",-9999999.000,-9999999.000,0.000,0.000,1.000,1,0,0,1,2,0,1,1,0.5,0.0,0.0,1.0,0.5,0.5,-1
"F[0,1](AlbCreatRat_mggNew >= 8.522 & Triglyc <= 84.292)
",-9999999.000,-9999999.000,0.000,0.000,1.000,1,0,0,1,2,0,1,1,0.5,0.0,0.0,1.0,0.5,0.5,-1
"((AlbCreatRat_mggNew <= 11.373) U[1,1] (bmi <= 28.315))
",28.315,28.315,0.000,0.000,1.000,1,0,0,1,2,0,1,1,0.5,0.0,0.0,1.0,0.5,0.5,-1
"((BGTestAvgNumMeter >= 1.185) U[0,1] (BGTestAvgNumPtRep <= 2.561))
",-9999999.000,-9999999.000,0.000,0.000,1.000,1,0,0,1,2,0,1,1,0.5,0.0,0.0,1.0,0.5,0.5,-1
"((BGTestAvgNumPtRep <= 2.501) U[0,1] (HbA1c <= 6.528))
",-9999999.000,-9999999.000,0.000,0.000,1.000,1,0,0,1,2,0,1,1,0.5,0.0,0.0,1.0,0.5,0.5,-1
"F[0,1](diabDur > 1.268 & Pt_SHFlg = 0.000)
",-9999999.000,-9999999.000,0.000,0.000,1.000,1,0,0,1,2,0,1,1,0.5,0.0,0.0,1.0,0.5,0.5,-1
"F[0,0]((Pt_InsGov <= 0.000 -> BGTestAvgNumMeter >= 2.219) -> Pt_CGMUseNumDays >= 0.383)
",-2762.617,-2762.617,0.000,0.000,1.000,1,0,0,1,2,0,1,1,0.5,0.0,0.0,1.0,0.5,0.5,-1
"F[0,0](LDL <= 54.929 -> Triglyc >= 28.065)
",-5.899,-91.435,0.000,0.000,1.000,1,0,0,1,2,0,1,1,0.5,0.0,0.0,1.0,0.5,0.5,-1
"((BGTestAvgNumMeter < 2.979) U[1,2] (Pt_SHFlg = 0.000))
",-9999999.000,-9999999.000,0.000,0.000,1.000,1,0,0,1,2,0,1,1,0.5,0.0,0.0,1.0,0.5,0.5,-1
"((diabDur >= 1.124) U[1,2] (NumPumpBolusOrShortAct >= 2.386))
",-9999999.000,-9999999.000,0.000,0.000,1.000,1,0,0,1,2,0,1,1,0.5,0.0,0.0,1.0,0.5,0.5,-1
"((BldPrSys >= 148.298) U[1,2] (HbA1c >= 0.552))
",-9999999.000,-9999999.000,0.000,0.000,1.000,1,0,0,1,2,0,1,1,0.5,0.0,0.0,1.0,0.5,0.5,-1
"F[1,1](((age >= 44.642 | HbA1cImputeDtMnC >= 0.951) & UnitsInsBasalOrLongAct <= 8.512) & DirectLDL <= 8.697)
",-0.951,-0.951,0.000,0.000,1.000,1,0,0,1,2,0,1,1,0.5,0.0,0.0,1.0,0.5,0.5,-1
"((TotalDailyInsPerKg <= 1.064) U[0,0] (BGTestAvgNumMeter <= 2.676))
",1.049,1.370,0.000,0.000,1.000,1,0,0,1,2,0,1,1,0.5,0.0,0.0,1.0,0.5,0.5,-1
"((diabDur <= 2.193) U[0,0] (NumPumpBolusOrShortAct <= 8.203))
",8.203,8.203,0.000,0.000,1.000,1,0,0,1,2,0,1,1,0.5,0.0,0.0,1.0,0.5,0.5,-1
"((BldPrSys <= 154.986) U[0,0] (bmiZscore <= 0.038))
",154.986,154.986,0.000,0.000,1.000,1,0,0,1,2,0,1,1,0.5,0.0,0.0,1.0,0.5,0.5,-1
"F[0,1]((BldPrSys <= 156.877 & bmi >= 26.425) & GFR <= 28.811)
",-9999999.000,-9999999.000,0.000,0.000,1.000,1,0,0,1,2,0,1,1,0.5,0.0,0.0,1.0,0.5,0.5,-1
"F[0,1](HbA1c <= 5.428 & TotalDailyInsPerKg <= 1.058)
",-9999999.000,-9999999.000,0.000,0.000,1.000,1,0,0,1,2,0,1,1,0.5,0.0,0.0,1.0,0.5,0.5,-1
"((TotChol >= 81.992) U[1,1] (NumPumpBolusOrShortAct >= 0.471))
",-0.471,-0.471,0.000,0.000,1.000,1,0,0,1,2,0,1,1,0.5,0.0,0.0,1.0,0.5,0.5,-1
"F[0,0](((bmi >= 26.904 -> HbA1cImputeDtMnC >= 0.988) -> Pt_FatherT1D >= 1.003) & BGTestAvgNumMeter >= 2.166)
",-0.367,-0.582,0.000,0.000,1.000,1,0,0,1,2,0,1,1,0.5,0.0,0.0,1.0,0.5,0.5,-1
"((HbA1cImputeDtMnC >= 0.119) U[0,1] (WeightKg <= 88.836))
",-9999999.000,-9999999.000,0.000,0.000,1.000,1,0,0,1,2,0,1,1,0.5,0.0,0.0,1.0,0.5,0.5,-1
"((BldPrDia <= 94.056) U[1,1] (UnitsInsBasalOrLongAct >= 7.535))
",94.056,94.056,0.000,0.000,1.000,1,0,0,1,2,0,1,1,0.5,0.0,0.0,1.0,0.5,0.5,-1
"((bmi <= 28.720) U[1,2] (HbA1c >= 1.358))
",-9999999.000,-9999999.000,0.000,0.000,1.000,1,0,0,1,2,0,1,1,0.5,0.0,0.0,1.0,0.5,0.5,-1
"F[1,1]((Pt_ChildT1D <= 0.000 -> AlbCreatRat_mggNew <= 9.341) & Triglyc >= 6.554)
",-9.341,-9.341,0.000,0.000,1.000,1,0,0,1,2,0,1,1,0.5,0.0,0.0,1.0,0.5,0.5,-1
"((HDL >= 44.239) U[1,1] (BUN >= 0.000))
",0.000,0.000,0.000,0.000,1.000,1,0,0,1,2,0,1,1,0.5,0.0,0.0,1.0,0.5,0.5,-1
"((Pt_CGMUseNumDays <= 0.000) U[1,1] (bmiZscore >= -0.246))
",0.246,0.246,0.000,0.000,1.000,1,0,0,1,2,0,1,1,0.5,0.0,0.0,1.0,0.5,0.5,-1
"F[1,1]((age <= 46.764 & Pt_GrandparentT1D <= 0.000) & AlbCreatRat_mggNew >= 0.000)
",0.000,0.000,0.000,0.000,1.000,1,0,0,1,2,0,1,1,0.5,0.0,0.0,1.0,0.5,0.5,-1
"F[0,1](((Pt_SiblingT1D >= 0.000 -> HbA1cImputeDtMnC >= 0.245) | Pt_GrandchildT1D >= 0.837) & bmiZscore <= 8.768)
",-9999999.000,-9999999.000,0.000,0.000,1.000,1,0,0,1,2,0,1,1,0.5,0.0,0.0,1.0,0.5,0.5,-1
"F[0,0](((diabDur >= 0.957 | BUN <= 0.000) -> Triglyc >= 0.000) & diabDur <= 0.000)
",-7.710,-119.500,0.000,0.000,1.000,1,0,0,1,2,0,1,1,0.5,0.0,0.0,1.0,0.5,0.5,-1
"F[0,1](((Pt_CGMUseNumDays <= 0.000 & bmiZscore <= 0.001) & Pt_A1cGoalLevelDsYr5 >= -0.225) -> bmi <= -0.085)
",-9999999.000,-9999999.000,0.000,0.000,1.000,1,0,0,1,2,0,1,1,0.5,0.0,0.0,1.0,0.5,0.5,-1
"F[0,1](((BGTestAvgNumPtRep >= 0.702 & TotChol <= 103.664) -> Pt_SHFlg >= 42.868) -> NumPumpBolusOrShortAct >= 68.693)
",-9999999.000,-9999999.000,0.000,0.000,1.000,1,0,0,1,2,0,1,1,0.5,0.0,0.0,1.0,0.5,0.5,-1
"F[1,1](((TotalDailyInsPerKg >= 0.398 & TotChol <= 111.496) & BldPrSys >= 35.413) | Pt_GrandchildT1D >= 30.740)
",-30.740,-30.740,0.000,0.000,1.000,1,0,0,1,2,0,1,1,0.5,0.0,0.0,1.0,0.5,0.5,-1
"((UnitsInsBasalOrLongAct <= 14.068) U[0,1] (BGTestAvgNumMeter <= 2.843))
",-9999999.000,-9999999.000,0.000,0.000,1.000,1,0,0,1,2,0,1,1,0.5,0.0,0.0,1.0,0.5,0.5,-1
"((HDL <= 69.400) U[1,2] (Pt_GrandchildT1D <= 0.000))
",-9999999.000,-9999999.000,0.000,0.000,1.000,1,0,0,1,2,0,1,1,0.5,0.0,0.0,1.0,0.5,0.5,-1
"((age >= 43.761) U[0,0] (WeightKg <= 90.918))
",87.918,87.918,0.000,0.000,1.000,1,0,0,1,2,0,1,1,0.5,0.0,0.0,1.0,0.5,0.5,-1
"G[1,1](UnitsInsBasalOrLongAct >= 0.220 & Pt_GrandchildT1D <= 0.000)
",-0.220,-0.220,0.000,1.000,0.000,1,0,0,1,2,0,1,1,0.5,0.0,0.0,1.0,0.5,0.5,1
"G[0,1]((HbA1c >= 2.399 | Triglyc <= 85.841) | Pt_InsGov >= 20.911)
",9999999.000,9999999.000,0.000,1.000,0.000,1,0,0,1,2,0,1,1,0.5,0.0,0.0,1.0,0.5,0.5,1
"G[0,1]((diabDur >= 0.580 -> DirectLDL >= 0.299) -> HbA1cImputeDtMnC <= 0.677)
",9999999.000,9999999.000,0.000,1.000,0.000,1,0,0,1,2,0,1,1,0.5,0.0,0.0,1.0,0.5,0.5,1
"G[0,1]((bmi <= 28.226 | HDL <= 70.211) | Pt_ChildT1D >= 30.148)
",9999999.000,9999999.000,0.000,1.000,0.000,1,0,0,1,2,0,1,1,0.5,0.0,0.0,1.0,0.5,0.5,1
"G[0,1]((HbA1cImputeDtMnC <= 9.485 & BldPrDia >= 83.285) -> Pt_DKAFlg >= 90.196)
",9999999.000,9999999.000,0.000,1.000,0.000,1,0,0,1,2,0,1,1,0.5,0.0,0.0,1.0,0.5,0.5,1
"G[0,0]((BldPrSys <= 151.979 | bmiPerc >= 0.000) & Triglyc <= 0.000)
",-7.710,-119.500,0.000,1.000,0.000,1,0,0,1,2,0,1,1,0.5,0.0,0.0,1.0,0.5,0.5,1
"G[0,1](AlbCreatRat_mggNew <= 9.316 | HDL >= 26.110)
",9999999.000,9999999.000,0.000,1.000,0.000,1,0,0,1,2,0,1,1,0.5,0.0,0.0,1.0,0.5,0.5,1
"G[1,1](AutonomicNeuroCl <= 0.000 -> LDL <= 60.948)
",-60.948,-60.948,0.000,1.000,0.000,1,0,0,1,2,0,1,1,0.5,0.0,0.0,1.0,0.5,0.5,1
"G[1,1](((NumPumpBolusOrShortAct >= 4.321 -> Pt_CGMUseNumDays <= 0.000) & bmiPerc <= 0.000) -> BGTestAvgNumPtRep <= 0.000)
",0.000,0.000,0.000,1.000,0.000,1,0,0,1,2,0,1,1,0.5,0.0,0.0,1.0,0.5,0.5,1
"G[0,1](((Pt_A1cGoalLev <= 0.000 -> BUN <= 0.000) & diabDur >= 0.000) -> HbA1cImputeDtMnC >= 0.000)
",9999999.000,9999999.000,0.000,1.000,0.000,1,0,0,1,2,0,1,1,0.5,0.0,0.0,1.0,0.5,0.5,1
"G[0,1]((Pt_CGMUseNumDays <= 0.000 -> AlbCreatRat_mggNew <= 8.975) -> bmiPerc >= 7.087)
",9999999.000,9999999.000,0.000,1.000,0.000,1,0,0,1,2,0,1,1,0.5,0.0,0.0,1.0,0.5,0.5,1
"G[1,1]((AlbCreatRat_mggNew <= 11.619 & TotalDailyInsPerKg >= 0.576) | AlbCreatRat_mggNew <= 1.116)
",1.116,1.116,0.000,1.000,0.000,1,0,0,1,2,0,1,1,0.5,0.0,0.0,1.0,0.5,0.5,1
"G[1,1]((AlbCreatRat_mggNew <= 11.518 | SMBGperDayPtMeterCombo >= 3.000) & NumPumpBolusOrShortAct <= 3.000)
",3.000,3.000,0.000,1.000,0.000,1,0,0,1,2,0,1,1,0.5,0.0,0.0,1.0,0.5,0.5,1
"G[0,1](((Pt_A1cGoalLev >= 0.000 -> HbA1cImputeDtMnC >= 0.249) -> diagAgeCombo <= 9.131) | Pt_CGMUseNumDays >= 0.930)
",9999999.000,9999999.000,0.000,1.000,0.000,1,0,0,1,2,0,1,1,0.5,0.0,0.0,1.0,0.5,0.5,1
"G[0,1](TotChol >= 82.529 -> WeightKg <= 88.959)
",9999999.000,9999999.000,0.000,1.000,0.000,1,0,0,1,2,0,1,1,0.5,0.0,0.0,1.0,0.5,0.5,1
"G[1,1](NumPumpBolusOrShortAct <= 9.453 | TotalDailyInsPerKg <= 0.890)
",9.453,9.453,0.000,1.000,0.000,1,0,0,1,2,0,1,1,0.5,0.0,0.0,1.0,0.5,0.5,1
"G[1,1]((WeightKg >= 87.422 | bmi >= 27.145) -> UnitsInsBasalOrLongAct <= 11.005)
",-11.005,-11.005,0.000,1.000,0.000,1,0,0,1,2,0,1,1,0.5,0.0,0.0,1.0,0.5,0.5,1
"G[0,1](diagAgeCombo >= 43.000 & bmiZscore <= 0.060)
",9999999.000,9999999.000,0.000,1.000,0.000,1,0,0,1,2,0,1,1,0.5,0.0,0.0,1.0,0.5,0.5,1
"G[0,1](HDL >= 39.594 & Pt_ChildT1D <= 0.000)
",9999999.000,9999999.000,0.000,1.000,0.000,1,0,0,1,2,0,1,1,0.5,0.0,0.0,1.0,0.5,0.5,1
"G[0,0](((diabDur <= 2.786 & TotalDailyInsPerKg >= 0.385) -> Pt_FatherT1D <= 0.704) -> UnitsInsBasalOrLongAct >= 0.534)
",-2.276,-7.966,0.000,1.000,0.000,1,0,0,1,2,0,1,1,0.5,0.0,0.0,1.0,0.5,0.5,1
"G[0,1](SMBGperDayPtMeterCombo >= 3.000 & BGTestAvgNumPtRep >= 0.282)
",9999999.000,9999999.000,0.000,1.000,0.000,1,0,0,1,2,0,1,1,0.5,0.0,0.0,1.0,0.5,0.5,1
"G[0,1](((diabDur >= 1.218 & WeightKg <= 90.491) & bmiPerc <= 91.160) & WeightKg <= 89.525)
",9999999.000,9999999.000,0.000,1.000,0.000,1,0,0,1,2,0,1,1,0.5,0.0,0.0,1.0,0.5,0.5,1
"G[0,0]((diabDur <= 1.534 & Pt_FatherT1D <= 0.000) | bmi <= 0.000)
",0.000,0.000,0.000,1.000,0.000,1,0,0,1,2,0,1,1,0.5,0.0,0.0,1.0,0.5,0.5,1
"G[1,1]((BldPrSys <= 155.049 & UnitsInsBasalOrLongAct <= 17.481) | Pt_A1cGoalLev >= 8.934)
",17.481,17.481,0.000,1.000,0.000,1,0,0,1,2,0,1,1,0.5,0.0,0.0,1.0,0.5,0.5,1
"G[0,1](HDL >= 27.671 -> UnitsInsBasalOrLongAct <= 17.691)
",9999999.000,9999999.000,0.000,1.000,0.000,1,0,0,1,2,0,1,1,0.5,0.0,0.0,1.0,0.5,0.5,1
"G[0,1](TotalDailyInsPerKg <= 0.774 | BGTestAvgNumPtRep <= 2.382)
",9999999.000,9999999.000,0.000,1.000,0.000,1,0,0,1,2,0,1,1,0.5,0.0,0.0,1.0,0.5,0.5,1
"G[1,1](Pt_CGMUseNumDays >= 0.000 -> AlbCreatRat_mggNew <= 11.740)
",-11.740,-11.740,0.000,1.000,0.000,1,0,0,1,2,0,1,1,0.5,0.0,0.0,1.0,0.5,0.5,1
"G[1,1](SMBGperDayPtMeterCombo >= 3.000 & BGTestAvgNumPtRep >= 2.244)
",-3.000,-3.000,0.000,1.000,0.000,1,0,0,1,2,0,1,1,0.5,0.0,0.0,1.0,0.5,0.5,1
"G[0,1](AlbCreatRat_mggNew >= 8.309 & WeightKg <= 89.464)
",9999999.000,9999999.000,0.000,1.000,0.000,1,0,0,1,2,0,1,1,0.5,0.0,0.0,1.0,0.5,0.5,1
"G[1,1](SMBGperDayPtMeterCombo >= 3.000 & BGTestAvgNumPtRep >= 0.273)
",-3.000,-3.000,0.000,1.000,0.000,1,0,0,1,2,0,1,1,0.5,0.0,0.0,1.0,0.5,0.5,1
"G[1,1](((TotalDailyInsPerKg >= 0.396 -> AlbCreatRat_mggNew <= 10.111) | diabDur >= 6.015) | Pt_SHFlg >= 7.003)
",-6.015,-6.015,0.000,1.000,0.000,1,0,0,1,2,0,1,1,0.5,0.0,0.0,1.0,0.5,0.5,1
"F[1,2](SMBGperDayPtMeterCombo <= 3.000 | Pt_MotherT1D <= 0.000)
",-9999999.000,-9999999.000,0.000,0.000,1.000,0,0,0,2,2,0,0,2,0.0,0.0,0.0,0.0,0.0,1.0,-1
"((HeightCm >= 177.800) U[0,0] (AlbCreatRat_mggNew >= 5.756))
",-5.756,-5.756,0.000,0.000,1.000,0,0,0,2,2,0,0,2,0.0,0.0,0.0,0.0,0.0,1.0,-1
"F[0,2]((TotalDailyInsPerKg >= 0.437 -> WeightKg <= 89.898) & AlbCreatRat_mggNew >= 85.336)
",-9999999.000,-9999999.000,0.000,0.000,1.000,0,0,0,2,2,0,0,2,0.0,0.0,0.0,0.0,0.0,1.0,-1
"F[0,2](HbA1c >= 1.994 -> Pt_A1cGoalLevelDsYr5 = 0.000)
",-9999999.000,-9999999.000,0.000,0.000,1.000,0,0,0,2,2,0,0,2,0.0,0.0,0.0,0.0,0.0,1.0,-1
"((Pt_SiblingT1D >= 0.000) U[2,2] (Pt_CGMUseNumDays >= 0.000))
",0.000,0.000,0.000,0.000,1.000,0,0,0,2,2,0,0,2,0.0,0.0,0.0,0.0,0.0,1.0,-1
"F[2,2]((GFR <= 0.000 | BUN <= 0.000) & diagAgeCombo <= 0.000)
",0.000,0.000,0.000,0.000,1.000,0,0,0,2,2,0,0,2,0.0,0.0,0.0,0.0,0.0,1.0,-1
"F[0,2]((age >= 44.446 -> diabDur >= 0.729) | DirectLDL >= 0.049)
",-9999999.000,-9999999.000,0.000,0.000,1.000,0,0,0,2,2,0,0,2,0.0,0.0,0.0,0.0,0.0,1.0,-1
"F[0,2]((age <= 45.994 | HbA1c >= 2.643) & HDL >= 0.621)
",-9999999.000,-9999999.000,0.000,0.000,1.000,0,0,0,2,2,0,0,2,0.0,0.0,0.0,0.0,0.0,1.0,-1
"((HDL >= 2.150) U[0,1] (LDL >= 33.920))
",-9999999.000,-9999999.000,0.000,0.000,1.000,0,0,0,2,2,0,0,2,0.0,0.0,0.0,0.0,0.0,1.0,-1
"F[0,2](NumPumpBolusOrShortAct <= 8.893 & UnitsInsBasalOrLongAct >= 7.485)
",-9999999.000,-9999999.000,0.000,0.000,1.000,0,0,0,2,2,0,0,2,0.0,0.0,0.0,0.0,0.0,1.0,-1
"((BGTestAvgNumPtRep <= 2.536) U[0,2] (WeightKg >= 85.386))
",-9999999.000,-9999999.000,0.000,0.000,1.000,0,0,0,2,2,0,0,2,0.0,0.0,0.0,0.0,0.0,1.0,-1
"F[0,1](BGTestAvgNumPtRep >= 1.657 | bmi <= 27.857)
",-9999999.000,-9999999.000,0.000,0.000,1.000,0,0,0,2,2,0,0,2,0.0,0.0,0.0,0.0,0.0,1.0,-1
"F[1,2](LDL <= 52.561 & TotChol >= 54.928)
",-9999999.000,-9999999.000,0.000,0.000,1.000,0,0,0,2,2,0,0,2,0.0,0.0,0.0,0.0,0.0,1.0,-1
"((LDL > 38.465) U[0,2] (Pt_SHFlg = 0.000))
",-9999999.000,-9999999.000,0.000,0.000,1.000,0,0,0,2,2,0,0,2,0.0,0.0,0.0,0.0,0.0,1.0,-1
"F[1,2](BldPrDia >= 90.160 & diabDur >= 0.687)
",-9999999.000,-9999999.000,0.000,0.000,1.000,0,0,0,2,2,0,0,2,0.0,0.0,0.0,0.0,0.0,1.0,-1
"F[0,2](GFR <= 0.000 -> Pt_SHFlg = 0.000)
",-9999999.000,-9999999.000,0.000,0.000,1.000,0,0,0,2,2,0,0,2,0.0,0.0,0.0,0.0,0.0,1.0,-1
"F[0,2](UnitsInsBasalOrLongAct <= 14.871 -> Pt_SHFlg = 0.000)
",-9999999.000,-9999999.000,0.000,0.000,1.000,0,0,0,2,2,0,0,2,0.0,0.0,0.0,0.0,0.0,1.0,-1
"((LDL > 26.287) U[0,1] (Pt_SHFlg = 0.000))
",-9999999.000,-9999999.000,0.000,0.000,1.000,0,0,0,2,2,0,0,2,0.0,0.0,0.0,0.0,0.0,1.0,-1
"((NumPumpBolusOrShortAct >= 3.694) U[0,1] (Pt_SHFlg = 0.000))
",-9999999.000,-9999999.000,0.000,0.000,1.000,0,0,0,2,2,0,0,2,0.0,0.0,0.0,0.0,0.0,1.0,-1
"F[2,2](HeightCm >= 177.800 -> Pt_SHFlg = 0.000)
",0.000,0.000,0.000,0.000,1.000,0,0,0,2,2,0,0,2,0.0,0.0,0.0,0.0,0.0,1.0,-1
"((HbA1c > 3.579) U[0,2] (Pt_SHFlg = 0.000))
",-9999999.000,-9999999.000,0.000,0.000,1.000,0,0,0,2,2,0,0,2,0.0,0.0,0.0,0.0,0.0,1.0,-1
"F[0,2](((HDL <= 67.514 -> BldPrDia >= 91.721) -> TotChol <= 96.674) & diagAgeCombo >= 89.884)
",-9999999.000,-9999999.000,0.000,0.000,1.000,0,0,0,2,2,0,0,2,0.0,0.0,0.0,0.0,0.0,1.0,-1
"F[0,2](bmiPerc <= 0.000 & AutonomicNeuroCl <= 0.000)
",-9999999.000,-9999999.000,0.000,0.000,1.000,0,0,0,2,2,0,0,2,0.0,0.0,0.0,0.0,0.0,1.0,-1
"((LDL >= 16.437) U[0,0] (diagAgeCombo <= 43.000))
",43.000,43.000,0.000,0.000,1.000,0,0,0,2,2,0,0,2,0.0,0.0,0.0,0.0,0.0,1.0,-1
"F[1,2](((Pt_ChildT1D <= 0.000 & DirectLDL >= 0.500) | Pt_SiblingT1D <= 0.871) -> AlbCreatRat_mggNew >= 0.132)
",-9999999.000,-9999999.000,0.000,0.000,1.000,0,0,0,2,2,0,0,2,0.0,0.0,0.0,0.0,0.0,1.0,-1
"F[1,1](((Triglyc >= 54.521 -> bmi >= 25.922) -> AutonomicNeuroCl <= 28.628) | BldPrDia >= 26.817)
",-26.817,-26.817,0.000,0.000,1.000,0,0,0,2,2,0,0,2,0.0,0.0,0.0,0.0,0.0,1.0,-1
"F[0,2](((TotalDailyInsPerKg >= 0.591 -> Pt_SiblingT1D <= 0.000) & Pt_A1cGoalLev >= 0.000) & DirectLDL >= 0.000)
",-9999999.000,-9999999.000,0.000,0.000,1.000,0,0,0,2,2,0,0,2,0.0,0.0,0.0,0.0,0.0,1.0,-1
"F[0,0]((bmi >= 26.981 -> Pt_SHFlg <= 0.000) | Pt_GrandparentT1D >= 0.000)
",1.000,5.643,0.000,0.000,1.000,0,0,0,2,2,0,0,2,0.0,0.0,0.0,0.0,0.0,1.0,-1
"((NumPumpBolusOrShortAct >= 5.755) U[0,1] (NumPumpBolusOrShortAct >= 0.743))
",-9999999.000,-9999999.000,0.000,0.000,1.000,0,0,0,2,2,0,0,2,0.0,0.0,0.0,0.0,0.0,1.0,-1
"F[0,2](((Triglyc >= 55.110 & bmiPerc >= 0.000) & HbA1c <= 0.000) -> WeightKg >= 0.000)
",-9999999.000,-9999999.000,0.000,0.000,1.000,0,0,0,2,2,0,0,2,0.0,0.0,0.0,0.0,0.0,1.0,-1
"((TotalDailyInsPerKg >= 0.477) U[0,1] (Pt_MotherT1D >= 0.000))
",-9999999.000,-9999999.000,0.000,0.000,1.000,0,0,0,2,2,0,0,2,0.0,0.0,0.0,0.0,0.0,1.0,-1
"F[0,2]((bmiZscore <= 0.003 | Pt_A1cGoalLevelDsYr5 >= 0.000) -> Pt_InsGov >= 0.000)
",-9999999.000,-9999999.000,0.000,0.000,1.000,0,0,0,2,2,0,0,2,0.0,0.0,0.0,0.0,0.0,1.0,-1
"F[0,2](WeightKg >= 84.021 & AutonomicNeuroCl >= 0.000)
",-9999999.000,-9999999.000,0.000,0.000,1.000,0,0,0,2,2,0,0,2,0.0,0.0,0.0,0.0,0.0,1.0,-1
"F[0,2](TotChol >= 75.749 -> BldPrDia <= 99.503)
",-9999999.000,-9999999.000,0.000,0.000,1.000,0,0,0,2,2,0,0,2,0.0,0.0,0.0,0.0,0.0,1.0,-1
"((HeightCm <= 177.800) U[0,1] (Pt_MotherT1D >= 0.000))
",-9999999.000,-9999999.000,0.000,0.000,1.000,0,0,0,2,2,0,0,2,0.0,0.0,0.0,0.0,0.0,1.0,-1
"F[0,1]((TotChol >= 83.799 -> BldPrDia >= 91.791) | Pt_ChildT1D <= 98.028)
",-9999999.000,-9999999.000,0.000,0.000,1.000,0,0,0,2,2,0,0,2,0.0,0.0,0.0,0.0,0.0,1.0,-1
"F[1,2]((Pt_GrandchildT1D <= 0.000 | Pt_InsGov <= 0.000) -> bmiPerc >= 0.000)
",-9999999.000,-9999999.000,0.000,0.000,1.000,0,0,0,2,2,0,0,2,0.0,0.0,0.0,0.0,0.0,1.0,-1
"F[1,2](((Pt_A1cGoalLev >= 0.000 & Pt_A1cGoalLev >= 0.000) | WeightKg >= 0.000) -> NumPumpBolusOrShortAct >= 0.000)
",-9999999.000,-9999999.000,0.000,0.000,1.000,0,0,0,2,2,0,0,2,0.0,0.0,0.0,0.0,0.0,1.0,-1
"F[1,1](BUN >= 0.000 -> HeightCm >= 177.800)
",0.000,0.000,0.000,0.000,1.000,0,0,0,2,2,0,0,2,0.0,0.0,0.0,0.0,0.0,1.0,-1
"((LDL <= 47.833) U[1,2] (AlbCreatRat_mggNew >= 7.316))
",-9999999.000,-9999999.000,0.000,0.000,1.000,0,0,0,2,2,0,0,2,0.0,0.0,0.0,0.0,0.0,1.0,-1
"F[0,2](((BldPrDia <= 98.961 & TSH >= 0.000) -> AutonomicNeuroCl <= 0.000) | Pt_A1cGoalLev >= 0.000)
",-9999999.000,-9999999.000,0.000,0.000,1.000,0,0,0,2,2,0,0,2,0.0,0.0,0.0,0.0,0.0,1.0,-1
"F[1,2](((HbA1c <= 5.882 | GFR >= 0.000) | DirectLDL <= 0.000) | Pt_CGMUseNumDays >= 0.000)
",-9999999.000,-9999999.000,0.000,0.000,1.000,0,0,0,2,2,0,0,2,0.0,0.0,0.0,0.0,0.0,1.0,-1
"F[1,2]((bmiPerc >= 0.000 -> bmiZscore <= 0.021) & WeightKg >= -0.295)
",-9999999.000,-9999999.000,0.000,0.000,1.000,0,0,0,2,2,0,0,2,0.0,0.0,0.0,0.0,0.0,1.0,-1
"((NumPumpBolusOrShortAct >= 5.743) U[1,2] (NumPumpBolusOrShortAct <= 15.421))
",-9999999.000,-9999999.000,0.000,0.000,1.000,0,0,0,2,2,0,0,2,0.0,0.0,0.0,0.0,0.0,1.0,-1
"F[0,2](((age <= 45.422 & SMBGperDayPtMeterCombo >= 3.000) | Pt_DKAFlg >= 3.000) & BGTestAvgNumMeter <= 3.000)
",-9999999.000,-9999999.000,0.000,0.000,1.000,0,0,0,2,2,0,0,2,0.0,0.0,0.0,0.0,0.0,1.0,-1
"G[0,2]((Pt_GrandparentT1D <= 0.000 & BldPrDia <= 98.294) & DirectLDL <= 97.071)
",9999999.000,9999999.000,0.000,1.000,0.000,0,0,1,1,1,1,1,1,0.0,0.0,1.0,0.0,0.0,1.0,1
"((diagAgeCombo >= 43.000) U[1,2] (Pt_GrandparentT1D <= 0.000))
",-9999999.000,-9999999.000,0.000,0.000,1.000,0,0,0,2,2,0,0,2,0.0,0.0,0.0,0.0,0.0,1.0,-1
"F[2,2](TSH <= 0.000 | GFR <= 0.000)
",0.000,0.000,0.000,0.000,1.000,0,0,0,2,2,0,0,2,0.0,0.0,0.0,0.0,0.0,1.0,-1
"((HbA1cImputeDtMnC <= 8.781) U[1,2] (diagAgeCombo <= 43.000))
",-9999999.000,-9999999.000,0.000,0.000,1.000,0,0,0,2,2,0,0,2,0.0,0.0,0.0,0.0,0.0,1.0,-1
"((Pt_MotherT1D <= 0.000) U[1,2] (Pt_ChildT1D >= 0.000))
",-9999999.000,-9999999.000,0.000,0.000,1.000,0,0,0,2,2,0,0,2,0.0,0.0,0.0,0.0,0.0,1.0,-1
"F[2,2](((TotChol >= 63.215 | BldPrSys >= 145.936) | age <= 151.156) | Pt_SHFlg <= 153.011)
",153.011,153.011,0.000,0.000,1.000,0,0,0,2,2,0,0,2,0.0,0.0,0.0,0.0,0.0,1.0,-1
"F[1,2](HeightCm <= 177.800 & Pt_GrandchildT1D <= 0.000)
",-9999999.000,-9999999.000,0.000,0.000,1.000,0,0,0,2,2,0,0,2,0.0,0.0,0.0,0.0,0.0,1.0,-1
"F[1,2](LDL >= 18.469 -> HbA1cImputeDtMnC <= 4.800)
",-9999999.000,-9999999.000,0.000,0.000,1.000,0,0,0,2,2,0,0,2,0.0,0.0,0.0,0.0,0.0,1.0,-1
"F[0,2](((Pt_ChildT1D <= 0.000 | diabDur >= 1.434) | TotalDailyInsPerKg <= 2.970) | BldPrDia <= 1.868)
",-9999999.000,-9999999.000,0.000,0.000,1.000,0,0,0,2,2,0,0,2,0.0,0.0,0.0,0.0,0.0,1.0,-1
"((UnitsInsBasalOrLongAct >= 3.531) U[0,2] (Pt_DKAFlg >= 0.000))
",-9999999.000,-9999999.000,0.000,0.000,1.000,0,0,0,2,2,0,0,2,0.0,0.0,0.0,0.0,0.0,1.0,-1
"F[1,2]((bmi >= 26.555 | HbA1cImputeDtMnC <= 7.082) -> Pt_SiblingT1D <= 5.069)
",-9999999.000,-9999999.000,0.000,0.000,1.000,0,0,0,2,2,0,0,2,0.0,0.0,0.0,0.0,0.0,1.0,-1
"F[2,2]((AlbCreatRat_mggNew <= 11.942 | HDL <= 49.067) -> Pt_A1cGoalLev <= 70.663)
",-70.663,-70.663,0.000,0.000,1.000,0,0,0,2,2,0,0,2,0.0,0.0,0.0,0.0,0.0,1.0,-1
"F[0,2]((Pt_GrandparentT1D <= 0.000 | TotChol >= 83.946) | WeightKg >= 7.575)
",-9999999.000,-9999999.000,0.000,0.000,1.000,0,0,0,2,2,0,0,2,0.0,0.0,0.0,0.0,0.0,1.0,-1
"((SMBGperDayPtMeterCombo >= 3.000) U[0,2] (NumPumpBolusOrShortAct <= 12.103))
",-9999999.000,-9999999.000,0.000,0.000,1.000,0,0,0,2,2,0,0,2,0.0,0.0,0.0,0.0,0.0,1.0,-1
"F[0,1]((diagAgeCombo <= 43.000 | TSH >= 0.000) | HbA1c <= 0.000)
",-9999999.000,-9999999.000,0.000,0.000,1.000,0,0,0,2,2,0,0,2,0.0,0.0,0.0,0.0,0.0,1.0,-1
"F[1,2](((Pt_ChildT1D >= 0.000 & Pt_GrandparentT1D <= 0.000) & diabDur <= 0.000) | BGTestAvgNumMeter >= 0.000)
",-9999999.000,-9999999.000,0.000,0.000,1.000,0,0,0,2,2,0,0,2,0.0,0.0,0.0,0.0,0.0,1.0,-1
"F[1,2](GFR >= 0.000 | Pt_DKAFlg >= 0.000)
",-9999999.000,-9999999.000,0.000,0.000,1.000,0,0,0,2,2,0,0,2,0.0,0.0,0.0,0.0,0.0,1.0,-1
"F[0,0](Pt_CGMUseNumDays <= 0.000 -> TSH >= 0.000)
",-1.000,-1.500,0.000,0.000,1.000,0,0,0,2,2,0,0,2,0.0,0.0,0.0,0.0,0.0,1.0,-1
"F[1,1]((TSH >= 0.000 & Pt_A1cGoalLev >= 0.000) & age >= 0.000)
",0.000,0.000,0.000,0.000,1.000,0,0,0,2,2,0,0,2,0.0,0.0,0.0,0.0,0.0,1.0,-1
"F[0,1](Pt_MotherT1D >= 0.000 -> HDL <= 63.136)
",-9999999.000,-9999999.000,0.000,0.000,1.000,0,0,0,2,2,0,0,2,0.0,0.0,0.0,0.0,0.0,1.0,-1
"F[2,2](((diagAgeCombo <= 43.000 | TotalDailyInsPerKg >= 0.533) -> Pt_MotherT1D >= 0.485) -> Pt_FatherT1D <= 1.011)
",-1.011,-1.011,0.000,0.000,1.000,0,0,0,2,2,0,0,2,0.0,0.0,0.0,0.0,0.0,1.0,-1
"F[0,2]((HbA1c <= 4.724 & Triglyc <= 91.330) | AutonomicNeuroCl <= 68.566)
",-9999999.000,-9999999.000,0.000,0.000,1.000,0,0,0,2,2,0,0,2,0.0,0.0,0.0,0.0,0.0,1.0,-1
"F[0,2](((HeightCm >= 177.800 -> AlbCreatRat_mggNew <= 11.852) -> GFR <= 11.604) -> diagAgeCombo <= 9.345)
",-9999999.000,-9999999.000,0.000,0.000,1.000,0,0,0,2,2,0,0,2,0.0,0.0,0.0,0.0,0.0,1.0,-1
"((Pt_FatherT1D <= 0.000) U[1,2] (TSH <= 0.000))
",-9999999.000,-9999999.000,0.000,0.000,1.000,0,0,0,2,2,0,0,2,0.0,0.0,0.0,0.0,0.0,1.0,-1
"F[0,1](((Pt_MotherT1D >= 0.000 | Pt_SHFlg <= 0.000) & LDL <= 0.000) | Pt_A1cGoalLev >= 0.000)
",-9999999.000,-9999999.000,0.000,0.000,1.000,0,0,0,2,2,0,0,2,0.0,0.0,0.0,0.0,0.0,1.0,-1
"F[0,2]((diabDur >= 1.003 -> Pt_A1cGoalLevelDsYr5 <= 0.000) -> diagAgeCombo >= 0.000)
",-9999999.000,-9999999.000,0.000,0.000,1.000,0,0,0,2,2,0,0,2,0.0,0.0,0.0,0.0,0.0,1.0,-1
"((AlbCreatRat_mggNew >= 8.721) U[2,2] (Pt_CGMUseNumDays >= 0.000))
",0.000,0.000,0.000,0.000,1.000,0,0,0,2,2,0,0,2,0.0,0.0,0.0,0.0,0.0,1.0,-1
"F[0,2](((Pt_GrandparentT1D <= 0.000 -> HbA1c >= 3.651) & Pt_CGMUseNumDays <= 6.419) | bmi >= 1.241)
",-9999999.000,-9999999.000,0.000,0.000,1.000,0,0,0,2,2,0,0,2,0.0,0.0,0.0,0.0,0.0,1.0,-1
"F[2,2](((LDL <= 40.127 | WeightKg >= 87.024) | Pt_InsGov >= 82.591) & LDL >= 83.625)
",-83.625,-83.625,0.000,0.000,1.000,0,0,0,2,2,0,0,2,0.0,0.0,0.0,0.0,0.0,1.0,-1
"F[0,2](((Pt_GrandparentT1D >= 0.000 -> BldPrSys >= 139.159) | TotChol <= 155.834) -> Pt_A1cGoalLevelDsYr5 <= 156.306)
",-9999999.000,-9999999.000,0.000,0.000,1.000,0,0,0,2,2,0,0,2,0.0,0.0,0.0,0.0,0.0,1.0,-1
"((Pt_A1cGoalLevelDsYr5 >= 0.000) U[1,2] (bmi >= 27.614))
",-9999999.000,-9999999.000,0.000,0.000,1.000,0,0,0,2,2,0,0,2,0.0,0.0,0.0,0.0,0.0,1.0,-1
"((AutonomicNeuroCl >= 0.000) U[0,2] (Pt_A1cGoalLev >= 0.000))
",-9999999.000,-9999999.000,0.000,0.000,1.000,0,0,0,2,2,0,0,2,0.0,0.0,0.0,0.0,0.0,1.0,-1
"F[0,2](((bmi >= 26.093 -> Pt_A1cGoalLevelDsYr5 >= 0.000) & bmi >= 0.000) | LDL >= 0.000)
",-9999999.000,-9999999.000,0.000,0.000,1.000,0,0,0,2,2,0,0,2,0.0,0.0,0.0,0.0,0.0,1.0,-1
"F[1,2](((BldPrDia <= 99.298 & BUN <= 0.000) -> BldPrDia <= 0.000) & bmiPerc >= 0.000)
",-9999999.000,-9999999.000,0.000,0.000,1.000,0,0,0,2,2,0,0,2,0.0,0.0,0.0,0.0,0.0,1.0,-1
"((Pt_SiblingT1D <= 0.000) U[0,2] (Triglyc <= 91.592))
",-9999999.000,-9999999.000,0.000,0.000,1.000,0,0,0,2,2,0,0,2,0.0,0.0,0.0,0.0,0.0,1.0,-1
"F[2,2]((Pt_SiblingT1D >= 0.000 | DirectLDL >= 0.402) | HbA1cImputeDtMnC >= 0.245)
",0.000,0.000,0.000,0.000,1.000,0,0,0,2,2,0,0,2,0.0,0.0,0.0,0.0,0.0,1.0,-1
"F[1,2](AlbCreatRat_mggNew >= 7.820 & HDL >= 0.320)
",-9999999.000,-9999999.000,0.000,0.000,1.000,0,0,0,2,2,0,0,2,0.0,0.0,0.0,0.0,0.0,1.0,-1
"F[0,1](UnitsInsBasalOrLongAct <= 17.660 -> BldPrSys >= 148.392)
",-9999999.000,-9999999.000,0.000,0.000,1.000,0,0,0,2,2,0,0,2,0.0,0.0,0.0,0.0,0.0,1.0,-1
"F[0,2](((Pt_GrandchildT1D >= 0.000 -> UnitsInsBasalOrLongAct <= 19.952) | diabDur >= 4.469) | bmiZscore <= 21.117)
",-9999999.000,-9999999.000,0.000,0.000,1.000,0,0,0,2,2,0,0,2,0.0,0.0,0.0,0.0,0.0,1.0,-1
"F[0,2](((bmiPerc <= 0.000 & bmiZscore >= -0.191) | SMBGperDayPtMeterCombo >= -0.355) -> age >= -0.156)
",-9999999.000,-9999999.000,0.000,0.000,1.000,0,0,0,2,2,0,0,2,0.0,0.0,0.0,0.0,0.0,1.0,-1
"F[2,2](Pt_InsGov <= 0.000 & TotalDailyInsPerKg <= 0.749)
",0.000,0.000,0.000,0.000,1.000,0,0,0,2,2,0,0,2,0.0,0.0,0.0,0.0,0.0,1.0,-1
"F[1,2](Pt_InsGov <= 0.000 | bmiZscore >= -0.176)
",-9999999.000,-9999999.000,0.000,0.000,1.000,0,0,0,2,2,0,0,2,0.0,0.0,0.0,0.0,0.0,1.0,-1
"F[0,1](((Pt_SHFlg >= 0.000 & AutonomicNeuroCl >= 0.000) & TSH >= 0.000) & bmi >= 0.000)
",-9999999.000,-9999999.000,0.000,0.000,1.000,0,0,0,2,2,0,0,2,0.0,0.0,0.0,0.0,0.0,1.0,-1
"F[1,2](Pt_SHFlg >= 0.000 | Pt_SHFlg <= 0.000)
",-9999999.000,-9999999.000,0.000,0.000,1.000,0,0,0,2,2,0,0,2,0.0,0.0,0.0,0.0,0.0,1.0,-1
"F[2,2]((Pt_MotherT1D >= 0.000 | Pt_FatherT1D >= 0.000) -> AutonomicNeuroCl >= 0.000)
",0.000,0.000,0.000,0.000,1.000,0,0,0,2,2,0,0,2,0.0,0.0,0.0,0.0,0.0,1.0,-1
"F[0,1]((Pt_MotherT1D >= 0.000 & diabDur <= 2.127) -> Pt_CGMUseNumDays <= 1.904)
",-9999999.000,-9999999.000,0.000,0.000,1.000,0,0,0,2,2,0,0,2,0.0,0.0,0.0,0.0,0.0,1.0,-1
"((AutonomicNeuroCl >= 0.000) U[2,2] (AutonomicNeuroCl <= 0.000))
",0.000,0.000,0.000,0.000,1.000,0,0,0,2,2,0,0,2,0.0,0.0,0.0,0.0,0.0,1.0,-1
"F[0,2](((HbA1c <= 7.785 -> BldPrDia >= 82.084) & bmi >= 91.773) | Pt_DKAFlg <= 97.652)
",-9999999.000,-9999999.000,0.000,0.000,1.000,0,0,0,2,2,0,0,2,0.0,0.0,0.0,0.0,0.0,1.0,-1
"((age >= 44.730) U[2,2] (AlbCreatRat_mggNew <= 9.623))
",9.623,9.623,0.000,0.000,1.000,0,0,0,2,2,0,0,2,0.0,0.0,0.0,0.0,0.0,1.0,-1
"F[0,1](((bmiZscore >= -0.196 -> TotalDailyInsPerKg <= 1.049) | BldPrDia <= 0.751) -> TotalDailyInsPerKg <= 1.157)
",-9999999.000,-9999999.000,0.000,0.000,1.000,0,0,0,2,2,0,0,2,0.0,0.0,0.0,0.0,0.0,1.0,-1
"F[0,0](UnitsInsBasalOrLongAct > 8.107 -> Pt_SHFlg = 0.000)
",-0.112,-0.393,0.000,0.000,1.000,0,0,0,2,2,0,0,2,0.0,0.0,0.0,0.0,0.0,1.0,-1
"F[0,2](BGTestAvgNumMeter >= 0.551 -> Pt_InsGov >= 0.000)
",-9999999.000,-9999999.000,0.000,0.000,1.000,0,0,0,2,2,0,0,2,0.0,0.0,0.0,0.0,0.0,1.0,-1
"F[0,1](((HbA1c <= 5.124 | TotChol >= 80.618) | HDL <= 111.958) & BGTestAvgNumPtRep <= 144.854)
",-9999999.000,-9999999.000,0.000,0.000,1.000,0,0,0,2,2,0,0,2,0.0,0.0,0.0,0.0,0.0,1.0,-1
"F[0,2]((Triglyc >= 23.551 | WeightKg <= 88.663) & Pt_SiblingT1D >= 87.125)
",-9999999.000,-9999999.000,0.000,0.000,1.000,0,0,0,2,2,0,0,2,0.0,0.0,0.0,0.0,0.0,1.0,-1
"F[1,2](((HbA1cImputeDtMnC >= 1.110 -> Triglyc >= 43.447) & Pt_InsGov >= 22.945) & HDL >= 53.045)
",-9999999.000,-9999999.000,0.000,0.000,1.000,0,0,0,2,2,0,0,2,0.0,0.0,0.0,0.0,0.0,1.0,-1
"((BldPrDia >= 85.267) U[0,2] (HbA1cImputeDtMnC <= 8.011))
",-9999999.000,-9999999.000,0.000,0.000,1.000,0,0,0,2,2,0,0,2,0.0,0.0,0.0,0.0,0.0,1.0,-1
"F[0,2]((BldPrDia <= 96.288 -> bmiPerc <= 0.000) & Triglyc <= 0.000)
",-9999999.000,-9999999.000,0.000,0.000,1.000,0,0,0,2,2,0,0,2,0.0,0.0,0.0,0.0,0.0,1.0,-1
"F[0,1]((Pt_ChildT1D <= 0.000 -> bmiPerc >= 0.000) & BGTestAvgNumMeter >= 0.000)
",-9999999.000,-9999999.000,0.000,0.000,1.000,0,0,0,2,2,0,0,2,0.0,0.0,0.0,0.0,0.0,1.0,-1
"F[0,2](((AlbCreatRat_mggNew >= 8.086 | GFR >= 0.000) & TotChol >= 0.000) -> diagAgeCombo <= 0.000)
",-9999999.000,-9999999.000,0.000,0.000,1.000,0,0,0,2,2,0,0,2,0.0,0.0,0.0,0.0,0.0,1.0,-1
"((bmi >= 26.987) U[0,0] (BldPrDia <= 98.102))
",-26.987,-26.987,0.000,0.000,1.000,0,0,0,2,2,0,0,2,0.0,0.0,0.0,0.0,0.0,1.0,-1
"F[0,1](Pt_DKAFlg <= 0.000 -> Pt_GrandchildT1D <= 0.000)
",-9999999.000,-9999999.000,0.000,0.000,1.000,0,0,0,2,2,0,0,2,0.0,0.0,0.0,0.0,0.0,1.0,-1
"((Pt_MotherT1D >= 0.000) U[0,2] (Pt_GrandparentT1D >= 0.000))
",-9999999.000,-9999999.000,0.000,0.000,1.000,0,0,0,2,2,0,0,2,0.0,0.0,0.0,0.0,0.0,1.0,-1
"F[0,2]((AutonomicNeuroCl >= 0.000 | WeightKg <= 89.342) -> Pt_SHFlg <= 89.889)
",-9999999.000,-9999999.000,0.000,0.000,1.000,0,0,0,2,2,0,0,2,0.0,0.0,0.0,0.0,0.0,1.0,-1
"F[1,2](((TSH <= 0.000 -> diagAgeCombo <= 43.000) -> BGTestAvgNumPtRep >= 43.000) & bmiZscore <= 43.000)
",-9999999.000,-9999999.000,0.000,0.000,1.000,0,0,0,2,2,0,0,2,0.0,0.0,0.0,0.0,0.0,1.0,-1
"F[1,1](Pt_DKAFlg >= 0.000 & Pt_MotherT1D >= 0.000)
",0.000,0.000,0.000,0.000,1.000,0,0,0,2,2,0,0,2,0.0,0.0,0.0,0.0,0.0,1.0,-1
"((TotChol >= 27.125) U[0,2] (DirectLDL <= 0.812))
",-9999999.000,-9999999.000,0.000,0.000,1.000,0,0,0,2,2,0,0,2,0.0,0.0,0.0,0.0,0.0,1.0,-1
"F[0,2](((BGTestAvgNumMeter >= 1.013 | diabDur <= 2.920) | TSH >= 0.952) -> BGTestAvgNumPtRep <= 1.954)
",-9999999.000,-9999999.000,0.000,0.000,1.000,0,0,0,2,2,0,0,2,0.0,0.0,0.0,0.0,0.0,1.0,-1
"F[0,0]((diabDur <= 2.125 & BGTestAvgNumPtRep <= 2.282) | bmi >= 2.223)
",-2.223,-2.223,0.000,0.000,1.000,0,0,0,2,2,0,0,2,0.0,0.0,0.0,0.0,0.0,1.0,-1
"F[1,2](Pt_FatherT1D >= 0.000 -> bmiPerc <= 0.000)
",-9999999.000,-9999999.000,0.000,0.000,1.000,0,0,0,2,2,0,0,2,0.0,0.0,0.0,0.0,0.0,1.0,-1
"F[1,2]((bmiPerc <= 0.000 & bmiPerc >= 0.000) -> TotalDailyInsPerKg >= 0.000)
",-9999999.000,-9999999.000,0.000,0.000,1.000,0,0,0,2,2,0,0,2,0.0,0.0,0.0,0.0,0.0,1.0,-1
"F[1,2]((UnitsInsBasalOrLongAct >= 10.190 -> BldPrDia >= 84.303) & HDL >= 87.729)
",-9999999.000,-9999999.000,0.000,0.000,1.000,0,0,0,2,2,0,0,2,0.0,0.0,0.0,0.0,0.0,1.0,-1
"F[1,2](BGTestAvgNumPtRep <= 2.709 | UnitsInsBasalOrLongAct <= 20.017)
",-9999999.000,-9999999.000,0.000,0.000,1.000,0,0,0,2,2,0,0,2,0.0,0.0,0.0,0.0,0.0,1.0,-1
"F[1,2](((Pt_A1cGoalLevelDsYr5 <= 0.000 | UnitsInsBasalOrLongAct >= 1.177) & age <= 11.295) | Pt_CGMUseNumDays >= 6.273)
",-9999999.000,-9999999.000,0.000,0.000,1.000,0,0,0,2,2,0,0,2,0.0,0.0,0.0,0.0,0.0,1.0,-1
"F[0,2](((Pt_DKAFlg <= 0.000 & GFR <= 0.000) & Pt_InsGov <= 0.000) -> age <= 0.000)
",-9999999.000,-9999999.000,0.000,0.000,1.000,0,0,0,2,2,0,0,2,0.0,0.0,0.0,0.0,0.0,1.0,-1
"F[1,2](((AlbCreatRat_mggNew >= 6.077 & UnitsInsBasalOrLongAct <= 19.420) -> WeightKg <= 19.651) & Pt_DKAFlg <= 16.069)
",-9999999.000,-9999999.000,0.000,0.000,1.000,0,0,0,2,2,0,0,2,0.0,0.0,0.0,0.0,0.0,1.0,-1
"F[1,2]((HDL <= 66.467 -> WeightKg <= 88.553) -> WeightKg <= 88.428)
",-9999999.000,-9999999.000,0.000,0.000,1.000,0,0,0,2,2,0,0,2,0.0,0.0,0.0,0.0,0.0,1.0,-1
"((HbA1c >= 2.563) U[0,2] (UnitsInsBasalOrLongAct >= 2.208))
",-9999999.000,-9999999.000,0.000,0.000,1.000,0,0,0,2,2,0,0,2,0.0,0.0,0.0,0.0,0.0,1.0,-1
"F[0,1](((TotalDailyInsPerKg >= 0.577 & UnitsInsBasalOrLongAct <= 10.856) & HeightCm <= 21.935) | BUN <= 20.716)
",-9999999.000,-9999999.000,0.000,0.000,1.000,0,0,0,2,2,0,0,2,0.0,0.0,0.0,0.0,0.0,1.0,-1
"F[1,2](BldPrDia >= 87.461 -> TotChol <= 133.527)
",-9999999.000,-9999999.000,0.000,0.000,1.000,0,0,0,2,2,0,0,2,0.0,0.0,0.0,0.0,0.0,1.0,-1
"F[2,2]((diabDur <= 1.540 -> LDL <= 53.312) -> bmiZscore >= 8.131)
",8.131,8.131,0.000,0.000,1.000,0,0,0,2,2,0,0,2,0.0,0.0,0.0,0.0,0.0,1.0,-1
"F[1,2]((bmiZscore <= -0.064 | LDL >= 38.584) -> HDL >= 3.687)
",-9999999.000,-9999999.000,0.000,0.000,1.000,0,0,0,2,2,0,0,2,0.0,0.0,0.0,0.0,0.0,1.0,-1
"F[2,2]((age <= 46.143 | HDL >= 28.780) -> HDL >= 1.512)
",-46.143,-46.143,0.000,0.000,1.000,0,0,0,2,2,0,0,2,0.0,0.0,0.0,0.0,0.0,1.0,-1
"F[0,0](((DirectLDL <= 0.780 | Triglyc <= 88.902) & Pt_CGMUseNumDays <= 83.176) | HeightCm >= 24.953)
",17.310,60.458,0.000,0.000,1.000,0,0,0,2,2,0,0,2,0.0,0.0,0.0,0.0,0.0,1.0,-1
"F[0,1](((AlbCreatRat_mggNew >= 8.481 | TotChol >= 17.784) & Pt_DKAFlg <= 142.252) | bmiPerc >= 16.147)
",-9999999.000,-9999999.000,0.000,0.000,1.000,0,0,0,2,2,0,0,2,0.0,0.0,0.0,0.0,0.0,1.0,-1
"F[2,2]((BldPrSys <= 156.094 & WeightKg <= 89.823) -> diagAgeCombo <= 90.459)
",-90.459,-90.459,0.000,0.000,1.000,0,0,0,2,2,0,0,2,0.0,0.0,0.0,0.0,0.0,1.0,-1
"F[0,2](((bmiZscore <= 0.035 | TotChol >= 70.828) & bmi >= 36.090) & BldPrDia >= 58.223)
",-9999999.000,-9999999.000,0.000,0.000,1.000,0,0,0,2,2,0,0,2,0.0,0.0,0.0,0.0,0.0,1.0,-1
"F[0,1](diabDur >= 0.837 & TotChol <= 115.677)
",-9999999.000,-9999999.000,0.000,0.000,1.000,0,0,0,2,2,0,0,2,0.0,0.0,0.0,0.0,0.0,1.0,-1
"F[0,1](HbA1cImputeDtMnC >= 2.568 -> TotalDailyInsPerKg <= 0.919)
",-9999999.000,-9999999.000,0.000,0.000,1.000,0,0,0,2,2,0,0,2,0.0,0.0,0.0,0.0,0.0,1.0,-1
"F[2,2]((age <= 45.781 | DirectLDL <= 0.911) & Triglyc >= 0.014)
",-0.014,-0.014,0.000,0.000,1.000,0,0,0,2,2,0,0,2,0.0,0.0,0.0,0.0,0.0,1.0,-1
"F[1,2]((BGTestAvgNumPtRep >= 1.352 | Triglyc <= 94.116) & AutonomicNeuroCl <= 68.696)
",-9999999.000,-9999999.000,0.000,0.000,1.000,0,0,0,2,2,0,0,2,0.0,0.0,0.0,0.0,0.0,1.0,-1
"F[2,2]((BGTestAvgNumPtRep >= 0.283 | HbA1cImputeDtMnC <= 6.693) & TotChol <= 4.216)
",4.216,4.216,0.000,0.000,1.000,0,0,0,2,2,0,0,2,0.0,0.0,0.0,0.0,0.0,1.0,-1
"F[1,2](BGTestAvgNumMeter <= 2.454 & BGTestAvgNumPtRep <= 2.978)
",-9999999.000,-9999999.000,0.000,0.000,1.000,0,0,0,2,2,0,0,2,0.0,0.0,0.0,0.0,0.0,1.0,-1
"F[1,2](((BGTestAvgNumMeter >= 0.019 & HbA1cImputeDtMnC <= 11.044) -> AutonomicNeuroCl <= 6.365) | bmiPerc <= 10.560)
",-9999999.000,-9999999.000,0.000,0.000,1.000,0,0,0,2,2,0,0,2,0.0,0.0,0.0,0.0,0.0,1.0,-1
"F[0,2]((BldPrSys >= 143.316 -> TotalDailyInsPerKg <= 0.945) -> UnitsInsBasalOrLongAct >= 0.437)
",-9999999.000,-9999999.000,0.000,0.000,1.000,0,0,0,2,2,0,0,2,0.0,0.0,0.0,0.0,0.0,1.0,-1
"F[1,2](((age >= 43.430 & TotChol <= 100.295) | UnitsInsBasalOrLongAct <= 100.330) & SMBGperDayPtMeterCombo >= 69.733)
",-9999999.000,-9999999.000,0.000,0.000,1.000,0,0,0,2,2,0,0,2,0.0,0.0,0.0,0.0,0.0,1.0,-1
"F[0,1]((diabDur >= 0.282 -> HDL >= 42.675) & Pt_FatherT1D <= 71.432)
",-9999999.000,-9999999.000,0.000,0.000,1.000,0,0,0,2,2,0,0,2,0.0,0.0,0.0,0.0,0.0,1.0,-1
"F[1,1]((bmiZscore >= -0.122 & UnitsInsBasalOrLongAct <= 19.652) -> DirectLDL >= 9.724)
",-0.122,-0.122,0.000,0.000,1.000,0,0,0,2,2,0,0,2,0.0,0.0,0.0,0.0,0.0,1.0,-1
"((age <= 46.576) U[0,2] (Triglyc <= 74.857))
",-9999999.000,-9999999.000,0.000,0.000,1.000,0,0,0,2,2,0,0,2,0.0,0.0,0.0,0.0,0.0,1.0,-1
"F[0,0](BGTestAvgNumMeter <= 2.422 | NumPumpBolusOrShortAct >= 7.238)
",-0.499,-2.408,0.000,0.000,1.000,0,0,0,2,2,0,0,2,0.0,0.0,0.0,0.0,0.0,1.0,-1
"F[0,2](TotalDailyInsPerKg >= 0.675 & Triglyc <= 67.879)
",-9999999.000,-9999999.000,0.000,0.000,1.000,0,0,0,2,2,0,0,2,0.0,0.0,0.0,0.0,0.0,1.0,-1
"F[1,2](((LDL <= 51.381 -> WeightKg >= 81.997) | HeightCm <= 88.728) | HeightCm >= 86.948)
",-9999999.000,-9999999.000,0.000,0.000,1.000,0,0,0,2,2,0,0,2,0.0,0.0,0.0,0.0,0.0,1.0,-1
"F[1,2]((BldPrDia <= 97.094 -> HbA1c <= 5.385) | Pt_ChildT1D >= 0.736)
",-9999999.000,-9999999.000,0.000,0.000,1.000,0,0,0,2,2,0,0,2,0.0,0.0,0.0,0.0,0.0,1.0,-1
"((LDL >= 11.723) U[0,1] (TotalDailyInsPerKg >= 0.354))
",-9999999.000,-9999999.000,0.000,0.000,1.000,0,0,0,2,2,0,0,2,0.0,0.0,0.0,0.0,0.0,1.0,-1
"F[1,2]((AlbCreatRat_mggNew >= 8.122 | BldPrDia >= 87.637) -> Pt_SiblingT1D >= 82.351)
",-9999999.000,-9999999.000,0.000,0.000,1.000,0,0,0,2,2,0,0,2,0.0,0.0,0.0,0.0,0.0,1.0,-1
"F[0,1]((BGTestAvgNumMeter <= 2.732 & HbA1c >= 2.189) | BldPrSys >= 3.237)
",-9999999.000,-9999999.000,0.000,0.000,1.000,0,0,0,2,2,0,0,2,0.0,0.0,0.0,0.0,0.0,1.0,-1
"F[0,2]((BGTestAvgNumMeter <= 2.446 | TotChol >= 93.368) & Pt_A1cGoalLevelDsYr5 >= 80.188)
",-9999999.000,-9999999.000,0.000,0.000,1.000,0,0,0,2,2,0,0,2,0.0,0.0,0.0,0.0,0.0,1.0,-1
"F[0,1](HDL <= 45.610 | NumPumpBolusOrShortAct >= 5.209)
",-9999999.000,-9999999.000,0.000,0.000,1.000,0,0,0,2,2,0,0,2,0.0,0.0,0.0,0.0,0.0,1.0,-1
"((bmiZscore >= -0.214) U[1,2] (Triglyc <= 84.551))
",-9999999.000,-9999999.000,0.000,0.000,1.000,0,0,0,2,2,0,0,2,0.0,0.0,0.0,0.0,0.0,1.0,-1
"F[2,2](LDL <= 40.880 & NumPumpBolusOrShortAct >= 6.693)
",-6.693,-6.693,0.000,0.000,1.000,0,0,0,2,2,0,0,2,0.0,0.0,0.0,0.0,0.0,1.0,-1
"F[2,2]((BldPrSys >= 143.804 | HbA1cImputeDtMnC >= 2.056) & Pt_DKAFlg <= 5.661)
",-2.056,-2.056,0.000,0.000,1.000,0,0,0,2,2,0,0,2,0.0,0.0,0.0,0.0,0.0,1.0,-1
"F[1,2]((NumPumpBolusOrShortAct >= 0.893 | TotChol >= 17.420) | UnitsInsBasalOrLongAct >= 70.803)
",-9999999.000,-9999999.000,0.000,0.000,1.000,0,0,0,2,2,0,0,2,0.0,0.0,0.0,0.0,0.0,1.0,-1
"((BGTestAvgNumMeter >= 0.512) U[0,2] (BGTestAvgNumPtRep <= 2.393))
",-9999999.000,-9999999.000,0.000,0.000,1.000,0,0,0,2,2,0,0,2,0.0,0.0,0.0,0.0,0.0,1.0,-1
"F[1,2](DirectLDL <= 0.876 -> UnitsInsBasalOrLongAct <= 14.957)
",-9999999.000,-9999999.000,0.000,0.000,1.000,0,0,0,2,2,0,0,2,0.0,0.0,0.0,0.0,0.0,1.0,-1
"F[2,2]((age <= 45.084 | UnitsInsBasalOrLongAct >= 10.129) & Pt_DKAFlg >= 8.061)
",-8.061,-8.061,0.000,0.000,1.000,0,0,0,2,2,0,0,2,0.0,0.0,0.0,0.0,0.0,1.0,-1
"((BGTestAvgNumMeter >= 0.823) U[1,2] (BGTestAvgNumPtRep <= 2.887))
",-9999999.000,-9999999.000,0.000,0.000,1.000,0,0,0,2,2,0,0,2,0.0,0.0,0.0,0.0,0.0,1.0,-1
"F[0,1](HbA1c >= 3.091 -> Pt_A1cGoalLevelDsYr5 = 0.000)
",-9999999.000,-9999999.000,0.000,0.000,1.000,0,0,0,2,2,0,0,2,0.0,0.0,0.0,0.0,0.0,1.0,-1
"((Pt_SHFlg >= 0.000) U[0,1] (Pt_SHFlg = 0.000))
",-9999999.000,-9999999.000,0.000,0.000,1.000,0,0,0,2,2,0,0,2,0.0,0.0,0.0,0.0,0.0,1.0,-1
"F[0,1](HbA1c >= 1.881 -> Pt_A1cGoalLevelDsYr5 = 0.000)
",-9999999.000,-9999999.000,0.000,0.000,1.000,0,0,0,2,2,0,0,2,0.0,0.0,0.0,0.0,0.0,1.0,-1
"F[0,2](HbA1c >= 0.546 -> Pt_A1cGoalLevelDsYr5 = 0.000)
",-9999999.000,-9999999.000,0.000,0.000,1.000,0,0,0,2,2,0,0,2,0.0,0.0,0.0,0.0,0.0,1.0,-1
"((BGTestAvgNumMeter >= 1.434) U[1,2] (BGTestAvgNumPtRep <= 2.306))
",-9999999.000,-9999999.000,0.000,0.000,1.000,0,0,0,2,2,0,0,2,0.0,0.0,0.0,0.0,0.0,1.0,-1
"F[0,2](HbA1c >= 1.310 -> Pt_A1cGoalLevelDsYr5 = 0.000)
",-9999999.000,-9999999.000,0.000,0.000,1.000,0,0,0,2,2,0,0,2,0.0,0.0,0.0,0.0,0.0,1.0,-1
"((BGTestAvgNumMeter >= 2.236) U[1,2] (BGTestAvgNumPtRep <= 2.716))
",-9999999.000,-9999999.000,0.000,0.000,1.000,0,0,0,2,2,0,0,2,0.0,0.0,0.0,0.0,0.0,1.0,-1
"F[1,2](HbA1c >= 3.782 -> Pt_A1cGoalLevelDsYr5 = 0.000)
",-9999999.000,-9999999.000,0.000,0.000,1.000,0,0,0,2,2,0,0,2,0.0,0.0,0.0,0.0,0.0,1.0,-1
"((BGTestAvgNumMeter >= 1.707) U[2,2] (BGTestAvgNumPtRep <= 2.809))
",2.809,2.809,0.000,0.000,1.000,0,0,0,2,2,0,0,2,0.0,0.0,0.0,0.0,0.0,1.0,-1
"((BGTestAvgNumMeter >= 2.192) U[0,2] (BGTestAvgNumPtRep <= 2.262))
",-9999999.000,-9999999.000,0.000,0.000,1.000,0,0,0,2,2,0,0,2,0.0,0.0,0.0,0.0,0.0,1.0,-1
"F[0,2](Pt_GrandparentT1D <= 0.000 | BGTestAvgNumMeter <= 2.506)
",-9999999.000,-9999999.000,0.000,0.000,1.000,0,0,0,2,2,0,0,2,0.0,0.0,0.0,0.0,0.0,1.0,-1
"F[0,2](Pt_InsGov > 0.000 & Pt_SHFlg = 0.000)
",-9999999.000,-9999999.000,0.000,0.000,1.000,0,0,0,2,2,0,0,2,0.0,0.0,0.0,0.0,0.0,1.0,-1
"((Pt_A1cGoalLevelDsYr5 <= 0.000) U[1,2] (Pt_SHFlg = 0.000))
",-9999999.000,-9999999.000,0.000,0.000,1.000,0,0,0,2,2,0,0,2,0.0,0.0,0.0,0.0,0.0,1.0,-1
"F[1,2]((BldPrDia <= 98.167 | bmiZscore <= 0.048) | Pt_InsGov >= -0.271)
",-9999999.000,-9999999.000,0.000,0.000,1.000,0,0,0,2,2,0,0,2,0.0,0.0,0.0,0.0,0.0,1.0,-1
"F[1,1]((BldPrDia >= 82.196 & WeightKg >= 86.154) | bmi <= 89.297)
",89.297,89.297,0.000,0.000,1.000,0,0,0,2,2,0,0,2,0.0,0.0,0.0,0.0,0.0,1.0,-1
"F[1,1](((BldPrDia <= 94.344 | TotalDailyInsPerKg >= 0.354) -> Pt_SiblingT1D >= 0.529) -> TotChol >= 0.480)
",0.480,0.480,0.000,0.000,1.000,0,0,0,2,2,0,0,2,0.0,0.0,0.0,0.0,0.0,1.0,-1
"F[2,2]((AlbCreatRat_mggNew >= 6.832 & diabDur >= 0.012) | SMBGperDayPtMeterCombo >= 1.360)
",-1.360,-1.360,0.000,0.000,1.000,0,0,0,2,2,0,0,2,0.0,0.0,0.0,0.0,0.0,1.0,-1
"((age <= 46.963) U[1,2] (bmi >= 26.749))
",-9999999.000,-9999999.000,0.000,0.000,1.000,0,0,0,2,2,0,0,2,0.0,0.0,0.0,0.0,0.0,1.0,-1
"F[0,2](age <= 46.355 | bmiZscore <= 0.053)
",-9999999.000,-9999999.000,0.000,0.000,1.000,0,0,0,2,2,0,0,2,0.0,0.0,0.0,0.0,0.0,1.0,-1
"F[1,2]((diabDur >= 0.433 | HbA1c >= 0.737) -> Pt_ChildT1D >= 1.911)
",-9999999.000,-9999999.000,0.000,0.000,1.000,0,0,0,2,2,0,0,2,0.0,0.0,0.0,0.0,0.0,1.0,-1
"F[2,2]((BGTestAvgNumPtRep >= 1.475 -> TotalDailyInsPerKg <= 1.128) & bmiPerc >= 0.568)
",-1.128,-1.128,0.000,0.000,1.000,0,0,0,2,2,0,0,2,0.0,0.0,0.0,0.0,0.0,1.0,-1
"F[0,2](DirectLDL <= 0.865 & WeightKg >= 86.584)
",-9999999.000,-9999999.000,0.000,0.000,1.000,0,0,0,2,2,0,0,2,0.0,0.0,0.0,0.0,0.0,1.0,-1
"F[0,2](((HbA1cImputeDtMnC >= 1.761 & UnitsInsBasalOrLongAct >= 9.816) -> Pt_FatherT1D <= 16.330) & Pt_GrandparentT1D <= 21.927)
",-9999999.000,-9999999.000,0.000,0.000,1.000,0,0,0,2,2,0,0,2,0.0,0.0,0.0,0.0,0.0,1.0,-1
"F[0,2](((AlbCreatRat_mggNew <= 9.676 | HbA1cImputeDtMnC >= 2.295) & BldPrSys <= 10.036) & diagAgeCombo >= 1.034)
",-9999999.000,-9999999.000,0.000,0.000,1.000,0,0,0,2,2,0,0,2,0.0,0.0,0.0,0.0,0.0,1.0,-1
"F[1,1]((diabDur <= 2.469 & TotalDailyInsPerKg <= 0.751) -> BUN >= 0.558)
",-0.751,-0.751,0.000,0.000,1.000,0,0,0,2,2,0,0,2,0.0,0.0,0.0,0.0,0.0,1.0,-1
"F[0,2]((Triglyc >= 38.292 -> UnitsInsBasalOrLongAct <= 10.278) | Pt_FatherT1D <= 17.085)
",-9999999.000,-9999999.000,0.000,0.000,1.000,0,0,0,2,2,0,0,2,0.0,0.0,0.0,0.0,0.0,1.0,-1
"F[2,2](((bmi >= 25.996 & HbA1c >= 2.268) -> diabDur >= 0.245) | GFR <= 4.596)
",4.596,4.596,0.000,0.000,1.000,0,0,0,2,2,0,0,2,0.0,0.0,0.0,0.0,0.0,1.0,-1
"F[1,1](HbA1c >= 3.858 -> Pt_A1cGoalLevelDsYr5 = 0.000)
",0.000,0.000,0.000,0.000,1.000,0,0,0,2,2,0,0,2,0.0,0.0,0.0,0.0,0.0,1.0,-1
"F[0,2](HbA1c >= 3.838 -> Pt_A1cGoalLevelDsYr5 = 0.000)
",-9999999.000,-9999999.000,0.000,0.000,1.000,0,0,0,2,2,0,0,2,0.0,0.0,0.0,0.0,0.0,1.0,-1
"((BldPrDia >= 89.049) U[1,2] (NumPumpBolusOrShortAct <= 14.998))
",-9999999.000,-9999999.000,0.000,0.000,1.000,0,0,0,2,2,0,0,2,0.0,0.0,0.0,0.0,0.0,1.0,-1
"F[0,2](HbA1c >= 2.950 -> Pt_A1cGoalLevelDsYr5 = 0.000)
",-9999999.000,-9999999.000,0.000,0.000,1.000,0,0,0,2,2,0,0,2,0.0,0.0,0.0,0.0,0.0,1.0,-1
"F[0,2](HbA1cImputeDtMnC >= 2.215 & HDL <= 66.170)
",-9999999.000,-9999999.000,0.000,0.000,1.000,0,0,0,2,2,0,0,2,0.0,0.0,0.0,0.0,0.0,1.0,-1
"F[0,2]((BGTestAvgNumPtRep <= 2.472 -> BldPrSys >= 147.741) | WeightKg <= 155.709)
",-9999999.000,-9999999.000,0.000,0.000,1.000,0,0,0,2,2,0,0,2,0.0,0.0,0.0,0.0,0.0,1.0,-1
"((Pt_CGMUseNumDays <= 0.000) U[0,0] (Pt_CGMUseNumDays >= 0.000))
",2763.000,2763.000,0.000,0.000,1.000,0,0,0,2,2,0,0,2,0.0,0.0,0.0,0.0,0.0,1.0,-1
"((Triglyc <= 72.922) U[0,1] (Triglyc >= 0.201))
",-9999999.000,-9999999.000,0.000,0.000,1.000,0,0,0,2,2,0,0,2,0.0,0.0,0.0,0.0,0.0,1.0,-1
"F[0,2](BldPrDia >= 84.496 -> LDL >= 0.118)
",-9999999.000,-9999999.000,0.000,0.000,1.000,0,0,0,2,2,0,0,2,0.0,0.0,0.0,0.0,0.0,1.0,-1
"F[0,1]((BGTestAvgNumMeter >= 0.334 -> TotalDailyInsPerKg >= 0.597) & Pt_SHFlg <= 1.158)
",-9999999.000,-9999999.000,0.000,0.000,1.000,0,0,0,2,2,0,0,2,0.0,0.0,0.0,0.0,0.0,1.0,-1
"F[2,2]((AlbCreatRat_mggNew <= 8.920 -> WeightKg <= 88.286) & Pt_SHFlg <= 88.351)
",-88.286,-88.286,0.000,0.000,1.000,0,0,0,2,2,0,0,2,0.0,0.0,0.0,0.0,0.0,1.0,-1
"F[0,2](((BGTestAvgNumMeter >= 0.408 & HDL >= 14.790) -> TotalDailyInsPerKg >= 28.661) -> Pt_FatherT1D <= 60.441)
",-9999999.000,-9999999.000,0.000,0.000,1.000,0,0,0,2,2,0,0,2,0.0,0.0,0.0,0.0,0.0,1.0,-1
"F[0,2](AutonomicNeuroCl > 0.000 -> Pt_SHFlg = 0.000)
",-9999999.000,-9999999.000,0.000,0.000,1.000,0,0,0,2,2,0,0,2,0.0,0.0,0.0,0.0,0.0,1.0,-1
"F[1,1](Triglyc > 34.136 -> Pt_SHFlg = 0.000)
",0.000,0.000,0.000,0.000,1.000,0,0,0,2,2,0,0,2,0.0,0.0,0.0,0.0,0.0,1.0,-1
"((HbA1cImputeDtMnC > -0.035) U[2,2] (Pt_SHFlg = 0.000))
",0.035,0.035,0.000,0.000,1.000,0,0,0,2,2,0,0,2,0.0,0.0,0.0,0.0,0.0,1.0,-1
"F[0,1](HDL < 55.192 -> Pt_SHFlg = 0.000)
",-9999999.000,-9999999.000,0.000,0.000,1.000,0,0,0,2,2,0,0,2,0.0,0.0,0.0,0.0,0.0,1.0,-1
"((TotalDailyInsPerKg <= 1.079) U[1,2] (Pt_SHFlg = 0.000))
",-9999999.000,-9999999.000,0.000,0.000,1.000,0,0,0,2,2,0,0,2,0.0,0.0,0.0,0.0,0.0,1.0,-1
"((LDL >= 34.362) U[0,1] (Pt_SHFlg = 0.000))
",-9999999.000,-9999999.000,0.000,0.000,1.000,0,0,0,2,2,0,0,2,0.0,0.0,0.0,0.0,0.0,1.0,-1
"((AlbCreatRat_mggNew >= 7.988) U[2,2] (Pt_SHFlg = 0.000))
",0.000,0.000,0.000,0.000,1.000,0,0,0,2,2,0,0,2,0.0,0.0,0.0,0.0,0.0,1.0,-1
"((HbA1cImputeDtMnC <= 6.406) U[0,2] (Pt_SHFlg = 0.000))
",-9999999.000,-9999999.000,0.000,0.000,1.000,0,0,0,2,2,0,0,2,0.0,0.0,0.0,0.0,0.0,1.0,-1
"((Pt_A1cGoalLev >= 0.000) U[2,2] (Pt_SHFlg = 0.000))
",0.000,0.000,0.000,0.000,1.000,0,0,0,2,2,0,0,2,0.0,0.0,0.0,0.0,0.0,1.0,-1
"F[0,2](Pt_A1cGoalLevelDsYr5 > 0.000 -> Pt_SHFlg = 0.000)
",-9999999.000,-9999999.000,0.000,0.000,1.000,0,0,0,2,2,0,0,2,0.0,0.0,0.0,0.0,0.0,1.0,-1
"F[0,1](bmi <= 28.209 -> Pt_SHFlg = 0.000)
",-9999999.000,-9999999.000,0.000,0.000,1.000,0,0,0,2,2,0,0,2,0.0,0.0,0.0,0.0,0.0,1.0,-1
"((NumPumpBolusOrShortAct < 13.409) U[1,2] (Pt_SHFlg = 0.000))
",-9999999.000,-9999999.000,0.000,0.000,1.000,0,0,0,2,2,0,0,2,0.0,0.0,0.0,0.0,0.0,1.0,-1
"F[0,2](Pt_DKAFlg >= 0.000 & Pt_SHFlg = 0.000)
",-9999999.000,-9999999.000,0.000,0.000,1.000,0,0,0,2,2,0,0,2,0.0,0.0,0.0,0.0,0.0,1.0,-1
"F[1,2](Pt_GrandchildT1D >= 0.000 & Pt_SHFlg = 0.000)
",-9999999.000,-9999999.000,0.000,0.000,1.000,0,0,0,2,2,0,0,2,0.0,0.0,0.0,0.0,0.0,1.0,-1
"((DirectLDL >= 0.050) U[0,2] (Pt_SHFlg = 0.000))
",-9999999.000,-9999999.000,0.000,0.000,1.000,0,0,0,2,2,0,0,2,0.0,0.0,0.0,0.0,0.0,1.0,-1
"F[0,2](Pt_GrandparentT1D > 0.000 & Pt_SHFlg = 0.000)
",-9999999.000,-9999999.000,0.000,0.000,1.000,0,0,0,2,2,0,0,2,0.0,0.0,0.0,0.0,0.0,1.0,-1
"((Pt_GrandparentT1D < 0.000) U[2,2] (Pt_SHFlg = 0.000))
",0.000,0.000,0.000,0.000,1.000,0,0,0,2,2,0,0,2,0.0,0.0,0.0,0.0,0.0,1.0,-1
"F[1,2](DirectLDL > 0.035 & Pt_SHFlg = 0.000)
",-9999999.000,-9999999.000,0.000,0.000,1.000,0,0,0,2,2,0,0,2,0.0,0.0,0.0,0.0,0.0,1.0,-1
"F[1,2](HbA1c >= 0.595 -> Pt_A1cGoalLevelDsYr5 = 0.000)
",-9999999.000,-9999999.000,0.000,0.000,1.000,0,0,0,2,2,0,0,2,0.0,0.0,0.0,0.0,0.0,1.0,-1
"F[0,2](((Pt_GrandchildT1D <= 0.000 & HbA1cImputeDtMnC >= 2.203) -> age >= 1.512) -> HeightCm <= 6.629)
",-9999999.000,-9999999.000,0.000,0.000,1.000,0,0,0,2,2,0,0,2,0.0,0.0,0.0,0.0,0.0,1.0,-1
"F[1,2]((Pt_CGMUseNumDays <= 0.000 -> bmi >= 27.160) | BldPrDia >= 26.764)
",-9999999.000,-9999999.000,0.000,0.000,1.000,0,0,0,2,2,0,0,2,0.0,0.0,0.0,0.0,0.0,1.0,-1
"F[0,2]((Pt_SHFlg >= 0.000 & BldPrSys >= 139.101) | GFR <= 156.405)
",-9999999.000,-9999999.000,0.000,0.000,1.000,0,0,0,2,2,0,0,2,0.0,0.0,0.0,0.0,0.0,1.0,-1
"G[0,2]((WeightKg >= 86.512 | bmi >= 27.450) -> UnitsInsBasalOrLongAct <= 14.600)
",9999999.000,9999999.000,0.000,1.000,0.000,0,0,0,2,2,0,0,2,0.0,0.0,0.0,0.0,0.0,1.0,1
"G[0,2]((WeightKg >= 82.057 | bmi >= 26.542) -> UnitsInsBasalOrLongAct <= 10.843)
",9999999.000,9999999.000,0.000,1.000,0.000,0,0,0,2,2,0,0,2,0.0,0.0,0.0,0.0,0.0,1.0,1
"G[1,2](GFR <= 0.000 -> BUN >= 0.000)
",9999999.000,9999999.000,0.000,1.000,0.000,0,0,2,0,0,2,2,0,0.0,0.0,1.0,0.0,0.0,1.0,1
"G[1,2](SMBGperDayPtMeterCombo >= 3.000 & BGTestAvgNumPtRep >= 0.493)
",9999999.000,9999999.000,0.000,1.000,0.000,0,0,1,1,1,1,1,1,0.0,0.0,1.0,0.0,0.0,1.0,1
"G[1,2]((WeightKg >= 85.602 | bmi >= 27.267) -> UnitsInsBasalOrLongAct <= 20.794)
",9999999.000,9999999.000,0.000,1.000,0.000,0,0,1,1,1,1,1,1,0.0,0.0,1.0,0.0,0.0,1.0,1
"G[1,2](SMBGperDayPtMeterCombo >= 3.000 & BGTestAvgNumPtRep >= 0.859)
",9999999.000,9999999.000,0.000,1.000,0.000,0,0,1,1,1,1,1,1,0.0,0.0,1.0,0.0,0.0,1.0,1
"G[1,2]((WeightKg >= 82.806 | bmi >= 25.985) -> UnitsInsBasalOrLongAct <= 17.502)
",9999999.000,9999999.000,0.000,1.000,0.000,0,0,1,1,1,1,1,1,0.0,0.0,1.0,0.0,0.0,1.0,1
"G[1,2](GFR <= 0.000 -> BUN >= 0.000)
",9999999.000,9999999.000,0.000,1.000,0.000,0,0,2,0,0,2,2,0,0.0,0.0,1.0,0.0,0.0,1.0,1
"G[2,2](SMBGperDayPtMeterCombo >= 3.000 & BGTestAvgNumPtRep >= 0.765)
",-3.000,-3.000,0.000,1.000,0.000,0,0,2,0,0,2,2,0,0.0,0.0,1.0,0.0,0.0,1.0,1
"G[0,2]((WeightKg >= 82.254 | bmi >= 26.791) -> UnitsInsBasalOrLongAct <= 20.669)
",9999999.000,9999999.000,0.000,1.000,0.000,0,0,1,1,1,1,1,1,0.0,0.0,1.0,0.0,0.0,1.0,1
"G[2,2](GFR <= 0.000 -> BUN >= 0.000)
",0.000,0.000,0.000,1.000,0.000,0,0,2,0,0,2,2,0,0.0,0.0,1.0,0.0,0.0,1.0,1
"G[0,2]((WeightKg >= 83.643 | bmi >= 27.039) -> UnitsInsBasalOrLongAct <= 19.907)
",9999999.000,9999999.000,0.000,1.000,0.000,0,0,1,1,1,1,1,1,0.0,0.0,1.0,0.0,0.0,1.0,1
"G[0,2](GFR <= 0.000 -> BUN >= 0.000)
",9999999.000,9999999.000,0.000,1.000,0.000,0,0,2,0,0,2,2,0,0.0,0.0,1.0,0.0,0.0,1.0,1
"G[0,2](((bmiZscore <= 0.016 | HbA1c <= 4.563) | Pt_A1cGoalLev >= 1.594) | HbA1cImputeDtMnC >= 2.837)
",9999999.000,9999999.000,0.000,1.000,0.000,0,0,1,1,1,1,1,1,0.0,0.0,1.0,0.0,0.0,1.0,1
"G[0,2]((WeightKg >= 82.869 | bmi >= 26.607) -> UnitsInsBasalOrLongAct <= 14.650)
",9999999.000,9999999.000,0.000,1.000,0.000,0,0,0,2,2,0,0,2,0.0,0.0,0.0,0.0,0.0,1.0,1
"G[0,2](SMBGperDayPtMeterCombo >= 3.000 & BGTestAvgNumPtRep >= 1.873)
",9999999.000,9999999.000,0.000,1.000,0.000,0,0,1,1,1,1,1,1,0.0,0.0,1.0,0.0,0.0,1.0,1
"G[0,1]((WeightKg >= 86.833 | bmi >= 27.023) -> UnitsInsBasalOrLongAct <= 16.269)
",9999999.000,9999999.000,0.000,1.000,0.000,0,0,0,2,2,0,0,2,0.0,0.0,0.0,0.0,0.0,1.0,1
"G[0,2](GFR <= 0.000 -> BUN >= 0.000)
",9999999.000,9999999.000,0.000,1.000,0.000,0,0,2,0,0,2,2,0,0.0,0.0,1.0,0.0,0.0,1.0,1
"G[2,2](SMBGperDayPtMeterCombo >= 3.000 & BGTestAvgNumPtRep >= 1.480)
",-3.000,-3.000,0.000,1.000,0.000,0,0,2,0,0,2,2,0,0.0,0.0,1.0,0.0,0.0,1.0,1
"G[0,1]((WeightKg >= 87.181 | bmi >= 26.747) -> UnitsInsBasalOrLongAct <= 10.913)
",9999999.000,9999999.000,0.000,1.000,0.000,0,0,0,2,2,0,0,2,0.0,0.0,0.0,0.0,0.0,1.0,1
"G[1,2](GFR <= 0.000 -> BUN >= 0.000)
",9999999.000,9999999.000,0.000,1.000,0.000,0,0,2,0,0,2,2,0,0.0,0.0,1.0,0.0,0.0,1.0,1
"G[0,2](Pt_InsGov < 0.000 -> Pt_SHFlg = 0.000)
",9999999.000,9999999.000,0.000,1.000,0.000,0,0,2,0,0,2,2,0,0.0,0.0,1.0,0.0,0.0,1.0,1
"G[0,2](Pt_InsGov >= 0.000 & Pt_SHFlg = 0.000)
",9999999.000,9999999.000,0.000,1.000,0.000,0,0,2,0,0,2,2,0,0.0,0.0,1.0,0.0,0.0,1.0,1
"G[0,2](BldPrDia <= 98.956 & Pt_SHFlg = 0.000)
",9999999.000,9999999.000,0.000,1.000,0.000,0,0,1,1,1,1,1,1,0.0,0.0,1.0,0.0,0.0,1.0,1
"G[0,2](LDL >= 0.229 -> Pt_SHFlg = 0.000)
",9999999.000,9999999.000,0.000,1.000,0.000,0,0,2,0,0,2,2,0,0.0,0.0,1.0,0.0,0.0,1.0,1
"G[0,2](BldPrSys < 152.024 -> Pt_SHFlg = 0.000)
",9999999.000,9999999.000,0.000,1.000,0.000,0,0,2,0,0,2,2,0,0.0,0.0,1.0,0.0,0.0,1.0,1
"G[1,2](BUN <= 0.000 & Pt_SHFlg = 0.000)
",9999999.000,9999999.000,0.000,1.000,0.000,0,0,2,0,0,2,2,0,0.0,0.0,1.0,0.0,0.0,1.0,1
"G[0,1](Pt_FatherT1D > 0.000 & Pt_SHFlg = 0.000)
",9999999.000,9999999.000,0.000,1.000,0.000,0,0,0,2,2,0,0,2,0.0,0.0,0.0,0.0,0.0,1.0,1
"G[0,2]((DirectLDL <= 0.933 -> HbA1cImputeDtMnC >= 1.504) -> Pt_SHFlg >= 2.472)
",9999999.000,9999999.000,0.000,1.000,0.000,0,0,0,2,2,0,0,2,0.0,0.0,0.0,0.0,0.0,1.0,1
"G[2,2](((Triglyc >= 24.397 & Pt_MotherT1D <= 0.000) -> AutonomicNeuroCl <= 0.000) -> AutonomicNeuroCl <= 0.000)
",0.000,0.000,0.000,1.000,0.000,0,0,2,0,0,2,2,0,0.0,0.0,1.0,0.0,0.0,1.0,1
"G[1,2](((bmiZscore <= -0.024 | WeightKg <= 87.840) | BldPrDia <= 88.113) -> bmiZscore <= 88.008)
",9999999.000,9999999.000,0.000,1.000,0.000,0,0,2,0,0,2,2,0,0.0,0.0,1.0,0.0,0.0,1.0,1
"G[2,2](((HeightCm >= 177.800 -> DirectLDL <= 0.598) | bmiPerc >= 0.221) & Pt_GrandchildT1D >= 0.135)
",-0.221,-0.221,0.000,1.000,0.000,0,0,2,0,0,2,2,0,0.0,0.0,1.0,0.0,0.0,1.0,1
"G[0,2](SMBGperDayPtMeterCombo <= 3.000 | HeightCm <= 177.800)
",9999999.000,9999999.000,0.000,1.000,0.000,0,0,2,0,0,2,2,0,0.0,0.0,1.0,0.0,0.0,1.0,1
"G[0,2](GFR <= 0.000 | diabDur >= 1.156)
",9999999.000,9999999.000,0.000,1.000,0.000,0,0,2,0,0,2,2,0,0.0,0.0,1.0,0.0,0.0,1.0,1
"G[1,2](((TotalDailyInsPerKg <= 1.209 & Pt_SHFlg >= 0.000) -> WeightKg <= 0.000) | Triglyc >= 0.000)
",9999999.000,9999999.000,0.000,1.000,0.000,0,0,2,0,0,2,2,0,0.0,0.0,1.0,0.0,0.0,1.0,1
"G[1,2](diagAgeCombo <= 43.000 | Pt_SiblingT1D <= 0.000)
",9999999.000,9999999.000,0.000,1.000,0.000,0,0,2,0,0,2,2,0,0.0,0.0,1.0,0.0,0.0,1.0,1
"G[0,2]((DirectLDL >= 0.012 & Pt_DKAFlg >= 0.000) & diagAgeCombo >= 0.000)
",9999999.000,9999999.000,0.000,1.000,0.000,0,0,0,2,2,0,0,2,0.0,0.0,0.0,0.0,0.0,1.0,1
"G[0,2](((DirectLDL >= 0.021 -> Pt_ChildT1D >= 0.000) | Pt_SHFlg <= 0.000) -> Triglyc >= 0.000)
",9999999.000,9999999.000,0.000,1.000,0.000,0,0,2,0,0,2,2,0,0.0,0.0,1.0,0.0,0.0,1.0,1
"G[2,2](GFR >= 0.000 | Pt_A1cGoalLev >= 0.000)
",0.000,0.000,0.000,1.000,0.000,0,0,2,0,0,2,2,0,0.0,0.0,1.0,0.0,0.0,1.0,1
"G[0,0](((Triglyc <= 65.872 | BldPrSys <= 156.141) & WeightKg <= 152.339) & WeightKg >= 145.761)
",-142.761,-142.761,0.000,1.000,0.000,0,0,0,2,2,0,0,2,0.0,0.0,0.0,0.0,0.0,1.0,1
"G[1,2]((BldPrSys >= 149.046 -> HeightCm <= 177.800) -> Pt_SHFlg <= 177.800)
",9999999.000,9999999.000,0.000,1.000,0.000,0,0,2,0,0,2,2,0,0.0,0.0,1.0,0.0,0.0,1.0,1
"G[1,2]((Pt_SiblingT1D <= 0.000 | BGTestAvgNumPtRep >= 0.236) | BUN <= 2.749)
",9999999.000,9999999.000,0.000,1.000,0.000,0,0,2,0,0,2,2,0,0.0,0.0,1.0,0.0,0.0,1.0,1
"G[1,2](((diagAgeCombo <= 43.000 | Triglyc >= 6.811) & BUN >= 26.495) & age >= 39.627)
",9999999.000,9999999.000,0.000,1.000,0.000,0,0,0,2,2,0,0,2,0.0,0.0,0.0,0.0,0.0,1.0,1
"G[0,1]((bmiPerc >= 0.000 -> bmi >= 26.293) & Pt_InsGov >= 26.470)
",9999999.000,9999999.000,0.000,1.000,0.000,0,0,0,2,2,0,0,2,0.0,0.0,0.0,0.0,0.0,1.0,1
"G[0,1](BUN <= 0.000 & bmiZscore <= -0.030)
",9999999.000,9999999.000,0.000,1.000,0.000,0,0,0,2,2,0,0,2,0.0,0.0,0.0,0.0,0.0,1.0,1
"G[2,2](Pt_DKAFlg <= 0.000 & Pt_ChildT1D >= 0.000)
",0.000,0.000,0.000,1.000,0.000,0,0,2,0,0,2,2,0,0.0,0.0,1.0,0.0,0.0,1.0,1
"G[0,0]((NumPumpBolusOrShortAct >= 1.095 | HeightCm >= 177.800) & Pt_CGMUseNumDays >= 177.800)
",-1.095,-1.095,0.000,1.000,0.000,0,0,0,2,2,0,0,2,0.0,0.0,0.0,0.0,0.0,1.0,1
"G[1,2]((diabDur <= 2.273 | UnitsInsBasalOrLongAct <= 15.396) -> HeightCm <= 18.026)
",9999999.000,9999999.000,0.000,1.000,0.000,0,0,0,2,2,0,0,2,0.0,0.0,0.0,0.0,0.0,1.0,1
"G[1,2]((DirectLDL >= 0.114 -> HbA1c >= 2.173) -> NumPumpBolusOrShortAct >= 0.445)
",9999999.000,9999999.000,0.000,1.000,0.000,0,0,2,0,0,2,2,0,0.0,0.0,1.0,0.0,0.0,1.0,1
"G[0,2]((BldPrDia >= 86.206 & Triglyc >= 1.653) | AlbCreatRat_mggNew >= 8.021)
",9999999.000,9999999.000,0.000,1.000,0.000,0,0,1,1,1,1,1,1,0.0,0.0,1.0,0.0,0.0,1.0,1
"G[0,2](BGTestAvgNumMeter <= 2.579 | WeightKg >= 85.915)
",9999999.000,9999999.000,0.000,1.000,0.000,0,0,1,1,1,1,1,1,0.0,0.0,1.0,0.0,0.0,1.0,1
"G[1,2](AlbCreatRat_mggNew <= 10.468 -> BGTestAvgNumPtRep >= 2.114)
",9999999.000,9999999.000,0.000,1.000,0.000,0,0,2,0,0,2,2,0,0.0,0.0,1.0,0.0,0.0,1.0,1
"G[0,2](AlbCreatRat_mggNew <= 9.960 & bmiZscore <= -0.052)
",9999999.000,9999999.000,0.000,1.000,0.000,0,0,0,2,2,0,0,2,0.0,0.0,0.0,0.0,0.0,1.0,1
"G[1,2]((HbA1c <= 6.316 | WeightKg <= 89.380) | LDL >= 87.643)
",9999999.000,9999999.000,0.000,1.000,0.000,0,0,2,0,0,2,2,0,0.0,0.0,1.0,0.0,0.0,1.0,1
"((BUN <= 0.000) U[0,1] (DirectLDL >= 0.405))
",-9999999.000,-9999999.000,0.000,0.000,1.000,0,0,0,2,2,0,0,2,0.0,0.0,0.0,0.0,0.0,1.0,-1
"G[1,2]((Pt_SHFlg >= 0.000 & BldPrSys <= 152.775) & GFR <= 156.751)
",9999999.000,9999999.000,0.000,1.000,0.000,0,0,1,1,1,1,1,1,0.0,0.0,1.0,0.0,0.0,1.0,1
"G[2,2]((HbA1c <= 5.570 | WeightKg <= 87.957) | Pt_CGMUseNumDays <= 90.179)
",90.179,90.179,0.000,1.000,0.000,0,0,2,0,0,2,2,0,0.0,0.0,1.0,0.0,0.0,1.0,1
"G[2,2]((Pt_GrandparentT1D <= 0.000 & Triglyc >= 15.904) | BUN >= 64.520)
",-15.904,-15.904,0.000,1.000,0.000,0,0,2,0,0,2,2,0,0.0,0.0,1.0,0.0,0.0,1.0,1
"G[2,2](((TSH >= 0.000 & Triglyc >= 19.898) | Pt_A1cGoalLevelDsYr5 <= 84.285) -> BUN >= 59.938)
",-84.285,-84.285,0.000,1.000,0.000,0,0,2,0,0,2,2,0,0.0,0.0,1.0,0.0,0.0,1.0,1
"G[0,1](DirectLDL <= 0.556 & TotalDailyInsPerKg >= 0.654)
",9999999.000,9999999.000,0.000,1.000,0.000,0,0,0,2,2,0,0,2,0.0,0.0,0.0,0.0,0.0,1.0,1
"G[0,2](((Pt_InsGov >= 0.000 | bmi >= 26.566) | Pt_FatherT1D >= 26.876) & HbA1c >= 27.095)
",9999999.000,9999999.000,0.000,1.000,0.000,0,0,0,2,2,0,0,2,0.0,0.0,0.0,0.0,0.0,1.0,1
"G[1,2]((HbA1c >= 0.890 -> HbA1c >= 2.494) -> bmiPerc <= 4.837)
",9999999.000,9999999.000,0.000,1.000,0.000,0,0,2,0,0,2,2,0,0.0,0.0,1.0,0.0,0.0,1.0,1
"G[0,0](TotalDailyInsPerKg >= 0.423 & BldPrSys <= 153.927)
",1.577,1.577,0.000,1.000,0.000,0,0,0,2,2,0,0,2,0.0,0.0,0.0,0.0,0.0,1.0,1
"G[0,0](((Pt_FatherT1D >= 0.000 | WeightKg <= 90.638) & Pt_InsGov <= 87.844) -> bmi >= 87.687)
",-87.638,-87.638,0.000,1.000,0.000,0,0,0,2,2,0,0,2,0.0,0.0,0.0,0.0,0.0,1.0,1
"G[1,2](Pt_CGMUseNumDays <= 0.000 | GFR <= 0.000)
",9999999.000,9999999.000,0.000,1.000,0.000,0,0,2,0,0,2,2,0,0.0,0.0,1.0,0.0,0.0,1.0,1
"G[0,1](((UnitsInsBasalOrLongAct >= 4.961 -> Pt_MotherT1D <= 0.000) -> TotalDailyInsPerKg <= 0.000) & TotalDailyInsPerKg >= 0.000)
",9999999.000,9999999.000,0.000,1.000,0.000,0,0,0,2,2,0,0,2,0.0,0.0,0.0,0.0,0.0,1.0,1
"G[0,1](age <= 45.982 & BGTestAvgNumMeter >= 0.946)
",9999999.000,9999999.000,0.000,1.000,0.000,0,0,0,2,2,0,0,2,0.0,0.0,0.0,0.0,0.0,1.0,1
"G[1,2]((Triglyc <= 87.551 & bmiPerc >= 0.000) -> HbA1c >= 0.000)
",9999999.000,9999999.000,0.000,1.000,0.000,0,0,2,0,0,2,2,0,0.0,0.0,1.0,0.0,0.0,1.0,1
"G[1,1]((BldPrSys >= 140.850 | Triglyc >= 47.901) -> TotChol <= 85.050)
",-85.050,-85.050,0.000,1.000,0.000,0,0,0,2,2,0,0,2,0.0,0.0,0.0,0.0,0.0,1.0,1
"G[0,2](Pt_InsGov >= 0.000 -> Triglyc <= 79.530)
",9999999.000,9999999.000,0.000,1.000,0.000,0,0,0,2,2,0,0,2,0.0,0.0,0.0,0.0,0.0,1.0,1
"G[2,2](diabDur <= 1.998 -> LDL >= 27.627)
",-1.998,-1.998,0.000,1.000,0.000,0,0,2,0,0,2,2,0,0.0,0.0,1.0,0.0,0.0,1.0,1
"G[2,2](((Triglyc >= 52.355 | BUN <= 0.000) -> HbA1cImputeDtMnC >= 0.000) & AutonomicNeuroCl <= 0.000)
",0.000,0.000,0.000,1.000,0.000,0,0,2,0,0,2,2,0,0.0,0.0,1.0,0.0,0.0,1.0,1
"G[1,2]((Pt_A1cGoalLev <= 0.000 & BldPrSys <= 156.830) -> TSH >= 149.953)
",9999999.000,9999999.000,0.000,1.000,0.000,0,0,1,1,1,1,1,1,0.0,0.0,1.0,0.0,0.0,1.0,1
"G[1,1](((TotalDailyInsPerKg <= 0.788 | bmiZscore <= 0.009) & BldPrDia <= 0.059) & TotChol <= 0.039)
",0.039,0.039,0.000,1.000,0.000,0,0,0,2,2,0,0,2,0.0,0.0,0.0,0.0,0.0,1.0,1
"G[0,1](((bmiZscore >= -0.171 & TotalDailyInsPerKg >= 0.609) -> diagAgeCombo <= 0.945) -> Pt_SHFlg >= 0.655)
",9999999.000,9999999.000,0.000,1.000,0.000,0,0,0,2,2,0,0,2,0.0,0.0,0.0,0.0,0.0,1.0,1
"G[2,2]((AlbCreatRat_mggNew >= 8.415 | Pt_ChildT1D >= 0.000) | TSH <= 0.000)
",0.000,0.000,0.000,1.000,0.000,0,0,2,0,0,2,2,0,0.0,0.0,1.0,0.0,0.0,1.0,1
"G[2,2]((Pt_DKAFlg >= 0.000 & age >= 43.981) | WeightKg <= 46.915)
",46.915,46.915,0.000,1.000,0.000,0,0,2,0,0,2,2,0,0.0,0.0,1.0,0.0,0.0,1.0,1
"G[2,2]((age <= 45.475 & TSH >= 0.000) | UnitsInsBasalOrLongAct >= 0.000)
",0.000,0.000,0.000,1.000,0.000,0,0,2,0,0,2,2,0,0.0,0.0,1.0,0.0,0.0,1.0,1
"G[0,1]((TotalDailyInsPerKg >= 0.604 & diagAgeCombo >= 43.000) & Pt_ChildT1D <= 43.000)
",9999999.000,9999999.000,0.000,1.000,0.000,0,0,0,2,2,0,0,2,0.0,0.0,0.0,0.0,0.0,1.0,1
"G[0,2]((Pt_ChildT1D >= 0.000 & Pt_GrandparentT1D >= 0.000) & HeightCm >= 0.000)
",9999999.000,9999999.000,0.000,1.000,0.000,0,0,2,0,0,2,2,0,0.0,0.0,1.0,0.0,0.0,1.0,1
"G[2,2]((TotalDailyInsPerKg >= 0.545 -> TotalDailyInsPerKg >= 0.348) -> AutonomicNeuroCl <= 1.205)
",-1.205,-1.205,0.000,1.000,0.000,0,0,2,0,0,2,2,0,0.0,0.0,1.0,0.0,0.0,1.0,1
"G[1,2](TotChol >= 62.938 & GFR <= 0.000)
",9999999.000,9999999.000,0.000,1.000,0.000,0,0,2,0,0,2,2,0,0.0,0.0,1.0,0.0,0.0,1.0,1
"G[0,1]((diagAgeCombo <= 43.000 & DirectLDL <= 0.842) | TotChol <= 0.690)
",9999999.000,9999999.000,0.000,1.000,0.000,0,0,0,2,2,0,0,2,0.0,0.0,0.0,0.0,0.0,1.0,1
"G[0,1]((Pt_A1cGoalLevelDsYr5 >= 0.000 -> LDL <= 43.754) | SMBGperDayPtMeterCombo >= 22.590)
",9999999.000,9999999.000,0.000,1.000,0.000,0,0,0,2,2,0,0,2,0.0,0.0,0.0,0.0,0.0,1.0,1
"G[0,2]((HbA1c >= 2.697 | HbA1cImputeDtMnC >= 0.703) | BldPrSys >= 1.580)
",9999999.000,9999999.000,0.000,1.000,0.000,0,0,2,0,0,2,2,0,0.0,0.0,1.0,0.0,0.0,1.0,1
"G[0,2](BGTestAvgNumPtRep <= 2.745 & NumPumpBolusOrShortAct >= 6.100)
",9999999.000,9999999.000,0.000,1.000,0.000,0,0,0,2,2,0,0,2,0.0,0.0,0.0,0.0,0.0,1.0,1
"G[0,2]((BldPrSys <= 151.605 | TotChol <= 129.881) -> Triglyc <= 116.119)
",9999999.000,9999999.000,0.000,1.000,0.000,0,0,2,0,0,2,2,0,0.0,0.0,1.0,0.0,0.0,1.0,1
"G[0,1]((LDL >= 6.101 -> UnitsInsBasalOrLongAct <= 19.707) & BGTestAvgNumPtRep >= 3.335)
",9999999.000,9999999.000,0.000,1.000,0.000,0,0,0,2,2,0,0,2,0.0,0.0,0.0,0.0,0.0,1.0,1
"G[2,2]((bmi >= 26.563 & DirectLDL >= 0.204) -> Pt_GrandchildT1D >= 0.223)
",0.223,0.223,0.000,1.000,0.000,0,0,2,0,0,2,2,0,0.0,0.0,1.0,0.0,0.0,1.0,1
"G[1,2](bmiZscore >= -0.104 -> DirectLDL >= 0.262)
",9999999.000,9999999.000,0.000,1.000,0.000,0,0,2,0,0,2,2,0,0.0,0.0,1.0,0.0,0.0,1.0,1
"G[0,2]((TotChol <= 103.372 & UnitsInsBasalOrLongAct >= 9.927) & UnitsInsBasalOrLongAct <= 20.044)
",9999999.000,9999999.000,0.000,1.000,0.000,0,0,0,2,2,0,0,2,0.0,0.0,0.0,0.0,0.0,1.0,1
"G[1,2](((Pt_InsGov >= 0.000 | AutonomicNeuroCl >= 0.000) | UnitsInsBasalOrLongAct >= 0.000) -> SMBGperDayPtMeterCombo >= 0.000)
",9999999.000,9999999.000,0.000,1.000,0.000,0,0,2,0,0,2,2,0,0.0,0.0,1.0,0.0,0.0,1.0,1
"G[1,2]((BGTestAvgNumPtRep <= 2.495 & BldPrDia <= 97.812) -> AutonomicNeuroCl <= 94.146)
",9999999.000,9999999.000,0.000,1.000,0.000,0,0,2,0,0,2,2,0,0.0,0.0,1.0,0.0,0.0,1.0,1
"G[0,1](((BldPrSys <= 153.660 -> HDL >= 20.290) -> LDL <= 49.490) & GFR >= 33.580)
",9999999.000,9999999.000,0.000,1.000,0.000,0,0,0,2,2,0,0,2,0.0,0.0,0.0,0.0,0.0,1.0,1
"G[1,2]((BldPrDia <= 92.395 | bmi <= 27.786) -> Pt_ChildT1D >= 27.471)
",9999999.000,9999999.000,0.000,1.000,0.000,0,0,1,1,1,1,1,1,0.0,0.0,1.0,0.0,0.0,1.0,1
"G[1,2]((bmi >= 27.751 | diabDur >= 0.290) & GFR >= 0.954)
",9999999.000,9999999.000,0.000,1.000,0.000,0,0,0,2,2,0,0,2,0.0,0.0,0.0,0.0,0.0,1.0,1
"G[0,2](bmi <= 28.411 | TotalDailyInsPerKg >= 0.521)
",9999999.000,9999999.000,0.000,1.000,0.000,0,0,1,1,1,1,1,1,0.0,0.0,1.0,0.0,0.0,1.0,1
"G[0,1]((TotalDailyInsPerKg >= 0.312 -> WeightKg >= 83.009) & Pt_SHFlg >= 87.098)
",9999999.000,9999999.000,0.000,1.000,0.000,0,0,0,2,2,0,0,2,0.0,0.0,0.0,0.0,0.0,1.0,1
"G[1,2]((BGTestAvgNumMeter >= 1.402 & BldPrSys <= 155.431) & Pt_DKAFlg <= 155.858)
",9999999.000,9999999.000,0.000,1.000,0.000,0,0,1,1,1,1,1,1,0.0,0.0,1.0,0.0,0.0,1.0,1
"G[0,2]((HDL <= 48.929 -> TotChol <= 142.663) -> Pt_FatherT1D >= 20.019)
",9999999.000,9999999.000,0.000,1.000,0.000,0,0,0,2,2,0,0,2,0.0,0.0,0.0,0.0,0.0,1.0,1
"G[2,2]((AlbCreatRat_mggNew <= 11.554 -> HbA1c <= 8.209) | DirectLDL >= 2.577)
",-2.577,-2.577,0.000,1.000,0.000,0,0,2,0,0,2,2,0,0.0,0.0,1.0,0.0,0.0,1.0,1
"G[2,2](TotalDailyInsPerKg > 0.628 -> Pt_SHFlg = 0.000)
",0.000,0.000,0.000,1.000,0.000,0,0,2,0,0,2,2,0,0.0,0.0,1.0,0.0,0.0,1.0,1
"G[2,2](DirectLDL < 0.963 -> Pt_SHFlg = 0.000)
",-0.963,-0.963,0.000,1.000,0.000,0,0,2,0,0,2,2,0,0.0,0.0,1.0,0.0,0.0,1.0,1
"G[2,2](HeightCm <= 177.800 -> Pt_SHFlg = 0.000)
",-177.800,-177.800,0.000,1.000,0.000,0,0,2,0,0,2,2,0,0.0,0.0,1.0,0.0,0.0,1.0,1
"G[1,2]((age <= 45.909 & BGTestAvgNumMeter >= 0.078) -> bmiZscore >= 0.345)
",9999999.000,9999999.000,0.000,1.000,0.000,0,0,1,1,1,1,1,1,0.0,0.0,1.0,0.0,0.0,1.0,1
"G[0,2]((Pt_CGMUseNumDays <= 0.000 & HbA1c <= 6.507) -> Pt_ChildT1D >= 3.802)
",9999999.000,9999999.000,0.000,1.000,0.000,0,0,1,1,1,1,1,1,0.0,0.0,1.0,0.0,0.0,1.0,1
"G[1,2](SMBGperDayPtMeterCombo >= 3.000 & BGTestAvgNumPtRep >= 0.072)
",9999999.000,9999999.000,0.000,1.000,0.000,0,0,1,1,1,1,1,1,0.0,0.0,1.0,0.0,0.0,1.0,1
"G[1,2]((Triglyc >= 58.788 & LDL <= 61.162) | bmiZscore <= 51.006)
",9999999.000,9999999.000,0.000,1.000,0.000,0,0,2,0,0,2,2,0,0.0,0.0,1.0,0.0,0.0,1.0,1
"G[1,2](diagAgeCombo >= 43.000 -> Pt_DKAFlg >= 0.000)
",9999999.000,9999999.000,0.000,1.000,0.000,0,0,2,0,0,2,2,0,0.0,0.0,1.0,0.0,0.0,1.0,1
"G[1,2](((diagAgeCombo <= 43.000 & Pt_MotherT1D <= 0.000) -> AutonomicNeuroCl <= 0.000) & Pt_A1cGoalLev <= 0.000)
",9999999.000,9999999.000,0.000,1.000,0.000,0,0,2,0,0,2,2,0,0.0,0.0,1.0,0.0,0.0,1.0,1
"((Pt_GrandparentT1D <= 0.000) U[2,2] (HbA1cImputeDtMnC <= 4.904))
",4.904,4.904,0.000,0.000,1.000,0,0,0,2,2,0,0,2,0.0,0.0,0.0,0.0,0.0,1.0,-1
"F[1,2]((DirectLDL >= 0.052 -> NumPumpBolusOrShortAct >= 1.047) -> NumPumpBolusOrShortAct >= 7.398)
",-9999999.000,-9999999.000,0.000,0.000,1.000,0,0,0,2,2,0,0,2,0.0,0.0,0.0,0.0,0.0,1.0,-1
"F[0,0](((Pt_MotherT1D >= 0.000 & age >= 43.762) | bmiPerc <= 46.911) | bmiZscore >= 44.746)
",18.005,19.893,0.000,0.000,1.000,0,0,0,2,2,0,0,2,0.0,0.0,0.0,0.0,0.0,1.0,-1
"((SMBGperDayPtMeterCombo <= 3.000) U[0,2] (HbA1c <= 4.039))
",-9999999.000,-9999999.000,0.000,0.000,1.000,0,0,0,2,2,0,0,2,0.0,0.0,0.0,0.0,0.0,1.0,-1
"F[1,2]((BldPrDia >= 85.274 -> TotalDailyInsPerKg >= 0.507) -> bmiZscore >= 0.504)
",-9999999.000,-9999999.000,0.000,0.000,1.000,0,0,0,2,2,0,0,2,0.0,0.0,0.0,0.0,0.0,1.0,-1
"F[1,2]((age <= 46.669 -> BUN <= 0.000) & AlbCreatRat_mggNew >= 0.000)
",-9999999.000,-9999999.000,0.000,0.000,1.000,0,0,0,2,2,0,0,2,0.0,0.0,0.0,0.0,0.0,1.0,-1
"F[0,2](((bmiPerc >= 0.000 -> HeightCm >= 177.800) & diabDur <= 177.800) -> Pt_SiblingT1D <= 177.800)
",-9999999.000,-9999999.000,0.000,0.000,1.000,0,0,0,2,2,0,0,2,0.0,0.0,0.0,0.0,0.0,1.0,-1
"F[0,2]((TotChol >= 9.795 | BldPrSys <= 156.567) | AlbCreatRat_mggNew <= 155.518)
",-9999999.000,-9999999.000,0.000,0.000,1.000,0,0,0,2,2,0,0,2,0.0,0.0,0.0,0.0,0.0,1.0,-1
"F[0,0]((HDL <= 69.334 -> Pt_SHFlg <= 0.000) & Pt_MotherT1D >= 0.000)
",-1.815,-16.334,0.000,0.000,1.000,0,0,0,2,2,0,0,2,0.0,0.0,0.0,0.0,0.0,1.0,-1
"((GFR >= 0.000) U[0,2] (BGTestAvgNumMeter <= 2.939))
",-9999999.000,-9999999.000,0.000,0.000,1.000,0,0,0,2,2,0,0,2,0.0,0.0,0.0,0.0,0.0,1.0,-1
"F[0,1]((Pt_GrandparentT1D >= 0.000 -> WeightKg >= 82.031) | BGTestAvgNumPtRep >= 82.198)
",-9999999.000,-9999999.000,0.000,0.000,1.000,0,0,0,2,2,0,0,2,0.0,0.0,0.0,0.0,0.0,1.0,-1
"F[0,1](((age >= 44.227 | Pt_SiblingT1D >= 0.000) -> Triglyc >= 0.000) | Triglyc <= 0.000)
",-9999999.000,-9999999.000,0.000,0.000,1.000,0,0,0,2,2,0,0,2,0.0,0.0,0.0,0.0,0.0,1.0,-1
"F[1,2]((NumPumpBolusOrShortAct >= 3.975 | age <= 46.681) -> Pt_A1cGoalLev >= 43.553)
",-9999999.000,-9999999.000,0.000,0.000,1.000,0,0,0,2,2,0,0,2,0.0,0.0,0.0,0.0,0.0,1.0,-1
"G[2,2](HbA1cImputeDtMnC <= 9.703 -> LDL >= 24.437)
",-9.703,-9.703,0.000,1.000,0.000,0,0,2,0,0,2,2,0,0.0,0.0,1.0,0.0,0.0,1.0,1
"F[0,2]((Pt_ChildT1D <= 0.000 | GFR >= 0.000) -> Pt_CGMUseNumDays >= 0.000)
",-9999999.000,-9999999.000,0.000,0.000,1.000,0,0,0,2,2,0,0,2,0.0,0.0,0.0,0.0,0.0,1.0,-1
"F[0,0](((AlbCreatRat_mggNew >= 7.869 | Pt_SiblingT1D >= 0.000) | BUN <= 0.000) -> BGTestAvgNumMeter >= 0.000)
",-1.000,-11.000,0.000,0.000,1.000,0,0,0,2,2,0,0,2,0.0,0.0,0.0,0.0,0.0,1.0,-1
"F[1,1](bmiPerc >= 0.000 | SMBGperDayPtMeterCombo <= 3.000)
",3.000,3.000,0.000,0.000,1.000,0,0,0,2,2,0,0,2,0.0,0.0,0.0,0.0,0.0,1.0,-1
"F[2,2](((Pt_ChildT1D <= 0.000 | Pt_MotherT1D >= 0.000) -> diagAgeCombo >= 0.000) & TotalDailyInsPerKg <= 0.000)
",0.000,0.000,0.000,0.000,1.000,0,0,0,2,2,0,0,2,0.0,0.0,0.0,0.0,0.0,1.0,-1
"((age <= 45.078) U[0,2] (Pt_DKAFlg >= 0.000))
",-9999999.000,-9999999.000,0.000,0.000,1.000,0,0,0,2,2,0,0,2,0.0,0.0,0.0,0.0,0.0,1.0,-1
"G[0,2]((diabDur <= 2.204 & age <= 46.114) -> Pt_GrandparentT1D <= 45.222)
",9999999.000,9999999.000,0.000,1.000,0.000,0,0,2,0,0,2,2,0,0.0,0.0,1.0,0.0,0.0,1.0,1
"G[1,2](((Pt_CGMUseNumDays <= 0.000 | Pt_SiblingT1D <= 0.000) -> Pt_ChildT1D >= 0.000) -> HeightCm >= 0.000)
",9999999.000,9999999.000,0.000,1.000,0.000,0,0,2,0,0,2,2,0,0.0,0.0,1.0,0.0,0.0,1.0,1
"G[1,2](BGTestAvgNumPtRep >= 1.458 -> Pt_ChildT1D <= 0.000)
",9999999.000,9999999.000,0.000,1.000,0.000,0,0,2,0,0,2,2,0,0.0,0.0,1.0,0.0,0.0,1.0,1
"G[1,2]((Triglyc <= 70.806 | BldPrSys <= 154.808) & AlbCreatRat_mggNew >= 144.778)
",9999999.000,9999999.000,0.000,1.000,0.000,0,0,0,2,2,0,0,2,0.0,0.0,0.0,0.0,0.0,1.0,1
"G[2,2](((TotChol <= 124.682 -> WeightKg >= 82.002) | DirectLDL >= 86.190) | Pt_DKAFlg >= 87.119)
",-86.190,-86.190,0.000,1.000,0.000,0,0,2,0,0,2,2,0,0.0,0.0,1.0,0.0,0.0,1.0,1
"G[1,2](Pt_CGMUseNumDays <= 0.000 -> Pt_CGMUseNumDays >= 0.000)
",9999999.000,9999999.000,0.000,1.000,0.000,0,0,2,0,0,2,2,0,0.0,0.0,1.0,0.0,0.0,1.0,1
"F[0,2](UnitsInsBasalOrLongAct <= 21.672 -> UnitsInsBasalOrLongAct <= 13.602)
",-9999999.000,-9999999.000,0.000,0.000,1.000,0,0,0,2,2,0,0,2,0.0,0.0,0.0,0.0,0.0,1.0,-1
"((Pt_DKAFlg >= 0.000) U[2,2] (TotalDailyInsPerKg >= 0.626))
",0.000,0.000,0.000,0.000,1.000,0,0,0,2,2,0,0,2,0.0,0.0,0.0,0.0,0.0,1.0,-1
"F[0,2](HbA1c >= 1.488 -> bmiPerc <= 0.000)
",-9999999.000,-9999999.000,0.000,0.000,1.000,0,0,0,2,2,0,0,2,0.0,0.0,0.0,0.0,0.0,1.0,-1
"F[2,2](((AlbCreatRat_mggNew <= 9.008 | TSH <= 0.000) & Pt_InsGov <= 0.000) | AutonomicNeuroCl <= 0.000)
",0.000,0.000,0.000,0.000,1.000,0,0,0,2,2,0,0,2,0.0,0.0,0.0,0.0,0.0,1.0,-1
"F[0,1](((GFR >= 0.000 -> AlbCreatRat_mggNew >= 8.212) | Pt_A1cGoalLev <= 9.805) | Pt_SHFlg <= 9.168)
",-9999999.000,-9999999.000,0.000,0.000,1.000,0,0,0,2,2,0,0,2,0.0,0.0,0.0,0.0,0.0,1.0,-1
"F[1,1]((Pt_SHFlg >= 0.000 & HbA1c >= 1.561) -> Pt_DKAFlg <= 6.813)
",-6.813,-6.813,0.000,0.000,1.000,0,0,0,2,2,0,0,2,0.0,0.0,0.0,0.0,0.0,1.0,-1
"F[1,1]((BGTestAvgNumPtRep <= 2.431 -> TotChol >= 32.864) & Pt_A1cGoalLevelDsYr5 <= 129.409)
",-2.431,-2.431,0.000,0.000,1.000,0,0,0,2,2,0,0,2,0.0,0.0,0.0,0.0,0.0,1.0,-1
"F[0,2]((bmiPerc <= 0.000 -> age <= 46.028) | Pt_SiblingT1D >= 43.886)
",-9999999.000,-9999999.000,0.000,0.000,1.000,0,0,0,2,2,0,0,2,0.0,0.0,0.0,0.0,0.0,1.0,-1
"((Pt_SiblingT1D <= 0.000) U[0,0] (bmiPerc >= 0.000))
",24.455,27.018,0.000,0.000,1.000,0,0,0,2,2,0,0,2,0.0,0.0,0.0,0.0,0.0,1.0,-1
"F[2,2](HbA1c <= 5.515 | Pt_FatherT1D >= 0.000)
",5.515,5.515,0.000,0.000,1.000,0,0,0,2,2,0,0,2,0.0,0.0,0.0,0.0,0.0,1.0,-1
"F[0,0]((Pt_ChildT1D <= 0.000 & Pt_CGMUseNumDays >= 0.000) | Pt_CGMUseNumDays <= 0.000)
",0.000,0.000,0.000,0.000,1.000,0,0,0,2,2,0,0,2,0.0,0.0,0.0,0.0,0.0,1.0,-1
"F[0,2](BldPrDia <= 95.352 -> Pt_SiblingT1D >= 0.000)
",-9999999.000,-9999999.000,0.000,0.000,1.000,0,0,0,2,2,0,0,2,0.0,0.0,0.0,0.0,0.0,1.0,-1
"F[1,1](Triglyc >= 3.047 | Pt_CGMUseNumDays <= 0.000)
",0.000,0.000,0.000,0.000,1.000,0,0,0,2,2,0,0,2,0.0,0.0,0.0,0.0,0.0,1.0,-1
"F[1,2](((Triglyc >= 58.982 & TotChol >= 56.875) -> diagAgeCombo <= 107.067) & Pt_FatherT1D <= 115.973)
",-9999999.000,-9999999.000,0.000,0.000,1.000,0,0,0,2,2,0,0,2,0.0,0.0,0.0,0.0,0.0,1.0,-1
"F[0,2](((BGTestAvgNumMeter >= 2.248 & NumPumpBolusOrShortAct <= 15.406) | HDL <= 13.767) & Triglyc <= 14.607)
",-9999999.000,-9999999.000,0.000,0.000,1.000,0,0,0,2,2,0,0,2,0.0,0.0,0.0,0.0,0.0,1.0,-1
"((Pt_GrandchildT1D >= 0.000) U[0,1] (DirectLDL <= 0.601))
",-9999999.000,-9999999.000,0.000,0.000,1.000,0,0,0,2,2,0,0,2,0.0,0.0,0.0,0.0,0.0,1.0,-1
"F[0,1](((HDL <= 52.291 -> TSH >= 0.000) | LDL <= 0.000) | Triglyc >= 0.000)
",-9999999.000,-9999999.000,0.000,0.000,1.000,0,0,0,2,2,0,0,2,0.0,0.0,0.0,0.0,0.0,1.0,-1
"G[2,2](((NumPumpBolusOrShortAct <= 8.107 | HbA1cImputeDtMnC <= 10.387) & TotChol <= 10.686) & HbA1c >= 2.658)
",-2.658,-2.658,0.000,1.000,0.000,0,0,2,0,0,2,2,0,0.0,0.0,1.0,0.0,0.0,1.0,1
"F[0,2](((NumPumpBolusOrShortAct <= 13.861 | diagAgeCombo <= 43.000) -> BldPrDia <= 43.000) & TotChol >= 43.000)
",-9999999.000,-9999999.000,0.000,0.000,1.000,0,0,0,2,2,0,0,2,0.0,0.0,0.0,0.0,0.0,1.0,-1
"F[0,0](Pt_GrandparentT1D >= 0.000 & diagAgeCombo <= 43.000)
",0.000,0.000,0.000,0.000,1.000,0,0,0,2,2,0,0,2,0.0,0.0,0.0,0.0,0.0,1.0,-1
"F[0,2](((HDL >= 40.716 | LDL >= 13.180) & Pt_ChildT1D <= 43.814) | Pt_SHFlg <= 59.573)
",-9999999.000,-9999999.000,0.000,0.000,1.000,0,0,0,2,2,0,0,2,0.0,0.0,0.0,0.0,0.0,1.0,-1
"F[2,2]((Pt_A1cGoalLev >= 0.000 -> bmi <= 28.680) & Pt_GrandparentT1D <= 28.302)
",-28.680,-28.680,0.000,0.000,1.000,0,0,0,2,2,0,0,2,0.0,0.0,0.0,0.0,0.0,1.0,-1
"F[1,2](AlbCreatRat_mggNew <= 9.452 | Pt_A1cGoalLevelDsYr5 <= 0.000)
",-9999999.000,-9999999.000,0.000,0.000,1.000,0,0,0,2,2,0,0,2,0.0,0.0,0.0,0.0,0.0,1.0,-1
"F[0,1](((Pt_SHFlg >= 0.000 | GFR >= 0.000) -> age <= 0.000) | HbA1c >= 0.000)
",-9999999.000,-9999999.000,0.000,0.000,1.000,0,0,0,2,2,0,0,2,0.0,0.0,0.0,0.0,0.0,1.0,-1
"F[0,2]((TotChol >= 3.756 | Pt_FatherT1D <= 0.000) & diagAgeCombo <= 0.000)
",-9999999.000,-9999999.000,0.000,0.000,1.000,0,0,0,2,2,0,0,2,0.0,0.0,0.0,0.0,0.0,1.0,-1
"F[0,2](((AlbCreatRat_mggNew >= 7.228 & diagAgeCombo <= 43.000) -> Pt_MotherT1D <= 43.000) & BUN >= 43.000)
",-9999999.000,-9999999.000,0.000,0.000,1.000,0,0,0,2,2,0,0,2,0.0,0.0,0.0,0.0,0.0,1.0,-1
"((age <= 45.607) U[0,1] (SMBGperDayPtMeterCombo <= 3.000))
",-9999999.000,-9999999.000,0.000,0.000,1.000,0,0,0,2,2,0,0,2,0.0,0.0,0.0,0.0,0.0,1.0,-1
"G[2,2](((NumPumpBolusOrShortAct >= 5.961 -> NumPumpBolusOrShortAct <= 14.809) -> Pt_A1cGoalLev <= 11.051) | Pt_SHFlg >= 2.441)
",-2.441,-2.441,0.000,1.000,0.000,0,0,2,0,0,2,2,0,0.0,0.0,1.0,0.0,0.0,1.0,1
"G[0,2](((Pt_DKAFlg >= 0.000 -> DirectLDL <= 0.848) | HDL >= 0.435) | SMBGperDayPtMeterCombo <= 0.601)
",9999999.000,9999999.000,0.000,1.000,0.000,0,0,2,0,0,2,2,0,0.0,0.0,1.0,0.0,0.0,1.0,1
"G[1,1](((Pt_ChildT1D <= 0.000 & BldPrDia >= 84.989) -> bmiPerc >= 83.136) & Pt_MotherT1D >= 86.659)
",-86.659,-86.659,0.000,1.000,0.000,0,0,0,2,2,0,0,2,0.0,0.0,0.0,0.0,0.0,1.0,1
"G[0,1](((bmi <= 28.006 -> Triglyc >= 51.675) | BldPrDia <= 95.141) -> bmi >= 43.236)
",9999999.000,9999999.000,0.000,1.000,0.000,0,0,0,2,2,0,0,2,0.0,0.0,0.0,0.0,0.0,1.0,1
"G[1,2]((diabDur <= 2.608 & HbA1cImputeDtMnC >= 1.926) | TotChol <= 5.949)
",9999999.000,9999999.000,0.000,1.000,0.000,0,0,1,1,1,1,1,1,0.0,0.0,1.0,0.0,0.0,1.0,1
"G[1,2](((age <= 46.394 | NumPumpBolusOrShortAct >= 4.779) & diabDur >= 2.488) | TotalDailyInsPerKg <= 12.403)
",9999999.000,9999999.000,0.000,1.000,0.000,0,0,2,0,0,2,2,0,0.0,0.0,1.0,0.0,0.0,1.0,1
"G[2,2](((diabDur <= 1.746 -> Triglyc >= 11.894) -> bmi <= 89.635) | bmiZscore <= 82.501)
",82.501,82.501,0.000,1.000,0.000,0,0,2,0,0,2,2,0,0.0,0.0,1.0,0.0,0.0,1.0,1
"G[2,2](((BGTestAvgNumPtRep >= 2.011 | HDL <= 72.986) & Pt_SHFlg >= 19.607) & Pt_A1cGoalLev >= 28.441)
",-28.441,-28.441,0.000,1.000,0.000,0,0,2,0,0,2,2,0,0.0,0.0,1.0,0.0,0.0,1.0,1
"G[0,2](((AlbCreatRat_mggNew <= 8.829 | BldPrSys <= 155.864) & HbA1c >= 148.892) & Pt_ChildT1D <= 151.317)
",9999999.000,9999999.000,0.000,1.000,0.000,0,0,0,2,2,0,0,2,0.0,0.0,0.0,0.0,0.0,1.0,1
"G[1,2](((BGTestAvgNumMeter <= 2.303 | LDL >= 35.974) & LDL >= 37.199) & TSH <= 59.252)
",9999999.000,9999999.000,0.000,1.000,0.000,0,0,2,0,0,2,2,0,0.0,0.0,1.0,0.0,0.0,1.0,1
"G[1,2]((AlbCreatRat_mggNew <= 9.978 | LDL <= 48.862) -> TotChol <= 58.757)
",9999999.000,9999999.000,0.000,1.000,0.000,0,0,1,1,1,1,1,1,0.0,0.0,1.0,0.0,0.0,1.0,1
"G[0,2](((UnitsInsBasalOrLongAct <= 13.351 | WeightKg <= 89.770) -> Pt_ChildT1D >= 85.257) | HDL <= 88.352)
",9999999.000,9999999.000,0.000,1.000,0.000,0,0,2,0,0,2,2,0,0.0,0.0,1.0,0.0,0.0,1.0,1
"G[0,1](bmi <= 28.417 & UnitsInsBasalOrLongAct >= 5.471)
",9999999.000,9999999.000,0.000,1.000,0.000,0,0,0,2,2,0,0,2,0.0,0.0,0.0,0.0,0.0,1.0,1
"G[0,1](((HbA1c <= 7.178 | LDL <= 48.676) | TSH >= 18.851) & Pt_A1cGoalLevelDsYr5 >= 35.270)
",9999999.000,9999999.000,0.000,1.000,0.000,0,0,0,2,2,0,0,2,0.0,0.0,0.0,0.0,0.0,1.0,1
"G[2,2]((NumPumpBolusOrShortAct <= 8.039 | Triglyc <= 77.692) & BGTestAvgNumMeter <= 94.555)
",77.692,77.692,0.000,1.000,0.000,0,0,2,0,0,2,2,0,0.0,0.0,1.0,0.0,0.0,1.0,1
"G[2,2]((DirectLDL <= 0.947 | TotChol <= 111.462) & BldPrDia <= 137.208)
",111.462,111.462,0.000,1.000,0.000,0,0,2,0,0,2,2,0,0.0,0.0,1.0,0.0,0.0,1.0,1
"G[1,2]((BldPrSys <= 153.673 -> DirectLDL >= 0.051) | AutonomicNeuroCl <= 0.601)
",9999999.000,9999999.000,0.000,1.000,0.000,0,0,2,0,0,2,2,0,0.0,0.0,1.0,0.0,0.0,1.0,1
"G[2,2](((bmi <= 28.802 & LDL >= 13.479) & NumPumpBolusOrShortAct >= 13.808) & bmiZscore <= 54.549)
",-13.808,-13.808,0.000,1.000,0.000,0,0,2,0,0,2,2,0,0.0,0.0,1.0,0.0,0.0,1.0,1
"G[0,2](((HbA1c >= 0.503 -> NumPumpBolusOrShortAct >= 3.445) -> BGTestAvgNumPtRep >= 7.116) | Pt_A1cGoalLevelDsYr5 >= 7.770)
",9999999.000,9999999.000,0.000,1.000,0.000,0,0,0,2,2,0,0,2,0.0,0.0,0.0,0.0,0.0,1.0,1
"G[2,2](bmiZscore >= -0.146 & NumPumpBolusOrShortAct >= 2.349)
",-2.349,-2.349,0.000,1.000,0.000,0,0,2,0,0,2,2,0,0.0,0.0,1.0,0.0,0.0,1.0,1
"G[0,1](((NumPumpBolusOrShortAct <= 15.143 | WeightKg >= 86.714) -> Pt_FatherT1D <= 90.020) -> HbA1c >= 82.129)
",9999999.000,9999999.000,0.000,1.000,0.000,0,0,0,2,2,0,0,2,0.0,0.0,0.0,0.0,0.0,1.0,1
"G[0,0](((bmi <= 28.042 & NumPumpBolusOrShortAct >= 0.624) & HbA1cImputeDtMnC <= 8.481) | GFR >= 0.157)
",-2.240,-0.356,0.000,1.000,0.000,0,0,0,2,2,0,0,2,0.0,0.0,0.0,0.0,0.0,1.0,1
"G[1,1]((BGTestAvgNumMeter <= 2.566 | Triglyc <= 89.240) -> HbA1cImputeDtMnC >= 60.175)
",-89.240,-89.240,0.000,1.000,0.000,0,0,0,2,2,0,0,2,0.0,0.0,0.0,0.0,0.0,1.0,1
"G[2,2]((age <= 45.007 | BldPrSys <= 154.058) | LDL <= 156.803)
",156.803,156.803,0.000,1.000,0.000,0,0,2,0,0,2,2,0,0.0,0.0,1.0,0.0,0.0,1.0,1
"G[0,2]((bmiZscore >= -0.172 -> HDL >= 33.914) -> Pt_GrandparentT1D >= 31.444)
",9999999.000,9999999.000,0.000,1.000,0.000,0,0,0,2,2,0,0,2,0.0,0.0,0.0,0.0,0.0,1.0,1
"G[2,2](age >= 44.629 & TotalDailyInsPerKg >= 0.367)
",-44.629,-44.629,0.000,1.000,0.000,0,0,2,0,0,2,2,0,0.0,0.0,1.0,0.0,0.0,1.0,1
"G[0,2](((DirectLDL <= 0.879 -> NumPumpBolusOrShortAct <= 9.964) & HbA1c <= 10.595) | Pt_DKAFlg <= 16.136)
",9999999.000,9999999.000,0.000,1.000,0.000,0,0,2,0,0,2,2,0,0.0,0.0,1.0,0.0,0.0,1.0,1
"G[0,1](((BldPrDia >= 85.862 -> HDL <= 53.189) -> bmiZscore <= 56.578) & Pt_GrandchildT1D >= 31.621)
",9999999.000,9999999.000,0.000,1.000,0.000,0,0,0,2,2,0,0,2,0.0,0.0,0.0,0.0,0.0,1.0,1
"G[0,2](((bmiZscore >= -0.164 & HbA1cImputeDtMnC <= 9.301) | Pt_SiblingT1D >= 2.042) & LDL >= 2.402)
",9999999.000,9999999.000,0.000,1.000,0.000,0,0,0,2,2,0,0,2,0.0,0.0,0.0,0.0,0.0,1.0,1
"G[2,2](((Pt_ChildT1D <= 0.000 & Pt_A1cGoalLevelDsYr5 <= 0.000) & AlbCreatRat_mggNew <= 0.000) | Pt_MotherT1D >= 0.000)
",0.000,0.000,0.000,1.000,0.000,0,0,2,0,0,2,2,0,0.0,0.0,1.0,0.0,0.0,1.0,1
"G[1,2](HDL <= 70.381 -> Pt_SiblingT1D <= 0.000)
",9999999.000,9999999.000,0.000,1.000,0.000,0,0,2,0,0,2,2,0,0.0,0.0,1.0,0.0,0.0,1.0,1
"G[1,2]((Pt_SiblingT1D <= 0.000 -> WeightKg <= 90.454) & LDL <= 90.590)
",9999999.000,9999999.000,0.000,1.000,0.000,0,0,2,0,0,2,2,0,0.0,0.0,1.0,0.0,0.0,1.0,1
"G[1,2]((HbA1c >= 1.941 & BldPrDia <= 96.138) & Triglyc >= 83.588)
",9999999.000,9999999.000,0.000,1.000,0.000,0,0,0,2,2,0,0,2,0.0,0.0,0.0,0.0,0.0,1.0,1
"G[0,2](((TSH >= 0.000 & GFR <= 0.000) | HDL >= 0.000) & WeightKg >= 0.000)
",9999999.000,9999999.000,0.000,1.000,0.000,0,0,2,0,0,2,2,0,0.0,0.0,1.0,0.0,0.0,1.0,1
"G[1,2]((Pt_MotherT1D >= 0.000 | GFR <= 0.000) & TotChol <= 0.000)
",9999999.000,9999999.000,0.000,1.000,0.000,0,0,0,2,2,0,0,2,0.0,0.0,0.0,0.0,0.0,1.0,1
"G[1,2](Pt_CGMUseNumDays >= 0.000 & HbA1cImputeDtMnC >= 0.490)
",9999999.000,9999999.000,0.000,1.000,0.000,0,0,1,1,1,1,1,1,0.0,0.0,1.0,0.0,0.0,1.0,1
"G[1,2]((NumPumpBolusOrShortAct >= 4.184 -> Pt_MotherT1D >= 0.000) | bmiPerc <= 0.000)
",9999999.000,9999999.000,0.000,1.000,0.000,0,0,2,0,0,2,2,0,0.0,0.0,1.0,0.0,0.0,1.0,1
"G[0,2]((bmi >= 26.206 | diabDur >= 1.108) & Triglyc <= 2.431)
",9999999.000,9999999.000,0.000,1.000,0.000,0,0,0,2,2,0,0,2,0.0,0.0,0.0,0.0,0.0,1.0,1
"G[1,2](DirectLDL >= 0.291 | Pt_SHFlg <= 0.000)
",9999999.000,9999999.000,0.000,1.000,0.000,0,0,2,0,0,2,2,0,0.0,0.0,1.0,0.0,0.0,1.0,1
"G[1,2](((BldPrSys <= 154.126 & WeightKg >= 82.902) -> age >= 84.819) & Pt_CGMUseNumDays <= 90.561)
",9999999.000,9999999.000,0.000,1.000,0.000,0,0,2,0,0,2,2,0,0.0,0.0,1.0,0.0,0.0,1.0,1
"G[1,2](((Pt_MotherT1D >= 0.000 -> UnitsInsBasalOrLongAct >= 6.473) -> Pt_FatherT1D >= 1.492) -> diabDur <= 18.798)
",9999999.000,9999999.000,0.000,1.000,0.000,0,0,2,0,0,2,2,0,0.0,0.0,1.0,0.0,0.0,1.0,1
"G[0,1]((HbA1cImputeDtMnC >= 1.235 & diagAgeCombo >= 43.000) & BGTestAvgNumMeter <= 43.000)
",9999999.000,9999999.000,0.000,1.000,0.000,0,0,0,2,2,0,0,2,0.0,0.0,0.0,0.0,0.0,1.0,1
"G[0,2](((TSH <= 0.000 -> Pt_InsGov <= 0.000) | HbA1cImputeDtMnC <= 0.000) -> AlbCreatRat_mggNew >= 0.000)
",9999999.000,9999999.000,0.000,1.000,0.000,0,0,2,0,0,2,2,0,0.0,0.0,1.0,0.0,0.0,1.0,1
"G[1,2](((HeightCm <= 177.800 -> Pt_A1cGoalLev >= 0.000) | Pt_CGMUseNumDays >= 0.000) | LDL <= 0.000)
",9999999.000,9999999.000,0.000,1.000,0.000,0,0,2,0,0,2,2,0,0.0,0.0,1.0,0.0,0.0,1.0,1
"G[0,2]((AlbCreatRat_mggNew >= 7.750 & Pt_SiblingT1D >= 0.000) & TotalDailyInsPerKg <= 0.000)
",9999999.000,9999999.000,0.000,1.000,0.000,0,0,0,2,2,0,0,2,0.0,0.0,0.0,0.0,0.0,1.0,1
"G[0,2]((LDL >= 14.906 & Pt_GrandparentT1D <= 0.000) -> AlbCreatRat_mggNew <= 0.000)
",9999999.000,9999999.000,0.000,1.000,0.000,0,0,0,2,2,0,0,2,0.0,0.0,0.0,0.0,0.0,1.0,1
"G[2,2](((DirectLDL >= 0.014 & UnitsInsBasalOrLongAct <= 13.164) -> HbA1cImputeDtMnC >= 6.852) | TSH >= 4.507)
",0.014,0.014,0.000,1.000,0.000,0,0,2,0,0,2,2,0,0.0,0.0,1.0,0.0,0.0,1.0,1
"G[2,2](((DirectLDL <= 0.699 & BldPrDia >= 91.497) -> TotalDailyInsPerKg <= 99.416) | HeightCm >= 82.662)
",-82.662,-82.662,0.000,1.000,0.000,0,0,2,0,0,2,2,0,0.0,0.0,1.0,0.0,0.0,1.0,1
"G[2,2](UnitsInsBasalOrLongAct <= 17.689 & Pt_FatherT1D >= 0.000)
",0.000,0.000,0.000,1.000,0.000,0,0,2,0,0,2,2,0,0.0,0.0,1.0,0.0,0.0,1.0,1
"G[0,2]((AlbCreatRat_mggNew <= 9.912 | HeightCm <= 177.800) -> LDL >= 177.800)
",9999999.000,9999999.000,0.000,1.000,0.000,0,0,0,2,2,0,0,2,0.0,0.0,0.0,0.0,0.0,1.0,1
"G[1,2]((TotalDailyInsPerKg >= 0.411 -> AlbCreatRat_mggNew >= 6.015) & LDL >= 5.814)
",9999999.000,9999999.000,0.000,1.000,0.000,0,0,1,1,1,1,1,1,0.0,0.0,1.0,0.0,0.0,1.0,1
"G[1,2](Pt_FatherT1D <= 0.000 & LDL >= 16.686)
",9999999.000,9999999.000,0.000,1.000,0.000,0,0,2,0,0,2,2,0,0.0,0.0,1.0,0.0,0.0,1.0,1
"G[1,1](((BldPrSys <= 151.559 | TSH <= 0.000) | Pt_A1cGoalLevelDsYr5 >= 0.000) & WeightKg <= 0.000)
",0.000,0.000,0.000,1.000,0.000,0,0,0,2,2,0,0,2,0.0,0.0,0.0,0.0,0.0,1.0,1
"G[0,2]((AutonomicNeuroCl <= 0.000 & HbA1c <= 5.611) -> DirectLDL <= 7.901)
",9999999.000,9999999.000,0.000,1.000,0.000,0,0,2,0,0,2,2,0,0.0,0.0,1.0,0.0,0.0,1.0,1
"F[1,2](HeightCm >= 177.800 & AlbCreatRat_mggNew <= 10.037)
",-9999999.000,-9999999.000,0.000,0.000,1.000,0,0,0,2,2,0,0,2,0.0,0.0,0.0,0.0,0.0,1.0,-1
