Rule,Discrimination Score,Pos Robustness,Neg Robustness,Percent Class +,Percent Class -,TP,TN,FP,FN,Actual Yes,Actual No,Predicted Yes,Predicted No,TPR/Sens,TNR/Spec,FPR,Precision,Accuracy,MCR
"F[0,0](((SMBGperDayPtMeterCombo <= 0.936 & WeightKg >= 63.795) & WeightKg <= 64.308) | Pt_InsGov >= 63.145)
",-63.145,-63.145,0.000,0.000,1.000,2,0,0,0,2,0,2,0,1.0,0,0,1.0,1.3333333333333333,-0.33333333333333326
"F[0,0](((TotChol >= 22.336 & age >= 16.613) | GFR >= 16.252) & diagAgeCombo >= 16.230)
",-16.691,-16.691,0.000,0.000,1.000,2,0,0,0,2,0,2,0,1.0,0,0,1.0,1.3333333333333333,-0.33333333333333326
"F[0,0]((BUN <= 11.432 | diabDur <= 9.339) -> bmiZscore >= 8.280)
",-11.432,-11.432,0.000,0.000,1.000,2,0,0,0,2,0,2,0,1.0,0,0,1.0,1.3333333333333333,-0.33333333333333326
"F[1,1]((bmiPerc >= 0.373 & HbA1c >= 9.461) -> Pt_FatherT1D >= 9.474)
",9.461,9.461,0.000,0.000,1.000,1,0,0,1,2,0,1,1,0.5,0,0,1.0,0.6666666666666666,0.33333333333333337
"F[0,1]((Pt_InsGov >= 0.000 | bmiPerc >= 0.331) -> BldPrSys <= 0.424)
",-9999999.000,-9999999.000,0.000,0.000,1.000,1,0,0,1,2,0,1,1,0.5,0,0,1.0,0.6666666666666666,0.33333333333333337
"F[0,1](((DirectLDL >= 0.000 & BUN >= 3.468) & AutonomicNeuroCl >= 4.011) & Pt_GrandchildT1D >= 3.209)
",-9999999.000,-9999999.000,0.000,0.000,1.000,1,0,0,1,2,0,1,1,0.5,0,0,1.0,0.6666666666666666,0.33333333333333337
"((BldPrDia <= 71.410) U[1,2] (HDL >= 11.487))
",-9999999.000,-9999999.000,0.000,0.000,1.000,1,0,0,1,2,0,1,1,0.5,0,0,1.0,0.6666666666666666,0.33333333333333337
"F[1,1]((BldPrSys <= 124.094 -> BUN <= 8.963) -> BGTestAvgNumPtRep >= 0.058)
",0.058,0.058,0.000,0.000,1.000,1,0,0,1,2,0,1,1,0.5,0,0,1.0,0.6666666666666666,0.33333333333333337
"((diagAgeCombo <= 4.621) U[1,1] (HbA1c >= 9.416))
",4.621,4.621,0.000,0.000,1.000,1,0,0,1,2,0,1,1,0.5,0,0,1.0,0.6666666666666666,0.33333333333333337
"F[0,1]((BGTestAvgNumMeter >= 0.443 & Pt_MotherT1D <= 0.000) & Pt_GrandparentT1D <= 0.000)
",-9999999.000,-9999999.000,0.000,0.000,1.000,1,0,0,1,2,0,1,1,0.5,0,0,1.0,0.6666666666666666,0.33333333333333337
"F[0,0](((Pt_SHFlg <= 0.000 | Pt_SiblingT1D <= 0.000) -> BUN >= 0.000) -> Triglyc <= 0.000)
",0.000,0.000,0.000,0.000,1.000,1,0,0,1,2,0,1,1,0.5,0,0,1.0,0.6666666666666666,0.33333333333333337
"((HbA1c <= 9.906) U[0,0] (HDL >= 20.793))
",9.906,9.906,0.000,0.000,1.000,1,0,0,1,2,0,1,1,0.5,0,0,1.0,0.6666666666666666,0.33333333333333337
"((HbA1c >= 9.011) U[1,1] (UnitsInsBasalOrLongAct <= 21.896))
",21.896,21.896,0.000,0.000,1.000,1,0,0,1,2,0,1,1,0.5,0,0,1.0,0.6666666666666666,0.33333333333333337
"F[0,0]((Pt_MotherT1D <= 0.000 & diagAgeCombo <= 5.853) & Pt_A1cGoalLev <= 5.154)
",0.000,0.000,0.000,0.000,1.000,1,0,0,1,2,0,1,1,0.5,0,0,1.0,0.6666666666666666,0.33333333333333337
"((HbA1cImputeDtMnC >= 3.155) U[1,1] (UnitsInsBasalOrLongAct <= 22.678))
",22.678,22.678,0.000,0.000,1.000,1,0,0,1,2,0,1,1,0.5,0,0,1.0,0.6666666666666666,0.33333333333333337
"F[0,1](((BldPrSys <= 124.518 | SMBGperDayPtMeterCombo >= 0.333) & GFR >= 0.174) & Pt_DKAFlg >= 0.656)
",-9999999.000,-9999999.000,0.000,0.000,1.000,1,0,0,1,2,0,1,1,0.5,0,0,1.0,0.6666666666666666,0.33333333333333337
"F[0,0](((TotChol <= 69.148 | BGTestAvgNumPtRep >= 0.000) | Triglyc <= 0.000) & Pt_A1cGoalLev <= 0.000)
",0.000,0.000,0.000,0.000,1.000,1,0,0,1,2,0,1,1,0.5,0,0,1.0,0.6666666666666666,0.33333333333333337
"((Pt_SiblingT1D > 0.000) U[1,1] (Pt_SHFlg = 0.000))
",0.000,0.000,0.000,0.000,1.000,1,0,0,1,2,0,1,1,0.5,0,0,1.0,0.6666666666666666,0.33333333333333337
"((age >= 16.829) U[1,2] (diabDur >= 8.457))
",-9999999.000,-9999999.000,0.000,0.000,1.000,1,0,0,1,2,0,1,1,0.5,0,0,1.0,0.6666666666666666,0.33333333333333337
"((Pt_MotherT1D >= 0.000) U[1,1] (Pt_A1cGoalLev >= 1.407))
",0.000,0.000,0.000,0.000,1.000,1,0,0,1,2,0,1,1,0.5,0,0,1.0,0.6666666666666666,0.33333333333333337
"((Pt_A1cGoalLev >= 1.450) U[1,1] (UnitsInsBasalOrLongAct <= 22.182))
",22.182,22.182,0.000,0.000,1.000,1,0,0,1,2,0,1,1,0.5,0,0,1.0,0.6666666666666666,0.33333333333333337
"F[0,1](((BldPrDia <= 73.125 -> TotalDailyInsPerKg <= 0.466) | BldPrDia >= 0.020) & HbA1c <= 0.556)
",-9999999.000,-9999999.000,0.000,0.000,1.000,1,0,0,1,2,0,1,1,0.5,0,0,1.0,0.6666666666666666,0.33333333333333337
"F[0,1](LDL >= 0.478 & TotalDailyInsPerKg >= 0.380)
",-9999999.000,-9999999.000,0.000,0.000,1.000,1,0,0,1,2,0,1,1,0.5,0,0,1.0,0.6666666666666666,0.33333333333333337
"F[1,1]((diabDur >= 8.565 & HbA1cImputeDtMnC >= 6.812) & TotChol <= 17.415)
",-8.565,-8.565,0.000,0.000,1.000,1,0,0,1,2,0,1,1,0.5,0,0,1.0,0.6666666666666666,0.33333333333333337
"((bmiPerc <= 0.437) U[0,1] (HDL <= 32.185))
",-9999999.000,-9999999.000,0.000,0.000,1.000,1,0,0,1,2,0,1,1,0.5,0,0,1.0,0.6666666666666666,0.33333333333333337
"F[0,1](((HDL <= 27.706 & TSH >= 0.426) | Pt_DKAFlg >= 0.383) & Pt_DKAFlg >= 0.657)
",-9999999.000,-9999999.000,0.000,0.000,1.000,1,0,0,1,2,0,1,1,0.5,0,0,1.0,0.6666666666666666,0.33333333333333337
"F[0,0](((Pt_GrandparentT1D >= 0.000 -> Pt_GrandparentT1D <= 0.000) | HbA1cImputeDtMnC >= 0.000) -> HDL <= 0.000)
",0.000,0.000,0.000,0.000,1.000,1,0,0,1,2,0,1,1,0.5,0,0,1.0,0.6666666666666666,0.33333333333333337
"((BGTestAvgNumMeter >= 0.626) U[1,1] (BGTestAvgNumPtRep <= 0.000))
",0.000,0.000,0.000,0.000,1.000,1,0,0,1,2,0,1,1,0.5,0,0,1.0,0.6666666666666666,0.33333333333333337
"((BUN >= 7.093) U[0,0] (TotalDailyInsPerKg <= 0.449))
",-7.093,-7.093,0.000,0.000,1.000,1,0,0,1,2,0,1,1,0.5,0,0,1.0,0.6666666666666666,0.33333333333333337
"((BGTestAvgNumMeter >= 0.015) U[1,2] (BGTestAvgNumPtRep <= 0.000))
",-9999999.000,-9999999.000,0.000,0.000,1.000,1,0,0,1,2,0,1,1,0.5,0,0,1.0,0.6666666666666666,0.33333333333333337
"((BGTestAvgNumMeter >= 0.096) U[0,0] (WeightKg >= 63.446))
",31.204,31.204,0.000,0.000,1.000,1,0,0,1,2,0,1,1,0.5,0,0,1.0,0.6666666666666666,0.33333333333333337
"((UnitsInsBasalOrLongAct <= 30.103) U[1,1] (Triglyc >= 0.982))
",30.103,30.103,0.000,0.000,1.000,1,0,0,1,2,0,1,1,0.5,0,0,1.0,0.6666666666666666,0.33333333333333337
"((bmiZscore <= -0.237) U[0,0] (Pt_A1cGoalLev <= 4.635))
",4.635,4.635,0.000,0.000,1.000,1,0,0,1,2,0,1,1,0.5,0,0,1.0,0.6666666666666666,0.33333333333333337
"F[0,1]((Triglyc <= 29.818 | NumPumpBolusOrShortAct <= 2.663) & Pt_ChildT1D >= 0.211)
",-9999999.000,-9999999.000,0.000,0.000,1.000,1,0,0,1,2,0,1,1,0.5,0,0,1.0,0.6666666666666666,0.33333333333333337
"((BGTestAvgNumMeter >= 0.282) U[1,1] (BGTestAvgNumPtRep <= 0.000))
",0.000,0.000,0.000,0.000,1.000,1,0,0,1,2,0,1,1,0.5,0,0,1.0,0.6666666666666666,0.33333333333333337
"((Pt_DKAFlg <= 0.000) U[0,0] (bmi <= 20.684))
",20.684,20.684,0.000,0.000,1.000,1,0,0,1,2,0,1,1,0.5,0,0,1.0,0.6666666666666666,0.33333333333333337
"F[0,0](HbA1c >= 9.346 -> HbA1cImputeDtMnC >= 10.147)
",9.346,9.346,0.000,0.000,1.000,1,0,0,1,2,0,1,1,0.5,0,0,1.0,0.6666666666666666,0.33333333333333337
"F[1,1](((bmiPerc >= 0.345 & BldPrSys >= 114.915) -> bmiZscore >= 114.556) & HbA1cImputeDtMnC <= 123.328)
",114.556,114.556,0.000,0.000,1.000,1,0,0,1,2,0,1,1,0.5,0,0,1.0,0.6666666666666666,0.33333333333333337
"((Pt_MotherT1D < 0.000) U[1,2] (Pt_SHFlg = 0.000))
",-9999999.000,-9999999.000,0.000,0.000,1.000,1,0,0,1,2,0,1,1,0.5,0,0,1.0,0.6666666666666666,0.33333333333333337
"F[1,1]((TotalDailyInsPerKg >= 0.126 & LDL >= 1.965) | Pt_GrandchildT1D >= 8.571)
",-1.965,-1.965,0.000,0.000,1.000,1,0,0,1,2,0,1,1,0.5,0,0,1.0,0.6666666666666666,0.33333333333333337
"((BGTestAvgNumMeter >= 0.177) U[1,2] (BGTestAvgNumPtRep <= 0.000))
",-9999999.000,-9999999.000,0.000,0.000,1.000,1,0,0,1,2,0,1,1,0.5,0,0,1.0,0.6666666666666666,0.33333333333333337
"F[0,1](((Pt_DKAFlg >= 0.000 -> Pt_ChildT1D <= 0.000) | DirectLDL <= 0.000) | Pt_GrandparentT1D >= 0.000)
",-9999999.000,-9999999.000,0.000,0.000,1.000,0,0,0,2,2,0,0,2,0.0,0,0,0.0,0.0,1.0
"((Pt_CGMUseNumDays >= 0.000) U[0,0] (DirectLDL <= 0.000))
",27894.000,27894.000,0.000,0.000,1.000,0,0,0,2,2,0,0,2,0.0,0,0,0.0,0.0,1.0
"F[0,2](((Pt_MotherT1D <= 0.000 -> Pt_FatherT1D <= 0.000) & bmi <= 0.000) -> age <= 0.000)
",-9999999.000,-9999999.000,0.000,0.000,1.000,0,0,0,2,2,0,0,2,0.0,0,0,0.0,0.0,1.0
"F[0,2](AlbCreatRat_mggNew >= 9.002 -> TSH <= 1.330)
",-9999999.000,-9999999.000,0.000,0.000,1.000,0,0,0,2,2,0,0,2,0.0,0,0,0.0,0.0,1.0
"((bmi <= 20.607) U[0,2] (NumPumpBolusOrShortAct <= 1.827))
",-9999999.000,-9999999.000,0.000,0.000,1.000,0,0,0,2,2,0,0,2,0.0,0,0,0.0,0.0,1.0
"((BGTestAvgNumMeter >= 0.447) U[0,2] (TotalDailyInsPerKg >= 0.301))
",-9999999.000,-9999999.000,0.000,0.000,1.000,0,0,0,2,2,0,0,2,0.0,0,0,0.0,0.0,1.0
"((SMBGperDayPtMeterCombo <= 0.943) U[0,1] (age <= 17.326))
",-9999999.000,-9999999.000,0.000,0.000,1.000,0,0,0,2,2,0,0,2,0.0,0,0,0.0,0.0,1.0
"((AutonomicNeuroCl <= 0.000) U[0,1] (Pt_SiblingT1D >= 0.000))
",-9999999.000,-9999999.000,0.000,0.000,1.000,0,0,0,2,2,0,0,2,0.0,0,0,0.0,0.0,1.0
"F[1,2](((BUN <= 8.733 | HDL <= 31.684) | Pt_CGMUseNumDays <= 35.175) | BUN <= 30.080)
",-9999999.000,-9999999.000,0.000,0.000,1.000,0,0,0,2,2,0,0,2,0.0,0,0,0.0,0.0,1.0
"((bmiPerc <= 0.439) U[1,2] (BldPrDia >= 68.809))
",-9999999.000,-9999999.000,0.000,0.000,1.000,0,0,0,2,2,0,0,2,0.0,0,0,0.0,0.0,1.0
"F[2,2](Pt_SHFlg <= 0.000 | BldPrDia >= 68.530)
",0.000,0.000,0.000,0.000,1.000,0,0,0,2,2,0,0,2,0.0,0,0,0.0,0.0,1.0
"F[0,1](((NumPumpBolusOrShortAct >= 0.540 | Pt_A1cGoalLev <= 4.590) | NumPumpBolusOrShortAct >= 1.168) | diagAgeCombo <= 4.636)
",-9999999.000,-9999999.000,0.000,0.000,1.000,0,0,0,2,2,0,0,2,0.0,0,0,0.0,0.0,1.0
"F[1,2](SMBGperDayPtMeterCombo >= 0.086 -> bmiZscore <= -0.134)
",-9999999.000,-9999999.000,0.000,0.000,1.000,0,0,0,2,2,0,0,2,0.0,0,0,0.0,0.0,1.0
"F[1,2]((Pt_MotherT1D >= 0.000 -> BldPrDia >= 68.963) & SMBGperDayPtMeterCombo <= 71.156)
",-9999999.000,-9999999.000,0.000,0.000,1.000,0,0,0,2,2,0,0,2,0.0,0,0,0.0,0.0,1.0
"F[0,0]((bmi <= 20.610 | Pt_GrandparentT1D <= 0.000) | bmi >= 0.000)
",20.610,20.610,0.000,0.000,1.000,0,0,0,2,2,0,0,2,0.0,0,0,0.0,0.0,1.0
"F[0,2]((WeightKg >= 63.822 & BldPrDia >= 69.838) & HDL >= 69.062)
",-9999999.000,-9999999.000,0.000,0.000,1.000,0,0,0,2,2,0,0,2,0.0,0,0,0.0,0.0,1.0
"((HDL >= 8.814) U[0,2] (LDL <= 47.997))
",-9999999.000,-9999999.000,0.000,0.000,1.000,0,0,0,2,2,0,0,2,0.0,0,0,0.0,0.0,1.0
"((TSH <= 1.457) U[2,2] (AlbCreatRat_mggNew >= 9.013))
",1.457,1.457,0.000,0.000,1.000,0,0,0,2,2,0,0,2,0.0,0,0,0.0,0.0,1.0
"F[1,2]((BGTestAvgNumMeter >= 0.206 & SMBGperDayPtMeterCombo <= 1.253) & NumPumpBolusOrShortAct >= 0.622)
",-9999999.000,-9999999.000,0.000,0.000,1.000,0,0,0,2,2,0,0,2,0.0,0,0,0.0,0.0,1.0
"F[2,2](HbA1c >= 9.076 -> Pt_A1cGoalLevelDsYr5 = 0.000)
",0.000,0.000,0.000,0.000,1.000,0,0,0,2,2,0,0,2,0.0,0,0,0.0,0.0,1.0
"F[1,2]((TSH <= 1.967 | Triglyc <= 40.060) | BldPrSys >= 12.452)
",-9999999.000,-9999999.000,0.000,0.000,1.000,0,0,0,2,2,0,0,2,0.0,0,0,0.0,0.0,1.0
"F[1,1](Pt_SHFlg >= 0.000 | AutonomicNeuroCl <= 0.000)
",0.000,0.000,0.000,0.000,1.000,0,0,0,2,2,0,0,2,0.0,0,0,0.0,0.0,1.0
"F[0,2](TotalDailyInsPerKg >= 0.160 | BldPrSys >= 112.855)
",-9999999.000,-9999999.000,0.000,0.000,1.000,0,0,0,2,2,0,0,2,0.0,0,0,0.0,0.0,1.0
"((Pt_InsGov <= 0.000) U[1,2] (bmiPerc >= 0.370))
",-9999999.000,-9999999.000,0.000,0.000,1.000,0,0,0,2,2,0,0,2,0.0,0,0,0.0,0.0,1.0
"F[0,0]((TotChol >= 32.019 -> Pt_SiblingT1D <= 0.000) | DirectLDL >= 0.000)
",176.400,176.400,0.000,0.000,1.000,0,0,0,2,2,0,0,2,0.0,0,0,0.0,0.0,1.0
"F[0,2]((Triglyc <= 22.758 | diabDur >= 8.766) & Pt_FatherT1D >= 8.932)
",-9999999.000,-9999999.000,0.000,0.000,1.000,0,0,0,2,2,0,0,2,0.0,0,0,0.0,0.0,1.0
"F[1,2](((BUN <= 10.247 -> LDL >= 16.648) -> Pt_FatherT1D <= 46.856) | SMBGperDayPtMeterCombo >= 9.075)
",-9999999.000,-9999999.000,0.000,0.000,1.000,0,0,0,2,2,0,0,2,0.0,0,0,0.0,0.0,1.0
"F[0,2](((Pt_GrandchildT1D >= 0.000 -> Pt_SHFlg >= 0.000) -> TSH >= 0.000) | diabDur <= 0.000)
",-9999999.000,-9999999.000,0.000,0.000,1.000,0,0,0,2,2,0,0,2,0.0,0,0,0.0,0.0,1.0
"F[2,2](((Pt_A1cGoalLev >= 0.815 | HbA1c >= 9.134) -> BGTestAvgNumMeter <= 9.632) & TotalDailyInsPerKg <= 9.902)
",-9.632,-9.632,0.000,0.000,1.000,0,0,0,2,2,0,0,2,0.0,0,0,0.0,0.0,1.0
"F[1,2]((BGTestAvgNumMeter >= 0.133 | age <= 17.236) -> bmiZscore <= 17.385)
",-9999999.000,-9999999.000,0.000,0.000,1.000,0,0,0,2,2,0,0,2,0.0,0,0,0.0,0.0,1.0
"F[0,2]((Pt_MotherT1D <= 0.000 -> bmi >= 20.261) | AutonomicNeuroCl <= 20.590)
",-9999999.000,-9999999.000,0.000,0.000,1.000,0,0,0,2,2,0,0,2,0.0,0,0,0.0,0.0,1.0
"F[0,2]((BldPrDia <= 73.222 & Pt_SiblingT1D <= 0.000) | NumPumpBolusOrShortAct >= 0.000)
",-9999999.000,-9999999.000,0.000,0.000,1.000,0,0,0,2,2,0,0,2,0.0,0,0,0.0,0.0,1.0
"F[0,0](diabDur <= 9.465 | TotalDailyInsPerKg >= 0.235)
",9.765,9.765,0.000,0.000,1.000,0,0,0,2,2,0,0,2,0.0,0,0,0.0,0.0,1.0
"F[0,1](((HbA1cImputeDtMnC <= 19.820 & BGTestAvgNumPtRep >= 0.000) -> Pt_FatherT1D >= 0.000) & bmi >= 0.000)
",-9999999.000,-9999999.000,0.000,0.000,1.000,0,0,0,2,2,0,0,2,0.0,0,0,0.0,0.0,1.0
"F[1,2](Triglyc >= 7.900 | BldPrSys <= 118.927)
",-9999999.000,-9999999.000,0.000,0.000,1.000,0,0,0,2,2,0,0,2,0.0,0,0,0.0,0.0,1.0
"F[2,2](((UnitsInsBasalOrLongAct >= 11.591 & age >= 16.071) & age >= 16.230) -> WeightKg <= 17.852)
",-17.852,-17.852,0.000,0.000,1.000,0,0,0,2,2,0,0,2,0.0,0,0,0.0,0.0,1.0
"F[1,2](bmiZscore <= -0.189 -> UnitsInsBasalOrLongAct >= 17.962)
",-9999999.000,-9999999.000,0.000,0.000,1.000,0,0,0,2,2,0,0,2,0.0,0,0,0.0,0.0,1.0
"F[0,1]((TotalDailyInsPerKg >= 0.338 & diagAgeCombo <= 3.300) -> HbA1c >= 1.820)
",-9999999.000,-9999999.000,0.000,0.000,1.000,0,0,0,2,2,0,0,2,0.0,0,0,0.0,0.0,1.0
"F[0,2]((Pt_ChildT1D <= 0.000 | diagAgeCombo <= 2.936) | UnitsInsBasalOrLongAct <= 4.691)
",-9999999.000,-9999999.000,0.000,0.000,1.000,0,0,0,2,2,0,0,2,0.0,0,0,0.0,0.0,1.0
"((diabDur <= 9.639) U[0,1] (UnitsInsBasalOrLongAct >= 11.206))
",-9999999.000,-9999999.000,0.000,0.000,1.000,0,0,0,2,2,0,0,2,0.0,0,0,0.0,0.0,1.0
"F[1,1](((diagAgeCombo >= 1.269 & Triglyc >= 8.774) -> Pt_GrandparentT1D >= 1.864) | Pt_SiblingT1D >= 6.255)
",1.864,1.864,0.000,0.000,1.000,0,0,0,2,2,0,0,2,0.0,0,0,0.0,0.0,1.0
"F[1,2]((Pt_GrandchildT1D >= 0.000 -> Pt_GrandparentT1D >= 0.000) & Pt_SiblingT1D <= 0.000)
",-9999999.000,-9999999.000,0.000,0.000,1.000,0,0,0,2,2,0,0,2,0.0,0,0,0.0,0.0,1.0
"((LDL <= 26.556) U[0,2] (UnitsInsBasalOrLongAct <= 30.985))
",-9999999.000,-9999999.000,0.000,0.000,1.000,0,0,0,2,2,0,0,2,0.0,0,0,0.0,0.0,1.0
"F[0,2](((HDL >= 6.707 | Pt_FatherT1D >= 0.000) -> TSH >= 0.000) -> BldPrSys >= 0.000)
",-9999999.000,-9999999.000,0.000,0.000,1.000,0,0,0,2,2,0,0,2,0.0,0,0,0.0,0.0,1.0
"F[2,2]((TotChol >= 18.603 & bmiZscore <= -0.229) -> SMBGperDayPtMeterCombo >= -0.268)
",-0.268,-0.268,0.000,0.000,1.000,0,0,0,2,2,0,0,2,0.0,0,0,0.0,0.0,1.0
"F[2,2](((NumPumpBolusOrShortAct >= 0.957 & Pt_GrandparentT1D >= 0.000) -> BGTestAvgNumPtRep <= 0.000) | BGTestAvgNumPtRep >= 0.000)
",0.000,0.000,0.000,0.000,1.000,0,0,0,2,2,0,0,2,0.0,0,0,0.0,0.0,1.0
"((HbA1cImputeDtMnC <= 16.948) U[2,2] (HbA1cImputeDtMnC <= 22.662))
",22.662,22.662,0.000,0.000,1.000,0,0,0,2,2,0,0,2,0.0,0,0,0.0,0.0,1.0
"((SMBGperDayPtMeterCombo <= 1.575) U[0,1] (SMBGperDayPtMeterCombo <= 1.106))
",-9999999.000,-9999999.000,0.000,0.000,1.000,0,0,0,2,2,0,0,2,0.0,0,0,0.0,0.0,1.0
"F[0,2](TSH >= 1.113 & HDL >= 6.294)
",-9999999.000,-9999999.000,0.000,0.000,1.000,0,0,0,2,2,0,0,2,0.0,0,0,0.0,0.0,1.0
"((Pt_ChildT1D >= 0.000) U[1,2] (Pt_FatherT1D >= 0.000))
",-9999999.000,-9999999.000,0.000,0.000,1.000,0,0,0,2,2,0,0,2,0.0,0,0,0.0,0.0,1.0
"((Pt_FatherT1D >= 0.000) U[1,1] (HeightCm <= 176.400))
",176.400,176.400,0.000,0.000,1.000,0,0,0,2,2,0,0,2,0.0,0,0,0.0,0.0,1.0
"F[1,2](((bmiZscore >= -0.307 | Pt_DKAFlg <= 0.000) | BldPrSys <= 0.000) | BUN >= 0.000)
",-9999999.000,-9999999.000,0.000,0.000,1.000,0,0,0,2,2,0,0,2,0.0,0,0,0.0,0.0,1.0
"F[1,2]((Pt_A1cGoalLev >= 0.131 & HbA1cImputeDtMnC <= 20.573) | NumPumpBolusOrShortAct <= 21.137)
",-9999999.000,-9999999.000,0.000,0.000,1.000,0,0,0,2,2,0,0,2,0.0,0,0,0.0,0.0,1.0
"F[1,2](((HbA1c >= 9.239 & Pt_SHFlg <= 0.000) -> Pt_FatherT1D >= 0.000) & HbA1cImputeDtMnC <= 0.000)
",-9999999.000,-9999999.000,0.000,0.000,1.000,0,0,0,2,2,0,0,2,0.0,0,0,0.0,0.0,1.0
"F[0,2]((Pt_CGMUseNumDays >= 0.000 | SMBGperDayPtMeterCombo <= 0.959) | Pt_A1cGoalLevelDsYr5 >= 0.295)
",-9999999.000,-9999999.000,0.000,0.000,1.000,0,0,0,2,2,0,0,2,0.0,0,0,0.0,0.0,1.0
"F[0,1]((Triglyc <= 40.011 | GFR >= 12.216) -> Pt_SiblingT1D <= 113.722)
",-9999999.000,-9999999.000,0.000,0.000,1.000,0,0,0,2,2,0,0,2,0.0,0,0,0.0,0.0,1.0
"((bmi >= 20.409) U[1,2] (AlbCreatRat_mggNew >= 9.052))
",-9999999.000,-9999999.000,0.000,0.000,1.000,0,0,0,2,2,0,0,2,0.0,0,0,0.0,0.0,1.0
"F[1,2]((SMBGperDayPtMeterCombo >= 0.091 | NumPumpBolusOrShortAct >= 0.861) | NumPumpBolusOrShortAct >= 0.650)
",-9999999.000,-9999999.000,0.000,0.000,1.000,0,0,0,2,2,0,0,2,0.0,0,0,0.0,0.0,1.0
"((diabDur >= 8.575) U[0,2] (age >= 16.528))
",-9999999.000,-9999999.000,0.000,0.000,1.000,0,0,0,2,2,0,0,2,0.0,0,0,0.0,0.0,1.0
"F[2,2]((Pt_DKAFlg >= 0.000 -> Triglyc >= 15.046) & BldPrSys <= 38.782)
",0.000,0.000,0.000,0.000,1.000,0,0,0,2,2,0,0,2,0.0,0,0,0.0,0.0,1.0
"F[0,2](((bmi >= 20.414 & GFR >= 10.297) | diabDur <= 92.467) -> Pt_MotherT1D <= 79.405)
",-9999999.000,-9999999.000,0.000,0.000,1.000,0,0,0,2,2,0,0,2,0.0,0,0,0.0,0.0,1.0
"F[2,2](WeightKg >= 63.653 & Pt_ChildT1D >= 0.000)
",-63.653,-63.653,0.000,0.000,1.000,0,0,0,2,2,0,0,2,0.0,0,0,0.0,0.0,1.0
"F[0,2](((Pt_SiblingT1D >= 0.000 & diabDur <= 9.164) | NumPumpBolusOrShortAct <= 9.350) & UnitsInsBasalOrLongAct <= 9.261)
",-9999999.000,-9999999.000,0.000,0.000,1.000,0,0,0,2,2,0,0,2,0.0,0,0,0.0,0.0,1.0
"((Pt_GrandchildT1D <= 0.000) U[2,2] (Pt_A1cGoalLevelDsYr5 >= 0.000))
",0.000,0.000,0.000,0.000,1.000,0,0,0,2,2,0,0,2,0.0,0,0,0.0,0.0,1.0
"F[0,1]((Pt_GrandparentT1D <= 0.000 | Pt_InsGov <= 0.000) & BGTestAvgNumMeter <= 0.000)
",-9999999.000,-9999999.000,0.000,0.000,1.000,0,0,0,2,2,0,0,2,0.0,0,0,0.0,0.0,1.0
"F[0,1](((HbA1c <= 9.691 & age <= 17.996) -> Pt_MotherT1D <= 17.780) | diagAgeCombo >= 16.677)
",-9999999.000,-9999999.000,0.000,0.000,1.000,0,0,0,2,2,0,0,2,0.0,0,0,0.0,0.0,1.0
"F[1,1](NumPumpBolusOrShortAct >= 0.293 -> HbA1cImputeDtMnC <= 22.600)
",-22.600,-22.600,0.000,0.000,1.000,0,0,0,2,2,0,0,2,0.0,0,0,0.0,0.0,1.0
"((BGTestAvgNumMeter >= 0.582) U[0,2] (BGTestAvgNumPtRep >= 0.000))
",-9999999.000,-9999999.000,0.000,0.000,1.000,0,0,0,2,2,0,0,2,0.0,0,0,0.0,0.0,1.0
"F[1,2](BldPrDia <= 73.001 & Pt_SHFlg >= 0.000)
",-9999999.000,-9999999.000,0.000,0.000,1.000,0,0,0,2,2,0,0,2,0.0,0,0,0.0,0.0,1.0
"F[1,2](((BGTestAvgNumMeter <= 1.106 -> GFR <= 81.454) | bmi >= 16.828) | Pt_FatherT1D >= 30.453)
",-9999999.000,-9999999.000,0.000,0.000,1.000,0,0,0,2,2,0,0,2,0.0,0,0,0.0,0.0,1.0
"F[0,1]((BGTestAvgNumPtRep >= 0.000 | BGTestAvgNumPtRep <= 0.000) | Pt_InsGov >= 0.000)
",-9999999.000,-9999999.000,0.000,0.000,1.000,0,0,0,2,2,0,0,2,0.0,0,0,0.0,0.0,1.0
"((Pt_MotherT1D >= 0.000) U[1,1] (Pt_SiblingT1D <= 0.000))
",0.000,0.000,0.000,0.000,1.000,0,0,0,2,2,0,0,2,0.0,0,0,0.0,0.0,1.0
"((SMBGperDayPtMeterCombo >= 0.593) U[0,2] (Pt_CGMUseNumDays >= 0.000))
",-9999999.000,-9999999.000,0.000,0.000,1.000,0,0,0,2,2,0,0,2,0.0,0,0,0.0,0.0,1.0
"F[2,2]((Pt_MotherT1D <= 0.000 | HbA1c >= 9.084) | NumPumpBolusOrShortAct <= 9.913)
",9.913,9.913,0.000,0.000,1.000,0,0,0,2,2,0,0,2,0.0,0,0,0.0,0.0,1.0
"F[0,1](((TotalDailyInsPerKg <= 0.581 -> diabDur >= 8.445) | BUN >= 8.315) -> bmiZscore <= 9.754)
",-9999999.000,-9999999.000,0.000,0.000,1.000,0,0,0,2,2,0,0,2,0.0,0,0,0.0,0.0,1.0
"F[2,2](bmiPerc <= 0.427 & Pt_GrandchildT1D <= 0.000)
",0.000,0.000,0.000,0.000,1.000,0,0,0,2,2,0,0,2,0.0,0,0,0.0,0.0,1.0
"F[0,1]((BUN >= 3.938 -> BGTestAvgNumPtRep >= 0.000) -> AlbCreatRat_mggNew >= 0.000)
",-9999999.000,-9999999.000,0.000,0.000,1.000,0,0,0,2,2,0,0,2,0.0,0,0,0.0,0.0,1.0
"F[0,1](WeightKg >= 63.494 | TotalDailyInsPerKg <= 0.498)
",-9999999.000,-9999999.000,0.000,0.000,1.000,0,0,0,2,2,0,0,2,0.0,0,0,0.0,0.0,1.0
"F[0,2](((diabDur <= 9.833 & diagAgeCombo <= 4.009) -> BUN <= 3.915) | bmiPerc >= 0.911)
",-9999999.000,-9999999.000,0.000,0.000,1.000,0,0,0,2,2,0,0,2,0.0,0,0,0.0,0.0,1.0
"F[0,2](Pt_SiblingT1D >= 0.000 -> AlbCreatRat_mggNew >= 9.224)
",-9999999.000,-9999999.000,0.000,0.000,1.000,0,0,0,2,2,0,0,2,0.0,0,0,0.0,0.0,1.0
"F[0,2]((HbA1cImputeDtMnC >= 4.706 | Pt_A1cGoalLevelDsYr5 >= 0.000) & UnitsInsBasalOrLongAct <= 0.000)
",-9999999.000,-9999999.000,0.000,0.000,1.000,0,0,0,2,2,0,0,2,0.0,0,0,0.0,0.0,1.0
"F[1,2]((Triglyc >= 9.547 -> SMBGperDayPtMeterCombo >= 0.521) | TSH >= 0.221)
",-9999999.000,-9999999.000,0.000,0.000,1.000,0,0,0,2,2,0,0,2,0.0,0,0,0.0,0.0,1.0
"((WeightKg <= 64.086) U[2,2] (bmi <= 20.625))
",64.086,64.086,0.000,0.000,1.000,0,0,0,2,2,0,0,2,0.0,0,0,0.0,0.0,1.0
"F[1,2](((Triglyc <= 47.014 & AutonomicNeuroCl >= 0.000) | HbA1cImputeDtMnC >= 0.000) | Pt_A1cGoalLev >= 0.000)
",-9999999.000,-9999999.000,0.000,0.000,1.000,0,0,0,2,2,0,0,2,0.0,0,0,0.0,0.0,1.0
"F[0,1]((Pt_A1cGoalLev <= 6.907 & Pt_MotherT1D >= 0.000) & BGTestAvgNumPtRep >= 0.000)
",-9999999.000,-9999999.000,0.000,0.000,1.000,0,0,0,2,2,0,0,2,0.0,0,0,0.0,0.0,1.0
"F[0,1](WeightKg <= 63.965 | BldPrSys >= 116.167)
",-9999999.000,-9999999.000,0.000,0.000,1.000,0,0,0,2,2,0,0,2,0.0,0,0,0.0,0.0,1.0
"F[0,2]((BUN <= 8.712 | TotChol <= 77.615) & bmiPerc <= 106.244)
",-9999999.000,-9999999.000,0.000,0.000,1.000,0,0,0,2,2,0,0,2,0.0,0,0,0.0,0.0,1.0
"F[0,2](diagAgeCombo <= 2.289 -> bmiPerc >= 0.337)
",-9999999.000,-9999999.000,0.000,0.000,1.000,0,0,0,2,2,0,0,2,0.0,0,0,0.0,0.0,1.0
"((GFR >= 27.487) U[0,2] (TotChol <= 90.375))
",-9999999.000,-9999999.000,0.000,0.000,1.000,0,0,0,2,2,0,0,2,0.0,0,0,0.0,0.0,1.0
"F[1,2](Pt_GrandparentT1D <= 0.000 | BGTestAvgNumMeter >= 0.283)
",-9999999.000,-9999999.000,0.000,0.000,1.000,0,0,0,2,2,0,0,2,0.0,0,0,0.0,0.0,1.0
"((HDL >= 9.086) U[0,1] (Pt_A1cGoalLev <= 2.899))
",-9999999.000,-9999999.000,0.000,0.000,1.000,0,0,0,2,2,0,0,2,0.0,0,0,0.0,0.0,1.0
"F[0,1](((Pt_SiblingT1D <= 0.000 -> Pt_MotherT1D >= 0.000) & BldPrDia <= 0.000) | WeightKg >= 0.000)
",-9999999.000,-9999999.000,0.000,0.000,1.000,0,0,0,2,2,0,0,2,0.0,0,0,0.0,0.0,1.0
"F[0,2](((TotChol <= 110.801 & Pt_InsGov <= 0.000) & Pt_InsGov <= 0.000) & GFR <= 0.000)
",-9999999.000,-9999999.000,0.000,0.000,1.000,0,0,0,2,2,0,0,2,0.0,0,0,0.0,0.0,1.0
"F[0,2](((Pt_GrandparentT1D >= 0.000 | Triglyc >= 5.101) | BldPrSys >= 12.280) | bmi <= 50.872)
",-9999999.000,-9999999.000,0.000,0.000,1.000,0,0,0,2,2,0,0,2,0.0,0,0,0.0,0.0,1.0
"F[0,1](((HeightCm <= 176.400 | BUN <= 9.935) -> LDL >= 0.025) | GFR >= 7.502)
",-9999999.000,-9999999.000,0.000,0.000,1.000,0,0,0,2,2,0,0,2,0.0,0,0,0.0,0.0,1.0
"F[0,2](((DirectLDL >= 0.000 | Pt_SiblingT1D <= 0.000) -> Pt_SHFlg <= 0.000) -> bmiPerc <= 0.000)
",-9999999.000,-9999999.000,0.000,0.000,1.000,0,0,0,2,2,0,0,2,0.0,0,0,0.0,0.0,1.0
"F[0,1](((AutonomicNeuroCl >= 0.000 & BUN >= 2.625) | Pt_InsGov <= 8.329) & Pt_GrandchildT1D <= 9.706)
",-9999999.000,-9999999.000,0.000,0.000,1.000,0,0,0,2,2,0,0,2,0.0,0,0,0.0,0.0,1.0
"F[1,2]((Pt_MotherT1D <= 0.000 & Pt_A1cGoalLev >= 1.108) & age <= 5.357)
",-9999999.000,-9999999.000,0.000,0.000,1.000,0,0,0,2,2,0,0,2,0.0,0,0,0.0,0.0,1.0
"F[0,2]((Pt_GrandparentT1D <= 0.000 -> TotChol <= 64.879) & BGTestAvgNumMeter >= 5.488)
",-9999999.000,-9999999.000,0.000,0.000,1.000,0,0,0,2,2,0,0,2,0.0,0,0,0.0,0.0,1.0
"F[0,0](((diagAgeCombo >= 0.389 | bmiZscore >= -0.320) -> Pt_A1cGoalLev >= -0.273) | Triglyc >= -0.430)
",0.430,0.430,0.000,0.000,1.000,0,0,0,2,2,0,0,2,0.0,0,0,0.0,0.0,1.0
"F[2,2]((diagAgeCombo >= 1.625 -> UnitsInsBasalOrLongAct >= 7.041) | TotalDailyInsPerKg >= 10.070)
",1.625,1.625,0.000,0.000,1.000,0,0,0,2,2,0,0,2,0.0,0,0,0.0,0.0,1.0
"F[1,2](((GFR <= 62.970 | AutonomicNeuroCl <= 0.000) -> Pt_InsGov <= 0.000) -> Pt_A1cGoalLev <= 0.000)
",-9999999.000,-9999999.000,0.000,0.000,1.000,0,0,0,2,2,0,0,2,0.0,0,0,0.0,0.0,1.0
"F[0,2](((HeightCm >= 176.400 & AutonomicNeuroCl <= 0.000) & Pt_GrandparentT1D >= 0.000) -> Pt_InsGov >= 0.000)
",-9999999.000,-9999999.000,0.000,0.000,1.000,0,0,0,2,2,0,0,2,0.0,0,0,0.0,0.0,1.0
"((diabDur >= 8.466) U[2,2] (NumPumpBolusOrShortAct <= 1.612))
",1.612,1.612,0.000,0.000,1.000,0,0,0,2,2,0,0,2,0.0,0,0,0.0,0.0,1.0
"((Pt_ChildT1D <= 0.000) U[0,2] (Pt_A1cGoalLevelDsYr5 >= 0.000))
",-9999999.000,-9999999.000,0.000,0.000,1.000,0,0,0,2,2,0,0,2,0.0,0,0,0.0,0.0,1.0
"F[0,1](((BGTestAvgNumPtRep <= 0.000 & BGTestAvgNumMeter <= 0.864) -> bmiZscore <= 1.061) -> BldPrSys >= 0.658)
",-9999999.000,-9999999.000,0.000,0.000,1.000,0,0,0,2,2,0,0,2,0.0,0,0,0.0,0.0,1.0
"F[1,1](((DirectLDL <= 0.000 & BldPrDia <= 72.168) -> diagAgeCombo >= 70.796) -> BGTestAvgNumPtRep >= 68.620)
",0.000,0.000,0.000,0.000,1.000,0,0,0,2,2,0,0,2,0.0,0,0,0.0,0.0,1.0
"F[1,2](((HDL <= 37.222 | UnitsInsBasalOrLongAct >= 19.154) & bmi >= 15.451) | HbA1c >= 6.162)
",-9999999.000,-9999999.000,0.000,0.000,1.000,0,0,0,2,2,0,0,2,0.0,0,0,0.0,0.0,1.0
"F[0,1]((TotalDailyInsPerKg <= 0.655 & Pt_DKAFlg <= 0.000) -> BGTestAvgNumPtRep >= 0.000)
",-9999999.000,-9999999.000,0.000,0.000,1.000,0,0,0,2,2,0,0,2,0.0,0,0,0.0,0.0,1.0
"F[0,0](Pt_A1cGoalLevelDsYr5 >= 0.000 -> Pt_SiblingT1D <= 0.000)
",0.000,0.000,0.000,0.000,1.000,0,0,0,2,2,0,0,2,0.0,0,0,0.0,0.0,1.0
"F[0,1](DirectLDL >= 0.000 & TSH <= 1.821)
",-9999999.000,-9999999.000,0.000,0.000,1.000,0,0,0,2,2,0,0,2,0.0,0,0,0.0,0.0,1.0
"F[1,2]((NumPumpBolusOrShortAct <= 1.018 & TotChol >= 13.297) | HeightCm >= 34.655)
",-9999999.000,-9999999.000,0.000,0.000,1.000,0,0,0,2,2,0,0,2,0.0,0,0,0.0,0.0,1.0
"F[1,2](diabDur <= 9.780 & HbA1c >= 9.338)
",-9999999.000,-9999999.000,0.000,0.000,1.000,0,0,0,2,2,0,0,2,0.0,0,0,0.0,0.0,1.0
"F[2,2](diagAgeCombo <= 4.508 -> Pt_CGMUseNumDays <= 0.000)
",-4.508,-4.508,0.000,0.000,1.000,0,0,0,2,2,0,0,2,0.0,0,0,0.0,0.0,1.0
"F[1,1]((WeightKg >= 63.882 -> Pt_FatherT1D >= 0.000) | bmiPerc >= 0.000)
",0.000,0.000,0.000,0.000,1.000,0,0,0,2,2,0,0,2,0.0,0,0,0.0,0.0,1.0
"F[2,2](Pt_GrandchildT1D <= 0.000 | HbA1c >= 9.205)
",0.000,0.000,0.000,0.000,1.000,0,0,0,2,2,0,0,2,0.0,0,0,0.0,0.0,1.0
"F[0,0]((Pt_SHFlg >= 0.000 | Pt_DKAFlg >= 0.000) & AlbCreatRat_mggNew >= 0.000)
",0.000,0.000,0.000,0.000,1.000,0,0,0,2,2,0,0,2,0.0,0,0,0.0,0.0,1.0
"F[0,1](((GFR <= 84.339 | Pt_A1cGoalLevelDsYr5 >= 0.000) -> HDL <= 0.000) | Pt_A1cGoalLevelDsYr5 <= 0.000)
",-9999999.000,-9999999.000,0.000,0.000,1.000,0,0,0,2,2,0,0,2,0.0,0,0,0.0,0.0,1.0
"((Pt_InsGov <= 0.000) U[0,0] (Pt_FatherT1D >= 0.000))
",0.000,0.000,0.000,0.000,1.000,0,0,0,2,2,0,0,2,0.0,0,0,0.0,0.0,1.0
"((Pt_FatherT1D >= 0.000) U[0,1] (Pt_DKAFlg >= 0.000))
",-9999999.000,-9999999.000,0.000,0.000,1.000,0,0,0,2,2,0,0,2,0.0,0,0,0.0,0.0,1.0
"F[2,2]((LDL >= 17.078 & TotChol >= 15.814) -> AutonomicNeuroCl <= 66.761)
",-66.761,-66.761,0.000,0.000,1.000,0,0,0,2,2,0,0,2,0.0,0,0,0.0,0.0,1.0
"F[0,2]((Pt_GrandchildT1D >= 0.000 -> Pt_A1cGoalLevelDsYr5 <= 0.000) & BldPrDia >= 0.000)
",-9999999.000,-9999999.000,0.000,0.000,1.000,0,0,0,2,2,0,0,2,0.0,0,0,0.0,0.0,1.0
"((Pt_GrandchildT1D <= 0.000) U[2,2] (BGTestAvgNumPtRep <= 0.000))
",0.000,0.000,0.000,0.000,1.000,0,0,0,2,2,0,0,2,0.0,0,0,0.0,0.0,1.0
"F[0,1](Pt_SiblingT1D >= 0.000 | NumPumpBolusOrShortAct <= 1.864)
",-9999999.000,-9999999.000,0.000,0.000,1.000,0,0,0,2,2,0,0,2,0.0,0,0,0.0,0.0,1.0
"((Triglyc >= 4.943) U[1,2] (LDL >= 4.287))
",-9999999.000,-9999999.000,0.000,0.000,1.000,0,0,0,2,2,0,0,2,0.0,0,0,0.0,0.0,1.0
"F[1,1]((Triglyc >= 0.181 -> Pt_ChildT1D >= 0.000) | Pt_MotherT1D <= 0.000)
",0.000,0.000,0.000,0.000,1.000,0,0,0,2,2,0,0,2,0.0,0,0,0.0,0.0,1.0
"((Triglyc <= 45.087) U[0,0] (HeightCm <= 176.400))
",112.000,112.000,0.000,0.000,1.000,0,0,0,2,2,0,0,2,0.0,0,0,0.0,0.0,1.0
"((bmiZscore >= -0.374) U[0,2] (TotChol >= 0.187))
",-9999999.000,-9999999.000,0.000,0.000,1.000,0,0,0,2,2,0,0,2,0.0,0,0,0.0,0.0,1.0
"F[1,2]((Pt_SHFlg <= 0.000 & Pt_A1cGoalLevelDsYr5 >= 0.000) & HbA1c >= 0.000)
",-9999999.000,-9999999.000,0.000,0.000,1.000,0,0,0,2,2,0,0,2,0.0,0,0,0.0,0.0,1.0
"F[0,1](Pt_FatherT1D <= 0.000 & Pt_SHFlg <= 0.000)
",-9999999.000,-9999999.000,0.000,0.000,1.000,0,0,0,2,2,0,0,2,0.0,0,0,0.0,0.0,1.0
"F[0,1](((Pt_MotherT1D >= 0.000 | Pt_DKAFlg >= 0.000) | diabDur <= 0.000) -> diagAgeCombo <= 0.000)
",-9999999.000,-9999999.000,0.000,0.000,1.000,0,0,0,2,2,0,0,2,0.0,0,0,0.0,0.0,1.0
"((diagAgeCombo <= 4.891) U[0,1] (BGTestAvgNumPtRep <= 0.000))
",-9999999.000,-9999999.000,0.000,0.000,1.000,0,0,0,2,2,0,0,2,0.0,0,0,0.0,0.0,1.0
"F[1,2](Pt_GrandchildT1D >= 0.000 & BUN <= 11.163)
",-9999999.000,-9999999.000,0.000,0.000,1.000,0,0,0,2,2,0,0,2,0.0,0,0,0.0,0.0,1.0
"F[1,2](TotalDailyInsPerKg <= 0.667 & Pt_SHFlg >= 0.000)
",-9999999.000,-9999999.000,0.000,0.000,1.000,0,0,0,2,2,0,0,2,0.0,0,0,0.0,0.0,1.0
"F[0,1](((LDL <= 28.839 -> HbA1c <= 10.030) -> Pt_GrandparentT1D <= 10.248) | AutonomicNeuroCl >= 9.159)
",-9999999.000,-9999999.000,0.000,0.000,1.000,0,0,0,2,2,0,0,2,0.0,0,0,0.0,0.0,1.0
"F[0,2](((Pt_InsGov <= 0.000 -> GFR <= 82.190) & Triglyc >= 7.306) | BUN >= 24.695)
",-9999999.000,-9999999.000,0.000,0.000,1.000,0,0,0,2,2,0,0,2,0.0,0,0,0.0,0.0,1.0
"F[0,2](NumPumpBolusOrShortAct >= 0.323 & BUN >= 5.313)
",-9999999.000,-9999999.000,0.000,0.000,1.000,0,0,0,2,2,0,0,2,0.0,0,0,0.0,0.0,1.0
"F[1,1](HbA1cImputeDtMnC <= 23.747 -> Pt_SHFlg = 0.000)
",-23.747,-23.747,0.000,0.000,1.000,0,0,0,2,2,0,0,2,0.0,0,0,0.0,0.0,1.0
"F[0,2](BldPrSys >= 112.693 & TotChol <= 81.778)
",-9999999.000,-9999999.000,0.000,0.000,1.000,0,0,0,2,2,0,0,2,0.0,0,0,0.0,0.0,1.0
"F[0,2](HDL >= 19.274 | SMBGperDayPtMeterCombo >= 0.172)
",-9999999.000,-9999999.000,0.000,0.000,1.000,0,0,0,2,2,0,0,2,0.0,0,0,0.0,0.0,1.0
"F[1,2]((TotalDailyInsPerKg <= 0.551 | UnitsInsBasalOrLongAct <= 23.508) | Pt_A1cGoalLev <= 26.021)
",-9999999.000,-9999999.000,0.000,0.000,1.000,0,0,0,2,2,0,0,2,0.0,0,0,0.0,0.0,1.0
"F[1,2](((diagAgeCombo <= 3.201 | TotalDailyInsPerKg >= 0.402) & diagAgeCombo >= 0.196) & age <= 0.513)
",-9999999.000,-9999999.000,0.000,0.000,1.000,0,0,0,2,2,0,0,2,0.0,0,0,0.0,0.0,1.0
"F[1,1](((bmi >= 20.414 -> TotalDailyInsPerKg <= 0.501) | Triglyc <= 0.590) -> DirectLDL <= 0.543)
",-0.590,-0.590,0.000,0.000,1.000,0,0,0,2,2,0,0,2,0.0,0,0,0.0,0.0,1.0
"F[0,2](((BUN <= 8.542 & TSH <= 1.996) | Pt_InsGov <= 1.415) | bmiPerc <= 1.945)
",-9999999.000,-9999999.000,0.000,0.000,1.000,0,0,0,2,2,0,0,2,0.0,0,0,0.0,0.0,1.0
"((diagAgeCombo >= 1.942) U[1,2] (UnitsInsBasalOrLongAct >= 13.220))
",-9999999.000,-9999999.000,0.000,0.000,1.000,0,0,0,2,2,0,0,2,0.0,0,0,0.0,0.0,1.0
"F[0,2](((LDL <= 33.496 | Pt_A1cGoalLev <= 6.012) & NumPumpBolusOrShortAct <= 6.187) | diagAgeCombo <= 4.041)
",-9999999.000,-9999999.000,0.000,0.000,1.000,0,0,0,2,2,0,0,2,0.0,0,0,0.0,0.0,1.0
"((NumPumpBolusOrShortAct >= 0.006) U[0,2] (TotChol >= 3.677))
",-9999999.000,-9999999.000,0.000,0.000,1.000,0,0,0,2,2,0,0,2,0.0,0,0,0.0,0.0,1.0
"((BGTestAvgNumPtRep > 0.000) U[0,0] (Pt_SHFlg = 0.000))
",2.000,2.000,0.000,0.000,1.000,0,0,0,2,2,0,0,2,0.0,0,0,0.0,0.0,1.0
"F[1,1](Pt_InsGov < 0.000 -> Pt_SHFlg = 0.000)
",0.000,0.000,0.000,0.000,1.000,0,0,0,2,2,0,0,2,0.0,0,0,0.0,0.0,1.0
"F[0,2](Pt_GrandparentT1D < 0.000 & Pt_SHFlg = 0.000)
",-9999999.000,-9999999.000,0.000,0.000,1.000,0,0,0,2,2,0,0,2,0.0,0,0,0.0,0.0,1.0
"((Pt_MotherT1D >= 0.000) U[0,1] (Pt_SHFlg = 0.000))
",-9999999.000,-9999999.000,0.000,0.000,1.000,0,0,0,2,2,0,0,2,0.0,0,0,0.0,0.0,1.0
"((GFR < 67.129) U[0,1] (Pt_SHFlg = 0.000))
",-9999999.000,-9999999.000,0.000,0.000,1.000,0,0,0,2,2,0,0,2,0.0,0,0,0.0,0.0,1.0
"F[1,2](diabDur >= 8.152 -> Pt_SHFlg = 0.000)
",-9999999.000,-9999999.000,0.000,0.000,1.000,0,0,0,2,2,0,0,2,0.0,0,0,0.0,0.0,1.0
"F[0,2](BGTestAvgNumMeter >= 0.476 | bmiPerc >= 0.382)
",-9999999.000,-9999999.000,0.000,0.000,1.000,0,0,0,2,2,0,0,2,0.0,0,0,0.0,0.0,1.0
"F[0,1]((BldPrSys >= 115.920 & HbA1c <= 10.044) -> BldPrSys >= 9.309)
",-9999999.000,-9999999.000,0.000,0.000,1.000,0,0,0,2,2,0,0,2,0.0,0,0,0.0,0.0,1.0
"F[1,2](((bmiPerc <= 0.432 & BUN >= 4.619) & LDL >= 2.673) -> Triglyc >= 0.398)
",-9999999.000,-9999999.000,0.000,0.000,1.000,0,0,0,2,2,0,0,2,0.0,0,0,0.0,0.0,1.0
"F[2,2](((BldPrSys <= 119.704 & TSH <= 1.511) | bmiPerc >= 0.995) & diagAgeCombo >= 0.916)
",-0.916,-0.916,0.000,0.000,1.000,0,0,0,2,2,0,0,2,0.0,0,0,0.0,0.0,1.0
"((BUN >= 3.615) U[1,2] (TotChol >= 0.954))
",-9999999.000,-9999999.000,0.000,0.000,1.000,0,0,0,2,2,0,0,2,0.0,0,0,0.0,0.0,1.0
"F[0,1](((NumPumpBolusOrShortAct <= 2.852 -> TSH <= 1.988) | Pt_SHFlg >= 0.798) -> LDL <= 1.344)
",-9999999.000,-9999999.000,0.000,0.000,1.000,0,0,0,2,2,0,0,2,0.0,0,0,0.0,0.0,1.0
"F[0,2](((HDL >= 2.970 & WeightKg >= 63.326) & Pt_SiblingT1D >= 63.641) | TotChol >= 63.590)
",-9999999.000,-9999999.000,0.000,0.000,1.000,0,0,0,2,2,0,0,2,0.0,0,0,0.0,0.0,1.0
"F[0,1](HDL <= 34.114 -> UnitsInsBasalOrLongAct >= 10.752)
",-9999999.000,-9999999.000,0.000,0.000,1.000,0,0,0,2,2,0,0,2,0.0,0,0,0.0,0.0,1.0
"F[1,2]((bmiZscore >= -0.408 -> TotalDailyInsPerKg >= 0.159) & UnitsInsBasalOrLongAct >= 0.157)
",-9999999.000,-9999999.000,0.000,0.000,1.000,0,0,0,2,2,0,0,2,0.0,0,0,0.0,0.0,1.0
"F[1,2](((bmiZscore >= -0.307 -> HbA1c >= 9.020) | SMBGperDayPtMeterCombo >= 8.992) | Pt_A1cGoalLev >= 9.333)
",-9999999.000,-9999999.000,0.000,0.000,1.000,0,0,0,2,2,0,0,2,0.0,0,0,0.0,0.0,1.0
"F[1,2](((bmiZscore <= -0.109 | WeightKg <= 63.934) -> WeightKg <= 64.335) & HDL <= 64.394)
",-9999999.000,-9999999.000,0.000,0.000,1.000,0,0,0,2,2,0,0,2,0.0,0,0,0.0,0.0,1.0
"F[0,2]((BldPrDia <= 72.750 -> UnitsInsBasalOrLongAct <= 23.648) | SMBGperDayPtMeterCombo >= 7.300)
",-9999999.000,-9999999.000,0.000,0.000,1.000,0,0,0,2,2,0,0,2,0.0,0,0,0.0,0.0,1.0
"F[1,2]((AlbCreatRat_mggNew >= 9.053 & bmiPerc <= 0.440) | AlbCreatRat_mggNew <= 0.422)
",-9999999.000,-9999999.000,0.000,0.000,1.000,0,0,0,2,2,0,0,2,0.0,0,0,0.0,0.0,1.0
"((bmiZscore <= -0.225) U[0,2] (UnitsInsBasalOrLongAct <= 30.293))
",-9999999.000,-9999999.000,0.000,0.000,1.000,0,0,0,2,2,0,0,2,0.0,0,0,0.0,0.0,1.0
"F[0,1](bmiPerc >= 0.381 | UnitsInsBasalOrLongAct <= 21.632)
",-9999999.000,-9999999.000,0.000,0.000,1.000,0,0,0,2,2,0,0,2,0.0,0,0,0.0,0.0,1.0
"((BldPrDia <= 73.048) U[2,2] (BldPrSys <= 117.521))
",117.521,117.521,0.000,0.000,1.000,0,0,0,2,2,0,0,2,0.0,0,0,0.0,0.0,1.0
"F[1,2](((HbA1cImputeDtMnC >= 9.069 -> Triglyc >= 14.105) -> BUN >= 6.327) | BGTestAvgNumPtRep <= 21.394)
",-9999999.000,-9999999.000,0.000,0.000,1.000,0,0,0,2,2,0,0,2,0.0,0,0,0.0,0.0,1.0
"F[0,1](age <= 17.830 & TotalDailyInsPerKg >= 0.413)
",-9999999.000,-9999999.000,0.000,0.000,1.000,0,0,0,2,2,0,0,2,0.0,0,0,0.0,0.0,1.0
"F[0,2](UnitsInsBasalOrLongAct < 22.687 & Pt_SHFlg = 0.000)
",-9999999.000,-9999999.000,0.000,0.000,1.000,0,0,0,2,2,0,0,2,0.0,0,0,0.0,0.0,1.0
"F[1,2](WeightKg < 64.188 -> Pt_SHFlg = 0.000)
",-9999999.000,-9999999.000,0.000,0.000,1.000,0,0,0,2,2,0,0,2,0.0,0,0,0.0,0.0,1.0
"F[1,2](((SMBGperDayPtMeterCombo <= 1.949 | UnitsInsBasalOrLongAct <= 28.163) | Pt_CGMUseNumDays <= 21.304) & TotChol <= 26.633)
",-9999999.000,-9999999.000,0.000,0.000,1.000,0,0,0,2,2,0,0,2,0.0,0,0,0.0,0.0,1.0
"((TotalDailyInsPerKg >= 0.034) U[0,1] (Pt_SHFlg = 0.000))
",-9999999.000,-9999999.000,0.000,0.000,1.000,0,0,0,2,2,0,0,2,0.0,0,0,0.0,0.0,1.0
"((BGTestAvgNumMeter >= 0.582) U[0,2] (BGTestAvgNumPtRep <= 0.000))
",-9999999.000,-9999999.000,0.000,0.000,1.000,0,0,0,2,2,0,0,2,0.0,0,0,0.0,0.0,1.0
"F[0,1](HbA1c >= 8.945 -> Pt_A1cGoalLevelDsYr5 = 0.000)
",-9999999.000,-9999999.000,0.000,0.000,1.000,0,0,0,2,2,0,0,2,0.0,0,0,0.0,0.0,1.0
"((BGTestAvgNumMeter >= 0.023) U[0,1] (BGTestAvgNumPtRep <= 0.000))
",-9999999.000,-9999999.000,0.000,0.000,1.000,0,0,0,2,2,0,0,2,0.0,0,0,0.0,0.0,1.0
"F[0,0](HbA1c >= 9.072 -> Pt_A1cGoalLevelDsYr5 = 0.000)
",0.000,0.000,0.000,0.000,1.000,0,0,0,2,2,0,0,2,0.0,0,0,0.0,0.0,1.0
"((BGTestAvgNumMeter >= 0.053) U[0,1] (BGTestAvgNumPtRep <= 0.000))
",-9999999.000,-9999999.000,0.000,0.000,1.000,0,0,0,2,2,0,0,2,0.0,0,0,0.0,0.0,1.0
"F[1,1](HbA1c >= 9.544 -> Pt_A1cGoalLevelDsYr5 = 0.000)
",0.000,0.000,0.000,0.000,1.000,0,0,0,2,2,0,0,2,0.0,0,0,0.0,0.0,1.0
"F[0,2](HbA1c >= 8.954 -> Pt_A1cGoalLevelDsYr5 = 0.000)
",-9999999.000,-9999999.000,0.000,0.000,1.000,0,0,0,2,2,0,0,2,0.0,0,0,0.0,0.0,1.0
"((BGTestAvgNumMeter >= 0.390) U[0,1] (BGTestAvgNumPtRep <= 0.000))
",-9999999.000,-9999999.000,0.000,0.000,1.000,0,0,0,2,2,0,0,2,0.0,0,0,0.0,0.0,1.0
"F[0,0](HbA1c >= 9.051 -> Pt_A1cGoalLevelDsYr5 = 0.000)
",0.000,0.000,0.000,0.000,1.000,0,0,0,2,2,0,0,2,0.0,0,0,0.0,0.0,1.0
"F[0,0](HbA1c >= 9.350 -> Pt_A1cGoalLevelDsYr5 = 0.000)
",0.000,0.000,0.000,0.000,1.000,0,0,0,2,2,0,0,2,0.0,0,0,0.0,0.0,1.0
"((BGTestAvgNumMeter >= 0.269) U[0,2] (BGTestAvgNumPtRep <= 0.000))
",-9999999.000,-9999999.000,0.000,0.000,1.000,0,0,0,2,2,0,0,2,0.0,0,0,0.0,0.0,1.0
"F[0,0](HbA1c >= 9.291 -> Pt_A1cGoalLevelDsYr5 = 0.000)
",0.000,0.000,0.000,0.000,1.000,0,0,0,2,2,0,0,2,0.0,0,0,0.0,0.0,1.0
"F[2,2](HbA1c >= 9.089 -> Pt_A1cGoalLevelDsYr5 = 0.000)
",0.000,0.000,0.000,0.000,1.000,0,0,0,2,2,0,0,2,0.0,0,0,0.0,0.0,1.0
"((BGTestAvgNumMeter >= 0.410) U[0,1] (BGTestAvgNumPtRep <= 0.000))
",-9999999.000,-9999999.000,0.000,0.000,1.000,0,0,0,2,2,0,0,2,0.0,0,0,0.0,0.0,1.0
"F[1,1](HbA1c >= 9.015 -> Pt_A1cGoalLevelDsYr5 = 0.000)
",0.000,0.000,0.000,0.000,1.000,0,0,0,2,2,0,0,2,0.0,0,0,0.0,0.0,1.0
"((AlbCreatRat_mggNew >= 9.169) U[1,2] (Pt_SHFlg = 0.000))
",-9999999.000,-9999999.000,0.000,0.000,1.000,0,0,0,2,2,0,0,2,0.0,0,0,0.0,0.0,1.0
"((AlbCreatRat_mggNew <= 9.902) U[0,0] (Pt_SHFlg = 0.000))
",9.902,9.902,0.000,0.000,1.000,0,0,0,2,2,0,0,2,0.0,0,0,0.0,0.0,1.0
"F[0,2](LDL >= 14.505 & Pt_SHFlg = 0.000)
",-9999999.000,-9999999.000,0.000,0.000,1.000,0,0,0,2,2,0,0,2,0.0,0,0,0.0,0.0,1.0
"F[1,2](Pt_A1cGoalLev > 1.283 & Pt_SHFlg = 0.000)
",-9999999.000,-9999999.000,0.000,0.000,1.000,0,0,0,2,2,0,0,2,0.0,0,0,0.0,0.0,1.0
"((Pt_A1cGoalLev > 1.157) U[1,2] (Pt_SHFlg = 0.000))
",-9999999.000,-9999999.000,0.000,0.000,1.000,0,0,0,2,2,0,0,2,0.0,0,0,0.0,0.0,1.0
"F[1,2](BGTestAvgNumPtRep <= 0.000 -> Pt_SHFlg = 0.000)
",-9999999.000,-9999999.000,0.000,0.000,1.000,0,0,0,2,2,0,0,2,0.0,0,0,0.0,0.0,1.0
"F[1,2](Pt_CGMUseNumDays < 0.000 & Pt_SHFlg = 0.000)
",-9999999.000,-9999999.000,0.000,0.000,1.000,0,0,0,2,2,0,0,2,0.0,0,0,0.0,0.0,1.0
"F[0,1](Pt_InsGov >= 0.000 -> Pt_SHFlg = 0.000)
",-9999999.000,-9999999.000,0.000,0.000,1.000,0,0,0,2,2,0,0,2,0.0,0,0,0.0,0.0,1.0
"F[1,1](Pt_SiblingT1D <= 0.000 & Pt_SHFlg = 0.000)
",0.000,0.000,0.000,0.000,1.000,0,0,0,2,2,0,0,2,0.0,0,0,0.0,0.0,1.0
"((Pt_FatherT1D <= 0.000) U[1,1] (Pt_SHFlg = 0.000))
",0.000,0.000,0.000,0.000,1.000,0,0,0,2,2,0,0,2,0.0,0,0,0.0,0.0,1.0
"((BldPrSys > 112.143) U[0,0] (Pt_SHFlg = 0.000))
",-24.166,-24.166,0.000,0.000,1.000,0,0,0,2,2,0,0,2,0.0,0,0,0.0,0.0,1.0
"F[1,2](BldPrDia < 73.555 -> Pt_SHFlg = 0.000)
",-9999999.000,-9999999.000,0.000,0.000,1.000,0,0,0,2,2,0,0,2,0.0,0,0,0.0,0.0,1.0
"F[0,1](TotChol > 26.249 -> Pt_SHFlg = 0.000)
",-9999999.000,-9999999.000,0.000,0.000,1.000,0,0,0,2,2,0,0,2,0.0,0,0,0.0,0.0,1.0
"F[0,1](diagAgeCombo <= 2.676 & Pt_SHFlg = 0.000)
",-9999999.000,-9999999.000,0.000,0.000,1.000,0,0,0,2,2,0,0,2,0.0,0,0,0.0,0.0,1.0
"((bmi < 20.690) U[0,2] (Pt_SHFlg = 0.000))
",-9999999.000,-9999999.000,0.000,0.000,1.000,0,0,0,2,2,0,0,2,0.0,0,0,0.0,0.0,1.0
"((LDL < 32.782) U[0,0] (Pt_SHFlg = 0.000))
",32.162,32.162,0.000,0.000,1.000,0,0,0,2,2,0,0,2,0.0,0,0,0.0,0.0,1.0
"F[1,2](Pt_SiblingT1D < 0.000 & Pt_SHFlg = 0.000)
",-9999999.000,-9999999.000,0.000,0.000,1.000,0,0,0,2,2,0,0,2,0.0,0,0,0.0,0.0,1.0
"((Pt_SiblingT1D <= 0.000) U[0,1] (Pt_SHFlg = 0.000))
",-9999999.000,-9999999.000,0.000,0.000,1.000,0,0,0,2,2,0,0,2,0.0,0,0,0.0,0.0,1.0
"F[1,2]((NumPumpBolusOrShortAct >= 0.385 | TotalDailyInsPerKg <= 0.518) -> UnitsInsBasalOrLongAct >= 0.206)
",-9999999.000,-9999999.000,0.000,0.000,1.000,0,0,0,2,2,0,0,2,0.0,0,0,0.0,0.0,1.0
"((diagAgeCombo >= 0.210) U[2,2] (GFR >= 5.721))
",-0.210,-0.210,0.000,0.000,1.000,0,0,0,2,2,0,0,2,0.0,0,0,0.0,0.0,1.0
"F[1,1](((Pt_DKAFlg <= 0.000 | WeightKg <= 64.276) -> Pt_ChildT1D >= 63.243) -> BldPrSys <= 64.304)
",-64.304,-64.304,0.000,0.000,1.000,0,0,0,2,2,0,0,2,0.0,0,0,0.0,0.0,1.0
"F[2,2](UnitsInsBasalOrLongAct <= 23.981 | BGTestAvgNumMeter >= 0.524)
",23.981,23.981,0.000,0.000,1.000,0,0,0,2,2,0,0,2,0.0,0,0,0.0,0.0,1.0
"F[1,2](((HbA1c >= 9.020 | bmi >= 20.318) & Pt_SiblingT1D <= 20.590) | TSH <= 20.657)
",-9999999.000,-9999999.000,0.000,0.000,1.000,0,0,0,2,2,0,0,2,0.0,0,0,0.0,0.0,1.0
"((Pt_GrandparentT1D >= 0.000) U[0,2] (BldPrSys <= 118.822))
",-9999999.000,-9999999.000,0.000,0.000,1.000,0,0,0,2,2,0,0,2,0.0,0,0,0.0,0.0,1.0
"F[1,2](((Pt_A1cGoalLevelDsYr5 >= 0.000 & BldPrSys >= 112.300) | AlbCreatRat_mggNew <= 118.708) -> Pt_MotherT1D >= 114.844)
",-9999999.000,-9999999.000,0.000,0.000,1.000,0,0,0,2,2,0,0,2,0.0,0,0,0.0,0.0,1.0
"F[1,2](((UnitsInsBasalOrLongAct >= 14.417 | Pt_SHFlg <= 0.000) & Pt_MotherT1D >= 0.000) & Pt_MotherT1D >= 0.000)
",-9999999.000,-9999999.000,0.000,0.000,1.000,0,0,0,2,2,0,0,2,0.0,0,0,0.0,0.0,1.0
"F[0,1](BldPrSys <= 120.523 | Pt_SiblingT1D <= 0.000)
",-9999999.000,-9999999.000,0.000,0.000,1.000,0,0,0,2,2,0,0,2,0.0,0,0,0.0,0.0,1.0
"F[1,1](((Pt_InsGov >= 0.000 -> Pt_CGMUseNumDays >= 0.000) -> diabDur >= 0.000) -> HbA1c >= 0.000)
",0.000,0.000,0.000,0.000,1.000,0,0,0,2,2,0,0,2,0.0,0,0,0.0,0.0,1.0
"((BldPrDia >= 70.697) U[2,2] (TotChol <= 61.042))
",61.042,61.042,0.000,0.000,1.000,0,0,0,2,2,0,0,2,0.0,0,0,0.0,0.0,1.0
"((DirectLDL <= 0.000) U[0,1] (AlbCreatRat_mggNew >= 9.027))
",-9999999.000,-9999999.000,0.000,0.000,1.000,0,0,0,2,2,0,0,2,0.0,0,0,0.0,0.0,1.0
"F[0,0](((Pt_InsGov >= 0.000 | SMBGperDayPtMeterCombo <= 1.510) -> Pt_A1cGoalLev >= 0.659) -> HbA1c >= 0.289)
",0.000,0.000,0.000,0.000,1.000,0,0,0,2,2,0,0,2,0.0,0,0,0.0,0.0,1.0
"F[0,1](Pt_GrandchildT1D >= 0.000 & Pt_DKAFlg >= 0.000)
",-9999999.000,-9999999.000,0.000,0.000,1.000,0,0,0,2,2,0,0,2,0.0,0,0,0.0,0.0,1.0
"F[2,2]((AlbCreatRat_mggNew <= 9.519 | Pt_DKAFlg >= 0.000) & Pt_DKAFlg >= 0.000)
",0.000,0.000,0.000,0.000,1.000,0,0,0,2,2,0,0,2,0.0,0,0,0.0,0.0,1.0
"F[0,2](((Pt_GrandchildT1D <= 0.000 & diagAgeCombo <= 3.316) -> Pt_SHFlg >= 1.127) | bmi >= 1.959)
",-9999999.000,-9999999.000,0.000,0.000,1.000,0,0,0,2,2,0,0,2,0.0,0,0,0.0,0.0,1.0
"F[1,2]((BGTestAvgNumMeter <= 1.797 -> TotChol <= 39.158) & NumPumpBolusOrShortAct <= 77.954)
",-9999999.000,-9999999.000,0.000,0.000,1.000,0,0,0,2,2,0,0,2,0.0,0,0,0.0,0.0,1.0
"F[2,2](((Pt_CGMUseNumDays <= 0.000 | Triglyc <= 51.329) | SMBGperDayPtMeterCombo >= 6.111) -> Pt_MotherT1D >= 17.388)
",-51.329,-51.329,0.000,0.000,1.000,0,0,0,2,2,0,0,2,0.0,0,0,0.0,0.0,1.0
"F[0,2](((SMBGperDayPtMeterCombo <= 0.744 | WeightKg >= 63.549) & SMBGperDayPtMeterCombo <= 63.952) | Pt_GrandchildT1D <= 64.207)
",-9999999.000,-9999999.000,0.000,0.000,1.000,0,0,0,2,2,0,0,2,0.0,0,0,0.0,0.0,1.0
"F[1,1](DirectLDL <= 0.000 | BGTestAvgNumMeter <= 1.075)
",1.075,1.075,0.000,0.000,1.000,0,0,0,2,2,0,0,2,0.0,0,0,0.0,0.0,1.0
"((bmi <= 20.695) U[2,2] (bmiPerc <= 0.433))
",20.695,20.695,0.000,0.000,1.000,0,0,0,2,2,0,0,2,0.0,0,0,0.0,0.0,1.0
"((AutonomicNeuroCl >= 0.000) U[1,2] (diabDur <= 9.608))
",-9999999.000,-9999999.000,0.000,0.000,1.000,0,0,0,2,2,0,0,2,0.0,0,0,0.0,0.0,1.0
"F[1,1](((bmiZscore >= -0.349 -> LDL <= 60.303) -> Pt_SHFlg >= 10.338) -> Pt_SHFlg <= 53.780)
",-53.780,-53.780,0.000,0.000,1.000,0,0,0,2,2,0,0,2,0.0,0,0,0.0,0.0,1.0
"((LDL >= 16.881) U[0,0] (Pt_MotherT1D <= 0.000))
",0.000,0.000,0.000,0.000,1.000,0,0,0,2,2,0,0,2,0.0,0,0,0.0,0.0,1.0
"F[0,0]((Pt_GrandchildT1D <= 0.000 & HDL >= 5.064) -> Pt_DKAFlg <= 32.258)
",-32.258,-32.258,0.000,0.000,1.000,0,0,0,2,2,0,0,2,0.0,0,0,0.0,0.0,1.0
"F[1,2]((TotalDailyInsPerKg <= 0.433 -> BldPrSys >= 115.629) -> HeightCm >= 113.259)
",-9999999.000,-9999999.000,0.000,0.000,1.000,0,0,0,2,2,0,0,2,0.0,0,0,0.0,0.0,1.0
"F[2,2](diagAgeCombo <= 5.287 & Pt_GrandparentT1D <= 0.000)
",0.000,0.000,0.000,0.000,1.000,0,0,0,2,2,0,0,2,0.0,0,0,0.0,0.0,1.0
"F[1,2]((Pt_GrandparentT1D >= 0.000 | Triglyc <= 24.635) -> bmiZscore >= 10.396)
",-9999999.000,-9999999.000,0.000,0.000,1.000,0,0,0,2,2,0,0,2,0.0,0,0,0.0,0.0,1.0
"F[2,2](((AutonomicNeuroCl <= 0.000 & age >= 16.765) | Triglyc >= 16.831) & Pt_GrandchildT1D <= 17.755)
",-16.765,-16.765,0.000,0.000,1.000,0,0,0,2,2,0,0,2,0.0,0,0,0.0,0.0,1.0
"F[0,2](((WeightKg <= 64.003 | LDL >= 19.283) | BGTestAvgNumPtRep <= 48.271) & DirectLDL >= 13.656)
",-9999999.000,-9999999.000,0.000,0.000,1.000,0,0,0,2,2,0,0,2,0.0,0,0,0.0,0.0,1.0
"F[0,2](((DirectLDL <= 0.000 -> DirectLDL <= 0.000) | diabDur >= 0.000) & Pt_GrandchildT1D >= 0.000)
",-9999999.000,-9999999.000,0.000,0.000,1.000,0,0,0,2,2,0,0,2,0.0,0,0,0.0,0.0,1.0
"F[0,1](bmiZscore >= -0.302 -> Pt_SHFlg <= 0.000)
",-9999999.000,-9999999.000,0.000,0.000,1.000,0,0,0,2,2,0,0,2,0.0,0,0,0.0,0.0,1.0
"F[0,1](((NumPumpBolusOrShortAct <= 1.844 & Pt_FatherT1D <= 0.000) & Pt_GrandparentT1D >= 0.000) & Pt_CGMUseNumDays <= 0.000)
",-9999999.000,-9999999.000,0.000,0.000,1.000,0,0,0,2,2,0,0,2,0.0,0,0,0.0,0.0,1.0
"((Pt_GrandparentT1D >= 0.000) U[0,1] (Pt_A1cGoalLev <= 5.591))
",-9999999.000,-9999999.000,0.000,0.000,1.000,0,0,0,2,2,0,0,2,0.0,0,0,0.0,0.0,1.0
"F[1,2](UnitsInsBasalOrLongAct <= 26.891 & LDL >= 14.944)
",-9999999.000,-9999999.000,0.000,0.000,1.000,0,0,0,2,2,0,0,2,0.0,0,0,0.0,0.0,1.0
"F[0,1](bmiZscore >= -0.312 & NumPumpBolusOrShortAct <= 2.452)
",-9999999.000,-9999999.000,0.000,0.000,1.000,0,0,0,2,2,0,0,2,0.0,0,0,0.0,0.0,1.0
"F[0,2]((TotalDailyInsPerKg >= 0.401 | DirectLDL >= 0.000) | Pt_GrandparentT1D <= 0.000)
",-9999999.000,-9999999.000,0.000,0.000,1.000,0,0,0,2,2,0,0,2,0.0,0,0,0.0,0.0,1.0
"F[2,2](TotalDailyInsPerKg <= 0.496 -> diabDur <= 9.916)
",-9.916,-9.916,0.000,0.000,1.000,0,0,0,2,2,0,0,2,0.0,0,0,0.0,0.0,1.0
"F[0,1](LDL <= 57.712 -> Pt_InsGov >= 0.000)
",-9999999.000,-9999999.000,0.000,0.000,1.000,0,0,0,2,2,0,0,2,0.0,0,0,0.0,0.0,1.0
"F[0,1](((LDL <= 48.505 & NumPumpBolusOrShortAct >= 0.106) | Pt_MotherT1D >= 0.624) & BGTestAvgNumPtRep <= 1.283)
",-9999999.000,-9999999.000,0.000,0.000,1.000,0,0,0,2,2,0,0,2,0.0,0,0,0.0,0.0,1.0
"F[0,1]((TSH >= 1.050 & HDL >= 11.247) -> UnitsInsBasalOrLongAct <= 28.216)
",-9999999.000,-9999999.000,0.000,0.000,1.000,0,0,0,2,2,0,0,2,0.0,0,0,0.0,0.0,1.0
"((bmiZscore <= -0.125) U[0,2] (TotChol >= 34.904))
",-9999999.000,-9999999.000,0.000,0.000,1.000,0,0,0,2,2,0,0,2,0.0,0,0,0.0,0.0,1.0
"F[1,2](((bmiZscore <= -0.204 & GFR >= 11.037) -> UnitsInsBasalOrLongAct <= 119.103) & AutonomicNeuroCl <= 103.751)
",-9999999.000,-9999999.000,0.000,0.000,1.000,0,0,0,2,2,0,0,2,0.0,0,0,0.0,0.0,1.0
"((BldPrSys <= 124.680) U[1,2] (diagAgeCombo >= 1.914))
",-9999999.000,-9999999.000,0.000,0.000,1.000,0,0,0,2,2,0,0,2,0.0,0,0,0.0,0.0,1.0
"F[0,1](HDL >= 15.418 -> NumPumpBolusOrShortAct >= 0.930)
",-9999999.000,-9999999.000,0.000,0.000,1.000,0,0,0,2,2,0,0,2,0.0,0,0,0.0,0.0,1.0
"F[2,2](((GFR >= 33.878 -> HDL >= 6.387) -> GFR >= 8.388) -> Triglyc >= 5.311)
",5.311,5.311,0.000,0.000,1.000,0,0,0,2,2,0,0,2,0.0,0,0,0.0,0.0,1.0
"F[0,1](BldPrDia <= 71.850 & HbA1cImputeDtMnC >= 1.822)
",-9999999.000,-9999999.000,0.000,0.000,1.000,0,0,0,2,2,0,0,2,0.0,0,0,0.0,0.0,1.0
"F[1,2](BldPrSys <= 123.387 & bmiZscore <= -0.115)
",-9999999.000,-9999999.000,0.000,0.000,1.000,0,0,0,2,2,0,0,2,0.0,0,0,0.0,0.0,1.0
"F[1,2]((AlbCreatRat_mggNew >= 9.208 -> TSH <= 1.513) -> bmiPerc <= 1.274)
",-9999999.000,-9999999.000,0.000,0.000,1.000,0,0,0,2,2,0,0,2,0.0,0,0,0.0,0.0,1.0
"F[2,2](diabDur >= 8.104 | HbA1c <= 9.695)
",9.695,9.695,0.000,0.000,1.000,0,0,0,2,2,0,0,2,0.0,0,0,0.0,0.0,1.0
"F[0,0]((BldPrSys >= 112.008 | TotalDailyInsPerKg >= 0.076) -> BGTestAvgNumPtRep <= 0.432)
",-9.924,-9.924,0.000,0.000,1.000,0,0,0,2,2,0,0,2,0.0,0,0,0.0,0.0,1.0
"F[0,1](TSH >= 0.876 -> UnitsInsBasalOrLongAct >= 17.832)
",-9999999.000,-9999999.000,0.000,0.000,1.000,0,0,0,2,2,0,0,2,0.0,0,0,0.0,0.0,1.0
"F[1,2]((BUN >= 6.926 -> LDL >= 7.974) | BUN <= 40.000)
",-9999999.000,-9999999.000,0.000,0.000,1.000,0,0,0,2,2,0,0,2,0.0,0,0,0.0,0.0,1.0
"F[1,1](BGTestAvgNumMeter <= 0.690 | TotalDailyInsPerKg >= 0.086)
",0.690,0.690,0.000,0.000,1.000,0,0,0,2,2,0,0,2,0.0,0,0,0.0,0.0,1.0
"((BUN >= 7.294) U[0,2] (UnitsInsBasalOrLongAct >= 1.830))
",-9999999.000,-9999999.000,0.000,0.000,1.000,0,0,0,2,2,0,0,2,0.0,0,0,0.0,0.0,1.0
"F[1,2]((NumPumpBolusOrShortAct <= 1.622 -> UnitsInsBasalOrLongAct >= 0.545) | TSH <= 29.214)
",-9999999.000,-9999999.000,0.000,0.000,1.000,0,0,0,2,2,0,0,2,0.0,0,0,0.0,0.0,1.0
"F[1,2](bmiPerc <= 0.412 & NumPumpBolusOrShortAct <= 2.366)
",-9999999.000,-9999999.000,0.000,0.000,1.000,0,0,0,2,2,0,0,2,0.0,0,0,0.0,0.0,1.0
"F[0,1]((BldPrDia <= 73.938 -> bmiPerc <= 0.432) | HeightCm <= 0.450)
",-9999999.000,-9999999.000,0.000,0.000,1.000,0,0,0,2,2,0,0,2,0.0,0,0,0.0,0.0,1.0
"F[0,2](BldPrDia <= 72.614 | bmiZscore <= -0.141)
",-9999999.000,-9999999.000,0.000,0.000,1.000,0,0,0,2,2,0,0,2,0.0,0,0,0.0,0.0,1.0
"F[0,2](bmi >= 20.264 | TotalDailyInsPerKg >= 0.136)
",-9999999.000,-9999999.000,0.000,0.000,1.000,0,0,0,2,2,0,0,2,0.0,0,0,0.0,0.0,1.0
"F[0,2](((TSH <= 1.376 | TotChol >= 19.708) -> SMBGperDayPtMeterCombo <= 94.656) & BldPrDia >= 12.317)
",-9999999.000,-9999999.000,0.000,0.000,1.000,0,0,0,2,2,0,0,2,0.0,0,0,0.0,0.0,1.0
"((bmiPerc <= 0.452) U[0,1] (diagAgeCombo <= 3.890))
",-9999999.000,-9999999.000,0.000,0.000,1.000,0,0,0,2,2,0,0,2,0.0,0,0,0.0,0.0,1.0
"((bmi <= 20.598) U[0,0] (BldPrDia >= 70.708))
",41.292,41.292,0.000,0.000,1.000,0,0,0,2,2,0,0,2,0.0,0,0,0.0,0.0,1.0
"F[1,1](((Pt_FatherT1D <= 0.000 | Pt_SiblingT1D <= 0.000) & diagAgeCombo >= 0.000) -> Pt_MotherT1D >= 0.000)
",0.000,0.000,0.000,0.000,1.000,0,0,0,2,2,0,0,2,0.0,0,0,0.0,0.0,1.0
"F[0,1]((Pt_SiblingT1D >= 0.000 | TotalDailyInsPerKg >= 0.392) | HbA1c <= 0.486)
",-9999999.000,-9999999.000,0.000,0.000,1.000,0,0,0,2,2,0,0,2,0.0,0,0,0.0,0.0,1.0
"F[1,1](((WeightKg <= 64.069 & Pt_CGMUseNumDays <= 0.000) | Triglyc >= 0.000) & TSH >= 0.000)
",0.000,0.000,0.000,0.000,1.000,0,0,0,2,2,0,0,2,0.0,0,0,0.0,0.0,1.0
"F[0,2](((GFR <= 121.868 | Pt_A1cGoalLevelDsYr5 <= 0.000) | TotChol >= 0.000) & bmi <= 0.000)
",-9999999.000,-9999999.000,0.000,0.000,1.000,0,0,0,2,2,0,0,2,0.0,0,0,0.0,0.0,1.0
"F[2,2](HbA1c <= 10.095 & TotalDailyInsPerKg <= 0.479)
",0.479,0.479,0.000,0.000,1.000,0,0,0,2,2,0,0,2,0.0,0,0,0.0,0.0,1.0
"F[1,2](BldPrDia <= 73.207 & bmiZscore <= -0.125)
",-9999999.000,-9999999.000,0.000,0.000,1.000,0,0,0,2,2,0,0,2,0.0,0,0,0.0,0.0,1.0
"((Pt_CGMUseNumDays >= 0.000) U[2,2] (Pt_CGMUseNumDays >= 0.000))
",0.000,0.000,0.000,0.000,1.000,0,0,0,2,2,0,0,2,0.0,0,0,0.0,0.0,1.0
"F[2,2](BldPrDia >= 70.921 & BUN <= 7.668)
",-70.921,-70.921,0.000,0.000,1.000,0,0,0,2,2,0,0,2,0.0,0,0,0.0,0.0,1.0
"F[1,1](HbA1c <= 10.007 -> WeightKg >= 63.672)
",-10.007,-10.007,0.000,0.000,1.000,0,0,0,2,2,0,0,2,0.0,0,0,0.0,0.0,1.0
"F[0,1](bmi <= 20.606 -> HbA1c >= 9.514)
",-9999999.000,-9999999.000,0.000,0.000,1.000,0,0,0,2,2,0,0,2,0.0,0,0,0.0,0.0,1.0
"F[0,2](age >= 16.964 | BldPrSys >= 116.126)
",-9999999.000,-9999999.000,0.000,0.000,1.000,0,0,0,2,2,0,0,2,0.0,0,0,0.0,0.0,1.0
"((bmiZscore >= -0.397) U[1,1] (LDL <= 21.014))
",21.014,21.014,0.000,0.000,1.000,0,0,0,2,2,0,0,2,0.0,0,0,0.0,0.0,1.0
