Rule,Discrimination Score,Pos Robustness,Neg Robustness,Percent Class +,Percent Class -,TP,TN,FP,FN,Actual Yes,Actual No,Predicted Yes,Predicted No,TPR/Sens,TNR/Spec,FPR,Precision,Accuracy,MCR,Class
"G[0,1]((GFR >= 8.238 -> AutonomicNeuroCl >= 0.000) | Pt_A1cGoalLev >= 0.000)
",9999999.000,9999999.000,0.000,1.000,0.000,3,0,0,0,3,0,3,0,1.0,0.0,0.0,1.0,1.0,0.0,1
"G[1,1](Pt_CGMUseNumDays <= 13.956 & Triglyc <= 106.622)
",7856430526258925.000,13.956,0.000,1.000,0.000,3,0,0,0,3,0,3,0,1.0,0.0,0.0,1.0,1.0,0.0,1
"F[1,1]((HbA1c <= 8.345 & HDL >= 30.153) & Pt_MotherT1D >= 59.508)
",-59.508,-59.508,0.000,0.000,1.000,3,0,0,0,3,0,3,0,1.0,0.0,0.0,1.0,1.0,0.0,-1
"F[1,1]((BldPrSys >= 115.821 -> HeightCm <= 177.021) & AutonomicNeuroCl >= 177.003)
",-177.021,-177.021,0.000,0.000,1.000,3,0,0,0,3,0,3,0,1.0,0.0,0.0,1.0,1.0,0.0,-1
"F[0,1](((BGTestAvgNumPtRep <= 5.726 & diabDur >= 15.076) -> Pt_SHFlg <= 17.778) -> DirectLDL >= 15.363)
",-9999999.000,-9999999.000,0.000,0.000,1.000,3,0,0,0,3,0,3,0,1.0,0.0,0.0,1.0,1.0,0.0,-1
"G[0,1](HbA1c <= 8.237 | Pt_CGMUseNumDays >= 7.551)
",9999999.000,9999999.000,0.000,1.000,0.000,3,0,0,0,3,0,3,0,1.0,0.0,0.0,1.0,1.0,0.0,1
"G[0,1]((DirectLDL <= 0.000 & Pt_GrandparentT1D <= 0.000) & Pt_InsGov <= 0.000)
",9999999.000,9999999.000,0.000,1.000,0.000,3,0,0,0,3,0,3,0,1.0,0.0,0.0,1.0,1.0,0.0,1
"G[0,1]((SMBGperDayPtMeterCombo <= 7.095 | GFR >= 15.806) -> Pt_GrandparentT1D <= 36.018)
",9999999.000,9999999.000,0.000,1.000,0.000,3,0,0,0,3,0,3,0,1.0,0.0,0.0,1.0,1.0,0.0,1
"G[0,1]((Triglyc <= 102.336 | UnitsInsBasalOrLongAct >= 3.038) | UnitsInsBasalOrLongAct <= 15.662)
",9999999.000,9999999.000,0.000,1.000,0.000,3,0,0,0,3,0,3,0,1.0,0.0,0.0,1.0,1.0,0.0,1
"G[0,0]((WeightKg >= 90.067 | bmi >= 28.544) -> UnitsInsBasalOrLongAct <= 15.291)
",-0.564,-3.325,0.000,1.000,0.000,3,0,0,0,3,0,3,0,1.0,0.0,0.0,1.0,1.0,0.0,1
"F[0,0]((Triglyc >= 47.227 & BGTestAvgNumPtRep >= 0.746) & bmiZscore >= 1.147)
",-0.760,-16.507,0.000,0.000,1.000,3,0,0,0,3,0,3,0,1.0,0.0,0.0,1.0,1.0,0.0,-1
"G[0,1](((LDL >= 15.567 & TSH <= 0.944) & Triglyc <= 1.274) -> BGTestAvgNumPtRep <= 1.036)
",9999999.000,9999999.000,0.000,1.000,0.000,3,0,0,0,3,0,3,0,1.0,0.0,0.0,1.0,1.0,0.0,1
"G[0,0]((WeightKg >= 89.774 | bmi >= 29.116) -> UnitsInsBasalOrLongAct <= 15.100)
",-0.532,-3.133,0.000,1.000,0.000,3,0,0,0,3,0,3,0,1.0,0.0,0.0,1.0,1.0,0.0,1
"G[0,1](((bmi <= 30.470 | HDL <= 85.059) | TotChol >= 19.179) & Pt_GrandchildT1D <= 89.397)
",9999999.000,9999999.000,0.000,1.000,0.000,3,0,0,0,3,0,3,0,1.0,0.0,0.0,1.0,1.0,0.0,1
"G[1,1](((Pt_GrandparentT1D >= 0.000 -> diagAgeCombo <= 35.000) & SMBGperDayPtMeterCombo <= 35.000) & TotalDailyInsPerKg <= 35.000)
",-35.000,-35.000,0.000,1.000,0.000,3,0,0,0,3,0,3,0,1.0,0.0,0.0,1.0,1.0,0.0,1
"G[0,0]((HbA1cImputeDtMnC <= 71.099 -> TotalDailyInsPerKg >= 0.061) & BldPrSys >= 0.210)
",-18.572,-66.099,0.000,1.000,0.000,3,0,0,0,3,0,3,0,1.0,0.0,0.0,1.0,1.0,0.0,1
"G[0,0](((GFR >= 1.482 & Pt_CGMUseNumDays <= 25.014) -> Pt_FatherT1D <= 13.220) | HeightCm <= 25.705)
",-0.228,-3.220,0.000,1.000,0.000,3,0,0,0,3,0,3,0,1.0,0.0,0.0,1.0,1.0,0.0,1
"F[0,1](((LDL <= 65.501 & Pt_CGMUseNumDays <= 22.048) -> AutonomicNeuroCl >= 0.733) & bmi <= 10.653)
",-9999999.000,-9999999.000,0.000,0.000,1.000,3,0,0,0,3,0,3,0,1.0,0.0,0.0,1.0,1.0,0.0,-1
"F[1,1](((BldPrDia <= 84.366 | HeightCm <= 177.025) & Pt_SHFlg >= 177.002) | Pt_GrandparentT1D >= 177.005)
",-177.002,-177.002,0.000,0.000,1.000,3,0,0,0,3,0,3,0,1.0,0.0,0.0,1.0,1.0,0.0,-1
"F[0,1](((BGTestAvgNumPtRep <= 5.136 | BldPrSys <= 130.268) | GFR >= 115.819) & AutonomicNeuroCl >= 111.590)
",-9999999.000,-9999999.000,0.000,0.000,1.000,3,0,0,0,3,0,3,0,1.0,0.0,0.0,1.0,1.0,0.0,-1
"F[1,1](Pt_SiblingT1D < 0.000 & Pt_SHFlg = 0.000)
",0.000,0.000,0.000,0.000,1.000,3,0,0,0,3,0,3,0,1.0,0.0,0.0,1.0,1.0,0.0,-1
"F[0,1]((AlbCreatRat_mggNew >= 10.354 & GFR <= 50.796) | AutonomicNeuroCl >= 4.903)
",-9999999.000,-9999999.000,0.000,0.000,1.000,3,0,0,0,3,0,3,0,1.0,0.0,0.0,1.0,1.0,0.0,-1
"F[0,1](((BldPrDia <= 81.308 -> SMBGperDayPtMeterCombo <= 8.600) & Pt_GrandparentT1D >= 3.885) & TotChol >= 2.905)
",-9999999.000,-9999999.000,0.000,0.000,1.000,3,0,0,0,3,0,3,0,1.0,0.0,0.0,1.0,1.0,0.0,-1
"F[0,0](((BUN >= 3.564 -> LDL >= 36.500) | Pt_FatherT1D >= 36.599) -> Pt_GrandparentT1D >= 12.984)
",0.784,5.339,0.000,0.000,1.000,3,0,0,0,3,0,3,0,1.0,0.0,0.0,1.0,1.0,0.0,-1
"F[1,1](((bmiPerc <= 0.000 & HeightCm >= 177.000) -> HeightCm >= 177.003) & Pt_GrandchildT1D >= 177.001)
",-6227660484361075.000,-177.001,0.000,0.000,1.000,3,0,0,0,3,0,3,0,1.0,0.0,0.0,1.0,1.0,0.0,-1
"F[1,1](Pt_CGMUseNumDays > 0.248 & Pt_SHFlg = 0.000)
",-0.248,-0.248,0.000,0.000,1.000,3,0,0,0,3,0,3,0,1.0,0.0,0.0,1.0,1.0,0.0,-1
"F[0,1](((BldPrSys <= 121.764 | SMBGperDayPtMeterCombo <= 6.080) | LDL >= 2.666) & Pt_GrandparentT1D >= 5.280)
",-9999999.000,-9999999.000,0.000,0.000,1.000,3,0,0,0,3,0,3,0,1.0,0.0,0.0,1.0,1.0,0.0,-1
"F[0,1](((SMBGperDayPtMeterCombo <= 6.021 & Triglyc >= 55.899) & Pt_InsGov <= 88.921) & bmiPerc >= 37.260)
",-9999999.000,-9999999.000,0.000,0.000,1.000,3,0,0,0,3,0,3,0,1.0,0.0,0.0,1.0,1.0,0.0,-1
"F[0,0](((BGTestAvgNumPtRep >= 1.162 | NumPumpBolusOrShortAct >= 3.132) -> Pt_GrandparentT1D >= 3.242) & TSH <= 4.902)
",-1.474,-2.505,0.000,0.000,1.000,3,0,0,0,3,0,3,0,1.0,0.0,0.0,1.0,1.0,0.0,-1
"F[0,0](((AlbCreatRat_mggNew <= 18.854 -> TotChol <= 120.214) & Pt_A1cGoalLevelDsYr5 >= 91.623) & NumPumpBolusOrShortAct >= 10.522)
",-7.505,-101.153,0.000,0.000,1.000,3,0,0,0,3,0,3,0,1.0,0.0,0.0,1.0,1.0,0.0,-1
"F[0,1](((bmiZscore <= 0.091 -> HbA1c <= 7.273) & HeightCm <= 7.468) & SMBGperDayPtMeterCombo >= 6.925)
",-9999999.000,-9999999.000,0.000,0.000,1.000,3,0,0,0,3,0,3,0,1.0,0.0,0.0,1.0,1.0,0.0,-1
"F[0,0]((Pt_FatherT1D <= 0.000 -> TSH <= 1.194) & Pt_ChildT1D >= 0.547)
",-3.211,-0.978,0.000,0.000,1.000,3,0,0,0,3,0,3,0,1.0,0.0,0.0,1.0,1.0,0.0,-1
"F[0,1](((AlbCreatRat_mggNew >= 4.287 | bmi <= 30.291) & Pt_A1cGoalLevelDsYr5 >= 29.128) | DirectLDL >= 28.553)
",-9999999.000,-9999999.000,0.000,0.000,1.000,3,0,0,0,3,0,3,0,1.0,0.0,0.0,1.0,1.0,0.0,-1
"F[0,0]((UnitsInsBasalOrLongAct >= 9.375 | bmiZscore <= 0.137) & HDL <= 0.158)
",-1.408,-43.183,0.000,0.000,1.000,3,0,0,0,3,0,3,0,1.0,0.0,0.0,1.0,1.0,0.0,-1
"F[1,1](((Pt_A1cGoalLev <= 0.000 -> bmi >= 29.242) | Pt_A1cGoalLev <= 31.096) & diabDur >= 29.453)
",-29.453,-29.453,0.000,0.000,1.000,3,0,0,0,3,0,3,0,1.0,0.0,0.0,1.0,1.0,0.0,-1
"G[1,1](((GFR >= 20.906 | TotChol <= 140.376) -> UnitsInsBasalOrLongAct <= 161.190) | Pt_CGMUseNumDays <= 118.281)
",8323293349944221.000,118.281,0.000,1.000,0.000,3,0,0,0,3,0,3,0,1.0,0.0,0.0,1.0,1.0,0.0,1
"G[0,0](((bmiPerc >= 0.000 | bmiPerc >= 0.000) | NumPumpBolusOrShortAct <= 0.000) -> AutonomicNeuroCl >= 0.000)
",-23.489,-30.196,0.000,1.000,0.000,3,0,0,0,3,0,3,0,1.0,0.0,0.0,1.0,1.0,0.0,1
"G[0,1]((HbA1c <= 7.818 | NumPumpBolusOrShortAct >= 0.587) & Pt_A1cGoalLevelDsYr5 <= 7.986)
",9999999.000,9999999.000,0.000,1.000,0.000,3,0,0,0,3,0,3,0,1.0,0.0,0.0,1.0,1.0,0.0,1
"G[0,1](((BldPrSys >= 119.307 & bmi >= 29.690) & Pt_GrandparentT1D >= 29.218) -> TSH <= 31.218)
",9999999.000,9999999.000,0.000,1.000,0.000,3,0,0,0,3,0,3,0,1.0,0.0,0.0,1.0,1.0,0.0,1
"G[0,0](((bmiZscore <= 0.089 & Pt_CGMUseNumDays >= 7.388) & Pt_SiblingT1D >= 3.619) -> BldPrDia >= 5.459)
",-20.071,-113.541,0.000,1.000,0.000,3,0,0,0,3,0,3,0,1.0,0.0,0.0,1.0,1.0,0.0,1
"G[0,0](((Pt_MotherT1D <= 0.000 | BGTestAvgNumMeter <= 4.493) | Pt_FatherT1D >= 0.976) & HDL >= 1.566)
",0.651,9.153,0.000,1.000,0.000,3,0,0,0,3,0,3,0,1.0,0.0,0.0,1.0,1.0,0.0,1
"G[0,1](diabDur <= 18.800 | TSH >= 0.223)
",9999999.000,9999999.000,0.000,1.000,0.000,3,0,0,0,3,0,3,0,1.0,0.0,0.0,1.0,1.0,0.0,1
"G[0,1]((BldPrDia <= 85.006 -> Pt_GrandchildT1D <= 0.000) | SMBGperDayPtMeterCombo >= 0.000)
",9999999.000,9999999.000,0.000,1.000,0.000,3,0,0,0,3,0,3,0,1.0,0.0,0.0,1.0,1.0,0.0,1
"G[0,1](Pt_SHFlg <= 0.000 | Pt_FatherT1D >= 0.000)
",9999999.000,9999999.000,0.000,1.000,0.000,3,0,0,0,3,0,3,0,1.0,0.0,0.0,1.0,1.0,0.0,1
"G[0,1](((BUN <= 12.505 & TSH >= 0.472) & Pt_GrandparentT1D >= 0.089) -> WeightKg >= 0.270)
",9999999.000,9999999.000,0.000,1.000,0.000,3,0,0,0,3,0,3,0,1.0,0.0,0.0,1.0,1.0,0.0,1
"G[0,1]((Pt_MotherT1D >= 0.000 & Pt_GrandparentT1D <= 0.000) -> Pt_A1cGoalLevelDsYr5 >= 0.000)
",9999999.000,9999999.000,0.000,1.000,0.000,3,0,0,0,3,0,3,0,1.0,0.0,0.0,1.0,1.0,0.0,1
"G[0,1]((BldPrSys <= 128.018 -> BldPrDia <= 85.118) & BldPrSys >= 75.947)
",9999999.000,9999999.000,0.000,1.000,0.000,3,0,0,0,3,0,3,0,1.0,0.0,0.0,1.0,1.0,0.0,1
"G[0,1]((BGTestAvgNumMeter >= 0.807 -> diabDur <= 16.356) -> BldPrDia >= 13.579)
",9999999.000,9999999.000,0.000,1.000,0.000,3,0,0,0,3,0,3,0,1.0,0.0,0.0,1.0,1.0,0.0,1
"G[0,1](TSH >= 0.148 -> Pt_InsGov >= 0.000)
",9999999.000,9999999.000,0.000,1.000,0.000,3,0,0,0,3,0,3,0,1.0,0.0,0.0,1.0,1.0,0.0,1
"G[1,1]((TotChol >= 74.837 & Triglyc <= 89.832) | HbA1cImputeDtMnC <= 120.137)
",120.137,120.137,0.000,1.000,0.000,3,0,0,0,3,0,3,0,1.0,0.0,0.0,1.0,1.0,0.0,1
"G[0,1](((HDL >= 27.294 & bmiPerc <= 0.000) | SMBGperDayPtMeterCombo <= 0.000) | diagAgeCombo >= 0.000)
",9999999.000,9999999.000,0.000,1.000,0.000,3,0,0,0,3,0,3,0,1.0,0.0,0.0,1.0,1.0,0.0,1
"G[1,1](((Pt_InsGov >= 0.000 & Pt_FatherT1D >= 0.000) -> BldPrSys >= 0.000) | BldPrSys <= 0.000)
",0.000,0.000,0.000,1.000,0.000,3,0,0,0,3,0,3,0,1.0,0.0,0.0,1.0,1.0,0.0,1
"G[0,1](TotalDailyInsPerKg > 0.081 -> Pt_SHFlg = 0.000)
",9999999.000,9999999.000,0.000,1.000,0.000,3,0,0,0,3,0,3,0,1.0,0.0,0.0,1.0,1.0,0.0,1
"G[1,1](((SMBGperDayPtMeterCombo >= 2.340 -> bmiPerc >= 0.000) | BldPrSys >= 0.000) | UnitsInsBasalOrLongAct >= 0.000)
",0.000,0.000,0.000,1.000,0.000,3,0,0,0,3,0,3,0,1.0,0.0,0.0,1.0,1.0,0.0,1
"G[0,1]((bmi >= 29.404 & HeightCm <= 177.008) | Pt_SHFlg <= 177.008)
",9999999.000,9999999.000,0.000,1.000,0.000,3,0,0,0,3,0,3,0,1.0,0.0,0.0,1.0,1.0,0.0,1
"G[0,0](BGTestAvgNumPtRep >= 0.534 -> TotalDailyInsPerKg >= 0.119)
",-17.552,-16.548,0.000,1.000,0.000,3,0,0,0,3,0,3,0,1.0,0.0,0.0,1.0,1.0,0.0,1
"G[1,1](((BldPrSys <= 126.363 & Pt_GrandparentT1D >= 0.000) | Pt_InsGov >= 0.000) | Pt_MotherT1D >= 0.000)
",0.000,0.000,0.000,1.000,0.000,3,0,0,0,3,0,3,0,1.0,0.0,0.0,1.0,1.0,0.0,1
"G[0,1](diagAgeCombo < 35.000 -> Pt_SHFlg = 0.000)
",9999999.000,9999999.000,0.000,1.000,0.000,3,0,0,0,3,0,3,0,1.0,0.0,0.0,1.0,1.0,0.0,1
"G[0,0](BUN < 16.000 & Pt_SHFlg = 0.000)
",-4.100,-50.667,0.000,1.000,0.000,3,0,0,0,3,0,3,0,1.0,0.0,0.0,1.0,1.0,0.0,1
"G[0,1](((BGTestAvgNumPtRep <= 2.290 -> WeightKg <= 94.881) & SMBGperDayPtMeterCombo >= 89.515) | bmiZscore <= 95.244)
",9999999.000,9999999.000,0.000,1.000,0.000,3,0,0,0,3,0,3,0,1.0,0.0,0.0,1.0,1.0,0.0,1
"F[1,1](BGTestAvgNumPtRep >= 0.108 & HbA1cImputeDtMnC <= 44.079)
",-0.108,-0.108,0.000,0.000,1.000,3,0,0,0,3,0,3,0,1.0,0.0,0.0,1.0,1.0,0.0,-1
"G[0,0](GFR <= 26.682 -> BUN >= 0.191)
",-3.160,-43.025,0.000,1.000,0.000,3,0,0,0,3,0,3,0,1.0,0.0,0.0,1.0,1.0,0.0,1
"G[0,0](GFR <= 58.101 | Triglyc >= 22.533)
",2.853,114.604,0.000,1.000,0.000,3,0,0,0,3,0,3,0,1.0,0.0,0.0,1.0,1.0,0.0,1
"G[0,0]((AlbCreatRat_mggNew <= 13.113 | BGTestAvgNumPtRep <= 1.667) -> Pt_GrandparentT1D <= 1.707)
",-1.177,-5.978,0.000,1.000,0.000,3,0,0,0,3,0,3,0,1.0,0.0,0.0,1.0,1.0,0.0,1
"G[1,1](((Pt_FatherT1D >= 0.000 & UnitsInsBasalOrLongAct <= 12.554) & Pt_CGMUseNumDays >= 1.190) -> Pt_ChildT1D >= 3.157)
",1.190,1.190,0.000,1.000,0.000,3,0,0,0,3,0,3,0,1.0,0.0,0.0,1.0,1.0,0.0,1
"G[0,0]((Pt_DKAFlg <= 0.000 | BldPrDia >= 75.855) | Triglyc >= 79.455)
",2.869,69.078,0.000,1.000,0.000,3,0,0,0,3,0,3,0,1.0,0.0,0.0,1.0,1.0,0.0,1
"G[0,1](((AlbCreatRat_mggNew <= 15.890 | bmiZscore <= 0.195) | SMBGperDayPtMeterCombo <= 0.147) & SMBGperDayPtMeterCombo >= 0.055)
",9999999.000,9999999.000,0.000,1.000,0.000,3,0,0,0,3,0,3,0,1.0,0.0,0.0,1.0,1.0,0.0,1
"G[1,1](((Pt_DKAFlg >= 0.000 & Pt_A1cGoalLev >= 0.000) & age >= 0.000) & Pt_ChildT1D >= 0.000)
",0.000,0.000,0.000,1.000,0.000,3,0,0,0,3,0,3,0,1.0,0.0,0.0,1.0,1.0,0.0,1
"G[1,1](AlbCreatRat_mggNew <= 16.364 | bmiZscore >= -0.007)
",16.364,16.364,0.000,1.000,0.000,3,0,0,0,3,0,3,0,1.0,0.0,0.0,1.0,1.0,0.0,1
"G[0,0]((Pt_GrandparentT1D <= 0.000 | HbA1cImputeDtMnC <= 72.231) & BGTestAvgNumPtRep <= 68.159)
",37.944,64.493,0.000,1.000,0.000,3,0,0,0,3,0,3,0,1.0,0.0,0.0,1.0,1.0,0.0,1
"G[0,0](((LDL >= 14.236 -> TotChol <= 163.352) -> Pt_SiblingT1D >= 86.489) -> Pt_DKAFlg <= 122.556)
",-122.556,-122.556,0.000,1.000,0.000,3,0,0,0,3,0,3,0,1.0,0.0,0.0,1.0,1.0,0.0,1
"G[0,1]((Pt_MotherT1D >= 0.000 | TotChol <= 159.531) & Pt_SiblingT1D <= 153.386)
",9999999.000,9999999.000,0.000,1.000,0.000,3,0,0,0,3,0,3,0,1.0,0.0,0.0,1.0,1.0,0.0,1
"G[0,0]((bmiZscore <= 0.144 & SMBGperDayPtMeterCombo <= 7.046) -> age >= 5.269)
",5.269,5.269,0.000,1.000,0.000,3,0,0,0,3,0,3,0,1.0,0.0,0.0,1.0,1.0,0.0,1
"F[0,1](((AlbCreatRat_mggNew <= 12.066 | SMBGperDayPtMeterCombo <= 6.368) -> TSH <= 7.433) -> GFR >= 3.787)
",-9999999.000,-9999999.000,0.000,0.000,1.000,2,0,0,1,3,0,2,1,0.6666666666666666,0.0,0.0,1.0,0.6666666666666666,0.33333333333333337,-1
"((BGTestAvgNumMeter >= 3.157) U[1,1] (BGTestAvgNumPtRep <= 4.994))
",4.994,4.994,0.000,0.000,1.000,2,0,0,1,3,0,2,1,0.6666666666666666,0.0,0.0,1.0,0.6666666666666666,0.33333333333333337,-1
"((UnitsInsBasalOrLongAct <= 14.126) U[1,1] (BldPrDia <= 84.804))
",84.804,84.804,0.000,0.000,1.000,2,0,0,1,3,0,2,1,0.6666666666666666,0.0,0.0,1.0,0.6666666666666666,0.33333333333333337,-1
"((BGTestAvgNumMeter >= 0.902) U[0,0] (BGTestAvgNumPtRep <= 1.913))
",14.246,13.432,0.000,0.000,1.000,2,0,0,1,3,0,2,1,0.6666666666666666,0.0,0.0,1.0,0.6666666666666666,0.33333333333333337,-1
"F[0,0]((age >= 48.096 & WeightKg <= 96.000) & Triglyc <= 93.901)
",-5.660,-63.765,0.000,0.000,1.000,2,0,0,1,3,0,2,1,0.6666666666666666,0.0,0.0,1.0,0.6666666666666666,0.33333333333333337,-1
"F[1,1](Pt_InsGov <= 0.000 -> LDL <= 58.386)
",-58.386,-58.386,0.000,0.000,1.000,2,0,0,1,3,0,2,1,0.6666666666666666,0.0,0.0,1.0,0.6666666666666666,0.33333333333333337,-1
"((BGTestAvgNumPtRep < 2.160) U[1,2] (Pt_SHFlg = 0.000))
",-9999999.000,-9999999.000,0.000,0.000,1.000,2,0,0,1,3,0,2,1,0.6666666666666666,0.0,0.0,1.0,0.6666666666666666,0.33333333333333337,-1
"((TotChol <= 133.642) U[1,2] (Pt_SHFlg = 0.000))
",-9999999.000,-9999999.000,0.000,0.000,1.000,2,0,0,1,3,0,2,1,0.6666666666666666,0.0,0.0,1.0,0.6666666666666666,0.33333333333333337,-1
"((Triglyc >= 66.727) U[0,0] (GFR >= 17.514))
",1.097,60.085,0.000,0.000,1.000,2,0,0,1,3,0,2,1,0.6666666666666666,0.0,0.0,1.0,0.6666666666666666,0.33333333333333337,-1
"F[0,1]((bmiZscore >= 0.043 | TotChol <= 135.426) -> Pt_A1cGoalLev >= 103.459)
",-9999999.000,-9999999.000,0.000,0.000,1.000,2,0,0,1,3,0,2,1,0.6666666666666666,0.0,0.0,1.0,0.6666666666666666,0.33333333333333337,-1
"F[0,1]((HDL >= 46.806 | TotalDailyInsPerKg >= 0.274) & BGTestAvgNumMeter <= 0.315)
",-9999999.000,-9999999.000,0.000,0.000,1.000,2,0,0,1,3,0,2,1,0.6666666666666666,0.0,0.0,1.0,0.6666666666666666,0.33333333333333337,-1
"F[1,1]((HbA1c >= 6.833 | BGTestAvgNumPtRep >= 0.879) & BUN >= 0.118)
",-0.879,-0.879,0.000,0.000,1.000,2,0,0,1,3,0,2,1,0.6666666666666666,0.0,0.0,1.0,0.6666666666666666,0.33333333333333337,-1
"((BGTestAvgNumMeter > 3.746) U[1,1] (Pt_SHFlg = 0.000))
",0.000,0.000,0.000,0.000,1.000,2,0,0,1,3,0,2,1,0.6666666666666666,0.0,0.0,1.0,0.6666666666666666,0.33333333333333337,-1
"F[0,1]((diabDur <= 18.563 | SMBGperDayPtMeterCombo <= 8.940) -> Pt_ChildT1D >= 5.227)
",-9999999.000,-9999999.000,0.000,0.000,1.000,2,0,0,1,3,0,2,1,0.6666666666666666,0.0,0.0,1.0,0.6666666666666666,0.33333333333333337,-1
"((Triglyc <= 97.462) U[1,1] (Triglyc >= 27.555))
",97.462,97.462,0.000,0.000,1.000,2,0,0,1,3,0,2,1,0.6666666666666666,0.0,0.0,1.0,0.6666666666666666,0.33333333333333337,-1
"F[1,1](TotalDailyInsPerKg <= 0.358 & Triglyc >= 22.654)
",-6376534584436347.000,-22.654,0.000,0.000,1.000,2,0,0,1,3,0,2,1,0.6666666666666666,0.0,0.0,1.0,0.6666666666666666,0.33333333333333337,-1
"((AlbCreatRat_mggNew >= 11.397) U[1,2] (WeightKg >= 90.763))
",-9999999.000,-9999999.000,0.000,0.000,1.000,2,0,0,1,3,0,2,1,0.6666666666666666,0.0,0.0,1.0,0.6666666666666666,0.33333333333333337,-1
"F[1,1](((BUN >= 2.627 | Triglyc >= 39.727) -> Pt_FatherT1D <= 118.554) & GFR >= 57.682)
",-8342463439062723.000,-118.554,0.000,0.000,1.000,2,0,0,1,3,0,2,1,0.6666666666666666,0.0,0.0,1.0,0.6666666666666666,0.33333333333333337,-1
"G[1,1](AlbCreatRat_mggNew <= 12.789 | NumPumpBolusOrShortAct >= 1.840)
",12.789,12.789,0.000,1.000,0.000,2,0,0,1,3,0,2,1,0.6666666666666666,0.0,0.0,1.0,0.6666666666666666,0.33333333333333337,1
"G[0,1](LDL > 35.343 & Pt_SHFlg = 0.000)
",9999999.000,9999999.000,0.000,1.000,0.000,2,0,0,1,3,0,2,1,0.6666666666666666,0.0,0.0,1.0,0.6666666666666666,0.33333333333333337,1
"G[0,1](((BldPrDia >= 78.805 -> HbA1c <= 7.832) | HbA1c <= 8.136) | HbA1c <= 7.576)
",9999999.000,9999999.000,0.000,1.000,0.000,2,0,0,1,3,0,2,1,0.6666666666666666,0.0,0.0,1.0,0.6666666666666666,0.33333333333333337,1
"G[1,1](AlbCreatRat_mggNew >= 10.546 -> BUN <= 14.606)
",-14.606,-14.606,0.000,1.000,0.000,2,0,0,1,3,0,2,1,0.6666666666666666,0.0,0.0,1.0,0.6666666666666666,0.33333333333333337,1
"G[0,0](((LDL >= 9.271 & HbA1c >= 7.076) -> SMBGperDayPtMeterCombo <= 8.448) -> HbA1c >= 6.903)
",-373.745,-8.908,0.000,1.000,0.000,2,0,0,1,3,0,2,1,0.6666666666666666,0.0,0.0,1.0,0.6666666666666666,0.33333333333333337,1
"G[0,0]((age >= 50.498 & BldPrSys >= 115.307) & diabDur <= 125.864)
",-115.307,-115.307,0.000,1.000,0.000,2,0,0,1,3,0,2,1,0.6666666666666666,0.0,0.0,1.0,0.6666666666666666,0.33333333333333337,1
"G[0,0]((bmi <= 30.081 -> SMBGperDayPtMeterCombo >= 3.176) & DirectLDL <= 6.052)
",-170.948,-170.948,0.000,1.000,0.000,2,0,0,1,3,0,2,1,0.6666666666666666,0.0,0.0,1.0,0.6666666666666666,0.33333333333333337,1
"G[0,0]((BldPrDia <= 85.563 & diabDur >= 13.677) | BldPrDia <= 18.042)
",-5.911,-33.437,0.000,1.000,0.000,2,0,0,1,3,0,2,1,0.6666666666666666,0.0,0.0,1.0,0.6666666666666666,0.33333333333333337,1
"G[0,1]((diabDur <= 16.373 | HDL <= 73.527) | Pt_GrandchildT1D >= 67.885)
",9999999.000,9999999.000,0.000,1.000,0.000,2,0,0,1,3,0,2,1,0.6666666666666666,0.0,0.0,1.0,0.6666666666666666,0.33333333333333337,1
"G[0,1](HbA1cImputeDtMnC >= 29.648 & Pt_SHFlg <= 0.000)
",9999999.000,9999999.000,0.000,1.000,0.000,2,0,0,1,3,0,2,1,0.6666666666666666,0.0,0.0,1.0,0.6666666666666666,0.33333333333333337,1
"G[0,0](Pt_A1cGoalLev <= 0.000 & diabDur <= 17.706)
",-58.083,-35.431,0.000,1.000,0.000,2,0,0,1,3,0,2,1,0.6666666666666666,0.0,0.0,1.0,0.6666666666666666,0.33333333333333337,1
"G[0,1]((diabDur >= 14.625 -> Pt_CGMUseNumDays <= 10.998) | diabDur <= 16.304)
",9999999.000,9999999.000,0.000,1.000,0.000,2,0,0,1,3,0,2,1,0.6666666666666666,0.0,0.0,1.0,0.6666666666666666,0.33333333333333337,1
"G[0,0](age <= 54.055 & TSH <= 1.000)
",-0.177,-0.334,0.000,1.000,0.000,2,0,0,1,3,0,2,1,0.6666666666666666,0.0,0.0,1.0,0.6666666666666666,0.33333333333333337,1
"G[0,1](GFR <= 60.394 -> BUN >= 2.031)
",9999999.000,9999999.000,0.000,1.000,0.000,2,0,0,1,3,0,2,1,0.6666666666666666,0.0,0.0,1.0,0.6666666666666666,0.33333333333333337,1
"G[0,0](((BGTestAvgNumPtRep <= 4.439 & DirectLDL >= 0.000) -> Pt_CGMUseNumDays <= 0.000) -> UnitsInsBasalOrLongAct <= 0.000)
",0.454,0.772,0.000,1.000,0.000,2,0,0,1,3,0,2,1,0.6666666666666666,0.0,0.0,1.0,0.6666666666666666,0.33333333333333337,1
"G[1,1](GFR <= 66.650 -> BUN >= 2.354)
",-66.650,-66.650,0.000,1.000,0.000,2,0,0,1,3,0,2,1,0.6666666666666666,0.0,0.0,1.0,0.6666666666666666,0.33333333333333337,1
"G[0,0](SMBGperDayPtMeterCombo >= 3.810 -> TotChol <= 134.571)
",-3.404,-95.317,0.000,1.000,0.000,2,0,0,1,3,0,2,1,0.6666666666666666,0.0,0.0,1.0,0.6666666666666666,0.33333333333333337,1
"G[0,1]((Pt_SiblingT1D >= 0.000 & GFR <= 67.487) & bmi <= 63.294)
",9999999.000,9999999.000,0.000,1.000,0.000,2,0,0,1,3,0,2,1,0.6666666666666666,0.0,0.0,1.0,0.6666666666666666,0.33333333333333337,1
"G[1,1]((WeightKg >= 92.265 | bmi >= 28.621) -> UnitsInsBasalOrLongAct <= 15.923)
",-8963726429993211.000,-15.923,0.000,1.000,0.000,2,0,0,1,3,0,2,1,0.6666666666666666,0.0,0.0,1.0,0.6666666666666666,0.33333333333333337,1
"G[0,1](GFR <= 65.850 -> BUN >= 4.213)
",9999999.000,9999999.000,0.000,1.000,0.000,2,0,0,1,3,0,2,1,0.6666666666666666,0.0,0.0,1.0,0.6666666666666666,0.33333333333333337,1
"G[0,1](bmiPerc >= 0.000 & diabDur >= 14.584)
",9999999.000,9999999.000,0.000,1.000,0.000,2,0,0,1,3,0,2,1,0.6666666666666666,0.0,0.0,1.0,0.6666666666666666,0.33333333333333337,1
"((HeightCm <= 177.016) U[1,2] (TSH <= 0.845))
",-9999999.000,-9999999.000,0.000,0.000,1.000,1,0,0,2,3,0,1,2,0.3333333333333333,0.0,0.0,1.0,0.3333333333333333,0.6666666666666667,-1
"F[0,1](((Pt_MotherT1D <= 0.000 -> Triglyc >= 45.012) & DirectLDL <= 127.538) | Pt_InsGov >= 60.483)
",-9999999.000,-9999999.000,0.000,0.000,1.000,1,0,0,2,3,0,1,2,0.3333333333333333,0.0,0.0,1.0,0.3333333333333333,0.6666666666666667,-1
"F[0,1](((BGTestAvgNumMeter <= 4.803 & HDL <= 73.846) & bmi <= 92.308) & Pt_A1cGoalLev <= 70.160)
",-9999999.000,-9999999.000,0.000,0.000,1.000,1,0,0,2,3,0,1,2,0.3333333333333333,0.0,0.0,1.0,0.3333333333333333,0.6666666666666667,-1
"((BGTestAvgNumMeter >= 2.154) U[1,2] (BGTestAvgNumPtRep <= 2.354))
",-9999999.000,-9999999.000,0.000,0.000,1.000,1,0,0,2,3,0,1,2,0.3333333333333333,0.0,0.0,1.0,0.3333333333333333,0.6666666666666667,-1
"F[0,1](GFR <= 53.250 -> WeightKg <= 96.419)
",-9999999.000,-9999999.000,0.000,0.000,1.000,1,0,0,2,3,0,1,2,0.3333333333333333,0.0,0.0,1.0,0.3333333333333333,0.6666666666666667,-1
"F[1,1]((bmiZscore >= -0.001 -> HDL >= 65.946) | UnitsInsBasalOrLongAct >= 30.372)
",-0.001,-0.001,0.000,0.000,1.000,1,0,0,2,3,0,1,2,0.3333333333333333,0.0,0.0,1.0,0.3333333333333333,0.6666666666666667,-1
"F[0,1](((HeightCm >= 177.001 | BGTestAvgNumMeter <= 8.391) | NumPumpBolusOrShortAct <= 7.410) & Pt_CGMUseNumDays >= 1.710)
",-9999999.000,-9999999.000,0.000,0.000,1.000,1,0,0,2,3,0,1,2,0.3333333333333333,0.0,0.0,1.0,0.3333333333333333,0.6666666666666667,-1
"((bmiZscore <= 0.210) U[1,1] (BUN <= 13.047))
",13.047,13.047,0.000,0.000,1.000,1,0,0,2,3,0,1,2,0.3333333333333333,0.0,0.0,1.0,0.3333333333333333,0.6666666666666667,-1
"((Pt_InsGov <= 0.000) U[0,1] (age <= 53.885))
",-9999999.000,-9999999.000,0.000,0.000,1.000,1,0,0,2,3,0,1,2,0.3333333333333333,0.0,0.0,1.0,0.3333333333333333,0.6666666666666667,-1
"((BGTestAvgNumPtRep >= 0.338) U[0,1] (UnitsInsBasalOrLongAct >= 4.480))
",-9999999.000,-9999999.000,0.000,0.000,1.000,1,0,0,2,3,0,1,2,0.3333333333333333,0.0,0.0,1.0,0.3333333333333333,0.6666666666666667,-1
"F[0,1](((BGTestAvgNumPtRep <= 4.324 -> TSH >= 0.576) -> Pt_FatherT1D >= 0.279) | diagAgeCombo <= 1.397)
",-9999999.000,-9999999.000,0.000,0.000,1.000,1,0,0,2,3,0,1,2,0.3333333333333333,0.0,0.0,1.0,0.3333333333333333,0.6666666666666667,-1
"F[0,0](diabDur >= 15.501 & Pt_SiblingT1D <= 0.000)
",0.000,0.000,0.000,0.000,1.000,1,0,0,2,3,0,1,2,0.3333333333333333,0.0,0.0,1.0,0.3333333333333333,0.6666666666666667,-1
"((BGTestAvgNumMeter >= 3.595) U[0,0] (BGTestAvgNumPtRep <= 5.191))
",11.390,10.738,0.000,0.000,1.000,1,0,0,2,3,0,1,2,0.3333333333333333,0.0,0.0,1.0,0.3333333333333333,0.6666666666666667,-1
"F[0,1](Pt_DKAFlg <= 0.000 & TotChol <= 129.065)
",-9999999.000,-9999999.000,0.000,0.000,1.000,1,0,0,2,3,0,1,2,0.3333333333333333,0.0,0.0,1.0,0.3333333333333333,0.6666666666666667,-1
"((NumPumpBolusOrShortAct >= 3.579) U[1,1] (bmi >= 29.330))
",-3.579,-3.579,0.000,0.000,1.000,1,0,0,2,3,0,1,2,0.3333333333333333,0.0,0.0,1.0,0.3333333333333333,0.6666666666666667,-1
"((LDL <= 57.291) U[0,1] (UnitsInsBasalOrLongAct >= 7.870))
",-9999999.000,-9999999.000,0.000,0.000,1.000,1,0,0,2,3,0,1,2,0.3333333333333333,0.0,0.0,1.0,0.3333333333333333,0.6666666666666667,-1
"((HbA1cImputeDtMnC >= 34.217) U[1,2] (HeightCm <= 177.013))
",-9999999.000,-9999999.000,0.000,0.000,1.000,1,0,0,2,3,0,1,2,0.3333333333333333,0.0,0.0,1.0,0.3333333333333333,0.6666666666666667,-1
"((bmi <= 30.441) U[1,1] (HbA1c >= 6.735))
",30.441,30.441,0.000,0.000,1.000,1,0,0,2,3,0,1,2,0.3333333333333333,0.0,0.0,1.0,0.3333333333333333,0.6666666666666667,-1
"((BGTestAvgNumMeter >= 0.983) U[0,0] (BGTestAvgNumPtRep <= 4.778))
",14.160,13.350,0.000,0.000,1.000,1,0,0,2,3,0,1,2,0.3333333333333333,0.0,0.0,1.0,0.3333333333333333,0.6666666666666667,-1
"((age <= 52.995) U[0,0] (GFR <= 59.119))
",446.424,59.016,0.000,0.000,1.000,1,0,0,2,3,0,1,2,0.3333333333333333,0.0,0.0,1.0,0.3333333333333333,0.6666666666666667,-1
"((HeightCm <= 177.035) U[1,1] (TotalDailyInsPerKg >= 0.057))
",6228878467369005.000,177.035,0.000,0.000,1.000,1,0,0,2,3,0,1,2,0.3333333333333333,0.0,0.0,1.0,0.3333333333333333,0.6666666666666667,-1
"G[1,1]((age <= 53.238 | NumPumpBolusOrShortAct <= 6.876) & GFR >= 1.938)
",-1.938,-1.938,0.000,1.000,0.000,1,0,0,2,3,0,1,2,0.3333333333333333,0.0,0.0,1.0,0.3333333333333333,0.6666666666666667,1
"F[1,1](WeightKg <= 95.662 & Pt_SHFlg <= 0.000)
",0.000,0.000,0.000,0.000,1.000,1,0,0,2,3,0,1,2,0.3333333333333333,0.0,0.0,1.0,0.3333333333333333,0.6666666666666667,-1
"((HDL >= 44.624) U[0,1] (Pt_CGMUseNumDays >= 3.164))
",-9999999.000,-9999999.000,0.000,0.000,1.000,1,0,0,2,3,0,1,2,0.3333333333333333,0.0,0.0,1.0,0.3333333333333333,0.6666666666666667,-1
"G[1,1]((TSH >= 0.607 | Pt_SHFlg >= 0.000) & Triglyc <= 0.000)
",0.000,0.000,0.000,1.000,0.000,1,0,0,2,3,0,1,2,0.3333333333333333,0.0,0.0,1.0,0.3333333333333333,0.6666666666666667,1
"G[1,1](diabDur <= 18.956 -> HbA1c >= 7.038)
",-18.956,-18.956,0.000,1.000,0.000,1,0,0,2,3,0,1,2,0.3333333333333333,0.0,0.0,1.0,0.3333333333333333,0.6666666666666667,1
"F[0,0](Pt_DKAFlg <= 0.000 -> UnitsInsBasalOrLongAct >= 9.814)
",-0.707,-3.495,0.000,0.000,1.000,1,0,0,2,3,0,1,2,0.3333333333333333,0.0,0.0,1.0,0.3333333333333333,0.6666666666666667,-1
"F[0,1]((age >= 50.576 & Pt_CGMUseNumDays <= 18.186) -> Pt_FatherT1D >= 8.365)
",-9999999.000,-9999999.000,0.000,0.000,1.000,1,0,0,2,3,0,1,2,0.3333333333333333,0.0,0.0,1.0,0.3333333333333333,0.6666666666666667,-1
"G[1,1](((BldPrSys <= 124.055 & Pt_MotherT1D <= 0.000) | Pt_DKAFlg >= 0.000) & UnitsInsBasalOrLongAct <= 0.000)
",0.000,0.000,0.000,1.000,0.000,1,0,0,2,3,0,1,2,0.3333333333333333,0.0,0.0,1.0,0.3333333333333333,0.6666666666666667,1
"G[0,1](((Pt_SiblingT1D >= 0.000 | TSH <= 0.676) -> BldPrDia <= 1.170) | TotChol >= 0.164)
",9999999.000,9999999.000,0.000,1.000,0.000,1,0,0,2,3,0,1,2,0.3333333333333333,0.0,0.0,1.0,0.3333333333333333,0.6666666666666667,1
"((WeightKg >= 89.222) U[1,2] (Pt_SHFlg = 0.000))
",-9999999.000,-9999999.000,0.000,0.000,1.000,1,0,0,2,3,0,1,2,0.3333333333333333,0.0,0.0,1.0,0.3333333333333333,0.6666666666666667,-1
"G[1,1]((TotChol <= 121.336 & Pt_SiblingT1D >= 0.000) | diagAgeCombo <= 0.000)
",0.000,0.000,0.000,1.000,0.000,1,0,0,2,3,0,1,2,0.3333333333333333,0.0,0.0,1.0,0.3333333333333333,0.6666666666666667,1
"G[0,1]((WeightKg >= 92.344 | bmi >= 28.562) -> UnitsInsBasalOrLongAct <= 11.876)
",9999999.000,9999999.000,0.000,1.000,0.000,1,0,0,2,3,0,1,2,0.3333333333333333,0.0,0.0,1.0,0.3333333333333333,0.6666666666666667,1
"G[0,1](((HeightCm >= 177.004 | NumPumpBolusOrShortAct >= 3.752) & Triglyc >= 1.582) & AutonomicNeuroCl <= 6.087)
",9999999.000,9999999.000,0.000,1.000,0.000,1,0,0,2,3,0,1,2,0.3333333333333333,0.0,0.0,1.0,0.3333333333333333,0.6666666666666667,1
"G[0,1]((BUN <= 14.356 & diabDur <= 18.797) & LDL >= 13.765)
",9999999.000,9999999.000,0.000,1.000,0.000,1,0,0,2,3,0,1,2,0.3333333333333333,0.0,0.0,1.0,0.3333333333333333,0.6666666666666667,1
"G[0,1](BGTestAvgNumMeter >= 1.540 -> SMBGperDayPtMeterCombo >= 3.765)
",9999999.000,9999999.000,0.000,1.000,0.000,1,0,0,2,3,0,1,2,0.3333333333333333,0.0,0.0,1.0,0.3333333333333333,0.6666666666666667,1
"G[0,1]((WeightKg >= 90.053 | bmi >= 28.457) -> UnitsInsBasalOrLongAct <= 12.970)
",9999999.000,9999999.000,0.000,1.000,0.000,1,0,0,2,3,0,1,2,0.3333333333333333,0.0,0.0,1.0,0.3333333333333333,0.6666666666666667,1
"G[0,0](SMBGperDayPtMeterCombo >= 3.827 & BGTestAvgNumPtRep >= 0.813)
",1.679,2.854,0.000,1.000,0.000,1,0,0,2,3,0,1,2,0.3333333333333333,0.0,0.0,1.0,0.3333333333333333,0.6666666666666667,1
"((AlbCreatRat_mggNew <= 20.243) U[1,1] (Pt_SHFlg = 0.000))
",20.243,20.243,0.000,0.000,1.000,1,0,0,2,3,0,1,2,0.3333333333333333,0.0,0.0,1.0,0.3333333333333333,0.6666666666666667,-1
"F[0,1](bmi >= 28.815 & WeightKg <= 94.566)
",-9999999.000,-9999999.000,0.000,0.000,1.000,1,0,0,2,3,0,1,2,0.3333333333333333,0.0,0.0,1.0,0.3333333333333333,0.6666666666666667,-1
"G[0,1](((NumPumpBolusOrShortAct <= 4.794 & TotalDailyInsPerKg <= 0.317) | BGTestAvgNumPtRep >= 0.070) -> BUN <= 0.323)
",9999999.000,9999999.000,0.000,1.000,0.000,1,0,0,2,3,0,1,2,0.3333333333333333,0.0,0.0,1.0,0.3333333333333333,0.6666666666666667,1
"F[0,0]((SMBGperDayPtMeterCombo <= 6.153 & UnitsInsBasalOrLongAct <= 12.203) -> HbA1cImputeDtMnC >= 5.940)
",0.264,0.940,0.000,0.000,1.000,1,0,0,2,3,0,1,2,0.3333333333333333,0.0,0.0,1.0,0.3333333333333333,0.6666666666666667,-1
"F[0,0](HDL <= 91.642 | Pt_MotherT1D <= 0.000)
",1.574,48.309,0.000,0.000,1.000,0,0,0,3,3,0,0,3,0.0,0.0,0.0,0.0,0.0,1.0,-1
"F[1,2](((TotalDailyInsPerKg <= 0.317 -> WeightKg >= 93.220) & diagAgeCombo <= 94.435) | HbA1cImputeDtMnC >= 91.859)
",-9999999.000,-9999999.000,0.000,0.000,1.000,0,0,0,3,3,0,0,3,0.0,0.0,0.0,0.0,0.0,1.0,-1
"F[2,2](((HbA1c <= 8.259 -> Pt_MotherT1D <= 0.000) -> Pt_MotherT1D >= 0.000) | bmiPerc >= 0.000)
",0.000,0.000,0.000,0.000,1.000,0,0,0,3,3,0,0,3,0.0,0.0,0.0,0.0,0.0,1.0,-1
"F[1,2]((Pt_DKAFlg <= 0.000 -> Pt_MotherT1D <= 0.000) | NumPumpBolusOrShortAct >= 0.000)
",-9999999.000,-9999999.000,0.000,0.000,1.000,0,0,0,3,3,0,0,3,0.0,0.0,0.0,0.0,0.0,1.0,-1
"F[1,1](((BldPrDia >= 80.872 | HbA1cImputeDtMnC >= 10.522) & bmiPerc >= 20.499) -> Pt_ChildT1D >= 20.239)
",20.239,20.239,0.000,0.000,1.000,0,0,0,3,3,0,0,3,0.0,0.0,0.0,0.0,0.0,1.0,-1
"F[0,1]((DirectLDL >= 0.000 -> TSH >= 0.443) -> SMBGperDayPtMeterCombo >= 0.510)
",-9999999.000,-9999999.000,0.000,0.000,1.000,0,0,0,3,3,0,0,3,0.0,0.0,0.0,0.0,0.0,1.0,-1
"F[0,1]((diabDur >= 13.393 & Pt_A1cGoalLev >= 0.000) -> Pt_GrandchildT1D <= 0.000)
",-9999999.000,-9999999.000,0.000,0.000,1.000,0,0,0,3,3,0,0,3,0.0,0.0,0.0,0.0,0.0,1.0,-1
"F[0,0]((AutonomicNeuroCl <= 0.000 & Pt_InsGov <= 0.000) | TotChol <= 0.000)
",-1.406,-4.767,0.000,0.000,1.000,0,0,0,3,3,0,0,3,0.0,0.0,0.0,0.0,0.0,1.0,-1
"F[0,2]((Pt_MotherT1D >= 0.000 & Pt_GrandchildT1D >= 0.000) & BldPrDia <= 0.000)
",-9999999.000,-9999999.000,0.000,0.000,1.000,0,0,0,3,3,0,0,3,0.0,0.0,0.0,0.0,0.0,1.0,-1
"F[0,2]((bmiPerc >= 0.000 | DirectLDL >= 0.000) & WeightKg <= 0.000)
",-9999999.000,-9999999.000,0.000,0.000,1.000,0,0,0,3,3,0,0,3,0.0,0.0,0.0,0.0,0.0,1.0,-1
"F[1,2]((BGTestAvgNumMeter <= 8.441 -> TotalDailyInsPerKg <= 0.347) & UnitsInsBasalOrLongAct >= 0.195)
",-9999999.000,-9999999.000,0.000,0.000,1.000,0,0,0,3,3,0,0,3,0.0,0.0,0.0,0.0,0.0,1.0,-1
"F[0,2](((BUN >= 8.739 & Pt_SHFlg >= 0.000) -> NumPumpBolusOrShortAct >= 0.000) -> LDL <= 0.000)
",-9999999.000,-9999999.000,0.000,0.000,1.000,0,0,0,3,3,0,0,3,0.0,0.0,0.0,0.0,0.0,1.0,-1
"((Pt_FatherT1D <= 0.000) U[1,2] (Pt_InsGov <= 0.000))
",-9999999.000,-9999999.000,0.000,0.000,1.000,0,0,0,3,3,0,0,3,0.0,0.0,0.0,0.0,0.0,1.0,-1
"F[2,2](HbA1cImputeDtMnC >= 24.900 & Pt_CGMUseNumDays >= 7.543)
",-24.900,-24.900,0.000,0.000,1.000,0,0,0,3,3,0,0,3,0.0,0.0,0.0,0.0,0.0,1.0,-1
"F[2,2](HbA1c >= 7.109 -> Pt_A1cGoalLevelDsYr5 = 0.000)
",0.000,0.000,0.000,0.000,1.000,0,0,0,3,3,0,0,3,0.0,0.0,0.0,0.0,0.0,1.0,-1
"F[1,2](DirectLDL >= 0.000 | Pt_MotherT1D <= 0.000)
",-9999999.000,-9999999.000,0.000,0.000,1.000,0,0,0,3,3,0,0,3,0.0,0.0,0.0,0.0,0.0,1.0,-1
"F[2,2]((diabDur <= 16.057 & WeightKg <= 95.620) | bmiPerc >= 91.097)
",16.057,16.057,0.000,0.000,1.000,0,0,0,3,3,0,0,3,0.0,0.0,0.0,0.0,0.0,1.0,-1
"F[0,1](HbA1c >= 7.185 -> diagAgeCombo >= 35.000)
",-9999999.000,-9999999.000,0.000,0.000,1.000,0,0,0,3,3,0,0,3,0.0,0.0,0.0,0.0,0.0,1.0,-1
"F[1,2](NumPumpBolusOrShortAct >= 3.596 & Pt_MotherT1D <= 0.000)
",-9999999.000,-9999999.000,0.000,0.000,1.000,0,0,0,3,3,0,0,3,0.0,0.0,0.0,0.0,0.0,1.0,-1
"F[1,2]((DirectLDL >= 0.000 | NumPumpBolusOrShortAct <= 4.507) & Pt_FatherT1D >= 1.878)
",-9999999.000,-9999999.000,0.000,0.000,1.000,0,0,0,3,3,0,0,3,0.0,0.0,0.0,0.0,0.0,1.0,-1
"F[1,2](Pt_SHFlg <= 0.000 -> Pt_GrandparentT1D >= 0.000)
",-9999999.000,-9999999.000,0.000,0.000,1.000,0,0,0,3,3,0,0,3,0.0,0.0,0.0,0.0,0.0,1.0,-1
"F[0,2]((LDL >= 29.484 | Pt_A1cGoalLevelDsYr5 <= 0.000) & HeightCm >= 0.000)
",-9999999.000,-9999999.000,0.000,0.000,1.000,0,0,0,3,3,0,0,3,0.0,0.0,0.0,0.0,0.0,1.0,-1
"F[0,1]((Pt_SHFlg <= 0.000 | BGTestAvgNumMeter <= 4.439) | diabDur <= 7.356)
",-9999999.000,-9999999.000,0.000,0.000,1.000,0,0,0,3,3,0,0,3,0.0,0.0,0.0,0.0,0.0,1.0,-1
"F[2,2](Pt_GrandchildT1D <= 0.000 -> Pt_SiblingT1D <= 0.000)
",0.000,0.000,0.000,0.000,1.000,0,0,0,3,3,0,0,3,0.0,0.0,0.0,0.0,0.0,1.0,-1
"((Pt_MotherT1D >= 0.000) U[1,2] (HbA1cImputeDtMnC <= 61.066))
",-9999999.000,-9999999.000,0.000,0.000,1.000,0,0,0,3,3,0,0,3,0.0,0.0,0.0,0.0,0.0,1.0,-1
"F[0,0](LDL <= 56.747 -> LDL <= 54.888)
",-2365.551,-56.384,0.000,0.000,1.000,0,0,0,3,3,0,0,3,0.0,0.0,0.0,0.0,0.0,1.0,-1
"((WeightKg <= 94.621) U[0,2] (UnitsInsBasalOrLongAct >= 0.679))
",-9999999.000,-9999999.000,0.000,0.000,1.000,0,0,0,3,3,0,0,3,0.0,0.0,0.0,0.0,0.0,1.0,-1
"((BGTestAvgNumMeter <= 7.620) U[0,0] (Pt_SiblingT1D <= 0.000))
",0.000,0.000,0.000,0.000,1.000,0,0,0,3,3,0,0,3,0.0,0.0,0.0,0.0,0.0,1.0,-1
"F[2,2](bmi >= 28.875 & bmiZscore <= 0.190)
",-28.875,-28.875,0.000,0.000,1.000,0,0,0,3,3,0,0,3,0.0,0.0,0.0,0.0,0.0,1.0,-1
"((TotalDailyInsPerKg >= 0.248) U[0,1] (Pt_DKAFlg >= 0.000))
",-9999999.000,-9999999.000,0.000,0.000,1.000,0,0,0,3,3,0,0,3,0.0,0.0,0.0,0.0,0.0,1.0,-1
"F[0,0](((Pt_SiblingT1D <= 0.000 | Pt_InsGov >= 0.000) | NumPumpBolusOrShortAct <= 0.000) | HbA1c >= 0.000)
",1.228,0.827,0.000,0.000,1.000,0,0,0,3,3,0,0,3,0.0,0.0,0.0,0.0,0.0,1.0,-1
"F[2,2]((Pt_GrandparentT1D >= 0.000 & BUN <= 14.061) | DirectLDL <= 13.211)
",13.211,13.211,0.000,0.000,1.000,0,0,0,3,3,0,0,3,0.0,0.0,0.0,0.0,0.0,1.0,-1
"F[1,1](BGTestAvgNumPtRep <= 3.883 | HeightCm <= 177.020)
",177.020,177.020,0.000,0.000,1.000,0,0,0,3,3,0,0,3,0.0,0.0,0.0,0.0,0.0,1.0,-1
"F[1,2](((diabDur >= 15.548 & Pt_ChildT1D >= 0.000) & HbA1cImputeDtMnC <= 0.000) -> AutonomicNeuroCl >= 0.000)
",-9999999.000,-9999999.000,0.000,0.000,1.000,0,0,0,3,3,0,0,3,0.0,0.0,0.0,0.0,0.0,1.0,-1
"G[0,2](((BldPrSys >= 115.462 -> HbA1c >= 6.885) -> BldPrSys <= 8.365) -> LDL <= 7.672)
",9999999.000,9999999.000,0.000,1.000,0.000,0,0,1,2,2,1,1,2,0.0,0.0,1.0,0.0,0.0,1.0,1
"((BldPrDia <= 84.766) U[1,2] (GFR >= 17.498))
",-9999999.000,-9999999.000,0.000,0.000,1.000,0,0,0,3,3,0,0,3,0.0,0.0,0.0,0.0,0.0,1.0,-1
"((Pt_A1cGoalLev >= 0.000) U[1,2] (TSH >= 0.196))
",-9999999.000,-9999999.000,0.000,0.000,1.000,0,0,0,3,3,0,0,3,0.0,0.0,0.0,0.0,0.0,1.0,-1
"F[0,1](((BGTestAvgNumMeter >= 1.004 -> diabDur >= 15.014) & Pt_InsGov >= 13.396) -> BUN >= 14.553)
",-9999999.000,-9999999.000,0.000,0.000,1.000,0,0,0,3,3,0,0,3,0.0,0.0,0.0,0.0,0.0,1.0,-1
"F[1,2]((HbA1c >= 7.052 -> Pt_ChildT1D >= 0.000) -> BldPrSys <= 0.000)
",-9999999.000,-9999999.000,0.000,0.000,1.000,0,0,0,3,3,0,0,3,0.0,0.0,0.0,0.0,0.0,1.0,-1
"F[1,2]((BUN <= 12.005 -> Pt_DKAFlg >= 0.000) & Pt_A1cGoalLev >= 0.000)
",-9999999.000,-9999999.000,0.000,0.000,1.000,0,0,0,3,3,0,0,3,0.0,0.0,0.0,0.0,0.0,1.0,-1
"((BldPrSys <= 128.846) U[0,2] (HeightCm <= 177.033))
",-9999999.000,-9999999.000,0.000,0.000,1.000,0,0,0,3,3,0,0,3,0.0,0.0,0.0,0.0,0.0,1.0,-1
"F[1,2](((UnitsInsBasalOrLongAct >= 9.527 | HeightCm <= 177.015) & Triglyc >= 177.005) | Pt_SHFlg <= 177.027)
",-9999999.000,-9999999.000,0.000,0.000,1.000,0,0,0,3,3,0,0,3,0.0,0.0,0.0,0.0,0.0,1.0,-1
"F[1,2](((Pt_A1cGoalLevelDsYr5 <= 0.000 & Pt_FatherT1D >= 0.000) & TSH <= 0.000) -> BUN <= 0.000)
",-9999999.000,-9999999.000,0.000,0.000,1.000,0,0,0,3,3,0,0,3,0.0,0.0,0.0,0.0,0.0,1.0,-1
"((Pt_GrandparentT1D <= 0.000) U[0,2] (Pt_SiblingT1D >= 0.000))
",-9999999.000,-9999999.000,0.000,0.000,1.000,0,0,0,3,3,0,0,3,0.0,0.0,0.0,0.0,0.0,1.0,-1
"F[0,2](((Pt_MotherT1D >= 0.000 & HbA1cImputeDtMnC >= 32.769) -> TotChol >= 36.842) & GFR >= 32.215)
",-9999999.000,-9999999.000,0.000,0.000,1.000,0,0,0,3,3,0,0,3,0.0,0.0,0.0,0.0,0.0,1.0,-1
"F[1,2]((Pt_ChildT1D >= 0.000 | BGTestAvgNumPtRep <= 4.947) | HDL <= 4.507)
",-9999999.000,-9999999.000,0.000,0.000,1.000,0,0,0,3,3,0,0,3,0.0,0.0,0.0,0.0,0.0,1.0,-1
"F[1,2]((Pt_ChildT1D >= 0.000 | Pt_SHFlg >= 0.000) | NumPumpBolusOrShortAct <= 0.000)
",-9999999.000,-9999999.000,0.000,0.000,1.000,0,0,0,3,3,0,0,3,0.0,0.0,0.0,0.0,0.0,1.0,-1
"F[1,2]((TotalDailyInsPerKg >= 0.204 | HDL >= 30.150) | Triglyc >= 28.046)
",-9999999.000,-9999999.000,0.000,0.000,1.000,0,0,0,3,3,0,0,3,0.0,0.0,0.0,0.0,0.0,1.0,-1
"F[0,2](((AutonomicNeuroCl >= 0.000 | Pt_A1cGoalLev <= 0.000) | SMBGperDayPtMeterCombo >= 0.000) & Pt_A1cGoalLev >= 0.000)
",-9999999.000,-9999999.000,0.000,0.000,1.000,0,0,0,3,3,0,0,3,0.0,0.0,0.0,0.0,0.0,1.0,-1
"F[0,2](((TSH <= 0.796 & HeightCm <= 177.029) -> HbA1cImputeDtMnC <= 177.037) -> bmiPerc <= 177.014)
",-9999999.000,-9999999.000,0.000,0.000,1.000,0,0,0,3,3,0,0,3,0.0,0.0,0.0,0.0,0.0,1.0,-1
"F[0,2]((BldPrDia >= 80.942 | bmiZscore >= -0.054) | UnitsInsBasalOrLongAct >= 0.067)
",-9999999.000,-9999999.000,0.000,0.000,1.000,0,0,0,3,3,0,0,3,0.0,0.0,0.0,0.0,0.0,1.0,-1
"F[1,2](((age <= 52.073 | LDL >= 22.435) & diabDur >= 50.086) | age >= 34.738)
",-9999999.000,-9999999.000,0.000,0.000,1.000,0,0,0,3,3,0,0,3,0.0,0.0,0.0,0.0,0.0,1.0,-1
"F[0,2](SMBGperDayPtMeterCombo >= 3.451 | TotalDailyInsPerKg >= 0.189)
",-9999999.000,-9999999.000,0.000,0.000,1.000,0,0,0,3,3,0,0,3,0.0,0.0,0.0,0.0,0.0,1.0,-1
"((HbA1c <= 7.547) U[0,0] (LDL >= 45.665))
",9.976,6.720,0.000,0.000,1.000,0,0,0,3,3,0,0,3,0.0,0.0,0.0,0.0,0.0,1.0,-1
"F[0,0]((GFR >= 22.069 -> Triglyc <= 73.887) | Pt_SiblingT1D <= 76.345)
",76.345,76.345,0.000,0.000,1.000,0,0,0,3,3,0,0,3,0.0,0.0,0.0,0.0,0.0,1.0,-1
"F[0,1]((GFR <= 54.986 & HbA1c <= 8.288) | age >= 7.225)
",-9999999.000,-9999999.000,0.000,0.000,1.000,0,0,0,3,3,0,0,3,0.0,0.0,0.0,0.0,0.0,1.0,-1
"F[1,2]((Pt_FatherT1D >= 0.000 & UnitsInsBasalOrLongAct <= 15.692) & BGTestAvgNumPtRep >= 9.256)
",-9999999.000,-9999999.000,0.000,0.000,1.000,0,0,0,3,3,0,0,3,0.0,0.0,0.0,0.0,0.0,1.0,-1
"F[0,1](((BGTestAvgNumMeter >= 3.266 -> DirectLDL <= 0.000) -> HbA1c >= 0.000) | diagAgeCombo <= 0.000)
",-9999999.000,-9999999.000,0.000,0.000,1.000,0,0,0,3,3,0,0,3,0.0,0.0,0.0,0.0,0.0,1.0,-1
"((HDL <= 76.231) U[0,2] (TotChol >= 1.138))
",-9999999.000,-9999999.000,0.000,0.000,1.000,0,0,0,3,3,0,0,3,0.0,0.0,0.0,0.0,0.0,1.0,-1
"F[0,2]((diagAgeCombo >= 35.000 | BUN >= 0.652) | BUN >= 4.721)
",-9999999.000,-9999999.000,0.000,0.000,1.000,0,0,0,3,3,0,0,3,0.0,0.0,0.0,0.0,0.0,1.0,-1
"F[1,1](((diabDur >= 13.568 | Pt_FatherT1D <= 0.000) -> Pt_CGMUseNumDays >= 0.000) | Pt_SiblingT1D >= 0.000)
",0.000,0.000,0.000,0.000,1.000,0,0,0,3,3,0,0,3,0.0,0.0,0.0,0.0,0.0,1.0,-1
"F[0,1](((Pt_ChildT1D >= 0.000 | Pt_ChildT1D >= 0.000) -> Pt_InsGov <= 0.000) -> Pt_SHFlg >= 0.000)
",-9999999.000,-9999999.000,0.000,0.000,1.000,0,0,0,3,3,0,0,3,0.0,0.0,0.0,0.0,0.0,1.0,-1
"F[1,2](((Pt_SHFlg <= 0.000 & Pt_MotherT1D <= 0.000) & Pt_InsGov <= 0.000) -> UnitsInsBasalOrLongAct <= 0.000)
",-9999999.000,-9999999.000,0.000,0.000,1.000,0,0,0,3,3,0,0,3,0.0,0.0,0.0,0.0,0.0,1.0,-1
"F[0,2]((BGTestAvgNumMeter >= 2.911 & HDL <= 87.049) & DirectLDL <= 75.362)
",-9999999.000,-9999999.000,0.000,0.000,1.000,0,0,0,3,3,0,0,3,0.0,0.0,0.0,0.0,0.0,1.0,-1
"F[0,2](((Pt_GrandchildT1D <= 0.000 | bmiPerc <= 0.000) & Pt_FatherT1D >= 0.000) -> WeightKg >= 0.000)
",-9999999.000,-9999999.000,0.000,0.000,1.000,0,0,0,3,3,0,0,3,0.0,0.0,0.0,0.0,0.0,1.0,-1
"((bmiZscore >= 0.038) U[0,0] (WeightKg <= 97.005))
",54.916,93.339,0.000,0.000,1.000,0,0,0,3,3,0,0,3,0.0,0.0,0.0,0.0,0.0,1.0,-1
"F[2,2](((Pt_DKAFlg >= 0.000 | HDL <= 92.391) -> Pt_A1cGoalLevelDsYr5 >= 13.675) & DirectLDL <= 73.876)
",-6501458995334451.000,-92.391,0.000,0.000,1.000,0,0,0,3,3,0,0,3,0.0,0.0,0.0,0.0,0.0,1.0,-1
"F[0,2](((BGTestAvgNumPtRep <= 3.844 & Pt_GrandchildT1D >= 0.000) -> HDL >= 0.000) -> diagAgeCombo <= 0.000)
",-9999999.000,-9999999.000,0.000,0.000,1.000,0,0,0,3,3,0,0,3,0.0,0.0,0.0,0.0,0.0,1.0,-1
"F[0,2](((diagAgeCombo >= 35.000 -> bmiZscore >= -0.047) & Pt_SiblingT1D >= 0.027) & HbA1cImputeDtMnC <= 0.139)
",-9999999.000,-9999999.000,0.000,0.000,1.000,0,0,0,3,3,0,0,3,0.0,0.0,0.0,0.0,0.0,1.0,-1
"F[1,2](((Pt_DKAFlg >= 0.000 -> Pt_SiblingT1D >= 0.000) -> WeightKg <= 0.000) | SMBGperDayPtMeterCombo <= 0.000)
",-9999999.000,-9999999.000,0.000,0.000,1.000,0,0,0,3,3,0,0,3,0.0,0.0,0.0,0.0,0.0,1.0,-1
"F[2,2](((diagAgeCombo <= 35.000 -> TotalDailyInsPerKg >= 0.219) -> HeightCm <= 0.359) -> diagAgeCombo <= 0.355)
",-0.355,-0.355,0.000,0.000,1.000,0,0,0,3,3,0,0,3,0.0,0.0,0.0,0.0,0.0,1.0,-1
"F[2,2]((Pt_FatherT1D >= 0.000 -> LDL >= 14.118) | diagAgeCombo <= 62.906)
",62.906,62.906,0.000,0.000,1.000,0,0,0,3,3,0,0,3,0.0,0.0,0.0,0.0,0.0,1.0,-1
"F[1,1](((GFR <= 51.926 & bmiZscore >= -0.047) -> SMBGperDayPtMeterCombo >= 0.068) | LDL >= -0.045)
",6545404227773075.000,0.045,0.000,0.000,1.000,0,0,0,3,3,0,0,3,0.0,0.0,0.0,0.0,0.0,1.0,-1
"F[0,0](Pt_InsGov <= 0.000 | diabDur <= 18.672)
",0.000,0.000,0.000,0.000,1.000,0,0,0,3,3,0,0,3,0.0,0.0,0.0,0.0,0.0,1.0,-1
"F[0,1](((diabDur >= 14.293 -> Pt_CGMUseNumDays <= 27.646) -> Triglyc >= 3.301) & AutonomicNeuroCl <= 25.151)
",-9999999.000,-9999999.000,0.000,0.000,1.000,0,0,0,3,3,0,0,3,0.0,0.0,0.0,0.0,0.0,1.0,-1
"((UnitsInsBasalOrLongAct >= 2.015) U[2,2] (Pt_ChildT1D >= 0.000))
",0.000,0.000,0.000,0.000,1.000,0,0,0,3,3,0,0,3,0.0,0.0,0.0,0.0,0.0,1.0,-1
"F[1,2]((HbA1cImputeDtMnC >= 17.241 & Pt_FatherT1D <= 0.000) & Pt_DKAFlg <= 0.000)
",-9999999.000,-9999999.000,0.000,0.000,1.000,0,0,0,3,3,0,0,3,0.0,0.0,0.0,0.0,0.0,1.0,-1
"F[0,1](HeightCm <= 177.014 | SMBGperDayPtMeterCombo <= 8.101)
",-9999999.000,-9999999.000,0.000,0.000,1.000,0,0,0,3,3,0,0,3,0.0,0.0,0.0,0.0,0.0,1.0,-1
"F[1,2]((BUN >= 4.758 & UnitsInsBasalOrLongAct <= 12.023) | Pt_InsGov <= 10.916)
",-9999999.000,-9999999.000,0.000,0.000,1.000,0,0,0,3,3,0,0,3,0.0,0.0,0.0,0.0,0.0,1.0,-1
"F[0,1]((Pt_CGMUseNumDays <= 17.779 -> WeightKg >= 89.709) -> WeightKg >= 90.312)
",-9999999.000,-9999999.000,0.000,0.000,1.000,0,0,0,3,3,0,0,3,0.0,0.0,0.0,0.0,0.0,1.0,-1
"F[1,2]((bmiZscore <= 0.149 -> TSH <= 0.918) | HDL >= 0.318)
",-9999999.000,-9999999.000,0.000,0.000,1.000,0,0,0,3,3,0,0,3,0.0,0.0,0.0,0.0,0.0,1.0,-1
"F[0,2]((diabDur >= 14.448 -> NumPumpBolusOrShortAct >= 1.823) | SMBGperDayPtMeterCombo >= 0.625)
",-9999999.000,-9999999.000,0.000,0.000,1.000,0,0,0,3,3,0,0,3,0.0,0.0,0.0,0.0,0.0,1.0,-1
"F[0,2](((BGTestAvgNumPtRep <= 1.751 | BldPrDia <= 82.873) -> Pt_FatherT1D <= 83.135) & WeightKg >= 79.485)
",-9999999.000,-9999999.000,0.000,0.000,1.000,0,0,0,3,3,0,0,3,0.0,0.0,0.0,0.0,0.0,1.0,-1
"F[0,2](((bmi <= 31.052 & TotChol <= 118.110) & LDL >= 106.331) | age <= 143.589)
",-9999999.000,-9999999.000,0.000,0.000,1.000,0,0,0,3,3,0,0,3,0.0,0.0,0.0,0.0,0.0,1.0,-1
"F[0,1]((TotChol <= 142.600 -> WeightKg <= 96.581) | HbA1cImputeDtMnC <= 95.274)
",-9999999.000,-9999999.000,0.000,0.000,1.000,0,0,0,3,3,0,0,3,0.0,0.0,0.0,0.0,0.0,1.0,-1
"((BGTestAvgNumPtRep >= 1.263) U[0,2] (GFR >= 6.053))
",-9999999.000,-9999999.000,0.000,0.000,1.000,0,0,0,3,3,0,0,3,0.0,0.0,0.0,0.0,0.0,1.0,-1
"F[1,2]((NumPumpBolusOrShortAct >= 3.581 & UnitsInsBasalOrLongAct <= 11.655) | BUN >= 9.694)
",-9999999.000,-9999999.000,0.000,0.000,1.000,0,0,0,3,3,0,0,3,0.0,0.0,0.0,0.0,0.0,1.0,-1
"F[2,2](((BGTestAvgNumMeter <= 6.122 | TotalDailyInsPerKg <= 0.363) | diabDur >= 0.172) & TotChol <= 0.366)
",0.366,0.366,0.000,0.000,1.000,0,0,0,3,3,0,0,3,0.0,0.0,0.0,0.0,0.0,1.0,-1
"F[1,2](bmiZscore <= 0.184 | SMBGperDayPtMeterCombo <= 5.619)
",-9999999.000,-9999999.000,0.000,0.000,1.000,0,0,0,3,3,0,0,3,0.0,0.0,0.0,0.0,0.0,1.0,-1
"F[1,2](((age <= 54.207 | BGTestAvgNumPtRep <= 1.711) -> bmiZscore <= 2.929) & diabDur >= 0.381)
",-9999999.000,-9999999.000,0.000,0.000,1.000,0,0,0,3,3,0,0,3,0.0,0.0,0.0,0.0,0.0,1.0,-1
"F[0,0]((HeightCm >= 177.001 -> SMBGperDayPtMeterCombo <= 8.519) & TotalDailyInsPerKg <= 7.089)
",-10.158,-9.577,0.000,0.000,1.000,0,0,0,3,3,0,0,3,0.0,0.0,0.0,0.0,0.0,1.0,-1
"F[2,2](((NumPumpBolusOrShortAct <= 7.676 & SMBGperDayPtMeterCombo >= 2.413) | GFR >= 3.268) -> Pt_SHFlg <= 7.711)
",-7.711,-7.711,0.000,0.000,1.000,0,0,0,3,3,0,0,3,0.0,0.0,0.0,0.0,0.0,1.0,-1
"F[0,2]((Pt_CGMUseNumDays <= 16.478 -> TSH >= 0.054) | BldPrSys >= 0.547)
",-9999999.000,-9999999.000,0.000,0.000,1.000,0,0,0,3,3,0,0,3,0.0,0.0,0.0,0.0,0.0,1.0,-1
"F[0,1]((BUN <= 14.722 | HbA1cImputeDtMnC <= 58.909) & Pt_ChildT1D <= 56.257)
",-9999999.000,-9999999.000,0.000,0.000,1.000,0,0,0,3,3,0,0,3,0.0,0.0,0.0,0.0,0.0,1.0,-1
"F[0,0](BGTestAvgNumPtRep >= 0.558 | LDL >= 15.739)
",1.829,3.109,0.000,0.000,1.000,0,0,0,3,3,0,0,3,0.0,0.0,0.0,0.0,0.0,1.0,-1
"F[1,2](((age >= 51.357 -> HDL <= 75.225) -> Pt_MotherT1D <= 77.997) & BldPrDia >= 22.728)
",-9999999.000,-9999999.000,0.000,0.000,1.000,0,0,0,3,3,0,0,3,0.0,0.0,0.0,0.0,0.0,1.0,-1
"F[0,1]((age <= 54.737 | bmiZscore >= -0.076) & DirectLDL >= -0.039)
",-9999999.000,-9999999.000,0.000,0.000,1.000,0,0,0,3,3,0,0,3,0.0,0.0,0.0,0.0,0.0,1.0,-1
"F[0,2](((BGTestAvgNumPtRep <= 2.264 -> SMBGperDayPtMeterCombo <= 8.073) -> Pt_GrandparentT1D >= 3.257) & Pt_DKAFlg <= 5.375)
",-9999999.000,-9999999.000,0.000,0.000,1.000,0,0,0,3,3,0,0,3,0.0,0.0,0.0,0.0,0.0,1.0,-1
"F[0,0](((GFR <= 58.366 & LDL <= 54.215) & Pt_A1cGoalLev >= 14.089) -> BldPrSys <= 58.815)
",-58.815,-58.815,0.000,0.000,1.000,0,0,0,3,3,0,0,3,0.0,0.0,0.0,0.0,0.0,1.0,-1
"F[0,2](BldPrDia >= 80.118 -> UnitsInsBasalOrLongAct >= 4.731)
",-9999999.000,-9999999.000,0.000,0.000,1.000,0,0,0,3,3,0,0,3,0.0,0.0,0.0,0.0,0.0,1.0,-1
"F[1,2]((GFR >= 9.640 & SMBGperDayPtMeterCombo <= 6.721) -> HbA1c >= 5.045)
",-9999999.000,-9999999.000,0.000,0.000,1.000,0,0,0,3,3,0,0,3,0.0,0.0,0.0,0.0,0.0,1.0,-1
"((LDL <= 53.629) U[0,2] (TotalDailyInsPerKg <= 0.308))
",-9999999.000,-9999999.000,0.000,0.000,1.000,0,0,0,3,3,0,0,3,0.0,0.0,0.0,0.0,0.0,1.0,-1
"F[1,2](AlbCreatRat_mggNew <= 12.529 -> TotalDailyInsPerKg >= 0.008)
",-9999999.000,-9999999.000,0.000,0.000,1.000,0,0,0,3,3,0,0,3,0.0,0.0,0.0,0.0,0.0,1.0,-1
"F[2,2]((Pt_CGMUseNumDays >= 1.650 -> UnitsInsBasalOrLongAct <= 15.871) | UnitsInsBasalOrLongAct <= 14.699)
",8274801868289419.000,14.699,0.000,0.000,1.000,0,0,0,3,3,0,0,3,0.0,0.0,0.0,0.0,0.0,1.0,-1
"F[0,1]((BldPrDia >= 76.151 & HbA1cImputeDtMnC <= 71.739) | AlbCreatRat_mggNew <= 57.588)
",-9999999.000,-9999999.000,0.000,0.000,1.000,0,0,0,3,3,0,0,3,0.0,0.0,0.0,0.0,0.0,1.0,-1
"F[0,2](((bmi >= 28.620 & NumPumpBolusOrShortAct >= 2.781) | DirectLDL >= 1.394) -> Pt_CGMUseNumDays >= 2.292)
",-9999999.000,-9999999.000,0.000,0.000,1.000,0,0,0,3,3,0,0,3,0.0,0.0,0.0,0.0,0.0,1.0,-1
"((BGTestAvgNumMeter >= 3.532) U[0,2] (BGTestAvgNumPtRep <= 4.590))
",-9999999.000,-9999999.000,0.000,0.000,1.000,0,0,0,3,3,0,0,3,0.0,0.0,0.0,0.0,0.0,1.0,-1
"F[0,1](SMBGperDayPtMeterCombo >= 4.483 | WeightKg >= 91.019)
",-9999999.000,-9999999.000,0.000,0.000,1.000,0,0,0,3,3,0,0,3,0.0,0.0,0.0,0.0,0.0,1.0,-1
"((TotChol <= 152.006) U[0,0] (UnitsInsBasalOrLongAct <= 15.408))
",2.154,92.006,0.000,0.000,1.000,0,0,0,3,3,0,0,3,0.0,0.0,0.0,0.0,0.0,1.0,-1
"F[1,2](((BldPrSys >= 111.993 -> UnitsInsBasalOrLongAct >= 0.816) -> HDL <= 12.362) -> GFR <= 10.226)
",-9999999.000,-9999999.000,0.000,0.000,1.000,0,0,0,3,3,0,0,3,0.0,0.0,0.0,0.0,0.0,1.0,-1
"F[2,2]((Pt_CGMUseNumDays >= 4.718 & TotalDailyInsPerKg <= 0.321) | TSH >= 0.028)
",-0.028,-0.028,0.000,0.000,1.000,0,0,0,3,3,0,0,3,0.0,0.0,0.0,0.0,0.0,1.0,-1
"F[1,2](((bmiZscore <= 0.074 | NumPumpBolusOrShortAct >= 1.453) & age <= 7.712) | UnitsInsBasalOrLongAct >= 2.423)
",-9999999.000,-9999999.000,0.000,0.000,1.000,0,0,0,3,3,0,0,3,0.0,0.0,0.0,0.0,0.0,1.0,-1
"F[1,2]((BUN <= 12.660 & NumPumpBolusOrShortAct >= 2.385) & HbA1cImputeDtMnC >= 2.445)
",-9999999.000,-9999999.000,0.000,0.000,1.000,0,0,0,3,3,0,0,3,0.0,0.0,0.0,0.0,0.0,1.0,-1
"F[0,2](((age >= 48.723 -> TotalDailyInsPerKg <= 0.393) | Pt_SiblingT1D <= 0.379) | HbA1c <= 0.344)
",-9999999.000,-9999999.000,0.000,0.000,1.000,0,0,0,3,3,0,0,3,0.0,0.0,0.0,0.0,0.0,1.0,-1
"F[0,1](BldPrDia >= 76.319 -> Pt_CGMUseNumDays <= 24.666)
",-9999999.000,-9999999.000,0.000,0.000,1.000,0,0,0,3,3,0,0,3,0.0,0.0,0.0,0.0,0.0,1.0,-1
"((HbA1c >= 7.164) U[0,2] (UnitsInsBasalOrLongAct >= 1.793))
",-9999999.000,-9999999.000,0.000,0.000,1.000,0,0,0,3,3,0,0,3,0.0,0.0,0.0,0.0,0.0,1.0,-1
"F[1,2]((bmi <= 30.930 | Pt_CGMUseNumDays >= 5.984) -> HbA1cImputeDtMnC >= 3.595)
",-9999999.000,-9999999.000,0.000,0.000,1.000,0,0,0,3,3,0,0,3,0.0,0.0,0.0,0.0,0.0,1.0,-1
"F[1,2]((GFR <= 44.968 | TSH <= 0.822) -> Pt_GrandchildT1D <= 0.940)
",-9999999.000,-9999999.000,0.000,0.000,1.000,0,0,0,3,3,0,0,3,0.0,0.0,0.0,0.0,0.0,1.0,-1
"F[1,2]((BGTestAvgNumMeter <= 6.206 & GFR >= 21.320) & Triglyc >= 19.198)
",-9999999.000,-9999999.000,0.000,0.000,1.000,0,0,0,3,3,0,0,3,0.0,0.0,0.0,0.0,0.0,1.0,-1
"F[1,2](BGTestAvgNumPtRep <= 5.555 & TotChol <= 150.346)
",-9999999.000,-9999999.000,0.000,0.000,1.000,0,0,0,3,3,0,0,3,0.0,0.0,0.0,0.0,0.0,1.0,-1
"((AlbCreatRat_mggNew >= 10.772) U[2,2] (HDL >= 23.957))
",-10.772,-10.772,0.000,0.000,1.000,0,0,0,3,3,0,0,3,0.0,0.0,0.0,0.0,0.0,1.0,-1
"((age <= 52.637) U[0,2] (Triglyc >= 57.669))
",-9999999.000,-9999999.000,0.000,0.000,1.000,0,0,0,3,3,0,0,3,0.0,0.0,0.0,0.0,0.0,1.0,-1
"F[1,1]((BUN >= 6.844 | WeightKg >= 92.568) | WeightKg <= 94.205)
",94.205,94.205,0.000,0.000,1.000,0,0,0,3,3,0,0,3,0.0,0.0,0.0,0.0,0.0,1.0,-1
"F[0,1]((BldPrSys <= 129.560 | HbA1cImputeDtMnC >= 31.414) -> bmi <= 46.932)
",-9999999.000,-9999999.000,0.000,0.000,1.000,0,0,0,3,3,0,0,3,0.0,0.0,0.0,0.0,0.0,1.0,-1
"((BldPrSys >= 115.105) U[0,2] (bmi <= 30.075))
",-9999999.000,-9999999.000,0.000,0.000,1.000,0,0,0,3,3,0,0,3,0.0,0.0,0.0,0.0,0.0,1.0,-1
"F[0,1]((BGTestAvgNumMeter <= 6.591 -> UnitsInsBasalOrLongAct >= 5.745) | Pt_FatherT1D <= 13.345)
",-9999999.000,-9999999.000,0.000,0.000,1.000,0,0,0,3,3,0,0,3,0.0,0.0,0.0,0.0,0.0,1.0,-1
"F[0,2](HbA1cImputeDtMnC >= 34.239 & Triglyc <= 106.567)
",-9999999.000,-9999999.000,0.000,0.000,1.000,0,0,0,3,3,0,0,3,0.0,0.0,0.0,0.0,0.0,1.0,-1
"F[0,2](((HDL >= 25.158 -> WeightKg >= 90.676) | NumPumpBolusOrShortAct >= 92.632) | Pt_SiblingT1D >= 91.580)
",-9999999.000,-9999999.000,0.000,0.000,1.000,0,0,0,3,3,0,0,3,0.0,0.0,0.0,0.0,0.0,1.0,-1
"F[1,2]((BGTestAvgNumMeter <= 4.634 -> LDL <= 62.808) | Pt_GrandchildT1D >= 33.560)
",-9999999.000,-9999999.000,0.000,0.000,1.000,0,0,0,3,3,0,0,3,0.0,0.0,0.0,0.0,0.0,1.0,-1
"F[0,1](BldPrDia <= 81.026 -> LDL >= 28.389)
",-9999999.000,-9999999.000,0.000,0.000,1.000,0,0,0,3,3,0,0,3,0.0,0.0,0.0,0.0,0.0,1.0,-1
"((BldPrSys >= 113.134) U[1,2] (Triglyc <= 107.337))
",-9999999.000,-9999999.000,0.000,0.000,1.000,0,0,0,3,3,0,0,3,0.0,0.0,0.0,0.0,0.0,1.0,-1
"F[1,2](diabDur >= 15.590 | TotalDailyInsPerKg >= 0.037)
",-9999999.000,-9999999.000,0.000,0.000,1.000,0,0,0,3,3,0,0,3,0.0,0.0,0.0,0.0,0.0,1.0,-1
"F[0,1](SMBGperDayPtMeterCombo <= 7.903 & TotChol >= 26.976)
",-9999999.000,-9999999.000,0.000,0.000,1.000,0,0,0,3,3,0,0,3,0.0,0.0,0.0,0.0,0.0,1.0,-1
"F[1,1](((BldPrSys >= 111.277 & WeightKg >= 89.350) & HeightCm >= 90.515) -> HeightCm >= 90.746)
",90.746,90.746,0.000,0.000,1.000,0,0,0,3,3,0,0,3,0.0,0.0,0.0,0.0,0.0,1.0,-1
"F[0,0]((HbA1cImputeDtMnC >= 27.380 -> TSH >= 0.597) -> DirectLDL <= 0.964)
",0.391,0.737,0.000,0.000,1.000,0,0,0,3,3,0,0,3,0.0,0.0,0.0,0.0,0.0,1.0,-1
"F[0,2]((LDL >= 41.180 -> SMBGperDayPtMeterCombo >= 4.270) -> NumPumpBolusOrShortAct >= 4.684)
",-9999999.000,-9999999.000,0.000,0.000,1.000,0,0,0,3,3,0,0,3,0.0,0.0,0.0,0.0,0.0,1.0,-1
"F[0,0](((AlbCreatRat_mggNew >= 4.362 & UnitsInsBasalOrLongAct >= 5.146) | age <= 10.096) -> Pt_MotherT1D <= 13.969)
",-13.969,-13.969,0.000,0.000,1.000,0,0,0,3,3,0,0,3,0.0,0.0,0.0,0.0,0.0,1.0,-1
"F[0,2](((HeightCm >= 177.006 | WeightKg <= 95.588) -> Pt_DKAFlg >= 90.995) | GFR >= 91.575)
",-9999999.000,-9999999.000,0.000,0.000,1.000,0,0,0,3,3,0,0,3,0.0,0.0,0.0,0.0,0.0,1.0,-1
"F[0,2](((BldPrSys >= 120.418 -> bmiZscore <= 0.079) -> DirectLDL >= 0.047) & Pt_A1cGoalLevelDsYr5 >= -0.055)
",-9999999.000,-9999999.000,0.000,0.000,1.000,0,0,0,3,3,0,0,3,0.0,0.0,0.0,0.0,0.0,1.0,-1
"((BldPrSys <= 129.365) U[1,2] (diabDur <= 16.322))
",-9999999.000,-9999999.000,0.000,0.000,1.000,0,0,0,3,3,0,0,3,0.0,0.0,0.0,0.0,0.0,1.0,-1
"F[0,2]((AlbCreatRat_mggNew >= 7.597 & BGTestAvgNumMeter <= 4.791) | NumPumpBolusOrShortAct >= 2.615)
",-9999999.000,-9999999.000,0.000,0.000,1.000,0,0,0,3,3,0,0,3,0.0,0.0,0.0,0.0,0.0,1.0,-1
"F[0,0](TotalDailyInsPerKg <= 0.392 -> TSH <= 0.954)
",0.201,0.379,0.000,0.000,1.000,0,0,0,3,3,0,0,3,0.0,0.0,0.0,0.0,0.0,1.0,-1
"F[0,0](((age <= 54.775 & TotChol <= 125.987) | HeightCm <= 156.648) | bmiZscore <= 151.510)
",151.510,151.510,0.000,0.000,1.000,0,0,0,3,3,0,0,3,0.0,0.0,0.0,0.0,0.0,1.0,-1
"F[0,2](bmi >= 28.453 & GFR >= 8.146)
",-9999999.000,-9999999.000,0.000,0.000,1.000,0,0,0,3,3,0,0,3,0.0,0.0,0.0,0.0,0.0,1.0,-1
"F[1,2](((LDL <= 57.148 | WeightKg >= 92.969) -> DirectLDL >= 92.846) -> Pt_SiblingT1D >= 89.382)
",-9999999.000,-9999999.000,0.000,0.000,1.000,0,0,0,3,3,0,0,3,0.0,0.0,0.0,0.0,0.0,1.0,-1
"F[1,2](((HbA1c >= 7.069 -> HbA1cImputeDtMnC <= 43.857) & diagAgeCombo >= 20.368) & HeightCm <= 57.691)
",-9999999.000,-9999999.000,0.000,0.000,1.000,0,0,0,3,3,0,0,3,0.0,0.0,0.0,0.0,0.0,1.0,-1
"F[1,2](((age <= 51.679 & BGTestAvgNumMeter >= 2.719) -> Pt_A1cGoalLevelDsYr5 <= 8.609) | bmiPerc >= 4.172)
",-9999999.000,-9999999.000,0.000,0.000,1.000,0,0,0,3,3,0,0,3,0.0,0.0,0.0,0.0,0.0,1.0,-1
"((BGTestAvgNumMeter >= 4.165) U[0,2] (HbA1cImputeDtMnC <= 71.244))
",-9999999.000,-9999999.000,0.000,0.000,1.000,0,0,0,3,3,0,0,3,0.0,0.0,0.0,0.0,0.0,1.0,-1
"((BGTestAvgNumPtRep <= 2.143) U[2,2] (Triglyc >= 65.601))
",2.143,2.143,0.000,0.000,1.000,0,0,0,3,3,0,0,3,0.0,0.0,0.0,0.0,0.0,1.0,-1
"((BldPrDia >= 77.803) U[0,2] (HDL <= 88.343))
",-9999999.000,-9999999.000,0.000,0.000,1.000,0,0,0,3,3,0,0,3,0.0,0.0,0.0,0.0,0.0,1.0,-1
"((NumPumpBolusOrShortAct <= 3.948) U[0,2] (WeightKg >= 91.942))
",-9999999.000,-9999999.000,0.000,0.000,1.000,0,0,0,3,3,0,0,3,0.0,0.0,0.0,0.0,0.0,1.0,-1
"F[0,2](((HbA1c <= 7.383 & Triglyc <= 86.128) -> HDL <= 95.240) | BGTestAvgNumMeter >= 62.677)
",-9999999.000,-9999999.000,0.000,0.000,1.000,0,0,0,3,3,0,0,3,0.0,0.0,0.0,0.0,0.0,1.0,-1
"F[1,2](bmiZscore >= -0.049 | LDL <= 57.927)
",-9999999.000,-9999999.000,0.000,0.000,1.000,0,0,0,3,3,0,0,3,0.0,0.0,0.0,0.0,0.0,1.0,-1
"F[1,2](((BldPrDia <= 82.093 & BUN <= 12.062) | TSH <= 11.230) | Pt_GrandparentT1D <= 13.529)
",-9999999.000,-9999999.000,0.000,0.000,1.000,0,0,0,3,3,0,0,3,0.0,0.0,0.0,0.0,0.0,1.0,-1
"((HeightCm <= 177.024) U[1,2] (UnitsInsBasalOrLongAct >= 0.514))
",-9999999.000,-9999999.000,0.000,0.000,1.000,0,0,0,3,3,0,0,3,0.0,0.0,0.0,0.0,0.0,1.0,-1
"((HeightCm >= 177.004) U[0,1] (TotChol >= 105.091))
",-9999999.000,-9999999.000,0.000,0.000,1.000,0,0,0,3,3,0,0,3,0.0,0.0,0.0,0.0,0.0,1.0,-1
"F[0,1]((BldPrSys >= 115.565 -> LDL <= 56.969) -> HDL <= 57.237)
",-9999999.000,-9999999.000,0.000,0.000,1.000,0,0,0,3,3,0,0,3,0.0,0.0,0.0,0.0,0.0,1.0,-1
"F[0,0](LDL <= 57.340 -> NumPumpBolusOrShortAct <= 4.610)
",-2390.435,-56.977,0.000,0.000,1.000,0,0,0,3,3,0,0,3,0.0,0.0,0.0,0.0,0.0,1.0,-1
"((BGTestAvgNumMeter >= 1.604) U[0,2] (HeightCm >= 177.004))
",-9999999.000,-9999999.000,0.000,0.000,1.000,0,0,0,3,3,0,0,3,0.0,0.0,0.0,0.0,0.0,1.0,-1
"F[1,2]((BldPrSys <= 125.305 -> TSH <= 1.619) | NumPumpBolusOrShortAct <= 0.826)
",-9999999.000,-9999999.000,0.000,0.000,1.000,0,0,0,3,3,0,0,3,0.0,0.0,0.0,0.0,0.0,1.0,-1
"F[0,2](BGTestAvgNumMeter <= 5.040 | BGTestAvgNumPtRep <= 2.733)
",-9999999.000,-9999999.000,0.000,0.000,1.000,0,0,0,3,3,0,0,3,0.0,0.0,0.0,0.0,0.0,1.0,-1
"F[1,2](HDL <= 88.612 & TSH <= 1.256)
",-9999999.000,-9999999.000,0.000,0.000,1.000,0,0,0,3,3,0,0,3,0.0,0.0,0.0,0.0,0.0,1.0,-1
"((BGTestAvgNumPtRep >= 0.004) U[0,2] (bmiZscore >= 0.038))
",-9999999.000,-9999999.000,0.000,0.000,1.000,0,0,0,3,3,0,0,3,0.0,0.0,0.0,0.0,0.0,1.0,-1
"F[1,1](((BUN <= 14.012 | TotChol <= 122.232) | AlbCreatRat_mggNew <= 138.519) | TotalDailyInsPerKg >= 31.481)
",138.519,138.519,0.000,0.000,1.000,0,0,0,3,3,0,0,3,0.0,0.0,0.0,0.0,0.0,1.0,-1
"F[1,1](((bmi >= 29.669 -> Triglyc >= 24.579) | diagAgeCombo >= 0.394) & AlbCreatRat_mggNew <= 105.352)
",24.579,24.579,0.000,0.000,1.000,0,0,0,3,3,0,0,3,0.0,0.0,0.0,0.0,0.0,1.0,-1
"F[0,2](((HbA1c >= 6.947 & WeightKg >= 90.002) & HbA1c >= 89.747) | age <= 97.094)
",-9999999.000,-9999999.000,0.000,0.000,1.000,0,0,0,3,3,0,0,3,0.0,0.0,0.0,0.0,0.0,1.0,-1
"F[2,2]((BldPrSys >= 114.140 -> HDL <= 81.219) -> Pt_SiblingT1D <= 70.354)
",-70.354,-70.354,0.000,0.000,1.000,0,0,0,3,3,0,0,3,0.0,0.0,0.0,0.0,0.0,1.0,-1
"F[2,2](TSH <= 0.662 -> Pt_SHFlg = 0.000)
",-0.662,-0.662,0.000,0.000,1.000,0,0,0,3,3,0,0,3,0.0,0.0,0.0,0.0,0.0,1.0,-1
"F[0,2](BGTestAvgNumMeter <= 5.524 | TSH >= 0.209)
",-9999999.000,-9999999.000,0.000,0.000,1.000,0,0,0,3,3,0,0,3,0.0,0.0,0.0,0.0,0.0,1.0,-1
"((HDL >= 59.791) U[0,2] (TotChol >= 19.128))
",-9999999.000,-9999999.000,0.000,0.000,1.000,0,0,0,3,3,0,0,3,0.0,0.0,0.0,0.0,0.0,1.0,-1
"F[1,2](((bmiZscore <= 0.094 | GFR >= 2.508) -> Pt_GrandchildT1D >= 4.315) | TotalDailyInsPerKg <= 42.860)
",-9999999.000,-9999999.000,0.000,0.000,1.000,0,0,0,3,3,0,0,3,0.0,0.0,0.0,0.0,0.0,1.0,-1
"F[0,1](bmi >= 29.685 -> bmiZscore >= -0.011)
",-9999999.000,-9999999.000,0.000,0.000,1.000,0,0,0,3,3,0,0,3,0.0,0.0,0.0,0.0,0.0,1.0,-1
"F[0,2](((BUN >= 4.745 & SMBGperDayPtMeterCombo >= 3.097) | Pt_A1cGoalLevelDsYr5 >= 4.070) & TotChol <= 7.570)
",-9999999.000,-9999999.000,0.000,0.000,1.000,0,0,0,3,3,0,0,3,0.0,0.0,0.0,0.0,0.0,1.0,-1
"F[0,2]((AlbCreatRat_mggNew >= 5.747 & diabDur >= 14.954) | diabDur <= 16.310)
",-9999999.000,-9999999.000,0.000,0.000,1.000,0,0,0,3,3,0,0,3,0.0,0.0,0.0,0.0,0.0,1.0,-1
"F[1,1](((AlbCreatRat_mggNew >= 9.004 -> HbA1cImputeDtMnC >= 21.609) & BldPrDia >= 23.915) -> AlbCreatRat_mggNew <= 63.411)
",-8924309344729771.000,-63.411,0.000,0.000,1.000,0,0,0,3,3,0,0,3,0.0,0.0,0.0,0.0,0.0,1.0,-1
"F[0,0](BUN >= 2.203 | HDL >= 17.104)
",1.304,33.830,0.000,0.000,1.000,0,0,0,3,3,0,0,3,0.0,0.0,0.0,0.0,0.0,1.0,-1
"F[1,2](((BGTestAvgNumPtRep <= 3.010 -> HbA1c >= 6.867) -> Pt_FatherT1D <= 7.823) -> UnitsInsBasalOrLongAct <= 8.152)
",-9999999.000,-9999999.000,0.000,0.000,1.000,0,0,0,3,3,0,0,3,0.0,0.0,0.0,0.0,0.0,1.0,-1
"F[2,2](HDL <= 80.015 & LDL >= 30.656)
",-30.656,-30.656,0.000,0.000,1.000,0,0,0,3,3,0,0,3,0.0,0.0,0.0,0.0,0.0,1.0,-1
"F[0,0](((bmiZscore <= 0.220 | WeightKg >= 90.501) & TotalDailyInsPerKg >= 89.572) -> DirectLDL <= 95.846)
",77.328,72.905,0.000,0.000,1.000,0,0,0,3,3,0,0,3,0.0,0.0,0.0,0.0,0.0,1.0,-1
"F[1,1]((BGTestAvgNumPtRep >= 1.310 & bmi <= 30.976) -> DirectLDL <= 31.332)
",-31.332,-31.332,0.000,0.000,1.000,0,0,0,3,3,0,0,3,0.0,0.0,0.0,0.0,0.0,1.0,-1
"F[0,2](age >= 50.073 | HbA1cImputeDtMnC <= 61.260)
",-9999999.000,-9999999.000,0.000,0.000,1.000,0,0,0,3,3,0,0,3,0.0,0.0,0.0,0.0,0.0,1.0,-1
"F[0,0](NumPumpBolusOrShortAct < 5.484 -> Pt_SHFlg = 0.000)
",-5.484,-5.484,0.000,0.000,1.000,0,0,0,3,3,0,0,3,0.0,0.0,0.0,0.0,0.0,1.0,-1
"F[0,2](diabDur >= 13.657 -> Pt_SHFlg = 0.000)
",-9999999.000,-9999999.000,0.000,0.000,1.000,0,0,0,3,3,0,0,3,0.0,0.0,0.0,0.0,0.0,1.0,-1
"F[0,2](Pt_ChildT1D <= 0.000 & Pt_SHFlg = 0.000)
",-9999999.000,-9999999.000,0.000,0.000,1.000,0,0,0,3,3,0,0,3,0.0,0.0,0.0,0.0,0.0,1.0,-1
"((Pt_FatherT1D < 0.000) U[0,1] (Pt_SHFlg = 0.000))
",-9999999.000,-9999999.000,0.000,0.000,1.000,0,0,0,3,3,0,0,3,0.0,0.0,0.0,0.0,0.0,1.0,-1
"((diabDur <= 18.969) U[2,2] (UnitsInsBasalOrLongAct <= 15.103))
",18.969,18.969,0.000,0.000,1.000,0,0,0,3,3,0,0,3,0.0,0.0,0.0,0.0,0.0,1.0,-1
"((BldPrDia > 79.706) U[0,2] (Pt_SHFlg = 0.000))
",-9999999.000,-9999999.000,0.000,0.000,1.000,0,0,0,3,3,0,0,3,0.0,0.0,0.0,0.0,0.0,1.0,-1
"F[1,2](Pt_ChildT1D > 0.000 -> Pt_SHFlg = 0.000)
",-9999999.000,-9999999.000,0.000,0.000,1.000,0,0,0,3,3,0,0,3,0.0,0.0,0.0,0.0,0.0,1.0,-1
"F[0,2](HbA1c >= 6.907 -> Pt_A1cGoalLevelDsYr5 = 0.000)
",-9999999.000,-9999999.000,0.000,0.000,1.000,0,0,0,3,3,0,0,3,0.0,0.0,0.0,0.0,0.0,1.0,-1
"((Pt_GrandchildT1D > 0.000) U[0,2] (Pt_SHFlg = 0.000))
",-9999999.000,-9999999.000,0.000,0.000,1.000,0,0,0,3,3,0,0,3,0.0,0.0,0.0,0.0,0.0,1.0,-1
"F[1,1](diagAgeCombo >= 35.000 -> Pt_SHFlg = 0.000)
",0.000,0.000,0.000,0.000,1.000,0,0,0,3,3,0,0,3,0.0,0.0,0.0,0.0,0.0,1.0,-1
"F[2,2](BGTestAvgNumPtRep > 1.337 -> Pt_SHFlg = 0.000)
",0.000,0.000,0.000,0.000,1.000,0,0,0,3,3,0,0,3,0.0,0.0,0.0,0.0,0.0,1.0,-1
"F[1,2](HbA1cImputeDtMnC < 43.575 & Pt_SHFlg = 0.000)
",-9999999.000,-9999999.000,0.000,0.000,1.000,0,0,0,3,3,0,0,3,0.0,0.0,0.0,0.0,0.0,1.0,-1
"((HbA1cImputeDtMnC > 34.728) U[0,0] (Pt_SHFlg = 0.000))
",-8.353,-29.728,0.000,0.000,1.000,0,0,0,3,3,0,0,3,0.0,0.0,0.0,0.0,0.0,1.0,-1
"F[0,0](bmiPerc > 0.000 -> Pt_SHFlg = 0.000)
",-23.489,-30.196,0.000,0.000,1.000,0,0,0,3,3,0,0,3,0.0,0.0,0.0,0.0,0.0,1.0,-1
"F[1,2](diagAgeCombo >= 35.000 & Pt_SHFlg = 0.000)
",-9999999.000,-9999999.000,0.000,0.000,1.000,0,0,0,3,3,0,0,3,0.0,0.0,0.0,0.0,0.0,1.0,-1
"F[0,1](Pt_SHFlg <= 0.000 & Pt_SHFlg = 0.000)
",-9999999.000,-9999999.000,0.000,0.000,1.000,0,0,0,3,3,0,0,3,0.0,0.0,0.0,0.0,0.0,1.0,-1
"F[0,2](diagAgeCombo >= 35.000 & Pt_SHFlg = 0.000)
",-9999999.000,-9999999.000,0.000,0.000,1.000,0,0,0,3,3,0,0,3,0.0,0.0,0.0,0.0,0.0,1.0,-1
"F[0,2](TotalDailyInsPerKg < 0.345 & Pt_SHFlg = 0.000)
",-9999999.000,-9999999.000,0.000,0.000,1.000,0,0,0,3,3,0,0,3,0.0,0.0,0.0,0.0,0.0,1.0,-1
"F[0,2](age <= 53.976 & Pt_SHFlg = 0.000)
",-9999999.000,-9999999.000,0.000,0.000,1.000,0,0,0,3,3,0,0,3,0.0,0.0,0.0,0.0,0.0,1.0,-1
"((BUN <= 12.819) U[0,0] (Pt_SHFlg = 0.000))
",-0.852,-21.515,0.000,0.000,1.000,0,0,0,3,3,0,0,3,0.0,0.0,0.0,0.0,0.0,1.0,-1
"((HbA1cImputeDtMnC > 13.492) U[0,2] (Pt_SHFlg = 0.000))
",-9999999.000,-9999999.000,0.000,0.000,1.000,0,0,0,3,3,0,0,3,0.0,0.0,0.0,0.0,0.0,1.0,-1
"((BGTestAvgNumPtRep < 5.785) U[2,2] (Pt_SHFlg = 0.000))
",5.785,5.785,0.000,0.000,1.000,0,0,0,3,3,0,0,3,0.0,0.0,0.0,0.0,0.0,1.0,-1
"((Pt_ChildT1D > 0.000) U[0,2] (Pt_SHFlg = 0.000))
",-9999999.000,-9999999.000,0.000,0.000,1.000,0,0,0,3,3,0,0,3,0.0,0.0,0.0,0.0,0.0,1.0,-1
"F[1,2](Triglyc > 12.988 -> Pt_SHFlg = 0.000)
",-9999999.000,-9999999.000,0.000,0.000,1.000,0,0,0,3,3,0,0,3,0.0,0.0,0.0,0.0,0.0,1.0,-1
"((bmiPerc <= 0.000) U[0,2] (Pt_SHFlg = 0.000))
",-9999999.000,-9999999.000,0.000,0.000,1.000,0,0,0,3,3,0,0,3,0.0,0.0,0.0,0.0,0.0,1.0,-1
"F[1,2](AlbCreatRat_mggNew > 7.938 & Pt_SHFlg = 0.000)
",-9999999.000,-9999999.000,0.000,0.000,1.000,0,0,0,3,3,0,0,3,0.0,0.0,0.0,0.0,0.0,1.0,-1
"((AutonomicNeuroCl > 0.000) U[0,2] (Pt_SHFlg = 0.000))
",-9999999.000,-9999999.000,0.000,0.000,1.000,0,0,0,3,3,0,0,3,0.0,0.0,0.0,0.0,0.0,1.0,-1
"F[1,1](HbA1c >= 6.887 -> Pt_A1cGoalLevelDsYr5 = 0.000)
",0.000,0.000,0.000,0.000,1.000,0,0,0,3,3,0,0,3,0.0,0.0,0.0,0.0,0.0,1.0,-1
"((BGTestAvgNumMeter >= 3.974) U[2,2] (BGTestAvgNumPtRep <= 5.970))
",5.970,5.970,0.000,0.000,1.000,0,0,0,3,3,0,0,3,0.0,0.0,0.0,0.0,0.0,1.0,-1
"F[0,0](HbA1c >= 6.996 -> Pt_A1cGoalLevelDsYr5 = 0.000)
",0.000,0.000,0.000,0.000,1.000,0,0,0,3,3,0,0,3,0.0,0.0,0.0,0.0,0.0,1.0,-1
"((BGTestAvgNumMeter >= 1.817) U[0,1] (BGTestAvgNumPtRep <= 4.652))
",-9999999.000,-9999999.000,0.000,0.000,1.000,0,0,0,3,3,0,0,3,0.0,0.0,0.0,0.0,0.0,1.0,-1
"F[1,2](HbA1c >= 6.704 -> Pt_A1cGoalLevelDsYr5 = 0.000)
",-9999999.000,-9999999.000,0.000,0.000,1.000,0,0,0,3,3,0,0,3,0.0,0.0,0.0,0.0,0.0,1.0,-1
"F[0,1](HbA1c >= 7.030 -> Pt_A1cGoalLevelDsYr5 = 0.000)
",-9999999.000,-9999999.000,0.000,0.000,1.000,0,0,0,3,3,0,0,3,0.0,0.0,0.0,0.0,0.0,1.0,-1
"((Pt_GrandchildT1D <= 0.000) U[2,2] (Pt_SHFlg = 0.000))
",0.000,0.000,0.000,0.000,1.000,0,0,0,3,3,0,0,3,0.0,0.0,0.0,0.0,0.0,1.0,-1
"F[0,1](HbA1c >= 6.722 -> Pt_A1cGoalLevelDsYr5 = 0.000)
",-9999999.000,-9999999.000,0.000,0.000,1.000,0,0,0,3,3,0,0,3,0.0,0.0,0.0,0.0,0.0,1.0,-1
"F[0,2](HbA1c >= 6.723 -> Pt_A1cGoalLevelDsYr5 = 0.000)
",-9999999.000,-9999999.000,0.000,0.000,1.000,0,0,0,3,3,0,0,3,0.0,0.0,0.0,0.0,0.0,1.0,-1
"((BGTestAvgNumMeter >= 3.241) U[0,1] (BGTestAvgNumPtRep <= 1.840))
",-9999999.000,-9999999.000,0.000,0.000,1.000,0,0,0,3,3,0,0,3,0.0,0.0,0.0,0.0,0.0,1.0,-1
"F[2,2](HbA1c >= 7.139 -> Pt_A1cGoalLevelDsYr5 = 0.000)
",0.000,0.000,0.000,0.000,1.000,0,0,0,3,3,0,0,3,0.0,0.0,0.0,0.0,0.0,1.0,-1
"((BGTestAvgNumMeter >= 3.457) U[0,2] (BGTestAvgNumPtRep <= 3.482))
",-9999999.000,-9999999.000,0.000,0.000,1.000,0,0,0,3,3,0,0,3,0.0,0.0,0.0,0.0,0.0,1.0,-1
"F[0,1](HbA1c >= 7.099 -> Pt_A1cGoalLevelDsYr5 = 0.000)
",-9999999.000,-9999999.000,0.000,0.000,1.000,0,0,0,3,3,0,0,3,0.0,0.0,0.0,0.0,0.0,1.0,-1
"F[0,2]((DirectLDL <= 0.000 -> TotChol <= 141.282) | HeightCm <= 153.321)
",-9999999.000,-9999999.000,0.000,0.000,1.000,0,0,0,3,3,0,0,3,0.0,0.0,0.0,0.0,0.0,1.0,-1
"F[0,1](bmiPerc >= 0.000 -> HeightCm <= 177.007)
",-9999999.000,-9999999.000,0.000,0.000,1.000,0,0,0,3,3,0,0,3,0.0,0.0,0.0,0.0,0.0,1.0,-1
"((BldPrSys >= 114.805) U[1,2] (NumPumpBolusOrShortAct >= 3.209))
",-9999999.000,-9999999.000,0.000,0.000,1.000,0,0,0,3,3,0,0,3,0.0,0.0,0.0,0.0,0.0,1.0,-1
"G[0,1](diabDur <= 16.425 & GFR >= 1.750)
",9999999.000,9999999.000,0.000,1.000,0.000,0,0,0,3,3,0,0,3,0.0,0.0,0.0,0.0,0.0,1.0,1
"G[0,2](((TSH >= 0.051 & UnitsInsBasalOrLongAct <= 10.229) | BldPrSys <= 11.981) -> SMBGperDayPtMeterCombo >= 5.122)
",9999999.000,9999999.000,0.000,1.000,0.000,0,0,3,0,0,3,3,0,0.0,0.0,1.0,0.0,0.0,1.0,1
"G[0,2](HeightCm >= 177.001 -> Triglyc >= 26.112)
",9999999.000,9999999.000,0.000,1.000,0.000,0,0,3,0,0,3,3,0,0.0,0.0,1.0,0.0,0.0,1.0,1
"G[0,2](age <= 54.496 | HeightCm <= 177.029)
",9999999.000,9999999.000,0.000,1.000,0.000,0,0,3,0,0,3,3,0,0.0,0.0,1.0,0.0,0.0,1.0,1
"G[0,2]((Triglyc <= 107.398 | WeightKg <= 95.959) -> Pt_SHFlg >= 91.988)
",9999999.000,9999999.000,0.000,1.000,0.000,0,0,0,3,3,0,0,3,0.0,0.0,0.0,0.0,0.0,1.0,1
"G[2,2](((BGTestAvgNumMeter >= 0.168 & HbA1c >= 6.731) -> HDL >= 6.869) -> BldPrDia <= 7.771)
",-8749644266481805.000,-7.771,0.000,1.000,0.000,0,0,3,0,0,3,3,0,0.0,0.0,1.0,0.0,0.0,1.0,1
"G[0,2](Pt_SHFlg >= 0.000 & Pt_SHFlg = 0.000)
",9999999.000,9999999.000,0.000,1.000,0.000,0,0,3,0,0,3,3,0,0.0,0.0,1.0,0.0,0.0,1.0,1
"G[1,2]((BGTestAvgNumMeter >= 3.790 -> TotChol <= 145.540) | BldPrSys <= 142.161)
",9999999.000,9999999.000,0.000,1.000,0.000,0,0,3,0,0,3,3,0,0.0,0.0,1.0,0.0,0.0,1.0,1
"G[1,2](BGTestAvgNumPtRep >= 0.639 & HeightCm >= 177.004)
",9999999.000,9999999.000,0.000,1.000,0.000,0,0,0,3,3,0,0,3,0.0,0.0,0.0,0.0,0.0,1.0,1
"G[2,2](HbA1cImputeDtMnC >= 22.964 | UnitsInsBasalOrLongAct <= 14.821)
",8343485509419789.000,14.821,0.000,1.000,0.000,0,0,3,0,0,3,3,0,0.0,0.0,1.0,0.0,0.0,1.0,1
"G[0,2]((GFR >= 17.394 & HbA1cImputeDtMnC <= 65.885) -> Pt_CGMUseNumDays <= 68.519)
",9999999.000,9999999.000,0.000,1.000,0.000,0,0,3,0,0,3,3,0,0.0,0.0,1.0,0.0,0.0,1.0,1
"G[1,2](BldPrSys >= 119.133 -> BUN >= 7.387)
",9999999.000,9999999.000,0.000,1.000,0.000,0,0,3,0,0,3,3,0,0.0,0.0,1.0,0.0,0.0,1.0,1
"G[1,2]((HbA1c <= 7.711 & HeightCm <= 177.023) -> Pt_A1cGoalLevelDsYr5 >= 177.002)
",9999999.000,9999999.000,0.000,1.000,0.000,0,0,0,3,3,0,0,3,0.0,0.0,0.0,0.0,0.0,1.0,1
"G[0,2]((BldPrSys >= 113.703 | GFR <= 25.402) | GFR <= 39.180)
",9999999.000,9999999.000,0.000,1.000,0.000,0,0,3,0,0,3,3,0,0.0,0.0,1.0,0.0,0.0,1.0,1
"G[1,2](((BGTestAvgNumPtRep >= 1.428 | Pt_CGMUseNumDays <= 15.200) -> Pt_SiblingT1D <= 26.584) -> LDL <= 20.169)
",9999999.000,9999999.000,0.000,1.000,0.000,0,0,1,2,2,1,1,2,0.0,0.0,1.0,0.0,0.0,1.0,1
"G[2,2](age >= 48.957 & AlbCreatRat_mggNew >= 6.322)
",-48.957,-48.957,0.000,1.000,0.000,0,0,3,0,0,3,3,0,0.0,0.0,1.0,0.0,0.0,1.0,1
"G[0,2]((age <= 53.806 & diabDur >= 14.719) & GFR <= 18.048)
",9999999.000,9999999.000,0.000,1.000,0.000,0,0,1,2,2,1,1,2,0.0,0.0,1.0,0.0,0.0,1.0,1
"G[2,2](diabDur <= 17.150 | HbA1cImputeDtMnC >= 31.155)
",17.150,17.150,0.000,1.000,0.000,0,0,3,0,0,3,3,0,0.0,0.0,1.0,0.0,0.0,1.0,1
"G[0,2](diagAgeCombo > 35.000 & Pt_SHFlg = 0.000)
",9999999.000,9999999.000,0.000,1.000,0.000,0,0,0,3,3,0,0,3,0.0,0.0,0.0,0.0,0.0,1.0,1
"G[1,2](((age <= 53.600 & UnitsInsBasalOrLongAct >= 4.564) | BGTestAvgNumPtRep <= 15.159) & Pt_A1cGoalLev <= 14.342)
",9999999.000,9999999.000,0.000,1.000,0.000,0,0,3,0,0,3,3,0,0.0,0.0,1.0,0.0,0.0,1.0,1
"G[1,2]((BUN <= 14.920 -> HbA1c <= 7.976) -> BGTestAvgNumPtRep >= 7.209)
",9999999.000,9999999.000,0.000,1.000,0.000,0,0,0,3,3,0,0,3,0.0,0.0,0.0,0.0,0.0,1.0,1
"G[2,2](SMBGperDayPtMeterCombo >= 3.250 & BGTestAvgNumPtRep >= 1.489)
",-3.250,-3.250,0.000,1.000,0.000,0,0,3,0,0,3,3,0,0.0,0.0,1.0,0.0,0.0,1.0,1
"G[0,2](((Pt_CGMUseNumDays <= 26.040 | TotChol <= 138.727) & HbA1c >= 49.547) -> Pt_GrandparentT1D <= 155.796)
",9999999.000,9999999.000,0.000,1.000,0.000,0,0,3,0,0,3,3,0,0.0,0.0,1.0,0.0,0.0,1.0,1
"G[0,2](BGTestAvgNumMeter >= 0.370 & GFR <= 59.793)
",9999999.000,9999999.000,0.000,1.000,0.000,0,0,1,2,2,1,1,2,0.0,0.0,1.0,0.0,0.0,1.0,1
"G[2,2]((UnitsInsBasalOrLongAct >= 0.674 & HbA1c <= 8.427) & BUN <= 8.439)
",-0.674,-0.674,0.000,1.000,0.000,0,0,3,0,0,3,3,0,0.0,0.0,1.0,0.0,0.0,1.0,1
"G[0,2]((TotChol >= 64.685 -> TSH >= 0.063) | Pt_A1cGoalLevelDsYr5 <= 1.320)
",9999999.000,9999999.000,0.000,1.000,0.000,0,0,3,0,0,3,3,0,0.0,0.0,1.0,0.0,0.0,1.0,1
"G[2,2](BGTestAvgNumMeter >= 3.813 -> BUN <= 11.362)
",-11.362,-11.362,0.000,1.000,0.000,0,0,3,0,0,3,3,0,0.0,0.0,1.0,0.0,0.0,1.0,1
"G[0,2](Pt_A1cGoalLev >= 0.000 & Pt_SHFlg = 0.000)
",9999999.000,9999999.000,0.000,1.000,0.000,0,0,3,0,0,3,3,0,0.0,0.0,1.0,0.0,0.0,1.0,1
"G[1,2](GFR <= 53.063 -> BUN >= 7.101)
",9999999.000,9999999.000,0.000,1.000,0.000,0,0,2,1,1,2,2,1,0.0,0.0,1.0,0.0,0.0,1.0,1
"G[2,2](GFR <= 31.622 -> BUN >= 7.528)
",-31.622,-31.622,0.000,1.000,0.000,0,0,3,0,0,3,3,0,0.0,0.0,1.0,0.0,0.0,1.0,1
"G[0,1](SMBGperDayPtMeterCombo >= 3.264 & BGTestAvgNumPtRep >= 1.621)
",9999999.000,9999999.000,0.000,1.000,0.000,0,0,0,3,3,0,0,3,0.0,0.0,0.0,0.0,0.0,1.0,1
"G[0,2](SMBGperDayPtMeterCombo >= 4.764 & BGTestAvgNumPtRep >= 0.316)
",9999999.000,9999999.000,0.000,1.000,0.000,0,0,0,3,3,0,0,3,0.0,0.0,0.0,0.0,0.0,1.0,1
"G[2,2](GFR <= 65.963 -> BUN >= 3.228)
",-65.963,-65.963,0.000,1.000,0.000,0,0,3,0,0,3,3,0,0.0,0.0,1.0,0.0,0.0,1.0,1
"G[0,2](SMBGperDayPtMeterCombo >= 5.096 & BGTestAvgNumPtRep >= 1.500)
",9999999.000,9999999.000,0.000,1.000,0.000,0,0,0,3,3,0,0,3,0.0,0.0,0.0,0.0,0.0,1.0,1
"G[0,2](age > 49.463 -> Pt_SHFlg = 0.000)
",9999999.000,9999999.000,0.000,1.000,0.000,0,0,3,0,0,3,3,0,0.0,0.0,1.0,0.0,0.0,1.0,1
"G[0,2]((WeightKg >= 89.353 | bmi >= 29.765) -> UnitsInsBasalOrLongAct <= 14.855)
",9999999.000,9999999.000,0.000,1.000,0.000,0,0,1,2,2,1,1,2,0.0,0.0,1.0,0.0,0.0,1.0,1
"G[0,2](SMBGperDayPtMeterCombo >= 4.596 & BGTestAvgNumPtRep >= 0.135)
",9999999.000,9999999.000,0.000,1.000,0.000,0,0,0,3,3,0,0,3,0.0,0.0,0.0,0.0,0.0,1.0,1
"G[1,2]((WeightKg >= 92.546 | bmi >= 29.492) -> UnitsInsBasalOrLongAct <= 12.137)
",9999999.000,9999999.000,0.000,1.000,0.000,0,0,1,2,2,1,1,2,0.0,0.0,1.0,0.0,0.0,1.0,1
"G[0,1](SMBGperDayPtMeterCombo >= 2.650 & BGTestAvgNumPtRep >= 1.525)
",9999999.000,9999999.000,0.000,1.000,0.000,0,0,0,3,3,0,0,3,0.0,0.0,0.0,0.0,0.0,1.0,1
"G[2,2]((WeightKg >= 89.482 | bmi >= 28.510) -> UnitsInsBasalOrLongAct <= 14.433)
",-14.433,-14.433,0.000,1.000,0.000,0,0,3,0,0,3,3,0,0.0,0.0,1.0,0.0,0.0,1.0,1
"G[0,2](SMBGperDayPtMeterCombo >= 5.046 & BGTestAvgNumPtRep >= 0.583)
",9999999.000,9999999.000,0.000,1.000,0.000,0,0,0,3,3,0,0,3,0.0,0.0,0.0,0.0,0.0,1.0,1
"G[2,2](TotalDailyInsPerKg >= 0.213 & UnitsInsBasalOrLongAct >= 9.416)
",-9.416,-9.416,0.000,1.000,0.000,0,0,3,0,0,3,3,0,0.0,0.0,1.0,0.0,0.0,1.0,1
"G[1,2]((WeightKg >= 91.823 | bmi >= 29.682) -> UnitsInsBasalOrLongAct <= 14.009)
",9999999.000,9999999.000,0.000,1.000,0.000,0,0,1,2,2,1,1,2,0.0,0.0,1.0,0.0,0.0,1.0,1
"G[0,1](SMBGperDayPtMeterCombo >= 2.897 & BGTestAvgNumPtRep >= 0.592)
",9999999.000,9999999.000,0.000,1.000,0.000,0,0,0,3,3,0,0,3,0.0,0.0,0.0,0.0,0.0,1.0,1
"G[0,2](GFR <= 59.693 -> BUN >= 0.178)
",9999999.000,9999999.000,0.000,1.000,0.000,0,0,2,1,1,2,2,1,0.0,0.0,1.0,0.0,0.0,1.0,1
"G[0,1](SMBGperDayPtMeterCombo >= 5.012 & BGTestAvgNumPtRep >= 0.161)
",9999999.000,9999999.000,0.000,1.000,0.000,0,0,0,3,3,0,0,3,0.0,0.0,0.0,0.0,0.0,1.0,1
"G[2,2]((WeightKg >= 89.399 | bmi >= 28.730) -> UnitsInsBasalOrLongAct <= 10.166)
",-10.166,-10.166,0.000,1.000,0.000,0,0,3,0,0,3,3,0,0.0,0.0,1.0,0.0,0.0,1.0,1
"G[0,2](GFR <= 34.311 -> BUN >= 9.425)
",9999999.000,9999999.000,0.000,1.000,0.000,0,0,2,1,1,2,2,1,0.0,0.0,1.0,0.0,0.0,1.0,1
"G[2,2](BldPrDia <= 81.536 & Triglyc >= 0.283)
",-0.283,-0.283,0.000,1.000,0.000,0,0,3,0,0,3,3,0,0.0,0.0,1.0,0.0,0.0,1.0,1
"G[0,2](Pt_CGMUseNumDays > 7.061 -> Pt_SHFlg = 0.000)
",9999999.000,9999999.000,0.000,1.000,0.000,0,0,3,0,0,3,3,0,0.0,0.0,1.0,0.0,0.0,1.0,1
"G[0,2](bmiPerc >= 0.000 -> Pt_SHFlg = 0.000)
",9999999.000,9999999.000,0.000,1.000,0.000,0,0,3,0,0,3,3,0,0.0,0.0,1.0,0.0,0.0,1.0,1
"G[0,2]((diabDur >= 14.231 | HeightCm <= 177.027) | Pt_A1cGoalLevelDsYr5 <= 177.017)
",9999999.000,9999999.000,0.000,1.000,0.000,0,0,3,0,0,3,3,0,0.0,0.0,1.0,0.0,0.0,1.0,1
"G[0,2]((bmiZscore >= -0.042 & Triglyc <= 92.031) -> bmiZscore <= 110.971)
",9999999.000,9999999.000,0.000,1.000,0.000,0,0,3,0,0,3,3,0,0.0,0.0,1.0,0.0,0.0,1.0,1
"G[1,2](Pt_FatherT1D <= 0.000 & HbA1cImputeDtMnC >= 2.287)
",9999999.000,9999999.000,0.000,1.000,0.000,0,0,3,0,0,3,3,0,0.0,0.0,1.0,0.0,0.0,1.0,1
"G[0,2](AutonomicNeuroCl <= 0.000 | BGTestAvgNumMeter <= 6.795)
",9999999.000,9999999.000,0.000,1.000,0.000,0,0,3,0,0,3,3,0,0.0,0.0,1.0,0.0,0.0,1.0,1
"G[2,2]((age >= 50.408 | HbA1cImputeDtMnC <= 48.607) -> Pt_DKAFlg >= 15.406)
",-48.607,-48.607,0.000,1.000,0.000,0,0,3,0,0,3,3,0,0.0,0.0,1.0,0.0,0.0,1.0,1
"G[0,2]((GFR <= 29.944 -> NumPumpBolusOrShortAct <= 4.715) | Pt_FatherT1D <= 6.839)
",9999999.000,9999999.000,0.000,1.000,0.000,0,0,3,0,0,3,3,0,0.0,0.0,1.0,0.0,0.0,1.0,1
"G[0,1](((LDL >= 47.061 -> Pt_ChildT1D >= 0.000) -> AlbCreatRat_mggNew <= 0.000) & SMBGperDayPtMeterCombo >= 0.000)
",9999999.000,9999999.000,0.000,1.000,0.000,0,0,0,3,3,0,0,3,0.0,0.0,0.0,0.0,0.0,1.0,1
"G[0,1](age >= 49.931 -> HbA1c >= 7.097)
",9999999.000,9999999.000,0.000,1.000,0.000,0,0,0,3,3,0,0,3,0.0,0.0,0.0,0.0,0.0,1.0,1
"G[1,1]((diabDur >= 14.351 | age >= 48.151) & AlbCreatRat_mggNew >= 50.890)
",-50.890,-50.890,0.000,1.000,0.000,0,0,0,3,3,0,0,3,0.0,0.0,0.0,0.0,0.0,1.0,1
"G[0,0](((Pt_SiblingT1D >= 0.000 & Pt_MotherT1D >= 0.000) & SMBGperDayPtMeterCombo <= 0.000) | HDL <= 0.000)
",-1.412,-43.333,0.000,1.000,0.000,0,0,0,3,3,0,0,3,0.0,0.0,0.0,0.0,0.0,1.0,1
"G[0,2](Pt_CGMUseNumDays >= 5.989 | BUN >= 1.874)
",9999999.000,9999999.000,0.000,1.000,0.000,0,0,2,1,1,2,2,1,0.0,0.0,1.0,0.0,0.0,1.0,1
"G[1,2](((Pt_CGMUseNumDays >= 0.336 -> BldPrDia <= 81.919) -> UnitsInsBasalOrLongAct >= 75.492) -> bmiPerc >= 79.193)
",9999999.000,9999999.000,0.000,1.000,0.000,0,0,3,0,0,3,3,0,0.0,0.0,1.0,0.0,0.0,1.0,1
"G[0,2](((AlbCreatRat_mggNew <= 15.330 & Triglyc <= 88.319) & Pt_SHFlg <= 97.500) & BldPrDia <= 94.401)
",9999999.000,9999999.000,0.000,1.000,0.000,0,0,1,2,2,1,1,2,0.0,0.0,1.0,0.0,0.0,1.0,1
"G[0,1](((age >= 50.785 -> SMBGperDayPtMeterCombo >= 4.161) -> diagAgeCombo >= 4.350) -> DirectLDL >= 2.842)
",9999999.000,9999999.000,0.000,1.000,0.000,0,0,0,3,3,0,0,3,0.0,0.0,0.0,0.0,0.0,1.0,1
"G[1,2]((bmiZscore <= 0.147 & TotalDailyInsPerKg >= 0.275) -> TotalDailyInsPerKg <= 0.353)
",9999999.000,9999999.000,0.000,1.000,0.000,0,0,2,1,1,2,2,1,0.0,0.0,1.0,0.0,0.0,1.0,1
"G[2,2](((BGTestAvgNumPtRep <= 5.580 & HDL <= 78.028) & age <= 70.184) -> HbA1cImputeDtMnC <= 89.684)
",-89.684,-89.684,0.000,1.000,0.000,0,0,3,0,0,3,3,0,0.0,0.0,1.0,0.0,0.0,1.0,1
"G[1,2](((Pt_InsGov <= 0.000 & Triglyc <= 106.830) | HbA1c >= 27.081) | BldPrDia <= 70.464)
",9999999.000,9999999.000,0.000,1.000,0.000,0,0,3,0,0,3,3,0,0.0,0.0,1.0,0.0,0.0,1.0,1
"G[0,1](((Pt_FatherT1D >= 0.000 & WeightKg <= 94.542) | DirectLDL >= 89.991) & age >= 91.816)
",9999999.000,9999999.000,0.000,1.000,0.000,0,0,0,3,3,0,0,3,0.0,0.0,0.0,0.0,0.0,1.0,1
"G[0,2]((age >= 48.862 | TSH >= 0.612) | Pt_ChildT1D >= 0.620)
",9999999.000,9999999.000,0.000,1.000,0.000,0,0,2,1,1,2,2,1,0.0,0.0,1.0,0.0,0.0,1.0,1
"G[0,2](Pt_GrandchildT1D <= 0.000 & age >= 50.682)
",9999999.000,9999999.000,0.000,1.000,0.000,0,0,2,1,1,2,2,1,0.0,0.0,1.0,0.0,0.0,1.0,1
"G[2,2](TSH >= 0.181 | NumPumpBolusOrShortAct >= 3.265)
",-0.181,-0.181,0.000,1.000,0.000,0,0,3,0,0,3,3,0,0.0,0.0,1.0,0.0,0.0,1.0,1
"G[0,2]((HbA1cImputeDtMnC <= 48.081 & WeightKg <= 97.320) | Pt_A1cGoalLevelDsYr5 >= 90.459)
",9999999.000,9999999.000,0.000,1.000,0.000,0,0,1,2,2,1,1,2,0.0,0.0,1.0,0.0,0.0,1.0,1
"G[1,2]((HDL >= 33.823 -> HeightCm <= 177.009) | TotChol <= 177.037)
",9999999.000,9999999.000,0.000,1.000,0.000,0,0,3,0,0,3,3,0,0.0,0.0,1.0,0.0,0.0,1.0,1
"G[0,1](((bmi >= 28.609 | TotalDailyInsPerKg <= 0.340) & WeightKg >= 0.154) & Triglyc <= 0.322)
",9999999.000,9999999.000,0.000,1.000,0.000,0,0,0,3,3,0,0,3,0.0,0.0,0.0,0.0,0.0,1.0,1
"G[0,2](Pt_A1cGoalLev <= 0.000 & WeightKg >= 92.144)
",9999999.000,9999999.000,0.000,1.000,0.000,0,0,1,2,2,1,1,2,0.0,0.0,1.0,0.0,0.0,1.0,1
"G[0,2](((TotChol <= 116.418 -> Pt_MotherT1D <= 0.000) -> HDL >= 0.000) & HbA1c <= 0.000)
",9999999.000,9999999.000,0.000,1.000,0.000,0,0,0,3,3,0,0,3,0.0,0.0,0.0,0.0,0.0,1.0,1
"G[0,2](((diabDur <= 16.995 | LDL >= 31.819) | age <= 53.579) | HeightCm >= 26.484)
",9999999.000,9999999.000,0.000,1.000,0.000,0,0,3,0,0,3,3,0,0.0,0.0,1.0,0.0,0.0,1.0,1
"G[0,2](HbA1c <= 7.398 -> TotalDailyInsPerKg >= 0.267)
",9999999.000,9999999.000,0.000,1.000,0.000,0,0,2,1,1,2,2,1,0.0,0.0,1.0,0.0,0.0,1.0,1
"G[2,2]((BldPrDia <= 85.617 -> WeightKg <= 95.816) | Pt_InsGov <= 93.543)
",93.543,93.543,0.000,1.000,0.000,0,0,3,0,0,3,3,0,0.0,0.0,1.0,0.0,0.0,1.0,1
"G[0,2]((diabDur >= 13.499 & Pt_CGMUseNumDays <= 28.085) | Pt_A1cGoalLevelDsYr5 <= 14.412)
",9999999.000,9999999.000,0.000,1.000,0.000,0,0,3,0,0,3,3,0,0.0,0.0,1.0,0.0,0.0,1.0,1
"G[0,2](diagAgeCombo >= 35.000 | Pt_MotherT1D <= 0.000)
",9999999.000,9999999.000,0.000,1.000,0.000,0,0,3,0,0,3,3,0,0.0,0.0,1.0,0.0,0.0,1.0,1
"G[1,2]((SMBGperDayPtMeterCombo >= 5.066 & diabDur >= 15.301) -> Pt_MotherT1D >= 15.619)
",9999999.000,9999999.000,0.000,1.000,0.000,0,0,2,1,1,2,2,1,0.0,0.0,1.0,0.0,0.0,1.0,1
"G[1,2](Pt_A1cGoalLevelDsYr5 <= 0.000 & diagAgeCombo >= 35.000)
",9999999.000,9999999.000,0.000,1.000,0.000,0,0,3,0,0,3,3,0,0.0,0.0,1.0,0.0,0.0,1.0,1
"G[0,2]((HbA1c >= 7.132 -> BGTestAvgNumMeter <= 7.308) -> bmi >= 0.184)
",9999999.000,9999999.000,0.000,1.000,0.000,0,0,3,0,0,3,3,0,0.0,0.0,1.0,0.0,0.0,1.0,1
"G[1,2]((GFR >= 14.872 & AlbCreatRat_mggNew >= 5.300) | BGTestAvgNumMeter >= 6.528)
",9999999.000,9999999.000,0.000,1.000,0.000,0,0,1,2,2,1,1,2,0.0,0.0,1.0,0.0,0.0,1.0,1
"G[2,2](((TSH >= 0.083 -> Pt_SHFlg <= 0.000) | Pt_SHFlg <= 0.000) & HbA1cImputeDtMnC >= 0.000)
",0.000,0.000,0.000,1.000,0.000,0,0,3,0,0,3,3,0,0.0,0.0,1.0,0.0,0.0,1.0,1
"G[0,2]((bmiZscore <= 0.138 | Pt_MotherT1D >= 0.000) -> GFR >= 0.000)
",9999999.000,9999999.000,0.000,1.000,0.000,0,0,3,0,0,3,3,0,0.0,0.0,1.0,0.0,0.0,1.0,1
"G[1,2](Pt_InsGov >= 0.000 | bmiZscore <= 0.099)
",9999999.000,9999999.000,0.000,1.000,0.000,0,0,3,0,0,3,3,0,0.0,0.0,1.0,0.0,0.0,1.0,1
"G[1,2]((UnitsInsBasalOrLongAct >= 1.761 -> AlbCreatRat_mggNew >= 5.651) -> HbA1cImputeDtMnC <= 11.709)
",9999999.000,9999999.000,0.000,1.000,0.000,0,0,0,3,3,0,0,3,0.0,0.0,0.0,0.0,0.0,1.0,1
"G[0,2](HeightCm >= 177.003 | diagAgeCombo >= 35.000)
",9999999.000,9999999.000,0.000,1.000,0.000,0,0,3,0,0,3,3,0,0.0,0.0,1.0,0.0,0.0,1.0,1
"G[0,2](((TotChol <= 152.991 -> Pt_MotherT1D >= 0.000) & bmiPerc >= 0.000) -> TotChol <= 0.000)
",9999999.000,9999999.000,0.000,1.000,0.000,0,0,0,3,3,0,0,3,0.0,0.0,0.0,0.0,0.0,1.0,1
"G[0,2](((HbA1c <= 7.444 | WeightKg >= 91.031) -> Pt_ChildT1D >= 89.766) -> age <= 97.237)
",9999999.000,9999999.000,0.000,1.000,0.000,0,0,3,0,0,3,3,0,0.0,0.0,1.0,0.0,0.0,1.0,1
"G[1,1]((SMBGperDayPtMeterCombo <= 6.673 | HeightCm <= 177.023) -> bmiZscore >= 177.005)
",-177.023,-177.023,0.000,1.000,0.000,0,0,0,3,3,0,0,3,0.0,0.0,0.0,0.0,0.0,1.0,1
"G[1,2]((Pt_SHFlg <= 0.000 -> Pt_A1cGoalLev >= 0.000) -> NumPumpBolusOrShortAct <= 0.000)
",9999999.000,9999999.000,0.000,1.000,0.000,0,0,2,1,1,2,2,1,0.0,0.0,1.0,0.0,0.0,1.0,1
"G[0,2](Pt_CGMUseNumDays >= 4.211 | TotChol >= 54.563)
",9999999.000,9999999.000,0.000,1.000,0.000,0,0,2,1,1,2,2,1,0.0,0.0,1.0,0.0,0.0,1.0,1
"G[0,0](((Pt_FatherT1D >= 0.000 & BldPrSys >= 111.420) -> DirectLDL >= 119.417) & TotalDailyInsPerKg <= 129.704)
",-57.583,-57.583,0.000,1.000,0.000,0,0,0,3,3,0,0,3,0.0,0.0,0.0,0.0,0.0,1.0,1
"G[2,2]((BGTestAvgNumPtRep <= 4.403 -> TotChol <= 131.291) -> NumPumpBolusOrShortAct >= 99.323)
",99.323,99.323,0.000,1.000,0.000,0,0,3,0,0,3,3,0,0.0,0.0,1.0,0.0,0.0,1.0,1
"G[1,2](((Pt_SiblingT1D >= 0.000 -> bmiPerc >= 0.000) | Pt_GrandparentT1D <= 0.000) & GFR >= 0.000)
",9999999.000,9999999.000,0.000,1.000,0.000,0,0,3,0,0,3,3,0,0.0,0.0,1.0,0.0,0.0,1.0,1
"G[0,2](Pt_FatherT1D <= 0.000 -> DirectLDL >= 0.000)
",9999999.000,9999999.000,0.000,1.000,0.000,0,0,3,0,0,3,3,0,0.0,0.0,1.0,0.0,0.0,1.0,1
"G[1,2](Pt_GrandparentT1D >= 0.000 & Pt_A1cGoalLevelDsYr5 <= 0.000)
",9999999.000,9999999.000,0.000,1.000,0.000,0,0,3,0,0,3,3,0,0.0,0.0,1.0,0.0,0.0,1.0,1
"G[0,1]((Pt_CGMUseNumDays >= 2.587 & Pt_GrandparentT1D >= 0.000) & HbA1c >= 0.000)
",9999999.000,9999999.000,0.000,1.000,0.000,0,0,0,3,3,0,0,3,0.0,0.0,0.0,0.0,0.0,1.0,1
"G[0,1](((HeightCm >= 177.001 -> BUN >= 4.093) | bmi <= 11.408) -> SMBGperDayPtMeterCombo >= 7.464)
",9999999.000,9999999.000,0.000,1.000,0.000,0,0,0,3,3,0,0,3,0.0,0.0,0.0,0.0,0.0,1.0,1
"G[0,1](((BldPrDia >= 77.680 -> Pt_DKAFlg >= 0.000) | GFR >= 0.000) & NumPumpBolusOrShortAct <= 0.000)
",9999999.000,9999999.000,0.000,1.000,0.000,0,0,0,3,3,0,0,3,0.0,0.0,0.0,0.0,0.0,1.0,1
"G[1,2]((age >= 50.587 & WeightKg <= 94.864) & DirectLDL >= 92.316)
",9999999.000,9999999.000,0.000,1.000,0.000,0,0,0,3,3,0,0,3,0.0,0.0,0.0,0.0,0.0,1.0,1
"G[0,2](((AlbCreatRat_mggNew >= 7.251 & WeightKg >= 90.764) -> diabDur >= 90.959) & bmi >= 93.364)
",9999999.000,9999999.000,0.000,1.000,0.000,0,0,0,3,3,0,0,3,0.0,0.0,0.0,0.0,0.0,1.0,1
"G[1,2]((age >= 50.113 & BGTestAvgNumMeter >= 3.781) | TotalDailyInsPerKg <= 6.321)
",9999999.000,9999999.000,0.000,1.000,0.000,0,0,3,0,0,3,3,0,0.0,0.0,1.0,0.0,0.0,1.0,1
"G[0,1]((Pt_GrandchildT1D >= 0.000 | Pt_ChildT1D >= 0.000) & SMBGperDayPtMeterCombo <= 0.000)
",9999999.000,9999999.000,0.000,1.000,0.000,0,0,0,3,3,0,0,3,0.0,0.0,0.0,0.0,0.0,1.0,1
"G[1,1](Pt_A1cGoalLevelDsYr5 > 0.000 & Pt_SHFlg = 0.000)
",0.000,0.000,0.000,1.000,0.000,0,0,0,3,3,0,0,3,0.0,0.0,0.0,0.0,0.0,1.0,1
"G[1,2](Pt_DKAFlg <= 0.000 & Pt_SHFlg = 0.000)
",9999999.000,9999999.000,0.000,1.000,0.000,0,0,3,0,0,3,3,0,0.0,0.0,1.0,0.0,0.0,1.0,1
"F[0,2](BGTestAvgNumMeter <= 7.384 & NumPumpBolusOrShortAct <= 4.504)
",-9999999.000,-9999999.000,0.000,0.000,1.000,0,0,0,3,3,0,0,3,0.0,0.0,0.0,0.0,0.0,1.0,-1
"F[2,2](((Pt_A1cGoalLev >= 0.000 & BGTestAvgNumPtRep <= 4.647) -> Pt_FatherT1D >= 1.336) -> Pt_A1cGoalLev >= 0.945)
",0.000,0.000,0.000,0.000,1.000,0,0,0,3,3,0,0,3,0.0,0.0,0.0,0.0,0.0,1.0,-1
"F[0,2]((GFR >= 11.107 | Pt_CGMUseNumDays >= 2.232) & TotalDailyInsPerKg >= 8.202)
",-9999999.000,-9999999.000,0.000,0.000,1.000,0,0,0,3,3,0,0,3,0.0,0.0,0.0,0.0,0.0,1.0,-1
"G[1,2](((BldPrDia <= 82.638 | NumPumpBolusOrShortAct <= 7.036) -> Pt_InsGov >= 3.091) | Pt_ChildT1D <= 7.198)
",9999999.000,9999999.000,0.000,1.000,0.000,0,0,3,0,0,3,3,0,0.0,0.0,1.0,0.0,0.0,1.0,1
"F[1,2]((bmiPerc >= 0.000 -> Pt_DKAFlg >= 0.000) -> Pt_DKAFlg >= 0.000)
",-9999999.000,-9999999.000,0.000,0.000,1.000,0,0,0,3,3,0,0,3,0.0,0.0,0.0,0.0,0.0,1.0,-1
"((Pt_InsGov <= 0.000) U[1,2] (Pt_CGMUseNumDays <= 16.292))
",-9999999.000,-9999999.000,0.000,0.000,1.000,0,0,0,3,3,0,0,3,0.0,0.0,0.0,0.0,0.0,1.0,-1
"((bmiZscore >= -0.000) U[0,2] (Pt_CGMUseNumDays >= 1.030))
",-9999999.000,-9999999.000,0.000,0.000,1.000,0,0,0,3,3,0,0,3,0.0,0.0,0.0,0.0,0.0,1.0,-1
"F[0,2](((bmiZscore <= 0.151 & HbA1cImputeDtMnC >= 18.285) | TSH >= 13.286) -> TotChol >= 35.164)
",-9999999.000,-9999999.000,0.000,0.000,1.000,0,0,0,3,3,0,0,3,0.0,0.0,0.0,0.0,0.0,1.0,-1
"F[2,2](((TSH >= 0.034 -> WeightKg >= 89.734) | LDL >= 92.290) -> bmiPerc <= 96.593)
",-96.593,-96.593,0.000,0.000,1.000,0,0,0,3,3,0,0,3,0.0,0.0,0.0,0.0,0.0,1.0,-1
"F[0,1](BGTestAvgNumPtRep >= 0.732 -> bmiPerc >= 0.000)
",-9999999.000,-9999999.000,0.000,0.000,1.000,0,0,0,3,3,0,0,3,0.0,0.0,0.0,0.0,0.0,1.0,-1
"F[1,2](BGTestAvgNumMeter <= 8.943 | NumPumpBolusOrShortAct <= 7.420)
",-9999999.000,-9999999.000,0.000,0.000,1.000,0,0,0,3,3,0,0,3,0.0,0.0,0.0,0.0,0.0,1.0,-1
"F[0,0](NumPumpBolusOrShortAct <= 4.251 -> Triglyc >= 62.303)
",-1.504,-70.215,0.000,0.000,1.000,0,0,0,3,3,0,0,3,0.0,0.0,0.0,0.0,0.0,1.0,-1
"F[1,2](DirectLDL >= 0.000 & Pt_ChildT1D >= 0.000)
",-9999999.000,-9999999.000,0.000,0.000,1.000,0,0,0,3,3,0,0,3,0.0,0.0,0.0,0.0,0.0,1.0,-1
"((bmi >= 29.231) U[0,2] (TotChol <= 152.294))
",-9999999.000,-9999999.000,0.000,0.000,1.000,0,0,0,3,3,0,0,3,0.0,0.0,0.0,0.0,0.0,1.0,-1
"F[1,2](HbA1c >= 7.134 | BGTestAvgNumMeter >= 0.958)
",-9999999.000,-9999999.000,0.000,0.000,1.000,0,0,0,3,3,0,0,3,0.0,0.0,0.0,0.0,0.0,1.0,-1
"G[1,2](((LDL <= 54.172 -> TSH >= 0.042) -> Pt_A1cGoalLev >= 0.280) -> Pt_A1cGoalLev >= 0.276)
",9999999.000,9999999.000,0.000,1.000,0.000,0,0,2,1,1,2,2,1,0.0,0.0,1.0,0.0,0.0,1.0,1
"G[0,2](diagAgeCombo >= 35.000 & Pt_SiblingT1D >= 0.000)
",9999999.000,9999999.000,0.000,1.000,0.000,0,0,3,0,0,3,3,0,0.0,0.0,1.0,0.0,0.0,1.0,1
"G[1,2]((diabDur >= 13.232 & WeightKg >= 89.861) & BUN <= 94.113)
",9999999.000,9999999.000,0.000,1.000,0.000,0,0,3,0,0,3,3,0,0.0,0.0,1.0,0.0,0.0,1.0,1
"G[1,2]((bmiZscore >= 0.040 | Pt_CGMUseNumDays >= 7.524) -> Pt_CGMUseNumDays <= 16.927)
",9999999.000,9999999.000,0.000,1.000,0.000,0,0,3,0,0,3,3,0,0.0,0.0,1.0,0.0,0.0,1.0,1
"G[2,2]((BUN >= 6.134 & HeightCm <= 177.027) | diagAgeCombo >= 177.006)
",-6.134,-6.134,0.000,1.000,0.000,0,0,3,0,0,3,3,0,0.0,0.0,1.0,0.0,0.0,1.0,1
"G[1,1](((SMBGperDayPtMeterCombo >= 2.287 & GFR >= 13.398) | Pt_SiblingT1D >= 21.378) & AlbCreatRat_mggNew >= 21.477)
",-21.477,-21.477,0.000,1.000,0.000,0,0,0,3,3,0,0,3,0.0,0.0,0.0,0.0,0.0,1.0,1
"G[0,1](((Pt_CGMUseNumDays >= 2.472 | Pt_FatherT1D <= 0.000) | diagAgeCombo <= 0.000) & HbA1c <= 0.000)
",9999999.000,9999999.000,0.000,1.000,0.000,0,0,0,3,3,0,0,3,0.0,0.0,0.0,0.0,0.0,1.0,1
"G[1,2](((BGTestAvgNumMeter >= 3.327 | bmi <= 30.203) & HbA1cImputeDtMnC <= 31.207) & Pt_FatherT1D <= 29.811)
",9999999.000,9999999.000,0.000,1.000,0.000,0,0,1,2,2,1,1,2,0.0,0.0,1.0,0.0,0.0,1.0,1
"G[1,2]((bmi >= 29.086 | BUN <= 13.496) & bmi >= 2.567)
",9999999.000,9999999.000,0.000,1.000,0.000,0,0,3,0,0,3,3,0,0.0,0.0,1.0,0.0,0.0,1.0,1
"G[0,2](((UnitsInsBasalOrLongAct <= 11.780 & WeightKg >= 89.199) | TotalDailyInsPerKg >= 92.098) -> HeightCm <= 94.540)
",9999999.000,9999999.000,0.000,1.000,0.000,0,0,2,1,1,2,2,1,0.0,0.0,1.0,0.0,0.0,1.0,1
"G[0,2]((bmi >= 29.485 | UnitsInsBasalOrLongAct <= 14.983) -> AutonomicNeuroCl >= 6.875)
",9999999.000,9999999.000,0.000,1.000,0.000,0,0,0,3,3,0,0,3,0.0,0.0,0.0,0.0,0.0,1.0,1
"F[0,0](SMBGperDayPtMeterCombo <= 5.375 | Pt_SiblingT1D <= 0.000)
",0.000,0.000,0.000,0.000,1.000,0,0,0,3,3,0,0,3,0.0,0.0,0.0,0.0,0.0,1.0,-1
"F[1,2]((Pt_CGMUseNumDays <= 22.380 & Pt_GrandchildT1D <= 0.000) -> Pt_CGMUseNumDays >= 0.000)
",-9999999.000,-9999999.000,0.000,0.000,1.000,0,0,0,3,3,0,0,3,0.0,0.0,0.0,0.0,0.0,1.0,-1
"G[0,2](HDL < 68.891 & Pt_SHFlg = 0.000)
",9999999.000,9999999.000,0.000,1.000,0.000,0,0,0,3,3,0,0,3,0.0,0.0,0.0,0.0,0.0,1.0,1
"F[0,2](((HbA1cImputeDtMnC >= 22.803 & LDL <= 63.422) | Pt_ChildT1D >= 11.867) & HDL <= 56.980)
",-9999999.000,-9999999.000,0.000,0.000,1.000,0,0,0,3,3,0,0,3,0.0,0.0,0.0,0.0,0.0,1.0,-1
"F[0,2](((bmi <= 30.667 & diabDur <= 17.883) | bmiPerc >= 13.434) -> HeightCm >= 15.493)
",-9999999.000,-9999999.000,0.000,0.000,1.000,0,0,0,3,3,0,0,3,0.0,0.0,0.0,0.0,0.0,1.0,-1
"F[1,2]((Pt_CGMUseNumDays >= 5.823 & BldPrSys <= 126.236) & Pt_CGMUseNumDays >= 113.487)
",-9999999.000,-9999999.000,0.000,0.000,1.000,0,0,0,3,3,0,0,3,0.0,0.0,0.0,0.0,0.0,1.0,-1
"F[1,2](((BldPrDia <= 84.415 | TotalDailyInsPerKg <= 0.342) | TSH <= 0.318) | TSH >= 0.045)
",-9999999.000,-9999999.000,0.000,0.000,1.000,0,0,0,3,3,0,0,3,0.0,0.0,0.0,0.0,0.0,1.0,-1
"F[0,2](BGTestAvgNumPtRep <= 4.918 | BUN >= 2.470)
",-9999999.000,-9999999.000,0.000,0.000,1.000,0,0,0,3,3,0,0,3,0.0,0.0,0.0,0.0,0.0,1.0,-1
"F[1,2](((HDL >= 55.875 -> UnitsInsBasalOrLongAct <= 11.710) -> Pt_GrandparentT1D >= 2.747) & AutonomicNeuroCl <= 13.059)
",-9999999.000,-9999999.000,0.000,0.000,1.000,0,0,0,3,3,0,0,3,0.0,0.0,0.0,0.0,0.0,1.0,-1
"((BUN <= 14.744) U[1,2] (TotalDailyInsPerKg >= 0.129))
",-9999999.000,-9999999.000,0.000,0.000,1.000,0,0,0,3,3,0,0,3,0.0,0.0,0.0,0.0,0.0,1.0,-1
"F[0,1](((BUN >= 9.143 & Pt_CGMUseNumDays >= 5.406) -> bmiPerc <= 9.072) | Pt_CGMUseNumDays <= 29.592)
",-9999999.000,-9999999.000,0.000,0.000,1.000,0,0,0,3,3,0,0,3,0.0,0.0,0.0,0.0,0.0,1.0,-1
"F[0,2]((HeightCm <= 177.038 & LDL >= 49.679) | TSH <= 61.057)
",-9999999.000,-9999999.000,0.000,0.000,1.000,0,0,0,3,3,0,0,3,0.0,0.0,0.0,0.0,0.0,1.0,-1
"F[0,1](((Pt_GrandparentT1D <= 0.000 | UnitsInsBasalOrLongAct <= 12.136) & Pt_A1cGoalLevelDsYr5 <= 15.470) & bmiZscore <= 12.255)
",-9999999.000,-9999999.000,0.000,0.000,1.000,0,0,0,3,3,0,0,3,0.0,0.0,0.0,0.0,0.0,1.0,-1
"F[0,2]((BGTestAvgNumPtRep <= 2.898 -> Pt_DKAFlg >= 0.000) -> BGTestAvgNumMeter <= 0.000)
",-9999999.000,-9999999.000,0.000,0.000,1.000,0,0,0,3,3,0,0,3,0.0,0.0,0.0,0.0,0.0,1.0,-1
"F[1,2](((HbA1cImputeDtMnC <= 68.031 -> SMBGperDayPtMeterCombo <= 7.609) -> Pt_SiblingT1D <= 5.473) & Pt_A1cGoalLev <= 7.305)
",-9999999.000,-9999999.000,0.000,0.000,1.000,0,0,0,3,3,0,0,3,0.0,0.0,0.0,0.0,0.0,1.0,-1
"F[0,1](age <= 54.734 | bmi >= 29.188)
",-9999999.000,-9999999.000,0.000,0.000,1.000,0,0,0,3,3,0,0,3,0.0,0.0,0.0,0.0,0.0,1.0,-1
"F[2,2](((WeightKg >= 91.185 | Pt_A1cGoalLev <= 0.000) & AlbCreatRat_mggNew >= 0.000) -> WeightKg <= 0.000)
",0.000,0.000,0.000,0.000,1.000,0,0,0,3,3,0,0,3,0.0,0.0,0.0,0.0,0.0,1.0,-1
"((BGTestAvgNumMeter >= 1.310) U[0,2] (Triglyc >= 27.446))
",-9999999.000,-9999999.000,0.000,0.000,1.000,0,0,0,3,3,0,0,3,0.0,0.0,0.0,0.0,0.0,1.0,-1
"F[1,2](((age >= 49.265 -> Pt_DKAFlg >= 0.000) & HbA1cImputeDtMnC <= 0.000) | Pt_MotherT1D <= 0.000)
",-9999999.000,-9999999.000,0.000,0.000,1.000,0,0,0,3,3,0,0,3,0.0,0.0,0.0,0.0,0.0,1.0,-1
"F[1,2]((age >= 48.164 & Pt_MotherT1D >= 0.000) & DirectLDL <= 0.000)
",-9999999.000,-9999999.000,0.000,0.000,1.000,0,0,0,3,3,0,0,3,0.0,0.0,0.0,0.0,0.0,1.0,-1
"F[0,1](((NumPumpBolusOrShortAct <= 6.200 -> Pt_GrandchildT1D >= 0.000) & Pt_A1cGoalLev <= 0.000) & Pt_SiblingT1D <= 0.000)
",-9999999.000,-9999999.000,0.000,0.000,1.000,0,0,0,3,3,0,0,3,0.0,0.0,0.0,0.0,0.0,1.0,-1
"F[0,1](Pt_A1cGoalLev >= 0.000 & bmiPerc >= 0.000)
",-9999999.000,-9999999.000,0.000,0.000,1.000,0,0,0,3,3,0,0,3,0.0,0.0,0.0,0.0,0.0,1.0,-1
"F[2,2](bmi >= 28.603 & HbA1cImputeDtMnC >= 3.898)
",-8051111555290355.000,-28.603,0.000,0.000,1.000,0,0,0,3,3,0,0,3,0.0,0.0,0.0,0.0,0.0,1.0,-1
"((diabDur <= 18.655) U[1,2] (Pt_DKAFlg >= 0.000))
",-9999999.000,-9999999.000,0.000,0.000,1.000,0,0,0,3,3,0,0,3,0.0,0.0,0.0,0.0,0.0,1.0,-1
"F[0,2](((bmi <= 30.345 | TSH >= 0.458) -> TotChol >= 0.578) | Pt_DKAFlg >= 0.214)
",-9999999.000,-9999999.000,0.000,0.000,1.000,0,0,0,3,3,0,0,3,0.0,0.0,0.0,0.0,0.0,1.0,-1
"F[1,2](((HeightCm >= 177.001 -> TotChol <= 156.649) & BUN >= 2.604) -> HDL <= 158.318)
",-9999999.000,-9999999.000,0.000,0.000,1.000,0,0,0,3,3,0,0,3,0.0,0.0,0.0,0.0,0.0,1.0,-1
"F[2,2](TotChol >= 82.814 | BGTestAvgNumPtRep <= 5.113)
",5.113,5.113,0.000,0.000,1.000,0,0,0,3,3,0,0,3,0.0,0.0,0.0,0.0,0.0,1.0,-1
"F[1,2]((BldPrDia <= 81.215 -> bmi >= 29.287) -> Pt_A1cGoalLev <= 29.947)
",-9999999.000,-9999999.000,0.000,0.000,1.000,0,0,0,3,3,0,0,3,0.0,0.0,0.0,0.0,0.0,1.0,-1
"G[2,2](((SMBGperDayPtMeterCombo <= 8.205 & TSH <= 1.592) -> bmi <= 1.640) -> Triglyc <= 1.287)
",-1.287,-1.287,0.000,1.000,0.000,0,0,3,0,0,3,3,0,0.0,0.0,1.0,0.0,0.0,1.0,1
"G[2,2](HeightCm >= 177.001 & Pt_CGMUseNumDays >= 0.062)
",-6227669316604997.000,-177.001,0.000,1.000,0.000,0,0,3,0,0,3,3,0,0.0,0.0,1.0,0.0,0.0,1.0,1
"G[0,1]((AlbCreatRat_mggNew <= 12.905 -> TSH <= 1.343) & Pt_SHFlg >= 0.428)
",9999999.000,9999999.000,0.000,1.000,0.000,0,0,0,3,3,0,0,3,0.0,0.0,0.0,0.0,0.0,1.0,1
"G[2,2]((Pt_CGMUseNumDays >= 6.320 | SMBGperDayPtMeterCombo >= 3.076) -> SMBGperDayPtMeterCombo >= 4.706)
",3.076,3.076,0.000,1.000,0.000,0,0,3,0,0,3,3,0,0.0,0.0,1.0,0.0,0.0,1.0,1
"G[0,0](TotalDailyInsPerKg <= 0.322 & TotChol >= 66.461)
",-1.417,-33.273,0.000,1.000,0.000,0,0,0,3,3,0,0,3,0.0,0.0,0.0,0.0,0.0,1.0,1
"G[0,2]((HbA1cImputeDtMnC <= 63.342 -> NumPumpBolusOrShortAct >= 3.465) & BGTestAvgNumMeter <= 4.599)
",9999999.000,9999999.000,0.000,1.000,0.000,0,0,0,3,3,0,0,3,0.0,0.0,0.0,0.0,0.0,1.0,1
"G[0,2](AlbCreatRat_mggNew <= 12.410 | Pt_CGMUseNumDays >= 2.627)
",9999999.000,9999999.000,0.000,1.000,0.000,0,0,2,1,1,2,2,1,0.0,0.0,1.0,0.0,0.0,1.0,1
"G[2,2]((age <= 52.799 -> BldPrDia >= 78.601) | Pt_GrandparentT1D <= 81.037)
",81.037,81.037,0.000,1.000,0.000,0,0,3,0,0,3,3,0,0.0,0.0,1.0,0.0,0.0,1.0,1
"G[0,2](BldPrDia >= 79.768 -> TotChol <= 112.013)
",9999999.000,9999999.000,0.000,1.000,0.000,0,0,0,3,3,0,0,3,0.0,0.0,0.0,0.0,0.0,1.0,1
"G[1,2]((AlbCreatRat_mggNew <= 13.929 | LDL >= 36.553) | AlbCreatRat_mggNew >= 19.988)
",9999999.000,9999999.000,0.000,1.000,0.000,0,0,3,0,0,3,3,0,0.0,0.0,1.0,0.0,0.0,1.0,1
"G[0,2](((BGTestAvgNumPtRep >= 0.612 -> TotalDailyInsPerKg >= 0.116) -> HDL >= 0.033) & NumPumpBolusOrShortAct <= 0.308)
",9999999.000,9999999.000,0.000,1.000,0.000,0,0,0,3,3,0,0,3,0.0,0.0,0.0,0.0,0.0,1.0,1
"G[0,2](GFR <= 37.153 -> BUN >= 8.749)
",9999999.000,9999999.000,0.000,1.000,0.000,0,0,2,1,1,2,2,1,0.0,0.0,1.0,0.0,0.0,1.0,1
"G[1,2](AlbCreatRat_mggNew >= 5.536 & HbA1c >= 7.042)
",9999999.000,9999999.000,0.000,1.000,0.000,0,0,0,3,3,0,0,3,0.0,0.0,0.0,0.0,0.0,1.0,1
"G[0,1](((bmiZscore >= 0.008 & UnitsInsBasalOrLongAct >= 4.490) -> Pt_DKAFlg >= 4.687) & TotalDailyInsPerKg >= 8.838)
",9999999.000,9999999.000,0.000,1.000,0.000,0,0,0,3,3,0,0,3,0.0,0.0,0.0,0.0,0.0,1.0,1
"G[0,2]((GFR >= 8.448 -> HeightCm <= 177.011) -> LDL <= 177.011)
",9999999.000,9999999.000,0.000,1.000,0.000,0,0,3,0,0,3,3,0,0.0,0.0,1.0,0.0,0.0,1.0,1
"G[1,2](NumPumpBolusOrShortAct >= 0.998 & Pt_CGMUseNumDays <= 26.046)
",9999999.000,9999999.000,0.000,1.000,0.000,0,0,1,2,2,1,1,2,0.0,0.0,1.0,0.0,0.0,1.0,1
"G[2,2](GFR >= 12.710 & UnitsInsBasalOrLongAct <= 14.685)
",-12.710,-12.710,0.000,1.000,0.000,0,0,3,0,0,3,3,0,0.0,0.0,1.0,0.0,0.0,1.0,1
"G[0,1](bmiZscore <= 0.213 & HeightCm >= 177.002)
",9999999.000,9999999.000,0.000,1.000,0.000,0,0,0,3,3,0,0,3,0.0,0.0,0.0,0.0,0.0,1.0,1
"G[1,2](AlbCreatRat_mggNew >= 7.747 & bmi >= 28.723)
",9999999.000,9999999.000,0.000,1.000,0.000,0,0,3,0,0,3,3,0,0.0,0.0,1.0,0.0,0.0,1.0,1
"G[2,2](((BldPrDia >= 77.973 & TSH >= 0.360) -> Pt_GrandchildT1D >= 0.252) | HbA1cImputeDtMnC >= 0.149)
",0.252,0.252,0.000,1.000,0.000,0,0,3,0,0,3,3,0,0.0,0.0,1.0,0.0,0.0,1.0,1
"G[1,2](((GFR <= 62.387 -> TotalDailyInsPerKg <= 0.381) | BGTestAvgNumPtRep <= 0.312) & BldPrDia >= 0.102)
",9999999.000,9999999.000,0.000,1.000,0.000,0,0,3,0,0,3,3,0,0.0,0.0,1.0,0.0,0.0,1.0,1
"G[1,2]((NumPumpBolusOrShortAct <= 4.467 & TSH >= 0.538) -> Pt_A1cGoalLev >= 0.557)
",9999999.000,9999999.000,0.000,1.000,0.000,0,0,2,1,1,2,2,1,0.0,0.0,1.0,0.0,0.0,1.0,1
"G[0,0]((BGTestAvgNumMeter >= 0.338 | WeightKg >= 92.566) & Pt_GrandchildT1D >= 90.976)
",-6401872511134451.000,-90.976,0.000,1.000,0.000,0,0,0,3,3,0,0,3,0.0,0.0,0.0,0.0,0.0,1.0,1
"G[2,2](((AlbCreatRat_mggNew >= 9.120 | BldPrDia >= 75.345) -> BldPrDia <= 84.889) & Pt_A1cGoalLev <= 84.493)
",-84.889,-84.889,0.000,1.000,0.000,0,0,3,0,0,3,3,0,0.0,0.0,1.0,0.0,0.0,1.0,1
"G[1,2](((BldPrDia <= 81.993 & BldPrSys <= 128.175) | Pt_MotherT1D <= 128.238) -> UnitsInsBasalOrLongAct <= 127.698)
",9999999.000,9999999.000,0.000,1.000,0.000,0,0,3,0,0,3,3,0,0.0,0.0,1.0,0.0,0.0,1.0,1
"G[1,2](HDL <= 88.493 & SMBGperDayPtMeterCombo >= 3.061)
",9999999.000,9999999.000,0.000,1.000,0.000,0,0,2,1,1,2,2,1,0.0,0.0,1.0,0.0,0.0,1.0,1
"G[0,1](Pt_SHFlg < 0.000 & Pt_SHFlg = 0.000)
",9999999.000,9999999.000,0.000,1.000,0.000,0,0,0,3,3,0,0,3,0.0,0.0,0.0,0.0,0.0,1.0,1
"G[0,2](Pt_SiblingT1D > 0.000 & Pt_SHFlg = 0.000)
",9999999.000,9999999.000,0.000,1.000,0.000,0,0,0,3,3,0,0,3,0.0,0.0,0.0,0.0,0.0,1.0,1
"G[1,2](((BldPrSys <= 122.079 & Pt_CGMUseNumDays <= 28.206) -> bmiZscore <= 24.867) | HeightCm <= 13.126)
",9999999.000,9999999.000,0.000,1.000,0.000,0,0,3,0,0,3,3,0,0.0,0.0,1.0,0.0,0.0,1.0,1
"G[0,0]((Triglyc <= 97.711 | TSH >= 0.516) & AutonomicNeuroCl >= 0.426)
",1.096,3.181,0.000,1.000,0.000,0,0,0,3,3,0,0,3,0.0,0.0,0.0,0.0,0.0,1.0,1
"G[1,2]((HbA1c >= 7.121 & SMBGperDayPtMeterCombo <= 7.391) -> Pt_SiblingT1D <= 7.637)
",9999999.000,9999999.000,0.000,1.000,0.000,0,0,3,0,0,3,3,0,0.0,0.0,1.0,0.0,0.0,1.0,1
"G[0,1](((BGTestAvgNumMeter <= 4.503 & bmiZscore <= 0.095) & HbA1cImputeDtMnC >= 0.003) & HbA1c <= 0.145)
",9999999.000,9999999.000,0.000,1.000,0.000,0,0,0,3,3,0,0,3,0.0,0.0,0.0,0.0,0.0,1.0,1
"G[0,0](((BldPrSys >= 118.697 -> TotalDailyInsPerKg <= 0.315) & NumPumpBolusOrShortAct <= 0.320) & SMBGperDayPtMeterCombo >= 0.042)
",0.320,0.320,0.000,1.000,0.000,0,0,0,3,3,0,0,3,0.0,0.0,0.0,0.0,0.0,1.0,1
"G[2,2](HbA1cImputeDtMnC <= 73.375 -> TotChol >= 0.380)
",-73.375,-73.375,0.000,1.000,0.000,0,0,3,0,0,3,3,0,0.0,0.0,1.0,0.0,0.0,1.0,1
"G[2,2](BGTestAvgNumMeter <= 5.644 -> BldPrDia <= 82.810)
",-82.810,-82.810,0.000,1.000,0.000,0,0,3,0,0,3,3,0,0.0,0.0,1.0,0.0,0.0,1.0,1
"G[0,2](((HDL >= 65.235 & Triglyc >= 49.408) -> Pt_MotherT1D >= 41.108) -> TotChol >= 57.538)
",9999999.000,9999999.000,0.000,1.000,0.000,0,0,1,2,2,1,1,2,0.0,0.0,1.0,0.0,0.0,1.0,1
"G[1,2](BUN <= 13.355 & GFR >= 18.036)
",9999999.000,9999999.000,0.000,1.000,0.000,0,0,0,3,3,0,0,3,0.0,0.0,0.0,0.0,0.0,1.0,1
"G[1,2](HbA1c <= 7.419 | TSH <= 1.619)
",9999999.000,9999999.000,0.000,1.000,0.000,0,0,3,0,0,3,3,0,0.0,0.0,1.0,0.0,0.0,1.0,1
"G[1,2]((diabDur <= 17.307 & TotChol <= 136.780) -> HbA1cImputeDtMnC >= 37.231)
",9999999.000,9999999.000,0.000,1.000,0.000,0,0,3,0,0,3,3,0,0.0,0.0,1.0,0.0,0.0,1.0,1
"G[0,2](((BldPrSys <= 125.522 & TotChol >= 20.875) | WeightKg >= 42.787) | Pt_CGMUseNumDays >= 106.389)
",9999999.000,9999999.000,0.000,1.000,0.000,0,0,3,0,0,3,3,0,0.0,0.0,1.0,0.0,0.0,1.0,1
"G[1,2]((BGTestAvgNumMeter <= 6.277 & BldPrSys <= 122.214) -> Pt_A1cGoalLev >= 117.211)
",9999999.000,9999999.000,0.000,1.000,0.000,0,0,1,2,2,1,1,2,0.0,0.0,1.0,0.0,0.0,1.0,1
"G[1,2](age <= 54.552 & HbA1c <= 8.242)
",9999999.000,9999999.000,0.000,1.000,0.000,0,0,2,1,1,2,2,1,0.0,0.0,1.0,0.0,0.0,1.0,1
"G[1,2](AlbCreatRat_mggNew >= 8.037 | HeightCm >= 177.002)
",9999999.000,9999999.000,0.000,1.000,0.000,0,0,2,1,1,2,2,1,0.0,0.0,1.0,0.0,0.0,1.0,1
"G[0,2](NumPumpBolusOrShortAct >= 3.493 -> TotChol >= 76.556)
",9999999.000,9999999.000,0.000,1.000,0.000,0,0,3,0,0,3,3,0,0.0,0.0,1.0,0.0,0.0,1.0,1
"G[1,2]((bmi >= 29.653 -> LDL >= 41.296) -> AutonomicNeuroCl >= 23.877)
",9999999.000,9999999.000,0.000,1.000,0.000,0,0,1,2,2,1,1,2,0.0,0.0,1.0,0.0,0.0,1.0,1
"G[1,2](((HbA1c >= 7.098 | TotChol <= 143.999) | Pt_GrandchildT1D <= 134.620) | Pt_MotherT1D >= 31.924)
",9999999.000,9999999.000,0.000,1.000,0.000,0,0,3,0,0,3,3,0,0.0,0.0,1.0,0.0,0.0,1.0,1
"G[2,2](LDL >= 41.467 & Triglyc <= 87.544)
",-41.467,-41.467,0.000,1.000,0.000,0,0,3,0,0,3,3,0,0.0,0.0,1.0,0.0,0.0,1.0,1
"G[1,2]((AlbCreatRat_mggNew <= 12.842 | BldPrSys >= 115.778) | age <= 126.502)
",9999999.000,9999999.000,0.000,1.000,0.000,0,0,3,0,0,3,3,0,0.0,0.0,1.0,0.0,0.0,1.0,1
"G[1,1](((BGTestAvgNumMeter >= 1.937 -> Pt_CGMUseNumDays <= 17.386) & Pt_InsGov >= 3.448) & bmiPerc >= 4.774)
",-17.386,-17.386,0.000,1.000,0.000,0,0,0,3,3,0,0,3,0.0,0.0,0.0,0.0,0.0,1.0,1
"G[0,0](((GFR <= 29.289 -> WeightKg <= 94.384) | WeightKg <= 98.230) -> Pt_A1cGoalLev >= 92.998)
",-55.636,-94.564,0.000,1.000,0.000,0,0,0,3,3,0,0,3,0.0,0.0,0.0,0.0,0.0,1.0,1
"G[1,1](((HDL <= 89.209 -> NumPumpBolusOrShortAct >= 1.629) | Triglyc <= 4.951) & bmiZscore >= 2.935)
",-6608925989198747.000,-2.935,0.000,1.000,0.000,0,0,0,3,3,0,0,3,0.0,0.0,0.0,0.0,0.0,1.0,1
"G[1,2](GFR <= 59.282 | HDL <= 93.706)
",9999999.000,9999999.000,0.000,1.000,0.000,0,0,3,0,0,3,3,0,0.0,0.0,1.0,0.0,0.0,1.0,1
"G[0,1]((diabDur >= 15.961 | Triglyc <= 102.940) -> HeightCm <= 107.430)
",9999999.000,9999999.000,0.000,1.000,0.000,0,0,0,3,3,0,0,3,0.0,0.0,0.0,0.0,0.0,1.0,1
"G[0,2](((HbA1cImputeDtMnC <= 68.068 & HDL <= 91.052) & bmiPerc <= 91.446) & LDL >= 46.193)
",9999999.000,9999999.000,0.000,1.000,0.000,0,0,1,2,2,1,1,2,0.0,0.0,1.0,0.0,0.0,1.0,1
"G[1,2](bmiZscore <= 0.208 & diabDur >= 13.260)
",9999999.000,9999999.000,0.000,1.000,0.000,0,0,2,1,1,2,2,1,0.0,0.0,1.0,0.0,0.0,1.0,1
"F[1,2](((age >= 48.759 & BUN <= 13.634) & Pt_CGMUseNumDays >= 2.264) -> Pt_DKAFlg >= 6.984)
",-9999999.000,-9999999.000,0.000,0.000,1.000,0,0,0,3,3,0,0,3,0.0,0.0,0.0,0.0,0.0,1.0,-1
