Rule,Discrimination Score,Pos Robustness,Neg Robustness,Percent Class +,Percent Class -,TP,TN,FP,FN,Actual Yes,Actual No,Predicted Yes,Predicted No,TPR/Sens,TNR/Spec,FPR,Precision,Accuracy,MCR
"G[0,0]((HbA1c <= 7.661 & TSH <= 1.383) -> TotalDailyInsPerKg >= 1.156)
",-7.844,-7.844,0.000,1.000,0.000,2,0,0,0,2,0,2,0,1.0,0.0,0.0,1.0,1.3333333333333333,-0.33333333333333326
"G[0,0](((HeightCm <= 128.744 -> TotalDailyInsPerKg <= 0.827) | bmiPerc >= 0.312) | TotalDailyInsPerKg >= 0.570)
",8.430,8.430,0.000,1.000,0.000,2,0,0,0,2,0,2,0,1.0,0.0,0.0,1.0,1.3333333333333333,-0.33333333333333326
"G[0,0]((UnitsInsBasalOrLongAct <= 32.543 & BldPrSys <= 122.076) | AlbCreatRat_mggNew <= 122.210)
",104.210,104.210,0.000,1.000,0.000,2,0,0,0,2,0,2,0,1.0,0.0,0.0,1.0,1.3333333333333333,-0.33333333333333326
"G[0,0]((UnitsInsBasalOrLongAct <= 29.029 | LDL >= 38.434) | UnitsInsBasalOrLongAct >= 38.547)
",29.029,29.029,0.000,1.000,0.000,2,0,0,0,2,0,2,0,1.0,0.0,0.0,1.0,1.3333333333333333,-0.33333333333333326
"G[0,0](((HDL >= 43.814 & LDL <= 50.592) -> WeightKg >= 42.927) | BGTestAvgNumPtRep >= 34.538)
",-15.186,-15.186,0.000,1.000,0.000,2,0,0,0,2,0,2,0,1.0,0.0,0.0,1.0,1.3333333333333333,-0.33333333333333326
"G[0,0](((Pt_FatherT1D <= 0.000 | bmi <= 26.246) -> Pt_FatherT1D <= 25.080) & DirectLDL <= 31.951)
",-26.246,-26.246,0.000,1.000,0.000,2,0,0,0,2,0,2,0,1.0,0.0,0.0,1.0,1.3333333333333333,-0.33333333333333326
"G[0,0]((bmiZscore <= 1.201 | UnitsInsBasalOrLongAct >= 20.268) | HeightCm >= 22.261)
",1.201,1.201,0.000,1.000,0.000,2,0,0,0,2,0,2,0,1.0,0.0,0.0,1.0,1.3333333333333333,-0.33333333333333326
"G[0,0](((NumPumpBolusOrShortAct <= 2.788 -> DirectLDL <= 0.000) -> HbA1c <= 0.000) -> Pt_ChildT1D >= 0.000)
",-1.050,-1.050,0.000,1.000,0.000,2,0,0,0,2,0,2,0,1.0,0.0,0.0,1.0,1.3333333333333333,-0.33333333333333326
"G[0,0]((BldPrDia <= 80.007 -> WeightKg <= 110.330) | bmiPerc <= 111.541)
",111.541,111.541,0.000,1.000,0.000,2,0,0,0,2,0,2,0,1.0,0.0,0.0,1.0,1.3333333333333333,-0.33333333333333326
"G[0,0](((HeightCm >= 37.976 -> WeightKg <= 87.025) | LDL >= 31.896) | bmi <= 85.680)
",85.680,85.680,0.000,1.000,0.000,2,0,0,0,2,0,2,0,1.0,0.0,0.0,1.0,1.3333333333333333,-0.33333333333333326
"G[0,0](((Pt_FatherT1D >= 0.000 | bmi >= 0.139) | Pt_DKAFlg <= 21.995) -> BUN >= 11.383)
",-111.617,-111.617,0.000,1.000,0.000,2,0,0,0,2,0,2,0,1.0,0.0,0.0,1.0,1.3333333333333333,-0.33333333333333326
"G[0,0]((bmiZscore <= 1.377 | Pt_A1cGoalLev <= 4.921) -> TSH >= 0.920)
",-4.921,-4.921,0.000,1.000,0.000,2,0,0,0,2,0,2,0,1.0,0.0,0.0,1.0,1.3333333333333333,-0.33333333333333326
"G[0,0](GFR <= 0.000 -> BUN >= 12.984)
",-110.016,-110.016,0.000,1.000,0.000,2,0,0,0,2,0,2,0,1.0,0.0,0.0,1.0,1.3333333333333333,-0.33333333333333326
"G[0,0]((BGTestAvgNumMeter >= 0.599 -> Pt_GrandparentT1D >= 0.000) -> SMBGperDayPtMeterCombo >= 0.000)
",-70.000,-70.000,0.000,1.000,0.000,2,0,0,0,2,0,2,0,1.0,0.0,0.0,1.0,1.3333333333333333,-0.33333333333333326
"G[0,0]((WeightKg >= 9.761 | bmi >= 18.627) -> UnitsInsBasalOrLongAct <= 25.058)
",-25.058,-25.058,0.000,1.000,0.000,2,0,0,0,2,0,2,0,1.0,0.0,0.0,1.0,1.3333333333333333,-0.33333333333333326
"G[0,0](((BldPrDia >= 71.876 & AlbCreatRat_mggNew >= 0.000) | DirectLDL >= 0.000) & Pt_ChildT1D <= 0.000)
",0.000,0.000,0.000,1.000,0.000,2,0,0,0,2,0,2,0,1.0,0.0,0.0,1.0,1.3333333333333333,-0.33333333333333326
"G[0,1]((HbA1cImputeDtMnC <= 13.884 -> TotChol <= 127.163) -> UnitsInsBasalOrLongAct <= 127.153)
",9999999.000,9999999.000,0.000,1.000,0.000,1,0,1,0,1,1,2,0,1.0,0.0,1.0,0.5,0.6666666666666666,0.33333333333333337
"G[1,1]((LDL >= 44.284 & TSH >= 1.170) -> Pt_FatherT1D <= 1.696)
",-1.696,-1.696,0.000,1.000,0.000,1,0,1,0,1,1,2,0,1.0,0.0,1.0,0.5,0.6666666666666666,0.33333333333333337
"G[0,1]((BldPrDia <= 79.133 | LDL >= 41.432) | bmiZscore <= 58.301)
",9999999.000,9999999.000,0.000,1.000,0.000,1,0,1,0,1,1,2,0,1.0,0.0,1.0,0.5,0.6666666666666666,0.33333333333333337
"G[1,1](((Pt_A1cGoalLevelDsYr5 <= 0.000 | BUN <= 19.530) -> TotChol >= 6.702) -> HbA1cImputeDtMnC >= 9.004)
",9.004,9.004,0.000,1.000,0.000,1,0,1,0,1,1,2,0,1.0,0.0,1.0,0.5,0.6666666666666666,0.33333333333333337
"G[1,1]((BldPrDia >= 71.631 | HbA1cImputeDtMnC <= 23.476) & HDL >= 4.566)
",-4.566,-4.566,0.000,1.000,0.000,1,0,1,0,1,1,2,0,1.0,0.0,1.0,0.5,0.6666666666666666,0.33333333333333337
"G[1,1](((Pt_SiblingT1D >= 0.000 -> age >= 23.957) | Pt_SiblingT1D <= 24.675) | BldPrSys <= 24.844)
",24.844,24.844,0.000,1.000,0.000,1,0,1,0,1,1,2,0,1.0,0.0,1.0,0.5,0.6666666666666666,0.33333333333333337
"G[0,1](Pt_ChildT1D >= 0.000 | DirectLDL >= 0.000)
",9999999.000,9999999.000,0.000,1.000,0.000,1,0,1,0,1,1,2,0,1.0,0.0,1.0,0.5,0.6666666666666666,0.33333333333333337
"G[0,1]((Pt_InsGov >= 0.000 | Pt_SiblingT1D <= 0.000) | bmi >= 0.000)
",9999999.000,9999999.000,0.000,1.000,0.000,1,0,1,0,1,1,2,0,1.0,0.0,1.0,0.5,0.6666666666666666,0.33333333333333337
"G[0,1](diagAgeCombo >= 2.636 -> LDL >= 43.689)
",9999999.000,9999999.000,0.000,1.000,0.000,1,0,1,0,1,1,2,0,1.0,0.0,1.0,0.5,0.6666666666666666,0.33333333333333337
"G[0,1](((Pt_SHFlg >= 0.000 | LDL >= 36.810) -> TSH <= 52.317) | Pt_A1cGoalLev >= 35.327)
",9999999.000,9999999.000,0.000,1.000,0.000,1,0,1,0,1,1,2,0,1.0,0.0,1.0,0.5,0.6666666666666666,0.33333333333333337
"G[1,1]((HbA1cImputeDtMnC <= 13.724 & WeightKg >= 0.872) | Pt_A1cGoalLevelDsYr5 >= 33.890)
",-0.872,-0.872,0.000,1.000,0.000,1,0,1,0,1,1,2,0,1.0,0.0,1.0,0.5,0.6666666666666666,0.33333333333333337
"G[1,1](BldPrSys >= 119.075 | NumPumpBolusOrShortAct >= 0.498)
",-0.498,-0.498,0.000,1.000,0.000,1,0,1,0,1,1,2,0,1.0,0.0,1.0,0.5,0.6666666666666666,0.33333333333333337
"G[0,1](BldPrDia >= 72.604 -> TotChol >= 111.422)
",9999999.000,9999999.000,0.000,1.000,0.000,1,0,1,0,1,1,2,0,1.0,0.0,1.0,0.5,0.6666666666666666,0.33333333333333337
"G[0,1](((HbA1cImputeDtMnC >= 6.862 -> TotChol <= 127.118) -> AutonomicNeuroCl <= 131.716) | Triglyc <= 127.207)
",9999999.000,9999999.000,0.000,1.000,0.000,1,0,1,0,1,1,2,0,1.0,0.0,1.0,0.5,0.6666666666666666,0.33333333333333337
"G[0,1](TotChol >= 111.548 -> TSH >= 1.231)
",9999999.000,9999999.000,0.000,1.000,0.000,1,0,0,1,2,0,1,1,0.5,0.0,0.0,1.0,0.6666666666666666,0.33333333333333337
"G[0,0]((bmi <= 33.125 -> UnitsInsBasalOrLongAct <= 39.877) -> BldPrSys <= 32.732)
",-32.732,-32.732,0.000,1.000,0.000,1,0,0,1,2,0,1,1,0.5,0.0,0.0,1.0,0.6666666666666666,0.33333333333333337
"G[1,1](((bmiZscore <= 1.240 & bmiPerc <= 0.000) | HeightCm <= 0.000) -> Pt_A1cGoalLev >= 0.000)
",0.000,0.000,0.000,1.000,0.000,1,0,1,0,1,1,2,0,1.0,0.0,1.0,0.5,0.6666666666666666,0.33333333333333337
"G[0,1](diagAgeCombo >= 3.689 -> Triglyc <= 146.236)
",9999999.000,9999999.000,0.000,1.000,0.000,1,0,1,0,1,1,2,0,1.0,0.0,1.0,0.5,0.6666666666666666,0.33333333333333337
"G[0,0](BldPrSys >= 120.106 | HeightCm >= 47.503)
",-47.503,-47.503,0.000,1.000,0.000,1,0,0,1,2,0,1,1,0.5,0.0,0.0,1.0,0.6666666666666666,0.33333333333333337
"G[0,1](((LDL >= 39.615 -> bmiZscore <= 1.068) -> Triglyc >= 0.700) | SMBGperDayPtMeterCombo <= 1.051)
",9999999.000,9999999.000,0.000,1.000,0.000,1,0,1,0,1,1,2,0,1.0,0.0,1.0,0.5,0.6666666666666666,0.33333333333333337
"G[1,1](Pt_InsGov >= 0.000 & Pt_ChildT1D <= 0.000)
",0.000,0.000,0.000,1.000,0.000,1,0,1,0,1,1,2,0,1.0,0.0,1.0,0.5,0.6666666666666666,0.33333333333333337
"G[0,1](((UnitsInsBasalOrLongAct >= 1.650 -> BGTestAvgNumMeter <= 3.103) -> Pt_GrandchildT1D <= 3.209) & Pt_CGMUseNumDays <= 2.495)
",9999999.000,9999999.000,0.000,1.000,0.000,1,0,1,0,1,1,2,0,1.0,0.0,1.0,0.5,0.6666666666666666,0.33333333333333337
"G[1,1]((HeightCm <= 167.262 & BldPrSys >= 118.673) | Pt_SiblingT1D <= 122.758)
",122.758,122.758,0.000,1.000,0.000,1,0,1,0,1,1,2,0,1.0,0.0,1.0,0.5,0.6666666666666666,0.33333333333333337
"G[0,1]((TotChol <= 130.884 | TSH >= 1.222) -> BldPrSys >= 1.123)
",9999999.000,9999999.000,0.000,1.000,0.000,1,0,1,0,1,1,2,0,1.0,0.0,1.0,0.5,0.6666666666666666,0.33333333333333337
"G[1,1](((AutonomicNeuroCl >= 0.000 | BGTestAvgNumPtRep <= 3.864) | AlbCreatRat_mggNew <= 3.651) | AutonomicNeuroCl <= 3.521)
",3.864,3.864,0.000,1.000,0.000,1,0,1,0,1,1,2,0,1.0,0.0,1.0,0.5,0.6666666666666666,0.33333333333333337
"G[0,1](((HbA1c <= 7.837 -> TotChol <= 131.980) | TSH >= 110.570) -> diabDur <= 127.242)
",9999999.000,9999999.000,0.000,1.000,0.000,1,0,1,0,1,1,2,0,1.0,0.0,1.0,0.5,0.6666666666666666,0.33333333333333337
"G[0,1](((Pt_FatherT1D >= 0.000 & AlbCreatRat_mggNew <= 0.000) -> HbA1c >= 0.000) -> HbA1c >= 0.000)
",9999999.000,9999999.000,0.000,1.000,0.000,1,0,1,0,1,1,2,0,1.0,0.0,1.0,0.5,0.6666666666666666,0.33333333333333337
"G[1,1](((Pt_FatherT1D <= 0.000 & AutonomicNeuroCl <= 0.000) | LDL <= 0.000) | Pt_FatherT1D >= 0.000)
",0.000,0.000,0.000,1.000,0.000,1,0,1,0,1,1,2,0,1.0,0.0,1.0,0.5,0.6666666666666666,0.33333333333333337
"G[0,1](((AlbCreatRat_mggNew >= 0.000 -> HeightCm >= 60.391) -> diagAgeCombo >= 90.176) | LDL <= 178.342)
",9999999.000,9999999.000,0.000,1.000,0.000,1,0,1,0,1,1,2,0,1.0,0.0,1.0,0.5,0.6666666666666666,0.33333333333333337
"G[1,1]((HDL >= 41.973 -> DirectLDL >= 0.000) | UnitsInsBasalOrLongAct <= 0.000)
",0.000,0.000,0.000,1.000,0.000,1,0,1,0,1,1,2,0,1.0,0.0,1.0,0.5,0.6666666666666666,0.33333333333333337
"G[0,1](((Pt_MotherT1D >= 0.000 & WeightKg >= 12.926) | NumPumpBolusOrShortAct <= 81.016) | diabDur >= 24.572)
",9999999.000,9999999.000,0.000,1.000,0.000,1,0,1,0,1,1,2,0,1.0,0.0,1.0,0.5,0.6666666666666666,0.33333333333333337
"G[0,0](((TotChol >= 109.958 & HDL >= 42.934) | BUN >= 44.689) & AutonomicNeuroCl <= 47.488)
",39.588,39.588,0.000,1.000,0.000,1,0,0,1,2,0,1,1,0.5,0.0,0.0,1.0,0.6666666666666666,0.33333333333333337
"G[1,1]((NumPumpBolusOrShortAct >= 0.759 & GFR <= 0.000) | Triglyc >= 0.000)
",0.000,0.000,0.000,1.000,0.000,1,0,1,0,1,1,2,0,1.0,0.0,1.0,0.5,0.6666666666666666,0.33333333333333337
"G[0,1](HbA1c <= 7.845 & Pt_FatherT1D <= 0.000)
",9999999.000,9999999.000,0.000,1.000,0.000,1,0,0,1,2,0,1,1,0.5,0.0,0.0,1.0,0.6666666666666666,0.33333333333333337
"G[1,1](((bmiZscore >= 0.823 & UnitsInsBasalOrLongAct <= 28.016) -> DirectLDL <= 32.051) & Pt_DKAFlg <= 33.143)
",-32.051,-32.051,0.000,1.000,0.000,1,0,1,0,1,1,2,0,1.0,0.0,1.0,0.5,0.6666666666666666,0.33333333333333337
"G[0,1](bmiPerc >= 0.000 & Pt_GrandparentT1D <= 0.000)
",9999999.000,9999999.000,0.000,1.000,0.000,1,0,1,0,1,1,2,0,1.0,0.0,1.0,0.5,0.6666666666666666,0.33333333333333337
"G[1,1](((Pt_FatherT1D <= 0.000 & Pt_InsGov >= 0.000) -> HbA1c >= 0.000) & bmi >= 0.000)
",0.000,0.000,0.000,1.000,0.000,1,0,1,0,1,1,2,0,1.0,0.0,1.0,0.5,0.6666666666666666,0.33333333333333337
"G[1,1]((TSH >= 1.249 -> HDL <= 46.821) & AutonomicNeuroCl <= 45.882)
",-46.821,-46.821,0.000,1.000,0.000,1,0,1,0,1,1,2,0,1.0,0.0,1.0,0.5,0.6666666666666666,0.33333333333333337
"G[0,1]((HbA1cImputeDtMnC >= 7.359 | NumPumpBolusOrShortAct <= 3.878) & Pt_A1cGoalLevelDsYr5 <= 3.551)
",9999999.000,9999999.000,0.000,1.000,0.000,1,0,1,0,1,1,2,0,1.0,0.0,1.0,0.5,0.6666666666666666,0.33333333333333337
"G[0,0]((Pt_CGMUseNumDays <= 0.000 -> HbA1cImputeDtMnC <= 17.171) & Pt_A1cGoalLev >= 3.581)
",-17.171,-17.171,0.000,1.000,0.000,1,0,0,1,2,0,1,1,0.5,0.0,0.0,1.0,0.6666666666666666,0.33333333333333337
"G[0,1]((BldPrSys >= 119.908 -> Pt_A1cGoalLev >= 0.255) | Pt_DKAFlg <= 3.295)
",9999999.000,9999999.000,0.000,1.000,0.000,1,0,1,0,1,1,2,0,1.0,0.0,1.0,0.5,0.6666666666666666,0.33333333333333337
"G[0,1](HbA1c <= 7.686 | SMBGperDayPtMeterCombo >= 2.859)
",9999999.000,9999999.000,0.000,1.000,0.000,1,0,1,0,1,1,2,0,1.0,0.0,1.0,0.5,0.6666666666666666,0.33333333333333337
"G[1,1](bmiPerc >= 0.000 | Pt_ChildT1D <= 0.000)
",0.000,0.000,0.000,1.000,0.000,1,0,1,0,1,1,2,0,1.0,0.0,1.0,0.5,0.6666666666666666,0.33333333333333337
"G[0,0](bmi >= 14.875 & Triglyc <= 151.746)
",-14.875,-14.875,0.000,1.000,0.000,1,0,0,1,2,0,1,1,0.5,0.0,0.0,1.0,0.6666666666666666,0.33333333333333337
"G[0,1]((Pt_CGMUseNumDays <= 0.000 | GFR <= 0.000) & HeightCm >= 0.000)
",9999999.000,9999999.000,0.000,1.000,0.000,1,0,1,0,1,1,2,0,1.0,0.0,1.0,0.5,0.6666666666666666,0.33333333333333337
"G[0,1](Triglyc <= 153.780 -> Pt_SHFlg = 0.000)
",9999999.000,9999999.000,0.000,1.000,0.000,1,0,1,0,1,1,2,0,1.0,0.0,1.0,0.5,0.6666666666666666,0.33333333333333337
"G[0,1]((BGTestAvgNumMeter >= 0.026 & bmi <= 30.917) -> diagAgeCombo >= 3.523)
",9999999.000,9999999.000,0.000,1.000,0.000,1,0,0,1,2,0,1,1,0.5,0.0,0.0,1.0,0.6666666666666666,0.33333333333333337
"G[0,1](((LDL >= 34.390 & WeightKg >= 11.623) | Pt_SHFlg <= 121.411) | BGTestAvgNumPtRep >= 55.744)
",9999999.000,9999999.000,0.000,1.000,0.000,1,0,1,0,1,1,2,0,1.0,0.0,1.0,0.5,0.6666666666666666,0.33333333333333337
"G[0,1](Pt_A1cGoalLevelDsYr5 >= 0.000 | bmiPerc >= 0.000)
",9999999.000,9999999.000,0.000,1.000,0.000,1,0,1,0,1,1,2,0,1.0,0.0,1.0,0.5,0.6666666666666666,0.33333333333333337
"G[0,1]((WeightKg >= 77.130 | bmi >= 6.363) -> UnitsInsBasalOrLongAct <= 33.104)
",9999999.000,9999999.000,0.000,1.000,0.000,1,0,1,0,1,1,2,0,1.0,0.0,1.0,0.5,0.6666666666666666,0.33333333333333337
"G[1,1](HeightCm >= 22.447 | BUN <= 17.361)
",17.361,17.361,0.000,1.000,0.000,1,0,1,0,1,1,2,0,1.0,0.0,1.0,0.5,0.6666666666666666,0.33333333333333337
"G[1,1](GFR >= 0.000 & Pt_SHFlg = 0.000)
",0.000,0.000,0.000,1.000,0.000,1,0,1,0,1,1,2,0,1.0,0.0,1.0,0.5,0.6666666666666666,0.33333333333333337
"G[0,0](SMBGperDayPtMeterCombo >= 2.380 & BGTestAvgNumPtRep >= 2.237)
",1.763,1.763,0.000,1.000,0.000,1,0,0,1,2,0,1,1,0.5,0.0,0.0,1.0,0.6666666666666666,0.33333333333333337
"G[1,1](LDL <= 51.390 -> Pt_SHFlg = 0.000)
",-51.390,-51.390,0.000,1.000,0.000,1,0,1,0,1,1,2,0,1.0,0.0,1.0,0.5,0.6666666666666666,0.33333333333333337
"G[0,1](Pt_SHFlg >= 0.000 | BldPrDia <= 75.225)
",9999999.000,9999999.000,0.000,1.000,0.000,1,0,1,0,1,1,2,0,1.0,0.0,1.0,0.5,0.6666666666666666,0.33333333333333337
"G[1,1]((HDL >= 43.477 & Pt_InsGov <= 0.000) & GFR >= 0.000)
",-43.477,-43.477,0.000,1.000,0.000,1,0,1,0,1,1,2,0,1.0,0.0,1.0,0.5,0.6666666666666666,0.33333333333333337
"G[0,1](((HbA1c >= 7.350 | Pt_ChildT1D >= 0.000) & Pt_ChildT1D <= 0.000) | bmi <= 0.000)
",9999999.000,9999999.000,0.000,1.000,0.000,1,0,1,0,1,1,2,0,1.0,0.0,1.0,0.5,0.6666666666666666,0.33333333333333337
"G[0,1]((bmi <= 29.032 | WeightKg <= 82.589) -> TSH >= 17.186)
",9999999.000,9999999.000,0.000,1.000,0.000,1,0,0,1,2,0,1,1,0.5,0.0,0.0,1.0,0.6666666666666666,0.33333333333333337
"G[0,1](((LDL >= 43.436 & UnitsInsBasalOrLongAct >= 22.462) -> TotalDailyInsPerKg >= 10.875) | UnitsInsBasalOrLongAct <= 34.069)
",9999999.000,9999999.000,0.000,1.000,0.000,1,0,0,1,2,0,1,1,0.5,0.0,0.0,1.0,0.6666666666666666,0.33333333333333337
"G[1,1](((DirectLDL >= 0.000 & HDL <= 46.956) -> bmiPerc <= 46.601) & DirectLDL <= 45.256)
",-46.601,-46.601,0.000,1.000,0.000,1,0,1,0,1,1,2,0,1.0,0.0,1.0,0.5,0.6666666666666666,0.33333333333333337
"G[1,1]((HDL >= 42.897 | diabDur >= 7.823) & Pt_GrandparentT1D <= 8.304)
",-7.823,-7.823,0.000,1.000,0.000,1,0,1,0,1,1,2,0,1.0,0.0,1.0,0.5,0.6666666666666666,0.33333333333333337
"G[0,1]((UnitsInsBasalOrLongAct <= 33.866 | HeightCm <= 166.741) | HbA1cImputeDtMnC <= 128.750)
",9999999.000,9999999.000,0.000,1.000,0.000,1,0,1,0,1,1,2,0,1.0,0.0,1.0,0.5,0.6666666666666666,0.33333333333333337
"G[0,1](((HbA1cImputeDtMnC <= 13.889 | Pt_SiblingT1D <= 0.000) -> Pt_SHFlg >= 0.000) | UnitsInsBasalOrLongAct <= 0.000)
",9999999.000,9999999.000,0.000,1.000,0.000,1,0,1,0,1,1,2,0,1.0,0.0,1.0,0.5,0.6666666666666666,0.33333333333333337
"G[1,2](Pt_ChildT1D >= 0.000 | BldPrDia >= 73.394)
",9999999.000,9999999.000,0.000,1.000,0.000,0,0,2,0,0,2,2,0,0.0,0.0,1.0,0.0,0.0,1.0
"G[1,2]((Pt_ChildT1D <= 0.000 & Pt_GrandchildT1D <= 0.000) -> age >= 0.000)
",9999999.000,9999999.000,0.000,1.000,0.000,0,0,2,0,0,2,2,0,0.0,0.0,1.0,0.0,0.0,1.0
"G[1,2](((BGTestAvgNumPtRep >= 2.029 & NumPumpBolusOrShortAct <= 2.929) & HbA1c >= 0.160) & BGTestAvgNumPtRep >= 0.973)
",9999999.000,9999999.000,0.000,1.000,0.000,0,0,1,1,1,1,1,1,0.0,0.0,1.0,0.0,0.0,1.0
"G[1,2](((age >= 23.955 -> DirectLDL <= 0.000) -> bmiPerc <= 0.000) | age <= 0.000)
",9999999.000,9999999.000,0.000,1.000,0.000,0,0,2,0,0,2,2,0,0.0,0.0,1.0,0.0,0.0,1.0
"G[0,1](((HbA1c <= 7.843 & Pt_MotherT1D >= 0.000) & Pt_DKAFlg >= 0.000) & bmi <= 0.000)
",9999999.000,9999999.000,0.000,1.000,0.000,0,0,0,2,2,0,0,2,0.0,0.0,0.0,0.0,0.0,1.0
"G[1,2]((GFR <= 0.000 & GFR <= 0.000) -> TotalDailyInsPerKg <= 0.000)
",9999999.000,9999999.000,0.000,1.000,0.000,0,0,1,1,1,1,1,1,0.0,0.0,1.0,0.0,0.0,1.0
"G[0,2]((Pt_CGMUseNumDays <= 0.000 -> bmiPerc <= 0.000) | BldPrSys <= 0.000)
",9999999.000,9999999.000,0.000,1.000,0.000,0,0,2,0,0,2,2,0,0.0,0.0,1.0,0.0,0.0,1.0
"G[0,1](((Pt_GrandparentT1D >= 0.000 -> bmi <= 29.289) | NumPumpBolusOrShortAct >= 2.278) -> bmi <= 32.993)
",9999999.000,9999999.000,0.000,1.000,0.000,0,0,1,1,1,1,1,1,0.0,0.0,1.0,0.0,0.0,1.0
"G[2,2](((BUN <= 17.939 | Pt_ChildT1D <= 0.000) | HDL >= 0.000) | Pt_GrandchildT1D <= 0.000)
",17.939,17.939,0.000,1.000,0.000,0,0,2,0,0,2,2,0,0.0,0.0,1.0,0.0,0.0,1.0
"G[2,2]((diabDur <= 8.289 -> DirectLDL >= 0.000) | Triglyc <= 0.000)
",0.000,0.000,0.000,1.000,0.000,0,0,2,0,0,2,2,0,0.0,0.0,1.0,0.0,0.0,1.0
"G[1,2](((Pt_CGMUseNumDays <= 0.000 -> bmiZscore >= 0.337) | HbA1c <= 1.195) & Pt_A1cGoalLevelDsYr5 <= 1.144)
",9999999.000,9999999.000,0.000,1.000,0.000,0,0,2,0,0,2,2,0,0.0,0.0,1.0,0.0,0.0,1.0
"G[0,2](((Pt_A1cGoalLev >= 1.611 -> BUN <= 14.581) | LDL <= 18.987) | HDL <= 14.530)
",9999999.000,9999999.000,0.000,1.000,0.000,0,0,1,1,1,1,1,1,0.0,0.0,1.0,0.0,0.0,1.0
"G[1,1](((bmiPerc <= 0.000 | bmiZscore >= 0.687) -> BGTestAvgNumMeter <= 0.999) -> HeightCm <= 0.959)
",-0.959,-0.959,0.000,1.000,0.000,0,0,1,1,1,1,1,1,0.0,0.0,1.0,0.0,0.0,1.0
"G[0,2]((bmiPerc <= 0.000 | Pt_CGMUseNumDays <= 0.000) & diabDur >= 0.000)
",9999999.000,9999999.000,0.000,1.000,0.000,0,0,2,0,0,2,2,0,0.0,0.0,1.0,0.0,0.0,1.0
"G[1,2](HbA1c >= 7.275 -> Pt_DKAFlg <= 0.000)
",9999999.000,9999999.000,0.000,1.000,0.000,0,0,2,0,0,2,2,0,0.0,0.0,1.0,0.0,0.0,1.0
"G[1,2](((age >= 23.366 & HDL <= 47.340) | NumPumpBolusOrShortAct >= 42.644) | HeightCm >= 43.077)
",9999999.000,9999999.000,0.000,1.000,0.000,0,0,2,0,0,2,2,0,0.0,0.0,1.0,0.0,0.0,1.0
"G[0,1]((BldPrSys >= 120.340 -> UnitsInsBasalOrLongAct >= 21.609) -> Triglyc <= 24.410)
",9999999.000,9999999.000,0.000,1.000,0.000,0,0,0,2,2,0,0,2,0.0,0.0,0.0,0.0,0.0,1.0
"G[1,1]((Pt_ChildT1D >= 0.000 & diagAgeCombo >= 0.992) | Pt_SiblingT1D >= 1.766)
",-0.992,-0.992,0.000,1.000,0.000,0,0,1,1,1,1,1,1,0.0,0.0,1.0,0.0,0.0,1.0
"G[2,2]((bmiZscore <= 1.330 | Pt_InsGov <= 0.000) & Triglyc <= 0.000)
",0.000,0.000,0.000,1.000,0.000,0,0,2,0,0,2,2,0,0.0,0.0,1.0,0.0,0.0,1.0
"G[2,2]((HeightCm >= 100.055 -> diabDur <= 8.492) & diabDur >= 7.744)
",-8.492,-8.492,0.000,1.000,0.000,0,0,2,0,0,2,2,0,0.0,0.0,1.0,0.0,0.0,1.0
"G[1,2](Pt_GrandparentT1D >= 0.000 -> Pt_FatherT1D <= 0.000)
",9999999.000,9999999.000,0.000,1.000,0.000,0,0,2,0,0,2,2,0,0.0,0.0,1.0,0.0,0.0,1.0
"G[2,2](bmi <= 28.073 -> diabDur <= 8.996)
",-28.073,-28.073,0.000,1.000,0.000,0,0,2,0,0,2,2,0,0.0,0.0,1.0,0.0,0.0,1.0
"G[1,2](HbA1c >= 7.323 | Triglyc <= 152.765)
",9999999.000,9999999.000,0.000,1.000,0.000,0,0,1,1,1,1,1,1,0.0,0.0,1.0,0.0,0.0,1.0
"G[0,2]((LDL <= 54.049 -> Pt_FatherT1D <= 0.000) | HDL >= 0.000)
",9999999.000,9999999.000,0.000,1.000,0.000,0,0,2,0,0,2,2,0,0.0,0.0,1.0,0.0,0.0,1.0
"G[1,2](((BUN <= 18.636 | bmi <= 27.885) & SMBGperDayPtMeterCombo <= 24.578) -> NumPumpBolusOrShortAct >= 4.703)
",9999999.000,9999999.000,0.000,1.000,0.000,0,0,1,1,1,1,1,1,0.0,0.0,1.0,0.0,0.0,1.0
"G[0,0](((SMBGperDayPtMeterCombo >= 2.855 & Pt_MotherT1D >= 0.000) -> GFR <= 0.000) & SMBGperDayPtMeterCombo <= 0.000)
",-70.000,-70.000,0.000,1.000,0.000,0,0,0,2,2,0,0,2,0.0,0.0,0.0,0.0,0.0,1.0
"G[1,1]((NumPumpBolusOrShortAct >= 1.333 | SMBGperDayPtMeterCombo >= 2.921) & bmiPerc >= 3.059)
",-3.059,-3.059,0.000,1.000,0.000,0,0,1,1,1,1,1,1,0.0,0.0,1.0,0.0,0.0,1.0
"G[1,2]((bmi >= 1.621 | Pt_FatherT1D >= 0.000) -> GFR <= 0.000)
",9999999.000,9999999.000,0.000,1.000,0.000,0,0,2,0,0,2,2,0,0.0,0.0,1.0,0.0,0.0,1.0
"G[0,0]((TSH <= 1.404 -> diagAgeCombo <= 7.706) & TSH >= 4.844)
",-7.706,-7.706,0.000,1.000,0.000,0,0,0,2,2,0,0,2,0.0,0.0,0.0,0.0,0.0,1.0
"G[0,2](Pt_GrandchildT1D >= 0.000 -> BldPrSys >= 118.896)
",9999999.000,9999999.000,0.000,1.000,0.000,0,0,1,1,1,1,1,1,0.0,0.0,1.0,0.0,0.0,1.0
"G[1,2](HDL <= 45.544 & bmi <= 31.431)
",9999999.000,9999999.000,0.000,1.000,0.000,0,0,1,1,1,1,1,1,0.0,0.0,1.0,0.0,0.0,1.0
"G[1,2]((NumPumpBolusOrShortAct >= 0.410 -> BUN >= 8.628) & BGTestAvgNumMeter >= 10.648)
",9999999.000,9999999.000,0.000,1.000,0.000,0,0,1,1,1,1,1,1,0.0,0.0,1.0,0.0,0.0,1.0
"G[0,1](((HbA1cImputeDtMnC >= 2.028 & Pt_ChildT1D >= 0.000) | UnitsInsBasalOrLongAct >= 0.000) & bmi <= 0.000)
",9999999.000,9999999.000,0.000,1.000,0.000,0,0,1,1,1,1,1,1,0.0,0.0,1.0,0.0,0.0,1.0
"G[1,2](BGTestAvgNumMeter >= 1.188 & LDL >= 42.550)
",9999999.000,9999999.000,0.000,1.000,0.000,0,0,1,1,1,1,1,1,0.0,0.0,1.0,0.0,0.0,1.0
"G[2,2](((age <= 24.547 | diabDur >= 7.661) & LDL >= 7.253) -> AutonomicNeuroCl >= 7.431)
",7.253,7.253,0.000,1.000,0.000,0,0,2,0,0,2,2,0,0.0,0.0,1.0,0.0,0.0,1.0
"G[1,2](((AutonomicNeuroCl <= 0.000 -> bmiPerc <= 0.000) & Pt_SiblingT1D <= 0.000) | LDL <= 0.000)
",9999999.000,9999999.000,0.000,1.000,0.000,0,0,2,0,0,2,2,0,0.0,0.0,1.0,0.0,0.0,1.0
"G[0,2](Pt_FatherT1D <= 0.000 | HbA1cImputeDtMnC >= 7.768)
",9999999.000,9999999.000,0.000,1.000,0.000,0,0,2,0,0,2,2,0,0.0,0.0,1.0,0.0,0.0,1.0
"G[1,1](((BGTestAvgNumMeter <= 2.696 -> Pt_A1cGoalLev <= 5.498) | Pt_A1cGoalLev >= 0.669) & Pt_CGMUseNumDays >= 0.461)
",-0.669,-0.669,0.000,1.000,0.000,0,0,1,1,1,1,1,1,0.0,0.0,1.0,0.0,0.0,1.0
"G[0,2](TotalDailyInsPerKg >= 0.488 -> Pt_FatherT1D <= 0.000)
",9999999.000,9999999.000,0.000,1.000,0.000,0,0,2,0,0,2,2,0,0.0,0.0,1.0,0.0,0.0,1.0
"G[0,1](Triglyc <= 150.348 & Pt_DKAFlg <= 0.000)
",9999999.000,9999999.000,0.000,1.000,0.000,0,0,1,1,1,1,1,1,0.0,0.0,1.0,0.0,0.0,1.0
"G[1,2](((Pt_FatherT1D >= 0.000 -> Pt_ChildT1D <= 0.000) | BGTestAvgNumPtRep <= 0.000) -> TotalDailyInsPerKg >= 0.000)
",9999999.000,9999999.000,0.000,1.000,0.000,0,0,2,0,0,2,2,0,0.0,0.0,1.0,0.0,0.0,1.0
"G[2,2](((HbA1c <= 7.860 -> BldPrSys <= 120.780) | Pt_MotherT1D >= 118.122) | NumPumpBolusOrShortAct <= 123.897)
",123.897,123.897,0.000,1.000,0.000,0,0,2,0,0,2,2,0,0.0,0.0,1.0,0.0,0.0,1.0
"G[1,2](((diagAgeCombo >= 3.548 & Pt_ChildT1D >= 0.000) & Pt_InsGov <= 0.000) & WeightKg >= 0.000)
",9999999.000,9999999.000,0.000,1.000,0.000,0,0,1,1,1,1,1,1,0.0,0.0,1.0,0.0,0.0,1.0
"G[1,2](((bmi <= 24.681 -> Pt_A1cGoalLev <= 5.848) -> diabDur <= 5.772) | Pt_SHFlg <= 3.771)
",9999999.000,9999999.000,0.000,1.000,0.000,0,0,2,0,0,2,2,0,0.0,0.0,1.0,0.0,0.0,1.0
"G[0,1](Pt_GrandchildT1D <= 0.000 -> BGTestAvgNumMeter >= 1.104)
",9999999.000,9999999.000,0.000,1.000,0.000,0,0,1,1,1,1,1,1,0.0,0.0,1.0,0.0,0.0,1.0
"G[1,2](BldPrSys >= 120.643 -> BGTestAvgNumMeter <= 1.468)
",9999999.000,9999999.000,0.000,1.000,0.000,0,0,2,0,0,2,2,0,0.0,0.0,1.0,0.0,0.0,1.0
"G[1,2](Pt_CGMUseNumDays <= 0.000 & AlbCreatRat_mggNew <= 0.000)
",9999999.000,9999999.000,0.000,1.000,0.000,0,0,2,0,0,2,2,0,0.0,0.0,1.0,0.0,0.0,1.0
"G[0,2](DirectLDL >= 0.000 -> TotChol >= 112.540)
",9999999.000,9999999.000,0.000,1.000,0.000,0,0,1,1,1,1,1,1,0.0,0.0,1.0,0.0,0.0,1.0
"G[2,2](GFR >= 0.000 & SMBGperDayPtMeterCombo <= 3.377)
",0.000,0.000,0.000,1.000,0.000,0,0,2,0,0,2,2,0,0.0,0.0,1.0,0.0,0.0,1.0
"G[0,1](((BGTestAvgNumPtRep >= 3.066 -> BGTestAvgNumMeter <= 3.918) -> Pt_A1cGoalLevelDsYr5 >= 0.095) & AlbCreatRat_mggNew <= 3.147)
",9999999.000,9999999.000,0.000,1.000,0.000,0,0,1,1,1,1,1,1,0.0,0.0,1.0,0.0,0.0,1.0
"G[1,2](diagAgeCombo <= 12.256 -> Pt_MotherT1D <= 0.000)
",9999999.000,9999999.000,0.000,1.000,0.000,0,0,2,0,0,2,2,0,0.0,0.0,1.0,0.0,0.0,1.0
"G[2,2](HDL >= 44.929 -> diabDur <= 8.593)
",-8.593,-8.593,0.000,1.000,0.000,0,0,2,0,0,2,2,0,0.0,0.0,1.0,0.0,0.0,1.0
"G[1,2](((BGTestAvgNumPtRep >= 2.533 -> BUN <= 17.989) -> WeightKg <= 18.549) -> BGTestAvgNumPtRep >= 11.881)
",9999999.000,9999999.000,0.000,1.000,0.000,0,0,2,0,0,2,2,0,0.0,0.0,1.0,0.0,0.0,1.0
"G[0,1](AlbCreatRat_mggNew >= 0.000 & HbA1cImputeDtMnC >= 9.904)
",9999999.000,9999999.000,0.000,1.000,0.000,0,0,1,1,1,1,1,1,0.0,0.0,1.0,0.0,0.0,1.0
"G[2,2](((SMBGperDayPtMeterCombo <= 3.846 | GFR <= 0.000) | bmiPerc <= 0.000) | diagAgeCombo >= 0.000)
",3.846,3.846,0.000,1.000,0.000,0,0,2,0,0,2,2,0,0.0,0.0,1.0,0.0,0.0,1.0
"G[2,2](SMBGperDayPtMeterCombo <= 3.954 & SMBGperDayPtMeterCombo >= 2.226)
",-2.226,-2.226,0.000,1.000,0.000,0,0,2,0,0,2,2,0,0.0,0.0,1.0,0.0,0.0,1.0
"G[1,2](((bmiPerc <= 0.000 & Pt_DKAFlg <= 0.000) & Pt_GrandchildT1D >= 0.000) -> BGTestAvgNumMeter <= 0.000)
",9999999.000,9999999.000,0.000,1.000,0.000,0,0,2,0,0,2,2,0,0.0,0.0,1.0,0.0,0.0,1.0
"G[0,2]((UnitsInsBasalOrLongAct >= 24.241 & Pt_MotherT1D >= 0.000) & bmiPerc >= 0.000)
",9999999.000,9999999.000,0.000,1.000,0.000,0,0,1,1,1,1,1,1,0.0,0.0,1.0,0.0,0.0,1.0
"G[1,2](((HbA1cImputeDtMnC >= 8.851 | Pt_MotherT1D >= 0.000) -> diagAgeCombo <= 0.000) | diabDur <= 0.000)
",9999999.000,9999999.000,0.000,1.000,0.000,0,0,2,0,0,2,2,0,0.0,0.0,1.0,0.0,0.0,1.0
"G[0,2](((diabDur <= 8.424 | Pt_CGMUseNumDays >= 0.000) -> Triglyc >= 0.000) -> GFR >= 0.000)
",9999999.000,9999999.000,0.000,1.000,0.000,0,0,2,0,0,2,2,0,0.0,0.0,1.0,0.0,0.0,1.0
"G[0,2](((SMBGperDayPtMeterCombo <= 3.684 & UnitsInsBasalOrLongAct >= 13.196) | HbA1c >= 13.469) -> BGTestAvgNumPtRep >= 21.020)
",9999999.000,9999999.000,0.000,1.000,0.000,0,0,2,0,0,2,2,0,0.0,0.0,1.0,0.0,0.0,1.0
"G[0,2](((Pt_A1cGoalLevelDsYr5 <= 0.000 -> Pt_GrandparentT1D <= 0.000) -> SMBGperDayPtMeterCombo >= 0.000) -> Pt_InsGov >= 0.000)
",9999999.000,9999999.000,0.000,1.000,0.000,0,0,2,0,0,2,2,0,0.0,0.0,1.0,0.0,0.0,1.0
"G[0,1](((TSH <= 1.653 | HDL >= 43.837) -> HeightCm >= 42.178) & Pt_SiblingT1D >= 44.881)
",9999999.000,9999999.000,0.000,1.000,0.000,0,0,0,2,2,0,0,2,0.0,0.0,0.0,0.0,0.0,1.0
"G[1,2]((BGTestAvgNumMeter >= 0.962 & diabDur <= 8.664) -> diabDur <= 8.815)
",9999999.000,9999999.000,0.000,1.000,0.000,0,0,2,0,0,2,2,0,0.0,0.0,1.0,0.0,0.0,1.0
"G[0,2](AutonomicNeuroCl <= 0.000 & BGTestAvgNumMeter >= 0.520)
",9999999.000,9999999.000,0.000,1.000,0.000,0,0,1,1,1,1,1,1,0.0,0.0,1.0,0.0,0.0,1.0
"G[1,2](HbA1c <= 7.724 & bmiZscore <= 0.895)
",9999999.000,9999999.000,0.000,1.000,0.000,0,0,1,1,1,1,1,1,0.0,0.0,1.0,0.0,0.0,1.0
"G[0,2](((BGTestAvgNumMeter >= 0.937 & UnitsInsBasalOrLongAct >= 0.655) | Pt_A1cGoalLevelDsYr5 >= 0.727) -> Pt_DKAFlg >= 4.596)
",9999999.000,9999999.000,0.000,1.000,0.000,0,0,1,1,1,1,1,1,0.0,0.0,1.0,0.0,0.0,1.0
"G[1,2]((Pt_A1cGoalLev <= 6.955 | HDL <= 48.289) & Pt_FatherT1D <= 48.424)
",9999999.000,9999999.000,0.000,1.000,0.000,0,0,2,0,0,2,2,0,0.0,0.0,1.0,0.0,0.0,1.0
"G[2,2](((diabDur >= 7.436 -> Pt_ChildT1D >= 0.000) -> Pt_A1cGoalLev <= 0.000) -> bmiPerc <= 0.000)
",0.000,0.000,0.000,1.000,0.000,0,0,2,0,0,2,2,0,0.0,0.0,1.0,0.0,0.0,1.0
"G[0,2]((NumPumpBolusOrShortAct >= 0.782 & BldPrDia <= 75.457) -> bmiPerc >= 72.159)
",9999999.000,9999999.000,0.000,1.000,0.000,0,0,1,1,1,1,1,1,0.0,0.0,1.0,0.0,0.0,1.0
"G[2,2]((TotalDailyInsPerKg <= 0.934 & UnitsInsBasalOrLongAct >= 10.179) & Pt_InsGov <= 41.566)
",-10.179,-10.179,0.000,1.000,0.000,0,0,2,0,0,2,2,0,0.0,0.0,1.0,0.0,0.0,1.0
"G[0,2]((Pt_MotherT1D >= 0.000 | TotalDailyInsPerKg <= 0.793) | WeightKg >= 0.203)
",9999999.000,9999999.000,0.000,1.000,0.000,0,0,2,0,0,2,2,0,0.0,0.0,1.0,0.0,0.0,1.0
"G[0,2]((TotChol <= 125.806 & Pt_DKAFlg >= 0.000) & AlbCreatRat_mggNew <= 0.000)
",9999999.000,9999999.000,0.000,1.000,0.000,0,0,1,1,1,1,1,1,0.0,0.0,1.0,0.0,0.0,1.0
"G[1,2](((HDL >= 41.371 -> BldPrSys >= 118.126) | WeightKg >= 119.107) | age <= 122.777)
",9999999.000,9999999.000,0.000,1.000,0.000,0,0,2,0,0,2,2,0,0.0,0.0,1.0,0.0,0.0,1.0
"G[1,2]((diabDur <= 8.177 -> Pt_CGMUseNumDays >= 0.000) & BldPrSys >= 0.000)
",9999999.000,9999999.000,0.000,1.000,0.000,0,0,2,0,0,2,2,0,0.0,0.0,1.0,0.0,0.0,1.0
"G[1,1]((BUN >= 12.763 -> age <= 24.264) & TSH >= 23.986)
",-24.264,-24.264,0.000,1.000,0.000,0,0,1,1,1,1,1,1,0.0,0.0,1.0,0.0,0.0,1.0
"G[1,2](HeightCm <= 182.163 | AutonomicNeuroCl <= 0.000)
",9999999.000,9999999.000,0.000,1.000,0.000,0,0,2,0,0,2,2,0,0.0,0.0,1.0,0.0,0.0,1.0
"G[0,2](((SMBGperDayPtMeterCombo <= 3.623 & BGTestAvgNumPtRep >= 2.085) -> Pt_GrandparentT1D <= 3.585) -> Pt_GrandchildT1D <= 3.808)
",9999999.000,9999999.000,0.000,1.000,0.000,0,0,2,0,0,2,2,0,0.0,0.0,1.0,0.0,0.0,1.0
"G[0,1](Pt_FatherT1D >= 0.000 -> BGTestAvgNumPtRep >= 2.460)
",9999999.000,9999999.000,0.000,1.000,0.000,0,0,1,1,1,1,1,1,0.0,0.0,1.0,0.0,0.0,1.0
"G[0,2](((Pt_DKAFlg <= 0.000 | Pt_FatherT1D <= 0.000) | TSH <= 0.000) | LDL <= 0.000)
",9999999.000,9999999.000,0.000,1.000,0.000,0,0,2,0,0,2,2,0,0.0,0.0,1.0,0.0,0.0,1.0
"G[1,2](((TSH <= 1.426 -> TSH <= 1.363) | UnitsInsBasalOrLongAct >= 1.117) -> Pt_SHFlg >= 1.266)
",9999999.000,9999999.000,0.000,1.000,0.000,0,0,1,1,1,1,1,1,0.0,0.0,1.0,0.0,0.0,1.0
"G[1,2](((BGTestAvgNumMeter <= 3.098 & Pt_FatherT1D >= 0.000) -> UnitsInsBasalOrLongAct <= 0.000) -> Triglyc <= 0.000)
",9999999.000,9999999.000,0.000,1.000,0.000,0,0,2,0,0,2,2,0,0.0,0.0,1.0,0.0,0.0,1.0
"G[1,1]((BGTestAvgNumPtRep <= 3.661 -> HeightCm <= 180.283) -> diabDur >= 86.410)
",86.410,86.410,0.000,1.000,0.000,0,0,1,1,1,1,1,1,0.0,0.0,1.0,0.0,0.0,1.0
"G[2,2]((BGTestAvgNumMeter <= 2.846 -> Pt_ChildT1D >= 0.000) & HbA1c <= 0.000)
",-2.846,-2.846,0.000,1.000,0.000,0,0,2,0,0,2,2,0,0.0,0.0,1.0,0.0,0.0,1.0
"G[2,2]((Pt_GrandchildT1D >= 0.000 & Pt_DKAFlg <= 0.000) | NumPumpBolusOrShortAct >= 0.000)
",0.000,0.000,0.000,1.000,0.000,0,0,2,0,0,2,2,0,0.0,0.0,1.0,0.0,0.0,1.0
"G[2,2](((BGTestAvgNumPtRep >= 2.899 | Pt_GrandparentT1D >= 0.000) & HDL >= 0.000) & bmiPerc <= 0.000)
",0.000,0.000,0.000,1.000,0.000,0,0,2,0,0,2,2,0,0.0,0.0,1.0,0.0,0.0,1.0
"G[2,2](SMBGperDayPtMeterCombo >= 2.453 & BGTestAvgNumPtRep >= 2.393)
",-2.453,-2.453,0.000,1.000,0.000,0,0,2,0,0,2,2,0,0.0,0.0,1.0,0.0,0.0,1.0
"G[1,2](((bmi >= 0.597 | AlbCreatRat_mggNew >= 0.000) | age <= 0.000) -> Pt_CGMUseNumDays >= 0.000)
",9999999.000,9999999.000,0.000,1.000,0.000,0,0,2,0,0,2,2,0,0.0,0.0,1.0,0.0,0.0,1.0
"G[2,2](bmi >= 16.559 | HbA1c <= 7.673)
",7.673,7.673,0.000,1.000,0.000,0,0,2,0,0,2,2,0,0.0,0.0,1.0,0.0,0.0,1.0
"G[2,2](GFR > 0.000 & Pt_SHFlg = 0.000)
",0.000,0.000,0.000,1.000,0.000,0,0,2,0,0,2,2,0,0.0,0.0,1.0,0.0,0.0,1.0
"G[0,2](SMBGperDayPtMeterCombo < 3.912 -> Pt_SHFlg = 0.000)
",9999999.000,9999999.000,0.000,1.000,0.000,0,0,2,0,0,2,2,0,0.0,0.0,1.0,0.0,0.0,1.0
"G[1,2](((bmi >= 5.178 | WeightKg <= 111.488) | bmi <= 120.453) | SMBGperDayPtMeterCombo >= 67.825)
",9999999.000,9999999.000,0.000,1.000,0.000,0,0,2,0,0,2,2,0,0.0,0.0,1.0,0.0,0.0,1.0
"G[0,2](((diabDur >= 7.396 -> HbA1cImputeDtMnC <= 15.089) -> bmi >= 7.555) & NumPumpBolusOrShortAct <= 17.010)
",9999999.000,9999999.000,0.000,1.000,0.000,0,0,2,0,0,2,2,0,0.0,0.0,1.0,0.0,0.0,1.0
"G[0,2](BGTestAvgNumMeter <= 3.744 -> WeightKg <= 91.707)
",9999999.000,9999999.000,0.000,1.000,0.000,0,0,1,1,1,1,1,1,0.0,0.0,1.0,0.0,0.0,1.0
"G[0,2](((bmi >= 5.220 -> HeightCm >= 7.096) -> WeightKg >= 114.876) -> BGTestAvgNumMeter <= 148.500)
",9999999.000,9999999.000,0.000,1.000,0.000,0,0,2,0,0,2,2,0,0.0,0.0,1.0,0.0,0.0,1.0
"G[1,1]((bmi >= 21.830 & TotalDailyInsPerKg <= 0.867) & age <= 0.846)
",-21.830,-21.830,0.000,1.000,0.000,0,0,1,1,1,1,1,1,0.0,0.0,1.0,0.0,0.0,1.0
"G[1,2](((LDL <= 52.891 & NumPumpBolusOrShortAct <= 3.426) | age >= 1.242) & HbA1c >= 1.277)
",9999999.000,9999999.000,0.000,1.000,0.000,0,0,2,0,0,2,2,0,0.0,0.0,1.0,0.0,0.0,1.0
"G[0,2](((bmiZscore >= 0.261 | TotalDailyInsPerKg >= 0.332) | BldPrSys <= 0.753) & bmiPerc >= 0.153)
",9999999.000,9999999.000,0.000,1.000,0.000,0,0,0,2,2,0,0,2,0.0,0.0,0.0,0.0,0.0,1.0
"G[1,2](((BldPrDia <= 76.244 -> Pt_A1cGoalLev >= 0.809) & DirectLDL <= 3.562) -> Pt_CGMUseNumDays >= 1.983)
",9999999.000,9999999.000,0.000,1.000,0.000,0,0,2,0,0,2,2,0,0.0,0.0,1.0,0.0,0.0,1.0
"G[1,2](((BUN <= 19.030 & LDL >= 46.236) & LDL <= 56.543) & NumPumpBolusOrShortAct >= 44.965)
",9999999.000,9999999.000,0.000,1.000,0.000,0,0,1,1,1,1,1,1,0.0,0.0,1.0,0.0,0.0,1.0
"G[0,1](LDL >= 38.536 | Triglyc <= 157.147)
",9999999.000,9999999.000,0.000,1.000,0.000,0,0,1,1,1,1,1,1,0.0,0.0,1.0,0.0,0.0,1.0
"G[0,2](BUN <= 15.190 | TotChol <= 124.380)
",9999999.000,9999999.000,0.000,1.000,0.000,0,0,0,2,2,0,0,2,0.0,0.0,0.0,0.0,0.0,1.0
"G[1,2](((BGTestAvgNumMeter <= 2.437 | bmiZscore >= 0.086) & SMBGperDayPtMeterCombo <= 1.351) & BldPrDia >= 0.611)
",9999999.000,9999999.000,0.000,1.000,0.000,0,0,1,1,1,1,1,1,0.0,0.0,1.0,0.0,0.0,1.0
"G[0,0](((SMBGperDayPtMeterCombo >= 2.410 & UnitsInsBasalOrLongAct >= 1.262) -> Pt_MotherT1D <= 27.215) & DirectLDL >= 16.300)
",-27.215,-27.215,0.000,1.000,0.000,0,0,0,2,2,0,0,2,0.0,0.0,0.0,0.0,0.0,1.0
"G[0,1](HbA1cImputeDtMnC <= 12.306 -> UnitsInsBasalOrLongAct >= 18.729)
",9999999.000,9999999.000,0.000,1.000,0.000,0,0,1,1,1,1,1,1,0.0,0.0,1.0,0.0,0.0,1.0
"G[2,2](HbA1c <= 7.785 & LDL >= 40.970)
",-40.970,-40.970,0.000,1.000,0.000,0,0,2,0,0,2,2,0,0.0,0.0,1.0,0.0,0.0,1.0
"G[1,1](((BldPrSys >= 118.213 -> TSH >= 1.102) & BldPrDia <= 1.336) & bmi >= 1.051)
",-1.051,-1.051,0.000,1.000,0.000,0,0,1,1,1,1,1,1,0.0,0.0,1.0,0.0,0.0,1.0
"G[0,2](((BUN >= 3.677 | Triglyc <= 141.340) & bmiZscore <= 153.573) & Pt_SiblingT1D >= 129.421)
",9999999.000,9999999.000,0.000,1.000,0.000,0,0,0,2,2,0,0,2,0.0,0.0,0.0,0.0,0.0,1.0
"G[1,2]((HbA1c <= 7.592 -> NumPumpBolusOrShortAct >= 0.629) | Pt_GrandchildT1D <= 3.212)
",9999999.000,9999999.000,0.000,1.000,0.000,0,0,2,0,0,2,2,0,0.0,0.0,1.0,0.0,0.0,1.0
"G[2,2](((BldPrSys <= 122.340 & TotChol >= 119.572) & TSH <= 131.691) & Pt_CGMUseNumDays <= 131.504)
",-119.572,-119.572,0.000,1.000,0.000,0,0,2,0,0,2,2,0,0.0,0.0,1.0,0.0,0.0,1.0
"G[2,2](bmiZscore >= 0.556 -> HbA1c <= 7.552)
",-7.552,-7.552,0.000,1.000,0.000,0,0,2,0,0,2,2,0,0.0,0.0,1.0,0.0,0.0,1.0
"G[0,2]((BldPrDia <= 77.520 -> BldPrSys >= 118.958) | Pt_MotherT1D >= 119.448)
",9999999.000,9999999.000,0.000,1.000,0.000,0,0,1,1,1,1,1,1,0.0,0.0,1.0,0.0,0.0,1.0
"G[1,2]((BGTestAvgNumPtRep >= 2.857 | diabDur >= 7.287) | Pt_MotherT1D >= 7.552)
",9999999.000,9999999.000,0.000,1.000,0.000,0,0,2,0,0,2,2,0,0.0,0.0,1.0,0.0,0.0,1.0
"G[1,2](BGTestAvgNumMeter >= 0.427 & HDL <= 47.476)
",9999999.000,9999999.000,0.000,1.000,0.000,0,0,1,1,1,1,1,1,0.0,0.0,1.0,0.0,0.0,1.0
"G[0,2]((TotChol >= 116.243 | Triglyc >= 135.285) -> DirectLDL >= 136.743)
",9999999.000,9999999.000,0.000,1.000,0.000,0,0,0,2,2,0,0,2,0.0,0.0,0.0,0.0,0.0,1.0
"G[0,1]((bmiZscore <= 0.989 & Triglyc <= 140.760) & Pt_A1cGoalLev <= 149.660)
",9999999.000,9999999.000,0.000,1.000,0.000,0,0,1,1,1,1,1,1,0.0,0.0,1.0,0.0,0.0,1.0
"G[0,2](BldPrSys <= 120.724 -> Pt_SHFlg = 0.000)
",9999999.000,9999999.000,0.000,1.000,0.000,0,0,2,0,0,2,2,0,0.0,0.0,1.0,0.0,0.0,1.0
"G[0,2](diabDur < 8.253 & Pt_SHFlg = 0.000)
",9999999.000,9999999.000,0.000,1.000,0.000,0,0,1,1,1,1,1,1,0.0,0.0,1.0,0.0,0.0,1.0
"G[0,2](WeightKg <= 113.870 & Pt_SHFlg = 0.000)
",9999999.000,9999999.000,0.000,1.000,0.000,0,0,1,1,1,1,1,1,0.0,0.0,1.0,0.0,0.0,1.0
"G[2,2](GFR <= 0.000 -> BUN >= 7.706)
",0.000,0.000,0.000,1.000,0.000,0,0,2,0,0,2,2,0,0.0,0.0,1.0,0.0,0.0,1.0
"G[0,2]((WeightKg >= 25.722 | bmi >= 15.806) -> UnitsInsBasalOrLongAct <= 39.676)
",9999999.000,9999999.000,0.000,1.000,0.000,0,0,2,0,0,2,2,0,0.0,0.0,1.0,0.0,0.0,1.0
"G[0,2](SMBGperDayPtMeterCombo >= 2.428 & BGTestAvgNumPtRep >= 2.065)
",9999999.000,9999999.000,0.000,1.000,0.000,0,0,1,1,1,1,1,1,0.0,0.0,1.0,0.0,0.0,1.0
"G[0,1](GFR <= 0.000 -> BUN >= 7.102)
",9999999.000,9999999.000,0.000,1.000,0.000,0,0,1,1,1,1,1,1,0.0,0.0,1.0,0.0,0.0,1.0
"G[2,2]((WeightKg >= 44.750 | bmi >= 17.021) -> UnitsInsBasalOrLongAct <= 32.330)
",-32.330,-32.330,0.000,1.000,0.000,0,0,2,0,0,2,2,0,0.0,0.0,1.0,0.0,0.0,1.0
"G[0,1](SMBGperDayPtMeterCombo >= 2.831 & BGTestAvgNumPtRep >= 3.271)
",9999999.000,9999999.000,0.000,1.000,0.000,0,0,1,1,1,1,1,1,0.0,0.0,1.0,0.0,0.0,1.0
"G[0,1](GFR <= 0.000 -> BUN >= 8.765)
",9999999.000,9999999.000,0.000,1.000,0.000,0,0,1,1,1,1,1,1,0.0,0.0,1.0,0.0,0.0,1.0
"G[0,2](SMBGperDayPtMeterCombo >= 2.864 & BGTestAvgNumPtRep >= 2.666)
",9999999.000,9999999.000,0.000,1.000,0.000,0,0,1,1,1,1,1,1,0.0,0.0,1.0,0.0,0.0,1.0
"G[1,2]((WeightKg >= 48.070 | bmi >= 16.650) -> UnitsInsBasalOrLongAct <= 40.521)
",9999999.000,9999999.000,0.000,1.000,0.000,0,0,2,0,0,2,2,0,0.0,0.0,1.0,0.0,0.0,1.0
"G[0,1](SMBGperDayPtMeterCombo >= 2.080 & BGTestAvgNumPtRep >= 2.434)
",9999999.000,9999999.000,0.000,1.000,0.000,0,0,1,1,1,1,1,1,0.0,0.0,1.0,0.0,0.0,1.0
"G[1,1](GFR <= 0.000 -> BUN >= 7.252)
",0.000,0.000,0.000,1.000,0.000,0,0,1,1,1,1,1,1,0.0,0.0,1.0,0.0,0.0,1.0
"G[0,1]((WeightKg >= 3.811 | bmi >= 8.535) -> UnitsInsBasalOrLongAct <= 27.027)
",9999999.000,9999999.000,0.000,1.000,0.000,0,0,1,1,1,1,1,1,0.0,0.0,1.0,0.0,0.0,1.0
"G[0,1](SMBGperDayPtMeterCombo >= 2.113 & BGTestAvgNumPtRep >= 2.887)
",9999999.000,9999999.000,0.000,1.000,0.000,0,0,1,1,1,1,1,1,0.0,0.0,1.0,0.0,0.0,1.0
"G[0,1]((WeightKg >= 15.234 | bmi >= 7.326) -> UnitsInsBasalOrLongAct <= 25.766)
",9999999.000,9999999.000,0.000,1.000,0.000,0,0,1,1,1,1,1,1,0.0,0.0,1.0,0.0,0.0,1.0
"G[0,1](TotChol <= 123.043 & Pt_SHFlg = 0.000)
",9999999.000,9999999.000,0.000,1.000,0.000,0,0,0,2,2,0,0,2,0.0,0.0,0.0,0.0,0.0,1.0
"G[0,2](SMBGperDayPtMeterCombo >= 2.284 & BGTestAvgNumPtRep >= 2.374)
",9999999.000,9999999.000,0.000,1.000,0.000,0,0,1,1,1,1,1,1,0.0,0.0,1.0,0.0,0.0,1.0
"G[0,1](GFR <= 0.000 -> BUN >= 9.329)
",9999999.000,9999999.000,0.000,1.000,0.000,0,0,1,1,1,1,1,1,0.0,0.0,1.0,0.0,0.0,1.0
"G[0,1](SMBGperDayPtMeterCombo >= 3.194 & BGTestAvgNumPtRep >= 2.252)
",9999999.000,9999999.000,0.000,1.000,0.000,0,0,1,1,1,1,1,1,0.0,0.0,1.0,0.0,0.0,1.0
"G[0,2](GFR <= 0.000 -> BUN >= 9.976)
",9999999.000,9999999.000,0.000,1.000,0.000,0,0,1,1,1,1,1,1,0.0,0.0,1.0,0.0,0.0,1.0
"G[1,2]((WeightKg >= 7.572 | bmi >= 20.543) -> UnitsInsBasalOrLongAct <= 30.184)
",9999999.000,9999999.000,0.000,1.000,0.000,0,0,1,1,1,1,1,1,0.0,0.0,1.0,0.0,0.0,1.0
"G[1,1](GFR <= 0.000 -> BUN >= 3.963)
",0.000,0.000,0.000,1.000,0.000,0,0,1,1,1,1,1,1,0.0,0.0,1.0,0.0,0.0,1.0
"G[0,1]((WeightKg >= 51.871 | bmi >= 19.014) -> UnitsInsBasalOrLongAct <= 29.611)
",9999999.000,9999999.000,0.000,1.000,0.000,0,0,1,1,1,1,1,1,0.0,0.0,1.0,0.0,0.0,1.0
"G[0,1](SMBGperDayPtMeterCombo >= 3.276 & BGTestAvgNumPtRep >= 2.016)
",9999999.000,9999999.000,0.000,1.000,0.000,0,0,1,1,1,1,1,1,0.0,0.0,1.0,0.0,0.0,1.0
"G[0,2](GFR <= 0.000 -> BUN >= 3.597)
",9999999.000,9999999.000,0.000,1.000,0.000,0,0,1,1,1,1,1,1,0.0,0.0,1.0,0.0,0.0,1.0
"G[1,2]((WeightKg >= 44.558 | bmi >= 4.381) -> UnitsInsBasalOrLongAct <= 26.347)
",9999999.000,9999999.000,0.000,1.000,0.000,0,0,1,1,1,1,1,1,0.0,0.0,1.0,0.0,0.0,1.0
"G[0,1](Pt_DKAFlg < 0.000 & Pt_SHFlg = 0.000)
",9999999.000,9999999.000,0.000,1.000,0.000,0,0,0,2,2,0,0,2,0.0,0.0,0.0,0.0,0.0,1.0
"G[0,2](Triglyc > 129.790 -> Pt_SHFlg = 0.000)
",9999999.000,9999999.000,0.000,1.000,0.000,0,0,2,0,0,2,2,0,0.0,0.0,1.0,0.0,0.0,1.0
"G[0,2](BldPrSys >= 119.171 & BUN >= 6.483)
",9999999.000,9999999.000,0.000,1.000,0.000,0,0,1,1,1,1,1,1,0.0,0.0,1.0,0.0,0.0,1.0
"G[1,2](((HbA1c <= 7.879 | WeightKg >= 9.220) & HbA1c >= 1.617) & NumPumpBolusOrShortAct <= 98.670)
",9999999.000,9999999.000,0.000,1.000,0.000,0,0,2,0,0,2,2,0,0.0,0.0,1.0,0.0,0.0,1.0
"G[0,2]((bmi >= 11.640 -> WeightKg >= 8.034) | HbA1c <= 101.016)
",9999999.000,9999999.000,0.000,1.000,0.000,0,0,2,0,0,2,2,0,0.0,0.0,1.0,0.0,0.0,1.0
"G[0,2](age <= 24.413 | TotalDailyInsPerKg <= 0.833)
",9999999.000,9999999.000,0.000,1.000,0.000,0,0,2,0,0,2,2,0,0.0,0.0,1.0,0.0,0.0,1.0
"G[0,2]((diagAgeCombo >= 0.978 & HbA1c <= 7.846) -> SMBGperDayPtMeterCombo <= 7.665)
",9999999.000,9999999.000,0.000,1.000,0.000,0,0,2,0,0,2,2,0,0.0,0.0,1.0,0.0,0.0,1.0
"G[1,2]((BldPrDia >= 71.986 | Triglyc <= 155.605) -> DirectLDL <= 154.283)
",9999999.000,9999999.000,0.000,1.000,0.000,0,0,2,0,0,2,2,0,0.0,0.0,1.0,0.0,0.0,1.0
"G[0,2]((BUN <= 17.872 & HbA1cImputeDtMnC >= 0.320) & bmi <= 18.966)
",9999999.000,9999999.000,0.000,1.000,0.000,0,0,0,2,2,0,0,2,0.0,0.0,0.0,0.0,0.0,1.0
"G[1,2](((Triglyc <= 152.213 | UnitsInsBasalOrLongAct <= 38.833) | HDL <= 25.739) -> Pt_SiblingT1D <= 30.664)
",9999999.000,9999999.000,0.000,1.000,0.000,0,0,2,0,0,2,2,0,0.0,0.0,1.0,0.0,0.0,1.0
"G[0,2](BldPrDia >= 71.841 -> HbA1c >= 7.251)
",9999999.000,9999999.000,0.000,1.000,0.000,0,0,1,1,1,1,1,1,0.0,0.0,1.0,0.0,0.0,1.0
"G[2,2](Pt_CGMUseNumDays <= 0.000 -> Pt_CGMUseNumDays >= 0.000)
",0.000,0.000,0.000,1.000,0.000,0,0,2,0,0,2,2,0,0.0,0.0,1.0,0.0,0.0,1.0
"G[1,1]((TotalDailyInsPerKg >= 0.444 -> Pt_SiblingT1D >= 0.000) -> bmi <= 0.000)
",0.000,0.000,0.000,1.000,0.000,0,0,1,1,1,1,1,1,0.0,0.0,1.0,0.0,0.0,1.0
"G[0,1]((TotChol <= 128.933 & TotChol >= 116.555) | Pt_GrandchildT1D >= 109.607)
",9999999.000,9999999.000,0.000,1.000,0.000,0,0,1,1,1,1,1,1,0.0,0.0,1.0,0.0,0.0,1.0
"G[2,2](Triglyc <= 152.129 & Pt_CGMUseNumDays >= 0.000)
",0.000,0.000,0.000,1.000,0.000,0,0,2,0,0,2,2,0,0.0,0.0,1.0,0.0,0.0,1.0
"G[2,2]((NumPumpBolusOrShortAct <= 2.679 | BUN <= 17.050) | TSH <= 14.315)
",17.050,17.050,0.000,1.000,0.000,0,0,2,0,0,2,2,0,0.0,0.0,1.0,0.0,0.0,1.0
"G[0,1](Pt_InsGov <= 0.000 -> age >= 23.615)
",9999999.000,9999999.000,0.000,1.000,0.000,0,0,1,1,1,1,1,1,0.0,0.0,1.0,0.0,0.0,1.0
"G[0,0]((UnitsInsBasalOrLongAct >= 1.548 -> SMBGperDayPtMeterCombo >= 3.084) & LDL <= 3.973)
",-66.916,-66.916,0.000,1.000,0.000,0,0,0,2,2,0,0,2,0.0,0.0,0.0,0.0,0.0,1.0
"G[0,2](((bmiPerc <= 0.000 | BGTestAvgNumPtRep >= 2.629) & Pt_MotherT1D >= 2.322) | BUN >= 2.481)
",9999999.000,9999999.000,0.000,1.000,0.000,0,0,2,0,0,2,2,0,0.0,0.0,1.0,0.0,0.0,1.0
"G[2,2](GFR <= 0.000 -> BUN >= 9.134)
",0.000,0.000,0.000,1.000,0.000,0,0,2,0,0,2,2,0,0.0,0.0,1.0,0.0,0.0,1.0
"G[0,1]((DirectLDL <= 0.000 -> TSH <= 1.508) -> DirectLDL >= 1.255)
",9999999.000,9999999.000,0.000,1.000,0.000,0,0,0,2,2,0,0,2,0.0,0.0,0.0,0.0,0.0,1.0
"G[0,1](((diagAgeCombo >= 3.152 & bmiZscore <= 1.209) -> Pt_MotherT1D >= 0.308) | HbA1cImputeDtMnC >= 0.790)
",9999999.000,9999999.000,0.000,1.000,0.000,0,0,1,1,1,1,1,1,0.0,0.0,1.0,0.0,0.0,1.0
"G[0,1](((HbA1c <= 7.800 & Pt_A1cGoalLev <= 3.915) & Pt_DKAFlg >= 2.187) & TotChol <= 6.829)
",9999999.000,9999999.000,0.000,1.000,0.000,0,0,0,2,2,0,0,2,0.0,0.0,0.0,0.0,0.0,1.0
"G[0,2]((Pt_CGMUseNumDays <= 0.000 -> TotalDailyInsPerKg <= 0.655) | Pt_A1cGoalLevelDsYr5 >= 0.009)
",9999999.000,9999999.000,0.000,1.000,0.000,0,0,1,1,1,1,1,1,0.0,0.0,1.0,0.0,0.0,1.0
"G[1,1](Pt_GrandparentT1D >= 0.000 & diagAgeCombo >= 0.551)
",-0.551,-0.551,0.000,1.000,0.000,0,0,1,1,1,1,1,1,0.0,0.0,1.0,0.0,0.0,1.0
"G[2,2](((bmi <= 30.698 & BldPrSys >= 118.721) -> LDL >= 119.893) -> TotalDailyInsPerKg <= 122.248)
",-122.248,-122.248,0.000,1.000,0.000,0,0,2,0,0,2,2,0,0.0,0.0,1.0,0.0,0.0,1.0
"G[0,2](HDL <= 48.607 & AutonomicNeuroCl >= 0.000)
",9999999.000,9999999.000,0.000,1.000,0.000,0,0,1,1,1,1,1,1,0.0,0.0,1.0,0.0,0.0,1.0
"G[1,2](((SMBGperDayPtMeterCombo <= 3.548 -> HDL >= 43.007) | age <= 47.171) & AlbCreatRat_mggNew <= 45.503)
",9999999.000,9999999.000,0.000,1.000,0.000,0,0,2,0,0,2,2,0,0.0,0.0,1.0,0.0,0.0,1.0
"G[0,1]((BldPrSys >= 119.572 | LDL >= 44.621) -> SMBGperDayPtMeterCombo >= 35.961)
",9999999.000,9999999.000,0.000,1.000,0.000,0,0,0,2,2,0,0,2,0.0,0.0,0.0,0.0,0.0,1.0
"G[2,2](((Pt_A1cGoalLev <= 2.548 -> HeightCm <= 171.844) | LDL <= 140.820) -> HeightCm >= 100.528)
",-140.820,-140.820,0.000,1.000,0.000,0,0,2,0,0,2,2,0,0.0,0.0,1.0,0.0,0.0,1.0
"G[0,1](((SMBGperDayPtMeterCombo >= 2.314 & BUN <= 19.622) | age <= 16.087) -> UnitsInsBasalOrLongAct <= 19.792)
",9999999.000,9999999.000,0.000,1.000,0.000,0,0,0,2,2,0,0,2,0.0,0.0,0.0,0.0,0.0,1.0
"G[2,2](DirectLDL >= 0.000 | Pt_GrandchildT1D <= 0.000)
",0.000,0.000,0.000,1.000,0.000,0,0,2,0,0,2,2,0,0.0,0.0,1.0,0.0,0.0,1.0
"G[1,2](HbA1c <= 7.840 -> BGTestAvgNumPtRep <= 3.430)
",9999999.000,9999999.000,0.000,1.000,0.000,0,0,1,1,1,1,1,1,0.0,0.0,1.0,0.0,0.0,1.0
"G[0,0]((BGTestAvgNumMeter >= 0.516 | BldPrSys >= 118.263) & UnitsInsBasalOrLongAct >= 119.920)
",-119.920,-119.920,0.000,1.000,0.000,0,0,0,2,2,0,0,2,0.0,0.0,0.0,0.0,0.0,1.0
"G[0,1](LDL >= 45.165 & UnitsInsBasalOrLongAct <= 41.732)
",9999999.000,9999999.000,0.000,1.000,0.000,0,0,0,2,2,0,0,2,0.0,0.0,0.0,0.0,0.0,1.0
"G[0,1]((HeightCm >= 62.429 -> TotChol <= 122.453) & GFR >= 120.173)
",9999999.000,9999999.000,0.000,1.000,0.000,0,0,0,2,2,0,0,2,0.0,0.0,0.0,0.0,0.0,1.0
"G[0,2](((BUN >= 10.565 | TotalDailyInsPerKg >= 0.593) -> BGTestAvgNumMeter <= 0.837) & Pt_CGMUseNumDays <= 0.667)
",9999999.000,9999999.000,0.000,1.000,0.000,0,0,1,1,1,1,1,1,0.0,0.0,1.0,0.0,0.0,1.0
"G[1,1]((HbA1c >= 7.467 -> HeightCm <= 180.057) -> Pt_InsGov >= 11.549)
",11.549,11.549,0.000,1.000,0.000,0,0,1,1,1,1,1,1,0.0,0.0,1.0,0.0,0.0,1.0
"G[2,2]((TotalDailyInsPerKg <= 0.814 & Triglyc >= 126.153) & TSH >= 127.412)
",-127.412,-127.412,0.000,1.000,0.000,0,0,2,0,0,2,2,0,0.0,0.0,1.0,0.0,0.0,1.0
"G[0,2](bmiZscore <= 1.387 & HbA1cImputeDtMnC <= 22.159)
",9999999.000,9999999.000,0.000,1.000,0.000,0,0,0,2,2,0,0,2,0.0,0.0,0.0,0.0,0.0,1.0
"G[1,2](((bmiZscore <= 1.232 & LDL >= 35.284) | bmi >= 34.142) -> TotChol <= 54.402)
",9999999.000,9999999.000,0.000,1.000,0.000,0,0,2,0,0,2,2,0,0.0,0.0,1.0,0.0,0.0,1.0
"G[1,2]((bmiZscore <= 1.240 | diabDur >= 7.441) -> Pt_GrandparentT1D >= 7.239)
",9999999.000,9999999.000,0.000,1.000,0.000,0,0,1,1,1,1,1,1,0.0,0.0,1.0,0.0,0.0,1.0
"G[2,2]((BldPrSys >= 120.113 & LDL <= 55.188) | Pt_DKAFlg <= 52.498)
",52.498,52.498,0.000,1.000,0.000,0,0,2,0,0,2,2,0,0.0,0.0,1.0,0.0,0.0,1.0
"G[0,0]((BGTestAvgNumMeter <= 3.871 | UnitsInsBasalOrLongAct <= 29.855) & Pt_GrandchildT1D >= 11.994)
",-11.994,-11.994,0.000,1.000,0.000,0,0,0,2,2,0,0,2,0.0,0.0,0.0,0.0,0.0,1.0
"G[0,1]((HeightCm >= 19.908 & UnitsInsBasalOrLongAct <= 29.441) | Pt_ChildT1D >= 8.516)
",9999999.000,9999999.000,0.000,1.000,0.000,0,0,0,2,2,0,0,2,0.0,0.0,0.0,0.0,0.0,1.0
"G[2,2]((HeightCm <= 176.042 | Triglyc >= 125.300) -> Pt_InsGov <= 152.639)
",-176.042,-176.042,0.000,1.000,0.000,0,0,2,0,0,2,2,0,0.0,0.0,1.0,0.0,0.0,1.0
"G[2,2]((LDL >= 40.006 -> TotalDailyInsPerKg >= 0.307) | Pt_ChildT1D <= 0.701)
",0.701,0.701,0.000,1.000,0.000,0,0,2,0,0,2,2,0,0.0,0.0,1.0,0.0,0.0,1.0
"G[1,2]((bmi >= 21.139 & NumPumpBolusOrShortAct <= 2.023) & BldPrSys <= 2.108)
",9999999.000,9999999.000,0.000,1.000,0.000,0,0,1,1,1,1,1,1,0.0,0.0,1.0,0.0,0.0,1.0
"G[2,2](((BldPrDia <= 75.559 & TotalDailyInsPerKg >= 0.042) & age <= 0.717) | Pt_GrandchildT1D >= 0.023)
",-0.023,-0.023,0.000,1.000,0.000,0,0,2,0,0,2,2,0,0.0,0.0,1.0,0.0,0.0,1.0
"G[0,2](((BGTestAvgNumMeter >= 0.756 & BGTestAvgNumPtRep >= 3.204) -> Pt_GrandchildT1D >= 2.763) -> UnitsInsBasalOrLongAct <= 3.747)
",9999999.000,9999999.000,0.000,1.000,0.000,0,0,1,1,1,1,1,1,0.0,0.0,1.0,0.0,0.0,1.0
"G[1,1](bmi >= 11.528 & TotChol >= 113.336)
",-113.336,-113.336,0.000,1.000,0.000,0,0,1,1,1,1,1,1,0.0,0.0,1.0,0.0,0.0,1.0
"G[0,2](diagAgeCombo >= 1.599 -> WeightKg <= 87.378)
",9999999.000,9999999.000,0.000,1.000,0.000,0,0,1,1,1,1,1,1,0.0,0.0,1.0,0.0,0.0,1.0
"G[2,2]((bmi <= 28.947 & Pt_A1cGoalLev >= 0.570) & TotChol >= 0.238)
",-0.570,-0.570,0.000,1.000,0.000,0,0,2,0,0,2,2,0,0.0,0.0,1.0,0.0,0.0,1.0
"G[0,2](BldPrDia <= 77.330 -> BUN <= 15.267)
",9999999.000,9999999.000,0.000,1.000,0.000,0,0,1,1,1,1,1,1,0.0,0.0,1.0,0.0,0.0,1.0
"G[0,1](((bmi <= 24.919 | BUN >= 8.913) | Pt_CGMUseNumDays <= 13.725) -> LDL <= 18.801)
",9999999.000,9999999.000,0.000,1.000,0.000,0,0,0,2,2,0,0,2,0.0,0.0,0.0,0.0,0.0,1.0
"G[2,2]((BldPrDia >= 70.199 -> bmiZscore >= 0.799) | diagAgeCombo <= 1.071)
",1.071,1.071,0.000,1.000,0.000,0,0,2,0,0,2,2,0,0.0,0.0,1.0,0.0,0.0,1.0
"G[0,1](((BGTestAvgNumPtRep <= 3.921 -> TotalDailyInsPerKg >= 0.058) -> bmi <= 0.873) & Pt_SHFlg <= 0.954)
",9999999.000,9999999.000,0.000,1.000,0.000,0,0,1,1,1,1,1,1,0.0,0.0,1.0,0.0,0.0,1.0
"G[1,2](TotalDailyInsPerKg <= 0.794 & TSH >= 1.177)
",9999999.000,9999999.000,0.000,1.000,0.000,0,0,1,1,1,1,1,1,0.0,0.0,1.0,0.0,0.0,1.0
"G[1,2]((diabDur >= 7.459 | HbA1c <= 7.742) | Pt_ChildT1D <= 7.795)
",9999999.000,9999999.000,0.000,1.000,0.000,0,0,2,0,0,2,2,0,0.0,0.0,1.0,0.0,0.0,1.0
"G[0,1](BUN >= 12.032 & UnitsInsBasalOrLongAct <= 32.444)
",9999999.000,9999999.000,0.000,1.000,0.000,0,0,0,2,2,0,0,2,0.0,0.0,0.0,0.0,0.0,1.0
"G[0,1]((BldPrDia >= 70.487 -> NumPumpBolusOrShortAct >= 0.886) -> diabDur <= 1.609)
",9999999.000,9999999.000,0.000,1.000,0.000,0,0,0,2,2,0,0,2,0.0,0.0,0.0,0.0,0.0,1.0
"G[0,2]((Triglyc >= 129.495 & TSH >= 1.227) | BGTestAvgNumPtRep <= 1.425)
",9999999.000,9999999.000,0.000,1.000,0.000,0,0,0,2,2,0,0,2,0.0,0.0,0.0,0.0,0.0,1.0
"G[1,2](((NumPumpBolusOrShortAct >= 1.252 | UnitsInsBasalOrLongAct <= 26.410) | BUN <= 34.225) | Pt_MotherT1D >= 19.023)
",9999999.000,9999999.000,0.000,1.000,0.000,0,0,2,0,0,2,2,0,0.0,0.0,1.0,0.0,0.0,1.0
"G[0,1](TotChol >= 114.075 & HbA1cImputeDtMnC <= 12.411)
",9999999.000,9999999.000,0.000,1.000,0.000,0,0,0,2,2,0,0,2,0.0,0.0,0.0,0.0,0.0,1.0
