Rule,Discrimination Score,Pos Robustness,Neg Robustness,Percent Class +,Percent Class -,TP,TN,FP,FN,Actual Yes,Actual No,Predicted Yes,Predicted No,TPR/Sens,TNR/Spec,FPR,Precision,Accuracy,MCR
"G[0,1]((Pt_DKAFlg <= 0.000 | BldPrSys >= 92.036) -> diabDur <= 96.740)
",9999999.000,9999999.000,0.000,1.000,0.000,2,0,0,0,2,0,2,0,1.0,0.0,0.0,1.0,1.0,0.0
"G[1,1](bmiPerc >= 0.880 -> Pt_DKAFlg <= 0.000)
",0.000,0.000,0.000,1.000,0.000,2,0,0,0,2,0,2,0,1.0,0.0,0.0,1.0,1.0,0.0
"G[0,1]((NumPumpBolusOrShortAct <= 6.747 -> Pt_MotherT1D >= 0.000) -> Pt_ChildT1D >= 0.000)
",9999999.000,9999999.000,0.000,1.000,0.000,2,0,0,0,2,0,2,0,1.0,0.0,0.0,1.0,1.0,0.0
"G[0,1]((Pt_CGMUseNumDays >= 0.000 & Pt_GrandparentT1D <= 0.000) -> BGTestAvgNumMeter >= 0.000)
",9999999.000,9999999.000,0.000,1.000,0.000,2,0,0,0,2,0,2,0,1.0,0.0,0.0,1.0,1.0,0.0
"G[1,1](((DirectLDL <= 0.000 & SMBGperDayPtMeterCombo <= 6.061) -> LDL <= 6.871) | TotChol <= 6.402)
",6.402,6.402,0.000,1.000,0.000,2,0,0,0,2,0,2,0,1.0,0.0,0.0,1.0,1.0,0.0
"G[0,1](DirectLDL <= 0.000 & BGTestAvgNumPtRep >= 0.000)
",9999999.000,9999999.000,0.000,1.000,0.000,2,0,0,0,2,0,2,0,1.0,0.0,0.0,1.0,1.0,0.0
"G[1,1](Pt_ChildT1D < 0.000 -> Pt_SHFlg = 0.000)
",0.000,0.000,0.000,1.000,0.000,2,0,0,0,2,0,2,0,1.0,0.0,0.0,1.0,1.0,0.0
"G[0,1](Pt_CGMUseNumDays < 0.000 -> Pt_SHFlg = 0.000)
",9999999.000,9999999.000,0.000,1.000,0.000,2,0,0,0,2,0,2,0,1.0,0.0,0.0,1.0,1.0,0.0
"G[0,0]((BldPrSys <= 95.756 | Pt_SiblingT1D <= 0.000) | HbA1c >= 0.000)
",95.756,95.756,0.000,1.000,0.000,2,0,0,0,2,0,2,0,1.0,0.0,0.0,1.0,1.0,0.0
"G[1,1]((BldPrDia <= 67.292 -> diagAgeCombo >= 0.404) | Pt_ChildT1D <= 1.474)
",1.474,1.474,0.000,1.000,0.000,2,0,0,0,2,0,2,0,1.0,0.0,0.0,1.0,1.0,0.0
"G[0,1](((Pt_InsGov >= 0.000 -> BGTestAvgNumPtRep <= 0.000) -> TotChol >= 0.000) -> Pt_A1cGoalLevelDsYr5 >= 0.000)
",9999999.000,9999999.000,0.000,1.000,0.000,2,0,0,0,2,0,2,0,1.0,0.0,0.0,1.0,1.0,0.0
"G[0,0](((diabDur <= 1.871 | HeightCm <= 114.089) -> BGTestAvgNumMeter >= 104.563) -> AlbCreatRat_mggNew >= 105.907)
",36.682,93.539,0.000,1.000,0.000,2,0,0,0,2,0,2,0,1.0,0.0,0.0,1.0,1.0,0.0
"G[0,0]((HbA1cImputeDtMnC <= 22.468 & BldPrSys <= 94.431) | age <= 96.651)
",96.651,96.651,0.000,1.000,0.000,2,0,0,0,2,0,2,0,1.0,0.0,0.0,1.0,1.0,0.0
"G[0,1](((TotalDailyInsPerKg <= 0.679 -> UnitsInsBasalOrLongAct <= 6.892) | LDL >= 5.497) | bmi >= 5.207)
",9999999.000,9999999.000,0.000,1.000,0.000,2,0,0,0,2,0,2,0,1.0,0.0,0.0,1.0,1.0,0.0
"G[1,1](BldPrDia >= 61.415 -> BldPrSys <= 95.126)
",-95.126,-95.126,0.000,1.000,0.000,2,0,0,0,2,0,2,0,1.0,0.0,0.0,1.0,1.0,0.0
"G[0,1](((age <= 5.034 -> GFR >= 37.317) | TotChol <= 167.679) | BGTestAvgNumMeter <= 51.559)
",9999999.000,9999999.000,0.000,1.000,0.000,2,0,0,0,2,0,2,0,1.0,0.0,0.0,1.0,1.0,0.0
"G[0,0]((BGTestAvgNumMeter <= 7.129 | HDL <= 27.887) | TSH <= 42.914)
",42.914,42.914,0.000,1.000,0.000,2,0,0,0,2,0,2,0,1.0,0.0,0.0,1.0,1.0,0.0
"G[1,1]((BGTestAvgNumMeter >= 5.040 -> WeightKg >= 18.083) | Pt_A1cGoalLev >= 19.539)
",5.040,5.040,0.000,1.000,0.000,2,0,0,0,2,0,2,0,1.0,0.0,0.0,1.0,1.0,0.0
"G[0,0](((HbA1c <= 8.091 & HDL >= 5.512) -> WeightKg >= 11.634) -> Pt_DKAFlg <= 37.913)
",-37.913,-37.913,0.000,1.000,0.000,2,0,0,0,2,0,2,0,1.0,0.0,0.0,1.0,1.0,0.0
"G[0,1]((Pt_SiblingT1D <= 0.000 | Pt_FatherT1D <= 0.000) -> bmiZscore >= 0.000)
",9999999.000,9999999.000,0.000,1.000,0.000,2,0,0,0,2,0,2,0,1.0,0.0,0.0,1.0,1.0,0.0
"G[0,1](((BldPrSys >= 92.187 -> BldPrSys <= 96.778) & Pt_SiblingT1D <= 95.411) | Pt_A1cGoalLevelDsYr5 <= 95.850)
",9999999.000,9999999.000,0.000,1.000,0.000,2,0,0,0,2,0,2,0,1.0,0.0,0.0,1.0,1.0,0.0
"G[1,1](GFR >= 19.397 | HbA1cImputeDtMnC >= 1.175)
",-1.175,-1.175,0.000,1.000,0.000,2,0,0,0,2,0,2,0,1.0,0.0,0.0,1.0,1.0,0.0
"G[0,1](((BGTestAvgNumMeter >= 5.437 -> NumPumpBolusOrShortAct >= 0.119) -> bmiZscore <= 4.438) & BldPrDia >= 1.314)
",9999999.000,9999999.000,0.000,1.000,0.000,2,0,0,0,2,0,2,0,1.0,0.0,0.0,1.0,1.0,0.0
"G[1,1]((Triglyc <= 64.771 -> WeightKg <= 22.872) & Pt_CGMUseNumDays <= 21.076)
",-64.771,-64.771,0.000,1.000,0.000,2,0,0,0,2,0,2,0,1.0,0.0,0.0,1.0,1.0,0.0
"G[0,1](((Triglyc <= 53.041 | TSH <= 3.045) & TotChol >= 1.710) | Pt_InsGov <= 2.938)
",9999999.000,9999999.000,0.000,1.000,0.000,2,0,0,0,2,0,2,0,1.0,0.0,0.0,1.0,1.0,0.0
"G[0,0]((BldPrDia >= 59.460 | Pt_DKAFlg <= 0.000) -> DirectLDL >= 0.000)
",-17.173,-109.050,0.000,1.000,0.000,2,0,0,0,2,0,2,0,1.0,0.0,0.0,1.0,1.0,0.0
"G[0,1](((BldPrSys <= 99.126 & SMBGperDayPtMeterCombo >= 5.794) -> Pt_SiblingT1D <= 7.914) | SMBGperDayPtMeterCombo >= 5.250)
",9999999.000,9999999.000,0.000,1.000,0.000,2,0,0,0,2,0,2,0,1.0,0.0,0.0,1.0,1.0,0.0
"G[0,1]((AlbCreatRat_mggNew >= 12.884 | BldPrDia <= 63.766) & Pt_CGMUseNumDays <= 68.671)
",9999999.000,9999999.000,0.000,1.000,0.000,2,0,0,0,2,0,2,0,1.0,0.0,0.0,1.0,1.0,0.0
"G[0,0](((LDL >= 18.971 -> UnitsInsBasalOrLongAct <= 6.568) -> Pt_CGMUseNumDays <= 5.501) | AutonomicNeuroCl <= 6.358)
",0.904,3.118,0.000,1.000,0.000,2,0,0,0,2,0,2,0,1.0,0.0,0.0,1.0,1.0,0.0
"G[0,1](((bmiPerc <= 0.897 | diagAgeCombo >= 0.399) -> UnitsInsBasalOrLongAct >= 0.175) | Pt_DKAFlg <= 0.519)
",9999999.000,9999999.000,0.000,1.000,0.000,2,0,0,0,2,0,2,0,1.0,0.0,0.0,1.0,1.0,0.0
"G[0,0](((bmiPerc >= 0.877 -> UnitsInsBasalOrLongAct >= 4.270) -> diabDur <= 5.599) | BGTestAvgNumMeter >= 4.870)
",0.130,0.130,0.000,1.000,0.000,2,0,0,0,2,0,2,0,1.0,0.0,0.0,1.0,1.0,0.0
"G[0,0](Pt_CGMUseNumDays <= 0.000 & Pt_SHFlg = 0.000)
",-29199.000,-29199.000,0.000,1.000,0.000,2,0,0,0,2,0,2,0,1.0,0.0,0.0,1.0,1.0,0.0
"G[1,1](Pt_DKAFlg <= 0.000 -> Pt_SHFlg = 0.000)
",0.000,0.000,0.000,1.000,0.000,2,0,0,0,2,0,2,0,1.0,0.0,0.0,1.0,1.0,0.0
"G[1,1](((GFR <= 87.638 & HeightCm <= 111.826) & HeightCm >= 106.165) -> WeightKg >= 103.524)
",103.524,103.524,0.000,1.000,0.000,2,0,0,0,2,0,2,0,1.0,0.0,0.0,1.0,1.0,0.0
"G[1,1]((HbA1cImputeDtMnC <= 22.398 -> Pt_MotherT1D >= 0.000) & Pt_A1cGoalLevelDsYr5 >= 0.000)
",-22.398,-22.398,0.000,1.000,0.000,2,0,0,0,2,0,2,0,1.0,0.0,0.0,1.0,1.0,0.0
"G[0,0](((NumPumpBolusOrShortAct <= 5.868 -> bmiPerc <= 0.918) -> BUN >= 0.887) -> HbA1c <= 0.897)
",0.544,1.058,0.000,1.000,0.000,2,0,0,0,2,0,2,0,1.0,0.0,0.0,1.0,1.0,0.0
"G[0,0](AutonomicNeuroCl <= 0.000 -> BGTestAvgNumPtRep <= 0.000)
",4.333,6.500,0.000,1.000,0.000,2,0,0,0,2,0,2,0,1.0,0.0,0.0,1.0,1.0,0.0
"G[0,1](HDL <= 20.929 | bmiZscore <= 1.305)
",9999999.000,9999999.000,0.000,1.000,0.000,2,0,0,0,2,0,2,0,1.0,0.0,0.0,1.0,1.0,0.0
"G[0,1](((Pt_MotherT1D >= 0.000 | diabDur <= 2.336) & Pt_GrandchildT1D >= 1.065) -> HeightCm <= 2.342)
",9999999.000,9999999.000,0.000,1.000,0.000,2,0,0,0,2,0,2,0,1.0,0.0,0.0,1.0,1.0,0.0
"G[1,1]((WeightKg <= 22.580 -> HDL <= 23.674) | HDL <= 48.851)
",48.851,48.851,0.000,1.000,0.000,2,0,0,0,2,0,2,0,1.0,0.0,0.0,1.0,1.0,0.0
"G[0,0](((bmiPerc >= 0.876 & bmiPerc >= 0.874) | HDL <= 0.894) | LDL <= 0.927)
",116.623,16.330,0.000,1.000,0.000,2,0,0,0,2,0,2,0,1.0,0.0,0.0,1.0,1.0,0.0
"G[1,1]((Pt_DKAFlg >= 0.000 | Pt_ChildT1D >= 0.000) -> Pt_InsGov >= 0.000)
",0.000,0.000,0.000,1.000,0.000,2,0,0,0,2,0,2,0,1.0,0.0,0.0,1.0,1.0,0.0
"G[0,1](((Pt_FatherT1D >= 0.000 | TotChol <= 113.145) & NumPumpBolusOrShortAct <= 121.444) | GFR >= 3.035)
",9999999.000,9999999.000,0.000,1.000,0.000,2,0,0,0,2,0,2,0,1.0,0.0,0.0,1.0,1.0,0.0
"G[1,1](((LDL >= 12.381 | Pt_FatherT1D <= 0.000) & Pt_SHFlg <= 0.000) -> bmi >= 0.000)
",0.000,0.000,0.000,1.000,0.000,2,0,0,0,2,0,2,0,1.0,0.0,0.0,1.0,1.0,0.0
"G[0,1](Pt_A1cGoalLevelDsYr5 >= 0.000 -> Pt_SHFlg = 0.000)
",9999999.000,9999999.000,0.000,1.000,0.000,2,0,0,0,2,0,2,0,1.0,0.0,0.0,1.0,1.0,0.0
"G[0,0]((BGTestAvgNumMeter <= 7.889 | Pt_DKAFlg >= 0.000) | Pt_GrandparentT1D <= 0.000)
",2.889,2.889,0.000,1.000,0.000,2,0,0,0,2,0,2,0,1.0,0.0,0.0,1.0,1.0,0.0
"G[0,1]((Pt_A1cGoalLev <= 0.000 -> Pt_SHFlg >= 0.000) | LDL <= 0.000)
",9999999.000,9999999.000,0.000,1.000,0.000,2,0,0,0,2,0,2,0,1.0,0.0,0.0,1.0,1.0,0.0
"G[1,1](((bmiPerc >= 0.885 | NumPumpBolusOrShortAct >= 2.205) -> diabDur <= 5.696) | BGTestAvgNumMeter >= 3.680)
",-3.680,-3.680,0.000,1.000,0.000,2,0,0,0,2,0,2,0,1.0,0.0,0.0,1.0,1.0,0.0
"G[0,1](((SMBGperDayPtMeterCombo >= 5.669 -> BGTestAvgNumPtRep >= 0.000) | Pt_A1cGoalLev >= 0.000) & Pt_MotherT1D <= 0.000)
",9999999.000,9999999.000,0.000,1.000,0.000,2,0,0,0,2,0,2,0,1.0,0.0,0.0,1.0,1.0,0.0
"G[1,1]((BldPrDia >= 59.112 -> HDL <= 33.098) | Pt_MotherT1D >= 5.146)
",-5.146,-5.146,0.000,1.000,0.000,2,0,0,0,2,0,2,0,1.0,0.0,0.0,1.0,1.0,0.0
"G[0,1]((Pt_GrandparentT1D <= 0.000 | TSH <= 2.625) | TotChol >= 2.350)
",9999999.000,9999999.000,0.000,1.000,0.000,2,0,0,0,2,0,2,0,1.0,0.0,0.0,1.0,1.0,0.0
"G[0,1]((diabDur >= 1.129 & BldPrSys >= 91.482) | HeightCm >= 90.001)
",9999999.000,9999999.000,0.000,1.000,0.000,2,0,0,0,2,0,2,0,1.0,0.0,0.0,1.0,1.0,0.0
"G[0,0](((age <= 5.262 | HbA1c >= 7.334) | Pt_FatherT1D <= 7.837) | Triglyc <= 7.984)
",107.728,7.910,0.000,1.000,0.000,2,0,0,0,2,0,2,0,1.0,0.0,0.0,1.0,1.0,0.0
"G[0,0]((BUN <= 4.464 | diagAgeCombo >= 0.106) | HbA1c <= 1.852)
",1.053,88.129,0.000,1.000,0.000,2,0,0,0,2,0,2,0,1.0,0.0,0.0,1.0,1.0,0.0
"G[0,1](((BGTestAvgNumPtRep >= 0.000 & DirectLDL >= 0.000) & UnitsInsBasalOrLongAct >= 0.000) & Pt_A1cGoalLev >= 0.000)
",9999999.000,9999999.000,0.000,1.000,0.000,2,0,0,0,2,0,2,0,1.0,0.0,0.0,1.0,1.0,0.0
"G[0,1](((Pt_CGMUseNumDays <= 0.000 | TSH <= 2.689) -> bmi <= 2.883) -> UnitsInsBasalOrLongAct >= 2.288)
",9999999.000,9999999.000,0.000,1.000,0.000,2,0,0,0,2,0,2,0,1.0,0.0,0.0,1.0,1.0,0.0
"G[1,1](((Pt_A1cGoalLev <= 0.000 -> BldPrSys >= 93.371) | Pt_InsGov <= 96.339) | BGTestAvgNumMeter <= 97.215)
",97.215,97.215,0.000,1.000,0.000,2,0,0,0,2,0,2,0,1.0,0.0,0.0,1.0,1.0,0.0
"G[0,1]((BldPrSys <= 97.386 | HbA1c <= 7.791) -> Pt_GrandparentT1D <= 7.725)
",9999999.000,9999999.000,0.000,1.000,0.000,2,0,0,0,2,0,2,0,1.0,0.0,0.0,1.0,1.0,0.0
"G[1,1](bmiPerc <= 0.900 | SMBGperDayPtMeterCombo >= 5.357)
",0.900,0.900,0.000,1.000,0.000,1,0,0,1,2,0,1,1,0.5,0.0,0.0,1.0,0.5,0.5
"G[0,1]((bmiPerc >= 0.875 & diagAgeCombo <= 1.339) | diagAgeCombo >= 0.430)
",9999999.000,9999999.000,0.000,1.000,0.000,1,0,0,1,2,0,1,1,0.5,0.0,0.0,1.0,0.5,0.5
"G[0,1]((diagAgeCombo >= 0.160 | BUN <= 5.752) | UnitsInsBasalOrLongAct <= 2.745)
",9999999.000,9999999.000,0.000,1.000,0.000,1,0,0,1,2,0,1,1,0.5,0.0,0.0,1.0,0.5,0.5
"G[0,1](TotalDailyInsPerKg >= 0.662 | Triglyc >= 1.842)
",9999999.000,9999999.000,0.000,1.000,0.000,1,0,0,1,2,0,1,1,0.5,0.0,0.0,1.0,0.5,0.5
"G[0,1]((AlbCreatRat_mggNew <= 37.383 -> LDL <= 64.691) | DirectLDL >= 7.507)
",9999999.000,9999999.000,0.000,1.000,0.000,1,0,0,1,2,0,1,1,0.5,0.0,0.0,1.0,0.5,0.5
"G[0,0](HbA1c <= 7.683 & TSH >= 2.049)
",-2.049,-2.049,0.000,1.000,0.000,1,0,0,1,2,0,1,1,0.5,0.0,0.0,1.0,0.5,0.5
"G[1,1]((BldPrSys >= 91.761 | WeightKg <= 21.709) & HDL >= 18.399)
",-18.399,-18.399,0.000,1.000,0.000,1,0,0,1,2,0,1,1,0.5,0.0,0.0,1.0,0.5,0.5
"G[0,1](bmiZscore >= 1.155 -> TotalDailyInsPerKg >= 0.655)
",9999999.000,9999999.000,0.000,1.000,0.000,1,0,0,1,2,0,1,1,0.5,0.0,0.0,1.0,0.5,0.5
"G[0,1]((AlbCreatRat_mggNew >= 1.170 -> WeightKg >= 18.537) -> WeightKg >= 18.250)
",9999999.000,9999999.000,0.000,1.000,0.000,1,0,0,1,2,0,1,1,0.5,0.0,0.0,1.0,0.5,0.5
"G[1,1](((HDL >= 1.239 -> Pt_FatherT1D <= 0.000) -> Triglyc <= 0.000) & Pt_GrandchildT1D >= 0.000)
",0.000,0.000,0.000,1.000,0.000,1,0,0,1,2,0,1,1,0.5,0.0,0.0,1.0,0.5,0.5
"G[0,1](((diagAgeCombo >= 0.167 | bmi <= 17.646) & bmiPerc <= 17.543) | NumPumpBolusOrShortAct >= 17.292)
",9999999.000,9999999.000,0.000,1.000,0.000,1,0,0,1,2,0,1,1,0.5,0.0,0.0,1.0,0.5,0.5
"G[0,0](diagAgeCombo >= 0.403 & Pt_MotherT1D <= 0.000)
",-1.000,-0.201,0.000,1.000,0.000,1,0,0,1,2,0,1,1,0.5,0.0,0.0,1.0,0.5,0.5
"G[1,1](GFR <= 68.624 -> BUN >= 1.875)
",-68.624,-68.624,0.000,1.000,0.000,1,0,0,1,2,0,1,1,0.5,0.0,0.0,1.0,0.5,0.5
"G[0,1]((TotChol <= 58.255 | bmiZscore <= 1.366) -> Triglyc <= 1.372)
",9999999.000,9999999.000,0.000,1.000,0.000,1,0,0,1,2,0,1,1,0.5,0.0,0.0,1.0,0.5,0.5
"G[1,1]((UnitsInsBasalOrLongAct <= 5.956 -> BldPrDia <= 70.230) | Pt_CGMUseNumDays >= 61.425)
",-61.425,-61.425,0.000,1.000,0.000,1,0,0,1,2,0,1,1,0.5,0.0,0.0,1.0,0.5,0.5
"G[0,1](bmiZscore >= 1.179 & BGTestAvgNumPtRep >= 0.000)
",9999999.000,9999999.000,0.000,1.000,0.000,1,0,0,1,2,0,1,1,0.5,0.0,0.0,1.0,0.5,0.5
"G[1,1]((bmiZscore >= 1.239 -> HbA1cImputeDtMnC >= 7.902) -> Triglyc <= 20.916)
",-20.916,-20.916,0.000,1.000,0.000,1,0,0,1,2,0,1,1,0.5,0.0,0.0,1.0,0.5,0.5
"G[1,1](SMBGperDayPtMeterCombo >= 5.275 & BGTestAvgNumPtRep >= 0.000)
",-5.275,-5.275,0.000,1.000,0.000,1,0,0,1,2,0,1,1,0.5,0.0,0.0,1.0,0.5,0.5
"G[1,1](GFR <= 108.980 -> BUN >= 0.624)
",-108.980,-108.980,0.000,1.000,0.000,1,0,0,1,2,0,1,1,0.5,0.0,0.0,1.0,0.5,0.5
"G[0,1]((WeightKg >= 19.697 | bmi >= 17.132) -> UnitsInsBasalOrLongAct <= 6.987)
",9999999.000,9999999.000,0.000,1.000,0.000,1,0,0,1,2,0,1,1,0.5,0.0,0.0,1.0,0.5,0.5
"G[0,0]((WeightKg >= 19.347 | bmi >= 17.304) -> UnitsInsBasalOrLongAct <= 6.702)
",-0.943,-3.252,0.000,1.000,0.000,1,0,0,1,2,0,1,1,0.5,0.0,0.0,1.0,0.5,0.5
"G[1,1](GFR <= 114.377 -> BUN >= 0.881)
",-114.377,-114.377,0.000,1.000,0.000,1,0,0,1,2,0,1,1,0.5,0.0,0.0,1.0,0.5,0.5
"G[1,1]((WeightKg >= 18.291 | bmi >= 17.189) -> UnitsInsBasalOrLongAct <= 5.622)
",-5.622,-5.622,0.000,1.000,0.000,1,0,0,1,2,0,1,1,0.5,0.0,0.0,1.0,0.5,0.5
"G[1,1]((diabDur <= 2.405 -> TSH >= 1.924) & age >= 2.448)
",-2.448,-2.448,0.000,1.000,0.000,1,0,0,1,2,0,1,1,0.5,0.0,0.0,1.0,0.5,0.5
"G[0,1]((WeightKg >= 19.530 | bmi >= 17.108) -> UnitsInsBasalOrLongAct <= 6.948)
",9999999.000,9999999.000,0.000,1.000,0.000,1,0,0,1,2,0,1,1,0.5,0.0,0.0,1.0,0.5,0.5
"G[0,0](BldPrDia >= 54.489 & SMBGperDayPtMeterCombo >= 5.327)
",21.755,43.511,0.000,1.000,0.000,1,0,0,1,2,0,1,1,0.5,0.0,0.0,1.0,0.5,0.5
"G[0,1]((UnitsInsBasalOrLongAct >= 4.203 & WeightKg >= 18.109) | WeightKg >= 18.472)
",9999999.000,9999999.000,0.000,1.000,0.000,1,0,0,1,2,0,1,1,0.5,0.0,0.0,1.0,0.5,0.5
"G[1,1]((WeightKg >= 18.359 | bmi >= 17.304) -> UnitsInsBasalOrLongAct <= 5.971)
",-5.971,-5.971,0.000,1.000,0.000,1,0,0,1,2,0,1,1,0.5,0.0,0.0,1.0,0.5,0.5
"G[0,1](SMBGperDayPtMeterCombo >= 5.478 & BGTestAvgNumPtRep >= 0.000)
",9999999.000,9999999.000,0.000,1.000,0.000,1,0,0,1,2,0,1,1,0.5,0.0,0.0,1.0,0.5,0.5
"G[2,2](WeightKg <= 21.012 & bmi <= 17.541)
",17.541,17.541,0.000,1.000,0.000,0,0,2,0,0,2,2,0,0.0,0.0,1.0,0.0,0.0,1.0
"G[0,0](((AlbCreatRat_mggNew >= 17.121 -> Pt_SiblingT1D <= 0.000) & AutonomicNeuroCl >= 0.000) & TotalDailyInsPerKg <= 0.000)
",-2.000,-2.000,0.000,1.000,0.000,0,0,0,2,2,0,0,2,0.0,0.0,0.0,0.0,0.0,1.0
"G[0,2]((HbA1cImputeDtMnC <= 21.666 | HbA1c <= 7.941) & Pt_DKAFlg <= 7.823)
",9999999.000,9999999.000,0.000,1.000,0.000,0,0,1,1,1,1,1,1,0.0,0.0,1.0,0.0,0.0,1.0
"G[0,2](GFR <= 168.290 -> BUN >= 0.029)
",9999999.000,9999999.000,0.000,1.000,0.000,0,0,0,2,2,0,0,2,0.0,0.0,0.0,0.0,0.0,1.0
"G[0,2](SMBGperDayPtMeterCombo >= 5.696 & BGTestAvgNumPtRep >= 0.000)
",9999999.000,9999999.000,0.000,1.000,0.000,0,0,1,1,1,1,1,1,0.0,0.0,1.0,0.0,0.0,1.0
"G[2,2]((diagAgeCombo >= 0.083 -> TotalDailyInsPerKg >= 0.637) | Triglyc <= 0.699)
",0.699,0.699,0.000,1.000,0.000,0,0,2,0,0,2,2,0,0.0,0.0,1.0,0.0,0.0,1.0
"G[0,2](GFR <= 115.937 -> BUN >= 1.303)
",9999999.000,9999999.000,0.000,1.000,0.000,0,0,0,2,2,0,0,2,0.0,0.0,0.0,0.0,0.0,1.0
"G[2,2]((HeightCm >= 103.603 -> AlbCreatRat_mggNew <= 34.331) | TotalDailyInsPerKg <= 41.496)
",41.496,41.496,0.000,1.000,0.000,0,0,2,0,0,2,2,0,0.0,0.0,1.0,0.0,0.0,1.0
"G[0,2]((DirectLDL >= 0.000 -> bmiZscore <= 1.427) & UnitsInsBasalOrLongAct <= 1.445)
",9999999.000,9999999.000,0.000,1.000,0.000,0,0,0,2,2,0,0,2,0.0,0.0,0.0,0.0,0.0,1.0
"G[2,2](((AlbCreatRat_mggNew >= 8.133 & Pt_SiblingT1D <= 0.000) & BUN <= 0.000) -> HDL <= 0.000)
",0.000,0.000,0.000,1.000,0.000,0,0,2,0,0,2,2,0,0.0,0.0,1.0,0.0,0.0,1.0
"G[2,2]((AlbCreatRat_mggNew <= 36.513 -> TotChol <= 73.136) & BGTestAvgNumPtRep >= 38.000)
",-73.136,-73.136,0.000,1.000,0.000,0,0,2,0,0,2,2,0,0.0,0.0,1.0,0.0,0.0,1.0
"G[1,2](diabDur >= 1.253 & Pt_A1cGoalLev <= 0.000)
",9999999.000,9999999.000,0.000,1.000,0.000,0,0,1,1,1,1,1,1,0.0,0.0,1.0,0.0,0.0,1.0
"G[0,2](SMBGperDayPtMeterCombo >= 5.173 & BGTestAvgNumPtRep >= 0.000)
",9999999.000,9999999.000,0.000,1.000,0.000,0,0,1,1,1,1,1,1,0.0,0.0,1.0,0.0,0.0,1.0
"G[0,2]((HbA1cImputeDtMnC >= 9.333 & Pt_ChildT1D >= 0.000) | BGTestAvgNumMeter <= 0.000)
",9999999.000,9999999.000,0.000,1.000,0.000,0,0,1,1,1,1,1,1,0.0,0.0,1.0,0.0,0.0,1.0
"G[1,2]((WeightKg >= 18.845 | bmi >= 17.089) -> UnitsInsBasalOrLongAct <= 6.478)
",9999999.000,9999999.000,0.000,1.000,0.000,0,0,2,0,0,2,2,0,0.0,0.0,1.0,0.0,0.0,1.0
"G[1,1](((BUN >= 0.861 | NumPumpBolusOrShortAct >= 2.827) | Pt_InsGov >= 2.500) & Pt_InsGov >= 0.787)
",-0.861,-0.861,0.000,1.000,0.000,0,0,0,2,2,0,0,2,0.0,0.0,0.0,0.0,0.0,1.0
"G[1,2](SMBGperDayPtMeterCombo >= 5.244 & BGTestAvgNumPtRep >= 0.000)
",9999999.000,9999999.000,0.000,1.000,0.000,0,0,1,1,1,1,1,1,0.0,0.0,1.0,0.0,0.0,1.0
"G[0,2](GFR <= 69.353 -> BUN >= 2.018)
",9999999.000,9999999.000,0.000,1.000,0.000,0,0,0,2,2,0,0,2,0.0,0.0,0.0,0.0,0.0,1.0
"G[0,2](BldPrDia >= 55.357 | HeightCm <= 114.380)
",9999999.000,9999999.000,0.000,1.000,0.000,0,0,1,1,1,1,1,1,0.0,0.0,1.0,0.0,0.0,1.0
"G[0,2]((LDL <= 24.887 -> BldPrDia <= 62.533) -> Pt_A1cGoalLevelDsYr5 >= 61.527)
",9999999.000,9999999.000,0.000,1.000,0.000,0,0,0,2,2,0,0,2,0.0,0.0,0.0,0.0,0.0,1.0
"G[1,2]((Pt_A1cGoalLevelDsYr5 <= 0.000 | bmiPerc >= 0.881) -> TSH <= 0.931)
",9999999.000,9999999.000,0.000,1.000,0.000,0,0,0,2,2,0,0,2,0.0,0.0,0.0,0.0,0.0,1.0
"G[1,2](((bmiZscore >= 1.218 -> LDL >= 13.840) -> TotalDailyInsPerKg <= 25.743) -> Pt_SiblingT1D >= 9.623)
",9999999.000,9999999.000,0.000,1.000,0.000,0,0,0,2,2,0,0,2,0.0,0.0,0.0,0.0,0.0,1.0
"G[2,2](TSH < 3.352 & Pt_SHFlg = 0.000)
",0.000,0.000,0.000,1.000,0.000,0,0,2,0,0,2,2,0,0.0,0.0,1.0,0.0,0.0,1.0
"G[2,2](((bmi >= 17.153 | DirectLDL <= 0.000) & UnitsInsBasalOrLongAct >= 0.000) -> BldPrDia <= 0.000)
",0.000,0.000,0.000,1.000,0.000,0,0,2,0,0,2,2,0,0.0,0.0,1.0,0.0,0.0,1.0
"G[2,2](((BUN <= 3.869 & Pt_GrandparentT1D <= 0.000) | HbA1c <= 0.000) | TSH <= 0.000)
",0.000,0.000,0.000,1.000,0.000,0,0,2,0,0,2,2,0,0.0,0.0,1.0,0.0,0.0,1.0
"G[1,2](((BUN <= 3.919 -> HbA1c >= 7.245) | Pt_DKAFlg <= 7.710) -> AutonomicNeuroCl <= 7.949)
",9999999.000,9999999.000,0.000,1.000,0.000,0,0,2,0,0,2,2,0,0.0,0.0,1.0,0.0,0.0,1.0
"G[2,2]((UnitsInsBasalOrLongAct <= 6.640 | age >= 4.412) & SMBGperDayPtMeterCombo >= 4.445)
",-4.445,-4.445,0.000,1.000,0.000,0,0,2,0,0,2,2,0,0.0,0.0,1.0,0.0,0.0,1.0
"G[2,2](((age <= 5.488 -> BldPrSys <= 94.590) & BGTestAvgNumPtRep <= 96.795) -> LDL >= 93.350)
",93.350,93.350,0.000,1.000,0.000,0,0,2,0,0,2,2,0,0.0,0.0,1.0,0.0,0.0,1.0
"G[1,2](((bmi <= 17.477 & Triglyc <= 36.038) | TSH >= 12.909) -> HbA1cImputeDtMnC >= 1.910)
",9999999.000,9999999.000,0.000,1.000,0.000,0,0,2,0,0,2,2,0,0.0,0.0,1.0,0.0,0.0,1.0
"G[0,1](((BldPrSys >= 93.224 & TSH <= 3.717) & Triglyc <= 3.321) & Pt_SiblingT1D >= 1.956)
",9999999.000,9999999.000,0.000,1.000,0.000,0,0,0,2,2,0,0,2,0.0,0.0,0.0,0.0,0.0,1.0
"G[1,2](BGTestAvgNumPtRep >= 0.000 -> Pt_CGMUseNumDays >= 0.000)
",9999999.000,9999999.000,0.000,1.000,0.000,0,0,2,0,0,2,2,0,0.0,0.0,1.0,0.0,0.0,1.0
"G[0,1](((UnitsInsBasalOrLongAct >= 4.946 | TotalDailyInsPerKg >= 0.631) -> HDL <= 0.674) & Pt_InsGov >= 0.622)
",9999999.000,9999999.000,0.000,1.000,0.000,0,0,0,2,2,0,0,2,0.0,0.0,0.0,0.0,0.0,1.0
"G[1,2](((bmiZscore >= 1.216 -> Pt_DKAFlg >= 0.000) -> TSH >= 0.000) & AutonomicNeuroCl <= 0.000)
",9999999.000,9999999.000,0.000,1.000,0.000,0,0,2,0,0,2,2,0,0.0,0.0,1.0,0.0,0.0,1.0
"G[0,2](HbA1c > 7.370 -> Pt_SHFlg = 0.000)
",9999999.000,9999999.000,0.000,1.000,0.000,0,0,2,0,0,2,2,0,0.0,0.0,1.0,0.0,0.0,1.0
"G[1,2](bmiZscore >= 1.208 & Pt_SHFlg = 0.000)
",9999999.000,9999999.000,0.000,1.000,0.000,0,0,1,1,1,1,1,1,0.0,0.0,1.0,0.0,0.0,1.0
"G[2,2](bmiZscore > 1.184 -> Pt_SHFlg = 0.000)
",0.000,0.000,0.000,1.000,0.000,0,0,2,0,0,2,2,0,0.0,0.0,1.0,0.0,0.0,1.0
"G[0,2](Pt_A1cGoalLevelDsYr5 <= 0.000 -> Pt_SHFlg = 0.000)
",9999999.000,9999999.000,0.000,1.000,0.000,0,0,2,0,0,2,2,0,0.0,0.0,1.0,0.0,0.0,1.0
"G[1,2]((TSH <= 3.692 & Pt_CGMUseNumDays <= 0.000) | Pt_A1cGoalLev <= 0.000)
",9999999.000,9999999.000,0.000,1.000,0.000,0,0,2,0,0,2,2,0,0.0,0.0,1.0,0.0,0.0,1.0
"G[0,2]((bmi <= 17.339 | HbA1cImputeDtMnC >= 6.629) | HeightCm >= 9.127)
",9999999.000,9999999.000,0.000,1.000,0.000,0,0,2,0,0,2,2,0,0.0,0.0,1.0,0.0,0.0,1.0
"G[0,2](GFR <= 161.171 -> BUN >= 1.345)
",9999999.000,9999999.000,0.000,1.000,0.000,0,0,0,2,2,0,0,2,0.0,0.0,0.0,0.0,0.0,1.0
"G[1,2](SMBGperDayPtMeterCombo >= 5.192 & BGTestAvgNumPtRep >= 0.000)
",9999999.000,9999999.000,0.000,1.000,0.000,0,0,1,1,1,1,1,1,0.0,0.0,1.0,0.0,0.0,1.0
"G[0,2](((Pt_CGMUseNumDays <= 0.000 & SMBGperDayPtMeterCombo <= 6.402) | BUN >= 5.832) -> Pt_ChildT1D >= 5.223)
",9999999.000,9999999.000,0.000,1.000,0.000,0,0,0,2,2,0,0,2,0.0,0.0,0.0,0.0,0.0,1.0
"G[0,2]((Pt_A1cGoalLev <= 0.000 | BldPrDia <= 63.218) -> bmi <= 62.377)
",9999999.000,9999999.000,0.000,1.000,0.000,0,0,2,0,0,2,2,0,0.0,0.0,1.0,0.0,0.0,1.0
"G[2,2](GFR <= 62.301 -> BUN >= 0.448)
",-62.301,-62.301,0.000,1.000,0.000,0,0,2,0,0,2,2,0,0.0,0.0,1.0,0.0,0.0,1.0
"G[1,2]((Pt_DKAFlg <= 0.000 | Pt_ChildT1D <= 0.000) -> bmi >= 0.000)
",9999999.000,9999999.000,0.000,1.000,0.000,0,0,2,0,0,2,2,0,0.0,0.0,1.0,0.0,0.0,1.0
"G[2,2](((Pt_MotherT1D <= 0.000 & BGTestAvgNumMeter >= 5.571) -> TotChol <= 6.488) -> UnitsInsBasalOrLongAct >= 5.676)
",5.676,5.676,0.000,1.000,0.000,0,0,2,0,0,2,2,0,0.0,0.0,1.0,0.0,0.0,1.0
"G[1,2](((TSH <= 3.135 | AutonomicNeuroCl >= 0.000) & BGTestAvgNumPtRep <= 0.000) -> Pt_MotherT1D >= 0.000)
",9999999.000,9999999.000,0.000,1.000,0.000,0,0,2,0,0,2,2,0,0.0,0.0,1.0,0.0,0.0,1.0
"G[1,2]((DirectLDL <= 0.000 & HeightCm >= 103.197) | TotChol >= 104.916)
",9999999.000,9999999.000,0.000,1.000,0.000,0,0,2,0,0,2,2,0,0.0,0.0,1.0,0.0,0.0,1.0
"G[1,2](SMBGperDayPtMeterCombo >= 5.518 & BGTestAvgNumPtRep >= 0.000)
",9999999.000,9999999.000,0.000,1.000,0.000,0,0,1,1,1,1,1,1,0.0,0.0,1.0,0.0,0.0,1.0
"G[1,2](Pt_ChildT1D >= 0.000 -> Pt_GrandparentT1D <= 0.000)
",9999999.000,9999999.000,0.000,1.000,0.000,0,0,2,0,0,2,2,0,0.0,0.0,1.0,0.0,0.0,1.0
"G[1,2](((TSH <= 2.880 | HDL >= 2.605) & age >= 12.669) & GFR <= 54.921)
",9999999.000,9999999.000,0.000,1.000,0.000,0,0,0,2,2,0,0,2,0.0,0.0,0.0,0.0,0.0,1.0
"G[0,2]((WeightKg >= 18.229 | bmi >= 17.281) -> UnitsInsBasalOrLongAct <= 6.738)
",9999999.000,9999999.000,0.000,1.000,0.000,0,0,1,1,1,1,1,1,0.0,0.0,1.0,0.0,0.0,1.0
"G[2,2]((LDL >= 2.221 & GFR >= 9.180) -> Triglyc <= 52.295)
",-52.295,-52.295,0.000,1.000,0.000,0,0,2,0,0,2,2,0,0.0,0.0,1.0,0.0,0.0,1.0
"G[1,2](SMBGperDayPtMeterCombo >= 5.583 & BGTestAvgNumPtRep >= 0.000)
",9999999.000,9999999.000,0.000,1.000,0.000,0,0,1,1,1,1,1,1,0.0,0.0,1.0,0.0,0.0,1.0
"G[1,2]((WeightKg >= 18.136 | bmi >= 17.283) -> UnitsInsBasalOrLongAct <= 6.498)
",9999999.000,9999999.000,0.000,1.000,0.000,0,0,2,0,0,2,2,0,0.0,0.0,1.0,0.0,0.0,1.0
"G[1,2](TotChol >= 0.406 | Pt_CGMUseNumDays <= 0.000)
",9999999.000,9999999.000,0.000,1.000,0.000,0,0,2,0,0,2,2,0,0.0,0.0,1.0,0.0,0.0,1.0
"G[0,2](GFR <= 126.720 -> BUN >= 1.197)
",9999999.000,9999999.000,0.000,1.000,0.000,0,0,0,2,2,0,0,2,0.0,0.0,0.0,0.0,0.0,1.0
"G[0,2](((Pt_ChildT1D >= 0.000 | AutonomicNeuroCl <= 0.000) & bmiZscore <= 0.000) | Pt_InsGov <= 0.000)
",9999999.000,9999999.000,0.000,1.000,0.000,0,0,2,0,0,2,2,0,0.0,0.0,1.0,0.0,0.0,1.0
"G[1,2](SMBGperDayPtMeterCombo >= 5.500 & BGTestAvgNumPtRep >= 0.000)
",9999999.000,9999999.000,0.000,1.000,0.000,0,0,1,1,1,1,1,1,0.0,0.0,1.0,0.0,0.0,1.0
"G[0,2]((AutonomicNeuroCl >= 0.000 | BGTestAvgNumPtRep >= 0.000) -> LDL >= 0.000)
",9999999.000,9999999.000,0.000,1.000,0.000,0,0,2,0,0,2,2,0,0.0,0.0,1.0,0.0,0.0,1.0
"G[0,2](((TSH >= 2.501 & SMBGperDayPtMeterCombo >= 5.540) | Triglyc >= 5.408) -> HbA1cImputeDtMnC >= 5.131)
",9999999.000,9999999.000,0.000,1.000,0.000,0,0,2,0,0,2,2,0,0.0,0.0,1.0,0.0,0.0,1.0
"G[0,2](((BldPrSys >= 93.572 -> TotalDailyInsPerKg <= 0.734) | Pt_InsGov >= 0.647) | bmiZscore >= 0.672)
",9999999.000,9999999.000,0.000,1.000,0.000,0,0,2,0,0,2,2,0,0.0,0.0,1.0,0.0,0.0,1.0
"G[0,2]((WeightKg >= 18.639 | bmi >= 17.234) -> UnitsInsBasalOrLongAct <= 6.632)
",9999999.000,9999999.000,0.000,1.000,0.000,0,0,1,1,1,1,1,1,0.0,0.0,1.0,0.0,0.0,1.0
"G[0,2](diagAgeCombo <= 1.722 | GFR <= 164.603)
",9999999.000,9999999.000,0.000,1.000,0.000,0,0,2,0,0,2,2,0,0.0,0.0,1.0,0.0,0.0,1.0
"G[0,2](((Pt_FatherT1D <= 0.000 -> AlbCreatRat_mggNew >= 5.204) | age <= 37.572) | TotChol >= 1.378)
",9999999.000,9999999.000,0.000,1.000,0.000,0,0,2,0,0,2,2,0,0.0,0.0,1.0,0.0,0.0,1.0
"G[0,0](((BUN <= 2.542 -> WeightKg <= 22.274) -> Pt_MotherT1D <= 21.414) -> HDL >= 19.908)
",-0.514,-21.092,0.000,1.000,0.000,0,0,0,2,2,0,0,2,0.0,0.0,0.0,0.0,0.0,1.0
"G[2,2]((Pt_GrandchildT1D >= 0.000 | Pt_A1cGoalLev >= 0.000) & BldPrSys >= 0.000)
",0.000,0.000,0.000,1.000,0.000,0,0,2,0,0,2,2,0,0.0,0.0,1.0,0.0,0.0,1.0
"G[0,2](AlbCreatRat_mggNew >= 21.130 | Pt_DKAFlg <= 0.000)
",9999999.000,9999999.000,0.000,1.000,0.000,0,0,2,0,0,2,2,0,0.0,0.0,1.0,0.0,0.0,1.0
"G[2,2]((bmiPerc <= 0.922 & AutonomicNeuroCl <= 0.000) | Pt_DKAFlg <= 0.000)
",0.000,0.000,0.000,1.000,0.000,0,0,2,0,0,2,2,0,0.0,0.0,1.0,0.0,0.0,1.0
"G[0,2]((WeightKg >= 18.921 | bmi >= 17.269) -> UnitsInsBasalOrLongAct <= 6.972)
",9999999.000,9999999.000,0.000,1.000,0.000,0,0,1,1,1,1,1,1,0.0,0.0,1.0,0.0,0.0,1.0
"G[0,2](((Pt_GrandchildT1D >= 0.000 | Pt_SiblingT1D <= 0.000) & Pt_SiblingT1D >= 0.000) -> Pt_InsGov >= 0.000)
",9999999.000,9999999.000,0.000,1.000,0.000,0,0,2,0,0,2,2,0,0.0,0.0,1.0,0.0,0.0,1.0
"G[2,2]((Pt_CGMUseNumDays <= 0.000 & Pt_GrandchildT1D <= 0.000) | BldPrSys >= 0.000)
",0.000,0.000,0.000,1.000,0.000,0,0,2,0,0,2,2,0,0.0,0.0,1.0,0.0,0.0,1.0
"G[0,2](((Pt_DKAFlg <= 0.000 | BUN <= 7.154) & Pt_DKAFlg <= 4.033) & LDL >= 1.579)
",9999999.000,9999999.000,0.000,1.000,0.000,0,0,0,2,2,0,0,2,0.0,0.0,0.0,0.0,0.0,1.0
"G[2,2](SMBGperDayPtMeterCombo >= 5.104 & BGTestAvgNumPtRep >= 0.000)
",-5.104,-5.104,0.000,1.000,0.000,0,0,2,0,0,2,2,0,0.0,0.0,1.0,0.0,0.0,1.0
"G[0,2](((Pt_GrandchildT1D >= 0.000 -> BUN >= 0.633) & SMBGperDayPtMeterCombo <= 2.273) & Pt_GrandchildT1D <= 8.823)
",9999999.000,9999999.000,0.000,1.000,0.000,0,0,0,2,2,0,0,2,0.0,0.0,0.0,0.0,0.0,1.0
"G[0,2](((Pt_MotherT1D >= 0.000 | bmi >= 17.258) | AlbCreatRat_mggNew >= 17.118) & AlbCreatRat_mggNew >= 17.145)
",9999999.000,9999999.000,0.000,1.000,0.000,0,0,0,2,2,0,0,2,0.0,0.0,0.0,0.0,0.0,1.0
"G[0,2]((TSH >= 2.599 | Pt_ChildT1D <= 0.000) | Pt_GrandchildT1D >= 0.000)
",9999999.000,9999999.000,0.000,1.000,0.000,0,0,2,0,0,2,2,0,0.0,0.0,1.0,0.0,0.0,1.0
"G[0,2]((TSH <= 3.422 | bmiZscore >= 1.231) & diabDur <= 1.326)
",9999999.000,9999999.000,0.000,1.000,0.000,0,0,1,1,1,1,1,1,0.0,0.0,1.0,0.0,0.0,1.0
"G[0,2](HDL <= 27.969 & Pt_SHFlg <= 0.000)
",9999999.000,9999999.000,0.000,1.000,0.000,0,0,1,1,1,1,1,1,0.0,0.0,1.0,0.0,0.0,1.0
"G[0,1]((bmiZscore <= 1.328 | HDL >= 0.596) & Pt_GrandchildT1D >= 7.109)
",9999999.000,9999999.000,0.000,1.000,0.000,0,0,0,2,2,0,0,2,0.0,0.0,0.0,0.0,0.0,1.0
"G[2,2](BUN <= 6.739 -> GFR >= 11.012)
",-6.739,-6.739,0.000,1.000,0.000,0,0,2,0,0,2,2,0,0.0,0.0,1.0,0.0,0.0,1.0
"G[1,2](Pt_InsGov <= 0.000 | bmiPerc >= 0.880)
",9999999.000,9999999.000,0.000,1.000,0.000,0,0,2,0,0,2,2,0,0.0,0.0,1.0,0.0,0.0,1.0
"G[1,2](GFR <= 96.468 -> BUN >= 1.359)
",9999999.000,9999999.000,0.000,1.000,0.000,0,0,1,1,1,1,1,1,0.0,0.0,1.0,0.0,0.0,1.0
"G[0,2]((Pt_FatherT1D <= 0.000 & GFR >= 42.153) & BGTestAvgNumPtRep >= 19.495)
",9999999.000,9999999.000,0.000,1.000,0.000,0,0,0,2,2,0,0,2,0.0,0.0,0.0,0.0,0.0,1.0
"G[0,1](bmiZscore <= 1.382 -> GFR >= 7.322)
",9999999.000,9999999.000,0.000,1.000,0.000,0,0,0,2,2,0,0,2,0.0,0.0,0.0,0.0,0.0,1.0
"G[0,2](BGTestAvgNumPtRep <= 0.000 & diabDur >= 1.167)
",9999999.000,9999999.000,0.000,1.000,0.000,0,0,1,1,1,1,1,1,0.0,0.0,1.0,0.0,0.0,1.0
"G[1,2](BldPrSys >= 92.530 & NumPumpBolusOrShortAct <= 4.673)
",9999999.000,9999999.000,0.000,1.000,0.000,0,0,1,1,1,1,1,1,0.0,0.0,1.0,0.0,0.0,1.0
"G[1,2](((bmi >= 17.121 -> UnitsInsBasalOrLongAct <= 6.356) | Pt_A1cGoalLev >= 5.391) -> Pt_DKAFlg >= 5.347)
",9999999.000,9999999.000,0.000,1.000,0.000,0,0,0,2,2,0,0,2,0.0,0.0,0.0,0.0,0.0,1.0
"G[0,1](((BldPrDia <= 67.355 & HDL <= 18.188) -> WeightKg <= 49.464) -> Pt_InsGov >= 0.325)
",9999999.000,9999999.000,0.000,1.000,0.000,0,0,0,2,2,0,0,2,0.0,0.0,0.0,0.0,0.0,1.0
"G[0,2](((BldPrDia >= 56.520 | TSH <= 3.296) & AutonomicNeuroCl <= 2.675) | Pt_MotherT1D <= 3.488)
",9999999.000,9999999.000,0.000,1.000,0.000,0,0,2,0,0,2,2,0,0.0,0.0,1.0,0.0,0.0,1.0
"G[1,2](GFR >= 32.416 -> UnitsInsBasalOrLongAct >= 5.131)
",9999999.000,9999999.000,0.000,1.000,0.000,0,0,2,0,0,2,2,0,0.0,0.0,1.0,0.0,0.0,1.0
"G[1,2](TSH <= 2.833 -> UnitsInsBasalOrLongAct <= 6.119)
",9999999.000,9999999.000,0.000,1.000,0.000,0,0,2,0,0,2,2,0,0.0,0.0,1.0,0.0,0.0,1.0
"G[0,2](((bmi <= 17.591 & TSH >= 2.007) -> NumPumpBolusOrShortAct <= 3.448) -> Pt_CGMUseNumDays <= 2.878)
",9999999.000,9999999.000,0.000,1.000,0.000,0,0,2,0,0,2,2,0,0.0,0.0,1.0,0.0,0.0,1.0
"G[1,2]((HbA1c <= 7.619 -> NumPumpBolusOrShortAct >= 0.314) -> Pt_SHFlg >= 0.887)
",9999999.000,9999999.000,0.000,1.000,0.000,0,0,0,2,2,0,0,2,0.0,0.0,0.0,0.0,0.0,1.0
"G[0,1]((age <= 4.795 & AlbCreatRat_mggNew >= 18.712) & bmiZscore <= 39.412)
",9999999.000,9999999.000,0.000,1.000,0.000,0,0,0,2,2,0,0,2,0.0,0.0,0.0,0.0,0.0,1.0
"G[0,2]((BldPrSys <= 99.082 | HeightCm <= 111.022) | WeightKg <= 110.541)
",9999999.000,9999999.000,0.000,1.000,0.000,0,0,2,0,0,2,2,0,0.0,0.0,1.0,0.0,0.0,1.0
"G[2,2](bmi <= 17.436 & diabDur <= 2.123)
",2.123,2.123,0.000,1.000,0.000,0,0,2,0,0,2,2,0,0.0,0.0,1.0,0.0,0.0,1.0
"G[2,2]((AlbCreatRat_mggNew <= 24.270 -> TSH >= 1.717) | BGTestAvgNumMeter >= 2.000)
",-2.000,-2.000,0.000,1.000,0.000,0,0,2,0,0,2,2,0,0.0,0.0,1.0,0.0,0.0,1.0
"G[0,2]((LDL >= 1.598 -> WeightKg <= 22.846) & BldPrSys <= 21.983)
",9999999.000,9999999.000,0.000,1.000,0.000,0,0,0,2,2,0,0,2,0.0,0.0,0.0,0.0,0.0,1.0
"G[2,2](((HbA1c <= 7.890 | TotalDailyInsPerKg <= 0.729) -> Triglyc <= 0.737) | TSH <= 0.708)
",0.708,0.708,0.000,1.000,0.000,0,0,2,0,0,2,2,0,0.0,0.0,1.0,0.0,0.0,1.0
"G[0,1](bmi >= 17.114 | Triglyc >= 1.365)
",9999999.000,9999999.000,0.000,1.000,0.000,0,0,0,2,2,0,0,2,0.0,0.0,0.0,0.0,0.0,1.0
"G[2,2]((AlbCreatRat_mggNew >= 22.506 & HbA1cImputeDtMnC <= 19.946) -> NumPumpBolusOrShortAct <= 17.514)
",-17.514,-17.514,0.000,1.000,0.000,0,0,2,0,0,2,2,0,0.0,0.0,1.0,0.0,0.0,1.0
"G[0,1](((BldPrSys <= 99.617 & TSH <= 3.369) -> BGTestAvgNumPtRep >= 2.338) -> AutonomicNeuroCl >= 1.923)
",9999999.000,9999999.000,0.000,1.000,0.000,0,0,0,2,2,0,0,2,0.0,0.0,0.0,0.0,0.0,1.0
"G[0,2]((bmiPerc <= 0.898 -> HbA1c <= 7.830) -> Pt_CGMUseNumDays <= 7.770)
",9999999.000,9999999.000,0.000,1.000,0.000,0,0,2,0,0,2,2,0,0.0,0.0,1.0,0.0,0.0,1.0
"G[0,2]((bmiZscore >= 1.175 & HbA1c <= 7.614) -> DirectLDL >= 7.557)
",9999999.000,9999999.000,0.000,1.000,0.000,0,0,0,2,2,0,0,2,0.0,0.0,0.0,0.0,0.0,1.0
"G[0,1]((HeightCm <= 111.411 & TotChol >= 26.029) & diabDur <= 151.698)
",9999999.000,9999999.000,0.000,1.000,0.000,0,0,0,2,2,0,0,2,0.0,0.0,0.0,0.0,0.0,1.0
"G[1,2](((HbA1c <= 7.740 -> UnitsInsBasalOrLongAct <= 5.742) | Pt_A1cGoalLev >= 5.471) | bmi <= 6.258)
",9999999.000,9999999.000,0.000,1.000,0.000,0,0,2,0,0,2,2,0,0.0,0.0,1.0,0.0,0.0,1.0
"G[1,2](((NumPumpBolusOrShortAct >= 0.391 -> GFR >= 2.248) -> AlbCreatRat_mggNew >= 10.666) & DirectLDL <= 113.868)
",9999999.000,9999999.000,0.000,1.000,0.000,0,0,1,1,1,1,1,1,0.0,0.0,1.0,0.0,0.0,1.0
"G[1,2](BldPrDia >= 54.526 -> HbA1cImputeDtMnC <= 15.199)
",9999999.000,9999999.000,0.000,1.000,0.000,0,0,2,0,0,2,2,0,0.0,0.0,1.0,0.0,0.0,1.0
"G[1,2](BUN >= 2.110 & TotalDailyInsPerKg >= 0.637)
",9999999.000,9999999.000,0.000,1.000,0.000,0,0,1,1,1,1,1,1,0.0,0.0,1.0,0.0,0.0,1.0
"G[1,2]((TotalDailyInsPerKg >= 0.666 | TotChol <= 128.892) -> BldPrSys >= 19.396)
",9999999.000,9999999.000,0.000,1.000,0.000,0,0,2,0,0,2,2,0,0.0,0.0,1.0,0.0,0.0,1.0
"G[1,2]((diagAgeCombo <= 0.604 -> HeightCm >= 107.020) | TotalDailyInsPerKg >= 107.423)
",9999999.000,9999999.000,0.000,1.000,0.000,0,0,1,1,1,1,1,1,0.0,0.0,1.0,0.0,0.0,1.0
"G[0,2]((BldPrSys >= 90.470 -> bmiZscore <= 1.259) & HbA1cImputeDtMnC <= 1.437)
",9999999.000,9999999.000,0.000,1.000,0.000,0,0,0,2,2,0,0,2,0.0,0.0,0.0,0.0,0.0,1.0
"G[1,2]((bmiZscore <= 1.297 | SMBGperDayPtMeterCombo >= 5.237) -> UnitsInsBasalOrLongAct <= 6.001)
",9999999.000,9999999.000,0.000,1.000,0.000,0,0,2,0,0,2,2,0,0.0,0.0,1.0,0.0,0.0,1.0
"G[0,2](((BldPrSys <= 95.454 & bmiPerc <= 0.910) -> TSH >= 0.886) & HeightCm <= 0.906)
",9999999.000,9999999.000,0.000,1.000,0.000,0,0,0,2,2,0,0,2,0.0,0.0,0.0,0.0,0.0,1.0
"G[1,2]((bmiPerc <= 0.905 & HeightCm <= 111.432) | BldPrDia >= 103.449)
",9999999.000,9999999.000,0.000,1.000,0.000,0,0,0,2,2,0,0,2,0.0,0.0,0.0,0.0,0.0,1.0
"G[2,2](((bmiZscore <= 1.278 -> HeightCm <= 111.780) | bmiZscore >= 104.722) | Pt_GrandparentT1D <= 111.902)
",111.902,111.902,0.000,1.000,0.000,0,0,2,0,0,2,2,0,0.0,0.0,1.0,0.0,0.0,1.0
"G[1,2]((AlbCreatRat_mggNew <= 27.164 -> UnitsInsBasalOrLongAct <= 6.206) -> AlbCreatRat_mggNew <= 6.940)
",9999999.000,9999999.000,0.000,1.000,0.000,0,0,1,1,1,1,1,1,0.0,0.0,1.0,0.0,0.0,1.0
"G[0,2](bmi >= 17.166 | diagAgeCombo >= 0.089)
",9999999.000,9999999.000,0.000,1.000,0.000,0,0,1,1,1,1,1,1,0.0,0.0,1.0,0.0,0.0,1.0
"G[1,2]((BldPrSys >= 92.813 -> UnitsInsBasalOrLongAct >= 4.745) -> NumPumpBolusOrShortAct >= 4.971)
",9999999.000,9999999.000,0.000,1.000,0.000,0,0,1,1,1,1,1,1,0.0,0.0,1.0,0.0,0.0,1.0
"G[2,2]((bmiZscore >= 1.152 -> TotalDailyInsPerKg <= 0.690) -> HbA1c >= 0.665)
",0.665,0.665,0.000,1.000,0.000,0,0,2,0,0,2,2,0,0.0,0.0,1.0,0.0,0.0,1.0
"G[1,2]((BldPrDia <= 63.695 & bmi >= 17.277) | diabDur <= 17.524)
",9999999.000,9999999.000,0.000,1.000,0.000,0,0,2,0,0,2,2,0,0.0,0.0,1.0,0.0,0.0,1.0
"G[0,2]((HbA1c <= 7.824 & HeightCm >= 102.751) | Pt_MotherT1D >= 105.699)
",9999999.000,9999999.000,0.000,1.000,0.000,0,0,0,2,2,0,0,2,0.0,0.0,0.0,0.0,0.0,1.0
"G[0,2]((BldPrDia <= 67.736 -> HeightCm <= 109.667) & HDL <= 111.770)
",9999999.000,9999999.000,0.000,1.000,0.000,0,0,1,1,1,1,1,1,0.0,0.0,1.0,0.0,0.0,1.0
"G[0,2](((bmi <= 17.387 | HbA1c >= 7.286) | diabDur <= 7.706) & TotalDailyInsPerKg <= 7.799)
",9999999.000,9999999.000,0.000,1.000,0.000,0,0,2,0,0,2,2,0,0.0,0.0,1.0,0.0,0.0,1.0
"G[0,2]((AlbCreatRat_mggNew <= 36.086 & bmi >= 17.273) -> Triglyc >= 17.306)
",9999999.000,9999999.000,0.000,1.000,0.000,0,0,2,0,0,2,2,0,0.0,0.0,1.0,0.0,0.0,1.0
"G[1,2]((BldPrDia >= 56.617 | TotalDailyInsPerKg >= 0.642) | bmiZscore <= 0.743)
",9999999.000,9999999.000,0.000,1.000,0.000,0,0,2,0,0,2,2,0,0.0,0.0,1.0,0.0,0.0,1.0
"G[1,2]((bmi >= 17.267 | NumPumpBolusOrShortAct <= 4.211) -> WeightKg >= 3.398)
",9999999.000,9999999.000,0.000,1.000,0.000,0,0,2,0,0,2,2,0,0.0,0.0,1.0,0.0,0.0,1.0
"G[1,2]((diagAgeCombo <= 1.708 & GFR <= 50.463) & Pt_DKAFlg >= 22.541)
",9999999.000,9999999.000,0.000,1.000,0.000,0,0,0,2,2,0,0,2,0.0,0.0,0.0,0.0,0.0,1.0
"G[0,1]((diagAgeCombo <= 1.054 -> HDL <= 55.919) -> BUN >= 11.980)
",9999999.000,9999999.000,0.000,1.000,0.000,0,0,0,2,2,0,0,2,0.0,0.0,0.0,0.0,0.0,1.0
"G[2,2](((AlbCreatRat_mggNew >= 21.021 | BGTestAvgNumMeter >= 5.459) & Triglyc <= 6.222) & Pt_MotherT1D >= 5.563)
",-5.563,-5.563,0.000,1.000,0.000,0,0,2,0,0,2,2,0,0.0,0.0,1.0,0.0,0.0,1.0
"G[1,2](bmiZscore >= 1.162 & bmi >= 17.221)
",9999999.000,9999999.000,0.000,1.000,0.000,0,0,1,1,1,1,1,1,0.0,0.0,1.0,0.0,0.0,1.0
"G[2,2]((BUN >= 1.475 -> HbA1cImputeDtMnC >= -0.420) & Pt_DKAFlg <= 14.256)
",-0.420,-0.420,0.000,1.000,0.000,0,0,2,0,0,2,2,0,0.0,0.0,1.0,0.0,0.0,1.0
"G[1,2](BldPrDia <= 68.720 | BldPrSys <= 95.464)
",9999999.000,9999999.000,0.000,1.000,0.000,0,0,2,0,0,2,2,0,0.0,0.0,1.0,0.0,0.0,1.0
"G[2,2](((TotChol >= 17.751 & diagAgeCombo >= 0.268) | NumPumpBolusOrShortAct <= 1.365) & DirectLDL >= 0.455)
",-0.455,-0.455,0.000,1.000,0.000,0,0,2,0,0,2,2,0,0.0,0.0,1.0,0.0,0.0,1.0
"G[2,2](((bmiZscore <= 1.260 | WeightKg >= 19.608) & Triglyc <= 20.998) | HbA1c <= 22.794)
",22.794,22.794,0.000,1.000,0.000,0,0,2,0,0,2,2,0,0.0,0.0,1.0,0.0,0.0,1.0
"G[1,2]((Pt_A1cGoalLev <= 0.000 & AlbCreatRat_mggNew >= 23.260) -> NumPumpBolusOrShortAct >= 15.497)
",9999999.000,9999999.000,0.000,1.000,0.000,0,0,1,1,1,1,1,1,0.0,0.0,1.0,0.0,0.0,1.0
"G[0,1]((Triglyc >= 5.622 & Pt_GrandparentT1D <= 0.000) & Pt_DKAFlg <= 0.000)
",9999999.000,9999999.000,0.000,1.000,0.000,0,0,0,2,2,0,0,2,0.0,0.0,0.0,0.0,0.0,1.0
"G[2,2]((Pt_InsGov >= 0.000 | Pt_FatherT1D >= 0.000) -> Pt_GrandchildT1D >= 0.000)
",0.000,0.000,0.000,1.000,0.000,0,0,2,0,0,2,2,0,0.0,0.0,1.0,0.0,0.0,1.0
"G[1,2]((HeightCm >= 104.686 & NumPumpBolusOrShortAct <= 7.791) & HDL <= 7.430)
",9999999.000,9999999.000,0.000,1.000,0.000,0,0,0,2,2,0,0,2,0.0,0.0,0.0,0.0,0.0,1.0
"G[1,1](((age >= 4.079 -> Pt_SiblingT1D >= 0.000) & Pt_SHFlg >= 0.000) & AlbCreatRat_mggNew <= 0.000)
",0.000,0.000,0.000,1.000,0.000,0,0,0,2,2,0,0,2,0.0,0.0,0.0,0.0,0.0,1.0
"G[0,1](AlbCreatRat_mggNew <= 34.748 -> BldPrSys <= 94.745)
",9999999.000,9999999.000,0.000,1.000,0.000,0,0,0,2,2,0,0,2,0.0,0.0,0.0,0.0,0.0,1.0
"G[1,2](HbA1cImputeDtMnC <= 20.468 & TSH >= 2.199)
",9999999.000,9999999.000,0.000,1.000,0.000,0,0,0,2,2,0,0,2,0.0,0.0,0.0,0.0,0.0,1.0
"G[0,2]((SMBGperDayPtMeterCombo >= 5.065 | BGTestAvgNumPtRep <= 0.000) & Pt_MotherT1D <= 0.000)
",9999999.000,9999999.000,0.000,1.000,0.000,0,0,2,0,0,2,2,0,0.0,0.0,1.0,0.0,0.0,1.0
"G[0,2](((NumPumpBolusOrShortAct >= 2.394 | HbA1c >= 7.435) & Pt_GrandchildT1D <= 7.850) & BGTestAvgNumPtRep <= 7.940)
",9999999.000,9999999.000,0.000,1.000,0.000,0,0,1,1,1,1,1,1,0.0,0.0,1.0,0.0,0.0,1.0
"G[1,2](((Pt_CGMUseNumDays <= 0.000 | BGTestAvgNumPtRep <= 0.000) | LDL <= 0.000) & AlbCreatRat_mggNew <= 0.000)
",9999999.000,9999999.000,0.000,1.000,0.000,0,0,0,2,2,0,0,2,0.0,0.0,0.0,0.0,0.0,1.0
"G[0,1]((HbA1cImputeDtMnC >= 6.511 -> bmi >= 17.090) -> diagAgeCombo >= 17.190)
",9999999.000,9999999.000,0.000,1.000,0.000,0,0,0,2,2,0,0,2,0.0,0.0,0.0,0.0,0.0,1.0
"G[1,2]((Pt_ChildT1D <= 0.000 | DirectLDL <= 0.000) & Pt_ChildT1D >= 0.000)
",9999999.000,9999999.000,0.000,1.000,0.000,0,0,2,0,0,2,2,0,0.0,0.0,1.0,0.0,0.0,1.0
"G[0,2](((HbA1cImputeDtMnC >= 4.655 | WeightKg >= 20.290) -> Pt_GrandparentT1D >= 19.581) -> TotChol <= 21.863)
",9999999.000,9999999.000,0.000,1.000,0.000,0,0,2,0,0,2,2,0,0.0,0.0,1.0,0.0,0.0,1.0
"G[0,2]((HbA1cImputeDtMnC >= 8.908 -> HeightCm <= 111.770) & HbA1c >= 102.894)
",9999999.000,9999999.000,0.000,1.000,0.000,0,0,0,2,2,0,0,2,0.0,0.0,0.0,0.0,0.0,1.0
"G[1,2](bmi < 17.385 & Pt_SHFlg = 0.000)
",9999999.000,9999999.000,0.000,1.000,0.000,0,0,1,1,1,1,1,1,0.0,0.0,1.0,0.0,0.0,1.0
"G[1,2](HbA1c >= 7.281 | age >= 4.060)
",9999999.000,9999999.000,0.000,1.000,0.000,0,0,2,0,0,2,2,0,0.0,0.0,1.0,0.0,0.0,1.0
"G[0,2]((Pt_CGMUseNumDays <= 0.000 -> Pt_CGMUseNumDays <= 0.000) & NumPumpBolusOrShortAct >= 0.000)
",9999999.000,9999999.000,0.000,1.000,0.000,0,0,2,0,0,2,2,0,0.0,0.0,1.0,0.0,0.0,1.0
"G[2,2](BldPrDia < 69.286 -> Pt_SHFlg = 0.000)
",-69.286,-69.286,0.000,1.000,0.000,0,0,2,0,0,2,2,0,0.0,0.0,1.0,0.0,0.0,1.0
"G[0,2]((Pt_ChildT1D <= 0.000 | Pt_ChildT1D <= 0.000) & diabDur <= 0.000)
",9999999.000,9999999.000,0.000,1.000,0.000,0,0,0,2,2,0,0,2,0.0,0.0,0.0,0.0,0.0,1.0
"G[0,2](WeightKg >= 19.674 -> BldPrDia <= 66.852)
",9999999.000,9999999.000,0.000,1.000,0.000,0,0,2,0,0,2,2,0,0.0,0.0,1.0,0.0,0.0,1.0
"G[1,2](((Triglyc >= 8.656 | age >= 4.481) | Pt_ChildT1D >= 4.032) | Pt_ChildT1D <= 4.854)
",9999999.000,9999999.000,0.000,1.000,0.000,0,0,2,0,0,2,2,0,0.0,0.0,1.0,0.0,0.0,1.0
"G[1,2](((Pt_A1cGoalLev >= 0.000 & Pt_GrandparentT1D >= 0.000) & Pt_ChildT1D >= 0.000) & diabDur >= 0.000)
",9999999.000,9999999.000,0.000,1.000,0.000,0,0,2,0,0,2,2,0,0.0,0.0,1.0,0.0,0.0,1.0
"G[0,2](((BGTestAvgNumMeter <= 6.553 -> TSH <= 3.066) -> Pt_CGMUseNumDays >= 1.792) -> Pt_FatherT1D <= 2.815)
",9999999.000,9999999.000,0.000,1.000,0.000,0,0,2,0,0,2,2,0,0.0,0.0,1.0,0.0,0.0,1.0
"G[0,2](((HDL >= 5.280 | Pt_ChildT1D <= 0.000) -> WeightKg >= 0.000) & BldPrSys <= 0.000)
",9999999.000,9999999.000,0.000,1.000,0.000,0,0,0,2,2,0,0,2,0.0,0.0,0.0,0.0,0.0,1.0
"G[2,2](((bmiZscore <= 1.283 | Pt_ChildT1D <= 0.000) & WeightKg >= 0.000) -> Pt_FatherT1D <= 0.000)
",0.000,0.000,0.000,1.000,0.000,0,0,2,0,0,2,2,0,0.0,0.0,1.0,0.0,0.0,1.0
"G[0,2](((Pt_A1cGoalLevelDsYr5 >= 0.000 | Pt_ChildT1D <= 0.000) | LDL >= 0.000) & Pt_A1cGoalLevelDsYr5 >= 0.000)
",9999999.000,9999999.000,0.000,1.000,0.000,0,0,2,0,0,2,2,0,0.0,0.0,1.0,0.0,0.0,1.0
"G[0,2](Pt_CGMUseNumDays <= 0.000 -> Pt_CGMUseNumDays >= 0.000)
",9999999.000,9999999.000,0.000,1.000,0.000,0,0,2,0,0,2,2,0,0.0,0.0,1.0,0.0,0.0,1.0
"G[2,2]((AlbCreatRat_mggNew >= 21.475 -> HeightCm <= 113.955) & Pt_InsGov <= 110.811)
",-113.955,-113.955,0.000,1.000,0.000,0,0,2,0,0,2,2,0,0.0,0.0,1.0,0.0,0.0,1.0
"G[1,2]((Pt_InsGov >= 0.000 -> TSH >= 2.564) & Pt_InsGov >= 2.021)
",9999999.000,9999999.000,0.000,1.000,0.000,0,0,0,2,2,0,0,2,0.0,0.0,0.0,0.0,0.0,1.0
"G[1,2](age >= 4.481 & HDL <= 27.743)
",9999999.000,9999999.000,0.000,1.000,0.000,0,0,0,2,2,0,0,2,0.0,0.0,0.0,0.0,0.0,1.0
"G[1,2]((TotalDailyInsPerKg <= 0.746 -> HeightCm >= 103.568) -> HbA1cImputeDtMnC >= 103.600)
",9999999.000,9999999.000,0.000,1.000,0.000,0,0,0,2,2,0,0,2,0.0,0.0,0.0,0.0,0.0,1.0
"G[1,1](((HbA1c <= 8.048 | bmiPerc <= 0.905) & HbA1c <= 0.923) & diagAgeCombo >= 0.887)
",-0.887,-0.887,0.000,1.000,0.000,0,0,0,2,2,0,0,2,0.0,0.0,0.0,0.0,0.0,1.0
"G[0,2](Pt_ChildT1D >= 0.000 -> Pt_FatherT1D >= 0.000)
",9999999.000,9999999.000,0.000,1.000,0.000,0,0,2,0,0,2,2,0,0.0,0.0,1.0,0.0,0.0,1.0
"G[0,2]((BUN <= 5.390 -> SMBGperDayPtMeterCombo >= 5.304) | HDL <= 7.998)
",9999999.000,9999999.000,0.000,1.000,0.000,0,0,2,0,0,2,2,0,0.0,0.0,1.0,0.0,0.0,1.0
"G[0,2](bmi >= 17.299 | bmiZscore <= 1.342)
",9999999.000,9999999.000,0.000,1.000,0.000,0,0,2,0,0,2,2,0,0.0,0.0,1.0,0.0,0.0,1.0
"G[0,2]((Pt_CGMUseNumDays <= 0.000 -> BldPrDia <= 64.888) | bmi >= 61.144)
",9999999.000,9999999.000,0.000,1.000,0.000,0,0,1,1,1,1,1,1,0.0,0.0,1.0,0.0,0.0,1.0
"G[0,0](((NumPumpBolusOrShortAct <= 6.100 | UnitsInsBasalOrLongAct <= 6.483) -> Pt_FatherT1D >= 4.808) & Pt_SHFlg <= 5.890)
",-2.061,-12.595,0.000,1.000,0.000,0,0,0,2,2,0,0,2,0.0,0.0,0.0,0.0,0.0,1.0
"G[0,2]((NumPumpBolusOrShortAct >= 0.636 | WeightKg <= 23.030) | HeightCm <= 20.493)
",9999999.000,9999999.000,0.000,1.000,0.000,0,0,1,1,1,1,1,1,0.0,0.0,1.0,0.0,0.0,1.0
"G[1,2]((AlbCreatRat_mggNew >= 7.971 | Pt_SiblingT1D <= 0.000) | Pt_GrandparentT1D <= 0.000)
",9999999.000,9999999.000,0.000,1.000,0.000,0,0,2,0,0,2,2,0,0.0,0.0,1.0,0.0,0.0,1.0
"G[2,2](NumPumpBolusOrShortAct >= 2.272 -> TotalDailyInsPerKg >= 0.664)
",0.664,0.664,0.000,1.000,0.000,0,0,2,0,0,2,2,0,0.0,0.0,1.0,0.0,0.0,1.0
"G[0,2]((bmi <= 17.571 & LDL >= 5.363) & Triglyc >= 8.966)
",9999999.000,9999999.000,0.000,1.000,0.000,0,0,0,2,2,0,0,2,0.0,0.0,0.0,0.0,0.0,1.0
"G[2,2](BldPrDia >= 61.022 & GFR <= 153.798)
",-61.022,-61.022,0.000,1.000,0.000,0,0,2,0,0,2,2,0,0.0,0.0,1.0,0.0,0.0,1.0
"G[2,2](bmi <= 17.450 | Pt_A1cGoalLevelDsYr5 >= 0.000)
",17.450,17.450,0.000,1.000,0.000,0,0,2,0,0,2,2,0,0.0,0.0,1.0,0.0,0.0,1.0
