Rule,Discrimination Score,Pos Robustness,Neg Robustness,Percent Class +,Percent Class -,TP,TN,FP,FN,Actual Yes,Actual No,Predicted Yes,Predicted No,TPR/Sens,TNR/Spec,FPR,Precision,Accuracy,MCR,Class
"G[0,0](SMBGperDayPtMeterCombo >= 6.000 & BGTestAvgNumPtRep >= 0.000)
",6.000,6.000,0.000,1.000,0.000,1,0,0,0,1,0,1,0,1.0,0.0,0.0,1.0,1.0,0.0,1
"G[1,1](Pt_CGMUseNumDays <= 0.000 -> Pt_CGMUseNumDays <= 0.000)
",0.000,0.000,0.000,1.000,0.000,1,0,0,0,1,0,1,0,1.0,0.0,0.0,1.0,1.0,0.0,1
"F[1,1]((Pt_MotherT1D >= 0.000 -> HeightCm >= 126.244) & Pt_GrandparentT1D >= 122.720)
",-122.720,-122.720,0.000,0.000,1.000,1,0,0,0,1,0,1,0,1.0,0.0,0.0,1.0,1.0,0.0,-1
"F[0,1](((Pt_ChildT1D >= 0.000 | age >= 6.187) | Triglyc <= 7.911) & bmiZscore >= 6.597)
",-9999999.000,-9999999.000,0.000,0.000,1.000,1,0,0,0,1,0,1,0,1.0,0.0,0.0,1.0,1.0,0.0,-1
"F[1,1]((BldPrSys <= 98.854 | WeightKg <= 25.221) & bmi <= 26.005)
",26.005,26.005,0.000,0.000,1.000,1,0,0,0,1,0,1,0,1.0,0.0,0.0,1.0,1.0,0.0,-1
"G[1,1](SMBGperDayPtMeterCombo >= 6.000 & BGTestAvgNumPtRep >= 0.000)
",-6.000,-6.000,0.000,1.000,0.000,1,0,0,0,1,0,1,0,1.0,0.0,0.0,1.0,1.0,0.0,1
"G[0,0](Pt_CGMUseNumDays <= 0.000 -> Pt_A1cGoalLevelDsYr5 >= 0.000)
",0.000,0.000,0.000,1.000,0.000,1,0,0,0,1,0,1,0,1.0,0.0,0.0,1.0,1.0,0.0,1
"G[1,1](GFR <= 27.843 -> BUN >= 18.444)
",-27.843,-27.843,0.000,1.000,0.000,1,0,0,0,1,0,1,0,1.0,0.0,0.0,1.0,1.0,0.0,1
"G[0,0]((HDL >= 0.000 & BldPrSys <= 98.258) | bmiZscore >= 97.510)
",0.000,0.000,0.000,1.000,0.000,1,0,0,0,1,0,1,0,1.0,0.0,0.0,1.0,1.0,0.0,1
"G[0,0](((BGTestAvgNumMeter <= 6.000 | Triglyc <= 0.000) | SMBGperDayPtMeterCombo <= 0.000) | diagAgeCombo <= 0.000)
",0.000,0.000,0.000,1.000,0.000,1,0,0,0,1,0,1,0,1.0,0.0,0.0,1.0,1.0,0.0,1
"G[1,1]((Pt_A1cGoalLevelDsYr5 <= 0.000 | Pt_InsGov >= 0.000) | HbA1c <= 0.000)
",0.000,0.000,0.000,1.000,0.000,1,0,0,0,1,0,1,0,1.0,0.0,0.0,1.0,1.0,0.0,1
"G[0,1](((Pt_MotherT1D >= 0.000 -> NumPumpBolusOrShortAct >= 5.152) & BldPrDia >= 5.126) | SMBGperDayPtMeterCombo >= 5.388)
",9999999.000,9999999.000,0.000,1.000,0.000,1,0,0,0,1,0,1,0,1.0,0.0,0.0,1.0,1.0,0.0,1
"G[0,1]((Pt_DKAFlg <= 0.000 & BldPrSys <= 98.630) | Pt_MotherT1D <= 98.111)
",9999999.000,9999999.000,0.000,1.000,0.000,1,0,0,0,1,0,1,0,1.0,0.0,0.0,1.0,1.0,0.0,1
"G[0,1](((bmi >= 15.020 | Pt_FatherT1D >= 0.000) -> Pt_InsGov <= 0.000) | TSH <= 0.000)
",9999999.000,9999999.000,0.000,1.000,0.000,1,0,0,0,1,0,1,0,1.0,0.0,0.0,1.0,1.0,0.0,1
"G[0,1](Pt_A1cGoalLevelDsYr5 <= 0.000 & Triglyc <= 0.000)
",9999999.000,9999999.000,0.000,1.000,0.000,1,0,0,0,1,0,1,0,1.0,0.0,0.0,1.0,1.0,0.0,1
"G[1,1](SMBGperDayPtMeterCombo >= 6.000 & BGTestAvgNumPtRep >= 0.000)
",-6.000,-6.000,0.000,1.000,0.000,1,0,0,0,1,0,1,0,1.0,0.0,0.0,1.0,1.0,0.0,1
"F[1,1](((BGTestAvgNumPtRep >= 0.000 -> BUN >= 19.122) -> DirectLDL >= 17.266) | TotalDailyInsPerKg >= 19.114)
",0.000,0.000,0.000,0.000,1.000,1,0,0,0,1,0,1,0,1.0,0.0,0.0,1.0,1.0,0.0,-1
"G[1,1](GFR <= 37.127 -> BUN >= 16.348)
",-37.127,-37.127,0.000,1.000,0.000,1,0,0,0,1,0,1,0,1.0,0.0,0.0,1.0,1.0,0.0,1
"G[0,0](((SMBGperDayPtMeterCombo <= 6.000 & age <= 7.991) & Pt_GrandparentT1D >= 6.174) | AlbCreatRat_mggNew <= 7.783)
",-18.217,-18.217,0.000,1.000,0.000,1,0,0,0,1,0,1,0,1.0,0.0,0.0,1.0,1.0,0.0,1
"G[0,1](SMBGperDayPtMeterCombo >= 6.000 & BGTestAvgNumPtRep >= 0.000)
",9999999.000,9999999.000,0.000,1.000,0.000,1,0,0,0,1,0,1,0,1.0,0.0,0.0,1.0,1.0,0.0,1
"G[0,0](SMBGperDayPtMeterCombo >= 6.000 & BGTestAvgNumPtRep >= 0.000)
",6.000,6.000,0.000,1.000,0.000,1,0,0,0,1,0,1,0,1.0,0.0,0.0,1.0,1.0,0.0,1
"G[0,0]((WeightKg <= 25.525 | HbA1c >= 8.706) | TotChol <= 8.981)
",19.525,19.525,0.000,1.000,0.000,1,0,0,0,1,0,1,0,1.0,0.0,0.0,1.0,1.0,0.0,1
"G[1,1](diabDur > 1.459 & Pt_SHFlg = 0.000)
",-1.459,-1.459,0.000,1.000,0.000,1,0,0,0,1,0,1,0,1.0,0.0,0.0,1.0,1.0,0.0,1
"G[0,1]((Pt_DKAFlg >= 0.000 -> Pt_GrandchildT1D <= 0.000) & UnitsInsBasalOrLongAct >= 0.000)
",9999999.000,9999999.000,0.000,1.000,0.000,1,0,0,0,1,0,1,0,1.0,0.0,0.0,1.0,1.0,0.0,1
"G[0,1](Pt_GrandchildT1D > 0.000 -> Pt_SHFlg = 0.000)
",9999999.000,9999999.000,0.000,1.000,0.000,1,0,0,0,1,0,1,0,1.0,0.0,0.0,1.0,1.0,0.0,1
"G[0,1](BldPrSys < 98.029 -> Pt_SHFlg = 0.000)
",9999999.000,9999999.000,0.000,1.000,0.000,1,0,0,0,1,0,1,0,1.0,0.0,0.0,1.0,1.0,0.0,1
"G[1,1](Pt_SiblingT1D >= 0.000 & Pt_SHFlg = 0.000)
",0.000,0.000,0.000,1.000,0.000,1,0,0,0,1,0,1,0,1.0,0.0,0.0,1.0,1.0,0.0,1
"G[0,0](LDL <= 0.000 & Pt_SHFlg = 0.000)
",-23.237,-23.237,0.000,1.000,0.000,1,0,0,0,1,0,1,0,1.0,0.0,0.0,1.0,1.0,0.0,1
"G[1,1](TotalDailyInsPerKg < 1.016 & Pt_SHFlg = 0.000)
",0.000,0.000,0.000,1.000,0.000,1,0,0,0,1,0,1,0,1.0,0.0,0.0,1.0,1.0,0.0,1
"G[0,0](HbA1c <= 8.994 | NumPumpBolusOrShortAct <= 5.705)
",8.253,8.253,0.000,1.000,0.000,1,0,0,0,1,0,1,0,1.0,0.0,0.0,1.0,1.0,0.0,1
"((BldPrSys > 97.776) U[1,2] (Pt_SHFlg = 0.000))
",-9999999.000,-9999999.000,0.000,0.000,1.000,1,0,0,0,1,0,1,0,1.0,0.0,0.0,1.0,1.0,0.0,-1
"F[0,1]((TotalDailyInsPerKg >= 1.001 & Pt_DKAFlg <= 0.000) & diabDur <= 0.000)
",-9999999.000,-9999999.000,0.000,0.000,1.000,1,0,0,0,1,0,1,0,1.0,0.0,0.0,1.0,1.0,0.0,-1
"G[1,1](((NumPumpBolusOrShortAct <= 5.649 -> DirectLDL >= 0.000) -> bmi <= 0.000) -> WeightKg <= 0.000)
",0.000,0.000,0.000,1.000,0.000,1,0,0,0,1,0,1,0,1.0,0.0,0.0,1.0,1.0,0.0,1
"F[0,0](((diabDur >= 1.005 | TSH <= 0.378) | HbA1c >= 0.297) -> Pt_MotherT1D >= 0.011)
",-6.995,-6.995,0.000,0.000,1.000,1,0,0,0,1,0,1,0,1.0,0.0,0.0,1.0,1.0,0.0,-1
"((HbA1cImputeDtMnC >= 7.275) U[1,1] (SMBGperDayPtMeterCombo >= 6.000))
",-6.000,-6.000,0.000,0.000,1.000,1,0,0,0,1,0,1,0,1.0,0.0,0.0,1.0,1.0,0.0,-1
"F[0,0]((bmiPerc >= 0.334 & LDL <= 0.000) & bmiZscore >= 0.000)
",-0.996,-0.996,0.000,0.000,1.000,1,0,0,0,1,0,1,0,1.0,0.0,0.0,1.0,1.0,0.0,-1
"F[0,0]((diagAgeCombo <= 0.000 | BGTestAvgNumMeter >= 6.000) & Pt_InsGov >= 6.000)
",-6.000,-6.000,0.000,0.000,1.000,1,0,0,0,1,0,1,0,1.0,0.0,0.0,1.0,1.0,0.0,-1
"F[0,1](((Pt_SiblingT1D >= 0.000 -> Pt_GrandparentT1D <= 0.000) -> TotChol <= 0.000) -> bmiPerc <= 0.000)
",-9999999.000,-9999999.000,0.000,0.000,1.000,1,0,0,0,1,0,1,0,1.0,0.0,0.0,1.0,1.0,0.0,-1
"F[0,0]((bmiZscore <= -0.390 -> LDL >= 0.000) -> bmi <= 0.000)
",0.000,0.000,0.000,0.000,1.000,1,0,0,0,1,0,1,0,1.0,0.0,0.0,1.0,1.0,0.0,-1
"F[0,1](((Pt_DKAFlg <= 0.000 & LDL >= 0.000) & Triglyc >= 0.000) & bmiPerc <= 0.000)
",-9999999.000,-9999999.000,0.000,0.000,1.000,1,0,0,0,1,0,1,0,1.0,0.0,0.0,1.0,1.0,0.0,-1
"F[0,1]((Pt_A1cGoalLev >= 0.000 & HbA1c >= 8.681) & Pt_FatherT1D >= 8.638)
",-9999999.000,-9999999.000,0.000,0.000,1.000,1,0,0,0,1,0,1,0,1.0,0.0,0.0,1.0,1.0,0.0,-1
"F[0,1]((DirectLDL >= 0.000 -> HeightCm >= 123.444) & Pt_SHFlg >= 126.430)
",-9999999.000,-9999999.000,0.000,0.000,1.000,1,0,0,0,1,0,1,0,1.0,0.0,0.0,1.0,1.0,0.0,-1
"F[1,1]((TSH >= 0.299 & HeightCm <= 129.718) | AutonomicNeuroCl >= 122.979)
",-0.299,-0.299,0.000,0.000,1.000,1,0,0,0,1,0,1,0,1.0,0.0,0.0,1.0,1.0,0.0,-1
"((HbA1c >= 8.605) U[1,2] (UnitsInsBasalOrLongAct >= 7.065))
",-9999999.000,-9999999.000,0.000,0.000,1.000,1,0,0,0,1,0,1,0,1.0,0.0,0.0,1.0,1.0,0.0,-1
"((HeightCm >= 124.997) U[1,1] (TSH >= 0.105))
",-0.105,-0.105,0.000,0.000,1.000,1,0,0,0,1,0,1,0,1.0,0.0,0.0,1.0,1.0,0.0,-1
"F[1,1]((Pt_ChildT1D <= 0.000 | bmiPerc >= 0.320) & Pt_DKAFlg >= 0.342)
",-0.342,-0.342,0.000,0.000,1.000,1,0,0,0,1,0,1,0,1.0,0.0,0.0,1.0,1.0,0.0,-1
"G[0,0](age >= 6.568 | AlbCreatRat_mggNew >= 0.000)
",26.000,26.000,0.000,1.000,0.000,1,0,0,0,1,0,1,0,1.0,0.0,0.0,1.0,1.0,0.0,1
"F[1,1](((DirectLDL <= 0.000 & BldPrSys <= 98.340) & BGTestAvgNumMeter <= 98.061) | AlbCreatRat_mggNew >= 97.536)
",0.000,0.000,0.000,0.000,1.000,1,0,0,0,1,0,1,0,1.0,0.0,0.0,1.0,1.0,0.0,-1
"F[0,0](((AutonomicNeuroCl <= 0.000 & BldPrSys <= 98.990) -> bmi >= 97.145) & TSH <= 98.225)
",9.200,9.200,0.000,0.000,1.000,1,0,0,0,1,0,1,0,1.0,0.0,0.0,1.0,1.0,0.0,-1
"F[1,1]((TSH >= 0.204 & HbA1cImputeDtMnC <= 21.826) & Pt_InsGov >= 8.758)
",-8.758,-8.758,0.000,0.000,1.000,1,0,0,0,1,0,1,0,1.0,0.0,0.0,1.0,1.0,0.0,-1
"F[0,1](((Pt_DKAFlg >= 0.000 & bmiZscore <= -0.326) & GFR >= -0.476) & BUN <= -0.322)
",-9999999.000,-9999999.000,0.000,0.000,1.000,1,0,0,0,1,0,1,0,1.0,0.0,0.0,1.0,1.0,0.0,-1
"F[1,1](diagAgeCombo <= 0.000 -> age <= 7.427)
",-7.427,-7.427,0.000,0.000,1.000,1,0,0,0,1,0,1,0,1.0,0.0,0.0,1.0,1.0,0.0,-1
"F[1,1](((Pt_DKAFlg >= 0.000 | TotalDailyInsPerKg >= 0.999) -> Pt_DKAFlg <= 1.019) -> TotalDailyInsPerKg >= 1.003)
",1.003,1.003,0.000,0.000,1.000,1,0,0,0,1,0,1,0,1.0,0.0,0.0,1.0,1.0,0.0,-1
"F[0,1](((Pt_A1cGoalLevelDsYr5 >= 0.000 & UnitsInsBasalOrLongAct <= 9.862) -> BldPrSys >= 7.815) -> Pt_MotherT1D >= 8.039)
",-9999999.000,-9999999.000,0.000,0.000,1.000,1,0,0,0,1,0,1,0,1.0,0.0,0.0,1.0,1.0,0.0,-1
"F[0,0]((BUN >= 17.638 & SMBGperDayPtMeterCombo <= 6.000) & BldPrSys >= 6.000)
",-61.000,-61.000,0.000,0.000,1.000,1,0,0,0,1,0,1,0,1.0,0.0,0.0,1.0,1.0,0.0,-1
"F[1,1](((Pt_InsGov >= 0.000 | SMBGperDayPtMeterCombo <= 6.000) & BGTestAvgNumMeter <= 6.000) & TotalDailyInsPerKg >= 6.000)
",-6.000,-6.000,0.000,0.000,1.000,1,0,0,0,1,0,1,0,1.0,0.0,0.0,1.0,1.0,0.0,-1
"F[1,1](HeightCm < 130.171 & Pt_SHFlg = 0.000)
",0.000,0.000,0.000,0.000,1.000,1,0,0,0,1,0,1,0,1.0,0.0,0.0,1.0,1.0,0.0,-1
"F[1,1](Pt_A1cGoalLevelDsYr5 <= 0.000 & bmi <= 15.031)
",0.000,0.000,0.000,0.000,1.000,1,0,0,0,1,0,1,0,1.0,0.0,0.0,1.0,1.0,0.0,-1
"F[1,1](((age >= 6.744 & BUN <= 25.881) & Pt_A1cGoalLevelDsYr5 <= 25.712) | BGTestAvgNumPtRep >= 14.915)
",-6.744,-6.744,0.000,0.000,1.000,1,0,0,0,1,0,1,0,1.0,0.0,0.0,1.0,1.0,0.0,-1
"F[0,0](HbA1cImputeDtMnC >= 13.920 & Pt_SHFlg = 0.000)
",-23.237,-23.237,0.000,0.000,1.000,1,0,0,0,1,0,1,0,1.0,0.0,0.0,1.0,1.0,0.0,-1
"((BUN >= 19.364) U[1,1] (TSH <= 0.479))
",0.479,0.479,0.000,0.000,1.000,1,0,0,0,1,0,1,0,1.0,0.0,0.0,1.0,1.0,0.0,-1
"F[0,1](((BldPrDia >= 67.000 | diagAgeCombo <= 0.000) & WeightKg >= 0.000) -> BGTestAvgNumMeter <= 0.000)
",-9999999.000,-9999999.000,0.000,0.000,1.000,1,0,0,0,1,0,1,0,1.0,0.0,0.0,1.0,1.0,0.0,-1
"G[1,1]((Pt_DKAFlg >= 0.000 & bmiZscore >= -0.423) | HeightCm >= -0.464)
",0.464,0.464,0.000,1.000,0.000,1,0,0,0,1,0,1,0,1.0,0.0,0.0,1.0,1.0,0.0,1
"F[0,1](TotChol > 0.000 & Pt_SHFlg = 0.000)
",-9999999.000,-9999999.000,0.000,0.000,1.000,1,0,0,0,1,0,1,0,1.0,0.0,0.0,1.0,1.0,0.0,-1
"G[0,1]((Pt_SiblingT1D >= 0.000 -> AlbCreatRat_mggNew >= 0.000) -> AutonomicNeuroCl >= 0.000)
",9999999.000,9999999.000,0.000,1.000,0.000,1,0,0,0,1,0,1,0,1.0,0.0,0.0,1.0,1.0,0.0,1
"G[0,1]((GFR <= 36.270 | NumPumpBolusOrShortAct >= 5.106) | LDL <= 5.537)
",9999999.000,9999999.000,0.000,1.000,0.000,1,0,0,0,1,0,1,0,1.0,0.0,0.0,1.0,1.0,0.0,1
"G[0,1](((Pt_A1cGoalLev <= 0.000 & HDL >= 0.000) -> TotalDailyInsPerKg <= 0.000) -> Pt_CGMUseNumDays >= 0.000)
",9999999.000,9999999.000,0.000,1.000,0.000,1,0,0,0,1,0,1,0,1.0,0.0,0.0,1.0,1.0,0.0,1
"G[0,1]((bmi <= 15.036 -> NumPumpBolusOrShortAct >= 5.317) -> SMBGperDayPtMeterCombo >= 5.401)
",9999999.000,9999999.000,0.000,1.000,0.000,1,0,0,0,1,0,1,0,1.0,0.0,0.0,1.0,1.0,0.0,1
"G[0,1]((Pt_ChildT1D >= 0.000 & DirectLDL >= 0.000) & Pt_A1cGoalLevelDsYr5 <= 0.000)
",9999999.000,9999999.000,0.000,1.000,0.000,1,0,0,0,1,0,1,0,1.0,0.0,0.0,1.0,1.0,0.0,1
"G[0,1](Pt_MotherT1D >= 0.000 | SMBGperDayPtMeterCombo <= 6.000)
",9999999.000,9999999.000,0.000,1.000,0.000,1,0,0,0,1,0,1,0,1.0,0.0,0.0,1.0,1.0,0.0,1
"G[1,1]((HeightCm <= 127.987 | Pt_GrandparentT1D >= 0.000) -> Pt_A1cGoalLevelDsYr5 >= 0.000)
",-127.987,-127.987,0.000,1.000,0.000,1,0,0,0,1,0,1,0,1.0,0.0,0.0,1.0,1.0,0.0,1
"G[0,0]((BldPrSys <= 98.136 | bmiPerc >= 0.325) & TSH <= 0.365)
",0.365,0.365,0.000,1.000,0.000,1,0,0,0,1,0,1,0,1.0,0.0,0.0,1.0,1.0,0.0,1
"G[0,0](LDL <= 0.000 & diabDur <= 1.670)
",-6.330,-6.330,0.000,1.000,0.000,1,0,0,0,1,0,1,0,1.0,0.0,0.0,1.0,1.0,0.0,1
"G[0,1]((Pt_GrandparentT1D <= 0.000 | TotChol >= 0.000) -> AlbCreatRat_mggNew <= 0.000)
",9999999.000,9999999.000,0.000,1.000,0.000,1,0,0,0,1,0,1,0,1.0,0.0,0.0,1.0,1.0,0.0,1
"G[0,1](((Pt_A1cGoalLevelDsYr5 <= 0.000 | TotChol >= 0.000) -> TotalDailyInsPerKg >= 0.000) | Pt_GrandchildT1D >= 0.000)
",9999999.000,9999999.000,0.000,1.000,0.000,1,0,0,0,1,0,1,0,1.0,0.0,0.0,1.0,1.0,0.0,1
"G[0,1]((AlbCreatRat_mggNew <= 0.000 | Pt_CGMUseNumDays <= 0.000) -> TotChol >= 0.000)
",9999999.000,9999999.000,0.000,1.000,0.000,1,0,0,0,1,0,1,0,1.0,0.0,0.0,1.0,1.0,0.0,1
"G[1,1](((diabDur <= 1.750 | LDL <= 0.000) -> GFR >= 0.000) | HbA1cImputeDtMnC >= 0.000)
",0.000,0.000,0.000,1.000,0.000,1,0,0,0,1,0,1,0,1.0,0.0,0.0,1.0,1.0,0.0,1
"G[1,1]((GFR <= 29.327 & AlbCreatRat_mggNew >= 0.000) -> bmiPerc <= 0.000)
",0.000,0.000,0.000,1.000,0.000,1,0,0,0,1,0,1,0,1.0,0.0,0.0,1.0,1.0,0.0,1
"G[0,1]((DirectLDL >= 0.000 & Pt_FatherT1D >= 0.000) -> Pt_InsGov >= 0.000)
",9999999.000,9999999.000,0.000,1.000,0.000,1,0,0,0,1,0,1,0,1.0,0.0,0.0,1.0,1.0,0.0,1
"G[0,0](BUN <= 20.196 -> AlbCreatRat_mggNew <= 0.000)
",-20.196,-20.196,0.000,1.000,0.000,1,0,0,0,1,0,1,0,1.0,0.0,0.0,1.0,1.0,0.0,1
"G[1,1]((TotalDailyInsPerKg >= 1.003 -> diabDur >= 1.004) -> BGTestAvgNumMeter >= 1.113)
",-1.003,-1.003,0.000,1.000,0.000,1,0,0,0,1,0,1,0,1.0,0.0,0.0,1.0,1.0,0.0,1
"G[0,1]((HbA1c <= 8.979 & bmiZscore <= -0.340) -> BGTestAvgNumMeter <= -0.351)
",9999999.000,9999999.000,0.000,1.000,0.000,1,0,0,0,1,0,1,0,1.0,0.0,0.0,1.0,1.0,0.0,1
"G[1,1]((Pt_MotherT1D >= 0.000 | HeightCm <= 131.684) -> GFR <= 127.984)
",-131.684,-131.684,0.000,1.000,0.000,1,0,0,0,1,0,1,0,1.0,0.0,0.0,1.0,1.0,0.0,1
"G[1,1](((HeightCm >= 125.876 -> TotChol <= 0.000) -> BGTestAvgNumMeter <= 0.000) -> BUN <= 0.000)
",0.000,0.000,0.000,1.000,0.000,1,0,0,0,1,0,1,0,1.0,0.0,0.0,1.0,1.0,0.0,1
"G[0,0](((TotalDailyInsPerKg >= 1.008 -> bmi >= 15.027) -> BldPrDia >= 15.026) | bmiPerc >= 15.025)
",0.012,0.012,0.000,1.000,0.000,1,0,0,0,1,0,1,0,1.0,0.0,0.0,1.0,1.0,0.0,1
"G[0,0]((Pt_A1cGoalLev >= 0.000 -> Pt_InsGov >= 0.000) & HDL >= 0.000)
",0.000,0.000,0.000,1.000,0.000,1,0,0,0,1,0,1,0,1.0,0.0,0.0,1.0,1.0,0.0,1
"G[1,1](((Triglyc >= 0.000 & TotChol >= 0.000) -> Pt_GrandchildT1D <= 0.000) -> LDL >= 0.000)
",0.000,0.000,0.000,1.000,0.000,1,0,0,0,1,0,1,0,1.0,0.0,0.0,1.0,1.0,0.0,1
"G[0,1](Pt_SHFlg <= 0.000 | Pt_CGMUseNumDays <= 0.000)
",9999999.000,9999999.000,0.000,1.000,0.000,1,0,0,0,1,0,1,0,1.0,0.0,0.0,1.0,1.0,0.0,1
"G[0,0]((AlbCreatRat_mggNew <= 0.000 -> Pt_CGMUseNumDays <= 0.000) & Pt_InsGov >= 0.000)
",0.000,0.000,0.000,1.000,0.000,1,0,0,0,1,0,1,0,1.0,0.0,0.0,1.0,1.0,0.0,1
"G[0,1]((bmiPerc <= 0.349 | AlbCreatRat_mggNew >= 0.000) & diagAgeCombo >= 0.000)
",9999999.000,9999999.000,0.000,1.000,0.000,1,0,0,0,1,0,1,0,1.0,0.0,0.0,1.0,1.0,0.0,1
"G[1,1](SMBGperDayPtMeterCombo <= 6.000 | WeightKg >= 23.000)
",6.000,6.000,0.000,1.000,0.000,1,0,0,0,1,0,1,0,1.0,0.0,0.0,1.0,1.0,0.0,1
"G[0,1](((Pt_CGMUseNumDays <= 0.000 | TotChol >= 0.000) -> Pt_MotherT1D <= 0.000) & AutonomicNeuroCl <= 0.000)
",9999999.000,9999999.000,0.000,1.000,0.000,1,0,0,0,1,0,1,0,1.0,0.0,0.0,1.0,1.0,0.0,1
"G[0,1](Pt_GrandparentT1D <= 0.000 & BGTestAvgNumMeter <= 6.000)
",9999999.000,9999999.000,0.000,1.000,0.000,1,0,0,0,1,0,1,0,1.0,0.0,0.0,1.0,1.0,0.0,1
"G[0,1](bmi <= 15.031 -> TotChol <= 0.000)
",9999999.000,9999999.000,0.000,1.000,0.000,1,0,0,0,1,0,1,0,1.0,0.0,0.0,1.0,1.0,0.0,1
"G[1,1]((Pt_A1cGoalLevelDsYr5 <= 0.000 | BldPrSys <= 98.859) -> bmi <= 98.382)
",-98.859,-98.859,0.000,1.000,0.000,1,0,0,0,1,0,1,0,1.0,0.0,0.0,1.0,1.0,0.0,1
"G[0,1](((GFR >= 11.480 & Pt_ChildT1D >= 0.000) | GFR <= 0.000) -> Pt_ChildT1D >= 0.000)
",9999999.000,9999999.000,0.000,1.000,0.000,1,0,0,0,1,0,1,0,1.0,0.0,0.0,1.0,1.0,0.0,1
"G[1,1](((BldPrDia >= 67.044 | Pt_MotherT1D >= 0.000) -> BldPrDia >= 0.000) | Pt_CGMUseNumDays >= 0.000)
",0.000,0.000,0.000,1.000,0.000,1,0,0,0,1,0,1,0,1.0,0.0,0.0,1.0,1.0,0.0,1
"G[0,1]((Pt_FatherT1D <= 0.000 & TSH <= 0.403) -> age >= 0.100)
",9999999.000,9999999.000,0.000,1.000,0.000,1,0,0,0,1,0,1,0,1.0,0.0,0.0,1.0,1.0,0.0,1
"G[0,1]((Pt_SiblingT1D >= 0.000 -> Pt_A1cGoalLev >= 0.000) | BldPrDia >= 0.000)
",9999999.000,9999999.000,0.000,1.000,0.000,1,0,0,0,1,0,1,0,1.0,0.0,0.0,1.0,1.0,0.0,1
"G[0,1](((Pt_GrandparentT1D >= 0.000 & LDL >= 0.000) & AutonomicNeuroCl >= 0.000) | Pt_GrandparentT1D <= 0.000)
",9999999.000,9999999.000,0.000,1.000,0.000,1,0,0,0,1,0,1,0,1.0,0.0,0.0,1.0,1.0,0.0,1
"G[0,0](((Pt_ChildT1D >= 0.000 -> Triglyc <= 0.000) | TotalDailyInsPerKg <= 0.000) & TSH <= 0.000)
",0.000,0.000,0.000,1.000,0.000,1,0,0,0,1,0,1,0,1.0,0.0,0.0,1.0,1.0,0.0,1
"G[0,1]((GFR >= 11.452 | Pt_MotherT1D <= 0.000) & Pt_MotherT1D <= 0.000)
",9999999.000,9999999.000,0.000,1.000,0.000,1,0,0,0,1,0,1,0,1.0,0.0,0.0,1.0,1.0,0.0,1
"G[0,0]((diabDur >= 1.377 & BGTestAvgNumPtRep >= 0.000) -> AlbCreatRat_mggNew <= 0.000)
",-6.000,-6.000,0.000,1.000,0.000,1,0,0,0,1,0,1,0,1.0,0.0,0.0,1.0,1.0,0.0,1
"G[0,1](((Pt_InsGov <= 0.000 | Pt_A1cGoalLevelDsYr5 <= 0.000) -> Pt_FatherT1D <= 0.000) -> Pt_MotherT1D <= 0.000)
",9999999.000,9999999.000,0.000,1.000,0.000,1,0,0,0,1,0,1,0,1.0,0.0,0.0,1.0,1.0,0.0,1
"G[0,0](((HDL >= 0.000 & BGTestAvgNumPtRep >= 0.000) | Pt_InsGov <= 0.000) | Pt_GrandchildT1D <= 0.000)
",0.000,0.000,0.000,1.000,0.000,1,0,0,0,1,0,1,0,1.0,0.0,0.0,1.0,1.0,0.0,1
"G[0,0](HeightCm >= 125.879 -> Pt_GrandchildT1D <= 0.000)
",0.000,0.000,0.000,1.000,0.000,1,0,0,0,1,0,1,0,1.0,0.0,0.0,1.0,1.0,0.0,1
"G[0,0]((LDL <= 0.000 -> BldPrDia >= 67.015) | Pt_DKAFlg >= 67.333)
",-31.985,-31.985,0.000,1.000,0.000,1,0,0,0,1,0,1,0,1.0,0.0,0.0,1.0,1.0,0.0,1
"G[0,0]((bmiPerc >= 0.330 -> age <= 7.512) | BGTestAvgNumPtRep <= 7.643)
",1.643,1.643,0.000,1.000,0.000,1,0,0,0,1,0,1,0,1.0,0.0,0.0,1.0,1.0,0.0,1
"G[0,0]((Pt_SHFlg >= 0.000 | DirectLDL >= 0.000) & bmi >= 0.000)
",0.000,0.000,0.000,1.000,0.000,1,0,0,0,1,0,1,0,1.0,0.0,0.0,1.0,1.0,0.0,1
"G[0,1](NumPumpBolusOrShortAct >= 5.422 -> TSH <= 0.691)
",9999999.000,9999999.000,0.000,1.000,0.000,1,0,0,0,1,0,1,0,1.0,0.0,0.0,1.0,1.0,0.0,1
"G[0,0]((diagAgeCombo >= 0.000 -> HbA1c >= 8.883) | Triglyc <= 9.104)
",9.104,9.104,0.000,1.000,0.000,1,0,0,0,1,0,1,0,1.0,0.0,0.0,1.0,1.0,0.0,1
"G[0,0](((Pt_CGMUseNumDays >= 0.000 -> TotChol <= 0.000) | Pt_MotherT1D <= 0.000) -> Pt_GrandchildT1D >= 0.000)
",0.000,0.000,0.000,1.000,0.000,1,0,0,0,1,0,1,0,1.0,0.0,0.0,1.0,1.0,0.0,1
"G[1,1](Pt_CGMUseNumDays >= 0.000 & AutonomicNeuroCl >= 0.000)
",0.000,0.000,0.000,1.000,0.000,1,0,0,0,1,0,1,0,1.0,0.0,0.0,1.0,1.0,0.0,1
"G[0,1]((AutonomicNeuroCl <= 0.000 -> Pt_A1cGoalLevelDsYr5 >= 0.000) -> Pt_SiblingT1D >= 0.000)
",9999999.000,9999999.000,0.000,1.000,0.000,1,0,0,0,1,0,1,0,1.0,0.0,0.0,1.0,1.0,0.0,1
"G[0,1](((AlbCreatRat_mggNew >= 0.000 | TSH <= 0.658) & SMBGperDayPtMeterCombo <= 0.637) -> HbA1c >= 0.040)
",9999999.000,9999999.000,0.000,1.000,0.000,1,0,0,0,1,0,1,0,1.0,0.0,0.0,1.0,1.0,0.0,1
"G[0,0]((bmiZscore <= -0.363 | UnitsInsBasalOrLongAct >= 7.414) -> TotChol >= 7.165)
",0.669,0.669,0.000,1.000,0.000,1,0,0,0,1,0,1,0,1.0,0.0,0.0,1.0,1.0,0.0,1
"G[0,1](((Pt_GrandparentT1D >= 0.000 & NumPumpBolusOrShortAct >= 5.113) | Pt_A1cGoalLevelDsYr5 <= 5.726) | TotChol <= 5.820)
",9999999.000,9999999.000,0.000,1.000,0.000,1,0,0,0,1,0,1,0,1.0,0.0,0.0,1.0,1.0,0.0,1
"G[0,0](Pt_MotherT1D >= 0.000 -> BGTestAvgNumPtRep >= 0.000)
",-6.000,-6.000,0.000,1.000,0.000,1,0,0,0,1,0,1,0,1.0,0.0,0.0,1.0,1.0,0.0,1
"G[0,1](((AlbCreatRat_mggNew >= 0.000 & BldPrSys >= 97.696) | Pt_ChildT1D >= 97.196) -> Pt_FatherT1D <= 98.139)
",9999999.000,9999999.000,0.000,1.000,0.000,1,0,0,0,1,0,1,0,1.0,0.0,0.0,1.0,1.0,0.0,1
"G[0,0](((TotalDailyInsPerKg >= 0.999 -> Pt_A1cGoalLevelDsYr5 >= 0.000) | BUN >= 0.000) -> Pt_InsGov >= 0.000)
",0.000,0.000,0.000,1.000,0.000,1,0,0,0,1,0,1,0,1.0,0.0,0.0,1.0,1.0,0.0,1
"G[0,1](AutonomicNeuroCl >= 0.000 | Pt_GrandparentT1D >= 0.000)
",9999999.000,9999999.000,0.000,1.000,0.000,1,0,0,0,1,0,1,0,1.0,0.0,0.0,1.0,1.0,0.0,1
"G[0,0](((DirectLDL <= 0.000 -> Pt_A1cGoalLevelDsYr5 >= 0.000) | Pt_A1cGoalLevelDsYr5 >= 0.000) & WeightKg >= 0.000)
",0.000,0.000,0.000,1.000,0.000,1,0,0,0,1,0,1,0,1.0,0.0,0.0,1.0,1.0,0.0,1
"G[0,1](bmiPerc <= 0.357 -> SMBGperDayPtMeterCombo <= 6.000)
",9999999.000,9999999.000,0.000,1.000,0.000,1,0,0,0,1,0,1,0,1.0,0.0,0.0,1.0,1.0,0.0,1
"G[0,0]((AlbCreatRat_mggNew <= 0.000 | WeightKg >= 23.477) | Pt_SHFlg <= 24.877)
",1.640,1.640,0.000,1.000,0.000,1,0,0,0,1,0,1,0,1.0,0.0,0.0,1.0,1.0,0.0,1
"G[0,1](Pt_SiblingT1D <= 0.000 & Pt_SiblingT1D >= 0.000)
",9999999.000,9999999.000,0.000,1.000,0.000,1,0,0,0,1,0,1,0,1.0,0.0,0.0,1.0,1.0,0.0,1
"G[0,1](DirectLDL <= 0.000 | Pt_MotherT1D <= 0.000)
",9999999.000,9999999.000,0.000,1.000,0.000,1,0,0,0,1,0,1,0,1.0,0.0,0.0,1.0,1.0,0.0,1
"((diagAgeCombo <= 0.000) U[0,1] (Pt_GrandparentT1D <= 0.000))
",-9999999.000,-9999999.000,0.000,0.000,1.000,0,0,0,1,1,0,0,1,0.0,0.0,0.0,0.0,0.0,1.0,-1
"F[1,2](((Pt_A1cGoalLev >= 0.000 | BUN <= 25.932) & SMBGperDayPtMeterCombo >= 17.644) & SMBGperDayPtMeterCombo >= 16.386)
",-9999999.000,-9999999.000,0.000,0.000,1.000,0,0,0,1,1,0,0,1,0.0,0.0,0.0,0.0,0.0,1.0,-1
"F[0,1](GFR <= 21.801 & Pt_FatherT1D <= 0.000)
",-9999999.000,-9999999.000,0.000,0.000,1.000,0,0,0,1,1,0,0,1,0.0,0.0,0.0,0.0,0.0,1.0,-1
"F[0,2](((UnitsInsBasalOrLongAct >= 8.268 & age <= 7.879) | HbA1cImputeDtMnC >= 6.629) | bmiPerc <= 7.539)
",-9999999.000,-9999999.000,0.000,0.000,1.000,0,0,0,1,1,0,0,1,0.0,0.0,0.0,0.0,0.0,1.0,-1
"F[0,0](diagAgeCombo >= 0.000 & SMBGperDayPtMeterCombo <= 6.000)
",-61.000,-61.000,0.000,0.000,1.000,0,0,0,1,1,0,0,1,0.0,0.0,0.0,0.0,0.0,1.0,-1
"F[2,2]((age >= 6.924 | BGTestAvgNumPtRep >= 0.000) & Pt_FatherT1D >= 0.000)
",0.000,0.000,0.000,0.000,1.000,0,0,0,1,1,0,0,1,0.0,0.0,0.0,0.0,0.0,1.0,-1
"F[1,2](((TotChol >= 0.000 | Pt_GrandparentT1D <= 0.000) & HDL <= 0.000) | BldPrSys <= 0.000)
",-9999999.000,-9999999.000,0.000,0.000,1.000,0,0,0,1,1,0,0,1,0.0,0.0,0.0,0.0,0.0,1.0,-1
"F[0,0](Pt_FatherT1D >= 0.000 -> Pt_SHFlg >= 0.000)
",-23.237,-23.237,0.000,0.000,1.000,0,0,0,1,1,0,0,1,0.0,0.0,0.0,0.0,0.0,1.0,-1
"F[0,2]((Pt_InsGov >= 0.000 | BldPrSys <= 98.518) -> BGTestAvgNumPtRep >= 97.032)
",-9999999.000,-9999999.000,0.000,0.000,1.000,0,0,0,1,1,0,0,1,0.0,0.0,0.0,0.0,0.0,1.0,-1
"F[1,2](bmiZscore <= -0.394 | GFR >= 12.124)
",-9999999.000,-9999999.000,0.000,0.000,1.000,0,0,0,1,1,0,0,1,0.0,0.0,0.0,0.0,0.0,1.0,-1
"F[1,2](((Pt_A1cGoalLevelDsYr5 >= 0.000 -> LDL <= 0.000) | bmi >= 0.000) | LDL >= 0.000)
",-9999999.000,-9999999.000,0.000,0.000,1.000,0,0,0,1,1,0,0,1,0.0,0.0,0.0,0.0,0.0,1.0,-1
"F[1,1](((HeightCm >= 127.039 -> TotChol <= 0.000) | DirectLDL <= 0.000) -> Pt_SHFlg <= 0.000)
",0.000,0.000,0.000,0.000,1.000,0,0,0,1,1,0,0,1,0.0,0.0,0.0,0.0,0.0,1.0,-1
"F[0,2]((BUN <= 22.517 -> WeightKg >= 23.006) -> AutonomicNeuroCl >= 22.625)
",-9999999.000,-9999999.000,0.000,0.000,1.000,0,0,0,1,1,0,0,1,0.0,0.0,0.0,0.0,0.0,1.0,-1
"((Triglyc <= 0.000) U[1,2] (Pt_GrandparentT1D <= 0.000))
",-9999999.000,-9999999.000,0.000,0.000,1.000,0,0,0,1,1,0,0,1,0.0,0.0,0.0,0.0,0.0,1.0,-1
"F[2,2]((UnitsInsBasalOrLongAct <= 9.325 & Pt_MotherT1D <= 0.000) -> HbA1cImputeDtMnC >= 0.000)
",0.000,0.000,0.000,0.000,1.000,0,0,0,1,1,0,0,1,0.0,0.0,0.0,0.0,0.0,1.0,-1
"F[1,1]((Pt_InsGov <= 0.000 | BldPrSys >= 97.241) | NumPumpBolusOrShortAct >= 97.413)
",0.000,0.000,0.000,0.000,1.000,0,0,0,1,1,0,0,1,0.0,0.0,0.0,0.0,0.0,1.0,-1
"F[2,2](((LDL >= 0.000 -> TotChol >= 0.000) | BUN >= 0.000) & GFR <= 0.000)
",0.000,0.000,0.000,0.000,1.000,0,0,0,1,1,0,0,1,0.0,0.0,0.0,0.0,0.0,1.0,-1
"F[1,2]((Pt_CGMUseNumDays <= 0.000 & LDL <= 0.000) | TotalDailyInsPerKg >= 0.000)
",-9999999.000,-9999999.000,0.000,0.000,1.000,0,0,0,1,1,0,0,1,0.0,0.0,0.0,0.0,0.0,1.0,-1
"F[0,1](((bmi <= 15.029 & AutonomicNeuroCl <= 0.000) -> HDL <= 0.000) & Pt_ChildT1D >= 0.000)
",-9999999.000,-9999999.000,0.000,0.000,1.000,0,0,0,1,1,0,0,1,0.0,0.0,0.0,0.0,0.0,1.0,-1
"F[0,2]((Pt_CGMUseNumDays <= 0.000 | diagAgeCombo >= 0.000) | Pt_MotherT1D >= 0.000)
",-9999999.000,-9999999.000,0.000,0.000,1.000,0,0,0,1,1,0,0,1,0.0,0.0,0.0,0.0,0.0,1.0,-1
"((HeightCm >= 126.526) U[0,1] (WeightKg <= 25.444))
",-9999999.000,-9999999.000,0.000,0.000,1.000,0,0,0,1,1,0,0,1,0.0,0.0,0.0,0.0,0.0,1.0,-1
"F[1,1](Triglyc >= 0.000 & Pt_SHFlg = 0.000)
",0.000,0.000,0.000,0.000,1.000,0,0,0,1,1,0,0,1,0.0,0.0,0.0,0.0,0.0,1.0,-1
"((GFR > 6.782) U[0,0] (Pt_SHFlg = 0.000))
",-7.287,-7.287,0.000,0.000,1.000,0,0,0,1,1,0,0,1,0.0,0.0,0.0,0.0,0.0,1.0,-1
"((Pt_A1cGoalLev >= 0.000) U[1,2] (Pt_SHFlg = 0.000))
",-9999999.000,-9999999.000,0.000,0.000,1.000,0,0,0,1,1,0,0,1,0.0,0.0,0.0,0.0,0.0,1.0,-1
"F[1,2](bmiPerc > 0.332 -> Pt_SHFlg = 0.000)
",-9999999.000,-9999999.000,0.000,0.000,1.000,0,0,0,1,1,0,0,1,0.0,0.0,0.0,0.0,0.0,1.0,-1
"((WeightKg > 24.189) U[0,1] (Pt_SHFlg = 0.000))
",-9999999.000,-9999999.000,0.000,0.000,1.000,0,0,0,1,1,0,0,1,0.0,0.0,0.0,0.0,0.0,1.0,-1
"F[0,1](Pt_SiblingT1D > 0.000 -> Pt_SHFlg = 0.000)
",-9999999.000,-9999999.000,0.000,0.000,1.000,0,0,0,1,1,0,0,1,0.0,0.0,0.0,0.0,0.0,1.0,-1
"((diagAgeCombo >= 0.000) U[0,0] (Pt_SHFlg = 0.000))
",43.000,43.000,0.000,0.000,1.000,0,0,0,1,1,0,0,1,0.0,0.0,0.0,0.0,0.0,1.0,-1
"((TotalDailyInsPerKg >= 1.008) U[0,1] (Pt_SHFlg = 0.000))
",-9999999.000,-9999999.000,0.000,0.000,1.000,0,0,0,1,1,0,0,1,0.0,0.0,0.0,0.0,0.0,1.0,-1
"F[1,2](Pt_GrandchildT1D <= 0.000 -> Pt_SHFlg = 0.000)
",-9999999.000,-9999999.000,0.000,0.000,1.000,0,0,0,1,1,0,0,1,0.0,0.0,0.0,0.0,0.0,1.0,-1
"((bmiPerc <= 0.357) U[0,0] (Pt_SHFlg = 0.000))
",-14.680,-14.680,0.000,0.000,1.000,0,0,0,1,1,0,0,1,0.0,0.0,0.0,0.0,0.0,1.0,-1
"F[0,1](Pt_ChildT1D <= 0.000 & TSH >= 0.283)
",-9999999.000,-9999999.000,0.000,0.000,1.000,0,0,0,1,1,0,0,1,0.0,0.0,0.0,0.0,0.0,1.0,-1
"F[0,2]((HbA1cImputeDtMnC >= 13.940 -> DirectLDL <= 0.000) & Pt_MotherT1D <= 0.000)
",-9999999.000,-9999999.000,0.000,0.000,1.000,0,0,0,1,1,0,0,1,0.0,0.0,0.0,0.0,0.0,1.0,-1
"F[0,1](NumPumpBolusOrShortAct >= 5.316 | bmiPerc >= 0.322)
",-9999999.000,-9999999.000,0.000,0.000,1.000,0,0,0,1,1,0,0,1,0.0,0.0,0.0,0.0,0.0,1.0,-1
"F[0,1](((HeightCm <= 128.368 & BGTestAvgNumPtRep <= 0.000) -> bmiPerc >= 0.000) | HbA1c <= 0.000)
",-9999999.000,-9999999.000,0.000,0.000,1.000,0,0,0,1,1,0,0,1,0.0,0.0,0.0,0.0,0.0,1.0,-1
"F[1,1](((SMBGperDayPtMeterCombo <= 6.000 | BGTestAvgNumPtRep >= 0.000) -> GFR >= 0.000) & BGTestAvgNumMeter >= 0.000)
",-6.000,-6.000,0.000,0.000,1.000,0,0,0,1,1,0,0,1,0.0,0.0,0.0,0.0,0.0,1.0,-1
"F[2,2](DirectLDL >= 0.000 -> BldPrSys >= 97.641)
",0.000,0.000,0.000,0.000,1.000,0,0,0,1,1,0,0,1,0.0,0.0,0.0,0.0,0.0,1.0,-1
"F[1,1](((Pt_MotherT1D >= 0.000 | TotChol >= 0.000) & Pt_InsGov <= 0.000) | Pt_FatherT1D >= 0.000)
",0.000,0.000,0.000,0.000,1.000,0,0,0,1,1,0,0,1,0.0,0.0,0.0,0.0,0.0,1.0,-1
"((Pt_DKAFlg >= 0.000) U[1,1] (Pt_SHFlg <= 0.000))
",0.000,0.000,0.000,0.000,1.000,0,0,0,1,1,0,0,1,0.0,0.0,0.0,0.0,0.0,1.0,-1
"F[1,2]((UnitsInsBasalOrLongAct <= 8.530 & bmiZscore >= -0.403) | TotChol >= -0.421)
",-9999999.000,-9999999.000,0.000,0.000,1.000,0,0,0,1,1,0,0,1,0.0,0.0,0.0,0.0,0.0,1.0,-1
"((Pt_FatherT1D >= 0.000) U[1,1] (Pt_A1cGoalLevelDsYr5 <= 0.000))
",0.000,0.000,0.000,0.000,1.000,0,0,0,1,1,0,0,1,0.0,0.0,0.0,0.0,0.0,1.0,-1
"((Pt_SiblingT1D >= 0.000) U[0,2] (Triglyc >= 0.000))
",-9999999.000,-9999999.000,0.000,0.000,1.000,0,0,0,1,1,0,0,1,0.0,0.0,0.0,0.0,0.0,1.0,-1
"F[1,1](((bmiZscore <= -0.388 -> UnitsInsBasalOrLongAct <= 9.898) | HbA1c <= 8.991) -> HDL >= 6.776)
",-8.991,-8.991,0.000,0.000,1.000,0,0,0,1,1,0,0,1,0.0,0.0,0.0,0.0,0.0,1.0,-1
"F[0,1](((BGTestAvgNumMeter >= 6.000 -> AutonomicNeuroCl >= 0.000) -> LDL <= 0.000) -> Pt_ChildT1D >= 0.000)
",-9999999.000,-9999999.000,0.000,0.000,1.000,0,0,0,1,1,0,0,1,0.0,0.0,0.0,0.0,0.0,1.0,-1
"((bmiPerc <= 0.376) U[0,1] (HeightCm <= 127.605))
",-9999999.000,-9999999.000,0.000,0.000,1.000,0,0,0,1,1,0,0,1,0.0,0.0,0.0,0.0,0.0,1.0,-1
"F[0,0](((age >= 6.263 & BUN >= 18.056) -> Pt_A1cGoalLevelDsYr5 >= 17.760) & Pt_SiblingT1D <= 24.932)
",17.760,17.760,0.000,0.000,1.000,0,0,0,1,1,0,0,1,0.0,0.0,0.0,0.0,0.0,1.0,-1
"F[0,2](((BUN >= 17.414 | BldPrDia <= 67.959) -> Pt_FatherT1D <= 67.996) & BGTestAvgNumMeter >= 67.417)
",-9999999.000,-9999999.000,0.000,0.000,1.000,0,0,0,1,1,0,0,1,0.0,0.0,0.0,0.0,0.0,1.0,-1
"F[2,2](DirectLDL <= 0.000 -> BUN <= 20.883)
",-20.883,-20.883,0.000,0.000,1.000,0,0,0,1,1,0,0,1,0.0,0.0,0.0,0.0,0.0,1.0,-1
"F[0,1](((BGTestAvgNumPtRep >= 0.000 | Pt_GrandparentT1D <= 0.000) | BUN >= 0.000) | AlbCreatRat_mggNew >= 0.000)
",-9999999.000,-9999999.000,0.000,0.000,1.000,0,0,0,1,1,0,0,1,0.0,0.0,0.0,0.0,0.0,1.0,-1
"F[0,1](LDL >= 0.000 -> NumPumpBolusOrShortAct >= 5.062)
",-9999999.000,-9999999.000,0.000,0.000,1.000,0,0,0,1,1,0,0,1,0.0,0.0,0.0,0.0,0.0,1.0,-1
"F[1,1]((TotalDailyInsPerKg >= 1.007 | HbA1c >= 8.852) & BGTestAvgNumMeter <= 9.004)
",-1.007,-1.007,0.000,0.000,1.000,0,0,0,1,1,0,0,1,0.0,0.0,0.0,0.0,0.0,1.0,-1
"F[1,1]((Pt_A1cGoalLevelDsYr5 <= 0.000 -> TSH >= 0.128) & Pt_A1cGoalLev <= 0.665)
",0.000,0.000,0.000,0.000,1.000,0,0,0,1,1,0,0,1,0.0,0.0,0.0,0.0,0.0,1.0,-1
"F[1,2](HbA1c <= 9.006 | BldPrDia >= 67.380)
",-9999999.000,-9999999.000,0.000,0.000,1.000,0,0,0,1,1,0,0,1,0.0,0.0,0.0,0.0,0.0,1.0,-1
"F[2,2](((diagAgeCombo <= 0.000 -> Pt_A1cGoalLev >= 0.000) & Pt_CGMUseNumDays >= 0.000) -> HeightCm <= 0.000)
",0.000,0.000,0.000,0.000,1.000,0,0,0,1,1,0,0,1,0.0,0.0,0.0,0.0,0.0,1.0,-1
"((BGTestAvgNumMeter >= 6.000) U[2,2] (BUN >= 17.466))
",-6.000,-6.000,0.000,0.000,1.000,0,0,0,1,1,0,0,1,0.0,0.0,0.0,0.0,0.0,1.0,-1
"F[1,2](SMBGperDayPtMeterCombo >= 6.000 -> Pt_MotherT1D <= 0.000)
",-9999999.000,-9999999.000,0.000,0.000,1.000,0,0,0,1,1,0,0,1,0.0,0.0,0.0,0.0,0.0,1.0,-1
"F[2,2]((BUN <= 21.538 & bmi >= 15.025) | NumPumpBolusOrShortAct >= 15.020)
",-15.020,-15.020,0.000,0.000,1.000,0,0,0,1,1,0,0,1,0.0,0.0,0.0,0.0,0.0,1.0,-1
"F[0,1](((UnitsInsBasalOrLongAct <= 8.917 & Pt_GrandchildT1D <= 0.000) | bmiPerc <= 0.000) -> Pt_SHFlg >= 0.000)
",-9999999.000,-9999999.000,0.000,0.000,1.000,0,0,0,1,1,0,0,1,0.0,0.0,0.0,0.0,0.0,1.0,-1
"((UnitsInsBasalOrLongAct <= 8.612) U[0,0] (HbA1c <= 8.969))
",8.612,8.612,0.000,0.000,1.000,0,0,0,1,1,0,0,1,0.0,0.0,0.0,0.0,0.0,1.0,-1
"F[1,2](Pt_A1cGoalLevelDsYr5 <= 0.000 -> NumPumpBolusOrShortAct >= 5.079)
",-9999999.000,-9999999.000,0.000,0.000,1.000,0,0,0,1,1,0,0,1,0.0,0.0,0.0,0.0,0.0,1.0,-1
"F[0,2]((bmi <= 15.031 -> LDL >= 0.000) | bmiPerc <= 0.000)
",-9999999.000,-9999999.000,0.000,0.000,1.000,0,0,0,1,1,0,0,1,0.0,0.0,0.0,0.0,0.0,1.0,-1
"F[0,0]((age <= 7.167 & Pt_SHFlg >= 0.000) & BGTestAvgNumPtRep >= 0.000)
",6.000,6.000,0.000,0.000,1.000,0,0,0,1,1,0,0,1,0.0,0.0,0.0,0.0,0.0,1.0,-1
"F[1,2](((bmiZscore >= -0.422 & Pt_MotherT1D <= 0.000) | TotalDailyInsPerKg >= 0.000) | HDL <= 0.000)
",-9999999.000,-9999999.000,0.000,0.000,1.000,0,0,0,1,1,0,0,1,0.0,0.0,0.0,0.0,0.0,1.0,-1
"F[1,2](((age >= 6.039 | diagAgeCombo <= 0.000) & Pt_CGMUseNumDays >= 0.000) -> HDL <= 0.000)
",-9999999.000,-9999999.000,0.000,0.000,1.000,0,0,0,1,1,0,0,1,0.0,0.0,0.0,0.0,0.0,1.0,-1
"F[0,1](diabDur >= 1.222 | bmiZscore >= -0.410)
",-9999999.000,-9999999.000,0.000,0.000,1.000,0,0,0,1,1,0,0,1,0.0,0.0,0.0,0.0,0.0,1.0,-1
"F[0,2]((NumPumpBolusOrShortAct >= 5.094 & BldPrDia >= 67.190) & bmiPerc <= 67.695)
",-9999999.000,-9999999.000,0.000,0.000,1.000,0,0,0,1,1,0,0,1,0.0,0.0,0.0,0.0,0.0,1.0,-1
"F[1,2](((WeightKg <= 24.819 & Pt_SHFlg <= 0.000) -> Pt_DKAFlg <= 0.000) -> HbA1c >= 0.000)
",-9999999.000,-9999999.000,0.000,0.000,1.000,0,0,0,1,1,0,0,1,0.0,0.0,0.0,0.0,0.0,1.0,-1
"((AlbCreatRat_mggNew <= 0.000) U[1,1] (LDL <= 0.000))
",0.000,0.000,0.000,0.000,1.000,0,0,0,1,1,0,0,1,0.0,0.0,0.0,0.0,0.0,1.0,-1
"((BldPrDia >= 67.224) U[1,2] (Pt_A1cGoalLev <= 0.000))
",-9999999.000,-9999999.000,0.000,0.000,1.000,0,0,0,1,1,0,0,1,0.0,0.0,0.0,0.0,0.0,1.0,-1
"F[0,1](SMBGperDayPtMeterCombo >= 6.000 -> Pt_DKAFlg <= 0.000)
",-9999999.000,-9999999.000,0.000,0.000,1.000,0,0,0,1,1,0,0,1,0.0,0.0,0.0,0.0,0.0,1.0,-1
"((Pt_InsGov <= 0.000) U[0,1] (diabDur >= 1.396))
",-9999999.000,-9999999.000,0.000,0.000,1.000,0,0,0,1,1,0,0,1,0.0,0.0,0.0,0.0,0.0,1.0,-1
"F[0,2](bmiZscore <= -0.331 | Pt_SHFlg >= 0.000)
",-9999999.000,-9999999.000,0.000,0.000,1.000,0,0,0,1,1,0,0,1,0.0,0.0,0.0,0.0,0.0,1.0,-1
"F[0,2]((bmiZscore >= -0.503 & HDL >= 0.000) -> AutonomicNeuroCl <= 0.000)
",-9999999.000,-9999999.000,0.000,0.000,1.000,0,0,0,1,1,0,0,1,0.0,0.0,0.0,0.0,0.0,1.0,-1
"F[1,1](DirectLDL >= 0.000 -> diagAgeCombo <= 0.000)
",0.000,0.000,0.000,0.000,1.000,0,0,0,1,1,0,0,1,0.0,0.0,0.0,0.0,0.0,1.0,-1
"((DirectLDL >= 0.000) U[0,1] (bmi >= 15.027))
",-9999999.000,-9999999.000,0.000,0.000,1.000,0,0,0,1,1,0,0,1,0.0,0.0,0.0,0.0,0.0,1.0,-1
"F[0,2]((Pt_MotherT1D >= 0.000 -> diabDur <= 1.695) & Pt_A1cGoalLev >= 1.189)
",-9999999.000,-9999999.000,0.000,0.000,1.000,0,0,0,1,1,0,0,1,0.0,0.0,0.0,0.0,0.0,1.0,-1
"F[0,0](((HDL <= 0.000 -> AlbCreatRat_mggNew >= 0.000) | Pt_CGMUseNumDays <= 0.000) -> BUN >= 0.000)
",0.000,0.000,0.000,0.000,1.000,0,0,0,1,1,0,0,1,0.0,0.0,0.0,0.0,0.0,1.0,-1
"F[0,2](((bmi >= 15.018 | Pt_A1cGoalLevelDsYr5 <= 0.000) -> Pt_GrandparentT1D <= 0.000) -> Pt_A1cGoalLev <= 0.000)
",-9999999.000,-9999999.000,0.000,0.000,1.000,0,0,0,1,1,0,0,1,0.0,0.0,0.0,0.0,0.0,1.0,-1
"F[2,2]((TSH <= 0.537 -> TotChol >= 0.000) -> Pt_SiblingT1D >= 0.000)
",0.000,0.000,0.000,0.000,1.000,0,0,0,1,1,0,0,1,0.0,0.0,0.0,0.0,0.0,1.0,-1
"F[2,2]((GFR >= 5.072 & Pt_GrandchildT1D <= 0.000) & Pt_ChildT1D >= 0.000)
",-5.072,-5.072,0.000,0.000,1.000,0,0,0,1,1,0,0,1,0.0,0.0,0.0,0.0,0.0,1.0,-1
"F[1,1](((diabDur >= 1.025 -> LDL >= 0.000) | BGTestAvgNumPtRep >= 0.000) -> AutonomicNeuroCl <= 0.000)
",0.000,0.000,0.000,0.000,1.000,0,0,0,1,1,0,0,1,0.0,0.0,0.0,0.0,0.0,1.0,-1
"F[0,2]((bmiPerc <= 0.376 | AutonomicNeuroCl >= 0.000) & AlbCreatRat_mggNew >= 0.000)
",-9999999.000,-9999999.000,0.000,0.000,1.000,0,0,0,1,1,0,0,1,0.0,0.0,0.0,0.0,0.0,1.0,-1
"F[1,2]((BGTestAvgNumMeter >= 6.000 & GFR <= 42.224) | bmiZscore <= 22.851)
",-9999999.000,-9999999.000,0.000,0.000,1.000,0,0,0,1,1,0,0,1,0.0,0.0,0.0,0.0,0.0,1.0,-1
"F[2,2](((Pt_GrandchildT1D >= 0.000 & Pt_MotherT1D <= 0.000) | HbA1c >= 0.000) | diagAgeCombo >= 0.000)
",0.000,0.000,0.000,0.000,1.000,0,0,0,1,1,0,0,1,0.0,0.0,0.0,0.0,0.0,1.0,-1
"((Triglyc <= 0.000) U[1,2] (UnitsInsBasalOrLongAct >= 8.043))
",-9999999.000,-9999999.000,0.000,0.000,1.000,0,0,0,1,1,0,0,1,0.0,0.0,0.0,0.0,0.0,1.0,-1
"F[0,1](((BGTestAvgNumPtRep >= 0.000 | diabDur >= 1.253) | DirectLDL >= 1.034) -> bmi >= 1.096)
",-9999999.000,-9999999.000,0.000,0.000,1.000,0,0,0,1,1,0,0,1,0.0,0.0,0.0,0.0,0.0,1.0,-1
"F[1,2](HbA1c >= 8.753 -> Pt_A1cGoalLevelDsYr5 = 0.000)
",-9999999.000,-9999999.000,0.000,0.000,1.000,0,0,0,1,1,0,0,1,0.0,0.0,0.0,0.0,0.0,1.0,-1
"((Pt_SHFlg >= 0.000) U[1,2] (TotChol <= 0.000))
",-9999999.000,-9999999.000,0.000,0.000,1.000,0,0,0,1,1,0,0,1,0.0,0.0,0.0,0.0,0.0,1.0,-1
"F[1,2]((BUN <= 23.482 -> Pt_DKAFlg >= 0.000) -> BGTestAvgNumPtRep >= 0.000)
",-9999999.000,-9999999.000,0.000,0.000,1.000,0,0,0,1,1,0,0,1,0.0,0.0,0.0,0.0,0.0,1.0,-1
"F[2,2]((Pt_A1cGoalLevelDsYr5 <= 0.000 -> HbA1cImputeDtMnC >= 5.543) -> Pt_A1cGoalLev <= 18.385)
",-18.385,-18.385,0.000,0.000,1.000,0,0,0,1,1,0,0,1,0.0,0.0,0.0,0.0,0.0,1.0,-1
"F[1,2]((bmiPerc <= 0.350 -> TotChol >= 0.000) & AlbCreatRat_mggNew <= 0.000)
",-9999999.000,-9999999.000,0.000,0.000,1.000,0,0,0,1,1,0,0,1,0.0,0.0,0.0,0.0,0.0,1.0,-1
"F[0,2]((bmi <= 15.031 | LDL >= 0.000) -> BldPrDia >= 0.000)
",-9999999.000,-9999999.000,0.000,0.000,1.000,0,0,0,1,1,0,0,1,0.0,0.0,0.0,0.0,0.0,1.0,-1
"F[0,2](((BGTestAvgNumMeter >= 6.000 -> BldPrSys >= 97.801) | HeightCm <= 98.155) | Pt_A1cGoalLev >= 97.398)
",-9999999.000,-9999999.000,0.000,0.000,1.000,0,0,0,1,1,0,0,1,0.0,0.0,0.0,0.0,0.0,1.0,-1
"F[0,1](((WeightKg <= 25.111 -> LDL >= 0.000) | GFR >= 0.000) | HeightCm <= 0.000)
",-9999999.000,-9999999.000,0.000,0.000,1.000,0,0,0,1,1,0,0,1,0.0,0.0,0.0,0.0,0.0,1.0,-1
"((Pt_DKAFlg >= 0.000) U[1,2] (Triglyc >= 0.000))
",-9999999.000,-9999999.000,0.000,0.000,1.000,0,0,0,1,1,0,0,1,0.0,0.0,0.0,0.0,0.0,1.0,-1
"F[1,1](GFR <= 40.005 -> bmiPerc <= 0.359)
",-40.005,-40.005,0.000,0.000,1.000,0,0,0,1,1,0,0,1,0.0,0.0,0.0,0.0,0.0,1.0,-1
"F[0,0](BGTestAvgNumPtRep >= 0.000 & BGTestAvgNumMeter >= 6.000)
",4.700,4.700,0.000,0.000,1.000,0,0,0,1,1,0,0,1,0.0,0.0,0.0,0.0,0.0,1.0,-1
"((HbA1c <= 9.043) U[0,2] (Triglyc >= 0.000))
",-9999999.000,-9999999.000,0.000,0.000,1.000,0,0,0,1,1,0,0,1,0.0,0.0,0.0,0.0,0.0,1.0,-1
"F[1,1](bmi >= 15.019 -> Pt_SHFlg = 0.000)
",0.000,0.000,0.000,0.000,1.000,0,0,0,1,1,0,0,1,0.0,0.0,0.0,0.0,0.0,1.0,-1
"F[0,0]((UnitsInsBasalOrLongAct >= 6.744 -> Pt_A1cGoalLev >= 0.000) | BldPrDia >= 0.000)
",99.000,99.000,0.000,0.000,1.000,0,0,0,1,1,0,0,1,0.0,0.0,0.0,0.0,0.0,1.0,-1
"F[0,2](((Pt_SHFlg <= 0.000 & diabDur >= 1.234) -> Pt_SHFlg <= 1.875) -> Pt_FatherT1D >= 1.449)
",-9999999.000,-9999999.000,0.000,0.000,1.000,0,0,0,1,1,0,0,1,0.0,0.0,0.0,0.0,0.0,1.0,-1
"((BGTestAvgNumMeter >= 6.000) U[2,2] (BGTestAvgNumPtRep <= 0.000))
",0.000,0.000,0.000,0.000,1.000,0,0,0,1,1,0,0,1,0.0,0.0,0.0,0.0,0.0,1.0,-1
"F[1,2]((Pt_MotherT1D >= 0.000 -> bmi >= 15.026) | Pt_ChildT1D >= 15.025)
",-9999999.000,-9999999.000,0.000,0.000,1.000,0,0,0,1,1,0,0,1,0.0,0.0,0.0,0.0,0.0,1.0,-1
"F[0,2](((BUN <= 25.263 & HbA1cImputeDtMnC >= 10.173) | Pt_SiblingT1D <= 22.900) | HeightCm <= 18.509)
",-9999999.000,-9999999.000,0.000,0.000,1.000,0,0,0,1,1,0,0,1,0.0,0.0,0.0,0.0,0.0,1.0,-1
"F[0,2](((diabDur >= 1.177 -> NumPumpBolusOrShortAct >= 5.033) | TotChol >= 5.225) | BUN >= 5.092)
",-9999999.000,-9999999.000,0.000,0.000,1.000,0,0,0,1,1,0,0,1,0.0,0.0,0.0,0.0,0.0,1.0,-1
"F[1,1](GFR >= 20.956 | Pt_GrandparentT1D >= 0.000)
",0.000,0.000,0.000,0.000,1.000,0,0,0,1,1,0,0,1,0.0,0.0,0.0,0.0,0.0,1.0,-1
"((BGTestAvgNumMeter <= 6.000) U[1,2] (Pt_CGMUseNumDays >= 0.000))
",-9999999.000,-9999999.000,0.000,0.000,1.000,0,0,0,1,1,0,0,1,0.0,0.0,0.0,0.0,0.0,1.0,-1
"F[2,2](((bmi >= 15.025 | Pt_InsGov <= 0.000) | Pt_A1cGoalLev <= 0.000) -> TotChol <= 0.000)
",0.000,0.000,0.000,0.000,1.000,0,0,0,1,1,0,0,1,0.0,0.0,0.0,0.0,0.0,1.0,-1
"F[1,1](((age <= 7.553 & Pt_A1cGoalLevelDsYr5 >= 0.000) | HbA1cImputeDtMnC >= 0.000) | TotChol >= 0.000)
",0.000,0.000,0.000,0.000,1.000,0,0,0,1,1,0,0,1,0.0,0.0,0.0,0.0,0.0,1.0,-1
"F[0,1]((LDL >= 0.000 -> UnitsInsBasalOrLongAct >= 7.745) -> Pt_CGMUseNumDays >= 8.006)
",-9999999.000,-9999999.000,0.000,0.000,1.000,0,0,0,1,1,0,0,1,0.0,0.0,0.0,0.0,0.0,1.0,-1
"F[1,2]((DirectLDL >= 0.000 & age <= 7.690) & WeightKg >= 6.356)
",-9999999.000,-9999999.000,0.000,0.000,1.000,0,0,0,1,1,0,0,1,0.0,0.0,0.0,0.0,0.0,1.0,-1
"F[2,2]((BldPrDia >= 67.441 & TotalDailyInsPerKg <= 1.017) -> BGTestAvgNumPtRep <= 1.019)
",-1.019,-1.019,0.000,0.000,1.000,0,0,0,1,1,0,0,1,0.0,0.0,0.0,0.0,0.0,1.0,-1
"F[0,1](Pt_A1cGoalLev >= 0.000 | Pt_GrandchildT1D >= 0.000)
",-9999999.000,-9999999.000,0.000,0.000,1.000,0,0,0,1,1,0,0,1,0.0,0.0,0.0,0.0,0.0,1.0,-1
"F[2,2](DirectLDL <= 0.000 & TSH >= 0.226)
",-0.226,-0.226,0.000,0.000,1.000,0,0,0,1,1,0,0,1,0.0,0.0,0.0,0.0,0.0,1.0,-1
"F[1,2](age >= 6.070 & WeightKg >= 23.146)
",-9999999.000,-9999999.000,0.000,0.000,1.000,0,0,0,1,1,0,0,1,0.0,0.0,0.0,0.0,0.0,1.0,-1
"F[0,2](((Pt_SHFlg <= 0.000 | diabDur <= 1.978) | Pt_FatherT1D <= 1.524) & TotChol >= 1.261)
",-9999999.000,-9999999.000,0.000,0.000,1.000,0,0,0,1,1,0,0,1,0.0,0.0,0.0,0.0,0.0,1.0,-1
"F[1,2](bmiPerc >= 0.310 -> LDL <= 0.000)
",-9999999.000,-9999999.000,0.000,0.000,1.000,0,0,0,1,1,0,0,1,0.0,0.0,0.0,0.0,0.0,1.0,-1
"((Pt_A1cGoalLev <= 0.000) U[0,2] (Pt_InsGov >= 0.000))
",-9999999.000,-9999999.000,0.000,0.000,1.000,0,0,0,1,1,0,0,1,0.0,0.0,0.0,0.0,0.0,1.0,-1
"F[0,1](((SMBGperDayPtMeterCombo <= 6.000 -> BGTestAvgNumMeter <= 6.000) & BldPrSys >= 6.000) | DirectLDL >= 6.000)
",-9999999.000,-9999999.000,0.000,0.000,1.000,0,0,0,1,1,0,0,1,0.0,0.0,0.0,0.0,0.0,1.0,-1
"F[2,2](HDL <= 0.000 & Pt_CGMUseNumDays >= 0.000)
",0.000,0.000,0.000,0.000,1.000,0,0,0,1,1,0,0,1,0.0,0.0,0.0,0.0,0.0,1.0,-1
"((SMBGperDayPtMeterCombo <= 6.000) U[2,2] (Pt_ChildT1D >= 0.000))
",6.000,6.000,0.000,0.000,1.000,0,0,0,1,1,0,0,1,0.0,0.0,0.0,0.0,0.0,1.0,-1
"F[0,2]((Pt_GrandparentT1D <= 0.000 & HDL >= 0.000) | BldPrDia >= 0.000)
",-9999999.000,-9999999.000,0.000,0.000,1.000,0,0,0,1,1,0,0,1,0.0,0.0,0.0,0.0,0.0,1.0,-1
"F[0,2]((Pt_A1cGoalLev >= 0.000 | HbA1c <= 8.937) -> GFR <= 8.948)
",-9999999.000,-9999999.000,0.000,0.000,1.000,0,0,0,1,1,0,0,1,0.0,0.0,0.0,0.0,0.0,1.0,-1
"F[1,2]((SMBGperDayPtMeterCombo <= 6.000 | Pt_A1cGoalLev <= 0.000) -> Pt_DKAFlg >= 0.000)
",-9999999.000,-9999999.000,0.000,0.000,1.000,0,0,0,1,1,0,0,1,0.0,0.0,0.0,0.0,0.0,1.0,-1
"F[0,2]((Pt_DKAFlg <= 0.000 & DirectLDL <= 0.000) & Pt_GrandchildT1D <= 0.000)
",-9999999.000,-9999999.000,0.000,0.000,1.000,0,0,0,1,1,0,0,1,0.0,0.0,0.0,0.0,0.0,1.0,-1
"F[0,0]((Pt_SHFlg >= 0.000 | bmi <= 15.030) & BldPrDia >= 15.026)
",23.237,23.237,0.000,0.000,1.000,0,0,0,1,1,0,0,1,0.0,0.0,0.0,0.0,0.0,1.0,-1
"F[2,2](((UnitsInsBasalOrLongAct <= 10.569 | HbA1cImputeDtMnC <= 16.163) | bmiPerc >= 11.065) & TotalDailyInsPerKg >= 13.142)
",-13.142,-13.142,0.000,0.000,1.000,0,0,0,1,1,0,0,1,0.0,0.0,0.0,0.0,0.0,1.0,-1
"F[0,0](NumPumpBolusOrShortAct >= 5.357 | Pt_GrandchildT1D >= 0.000)
",0.000,0.000,0.000,0.000,1.000,0,0,0,1,1,0,0,1,0.0,0.0,0.0,0.0,0.0,1.0,-1
"((BGTestAvgNumMeter >= 6.000) U[0,2] (Pt_FatherT1D <= 0.000))
",-9999999.000,-9999999.000,0.000,0.000,1.000,0,0,0,1,1,0,0,1,0.0,0.0,0.0,0.0,0.0,1.0,-1
"((Pt_SiblingT1D <= 0.000) U[0,2] (Pt_CGMUseNumDays <= 0.000))
",-9999999.000,-9999999.000,0.000,0.000,1.000,0,0,0,1,1,0,0,1,0.0,0.0,0.0,0.0,0.0,1.0,-1
"F[0,2](((WeightKg >= 23.360 | Pt_SHFlg <= 0.000) -> TotalDailyInsPerKg <= 0.000) | Pt_CGMUseNumDays >= 0.000)
",-9999999.000,-9999999.000,0.000,0.000,1.000,0,0,0,1,1,0,0,1,0.0,0.0,0.0,0.0,0.0,1.0,-1
"F[0,1](((BGTestAvgNumMeter <= 6.000 -> Pt_DKAFlg <= 0.000) & Pt_A1cGoalLevelDsYr5 >= 0.000) | bmi <= 0.000)
",-9999999.000,-9999999.000,0.000,0.000,1.000,0,0,0,1,1,0,0,1,0.0,0.0,0.0,0.0,0.0,1.0,-1
"F[0,1](((Pt_InsGov <= 0.000 -> Pt_A1cGoalLevelDsYr5 >= 0.000) & AlbCreatRat_mggNew >= 0.000) -> HbA1cImputeDtMnC >= 0.000)
",-9999999.000,-9999999.000,0.000,0.000,1.000,0,0,0,1,1,0,0,1,0.0,0.0,0.0,0.0,0.0,1.0,-1
"F[0,1](((WeightKg >= 23.743 -> Pt_FatherT1D <= 0.000) -> AlbCreatRat_mggNew <= 0.000) -> BGTestAvgNumPtRep >= 0.000)
",-9999999.000,-9999999.000,0.000,0.000,1.000,0,0,0,1,1,0,0,1,0.0,0.0,0.0,0.0,0.0,1.0,-1
"F[0,2](Pt_A1cGoalLevelDsYr5 >= 0.000 & Pt_A1cGoalLev <= 0.000)
",-9999999.000,-9999999.000,0.000,0.000,1.000,0,0,0,1,1,0,0,1,0.0,0.0,0.0,0.0,0.0,1.0,-1
"((Pt_GrandchildT1D >= 0.000) U[1,2] (BldPrSys <= 98.268))
",-9999999.000,-9999999.000,0.000,0.000,1.000,0,0,0,1,1,0,0,1,0.0,0.0,0.0,0.0,0.0,1.0,-1
"F[0,1]((BldPrSys >= 97.642 & HbA1cImputeDtMnC >= 5.507) -> AutonomicNeuroCl <= 16.000)
",-9999999.000,-9999999.000,0.000,0.000,1.000,0,0,0,1,1,0,0,1,0.0,0.0,0.0,0.0,0.0,1.0,-1
"F[0,0](((Pt_MotherT1D <= 0.000 | Pt_SiblingT1D <= 0.000) -> HbA1c >= 0.000) -> Pt_A1cGoalLevelDsYr5 <= 0.000)
",0.000,0.000,0.000,0.000,1.000,0,0,0,1,1,0,0,1,0.0,0.0,0.0,0.0,0.0,1.0,-1
"F[1,1]((Pt_SHFlg <= 0.000 -> TotChol >= 0.000) -> Pt_A1cGoalLevelDsYr5 >= 0.000)
",0.000,0.000,0.000,0.000,1.000,0,0,0,1,1,0,0,1,0.0,0.0,0.0,0.0,0.0,1.0,-1
"((HbA1c <= 9.059) U[0,0] (Pt_InsGov <= 0.000))
",8.318,8.318,0.000,0.000,1.000,0,0,0,1,1,0,0,1,0.0,0.0,0.0,0.0,0.0,1.0,-1
"F[0,1]((TotalDailyInsPerKg >= 0.997 & Pt_GrandchildT1D <= 0.000) | TSH <= 0.000)
",-9999999.000,-9999999.000,0.000,0.000,1.000,0,0,0,1,1,0,0,1,0.0,0.0,0.0,0.0,0.0,1.0,-1
"F[0,1](((bmi >= 15.024 & Pt_GrandchildT1D <= 0.000) | AlbCreatRat_mggNew >= 0.000) -> Pt_DKAFlg <= 0.000)
",-9999999.000,-9999999.000,0.000,0.000,1.000,0,0,0,1,1,0,0,1,0.0,0.0,0.0,0.0,0.0,1.0,-1
"((Pt_DKAFlg <= 0.000) U[0,1] (Triglyc >= 0.000))
",-9999999.000,-9999999.000,0.000,0.000,1.000,0,0,0,1,1,0,0,1,0.0,0.0,0.0,0.0,0.0,1.0,-1
"((AlbCreatRat_mggNew >= 0.000) U[2,2] (Pt_SiblingT1D <= 0.000))
",0.000,0.000,0.000,0.000,1.000,0,0,0,1,1,0,0,1,0.0,0.0,0.0,0.0,0.0,1.0,-1
"F[2,2](((Triglyc >= 0.000 & Pt_CGMUseNumDays >= 0.000) | BGTestAvgNumPtRep >= 0.000) | Pt_MotherT1D <= 0.000)
",0.000,0.000,0.000,0.000,1.000,0,0,0,1,1,0,0,1,0.0,0.0,0.0,0.0,0.0,1.0,-1
"((Pt_CGMUseNumDays >= 0.000) U[0,1] (TotChol >= 0.000))
",-9999999.000,-9999999.000,0.000,0.000,1.000,0,0,0,1,1,0,0,1,0.0,0.0,0.0,0.0,0.0,1.0,-1
"F[0,1]((HbA1c <= 9.063 | TSH >= 0.232) -> TSH <= 0.477)
",-9999999.000,-9999999.000,0.000,0.000,1.000,0,0,0,1,1,0,0,1,0.0,0.0,0.0,0.0,0.0,1.0,-1
"F[1,2]((Pt_A1cGoalLevelDsYr5 >= 0.000 | BUN >= 16.824) -> Pt_SHFlg >= 16.907)
",-9999999.000,-9999999.000,0.000,0.000,1.000,0,0,0,1,1,0,0,1,0.0,0.0,0.0,0.0,0.0,1.0,-1
"F[0,2](BldPrDia >= 67.343 & TotChol >= 0.000)
",-9999999.000,-9999999.000,0.000,0.000,1.000,0,0,0,1,1,0,0,1,0.0,0.0,0.0,0.0,0.0,1.0,-1
"F[1,2](Pt_GrandparentT1D <= 0.000 & bmiZscore <= -0.383)
",-9999999.000,-9999999.000,0.000,0.000,1.000,0,0,0,1,1,0,0,1,0.0,0.0,0.0,0.0,0.0,1.0,-1
"F[1,2](((Pt_CGMUseNumDays <= 0.000 -> BGTestAvgNumMeter <= 6.000) | HbA1c >= 6.000) & Pt_DKAFlg >= 6.000)
",-9999999.000,-9999999.000,0.000,0.000,1.000,0,0,0,1,1,0,0,1,0.0,0.0,0.0,0.0,0.0,1.0,-1
"((Pt_SHFlg <= 0.000) U[1,2] (BldPrSys <= 98.927))
",-9999999.000,-9999999.000,0.000,0.000,1.000,0,0,0,1,1,0,0,1,0.0,0.0,0.0,0.0,0.0,1.0,-1
"F[2,2](((bmiPerc <= 0.360 | Pt_FatherT1D >= 0.000) & Triglyc >= 0.000) -> Pt_A1cGoalLev >= 0.000)
",0.000,0.000,0.000,0.000,1.000,0,0,0,1,1,0,0,1,0.0,0.0,0.0,0.0,0.0,1.0,-1
"F[2,2](Pt_CGMUseNumDays >= 0.000 & UnitsInsBasalOrLongAct <= 9.521)
",0.000,0.000,0.000,0.000,1.000,0,0,0,1,1,0,0,1,0.0,0.0,0.0,0.0,0.0,1.0,-1
"F[0,1]((HeightCm <= 128.439 | Pt_A1cGoalLevelDsYr5 >= 0.000) | BldPrSys <= 0.000)
",-9999999.000,-9999999.000,0.000,0.000,1.000,0,0,0,1,1,0,0,1,0.0,0.0,0.0,0.0,0.0,1.0,-1
"F[0,0]((Pt_SHFlg >= 0.000 & DirectLDL <= 0.000) | Pt_CGMUseNumDays <= 0.000)
",-132.000,-132.000,0.000,0.000,1.000,0,0,0,1,1,0,0,1,0.0,0.0,0.0,0.0,0.0,1.0,-1
"F[1,2]((BGTestAvgNumPtRep <= 0.000 -> BGTestAvgNumMeter <= 6.000) & Pt_InsGov <= 6.000)
",-9999999.000,-9999999.000,0.000,0.000,1.000,0,0,0,1,1,0,0,1,0.0,0.0,0.0,0.0,0.0,1.0,-1
"F[0,2]((UnitsInsBasalOrLongAct <= 10.065 -> Pt_SiblingT1D >= 0.000) & Pt_GrandparentT1D <= 0.000)
",-9999999.000,-9999999.000,0.000,0.000,1.000,0,0,0,1,1,0,0,1,0.0,0.0,0.0,0.0,0.0,1.0,-1
"((BGTestAvgNumPtRep >= 0.000) U[0,2] (bmiPerc <= 0.359))
",-9999999.000,-9999999.000,0.000,0.000,1.000,0,0,0,1,1,0,0,1,0.0,0.0,0.0,0.0,0.0,1.0,-1
"((Pt_SiblingT1D >= 0.000) U[1,2] (Pt_InsGov >= 0.000))
",-9999999.000,-9999999.000,0.000,0.000,1.000,0,0,0,1,1,0,0,1,0.0,0.0,0.0,0.0,0.0,1.0,-1
"F[0,2](((bmiPerc <= 0.352 | HbA1cImputeDtMnC <= 17.057) & UnitsInsBasalOrLongAct <= 14.306) & bmi >= 7.592)
",-9999999.000,-9999999.000,0.000,0.000,1.000,0,0,0,1,1,0,0,1,0.0,0.0,0.0,0.0,0.0,1.0,-1
"F[0,0](AlbCreatRat_mggNew >= 0.000 & BGTestAvgNumPtRep <= 0.000)
",-6.000,-6.000,0.000,0.000,1.000,0,0,0,1,1,0,0,1,0.0,0.0,0.0,0.0,0.0,1.0,-1
"F[2,2](((AutonomicNeuroCl >= 0.000 & TSH <= 0.697) & TotChol >= 0.327) -> Pt_SiblingT1D >= 0.279)
",0.279,0.279,0.000,0.000,1.000,0,0,0,1,1,0,0,1,0.0,0.0,0.0,0.0,0.0,1.0,-1
"F[0,2]((Pt_A1cGoalLev <= 0.000 | BGTestAvgNumPtRep >= 0.000) | Pt_A1cGoalLevelDsYr5 >= 0.000)
",-9999999.000,-9999999.000,0.000,0.000,1.000,0,0,0,1,1,0,0,1,0.0,0.0,0.0,0.0,0.0,1.0,-1
"F[2,2]((DirectLDL >= 0.000 | Pt_A1cGoalLevelDsYr5 >= 0.000) -> Pt_FatherT1D <= 0.000)
",0.000,0.000,0.000,0.000,1.000,0,0,0,1,1,0,0,1,0.0,0.0,0.0,0.0,0.0,1.0,-1
"F[0,1](LDL <= 0.000 -> DirectLDL >= 0.000)
",-9999999.000,-9999999.000,0.000,0.000,1.000,0,0,0,1,1,0,0,1,0.0,0.0,0.0,0.0,0.0,1.0,-1
"F[2,2]((bmiPerc >= 0.338 | Pt_A1cGoalLev >= 0.000) & GFR <= 0.000)
",0.000,0.000,0.000,0.000,1.000,0,0,0,1,1,0,0,1,0.0,0.0,0.0,0.0,0.0,1.0,-1
"F[0,1]((TotChol >= 0.000 & Pt_GrandparentT1D >= 0.000) & NumPumpBolusOrShortAct >= 0.000)
",-9999999.000,-9999999.000,0.000,0.000,1.000,0,0,0,1,1,0,0,1,0.0,0.0,0.0,0.0,0.0,1.0,-1
"F[1,2](((TSH >= 0.313 & TotalDailyInsPerKg >= 0.998) & DirectLDL >= 1.001) -> Pt_SHFlg >= 0.999)
",-9999999.000,-9999999.000,0.000,0.000,1.000,0,0,0,1,1,0,0,1,0.0,0.0,0.0,0.0,0.0,1.0,-1
"F[0,2]((bmiZscore >= -0.500 -> BUN >= 16.637) -> bmiZscore <= 23.067)
",-9999999.000,-9999999.000,0.000,0.000,1.000,0,0,0,1,1,0,0,1,0.0,0.0,0.0,0.0,0.0,1.0,-1
"F[0,1](HbA1c >= 8.666 -> Pt_A1cGoalLevelDsYr5 = 0.000)
",-9999999.000,-9999999.000,0.000,0.000,1.000,0,0,0,1,1,0,0,1,0.0,0.0,0.0,0.0,0.0,1.0,-1
"F[0,1](HbA1cImputeDtMnC >= 6.972 & Pt_SHFlg = 0.000)
",-9999999.000,-9999999.000,0.000,0.000,1.000,0,0,0,1,1,0,0,1,0.0,0.0,0.0,0.0,0.0,1.0,-1
"((BGTestAvgNumMeter >= 6.000) U[0,1] (BGTestAvgNumPtRep <= 0.000))
",-9999999.000,-9999999.000,0.000,0.000,1.000,0,0,0,1,1,0,0,1,0.0,0.0,0.0,0.0,0.0,1.0,-1
"((BGTestAvgNumMeter >= 6.000) U[1,2] (BGTestAvgNumPtRep <= 0.000))
",-9999999.000,-9999999.000,0.000,0.000,1.000,0,0,0,1,1,0,0,1,0.0,0.0,0.0,0.0,0.0,1.0,-1
"F[0,0](HbA1c >= 8.742 -> Pt_A1cGoalLevelDsYr5 = 0.000)
",0.000,0.000,0.000,0.000,1.000,0,0,0,1,1,0,0,1,0.0,0.0,0.0,0.0,0.0,1.0,-1
"((BGTestAvgNumMeter >= 6.000) U[0,1] (BGTestAvgNumPtRep <= 0.000))
",-9999999.000,-9999999.000,0.000,0.000,1.000,0,0,0,1,1,0,0,1,0.0,0.0,0.0,0.0,0.0,1.0,-1
"F[0,2](HbA1c >= 8.737 -> Pt_A1cGoalLevelDsYr5 = 0.000)
",-9999999.000,-9999999.000,0.000,0.000,1.000,0,0,0,1,1,0,0,1,0.0,0.0,0.0,0.0,0.0,1.0,-1
"((BGTestAvgNumMeter >= 6.000) U[0,1] (BGTestAvgNumPtRep <= 0.000))
",-9999999.000,-9999999.000,0.000,0.000,1.000,0,0,0,1,1,0,0,1,0.0,0.0,0.0,0.0,0.0,1.0,-1
"F[0,1](HbA1c >= 8.604 -> Pt_A1cGoalLevelDsYr5 = 0.000)
",-9999999.000,-9999999.000,0.000,0.000,1.000,0,0,0,1,1,0,0,1,0.0,0.0,0.0,0.0,0.0,1.0,-1
"((BGTestAvgNumMeter >= 6.000) U[1,2] (BGTestAvgNumPtRep <= 0.000))
",-9999999.000,-9999999.000,0.000,0.000,1.000,0,0,0,1,1,0,0,1,0.0,0.0,0.0,0.0,0.0,1.0,-1
"F[0,2](HbA1c >= 8.756 -> Pt_A1cGoalLevelDsYr5 = 0.000)
",-9999999.000,-9999999.000,0.000,0.000,1.000,0,0,0,1,1,0,0,1,0.0,0.0,0.0,0.0,0.0,1.0,-1
"F[0,1]((LDL <= 0.000 -> Pt_SiblingT1D <= 0.000) & age >= 0.000)
",-9999999.000,-9999999.000,0.000,0.000,1.000,0,0,0,1,1,0,0,1,0.0,0.0,0.0,0.0,0.0,1.0,-1
"F[2,2](AlbCreatRat_mggNew <= 0.000 -> Pt_SHFlg = 0.000)
",0.000,0.000,0.000,0.000,1.000,0,0,0,1,1,0,0,1,0.0,0.0,0.0,0.0,0.0,1.0,-1
"F[0,0](Pt_SHFlg >= 0.000 & Pt_SHFlg = 0.000)
",-23.237,-23.237,0.000,0.000,1.000,0,0,0,1,1,0,0,1,0.0,0.0,0.0,0.0,0.0,1.0,-1
"F[0,2]((diabDur >= 1.159 | Pt_A1cGoalLevelDsYr5 >= 0.000) | LDL <= 0.000)
",-9999999.000,-9999999.000,0.000,0.000,1.000,0,0,0,1,1,0,0,1,0.0,0.0,0.0,0.0,0.0,1.0,-1
"F[1,2](HbA1c >= 8.775 -> Pt_A1cGoalLevelDsYr5 = 0.000)
",-9999999.000,-9999999.000,0.000,0.000,1.000,0,0,0,1,1,0,0,1,0.0,0.0,0.0,0.0,0.0,1.0,-1
"F[0,0](((Pt_SiblingT1D <= 0.000 -> BGTestAvgNumPtRep >= 0.000) -> bmiZscore <= 0.000) & diabDur >= 0.000)
",0.307,0.307,0.000,0.000,1.000,0,0,0,1,1,0,0,1,0.0,0.0,0.0,0.0,0.0,1.0,-1
"((SMBGperDayPtMeterCombo >= 6.000) U[0,1] (TSH <= 0.412))
",-9999999.000,-9999999.000,0.000,0.000,1.000,0,0,0,1,1,0,0,1,0.0,0.0,0.0,0.0,0.0,1.0,-1
"F[0,1](((Triglyc <= 0.000 | TSH >= 0.129) & Pt_GrandparentT1D >= 0.190) -> HbA1cImputeDtMnC <= 0.493)
",-9999999.000,-9999999.000,0.000,0.000,1.000,0,0,0,1,1,0,0,1,0.0,0.0,0.0,0.0,0.0,1.0,-1
"F[0,2](AutonomicNeuroCl <= 0.000 & BUN <= 22.678)
",-9999999.000,-9999999.000,0.000,0.000,1.000,0,0,0,1,1,0,0,1,0.0,0.0,0.0,0.0,0.0,1.0,-1
"((LDL <= 0.000) U[0,2] (Pt_SHFlg >= 0.000))
",-9999999.000,-9999999.000,0.000,0.000,1.000,0,0,0,1,1,0,0,1,0.0,0.0,0.0,0.0,0.0,1.0,-1
"F[0,2](bmiPerc <= 0.380 | Pt_A1cGoalLevelDsYr5 <= 0.000)
",-9999999.000,-9999999.000,0.000,0.000,1.000,0,0,0,1,1,0,0,1,0.0,0.0,0.0,0.0,0.0,1.0,-1
"F[0,2]((WeightKg >= 22.863 -> HeightCm >= 124.561) & BGTestAvgNumMeter <= 131.328)
",-9999999.000,-9999999.000,0.000,0.000,1.000,0,0,0,1,1,0,0,1,0.0,0.0,0.0,0.0,0.0,1.0,-1
"F[1,2](TotChol <= 0.000 | UnitsInsBasalOrLongAct <= 8.990)
",-9999999.000,-9999999.000,0.000,0.000,1.000,0,0,0,1,1,0,0,1,0.0,0.0,0.0,0.0,0.0,1.0,-1
"F[1,2]((bmi >= 15.020 -> bmiPerc <= 0.348) & diabDur <= 0.380)
",-9999999.000,-9999999.000,0.000,0.000,1.000,0,0,0,1,1,0,0,1,0.0,0.0,0.0,0.0,0.0,1.0,-1
"((diagAgeCombo >= 0.000) U[0,2] (TSH >= 0.263))
",-9999999.000,-9999999.000,0.000,0.000,1.000,0,0,0,1,1,0,0,1,0.0,0.0,0.0,0.0,0.0,1.0,-1
"F[0,2](((TSH <= 0.718 -> HeightCm <= 129.462) | BGTestAvgNumMeter >= 124.428) -> HbA1c >= 123.303)
",-9999999.000,-9999999.000,0.000,0.000,1.000,0,0,0,1,1,0,0,1,0.0,0.0,0.0,0.0,0.0,1.0,-1
"F[0,2](((HbA1cImputeDtMnC <= 22.110 | diagAgeCombo <= 0.000) -> DirectLDL <= 0.000) | TotalDailyInsPerKg >= 0.000)
",-9999999.000,-9999999.000,0.000,0.000,1.000,0,0,0,1,1,0,0,1,0.0,0.0,0.0,0.0,0.0,1.0,-1
"F[0,2](((UnitsInsBasalOrLongAct <= 9.957 | HbA1c >= 8.883) -> AutonomicNeuroCl >= 8.877) & bmiPerc >= 8.669)
",-9999999.000,-9999999.000,0.000,0.000,1.000,0,0,0,1,1,0,0,1,0.0,0.0,0.0,0.0,0.0,1.0,-1
"F[1,2](((HbA1c >= 8.872 & Pt_InsGov <= 0.000) | DirectLDL <= 0.000) & NumPumpBolusOrShortAct >= 0.000)
",-9999999.000,-9999999.000,0.000,0.000,1.000,0,0,0,1,1,0,0,1,0.0,0.0,0.0,0.0,0.0,1.0,-1
"((BGTestAvgNumMeter >= 6.000) U[1,1] (BGTestAvgNumPtRep <= 0.000))
",0.000,0.000,0.000,0.000,1.000,0,0,0,1,1,0,0,1,0.0,0.0,0.0,0.0,0.0,1.0,-1
"((BGTestAvgNumMeter >= 6.000) U[1,2] (BGTestAvgNumPtRep <= 0.000))
",-9999999.000,-9999999.000,0.000,0.000,1.000,0,0,0,1,1,0,0,1,0.0,0.0,0.0,0.0,0.0,1.0,-1
"F[0,1]((bmi <= 15.030 & Pt_CGMUseNumDays >= 0.000) -> HbA1c <= 0.000)
",-9999999.000,-9999999.000,0.000,0.000,1.000,0,0,0,1,1,0,0,1,0.0,0.0,0.0,0.0,0.0,1.0,-1
"F[0,1](Pt_SHFlg <= 0.000 & Pt_SHFlg = 0.000)
",-9999999.000,-9999999.000,0.000,0.000,1.000,0,0,0,1,1,0,0,1,0.0,0.0,0.0,0.0,0.0,1.0,-1
"F[1,2]((diagAgeCombo <= 0.000 & LDL >= 0.000) | bmi <= 0.000)
",-9999999.000,-9999999.000,0.000,0.000,1.000,0,0,0,1,1,0,0,1,0.0,0.0,0.0,0.0,0.0,1.0,-1
"F[1,2]((Pt_GrandparentT1D <= 0.000 & BUN >= 16.435) -> HDL >= 16.720)
",-9999999.000,-9999999.000,0.000,0.000,1.000,0,0,0,1,1,0,0,1,0.0,0.0,0.0,0.0,0.0,1.0,-1
"F[0,2](((HeightCm <= 130.202 -> DirectLDL >= 0.000) & TotChol <= 0.000) | Triglyc >= 0.000)
",-9999999.000,-9999999.000,0.000,0.000,1.000,0,0,0,1,1,0,0,1,0.0,0.0,0.0,0.0,0.0,1.0,-1
"F[1,2]((HbA1cImputeDtMnC >= 6.804 | HbA1c <= 8.927) & TotalDailyInsPerKg <= 9.105)
",-9999999.000,-9999999.000,0.000,0.000,1.000,0,0,0,1,1,0,0,1,0.0,0.0,0.0,0.0,0.0,1.0,-1
"F[1,2](((diabDur >= 1.045 & NumPumpBolusOrShortAct >= 5.235) | BUN >= 5.370) | diabDur >= 5.170)
",-9999999.000,-9999999.000,0.000,0.000,1.000,0,0,0,1,1,0,0,1,0.0,0.0,0.0,0.0,0.0,1.0,-1
"F[1,2](((HDL <= 0.000 | WeightKg <= 24.818) | HDL >= 23.240) -> Pt_DKAFlg >= 23.491)
",-9999999.000,-9999999.000,0.000,0.000,1.000,0,0,0,1,1,0,0,1,0.0,0.0,0.0,0.0,0.0,1.0,-1
"F[0,0]((bmiPerc <= 0.381 -> diagAgeCombo >= 0.000) | AutonomicNeuroCl <= 0.000)
",-9.200,-9.200,0.000,0.000,1.000,0,0,0,1,1,0,0,1,0.0,0.0,0.0,0.0,0.0,1.0,-1
"F[1,2](UnitsInsBasalOrLongAct <= 9.421 -> bmiZscore <= -0.363)
",-9999999.000,-9999999.000,0.000,0.000,1.000,0,0,0,1,1,0,0,1,0.0,0.0,0.0,0.0,0.0,1.0,-1
"F[0,0](((Pt_CGMUseNumDays <= 0.000 & TotalDailyInsPerKg >= 1.004) & LDL >= 1.009) -> TSH >= 1.008)
",1.008,1.008,0.000,0.000,1.000,0,0,0,1,1,0,0,1,0.0,0.0,0.0,0.0,0.0,1.0,-1
"F[0,2](WeightKg <= 25.464 -> Pt_SHFlg = 0.000)
",-9999999.000,-9999999.000,0.000,0.000,1.000,0,0,0,1,1,0,0,1,0.0,0.0,0.0,0.0,0.0,1.0,-1
"((BUN > 19.126) U[0,0] (Pt_SHFlg = 0.000))
",-19.126,-19.126,0.000,0.000,1.000,0,0,0,1,1,0,0,1,0.0,0.0,0.0,0.0,0.0,1.0,-1
"F[1,1](HbA1cImputeDtMnC >= 10.401 & Pt_SHFlg = 0.000)
",-10.401,-10.401,0.000,0.000,1.000,0,0,0,1,1,0,0,1,0.0,0.0,0.0,0.0,0.0,1.0,-1
"F[0,2](Pt_A1cGoalLev >= 0.000 -> Pt_SHFlg = 0.000)
",-9999999.000,-9999999.000,0.000,0.000,1.000,0,0,0,1,1,0,0,1,0.0,0.0,0.0,0.0,0.0,1.0,-1
"F[1,2](WeightKg < 24.862 & Pt_SHFlg = 0.000)
",-9999999.000,-9999999.000,0.000,0.000,1.000,0,0,0,1,1,0,0,1,0.0,0.0,0.0,0.0,0.0,1.0,-1
"((Pt_SiblingT1D <= 0.000) U[0,1] (Pt_SHFlg = 0.000))
",-9999999.000,-9999999.000,0.000,0.000,1.000,0,0,0,1,1,0,0,1,0.0,0.0,0.0,0.0,0.0,1.0,-1
"F[1,2](HbA1c >= 8.810 -> Pt_A1cGoalLevelDsYr5 = 0.000)
",-9999999.000,-9999999.000,0.000,0.000,1.000,0,0,0,1,1,0,0,1,0.0,0.0,0.0,0.0,0.0,1.0,-1
"F[2,2](HDL <= 0.000 & Pt_SHFlg = 0.000)
",0.000,0.000,0.000,0.000,1.000,0,0,0,1,1,0,0,1,0.0,0.0,0.0,0.0,0.0,1.0,-1
"F[2,2](HbA1cImputeDtMnC >= 11.777 & Pt_SHFlg = 0.000)
",-11.777,-11.777,0.000,0.000,1.000,0,0,0,1,1,0,0,1,0.0,0.0,0.0,0.0,0.0,1.0,-1
"((Pt_InsGov < 0.000) U[2,2] (Pt_SHFlg = 0.000))
",0.000,0.000,0.000,0.000,1.000,0,0,0,1,1,0,0,1,0.0,0.0,0.0,0.0,0.0,1.0,-1
"F[1,2](Pt_GrandparentT1D < 0.000 & Pt_SHFlg = 0.000)
",-9999999.000,-9999999.000,0.000,0.000,1.000,0,0,0,1,1,0,0,1,0.0,0.0,0.0,0.0,0.0,1.0,-1
"F[0,1](UnitsInsBasalOrLongAct > 7.302 -> Pt_SHFlg = 0.000)
",-9999999.000,-9999999.000,0.000,0.000,1.000,0,0,0,1,1,0,0,1,0.0,0.0,0.0,0.0,0.0,1.0,-1
"((UnitsInsBasalOrLongAct > 6.549) U[0,1] (Pt_SHFlg = 0.000))
",-9999999.000,-9999999.000,0.000,0.000,1.000,0,0,0,1,1,0,0,1,0.0,0.0,0.0,0.0,0.0,1.0,-1
"F[2,2](AlbCreatRat_mggNew > 0.000 -> Pt_SHFlg = 0.000)
",0.000,0.000,0.000,0.000,1.000,0,0,0,1,1,0,0,1,0.0,0.0,0.0,0.0,0.0,1.0,-1
"F[0,1](TSH > 0.131 & Pt_SHFlg = 0.000)
",-9999999.000,-9999999.000,0.000,0.000,1.000,0,0,0,1,1,0,0,1,0.0,0.0,0.0,0.0,0.0,1.0,-1
"F[2,2](BldPrDia >= 67.051 -> Pt_SHFlg = 0.000)
",0.000,0.000,0.000,0.000,1.000,0,0,0,1,1,0,0,1,0.0,0.0,0.0,0.0,0.0,1.0,-1
"((HDL <= 0.000) U[0,2] (Pt_SHFlg = 0.000))
",-9999999.000,-9999999.000,0.000,0.000,1.000,0,0,0,1,1,0,0,1,0.0,0.0,0.0,0.0,0.0,1.0,-1
"((BGTestAvgNumMeter >= 6.000) U[0,1] (BGTestAvgNumPtRep <= 0.000))
",-9999999.000,-9999999.000,0.000,0.000,1.000,0,0,0,1,1,0,0,1,0.0,0.0,0.0,0.0,0.0,1.0,-1
"F[1,1](HbA1c >= 8.827 -> Pt_A1cGoalLevelDsYr5 = 0.000)
",0.000,0.000,0.000,0.000,1.000,0,0,0,1,1,0,0,1,0.0,0.0,0.0,0.0,0.0,1.0,-1
"F[0,0](HbA1c >= 8.659 -> Pt_A1cGoalLevelDsYr5 = 0.000)
",0.000,0.000,0.000,0.000,1.000,0,0,0,1,1,0,0,1,0.0,0.0,0.0,0.0,0.0,1.0,-1
"((BGTestAvgNumMeter >= 6.000) U[0,0] (BGTestAvgNumPtRep <= 0.000))
",4.700,4.700,0.000,0.000,1.000,0,0,0,1,1,0,0,1,0.0,0.0,0.0,0.0,0.0,1.0,-1
"F[1,2](DirectLDL >= 0.000 | BGTestAvgNumMeter <= 6.000)
",-9999999.000,-9999999.000,0.000,0.000,1.000,0,0,0,1,1,0,0,1,0.0,0.0,0.0,0.0,0.0,1.0,-1
"F[0,2](((bmiZscore >= -0.498 -> TSH <= 0.500) | bmiZscore <= 0.697) -> Pt_A1cGoalLevelDsYr5 >= 0.150)
",-9999999.000,-9999999.000,0.000,0.000,1.000,0,0,0,1,1,0,0,1,0.0,0.0,0.0,0.0,0.0,1.0,-1
"F[0,2](((BGTestAvgNumPtRep >= 0.000 -> BldPrDia >= 67.104) -> diabDur >= 67.178) | BGTestAvgNumMeter <= 67.583)
",-9999999.000,-9999999.000,0.000,0.000,1.000,0,0,0,1,1,0,0,1,0.0,0.0,0.0,0.0,0.0,1.0,-1
"G[1,2]((SMBGperDayPtMeterCombo <= 6.000 & Pt_ChildT1D <= 0.000) -> Pt_InsGov <= 0.000)
",9999999.000,9999999.000,0.000,1.000,0.000,0,0,1,0,0,1,1,0,0.0,0.0,1.0,0.0,0.0,1.0,1
"G[0,2]((GFR <= 33.215 & BGTestAvgNumPtRep >= 0.000) -> HeightCm >= 0.000)
",9999999.000,9999999.000,0.000,1.000,0.000,0,0,1,0,0,1,1,0,0.0,0.0,1.0,0.0,0.0,1.0,1
"G[0,1](((AlbCreatRat_mggNew >= 0.000 -> BldPrDia <= 67.975) -> TotalDailyInsPerKg <= 67.808) & WeightKg >= 67.078)
",9999999.000,9999999.000,0.000,1.000,0.000,0,0,0,1,1,0,0,1,0.0,0.0,0.0,0.0,0.0,1.0,1
"G[0,0](Triglyc <= 0.000 & NumPumpBolusOrShortAct <= 5.645)
",0.000,0.000,0.000,1.000,0.000,0,0,0,1,1,0,0,1,0.0,0.0,0.0,0.0,0.0,1.0,1
"G[1,2](((Pt_SiblingT1D >= 0.000 | BldPrSys >= 97.771) | WeightKg >= 97.906) -> Pt_InsGov >= 97.174)
",9999999.000,9999999.000,0.000,1.000,0.000,0,0,0,1,1,0,0,1,0.0,0.0,0.0,0.0,0.0,1.0,1
"G[0,2](Pt_SiblingT1D >= 0.000 & HDL <= 0.000)
",9999999.000,9999999.000,0.000,1.000,0.000,0,0,1,0,0,1,1,0,0.0,0.0,1.0,0.0,0.0,1.0,1
"G[2,2](bmi >= 15.019 | HbA1cImputeDtMnC <= 15.311)
",15.311,15.311,0.000,1.000,0.000,0,0,1,0,0,1,1,0,0.0,0.0,1.0,0.0,0.0,1.0,1
"G[0,0](bmi >= 15.024 & diabDur <= 1.803)
",-15.024,-15.024,0.000,1.000,0.000,0,0,0,1,1,0,0,1,0.0,0.0,0.0,0.0,0.0,1.0,1
"G[1,2](HbA1cImputeDtMnC < 16.814 & Pt_SHFlg = 0.000)
",9999999.000,9999999.000,0.000,1.000,0.000,0,0,0,1,1,0,0,1,0.0,0.0,0.0,0.0,0.0,1.0,1
"G[0,1](Pt_DKAFlg < 0.000 & Pt_SHFlg = 0.000)
",9999999.000,9999999.000,0.000,1.000,0.000,0,0,0,1,1,0,0,1,0.0,0.0,0.0,0.0,0.0,1.0,1
"G[1,2](((WeightKg >= 22.914 & bmiPerc >= 0.323) | diabDur >= 0.313) -> Pt_InsGov >= 0.333)
",9999999.000,9999999.000,0.000,1.000,0.000,0,0,0,1,1,0,0,1,0.0,0.0,0.0,0.0,0.0,1.0,1
"G[0,1](((AlbCreatRat_mggNew <= 0.000 & bmiZscore >= -0.436) -> Pt_MotherT1D <= -0.357) & TSH <= -0.327)
",9999999.000,9999999.000,0.000,1.000,0.000,0,0,0,1,1,0,0,1,0.0,0.0,0.0,0.0,0.0,1.0,1
"G[0,2](((AlbCreatRat_mggNew <= 0.000 -> Pt_FatherT1D <= 0.000) | Pt_GrandparentT1D <= 0.000) -> SMBGperDayPtMeterCombo <= 0.000)
",9999999.000,9999999.000,0.000,1.000,0.000,0,0,0,1,1,0,0,1,0.0,0.0,0.0,0.0,0.0,1.0,1
"G[0,1](SMBGperDayPtMeterCombo >= 6.000 & HbA1cImputeDtMnC >= 12.516)
",9999999.000,9999999.000,0.000,1.000,0.000,0,0,0,1,1,0,0,1,0.0,0.0,0.0,0.0,0.0,1.0,1
"G[0,1](bmiZscore >= -0.495 & TotChol <= 0.000)
",9999999.000,9999999.000,0.000,1.000,0.000,0,0,0,1,1,0,0,1,0.0,0.0,0.0,0.0,0.0,1.0,1
"G[1,2]((GFR >= 0.511 -> Pt_ChildT1D <= 0.000) | TSH <= 0.000)
",9999999.000,9999999.000,0.000,1.000,0.000,0,0,1,0,0,1,1,0,0.0,0.0,1.0,0.0,0.0,1.0,1
"G[0,2](Pt_SHFlg <= 0.000 | SMBGperDayPtMeterCombo <= 6.000)
",9999999.000,9999999.000,0.000,1.000,0.000,0,0,1,0,0,1,1,0,0.0,0.0,1.0,0.0,0.0,1.0,1
"G[0,2](((diabDur >= 1.463 & bmiPerc <= 0.354) | Pt_DKAFlg <= 0.345) -> UnitsInsBasalOrLongAct <= 0.354)
",9999999.000,9999999.000,0.000,1.000,0.000,0,0,0,1,1,0,0,1,0.0,0.0,0.0,0.0,0.0,1.0,1
"G[0,1]((NumPumpBolusOrShortAct <= 5.512 -> Pt_FatherT1D <= 0.000) -> BldPrDia <= 0.000)
",9999999.000,9999999.000,0.000,1.000,0.000,0,0,0,1,1,0,0,1,0.0,0.0,0.0,0.0,0.0,1.0,1
"G[0,2]((HbA1cImputeDtMnC >= 10.726 | bmiZscore <= -0.391) & bmi >= -0.478)
",9999999.000,9999999.000,0.000,1.000,0.000,0,0,0,1,1,0,0,1,0.0,0.0,0.0,0.0,0.0,1.0,1
"G[0,2](DirectLDL >= 0.000 -> BUN >= 14.738)
",9999999.000,9999999.000,0.000,1.000,0.000,0,0,0,1,1,0,0,1,0.0,0.0,0.0,0.0,0.0,1.0,1
"G[0,2]((age >= 6.571 -> BldPrSys <= 98.230) & UnitsInsBasalOrLongAct <= 98.539)
",9999999.000,9999999.000,0.000,1.000,0.000,0,0,0,1,1,0,0,1,0.0,0.0,0.0,0.0,0.0,1.0,1
"G[1,2](((BGTestAvgNumMeter <= 6.000 | Pt_A1cGoalLevelDsYr5 <= 0.000) & HbA1cImputeDtMnC <= 0.000) -> NumPumpBolusOrShortAct >= 0.000)
",9999999.000,9999999.000,0.000,1.000,0.000,0,0,1,0,0,1,1,0,0.0,0.0,1.0,0.0,0.0,1.0,1
"G[1,2]((SMBGperDayPtMeterCombo <= 6.000 | AutonomicNeuroCl >= 0.000) & bmiPerc >= 0.000)
",9999999.000,9999999.000,0.000,1.000,0.000,0,0,1,0,0,1,1,0,0.0,0.0,1.0,0.0,0.0,1.0,1
"G[2,2](((HbA1cImputeDtMnC >= 13.949 -> Pt_MotherT1D >= 0.000) | bmi >= 0.000) & HDL >= 0.000)
",0.000,0.000,0.000,1.000,0.000,0,0,1,0,0,1,1,0,0.0,0.0,1.0,0.0,0.0,1.0,1
"G[0,1](((TotChol <= 0.000 & HbA1cImputeDtMnC >= 4.859) | bmiPerc >= 12.047) & Triglyc <= 19.798)
",9999999.000,9999999.000,0.000,1.000,0.000,0,0,0,1,1,0,0,1,0.0,0.0,0.0,0.0,0.0,1.0,1
"G[1,2]((BGTestAvgNumPtRep <= 0.000 & WeightKg >= 24.072) -> BldPrSys <= 24.617)
",9999999.000,9999999.000,0.000,1.000,0.000,0,0,0,1,1,0,0,1,0.0,0.0,0.0,0.0,0.0,1.0,1
"G[1,2](((BUN >= 19.281 | HeightCm <= 128.326) -> bmi <= 130.253) & Pt_InsGov <= 131.191)
",9999999.000,9999999.000,0.000,1.000,0.000,0,0,1,0,0,1,1,0,0.0,0.0,1.0,0.0,0.0,1.0,1
"G[0,2]((LDL <= 0.000 | DirectLDL <= 0.000) & Pt_A1cGoalLev >= 0.000)
",9999999.000,9999999.000,0.000,1.000,0.000,0,0,1,0,0,1,1,0,0.0,0.0,1.0,0.0,0.0,1.0,1
"F[0,1]((diabDur <= 1.740 -> Pt_InsGov >= 0.000) -> BldPrDia >= 0.000)
",-9999999.000,-9999999.000,0.000,0.000,1.000,0,0,0,1,1,0,0,1,0.0,0.0,0.0,0.0,0.0,1.0,-1
"G[0,2](LDL >= 0.000 & Pt_SHFlg = 0.000)
",9999999.000,9999999.000,0.000,1.000,0.000,0,0,1,0,0,1,1,0,0.0,0.0,1.0,0.0,0.0,1.0,1
"G[2,2](GFR <= 33.307 -> BUN >= 16.106)
",-33.307,-33.307,0.000,1.000,0.000,0,0,1,0,0,1,1,0,0.0,0.0,1.0,0.0,0.0,1.0,1
"G[1,2]((WeightKg >= 23.043 | bmi >= 15.026) -> UnitsInsBasalOrLongAct <= 9.334)
",9999999.000,9999999.000,0.000,1.000,0.000,0,0,0,1,1,0,0,1,0.0,0.0,0.0,0.0,0.0,1.0,1
"G[0,2](GFR <= 30.590 -> BUN >= 19.331)
",9999999.000,9999999.000,0.000,1.000,0.000,0,0,0,1,1,0,0,1,0.0,0.0,0.0,0.0,0.0,1.0,1
"G[0,2](SMBGperDayPtMeterCombo >= 6.000 & BGTestAvgNumPtRep >= 0.000)
",9999999.000,9999999.000,0.000,1.000,0.000,0,0,1,0,0,1,1,0,0.0,0.0,1.0,0.0,0.0,1.0,1
"G[1,2]((WeightKg >= 23.565 | bmi >= 15.021) -> UnitsInsBasalOrLongAct <= 10.438)
",9999999.000,9999999.000,0.000,1.000,0.000,0,0,0,1,1,0,0,1,0.0,0.0,0.0,0.0,0.0,1.0,1
"G[2,2](SMBGperDayPtMeterCombo >= 6.000 & BGTestAvgNumPtRep >= 0.000)
",-6.000,-6.000,0.000,1.000,0.000,0,0,1,0,0,1,1,0,0.0,0.0,1.0,0.0,0.0,1.0,1
"G[0,1]((WeightKg >= 23.169 | bmi >= 15.020) -> UnitsInsBasalOrLongAct <= 8.352)
",9999999.000,9999999.000,0.000,1.000,0.000,0,0,0,1,1,0,0,1,0.0,0.0,0.0,0.0,0.0,1.0,1
"G[0,0](GFR <= 41.148 -> BUN >= 16.068)
",-41.652,-41.652,0.000,1.000,0.000,0,0,0,1,1,0,0,1,0.0,0.0,0.0,0.0,0.0,1.0,1
"G[1,2](SMBGperDayPtMeterCombo >= 6.000 & BGTestAvgNumPtRep >= 0.000)
",9999999.000,9999999.000,0.000,1.000,0.000,0,0,1,0,0,1,1,0,0.0,0.0,1.0,0.0,0.0,1.0,1
"G[0,1]((WeightKg >= 23.068 | bmi >= 15.026) -> UnitsInsBasalOrLongAct <= 8.735)
",9999999.000,9999999.000,0.000,1.000,0.000,0,0,0,1,1,0,0,1,0.0,0.0,0.0,0.0,0.0,1.0,1
"G[0,2](SMBGperDayPtMeterCombo >= 6.000 & BGTestAvgNumPtRep >= 0.000)
",9999999.000,9999999.000,0.000,1.000,0.000,0,0,1,0,0,1,1,0,0.0,0.0,1.0,0.0,0.0,1.0,1
"G[0,2](Pt_SiblingT1D > 0.000 & Pt_SHFlg = 0.000)
",9999999.000,9999999.000,0.000,1.000,0.000,0,0,0,1,1,0,0,1,0.0,0.0,0.0,0.0,0.0,1.0,1
"G[0,2](HbA1c > 8.685 -> Pt_SHFlg = 0.000)
",9999999.000,9999999.000,0.000,1.000,0.000,0,0,1,0,0,1,1,0,0.0,0.0,1.0,0.0,0.0,1.0,1
"G[0,0](Pt_MotherT1D <= 0.000 -> bmi >= 15.022)
",0.000,0.000,0.000,1.000,0.000,0,0,0,1,1,0,0,1,0.0,0.0,0.0,0.0,0.0,1.0,1
"G[0,1](((TotChol <= 0.000 | Pt_SHFlg <= 0.000) -> WeightKg <= 0.000) & BldPrDia <= 0.000)
",9999999.000,9999999.000,0.000,1.000,0.000,0,0,0,1,1,0,0,1,0.0,0.0,0.0,0.0,0.0,1.0,1
"G[0,1]((Pt_SHFlg >= 0.000 | HDL >= 0.000) -> SMBGperDayPtMeterCombo <= 0.000)
",9999999.000,9999999.000,0.000,1.000,0.000,0,0,0,1,1,0,0,1,0.0,0.0,0.0,0.0,0.0,1.0,1
"G[1,2](((BGTestAvgNumMeter >= 6.000 -> HDL >= 0.000) & diabDur >= 0.000) | HeightCm >= 0.000)
",9999999.000,9999999.000,0.000,1.000,0.000,0,0,1,0,0,1,1,0,0.0,0.0,1.0,0.0,0.0,1.0,1
"G[0,2]((Pt_FatherT1D <= 0.000 | WeightKg <= 25.881) & DirectLDL <= 26.091)
",9999999.000,9999999.000,0.000,1.000,0.000,0,0,1,0,0,1,1,0,0.0,0.0,1.0,0.0,0.0,1.0,1
"G[1,2]((diagAgeCombo >= 0.000 | diagAgeCombo <= 0.000) | TSH <= 0.000)
",9999999.000,9999999.000,0.000,1.000,0.000,0,0,1,0,0,1,1,0,0.0,0.0,1.0,0.0,0.0,1.0,1
"G[1,2](TSH >= 0.190 -> SMBGperDayPtMeterCombo <= 6.000)
",9999999.000,9999999.000,0.000,1.000,0.000,0,0,1,0,0,1,1,0,0.0,0.0,1.0,0.0,0.0,1.0,1
"G[1,2]((HeightCm <= 128.183 & Pt_GrandparentT1D <= 0.000) | NumPumpBolusOrShortAct >= 0.000)
",9999999.000,9999999.000,0.000,1.000,0.000,0,0,1,0,0,1,1,0,0.0,0.0,1.0,0.0,0.0,1.0,1
"G[1,2]((Pt_FatherT1D <= 0.000 -> TotalDailyInsPerKg <= 1.020) & Triglyc >= 1.004)
",9999999.000,9999999.000,0.000,1.000,0.000,0,0,0,1,1,0,0,1,0.0,0.0,0.0,0.0,0.0,1.0,1
"G[0,2](((Pt_FatherT1D >= 0.000 -> Pt_A1cGoalLevelDsYr5 <= 0.000) -> BUN >= 0.000) & Pt_FatherT1D >= 0.000)
",9999999.000,9999999.000,0.000,1.000,0.000,0,0,1,0,0,1,1,0,0.0,0.0,1.0,0.0,0.0,1.0,1
"G[0,1](Pt_GrandchildT1D <= 0.000 & BldPrSys >= 97.645)
",9999999.000,9999999.000,0.000,1.000,0.000,0,0,0,1,1,0,0,1,0.0,0.0,0.0,0.0,0.0,1.0,1
"G[1,2](((BGTestAvgNumMeter <= 6.000 | Pt_InsGov <= 0.000) | BGTestAvgNumMeter >= 0.000) & Pt_InsGov >= 0.000)
",9999999.000,9999999.000,0.000,1.000,0.000,0,0,1,0,0,1,1,0,0.0,0.0,1.0,0.0,0.0,1.0,1
"G[0,1]((diagAgeCombo <= 0.000 | HeightCm <= 131.931) -> Pt_FatherT1D >= 123.132)
",9999999.000,9999999.000,0.000,1.000,0.000,0,0,0,1,1,0,0,1,0.0,0.0,0.0,0.0,0.0,1.0,1
"G[1,2](((Pt_MotherT1D >= 0.000 | UnitsInsBasalOrLongAct <= 8.623) | TotChol >= 6.571) & Pt_A1cGoalLevelDsYr5 <= 9.728)
",9999999.000,9999999.000,0.000,1.000,0.000,0,0,1,0,0,1,1,0,0.0,0.0,1.0,0.0,0.0,1.0,1
"G[1,2]((Pt_DKAFlg <= 0.000 -> HbA1cImputeDtMnC <= 19.776) & BUN <= 17.474)
",9999999.000,9999999.000,0.000,1.000,0.000,0,0,0,1,1,0,0,1,0.0,0.0,0.0,0.0,0.0,1.0,1
"G[2,2](DirectLDL <= 0.000 | Pt_InsGov <= 0.000)
",0.000,0.000,0.000,1.000,0.000,0,0,1,0,0,1,1,0,0.0,0.0,1.0,0.0,0.0,1.0,1
"G[1,2]((Pt_InsGov >= 0.000 & Pt_InsGov <= 0.000) & Pt_GrandparentT1D <= 0.000)
",9999999.000,9999999.000,0.000,1.000,0.000,0,0,1,0,0,1,1,0,0.0,0.0,1.0,0.0,0.0,1.0,1
"G[0,2](((Pt_A1cGoalLevelDsYr5 <= 0.000 -> Triglyc <= 0.000) | Pt_DKAFlg <= 0.000) & Pt_FatherT1D <= 0.000)
",9999999.000,9999999.000,0.000,1.000,0.000,0,0,1,0,0,1,1,0,0.0,0.0,1.0,0.0,0.0,1.0,1
"G[0,2](Pt_A1cGoalLevelDsYr5 >= 0.000 & Pt_GrandparentT1D <= 0.000)
",9999999.000,9999999.000,0.000,1.000,0.000,0,0,1,0,0,1,1,0,0.0,0.0,1.0,0.0,0.0,1.0,1
"G[1,2](((DirectLDL <= 0.000 -> HbA1c >= 8.707) & Pt_GrandchildT1D <= 8.960) & Triglyc >= 8.635)
",9999999.000,9999999.000,0.000,1.000,0.000,0,0,0,1,1,0,0,1,0.0,0.0,0.0,0.0,0.0,1.0,1
"G[0,1](((BldPrSys >= 97.713 & Pt_ChildT1D <= 0.000) -> AlbCreatRat_mggNew >= 0.000) & HeightCm <= 0.000)
",9999999.000,9999999.000,0.000,1.000,0.000,0,0,0,1,1,0,0,1,0.0,0.0,0.0,0.0,0.0,1.0,1
"G[2,2]((BGTestAvgNumPtRep <= 0.000 | TotChol <= 0.000) | SMBGperDayPtMeterCombo <= 0.000)
",0.000,0.000,0.000,1.000,0.000,0,0,1,0,0,1,1,0,0.0,0.0,1.0,0.0,0.0,1.0,1
"G[0,2](((diagAgeCombo <= 0.000 -> bmiZscore >= -0.503) | Pt_GrandchildT1D >= -0.445) | TotalDailyInsPerKg <= -0.346)
",9999999.000,9999999.000,0.000,1.000,0.000,0,0,1,0,0,1,1,0,0.0,0.0,1.0,0.0,0.0,1.0,1
"G[0,1](((GFR <= 34.437 & BUN <= 22.960) & Pt_GrandparentT1D <= 20.297) -> BldPrDia <= 24.788)
",9999999.000,9999999.000,0.000,1.000,0.000,0,0,0,1,1,0,0,1,0.0,0.0,0.0,0.0,0.0,1.0,1
"G[0,0]((LDL <= 0.000 -> BUN >= 15.324) | BGTestAvgNumPtRep >= 15.848)
",0.996,0.996,0.000,1.000,0.000,0,0,0,1,1,0,0,1,0.0,0.0,0.0,0.0,0.0,1.0,1
"G[1,2](diagAgeCombo >= 0.000 & AutonomicNeuroCl <= 0.000)
",9999999.000,9999999.000,0.000,1.000,0.000,0,0,1,0,0,1,1,0,0.0,0.0,1.0,0.0,0.0,1.0,1
"G[1,2]((HDL >= 0.000 | HbA1c <= 9.176) -> Pt_MotherT1D >= 8.651)
",9999999.000,9999999.000,0.000,1.000,0.000,0,0,0,1,1,0,0,1,0.0,0.0,0.0,0.0,0.0,1.0,1
"G[0,2](Pt_GrandchildT1D <= 0.000 | NumPumpBolusOrShortAct >= 5.097)
",9999999.000,9999999.000,0.000,1.000,0.000,0,0,1,0,0,1,1,0,0.0,0.0,1.0,0.0,0.0,1.0,1
"G[1,2]((HbA1c <= 8.918 -> Pt_GrandparentT1D <= 0.000) & Pt_GrandchildT1D <= 0.000)
",9999999.000,9999999.000,0.000,1.000,0.000,0,0,1,0,0,1,1,0,0.0,0.0,1.0,0.0,0.0,1.0,1
"G[0,2](((BGTestAvgNumMeter >= 6.000 & AlbCreatRat_mggNew >= 0.000) & BGTestAvgNumMeter >= 0.000) & diagAgeCombo >= 0.000)
",9999999.000,9999999.000,0.000,1.000,0.000,0,0,1,0,0,1,1,0,0.0,0.0,1.0,0.0,0.0,1.0,1
"G[1,2](Pt_DKAFlg >= 0.000 & BUN >= 15.602)
",9999999.000,9999999.000,0.000,1.000,0.000,0,0,1,0,0,1,1,0,0.0,0.0,1.0,0.0,0.0,1.0,1
"G[2,2](((TotChol <= 0.000 & GFR >= 7.048) & Pt_DKAFlg <= 40.020) -> TotChol <= 35.171)
",-35.171,-35.171,0.000,1.000,0.000,0,0,1,0,0,1,1,0,0.0,0.0,1.0,0.0,0.0,1.0,1
"G[0,1]((NumPumpBolusOrShortAct >= 5.479 & Pt_SiblingT1D <= 0.000) & AlbCreatRat_mggNew <= 0.000)
",9999999.000,9999999.000,0.000,1.000,0.000,0,0,0,1,1,0,0,1,0.0,0.0,0.0,0.0,0.0,1.0,1
"G[0,2](((LDL <= 0.000 | BldPrSys >= 97.983) & age <= 98.155) | Pt_GrandparentT1D >= 97.099)
",9999999.000,9999999.000,0.000,1.000,0.000,0,0,1,0,0,1,1,0,0.0,0.0,1.0,0.0,0.0,1.0,1
"G[0,2](HDL <= 0.000 -> SMBGperDayPtMeterCombo <= 6.000)
",9999999.000,9999999.000,0.000,1.000,0.000,0,0,1,0,0,1,1,0,0.0,0.0,1.0,0.0,0.0,1.0,1
"G[2,2](age <= 7.122 & TotalDailyInsPerKg >= 1.001)
",-1.001,-1.001,0.000,1.000,0.000,0,0,1,0,0,1,1,0,0.0,0.0,1.0,0.0,0.0,1.0,1
"G[1,2]((Pt_SiblingT1D <= 0.000 | BGTestAvgNumMeter >= 6.000) -> Pt_DKAFlg <= 6.000)
",9999999.000,9999999.000,0.000,1.000,0.000,0,0,1,0,0,1,1,0,0.0,0.0,1.0,0.0,0.0,1.0,1
"G[2,2]((NumPumpBolusOrShortAct >= 5.176 | Pt_InsGov >= 0.000) | HeightCm <= 0.000)
",0.000,0.000,0.000,1.000,0.000,0,0,1,0,0,1,1,0,0.0,0.0,1.0,0.0,0.0,1.0,1
"G[0,0]((HDL >= 0.000 -> TotChol >= 0.000) -> BUN <= 0.000)
",0.000,0.000,0.000,1.000,0.000,0,0,0,1,1,0,0,1,0.0,0.0,0.0,0.0,0.0,1.0,1
"G[1,2]((Pt_ChildT1D <= 0.000 | Pt_DKAFlg >= 0.000) -> Pt_GrandchildT1D <= 0.000)
",9999999.000,9999999.000,0.000,1.000,0.000,0,0,1,0,0,1,1,0,0.0,0.0,1.0,0.0,0.0,1.0,1
"G[1,2](TotChol >= 0.000 -> AlbCreatRat_mggNew <= 0.000)
",9999999.000,9999999.000,0.000,1.000,0.000,0,0,1,0,0,1,1,0,0.0,0.0,1.0,0.0,0.0,1.0,1
"G[0,2](Pt_GrandchildT1D <= 0.000 | Triglyc <= 0.000)
",9999999.000,9999999.000,0.000,1.000,0.000,0,0,1,0,0,1,1,0,0.0,0.0,1.0,0.0,0.0,1.0,1
"G[0,2]((Pt_SiblingT1D <= 0.000 & Pt_SHFlg >= 0.000) -> Pt_CGMUseNumDays >= 0.000)
",9999999.000,9999999.000,0.000,1.000,0.000,0,0,1,0,0,1,1,0,0.0,0.0,1.0,0.0,0.0,1.0,1
"G[2,2]((Pt_A1cGoalLevelDsYr5 >= 0.000 | TotalDailyInsPerKg >= 0.998) & age <= 1.016)
",0.000,0.000,0.000,1.000,0.000,0,0,1,0,0,1,1,0,0.0,0.0,1.0,0.0,0.0,1.0,1
"G[1,2](Pt_A1cGoalLev >= 0.000 & Pt_FatherT1D >= 0.000)
",9999999.000,9999999.000,0.000,1.000,0.000,0,0,1,0,0,1,1,0,0.0,0.0,1.0,0.0,0.0,1.0,1
"G[0,2](bmiPerc >= 0.311 & age >= 6.988)
",9999999.000,9999999.000,0.000,1.000,0.000,0,0,0,1,1,0,0,1,0.0,0.0,0.0,0.0,0.0,1.0,1
"G[0,2](LDL <= 0.000 | Pt_FatherT1D <= 0.000)
",9999999.000,9999999.000,0.000,1.000,0.000,0,0,1,0,0,1,1,0,0.0,0.0,1.0,0.0,0.0,1.0,1
"G[0,2]((Pt_SiblingT1D >= 0.000 -> AutonomicNeuroCl <= 0.000) -> LDL >= 0.000)
",9999999.000,9999999.000,0.000,1.000,0.000,0,0,1,0,0,1,1,0,0.0,0.0,1.0,0.0,0.0,1.0,1
"G[1,2](((bmiPerc >= 0.340 | Pt_FatherT1D <= 0.000) -> TSH >= 0.000) | bmi >= 0.000)
",9999999.000,9999999.000,0.000,1.000,0.000,0,0,1,0,0,1,1,0,0.0,0.0,1.0,0.0,0.0,1.0,1
"G[2,2](BUN >= 16.220 | UnitsInsBasalOrLongAct >= 7.070)
",-7.070,-7.070,0.000,1.000,0.000,0,0,1,0,0,1,1,0,0.0,0.0,1.0,0.0,0.0,1.0,1
"G[2,2](diabDur <= 1.696 & Pt_A1cGoalLev >= 0.000)
",0.000,0.000,0.000,1.000,0.000,0,0,1,0,0,1,1,0,0.0,0.0,1.0,0.0,0.0,1.0,1
"G[2,2](((BGTestAvgNumPtRep >= 0.000 & SMBGperDayPtMeterCombo <= 6.000) -> TSH >= 6.000) | BGTestAvgNumPtRep <= 6.000)
",6.000,6.000,0.000,1.000,0.000,0,0,1,0,0,1,1,0,0.0,0.0,1.0,0.0,0.0,1.0,1
"G[0,2]((HbA1c >= 8.804 | TotChol <= 0.000) -> HDL <= 0.000)
",9999999.000,9999999.000,0.000,1.000,0.000,0,0,1,0,0,1,1,0,0.0,0.0,1.0,0.0,0.0,1.0,1
"G[1,2]((Pt_GrandchildT1D >= 0.000 & Pt_ChildT1D >= 0.000) -> bmiZscore <= 0.000)
",9999999.000,9999999.000,0.000,1.000,0.000,0,0,1,0,0,1,1,0,0.0,0.0,1.0,0.0,0.0,1.0,1
"G[1,2](Pt_SiblingT1D <= 0.000 | BldPrSys <= 98.742)
",9999999.000,9999999.000,0.000,1.000,0.000,0,0,1,0,0,1,1,0,0.0,0.0,1.0,0.0,0.0,1.0,1
"G[2,2](GFR >= 18.511 | AutonomicNeuroCl >= 0.000)
",0.000,0.000,0.000,1.000,0.000,0,0,1,0,0,1,1,0,0.0,0.0,1.0,0.0,0.0,1.0,1
"G[0,2](((Pt_SHFlg <= 0.000 | Pt_InsGov <= 0.000) -> bmiPerc <= 0.000) & diagAgeCombo >= 0.000)
",9999999.000,9999999.000,0.000,1.000,0.000,0,0,0,1,1,0,0,1,0.0,0.0,0.0,0.0,0.0,1.0,1
"G[2,2](((BldPrSys <= 98.723 -> Pt_SHFlg >= 0.000) & bmiZscore >= 0.000) | GFR <= 0.000)
",0.000,0.000,0.000,1.000,0.000,0,0,1,0,0,1,1,0,0.0,0.0,1.0,0.0,0.0,1.0,1
"G[0,0](((GFR >= 6.474 & BGTestAvgNumMeter <= 6.000) & AlbCreatRat_mggNew >= 6.000) | BldPrSys <= 6.000)
",6.000,6.000,0.000,1.000,0.000,0,0,0,1,1,0,0,1,0.0,0.0,0.0,0.0,0.0,1.0,1
"G[2,2](((TotalDailyInsPerKg >= 1.003 & HbA1c <= 9.146) & GFR >= 8.722) -> Pt_SiblingT1D <= 9.160)
",-9.160,-9.160,0.000,1.000,0.000,0,0,1,0,0,1,1,0,0.0,0.0,1.0,0.0,0.0,1.0,1
"G[0,2](((BldPrDia <= 67.692 | WeightKg <= 25.200) | WeightKg <= 26.081) & AlbCreatRat_mggNew <= 25.588)
",9999999.000,9999999.000,0.000,1.000,0.000,0,0,1,0,0,1,1,0,0.0,0.0,1.0,0.0,0.0,1.0,1
"G[0,2](bmiZscore <= -0.324 | Pt_ChildT1D >= 0.000)
",9999999.000,9999999.000,0.000,1.000,0.000,0,0,1,0,0,1,1,0,0.0,0.0,1.0,0.0,0.0,1.0,1
"G[2,2](diagAgeCombo <= 0.000 -> HbA1c <= 8.926)
",-8.926,-8.926,0.000,1.000,0.000,0,0,1,0,0,1,1,0,0.0,0.0,1.0,0.0,0.0,1.0,1
"G[0,1]((Pt_DKAFlg >= 0.000 | bmiPerc <= 0.363) & HeightCm <= 0.358)
",9999999.000,9999999.000,0.000,1.000,0.000,0,0,0,1,1,0,0,1,0.0,0.0,0.0,0.0,0.0,1.0,1
"G[0,0](BldPrDia <= 67.904 & HbA1c <= 8.922)
",-31.096,-31.096,0.000,1.000,0.000,0,0,0,1,1,0,0,1,0.0,0.0,0.0,0.0,0.0,1.0,1
"G[1,2]((Pt_FatherT1D <= 0.000 -> Pt_CGMUseNumDays >= 0.000) | AutonomicNeuroCl <= 0.000)
",9999999.000,9999999.000,0.000,1.000,0.000,0,0,1,0,0,1,1,0,0.0,0.0,1.0,0.0,0.0,1.0,1
"G[2,2](HDL <= 0.000 | age >= 6.299)
",0.000,0.000,0.000,1.000,0.000,0,0,1,0,0,1,1,0,0.0,0.0,1.0,0.0,0.0,1.0,1
"G[1,2](((Pt_InsGov <= 0.000 -> diagAgeCombo <= 0.000) | BGTestAvgNumMeter <= 0.000) | Pt_DKAFlg >= 0.000)
",9999999.000,9999999.000,0.000,1.000,0.000,0,0,1,0,0,1,1,0,0.0,0.0,1.0,0.0,0.0,1.0,1
"G[2,2](Pt_A1cGoalLev <= 0.000 & NumPumpBolusOrShortAct <= 5.744)
",0.000,0.000,0.000,1.000,0.000,0,0,1,0,0,1,1,0,0.0,0.0,1.0,0.0,0.0,1.0,1
"G[1,2]((NumPumpBolusOrShortAct <= 5.530 | BUN <= 22.303) | age >= 14.387)
",9999999.000,9999999.000,0.000,1.000,0.000,0,0,1,0,0,1,1,0,0.0,0.0,1.0,0.0,0.0,1.0,1
"G[1,1](((HeightCm >= 123.833 & Pt_GrandchildT1D >= 0.000) | age >= 0.000) & age <= 0.000)
",0.000,0.000,0.000,1.000,0.000,0,0,0,1,1,0,0,1,0.0,0.0,0.0,0.0,0.0,1.0,1
"G[0,2]((TotalDailyInsPerKg >= 1.005 & diagAgeCombo <= 0.000) -> Pt_CGMUseNumDays >= 0.000)
",9999999.000,9999999.000,0.000,1.000,0.000,0,0,1,0,0,1,1,0,0.0,0.0,1.0,0.0,0.0,1.0,1
"G[0,1]((WeightKg >= 23.437 | bmi >= 15.027) -> UnitsInsBasalOrLongAct <= 9.052)
",9999999.000,9999999.000,0.000,1.000,0.000,0,0,0,1,1,0,0,1,0.0,0.0,0.0,0.0,0.0,1.0,1
"G[1,2](GFR <= 34.202 -> BUN >= 17.569)
",9999999.000,9999999.000,0.000,1.000,0.000,0,0,1,0,0,1,1,0,0.0,0.0,1.0,0.0,0.0,1.0,1
"G[0,2](BldPrSys < 98.678 & Pt_SHFlg = 0.000)
",9999999.000,9999999.000,0.000,1.000,0.000,0,0,0,1,1,0,0,1,0.0,0.0,0.0,0.0,0.0,1.0,1
"F[1,2](BldPrDia <= 67.888 -> HbA1c <= 8.917)
",-9999999.000,-9999999.000,0.000,0.000,1.000,0,0,0,1,1,0,0,1,0.0,0.0,0.0,0.0,0.0,1.0,-1
"F[0,1](((NumPumpBolusOrShortAct >= 5.205 | bmiPerc <= 0.375) & Triglyc <= 0.362) | HbA1c <= 0.368)
",-9999999.000,-9999999.000,0.000,0.000,1.000,0,0,0,1,1,0,0,1,0.0,0.0,0.0,0.0,0.0,1.0,-1
"F[1,2](((Pt_SHFlg >= 0.000 & BGTestAvgNumPtRep <= 0.000) | bmiPerc <= 0.000) -> diabDur <= 0.000)
",-9999999.000,-9999999.000,0.000,0.000,1.000,0,0,0,1,1,0,0,1,0.0,0.0,0.0,0.0,0.0,1.0,-1
"F[0,1](((bmiZscore <= -0.307 & Pt_SHFlg <= 0.000) | Pt_A1cGoalLev <= 0.000) -> HeightCm >= 0.000)
",-9999999.000,-9999999.000,0.000,0.000,1.000,0,0,0,1,1,0,0,1,0.0,0.0,0.0,0.0,0.0,1.0,-1
"F[0,2](((BGTestAvgNumMeter <= 6.000 | DirectLDL <= 0.000) | HDL >= 0.000) & age >= 0.000)
",-9999999.000,-9999999.000,0.000,0.000,1.000,0,0,0,1,1,0,0,1,0.0,0.0,0.0,0.0,0.0,1.0,-1
"((bmiZscore >= -0.504) U[1,2] (AutonomicNeuroCl >= 0.000))
",-9999999.000,-9999999.000,0.000,0.000,1.000,0,0,0,1,1,0,0,1,0.0,0.0,0.0,0.0,0.0,1.0,-1
"F[0,1]((diabDur >= 1.303 -> Pt_A1cGoalLev <= 0.000) | LDL <= 0.000)
",-9999999.000,-9999999.000,0.000,0.000,1.000,0,0,0,1,1,0,0,1,0.0,0.0,0.0,0.0,0.0,1.0,-1
"F[1,2](((BGTestAvgNumPtRep >= 0.000 -> Triglyc >= 0.000) | Pt_A1cGoalLevelDsYr5 >= 0.000) | GFR >= 0.000)
",-9999999.000,-9999999.000,0.000,0.000,1.000,0,0,0,1,1,0,0,1,0.0,0.0,0.0,0.0,0.0,1.0,-1
"F[0,2]((Pt_A1cGoalLevelDsYr5 >= 0.000 | Pt_DKAFlg >= 0.000) | BldPrSys <= 0.000)
",-9999999.000,-9999999.000,0.000,0.000,1.000,0,0,0,1,1,0,0,1,0.0,0.0,0.0,0.0,0.0,1.0,-1
"((BUN >= 18.486) U[0,2] (BUN <= 22.470))
",-9999999.000,-9999999.000,0.000,0.000,1.000,0,0,0,1,1,0,0,1,0.0,0.0,0.0,0.0,0.0,1.0,-1
"F[0,1](Pt_SiblingT1D <= 0.000 & BUN <= 24.561)
",-9999999.000,-9999999.000,0.000,0.000,1.000,0,0,0,1,1,0,0,1,0.0,0.0,0.0,0.0,0.0,1.0,-1
"F[1,1](((Pt_A1cGoalLev >= 0.000 & Pt_SiblingT1D <= 0.000) | BldPrSys >= 0.000) -> Pt_MotherT1D >= 0.000)
",0.000,0.000,0.000,0.000,1.000,0,0,0,1,1,0,0,1,0.0,0.0,0.0,0.0,0.0,1.0,-1
"F[0,2](WeightKg >= 23.473 | bmiPerc >= 0.336)
",-9999999.000,-9999999.000,0.000,0.000,1.000,0,0,0,1,1,0,0,1,0.0,0.0,0.0,0.0,0.0,1.0,-1
"F[2,2](((bmiPerc <= 0.350 | Pt_ChildT1D >= 0.000) & Pt_DKAFlg >= 0.000) & Pt_CGMUseNumDays <= 0.000)
",0.000,0.000,0.000,0.000,1.000,0,0,0,1,1,0,0,1,0.0,0.0,0.0,0.0,0.0,1.0,-1
"G[0,1](BldPrSys <= 98.306 & TotChol <= 0.000)
",9999999.000,9999999.000,0.000,1.000,0.000,0,0,0,1,1,0,0,1,0.0,0.0,0.0,0.0,0.0,1.0,1
"F[1,2](UnitsInsBasalOrLongAct >= 7.707 -> Pt_CGMUseNumDays >= 0.000)
",-9999999.000,-9999999.000,0.000,0.000,1.000,0,0,0,1,1,0,0,1,0.0,0.0,0.0,0.0,0.0,1.0,-1
"F[0,1](Pt_ChildT1D <= 0.000 | GFR >= 7.620)
",-9999999.000,-9999999.000,0.000,0.000,1.000,0,0,0,1,1,0,0,1,0.0,0.0,0.0,0.0,0.0,1.0,-1
"F[2,2](((Pt_A1cGoalLev <= 0.000 -> HDL <= 0.000) | NumPumpBolusOrShortAct <= 0.000) & Pt_ChildT1D >= 0.000)
",0.000,0.000,0.000,0.000,1.000,0,0,0,1,1,0,0,1,0.0,0.0,0.0,0.0,0.0,1.0,-1
"((bmiZscore <= -0.399) U[0,2] (DirectLDL <= 0.000))
",-9999999.000,-9999999.000,0.000,0.000,1.000,0,0,0,1,1,0,0,1,0.0,0.0,0.0,0.0,0.0,1.0,-1
"G[1,2](HbA1cImputeDtMnC <= 18.178 | HbA1c <= 8.971)
",9999999.000,9999999.000,0.000,1.000,0.000,0,0,0,1,1,0,0,1,0.0,0.0,0.0,0.0,0.0,1.0,1
"G[0,2]((AlbCreatRat_mggNew >= 0.000 & Pt_SHFlg >= 0.000) -> Pt_A1cGoalLev >= 0.000)
",9999999.000,9999999.000,0.000,1.000,0.000,0,0,1,0,0,1,1,0,0.0,0.0,1.0,0.0,0.0,1.0,1
"G[0,2]((BGTestAvgNumMeter <= 6.000 | BGTestAvgNumPtRep <= 0.000) | AutonomicNeuroCl <= 0.000)
",9999999.000,9999999.000,0.000,1.000,0.000,0,0,1,0,0,1,1,0,0.0,0.0,1.0,0.0,0.0,1.0,1
"G[0,2](Pt_GrandparentT1D >= 0.000 & AlbCreatRat_mggNew >= 0.000)
",9999999.000,9999999.000,0.000,1.000,0.000,0,0,1,0,0,1,1,0,0.0,0.0,1.0,0.0,0.0,1.0,1
"G[1,1]((Pt_MotherT1D <= 0.000 & BUN <= 20.608) & WeightKg <= 25.830)
",0.000,0.000,0.000,1.000,0.000,0,0,0,1,1,0,0,1,0.0,0.0,0.0,0.0,0.0,1.0,1
"G[1,2](((BGTestAvgNumMeter >= 6.000 & BldPrDia <= 67.671) -> BGTestAvgNumPtRep <= 67.538) & Pt_SiblingT1D >= 67.007)
",9999999.000,9999999.000,0.000,1.000,0.000,0,0,0,1,1,0,0,1,0.0,0.0,0.0,0.0,0.0,1.0,1
"G[0,1](TotalDailyInsPerKg <= 1.021 & AlbCreatRat_mggNew >= 0.000)
",9999999.000,9999999.000,0.000,1.000,0.000,0,0,0,1,1,0,0,1,0.0,0.0,0.0,0.0,0.0,1.0,1
"G[1,2]((GFR >= 3.199 | BGTestAvgNumPtRep >= 0.000) | TotalDailyInsPerKg >= 0.000)
",9999999.000,9999999.000,0.000,1.000,0.000,0,0,1,0,0,1,1,0,0.0,0.0,1.0,0.0,0.0,1.0,1
"F[0,2](((age >= 6.070 | Pt_MotherT1D >= 0.000) & Pt_GrandparentT1D <= 0.000) -> age >= 0.000)
",-9999999.000,-9999999.000,0.000,0.000,1.000,0,0,0,1,1,0,0,1,0.0,0.0,0.0,0.0,0.0,1.0,-1
"F[0,2](((TotalDailyInsPerKg >= 1.002 -> Pt_ChildT1D >= 0.000) | Triglyc <= 0.000) | Pt_MotherT1D >= 0.000)
",-9999999.000,-9999999.000,0.000,0.000,1.000,0,0,0,1,1,0,0,1,0.0,0.0,0.0,0.0,0.0,1.0,-1
"F[0,1]((HeightCm >= 124.897 & Pt_MotherT1D >= 0.000) | Pt_CGMUseNumDays <= 0.000)
",-9999999.000,-9999999.000,0.000,0.000,1.000,0,0,0,1,1,0,0,1,0.0,0.0,0.0,0.0,0.0,1.0,-1
"F[1,2](AlbCreatRat_mggNew >= 0.000 -> AutonomicNeuroCl >= 0.000)
",-9999999.000,-9999999.000,0.000,0.000,1.000,0,0,0,1,1,0,0,1,0.0,0.0,0.0,0.0,0.0,1.0,-1
"((BldPrSys <= 98.613) U[0,2] (diagAgeCombo <= 0.000))
",-9999999.000,-9999999.000,0.000,0.000,1.000,0,0,0,1,1,0,0,1,0.0,0.0,0.0,0.0,0.0,1.0,-1
"F[1,1](GFR <= 32.834 -> UnitsInsBasalOrLongAct <= 8.856)
",-32.834,-32.834,0.000,0.000,1.000,0,0,0,1,1,0,0,1,0.0,0.0,0.0,0.0,0.0,1.0,-1
"((Pt_MotherT1D <= 0.000) U[0,0] (AutonomicNeuroCl <= 0.000))
",0.000,0.000,0.000,0.000,1.000,0,0,0,1,1,0,0,1,0.0,0.0,0.0,0.0,0.0,1.0,-1
"F[0,0]((HbA1cImputeDtMnC >= 8.628 & BldPrDia <= 67.941) | TotChol <= 67.856)
",67.856,67.856,0.000,0.000,1.000,0,0,0,1,1,0,0,1,0.0,0.0,0.0,0.0,0.0,1.0,-1
"F[1,2](((bmiZscore >= -0.467 | Pt_DKAFlg >= 0.000) | Pt_GrandparentT1D >= 0.000) -> Pt_DKAFlg >= 0.000)
",-9999999.000,-9999999.000,0.000,0.000,1.000,0,0,0,1,1,0,0,1,0.0,0.0,0.0,0.0,0.0,1.0,-1
"((Pt_A1cGoalLev >= 0.000) U[1,2] (bmi <= 15.028))
",-9999999.000,-9999999.000,0.000,0.000,1.000,0,0,0,1,1,0,0,1,0.0,0.0,0.0,0.0,0.0,1.0,-1
"F[1,1](WeightKg >= 23.554 | Pt_ChildT1D >= 0.000)
",0.000,0.000,0.000,0.000,1.000,0,0,0,1,1,0,0,1,0.0,0.0,0.0,0.0,0.0,1.0,-1
"F[0,1]((Pt_CGMUseNumDays <= 0.000 | WeightKg <= 26.101) -> Pt_CGMUseNumDays <= 24.545)
",-9999999.000,-9999999.000,0.000,0.000,1.000,0,0,0,1,1,0,0,1,0.0,0.0,0.0,0.0,0.0,1.0,-1
"F[0,2](((Pt_MotherT1D <= 0.000 -> NumPumpBolusOrShortAct >= 5.337) -> diabDur >= 5.060) & BldPrSys <= 5.655)
",-9999999.000,-9999999.000,0.000,0.000,1.000,0,0,0,1,1,0,0,1,0.0,0.0,0.0,0.0,0.0,1.0,-1
"F[0,1]((TotChol <= 0.000 & AutonomicNeuroCl >= 0.000) -> Pt_A1cGoalLevelDsYr5 <= 0.000)
",-9999999.000,-9999999.000,0.000,0.000,1.000,0,0,0,1,1,0,0,1,0.0,0.0,0.0,0.0,0.0,1.0,-1
"F[0,2]((bmiZscore >= -0.448 & Pt_A1cGoalLev <= 0.000) -> AlbCreatRat_mggNew <= 0.000)
",-9999999.000,-9999999.000,0.000,0.000,1.000,0,0,0,1,1,0,0,1,0.0,0.0,0.0,0.0,0.0,1.0,-1
"F[0,0](((bmi >= 15.021 -> HbA1c <= 9.146) -> Triglyc >= 8.609) | BGTestAvgNumMeter <= 8.923)
",8.405,8.405,0.000,0.000,1.000,0,0,0,1,1,0,0,1,0.0,0.0,0.0,0.0,0.0,1.0,-1
"F[2,2](((Pt_InsGov <= 0.000 | bmiZscore <= -0.384) | TotalDailyInsPerKg <= -0.335) | HeightCm <= -0.341)
",0.000,0.000,0.000,0.000,1.000,0,0,0,1,1,0,0,1,0.0,0.0,0.0,0.0,0.0,1.0,-1
"F[1,2](((Pt_ChildT1D >= 0.000 & LDL <= 0.000) & Pt_A1cGoalLevelDsYr5 >= 0.000) & Pt_A1cGoalLevelDsYr5 >= 0.000)
",-9999999.000,-9999999.000,0.000,0.000,1.000,0,0,0,1,1,0,0,1,0.0,0.0,0.0,0.0,0.0,1.0,-1
"((Pt_GrandchildT1D <= 0.000) U[0,2] (Triglyc <= 0.000))
",-9999999.000,-9999999.000,0.000,0.000,1.000,0,0,0,1,1,0,0,1,0.0,0.0,0.0,0.0,0.0,1.0,-1
"((Pt_InsGov <= 0.000) U[1,1] (Pt_A1cGoalLev <= 0.000))
",0.000,0.000,0.000,0.000,1.000,0,0,0,1,1,0,0,1,0.0,0.0,0.0,0.0,0.0,1.0,-1
"F[1,2]((bmiZscore <= -0.322 & diagAgeCombo <= 0.000) & bmiPerc <= 0.000)
",-9999999.000,-9999999.000,0.000,0.000,1.000,0,0,0,1,1,0,0,1,0.0,0.0,0.0,0.0,0.0,1.0,-1
"((Pt_SiblingT1D <= 0.000) U[0,1] (diagAgeCombo <= 0.000))
",-9999999.000,-9999999.000,0.000,0.000,1.000,0,0,0,1,1,0,0,1,0.0,0.0,0.0,0.0,0.0,1.0,-1
"F[1,2](((TSH >= 0.114 & AlbCreatRat_mggNew >= 0.000) | HbA1cImputeDtMnC <= 0.000) -> LDL <= 0.000)
",-9999999.000,-9999999.000,0.000,0.000,1.000,0,0,0,1,1,0,0,1,0.0,0.0,0.0,0.0,0.0,1.0,-1
"F[1,2](((HbA1cImputeDtMnC >= 11.414 | diabDur >= 1.414) -> Pt_SiblingT1D <= 1.633) -> Pt_SiblingT1D <= 1.553)
",-9999999.000,-9999999.000,0.000,0.000,1.000,0,0,0,1,1,0,0,1,0.0,0.0,0.0,0.0,0.0,1.0,-1
"F[1,2]((Pt_GrandparentT1D >= 0.000 -> BUN >= 17.784) & Pt_SHFlg >= 18.330)
",-9999999.000,-9999999.000,0.000,0.000,1.000,0,0,0,1,1,0,0,1,0.0,0.0,0.0,0.0,0.0,1.0,-1
"F[1,2](((Pt_A1cGoalLev >= 0.000 -> NumPumpBolusOrShortAct <= 5.795) -> BUN >= 5.219) -> AlbCreatRat_mggNew <= 5.735)
",-9999999.000,-9999999.000,0.000,0.000,1.000,0,0,0,1,1,0,0,1,0.0,0.0,0.0,0.0,0.0,1.0,-1
"F[0,2]((Pt_GrandchildT1D <= 0.000 | Triglyc <= 0.000) | Pt_ChildT1D >= 0.000)
",-9999999.000,-9999999.000,0.000,0.000,1.000,0,0,0,1,1,0,0,1,0.0,0.0,0.0,0.0,0.0,1.0,-1
"F[1,1]((BUN <= 20.562 | TSH >= 0.272) | BGTestAvgNumPtRep <= 0.679)
",20.562,20.562,0.000,0.000,1.000,0,0,0,1,1,0,0,1,0.0,0.0,0.0,0.0,0.0,1.0,-1
"F[2,2](((TotalDailyInsPerKg <= 1.010 | Pt_GrandparentT1D <= 0.000) -> TotChol <= 0.000) | WeightKg <= 0.000)
",0.000,0.000,0.000,0.000,1.000,0,0,0,1,1,0,0,1,0.0,0.0,0.0,0.0,0.0,1.0,-1
"G[0,2](((Pt_FatherT1D <= 0.000 & HbA1cImputeDtMnC >= 11.375) & WeightKg <= 17.938) & bmiPerc >= 10.130)
",9999999.000,9999999.000,0.000,1.000,0.000,0,0,0,1,1,0,0,1,0.0,0.0,0.0,0.0,0.0,1.0,1
"G[0,2]((HbA1cImputeDtMnC <= 14.372 -> Pt_A1cGoalLev <= 0.000) | Pt_GrandchildT1D >= 0.000)
",9999999.000,9999999.000,0.000,1.000,0.000,0,0,1,0,0,1,1,0,0.0,0.0,1.0,0.0,0.0,1.0,1
"G[0,1]((WeightKg >= 22.587 | bmi >= 15.020) -> UnitsInsBasalOrLongAct <= 10.488)
",9999999.000,9999999.000,0.000,1.000,0.000,0,0,0,1,1,0,0,1,0.0,0.0,0.0,0.0,0.0,1.0,1
"G[1,2]((bmiPerc <= 0.376 -> BGTestAvgNumMeter >= 6.000) -> WeightKg <= 6.000)
",9999999.000,9999999.000,0.000,1.000,0.000,0,0,0,1,1,0,0,1,0.0,0.0,0.0,0.0,0.0,1.0,1
"G[1,2]((Pt_SiblingT1D >= 0.000 & WeightKg >= 24.116) | TotChol >= 23.414)
",9999999.000,9999999.000,0.000,1.000,0.000,0,0,1,0,0,1,1,0,0.0,0.0,1.0,0.0,0.0,1.0,1
"G[0,1](GFR <= 28.409 -> BUN >= 17.752)
",9999999.000,9999999.000,0.000,1.000,0.000,0,0,0,1,1,0,0,1,0.0,0.0,0.0,0.0,0.0,1.0,1
"G[1,2]((Pt_GrandchildT1D <= 0.000 | WeightKg >= 23.408) | bmi >= 23.722)
",9999999.000,9999999.000,0.000,1.000,0.000,0,0,1,0,0,1,1,0,0.0,0.0,1.0,0.0,0.0,1.0,1
"G[2,2]((Pt_MotherT1D <= 0.000 -> age <= 7.264) | Pt_A1cGoalLevelDsYr5 <= 7.883)
",7.883,7.883,0.000,1.000,0.000,0,0,1,0,0,1,1,0,0.0,0.0,1.0,0.0,0.0,1.0,1
"G[1,2]((Pt_A1cGoalLevelDsYr5 >= 0.000 & Pt_FatherT1D <= 0.000) | diabDur <= 0.000)
",9999999.000,9999999.000,0.000,1.000,0.000,0,0,1,0,0,1,1,0,0.0,0.0,1.0,0.0,0.0,1.0,1
"G[1,2](((bmiZscore >= -0.446 & HbA1cImputeDtMnC <= 21.885) | UnitsInsBasalOrLongAct >= 11.326) -> SMBGperDayPtMeterCombo <= 22.932)
",9999999.000,9999999.000,0.000,1.000,0.000,0,0,1,0,0,1,1,0,0.0,0.0,1.0,0.0,0.0,1.0,1
"G[1,2](((Pt_SHFlg <= 0.000 -> Pt_DKAFlg >= 0.000) | TotChol >= 0.000) -> BGTestAvgNumPtRep >= 0.000)
",9999999.000,9999999.000,0.000,1.000,0.000,0,0,1,0,0,1,1,0,0.0,0.0,1.0,0.0,0.0,1.0,1
"G[0,2]((UnitsInsBasalOrLongAct >= 7.444 & Pt_InsGov <= 0.000) -> WeightKg >= 0.000)
",9999999.000,9999999.000,0.000,1.000,0.000,0,0,1,0,0,1,1,0,0.0,0.0,1.0,0.0,0.0,1.0,1
"G[2,2](Pt_ChildT1D <= 0.000 -> Pt_SHFlg >= 0.000)
",0.000,0.000,0.000,1.000,0.000,0,0,1,0,0,1,1,0,0.0,0.0,1.0,0.0,0.0,1.0,1
"G[1,2](HbA1c <= 9.046 & SMBGperDayPtMeterCombo >= 6.000)
",9999999.000,9999999.000,0.000,1.000,0.000,0,0,0,1,1,0,0,1,0.0,0.0,0.0,0.0,0.0,1.0,1
"G[0,2](((Pt_DKAFlg >= 0.000 -> bmiPerc <= 0.368) | Pt_SHFlg >= 0.319) & Pt_A1cGoalLevelDsYr5 >= 0.308)
",9999999.000,9999999.000,0.000,1.000,0.000,0,0,0,1,1,0,0,1,0.0,0.0,0.0,0.0,0.0,1.0,1
"G[1,2]((Pt_FatherT1D >= 0.000 -> bmiPerc >= 0.333) & Pt_CGMUseNumDays <= 0.371)
",9999999.000,9999999.000,0.000,1.000,0.000,0,0,0,1,1,0,0,1,0.0,0.0,0.0,0.0,0.0,1.0,1
"G[0,2](((BldPrDia <= 67.828 | Pt_SHFlg >= 0.000) | BUN <= 0.000) -> Pt_GrandchildT1D <= 0.000)
",9999999.000,9999999.000,0.000,1.000,0.000,0,0,1,0,0,1,1,0,0.0,0.0,1.0,0.0,0.0,1.0,1
"G[1,2]((BldPrSys <= 98.611 -> SMBGperDayPtMeterCombo <= 6.000) | Pt_SHFlg <= 6.000)
",9999999.000,9999999.000,0.000,1.000,0.000,0,0,1,0,0,1,1,0,0.0,0.0,1.0,0.0,0.0,1.0,1
"G[0,2](((UnitsInsBasalOrLongAct >= 8.291 -> BGTestAvgNumMeter <= 6.000) | NumPumpBolusOrShortAct >= 6.000) & bmiPerc >= 6.000)
",9999999.000,9999999.000,0.000,1.000,0.000,0,0,0,1,1,0,0,1,0.0,0.0,0.0,0.0,0.0,1.0,1
"G[1,2]((Pt_SHFlg <= 0.000 -> BGTestAvgNumPtRep <= 0.000) | WeightKg <= 0.000)
",9999999.000,9999999.000,0.000,1.000,0.000,0,0,1,0,0,1,1,0,0.0,0.0,1.0,0.0,0.0,1.0,1
"G[0,2](Triglyc > 0.000 -> Pt_SHFlg = 0.000)
",9999999.000,9999999.000,0.000,1.000,0.000,0,0,1,0,0,1,1,0,0.0,0.0,1.0,0.0,0.0,1.0,1
"G[2,2](Pt_MotherT1D < 0.000 -> Pt_SHFlg = 0.000)
",0.000,0.000,0.000,1.000,0.000,0,0,1,0,0,1,1,0,0.0,0.0,1.0,0.0,0.0,1.0,1
"G[0,1]((WeightKg >= 24.148 | bmi >= 15.022) -> UnitsInsBasalOrLongAct <= 9.647)
",9999999.000,9999999.000,0.000,1.000,0.000,0,0,0,1,1,0,0,1,0.0,0.0,0.0,0.0,0.0,1.0,1
"G[0,1](GFR <= 40.103 -> BUN >= 15.206)
",9999999.000,9999999.000,0.000,1.000,0.000,0,0,0,1,1,0,0,1,0.0,0.0,0.0,0.0,0.0,1.0,1
"G[0,2]((WeightKg >= 22.796 | bmi >= 15.027) -> UnitsInsBasalOrLongAct <= 9.562)
",9999999.000,9999999.000,0.000,1.000,0.000,0,0,0,1,1,0,0,1,0.0,0.0,0.0,0.0,0.0,1.0,1
"G[0,1](GFR <= 30.600 -> BUN >= 18.929)
",9999999.000,9999999.000,0.000,1.000,0.000,0,0,0,1,1,0,0,1,0.0,0.0,0.0,0.0,0.0,1.0,1
"G[0,2]((WeightKg >= 24.288 | bmi >= 15.026) -> UnitsInsBasalOrLongAct <= 10.230)
",9999999.000,9999999.000,0.000,1.000,0.000,0,0,0,1,1,0,0,1,0.0,0.0,0.0,0.0,0.0,1.0,1
"G[0,1]((WeightKg >= 24.056 | bmi >= 15.019) -> UnitsInsBasalOrLongAct <= 9.055)
",9999999.000,9999999.000,0.000,1.000,0.000,0,0,0,1,1,0,0,1,0.0,0.0,0.0,0.0,0.0,1.0,1
"G[1,2](GFR <= 42.418 -> BUN >= 15.992)
",9999999.000,9999999.000,0.000,1.000,0.000,0,0,1,0,0,1,1,0,0.0,0.0,1.0,0.0,0.0,1.0,1
"G[1,2](SMBGperDayPtMeterCombo >= 6.000 & BGTestAvgNumPtRep >= 0.000)
",9999999.000,9999999.000,0.000,1.000,0.000,0,0,1,0,0,1,1,0,0.0,0.0,1.0,0.0,0.0,1.0,1
"G[1,1]((diagAgeCombo >= 0.000 & BldPrDia >= 67.083) & TotChol >= 67.263)
",-67.263,-67.263,0.000,1.000,0.000,0,0,0,1,1,0,0,1,0.0,0.0,0.0,0.0,0.0,1.0,1
"G[1,2](BUN <= 21.938 | Pt_A1cGoalLevelDsYr5 >= 0.000)
",9999999.000,9999999.000,0.000,1.000,0.000,0,0,1,0,0,1,1,0,0.0,0.0,1.0,0.0,0.0,1.0,1
"G[1,1]((BldPrSys <= 98.615 & Pt_GrandparentT1D <= 0.000) | bmi <= 0.000)
",0.000,0.000,0.000,1.000,0.000,0,0,0,1,1,0,0,1,0.0,0.0,0.0,0.0,0.0,1.0,1
"G[1,2]((TSH >= 0.151 | HeightCm >= 124.778) & TotalDailyInsPerKg >= 126.901)
",9999999.000,9999999.000,0.000,1.000,0.000,0,0,0,1,1,0,0,1,0.0,0.0,0.0,0.0,0.0,1.0,1
"G[0,2](((Pt_SiblingT1D >= 0.000 | LDL <= 0.000) & HbA1cImputeDtMnC <= 0.000) | bmiZscore >= 0.000)
",9999999.000,9999999.000,0.000,1.000,0.000,0,0,0,1,1,0,0,1,0.0,0.0,0.0,0.0,0.0,1.0,1
"G[1,2]((BUN <= 25.609 | Pt_DKAFlg <= 0.000) | LDL >= 0.000)
",9999999.000,9999999.000,0.000,1.000,0.000,0,0,1,0,0,1,1,0,0.0,0.0,1.0,0.0,0.0,1.0,1
"G[0,2](Pt_A1cGoalLev <= 0.000 & Pt_InsGov >= 0.000)
",9999999.000,9999999.000,0.000,1.000,0.000,0,0,1,0,0,1,1,0,0.0,0.0,1.0,0.0,0.0,1.0,1
"G[0,2](((Pt_ChildT1D <= 0.000 | GFR <= 31.113) | Pt_SiblingT1D >= 1.029) | bmiZscore >= 17.369)
",9999999.000,9999999.000,0.000,1.000,0.000,0,0,1,0,0,1,1,0,0.0,0.0,1.0,0.0,0.0,1.0,1
"G[0,1]((HbA1c >= 8.666 | HbA1cImputeDtMnC >= 8.851) & TSH <= 17.416)
",9999999.000,9999999.000,0.000,1.000,0.000,0,0,0,1,1,0,0,1,0.0,0.0,0.0,0.0,0.0,1.0,1
"G[0,1](((Pt_DKAFlg >= 0.000 | bmi >= 15.019) | bmiPerc <= 15.036) -> TSH >= 15.023)
",9999999.000,9999999.000,0.000,1.000,0.000,0,0,0,1,1,0,0,1,0.0,0.0,0.0,0.0,0.0,1.0,1
"G[0,2]((HbA1cImputeDtMnC <= 19.782 -> Pt_ChildT1D <= 0.000) -> LDL <= 0.000)
",9999999.000,9999999.000,0.000,1.000,0.000,0,0,1,0,0,1,1,0,0.0,0.0,1.0,0.0,0.0,1.0,1
"G[0,2](((Pt_CGMUseNumDays <= 0.000 & BldPrSys <= 98.499) & BldPrDia >= 97.600) | Triglyc <= 98.430)
",9999999.000,9999999.000,0.000,1.000,0.000,0,0,1,0,0,1,1,0,0.0,0.0,1.0,0.0,0.0,1.0,1
"G[1,2](((Pt_GrandchildT1D <= 0.000 & HbA1c <= 9.077) -> Pt_SiblingT1D >= 8.879) -> HbA1cImputeDtMnC >= 8.637)
",9999999.000,9999999.000,0.000,1.000,0.000,0,0,1,0,0,1,1,0,0.0,0.0,1.0,0.0,0.0,1.0,1
"G[2,2]((bmiZscore <= -0.307 & BUN >= 15.926) & Pt_DKAFlg >= 16.908)
",-16.908,-16.908,0.000,1.000,0.000,0,0,1,0,0,1,1,0,0.0,0.0,1.0,0.0,0.0,1.0,1
"G[1,1](GFR <= 39.301 | BldPrDia >= 67.386)
",39.301,39.301,0.000,1.000,0.000,0,0,0,1,1,0,0,1,0.0,0.0,0.0,0.0,0.0,1.0,1
"G[0,1](((Pt_DKAFlg >= 0.000 | Triglyc >= 0.000) | Pt_InsGov >= 0.000) & BldPrSys <= 0.000)
",9999999.000,9999999.000,0.000,1.000,0.000,0,0,0,1,1,0,0,1,0.0,0.0,0.0,0.0,0.0,1.0,1
"G[1,2](((UnitsInsBasalOrLongAct >= 7.852 | Pt_DKAFlg <= 0.000) -> HbA1c >= 0.000) & LDL <= 0.000)
",9999999.000,9999999.000,0.000,1.000,0.000,0,0,1,0,0,1,1,0,0.0,0.0,1.0,0.0,0.0,1.0,1
"G[0,2]((UnitsInsBasalOrLongAct <= 8.978 & bmi <= 15.029) & Pt_GrandparentT1D <= 15.036)
",9999999.000,9999999.000,0.000,1.000,0.000,0,0,0,1,1,0,0,1,0.0,0.0,0.0,0.0,0.0,1.0,1
"G[1,2]((Pt_SHFlg >= 0.000 & Pt_ChildT1D >= 0.000) -> Pt_InsGov >= 0.000)
",9999999.000,9999999.000,0.000,1.000,0.000,0,0,1,0,0,1,1,0,0.0,0.0,1.0,0.0,0.0,1.0,1
"G[1,1]((Pt_DKAFlg <= 0.000 & LDL >= 0.000) & SMBGperDayPtMeterCombo <= 0.000)
",0.000,0.000,0.000,1.000,0.000,0,0,0,1,1,0,0,1,0.0,0.0,0.0,0.0,0.0,1.0,1
"G[1,1](((Pt_GrandchildT1D >= 0.000 | bmiPerc >= 0.323) | Pt_GrandparentT1D <= 0.374) & Pt_FatherT1D >= 0.309)
",-0.309,-0.309,0.000,1.000,0.000,0,0,0,1,1,0,0,1,0.0,0.0,0.0,0.0,0.0,1.0,1
"G[2,2](((GFR >= 11.202 -> Pt_CGMUseNumDays >= 0.000) & AutonomicNeuroCl <= 0.000) | Pt_DKAFlg <= 0.000)
",0.000,0.000,0.000,1.000,0.000,0,0,1,0,0,1,1,0,0.0,0.0,1.0,0.0,0.0,1.0,1
"G[0,2](BUN >= 16.510 -> TotalDailyInsPerKg >= 1.008)
",9999999.000,9999999.000,0.000,1.000,0.000,0,0,0,1,1,0,0,1,0.0,0.0,0.0,0.0,0.0,1.0,1
"G[2,2](Pt_A1cGoalLev <= 0.000 | BldPrSys <= 98.056)
",98.056,98.056,0.000,1.000,0.000,0,0,1,0,0,1,1,0,0.0,0.0,1.0,0.0,0.0,1.0,1
"G[0,2]((HDL <= 0.000 & Pt_A1cGoalLevelDsYr5 <= 0.000) -> bmi <= 0.000)
",9999999.000,9999999.000,0.000,1.000,0.000,0,0,0,1,1,0,0,1,0.0,0.0,0.0,0.0,0.0,1.0,1
"G[1,2](BUN <= 23.738 | BGTestAvgNumPtRep >= 0.000)
",9999999.000,9999999.000,0.000,1.000,0.000,0,0,1,0,0,1,1,0,0.0,0.0,1.0,0.0,0.0,1.0,1
"G[0,2](((HeightCm <= 128.954 | AlbCreatRat_mggNew <= 0.000) -> Pt_ChildT1D <= 0.000) & HbA1cImputeDtMnC <= 0.000)
",9999999.000,9999999.000,0.000,1.000,0.000,0,0,0,1,1,0,0,1,0.0,0.0,0.0,0.0,0.0,1.0,1
"G[1,2](WeightKg >= 23.847 & Pt_MotherT1D >= 0.000)
",9999999.000,9999999.000,0.000,1.000,0.000,0,0,1,0,0,1,1,0,0.0,0.0,1.0,0.0,0.0,1.0,1
"G[0,1]((Pt_ChildT1D >= 0.000 & TSH <= 0.388) & BldPrDia <= 0.606)
",9999999.000,9999999.000,0.000,1.000,0.000,0,0,0,1,1,0,0,1,0.0,0.0,0.0,0.0,0.0,1.0,1
"((age >= 6.866) U[0,1] (age >= 6.827))
",-9999999.000,-9999999.000,0.000,0.000,1.000,0,0,0,1,1,0,0,1,0.0,0.0,0.0,0.0,0.0,1.0,-1
