Rule,Discrimination Score,Pos Robustness,Neg Robustness,Percent Class +,Percent Class -,TP,TN,FP,FN,Actual Yes,Actual No,Predicted Yes,Predicted No,TPR/Sens,TNR/Spec,FPR,Precision,Accuracy,MCR
"G[0,0]((AutonomicNeuroCl <= 0.000 | Pt_ChildT1D <= 0.000) & UnitsInsBasalOrLongAct >= 0.000)
",0.000,0.000,0.000,1.000,0.000,2,0,0,0,2,0,2,0,1.0,0.0,0.0,1.0,1.3333333333333333,-0.33333333333333326
"G[0,0]((HbA1c <= 8.296 -> UnitsInsBasalOrLongAct >= 14.111) | AlbCreatRat_mggNew <= 22.253)
",6.253,6.253,0.000,1.000,0.000,2,0,0,0,2,0,2,0,1.0,0.0,0.0,1.0,1.3333333333333333,-0.33333333333333326
"G[0,0](((BldPrSys <= 118.547 -> UnitsInsBasalOrLongAct >= 14.371) & HbA1cImputeDtMnC >= 16.355) -> Pt_SHFlg <= 21.722)
",-21.722,-21.722,0.000,1.000,0.000,2,0,0,0,2,0,2,0,1.0,0.0,0.0,1.0,1.3333333333333333,-0.33333333333333326
"G[0,0](DirectLDL <= 0.000 | Pt_SiblingT1D <= 0.000)
",0.000,0.000,0.000,1.000,0.000,2,0,0,0,2,0,2,0,1.0,0.0,0.0,1.0,1.3333333333333333,-0.33333333333333326
"G[0,0](((AutonomicNeuroCl <= 0.000 | BUN <= 14.959) & HDL >= 6.845) -> GFR <= 15.901)
",-16.964,-16.964,0.000,1.000,0.000,2,0,0,0,2,0,2,0,1.0,0.0,0.0,1.0,1.3333333333333333,-0.33333333333333326
"G[0,0]((TotalDailyInsPerKg <= 0.900 & Pt_MotherT1D <= 0.000) -> bmiPerc >= 0.000)
",-15.306,-15.306,0.000,1.000,0.000,2,0,0,0,2,0,2,0,1.0,0.0,0.0,1.0,1.3333333333333333,-0.33333333333333326
"G[0,0](((NumPumpBolusOrShortAct >= 1.490 & HDL <= 28.149) | SMBGperDayPtMeterCombo <= 49.113) | Triglyc <= 51.032)
",51.032,51.032,0.000,1.000,0.000,2,0,0,0,2,0,2,0,1.0,0.0,0.0,1.0,1.3333333333333333,-0.33333333333333326
"G[0,0](BUN >= 9.055 -> Pt_FatherT1D >= 0.000)
",0.000,0.000,0.000,1.000,0.000,2,0,0,0,2,0,2,0,1.0,0.0,0.0,1.0,1.3333333333333333,-0.33333333333333326
"G[0,0]((Pt_FatherT1D >= 0.000 & NumPumpBolusOrShortAct <= 5.588) | HbA1cImputeDtMnC >= 0.645)
",0.000,0.000,0.000,1.000,0.000,2,0,0,0,2,0,2,0,1.0,0.0,0.0,1.0,1.3333333333333333,-0.33333333333333326
"G[0,0](SMBGperDayPtMeterCombo >= 2.859 | Triglyc >= 20.555)
",48.141,48.141,0.000,1.000,0.000,2,0,0,0,2,0,2,0,1.0,0.0,0.0,1.0,1.3333333333333333,-0.33333333333333326
"G[0,0](NumPumpBolusOrShortAct <= 3.838 -> Triglyc <= 56.848)
",-56.848,-56.848,0.000,1.000,0.000,2,0,0,0,2,0,2,0,1.0,0.0,0.0,1.0,1.3333333333333333,-0.33333333333333326
"G[0,0](((bmiPerc <= 0.247 | HeightCm <= 164.512) -> WeightKg <= 158.224) -> bmiZscore <= 162.506)
",-162.362,-162.362,0.000,1.000,0.000,2,0,0,0,2,0,2,0,1.0,0.0,0.0,1.0,1.3333333333333333,-0.33333333333333326
"G[0,1](BGTestAvgNumMeter <= 4.667 -> WeightKg <= 40.910)
",9999999.000,9999999.000,0.000,1.000,0.000,1,0,0,1,2,0,1,1,0.5,0.0,0.0,1.0,0.6666666666666666,0.33333333333333337
"G[0,1](((age >= 11.545 -> UnitsInsBasalOrLongAct <= 23.443) & TotalDailyInsPerKg >= 19.923) -> BldPrSys >= 16.825)
",9999999.000,9999999.000,0.000,1.000,0.000,1,0,1,0,1,1,2,0,1.0,0.0,1.0,0.5,0.6666666666666666,0.33333333333333337
"G[1,1]((BldPrSys >= 112.907 & TSH >= 1.127) -> BGTestAvgNumMeter >= 0.267)
",0.267,0.267,0.000,1.000,0.000,1,0,1,0,1,1,2,0,1.0,0.0,1.0,0.5,0.6666666666666666,0.33333333333333337
"G[1,1]((BldPrSys <= 122.351 -> HbA1c <= 8.298) | WeightKg <= 8.302)
",8.302,8.302,0.000,1.000,0.000,1,0,1,0,1,1,2,0,1.0,0.0,1.0,0.5,0.6666666666666666,0.33333333333333337
"G[1,1](((diabDur >= 1.775 | diabDur >= 1.283) | diagAgeCombo >= 1.946) -> LDL <= 2.349)
",-2.349,-2.349,0.000,1.000,0.000,1,0,1,0,1,1,2,0,1.0,0.0,1.0,0.5,0.6666666666666666,0.33333333333333337
"G[0,1](((HbA1cImputeDtMnC >= 4.082 | HDL <= 25.898) -> Pt_ChildT1D >= 8.530) | Pt_A1cGoalLev <= 43.391)
",9999999.000,9999999.000,0.000,1.000,0.000,1,0,1,0,1,1,2,0,1.0,0.0,1.0,0.5,0.6666666666666666,0.33333333333333337
"G[1,1](((Pt_A1cGoalLev <= 5.623 | UnitsInsBasalOrLongAct >= 17.811) | Pt_FatherT1D <= 25.190) | SMBGperDayPtMeterCombo >= 17.351)
",25.190,25.190,0.000,1.000,0.000,1,0,1,0,1,1,2,0,1.0,0.0,1.0,0.5,0.6666666666666666,0.33333333333333337
"G[0,0]((diabDur <= 2.866 | HeightCm <= 164.947) & GFR <= 165.482)
",130.647,130.647,0.000,1.000,0.000,1,0,0,1,2,0,1,1,0.5,0.0,0.0,1.0,0.6666666666666666,0.33333333333333337
"G[1,1]((BldPrDia >= 45.877 -> LDL >= 8.419) | Pt_SiblingT1D <= 36.132)
",36.132,36.132,0.000,1.000,0.000,1,0,1,0,1,1,2,0,1.0,0.0,1.0,0.5,0.6666666666666666,0.33333333333333337
"G[0,1](((TotalDailyInsPerKg >= 0.162 & diabDur <= 2.917) | BGTestAvgNumPtRep <= 2.530) -> Pt_SiblingT1D <= 2.908)
",9999999.000,9999999.000,0.000,1.000,0.000,1,0,1,0,1,1,2,0,1.0,0.0,1.0,0.5,0.6666666666666666,0.33333333333333337
"G[0,1]((SMBGperDayPtMeterCombo >= 3.214 | BUN <= 11.970) & Triglyc <= 12.690)
",9999999.000,9999999.000,0.000,1.000,0.000,1,0,0,1,2,0,1,1,0.5,0.0,0.0,1.0,0.6666666666666666,0.33333333333333337
"G[0,1](bmi >= 16.013 -> diabDur <= 2.516)
",9999999.000,9999999.000,0.000,1.000,0.000,1,0,0,1,2,0,1,1,0.5,0.0,0.0,1.0,0.6666666666666666,0.33333333333333337
"G[1,1]((HeightCm >= 150.077 | TotalDailyInsPerKg <= 0.570) | HbA1cImputeDtMnC >= 0.192)
",0.570,0.570,0.000,1.000,0.000,1,0,1,0,1,1,2,0,1.0,0.0,1.0,0.5,0.6666666666666666,0.33333333333333337
"G[0,1](HbA1c >= 8.244 | WeightKg >= 38.042)
",9999999.000,9999999.000,0.000,1.000,0.000,1,0,1,0,1,1,2,0,1.0,0.0,1.0,0.5,0.6666666666666666,0.33333333333333337
"G[1,1](((HeightCm >= 150.071 | UnitsInsBasalOrLongAct >= 20.229) -> Pt_MotherT1D >= 16.885) -> WeightKg <= 20.936)
",-20.936,-20.936,0.000,1.000,0.000,1,0,1,0,1,1,2,0,1.0,0.0,1.0,0.5,0.6666666666666666,0.33333333333333337
"G[0,1]((BldPrDia <= 53.344 -> HeightCm <= 162.404) | Pt_MotherT1D <= 159.882)
",9999999.000,9999999.000,0.000,1.000,0.000,1,0,1,0,1,1,2,0,1.0,0.0,1.0,0.5,0.6666666666666666,0.33333333333333337
"G[0,1]((BldPrDia <= 51.556 | WeightKg >= 36.123) | bmiZscore >= 39.079)
",9999999.000,9999999.000,0.000,1.000,0.000,1,0,1,0,1,1,2,0,1.0,0.0,1.0,0.5,0.6666666666666666,0.33333333333333337
"G[0,1]((Pt_InsGov <= 0.873 & diabDur <= 2.724) | Pt_SiblingT1D <= 2.843)
",9999999.000,9999999.000,0.000,1.000,0.000,1,0,1,0,1,1,2,0,1.0,0.0,1.0,0.5,0.6666666666666666,0.33333333333333337
"G[0,1]((bmi <= 16.461 | NumPumpBolusOrShortAct >= 1.016) & bmiPerc >= 0.057)
",9999999.000,9999999.000,0.000,1.000,0.000,1,0,1,0,1,1,2,0,1.0,0.0,1.0,0.5,0.6666666666666666,0.33333333333333337
"G[0,1](((AlbCreatRat_mggNew <= 0.000 & Pt_CGMUseNumDays <= 0.000) & Pt_DKAFlg <= 0.000) -> Pt_A1cGoalLevelDsYr5 <= 0.000)
",9999999.000,9999999.000,0.000,1.000,0.000,1,0,1,0,1,1,2,0,1.0,0.0,1.0,0.5,0.6666666666666666,0.33333333333333337
"G[0,0](TotChol >= 15.039 -> HbA1c >= 8.106)
",6.519,6.519,0.000,1.000,0.000,1,0,0,1,2,0,1,1,0.5,0.0,0.0,1.0,0.6666666666666666,0.33333333333333337
"G[1,1](WeightKg <= 43.532 | age <= 12.175)
",43.532,43.532,0.000,1.000,0.000,1,0,1,0,1,1,2,0,1.0,0.0,1.0,0.5,0.6666666666666666,0.33333333333333337
"G[1,1](BGTestAvgNumPtRep <= 0.000 | Pt_A1cGoalLev <= 2.980)
",2.980,2.980,0.000,1.000,0.000,1,0,1,0,1,1,2,0,1.0,0.0,1.0,0.5,0.6666666666666666,0.33333333333333337
"G[1,1](BUN <= 11.317 | DirectLDL <= 0.000)
",11.317,11.317,0.000,1.000,0.000,1,0,1,0,1,1,2,0,1.0,0.0,1.0,0.5,0.6666666666666666,0.33333333333333337
"G[0,1]((HbA1c <= 8.350 -> Pt_FatherT1D <= 0.000) & Pt_CGMUseNumDays <= 0.000)
",9999999.000,9999999.000,0.000,1.000,0.000,1,0,1,0,1,1,2,0,1.0,0.0,1.0,0.5,0.6666666666666666,0.33333333333333337
"G[1,1]((age <= 12.001 & diagAgeCombo <= 4.824) -> bmi >= 2.756)
",-4.824,-4.824,0.000,1.000,0.000,1,0,1,0,1,1,2,0,1.0,0.0,1.0,0.5,0.6666666666666666,0.33333333333333337
"G[1,1]((age >= 11.973 -> Pt_FatherT1D >= 0.000) | TotChol >= 0.000)
",0.000,0.000,0.000,1.000,0.000,1,0,1,0,1,1,2,0,1.0,0.0,1.0,0.5,0.6666666666666666,0.33333333333333337
"G[1,1](((UnitsInsBasalOrLongAct >= 17.554 & WeightKg >= 37.619) -> Pt_CGMUseNumDays >= 36.152) -> BldPrDia <= 44.374)
",-44.374,-44.374,0.000,1.000,0.000,1,0,1,0,1,1,2,0,1.0,0.0,1.0,0.5,0.6666666666666666,0.33333333333333337
"G[0,1](((BldPrDia <= 53.749 | bmiZscore >= -0.876) & TotalDailyInsPerKg >= -0.929) | NumPumpBolusOrShortAct >= -0.915)
",9999999.000,9999999.000,0.000,1.000,0.000,1,0,1,0,1,1,2,0,1.0,0.0,1.0,0.5,0.6666666666666666,0.33333333333333337
"G[0,1]((bmi >= 15.433 & BGTestAvgNumPtRep <= 0.000) | NumPumpBolusOrShortAct <= 0.000)
",9999999.000,9999999.000,0.000,1.000,0.000,1,0,1,0,1,1,2,0,1.0,0.0,1.0,0.5,0.6666666666666666,0.33333333333333337
"G[0,1]((BUN >= 9.004 -> TotChol <= 46.789) & age <= 48.546)
",9999999.000,9999999.000,0.000,1.000,0.000,1,0,0,1,2,0,1,1,0.5,0.0,0.0,1.0,0.6666666666666666,0.33333333333333337
"G[0,1](((Pt_InsGov >= 0.023 | TSH >= 0.656) -> Pt_CGMUseNumDays >= 0.573) | Pt_SiblingT1D <= 1.395)
",9999999.000,9999999.000,0.000,1.000,0.000,1,0,1,0,1,1,2,0,1.0,0.0,1.0,0.5,0.6666666666666666,0.33333333333333337
"G[0,1]((bmi >= 15.942 | BUN >= 5.320) & BldPrSys >= 5.833)
",9999999.000,9999999.000,0.000,1.000,0.000,1,0,1,0,1,1,2,0,1.0,0.0,1.0,0.5,0.6666666666666666,0.33333333333333337
"G[0,0]((TotalDailyInsPerKg <= 0.571 -> TotalDailyInsPerKg >= 0.372) & Pt_InsGov <= 0.984)
",-0.628,-0.628,0.000,1.000,0.000,1,0,0,1,2,0,1,1,0.5,0.0,0.0,1.0,0.6666666666666666,0.33333333333333337
"G[0,0]((HbA1cImputeDtMnC >= 0.674 -> Triglyc <= 63.710) & TotChol <= 34.777)
",-63.710,-63.710,0.000,1.000,0.000,1,0,0,1,2,0,1,1,0.5,0.0,0.0,1.0,0.6666666666666666,0.33333333333333337
"G[0,1](BGTestAvgNumMeter >= 2.987 | BGTestAvgNumPtRep <= 0.000)
",9999999.000,9999999.000,0.000,1.000,0.000,1,0,1,0,1,1,2,0,1.0,0.0,1.0,0.5,0.6666666666666666,0.33333333333333337
"G[1,1](((Pt_GrandchildT1D <= 0.000 & NumPumpBolusOrShortAct <= 5.646) -> TotalDailyInsPerKg <= 5.599) | diagAgeCombo <= 4.648)
",4.648,4.648,0.000,1.000,0.000,1,0,1,0,1,1,2,0,1.0,0.0,1.0,0.5,0.6666666666666666,0.33333333333333337
"G[1,1](bmiZscore >= -0.864 | UnitsInsBasalOrLongAct >= 17.324)
",0.864,0.864,0.000,1.000,0.000,1,0,1,0,1,1,2,0,1.0,0.0,1.0,0.5,0.6666666666666666,0.33333333333333337
"G[1,1](AutonomicNeuroCl <= 0.000 | HbA1cImputeDtMnC >= 8.514)
",0.000,0.000,0.000,1.000,0.000,1,0,1,0,1,1,2,0,1.0,0.0,1.0,0.5,0.6666666666666666,0.33333333333333337
"G[1,1](BUN <= 15.247 -> age <= 12.800)
",-15.247,-15.247,0.000,1.000,0.000,1,0,1,0,1,1,2,0,1.0,0.0,1.0,0.5,0.6666666666666666,0.33333333333333337
"G[0,1](((TSH <= 1.657 & TSH >= 0.770) & age <= 1.637) | Pt_MotherT1D <= 1.226)
",9999999.000,9999999.000,0.000,1.000,0.000,1,0,1,0,1,1,2,0,1.0,0.0,1.0,0.5,0.6666666666666666,0.33333333333333337
"G[0,1](((Pt_GrandparentT1D <= 0.000 | age >= 11.024) & TSH <= 12.987) | Pt_A1cGoalLevelDsYr5 <= 12.999)
",9999999.000,9999999.000,0.000,1.000,0.000,1,0,1,0,1,1,2,0,1.0,0.0,1.0,0.5,0.6666666666666666,0.33333333333333337
"G[1,1](Pt_DKAFlg <= 0.000 -> Pt_SHFlg = 0.000)
",0.000,0.000,0.000,1.000,0.000,1,0,1,0,1,1,2,0,1.0,0.0,1.0,0.5,0.6666666666666666,0.33333333333333337
"G[0,1](SMBGperDayPtMeterCombo >= 2.594 & BGTestAvgNumPtRep >= 0.000)
",9999999.000,9999999.000,0.000,1.000,0.000,1,0,0,1,2,0,1,1,0.5,0.0,0.0,1.0,0.6666666666666666,0.33333333333333337
"G[1,1](((bmi <= 16.711 -> BldPrSys <= 124.995) -> BGTestAvgNumMeter <= 121.845) | BGTestAvgNumMeter <= 123.340)
",123.340,123.340,0.000,1.000,0.000,1,0,1,0,1,1,2,0,1.0,0.0,1.0,0.5,0.6666666666666666,0.33333333333333337
"G[1,1]((Pt_CGMUseNumDays >= 0.000 & SMBGperDayPtMeterCombo >= 2.313) & BldPrDia >= 1.625)
",-2.313,-2.313,0.000,1.000,0.000,1,0,1,0,1,1,2,0,1.0,0.0,1.0,0.5,0.6666666666666666,0.33333333333333337
"G[0,1](BUN <= 15.837 -> Pt_SHFlg = 0.000)
",9999999.000,9999999.000,0.000,1.000,0.000,1,0,1,0,1,1,2,0,1.0,0.0,1.0,0.5,0.6666666666666666,0.33333333333333337
"G[0,0](bmiPerc <= 0.217 & HbA1c <= 8.294)
",-15.089,-15.089,0.000,1.000,0.000,1,0,0,1,2,0,1,1,0.5,0.0,0.0,1.0,0.6666666666666666,0.33333333333333337
"G[1,1](SMBGperDayPtMeterCombo >= 2.808 & BGTestAvgNumPtRep >= 0.000)
",-2.808,-2.808,0.000,1.000,0.000,1,0,1,0,1,1,2,0,1.0,0.0,1.0,0.5,0.6666666666666666,0.33333333333333337
"G[2,2](((Pt_SHFlg >= 0.000 & BldPrSys <= 121.837) -> TSH >= 118.072) | Pt_FatherT1D >= 117.246)
",0.000,0.000,0.000,1.000,0.000,0,0,2,0,0,2,2,0,0.0,0.0,1.0,0.0,0.0,1.0
"G[2,2](WeightKg <= 42.154 & Pt_ChildT1D >= 0.000)
",0.000,0.000,0.000,1.000,0.000,0,0,2,0,0,2,2,0,0.0,0.0,1.0,0.0,0.0,1.0
"G[2,2](TotalDailyInsPerKg >= 0.241 -> TotalDailyInsPerKg <= 0.982)
",-0.982,-0.982,0.000,1.000,0.000,0,0,2,0,0,2,2,0,0.0,0.0,1.0,0.0,0.0,1.0
"G[1,2]((HbA1cImputeDtMnC >= 10.668 & Pt_GrandparentT1D >= 0.000) -> Pt_GrandparentT1D >= 0.000)
",9999999.000,9999999.000,0.000,1.000,0.000,0,0,2,0,0,2,2,0,0.0,0.0,1.0,0.0,0.0,1.0
"G[2,2](((Pt_SiblingT1D >= 0.000 -> Pt_FatherT1D >= 0.000) | Pt_GrandparentT1D <= 0.000) & bmi <= 0.000)
",0.000,0.000,0.000,1.000,0.000,0,0,2,0,0,2,2,0,0.0,0.0,1.0,0.0,0.0,1.0
"G[2,2](HDL <= 48.609 & Pt_ChildT1D <= 0.000)
",0.000,0.000,0.000,1.000,0.000,0,0,2,0,0,2,2,0,0.0,0.0,1.0,0.0,0.0,1.0
"G[0,2](((Pt_SHFlg >= 0.000 & Pt_GrandparentT1D <= 0.000) & SMBGperDayPtMeterCombo >= 0.000) & Pt_A1cGoalLev >= 0.000)
",9999999.000,9999999.000,0.000,1.000,0.000,0,0,2,0,0,2,2,0,0.0,0.0,1.0,0.0,0.0,1.0
"G[0,2]((Pt_FatherT1D <= 0.000 -> TotChol >= 20.579) & diabDur >= 32.601)
",9999999.000,9999999.000,0.000,1.000,0.000,0,0,0,2,2,0,0,2,0.0,0.0,0.0,0.0,0.0,1.0
"G[0,2](BldPrSys >= 112.199 -> Pt_FatherT1D <= 0.000)
",9999999.000,9999999.000,0.000,1.000,0.000,0,0,2,0,0,2,2,0,0.0,0.0,1.0,0.0,0.0,1.0
"G[2,2]((BGTestAvgNumMeter <= 4.754 & LDL >= 11.334) -> HeightCm >= 13.623)
",11.334,11.334,0.000,1.000,0.000,0,0,2,0,0,2,2,0,0.0,0.0,1.0,0.0,0.0,1.0
"G[1,2](BldPrSys <= 119.461 & Pt_InsGov >= 0.094)
",9999999.000,9999999.000,0.000,1.000,0.000,0,0,1,1,1,1,1,1,0.0,0.0,1.0,0.0,0.0,1.0
"G[2,2]((TSH <= 1.381 | Triglyc <= 35.946) & Pt_A1cGoalLev >= 9.353)
",-9.353,-9.353,0.000,1.000,0.000,0,0,2,0,0,2,2,0,0.0,0.0,1.0,0.0,0.0,1.0
"G[0,2](((Pt_MotherT1D >= 0.000 | bmi >= 15.664) -> Pt_DKAFlg >= 15.522) | TotChol <= 16.240)
",9999999.000,9999999.000,0.000,1.000,0.000,0,0,1,1,1,1,1,1,0.0,0.0,1.0,0.0,0.0,1.0
"G[0,2](((Pt_A1cGoalLev <= 6.936 & Pt_FatherT1D <= 0.000) -> HDL <= 0.000) | Pt_MotherT1D >= 0.000)
",9999999.000,9999999.000,0.000,1.000,0.000,0,0,2,0,0,2,2,0,0.0,0.0,1.0,0.0,0.0,1.0
"G[0,2](((age <= 12.643 -> Pt_ChildT1D <= 0.000) -> HDL >= 0.000) | WeightKg <= 0.000)
",9999999.000,9999999.000,0.000,1.000,0.000,0,0,2,0,0,2,2,0,0.0,0.0,1.0,0.0,0.0,1.0
"G[2,2]((HbA1cImputeDtMnC <= 18.942 | BGTestAvgNumPtRep >= 0.000) & Pt_SHFlg <= 0.000)
",0.000,0.000,0.000,1.000,0.000,0,0,2,0,0,2,2,0,0.0,0.0,1.0,0.0,0.0,1.0
"G[0,2]((Pt_ChildT1D <= 0.000 | Triglyc <= 32.835) & SMBGperDayPtMeterCombo >= 11.509)
",9999999.000,9999999.000,0.000,1.000,0.000,0,0,0,2,2,0,0,2,0.0,0.0,0.0,0.0,0.0,1.0
"G[0,2](((Pt_ChildT1D >= 0.000 | Triglyc <= 59.164) | HbA1cImputeDtMnC <= 25.041) & Pt_DKAFlg <= 40.707)
",9999999.000,9999999.000,0.000,1.000,0.000,0,0,2,0,0,2,2,0,0.0,0.0,1.0,0.0,0.0,1.0
"G[0,2](((AlbCreatRat_mggNew <= 0.000 -> Pt_A1cGoalLevelDsYr5 >= 0.000) | BldPrSys >= 0.000) -> age >= 0.000)
",9999999.000,9999999.000,0.000,1.000,0.000,0,0,2,0,0,2,2,0,0.0,0.0,1.0,0.0,0.0,1.0
"G[1,2](((diagAgeCombo >= 2.709 -> NumPumpBolusOrShortAct <= 5.210) -> age <= 5.473) & diabDur <= 3.285)
",9999999.000,9999999.000,0.000,1.000,0.000,0,0,1,1,1,1,1,1,0.0,0.0,1.0,0.0,0.0,1.0
"G[1,2](Pt_GrandchildT1D <= 0.000 & SMBGperDayPtMeterCombo >= 2.916)
",9999999.000,9999999.000,0.000,1.000,0.000,0,0,2,0,0,2,2,0,0.0,0.0,1.0,0.0,0.0,1.0
"G[0,2](((HbA1cImputeDtMnC <= 11.242 -> diagAgeCombo >= 1.556) -> diagAgeCombo <= 8.780) & BldPrSys <= 9.358)
",9999999.000,9999999.000,0.000,1.000,0.000,0,0,0,2,2,0,0,2,0.0,0.0,0.0,0.0,0.0,1.0
"G[0,2]((TSH >= 1.016 | NumPumpBolusOrShortAct >= 0.004) -> Pt_SHFlg <= 4.928)
",9999999.000,9999999.000,0.000,1.000,0.000,0,0,2,0,0,2,2,0,0.0,0.0,1.0,0.0,0.0,1.0
"G[0,2](((UnitsInsBasalOrLongAct >= 16.797 -> BldPrDia <= 50.674) & BGTestAvgNumMeter >= 45.939) & Pt_A1cGoalLevelDsYr5 >= 48.152)
",9999999.000,9999999.000,0.000,1.000,0.000,0,0,0,2,2,0,0,2,0.0,0.0,0.0,0.0,0.0,1.0
"G[2,2](NumPumpBolusOrShortAct >= 1.275 | bmi >= 15.677)
",-1.275,-1.275,0.000,1.000,0.000,0,0,2,0,0,2,2,0,0.0,0.0,1.0,0.0,0.0,1.0
"G[1,2](BldPrDia >= 48.809 | Pt_CGMUseNumDays <= 0.000)
",9999999.000,9999999.000,0.000,1.000,0.000,0,0,2,0,0,2,2,0,0.0,0.0,1.0,0.0,0.0,1.0
"G[0,2](((NumPumpBolusOrShortAct >= 1.745 & HbA1c >= 8.142) -> TSH >= 8.160) & Pt_A1cGoalLevelDsYr5 <= 8.380)
",9999999.000,9999999.000,0.000,1.000,0.000,0,0,2,0,0,2,2,0,0.0,0.0,1.0,0.0,0.0,1.0
"G[0,2]((Pt_SHFlg >= 0.000 -> BUN >= 5.174) -> NumPumpBolusOrShortAct <= 15.806)
",9999999.000,9999999.000,0.000,1.000,0.000,0,0,2,0,0,2,2,0,0.0,0.0,1.0,0.0,0.0,1.0
"G[0,2]((Pt_CGMUseNumDays <= 0.000 | TotalDailyInsPerKg <= 1.104) | Pt_MotherT1D >= 0.313)
",9999999.000,9999999.000,0.000,1.000,0.000,0,0,2,0,0,2,2,0,0.0,0.0,1.0,0.0,0.0,1.0
"G[0,1]((diabDur >= 1.923 -> TSH >= 0.150) & diagAgeCombo >= 1.112)
",9999999.000,9999999.000,0.000,1.000,0.000,0,0,0,2,2,0,0,2,0.0,0.0,0.0,0.0,0.0,1.0
"G[1,1](((NumPumpBolusOrShortAct <= 5.209 -> AutonomicNeuroCl <= 0.000) & WeightKg >= 0.000) & UnitsInsBasalOrLongAct <= 0.000)
",-5.209,-5.209,0.000,1.000,0.000,0,0,1,1,1,1,1,1,0.0,0.0,1.0,0.0,0.0,1.0
"G[0,2](((Pt_GrandchildT1D <= 0.000 & Pt_FatherT1D <= 0.000) | AlbCreatRat_mggNew >= 0.000) & BldPrDia >= 0.000)
",9999999.000,9999999.000,0.000,1.000,0.000,0,0,2,0,0,2,2,0,0.0,0.0,1.0,0.0,0.0,1.0
"G[1,2](((TSH >= 0.339 | GFR >= 0.000) -> Pt_A1cGoalLevelDsYr5 >= 0.000) & Pt_CGMUseNumDays <= 0.000)
",9999999.000,9999999.000,0.000,1.000,0.000,0,0,2,0,0,2,2,0,0.0,0.0,1.0,0.0,0.0,1.0
"G[2,2]((NumPumpBolusOrShortAct >= 0.623 -> Pt_CGMUseNumDays <= 0.000) -> UnitsInsBasalOrLongAct >= 0.000)
",0.000,0.000,0.000,1.000,0.000,0,0,2,0,0,2,2,0,0.0,0.0,1.0,0.0,0.0,1.0
"G[0,1]((bmi >= 15.586 | Pt_DKAFlg >= 0.000) -> BldPrSys <= 0.000)
",9999999.000,9999999.000,0.000,1.000,0.000,0,0,0,2,2,0,0,2,0.0,0.0,0.0,0.0,0.0,1.0
"G[2,2]((AutonomicNeuroCl >= 0.000 -> SMBGperDayPtMeterCombo >= 2.881) & age >= 1.172)
",-1.172,-1.172,0.000,1.000,0.000,0,0,2,0,0,2,2,0,0.0,0.0,1.0,0.0,0.0,1.0
"G[1,1](TSH <= 1.618 & LDL >= 10.421)
",-10.421,-10.421,0.000,1.000,0.000,0,0,1,1,1,1,1,1,0.0,0.0,1.0,0.0,0.0,1.0
"G[2,2](((NumPumpBolusOrShortAct >= 0.601 | LDL <= 46.749) | Pt_DKAFlg <= 44.644) | diagAgeCombo >= 11.139)
",46.749,46.749,0.000,1.000,0.000,0,0,2,0,0,2,2,0,0.0,0.0,1.0,0.0,0.0,1.0
"G[1,2](((Pt_DKAFlg >= 0.000 -> AutonomicNeuroCl >= 0.000) | Triglyc <= 0.000) | BUN >= 0.000)
",9999999.000,9999999.000,0.000,1.000,0.000,0,0,2,0,0,2,2,0,0.0,0.0,1.0,0.0,0.0,1.0
"G[1,2](((BldPrSys <= 128.435 & BGTestAvgNumMeter >= 2.317) -> BldPrSys <= 4.327) & bmiZscore >= 2.923)
",9999999.000,9999999.000,0.000,1.000,0.000,0,0,1,1,1,1,1,1,0.0,0.0,1.0,0.0,0.0,1.0
"G[1,2](GFR <= 0.000 & Pt_MotherT1D >= 0.000)
",9999999.000,9999999.000,0.000,1.000,0.000,0,0,2,0,0,2,2,0,0.0,0.0,1.0,0.0,0.0,1.0
"G[0,0]((TSH <= 1.264 & Triglyc <= 34.545) & UnitsInsBasalOrLongAct <= 25.092)
",1.264,1.264,0.000,1.000,0.000,0,0,0,2,2,0,0,2,0.0,0.0,0.0,0.0,0.0,1.0
"G[2,2](Triglyc >= 7.166 -> bmi >= 15.604)
",7.166,7.166,0.000,1.000,0.000,0,0,2,0,0,2,2,0,0.0,0.0,1.0,0.0,0.0,1.0
"G[1,2](((Pt_DKAFlg >= 0.000 | Pt_CGMUseNumDays >= 0.000) | Pt_GrandparentT1D >= 0.000) | TSH >= 0.000)
",9999999.000,9999999.000,0.000,1.000,0.000,0,0,2,0,0,2,2,0,0.0,0.0,1.0,0.0,0.0,1.0
"G[1,2](((LDL <= 25.043 -> BldPrDia >= 47.085) & Pt_SHFlg >= 47.323) -> AlbCreatRat_mggNew <= 53.164)
",9999999.000,9999999.000,0.000,1.000,0.000,0,0,2,0,0,2,2,0,0.0,0.0,1.0,0.0,0.0,1.0
"G[0,1]((Pt_ChildT1D >= 0.000 -> HDL >= 19.442) & Pt_SiblingT1D >= 7.159)
",9999999.000,9999999.000,0.000,1.000,0.000,0,0,0,2,2,0,0,2,0.0,0.0,0.0,0.0,0.0,1.0
"G[0,2]((LDL <= 34.507 & HbA1c >= 8.162) -> Pt_SiblingT1D <= 8.284)
",9999999.000,9999999.000,0.000,1.000,0.000,0,0,2,0,0,2,2,0,0.0,0.0,1.0,0.0,0.0,1.0
"G[2,2](((AlbCreatRat_mggNew >= 0.000 | GFR <= 0.000) -> Pt_MotherT1D >= 0.000) | AutonomicNeuroCl >= 0.000)
",0.000,0.000,0.000,1.000,0.000,0,0,2,0,0,2,2,0,0.0,0.0,1.0,0.0,0.0,1.0
"G[1,2]((BUN <= 12.350 & Pt_CGMUseNumDays <= 0.000) -> TotChol >= 0.000)
",9999999.000,9999999.000,0.000,1.000,0.000,0,0,2,0,0,2,2,0,0.0,0.0,1.0,0.0,0.0,1.0
"G[1,2](((Pt_GrandparentT1D >= 0.000 & diabDur >= 1.183) -> age >= 1.810) -> Pt_MotherT1D <= 2.202)
",9999999.000,9999999.000,0.000,1.000,0.000,0,0,2,0,0,2,2,0,0.0,0.0,1.0,0.0,0.0,1.0
"G[1,1](((TotalDailyInsPerKg >= 0.084 & BGTestAvgNumMeter >= 1.082) & WeightKg >= 3.221) | AutonomicNeuroCl >= 3.254)
",-3.221,-3.221,0.000,1.000,0.000,0,0,1,1,1,1,1,1,0.0,0.0,1.0,0.0,0.0,1.0
"G[0,0]((HDL >= 18.990 & diagAgeCombo >= 1.094) & AutonomicNeuroCl >= 0.595)
",-18.990,-18.990,0.000,1.000,0.000,0,0,0,2,2,0,0,2,0.0,0.0,0.0,0.0,0.0,1.0
"G[1,2](TSH >= 0.940 & Pt_SHFlg <= 0.000)
",9999999.000,9999999.000,0.000,1.000,0.000,0,0,1,1,1,1,1,1,0.0,0.0,1.0,0.0,0.0,1.0
"G[1,2]((GFR <= 0.000 & Pt_A1cGoalLevelDsYr5 <= 0.000) & HbA1c <= 0.000)
",9999999.000,9999999.000,0.000,1.000,0.000,0,0,1,1,1,1,1,1,0.0,0.0,1.0,0.0,0.0,1.0
"G[1,2](((Pt_FatherT1D <= 0.000 & AutonomicNeuroCl <= 0.000) -> UnitsInsBasalOrLongAct >= 0.000) | Pt_SHFlg <= 0.000)
",9999999.000,9999999.000,0.000,1.000,0.000,0,0,2,0,0,2,2,0,0.0,0.0,1.0,0.0,0.0,1.0
"G[2,2](Pt_GrandparentT1D >= 0.000 -> Pt_A1cGoalLev >= 2.329)
",0.000,0.000,0.000,1.000,0.000,0,0,2,0,0,2,2,0,0.0,0.0,1.0,0.0,0.0,1.0
"G[0,2](((Pt_A1cGoalLevelDsYr5 >= 0.000 | diagAgeCombo <= 5.354) | TSH >= 0.189) -> Pt_SiblingT1D >= 1.624)
",9999999.000,9999999.000,0.000,1.000,0.000,0,0,0,2,2,0,0,2,0.0,0.0,0.0,0.0,0.0,1.0
"G[0,2]((TotChol >= 27.384 -> Pt_MotherT1D >= 0.000) | Pt_SiblingT1D >= 0.000)
",9999999.000,9999999.000,0.000,1.000,0.000,0,0,2,0,0,2,2,0,0.0,0.0,1.0,0.0,0.0,1.0
"G[1,2]((Pt_A1cGoalLevelDsYr5 <= 0.000 & bmi >= 16.018) & BldPrDia >= 15.487)
",9999999.000,9999999.000,0.000,1.000,0.000,0,0,2,0,0,2,2,0,0.0,0.0,1.0,0.0,0.0,1.0
"G[1,2](Pt_GrandparentT1D >= 0.000 | NumPumpBolusOrShortAct <= 3.752)
",9999999.000,9999999.000,0.000,1.000,0.000,0,0,2,0,0,2,2,0,0.0,0.0,1.0,0.0,0.0,1.0
"G[1,2]((WeightKg <= 42.865 -> Pt_ChildT1D <= 0.000) -> AlbCreatRat_mggNew <= 0.000)
",9999999.000,9999999.000,0.000,1.000,0.000,0,0,2,0,0,2,2,0,0.0,0.0,1.0,0.0,0.0,1.0
"G[0,1]((UnitsInsBasalOrLongAct >= 18.319 | Pt_ChildT1D >= 0.000) -> diagAgeCombo <= 0.000)
",9999999.000,9999999.000,0.000,1.000,0.000,0,0,1,1,1,1,1,1,0.0,0.0,1.0,0.0,0.0,1.0
"G[1,1](Pt_GrandparentT1D >= 0.000 -> BUN >= 9.448)
",0.000,0.000,0.000,1.000,0.000,0,0,1,1,1,1,1,1,0.0,0.0,1.0,0.0,0.0,1.0
"G[0,2]((WeightKg <= 43.200 -> Pt_A1cGoalLevelDsYr5 >= 0.000) & BUN <= 0.000)
",9999999.000,9999999.000,0.000,1.000,0.000,0,0,0,2,2,0,0,2,0.0,0.0,0.0,0.0,0.0,1.0
"G[1,2](BUN <= 14.587 & GFR >= 0.000)
",9999999.000,9999999.000,0.000,1.000,0.000,0,0,2,0,0,2,2,0,0.0,0.0,1.0,0.0,0.0,1.0
"G[1,2]((diagAgeCombo <= 9.374 & Pt_InsGov <= 0.691) | Pt_GrandparentT1D <= 0.940)
",9999999.000,9999999.000,0.000,1.000,0.000,0,0,2,0,0,2,2,0,0.0,0.0,1.0,0.0,0.0,1.0
"G[0,1]((age >= 11.466 & Pt_ChildT1D <= 0.000) -> diabDur <= 0.000)
",9999999.000,9999999.000,0.000,1.000,0.000,0,0,0,2,2,0,0,2,0.0,0.0,0.0,0.0,0.0,1.0
"G[0,0](((Triglyc >= 12.911 -> bmiPerc >= 0.150) & Pt_A1cGoalLevelDsYr5 >= 0.173) & TotalDailyInsPerKg >= 0.186)
",-15.155,-15.155,0.000,1.000,0.000,0,0,0,2,2,0,0,2,0.0,0.0,0.0,0.0,0.0,1.0
"G[0,1](((TotalDailyInsPerKg <= 0.623 | Triglyc <= 28.317) & Pt_SiblingT1D >= 18.347) & TotChol >= 21.882)
",9999999.000,9999999.000,0.000,1.000,0.000,0,0,0,2,2,0,0,2,0.0,0.0,0.0,0.0,0.0,1.0
"G[0,2]((bmiPerc >= 0.175 -> BUN >= 3.161) -> Pt_A1cGoalLev <= 12.851)
",9999999.000,9999999.000,0.000,1.000,0.000,0,0,2,0,0,2,2,0,0.0,0.0,1.0,0.0,0.0,1.0
"G[1,2](HDL <= 51.704 | bmiZscore <= -0.827)
",9999999.000,9999999.000,0.000,1.000,0.000,0,0,2,0,0,2,2,0,0.0,0.0,1.0,0.0,0.0,1.0
"G[0,2](AlbCreatRat_mggNew <= 0.000 -> bmiPerc <= 0.229)
",9999999.000,9999999.000,0.000,1.000,0.000,0,0,1,1,1,1,1,1,0.0,0.0,1.0,0.0,0.0,1.0
"G[1,2](((AutonomicNeuroCl >= 0.000 -> Pt_FatherT1D <= 0.000) -> BUN >= 0.000) & Pt_GrandchildT1D >= 0.000)
",9999999.000,9999999.000,0.000,1.000,0.000,0,0,2,0,0,2,2,0,0.0,0.0,1.0,0.0,0.0,1.0
"G[0,2](SMBGperDayPtMeterCombo >= 3.116 & BGTestAvgNumPtRep >= 0.000)
",9999999.000,9999999.000,0.000,1.000,0.000,0,0,0,2,2,0,0,2,0.0,0.0,0.0,0.0,0.0,1.0
"G[2,2](((TSH >= 0.134 | diagAgeCombo <= 9.345) & BGTestAvgNumMeter <= 5.095) -> SMBGperDayPtMeterCombo >= 0.214)
",-5.095,-5.095,0.000,1.000,0.000,0,0,2,0,0,2,2,0,0.0,0.0,1.0,0.0,0.0,1.0
"G[1,2]((WeightKg >= 37.298 | bmi >= 15.476) -> UnitsInsBasalOrLongAct <= 23.759)
",9999999.000,9999999.000,0.000,1.000,0.000,0,0,1,1,1,1,1,1,0.0,0.0,1.0,0.0,0.0,1.0
"G[0,2](Pt_MotherT1D <= 0.000 -> Pt_SHFlg = 0.000)
",9999999.000,9999999.000,0.000,1.000,0.000,0,0,2,0,0,2,2,0,0.0,0.0,1.0,0.0,0.0,1.0
"G[2,2](Pt_FatherT1D > 0.000 -> Pt_SHFlg = 0.000)
",0.000,0.000,0.000,1.000,0.000,0,0,2,0,0,2,2,0,0.0,0.0,1.0,0.0,0.0,1.0
"G[0,0](BGTestAvgNumPtRep > 0.000 & Pt_SHFlg = 0.000)
",0.000,0.000,0.000,1.000,0.000,0,0,0,2,2,0,0,2,0.0,0.0,0.0,0.0,0.0,1.0
"G[1,2](BUN > 1.511 -> Pt_SHFlg = 0.000)
",9999999.000,9999999.000,0.000,1.000,0.000,0,0,2,0,0,2,2,0,0.0,0.0,1.0,0.0,0.0,1.0
"G[1,1](Pt_A1cGoalLev > 0.990 & Pt_SHFlg = 0.000)
",-0.990,-0.990,0.000,1.000,0.000,0,0,1,1,1,1,1,1,0.0,0.0,1.0,0.0,0.0,1.0
"G[2,2](BldPrDia < 54.826 & Pt_SHFlg = 0.000)
",0.000,0.000,0.000,1.000,0.000,0,0,2,0,0,2,2,0,0.0,0.0,1.0,0.0,0.0,1.0
"G[0,2](Triglyc < 60.823 & Pt_SHFlg = 0.000)
",9999999.000,9999999.000,0.000,1.000,0.000,0,0,1,1,1,1,1,1,0.0,0.0,1.0,0.0,0.0,1.0
"G[1,2](TotChol >= 29.729 -> Pt_SHFlg = 0.000)
",9999999.000,9999999.000,0.000,1.000,0.000,0,0,2,0,0,2,2,0,0.0,0.0,1.0,0.0,0.0,1.0
"G[1,1](Pt_A1cGoalLevelDsYr5 < 0.000 & Pt_SHFlg = 0.000)
",0.000,0.000,0.000,1.000,0.000,0,0,1,1,1,1,1,1,0.0,0.0,1.0,0.0,0.0,1.0
"G[0,2](BGTestAvgNumMeter >= 1.555 -> Pt_SHFlg = 0.000)
",9999999.000,9999999.000,0.000,1.000,0.000,0,0,2,0,0,2,2,0,0.0,0.0,1.0,0.0,0.0,1.0
"G[0,2](GFR >= 0.000 -> Pt_SHFlg = 0.000)
",9999999.000,9999999.000,0.000,1.000,0.000,0,0,2,0,0,2,2,0,0.0,0.0,1.0,0.0,0.0,1.0
"G[0,0]((diagAgeCombo <= 4.434 & Pt_InsGov >= 0.076) & TotChol >= 0.113)
",-0.113,-0.113,0.000,1.000,0.000,0,0,0,2,2,0,0,2,0.0,0.0,0.0,0.0,0.0,1.0
"G[0,2]((bmiPerc >= 0.184 -> UnitsInsBasalOrLongAct >= 14.361) -> WeightKg <= 24.389)
",9999999.000,9999999.000,0.000,1.000,0.000,0,0,0,2,2,0,0,2,0.0,0.0,0.0,0.0,0.0,1.0
"G[0,1](((bmiPerc >= 0.182 -> bmiZscore <= -0.707) & TSH <= -0.759) | diabDur <= -0.780)
",9999999.000,9999999.000,0.000,1.000,0.000,0,0,0,2,2,0,0,2,0.0,0.0,0.0,0.0,0.0,1.0
"G[1,2](bmi >= 15.420 | SMBGperDayPtMeterCombo >= 2.101)
",9999999.000,9999999.000,0.000,1.000,0.000,0,0,2,0,0,2,2,0,0.0,0.0,1.0,0.0,0.0,1.0
"G[0,2](age >= 11.768 | WeightKg >= 35.375)
",9999999.000,9999999.000,0.000,1.000,0.000,0,0,1,1,1,1,1,1,0.0,0.0,1.0,0.0,0.0,1.0
"G[1,2](diabDur <= 2.284 | HbA1cImputeDtMnC >= 7.706)
",9999999.000,9999999.000,0.000,1.000,0.000,0,0,2,0,0,2,2,0,0.0,0.0,1.0,0.0,0.0,1.0
"G[0,2](BldPrSys <= 130.988 & BUN >= 4.948)
",9999999.000,9999999.000,0.000,1.000,0.000,0,0,1,1,1,1,1,1,0.0,0.0,1.0,0.0,0.0,1.0
"G[1,2]((bmi <= 16.285 & HbA1cImputeDtMnC <= 21.012) | Pt_InsGov >= 10.433)
",9999999.000,9999999.000,0.000,1.000,0.000,0,0,1,1,1,1,1,1,0.0,0.0,1.0,0.0,0.0,1.0
"G[0,1](bmi >= 15.547 | Pt_A1cGoalLev <= 2.791)
",9999999.000,9999999.000,0.000,1.000,0.000,0,0,1,1,1,1,1,1,0.0,0.0,1.0,0.0,0.0,1.0
"G[0,0]((diabDur <= 2.708 & SMBGperDayPtMeterCombo >= 3.862) & Pt_A1cGoalLevelDsYr5 >= 2.804)
",-8.292,-8.292,0.000,1.000,0.000,0,0,0,2,2,0,0,2,0.0,0.0,0.0,0.0,0.0,1.0
"G[1,2](BUN <= 14.242 | TSH <= 1.735)
",9999999.000,9999999.000,0.000,1.000,0.000,0,0,2,0,0,2,2,0,0.0,0.0,1.0,0.0,0.0,1.0
"G[1,2]((bmi <= 16.728 -> HeightCm <= 165.488) | bmiZscore >= 153.087)
",9999999.000,9999999.000,0.000,1.000,0.000,0,0,2,0,0,2,2,0,0.0,0.0,1.0,0.0,0.0,1.0
"G[1,2](BUN >= 3.079 -> Pt_SHFlg = 0.000)
",9999999.000,9999999.000,0.000,1.000,0.000,0,0,2,0,0,2,2,0,0.0,0.0,1.0,0.0,0.0,1.0
"G[1,1](GFR <= 0.000 -> BUN >= 4.846)
",0.000,0.000,0.000,1.000,0.000,0,0,1,1,1,1,1,1,0.0,0.0,1.0,0.0,0.0,1.0
"G[0,2]((BldPrDia >= 45.036 -> TSH >= 0.371) & HbA1cImputeDtMnC >= 0.496)
",9999999.000,9999999.000,0.000,1.000,0.000,0,0,1,1,1,1,1,1,0.0,0.0,1.0,0.0,0.0,1.0
"G[1,2](SMBGperDayPtMeterCombo >= 3.242 & BGTestAvgNumPtRep >= 0.000)
",9999999.000,9999999.000,0.000,1.000,0.000,0,0,1,1,1,1,1,1,0.0,0.0,1.0,0.0,0.0,1.0
"G[1,2]((WeightKg >= 34.447 | bmi >= 15.835) -> UnitsInsBasalOrLongAct <= 21.283)
",9999999.000,9999999.000,0.000,1.000,0.000,0,0,1,1,1,1,1,1,0.0,0.0,1.0,0.0,0.0,1.0
"G[1,2](SMBGperDayPtMeterCombo >= 1.067 & BGTestAvgNumPtRep >= 0.000)
",9999999.000,9999999.000,0.000,1.000,0.000,0,0,2,0,0,2,2,0,0.0,0.0,1.0,0.0,0.0,1.0
"G[0,1](GFR <= 0.000 -> BUN >= 4.198)
",9999999.000,9999999.000,0.000,1.000,0.000,0,0,1,1,1,1,1,1,0.0,0.0,1.0,0.0,0.0,1.0
"G[1,2]((WeightKg >= 34.322 | bmi >= 15.469) -> UnitsInsBasalOrLongAct <= 22.351)
",9999999.000,9999999.000,0.000,1.000,0.000,0,0,1,1,1,1,1,1,0.0,0.0,1.0,0.0,0.0,1.0
"G[1,2](SMBGperDayPtMeterCombo >= 1.929 & BGTestAvgNumPtRep >= 0.000)
",9999999.000,9999999.000,0.000,1.000,0.000,0,0,2,0,0,2,2,0,0.0,0.0,1.0,0.0,0.0,1.0
"G[1,2](GFR <= 0.000 -> BUN >= 5.488)
",9999999.000,9999999.000,0.000,1.000,0.000,0,0,1,1,1,1,1,1,0.0,0.0,1.0,0.0,0.0,1.0
"G[1,2]((WeightKg >= 37.715 | bmi >= 15.362) -> UnitsInsBasalOrLongAct <= 24.958)
",9999999.000,9999999.000,0.000,1.000,0.000,0,0,1,1,1,1,1,1,0.0,0.0,1.0,0.0,0.0,1.0
"G[0,1](SMBGperDayPtMeterCombo >= 3.729 & BGTestAvgNumPtRep >= 0.000)
",9999999.000,9999999.000,0.000,1.000,0.000,0,0,0,2,2,0,0,2,0.0,0.0,0.0,0.0,0.0,1.0
"G[0,1](GFR <= 0.000 -> BUN >= 8.946)
",9999999.000,9999999.000,0.000,1.000,0.000,0,0,1,1,1,1,1,1,0.0,0.0,1.0,0.0,0.0,1.0
"G[0,2]((WeightKg >= 35.330 | bmi >= 15.354) -> UnitsInsBasalOrLongAct <= 24.839)
",9999999.000,9999999.000,0.000,1.000,0.000,0,0,1,1,1,1,1,1,0.0,0.0,1.0,0.0,0.0,1.0
"G[0,2](SMBGperDayPtMeterCombo >= 2.370 & BGTestAvgNumPtRep >= 0.000)
",9999999.000,9999999.000,0.000,1.000,0.000,0,0,1,1,1,1,1,1,0.0,0.0,1.0,0.0,0.0,1.0
"G[0,2](GFR <= 0.000 -> BUN >= 2.850)
",9999999.000,9999999.000,0.000,1.000,0.000,0,0,1,1,1,1,1,1,0.0,0.0,1.0,0.0,0.0,1.0
"G[0,1]((WeightKg >= 37.430 | bmi >= 15.461) -> UnitsInsBasalOrLongAct <= 25.320)
",9999999.000,9999999.000,0.000,1.000,0.000,0,0,1,1,1,1,1,1,0.0,0.0,1.0,0.0,0.0,1.0
"G[0,2](GFR <= 0.000 -> BUN >= 3.552)
",9999999.000,9999999.000,0.000,1.000,0.000,0,0,1,1,1,1,1,1,0.0,0.0,1.0,0.0,0.0,1.0
"G[1,2]((WeightKg >= 40.294 | bmi >= 15.868) -> UnitsInsBasalOrLongAct <= 23.649)
",9999999.000,9999999.000,0.000,1.000,0.000,0,0,1,1,1,1,1,1,0.0,0.0,1.0,0.0,0.0,1.0
"G[1,2](GFR <= 0.000 -> BUN >= 4.695)
",9999999.000,9999999.000,0.000,1.000,0.000,0,0,1,1,1,1,1,1,0.0,0.0,1.0,0.0,0.0,1.0
"G[2,2]((WeightKg >= 39.412 | bmi >= 16.003) -> UnitsInsBasalOrLongAct <= 25.517)
",-25.517,-25.517,0.000,1.000,0.000,0,0,2,0,0,2,2,0,0.0,0.0,1.0,0.0,0.0,1.0
"G[2,2](SMBGperDayPtMeterCombo >= 1.143 & BGTestAvgNumPtRep >= 0.000)
",-1.143,-1.143,0.000,1.000,0.000,0,0,2,0,0,2,2,0,0.0,0.0,1.0,0.0,0.0,1.0
"G[1,2](GFR <= 0.000 -> BUN >= 1.644)
",9999999.000,9999999.000,0.000,1.000,0.000,0,0,1,1,1,1,1,1,0.0,0.0,1.0,0.0,0.0,1.0
"G[0,2]((WeightKg >= 37.511 | bmi >= 15.425) -> UnitsInsBasalOrLongAct <= 24.303)
",9999999.000,9999999.000,0.000,1.000,0.000,0,0,1,1,1,1,1,1,0.0,0.0,1.0,0.0,0.0,1.0
"G[0,1](SMBGperDayPtMeterCombo >= 3.711 & BGTestAvgNumPtRep >= 0.000)
",9999999.000,9999999.000,0.000,1.000,0.000,0,0,0,2,2,0,0,2,0.0,0.0,0.0,0.0,0.0,1.0
"G[2,2](GFR <= 0.000 -> BUN >= 8.271)
",0.000,0.000,0.000,1.000,0.000,0,0,2,0,0,2,2,0,0.0,0.0,1.0,0.0,0.0,1.0
"G[0,2]((WeightKg >= 35.996 | bmi >= 15.473) -> UnitsInsBasalOrLongAct <= 21.625)
",9999999.000,9999999.000,0.000,1.000,0.000,0,0,0,2,2,0,0,2,0.0,0.0,0.0,0.0,0.0,1.0
"G[0,2](bmiPerc >= 0.153 & Pt_InsGov <= 0.717)
",9999999.000,9999999.000,0.000,1.000,0.000,0,0,1,1,1,1,1,1,0.0,0.0,1.0,0.0,0.0,1.0
"G[2,2](((BldPrDia >= 45.893 | TotChol >= 27.607) & AlbCreatRat_mggNew <= 58.066) & TotChol <= 56.465)
",-27.607,-27.607,0.000,1.000,0.000,0,0,2,0,0,2,2,0,0.0,0.0,1.0,0.0,0.0,1.0
"G[1,2](((BldPrSys <= 126.526 & HbA1cImputeDtMnC >= 8.023) & bmi >= 5.404) -> TotalDailyInsPerKg <= 16.969)
",9999999.000,9999999.000,0.000,1.000,0.000,0,0,2,0,0,2,2,0,0.0,0.0,1.0,0.0,0.0,1.0
"G[0,2](((BldPrDia <= 54.707 & SMBGperDayPtMeterCombo >= 1.584) | bmiZscore >= 3.048) -> BGTestAvgNumMeter <= 4.008)
",9999999.000,9999999.000,0.000,1.000,0.000,0,0,1,1,1,1,1,1,0.0,0.0,1.0,0.0,0.0,1.0
"G[0,2]((BldPrSys <= 128.852 -> bmi >= 16.072) & Triglyc >= 16.104)
",9999999.000,9999999.000,0.000,1.000,0.000,0,0,1,1,1,1,1,1,0.0,0.0,1.0,0.0,0.0,1.0
"G[0,1]((BldPrSys >= 116.910 | SMBGperDayPtMeterCombo >= 1.177) & Pt_A1cGoalLev <= 6.585)
",9999999.000,9999999.000,0.000,1.000,0.000,0,0,0,2,2,0,0,2,0.0,0.0,0.0,0.0,0.0,1.0
"G[0,2](BUN <= 9.906 | WeightKg <= 42.379)
",9999999.000,9999999.000,0.000,1.000,0.000,0,0,1,1,1,1,1,1,0.0,0.0,1.0,0.0,0.0,1.0
"G[1,2](diagAgeCombo <= 6.482 & HbA1c >= 8.264)
",9999999.000,9999999.000,0.000,1.000,0.000,0,0,2,0,0,2,2,0,0.0,0.0,1.0,0.0,0.0,1.0
"G[0,1](bmiPerc >= 0.197 & LDL >= 15.489)
",9999999.000,9999999.000,0.000,1.000,0.000,0,0,1,1,1,1,1,1,0.0,0.0,1.0,0.0,0.0,1.0
"G[1,2](((BUN <= 15.226 -> HeightCm <= 159.940) | LDL >= 155.400) & Pt_ChildT1D <= 164.709)
",9999999.000,9999999.000,0.000,1.000,0.000,0,0,2,0,0,2,2,0,0.0,0.0,1.0,0.0,0.0,1.0
"G[2,2](((HeightCm >= 156.348 | TSH >= 0.136) -> Pt_InsGov >= 0.583) -> Pt_ChildT1D >= 0.351)
",-0.136,-0.136,0.000,1.000,0.000,0,0,2,0,0,2,2,0,0.0,0.0,1.0,0.0,0.0,1.0
"G[1,2](((bmiZscore <= -0.704 | HbA1c <= 8.277) -> diabDur <= 8.273) | Pt_MotherT1D >= 8.240)
",9999999.000,9999999.000,0.000,1.000,0.000,0,0,2,0,0,2,2,0,0.0,0.0,1.0,0.0,0.0,1.0
"G[1,2]((HbA1cImputeDtMnC <= 20.854 | TSH >= 1.035) -> age <= 1.265)
",9999999.000,9999999.000,0.000,1.000,0.000,0,0,1,1,1,1,1,1,0.0,0.0,1.0,0.0,0.0,1.0
"G[0,1](((BldPrDia >= 47.909 | Pt_InsGov <= 0.402) | AlbCreatRat_mggNew >= 0.073) -> AlbCreatRat_mggNew >= 0.182)
",9999999.000,9999999.000,0.000,1.000,0.000,0,0,0,2,2,0,0,2,0.0,0.0,0.0,0.0,0.0,1.0
"G[1,2]((BldPrSys >= 111.652 -> diabDur >= 1.081) -> Pt_MotherT1D >= 1.026)
",9999999.000,9999999.000,0.000,1.000,0.000,0,0,1,1,1,1,1,1,0.0,0.0,1.0,0.0,0.0,1.0
"G[1,2](Pt_CGMUseNumDays >= 0.000 | Pt_CGMUseNumDays >= 0.000)
",9999999.000,9999999.000,0.000,1.000,0.000,0,0,2,0,0,2,2,0,0.0,0.0,1.0,0.0,0.0,1.0
"G[2,2]((TotalDailyInsPerKg <= 0.578 -> Pt_ChildT1D >= 0.000) | TSH <= 0.000)
",0.000,0.000,0.000,1.000,0.000,0,0,2,0,0,2,2,0,0.0,0.0,1.0,0.0,0.0,1.0
"G[0,2](BldPrDia <= 51.161 -> HeightCm <= 160.870)
",9999999.000,9999999.000,0.000,1.000,0.000,0,0,1,1,1,1,1,1,0.0,0.0,1.0,0.0,0.0,1.0
"G[1,2](((TSH >= 0.092 & Pt_DKAFlg <= 0.000) & BldPrDia >= 0.000) & Pt_FatherT1D <= 0.000)
",9999999.000,9999999.000,0.000,1.000,0.000,0,0,1,1,1,1,1,1,0.0,0.0,1.0,0.0,0.0,1.0
"G[1,1](GFR <= 0.000 -> BUN >= 6.379)
",0.000,0.000,0.000,1.000,0.000,0,0,1,1,1,1,1,1,0.0,0.0,1.0,0.0,0.0,1.0
"G[2,2]((TSH >= 0.109 | TSH >= 0.990) | Pt_A1cGoalLevelDsYr5 <= 1.788)
",1.788,1.788,0.000,1.000,0.000,0,0,2,0,0,2,2,0,0.0,0.0,1.0,0.0,0.0,1.0
"G[1,2]((GFR <= 0.000 | diabDur <= 2.076) -> Pt_SHFlg >= 1.547)
",9999999.000,9999999.000,0.000,1.000,0.000,0,0,1,1,1,1,1,1,0.0,0.0,1.0,0.0,0.0,1.0
"G[1,2](bmi >= 16.126 | GFR >= 0.000)
",9999999.000,9999999.000,0.000,1.000,0.000,0,0,2,0,0,2,2,0,0.0,0.0,1.0,0.0,0.0,1.0
"G[2,2](((Pt_GrandparentT1D <= 0.000 -> TotalDailyInsPerKg >= 0.336) & TSH <= 0.463) | SMBGperDayPtMeterCombo >= 0.125)
",0.000,0.000,0.000,1.000,0.000,0,0,2,0,0,2,2,0,0.0,0.0,1.0,0.0,0.0,1.0
"G[1,2](WeightKg >= 38.170 & GFR <= 0.000)
",9999999.000,9999999.000,0.000,1.000,0.000,0,0,2,0,0,2,2,0,0.0,0.0,1.0,0.0,0.0,1.0
"G[2,2]((TSH >= 0.273 & Pt_CGMUseNumDays <= 0.000) | WeightKg >= 0.000)
",0.000,0.000,0.000,1.000,0.000,0,0,2,0,0,2,2,0,0.0,0.0,1.0,0.0,0.0,1.0
"G[0,2](((BldPrSys <= 120.949 & HbA1cImputeDtMnC >= 7.373) | Pt_FatherT1D <= 13.463) -> Pt_DKAFlg >= 0.858)
",9999999.000,9999999.000,0.000,1.000,0.000,0,0,0,2,2,0,0,2,0.0,0.0,0.0,0.0,0.0,1.0
"G[0,1](((BldPrDia >= 49.917 & bmiPerc <= 0.244) -> Pt_DKAFlg <= 0.203) -> Triglyc >= 0.171)
",9999999.000,9999999.000,0.000,1.000,0.000,0,0,1,1,1,1,1,1,0.0,0.0,1.0,0.0,0.0,1.0
"G[2,2]((BGTestAvgNumMeter >= 2.774 | BUN <= 13.360) & BUN <= 10.477)
",10.477,10.477,0.000,1.000,0.000,0,0,2,0,0,2,2,0,0.0,0.0,1.0,0.0,0.0,1.0
"G[0,0](((Pt_InsGov <= 0.515 & WeightKg >= 36.401) & UnitsInsBasalOrLongAct >= 36.916) & Pt_SiblingT1D <= 40.850)
",-36.916,-36.916,0.000,1.000,0.000,0,0,0,2,2,0,0,2,0.0,0.0,0.0,0.0,0.0,1.0
"G[0,2](BldPrSys >= 111.538 | TotalDailyInsPerKg >= 0.148)
",9999999.000,9999999.000,0.000,1.000,0.000,0,0,1,1,1,1,1,1,0.0,0.0,1.0,0.0,0.0,1.0
"G[0,0](diabDur >= 1.914 & NumPumpBolusOrShortAct <= 5.120)
",4.120,4.120,0.000,1.000,0.000,0,0,0,2,2,0,0,2,0.0,0.0,0.0,0.0,0.0,1.0
"G[1,2]((age >= 11.418 -> Triglyc <= 60.544) | Pt_InsGov >= 2.297)
",9999999.000,9999999.000,0.000,1.000,0.000,0,0,2,0,0,2,2,0,0.0,0.0,1.0,0.0,0.0,1.0
"G[0,2](((bmi >= 15.922 & bmiZscore <= -0.720) -> BGTestAvgNumPtRep <= -0.760) -> Pt_A1cGoalLevelDsYr5 >= -0.914)
",9999999.000,9999999.000,0.000,1.000,0.000,0,0,2,0,0,2,2,0,0.0,0.0,1.0,0.0,0.0,1.0
"G[1,2](((BUN >= 5.160 | UnitsInsBasalOrLongAct <= 25.579) | Pt_A1cGoalLev <= 24.499) | Pt_FatherT1D <= 22.140)
",9999999.000,9999999.000,0.000,1.000,0.000,0,0,2,0,0,2,2,0,0.0,0.0,1.0,0.0,0.0,1.0
"G[0,2](NumPumpBolusOrShortAct <= 5.266 | WeightKg <= 45.766)
",9999999.000,9999999.000,0.000,1.000,0.000,0,0,1,1,1,1,1,1,0.0,0.0,1.0,0.0,0.0,1.0
"G[0,1](((bmiZscore <= -0.834 -> BUN >= 7.429) & BldPrSys >= 4.763) -> Triglyc >= 5.620)
",9999999.000,9999999.000,0.000,1.000,0.000,0,0,1,1,1,1,1,1,0.0,0.0,1.0,0.0,0.0,1.0
"G[1,2](HbA1cImputeDtMnC <= 13.420 & LDL >= 15.787)
",9999999.000,9999999.000,0.000,1.000,0.000,0,0,1,1,1,1,1,1,0.0,0.0,1.0,0.0,0.0,1.0
"G[0,2]((HbA1cImputeDtMnC >= 1.299 -> TotalDailyInsPerKg <= 0.419) -> NumPumpBolusOrShortAct <= 0.946)
",9999999.000,9999999.000,0.000,1.000,0.000,0,0,2,0,0,2,2,0,0.0,0.0,1.0,0.0,0.0,1.0
"G[0,0]((HbA1cImputeDtMnC <= 19.203 & TotChol >= 23.398) & Pt_GrandchildT1D >= 27.317)
",-27.317,-27.317,0.000,1.000,0.000,0,0,0,2,2,0,0,2,0.0,0.0,0.0,0.0,0.0,1.0
"G[1,2]((bmiZscore >= -0.894 | SMBGperDayPtMeterCombo >= 2.583) | Pt_FatherT1D >= 1.035)
",9999999.000,9999999.000,0.000,1.000,0.000,0,0,2,0,0,2,2,0,0.0,0.0,1.0,0.0,0.0,1.0
"G[0,1](BGTestAvgNumMeter <= 5.940 | UnitsInsBasalOrLongAct >= 13.261)
",9999999.000,9999999.000,0.000,1.000,0.000,0,0,1,1,1,1,1,1,0.0,0.0,1.0,0.0,0.0,1.0
"G[0,2](HbA1c <= 8.363 | TSH >= 0.696)
",9999999.000,9999999.000,0.000,1.000,0.000,0,0,1,1,1,1,1,1,0.0,0.0,1.0,0.0,0.0,1.0
"G[1,2](((BGTestAvgNumMeter >= 3.228 & bmiPerc >= 0.149) | Pt_CGMUseNumDays <= 0.242) | TotalDailyInsPerKg <= 0.226)
",9999999.000,9999999.000,0.000,1.000,0.000,0,0,2,0,0,2,2,0,0.0,0.0,1.0,0.0,0.0,1.0
"G[0,1]((BldPrSys <= 128.464 | bmiZscore <= -0.760) & bmi <= -0.755)
",9999999.000,9999999.000,0.000,1.000,0.000,0,0,0,2,2,0,0,2,0.0,0.0,0.0,0.0,0.0,1.0
"G[0,1](((BGTestAvgNumMeter <= 6.322 & TotChol <= 51.917) & Pt_GrandchildT1D >= 31.882) & age <= 75.420)
",9999999.000,9999999.000,0.000,1.000,0.000,0,0,0,2,2,0,0,2,0.0,0.0,0.0,0.0,0.0,1.0
"G[1,2](((bmiZscore <= -0.835 | HbA1cImputeDtMnC <= 17.661) & TSH <= 18.470) -> Pt_SHFlg >= 2.958)
",9999999.000,9999999.000,0.000,1.000,0.000,0,0,1,1,1,1,1,1,0.0,0.0,1.0,0.0,0.0,1.0
"G[1,2]((bmiPerc >= 0.173 | TSH <= 1.275) & UnitsInsBasalOrLongAct <= 1.318)
",9999999.000,9999999.000,0.000,1.000,0.000,0,0,1,1,1,1,1,1,0.0,0.0,1.0,0.0,0.0,1.0
"G[2,2](bmiPerc >= 0.159 -> WeightKg >= 34.929)
",0.159,0.159,0.000,1.000,0.000,0,0,2,0,0,2,2,0,0.0,0.0,1.0,0.0,0.0,1.0
"G[1,2]((bmiZscore >= -0.899 & HeightCm >= 150.414) -> TotChol <= 158.535)
",9999999.000,9999999.000,0.000,1.000,0.000,0,0,2,0,0,2,2,0,0.0,0.0,1.0,0.0,0.0,1.0
"G[1,2](TSH >= 0.773 -> UnitsInsBasalOrLongAct <= 23.575)
",9999999.000,9999999.000,0.000,1.000,0.000,0,0,2,0,0,2,2,0,0.0,0.0,1.0,0.0,0.0,1.0
"G[1,2](((BUN >= 7.120 -> HbA1c <= 8.302) -> HDL <= 8.285) -> UnitsInsBasalOrLongAct <= 8.365)
",9999999.000,9999999.000,0.000,1.000,0.000,0,0,1,1,1,1,1,1,0.0,0.0,1.0,0.0,0.0,1.0
"G[1,1](LDL >= 2.454 & TSH <= 1.747)
",-2.454,-2.454,0.000,1.000,0.000,0,0,1,1,1,1,1,1,0.0,0.0,1.0,0.0,0.0,1.0
"G[0,2](((NumPumpBolusOrShortAct <= 4.581 & TSH <= 1.686) | Pt_GrandchildT1D <= 1.341) | Pt_A1cGoalLevelDsYr5 >= 0.817)
",9999999.000,9999999.000,0.000,1.000,0.000,0,0,2,0,0,2,2,0,0.0,0.0,1.0,0.0,0.0,1.0
"G[0,2](((Triglyc >= 4.705 & BGTestAvgNumMeter <= 7.007) & Pt_A1cGoalLev >= 3.742) | Pt_ChildT1D <= 4.793)
",9999999.000,9999999.000,0.000,1.000,0.000,0,0,2,0,0,2,2,0,0.0,0.0,1.0,0.0,0.0,1.0
