Rule,Discrimination Score,Pos Robustness,Neg Robustness,Percent Class +,Percent Class -,TP,TN,FP,FN,Actual Yes,Actual No,Predicted Yes,Predicted No,TPR/Sens,TNR/Spec,FPR,Precision,Accuracy,MCR
"G[0,0](((bmiPerc <= 0.645 | diagAgeCombo <= 7.028) -> Pt_DKAFlg <= 8.965) | HbA1c >= 0.978)
",-0.978,-0.978,0.000,1.000,0.000,2,0,0,0,2,0,2,0,1.0,0.0,0.0,1.0,1.3333333333333333,-0.33333333333333326
"G[0,0](((Pt_GrandchildT1D >= 0.000 -> BGTestAvgNumPtRep >= 5.768) -> WeightKg >= 5.714) | NumPumpBolusOrShortAct <= 6.115)
",6.115,6.115,0.000,1.000,0.000,2,0,0,0,2,0,2,0,1.0,0.0,0.0,1.0,1.3333333333333333,-0.33333333333333326
"G[0,0]((Pt_SiblingT1D >= 0.000 | AutonomicNeuroCl >= 0.000) | BGTestAvgNumPtRep <= 0.000)
",8.600,8.600,0.000,1.000,0.000,2,0,0,0,2,0,2,0,1.0,0.0,0.0,1.0,1.3333333333333333,-0.33333333333333326
"G[0,0]((BUN >= 1.376 | Pt_InsGov >= 0.000) & Pt_GrandparentT1D <= 0.000)
",0.000,0.000,0.000,1.000,0.000,2,0,0,0,2,0,2,0,1.0,0.0,0.0,1.0,1.3333333333333333,-0.33333333333333326
"G[0,0]((HbA1c >= 8.375 | Pt_GrandparentT1D >= 0.000) -> GFR <= 0.000)
",0.000,0.000,0.000,1.000,0.000,2,0,0,0,2,0,2,0,1.0,0.0,0.0,1.0,1.3333333333333333,-0.33333333333333326
"G[0,0](((Pt_GrandchildT1D <= 0.000 | Pt_InsGov <= 0.000) | Pt_DKAFlg >= 0.000) -> Pt_A1cGoalLev >= 0.000)
",0.000,0.000,0.000,1.000,0.000,2,0,0,0,2,0,2,0,1.0,0.0,0.0,1.0,1.3333333333333333,-0.33333333333333326
"G[0,0](Pt_InsGov <= 0.000 | UnitsInsBasalOrLongAct >= 0.865)
",0.000,0.000,0.000,1.000,0.000,2,0,0,0,2,0,2,0,1.0,0.0,0.0,1.0,1.3333333333333333,-0.33333333333333326
"G[0,0](bmiPerc <= 0.642 -> WeightKg >= 51.071)
",20.495,20.495,0.000,1.000,0.000,2,0,0,0,2,0,2,0,1.0,0.0,0.0,1.0,1.3333333333333333,-0.33333333333333326
"G[0,0](((NumPumpBolusOrShortAct >= 1.567 & HbA1cImputeDtMnC <= 11.726) & diabDur <= 17.468) -> Pt_InsGov <= 16.306)
",-16.306,-16.306,0.000,1.000,0.000,2,0,0,0,2,0,2,0,1.0,0.0,0.0,1.0,1.3333333333333333,-0.33333333333333326
"G[0,0](((Pt_GrandchildT1D >= 0.000 -> bmiPerc >= 0.598) | UnitsInsBasalOrLongAct >= 0.599) & Pt_SHFlg <= 0.637)
",-21.570,-21.570,0.000,1.000,0.000,2,0,0,0,2,0,2,0,1.0,0.0,0.0,1.0,1.3333333333333333,-0.33333333333333326
"G[0,1]((AutonomicNeuroCl <= 0.000 -> DirectLDL >= 0.000) & Pt_SiblingT1D >= 0.000)
",9999999.000,9999999.000,0.000,1.000,0.000,1,0,1,0,1,1,2,0,1.0,0.0,1.0,0.5,0.6666666666666666,0.33333333333333337
"G[0,1]((WeightKg >= 50.948 & GFR <= 0.000) -> BldPrSys >= 0.000)
",9999999.000,9999999.000,0.000,1.000,0.000,1,0,1,0,1,1,2,0,1.0,0.0,1.0,0.5,0.6666666666666666,0.33333333333333337
"G[1,1](bmiZscore >= 0.248 -> SMBGperDayPtMeterCombo >= 2.919)
",0.248,0.248,0.000,1.000,0.000,1,0,1,0,1,1,2,0,1.0,0.0,1.0,0.5,0.6666666666666666,0.33333333333333337
"G[0,0](HbA1cImputeDtMnC <= 12.461 -> HeightCm >= 156.408)
",-9.461,-9.461,0.000,1.000,0.000,1,0,0,1,2,0,1,1,0.5,0.0,0.0,1.0,0.6666666666666666,0.33333333333333337
"G[1,1]((BldPrDia >= 71.270 -> bmi <= 20.872) -> Pt_CGMUseNumDays <= 20.852)
",-20.852,-20.852,0.000,1.000,0.000,1,0,1,0,1,1,2,0,1.0,0.0,1.0,0.5,0.6666666666666666,0.33333333333333337
"G[1,1]((bmi >= 20.681 & UnitsInsBasalOrLongAct >= 6.228) -> Pt_ChildT1D >= 6.413)
",6.413,6.413,0.000,1.000,0.000,1,0,1,0,1,1,2,0,1.0,0.0,1.0,0.5,0.6666666666666666,0.33333333333333337
"G[1,1](((Pt_A1cGoalLev <= 5.002 | WeightKg >= 51.034) & NumPumpBolusOrShortAct >= 50.709) -> Pt_MotherT1D >= 50.911)
",50.709,50.709,0.000,1.000,0.000,1,0,1,0,1,1,2,0,1.0,0.0,1.0,0.5,0.6666666666666666,0.33333333333333337
"G[0,1](((bmiPerc <= 0.642 & diabDur >= 4.372) | Pt_CGMUseNumDays <= 4.958) & BGTestAvgNumPtRep >= 4.343)
",9999999.000,9999999.000,0.000,1.000,0.000,1,0,1,0,1,1,2,0,1.0,0.0,1.0,0.5,0.6666666666666666,0.33333333333333337
"G[0,1](Pt_GrandparentT1D >= 0.000 | HeightCm >= 156.621)
",9999999.000,9999999.000,0.000,1.000,0.000,1,0,1,0,1,1,2,0,1.0,0.0,1.0,0.5,0.6666666666666666,0.33333333333333337
"G[1,1](((HbA1c >= 8.484 & UnitsInsBasalOrLongAct >= 5.228) | TSH <= 18.019) | Triglyc <= 16.431)
",18.019,18.019,0.000,1.000,0.000,1,0,1,0,1,1,2,0,1.0,0.0,1.0,0.5,0.6666666666666666,0.33333333333333337
"G[1,1](((LDL <= 75.293 & DirectLDL >= 0.000) -> UnitsInsBasalOrLongAct <= 0.000) | TotChol >= 0.000)
",0.000,0.000,0.000,1.000,0.000,1,0,1,0,1,1,2,0,1.0,0.0,1.0,0.5,0.6666666666666666,0.33333333333333337
"G[1,1](((diabDur >= 4.052 & HbA1c >= 8.354) -> LDL <= 8.689) -> Pt_A1cGoalLevelDsYr5 <= 8.774)
",-8.774,-8.774,0.000,1.000,0.000,1,0,1,0,1,1,2,0,1.0,0.0,1.0,0.5,0.6666666666666666,0.33333333333333337
"G[0,1](((bmiZscore <= 0.363 | BGTestAvgNumPtRep <= 6.026) -> BldPrDia >= 5.382) | HbA1c <= 6.174)
",9999999.000,9999999.000,0.000,1.000,0.000,1,0,1,0,1,1,2,0,1.0,0.0,1.0,0.5,0.6666666666666666,0.33333333333333337
"G[1,1](((Triglyc >= 16.564 | diabDur >= 4.578) -> HDL <= 4.764) & diagAgeCombo <= 4.886)
",-4.764,-4.764,0.000,1.000,0.000,1,0,1,0,1,1,2,0,1.0,0.0,1.0,0.5,0.6666666666666666,0.33333333333333337
"G[0,1]((Triglyc <= 72.046 & TotChol >= 10.772) -> UnitsInsBasalOrLongAct >= 2.612)
",9999999.000,9999999.000,0.000,1.000,0.000,1,0,1,0,1,1,2,0,1.0,0.0,1.0,0.5,0.6666666666666666,0.33333333333333337
"G[1,1]((BGTestAvgNumPtRep >= 5.587 -> TotalDailyInsPerKg <= 0.722) | bmi >= 0.215)
",-0.215,-0.215,0.000,1.000,0.000,1,0,1,0,1,1,2,0,1.0,0.0,1.0,0.5,0.6666666666666666,0.33333333333333337
"G[0,0]((HbA1c <= 8.654 & TotalDailyInsPerKg >= 0.002) -> LDL >= 0.192)
",-4.998,-4.998,0.000,1.000,0.000,1,0,0,1,2,0,1,1,0.5,0.0,0.0,1.0,0.6666666666666666,0.33333333333333337
"G[1,1](HeightCm >= 156.209 -> DirectLDL <= 0.000)
",0.000,0.000,0.000,1.000,0.000,1,0,1,0,1,1,2,0,1.0,0.0,1.0,0.5,0.6666666666666666,0.33333333333333337
"G[0,1](LDL <= 54.218 | HbA1cImputeDtMnC <= 12.002)
",9999999.000,9999999.000,0.000,1.000,0.000,1,0,1,0,1,1,2,0,1.0,0.0,1.0,0.5,0.6666666666666666,0.33333333333333337
"G[0,1]((HeightCm <= 156.999 | Pt_ChildT1D >= 0.000) & UnitsInsBasalOrLongAct >= 0.000)
",9999999.000,9999999.000,0.000,1.000,0.000,1,0,1,0,1,1,2,0,1.0,0.0,1.0,0.5,0.6666666666666666,0.33333333333333337
"G[0,0](((BldPrDia <= 85.935 -> BGTestAvgNumPtRep >= 5.078) -> Pt_InsGov <= 6.490) -> diagAgeCombo >= 5.800)
",5.800,5.800,0.000,1.000,0.000,1,0,0,1,2,0,1,1,0.5,0.0,0.0,1.0,0.6666666666666666,0.33333333333333337
"G[0,1](((HbA1cImputeDtMnC <= 17.098 -> Pt_DKAFlg >= 0.000) | Pt_DKAFlg >= 0.000) & bmiZscore >= 0.000)
",9999999.000,9999999.000,0.000,1.000,0.000,1,0,1,0,1,1,2,0,1.0,0.0,1.0,0.5,0.6666666666666666,0.33333333333333337
"G[0,1](HbA1cImputeDtMnC >= 7.362 -> LDL <= 80.572)
",9999999.000,9999999.000,0.000,1.000,0.000,1,0,1,0,1,1,2,0,1.0,0.0,1.0,0.5,0.6666666666666666,0.33333333333333337
"G[0,0](Pt_A1cGoalLev <= 4.395 | LDL <= 106.725)
",106.075,106.075,0.000,1.000,0.000,1,0,0,1,2,0,1,1,0.5,0.0,0.0,1.0,0.6666666666666666,0.33333333333333337
"G[0,1]((bmiZscore >= 0.335 | diabDur >= 4.586) | BldPrSys <= 4.739)
",9999999.000,9999999.000,0.000,1.000,0.000,1,0,1,0,1,1,2,0,1.0,0.0,1.0,0.5,0.6666666666666666,0.33333333333333337
"G[0,1]((HbA1c >= 8.562 | BGTestAvgNumMeter <= 3.583) -> Pt_SHFlg <= 3.972)
",9999999.000,9999999.000,0.000,1.000,0.000,1,0,1,0,1,1,2,0,1.0,0.0,1.0,0.5,0.6666666666666666,0.33333333333333337
"G[0,1](((HeightCm <= 156.925 | TotalDailyInsPerKg <= 0.651) -> BGTestAvgNumPtRep <= 0.765) -> BGTestAvgNumMeter >= 0.131)
",9999999.000,9999999.000,0.000,1.000,0.000,1,0,1,0,1,1,2,0,1.0,0.0,1.0,0.5,0.6666666666666666,0.33333333333333337
"G[0,1](((HbA1c >= 8.486 | HbA1c >= 8.333) | Pt_GrandchildT1D <= 8.864) & Pt_A1cGoalLevelDsYr5 <= 8.668)
",9999999.000,9999999.000,0.000,1.000,0.000,1,0,1,0,1,1,2,0,1.0,0.0,1.0,0.5,0.6666666666666666,0.33333333333333337
"G[1,1]((Pt_DKAFlg >= 0.000 & BldPrDia <= 76.149) | AutonomicNeuroCl <= 74.858)
",74.858,74.858,0.000,1.000,0.000,1,0,1,0,1,1,2,0,1.0,0.0,1.0,0.5,0.6666666666666666,0.33333333333333337
"G[0,1](((diabDur >= 4.096 & TSH >= 0.429) -> Triglyc >= 0.187) -> BGTestAvgNumPtRep >= 0.300)
",9999999.000,9999999.000,0.000,1.000,0.000,1,0,1,0,1,1,2,0,1.0,0.0,1.0,0.5,0.6666666666666666,0.33333333333333337
"G[0,0]((BUN <= 8.975 & Pt_A1cGoalLevelDsYr5 >= 0.000) & diabDur >= 0.000)
",0.000,0.000,0.000,1.000,0.000,1,0,0,1,2,0,1,1,0.5,0.0,0.0,1.0,0.6666666666666666,0.33333333333333337
"G[1,1](((bmi <= 21.071 | Pt_A1cGoalLevelDsYr5 <= 0.000) | DirectLDL <= 0.000) -> HDL <= 0.000)
",-21.071,-21.071,0.000,1.000,0.000,1,0,1,0,1,1,2,0,1.0,0.0,1.0,0.5,0.6666666666666666,0.33333333333333337
"G[1,1]((HeightCm <= 157.004 -> BGTestAvgNumPtRep <= 6.034) | TotChol >= 5.817)
",-5.817,-5.817,0.000,1.000,0.000,1,0,1,0,1,1,2,0,1.0,0.0,1.0,0.5,0.6666666666666666,0.33333333333333337
"G[0,1](diabDur <= 4.960 | bmiPerc <= 0.663)
",9999999.000,9999999.000,0.000,1.000,0.000,1,0,1,0,1,1,2,0,1.0,0.0,1.0,0.5,0.6666666666666666,0.33333333333333337
"G[1,1]((HeightCm >= 156.567 & HbA1c <= 8.697) -> GFR <= 8.656)
",-8.656,-8.656,0.000,1.000,0.000,1,0,1,0,1,1,2,0,1.0,0.0,1.0,0.5,0.6666666666666666,0.33333333333333337
"G[1,1](Pt_GrandchildT1D <= 0.000 & Pt_MotherT1D <= 0.723)
",0.000,0.000,0.000,1.000,0.000,1,0,1,0,1,1,2,0,1.0,0.0,1.0,0.5,0.6666666666666666,0.33333333333333337
"G[0,1](AutonomicNeuroCl >= 0.000 | Pt_A1cGoalLevelDsYr5 >= 0.000)
",9999999.000,9999999.000,0.000,1.000,0.000,1,0,1,0,1,1,2,0,1.0,0.0,1.0,0.5,0.6666666666666666,0.33333333333333337
"G[0,1]((age >= 14.180 -> BldPrDia <= 75.001) | Pt_MotherT1D <= 76.427)
",9999999.000,9999999.000,0.000,1.000,0.000,1,0,1,0,1,1,2,0,1.0,0.0,1.0,0.5,0.6666666666666666,0.33333333333333337
"G[0,1](((NumPumpBolusOrShortAct >= 2.242 & UnitsInsBasalOrLongAct <= 16.229) & Pt_InsGov <= 19.503) -> HDL >= 5.951)
",9999999.000,9999999.000,0.000,1.000,0.000,1,0,1,0,1,1,2,0,1.0,0.0,1.0,0.5,0.6666666666666666,0.33333333333333337
"G[0,1](((age >= 14.218 | bmiZscore >= 0.346) | Pt_MotherT1D <= 0.413) & Pt_GrandparentT1D <= 0.426)
",9999999.000,9999999.000,0.000,1.000,0.000,1,0,1,0,1,1,2,0,1.0,0.0,1.0,0.5,0.6666666666666666,0.33333333333333337
"G[1,1](((BUN >= 0.632 & BUN <= 7.722) -> Pt_CGMUseNumDays <= 8.181) & TotChol <= 7.993)
",-8.181,-8.181,0.000,1.000,0.000,1,0,1,0,1,1,2,0,1.0,0.0,1.0,0.5,0.6666666666666666,0.33333333333333337
"G[1,1]((WeightKg >= 50.629 | bmi >= 20.779) -> UnitsInsBasalOrLongAct <= 20.466)
",-20.466,-20.466,0.000,1.000,0.000,1,0,1,0,1,1,2,0,1.0,0.0,1.0,0.5,0.6666666666666666,0.33333333333333337
"G[0,1](Pt_GrandparentT1D <= 0.000 & Pt_SHFlg = 0.000)
",9999999.000,9999999.000,0.000,1.000,0.000,1,0,1,0,1,1,2,0,1.0,0.0,1.0,0.5,0.6666666666666666,0.33333333333333337
"G[0,1]((HDL >= 11.664 & SMBGperDayPtMeterCombo >= 3.047) -> BUN >= 2.132)
",9999999.000,9999999.000,0.000,1.000,0.000,1,0,1,0,1,1,2,0,1.0,0.0,1.0,0.5,0.6666666666666666,0.33333333333333337
"G[0,0](Pt_InsGov <= 0.000 -> diagAgeCombo >= 2.887)
",0.000,0.000,0.000,1.000,0.000,1,0,0,1,2,0,1,1,0.5,0.0,0.0,1.0,0.6666666666666666,0.33333333333333337
"G[0,1](BldPrSys < 116.477 -> Pt_SHFlg = 0.000)
",9999999.000,9999999.000,0.000,1.000,0.000,1,0,1,0,1,1,2,0,1.0,0.0,1.0,0.5,0.6666666666666666,0.33333333333333337
"G[1,1](((DirectLDL <= 0.000 | SMBGperDayPtMeterCombo >= 3.307) | AlbCreatRat_mggNew >= 2.330) | Pt_CGMUseNumDays >= 2.035)
",0.000,0.000,0.000,1.000,0.000,1,0,1,0,1,1,2,0,1.0,0.0,1.0,0.5,0.6666666666666666,0.33333333333333337
"G[0,0]((WeightKg >= 50.508 | bmi >= 20.735) -> UnitsInsBasalOrLongAct <= 17.148)
",-17.148,-17.148,0.000,1.000,0.000,1,0,0,1,2,0,1,1,0.5,0.0,0.0,1.0,0.6666666666666666,0.33333333333333337
"G[0,1]((diagAgeCombo <= 6.261 | Pt_GrandchildT1D >= 0.000) -> LDL >= 0.000)
",9999999.000,9999999.000,0.000,1.000,0.000,1,0,1,0,1,1,2,0,1.0,0.0,1.0,0.5,0.6666666666666666,0.33333333333333337
"G[0,0](GFR <= 0.000 -> BUN >= 0.366)
",0.366,0.366,0.000,1.000,0.000,1,0,0,1,2,0,1,1,0.5,0.0,0.0,1.0,0.6666666666666666,0.33333333333333337
"G[0,0](SMBGperDayPtMeterCombo >= 2.166 & BGTestAvgNumPtRep >= 5.531)
",-3.531,-3.531,0.000,1.000,0.000,1,0,0,1,2,0,1,1,0.5,0.0,0.0,1.0,0.6666666666666666,0.33333333333333337
"G[0,1](Pt_DKAFlg >= 0.000 & Pt_SHFlg = 0.000)
",9999999.000,9999999.000,0.000,1.000,0.000,1,0,1,0,1,1,2,0,1.0,0.0,1.0,0.5,0.6666666666666666,0.33333333333333337
"G[1,1](HbA1cImputeDtMnC <= 19.881 | BGTestAvgNumMeter <= 3.851)
",19.881,19.881,0.000,1.000,0.000,1,0,1,0,1,1,2,0,1.0,0.0,1.0,0.5,0.6666666666666666,0.33333333333333337
"G[1,1]((WeightKg >= 50.599 | bmi >= 20.818) -> UnitsInsBasalOrLongAct <= 17.571)
",-17.571,-17.571,0.000,1.000,0.000,1,0,1,0,1,1,2,0,1.0,0.0,1.0,0.5,0.6666666666666666,0.33333333333333337
"G[1,1]((NumPumpBolusOrShortAct <= 2.396 & HDL <= 78.877) -> AlbCreatRat_mggNew <= 60.403)
",-60.403,-60.403,0.000,1.000,0.000,1,0,1,0,1,1,2,0,1.0,0.0,1.0,0.5,0.6666666666666666,0.33333333333333337
"G[0,1](Pt_CGMUseNumDays >= 0.000 | Pt_InsGov >= 0.000)
",9999999.000,9999999.000,0.000,1.000,0.000,1,0,1,0,1,1,2,0,1.0,0.0,1.0,0.5,0.6666666666666666,0.33333333333333337
"G[1,1](Pt_A1cGoalLevelDsYr5 >= 0.000 -> bmi <= 21.107)
",-21.107,-21.107,0.000,1.000,0.000,1,0,1,0,1,1,2,0,1.0,0.0,1.0,0.5,0.6666666666666666,0.33333333333333337
"G[1,1](age >= 14.107 & Pt_MotherT1D <= 0.830)
",-14.107,-14.107,0.000,1.000,0.000,1,0,1,0,1,1,2,0,1.0,0.0,1.0,0.5,0.6666666666666666,0.33333333333333337
"G[1,2](TSH >= 0.052 & Pt_A1cGoalLevelDsYr5 >= 0.000)
",9999999.000,9999999.000,0.000,1.000,0.000,0,0,1,1,1,1,1,1,0.0,0.0,1.0,0.0,0.0,1.0
"G[0,2](((UnitsInsBasalOrLongAct >= 12.517 & age >= 14.185) | bmi <= 14.799) -> Pt_SiblingT1D >= 14.613)
",9999999.000,9999999.000,0.000,1.000,0.000,0,0,1,1,1,1,1,1,0.0,0.0,1.0,0.0,0.0,1.0
"G[0,2]((Pt_SiblingT1D <= 0.000 & Pt_ChildT1D >= 0.000) -> HbA1cImputeDtMnC >= 0.000)
",9999999.000,9999999.000,0.000,1.000,0.000,0,0,2,0,0,2,2,0,0.0,0.0,1.0,0.0,0.0,1.0
"G[0,2](((WeightKg <= 51.557 & BUN >= 2.942) | BUN >= 0.625) | BldPrSys >= 1.787)
",9999999.000,9999999.000,0.000,1.000,0.000,0,0,2,0,0,2,2,0,0.0,0.0,1.0,0.0,0.0,1.0
"G[1,2](((WeightKg <= 51.996 & HbA1cImputeDtMnC >= 8.630) & UnitsInsBasalOrLongAct >= 9.677) | AutonomicNeuroCl <= 13.003)
",9999999.000,9999999.000,0.000,1.000,0.000,0,0,2,0,0,2,2,0,0.0,0.0,1.0,0.0,0.0,1.0
"G[0,2](((Pt_DKAFlg >= 0.000 -> bmiZscore <= 0.422) | Pt_MotherT1D >= 0.254) -> DirectLDL <= 0.410)
",9999999.000,9999999.000,0.000,1.000,0.000,0,0,2,0,0,2,2,0,0.0,0.0,1.0,0.0,0.0,1.0
"G[0,1]((bmiPerc >= 0.604 | AlbCreatRat_mggNew >= 11.722) & bmiPerc <= 19.947)
",9999999.000,9999999.000,0.000,1.000,0.000,0,0,1,1,1,1,1,1,0.0,0.0,1.0,0.0,0.0,1.0
"G[2,2]((BGTestAvgNumPtRep >= 5.164 -> HeightCm >= 156.550) & UnitsInsBasalOrLongAct >= 156.632)
",-156.632,-156.632,0.000,1.000,0.000,0,0,2,0,0,2,2,0,0.0,0.0,1.0,0.0,0.0,1.0
"G[0,1]((age >= 14.031 & age <= 14.788) | HeightCm <= 14.879)
",9999999.000,9999999.000,0.000,1.000,0.000,0,0,0,2,2,0,0,2,0.0,0.0,0.0,0.0,0.0,1.0
"G[0,2](AutonomicNeuroCl >= 0.000 & age <= 14.883)
",9999999.000,9999999.000,0.000,1.000,0.000,0,0,0,2,2,0,0,2,0.0,0.0,0.0,0.0,0.0,1.0
"G[1,2]((Pt_ChildT1D >= 0.000 -> UnitsInsBasalOrLongAct <= 15.227) & Pt_MotherT1D <= 14.184)
",9999999.000,9999999.000,0.000,1.000,0.000,0,0,2,0,0,2,2,0,0.0,0.0,1.0,0.0,0.0,1.0
"G[0,2](((AlbCreatRat_mggNew >= 3.255 -> TSH >= 0.410) | BGTestAvgNumMeter >= 0.141) & TSH <= 1.439)
",9999999.000,9999999.000,0.000,1.000,0.000,0,0,1,1,1,1,1,1,0.0,0.0,1.0,0.0,0.0,1.0
"G[0,2]((BGTestAvgNumPtRep <= 6.985 -> bmi >= 20.799) & TSH <= 21.095)
",9999999.000,9999999.000,0.000,1.000,0.000,0,0,1,1,1,1,1,1,0.0,0.0,1.0,0.0,0.0,1.0
"G[0,2](((Triglyc >= 3.823 | HbA1cImputeDtMnC >= 6.895) -> TotChol <= 21.899) & Pt_FatherT1D <= 11.070)
",9999999.000,9999999.000,0.000,1.000,0.000,0,0,1,1,1,1,1,1,0.0,0.0,1.0,0.0,0.0,1.0
"G[0,2](bmi <= 20.855 & Pt_ChildT1D >= 0.000)
",9999999.000,9999999.000,0.000,1.000,0.000,0,0,1,1,1,1,1,1,0.0,0.0,1.0,0.0,0.0,1.0
"G[0,2](((Pt_CGMUseNumDays >= 0.000 & Pt_InsGov <= 0.000) -> Pt_GrandparentT1D >= 0.000) | Pt_SiblingT1D >= 0.000)
",9999999.000,9999999.000,0.000,1.000,0.000,0,0,2,0,0,2,2,0,0.0,0.0,1.0,0.0,0.0,1.0
"G[1,2](((Pt_A1cGoalLevelDsYr5 >= 0.000 | Pt_SHFlg >= 0.000) | diabDur >= 0.000) -> Pt_ChildT1D <= 0.000)
",9999999.000,9999999.000,0.000,1.000,0.000,0,0,2,0,0,2,2,0,0.0,0.0,1.0,0.0,0.0,1.0
"G[2,2](BGTestAvgNumPtRep >= 5.363 | LDL >= 23.901)
",-5.363,-5.363,0.000,1.000,0.000,0,0,2,0,0,2,2,0,0.0,0.0,1.0,0.0,0.0,1.0
"G[2,2](bmi <= 21.029 -> DirectLDL <= 0.000)
",-21.029,-21.029,0.000,1.000,0.000,0,0,2,0,0,2,2,0,0.0,0.0,1.0,0.0,0.0,1.0
"G[1,2]((Pt_GrandchildT1D >= 0.000 | TotChol >= 59.429) | DirectLDL >= 16.048)
",9999999.000,9999999.000,0.000,1.000,0.000,0,0,2,0,0,2,2,0,0.0,0.0,1.0,0.0,0.0,1.0
"G[0,2](age <= 14.939 -> HbA1cImputeDtMnC <= 14.957)
",9999999.000,9999999.000,0.000,1.000,0.000,0,0,2,0,0,2,2,0,0.0,0.0,1.0,0.0,0.0,1.0
"G[1,2](Pt_CGMUseNumDays <= 0.000 & LDL >= 32.213)
",9999999.000,9999999.000,0.000,1.000,0.000,0,0,1,1,1,1,1,1,0.0,0.0,1.0,0.0,0.0,1.0
"G[0,0]((NumPumpBolusOrShortAct >= 2.081 & HbA1c >= 8.349) & age <= 8.638)
",-8.349,-8.349,0.000,1.000,0.000,0,0,0,2,2,0,0,2,0.0,0.0,0.0,0.0,0.0,1.0
"G[1,2](((BldPrDia >= 72.347 & GFR <= 0.000) & Pt_CGMUseNumDays >= 0.000) -> HDL >= 0.000)
",9999999.000,9999999.000,0.000,1.000,0.000,0,0,2,0,0,2,2,0,0.0,0.0,1.0,0.0,0.0,1.0
"G[1,2](((AlbCreatRat_mggNew <= 15.381 & HbA1c >= 8.330) & BldPrDia >= 8.369) & Pt_A1cGoalLevelDsYr5 >= 8.571)
",9999999.000,9999999.000,0.000,1.000,0.000,0,0,1,1,1,1,1,1,0.0,0.0,1.0,0.0,0.0,1.0
"G[1,2]((Pt_CGMUseNumDays >= 0.000 | Pt_A1cGoalLev <= 3.969) | Pt_DKAFlg >= 1.398)
",9999999.000,9999999.000,0.000,1.000,0.000,0,0,2,0,0,2,2,0,0.0,0.0,1.0,0.0,0.0,1.0
"G[1,2](Pt_InsGov <= 0.000 | TSH >= 0.102)
",9999999.000,9999999.000,0.000,1.000,0.000,0,0,2,0,0,2,2,0,0.0,0.0,1.0,0.0,0.0,1.0
"G[2,2](age <= 14.791 -> Pt_DKAFlg <= 0.000)
",-14.791,-14.791,0.000,1.000,0.000,0,0,2,0,0,2,2,0,0.0,0.0,1.0,0.0,0.0,1.0
"G[2,2]((DirectLDL >= 0.000 & SMBGperDayPtMeterCombo >= 2.567) & Pt_GrandparentT1D >= 2.661)
",-2.661,-2.661,0.000,1.000,0.000,0,0,2,0,0,2,2,0,0.0,0.0,1.0,0.0,0.0,1.0
"G[0,2](((Pt_GrandchildT1D >= 0.000 | BUN <= 8.322) -> TotChol <= 7.830) -> HbA1cImputeDtMnC <= 5.570)
",9999999.000,9999999.000,0.000,1.000,0.000,0,0,0,2,2,0,0,2,0.0,0.0,0.0,0.0,0.0,1.0
"G[0,2]((bmiZscore >= 0.272 | HbA1c >= 8.472) | Pt_SHFlg <= 8.830)
",9999999.000,9999999.000,0.000,1.000,0.000,0,0,2,0,0,2,2,0,0.0,0.0,1.0,0.0,0.0,1.0
"G[1,1]((bmiPerc >= 0.613 | NumPumpBolusOrShortAct <= 3.006) -> Pt_SiblingT1D >= 0.710)
",-3.006,-3.006,0.000,1.000,0.000,0,0,1,1,1,1,1,1,0.0,0.0,1.0,0.0,0.0,1.0
"G[1,2]((UnitsInsBasalOrLongAct >= 5.138 -> Triglyc >= 22.623) -> NumPumpBolusOrShortAct <= 48.008)
",9999999.000,9999999.000,0.000,1.000,0.000,0,0,2,0,0,2,2,0,0.0,0.0,1.0,0.0,0.0,1.0
"G[0,1](((Pt_CGMUseNumDays >= 0.000 -> BGTestAvgNumPtRep >= 5.568) & bmi <= 6.316) | WeightKg <= 6.618)
",9999999.000,9999999.000,0.000,1.000,0.000,0,0,0,2,2,0,0,2,0.0,0.0,0.0,0.0,0.0,1.0
"G[1,2](((bmiPerc <= 0.657 -> NumPumpBolusOrShortAct <= 3.994) | Pt_SiblingT1D >= 1.238) & Pt_SHFlg >= 1.420)
",9999999.000,9999999.000,0.000,1.000,0.000,0,0,1,1,1,1,1,1,0.0,0.0,1.0,0.0,0.0,1.0
"G[0,1]((GFR >= 0.000 & bmiPerc >= 0.612) & Pt_GrandparentT1D <= 0.653)
",9999999.000,9999999.000,0.000,1.000,0.000,0,0,1,1,1,1,1,1,0.0,0.0,1.0,0.0,0.0,1.0
"G[0,2]((diagAgeCombo <= 5.465 | LDL <= 54.839) -> LDL >= 30.585)
",9999999.000,9999999.000,0.000,1.000,0.000,0,0,0,2,2,0,0,2,0.0,0.0,0.0,0.0,0.0,1.0
"G[0,1]((Pt_SHFlg <= 0.000 & HeightCm <= 156.863) | BGTestAvgNumMeter >= 156.310)
",9999999.000,9999999.000,0.000,1.000,0.000,0,0,0,2,2,0,0,2,0.0,0.0,0.0,0.0,0.0,1.0
"G[1,2](GFR >= 0.000 | Pt_GrandchildT1D >= 0.000)
",9999999.000,9999999.000,0.000,1.000,0.000,0,0,2,0,0,2,2,0,0.0,0.0,1.0,0.0,0.0,1.0
"G[1,2]((Pt_CGMUseNumDays >= 0.000 & bmiPerc >= 0.595) | GFR >= 0.605)
",9999999.000,9999999.000,0.000,1.000,0.000,0,0,1,1,1,1,1,1,0.0,0.0,1.0,0.0,0.0,1.0
"G[1,2](((Pt_CGMUseNumDays <= 0.000 | HbA1cImputeDtMnC >= 10.259) | BGTestAvgNumMeter <= 18.706) | LDL <= 12.643)
",9999999.000,9999999.000,0.000,1.000,0.000,0,0,2,0,0,2,2,0,0.0,0.0,1.0,0.0,0.0,1.0
"G[1,2](((DirectLDL >= 0.000 & Pt_FatherT1D >= 0.000) & UnitsInsBasalOrLongAct >= 0.000) -> diabDur <= 0.000)
",9999999.000,9999999.000,0.000,1.000,0.000,0,0,1,1,1,1,1,1,0.0,0.0,1.0,0.0,0.0,1.0
"G[2,2](((BUN >= 0.696 -> Pt_GrandparentT1D >= 0.000) | Pt_A1cGoalLev <= 0.000) & Pt_CGMUseNumDays >= 0.000)
",0.000,0.000,0.000,1.000,0.000,0,0,2,0,0,2,2,0,0.0,0.0,1.0,0.0,0.0,1.0
"G[0,1]((GFR <= 0.000 -> bmiZscore >= 0.321) & AutonomicNeuroCl <= 0.373)
",9999999.000,9999999.000,0.000,1.000,0.000,0,0,1,1,1,1,1,1,0.0,0.0,1.0,0.0,0.0,1.0
"G[0,1](((Pt_A1cGoalLev <= 5.350 -> Pt_MotherT1D >= 0.152) -> HbA1c <= 0.828) -> BldPrDia <= 0.505)
",9999999.000,9999999.000,0.000,1.000,0.000,0,0,0,2,2,0,0,2,0.0,0.0,0.0,0.0,0.0,1.0
"G[0,2]((Pt_MotherT1D <= 0.557 | TotChol <= 158.018) -> TotChol <= 198.982)
",9999999.000,9999999.000,0.000,1.000,0.000,0,0,2,0,0,2,2,0,0.0,0.0,1.0,0.0,0.0,1.0
"G[0,0](((diagAgeCombo <= 3.699 | bmiPerc <= 0.665) | Pt_GrandparentT1D >= 0.632) & diagAgeCombo >= 0.616)
",-0.616,-0.616,0.000,1.000,0.000,0,0,0,2,2,0,0,2,0.0,0.0,0.0,0.0,0.0,1.0
"G[2,2]((GFR <= 0.000 | HbA1cImputeDtMnC <= 18.812) -> Pt_A1cGoalLev >= 7.167)
",-18.812,-18.812,0.000,1.000,0.000,0,0,2,0,0,2,2,0,0.0,0.0,1.0,0.0,0.0,1.0
"G[1,1](((LDL >= 21.888 | HbA1c <= 8.668) -> Pt_MotherT1D <= 8.670) -> BUN >= 8.596)
",8.596,8.596,0.000,1.000,0.000,0,0,1,1,1,1,1,1,0.0,0.0,1.0,0.0,0.0,1.0
"G[1,2]((TSH >= 0.406 | Pt_DKAFlg <= 0.000) & LDL <= 0.000)
",9999999.000,9999999.000,0.000,1.000,0.000,0,0,2,0,0,2,2,0,0.0,0.0,1.0,0.0,0.0,1.0
"G[0,0](((WeightKg <= 52.005 & Pt_SiblingT1D <= 0.000) & BGTestAvgNumPtRep <= 0.000) | WeightKg <= 0.000)
",-2.000,-2.000,0.000,1.000,0.000,0,0,0,2,2,0,0,2,0.0,0.0,0.0,0.0,0.0,1.0
"G[0,1](bmi <= 20.986 & LDL <= 52.871)
",9999999.000,9999999.000,0.000,1.000,0.000,0,0,0,2,2,0,0,2,0.0,0.0,0.0,0.0,0.0,1.0
"G[1,2](((AutonomicNeuroCl >= 0.000 | SMBGperDayPtMeterCombo >= 3.157) & BldPrSys >= 2.122) | bmiZscore >= 2.602)
",9999999.000,9999999.000,0.000,1.000,0.000,0,0,2,0,0,2,2,0,0.0,0.0,1.0,0.0,0.0,1.0
"G[0,1](BGTestAvgNumPtRep <= 6.617 -> Pt_A1cGoalLev >= 0.071)
",9999999.000,9999999.000,0.000,1.000,0.000,0,0,0,2,2,0,0,2,0.0,0.0,0.0,0.0,0.0,1.0
"G[0,1]((BUN <= 7.825 & DirectLDL >= 0.000) & BldPrSys <= 0.000)
",9999999.000,9999999.000,0.000,1.000,0.000,0,0,0,2,2,0,0,2,0.0,0.0,0.0,0.0,0.0,1.0
"G[0,1](HbA1cImputeDtMnC <= 13.402 -> LDL <= 99.124)
",9999999.000,9999999.000,0.000,1.000,0.000,0,0,1,1,1,1,1,1,0.0,0.0,1.0,0.0,0.0,1.0
"G[0,1]((bmiPerc >= 0.619 & NumPumpBolusOrShortAct >= 1.308) | BUN >= 1.223)
",9999999.000,9999999.000,0.000,1.000,0.000,0,0,1,1,1,1,1,1,0.0,0.0,1.0,0.0,0.0,1.0
"G[2,2](Pt_MotherT1D <= 0.350 -> Pt_FatherT1D >= 0.000)
",-0.350,-0.350,0.000,1.000,0.000,0,0,2,0,0,2,2,0,0.0,0.0,1.0,0.0,0.0,1.0
"G[1,2]((diagAgeCombo <= 9.461 & bmiPerc <= 0.644) -> HDL <= 0.657)
",9999999.000,9999999.000,0.000,1.000,0.000,0,0,2,0,0,2,2,0,0.0,0.0,1.0,0.0,0.0,1.0
"G[2,2]((Triglyc <= 41.567 -> AutonomicNeuroCl <= 0.000) -> Pt_FatherT1D <= 0.000)
",0.000,0.000,0.000,1.000,0.000,0,0,2,0,0,2,2,0,0.0,0.0,1.0,0.0,0.0,1.0
"G[0,2](((BGTestAvgNumPtRep <= 6.146 | SMBGperDayPtMeterCombo <= 4.121) & Pt_A1cGoalLev >= 2.309) -> bmiZscore <= 4.684)
",9999999.000,9999999.000,0.000,1.000,0.000,0,0,2,0,0,2,2,0,0.0,0.0,1.0,0.0,0.0,1.0
"G[0,1](((bmiZscore <= 0.357 & Pt_SiblingT1D <= 0.000) | Triglyc <= 0.000) | AlbCreatRat_mggNew <= 0.000)
",9999999.000,9999999.000,0.000,1.000,0.000,0,0,1,1,1,1,1,1,0.0,0.0,1.0,0.0,0.0,1.0
"G[2,2](((bmiPerc >= 0.619 -> diagAgeCombo <= 5.380) & BUN <= 8.203) & AutonomicNeuroCl >= 0.080)
",-5.380,-5.380,0.000,1.000,0.000,0,0,2,0,0,2,2,0,0.0,0.0,1.0,0.0,0.0,1.0
"G[0,1](((Pt_A1cGoalLev >= 0.976 | Triglyc >= 21.830) & Pt_GrandchildT1D <= 25.947) -> HeightCm <= 34.285)
",9999999.000,9999999.000,0.000,1.000,0.000,0,0,1,1,1,1,1,1,0.0,0.0,1.0,0.0,0.0,1.0
"G[1,2](HbA1cImputeDtMnC <= 11.236 | Pt_A1cGoalLev >= 0.988)
",9999999.000,9999999.000,0.000,1.000,0.000,0,0,2,0,0,2,2,0,0.0,0.0,1.0,0.0,0.0,1.0
"G[0,1](GFR <= 0.000 -> Pt_A1cGoalLev <= 5.937)
",9999999.000,9999999.000,0.000,1.000,0.000,0,0,1,1,1,1,1,1,0.0,0.0,1.0,0.0,0.0,1.0
"G[1,2]((NumPumpBolusOrShortAct >= 0.136 & TotChol >= 50.616) -> Pt_SiblingT1D <= 183.990)
",9999999.000,9999999.000,0.000,1.000,0.000,0,0,2,0,0,2,2,0,0.0,0.0,1.0,0.0,0.0,1.0
"G[1,2](((AlbCreatRat_mggNew <= 29.007 & Pt_A1cGoalLev >= 0.887) -> Pt_CGMUseNumDays >= 0.115) -> AlbCreatRat_mggNew >= 1.849)
",9999999.000,9999999.000,0.000,1.000,0.000,0,0,1,1,1,1,1,1,0.0,0.0,1.0,0.0,0.0,1.0
"G[1,2]((BldPrDia <= 76.352 -> HbA1cImputeDtMnC >= 1.040) | BGTestAvgNumPtRep <= 18.799)
",9999999.000,9999999.000,0.000,1.000,0.000,0,0,2,0,0,2,2,0,0.0,0.0,1.0,0.0,0.0,1.0
"G[1,2](TotalDailyInsPerKg >= 0.482 & HbA1cImputeDtMnC >= 10.479)
",9999999.000,9999999.000,0.000,1.000,0.000,0,0,1,1,1,1,1,1,0.0,0.0,1.0,0.0,0.0,1.0
"G[2,2](((bmiZscore >= 0.280 | Pt_FatherT1D >= 0.000) -> Pt_DKAFlg >= 0.000) | Pt_SiblingT1D <= 0.000)
",0.000,0.000,0.000,1.000,0.000,0,0,2,0,0,2,2,0,0.0,0.0,1.0,0.0,0.0,1.0
"G[0,2]((Pt_GrandchildT1D <= 0.000 & Triglyc <= 56.484) -> bmi >= 22.709)
",9999999.000,9999999.000,0.000,1.000,0.000,0,0,0,2,2,0,0,2,0.0,0.0,0.0,0.0,0.0,1.0
"G[0,2](((HbA1c >= 8.423 & HDL <= 62.708) & SMBGperDayPtMeterCombo >= 31.683) & Pt_CGMUseNumDays <= 95.613)
",9999999.000,9999999.000,0.000,1.000,0.000,0,0,0,2,2,0,0,2,0.0,0.0,0.0,0.0,0.0,1.0
"G[2,2]((bmi <= 20.842 | HeightCm >= 156.262) | TotChol >= 156.465)
",20.842,20.842,0.000,1.000,0.000,0,0,2,0,0,2,2,0,0.0,0.0,1.0,0.0,0.0,1.0
"G[1,2](((UnitsInsBasalOrLongAct <= 17.612 | BldPrDia <= 85.712) -> WeightKg >= 72.282) & Pt_GrandchildT1D >= 68.856)
",9999999.000,9999999.000,0.000,1.000,0.000,0,0,1,1,1,1,1,1,0.0,0.0,1.0,0.0,0.0,1.0
"G[0,2]((HeightCm <= 156.972 | Pt_GrandchildT1D >= 0.000) -> Pt_FatherT1D <= 0.000)
",9999999.000,9999999.000,0.000,1.000,0.000,0,0,2,0,0,2,2,0,0.0,0.0,1.0,0.0,0.0,1.0
"G[0,1]((HDL <= 69.923 & HDL >= 19.864) | Pt_GrandchildT1D >= 6.073)
",9999999.000,9999999.000,0.000,1.000,0.000,0,0,0,2,2,0,0,2,0.0,0.0,0.0,0.0,0.0,1.0
"G[0,1](((TSH <= 1.151 | NumPumpBolusOrShortAct >= 1.047) -> AutonomicNeuroCl <= 3.026) -> TSH >= 1.520)
",9999999.000,9999999.000,0.000,1.000,0.000,0,0,0,2,2,0,0,2,0.0,0.0,0.0,0.0,0.0,1.0
"G[2,2]((Pt_ChildT1D <= 0.000 & Pt_DKAFlg <= 0.000) | AlbCreatRat_mggNew <= 0.000)
",0.000,0.000,0.000,1.000,0.000,0,0,2,0,0,2,2,0,0.0,0.0,1.0,0.0,0.0,1.0
"G[1,2]((LDL <= 41.313 -> LDL >= 10.937) | Pt_SiblingT1D >= 33.903)
",9999999.000,9999999.000,0.000,1.000,0.000,0,0,1,1,1,1,1,1,0.0,0.0,1.0,0.0,0.0,1.0
"G[1,2]((Pt_SHFlg >= 0.000 -> Pt_InsGov <= 0.000) & HbA1c <= 0.000)
",9999999.000,9999999.000,0.000,1.000,0.000,0,0,1,1,1,1,1,1,0.0,0.0,1.0,0.0,0.0,1.0
"G[1,2](BldPrDia <= 77.249 -> LDL <= 70.991)
",9999999.000,9999999.000,0.000,1.000,0.000,0,0,2,0,0,2,2,0,0.0,0.0,1.0,0.0,0.0,1.0
"G[1,2](BGTestAvgNumPtRep <= 6.527 | Pt_MotherT1D <= 0.618)
",9999999.000,9999999.000,0.000,1.000,0.000,0,0,2,0,0,2,2,0,0.0,0.0,1.0,0.0,0.0,1.0
"G[2,2]((Pt_SHFlg >= 0.000 | Pt_A1cGoalLevelDsYr5 <= 0.000) | Pt_SHFlg >= 0.000)
",0.000,0.000,0.000,1.000,0.000,0,0,2,0,0,2,2,0,0.0,0.0,1.0,0.0,0.0,1.0
"G[0,1](((TotalDailyInsPerKg <= 0.579 | HbA1cImputeDtMnC >= 0.688) | BldPrDia <= 20.079) -> Triglyc >= 9.214)
",9999999.000,9999999.000,0.000,1.000,0.000,0,0,0,2,2,0,0,2,0.0,0.0,0.0,0.0,0.0,1.0
"G[2,2](SMBGperDayPtMeterCombo >= 2.133 & BGTestAvgNumPtRep >= 5.212)
",-5.212,-5.212,0.000,1.000,0.000,0,0,2,0,0,2,2,0,0.0,0.0,1.0,0.0,0.0,1.0
"G[1,2]((AutonomicNeuroCl <= 0.000 | AlbCreatRat_mggNew >= 11.595) | HDL <= 20.645)
",9999999.000,9999999.000,0.000,1.000,0.000,0,0,2,0,0,2,2,0,0.0,0.0,1.0,0.0,0.0,1.0
"G[0,2]((Pt_GrandchildT1D >= 0.000 & BUN <= 8.327) | Pt_GrandparentT1D >= 2.902)
",9999999.000,9999999.000,0.000,1.000,0.000,0,0,1,1,1,1,1,1,0.0,0.0,1.0,0.0,0.0,1.0
"G[1,2](age >= 14.319 -> Pt_SHFlg = 0.000)
",9999999.000,9999999.000,0.000,1.000,0.000,0,0,2,0,0,2,2,0,0.0,0.0,1.0,0.0,0.0,1.0
"G[0,2](Pt_DKAFlg >= 0.000 & Pt_SHFlg = 0.000)
",9999999.000,9999999.000,0.000,1.000,0.000,0,0,2,0,0,2,2,0,0.0,0.0,1.0,0.0,0.0,1.0
"G[1,2](Triglyc <= 68.587 & Pt_SHFlg = 0.000)
",9999999.000,9999999.000,0.000,1.000,0.000,0,0,2,0,0,2,2,0,0.0,0.0,1.0,0.0,0.0,1.0
"G[2,2](Pt_A1cGoalLev >= 1.101 -> Pt_SHFlg = 0.000)
",0.000,0.000,0.000,1.000,0.000,0,0,2,0,0,2,2,0,0.0,0.0,1.0,0.0,0.0,1.0
"G[0,2](BldPrDia >= 64.159 -> Pt_SHFlg = 0.000)
",9999999.000,9999999.000,0.000,1.000,0.000,0,0,2,0,0,2,2,0,0.0,0.0,1.0,0.0,0.0,1.0
"G[1,2](GFR >= 0.000 -> Pt_SHFlg = 0.000)
",9999999.000,9999999.000,0.000,1.000,0.000,0,0,2,0,0,2,2,0,0.0,0.0,1.0,0.0,0.0,1.0
"G[2,2](BGTestAvgNumMeter >= 2.471 -> Pt_SHFlg = 0.000)
",0.000,0.000,0.000,1.000,0.000,0,0,2,0,0,2,2,0,0.0,0.0,1.0,0.0,0.0,1.0
"G[0,1](Pt_MotherT1D < 0.958 & Pt_SHFlg = 0.000)
",9999999.000,9999999.000,0.000,1.000,0.000,0,0,1,1,1,1,1,1,0.0,0.0,1.0,0.0,0.0,1.0
"G[0,2](AlbCreatRat_mggNew <= 21.877 -> TotChol <= 217.397)
",9999999.000,9999999.000,0.000,1.000,0.000,0,0,2,0,0,2,2,0,0.0,0.0,1.0,0.0,0.0,1.0
"G[0,2](((NumPumpBolusOrShortAct >= 1.416 | TotalDailyInsPerKg >= 0.344) | Pt_FatherT1D >= 0.474) & HDL <= 0.606)
",9999999.000,9999999.000,0.000,1.000,0.000,0,0,1,1,1,1,1,1,0.0,0.0,1.0,0.0,0.0,1.0
"G[1,2]((bmiPerc <= 0.656 | NumPumpBolusOrShortAct <= 3.539) & Pt_GrandchildT1D >= 1.928)
",9999999.000,9999999.000,0.000,1.000,0.000,0,0,1,1,1,1,1,1,0.0,0.0,1.0,0.0,0.0,1.0
"G[0,2](bmiZscore >= 0.346 & NumPumpBolusOrShortAct >= 0.449)
",9999999.000,9999999.000,0.000,1.000,0.000,0,0,1,1,1,1,1,1,0.0,0.0,1.0,0.0,0.0,1.0
"G[0,2](bmiZscore >= 0.250 & TotalDailyInsPerKg >= 0.124)
",9999999.000,9999999.000,0.000,1.000,0.000,0,0,1,1,1,1,1,1,0.0,0.0,1.0,0.0,0.0,1.0
"G[1,2](((BUN <= 8.991 | HeightCm <= 156.866) | bmiPerc <= 156.907) & Pt_FatherT1D >= 156.198)
",9999999.000,9999999.000,0.000,1.000,0.000,0,0,1,1,1,1,1,1,0.0,0.0,1.0,0.0,0.0,1.0
"G[0,1](((HbA1cImputeDtMnC <= 11.138 | WeightKg >= 51.104) & TSH >= 51.016) | TotChol >= 50.879)
",9999999.000,9999999.000,0.000,1.000,0.000,0,0,0,2,2,0,0,2,0.0,0.0,0.0,0.0,0.0,1.0
"G[0,2](BGTestAvgNumPtRep >= 5.356 -> bmiPerc <= 0.657)
",9999999.000,9999999.000,0.000,1.000,0.000,0,0,1,1,1,1,1,1,0.0,0.0,1.0,0.0,0.0,1.0
"G[0,2](((BldPrDia >= 66.460 & TotChol >= 0.246) | TotChol <= 75.001) | HbA1c <= 97.883)
",9999999.000,9999999.000,0.000,1.000,0.000,0,0,2,0,0,2,2,0,0.0,0.0,1.0,0.0,0.0,1.0
"G[0,1](((HbA1c >= 8.351 & NumPumpBolusOrShortAct <= 2.980) & HbA1c <= 2.559) & TSH <= 2.366)
",9999999.000,9999999.000,0.000,1.000,0.000,0,0,0,2,2,0,0,2,0.0,0.0,0.0,0.0,0.0,1.0
"G[0,1](BGTestAvgNumMeter >= 3.029 & BldPrSys >= 108.629)
",9999999.000,9999999.000,0.000,1.000,0.000,0,0,0,2,2,0,0,2,0.0,0.0,0.0,0.0,0.0,1.0
"G[1,2]((BGTestAvgNumMeter >= 3.185 & TSH >= 0.617) & HbA1c <= 1.755)
",9999999.000,9999999.000,0.000,1.000,0.000,0,0,1,1,1,1,1,1,0.0,0.0,1.0,0.0,0.0,1.0
"G[1,2](((HDL <= 86.049 | SMBGperDayPtMeterCombo >= 2.720) | Pt_DKAFlg <= 4.033) -> Pt_InsGov >= 2.170)
",9999999.000,9999999.000,0.000,1.000,0.000,0,0,1,1,1,1,1,1,0.0,0.0,1.0,0.0,0.0,1.0
"G[1,2]((bmi >= 20.679 & WeightKg <= 51.758) -> SMBGperDayPtMeterCombo >= 50.685)
",9999999.000,9999999.000,0.000,1.000,0.000,0,0,2,0,0,2,2,0,0.0,0.0,1.0,0.0,0.0,1.0
"G[0,1]((BGTestAvgNumPtRep <= 6.231 -> HeightCm <= 156.779) & Pt_InsGov <= 156.887)
",9999999.000,9999999.000,0.000,1.000,0.000,0,0,0,2,2,0,0,2,0.0,0.0,0.0,0.0,0.0,1.0
"G[0,2]((HbA1c >= 8.488 & HeightCm >= 156.578) | diabDur >= 156.729)
",9999999.000,9999999.000,0.000,1.000,0.000,0,0,1,1,1,1,1,1,0.0,0.0,1.0,0.0,0.0,1.0
"G[0,2]((BGTestAvgNumPtRep >= 5.828 | TotChol >= 28.244) -> BldPrSys >= 27.668)
",9999999.000,9999999.000,0.000,1.000,0.000,0,0,2,0,0,2,2,0,0.0,0.0,1.0,0.0,0.0,1.0
"G[0,2](BldPrSys >= 110.845 -> Pt_SHFlg = 0.000)
",9999999.000,9999999.000,0.000,1.000,0.000,0,0,2,0,0,2,2,0,0.0,0.0,1.0,0.0,0.0,1.0
"G[0,2](DirectLDL < 0.000 -> Pt_SHFlg = 0.000)
",9999999.000,9999999.000,0.000,1.000,0.000,0,0,2,0,0,2,2,0,0.0,0.0,1.0,0.0,0.0,1.0
"G[0,2](NumPumpBolusOrShortAct < 2.630 & Pt_SHFlg = 0.000)
",9999999.000,9999999.000,0.000,1.000,0.000,0,0,0,2,2,0,0,2,0.0,0.0,0.0,0.0,0.0,1.0
"G[0,2](GFR <= 0.000 -> BUN >= 1.778)
",9999999.000,9999999.000,0.000,1.000,0.000,0,0,0,2,2,0,0,2,0.0,0.0,0.0,0.0,0.0,1.0
"G[0,2]((WeightKg >= 51.092 | bmi >= 20.718) -> UnitsInsBasalOrLongAct <= 16.385)
",9999999.000,9999999.000,0.000,1.000,0.000,0,0,0,2,2,0,0,2,0.0,0.0,0.0,0.0,0.0,1.0
"G[2,2](SMBGperDayPtMeterCombo >= 2.147 & BGTestAvgNumPtRep >= 5.478)
",-5.478,-5.478,0.000,1.000,0.000,0,0,2,0,0,2,2,0,0.0,0.0,1.0,0.0,0.0,1.0
"G[0,1](GFR <= 0.000 -> BUN >= 2.522)
",9999999.000,9999999.000,0.000,1.000,0.000,0,0,0,2,2,0,0,2,0.0,0.0,0.0,0.0,0.0,1.0
"G[1,2](SMBGperDayPtMeterCombo >= 2.777 & BGTestAvgNumPtRep >= 5.347)
",9999999.000,9999999.000,0.000,1.000,0.000,0,0,1,1,1,1,1,1,0.0,0.0,1.0,0.0,0.0,1.0
"G[1,2](GFR <= 0.000 -> BUN >= 0.522)
",9999999.000,9999999.000,0.000,1.000,0.000,0,0,1,1,1,1,1,1,0.0,0.0,1.0,0.0,0.0,1.0
"G[2,2]((WeightKg >= 51.025 | bmi >= 20.683) -> UnitsInsBasalOrLongAct <= 18.312)
",-18.312,-18.312,0.000,1.000,0.000,0,0,2,0,0,2,2,0,0.0,0.0,1.0,0.0,0.0,1.0
"G[2,2]((WeightKg >= 50.690 | bmi >= 20.835) -> UnitsInsBasalOrLongAct <= 16.667)
",-16.667,-16.667,0.000,1.000,0.000,0,0,2,0,0,2,2,0,0.0,0.0,1.0,0.0,0.0,1.0
"G[1,1](SMBGperDayPtMeterCombo >= 2.615 & BGTestAvgNumPtRep >= 5.990)
",-5.990,-5.990,0.000,1.000,0.000,0,0,1,1,1,1,1,1,0.0,0.0,1.0,0.0,0.0,1.0
"G[0,1](GFR <= 0.000 -> BUN >= 1.282)
",9999999.000,9999999.000,0.000,1.000,0.000,0,0,0,2,2,0,0,2,0.0,0.0,0.0,0.0,0.0,1.0
"G[0,2]((WeightKg >= 50.828 | bmi >= 20.800) -> UnitsInsBasalOrLongAct <= 16.250)
",9999999.000,9999999.000,0.000,1.000,0.000,0,0,1,1,1,1,1,1,0.0,0.0,1.0,0.0,0.0,1.0
"G[0,2](SMBGperDayPtMeterCombo >= 2.547 & BGTestAvgNumPtRep >= 5.626)
",9999999.000,9999999.000,0.000,1.000,0.000,0,0,0,2,2,0,0,2,0.0,0.0,0.0,0.0,0.0,1.0
"G[0,2](SMBGperDayPtMeterCombo >= 2.338 & BGTestAvgNumPtRep >= 5.866)
",9999999.000,9999999.000,0.000,1.000,0.000,0,0,0,2,2,0,0,2,0.0,0.0,0.0,0.0,0.0,1.0
"G[0,2](BldPrSys >= 109.696 & Pt_SHFlg = 0.000)
",9999999.000,9999999.000,0.000,1.000,0.000,0,0,0,2,2,0,0,2,0.0,0.0,0.0,0.0,0.0,1.0
"G[1,2](GFR <= 0.000 -> BUN >= 2.676)
",9999999.000,9999999.000,0.000,1.000,0.000,0,0,1,1,1,1,1,1,0.0,0.0,1.0,0.0,0.0,1.0
"G[2,2]((WeightKg >= 50.743 | bmi >= 20.723) -> UnitsInsBasalOrLongAct <= 18.782)
",-18.782,-18.782,0.000,1.000,0.000,0,0,2,0,0,2,2,0,0.0,0.0,1.0,0.0,0.0,1.0
"G[0,1](SMBGperDayPtMeterCombo >= 2.065 & BGTestAvgNumPtRep >= 5.211)
",9999999.000,9999999.000,0.000,1.000,0.000,0,0,0,2,2,0,0,2,0.0,0.0,0.0,0.0,0.0,1.0
"G[0,2](GFR <= 0.000 -> BUN >= 2.610)
",9999999.000,9999999.000,0.000,1.000,0.000,0,0,0,2,2,0,0,2,0.0,0.0,0.0,0.0,0.0,1.0
"G[0,2]((WeightKg >= 50.890 | bmi >= 20.819) -> UnitsInsBasalOrLongAct <= 15.643)
",9999999.000,9999999.000,0.000,1.000,0.000,0,0,1,1,1,1,1,1,0.0,0.0,1.0,0.0,0.0,1.0
"G[1,1](SMBGperDayPtMeterCombo >= 2.594 & BGTestAvgNumPtRep >= 5.524)
",-5.524,-5.524,0.000,1.000,0.000,0,0,1,1,1,1,1,1,0.0,0.0,1.0,0.0,0.0,1.0
"G[0,2](GFR <= 0.000 -> BUN >= 2.263)
",9999999.000,9999999.000,0.000,1.000,0.000,0,0,0,2,2,0,0,2,0.0,0.0,0.0,0.0,0.0,1.0
"G[0,2]((WeightKg >= 50.922 | bmi >= 20.687) -> UnitsInsBasalOrLongAct <= 16.273)
",9999999.000,9999999.000,0.000,1.000,0.000,0,0,0,2,2,0,0,2,0.0,0.0,0.0,0.0,0.0,1.0
"G[0,1](SMBGperDayPtMeterCombo >= 2.218 & BGTestAvgNumPtRep >= 5.446)
",9999999.000,9999999.000,0.000,1.000,0.000,0,0,0,2,2,0,0,2,0.0,0.0,0.0,0.0,0.0,1.0
"G[1,2](GFR <= 0.000 -> BUN >= 2.569)
",9999999.000,9999999.000,0.000,1.000,0.000,0,0,1,1,1,1,1,1,0.0,0.0,1.0,0.0,0.0,1.0
"G[0,2](bmiZscore > 0.286 -> Pt_SHFlg = 0.000)
",9999999.000,9999999.000,0.000,1.000,0.000,0,0,2,0,0,2,2,0,0.0,0.0,1.0,0.0,0.0,1.0
"G[0,0](BGTestAvgNumPtRep <= 6.716 & Pt_MotherT1D >= 0.163)
",-0.163,-0.163,0.000,1.000,0.000,0,0,0,2,2,0,0,2,0.0,0.0,0.0,0.0,0.0,1.0
"G[0,2]((age <= 14.676 | HbA1c <= 8.624) | BldPrDia >= 8.596)
",9999999.000,9999999.000,0.000,1.000,0.000,0,0,2,0,0,2,2,0,0.0,0.0,1.0,0.0,0.0,1.0
"G[0,2](((HbA1cImputeDtMnC <= 14.668 | Pt_A1cGoalLev >= 1.297) -> BGTestAvgNumPtRep <= 6.300) | HeightCm >= 1.754)
",9999999.000,9999999.000,0.000,1.000,0.000,0,0,2,0,0,2,2,0,0.0,0.0,1.0,0.0,0.0,1.0
"G[0,1](AlbCreatRat_mggNew <= 13.382 & Pt_SHFlg <= 0.000)
",9999999.000,9999999.000,0.000,1.000,0.000,0,0,1,1,1,1,1,1,0.0,0.0,1.0,0.0,0.0,1.0
"G[0,2](((GFR <= 0.000 -> DirectLDL >= 0.000) -> bmiZscore >= 0.000) | bmiZscore >= 0.000)
",9999999.000,9999999.000,0.000,1.000,0.000,0,0,2,0,0,2,2,0,0.0,0.0,1.0,0.0,0.0,1.0
"G[2,2]((TotalDailyInsPerKg >= 0.416 -> Pt_GrandchildT1D >= 0.000) | AlbCreatRat_mggNew <= 0.000)
",0.000,0.000,0.000,1.000,0.000,0,0,2,0,0,2,2,0,0.0,0.0,1.0,0.0,0.0,1.0
"G[0,1](((GFR >= 0.000 & Pt_MotherT1D <= 0.722) | WeightKg <= 0.423) & Pt_SiblingT1D >= 0.114)
",9999999.000,9999999.000,0.000,1.000,0.000,0,0,0,2,2,0,0,2,0.0,0.0,0.0,0.0,0.0,1.0
"G[1,2](((HeightCm >= 156.599 | BGTestAvgNumMeter <= 3.903) -> BUN <= 3.609) -> BUN >= 2.599)
",9999999.000,9999999.000,0.000,1.000,0.000,0,0,1,1,1,1,1,1,0.0,0.0,1.0,0.0,0.0,1.0
"G[1,2](((HDL >= 18.578 | Pt_A1cGoalLevelDsYr5 <= 0.000) & HeightCm >= 0.000) & HeightCm <= 0.000)
",9999999.000,9999999.000,0.000,1.000,0.000,0,0,1,1,1,1,1,1,0.0,0.0,1.0,0.0,0.0,1.0
"G[1,2](WeightKg >= 50.913 | HbA1cImputeDtMnC <= 20.954)
",9999999.000,9999999.000,0.000,1.000,0.000,0,0,2,0,0,2,2,0,0.0,0.0,1.0,0.0,0.0,1.0
"G[0,1](((BUN >= 2.838 | diagAgeCombo >= 0.324) & SMBGperDayPtMeterCombo <= 4.840) & diagAgeCombo <= 6.516)
",9999999.000,9999999.000,0.000,1.000,0.000,0,0,0,2,2,0,0,2,0.0,0.0,0.0,0.0,0.0,1.0
"G[0,2](((BUN >= 2.344 & Pt_DKAFlg <= 0.000) -> Pt_FatherT1D >= 0.000) & WeightKg <= 0.000)
",9999999.000,9999999.000,0.000,1.000,0.000,0,0,0,2,2,0,0,2,0.0,0.0,0.0,0.0,0.0,1.0
"G[0,2](((BldPrDia >= 71.053 -> age >= 14.337) -> Pt_CGMUseNumDays <= 14.680) -> BUN >= 14.145)
",9999999.000,9999999.000,0.000,1.000,0.000,0,0,0,2,2,0,0,2,0.0,0.0,0.0,0.0,0.0,1.0
"G[0,2](((AutonomicNeuroCl >= 0.000 -> age >= 14.556) -> BGTestAvgNumMeter <= 14.807) | HeightCm <= 14.999)
",9999999.000,9999999.000,0.000,1.000,0.000,0,0,2,0,0,2,2,0,0.0,0.0,1.0,0.0,0.0,1.0
"G[1,2](((UnitsInsBasalOrLongAct <= 15.451 & AlbCreatRat_mggNew >= 10.675) | BldPrDia <= 16.182) | BGTestAvgNumPtRep >= 2.540)
",9999999.000,9999999.000,0.000,1.000,0.000,0,0,2,0,0,2,2,0,0.0,0.0,1.0,0.0,0.0,1.0
"G[0,2]((TotChol <= 80.233 | HDL <= 67.108) | Pt_SHFlg <= 58.502)
",9999999.000,9999999.000,0.000,1.000,0.000,0,0,2,0,0,2,2,0,0.0,0.0,1.0,0.0,0.0,1.0
"G[2,2](((TotalDailyInsPerKg <= 0.692 -> Pt_A1cGoalLevelDsYr5 <= 0.000) | Pt_FatherT1D <= 0.000) -> diabDur >= 0.000)
",0.000,0.000,0.000,1.000,0.000,0,0,2,0,0,2,2,0,0.0,0.0,1.0,0.0,0.0,1.0
"G[0,2](((HeightCm >= 156.723 | bmiPerc <= 0.643) | GFR <= 0.648) -> age <= 0.647)
",9999999.000,9999999.000,0.000,1.000,0.000,0,0,0,2,2,0,0,2,0.0,0.0,0.0,0.0,0.0,1.0
"G[2,2](((Pt_MotherT1D <= 0.651 -> Pt_A1cGoalLevelDsYr5 >= 0.000) | HbA1c >= 0.000) -> UnitsInsBasalOrLongAct >= 0.000)
",0.000,0.000,0.000,1.000,0.000,0,0,2,0,0,2,2,0,0.0,0.0,1.0,0.0,0.0,1.0
"G[1,2](GFR <= 0.000 -> BUN >= 0.921)
",9999999.000,9999999.000,0.000,1.000,0.000,0,0,1,1,1,1,1,1,0.0,0.0,1.0,0.0,0.0,1.0
"G[1,2](DirectLDL <= 0.000 & DirectLDL >= 0.000)
",9999999.000,9999999.000,0.000,1.000,0.000,0,0,2,0,0,2,2,0,0.0,0.0,1.0,0.0,0.0,1.0
"G[1,2]((Pt_A1cGoalLev >= 1.069 & NumPumpBolusOrShortAct >= 0.817) & BldPrDia <= 3.437)
",9999999.000,9999999.000,0.000,1.000,0.000,0,0,1,1,1,1,1,1,0.0,0.0,1.0,0.0,0.0,1.0
"G[0,1](diabDur >= 4.191 & age >= 14.187)
",9999999.000,9999999.000,0.000,1.000,0.000,0,0,1,1,1,1,1,1,0.0,0.0,1.0,0.0,0.0,1.0
"G[2,2]((UnitsInsBasalOrLongAct <= 18.172 -> NumPumpBolusOrShortAct >= 1.278) & Pt_SHFlg >= 2.315)
",-18.172,-18.172,0.000,1.000,0.000,0,0,2,0,0,2,2,0,0.0,0.0,1.0,0.0,0.0,1.0
"G[0,2](((Pt_GrandparentT1D <= 0.000 & Pt_InsGov >= 0.000) | Pt_GrandparentT1D >= 0.000) | HeightCm <= 0.000)
",9999999.000,9999999.000,0.000,1.000,0.000,0,0,2,0,0,2,2,0,0.0,0.0,1.0,0.0,0.0,1.0
"G[1,2](((Pt_A1cGoalLevelDsYr5 >= 0.000 | Pt_FatherT1D >= 0.000) | LDL >= 0.000) & bmiZscore <= 0.000)
",9999999.000,9999999.000,0.000,1.000,0.000,0,0,1,1,1,1,1,1,0.0,0.0,1.0,0.0,0.0,1.0
"G[0,2](((Pt_MotherT1D <= 0.665 | bmiZscore <= 0.413) -> Pt_GrandparentT1D >= 0.264) & Pt_SiblingT1D <= 0.376)
",9999999.000,9999999.000,0.000,1.000,0.000,0,0,0,2,2,0,0,2,0.0,0.0,0.0,0.0,0.0,1.0
"G[0,2]((TSH >= 0.160 -> GFR >= 0.000) | Pt_InsGov <= 0.000)
",9999999.000,9999999.000,0.000,1.000,0.000,0,0,2,0,0,2,2,0,0.0,0.0,1.0,0.0,0.0,1.0
"G[0,1](Pt_ChildT1D <= 0.000 -> UnitsInsBasalOrLongAct >= 11.863)
",9999999.000,9999999.000,0.000,1.000,0.000,0,0,1,1,1,1,1,1,0.0,0.0,1.0,0.0,0.0,1.0
"G[1,2](Pt_CGMUseNumDays >= 0.000 -> Pt_CGMUseNumDays >= 0.000)
",9999999.000,9999999.000,0.000,1.000,0.000,0,0,2,0,0,2,2,0,0.0,0.0,1.0,0.0,0.0,1.0
"G[0,2](((HbA1cImputeDtMnC >= 3.610 | HeightCm >= 156.665) -> BGTestAvgNumPtRep <= 156.835) | LDL >= 156.281)
",9999999.000,9999999.000,0.000,1.000,0.000,0,0,2,0,0,2,2,0,0.0,0.0,1.0,0.0,0.0,1.0
"G[0,2](SMBGperDayPtMeterCombo >= 2.230 & TotalDailyInsPerKg <= 0.805)
",9999999.000,9999999.000,0.000,1.000,0.000,0,0,0,2,2,0,0,2,0.0,0.0,0.0,0.0,0.0,1.0
"G[1,2](((bmiPerc >= 0.632 & HeightCm <= 156.956) & bmi >= 156.211) | Pt_SHFlg >= 156.104)
",9999999.000,9999999.000,0.000,1.000,0.000,0,0,1,1,1,1,1,1,0.0,0.0,1.0,0.0,0.0,1.0
"G[0,2](((BUN >= 2.566 | WeightKg >= 50.529) -> bmi >= 50.612) | Triglyc >= 51.002)
",9999999.000,9999999.000,0.000,1.000,0.000,0,0,0,2,2,0,0,2,0.0,0.0,0.0,0.0,0.0,1.0
"G[1,2]((bmiPerc <= 0.644 & BUN <= 4.270) -> Pt_A1cGoalLev >= 1.104)
",9999999.000,9999999.000,0.000,1.000,0.000,0,0,1,1,1,1,1,1,0.0,0.0,1.0,0.0,0.0,1.0
"G[0,2](((BldPrDia >= 64.884 -> HbA1c <= 8.724) -> BGTestAvgNumMeter <= 8.796) & Pt_CGMUseNumDays <= 8.879)
",9999999.000,9999999.000,0.000,1.000,0.000,0,0,2,0,0,2,2,0,0.0,0.0,1.0,0.0,0.0,1.0
"G[0,1](((NumPumpBolusOrShortAct <= 2.946 -> TotChol <= 169.204) -> HDL <= 126.436) & Pt_GrandparentT1D >= 11.142)
",9999999.000,9999999.000,0.000,1.000,0.000,0,0,0,2,2,0,0,2,0.0,0.0,0.0,0.0,0.0,1.0
"G[0,1](Pt_A1cGoalLev >= 2.019 & TotalDailyInsPerKg >= 0.110)
",9999999.000,9999999.000,0.000,1.000,0.000,0,0,0,2,2,0,0,2,0.0,0.0,0.0,0.0,0.0,1.0
"G[2,2](diagAgeCombo <= 5.656 -> TotalDailyInsPerKg <= 0.654)
",-5.656,-5.656,0.000,1.000,0.000,0,0,2,0,0,2,2,0,0.0,0.0,1.0,0.0,0.0,1.0
"G[0,1]((HeightCm >= 156.726 -> WeightKg <= 52.094) & Pt_MotherT1D >= 51.103)
",9999999.000,9999999.000,0.000,1.000,0.000,0,0,0,2,2,0,0,2,0.0,0.0,0.0,0.0,0.0,1.0
"G[2,2](bmi >= 20.685 -> SMBGperDayPtMeterCombo <= 4.148)
",-4.148,-4.148,0.000,1.000,0.000,0,0,2,0,0,2,2,0,0.0,0.0,1.0,0.0,0.0,1.0
"G[0,2]((HDL >= 20.682 -> UnitsInsBasalOrLongAct <= 14.052) -> WeightKg <= 20.686)
",9999999.000,9999999.000,0.000,1.000,0.000,0,0,0,2,2,0,0,2,0.0,0.0,0.0,0.0,0.0,1.0
"G[1,2]((bmiPerc <= 0.655 & SMBGperDayPtMeterCombo <= 3.509) | TSH >= 2.684)
",9999999.000,9999999.000,0.000,1.000,0.000,0,0,2,0,0,2,2,0,0.0,0.0,1.0,0.0,0.0,1.0
"G[0,2](bmi >= 20.796 -> TSH <= 1.022)
",9999999.000,9999999.000,0.000,1.000,0.000,0,0,2,0,0,2,2,0,0.0,0.0,1.0,0.0,0.0,1.0
"G[2,2](((age <= 14.735 & Pt_GrandparentT1D <= 0.000) & Pt_InsGov <= 0.000) | bmiZscore <= 0.000)
",0.000,0.000,0.000,1.000,0.000,0,0,2,0,0,2,2,0,0.0,0.0,1.0,0.0,0.0,1.0
"G[0,2](UnitsInsBasalOrLongAct >= 12.973 | WeightKg <= 52.087)
",9999999.000,9999999.000,0.000,1.000,0.000,0,0,2,0,0,2,2,0,0.0,0.0,1.0,0.0,0.0,1.0
"G[1,2]((HbA1cImputeDtMnC >= 8.923 | NumPumpBolusOrShortAct >= 1.197) & HbA1cImputeDtMnC >= 0.929)
",9999999.000,9999999.000,0.000,1.000,0.000,0,0,2,0,0,2,2,0,0.0,0.0,1.0,0.0,0.0,1.0
"G[0,2]((SMBGperDayPtMeterCombo >= 3.083 -> UnitsInsBasalOrLongAct >= 0.085) | HDL >= 3.863)
",9999999.000,9999999.000,0.000,1.000,0.000,0,0,2,0,0,2,2,0,0.0,0.0,1.0,0.0,0.0,1.0
"G[0,1](((BGTestAvgNumPtRep <= 6.384 & bmi >= 20.796) & Pt_DKAFlg <= 20.937) & TSH >= 20.683)
",9999999.000,9999999.000,0.000,1.000,0.000,0,0,0,2,2,0,0,2,0.0,0.0,0.0,0.0,0.0,1.0
"G[1,2]((bmiZscore <= 0.382 -> WeightKg <= 51.518) | TotalDailyInsPerKg >= 50.958)
",9999999.000,9999999.000,0.000,1.000,0.000,0,0,2,0,0,2,2,0,0.0,0.0,1.0,0.0,0.0,1.0
"G[0,1](((bmiPerc >= 0.618 & WeightKg <= 51.611) & AlbCreatRat_mggNew <= 51.495) & Pt_ChildT1D >= 50.587)
",9999999.000,9999999.000,0.000,1.000,0.000,0,0,0,2,2,0,0,2,0.0,0.0,0.0,0.0,0.0,1.0
"G[1,2](((Pt_CGMUseNumDays <= 0.000 & Pt_CGMUseNumDays >= 0.000) & UnitsInsBasalOrLongAct >= 0.000) -> HeightCm >= 0.000)
",9999999.000,9999999.000,0.000,1.000,0.000,0,0,2,0,0,2,2,0,0.0,0.0,1.0,0.0,0.0,1.0
"G[1,2](((bmiZscore <= 0.379 | Pt_InsGov >= 0.000) | Pt_SHFlg >= 0.000) -> BGTestAvgNumPtRep <= 0.000)
",9999999.000,9999999.000,0.000,1.000,0.000,0,0,1,1,1,1,1,1,0.0,0.0,1.0,0.0,0.0,1.0
"G[1,2]((UnitsInsBasalOrLongAct <= 14.175 -> HbA1cImputeDtMnC <= 22.007) -> HDL >= 4.120)
",9999999.000,9999999.000,0.000,1.000,0.000,0,0,1,1,1,1,1,1,0.0,0.0,1.0,0.0,0.0,1.0
"G[0,1]((Pt_InsGov <= 0.000 -> HbA1c <= 8.857) & bmiZscore <= 8.665)
",9999999.000,9999999.000,0.000,1.000,0.000,0,0,1,1,1,1,1,1,0.0,0.0,1.0,0.0,0.0,1.0
"G[1,2]((BGTestAvgNumPtRep <= 6.689 | Pt_GrandchildT1D >= 0.000) -> bmiZscore >= 0.000)
",9999999.000,9999999.000,0.000,1.000,0.000,0,0,2,0,0,2,2,0,0.0,0.0,1.0,0.0,0.0,1.0
"G[0,2]((Pt_DKAFlg >= 0.000 | Pt_A1cGoalLevelDsYr5 >= 0.000) & Pt_InsGov >= 0.000)
",9999999.000,9999999.000,0.000,1.000,0.000,0,0,2,0,0,2,2,0,0.0,0.0,1.0,0.0,0.0,1.0
