Rule,Discrimination Score,Pos Robustness,Neg Robustness,Percent Class +,Percent Class -,TP,TN,FP,FN,Actual Yes,Actual No,Predicted Yes,Predicted No,TPR/Sens,TNR/Spec,FPR,Precision,Accuracy,MCR
"F[0,1](((Pt_GrandchildT1D >= 0.000 | BldPrDia <= 71.700) | BldPrSys >= 57.900) -> HbA1c >= 61.679)
",-9999999.000,-9999999.000,0.000,0.000,1.000,2,0,0,0,2,0,2,0,1.0,0,0,1.0,1.0,0.0
"F[0,1]((BldPrSys <= 109.269 -> UnitsInsBasalOrLongAct <= 5.935) & TotChol >= 2.854)
",-9999999.000,-9999999.000,0.000,0.000,1.000,2,0,0,0,2,0,2,0,1.0,0,0,1.0,1.0,0.0
"F[0,0]((BldPrDia >= 58.760 -> bmi <= 16.039) & bmiZscore >= 15.894)
",-11.498,-51.740,0.000,0.000,1.000,2,0,0,0,2,0,2,0,1.0,0,0,1.0,1.0,0.0
"((BldPrDia >= 62.952) U[1,1] (SMBGperDayPtMeterCombo <= 8.759))
",8.759,8.759,0.000,0.000,1.000,2,0,0,0,2,0,2,0,1.0,0,0,1.0,1.0,0.0
"F[1,1]((BGTestAvgNumPtRep <= 3.842 | BldPrDia <= 74.516) -> BGTestAvgNumMeter >= 61.952)
",-74.516,-74.516,0.000,0.000,1.000,2,0,0,0,2,0,2,0,1.0,0,0,1.0,1.0,0.0
"F[0,1](Pt_SHFlg < 0.000 & Pt_SHFlg = 0.000)
",-9999999.000,-9999999.000,0.000,0.000,1.000,2,0,0,0,2,0,2,0,1.0,0,0,1.0,1.0,0.0
"F[1,1](((BUN <= 15.616 & HbA1c >= 7.169) -> diagAgeCombo <= 7.704) & BGTestAvgNumPtRep >= 7.026)
",-7.704,-7.704,0.000,0.000,1.000,2,0,0,0,2,0,2,0,1.0,0,0,1.0,1.0,0.0
"F[0,1]((UnitsInsBasalOrLongAct >= 3.067 & BldPrDia >= 60.158) & BGTestAvgNumMeter >= 62.577)
",-9999999.000,-9999999.000,0.000,0.000,1.000,2,0,0,0,2,0,2,0,1.0,0,0,1.0,1.0,0.0
"((diagAgeCombo >= 0.085) U[1,1] (age >= 7.399))
",-0.085,-0.085,0.000,0.000,1.000,2,0,0,0,2,0,2,0,1.0,0,0,1.0,1.0,0.0
"F[0,1]((BGTestAvgNumMeter <= 8.761 & NumPumpBolusOrShortAct <= 4.863) & Triglyc >= 1.893)
",-9999999.000,-9999999.000,0.000,0.000,1.000,2,0,0,0,2,0,2,0,1.0,0,0,1.0,1.0,0.0
"F[1,1](((BGTestAvgNumPtRep <= 3.120 | HbA1c >= 7.052) -> HDL <= 7.834) & diagAgeCombo >= 7.299)
",-7.834,-7.834,0.000,0.000,1.000,2,0,0,0,2,0,2,0,1.0,0,0,1.0,1.0,0.0
"F[0,1](((TSH <= 1.329 -> NumPumpBolusOrShortAct <= 4.003) -> HDL <= 5.455) -> Pt_GrandparentT1D >= 2.284)
",-9999999.000,-9999999.000,0.000,0.000,1.000,2,0,0,0,2,0,2,0,1.0,0,0,1.0,1.0,0.0
"F[0,0]((HeightCm >= 127.342 | TotalDailyInsPerKg >= 0.322) -> UnitsInsBasalOrLongAct <= 0.630)
",-1.678,-1.678,0.000,0.000,1.000,2,0,0,0,2,0,2,0,1.0,0,0,1.0,1.0,0.0
"F[0,1](((HbA1cImputeDtMnC <= 28.974 -> UnitsInsBasalOrLongAct >= 4.365) | Pt_FatherT1D <= 5.087) -> Pt_DKAFlg >= 2.317)
",-9999999.000,-9999999.000,0.000,0.000,1.000,2,0,0,0,2,0,2,0,1.0,0,0,1.0,1.0,0.0
"((BGTestAvgNumPtRep <= 1.540) U[1,1] (BUN <= 21.157))
",21.157,21.157,0.000,0.000,1.000,2,0,0,0,2,0,2,0,1.0,0,0,1.0,1.0,0.0
"F[0,1](((bmiPerc >= 0.510 & NumPumpBolusOrShortAct >= 0.641) | BUN >= 1.243) -> DirectLDL >= 3.465)
",-9999999.000,-9999999.000,0.000,0.000,1.000,1,0,0,1,2,0,1,1,0.5,0,0,1.0,0.5,0.5
"((NumPumpBolusOrShortAct <= 5.892) U[1,2] (AlbCreatRat_mggNew >= 0.000))
",-9999999.000,-9999999.000,0.000,0.000,1.000,1,0,0,1,2,0,1,1,0.5,0,0,1.0,0.5,0.5
"F[1,1](((diabDur >= 0.696 -> HbA1c <= 7.395) -> Pt_CGMUseNumDays >= 7.086) | Pt_CGMUseNumDays >= 7.217)
",7.086,7.086,0.000,0.000,1.000,1,0,0,1,2,0,1,1,0.5,0,0,1.0,0.5,0.5
"F[1,1]((bmiPerc >= 0.463 -> TSH >= 0.100) & HbA1cImputeDtMnC >= 0.147)
",-0.147,-0.147,0.000,0.000,1.000,1,0,0,1,2,0,1,1,0.5,0,0,1.0,0.5,0.5
"F[0,1](HbA1c >= 6.923 & Pt_SiblingT1D >= 0.000)
",-9999999.000,-9999999.000,0.000,0.000,1.000,1,0,0,1,2,0,1,1,0.5,0,0,1.0,0.5,0.5
"((age >= 6.506) U[0,0] (bmi <= 16.103))
",16.103,16.103,0.000,0.000,1.000,1,0,0,1,2,0,1,1,0.5,0,0,1.0,0.5,0.5
"F[0,1](((bmiPerc <= 0.671 | LDL >= 0.000) & diabDur <= 0.000) | age <= 0.000)
",-9999999.000,-9999999.000,0.000,0.000,1.000,1,0,0,1,2,0,1,1,0.5,0,0,1.0,0.5,0.5
"F[0,1](((TotalDailyInsPerKg <= 0.561 | TotalDailyInsPerKg >= 0.063) -> bmiPerc >= 0.253) -> HbA1cImputeDtMnC <= 0.526)
",-9999999.000,-9999999.000,0.000,0.000,1.000,1,0,0,1,2,0,1,1,0.5,0,0,1.0,0.5,0.5
"F[0,1](diabDur <= 1.593 & UnitsInsBasalOrLongAct <= 6.567)
",-9999999.000,-9999999.000,0.000,0.000,1.000,1,0,0,1,2,0,1,1,0.5,0,0,1.0,0.5,0.5
"((diagAgeCombo <= 1.745) U[1,1] (Pt_SHFlg = 0.000))
",1.745,1.745,0.000,0.000,1.000,1,0,0,1,2,0,1,1,0.5,0,0,1.0,0.5,0.5
"F[0,0]((GFR >= 0.000 | UnitsInsBasalOrLongAct <= 6.609) -> HbA1cImputeDtMnC <= 5.129)
",-6.609,-6.609,0.000,0.000,1.000,1,0,0,1,2,0,1,1,0.5,0,0,1.0,0.5,0.5
"F[0,1](BGTestAvgNumPtRep >= 0.474 & bmiPerc >= 0.430)
",-9999999.000,-9999999.000,0.000,0.000,1.000,1,0,0,1,2,0,1,1,0.5,0,0,1.0,0.5,0.5
"((diabDur >= 0.310) U[1,1] (TotalDailyInsPerKg <= 0.523))
",0.523,0.523,0.000,0.000,1.000,1,0,0,1,2,0,1,1,0.5,0,0,1.0,0.5,0.5
"((bmiPerc >= 0.510) U[0,0] (HbA1c >= 7.166))
",164.996,15.511,0.000,0.000,1.000,1,0,0,1,2,0,1,1,0.5,0,0,1.0,0.5,0.5
"F[0,1](((bmiZscore >= -0.215 -> TSH >= 0.245) & bmiPerc >= 0.107) -> SMBGperDayPtMeterCombo <= 1.101)
",-9999999.000,-9999999.000,0.000,0.000,1.000,1,0,0,1,2,0,1,1,0.5,0,0,1.0,0.5,0.5
"F[0,0]((bmi >= 15.595 & bmiPerc <= 0.568) & TSH <= 0.643)
",-15.595,-15.595,0.000,0.000,1.000,1,0,0,1,2,0,1,1,0.5,0,0,1.0,0.5,0.5
"F[0,0](age > 6.639 & Pt_SHFlg = 0.000)
",-5.442,-26.556,0.000,0.000,1.000,1,0,0,1,2,0,1,1,0.5,0,0,1.0,0.5,0.5
"F[1,1](BldPrSys <= 112.980 -> TotalDailyInsPerKg >= 0.167)
",-112.980,-112.980,0.000,0.000,1.000,1,0,0,1,2,0,1,1,0.5,0,0,1.0,0.5,0.5
"F[0,0](((HbA1cImputeDtMnC >= 11.214 -> diabDur <= 1.611) -> Pt_SiblingT1D <= 1.572) -> diabDur >= 0.385)
",-16.229,-8.115,0.000,0.000,1.000,1,0,0,1,2,0,1,1,0.5,0,0,1.0,0.5,0.5
"F[0,0]((Pt_InsGov >= 0.000 -> HeightCm <= 132.331) -> NumPumpBolusOrShortAct >= 127.007)
",89.462,102.881,0.000,0.000,1.000,1,0,0,1,2,0,1,1,0.5,0,0,1.0,0.5,0.5
"F[0,0]((TotalDailyInsPerKg <= 0.614 -> UnitsInsBasalOrLongAct >= 2.421) & BldPrDia >= 3.493)
",1.386,1.386,0.000,0.000,1.000,1,0,0,1,2,0,1,1,0.5,0,0,1.0,0.5,0.5
"((BGTestAvgNumMeter >= 5.787) U[0,0] (BGTestAvgNumPtRep <= 3.174))
",0.475,0.713,0.000,0.000,1.000,1,0,0,1,2,0,1,1,0.5,0,0,1.0,0.5,0.5
"((bmiPerc <= 0.703) U[1,2] (diabDur <= 1.993))
",-9999999.000,-9999999.000,0.000,0.000,1.000,1,0,0,1,2,0,1,1,0.5,0,0,1.0,0.5,0.5
"((HbA1c <= 7.389) U[0,1] (diabDur <= 1.671))
",-9999999.000,-9999999.000,0.000,0.000,1.000,1,0,0,1,2,0,1,1,0.5,0,0,1.0,0.5,0.5
"F[0,1](HbA1cImputeDtMnC <= 29.921 -> BldPrDia >= 61.967)
",-9999999.000,-9999999.000,0.000,0.000,1.000,1,0,0,1,2,0,1,1,0.5,0,0,1.0,0.5,0.5
"((BGTestAvgNumMeter >= 5.329) U[0,0] (BGTestAvgNumPtRep <= 2.444))
",0.781,1.171,0.000,0.000,1.000,1,0,0,1,2,0,1,1,0.5,0,0,1.0,0.5,0.5
"((NumPumpBolusOrShortAct <= 4.368) U[1,2] (Pt_SHFlg = 0.000))
",-9999999.000,-9999999.000,0.000,0.000,1.000,1,0,0,1,2,0,1,1,0.5,0,0,1.0,0.5,0.5
"F[0,0](((HbA1cImputeDtMnC >= 7.137 | TotalDailyInsPerKg <= 0.580) & AutonomicNeuroCl <= 0.614) -> BGTestAvgNumPtRep >= 0.361)
",-10.279,-5.139,0.000,0.000,1.000,1,0,0,1,2,0,1,1,0.5,0,0,1.0,0.5,0.5
"F[0,1](((HeightCm >= 130.296 & UnitsInsBasalOrLongAct >= 4.492) & Pt_FatherT1D <= 7.254) & bmiZscore <= 5.034)
",-9999999.000,-9999999.000,0.000,0.000,1.000,1,0,0,1,2,0,1,1,0.5,0,0,1.0,0.5,0.5
"((HeightCm >= 125.310) U[1,1] (Pt_ChildT1D >= 0.000))
",0.000,0.000,0.000,0.000,1.000,1,0,0,1,2,0,1,1,0.5,0,0,1.0,0.5,0.5
"F[0,0]((HbA1cImputeDtMnC >= 4.279 | HbA1c >= 6.913) | WeightKg <= 7.868)
",4.737,2.368,0.000,0.000,1.000,1,0,0,1,2,0,1,1,0.5,0,0,1.0,0.5,0.5
"((age >= 7.059) U[0,0] (BGTestAvgNumMeter <= 6.912))
",0.274,0.412,0.000,0.000,1.000,1,0,0,1,2,0,1,1,0.5,0,0,1.0,0.5,0.5
"F[0,0](SMBGperDayPtMeterCombo >= 5.507 & bmiZscore <= 0.567)
",2.218,0.051,0.000,0.000,1.000,1,0,0,1,2,0,1,1,0.5,0,0,1.0,0.5,0.5
"((BUN >= 5.078) U[0,1] (WeightKg >= 26.141))
",-9999999.000,-9999999.000,0.000,0.000,1.000,1,0,0,1,2,0,1,1,0.5,0,0,1.0,0.5,0.5
"F[0,1]((Pt_GrandparentT1D >= 0.000 & BldPrSys <= 112.199) -> TSH >= 103.322)
",-9999999.000,-9999999.000,0.000,0.000,1.000,1,0,0,1,2,0,1,1,0.5,0,0,1.0,0.5,0.5
"((BldPrDia <= 68.838) U[1,2] (TSH >= 0.093))
",-9999999.000,-9999999.000,0.000,0.000,1.000,0,0,0,2,2,0,0,2,0.0,0,0,0.0,0.0,1.0
"F[2,2](Pt_A1cGoalLevelDsYr5 <= 0.000 | BldPrDia >= 62.869)
",0.000,0.000,0.000,0.000,1.000,0,0,0,2,2,0,0,2,0.0,0,0,0.0,0.0,1.0
"F[1,2]((BGTestAvgNumMeter <= 6.852 -> UnitsInsBasalOrLongAct >= 2.723) & AlbCreatRat_mggNew <= 6.755)
",-9999999.000,-9999999.000,0.000,0.000,1.000,0,0,0,2,2,0,0,2,0.0,0,0,0.0,0.0,1.0
"F[2,2](Pt_FatherT1D >= 0.000 & BGTestAvgNumPtRep >= 0.884)
",-0.884,-0.884,0.000,0.000,1.000,0,0,0,2,2,0,0,2,0.0,0,0,0.0,0.0,1.0
"((Triglyc >= 0.000) U[2,2] (NumPumpBolusOrShortAct >= 1.346))
",0.000,0.000,0.000,0.000,1.000,0,0,0,2,2,0,0,2,0.0,0,0,0.0,0.0,1.0
"F[1,2]((AutonomicNeuroCl <= 0.000 | TotChol >= 0.000) | Pt_GrandchildT1D <= 0.000)
",-9999999.000,-9999999.000,0.000,0.000,1.000,0,0,0,2,2,0,0,2,0.0,0,0,0.0,0.0,1.0
"F[1,2](((BldPrSys >= 101.243 -> Pt_ChildT1D >= 0.000) & HDL >= 0.000) | HDL >= 0.000)
",-9999999.000,-9999999.000,0.000,0.000,1.000,0,0,0,2,2,0,0,2,0.0,0,0,0.0,0.0,1.0
"F[0,0](((diagAgeCombo >= 0.955 & bmiPerc <= 0.560) | age >= 0.433) | SMBGperDayPtMeterCombo <= 0.609)
",-0.433,-0.433,0.000,0.000,1.000,0,0,0,2,2,0,0,2,0.0,0,0,0.0,0.0,1.0
"F[2,2](((Pt_SiblingT1D <= 0.000 | NumPumpBolusOrShortAct <= 4.627) | TotChol <= 5.545) -> Pt_A1cGoalLev >= 2.320)
",-5.545,-5.545,0.000,0.000,1.000,0,0,0,2,2,0,0,2,0.0,0,0,0.0,0.0,1.0
"F[0,1](((HbA1c >= 6.862 | GFR <= 0.000) | TotChol <= 0.000) & bmiPerc >= 0.000)
",-9999999.000,-9999999.000,0.000,0.000,1.000,0,0,0,2,2,0,0,2,0.0,0,0,0.0,0.0,1.0
"F[1,2](((AlbCreatRat_mggNew >= 0.000 & TSH <= 1.625) -> BGTestAvgNumMeter <= 1.750) & Pt_ChildT1D >= 0.213)
",-9999999.000,-9999999.000,0.000,0.000,1.000,0,0,0,2,2,0,0,2,0.0,0,0,0.0,0.0,1.0
"F[0,2]((age >= 6.639 | TSH >= 0.346) | AutonomicNeuroCl >= 0.430)
",-9999999.000,-9999999.000,0.000,0.000,1.000,0,0,0,2,2,0,0,2,0.0,0,0,0.0,0.0,1.0
"F[1,2](HbA1c >= 6.749 -> Pt_A1cGoalLevelDsYr5 = 0.000)
",-9999999.000,-9999999.000,0.000,0.000,1.000,0,0,0,2,2,0,0,2,0.0,0,0,0.0,0.0,1.0
"F[2,2](HeightCm >= 127.396 -> Pt_MotherT1D <= 0.000)
",0.000,0.000,0.000,0.000,1.000,0,0,0,2,2,0,0,2,0.0,0,0,0.0,0.0,1.0
"F[0,2]((diabDur >= 0.055 -> Pt_InsGov >= 0.000) & age <= 0.000)
",-9999999.000,-9999999.000,0.000,0.000,1.000,0,0,0,2,2,0,0,2,0.0,0,0,0.0,0.0,1.0
"F[1,2](BGTestAvgNumPtRep <= 1.575 -> Triglyc <= 0.000)
",-9999999.000,-9999999.000,0.000,0.000,1.000,0,0,0,2,2,0,0,2,0.0,0,0,0.0,0.0,1.0
"F[1,2](((HbA1cImputeDtMnC <= 18.931 -> Pt_GrandchildT1D <= 0.000) & TotChol >= 0.000) & Pt_CGMUseNumDays <= 0.000)
",-9999999.000,-9999999.000,0.000,0.000,1.000,0,0,0,2,2,0,0,2,0.0,0,0,0.0,0.0,1.0
"F[1,2](Pt_MotherT1D <= 0.000 -> BGTestAvgNumPtRep >= 0.340)
",-9999999.000,-9999999.000,0.000,0.000,1.000,0,0,0,2,2,0,0,2,0.0,0,0,0.0,0.0,1.0
"((AutonomicNeuroCl <= 0.000) U[0,1] (TotalDailyInsPerKg <= 0.424))
",-9999999.000,-9999999.000,0.000,0.000,1.000,0,0,0,2,2,0,0,2,0.0,0,0,0.0,0.0,1.0
"F[1,2](((BGTestAvgNumPtRep <= 1.155 | HbA1cImputeDtMnC >= 5.664) -> TotalDailyInsPerKg >= 13.438) -> Pt_CGMUseNumDays <= 24.648)
",-9999999.000,-9999999.000,0.000,0.000,1.000,0,0,0,2,2,0,0,2,0.0,0,0,0.0,0.0,1.0
"F[1,1](Pt_A1cGoalLev >= 0.000 | BldPrDia >= 62.989)
",0.000,0.000,0.000,0.000,1.000,0,0,0,2,2,0,0,2,0.0,0,0,0.0,0.0,1.0
"((Pt_SiblingT1D >= 0.000) U[0,1] (Pt_A1cGoalLev <= 0.000))
",-9999999.000,-9999999.000,0.000,0.000,1.000,0,0,0,2,2,0,0,2,0.0,0,0,0.0,0.0,1.0
"((DirectLDL <= 0.000) U[0,1] (Triglyc >= 0.000))
",-9999999.000,-9999999.000,0.000,0.000,1.000,0,0,0,2,2,0,0,2,0.0,0,0,0.0,0.0,1.0
"F[1,2]((diagAgeCombo <= 4.718 -> TSH >= 0.375) | BldPrSys >= 0.351)
",-9999999.000,-9999999.000,0.000,0.000,1.000,0,0,0,2,2,0,0,2,0.0,0,0,0.0,0.0,1.0
"F[2,2]((AutonomicNeuroCl <= 0.000 -> Pt_InsGov >= 0.000) | Pt_ChildT1D >= 0.000)
",0.000,0.000,0.000,0.000,1.000,0,0,0,2,2,0,0,2,0.0,0,0,0.0,0.0,1.0
"((Pt_FatherT1D >= 0.000) U[0,2] (BldPrSys <= 110.914))
",-9999999.000,-9999999.000,0.000,0.000,1.000,0,0,0,2,2,0,0,2,0.0,0,0,0.0,0.0,1.0
"F[0,1](((bmiZscore >= -0.167 | Pt_InsGov <= 0.000) | TotalDailyInsPerKg <= 0.000) & HbA1cImputeDtMnC >= 0.000)
",-9999999.000,-9999999.000,0.000,0.000,1.000,0,0,0,2,2,0,0,2,0.0,0,0,0.0,0.0,1.0
"F[1,2](Pt_FatherT1D >= 0.000 & Pt_FatherT1D >= 0.000)
",-9999999.000,-9999999.000,0.000,0.000,1.000,0,0,0,2,2,0,0,2,0.0,0,0,0.0,0.0,1.0
"F[0,2](BldPrDia <= 75.948 & Pt_A1cGoalLev <= 0.000)
",-9999999.000,-9999999.000,0.000,0.000,1.000,0,0,0,2,2,0,0,2,0.0,0,0,0.0,0.0,1.0
"((Pt_GrandchildT1D >= 0.000) U[0,2] (Pt_CGMUseNumDays >= 3.980))
",-9999999.000,-9999999.000,0.000,0.000,1.000,0,0,0,2,2,0,0,2,0.0,0,0,0.0,0.0,1.0
"F[1,1](Pt_SiblingT1D <= 0.000 | BGTestAvgNumPtRep <= 1.600)
",1.600,1.600,0.000,0.000,1.000,0,0,0,2,2,0,0,2,0.0,0,0,0.0,0.0,1.0
"F[1,1]((Pt_MotherT1D <= 0.000 -> BldPrDia <= 70.551) -> BGTestAvgNumMeter <= 73.585)
",-73.585,-73.585,0.000,0.000,1.000,0,0,0,2,2,0,0,2,0.0,0,0,0.0,0.0,1.0
"((DirectLDL >= 0.000) U[1,2] (Pt_GrandchildT1D >= 0.000))
",-9999999.000,-9999999.000,0.000,0.000,1.000,0,0,0,2,2,0,0,2,0.0,0,0,0.0,0.0,1.0
"F[1,2](((Pt_InsGov <= 0.000 & AlbCreatRat_mggNew <= 0.000) | Pt_ChildT1D <= 0.000) -> Pt_InsGov <= 0.000)
",-9999999.000,-9999999.000,0.000,0.000,1.000,0,0,0,2,2,0,0,2,0.0,0,0,0.0,0.0,1.0
"((HbA1c >= 7.092) U[2,2] (BUN >= 3.502))
",-3.502,-3.502,0.000,0.000,1.000,0,0,0,2,2,0,0,2,0.0,0,0,0.0,0.0,1.0
"F[0,0](TotChol <= 0.000 -> Pt_ChildT1D <= 0.000)
",0.000,0.000,0.000,0.000,1.000,0,0,0,2,2,0,0,2,0.0,0,0,0.0,0.0,1.0
"F[0,0](LDL <= 0.000 | LDL >= 0.000)
",1.000,0.336,0.000,0.000,1.000,0,0,0,2,2,0,0,2,0.0,0,0,0.0,0.0,1.0
"F[1,2](BUN >= 0.966 -> diagAgeCombo <= 1.781)
",-9999999.000,-9999999.000,0.000,0.000,1.000,0,0,0,2,2,0,0,2,0.0,0,0,0.0,0.0,1.0
"F[0,2]((age >= 7.112 & Pt_A1cGoalLev <= 0.000) -> HeightCm >= 0.000)
",-9999999.000,-9999999.000,0.000,0.000,1.000,0,0,0,2,2,0,0,2,0.0,0,0,0.0,0.0,1.0
"F[1,2]((diagAgeCombo <= 4.412 | age >= 7.267) & Pt_DKAFlg <= 8.373)
",-9999999.000,-9999999.000,0.000,0.000,1.000,0,0,0,2,2,0,0,2,0.0,0,0,0.0,0.0,1.0
"F[0,2](((Pt_SiblingT1D <= 0.000 | Pt_DKAFlg >= 0.000) -> GFR <= 0.000) | bmiZscore >= 0.000)
",-9999999.000,-9999999.000,0.000,0.000,1.000,0,0,0,2,2,0,0,2,0.0,0,0,0.0,0.0,1.0
"F[1,1]((WeightKg <= 27.574 & Pt_InsGov <= 0.000) -> Pt_GrandchildT1D >= 0.000)
",0.000,0.000,0.000,0.000,1.000,0,0,0,2,2,0,0,2,0.0,0,0,0.0,0.0,1.0
"F[1,2]((HDL <= 0.000 -> TotChol >= 0.000) -> Pt_A1cGoalLev >= 0.000)
",-9999999.000,-9999999.000,0.000,0.000,1.000,0,0,0,2,2,0,0,2,0.0,0,0,0.0,0.0,1.0
"F[2,2]((GFR <= 0.000 & TotChol >= 0.000) & Pt_GrandchildT1D <= 0.000)
",0.000,0.000,0.000,0.000,1.000,0,0,0,2,2,0,0,2,0.0,0,0,0.0,0.0,1.0
"F[1,2]((Pt_InsGov >= 0.000 | Pt_CGMUseNumDays <= 8.186) | age >= 1.605)
",-9999999.000,-9999999.000,0.000,0.000,1.000,0,0,0,2,2,0,0,2,0.0,0,0,0.0,0.0,1.0
"F[0,2]((HDL <= 0.000 | BGTestAvgNumPtRep <= 1.308) | diagAgeCombo <= 3.594)
",-9999999.000,-9999999.000,0.000,0.000,1.000,0,0,0,2,2,0,0,2,0.0,0,0,0.0,0.0,1.0
"F[0,2](((Pt_GrandparentT1D <= 0.000 -> bmiPerc <= 0.695) -> Pt_GrandparentT1D >= 0.424) | WeightKg <= 0.755)
",-9999999.000,-9999999.000,0.000,0.000,1.000,0,0,0,2,2,0,0,2,0.0,0,0,0.0,0.0,1.0
"F[1,2]((bmiPerc >= 0.541 -> BGTestAvgNumMeter >= 5.962) & Pt_SiblingT1D >= 6.182)
",-9999999.000,-9999999.000,0.000,0.000,1.000,0,0,0,2,2,0,0,2,0.0,0,0,0.0,0.0,1.0
"F[2,2](((Pt_A1cGoalLev <= 0.000 | Pt_DKAFlg <= 0.000) & age >= 0.000) -> Pt_ChildT1D >= 0.000)
",0.000,0.000,0.000,0.000,1.000,0,0,0,2,2,0,0,2,0.0,0,0,0.0,0.0,1.0
"F[0,1](UnitsInsBasalOrLongAct <= 7.402 -> Pt_GrandparentT1D >= 0.000)
",-9999999.000,-9999999.000,0.000,0.000,1.000,0,0,0,2,2,0,0,2,0.0,0,0,0.0,0.0,1.0
"F[2,2]((AlbCreatRat_mggNew >= 0.000 & WeightKg >= 27.069) & HDL >= 25.633)
",-27.069,-27.069,0.000,0.000,1.000,0,0,0,2,2,0,0,2,0.0,0,0,0.0,0.0,1.0
"F[0,1]((Pt_CGMUseNumDays >= 5.063 & Pt_DKAFlg >= 0.000) | TSH <= 0.000)
",-9999999.000,-9999999.000,0.000,0.000,1.000,0,0,0,2,2,0,0,2,0.0,0,0,0.0,0.0,1.0
"F[1,2](LDL >= 0.000 & SMBGperDayPtMeterCombo >= 5.878)
",-9999999.000,-9999999.000,0.000,0.000,1.000,0,0,0,2,2,0,0,2,0.0,0,0,0.0,0.0,1.0
"F[1,2](((Pt_InsGov >= 0.000 & SMBGperDayPtMeterCombo <= 7.160) -> Pt_ChildT1D <= 6.449) & Pt_ChildT1D >= 5.846)
",-9999999.000,-9999999.000,0.000,0.000,1.000,0,0,0,2,2,0,0,2,0.0,0,0,0.0,0.0,1.0
"F[2,2](Pt_ChildT1D <= 0.000 & TotChol >= 0.000)
",0.000,0.000,0.000,0.000,1.000,0,0,0,2,2,0,0,2,0.0,0,0,0.0,0.0,1.0
"F[2,2](TotChol <= 0.000 | HbA1cImputeDtMnC >= 15.628)
",0.000,0.000,0.000,0.000,1.000,0,0,0,2,2,0,0,2,0.0,0,0,0.0,0.0,1.0
"F[2,2]((Pt_SHFlg <= 0.000 | Pt_DKAFlg >= 0.000) | BldPrSys >= 0.000)
",0.000,0.000,0.000,0.000,1.000,0,0,0,2,2,0,0,2,0.0,0,0,0.0,0.0,1.0
"F[2,2](((LDL <= 0.000 & UnitsInsBasalOrLongAct <= 7.353) -> Pt_A1cGoalLevelDsYr5 >= 2.386) & Pt_ChildT1D <= 7.465)
",0.000,0.000,0.000,0.000,1.000,0,0,0,2,2,0,0,2,0.0,0,0,0.0,0.0,1.0
"F[0,1](((Pt_MotherT1D <= 0.000 & bmi >= 15.208) & WeightKg <= 15.939) -> AlbCreatRat_mggNew >= 15.466)
",-9999999.000,-9999999.000,0.000,0.000,1.000,0,0,0,2,2,0,0,2,0.0,0,0,0.0,0.0,1.0
"F[2,2]((BUN <= 9.659 | DirectLDL >= 0.000) -> HbA1c >= 0.000)
",-9.659,-9.659,0.000,0.000,1.000,0,0,0,2,2,0,0,2,0.0,0,0,0.0,0.0,1.0
"F[2,2]((BGTestAvgNumPtRep >= 0.319 | AutonomicNeuroCl >= 0.000) -> Pt_InsGov >= 0.000)
",0.000,0.000,0.000,0.000,1.000,0,0,0,2,2,0,0,2,0.0,0,0,0.0,0.0,1.0
"F[0,2](((Pt_ChildT1D <= 0.000 -> DirectLDL >= 0.000) & TotalDailyInsPerKg >= 0.000) | age >= 0.000)
",-9999999.000,-9999999.000,0.000,0.000,1.000,0,0,0,2,2,0,0,2,0.0,0,0,0.0,0.0,1.0
"F[1,1]((BUN >= 2.901 | HDL >= 0.000) | AutonomicNeuroCl >= 0.000)
",0.000,0.000,0.000,0.000,1.000,0,0,0,2,2,0,0,2,0.0,0,0,0.0,0.0,1.0
"((DirectLDL <= 0.000) U[1,2] (LDL >= 0.000))
",-9999999.000,-9999999.000,0.000,0.000,1.000,0,0,0,2,2,0,0,2,0.0,0,0,0.0,0.0,1.0
"((BldPrDia <= 71.615) U[0,2] (BGTestAvgNumPtRep >= 0.592))
",-9999999.000,-9999999.000,0.000,0.000,1.000,0,0,0,2,2,0,0,2,0.0,0,0,0.0,0.0,1.0
"F[1,2](((SMBGperDayPtMeterCombo <= 8.917 -> diabDur <= 1.879) -> diagAgeCombo >= 0.583) & Pt_A1cGoalLevelDsYr5 >= 0.348)
",-9999999.000,-9999999.000,0.000,0.000,1.000,0,0,0,2,2,0,0,2,0.0,0,0,0.0,0.0,1.0
"F[0,2]((BGTestAvgNumMeter >= 5.189 | Pt_GrandchildT1D <= 0.000) & TSH <= 0.000)
",-9999999.000,-9999999.000,0.000,0.000,1.000,0,0,0,2,2,0,0,2,0.0,0,0,0.0,0.0,1.0
"F[0,1](((HeightCm <= 136.755 & LDL >= 0.000) | diagAgeCombo <= 0.000) & BUN <= 0.000)
",-9999999.000,-9999999.000,0.000,0.000,1.000,0,0,0,2,2,0,0,2,0.0,0,0,0.0,0.0,1.0
"F[0,0](((bmiZscore <= 0.704 & GFR >= 0.000) & BldPrDia <= 0.000) -> SMBGperDayPtMeterCombo <= 0.000)
",8.500,68.000,0.000,0.000,1.000,0,0,0,2,2,0,0,2,0.0,0,0,0.0,0.0,1.0
"F[0,0](BGTestAvgNumMeter >= 5.081 | BGTestAvgNumPtRep <= 3.157)
",0.946,1.419,0.000,0.000,1.000,0,0,0,2,2,0,0,2,0.0,0,0,0.0,0.0,1.0
"F[0,1]((HbA1cImputeDtMnC >= 15.856 -> Triglyc <= 0.000) -> TSH <= 0.000)
",-9999999.000,-9999999.000,0.000,0.000,1.000,0,0,0,2,2,0,0,2,0.0,0,0,0.0,0.0,1.0
"F[1,2](((Pt_MotherT1D >= 0.000 & BGTestAvgNumPtRep <= 3.393) & Pt_SiblingT1D >= 0.004) -> BGTestAvgNumMeter >= 0.357)
",-9999999.000,-9999999.000,0.000,0.000,1.000,0,0,0,2,2,0,0,2,0.0,0,0,0.0,0.0,1.0
"F[2,2](Pt_CGMUseNumDays <= 13.640 -> bmiPerc >= 0.513)
",-13.640,-13.640,0.000,0.000,1.000,0,0,0,2,2,0,0,2,0.0,0,0,0.0,0.0,1.0
"F[1,2](((Pt_SiblingT1D <= 0.000 | diagAgeCombo <= 5.180) | GFR >= 1.225) -> HeightCm >= 0.675)
",-9999999.000,-9999999.000,0.000,0.000,1.000,0,0,0,2,2,0,0,2,0.0,0,0,0.0,0.0,1.0
"F[0,1](((Pt_GrandparentT1D <= 0.000 -> AutonomicNeuroCl <= 0.000) & AutonomicNeuroCl <= 0.000) -> Pt_ChildT1D >= 0.000)
",-9999999.000,-9999999.000,0.000,0.000,1.000,0,0,0,2,2,0,0,2,0.0,0,0,0.0,0.0,1.0
"F[1,2](Pt_FatherT1D >= 0.000 | Pt_GrandparentT1D >= 0.000)
",-9999999.000,-9999999.000,0.000,0.000,1.000,0,0,0,2,2,0,0,2,0.0,0,0,0.0,0.0,1.0
"F[1,2]((Pt_GrandchildT1D >= 0.000 | WeightKg <= 30.223) | AutonomicNeuroCl <= 30.237)
",-9999999.000,-9999999.000,0.000,0.000,1.000,0,0,0,2,2,0,0,2,0.0,0,0,0.0,0.0,1.0
"F[1,2](((Pt_GrandchildT1D >= 0.000 | BUN <= 21.117) & diagAgeCombo >= 3.864) | GFR <= 9.043)
",-9999999.000,-9999999.000,0.000,0.000,1.000,0,0,0,2,2,0,0,2,0.0,0,0,0.0,0.0,1.0
"((diabDur >= 0.980) U[0,1] (NumPumpBolusOrShortAct <= 4.286))
",-9999999.000,-9999999.000,0.000,0.000,1.000,0,0,0,2,2,0,0,2,0.0,0,0,0.0,0.0,1.0
"F[0,1](bmiPerc >= 0.448 -> SMBGperDayPtMeterCombo <= 7.969)
",-9999999.000,-9999999.000,0.000,0.000,1.000,0,0,0,2,2,0,0,2,0.0,0,0,0.0,0.0,1.0
"F[2,2]((BldPrSys <= 111.362 | Pt_A1cGoalLev >= 0.000) -> GFR <= 0.000)
",-111.362,-111.362,0.000,0.000,1.000,0,0,0,2,2,0,0,2,0.0,0,0,0.0,0.0,1.0
"F[1,1](Pt_A1cGoalLev <= 0.000 & SMBGperDayPtMeterCombo <= 7.707)
",0.000,0.000,0.000,0.000,1.000,0,0,0,2,2,0,0,2,0.0,0,0,0.0,0.0,1.0
"((Pt_MotherT1D >= 0.000) U[2,2] (Pt_A1cGoalLevelDsYr5 <= 0.000))
",0.000,0.000,0.000,0.000,1.000,0,0,0,2,2,0,0,2,0.0,0,0,0.0,0.0,1.0
"F[0,1](((TSH <= 1.827 -> Pt_InsGov >= 0.000) & GFR <= 0.000) | Pt_ChildT1D <= 0.000)
",-9999999.000,-9999999.000,0.000,0.000,1.000,0,0,0,2,2,0,0,2,0.0,0,0,0.0,0.0,1.0
"F[0,0](bmiZscore >= 0.092 -> Pt_MotherT1D <= 0.000)
",-18.346,-0.423,0.000,0.000,1.000,0,0,0,2,2,0,0,2,0.0,0,0,0.0,0.0,1.0
"((Triglyc >= 0.000) U[2,2] (Triglyc <= 0.000))
",0.000,0.000,0.000,0.000,1.000,0,0,0,2,2,0,0,2,0.0,0,0,0.0,0.0,1.0
"F[0,1](((Pt_MotherT1D <= 0.000 | Pt_FatherT1D >= 0.000) -> BldPrDia <= 0.000) | Pt_GrandparentT1D >= 0.000)
",-9999999.000,-9999999.000,0.000,0.000,1.000,0,0,0,2,2,0,0,2,0.0,0,0,0.0,0.0,1.0
"F[0,2]((Pt_DKAFlg >= 0.000 -> Pt_MotherT1D >= 0.000) | Pt_SHFlg >= 0.000)
",-9999999.000,-9999999.000,0.000,0.000,1.000,0,0,0,2,2,0,0,2,0.0,0,0,0.0,0.0,1.0
"F[0,2](((BGTestAvgNumPtRep <= 2.264 | HeightCm <= 131.981) & AlbCreatRat_mggNew <= 134.916) & AutonomicNeuroCl <= 134.408)
",-9999999.000,-9999999.000,0.000,0.000,1.000,0,0,0,2,2,0,0,2,0.0,0,0,0.0,0.0,1.0
"F[0,2](((diagAgeCombo <= 4.733 | UnitsInsBasalOrLongAct >= 3.777) | DirectLDL >= 2.188) & AlbCreatRat_mggNew >= 2.379)
",-9999999.000,-9999999.000,0.000,0.000,1.000,0,0,0,2,2,0,0,2,0.0,0,0,0.0,0.0,1.0
"F[1,2]((bmi >= 15.673 | TSH >= 0.085) -> BGTestAvgNumMeter <= 1.362)
",-9999999.000,-9999999.000,0.000,0.000,1.000,0,0,0,2,2,0,0,2,0.0,0,0,0.0,0.0,1.0
"F[0,1]((DirectLDL >= 0.000 | TotChol <= 0.000) | Pt_DKAFlg >= 0.000)
",-9999999.000,-9999999.000,0.000,0.000,1.000,0,0,0,2,2,0,0,2,0.0,0,0,0.0,0.0,1.0
"F[0,2](((Pt_ChildT1D <= 0.000 & BldPrSys <= 114.812) & BldPrDia >= 105.737) | SMBGperDayPtMeterCombo >= 104.099)
",-9999999.000,-9999999.000,0.000,0.000,1.000,0,0,0,2,2,0,0,2,0.0,0,0,0.0,0.0,1.0
"F[2,2]((TSH >= 0.071 | Pt_GrandparentT1D <= 0.000) | bmiZscore <= 0.000)
",0.000,0.000,0.000,0.000,1.000,0,0,0,2,2,0,0,2,0.0,0,0,0.0,0.0,1.0
"F[0,2]((Pt_GrandchildT1D <= 0.000 | Pt_FatherT1D <= 0.000) & Triglyc >= 0.000)
",-9999999.000,-9999999.000,0.000,0.000,1.000,0,0,0,2,2,0,0,2,0.0,0,0,0.0,0.0,1.0
"((NumPumpBolusOrShortAct <= 5.007) U[0,1] (bmiZscore <= 0.509))
",-9999999.000,-9999999.000,0.000,0.000,1.000,0,0,0,2,2,0,0,2,0.0,0,0,0.0,0.0,1.0
"F[1,1](BGTestAvgNumMeter >= 5.579 -> Pt_DKAFlg >= 0.000)
",0.000,0.000,0.000,0.000,1.000,0,0,0,2,2,0,0,2,0.0,0,0,0.0,0.0,1.0
"F[2,2](((AutonomicNeuroCl <= 0.000 & Pt_A1cGoalLevelDsYr5 >= 0.000) | BldPrSys >= 0.000) | diagAgeCombo >= 0.000)
",0.000,0.000,0.000,0.000,1.000,0,0,0,2,2,0,0,2,0.0,0,0,0.0,0.0,1.0
"((Pt_A1cGoalLevelDsYr5 <= 0.000) U[0,1] (bmiZscore <= 0.151))
",-9999999.000,-9999999.000,0.000,0.000,1.000,0,0,0,2,2,0,0,2,0.0,0,0,0.0,0.0,1.0
"F[0,1]((Pt_ChildT1D <= 0.000 | Pt_CGMUseNumDays <= 15.771) | TotalDailyInsPerKg <= 15.234)
",-9999999.000,-9999999.000,0.000,0.000,1.000,0,0,0,2,2,0,0,2,0.0,0,0,0.0,0.0,1.0
"((age >= 7.377) U[0,1] (bmi >= 15.317))
",-9999999.000,-9999999.000,0.000,0.000,1.000,0,0,0,2,2,0,0,2,0.0,0,0,0.0,0.0,1.0
"((AlbCreatRat_mggNew <= 0.000) U[1,2] (HeightCm <= 135.343))
",-9999999.000,-9999999.000,0.000,0.000,1.000,0,0,0,2,2,0,0,2,0.0,0,0,0.0,0.0,1.0
"F[1,2](((diabDur <= 1.718 -> Pt_MotherT1D <= 0.000) | Pt_SHFlg >= 0.000) -> SMBGperDayPtMeterCombo >= 0.000)
",-9999999.000,-9999999.000,0.000,0.000,1.000,0,0,0,2,2,0,0,2,0.0,0,0,0.0,0.0,1.0
"((TSH <= 1.748) U[2,2] (SMBGperDayPtMeterCombo >= 5.537))
",1.748,1.748,0.000,0.000,1.000,0,0,0,2,2,0,0,2,0.0,0,0,0.0,0.0,1.0
"F[0,2]((bmiPerc <= 0.734 -> TotalDailyInsPerKg >= 0.159) & BldPrDia <= 0.607)
",-9999999.000,-9999999.000,0.000,0.000,1.000,0,0,0,2,2,0,0,2,0.0,0,0,0.0,0.0,1.0
"F[0,2](((Pt_FatherT1D <= 0.000 & Pt_DKAFlg >= 0.000) | GFR >= 0.000) -> SMBGperDayPtMeterCombo >= 0.000)
",-9999999.000,-9999999.000,0.000,0.000,1.000,0,0,0,2,2,0,0,2,0.0,0,0,0.0,0.0,1.0
"F[2,2](((BldPrDia >= 62.464 | HbA1c >= 7.049) & UnitsInsBasalOrLongAct >= 6.764) | Pt_ChildT1D >= 7.064)
",-7.049,-7.049,0.000,0.000,1.000,0,0,0,2,2,0,0,2,0.0,0,0,0.0,0.0,1.0
"F[0,2]((TotalDailyInsPerKg <= 0.477 | Pt_InsGov <= 0.000) -> bmi >= 0.000)
",-9999999.000,-9999999.000,0.000,0.000,1.000,0,0,0,2,2,0,0,2,0.0,0,0,0.0,0.0,1.0
"F[0,1](TotalDailyInsPerKg >= 0.038 & HeightCm <= 136.082)
",-9999999.000,-9999999.000,0.000,0.000,1.000,0,0,0,2,2,0,0,2,0.0,0,0,0.0,0.0,1.0
"F[1,2]((GFR <= 0.000 & GFR <= 0.000) & bmiPerc >= 0.000)
",-9999999.000,-9999999.000,0.000,0.000,1.000,0,0,0,2,2,0,0,2,0.0,0,0,0.0,0.0,1.0
"F[0,1](((Pt_GrandparentT1D <= 0.000 | Pt_GrandchildT1D <= 0.000) | bmiZscore >= 0.000) | AlbCreatRat_mggNew <= 0.000)
",-9999999.000,-9999999.000,0.000,0.000,1.000,0,0,0,2,2,0,0,2,0.0,0,0,0.0,0.0,1.0
"F[0,2](TSH >= 0.275 | BldPrDia <= 66.338)
",-9999999.000,-9999999.000,0.000,0.000,1.000,0,0,0,2,2,0,0,2,0.0,0,0,0.0,0.0,1.0
"F[1,2](((Pt_A1cGoalLev <= 0.000 & diagAgeCombo >= 0.341) & BldPrDia >= 0.303) | TotChol <= 3.408)
",-9999999.000,-9999999.000,0.000,0.000,1.000,0,0,0,2,2,0,0,2,0.0,0,0,0.0,0.0,1.0
"F[1,2]((Pt_ChildT1D >= 0.000 & HeightCm >= 127.396) & HbA1c <= 132.024)
",-9999999.000,-9999999.000,0.000,0.000,1.000,0,0,0,2,2,0,0,2,0.0,0,0,0.0,0.0,1.0
"F[1,1]((LDL >= 0.000 | Pt_GrandchildT1D <= 0.000) | Pt_CGMUseNumDays >= 0.000)
",0.000,0.000,0.000,0.000,1.000,0,0,0,2,2,0,0,2,0.0,0,0,0.0,0.0,1.0
"F[2,2](LDL <= 0.000 -> Pt_ChildT1D >= 0.000)
",0.000,0.000,0.000,0.000,1.000,0,0,0,2,2,0,0,2,0.0,0,0,0.0,0.0,1.0
"F[1,2](((Pt_CGMUseNumDays >= 6.889 | BldPrDia <= 69.489) | Pt_GrandparentT1D <= 67.803) | BldPrSys <= 71.411)
",-9999999.000,-9999999.000,0.000,0.000,1.000,0,0,0,2,2,0,0,2,0.0,0,0,0.0,0.0,1.0
"F[1,1](Pt_GrandchildT1D <= 0.000 & DirectLDL <= 0.000)
",0.000,0.000,0.000,0.000,1.000,0,0,0,2,2,0,0,2,0.0,0,0,0.0,0.0,1.0
"F[1,1]((Pt_A1cGoalLevelDsYr5 >= 0.000 | LDL <= 0.000) & Pt_GrandchildT1D <= 0.000)
",0.000,0.000,0.000,0.000,1.000,0,0,0,2,2,0,0,2,0.0,0,0,0.0,0.0,1.0
"F[1,2](((Pt_GrandparentT1D <= 0.000 | Pt_GrandchildT1D <= 0.000) & SMBGperDayPtMeterCombo >= 0.000) -> UnitsInsBasalOrLongAct <= 0.000)
",-9999999.000,-9999999.000,0.000,0.000,1.000,0,0,0,2,2,0,0,2,0.0,0,0,0.0,0.0,1.0
"((LDL >= 0.000) U[0,1] (Pt_GrandparentT1D >= 0.000))
",-9999999.000,-9999999.000,0.000,0.000,1.000,0,0,0,2,2,0,0,2,0.0,0,0,0.0,0.0,1.0
"((HbA1c <= 8.017) U[0,0] (LDL >= 0.000))
",8.017,8.017,0.000,0.000,1.000,0,0,0,2,2,0,0,2,0.0,0,0,0.0,0.0,1.0
"F[0,2](((Pt_CGMUseNumDays <= 15.880 | Pt_SHFlg <= 0.000) & BUN >= 0.000) | Triglyc <= 0.000)
",-9999999.000,-9999999.000,0.000,0.000,1.000,0,0,0,2,2,0,0,2,0.0,0,0,0.0,0.0,1.0
"F[0,0]((diagAgeCombo >= 0.675 -> diagAgeCombo >= 0.212) & NumPumpBolusOrShortAct >= 0.431)
",-0.431,-0.431,0.000,0.000,1.000,0,0,0,2,2,0,0,2,0.0,0,0,0.0,0.0,1.0
"F[0,2](BUN >= 4.650 | TotalDailyInsPerKg >= 0.314)
",-9999999.000,-9999999.000,0.000,0.000,1.000,0,0,0,2,2,0,0,2,0.0,0,0,0.0,0.0,1.0
"F[0,1](((BldPrDia >= 60.032 & BUN <= 16.578) | NumPumpBolusOrShortAct >= 0.388) -> Triglyc <= 19.710)
",-9999999.000,-9999999.000,0.000,0.000,1.000,0,0,0,2,2,0,0,2,0.0,0,0,0.0,0.0,1.0
"F[1,2]((HbA1c <= 7.406 | WeightKg <= 29.533) | GFR >= 27.316)
",-9999999.000,-9999999.000,0.000,0.000,1.000,0,0,0,2,2,0,0,2,0.0,0,0,0.0,0.0,1.0
"F[1,2]((BUN <= 11.421 -> NumPumpBolusOrShortAct >= 1.665) & age <= 4.387)
",-9999999.000,-9999999.000,0.000,0.000,1.000,0,0,0,2,2,0,0,2,0.0,0,0,0.0,0.0,1.0
"F[0,2](((age <= 7.645 | HeightCm >= 128.179) -> BldPrDia <= 136.640) | GFR >= 128.036)
",-9999999.000,-9999999.000,0.000,0.000,1.000,0,0,0,2,2,0,0,2,0.0,0,0,0.0,0.0,1.0
"F[2,2](((bmiPerc >= 0.437 | bmiZscore >= 0.089) -> age >= 0.125) | diagAgeCombo <= 0.434)
",0.434,0.434,0.000,0.000,1.000,0,0,0,2,2,0,0,2,0.0,0,0,0.0,0.0,1.0
"((Pt_InsGov <= 0.000) U[0,1] (Pt_SHFlg = 0.000))
",-9999999.000,-9999999.000,0.000,0.000,1.000,0,0,0,2,2,0,0,2,0.0,0,0,0.0,0.0,1.0
"F[0,2](((BGTestAvgNumMeter >= 6.155 | TSH >= 0.053) & GFR >= 0.197) -> TSH >= 0.163)
",-9999999.000,-9999999.000,0.000,0.000,1.000,0,0,0,2,2,0,0,2,0.0,0,0,0.0,0.0,1.0
"((AutonomicNeuroCl >= 0.000) U[0,2] (Pt_SHFlg = 0.000))
",-9999999.000,-9999999.000,0.000,0.000,1.000,0,0,0,2,2,0,0,2,0.0,0,0,0.0,0.0,1.0
"((Pt_CGMUseNumDays <= 24.686) U[0,1] (Pt_SHFlg = 0.000))
",-9999999.000,-9999999.000,0.000,0.000,1.000,0,0,0,2,2,0,0,2,0.0,0,0,0.0,0.0,1.0
"((Pt_GrandchildT1D <= 0.000) U[0,1] (Pt_SHFlg = 0.000))
",-9999999.000,-9999999.000,0.000,0.000,1.000,0,0,0,2,2,0,0,2,0.0,0,0,0.0,0.0,1.0
"((SMBGperDayPtMeterCombo >= 5.216) U[0,2] (Pt_SHFlg = 0.000))
",-9999999.000,-9999999.000,0.000,0.000,1.000,0,0,0,2,2,0,0,2,0.0,0,0,0.0,0.0,1.0
"F[1,2](Triglyc > 0.000 -> Pt_SHFlg = 0.000)
",-9999999.000,-9999999.000,0.000,0.000,1.000,0,0,0,2,2,0,0,2,0.0,0,0,0.0,0.0,1.0
"((Pt_SiblingT1D >= 0.000) U[0,2] (Pt_SHFlg = 0.000))
",-9999999.000,-9999999.000,0.000,0.000,1.000,0,0,0,2,2,0,0,2,0.0,0,0,0.0,0.0,1.0
"((age >= 7.295) U[0,2] (UnitsInsBasalOrLongAct >= 2.022))
",-9999999.000,-9999999.000,0.000,0.000,1.000,0,0,0,2,2,0,0,2,0.0,0,0,0.0,0.0,1.0
"((Pt_CGMUseNumDays >= 4.257) U[0,1] (SMBGperDayPtMeterCombo >= 5.244))
",-9999999.000,-9999999.000,0.000,0.000,1.000,0,0,0,2,2,0,0,2,0.0,0,0,0.0,0.0,1.0
"F[1,2](BUN >= 5.511 | DirectLDL <= 0.000)
",-9999999.000,-9999999.000,0.000,0.000,1.000,0,0,0,2,2,0,0,2,0.0,0,0,0.0,0.0,1.0
"F[1,2](diabDur >= 0.562 & WeightKg <= 28.601)
",-9999999.000,-9999999.000,0.000,0.000,1.000,0,0,0,2,2,0,0,2,0.0,0,0,0.0,0.0,1.0
"F[1,2](HbA1cImputeDtMnC <= 30.505 & SMBGperDayPtMeterCombo >= 5.576)
",-9999999.000,-9999999.000,0.000,0.000,1.000,0,0,0,2,2,0,0,2,0.0,0,0,0.0,0.0,1.0
"F[1,2](BGTestAvgNumPtRep >= 0.134 | BldPrSys <= 105.905)
",-9999999.000,-9999999.000,0.000,0.000,1.000,0,0,0,2,2,0,0,2,0.0,0,0,0.0,0.0,1.0
"F[2,2](((BGTestAvgNumPtRep >= 0.454 | HbA1cImputeDtMnC <= 30.042) -> Pt_MotherT1D <= 21.986) & Pt_InsGov <= 25.279)
",-30.042,-30.042,0.000,0.000,1.000,0,0,0,2,2,0,0,2,0.0,0,0,0.0,0.0,1.0
"F[0,0]((HbA1cImputeDtMnC <= 30.217 -> Pt_CGMUseNumDays >= 5.533) | bmiZscore <= 12.198)
",506.712,11.683,0.000,0.000,1.000,0,0,0,2,2,0,0,2,0.0,0,0,0.0,0.0,1.0
"F[2,2](((HeightCm >= 124.827 | TSH <= 1.105) | bmiZscore >= 0.518) | diagAgeCombo >= 0.509)
",1.105,1.105,0.000,0.000,1.000,0,0,0,2,2,0,0,2,0.0,0,0,0.0,0.0,1.0
"((bmi <= 16.132) U[0,1] (bmiZscore <= 0.438))
",-9999999.000,-9999999.000,0.000,0.000,1.000,0,0,0,2,2,0,0,2,0.0,0,0,0.0,0.0,1.0
"((BldPrDia <= 65.632) U[2,2] (HbA1c <= 8.096))
",65.632,65.632,0.000,0.000,1.000,0,0,0,2,2,0,0,2,0.0,0,0,0.0,0.0,1.0
"F[0,1](diabDur >= 1.212 | HbA1cImputeDtMnC >= 7.433)
",-9999999.000,-9999999.000,0.000,0.000,1.000,0,0,0,2,2,0,0,2,0.0,0,0,0.0,0.0,1.0
"F[2,2](((BldPrSys >= 99.114 | diabDur >= 1.080) & Pt_A1cGoalLev >= 0.313) | bmi <= 1.785)
",1.785,1.785,0.000,0.000,1.000,0,0,0,2,2,0,0,2,0.0,0,0,0.0,0.0,1.0
"F[1,2]((diabDur <= 1.350 | TSH >= 0.525) -> Triglyc >= 0.407)
",-9999999.000,-9999999.000,0.000,0.000,1.000,0,0,0,2,2,0,0,2,0.0,0,0,0.0,0.0,1.0
"F[0,2](((BldPrDia <= 71.338 | WeightKg <= 28.171) & HeightCm <= 30.025) -> Pt_DKAFlg <= 28.744)
",-9999999.000,-9999999.000,0.000,0.000,1.000,0,0,0,2,2,0,0,2,0.0,0,0,0.0,0.0,1.0
"F[0,2](HbA1c <= 7.870 | HbA1cImputeDtMnC <= 27.381)
",-9999999.000,-9999999.000,0.000,0.000,1.000,0,0,0,2,2,0,0,2,0.0,0,0,0.0,0.0,1.0
"F[1,1]((HeightCm <= 134.715 & WeightKg <= 28.749) | TSH <= 29.045)
",29.045,29.045,0.000,0.000,1.000,0,0,0,2,2,0,0,2,0.0,0,0,0.0,0.0,1.0
"F[0,0]((bmiPerc >= 0.419 | Pt_CGMUseNumDays >= 2.591) -> Pt_InsGov <= 12.719)
",-29825.409,-29825.409,0.000,0.000,1.000,0,0,0,2,2,0,0,2,0.0,0,0,0.0,0.0,1.0
"((BUN >= 3.747) U[0,1] (Pt_SHFlg = 0.000))
",-9999999.000,-9999999.000,0.000,0.000,1.000,0,0,0,2,2,0,0,2,0.0,0,0,0.0,0.0,1.0
"F[1,2](HbA1c >= 7.194 & Pt_SHFlg = 0.000)
",-9999999.000,-9999999.000,0.000,0.000,1.000,0,0,0,2,2,0,0,2,0.0,0,0,0.0,0.0,1.0
"((Pt_GrandparentT1D < 0.000) U[0,2] (Pt_SHFlg = 0.000))
",-9999999.000,-9999999.000,0.000,0.000,1.000,0,0,0,2,2,0,0,2,0.0,0,0,0.0,0.0,1.0
"F[0,0](HbA1c >= 7.121 -> Pt_A1cGoalLevelDsYr5 = 0.000)
",0.000,0.000,0.000,0.000,1.000,0,0,0,2,2,0,0,2,0.0,0,0,0.0,0.0,1.0
"F[0,2](HbA1c >= 6.720 -> Pt_A1cGoalLevelDsYr5 = 0.000)
",-9999999.000,-9999999.000,0.000,0.000,1.000,0,0,0,2,2,0,0,2,0.0,0,0,0.0,0.0,1.0
"((BGTestAvgNumMeter >= 5.156) U[1,1] (BGTestAvgNumPtRep <= 1.417))
",1.417,1.417,0.000,0.000,1.000,0,0,0,2,2,0,0,2,0.0,0,0,0.0,0.0,1.0
"F[0,2](HbA1c >= 6.769 -> Pt_A1cGoalLevelDsYr5 = 0.000)
",-9999999.000,-9999999.000,0.000,0.000,1.000,0,0,0,2,2,0,0,2,0.0,0,0,0.0,0.0,1.0
"((BGTestAvgNumMeter >= 5.901) U[2,2] (BGTestAvgNumPtRep <= 1.275))
",1.275,1.275,0.000,0.000,1.000,0,0,0,2,2,0,0,2,0.0,0,0,0.0,0.0,1.0
"F[0,1](HbA1c >= 6.907 -> Pt_A1cGoalLevelDsYr5 = 0.000)
",-9999999.000,-9999999.000,0.000,0.000,1.000,0,0,0,2,2,0,0,2,0.0,0,0,0.0,0.0,1.0
"((BGTestAvgNumMeter >= 5.560) U[0,2] (BGTestAvgNumPtRep <= 3.063))
",-9999999.000,-9999999.000,0.000,0.000,1.000,0,0,0,2,2,0,0,2,0.0,0,0,0.0,0.0,1.0
"((BGTestAvgNumMeter >= 5.878) U[0,2] (BGTestAvgNumPtRep <= 3.166))
",-9999999.000,-9999999.000,0.000,0.000,1.000,0,0,0,2,2,0,0,2,0.0,0,0,0.0,0.0,1.0
"F[1,1](Pt_InsGov > 0.000 -> Pt_SHFlg = 0.000)
",0.000,0.000,0.000,0.000,1.000,0,0,0,2,2,0,0,2,0.0,0,0,0.0,0.0,1.0
"F[1,2](HbA1c >= 7.292 -> Pt_A1cGoalLevelDsYr5 = 0.000)
",-9999999.000,-9999999.000,0.000,0.000,1.000,0,0,0,2,2,0,0,2,0.0,0,0,0.0,0.0,1.0
"((BGTestAvgNumMeter >= 5.471) U[1,1] (BGTestAvgNumPtRep <= 3.181))
",3.181,3.181,0.000,0.000,1.000,0,0,0,2,2,0,0,2,0.0,0,0,0.0,0.0,1.0
"F[2,2](HbA1c >= 7.090 -> Pt_A1cGoalLevelDsYr5 = 0.000)
",0.000,0.000,0.000,0.000,1.000,0,0,0,2,2,0,0,2,0.0,0,0,0.0,0.0,1.0
"F[1,1](HbA1c >= 7.128 -> Pt_A1cGoalLevelDsYr5 = 0.000)
",0.000,0.000,0.000,0.000,1.000,0,0,0,2,2,0,0,2,0.0,0,0,0.0,0.0,1.0
"((BGTestAvgNumMeter >= 5.431) U[0,1] (BGTestAvgNumPtRep <= 1.896))
",-9999999.000,-9999999.000,0.000,0.000,1.000,0,0,0,2,2,0,0,2,0.0,0,0,0.0,0.0,1.0
"F[0,1](HbA1c >= 7.267 -> Pt_A1cGoalLevelDsYr5 = 0.000)
",-9999999.000,-9999999.000,0.000,0.000,1.000,0,0,0,2,2,0,0,2,0.0,0,0,0.0,0.0,1.0
"F[1,1](HbA1c >= 7.078 -> Pt_A1cGoalLevelDsYr5 = 0.000)
",0.000,0.000,0.000,0.000,1.000,0,0,0,2,2,0,0,2,0.0,0,0,0.0,0.0,1.0
"((BGTestAvgNumMeter >= 5.439) U[1,1] (BGTestAvgNumPtRep <= 3.838))
",3.838,3.838,0.000,0.000,1.000,0,0,0,2,2,0,0,2,0.0,0,0,0.0,0.0,1.0
"((SMBGperDayPtMeterCombo >= 5.718) U[0,1] (Pt_SHFlg = 0.000))
",-9999999.000,-9999999.000,0.000,0.000,1.000,0,0,0,2,2,0,0,2,0.0,0,0,0.0,0.0,1.0
"((BUN <= 14.798) U[0,1] (Pt_SHFlg = 0.000))
",-9999999.000,-9999999.000,0.000,0.000,1.000,0,0,0,2,2,0,0,2,0.0,0,0,0.0,0.0,1.0
"((WeightKg <= 28.447) U[1,2] (Pt_SHFlg = 0.000))
",-9999999.000,-9999999.000,0.000,0.000,1.000,0,0,0,2,2,0,0,2,0.0,0,0,0.0,0.0,1.0
"F[1,1](Triglyc > 0.000 -> Pt_SHFlg = 0.000)
",0.000,0.000,0.000,0.000,1.000,0,0,0,2,2,0,0,2,0.0,0,0,0.0,0.0,1.0
"F[1,2](HbA1cImputeDtMnC <= 29.505 -> Pt_SHFlg = 0.000)
",-9999999.000,-9999999.000,0.000,0.000,1.000,0,0,0,2,2,0,0,2,0.0,0,0,0.0,0.0,1.0
"F[0,1](BldPrSys >= 99.795 & Pt_SHFlg = 0.000)
",-9999999.000,-9999999.000,0.000,0.000,1.000,0,0,0,2,2,0,0,2,0.0,0,0,0.0,0.0,1.0
"F[1,2](BldPrSys > 100.341 & Pt_SHFlg = 0.000)
",-9999999.000,-9999999.000,0.000,0.000,1.000,0,0,0,2,2,0,0,2,0.0,0,0,0.0,0.0,1.0
"F[1,2](BGTestAvgNumPtRep <= 1.878 -> Pt_SHFlg = 0.000)
",-9999999.000,-9999999.000,0.000,0.000,1.000,0,0,0,2,2,0,0,2,0.0,0,0,0.0,0.0,1.0
"F[0,1](TotChol <= 0.000 -> Pt_SHFlg = 0.000)
",-9999999.000,-9999999.000,0.000,0.000,1.000,0,0,0,2,2,0,0,2,0.0,0,0,0.0,0.0,1.0
"((HeightCm < 133.825) U[0,2] (Pt_SHFlg = 0.000))
",-9999999.000,-9999999.000,0.000,0.000,1.000,0,0,0,2,2,0,0,2,0.0,0,0,0.0,0.0,1.0
"((DirectLDL >= 0.000) U[2,2] (Pt_SHFlg = 0.000))
",0.000,0.000,0.000,0.000,1.000,0,0,0,2,2,0,0,2,0.0,0,0,0.0,0.0,1.0
"((bmi <= 16.140) U[2,2] (Pt_SHFlg = 0.000))
",16.140,16.140,0.000,0.000,1.000,0,0,0,2,2,0,0,2,0.0,0,0,0.0,0.0,1.0
"F[0,1](Pt_A1cGoalLev >= 0.000 & Pt_SHFlg = 0.000)
",-9999999.000,-9999999.000,0.000,0.000,1.000,0,0,0,2,2,0,0,2,0.0,0,0,0.0,0.0,1.0
"F[0,2](NumPumpBolusOrShortAct >= 0.563 & Pt_SHFlg = 0.000)
",-9999999.000,-9999999.000,0.000,0.000,1.000,0,0,0,2,2,0,0,2,0.0,0,0,0.0,0.0,1.0
"((BldPrDia < 64.495) U[0,0] (Pt_SHFlg = 0.000))
",-5.442,-26.556,0.000,0.000,1.000,0,0,0,2,2,0,0,2,0.0,0,0,0.0,0.0,1.0
"F[0,1](((diabDur <= 1.399 | SMBGperDayPtMeterCombo <= 6.988) -> Pt_SHFlg <= 7.449) -> BUN <= 8.099)
",-9999999.000,-9999999.000,0.000,0.000,1.000,0,0,0,2,2,0,0,2,0.0,0,0,0.0,0.0,1.0
"F[2,2]((BldPrDia >= 59.366 -> HeightCm <= 135.092) | TotChol >= 125.574)
",-125.574,-125.574,0.000,0.000,1.000,0,0,0,2,2,0,0,2,0.0,0,0,0.0,0.0,1.0
"F[0,0]((NumPumpBolusOrShortAct >= 2.084 -> UnitsInsBasalOrLongAct <= 7.736) | Pt_SHFlg <= 6.077)
",-7.736,-7.736,0.000,0.000,1.000,0,0,0,2,2,0,0,2,0.0,0,0,0.0,0.0,1.0
"F[0,1](((TotalDailyInsPerKg <= 0.502 | HbA1cImputeDtMnC <= 28.394) | bmiPerc >= 3.524) -> AutonomicNeuroCl <= 26.227)
",-9999999.000,-9999999.000,0.000,0.000,1.000,0,0,0,2,2,0,0,2,0.0,0,0,0.0,0.0,1.0
"F[1,2](((TotChol >= 0.000 | GFR <= 0.000) & TotalDailyInsPerKg >= 0.000) & Pt_SHFlg <= 0.000)
",-9999999.000,-9999999.000,0.000,0.000,1.000,0,0,0,2,2,0,0,2,0.0,0,0,0.0,0.0,1.0
"F[0,2](GFR <= 0.000 & Pt_GrandchildT1D >= 0.000)
",-9999999.000,-9999999.000,0.000,0.000,1.000,0,0,0,2,2,0,0,2,0.0,0,0,0.0,0.0,1.0
"F[0,1](Pt_MotherT1D >= 0.000 & Pt_MotherT1D >= 0.000)
",-9999999.000,-9999999.000,0.000,0.000,1.000,0,0,0,2,2,0,0,2,0.0,0,0,0.0,0.0,1.0
"F[2,2]((Pt_InsGov <= 0.000 & bmi >= 15.910) & Pt_GrandparentT1D <= 16.386)
",-15.910,-15.910,0.000,0.000,1.000,0,0,0,2,2,0,0,2,0.0,0,0,0.0,0.0,1.0
"F[1,2](Pt_ChildT1D <= 0.000 | AlbCreatRat_mggNew >= 0.000)
",-9999999.000,-9999999.000,0.000,0.000,1.000,0,0,0,2,2,0,0,2,0.0,0,0,0.0,0.0,1.0
"((age <= 8.441) U[1,2] (Pt_GrandparentT1D <= 0.000))
",-9999999.000,-9999999.000,0.000,0.000,1.000,0,0,0,2,2,0,0,2,0.0,0,0,0.0,0.0,1.0
"F[0,1]((TotChol <= 0.000 & BGTestAvgNumMeter <= 7.214) | AutonomicNeuroCl >= 5.065)
",-9999999.000,-9999999.000,0.000,0.000,1.000,0,0,0,2,2,0,0,2,0.0,0,0,0.0,0.0,1.0
"F[0,1]((BGTestAvgNumPtRep <= 2.529 & TSH <= 1.603) | Pt_CGMUseNumDays >= 0.412)
",-9999999.000,-9999999.000,0.000,0.000,1.000,0,0,0,2,2,0,0,2,0.0,0,0,0.0,0.0,1.0
"F[1,2]((HbA1cImputeDtMnC <= 27.982 -> age <= 8.819) | BldPrDia >= 6.837)
",-9999999.000,-9999999.000,0.000,0.000,1.000,0,0,0,2,2,0,0,2,0.0,0,0,0.0,0.0,1.0
"F[0,2](diagAgeCombo <= 1.705 -> Pt_MotherT1D >= 0.000)
",-9999999.000,-9999999.000,0.000,0.000,1.000,0,0,0,2,2,0,0,2,0.0,0,0,0.0,0.0,1.0
"F[0,1]((HbA1c >= 6.737 | SMBGperDayPtMeterCombo >= 5.147) | bmiPerc <= 6.372)
",-9999999.000,-9999999.000,0.000,0.000,1.000,0,0,0,2,2,0,0,2,0.0,0,0,0.0,0.0,1.0
"F[0,2](((BUN >= 1.071 & BldPrSys >= 104.901) & BldPrDia >= 100.779) -> TotalDailyInsPerKg <= 111.493)
",-9999999.000,-9999999.000,0.000,0.000,1.000,0,0,0,2,2,0,0,2,0.0,0,0,0.0,0.0,1.0
"F[0,2]((AlbCreatRat_mggNew <= 0.000 | GFR <= 0.000) -> NumPumpBolusOrShortAct <= 0.000)
",-9999999.000,-9999999.000,0.000,0.000,1.000,0,0,0,2,2,0,0,2,0.0,0,0,0.0,0.0,1.0
"((NumPumpBolusOrShortAct >= 3.900) U[1,2] (Pt_InsGov >= 0.000))
",-9999999.000,-9999999.000,0.000,0.000,1.000,0,0,0,2,2,0,0,2,0.0,0,0,0.0,0.0,1.0
"((bmi >= 15.380) U[0,2] (Pt_GrandparentT1D <= 0.000))
",-9999999.000,-9999999.000,0.000,0.000,1.000,0,0,0,2,2,0,0,2,0.0,0,0,0.0,0.0,1.0
"F[2,2](((Pt_DKAFlg >= 0.000 | Pt_CGMUseNumDays >= 3.863) | SMBGperDayPtMeterCombo >= 3.478) & Pt_ChildT1D <= 28.823)
",0.000,0.000,0.000,0.000,1.000,0,0,0,2,2,0,0,2,0.0,0,0,0.0,0.0,1.0
"F[1,1]((BldPrDia <= 74.024 -> Pt_ChildT1D >= 0.000) -> BGTestAvgNumPtRep <= 0.000)
",0.000,0.000,0.000,0.000,1.000,0,0,0,2,2,0,0,2,0.0,0,0,0.0,0.0,1.0
"F[1,2]((HeightCm >= 127.098 | HbA1cImputeDtMnC >= 9.023) -> Pt_SiblingT1D <= 25.364)
",-9999999.000,-9999999.000,0.000,0.000,1.000,0,0,0,2,2,0,0,2,0.0,0,0,0.0,0.0,1.0
"F[0,2](age >= 6.898 -> bmiZscore <= 0.656)
",-9999999.000,-9999999.000,0.000,0.000,1.000,0,0,0,2,2,0,0,2,0.0,0,0,0.0,0.0,1.0
"((BGTestAvgNumMeter >= 5.244) U[0,2] (BGTestAvgNumPtRep <= 3.369))
",-9999999.000,-9999999.000,0.000,0.000,1.000,0,0,0,2,2,0,0,2,0.0,0,0,0.0,0.0,1.0
"F[0,0]((diabDur <= 1.722 | Pt_FatherT1D <= 0.000) | NumPumpBolusOrShortAct <= 0.000)
",0.000,0.000,0.000,0.000,1.000,0,0,0,2,2,0,0,2,0.0,0,0,0.0,0.0,1.0
"((BldPrDia >= 58.246) U[0,2] (DirectLDL <= 0.000))
",-9999999.000,-9999999.000,0.000,0.000,1.000,0,0,0,2,2,0,0,2,0.0,0,0,0.0,0.0,1.0
"F[0,1](((TotalDailyInsPerKg <= 0.516 | diabDur <= 1.906) | Pt_A1cGoalLev <= 1.861) | diagAgeCombo >= 0.906)
",-9999999.000,-9999999.000,0.000,0.000,1.000,0,0,0,2,2,0,0,2,0.0,0,0,0.0,0.0,1.0
"F[0,2](WeightKg <= 28.890 | LDL >= 0.000)
",-9999999.000,-9999999.000,0.000,0.000,1.000,0,0,0,2,2,0,0,2,0.0,0,0,0.0,0.0,1.0
"F[0,1](((SMBGperDayPtMeterCombo >= 5.649 -> DirectLDL <= 0.000) -> Pt_MotherT1D >= 0.000) | UnitsInsBasalOrLongAct >= 0.000)
",-9999999.000,-9999999.000,0.000,0.000,1.000,0,0,0,2,2,0,0,2,0.0,0,0,0.0,0.0,1.0
"F[1,2]((UnitsInsBasalOrLongAct <= 7.495 | BGTestAvgNumPtRep <= 3.594) & BUN <= 1.433)
",-9999999.000,-9999999.000,0.000,0.000,1.000,0,0,0,2,2,0,0,2,0.0,0,0,0.0,0.0,1.0
"F[0,2](Pt_SiblingT1D >= 0.000 & Pt_FatherT1D <= 0.000)
",-9999999.000,-9999999.000,0.000,0.000,1.000,0,0,0,2,2,0,0,2,0.0,0,0,0.0,0.0,1.0
"F[1,1]((bmi >= 15.515 | DirectLDL >= 0.000) | diagAgeCombo <= 0.000)
",0.000,0.000,0.000,0.000,1.000,0,0,0,2,2,0,0,2,0.0,0,0,0.0,0.0,1.0
"F[2,2](UnitsInsBasalOrLongAct <= 6.999 & Pt_A1cGoalLevelDsYr5 <= 0.000)
",0.000,0.000,0.000,0.000,1.000,0,0,0,2,2,0,0,2,0.0,0,0,0.0,0.0,1.0
"F[0,2](((Pt_MotherT1D <= 0.000 | BGTestAvgNumMeter <= 8.370) & HbA1c <= 7.970) -> Pt_FatherT1D >= 5.486)
",-9999999.000,-9999999.000,0.000,0.000,1.000,0,0,0,2,2,0,0,2,0.0,0,0,0.0,0.0,1.0
"F[0,2]((HeightCm >= 130.855 -> HbA1c >= 6.915) & Pt_A1cGoalLev <= 7.706)
",-9999999.000,-9999999.000,0.000,0.000,1.000,0,0,0,2,2,0,0,2,0.0,0,0,0.0,0.0,1.0
"F[0,2]((Pt_A1cGoalLevelDsYr5 >= 0.000 -> Pt_SiblingT1D <= 0.000) -> BldPrSys >= 0.000)
",-9999999.000,-9999999.000,0.000,0.000,1.000,0,0,0,2,2,0,0,2,0.0,0,0,0.0,0.0,1.0
"F[0,0]((diabDur >= 0.170 & BldPrSys <= 112.672) -> diabDur >= 98.081)
",-16.660,-8.330,0.000,0.000,1.000,0,0,0,2,2,0,0,2,0.0,0,0,0.0,0.0,1.0
"F[1,1](((bmi >= 15.656 -> SMBGperDayPtMeterCombo <= 7.234) -> bmiZscore <= 7.961) -> Pt_InsGov <= 8.933)
",-8.933,-8.933,0.000,0.000,1.000,0,0,0,2,2,0,0,2,0.0,0,0,0.0,0.0,1.0
"F[1,2](((BGTestAvgNumMeter <= 7.877 | UnitsInsBasalOrLongAct <= 5.804) -> HDL >= 4.375) & Triglyc >= 2.130)
",-9999999.000,-9999999.000,0.000,0.000,1.000,0,0,0,2,2,0,0,2,0.0,0,0,0.0,0.0,1.0
"F[0,2]((age <= 7.821 | NumPumpBolusOrShortAct <= 5.866) | BldPrSys <= 4.069)
",-9999999.000,-9999999.000,0.000,0.000,1.000,0,0,0,2,2,0,0,2,0.0,0,0,0.0,0.0,1.0
"((BldPrSys >= 98.575) U[0,1] (bmiPerc <= 0.629))
",-9999999.000,-9999999.000,0.000,0.000,1.000,0,0,0,2,2,0,0,2,0.0,0,0,0.0,0.0,1.0
"((HbA1c >= 7.090) U[0,1] (TotalDailyInsPerKg <= 0.631))
",-9999999.000,-9999999.000,0.000,0.000,1.000,0,0,0,2,2,0,0,2,0.0,0,0,0.0,0.0,1.0
"F[1,2](((age <= 8.306 -> bmiPerc <= 0.736) & BGTestAvgNumMeter <= 0.600) & Pt_GrandparentT1D <= 0.682)
",-9999999.000,-9999999.000,0.000,0.000,1.000,0,0,0,2,2,0,0,2,0.0,0,0,0.0,0.0,1.0
"F[1,1]((BUN <= 15.831 -> HeightCm <= 136.425) | HbA1c >= 127.369)
",-127.369,-127.369,0.000,0.000,1.000,0,0,0,2,2,0,0,2,0.0,0,0,0.0,0.0,1.0
"F[1,2](age >= 6.585 & BUN >= 1.244)
",-9999999.000,-9999999.000,0.000,0.000,1.000,0,0,0,2,2,0,0,2,0.0,0,0,0.0,0.0,1.0
"F[0,1]((bmiZscore >= -0.046 -> HbA1cImputeDtMnC >= 12.292) -> BGTestAvgNumMeter <= 25.630)
",-9999999.000,-9999999.000,0.000,0.000,1.000,0,0,0,2,2,0,0,2,0.0,0,0,0.0,0.0,1.0
"F[0,2](((GFR >= 0.000 | Pt_MotherT1D >= 0.000) -> TotalDailyInsPerKg >= 0.000) -> Pt_GrandparentT1D >= 0.000)
",-9999999.000,-9999999.000,0.000,0.000,1.000,0,0,0,2,2,0,0,2,0.0,0,0,0.0,0.0,1.0
"F[0,2](bmi <= 16.091 -> diagAgeCombo >= 0.731)
",-9999999.000,-9999999.000,0.000,0.000,1.000,0,0,0,2,2,0,0,2,0.0,0,0,0.0,0.0,1.0
"F[1,2](((BGTestAvgNumPtRep <= 2.729 | bmi >= 15.469) & Pt_DKAFlg >= 15.602) -> TSH <= 16.271)
",-9999999.000,-9999999.000,0.000,0.000,1.000,0,0,0,2,2,0,0,2,0.0,0,0,0.0,0.0,1.0
"F[0,2]((bmiPerc >= 0.506 & HeightCm <= 137.759) -> HbA1cImputeDtMnC <= 136.700)
",-9999999.000,-9999999.000,0.000,0.000,1.000,0,0,0,2,2,0,0,2,0.0,0,0,0.0,0.0,1.0
"((BldPrSys >= 102.959) U[0,2] (HeightCm >= 129.536))
",-9999999.000,-9999999.000,0.000,0.000,1.000,0,0,0,2,2,0,0,2,0.0,0,0,0.0,0.0,1.0
"((bmiZscore <= 0.580) U[2,2] (HeightCm <= 136.259))
",136.259,136.259,0.000,0.000,1.000,0,0,0,2,2,0,0,2,0.0,0,0,0.0,0.0,1.0
"F[0,2](BldPrSys <= 109.083 | HbA1cImputeDtMnC >= 15.640)
",-9999999.000,-9999999.000,0.000,0.000,1.000,0,0,0,2,2,0,0,2,0.0,0,0,0.0,0.0,1.0
"F[0,2](((HeightCm <= 136.341 -> NumPumpBolusOrShortAct <= 4.712) | Pt_GrandchildT1D <= 5.745) | Triglyc <= 5.799)
",-9999999.000,-9999999.000,0.000,0.000,1.000,0,0,0,2,2,0,0,2,0.0,0,0,0.0,0.0,1.0
"F[0,2]((HbA1cImputeDtMnC <= 17.162 & NumPumpBolusOrShortAct >= 3.998) -> Pt_CGMUseNumDays >= 2.062)
",-9999999.000,-9999999.000,0.000,0.000,1.000,0,0,0,2,2,0,0,2,0.0,0,0,0.0,0.0,1.0
"F[0,2](((BldPrSys >= 100.790 | HbA1c >= 6.727) | BldPrSys >= 6.712) & HbA1c >= 7.061)
",-9999999.000,-9999999.000,0.000,0.000,1.000,0,0,0,2,2,0,0,2,0.0,0,0,0.0,0.0,1.0
"F[0,2](((bmiPerc >= 0.419 -> UnitsInsBasalOrLongAct >= 2.848) & Pt_DKAFlg >= 3.012) | LDL <= 4.779)
",-9999999.000,-9999999.000,0.000,0.000,1.000,0,0,0,2,2,0,0,2,0.0,0,0,0.0,0.0,1.0
"F[1,2](BGTestAvgNumMeter >= 5.079 | HbA1c <= 7.926)
",-9999999.000,-9999999.000,0.000,0.000,1.000,0,0,0,2,2,0,0,2,0.0,0,0,0.0,0.0,1.0
"F[0,1](BldPrSys <= 107.227 -> bmi >= 15.537)
",-9999999.000,-9999999.000,0.000,0.000,1.000,0,0,0,2,2,0,0,2,0.0,0,0,0.0,0.0,1.0
"F[1,2](bmiZscore <= 0.617 & HbA1c >= 7.295)
",-9999999.000,-9999999.000,0.000,0.000,1.000,0,0,0,2,2,0,0,2,0.0,0,0,0.0,0.0,1.0
"F[0,1](bmiPerc >= 0.462 & HbA1c >= 6.769)
",-9999999.000,-9999999.000,0.000,0.000,1.000,0,0,0,2,2,0,0,2,0.0,0,0,0.0,0.0,1.0
"((bmi >= 15.774) U[1,2] (UnitsInsBasalOrLongAct <= 5.541))
",-9999999.000,-9999999.000,0.000,0.000,1.000,0,0,0,2,2,0,0,2,0.0,0,0,0.0,0.0,1.0
"((BldPrDia <= 71.382) U[2,2] (bmiPerc >= 0.427))
",71.382,71.382,0.000,0.000,1.000,0,0,0,2,2,0,0,2,0.0,0,0,0.0,0.0,1.0
"F[0,1](bmi >= 15.331 -> HeightCm <= 134.183)
",-9999999.000,-9999999.000,0.000,0.000,1.000,0,0,0,2,2,0,0,2,0.0,0,0,0.0,0.0,1.0
"F[0,2]((BUN >= 5.926 | TSH <= 0.766) -> Pt_InsGov >= 0.116)
",-9999999.000,-9999999.000,0.000,0.000,1.000,0,0,0,2,2,0,0,2,0.0,0,0,0.0,0.0,1.0
"F[1,2](bmi <= 16.271 | HbA1cImputeDtMnC <= 25.994)
",-9999999.000,-9999999.000,0.000,0.000,1.000,0,0,0,2,2,0,0,2,0.0,0,0,0.0,0.0,1.0
"F[2,2]((TotalDailyInsPerKg >= 0.178 | TSH <= 1.576) -> Pt_ChildT1D <= 1.503)
",-1.576,-1.576,0.000,0.000,1.000,0,0,0,2,2,0,0,2,0.0,0,0,0.0,0.0,1.0
"F[2,2](((Pt_CGMUseNumDays >= 6.365 -> TotalDailyInsPerKg <= 0.545) & Pt_GrandchildT1D <= 0.516) -> AutonomicNeuroCl >= 0.342)
",0.342,0.342,0.000,0.000,1.000,0,0,0,2,2,0,0,2,0.0,0,0,0.0,0.0,1.0
"F[1,1]((diagAgeCombo >= 0.622 & TotalDailyInsPerKg >= 0.116) -> HbA1cImputeDtMnC >= 0.026)
",0.026,0.026,0.000,0.000,1.000,0,0,0,2,2,0,0,2,0.0,0,0,0.0,0.0,1.0
"F[0,2](((bmiPerc >= 0.421 | TotalDailyInsPerKg >= 0.029) & Pt_GrandchildT1D >= 0.146) -> Pt_CGMUseNumDays <= 0.504)
",-9999999.000,-9999999.000,0.000,0.000,1.000,0,0,0,2,2,0,0,2,0.0,0,0,0.0,0.0,1.0
"F[2,2](Pt_ChildT1D >= 0.000 | bmiZscore >= 0.123)
",0.000,0.000,0.000,0.000,1.000,0,0,0,2,2,0,0,2,0.0,0,0,0.0,0.0,1.0
