Rule,Discrimination Score,Pos Robustness,Neg Robustness,Percent Class +,Percent Class -,TP,TN,FP,FN,Actual Yes,Actual No,Predicted Yes,Predicted No,TPR/Sens,TNR/Spec,FPR,Precision,Accuracy,MCR,Class
"G[0,1](((diabDur <= 8.652 -> TSH >= 0.815) & Pt_InsGov >= 1.141) -> Pt_DKAFlg <= 1.511)
",9999999.000,9999999.000,0.000,1.000,0.000,1,0,0,0,1,0,1,0,1.0,0.0,0.0,1.0,1.0,0.0,1
"((Triglyc >= 124.825) U[1,2] (BGTestAvgNumMeter >= 0.000))
",-9999999.000,-9999999.000,0.000,0.000,1.000,1,0,0,0,1,0,1,0,1.0,0.0,0.0,1.0,1.0,0.0,-1
"F[0,0](DirectLDL >= 0.000 -> HbA1cImputeDtMnC >= 0.393)
",-159.600,-159.600,0.000,0.000,1.000,1,0,0,0,1,0,1,0,1.0,0.0,0.0,1.0,1.0,0.0,-1
"((HbA1cImputeDtMnC >= 1.026) U[1,2] (age >= 11.190))
",-9999999.000,-9999999.000,0.000,0.000,1.000,1,0,0,0,1,0,1,0,1.0,0.0,0.0,1.0,1.0,0.0,-1
"F[1,1]((WeightKg <= 50.495 & age >= 11.470) & Pt_GrandparentT1D >= 11.184)
",-11.470,-11.470,0.000,0.000,1.000,1,0,0,0,1,0,1,0,1.0,0.0,0.0,1.0,1.0,0.0,-1
"F[1,1](((age >= 11.392 & bmiPerc >= 0.713) & Pt_A1cGoalLev >= 0.690) & DirectLDL <= 0.755)
",-11.392,-11.392,0.000,0.000,1.000,1,0,0,0,1,0,1,0,1.0,0.0,0.0,1.0,1.0,0.0,-1
"F[1,1](bmiZscore <= 0.656 | SMBGperDayPtMeterCombo >= 8.403)
",0.656,0.656,0.000,0.000,1.000,1,0,0,0,1,0,1,0,1.0,0.0,0.0,1.0,1.0,0.0,-1
"F[1,1]((HDL >= 54.104 & Pt_ChildT1D <= 0.000) & HeightCm <= 0.000)
",-54.104,-54.104,0.000,0.000,1.000,1,0,0,0,1,0,1,0,1.0,0.0,0.0,1.0,1.0,0.0,-1
"((BUN <= 13.000) U[1,1] (HbA1c <= 9.126))
",13.000,13.000,0.000,0.000,1.000,1,0,0,0,1,0,1,0,1.0,0.0,0.0,1.0,1.0,0.0,-1
"F[1,1](((SMBGperDayPtMeterCombo <= 8.738 -> HDL <= 58.744) | Pt_FatherT1D <= 64.887) & WeightKg >= 54.547)
",-54.547,-54.547,0.000,0.000,1.000,1,0,0,0,1,0,1,0,1.0,0.0,0.0,1.0,1.0,0.0,-1
"F[0,0](((AutonomicNeuroCl <= 0.000 -> Pt_A1cGoalLev <= 0.000) & Pt_SHFlg <= 0.000) & LDL <= 0.000)
",-14.905,-14.905,0.000,0.000,1.000,1,0,0,0,1,0,1,0,1.0,0.0,0.0,1.0,1.0,0.0,-1
"F[0,1](((TSH >= 0.760 & Pt_MotherT1D <= 0.000) & AlbCreatRat_mggNew >= 0.000) & UnitsInsBasalOrLongAct <= 0.000)
",-9999999.000,-9999999.000,0.000,0.000,1.000,1,0,0,0,1,0,1,0,1.0,0.0,0.0,1.0,1.0,0.0,-1
"((HbA1cImputeDtMnC >= 5.202) U[1,2] (AutonomicNeuroCl <= 0.000))
",-9999999.000,-9999999.000,0.000,0.000,1.000,1,0,0,0,1,0,1,0,1.0,0.0,0.0,1.0,1.0,0.0,-1
"F[1,1]((HbA1cImputeDtMnC >= 3.362 | HDL >= 49.864) & HDL >= 51.991)
",-51.991,-51.991,0.000,0.000,1.000,1,0,0,0,1,0,1,0,1.0,0.0,0.0,1.0,1.0,0.0,-1
"G[1,1](GFR <= 0.000 -> BUN >= 13.000)
",0.000,0.000,0.000,1.000,0.000,1,0,0,0,1,0,1,0,1.0,0.0,0.0,1.0,1.0,0.0,1
"((TSH <= 1.533) U[1,1] (diabDur <= 8.674))
",8.674,8.674,0.000,0.000,1.000,1,0,0,0,1,0,1,0,1.0,0.0,0.0,1.0,1.0,0.0,-1
"F[1,1]((Pt_ChildT1D >= 0.000 | TotChol >= 121.324) -> bmiZscore >= 122.847)
",0.000,0.000,0.000,0.000,1.000,1,0,0,0,1,0,1,0,1.0,0.0,0.0,1.0,1.0,0.0,-1
"G[0,0]((WeightKg >= 45.743 | bmi >= 19.264) -> UnitsInsBasalOrLongAct <= 27.775)
",-6.775,-6.775,0.000,1.000,0.000,1,0,0,0,1,0,1,0,1.0,0.0,0.0,1.0,1.0,0.0,1
"G[0,0](GFR <= 0.000 -> BUN >= 13.000)
",-167.000,-167.000,0.000,1.000,0.000,1,0,0,0,1,0,1,0,1.0,0.0,0.0,1.0,1.0,0.0,1
"G[0,1](((TotalDailyInsPerKg <= 1.250 & Pt_SiblingT1D <= 0.000) | Pt_A1cGoalLevelDsYr5 <= 0.000) | HeightCm <= 0.000)
",9999999.000,9999999.000,0.000,1.000,0.000,1,0,0,0,1,0,1,0,1.0,0.0,0.0,1.0,1.0,0.0,1
"G[1,1](GFR <= 0.000 -> BUN >= 13.000)
",0.000,0.000,0.000,1.000,0.000,1,0,0,0,1,0,1,0,1.0,0.0,0.0,1.0,1.0,0.0,1
"G[0,1](((NumPumpBolusOrShortAct >= 5.236 | bmiZscore >= 0.561) | BldPrDia <= 0.713) -> DirectLDL <= 0.712)
",9999999.000,9999999.000,0.000,1.000,0.000,1,0,0,0,1,0,1,0,1.0,0.0,0.0,1.0,1.0,0.0,1
"G[0,0](HbA1cImputeDtMnC < 7.688 -> Pt_SHFlg = 0.000)
",-2.688,-2.688,0.000,1.000,0.000,1,0,0,0,1,0,1,0,1.0,0.0,0.0,1.0,1.0,0.0,1
"G[0,0](((DirectLDL <= 0.000 & Pt_SHFlg >= 0.000) & BldPrSys >= 0.000) -> UnitsInsBasalOrLongAct >= 0.000)
",-21.000,-21.000,0.000,1.000,0.000,1,0,0,0,1,0,1,0,1.0,0.0,0.0,1.0,1.0,0.0,1
"G[0,0](GFR <= 0.000 -> BUN >= 13.000)
",-167.000,-167.000,0.000,1.000,0.000,1,0,0,0,1,0,1,0,1.0,0.0,0.0,1.0,1.0,0.0,1
"G[0,1]((Pt_CGMUseNumDays >= 0.000 & TSH >= 0.661) -> TotalDailyInsPerKg >= 0.819)
",9999999.000,9999999.000,0.000,1.000,0.000,1,0,0,0,1,0,1,0,1.0,0.0,0.0,1.0,1.0,0.0,1
"F[0,0]((bmi <= 20.481 -> TotalDailyInsPerKg <= 1.201) & BGTestAvgNumPtRep <= 1.225)
",-20.481,-20.481,0.000,0.000,1.000,1,0,0,0,1,0,1,0,1.0,0.0,0.0,1.0,1.0,0.0,-1
"F[1,1]((Pt_GrandparentT1D <= 0.000 & BGTestAvgNumMeter >= 0.000) & TotChol <= 0.000)
",0.000,0.000,0.000,0.000,1.000,1,0,0,0,1,0,1,0,1.0,0.0,0.0,1.0,1.0,0.0,-1
"F[1,1](((BGTestAvgNumMeter >= 0.000 & TotalDailyInsPerKg >= 1.125) & WeightKg <= 1.243) & AlbCreatRat_mggNew <= 1.254)
",-1.125,-1.125,0.000,0.000,1.000,1,0,0,0,1,0,1,0,1.0,0.0,0.0,1.0,1.0,0.0,-1
"F[0,1](BldPrDia <= 62.586 & TotChol <= 123.900)
",-9999999.000,-9999999.000,0.000,0.000,1.000,1,0,0,0,1,0,1,0,1.0,0.0,0.0,1.0,1.0,0.0,-1
"((diabDur >= 8.023) U[1,2] (Pt_A1cGoalLevelDsYr5 >= 0.000))
",-9999999.000,-9999999.000,0.000,0.000,1.000,1,0,0,0,1,0,1,0,1.0,0.0,0.0,1.0,1.0,0.0,-1
"((Pt_GrandparentT1D > 0.000) U[1,1] (Pt_SHFlg = 0.000))
",0.000,0.000,0.000,0.000,1.000,1,0,0,0,1,0,1,0,1.0,0.0,0.0,1.0,1.0,0.0,-1
"F[0,0](Pt_A1cGoalLev >= 0.000 -> WeightKg >= 48.142)
",0.000,0.000,0.000,0.000,1.000,1,0,0,0,1,0,1,0,1.0,0.0,0.0,1.0,1.0,0.0,-1
"((BldPrSys >= 119.000) U[0,0] (AlbCreatRat_mggNew >= 1.720))
",11.280,11.280,0.000,0.000,1.000,1,0,0,0,1,0,1,0,1.0,0.0,0.0,1.0,1.0,0.0,-1
"((Pt_A1cGoalLev >= 0.000) U[1,1] (diabDur <= 8.706))
",8.706,8.706,0.000,0.000,1.000,1,0,0,0,1,0,1,0,1.0,0.0,0.0,1.0,1.0,0.0,-1
"((Pt_DKAFlg < 0.000) U[1,2] (Pt_SHFlg = 0.000))
",-9999999.000,-9999999.000,0.000,0.000,1.000,1,0,0,0,1,0,1,0,1.0,0.0,0.0,1.0,1.0,0.0,-1
"F[0,1](age <= 11.616 & HDL <= 65.857)
",-9999999.000,-9999999.000,0.000,0.000,1.000,1,0,0,0,1,0,1,0,1.0,0.0,0.0,1.0,1.0,0.0,-1
"F[1,1](Triglyc <= 173.050 & Pt_CGMUseNumDays >= 0.000)
",0.000,0.000,0.000,0.000,1.000,1,0,0,0,1,0,1,0,1.0,0.0,0.0,1.0,1.0,0.0,-1
"F[0,1]((age >= 11.332 -> BldPrDia <= 64.026) -> SMBGperDayPtMeterCombo >= 59.606)
",-9999999.000,-9999999.000,0.000,0.000,1.000,1,0,0,0,1,0,1,0,1.0,0.0,0.0,1.0,1.0,0.0,-1
"((AutonomicNeuroCl >= 0.000) U[1,1] (HbA1cImputeDtMnC <= 8.439))
",8.439,8.439,0.000,0.000,1.000,1,0,0,0,1,0,1,0,1.0,0.0,0.0,1.0,1.0,0.0,-1
"F[0,0]((BldPrSys <= 119.000 & AlbCreatRat_mggNew >= 8.870) | Pt_ChildT1D >= 8.438)
",4.130,4.130,0.000,0.000,1.000,1,0,0,0,1,0,1,0,1.0,0.0,0.0,1.0,1.0,0.0,-1
"((diabDur >= 8.264) U[1,1] (BGTestAvgNumPtRep <= 9.264))
",9.264,9.264,0.000,0.000,1.000,1,0,0,0,1,0,1,0,1.0,0.0,0.0,1.0,1.0,0.0,-1
"F[0,0]((Pt_A1cGoalLevelDsYr5 <= 0.000 -> BldPrSys <= 119.000) & Pt_DKAFlg >= 119.000)
",-119.000,-119.000,0.000,0.000,1.000,1,0,0,0,1,0,1,0,1.0,0.0,0.0,1.0,1.0,0.0,-1
"G[0,0]((GFR >= 0.000 & TSH >= 0.798) -> age >= 0.547)
",-0.770,-0.770,0.000,1.000,0.000,1,0,0,0,1,0,1,0,1.0,0.0,0.0,1.0,1.0,0.0,1
"F[1,1](((Pt_A1cGoalLevelDsYr5 >= 0.000 | BUN <= 13.000) & BGTestAvgNumPtRep <= 13.000) -> Pt_GrandchildT1D >= 13.000)
",-13.000,-13.000,0.000,0.000,1.000,1,0,0,0,1,0,1,0,1.0,0.0,0.0,1.0,1.0,0.0,-1
"F[0,1]((Pt_A1cGoalLev <= 0.000 & AutonomicNeuroCl <= 0.000) -> Triglyc <= 0.000)
",-9999999.000,-9999999.000,0.000,0.000,1.000,1,0,0,0,1,0,1,0,1.0,0.0,0.0,1.0,1.0,0.0,-1
"F[0,1]((Pt_FatherT1D <= 0.000 & HeightCm <= 157.294) & AutonomicNeuroCl >= 154.371)
",-9999999.000,-9999999.000,0.000,0.000,1.000,1,0,0,0,1,0,1,0,1.0,0.0,0.0,1.0,1.0,0.0,-1
"F[0,0](((Triglyc <= 145.501 & WeightKg >= 44.514) -> HDL <= 50.858) & Triglyc <= 52.227)
",-73.773,-73.773,0.000,0.000,1.000,1,0,0,0,1,0,1,0,1.0,0.0,0.0,1.0,1.0,0.0,-1
"F[0,0](((Pt_ChildT1D >= 0.000 -> TSH <= 1.397) & bmiZscore >= 1.126) & NumPumpBolusOrShortAct >= 0.978)
",-0.978,-0.978,0.000,0.000,1.000,1,0,0,0,1,0,1,0,1.0,0.0,0.0,1.0,1.0,0.0,-1
"F[0,1](AlbCreatRat_mggNew >= 9.640 & BGTestAvgNumPtRep >= 7.387)
",-9999999.000,-9999999.000,0.000,0.000,1.000,1,0,0,0,1,0,1,0,1.0,0.0,0.0,1.0,1.0,0.0,-1
"((AlbCreatRat_mggNew >= 2.518) U[1,2] (DirectLDL >= 0.000))
",-9999999.000,-9999999.000,0.000,0.000,1.000,1,0,0,0,1,0,1,0,1.0,0.0,0.0,1.0,1.0,0.0,-1
"F[1,1]((UnitsInsBasalOrLongAct >= 18.782 & Pt_SiblingT1D <= 0.000) -> Triglyc <= 0.000)
",0.000,0.000,0.000,0.000,1.000,1,0,0,0,1,0,1,0,1.0,0.0,0.0,1.0,1.0,0.0,-1
"F[0,0](BldPrDia <= 63.824 & Pt_A1cGoalLev >= 0.000)
",-55.176,-55.176,0.000,0.000,1.000,1,0,0,0,1,0,1,0,1.0,0.0,0.0,1.0,1.0,0.0,-1
"G[0,0](BldPrDia <= 64.710 -> TotalDailyInsPerKg >= 1.159)
",-7.841,-7.841,0.000,1.000,0.000,1,0,0,0,1,0,1,0,1.0,0.0,0.0,1.0,1.0,0.0,1
"F[0,0](TSH >= 0.840 & WeightKg <= 48.919)
",6.160,6.160,0.000,0.000,1.000,1,0,0,0,1,0,1,0,1.0,0.0,0.0,1.0,1.0,0.0,-1
"G[0,0]((WeightKg >= 47.609 | bmi >= 19.057) -> UnitsInsBasalOrLongAct <= 22.279)
",-1.279,-1.279,0.000,1.000,0.000,1,0,0,0,1,0,1,0,1.0,0.0,0.0,1.0,1.0,0.0,1
"G[0,1](BUN >= 13.000 | GFR <= 0.000)
",9999999.000,9999999.000,0.000,1.000,0.000,1,0,0,0,1,0,1,0,1.0,0.0,0.0,1.0,1.0,0.0,1
"G[0,1](((Pt_ChildT1D <= 0.000 & HbA1cImputeDtMnC >= 0.763) & Triglyc <= 10.073) | AutonomicNeuroCl <= 11.321)
",9999999.000,9999999.000,0.000,1.000,0.000,1,0,0,0,1,0,1,0,1.0,0.0,0.0,1.0,1.0,0.0,1
"G[0,1](((HDL <= 62.167 -> Pt_A1cGoalLev <= 0.000) & diagAgeCombo <= 0.000) -> Pt_MotherT1D >= 0.000)
",9999999.000,9999999.000,0.000,1.000,0.000,1,0,0,0,1,0,1,0,1.0,0.0,0.0,1.0,1.0,0.0,1
"G[0,0]((Pt_GrandparentT1D <= 0.000 & SMBGperDayPtMeterCombo <= 9.912) -> Pt_DKAFlg <= 9.790)
",-9.790,-9.790,0.000,1.000,0.000,1,0,0,0,1,0,1,0,1.0,0.0,0.0,1.0,1.0,0.0,1
"G[0,1](TotalDailyInsPerKg >= 1.147 -> LDL >= 37.779)
",9999999.000,9999999.000,0.000,1.000,0.000,1,0,0,0,1,0,1,0,1.0,0.0,0.0,1.0,1.0,0.0,1
"G[1,1](HeightCm >= 155.571 -> Pt_SHFlg = 0.000)
",0.000,0.000,0.000,1.000,0.000,1,0,0,0,1,0,1,0,1.0,0.0,0.0,1.0,1.0,0.0,1
"G[0,1]((UnitsInsBasalOrLongAct <= 27.097 & Pt_SiblingT1D >= 0.000) -> Pt_MotherT1D >= 0.000)
",9999999.000,9999999.000,0.000,1.000,0.000,1,0,0,0,1,0,1,0,1.0,0.0,0.0,1.0,1.0,0.0,1
"G[1,1](((BGTestAvgNumMeter >= 0.000 & Pt_ChildT1D <= 0.000) -> bmiPerc >= 0.000) -> bmi >= 0.000)
",0.000,0.000,0.000,1.000,0.000,1,0,0,0,1,0,1,0,1.0,0.0,0.0,1.0,1.0,0.0,1
"G[0,1]((TotalDailyInsPerKg >= 1.145 | Pt_InsGov >= 0.000) & Pt_MotherT1D <= 0.000)
",9999999.000,9999999.000,0.000,1.000,0.000,1,0,0,0,1,0,1,0,1.0,0.0,0.0,1.0,1.0,0.0,1
"G[0,1](HbA1c <= 9.511 -> Pt_SHFlg = 0.000)
",9999999.000,9999999.000,0.000,1.000,0.000,1,0,0,0,1,0,1,0,1.0,0.0,0.0,1.0,1.0,0.0,1
"G[0,0]((UnitsInsBasalOrLongAct <= 21.536 & bmiPerc <= 0.740) -> BUN >= 0.709)
",-179.291,-179.291,0.000,1.000,0.000,1,0,0,0,1,0,1,0,1.0,0.0,0.0,1.0,1.0,0.0,1
"G[0,1]((BGTestAvgNumPtRep >= 8.498 | WeightKg <= 48.288) | Pt_DKAFlg <= 48.689)
",9999999.000,9999999.000,0.000,1.000,0.000,1,0,0,0,1,0,1,0,1.0,0.0,0.0,1.0,1.0,0.0,1
"G[1,1]((Pt_CGMUseNumDays <= 0.000 | diagAgeCombo >= 1.224) & HDL >= 0.883)
",-0.883,-0.883,0.000,1.000,0.000,1,0,0,0,1,0,1,0,1.0,0.0,0.0,1.0,1.0,0.0,1
"G[1,1](((Pt_FatherT1D <= 0.000 -> HbA1c >= 8.843) -> BGTestAvgNumMeter <= 9.529) | BGTestAvgNumMeter >= 8.913)
",-8.913,-8.913,0.000,1.000,0.000,1,0,0,0,1,0,1,0,1.0,0.0,0.0,1.0,1.0,0.0,1
"G[0,0]((DirectLDL <= 0.000 & Pt_DKAFlg <= 0.000) & Triglyc >= 0.000)
",-159.600,-159.600,0.000,1.000,0.000,1,0,0,0,1,0,1,0,1.0,0.0,0.0,1.0,1.0,0.0,1
"G[0,1](Pt_DKAFlg >= 0.000 -> Pt_MotherT1D >= 0.000)
",9999999.000,9999999.000,0.000,1.000,0.000,1,0,0,0,1,0,1,0,1.0,0.0,0.0,1.0,1.0,0.0,1
"G[0,0]((UnitsInsBasalOrLongAct >= 12.876 -> GFR >= 0.000) | HbA1cImputeDtMnC <= 0.000)
",-5.000,-5.000,0.000,1.000,0.000,1,0,0,0,1,0,1,0,1.0,0.0,0.0,1.0,1.0,0.0,1
"G[0,0]((AutonomicNeuroCl >= 0.000 -> BldPrSys <= 119.000) | TotalDailyInsPerKg >= 119.000)
",-110.000,-110.000,0.000,1.000,0.000,1,0,0,0,1,0,1,0,1.0,0.0,0.0,1.0,1.0,0.0,1
"G[0,0](BUN <= 13.000 & DirectLDL >= 0.000)
",-167.000,-167.000,0.000,1.000,0.000,1,0,0,0,1,0,1,0,1.0,0.0,0.0,1.0,1.0,0.0,1
"G[0,0](NumPumpBolusOrShortAct >= 5.479 | Pt_SiblingT1D <= 0.000)
",0.000,0.000,0.000,1.000,0.000,1,0,0,0,1,0,1,0,1.0,0.0,0.0,1.0,1.0,0.0,1
"G[0,1]((Pt_CGMUseNumDays <= 0.000 -> NumPumpBolusOrShortAct <= 6.975) | BGTestAvgNumMeter <= 6.635)
",9999999.000,9999999.000,0.000,1.000,0.000,1,0,0,0,1,0,1,0,1.0,0.0,0.0,1.0,1.0,0.0,1
"G[1,1]((WeightKg >= 47.085 | bmiPerc <= 0.733) | Pt_GrandparentT1D <= 0.744)
",0.744,0.744,0.000,1.000,0.000,1,0,0,0,1,0,1,0,1.0,0.0,0.0,1.0,1.0,0.0,1
"G[0,1](((WeightKg >= 45.711 & GFR <= 0.000) -> Pt_A1cGoalLev >= 0.000) & HDL >= 0.000)
",9999999.000,9999999.000,0.000,1.000,0.000,1,0,0,0,1,0,1,0,1.0,0.0,0.0,1.0,1.0,0.0,1
"G[0,1](((BGTestAvgNumPtRep <= 9.532 & Pt_A1cGoalLevelDsYr5 >= 0.000) | BGTestAvgNumMeter <= 0.000) & UnitsInsBasalOrLongAct >= 0.000)
",9999999.000,9999999.000,0.000,1.000,0.000,1,0,0,0,1,0,1,0,1.0,0.0,0.0,1.0,1.0,0.0,1
"G[0,0](Pt_ChildT1D >= 0.000 -> BGTestAvgNumMeter <= 0.000)
",0.000,0.000,0.000,1.000,0.000,1,0,0,0,1,0,1,0,1.0,0.0,0.0,1.0,1.0,0.0,1
"G[0,0](GFR <= 0.000 -> BUN >= 13.000)
",-167.000,-167.000,0.000,1.000,0.000,1,0,0,0,1,0,1,0,1.0,0.0,0.0,1.0,1.0,0.0,1
"G[1,1](Pt_DKAFlg <= 0.000 | Pt_SHFlg <= 0.000)
",0.000,0.000,0.000,1.000,0.000,1,0,0,0,1,0,1,0,1.0,0.0,0.0,1.0,1.0,0.0,1
"G[0,0](((bmiPerc <= 0.748 & AutonomicNeuroCl <= 0.000) -> SMBGperDayPtMeterCombo <= 0.000) -> HDL <= 0.000)
",-19.823,-19.823,0.000,1.000,0.000,1,0,0,0,1,0,1,0,1.0,0.0,0.0,1.0,1.0,0.0,1
"G[0,1](((DirectLDL >= 0.000 -> BUN >= 13.000) -> TotChol <= 13.000) | BGTestAvgNumMeter <= 13.000)
",9999999.000,9999999.000,0.000,1.000,0.000,1,0,0,0,1,0,1,0,1.0,0.0,0.0,1.0,1.0,0.0,1
"G[0,0](DirectLDL < 0.000 -> Pt_SHFlg = 0.000)
",14.905,14.905,0.000,1.000,0.000,1,0,0,0,1,0,1,0,1.0,0.0,0.0,1.0,1.0,0.0,1
"G[0,1](((diabDur <= 8.501 -> Pt_FatherT1D <= 0.000) -> HDL <= 0.000) -> NumPumpBolusOrShortAct <= 0.000)
",9999999.000,9999999.000,0.000,1.000,0.000,1,0,0,0,1,0,1,0,1.0,0.0,0.0,1.0,1.0,0.0,1
"G[0,1]((HbA1c >= 9.068 | HDL >= 47.278) | SMBGperDayPtMeterCombo <= 63.107)
",9999999.000,9999999.000,0.000,1.000,0.000,1,0,0,0,1,0,1,0,1.0,0.0,0.0,1.0,1.0,0.0,1
"G[0,1](((age <= 11.983 & Triglyc >= 107.710) -> HeightCm >= 88.138) | bmiZscore >= 89.330)
",9999999.000,9999999.000,0.000,1.000,0.000,1,0,0,0,1,0,1,0,1.0,0.0,0.0,1.0,1.0,0.0,1
"G[1,1](SMBGperDayPtMeterCombo <= 9.602 -> bmiZscore >= 0.548)
",-9.602,-9.602,0.000,1.000,0.000,1,0,0,0,1,0,1,0,1.0,0.0,0.0,1.0,1.0,0.0,1
"G[0,1](Pt_FatherT1D >= 0.000 | Pt_GrandchildT1D <= 0.000)
",9999999.000,9999999.000,0.000,1.000,0.000,1,0,0,0,1,0,1,0,1.0,0.0,0.0,1.0,1.0,0.0,1
"G[0,0](GFR >= 0.000 -> BGTestAvgNumMeter <= 0.000)
",-0.770,-0.770,0.000,1.000,0.000,1,0,0,0,1,0,1,0,1.0,0.0,0.0,1.0,1.0,0.0,1
"G[1,1]((Pt_GrandchildT1D <= 0.000 | Pt_MotherT1D <= 0.000) -> AutonomicNeuroCl <= 0.000)
",0.000,0.000,0.000,1.000,0.000,1,0,0,0,1,0,1,0,1.0,0.0,0.0,1.0,1.0,0.0,1
"G[0,0](((Pt_GrandchildT1D >= 0.000 -> BldPrSys >= 119.000) | bmiPerc <= 119.000) -> BldPrDia <= 119.000)
",-98.429,-98.429,0.000,1.000,0.000,1,0,0,0,1,0,1,0,1.0,0.0,0.0,1.0,1.0,0.0,1
"G[0,1](((diagAgeCombo <= 1.605 -> AutonomicNeuroCl >= 0.000) -> BldPrSys <= 0.000) -> TSH <= 0.000)
",9999999.000,9999999.000,0.000,1.000,0.000,1,0,0,0,1,0,1,0,1.0,0.0,0.0,1.0,1.0,0.0,1
"G[0,0](((UnitsInsBasalOrLongAct >= 17.006 & Pt_SHFlg >= 0.000) & age <= 0.000) -> bmiPerc >= 0.000)
",-20.571,-20.571,0.000,1.000,0.000,1,0,0,0,1,0,1,0,1.0,0.0,0.0,1.0,1.0,0.0,1
"G[0,1](((bmiPerc >= 0.717 -> Pt_GrandchildT1D <= 0.000) & WeightKg >= 0.000) & Pt_ChildT1D <= 0.000)
",9999999.000,9999999.000,0.000,1.000,0.000,1,0,0,0,1,0,1,0,1.0,0.0,0.0,1.0,1.0,0.0,1
"G[0,0]((AlbCreatRat_mggNew <= 16.526 | BldPrSys >= 119.000) | bmiZscore <= 119.000)
",118.221,118.221,0.000,1.000,0.000,1,0,0,0,1,0,1,0,1.0,0.0,0.0,1.0,1.0,0.0,1
"G[0,1](((BldPrSys >= 119.000 & Pt_SHFlg >= 0.000) -> HDL <= 0.000) -> AlbCreatRat_mggNew >= 0.000)
",9999999.000,9999999.000,0.000,1.000,0.000,1,0,0,0,1,0,1,0,1.0,0.0,0.0,1.0,1.0,0.0,1
"G[0,1]((HeightCm >= 153.411 -> Pt_FatherT1D <= 0.000) | WeightKg >= 0.000)
",9999999.000,9999999.000,0.000,1.000,0.000,1,0,0,0,1,0,1,0,1.0,0.0,0.0,1.0,1.0,0.0,1
"G[1,1]((SMBGperDayPtMeterCombo >= 8.161 | diabDur >= 8.197) | TotChol >= 8.017)
",-8.017,-8.017,0.000,1.000,0.000,1,0,0,0,1,0,1,0,1.0,0.0,0.0,1.0,1.0,0.0,1
"G[0,1](Pt_InsGov >= 0.000 -> Pt_SHFlg = 0.000)
",9999999.000,9999999.000,0.000,1.000,0.000,1,0,0,0,1,0,1,0,1.0,0.0,0.0,1.0,1.0,0.0,1
"G[0,0]((WeightKg >= 45.105 | bmi >= 19.525) -> UnitsInsBasalOrLongAct <= 27.075)
",-6.075,-6.075,0.000,1.000,0.000,1,0,0,0,1,0,1,0,1.0,0.0,0.0,1.0,1.0,0.0,1
"G[0,0](((TotalDailyInsPerKg >= 1.130 | AutonomicNeuroCl <= 0.000) & bmiPerc >= 0.000) | UnitsInsBasalOrLongAct <= 0.000)
",7.870,7.870,0.000,1.000,0.000,1,0,0,0,1,0,1,0,1.0,0.0,0.0,1.0,1.0,0.0,1
"G[0,1]((Triglyc <= 176.084 | WeightKg >= 46.961) | WeightKg <= 50.620)
",9999999.000,9999999.000,0.000,1.000,0.000,1,0,0,0,1,0,1,0,1.0,0.0,0.0,1.0,1.0,0.0,1
"G[0,0](GFR <= 0.000 -> BUN >= 13.000)
",-167.000,-167.000,0.000,1.000,0.000,1,0,0,0,1,0,1,0,1.0,0.0,0.0,1.0,1.0,0.0,1
"G[0,1](((diagAgeCombo >= 1.071 -> Pt_A1cGoalLev <= 0.000) & age <= 0.000) | Pt_GrandchildT1D <= 0.000)
",9999999.000,9999999.000,0.000,1.000,0.000,1,0,0,0,1,0,1,0,1.0,0.0,0.0,1.0,1.0,0.0,1
"G[0,1]((Pt_A1cGoalLev <= 0.000 & Pt_MotherT1D >= 0.000) & BldPrSys >= 0.000)
",9999999.000,9999999.000,0.000,1.000,0.000,1,0,0,0,1,0,1,0,1.0,0.0,0.0,1.0,1.0,0.0,1
"F[0,2](((AutonomicNeuroCl >= 0.000 -> Pt_GrandchildT1D >= 0.000) & Pt_SHFlg <= 0.000) | TotChol <= 0.000)
",-9999999.000,-9999999.000,0.000,0.000,1.000,0,0,0,1,1,0,0,1,0.0,0.0,0.0,0.0,0.0,1.0,-1
"((DirectLDL >= 0.000) U[0,2] (bmiPerc <= 0.775))
",-9999999.000,-9999999.000,0.000,0.000,1.000,0,0,0,1,1,0,0,1,0.0,0.0,0.0,0.0,0.0,1.0,-1
"F[2,2](((Triglyc >= 79.176 -> BldPrDia <= 64.244) -> BldPrDia <= 63.889) -> BUN <= 62.548)
",-62.548,-62.548,0.000,0.000,1.000,0,0,0,1,1,0,0,1,0.0,0.0,0.0,0.0,0.0,1.0,-1
"F[0,1](Pt_DKAFlg >= 0.000 -> Pt_GrandchildT1D >= 0.000)
",-9999999.000,-9999999.000,0.000,0.000,1.000,0,0,0,1,1,0,0,1,0.0,0.0,0.0,0.0,0.0,1.0,-1
"F[0,0]((Pt_SHFlg >= 0.000 -> Pt_A1cGoalLevelDsYr5 <= 0.000) -> bmiPerc >= 0.000)
",-20.571,-20.571,0.000,0.000,1.000,0,0,0,1,1,0,0,1,0.0,0.0,0.0,0.0,0.0,1.0,-1
"F[0,2]((WeightKg <= 51.517 | bmi >= 19.495) -> Triglyc <= 20.017)
",-9999999.000,-9999999.000,0.000,0.000,1.000,0,0,0,1,1,0,0,1,0.0,0.0,0.0,0.0,0.0,1.0,-1
"F[0,1](((HeightCm >= 154.849 | Pt_MotherT1D <= 0.000) | BUN <= 0.000) | NumPumpBolusOrShortAct <= 0.000)
",-9999999.000,-9999999.000,0.000,0.000,1.000,0,0,0,1,1,0,0,1,0.0,0.0,0.0,0.0,0.0,1.0,-1
"F[1,1]((Triglyc <= 173.697 | age <= 11.852) -> HDL <= 11.885)
",-173.697,-173.697,0.000,0.000,1.000,0,0,0,1,1,0,0,1,0.0,0.0,0.0,0.0,0.0,1.0,-1
"((HDL <= 63.962) U[0,1] (Pt_SiblingT1D >= 0.000))
",-9999999.000,-9999999.000,0.000,0.000,1.000,0,0,0,1,1,0,0,1,0.0,0.0,0.0,0.0,0.0,1.0,-1
"((GFR <= 0.000) U[0,2] (GFR >= 0.000))
",-9999999.000,-9999999.000,0.000,0.000,1.000,0,0,0,1,1,0,0,1,0.0,0.0,0.0,0.0,0.0,1.0,-1
"F[1,2]((GFR >= 0.000 | age >= 11.265) | Pt_A1cGoalLevelDsYr5 <= 11.589)
",-9999999.000,-9999999.000,0.000,0.000,1.000,0,0,0,1,1,0,0,1,0.0,0.0,0.0,0.0,0.0,1.0,-1
"F[0,0](((Pt_CGMUseNumDays >= 0.000 -> Pt_InsGov <= 0.000) | HbA1c >= 0.000) & Pt_MotherT1D >= 0.000)
",0.000,0.000,0.000,0.000,1.000,0,0,0,1,1,0,0,1,0.0,0.0,0.0,0.0,0.0,1.0,-1
"((HbA1c >= 8.799) U[2,2] (TotChol >= 122.408))
",-8.799,-8.799,0.000,0.000,1.000,0,0,0,1,1,0,0,1,0.0,0.0,0.0,0.0,0.0,1.0,-1
"F[0,2]((Pt_A1cGoalLev >= 0.000 & Pt_FatherT1D <= 0.000) | Pt_MotherT1D <= 0.000)
",-9999999.000,-9999999.000,0.000,0.000,1.000,0,0,0,1,1,0,0,1,0.0,0.0,0.0,0.0,0.0,1.0,-1
"F[0,1](((Pt_GrandchildT1D >= 0.000 & SMBGperDayPtMeterCombo <= 9.216) -> HDL <= 9.017) -> Pt_FatherT1D <= 9.503)
",-9999999.000,-9999999.000,0.000,0.000,1.000,0,0,0,1,1,0,0,1,0.0,0.0,0.0,0.0,0.0,1.0,-1
"F[2,2](Pt_InsGov >= 0.000 -> Pt_MotherT1D <= 0.000)
",0.000,0.000,0.000,0.000,1.000,0,0,0,1,1,0,0,1,0.0,0.0,0.0,0.0,0.0,1.0,-1
"F[0,2](BldPrDia <= 63.206 -> diabDur <= 8.574)
",-9999999.000,-9999999.000,0.000,0.000,1.000,0,0,0,1,1,0,0,1,0.0,0.0,0.0,0.0,0.0,1.0,-1
"F[0,1](((BldPrSys <= 119.000 -> TotChol >= 122.891) & TotalDailyInsPerKg <= 123.631) -> diabDur <= 125.724)
",-9999999.000,-9999999.000,0.000,0.000,1.000,0,0,0,1,1,0,0,1,0.0,0.0,0.0,0.0,0.0,1.0,-1
"F[0,2](((HbA1cImputeDtMnC <= 8.511 & TotChol <= 124.454) -> bmiZscore >= 122.275) -> TSH >= 121.930)
",-9999999.000,-9999999.000,0.000,0.000,1.000,0,0,0,1,1,0,0,1,0.0,0.0,0.0,0.0,0.0,1.0,-1
"((WeightKg >= 47.133) U[0,1] (HbA1c <= 9.577))
",-9999999.000,-9999999.000,0.000,0.000,1.000,0,0,0,1,1,0,0,1,0.0,0.0,0.0,0.0,0.0,1.0,-1
"F[0,2](((UnitsInsBasalOrLongAct <= 20.950 | HDL <= 63.466) -> HDL <= 59.433) | AlbCreatRat_mggNew <= 66.101)
",-9999999.000,-9999999.000,0.000,0.000,1.000,0,0,0,1,1,0,0,1,0.0,0.0,0.0,0.0,0.0,1.0,-1
"F[0,0](AlbCreatRat_mggNew <= 17.287 -> Triglyc <= 171.471)
",-45.471,-45.471,0.000,0.000,1.000,0,0,0,1,1,0,0,1,0.0,0.0,0.0,0.0,0.0,1.0,-1
"((Pt_FatherT1D >= 0.000) U[1,1] (AutonomicNeuroCl <= 0.000))
",0.000,0.000,0.000,0.000,1.000,0,0,0,1,1,0,0,1,0.0,0.0,0.0,0.0,0.0,1.0,-1
"F[1,2](HDL >= 48.837 & Pt_SHFlg = 0.000)
",-9999999.000,-9999999.000,0.000,0.000,1.000,0,0,0,1,1,0,0,1,0.0,0.0,0.0,0.0,0.0,1.0,-1
"F[0,1](bmi >= 19.376 | HbA1c >= 8.851)
",-9999999.000,-9999999.000,0.000,0.000,1.000,0,0,0,1,1,0,0,1,0.0,0.0,0.0,0.0,0.0,1.0,-1
"F[0,1](((HbA1cImputeDtMnC >= 1.413 -> TotChol >= 123.251) -> LDL >= 121.660) | Pt_GrandparentT1D <= 123.784)
",-9999999.000,-9999999.000,0.000,0.000,1.000,0,0,0,1,1,0,0,1,0.0,0.0,0.0,0.0,0.0,1.0,-1
"F[0,2](((Pt_CGMUseNumDays >= 0.000 -> Pt_CGMUseNumDays >= 0.000) | WeightKg >= 0.000) & BldPrDia <= 0.000)
",-9999999.000,-9999999.000,0.000,0.000,1.000,0,0,0,1,1,0,0,1,0.0,0.0,0.0,0.0,0.0,1.0,-1
"F[0,1]((Pt_SiblingT1D >= 0.000 | TotalDailyInsPerKg <= 1.223) | SMBGperDayPtMeterCombo >= 1.177)
",-9999999.000,-9999999.000,0.000,0.000,1.000,0,0,0,1,1,0,0,1,0.0,0.0,0.0,0.0,0.0,1.0,-1
"F[2,2]((TSH >= 0.532 -> AlbCreatRat_mggNew >= 4.982) & WeightKg <= 13.411)
",0.532,0.532,0.000,0.000,1.000,0,0,0,1,1,0,0,1,0.0,0.0,0.0,0.0,0.0,1.0,-1
"((BUN >= 13.000) U[0,1] (Pt_InsGov <= 0.000))
",-9999999.000,-9999999.000,0.000,0.000,1.000,0,0,0,1,1,0,0,1,0.0,0.0,0.0,0.0,0.0,1.0,-1
"((bmiZscore >= 0.597) U[0,2] (HeightCm >= 154.885))
",-9999999.000,-9999999.000,0.000,0.000,1.000,0,0,0,1,1,0,0,1,0.0,0.0,0.0,0.0,0.0,1.0,-1
"((HDL >= 47.739) U[0,1] (TotalDailyInsPerKg <= 1.222))
",-9999999.000,-9999999.000,0.000,0.000,1.000,0,0,0,1,1,0,0,1,0.0,0.0,0.0,0.0,0.0,1.0,-1
"F[0,0]((AlbCreatRat_mggNew >= 3.402 | diabDur >= 8.089) -> bmi <= 8.654)
",-9.598,-9.598,0.000,0.000,1.000,0,0,0,1,1,0,0,1,0.0,0.0,0.0,0.0,0.0,1.0,-1
"F[0,2](((Pt_GrandchildT1D >= 0.000 & Pt_A1cGoalLevelDsYr5 <= 0.000) & bmiZscore <= 0.000) & Pt_InsGov <= 0.000)
",-9999999.000,-9999999.000,0.000,0.000,1.000,0,0,0,1,1,0,0,1,0.0,0.0,0.0,0.0,0.0,1.0,-1
"F[0,1](HbA1c >= 8.951 -> Pt_A1cGoalLevelDsYr5 = 0.000)
",-9999999.000,-9999999.000,0.000,0.000,1.000,0,0,0,1,1,0,0,1,0.0,0.0,0.0,0.0,0.0,1.0,-1
"F[0,1](((DirectLDL <= 0.000 | age >= 11.187) | HeightCm >= 11.206) | Pt_ChildT1D <= 11.546)
",-9999999.000,-9999999.000,0.000,0.000,1.000,0,0,0,1,1,0,0,1,0.0,0.0,0.0,0.0,0.0,1.0,-1
"F[1,2](((Pt_GrandchildT1D >= 0.000 | SMBGperDayPtMeterCombo >= 7.530) | HbA1c >= 8.353) -> diabDur <= 8.979)
",-9999999.000,-9999999.000,0.000,0.000,1.000,0,0,0,1,1,0,0,1,0.0,0.0,0.0,0.0,0.0,1.0,-1
"F[1,2](((GFR >= 0.000 -> TotChol <= 125.913) | age <= 123.502) | Pt_DKAFlg <= 125.129)
",-9999999.000,-9999999.000,0.000,0.000,1.000,0,0,0,1,1,0,0,1,0.0,0.0,0.0,0.0,0.0,1.0,-1
"F[1,2](((LDL >= 37.238 | AutonomicNeuroCl <= 0.000) | Pt_DKAFlg <= 0.000) -> WeightKg <= 0.000)
",-9999999.000,-9999999.000,0.000,0.000,1.000,0,0,0,1,1,0,0,1,0.0,0.0,0.0,0.0,0.0,1.0,-1
"F[1,2](((Pt_A1cGoalLevelDsYr5 <= 0.000 | HbA1cImputeDtMnC <= 10.492) | Pt_A1cGoalLev <= 12.468) -> Pt_MotherT1D >= 1.046)
",-9999999.000,-9999999.000,0.000,0.000,1.000,0,0,0,1,1,0,0,1,0.0,0.0,0.0,0.0,0.0,1.0,-1
"F[0,1](((HDL <= 60.206 | Pt_A1cGoalLevelDsYr5 <= 0.000) | diabDur >= 0.000) & TotalDailyInsPerKg >= 0.000)
",-9999999.000,-9999999.000,0.000,0.000,1.000,0,0,0,1,1,0,0,1,0.0,0.0,0.0,0.0,0.0,1.0,-1
"F[0,2](((Pt_A1cGoalLevelDsYr5 <= 0.000 & Pt_GrandchildT1D <= 0.000) | Pt_FatherT1D <= 0.000) & AutonomicNeuroCl >= 0.000)
",-9999999.000,-9999999.000,0.000,0.000,1.000,0,0,0,1,1,0,0,1,0.0,0.0,0.0,0.0,0.0,1.0,-1
"F[2,2](AlbCreatRat_mggNew >= 2.523 & AutonomicNeuroCl >= 0.000)
",-2.523,-2.523,0.000,0.000,1.000,0,0,0,1,1,0,0,1,0.0,0.0,0.0,0.0,0.0,1.0,-1
"F[1,2]((HbA1cImputeDtMnC >= 5.142 | age >= 11.150) & LDL >= 11.332)
",-9999999.000,-9999999.000,0.000,0.000,1.000,0,0,0,1,1,0,0,1,0.0,0.0,0.0,0.0,0.0,1.0,-1
"F[0,1](HDL >= 48.514 | bmiPerc >= 0.713)
",-9999999.000,-9999999.000,0.000,0.000,1.000,0,0,0,1,1,0,0,1,0.0,0.0,0.0,0.0,0.0,1.0,-1
"F[1,2]((WeightKg <= 48.837 & bmi >= 19.170) | Pt_InsGov >= 19.126)
",-9999999.000,-9999999.000,0.000,0.000,1.000,0,0,0,1,1,0,0,1,0.0,0.0,0.0,0.0,0.0,1.0,-1
"((UnitsInsBasalOrLongAct >= 12.460) U[0,2] (Pt_A1cGoalLevelDsYr5 <= 0.000))
",-9999999.000,-9999999.000,0.000,0.000,1.000,0,0,0,1,1,0,0,1,0.0,0.0,0.0,0.0,0.0,1.0,-1
"((Pt_GrandparentT1D <= 0.000) U[0,0] (Pt_A1cGoalLev <= 0.000))
",0.000,0.000,0.000,0.000,1.000,0,0,0,1,1,0,0,1,0.0,0.0,0.0,0.0,0.0,1.0,-1
"F[0,1]((Pt_DKAFlg >= 0.000 | Pt_MotherT1D <= 0.000) | TotalDailyInsPerKg <= 0.000)
",-9999999.000,-9999999.000,0.000,0.000,1.000,0,0,0,1,1,0,0,1,0.0,0.0,0.0,0.0,0.0,1.0,-1
"F[0,2](bmiZscore >= 0.499 -> TSH >= 1.159)
",-9999999.000,-9999999.000,0.000,0.000,1.000,0,0,0,1,1,0,0,1,0.0,0.0,0.0,0.0,0.0,1.0,-1
"F[0,1](((WeightKg >= 45.125 -> BGTestAvgNumPtRep <= 9.127) | Pt_A1cGoalLev >= 8.335) | WeightKg <= 9.338)
",-9999999.000,-9999999.000,0.000,0.000,1.000,0,0,0,1,1,0,0,1,0.0,0.0,0.0,0.0,0.0,1.0,-1
"F[1,2]((TotChol >= 121.080 | Pt_GrandparentT1D >= 0.000) & Pt_FatherT1D >= 0.000)
",-9999999.000,-9999999.000,0.000,0.000,1.000,0,0,0,1,1,0,0,1,0.0,0.0,0.0,0.0,0.0,1.0,-1
"F[0,1](((AutonomicNeuroCl <= 0.000 | Pt_A1cGoalLevelDsYr5 <= 0.000) | Triglyc <= 0.000) & bmiPerc >= 0.000)
",-9999999.000,-9999999.000,0.000,0.000,1.000,0,0,0,1,1,0,0,1,0.0,0.0,0.0,0.0,0.0,1.0,-1
"F[1,2](((LDL <= 42.717 & BGTestAvgNumPtRep >= 8.105) & Pt_GrandparentT1D >= 7.641) & bmiPerc >= 7.663)
",-9999999.000,-9999999.000,0.000,0.000,1.000,0,0,0,1,1,0,0,1,0.0,0.0,0.0,0.0,0.0,1.0,-1
"F[0,1]((HeightCm >= 154.707 & bmiPerc <= 0.774) | TSH >= 0.714)
",-9999999.000,-9999999.000,0.000,0.000,1.000,0,0,0,1,1,0,0,1,0.0,0.0,0.0,0.0,0.0,1.0,-1
"F[0,2](((TSH >= 1.001 | HDL <= 60.815) | HeightCm <= 66.498) | HDL <= 65.021)
",-9999999.000,-9999999.000,0.000,0.000,1.000,0,0,0,1,1,0,0,1,0.0,0.0,0.0,0.0,0.0,1.0,-1
"F[0,1](((DirectLDL >= 0.000 -> HbA1c <= 9.155) -> Pt_InsGov <= 9.111) | Pt_DKAFlg >= 8.845)
",-9999999.000,-9999999.000,0.000,0.000,1.000,0,0,0,1,1,0,0,1,0.0,0.0,0.0,0.0,0.0,1.0,-1
"F[0,1]((HDL >= 56.121 & BUN >= 13.000) | DirectLDL >= 13.000)
",-9999999.000,-9999999.000,0.000,0.000,1.000,0,0,0,1,1,0,0,1,0.0,0.0,0.0,0.0,0.0,1.0,-1
"F[1,2](((bmi >= 19.544 & bmi <= 20.065) | BUN >= 18.785) -> TotalDailyInsPerKg >= 19.197)
",-9999999.000,-9999999.000,0.000,0.000,1.000,0,0,0,1,1,0,0,1,0.0,0.0,0.0,0.0,0.0,1.0,-1
"F[0,2]((Pt_CGMUseNumDays >= 0.000 & DirectLDL >= 0.000) | BGTestAvgNumMeter >= 0.000)
",-9999999.000,-9999999.000,0.000,0.000,1.000,0,0,0,1,1,0,0,1,0.0,0.0,0.0,0.0,0.0,1.0,-1
"F[0,0](((DirectLDL <= 0.000 -> BGTestAvgNumPtRep <= 9.330) -> bmiPerc <= 9.648) | HbA1c >= 7.084)
",9.330,9.330,0.000,0.000,1.000,0,0,0,1,1,0,0,1,0.0,0.0,0.0,0.0,0.0,1.0,-1
"F[0,1]((NumPumpBolusOrShortAct <= 6.801 | UnitsInsBasalOrLongAct >= 15.727) -> NumPumpBolusOrShortAct >= 16.583)
",-9999999.000,-9999999.000,0.000,0.000,1.000,0,0,0,1,1,0,0,1,0.0,0.0,0.0,0.0,0.0,1.0,-1
"F[1,2](BldPrDia <= 63.781 & BGTestAvgNumPtRep <= 9.137)
",-9999999.000,-9999999.000,0.000,0.000,1.000,0,0,0,1,1,0,0,1,0.0,0.0,0.0,0.0,0.0,1.0,-1
"F[0,2](((Pt_CGMUseNumDays <= 0.000 -> HbA1c <= 9.484) & Triglyc >= 8.341) -> SMBGperDayPtMeterCombo <= 9.242)
",-9999999.000,-9999999.000,0.000,0.000,1.000,0,0,0,1,1,0,0,1,0.0,0.0,0.0,0.0,0.0,1.0,-1
"F[0,1]((BGTestAvgNumPtRep <= 8.517 -> Pt_InsGov >= 0.000) & HbA1c >= 0.000)
",-9999999.000,-9999999.000,0.000,0.000,1.000,0,0,0,1,1,0,0,1,0.0,0.0,0.0,0.0,0.0,1.0,-1
"F[1,2](((Pt_DKAFlg >= 0.000 | Pt_DKAFlg <= 0.000) -> Pt_GrandchildT1D >= 0.000) -> Pt_SHFlg <= 0.000)
",-9999999.000,-9999999.000,0.000,0.000,1.000,0,0,0,1,1,0,0,1,0.0,0.0,0.0,0.0,0.0,1.0,-1
"((BUN >= 13.000) U[1,2] (Pt_MotherT1D >= 0.000))
",-9999999.000,-9999999.000,0.000,0.000,1.000,0,0,0,1,1,0,0,1,0.0,0.0,0.0,0.0,0.0,1.0,-1
"F[1,2](BldPrDia <= 63.280 -> Pt_GrandchildT1D >= 0.000)
",-9999999.000,-9999999.000,0.000,0.000,1.000,0,0,0,1,1,0,0,1,0.0,0.0,0.0,0.0,0.0,1.0,-1
"F[2,2](((HDL <= 65.778 | age <= 11.926) -> Pt_InsGov <= 11.609) | BldPrSys >= 11.424)
",-11.424,-11.424,0.000,0.000,1.000,0,0,0,1,1,0,0,1,0.0,0.0,0.0,0.0,0.0,1.0,-1
"F[0,0]((Pt_FatherT1D >= 0.000 -> bmi <= 20.442) | TotChol <= 20.314)
",-20.442,-20.442,0.000,0.000,1.000,0,0,0,1,1,0,0,1,0.0,0.0,0.0,0.0,0.0,1.0,-1
"F[0,2]((Pt_ChildT1D >= 0.000 & Pt_SiblingT1D >= 0.000) & BUN >= 0.000)
",-9999999.000,-9999999.000,0.000,0.000,1.000,0,0,0,1,1,0,0,1,0.0,0.0,0.0,0.0,0.0,1.0,-1
"F[0,2](((HbA1cImputeDtMnC >= 4.007 -> LDL >= 37.506) & age >= 39.222) & Pt_A1cGoalLevelDsYr5 <= 42.372)
",-9999999.000,-9999999.000,0.000,0.000,1.000,0,0,0,1,1,0,0,1,0.0,0.0,0.0,0.0,0.0,1.0,-1
"F[0,2](((TSH >= 0.637 & BldPrDia <= 62.513) | diabDur >= 61.579) & Pt_SHFlg <= 64.696)
",-9999999.000,-9999999.000,0.000,0.000,1.000,0,0,0,1,1,0,0,1,0.0,0.0,0.0,0.0,0.0,1.0,-1
"F[2,2](((WeightKg <= 48.286 -> WeightKg <= 51.083) & Pt_CGMUseNumDays >= 44.237) | BUN <= 48.568)
",48.568,48.568,0.000,0.000,1.000,0,0,0,1,1,0,0,1,0.0,0.0,0.0,0.0,0.0,1.0,-1
"F[0,2](((AlbCreatRat_mggNew >= 5.242 & Pt_MotherT1D <= 0.000) | Pt_A1cGoalLevelDsYr5 <= 0.000) | UnitsInsBasalOrLongAct <= 0.000)
",-9999999.000,-9999999.000,0.000,0.000,1.000,0,0,0,1,1,0,0,1,0.0,0.0,0.0,0.0,0.0,1.0,-1
"F[2,2]((BUN <= 13.000 -> Pt_GrandparentT1D <= 0.000) | BldPrSys >= 0.000)
",0.000,0.000,0.000,0.000,1.000,0,0,0,1,1,0,0,1,0.0,0.0,0.0,0.0,0.0,1.0,-1
"F[0,0]((HbA1c <= 9.450 & TSH >= 0.906) -> HbA1c <= 1.585)
",-6.094,-6.094,0.000,0.000,1.000,0,0,0,1,1,0,0,1,0.0,0.0,0.0,0.0,0.0,1.0,-1
"F[0,2]((diagAgeCombo >= 0.187 & WeightKg >= 45.103) | diagAgeCombo >= 44.911)
",-9999999.000,-9999999.000,0.000,0.000,1.000,0,0,0,1,1,0,0,1,0.0,0.0,0.0,0.0,0.0,1.0,-1
"F[0,1](Pt_A1cGoalLevelDsYr5 >= 0.000 -> NumPumpBolusOrShortAct <= 6.699)
",-9999999.000,-9999999.000,0.000,0.000,1.000,0,0,0,1,1,0,0,1,0.0,0.0,0.0,0.0,0.0,1.0,-1
"F[1,1](((SMBGperDayPtMeterCombo <= 8.695 | Triglyc >= 127.908) | diagAgeCombo >= 91.427) | Pt_GrandparentT1D <= 154.044)
",154.044,154.044,0.000,0.000,1.000,0,0,0,1,1,0,0,1,0.0,0.0,0.0,0.0,0.0,1.0,-1
"F[0,1](UnitsInsBasalOrLongAct <= 24.761 & AutonomicNeuroCl <= 0.000)
",-9999999.000,-9999999.000,0.000,0.000,1.000,0,0,0,1,1,0,0,1,0.0,0.0,0.0,0.0,0.0,1.0,-1
"F[0,2](((TotChol <= 124.224 & GFR >= 0.000) | diagAgeCombo >= 0.000) & Pt_ChildT1D <= 0.000)
",-9999999.000,-9999999.000,0.000,0.000,1.000,0,0,0,1,1,0,0,1,0.0,0.0,0.0,0.0,0.0,1.0,-1
"((BUN <= 13.000) U[1,2] (BGTestAvgNumPtRep >= 7.456))
",-9999999.000,-9999999.000,0.000,0.000,1.000,0,0,0,1,1,0,0,1,0.0,0.0,0.0,0.0,0.0,1.0,-1
"F[1,2]((Pt_A1cGoalLevelDsYr5 >= 0.000 | TotalDailyInsPerKg <= 1.234) -> WeightKg <= 1.205)
",-9999999.000,-9999999.000,0.000,0.000,1.000,0,0,0,1,1,0,0,1,0.0,0.0,0.0,0.0,0.0,1.0,-1
"F[0,2](((TotalDailyInsPerKg >= 1.179 | AutonomicNeuroCl >= 0.000) & SMBGperDayPtMeterCombo >= 0.000) | BldPrSys >= 0.000)
",-9999999.000,-9999999.000,0.000,0.000,1.000,0,0,0,1,1,0,0,1,0.0,0.0,0.0,0.0,0.0,1.0,-1
"F[1,1](((SMBGperDayPtMeterCombo <= 9.511 | Pt_GrandchildT1D <= 0.000) -> UnitsInsBasalOrLongAct >= 0.000) | HbA1cImputeDtMnC >= 0.000)
",0.000,0.000,0.000,0.000,1.000,0,0,0,1,1,0,0,1,0.0,0.0,0.0,0.0,0.0,1.0,-1
"F[0,2](((NumPumpBolusOrShortAct >= 5.087 -> UnitsInsBasalOrLongAct <= 27.162) | HbA1c >= 12.650) -> Triglyc >= 16.309)
",-9999999.000,-9999999.000,0.000,0.000,1.000,0,0,0,1,1,0,0,1,0.0,0.0,0.0,0.0,0.0,1.0,-1
"F[0,1](((SMBGperDayPtMeterCombo >= 7.201 & UnitsInsBasalOrLongAct >= 12.006) & bmiPerc >= 15.604) | age <= 25.086)
",-9999999.000,-9999999.000,0.000,0.000,1.000,0,0,0,1,1,0,0,1,0.0,0.0,0.0,0.0,0.0,1.0,-1
"F[0,2]((Pt_ChildT1D <= 0.000 -> HeightCm >= 154.151) | age >= 153.627)
",-9999999.000,-9999999.000,0.000,0.000,1.000,0,0,0,1,1,0,0,1,0.0,0.0,0.0,0.0,0.0,1.0,-1
"((SMBGperDayPtMeterCombo >= 7.387) U[2,2] (TotChol >= 121.505))
",-7.387,-7.387,0.000,0.000,1.000,0,0,0,1,1,0,0,1,0.0,0.0,0.0,0.0,0.0,1.0,-1
"F[0,0](((DirectLDL <= 0.000 | diabDur >= 8.332) & Pt_DKAFlg <= 8.600) & BldPrDia >= 8.290)
",3.668,3.668,0.000,0.000,1.000,0,0,0,1,1,0,0,1,0.0,0.0,0.0,0.0,0.0,1.0,-1
"((TSH <= 1.433) U[1,2] (Pt_InsGov >= 0.000))
",-9999999.000,-9999999.000,0.000,0.000,1.000,0,0,0,1,1,0,0,1,0.0,0.0,0.0,0.0,0.0,1.0,-1
"F[2,2](((HeightCm <= 158.397 -> bmiPerc <= 0.778) -> Pt_A1cGoalLevelDsYr5 >= 0.705) | bmiPerc <= 0.773)
",0.773,0.773,0.000,0.000,1.000,0,0,0,1,1,0,0,1,0.0,0.0,0.0,0.0,0.0,1.0,-1
"((Triglyc < 134.882) U[1,2] (Pt_SHFlg = 0.000))
",-9999999.000,-9999999.000,0.000,0.000,1.000,0,0,0,1,1,0,0,1,0.0,0.0,0.0,0.0,0.0,1.0,-1
"F[0,2](bmiPerc <= 0.765 | TSH <= 1.245)
",-9999999.000,-9999999.000,0.000,0.000,1.000,0,0,0,1,1,0,0,1,0.0,0.0,0.0,0.0,0.0,1.0,-1
"F[1,2](((BldPrDia >= 59.167 | bmiPerc <= 0.753) | BUN <= 0.745) -> age >= 0.727)
",-9999999.000,-9999999.000,0.000,0.000,1.000,0,0,0,1,1,0,0,1,0.0,0.0,0.0,0.0,0.0,1.0,-1
"F[2,2](LDL <= 42.859 | LDL <= 40.910)
",42.859,42.859,0.000,0.000,1.000,0,0,0,1,1,0,0,1,0.0,0.0,0.0,0.0,0.0,1.0,-1
"((TSH <= 1.696) U[0,2] (Pt_GrandparentT1D >= 0.000))
",-9999999.000,-9999999.000,0.000,0.000,1.000,0,0,0,1,1,0,0,1,0.0,0.0,0.0,0.0,0.0,1.0,-1
"F[0,1](((HDL >= 50.890 | Pt_DKAFlg <= 0.000) -> Pt_A1cGoalLev <= 0.000) -> Pt_A1cGoalLev <= 0.000)
",-9999999.000,-9999999.000,0.000,0.000,1.000,0,0,0,1,1,0,0,1,0.0,0.0,0.0,0.0,0.0,1.0,-1
"((BldPrDia >= 60.929) U[2,2] (Pt_SHFlg = 0.000))
",0.000,0.000,0.000,0.000,1.000,0,0,0,1,1,0,0,1,0.0,0.0,0.0,0.0,0.0,1.0,-1
"((WeightKg <= 51.304) U[1,2] (Pt_SHFlg = 0.000))
",-9999999.000,-9999999.000,0.000,0.000,1.000,0,0,0,1,1,0,0,1,0.0,0.0,0.0,0.0,0.0,1.0,-1
"((AlbCreatRat_mggNew < 16.316) U[0,1] (Pt_SHFlg = 0.000))
",-9999999.000,-9999999.000,0.000,0.000,1.000,0,0,0,1,1,0,0,1,0.0,0.0,0.0,0.0,0.0,1.0,-1
"F[1,2](NumPumpBolusOrShortAct >= 5.538 -> HDL >= 48.468)
",-9999999.000,-9999999.000,0.000,0.000,1.000,0,0,0,1,1,0,0,1,0.0,0.0,0.0,0.0,0.0,1.0,-1
"((BGTestAvgNumMeter >= 0.000) U[2,2] (BGTestAvgNumPtRep <= 9.879))
",9.879,9.879,0.000,0.000,1.000,0,0,0,1,1,0,0,1,0.0,0.0,0.0,0.0,0.0,1.0,-1
"F[1,2](Pt_A1cGoalLevelDsYr5 >= 0.000 | BGTestAvgNumPtRep <= 9.618)
",-9999999.000,-9999999.000,0.000,0.000,1.000,0,0,0,1,1,0,0,1,0.0,0.0,0.0,0.0,0.0,1.0,-1
"F[1,1](bmiPerc <= 0.735 | LDL >= 38.313)
",0.735,0.735,0.000,0.000,1.000,0,0,0,1,1,0,0,1,0.0,0.0,0.0,0.0,0.0,1.0,-1
"F[1,2]((TotChol <= 125.554 | HbA1cImputeDtMnC >= 2.612) -> diagAgeCombo <= 12.086)
",-9999999.000,-9999999.000,0.000,0.000,1.000,0,0,0,1,1,0,0,1,0.0,0.0,0.0,0.0,0.0,1.0,-1
"F[1,2](((Pt_MotherT1D <= 0.000 -> SMBGperDayPtMeterCombo >= 8.145) & GFR >= 7.607) & Triglyc <= 9.586)
",-9999999.000,-9999999.000,0.000,0.000,1.000,0,0,0,1,1,0,0,1,0.0,0.0,0.0,0.0,0.0,1.0,-1
"((Pt_SiblingT1D <= 0.000) U[1,2] (Pt_A1cGoalLev >= 0.000))
",-9999999.000,-9999999.000,0.000,0.000,1.000,0,0,0,1,1,0,0,1,0.0,0.0,0.0,0.0,0.0,1.0,-1
"((age >= 11.106) U[0,0] (Pt_DKAFlg <= 0.000))
",0.000,0.000,0.000,0.000,1.000,0,0,0,1,1,0,0,1,0.0,0.0,0.0,0.0,0.0,1.0,-1
"((BGTestAvgNumMeter <= 0.000) U[1,2] (bmi >= 19.228))
",-9999999.000,-9999999.000,0.000,0.000,1.000,0,0,0,1,1,0,0,1,0.0,0.0,0.0,0.0,0.0,1.0,-1
"F[0,2](((TotChol >= 122.317 | WeightKg >= 44.321) & BGTestAvgNumMeter <= 52.108) -> Pt_GrandchildT1D >= 46.157)
",-9999999.000,-9999999.000,0.000,0.000,1.000,0,0,0,1,1,0,0,1,0.0,0.0,0.0,0.0,0.0,1.0,-1
"F[1,2]((Pt_GrandparentT1D >= 0.000 | Pt_DKAFlg >= 0.000) & HbA1cImputeDtMnC <= 0.000)
",-9999999.000,-9999999.000,0.000,0.000,1.000,0,0,0,1,1,0,0,1,0.0,0.0,0.0,0.0,0.0,1.0,-1
"F[0,2](((Pt_InsGov >= 0.000 | BldPrSys >= 119.000) -> Pt_A1cGoalLev <= 119.000) | Pt_A1cGoalLevelDsYr5 >= 119.000)
",-9999999.000,-9999999.000,0.000,0.000,1.000,0,0,0,1,1,0,0,1,0.0,0.0,0.0,0.0,0.0,1.0,-1
"((TSH <= 1.446) U[0,1] (Triglyc >= 84.061))
",-9999999.000,-9999999.000,0.000,0.000,1.000,0,0,0,1,1,0,0,1,0.0,0.0,0.0,0.0,0.0,1.0,-1
"F[0,2](((Pt_InsGov <= 0.000 -> Pt_ChildT1D >= 0.000) & Pt_GrandparentT1D <= 0.000) | BGTestAvgNumMeter >= 0.000)
",-9999999.000,-9999999.000,0.000,0.000,1.000,0,0,0,1,1,0,0,1,0.0,0.0,0.0,0.0,0.0,1.0,-1
"F[1,2](Pt_SHFlg >= 0.000 -> AlbCreatRat_mggNew >= 7.065)
",-9999999.000,-9999999.000,0.000,0.000,1.000,0,0,0,1,1,0,0,1,0.0,0.0,0.0,0.0,0.0,1.0,-1
"F[0,2](((Pt_ChildT1D <= 0.000 & WeightKg <= 52.032) -> Pt_ChildT1D <= 48.467) -> AutonomicNeuroCl >= 48.036)
",-9999999.000,-9999999.000,0.000,0.000,1.000,0,0,0,1,1,0,0,1,0.0,0.0,0.0,0.0,0.0,1.0,-1
"F[0,2](NumPumpBolusOrShortAct >= 5.054 | Pt_SHFlg <= 0.000)
",-9999999.000,-9999999.000,0.000,0.000,1.000,0,0,0,1,1,0,0,1,0.0,0.0,0.0,0.0,0.0,1.0,-1
"F[2,2]((Pt_SHFlg <= 0.000 & LDL >= 37.209) -> WeightKg >= 37.054)
",37.054,37.054,0.000,0.000,1.000,0,0,0,1,1,0,0,1,0.0,0.0,0.0,0.0,0.0,1.0,-1
"F[2,2]((bmi <= 20.067 | HbA1c <= 9.672) -> Pt_ChildT1D >= 8.544)
",-20.067,-20.067,0.000,0.000,1.000,0,0,0,1,1,0,0,1,0.0,0.0,0.0,0.0,0.0,1.0,-1
"F[0,2](AlbCreatRat_mggNew >= 9.320 | HbA1cImputeDtMnC >= 6.426)
",-9999999.000,-9999999.000,0.000,0.000,1.000,0,0,0,1,1,0,0,1,0.0,0.0,0.0,0.0,0.0,1.0,-1
"((HbA1c <= 9.819) U[0,2] (bmiPerc >= 0.725))
",-9999999.000,-9999999.000,0.000,0.000,1.000,0,0,0,1,1,0,0,1,0.0,0.0,0.0,0.0,0.0,1.0,-1
"F[2,2](HbA1cImputeDtMnC >= 4.095 | DirectLDL >= 0.000)
",0.000,0.000,0.000,0.000,1.000,0,0,0,1,1,0,0,1,0.0,0.0,0.0,0.0,0.0,1.0,-1
"F[2,2](((Pt_MotherT1D >= 0.000 | Pt_FatherT1D <= 0.000) -> DirectLDL <= 0.000) -> BGTestAvgNumPtRep <= 0.000)
",0.000,0.000,0.000,0.000,1.000,0,0,0,1,1,0,0,1,0.0,0.0,0.0,0.0,0.0,1.0,-1
"F[0,2](((TSH >= 0.965 & TSH >= 1.025) -> HbA1c >= 0.815) | BldPrDia >= 0.709)
",-9999999.000,-9999999.000,0.000,0.000,1.000,0,0,0,1,1,0,0,1,0.0,0.0,0.0,0.0,0.0,1.0,-1
"F[1,2](((AlbCreatRat_mggNew >= 7.156 | bmiPerc <= 0.772) & bmi <= 0.760) | Pt_MotherT1D >= 0.723)
",-9999999.000,-9999999.000,0.000,0.000,1.000,0,0,0,1,1,0,0,1,0.0,0.0,0.0,0.0,0.0,1.0,-1
"((bmiZscore >= 0.562) U[0,1] (age >= 11.060))
",-9999999.000,-9999999.000,0.000,0.000,1.000,0,0,0,1,1,0,0,1,0.0,0.0,0.0,0.0,0.0,1.0,-1
"F[1,1](WeightKg >= 46.047 & bmiPerc >= 0.712)
",-46.047,-46.047,0.000,0.000,1.000,0,0,0,1,1,0,0,1,0.0,0.0,0.0,0.0,0.0,1.0,-1
"F[1,2]((Pt_MotherT1D >= 0.000 & BldPrSys >= 119.000) | Pt_GrandparentT1D <= 119.000)
",-9999999.000,-9999999.000,0.000,0.000,1.000,0,0,0,1,1,0,0,1,0.0,0.0,0.0,0.0,0.0,1.0,-1
"((HeightCm >= 153.482) U[1,2] (HbA1c <= 9.270))
",-9999999.000,-9999999.000,0.000,0.000,1.000,0,0,0,1,1,0,0,1,0.0,0.0,0.0,0.0,0.0,1.0,-1
"F[1,2](TotChol >= 123.250 -> UnitsInsBasalOrLongAct <= 27.001)
",-9999999.000,-9999999.000,0.000,0.000,1.000,0,0,0,1,1,0,0,1,0.0,0.0,0.0,0.0,0.0,1.0,-1
"((Pt_InsGov >= 0.000) U[1,2] (diabDur <= 8.676))
",-9999999.000,-9999999.000,0.000,0.000,1.000,0,0,0,1,1,0,0,1,0.0,0.0,0.0,0.0,0.0,1.0,-1
"F[0,1](((Pt_A1cGoalLevelDsYr5 >= 0.000 | TotChol >= 122.511) -> HbA1c <= 124.455) & bmi <= 124.165)
",-9999999.000,-9999999.000,0.000,0.000,1.000,0,0,0,1,1,0,0,1,0.0,0.0,0.0,0.0,0.0,1.0,-1
"F[0,1]((SMBGperDayPtMeterCombo <= 9.996 | TotChol <= 125.075) | BUN >= 121.330)
",-9999999.000,-9999999.000,0.000,0.000,1.000,0,0,0,1,1,0,0,1,0.0,0.0,0.0,0.0,0.0,1.0,-1
"((NumPumpBolusOrShortAct <= 6.519) U[0,1] (NumPumpBolusOrShortAct >= 5.001))
",-9999999.000,-9999999.000,0.000,0.000,1.000,0,0,0,1,1,0,0,1,0.0,0.0,0.0,0.0,0.0,1.0,-1
"F[1,2](((Pt_SiblingT1D <= 0.000 | BldPrDia <= 63.315) -> BGTestAvgNumPtRep <= 62.602) | UnitsInsBasalOrLongAct >= 60.133)
",-9999999.000,-9999999.000,0.000,0.000,1.000,0,0,0,1,1,0,0,1,0.0,0.0,0.0,0.0,0.0,1.0,-1
"F[1,1]((LDL <= 41.593 | Pt_A1cGoalLevelDsYr5 >= 0.000) & Pt_MotherT1D >= 0.000)
",0.000,0.000,0.000,0.000,1.000,0,0,0,1,1,0,0,1,0.0,0.0,0.0,0.0,0.0,1.0,-1
"F[1,2](Pt_CGMUseNumDays >= 0.000 & Pt_A1cGoalLevelDsYr5 <= 0.000)
",-9999999.000,-9999999.000,0.000,0.000,1.000,0,0,0,1,1,0,0,1,0.0,0.0,0.0,0.0,0.0,1.0,-1
"F[2,2]((TotalDailyInsPerKg <= 1.211 -> Pt_SHFlg <= 0.000) -> AlbCreatRat_mggNew >= 0.000)
",0.000,0.000,0.000,0.000,1.000,0,0,0,1,1,0,0,1,0.0,0.0,0.0,0.0,0.0,1.0,-1
"F[1,2](Pt_CGMUseNumDays >= 0.000 -> HeightCm >= 155.551)
",-9999999.000,-9999999.000,0.000,0.000,1.000,0,0,0,1,1,0,0,1,0.0,0.0,0.0,0.0,0.0,1.0,-1
"((Pt_GrandparentT1D <= 0.000) U[0,2] (age <= 11.695))
",-9999999.000,-9999999.000,0.000,0.000,1.000,0,0,0,1,1,0,0,1,0.0,0.0,0.0,0.0,0.0,1.0,-1
"F[0,2]((diagAgeCombo <= 2.942 | Triglyc >= 89.945) | BldPrSys <= 168.012)
",-9999999.000,-9999999.000,0.000,0.000,1.000,0,0,0,1,1,0,0,1,0.0,0.0,0.0,0.0,0.0,1.0,-1
"F[2,2](((DirectLDL <= 0.000 & AutonomicNeuroCl <= 0.000) | AlbCreatRat_mggNew >= 0.000) -> Pt_GrandchildT1D >= 0.000)
",0.000,0.000,0.000,0.000,1.000,0,0,0,1,1,0,0,1,0.0,0.0,0.0,0.0,0.0,1.0,-1
"F[2,2](((age <= 11.882 -> Pt_CGMUseNumDays <= 0.000) & AutonomicNeuroCl >= 0.000) & UnitsInsBasalOrLongAct >= 0.000)
",-11.882,-11.882,0.000,0.000,1.000,0,0,0,1,1,0,0,1,0.0,0.0,0.0,0.0,0.0,1.0,-1
"F[0,2](Pt_DKAFlg <= 0.000 & Pt_ChildT1D <= 0.000)
",-9999999.000,-9999999.000,0.000,0.000,1.000,0,0,0,1,1,0,0,1,0.0,0.0,0.0,0.0,0.0,1.0,-1
"F[1,1](((BGTestAvgNumMeter <= 0.000 | diabDur >= 8.486) & AutonomicNeuroCl >= 8.357) -> Pt_MotherT1D >= 8.057)
",8.057,8.057,0.000,0.000,1.000,0,0,0,1,1,0,0,1,0.0,0.0,0.0,0.0,0.0,1.0,-1
"F[0,1](Pt_FatherT1D >= 0.000 | bmi <= 20.210)
",-9999999.000,-9999999.000,0.000,0.000,1.000,0,0,0,1,1,0,0,1,0.0,0.0,0.0,0.0,0.0,1.0,-1
"F[0,1](((HbA1cImputeDtMnC >= 3.232 -> BldPrSys >= 119.000) | LDL <= 119.000) -> Pt_MotherT1D <= 119.000)
",-9999999.000,-9999999.000,0.000,0.000,1.000,0,0,0,1,1,0,0,1,0.0,0.0,0.0,0.0,0.0,1.0,-1
"F[0,1](((Pt_DKAFlg >= 0.000 -> diabDur >= 8.246) | Pt_FatherT1D <= 8.675) & WeightKg >= 8.321)
",-9999999.000,-9999999.000,0.000,0.000,1.000,0,0,0,1,1,0,0,1,0.0,0.0,0.0,0.0,0.0,1.0,-1
"F[2,2]((Pt_MotherT1D >= 0.000 -> bmiZscore >= 0.547) | Pt_GrandchildT1D >= 0.573)
",0.000,0.000,0.000,0.000,1.000,0,0,0,1,1,0,0,1,0.0,0.0,0.0,0.0,0.0,1.0,-1
"F[0,2]((Pt_A1cGoalLevelDsYr5 >= 0.000 -> Pt_GrandparentT1D >= 0.000) -> TotalDailyInsPerKg <= 0.000)
",-9999999.000,-9999999.000,0.000,0.000,1.000,0,0,0,1,1,0,0,1,0.0,0.0,0.0,0.0,0.0,1.0,-1
"F[1,1](bmi >= 18.990 & diagAgeCombo <= 1.705)
",-18.990,-18.990,0.000,0.000,1.000,0,0,0,1,1,0,0,1,0.0,0.0,0.0,0.0,0.0,1.0,-1
"((HbA1cImputeDtMnC <= 14.532) U[0,1] (HbA1cImputeDtMnC <= 10.718))
",-9999999.000,-9999999.000,0.000,0.000,1.000,0,0,0,1,1,0,0,1,0.0,0.0,0.0,0.0,0.0,1.0,-1
"((NumPumpBolusOrShortAct <= 6.508) U[0,2] (HDL >= 49.197))
",-9999999.000,-9999999.000,0.000,0.000,1.000,0,0,0,1,1,0,0,1,0.0,0.0,0.0,0.0,0.0,1.0,-1
"F[1,2]((BGTestAvgNumMeter >= 0.000 & Pt_SiblingT1D <= 0.000) -> Pt_SHFlg >= 0.000)
",-9999999.000,-9999999.000,0.000,0.000,1.000,0,0,0,1,1,0,0,1,0.0,0.0,0.0,0.0,0.0,1.0,-1
"((Pt_FatherT1D >= 0.000) U[0,2] (TotalDailyInsPerKg >= 1.121))
",-9999999.000,-9999999.000,0.000,0.000,1.000,0,0,0,1,1,0,0,1,0.0,0.0,0.0,0.0,0.0,1.0,-1
"F[0,2](TSH >= 1.044 | BldPrSys <= 119.000)
",-9999999.000,-9999999.000,0.000,0.000,1.000,0,0,0,1,1,0,0,1,0.0,0.0,0.0,0.0,0.0,1.0,-1
"F[0,1]((HbA1cImputeDtMnC >= 2.021 -> NumPumpBolusOrShortAct >= 5.578) | Pt_SHFlg >= 5.494)
",-9999999.000,-9999999.000,0.000,0.000,1.000,0,0,0,1,1,0,0,1,0.0,0.0,0.0,0.0,0.0,1.0,-1
"F[0,1](((BUN >= 13.000 | Pt_A1cGoalLevelDsYr5 <= 0.000) & Pt_SiblingT1D <= 0.000) | HbA1c >= 0.000)
",-9999999.000,-9999999.000,0.000,0.000,1.000,0,0,0,1,1,0,0,1,0.0,0.0,0.0,0.0,0.0,1.0,-1
"((TotChol >= 123.245) U[2,2] (BGTestAvgNumPtRep >= 8.195))
",-8.195,-8.195,0.000,0.000,1.000,0,0,0,1,1,0,0,1,0.0,0.0,0.0,0.0,0.0,1.0,-1
"F[0,2](HeightCm <= 159.142 & Pt_SiblingT1D <= 0.000)
",-9999999.000,-9999999.000,0.000,0.000,1.000,0,0,0,1,1,0,0,1,0.0,0.0,0.0,0.0,0.0,1.0,-1
"F[0,2](((AlbCreatRat_mggNew <= 13.109 -> TotChol >= 123.190) | BUN <= 124.597) & BUN >= 122.978)
",-9999999.000,-9999999.000,0.000,0.000,1.000,0,0,0,1,1,0,0,1,0.0,0.0,0.0,0.0,0.0,1.0,-1
"F[0,0](((age <= 11.868 -> Pt_GrandparentT1D >= 0.000) -> TotChol >= 0.000) | BldPrSys >= 0.000)
",0.000,0.000,0.000,0.000,1.000,0,0,0,1,1,0,0,1,0.0,0.0,0.0,0.0,0.0,1.0,-1
"((UnitsInsBasalOrLongAct >= 12.040) U[0,1] (bmiZscore <= 0.665))
",-9999999.000,-9999999.000,0.000,0.000,1.000,0,0,0,1,1,0,0,1,0.0,0.0,0.0,0.0,0.0,1.0,-1
"F[1,2](HbA1cImputeDtMnC >= 3.147 & NumPumpBolusOrShortAct <= 6.943)
",-9999999.000,-9999999.000,0.000,0.000,1.000,0,0,0,1,1,0,0,1,0.0,0.0,0.0,0.0,0.0,1.0,-1
"F[1,2](BGTestAvgNumMeter >= 0.000 -> diabDur <= 8.962)
",-9999999.000,-9999999.000,0.000,0.000,1.000,0,0,0,1,1,0,0,1,0.0,0.0,0.0,0.0,0.0,1.0,-1
"F[1,2](((NumPumpBolusOrShortAct >= 5.379 | TotalDailyInsPerKg >= 1.116) & Pt_GrandparentT1D <= 1.206) | bmi <= 1.217)
",-9999999.000,-9999999.000,0.000,0.000,1.000,0,0,0,1,1,0,0,1,0.0,0.0,0.0,0.0,0.0,1.0,-1
"((Pt_A1cGoalLev >= 0.000) U[2,2] (Pt_A1cGoalLevelDsYr5 <= 0.000))
",0.000,0.000,0.000,0.000,1.000,0,0,0,1,1,0,0,1,0.0,0.0,0.0,0.0,0.0,1.0,-1
"F[1,2](((Pt_CGMUseNumDays <= 0.000 & Triglyc <= 145.308) -> Pt_A1cGoalLevelDsYr5 >= 114.306) | bmiPerc >= 104.849)
",-9999999.000,-9999999.000,0.000,0.000,1.000,0,0,0,1,1,0,0,1,0.0,0.0,0.0,0.0,0.0,1.0,-1
"F[0,1](((BGTestAvgNumMeter >= 0.000 & LDL >= 39.457) & UnitsInsBasalOrLongAct <= 42.693) | HeightCm <= 42.505)
",-9999999.000,-9999999.000,0.000,0.000,1.000,0,0,0,1,1,0,0,1,0.0,0.0,0.0,0.0,0.0,1.0,-1
"F[1,2](((bmiPerc >= 0.727 & AlbCreatRat_mggNew <= 14.473) -> AlbCreatRat_mggNew >= 8.434) & DirectLDL >= 7.340)
",-9999999.000,-9999999.000,0.000,0.000,1.000,0,0,0,1,1,0,0,1,0.0,0.0,0.0,0.0,0.0,1.0,-1
"F[1,2](Triglyc <= 154.203 -> age <= 11.848)
",-9999999.000,-9999999.000,0.000,0.000,1.000,0,0,0,1,1,0,0,1,0.0,0.0,0.0,0.0,0.0,1.0,-1
"((HeightCm >= 154.307) U[2,2] (Pt_SHFlg = 0.000))
",0.000,0.000,0.000,0.000,1.000,0,0,0,1,1,0,0,1,0.0,0.0,0.0,0.0,0.0,1.0,-1
"F[0,2](BUN < 13.000 & Pt_SHFlg = 0.000)
",-9999999.000,-9999999.000,0.000,0.000,1.000,0,0,0,1,1,0,0,1,0.0,0.0,0.0,0.0,0.0,1.0,-1
"F[0,1](((Pt_MotherT1D >= 0.000 | HeightCm >= 154.613) | TSH <= 157.804) | BldPrDia <= 157.433)
",-9999999.000,-9999999.000,0.000,0.000,1.000,0,0,0,1,1,0,0,1,0.0,0.0,0.0,0.0,0.0,1.0,-1
"F[0,1](((Pt_MotherT1D <= 0.000 & diagAgeCombo >= 0.564) -> Pt_ChildT1D <= 2.748) | diagAgeCombo <= 1.912)
",-9999999.000,-9999999.000,0.000,0.000,1.000,0,0,0,1,1,0,0,1,0.0,0.0,0.0,0.0,0.0,1.0,-1
"F[0,1]((diagAgeCombo >= 1.279 | SMBGperDayPtMeterCombo <= 9.225) | Pt_SiblingT1D <= 9.500)
",-9999999.000,-9999999.000,0.000,0.000,1.000,0,0,0,1,1,0,0,1,0.0,0.0,0.0,0.0,0.0,1.0,-1
"F[1,1](((Triglyc >= 88.621 -> LDL <= 41.913) | TSH <= 41.496) | Pt_GrandparentT1D >= 38.865)
",41.496,41.496,0.000,0.000,1.000,0,0,0,1,1,0,0,1,0.0,0.0,0.0,0.0,0.0,1.0,-1
"F[2,2]((AlbCreatRat_mggNew >= 5.517 | Pt_InsGov <= 0.000) & Pt_FatherT1D >= 0.000)
",0.000,0.000,0.000,0.000,1.000,0,0,0,1,1,0,0,1,0.0,0.0,0.0,0.0,0.0,1.0,-1
"F[0,2](bmiPerc > 0.699 -> Pt_SHFlg = 0.000)
",-9999999.000,-9999999.000,0.000,0.000,1.000,0,0,0,1,1,0,0,1,0.0,0.0,0.0,0.0,0.0,1.0,-1
"F[1,2](((HeightCm >= 154.502 & HeightCm >= 156.183) & BldPrSys >= 154.129) & Pt_InsGov <= 159.594)
",-9999999.000,-9999999.000,0.000,0.000,1.000,0,0,0,1,1,0,0,1,0.0,0.0,0.0,0.0,0.0,1.0,-1
"F[0,2]((Pt_A1cGoalLev <= 0.000 & TotalDailyInsPerKg <= 1.253) & Pt_ChildT1D >= 1.117)
",-9999999.000,-9999999.000,0.000,0.000,1.000,0,0,0,1,1,0,0,1,0.0,0.0,0.0,0.0,0.0,1.0,-1
"F[2,2](HbA1c >= 9.060 -> Pt_A1cGoalLevelDsYr5 = 0.000)
",0.000,0.000,0.000,0.000,1.000,0,0,0,1,1,0,0,1,0.0,0.0,0.0,0.0,0.0,1.0,-1
"((BGTestAvgNumMeter >= 0.000) U[1,1] (BGTestAvgNumPtRep <= 9.196))
",9.196,9.196,0.000,0.000,1.000,0,0,0,1,1,0,0,1,0.0,0.0,0.0,0.0,0.0,1.0,-1
"F[1,2](HbA1c >= 9.092 -> Pt_A1cGoalLevelDsYr5 = 0.000)
",-9999999.000,-9999999.000,0.000,0.000,1.000,0,0,0,1,1,0,0,1,0.0,0.0,0.0,0.0,0.0,1.0,-1
"((BGTestAvgNumMeter >= 0.000) U[0,2] (BGTestAvgNumPtRep <= 9.650))
",-9999999.000,-9999999.000,0.000,0.000,1.000,0,0,0,1,1,0,0,1,0.0,0.0,0.0,0.0,0.0,1.0,-1
"F[0,1](HbA1c >= 8.966 -> Pt_A1cGoalLevelDsYr5 = 0.000)
",-9999999.000,-9999999.000,0.000,0.000,1.000,0,0,0,1,1,0,0,1,0.0,0.0,0.0,0.0,0.0,1.0,-1
"((BGTestAvgNumMeter >= 0.000) U[1,2] (BGTestAvgNumPtRep <= 8.719))
",-9999999.000,-9999999.000,0.000,0.000,1.000,0,0,0,1,1,0,0,1,0.0,0.0,0.0,0.0,0.0,1.0,-1
"F[1,2](LDL <= 40.306 -> bmi >= 19.622)
",-9999999.000,-9999999.000,0.000,0.000,1.000,0,0,0,1,1,0,0,1,0.0,0.0,0.0,0.0,0.0,1.0,-1
"((Triglyc <= 177.712) U[1,2] (bmi >= 19.388))
",-9999999.000,-9999999.000,0.000,0.000,1.000,0,0,0,1,1,0,0,1,0.0,0.0,0.0,0.0,0.0,1.0,-1
"((BGTestAvgNumMeter >= 0.000) U[2,2] (BGTestAvgNumPtRep <= 9.063))
",9.063,9.063,0.000,0.000,1.000,0,0,0,1,1,0,0,1,0.0,0.0,0.0,0.0,0.0,1.0,-1
"F[0,2]((Pt_FatherT1D >= 0.000 | HeightCm >= 153.152) & bmiPerc >= 153.045)
",-9999999.000,-9999999.000,0.000,0.000,1.000,0,0,0,1,1,0,0,1,0.0,0.0,0.0,0.0,0.0,1.0,-1
"F[0,2](LDL <= 40.602 & Pt_SHFlg = 0.000)
",-9999999.000,-9999999.000,0.000,0.000,1.000,0,0,0,1,1,0,0,1,0.0,0.0,0.0,0.0,0.0,1.0,-1
"((SMBGperDayPtMeterCombo <= 8.780) U[0,2] (Pt_SHFlg = 0.000))
",-9999999.000,-9999999.000,0.000,0.000,1.000,0,0,0,1,1,0,0,1,0.0,0.0,0.0,0.0,0.0,1.0,-1
"((TotalDailyInsPerKg >= 1.144) U[0,0] (Pt_FatherT1D <= 0.000))
",7.856,7.856,0.000,0.000,1.000,0,0,0,1,1,0,0,1,0.0,0.0,0.0,0.0,0.0,1.0,-1
"F[1,2](AlbCreatRat_mggNew >= 2.971 -> Pt_SHFlg = 0.000)
",-9999999.000,-9999999.000,0.000,0.000,1.000,0,0,0,1,1,0,0,1,0.0,0.0,0.0,0.0,0.0,1.0,-1
"F[0,2](AutonomicNeuroCl >= 0.000 -> BldPrSys >= 119.000)
",-9999999.000,-9999999.000,0.000,0.000,1.000,0,0,0,1,1,0,0,1,0.0,0.0,0.0,0.0,0.0,1.0,-1
"((Pt_MotherT1D >= 0.000) U[1,2] (SMBGperDayPtMeterCombo <= 8.947))
",-9999999.000,-9999999.000,0.000,0.000,1.000,0,0,0,1,1,0,0,1,0.0,0.0,0.0,0.0,0.0,1.0,-1
"F[1,1]((age >= 11.139 & Pt_MotherT1D <= 0.000) & Pt_CGMUseNumDays <= 0.000)
",-11.139,-11.139,0.000,0.000,1.000,0,0,0,1,1,0,0,1,0.0,0.0,0.0,0.0,0.0,1.0,-1
"F[1,2]((Pt_MotherT1D <= 0.000 | Pt_InsGov <= 0.000) | Pt_FatherT1D >= 0.000)
",-9999999.000,-9999999.000,0.000,0.000,1.000,0,0,0,1,1,0,0,1,0.0,0.0,0.0,0.0,0.0,1.0,-1
"F[0,2]((DirectLDL <= 0.000 -> diagAgeCombo <= 2.022) -> LDL >= 0.222)
",-9999999.000,-9999999.000,0.000,0.000,1.000,0,0,0,1,1,0,0,1,0.0,0.0,0.0,0.0,0.0,1.0,-1
"F[0,2](HDL <= 65.139 | Pt_CGMUseNumDays <= 0.000)
",-9999999.000,-9999999.000,0.000,0.000,1.000,0,0,0,1,1,0,0,1,0.0,0.0,0.0,0.0,0.0,1.0,-1
"F[1,2](((DirectLDL >= 0.000 -> BGTestAvgNumMeter <= 0.000) | AutonomicNeuroCl >= 0.000) -> Pt_FatherT1D <= 0.000)
",-9999999.000,-9999999.000,0.000,0.000,1.000,0,0,0,1,1,0,0,1,0.0,0.0,0.0,0.0,0.0,1.0,-1
"((Pt_SHFlg >= 0.000) U[0,2] (age <= 11.588))
",-9999999.000,-9999999.000,0.000,0.000,1.000,0,0,0,1,1,0,0,1,0.0,0.0,0.0,0.0,0.0,1.0,-1
"F[0,2](((Pt_A1cGoalLev >= 0.000 | HbA1cImputeDtMnC <= 9.298) & BldPrDia <= 8.015) -> Pt_GrandparentT1D <= 13.114)
",-9999999.000,-9999999.000,0.000,0.000,1.000,0,0,0,1,1,0,0,1,0.0,0.0,0.0,0.0,0.0,1.0,-1
"F[0,0](((DirectLDL <= 0.000 | Pt_ChildT1D <= 0.000) & Pt_SHFlg >= 0.000) & HDL >= 0.000)
",0.000,0.000,0.000,0.000,1.000,0,0,0,1,1,0,0,1,0.0,0.0,0.0,0.0,0.0,1.0,-1
"F[0,0](HbA1c >= 9.052 -> Pt_A1cGoalLevelDsYr5 = 0.000)
",0.000,0.000,0.000,0.000,1.000,0,0,0,1,1,0,0,1,0.0,0.0,0.0,0.0,0.0,1.0,-1
"((BGTestAvgNumMeter >= 0.000) U[0,2] (BGTestAvgNumPtRep <= 8.627))
",-9999999.000,-9999999.000,0.000,0.000,1.000,0,0,0,1,1,0,0,1,0.0,0.0,0.0,0.0,0.0,1.0,-1
"F[1,2]((Pt_ChildT1D <= 0.000 -> HbA1c >= 9.095) -> Pt_CGMUseNumDays >= 8.580)
",-9999999.000,-9999999.000,0.000,0.000,1.000,0,0,0,1,1,0,0,1,0.0,0.0,0.0,0.0,0.0,1.0,-1
"F[0,2](HbA1c > 8.803 -> Pt_SHFlg = 0.000)
",-9999999.000,-9999999.000,0.000,0.000,1.000,0,0,0,1,1,0,0,1,0.0,0.0,0.0,0.0,0.0,1.0,-1
"((Pt_SiblingT1D < 0.000) U[2,2] (Pt_SHFlg = 0.000))
",0.000,0.000,0.000,0.000,1.000,0,0,0,1,1,0,0,1,0.0,0.0,0.0,0.0,0.0,1.0,-1
"F[0,2](SMBGperDayPtMeterCombo <= 9.800 -> Pt_SHFlg = 0.000)
",-9999999.000,-9999999.000,0.000,0.000,1.000,0,0,0,1,1,0,0,1,0.0,0.0,0.0,0.0,0.0,1.0,-1
"F[1,2](bmiZscore >= 0.533 -> Pt_SHFlg = 0.000)
",-9999999.000,-9999999.000,0.000,0.000,1.000,0,0,0,1,1,0,0,1,0.0,0.0,0.0,0.0,0.0,1.0,-1
"((bmiZscore >= 0.542) U[0,0] (Pt_SHFlg = 0.000))
",0.238,0.238,0.000,0.000,1.000,0,0,0,1,1,0,0,1,0.0,0.0,0.0,0.0,0.0,1.0,-1
"((BldPrDia > 61.196) U[1,2] (Pt_SHFlg = 0.000))
",-9999999.000,-9999999.000,0.000,0.000,1.000,0,0,0,1,1,0,0,1,0.0,0.0,0.0,0.0,0.0,1.0,-1
"((Pt_SiblingT1D >= 0.000) U[2,2] (Pt_SHFlg = 0.000))
",0.000,0.000,0.000,0.000,1.000,0,0,0,1,1,0,0,1,0.0,0.0,0.0,0.0,0.0,1.0,-1
"F[0,1](HbA1cImputeDtMnC < 14.853 -> Pt_SHFlg = 0.000)
",-9999999.000,-9999999.000,0.000,0.000,1.000,0,0,0,1,1,0,0,1,0.0,0.0,0.0,0.0,0.0,1.0,-1
"((Pt_FatherT1D > 0.000) U[0,0] (Pt_SHFlg = 0.000))
",0.000,0.000,0.000,0.000,1.000,0,0,0,1,1,0,0,1,0.0,0.0,0.0,0.0,0.0,1.0,-1
"F[2,2](((Pt_CGMUseNumDays >= 0.000 | TotalDailyInsPerKg >= 1.120) -> Pt_CGMUseNumDays <= 1.245) & Pt_FatherT1D <= 1.195)
",-1.245,-1.245,0.000,0.000,1.000,0,0,0,1,1,0,0,1,0.0,0.0,0.0,0.0,0.0,1.0,-1
"F[2,2]((Pt_ChildT1D <= 0.000 & Pt_MotherT1D <= 0.000) -> Pt_GrandchildT1D <= 0.000)
",0.000,0.000,0.000,0.000,1.000,0,0,0,1,1,0,0,1,0.0,0.0,0.0,0.0,0.0,1.0,-1
"((Pt_GrandchildT1D >= 0.000) U[0,2] (age >= 11.136))
",-9999999.000,-9999999.000,0.000,0.000,1.000,0,0,0,1,1,0,0,1,0.0,0.0,0.0,0.0,0.0,1.0,-1
"F[1,2](Pt_DKAFlg >= 0.000 -> BldPrDia <= 63.956)
",-9999999.000,-9999999.000,0.000,0.000,1.000,0,0,0,1,1,0,0,1,0.0,0.0,0.0,0.0,0.0,1.0,-1
"F[1,2](((GFR <= 0.000 & HbA1cImputeDtMnC <= 14.782) -> bmiZscore >= 5.336) -> TotalDailyInsPerKg <= 10.489)
",-9999999.000,-9999999.000,0.000,0.000,1.000,0,0,0,1,1,0,0,1,0.0,0.0,0.0,0.0,0.0,1.0,-1
"F[1,2]((Pt_CGMUseNumDays >= 0.000 & HbA1cImputeDtMnC <= 14.667) & BGTestAvgNumMeter >= 6.213)
",-9999999.000,-9999999.000,0.000,0.000,1.000,0,0,0,1,1,0,0,1,0.0,0.0,0.0,0.0,0.0,1.0,-1
"F[0,1](Pt_A1cGoalLevelDsYr5 <= 0.000 & Pt_SHFlg = 0.000)
",-9999999.000,-9999999.000,0.000,0.000,1.000,0,0,0,1,1,0,0,1,0.0,0.0,0.0,0.0,0.0,1.0,-1
"((BGTestAvgNumMeter < 0.000) U[0,1] (Pt_SHFlg = 0.000))
",-9999999.000,-9999999.000,0.000,0.000,1.000,0,0,0,1,1,0,0,1,0.0,0.0,0.0,0.0,0.0,1.0,-1
"((Pt_SHFlg > 0.000) U[0,0] (Pt_SHFlg = 0.000))
",14.905,14.905,0.000,0.000,1.000,0,0,0,1,1,0,0,1,0.0,0.0,0.0,0.0,0.0,1.0,-1
"F[1,2](HbA1c >= 8.585 -> Pt_A1cGoalLevelDsYr5 = 0.000)
",-9999999.000,-9999999.000,0.000,0.000,1.000,0,0,0,1,1,0,0,1,0.0,0.0,0.0,0.0,0.0,1.0,-1
"F[1,2](HbA1c >= 9.091 -> Pt_A1cGoalLevelDsYr5 = 0.000)
",-9999999.000,-9999999.000,0.000,0.000,1.000,0,0,0,1,1,0,0,1,0.0,0.0,0.0,0.0,0.0,1.0,-1
"((BGTestAvgNumMeter >= 0.000) U[1,2] (BGTestAvgNumPtRep <= 8.923))
",-9999999.000,-9999999.000,0.000,0.000,1.000,0,0,0,1,1,0,0,1,0.0,0.0,0.0,0.0,0.0,1.0,-1
"F[0,2](HbA1c >= 8.925 -> Pt_A1cGoalLevelDsYr5 = 0.000)
",-9999999.000,-9999999.000,0.000,0.000,1.000,0,0,0,1,1,0,0,1,0.0,0.0,0.0,0.0,0.0,1.0,-1
"((BGTestAvgNumMeter >= 0.000) U[0,1] (BGTestAvgNumPtRep <= 9.003))
",-9999999.000,-9999999.000,0.000,0.000,1.000,0,0,0,1,1,0,0,1,0.0,0.0,0.0,0.0,0.0,1.0,-1
"F[0,1](HbA1c >= 8.611 -> Pt_A1cGoalLevelDsYr5 = 0.000)
",-9999999.000,-9999999.000,0.000,0.000,1.000,0,0,0,1,1,0,0,1,0.0,0.0,0.0,0.0,0.0,1.0,-1
"((BGTestAvgNumMeter >= 0.000) U[1,1] (BGTestAvgNumPtRep <= 9.831))
",9.831,9.831,0.000,0.000,1.000,0,0,0,1,1,0,0,1,0.0,0.0,0.0,0.0,0.0,1.0,-1
"F[1,1](HbA1c >= 8.954 -> Pt_A1cGoalLevelDsYr5 = 0.000)
",0.000,0.000,0.000,0.000,1.000,0,0,0,1,1,0,0,1,0.0,0.0,0.0,0.0,0.0,1.0,-1
"((UnitsInsBasalOrLongAct <= 21.728) U[0,1] (Pt_SHFlg = 0.000))
",-9999999.000,-9999999.000,0.000,0.000,1.000,0,0,0,1,1,0,0,1,0.0,0.0,0.0,0.0,0.0,1.0,-1
"((BGTestAvgNumMeter >= 0.000) U[0,2] (BGTestAvgNumPtRep <= 9.956))
",-9999999.000,-9999999.000,0.000,0.000,1.000,0,0,0,1,1,0,0,1,0.0,0.0,0.0,0.0,0.0,1.0,-1
"F[0,1](AlbCreatRat_mggNew > 9.879 & Pt_SHFlg = 0.000)
",-9999999.000,-9999999.000,0.000,0.000,1.000,0,0,0,1,1,0,0,1,0.0,0.0,0.0,0.0,0.0,1.0,-1
"((Pt_A1cGoalLevelDsYr5 > 0.000) U[0,0] (Pt_SHFlg = 0.000))
",0.000,0.000,0.000,0.000,1.000,0,0,0,1,1,0,0,1,0.0,0.0,0.0,0.0,0.0,1.0,-1
"F[0,1](NumPumpBolusOrShortAct < 6.928 -> Pt_SHFlg = 0.000)
",-9999999.000,-9999999.000,0.000,0.000,1.000,0,0,0,1,1,0,0,1,0.0,0.0,0.0,0.0,0.0,1.0,-1
"F[0,2](TotalDailyInsPerKg >= 1.178 & Pt_SHFlg = 0.000)
",-9999999.000,-9999999.000,0.000,0.000,1.000,0,0,0,1,1,0,0,1,0.0,0.0,0.0,0.0,0.0,1.0,-1
"((diagAgeCombo > 1.290) U[2,2] (Pt_SHFlg = 0.000))
",0.000,0.000,0.000,0.000,1.000,0,0,0,1,1,0,0,1,0.0,0.0,0.0,0.0,0.0,1.0,-1
"F[0,2](((BldPrSys <= 119.000 | BldPrDia <= 62.462) & BUN <= 64.077) -> Pt_SiblingT1D >= 61.487)
",-9999999.000,-9999999.000,0.000,0.000,1.000,0,0,0,1,1,0,0,1,0.0,0.0,0.0,0.0,0.0,1.0,-1
"F[0,1]((DirectLDL >= 0.000 | Pt_A1cGoalLev <= 0.000) & Pt_DKAFlg <= 0.000)
",-9999999.000,-9999999.000,0.000,0.000,1.000,0,0,0,1,1,0,0,1,0.0,0.0,0.0,0.0,0.0,1.0,-1
"F[0,2]((bmiZscore <= 0.638 -> TSH >= 0.823) -> TotalDailyInsPerKg >= 0.792)
",-9999999.000,-9999999.000,0.000,0.000,1.000,0,0,0,1,1,0,0,1,0.0,0.0,0.0,0.0,0.0,1.0,-1
"G[1,2]((BldPrDia <= 62.607 | diagAgeCombo <= 2.581) -> BUN <= 2.096)
",9999999.000,9999999.000,0.000,1.000,0.000,0,0,0,1,1,0,0,1,0.0,0.0,0.0,0.0,0.0,1.0,1
"G[0,2]((Pt_GrandparentT1D <= 0.000 | Pt_FatherT1D >= 0.000) | LDL <= 0.000)
",9999999.000,9999999.000,0.000,1.000,0.000,0,0,1,0,0,1,1,0,0.0,0.0,1.0,0.0,0.0,1.0,1
"G[1,2](BldPrSys <= 119.000 & Pt_ChildT1D <= 0.000)
",9999999.000,9999999.000,0.000,1.000,0.000,0,0,1,0,0,1,1,0,0.0,0.0,1.0,0.0,0.0,1.0,1
"G[0,1](BldPrDia <= 62.978 | UnitsInsBasalOrLongAct >= 18.365)
",9999999.000,9999999.000,0.000,1.000,0.000,0,0,0,1,1,0,0,1,0.0,0.0,0.0,0.0,0.0,1.0,1
"G[1,2](SMBGperDayPtMeterCombo <= 9.268 & AlbCreatRat_mggNew <= 14.600)
",9999999.000,9999999.000,0.000,1.000,0.000,0,0,0,1,1,0,0,1,0.0,0.0,0.0,0.0,0.0,1.0,1
"G[1,2](((BldPrSys <= 119.000 -> Pt_GrandchildT1D >= 0.000) -> bmiPerc <= 0.000) & TotalDailyInsPerKg >= 0.000)
",9999999.000,9999999.000,0.000,1.000,0.000,0,0,0,1,1,0,0,1,0.0,0.0,0.0,0.0,0.0,1.0,1
"G[1,2]((LDL >= 39.256 | GFR >= 0.000) | Pt_CGMUseNumDays <= 0.000)
",9999999.000,9999999.000,0.000,1.000,0.000,0,0,1,0,0,1,1,0,0.0,0.0,1.0,0.0,0.0,1.0,1
"G[0,1](((HeightCm >= 155.142 & bmiZscore >= 0.528) & Pt_SiblingT1D <= 0.764) & Pt_ChildT1D >= 0.481)
",9999999.000,9999999.000,0.000,1.000,0.000,0,0,0,1,1,0,0,1,0.0,0.0,0.0,0.0,0.0,1.0,1
"G[0,2](Pt_FatherT1D <= 0.000 & Pt_ChildT1D <= 0.000)
",9999999.000,9999999.000,0.000,1.000,0.000,0,0,1,0,0,1,1,0,0.0,0.0,1.0,0.0,0.0,1.0,1
"G[1,2](HbA1cImputeDtMnC >= 4.564 & Triglyc >= 122.218)
",9999999.000,9999999.000,0.000,1.000,0.000,0,0,1,0,0,1,1,0,0.0,0.0,1.0,0.0,0.0,1.0,1
"G[0,2](WeightKg <= 48.908 -> Pt_ChildT1D <= 0.000)
",9999999.000,9999999.000,0.000,1.000,0.000,0,0,1,0,0,1,1,0,0.0,0.0,1.0,0.0,0.0,1.0,1
"G[0,2](((TotalDailyInsPerKg <= 1.205 & Pt_InsGov >= 0.000) | HbA1c >= 0.000) & Pt_ChildT1D <= 0.000)
",9999999.000,9999999.000,0.000,1.000,0.000,0,0,1,0,0,1,1,0,0.0,0.0,1.0,0.0,0.0,1.0,1
"G[0,2]((DirectLDL <= 0.000 | Pt_MotherT1D <= 0.000) | TotalDailyInsPerKg <= 0.000)
",9999999.000,9999999.000,0.000,1.000,0.000,0,0,1,0,0,1,1,0,0.0,0.0,1.0,0.0,0.0,1.0,1
"G[1,2](Pt_A1cGoalLevelDsYr5 >= 0.000 | Pt_GrandparentT1D <= 0.000)
",9999999.000,9999999.000,0.000,1.000,0.000,0,0,1,0,0,1,1,0,0.0,0.0,1.0,0.0,0.0,1.0,1
"G[2,2](((Pt_SHFlg <= 0.000 | BUN <= 13.000) | GFR <= 13.000) | bmiPerc >= 13.000)
",13.000,13.000,0.000,1.000,0.000,0,0,1,0,0,1,1,0,0.0,0.0,1.0,0.0,0.0,1.0,1
"G[1,2](diagAgeCombo >= 0.943 -> TotChol <= 125.799)
",9999999.000,9999999.000,0.000,1.000,0.000,0,0,1,0,0,1,1,0,0.0,0.0,1.0,0.0,0.0,1.0,1
"G[0,2](((Pt_A1cGoalLev <= 0.000 | bmiZscore <= 0.630) | Triglyc >= 0.556) & Pt_SiblingT1D >= 0.608)
",9999999.000,9999999.000,0.000,1.000,0.000,0,0,0,1,1,0,0,1,0.0,0.0,0.0,0.0,0.0,1.0,1
"G[1,2](AlbCreatRat_mggNew <= 16.807 -> Pt_SHFlg <= 0.000)
",9999999.000,9999999.000,0.000,1.000,0.000,0,0,1,0,0,1,1,0,0.0,0.0,1.0,0.0,0.0,1.0,1
"G[0,1](((SMBGperDayPtMeterCombo <= 8.541 | diabDur <= 8.743) -> HbA1cImputeDtMnC <= 8.720) | TSH >= 8.287)
",9999999.000,9999999.000,0.000,1.000,0.000,0,0,0,1,1,0,0,1,0.0,0.0,0.0,0.0,0.0,1.0,1
"G[1,2](age >= 11.268 | Pt_SHFlg <= 0.000)
",9999999.000,9999999.000,0.000,1.000,0.000,0,0,1,0,0,1,1,0,0.0,0.0,1.0,0.0,0.0,1.0,1
"G[2,2]((BGTestAvgNumPtRep <= 9.291 -> diabDur <= 8.721) | BUN <= 8.761)
",8.761,8.761,0.000,1.000,0.000,0,0,1,0,0,1,1,0,0.0,0.0,1.0,0.0,0.0,1.0,1
"G[0,2](diagAgeCombo <= 2.285 -> HbA1cImputeDtMnC <= 11.138)
",9999999.000,9999999.000,0.000,1.000,0.000,0,0,0,1,1,0,0,1,0.0,0.0,0.0,0.0,0.0,1.0,1
"G[0,1]((Pt_ChildT1D <= 0.000 & BUN <= 13.000) & Pt_GrandchildT1D >= 13.000)
",9999999.000,9999999.000,0.000,1.000,0.000,0,0,0,1,1,0,0,1,0.0,0.0,0.0,0.0,0.0,1.0,1
"G[0,1](Pt_SiblingT1D >= 0.000 & bmi <= 20.232)
",9999999.000,9999999.000,0.000,1.000,0.000,0,0,0,1,1,0,0,1,0.0,0.0,0.0,0.0,0.0,1.0,1
"G[0,2](((BGTestAvgNumMeter <= 0.000 -> bmiZscore <= 0.633) -> TSH <= 0.740) | HeightCm <= 0.765)
",9999999.000,9999999.000,0.000,1.000,0.000,0,0,1,0,0,1,1,0,0.0,0.0,1.0,0.0,0.0,1.0,1
"G[1,2]((BUN <= 13.000 & Pt_ChildT1D <= 0.000) -> BGTestAvgNumMeter >= 0.000)
",9999999.000,9999999.000,0.000,1.000,0.000,0,0,1,0,0,1,1,0,0.0,0.0,1.0,0.0,0.0,1.0,1
"G[1,2](bmiZscore <= 0.658 & TotalDailyInsPerKg <= 1.204)
",9999999.000,9999999.000,0.000,1.000,0.000,0,0,0,1,1,0,0,1,0.0,0.0,0.0,0.0,0.0,1.0,1
"G[0,1](HeightCm <= 157.380 & Pt_A1cGoalLev >= 0.000)
",9999999.000,9999999.000,0.000,1.000,0.000,0,0,0,1,1,0,0,1,0.0,0.0,0.0,0.0,0.0,1.0,1
"G[0,2](Pt_GrandchildT1D <= 0.000 & HbA1c >= 8.889)
",9999999.000,9999999.000,0.000,1.000,0.000,0,0,0,1,1,0,0,1,0.0,0.0,0.0,0.0,0.0,1.0,1
"G[2,2](Pt_GrandchildT1D >= 0.000 -> Pt_SHFlg = 0.000)
",0.000,0.000,0.000,1.000,0.000,0,0,1,0,0,1,1,0,0.0,0.0,1.0,0.0,0.0,1.0,1
"G[2,2]((WeightKg >= 45.123 | bmi >= 19.131) -> UnitsInsBasalOrLongAct <= 22.317)
",-22.317,-22.317,0.000,1.000,0.000,0,0,1,0,0,1,1,0,0.0,0.0,1.0,0.0,0.0,1.0,1
"G[0,1](Pt_InsGov > 0.000 & Pt_SHFlg = 0.000)
",9999999.000,9999999.000,0.000,1.000,0.000,0,0,0,1,1,0,0,1,0.0,0.0,0.0,0.0,0.0,1.0,1
"G[1,2](diagAgeCombo >= 0.221 -> Pt_SHFlg = 0.000)
",9999999.000,9999999.000,0.000,1.000,0.000,0,0,1,0,0,1,1,0,0.0,0.0,1.0,0.0,0.0,1.0,1
"G[0,2](Pt_CGMUseNumDays < 0.000 -> Pt_SHFlg = 0.000)
",9999999.000,9999999.000,0.000,1.000,0.000,0,0,1,0,0,1,1,0,0.0,0.0,1.0,0.0,0.0,1.0,1
"G[0,1](HDL >= 52.966 & Pt_SHFlg = 0.000)
",9999999.000,9999999.000,0.000,1.000,0.000,0,0,0,1,1,0,0,1,0.0,0.0,0.0,0.0,0.0,1.0,1
"G[1,2](((BGTestAvgNumPtRep <= 8.792 | TotalDailyInsPerKg >= 1.178) | SMBGperDayPtMeterCombo <= 1.206) & BUN <= 1.222)
",9999999.000,9999999.000,0.000,1.000,0.000,0,0,0,1,1,0,0,1,0.0,0.0,0.0,0.0,0.0,1.0,1
"G[0,2]((Pt_GrandchildT1D <= 0.000 -> HDL <= 63.500) & age <= 66.333)
",9999999.000,9999999.000,0.000,1.000,0.000,0,0,0,1,1,0,0,1,0.0,0.0,0.0,0.0,0.0,1.0,1
"G[2,2]((Pt_GrandchildT1D <= 0.000 -> TSH >= 0.706) -> WeightKg <= 1.273)
",-1.273,-1.273,0.000,1.000,0.000,0,0,1,0,0,1,1,0,0.0,0.0,1.0,0.0,0.0,1.0,1
"G[0,1](BldPrDia >= 61.697 & TSH >= 0.964)
",9999999.000,9999999.000,0.000,1.000,0.000,0,0,0,1,1,0,0,1,0.0,0.0,0.0,0.0,0.0,1.0,1
"G[0,2](((Pt_SHFlg <= 0.000 -> diagAgeCombo <= 2.307) -> Pt_DKAFlg >= 0.518) -> Pt_SHFlg <= 1.815)
",9999999.000,9999999.000,0.000,1.000,0.000,0,0,1,0,0,1,1,0,0.0,0.0,1.0,0.0,0.0,1.0,1
"G[0,1](AlbCreatRat_mggNew <= 14.513 & BldPrSys <= 119.000)
",9999999.000,9999999.000,0.000,1.000,0.000,0,0,0,1,1,0,0,1,0.0,0.0,0.0,0.0,0.0,1.0,1
"G[0,2](BGTestAvgNumMeter >= 0.000 & TSH <= 1.479)
",9999999.000,9999999.000,0.000,1.000,0.000,0,0,0,1,1,0,0,1,0.0,0.0,0.0,0.0,0.0,1.0,1
"G[1,2](((Pt_ChildT1D <= 0.000 | AutonomicNeuroCl >= 0.000) -> NumPumpBolusOrShortAct >= 0.000) | Pt_InsGov >= 0.000)
",9999999.000,9999999.000,0.000,1.000,0.000,0,0,1,0,0,1,1,0,0.0,0.0,1.0,0.0,0.0,1.0,1
"G[2,2](BGTestAvgNumPtRep >= 7.333 | age >= 11.093)
",-7.333,-7.333,0.000,1.000,0.000,0,0,1,0,0,1,1,0,0.0,0.0,1.0,0.0,0.0,1.0,1
"G[2,2](((Pt_DKAFlg <= 0.000 -> LDL <= 42.892) | Pt_A1cGoalLevelDsYr5 >= 39.470) & SMBGperDayPtMeterCombo >= 37.405)
",-39.470,-39.470,0.000,1.000,0.000,0,0,1,0,0,1,1,0,0.0,0.0,1.0,0.0,0.0,1.0,1
"G[1,2]((Pt_A1cGoalLev >= 0.000 -> bmiZscore <= 0.663) -> BldPrSys >= 0.564)
",9999999.000,9999999.000,0.000,1.000,0.000,0,0,1,0,0,1,1,0,0.0,0.0,1.0,0.0,0.0,1.0,1
"G[1,2]((HbA1c <= 9.690 | AutonomicNeuroCl >= 0.000) -> Pt_GrandchildT1D >= 0.000)
",9999999.000,9999999.000,0.000,1.000,0.000,0,0,1,0,0,1,1,0,0.0,0.0,1.0,0.0,0.0,1.0,1
"G[0,2]((Triglyc <= 173.271 | Pt_SHFlg >= 0.000) -> diabDur >= 0.000)
",9999999.000,9999999.000,0.000,1.000,0.000,0,0,1,0,0,1,1,0,0.0,0.0,1.0,0.0,0.0,1.0,1
"G[0,1](AutonomicNeuroCl >= 0.000 -> SMBGperDayPtMeterCombo >= 8.230)
",9999999.000,9999999.000,0.000,1.000,0.000,0,0,0,1,1,0,0,1,0.0,0.0,0.0,0.0,0.0,1.0,1
"G[1,2]((Triglyc <= 129.693 & AutonomicNeuroCl >= 0.000) -> BUN >= 0.000)
",9999999.000,9999999.000,0.000,1.000,0.000,0,0,1,0,0,1,1,0,0.0,0.0,1.0,0.0,0.0,1.0,1
"G[2,2](((GFR <= 0.000 -> SMBGperDayPtMeterCombo >= 7.422) | Pt_DKAFlg >= 7.363) -> BldPrSys <= 8.544)
",-8.544,-8.544,0.000,1.000,0.000,0,0,1,0,0,1,1,0,0.0,0.0,1.0,0.0,0.0,1.0,1
"G[1,2]((diabDur <= 8.961 & bmiPerc >= 0.699) & HbA1c >= 0.707)
",9999999.000,9999999.000,0.000,1.000,0.000,0,0,0,1,1,0,0,1,0.0,0.0,0.0,0.0,0.0,1.0,1
"G[1,1](((WeightKg >= 46.057 & Pt_CGMUseNumDays >= 0.000) -> SMBGperDayPtMeterCombo <= 0.000) & BldPrSys >= 0.000)
",0.000,0.000,0.000,1.000,0.000,0,0,0,1,1,0,0,1,0.0,0.0,0.0,0.0,0.0,1.0,1
"G[2,2](Pt_CGMUseNumDays >= 0.000 & BGTestAvgNumPtRep >= 8.420)
",-8.420,-8.420,0.000,1.000,0.000,0,0,1,0,0,1,1,0,0.0,0.0,1.0,0.0,0.0,1.0,1
"G[2,2]((BldPrDia >= 60.220 -> Pt_GrandparentT1D >= 0.000) & NumPumpBolusOrShortAct <= 0.000)
",0.000,0.000,0.000,1.000,0.000,0,0,1,0,0,1,1,0,0.0,0.0,1.0,0.0,0.0,1.0,1
"G[1,2](((BGTestAvgNumMeter <= 0.000 -> SMBGperDayPtMeterCombo <= 8.994) -> HbA1cImputeDtMnC <= 8.675) -> UnitsInsBasalOrLongAct <= 8.983)
",9999999.000,9999999.000,0.000,1.000,0.000,0,0,1,0,0,1,1,0,0.0,0.0,1.0,0.0,0.0,1.0,1
"G[1,1]((bmi >= 18.818 -> Pt_GrandparentT1D <= 0.000) -> NumPumpBolusOrShortAct <= 0.000)
",0.000,0.000,0.000,1.000,0.000,0,0,0,1,1,0,0,1,0.0,0.0,0.0,0.0,0.0,1.0,1
"G[0,2](AlbCreatRat_mggNew > 5.999 -> Pt_SHFlg = 0.000)
",9999999.000,9999999.000,0.000,1.000,0.000,0,0,1,0,0,1,1,0,0.0,0.0,1.0,0.0,0.0,1.0,1
"G[0,1](TotalDailyInsPerKg > 1.177 & Pt_SHFlg = 0.000)
",9999999.000,9999999.000,0.000,1.000,0.000,0,0,0,1,1,0,0,1,0.0,0.0,0.0,0.0,0.0,1.0,1
"G[0,2](((SMBGperDayPtMeterCombo <= 9.805 | Pt_SiblingT1D <= 0.000) -> HbA1c <= 0.000) & Pt_CGMUseNumDays >= 0.000)
",9999999.000,9999999.000,0.000,1.000,0.000,0,0,0,1,1,0,0,1,0.0,0.0,0.0,0.0,0.0,1.0,1
"G[0,2]((Pt_SHFlg <= 0.000 & AutonomicNeuroCl <= 0.000) | bmi <= 0.000)
",9999999.000,9999999.000,0.000,1.000,0.000,0,0,1,0,0,1,1,0,0.0,0.0,1.0,0.0,0.0,1.0,1
"G[1,2](((Pt_A1cGoalLevelDsYr5 >= 0.000 & BGTestAvgNumMeter >= 0.000) | TotalDailyInsPerKg <= 0.000) & HbA1cImputeDtMnC <= 0.000)
",9999999.000,9999999.000,0.000,1.000,0.000,0,0,0,1,1,0,0,1,0.0,0.0,0.0,0.0,0.0,1.0,1
"G[0,2]((Pt_GrandparentT1D >= 0.000 | AlbCreatRat_mggNew >= 1.615) | AutonomicNeuroCl >= 0.320)
",9999999.000,9999999.000,0.000,1.000,0.000,0,0,1,0,0,1,1,0,0.0,0.0,1.0,0.0,0.0,1.0,1
"G[0,1](((UnitsInsBasalOrLongAct >= 14.978 | diagAgeCombo <= 1.722) | BUN >= 0.744) -> BUN <= 1.662)
",9999999.000,9999999.000,0.000,1.000,0.000,0,0,0,1,1,0,0,1,0.0,0.0,0.0,0.0,0.0,1.0,1
"G[0,2](((LDL >= 37.105 | SMBGperDayPtMeterCombo >= 8.154) & TotalDailyInsPerKg <= 8.651) -> Triglyc <= 9.971)
",9999999.000,9999999.000,0.000,1.000,0.000,0,0,0,1,1,0,0,1,0.0,0.0,0.0,0.0,0.0,1.0,1
"G[2,2]((bmiPerc <= 0.755 -> Pt_MotherT1D <= 0.000) -> AutonomicNeuroCl >= 0.000)
",0.000,0.000,0.000,1.000,0.000,0,0,1,0,0,1,1,0,0.0,0.0,1.0,0.0,0.0,1.0,1
"G[0,2]((Triglyc <= 131.541 | Pt_SiblingT1D <= 0.000) -> bmi <= 0.000)
",9999999.000,9999999.000,0.000,1.000,0.000,0,0,0,1,1,0,0,1,0.0,0.0,0.0,0.0,0.0,1.0,1
"G[0,2](((HDL <= 57.718 -> Pt_InsGov >= 0.000) & BUN <= 0.000) -> HDL >= 0.000)
",9999999.000,9999999.000,0.000,1.000,0.000,0,0,1,0,0,1,1,0,0.0,0.0,1.0,0.0,0.0,1.0,1
"G[0,2]((Pt_GrandchildT1D <= 0.000 & HbA1cImputeDtMnC <= 7.758) & UnitsInsBasalOrLongAct <= 10.082)
",9999999.000,9999999.000,0.000,1.000,0.000,0,0,0,1,1,0,0,1,0.0,0.0,0.0,0.0,0.0,1.0,1
"G[1,2]((HbA1cImputeDtMnC >= 6.300 & Pt_GrandchildT1D >= 0.000) | HbA1cImputeDtMnC <= 0.000)
",9999999.000,9999999.000,0.000,1.000,0.000,0,0,1,0,0,1,1,0,0.0,0.0,1.0,0.0,0.0,1.0,1
"G[1,2]((AutonomicNeuroCl <= 0.000 | Pt_SiblingT1D >= 0.000) & SMBGperDayPtMeterCombo >= 0.000)
",9999999.000,9999999.000,0.000,1.000,0.000,0,0,1,0,0,1,1,0,0.0,0.0,1.0,0.0,0.0,1.0,1
"G[1,2]((AutonomicNeuroCl >= 0.000 & BldPrSys <= 119.000) | TotalDailyInsPerKg <= 119.000)
",9999999.000,9999999.000,0.000,1.000,0.000,0,0,1,0,0,1,1,0,0.0,0.0,1.0,0.0,0.0,1.0,1
"G[0,2](((Pt_FatherT1D <= 0.000 -> Pt_MotherT1D <= 0.000) -> UnitsInsBasalOrLongAct >= 0.000) & Pt_A1cGoalLev <= 0.000)
",9999999.000,9999999.000,0.000,1.000,0.000,0,0,1,0,0,1,1,0,0.0,0.0,1.0,0.0,0.0,1.0,1
"G[1,2]((Pt_A1cGoalLevelDsYr5 <= 0.000 & WeightKg >= 47.994) | HbA1c >= 46.220)
",9999999.000,9999999.000,0.000,1.000,0.000,0,0,1,0,0,1,1,0,0.0,0.0,1.0,0.0,0.0,1.0,1
"G[0,2](((age >= 11.481 & Pt_SiblingT1D <= 0.000) | Pt_SHFlg >= 0.000) | Pt_A1cGoalLev >= 0.000)
",9999999.000,9999999.000,0.000,1.000,0.000,0,0,1,0,0,1,1,0,0.0,0.0,1.0,0.0,0.0,1.0,1
"G[2,2]((TotalDailyInsPerKg <= 1.258 & bmiPerc <= 0.761) | Pt_CGMUseNumDays <= 0.760)
",0.761,0.761,0.000,1.000,0.000,0,0,1,0,0,1,1,0,0.0,0.0,1.0,0.0,0.0,1.0,1
"G[2,2](bmiZscore >= 0.584 -> LDL <= 41.706)
",-41.706,-41.706,0.000,1.000,0.000,0,0,1,0,0,1,1,0,0.0,0.0,1.0,0.0,0.0,1.0,1
"G[1,2](((BldPrDia <= 62.151 -> HbA1cImputeDtMnC <= 8.903) | HDL <= 13.597) & WeightKg >= 7.138)
",9999999.000,9999999.000,0.000,1.000,0.000,0,0,0,1,1,0,0,1,0.0,0.0,0.0,0.0,0.0,1.0,1
"G[0,2](((DirectLDL >= 0.000 & HbA1c <= 9.634) & bmiPerc <= 9.537) & Pt_FatherT1D >= 8.397)
",9999999.000,9999999.000,0.000,1.000,0.000,0,0,0,1,1,0,0,1,0.0,0.0,0.0,0.0,0.0,1.0,1
"G[1,2](AutonomicNeuroCl >= 0.000 -> Pt_GrandchildT1D >= 0.000)
",9999999.000,9999999.000,0.000,1.000,0.000,0,0,1,0,0,1,1,0,0.0,0.0,1.0,0.0,0.0,1.0,1
"G[0,2](Pt_InsGov >= 0.000 | TotChol <= 125.100)
",9999999.000,9999999.000,0.000,1.000,0.000,0,0,1,0,0,1,1,0,0.0,0.0,1.0,0.0,0.0,1.0,1
"G[1,2]((Pt_ChildT1D >= 0.000 -> BGTestAvgNumPtRep >= 7.961) | UnitsInsBasalOrLongAct >= 7.426)
",9999999.000,9999999.000,0.000,1.000,0.000,0,0,1,0,0,1,1,0,0.0,0.0,1.0,0.0,0.0,1.0,1
"G[1,2](Pt_MotherT1D >= 0.000 & WeightKg >= 46.005)
",9999999.000,9999999.000,0.000,1.000,0.000,0,0,1,0,0,1,1,0,0.0,0.0,1.0,0.0,0.0,1.0,1
"G[0,2]((NumPumpBolusOrShortAct <= 6.823 & Pt_GrandchildT1D >= 0.000) -> Pt_SiblingT1D >= 0.000)
",9999999.000,9999999.000,0.000,1.000,0.000,0,0,1,0,0,1,1,0,0.0,0.0,1.0,0.0,0.0,1.0,1
"G[0,1](diagAgeCombo <= 2.759 & AlbCreatRat_mggNew >= 3.622)
",9999999.000,9999999.000,0.000,1.000,0.000,0,0,0,1,1,0,0,1,0.0,0.0,0.0,0.0,0.0,1.0,1
"G[2,2]((HeightCm >= 155.009 | Pt_SiblingT1D <= 0.000) | Pt_DKAFlg <= 0.000)
",0.000,0.000,0.000,1.000,0.000,0,0,1,0,0,1,1,0,0.0,0.0,1.0,0.0,0.0,1.0,1
"G[0,2]((TotChol >= 122.925 | diagAgeCombo >= 0.993) & Triglyc >= 0.292)
",9999999.000,9999999.000,0.000,1.000,0.000,0,0,1,0,0,1,1,0,0.0,0.0,1.0,0.0,0.0,1.0,1
"G[0,2]((Pt_GrandparentT1D <= 0.000 & BGTestAvgNumPtRep <= 8.935) | diagAgeCombo >= 8.020)
",9999999.000,9999999.000,0.000,1.000,0.000,0,0,0,1,1,0,0,1,0.0,0.0,0.0,0.0,0.0,1.0,1
"G[0,1]((Pt_MotherT1D <= 0.000 -> BGTestAvgNumPtRep >= 7.242) & Pt_FatherT1D <= 9.139)
",9999999.000,9999999.000,0.000,1.000,0.000,0,0,0,1,1,0,0,1,0.0,0.0,0.0,0.0,0.0,1.0,1
"G[0,2]((Pt_CGMUseNumDays <= 0.000 -> BldPrSys >= 119.000) -> Triglyc >= 119.000)
",9999999.000,9999999.000,0.000,1.000,0.000,0,0,0,1,1,0,0,1,0.0,0.0,0.0,0.0,0.0,1.0,1
"G[0,2]((BldPrSys >= 119.000 | diagAgeCombo <= 2.194) | bmi <= 2.320)
",9999999.000,9999999.000,0.000,1.000,0.000,0,0,1,0,0,1,1,0,0.0,0.0,1.0,0.0,0.0,1.0,1
"G[0,2](Pt_InsGov >= 0.000 | BldPrSys >= 119.000)
",9999999.000,9999999.000,0.000,1.000,0.000,0,0,1,0,0,1,1,0,0.0,0.0,1.0,0.0,0.0,1.0,1
"G[0,2](((Pt_CGMUseNumDays <= 0.000 | GFR <= 0.000) -> HeightCm >= 0.000) | HbA1cImputeDtMnC >= 0.000)
",9999999.000,9999999.000,0.000,1.000,0.000,0,0,1,0,0,1,1,0,0.0,0.0,1.0,0.0,0.0,1.0,1
"G[1,2](diabDur >= 8.261 -> Pt_A1cGoalLevelDsYr5 >= 0.000)
",9999999.000,9999999.000,0.000,1.000,0.000,0,0,1,0,0,1,1,0,0.0,0.0,1.0,0.0,0.0,1.0,1
"G[0,2]((HbA1c >= 8.965 | Pt_GrandparentT1D >= 0.000) -> Pt_InsGov >= 0.000)
",9999999.000,9999999.000,0.000,1.000,0.000,0,0,1,0,0,1,1,0,0.0,0.0,1.0,0.0,0.0,1.0,1
"G[1,2](((DirectLDL >= 0.000 | Pt_FatherT1D <= 0.000) -> Pt_A1cGoalLev <= 0.000) & Pt_GrandparentT1D <= 0.000)
",9999999.000,9999999.000,0.000,1.000,0.000,0,0,1,0,0,1,1,0,0.0,0.0,1.0,0.0,0.0,1.0,1
"G[2,2](((UnitsInsBasalOrLongAct <= 20.418 | HDL >= 52.047) | NumPumpBolusOrShortAct >= 54.062) & HbA1c >= 47.172)
",-47.172,-47.172,0.000,1.000,0.000,0,0,1,0,0,1,1,0,0.0,0.0,1.0,0.0,0.0,1.0,1
"G[1,2](((HbA1cImputeDtMnC <= 7.954 & Pt_MotherT1D <= 0.000) | BGTestAvgNumPtRep >= 0.000) | Pt_MotherT1D <= 0.000)
",9999999.000,9999999.000,0.000,1.000,0.000,0,0,1,0,0,1,1,0,0.0,0.0,1.0,0.0,0.0,1.0,1
"G[1,2](((diagAgeCombo <= 1.764 -> Pt_SHFlg >= 0.000) -> LDL <= 0.000) | AutonomicNeuroCl >= 0.000)
",9999999.000,9999999.000,0.000,1.000,0.000,0,0,1,0,0,1,1,0,0.0,0.0,1.0,0.0,0.0,1.0,1
"G[0,2]((Pt_A1cGoalLev >= 0.000 -> Pt_GrandparentT1D <= 0.000) | TSH <= 0.000)
",9999999.000,9999999.000,0.000,1.000,0.000,0,0,1,0,0,1,1,0,0.0,0.0,1.0,0.0,0.0,1.0,1
"G[0,0](Triglyc >= 114.936 & diabDur <= 8.544)
",-3.456,-3.456,0.000,1.000,0.000,0,0,0,1,1,0,0,1,0.0,0.0,0.0,0.0,0.0,1.0,1
"G[2,2](((Pt_MotherT1D <= 0.000 & BUN >= 13.000) | Pt_GrandchildT1D >= 13.000) -> Pt_SHFlg <= 13.000)
",-13.000,-13.000,0.000,1.000,0.000,0,0,1,0,0,1,1,0,0.0,0.0,1.0,0.0,0.0,1.0,1
"G[2,2](((DirectLDL >= 0.000 -> bmiPerc >= 0.728) -> DirectLDL <= 0.748) & NumPumpBolusOrShortAct <= 0.737)
",-0.748,-0.748,0.000,1.000,0.000,0,0,1,0,0,1,1,0,0.0,0.0,1.0,0.0,0.0,1.0,1
"G[0,1](((Pt_GrandchildT1D <= 0.000 | LDL <= 42.005) & diagAgeCombo <= 41.282) -> Pt_FatherT1D >= 39.431)
",9999999.000,9999999.000,0.000,1.000,0.000,0,0,0,1,1,0,0,1,0.0,0.0,0.0,0.0,0.0,1.0,1
"G[2,2]((bmi <= 20.173 -> HbA1cImputeDtMnC >= 3.025) | UnitsInsBasalOrLongAct >= 5.187)
",-5.187,-5.187,0.000,1.000,0.000,0,0,1,0,0,1,1,0,0.0,0.0,1.0,0.0,0.0,1.0,1
"G[1,2](diagAgeCombo <= 2.129 | Pt_SHFlg >= 0.000)
",9999999.000,9999999.000,0.000,1.000,0.000,0,0,1,0,0,1,1,0,0.0,0.0,1.0,0.0,0.0,1.0,1
"G[2,2]((BUN <= 13.000 -> UnitsInsBasalOrLongAct <= 27.137) & AlbCreatRat_mggNew >= 18.137)
",-27.137,-27.137,0.000,1.000,0.000,0,0,1,0,0,1,1,0,0.0,0.0,1.0,0.0,0.0,1.0,1
"G[0,0](TSH >= 0.527 | BldPrDia <= 62.997)
",6.473,6.473,0.000,1.000,0.000,0,0,0,1,1,0,0,1,0.0,0.0,0.0,0.0,0.0,1.0,1
"G[1,2](((Pt_A1cGoalLevelDsYr5 <= 0.000 | DirectLDL <= 0.000) -> Pt_InsGov >= 0.000) -> diagAgeCombo <= 0.000)
",9999999.000,9999999.000,0.000,1.000,0.000,0,0,1,0,0,1,1,0,0.0,0.0,1.0,0.0,0.0,1.0,1
"G[1,1]((Pt_CGMUseNumDays >= 0.000 & UnitsInsBasalOrLongAct <= 23.121) | Pt_FatherT1D >= 14.106)
",0.000,0.000,0.000,1.000,0.000,0,0,0,1,1,0,0,1,0.0,0.0,0.0,0.0,0.0,1.0,1
"G[1,1]((bmi <= 20.518 -> Pt_CGMUseNumDays >= 0.000) & SMBGperDayPtMeterCombo <= 0.000)
",-20.518,-20.518,0.000,1.000,0.000,0,0,0,1,1,0,0,1,0.0,0.0,0.0,0.0,0.0,1.0,1
"G[0,2](((Pt_DKAFlg >= 0.000 & Pt_A1cGoalLevelDsYr5 <= 0.000) -> BldPrDia >= 0.000) & BldPrDia <= 0.000)
",9999999.000,9999999.000,0.000,1.000,0.000,0,0,0,1,1,0,0,1,0.0,0.0,0.0,0.0,0.0,1.0,1
"G[0,2](Triglyc <= 160.024 -> HbA1c >= 8.665)
",9999999.000,9999999.000,0.000,1.000,0.000,0,0,0,1,1,0,0,1,0.0,0.0,0.0,0.0,0.0,1.0,1
"G[0,2](Pt_A1cGoalLevelDsYr5 >= 0.000 -> DirectLDL <= 0.000)
",9999999.000,9999999.000,0.000,1.000,0.000,0,0,1,0,0,1,1,0,0.0,0.0,1.0,0.0,0.0,1.0,1
"G[0,2]((BGTestAvgNumMeter <= 0.000 -> Pt_FatherT1D <= 0.000) & WeightKg >= 0.000)
",9999999.000,9999999.000,0.000,1.000,0.000,0,0,1,0,0,1,1,0,0.0,0.0,1.0,0.0,0.0,1.0,1
"G[1,2](((Pt_GrandparentT1D >= 0.000 -> bmiPerc >= 0.702) | Pt_MotherT1D >= 0.710) | Pt_CGMUseNumDays >= 0.709)
",9999999.000,9999999.000,0.000,1.000,0.000,0,0,1,0,0,1,1,0,0.0,0.0,1.0,0.0,0.0,1.0,1
"G[1,2](BldPrSys >= 119.000 & Triglyc >= 123.098)
",9999999.000,9999999.000,0.000,1.000,0.000,0,0,1,0,0,1,1,0,0.0,0.0,1.0,0.0,0.0,1.0,1
"G[0,2]((HeightCm >= 154.530 | bmi <= 20.349) | HDL >= 19.431)
",9999999.000,9999999.000,0.000,1.000,0.000,0,0,1,0,0,1,1,0,0.0,0.0,1.0,0.0,0.0,1.0,1
"G[1,2](SMBGperDayPtMeterCombo >= 7.362 & BGTestAvgNumPtRep >= 7.584)
",9999999.000,9999999.000,0.000,1.000,0.000,0,0,0,1,1,0,0,1,0.0,0.0,0.0,0.0,0.0,1.0,1
"G[1,2](((Pt_FatherT1D <= 0.000 & BGTestAvgNumMeter >= 0.000) & Pt_DKAFlg <= 0.000) -> TotalDailyInsPerKg >= 0.000)
",9999999.000,9999999.000,0.000,1.000,0.000,0,0,1,0,0,1,1,0,0.0,0.0,1.0,0.0,0.0,1.0,1
"G[0,2](age <= 11.788 -> Pt_SHFlg = 0.000)
",9999999.000,9999999.000,0.000,1.000,0.000,0,0,1,0,0,1,1,0,0.0,0.0,1.0,0.0,0.0,1.0,1
"G[0,1](SMBGperDayPtMeterCombo >= 8.437 & BGTestAvgNumPtRep >= 7.531)
",9999999.000,9999999.000,0.000,1.000,0.000,0,0,0,1,1,0,0,1,0.0,0.0,0.0,0.0,0.0,1.0,1
"F[0,0](bmi <= 19.842 -> Pt_FatherT1D <= 0.000)
",-19.842,-19.842,0.000,0.000,1.000,0,0,0,1,1,0,0,1,0.0,0.0,0.0,0.0,0.0,1.0,-1
"F[0,1](((HeightCm >= 154.033 -> bmiPerc >= 0.684) & HbA1cImputeDtMnC <= 0.768) | Pt_A1cGoalLev <= 0.750)
",-9999999.000,-9999999.000,0.000,0.000,1.000,0,0,0,1,1,0,0,1,0.0,0.0,0.0,0.0,0.0,1.0,-1
"F[0,2](TotChol <= 124.103 -> NumPumpBolusOrShortAct <= 6.081)
",-9999999.000,-9999999.000,0.000,0.000,1.000,0,0,0,1,1,0,0,1,0.0,0.0,0.0,0.0,0.0,1.0,-1
"F[1,1](Triglyc <= 140.852 -> HDL >= 52.387)
",-140.852,-140.852,0.000,0.000,1.000,0,0,0,1,1,0,0,1,0.0,0.0,0.0,0.0,0.0,1.0,-1
"F[0,1](((WeightKg <= 48.177 & WeightKg >= 46.977) & HDL <= 49.847) -> UnitsInsBasalOrLongAct <= 49.046)
",-9999999.000,-9999999.000,0.000,0.000,1.000,0,0,0,1,1,0,0,1,0.0,0.0,0.0,0.0,0.0,1.0,-1
"F[0,1](((HbA1c <= 9.179 -> HbA1cImputeDtMnC <= 10.362) | bmiPerc <= 10.804) | TotChol >= 0.962)
",-9999999.000,-9999999.000,0.000,0.000,1.000,0,0,0,1,1,0,0,1,0.0,0.0,0.0,0.0,0.0,1.0,-1
"F[0,1]((age <= 11.681 | Pt_MotherT1D >= 0.000) -> Pt_InsGov <= 0.000)
",-9999999.000,-9999999.000,0.000,0.000,1.000,0,0,0,1,1,0,0,1,0.0,0.0,0.0,0.0,0.0,1.0,-1
"F[1,1](((AutonomicNeuroCl <= 0.000 -> NumPumpBolusOrShortAct >= 5.114) -> Pt_GrandparentT1D <= 6.377) | TSH >= 5.914)
",-5.914,-5.914,0.000,0.000,1.000,0,0,0,1,1,0,0,1,0.0,0.0,0.0,0.0,0.0,1.0,-1
"G[0,2](((diagAgeCombo >= 1.499 -> BldPrDia <= 63.778) & Pt_CGMUseNumDays <= 64.983) -> Pt_InsGov <= 64.803)
",9999999.000,9999999.000,0.000,1.000,0.000,0,0,1,0,0,1,1,0,0.0,0.0,1.0,0.0,0.0,1.0,1
"G[0,2](((HDL <= 62.743 | BldPrSys <= 119.000) -> Pt_GrandchildT1D <= 119.000) -> Pt_InsGov >= 119.000)
",9999999.000,9999999.000,0.000,1.000,0.000,0,0,0,1,1,0,0,1,0.0,0.0,0.0,0.0,0.0,1.0,1
"G[0,2]((BldPrSys <= 119.000 & Pt_MotherT1D <= 0.000) -> GFR >= 0.000)
",9999999.000,9999999.000,0.000,1.000,0.000,0,0,1,0,0,1,1,0,0.0,0.0,1.0,0.0,0.0,1.0,1
"G[1,2](((Pt_A1cGoalLevelDsYr5 >= 0.000 -> Pt_A1cGoalLevelDsYr5 >= 0.000) & Pt_MotherT1D <= 0.000) -> AutonomicNeuroCl <= 0.000)
",9999999.000,9999999.000,0.000,1.000,0.000,0,0,1,0,0,1,1,0,0.0,0.0,1.0,0.0,0.0,1.0,1
"G[0,1](Pt_FatherT1D >= 0.000 & bmiPerc >= 0.683)
",9999999.000,9999999.000,0.000,1.000,0.000,0,0,0,1,1,0,0,1,0.0,0.0,0.0,0.0,0.0,1.0,1
"G[0,2]((bmiZscore >= 0.570 -> Pt_FatherT1D >= 0.000) & HbA1cImputeDtMnC <= 0.000)
",9999999.000,9999999.000,0.000,1.000,0.000,0,0,0,1,1,0,0,1,0.0,0.0,0.0,0.0,0.0,1.0,1
"G[1,2](((Pt_A1cGoalLevelDsYr5 <= 0.000 & BGTestAvgNumMeter >= 0.000) -> Pt_ChildT1D <= 0.000) -> HbA1c <= 0.000)
",9999999.000,9999999.000,0.000,1.000,0.000,0,0,0,1,1,0,0,1,0.0,0.0,0.0,0.0,0.0,1.0,1
"G[2,2](((HbA1c >= 9.071 & Triglyc >= 126.253) & Pt_A1cGoalLevelDsYr5 <= 153.395) & Pt_FatherT1D >= 118.581)
",-126.253,-126.253,0.000,1.000,0.000,0,0,1,0,0,1,1,0,0.0,0.0,1.0,0.0,0.0,1.0,1
"G[1,2]((BGTestAvgNumMeter >= 0.000 | NumPumpBolusOrShortAct <= 6.243) & AlbCreatRat_mggNew <= 6.663)
",9999999.000,9999999.000,0.000,1.000,0.000,0,0,0,1,1,0,0,1,0.0,0.0,0.0,0.0,0.0,1.0,1
"G[1,2](((bmi <= 20.045 & Pt_GrandparentT1D >= 0.000) -> Pt_GrandparentT1D <= 0.000) -> bmiPerc >= 0.000)
",9999999.000,9999999.000,0.000,1.000,0.000,0,0,1,0,0,1,1,0,0.0,0.0,1.0,0.0,0.0,1.0,1
"G[0,2](((UnitsInsBasalOrLongAct <= 27.859 | BGTestAvgNumMeter <= 0.000) & Pt_CGMUseNumDays <= 0.000) & Pt_A1cGoalLevelDsYr5 >= 0.000)
",9999999.000,9999999.000,0.000,1.000,0.000,0,0,1,0,0,1,1,0,0.0,0.0,1.0,0.0,0.0,1.0,1
"G[0,0]((Pt_GrandchildT1D <= 0.000 & HbA1cImputeDtMnC >= 3.365) & bmiZscore >= 0.729)
",0.000,0.000,0.000,1.000,0.000,0,0,0,1,1,0,0,1,0.0,0.0,0.0,0.0,0.0,1.0,1
"G[0,0]((AutonomicNeuroCl <= 0.000 -> BGTestAvgNumMeter <= 0.000) -> LDL <= 0.000)
",-9.900,-9.900,0.000,1.000,0.000,0,0,0,1,1,0,0,1,0.0,0.0,0.0,0.0,0.0,1.0,1
"G[2,2](bmiZscore >= 0.487 & HDL <= 67.391)
",-0.487,-0.487,0.000,1.000,0.000,0,0,1,0,0,1,1,0,0.0,0.0,1.0,0.0,0.0,1.0,1
"G[0,0](Triglyc >= 117.623 & TotalDailyInsPerKg <= 1.200)
",-7.800,-7.800,0.000,1.000,0.000,0,0,0,1,1,0,0,1,0.0,0.0,0.0,0.0,0.0,1.0,1
"G[0,0](LDL <= 40.882 -> WeightKg >= 45.383)
",-39.622,-39.622,0.000,1.000,0.000,0,0,0,1,1,0,0,1,0.0,0.0,0.0,0.0,0.0,1.0,1
"G[0,2](((bmi <= 20.204 & HbA1c <= 9.569) & NumPumpBolusOrShortAct <= 9.688) & HeightCm <= 9.437)
",9999999.000,9999999.000,0.000,1.000,0.000,0,0,0,1,1,0,0,1,0.0,0.0,0.0,0.0,0.0,1.0,1
"G[1,2](((WeightKg <= 51.327 | Triglyc >= 101.681) -> Pt_SiblingT1D <= 174.445) | WeightKg <= 164.085)
",9999999.000,9999999.000,0.000,1.000,0.000,0,0,1,0,0,1,1,0,0.0,0.0,1.0,0.0,0.0,1.0,1
"G[2,2]((Pt_GrandchildT1D <= 0.000 -> TotChol >= 123.469) & HbA1c >= 122.741)
",-122.741,-122.741,0.000,1.000,0.000,0,0,1,0,0,1,1,0,0.0,0.0,1.0,0.0,0.0,1.0,1
"G[0,2]((LDL >= 37.171 -> Pt_GrandparentT1D <= 0.000) -> BGTestAvgNumMeter <= 0.000)
",9999999.000,9999999.000,0.000,1.000,0.000,0,0,1,0,0,1,1,0,0.0,0.0,1.0,0.0,0.0,1.0,1
"G[2,2](((age >= 11.276 -> AutonomicNeuroCl >= 0.000) | diagAgeCombo <= 0.000) | Pt_DKAFlg <= 0.000)
",0.000,0.000,0.000,1.000,0.000,0,0,1,0,0,1,1,0,0.0,0.0,1.0,0.0,0.0,1.0,1
"F[1,1]((AutonomicNeuroCl <= 0.000 | Pt_CGMUseNumDays <= 0.000) & Pt_A1cGoalLevelDsYr5 >= 0.000)
",0.000,0.000,0.000,0.000,1.000,0,0,0,1,1,0,0,1,0.0,0.0,0.0,0.0,0.0,1.0,-1
"((GFR <= 0.000) U[0,2] (Pt_GrandchildT1D >= 0.000))
",-9999999.000,-9999999.000,0.000,0.000,1.000,0,0,0,1,1,0,0,1,0.0,0.0,0.0,0.0,0.0,1.0,-1
"G[0,2](SMBGperDayPtMeterCombo >= 7.391 & BGTestAvgNumPtRep >= 8.233)
",9999999.000,9999999.000,0.000,1.000,0.000,0,0,0,1,1,0,0,1,0.0,0.0,0.0,0.0,0.0,1.0,1
"F[1,1]((AutonomicNeuroCl <= 0.000 -> bmi >= 19.464) -> Pt_SiblingT1D <= 20.378)
",-20.378,-20.378,0.000,0.000,1.000,0,0,0,1,1,0,0,1,0.0,0.0,0.0,0.0,0.0,1.0,-1
"F[0,1](((diabDur <= 8.743 & BldPrSys <= 119.000) -> BldPrDia <= 119.000) | Pt_MotherT1D >= 119.000)
",-9999999.000,-9999999.000,0.000,0.000,1.000,0,0,0,1,1,0,0,1,0.0,0.0,0.0,0.0,0.0,1.0,-1
"((bmiZscore <= 0.687) U[1,2] (Pt_A1cGoalLevelDsYr5 >= 0.000))
",-9999999.000,-9999999.000,0.000,0.000,1.000,0,0,0,1,1,0,0,1,0.0,0.0,0.0,0.0,0.0,1.0,-1
"F[1,2](((TSH >= 0.983 & BldPrSys >= 119.000) -> BldPrSys >= 119.000) | Pt_CGMUseNumDays >= 119.000)
",-9999999.000,-9999999.000,0.000,0.000,1.000,0,0,0,1,1,0,0,1,0.0,0.0,0.0,0.0,0.0,1.0,-1
"((Pt_MotherT1D <= 0.000) U[0,2] (age <= 11.691))
",-9999999.000,-9999999.000,0.000,0.000,1.000,0,0,0,1,1,0,0,1,0.0,0.0,0.0,0.0,0.0,1.0,-1
"F[0,2](TotChol <= 125.944 | DirectLDL >= 0.000)
",-9999999.000,-9999999.000,0.000,0.000,1.000,0,0,0,1,1,0,0,1,0.0,0.0,0.0,0.0,0.0,1.0,-1
"F[2,2](((Pt_GrandparentT1D <= 0.000 -> TotalDailyInsPerKg >= 1.173) & HbA1c <= 1.209) -> AlbCreatRat_mggNew >= 1.162)
",0.000,0.000,0.000,0.000,1.000,0,0,0,1,1,0,0,1,0.0,0.0,0.0,0.0,0.0,1.0,-1
"((Triglyc >= 120.996) U[0,2] (Pt_GrandparentT1D <= 0.000))
",-9999999.000,-9999999.000,0.000,0.000,1.000,0,0,0,1,1,0,0,1,0.0,0.0,0.0,0.0,0.0,1.0,-1
"F[1,1](Pt_A1cGoalLev >= 0.000 & bmi >= 19.081)
",-19.081,-19.081,0.000,0.000,1.000,0,0,0,1,1,0,0,1,0.0,0.0,0.0,0.0,0.0,1.0,-1
"F[1,2]((AlbCreatRat_mggNew <= 18.474 | Pt_GrandchildT1D <= 0.000) | Pt_FatherT1D >= 0.000)
",-9999999.000,-9999999.000,0.000,0.000,1.000,0,0,0,1,1,0,0,1,0.0,0.0,0.0,0.0,0.0,1.0,-1
"((BldPrSys >= 119.000) U[0,1] (BGTestAvgNumMeter <= 0.000))
",-9999999.000,-9999999.000,0.000,0.000,1.000,0,0,0,1,1,0,0,1,0.0,0.0,0.0,0.0,0.0,1.0,-1
"F[0,2]((DirectLDL >= 0.000 | Pt_DKAFlg >= 0.000) | SMBGperDayPtMeterCombo >= 0.000)
",-9999999.000,-9999999.000,0.000,0.000,1.000,0,0,0,1,1,0,0,1,0.0,0.0,0.0,0.0,0.0,1.0,-1
"F[1,2](((BldPrSys >= 119.000 | UnitsInsBasalOrLongAct <= 20.880) & LDL >= 12.393) | HbA1c <= 24.947)
",-9999999.000,-9999999.000,0.000,0.000,1.000,0,0,0,1,1,0,0,1,0.0,0.0,0.0,0.0,0.0,1.0,-1
"F[1,1](((BldPrSys <= 119.000 -> HeightCm <= 156.651) | TotalDailyInsPerKg <= 157.124) -> WeightKg <= 156.346)
",-157.124,-157.124,0.000,0.000,1.000,0,0,0,1,1,0,0,1,0.0,0.0,0.0,0.0,0.0,1.0,-1
"F[1,2]((HeightCm >= 156.294 -> HbA1c <= 9.369) -> HbA1c <= 9.163)
",-9999999.000,-9999999.000,0.000,0.000,1.000,0,0,0,1,1,0,0,1,0.0,0.0,0.0,0.0,0.0,1.0,-1
"F[0,1]((diagAgeCombo <= 2.143 | bmiZscore <= 0.667) | Pt_FatherT1D <= 0.638)
",-9999999.000,-9999999.000,0.000,0.000,1.000,0,0,0,1,1,0,0,1,0.0,0.0,0.0,0.0,0.0,1.0,-1
"F[0,1](((HbA1c <= 9.114 -> BGTestAvgNumMeter <= 0.000) | Pt_GrandchildT1D <= 0.000) & AutonomicNeuroCl >= 0.000)
",-9999999.000,-9999999.000,0.000,0.000,1.000,0,0,0,1,1,0,0,1,0.0,0.0,0.0,0.0,0.0,1.0,-1
"F[0,1]((UnitsInsBasalOrLongAct <= 20.926 | diagAgeCombo >= 0.795) -> bmiZscore >= 0.881)
",-9999999.000,-9999999.000,0.000,0.000,1.000,0,0,0,1,1,0,0,1,0.0,0.0,0.0,0.0,0.0,1.0,-1
"((Pt_A1cGoalLevelDsYr5 >= 0.000) U[0,1] (HeightCm <= 159.381))
",-9999999.000,-9999999.000,0.000,0.000,1.000,0,0,0,1,1,0,0,1,0.0,0.0,0.0,0.0,0.0,1.0,-1
"((Pt_SHFlg <= 0.000) U[0,1] (Pt_GrandparentT1D >= 0.000))
",-9999999.000,-9999999.000,0.000,0.000,1.000,0,0,0,1,1,0,0,1,0.0,0.0,0.0,0.0,0.0,1.0,-1
"F[0,2]((Pt_DKAFlg >= 0.000 & Pt_FatherT1D <= 0.000) -> Pt_MotherT1D >= 0.000)
",-9999999.000,-9999999.000,0.000,0.000,1.000,0,0,0,1,1,0,0,1,0.0,0.0,0.0,0.0,0.0,1.0,-1
"F[2,2](((Pt_DKAFlg <= 0.000 -> HbA1c <= 9.474) -> HDL >= 8.711) & Pt_InsGov >= 8.743)
",-8.743,-8.743,0.000,0.000,1.000,0,0,0,1,1,0,0,1,0.0,0.0,0.0,0.0,0.0,1.0,-1
"F[0,0](Pt_GrandparentT1D >= 0.000 -> Pt_SHFlg <= 0.000)
",0.000,0.000,0.000,0.000,1.000,0,0,0,1,1,0,0,1,0.0,0.0,0.0,0.0,0.0,1.0,-1
"F[1,2]((diagAgeCombo >= 0.356 -> HbA1cImputeDtMnC >= 2.053) & Pt_GrandparentT1D <= 9.556)
",-9999999.000,-9999999.000,0.000,0.000,1.000,0,0,0,1,1,0,0,1,0.0,0.0,0.0,0.0,0.0,1.0,-1
"F[0,2](BGTestAvgNumMeter >= 0.000 & LDL <= 42.129)
",-9999999.000,-9999999.000,0.000,0.000,1.000,0,0,0,1,1,0,0,1,0.0,0.0,0.0,0.0,0.0,1.0,-1
"F[0,2](((HbA1c >= 8.555 & Pt_MotherT1D <= 0.000) | Pt_SHFlg >= 0.000) | Pt_DKAFlg <= 0.000)
",-9999999.000,-9999999.000,0.000,0.000,1.000,0,0,0,1,1,0,0,1,0.0,0.0,0.0,0.0,0.0,1.0,-1
"((TotalDailyInsPerKg >= 1.154) U[1,2] (BGTestAvgNumPtRep >= 7.801))
",-9999999.000,-9999999.000,0.000,0.000,1.000,0,0,0,1,1,0,0,1,0.0,0.0,0.0,0.0,0.0,1.0,-1
"F[1,2](Pt_A1cGoalLevelDsYr5 >= 0.000 & HbA1cImputeDtMnC >= 1.387)
",-9999999.000,-9999999.000,0.000,0.000,1.000,0,0,0,1,1,0,0,1,0.0,0.0,0.0,0.0,0.0,1.0,-1
"G[0,2](((TotalDailyInsPerKg <= 1.220 -> TSH <= 1.481) -> BGTestAvgNumMeter >= 0.620) -> BldPrDia >= 0.664)
",9999999.000,9999999.000,0.000,1.000,0.000,0,0,1,0,0,1,1,0,0.0,0.0,1.0,0.0,0.0,1.0,1
"G[0,1](((AlbCreatRat_mggNew >= 9.634 & HbA1cImputeDtMnC >= 4.917) -> Pt_SiblingT1D <= 9.494) & HbA1cImputeDtMnC <= 14.591)
",9999999.000,9999999.000,0.000,1.000,0.000,0,0,0,1,1,0,0,1,0.0,0.0,0.0,0.0,0.0,1.0,1
"G[0,1](((LDL >= 38.188 & age >= 11.480) | bmi <= 11.575) & GFR <= 11.904)
",9999999.000,9999999.000,0.000,1.000,0.000,0,0,0,1,1,0,0,1,0.0,0.0,0.0,0.0,0.0,1.0,1
"G[2,2](((Pt_MotherT1D <= 0.000 & BldPrSys <= 119.000) & HbA1c <= 119.000) -> bmiZscore >= 119.000)
",0.000,0.000,0.000,1.000,0.000,0,0,1,0,0,1,1,0,0.0,0.0,1.0,0.0,0.0,1.0,1
"G[0,2]((Pt_MotherT1D <= 0.000 & AlbCreatRat_mggNew <= 16.858) | bmiPerc >= 3.103)
",9999999.000,9999999.000,0.000,1.000,0.000,0,0,0,1,1,0,0,1,0.0,0.0,0.0,0.0,0.0,1.0,1
"G[0,1]((Pt_DKAFlg >= 0.000 & LDL <= 41.687) & bmiPerc >= 37.925)
",9999999.000,9999999.000,0.000,1.000,0.000,0,0,0,1,1,0,0,1,0.0,0.0,0.0,0.0,0.0,1.0,1
"G[0,0]((Pt_DKAFlg <= 0.000 -> Pt_SHFlg <= 0.000) -> SMBGperDayPtMeterCombo <= 0.000)
",0.000,0.000,0.000,1.000,0.000,0,0,0,1,1,0,0,1,0.0,0.0,0.0,0.0,0.0,1.0,1
"G[2,2]((TSH <= 1.726 -> DirectLDL <= 0.000) & HbA1c <= 0.000)
",-1.726,-1.726,0.000,1.000,0.000,0,0,1,0,0,1,1,0,0.0,0.0,1.0,0.0,0.0,1.0,1
"G[0,2]((Pt_A1cGoalLev >= 0.000 -> WeightKg <= 50.346) -> Pt_CGMUseNumDays <= 51.517)
",9999999.000,9999999.000,0.000,1.000,0.000,0,0,1,0,0,1,1,0,0.0,0.0,1.0,0.0,0.0,1.0,1
"G[0,2](DirectLDL > 0.000 & Pt_SHFlg = 0.000)
",9999999.000,9999999.000,0.000,1.000,0.000,0,0,0,1,1,0,0,1,0.0,0.0,0.0,0.0,0.0,1.0,1
"G[1,2](Pt_GrandchildT1D > 0.000 & Pt_SHFlg = 0.000)
",9999999.000,9999999.000,0.000,1.000,0.000,0,0,0,1,1,0,0,1,0.0,0.0,0.0,0.0,0.0,1.0,1
"G[0,2](diabDur > 8.415 & Pt_SHFlg = 0.000)
",9999999.000,9999999.000,0.000,1.000,0.000,0,0,0,1,1,0,0,1,0.0,0.0,0.0,0.0,0.0,1.0,1
"G[0,2](Pt_InsGov >= 0.000 -> Pt_SHFlg = 0.000)
",9999999.000,9999999.000,0.000,1.000,0.000,0,0,1,0,0,1,1,0,0.0,0.0,1.0,0.0,0.0,1.0,1
"G[0,2](BldPrDia <= 63.109 & Pt_SHFlg = 0.000)
",9999999.000,9999999.000,0.000,1.000,0.000,0,0,0,1,1,0,0,1,0.0,0.0,0.0,0.0,0.0,1.0,1
"G[1,1]((WeightKg >= 46.933 | bmi >= 18.869) -> UnitsInsBasalOrLongAct <= 26.543)
",-26.543,-26.543,0.000,1.000,0.000,0,0,0,1,1,0,0,1,0.0,0.0,0.0,0.0,0.0,1.0,1
"G[0,1](SMBGperDayPtMeterCombo >= 7.938 & BGTestAvgNumPtRep >= 7.935)
",9999999.000,9999999.000,0.000,1.000,0.000,0,0,0,1,1,0,0,1,0.0,0.0,0.0,0.0,0.0,1.0,1
"G[0,1](SMBGperDayPtMeterCombo >= 7.791 & BGTestAvgNumPtRep >= 7.783)
",9999999.000,9999999.000,0.000,1.000,0.000,0,0,0,1,1,0,0,1,0.0,0.0,0.0,0.0,0.0,1.0,1
"G[0,2]((WeightKg >= 44.946 | bmi >= 19.651) -> UnitsInsBasalOrLongAct <= 20.637)
",9999999.000,9999999.000,0.000,1.000,0.000,0,0,0,1,1,0,0,1,0.0,0.0,0.0,0.0,0.0,1.0,1
"G[0,1](SMBGperDayPtMeterCombo >= 7.546 & BGTestAvgNumPtRep >= 7.751)
",9999999.000,9999999.000,0.000,1.000,0.000,0,0,0,1,1,0,0,1,0.0,0.0,0.0,0.0,0.0,1.0,1
"G[0,1]((WeightKg >= 46.537 | bmi >= 19.022) -> UnitsInsBasalOrLongAct <= 24.314)
",9999999.000,9999999.000,0.000,1.000,0.000,0,0,0,1,1,0,0,1,0.0,0.0,0.0,0.0,0.0,1.0,1
"G[1,2](GFR <= 0.000 -> BUN >= 13.000)
",9999999.000,9999999.000,0.000,1.000,0.000,0,0,1,0,0,1,1,0,0.0,0.0,1.0,0.0,0.0,1.0,1
"G[0,1](SMBGperDayPtMeterCombo >= 7.493 & BGTestAvgNumPtRep >= 7.540)
",9999999.000,9999999.000,0.000,1.000,0.000,0,0,0,1,1,0,0,1,0.0,0.0,0.0,0.0,0.0,1.0,1
"G[0,2](GFR <= 0.000 -> BUN >= 13.000)
",9999999.000,9999999.000,0.000,1.000,0.000,0,0,1,0,0,1,1,0,0.0,0.0,1.0,0.0,0.0,1.0,1
"G[1,1](SMBGperDayPtMeterCombo >= 7.883 & BGTestAvgNumPtRep >= 7.967)
",-7.967,-7.967,0.000,1.000,0.000,0,0,0,1,1,0,0,1,0.0,0.0,0.0,0.0,0.0,1.0,1
"G[1,1]((WeightKg >= 44.637 | bmi >= 19.408) -> UnitsInsBasalOrLongAct <= 23.801)
",-23.801,-23.801,0.000,1.000,0.000,0,0,0,1,1,0,0,1,0.0,0.0,0.0,0.0,0.0,1.0,1
"G[1,2](GFR <= 0.000 -> BUN >= 13.000)
",9999999.000,9999999.000,0.000,1.000,0.000,0,0,1,0,0,1,1,0,0.0,0.0,1.0,0.0,0.0,1.0,1
"G[1,2](SMBGperDayPtMeterCombo >= 7.419 & BGTestAvgNumPtRep >= 7.949)
",9999999.000,9999999.000,0.000,1.000,0.000,0,0,0,1,1,0,0,1,0.0,0.0,0.0,0.0,0.0,1.0,1
"G[1,2]((WeightKg >= 45.325 | bmi >= 18.903) -> UnitsInsBasalOrLongAct <= 22.782)
",9999999.000,9999999.000,0.000,1.000,0.000,0,0,0,1,1,0,0,1,0.0,0.0,0.0,0.0,0.0,1.0,1
"G[0,2](GFR <= 0.000 -> BUN >= 13.000)
",9999999.000,9999999.000,0.000,1.000,0.000,0,0,1,0,0,1,1,0,0.0,0.0,1.0,0.0,0.0,1.0,1
"G[2,2](SMBGperDayPtMeterCombo >= 7.130 & BGTestAvgNumPtRep >= 7.190)
",-7.190,-7.190,0.000,1.000,0.000,0,0,1,0,0,1,1,0,0.0,0.0,1.0,0.0,0.0,1.0,1
"G[0,2]((WeightKg >= 47.433 | bmi >= 19.535) -> UnitsInsBasalOrLongAct <= 21.505)
",9999999.000,9999999.000,0.000,1.000,0.000,0,0,0,1,1,0,0,1,0.0,0.0,0.0,0.0,0.0,1.0,1
"G[1,2](Pt_SiblingT1D <= 0.000 | bmiPerc >= 0.728)
",9999999.000,9999999.000,0.000,1.000,0.000,0,0,1,0,0,1,1,0,0.0,0.0,1.0,0.0,0.0,1.0,1
"G[1,2]((TotChol >= 121.563 | UnitsInsBasalOrLongAct <= 22.772) & age >= 16.384)
",9999999.000,9999999.000,0.000,1.000,0.000,0,0,0,1,1,0,0,1,0.0,0.0,0.0,0.0,0.0,1.0,1
"G[0,2](((BGTestAvgNumPtRep <= 8.721 & BUN >= 13.000) | HbA1c >= 13.000) & Pt_ChildT1D <= 13.000)
",9999999.000,9999999.000,0.000,1.000,0.000,0,0,0,1,1,0,0,1,0.0,0.0,0.0,0.0,0.0,1.0,1
"G[1,2]((Pt_GrandchildT1D <= 0.000 -> Pt_FatherT1D <= 0.000) & UnitsInsBasalOrLongAct >= 0.000)
",9999999.000,9999999.000,0.000,1.000,0.000,0,0,1,0,0,1,1,0,0.0,0.0,1.0,0.0,0.0,1.0,1
"G[2,2]((BldPrSys <= 119.000 & diabDur >= 8.066) -> Pt_GrandparentT1D >= 8.445)
",8.066,8.066,0.000,1.000,0.000,0,0,1,0,0,1,1,0,0.0,0.0,1.0,0.0,0.0,1.0,1
"G[1,2](((bmiPerc <= 0.770 | diagAgeCombo >= 0.135) | GFR >= 0.364) | AlbCreatRat_mggNew <= 1.821)
",9999999.000,9999999.000,0.000,1.000,0.000,0,0,0,1,1,0,0,1,0.0,0.0,0.0,0.0,0.0,1.0,1
"G[0,1](DirectLDL >= 0.000 -> BldPrDia >= 61.899)
",9999999.000,9999999.000,0.000,1.000,0.000,0,0,0,1,1,0,0,1,0.0,0.0,0.0,0.0,0.0,1.0,1
"G[0,1](Pt_InsGov >= 0.000 & NumPumpBolusOrShortAct <= 6.417)
",9999999.000,9999999.000,0.000,1.000,0.000,0,0,0,1,1,0,0,1,0.0,0.0,0.0,0.0,0.0,1.0,1
"G[0,2]((SMBGperDayPtMeterCombo >= 7.523 & DirectLDL <= 0.000) -> BldPrDia >= 0.000)
",9999999.000,9999999.000,0.000,1.000,0.000,0,0,1,0,0,1,1,0,0.0,0.0,1.0,0.0,0.0,1.0,1
"G[0,2]((BldPrDia <= 63.014 & AutonomicNeuroCl <= 0.000) | Pt_MotherT1D <= 0.000)
",9999999.000,9999999.000,0.000,1.000,0.000,0,0,1,0,0,1,1,0,0.0,0.0,1.0,0.0,0.0,1.0,1
"G[0,2](((WeightKg <= 49.833 -> AlbCreatRat_mggNew <= 11.174) & TSH <= 18.286) -> Pt_FatherT1D >= 0.225)
",9999999.000,9999999.000,0.000,1.000,0.000,0,0,0,1,1,0,0,1,0.0,0.0,0.0,0.0,0.0,1.0,1
"G[0,2]((diagAgeCombo <= 2.069 | bmiPerc <= 0.776) & BldPrSys <= 0.732)
",9999999.000,9999999.000,0.000,1.000,0.000,0,0,0,1,1,0,0,1,0.0,0.0,0.0,0.0,0.0,1.0,1
"G[1,2]((TotalDailyInsPerKg <= 1.218 & TotalDailyInsPerKg <= 1.228) & HbA1cImputeDtMnC <= 1.201)
",9999999.000,9999999.000,0.000,1.000,0.000,0,0,0,1,1,0,0,1,0.0,0.0,0.0,0.0,0.0,1.0,1
"G[0,1]((GFR <= 0.000 -> BGTestAvgNumMeter >= 0.000) & BldPrSys <= 0.000)
",9999999.000,9999999.000,0.000,1.000,0.000,0,0,0,1,1,0,0,1,0.0,0.0,0.0,0.0,0.0,1.0,1
"G[0,2](((BldPrSys <= 119.000 & HbA1c <= 9.167) | TotChol <= 9.549) | SMBGperDayPtMeterCombo <= 9.203)
",9999999.000,9999999.000,0.000,1.000,0.000,0,0,1,0,0,1,1,0,0.0,0.0,1.0,0.0,0.0,1.0,1
"G[1,1]((HbA1cImputeDtMnC <= 13.322 & Pt_SHFlg >= 0.000) | AlbCreatRat_mggNew <= 0.000)
",0.000,0.000,0.000,1.000,0.000,0,0,0,1,1,0,0,1,0.0,0.0,0.0,0.0,0.0,1.0,1
"G[0,1](((DirectLDL <= 0.000 & TotChol >= 123.313) & SMBGperDayPtMeterCombo <= 123.502) -> SMBGperDayPtMeterCombo >= 123.467)
",9999999.000,9999999.000,0.000,1.000,0.000,0,0,0,1,1,0,0,1,0.0,0.0,0.0,0.0,0.0,1.0,1
"G[1,2](HeightCm <= 158.974 | HbA1c <= 9.715)
",9999999.000,9999999.000,0.000,1.000,0.000,0,0,0,1,1,0,0,1,0.0,0.0,0.0,0.0,0.0,1.0,1
"G[1,2](Pt_SHFlg >= 0.000 -> Pt_InsGov <= 0.000)
",9999999.000,9999999.000,0.000,1.000,0.000,0,0,1,0,0,1,1,0,0.0,0.0,1.0,0.0,0.0,1.0,1
"G[1,2]((BldPrDia <= 63.955 & HDL <= 64.512) -> BldPrDia >= 50.271)
",9999999.000,9999999.000,0.000,1.000,0.000,0,0,1,0,0,1,1,0,0.0,0.0,1.0,0.0,0.0,1.0,1
"G[2,2]((UnitsInsBasalOrLongAct <= 23.171 | BGTestAvgNumPtRep <= 9.717) -> TotalDailyInsPerKg <= 9.231)
",-23.171,-23.171,0.000,1.000,0.000,0,0,1,0,0,1,1,0,0.0,0.0,1.0,0.0,0.0,1.0,1
"G[0,2]((diagAgeCombo >= 1.138 -> SMBGperDayPtMeterCombo >= 7.145) | HbA1c <= 8.608)
",9999999.000,9999999.000,0.000,1.000,0.000,0,0,1,0,0,1,1,0,0.0,0.0,1.0,0.0,0.0,1.0,1
"G[0,2](((diagAgeCombo <= 2.220 & UnitsInsBasalOrLongAct <= 20.097) -> age <= 24.386) & AlbCreatRat_mggNew <= 21.355)
",9999999.000,9999999.000,0.000,1.000,0.000,0,0,1,0,0,1,1,0,0.0,0.0,1.0,0.0,0.0,1.0,1
"G[0,2]((WeightKg >= 47.860 -> DirectLDL >= 0.000) -> TotChol >= 0.000)
",9999999.000,9999999.000,0.000,1.000,0.000,0,0,1,0,0,1,1,0,0.0,0.0,1.0,0.0,0.0,1.0,1
"G[0,1]((GFR >= 0.000 & HbA1cImputeDtMnC >= 5.342) | HbA1c <= 8.290)
",9999999.000,9999999.000,0.000,1.000,0.000,0,0,0,1,1,0,0,1,0.0,0.0,0.0,0.0,0.0,1.0,1
"G[1,2]((BGTestAvgNumPtRep >= 7.246 | BGTestAvgNumMeter <= 0.000) | Pt_A1cGoalLev >= 0.000)
",9999999.000,9999999.000,0.000,1.000,0.000,0,0,1,0,0,1,1,0,0.0,0.0,1.0,0.0,0.0,1.0,1
"G[0,2](TotChol <= 125.758 -> HbA1cImputeDtMnC >= 0.954)
",9999999.000,9999999.000,0.000,1.000,0.000,0,0,0,1,1,0,0,1,0.0,0.0,0.0,0.0,0.0,1.0,1
"G[0,0](bmi <= 19.715 & BGTestAvgNumPtRep <= 8.701)
",8.701,8.701,0.000,1.000,0.000,0,0,0,1,1,0,0,1,0.0,0.0,0.0,0.0,0.0,1.0,1
"G[0,2](((age >= 11.449 & HeightCm <= 157.751) | WeightKg >= 156.267) -> SMBGperDayPtMeterCombo >= 154.602)
",9999999.000,9999999.000,0.000,1.000,0.000,0,0,1,0,0,1,1,0,0.0,0.0,1.0,0.0,0.0,1.0,1
"G[2,2](((Pt_DKAFlg >= 0.000 -> HDL <= 59.364) & AutonomicNeuroCl >= 47.588) & AlbCreatRat_mggNew <= 67.054)
",-59.364,-59.364,0.000,1.000,0.000,0,0,1,0,0,1,1,0,0.0,0.0,1.0,0.0,0.0,1.0,1
"F[0,1]((Pt_InsGov >= 0.000 -> Triglyc <= 136.080) | bmiZscore <= 143.739)
",-9999999.000,-9999999.000,0.000,0.000,1.000,0,0,0,1,1,0,0,1,0.0,0.0,0.0,0.0,0.0,1.0,-1
