Rule,Discrimination Score,Pos Robustness,Neg Robustness,Percent Class +,Percent Class -,TP,TN,FP,FN,Actual Yes,Actual No,Predicted Yes,Predicted No,TPR/Sens,TNR/Spec,FPR,Precision,Accuracy,MCR,Class
"G[0,0](Pt_SHFlg <= 0.000 -> Pt_SHFlg = 0.000)
",-0.996,-0.996,0.000,1.000,0.000,2,0,0,0,2,0,2,0,1.0,0.0,0.0,1.0,1.3333333333333333,-0.33333333333333326,1
"G[0,0](Pt_MotherT1D >= 0.000 | AutonomicNeuroCl >= 1.000)
",6.300,6.300,0.000,1.000,0.000,2,0,0,0,2,0,2,0,1.0,0.0,0.0,1.0,1.3333333333333333,-0.33333333333333326,1
"((BldPrSys >= 118.102) U[0,0] (TotChol <= 149.734))
",104.734,104.734,0.000,0.000,1.000,2,0,0,0,2,0,2,0,1.0,0.0,0.0,1.0,1.3333333333333333,-0.33333333333333326,-1
"F[0,0](((diabDur >= 10.742 | diagAgeCombo <= 23.282) & Pt_MotherT1D >= 9.531) & DirectLDL <= 24.787)
",-142.513,-142.513,0.000,0.000,1.000,2,0,0,0,2,0,2,0,1.0,0.0,0.0,1.0,1.3333333333333333,-0.33333333333333326,-1
"F[0,0](((BUN >= 2.095 & LDL <= 117.561) -> bmiPerc >= 98.908) & Pt_CGMUseNumDays >= 106.312)
",-75.905,-75.905,0.000,0.000,1.000,2,0,0,0,2,0,2,0,1.0,0.0,0.0,1.0,1.3333333333333333,-0.33333333333333326,-1
"F[0,0]((bmi >= 29.561 | BldPrDia <= 81.946) & Pt_CGMUseNumDays >= 75.894)
",-29.561,-29.561,0.000,0.000,1.000,2,0,0,0,2,0,2,0,1.0,0.0,0.0,1.0,1.3333333333333333,-0.33333333333333326,-1
"G[0,0](((GFR >= 55.781 & Pt_InsGov <= 0.393) | TotChol >= 0.262) | TSH >= 0.325)
",44.738,44.738,0.000,1.000,0.000,2,0,0,0,2,0,2,0,1.0,0.0,0.0,1.0,1.3333333333333333,-0.33333333333333326,1
"F[0,0](((bmiZscore <= 0.263 | HbA1c >= 7.589) -> WeightKg <= 8.466) | DirectLDL >= 7.973)
",159.327,159.327,0.000,0.000,1.000,2,0,0,0,2,0,2,0,1.0,0.0,0.0,1.0,1.3333333333333333,-0.33333333333333326,-1
"G[0,0](((Pt_DKAFlg >= 0.000 | BGTestAvgNumMeter <= 2.995) | BldPrDia <= 2.505) -> AutonomicNeuroCl <= 2.674)
",0.000,0.000,0.000,1.000,0.000,2,0,0,0,2,0,2,0,1.0,0.0,0.0,1.0,1.3333333333333333,-0.33333333333333326,1
"F[0,0](((AlbCreatRat_mggNew >= 12.775 & bmiZscore >= 0.185) & TotalDailyInsPerKg >= 0.238) & HbA1c <= 0.342)
",-4.775,-4.775,0.000,0.000,1.000,2,0,0,0,2,0,2,0,1.0,0.0,0.0,1.0,1.3333333333333333,-0.33333333333333326,-1
"G[0,0](((NumPumpBolusOrShortAct <= 2.724 -> UnitsInsBasalOrLongAct >= 33.797) -> bmiPerc >= 33.346) | BGTestAvgNumMeter <= 44.267)
",10.267,10.267,0.000,1.000,0.000,2,0,0,0,2,0,2,0,1.0,0.0,0.0,1.0,1.3333333333333333,-0.33333333333333326,1
"G[0,0](LDL <= 107.546 -> TotChol >= 2.942)
",-106.762,-106.762,0.000,1.000,0.000,2,0,0,0,2,0,2,0,1.0,0.0,0.0,1.0,1.3333333333333333,-0.33333333333333326,1
"G[0,0]((Pt_MotherT1D >= 0.000 | bmi <= 30.252) | TSH >= 29.670)
",30.252,30.252,0.000,1.000,0.000,2,0,0,0,2,0,2,0,1.0,0.0,0.0,1.0,1.3333333333333333,-0.33333333333333326,1
"G[0,0](WeightKg >= 82.508 | Pt_GrandchildT1D <= 0.000)
",0.000,0.000,0.000,1.000,0.000,2,0,0,0,2,0,2,0,1.0,0.0,0.0,1.0,1.3333333333333333,-0.33333333333333326,1
"G[0,0](((diagAgeCombo >= 4.755 | age <= 41.491) | bmi <= 41.656) | HeightCm >= 40.804)
",85.345,85.345,0.000,1.000,0.000,2,0,0,0,2,0,2,0,1.0,0.0,0.0,1.0,1.3333333333333333,-0.33333333333333326,1
"G[0,0](Pt_ChildT1D >= 0.000 | AlbCreatRat_mggNew >= 18.559)
",0.000,0.000,0.000,1.000,0.000,2,0,0,0,2,0,2,0,1.0,0.0,0.0,1.0,1.3333333333333333,-0.33333333333333326,1
"G[0,0](Pt_MotherT1D < 0.000 -> Pt_SHFlg = 0.000)
",0.000,0.000,0.000,1.000,0.000,2,0,0,0,2,0,2,0,1.0,0.0,0.0,1.0,1.3333333333333333,-0.33333333333333326,1
"G[0,0](DirectLDL <= 0.938 & HDL >= 18.616)
",-166.362,-166.362,0.000,1.000,0.000,2,0,0,0,2,0,2,0,1.0,0.0,0.0,1.0,1.3333333333333333,-0.33333333333333326,1
"G[0,0](((diagAgeCombo >= 3.884 | HbA1cImputeDtMnC >= 7.340) | HbA1cImputeDtMnC >= 10.503) | LDL >= 11.613)
",86.216,86.216,0.000,1.000,0.000,2,0,0,0,2,0,2,0,1.0,0.0,0.0,1.0,1.3333333333333333,-0.33333333333333326,1
"G[0,0](HbA1c <= 8.591 | Pt_InsGov <= 0.960)
",7.231,7.231,0.000,1.000,0.000,2,0,0,0,2,0,2,0,1.0,0.0,0.0,1.0,1.3333333333333333,-0.33333333333333326,1
"G[0,0]((bmi >= 29.511 -> TotChol <= 127.273) | Pt_GrandparentT1D <= 152.446)
",152.446,152.446,0.000,1.000,0.000,2,0,0,0,2,0,2,0,1.0,0.0,0.0,1.0,1.3333333333333333,-0.33333333333333326,1
"F[0,0]((bmiPerc >= 0.000 -> DirectLDL <= 0.572) -> BldPrDia <= 0.753)
",29.154,29.154,0.000,0.000,1.000,2,0,0,0,2,0,2,0,1.0,0.0,0.0,1.0,1.3333333333333333,-0.33333333333333326,-1
"G[0,0](((age >= 40.770 -> Pt_InsGov >= 0.073) -> Pt_ChildT1D >= 0.280) -> Pt_SHFlg <= 0.937)
",-1.933,-1.933,0.000,1.000,0.000,2,0,0,0,2,0,2,0,1.0,0.0,0.0,1.0,1.3333333333333333,-0.33333333333333326,1
"G[0,0](((BldPrDia >= 74.322 | HbA1cImputeDtMnC <= 18.952) -> diabDur >= 6.204) | TotChol <= 14.255)
",-30.745,-30.745,0.000,1.000,0.000,2,0,0,0,2,0,2,0,1.0,0.0,0.0,1.0,1.3333333333333333,-0.33333333333333326,1
"G[0,0](((AlbCreatRat_mggNew >= 10.352 -> TotalDailyInsPerKg >= 0.035) & BldPrSys <= 0.625) -> AlbCreatRat_mggNew <= 0.531)
",7.469,7.469,0.000,1.000,0.000,2,0,0,0,2,0,2,0,1.0,0.0,0.0,1.0,1.3333333333333333,-0.33333333333333326,1
"F[0,1](NumPumpBolusOrShortAct <= 2.574 & Pt_DKAFlg <= 0.000)
",-9999999.000,-9999999.000,0.000,0.000,1.000,1,0,0,1,2,0,1,1,0.5,0.0,0.0,1.0,0.6666666666666666,0.33333333333333337,-1
"((BldPrSys > 119.973) U[1,1] (Pt_SHFlg = 0.000))
",0.000,0.000,0.000,0.000,1.000,1,0,0,1,2,0,1,1,0.5,0.0,0.0,1.0,0.6666666666666666,0.33333333333333337,-1
"((diagAgeCombo >= 3.085) U[1,1] (HbA1c <= 8.312))
",8.312,8.312,0.000,0.000,1.000,1,0,0,1,2,0,1,1,0.5,0.0,0.0,1.0,0.6666666666666666,0.33333333333333337,-1
"F[1,1](((BldPrSys <= 123.292 & HeightCm <= 167.426) | diabDur >= 167.365) & diabDur <= 167.490)
",123.292,123.292,0.000,0.000,1.000,1,0,0,1,2,0,1,1,0.5,0.0,0.0,1.0,0.6666666666666666,0.33333333333333337,-1
"((BGTestAvgNumMeter <= 2.472) U[0,0] (bmiZscore >= 0.241))
",-0.241,-0.241,0.000,0.000,1.000,1,0,0,1,2,0,1,1,0.5,0.0,0.0,1.0,0.6666666666666666,0.33333333333333337,-1
"((BldPrSys > 120.443) U[1,2] (Pt_SHFlg = 0.000))
",-9999999.000,-9999999.000,0.000,0.000,1.000,1,0,0,1,2,0,1,1,0.5,0.0,0.0,1.0,0.6666666666666666,0.33333333333333337,-1
"F[0,1](((AutonomicNeuroCl >= 1.000 & SMBGperDayPtMeterCombo >= 2.245) | Pt_InsGov <= 2.896) -> BldPrDia <= 2.423)
",-9999999.000,-9999999.000,0.000,0.000,1.000,1,0,0,1,2,0,1,1,0.5,0.0,0.0,1.0,0.6666666666666666,0.33333333333333337,-1
"F[1,1]((BldPrSys >= 119.685 & BGTestAvgNumMeter <= 2.728) | NumPumpBolusOrShortAct <= 2.792)
",2.792,2.792,0.000,0.000,1.000,1,0,0,1,2,0,1,1,0.5,0.0,0.0,1.0,0.6666666666666666,0.33333333333333337,-1
"G[0,1]((WeightKg >= 81.984 | bmi >= 29.678) -> UnitsInsBasalOrLongAct <= 38.412)
",9999999.000,9999999.000,0.000,1.000,0.000,1,0,0,1,2,0,1,1,0.5,0.0,0.0,1.0,0.6666666666666666,0.33333333333333337,1
"G[1,1](GFR <= 87.788 -> BUN >= 1.037)
",-87.788,-87.788,0.000,1.000,0.000,1,0,1,0,1,1,2,0,1.0,0.0,1.0,0.5,0.6666666666666666,0.33333333333333337,1
"G[1,1]((WeightKg >= 84.344 | bmi >= 29.777) -> UnitsInsBasalOrLongAct <= 43.457)
",-43.457,-43.457,0.000,1.000,0.000,1,0,1,0,1,1,2,0,1.0,0.0,1.0,0.5,0.6666666666666666,0.33333333333333337,1
"G[1,1](AutonomicNeuroCl <= 1.000 & Pt_SHFlg = 0.000)
",0.000,0.000,0.000,1.000,0.000,1,0,1,0,1,1,2,0,1.0,0.0,1.0,0.5,0.6666666666666666,0.33333333333333337,1
"G[0,1](Pt_A1cGoalLev > 0.000 -> Pt_SHFlg = 0.000)
",9999999.000,9999999.000,0.000,1.000,0.000,1,0,1,0,1,1,2,0,1.0,0.0,1.0,0.5,0.6666666666666666,0.33333333333333337,1
"G[0,0](((BUN >= 6.302 & Triglyc >= 46.524) & Pt_A1cGoalLevelDsYr5 <= 90.020) & HDL <= 94.701)
",-9.299,-9.299,0.000,1.000,0.000,1,0,0,1,2,0,1,1,0.5,0.0,0.0,1.0,0.6666666666666666,0.33333333333333337,1
"G[0,1]((WeightKg >= 82.304 | bmi >= 29.808) -> UnitsInsBasalOrLongAct <= 36.550)
",9999999.000,9999999.000,0.000,1.000,0.000,1,0,0,1,2,0,1,1,0.5,0.0,0.0,1.0,0.6666666666666666,0.33333333333333337,1
"F[1,1](((SMBGperDayPtMeterCombo <= 2.696 | bmi >= 29.321) | bmiPerc <= 30.268) & diabDur >= 30.096)
",-30.096,-30.096,0.000,0.000,1.000,1,0,0,1,2,0,1,1,0.5,0.0,0.0,1.0,0.6666666666666666,0.33333333333333337,-1
"G[0,1]((WeightKg >= 83.758 | bmi >= 29.390) -> UnitsInsBasalOrLongAct <= 44.470)
",9999999.000,9999999.000,0.000,1.000,0.000,1,0,0,1,2,0,1,1,0.5,0.0,0.0,1.0,0.6666666666666666,0.33333333333333337,1
"G[0,1](((BUN >= 7.596 | HDL >= 29.695) & Pt_InsGov <= 36.357) -> AlbCreatRat_mggNew <= 45.336)
",9999999.000,9999999.000,0.000,1.000,0.000,1,0,1,0,1,1,2,0,1.0,0.0,1.0,0.5,0.6666666666666666,0.33333333333333337,1
"G[0,1](((LDL <= 117.617 & Triglyc <= 88.706) | bmiZscore <= 63.714) -> HbA1cImputeDtMnC <= 77.469)
",9999999.000,9999999.000,0.000,1.000,0.000,1,0,1,0,1,1,2,0,1.0,0.0,1.0,0.5,0.6666666666666666,0.33333333333333337,1
"G[1,1](((BldPrDia >= 71.995 -> diabDur <= 11.468) & BldPrDia >= 10.739) | AlbCreatRat_mggNew >= 10.978)
",-10.978,-10.978,0.000,1.000,0.000,1,0,1,0,1,1,2,0,1.0,0.0,1.0,0.5,0.6666666666666666,0.33333333333333337,1
"G[0,1](GFR <= 64.498 -> BUN >= 0.592)
",9999999.000,9999999.000,0.000,1.000,0.000,1,0,0,1,2,0,1,1,0.5,0.0,0.0,1.0,0.6666666666666666,0.33333333333333337,1
"F[0,0]((HbA1c >= 7.750 | WeightKg >= 83.993) -> Pt_A1cGoalLev >= 84.190)
",6.390,6.390,0.000,0.000,1.000,1,0,0,1,2,0,1,1,0.5,0.0,0.0,1.0,0.6666666666666666,0.33333333333333337,-1
"((HDL <= 48.924) U[1,1] (UnitsInsBasalOrLongAct >= 30.551))
",48.924,48.924,0.000,0.000,1.000,1,0,0,1,2,0,1,1,0.5,0.0,0.0,1.0,0.6666666666666666,0.33333333333333337,-1
"((TSH >= 0.484) U[1,1] (HDL >= 5.611))
",-0.484,-0.484,0.000,0.000,1.000,1,0,0,1,2,0,1,1,0.5,0.0,0.0,1.0,0.6666666666666666,0.33333333333333337,-1
"F[0,1](((BUN <= 9.836 -> Triglyc >= 5.772) | Pt_A1cGoalLevelDsYr5 >= 21.771) -> Pt_DKAFlg >= 7.619)
",-9999999.000,-9999999.000,0.000,0.000,1.000,1,0,0,1,2,0,1,1,0.5,0.0,0.0,1.0,0.6666666666666666,0.33333333333333337,-1
"((BGTestAvgNumMeter >= 2.202) U[0,0] (BGTestAvgNumPtRep <= 2.288))
",31.798,31.798,0.000,0.000,1.000,1,0,0,1,2,0,1,1,0.5,0.0,0.0,1.0,0.6666666666666666,0.33333333333333337,-1
"F[0,1](((LDL >= 97.398 & Pt_InsGov <= 0.931) & bmi <= 0.934) & BldPrDia >= 0.283)
",-9999999.000,-9999999.000,0.000,0.000,1.000,1,0,0,1,2,0,1,1,0.5,0.0,0.0,1.0,0.6666666666666666,0.33333333333333337,-1
"F[0,1](((HbA1cImputeDtMnC <= 18.577 & TotChol <= 123.167) & age >= 71.318) & age <= 175.045)
",-9999999.000,-9999999.000,0.000,0.000,1.000,1,0,0,1,2,0,1,1,0.5,0.0,0.0,1.0,0.6666666666666666,0.33333333333333337,-1
"((BGTestAvgNumMeter >= 2.220) U[1,1] (BGTestAvgNumPtRep <= 2.328))
",2.328,2.328,0.000,0.000,1.000,1,0,0,1,2,0,1,1,0.5,0.0,0.0,1.0,0.6666666666666666,0.33333333333333337,-1
"((BUN >= 4.144) U[1,1] (BGTestAvgNumPtRep <= 2.797))
",2.797,2.797,0.000,0.000,1.000,1,0,0,1,2,0,1,1,0.5,0.0,0.0,1.0,0.6666666666666666,0.33333333333333337,-1
"F[0,1]((Triglyc <= 73.888 -> AutonomicNeuroCl >= 1.000) -> HbA1c <= 1.000)
",-9999999.000,-9999999.000,0.000,0.000,1.000,1,0,0,1,2,0,1,1,0.5,0.0,0.0,1.0,0.6666666666666666,0.33333333333333337,-1
"((NumPumpBolusOrShortAct <= 2.256) U[1,1] (Pt_A1cGoalLev >= 0.000))
",2.256,2.256,0.000,0.000,1.000,1,0,0,1,2,0,1,1,0.5,0.0,0.0,1.0,0.6666666666666666,0.33333333333333337,-1
"F[0,1]((TotalDailyInsPerKg >= 0.321 | TSH >= 0.810) -> Pt_DKAFlg >= 0.012)
",-9999999.000,-9999999.000,0.000,0.000,1.000,1,0,0,1,2,0,1,1,0.5,0.0,0.0,1.0,0.6666666666666666,0.33333333333333337,-1
"((BGTestAvgNumMeter >= 2.276) U[0,0] (BGTestAvgNumPtRep <= 2.598))
",31.724,31.724,0.000,0.000,1.000,1,0,0,1,2,0,1,1,0.5,0.0,0.0,1.0,0.6666666666666666,0.33333333333333337,-1
"F[0,0](HbA1cImputeDtMnC >= 5.720 & AutonomicNeuroCl >= 1.000)
",-2.720,-2.720,0.000,0.000,1.000,1,0,0,1,2,0,1,1,0.5,0.0,0.0,1.0,0.6666666666666666,0.33333333333333337,-1
"((AlbCreatRat_mggNew <= 23.862) U[1,1] (BGTestAvgNumMeter >= 2.109))
",23.862,23.862,0.000,0.000,1.000,1,0,0,1,2,0,1,1,0.5,0.0,0.0,1.0,0.6666666666666666,0.33333333333333337,-1
"F[1,1](((WeightKg >= 82.990 -> diabDur <= 11.975) -> BUN >= 10.015) -> Pt_A1cGoalLev >= 10.980)
",-10.015,-10.015,0.000,0.000,1.000,1,0,0,1,2,0,1,1,0.5,0.0,0.0,1.0,0.6666666666666666,0.33333333333333337,-1
"F[1,1]((HDL >= 17.396 -> TSH >= 0.035) & UnitsInsBasalOrLongAct <= 1.340)
",0.035,0.035,0.000,0.000,1.000,1,0,0,1,2,0,1,1,0.5,0.0,0.0,1.0,0.6666666666666666,0.33333333333333337,-1
"F[0,1](((UnitsInsBasalOrLongAct <= 38.607 | WeightKg <= 85.091) & bmiPerc >= 82.152) | Pt_MotherT1D >= 82.852)
",-9999999.000,-9999999.000,0.000,0.000,1.000,1,0,0,1,2,0,1,1,0.5,0.0,0.0,1.0,0.6666666666666666,0.33333333333333337,-1
"F[0,0](HeightCm >= 167.354 & Pt_SHFlg = 0.000)
",-85.754,-85.754,0.000,0.000,1.000,1,0,0,1,2,0,1,1,0.5,0.0,0.0,1.0,0.6666666666666666,0.33333333333333337,-1
"((SMBGperDayPtMeterCombo <= 2.458) U[1,1] (diagAgeCombo >= 0.935))
",2.458,2.458,0.000,0.000,1.000,1,0,0,1,2,0,1,1,0.5,0.0,0.0,1.0,0.6666666666666666,0.33333333333333337,-1
"F[0,1](((HDL <= 43.657 & Pt_ChildT1D <= 0.000) | Pt_GrandparentT1D <= 0.000) & HeightCm <= 0.000)
",-9999999.000,-9999999.000,0.000,0.000,1.000,1,0,0,1,2,0,1,1,0.5,0.0,0.0,1.0,0.6666666666666666,0.33333333333333337,-1
"((NumPumpBolusOrShortAct >= 0.696) U[0,0] (BGTestAvgNumPtRep <= 2.327))
",0.304,0.304,0.000,0.000,1.000,1,0,0,1,2,0,1,1,0.5,0.0,0.0,1.0,0.6666666666666666,0.33333333333333337,-1
"((TotChol <= 131.682) U[1,1] (TSH >= 0.645))
",131.682,131.682,0.000,0.000,1.000,1,0,0,1,2,0,1,1,0.5,0.0,0.0,1.0,0.6666666666666666,0.33333333333333337,-1
"G[1,1](TotalDailyInsPerKg <= 0.678 -> TSH <= 0.916)
",-0.916,-0.916,0.000,1.000,0.000,1,0,1,0,1,1,2,0,1.0,0.0,1.0,0.5,0.6666666666666666,0.33333333333333337,1
"F[0,0]((diabDur >= 10.519 -> TSH <= 1.208) -> TotalDailyInsPerKg >= 0.586)
",-9.414,-9.414,0.000,0.000,1.000,1,0,0,1,2,0,1,1,0.5,0.0,0.0,1.0,0.6666666666666666,0.33333333333333337,-1
"F[1,1](((HbA1cImputeDtMnC >= 4.636 & SMBGperDayPtMeterCombo <= 2.958) & AlbCreatRat_mggNew <= 2.507) & BUN <= 2.924)
",-4.636,-4.636,0.000,0.000,1.000,1,0,0,1,2,0,1,1,0.5,0.0,0.0,1.0,0.6666666666666666,0.33333333333333337,-1
"((Pt_GrandparentT1D >= 0.000) U[1,1] (bmiZscore <= 0.272))
",0.272,0.272,0.000,0.000,1.000,1,0,0,1,2,0,1,1,0.5,0.0,0.0,1.0,0.6666666666666666,0.33333333333333337,-1
"F[0,1]((diabDur >= 10.646 | TotalDailyInsPerKg >= 0.434) & AlbCreatRat_mggNew <= 0.621)
",-9999999.000,-9999999.000,0.000,0.000,1.000,1,0,0,1,2,0,1,1,0.5,0.0,0.0,1.0,0.6666666666666666,0.33333333333333337,-1
"F[1,1]((TotalDailyInsPerKg <= 0.768 -> UnitsInsBasalOrLongAct >= 30.901) & diabDur >= 35.923)
",-35.923,-35.923,0.000,0.000,1.000,1,0,0,1,2,0,1,1,0.5,0.0,0.0,1.0,0.6666666666666666,0.33333333333333337,-1
"((Pt_SiblingT1D < 0.000) U[1,2] (Pt_SHFlg = 0.000))
",-9999999.000,-9999999.000,0.000,0.000,1.000,1,0,0,1,2,0,1,1,0.5,0.0,0.0,1.0,0.6666666666666666,0.33333333333333337,-1
"G[0,1](GFR <= 90.072 -> BUN >= 6.397)
",9999999.000,9999999.000,0.000,1.000,0.000,1,0,0,1,2,0,1,1,0.5,0.0,0.0,1.0,0.6666666666666666,0.33333333333333337,1
"F[0,1]((UnitsInsBasalOrLongAct <= 43.243 & bmiZscore >= 0.186) & NumPumpBolusOrShortAct <= 0.252)
",-9999999.000,-9999999.000,0.000,0.000,1.000,1,0,0,1,2,0,1,1,0.5,0.0,0.0,1.0,0.6666666666666666,0.33333333333333337,-1
"G[0,1]((WeightKg >= 81.669 | bmi >= 29.818) -> UnitsInsBasalOrLongAct <= 39.047)
",9999999.000,9999999.000,0.000,1.000,0.000,1,0,0,1,2,0,1,1,0.5,0.0,0.0,1.0,0.6666666666666666,0.33333333333333337,1
"G[0,1]((diabDur <= 11.440 & Pt_InsGov >= 0.174) -> SMBGperDayPtMeterCombo >= 0.004)
",9999999.000,9999999.000,0.000,1.000,0.000,1,0,1,0,1,1,2,0,1.0,0.0,1.0,0.5,0.6666666666666666,0.33333333333333337,1
"G[1,1](((BGTestAvgNumMeter >= 2.011 -> BGTestAvgNumMeter >= 2.129) | Pt_ChildT1D >= 2.041) & Pt_MotherT1D <= 2.576)
",2.011,2.011,0.000,1.000,0.000,1,0,1,0,1,1,2,0,1.0,0.0,1.0,0.5,0.6666666666666666,0.33333333333333337,1
"G[1,1](bmiZscore >= 0.188 -> HDL <= 56.916)
",-56.916,-56.916,0.000,1.000,0.000,1,0,1,0,1,1,2,0,1.0,0.0,1.0,0.5,0.6666666666666666,0.33333333333333337,1
"G[0,1](diabDur <= 11.065 -> HDL <= 50.462)
",9999999.000,9999999.000,0.000,1.000,0.000,1,0,1,0,1,1,2,0,1.0,0.0,1.0,0.5,0.6666666666666666,0.33333333333333337,1
"G[1,1]((bmiZscore <= 0.293 | UnitsInsBasalOrLongAct >= 33.788) | diabDur <= 39.527)
",39.527,39.527,0.000,1.000,0.000,1,0,1,0,1,1,2,0,1.0,0.0,1.0,0.5,0.6666666666666666,0.33333333333333337,1
"G[1,1](HbA1c <= 8.506 | NumPumpBolusOrShortAct >= 0.451)
",8.506,8.506,0.000,1.000,0.000,1,0,1,0,1,1,2,0,1.0,0.0,1.0,0.5,0.6666666666666666,0.33333333333333337,1
"G[1,1](((TotalDailyInsPerKg <= 0.606 & Triglyc <= 90.962) | diabDur >= 45.122) -> HeightCm <= 89.180)
",-89.180,-89.180,0.000,1.000,0.000,1,0,1,0,1,1,2,0,1.0,0.0,1.0,0.5,0.6666666666666666,0.33333333333333337,1
"G[0,1]((HeightCm <= 167.485 -> UnitsInsBasalOrLongAct <= 40.451) | Pt_MotherT1D <= 37.899)
",9999999.000,9999999.000,0.000,1.000,0.000,1,0,1,0,1,1,2,0,1.0,0.0,1.0,0.5,0.6666666666666666,0.33333333333333337,1
"G[1,1](((BldPrSys >= 118.913 & bmi <= 30.187) & AlbCreatRat_mggNew <= 30.682) -> diabDur >= 30.082)
",30.082,30.082,0.000,1.000,0.000,1,0,1,0,1,1,2,0,1.0,0.0,1.0,0.5,0.6666666666666666,0.33333333333333337,1
"G[0,1](((BldPrSys >= 121.247 & HbA1cImputeDtMnC <= 22.770) -> HDL <= 22.333) | Pt_FatherT1D <= 21.244)
",9999999.000,9999999.000,0.000,1.000,0.000,1,0,1,0,1,1,2,0,1.0,0.0,1.0,0.5,0.6666666666666666,0.33333333333333337,1
"G[1,1](LDL >= 104.235 | UnitsInsBasalOrLongAct <= 39.200)
",39.200,39.200,0.000,1.000,0.000,1,0,1,0,1,1,2,0,1.0,0.0,1.0,0.5,0.6666666666666666,0.33333333333333337,1
"G[0,1]((BGTestAvgNumPtRep <= 2.274 -> TSH <= 0.896) | diabDur >= 0.800)
",9999999.000,9999999.000,0.000,1.000,0.000,1,0,1,0,1,1,2,0,1.0,0.0,1.0,0.5,0.6666666666666666,0.33333333333333337,1
"G[0,1]((Pt_InsGov >= 0.082 -> TSH <= 1.212) -> HDL <= 0.986)
",9999999.000,9999999.000,0.000,1.000,0.000,1,0,0,1,2,0,1,1,0.5,0.0,0.0,1.0,0.6666666666666666,0.33333333333333337,1
"G[1,1](GFR <= 80.303 -> BUN >= 5.662)
",-80.303,-80.303,0.000,1.000,0.000,1,0,1,0,1,1,2,0,1.0,0.0,1.0,0.5,0.6666666666666666,0.33333333333333337,1
"G[1,1]((AutonomicNeuroCl >= 1.000 -> BldPrSys <= 126.250) -> GFR <= 122.066)
",-122.066,-122.066,0.000,1.000,0.000,1,0,1,0,1,1,2,0,1.0,0.0,1.0,0.5,0.6666666666666666,0.33333333333333337,1
"G[1,1]((AlbCreatRat_mggNew <= 25.178 -> BldPrSys <= 127.958) -> age <= 126.677)
",-126.677,-126.677,0.000,1.000,0.000,1,0,1,0,1,1,2,0,1.0,0.0,1.0,0.5,0.6666666666666666,0.33333333333333337,1
"G[0,1](TSH <= 0.974 | Pt_GrandchildT1D <= 0.000)
",9999999.000,9999999.000,0.000,1.000,0.000,1,0,1,0,1,1,2,0,1.0,0.0,1.0,0.5,0.6666666666666666,0.33333333333333337,1
"G[0,1](bmi <= 30.539 | HbA1c <= 8.596)
",9999999.000,9999999.000,0.000,1.000,0.000,1,0,1,0,1,1,2,0,1.0,0.0,1.0,0.5,0.6666666666666666,0.33333333333333337,1
"G[0,1]((HDL >= 32.357 | TotalDailyInsPerKg <= 0.740) & HeightCm >= 0.279)
",9999999.000,9999999.000,0.000,1.000,0.000,1,0,1,0,1,1,2,0,1.0,0.0,1.0,0.5,0.6666666666666666,0.33333333333333337,1
"G[1,1](LDL <= 112.420 -> TSH <= 1.090)
",-112.420,-112.420,0.000,1.000,0.000,1,0,1,0,1,1,2,0,1.0,0.0,1.0,0.5,0.6666666666666666,0.33333333333333337,1
"G[0,0](((age >= 40.579 | WeightKg >= 82.303) -> HbA1c >= 83.023) & BldPrDia <= 85.208)
",-32.792,-32.792,0.000,1.000,0.000,1,0,0,1,2,0,1,1,0.5,0.0,0.0,1.0,0.6666666666666666,0.33333333333333337,1
"G[0,1](((LDL >= 104.502 & Pt_GrandparentT1D <= 0.000) | diabDur <= 0.000) -> Pt_SiblingT1D <= 0.000)
",9999999.000,9999999.000,0.000,1.000,0.000,1,0,1,0,1,1,2,0,1.0,0.0,1.0,0.5,0.6666666666666666,0.33333333333333337,1
"G[0,1]((Triglyc >= 52.340 & Triglyc <= 65.479) | HbA1c <= 71.876)
",9999999.000,9999999.000,0.000,1.000,0.000,1,0,1,0,1,1,2,0,1.0,0.0,1.0,0.5,0.6666666666666666,0.33333333333333337,1
"G[0,1](BldPrDia >= 75.994 | Pt_DKAFlg <= 0.000)
",9999999.000,9999999.000,0.000,1.000,0.000,1,0,1,0,1,1,2,0,1.0,0.0,1.0,0.5,0.6666666666666666,0.33333333333333337,1
"G[1,1](((TotalDailyInsPerKg <= 0.524 | WeightKg >= 81.661) | AutonomicNeuroCl <= 85.420) & TSH <= 86.086)
",85.420,85.420,0.000,1.000,0.000,1,0,1,0,1,1,2,0,1.0,0.0,1.0,0.5,0.6666666666666666,0.33333333333333337,1
"G[0,1]((AlbCreatRat_mggNew >= 17.715 & BUN >= 3.524) -> HbA1c >= 0.356)
",9999999.000,9999999.000,0.000,1.000,0.000,1,0,1,0,1,1,2,0,1.0,0.0,1.0,0.5,0.6666666666666666,0.33333333333333337,1
"G[1,1]((BGTestAvgNumPtRep <= 2.050 -> Pt_CGMUseNumDays <= 0.000) -> Pt_GrandchildT1D >= 0.000)
",0.000,0.000,0.000,1.000,0.000,1,0,1,0,1,1,2,0,1.0,0.0,1.0,0.5,0.6666666666666666,0.33333333333333337,1
"G[1,1]((SMBGperDayPtMeterCombo <= 2.393 | Pt_FatherT1D <= 0.000) | Pt_GrandchildT1D >= 0.000)
",2.393,2.393,0.000,1.000,0.000,1,0,1,0,1,1,2,0,1.0,0.0,1.0,0.5,0.6666666666666666,0.33333333333333337,1
"G[0,1](AutonomicNeuroCl >= 1.000 -> HDL <= 52.320)
",9999999.000,9999999.000,0.000,1.000,0.000,1,0,0,1,2,0,1,1,0.5,0.0,0.0,1.0,0.6666666666666666,0.33333333333333337,1
"G[0,1](((bmiPerc >= 0.000 -> Pt_A1cGoalLev <= 0.000) -> TSH >= 0.000) | BldPrSys <= 0.000)
",9999999.000,9999999.000,0.000,1.000,0.000,1,0,1,0,1,1,2,0,1.0,0.0,1.0,0.5,0.6666666666666666,0.33333333333333337,1
"G[0,1](((Pt_GrandparentT1D >= 0.000 & TotChol <= 123.220) -> bmi >= 31.050) -> TotChol >= 84.806)
",9999999.000,9999999.000,0.000,1.000,0.000,1,0,1,0,1,1,2,0,1.0,0.0,1.0,0.5,0.6666666666666666,0.33333333333333337,1
"G[1,1](TotalDailyInsPerKg <= 0.543 | Pt_SiblingT1D <= 0.000)
",0.543,0.543,0.000,1.000,0.000,1,0,1,0,1,1,2,0,1.0,0.0,1.0,0.5,0.6666666666666666,0.33333333333333337,1
"G[1,1]((UnitsInsBasalOrLongAct <= 43.754 & AutonomicNeuroCl <= 1.000) & GFR >= 1.000)
",-1.000,-1.000,0.000,1.000,0.000,1,0,1,0,1,1,2,0,1.0,0.0,1.0,0.5,0.6666666666666666,0.33333333333333337,1
"G[1,1]((GFR >= 22.923 -> Pt_SHFlg <= 0.000) & Pt_A1cGoalLev >= 0.000)
",0.000,0.000,0.000,1.000,0.000,1,0,1,0,1,1,2,0,1.0,0.0,1.0,0.5,0.6666666666666666,0.33333333333333337,1
"G[0,1](((Pt_CGMUseNumDays <= 0.000 | HDL <= 40.742) | Pt_InsGov <= 54.449) & Pt_GrandchildT1D <= 46.289)
",9999999.000,9999999.000,0.000,1.000,0.000,1,0,1,0,1,1,2,0,1.0,0.0,1.0,0.5,0.6666666666666666,0.33333333333333337,1
"G[0,1]((HbA1cImputeDtMnC >= 11.590 | HDL >= 17.589) | HbA1cImputeDtMnC <= 36.344)
",9999999.000,9999999.000,0.000,1.000,0.000,1,0,1,0,1,1,2,0,1.0,0.0,1.0,0.5,0.6666666666666666,0.33333333333333337,1
"G[0,0]((TotChol <= 133.298 -> SMBGperDayPtMeterCombo <= 2.619) & BGTestAvgNumPtRep <= 2.848)
",-88.298,-88.298,0.000,1.000,0.000,1,0,0,1,2,0,1,1,0.5,0.0,0.0,1.0,0.6666666666666666,0.33333333333333337,1
"G[0,1](TSH <= 1.056 | Pt_FatherT1D >= 0.000)
",9999999.000,9999999.000,0.000,1.000,0.000,1,0,1,0,1,1,2,0,1.0,0.0,1.0,0.5,0.6666666666666666,0.33333333333333337,1
"G[1,1](((bmi <= 30.403 | bmiZscore >= 0.213) -> LDL >= 0.136) -> Pt_InsGov <= 0.318)
",-0.318,-0.318,0.000,1.000,0.000,1,0,1,0,1,1,2,0,1.0,0.0,1.0,0.5,0.6666666666666666,0.33333333333333337,1
"G[0,1](((age >= 40.555 & Pt_SHFlg <= 0.000) -> AlbCreatRat_mggNew >= 0.000) | HbA1c >= 0.000)
",9999999.000,9999999.000,0.000,1.000,0.000,1,0,1,0,1,1,2,0,1.0,0.0,1.0,0.5,0.6666666666666666,0.33333333333333337,1
"G[0,1](age <= 41.497 | Pt_DKAFlg >= 0.000)
",9999999.000,9999999.000,0.000,1.000,0.000,1,0,1,0,1,1,2,0,1.0,0.0,1.0,0.5,0.6666666666666666,0.33333333333333337,1
"G[0,1]((NumPumpBolusOrShortAct >= 0.304 | BUN >= 8.906) & diabDur >= 9.240)
",9999999.000,9999999.000,0.000,1.000,0.000,1,0,0,1,2,0,1,1,0.5,0.0,0.0,1.0,0.6666666666666666,0.33333333333333337,1
"G[0,0](UnitsInsBasalOrLongAct <= 40.599 & bmiZscore <= 0.317)
",0.317,0.317,0.000,1.000,0.000,1,0,0,1,2,0,1,1,0.5,0.0,0.0,1.0,0.6666666666666666,0.33333333333333337,1
"G[0,1]((Pt_SiblingT1D <= 0.000 -> BldPrDia >= 74.040) | SMBGperDayPtMeterCombo <= 82.068)
",9999999.000,9999999.000,0.000,1.000,0.000,1,0,1,0,1,1,2,0,1.0,0.0,1.0,0.5,0.6666666666666666,0.33333333333333337,1
"G[0,1](Pt_ChildT1D <= 0.000 & diabDur <= 11.081)
",9999999.000,9999999.000,0.000,1.000,0.000,1,0,0,1,2,0,1,1,0.5,0.0,0.0,1.0,0.6666666666666666,0.33333333333333337,1
"G[1,1](((BGTestAvgNumPtRep <= 2.668 | HDL <= 58.001) | diagAgeCombo >= 25.209) | Triglyc <= 55.547)
",58.001,58.001,0.000,1.000,0.000,1,0,1,0,1,1,2,0,1.0,0.0,1.0,0.5,0.6666666666666666,0.33333333333333337,1
"G[1,1]((HbA1c >= 8.054 -> TotalDailyInsPerKg >= 0.346) & bmiPerc <= 0.695)
",0.346,0.346,0.000,1.000,0.000,1,0,1,0,1,1,2,0,1.0,0.0,1.0,0.5,0.6666666666666666,0.33333333333333337,1
"G[1,1](Pt_MotherT1D < 0.000 -> Pt_SHFlg = 0.000)
",0.000,0.000,0.000,1.000,0.000,1,0,1,0,1,1,2,0,1.0,0.0,1.0,0.5,0.6666666666666666,0.33333333333333337,1
"G[0,1]((diabDur >= 10.877 | Pt_A1cGoalLev <= 0.000) | Pt_GrandparentT1D >= 0.000)
",9999999.000,9999999.000,0.000,1.000,0.000,1,0,1,0,1,1,2,0,1.0,0.0,1.0,0.5,0.6666666666666666,0.33333333333333337,1
"G[0,0](bmiZscore >= 0.188 & HbA1cImputeDtMnC >= 5.562)
",-2.562,-2.562,0.000,1.000,0.000,1,0,0,1,2,0,1,1,0.5,0.0,0.0,1.0,0.6666666666666666,0.33333333333333337,1
"G[0,1](Pt_SHFlg <= 0.000 & NumPumpBolusOrShortAct >= 1.115)
",9999999.000,9999999.000,0.000,1.000,0.000,1,0,0,1,2,0,1,1,0.5,0.0,0.0,1.0,0.6666666666666666,0.33333333333333337,1
"G[0,1](BldPrSys >= 121.123 | WeightKg <= 85.536)
",9999999.000,9999999.000,0.000,1.000,0.000,1,0,1,0,1,1,2,0,1.0,0.0,1.0,0.5,0.6666666666666666,0.33333333333333337,1
"G[0,0](diagAgeCombo > 5.546 & Pt_SHFlg = 0.000)
",-0.996,-0.996,0.000,1.000,0.000,1,0,0,1,2,0,1,1,0.5,0.0,0.0,1.0,0.6666666666666666,0.33333333333333337,1
"G[1,1]((WeightKg >= 84.057 | bmi >= 29.869) -> UnitsInsBasalOrLongAct <= 42.669)
",-42.669,-42.669,0.000,1.000,0.000,1,0,1,0,1,1,2,0,1.0,0.0,1.0,0.5,0.6666666666666666,0.33333333333333337,1
"G[1,1]((HDL <= 39.215 | LDL <= 108.993) | HbA1c <= 108.618)
",108.993,108.993,0.000,1.000,0.000,1,0,1,0,1,1,2,0,1.0,0.0,1.0,0.5,0.6666666666666666,0.33333333333333337,1
"G[0,1](((GFR >= 50.400 | TSH >= 0.558) -> Pt_InsGov <= 0.966) -> GFR >= 0.842)
",9999999.000,9999999.000,0.000,1.000,0.000,1,0,0,1,2,0,1,1,0.5,0.0,0.0,1.0,0.6666666666666666,0.33333333333333337,1
"G[0,1](((AlbCreatRat_mggNew >= 21.673 -> HbA1c >= 8.038) & GFR >= 7.929) | bmiZscore <= 8.443)
",9999999.000,9999999.000,0.000,1.000,0.000,1,0,1,0,1,1,2,0,1.0,0.0,1.0,0.5,0.6666666666666666,0.33333333333333337,1
"G[1,1](BldPrSys <= 127.102 -> bmiPerc <= 0.000)
",-127.102,-127.102,0.000,1.000,0.000,1,0,1,0,1,1,2,0,1.0,0.0,1.0,0.5,0.6666666666666666,0.33333333333333337,1
"G[1,1]((HbA1cImputeDtMnC >= 9.826 | WeightKg <= 84.776) -> LDL >= 83.638)
",-84.776,-84.776,0.000,1.000,0.000,1,0,1,0,1,1,2,0,1.0,0.0,1.0,0.5,0.6666666666666666,0.33333333333333337,1
"F[1,2](Pt_DKAFlg <= 0.000 & Pt_A1cGoalLevelDsYr5 <= 0.000)
",-9999999.000,-9999999.000,0.000,0.000,1.000,0,0,0,2,2,0,0,2,0.0,0.0,0.0,0.0,0.0,1.0,-1
"F[0,2](((BGTestAvgNumMeter <= 2.558 -> DirectLDL <= 0.636) & TSH >= 0.232) & BldPrSys <= 0.830)
",-9999999.000,-9999999.000,0.000,0.000,1.000,0,0,0,2,2,0,0,2,0.0,0.0,0.0,0.0,0.0,1.0,-1
"((Pt_InsGov >= 0.216) U[1,1] (NumPumpBolusOrShortAct >= 0.004))
",-0.004,-0.004,0.000,0.000,1.000,0,0,0,2,2,0,0,2,0.0,0.0,0.0,0.0,0.0,1.0,-1
"F[0,0](age >= 40.102 -> Pt_ChildT1D >= 0.000)
",0.000,0.000,0.000,0.000,1.000,0,0,0,2,2,0,0,2,0.0,0.0,0.0,0.0,0.0,1.0,-1
"((Pt_SiblingT1D <= 0.000) U[2,2] (Pt_ChildT1D <= 0.000))
",0.000,0.000,0.000,0.000,1.000,0,0,0,2,2,0,0,2,0.0,0.0,0.0,0.0,0.0,1.0,-1
"F[1,2](diabDur <= 11.074 & GFR <= 80.050)
",-9999999.000,-9999999.000,0.000,0.000,1.000,0,0,0,2,2,0,0,2,0.0,0.0,0.0,0.0,0.0,1.0,-1
"F[1,2](age >= 40.223 & Pt_FatherT1D >= 0.000)
",-9999999.000,-9999999.000,0.000,0.000,1.000,0,0,0,2,2,0,0,2,0.0,0.0,0.0,0.0,0.0,1.0,-1
"F[0,2]((BUN <= 15.189 | Pt_DKAFlg <= 0.000) -> BldPrDia >= 0.000)
",-9999999.000,-9999999.000,0.000,0.000,1.000,0,0,0,2,2,0,0,2,0.0,0.0,0.0,0.0,0.0,1.0,-1
"F[2,2]((diabDur <= 11.321 | Pt_A1cGoalLev <= 0.000) | AutonomicNeuroCl <= 0.000)
",11.321,11.321,0.000,0.000,1.000,0,0,0,2,2,0,0,2,0.0,0.0,0.0,0.0,0.0,1.0,-1
"F[0,1](((bmiZscore <= 0.344 | bmi <= 30.683) & diagAgeCombo <= 30.667) -> SMBGperDayPtMeterCombo <= 30.517)
",-9999999.000,-9999999.000,0.000,0.000,1.000,0,0,0,2,2,0,0,2,0.0,0.0,0.0,0.0,0.0,1.0,-1
"F[1,2](((Pt_A1cGoalLev <= 0.000 -> Pt_A1cGoalLevelDsYr5 <= 0.000) | BGTestAvgNumMeter <= 0.000) | diabDur <= 0.000)
",-9999999.000,-9999999.000,0.000,0.000,1.000,0,0,0,2,2,0,0,2,0.0,0.0,0.0,0.0,0.0,1.0,-1
"F[0,1]((LDL >= 104.190 & Pt_GrandchildT1D >= 0.000) | Pt_ChildT1D >= 0.000)
",-9999999.000,-9999999.000,0.000,0.000,1.000,0,0,0,2,2,0,0,2,0.0,0.0,0.0,0.0,0.0,1.0,-1
"F[0,1]((BldPrDia >= 74.268 & WeightKg <= 86.194) -> bmi >= 83.840)
",-9999999.000,-9999999.000,0.000,0.000,1.000,0,0,0,2,2,0,0,2,0.0,0.0,0.0,0.0,0.0,1.0,-1
"F[1,2](((bmi <= 30.488 | Pt_InsGov <= 0.982) & Triglyc <= 0.399) -> Pt_MotherT1D <= 0.849)
",-9999999.000,-9999999.000,0.000,0.000,1.000,0,0,0,2,2,0,0,2,0.0,0.0,0.0,0.0,0.0,1.0,-1
"F[0,1](((HDL <= 37.934 -> TotChol >= 35.866) & diagAgeCombo <= 123.505) | SMBGperDayPtMeterCombo <= 131.420)
",-9999999.000,-9999999.000,0.000,0.000,1.000,0,0,0,2,2,0,0,2,0.0,0.0,0.0,0.0,0.0,1.0,-1
"F[0,0]((diagAgeCombo <= 11.229 | WeightKg <= 85.438) & Pt_FatherT1D <= 84.508)
",82.438,82.438,0.000,0.000,1.000,0,0,0,2,2,0,0,2,0.0,0.0,0.0,0.0,0.0,1.0,-1
"F[2,2](((TotChol <= 158.383 -> Triglyc >= 35.719) -> SMBGperDayPtMeterCombo >= 12.353) -> Pt_DKAFlg >= 40.630)
",-12.353,-12.353,0.000,0.000,1.000,0,0,0,2,2,0,0,2,0.0,0.0,0.0,0.0,0.0,1.0,-1
"F[0,0](HDL >= 21.279 | Triglyc <= 89.291)
",82.721,82.721,0.000,0.000,1.000,0,0,0,2,2,0,0,2,0.0,0.0,0.0,0.0,0.0,1.0,-1
"F[0,1](BldPrSys <= 127.600 & TotalDailyInsPerKg >= 0.395)
",-9999999.000,-9999999.000,0.000,0.000,1.000,0,0,0,2,2,0,0,2,0.0,0.0,0.0,0.0,0.0,1.0,-1
"((BldPrDia <= 83.747) U[0,1] (Triglyc <= 62.063))
",-9999999.000,-9999999.000,0.000,0.000,1.000,0,0,0,2,2,0,0,2,0.0,0.0,0.0,0.0,0.0,1.0,-1
"F[0,1](Pt_A1cGoalLevelDsYr5 >= 0.000 -> BGTestAvgNumMeter <= 2.504)
",-9999999.000,-9999999.000,0.000,0.000,1.000,0,0,0,2,2,0,0,2,0.0,0.0,0.0,0.0,0.0,1.0,-1
"((TotalDailyInsPerKg <= 0.775) U[0,2] (BldPrDia <= 82.482))
",-9999999.000,-9999999.000,0.000,0.000,1.000,0,0,0,2,2,0,0,2,0.0,0.0,0.0,0.0,0.0,1.0,-1
"F[0,1](((TotChol >= 8.466 | Pt_DKAFlg <= 0.000) | bmi >= 0.000) | BldPrDia >= 0.000)
",-9999999.000,-9999999.000,0.000,0.000,1.000,0,0,0,2,2,0,0,2,0.0,0.0,0.0,0.0,0.0,1.0,-1
"((Pt_InsGov >= 0.214) U[0,1] (Pt_InsGov <= 0.367))
",-9999999.000,-9999999.000,0.000,0.000,1.000,0,0,0,2,2,0,0,2,0.0,0.0,0.0,0.0,0.0,1.0,-1
"F[0,2](BGTestAvgNumPtRep >= 0.256 | HbA1cImputeDtMnC >= 3.066)
",-9999999.000,-9999999.000,0.000,0.000,1.000,0,0,0,2,2,0,0,2,0.0,0.0,0.0,0.0,0.0,1.0,-1
"F[1,1]((HbA1c >= 7.431 -> HDL <= 47.635) | SMBGperDayPtMeterCombo >= 3.588)
",-3.588,-3.588,0.000,0.000,1.000,0,0,0,2,2,0,0,2,0.0,0.0,0.0,0.0,0.0,1.0,-1
"((TSH <= 1.036) U[0,2] (BldPrDia <= 82.260))
",-9999999.000,-9999999.000,0.000,0.000,1.000,0,0,0,2,2,0,0,2,0.0,0.0,0.0,0.0,0.0,1.0,-1
"F[2,2]((NumPumpBolusOrShortAct >= 0.170 & Pt_CGMUseNumDays <= 0.000) -> BUN <= 0.000)
",0.000,0.000,0.000,0.000,1.000,0,0,0,2,2,0,0,2,0.0,0.0,0.0,0.0,0.0,1.0,-1
"F[1,2]((HbA1cImputeDtMnC >= 7.874 -> NumPumpBolusOrShortAct <= 2.113) & NumPumpBolusOrShortAct >= 1.817)
",-9999999.000,-9999999.000,0.000,0.000,1.000,0,0,0,2,2,0,0,2,0.0,0.0,0.0,0.0,0.0,1.0,-1
"F[2,2]((Pt_GrandchildT1D >= 0.000 & LDL <= 109.618) & BUN <= 113.175)
",0.000,0.000,0.000,0.000,1.000,0,0,0,2,2,0,0,2,0.0,0.0,0.0,0.0,0.0,1.0,-1
"F[1,2]((Pt_SHFlg >= 0.000 | Pt_SiblingT1D >= 0.000) & WeightKg >= 0.000)
",-9999999.000,-9999999.000,0.000,0.000,1.000,0,0,0,2,2,0,0,2,0.0,0.0,0.0,0.0,0.0,1.0,-1
"F[1,2](((Pt_GrandchildT1D <= 0.000 & AutonomicNeuroCl >= 1.000) & Pt_A1cGoalLevelDsYr5 >= 1.000) | AutonomicNeuroCl <= 1.000)
",-9999999.000,-9999999.000,0.000,0.000,1.000,0,0,0,2,2,0,0,2,0.0,0.0,0.0,0.0,0.0,1.0,-1
"((Pt_A1cGoalLev <= 0.000) U[0,1] (diagAgeCombo <= 20.208))
",-9999999.000,-9999999.000,0.000,0.000,1.000,0,0,0,2,2,0,0,2,0.0,0.0,0.0,0.0,0.0,1.0,-1
"F[0,0](((Pt_ChildT1D <= 0.000 -> age >= 40.449) -> Pt_A1cGoalLev >= 40.461) -> GFR >= 40.883)
",0.000,0.000,0.000,0.000,1.000,0,0,0,2,2,0,0,2,0.0,0.0,0.0,0.0,0.0,1.0,-1
"F[1,2](((TotalDailyInsPerKg >= 0.403 | BldPrDia <= 87.529) -> TotalDailyInsPerKg >= 77.383) & LDL <= 87.284)
",-9999999.000,-9999999.000,0.000,0.000,1.000,0,0,0,2,2,0,0,2,0.0,0.0,0.0,0.0,0.0,1.0,-1
"F[0,0]((Pt_SiblingT1D >= 0.000 | Pt_DKAFlg >= 0.000) -> BGTestAvgNumMeter >= 0.000)
",-34.000,-34.000,0.000,0.000,1.000,0,0,0,2,2,0,0,2,0.0,0.0,0.0,0.0,0.0,1.0,-1
"F[1,2](BldPrDia >= 75.778 & LDL <= 107.383)
",-9999999.000,-9999999.000,0.000,0.000,1.000,0,0,0,2,2,0,0,2,0.0,0.0,0.0,0.0,0.0,1.0,-1
"F[0,0](((Pt_A1cGoalLev >= 0.000 | UnitsInsBasalOrLongAct >= 30.070) | UnitsInsBasalOrLongAct >= 30.846) & Pt_A1cGoalLev <= 39.199)
",9.199,9.199,0.000,0.000,1.000,0,0,0,2,2,0,0,2,0.0,0.0,0.0,0.0,0.0,1.0,-1
"F[1,2]((BGTestAvgNumMeter <= 2.605 & TotalDailyInsPerKg >= 0.439) | AlbCreatRat_mggNew <= 0.736)
",-9999999.000,-9999999.000,0.000,0.000,1.000,0,0,0,2,2,0,0,2,0.0,0.0,0.0,0.0,0.0,1.0,-1
"F[1,1](((TotChol >= 7.206 | NumPumpBolusOrShortAct <= 2.259) & HeightCm >= 1.879) -> Pt_GrandparentT1D <= 2.129)
",-2.129,-2.129,0.000,0.000,1.000,0,0,0,2,2,0,0,2,0.0,0.0,0.0,0.0,0.0,1.0,-1
"F[0,2](((NumPumpBolusOrShortAct >= 0.049 -> Pt_GrandchildT1D <= 0.000) -> Pt_DKAFlg <= 0.000) | Pt_A1cGoalLevelDsYr5 <= 0.000)
",-9999999.000,-9999999.000,0.000,0.000,1.000,0,0,0,2,2,0,0,2,0.0,0.0,0.0,0.0,0.0,1.0,-1
"F[0,2]((SMBGperDayPtMeterCombo <= 2.565 & Pt_A1cGoalLevelDsYr5 >= 0.000) | Pt_A1cGoalLevelDsYr5 >= 0.000)
",-9999999.000,-9999999.000,0.000,0.000,1.000,0,0,0,2,2,0,0,2,0.0,0.0,0.0,0.0,0.0,1.0,-1
"F[1,1](((bmi <= 30.818 & GFR >= 32.933) -> WeightKg >= 40.824) -> GFR >= 6.141)
",-32.933,-32.933,0.000,0.000,1.000,0,0,0,2,2,0,0,2,0.0,0.0,0.0,0.0,0.0,1.0,-1
"F[0,2](Pt_SHFlg <= 0.000 | BGTestAvgNumMeter <= 2.689)
",-9999999.000,-9999999.000,0.000,0.000,1.000,0,0,0,2,2,0,0,2,0.0,0.0,0.0,0.0,0.0,1.0,-1
"((TSH <= 1.150) U[0,1] (Pt_DKAFlg <= 0.000))
",-9999999.000,-9999999.000,0.000,0.000,1.000,0,0,0,2,2,0,0,2,0.0,0.0,0.0,0.0,0.0,1.0,-1
"F[0,2]((diagAgeCombo >= 2.363 & Pt_DKAFlg >= 0.000) -> AlbCreatRat_mggNew <= 0.000)
",-9999999.000,-9999999.000,0.000,0.000,1.000,0,0,0,2,2,0,0,2,0.0,0.0,0.0,0.0,0.0,1.0,-1
"F[2,2]((Pt_A1cGoalLev >= 0.000 -> TSH <= 1.200) -> TotChol <= 1.124)
",-1.124,-1.124,0.000,0.000,1.000,0,0,0,2,2,0,0,2,0.0,0.0,0.0,0.0,0.0,1.0,-1
"F[0,2]((age <= 41.191 -> age <= 41.082) -> Triglyc >= 40.906)
",-9999999.000,-9999999.000,0.000,0.000,1.000,0,0,0,2,2,0,0,2,0.0,0.0,0.0,0.0,0.0,1.0,-1
"F[0,0](((BUN <= 10.331 | HbA1c >= 7.448) | Pt_GrandchildT1D <= 8.466) | HbA1cImputeDtMnC >= 7.774)
",8.466,8.466,0.000,0.000,1.000,0,0,0,2,2,0,0,2,0.0,0.0,0.0,0.0,0.0,1.0,-1
"F[0,1](((age >= 40.364 | HbA1cImputeDtMnC >= 12.495) | Pt_FatherT1D <= 22.772) -> BldPrDia >= 5.153)
",-9999999.000,-9999999.000,0.000,0.000,1.000,0,0,0,2,2,0,0,2,0.0,0.0,0.0,0.0,0.0,1.0,-1
"F[1,2](Pt_A1cGoalLev >= 0.000 -> Pt_SiblingT1D >= 0.000)
",-9999999.000,-9999999.000,0.000,0.000,1.000,0,0,0,2,2,0,0,2,0.0,0.0,0.0,0.0,0.0,1.0,-1
"((HbA1c <= 8.343) U[2,2] (AutonomicNeuroCl >= 1.000))
",8.343,8.343,0.000,0.000,1.000,0,0,0,2,2,0,0,2,0.0,0.0,0.0,0.0,0.0,1.0,-1
"F[1,2]((Pt_SiblingT1D <= 0.000 | AutonomicNeuroCl >= 1.000) | Pt_DKAFlg <= 1.000)
",-9999999.000,-9999999.000,0.000,0.000,1.000,0,0,0,2,2,0,0,2,0.0,0.0,0.0,0.0,0.0,1.0,-1
"F[2,2](((Pt_CGMUseNumDays >= 0.000 | Triglyc >= 6.675) -> Pt_SHFlg <= 66.033) | UnitsInsBasalOrLongAct >= 50.578)
",-50.578,-50.578,0.000,0.000,1.000,0,0,0,2,2,0,0,2,0.0,0.0,0.0,0.0,0.0,1.0,-1
"((Pt_DKAFlg >= 0.000) U[0,1] (Pt_GrandparentT1D >= 0.000))
",-9999999.000,-9999999.000,0.000,0.000,1.000,0,0,0,2,2,0,0,2,0.0,0.0,0.0,0.0,0.0,1.0,-1
"F[0,1](NumPumpBolusOrShortAct >= 1.405 & UnitsInsBasalOrLongAct >= 32.358)
",-9999999.000,-9999999.000,0.000,0.000,1.000,0,0,0,2,2,0,0,2,0.0,0.0,0.0,0.0,0.0,1.0,-1
"F[0,2](((Pt_A1cGoalLevelDsYr5 >= 0.000 | Pt_ChildT1D >= 0.000) & bmiPerc >= 0.000) -> HDL <= 0.000)
",-9999999.000,-9999999.000,0.000,0.000,1.000,0,0,0,2,2,0,0,2,0.0,0.0,0.0,0.0,0.0,1.0,-1
"F[0,2]((BldPrSys <= 122.961 | LDL <= 115.532) -> AutonomicNeuroCl <= 116.164)
",-9999999.000,-9999999.000,0.000,0.000,1.000,0,0,0,2,2,0,0,2,0.0,0.0,0.0,0.0,0.0,1.0,-1
"((TotChol >= 107.790) U[0,0] (Pt_FatherT1D <= 0.000))
",0.000,0.000,0.000,0.000,1.000,0,0,0,2,2,0,0,2,0.0,0.0,0.0,0.0,0.0,1.0,-1
"F[0,1](((DirectLDL <= 0.777 -> TSH <= 1.359) & Pt_MotherT1D <= 1.328) | bmi >= 0.261)
",-9999999.000,-9999999.000,0.000,0.000,1.000,0,0,0,2,2,0,0,2,0.0,0.0,0.0,0.0,0.0,1.0,-1
"((GFR >= 38.729) U[1,2] (UnitsInsBasalOrLongAct >= 35.574))
",-9999999.000,-9999999.000,0.000,0.000,1.000,0,0,0,2,2,0,0,2,0.0,0.0,0.0,0.0,0.0,1.0,-1
"F[0,2](diabDur >= 10.506 | Pt_FatherT1D <= 0.000)
",-9999999.000,-9999999.000,0.000,0.000,1.000,0,0,0,2,2,0,0,2,0.0,0.0,0.0,0.0,0.0,1.0,-1
"F[0,1](Pt_GrandparentT1D <= 0.000 -> Pt_ChildT1D >= 0.000)
",-9999999.000,-9999999.000,0.000,0.000,1.000,0,0,0,2,2,0,0,2,0.0,0.0,0.0,0.0,0.0,1.0,-1
"F[0,1]((NumPumpBolusOrShortAct <= 2.882 & Pt_CGMUseNumDays >= 0.000) | BGTestAvgNumPtRep <= 0.000)
",-9999999.000,-9999999.000,0.000,0.000,1.000,0,0,0,2,2,0,0,2,0.0,0.0,0.0,0.0,0.0,1.0,-1
"F[1,1](HeightCm <= 167.486 | BldPrDia <= 86.810)
",167.486,167.486,0.000,0.000,1.000,0,0,0,2,2,0,0,2,0.0,0.0,0.0,0.0,0.0,1.0,-1
"F[1,2]((Pt_InsGov <= 0.751 -> bmi <= 30.283) & TotChol >= 29.318)
",-9999999.000,-9999999.000,0.000,0.000,1.000,0,0,0,2,2,0,0,2,0.0,0.0,0.0,0.0,0.0,1.0,-1
"F[1,2]((TSH >= 0.233 & WeightKg >= 83.573) & BldPrSys >= 83.334)
",-9999999.000,-9999999.000,0.000,0.000,1.000,0,0,0,2,2,0,0,2,0.0,0.0,0.0,0.0,0.0,1.0,-1
"F[1,2]((diabDur <= 11.353 & BGTestAvgNumPtRep >= 0.517) | HeightCm <= 2.776)
",-9999999.000,-9999999.000,0.000,0.000,1.000,0,0,0,2,2,0,0,2,0.0,0.0,0.0,0.0,0.0,1.0,-1
"F[2,2](WeightKg <= 84.960 | BldPrDia <= 82.540)
",84.960,84.960,0.000,0.000,1.000,0,0,0,2,2,0,0,2,0.0,0.0,0.0,0.0,0.0,1.0,-1
"F[0,1]((AlbCreatRat_mggNew >= 14.548 | Pt_GrandchildT1D >= 0.000) | diabDur >= 0.000)
",-9999999.000,-9999999.000,0.000,0.000,1.000,0,0,0,2,2,0,0,2,0.0,0.0,0.0,0.0,0.0,1.0,-1
"((Pt_A1cGoalLevelDsYr5 <= 0.000) U[1,2] (GFR >= 55.308))
",-9999999.000,-9999999.000,0.000,0.000,1.000,0,0,0,2,2,0,0,2,0.0,0.0,0.0,0.0,0.0,1.0,-1
"F[0,2](bmiZscore >= 0.237 & bmi >= 29.620)
",-9999999.000,-9999999.000,0.000,0.000,1.000,0,0,0,2,2,0,0,2,0.0,0.0,0.0,0.0,0.0,1.0,-1
"F[1,2](((Pt_InsGov >= 0.190 | AlbCreatRat_mggNew >= 17.914) & Pt_InsGov >= 14.619) -> DirectLDL <= 28.655)
",-9999999.000,-9999999.000,0.000,0.000,1.000,0,0,0,2,2,0,0,2,0.0,0.0,0.0,0.0,0.0,1.0,-1
"F[0,0](HbA1c >= 8.035 -> Pt_A1cGoalLevelDsYr5 = 0.000)
",0.000,0.000,0.000,0.000,1.000,0,0,0,2,2,0,0,2,0.0,0.0,0.0,0.0,0.0,1.0,-1
"F[0,1]((bmiZscore >= 0.128 & Pt_FatherT1D >= 0.000) & Pt_CGMUseNumDays >= 0.000)
",-9999999.000,-9999999.000,0.000,0.000,1.000,0,0,0,2,2,0,0,2,0.0,0.0,0.0,0.0,0.0,1.0,-1
"((BldPrSys <= 124.564) U[1,2] (AlbCreatRat_mggNew <= 26.086))
",-9999999.000,-9999999.000,0.000,0.000,1.000,0,0,0,2,2,0,0,2,0.0,0.0,0.0,0.0,0.0,1.0,-1
"F[1,1](((HbA1c >= 7.893 | bmiZscore >= 0.225) | Pt_GrandchildT1D <= 0.269) | Pt_ChildT1D >= 0.245)
",0.269,0.269,0.000,0.000,1.000,0,0,0,2,2,0,0,2,0.0,0.0,0.0,0.0,0.0,1.0,-1
"((HbA1cImputeDtMnC <= 21.783) U[1,2] (Pt_GrandchildT1D >= 0.000))
",-9999999.000,-9999999.000,0.000,0.000,1.000,0,0,0,2,2,0,0,2,0.0,0.0,0.0,0.0,0.0,1.0,-1
"F[0,2](((WeightKg >= 82.912 & BGTestAvgNumPtRep <= 2.383) -> Pt_ChildT1D >= 0.625) -> TotChol >= 0.837)
",-9999999.000,-9999999.000,0.000,0.000,1.000,0,0,0,2,2,0,0,2,0.0,0.0,0.0,0.0,0.0,1.0,-1
"F[2,2](((WeightKg <= 86.297 | age >= 40.087) -> bmiPerc <= 41.145) & Pt_A1cGoalLevelDsYr5 <= 41.419)
",-86.297,-86.297,0.000,0.000,1.000,0,0,0,2,2,0,0,2,0.0,0.0,0.0,0.0,0.0,1.0,-1
"((NumPumpBolusOrShortAct <= 2.344) U[0,0] (Pt_FatherT1D >= 0.000))
",1.344,1.344,0.000,0.000,1.000,0,0,0,2,2,0,0,2,0.0,0.0,0.0,0.0,0.0,1.0,-1
"((bmi <= 30.814) U[0,1] (BldPrDia >= 71.090))
",-9999999.000,-9999999.000,0.000,0.000,1.000,0,0,0,2,2,0,0,2,0.0,0.0,0.0,0.0,0.0,1.0,-1
"F[0,1](((Pt_CGMUseNumDays <= 0.000 & bmi <= 30.563) | NumPumpBolusOrShortAct <= 30.308) | Pt_A1cGoalLev <= 30.225)
",-9999999.000,-9999999.000,0.000,0.000,1.000,0,0,0,2,2,0,0,2,0.0,0.0,0.0,0.0,0.0,1.0,-1
"F[1,2]((HbA1c >= 7.555 & TotalDailyInsPerKg >= 0.029) | DirectLDL >= 0.350)
",-9999999.000,-9999999.000,0.000,0.000,1.000,0,0,0,2,2,0,0,2,0.0,0.0,0.0,0.0,0.0,1.0,-1
"F[1,2](((TotChol >= 9.504 & Pt_FatherT1D >= 0.000) -> HbA1c >= 0.000) -> TSH >= 0.000)
",-9999999.000,-9999999.000,0.000,0.000,1.000,0,0,0,2,2,0,0,2,0.0,0.0,0.0,0.0,0.0,1.0,-1
"F[2,2]((UnitsInsBasalOrLongAct <= 43.281 -> bmiZscore >= 0.125) | diagAgeCombo >= 0.151)
",-0.151,-0.151,0.000,0.000,1.000,0,0,0,2,2,0,0,2,0.0,0.0,0.0,0.0,0.0,1.0,-1
"F[0,2](diagAgeCombo >= 0.768 & AutonomicNeuroCl >= 1.000)
",-9999999.000,-9999999.000,0.000,0.000,1.000,0,0,0,2,2,0,0,2,0.0,0.0,0.0,0.0,0.0,1.0,-1
"((Pt_SHFlg >= 0.000) U[0,2] (BUN >= 7.426))
",-9999999.000,-9999999.000,0.000,0.000,1.000,0,0,0,2,2,0,0,2,0.0,0.0,0.0,0.0,0.0,1.0,-1
"F[0,2](((bmi >= 29.585 -> WeightKg >= 81.987) | Pt_SiblingT1D >= 81.831) & UnitsInsBasalOrLongAct >= 82.459)
",-9999999.000,-9999999.000,0.000,0.000,1.000,0,0,0,2,2,0,0,2,0.0,0.0,0.0,0.0,0.0,1.0,-1
"F[1,1]((diabDur >= 10.926 | HbA1cImputeDtMnC <= 21.138) | bmi <= 16.728)
",21.138,21.138,0.000,0.000,1.000,0,0,0,2,2,0,0,2,0.0,0.0,0.0,0.0,0.0,1.0,-1
"F[0,2](diabDur <= 11.441 -> Pt_SHFlg = 0.000)
",-9999999.000,-9999999.000,0.000,0.000,1.000,0,0,0,2,2,0,0,2,0.0,0.0,0.0,0.0,0.0,1.0,-1
"F[1,2](((NumPumpBolusOrShortAct >= 1.977 -> TSH >= 0.769) & UnitsInsBasalOrLongAct <= 1.001) | Pt_SiblingT1D >= 0.442)
",-9999999.000,-9999999.000,0.000,0.000,1.000,0,0,0,2,2,0,0,2,0.0,0.0,0.0,0.0,0.0,1.0,-1
"((AlbCreatRat_mggNew >= 21.900) U[0,1] (SMBGperDayPtMeterCombo <= 2.735))
",-9999999.000,-9999999.000,0.000,0.000,1.000,0,0,0,2,2,0,0,2,0.0,0.0,0.0,0.0,0.0,1.0,-1
"((Pt_InsGov <= 0.986) U[0,2] (HbA1cImputeDtMnC <= 14.241))
",-9999999.000,-9999999.000,0.000,0.000,1.000,0,0,0,2,2,0,0,2,0.0,0.0,0.0,0.0,0.0,1.0,-1
"F[0,1](diagAgeCombo >= 5.237 | TotalDailyInsPerKg <= 0.608)
",-9999999.000,-9999999.000,0.000,0.000,1.000,0,0,0,2,2,0,0,2,0.0,0.0,0.0,0.0,0.0,1.0,-1
"F[0,0]((Pt_CGMUseNumDays >= 0.000 -> Pt_SiblingT1D >= 0.000) -> Pt_ChildT1D >= 0.000)
",0.000,0.000,0.000,0.000,1.000,0,0,0,2,2,0,0,2,0.0,0.0,0.0,0.0,0.0,1.0,-1
"((BldPrDia >= 76.846) U[0,2] (bmiPerc <= 0.000))
",-9999999.000,-9999999.000,0.000,0.000,1.000,0,0,0,2,2,0,0,2,0.0,0.0,0.0,0.0,0.0,1.0,-1
"((Pt_MotherT1D <= 0.000) U[0,1] (BldPrDia >= 69.333))
",-9999999.000,-9999999.000,0.000,0.000,1.000,0,0,0,2,2,0,0,2,0.0,0.0,0.0,0.0,0.0,1.0,-1
"F[1,1](((diabDur >= 10.750 -> DirectLDL <= 0.891) & TotalDailyInsPerKg >= 0.009) -> Pt_FatherT1D <= 0.590)
",-0.590,-0.590,0.000,0.000,1.000,0,0,0,2,2,0,0,2,0.0,0.0,0.0,0.0,0.0,1.0,-1
"((BGTestAvgNumMeter >= 2.169) U[1,2] (BGTestAvgNumPtRep <= 2.263))
",-9999999.000,-9999999.000,0.000,0.000,1.000,0,0,0,2,2,0,0,2,0.0,0.0,0.0,0.0,0.0,1.0,-1
"F[0,0](((SMBGperDayPtMeterCombo >= 2.024 & UnitsInsBasalOrLongAct <= 43.075) | Pt_CGMUseNumDays >= 31.884) -> age >= 35.951)
",-30078.116,-30078.116,0.000,0.000,1.000,0,0,0,2,2,0,0,2,0.0,0.0,0.0,0.0,0.0,1.0,-1
"F[1,2](((BUN <= 10.468 & GFR <= 67.639) -> TotalDailyInsPerKg >= 32.980) | Triglyc <= 77.887)
",-9999999.000,-9999999.000,0.000,0.000,1.000,0,0,0,2,2,0,0,2,0.0,0.0,0.0,0.0,0.0,1.0,-1
"F[2,2](Pt_FatherT1D <= 0.000 & BldPrDia <= 84.803)
",0.000,0.000,0.000,0.000,1.000,0,0,0,2,2,0,0,2,0.0,0.0,0.0,0.0,0.0,1.0,-1
"F[0,2](((Pt_DKAFlg >= 0.000 & TSH >= 0.434) | AutonomicNeuroCl >= 0.578) & AlbCreatRat_mggNew >= 0.633)
",-9999999.000,-9999999.000,0.000,0.000,1.000,0,0,0,2,2,0,0,2,0.0,0.0,0.0,0.0,0.0,1.0,-1
"((Pt_CGMUseNumDays <= 0.000) U[0,2] (Pt_CGMUseNumDays <= 0.000))
",-9999999.000,-9999999.000,0.000,0.000,1.000,0,0,0,2,2,0,0,2,0.0,0.0,0.0,0.0,0.0,1.0,-1
"F[1,2]((LDL >= 106.767 & SMBGperDayPtMeterCombo >= 2.319) & SMBGperDayPtMeterCombo <= 2.831)
",-9999999.000,-9999999.000,0.000,0.000,1.000,0,0,0,2,2,0,0,2,0.0,0.0,0.0,0.0,0.0,1.0,-1
"F[0,0]((HDL <= 50.988 & Pt_InsGov <= 0.493) -> HeightCm >= 0.322)
",-81.278,-81.278,0.000,0.000,1.000,0,0,0,2,2,0,0,2,0.0,0.0,0.0,0.0,0.0,1.0,-1
"F[1,2](((AutonomicNeuroCl >= 1.000 | bmiZscore <= 0.288) & bmiPerc >= 0.147) & NumPumpBolusOrShortAct >= 0.194)
",-9999999.000,-9999999.000,0.000,0.000,1.000,0,0,0,2,2,0,0,2,0.0,0.0,0.0,0.0,0.0,1.0,-1
"((DirectLDL <= 0.581) U[1,2] (Pt_A1cGoalLev <= 0.000))
",-9999999.000,-9999999.000,0.000,0.000,1.000,0,0,0,2,2,0,0,2,0.0,0.0,0.0,0.0,0.0,1.0,-1
"F[2,2]((WeightKg <= 86.130 | AlbCreatRat_mggNew >= 14.547) -> NumPumpBolusOrShortAct <= 26.415)
",-86.130,-86.130,0.000,0.000,1.000,0,0,0,2,2,0,0,2,0.0,0.0,0.0,0.0,0.0,1.0,-1
"F[0,2](bmi >= 29.686 | LDL >= 102.847)
",-9999999.000,-9999999.000,0.000,0.000,1.000,0,0,0,2,2,0,0,2,0.0,0.0,0.0,0.0,0.0,1.0,-1
"F[1,2]((BldPrDia <= 85.936 -> TotChol >= 6.525) & BUN >= 58.358)
",-9999999.000,-9999999.000,0.000,0.000,1.000,0,0,0,2,2,0,0,2,0.0,0.0,0.0,0.0,0.0,1.0,-1
"F[1,1](((bmi >= 29.205 -> HDL >= 23.885) -> LDL <= 58.544) & HbA1cImputeDtMnC <= 59.240)
",-58.544,-58.544,0.000,0.000,1.000,0,0,0,2,2,0,0,2,0.0,0.0,0.0,0.0,0.0,1.0,-1
"F[0,1](((LDL <= 111.372 -> Pt_InsGov <= 0.358) -> Pt_A1cGoalLevelDsYr5 >= 0.031) & Pt_SiblingT1D <= 0.453)
",-9999999.000,-9999999.000,0.000,0.000,1.000,0,0,0,2,2,0,0,2,0.0,0.0,0.0,0.0,0.0,1.0,-1
"F[2,2]((BGTestAvgNumPtRep >= 1.150 & LDL <= 117.349) -> Pt_DKAFlg <= 119.130)
",-119.130,-119.130,0.000,0.000,1.000,0,0,0,2,2,0,0,2,0.0,0.0,0.0,0.0,0.0,1.0,-1
"F[0,2]((AlbCreatRat_mggNew >= 21.461 -> LDL >= 99.327) -> Pt_CGMUseNumDays <= 115.828)
",-9999999.000,-9999999.000,0.000,0.000,1.000,0,0,0,2,2,0,0,2,0.0,0.0,0.0,0.0,0.0,1.0,-1
"F[1,2](((HbA1cImputeDtMnC <= 16.943 | HDL >= 3.880) & Triglyc <= 37.462) -> bmi >= 4.466)
",-9999999.000,-9999999.000,0.000,0.000,1.000,0,0,0,2,2,0,0,2,0.0,0.0,0.0,0.0,0.0,1.0,-1
"F[1,2]((HbA1c >= 7.933 | UnitsInsBasalOrLongAct >= 36.043) & GFR >= 34.453)
",-9999999.000,-9999999.000,0.000,0.000,1.000,0,0,0,2,2,0,0,2,0.0,0.0,0.0,0.0,0.0,1.0,-1
"((BldPrDia >= 75.058) U[0,1] (LDL >= 101.524))
",-9999999.000,-9999999.000,0.000,0.000,1.000,0,0,0,2,2,0,0,2,0.0,0.0,0.0,0.0,0.0,1.0,-1
"F[0,1](BUN <= 17.709 -> HbA1c >= 8.071)
",-9999999.000,-9999999.000,0.000,0.000,1.000,0,0,0,2,2,0,0,2,0.0,0.0,0.0,0.0,0.0,1.0,-1
"F[0,2]((Triglyc <= 61.155 | WeightKg >= 83.283) & HeightCm >= 83.770)
",-9999999.000,-9999999.000,0.000,0.000,1.000,0,0,0,2,2,0,0,2,0.0,0.0,0.0,0.0,0.0,1.0,-1
"F[0,2](bmi >= 29.269 -> Triglyc <= 85.088)
",-9999999.000,-9999999.000,0.000,0.000,1.000,0,0,0,2,2,0,0,2,0.0,0.0,0.0,0.0,0.0,1.0,-1
"F[0,2](bmiZscore <= 0.325 -> Triglyc <= 71.672)
",-9999999.000,-9999999.000,0.000,0.000,1.000,0,0,0,2,2,0,0,2,0.0,0.0,0.0,0.0,0.0,1.0,-1
"F[0,2](BGTestAvgNumPtRep <= 2.338 & BUN <= 12.998)
",-9999999.000,-9999999.000,0.000,0.000,1.000,0,0,0,2,2,0,0,2,0.0,0.0,0.0,0.0,0.0,1.0,-1
"F[0,2](((HeightCm <= 167.406 & WeightKg <= 84.694) | Pt_MotherT1D <= 85.340) -> Pt_SHFlg <= 85.350)
",-9999999.000,-9999999.000,0.000,0.000,1.000,0,0,0,2,2,0,0,2,0.0,0.0,0.0,0.0,0.0,1.0,-1
"F[1,2]((BldPrDia >= 72.012 & UnitsInsBasalOrLongAct <= 38.172) | SMBGperDayPtMeterCombo >= 30.201)
",-9999999.000,-9999999.000,0.000,0.000,1.000,0,0,0,2,2,0,0,2,0.0,0.0,0.0,0.0,0.0,1.0,-1
"((BGTestAvgNumPtRep <= 2.232) U[0,2] (diagAgeCombo >= 5.779))
",-9999999.000,-9999999.000,0.000,0.000,1.000,0,0,0,2,2,0,0,2,0.0,0.0,0.0,0.0,0.0,1.0,-1
"F[1,1]((BldPrSys >= 118.511 | HbA1c >= 7.616) | SMBGperDayPtMeterCombo <= 8.301)
",8.301,8.301,0.000,0.000,1.000,0,0,0,2,2,0,0,2,0.0,0.0,0.0,0.0,0.0,1.0,-1
"F[1,2](TotChol <= 131.545 & WeightKg <= 85.299)
",-9999999.000,-9999999.000,0.000,0.000,1.000,0,0,0,2,2,0,0,2,0.0,0.0,0.0,0.0,0.0,1.0,-1
"F[0,2](HbA1c >= 7.374 -> LDL <= 116.049)
",-9999999.000,-9999999.000,0.000,0.000,1.000,0,0,0,2,2,0,0,2,0.0,0.0,0.0,0.0,0.0,1.0,-1
"F[2,2](BldPrDia >= 75.175 & BUN >= 7.804)
",-75.175,-75.175,0.000,0.000,1.000,0,0,0,2,2,0,0,2,0.0,0.0,0.0,0.0,0.0,1.0,-1
"F[1,2](((HbA1c >= 8.013 | HDL >= 27.514) & Pt_GrandchildT1D >= 3.512) -> NumPumpBolusOrShortAct <= 50.741)
",-9999999.000,-9999999.000,0.000,0.000,1.000,0,0,0,2,2,0,0,2,0.0,0.0,0.0,0.0,0.0,1.0,-1
"F[0,2]((diagAgeCombo <= 27.940 -> Triglyc <= 64.678) & BGTestAvgNumPtRep <= 70.393)
",-9999999.000,-9999999.000,0.000,0.000,1.000,0,0,0,2,2,0,0,2,0.0,0.0,0.0,0.0,0.0,1.0,-1
"F[0,2]((age <= 41.098 | BUN <= 15.194) | Pt_FatherT1D <= 14.277)
",-9999999.000,-9999999.000,0.000,0.000,1.000,0,0,0,2,2,0,0,2,0.0,0.0,0.0,0.0,0.0,1.0,-1
"F[0,1]((NumPumpBolusOrShortAct >= 0.852 | TotChol <= 117.022) | BldPrDia <= 131.387)
",-9999999.000,-9999999.000,0.000,0.000,1.000,0,0,0,2,2,0,0,2,0.0,0.0,0.0,0.0,0.0,1.0,-1
"F[0,2](((BldPrSys >= 121.145 -> Triglyc >= 50.746) | Pt_GrandchildT1D <= 83.812) & NumPumpBolusOrShortAct <= 62.288)
",-9999999.000,-9999999.000,0.000,0.000,1.000,0,0,0,2,2,0,0,2,0.0,0.0,0.0,0.0,0.0,1.0,-1
"F[1,2]((AlbCreatRat_mggNew <= 23.297 & TotChol >= 64.440) -> BGTestAvgNumMeter >= 72.184)
",-9999999.000,-9999999.000,0.000,0.000,1.000,0,0,0,2,2,0,0,2,0.0,0.0,0.0,0.0,0.0,1.0,-1
"((BGTestAvgNumPtRep <= 2.958) U[0,1] (TotChol >= 57.092))
",-9999999.000,-9999999.000,0.000,0.000,1.000,0,0,0,2,2,0,0,2,0.0,0.0,0.0,0.0,0.0,1.0,-1
"((SMBGperDayPtMeterCombo >= 2.006) U[0,2] (TotChol <= 118.990))
",-9999999.000,-9999999.000,0.000,0.000,1.000,0,0,0,2,2,0,0,2,0.0,0.0,0.0,0.0,0.0,1.0,-1
"F[1,1](DirectLDL >= 0.210 | TSH >= 0.319)
",-0.210,-0.210,0.000,0.000,1.000,0,0,0,2,2,0,0,2,0.0,0.0,0.0,0.0,0.0,1.0,-1
"((BGTestAvgNumPtRep >= 0.431) U[0,2] (DirectLDL >= 0.212))
",-9999999.000,-9999999.000,0.000,0.000,1.000,0,0,0,2,2,0,0,2,0.0,0.0,0.0,0.0,0.0,1.0,-1
"F[0,1](HbA1c >= 7.943 -> TotalDailyInsPerKg >= 0.173)
",-9999999.000,-9999999.000,0.000,0.000,1.000,0,0,0,2,2,0,0,2,0.0,0.0,0.0,0.0,0.0,1.0,-1
"F[0,2]((HbA1c >= 7.914 | Triglyc >= 52.620) & Pt_A1cGoalLevelDsYr5 <= 68.053)
",-9999999.000,-9999999.000,0.000,0.000,1.000,0,0,0,2,2,0,0,2,0.0,0.0,0.0,0.0,0.0,1.0,-1
"F[1,2]((DirectLDL <= 0.422 -> HbA1c <= 8.210) | GFR <= 8.316)
",-9999999.000,-9999999.000,0.000,0.000,1.000,0,0,0,2,2,0,0,2,0.0,0.0,0.0,0.0,0.0,1.0,-1
"((BldPrDia <= 79.436) U[0,2] (HeightCm >= 167.336))
",-9999999.000,-9999999.000,0.000,0.000,1.000,0,0,0,2,2,0,0,2,0.0,0.0,0.0,0.0,0.0,1.0,-1
"F[0,1](((Triglyc <= 82.674 -> TSH >= 0.858) -> diabDur <= 1.237) | Triglyc <= 0.952)
",-9999999.000,-9999999.000,0.000,0.000,1.000,0,0,0,2,2,0,0,2,0.0,0.0,0.0,0.0,0.0,1.0,-1
"F[1,2]((TotChol <= 165.858 | UnitsInsBasalOrLongAct >= 35.019) & HeightCm >= 30.614)
",-9999999.000,-9999999.000,0.000,0.000,1.000,0,0,0,2,2,0,0,2,0.0,0.0,0.0,0.0,0.0,1.0,-1
"F[0,2](((bmi <= 30.474 -> HeightCm >= 167.352) -> BldPrSys <= 167.496) -> AutonomicNeuroCl >= 167.337)
",-9999999.000,-9999999.000,0.000,0.000,1.000,0,0,0,2,2,0,0,2,0.0,0.0,0.0,0.0,0.0,1.0,-1
"F[1,2]((bmiZscore <= 0.268 | HeightCm >= 167.374) | DirectLDL <= 167.478)
",-9999999.000,-9999999.000,0.000,0.000,1.000,0,0,0,2,2,0,0,2,0.0,0.0,0.0,0.0,0.0,1.0,-1
"F[2,2](LDL <= 113.721 -> TSH >= 0.150)
",-113.721,-113.721,0.000,0.000,1.000,0,0,0,2,2,0,0,2,0.0,0.0,0.0,0.0,0.0,1.0,-1
"F[0,2]((TotalDailyInsPerKg <= 0.608 & WeightKg >= 82.259) | Pt_A1cGoalLev <= 84.983)
",-9999999.000,-9999999.000,0.000,0.000,1.000,0,0,0,2,2,0,0,2,0.0,0.0,0.0,0.0,0.0,1.0,-1
"F[1,1](((age <= 41.859 -> UnitsInsBasalOrLongAct >= 31.229) -> Pt_InsGov <= 36.635) -> LDL >= 35.057)
",35.057,35.057,0.000,0.000,1.000,0,0,0,2,2,0,0,2,0.0,0.0,0.0,0.0,0.0,1.0,-1
"F[0,1]((DirectLDL >= 0.272 | UnitsInsBasalOrLongAct <= 40.365) & Pt_GrandchildT1D <= 37.874)
",-9999999.000,-9999999.000,0.000,0.000,1.000,0,0,0,2,2,0,0,2,0.0,0.0,0.0,0.0,0.0,1.0,-1
"F[2,2](bmi >= 29.638 -> TSH >= 0.103)
",0.103,0.103,0.000,0.000,1.000,0,0,0,2,2,0,0,2,0.0,0.0,0.0,0.0,0.0,1.0,-1
"F[0,2]((HbA1cImputeDtMnC <= 12.801 & UnitsInsBasalOrLongAct >= 30.809) & Pt_GrandparentT1D >= 33.015)
",-9999999.000,-9999999.000,0.000,0.000,1.000,0,0,0,2,2,0,0,2,0.0,0.0,0.0,0.0,0.0,1.0,-1
"F[1,2]((bmiZscore >= 0.143 | NumPumpBolusOrShortAct <= 2.159) | Pt_FatherT1D >= 1.629)
",-9999999.000,-9999999.000,0.000,0.000,1.000,0,0,0,2,2,0,0,2,0.0,0.0,0.0,0.0,0.0,1.0,-1
"F[2,2](((TSH >= 0.621 -> WeightKg >= 82.974) & HbA1cImputeDtMnC >= 81.891) -> NumPumpBolusOrShortAct <= 86.382)
",-86.382,-86.382,0.000,0.000,1.000,0,0,0,2,2,0,0,2,0.0,0.0,0.0,0.0,0.0,1.0,-1
"F[0,2]((BldPrSys <= 123.190 & WeightKg <= 85.336) -> HeightCm <= 85.063)
",-9999999.000,-9999999.000,0.000,0.000,1.000,0,0,0,2,2,0,0,2,0.0,0.0,0.0,0.0,0.0,1.0,-1
"F[0,1]((NumPumpBolusOrShortAct >= 0.874 & WeightKg >= 84.101) | Pt_CGMUseNumDays >= 82.055)
",-9999999.000,-9999999.000,0.000,0.000,1.000,0,0,0,2,2,0,0,2,0.0,0.0,0.0,0.0,0.0,1.0,-1
"((HbA1cImputeDtMnC >= 5.134) U[0,2] (Triglyc >= 27.453))
",-9999999.000,-9999999.000,0.000,0.000,1.000,0,0,0,2,2,0,0,2,0.0,0.0,0.0,0.0,0.0,1.0,-1
"F[1,2]((bmi <= 30.345 | BUN <= 19.152) -> bmi <= 17.180)
",-9999999.000,-9999999.000,0.000,0.000,1.000,0,0,0,2,2,0,0,2,0.0,0.0,0.0,0.0,0.0,1.0,-1
"F[2,2](((HDL <= 47.689 & WeightKg >= 82.223) | Pt_CGMUseNumDays >= 83.210) & Pt_SHFlg >= 81.906)
",-82.223,-82.223,0.000,0.000,1.000,0,0,0,2,2,0,0,2,0.0,0.0,0.0,0.0,0.0,1.0,-1
"F[2,2](((bmi >= 29.995 -> HbA1c <= 8.284) | Pt_DKAFlg <= 8.330) & DirectLDL >= 7.339)
",-7.339,-7.339,0.000,0.000,1.000,0,0,0,2,2,0,0,2,0.0,0.0,0.0,0.0,0.0,1.0,-1
"F[0,2](((AlbCreatRat_mggNew >= 15.574 & HbA1cImputeDtMnC <= 15.158) | TotalDailyInsPerKg <= 15.823) & BUN <= 17.674)
",-9999999.000,-9999999.000,0.000,0.000,1.000,0,0,0,2,2,0,0,2,0.0,0.0,0.0,0.0,0.0,1.0,-1
"((AlbCreatRat_mggNew <= 28.864) U[0,1] (BldPrDia >= 72.574))
",-9999999.000,-9999999.000,0.000,0.000,1.000,0,0,0,2,2,0,0,2,0.0,0.0,0.0,0.0,0.0,1.0,-1
"F[0,2]((BUN >= 2.147 | UnitsInsBasalOrLongAct <= 44.533) | TotChol <= 37.628)
",-9999999.000,-9999999.000,0.000,0.000,1.000,0,0,0,2,2,0,0,2,0.0,0.0,0.0,0.0,0.0,1.0,-1
"F[0,1](((bmiZscore >= 0.137 -> diabDur <= 11.551) & TSH >= 10.328) | Pt_A1cGoalLev <= 11.373)
",-9999999.000,-9999999.000,0.000,0.000,1.000,0,0,0,2,2,0,0,2,0.0,0.0,0.0,0.0,0.0,1.0,-1
"((DirectLDL >= 0.129) U[0,1] (LDL <= 113.650))
",-9999999.000,-9999999.000,0.000,0.000,1.000,0,0,0,2,2,0,0,2,0.0,0.0,0.0,0.0,0.0,1.0,-1
"F[1,1](((TSH >= 0.171 & UnitsInsBasalOrLongAct >= 34.278) & diagAgeCombo >= 33.859) -> Triglyc <= 42.844)
",-42.844,-42.844,0.000,0.000,1.000,0,0,0,2,2,0,0,2,0.0,0.0,0.0,0.0,0.0,1.0,-1
"((Pt_GrandchildT1D > 0.000) U[0,2] (Pt_SHFlg = 0.000))
",-9999999.000,-9999999.000,0.000,0.000,1.000,0,0,0,2,2,0,0,2,0.0,0.0,0.0,0.0,0.0,1.0,-1
"F[1,2](BldPrDia >= 72.448 & Triglyc <= 84.692)
",-9999999.000,-9999999.000,0.000,0.000,1.000,0,0,0,2,2,0,0,2,0.0,0.0,0.0,0.0,0.0,1.0,-1
"F[0,1](LDL > 105.704 & Pt_SHFlg = 0.000)
",-9999999.000,-9999999.000,0.000,0.000,1.000,0,0,0,2,2,0,0,2,0.0,0.0,0.0,0.0,0.0,1.0,-1
"F[0,2](Pt_InsGov <= 0.452 -> Pt_SHFlg = 0.000)
",-9999999.000,-9999999.000,0.000,0.000,1.000,0,0,0,2,2,0,0,2,0.0,0.0,0.0,0.0,0.0,1.0,-1
"F[0,2](Pt_FatherT1D < 0.000 -> Pt_SHFlg = 0.000)
",-9999999.000,-9999999.000,0.000,0.000,1.000,0,0,0,2,2,0,0,2,0.0,0.0,0.0,0.0,0.0,1.0,-1
"F[0,2](HbA1c >= 7.567 -> Pt_A1cGoalLevelDsYr5 = 0.000)
",-9999999.000,-9999999.000,0.000,0.000,1.000,0,0,0,2,2,0,0,2,0.0,0.0,0.0,0.0,0.0,1.0,-1
"F[1,2](HbA1c >= 7.698 -> Pt_A1cGoalLevelDsYr5 = 0.000)
",-9999999.000,-9999999.000,0.000,0.000,1.000,0,0,0,2,2,0,0,2,0.0,0.0,0.0,0.0,0.0,1.0,-1
"F[0,2](HbA1c >= 7.919 -> Pt_A1cGoalLevelDsYr5 = 0.000)
",-9999999.000,-9999999.000,0.000,0.000,1.000,0,0,0,2,2,0,0,2,0.0,0.0,0.0,0.0,0.0,1.0,-1
"F[1,1](BldPrDia <= 85.920 -> HbA1c >= 8.042)
",-85.920,-85.920,0.000,0.000,1.000,0,0,0,2,2,0,0,2,0.0,0.0,0.0,0.0,0.0,1.0,-1
"F[2,2](HbA1cImputeDtMnC >= 9.160 & TotalDailyInsPerKg <= 0.556)
",-9.160,-9.160,0.000,0.000,1.000,0,0,0,2,2,0,0,2,0.0,0.0,0.0,0.0,0.0,1.0,-1
"((HbA1c <= 8.588) U[1,1] (HbA1cImputeDtMnC >= 11.368))
",8.588,8.588,0.000,0.000,1.000,0,0,0,2,2,0,0,2,0.0,0.0,0.0,0.0,0.0,1.0,-1
"F[0,0](((HbA1cImputeDtMnC >= 0.758 -> TSH <= 1.084) & SMBGperDayPtMeterCombo <= 1.165) -> HbA1c <= 1.250)
",0.110,0.110,0.000,0.000,1.000,0,0,0,2,2,0,0,2,0.0,0.0,0.0,0.0,0.0,1.0,-1
"F[0,0]((GFR <= 60.388 -> HbA1cImputeDtMnC >= 2.357) | LDL <= 19.070)
",18.286,18.286,0.000,0.000,1.000,0,0,0,2,2,0,0,2,0.0,0.0,0.0,0.0,0.0,1.0,-1
"F[1,1](((diabDur >= 10.647 -> HbA1c >= 7.570) -> Pt_InsGov <= 8.266) & SMBGperDayPtMeterCombo <= 8.436)
",-8.266,-8.266,0.000,0.000,1.000,0,0,0,2,2,0,0,2,0.0,0.0,0.0,0.0,0.0,1.0,-1
"F[0,0]((BldPrDia >= 68.015 & TSH >= 0.584) | BldPrSys >= 0.427)
",-0.427,-0.427,0.000,0.000,1.000,0,0,0,2,2,0,0,2,0.0,0.0,0.0,0.0,0.0,1.0,-1
"F[0,2]((Triglyc >= 41.143 & UnitsInsBasalOrLongAct <= 42.890) -> diagAgeCombo >= 33.263)
",-9999999.000,-9999999.000,0.000,0.000,1.000,0,0,0,2,2,0,0,2,0.0,0.0,0.0,0.0,0.0,1.0,-1
"((bmi <= 30.317) U[0,2] (HbA1cImputeDtMnC >= 0.966))
",-9999999.000,-9999999.000,0.000,0.000,1.000,0,0,0,2,2,0,0,2,0.0,0.0,0.0,0.0,0.0,1.0,-1
"F[2,2](((SMBGperDayPtMeterCombo <= 2.893 & bmi >= 29.303) | bmiZscore >= 29.517) | bmiPerc >= 29.499)
",-29.303,-29.303,0.000,0.000,1.000,0,0,0,2,2,0,0,2,0.0,0.0,0.0,0.0,0.0,1.0,-1
"F[1,1](((GFR <= 76.123 | UnitsInsBasalOrLongAct >= 31.256) | UnitsInsBasalOrLongAct <= 44.674) -> TSH <= 39.830)
",-76.123,-76.123,0.000,0.000,1.000,0,0,0,2,2,0,0,2,0.0,0.0,0.0,0.0,0.0,1.0,-1
"F[0,1](BldPrDia >= 68.780 | bmi >= 30.016)
",-9999999.000,-9999999.000,0.000,0.000,1.000,0,0,0,2,2,0,0,2,0.0,0.0,0.0,0.0,0.0,1.0,-1
"F[1,2]((TotalDailyInsPerKg >= 0.355 -> HDL <= 48.344) | TotalDailyInsPerKg <= 36.863)
",-9999999.000,-9999999.000,0.000,0.000,1.000,0,0,0,2,2,0,0,2,0.0,0.0,0.0,0.0,0.0,1.0,-1
"((HbA1c < 8.163) U[0,2] (Pt_SHFlg = 0.000))
",-9999999.000,-9999999.000,0.000,0.000,1.000,0,0,0,2,2,0,0,2,0.0,0.0,0.0,0.0,0.0,1.0,-1
"((TSH >= 0.155) U[1,1] (Pt_SHFlg = 0.000))
",0.000,0.000,0.000,0.000,1.000,0,0,0,2,2,0,0,2,0.0,0.0,0.0,0.0,0.0,1.0,-1
"((GFR < 82.495) U[0,0] (Pt_SHFlg = 0.000))
",82.387,82.387,0.000,0.000,1.000,0,0,0,2,2,0,0,2,0.0,0.0,0.0,0.0,0.0,1.0,-1
"F[1,2](DirectLDL > 0.092 -> Pt_SHFlg = 0.000)
",-9999999.000,-9999999.000,0.000,0.000,1.000,0,0,0,2,2,0,0,2,0.0,0.0,0.0,0.0,0.0,1.0,-1
"((BGTestAvgNumMeter >= 2.243) U[2,2] (BGTestAvgNumPtRep <= 2.346))
",2.346,2.346,0.000,0.000,1.000,0,0,0,2,2,0,0,2,0.0,0.0,0.0,0.0,0.0,1.0,-1
"F[1,2](HbA1c >= 7.984 -> Pt_A1cGoalLevelDsYr5 = 0.000)
",-9999999.000,-9999999.000,0.000,0.000,1.000,0,0,0,2,2,0,0,2,0.0,0.0,0.0,0.0,0.0,1.0,-1
"((BGTestAvgNumMeter >= 2.308) U[2,2] (BGTestAvgNumPtRep <= 2.970))
",2.970,2.970,0.000,0.000,1.000,0,0,0,2,2,0,0,2,0.0,0.0,0.0,0.0,0.0,1.0,-1
"F[0,2](bmiZscore <= 0.275 & Pt_SHFlg = 0.000)
",-9999999.000,-9999999.000,0.000,0.000,1.000,0,0,0,2,2,0,0,2,0.0,0.0,0.0,0.0,0.0,1.0,-1
"F[1,2]((HbA1cImputeDtMnC <= 13.157 | LDL >= 99.189) & BUN >= 106.538)
",-9999999.000,-9999999.000,0.000,0.000,1.000,0,0,0,2,2,0,0,2,0.0,0.0,0.0,0.0,0.0,1.0,-1
"F[2,2]((HeightCm <= 167.471 | Triglyc >= 38.871) -> HbA1cImputeDtMnC <= 83.589)
",-167.471,-167.471,0.000,0.000,1.000,0,0,0,2,2,0,0,2,0.0,0.0,0.0,0.0,0.0,1.0,-1
"F[1,2](((BUN >= 0.136 & TSH >= 0.644) -> Pt_DKAFlg <= 1.345) -> Pt_GrandparentT1D >= 0.854)
",-9999999.000,-9999999.000,0.000,0.000,1.000,0,0,0,2,2,0,0,2,0.0,0.0,0.0,0.0,0.0,1.0,-1
"F[2,2](((BldPrSys <= 124.360 | BUN >= 1.989) & AutonomicNeuroCl >= 4.996) & HDL <= 10.801)
",-4.996,-4.996,0.000,0.000,1.000,0,0,0,2,2,0,0,2,0.0,0.0,0.0,0.0,0.0,1.0,-1
"F[0,2](BUN >= 3.219 & Pt_SHFlg = 0.000)
",-9999999.000,-9999999.000,0.000,0.000,1.000,0,0,0,2,2,0,0,2,0.0,0.0,0.0,0.0,0.0,1.0,-1
"F[2,2](Pt_A1cGoalLev >= 0.000 & Pt_SHFlg = 0.000)
",0.000,0.000,0.000,0.000,1.000,0,0,0,2,2,0,0,2,0.0,0.0,0.0,0.0,0.0,1.0,-1
"((HbA1c <= 8.432) U[0,1] (Pt_SHFlg = 0.000))
",-9999999.000,-9999999.000,0.000,0.000,1.000,0,0,0,2,2,0,0,2,0.0,0.0,0.0,0.0,0.0,1.0,-1
"((Pt_DKAFlg <= 0.000) U[0,2] (Pt_SHFlg = 0.000))
",-9999999.000,-9999999.000,0.000,0.000,1.000,0,0,0,2,2,0,0,2,0.0,0.0,0.0,0.0,0.0,1.0,-1
"F[0,0](Pt_A1cGoalLevelDsYr5 >= 0.000 -> Pt_SHFlg = 0.000)
",0.000,0.000,0.000,0.000,1.000,0,0,0,2,2,0,0,2,0.0,0.0,0.0,0.0,0.0,1.0,-1
"((Pt_CGMUseNumDays > 0.000) U[0,1] (Pt_SHFlg = 0.000))
",-9999999.000,-9999999.000,0.000,0.000,1.000,0,0,0,2,2,0,0,2,0.0,0.0,0.0,0.0,0.0,1.0,-1
"F[0,2](TSH <= 1.310 & Pt_SHFlg = 0.000)
",-9999999.000,-9999999.000,0.000,0.000,1.000,0,0,0,2,2,0,0,2,0.0,0.0,0.0,0.0,0.0,1.0,-1
"F[1,2](WeightKg < 86.247 & Pt_SHFlg = 0.000)
",-9999999.000,-9999999.000,0.000,0.000,1.000,0,0,0,2,2,0,0,2,0.0,0.0,0.0,0.0,0.0,1.0,-1
"((TSH <= 1.233) U[0,1] (Pt_SHFlg = 0.000))
",-9999999.000,-9999999.000,0.000,0.000,1.000,0,0,0,2,2,0,0,2,0.0,0.0,0.0,0.0,0.0,1.0,-1
"F[0,2](HbA1cImputeDtMnC > 3.470 -> Pt_SHFlg = 0.000)
",-9999999.000,-9999999.000,0.000,0.000,1.000,0,0,0,2,2,0,0,2,0.0,0.0,0.0,0.0,0.0,1.0,-1
"((AutonomicNeuroCl >= 1.000) U[0,2] (Pt_SHFlg = 0.000))
",-9999999.000,-9999999.000,0.000,0.000,1.000,0,0,0,2,2,0,0,2,0.0,0.0,0.0,0.0,0.0,1.0,-1
"F[0,2](HbA1c >= 7.870 -> Pt_A1cGoalLevelDsYr5 = 0.000)
",-9999999.000,-9999999.000,0.000,0.000,1.000,0,0,0,2,2,0,0,2,0.0,0.0,0.0,0.0,0.0,1.0,-1
"((SMBGperDayPtMeterCombo <= 2.385) U[0,0] (Pt_SHFlg = 0.000))
",-0.996,-0.996,0.000,0.000,1.000,0,0,0,2,2,0,0,2,0.0,0.0,0.0,0.0,0.0,1.0,-1
"F[1,1](DirectLDL > 0.307 -> Pt_SHFlg = 0.000)
",0.000,0.000,0.000,0.000,1.000,0,0,0,2,2,0,0,2,0.0,0.0,0.0,0.0,0.0,1.0,-1
"((Pt_ChildT1D >= 0.000) U[2,2] (Pt_SHFlg = 0.000))
",0.000,0.000,0.000,0.000,1.000,0,0,0,2,2,0,0,2,0.0,0.0,0.0,0.0,0.0,1.0,-1
"((BldPrDia <= 85.489) U[0,1] (Pt_SHFlg = 0.000))
",-9999999.000,-9999999.000,0.000,0.000,1.000,0,0,0,2,2,0,0,2,0.0,0.0,0.0,0.0,0.0,1.0,-1
"F[0,2](HbA1cImputeDtMnC >= 11.998 -> Pt_SHFlg = 0.000)
",-9999999.000,-9999999.000,0.000,0.000,1.000,0,0,0,2,2,0,0,2,0.0,0.0,0.0,0.0,0.0,1.0,-1
"F[0,0](TotChol > 60.390 -> Pt_SHFlg = 0.000)
",0.996,0.996,0.000,0.000,1.000,0,0,0,2,2,0,0,2,0.0,0.0,0.0,0.0,0.0,1.0,-1
"F[1,1](HbA1c >= 7.573 -> Pt_A1cGoalLevelDsYr5 = 0.000)
",0.000,0.000,0.000,0.000,1.000,0,0,0,2,2,0,0,2,0.0,0.0,0.0,0.0,0.0,1.0,-1
"((BGTestAvgNumMeter >= 2.279) U[0,2] (BGTestAvgNumPtRep <= 2.026))
",-9999999.000,-9999999.000,0.000,0.000,1.000,0,0,0,2,2,0,0,2,0.0,0.0,0.0,0.0,0.0,1.0,-1
"F[0,1](HbA1c >= 7.574 -> Pt_A1cGoalLevelDsYr5 = 0.000)
",-9999999.000,-9999999.000,0.000,0.000,1.000,0,0,0,2,2,0,0,2,0.0,0.0,0.0,0.0,0.0,1.0,-1
"((BGTestAvgNumMeter >= 2.088) U[0,1] (BGTestAvgNumPtRep <= 2.880))
",-9999999.000,-9999999.000,0.000,0.000,1.000,0,0,0,2,2,0,0,2,0.0,0.0,0.0,0.0,0.0,1.0,-1
"F[1,2](HbA1c >= 7.642 -> Pt_A1cGoalLevelDsYr5 = 0.000)
",-9999999.000,-9999999.000,0.000,0.000,1.000,0,0,0,2,2,0,0,2,0.0,0.0,0.0,0.0,0.0,1.0,-1
"((BGTestAvgNumMeter >= 2.169) U[1,2] (BGTestAvgNumPtRep <= 2.295))
",-9999999.000,-9999999.000,0.000,0.000,1.000,0,0,0,2,2,0,0,2,0.0,0.0,0.0,0.0,0.0,1.0,-1
"F[1,1](HbA1c >= 7.498 -> Pt_A1cGoalLevelDsYr5 = 0.000)
",0.000,0.000,0.000,0.000,1.000,0,0,0,2,2,0,0,2,0.0,0.0,0.0,0.0,0.0,1.0,-1
"((BGTestAvgNumMeter >= 2.182) U[0,2] (BGTestAvgNumPtRep <= 2.960))
",-9999999.000,-9999999.000,0.000,0.000,1.000,0,0,0,2,2,0,0,2,0.0,0.0,0.0,0.0,0.0,1.0,-1
"((Pt_FatherT1D >= 0.000) U[0,2] (WeightKg >= 82.014))
",-9999999.000,-9999999.000,0.000,0.000,1.000,0,0,0,2,2,0,0,2,0.0,0.0,0.0,0.0,0.0,1.0,-1
"F[0,2]((BGTestAvgNumMeter <= 2.400 & TotalDailyInsPerKg <= 0.681) -> Pt_A1cGoalLevelDsYr5 >= 0.293)
",-9999999.000,-9999999.000,0.000,0.000,1.000,0,0,0,2,2,0,0,2,0.0,0.0,0.0,0.0,0.0,1.0,-1
"F[2,2](((Pt_SiblingT1D >= 0.000 -> Pt_MotherT1D >= 0.000) & BldPrDia >= 0.000) | Pt_A1cGoalLevelDsYr5 <= 0.000)
",0.000,0.000,0.000,0.000,1.000,0,0,0,2,2,0,0,2,0.0,0.0,0.0,0.0,0.0,1.0,-1
"G[0,2](age <= 41.594 & Pt_SHFlg = 0.000)
",9999999.000,9999999.000,0.000,1.000,0.000,0,0,1,1,1,1,1,1,0.0,0.0,1.0,0.0,0.0,1.0,1
"G[0,1]((BGTestAvgNumPtRep <= 2.806 & Pt_ChildT1D >= 0.000) & Pt_ChildT1D >= 0.000)
",9999999.000,9999999.000,0.000,1.000,0.000,0,0,0,2,2,0,0,2,0.0,0.0,0.0,0.0,0.0,1.0,1
"G[0,0](((age <= 41.298 | BGTestAvgNumMeter <= 2.891) & HbA1c <= 2.517) & age <= 2.521)
",1.157,1.157,0.000,1.000,0.000,0,0,0,2,2,0,0,2,0.0,0.0,0.0,0.0,0.0,1.0,1
"G[0,2](((AlbCreatRat_mggNew >= 18.454 | BldPrSys <= 124.613) & NumPumpBolusOrShortAct >= 121.024) & UnitsInsBasalOrLongAct >= 119.443)
",9999999.000,9999999.000,0.000,1.000,0.000,0,0,0,2,2,0,0,2,0.0,0.0,0.0,0.0,0.0,1.0,1
"G[0,1](SMBGperDayPtMeterCombo >= 2.018 & BGTestAvgNumPtRep >= 1.819)
",9999999.000,9999999.000,0.000,1.000,0.000,0,0,0,2,2,0,0,2,0.0,0.0,0.0,0.0,0.0,1.0,1
"G[1,2]((HbA1cImputeDtMnC >= 2.980 -> bmiPerc >= 0.000) | Pt_InsGov <= 0.000)
",9999999.000,9999999.000,0.000,1.000,0.000,0,0,2,0,0,2,2,0,0.0,0.0,1.0,0.0,0.0,1.0,1
"G[1,2](((BUN <= 14.624 -> Pt_DKAFlg >= 0.000) | HeightCm <= 0.000) | Pt_GrandchildT1D >= 0.000)
",9999999.000,9999999.000,0.000,1.000,0.000,0,0,2,0,0,2,2,0,0.0,0.0,1.0,0.0,0.0,1.0,1
"G[2,2]((NumPumpBolusOrShortAct >= 0.152 -> Pt_A1cGoalLevelDsYr5 <= 0.000) | HbA1cImputeDtMnC <= 0.000)
",0.000,0.000,0.000,1.000,0.000,0,0,2,0,0,2,2,0,0.0,0.0,1.0,0.0,0.0,1.0,1
"G[0,1](((LDL <= 110.479 -> Pt_ChildT1D <= 0.000) & Pt_FatherT1D <= 0.000) -> DirectLDL <= 0.000)
",9999999.000,9999999.000,0.000,1.000,0.000,0,0,1,1,1,1,1,1,0.0,0.0,1.0,0.0,0.0,1.0,1
"G[0,2]((Pt_GrandparentT1D >= 0.000 & HbA1c >= 7.483) -> Pt_FatherT1D <= 8.466)
",9999999.000,9999999.000,0.000,1.000,0.000,0,0,2,0,0,2,2,0,0.0,0.0,1.0,0.0,0.0,1.0,1
"G[0,2](((AlbCreatRat_mggNew >= 9.858 & WeightKg <= 86.061) | TotChol <= 84.776) | TSH <= 85.136)
",9999999.000,9999999.000,0.000,1.000,0.000,0,0,2,0,0,2,2,0,0.0,0.0,1.0,0.0,0.0,1.0,1
"G[0,1](((TotalDailyInsPerKg >= 0.098 -> HeightCm >= 167.343) -> Pt_DKAFlg <= 167.404) & BUN >= 167.329)
",9999999.000,9999999.000,0.000,1.000,0.000,0,0,0,2,2,0,0,2,0.0,0.0,0.0,0.0,0.0,1.0,1
"G[0,1]((BldPrSys <= 125.493 & Pt_InsGov >= 0.154) -> diagAgeCombo <= 0.338)
",9999999.000,9999999.000,0.000,1.000,0.000,0,0,1,1,1,1,1,1,0.0,0.0,1.0,0.0,0.0,1.0,1
"G[0,2]((DirectLDL >= 0.120 -> TSH <= 0.927) | Pt_GrandparentT1D >= 0.438)
",9999999.000,9999999.000,0.000,1.000,0.000,0,0,1,1,1,1,1,1,0.0,0.0,1.0,0.0,0.0,1.0,1
"G[0,0](SMBGperDayPtMeterCombo >= 2.223 & BGTestAvgNumPtRep >= 1.341)
",1.659,1.659,0.000,1.000,0.000,0,0,0,2,2,0,0,2,0.0,0.0,0.0,0.0,0.0,1.0,1
"G[1,2]((Pt_SHFlg >= 0.000 & LDL >= 97.507) -> Pt_InsGov <= 112.122)
",9999999.000,9999999.000,0.000,1.000,0.000,0,0,2,0,0,2,2,0,0.0,0.0,1.0,0.0,0.0,1.0,1
"G[0,2]((LDL <= 119.584 -> BldPrSys >= 120.886) -> diagAgeCombo <= 126.564)
",9999999.000,9999999.000,0.000,1.000,0.000,0,0,2,0,0,2,2,0,0.0,0.0,1.0,0.0,0.0,1.0,1
"G[0,1](((Pt_FatherT1D >= 0.000 & diabDur >= 10.844) | Pt_A1cGoalLevelDsYr5 >= 10.508) & HDL <= 11.356)
",9999999.000,9999999.000,0.000,1.000,0.000,0,0,0,2,2,0,0,2,0.0,0.0,0.0,0.0,0.0,1.0,1
"G[2,2](GFR <= 79.030 -> BUN >= 7.942)
",-79.030,-79.030,0.000,1.000,0.000,0,0,2,0,0,2,2,0,0.0,0.0,1.0,0.0,0.0,1.0,1
"G[0,0](SMBGperDayPtMeterCombo >= 2.074 & BGTestAvgNumPtRep >= 1.344)
",1.656,1.656,0.000,1.000,0.000,0,0,0,2,2,0,0,2,0.0,0.0,0.0,0.0,0.0,1.0,1
"G[1,2](SMBGperDayPtMeterCombo >= 2.009 & BGTestAvgNumMeter <= 2.334)
",9999999.000,9999999.000,0.000,1.000,0.000,0,0,1,1,1,1,1,1,0.0,0.0,1.0,0.0,0.0,1.0,1
"G[0,2](((bmi <= 30.668 & Pt_InsGov <= 0.484) -> Triglyc >= 0.001) -> bmiPerc >= 0.107)
",9999999.000,9999999.000,0.000,1.000,0.000,0,0,0,2,2,0,0,2,0.0,0.0,0.0,0.0,0.0,1.0,1
"G[2,2](GFR <= 65.890 -> BUN >= 7.463)
",-65.890,-65.890,0.000,1.000,0.000,0,0,2,0,0,2,2,0,0.0,0.0,1.0,0.0,0.0,1.0,1
"G[1,2](((Pt_SiblingT1D <= 0.000 | GFR <= 86.089) | WeightKg <= 85.439) -> BldPrDia >= 17.083)
",9999999.000,9999999.000,0.000,1.000,0.000,0,0,2,0,0,2,2,0,0.0,0.0,1.0,0.0,0.0,1.0,1
"G[0,2](((AlbCreatRat_mggNew >= 17.059 & NumPumpBolusOrShortAct <= 2.333) | Pt_MotherT1D >= 0.549) & Pt_SHFlg <= 2.796)
",9999999.000,9999999.000,0.000,1.000,0.000,0,0,1,1,1,1,1,1,0.0,0.0,1.0,0.0,0.0,1.0,1
"G[0,1](SMBGperDayPtMeterCombo >= 2.081 & BGTestAvgNumPtRep >= 1.733)
",9999999.000,9999999.000,0.000,1.000,0.000,0,0,0,2,2,0,0,2,0.0,0.0,0.0,0.0,0.0,1.0,1
"G[0,0](Pt_ChildT1D < 0.000 & Pt_SHFlg = 0.000)
",-0.996,-0.996,0.000,1.000,0.000,0,0,0,2,2,0,0,2,0.0,0.0,0.0,0.0,0.0,1.0,1
"G[2,2](HeightCm >= 167.391 | Pt_SHFlg <= 0.000)
",0.000,0.000,0.000,1.000,0.000,0,0,2,0,0,2,2,0,0.0,0.0,1.0,0.0,0.0,1.0,1
"G[0,1](SMBGperDayPtMeterCombo >= 2.099 & BGTestAvgNumPtRep >= 1.634)
",9999999.000,9999999.000,0.000,1.000,0.000,0,0,0,2,2,0,0,2,0.0,0.0,0.0,0.0,0.0,1.0,1
"G[1,2](TotalDailyInsPerKg >= 0.112 -> TotChol <= 129.819)
",9999999.000,9999999.000,0.000,1.000,0.000,0,0,2,0,0,2,2,0,0.0,0.0,1.0,0.0,0.0,1.0,1
"G[0,2]((BUN <= 12.231 | TotChol <= 147.575) | Pt_InsGov >= 77.946)
",9999999.000,9999999.000,0.000,1.000,0.000,0,0,2,0,0,2,2,0,0.0,0.0,1.0,0.0,0.0,1.0,1
"G[0,2](Pt_InsGov <= 0.505 | WeightKg >= 82.057)
",9999999.000,9999999.000,0.000,1.000,0.000,0,0,1,1,1,1,1,1,0.0,0.0,1.0,0.0,0.0,1.0,1
"G[2,2]((diagAgeCombo >= 8.318 -> UnitsInsBasalOrLongAct <= 37.128) & Pt_CGMUseNumDays >= 33.848)
",-37.128,-37.128,0.000,1.000,0.000,0,0,2,0,0,2,2,0,0.0,0.0,1.0,0.0,0.0,1.0,1
"G[1,2](((LDL <= 111.449 & TotalDailyInsPerKg >= 0.312) & AutonomicNeuroCl >= 0.020) -> Triglyc <= 0.611)
",9999999.000,9999999.000,0.000,1.000,0.000,0,0,2,0,0,2,2,0,0.0,0.0,1.0,0.0,0.0,1.0,1
"G[0,2](((bmi >= 29.844 & NumPumpBolusOrShortAct <= 2.283) & AutonomicNeuroCl <= 2.985) & BUN >= 0.705)
",9999999.000,9999999.000,0.000,1.000,0.000,0,0,0,2,2,0,0,2,0.0,0.0,0.0,0.0,0.0,1.0,1
"G[1,2](diabDur >= 10.539 & LDL >= 103.594)
",9999999.000,9999999.000,0.000,1.000,0.000,0,0,2,0,0,2,2,0,0.0,0.0,1.0,0.0,0.0,1.0,1
"G[0,1](bmiZscore >= 0.179 | DirectLDL >= 0.042)
",9999999.000,9999999.000,0.000,1.000,0.000,0,0,1,1,1,1,1,1,0.0,0.0,1.0,0.0,0.0,1.0,1
"G[0,1](bmi >= 29.631 | DirectLDL >= 0.333)
",9999999.000,9999999.000,0.000,1.000,0.000,0,0,1,1,1,1,1,1,0.0,0.0,1.0,0.0,0.0,1.0,1
"G[1,2](((DirectLDL <= 0.959 & WeightKg <= 84.953) & bmiPerc <= 85.366) | DirectLDL >= 82.917)
",9999999.000,9999999.000,0.000,1.000,0.000,0,0,1,1,1,1,1,1,0.0,0.0,1.0,0.0,0.0,1.0,1
"G[0,2]((BUN <= 18.002 | HbA1cImputeDtMnC >= 5.062) | HeightCm <= 14.031)
",9999999.000,9999999.000,0.000,1.000,0.000,0,0,2,0,0,2,2,0,0.0,0.0,1.0,0.0,0.0,1.0,1
"G[2,2]((AlbCreatRat_mggNew <= 23.734 -> Triglyc <= 81.678) & UnitsInsBasalOrLongAct >= 5.194)
",-81.678,-81.678,0.000,1.000,0.000,0,0,2,0,0,2,2,0,0.0,0.0,1.0,0.0,0.0,1.0,1
"G[0,2](((DirectLDL <= 0.716 & TotalDailyInsPerKg >= 0.469) | Pt_GrandchildT1D <= 0.663) | BGTestAvgNumMeter >= 0.121)
",9999999.000,9999999.000,0.000,1.000,0.000,0,0,2,0,0,2,2,0,0.0,0.0,1.0,0.0,0.0,1.0,1
"G[1,2](((bmi >= 29.367 -> UnitsInsBasalOrLongAct >= 34.551) -> diabDur >= 30.801) | bmiZscore >= 35.305)
",9999999.000,9999999.000,0.000,1.000,0.000,0,0,2,0,0,2,2,0,0.0,0.0,1.0,0.0,0.0,1.0,1
"G[1,2](NumPumpBolusOrShortAct >= 1.118 -> TotalDailyInsPerKg <= 0.733)
",9999999.000,9999999.000,0.000,1.000,0.000,0,0,2,0,0,2,2,0,0.0,0.0,1.0,0.0,0.0,1.0,1
"G[0,1](((BldPrSys <= 124.713 -> bmiZscore <= 0.321) -> AutonomicNeuroCl >= 0.112) -> BGTestAvgNumPtRep >= 0.167)
",9999999.000,9999999.000,0.000,1.000,0.000,0,0,1,1,1,1,1,1,0.0,0.0,1.0,0.0,0.0,1.0,1
"G[2,2]((HbA1c <= 8.269 -> TSH <= 1.225) & diagAgeCombo <= 1.045)
",-8.269,-8.269,0.000,1.000,0.000,0,0,2,0,0,2,2,0,0.0,0.0,1.0,0.0,0.0,1.0,1
"G[0,2]((BGTestAvgNumPtRep >= 0.713 -> GFR >= 1.735) | HDL <= 84.431)
",9999999.000,9999999.000,0.000,1.000,0.000,0,0,2,0,0,2,2,0,0.0,0.0,1.0,0.0,0.0,1.0,1
"G[0,2](((HbA1c <= 8.562 & TotChol <= 129.645) | AlbCreatRat_mggNew >= 15.957) | Pt_A1cGoalLev <= 172.139)
",9999999.000,9999999.000,0.000,1.000,0.000,0,0,2,0,0,2,2,0,0.0,0.0,1.0,0.0,0.0,1.0,1
"G[1,2](((HbA1cImputeDtMnC <= 22.567 & HeightCm >= 167.397) | Pt_SHFlg >= 167.382) & diabDur >= 167.329)
",9999999.000,9999999.000,0.000,1.000,0.000,0,0,1,1,1,1,1,1,0.0,0.0,1.0,0.0,0.0,1.0,1
"G[1,1](DirectLDL <= 0.500 & Triglyc <= 92.298)
",0.500,0.500,0.000,1.000,0.000,0,0,1,1,1,1,1,1,0.0,0.0,1.0,0.0,0.0,1.0,1
"G[0,1](((SMBGperDayPtMeterCombo <= 2.414 | TotalDailyInsPerKg <= 0.783) & diabDur <= 0.735) & LDL <= 0.504)
",9999999.000,9999999.000,0.000,1.000,0.000,0,0,0,2,2,0,0,2,0.0,0.0,0.0,0.0,0.0,1.0,1
"G[0,2](((GFR <= 75.834 & Triglyc >= 19.754) & NumPumpBolusOrShortAct >= 36.016) -> Triglyc <= 72.291)
",9999999.000,9999999.000,0.000,1.000,0.000,0,0,2,0,0,2,2,0,0.0,0.0,1.0,0.0,0.0,1.0,1
"G[0,2](NumPumpBolusOrShortAct >= 0.247 -> Triglyc <= 91.866)
",9999999.000,9999999.000,0.000,1.000,0.000,0,0,2,0,0,2,2,0,0.0,0.0,1.0,0.0,0.0,1.0,1
"G[0,2](((HDL >= 5.323 | TotalDailyInsPerKg >= 0.443) -> HDL <= 0.681) | Pt_DKAFlg >= 0.341)
",9999999.000,9999999.000,0.000,1.000,0.000,0,0,0,2,2,0,0,2,0.0,0.0,0.0,0.0,0.0,1.0,1
"G[2,2](AlbCreatRat_mggNew <= 27.667 -> WeightKg >= 82.957)
",-27.667,-27.667,0.000,1.000,0.000,0,0,2,0,0,2,2,0,0.0,0.0,1.0,0.0,0.0,1.0,1
"G[1,2](((Pt_A1cGoalLevelDsYr5 >= 0.000 -> HbA1cImputeDtMnC >= 7.796) -> AutonomicNeuroCl <= 13.908) | Pt_SiblingT1D >= 6.585)
",9999999.000,9999999.000,0.000,1.000,0.000,0,0,2,0,0,2,2,0,0.0,0.0,1.0,0.0,0.0,1.0,1
"G[1,2](GFR <= 81.711 -> BUN >= 2.912)
",9999999.000,9999999.000,0.000,1.000,0.000,0,0,2,0,0,2,2,0,0.0,0.0,1.0,0.0,0.0,1.0,1
"F[1,2](((WeightKg <= 84.779 -> Pt_A1cGoalLevelDsYr5 >= 0.000) -> HbA1cImputeDtMnC <= 0.000) & diabDur >= 0.000)
",-9999999.000,-9999999.000,0.000,0.000,1.000,0,0,0,2,2,0,0,2,0.0,0.0,0.0,0.0,0.0,1.0,-1
"G[1,2](((NumPumpBolusOrShortAct <= 2.619 -> Pt_MotherT1D >= 0.000) | TotChol >= 0.000) & diagAgeCombo <= 0.000)
",9999999.000,9999999.000,0.000,1.000,0.000,0,0,2,0,0,2,2,0,0.0,0.0,1.0,0.0,0.0,1.0,1
"G[1,2](((Triglyc <= 74.142 -> Pt_DKAFlg <= 0.000) -> BGTestAvgNumMeter >= 0.000) & WeightKg >= 0.000)
",9999999.000,9999999.000,0.000,1.000,0.000,0,0,2,0,0,2,2,0,0.0,0.0,1.0,0.0,0.0,1.0,1
"G[0,0](TSH >= 0.569 & TotalDailyInsPerKg <= 0.535)
",-9.465,-9.465,0.000,1.000,0.000,0,0,0,2,2,0,0,2,0.0,0.0,0.0,0.0,0.0,1.0,1
"G[2,2]((SMBGperDayPtMeterCombo <= 2.917 | HbA1cImputeDtMnC >= 1.463) -> HbA1cImputeDtMnC <= 16.361)
",-16.361,-16.361,0.000,1.000,0.000,0,0,2,0,0,2,2,0,0.0,0.0,1.0,0.0,0.0,1.0,1
"G[0,2](((AutonomicNeuroCl <= 1.000 | NumPumpBolusOrShortAct >= 0.483) -> DirectLDL <= 2.800) & Pt_CGMUseNumDays <= 2.675)
",9999999.000,9999999.000,0.000,1.000,0.000,0,0,2,0,0,2,2,0,0.0,0.0,1.0,0.0,0.0,1.0,1
"G[1,2]((bmi <= 30.560 | Pt_MotherT1D >= 0.000) & Pt_GrandchildT1D >= 0.000)
",9999999.000,9999999.000,0.000,1.000,0.000,0,0,2,0,0,2,2,0,0.0,0.0,1.0,0.0,0.0,1.0,1
"G[0,1]((HbA1c <= 8.405 & Pt_SHFlg >= 0.000) & BGTestAvgNumMeter <= 0.000)
",9999999.000,9999999.000,0.000,1.000,0.000,0,0,0,2,2,0,0,2,0.0,0.0,0.0,0.0,0.0,1.0,1
"G[1,2](Pt_SHFlg > 0.000 & Pt_SHFlg = 0.000)
",9999999.000,9999999.000,0.000,1.000,0.000,0,0,1,1,1,1,1,1,0.0,0.0,1.0,0.0,0.0,1.0,1
"G[0,2](((bmiPerc >= 0.000 -> DirectLDL <= 0.650) & WeightKg >= 0.119) -> GFR <= 0.826)
",9999999.000,9999999.000,0.000,1.000,0.000,0,0,1,1,1,1,1,1,0.0,0.0,1.0,0.0,0.0,1.0,1
"G[1,2]((Pt_MotherT1D <= 0.000 & AlbCreatRat_mggNew >= 11.261) -> HeightCm <= 24.235)
",9999999.000,9999999.000,0.000,1.000,0.000,0,0,1,1,1,1,1,1,0.0,0.0,1.0,0.0,0.0,1.0,1
"G[1,2](((SMBGperDayPtMeterCombo >= 2.171 & bmi <= 30.677) & Pt_DKAFlg >= 30.013) | Pt_MotherT1D <= 30.375)
",9999999.000,9999999.000,0.000,1.000,0.000,0,0,2,0,0,2,2,0,0.0,0.0,1.0,0.0,0.0,1.0,1
"G[0,2](((LDL >= 102.085 -> Pt_SiblingT1D >= 0.000) | Pt_GrandparentT1D <= 0.000) | Pt_CGMUseNumDays >= 0.000)
",9999999.000,9999999.000,0.000,1.000,0.000,0,0,2,0,0,2,2,0,0.0,0.0,1.0,0.0,0.0,1.0,1
"G[0,2](GFR <= 60.165 -> BUN >= 3.993)
",9999999.000,9999999.000,0.000,1.000,0.000,0,0,1,1,1,1,1,1,0.0,0.0,1.0,0.0,0.0,1.0,1
"G[0,1](Triglyc >= 14.217 & Pt_A1cGoalLevelDsYr5 <= 0.000)
",9999999.000,9999999.000,0.000,1.000,0.000,0,0,1,1,1,1,1,1,0.0,0.0,1.0,0.0,0.0,1.0,1
"G[0,1](WeightKg >= 82.307 & Pt_SHFlg = 0.000)
",9999999.000,9999999.000,0.000,1.000,0.000,0,0,1,1,1,1,1,1,0.0,0.0,1.0,0.0,0.0,1.0,1
"G[0,2](((HeightCm >= 167.391 & Triglyc >= 0.928) | TSH >= 23.525) | Pt_FatherT1D >= 4.477)
",9999999.000,9999999.000,0.000,1.000,0.000,0,0,1,1,1,1,1,1,0.0,0.0,1.0,0.0,0.0,1.0,1
"G[0,2]((WeightKg >= 83.984 | bmi >= 29.986) -> UnitsInsBasalOrLongAct <= 41.767)
",9999999.000,9999999.000,0.000,1.000,0.000,0,0,1,1,1,1,1,1,0.0,0.0,1.0,0.0,0.0,1.0,1
"G[1,2]((Pt_SiblingT1D >= 0.000 -> Pt_GrandchildT1D <= 0.000) & HbA1cImputeDtMnC <= 0.000)
",9999999.000,9999999.000,0.000,1.000,0.000,0,0,1,1,1,1,1,1,0.0,0.0,1.0,0.0,0.0,1.0,1
"G[1,2]((BldPrSys <= 121.971 | GFR >= 55.879) | AlbCreatRat_mggNew >= 10.598)
",9999999.000,9999999.000,0.000,1.000,0.000,0,0,2,0,0,2,2,0,0.0,0.0,1.0,0.0,0.0,1.0,1
"G[0,1](TSH <= 1.124 | Triglyc <= 71.459)
",9999999.000,9999999.000,0.000,1.000,0.000,0,0,1,1,1,1,1,1,0.0,0.0,1.0,0.0,0.0,1.0,1
"G[1,2](HbA1cImputeDtMnC >= 11.540 -> HeightCm <= 167.400)
",9999999.000,9999999.000,0.000,1.000,0.000,0,0,1,1,1,1,1,1,0.0,0.0,1.0,0.0,0.0,1.0,1
"G[1,2]((UnitsInsBasalOrLongAct <= 37.366 -> Pt_InsGov >= 0.210) & diagAgeCombo >= 0.215)
",9999999.000,9999999.000,0.000,1.000,0.000,0,0,1,1,1,1,1,1,0.0,0.0,1.0,0.0,0.0,1.0,1
"G[0,1]((diagAgeCombo <= 20.811 -> Pt_DKAFlg >= 0.000) & BGTestAvgNumMeter <= 0.000)
",9999999.000,9999999.000,0.000,1.000,0.000,0,0,0,2,2,0,0,2,0.0,0.0,0.0,0.0,0.0,1.0,1
"G[0,2](((bmiZscore >= 0.175 -> diagAgeCombo >= 5.628) -> Pt_MotherT1D <= 23.600) | AlbCreatRat_mggNew <= 15.764)
",9999999.000,9999999.000,0.000,1.000,0.000,0,0,2,0,0,2,2,0,0.0,0.0,1.0,0.0,0.0,1.0,1
"G[0,1](SMBGperDayPtMeterCombo >= 2.285 & BGTestAvgNumPtRep >= 1.531)
",9999999.000,9999999.000,0.000,1.000,0.000,0,0,0,2,2,0,0,2,0.0,0.0,0.0,0.0,0.0,1.0,1
"G[2,2](((SMBGperDayPtMeterCombo >= 2.192 -> Pt_GrandchildT1D >= 0.000) | Pt_A1cGoalLevelDsYr5 >= 0.000) -> UnitsInsBasalOrLongAct <= 0.000)
",0.000,0.000,0.000,1.000,0.000,0,0,2,0,0,2,2,0,0.0,0.0,1.0,0.0,0.0,1.0,1
"G[0,2](((NumPumpBolusOrShortAct >= 0.581 & TotChol >= 91.954) | BGTestAvgNumMeter >= 36.092) | Pt_A1cGoalLevelDsYr5 >= 37.538)
",9999999.000,9999999.000,0.000,1.000,0.000,0,0,0,2,2,0,0,2,0.0,0.0,0.0,0.0,0.0,1.0,1
"G[1,1](Pt_InsGov <= 0.795 & LDL <= 109.890)
",0.795,0.795,0.000,1.000,0.000,0,0,1,1,1,1,1,1,0.0,0.0,1.0,0.0,0.0,1.0,1
"G[2,2]((WeightKg >= 84.482 | bmi >= 29.164) -> UnitsInsBasalOrLongAct <= 36.631)
",-36.631,-36.631,0.000,1.000,0.000,0,0,2,0,0,2,2,0,0.0,0.0,1.0,0.0,0.0,1.0,1
"G[0,2](GFR <= 87.448 -> BUN >= 8.196)
",9999999.000,9999999.000,0.000,1.000,0.000,0,0,1,1,1,1,1,1,0.0,0.0,1.0,0.0,0.0,1.0,1
"G[1,2]((Pt_GrandparentT1D <= 0.000 | Pt_CGMUseNumDays <= 0.000) & HbA1cImputeDtMnC <= 0.000)
",9999999.000,9999999.000,0.000,1.000,0.000,0,0,1,1,1,1,1,1,0.0,0.0,1.0,0.0,0.0,1.0,1
"G[0,2](Pt_CGMUseNumDays <= 0.000 | TotChol >= 93.758)
",9999999.000,9999999.000,0.000,1.000,0.000,0,0,2,0,0,2,2,0,0.0,0.0,1.0,0.0,0.0,1.0,1
"G[0,1]((WeightKg >= 83.284 | Pt_ChildT1D >= 0.000) -> HeightCm <= 0.000)
",9999999.000,9999999.000,0.000,1.000,0.000,0,0,0,2,2,0,0,2,0.0,0.0,0.0,0.0,0.0,1.0,1
"G[1,1]((TotalDailyInsPerKg <= 0.530 & BUN >= 3.048) & Pt_InsGov >= 7.487)
",-7.487,-7.487,0.000,1.000,0.000,0,0,1,1,1,1,1,1,0.0,0.0,1.0,0.0,0.0,1.0,1
"G[2,2](UnitsInsBasalOrLongAct <= 44.989 -> Triglyc <= 71.507)
",-71.507,-71.507,0.000,1.000,0.000,0,0,2,0,0,2,2,0,0.0,0.0,1.0,0.0,0.0,1.0,1
"G[1,1]((bmi >= 29.197 -> diagAgeCombo >= 9.271) & Triglyc <= 10.656)
",9.271,9.271,0.000,1.000,0.000,0,0,1,1,1,1,1,1,0.0,0.0,1.0,0.0,0.0,1.0,1
"G[1,2](SMBGperDayPtMeterCombo >= 2.124 & BGTestAvgNumPtRep >= 1.328)
",9999999.000,9999999.000,0.000,1.000,0.000,0,0,1,1,1,1,1,1,0.0,0.0,1.0,0.0,0.0,1.0,1
"G[1,2](GFR <= 89.529 -> BUN >= 3.191)
",9999999.000,9999999.000,0.000,1.000,0.000,0,0,2,0,0,2,2,0,0.0,0.0,1.0,0.0,0.0,1.0,1
"G[0,2](HeightCm >= 167.395 | HbA1c >= 7.650)
",9999999.000,9999999.000,0.000,1.000,0.000,0,0,1,1,1,1,1,1,0.0,0.0,1.0,0.0,0.0,1.0,1
"G[1,2]((WeightKg >= 82.481 | bmi >= 29.946) -> UnitsInsBasalOrLongAct <= 38.329)
",9999999.000,9999999.000,0.000,1.000,0.000,0,0,2,0,0,2,2,0,0.0,0.0,1.0,0.0,0.0,1.0,1
"G[0,2](((UnitsInsBasalOrLongAct >= 32.093 & WeightKg >= 82.458) | SMBGperDayPtMeterCombo <= 84.939) | age <= 85.763)
",9999999.000,9999999.000,0.000,1.000,0.000,0,0,2,0,0,2,2,0,0.0,0.0,1.0,0.0,0.0,1.0,1
"G[0,2](SMBGperDayPtMeterCombo >= 2.061 & BGTestAvgNumPtRep >= 1.210)
",9999999.000,9999999.000,0.000,1.000,0.000,0,0,0,2,2,0,0,2,0.0,0.0,0.0,0.0,0.0,1.0,1
"G[0,2]((TSH <= 1.104 | Pt_GrandchildT1D <= 0.000) & WeightKg <= 0.000)
",9999999.000,9999999.000,0.000,1.000,0.000,0,0,0,2,2,0,0,2,0.0,0.0,0.0,0.0,0.0,1.0,1
"G[0,2](((BldPrDia <= 80.034 & bmiPerc >= 0.000) & BldPrDia <= 0.000) -> WeightKg <= 0.000)
",9999999.000,9999999.000,0.000,1.000,0.000,0,0,2,0,0,2,2,0,0.0,0.0,1.0,0.0,0.0,1.0,1
"G[1,1]((TSH >= 0.112 & BUN >= 1.095) & Pt_GrandchildT1D >= 6.499)
",-6.499,-6.499,0.000,1.000,0.000,0,0,1,1,1,1,1,1,0.0,0.0,1.0,0.0,0.0,1.0,1
"G[0,2](bmiPerc >= 0.000 | BGTestAvgNumPtRep >= 0.814)
",9999999.000,9999999.000,0.000,1.000,0.000,0,0,2,0,0,2,2,0,0.0,0.0,1.0,0.0,0.0,1.0,1
"G[2,2]((Pt_MotherT1D <= 0.000 | Pt_GrandparentT1D >= 0.000) -> WeightKg <= 0.000)
",0.000,0.000,0.000,1.000,0.000,0,0,2,0,0,2,2,0,0.0,0.0,1.0,0.0,0.0,1.0,1
"G[1,2]((WeightKg >= 82.904 | bmi >= 29.799) -> UnitsInsBasalOrLongAct <= 44.715)
",9999999.000,9999999.000,0.000,1.000,0.000,0,0,2,0,0,2,2,0,0.0,0.0,1.0,0.0,0.0,1.0,1
"G[0,2](((bmiPerc >= 0.000 | TSH >= 0.350) | Triglyc <= 0.926) | diagAgeCombo <= 1.049)
",9999999.000,9999999.000,0.000,1.000,0.000,0,0,2,0,0,2,2,0,0.0,0.0,1.0,0.0,0.0,1.0,1
"G[0,2]((Pt_FatherT1D <= 0.000 & TotChol >= 45.104) | Pt_InsGov <= 177.330)
",9999999.000,9999999.000,0.000,1.000,0.000,0,0,2,0,0,2,2,0,0.0,0.0,1.0,0.0,0.0,1.0,1
"G[0,1]((Pt_MotherT1D >= 0.000 & BGTestAvgNumMeter <= 2.879) -> BGTestAvgNumMeter >= 2.143)
",9999999.000,9999999.000,0.000,1.000,0.000,0,0,0,2,2,0,0,2,0.0,0.0,0.0,0.0,0.0,1.0,1
"G[2,2]((bmi >= 29.232 | TotalDailyInsPerKg >= 0.159) & BldPrSys <= 0.753)
",-0.159,-0.159,0.000,1.000,0.000,0,0,2,0,0,2,2,0,0.0,0.0,1.0,0.0,0.0,1.0,1
"G[1,2](SMBGperDayPtMeterCombo >= 2.268 & BGTestAvgNumPtRep >= 1.900)
",9999999.000,9999999.000,0.000,1.000,0.000,0,0,1,1,1,1,1,1,0.0,0.0,1.0,0.0,0.0,1.0,1
"G[1,2](((GFR <= 74.462 -> bmi >= 29.573) & HDL >= 29.285) -> Pt_GrandparentT1D >= 29.782)
",9999999.000,9999999.000,0.000,1.000,0.000,0,0,2,0,0,2,2,0,0.0,0.0,1.0,0.0,0.0,1.0,1
"G[1,2](((BGTestAvgNumPtRep >= 0.119 & bmi <= 30.669) -> Pt_GrandparentT1D >= 29.484) & TSH <= 30.336)
",9999999.000,9999999.000,0.000,1.000,0.000,0,0,1,1,1,1,1,1,0.0,0.0,1.0,0.0,0.0,1.0,1
"G[0,1](((BUN <= 13.090 & DirectLDL >= 0.051) & Pt_A1cGoalLevelDsYr5 >= 0.122) & Pt_InsGov <= 0.738)
",9999999.000,9999999.000,0.000,1.000,0.000,0,0,0,2,2,0,0,2,0.0,0.0,0.0,0.0,0.0,1.0,1
"G[1,1](BldPrDia <= 80.652 -> SMBGperDayPtMeterCombo >= 2.088)
",-80.652,-80.652,0.000,1.000,0.000,0,0,1,1,1,1,1,1,0.0,0.0,1.0,0.0,0.0,1.0,1
"G[1,2](HbA1c >= 7.393 | HeightCm <= 167.454)
",9999999.000,9999999.000,0.000,1.000,0.000,0,0,2,0,0,2,2,0,0.0,0.0,1.0,0.0,0.0,1.0,1
"F[1,2](((Pt_A1cGoalLev <= 0.000 -> HeightCm >= 167.373) & AutonomicNeuroCl >= 167.318) & NumPumpBolusOrShortAct >= 167.335)
",-9999999.000,-9999999.000,0.000,0.000,1.000,0,0,0,2,2,0,0,2,0.0,0.0,0.0,0.0,0.0,1.0,-1
"F[0,2]((AlbCreatRat_mggNew <= 24.100 | Pt_GrandchildT1D <= 0.000) & UnitsInsBasalOrLongAct <= 0.000)
",-9999999.000,-9999999.000,0.000,0.000,1.000,0,0,0,2,2,0,0,2,0.0,0.0,0.0,0.0,0.0,1.0,-1
"F[0,2](((bmiPerc >= 0.000 -> bmi <= 30.228) | Pt_GrandchildT1D >= 29.928) | HDL <= 30.327)
",-9999999.000,-9999999.000,0.000,0.000,1.000,0,0,0,2,2,0,0,2,0.0,0.0,0.0,0.0,0.0,1.0,-1
"F[0,1](NumPumpBolusOrShortAct >= 0.542 & Pt_GrandchildT1D >= 0.000)
",-9999999.000,-9999999.000,0.000,0.000,1.000,0,0,0,2,2,0,0,2,0.0,0.0,0.0,0.0,0.0,1.0,-1
"F[0,1](bmi <= 30.608 | Pt_GrandparentT1D <= 0.000)
",-9999999.000,-9999999.000,0.000,0.000,1.000,0,0,0,2,2,0,0,2,0.0,0.0,0.0,0.0,0.0,1.0,-1
"F[0,1](((UnitsInsBasalOrLongAct >= 35.410 | bmiZscore <= 0.311) | BldPrDia <= 0.305) -> HbA1c >= 0.143)
",-9999999.000,-9999999.000,0.000,0.000,1.000,0,0,0,2,2,0,0,2,0.0,0.0,0.0,0.0,0.0,1.0,-1
"F[2,2](((Pt_A1cGoalLev >= 0.000 -> BGTestAvgNumPtRep >= 0.108) & Pt_FatherT1D >= 0.367) | HbA1c <= 2.010)
",2.010,2.010,0.000,0.000,1.000,0,0,0,2,2,0,0,2,0.0,0.0,0.0,0.0,0.0,1.0,-1
"F[1,1]((bmiZscore <= 0.317 -> Pt_ChildT1D <= 0.000) & BGTestAvgNumPtRep >= 0.000)
",-0.317,-0.317,0.000,0.000,1.000,0,0,0,2,2,0,0,2,0.0,0.0,0.0,0.0,0.0,1.0,-1
"((Triglyc <= 70.212) U[0,1] (Pt_CGMUseNumDays <= 0.000))
",-9999999.000,-9999999.000,0.000,0.000,1.000,0,0,0,2,2,0,0,2,0.0,0.0,0.0,0.0,0.0,1.0,-1
"F[1,2](BldPrDia >= 72.954 | Pt_CGMUseNumDays >= 0.000)
",-9999999.000,-9999999.000,0.000,0.000,1.000,0,0,0,2,2,0,0,2,0.0,0.0,0.0,0.0,0.0,1.0,-1
"((HeightCm <= 167.465) U[0,2] (LDL <= 119.364))
",-9999999.000,-9999999.000,0.000,0.000,1.000,0,0,0,2,2,0,0,2,0.0,0.0,0.0,0.0,0.0,1.0,-1
"F[0,1]((diabDur >= 10.154 | Pt_SiblingT1D <= 0.000) & Pt_SHFlg <= 0.000)
",-9999999.000,-9999999.000,0.000,0.000,1.000,0,0,0,2,2,0,0,2,0.0,0.0,0.0,0.0,0.0,1.0,-1
"((bmiPerc >= 0.000) U[0,2] (BGTestAvgNumPtRep <= 2.244))
",-9999999.000,-9999999.000,0.000,0.000,1.000,0,0,0,2,2,0,0,2,0.0,0.0,0.0,0.0,0.0,1.0,-1
"F[0,1](((Pt_CGMUseNumDays >= 0.000 | TSH <= 0.909) -> HbA1cImputeDtMnC <= 1.307) & BldPrDia >= 0.167)
",-9999999.000,-9999999.000,0.000,0.000,1.000,0,0,0,2,2,0,0,2,0.0,0.0,0.0,0.0,0.0,1.0,-1
"F[0,1](((diagAgeCombo <= 17.454 & Pt_DKAFlg <= 0.000) -> Triglyc <= 0.000) | BldPrSys <= 0.000)
",-9999999.000,-9999999.000,0.000,0.000,1.000,0,0,0,2,2,0,0,2,0.0,0.0,0.0,0.0,0.0,1.0,-1
"F[1,2](AlbCreatRat_mggNew <= 25.378 & diagAgeCombo <= 13.089)
",-9999999.000,-9999999.000,0.000,0.000,1.000,0,0,0,2,2,0,0,2,0.0,0.0,0.0,0.0,0.0,1.0,-1
"F[0,1](((Pt_InsGov <= 0.591 -> Pt_SHFlg <= 0.000) | TSH >= 0.000) | BldPrSys <= 0.000)
",-9999999.000,-9999999.000,0.000,0.000,1.000,0,0,0,2,2,0,0,2,0.0,0.0,0.0,0.0,0.0,1.0,-1
"F[1,2]((DirectLDL <= 0.381 -> HDL <= 41.149) -> WeightKg <= 43.942)
",-9999999.000,-9999999.000,0.000,0.000,1.000,0,0,0,2,2,0,0,2,0.0,0.0,0.0,0.0,0.0,1.0,-1
"F[0,1](((Pt_ChildT1D <= 0.000 -> BGTestAvgNumMeter <= 2.406) & age >= 2.219) -> Pt_DKAFlg <= 2.655)
",-9999999.000,-9999999.000,0.000,0.000,1.000,0,0,0,2,2,0,0,2,0.0,0.0,0.0,0.0,0.0,1.0,-1
"G[1,1](SMBGperDayPtMeterCombo >= 2.035 & BGTestAvgNumPtRep >= 0.318)
",-2.035,-2.035,0.000,1.000,0.000,0,0,1,1,1,1,1,1,0.0,0.0,1.0,0.0,0.0,1.0,1
"G[0,2](Pt_InsGov <= 0.992 -> TotalDailyInsPerKg <= 0.688)
",9999999.000,9999999.000,0.000,1.000,0.000,0,0,1,1,1,1,1,1,0.0,0.0,1.0,0.0,0.0,1.0,1
"G[0,2](((age >= 40.685 | Pt_A1cGoalLevelDsYr5 <= 0.000) & TotalDailyInsPerKg <= 0.000) -> bmi <= 0.000)
",9999999.000,9999999.000,0.000,1.000,0.000,0,0,1,1,1,1,1,1,0.0,0.0,1.0,0.0,0.0,1.0,1
"G[0,1](((Pt_ChildT1D <= 0.000 & TotalDailyInsPerKg <= 0.769) & AlbCreatRat_mggNew >= 0.237) & BGTestAvgNumPtRep <= 0.782)
",9999999.000,9999999.000,0.000,1.000,0.000,0,0,0,2,2,0,0,2,0.0,0.0,0.0,0.0,0.0,1.0,1
"G[2,2]((GFR <= 89.523 | AlbCreatRat_mggNew >= 22.715) -> TSH >= 18.796)
",-89.523,-89.523,0.000,1.000,0.000,0,0,2,0,0,2,2,0,0.0,0.0,1.0,0.0,0.0,1.0,1
"G[0,2]((age >= 40.897 -> DirectLDL >= 0.293) | TotChol >= 0.160)
",9999999.000,9999999.000,0.000,1.000,0.000,0,0,2,0,0,2,2,0,0.0,0.0,1.0,0.0,0.0,1.0,1
"G[1,2]((bmiZscore <= 0.334 | Pt_GrandchildT1D <= 0.000) -> Pt_InsGov <= 0.000)
",9999999.000,9999999.000,0.000,1.000,0.000,0,0,2,0,0,2,2,0,0.0,0.0,1.0,0.0,0.0,1.0,1
"F[0,2](((diagAgeCombo <= 17.108 | BldPrSys >= 120.052) -> AutonomicNeuroCl >= 120.130) | NumPumpBolusOrShortAct >= 118.500)
",-9999999.000,-9999999.000,0.000,0.000,1.000,0,0,0,2,2,0,0,2,0.0,0.0,0.0,0.0,0.0,1.0,-1
"F[0,2](Pt_A1cGoalLevelDsYr5 <= 0.000 & WeightKg <= 86.222)
",-9999999.000,-9999999.000,0.000,0.000,1.000,0,0,0,2,2,0,0,2,0.0,0.0,0.0,0.0,0.0,1.0,-1
"G[0,2](diagAgeCombo >= 6.115 | HbA1cImputeDtMnC <= 15.236)
",9999999.000,9999999.000,0.000,1.000,0.000,0,0,1,1,1,1,1,1,0.0,0.0,1.0,0.0,0.0,1.0,1
"F[0,2](((TotChol >= 25.569 -> age <= 41.769) | Pt_InsGov >= 40.366) & LDL >= 40.951)
",-9999999.000,-9999999.000,0.000,0.000,1.000,0,0,0,2,2,0,0,2,0.0,0.0,0.0,0.0,0.0,1.0,-1
"F[1,2](((HbA1c <= 8.389 | BGTestAvgNumPtRep >= 1.419) & Pt_A1cGoalLev <= 2.140) | Triglyc >= 0.927)
",-9999999.000,-9999999.000,0.000,0.000,1.000,0,0,0,2,2,0,0,2,0.0,0.0,0.0,0.0,0.0,1.0,-1
"F[0,2](BGTestAvgNumPtRep >= 1.766 | HbA1cImputeDtMnC <= 24.707)
",-9999999.000,-9999999.000,0.000,0.000,1.000,0,0,0,2,2,0,0,2,0.0,0.0,0.0,0.0,0.0,1.0,-1
"F[1,2](((Triglyc <= 69.895 & AutonomicNeuroCl >= 1.000) & AlbCreatRat_mggNew >= 1.000) | bmi >= 1.000)
",-9999999.000,-9999999.000,0.000,0.000,1.000,0,0,0,2,2,0,0,2,0.0,0.0,0.0,0.0,0.0,1.0,-1
"F[0,2]((Pt_MotherT1D >= 0.000 & Pt_GrandchildT1D <= 0.000) & bmiZscore >= 0.000)
",-9999999.000,-9999999.000,0.000,0.000,1.000,0,0,0,2,2,0,0,2,0.0,0.0,0.0,0.0,0.0,1.0,-1
"F[0,2](((Triglyc >= 41.440 | LDL <= 111.520) -> Pt_InsGov <= 114.377) & TSH <= 111.008)
",-9999999.000,-9999999.000,0.000,0.000,1.000,0,0,0,2,2,0,0,2,0.0,0.0,0.0,0.0,0.0,1.0,-1
"((Triglyc >= 14.438) U[0,1] (Triglyc <= 85.249))
",-9999999.000,-9999999.000,0.000,0.000,1.000,0,0,0,2,2,0,0,2,0.0,0.0,0.0,0.0,0.0,1.0,-1
"F[1,1](((DirectLDL <= 0.821 -> HeightCm >= 167.345) & Pt_MotherT1D <= 167.495) | BldPrDia <= 167.499)
",167.499,167.499,0.000,0.000,1.000,0,0,0,2,2,0,0,2,0.0,0.0,0.0,0.0,0.0,1.0,-1
"F[0,2](((HbA1cImputeDtMnC >= 2.727 & HbA1c <= 8.541) & Pt_MotherT1D >= 7.679) -> BldPrSys >= 7.523)
",-9999999.000,-9999999.000,0.000,0.000,1.000,0,0,0,2,2,0,0,2,0.0,0.0,0.0,0.0,0.0,1.0,-1
"F[0,2](((BGTestAvgNumPtRep <= 2.822 | Pt_InsGov >= 0.034) -> Pt_A1cGoalLevelDsYr5 >= 0.069) -> HDL <= 0.507)
",-9999999.000,-9999999.000,0.000,0.000,1.000,0,0,0,2,2,0,0,2,0.0,0.0,0.0,0.0,0.0,1.0,-1
"F[1,1]((GFR <= 63.694 | NumPumpBolusOrShortAct <= 2.763) -> Pt_SHFlg >= 0.295)
",-63.694,-63.694,0.000,0.000,1.000,0,0,0,2,2,0,0,2,0.0,0.0,0.0,0.0,0.0,1.0,-1
"F[0,2]((WeightKg >= 83.792 | bmi >= 29.644) & NumPumpBolusOrShortAct <= 30.590)
",-9999999.000,-9999999.000,0.000,0.000,1.000,0,0,0,2,2,0,0,2,0.0,0.0,0.0,0.0,0.0,1.0,-1
"F[1,2](((Pt_A1cGoalLevelDsYr5 <= 0.000 & Pt_ChildT1D <= 0.000) | HeightCm <= 0.000) | SMBGperDayPtMeterCombo <= 0.000)
",-9999999.000,-9999999.000,0.000,0.000,1.000,0,0,0,2,2,0,0,2,0.0,0.0,0.0,0.0,0.0,1.0,-1
"F[0,1](((Pt_GrandparentT1D >= 0.000 -> bmiPerc <= 0.000) & DirectLDL <= 0.000) -> TotChol <= 0.000)
",-9999999.000,-9999999.000,0.000,0.000,1.000,0,0,0,2,2,0,0,2,0.0,0.0,0.0,0.0,0.0,1.0,-1
"F[0,1]((diagAgeCombo <= 12.857 & HbA1cImputeDtMnC <= 25.213) | Pt_GrandchildT1D >= 6.846)
",-9999999.000,-9999999.000,0.000,0.000,1.000,0,0,0,2,2,0,0,2,0.0,0.0,0.0,0.0,0.0,1.0,-1
"F[1,2](((Pt_SHFlg <= 0.000 & Pt_ChildT1D >= 0.000) -> WeightKg >= 0.000) & Pt_InsGov >= 0.000)
",-9999999.000,-9999999.000,0.000,0.000,1.000,0,0,0,2,2,0,0,2,0.0,0.0,0.0,0.0,0.0,1.0,-1
"((BldPrSys >= 119.629) U[0,1] (Pt_SiblingT1D <= 0.000))
",-9999999.000,-9999999.000,0.000,0.000,1.000,0,0,0,2,2,0,0,2,0.0,0.0,0.0,0.0,0.0,1.0,-1
"F[0,0](((BGTestAvgNumMeter >= 2.123 -> Pt_InsGov <= 0.503) | BldPrSys >= 0.110) -> WeightKg >= 0.115)
",-2.885,-2.885,0.000,0.000,1.000,0,0,0,2,2,0,0,2,0.0,0.0,0.0,0.0,0.0,1.0,-1
"F[1,1]((Pt_SHFlg >= 0.000 & Pt_A1cGoalLevelDsYr5 >= 0.000) | Pt_DKAFlg <= 0.000)
",0.000,0.000,0.000,0.000,1.000,0,0,0,2,2,0,0,2,0.0,0.0,0.0,0.0,0.0,1.0,-1
"((diagAgeCombo <= 18.596) U[0,2] (age >= 40.730))
",-9999999.000,-9999999.000,0.000,0.000,1.000,0,0,0,2,2,0,0,2,0.0,0.0,0.0,0.0,0.0,1.0,-1
"F[0,2](diabDur <= 11.211 | TotChol <= 140.420)
",-9999999.000,-9999999.000,0.000,0.000,1.000,0,0,0,2,2,0,0,2,0.0,0.0,0.0,0.0,0.0,1.0,-1
"F[1,2](Pt_FatherT1D >= 0.000 | TSH >= 0.439)
",-9999999.000,-9999999.000,0.000,0.000,1.000,0,0,0,2,2,0,0,2,0.0,0.0,0.0,0.0,0.0,1.0,-1
"F[1,1](((Pt_CGMUseNumDays <= 0.000 | Pt_DKAFlg <= 0.000) -> diabDur >= 0.000) -> Pt_SiblingT1D >= 0.000)
",0.000,0.000,0.000,0.000,1.000,0,0,0,2,2,0,0,2,0.0,0.0,0.0,0.0,0.0,1.0,-1
"F[1,2](((Pt_FatherT1D <= 0.000 | BldPrDia <= 81.650) -> HeightCm >= 73.022) | Pt_A1cGoalLev <= 83.988)
",-9999999.000,-9999999.000,0.000,0.000,1.000,0,0,0,2,2,0,0,2,0.0,0.0,0.0,0.0,0.0,1.0,-1
"F[1,2](((bmi <= 30.470 & BldPrSys >= 121.209) -> BldPrSys <= 126.742) | BldPrDia >= 119.050)
",-9999999.000,-9999999.000,0.000,0.000,1.000,0,0,0,2,2,0,0,2,0.0,0.0,0.0,0.0,0.0,1.0,-1
"F[1,2](((Pt_A1cGoalLev <= 0.000 | BUN >= 0.975) & NumPumpBolusOrShortAct >= 4.643) & Pt_FatherT1D >= 9.172)
",-9999999.000,-9999999.000,0.000,0.000,1.000,0,0,0,2,2,0,0,2,0.0,0.0,0.0,0.0,0.0,1.0,-1
"G[0,2](Pt_A1cGoalLevelDsYr5 >= 0.000 -> Pt_SHFlg = 0.000)
",9999999.000,9999999.000,0.000,1.000,0.000,0,0,2,0,0,2,2,0,0.0,0.0,1.0,0.0,0.0,1.0,1
"G[0,2]((BldPrSys <= 127.827 -> TSH <= 1.061) & Triglyc <= 1.321)
",9999999.000,9999999.000,0.000,1.000,0.000,0,0,0,2,2,0,0,2,0.0,0.0,0.0,0.0,0.0,1.0,1
"G[0,2]((bmiZscore <= 0.267 | LDL <= 109.089) | age <= 107.093)
",9999999.000,9999999.000,0.000,1.000,0.000,0,0,2,0,0,2,2,0,0.0,0.0,1.0,0.0,0.0,1.0,1
"G[0,2](((Pt_GrandchildT1D <= 0.000 & HbA1cImputeDtMnC >= 9.852) & Pt_MotherT1D >= 4.993) -> Triglyc <= 14.259)
",9999999.000,9999999.000,0.000,1.000,0.000,0,0,2,0,0,2,2,0,0.0,0.0,1.0,0.0,0.0,1.0,1
"G[0,2]((HDL >= 27.086 & WeightKg >= 84.315) & Triglyc <= 86.277)
",9999999.000,9999999.000,0.000,1.000,0.000,0,0,0,2,2,0,0,2,0.0,0.0,0.0,0.0,0.0,1.0,1
"G[0,0](((TotalDailyInsPerKg <= 0.692 | BldPrDia <= 80.650) | BGTestAvgNumMeter <= 80.751) -> diagAgeCombo >= 68.660)
",-46.751,-46.751,0.000,1.000,0.000,0,0,0,2,2,0,0,2,0.0,0.0,0.0,0.0,0.0,1.0,1
"G[0,2]((Pt_InsGov <= 0.609 | Pt_SHFlg >= 0.000) | NumPumpBolusOrShortAct >= 0.000)
",9999999.000,9999999.000,0.000,1.000,0.000,0,0,2,0,0,2,2,0,0.0,0.0,1.0,0.0,0.0,1.0,1
"G[2,2](Pt_DKAFlg > 0.000 & Pt_SHFlg = 0.000)
",0.000,0.000,0.000,1.000,0.000,0,0,2,0,0,2,2,0,0.0,0.0,1.0,0.0,0.0,1.0,1
"G[1,2](HbA1cImputeDtMnC > 11.563 -> Pt_SHFlg = 0.000)
",9999999.000,9999999.000,0.000,1.000,0.000,0,0,2,0,0,2,2,0,0.0,0.0,1.0,0.0,0.0,1.0,1
"G[0,2](Pt_FatherT1D > 0.000 & Pt_SHFlg = 0.000)
",9999999.000,9999999.000,0.000,1.000,0.000,0,0,0,2,2,0,0,2,0.0,0.0,0.0,0.0,0.0,1.0,1
"G[0,1](bmi <= 30.402 & TotalDailyInsPerKg <= 0.522)
",9999999.000,9999999.000,0.000,1.000,0.000,0,0,0,2,2,0,0,2,0.0,0.0,0.0,0.0,0.0,1.0,1
"G[0,2](((Pt_MotherT1D >= 0.000 | BUN <= 11.504) & BUN <= 17.778) -> AutonomicNeuroCl >= 2.162)
",9999999.000,9999999.000,0.000,1.000,0.000,0,0,0,2,2,0,0,2,0.0,0.0,0.0,0.0,0.0,1.0,1
"G[0,2]((DirectLDL >= 0.040 -> TotChol <= 140.299) & AutonomicNeuroCl >= 37.873)
",9999999.000,9999999.000,0.000,1.000,0.000,0,0,0,2,2,0,0,2,0.0,0.0,0.0,0.0,0.0,1.0,1
"G[2,2]((AlbCreatRat_mggNew <= 24.490 | UnitsInsBasalOrLongAct <= 40.755) | BldPrDia >= 32.571)
",40.755,40.755,0.000,1.000,0.000,0,0,2,0,0,2,2,0,0.0,0.0,1.0,0.0,0.0,1.0,1
"G[0,1]((bmiZscore >= 0.143 & TSH <= 1.013) & GFR <= 0.903)
",9999999.000,9999999.000,0.000,1.000,0.000,0,0,1,1,1,1,1,1,0.0,0.0,1.0,0.0,0.0,1.0,1
"G[1,2](((HDL >= 24.952 | HeightCm >= 167.389) | Pt_ChildT1D >= 167.330) -> TotChol <= 167.418)
",9999999.000,9999999.000,0.000,1.000,0.000,0,0,2,0,0,2,2,0,0.0,0.0,1.0,0.0,0.0,1.0,1
"G[0,2]((HDL >= 15.215 -> NumPumpBolusOrShortAct <= 2.720) -> diabDur >= 0.468)
",9999999.000,9999999.000,0.000,1.000,0.000,0,0,2,0,0,2,2,0,0.0,0.0,1.0,0.0,0.0,1.0,1
"G[0,1]((bmi <= 30.562 | TotalDailyInsPerKg <= 0.706) & TSH <= 0.535)
",9999999.000,9999999.000,0.000,1.000,0.000,0,0,1,1,1,1,1,1,0.0,0.0,1.0,0.0,0.0,1.0,1
"G[0,0]((bmiZscore <= 0.316 | TotalDailyInsPerKg <= 0.561) & age <= 0.593)
",0.316,0.316,0.000,1.000,0.000,0,0,0,2,2,0,0,2,0.0,0.0,0.0,0.0,0.0,1.0,1
"G[0,2]((GFR >= 41.011 | LDL <= 114.961) -> HbA1cImputeDtMnC >= 105.653)
",9999999.000,9999999.000,0.000,1.000,0.000,0,0,0,2,2,0,0,2,0.0,0.0,0.0,0.0,0.0,1.0,1
"G[1,2](BldPrSys <= 122.240 -> LDL <= 115.788)
",9999999.000,9999999.000,0.000,1.000,0.000,0,0,1,1,1,1,1,1,0.0,0.0,1.0,0.0,0.0,1.0,1
"G[1,2]((BUN >= 1.235 -> TotalDailyInsPerKg >= 0.321) | LDL <= 0.580)
",9999999.000,9999999.000,0.000,1.000,0.000,0,0,2,0,0,2,2,0,0.0,0.0,1.0,0.0,0.0,1.0,1
"G[0,1](BldPrDia >= 74.859 | BldPrSys >= 119.743)
",9999999.000,9999999.000,0.000,1.000,0.000,0,0,1,1,1,1,1,1,0.0,0.0,1.0,0.0,0.0,1.0,1
"G[0,1](((HeightCm >= 167.348 & LDL >= 101.943) | AlbCreatRat_mggNew >= 97.745) | Pt_GrandparentT1D >= 102.675)
",9999999.000,9999999.000,0.000,1.000,0.000,0,0,0,2,2,0,0,2,0.0,0.0,0.0,0.0,0.0,1.0,1
"G[1,1]((HeightCm <= 167.468 | TotChol >= 19.815) | HDL >= 41.457)
",167.468,167.468,0.000,1.000,0.000,0,0,1,1,1,1,1,1,0.0,0.0,1.0,0.0,0.0,1.0,1
"G[0,2](((BldPrDia >= 75.196 | TotalDailyInsPerKg <= 0.777) & SMBGperDayPtMeterCombo >= 0.442) -> Pt_SiblingT1D <= 0.543)
",9999999.000,9999999.000,0.000,1.000,0.000,0,0,2,0,0,2,2,0,0.0,0.0,1.0,0.0,0.0,1.0,1
"G[1,2](((BGTestAvgNumPtRep <= 2.380 & bmi >= 29.868) & bmiZscore <= 30.829) -> TotalDailyInsPerKg <= 30.519)
",9999999.000,9999999.000,0.000,1.000,0.000,0,0,2,0,0,2,2,0,0.0,0.0,1.0,0.0,0.0,1.0,1
"G[0,1](((BGTestAvgNumPtRep >= 1.642 & diabDur >= 10.035) & Pt_SiblingT1D <= 11.749) | UnitsInsBasalOrLongAct <= 11.304)
",9999999.000,9999999.000,0.000,1.000,0.000,0,0,1,1,1,1,1,1,0.0,0.0,1.0,0.0,0.0,1.0,1
"G[0,1](BldPrDia >= 71.308 & bmiZscore <= 0.340)
",9999999.000,9999999.000,0.000,1.000,0.000,0,0,0,2,2,0,0,2,0.0,0.0,0.0,0.0,0.0,1.0,1
"G[0,2]((Pt_ChildT1D <= 0.000 & Pt_SHFlg <= 0.000) -> NumPumpBolusOrShortAct <= 0.000)
",9999999.000,9999999.000,0.000,1.000,0.000,0,0,1,1,1,1,1,1,0.0,0.0,1.0,0.0,0.0,1.0,1
"G[1,2](Pt_A1cGoalLev < 0.000 -> Pt_SHFlg = 0.000)
",9999999.000,9999999.000,0.000,1.000,0.000,0,0,2,0,0,2,2,0,0.0,0.0,1.0,0.0,0.0,1.0,1
"G[0,1](((AutonomicNeuroCl >= 1.000 -> Pt_ChildT1D <= 0.000) | Pt_FatherT1D <= 0.000) & BldPrSys <= 0.000)
",9999999.000,9999999.000,0.000,1.000,0.000,0,0,0,2,2,0,0,2,0.0,0.0,0.0,0.0,0.0,1.0,1
"G[0,2](((bmiZscore <= 0.343 | WeightKg <= 84.636) -> HbA1c <= 85.520) | HDL >= 83.580)
",9999999.000,9999999.000,0.000,1.000,0.000,0,0,2,0,0,2,2,0,0.0,0.0,1.0,0.0,0.0,1.0,1
"G[1,2](((HeightCm >= 167.396 & TSH <= 0.933) -> AlbCreatRat_mggNew <= 1.110) & age >= 0.419)
",9999999.000,9999999.000,0.000,1.000,0.000,0,0,2,0,0,2,2,0,0.0,0.0,1.0,0.0,0.0,1.0,1
"G[0,0](((DirectLDL <= 0.744 | HbA1cImputeDtMnC >= 3.666) & UnitsInsBasalOrLongAct <= 20.181) & HeightCm <= 17.317)
",-64.283,-64.283,0.000,1.000,0.000,0,0,0,2,2,0,0,2,0.0,0.0,0.0,0.0,0.0,1.0,1
"G[1,2](BUN >= 5.424 -> WeightKg <= 84.926)
",9999999.000,9999999.000,0.000,1.000,0.000,0,0,1,1,1,1,1,1,0.0,0.0,1.0,0.0,0.0,1.0,1
"G[1,2](((age <= 41.931 -> TotChol >= 105.447) | bmiZscore <= 132.613) -> GFR <= 149.072)
",9999999.000,9999999.000,0.000,1.000,0.000,0,0,2,0,0,2,2,0,0.0,0.0,1.0,0.0,0.0,1.0,1
"G[1,2]((bmiZscore <= 0.296 -> BUN >= 3.783) | BGTestAvgNumPtRep >= 4.169)
",9999999.000,9999999.000,0.000,1.000,0.000,0,0,2,0,0,2,2,0,0.0,0.0,1.0,0.0,0.0,1.0,1
"G[0,2](HeightCm >= 167.310 | TotalDailyInsPerKg >= 0.387)
",9999999.000,9999999.000,0.000,1.000,0.000,0,0,2,0,0,2,2,0,0.0,0.0,1.0,0.0,0.0,1.0,1
"G[2,2](BUN <= 18.546 -> SMBGperDayPtMeterCombo <= 2.671)
",-18.546,-18.546,0.000,1.000,0.000,0,0,2,0,0,2,2,0,0.0,0.0,1.0,0.0,0.0,1.0,1
"G[1,2]((BldPrDia >= 74.845 -> HDL <= 48.998) & TSH >= 7.266)
",9999999.000,9999999.000,0.000,1.000,0.000,0,0,1,1,1,1,1,1,0.0,0.0,1.0,0.0,0.0,1.0,1
"G[0,1](((age <= 41.411 | Triglyc <= 76.420) & DirectLDL >= 30.395) & WeightKg >= 25.928)
",9999999.000,9999999.000,0.000,1.000,0.000,0,0,0,2,2,0,0,2,0.0,0.0,0.0,0.0,0.0,1.0,1
"G[0,1]((bmiZscore >= 0.244 -> TotChol >= 26.339) | HbA1cImputeDtMnC >= 63.298)
",9999999.000,9999999.000,0.000,1.000,0.000,0,0,1,1,1,1,1,1,0.0,0.0,1.0,0.0,0.0,1.0,1
"G[0,1]((LDL >= 106.460 | WeightKg >= 83.807) & Pt_GrandparentT1D >= 81.826)
",9999999.000,9999999.000,0.000,1.000,0.000,0,0,0,2,2,0,0,2,0.0,0.0,0.0,0.0,0.0,1.0,1
"G[1,2](((Pt_SiblingT1D >= 0.000 | BGTestAvgNumMeter <= 2.486) & Pt_A1cGoalLevelDsYr5 >= 2.066) -> AutonomicNeuroCl >= 2.100)
",9999999.000,9999999.000,0.000,1.000,0.000,0,0,2,0,0,2,2,0,0.0,0.0,1.0,0.0,0.0,1.0,1
"G[0,1](bmiPerc <= 0.000 -> LDL <= 113.350)
",9999999.000,9999999.000,0.000,1.000,0.000,0,0,1,1,1,1,1,1,0.0,0.0,1.0,0.0,0.0,1.0,1
"G[0,1](((TSH <= 1.222 & BGTestAvgNumMeter >= 2.132) & TotalDailyInsPerKg <= 2.550) & Pt_MotherT1D >= 2.151)
",9999999.000,9999999.000,0.000,1.000,0.000,0,0,0,2,2,0,0,2,0.0,0.0,0.0,0.0,0.0,1.0,1
"G[1,2](BUN >= 5.454 -> Triglyc <= 90.012)
",9999999.000,9999999.000,0.000,1.000,0.000,0,0,2,0,0,2,2,0,0.0,0.0,1.0,0.0,0.0,1.0,1
"G[0,2](((Pt_GrandchildT1D <= 0.000 -> Pt_A1cGoalLevelDsYr5 <= 0.000) | UnitsInsBasalOrLongAct >= 0.000) & AlbCreatRat_mggNew >= 0.000)
",9999999.000,9999999.000,0.000,1.000,0.000,0,0,2,0,0,2,2,0,0.0,0.0,1.0,0.0,0.0,1.0,1
"G[0,0](((bmi >= 29.590 & diabDur >= 10.035) -> AutonomicNeuroCl <= 11.808) -> TSH >= 10.799)
",4.508,4.508,0.000,1.000,0.000,0,0,0,2,2,0,0,2,0.0,0.0,0.0,0.0,0.0,1.0,1
"G[1,2](Pt_GrandparentT1D <= 0.000 & Pt_SHFlg = 0.000)
",9999999.000,9999999.000,0.000,1.000,0.000,0,0,2,0,0,2,2,0,0.0,0.0,1.0,0.0,0.0,1.0,1
"G[2,2](bmi < 30.637 & Pt_SHFlg = 0.000)
",0.000,0.000,0.000,1.000,0.000,0,0,2,0,0,2,2,0,0.0,0.0,1.0,0.0,0.0,1.0,1
"G[1,2](BldPrSys <= 121.504 & Pt_SHFlg <= 0.000)
",9999999.000,9999999.000,0.000,1.000,0.000,0,0,2,0,0,2,2,0,0.0,0.0,1.0,0.0,0.0,1.0,1
"G[1,2](TSH <= 1.007 & Pt_SHFlg = 0.000)
",9999999.000,9999999.000,0.000,1.000,0.000,0,0,1,1,1,1,1,1,0.0,0.0,1.0,0.0,0.0,1.0,1
"G[1,2](((BldPrSys >= 120.265 | BldPrSys <= 125.930) -> Pt_SiblingT1D >= 118.435) | bmi >= 120.534)
",9999999.000,9999999.000,0.000,1.000,0.000,0,0,1,1,1,1,1,1,0.0,0.0,1.0,0.0,0.0,1.0,1
"G[0,2](((bmiZscore <= 0.265 & Pt_A1cGoalLev <= 0.000) | TotChol >= 0.000) & BGTestAvgNumPtRep <= 0.000)
",9999999.000,9999999.000,0.000,1.000,0.000,0,0,0,2,2,0,0,2,0.0,0.0,0.0,0.0,0.0,1.0,1
"G[1,2](bmiZscore >= 0.240 & AutonomicNeuroCl >= 1.000)
",9999999.000,9999999.000,0.000,1.000,0.000,0,0,2,0,0,2,2,0,0.0,0.0,1.0,0.0,0.0,1.0,1
"F[0,1](Pt_SiblingT1D >= 0.000 | HbA1c >= 7.885)
",-9999999.000,-9999999.000,0.000,0.000,1.000,0,0,0,2,2,0,0,2,0.0,0.0,0.0,0.0,0.0,1.0,-1
