Rule,Discrimination Score,Pos Robustness,Neg Robustness,Percent Class +,Percent Class -,TP,TN,FP,FN,Actual Yes,Actual No,Predicted Yes,Predicted No,TPR/Sens,TNR/Spec,FPR,Precision,Accuracy,MCR,Class
"G[0,1](HeightCm >= 136.303 | Pt_DKAFlg >= 0.000)
",9999999.000,9999999.000,0.000,1.000,0.000,1,0,0,0,1,0,1,0,1.0,0.0,0.0,1.0,1.0,0.0,1
"F[0,1]((Pt_InsGov >= 0.405 & HbA1cImputeDtMnC >= 6.750) & Pt_SHFlg >= 7.647)
",-9999999.000,-9999999.000,0.000,0.000,1.000,1,0,0,0,1,0,1,0,1.0,0.0,0.0,1.0,1.0,0.0,-1
"G[1,1](SMBGperDayPtMeterCombo >= 5.000 & BGTestAvgNumPtRep >= 0.000)
",-5.000,-5.000,0.000,1.000,0.000,1,0,0,0,1,0,1,0,1.0,0.0,0.0,1.0,1.0,0.0,1
"G[1,1]((WeightKg >= 31.357 | bmi >= 16.484) -> UnitsInsBasalOrLongAct <= 11.526)
",-11.526,-11.526,0.000,1.000,0.000,1,0,0,0,1,0,1,0,1.0,0.0,0.0,1.0,1.0,0.0,1
"G[1,1]((WeightKg <= 33.569 | HDL <= 59.936) | bmiZscore <= 59.545)
",59.936,59.936,0.000,1.000,0.000,1,0,0,0,1,0,1,0,1.0,0.0,0.0,1.0,1.0,0.0,1
"F[0,1](((NumPumpBolusOrShortAct <= 0.000 | TSH >= 2.123) | BGTestAvgNumMeter >= 2.053) -> Pt_MotherT1D >= 2.094)
",-9999999.000,-9999999.000,0.000,0.000,1.000,1,0,0,0,1,0,1,0,1.0,0.0,0.0,1.0,1.0,0.0,-1
"F[0,1](Pt_A1cGoalLev >= 3.069 & Pt_CGMUseNumDays <= 25.920)
",-9999999.000,-9999999.000,0.000,0.000,1.000,1,0,0,0,1,0,1,0,1.0,0.0,0.0,1.0,1.0,0.0,-1
"F[0,0](((Pt_A1cGoalLevelDsYr5 <= 0.000 -> Triglyc <= 101.147) & diagAgeCombo <= 91.729) | UnitsInsBasalOrLongAct >= 83.174)
",0.000,0.000,0.000,0.000,1.000,1,0,0,0,1,0,1,0,1.0,0.0,0.0,1.0,1.0,0.0,-1
"F[0,0](((bmiZscore >= 0.414 & Pt_ChildT1D <= 0.000) & BUN <= 0.000) & HbA1c >= 0.000)
",-77.000,-77.000,0.000,0.000,1.000,1,0,0,0,1,0,1,0,1.0,0.0,0.0,1.0,1.0,0.0,-1
"G[0,0](((BGTestAvgNumMeter <= 5.000 | TotalDailyInsPerKg >= 0.000) & age <= 0.000) -> age <= 0.000)
",0.000,0.000,0.000,1.000,0.000,1,0,0,0,1,0,1,0,1.0,0.0,0.0,1.0,1.0,0.0,1
"F[0,0]((Triglyc <= 105.873 & Pt_A1cGoalLevelDsYr5 <= 0.000) & bmi <= 0.000)
",-65.127,-65.127,0.000,0.000,1.000,1,0,0,0,1,0,1,0,1.0,0.0,0.0,1.0,1.0,0.0,-1
"((TotChol >= 171.427) U[0,0] (bmiZscore >= 0.442))
",0.261,0.261,0.000,0.000,1.000,1,0,0,0,1,0,1,0,1.0,0.0,0.0,1.0,1.0,0.0,-1
"F[1,1]((Pt_CGMUseNumDays >= 8.149 & HbA1c >= 8.047) | bmi <= 8.068)
",8.068,8.068,0.000,0.000,1.000,1,0,0,0,1,0,1,0,1.0,0.0,0.0,1.0,1.0,0.0,-1
"F[0,0]((TSH >= 1.972 | bmi <= 17.021) -> Pt_A1cGoalLevelDsYr5 >= 16.725)
",-17.021,-17.021,0.000,0.000,1.000,1,0,0,0,1,0,1,0,1.0,0.0,0.0,1.0,1.0,0.0,-1
"((Pt_SiblingT1D >= 0.000) U[0,0] (bmiPerc >= 0.647))
",16.592,16.592,0.000,0.000,1.000,1,0,0,0,1,0,1,0,1.0,0.0,0.0,1.0,1.0,0.0,-1
"F[0,1](((bmiPerc <= 0.691 | diabDur >= 4.629) -> TSH >= 4.748) & Pt_InsGov <= 5.419)
",-9999999.000,-9999999.000,0.000,0.000,1.000,1,0,0,0,1,0,1,0,1.0,0.0,0.0,1.0,1.0,0.0,-1
"G[0,1](SMBGperDayPtMeterCombo >= 5.000 & BGTestAvgNumPtRep >= 0.000)
",9999999.000,9999999.000,0.000,1.000,0.000,1,0,0,0,1,0,1,0,1.0,0.0,0.0,1.0,1.0,0.0,1
"G[0,1](((Pt_ChildT1D >= 0.000 & BGTestAvgNumPtRep <= 0.000) | Pt_GrandchildT1D >= 0.000) | HbA1cImputeDtMnC <= 0.000)
",9999999.000,9999999.000,0.000,1.000,0.000,1,0,0,0,1,0,1,0,1.0,0.0,0.0,1.0,1.0,0.0,1
"G[0,1](SMBGperDayPtMeterCombo <= 5.000 | BldPrSys <= 112.812)
",9999999.000,9999999.000,0.000,1.000,0.000,1,0,0,0,1,0,1,0,1.0,0.0,0.0,1.0,1.0,0.0,1
"G[0,0](SMBGperDayPtMeterCombo >= 5.000 & BGTestAvgNumPtRep >= 0.000)
",5.000,5.000,0.000,1.000,0.000,1,0,0,0,1,0,1,0,1.0,0.0,0.0,1.0,1.0,0.0,1
"G[0,0]((WeightKg >= 32.492 | bmi >= 16.404) -> UnitsInsBasalOrLongAct <= 11.487)
",-11.487,-11.487,0.000,1.000,0.000,1,0,0,0,1,0,1,0,1.0,0.0,0.0,1.0,1.0,0.0,1
"G[1,1](GFR <= 0.000 & LDL <= 95.000)
",0.000,0.000,0.000,1.000,0.000,1,0,0,0,1,0,1,0,1.0,0.0,0.0,1.0,1.0,0.0,1
"G[0,1](SMBGperDayPtMeterCombo >= 5.000 & BGTestAvgNumPtRep >= 0.000)
",9999999.000,9999999.000,0.000,1.000,0.000,1,0,0,0,1,0,1,0,1.0,0.0,0.0,1.0,1.0,0.0,1
"G[0,1]((WeightKg >= 31.638 | bmi >= 16.540) -> UnitsInsBasalOrLongAct <= 11.666)
",9999999.000,9999999.000,0.000,1.000,0.000,1,0,0,0,1,0,1,0,1.0,0.0,0.0,1.0,1.0,0.0,1
"G[0,1](Pt_A1cGoalLevelDsYr5 < 0.000 -> Pt_SHFlg = 0.000)
",9999999.000,9999999.000,0.000,1.000,0.000,1,0,0,0,1,0,1,0,1.0,0.0,0.0,1.0,1.0,0.0,1
"G[1,1]((DirectLDL <= 0.000 & Pt_GrandparentT1D <= 0.000) -> Pt_GrandparentT1D >= 0.000)
",0.000,0.000,0.000,1.000,0.000,1,0,0,0,1,0,1,0,1.0,0.0,0.0,1.0,1.0,0.0,1
"G[0,0](HbA1c > 8.043 -> Pt_SHFlg = 0.000)
",6.213,6.213,0.000,1.000,0.000,1,0,0,0,1,0,1,0,1.0,0.0,0.0,1.0,1.0,0.0,1
"G[0,1](bmi > 16.643 -> Pt_SHFlg = 0.000)
",9999999.000,9999999.000,0.000,1.000,0.000,1,0,0,0,1,0,1,0,1.0,0.0,0.0,1.0,1.0,0.0,1
"G[1,1](Triglyc > 81.353 -> Pt_SHFlg = 0.000)
",0.000,0.000,0.000,1.000,0.000,1,0,0,0,1,0,1,0,1.0,0.0,0.0,1.0,1.0,0.0,1
"G[0,0]((WeightKg >= 29.775 | bmi >= 16.456) -> UnitsInsBasalOrLongAct <= 11.564)
",-11.564,-11.564,0.000,1.000,0.000,1,0,0,0,1,0,1,0,1.0,0.0,0.0,1.0,1.0,0.0,1
"G[0,1](((Pt_ChildT1D >= 0.000 | TotChol <= 174.562) | AlbCreatRat_mggNew <= 175.960) & Pt_GrandparentT1D <= 175.336)
",9999999.000,9999999.000,0.000,1.000,0.000,1,0,0,0,1,0,1,0,1.0,0.0,0.0,1.0,1.0,0.0,1
"G[0,1](AutonomicNeuroCl <= 0.000 -> Pt_SHFlg = 0.000)
",9999999.000,9999999.000,0.000,1.000,0.000,1,0,0,0,1,0,1,0,1.0,0.0,0.0,1.0,1.0,0.0,1
"G[0,1](GFR < 0.000 -> Pt_SHFlg = 0.000)
",9999999.000,9999999.000,0.000,1.000,0.000,1,0,0,0,1,0,1,0,1.0,0.0,0.0,1.0,1.0,0.0,1
"F[0,1](((Pt_ChildT1D >= 0.000 | Triglyc >= 86.492) & UnitsInsBasalOrLongAct >= 85.481) | Pt_ChildT1D >= 87.819)
",-9999999.000,-9999999.000,0.000,0.000,1.000,1,0,0,0,1,0,1,0,1.0,0.0,0.0,1.0,1.0,0.0,-1
"((WeightKg >= 30.706) U[1,1] (Pt_SHFlg = 0.000))
",0.000,0.000,0.000,0.000,1.000,1,0,0,0,1,0,1,0,1.0,0.0,0.0,1.0,1.0,0.0,-1
"G[0,0](((NumPumpBolusOrShortAct >= 0.000 | Pt_ChildT1D >= 0.000) | SMBGperDayPtMeterCombo >= 0.000) | NumPumpBolusOrShortAct <= 0.000)
",71.000,71.000,0.000,1.000,0.000,1,0,0,0,1,0,1,0,1.0,0.0,0.0,1.0,1.0,0.0,1
"((diagAgeCombo <= 1.667) U[1,1] (Pt_SHFlg = 0.000))
",1.667,1.667,0.000,0.000,1.000,1,0,0,0,1,0,1,0,1.0,0.0,0.0,1.0,1.0,0.0,-1
"F[0,1](((Pt_A1cGoalLevelDsYr5 >= 0.000 -> WeightKg >= 30.902) & AutonomicNeuroCl >= 30.146) | Pt_InsGov >= 31.491)
",-9999999.000,-9999999.000,0.000,0.000,1.000,1,0,0,0,1,0,1,0,1.0,0.0,0.0,1.0,1.0,0.0,-1
"F[1,1](((HeightCm >= 137.622 | bmiZscore >= 0.371) -> bmiPerc <= 0.456) & BldPrDia >= 0.385)
",-0.456,-0.456,0.000,0.000,1.000,1,0,0,0,1,0,1,0,1.0,0.0,0.0,1.0,1.0,0.0,-1
"F[0,1]((LDL >= 95.000 -> WeightKg >= 31.515) & diagAgeCombo >= 29.932)
",-9999999.000,-9999999.000,0.000,0.000,1.000,1,0,0,0,1,0,1,0,1.0,0.0,0.0,1.0,1.0,0.0,-1
"F[0,1]((Pt_A1cGoalLevelDsYr5 >= 0.000 | TSH <= 2.281) -> Pt_GrandchildT1D >= 1.876)
",-9999999.000,-9999999.000,0.000,0.000,1.000,1,0,0,0,1,0,1,0,1.0,0.0,0.0,1.0,1.0,0.0,-1
"F[0,1]((Triglyc >= 84.196 -> BGTestAvgNumMeter >= 5.000) & WeightKg <= 5.000)
",-9999999.000,-9999999.000,0.000,0.000,1.000,1,0,0,0,1,0,1,0,1.0,0.0,0.0,1.0,1.0,0.0,-1
"F[0,1](((Pt_A1cGoalLev >= 2.823 | Pt_GrandparentT1D <= 0.000) | Pt_ChildT1D >= 0.000) & WeightKg <= 0.000)
",-9999999.000,-9999999.000,0.000,0.000,1.000,1,0,0,0,1,0,1,0,1.0,0.0,0.0,1.0,1.0,0.0,-1
"((Pt_SiblingT1D < 0.000) U[1,1] (Pt_SHFlg = 0.000))
",0.000,0.000,0.000,0.000,1.000,1,0,0,0,1,0,1,0,1.0,0.0,0.0,1.0,1.0,0.0,-1
"((Pt_GrandchildT1D > 0.000) U[1,1] (Pt_SHFlg = 0.000))
",0.000,0.000,0.000,0.000,1.000,1,0,0,0,1,0,1,0,1.0,0.0,0.0,1.0,1.0,0.0,-1
"F[1,1](((HDL <= 59.574 -> diagAgeCombo >= 0.758) & TotalDailyInsPerKg <= 1.640) & BUN <= 2.158)
",-59.574,-59.574,0.000,0.000,1.000,1,0,0,0,1,0,1,0,1.0,0.0,0.0,1.0,1.0,0.0,-1
"((HeightCm > 135.002) U[1,1] (Pt_SHFlg = 0.000))
",0.000,0.000,0.000,0.000,1.000,1,0,0,0,1,0,1,0,1.0,0.0,0.0,1.0,1.0,0.0,-1
"F[0,0](BGTestAvgNumMeter < 5.000 & Pt_SHFlg = 0.000)
",-17.095,-17.095,0.000,0.000,1.000,1,0,0,0,1,0,1,0,1.0,0.0,0.0,1.0,1.0,0.0,-1
"F[0,1]((diagAgeCombo >= 1.103 -> Pt_A1cGoalLevelDsYr5 >= 0.000) -> BGTestAvgNumMeter <= 0.000)
",-9999999.000,-9999999.000,0.000,0.000,1.000,1,0,0,0,1,0,1,0,1.0,0.0,0.0,1.0,1.0,0.0,-1
"F[0,0](bmiZscore >= 0.416 & HbA1c >= 8.029)
",-6.199,-6.199,0.000,0.000,1.000,1,0,0,0,1,0,1,0,1.0,0.0,0.0,1.0,1.0,0.0,-1
"F[0,1](AutonomicNeuroCl > 0.000 & Pt_SHFlg = 0.000)
",-9999999.000,-9999999.000,0.000,0.000,1.000,1,0,0,0,1,0,1,0,1.0,0.0,0.0,1.0,1.0,0.0,-1
"F[0,1](diagAgeCombo <= 1.942 & bmiPerc <= 0.678)
",-9999999.000,-9999999.000,0.000,0.000,1.000,1,0,0,0,1,0,1,0,1.0,0.0,0.0,1.0,1.0,0.0,-1
"F[0,0]((Pt_SiblingT1D >= 0.000 -> HbA1cImputeDtMnC <= 13.758) & diagAgeCombo >= 7.220)
",-13.758,-13.758,0.000,0.000,1.000,1,0,0,0,1,0,1,0,1.0,0.0,0.0,1.0,1.0,0.0,-1
"((TotChol <= 175.231) U[1,2] (Pt_DKAFlg <= 0.000))
",-9999999.000,-9999999.000,0.000,0.000,1.000,1,0,0,0,1,0,1,0,1.0,0.0,0.0,1.0,1.0,0.0,-1
"((Pt_A1cGoalLev <= 4.421) U[1,2] (TSH <= 2.417))
",-9999999.000,-9999999.000,0.000,0.000,1.000,1,0,0,0,1,0,1,0,1.0,0.0,0.0,1.0,1.0,0.0,-1
"((diagAgeCombo <= 1.896) U[1,2] (GFR <= 0.000))
",-9999999.000,-9999999.000,0.000,0.000,1.000,1,0,0,0,1,0,1,0,1.0,0.0,0.0,1.0,1.0,0.0,-1
"((age >= 8.065) U[1,2] (BGTestAvgNumMeter >= 5.000))
",-9999999.000,-9999999.000,0.000,0.000,1.000,1,0,0,0,1,0,1,0,1.0,0.0,0.0,1.0,1.0,0.0,-1
"((WeightKg >= 32.134) U[1,1] (BldPrSys >= 111.400))
",-32.134,-32.134,0.000,0.000,1.000,1,0,0,0,1,0,1,0,1.0,0.0,0.0,1.0,1.0,0.0,-1
"((WeightKg >= 32.520) U[1,2] (Pt_InsGov <= 0.723))
",-9999999.000,-9999999.000,0.000,0.000,1.000,1,0,0,0,1,0,1,0,1.0,0.0,0.0,1.0,1.0,0.0,-1
"((bmi >= 16.719) U[1,1] (HeightCm >= 136.263))
",-16.719,-16.719,0.000,0.000,1.000,1,0,0,0,1,0,1,0,1.0,0.0,0.0,1.0,1.0,0.0,-1
"((bmi <= 16.996) U[0,0] (Pt_CGMUseNumDays <= 25.840))
",16.996,16.996,0.000,0.000,1.000,1,0,0,0,1,0,1,0,1.0,0.0,0.0,1.0,1.0,0.0,-1
"F[1,1]((Pt_ChildT1D >= 0.000 -> BUN >= 0.702) & Pt_SHFlg >= 4.493)
",-4.493,-4.493,0.000,0.000,1.000,1,0,0,0,1,0,1,0,1.0,0.0,0.0,1.0,1.0,0.0,-1
"F[1,1]((GFR >= 0.000 | HeightCm <= 139.295) -> AutonomicNeuroCl >= 138.179)
",-139.295,-139.295,0.000,0.000,1.000,1,0,0,0,1,0,1,0,1.0,0.0,0.0,1.0,1.0,0.0,-1
"((BldPrDia < 72.647) U[1,1] (Pt_SHFlg = 0.000))
",72.647,72.647,0.000,0.000,1.000,1,0,0,0,1,0,1,0,1.0,0.0,0.0,1.0,1.0,0.0,-1
"((UnitsInsBasalOrLongAct <= 11.973) U[1,2] (Pt_SHFlg >= 0.000))
",-9999999.000,-9999999.000,0.000,0.000,1.000,1,0,0,0,1,0,1,0,1.0,0.0,0.0,1.0,1.0,0.0,-1
"F[0,0]((age >= 8.278 | TSH >= 2.118) & Pt_MotherT1D >= 1.858)
",-2.118,-2.118,0.000,0.000,1.000,1,0,0,0,1,0,1,0,1.0,0.0,0.0,1.0,1.0,0.0,-1
"((age >= 8.467) U[1,2] (Pt_SHFlg = 0.000))
",-9999999.000,-9999999.000,0.000,0.000,1.000,1,0,0,0,1,0,1,0,1.0,0.0,0.0,1.0,1.0,0.0,-1
"F[0,1](((UnitsInsBasalOrLongAct >= 11.220 -> Pt_MotherT1D >= 0.000) & diabDur <= 0.000) | SMBGperDayPtMeterCombo <= 0.000)
",-9999999.000,-9999999.000,0.000,0.000,1.000,1,0,0,0,1,0,1,0,1.0,0.0,0.0,1.0,1.0,0.0,-1
"G[0,1]((WeightKg >= 31.446 | bmi >= 16.412) -> UnitsInsBasalOrLongAct <= 11.498)
",9999999.000,9999999.000,0.000,1.000,0.000,1,0,0,0,1,0,1,0,1.0,0.0,0.0,1.0,1.0,0.0,1
"((age >= 8.370) U[1,2] (Pt_SHFlg = 0.000))
",-9999999.000,-9999999.000,0.000,0.000,1.000,1,0,0,0,1,0,1,0,1.0,0.0,0.0,1.0,1.0,0.0,-1
"G[1,1](BGTestAvgNumPtRep <= 0.000 & Pt_SHFlg = 0.000)
",0.000,0.000,0.000,1.000,0.000,1,0,0,0,1,0,1,0,1.0,0.0,0.0,1.0,1.0,0.0,1
"G[1,1]((AutonomicNeuroCl >= 0.000 & DirectLDL <= 0.000) & LDL >= 0.000)
",0.000,0.000,0.000,1.000,0.000,1,0,0,0,1,0,1,0,1.0,0.0,0.0,1.0,1.0,0.0,1
"G[0,1](((Pt_SHFlg >= 0.000 | HeightCm <= 139.365) -> diabDur <= 143.054) -> Pt_FatherT1D <= 139.116)
",9999999.000,9999999.000,0.000,1.000,0.000,1,0,0,0,1,0,1,0,1.0,0.0,0.0,1.0,1.0,0.0,1
"G[0,1]((HDL <= 59.511 | Pt_GrandparentT1D >= 0.000) -> Pt_SHFlg >= 0.000)
",9999999.000,9999999.000,0.000,1.000,0.000,1,0,0,0,1,0,1,0,1.0,0.0,0.0,1.0,1.0,0.0,1
"G[1,1]((Pt_DKAFlg >= 0.000 | bmiZscore <= 0.489) | HbA1c >= 0.377)
",0.489,0.489,0.000,1.000,0.000,1,0,0,0,1,0,1,0,1.0,0.0,0.0,1.0,1.0,0.0,1
"G[0,1]((Triglyc >= 78.635 -> AlbCreatRat_mggNew >= 0.000) | Pt_GrandparentT1D <= 0.000)
",9999999.000,9999999.000,0.000,1.000,0.000,1,0,0,0,1,0,1,0,1.0,0.0,0.0,1.0,1.0,0.0,1
"G[0,1]((HDL <= 59.677 | Pt_CGMUseNumDays >= 10.666) | Pt_SiblingT1D <= 19.146)
",9999999.000,9999999.000,0.000,1.000,0.000,1,0,0,0,1,0,1,0,1.0,0.0,0.0,1.0,1.0,0.0,1
"G[1,1](HDL <= 59.744 | Pt_A1cGoalLev >= 1.951)
",59.744,59.744,0.000,1.000,0.000,1,0,0,0,1,0,1,0,1.0,0.0,0.0,1.0,1.0,0.0,1
"G[1,1](Pt_InsGov <= 0.972 & TotChol <= 173.736)
",0.972,0.972,0.000,1.000,0.000,1,0,0,0,1,0,1,0,1.0,0.0,0.0,1.0,1.0,0.0,1
"G[0,1]((NumPumpBolusOrShortAct <= 0.000 -> BGTestAvgNumPtRep <= 0.000) | HbA1c <= 0.000)
",9999999.000,9999999.000,0.000,1.000,0.000,1,0,0,0,1,0,1,0,1.0,0.0,0.0,1.0,1.0,0.0,1
"G[0,1](((HeightCm >= 135.057 | SMBGperDayPtMeterCombo <= 5.000) -> TotChol <= 5.000) -> WeightKg >= 5.000)
",9999999.000,9999999.000,0.000,1.000,0.000,1,0,0,0,1,0,1,0,1.0,0.0,0.0,1.0,1.0,0.0,1
"G[1,1](Pt_CGMUseNumDays >= 5.594 -> Pt_ChildT1D <= 0.000)
",0.000,0.000,0.000,1.000,0.000,1,0,0,0,1,0,1,0,1.0,0.0,0.0,1.0,1.0,0.0,1
"G[0,0](((Pt_MotherT1D <= 0.000 | UnitsInsBasalOrLongAct >= 11.350) | diabDur <= 11.737) -> Pt_GrandchildT1D <= 11.790)
",-11.790,-11.790,0.000,1.000,0.000,1,0,0,0,1,0,1,0,1.0,0.0,0.0,1.0,1.0,0.0,1
"G[0,1](Pt_InsGov >= 0.249 | BGTestAvgNumMeter <= 5.000)
",9999999.000,9999999.000,0.000,1.000,0.000,1,0,0,0,1,0,1,0,1.0,0.0,0.0,1.0,1.0,0.0,1
"G[0,1](((Pt_CGMUseNumDays >= 4.584 -> WeightKg >= 30.033) | GFR <= 33.585) | HeightCm <= 34.313)
",9999999.000,9999999.000,0.000,1.000,0.000,1,0,0,0,1,0,1,0,1.0,0.0,0.0,1.0,1.0,0.0,1
"G[1,1](BldPrSys <= 112.903 | DirectLDL >= 0.000)
",112.903,112.903,0.000,1.000,0.000,1,0,0,0,1,0,1,0,1.0,0.0,0.0,1.0,1.0,0.0,1
"G[0,0]((LDL >= 95.000 -> Pt_MotherT1D >= 0.000) & bmi >= 0.000)
",0.000,0.000,0.000,1.000,0.000,1,0,0,0,1,0,1,0,1.0,0.0,0.0,1.0,1.0,0.0,1
"G[1,1](((Pt_MotherT1D >= 0.000 -> BldPrDia <= 72.153) | Pt_GrandchildT1D >= 71.238) -> WeightKg <= 72.555)
",-72.555,-72.555,0.000,1.000,0.000,1,0,0,0,1,0,1,0,1.0,0.0,0.0,1.0,1.0,0.0,1
"G[1,1](((Pt_InsGov <= 0.540 -> Pt_DKAFlg <= 0.000) | Pt_SiblingT1D >= 0.000) & TotalDailyInsPerKg <= 0.000)
",0.000,0.000,0.000,1.000,0.000,1,0,0,0,1,0,1,0,1.0,0.0,0.0,1.0,1.0,0.0,1
"G[0,1](((BGTestAvgNumMeter >= 5.000 -> bmi <= 17.129) & bmiPerc >= 16.783) -> bmiPerc <= 16.889)
",9999999.000,9999999.000,0.000,1.000,0.000,1,0,0,0,1,0,1,0,1.0,0.0,0.0,1.0,1.0,0.0,1
"G[0,0](((AlbCreatRat_mggNew <= 0.000 & bmiPerc <= 0.690) & bmiZscore <= 0.691) & LDL >= 0.650)
",-16.549,-16.549,0.000,1.000,0.000,1,0,0,0,1,0,1,0,1.0,0.0,0.0,1.0,1.0,0.0,1
"G[0,1](HbA1c <= 8.099 | BGTestAvgNumMeter <= 5.000)
",9999999.000,9999999.000,0.000,1.000,0.000,1,0,0,0,1,0,1,0,1.0,0.0,0.0,1.0,1.0,0.0,1
"G[0,1]((TotalDailyInsPerKg >= 0.000 | bmiPerc >= 0.671) -> HDL >= 0.670)
",9999999.000,9999999.000,0.000,1.000,0.000,1,0,0,0,1,0,1,0,1.0,0.0,0.0,1.0,1.0,0.0,1
"G[0,1](((Pt_DKAFlg >= 0.000 -> AutonomicNeuroCl >= 0.000) -> Pt_ChildT1D <= 0.000) -> bmi >= 0.000)
",9999999.000,9999999.000,0.000,1.000,0.000,1,0,0,0,1,0,1,0,1.0,0.0,0.0,1.0,1.0,0.0,1
"G[0,1]((AlbCreatRat_mggNew >= 0.000 & Pt_SiblingT1D >= 0.000) -> TotalDailyInsPerKg <= 0.000)
",9999999.000,9999999.000,0.000,1.000,0.000,1,0,0,0,1,0,1,0,1.0,0.0,0.0,1.0,1.0,0.0,1
"G[0,1](Pt_SHFlg >= 0.000 | age <= 8.566)
",9999999.000,9999999.000,0.000,1.000,0.000,1,0,0,0,1,0,1,0,1.0,0.0,0.0,1.0,1.0,0.0,1
"G[0,1](((Pt_GrandparentT1D <= 0.000 | diabDur <= 5.120) | HeightCm <= 5.483) & SMBGperDayPtMeterCombo >= 4.386)
",9999999.000,9999999.000,0.000,1.000,0.000,1,0,0,0,1,0,1,0,1.0,0.0,0.0,1.0,1.0,0.0,1
"G[0,1]((BldPrSys <= 112.973 & UnitsInsBasalOrLongAct >= 10.922) | BGTestAvgNumPtRep <= 11.446)
",9999999.000,9999999.000,0.000,1.000,0.000,1,0,0,0,1,0,1,0,1.0,0.0,0.0,1.0,1.0,0.0,1
"G[0,1](((WeightKg <= 33.444 -> Pt_ChildT1D >= 0.000) -> Pt_CGMUseNumDays >= 0.000) | TotalDailyInsPerKg <= 0.000)
",9999999.000,9999999.000,0.000,1.000,0.000,1,0,0,0,1,0,1,0,1.0,0.0,0.0,1.0,1.0,0.0,1
"G[0,1](((BldPrDia >= 71.064 -> Pt_SiblingT1D >= 0.000) -> Pt_InsGov >= 0.000) & Triglyc >= 0.000)
",9999999.000,9999999.000,0.000,1.000,0.000,1,0,0,0,1,0,1,0,1.0,0.0,0.0,1.0,1.0,0.0,1
"G[0,1]((bmi >= 16.663 | bmi <= 16.953) & WeightKg >= 16.812)
",9999999.000,9999999.000,0.000,1.000,0.000,1,0,0,0,1,0,1,0,1.0,0.0,0.0,1.0,1.0,0.0,1
"G[1,1]((Triglyc >= 91.100 -> UnitsInsBasalOrLongAct >= 10.994) & Pt_ChildT1D <= 11.683)
",10.994,10.994,0.000,1.000,0.000,1,0,0,0,1,0,1,0,1.0,0.0,0.0,1.0,1.0,0.0,1
"G[0,0]((HDL <= 59.835 -> HeightCm >= 136.232) & HbA1cImputeDtMnC <= 142.412)
",35.165,35.165,0.000,1.000,0.000,1,0,0,0,1,0,1,0,1.0,0.0,0.0,1.0,1.0,0.0,1
"G[0,0](((UnitsInsBasalOrLongAct >= 10.892 | BGTestAvgNumMeter >= 5.000) | Pt_A1cGoalLev <= 5.000) -> Pt_A1cGoalLevelDsYr5 <= 5.000)
",-5.800,-5.800,0.000,1.000,0.000,1,0,0,0,1,0,1,0,1.0,0.0,0.0,1.0,1.0,0.0,1
"G[1,1](((HbA1cImputeDtMnC <= 11.684 | BldPrDia <= 72.212) | Pt_MotherT1D >= 71.182) | BGTestAvgNumMeter >= 71.593)
",72.212,72.212,0.000,1.000,0.000,1,0,0,0,1,0,1,0,1.0,0.0,0.0,1.0,1.0,0.0,1
"G[0,0]((age <= 8.748 -> bmiZscore <= 0.448) | Pt_GrandchildT1D >= 0.425)
",-0.425,-0.425,0.000,1.000,0.000,1,0,0,0,1,0,1,0,1.0,0.0,0.0,1.0,1.0,0.0,1
"G[0,1]((diabDur >= 4.576 | Pt_InsGov >= 0.074) & SMBGperDayPtMeterCombo >= 0.498)
",9999999.000,9999999.000,0.000,1.000,0.000,1,0,0,0,1,0,1,0,1.0,0.0,0.0,1.0,1.0,0.0,1
"G[0,0]((HeightCm >= 135.014 | TotChol >= 173.262) & HDL <= 173.941)
",-99.614,-99.614,0.000,1.000,0.000,1,0,0,0,1,0,1,0,1.0,0.0,0.0,1.0,1.0,0.0,1
"G[0,0](HbA1c <= 8.075 & Pt_MotherT1D <= 0.000)
",0.000,0.000,0.000,1.000,0.000,1,0,0,0,1,0,1,0,1.0,0.0,0.0,1.0,1.0,0.0,1
"G[0,0](Pt_FatherT1D >= 0.000 & Pt_MotherT1D <= 0.000)
",0.000,0.000,0.000,1.000,0.000,1,0,0,0,1,0,1,0,1.0,0.0,0.0,1.0,1.0,0.0,1
"G[1,1]((bmiZscore >= 0.445 -> WeightKg >= 32.204) | BldPrDia <= 34.373)
",34.373,34.373,0.000,1.000,0.000,1,0,0,0,1,0,1,0,1.0,0.0,0.0,1.0,1.0,0.0,1
"G[0,1](DirectLDL <= 0.000 & Pt_ChildT1D >= 0.000)
",9999999.000,9999999.000,0.000,1.000,0.000,1,0,0,0,1,0,1,0,1.0,0.0,0.0,1.0,1.0,0.0,1
"G[0,1]((BUN >= 2.766 & AlbCreatRat_mggNew >= 0.000) | Pt_CGMUseNumDays <= 0.000)
",9999999.000,9999999.000,0.000,1.000,0.000,1,0,0,0,1,0,1,0,1.0,0.0,0.0,1.0,1.0,0.0,1
"G[0,1]((Pt_CGMUseNumDays <= 20.366 | bmiPerc <= 0.683) -> GFR <= 0.693)
",9999999.000,9999999.000,0.000,1.000,0.000,1,0,0,0,1,0,1,0,1.0,0.0,0.0,1.0,1.0,0.0,1
"G[0,1](Pt_FatherT1D >= 0.000 & LDL <= 95.000)
",9999999.000,9999999.000,0.000,1.000,0.000,1,0,0,0,1,0,1,0,1.0,0.0,0.0,1.0,1.0,0.0,1
"G[1,1]((BUN <= 9.689 | Pt_CGMUseNumDays <= 19.400) -> bmiPerc <= 24.273)
",-24.273,-24.273,0.000,1.000,0.000,1,0,0,0,1,0,1,0,1.0,0.0,0.0,1.0,1.0,0.0,1
"G[0,1](((Pt_DKAFlg >= 0.000 -> LDL <= 95.000) | BldPrSys >= 95.000) | SMBGperDayPtMeterCombo >= 95.000)
",9999999.000,9999999.000,0.000,1.000,0.000,1,0,0,0,1,0,1,0,1.0,0.0,0.0,1.0,1.0,0.0,1
"G[0,0](UnitsInsBasalOrLongAct <= 11.964 -> Pt_A1cGoalLevelDsYr5 >= 0.000)
",-11.964,-11.964,0.000,1.000,0.000,1,0,0,0,1,0,1,0,1.0,0.0,0.0,1.0,1.0,0.0,1
"G[0,0](((AutonomicNeuroCl >= 0.000 -> HDL <= 59.757) -> Pt_DKAFlg <= 59.698) -> age <= 59.511)
",-59.511,-59.511,0.000,1.000,0.000,1,0,0,0,1,0,1,0,1.0,0.0,0.0,1.0,1.0,0.0,1
"G[0,1](GFR >= 0.000 & SMBGperDayPtMeterCombo <= 5.000)
",9999999.000,9999999.000,0.000,1.000,0.000,1,0,0,0,1,0,1,0,1.0,0.0,0.0,1.0,1.0,0.0,1
"G[0,0]((Pt_SiblingT1D >= 0.000 & diabDur >= 4.900) -> Pt_A1cGoalLevelDsYr5 <= 5.752)
",-5.752,-5.752,0.000,1.000,0.000,1,0,0,0,1,0,1,0,1.0,0.0,0.0,1.0,1.0,0.0,1
"G[0,1]((NumPumpBolusOrShortAct <= 0.000 -> bmiPerc <= 0.696) | Pt_A1cGoalLev <= 0.697)
",9999999.000,9999999.000,0.000,1.000,0.000,1,0,0,0,1,0,1,0,1.0,0.0,0.0,1.0,1.0,0.0,1
"G[0,1](bmiZscore <= 0.453 | Pt_DKAFlg >= 0.000)
",9999999.000,9999999.000,0.000,1.000,0.000,1,0,0,0,1,0,1,0,1.0,0.0,0.0,1.0,1.0,0.0,1
"G[0,0](Pt_MotherT1D >= 0.000 & DirectLDL >= 0.000)
",0.000,0.000,0.000,1.000,0.000,1,0,0,0,1,0,1,0,1.0,0.0,0.0,1.0,1.0,0.0,1
"G[1,1](TSH <= 2.264 | LDL >= 95.000)
",2.264,2.264,0.000,1.000,0.000,1,0,0,0,1,0,1,0,1.0,0.0,0.0,1.0,1.0,0.0,1
"G[0,1]((BldPrSys >= 111.137 | TSH >= 2.143) -> HeightCm >= 2.009)
",9999999.000,9999999.000,0.000,1.000,0.000,1,0,0,0,1,0,1,0,1.0,0.0,0.0,1.0,1.0,0.0,1
"G[0,0](((Pt_DKAFlg <= 0.000 -> TotChol <= 173.717) | Pt_InsGov <= 174.472) -> Pt_SHFlg <= 174.583)
",-174.472,-174.472,0.000,1.000,0.000,1,0,0,0,1,0,1,0,1.0,0.0,0.0,1.0,1.0,0.0,1
"G[0,1](Pt_FatherT1D >= 0.000 -> SMBGperDayPtMeterCombo <= 5.000)
",9999999.000,9999999.000,0.000,1.000,0.000,1,0,0,0,1,0,1,0,1.0,0.0,0.0,1.0,1.0,0.0,1
"G[0,1](((Pt_SiblingT1D <= 0.000 | Pt_GrandparentT1D <= 0.000) & Pt_FatherT1D >= 0.000) -> Pt_FatherT1D <= 0.000)
",9999999.000,9999999.000,0.000,1.000,0.000,1,0,0,0,1,0,1,0,1.0,0.0,0.0,1.0,1.0,0.0,1
"G[1,1](age >= 8.062 -> Pt_MotherT1D >= 0.000)
",0.000,0.000,0.000,1.000,0.000,1,0,0,0,1,0,1,0,1.0,0.0,0.0,1.0,1.0,0.0,1
"G[0,0](((diagAgeCombo >= 0.782 -> HbA1cImputeDtMnC <= 9.061) | Pt_CGMUseNumDays <= 9.444) | Pt_SHFlg <= 12.915)
",-4.180,-4.180,0.000,1.000,0.000,1,0,0,0,1,0,1,0,1.0,0.0,0.0,1.0,1.0,0.0,1
"G[0,1](((Pt_MotherT1D <= 0.000 | HeightCm >= 137.217) -> TotChol >= 135.969) & TotalDailyInsPerKg <= 141.266)
",9999999.000,9999999.000,0.000,1.000,0.000,1,0,0,0,1,0,1,0,1.0,0.0,0.0,1.0,1.0,0.0,1
"G[0,1]((GFR >= 0.000 & Pt_GrandchildT1D <= 0.000) | TotChol <= 0.000)
",9999999.000,9999999.000,0.000,1.000,0.000,1,0,0,0,1,0,1,0,1.0,0.0,0.0,1.0,1.0,0.0,1
"G[0,1](((HeightCm <= 138.956 | BGTestAvgNumPtRep >= 0.000) -> age <= 0.000) -> Pt_A1cGoalLev <= 0.000)
",9999999.000,9999999.000,0.000,1.000,0.000,1,0,0,0,1,0,1,0,1.0,0.0,0.0,1.0,1.0,0.0,1
"G[0,1](((GFR <= 0.000 -> HbA1cImputeDtMnC <= 16.640) & Pt_SHFlg >= 5.647) -> Pt_DKAFlg <= 12.856)
",9999999.000,9999999.000,0.000,1.000,0.000,1,0,0,0,1,0,1,0,1.0,0.0,0.0,1.0,1.0,0.0,1
"G[1,1](Pt_ChildT1D >= 0.000 & Pt_SHFlg = 0.000)
",0.000,0.000,0.000,1.000,0.000,1,0,0,0,1,0,1,0,1.0,0.0,0.0,1.0,1.0,0.0,1
"G[0,0](((Pt_ChildT1D >= 0.000 -> BldPrDia >= 71.073) | bmiZscore <= 72.258) | HDL >= 71.626)
",71.555,71.555,0.000,1.000,0.000,1,0,0,0,1,0,1,0,1.0,0.0,0.0,1.0,1.0,0.0,1
"F[1,1](((Pt_DKAFlg <= 0.000 | TSH >= 1.924) & bmiZscore <= 2.550) & HDL >= 1.983)
",-1.983,-1.983,0.000,0.000,1.000,0,0,0,1,1,0,0,1,0.0,0.0,0.0,0.0,0.0,1.0,-1
"F[0,1](((TSH <= 2.408 | DirectLDL >= 0.000) -> Pt_MotherT1D >= 0.000) | Pt_GrandchildT1D >= 0.000)
",-9999999.000,-9999999.000,0.000,0.000,1.000,0,0,0,1,1,0,0,1,0.0,0.0,0.0,0.0,0.0,1.0,-1
"((UnitsInsBasalOrLongAct >= 11.096) U[2,2] (diagAgeCombo <= 2.840))
",2.840,2.840,0.000,0.000,1.000,0,0,0,1,1,0,0,1,0.0,0.0,0.0,0.0,0.0,1.0,-1
"((AlbCreatRat_mggNew <= 0.000) U[1,2] (LDL >= 95.000))
",-9999999.000,-9999999.000,0.000,0.000,1.000,0,0,0,1,1,0,0,1,0.0,0.0,0.0,0.0,0.0,1.0,-1
"F[1,2]((Pt_SHFlg <= 0.000 & HbA1c >= 8.003) -> HDL <= 8.055)
",-9999999.000,-9999999.000,0.000,0.000,1.000,0,0,0,1,1,0,0,1,0.0,0.0,0.0,0.0,0.0,1.0,-1
"((WeightKg >= 32.258) U[0,2] (bmiPerc >= 0.642))
",-9999999.000,-9999999.000,0.000,0.000,1.000,0,0,0,1,1,0,0,1,0.0,0.0,0.0,0.0,0.0,1.0,-1
"((TotalDailyInsPerKg <= 0.000) U[1,2] (NumPumpBolusOrShortAct >= 0.000))
",-9999999.000,-9999999.000,0.000,0.000,1.000,0,0,0,1,1,0,0,1,0.0,0.0,0.0,0.0,0.0,1.0,-1
"F[0,1](Pt_A1cGoalLevelDsYr5 >= 0.000 -> Pt_GrandchildT1D <= 0.000)
",-9999999.000,-9999999.000,0.000,0.000,1.000,0,0,0,1,1,0,0,1,0.0,0.0,0.0,0.0,0.0,1.0,-1
"F[0,1](((AutonomicNeuroCl <= 0.000 & HeightCm >= 137.509) & Pt_ChildT1D >= 136.743) -> Pt_MotherT1D >= 134.826)
",-9999999.000,-9999999.000,0.000,0.000,1.000,0,0,0,1,1,0,0,1,0.0,0.0,0.0,0.0,0.0,1.0,-1
"F[2,2](diabDur <= 5.021 -> HbA1c >= 8.018)
",-5.021,-5.021,0.000,0.000,1.000,0,0,0,1,1,0,0,1,0.0,0.0,0.0,0.0,0.0,1.0,-1
"F[0,0](((DirectLDL <= 0.000 -> HeightCm <= 141.501) | bmiZscore <= 141.208) | AutonomicNeuroCl <= 139.838)
",140.505,140.505,0.000,0.000,1.000,0,0,0,1,1,0,0,1,0.0,0.0,0.0,0.0,0.0,1.0,-1
"F[2,2](LDL >= 95.000 -> BldPrDia >= 71.207)
",71.207,71.207,0.000,0.000,1.000,0,0,0,1,1,0,0,1,0.0,0.0,0.0,0.0,0.0,1.0,-1
"((Pt_InsGov >= 0.280) U[1,1] (Pt_FatherT1D >= 0.000))
",0.000,0.000,0.000,0.000,1.000,0,0,0,1,1,0,0,1,0.0,0.0,0.0,0.0,0.0,1.0,-1
"F[1,1]((TSH >= 2.077 & LDL >= 95.000) -> Pt_DKAFlg >= 95.000)
",95.000,95.000,0.000,0.000,1.000,0,0,0,1,1,0,0,1,0.0,0.0,0.0,0.0,0.0,1.0,-1
"F[0,0](((Pt_GrandparentT1D <= 0.000 & HbA1cImputeDtMnC <= 16.043) -> DirectLDL >= 7.945) | NumPumpBolusOrShortAct <= 12.111)
",12.111,12.111,0.000,0.000,1.000,0,0,0,1,1,0,0,1,0.0,0.0,0.0,0.0,0.0,1.0,-1
"F[1,2]((bmiZscore <= 0.459 | UnitsInsBasalOrLongAct >= 11.300) -> Pt_A1cGoalLev >= 11.045)
",-9999999.000,-9999999.000,0.000,0.000,1.000,0,0,0,1,1,0,0,1,0.0,0.0,0.0,0.0,0.0,1.0,-1
"((GFR < 0.000) U[0,0] (Pt_SHFlg = 0.000))
",-0.533,-0.533,0.000,0.000,1.000,0,0,0,1,1,0,0,1,0.0,0.0,0.0,0.0,0.0,1.0,-1
"F[1,2](Triglyc >= 77.489 & HDL >= 59.236)
",-9999999.000,-9999999.000,0.000,0.000,1.000,0,0,0,1,1,0,0,1,0.0,0.0,0.0,0.0,0.0,1.0,-1
"F[1,2](HbA1c >= 8.008 -> Pt_A1cGoalLevelDsYr5 = 0.000)
",-9999999.000,-9999999.000,0.000,0.000,1.000,0,0,0,1,1,0,0,1,0.0,0.0,0.0,0.0,0.0,1.0,-1
"((AutonomicNeuroCl <= 0.000) U[0,2] (UnitsInsBasalOrLongAct >= 10.922))
",-9999999.000,-9999999.000,0.000,0.000,1.000,0,0,0,1,1,0,0,1,0.0,0.0,0.0,0.0,0.0,1.0,-1
"F[0,1]((HbA1c >= 8.027 & DirectLDL >= 0.000) & Pt_ChildT1D >= 0.000)
",-9999999.000,-9999999.000,0.000,0.000,1.000,0,0,0,1,1,0,0,1,0.0,0.0,0.0,0.0,0.0,1.0,-1
"F[0,1](((BldPrSys >= 110.552 | Pt_A1cGoalLevelDsYr5 <= 0.000) | SMBGperDayPtMeterCombo >= 0.000) -> diagAgeCombo >= 0.000)
",-9999999.000,-9999999.000,0.000,0.000,1.000,0,0,0,1,1,0,0,1,0.0,0.0,0.0,0.0,0.0,1.0,-1
"((Pt_ChildT1D <= 0.000) U[0,0] (Pt_DKAFlg <= 0.000))
",0.000,0.000,0.000,0.000,1.000,0,0,0,1,1,0,0,1,0.0,0.0,0.0,0.0,0.0,1.0,-1
"F[1,2]((TotChol <= 175.246 -> BGTestAvgNumMeter >= 5.000) & NumPumpBolusOrShortAct <= 5.000)
",-9999999.000,-9999999.000,0.000,0.000,1.000,0,0,0,1,1,0,0,1,0.0,0.0,0.0,0.0,0.0,1.0,-1
"F[0,2]((Pt_ChildT1D >= 0.000 | TSH >= 1.836) | TotalDailyInsPerKg <= 2.450)
",-9999999.000,-9999999.000,0.000,0.000,1.000,0,0,0,1,1,0,0,1,0.0,0.0,0.0,0.0,0.0,1.0,-1
"F[0,2](((Triglyc <= 95.876 & WeightKg >= 32.255) -> diagAgeCombo >= 31.317) | Pt_A1cGoalLev <= 34.098)
",-9999999.000,-9999999.000,0.000,0.000,1.000,0,0,0,1,1,0,0,1,0.0,0.0,0.0,0.0,0.0,1.0,-1
"F[1,2](((UnitsInsBasalOrLongAct >= 10.976 | Triglyc >= 80.131) -> BldPrDia <= 99.383) -> HbA1cImputeDtMnC >= 77.447)
",-9999999.000,-9999999.000,0.000,0.000,1.000,0,0,0,1,1,0,0,1,0.0,0.0,0.0,0.0,0.0,1.0,-1
"F[0,2](((HDL <= 59.798 | Pt_InsGov <= 0.642) & Pt_MotherT1D <= 0.799) -> age <= 0.916)
",-9999999.000,-9999999.000,0.000,0.000,1.000,0,0,0,1,1,0,0,1,0.0,0.0,0.0,0.0,0.0,1.0,-1
"F[1,1]((Pt_SHFlg >= 0.000 & Pt_SiblingT1D <= 0.000) & SMBGperDayPtMeterCombo >= 0.000)
",0.000,0.000,0.000,0.000,1.000,0,0,0,1,1,0,0,1,0.0,0.0,0.0,0.0,0.0,1.0,-1
"F[1,1](((TotChol <= 174.479 | Pt_InsGov <= 0.577) & LDL <= 0.936) | AlbCreatRat_mggNew <= 0.923)
",0.936,0.936,0.000,0.000,1.000,0,0,0,1,1,0,0,1,0.0,0.0,0.0,0.0,0.0,1.0,-1
"((AutonomicNeuroCl <= 0.000) U[2,2] (diagAgeCombo >= 0.877))
",0.000,0.000,0.000,0.000,1.000,0,0,0,1,1,0,0,1,0.0,0.0,0.0,0.0,0.0,1.0,-1
"F[1,2](Pt_A1cGoalLevelDsYr5 >= 0.000 | Triglyc <= 92.483)
",-9999999.000,-9999999.000,0.000,0.000,1.000,0,0,0,1,1,0,0,1,0.0,0.0,0.0,0.0,0.0,1.0,-1
"((BGTestAvgNumMeter >= 5.000) U[1,2] (Pt_DKAFlg >= 0.000))
",-9999999.000,-9999999.000,0.000,0.000,1.000,0,0,0,1,1,0,0,1,0.0,0.0,0.0,0.0,0.0,1.0,-1
"((UnitsInsBasalOrLongAct <= 11.967) U[0,1] (Pt_GrandparentT1D <= 0.000))
",-9999999.000,-9999999.000,0.000,0.000,1.000,0,0,0,1,1,0,0,1,0.0,0.0,0.0,0.0,0.0,1.0,-1
"((TotalDailyInsPerKg >= 0.000) U[0,2] (UnitsInsBasalOrLongAct >= 11.362))
",-9999999.000,-9999999.000,0.000,0.000,1.000,0,0,0,1,1,0,0,1,0.0,0.0,0.0,0.0,0.0,1.0,-1
"F[1,2]((Pt_A1cGoalLev <= 5.369 -> SMBGperDayPtMeterCombo >= 5.000) | Pt_CGMUseNumDays >= 5.000)
",-9999999.000,-9999999.000,0.000,0.000,1.000,0,0,0,1,1,0,0,1,0.0,0.0,0.0,0.0,0.0,1.0,-1
"F[1,1](Pt_InsGov >= 0.115 -> Triglyc <= 94.022)
",-94.022,-94.022,0.000,0.000,1.000,0,0,0,1,1,0,0,1,0.0,0.0,0.0,0.0,0.0,1.0,-1
"((BGTestAvgNumPtRep >= 0.000) U[2,2] (AutonomicNeuroCl <= 0.000))
",0.000,0.000,0.000,0.000,1.000,0,0,0,1,1,0,0,1,0.0,0.0,0.0,0.0,0.0,1.0,-1
"F[1,2]((diagAgeCombo >= 0.842 -> SMBGperDayPtMeterCombo <= 5.000) & AlbCreatRat_mggNew >= 5.000)
",-9999999.000,-9999999.000,0.000,0.000,1.000,0,0,0,1,1,0,0,1,0.0,0.0,0.0,0.0,0.0,1.0,-1
"F[1,1](((Pt_GrandparentT1D >= 0.000 & TotalDailyInsPerKg >= 0.000) -> UnitsInsBasalOrLongAct >= 0.000) & DirectLDL <= 0.000)
",0.000,0.000,0.000,0.000,1.000,0,0,0,1,1,0,0,1,0.0,0.0,0.0,0.0,0.0,1.0,-1
"F[2,2](diagAgeCombo <= 2.932 -> AutonomicNeuroCl >= 0.000)
",-2.932,-2.932,0.000,0.000,1.000,0,0,0,1,1,0,0,1,0.0,0.0,0.0,0.0,0.0,1.0,-1
"F[1,1]((UnitsInsBasalOrLongAct >= 10.962 | HeightCm >= 137.764) | TotalDailyInsPerKg <= 142.764)
",142.764,142.764,0.000,0.000,1.000,0,0,0,1,1,0,0,1,0.0,0.0,0.0,0.0,0.0,1.0,-1
"F[1,1](((bmiZscore >= 0.432 & AutonomicNeuroCl <= 0.000) & Pt_InsGov >= 0.000) -> Pt_GrandparentT1D >= 0.000)
",0.000,0.000,0.000,0.000,1.000,0,0,0,1,1,0,0,1,0.0,0.0,0.0,0.0,0.0,1.0,-1
"F[1,2](Pt_DKAFlg >= 0.000 & Pt_CGMUseNumDays >= 4.855)
",-9999999.000,-9999999.000,0.000,0.000,1.000,0,0,0,1,1,0,0,1,0.0,0.0,0.0,0.0,0.0,1.0,-1
"F[2,2]((HbA1cImputeDtMnC <= 13.431 & BGTestAvgNumMeter >= 5.000) -> NumPumpBolusOrShortAct >= 5.000)
",5.000,5.000,0.000,0.000,1.000,0,0,0,1,1,0,0,1,0.0,0.0,0.0,0.0,0.0,1.0,-1
"F[0,1]((SMBGperDayPtMeterCombo >= 5.000 -> bmiZscore <= 0.484) & Pt_GrandparentT1D <= 0.466)
",-9999999.000,-9999999.000,0.000,0.000,1.000,0,0,0,1,1,0,0,1,0.0,0.0,0.0,0.0,0.0,1.0,-1
"F[1,1](((BGTestAvgNumMeter >= 5.000 -> Pt_MotherT1D >= 0.000) | BGTestAvgNumPtRep >= 0.000) -> Pt_SHFlg >= 0.000)
",0.000,0.000,0.000,0.000,1.000,0,0,0,1,1,0,0,1,0.0,0.0,0.0,0.0,0.0,1.0,-1
"((TotChol >= 171.261) U[0,1] (HeightCm <= 142.406))
",-9999999.000,-9999999.000,0.000,0.000,1.000,0,0,0,1,1,0,0,1,0.0,0.0,0.0,0.0,0.0,1.0,-1
"((Pt_InsGov <= 0.905) U[0,0] (Pt_InsGov >= 0.064))
",0.905,0.905,0.000,0.000,1.000,0,0,0,1,1,0,0,1,0.0,0.0,0.0,0.0,0.0,1.0,-1
"F[1,1](((BldPrSys >= 111.469 | HbA1c >= 8.020) & Pt_GrandparentT1D <= 8.069) -> LDL >= 8.006)
",8.006,8.006,0.000,0.000,1.000,0,0,0,1,1,0,0,1,0.0,0.0,0.0,0.0,0.0,1.0,-1
"F[2,2](((HeightCm >= 137.737 | UnitsInsBasalOrLongAct >= 11.330) & Pt_A1cGoalLev >= 11.176) -> BUN >= 10.921)
",10.921,10.921,0.000,0.000,1.000,0,0,0,1,1,0,0,1,0.0,0.0,0.0,0.0,0.0,1.0,-1
"F[0,1](((HbA1c >= 8.014 & LDL <= 95.000) -> Pt_ChildT1D <= 95.000) & HbA1cImputeDtMnC <= 95.000)
",-9999999.000,-9999999.000,0.000,0.000,1.000,0,0,0,1,1,0,0,1,0.0,0.0,0.0,0.0,0.0,1.0,-1
"F[1,2](((Pt_MotherT1D >= 0.000 -> Pt_GrandchildT1D >= 0.000) -> HbA1c >= 0.000) | HeightCm <= 0.000)
",-9999999.000,-9999999.000,0.000,0.000,1.000,0,0,0,1,1,0,0,1,0.0,0.0,0.0,0.0,0.0,1.0,-1
"F[2,2](((Pt_GrandparentT1D >= 0.000 | Pt_A1cGoalLev >= 0.787) -> Pt_CGMUseNumDays >= 1.330) & GFR <= 7.048)
",0.000,0.000,0.000,0.000,1.000,0,0,0,1,1,0,0,1,0.0,0.0,0.0,0.0,0.0,1.0,-1
"((Pt_CGMUseNumDays >= 0.770) U[0,2] (TotalDailyInsPerKg <= 0.000))
",-9999999.000,-9999999.000,0.000,0.000,1.000,0,0,0,1,1,0,0,1,0.0,0.0,0.0,0.0,0.0,1.0,-1
"F[1,2]((BUN <= 9.650 | Triglyc <= 94.619) | Pt_DKAFlg >= 89.047)
",-9999999.000,-9999999.000,0.000,0.000,1.000,0,0,0,1,1,0,0,1,0.0,0.0,0.0,0.0,0.0,1.0,-1
"F[1,2]((Pt_GrandparentT1D >= 0.000 | TSH >= 2.173) | Pt_GrandparentT1D >= 2.062)
",-9999999.000,-9999999.000,0.000,0.000,1.000,0,0,0,1,1,0,0,1,0.0,0.0,0.0,0.0,0.0,1.0,-1
"F[0,1](AutonomicNeuroCl >= 0.000 -> Pt_ChildT1D <= 0.000)
",-9999999.000,-9999999.000,0.000,0.000,1.000,0,0,0,1,1,0,0,1,0.0,0.0,0.0,0.0,0.0,1.0,-1
"F[0,2]((Pt_CGMUseNumDays >= 2.565 & Pt_FatherT1D >= 0.000) | HDL >= 0.000)
",-9999999.000,-9999999.000,0.000,0.000,1.000,0,0,0,1,1,0,0,1,0.0,0.0,0.0,0.0,0.0,1.0,-1
"F[0,2](Pt_SHFlg <= 0.000 & HbA1c >= 8.049)
",-9999999.000,-9999999.000,0.000,0.000,1.000,0,0,0,1,1,0,0,1,0.0,0.0,0.0,0.0,0.0,1.0,-1
"F[0,2]((bmiZscore <= 0.529 & WeightKg >= 30.266) -> SMBGperDayPtMeterCombo >= 31.478)
",-9999999.000,-9999999.000,0.000,0.000,1.000,0,0,0,1,1,0,0,1,0.0,0.0,0.0,0.0,0.0,1.0,-1
"F[0,2](((diagAgeCombo <= 2.684 & AutonomicNeuroCl <= 0.000) & Pt_DKAFlg <= 0.000) & bmiZscore <= 0.000)
",-9999999.000,-9999999.000,0.000,0.000,1.000,0,0,0,1,1,0,0,1,0.0,0.0,0.0,0.0,0.0,1.0,-1
"F[0,2](((WeightKg <= 34.755 & bmiPerc >= 0.657) -> Pt_DKAFlg <= 0.702) & BldPrSys <= 0.676)
",-9999999.000,-9999999.000,0.000,0.000,1.000,0,0,0,1,1,0,0,1,0.0,0.0,0.0,0.0,0.0,1.0,-1
"((Triglyc >= 81.802) U[0,2] (Pt_A1cGoalLev <= 7.347))
",-9999999.000,-9999999.000,0.000,0.000,1.000,0,0,0,1,1,0,0,1,0.0,0.0,0.0,0.0,0.0,1.0,-1
"F[2,2](TotalDailyInsPerKg >= 0.000 -> HbA1cImputeDtMnC <= 9.285)
",-9.285,-9.285,0.000,0.000,1.000,0,0,0,1,1,0,0,1,0.0,0.0,0.0,0.0,0.0,1.0,-1
"F[0,2]((HbA1cImputeDtMnC <= 14.288 | Pt_InsGov <= 0.672) | Pt_SiblingT1D <= 0.789)
",-9999999.000,-9999999.000,0.000,0.000,1.000,0,0,0,1,1,0,0,1,0.0,0.0,0.0,0.0,0.0,1.0,-1
"F[0,1](((WeightKg <= 34.723 -> UnitsInsBasalOrLongAct >= 11.028) -> DirectLDL >= 11.172) | BUN >= 10.977)
",-9999999.000,-9999999.000,0.000,0.000,1.000,0,0,0,1,1,0,0,1,0.0,0.0,0.0,0.0,0.0,1.0,-1
"F[2,2](LDL >= 95.000 | Pt_SiblingT1D >= 0.000)
",0.000,0.000,0.000,0.000,1.000,0,0,0,1,1,0,0,1,0.0,0.0,0.0,0.0,0.0,1.0,-1
"F[1,2]((Pt_ChildT1D >= 0.000 | TSH <= 2.251) -> Pt_InsGov >= 1.969)
",-9999999.000,-9999999.000,0.000,0.000,1.000,0,0,0,1,1,0,0,1,0.0,0.0,0.0,0.0,0.0,1.0,-1
"F[1,2]((Pt_MotherT1D >= 0.000 & HeightCm <= 140.294) -> HbA1cImputeDtMnC <= 140.730)
",-9999999.000,-9999999.000,0.000,0.000,1.000,0,0,0,1,1,0,0,1,0.0,0.0,0.0,0.0,0.0,1.0,-1
"F[0,2]((DirectLDL >= 0.000 | UnitsInsBasalOrLongAct <= 11.687) & AlbCreatRat_mggNew >= 11.350)
",-9999999.000,-9999999.000,0.000,0.000,1.000,0,0,0,1,1,0,0,1,0.0,0.0,0.0,0.0,0.0,1.0,-1
"F[1,1](((HbA1c <= 8.088 | Pt_GrandchildT1D >= 0.000) -> BldPrDia >= 0.000) | SMBGperDayPtMeterCombo <= 0.000)
",0.000,0.000,0.000,0.000,1.000,0,0,0,1,1,0,0,1,0.0,0.0,0.0,0.0,0.0,1.0,-1
"((TotChol <= 174.070) U[0,2] (HDL >= 59.221))
",-9999999.000,-9999999.000,0.000,0.000,1.000,0,0,0,1,1,0,0,1,0.0,0.0,0.0,0.0,0.0,1.0,-1
"F[1,2](((AlbCreatRat_mggNew <= 0.000 -> BldPrDia >= 71.416) | Pt_A1cGoalLevelDsYr5 <= 72.805) -> Pt_FatherT1D >= 71.144)
",-9999999.000,-9999999.000,0.000,0.000,1.000,0,0,0,1,1,0,0,1,0.0,0.0,0.0,0.0,0.0,1.0,-1
"((age >= 8.093) U[0,1] (Pt_GrandchildT1D <= 0.000))
",-9999999.000,-9999999.000,0.000,0.000,1.000,0,0,0,1,1,0,0,1,0.0,0.0,0.0,0.0,0.0,1.0,-1
"F[1,2](((Pt_GrandchildT1D <= 0.000 | BGTestAvgNumPtRep <= 0.000) & TotChol <= 0.000) -> LDL >= 0.000)
",-9999999.000,-9999999.000,0.000,0.000,1.000,0,0,0,1,1,0,0,1,0.0,0.0,0.0,0.0,0.0,1.0,-1
"F[1,1]((Pt_A1cGoalLevelDsYr5 >= 0.000 -> BUN <= 7.988) -> bmiPerc <= 12.647)
",-12.647,-12.647,0.000,0.000,1.000,0,0,0,1,1,0,0,1,0.0,0.0,0.0,0.0,0.0,1.0,-1
"F[1,1](((TSH >= 1.830 -> diabDur <= 5.845) -> Triglyc <= 5.045) | Pt_DKAFlg <= 5.191)
",5.191,5.191,0.000,0.000,1.000,0,0,0,1,1,0,0,1,0.0,0.0,0.0,0.0,0.0,1.0,-1
"F[1,1]((BldPrDia <= 72.600 & Pt_A1cGoalLevelDsYr5 >= 0.000) | TSH <= 0.000)
",0.000,0.000,0.000,0.000,1.000,0,0,0,1,1,0,0,1,0.0,0.0,0.0,0.0,0.0,1.0,-1
"((HbA1cImputeDtMnC >= 3.923) U[0,2] (LDL <= 95.000))
",-9999999.000,-9999999.000,0.000,0.000,1.000,0,0,0,1,1,0,0,1,0.0,0.0,0.0,0.0,0.0,1.0,-1
"F[1,2]((Pt_GrandparentT1D <= 0.000 -> Pt_MotherT1D <= 0.000) | BldPrDia >= 0.000)
",-9999999.000,-9999999.000,0.000,0.000,1.000,0,0,0,1,1,0,0,1,0.0,0.0,0.0,0.0,0.0,1.0,-1
"F[0,0]((bmiPerc <= 0.697 & bmiZscore >= 0.444) | UnitsInsBasalOrLongAct >= 0.433)
",-0.433,-0.433,0.000,0.000,1.000,0,0,0,1,1,0,0,1,0.0,0.0,0.0,0.0,0.0,1.0,-1
"F[0,2](((Pt_GrandparentT1D >= 0.000 -> TotChol <= 173.554) & HeightCm >= 171.201) -> TotalDailyInsPerKg >= 172.895)
",-9999999.000,-9999999.000,0.000,0.000,1.000,0,0,0,1,1,0,0,1,0.0,0.0,0.0,0.0,0.0,1.0,-1
"F[1,2](Pt_A1cGoalLevelDsYr5 >= 0.000 & Pt_ChildT1D <= 0.000)
",-9999999.000,-9999999.000,0.000,0.000,1.000,0,0,0,1,1,0,0,1,0.0,0.0,0.0,0.0,0.0,1.0,-1
"F[1,2](((LDL <= 95.000 & Pt_ChildT1D >= 0.000) & diagAgeCombo <= 0.000) | Pt_MotherT1D >= 0.000)
",-9999999.000,-9999999.000,0.000,0.000,1.000,0,0,0,1,1,0,0,1,0.0,0.0,0.0,0.0,0.0,1.0,-1
"((bmiZscore <= 0.499) U[0,1] (Pt_SiblingT1D >= 0.000))
",-9999999.000,-9999999.000,0.000,0.000,1.000,0,0,0,1,1,0,0,1,0.0,0.0,0.0,0.0,0.0,1.0,-1
"F[1,2](TotChol >= 172.232 -> BUN <= 12.106)
",-9999999.000,-9999999.000,0.000,0.000,1.000,0,0,0,1,1,0,0,1,0.0,0.0,0.0,0.0,0.0,1.0,-1
"F[1,2](((BUN >= 0.487 -> Pt_SHFlg <= 0.000) | Pt_ChildT1D <= 0.000) -> Pt_SiblingT1D >= 0.000)
",-9999999.000,-9999999.000,0.000,0.000,1.000,0,0,0,1,1,0,0,1,0.0,0.0,0.0,0.0,0.0,1.0,-1
"((bmiPerc >= 0.657) U[0,2] (Pt_GrandparentT1D >= 0.000))
",-9999999.000,-9999999.000,0.000,0.000,1.000,0,0,0,1,1,0,0,1,0.0,0.0,0.0,0.0,0.0,1.0,-1
"F[0,1](TotalDailyInsPerKg <= 0.000 | Pt_A1cGoalLev >= 3.267)
",-9999999.000,-9999999.000,0.000,0.000,1.000,0,0,0,1,1,0,0,1,0.0,0.0,0.0,0.0,0.0,1.0,-1
"F[0,2](((NumPumpBolusOrShortAct <= 0.000 -> Pt_FatherT1D >= 0.000) & HDL >= 0.000) | bmiZscore >= 0.000)
",-9999999.000,-9999999.000,0.000,0.000,1.000,0,0,0,1,1,0,0,1,0.0,0.0,0.0,0.0,0.0,1.0,-1
"((Pt_InsGov > 0.206) U[2,2] (Pt_SHFlg = 0.000))
",0.000,0.000,0.000,0.000,1.000,0,0,0,1,1,0,0,1,0.0,0.0,0.0,0.0,0.0,1.0,-1
"F[0,1]((bmiPerc >= 0.666 -> age <= 8.836) -> Pt_SHFlg >= 8.137)
",-9999999.000,-9999999.000,0.000,0.000,1.000,0,0,0,1,1,0,0,1,0.0,0.0,0.0,0.0,0.0,1.0,-1
"F[0,1]((diagAgeCombo <= 1.678 | Pt_SHFlg >= 0.000) | DirectLDL >= 0.000)
",-9999999.000,-9999999.000,0.000,0.000,1.000,0,0,0,1,1,0,0,1,0.0,0.0,0.0,0.0,0.0,1.0,-1
"((Pt_FatherT1D >= 0.000) U[0,1] (GFR <= 0.000))
",-9999999.000,-9999999.000,0.000,0.000,1.000,0,0,0,1,1,0,0,1,0.0,0.0,0.0,0.0,0.0,1.0,-1
"F[0,1]((Pt_ChildT1D >= 0.000 -> Pt_GrandchildT1D >= 0.000) | WeightKg >= 0.000)
",-9999999.000,-9999999.000,0.000,0.000,1.000,0,0,0,1,1,0,0,1,0.0,0.0,0.0,0.0,0.0,1.0,-1
"F[0,2](((diabDur <= 5.102 -> UnitsInsBasalOrLongAct >= 11.217) & WeightKg <= 11.909) -> BGTestAvgNumPtRep <= 11.879)
",-9999999.000,-9999999.000,0.000,0.000,1.000,0,0,0,1,1,0,0,1,0.0,0.0,0.0,0.0,0.0,1.0,-1
"F[0,2](diabDur >= 4.813 | Pt_GrandchildT1D >= 0.000)
",-9999999.000,-9999999.000,0.000,0.000,1.000,0,0,0,1,1,0,0,1,0.0,0.0,0.0,0.0,0.0,1.0,-1
"F[1,1]((Pt_SiblingT1D >= 0.000 | bmiPerc <= 0.681) & diagAgeCombo <= 0.701)
",0.681,0.681,0.000,0.000,1.000,0,0,0,1,1,0,0,1,0.0,0.0,0.0,0.0,0.0,1.0,-1
"F[0,2](((Pt_DKAFlg <= 0.000 & age <= 8.774) & GFR >= 8.447) | Pt_SHFlg <= 8.501)
",-9999999.000,-9999999.000,0.000,0.000,1.000,0,0,0,1,1,0,0,1,0.0,0.0,0.0,0.0,0.0,1.0,-1
"F[0,1](Pt_ChildT1D >= 0.000 & HDL >= 59.057)
",-9999999.000,-9999999.000,0.000,0.000,1.000,0,0,0,1,1,0,0,1,0.0,0.0,0.0,0.0,0.0,1.0,-1
"F[0,0](((BUN <= 11.900 | diagAgeCombo >= 0.221) | Pt_SiblingT1D >= 0.229) & Pt_InsGov <= 1.678)
",-0.221,-0.221,0.000,0.000,1.000,0,0,0,1,1,0,0,1,0.0,0.0,0.0,0.0,0.0,1.0,-1
"F[2,2](((Pt_GrandparentT1D >= 0.000 | bmi >= 16.455) & Pt_ChildT1D >= 16.717) | Pt_SHFlg <= 16.920)
",16.920,16.920,0.000,0.000,1.000,0,0,0,1,1,0,0,1,0.0,0.0,0.0,0.0,0.0,1.0,-1
"F[2,2](((bmi >= 16.780 | age >= 8.080) -> HbA1cImputeDtMnC >= 8.488) | UnitsInsBasalOrLongAct >= 8.070)
",8.080,8.080,0.000,0.000,1.000,0,0,0,1,1,0,0,1,0.0,0.0,0.0,0.0,0.0,1.0,-1
"((BGTestAvgNumMeter >= 5.000) U[0,2] (BGTestAvgNumPtRep <= 0.000))
",-9999999.000,-9999999.000,0.000,0.000,1.000,0,0,0,1,1,0,0,1,0.0,0.0,0.0,0.0,0.0,1.0,-1
"((HbA1cImputeDtMnC >= 4.400) U[0,2] (BGTestAvgNumPtRep <= 0.000))
",-9999999.000,-9999999.000,0.000,0.000,1.000,0,0,0,1,1,0,0,1,0.0,0.0,0.0,0.0,0.0,1.0,-1
"F[1,2](((Pt_InsGov >= 0.154 -> Pt_InsGov >= 0.370) & bmiPerc >= 0.126) -> AlbCreatRat_mggNew >= 0.161)
",-9999999.000,-9999999.000,0.000,0.000,1.000,0,0,0,1,1,0,0,1,0.0,0.0,0.0,0.0,0.0,1.0,-1
"F[0,1](SMBGperDayPtMeterCombo <= 5.000 -> BldPrDia <= 72.921)
",-9999999.000,-9999999.000,0.000,0.000,1.000,0,0,0,1,1,0,0,1,0.0,0.0,0.0,0.0,0.0,1.0,-1
"((Pt_DKAFlg >= 0.000) U[0,1] (Pt_ChildT1D <= 0.000))
",-9999999.000,-9999999.000,0.000,0.000,1.000,0,0,0,1,1,0,0,1,0.0,0.0,0.0,0.0,0.0,1.0,-1
"F[0,1](TotalDailyInsPerKg <= 0.000 -> Pt_SHFlg <= 0.000)
",-9999999.000,-9999999.000,0.000,0.000,1.000,0,0,0,1,1,0,0,1,0.0,0.0,0.0,0.0,0.0,1.0,-1
"((Pt_MotherT1D <= 0.000) U[0,2] (diagAgeCombo >= 1.437))
",-9999999.000,-9999999.000,0.000,0.000,1.000,0,0,0,1,1,0,0,1,0.0,0.0,0.0,0.0,0.0,1.0,-1
"F[0,2](((TotChol >= 173.133 -> AutonomicNeuroCl <= 0.000) | Pt_A1cGoalLevelDsYr5 <= 0.000) -> BldPrSys <= 0.000)
",-9999999.000,-9999999.000,0.000,0.000,1.000,0,0,0,1,1,0,0,1,0.0,0.0,0.0,0.0,0.0,1.0,-1
"F[0,1]((GFR <= 0.000 -> Pt_SiblingT1D >= 0.000) -> age >= 0.000)
",-9999999.000,-9999999.000,0.000,0.000,1.000,0,0,0,1,1,0,0,1,0.0,0.0,0.0,0.0,0.0,1.0,-1
"F[1,1]((Pt_InsGov >= 0.208 -> AlbCreatRat_mggNew >= 0.000) | Pt_CGMUseNumDays <= 0.000)
",0.000,0.000,0.000,0.000,1.000,0,0,0,1,1,0,0,1,0.0,0.0,0.0,0.0,0.0,1.0,-1
"((Pt_CGMUseNumDays <= 22.977) U[0,1] (BldPrDia >= 71.250))
",-9999999.000,-9999999.000,0.000,0.000,1.000,0,0,0,1,1,0,0,1,0.0,0.0,0.0,0.0,0.0,1.0,-1
"F[0,2]((diagAgeCombo <= 1.505 | HDL <= 59.713) -> Pt_ChildT1D <= 59.765)
",-9999999.000,-9999999.000,0.000,0.000,1.000,0,0,0,1,1,0,0,1,0.0,0.0,0.0,0.0,0.0,1.0,-1
"F[0,1]((BldPrDia <= 72.360 -> Pt_GrandparentT1D <= 0.000) & BGTestAvgNumPtRep >= 0.000)
",-9999999.000,-9999999.000,0.000,0.000,1.000,0,0,0,1,1,0,0,1,0.0,0.0,0.0,0.0,0.0,1.0,-1
"((Pt_A1cGoalLevelDsYr5 <= 0.000) U[1,2] (UnitsInsBasalOrLongAct >= 11.366))
",-9999999.000,-9999999.000,0.000,0.000,1.000,0,0,0,1,1,0,0,1,0.0,0.0,0.0,0.0,0.0,1.0,-1
"F[0,1](Pt_CGMUseNumDays <= 28.337 & Pt_CGMUseNumDays <= 24.274)
",-9999999.000,-9999999.000,0.000,0.000,1.000,0,0,0,1,1,0,0,1,0.0,0.0,0.0,0.0,0.0,1.0,-1
"F[1,1](bmiPerc >= 0.666 & SMBGperDayPtMeterCombo >= 5.000)
",-5.000,-5.000,0.000,0.000,1.000,0,0,0,1,1,0,0,1,0.0,0.0,0.0,0.0,0.0,1.0,-1
"F[0,0](((bmi >= 16.550 -> WeightKg >= 30.453) -> BGTestAvgNumMeter <= 32.891) | bmiZscore <= 34.039)
",33.336,33.336,0.000,0.000,1.000,0,0,0,1,1,0,0,1,0.0,0.0,0.0,0.0,0.0,1.0,-1
"F[0,2](age <= 8.905 -> Pt_A1cGoalLev <= 4.485)
",-9999999.000,-9999999.000,0.000,0.000,1.000,0,0,0,1,1,0,0,1,0.0,0.0,0.0,0.0,0.0,1.0,-1
"F[0,1](Pt_GrandparentT1D >= 0.000 & Pt_InsGov >= 0.081)
",-9999999.000,-9999999.000,0.000,0.000,1.000,0,0,0,1,1,0,0,1,0.0,0.0,0.0,0.0,0.0,1.0,-1
"F[1,2]((Pt_MotherT1D >= 0.000 | age >= 8.205) & HeightCm <= 8.890)
",-9999999.000,-9999999.000,0.000,0.000,1.000,0,0,0,1,1,0,0,1,0.0,0.0,0.0,0.0,0.0,1.0,-1
"((Pt_A1cGoalLev >= 3.165) U[1,1] (Pt_ChildT1D <= 0.000))
",0.000,0.000,0.000,0.000,1.000,0,0,0,1,1,0,0,1,0.0,0.0,0.0,0.0,0.0,1.0,-1
"F[0,1]((Pt_GrandchildT1D <= 0.000 -> HDL <= 59.718) | Pt_ChildT1D <= 59.690)
",-9999999.000,-9999999.000,0.000,0.000,1.000,0,0,0,1,1,0,0,1,0.0,0.0,0.0,0.0,0.0,1.0,-1
"((age <= 8.797) U[0,2] (diabDur >= 4.216))
",-9999999.000,-9999999.000,0.000,0.000,1.000,0,0,0,1,1,0,0,1,0.0,0.0,0.0,0.0,0.0,1.0,-1
"((Pt_CGMUseNumDays <= 17.741) U[0,1] (Pt_FatherT1D <= 0.000))
",-9999999.000,-9999999.000,0.000,0.000,1.000,0,0,0,1,1,0,0,1,0.0,0.0,0.0,0.0,0.0,1.0,-1
"((TSH >= 1.994) U[0,0] (bmi <= 16.924))
",16.924,16.924,0.000,0.000,1.000,0,0,0,1,1,0,0,1,0.0,0.0,0.0,0.0,0.0,1.0,-1
"F[0,0](GFR <= 0.000 | GFR >= 0.000)
",0.533,0.533,0.000,0.000,1.000,0,0,0,1,1,0,0,1,0.0,0.0,0.0,0.0,0.0,1.0,-1
"F[1,1](WeightKg >= 29.906 -> Pt_FatherT1D <= 0.000)
",0.000,0.000,0.000,0.000,1.000,0,0,0,1,1,0,0,1,0.0,0.0,0.0,0.0,0.0,1.0,-1
"((Pt_MotherT1D >= 0.000) U[0,2] (Pt_GrandparentT1D <= 0.000))
",-9999999.000,-9999999.000,0.000,0.000,1.000,0,0,0,1,1,0,0,1,0.0,0.0,0.0,0.0,0.0,1.0,-1
"F[1,2]((Pt_GrandchildT1D >= 0.000 | Pt_A1cGoalLev <= 7.313) & bmi <= 6.360)
",-9999999.000,-9999999.000,0.000,0.000,1.000,0,0,0,1,1,0,0,1,0.0,0.0,0.0,0.0,0.0,1.0,-1
"F[1,2](UnitsInsBasalOrLongAct <= 11.663 & BUN <= 10.620)
",-9999999.000,-9999999.000,0.000,0.000,1.000,0,0,0,1,1,0,0,1,0.0,0.0,0.0,0.0,0.0,1.0,-1
"F[0,2]((Pt_GrandparentT1D <= 0.000 & BldPrDia >= 71.550) -> AutonomicNeuroCl >= 71.896)
",-9999999.000,-9999999.000,0.000,0.000,1.000,0,0,0,1,1,0,0,1,0.0,0.0,0.0,0.0,0.0,1.0,-1
"F[2,2](((bmi <= 17.199 & NumPumpBolusOrShortAct <= 0.000) & HeightCm <= 0.000) -> TotChol >= 0.000)
",0.000,0.000,0.000,0.000,1.000,0,0,0,1,1,0,0,1,0.0,0.0,0.0,0.0,0.0,1.0,-1
"F[1,2](((HbA1cImputeDtMnC <= 11.578 -> TotChol <= 175.387) & WeightKg <= 174.555) & DirectLDL <= 175.327)
",-9999999.000,-9999999.000,0.000,0.000,1.000,0,0,0,1,1,0,0,1,0.0,0.0,0.0,0.0,0.0,1.0,-1
"F[1,2]((TotalDailyInsPerKg <= 0.000 | Pt_CGMUseNumDays <= 20.341) | Pt_A1cGoalLev >= 9.518)
",-9999999.000,-9999999.000,0.000,0.000,1.000,0,0,0,1,1,0,0,1,0.0,0.0,0.0,0.0,0.0,1.0,-1
"F[0,2]((Pt_GrandparentT1D <= 0.000 & BldPrDia >= 71.702) | Pt_SHFlg >= 71.542)
",-9999999.000,-9999999.000,0.000,0.000,1.000,0,0,0,1,1,0,0,1,0.0,0.0,0.0,0.0,0.0,1.0,-1
"F[1,2](((TSH >= 2.171 -> AlbCreatRat_mggNew >= 0.000) -> HbA1c >= 0.000) -> GFR >= 0.000)
",-9999999.000,-9999999.000,0.000,0.000,1.000,0,0,0,1,1,0,0,1,0.0,0.0,0.0,0.0,0.0,1.0,-1
"((Pt_SiblingT1D <= 0.000) U[1,2] (Pt_SHFlg >= 0.000))
",-9999999.000,-9999999.000,0.000,0.000,1.000,0,0,0,1,1,0,0,1,0.0,0.0,0.0,0.0,0.0,1.0,-1
"((Pt_ChildT1D <= 0.000) U[1,1] (Pt_ChildT1D >= 0.000))
",0.000,0.000,0.000,0.000,1.000,0,0,0,1,1,0,0,1,0.0,0.0,0.0,0.0,0.0,1.0,-1
"((HeightCm <= 139.531) U[1,2] (Pt_DKAFlg <= 0.000))
",-9999999.000,-9999999.000,0.000,0.000,1.000,0,0,0,1,1,0,0,1,0.0,0.0,0.0,0.0,0.0,1.0,-1
"F[0,2](((age >= 8.227 & HeightCm >= 136.240) -> HeightCm >= 137.080) -> LDL <= 140.338)
",-9999999.000,-9999999.000,0.000,0.000,1.000,0,0,0,1,1,0,0,1,0.0,0.0,0.0,0.0,0.0,1.0,-1
"F[0,1](((Pt_CGMUseNumDays <= 26.423 -> diagAgeCombo <= 2.825) | TotChol <= 1.684) -> GFR <= 2.481)
",-9999999.000,-9999999.000,0.000,0.000,1.000,0,0,0,1,1,0,0,1,0.0,0.0,0.0,0.0,0.0,1.0,-1
"F[1,2](Pt_GrandparentT1D <= 0.000 | HeightCm >= 135.510)
",-9999999.000,-9999999.000,0.000,0.000,1.000,0,0,0,1,1,0,0,1,0.0,0.0,0.0,0.0,0.0,1.0,-1
"F[0,2]((Pt_GrandchildT1D >= 0.000 & LDL <= 95.000) -> HDL <= 95.000)
",-9999999.000,-9999999.000,0.000,0.000,1.000,0,0,0,1,1,0,0,1,0.0,0.0,0.0,0.0,0.0,1.0,-1
"F[0,1](Pt_CGMUseNumDays <= 18.891 -> SMBGperDayPtMeterCombo <= 5.000)
",-9999999.000,-9999999.000,0.000,0.000,1.000,0,0,0,1,1,0,0,1,0.0,0.0,0.0,0.0,0.0,1.0,-1
"F[0,2](((DirectLDL <= 0.000 & Pt_CGMUseNumDays >= 10.120) | Pt_ChildT1D >= 1.447) & WeightKg >= 11.427)
",-9999999.000,-9999999.000,0.000,0.000,1.000,0,0,0,1,1,0,0,1,0.0,0.0,0.0,0.0,0.0,1.0,-1
"F[0,0](DirectLDL <= 0.000 -> age <= 8.650)
",-8.650,-8.650,0.000,0.000,1.000,0,0,0,1,1,0,0,1,0.0,0.0,0.0,0.0,0.0,1.0,-1
"F[1,2]((SMBGperDayPtMeterCombo <= 5.000 -> TotalDailyInsPerKg <= 0.000) | Pt_A1cGoalLevelDsYr5 >= 0.000)
",-9999999.000,-9999999.000,0.000,0.000,1.000,0,0,0,1,1,0,0,1,0.0,0.0,0.0,0.0,0.0,1.0,-1
"F[2,2](Pt_A1cGoalLev <= 6.466 -> GFR <= 0.000)
",-6.466,-6.466,0.000,0.000,1.000,0,0,0,1,1,0,0,1,0.0,0.0,0.0,0.0,0.0,1.0,-1
"F[1,2](Pt_InsGov >= 0.274 -> Pt_SHFlg <= 0.000)
",-9999999.000,-9999999.000,0.000,0.000,1.000,0,0,0,1,1,0,0,1,0.0,0.0,0.0,0.0,0.0,1.0,-1
"F[1,2](GFR >= 0.000 | SMBGperDayPtMeterCombo <= 5.000)
",-9999999.000,-9999999.000,0.000,0.000,1.000,0,0,0,1,1,0,0,1,0.0,0.0,0.0,0.0,0.0,1.0,-1
"F[0,1]((Pt_GrandparentT1D <= 0.000 -> DirectLDL <= 0.000) | age >= 0.000)
",-9999999.000,-9999999.000,0.000,0.000,1.000,0,0,0,1,1,0,0,1,0.0,0.0,0.0,0.0,0.0,1.0,-1
"F[0,2](((Pt_MotherT1D <= 0.000 & Triglyc >= 90.634) & NumPumpBolusOrShortAct <= 97.912) -> AutonomicNeuroCl <= 103.055)
",-9999999.000,-9999999.000,0.000,0.000,1.000,0,0,0,1,1,0,0,1,0.0,0.0,0.0,0.0,0.0,1.0,-1
"((TotalDailyInsPerKg >= 0.000) U[0,0] (BldPrDia >= 71.444))
",41.556,41.556,0.000,0.000,1.000,0,0,0,1,1,0,0,1,0.0,0.0,0.0,0.0,0.0,1.0,-1
"F[1,2](HbA1c <= 8.065 | BldPrDia <= 72.254)
",-9999999.000,-9999999.000,0.000,0.000,1.000,0,0,0,1,1,0,0,1,0.0,0.0,0.0,0.0,0.0,1.0,-1
"F[0,2]((Pt_GrandparentT1D >= 0.000 & HDL >= 59.433) & Pt_GrandparentT1D <= 59.728)
",-9999999.000,-9999999.000,0.000,0.000,1.000,0,0,0,1,1,0,0,1,0.0,0.0,0.0,0.0,0.0,1.0,-1
"F[0,1]((Pt_GrandchildT1D >= 0.000 & WeightKg <= 35.359) -> Pt_FatherT1D <= 32.970)
",-9999999.000,-9999999.000,0.000,0.000,1.000,0,0,0,1,1,0,0,1,0.0,0.0,0.0,0.0,0.0,1.0,-1
"F[1,1](GFR <= 0.000 -> Pt_SHFlg >= 0.000)
",0.000,0.000,0.000,0.000,1.000,0,0,0,1,1,0,0,1,0.0,0.0,0.0,0.0,0.0,1.0,-1
"F[1,2](Pt_SHFlg <= 0.000 & TotChol >= 171.441)
",-9999999.000,-9999999.000,0.000,0.000,1.000,0,0,0,1,1,0,0,1,0.0,0.0,0.0,0.0,0.0,1.0,-1
"F[2,2]((TotalDailyInsPerKg >= 0.000 & diagAgeCombo >= 0.819) & BGTestAvgNumPtRep <= 2.596)
",-0.819,-0.819,0.000,0.000,1.000,0,0,0,1,1,0,0,1,0.0,0.0,0.0,0.0,0.0,1.0,-1
"F[2,2](((Pt_CGMUseNumDays <= 24.258 | Pt_A1cGoalLevelDsYr5 >= 0.000) -> Pt_GrandparentT1D >= 0.000) & Pt_ChildT1D <= 0.000)
",-24.258,-24.258,0.000,0.000,1.000,0,0,0,1,1,0,0,1,0.0,0.0,0.0,0.0,0.0,1.0,-1
"F[1,2]((diagAgeCombo <= 1.926 | TotalDailyInsPerKg >= 0.000) -> bmiZscore >= 0.000)
",-9999999.000,-9999999.000,0.000,0.000,1.000,0,0,0,1,1,0,0,1,0.0,0.0,0.0,0.0,0.0,1.0,-1
"F[0,2]((Pt_InsGov >= 0.355 -> Pt_GrandparentT1D >= 0.000) & bmiPerc <= 0.000)
",-9999999.000,-9999999.000,0.000,0.000,1.000,0,0,0,1,1,0,0,1,0.0,0.0,0.0,0.0,0.0,1.0,-1
"F[0,0]((AlbCreatRat_mggNew <= 0.000 -> diagAgeCombo >= 1.464) -> AlbCreatRat_mggNew <= 2.346)
",-2.346,-2.346,0.000,0.000,1.000,0,0,0,1,1,0,0,1,0.0,0.0,0.0,0.0,0.0,1.0,-1
"((Pt_SiblingT1D >= 0.000) U[1,2] (Pt_SHFlg <= 0.000))
",-9999999.000,-9999999.000,0.000,0.000,1.000,0,0,0,1,1,0,0,1,0.0,0.0,0.0,0.0,0.0,1.0,-1
"F[0,1](((age >= 8.234 & Pt_MotherT1D >= 0.000) & HDL >= 0.000) | LDL <= 0.000)
",-9999999.000,-9999999.000,0.000,0.000,1.000,0,0,0,1,1,0,0,1,0.0,0.0,0.0,0.0,0.0,1.0,-1
"F[1,2]((HDL <= 59.877 -> BldPrSys <= 112.499) | Pt_GrandchildT1D >= 110.181)
",-9999999.000,-9999999.000,0.000,0.000,1.000,0,0,0,1,1,0,0,1,0.0,0.0,0.0,0.0,0.0,1.0,-1
"F[0,2](bmiPerc <= 0.680 & Pt_GrandchildT1D >= 0.000)
",-9999999.000,-9999999.000,0.000,0.000,1.000,0,0,0,1,1,0,0,1,0.0,0.0,0.0,0.0,0.0,1.0,-1
"((LDL >= 95.000) U[1,1] (HeightCm >= 135.372))
",-95.000,-95.000,0.000,0.000,1.000,0,0,0,1,1,0,0,1,0.0,0.0,0.0,0.0,0.0,1.0,-1
"F[0,2](bmiPerc >= 0.652 -> Pt_SiblingT1D <= 0.000)
",-9999999.000,-9999999.000,0.000,0.000,1.000,0,0,0,1,1,0,0,1,0.0,0.0,0.0,0.0,0.0,1.0,-1
"F[0,0]((Pt_A1cGoalLev >= 0.947 | UnitsInsBasalOrLongAct <= 11.938) & diagAgeCombo <= 11.827)
",11.827,11.827,0.000,0.000,1.000,0,0,0,1,1,0,0,1,0.0,0.0,0.0,0.0,0.0,1.0,-1
"F[0,1](Pt_SiblingT1D >= 0.000 -> Pt_DKAFlg <= 0.000)
",-9999999.000,-9999999.000,0.000,0.000,1.000,0,0,0,1,1,0,0,1,0.0,0.0,0.0,0.0,0.0,1.0,-1
"((HbA1c >= 8.008) U[0,0] (Pt_SHFlg = 0.000))
",-6.178,-6.178,0.000,0.000,1.000,0,0,0,1,1,0,0,1,0.0,0.0,0.0,0.0,0.0,1.0,-1
"F[2,2](NumPumpBolusOrShortAct >= 0.000 & Pt_SHFlg = 0.000)
",0.000,0.000,0.000,0.000,1.000,0,0,0,1,1,0,0,1,0.0,0.0,0.0,0.0,0.0,1.0,-1
"F[1,2]((Triglyc <= 95.018 -> BUN <= 9.024) | BldPrSys >= 0.703)
",-9999999.000,-9999999.000,0.000,0.000,1.000,0,0,0,1,1,0,0,1,0.0,0.0,0.0,0.0,0.0,1.0,-1
"F[0,2](((WeightKg <= 33.240 | Triglyc <= 102.463) & Pt_CGMUseNumDays <= 97.797) & HDL <= 92.627)
",-9999999.000,-9999999.000,0.000,0.000,1.000,0,0,0,1,1,0,0,1,0.0,0.0,0.0,0.0,0.0,1.0,-1
"F[2,2](((bmi >= 16.456 & diabDur <= 5.941) & LDL >= 4.477) & Pt_A1cGoalLevelDsYr5 <= 5.397)
",-16.456,-16.456,0.000,0.000,1.000,0,0,0,1,1,0,0,1,0.0,0.0,0.0,0.0,0.0,1.0,-1
"((BldPrDia <= 72.446) U[0,2] (NumPumpBolusOrShortAct >= 0.000))
",-9999999.000,-9999999.000,0.000,0.000,1.000,0,0,0,1,1,0,0,1,0.0,0.0,0.0,0.0,0.0,1.0,-1
"F[0,0](((Pt_GrandchildT1D >= 0.000 | BldPrDia >= 71.155) -> BldPrSys <= 72.856) | Pt_MotherT1D <= 72.317)
",72.317,72.317,0.000,0.000,1.000,0,0,0,1,1,0,0,1,0.0,0.0,0.0,0.0,0.0,1.0,-1
"F[0,2](HeightCm < 139.025 -> Pt_SHFlg = 0.000)
",-9999999.000,-9999999.000,0.000,0.000,1.000,0,0,0,1,1,0,0,1,0.0,0.0,0.0,0.0,0.0,1.0,-1
"F[0,2](((bmiZscore >= 0.382 & Pt_FatherT1D >= 0.000) | WeightKg >= 0.000) -> AlbCreatRat_mggNew <= 0.000)
",-9999999.000,-9999999.000,0.000,0.000,1.000,0,0,0,1,1,0,0,1,0.0,0.0,0.0,0.0,0.0,1.0,-1
"F[1,2]((Pt_FatherT1D <= 0.000 | LDL <= 95.000) -> NumPumpBolusOrShortAct >= 95.000)
",-9999999.000,-9999999.000,0.000,0.000,1.000,0,0,0,1,1,0,0,1,0.0,0.0,0.0,0.0,0.0,1.0,-1
"F[0,1](Pt_GrandchildT1D <= 0.000 & Pt_SHFlg = 0.000)
",-9999999.000,-9999999.000,0.000,0.000,1.000,0,0,0,1,1,0,0,1,0.0,0.0,0.0,0.0,0.0,1.0,-1
"F[0,2](DirectLDL > 0.000 & Pt_SHFlg = 0.000)
",-9999999.000,-9999999.000,0.000,0.000,1.000,0,0,0,1,1,0,0,1,0.0,0.0,0.0,0.0,0.0,1.0,-1
"F[0,2]((age >= 8.227 -> GFR <= 0.000) & Pt_ChildT1D <= 0.000)
",-9999999.000,-9999999.000,0.000,0.000,1.000,0,0,0,1,1,0,0,1,0.0,0.0,0.0,0.0,0.0,1.0,-1
"F[0,1](Pt_GrandparentT1D < 0.000 -> Pt_SHFlg = 0.000)
",-9999999.000,-9999999.000,0.000,0.000,1.000,0,0,0,1,1,0,0,1,0.0,0.0,0.0,0.0,0.0,1.0,-1
"F[2,2](TotChol > 171.873 & Pt_SHFlg = 0.000)
",-171.873,-171.873,0.000,0.000,1.000,0,0,0,1,1,0,0,1,0.0,0.0,0.0,0.0,0.0,1.0,-1
"((age <= 8.714) U[0,0] (Pt_SHFlg = 0.000))
",8.714,8.714,0.000,0.000,1.000,0,0,0,1,1,0,0,1,0.0,0.0,0.0,0.0,0.0,1.0,-1
"F[2,2]((Pt_FatherT1D >= 0.000 | TSH <= 2.433) | diabDur >= 1.951)
",2.433,2.433,0.000,0.000,1.000,0,0,0,1,1,0,0,1,0.0,0.0,0.0,0.0,0.0,1.0,-1
"((Pt_FatherT1D <= 0.000) U[0,2] (Pt_SHFlg = 0.000))
",-9999999.000,-9999999.000,0.000,0.000,1.000,0,0,0,1,1,0,0,1,0.0,0.0,0.0,0.0,0.0,1.0,-1
"((TotChol < 174.402) U[0,0] (Pt_SHFlg = 0.000))
",115.402,115.402,0.000,0.000,1.000,0,0,0,1,1,0,0,1,0.0,0.0,0.0,0.0,0.0,1.0,-1
"((HbA1c <= 8.054) U[1,2] (UnitsInsBasalOrLongAct <= 11.635))
",-9999999.000,-9999999.000,0.000,0.000,1.000,0,0,0,1,1,0,0,1,0.0,0.0,0.0,0.0,0.0,1.0,-1
"((BGTestAvgNumMeter >= 5.000) U[0,1] (BGTestAvgNumPtRep <= 0.000))
",-9999999.000,-9999999.000,0.000,0.000,1.000,0,0,0,1,1,0,0,1,0.0,0.0,0.0,0.0,0.0,1.0,-1
"((BGTestAvgNumMeter >= 5.000) U[1,1] (BGTestAvgNumPtRep <= 0.000))
",0.000,0.000,0.000,0.000,1.000,0,0,0,1,1,0,0,1,0.0,0.0,0.0,0.0,0.0,1.0,-1
"F[1,2](HbA1c >= 8.016 -> Pt_A1cGoalLevelDsYr5 = 0.000)
",-9999999.000,-9999999.000,0.000,0.000,1.000,0,0,0,1,1,0,0,1,0.0,0.0,0.0,0.0,0.0,1.0,-1
"F[0,2](Pt_MotherT1D > 0.000 -> Pt_SHFlg = 0.000)
",-9999999.000,-9999999.000,0.000,0.000,1.000,0,0,0,1,1,0,0,1,0.0,0.0,0.0,0.0,0.0,1.0,-1
"F[1,1]((Pt_DKAFlg <= 0.000 | AlbCreatRat_mggNew >= 0.000) -> BUN <= 0.000)
",0.000,0.000,0.000,0.000,1.000,0,0,0,1,1,0,0,1,0.0,0.0,0.0,0.0,0.0,1.0,-1
"((Pt_InsGov < 0.673) U[2,2] (Pt_SHFlg = 0.000))
",0.673,0.673,0.000,0.000,1.000,0,0,0,1,1,0,0,1,0.0,0.0,0.0,0.0,0.0,1.0,-1
"F[2,2](BldPrSys > 111.067 -> Pt_SHFlg = 0.000)
",0.000,0.000,0.000,0.000,1.000,0,0,0,1,1,0,0,1,0.0,0.0,0.0,0.0,0.0,1.0,-1
"((age >= 8.423) U[0,2] (Pt_SHFlg = 0.000))
",-9999999.000,-9999999.000,0.000,0.000,1.000,0,0,0,1,1,0,0,1,0.0,0.0,0.0,0.0,0.0,1.0,-1
"((AlbCreatRat_mggNew <= 0.000) U[2,2] (Pt_SHFlg = 0.000))
",0.000,0.000,0.000,0.000,1.000,0,0,0,1,1,0,0,1,0.0,0.0,0.0,0.0,0.0,1.0,-1
"((Pt_MotherT1D >= 0.000) U[2,2] (Pt_SHFlg = 0.000))
",0.000,0.000,0.000,0.000,1.000,0,0,0,1,1,0,0,1,0.0,0.0,0.0,0.0,0.0,1.0,-1
"((HbA1cImputeDtMnC < 11.732) U[1,1] (Pt_SHFlg = 0.000))
",11.732,11.732,0.000,0.000,1.000,0,0,0,1,1,0,0,1,0.0,0.0,0.0,0.0,0.0,1.0,-1
"((BGTestAvgNumMeter >= 5.000) U[1,2] (BGTestAvgNumPtRep <= 0.000))
",-9999999.000,-9999999.000,0.000,0.000,1.000,0,0,0,1,1,0,0,1,0.0,0.0,0.0,0.0,0.0,1.0,-1
"((BGTestAvgNumMeter <= 5.000) U[0,2] (Pt_SHFlg = 0.000))
",-9999999.000,-9999999.000,0.000,0.000,1.000,0,0,0,1,1,0,0,1,0.0,0.0,0.0,0.0,0.0,1.0,-1
"((HbA1cImputeDtMnC > 5.873) U[0,1] (Pt_SHFlg = 0.000))
",-9999999.000,-9999999.000,0.000,0.000,1.000,0,0,0,1,1,0,0,1,0.0,0.0,0.0,0.0,0.0,1.0,-1
"((BGTestAvgNumMeter <= 5.000) U[0,2] (Pt_SHFlg = 0.000))
",-9999999.000,-9999999.000,0.000,0.000,1.000,0,0,0,1,1,0,0,1,0.0,0.0,0.0,0.0,0.0,1.0,-1
"((LDL >= 95.000) U[0,1] (Pt_SHFlg = 0.000))
",-9999999.000,-9999999.000,0.000,0.000,1.000,0,0,0,1,1,0,0,1,0.0,0.0,0.0,0.0,0.0,1.0,-1
"F[0,1](TotChol <= 174.128 & Pt_SHFlg = 0.000)
",-9999999.000,-9999999.000,0.000,0.000,1.000,0,0,0,1,1,0,0,1,0.0,0.0,0.0,0.0,0.0,1.0,-1
"F[0,0](TotChol < 175.457 -> Pt_SHFlg = 0.000)
",-116.457,-116.457,0.000,0.000,1.000,0,0,0,1,1,0,0,1,0.0,0.0,0.0,0.0,0.0,1.0,-1
"F[1,2](Pt_SHFlg > 0.000 & Pt_SHFlg = 0.000)
",-9999999.000,-9999999.000,0.000,0.000,1.000,0,0,0,1,1,0,0,1,0.0,0.0,0.0,0.0,0.0,1.0,-1
"((BGTestAvgNumMeter >= 5.000) U[0,1] (BGTestAvgNumPtRep <= 0.000))
",-9999999.000,-9999999.000,0.000,0.000,1.000,0,0,0,1,1,0,0,1,0.0,0.0,0.0,0.0,0.0,1.0,-1
"F[0,2](BGTestAvgNumMeter < 5.000 -> Pt_SHFlg = 0.000)
",-9999999.000,-9999999.000,0.000,0.000,1.000,0,0,0,1,1,0,0,1,0.0,0.0,0.0,0.0,0.0,1.0,-1
"F[2,2](HbA1c >= 8.028 -> Pt_A1cGoalLevelDsYr5 = 0.000)
",0.000,0.000,0.000,0.000,1.000,0,0,0,1,1,0,0,1,0.0,0.0,0.0,0.0,0.0,1.0,-1
"F[0,1](HbA1c >= 8.015 -> Pt_A1cGoalLevelDsYr5 = 0.000)
",-9999999.000,-9999999.000,0.000,0.000,1.000,0,0,0,1,1,0,0,1,0.0,0.0,0.0,0.0,0.0,1.0,-1
"F[1,1](HbA1c >= 8.021 -> Pt_A1cGoalLevelDsYr5 = 0.000)
",0.000,0.000,0.000,0.000,1.000,0,0,0,1,1,0,0,1,0.0,0.0,0.0,0.0,0.0,1.0,-1
"((BGTestAvgNumMeter >= 5.000) U[0,2] (BGTestAvgNumPtRep <= 0.000))
",-9999999.000,-9999999.000,0.000,0.000,1.000,0,0,0,1,1,0,0,1,0.0,0.0,0.0,0.0,0.0,1.0,-1
"F[0,2](HbA1c >= 8.004 -> Pt_A1cGoalLevelDsYr5 = 0.000)
",-9999999.000,-9999999.000,0.000,0.000,1.000,0,0,0,1,1,0,0,1,0.0,0.0,0.0,0.0,0.0,1.0,-1
"((BGTestAvgNumMeter >= 5.000) U[0,2] (BGTestAvgNumPtRep <= 0.000))
",-9999999.000,-9999999.000,0.000,0.000,1.000,0,0,0,1,1,0,0,1,0.0,0.0,0.0,0.0,0.0,1.0,-1
"F[1,2](HbA1c >= 8.030 -> Pt_A1cGoalLevelDsYr5 = 0.000)
",-9999999.000,-9999999.000,0.000,0.000,1.000,0,0,0,1,1,0,0,1,0.0,0.0,0.0,0.0,0.0,1.0,-1
"((BGTestAvgNumMeter >= 5.000) U[1,2] (BGTestAvgNumPtRep <= 0.000))
",-9999999.000,-9999999.000,0.000,0.000,1.000,0,0,0,1,1,0,0,1,0.0,0.0,0.0,0.0,0.0,1.0,-1
"((BGTestAvgNumMeter >= 5.000) U[1,2] (BGTestAvgNumPtRep <= 0.000))
",-9999999.000,-9999999.000,0.000,0.000,1.000,0,0,0,1,1,0,0,1,0.0,0.0,0.0,0.0,0.0,1.0,-1
"F[1,2](HbA1c >= 8.032 -> Pt_A1cGoalLevelDsYr5 = 0.000)
",-9999999.000,-9999999.000,0.000,0.000,1.000,0,0,0,1,1,0,0,1,0.0,0.0,0.0,0.0,0.0,1.0,-1
"F[1,2](HbA1c >= 8.010 -> Pt_A1cGoalLevelDsYr5 = 0.000)
",-9999999.000,-9999999.000,0.000,0.000,1.000,0,0,0,1,1,0,0,1,0.0,0.0,0.0,0.0,0.0,1.0,-1
"((BGTestAvgNumMeter >= 5.000) U[0,2] (BGTestAvgNumPtRep <= 0.000))
",-9999999.000,-9999999.000,0.000,0.000,1.000,0,0,0,1,1,0,0,1,0.0,0.0,0.0,0.0,0.0,1.0,-1
"F[1,2](HbA1c >= 8.042 -> Pt_A1cGoalLevelDsYr5 = 0.000)
",-9999999.000,-9999999.000,0.000,0.000,1.000,0,0,0,1,1,0,0,1,0.0,0.0,0.0,0.0,0.0,1.0,-1
"F[0,2](((Triglyc >= 87.293 -> HbA1c <= 8.051) -> AutonomicNeuroCl >= 8.048) -> AlbCreatRat_mggNew >= 8.016)
",-9999999.000,-9999999.000,0.000,0.000,1.000,0,0,0,1,1,0,0,1,0.0,0.0,0.0,0.0,0.0,1.0,-1
"((BldPrSys <= 111.980) U[0,2] (BUN >= 5.241))
",-9999999.000,-9999999.000,0.000,0.000,1.000,0,0,0,1,1,0,0,1,0.0,0.0,0.0,0.0,0.0,1.0,-1
"F[1,2](((Pt_ChildT1D <= 0.000 | TSH >= 1.930) & Pt_DKAFlg >= 2.001) | HDL >= 2.163)
",-9999999.000,-9999999.000,0.000,0.000,1.000,0,0,0,1,1,0,0,1,0.0,0.0,0.0,0.0,0.0,1.0,-1
"G[2,2](((BGTestAvgNumMeter <= 5.000 -> Pt_CGMUseNumDays >= 0.217) -> HbA1cImputeDtMnC <= 16.830) & Pt_SHFlg <= 23.740)
",-16.830,-16.830,0.000,1.000,0.000,0,0,1,0,0,1,1,0,0.0,0.0,1.0,0.0,0.0,1.0,1
"G[0,2](SMBGperDayPtMeterCombo >= 5.000 & BGTestAvgNumPtRep >= 0.000)
",9999999.000,9999999.000,0.000,1.000,0.000,0,0,1,0,0,1,1,0,0.0,0.0,1.0,0.0,0.0,1.0,1
"G[0,2]((Pt_GrandchildT1D <= 0.000 & diabDur >= 4.080) & AlbCreatRat_mggNew <= 5.950)
",9999999.000,9999999.000,0.000,1.000,0.000,0,0,0,1,1,0,0,1,0.0,0.0,0.0,0.0,0.0,1.0,1
"G[0,1]((Pt_GrandparentT1D >= 0.000 & TSH <= 2.407) | TotChol <= 2.557)
",9999999.000,9999999.000,0.000,1.000,0.000,0,0,0,1,1,0,0,1,0.0,0.0,0.0,0.0,0.0,1.0,1
"G[1,2](((WeightKg >= 32.046 & Pt_FatherT1D <= 0.000) & Pt_SiblingT1D <= 0.000) -> HeightCm >= 0.000)
",9999999.000,9999999.000,0.000,1.000,0.000,0,0,1,0,0,1,1,0,0.0,0.0,1.0,0.0,0.0,1.0,1
"G[2,2]((AutonomicNeuroCl >= 0.000 & Pt_ChildT1D <= 0.000) -> Pt_A1cGoalLevelDsYr5 >= 0.000)
",0.000,0.000,0.000,1.000,0.000,0,0,1,0,0,1,1,0,0.0,0.0,1.0,0.0,0.0,1.0,1
"G[0,2]((TotChol <= 174.244 | NumPumpBolusOrShortAct <= 0.000) -> Triglyc >= 0.000)
",9999999.000,9999999.000,0.000,1.000,0.000,0,0,1,0,0,1,1,0,0.0,0.0,1.0,0.0,0.0,1.0,1
"G[1,2]((diagAgeCombo >= 1.230 & HbA1cImputeDtMnC >= 5.693) -> HbA1c >= 1.049)
",9999999.000,9999999.000,0.000,1.000,0.000,0,0,1,0,0,1,1,0,0.0,0.0,1.0,0.0,0.0,1.0,1
"G[0,2](((BGTestAvgNumMeter >= 5.000 & HDL <= 59.743) & AlbCreatRat_mggNew <= 59.541) & Pt_A1cGoalLevelDsYr5 >= 59.433)
",9999999.000,9999999.000,0.000,1.000,0.000,0,0,0,1,1,0,0,1,0.0,0.0,0.0,0.0,0.0,1.0,1
"G[2,2](((bmiPerc >= 0.662 & diabDur <= 5.082) -> BldPrSys <= 5.546) | GFR <= 5.677)
",5.677,5.677,0.000,1.000,0.000,0,0,1,0,0,1,1,0,0.0,0.0,1.0,0.0,0.0,1.0,1
"G[0,2](((Pt_ChildT1D <= 0.000 & HbA1c <= 8.090) | bmiPerc >= 8.045) | SMBGperDayPtMeterCombo >= 8.001)
",9999999.000,9999999.000,0.000,1.000,0.000,0,0,0,1,1,0,0,1,0.0,0.0,0.0,0.0,0.0,1.0,1
"G[1,2](((Pt_ChildT1D <= 0.000 -> Pt_ChildT1D >= 0.000) -> Pt_A1cGoalLev >= 0.000) & BldPrDia >= 0.000)
",9999999.000,9999999.000,0.000,1.000,0.000,0,0,1,0,0,1,1,0,0.0,0.0,1.0,0.0,0.0,1.0,1
"G[0,0](WeightKg >= 30.034 & diagAgeCombo <= 2.918)
",-25.034,-25.034,0.000,1.000,0.000,0,0,0,1,1,0,0,1,0.0,0.0,0.0,0.0,0.0,1.0,1
"G[0,1]((TotalDailyInsPerKg >= 0.000 | diagAgeCombo <= 2.851) -> LDL <= 2.179)
",9999999.000,9999999.000,0.000,1.000,0.000,0,0,0,1,1,0,0,1,0.0,0.0,0.0,0.0,0.0,1.0,1
"G[1,2]((Pt_GrandchildT1D >= 0.000 | NumPumpBolusOrShortAct <= 0.000) | Pt_InsGov <= 0.000)
",9999999.000,9999999.000,0.000,1.000,0.000,0,0,1,0,0,1,1,0,0.0,0.0,1.0,0.0,0.0,1.0,1
"G[1,2]((Triglyc >= 79.427 | BGTestAvgNumMeter <= 5.000) & AlbCreatRat_mggNew >= 5.000)
",9999999.000,9999999.000,0.000,1.000,0.000,0,0,0,1,1,0,0,1,0.0,0.0,0.0,0.0,0.0,1.0,1
"G[1,2](((DirectLDL <= 0.000 & diabDur <= 5.120) -> Pt_CGMUseNumDays >= 4.534) -> bmiZscore <= 5.581)
",9999999.000,9999999.000,0.000,1.000,0.000,0,0,1,0,0,1,1,0,0.0,0.0,1.0,0.0,0.0,1.0,1
"G[0,0]((diabDur <= 5.337 & BldPrSys >= 110.213) | Pt_SHFlg >= 110.876)
",-93.781,-93.781,0.000,1.000,0.000,0,0,0,1,1,0,0,1,0.0,0.0,0.0,0.0,0.0,1.0,1
"G[0,0](((HeightCm <= 140.649 -> Pt_InsGov <= 0.805) | TotalDailyInsPerKg >= 0.346) | DirectLDL >= 0.253)
",143.047,143.047,0.000,1.000,0.000,0,0,0,1,1,0,0,1,0.0,0.0,0.0,0.0,0.0,1.0,1
"G[0,2](((Pt_InsGov >= 0.122 -> AutonomicNeuroCl >= 0.000) | HbA1c <= 0.000) -> BldPrDia <= 0.000)
",9999999.000,9999999.000,0.000,1.000,0.000,0,0,0,1,1,0,0,1,0.0,0.0,0.0,0.0,0.0,1.0,1
"G[1,2]((Pt_SHFlg >= 0.000 -> BldPrSys >= 111.180) | HDL <= 112.462)
",9999999.000,9999999.000,0.000,1.000,0.000,0,0,1,0,0,1,1,0,0.0,0.0,1.0,0.0,0.0,1.0,1
"G[1,2]((Pt_MotherT1D <= 0.000 -> Pt_A1cGoalLev <= 5.429) & HbA1c <= 6.346)
",9999999.000,9999999.000,0.000,1.000,0.000,0,0,0,1,1,0,0,1,0.0,0.0,0.0,0.0,0.0,1.0,1
"G[1,2]((Pt_GrandparentT1D <= 0.000 -> BldPrSys >= 110.845) | AutonomicNeuroCl >= 110.787)
",9999999.000,9999999.000,0.000,1.000,0.000,0,0,1,0,0,1,1,0,0.0,0.0,1.0,0.0,0.0,1.0,1
"G[0,2](((BUN >= 1.681 & Pt_MotherT1D >= 0.000) -> TotChol <= 0.000) -> TotChol <= 0.000)
",9999999.000,9999999.000,0.000,1.000,0.000,0,0,0,1,1,0,0,1,0.0,0.0,0.0,0.0,0.0,1.0,1
"G[0,2](((Pt_InsGov >= 0.449 & SMBGperDayPtMeterCombo >= 5.000) | BGTestAvgNumPtRep <= 5.000) & TotalDailyInsPerKg >= 5.000)
",9999999.000,9999999.000,0.000,1.000,0.000,0,0,0,1,1,0,0,1,0.0,0.0,0.0,0.0,0.0,1.0,1
"G[1,1]((BldPrSys >= 110.426 | diagAgeCombo <= 2.831) & BldPrSys <= 1.818)
",1.818,1.818,0.000,1.000,0.000,0,0,0,1,1,0,0,1,0.0,0.0,0.0,0.0,0.0,1.0,1
"G[2,2](((Pt_SHFlg <= 0.000 -> UnitsInsBasalOrLongAct <= 11.815) | HbA1c >= 11.168) & Pt_ChildT1D <= 11.521)
",-11.168,-11.168,0.000,1.000,0.000,0,0,1,0,0,1,1,0,0.0,0.0,1.0,0.0,0.0,1.0,1
"G[2,2]((diagAgeCombo <= 2.925 | Pt_A1cGoalLevelDsYr5 >= 0.000) & Pt_SHFlg >= 0.000)
",0.000,0.000,0.000,1.000,0.000,0,0,1,0,0,1,1,0,0.0,0.0,1.0,0.0,0.0,1.0,1
"G[0,2]((bmiZscore <= 0.459 & BGTestAvgNumMeter <= 5.000) | TSH >= 5.000)
",9999999.000,9999999.000,0.000,1.000,0.000,0,0,0,1,1,0,0,1,0.0,0.0,0.0,0.0,0.0,1.0,1
"G[0,2](Pt_MotherT1D <= 0.000 -> age >= 8.027)
",9999999.000,9999999.000,0.000,1.000,0.000,0,0,0,1,1,0,0,1,0.0,0.0,0.0,0.0,0.0,1.0,1
"G[0,2](LDL <= 95.000 -> HbA1cImputeDtMnC >= 0.034)
",9999999.000,9999999.000,0.000,1.000,0.000,0,0,0,1,1,0,0,1,0.0,0.0,0.0,0.0,0.0,1.0,1
"G[1,2](bmiPerc >= 0.643 | BGTestAvgNumPtRep <= 0.000)
",9999999.000,9999999.000,0.000,1.000,0.000,0,0,1,0,0,1,1,0,0.0,0.0,1.0,0.0,0.0,1.0,1
"G[0,2]((BUN <= 12.642 & AutonomicNeuroCl >= 0.000) & TotChol >= 0.000)
",9999999.000,9999999.000,0.000,1.000,0.000,0,0,0,1,1,0,0,1,0.0,0.0,0.0,0.0,0.0,1.0,1
"G[1,2]((BGTestAvgNumMeter <= 5.000 -> BGTestAvgNumMeter <= 5.000) & HbA1c >= 5.000)
",9999999.000,9999999.000,0.000,1.000,0.000,0,0,1,0,0,1,1,0,0.0,0.0,1.0,0.0,0.0,1.0,1
"G[2,2]((TotalDailyInsPerKg <= 0.000 & HDL >= 59.019) | bmiPerc <= 59.877)
",59.877,59.877,0.000,1.000,0.000,0,0,1,0,0,1,1,0,0.0,0.0,1.0,0.0,0.0,1.0,1
"G[0,1](DirectLDL >= 0.000 & HbA1c <= 8.058)
",9999999.000,9999999.000,0.000,1.000,0.000,0,0,0,1,1,0,0,1,0.0,0.0,0.0,0.0,0.0,1.0,1
"G[0,2]((Pt_FatherT1D <= 0.000 & HeightCm <= 140.984) -> bmiPerc <= 140.383)
",9999999.000,9999999.000,0.000,1.000,0.000,0,0,1,0,0,1,1,0,0.0,0.0,1.0,0.0,0.0,1.0,1
"G[0,2]((WeightKg >= 30.098 -> BldPrDia <= 72.264) | bmiZscore >= 71.729)
",9999999.000,9999999.000,0.000,1.000,0.000,0,0,1,0,0,1,1,0,0.0,0.0,1.0,0.0,0.0,1.0,1
"G[0,2](((Pt_FatherT1D <= 0.000 & AlbCreatRat_mggNew >= 0.000) & BldPrDia <= 0.000) & Pt_ChildT1D >= 0.000)
",9999999.000,9999999.000,0.000,1.000,0.000,0,0,0,1,1,0,0,1,0.0,0.0,0.0,0.0,0.0,1.0,1
"G[1,2](UnitsInsBasalOrLongAct <= 11.481 & AlbCreatRat_mggNew >= 0.000)
",9999999.000,9999999.000,0.000,1.000,0.000,0,0,1,0,0,1,1,0,0.0,0.0,1.0,0.0,0.0,1.0,1
"G[1,2](((AlbCreatRat_mggNew >= 0.000 & AutonomicNeuroCl >= 0.000) & bmiZscore >= 0.000) | Pt_CGMUseNumDays <= 0.000)
",9999999.000,9999999.000,0.000,1.000,0.000,0,0,1,0,0,1,1,0,0.0,0.0,1.0,0.0,0.0,1.0,1
"G[1,1](((BUN <= 12.875 | HeightCm >= 135.138) & BGTestAvgNumPtRep <= 139.751) & BGTestAvgNumPtRep >= 136.205)
",-136.205,-136.205,0.000,1.000,0.000,0,0,0,1,1,0,0,1,0.0,0.0,0.0,0.0,0.0,1.0,1
"G[0,2](((diabDur >= 4.725 -> HeightCm <= 142.290) | TSH <= 141.181) | TotChol >= 138.689)
",9999999.000,9999999.000,0.000,1.000,0.000,0,0,1,0,0,1,1,0,0.0,0.0,1.0,0.0,0.0,1.0,1
"G[0,2]((Pt_A1cGoalLevelDsYr5 >= 0.000 & Pt_FatherT1D >= 0.000) -> Pt_InsGov <= 0.000)
",9999999.000,9999999.000,0.000,1.000,0.000,0,0,0,1,1,0,0,1,0.0,0.0,0.0,0.0,0.0,1.0,1
"G[1,2](((bmiZscore >= 0.446 & Pt_MotherT1D >= 0.000) | HbA1c <= 0.000) & GFR >= 0.000)
",9999999.000,9999999.000,0.000,1.000,0.000,0,0,1,0,0,1,1,0,0.0,0.0,1.0,0.0,0.0,1.0,1
"G[0,1](((BldPrSys <= 111.978 | Pt_InsGov <= 0.625) -> bmiPerc <= 0.745) & BUN <= 0.654)
",9999999.000,9999999.000,0.000,1.000,0.000,0,0,0,1,1,0,0,1,0.0,0.0,0.0,0.0,0.0,1.0,1
"G[2,2](((WeightKg >= 31.787 | bmi >= 16.596) | Pt_SiblingT1D <= 17.171) | bmiZscore <= 17.093)
",17.171,17.171,0.000,1.000,0.000,0,0,1,0,0,1,1,0,0.0,0.0,1.0,0.0,0.0,1.0,1
"G[2,2](TSH >= 2.107 -> Pt_GrandparentT1D <= 0.000)
",0.000,0.000,0.000,1.000,0.000,0,0,1,0,0,1,1,0,0.0,0.0,1.0,0.0,0.0,1.0,1
"G[0,2](bmiPerc <= 0.698 & WeightKg <= 35.305)
",9999999.000,9999999.000,0.000,1.000,0.000,0,0,0,1,1,0,0,1,0.0,0.0,0.0,0.0,0.0,1.0,1
"G[0,2](Pt_DKAFlg <= 0.000 & diabDur <= 5.918)
",9999999.000,9999999.000,0.000,1.000,0.000,0,0,0,1,1,0,0,1,0.0,0.0,0.0,0.0,0.0,1.0,1
"G[0,2]((Pt_SHFlg >= 0.000 & Pt_GrandparentT1D <= 0.000) | age >= 0.000)
",9999999.000,9999999.000,0.000,1.000,0.000,0,0,1,0,0,1,1,0,0.0,0.0,1.0,0.0,0.0,1.0,1
"G[1,2]((Pt_ChildT1D >= 0.000 | age <= 8.848) & BGTestAvgNumPtRep <= 8.650)
",9999999.000,9999999.000,0.000,1.000,0.000,0,0,1,0,0,1,1,0,0.0,0.0,1.0,0.0,0.0,1.0,1
"G[0,1]((LDL <= 95.000 | age >= 8.031) & age >= 8.182)
",9999999.000,9999999.000,0.000,1.000,0.000,0,0,0,1,1,0,0,1,0.0,0.0,0.0,0.0,0.0,1.0,1
"G[1,2](NumPumpBolusOrShortAct <= 0.000 | AlbCreatRat_mggNew <= 0.000)
",9999999.000,9999999.000,0.000,1.000,0.000,0,0,1,0,0,1,1,0,0.0,0.0,1.0,0.0,0.0,1.0,1
"G[0,2](((UnitsInsBasalOrLongAct >= 11.217 & Pt_A1cGoalLevelDsYr5 >= 0.000) | NumPumpBolusOrShortAct <= 0.000) -> Pt_DKAFlg <= 0.000)
",9999999.000,9999999.000,0.000,1.000,0.000,0,0,1,0,0,1,1,0,0.0,0.0,1.0,0.0,0.0,1.0,1
"G[2,2](Triglyc >= 90.209 | Pt_MotherT1D <= 0.000)
",0.000,0.000,0.000,1.000,0.000,0,0,1,0,0,1,1,0,0.0,0.0,1.0,0.0,0.0,1.0,1
"G[0,0](SMBGperDayPtMeterCombo >= 5.000 -> HeightCm >= 138.300)
",-66.000,-66.000,0.000,1.000,0.000,0,0,0,1,1,0,0,1,0.0,0.0,0.0,0.0,0.0,1.0,1
"F[1,2]((SMBGperDayPtMeterCombo >= 5.000 -> Pt_SiblingT1D >= 0.000) & HeightCm <= 0.000)
",-9999999.000,-9999999.000,0.000,0.000,1.000,0,0,0,1,1,0,0,1,0.0,0.0,0.0,0.0,0.0,1.0,-1
"G[0,2]((HbA1c >= 8.015 -> Pt_MotherT1D <= 0.000) | TotalDailyInsPerKg >= 0.000)
",9999999.000,9999999.000,0.000,1.000,0.000,0,0,1,0,0,1,1,0,0.0,0.0,1.0,0.0,0.0,1.0,1
"G[2,2](((Pt_A1cGoalLevelDsYr5 >= 0.000 -> WeightKg >= 30.184) | UnitsInsBasalOrLongAct <= 35.367) & BldPrDia <= 34.058)
",34.058,34.058,0.000,1.000,0.000,0,0,1,0,0,1,1,0,0.0,0.0,1.0,0.0,0.0,1.0,1
"G[1,2](((TotChol >= 173.212 -> Pt_ChildT1D <= 0.000) -> Pt_InsGov >= 0.000) & GFR <= 0.000)
",9999999.000,9999999.000,0.000,1.000,0.000,0,0,1,0,0,1,1,0,0.0,0.0,1.0,0.0,0.0,1.0,1
"G[1,2](((TSH <= 2.478 | Pt_SiblingT1D >= 0.000) | age <= 0.000) & Pt_FatherT1D >= 0.000)
",9999999.000,9999999.000,0.000,1.000,0.000,0,0,1,0,0,1,1,0,0.0,0.0,1.0,0.0,0.0,1.0,1
"G[1,2](((diagAgeCombo <= 1.929 | bmi >= 16.505) & NumPumpBolusOrShortAct <= 16.940) | UnitsInsBasalOrLongAct <= 17.121)
",9999999.000,9999999.000,0.000,1.000,0.000,0,0,1,0,0,1,1,0,0.0,0.0,1.0,0.0,0.0,1.0,1
"G[1,2]((bmiZscore >= 0.377 | Pt_SiblingT1D >= 0.000) & HDL <= 0.000)
",9999999.000,9999999.000,0.000,1.000,0.000,0,0,0,1,1,0,0,1,0.0,0.0,0.0,0.0,0.0,1.0,1
"G[0,2](((BGTestAvgNumMeter <= 5.000 -> Pt_DKAFlg <= 0.000) | diagAgeCombo <= 0.000) | Pt_SHFlg >= 0.000)
",9999999.000,9999999.000,0.000,1.000,0.000,0,0,1,0,0,1,1,0,0.0,0.0,1.0,0.0,0.0,1.0,1
"G[0,2]((UnitsInsBasalOrLongAct <= 11.692 | Pt_CGMUseNumDays >= 6.254) -> Pt_SiblingT1D <= 26.241)
",9999999.000,9999999.000,0.000,1.000,0.000,0,0,1,0,0,1,1,0,0.0,0.0,1.0,0.0,0.0,1.0,1
"G[1,1](((UnitsInsBasalOrLongAct <= 11.460 | UnitsInsBasalOrLongAct <= 11.763) & BGTestAvgNumPtRep <= 11.661) & SMBGperDayPtMeterCombo >= 10.928)
",-10.928,-10.928,0.000,1.000,0.000,0,0,0,1,1,0,0,1,0.0,0.0,0.0,0.0,0.0,1.0,1
"G[0,1](Pt_DKAFlg >= 0.000 -> Triglyc <= 97.312)
",9999999.000,9999999.000,0.000,1.000,0.000,0,0,0,1,1,0,0,1,0.0,0.0,0.0,0.0,0.0,1.0,1
"G[0,1]((TotalDailyInsPerKg >= 0.000 -> diabDur >= 4.359) & bmiZscore >= 4.675)
",9999999.000,9999999.000,0.000,1.000,0.000,0,0,0,1,1,0,0,1,0.0,0.0,0.0,0.0,0.0,1.0,1
"G[0,1]((BGTestAvgNumPtRep <= 0.000 | BGTestAvgNumPtRep <= 0.000) & Pt_CGMUseNumDays <= 0.000)
",9999999.000,9999999.000,0.000,1.000,0.000,0,0,0,1,1,0,0,1,0.0,0.0,0.0,0.0,0.0,1.0,1
"G[0,1](((HbA1cImputeDtMnC >= 2.370 -> AlbCreatRat_mggNew >= 0.000) | Pt_CGMUseNumDays <= 0.000) -> Pt_InsGov <= 0.000)
",9999999.000,9999999.000,0.000,1.000,0.000,0,0,0,1,1,0,0,1,0.0,0.0,0.0,0.0,0.0,1.0,1
"G[0,2](((HbA1cImputeDtMnC <= 13.253 & bmiZscore <= 0.484) & NumPumpBolusOrShortAct <= 0.510) -> Pt_SiblingT1D >= 0.416)
",9999999.000,9999999.000,0.000,1.000,0.000,0,0,0,1,1,0,0,1,0.0,0.0,0.0,0.0,0.0,1.0,1
"G[0,1]((BGTestAvgNumMeter >= 5.000 | HDL >= 59.448) & Pt_SHFlg >= 59.157)
",9999999.000,9999999.000,0.000,1.000,0.000,0,0,0,1,1,0,0,1,0.0,0.0,0.0,0.0,0.0,1.0,1
"G[0,0](bmi >= 16.544 | Pt_InsGov <= 0.591)
",0.591,0.591,0.000,1.000,0.000,0,0,0,1,1,0,0,1,0.0,0.0,0.0,0.0,0.0,1.0,1
"G[2,2]((Pt_SiblingT1D >= 0.000 | Pt_SiblingT1D >= 0.000) & BldPrDia <= 0.000)
",0.000,0.000,0.000,1.000,0.000,0,0,1,0,0,1,1,0,0.0,0.0,1.0,0.0,0.0,1.0,1
"G[2,2](Pt_SHFlg <= 0.000 | BUN <= 7.629)
",7.629,7.629,0.000,1.000,0.000,0,0,1,0,0,1,1,0,0.0,0.0,1.0,0.0,0.0,1.0,1
"G[2,2](((UnitsInsBasalOrLongAct <= 11.563 -> bmi <= 17.084) -> WeightKg >= 16.436) -> diabDur <= 16.947)
",-16.947,-16.947,0.000,1.000,0.000,0,0,1,0,0,1,1,0,0.0,0.0,1.0,0.0,0.0,1.0,1
"G[2,2]((BldPrSys >= 111.043 -> Pt_SHFlg >= 0.000) -> HbA1cImputeDtMnC >= 0.000)
",0.000,0.000,0.000,1.000,0.000,0,0,1,0,0,1,1,0,0.0,0.0,1.0,0.0,0.0,1.0,1
"G[0,2](((BGTestAvgNumPtRep >= 0.000 | Pt_A1cGoalLevelDsYr5 <= 0.000) -> LDL <= 0.000) -> BldPrDia <= 0.000)
",9999999.000,9999999.000,0.000,1.000,0.000,0,0,1,0,0,1,1,0,0.0,0.0,1.0,0.0,0.0,1.0,1
"G[1,2](((HbA1cImputeDtMnC <= 10.717 | TotalDailyInsPerKg <= 0.000) | SMBGperDayPtMeterCombo <= 0.000) & UnitsInsBasalOrLongAct >= 0.000)
",9999999.000,9999999.000,0.000,1.000,0.000,0,0,1,0,0,1,1,0,0.0,0.0,1.0,0.0,0.0,1.0,1
"G[0,1]((AlbCreatRat_mggNew <= 0.000 -> diabDur <= 5.109) & Pt_InsGov >= 4.750)
",9999999.000,9999999.000,0.000,1.000,0.000,0,0,0,1,1,0,0,1,0.0,0.0,0.0,0.0,0.0,1.0,1
"G[2,2](HbA1cImputeDtMnC <= 14.889 | UnitsInsBasalOrLongAct <= 11.784)
",14.889,14.889,0.000,1.000,0.000,0,0,1,0,0,1,1,0,0.0,0.0,1.0,0.0,0.0,1.0,1
"G[0,2]((TotalDailyInsPerKg >= 0.000 | DirectLDL >= 0.000) | Pt_SHFlg <= 0.000)
",9999999.000,9999999.000,0.000,1.000,0.000,0,0,1,0,0,1,1,0,0.0,0.0,1.0,0.0,0.0,1.0,1
"G[1,2]((TotChol >= 171.059 & diagAgeCombo <= 2.638) | BGTestAvgNumMeter >= 1.331)
",9999999.000,9999999.000,0.000,1.000,0.000,0,0,1,0,0,1,1,0,0.0,0.0,1.0,0.0,0.0,1.0,1
"G[1,2](((TotalDailyInsPerKg >= 0.000 & Pt_A1cGoalLev >= 2.588) | SMBGperDayPtMeterCombo >= 2.462) -> Pt_InsGov >= 1.354)
",9999999.000,9999999.000,0.000,1.000,0.000,0,0,0,1,1,0,0,1,0.0,0.0,0.0,0.0,0.0,1.0,1
"G[0,2]((GFR <= 0.000 & BGTestAvgNumPtRep >= 0.000) & bmiPerc >= 0.000)
",9999999.000,9999999.000,0.000,1.000,0.000,0,0,1,0,0,1,1,0,0.0,0.0,1.0,0.0,0.0,1.0,1
"G[0,2]((Triglyc >= 85.047 -> NumPumpBolusOrShortAct >= 0.000) -> Triglyc <= 0.000)
",9999999.000,9999999.000,0.000,1.000,0.000,0,0,0,1,1,0,0,1,0.0,0.0,0.0,0.0,0.0,1.0,1
"G[0,0]((Pt_FatherT1D <= 0.000 & NumPumpBolusOrShortAct <= 0.000) -> BldPrDia <= 0.000)
",0.000,0.000,0.000,1.000,0.000,0,0,0,1,1,0,0,1,0.0,0.0,0.0,0.0,0.0,1.0,1
"G[2,2](((Pt_InsGov <= 0.764 & Pt_FatherT1D >= 0.000) & bmiPerc >= 0.000) -> AlbCreatRat_mggNew <= 0.000)
",0.000,0.000,0.000,1.000,0.000,0,0,1,0,0,1,1,0,0.0,0.0,1.0,0.0,0.0,1.0,1
"G[0,2]((HbA1cImputeDtMnC >= 6.354 & AutonomicNeuroCl <= 0.000) & Pt_FatherT1D >= 0.000)
",9999999.000,9999999.000,0.000,1.000,0.000,0,0,0,1,1,0,0,1,0.0,0.0,0.0,0.0,0.0,1.0,1
"G[0,1]((Pt_InsGov <= 0.871 -> bmi >= 16.544) -> LDL <= 16.925)
",9999999.000,9999999.000,0.000,1.000,0.000,0,0,0,1,1,0,0,1,0.0,0.0,0.0,0.0,0.0,1.0,1
"G[1,2](HbA1c <= 8.075 | TotalDailyInsPerKg >= 0.000)
",9999999.000,9999999.000,0.000,1.000,0.000,0,0,1,0,0,1,1,0,0.0,0.0,1.0,0.0,0.0,1.0,1
"G[1,2](Pt_DKAFlg >= 0.000 -> Pt_FatherT1D <= 0.000)
",9999999.000,9999999.000,0.000,1.000,0.000,0,0,1,0,0,1,1,0,0.0,0.0,1.0,0.0,0.0,1.0,1
"G[0,2]((Pt_CGMUseNumDays <= 17.708 & LDL >= 95.000) | BUN >= 95.000)
",9999999.000,9999999.000,0.000,1.000,0.000,0,0,0,1,1,0,0,1,0.0,0.0,0.0,0.0,0.0,1.0,1
"G[0,1]((TotalDailyInsPerKg >= 0.000 & HDL >= 59.393) | UnitsInsBasalOrLongAct >= 59.011)
",9999999.000,9999999.000,0.000,1.000,0.000,0,0,0,1,1,0,0,1,0.0,0.0,0.0,0.0,0.0,1.0,1
"G[0,2]((WeightKg <= 34.557 | UnitsInsBasalOrLongAct >= 10.851) & DirectLDL <= 11.993)
",9999999.000,9999999.000,0.000,1.000,0.000,0,0,0,1,1,0,0,1,0.0,0.0,0.0,0.0,0.0,1.0,1
"G[0,2]((Pt_SHFlg >= 0.000 | WeightKg >= 30.404) & Pt_FatherT1D >= 31.292)
",9999999.000,9999999.000,0.000,1.000,0.000,0,0,0,1,1,0,0,1,0.0,0.0,0.0,0.0,0.0,1.0,1
"G[0,2](diagAgeCombo <= 2.747 | Pt_SiblingT1D <= 0.000)
",9999999.000,9999999.000,0.000,1.000,0.000,0,0,1,0,0,1,1,0,0.0,0.0,1.0,0.0,0.0,1.0,1
"G[1,1](((WeightKg >= 30.649 -> HbA1c >= 8.012) & LDL <= 8.094) & Pt_GrandchildT1D <= 8.084)
",8.012,8.012,0.000,1.000,0.000,0,0,0,1,1,0,0,1,0.0,0.0,0.0,0.0,0.0,1.0,1
"G[0,2](Pt_CGMUseNumDays <= 27.115 -> SMBGperDayPtMeterCombo >= 5.000)
",9999999.000,9999999.000,0.000,1.000,0.000,0,0,1,0,0,1,1,0,0.0,0.0,1.0,0.0,0.0,1.0,1
"G[0,1]((GFR <= 0.000 & HDL <= 59.961) | TotalDailyInsPerKg >= 59.478)
",9999999.000,9999999.000,0.000,1.000,0.000,0,0,0,1,1,0,0,1,0.0,0.0,0.0,0.0,0.0,1.0,1
"G[0,1](((HbA1cImputeDtMnC <= 9.495 -> UnitsInsBasalOrLongAct <= 11.538) & HbA1c <= 11.670) | bmi <= 11.615)
",9999999.000,9999999.000,0.000,1.000,0.000,0,0,0,1,1,0,0,1,0.0,0.0,0.0,0.0,0.0,1.0,1
"G[0,2](HDL >= 59.095 | bmi <= 17.065)
",9999999.000,9999999.000,0.000,1.000,0.000,0,0,0,1,1,0,0,1,0.0,0.0,0.0,0.0,0.0,1.0,1
"G[2,2](((Pt_ChildT1D >= 0.000 -> HbA1c <= 8.059) & GFR >= 8.027) | DirectLDL <= 8.088)
",8.088,8.088,0.000,1.000,0.000,0,0,1,0,0,1,1,0,0.0,0.0,1.0,0.0,0.0,1.0,1
"G[0,2](Pt_A1cGoalLevelDsYr5 <= 0.000 -> SMBGperDayPtMeterCombo >= 5.000)
",9999999.000,9999999.000,0.000,1.000,0.000,0,0,1,0,0,1,1,0,0.0,0.0,1.0,0.0,0.0,1.0,1
"G[0,2](((bmiZscore >= 0.401 & SMBGperDayPtMeterCombo >= 5.000) & DirectLDL <= 5.000) -> Pt_CGMUseNumDays >= 5.000)
",9999999.000,9999999.000,0.000,1.000,0.000,0,0,0,1,1,0,0,1,0.0,0.0,0.0,0.0,0.0,1.0,1
"G[1,2](((bmiPerc <= 0.690 -> diabDur >= 4.747) | Pt_SiblingT1D >= 4.407) -> Pt_A1cGoalLevelDsYr5 >= 4.650)
",9999999.000,9999999.000,0.000,1.000,0.000,0,0,0,1,1,0,0,1,0.0,0.0,0.0,0.0,0.0,1.0,1
"G[1,2](((AutonomicNeuroCl >= 0.000 & BUN >= 1.271) | BGTestAvgNumMeter >= 1.460) & BldPrDia <= 9.563)
",9999999.000,9999999.000,0.000,1.000,0.000,0,0,0,1,1,0,0,1,0.0,0.0,0.0,0.0,0.0,1.0,1
"G[2,2](((Pt_DKAFlg >= 0.000 & TSH <= 2.430) -> WeightKg >= 2.022) -> DirectLDL <= 2.243)
",-2.243,-2.243,0.000,1.000,0.000,0,0,1,0,0,1,1,0,0.0,0.0,1.0,0.0,0.0,1.0,1
"G[0,2](((HbA1c <= 8.081 | diabDur >= 4.494) | Pt_SiblingT1D <= 5.326) | Pt_FatherT1D >= 4.990)
",9999999.000,9999999.000,0.000,1.000,0.000,0,0,1,0,0,1,1,0,0.0,0.0,1.0,0.0,0.0,1.0,1
"G[0,1](((GFR <= 0.000 & bmi >= 16.587) | Pt_SiblingT1D >= 16.521) & HDL >= 16.750)
",9999999.000,9999999.000,0.000,1.000,0.000,0,0,0,1,1,0,0,1,0.0,0.0,0.0,0.0,0.0,1.0,1
"G[0,2]((HDL <= 59.929 & Pt_InsGov >= 0.463) | Pt_MotherT1D <= 0.567)
",9999999.000,9999999.000,0.000,1.000,0.000,0,0,1,0,0,1,1,0,0.0,0.0,1.0,0.0,0.0,1.0,1
"G[2,2](((UnitsInsBasalOrLongAct <= 11.811 | Pt_CGMUseNumDays <= 23.558) & HbA1cImputeDtMnC <= 23.228) | UnitsInsBasalOrLongAct <= 26.032)
",26.032,26.032,0.000,1.000,0.000,0,0,1,0,0,1,1,0,0.0,0.0,1.0,0.0,0.0,1.0,1
"G[0,2]((Pt_ChildT1D >= 0.000 & LDL <= 95.000) -> diagAgeCombo <= 95.000)
",9999999.000,9999999.000,0.000,1.000,0.000,0,0,1,0,0,1,1,0,0.0,0.0,1.0,0.0,0.0,1.0,1
"G[1,2](SMBGperDayPtMeterCombo >= 5.000 & BGTestAvgNumPtRep >= 0.000)
",9999999.000,9999999.000,0.000,1.000,0.000,0,0,1,0,0,1,1,0,0.0,0.0,1.0,0.0,0.0,1.0,1
"G[0,2]((WeightKg >= 31.595 | bmi >= 16.796) -> UnitsInsBasalOrLongAct <= 11.481)
",9999999.000,9999999.000,0.000,1.000,0.000,0,0,1,0,0,1,1,0,0.0,0.0,1.0,0.0,0.0,1.0,1
"F[0,2](BGTestAvgNumPtRep <= 0.000 & Pt_InsGov >= 0.070)
",-9999999.000,-9999999.000,0.000,0.000,1.000,0,0,0,1,1,0,0,1,0.0,0.0,0.0,0.0,0.0,1.0,-1
"F[1,1]((bmiPerc <= 0.676 -> Pt_GrandchildT1D >= 0.000) | Pt_SHFlg <= 0.000)
",0.000,0.000,0.000,0.000,1.000,0,0,0,1,1,0,0,1,0.0,0.0,0.0,0.0,0.0,1.0,-1
"F[0,1]((HbA1cImputeDtMnC <= 10.958 | TotalDailyInsPerKg <= 0.000) | Pt_CGMUseNumDays >= 0.000)
",-9999999.000,-9999999.000,0.000,0.000,1.000,0,0,0,1,1,0,0,1,0.0,0.0,0.0,0.0,0.0,1.0,-1
"G[1,1]((Pt_CGMUseNumDays >= 10.188 -> DirectLDL >= 0.000) -> bmi <= 0.000)
",0.000,0.000,0.000,1.000,0.000,0,0,0,1,1,0,0,1,0.0,0.0,0.0,0.0,0.0,1.0,1
"G[2,2]((HbA1cImputeDtMnC <= 14.141 & SMBGperDayPtMeterCombo <= 5.000) -> WeightKg >= 5.000)
",-5.000,-5.000,0.000,1.000,0.000,0,0,1,0,0,1,1,0,0.0,0.0,1.0,0.0,0.0,1.0,1
"G[0,2](((Pt_CGMUseNumDays >= 9.586 & BUN >= 3.088) & AutonomicNeuroCl >= 0.410) | diabDur <= 7.455)
",9999999.000,9999999.000,0.000,1.000,0.000,0,0,1,0,0,1,1,0,0.0,0.0,1.0,0.0,0.0,1.0,1
"G[1,2](diabDur >= 4.805 & Pt_SHFlg >= 0.000)
",9999999.000,9999999.000,0.000,1.000,0.000,0,0,1,0,0,1,1,0,0.0,0.0,1.0,0.0,0.0,1.0,1
"G[0,1](((TotalDailyInsPerKg >= 0.000 -> Triglyc >= 83.861) -> Pt_SiblingT1D <= 96.648) -> NumPumpBolusOrShortAct >= 77.448)
",9999999.000,9999999.000,0.000,1.000,0.000,0,0,0,1,1,0,0,1,0.0,0.0,0.0,0.0,0.0,1.0,1
"G[0,2](((Triglyc >= 82.044 -> diabDur >= 4.774) & UnitsInsBasalOrLongAct >= 4.957) -> Pt_GrandchildT1D >= 4.005)
",9999999.000,9999999.000,0.000,1.000,0.000,0,0,0,1,1,0,0,1,0.0,0.0,0.0,0.0,0.0,1.0,1
"G[2,2](GFR <= 0.000 & BUN >= 4.518)
",-4.518,-4.518,0.000,1.000,0.000,0,0,1,0,0,1,1,0,0.0,0.0,1.0,0.0,0.0,1.0,1
"G[0,1](HbA1cImputeDtMnC <= 9.765 & TotalDailyInsPerKg <= 0.000)
",9999999.000,9999999.000,0.000,1.000,0.000,0,0,0,1,1,0,0,1,0.0,0.0,0.0,0.0,0.0,1.0,1
"G[0,2](BldPrDia <= 72.054 | GFR <= 0.000)
",9999999.000,9999999.000,0.000,1.000,0.000,0,0,1,0,0,1,1,0,0.0,0.0,1.0,0.0,0.0,1.0,1
"G[0,1](((TotalDailyInsPerKg >= 0.000 | Triglyc >= 82.905) -> Pt_FatherT1D >= 77.235) & Pt_ChildT1D <= 98.913)
",9999999.000,9999999.000,0.000,1.000,0.000,0,0,0,1,1,0,0,1,0.0,0.0,0.0,0.0,0.0,1.0,1
"G[0,2](((Pt_DKAFlg >= 0.000 -> Pt_GrandparentT1D >= 0.000) | HDL >= 0.000) & HbA1cImputeDtMnC <= 0.000)
",9999999.000,9999999.000,0.000,1.000,0.000,0,0,0,1,1,0,0,1,0.0,0.0,0.0,0.0,0.0,1.0,1
"G[0,0](TotChol <= 175.350 & BGTestAvgNumMeter >= 5.000)
",5.800,5.800,0.000,1.000,0.000,0,0,0,1,1,0,0,1,0.0,0.0,0.0,0.0,0.0,1.0,1
"G[0,2](((HbA1c <= 8.056 -> LDL <= 95.000) | bmiZscore <= 95.000) | GFR >= 95.000)
",9999999.000,9999999.000,0.000,1.000,0.000,0,0,1,0,0,1,1,0,0.0,0.0,1.0,0.0,0.0,1.0,1
"G[0,2]((HDL >= 59.033 | Pt_A1cGoalLev <= 5.521) & Pt_SiblingT1D >= 2.149)
",9999999.000,9999999.000,0.000,1.000,0.000,0,0,0,1,1,0,0,1,0.0,0.0,0.0,0.0,0.0,1.0,1
"G[0,1](((HbA1c <= 8.082 & bmi <= 17.070) -> age <= 17.015) & UnitsInsBasalOrLongAct >= 16.765)
",9999999.000,9999999.000,0.000,1.000,0.000,0,0,0,1,1,0,0,1,0.0,0.0,0.0,0.0,0.0,1.0,1
"G[1,1]((SMBGperDayPtMeterCombo <= 5.000 & BUN >= 6.344) & HbA1cImputeDtMnC >= 0.843)
",-6.344,-6.344,0.000,1.000,0.000,0,0,0,1,1,0,0,1,0.0,0.0,0.0,0.0,0.0,1.0,1
"G[0,0]((SMBGperDayPtMeterCombo <= 5.000 & age <= 8.641) -> TotChol <= 8.999)
",50.001,50.001,0.000,1.000,0.000,0,0,0,1,1,0,0,1,0.0,0.0,0.0,0.0,0.0,1.0,1
"G[0,1](((Pt_InsGov >= 0.064 | diagAgeCombo <= 2.347) & Pt_DKAFlg >= 1.288) & Pt_GrandchildT1D <= 2.986)
",9999999.000,9999999.000,0.000,1.000,0.000,0,0,0,1,1,0,0,1,0.0,0.0,0.0,0.0,0.0,1.0,1
"G[0,2]((WeightKg <= 34.320 & TotalDailyInsPerKg <= 0.000) -> UnitsInsBasalOrLongAct >= 0.000)
",9999999.000,9999999.000,0.000,1.000,0.000,0,0,1,0,0,1,1,0,0.0,0.0,1.0,0.0,0.0,1.0,1
"G[1,2](NumPumpBolusOrShortAct >= 0.000 & BldPrSys >= 111.027)
",9999999.000,9999999.000,0.000,1.000,0.000,0,0,1,0,0,1,1,0,0.0,0.0,1.0,0.0,0.0,1.0,1
"G[2,2]((BUN <= 12.897 -> NumPumpBolusOrShortAct <= 0.000) -> Pt_DKAFlg <= 0.000)
",0.000,0.000,0.000,1.000,0.000,0,0,1,0,0,1,1,0,0.0,0.0,1.0,0.0,0.0,1.0,1
"G[1,2]((Pt_FatherT1D <= 0.000 & BGTestAvgNumMeter <= 5.000) | Pt_MotherT1D >= 5.000)
",9999999.000,9999999.000,0.000,1.000,0.000,0,0,1,0,0,1,1,0,0.0,0.0,1.0,0.0,0.0,1.0,1
"G[0,1]((diagAgeCombo >= 1.474 & WeightKg >= 31.311) & HbA1cImputeDtMnC <= 33.624)
",9999999.000,9999999.000,0.000,1.000,0.000,0,0,0,1,1,0,0,1,0.0,0.0,0.0,0.0,0.0,1.0,1
"((Pt_FatherT1D <= 0.000) U[1,2] (Pt_GrandparentT1D <= 0.000))
",-9999999.000,-9999999.000,0.000,0.000,1.000,0,0,0,1,1,0,0,1,0.0,0.0,0.0,0.0,0.0,1.0,-1
"F[1,2](diagAgeCombo <= 1.563 & TotChol >= 171.043)
",-9999999.000,-9999999.000,0.000,0.000,1.000,0,0,0,1,1,0,0,1,0.0,0.0,0.0,0.0,0.0,1.0,-1
"G[0,1](GFR <= 0.000 -> BUN >= 1.073)
",9999999.000,9999999.000,0.000,1.000,0.000,0,0,0,1,1,0,0,1,0.0,0.0,0.0,0.0,0.0,1.0,1
"F[2,2](TotChol >= 173.368 -> Pt_A1cGoalLevelDsYr5 <= 0.000)
",0.000,0.000,0.000,0.000,1.000,0,0,0,1,1,0,0,1,0.0,0.0,0.0,0.0,0.0,1.0,-1
"F[0,2](((GFR >= 0.000 -> Pt_InsGov >= 0.078) -> Pt_A1cGoalLevelDsYr5 <= 0.744) & BldPrSys <= 0.817)
",-9999999.000,-9999999.000,0.000,0.000,1.000,0,0,0,1,1,0,0,1,0.0,0.0,0.0,0.0,0.0,1.0,-1
"F[0,1](bmiZscore >= 0.429 -> TSH >= 1.864)
",-9999999.000,-9999999.000,0.000,0.000,1.000,0,0,0,1,1,0,0,1,0.0,0.0,0.0,0.0,0.0,1.0,-1
"F[0,0]((Pt_InsGov >= 0.432 | age >= 8.275) | DirectLDL <= 8.761)
",-0.432,-0.432,0.000,0.000,1.000,0,0,0,1,1,0,0,1,0.0,0.0,0.0,0.0,0.0,1.0,-1
"F[0,1]((Pt_ChildT1D <= 0.000 & SMBGperDayPtMeterCombo >= 5.000) | NumPumpBolusOrShortAct <= 5.000)
",-9999999.000,-9999999.000,0.000,0.000,1.000,0,0,0,1,1,0,0,1,0.0,0.0,0.0,0.0,0.0,1.0,-1
"F[0,0](((TSH >= 1.972 & Pt_A1cGoalLevelDsYr5 >= 0.000) -> age >= 0.000) | GFR <= 0.000)
",0.000,0.000,0.000,0.000,1.000,0,0,0,1,1,0,0,1,0.0,0.0,0.0,0.0,0.0,1.0,-1
"F[2,2]((TotChol >= 171.225 -> Pt_GrandchildT1D <= 0.000) & Pt_A1cGoalLevelDsYr5 >= 0.000)
",0.000,0.000,0.000,0.000,1.000,0,0,0,1,1,0,0,1,0.0,0.0,0.0,0.0,0.0,1.0,-1
"F[0,2](BUN >= 2.740 & LDL <= 95.000)
",-9999999.000,-9999999.000,0.000,0.000,1.000,0,0,0,1,1,0,0,1,0.0,0.0,0.0,0.0,0.0,1.0,-1
"F[1,2]((Pt_FatherT1D >= 0.000 -> DirectLDL >= 0.000) & Pt_GrandparentT1D >= 0.000)
",-9999999.000,-9999999.000,0.000,0.000,1.000,0,0,0,1,1,0,0,1,0.0,0.0,0.0,0.0,0.0,1.0,-1
"F[1,2](((AlbCreatRat_mggNew <= 0.000 & BUN <= 10.885) | GFR >= 0.107) | age >= 5.721)
",-9999999.000,-9999999.000,0.000,0.000,1.000,0,0,0,1,1,0,0,1,0.0,0.0,0.0,0.0,0.0,1.0,-1
"F[2,2]((Pt_MotherT1D <= 0.000 -> AlbCreatRat_mggNew >= 0.000) | Pt_MotherT1D <= 0.000)
",0.000,0.000,0.000,0.000,1.000,0,0,0,1,1,0,0,1,0.0,0.0,0.0,0.0,0.0,1.0,-1
"F[2,2](BldPrDia <= 72.437 | HeightCm >= 134.764)
",72.437,72.437,0.000,0.000,1.000,0,0,0,1,1,0,0,1,0.0,0.0,0.0,0.0,0.0,1.0,-1
"F[0,1]((Triglyc >= 88.412 | HbA1cImputeDtMnC >= 6.274) & BUN >= 4.833)
",-9999999.000,-9999999.000,0.000,0.000,1.000,0,0,0,1,1,0,0,1,0.0,0.0,0.0,0.0,0.0,1.0,-1
"F[0,1](Pt_A1cGoalLevelDsYr5 <= 0.000 | Pt_ChildT1D <= 0.000)
",-9999999.000,-9999999.000,0.000,0.000,1.000,0,0,0,1,1,0,0,1,0.0,0.0,0.0,0.0,0.0,1.0,-1
"((TSH <= 2.559) U[0,2] (AlbCreatRat_mggNew <= 0.000))
",-9999999.000,-9999999.000,0.000,0.000,1.000,0,0,0,1,1,0,0,1,0.0,0.0,0.0,0.0,0.0,1.0,-1
"((Pt_CGMUseNumDays >= 2.579) U[0,2] (BGTestAvgNumPtRep <= 0.000))
",-9999999.000,-9999999.000,0.000,0.000,1.000,0,0,0,1,1,0,0,1,0.0,0.0,0.0,0.0,0.0,1.0,-1
"F[0,2]((age <= 8.928 | diagAgeCombo <= 2.760) | Pt_SiblingT1D >= 0.629)
",-9999999.000,-9999999.000,0.000,0.000,1.000,0,0,0,1,1,0,0,1,0.0,0.0,0.0,0.0,0.0,1.0,-1
"((BGTestAvgNumPtRep >= 0.000) U[0,0] (Pt_A1cGoalLevelDsYr5 >= 0.000))
",5.000,5.000,0.000,0.000,1.000,0,0,0,1,1,0,0,1,0.0,0.0,0.0,0.0,0.0,1.0,-1
"F[0,2]((Pt_DKAFlg <= 0.000 -> Triglyc >= 84.445) -> SMBGperDayPtMeterCombo >= 78.748)
",-9999999.000,-9999999.000,0.000,0.000,1.000,0,0,0,1,1,0,0,1,0.0,0.0,0.0,0.0,0.0,1.0,-1
"F[1,2]((TSH >= 1.976 & Pt_SiblingT1D <= 0.000) -> BUN >= 0.000)
",-9999999.000,-9999999.000,0.000,0.000,1.000,0,0,0,1,1,0,0,1,0.0,0.0,0.0,0.0,0.0,1.0,-1
"F[0,2](((AlbCreatRat_mggNew >= 0.000 | Pt_GrandchildT1D >= 0.000) | DirectLDL >= 0.000) & GFR >= 0.000)
",-9999999.000,-9999999.000,0.000,0.000,1.000,0,0,0,1,1,0,0,1,0.0,0.0,0.0,0.0,0.0,1.0,-1
"F[0,2](BGTestAvgNumMeter >= 5.000 & Pt_CGMUseNumDays <= 15.934)
",-9999999.000,-9999999.000,0.000,0.000,1.000,0,0,0,1,1,0,0,1,0.0,0.0,0.0,0.0,0.0,1.0,-1
"F[1,2](Pt_ChildT1D >= 0.000 -> bmiZscore >= 0.420)
",-9999999.000,-9999999.000,0.000,0.000,1.000,0,0,0,1,1,0,0,1,0.0,0.0,0.0,0.0,0.0,1.0,-1
"F[1,1]((DirectLDL >= 0.000 & bmiZscore >= 0.377) | Pt_A1cGoalLev <= 0.519)
",0.519,0.519,0.000,0.000,1.000,0,0,0,1,1,0,0,1,0.0,0.0,0.0,0.0,0.0,1.0,-1
"F[0,2](((Pt_InsGov <= 0.950 | Pt_FatherT1D <= 0.000) | BGTestAvgNumMeter >= 0.000) | BUN >= 0.000)
",-9999999.000,-9999999.000,0.000,0.000,1.000,0,0,0,1,1,0,0,1,0.0,0.0,0.0,0.0,0.0,1.0,-1
"F[0,2](((Pt_ChildT1D <= 0.000 | BGTestAvgNumMeter <= 5.000) & AlbCreatRat_mggNew >= 5.000) & age <= 5.000)
",-9999999.000,-9999999.000,0.000,0.000,1.000,0,0,0,1,1,0,0,1,0.0,0.0,0.0,0.0,0.0,1.0,-1
"G[1,2](((Pt_FatherT1D >= 0.000 -> Pt_A1cGoalLev <= 7.188) -> Pt_SiblingT1D >= 1.614) & BGTestAvgNumMeter >= 0.419)
",9999999.000,9999999.000,0.000,1.000,0.000,0,0,0,1,1,0,0,1,0.0,0.0,0.0,0.0,0.0,1.0,1
"G[1,2](((Pt_GrandchildT1D <= 0.000 & Triglyc <= 101.948) | WeightKg <= 101.938) & Pt_A1cGoalLev >= 80.021)
",9999999.000,9999999.000,0.000,1.000,0.000,0,0,0,1,1,0,0,1,0.0,0.0,0.0,0.0,0.0,1.0,1
"G[1,1]((AutonomicNeuroCl >= 0.000 -> bmiPerc >= 0.643) -> Pt_GrandchildT1D >= 0.663)
",0.000,0.000,0.000,1.000,0.000,0,0,0,1,1,0,0,1,0.0,0.0,0.0,0.0,0.0,1.0,1
"G[0,2](SMBGperDayPtMeterCombo <= 5.000 & bmi >= 16.529)
",9999999.000,9999999.000,0.000,1.000,0.000,0,0,0,1,1,0,0,1,0.0,0.0,0.0,0.0,0.0,1.0,1
"G[0,2](((NumPumpBolusOrShortAct >= 0.000 -> TotalDailyInsPerKg <= 0.000) -> diabDur >= 0.000) -> Pt_A1cGoalLev >= 0.000)
",9999999.000,9999999.000,0.000,1.000,0.000,0,0,1,0,0,1,1,0,0.0,0.0,1.0,0.0,0.0,1.0,1
"G[0,2](LDL <= 95.000 | BUN >= 1.676)
",9999999.000,9999999.000,0.000,1.000,0.000,0,0,1,0,0,1,1,0,0.0,0.0,1.0,0.0,0.0,1.0,1
"G[0,2](((AlbCreatRat_mggNew >= 0.000 -> bmiPerc <= 0.692) | Pt_A1cGoalLev <= 0.674) | TotalDailyInsPerKg >= 0.653)
",9999999.000,9999999.000,0.000,1.000,0.000,0,0,1,0,0,1,1,0,0.0,0.0,1.0,0.0,0.0,1.0,1
"G[0,0](BldPrSys <= 112.878 & HDL <= 59.729)
",-35.271,-35.271,0.000,1.000,0.000,0,0,0,1,1,0,0,1,0.0,0.0,0.0,0.0,0.0,1.0,1
"G[1,2](BldPrSys >= 110.051 -> Pt_SHFlg = 0.000)
",9999999.000,9999999.000,0.000,1.000,0.000,0,0,1,0,0,1,1,0,0.0,0.0,1.0,0.0,0.0,1.0,1
"G[0,2](TotalDailyInsPerKg > 0.000 & Pt_SHFlg = 0.000)
",9999999.000,9999999.000,0.000,1.000,0.000,0,0,0,1,1,0,0,1,0.0,0.0,0.0,0.0,0.0,1.0,1
"G[1,2](HbA1c <= 8.093 -> Pt_SHFlg = 0.000)
",9999999.000,9999999.000,0.000,1.000,0.000,0,0,1,0,0,1,1,0,0.0,0.0,1.0,0.0,0.0,1.0,1
"G[0,1](BldPrDia <= 72.184 & Pt_SHFlg = 0.000)
",9999999.000,9999999.000,0.000,1.000,0.000,0,0,0,1,1,0,0,1,0.0,0.0,0.0,0.0,0.0,1.0,1
"G[2,2](GFR <= 0.000 -> BUN >= 3.391)
",0.000,0.000,0.000,1.000,0.000,0,0,1,0,0,1,1,0,0.0,0.0,1.0,0.0,0.0,1.0,1
"G[1,1](GFR <= 0.000 -> BUN >= 3.114)
",0.000,0.000,0.000,1.000,0.000,0,0,0,1,1,0,0,1,0.0,0.0,0.0,0.0,0.0,1.0,1
"G[1,2]((WeightKg >= 30.582 | bmi >= 16.412) -> UnitsInsBasalOrLongAct <= 11.921)
",9999999.000,9999999.000,0.000,1.000,0.000,0,0,1,0,0,1,1,0,0.0,0.0,1.0,0.0,0.0,1.0,1
"G[0,1](GFR <= 0.000 -> BUN >= 3.542)
",9999999.000,9999999.000,0.000,1.000,0.000,0,0,0,1,1,0,0,1,0.0,0.0,0.0,0.0,0.0,1.0,1
"G[2,2](SMBGperDayPtMeterCombo >= 5.000 & BGTestAvgNumPtRep >= 0.000)
",-5.000,-5.000,0.000,1.000,0.000,0,0,1,0,0,1,1,0,0.0,0.0,1.0,0.0,0.0,1.0,1
"G[1,2]((WeightKg >= 31.009 | bmi >= 16.538) -> UnitsInsBasalOrLongAct <= 11.506)
",9999999.000,9999999.000,0.000,1.000,0.000,0,0,1,0,0,1,1,0,0.0,0.0,1.0,0.0,0.0,1.0,1
"G[0,1](HbA1c >= 8.045 & TSH <= 2.465)
",9999999.000,9999999.000,0.000,1.000,0.000,0,0,0,1,1,0,0,1,0.0,0.0,0.0,0.0,0.0,1.0,1
"G[0,2](GFR <= 0.000 -> BUN >= 4.969)
",9999999.000,9999999.000,0.000,1.000,0.000,0,0,0,1,1,0,0,1,0.0,0.0,0.0,0.0,0.0,1.0,1
"G[2,2](GFR <= 0.000 -> BUN >= 5.986)
",0.000,0.000,0.000,1.000,0.000,0,0,1,0,0,1,1,0,0.0,0.0,1.0,0.0,0.0,1.0,1
"G[0,2](SMBGperDayPtMeterCombo >= 5.000 & BGTestAvgNumPtRep >= 0.000)
",9999999.000,9999999.000,0.000,1.000,0.000,0,0,1,0,0,1,1,0,0.0,0.0,1.0,0.0,0.0,1.0,1
"G[1,1](GFR <= 0.000 -> BUN >= 3.856)
",0.000,0.000,0.000,1.000,0.000,0,0,0,1,1,0,0,1,0.0,0.0,0.0,0.0,0.0,1.0,1
"G[1,2](SMBGperDayPtMeterCombo >= 5.000 & BGTestAvgNumPtRep >= 0.000)
",9999999.000,9999999.000,0.000,1.000,0.000,0,0,1,0,0,1,1,0,0.0,0.0,1.0,0.0,0.0,1.0,1
"G[2,2]((WeightKg >= 30.640 | bmi >= 16.590) -> UnitsInsBasalOrLongAct <= 11.965)
",-11.965,-11.965,0.000,1.000,0.000,0,0,1,0,0,1,1,0,0.0,0.0,1.0,0.0,0.0,1.0,1
"G[0,2](GFR <= 0.000 -> BUN >= 4.747)
",9999999.000,9999999.000,0.000,1.000,0.000,0,0,0,1,1,0,0,1,0.0,0.0,0.0,0.0,0.0,1.0,1
"G[2,2]((WeightKg >= 30.005 | bmi >= 16.696) -> UnitsInsBasalOrLongAct <= 11.847)
",-11.847,-11.847,0.000,1.000,0.000,0,0,1,0,0,1,1,0,0.0,0.0,1.0,0.0,0.0,1.0,1
"G[0,2](GFR <= 0.000 -> BUN >= 5.318)
",9999999.000,9999999.000,0.000,1.000,0.000,0,0,0,1,1,0,0,1,0.0,0.0,0.0,0.0,0.0,1.0,1
"G[1,2](SMBGperDayPtMeterCombo >= 5.000 & BGTestAvgNumPtRep >= 0.000)
",9999999.000,9999999.000,0.000,1.000,0.000,0,0,1,0,0,1,1,0,0.0,0.0,1.0,0.0,0.0,1.0,1
"G[1,2](((TotChol <= 175.955 | BGTestAvgNumPtRep <= 0.000) -> HbA1c >= 0.000) | TotalDailyInsPerKg <= 0.000)
",9999999.000,9999999.000,0.000,1.000,0.000,0,0,1,0,0,1,1,0,0.0,0.0,1.0,0.0,0.0,1.0,1
"G[1,2]((UnitsInsBasalOrLongAct >= 10.825 & diabDur >= 4.443) & Pt_SiblingT1D <= 5.998)
",9999999.000,9999999.000,0.000,1.000,0.000,0,0,0,1,1,0,0,1,0.0,0.0,0.0,0.0,0.0,1.0,1
"G[1,2]((Pt_ChildT1D >= 0.000 & DirectLDL <= 0.000) -> Pt_CGMUseNumDays >= 0.000)
",9999999.000,9999999.000,0.000,1.000,0.000,0,0,1,0,0,1,1,0,0.0,0.0,1.0,0.0,0.0,1.0,1
"G[1,2](((TSH >= 1.959 -> SMBGperDayPtMeterCombo <= 5.000) -> BUN <= 5.000) | HeightCm >= 5.000)
",9999999.000,9999999.000,0.000,1.000,0.000,0,0,1,0,0,1,1,0,0.0,0.0,1.0,0.0,0.0,1.0,1
"G[1,2](Pt_DKAFlg >= 0.000 -> Pt_SHFlg <= 0.000)
",9999999.000,9999999.000,0.000,1.000,0.000,0,0,1,0,0,1,1,0,0.0,0.0,1.0,0.0,0.0,1.0,1
"G[0,2](((Pt_SiblingT1D >= 0.000 -> Pt_FatherT1D <= 0.000) | DirectLDL >= 0.000) & TSH >= 0.000)
",9999999.000,9999999.000,0.000,1.000,0.000,0,0,1,0,0,1,1,0,0.0,0.0,1.0,0.0,0.0,1.0,1
"G[1,2]((Pt_GrandparentT1D >= 0.000 & HbA1cImputeDtMnC <= 8.850) & Pt_SHFlg <= 11.149)
",9999999.000,9999999.000,0.000,1.000,0.000,0,0,0,1,1,0,0,1,0.0,0.0,0.0,0.0,0.0,1.0,1
"G[2,2]((DirectLDL >= 0.000 | BGTestAvgNumMeter <= 5.000) & WeightKg <= 5.000)
",5.000,5.000,0.000,1.000,0.000,0,0,1,0,0,1,1,0,0.0,0.0,1.0,0.0,0.0,1.0,1
"G[2,2](BGTestAvgNumPtRep >= 0.000 & Pt_InsGov >= 0.186)
",-0.186,-0.186,0.000,1.000,0.000,0,0,1,0,0,1,1,0,0.0,0.0,1.0,0.0,0.0,1.0,1
"G[0,2](Pt_SiblingT1D <= 0.000 & UnitsInsBasalOrLongAct >= 11.364)
",9999999.000,9999999.000,0.000,1.000,0.000,0,0,0,1,1,0,0,1,0.0,0.0,0.0,0.0,0.0,1.0,1
"G[0,1]((bmiPerc <= 0.700 -> age >= 8.018) -> TotChol <= 8.973)
",9999999.000,9999999.000,0.000,1.000,0.000,0,0,0,1,1,0,0,1,0.0,0.0,0.0,0.0,0.0,1.0,1
"G[1,1]((Pt_FatherT1D >= 0.000 -> diabDur >= 4.686) -> Pt_InsGov >= 4.933)
",0.000,0.000,0.000,1.000,0.000,0,0,0,1,1,0,0,1,0.0,0.0,0.0,0.0,0.0,1.0,1
"G[0,1](HeightCm <= 139.122 & bmiPerc <= 0.685)
",9999999.000,9999999.000,0.000,1.000,0.000,0,0,0,1,1,0,0,1,0.0,0.0,0.0,0.0,0.0,1.0,1
"G[0,2](((HDL >= 59.148 -> diagAgeCombo <= 1.719) | diagAgeCombo >= 1.248) & HDL >= 1.310)
",9999999.000,9999999.000,0.000,1.000,0.000,0,0,1,0,0,1,1,0,0.0,0.0,1.0,0.0,0.0,1.0,1
"G[1,2](((UnitsInsBasalOrLongAct <= 11.686 | BldPrSys >= 110.088) -> TSH <= 112.968) -> TotChol >= 110.246)
",9999999.000,9999999.000,0.000,1.000,0.000,0,0,1,0,0,1,1,0,0.0,0.0,1.0,0.0,0.0,1.0,1
"G[2,2](((GFR <= 0.000 & diagAgeCombo >= 0.703) & DirectLDL <= 1.876) & Pt_A1cGoalLevelDsYr5 >= 0.180)
",-0.703,-0.703,0.000,1.000,0.000,0,0,1,0,0,1,1,0,0.0,0.0,1.0,0.0,0.0,1.0,1
"G[2,2](((WeightKg <= 34.572 | BGTestAvgNumPtRep >= 0.000) -> SMBGperDayPtMeterCombo <= 0.000) | UnitsInsBasalOrLongAct <= 0.000)
",0.000,0.000,0.000,1.000,0.000,0,0,1,0,0,1,1,0,0.0,0.0,1.0,0.0,0.0,1.0,1
"G[1,1](((NumPumpBolusOrShortAct >= 0.000 | DirectLDL <= 0.000) & HbA1cImputeDtMnC >= 0.000) & BldPrDia <= 0.000)
",0.000,0.000,0.000,1.000,0.000,0,0,0,1,1,0,0,1,0.0,0.0,0.0,0.0,0.0,1.0,1
"G[1,2](((Pt_CGMUseNumDays >= 10.692 -> SMBGperDayPtMeterCombo >= 5.000) -> Pt_SHFlg >= 5.000) | TSH >= 5.000)
",9999999.000,9999999.000,0.000,1.000,0.000,0,0,0,1,1,0,0,1,0.0,0.0,0.0,0.0,0.0,1.0,1
"G[0,1]((age >= 8.175 & BGTestAvgNumPtRep >= 0.000) & Pt_SiblingT1D >= 0.000)
",9999999.000,9999999.000,0.000,1.000,0.000,0,0,0,1,1,0,0,1,0.0,0.0,0.0,0.0,0.0,1.0,1
"G[0,1](((bmiZscore >= 0.434 -> Pt_ChildT1D >= 0.000) & Pt_GrandparentT1D >= 0.000) -> Pt_CGMUseNumDays <= 0.000)
",9999999.000,9999999.000,0.000,1.000,0.000,0,0,0,1,1,0,0,1,0.0,0.0,0.0,0.0,0.0,1.0,1
"G[1,2]((diabDur >= 4.400 | BUN <= 11.680) & HbA1cImputeDtMnC <= 8.029)
",9999999.000,9999999.000,0.000,1.000,0.000,0,0,0,1,1,0,0,1,0.0,0.0,0.0,0.0,0.0,1.0,1
"G[1,2]((HbA1c >= 8.001 -> BGTestAvgNumPtRep >= 0.000) & TotChol >= 0.000)
",9999999.000,9999999.000,0.000,1.000,0.000,0,0,1,0,0,1,1,0,0.0,0.0,1.0,0.0,0.0,1.0,1
"G[1,2](((HeightCm >= 136.116 | Pt_GrandparentT1D <= 0.000) | diagAgeCombo <= 0.000) | BGTestAvgNumMeter <= 0.000)
",9999999.000,9999999.000,0.000,1.000,0.000,0,0,1,0,0,1,1,0,0.0,0.0,1.0,0.0,0.0,1.0,1
"G[0,1](GFR <= 0.000 -> BUN >= 0.320)
",9999999.000,9999999.000,0.000,1.000,0.000,0,0,0,1,1,0,0,1,0.0,0.0,0.0,0.0,0.0,1.0,1
"G[0,1]((Pt_ChildT1D >= 0.000 | TSH >= 2.127) & Pt_SHFlg >= 1.897)
",9999999.000,9999999.000,0.000,1.000,0.000,0,0,0,1,1,0,0,1,0.0,0.0,0.0,0.0,0.0,1.0,1
"G[1,2](((TotalDailyInsPerKg <= 0.000 -> Triglyc >= 88.201) -> bmiPerc <= 104.502) | bmiPerc >= 83.870)
",9999999.000,9999999.000,0.000,1.000,0.000,0,0,1,0,0,1,1,0,0.0,0.0,1.0,0.0,0.0,1.0,1
"G[0,2]((Pt_GrandparentT1D >= 0.000 -> bmiZscore <= 0.471) -> bmiZscore <= 0.477)
",9999999.000,9999999.000,0.000,1.000,0.000,0,0,1,0,0,1,1,0,0.0,0.0,1.0,0.0,0.0,1.0,1
"((AlbCreatRat_mggNew <= 0.000) U[1,2] (SMBGperDayPtMeterCombo >= 5.000))
",-9999999.000,-9999999.000,0.000,0.000,1.000,0,0,0,1,1,0,0,1,0.0,0.0,0.0,0.0,0.0,1.0,-1
