Rule,Discrimination Score,Pos Robustness,Neg Robustness,Percent Class +,Percent Class -,TP,TN,FP,FN,Actual Yes,Actual No,Predicted Yes,Predicted No,TPR/Sens,TNR/Spec,FPR,Precision,Accuracy,MCR
"F[1,2](HbA1c >= 7.926 -> Pt_A1cGoalLevelDsYr5 = 0.000)
",0.000,0.000,0.000,0.000,1.000,0,1,0,0,0,1,0,1,0.0,1.0,0.0,0.0,1.0,0.0
"((Pt_FatherT1D <= 0.000) U[0,0] (TotChol >= 11.298))
",0.000,0.000,0.000,0.000,1.000,0,1,0,0,0,1,0,1,0.0,1.0,0.0,0.0,1.0,0.0
"F[1,2](((BldPrDia <= 76.811 | BldPrSys <= 131.201) | NumPumpBolusOrShortAct <= 131.832) -> age <= 131.668)
",0.000,0.000,0.000,0.000,1.000,0,1,0,0,0,1,0,1,0.0,1.0,0.0,0.0,1.0,0.0
"((Pt_ChildT1D <= 0.000) U[0,1] (Pt_SHFlg <= 0.888))
",0.000,0.000,0.000,0.000,1.000,0,1,0,0,0,1,0,1,0.0,1.0,0.0,0.0,1.0,0.0
"F[0,0]((TotalDailyInsPerKg >= 0.000 | BldPrSys <= 131.630) | DirectLDL >= 130.818)
",0.000,0.000,0.000,0.000,1.000,0,1,0,0,0,1,0,1,0.0,1.0,0.0,0.0,1.0,0.0
"F[1,1]((Pt_A1cGoalLev >= 2.440 | TotChol <= 116.519) | AlbCreatRat_mggNew <= 153.482)
",0.000,0.000,0.000,0.000,1.000,0,1,0,0,0,1,0,1,0.0,1.0,0.0,0.0,1.0,0.0
"((AlbCreatRat_mggNew <= 10.546) U[0,1] (diagAgeCombo >= 4.614))
",0.000,0.000,0.000,0.000,1.000,0,1,0,0,0,1,0,1,0.0,1.0,0.0,0.0,1.0,0.0
"F[1,2](((HeightCm <= 169.209 | AlbCreatRat_mggNew <= 9.419) & age <= 9.393) -> bmi >= 5.086)
",0.000,0.000,0.000,0.000,1.000,0,1,0,0,0,1,0,1,0.0,1.0,0.0,0.0,1.0,0.0
"F[1,1]((UnitsInsBasalOrLongAct >= 22.425 & Pt_ChildT1D >= 0.000) -> WeightKg <= 0.000)
",0.000,0.000,0.000,0.000,1.000,0,1,0,0,0,1,0,1,0.0,1.0,0.0,0.0,1.0,0.0
"F[1,1](((BldPrSys >= 130.637 | HDL >= 23.481) -> diabDur <= 83.966) | Triglyc >= 3.781)
",0.000,0.000,0.000,0.000,1.000,0,1,0,0,0,1,0,1,0.0,1.0,0.0,0.0,1.0,0.0
"((Pt_A1cGoalLev >= 2.349) U[0,1] (BUN <= 7.745))
",0.000,0.000,0.000,0.000,1.000,0,1,0,0,0,1,0,1,0.0,1.0,0.0,0.0,1.0,0.0
"F[0,1](((Pt_SiblingT1D >= 0.000 | Pt_InsGov >= 0.000) -> BldPrSys >= 0.000) & HDL <= 0.000)
",0.000,0.000,0.000,0.000,1.000,0,1,0,0,0,1,0,1,0.0,1.0,0.0,0.0,1.0,0.0
"F[0,2](Pt_MotherT1D >= 0.000 & BUN >= 6.339)
",0.000,0.000,0.000,0.000,1.000,0,1,0,0,0,1,0,1,0.0,1.0,0.0,0.0,1.0,0.0
"F[1,2]((BldPrDia <= 75.173 | TotalDailyInsPerKg <= 0.000) & AlbCreatRat_mggNew <= 0.000)
",0.000,0.000,0.000,0.000,1.000,0,1,0,0,0,1,0,1,0.0,1.0,0.0,0.0,1.0,0.0
"F[1,2](Pt_GrandchildT1D <= 0.000 & TotChol <= 109.566)
",0.000,0.000,0.000,0.000,1.000,0,1,0,0,0,1,0,1,0.0,1.0,0.0,0.0,1.0,0.0
"F[1,2]((bmi <= 26.793 -> HbA1c <= 8.115) | HbA1cImputeDtMnC >= 7.953)
",0.000,0.000,0.000,0.000,1.000,0,1,0,0,0,1,0,1,0.0,1.0,0.0,0.0,1.0,0.0
"F[0,1]((TSH <= 1.459 | Pt_ChildT1D <= 0.000) | Pt_GrandparentT1D >= 0.000)
",0.000,0.000,0.000,0.000,1.000,0,1,0,0,0,1,0,1,0.0,1.0,0.0,0.0,1.0,0.0
"F[0,0](((DirectLDL <= 0.000 & TSH <= 1.944) -> Pt_GrandparentT1D <= 1.267) | NumPumpBolusOrShortAct >= 0.183)
",0.000,0.000,0.000,0.000,1.000,0,1,0,0,0,1,0,1,0.0,1.0,0.0,0.0,1.0,0.0
"((Pt_SHFlg <= 0.589) U[0,2] (Pt_A1cGoalLevelDsYr5 >= 0.000))
",0.000,0.000,0.000,0.000,1.000,0,1,0,0,0,1,0,1,0.0,1.0,0.0,0.0,1.0,0.0
"F[1,2](BGTestAvgNumMeter >= 0.559 | Pt_ChildT1D <= 0.000)
",0.000,0.000,0.000,0.000,1.000,0,1,0,0,0,1,0,1,0.0,1.0,0.0,0.0,1.0,0.0
"F[1,2](((AlbCreatRat_mggNew <= 11.083 | Pt_GrandparentT1D <= 0.000) -> Pt_MotherT1D >= 0.000) -> Pt_GrandchildT1D >= 0.000)
",0.000,0.000,0.000,0.000,1.000,0,1,0,0,0,1,0,1,0.0,1.0,0.0,0.0,1.0,0.0
"((BUN <= 6.536) U[0,1] (AutonomicNeuroCl <= 1.000))
",0.000,0.000,0.000,0.000,1.000,0,1,0,0,0,1,0,1,0.0,1.0,0.0,0.0,1.0,0.0
"F[0,1]((age >= 35.068 & bmiPerc <= 0.000) -> bmiPerc <= 0.000)
",0.000,0.000,0.000,0.000,1.000,0,1,0,0,0,1,0,1,0.0,1.0,0.0,0.0,1.0,0.0
"F[0,2](TotChol <= 103.752 | Pt_SHFlg >= 0.071)
",0.000,0.000,0.000,0.000,1.000,0,1,0,0,0,1,0,1,0.0,1.0,0.0,0.0,1.0,0.0
"((TSH <= 1.379) U[0,1] (UnitsInsBasalOrLongAct >= 22.012))
",0.000,0.000,0.000,0.000,1.000,0,1,0,0,0,1,0,1,0.0,1.0,0.0,0.0,1.0,0.0
"F[1,2]((BGTestAvgNumMeter <= 1.537 & bmiPerc <= 0.000) & AlbCreatRat_mggNew >= 0.000)
",0.000,0.000,0.000,0.000,1.000,0,1,0,0,0,1,0,1,0.0,1.0,0.0,0.0,1.0,0.0
"F[0,1](Triglyc <= 44.326 | age <= 35.646)
",0.000,0.000,0.000,0.000,1.000,0,1,0,0,0,1,0,1,0.0,1.0,0.0,0.0,1.0,0.0
"F[0,2](((Pt_GrandparentT1D <= 0.000 | TotalDailyInsPerKg <= 0.000) -> HbA1cImputeDtMnC <= 0.000) | bmi <= 0.000)
",0.000,0.000,0.000,0.000,1.000,0,1,0,0,0,1,0,1,0.0,1.0,0.0,0.0,1.0,0.0
"F[0,1]((TotChol >= 71.967 -> AlbCreatRat_mggNew >= 6.060) -> BldPrSys >= 4.277)
",0.000,0.000,0.000,0.000,1.000,0,1,0,0,0,1,0,1,0.0,1.0,0.0,0.0,1.0,0.0
"F[0,2]((Pt_A1cGoalLevelDsYr5 >= 0.000 & bmi >= 26.489) | bmi <= 26.955)
",0.000,0.000,0.000,0.000,1.000,0,1,0,0,0,1,0,1,0.0,1.0,0.0,0.0,1.0,0.0
"F[0,2](Pt_CGMUseNumDays >= 0.000 -> Pt_SHFlg >= 0.154)
",0.000,0.000,0.000,0.000,1.000,0,1,0,0,0,1,0,1,0.0,1.0,0.0,0.0,1.0,0.0
"F[1,1]((BGTestAvgNumPtRep <= 0.625 -> bmiPerc <= 0.000) & HeightCm >= 0.000)
",0.000,0.000,0.000,0.000,1.000,0,1,0,0,0,1,0,1,0.0,1.0,0.0,0.0,1.0,0.0
"F[1,2](Pt_SiblingT1D >= 0.000 | LDL >= 18.696)
",0.000,0.000,0.000,0.000,1.000,0,1,0,0,0,1,0,1,0.0,1.0,0.0,0.0,1.0,0.0
"F[0,0]((TSH >= 0.642 & SMBGperDayPtMeterCombo >= 0.373) -> Pt_SHFlg <= 1.957)
",0.000,0.000,0.000,0.000,1.000,0,1,0,0,0,1,0,1,0.0,1.0,0.0,0.0,1.0,0.0
"F[0,1](((age <= 35.627 | bmiPerc <= 0.000) & HbA1cImputeDtMnC <= 0.000) -> bmiPerc >= 0.000)
",0.000,0.000,0.000,0.000,1.000,0,1,0,0,0,1,0,1,0.0,1.0,0.0,0.0,1.0,0.0
"F[0,1](BldPrSys <= 131.452 & BldPrSys <= 131.598)
",0.000,0.000,0.000,0.000,1.000,0,1,0,0,0,1,0,1,0.0,1.0,0.0,0.0,1.0,0.0
"F[1,2]((BGTestAvgNumPtRep >= 0.481 | Pt_A1cGoalLevelDsYr5 <= 0.000) -> TotChol >= 0.000)
",0.000,0.000,0.000,0.000,1.000,0,1,0,0,0,1,0,1,0.0,1.0,0.0,0.0,1.0,0.0
"F[1,2](((UnitsInsBasalOrLongAct >= 21.784 | LDL >= 26.106) -> WeightKg >= 23.027) -> UnitsInsBasalOrLongAct <= 54.363)
",0.000,0.000,0.000,0.000,1.000,0,1,0,0,0,1,0,1,0.0,1.0,0.0,0.0,1.0,0.0
"F[1,2](DirectLDL <= 0.000 -> Triglyc <= 49.402)
",0.000,0.000,0.000,0.000,1.000,0,1,0,0,0,1,0,1,0.0,1.0,0.0,0.0,1.0,0.0
"F[0,0](TotalDailyInsPerKg <= 0.000 -> Pt_SiblingT1D >= 0.000)
",0.000,0.000,0.000,0.000,1.000,0,1,0,0,0,1,0,1,0.0,1.0,0.0,0.0,1.0,0.0
"F[0,2](((age <= 35.961 -> Pt_A1cGoalLevelDsYr5 >= 0.000) & WeightKg <= 0.000) -> Pt_InsGov <= 0.000)
",0.000,0.000,0.000,0.000,1.000,0,1,0,0,0,1,0,1,0.0,1.0,0.0,0.0,1.0,0.0
"F[0,1](Pt_A1cGoalLev <= 4.264 | BUN <= 6.754)
",0.000,0.000,0.000,0.000,1.000,0,1,0,0,0,1,0,1,0.0,1.0,0.0,0.0,1.0,0.0
"F[1,1]((Pt_MotherT1D <= 0.000 & HDL >= 37.790) -> Pt_A1cGoalLevelDsYr5 >= 33.134)
",0.000,0.000,0.000,0.000,1.000,0,1,0,0,0,1,0,1,0.0,1.0,0.0,0.0,1.0,0.0
"F[1,1](((bmi <= 26.836 -> Pt_GrandparentT1D >= 0.000) & UnitsInsBasalOrLongAct >= 0.000) -> Pt_MotherT1D <= 0.000)
",0.000,0.000,0.000,0.000,1.000,0,1,0,0,0,1,0,1,0.0,1.0,0.0,0.0,1.0,0.0
"F[0,2]((bmiPerc >= 0.000 | TSH <= 1.246) -> Triglyc <= 1.135)
",0.000,0.000,0.000,0.000,1.000,0,1,0,0,0,1,0,1,0.0,1.0,0.0,0.0,1.0,0.0
"F[0,1]((Pt_GrandparentT1D <= 0.000 | HbA1cImputeDtMnC <= 10.405) -> BGTestAvgNumMeter >= 0.297)
",0.000,0.000,0.000,0.000,1.000,0,1,0,0,0,1,0,1,0.0,1.0,0.0,0.0,1.0,0.0
"((TotalDailyInsPerKg >= 0.000) U[0,1] (diagAgeCombo >= 0.296))
",0.000,0.000,0.000,0.000,1.000,0,1,0,0,0,1,0,1,0.0,1.0,0.0,0.0,1.0,0.0
"F[0,0](((Pt_SiblingT1D >= 0.000 | Pt_MotherT1D <= 0.000) | Pt_GrandparentT1D <= 0.000) | Pt_CGMUseNumDays <= 0.000)
",0.000,0.000,0.000,0.000,1.000,0,1,0,0,0,1,0,1,0.0,1.0,0.0,0.0,1.0,0.0
"F[0,1]((HeightCm >= 168.959 -> BldPrDia <= 77.760) -> BldPrDia <= 77.371)
",0.000,0.000,0.000,0.000,1.000,0,1,0,0,0,1,0,1,0.0,1.0,0.0,0.0,1.0,0.0
"F[0,0]((Pt_A1cGoalLev >= 0.805 | bmi <= 26.862) -> BldPrDia >= 26.538)
",0.000,0.000,0.000,0.000,1.000,0,1,0,0,0,1,0,1,0.0,1.0,0.0,0.0,1.0,0.0
"F[0,2](((BGTestAvgNumPtRep <= 0.905 | Pt_SHFlg >= 0.058) -> diabDur <= 0.748) | Pt_SHFlg <= 0.818)
",0.000,0.000,0.000,0.000,1.000,0,1,0,0,0,1,0,1,0.0,1.0,0.0,0.0,1.0,0.0
"F[1,1](((TotChol <= 150.457 & BGTestAvgNumPtRep >= 0.297) & NumPumpBolusOrShortAct <= 0.598) -> TotalDailyInsPerKg <= 0.738)
",0.000,0.000,0.000,0.000,1.000,0,1,0,0,0,1,0,1,0.0,1.0,0.0,0.0,1.0,0.0
"F[0,2]((Pt_GrandparentT1D >= 0.000 -> Pt_CGMUseNumDays >= 0.000) & BldPrDia >= 0.000)
",0.000,0.000,0.000,0.000,1.000,0,1,0,0,0,1,0,1,0.0,1.0,0.0,0.0,1.0,0.0
"((BGTestAvgNumMeter >= 0.654) U[0,2] (BGTestAvgNumPtRep <= 0.757))
",0.000,0.000,0.000,0.000,1.000,0,1,0,0,0,1,0,1,0.0,1.0,0.0,0.0,1.0,0.0
"F[0,1]((Pt_InsGov >= 0.000 & Pt_DKAFlg >= 0.273) & diagAgeCombo >= 0.389)
",0.000,0.000,0.000,0.000,1.000,0,1,0,0,0,1,0,1,0.0,1.0,0.0,0.0,1.0,0.0
"F[0,1](((Pt_GrandparentT1D <= 0.000 -> LDL >= 9.757) -> bmiPerc >= 6.719) | Pt_GrandchildT1D <= 52.798)
",0.000,0.000,0.000,0.000,1.000,0,1,0,0,0,1,0,1,0.0,1.0,0.0,0.0,1.0,0.0
"F[1,1](HeightCm >= 168.980 | Pt_ChildT1D >= 0.000)
",0.000,0.000,0.000,0.000,1.000,0,1,0,0,0,1,0,1,0.0,1.0,0.0,0.0,1.0,0.0
"((Pt_SiblingT1D >= 0.000) U[0,0] (WeightKg >= 75.813))
",0.000,0.000,0.000,0.000,1.000,0,1,0,0,0,1,0,1,0.0,1.0,0.0,0.0,1.0,0.0
"F[0,2]((GFR >= 90.100 -> Pt_DKAFlg <= 0.717) -> Pt_DKAFlg <= 0.815)
",0.000,0.000,0.000,0.000,1.000,0,1,0,0,0,1,0,1,0.0,1.0,0.0,0.0,1.0,0.0
"F[0,2]((BGTestAvgNumMeter <= 1.522 -> diabDur <= 17.511) | HbA1c >= 17.098)
",0.000,0.000,0.000,0.000,1.000,0,1,0,0,0,1,0,1,0.0,1.0,0.0,0.0,1.0,0.0
"F[0,1]((bmiZscore <= -0.119 & TotalDailyInsPerKg <= 0.000) & LDL <= 0.000)
",0.000,0.000,0.000,0.000,1.000,0,1,0,0,0,1,0,1,0.0,1.0,0.0,0.0,1.0,0.0
"F[1,2](((Pt_GrandchildT1D >= 0.000 | SMBGperDayPtMeterCombo >= 0.134) | Pt_MotherT1D <= 1.237) -> BGTestAvgNumPtRep <= 1.201)
",0.000,0.000,0.000,0.000,1.000,0,1,0,0,0,1,0,1,0.0,1.0,0.0,0.0,1.0,0.0
"F[0,1]((Pt_A1cGoalLevelDsYr5 <= 0.000 & Pt_InsGov <= 0.000) & Pt_A1cGoalLev <= 0.000)
",0.000,0.000,0.000,0.000,1.000,0,1,0,0,0,1,0,1,0.0,1.0,0.0,0.0,1.0,0.0
"((BGTestAvgNumMeter <= 1.572) U[0,1] (age >= 35.472))
",0.000,0.000,0.000,0.000,1.000,0,1,0,0,0,1,0,1,0.0,1.0,0.0,0.0,1.0,0.0
"((Pt_GrandparentT1D <= 0.000) U[1,2] (bmiPerc <= 0.000))
",0.000,0.000,0.000,0.000,1.000,0,1,0,0,0,1,0,1,0.0,1.0,0.0,0.0,1.0,0.0
"((Pt_SHFlg <= 0.521) U[0,2] (bmiZscore <= -0.121))
",0.000,0.000,0.000,0.000,1.000,0,1,0,0,0,1,0,1,0.0,1.0,0.0,0.0,1.0,0.0
"F[0,2](((GFR >= 90.100 | BldPrDia <= 75.637) | TSH <= 76.817) | Pt_SiblingT1D >= 74.414)
",0.000,0.000,0.000,0.000,1.000,0,1,0,0,0,1,0,1,0.0,1.0,0.0,0.0,1.0,0.0
"F[0,2](SMBGperDayPtMeterCombo <= 1.898 -> BUN >= 6.386)
",0.000,0.000,0.000,0.000,1.000,0,1,0,0,0,1,0,1,0.0,1.0,0.0,0.0,1.0,0.0
"F[0,2]((Pt_ChildT1D <= 0.000 | TotalDailyInsPerKg >= 0.000) -> Pt_ChildT1D >= 0.000)
",0.000,0.000,0.000,0.000,1.000,0,1,0,0,0,1,0,1,0.0,1.0,0.0,0.0,1.0,0.0
"F[0,1](BldPrSys <= 131.671 | BUN <= 7.817)
",0.000,0.000,0.000,0.000,1.000,0,1,0,0,0,1,0,1,0.0,1.0,0.0,0.0,1.0,0.0
"F[0,1](((diagAgeCombo <= 17.639 -> age <= 35.984) & Pt_SHFlg <= 35.714) | HbA1cImputeDtMnC >= 35.215)
",0.000,0.000,0.000,0.000,1.000,0,1,0,0,0,1,0,1,0.0,1.0,0.0,0.0,1.0,0.0
"((HbA1cImputeDtMnC >= 4.055) U[0,0] (Pt_InsGov >= 0.000))
",0.000,0.000,0.000,0.000,1.000,0,1,0,0,0,1,0,1,0.0,1.0,0.0,0.0,1.0,0.0
"F[0,2](LDL <= 32.372 & Pt_FatherT1D <= 0.000)
",0.000,0.000,0.000,0.000,1.000,0,1,0,0,0,1,0,1,0.0,1.0,0.0,0.0,1.0,0.0
"F[1,2]((DirectLDL >= 0.000 | Pt_SiblingT1D >= 0.000) -> Pt_DKAFlg <= 0.000)
",0.000,0.000,0.000,0.000,1.000,0,1,0,0,0,1,0,1,0.0,1.0,0.0,0.0,1.0,0.0
"((Pt_SiblingT1D <= 0.000) U[0,0] (Pt_ChildT1D >= 0.000))
",0.000,0.000,0.000,0.000,1.000,0,1,0,0,0,1,0,1,0.0,1.0,0.0,0.0,1.0,0.0
"F[1,1]((HDL >= 39.319 | Pt_InsGov <= 0.000) | BldPrDia >= 0.000)
",0.000,0.000,0.000,0.000,1.000,0,1,0,0,0,1,0,1,0.0,1.0,0.0,0.0,1.0,0.0
"((bmi <= 27.019) U[0,1] (WeightKg <= 76.786))
",0.000,0.000,0.000,0.000,1.000,0,1,0,0,0,1,0,1,0.0,1.0,0.0,0.0,1.0,0.0
"F[0,2](((Pt_GrandparentT1D <= 0.000 | Pt_A1cGoalLev <= 5.287) | DirectLDL <= 4.704) & Triglyc <= 3.808)
",0.000,0.000,0.000,0.000,1.000,0,1,0,0,0,1,0,1,0.0,1.0,0.0,0.0,1.0,0.0
"F[1,1](((TotalDailyInsPerKg <= 0.000 & GFR >= 90.100) | UnitsInsBasalOrLongAct >= 90.100) & HeightCm >= 90.100)
",0.000,0.000,0.000,0.000,1.000,0,1,0,0,0,1,0,1,0.0,1.0,0.0,0.0,1.0,0.0
"F[1,1]((BGTestAvgNumPtRep >= 0.297 & WeightKg >= 75.516) -> BGTestAvgNumPtRep >= 75.947)
",0.000,0.000,0.000,0.000,1.000,0,1,0,0,0,1,0,1,0.0,1.0,0.0,0.0,1.0,0.0
"F[0,0](((LDL <= 51.104 & bmiPerc >= 0.000) -> Pt_InsGov <= 0.000) | bmiZscore >= 0.000)
",0.000,0.000,0.000,0.000,1.000,0,1,0,0,0,1,0,1,0.0,1.0,0.0,0.0,1.0,0.0
"F[0,1](((TotalDailyInsPerKg >= 0.000 & BUN <= 7.550) -> bmiPerc >= 5.181) | GFR >= 5.463)
",0.000,0.000,0.000,0.000,1.000,0,1,0,0,0,1,0,1,0.0,1.0,0.0,0.0,1.0,0.0
"F[1,1](((HeightCm <= 169.248 -> GFR >= 90.100) | BGTestAvgNumMeter >= 90.100) | Pt_SHFlg <= 90.100)
",0.000,0.000,0.000,0.000,1.000,0,1,0,0,0,1,0,1,0.0,1.0,0.0,0.0,1.0,0.0
"F[0,0](((SMBGperDayPtMeterCombo <= 1.190 | Pt_InsGov <= 0.000) -> Pt_MotherT1D <= 0.000) | AutonomicNeuroCl >= 0.000)
",0.000,0.000,0.000,0.000,1.000,0,1,0,0,0,1,0,1,0.0,1.0,0.0,0.0,1.0,0.0
"F[0,2]((Pt_FatherT1D <= 0.000 | Pt_GrandchildT1D >= 0.000) | BUN <= 0.000)
",0.000,0.000,0.000,0.000,1.000,0,1,0,0,0,1,0,1,0.0,1.0,0.0,0.0,1.0,0.0
"F[0,0](DirectLDL <= 0.000 -> DirectLDL <= 0.000)
",0.000,0.000,0.000,0.000,1.000,0,1,0,0,0,1,0,1,0.0,1.0,0.0,0.0,1.0,0.0
"F[0,2]((TotChol >= 65.926 -> bmi >= 26.487) | Pt_SHFlg <= 26.987)
",0.000,0.000,0.000,0.000,1.000,0,1,0,0,0,1,0,1,0.0,1.0,0.0,0.0,1.0,0.0
"F[0,0](LDL >= 15.985 | bmiPerc <= 0.000)
",0.000,0.000,0.000,0.000,1.000,0,1,0,0,0,1,0,1,0.0,1.0,0.0,0.0,1.0,0.0
"F[0,1]((bmiZscore >= -0.157 -> HDL >= 6.900) -> Pt_GrandparentT1D <= 64.410)
",0.000,0.000,0.000,0.000,1.000,0,1,0,0,0,1,0,1,0.0,1.0,0.0,0.0,1.0,0.0
"((bmiPerc <= 0.000) U[0,1] (Pt_SiblingT1D <= 0.000))
",0.000,0.000,0.000,0.000,1.000,0,1,0,0,0,1,0,1,0.0,1.0,0.0,0.0,1.0,0.0
"F[1,2](HDL >= 36.458 -> Pt_InsGov >= 0.000)
",0.000,0.000,0.000,0.000,1.000,0,1,0,0,0,1,0,1,0.0,1.0,0.0,0.0,1.0,0.0
"F[0,2](bmiPerc >= 0.000 & diagAgeCombo >= 0.481)
",0.000,0.000,0.000,0.000,1.000,0,1,0,0,0,1,0,1,0.0,1.0,0.0,0.0,1.0,0.0
"F[0,2](((Pt_DKAFlg <= 0.671 -> TSH <= 1.789) -> age <= 1.295) -> Pt_CGMUseNumDays >= 0.007)
",0.000,0.000,0.000,0.000,1.000,0,1,0,0,0,1,0,1,0.0,1.0,0.0,0.0,1.0,0.0
"F[1,2](((Pt_SiblingT1D >= 0.000 & Pt_ChildT1D >= 0.000) | HbA1c <= 0.000) | BldPrDia >= 0.000)
",0.000,0.000,0.000,0.000,1.000,0,1,0,0,0,1,0,1,0.0,1.0,0.0,0.0,1.0,0.0
"F[0,2](((WeightKg <= 77.411 & TotalDailyInsPerKg >= 0.000) -> BGTestAvgNumMeter >= 0.000) -> bmiPerc >= 0.000)
",0.000,0.000,0.000,0.000,1.000,0,1,0,0,0,1,0,1,0.0,1.0,0.0,0.0,1.0,0.0
"((Pt_FatherT1D >= 0.000) U[0,2] (TotalDailyInsPerKg >= 0.000))
",0.000,0.000,0.000,0.000,1.000,0,1,0,0,0,1,0,1,0.0,1.0,0.0,0.0,1.0,0.0
"F[0,1](HDL <= 55.994 -> HbA1c <= 8.230)
",0.000,0.000,0.000,0.000,1.000,0,1,0,0,0,1,0,1,0.0,1.0,0.0,0.0,1.0,0.0
"F[1,1]((age >= 35.295 -> Pt_ChildT1D >= 0.000) -> SMBGperDayPtMeterCombo >= 0.000)
",0.000,0.000,0.000,0.000,1.000,0,1,0,0,0,1,0,1,0.0,1.0,0.0,0.0,1.0,0.0
"F[0,1](TotChol <= 140.461 & Pt_A1cGoalLevelDsYr5 >= 0.000)
",0.000,0.000,0.000,0.000,1.000,0,1,0,0,0,1,0,1,0.0,1.0,0.0,0.0,1.0,0.0
"F[0,2]((BldPrDia <= 77.895 | NumPumpBolusOrShortAct >= 0.066) | bmiZscore >= 0.334)
",0.000,0.000,0.000,0.000,1.000,0,1,0,0,0,1,0,1,0.0,1.0,0.0,0.0,1.0,0.0
"F[0,0]((Pt_CGMUseNumDays <= 0.000 & AutonomicNeuroCl <= 1.000) & BldPrDia >= 1.000)
",0.000,0.000,0.000,0.000,1.000,0,1,0,0,0,1,0,1,0.0,1.0,0.0,0.0,1.0,0.0
"F[1,2]((Triglyc <= 31.484 & bmiZscore <= -0.123) | Pt_MotherT1D >= -0.153)
",0.000,0.000,0.000,0.000,1.000,0,1,0,0,0,1,0,1,0.0,1.0,0.0,0.0,1.0,0.0
"F[0,0](UnitsInsBasalOrLongAct <= 24.038 -> NumPumpBolusOrShortAct <= 1.771)
",0.000,0.000,0.000,0.000,1.000,0,1,0,0,0,1,0,1,0.0,1.0,0.0,0.0,1.0,0.0
"F[0,1]((UnitsInsBasalOrLongAct <= 23.841 -> HDL >= 13.622) & Pt_ChildT1D <= 86.474)
",0.000,0.000,0.000,0.000,1.000,0,1,0,0,0,1,0,1,0.0,1.0,0.0,0.0,1.0,0.0
"F[0,1](TSH >= 0.195 & Pt_GrandparentT1D >= 0.000)
",0.000,0.000,0.000,0.000,1.000,0,1,0,0,0,1,0,1,0.0,1.0,0.0,0.0,1.0,0.0
"F[0,2]((Pt_MotherT1D >= 0.000 | Pt_ChildT1D >= 0.000) & diagAgeCombo <= 0.000)
",0.000,0.000,0.000,0.000,1.000,0,1,0,0,0,1,0,1,0.0,1.0,0.0,0.0,1.0,0.0
"F[1,2]((TotChol <= 114.096 & LDL <= 44.351) | TotalDailyInsPerKg <= 52.121)
",0.000,0.000,0.000,0.000,1.000,0,1,0,0,0,1,0,1,0.0,1.0,0.0,0.0,1.0,0.0
"F[0,1](((bmiZscore <= -0.107 | Pt_CGMUseNumDays <= 0.000) -> TotalDailyInsPerKg <= 0.000) -> bmi >= 0.000)
",0.000,0.000,0.000,0.000,1.000,0,1,0,0,0,1,0,1,0.0,1.0,0.0,0.0,1.0,0.0
"((bmiZscore >= -0.149) U[0,2] (Triglyc <= 53.936))
",0.000,0.000,0.000,0.000,1.000,0,1,0,0,0,1,0,1,0.0,1.0,0.0,0.0,1.0,0.0
"F[1,1](((Pt_InsGov >= 0.000 | NumPumpBolusOrShortAct <= 1.468) | HeightCm <= 1.570) & HbA1c >= 0.262)
",0.000,0.000,0.000,0.000,1.000,0,1,0,0,0,1,0,1,0.0,1.0,0.0,0.0,1.0,0.0
"F[1,1](HbA1cImputeDtMnC >= 4.815 | diabDur <= 17.771)
",0.000,0.000,0.000,0.000,1.000,0,1,0,0,0,1,0,1,0.0,1.0,0.0,0.0,1.0,0.0
"F[0,2]((UnitsInsBasalOrLongAct <= 24.313 & UnitsInsBasalOrLongAct >= 21.852) | HeightCm >= 20.514)
",0.000,0.000,0.000,0.000,1.000,0,1,0,0,0,1,0,1,0.0,1.0,0.0,0.0,1.0,0.0
"F[1,1]((Pt_GrandchildT1D <= 0.000 & diabDur <= 17.648) -> SMBGperDayPtMeterCombo >= 17.133)
",0.000,0.000,0.000,0.000,1.000,0,1,0,0,0,1,0,1,0.0,1.0,0.0,0.0,1.0,0.0
"F[0,1](((Pt_CGMUseNumDays >= 0.000 -> TotChol <= 122.333) | Pt_CGMUseNumDays <= 86.673) | Pt_A1cGoalLevelDsYr5 <= 139.527)
",0.000,0.000,0.000,0.000,1.000,0,1,0,0,0,1,0,1,0.0,1.0,0.0,0.0,1.0,0.0
"((BGTestAvgNumMeter >= 0.513) U[0,1] (Pt_CGMUseNumDays >= 0.000))
",0.000,0.000,0.000,0.000,1.000,0,1,0,0,0,1,0,1,0.0,1.0,0.0,0.0,1.0,0.0
"((BGTestAvgNumPtRep >= 0.226) U[0,1] (Pt_DKAFlg >= 0.034))
",0.000,0.000,0.000,0.000,1.000,0,1,0,0,0,1,0,1,0.0,1.0,0.0,0.0,1.0,0.0
"F[0,1]((diagAgeCombo <= 17.071 & LDL >= 27.171) | HbA1cImputeDtMnC <= 42.952)
",0.000,0.000,0.000,0.000,1.000,0,1,0,0,0,1,0,1,0.0,1.0,0.0,0.0,1.0,0.0
"F[1,2]((Pt_FatherT1D <= 0.000 | diagAgeCombo <= 16.548) | Pt_InsGov <= 14.581)
",0.000,0.000,0.000,0.000,1.000,0,1,0,0,0,1,0,1,0.0,1.0,0.0,0.0,1.0,0.0
"((TotChol <= 109.461) U[0,2] (Pt_MotherT1D <= 0.000))
",0.000,0.000,0.000,0.000,1.000,0,1,0,0,0,1,0,1,0.0,1.0,0.0,0.0,1.0,0.0
"((Pt_A1cGoalLev >= 1.754) U[0,2] (diagAgeCombo <= 16.944))
",0.000,0.000,0.000,0.000,1.000,0,1,0,0,0,1,0,1,0.0,1.0,0.0,0.0,1.0,0.0
"((Pt_SHFlg <= 0.906) U[0,2] (Triglyc >= 7.644))
",0.000,0.000,0.000,0.000,1.000,0,1,0,0,0,1,0,1,0.0,1.0,0.0,0.0,1.0,0.0
"F[0,2]((TotChol >= 42.267 | bmi <= 26.804) | NumPumpBolusOrShortAct >= 26.643)
",0.000,0.000,0.000,0.000,1.000,0,1,0,0,0,1,0,1,0.0,1.0,0.0,0.0,1.0,0.0
"F[1,1]((BldPrDia >= 73.251 | BldPrSys <= 131.287) -> BldPrDia <= 131.562)
",0.000,0.000,0.000,0.000,1.000,0,1,0,0,0,1,0,1,0.0,1.0,0.0,0.0,1.0,0.0
"F[0,1](((HbA1c >= 7.935 -> AlbCreatRat_mggNew >= 4.421) | Pt_ChildT1D >= 4.570) -> bmiZscore <= 15.240)
",0.000,0.000,0.000,0.000,1.000,0,1,0,0,0,1,0,1,0.0,1.0,0.0,0.0,1.0,0.0
"F[1,2](AlbCreatRat_mggNew <= 12.591 | AutonomicNeuroCl <= 1.000)
",0.000,0.000,0.000,0.000,1.000,0,1,0,0,0,1,0,1,0.0,1.0,0.0,0.0,1.0,0.0
"F[0,2](TotalDailyInsPerKg >= 0.000 -> Pt_GrandparentT1D >= 0.000)
",0.000,0.000,0.000,0.000,1.000,0,1,0,0,0,1,0,1,0.0,1.0,0.0,0.0,1.0,0.0
"F[0,1]((Pt_GrandparentT1D >= 0.000 -> age <= 35.762) -> HbA1c <= 35.936)
",0.000,0.000,0.000,0.000,1.000,0,1,0,0,0,1,0,1,0.0,1.0,0.0,0.0,1.0,0.0
"F[0,1](((HeightCm >= 169.002 -> BGTestAvgNumMeter >= 0.159) -> diagAgeCombo <= 1.178) -> bmi >= 0.077)
",0.000,0.000,0.000,0.000,1.000,0,1,0,0,0,1,0,1,0.0,1.0,0.0,0.0,1.0,0.0
"F[0,0]((diagAgeCombo >= 5.032 -> bmiPerc >= 0.000) & BldPrSys >= 0.000)
",0.000,0.000,0.000,0.000,1.000,0,1,0,0,0,1,0,1,0.0,1.0,0.0,0.0,1.0,0.0
"F[0,1](((HDL <= 88.215 | Pt_ChildT1D >= 0.000) -> Pt_SHFlg >= 0.000) & Pt_FatherT1D >= 0.000)
",0.000,0.000,0.000,0.000,1.000,0,1,0,0,0,1,0,1,0.0,1.0,0.0,0.0,1.0,0.0
"F[0,2](Pt_ChildT1D <= 0.000 & BUN >= 5.216)
",0.000,0.000,0.000,0.000,1.000,0,1,0,0,0,1,0,1,0.0,1.0,0.0,0.0,1.0,0.0
"F[0,0]((NumPumpBolusOrShortAct <= 1.084 & BGTestAvgNumPtRep <= 0.520) -> HeightCm >= 0.495)
",0.000,0.000,0.000,0.000,1.000,0,1,0,0,0,1,0,1,0.0,1.0,0.0,0.0,1.0,0.0
"F[1,2](((Pt_SHFlg >= 0.418 -> BldPrSys <= 131.623) & BGTestAvgNumPtRep <= 131.206) -> bmiZscore <= 131.149)
",0.000,0.000,0.000,0.000,1.000,0,1,0,0,0,1,0,1,0.0,1.0,0.0,0.0,1.0,0.0
"F[1,2]((Pt_A1cGoalLev <= 4.593 | BUN <= 6.636) | TotChol >= 5.522)
",0.000,0.000,0.000,0.000,1.000,0,1,0,0,0,1,0,1,0.0,1.0,0.0,0.0,1.0,0.0
"F[0,2]((Pt_FatherT1D <= 0.000 & Pt_GrandchildT1D <= 0.000) & TotChol <= 0.000)
",0.000,0.000,0.000,0.000,1.000,0,1,0,0,0,1,0,1,0.0,1.0,0.0,0.0,1.0,0.0
"F[0,1]((BGTestAvgNumMeter <= 1.575 -> BUN >= 5.126) & DirectLDL <= 6.657)
",0.000,0.000,0.000,0.000,1.000,0,1,0,0,0,1,0,1,0.0,1.0,0.0,0.0,1.0,0.0
"((HbA1c <= 8.129) U[0,2] (Pt_InsGov >= 0.000))
",0.000,0.000,0.000,0.000,1.000,0,1,0,0,0,1,0,1,0.0,1.0,0.0,0.0,1.0,0.0
"F[0,0](((GFR >= 90.100 | DirectLDL <= 0.000) & Pt_SiblingT1D <= 0.000) & Pt_SiblingT1D >= 0.000)
",0.000,0.000,0.000,0.000,1.000,0,1,0,0,0,1,0,1,0.0,1.0,0.0,0.0,1.0,0.0
"F[1,1](((Pt_GrandchildT1D >= 0.000 -> HbA1cImputeDtMnC >= 1.336) & Pt_MotherT1D <= 11.274) & Pt_SHFlg <= 11.506)
",0.000,0.000,0.000,0.000,1.000,0,1,0,0,0,1,0,1,0.0,1.0,0.0,0.0,1.0,0.0
"F[1,2]((Pt_A1cGoalLevelDsYr5 >= 0.000 -> Triglyc <= 42.433) | HbA1cImputeDtMnC >= 23.721)
",0.000,0.000,0.000,0.000,1.000,0,1,0,0,0,1,0,1,0.0,1.0,0.0,0.0,1.0,0.0
"F[1,1](((BUN >= 5.033 & Pt_A1cGoalLev <= 6.339) -> Pt_GrandchildT1D <= 5.423) & Pt_SiblingT1D <= 5.339)
",0.000,0.000,0.000,0.000,1.000,0,1,0,0,0,1,0,1,0.0,1.0,0.0,0.0,1.0,0.0
"((Pt_MotherT1D >= 0.000) U[1,2] (TotChol <= 115.900))
",0.000,0.000,0.000,0.000,1.000,0,1,0,0,0,1,0,1,0.0,1.0,0.0,0.0,1.0,0.0
"F[0,1](HeightCm <= 169.109 | BldPrSys <= 131.836)
",0.000,0.000,0.000,0.000,1.000,0,1,0,0,0,1,0,1,0.0,1.0,0.0,0.0,1.0,0.0
"((Pt_GrandchildT1D <= 0.000) U[1,2] (Pt_SiblingT1D >= 0.000))
",0.000,0.000,0.000,0.000,1.000,0,1,0,0,0,1,0,1,0.0,1.0,0.0,0.0,1.0,0.0
"F[0,1]((TotChol <= 146.413 -> HDL >= 8.102) | Pt_DKAFlg <= 77.325)
",0.000,0.000,0.000,0.000,1.000,0,1,0,0,0,1,0,1,0.0,1.0,0.0,0.0,1.0,0.0
"((DirectLDL >= 0.000) U[0,1] (AlbCreatRat_mggNew <= 11.638))
",0.000,0.000,0.000,0.000,1.000,0,1,0,0,0,1,0,1,0.0,1.0,0.0,0.0,1.0,0.0
"F[0,2](TotChol >= 48.274 | BGTestAvgNumMeter <= 1.787)
",0.000,0.000,0.000,0.000,1.000,0,1,0,0,0,1,0,1,0.0,1.0,0.0,0.0,1.0,0.0
"F[1,2]((HbA1cImputeDtMnC <= 8.689 & HbA1c >= 8.037) -> DirectLDL >= 8.051)
",0.000,0.000,0.000,0.000,1.000,0,1,0,0,0,1,0,1,0.0,1.0,0.0,0.0,1.0,0.0
"((Pt_GrandparentT1D <= 0.000) U[1,2] (Pt_SiblingT1D >= 0.000))
",0.000,0.000,0.000,0.000,1.000,0,1,0,0,0,1,0,1,0.0,1.0,0.0,0.0,1.0,0.0
"F[0,0](UnitsInsBasalOrLongAct >= 21.061 -> UnitsInsBasalOrLongAct >= 22.137)
",0.000,0.000,0.000,0.000,1.000,0,1,0,0,0,1,0,1,0.0,1.0,0.0,0.0,1.0,0.0
"F[1,1]((BldPrSys >= 130.496 -> LDL <= 50.307) | NumPumpBolusOrShortAct >= 21.031)
",0.000,0.000,0.000,0.000,1.000,0,1,0,0,0,1,0,1,0.0,1.0,0.0,0.0,1.0,0.0
"F[1,2]((Pt_A1cGoalLevelDsYr5 <= 0.000 & Pt_CGMUseNumDays >= 0.000) & Pt_A1cGoalLev >= 0.000)
",0.000,0.000,0.000,0.000,1.000,0,1,0,0,0,1,0,1,0.0,1.0,0.0,0.0,1.0,0.0
"F[0,0]((Pt_DKAFlg >= 0.120 | BGTestAvgNumMeter >= 0.037) -> bmiPerc <= 1.276)
",0.000,0.000,0.000,0.000,1.000,0,1,0,0,0,1,0,1,0.0,1.0,0.0,0.0,1.0,0.0
"F[1,1](Pt_A1cGoalLevelDsYr5 >= 0.000 & TotalDailyInsPerKg <= 0.000)
",0.000,0.000,0.000,0.000,1.000,0,1,0,0,0,1,0,1,0.0,1.0,0.0,0.0,1.0,0.0
"F[0,0](((SMBGperDayPtMeterCombo >= 0.464 & GFR <= 90.100) -> AutonomicNeuroCl >= 90.100) -> Pt_FatherT1D <= 90.100)
",0.000,0.000,0.000,0.000,1.000,0,1,0,0,0,1,0,1,0.0,1.0,0.0,0.0,1.0,0.0
"F[0,2](AlbCreatRat_mggNew <= 14.346 -> HbA1cImputeDtMnC >= 0.692)
",0.000,0.000,0.000,0.000,1.000,0,1,0,0,0,1,0,1,0.0,1.0,0.0,0.0,1.0,0.0
"F[1,2]((diagAgeCombo <= 14.215 & BGTestAvgNumPtRep >= 0.057) | Pt_FatherT1D <= 0.863)
",0.000,0.000,0.000,0.000,1.000,0,1,0,0,0,1,0,1,0.0,1.0,0.0,0.0,1.0,0.0
"((GFR >= 90.100) U[0,1] (bmiPerc <= 0.000))
",0.000,0.000,0.000,0.000,1.000,0,1,0,0,0,1,0,1,0.0,1.0,0.0,0.0,1.0,0.0
"F[1,1]((HbA1c <= 8.102 -> Pt_FatherT1D <= 0.000) & BldPrSys >= 0.000)
",0.000,0.000,0.000,0.000,1.000,0,1,0,0,0,1,0,1,0.0,1.0,0.0,0.0,1.0,0.0
"F[0,1](((HeightCm <= 169.242 | Pt_ChildT1D >= 0.000) & Pt_ChildT1D <= 0.000) & TSH >= 0.000)
",0.000,0.000,0.000,0.000,1.000,0,1,0,0,0,1,0,1,0.0,1.0,0.0,0.0,1.0,0.0
"F[0,1](((HbA1cImputeDtMnC <= 10.637 -> DirectLDL <= 0.000) & HbA1c <= 0.000) | Pt_A1cGoalLevelDsYr5 <= 0.000)
",0.000,0.000,0.000,0.000,1.000,0,1,0,0,0,1,0,1,0.0,1.0,0.0,0.0,1.0,0.0
"F[0,2](Pt_ChildT1D <= 0.000 & DirectLDL <= 0.000)
",0.000,0.000,0.000,0.000,1.000,0,1,0,0,0,1,0,1,0.0,1.0,0.0,0.0,1.0,0.0
"F[0,1]((HDL >= 14.524 & diabDur <= 17.972) | GFR <= 17.733)
",0.000,0.000,0.000,0.000,1.000,0,1,0,0,0,1,0,1,0.0,1.0,0.0,0.0,1.0,0.0
"((HeightCm >= 169.053) U[0,2] (HDL <= 53.550))
",0.000,0.000,0.000,0.000,1.000,0,1,0,0,0,1,0,1,0.0,1.0,0.0,0.0,1.0,0.0
"F[0,0](bmiPerc <= 0.000 | bmi <= 27.026)
",0.000,0.000,0.000,0.000,1.000,0,1,0,0,0,1,0,1,0.0,1.0,0.0,0.0,1.0,0.0
"F[0,2](((Triglyc <= 41.351 | HeightCm <= 169.262) | diagAgeCombo >= 169.071) -> GFR <= 169.273)
",0.000,0.000,0.000,0.000,1.000,0,1,0,0,0,1,0,1,0.0,1.0,0.0,0.0,1.0,0.0
"F[0,1](((GFR >= 90.100 -> HeightCm <= 169.212) & HDL <= 169.233) | Pt_CGMUseNumDays >= 168.972)
",0.000,0.000,0.000,0.000,1.000,0,1,0,0,0,1,0,1,0.0,1.0,0.0,0.0,1.0,0.0
"F[0,2](((HeightCm <= 169.288 & diabDur >= 17.098) & Pt_MotherT1D <= 17.870) & bmi >= 17.358)
",0.000,0.000,0.000,0.000,1.000,0,1,0,0,0,1,0,1,0.0,1.0,0.0,0.0,1.0,0.0
"F[0,1]((Pt_GrandparentT1D <= 0.000 | Pt_MotherT1D <= 0.000) | Pt_DKAFlg <= 0.000)
",0.000,0.000,0.000,0.000,1.000,0,1,0,0,0,1,0,1,0.0,1.0,0.0,0.0,1.0,0.0
"F[0,2](((diagAgeCombo >= 8.927 | HeightCm >= 169.050) -> Pt_CGMUseNumDays >= 169.021) | Pt_InsGov <= 169.191)
",0.000,0.000,0.000,0.000,1.000,0,1,0,0,0,1,0,1,0.0,1.0,0.0,0.0,1.0,0.0
"((Pt_CGMUseNumDays <= 0.000) U[0,0] (Pt_ChildT1D <= 0.000))
",0.000,0.000,0.000,0.000,1.000,0,1,0,0,0,1,0,1,0.0,1.0,0.0,0.0,1.0,0.0
"F[0,1](BGTestAvgNumPtRep <= 0.911 & Pt_FatherT1D <= 0.000)
",0.000,0.000,0.000,0.000,1.000,0,1,0,0,0,1,0,1,0.0,1.0,0.0,0.0,1.0,0.0
"((Triglyc <= 44.787) U[0,2] (BGTestAvgNumPtRep <= 0.906))
",0.000,0.000,0.000,0.000,1.000,0,1,0,0,0,1,0,1,0.0,1.0,0.0,0.0,1.0,0.0
"F[0,0](diagAgeCombo <= 13.519 -> Pt_MotherT1D <= 0.000)
",0.000,0.000,0.000,0.000,1.000,0,1,0,0,0,1,0,1,0.0,1.0,0.0,0.0,1.0,0.0
"F[0,1](((TotalDailyInsPerKg >= 0.000 | LDL <= 54.525) | Pt_SiblingT1D <= 31.635) & Pt_SHFlg <= 40.238)
",0.000,0.000,0.000,0.000,1.000,0,1,0,0,0,1,0,1,0.0,1.0,0.0,0.0,1.0,0.0
"F[0,1](((bmi <= 26.972 | NumPumpBolusOrShortAct >= 0.202) | HDL <= 1.512) & NumPumpBolusOrShortAct >= 0.947)
",0.000,0.000,0.000,0.000,1.000,0,1,0,0,0,1,0,1,0.0,1.0,0.0,0.0,1.0,0.0
"F[1,2](Pt_MotherT1D <= 0.000 -> Pt_DKAFlg <= 0.634)
",0.000,0.000,0.000,0.000,1.000,0,1,0,0,0,1,0,1,0.0,1.0,0.0,0.0,1.0,0.0
"F[1,2](NumPumpBolusOrShortAct <= 1.743 | diabDur <= 17.613)
",0.000,0.000,0.000,0.000,1.000,0,1,0,0,0,1,0,1,0.0,1.0,0.0,0.0,1.0,0.0
"((BGTestAvgNumMeter >= 0.749) U[0,1] (BGTestAvgNumPtRep <= 0.908))
",0.000,0.000,0.000,0.000,1.000,0,1,0,0,0,1,0,1,0.0,1.0,0.0,0.0,1.0,0.0
"F[0,2](HbA1c >= 7.932 -> Pt_A1cGoalLevelDsYr5 = 0.000)
",0.000,0.000,0.000,0.000,1.000,0,1,0,0,0,1,0,1,0.0,1.0,0.0,0.0,1.0,0.0
"F[0,2](HbA1c >= 8.069 -> Pt_A1cGoalLevelDsYr5 = 0.000)
",0.000,0.000,0.000,0.000,1.000,0,1,0,0,0,1,0,1,0.0,1.0,0.0,0.0,1.0,0.0
"((BGTestAvgNumMeter >= 0.297) U[1,2] (BGTestAvgNumPtRep <= 0.638))
",0.000,0.000,0.000,0.000,1.000,0,1,0,0,0,1,0,1,0.0,1.0,0.0,0.0,1.0,0.0
"F[0,1](HbA1c >= 7.942 -> Pt_A1cGoalLevelDsYr5 = 0.000)
",0.000,0.000,0.000,0.000,1.000,0,1,0,0,0,1,0,1,0.0,1.0,0.0,0.0,1.0,0.0
"((BGTestAvgNumMeter >= 0.936) U[0,2] (BGTestAvgNumPtRep <= 0.981))
",0.000,0.000,0.000,0.000,1.000,0,1,0,0,0,1,0,1,0.0,1.0,0.0,0.0,1.0,0.0
"F[0,0](HbA1c >= 7.994 -> Pt_A1cGoalLevelDsYr5 = 0.000)
",0.000,0.000,0.000,0.000,1.000,0,1,0,0,0,1,0,1,0.0,1.0,0.0,0.0,1.0,0.0
"F[0,2](HbA1c >= 7.914 -> Pt_A1cGoalLevelDsYr5 = 0.000)
",0.000,0.000,0.000,0.000,1.000,0,1,0,0,0,1,0,1,0.0,1.0,0.0,0.0,1.0,0.0
"((BGTestAvgNumMeter >= 0.385) U[1,2] (BGTestAvgNumPtRep <= 0.629))
",0.000,0.000,0.000,0.000,1.000,0,1,0,0,0,1,0,1,0.0,1.0,0.0,0.0,1.0,0.0
"F[0,2](HbA1c >= 7.968 -> Pt_A1cGoalLevelDsYr5 = 0.000)
",0.000,0.000,0.000,0.000,1.000,0,1,0,0,0,1,0,1,0.0,1.0,0.0,0.0,1.0,0.0
"((BGTestAvgNumMeter >= 0.672) U[1,2] (BGTestAvgNumPtRep <= 0.646))
",0.000,0.000,0.000,0.000,1.000,0,1,0,0,0,1,0,1,0.0,1.0,0.0,0.0,1.0,0.0
"F[1,2](HbA1c >= 8.051 -> Pt_A1cGoalLevelDsYr5 = 0.000)
",0.000,0.000,0.000,0.000,1.000,0,1,0,0,0,1,0,1,0.0,1.0,0.0,0.0,1.0,0.0
"((BGTestAvgNumMeter >= 0.638) U[1,1] (BGTestAvgNumPtRep <= 0.607))
",0.000,0.000,0.000,0.000,1.000,0,1,0,0,0,1,0,1,0.0,1.0,0.0,0.0,1.0,0.0
"F[1,1](HbA1c >= 7.964 -> Pt_A1cGoalLevelDsYr5 = 0.000)
",0.000,0.000,0.000,0.000,1.000,0,1,0,0,0,1,0,1,0.0,1.0,0.0,0.0,1.0,0.0
"F[0,2](Pt_SiblingT1D <= 0.000 | HeightCm >= 168.992)
",0.000,0.000,0.000,0.000,1.000,0,1,0,0,0,1,0,1,0.0,1.0,0.0,0.0,1.0,0.0
"((BGTestAvgNumMeter >= 0.157) U[0,1] (BGTestAvgNumPtRep <= 0.684))
",0.000,0.000,0.000,0.000,1.000,0,1,0,0,0,1,0,1,0.0,1.0,0.0,0.0,1.0,0.0
"F[1,1](SMBGperDayPtMeterCombo >= 0.245 -> Pt_SHFlg = 0.388)
",0.000,0.000,0.000,0.000,1.000,0,1,0,0,0,1,0,1,0.0,1.0,0.0,0.0,1.0,0.0
"F[1,2](AutonomicNeuroCl > 1.000 -> Pt_SHFlg = 0.134)
",0.000,0.000,0.000,0.000,1.000,0,1,0,0,0,1,0,1,0.0,1.0,0.0,0.0,1.0,0.0
"F[0,1](Pt_A1cGoalLevelDsYr5 < 0.000 -> Pt_SHFlg = 0.135)
",0.000,0.000,0.000,0.000,1.000,0,1,0,0,0,1,0,1,0.0,1.0,0.0,0.0,1.0,0.0
"((HbA1c >= 7.980) U[0,0] (Pt_CGMUseNumDays <= 0.000))
",0.000,0.000,0.000,0.000,1.000,0,1,0,0,0,1,0,1,0.0,1.0,0.0,0.0,1.0,0.0
"F[1,1]((TSH >= 0.449 -> SMBGperDayPtMeterCombo >= 0.992) & AutonomicNeuroCl <= 1.738)
",0.000,0.000,0.000,0.000,1.000,0,1,0,0,0,1,0,1,0.0,1.0,0.0,0.0,1.0,0.0
"F[1,2]((LDL >= 11.079 | BldPrSys <= 131.711) -> Pt_A1cGoalLev <= 131.850)
",0.000,0.000,0.000,0.000,1.000,0,1,0,0,0,1,0,1,0.0,1.0,0.0,0.0,1.0,0.0
"F[0,2](BldPrDia >= 73.422 | Pt_A1cGoalLevelDsYr5 >= 0.000)
",0.000,0.000,0.000,0.000,1.000,0,1,0,0,0,1,0,1,0.0,1.0,0.0,0.0,1.0,0.0
"((HbA1c >= 8.067) U[1,2] (TotalDailyInsPerKg >= 0.000))
",0.000,0.000,0.000,0.000,1.000,0,1,0,0,0,1,0,1,0.0,1.0,0.0,0.0,1.0,0.0
"F[0,2](Pt_A1cGoalLev >= 2.004 -> AlbCreatRat_mggNew >= 0.036)
",0.000,0.000,0.000,0.000,1.000,0,1,0,0,0,1,0,1,0.0,1.0,0.0,0.0,1.0,0.0
"F[0,1]((Pt_A1cGoalLev <= 5.369 -> Pt_ChildT1D <= 0.000) & Pt_DKAFlg >= 0.000)
",0.000,0.000,0.000,0.000,1.000,0,1,0,0,0,1,0,1,0.0,1.0,0.0,0.0,1.0,0.0
"F[0,0]((Pt_DKAFlg <= 0.934 -> AutonomicNeuroCl <= 1.000) | HbA1cImputeDtMnC >= 1.000)
",0.000,0.000,0.000,0.000,1.000,0,1,0,0,0,1,0,1,0.0,1.0,0.0,0.0,1.0,0.0
"F[0,1]((TotalDailyInsPerKg <= 0.000 | HbA1cImputeDtMnC >= 6.781) | DirectLDL >= 5.668)
",0.000,0.000,0.000,0.000,1.000,0,1,0,0,0,1,0,1,0.0,1.0,0.0,0.0,1.0,0.0
"F[0,2]((BldPrSys >= 130.632 -> TotalDailyInsPerKg <= 0.000) -> BUN >= 0.000)
",0.000,0.000,0.000,0.000,1.000,0,1,0,0,0,1,0,1,0.0,1.0,0.0,0.0,1.0,0.0
"((Pt_A1cGoalLev >= 0.665) U[0,2] (UnitsInsBasalOrLongAct >= 20.576))
",0.000,0.000,0.000,0.000,1.000,0,1,0,0,0,1,0,1,0.0,1.0,0.0,0.0,1.0,0.0
"((TotChol <= 138.964) U[0,2] (BldPrDia >= 73.285))
",0.000,0.000,0.000,0.000,1.000,0,1,0,0,0,1,0,1,0.0,1.0,0.0,0.0,1.0,0.0
"((HeightCm >= 168.988) U[1,2] (bmiPerc >= 0.000))
",0.000,0.000,0.000,0.000,1.000,0,1,0,0,0,1,0,1,0.0,1.0,0.0,0.0,1.0,0.0
"F[1,2]((NumPumpBolusOrShortAct >= 0.776 & Pt_FatherT1D >= 0.000) | Pt_GrandchildT1D >= 0.000)
",0.000,0.000,0.000,0.000,1.000,0,1,0,0,0,1,0,1,0.0,1.0,0.0,0.0,1.0,0.0
"((TSH >= 0.676) U[0,2] (UnitsInsBasalOrLongAct <= 22.752))
",0.000,0.000,0.000,0.000,1.000,0,1,0,0,0,1,0,1,0.0,1.0,0.0,0.0,1.0,0.0
"F[1,2]((TSH >= 0.413 & Pt_MotherT1D <= 0.000) | BGTestAvgNumMeter >= 0.000)
",0.000,0.000,0.000,0.000,1.000,0,1,0,0,0,1,0,1,0.0,1.0,0.0,0.0,1.0,0.0
"F[0,0]((age >= 35.103 & Pt_GrandchildT1D <= 0.000) -> NumPumpBolusOrShortAct >= 0.000)
",0.000,0.000,0.000,0.000,1.000,0,1,0,0,0,1,0,1,0.0,1.0,0.0,0.0,1.0,0.0
"F[1,2](Pt_A1cGoalLevelDsYr5 >= 0.000 -> Pt_GrandchildT1D <= 0.000)
",0.000,0.000,0.000,0.000,1.000,0,1,0,0,0,1,0,1,0.0,1.0,0.0,0.0,1.0,0.0
"F[1,2]((SMBGperDayPtMeterCombo >= 0.470 | Pt_A1cGoalLevelDsYr5 <= 0.000) | TotalDailyInsPerKg >= 0.000)
",0.000,0.000,0.000,0.000,1.000,0,1,0,0,0,1,0,1,0.0,1.0,0.0,0.0,1.0,0.0
"F[0,1](bmiZscore >= -0.135 | HeightCm >= 169.045)
",0.000,0.000,0.000,0.000,1.000,0,1,0,0,0,1,0,1,0.0,1.0,0.0,0.0,1.0,0.0
"F[0,2](((Pt_ChildT1D <= 0.000 | age <= 35.648) | NumPumpBolusOrShortAct <= 35.829) | BldPrSys >= 35.281)
",0.000,0.000,0.000,0.000,1.000,0,1,0,0,0,1,0,1,0.0,1.0,0.0,0.0,1.0,0.0
"F[1,1](((Pt_ChildT1D <= 0.000 & Pt_MotherT1D <= 0.000) | bmiPerc >= 0.000) & Pt_A1cGoalLevelDsYr5 <= 0.000)
",0.000,0.000,0.000,0.000,1.000,0,1,0,0,0,1,0,1,0.0,1.0,0.0,0.0,1.0,0.0
"F[0,1]((BGTestAvgNumPtRep >= 0.075 & BldPrSys <= 131.695) -> DirectLDL >= 130.009)
",0.000,0.000,0.000,0.000,1.000,0,1,0,0,0,1,0,1,0.0,1.0,0.0,0.0,1.0,0.0
"F[0,1](((AlbCreatRat_mggNew >= 7.019 -> Triglyc <= 44.335) & TSH >= 10.865) | Pt_MotherT1D <= 54.411)
",0.000,0.000,0.000,0.000,1.000,0,1,0,0,0,1,0,1,0.0,1.0,0.0,0.0,1.0,0.0
"F[0,2]((TSH >= 0.871 | WeightKg <= 76.728) -> Pt_SiblingT1D <= 76.487)
",0.000,0.000,0.000,0.000,1.000,0,1,0,0,0,1,0,1,0.0,1.0,0.0,0.0,1.0,0.0
"F[0,1]((BldPrSys <= 131.347 -> Pt_CGMUseNumDays <= 0.000) | Pt_FatherT1D >= 0.000)
",0.000,0.000,0.000,0.000,1.000,0,1,0,0,0,1,0,1,0.0,1.0,0.0,0.0,1.0,0.0
"F[0,0](((Pt_FatherT1D <= 0.000 -> BGTestAvgNumMeter >= 0.209) & HbA1cImputeDtMnC <= 1.994) -> Pt_FatherT1D <= 1.075)
",0.000,0.000,0.000,0.000,1.000,0,1,0,0,0,1,0,1,0.0,1.0,0.0,0.0,1.0,0.0
"F[0,2]((AutonomicNeuroCl >= 1.000 | GFR >= 90.100) | Pt_InsGov >= 90.100)
",0.000,0.000,0.000,0.000,1.000,0,1,0,0,0,1,0,1,0.0,1.0,0.0,0.0,1.0,0.0
"((Pt_MotherT1D >= 0.000) U[0,0] (diabDur <= 17.735))
",0.000,0.000,0.000,0.000,1.000,0,1,0,0,0,1,0,1,0.0,1.0,0.0,0.0,1.0,0.0
"F[1,2](LDL <= 38.434 & Pt_A1cGoalLev <= 5.535)
",0.000,0.000,0.000,0.000,1.000,0,1,0,0,0,1,0,1,0.0,1.0,0.0,0.0,1.0,0.0
"F[0,2]((age <= 35.545 -> TotalDailyInsPerKg <= 0.000) -> NumPumpBolusOrShortAct >= 0.000)
",0.000,0.000,0.000,0.000,1.000,0,1,0,0,0,1,0,1,0.0,1.0,0.0,0.0,1.0,0.0
"F[0,1](HbA1cImputeDtMnC <= 7.897 & bmiZscore >= -0.162)
",0.000,0.000,0.000,0.000,1.000,0,1,0,0,0,1,0,1,0.0,1.0,0.0,0.0,1.0,0.0
"F[0,1](Pt_DKAFlg <= 0.573 | Pt_SiblingT1D <= 0.000)
",0.000,0.000,0.000,0.000,1.000,0,1,0,0,0,1,0,1,0.0,1.0,0.0,0.0,1.0,0.0
"F[0,1](((HbA1c >= 8.044 | Pt_DKAFlg <= 0.726) | Pt_MotherT1D >= 0.202) | BGTestAvgNumMeter <= 0.955)
",0.000,0.000,0.000,0.000,1.000,0,1,0,0,0,1,0,1,0.0,1.0,0.0,0.0,1.0,0.0
"((Pt_ChildT1D <= 0.000) U[0,1] (diagAgeCombo >= 8.942))
",0.000,0.000,0.000,0.000,1.000,0,1,0,0,0,1,0,1,0.0,1.0,0.0,0.0,1.0,0.0
"((DirectLDL >= 0.000) U[0,0] (DirectLDL <= 0.000))
",0.000,0.000,0.000,0.000,1.000,0,1,0,0,0,1,0,1,0.0,1.0,0.0,0.0,1.0,0.0
"((NumPumpBolusOrShortAct <= 1.716) U[0,0] (LDL >= 24.185))
",0.000,0.000,0.000,0.000,1.000,0,1,0,0,0,1,0,1,0.0,1.0,0.0,0.0,1.0,0.0
"((Pt_CGMUseNumDays >= 0.000) U[0,0] (diagAgeCombo >= 2.393))
",0.000,0.000,0.000,0.000,1.000,0,1,0,0,0,1,0,1,0.0,1.0,0.0,0.0,1.0,0.0
"F[0,2](NumPumpBolusOrShortAct <= 1.341 -> Pt_MotherT1D <= 0.000)
",0.000,0.000,0.000,0.000,1.000,0,1,0,0,0,1,0,1,0.0,1.0,0.0,0.0,1.0,0.0
"((BGTestAvgNumMeter >= 0.353) U[0,2] (Pt_SHFlg = 0.383))
",0.000,0.000,0.000,0.000,1.000,0,0,0,1,1,0,0,1,0.0,0.0,0.0,0.0,0.0,1.0
"((NumPumpBolusOrShortAct < 1.200) U[0,2] (Pt_SHFlg = 0.198))
",0.000,0.000,0.000,0.000,1.000,0,0,0,1,1,0,0,1,0.0,0.0,0.0,0.0,0.0,1.0
"((HbA1cImputeDtMnC <= 11.003) U[0,2] (Pt_SHFlg = 0.042))
",0.000,0.000,0.000,0.000,1.000,0,0,0,1,1,0,0,1,0.0,0.0,0.0,0.0,0.0,1.0
"F[1,2](Pt_DKAFlg > 0.259 & Pt_SHFlg = 0.430)
",0.000,0.000,0.000,0.000,1.000,0,0,0,1,1,0,0,1,0.0,0.0,0.0,0.0,0.0,1.0
"F[0,2]((diabDur <= 17.545 | LDL >= 28.222) & Pt_FatherT1D >= 11.178)
",0.000,0.000,0.000,0.000,1.000,0,0,0,1,1,0,0,1,0.0,0.0,0.0,0.0,0.0,1.0
"F[2,2]((HbA1c >= 8.044 -> Pt_MotherT1D >= 0.000) -> BUN >= 0.000)
",0.000,0.000,0.000,0.000,1.000,0,0,0,1,1,0,0,1,0.0,0.0,0.0,0.0,0.0,1.0
"((bmiZscore < -0.133) U[1,2] (Pt_SHFlg = 0.163))
",0.000,0.000,0.000,0.000,1.000,0,0,0,1,1,0,0,1,0.0,0.0,0.0,0.0,0.0,1.0
"F[1,2](((BldPrSys <= 131.269 -> diabDur <= 18.000) & Pt_MotherT1D >= 17.375) & AutonomicNeuroCl <= 17.652)
",0.000,0.000,0.000,0.000,1.000,0,0,0,1,1,0,0,1,0.0,0.0,0.0,0.0,0.0,1.0
"F[0,2](BUN >= 5.319 & Pt_SHFlg = 0.394)
",0.000,0.000,0.000,0.000,1.000,0,0,0,1,1,0,0,1,0.0,0.0,0.0,0.0,0.0,1.0
"F[0,0](BldPrSys < 131.354 -> Pt_SHFlg = 0.074)
",0.000,0.000,0.000,0.000,1.000,0,0,1,0,0,1,1,0,0.0,0.0,1.0,0.0,0.0,1.0
"F[0,2](Pt_CGMUseNumDays > 0.000 & Pt_SHFlg = 0.551)
",0.000,0.000,0.000,0.000,1.000,0,0,0,1,1,0,0,1,0.0,0.0,0.0,0.0,0.0,1.0
"((Pt_FatherT1D < 0.000) U[0,2] (Pt_SHFlg = 0.761))
",0.000,0.000,0.000,0.000,1.000,0,0,0,1,1,0,0,1,0.0,0.0,0.0,0.0,0.0,1.0
"((Pt_MotherT1D < 0.000) U[1,1] (Pt_SHFlg = 0.394))
",0.000,0.000,0.000,0.000,1.000,0,0,1,0,0,1,1,0,0.0,0.0,1.0,0.0,0.0,1.0
"((BGTestAvgNumMeter >= 0.776) U[0,0] (BGTestAvgNumPtRep <= 0.615))
",0.000,0.000,0.000,0.000,1.000,0,0,1,0,0,1,1,0,0.0,0.0,1.0,0.0,0.0,1.0
"F[1,1](((Pt_A1cGoalLevelDsYr5 >= 0.000 & BGTestAvgNumPtRep >= 0.490) | BldPrDia <= 0.765) | Pt_SHFlg >= 0.063)
",0.000,0.000,0.000,0.000,1.000,0,0,1,0,0,1,1,0,0.0,0.0,1.0,0.0,0.0,1.0
"((Pt_SiblingT1D >= 0.000) U[1,2] (Pt_SHFlg = 0.824))
",0.000,0.000,0.000,0.000,1.000,0,0,0,1,1,0,0,1,0.0,0.0,0.0,0.0,0.0,1.0
"((Pt_ChildT1D <= 0.000) U[1,1] (Pt_SHFlg = 0.908))
",0.000,0.000,0.000,0.000,1.000,0,0,1,0,0,1,1,0,0.0,0.0,1.0,0.0,0.0,1.0
"((HeightCm >= 168.962) U[0,0] (BGTestAvgNumPtRep <= 0.736))
",0.000,0.000,0.000,0.000,1.000,0,0,1,0,0,1,1,0,0.0,0.0,1.0,0.0,0.0,1.0
"((Pt_GrandchildT1D >= 0.000) U[1,2] (Pt_SHFlg = 0.478))
",0.000,0.000,0.000,0.000,1.000,0,0,0,1,1,0,0,1,0.0,0.0,0.0,0.0,0.0,1.0
"F[2,2](((bmiZscore >= -0.156 | LDL <= 51.473) & SMBGperDayPtMeterCombo <= 47.488) & HDL <= 56.479)
",0.000,0.000,0.000,0.000,1.000,0,0,0,1,1,0,0,1,0.0,0.0,0.0,0.0,0.0,1.0
"((UnitsInsBasalOrLongAct >= 20.681) U[0,1] (Pt_SHFlg = 0.455))
",0.000,0.000,0.000,0.000,1.000,0,0,1,0,0,1,1,0,0.0,0.0,1.0,0.0,0.0,1.0
"F[0,2](((Pt_A1cGoalLev <= 5.708 & diabDur <= 17.800) | GFR <= 17.863) & Pt_DKAFlg >= 17.143)
",0.000,0.000,0.000,0.000,1.000,0,0,0,1,1,0,0,1,0.0,0.0,0.0,0.0,0.0,1.0
"F[0,2]((bmiZscore <= -0.123 -> age >= 35.416) & UnitsInsBasalOrLongAct >= 35.222)
",0.000,0.000,0.000,0.000,1.000,0,0,0,1,1,0,0,1,0.0,0.0,0.0,0.0,0.0,1.0
"((WeightKg > 75.707) U[1,2] (Pt_SHFlg = 0.773))
",0.000,0.000,0.000,0.000,1.000,0,0,0,1,1,0,0,1,0.0,0.0,0.0,0.0,0.0,1.0
"((DirectLDL >= 0.000) U[2,2] (BldPrSys <= 131.735))
",0.000,0.000,0.000,0.000,1.000,0,0,0,1,1,0,0,1,0.0,0.0,0.0,0.0,0.0,1.0
"F[2,2](HbA1c >= 7.995 -> Pt_A1cGoalLevelDsYr5 = 0.000)
",0.000,0.000,0.000,0.000,1.000,0,0,0,1,1,0,0,1,0.0,0.0,0.0,0.0,0.0,1.0
"((WeightKg >= 75.999) U[1,2] (Pt_A1cGoalLev >= 1.605))
",0.000,0.000,0.000,0.000,1.000,0,0,0,1,1,0,0,1,0.0,0.0,0.0,0.0,0.0,1.0
"F[0,1](((Pt_FatherT1D >= 0.000 | BUN <= 6.661) -> Pt_MotherT1D <= 7.266) & bmiPerc >= 5.087)
",0.000,0.000,0.000,0.000,1.000,0,0,1,0,0,1,1,0,0.0,0.0,1.0,0.0,0.0,1.0
"F[0,1]((HeightCm <= 169.255 | BGTestAvgNumPtRep >= 0.056) & DirectLDL >= 0.178)
",0.000,0.000,0.000,0.000,1.000,0,0,1,0,0,1,1,0,0.0,0.0,1.0,0.0,0.0,1.0
"F[2,2]((age <= 35.637 -> TSH >= 0.065) & Pt_CGMUseNumDays <= 1.862)
",0.000,0.000,0.000,0.000,1.000,0,0,0,1,1,0,0,1,0.0,0.0,0.0,0.0,0.0,1.0
"F[2,2](Pt_ChildT1D <= 0.000 & Pt_A1cGoalLevelDsYr5 >= 0.000)
",0.000,0.000,0.000,0.000,1.000,0,0,0,1,1,0,0,1,0.0,0.0,0.0,0.0,0.0,1.0
"((diagAgeCombo >= 5.387) U[1,2] (Pt_SHFlg = 0.460))
",0.000,0.000,0.000,0.000,1.000,0,0,0,1,1,0,0,1,0.0,0.0,0.0,0.0,0.0,1.0
"F[0,0](BldPrDia <= 77.446 & Pt_SHFlg = 0.915)
",0.000,0.000,0.000,0.000,1.000,0,0,1,0,0,1,1,0,0.0,0.0,1.0,0.0,0.0,1.0
"F[0,1]((TotalDailyInsPerKg <= 0.000 & GFR <= 90.100) -> BldPrSys <= 90.100)
",0.000,0.000,0.000,0.000,1.000,0,0,1,0,0,1,1,0,0.0,0.0,1.0,0.0,0.0,1.0
"((BldPrSys >= 130.327) U[1,2] (bmi >= 26.698))
",0.000,0.000,0.000,0.000,1.000,0,0,0,1,1,0,0,1,0.0,0.0,0.0,0.0,0.0,1.0
"F[0,2](((NumPumpBolusOrShortAct >= 0.756 & Pt_FatherT1D >= 0.000) -> GFR <= 0.000) & BldPrDia <= 0.000)
",0.000,0.000,0.000,0.000,1.000,0,0,0,1,1,0,0,1,0.0,0.0,0.0,0.0,0.0,1.0
"((Pt_ChildT1D >= 0.000) U[2,2] (Pt_ChildT1D >= 0.000))
",0.000,0.000,0.000,0.000,1.000,0,0,0,1,1,0,0,1,0.0,0.0,0.0,0.0,0.0,1.0
"((HeightCm <= 169.158) U[1,2] (Pt_SHFlg = 0.663))
",0.000,0.000,0.000,0.000,1.000,0,0,0,1,1,0,0,1,0.0,0.0,0.0,0.0,0.0,1.0
"((age >= 35.444) U[0,0] (Pt_SHFlg = 0.109))
",0.000,0.000,0.000,0.000,1.000,0,0,1,0,0,1,1,0,0.0,0.0,1.0,0.0,0.0,1.0
"((diabDur > 17.263) U[1,2] (Pt_SHFlg = 0.645))
",0.000,0.000,0.000,0.000,1.000,0,0,0,1,1,0,0,1,0.0,0.0,0.0,0.0,0.0,1.0
"((BGTestAvgNumMeter >= 0.948) U[2,2] (BGTestAvgNumPtRep <= 0.772))
",0.000,0.000,0.000,0.000,1.000,0,0,0,1,1,0,0,1,0.0,0.0,0.0,0.0,0.0,1.0
"F[2,2](((Pt_MotherT1D >= 0.000 | Pt_SHFlg >= 0.381) | Pt_FatherT1D >= 0.479) | UnitsInsBasalOrLongAct >= 0.110)
",0.000,0.000,0.000,0.000,1.000,0,0,0,1,1,0,0,1,0.0,0.0,0.0,0.0,0.0,1.0
"F[0,0](HDL > 31.477 -> Pt_SHFlg = 0.884)
",0.000,0.000,0.000,0.000,1.000,0,0,1,0,0,1,1,0,0.0,0.0,1.0,0.0,0.0,1.0
"F[1,1]((Pt_InsGov <= 0.000 | NumPumpBolusOrShortAct >= 0.632) & Pt_FatherT1D >= 0.796)
",0.000,0.000,0.000,0.000,1.000,0,0,1,0,0,1,1,0,0.0,0.0,1.0,0.0,0.0,1.0
"F[2,2](((UnitsInsBasalOrLongAct >= 21.249 -> Pt_InsGov <= 0.000) | BGTestAvgNumPtRep <= 0.000) & Triglyc <= 0.000)
",0.000,0.000,0.000,0.000,1.000,0,0,0,1,1,0,0,1,0.0,0.0,0.0,0.0,0.0,1.0
"((Triglyc > 10.214) U[0,1] (Pt_SHFlg = 0.464))
",0.000,0.000,0.000,0.000,1.000,0,0,1,0,0,1,1,0,0.0,0.0,1.0,0.0,0.0,1.0
"F[0,1](Pt_GrandparentT1D <= 0.000 -> Pt_SHFlg = 0.408)
",0.000,0.000,0.000,0.000,1.000,0,0,1,0,0,1,1,0,0.0,0.0,1.0,0.0,0.0,1.0
"F[2,2](((age <= 35.576 -> SMBGperDayPtMeterCombo <= 1.401) & age <= 1.680) & Pt_SiblingT1D >= 0.115)
",0.000,0.000,0.000,0.000,1.000,0,0,0,1,1,0,0,1,0.0,0.0,0.0,0.0,0.0,1.0
"F[2,2](Pt_InsGov >= 0.000 -> Pt_SHFlg = 0.870)
",0.000,0.000,0.000,0.000,1.000,0,0,0,1,1,0,0,1,0.0,0.0,0.0,0.0,0.0,1.0
"F[1,2](((AlbCreatRat_mggNew >= 4.887 & BUN >= 5.146) & NumPumpBolusOrShortAct >= 6.438) & Pt_ChildT1D <= 6.839)
",0.000,0.000,0.000,0.000,1.000,0,0,0,1,1,0,0,1,0.0,0.0,0.0,0.0,0.0,1.0
"((BldPrSys >= 130.103) U[1,1] (diagAgeCombo >= 1.628))
",0.000,0.000,0.000,0.000,1.000,0,0,1,0,0,1,1,0,0.0,0.0,1.0,0.0,0.0,1.0
"F[1,2]((Triglyc >= 13.948 & AutonomicNeuroCl <= 1.000) & Pt_FatherT1D <= 1.000)
",0.000,0.000,0.000,0.000,1.000,0,0,0,1,1,0,0,1,0.0,0.0,0.0,0.0,0.0,1.0
"F[1,1](((AutonomicNeuroCl <= 1.000 -> UnitsInsBasalOrLongAct <= 22.966) & Triglyc <= 24.852) -> age <= 23.111)
",0.000,0.000,0.000,0.000,1.000,0,0,1,0,0,1,1,0,0.0,0.0,1.0,0.0,0.0,1.0
"F[1,1](Pt_SiblingT1D <= 0.000 & Pt_DKAFlg >= 0.322)
",0.000,0.000,0.000,0.000,1.000,0,0,1,0,0,1,1,0,0.0,0.0,1.0,0.0,0.0,1.0
"((diabDur <= 17.761) U[2,2] (Pt_ChildT1D <= 0.000))
",0.000,0.000,0.000,0.000,1.000,0,0,0,1,1,0,0,1,0.0,0.0,0.0,0.0,0.0,1.0
"((Pt_CGMUseNumDays >= 0.000) U[1,1] (WeightKg >= 76.016))
",0.000,0.000,0.000,0.000,1.000,0,0,1,0,0,1,1,0,0.0,0.0,1.0,0.0,0.0,1.0
"F[1,1]((Pt_FatherT1D <= 0.000 -> age <= 35.633) & Pt_InsGov >= 35.397)
",0.000,0.000,0.000,0.000,1.000,0,0,1,0,0,1,1,0,0.0,0.0,1.0,0.0,0.0,1.0
"F[2,2]((BldPrDia >= 74.666 | Pt_MotherT1D <= 0.000) -> GFR <= 0.000)
",0.000,0.000,0.000,0.000,1.000,0,0,0,1,1,0,0,1,0.0,0.0,0.0,0.0,0.0,1.0
"F[2,2](((BldPrSys >= 130.574 | Pt_InsGov <= 0.000) | WeightKg >= 0.000) -> HbA1c <= 0.000)
",0.000,0.000,0.000,0.000,1.000,0,0,0,1,1,0,0,1,0.0,0.0,0.0,0.0,0.0,1.0
"((BldPrSys <= 131.275) U[1,2] (diabDur <= 17.847))
",0.000,0.000,0.000,0.000,1.000,0,0,0,1,1,0,0,1,0.0,0.0,0.0,0.0,0.0,1.0
"F[0,1](((Triglyc <= 53.548 -> AlbCreatRat_mggNew >= 2.924) & UnitsInsBasalOrLongAct <= 12.236) & BldPrSys <= 14.178)
",0.000,0.000,0.000,0.000,1.000,0,0,1,0,0,1,1,0,0.0,0.0,1.0,0.0,0.0,1.0
"F[0,0](((Pt_GrandchildT1D >= 0.000 & BldPrSys <= 131.051) & SMBGperDayPtMeterCombo <= 131.828) -> HbA1cImputeDtMnC >= 130.069)
",0.000,0.000,0.000,0.000,1.000,0,0,1,0,0,1,1,0,0.0,0.0,1.0,0.0,0.0,1.0
"F[2,2]((bmi >= 26.702 -> Pt_FatherT1D <= 0.000) & WeightKg <= 0.000)
",0.000,0.000,0.000,0.000,1.000,0,0,0,1,1,0,0,1,0.0,0.0,0.0,0.0,0.0,1.0
"F[0,1]((HbA1cImputeDtMnC <= 8.532 -> BldPrSys <= 131.004) -> DirectLDL >= 130.302)
",0.000,0.000,0.000,0.000,1.000,0,0,1,0,0,1,1,0,0.0,0.0,1.0,0.0,0.0,1.0
"F[0,2]((TotChol >= 64.503 & bmiZscore <= -0.100) & TSH <= -0.110)
",0.000,0.000,0.000,0.000,1.000,0,0,0,1,1,0,0,1,0.0,0.0,0.0,0.0,0.0,1.0
"F[2,2](((GFR >= 90.100 -> Pt_SiblingT1D <= 0.000) & HeightCm <= 0.000) | HbA1c <= 0.000)
",0.000,0.000,0.000,0.000,1.000,0,0,0,1,1,0,0,1,0.0,0.0,0.0,0.0,0.0,1.0
"F[1,2]((HDL >= 0.010 & Pt_GrandparentT1D <= 0.000) & Pt_FatherT1D >= 0.000)
",0.000,0.000,0.000,0.000,1.000,0,0,0,1,1,0,0,1,0.0,0.0,0.0,0.0,0.0,1.0
"F[2,2]((TSH <= 1.849 -> HeightCm <= 169.155) -> Pt_GrandchildT1D >= 169.061)
",0.000,0.000,0.000,0.000,1.000,0,0,0,1,1,0,0,1,0.0,0.0,0.0,0.0,0.0,1.0
"F[1,1]((Pt_ChildT1D <= 0.000 -> TSH >= 0.551) | Pt_FatherT1D >= 0.875)
",0.000,0.000,0.000,0.000,1.000,0,0,1,0,0,1,1,0,0.0,0.0,1.0,0.0,0.0,1.0
"F[0,2]((TSH <= 1.148 | Pt_DKAFlg >= 0.324) & Pt_FatherT1D >= 0.021)
",0.000,0.000,0.000,0.000,1.000,0,0,0,1,1,0,0,1,0.0,0.0,0.0,0.0,0.0,1.0
"F[2,2](TSH <= 1.139 -> diagAgeCombo >= 5.897)
",0.000,0.000,0.000,0.000,1.000,0,0,0,1,1,0,0,1,0.0,0.0,0.0,0.0,0.0,1.0
"F[2,2](((Pt_MotherT1D >= 0.000 & age <= 35.655) | Pt_GrandchildT1D <= 35.633) | Pt_A1cGoalLevelDsYr5 <= 35.815)
",0.000,0.000,0.000,0.000,1.000,0,0,0,1,1,0,0,1,0.0,0.0,0.0,0.0,0.0,1.0
"F[0,2](((BUN <= 7.124 -> Pt_SHFlg >= 0.037) -> Pt_GrandparentT1D <= 0.701) & bmiPerc >= 0.367)
",0.000,0.000,0.000,0.000,1.000,0,0,0,1,1,0,0,1,0.0,0.0,0.0,0.0,0.0,1.0
"F[1,2]((Pt_CGMUseNumDays >= 0.000 -> GFR >= 90.100) & HbA1cImputeDtMnC >= 90.100)
",0.000,0.000,0.000,0.000,1.000,0,0,0,1,1,0,0,1,0.0,0.0,0.0,0.0,0.0,1.0
"((Pt_GrandchildT1D <= 0.000) U[1,2] (TotChol >= 8.488))
",0.000,0.000,0.000,0.000,1.000,0,0,0,1,1,0,0,1,0.0,0.0,0.0,0.0,0.0,1.0
"((Pt_A1cGoalLevelDsYr5 >= 0.000) U[2,2] (Pt_ChildT1D <= 0.000))
",0.000,0.000,0.000,0.000,1.000,0,0,0,1,1,0,0,1,0.0,0.0,0.0,0.0,0.0,1.0
"F[1,2]((Pt_SiblingT1D <= 0.000 | HbA1c <= 8.225) & Pt_A1cGoalLevelDsYr5 >= 7.929)
",0.000,0.000,0.000,0.000,1.000,0,0,0,1,1,0,0,1,0.0,0.0,0.0,0.0,0.0,1.0
"F[2,2](((Pt_CGMUseNumDays <= 0.000 -> bmiPerc <= 0.000) -> WeightKg <= 0.000) & HeightCm >= 0.000)
",0.000,0.000,0.000,0.000,1.000,0,0,0,1,1,0,0,1,0.0,0.0,0.0,0.0,0.0,1.0
"F[2,2](HDL >= 29.737 & NumPumpBolusOrShortAct >= 0.567)
",0.000,0.000,0.000,0.000,1.000,0,0,0,1,1,0,0,1,0.0,0.0,0.0,0.0,0.0,1.0
"F[1,1]((Pt_InsGov >= 0.000 -> bmiZscore >= -0.159) & TotChol >= -0.152)
",0.000,0.000,0.000,0.000,1.000,0,0,1,0,0,1,1,0,0.0,0.0,1.0,0.0,0.0,1.0
"F[0,1](((bmi <= 26.773 -> HeightCm <= 169.180) | bmiPerc <= 169.207) & Pt_CGMUseNumDays >= 168.940)
",0.000,0.000,0.000,0.000,1.000,0,0,1,0,0,1,1,0,0.0,0.0,1.0,0.0,0.0,1.0
"F[0,1](((AlbCreatRat_mggNew >= 5.274 | bmi >= 26.476) & diabDur >= 26.675) & diabDur <= 26.789)
",0.000,0.000,0.000,0.000,1.000,0,0,1,0,0,1,1,0,0.0,0.0,1.0,0.0,0.0,1.0
"F[1,1](HDL >= 12.341 & HDL <= 66.611)
",0.000,0.000,0.000,0.000,1.000,0,0,1,0,0,1,1,0,0.0,0.0,1.0,0.0,0.0,1.0
"F[2,2]((GFR >= 90.100 & AlbCreatRat_mggNew >= 5.993) & bmi <= 8.686)
",0.000,0.000,0.000,0.000,1.000,0,0,0,1,1,0,0,1,0.0,0.0,0.0,0.0,0.0,1.0
"((TSH >= 0.505) U[0,0] (TSH <= 1.354))
",0.000,0.000,0.000,0.000,1.000,0,0,1,0,0,1,1,0,0.0,0.0,1.0,0.0,0.0,1.0
"F[0,1](((Pt_DKAFlg >= 0.157 -> Pt_GrandchildT1D <= 0.000) -> AutonomicNeuroCl <= 0.000) & TSH <= 0.000)
",0.000,0.000,0.000,0.000,1.000,0,0,1,0,0,1,1,0,0.0,0.0,1.0,0.0,0.0,1.0
"((DirectLDL >= 0.000) U[2,2] (HbA1cImputeDtMnC >= 2.263))
",0.000,0.000,0.000,0.000,1.000,0,0,0,1,1,0,0,1,0.0,0.0,0.0,0.0,0.0,1.0
"F[0,2](((Pt_SiblingT1D >= 0.000 -> bmi >= 26.553) | diagAgeCombo <= 26.818) -> AlbCreatRat_mggNew >= 26.595)
",0.000,0.000,0.000,0.000,1.000,0,0,0,1,1,0,0,1,0.0,0.0,0.0,0.0,0.0,1.0
"F[1,1]((DirectLDL <= 0.000 -> LDL >= 1.439) | BGTestAvgNumMeter >= 25.207)
",0.000,0.000,0.000,0.000,1.000,0,0,1,0,0,1,1,0,0.0,0.0,1.0,0.0,0.0,1.0
"F[1,2]((BldPrDia <= 76.683 & BGTestAvgNumPtRep <= 0.878) & BGTestAvgNumPtRep <= 0.946)
",0.000,0.000,0.000,0.000,1.000,0,0,0,1,1,0,0,1,0.0,0.0,0.0,0.0,0.0,1.0
"F[2,2](Pt_GrandparentT1D <= 0.000 | Pt_SiblingT1D <= 0.000)
",0.000,0.000,0.000,0.000,1.000,0,0,0,1,1,0,0,1,0.0,0.0,0.0,0.0,0.0,1.0
"F[1,2]((BUN >= 5.928 -> TotalDailyInsPerKg <= 0.000) & BldPrSys <= 0.000)
",0.000,0.000,0.000,0.000,1.000,0,0,0,1,1,0,0,1,0.0,0.0,0.0,0.0,0.0,1.0
"F[0,0](Pt_DKAFlg >= 0.177 -> BUN <= 7.158)
",0.000,0.000,0.000,0.000,1.000,0,0,1,0,0,1,1,0,0.0,0.0,1.0,0.0,0.0,1.0
"F[2,2](Pt_GrandchildT1D <= 0.000 | Pt_MotherT1D <= 0.000)
",0.000,0.000,0.000,0.000,1.000,0,0,0,1,1,0,0,1,0.0,0.0,0.0,0.0,0.0,1.0
"F[2,2](((Pt_DKAFlg >= 0.442 -> Pt_FatherT1D >= 0.000) & HDL >= 0.000) -> Pt_FatherT1D >= 0.000)
",0.000,0.000,0.000,0.000,1.000,0,0,0,1,1,0,0,1,0.0,0.0,0.0,0.0,0.0,1.0
"F[2,2](((Pt_SHFlg >= 0.285 -> WeightKg >= 75.998) -> age >= 76.204) | GFR >= 75.847)
",0.000,0.000,0.000,0.000,1.000,0,0,0,1,1,0,0,1,0.0,0.0,0.0,0.0,0.0,1.0
"((DirectLDL <= 0.000) U[2,2] (bmiZscore >= -0.134))
",0.000,0.000,0.000,0.000,1.000,0,0,0,1,1,0,0,1,0.0,0.0,0.0,0.0,0.0,1.0
"F[0,2](((GFR <= 90.100 | Pt_MotherT1D >= 0.000) -> UnitsInsBasalOrLongAct <= 0.000) & Pt_SiblingT1D >= 0.000)
",0.000,0.000,0.000,0.000,1.000,0,0,0,1,1,0,0,1,0.0,0.0,0.0,0.0,0.0,1.0
"((BGTestAvgNumPtRep >= 0.198) U[2,2] (BldPrDia >= 72.950))
",0.000,0.000,0.000,0.000,1.000,0,0,0,1,1,0,0,1,0.0,0.0,0.0,0.0,0.0,1.0
"F[1,2](((NumPumpBolusOrShortAct >= 0.820 | diabDur >= 17.410) -> Pt_SHFlg <= 17.991) & bmiPerc >= 17.139)
",0.000,0.000,0.000,0.000,1.000,0,0,0,1,1,0,0,1,0.0,0.0,0.0,0.0,0.0,1.0
"F[1,1](((BldPrDia <= 77.462 -> SMBGperDayPtMeterCombo >= 0.628) -> HbA1c >= 0.660) -> LDL >= 0.505)
",0.000,0.000,0.000,0.000,1.000,0,0,1,0,0,1,1,0,0.0,0.0,1.0,0.0,0.0,1.0
"F[1,2](((AlbCreatRat_mggNew <= 16.160 -> SMBGperDayPtMeterCombo <= 1.146) | TotalDailyInsPerKg >= 0.570) & Pt_A1cGoalLev >= 0.339)
",0.000,0.000,0.000,0.000,1.000,0,0,0,1,1,0,0,1,0.0,0.0,0.0,0.0,0.0,1.0
