Rule,Discrimination Score,Pos Robustness,Neg Robustness,Percent Class +,Percent Class -,TP,TN,FP,FN,Actual Yes,Actual No,Predicted Yes,Predicted No,TPR/Sens,TNR/Spec,FPR,Precision,Accuracy,MCR
"G[0,0](SMBGperDayPtMeterCombo < 2.949 & Pt_SHFlg = 0.000)
",-68.051,-68.051,0.000,1.000,0.000,2,0,0,0,2,0,2,0,1.0,0.0,0.0,1.0,1.3333333333333333,-0.33333333333333326
"G[0,0](((HbA1c >= 7.875 -> NumPumpBolusOrShortAct >= 0.223) -> BldPrSys <= 1.011) -> Pt_SHFlg <= 0.769)
",1.011,1.011,0.000,1.000,0.000,2,0,0,0,2,0,2,0,1.0,0.0,0.0,1.0,1.3333333333333333,-0.33333333333333326
"G[0,0]((HbA1c >= 8.022 -> Pt_GrandparentT1D >= 0.000) -> Pt_A1cGoalLevelDsYr5 >= 0.000)
",0.000,0.000,0.000,1.000,0.000,2,0,0,0,2,0,2,0,1.0,0.0,0.0,1.0,1.3333333333333333,-0.33333333333333326
"G[0,0]((Triglyc >= 57.056 -> Pt_InsGov >= 0.000) -> bmiPerc >= 0.000)
",-28.174,-28.174,0.000,1.000,0.000,2,0,0,0,2,0,2,0,1.0,0.0,0.0,1.0,1.3333333333333333,-0.33333333333333326
"G[0,1]((BGTestAvgNumPtRep <= 0.000 | bmiPerc <= 0.000) & Pt_SHFlg >= 0.000)
",9999999.000,9999999.000,0.000,1.000,0.000,1,0,1,0,1,1,2,0,1.0,0.0,1.0,0.5,0.6666666666666666,0.33333333333333337
"G[0,1](diagAgeCombo >= 1.685 -> HbA1c >= 8.070)
",9999999.000,9999999.000,0.000,1.000,0.000,1,0,1,0,1,1,2,0,1.0,0.0,1.0,0.5,0.6666666666666666,0.33333333333333337
"G[0,0](((AlbCreatRat_mggNew >= 3.094 -> TotChol <= 137.623) & HDL <= 112.346) | Pt_A1cGoalLev >= 49.138)
",-49.138,-49.138,0.000,1.000,0.000,1,0,0,1,2,0,1,1,0.5,0.0,0.0,1.0,0.6666666666666666,0.33333333333333337
"G[0,0](BldPrSys >= 105.189 | UnitsInsBasalOrLongAct <= 24.945)
",21.945,21.945,0.000,1.000,0.000,1,0,0,1,2,0,1,1,0.5,0.0,0.0,1.0,0.6666666666666666,0.33333333333333337
"G[0,1](((Pt_SiblingT1D <= 0.000 | HbA1c <= 8.599) -> UnitsInsBasalOrLongAct <= 9.064) | bmiZscore <= 9.549)
",9999999.000,9999999.000,0.000,1.000,0.000,1,0,1,0,1,1,2,0,1.0,0.0,1.0,0.5,0.6666666666666666,0.33333333333333337
"G[1,1]((BldPrSys <= 106.684 -> Pt_GrandchildT1D >= 0.000) & LDL >= 0.000)
",-106.684,-106.684,0.000,1.000,0.000,1,0,1,0,1,1,2,0,1.0,0.0,1.0,0.5,0.6666666666666666,0.33333333333333337
"G[0,1](BldPrSys <= 108.101 -> HbA1cImputeDtMnC <= 19.436)
",9999999.000,9999999.000,0.000,1.000,0.000,1,0,0,1,2,0,1,1,0.5,0.0,0.0,1.0,0.6666666666666666,0.33333333333333337
"G[1,1](((Pt_GrandchildT1D >= 0.000 -> Triglyc >= 67.850) | SMBGperDayPtMeterCombo <= 122.111) -> TSH >= 0.953)
",-122.111,-122.111,0.000,1.000,0.000,1,0,1,0,1,1,2,0,1.0,0.0,1.0,0.5,0.6666666666666666,0.33333333333333337
"G[1,1](HbA1cImputeDtMnC >= 4.726 | TSH >= 0.836)
",-0.836,-0.836,0.000,1.000,0.000,1,0,1,0,1,1,2,0,1.0,0.0,1.0,0.5,0.6666666666666666,0.33333333333333337
"G[0,1](((DirectLDL >= 0.082 | HbA1c <= 9.142) | bmiZscore >= 8.102) | diabDur >= 7.119)
",9999999.000,9999999.000,0.000,1.000,0.000,1,0,1,0,1,1,2,0,1.0,0.0,1.0,0.5,0.6666666666666666,0.33333333333333337
"G[1,1](((BUN >= 4.242 -> Triglyc >= 53.962) -> diagAgeCombo <= 176.318) & TotalDailyInsPerKg <= 123.706)
",-176.318,-176.318,0.000,1.000,0.000,1,0,1,0,1,1,2,0,1.0,0.0,1.0,0.5,0.6666666666666666,0.33333333333333337
"G[0,1](((HeightCm >= 153.297 & Pt_GrandparentT1D <= 0.000) | BldPrSys >= 0.000) | Pt_MotherT1D <= 0.000)
",9999999.000,9999999.000,0.000,1.000,0.000,1,0,1,0,1,1,2,0,1.0,0.0,1.0,0.5,0.6666666666666666,0.33333333333333337
"G[0,1]((Pt_MotherT1D >= 0.000 | Pt_FatherT1D <= 0.000) & UnitsInsBasalOrLongAct >= 0.000)
",9999999.000,9999999.000,0.000,1.000,0.000,1,0,1,0,1,1,2,0,1.0,0.0,1.0,0.5,0.6666666666666666,0.33333333333333337
"G[1,1](LDL <= 103.512 & UnitsInsBasalOrLongAct >= 24.272)
",-24.272,-24.272,0.000,1.000,0.000,1,0,1,0,1,1,2,0,1.0,0.0,1.0,0.5,0.6666666666666666,0.33333333333333337
"G[1,1]((BUN >= 9.064 & BldPrSys >= 105.616) -> Pt_SHFlg >= 105.458)
",105.458,105.458,0.000,1.000,0.000,1,0,1,0,1,1,2,0,1.0,0.0,1.0,0.5,0.6666666666666666,0.33333333333333337
"G[0,0](LDL < 70.727 & Pt_SHFlg = 0.000)
",-13.178,-13.178,0.000,1.000,0.000,1,0,0,1,2,0,1,1,0.5,0.0,0.0,1.0,0.6666666666666666,0.33333333333333337
"G[1,1](SMBGperDayPtMeterCombo <= 2.077 | Pt_SHFlg >= 0.000)
",2.077,2.077,0.000,1.000,0.000,1,0,1,0,1,1,2,0,1.0,0.0,1.0,0.5,0.6666666666666666,0.33333333333333337
"G[0,0]((Pt_MotherT1D >= 0.000 & HDL >= 19.053) & BldPrSys >= 14.240)
",-14.240,-14.240,0.000,1.000,0.000,1,0,0,1,2,0,1,1,0.5,0.0,0.0,1.0,0.6666666666666666,0.33333333333333337
"G[0,1]((BldPrSys <= 108.183 & DirectLDL <= 0.482) -> Pt_GrandchildT1D <= 0.582)
",9999999.000,9999999.000,0.000,1.000,0.000,1,0,1,0,1,1,2,0,1.0,0.0,1.0,0.5,0.6666666666666666,0.33333333333333337
"G[0,0](((DirectLDL >= 0.129 | Triglyc >= 80.027) | TSH >= 4.201) | AutonomicNeuroCl >= 45.977)
",154.771,154.771,0.000,1.000,0.000,1,0,0,1,2,0,1,1,0.5,0.0,0.0,1.0,0.6666666666666666,0.33333333333333337
"G[1,1]((BGTestAvgNumMeter >= 1.787 -> bmiZscore >= 0.220) -> Pt_SiblingT1D >= 0.205)
",-0.220,-0.220,0.000,1.000,0.000,1,0,1,0,1,1,2,0,1.0,0.0,1.0,0.5,0.6666666666666666,0.33333333333333337
"G[1,1](((BGTestAvgNumMeter >= 1.032 -> Triglyc >= 76.880) | HDL <= 122.169) | Pt_CGMUseNumDays <= 122.681)
",122.681,122.681,0.000,1.000,0.000,1,0,1,0,1,1,2,0,1.0,0.0,1.0,0.5,0.6666666666666666,0.33333333333333337
"G[1,1](((Pt_A1cGoalLevelDsYr5 <= 0.000 & AlbCreatRat_mggNew <= 4.328) -> Pt_A1cGoalLevelDsYr5 <= 4.896) | diabDur >= 3.159)
",-3.159,-3.159,0.000,1.000,0.000,1,0,1,0,1,1,2,0,1.0,0.0,1.0,0.5,0.6666666666666666,0.33333333333333337
"G[0,0](GFR <= 93.836 -> BUN >= 8.075)
",-193.925,-193.925,0.000,1.000,0.000,1,0,0,1,2,0,1,1,0.5,0.0,0.0,1.0,0.6666666666666666,0.33333333333333337
"G[1,1](Pt_FatherT1D <= 0.000 | WeightKg >= 67.764)
",0.000,0.000,0.000,1.000,0.000,1,0,1,0,1,1,2,0,1.0,0.0,1.0,0.5,0.6666666666666666,0.33333333333333337
"G[1,1](((Pt_CGMUseNumDays >= 4.225 & TotalDailyInsPerKg >= 0.487) -> age >= 0.443) & WeightKg >= 0.434)
",-0.434,-0.434,0.000,1.000,0.000,1,0,1,0,1,1,2,0,1.0,0.0,1.0,0.5,0.6666666666666666,0.33333333333333337
"G[1,1]((SMBGperDayPtMeterCombo >= 1.738 & Pt_SiblingT1D <= 0.000) & BldPrSys >= 0.000)
",-1.738,-1.738,0.000,1.000,0.000,1,0,1,0,1,1,2,0,1.0,0.0,1.0,0.5,0.6666666666666666,0.33333333333333337
"G[0,1](Pt_MotherT1D <= 0.000 & bmiPerc <= 0.000)
",9999999.000,9999999.000,0.000,1.000,0.000,1,0,1,0,1,1,2,0,1.0,0.0,1.0,0.5,0.6666666666666666,0.33333333333333337
"G[0,0](AutonomicNeuroCl <= 0.000 & LDL >= 9.738)
",-9.046,-9.046,0.000,1.000,0.000,1,0,0,1,2,0,1,1,0.5,0.0,0.0,1.0,0.6666666666666666,0.33333333333333337
"G[1,1](Pt_SHFlg >= 0.000 | BGTestAvgNumPtRep >= 0.000)
",0.000,0.000,0.000,1.000,0.000,1,0,1,0,1,1,2,0,1.0,0.0,1.0,0.5,0.6666666666666666,0.33333333333333337
"G[0,1]((Pt_MotherT1D <= 0.000 -> age >= 22.208) -> DirectLDL <= 23.828)
",9999999.000,9999999.000,0.000,1.000,0.000,1,0,1,0,1,1,2,0,1.0,0.0,1.0,0.5,0.6666666666666666,0.33333333333333337
"G[0,1]((GFR <= 105.464 & BGTestAvgNumPtRep >= 0.000) -> HDL <= 0.000)
",9999999.000,9999999.000,0.000,1.000,0.000,1,0,1,0,1,1,2,0,1.0,0.0,1.0,0.5,0.6666666666666666,0.33333333333333337
"G[1,1](((BGTestAvgNumMeter <= 2.597 & NumPumpBolusOrShortAct <= 1.236) | Pt_GrandparentT1D >= 0.084) -> Pt_CGMUseNumDays <= 1.195)
",-1.236,-1.236,0.000,1.000,0.000,1,0,1,0,1,1,2,0,1.0,0.0,1.0,0.5,0.6666666666666666,0.33333333333333337
"G[0,1](((DirectLDL <= 0.703 | LDL <= 100.678) | Pt_DKAFlg <= 95.530) | AlbCreatRat_mggNew <= 85.445)
",9999999.000,9999999.000,0.000,1.000,0.000,1,0,1,0,1,1,2,0,1.0,0.0,1.0,0.5,0.6666666666666666,0.33333333333333337
"G[0,0](bmiZscore >= 0.213 | TotalDailyInsPerKg >= 0.428)
",16.572,16.572,0.000,1.000,0.000,1,0,0,1,2,0,1,1,0.5,0.0,0.0,1.0,0.6666666666666666,0.33333333333333337
"G[0,1](((HbA1c >= 7.919 | TotalDailyInsPerKg >= 0.487) & Pt_ChildT1D <= 0.686) | LDL >= 0.443)
",9999999.000,9999999.000,0.000,1.000,0.000,1,0,1,0,1,1,2,0,1.0,0.0,1.0,0.5,0.6666666666666666,0.33333333333333337
"G[0,1](Pt_MotherT1D <= 0.000 -> Pt_SHFlg = 0.000)
",9999999.000,9999999.000,0.000,1.000,0.000,1,0,1,0,1,1,2,0,1.0,0.0,1.0,0.5,0.6666666666666666,0.33333333333333337
"G[1,1](((TotalDailyInsPerKg <= 0.671 | TSH >= 1.103) | Pt_MotherT1D >= 0.714) | HDL <= 2.178)
",2.178,2.178,0.000,1.000,0.000,1,0,1,0,1,1,2,0,1.0,0.0,1.0,0.5,0.6666666666666666,0.33333333333333337
"G[1,1](GFR <= 123.871 -> BUN >= 1.424)
",-123.871,-123.871,0.000,1.000,0.000,1,0,1,0,1,1,2,0,1.0,0.0,1.0,0.5,0.6666666666666666,0.33333333333333337
"G[0,1](NumPumpBolusOrShortAct >= 0.432 -> Pt_SHFlg = 0.000)
",9999999.000,9999999.000,0.000,1.000,0.000,1,0,1,0,1,1,2,0,1.0,0.0,1.0,0.5,0.6666666666666666,0.33333333333333337
"G[0,0]((Pt_DKAFlg <= 0.000 & LDL >= 37.401) -> Pt_MotherT1D >= 44.441)
",36.709,36.709,0.000,1.000,0.000,1,0,0,1,2,0,1,1,0.5,0.0,0.0,1.0,0.6666666666666666,0.33333333333333337
"G[0,1]((WeightKg >= 67.898 | bmi >= 28.355) -> UnitsInsBasalOrLongAct <= 25.136)
",9999999.000,9999999.000,0.000,1.000,0.000,1,0,1,0,1,1,2,0,1.0,0.0,1.0,0.5,0.6666666666666666,0.33333333333333337
"G[0,1]((WeightKg >= 67.939 | bmi >= 28.247) -> UnitsInsBasalOrLongAct <= 25.248)
",9999999.000,9999999.000,0.000,1.000,0.000,1,0,1,0,1,1,2,0,1.0,0.0,1.0,0.5,0.6666666666666666,0.33333333333333337
"G[0,1](age <= 23.735 | Pt_FatherT1D >= 0.000)
",9999999.000,9999999.000,0.000,1.000,0.000,1,0,1,0,1,1,2,0,1.0,0.0,1.0,0.5,0.6666666666666666,0.33333333333333337
"G[0,1](GFR <= 114.483 -> BUN >= 0.465)
",9999999.000,9999999.000,0.000,1.000,0.000,1,0,0,1,2,0,1,1,0.5,0.0,0.0,1.0,0.6666666666666666,0.33333333333333337
"G[0,1]((WeightKg >= 67.993 | bmi >= 28.557) -> UnitsInsBasalOrLongAct <= 25.225)
",9999999.000,9999999.000,0.000,1.000,0.000,1,0,1,0,1,1,2,0,1.0,0.0,1.0,0.5,0.6666666666666666,0.33333333333333337
"G[0,1](((TSH <= 1.891 | Pt_GrandparentT1D >= 0.000) -> Pt_A1cGoalLev >= 0.000) | GFR <= 0.000)
",9999999.000,9999999.000,0.000,1.000,0.000,1,0,1,0,1,1,2,0,1.0,0.0,1.0,0.5,0.6666666666666666,0.33333333333333337
"G[1,1]((WeightKg >= 67.939 | bmi >= 28.244) -> UnitsInsBasalOrLongAct <= 24.772)
",-24.772,-24.772,0.000,1.000,0.000,1,0,1,0,1,1,2,0,1.0,0.0,1.0,0.5,0.6666666666666666,0.33333333333333337
"G[0,0](SMBGperDayPtMeterCombo >= 1.540 & BGTestAvgNumPtRep >= 0.000)
",3.000,3.000,0.000,1.000,0.000,1,0,0,1,2,0,1,1,0.5,0.0,0.0,1.0,0.6666666666666666,0.33333333333333337
"G[0,0](GFR <= 116.949 -> BUN >= 2.907)
",-199.093,-199.093,0.000,1.000,0.000,1,0,0,1,2,0,1,1,0.5,0.0,0.0,1.0,0.6666666666666666,0.33333333333333337
"G[0,1](BGTestAvgNumMeter <= 2.656 -> Pt_DKAFlg <= 0.000)
",9999999.000,9999999.000,0.000,1.000,0.000,1,0,1,0,1,1,2,0,1.0,0.0,1.0,0.5,0.6666666666666666,0.33333333333333337
"G[0,1]((WeightKg >= 67.637 | bmi >= 28.482) -> UnitsInsBasalOrLongAct <= 25.218)
",9999999.000,9999999.000,0.000,1.000,0.000,1,0,1,0,1,1,2,0,1.0,0.0,1.0,0.5,0.6666666666666666,0.33333333333333337
"G[1,1]((Pt_SHFlg >= 0.000 | TotalDailyInsPerKg >= 0.450) | age <= 0.688)
",0.688,0.688,0.000,1.000,0.000,1,0,1,0,1,1,2,0,1.0,0.0,1.0,0.5,0.6666666666666666,0.33333333333333337
"G[0,1](WeightKg <= 68.904 -> Pt_SHFlg = 0.000)
",9999999.000,9999999.000,0.000,1.000,0.000,1,0,1,0,1,1,2,0,1.0,0.0,1.0,0.5,0.6666666666666666,0.33333333333333337
"G[1,1](((Pt_InsGov >= 0.000 & TSH <= 2.337) & Pt_SHFlg >= 0.304) -> BGTestAvgNumPtRep >= 0.274)
",0.274,0.274,0.000,1.000,0.000,1,0,1,0,1,1,2,0,1.0,0.0,1.0,0.5,0.6666666666666666,0.33333333333333337
"G[1,1](Pt_SiblingT1D >= 0.000 & Pt_SHFlg = 0.000)
",0.000,0.000,0.000,1.000,0.000,1,0,1,0,1,1,2,0,1.0,0.0,1.0,0.5,0.6666666666666666,0.33333333333333337
"G[1,1](diabDur >= 16.993 -> Pt_SHFlg = 0.000)
",0.000,0.000,0.000,1.000,0.000,1,0,1,0,1,1,2,0,1.0,0.0,1.0,0.5,0.6666666666666666,0.33333333333333337
"G[2,2]((TotalDailyInsPerKg >= 0.549 & Pt_A1cGoalLevelDsYr5 <= 0.000) | Pt_ChildT1D >= 0.000)
",0.000,0.000,0.000,1.000,0.000,0,0,2,0,0,2,2,0,0.0,0.0,1.0,0.0,0.0,1.0
"G[0,2](((HbA1cImputeDtMnC >= 10.527 | BGTestAvgNumMeter >= 1.104) & HeightCm <= 2.402) & AutonomicNeuroCl >= 1.132)
",9999999.000,9999999.000,0.000,1.000,0.000,0,0,0,2,2,0,0,2,0.0,0.0,0.0,0.0,0.0,1.0
"G[0,2]((diabDur >= 16.139 & HDL >= 0.894) & BUN >= 33.647)
",9999999.000,9999999.000,0.000,1.000,0.000,0,0,0,2,2,0,0,2,0.0,0.0,0.0,0.0,0.0,1.0
"G[0,2]((SMBGperDayPtMeterCombo >= 1.375 -> AlbCreatRat_mggNew >= 3.020) -> AlbCreatRat_mggNew >= 3.466)
",9999999.000,9999999.000,0.000,1.000,0.000,0,0,2,0,0,2,2,0,0.0,0.0,1.0,0.0,0.0,1.0
"G[0,2](((BldPrDia >= 72.026 -> NumPumpBolusOrShortAct >= 0.212) -> Pt_ChildT1D >= 0.073) -> Pt_DKAFlg >= 0.383)
",9999999.000,9999999.000,0.000,1.000,0.000,0,0,1,1,1,1,1,1,0.0,0.0,1.0,0.0,0.0,1.0
"G[1,2](((TotalDailyInsPerKg >= 0.412 & Pt_GrandparentT1D >= 0.000) & BGTestAvgNumPtRep >= 0.000) & Pt_SHFlg <= 0.000)
",9999999.000,9999999.000,0.000,1.000,0.000,0,0,2,0,0,2,2,0,0.0,0.0,1.0,0.0,0.0,1.0
"G[1,1]((Pt_A1cGoalLev <= 5.986 -> diagAgeCombo >= 1.831) | BUN <= 4.763)
",4.763,4.763,0.000,1.000,0.000,0,0,1,1,1,1,1,1,0.0,0.0,1.0,0.0,0.0,1.0
"G[0,2](((HbA1c <= 9.566 -> BGTestAvgNumMeter >= 1.970) & age >= 1.563) -> HbA1c <= 2.108)
",9999999.000,9999999.000,0.000,1.000,0.000,0,0,0,2,2,0,0,2,0.0,0.0,0.0,0.0,0.0,1.0
"G[1,1](((Pt_SHFlg <= 0.000 & BGTestAvgNumMeter >= 1.521) & UnitsInsBasalOrLongAct <= 2.770) & bmi <= 2.043)
",-1.521,-1.521,0.000,1.000,0.000,0,0,1,1,1,1,1,1,0.0,0.0,1.0,0.0,0.0,1.0
"G[1,2](((HDL <= 58.181 & DirectLDL >= 0.033) -> HbA1c <= 0.753) & bmiZscore <= 0.511)
",9999999.000,9999999.000,0.000,1.000,0.000,0,0,1,1,1,1,1,1,0.0,0.0,1.0,0.0,0.0,1.0
"G[0,2](((Pt_InsGov >= 0.000 -> Pt_InsGov >= 0.000) | NumPumpBolusOrShortAct >= 0.000) -> Pt_A1cGoalLev <= 0.000)
",9999999.000,9999999.000,0.000,1.000,0.000,0,0,1,1,1,1,1,1,0.0,0.0,1.0,0.0,0.0,1.0
"G[1,2]((BUN <= 12.515 | Pt_DKAFlg >= 0.000) -> HbA1cImputeDtMnC <= 0.000)
",9999999.000,9999999.000,0.000,1.000,0.000,0,0,1,1,1,1,1,1,0.0,0.0,1.0,0.0,0.0,1.0
"G[2,2](Pt_SHFlg <= 0.000 | bmiZscore <= 0.294)
",0.294,0.294,0.000,1.000,0.000,0,0,2,0,0,2,2,0,0.0,0.0,1.0,0.0,0.0,1.0
"G[1,2](((Pt_CGMUseNumDays >= 0.282 -> AlbCreatRat_mggNew >= 3.165) & UnitsInsBasalOrLongAct >= 3.393) & bmiZscore <= 3.691)
",9999999.000,9999999.000,0.000,1.000,0.000,0,0,2,0,0,2,2,0,0.0,0.0,1.0,0.0,0.0,1.0
"G[1,2](((HDL >= 28.990 -> UnitsInsBasalOrLongAct <= 24.979) -> BGTestAvgNumPtRep >= 24.176) | Pt_ChildT1D <= 25.073)
",9999999.000,9999999.000,0.000,1.000,0.000,0,0,2,0,0,2,2,0,0.0,0.0,1.0,0.0,0.0,1.0
"G[0,1](((diagAgeCombo >= 0.454 -> UnitsInsBasalOrLongAct <= 24.794) & diabDur >= 24.361) & Pt_ChildT1D >= 24.256)
",9999999.000,9999999.000,0.000,1.000,0.000,0,0,0,2,2,0,0,2,0.0,0.0,0.0,0.0,0.0,1.0
"G[0,2]((AutonomicNeuroCl >= 0.000 -> bmiZscore >= 0.236) -> Pt_FatherT1D <= 0.298)
",9999999.000,9999999.000,0.000,1.000,0.000,0,0,2,0,0,2,2,0,0.0,0.0,1.0,0.0,0.0,1.0
"G[0,2](((Pt_GrandchildT1D <= 0.000 & Pt_ChildT1D <= 0.000) | diagAgeCombo >= 0.000) | BUN >= 0.000)
",9999999.000,9999999.000,0.000,1.000,0.000,0,0,2,0,0,2,2,0,0.0,0.0,1.0,0.0,0.0,1.0
"G[0,2]((DirectLDL >= 0.195 & diagAgeCombo >= 1.184) & NumPumpBolusOrShortAct <= 3.696)
",9999999.000,9999999.000,0.000,1.000,0.000,0,0,0,2,2,0,0,2,0.0,0.0,0.0,0.0,0.0,1.0
"G[0,0](((age >= 22.132 -> diabDur >= 16.649) & Pt_FatherT1D >= 16.178) | TSH >= 16.829)
",-16.178,-16.178,0.000,1.000,0.000,0,0,0,2,2,0,0,2,0.0,0.0,0.0,0.0,0.0,1.0
"G[1,2](((Triglyc >= 96.422 & Pt_FatherT1D >= 0.000) | TotChol >= 0.000) & BUN >= 0.000)
",9999999.000,9999999.000,0.000,1.000,0.000,0,0,2,0,0,2,2,0,0.0,0.0,1.0,0.0,0.0,1.0
"G[0,1]((Pt_ChildT1D >= 0.000 -> Pt_FatherT1D <= 0.000) & TotChol <= 0.000)
",9999999.000,9999999.000,0.000,1.000,0.000,0,0,1,1,1,1,1,1,0.0,0.0,1.0,0.0,0.0,1.0
"G[1,2](((TotalDailyInsPerKg >= 0.453 | BUN >= 8.425) & BGTestAvgNumMeter >= 0.683) | BUN >= 7.388)
",9999999.000,9999999.000,0.000,1.000,0.000,0,0,2,0,0,2,2,0,0.0,0.0,1.0,0.0,0.0,1.0
"G[1,2](((BUN >= 6.330 & Pt_InsGov <= 0.000) | Pt_SHFlg <= 0.000) & AlbCreatRat_mggNew <= 0.000)
",9999999.000,9999999.000,0.000,1.000,0.000,0,0,1,1,1,1,1,1,0.0,0.0,1.0,0.0,0.0,1.0
"G[2,2](((BUN <= 11.678 & NumPumpBolusOrShortAct >= 0.006) | Pt_A1cGoalLev <= 1.552) | UnitsInsBasalOrLongAct >= 0.161)
",1.552,1.552,0.000,1.000,0.000,0,0,2,0,0,2,2,0,0.0,0.0,1.0,0.0,0.0,1.0
"G[0,1](((Pt_SiblingT1D >= 0.000 & Pt_DKAFlg <= 0.000) & Pt_SiblingT1D <= 0.000) -> Pt_CGMUseNumDays <= 0.000)
",9999999.000,9999999.000,0.000,1.000,0.000,0,0,1,1,1,1,1,1,0.0,0.0,1.0,0.0,0.0,1.0
"G[0,1](((bmiZscore <= 0.261 & Pt_SHFlg >= 0.000) -> bmiPerc >= 0.000) & HbA1cImputeDtMnC >= 0.000)
",9999999.000,9999999.000,0.000,1.000,0.000,0,0,1,1,1,1,1,1,0.0,0.0,1.0,0.0,0.0,1.0
"G[0,2]((TotalDailyInsPerKg >= 0.425 & SMBGperDayPtMeterCombo >= 1.388) -> BGTestAvgNumPtRep <= 2.451)
",9999999.000,9999999.000,0.000,1.000,0.000,0,0,2,0,0,2,2,0,0.0,0.0,1.0,0.0,0.0,1.0
"G[2,2]((Triglyc >= 105.633 -> Pt_SiblingT1D <= 0.000) | LDL <= 0.000)
",0.000,0.000,0.000,1.000,0.000,0,0,2,0,0,2,2,0,0.0,0.0,1.0,0.0,0.0,1.0
"G[2,2](BGTestAvgNumMeter >= 1.508 | Triglyc >= 13.568)
",-1.508,-1.508,0.000,1.000,0.000,0,0,2,0,0,2,2,0,0.0,0.0,1.0,0.0,0.0,1.0
"G[0,1]((TotalDailyInsPerKg <= 0.638 & BGTestAvgNumPtRep >= 0.000) & BldPrDia >= 0.000)
",9999999.000,9999999.000,0.000,1.000,0.000,0,0,1,1,1,1,1,1,0.0,0.0,1.0,0.0,0.0,1.0
"G[0,1](((NumPumpBolusOrShortAct >= 0.570 -> Pt_ChildT1D <= 0.000) | Pt_InsGov <= 0.000) -> HbA1cImputeDtMnC <= 0.000)
",9999999.000,9999999.000,0.000,1.000,0.000,0,0,0,2,2,0,0,2,0.0,0.0,0.0,0.0,0.0,1.0
"G[0,1](((TotalDailyInsPerKg <= 0.641 | bmiPerc >= 0.000) | Pt_GrandchildT1D >= 0.000) & DirectLDL <= 0.000)
",9999999.000,9999999.000,0.000,1.000,0.000,0,0,1,1,1,1,1,1,0.0,0.0,1.0,0.0,0.0,1.0
"G[0,2]((BUN >= 3.648 | GFR >= 33.118) | Pt_CGMUseNumDays >= 26.735)
",9999999.000,9999999.000,0.000,1.000,0.000,0,0,1,1,1,1,1,1,0.0,0.0,1.0,0.0,0.0,1.0
"G[2,2]((diabDur <= 17.714 -> Pt_InsGov >= 0.000) & TSH <= 0.000)
",-17.714,-17.714,0.000,1.000,0.000,0,0,2,0,0,2,2,0,0.0,0.0,1.0,0.0,0.0,1.0
"G[1,2](((HbA1cImputeDtMnC >= 1.237 & Pt_GrandparentT1D >= 0.000) | bmi >= 0.000) -> AutonomicNeuroCl >= 0.000)
",9999999.000,9999999.000,0.000,1.000,0.000,0,0,2,0,0,2,2,0,0.0,0.0,1.0,0.0,0.0,1.0
"G[0,2]((BGTestAvgNumMeter <= 2.913 | Pt_DKAFlg <= 0.000) | Pt_SiblingT1D >= 0.000)
",9999999.000,9999999.000,0.000,1.000,0.000,0,0,2,0,0,2,2,0,0.0,0.0,1.0,0.0,0.0,1.0
"G[0,2](((LDL >= 45.021 -> HeightCm >= 153.925) & Pt_FatherT1D <= 154.411) & diabDur <= 154.815)
",9999999.000,9999999.000,0.000,1.000,0.000,0,0,1,1,1,1,1,1,0.0,0.0,1.0,0.0,0.0,1.0
"G[1,2]((Triglyc <= 144.344 -> Pt_CGMUseNumDays >= 1.905) | Triglyc <= 11.057)
",9999999.000,9999999.000,0.000,1.000,0.000,0,0,2,0,0,2,2,0,0.0,0.0,1.0,0.0,0.0,1.0
"G[2,2]((Pt_SHFlg >= 0.000 | Pt_MotherT1D >= 0.000) & BldPrSys <= 0.000)
",0.000,0.000,0.000,1.000,0.000,0,0,2,0,0,2,2,0,0.0,0.0,1.0,0.0,0.0,1.0
"G[1,2]((Pt_GrandchildT1D <= 0.000 & BGTestAvgNumPtRep >= 0.000) | diabDur <= 0.000)
",9999999.000,9999999.000,0.000,1.000,0.000,0,0,2,0,0,2,2,0,0.0,0.0,1.0,0.0,0.0,1.0
"G[0,2]((SMBGperDayPtMeterCombo <= 2.855 | HbA1c >= 7.994) & AutonomicNeuroCl >= 7.519)
",9999999.000,9999999.000,0.000,1.000,0.000,0,0,0,2,2,0,0,2,0.0,0.0,0.0,0.0,0.0,1.0
"G[0,2](((WeightKg <= 68.278 & Triglyc <= 120.609) | BGTestAvgNumPtRep >= 58.370) | HbA1c <= 185.190)
",9999999.000,9999999.000,0.000,1.000,0.000,0,0,2,0,0,2,2,0,0.0,0.0,1.0,0.0,0.0,1.0
"G[0,1](((DirectLDL <= 0.735 -> HeightCm >= 154.251) & GFR <= 154.507) & LDL <= 154.430)
",9999999.000,9999999.000,0.000,1.000,0.000,0,0,1,1,1,1,1,1,0.0,0.0,1.0,0.0,0.0,1.0
"G[0,2](Pt_FatherT1D >= 0.000 & UnitsInsBasalOrLongAct >= 24.235)
",9999999.000,9999999.000,0.000,1.000,0.000,0,0,1,1,1,1,1,1,0.0,0.0,1.0,0.0,0.0,1.0
"G[2,2]((TSH >= 0.529 & BldPrDia <= 78.934) | Pt_SHFlg <= 75.763)
",75.763,75.763,0.000,1.000,0.000,0,0,2,0,0,2,2,0,0.0,0.0,1.0,0.0,0.0,1.0
"G[0,2]((HbA1c >= 7.513 -> BUN >= 4.513) -> Pt_InsGov <= 12.289)
",9999999.000,9999999.000,0.000,1.000,0.000,0,0,2,0,0,2,2,0,0.0,0.0,1.0,0.0,0.0,1.0
"G[1,2]((BldPrSys >= 104.173 -> bmi >= 28.307) & LDL <= 29.428)
",9999999.000,9999999.000,0.000,1.000,0.000,0,0,1,1,1,1,1,1,0.0,0.0,1.0,0.0,0.0,1.0
"G[0,2](((TSH >= 0.892 | Pt_A1cGoalLev >= 0.733) & diagAgeCombo <= 4.133) -> LDL <= 5.169)
",9999999.000,9999999.000,0.000,1.000,0.000,0,0,1,1,1,1,1,1,0.0,0.0,1.0,0.0,0.0,1.0
"G[2,2](((BGTestAvgNumPtRep >= 0.000 | HbA1cImputeDtMnC >= 4.787) & UnitsInsBasalOrLongAct <= 18.943) | HDL <= 13.806)
",13.806,13.806,0.000,1.000,0.000,0,0,2,0,0,2,2,0,0.0,0.0,1.0,0.0,0.0,1.0
"G[0,2](((BldPrDia <= 75.646 & Pt_ChildT1D <= 0.000) -> DirectLDL >= 0.000) & TotalDailyInsPerKg >= 0.000)
",9999999.000,9999999.000,0.000,1.000,0.000,0,0,2,0,0,2,2,0,0.0,0.0,1.0,0.0,0.0,1.0
"G[1,2](Pt_ChildT1D <= 0.000 & WeightKg >= 67.863)
",9999999.000,9999999.000,0.000,1.000,0.000,0,0,1,1,1,1,1,1,0.0,0.0,1.0,0.0,0.0,1.0
"G[0,2](((Pt_DKAFlg >= 0.000 | bmi <= 28.698) | NumPumpBolusOrShortAct <= 29.259) & BGTestAvgNumPtRep <= 29.364)
",9999999.000,9999999.000,0.000,1.000,0.000,0,0,2,0,0,2,2,0,0.0,0.0,1.0,0.0,0.0,1.0
"G[0,2](DirectLDL <= 0.931 & HDL >= 31.493)
",9999999.000,9999999.000,0.000,1.000,0.000,0,0,0,2,2,0,0,2,0.0,0.0,0.0,0.0,0.0,1.0
"G[1,2](((UnitsInsBasalOrLongAct <= 24.999 -> BUN >= 9.347) & BUN <= 10.068) & WeightKg >= 6.548)
",9999999.000,9999999.000,0.000,1.000,0.000,0,0,1,1,1,1,1,1,0.0,0.0,1.0,0.0,0.0,1.0
"G[1,2](((Pt_A1cGoalLevelDsYr5 >= 0.000 & SMBGperDayPtMeterCombo <= 2.610) -> diagAgeCombo >= 1.630) -> Pt_DKAFlg <= 2.885)
",9999999.000,9999999.000,0.000,1.000,0.000,0,0,2,0,0,2,2,0,0.0,0.0,1.0,0.0,0.0,1.0
"G[0,2](NumPumpBolusOrShortAct <= 0.949 -> Pt_A1cGoalLevelDsYr5 <= 0.000)
",9999999.000,9999999.000,0.000,1.000,0.000,0,0,2,0,0,2,2,0,0.0,0.0,1.0,0.0,0.0,1.0
"G[0,2]((TotalDailyInsPerKg >= 0.428 & DirectLDL >= 0.332) -> DirectLDL >= 0.217)
",9999999.000,9999999.000,0.000,1.000,0.000,0,0,2,0,0,2,2,0,0.0,0.0,1.0,0.0,0.0,1.0
"G[0,2](((DirectLDL >= 0.029 | TSH >= 1.265) -> diabDur <= 2.067) | LDL <= 1.654)
",9999999.000,9999999.000,0.000,1.000,0.000,0,0,1,1,1,1,1,1,0.0,0.0,1.0,0.0,0.0,1.0
"G[0,0](((UnitsInsBasalOrLongAct <= 25.050 & NumPumpBolusOrShortAct >= 0.315) -> HbA1cImputeDtMnC >= 0.544) & bmiPerc >= 0.359)
",0.315,0.315,0.000,1.000,0.000,0,0,0,2,2,0,0,2,0.0,0.0,0.0,0.0,0.0,1.0
"G[0,2](HDL <= 57.943 & TotChol <= 192.876)
",9999999.000,9999999.000,0.000,1.000,0.000,0,0,1,1,1,1,1,1,0.0,0.0,1.0,0.0,0.0,1.0
"G[0,0](((Pt_CGMUseNumDays <= 11.501 | BldPrDia <= 76.475) & TotChol <= 78.526) & diabDur >= 73.009)
",-50.009,-50.009,0.000,1.000,0.000,0,0,0,2,2,0,0,2,0.0,0.0,0.0,0.0,0.0,1.0
"G[1,2]((HeightCm >= 153.988 | bmiZscore >= 0.244) -> age >= 0.187)
",9999999.000,9999999.000,0.000,1.000,0.000,0,0,2,0,0,2,2,0,0.0,0.0,1.0,0.0,0.0,1.0
"G[2,2](((TotalDailyInsPerKg <= 0.668 & bmiZscore >= 0.208) -> BGTestAvgNumPtRep >= 0.239) & Pt_A1cGoalLevelDsYr5 >= 0.224)
",-0.224,-0.224,0.000,1.000,0.000,0,0,2,0,0,2,2,0,0.0,0.0,1.0,0.0,0.0,1.0
"G[1,2](((Pt_GrandparentT1D >= 0.000 -> Pt_SHFlg <= 0.000) | Pt_FatherT1D <= 0.000) | HbA1cImputeDtMnC <= 0.000)
",9999999.000,9999999.000,0.000,1.000,0.000,0,0,2,0,0,2,2,0,0.0,0.0,1.0,0.0,0.0,1.0
"G[1,2]((Pt_SHFlg <= 0.000 | LDL >= 35.315) & AutonomicNeuroCl <= 51.764)
",9999999.000,9999999.000,0.000,1.000,0.000,0,0,2,0,0,2,2,0,0.0,0.0,1.0,0.0,0.0,1.0
"G[1,1]((diagAgeCombo <= 3.686 & WeightKg <= 68.734) & Pt_FatherT1D >= 67.815)
",-67.815,-67.815,0.000,1.000,0.000,0,0,1,1,1,1,1,1,0.0,0.0,1.0,0.0,0.0,1.0
"G[0,2]((Triglyc <= 122.951 | Pt_FatherT1D >= 0.000) | GFR >= 0.000)
",9999999.000,9999999.000,0.000,1.000,0.000,0,0,2,0,0,2,2,0,0.0,0.0,1.0,0.0,0.0,1.0
"G[0,1]((bmiZscore <= 0.269 & bmiPerc >= 0.000) & Pt_DKAFlg >= 0.000)
",9999999.000,9999999.000,0.000,1.000,0.000,0,0,1,1,1,1,1,1,0.0,0.0,1.0,0.0,0.0,1.0
"G[1,2]((UnitsInsBasalOrLongAct <= 25.450 | bmiPerc <= 0.000) -> TotalDailyInsPerKg <= 0.000)
",9999999.000,9999999.000,0.000,1.000,0.000,0,0,1,1,1,1,1,1,0.0,0.0,1.0,0.0,0.0,1.0
"G[1,2](Pt_InsGov >= 0.000 -> HbA1c <= 8.588)
",9999999.000,9999999.000,0.000,1.000,0.000,0,0,2,0,0,2,2,0,0.0,0.0,1.0,0.0,0.0,1.0
"G[0,1](((diabDur >= 16.148 -> NumPumpBolusOrShortAct >= 0.075) -> diagAgeCombo <= 1.829) | BUN <= 1.488)
",9999999.000,9999999.000,0.000,1.000,0.000,0,0,1,1,1,1,1,1,0.0,0.0,1.0,0.0,0.0,1.0
"G[1,1](((TSH >= 1.214 -> Pt_MotherT1D >= 0.000) -> LDL <= 0.000) & bmiPerc >= 0.000)
",0.000,0.000,0.000,1.000,0.000,0,0,1,1,1,1,1,1,0.0,0.0,1.0,0.0,0.0,1.0
"G[1,2]((AutonomicNeuroCl >= 0.000 & TotChol <= 137.211) & Pt_InsGov <= 183.079)
",9999999.000,9999999.000,0.000,1.000,0.000,0,0,2,0,0,2,2,0,0.0,0.0,1.0,0.0,0.0,1.0
"G[1,2](bmi >= 28.192 -> TotalDailyInsPerKg >= 0.468)
",9999999.000,9999999.000,0.000,1.000,0.000,0,0,2,0,0,2,2,0,0.0,0.0,1.0,0.0,0.0,1.0
"G[0,2](Pt_A1cGoalLev >= 0.681 | Pt_SiblingT1D <= 0.000)
",9999999.000,9999999.000,0.000,1.000,0.000,0,0,2,0,0,2,2,0,0.0,0.0,1.0,0.0,0.0,1.0
"G[1,2](DirectLDL >= 0.163 & Triglyc >= 107.708)
",9999999.000,9999999.000,0.000,1.000,0.000,0,0,2,0,0,2,2,0,0.0,0.0,1.0,0.0,0.0,1.0
"G[0,2]((AlbCreatRat_mggNew <= 3.880 & age >= 22.788) & Pt_DKAFlg <= 23.281)
",9999999.000,9999999.000,0.000,1.000,0.000,0,0,1,1,1,1,1,1,0.0,0.0,1.0,0.0,0.0,1.0
"G[1,2]((Triglyc >= 56.860 & diabDur >= 16.454) & UnitsInsBasalOrLongAct >= 16.452)
",9999999.000,9999999.000,0.000,1.000,0.000,0,0,2,0,0,2,2,0,0.0,0.0,1.0,0.0,0.0,1.0
"G[1,2]((TSH <= 2.157 & bmiPerc >= 0.000) | AlbCreatRat_mggNew <= 0.000)
",9999999.000,9999999.000,0.000,1.000,0.000,0,0,2,0,0,2,2,0,0.0,0.0,1.0,0.0,0.0,1.0
"G[1,2]((LDL >= 17.952 | LDL <= 55.261) | Triglyc >= 35.708)
",9999999.000,9999999.000,0.000,1.000,0.000,0,0,2,0,0,2,2,0,0.0,0.0,1.0,0.0,0.0,1.0
"G[0,2](BldPrDia <= 76.946 | HbA1c <= 9.144)
",9999999.000,9999999.000,0.000,1.000,0.000,0,0,1,1,1,1,1,1,0.0,0.0,1.0,0.0,0.0,1.0
"G[1,2]((TotChol <= 174.175 & Pt_DKAFlg >= 0.000) | Pt_InsGov <= 0.000)
",9999999.000,9999999.000,0.000,1.000,0.000,0,0,2,0,0,2,2,0,0.0,0.0,1.0,0.0,0.0,1.0
"G[1,2]((diabDur <= 17.865 | Pt_MotherT1D >= 0.000) -> Pt_MotherT1D >= 0.000)
",9999999.000,9999999.000,0.000,1.000,0.000,0,0,2,0,0,2,2,0,0.0,0.0,1.0,0.0,0.0,1.0
"G[0,2](((Pt_InsGov >= 0.000 -> Pt_DKAFlg <= 0.000) -> BGTestAvgNumMeter >= 0.000) | Pt_GrandparentT1D <= 0.000)
",9999999.000,9999999.000,0.000,1.000,0.000,0,0,2,0,0,2,2,0,0.0,0.0,1.0,0.0,0.0,1.0
"G[0,2]((BldPrSys >= 105.300 & BUN <= 10.680) -> GFR >= 8.884)
",9999999.000,9999999.000,0.000,1.000,0.000,0,0,2,0,0,2,2,0,0.0,0.0,1.0,0.0,0.0,1.0
"G[1,2](Pt_GrandchildT1D <= 0.000 & Pt_A1cGoalLevelDsYr5 >= 0.000)
",9999999.000,9999999.000,0.000,1.000,0.000,0,0,2,0,0,2,2,0,0.0,0.0,1.0,0.0,0.0,1.0
"G[0,2]((bmi >= 28.312 & diagAgeCombo <= 3.872) & SMBGperDayPtMeterCombo <= 2.075)
",9999999.000,9999999.000,0.000,1.000,0.000,0,0,0,2,2,0,0,2,0.0,0.0,0.0,0.0,0.0,1.0
"G[1,1](Pt_SiblingT1D >= 0.000 & NumPumpBolusOrShortAct >= 0.631)
",-0.631,-0.631,0.000,1.000,0.000,0,0,1,1,1,1,1,1,0.0,0.0,1.0,0.0,0.0,1.0
"G[0,2](((Pt_GrandparentT1D <= 0.000 & Pt_GrandparentT1D <= 0.000) & SMBGperDayPtMeterCombo >= 0.000) | DirectLDL >= 0.000)
",9999999.000,9999999.000,0.000,1.000,0.000,0,0,2,0,0,2,2,0,0.0,0.0,1.0,0.0,0.0,1.0
"G[1,2](BldPrSys >= 104.712 & Pt_A1cGoalLevelDsYr5 <= 0.000)
",9999999.000,9999999.000,0.000,1.000,0.000,0,0,1,1,1,1,1,1,0.0,0.0,1.0,0.0,0.0,1.0
"G[0,2]((TSH <= 1.486 | BGTestAvgNumMeter >= 1.730) | DirectLDL >= 1.425)
",9999999.000,9999999.000,0.000,1.000,0.000,0,0,1,1,1,1,1,1,0.0,0.0,1.0,0.0,0.0,1.0
"G[0,2]((bmi >= 28.213 & AlbCreatRat_mggNew <= 3.702) | diabDur <= 4.476)
",9999999.000,9999999.000,0.000,1.000,0.000,0,0,0,2,2,0,0,2,0.0,0.0,0.0,0.0,0.0,1.0
"G[1,2]((AlbCreatRat_mggNew <= 4.241 | TotalDailyInsPerKg <= 0.608) -> Pt_CGMUseNumDays <= 0.647)
",9999999.000,9999999.000,0.000,1.000,0.000,0,0,2,0,0,2,2,0,0.0,0.0,1.0,0.0,0.0,1.0
"G[0,2](SMBGperDayPtMeterCombo >= 1.538 & BGTestAvgNumPtRep >= 0.000)
",9999999.000,9999999.000,0.000,1.000,0.000,0,0,1,1,1,1,1,1,0.0,0.0,1.0,0.0,0.0,1.0
"G[0,2]((Pt_GrandchildT1D >= 0.000 & Triglyc >= 76.500) | bmi >= 113.401)
",9999999.000,9999999.000,0.000,1.000,0.000,0,0,1,1,1,1,1,1,0.0,0.0,1.0,0.0,0.0,1.0
"G[2,2](((BldPrSys >= 104.001 | LDL <= 56.824) & Pt_FatherT1D <= 96.861) | BldPrSys >= 27.409)
",56.824,56.824,0.000,1.000,0.000,0,0,2,0,0,2,2,0,0.0,0.0,1.0,0.0,0.0,1.0
"G[0,2](Pt_FatherT1D >= 0.000 -> Pt_SHFlg = 0.000)
",9999999.000,9999999.000,0.000,1.000,0.000,0,0,2,0,0,2,2,0,0.0,0.0,1.0,0.0,0.0,1.0
"G[0,2](((bmiZscore <= 0.359 & WeightKg >= 67.739) | HDL <= 68.205) -> AlbCreatRat_mggNew <= 68.262)
",9999999.000,9999999.000,0.000,1.000,0.000,0,0,2,0,0,2,2,0,0.0,0.0,1.0,0.0,0.0,1.0
"G[0,2](HbA1cImputeDtMnC <= 19.416 & LDL >= 42.788)
",9999999.000,9999999.000,0.000,1.000,0.000,0,0,1,1,1,1,1,1,0.0,0.0,1.0,0.0,0.0,1.0
"G[0,1]((age >= 22.519 | UnitsInsBasalOrLongAct >= 24.024) -> Pt_MotherT1D >= 24.247)
",9999999.000,9999999.000,0.000,1.000,0.000,0,0,0,2,2,0,0,2,0.0,0.0,0.0,0.0,0.0,1.0
"G[1,2](((HbA1cImputeDtMnC <= 17.251 & UnitsInsBasalOrLongAct <= 25.352) | HeightCm <= 24.825) -> NumPumpBolusOrShortAct >= 24.359)
",9999999.000,9999999.000,0.000,1.000,0.000,0,0,1,1,1,1,1,1,0.0,0.0,1.0,0.0,0.0,1.0
"G[0,0](((BGTestAvgNumMeter >= 1.113 & HbA1c <= 9.074) -> age <= 9.618) & TSH >= 7.335)
",-8.618,-8.618,0.000,1.000,0.000,0,0,0,2,2,0,0,2,0.0,0.0,0.0,0.0,0.0,1.0
"G[1,2](((GFR >= 77.946 & HDL <= 56.849) & GFR <= 60.636) -> BGTestAvgNumMeter >= 17.592)
",9999999.000,9999999.000,0.000,1.000,0.000,0,0,2,0,0,2,2,0,0.0,0.0,1.0,0.0,0.0,1.0
"G[2,2](((BUN >= 2.142 & TSH >= 0.224) -> Pt_A1cGoalLevelDsYr5 <= 2.218) & HeightCm >= 0.206)
",-2.218,-2.218,0.000,1.000,0.000,0,0,2,0,0,2,2,0,0.0,0.0,1.0,0.0,0.0,1.0
"G[1,2](GFR <= 114.776 -> TSH >= 1.117)
",9999999.000,9999999.000,0.000,1.000,0.000,0,0,2,0,0,2,2,0,0.0,0.0,1.0,0.0,0.0,1.0
"G[0,2]((GFR <= 95.360 | Triglyc <= 116.877) | Pt_A1cGoalLevelDsYr5 >= 0.814)
",9999999.000,9999999.000,0.000,1.000,0.000,0,0,1,1,1,1,1,1,0.0,0.0,1.0,0.0,0.0,1.0
"G[1,1]((age <= 23.357 | TSH <= 1.645) -> AlbCreatRat_mggNew <= 1.935)
",-23.357,-23.357,0.000,1.000,0.000,0,0,1,1,1,1,1,1,0.0,0.0,1.0,0.0,0.0,1.0
"G[1,2]((HDL >= 2.133 & UnitsInsBasalOrLongAct <= 25.062) -> TotChol >= 24.365)
",9999999.000,9999999.000,0.000,1.000,0.000,0,0,1,1,1,1,1,1,0.0,0.0,1.0,0.0,0.0,1.0
"G[2,2](((HbA1cImputeDtMnC <= 20.607 -> Pt_CGMUseNumDays <= 7.616) | bmiZscore <= 8.973) -> BGTestAvgNumPtRep <= 12.608)
",-12.608,-12.608,0.000,1.000,0.000,0,0,2,0,0,2,2,0,0.0,0.0,1.0,0.0,0.0,1.0
"G[0,2](LDL >= 27.467 & Pt_SHFlg = 0.000)
",9999999.000,9999999.000,0.000,1.000,0.000,0,0,1,1,1,1,1,1,0.0,0.0,1.0,0.0,0.0,1.0
"G[1,2](BUN >= 4.156 -> TotalDailyInsPerKg <= 0.684)
",9999999.000,9999999.000,0.000,1.000,0.000,0,0,1,1,1,1,1,1,0.0,0.0,1.0,0.0,0.0,1.0
"G[1,1]((age >= 22.114 -> BUN <= 13.078) | Pt_CGMUseNumDays >= 0.997)
",-0.997,-0.997,0.000,1.000,0.000,0,0,1,1,1,1,1,1,0.0,0.0,1.0,0.0,0.0,1.0
"G[0,1](((HbA1cImputeDtMnC >= -0.004 -> HDL >= 34.638) & AlbCreatRat_mggNew >= 34.628) | TSH >= 29.624)
",9999999.000,9999999.000,0.000,1.000,0.000,0,0,0,2,2,0,0,2,0.0,0.0,0.0,0.0,0.0,1.0
"G[1,2]((NumPumpBolusOrShortAct <= 1.915 & UnitsInsBasalOrLongAct <= 24.880) & BldPrDia >= 24.366)
",9999999.000,9999999.000,0.000,1.000,0.000,0,0,2,0,0,2,2,0,0.0,0.0,1.0,0.0,0.0,1.0
"G[0,1]((AlbCreatRat_mggNew <= 4.574 -> SMBGperDayPtMeterCombo >= 1.611) -> BUN <= 2.340)
",9999999.000,9999999.000,0.000,1.000,0.000,0,0,1,1,1,1,1,1,0.0,0.0,1.0,0.0,0.0,1.0
"G[1,2](((DirectLDL <= 0.638 -> SMBGperDayPtMeterCombo <= 2.790) -> Pt_SHFlg >= 1.049) | Triglyc <= 2.824)
",9999999.000,9999999.000,0.000,1.000,0.000,0,0,1,1,1,1,1,1,0.0,0.0,1.0,0.0,0.0,1.0
"G[2,2]((HDL >= 20.789 & TotalDailyInsPerKg >= 0.497) & TotChol <= 0.682)
",-20.789,-20.789,0.000,1.000,0.000,0,0,2,0,0,2,2,0,0.0,0.0,1.0,0.0,0.0,1.0
"G[0,2](((BldPrSys <= 106.478 -> UnitsInsBasalOrLongAct >= 24.516) & TotChol <= 25.469) & BGTestAvgNumPtRep <= 25.161)
",9999999.000,9999999.000,0.000,1.000,0.000,0,0,1,1,1,1,1,1,0.0,0.0,1.0,0.0,0.0,1.0
"G[0,2]((GFR >= 60.371 & HbA1cImputeDtMnC <= 13.318) -> Pt_SHFlg >= 4.824)
",9999999.000,9999999.000,0.000,1.000,0.000,0,0,1,1,1,1,1,1,0.0,0.0,1.0,0.0,0.0,1.0
"G[0,2](((HbA1cImputeDtMnC <= 22.595 | NumPumpBolusOrShortAct <= 1.525) & BGTestAvgNumPtRep <= 1.380) -> diabDur >= 0.501)
",9999999.000,9999999.000,0.000,1.000,0.000,0,0,2,0,0,2,2,0,0.0,0.0,1.0,0.0,0.0,1.0
"G[1,2](((LDL <= 102.890 -> NumPumpBolusOrShortAct <= 1.814) -> HbA1c <= 1.129) | BUN >= 0.213)
",9999999.000,9999999.000,0.000,1.000,0.000,0,0,2,0,0,2,2,0,0.0,0.0,1.0,0.0,0.0,1.0
"G[1,2](DirectLDL <= 0.794 | TotalDailyInsPerKg >= 0.486)
",9999999.000,9999999.000,0.000,1.000,0.000,0,0,2,0,0,2,2,0,0.0,0.0,1.0,0.0,0.0,1.0
"G[1,2](BGTestAvgNumPtRep > 0.000 & Pt_SHFlg = 0.000)
",9999999.000,9999999.000,0.000,1.000,0.000,0,0,1,1,1,1,1,1,0.0,0.0,1.0,0.0,0.0,1.0
"G[2,2](diagAgeCombo <= 3.243 & Pt_SHFlg = 0.000)
",0.000,0.000,0.000,1.000,0.000,0,0,2,0,0,2,2,0,0.0,0.0,1.0,0.0,0.0,1.0
"G[1,2](((BGTestAvgNumPtRep >= 0.000 | Pt_SiblingT1D >= 0.000) -> Pt_FatherT1D <= 0.000) & Pt_InsGov >= 0.000)
",9999999.000,9999999.000,0.000,1.000,0.000,0,0,2,0,0,2,2,0,0.0,0.0,1.0,0.0,0.0,1.0
"G[0,2](SMBGperDayPtMeterCombo >= 1.649 & BGTestAvgNumPtRep >= 0.000)
",9999999.000,9999999.000,0.000,1.000,0.000,0,0,1,1,1,1,1,1,0.0,0.0,1.0,0.0,0.0,1.0
"G[2,2]((WeightKg >= 67.761 | bmi >= 28.556) -> UnitsInsBasalOrLongAct <= 24.891)
",-24.891,-24.891,0.000,1.000,0.000,0,0,2,0,0,2,2,0,0.0,0.0,1.0,0.0,0.0,1.0
"G[1,2](SMBGperDayPtMeterCombo >= 1.567 & BGTestAvgNumPtRep >= 0.000)
",9999999.000,9999999.000,0.000,1.000,0.000,0,0,2,0,0,2,2,0,0.0,0.0,1.0,0.0,0.0,1.0
"G[1,2](GFR <= 120.635 -> BUN >= 7.094)
",9999999.000,9999999.000,0.000,1.000,0.000,0,0,2,0,0,2,2,0,0.0,0.0,1.0,0.0,0.0,1.0
"G[0,2]((WeightKg >= 67.713 | bmi >= 28.289) -> UnitsInsBasalOrLongAct <= 25.190)
",9999999.000,9999999.000,0.000,1.000,0.000,0,0,2,0,0,2,2,0,0.0,0.0,1.0,0.0,0.0,1.0
"G[0,1](SMBGperDayPtMeterCombo >= 1.823 & BGTestAvgNumPtRep >= 0.000)
",9999999.000,9999999.000,0.000,1.000,0.000,0,0,1,1,1,1,1,1,0.0,0.0,1.0,0.0,0.0,1.0
"G[0,2](GFR <= 85.679 -> BUN >= 5.635)
",9999999.000,9999999.000,0.000,1.000,0.000,0,0,1,1,1,1,1,1,0.0,0.0,1.0,0.0,0.0,1.0
"G[0,1](SMBGperDayPtMeterCombo >= 1.986 & BGTestAvgNumPtRep >= 0.000)
",9999999.000,9999999.000,0.000,1.000,0.000,0,0,1,1,1,1,1,1,0.0,0.0,1.0,0.0,0.0,1.0
"G[2,2](GFR <= 105.664 -> BUN >= 6.764)
",-105.664,-105.664,0.000,1.000,0.000,0,0,2,0,0,2,2,0,0.0,0.0,1.0,0.0,0.0,1.0
"G[0,1](SMBGperDayPtMeterCombo >= 1.403 & BGTestAvgNumPtRep >= 0.000)
",9999999.000,9999999.000,0.000,1.000,0.000,0,0,1,1,1,1,1,1,0.0,0.0,1.0,0.0,0.0,1.0
"G[0,2](SMBGperDayPtMeterCombo >= 1.832 & BGTestAvgNumPtRep >= 0.000)
",9999999.000,9999999.000,0.000,1.000,0.000,0,0,1,1,1,1,1,1,0.0,0.0,1.0,0.0,0.0,1.0
"G[1,2](GFR <= 124.008 -> BUN >= 9.112)
",9999999.000,9999999.000,0.000,1.000,0.000,0,0,2,0,0,2,2,0,0.0,0.0,1.0,0.0,0.0,1.0
"G[1,2]((WeightKg >= 67.671 | bmi >= 28.392) -> UnitsInsBasalOrLongAct <= 24.878)
",9999999.000,9999999.000,0.000,1.000,0.000,0,0,2,0,0,2,2,0,0.0,0.0,1.0,0.0,0.0,1.0
"G[0,2]((WeightKg >= 67.775 | bmi >= 28.364) -> UnitsInsBasalOrLongAct <= 24.756)
",9999999.000,9999999.000,0.000,1.000,0.000,0,0,2,0,0,2,2,0,0.0,0.0,1.0,0.0,0.0,1.0
"G[0,0](Pt_DKAFlg > 0.000 & Pt_SHFlg = 0.000)
",-13.178,-13.178,0.000,1.000,0.000,0,0,0,2,2,0,0,2,0.0,0.0,0.0,0.0,0.0,1.0
"G[0,1](SMBGperDayPtMeterCombo >= 1.675 & BGTestAvgNumPtRep >= 0.000)
",9999999.000,9999999.000,0.000,1.000,0.000,0,0,1,1,1,1,1,1,0.0,0.0,1.0,0.0,0.0,1.0
"G[2,2](GFR <= 109.537 -> BUN >= 8.604)
",-109.537,-109.537,0.000,1.000,0.000,0,0,2,0,0,2,2,0,0.0,0.0,1.0,0.0,0.0,1.0
"G[0,1](SMBGperDayPtMeterCombo >= 1.660 & BGTestAvgNumPtRep >= 0.000)
",9999999.000,9999999.000,0.000,1.000,0.000,0,0,1,1,1,1,1,1,0.0,0.0,1.0,0.0,0.0,1.0
"G[0,2](GFR <= 84.392 -> BUN >= 3.916)
",9999999.000,9999999.000,0.000,1.000,0.000,0,0,1,1,1,1,1,1,0.0,0.0,1.0,0.0,0.0,1.0
"G[2,2]((WeightKg >= 67.736 | bmi >= 28.515) -> UnitsInsBasalOrLongAct <= 25.344)
",-25.344,-25.344,0.000,1.000,0.000,0,0,2,0,0,2,2,0,0.0,0.0,1.0,0.0,0.0,1.0
"G[0,2](NumPumpBolusOrShortAct <= 1.181 & Pt_SHFlg = 0.000)
",9999999.000,9999999.000,0.000,1.000,0.000,0,0,1,1,1,1,1,1,0.0,0.0,1.0,0.0,0.0,1.0
"G[2,2](Pt_CGMUseNumDays <= 10.682 & Pt_SHFlg = 0.000)
",0.000,0.000,0.000,1.000,0.000,0,0,2,0,0,2,2,0,0.0,0.0,1.0,0.0,0.0,1.0
"G[0,1](Pt_SHFlg > 0.000 & Pt_SHFlg = 0.000)
",9999999.000,9999999.000,0.000,1.000,0.000,0,0,0,2,2,0,0,2,0.0,0.0,0.0,0.0,0.0,1.0
"G[2,2](UnitsInsBasalOrLongAct > 24.051 -> Pt_SHFlg = 0.000)
",0.000,0.000,0.000,1.000,0.000,0,0,2,0,0,2,2,0,0.0,0.0,1.0,0.0,0.0,1.0
"G[0,2](BldPrSys < 108.007 & Pt_SHFlg = 0.000)
",9999999.000,9999999.000,0.000,1.000,0.000,0,0,1,1,1,1,1,1,0.0,0.0,1.0,0.0,0.0,1.0
"G[0,2](TotChol <= 195.978 & Pt_SHFlg = 0.000)
",9999999.000,9999999.000,0.000,1.000,0.000,0,0,1,1,1,1,1,1,0.0,0.0,1.0,0.0,0.0,1.0
"G[0,2](Pt_ChildT1D >= 0.000 & Pt_SHFlg = 0.000)
",9999999.000,9999999.000,0.000,1.000,0.000,0,0,2,0,0,2,2,0,0.0,0.0,1.0,0.0,0.0,1.0
"G[0,1](Triglyc <= 134.634 & UnitsInsBasalOrLongAct >= 24.479)
",9999999.000,9999999.000,0.000,1.000,0.000,0,0,1,1,1,1,1,1,0.0,0.0,1.0,0.0,0.0,1.0
"G[2,2]((diabDur <= 17.337 & Triglyc <= 198.037) & DirectLDL >= 71.916)
",-71.916,-71.916,0.000,1.000,0.000,0,0,2,0,0,2,2,0,0.0,0.0,1.0,0.0,0.0,1.0
"G[0,2](HbA1c <= 9.379 -> HbA1cImputeDtMnC >= 7.821)
",9999999.000,9999999.000,0.000,1.000,0.000,0,0,2,0,0,2,2,0,0.0,0.0,1.0,0.0,0.0,1.0
"G[1,2](((HbA1c <= 8.972 & Triglyc <= 191.965) & Pt_ChildT1D >= 30.089) -> HbA1c <= 134.414)
",9999999.000,9999999.000,0.000,1.000,0.000,0,0,2,0,0,2,2,0,0.0,0.0,1.0,0.0,0.0,1.0
"G[0,2](Pt_SiblingT1D >= 0.000 -> HbA1cImputeDtMnC >= 11.844)
",9999999.000,9999999.000,0.000,1.000,0.000,0,0,1,1,1,1,1,1,0.0,0.0,1.0,0.0,0.0,1.0
"G[1,2](((TotalDailyInsPerKg <= 0.568 & BGTestAvgNumPtRep >= 0.000) -> BldPrDia <= 0.000) | diabDur >= 0.000)
",9999999.000,9999999.000,0.000,1.000,0.000,0,0,2,0,0,2,2,0,0.0,0.0,1.0,0.0,0.0,1.0
"G[0,2](((HeightCm >= 154.260 | NumPumpBolusOrShortAct >= 0.233) -> HbA1c >= 0.458) & TotalDailyInsPerKg <= 1.300)
",9999999.000,9999999.000,0.000,1.000,0.000,0,0,2,0,0,2,2,0,0.0,0.0,1.0,0.0,0.0,1.0
"G[2,2]((TotalDailyInsPerKg <= 0.597 | HDL <= 50.999) -> UnitsInsBasalOrLongAct >= 0.267)
",-50.999,-50.999,0.000,1.000,0.000,0,0,2,0,0,2,2,0,0.0,0.0,1.0,0.0,0.0,1.0
"G[2,2](((SMBGperDayPtMeterCombo >= 1.568 -> TotChol <= 143.059) | AlbCreatRat_mggNew <= 72.056) | Pt_ChildT1D >= 51.634)
",72.056,72.056,0.000,1.000,0.000,0,0,2,0,0,2,2,0,0.0,0.0,1.0,0.0,0.0,1.0
"G[0,1]((TotalDailyInsPerKg >= 0.444 -> BldPrDia <= 77.611) -> diagAgeCombo >= 71.128)
",9999999.000,9999999.000,0.000,1.000,0.000,0,0,0,2,2,0,0,2,0.0,0.0,0.0,0.0,0.0,1.0
"G[0,2](((Triglyc <= 142.628 -> HDL >= 8.634) | UnitsInsBasalOrLongAct <= 59.718) -> Pt_FatherT1D >= 16.674)
",9999999.000,9999999.000,0.000,1.000,0.000,0,0,0,2,2,0,0,2,0.0,0.0,0.0,0.0,0.0,1.0
"G[0,1](((Pt_SHFlg <= 0.000 | TotChol <= 92.318) & SMBGperDayPtMeterCombo >= 35.067) & Pt_MotherT1D <= 181.513)
",9999999.000,9999999.000,0.000,1.000,0.000,0,0,0,2,2,0,0,2,0.0,0.0,0.0,0.0,0.0,1.0
"G[1,2]((Pt_CGMUseNumDays >= 4.886 -> GFR >= 22.113) & BldPrDia <= 124.450)
",9999999.000,9999999.000,0.000,1.000,0.000,0,0,2,0,0,2,2,0,0.0,0.0,1.0,0.0,0.0,1.0
"G[1,1]((LDL >= 38.853 -> GFR <= 112.396) & HeightCm <= 113.560)
",-112.396,-112.396,0.000,1.000,0.000,0,0,1,1,1,1,1,1,0.0,0.0,1.0,0.0,0.0,1.0
"G[1,2](GFR <= 108.933 | Triglyc <= 136.186)
",9999999.000,9999999.000,0.000,1.000,0.000,0,0,1,1,1,1,1,1,0.0,0.0,1.0,0.0,0.0,1.0
"G[1,2](((age <= 23.484 -> Pt_A1cGoalLevelDsYr5 <= 0.000) | Pt_GrandchildT1D <= 0.000) | UnitsInsBasalOrLongAct >= 0.000)
",9999999.000,9999999.000,0.000,1.000,0.000,0,0,2,0,0,2,2,0,0.0,0.0,1.0,0.0,0.0,1.0
"G[1,2]((Pt_A1cGoalLevelDsYr5 >= 0.000 & NumPumpBolusOrShortAct >= 0.106) & BUN <= 0.765)
",9999999.000,9999999.000,0.000,1.000,0.000,0,0,1,1,1,1,1,1,0.0,0.0,1.0,0.0,0.0,1.0
"G[1,2](((TotalDailyInsPerKg <= 0.665 -> UnitsInsBasalOrLongAct >= 24.672) -> NumPumpBolusOrShortAct >= 24.588) & Pt_SiblingT1D <= 25.015)
",9999999.000,9999999.000,0.000,1.000,0.000,0,0,1,1,1,1,1,1,0.0,0.0,1.0,0.0,0.0,1.0
"G[0,1]((Pt_SiblingT1D >= 0.000 -> HDL <= 59.248) & Pt_GrandchildT1D <= 60.345)
",9999999.000,9999999.000,0.000,1.000,0.000,0,0,1,1,1,1,1,1,0.0,0.0,1.0,0.0,0.0,1.0
"G[1,2]((BGTestAvgNumPtRep <= 0.000 -> TotalDailyInsPerKg <= 0.616) -> Pt_FatherT1D >= 0.509)
",9999999.000,9999999.000,0.000,1.000,0.000,0,0,2,0,0,2,2,0,0.0,0.0,1.0,0.0,0.0,1.0
"G[2,2](((AlbCreatRat_mggNew >= 3.348 | HeightCm >= 153.501) | Pt_ChildT1D <= 154.363) | bmiZscore >= 153.258)
",154.363,154.363,0.000,1.000,0.000,0,0,2,0,0,2,2,0,0.0,0.0,1.0,0.0,0.0,1.0
"G[0,2](((GFR <= 84.491 & TotalDailyInsPerKg <= 0.620) | AlbCreatRat_mggNew <= 0.657) -> HDL <= 0.667)
",9999999.000,9999999.000,0.000,1.000,0.000,0,0,2,0,0,2,2,0,0.0,0.0,1.0,0.0,0.0,1.0
"G[1,2](((LDL >= 50.000 & BUN >= 5.749) & Pt_GrandchildT1D <= 12.044) -> Pt_GrandchildT1D <= 13.578)
",9999999.000,9999999.000,0.000,1.000,0.000,0,0,2,0,0,2,2,0,0.0,0.0,1.0,0.0,0.0,1.0
"G[0,2]((TotChol <= 103.348 | TSH >= 0.006) | Pt_SHFlg <= 2.197)
",9999999.000,9999999.000,0.000,1.000,0.000,0,0,2,0,0,2,2,0,0.0,0.0,1.0,0.0,0.0,1.0
"G[0,2]((BldPrDia <= 73.701 -> Pt_CGMUseNumDays <= 11.459) | Triglyc <= 7.591)
",9999999.000,9999999.000,0.000,1.000,0.000,0,0,2,0,0,2,2,0,0.0,0.0,1.0,0.0,0.0,1.0
"G[0,2]((HeightCm >= 154.090 -> Pt_SiblingT1D >= 0.000) -> GFR <= 0.000)
",9999999.000,9999999.000,0.000,1.000,0.000,0,0,1,1,1,1,1,1,0.0,0.0,1.0,0.0,0.0,1.0
"G[0,0](((HbA1c <= 9.092 -> TotalDailyInsPerKg >= 0.484) & diagAgeCombo >= 0.502) & Pt_SHFlg >= 0.474)
",-16.516,-16.516,0.000,1.000,0.000,0,0,0,2,2,0,0,2,0.0,0.0,0.0,0.0,0.0,1.0
"G[2,2](((Pt_GrandchildT1D >= 0.000 & bmi >= 28.191) | Pt_A1cGoalLev <= 28.918) | BGTestAvgNumMeter >= 28.335)
",28.918,28.918,0.000,1.000,0.000,0,0,2,0,0,2,2,0,0.0,0.0,1.0,0.0,0.0,1.0
"G[0,1](DirectLDL <= 0.358 & WeightKg >= 67.602)
",9999999.000,9999999.000,0.000,1.000,0.000,0,0,0,2,2,0,0,2,0.0,0.0,0.0,0.0,0.0,1.0
"G[1,2](((bmiZscore <= 0.310 & AutonomicNeuroCl >= 0.000) & Triglyc >= 0.000) | UnitsInsBasalOrLongAct >= 0.000)
",9999999.000,9999999.000,0.000,1.000,0.000,0,0,2,0,0,2,2,0,0.0,0.0,1.0,0.0,0.0,1.0
"G[2,2](((bmiZscore <= 0.269 & Pt_SiblingT1D >= 0.000) -> BUN <= 0.000) & diagAgeCombo <= 0.000)
",0.000,0.000,0.000,1.000,0.000,0,0,2,0,0,2,2,0,0.0,0.0,1.0,0.0,0.0,1.0
"G[1,2]((Pt_SiblingT1D <= 0.000 -> Pt_InsGov <= 0.000) & Pt_ChildT1D >= 0.000)
",9999999.000,9999999.000,0.000,1.000,0.000,0,0,2,0,0,2,2,0,0.0,0.0,1.0,0.0,0.0,1.0
"G[0,2]((Pt_SHFlg >= 0.000 & Pt_InsGov <= 0.000) -> AutonomicNeuroCl >= 0.000)
",9999999.000,9999999.000,0.000,1.000,0.000,0,0,2,0,0,2,2,0,0.0,0.0,1.0,0.0,0.0,1.0
"G[1,2](HeightCm >= 153.489 -> TSH >= 0.049)
",9999999.000,9999999.000,0.000,1.000,0.000,0,0,2,0,0,2,2,0,0.0,0.0,1.0,0.0,0.0,1.0
"G[1,1](((AlbCreatRat_mggNew <= 4.078 & HDL <= 43.315) -> Pt_ChildT1D >= 31.013) -> DirectLDL >= 37.934)
",4.078,4.078,0.000,1.000,0.000,0,0,1,1,1,1,1,1,0.0,0.0,1.0,0.0,0.0,1.0
"G[2,2](HDL >= 7.704 -> Pt_CGMUseNumDays <= 7.867)
",-7.867,-7.867,0.000,1.000,0.000,0,0,2,0,0,2,2,0,0.0,0.0,1.0,0.0,0.0,1.0
"G[0,2]((diabDur <= 17.285 & HbA1c <= 8.935) | TSH <= 9.576)
",9999999.000,9999999.000,0.000,1.000,0.000,0,0,2,0,0,2,2,0,0.0,0.0,1.0,0.0,0.0,1.0
"G[0,2](age <= 23.194 -> TotalDailyInsPerKg >= 0.452)
",9999999.000,9999999.000,0.000,1.000,0.000,0,0,2,0,0,2,2,0,0.0,0.0,1.0,0.0,0.0,1.0
"G[0,0](((HbA1c >= 8.340 | UnitsInsBasalOrLongAct >= 24.728) & AlbCreatRat_mggNew >= 24.538) & Pt_GrandparentT1D <= 25.430)
",-10.538,-10.538,0.000,1.000,0.000,0,0,0,2,2,0,0,2,0.0,0.0,0.0,0.0,0.0,1.0
"G[0,1](((BGTestAvgNumMeter >= 1.797 & HbA1cImputeDtMnC <= 16.034) & HbA1c >= 5.119) & DirectLDL >= 0.159)
",9999999.000,9999999.000,0.000,1.000,0.000,0,0,0,2,2,0,0,2,0.0,0.0,0.0,0.0,0.0,1.0
"G[2,2](((BUN <= 14.876 | HeightCm >= 153.396) -> Pt_SHFlg >= 153.387) | Pt_InsGov >= 154.168)
",-14.876,-14.876,0.000,1.000,0.000,0,0,2,0,0,2,2,0,0.0,0.0,1.0,0.0,0.0,1.0
"G[1,2]((AlbCreatRat_mggNew >= 3.566 | BUN <= 12.111) -> UnitsInsBasalOrLongAct >= 3.817)
",9999999.000,9999999.000,0.000,1.000,0.000,0,0,2,0,0,2,2,0,0.0,0.0,1.0,0.0,0.0,1.0
"G[0,1](BUN <= 11.434 & DirectLDL <= 0.819)
",9999999.000,9999999.000,0.000,1.000,0.000,0,0,1,1,1,1,1,1,0.0,0.0,1.0,0.0,0.0,1.0
"G[0,2]((DirectLDL <= 0.926 | HDL >= 34.997) -> HDL >= 5.761)
",9999999.000,9999999.000,0.000,1.000,0.000,0,0,1,1,1,1,1,1,0.0,0.0,1.0,0.0,0.0,1.0
"G[1,2]((DirectLDL <= 0.868 -> TSH <= 1.922) & GFR <= 1.574)
",9999999.000,9999999.000,0.000,1.000,0.000,0,0,1,1,1,1,1,1,0.0,0.0,1.0,0.0,0.0,1.0
"G[0,2](((Triglyc <= 138.321 & WeightKg <= 68.449) & TotChol <= 68.967) & HeightCm >= 67.743)
",9999999.000,9999999.000,0.000,1.000,0.000,0,0,1,1,1,1,1,1,0.0,0.0,1.0,0.0,0.0,1.0
"G[0,2](((HeightCm <= 154.313 -> Triglyc >= 53.339) & Pt_ChildT1D <= 155.927) & HDL <= 138.990)
",9999999.000,9999999.000,0.000,1.000,0.000,0,0,2,0,0,2,2,0,0.0,0.0,1.0,0.0,0.0,1.0
"G[0,1]((BGTestAvgNumMeter >= 1.327 -> TSH <= 1.630) & bmi <= 1.637)
",9999999.000,9999999.000,0.000,1.000,0.000,0,0,0,2,2,0,0,2,0.0,0.0,0.0,0.0,0.0,1.0
"G[2,2](TotalDailyInsPerKg >= 0.494 | WeightKg >= 67.961)
",-0.494,-0.494,0.000,1.000,0.000,0,0,2,0,0,2,2,0,0.0,0.0,1.0,0.0,0.0,1.0
"G[1,2](((BldPrSys <= 107.621 & TotalDailyInsPerKg <= 0.600) | diagAgeCombo <= 0.671) & Pt_FatherT1D <= 0.562)
",9999999.000,9999999.000,0.000,1.000,0.000,0,0,2,0,0,2,2,0,0.0,0.0,1.0,0.0,0.0,1.0
"G[0,2](((DirectLDL <= 0.799 | HbA1cImputeDtMnC >= 8.912) | age <= 20.652) -> HbA1cImputeDtMnC <= 23.735)
",9999999.000,9999999.000,0.000,1.000,0.000,0,0,1,1,1,1,1,1,0.0,0.0,1.0,0.0,0.0,1.0
"G[1,2]((BUN >= 8.815 | SMBGperDayPtMeterCombo >= 1.620) | bmiZscore <= 2.816)
",9999999.000,9999999.000,0.000,1.000,0.000,0,0,2,0,0,2,2,0,0.0,0.0,1.0,0.0,0.0,1.0
"G[0,2]((LDL <= 61.543 & HDL >= 29.911) -> AutonomicNeuroCl <= 51.960)
",9999999.000,9999999.000,0.000,1.000,0.000,0,0,2,0,0,2,2,0,0.0,0.0,1.0,0.0,0.0,1.0
"G[1,2](((Pt_A1cGoalLev >= 0.214 | BUN <= 14.559) -> DirectLDL >= 5.188) | WeightKg >= 1.211)
",9999999.000,9999999.000,0.000,1.000,0.000,0,0,2,0,0,2,2,0,0.0,0.0,1.0,0.0,0.0,1.0
"G[1,2](((bmiZscore >= 0.205 -> HDL >= 0.072) -> TotalDailyInsPerKg <= 57.389) -> TSH <= 45.260)
",9999999.000,9999999.000,0.000,1.000,0.000,0,0,2,0,0,2,2,0,0.0,0.0,1.0,0.0,0.0,1.0
"G[1,2](BldPrSys <= 107.517 & SMBGperDayPtMeterCombo <= 2.753)
",9999999.000,9999999.000,0.000,1.000,0.000,0,0,1,1,1,1,1,1,0.0,0.0,1.0,0.0,0.0,1.0
"G[1,2](HbA1c >= 7.871 & TSH >= 0.088)
",9999999.000,9999999.000,0.000,1.000,0.000,0,0,1,1,1,1,1,1,0.0,0.0,1.0,0.0,0.0,1.0
"G[0,2](bmi >= 28.199 -> DirectLDL <= 0.968)
",9999999.000,9999999.000,0.000,1.000,0.000,0,0,2,0,0,2,2,0,0.0,0.0,1.0,0.0,0.0,1.0
"G[1,2](BldPrDia >= 71.228 & LDL >= 35.820)
",9999999.000,9999999.000,0.000,1.000,0.000,0,0,1,1,1,1,1,1,0.0,0.0,1.0,0.0,0.0,1.0
"G[1,2](TotChol >= 18.919 | bmiPerc <= 0.000)
",9999999.000,9999999.000,0.000,1.000,0.000,0,0,2,0,0,2,2,0,0.0,0.0,1.0,0.0,0.0,1.0
