Rule,Discrimination Score,Pos Robustness,Neg Robustness,Percent Class +,Percent Class -,TP,TN,FP,FN,Actual Yes,Actual No,Predicted Yes,Predicted No,TPR/Sens,TNR/Spec,FPR,Precision,Accuracy,MCR
"G[1,1]((UnitsInsBasalOrLongAct <= 10.268 -> AutonomicNeuroCl <= 0.000) | TotalDailyInsPerKg >= 0.000)
",0.000,0.000,0.000,1.000,0.000,1,0,0,0,1,0,1,0,1.0,0.0,0.0,1.0,1.0,0.0
"G[1,1](Pt_A1cGoalLev >= 2.968 -> Pt_ChildT1D >= 0.000)
",0.000,0.000,0.000,1.000,0.000,1,0,0,0,1,0,1,0,1.0,0.0,0.0,1.0,1.0,0.0
"G[0,1](((SMBGperDayPtMeterCombo <= 3.716 & Pt_SHFlg >= 0.000) | Pt_A1cGoalLev >= 0.000) -> TotalDailyInsPerKg >= 0.000)
",9999999.000,9999999.000,0.000,1.000,0.000,1,0,0,0,1,0,1,0,1.0,0.0,0.0,1.0,1.0,0.0
"G[0,1](HDL <= 38.255 -> Triglyc <= 163.605)
",9999999.000,9999999.000,0.000,1.000,0.000,1,0,0,0,1,0,1,0,1.0,0.0,0.0,1.0,1.0,0.0
"G[0,1](((Pt_SHFlg >= 0.000 -> diagAgeCombo >= 0.230) -> AlbCreatRat_mggNew >= 2.637) | Pt_A1cGoalLev >= 0.592)
",9999999.000,9999999.000,0.000,1.000,0.000,1,0,0,0,1,0,1,0,1.0,0.0,0.0,1.0,1.0,0.0
"G[1,1](diagAgeCombo >= 3.374 -> HeightCm >= 131.831)
",3.374,3.374,0.000,1.000,0.000,1,0,0,0,1,0,1,0,1.0,0.0,0.0,1.0,1.0,0.0
"G[0,1]((Pt_A1cGoalLev >= 1.169 & age >= 10.048) | BGTestAvgNumPtRep <= 10.634)
",9999999.000,9999999.000,0.000,1.000,0.000,1,0,0,0,1,0,1,0,1.0,0.0,0.0,1.0,1.0,0.0
"G[0,0]((Pt_SHFlg >= 0.000 & Pt_DKAFlg >= 0.000) & Pt_SiblingT1D >= 0.000)
",0.000,0.000,0.000,1.000,0.000,1,0,0,0,1,0,1,0,1.0,0.0,0.0,1.0,1.0,0.0
"G[1,1](Pt_GrandparentT1D <= 0.000 & LDL >= 26.289)
",-26.289,-26.289,0.000,1.000,0.000,1,0,0,0,1,0,1,0,1.0,0.0,0.0,1.0,1.0,0.0
"G[0,1](((BldPrDia >= 70.850 | Pt_FatherT1D <= 0.656) & TotalDailyInsPerKg <= 0.805) | NumPumpBolusOrShortAct <= 0.617)
",9999999.000,9999999.000,0.000,1.000,0.000,1,0,0,0,1,0,1,0,1.0,0.0,0.0,1.0,1.0,0.0
"G[0,0](AlbCreatRat_mggNew >= 0.000 & Pt_CGMUseNumDays <= 0.000)
",-31641.000,-31641.000,0.000,1.000,0.000,1,0,0,0,1,0,1,0,1.0,0.0,0.0,1.0,1.0,0.0
"G[1,1](((Pt_SHFlg <= 0.000 & Pt_FatherT1D <= 0.845) -> BldPrSys <= 0.621) -> Pt_GrandchildT1D <= 0.886)
",-0.886,-0.886,0.000,1.000,0.000,1,0,0,0,1,0,1,0,1.0,0.0,0.0,1.0,1.0,0.0
"G[0,0]((AlbCreatRat_mggNew <= 0.000 & Pt_FatherT1D >= 0.166) -> HbA1cImputeDtMnC <= 0.650)
",-0.650,-0.650,0.000,1.000,0.000,1,0,0,0,1,0,1,0,1.0,0.0,0.0,1.0,1.0,0.0
"G[0,0]((SMBGperDayPtMeterCombo >= 3.040 -> UnitsInsBasalOrLongAct >= 6.534) -> Pt_MotherT1D <= 8.648)
",-7.648,-7.648,0.000,1.000,0.000,1,0,0,0,1,0,1,0,1.0,0.0,0.0,1.0,1.0,0.0
"G[0,0](TotChol <= 113.121 | Pt_GrandchildT1D <= 0.000)
",113.121,113.121,0.000,1.000,0.000,1,0,0,0,1,0,1,0,1.0,0.0,0.0,1.0,1.0,0.0
"G[0,0]((Pt_A1cGoalLev >= 2.347 & diagAgeCombo >= 0.368) | UnitsInsBasalOrLongAct >= 2.307)
",-0.368,-0.368,0.000,1.000,0.000,1,0,0,0,1,0,1,0,1.0,0.0,0.0,1.0,1.0,0.0
"G[1,1]((Pt_CGMUseNumDays <= 0.000 -> TotalDailyInsPerKg >= 0.464) -> Pt_GrandparentT1D <= 0.777)
",-0.777,-0.777,0.000,1.000,0.000,1,0,0,0,1,0,1,0,1.0,0.0,0.0,1.0,1.0,0.0
"G[1,1](((GFR >= 0.000 | Pt_CGMUseNumDays >= 0.000) & Pt_ChildT1D <= 0.000) -> Pt_A1cGoalLevelDsYr5 <= 0.000)
",0.000,0.000,0.000,1.000,0.000,1,0,0,0,1,0,1,0,1.0,0.0,0.0,1.0,1.0,0.0
"G[0,1]((BUN <= 8.488 | Pt_A1cGoalLev <= 7.187) -> HbA1c >= 2.352)
",9999999.000,9999999.000,0.000,1.000,0.000,1,0,0,0,1,0,1,0,1.0,0.0,0.0,1.0,1.0,0.0
"G[0,1](((HDL <= 62.914 -> HbA1cImputeDtMnC <= 8.026) & BldPrDia <= 6.906) -> UnitsInsBasalOrLongAct >= 1.362)
",9999999.000,9999999.000,0.000,1.000,0.000,1,0,0,0,1,0,1,0,1.0,0.0,0.0,1.0,1.0,0.0
"G[0,0](((Pt_DKAFlg >= 0.000 -> Pt_FatherT1D >= 0.133) | BldPrSys <= 0.962) & NumPumpBolusOrShortAct <= 0.564)
",-0.436,-0.436,0.000,1.000,0.000,1,0,0,0,1,0,1,0,1.0,0.0,0.0,1.0,1.0,0.0
"G[1,1]((TotalDailyInsPerKg <= 0.954 | Pt_ChildT1D <= 0.000) | Pt_A1cGoalLev <= 0.000)
",0.954,0.954,0.000,1.000,0.000,1,0,0,0,1,0,1,0,1.0,0.0,0.0,1.0,1.0,0.0
"G[0,1](((Pt_A1cGoalLevelDsYr5 <= 0.000 | Pt_InsGov <= 0.763) | UnitsInsBasalOrLongAct >= 0.128) & Pt_MotherT1D <= 0.852)
",9999999.000,9999999.000,0.000,1.000,0.000,1,0,0,0,1,0,1,0,1.0,0.0,0.0,1.0,1.0,0.0
"G[0,1](((bmiPerc >= 0.551 & TSH >= 1.654) -> SMBGperDayPtMeterCombo >= 1.781) | BldPrDia >= 2.040)
",9999999.000,9999999.000,0.000,1.000,0.000,1,0,0,0,1,0,1,0,1.0,0.0,0.0,1.0,1.0,0.0
"G[0,1](NumPumpBolusOrShortAct >= 0.000 & Pt_GrandparentT1D <= 0.000)
",9999999.000,9999999.000,0.000,1.000,0.000,1,0,0,0,1,0,1,0,1.0,0.0,0.0,1.0,1.0,0.0
"G[1,1](((TSH <= 2.334 -> Pt_InsGov <= 0.507) -> BldPrDia <= 0.980) | NumPumpBolusOrShortAct <= 0.993)
",0.993,0.993,0.000,1.000,0.000,1,0,0,0,1,0,1,0,1.0,0.0,0.0,1.0,1.0,0.0
"G[0,0]((HbA1cImputeDtMnC >= 5.381 & Triglyc <= 131.639) -> AlbCreatRat_mggNew <= 184.563)
",-175.563,-175.563,0.000,1.000,0.000,1,0,0,0,1,0,1,0,1.0,0.0,0.0,1.0,1.0,0.0
"G[1,1](((NumPumpBolusOrShortAct >= 0.000 | SMBGperDayPtMeterCombo >= 3.268) | bmiPerc >= 3.008) | HbA1cImputeDtMnC <= 3.884)
",3.884,3.884,0.000,1.000,0.000,1,0,0,0,1,0,1,0,1.0,0.0,0.0,1.0,1.0,0.0
"G[0,1](Pt_A1cGoalLevelDsYr5 <= 0.000 & Pt_GrandchildT1D <= 0.000)
",9999999.000,9999999.000,0.000,1.000,0.000,1,0,0,0,1,0,1,0,1.0,0.0,0.0,1.0,1.0,0.0
"G[1,1]((BldPrDia >= 69.604 -> diabDur <= 2.697) | diabDur >= 2.462)
",-2.462,-2.462,0.000,1.000,0.000,1,0,0,0,1,0,1,0,1.0,0.0,0.0,1.0,1.0,0.0
"G[1,1](((bmiZscore >= 0.240 & UnitsInsBasalOrLongAct >= 5.649) -> bmi <= 10.249) -> LDL <= 10.927)
",-10.927,-10.927,0.000,1.000,0.000,1,0,0,0,1,0,1,0,1.0,0.0,0.0,1.0,1.0,0.0
"G[1,1](((Pt_MotherT1D >= 0.000 | bmi >= 17.611) -> Pt_A1cGoalLevelDsYr5 <= 18.105) -> Pt_GrandchildT1D <= 18.395)
",-18.395,-18.395,0.000,1.000,0.000,1,0,0,0,1,0,1,0,1.0,0.0,0.0,1.0,1.0,0.0
"G[0,1](BUN >= 2.829 -> Pt_InsGov >= 0.433)
",9999999.000,9999999.000,0.000,1.000,0.000,1,0,0,0,1,0,1,0,1.0,0.0,0.0,1.0,1.0,0.0
"G[0,0](HbA1c <= 9.038 -> Pt_DKAFlg >= 0.000)
",-7.608,-7.608,0.000,1.000,0.000,1,0,0,0,1,0,1,0,1.0,0.0,0.0,1.0,1.0,0.0
"G[0,0]((Pt_GrandchildT1D <= 0.000 -> Pt_InsGov >= 0.484) & Pt_FatherT1D >= 0.389)
",-0.389,-0.389,0.000,1.000,0.000,1,0,0,0,1,0,1,0,1.0,0.0,0.0,1.0,1.0,0.0
"G[0,1]((age >= 10.240 | Pt_ChildT1D <= 0.000) & Pt_ChildT1D >= 0.000)
",9999999.000,9999999.000,0.000,1.000,0.000,1,0,0,0,1,0,1,0,1.0,0.0,0.0,1.0,1.0,0.0
"G[1,1]((DirectLDL >= 0.000 & Pt_SHFlg <= 0.000) & TotChol >= 0.000)
",0.000,0.000,0.000,1.000,0.000,1,0,0,0,1,0,1,0,1.0,0.0,0.0,1.0,1.0,0.0
"G[0,0]((Pt_FatherT1D >= 0.353 -> Pt_SHFlg >= 0.000) & DirectLDL <= 0.000)
",-130.100,-130.100,0.000,1.000,0.000,1,0,0,0,1,0,1,0,1.0,0.0,0.0,1.0,1.0,0.0
"G[0,1](Pt_ChildT1D <= 0.000 | UnitsInsBasalOrLongAct <= 8.247)
",9999999.000,9999999.000,0.000,1.000,0.000,1,0,0,0,1,0,1,0,1.0,0.0,0.0,1.0,1.0,0.0
"G[0,1]((Pt_GrandparentT1D <= 0.000 & Pt_MotherT1D <= 0.000) & AlbCreatRat_mggNew >= 0.000)
",9999999.000,9999999.000,0.000,1.000,0.000,1,0,0,0,1,0,1,0,1.0,0.0,0.0,1.0,1.0,0.0
"G[0,1]((bmiPerc <= 0.634 | Pt_ChildT1D <= 0.000) -> Pt_GrandparentT1D <= 0.000)
",9999999.000,9999999.000,0.000,1.000,0.000,1,0,0,0,1,0,1,0,1.0,0.0,0.0,1.0,1.0,0.0
"G[0,1](((bmiZscore <= 0.297 | AutonomicNeuroCl >= 0.000) -> TotChol >= 0.000) & BGTestAvgNumMeter >= 0.000)
",9999999.000,9999999.000,0.000,1.000,0.000,1,0,0,0,1,0,1,0,1.0,0.0,0.0,1.0,1.0,0.0
"G[0,0](((TotalDailyInsPerKg >= 0.467 & GFR >= 0.000) -> Pt_GrandparentT1D >= 0.000) -> HbA1cImputeDtMnC >= 0.000)
",0.000,0.000,0.000,1.000,0.000,1,0,0,0,1,0,1,0,1.0,0.0,0.0,1.0,1.0,0.0
"G[1,1](((BUN >= 1.534 & NumPumpBolusOrShortAct <= 0.000) -> Pt_MotherT1D >= 0.000) & NumPumpBolusOrShortAct <= 0.000)
",0.000,0.000,0.000,1.000,0.000,1,0,0,0,1,0,1,0,1.0,0.0,0.0,1.0,1.0,0.0
"G[0,1]((Pt_FatherT1D >= 0.416 & TotalDailyInsPerKg >= 0.467) -> TotalDailyInsPerKg >= 0.696)
",9999999.000,9999999.000,0.000,1.000,0.000,1,0,0,0,1,0,1,0,1.0,0.0,0.0,1.0,1.0,0.0
"G[1,1](Pt_DKAFlg >= 0.000 -> Pt_SHFlg = 0.000)
",0.000,0.000,0.000,1.000,0.000,1,0,0,0,1,0,1,0,1.0,0.0,0.0,1.0,1.0,0.0
"G[0,0]((SMBGperDayPtMeterCombo >= 3.400 -> bmi <= 18.297) -> Pt_ChildT1D <= 18.556)
",-18.556,-18.556,0.000,1.000,0.000,1,0,0,0,1,0,1,0,1.0,0.0,0.0,1.0,1.0,0.0
"G[0,1]((Pt_GrandparentT1D >= 0.000 -> LDL <= 54.886) | HbA1cImputeDtMnC <= 47.030)
",9999999.000,9999999.000,0.000,1.000,0.000,1,0,0,0,1,0,1,0,1.0,0.0,0.0,1.0,1.0,0.0
"G[0,1](((AlbCreatRat_mggNew <= 0.000 & Pt_DKAFlg >= 0.000) | diabDur >= 0.000) | BGTestAvgNumMeter >= 0.000)
",9999999.000,9999999.000,0.000,1.000,0.000,1,0,0,0,1,0,1,0,1.0,0.0,0.0,1.0,1.0,0.0
"G[1,1](BUN <= 7.807 | Pt_MotherT1D >= 0.000)
",7.807,7.807,0.000,1.000,0.000,1,0,0,0,1,0,1,0,1.0,0.0,0.0,1.0,1.0,0.0
"G[0,0](GFR <= 0.000 -> BUN >= 0.730)
",0.100,0.100,0.000,1.000,0.000,1,0,0,0,1,0,1,0,1.0,0.0,0.0,1.0,1.0,0.0
"G[0,1]((Pt_A1cGoalLevelDsYr5 >= 0.000 -> AutonomicNeuroCl <= 0.000) | NumPumpBolusOrShortAct >= 0.000)
",9999999.000,9999999.000,0.000,1.000,0.000,1,0,0,0,1,0,1,0,1.0,0.0,0.0,1.0,1.0,0.0
"G[0,1](((SMBGperDayPtMeterCombo >= 3.156 | SMBGperDayPtMeterCombo >= 3.466) & Pt_InsGov >= 3.457) | HbA1c >= 3.462)
",9999999.000,9999999.000,0.000,1.000,0.000,1,0,0,0,1,0,1,0,1.0,0.0,0.0,1.0,1.0,0.0
"G[0,1](bmiPerc <= 0.618 -> age <= 10.905)
",9999999.000,9999999.000,0.000,1.000,0.000,1,0,0,0,1,0,1,0,1.0,0.0,0.0,1.0,1.0,0.0
"G[1,1](BUN <= 7.104 & Pt_SHFlg = 0.000)
",0.000,0.000,0.000,1.000,0.000,1,0,0,0,1,0,1,0,1.0,0.0,0.0,1.0,1.0,0.0
"G[1,1]((DirectLDL <= 0.000 & Pt_A1cGoalLev >= 0.794) | NumPumpBolusOrShortAct <= 4.808)
",4.808,4.808,0.000,1.000,0.000,1,0,0,0,1,0,1,0,1.0,0.0,0.0,1.0,1.0,0.0
"G[0,0](((HbA1c <= 8.964 | SMBGperDayPtMeterCombo >= 3.483) -> diabDur <= 3.816) -> Pt_InsGov <= 3.717)
",-3.717,-3.717,0.000,1.000,0.000,1,0,0,0,1,0,1,0,1.0,0.0,0.0,1.0,1.0,0.0
"G[0,1](((Pt_GrandchildT1D >= 0.000 | Pt_ChildT1D >= 0.000) | TotChol >= 0.000) & GFR >= 0.000)
",9999999.000,9999999.000,0.000,1.000,0.000,1,0,0,0,1,0,1,0,1.0,0.0,0.0,1.0,1.0,0.0
"G[0,1](((bmiZscore <= 0.422 & BldPrDia >= 70.391) & Pt_DKAFlg >= 71.334) -> TotalDailyInsPerKg >= 69.220)
",9999999.000,9999999.000,0.000,1.000,0.000,1,0,0,0,1,0,1,0,1.0,0.0,0.0,1.0,1.0,0.0
"G[1,1]((Pt_GrandparentT1D <= 0.000 & Pt_CGMUseNumDays >= 0.000) & Pt_DKAFlg >= 0.000)
",0.000,0.000,0.000,1.000,0.000,1,0,0,0,1,0,1,0,1.0,0.0,0.0,1.0,1.0,0.0
"G[0,0](SMBGperDayPtMeterCombo >= 3.133 & BGTestAvgNumPtRep >= 0.000)
",4.000,4.000,0.000,1.000,0.000,1,0,0,0,1,0,1,0,1.0,0.0,0.0,1.0,1.0,0.0
"G[1,1]((LDL <= 34.016 & HbA1cImputeDtMnC >= 5.376) | HbA1cImputeDtMnC >= 2.109)
",-2.109,-2.109,0.000,1.000,0.000,1,0,0,0,1,0,1,0,1.0,0.0,0.0,1.0,1.0,0.0
"G[0,0](Pt_SiblingT1D >= 0.000 & DirectLDL <= 0.000)
",-130.100,-130.100,0.000,1.000,0.000,1,0,0,0,1,0,1,0,1.0,0.0,0.0,1.0,1.0,0.0
"G[0,0]((WeightKg >= 30.725 | bmi >= 17.420) -> UnitsInsBasalOrLongAct <= 11.032)
",-11.032,-11.032,0.000,1.000,0.000,1,0,0,0,1,0,1,0,1.0,0.0,0.0,1.0,1.0,0.0
"G[0,1](((TSH >= 1.638 -> Pt_GrandparentT1D <= 0.000) -> HeightCm >= 0.000) | Triglyc <= 0.000)
",9999999.000,9999999.000,0.000,1.000,0.000,1,0,0,0,1,0,1,0,1.0,0.0,0.0,1.0,1.0,0.0
"G[1,1]((NumPumpBolusOrShortAct <= 0.000 -> Pt_MotherT1D >= 0.000) | Pt_GrandparentT1D >= 0.000)
",0.000,0.000,0.000,1.000,0.000,1,0,0,0,1,0,1,0,1.0,0.0,0.0,1.0,1.0,0.0
"G[1,1]((BldPrSys >= 115.533 & Pt_CGMUseNumDays <= 0.000) -> GFR >= 0.000)
",0.000,0.000,0.000,1.000,0.000,1,0,0,0,1,0,1,0,1.0,0.0,0.0,1.0,1.0,0.0
"G[0,1](TotalDailyInsPerKg < 0.934 -> Pt_SHFlg = 0.000)
",9999999.000,9999999.000,0.000,1.000,0.000,1,0,0,0,1,0,1,0,1.0,0.0,0.0,1.0,1.0,0.0
"G[1,1]((BGTestAvgNumMeter <= 3.856 & LDL >= 3.938) & bmiPerc <= 65.142)
",-3.938,-3.938,0.000,1.000,0.000,1,0,0,0,1,0,1,0,1.0,0.0,0.0,1.0,1.0,0.0
"G[1,1]((Triglyc <= 156.327 | BldPrDia >= 67.080) -> BGTestAvgNumMeter <= 73.434)
",-156.327,-156.327,0.000,1.000,0.000,1,0,0,0,1,0,1,0,1.0,0.0,0.0,1.0,1.0,0.0
"G[0,1](DirectLDL >= 0.000 | Pt_SiblingT1D <= 0.000)
",9999999.000,9999999.000,0.000,1.000,0.000,1,0,0,0,1,0,1,0,1.0,0.0,0.0,1.0,1.0,0.0
"G[0,1]((HbA1cImputeDtMnC >= 3.192 -> Pt_MotherT1D <= 0.000) & AutonomicNeuroCl >= 0.000)
",9999999.000,9999999.000,0.000,1.000,0.000,1,0,0,0,1,0,1,0,1.0,0.0,0.0,1.0,1.0,0.0
"G[0,0]((WeightKg >= 30.268 | bmi >= 17.931) -> UnitsInsBasalOrLongAct <= 9.125)
",-9.125,-9.125,0.000,1.000,0.000,1,0,0,0,1,0,1,0,1.0,0.0,0.0,1.0,1.0,0.0
"G[0,0](((Pt_MotherT1D <= 0.000 & age <= 10.890) -> SMBGperDayPtMeterCombo <= 10.548) & Pt_SHFlg <= 10.735)
",1.000,1.000,0.000,1.000,0.000,1,0,0,0,1,0,1,0,1.0,0.0,0.0,1.0,1.0,0.0
"G[0,0](((TSH >= 1.913 -> LDL >= 7.690) | BUN <= 33.222) & BGTestAvgNumMeter >= 0.933)
",3.067,3.067,0.000,1.000,0.000,1,0,0,0,1,0,1,0,1.0,0.0,0.0,1.0,1.0,0.0
"G[1,1]((Pt_GrandparentT1D >= 0.000 | HeightCm >= 132.138) & BldPrDia <= 133.491)
",0.000,0.000,0.000,1.000,0.000,1,0,0,0,1,0,1,0,1.0,0.0,0.0,1.0,1.0,0.0
"G[0,0](((SMBGperDayPtMeterCombo >= 3.294 | HDL <= 45.540) & Pt_DKAFlg <= 62.374) | BGTestAvgNumPtRep >= 30.049)
",62.374,62.374,0.000,1.000,0.000,1,0,0,0,1,0,1,0,1.0,0.0,0.0,1.0,1.0,0.0
"G[0,1](((BGTestAvgNumMeter <= 3.725 -> Pt_InsGov <= 0.573) | HbA1cImputeDtMnC >= 0.004) | HeightCm <= 0.784)
",9999999.000,9999999.000,0.000,1.000,0.000,1,0,0,0,1,0,1,0,1.0,0.0,0.0,1.0,1.0,0.0
"G[0,0](WeightKg > 30.019 -> Pt_SHFlg = 0.000)
",0.432,0.432,0.000,1.000,0.000,1,0,0,0,1,0,1,0,1.0,0.0,0.0,1.0,1.0,0.0
"G[0,1](((bmi >= 17.763 -> Pt_A1cGoalLev >= 0.882) & BGTestAvgNumPtRep <= 7.200) -> HDL <= 7.082)
",9999999.000,9999999.000,0.000,1.000,0.000,1,0,0,0,1,0,1,0,1.0,0.0,0.0,1.0,1.0,0.0
"G[0,1](Pt_CGMUseNumDays <= 0.000 & Pt_SHFlg = 0.000)
",9999999.000,9999999.000,0.000,1.000,0.000,1,0,0,0,1,0,1,0,1.0,0.0,0.0,1.0,1.0,0.0
"G[0,1](((diagAgeCombo <= 5.826 & BUN <= 6.196) -> TotChol <= 6.227) | bmi >= 0.753)
",9999999.000,9999999.000,0.000,1.000,0.000,1,0,0,0,1,0,1,0,1.0,0.0,0.0,1.0,1.0,0.0
"G[2,2]((SMBGperDayPtMeterCombo <= 3.931 | Pt_A1cGoalLevelDsYr5 <= 0.000) & UnitsInsBasalOrLongAct <= 0.000)
",0.000,0.000,0.000,1.000,0.000,0,0,1,0,0,1,1,0,0.0,0.0,1.0,0.0,0.0,1.0
"G[1,2](((Pt_InsGov >= 0.158 -> diabDur <= 2.610) & AlbCreatRat_mggNew <= 2.515) | HDL <= 2.915)
",9999999.000,9999999.000,0.000,1.000,0.000,0,0,1,0,0,1,1,0,0.0,0.0,1.0,0.0,0.0,1.0
"G[0,2](((TotalDailyInsPerKg <= 0.941 -> TotalDailyInsPerKg <= 1.113) & BldPrDia <= 0.818) | HbA1c >= 0.556)
",9999999.000,9999999.000,0.000,1.000,0.000,0,0,1,0,0,1,1,0,0.0,0.0,1.0,0.0,0.0,1.0
"G[0,2](((Pt_CGMUseNumDays >= 0.000 | Pt_MotherT1D <= 0.000) -> TotalDailyInsPerKg >= 0.000) -> TSH >= 0.000)
",9999999.000,9999999.000,0.000,1.000,0.000,0,0,1,0,0,1,1,0,0.0,0.0,1.0,0.0,0.0,1.0
"G[0,1]((BGTestAvgNumMeter <= 3.819 & HDL >= 12.763) -> Pt_FatherT1D >= 14.345)
",9999999.000,9999999.000,0.000,1.000,0.000,0,0,0,1,1,0,0,1,0.0,0.0,0.0,0.0,0.0,1.0
"G[2,2]((HeightCm <= 133.957 | Pt_A1cGoalLevelDsYr5 >= 0.000) -> Pt_FatherT1D <= 0.000)
",-133.957,-133.957,0.000,1.000,0.000,0,0,1,0,0,1,1,0,0.0,0.0,1.0,0.0,0.0,1.0
"G[0,2](((Pt_InsGov <= 0.805 | BGTestAvgNumPtRep >= 0.000) | Pt_A1cGoalLevelDsYr5 <= 0.000) -> age <= 0.000)
",9999999.000,9999999.000,0.000,1.000,0.000,0,0,0,1,1,0,0,1,0.0,0.0,0.0,0.0,0.0,1.0
"G[0,2](((Pt_ChildT1D <= 0.000 & bmi >= 17.292) -> AutonomicNeuroCl <= 18.793) | BldPrDia >= 17.565)
",9999999.000,9999999.000,0.000,1.000,0.000,0,0,1,0,0,1,1,0,0.0,0.0,1.0,0.0,0.0,1.0
"G[0,2]((WeightKg <= 33.658 & NumPumpBolusOrShortAct >= 0.000) | AutonomicNeuroCl <= 0.000)
",9999999.000,9999999.000,0.000,1.000,0.000,0,0,1,0,0,1,1,0,0.0,0.0,1.0,0.0,0.0,1.0
"G[1,2]((BUN >= 0.854 -> GFR >= 0.000) & Pt_FatherT1D >= 0.000)
",9999999.000,9999999.000,0.000,1.000,0.000,0,0,1,0,0,1,1,0,0.0,0.0,1.0,0.0,0.0,1.0
"G[0,2]((BGTestAvgNumPtRep <= 0.000 & NumPumpBolusOrShortAct >= 0.000) | Pt_FatherT1D <= 0.000)
",9999999.000,9999999.000,0.000,1.000,0.000,0,0,1,0,0,1,1,0,0.0,0.0,1.0,0.0,0.0,1.0
"G[0,0]((diabDur <= 2.649 | TotalDailyInsPerKg >= 0.671) & DirectLDL >= 0.574)
",1.329,1.329,0.000,1.000,0.000,0,0,0,1,1,0,0,1,0.0,0.0,0.0,0.0,0.0,1.0
"G[1,2](((Pt_A1cGoalLev <= 6.693 | HbA1c <= 9.189) -> BGTestAvgNumPtRep <= 9.050) & HeightCm <= 9.120)
",9999999.000,9999999.000,0.000,1.000,0.000,0,0,0,1,1,0,0,1,0.0,0.0,0.0,0.0,0.0,1.0
"G[2,2]((Pt_InsGov <= 0.761 -> Pt_SHFlg <= 0.000) -> Pt_GrandchildT1D <= 0.000)
",0.000,0.000,0.000,1.000,0.000,0,0,1,0,0,1,1,0,0.0,0.0,1.0,0.0,0.0,1.0
"G[1,2]((Pt_SHFlg >= 0.000 -> TotalDailyInsPerKg >= 0.668) | Pt_CGMUseNumDays <= 1.106)
",9999999.000,9999999.000,0.000,1.000,0.000,0,0,1,0,0,1,1,0,0.0,0.0,1.0,0.0,0.0,1.0
"G[2,2](((DirectLDL <= 0.000 -> HbA1cImputeDtMnC <= 9.704) & LDL >= 4.935) | Pt_SHFlg >= 0.553)
",-0.553,-0.553,0.000,1.000,0.000,0,0,1,0,0,1,1,0,0.0,0.0,1.0,0.0,0.0,1.0
"G[1,1]((BUN >= 1.642 & BUN >= 3.593) & TSH <= 5.525)
",-3.593,-3.593,0.000,1.000,0.000,0,0,0,1,1,0,0,1,0.0,0.0,0.0,0.0,0.0,1.0
"G[1,2](Pt_SHFlg <= 0.000 | HbA1cImputeDtMnC >= 0.443)
",9999999.000,9999999.000,0.000,1.000,0.000,0,0,1,0,0,1,1,0,0.0,0.0,1.0,0.0,0.0,1.0
"G[1,2]((TSH >= 1.837 -> Pt_GrandparentT1D <= 0.000) | Pt_FatherT1D <= 0.000)
",9999999.000,9999999.000,0.000,1.000,0.000,0,0,1,0,0,1,1,0,0.0,0.0,1.0,0.0,0.0,1.0
"G[0,1](Pt_GrandchildT1D <= 0.000 & HbA1c <= 8.933)
",9999999.000,9999999.000,0.000,1.000,0.000,0,0,0,1,1,0,0,1,0.0,0.0,0.0,0.0,0.0,1.0
"G[0,0](SMBGperDayPtMeterCombo <= 3.645 & BGTestAvgNumMeter <= 3.715)
",-72.355,-72.355,0.000,1.000,0.000,0,0,0,1,1,0,0,1,0.0,0.0,0.0,0.0,0.0,1.0
"G[1,2](bmiPerc <= 0.671 -> diabDur >= 2.301)
",9999999.000,9999999.000,0.000,1.000,0.000,0,0,1,0,0,1,1,0,0.0,0.0,1.0,0.0,0.0,1.0
"G[1,2](Pt_SiblingT1D <= 0.000 & HbA1cImputeDtMnC <= 10.298)
",9999999.000,9999999.000,0.000,1.000,0.000,0,0,0,1,1,0,0,1,0.0,0.0,0.0,0.0,0.0,1.0
"G[0,1](((HbA1c >= 8.899 -> bmiPerc <= 0.630) | Pt_GrandchildT1D <= 0.650) -> Pt_DKAFlg >= 0.612)
",9999999.000,9999999.000,0.000,1.000,0.000,0,0,0,1,1,0,0,1,0.0,0.0,0.0,0.0,0.0,1.0
"G[0,1](SMBGperDayPtMeterCombo >= 3.189 & BGTestAvgNumPtRep >= 0.000)
",9999999.000,9999999.000,0.000,1.000,0.000,0,0,0,1,1,0,0,1,0.0,0.0,0.0,0.0,0.0,1.0
"G[0,2](((Pt_InsGov <= 0.953 | Pt_A1cGoalLev >= 2.452) | Pt_ChildT1D >= 0.509) | Pt_DKAFlg <= 5.736)
",9999999.000,9999999.000,0.000,1.000,0.000,0,0,1,0,0,1,1,0,0.0,0.0,1.0,0.0,0.0,1.0
"G[1,2]((HbA1cImputeDtMnC >= 4.224 & TotalDailyInsPerKg >= 0.455) | TSH <= 0.988)
",9999999.000,9999999.000,0.000,1.000,0.000,0,0,1,0,0,1,1,0,0.0,0.0,1.0,0.0,0.0,1.0
"G[1,2]((HeightCm >= 131.965 | WeightKg <= 33.191) | DirectLDL <= 32.104)
",9999999.000,9999999.000,0.000,1.000,0.000,0,0,1,0,0,1,1,0,0.0,0.0,1.0,0.0,0.0,1.0
"G[0,2]((Pt_InsGov >= 0.092 -> UnitsInsBasalOrLongAct >= 5.324) -> bmiPerc <= 8.415)
",9999999.000,9999999.000,0.000,1.000,0.000,0,0,1,0,0,1,1,0,0.0,0.0,1.0,0.0,0.0,1.0
"G[0,1](((Pt_CGMUseNumDays >= 0.000 & TotalDailyInsPerKg <= 1.094) -> bmi >= 0.627) & WeightKg <= 1.146)
",9999999.000,9999999.000,0.000,1.000,0.000,0,0,0,1,1,0,0,1,0.0,0.0,0.0,0.0,0.0,1.0
"G[2,2](((age <= 10.877 -> Pt_A1cGoalLev <= 4.027) & Triglyc <= 6.378) & TSH >= 3.536)
",-10.877,-10.877,0.000,1.000,0.000,0,0,1,0,0,1,1,0,0.0,0.0,1.0,0.0,0.0,1.0
"G[0,1]((HeightCm >= 132.009 -> BGTestAvgNumMeter >= 3.331) & Triglyc >= 3.151)
",9999999.000,9999999.000,0.000,1.000,0.000,0,0,0,1,1,0,0,1,0.0,0.0,0.0,0.0,0.0,1.0
"G[0,1]((age >= 10.353 & DirectLDL <= 0.000) & bmi >= 0.000)
",9999999.000,9999999.000,0.000,1.000,0.000,0,0,0,1,1,0,0,1,0.0,0.0,0.0,0.0,0.0,1.0
"G[2,2](((AutonomicNeuroCl <= 0.000 & WeightKg >= 30.545) & UnitsInsBasalOrLongAct <= 32.039) | BGTestAvgNumPtRep <= 32.909)
",32.909,32.909,0.000,1.000,0.000,0,0,1,0,0,1,1,0,0.0,0.0,1.0,0.0,0.0,1.0
"G[0,2](((UnitsInsBasalOrLongAct <= 8.785 -> Triglyc >= 29.613) -> HbA1c <= 117.404) -> age <= 195.408)
",9999999.000,9999999.000,0.000,1.000,0.000,0,0,1,0,0,1,1,0,0.0,0.0,1.0,0.0,0.0,1.0
"G[1,1]((Pt_GrandchildT1D >= 0.000 | Pt_GrandchildT1D <= 0.000) -> bmi <= 0.000)
",0.000,0.000,0.000,1.000,0.000,0,0,0,1,1,0,0,1,0.0,0.0,0.0,0.0,0.0,1.0
"G[1,2]((AlbCreatRat_mggNew >= 0.000 -> age >= 10.181) & BUN >= 10.480)
",9999999.000,9999999.000,0.000,1.000,0.000,0,0,0,1,1,0,0,1,0.0,0.0,0.0,0.0,0.0,1.0
"G[2,2]((DirectLDL <= 0.000 | age <= 10.670) -> BldPrSys >= 10.070)
",-10.670,-10.670,0.000,1.000,0.000,0,0,1,0,0,1,1,0,0.0,0.0,1.0,0.0,0.0,1.0
"G[0,2](((Pt_SHFlg <= 0.000 | AlbCreatRat_mggNew <= 0.000) & bmiZscore >= 0.000) -> Triglyc >= 0.000)
",9999999.000,9999999.000,0.000,1.000,0.000,0,0,1,0,0,1,1,0,0.0,0.0,1.0,0.0,0.0,1.0
"G[0,2](bmiZscore <= 0.310 & age >= 10.248)
",9999999.000,9999999.000,0.000,1.000,0.000,0,0,0,1,1,0,0,1,0.0,0.0,0.0,0.0,0.0,1.0
"G[0,2](BldPrDia <= 74.879 | HbA1c <= 9.073)
",9999999.000,9999999.000,0.000,1.000,0.000,0,0,1,0,0,1,1,0,0.0,0.0,1.0,0.0,0.0,1.0
"G[0,0]((bmi >= 17.250 | BldPrSys <= 116.972) & Pt_GrandparentT1D >= 115.097)
",-115.097,-115.097,0.000,1.000,0.000,0,0,0,1,1,0,0,1,0.0,0.0,0.0,0.0,0.0,1.0
"G[0,2](((WeightKg >= 29.359 -> HbA1cImputeDtMnC <= 8.495) | diagAgeCombo >= 1.508) | age <= 10.076)
",9999999.000,9999999.000,0.000,1.000,0.000,0,0,0,1,1,0,0,1,0.0,0.0,0.0,0.0,0.0,1.0
"G[0,2]((UnitsInsBasalOrLongAct <= 11.016 -> diagAgeCombo >= 3.499) -> UnitsInsBasalOrLongAct <= 5.763)
",9999999.000,9999999.000,0.000,1.000,0.000,0,0,0,1,1,0,0,1,0.0,0.0,0.0,0.0,0.0,1.0
"G[0,2]((diabDur >= 2.277 & Pt_GrandparentT1D >= 0.000) & Pt_GrandparentT1D <= 0.000)
",9999999.000,9999999.000,0.000,1.000,0.000,0,0,0,1,1,0,0,1,0.0,0.0,0.0,0.0,0.0,1.0
"G[2,2](BGTestAvgNumMeter <= 3.597 -> NumPumpBolusOrShortAct <= 0.000)
",-3.597,-3.597,0.000,1.000,0.000,0,0,1,0,0,1,1,0,0.0,0.0,1.0,0.0,0.0,1.0
"G[1,2]((Pt_DKAFlg <= 0.000 & Pt_A1cGoalLev >= 0.332) | Triglyc >= 1.853)
",9999999.000,9999999.000,0.000,1.000,0.000,0,0,1,0,0,1,1,0,0.0,0.0,1.0,0.0,0.0,1.0
"G[0,2](Pt_GrandchildT1D >= 0.000 -> DirectLDL <= 0.000)
",9999999.000,9999999.000,0.000,1.000,0.000,0,0,1,0,0,1,1,0,0.0,0.0,1.0,0.0,0.0,1.0
"G[1,2](Pt_MotherT1D <= 0.000 & WeightKg >= 29.191)
",9999999.000,9999999.000,0.000,1.000,0.000,0,0,1,0,0,1,1,0,0.0,0.0,1.0,0.0,0.0,1.0
"G[0,2](((TotChol >= 47.237 | NumPumpBolusOrShortAct <= 0.000) & Pt_MotherT1D <= 0.000) | HeightCm >= 0.000)
",9999999.000,9999999.000,0.000,1.000,0.000,0,0,1,0,0,1,1,0,0.0,0.0,1.0,0.0,0.0,1.0
"G[0,1](((Pt_SHFlg >= 0.000 | Pt_InsGov >= 0.226) -> HbA1c >= 0.030) -> Pt_CGMUseNumDays >= 0.406)
",9999999.000,9999999.000,0.000,1.000,0.000,0,0,0,1,1,0,0,1,0.0,0.0,0.0,0.0,0.0,1.0
"G[0,2]((UnitsInsBasalOrLongAct <= 11.438 | Triglyc >= 10.785) -> TSH <= 195.320)
",9999999.000,9999999.000,0.000,1.000,0.000,0,0,1,0,0,1,1,0,0.0,0.0,1.0,0.0,0.0,1.0
"G[0,2](((Triglyc <= 196.819 & Pt_SiblingT1D >= 0.000) | bmi <= 0.000) -> AlbCreatRat_mggNew >= 0.000)
",9999999.000,9999999.000,0.000,1.000,0.000,0,0,1,0,0,1,1,0,0.0,0.0,1.0,0.0,0.0,1.0
"G[2,2](((Pt_A1cGoalLevelDsYr5 <= 0.000 -> HDL <= 64.811) & Pt_ChildT1D <= 49.968) -> Pt_A1cGoalLevelDsYr5 <= 51.186)
",-51.186,-51.186,0.000,1.000,0.000,0,0,1,0,0,1,1,0,0.0,0.0,1.0,0.0,0.0,1.0
"G[1,1](((HeightCm >= 130.312 & Pt_GrandparentT1D >= 0.000) & Triglyc >= 0.000) -> bmiPerc <= 0.000)
",0.000,0.000,0.000,1.000,0.000,0,0,0,1,1,0,0,1,0.0,0.0,0.0,0.0,0.0,1.0
"G[1,2](BGTestAvgNumMeter <= 3.750 & Triglyc >= 87.487)
",9999999.000,9999999.000,0.000,1.000,0.000,0,0,1,0,0,1,1,0,0.0,0.0,1.0,0.0,0.0,1.0
"G[1,2]((HDL >= 15.667 & Pt_GrandparentT1D >= 0.000) | BldPrDia <= 0.000)
",9999999.000,9999999.000,0.000,1.000,0.000,0,0,1,0,0,1,1,0,0.0,0.0,1.0,0.0,0.0,1.0
"G[2,2](((age >= 10.042 | BldPrSys >= 115.931) | Pt_CGMUseNumDays >= 115.928) & Pt_FatherT1D <= 116.174)
",-10.042,-10.042,0.000,1.000,0.000,0,0,1,0,0,1,1,0,0.0,0.0,1.0,0.0,0.0,1.0
"G[0,1]((Pt_A1cGoalLev >= 0.224 -> bmiPerc >= 0.555) | bmiPerc >= 0.546)
",9999999.000,9999999.000,0.000,1.000,0.000,0,0,0,1,1,0,0,1,0.0,0.0,0.0,0.0,0.0,1.0
"G[2,2](Pt_ChildT1D >= 0.000 & Pt_DKAFlg >= 0.000)
",0.000,0.000,0.000,1.000,0.000,0,0,1,0,0,1,1,0,0.0,0.0,1.0,0.0,0.0,1.0
"G[0,2]((WeightKg <= 32.189 -> HbA1cImputeDtMnC >= 4.223) -> TotChol <= 7.039)
",9999999.000,9999999.000,0.000,1.000,0.000,0,0,0,1,1,0,0,1,0.0,0.0,0.0,0.0,0.0,1.0
"G[0,2](((HeightCm >= 130.425 -> HbA1c >= 8.612) | bmiPerc >= 8.808) -> BGTestAvgNumMeter <= 9.159)
",9999999.000,9999999.000,0.000,1.000,0.000,0,0,1,0,0,1,1,0,0.0,0.0,1.0,0.0,0.0,1.0
"G[2,2](((TSH >= 1.796 -> BGTestAvgNumMeter <= 3.544) -> Pt_A1cGoalLevelDsYr5 <= 3.595) | BGTestAvgNumMeter >= 3.476)
",-3.476,-3.476,0.000,1.000,0.000,0,0,1,0,0,1,1,0,0.0,0.0,1.0,0.0,0.0,1.0
"G[0,0]((Triglyc >= 17.752 & AlbCreatRat_mggNew <= 0.000) & Pt_SiblingT1D <= 0.000)
",-17.752,-17.752,0.000,1.000,0.000,0,0,0,1,1,0,0,1,0.0,0.0,0.0,0.0,0.0,1.0
"G[1,2]((LDL <= 56.890 | LDL <= 53.620) -> BldPrDia <= 62.600)
",9999999.000,9999999.000,0.000,1.000,0.000,0,0,1,0,0,1,1,0,0.0,0.0,1.0,0.0,0.0,1.0
"G[1,2](bmiZscore >= 0.145 & HeightCm <= 132.215)
",9999999.000,9999999.000,0.000,1.000,0.000,0,0,0,1,1,0,0,1,0.0,0.0,0.0,0.0,0.0,1.0
"G[1,2](Pt_ChildT1D <= 0.000 | Pt_GrandparentT1D >= 0.000)
",9999999.000,9999999.000,0.000,1.000,0.000,0,0,1,0,0,1,1,0,0.0,0.0,1.0,0.0,0.0,1.0
"G[1,2](((BldPrSys >= 115.174 -> Pt_ChildT1D <= 0.000) | LDL <= 0.000) -> Pt_InsGov >= 0.000)
",9999999.000,9999999.000,0.000,1.000,0.000,0,0,1,0,0,1,1,0,0.0,0.0,1.0,0.0,0.0,1.0
"G[1,2]((Pt_MotherT1D >= 0.000 -> GFR <= 0.000) | NumPumpBolusOrShortAct >= 0.000)
",9999999.000,9999999.000,0.000,1.000,0.000,0,0,1,0,0,1,1,0,0.0,0.0,1.0,0.0,0.0,1.0
"G[0,2]((Pt_DKAFlg >= 0.000 -> LDL <= 45.263) | diagAgeCombo <= 41.051)
",9999999.000,9999999.000,0.000,1.000,0.000,0,0,1,0,0,1,1,0,0.0,0.0,1.0,0.0,0.0,1.0
"G[1,2]((Pt_DKAFlg >= 0.000 & AlbCreatRat_mggNew >= 0.000) | BUN <= 0.000)
",9999999.000,9999999.000,0.000,1.000,0.000,0,0,1,0,0,1,1,0,0.0,0.0,1.0,0.0,0.0,1.0
"G[0,1](((diabDur <= 2.827 | Pt_MotherT1D <= 0.000) & bmiZscore <= 0.000) & LDL >= 0.000)
",9999999.000,9999999.000,0.000,1.000,0.000,0,0,0,1,1,0,0,1,0.0,0.0,0.0,0.0,0.0,1.0
"G[2,2]((Pt_CGMUseNumDays <= 0.000 & Pt_A1cGoalLev >= 1.645) & SMBGperDayPtMeterCombo <= 6.949)
",-1.645,-1.645,0.000,1.000,0.000,0,0,1,0,0,1,1,0,0.0,0.0,1.0,0.0,0.0,1.0
"G[1,2](TotChol <= 129.575 & Pt_InsGov <= 0.634)
",9999999.000,9999999.000,0.000,1.000,0.000,0,0,0,1,1,0,0,1,0.0,0.0,0.0,0.0,0.0,1.0
"G[1,2](bmiZscore >= 0.212 -> AlbCreatRat_mggNew <= 0.000)
",9999999.000,9999999.000,0.000,1.000,0.000,0,0,1,0,0,1,1,0,0.0,0.0,1.0,0.0,0.0,1.0
"G[1,2](diabDur <= 2.971 | Pt_CGMUseNumDays <= 0.000)
",9999999.000,9999999.000,0.000,1.000,0.000,0,0,1,0,0,1,1,0,0.0,0.0,1.0,0.0,0.0,1.0
"G[0,2](((HbA1cImputeDtMnC >= 1.936 -> Pt_GrandparentT1D >= 0.000) & TotChol <= 0.000) & GFR >= 0.000)
",9999999.000,9999999.000,0.000,1.000,0.000,0,0,0,1,1,0,0,1,0.0,0.0,0.0,0.0,0.0,1.0
"G[0,2](BldPrSys <= 116.439 | Pt_ChildT1D <= 0.000)
",9999999.000,9999999.000,0.000,1.000,0.000,0,0,1,0,0,1,1,0,0.0,0.0,1.0,0.0,0.0,1.0
"G[1,2](((HbA1c >= 8.717 & Pt_GrandchildT1D >= 0.000) & BGTestAvgNumMeter <= 0.000) | BldPrDia <= 0.000)
",9999999.000,9999999.000,0.000,1.000,0.000,0,0,0,1,1,0,0,1,0.0,0.0,0.0,0.0,0.0,1.0
"G[2,2]((TotalDailyInsPerKg <= 1.088 -> diabDur >= 2.178) | bmi <= 2.660)
",2.660,2.660,0.000,1.000,0.000,0,0,1,0,0,1,1,0,0.0,0.0,1.0,0.0,0.0,1.0
"G[0,1](BGTestAvgNumMeter >= 3.180 & NumPumpBolusOrShortAct >= 0.000)
",9999999.000,9999999.000,0.000,1.000,0.000,0,0,0,1,1,0,0,1,0.0,0.0,0.0,0.0,0.0,1.0
"G[1,2](((bmiZscore <= 0.377 & HeightCm >= 131.955) & Pt_SHFlg >= 130.841) | LDL >= 132.195)
",9999999.000,9999999.000,0.000,1.000,0.000,0,0,0,1,1,0,0,1,0.0,0.0,0.0,0.0,0.0,1.0
"G[1,2]((LDL <= 44.292 | Pt_A1cGoalLevelDsYr5 >= 0.000) -> DirectLDL >= 0.000)
",9999999.000,9999999.000,0.000,1.000,0.000,0,0,1,0,0,1,1,0,0.0,0.0,1.0,0.0,0.0,1.0
"G[0,1](((bmi >= 17.851 -> TotalDailyInsPerKg <= 1.025) -> Triglyc >= 0.453) | BUN <= 0.921)
",9999999.000,9999999.000,0.000,1.000,0.000,0,0,0,1,1,0,0,1,0.0,0.0,0.0,0.0,0.0,1.0
"G[1,2](Pt_MotherT1D <= 0.000 & HbA1c <= 9.159)
",9999999.000,9999999.000,0.000,1.000,0.000,0,0,0,1,1,0,0,1,0.0,0.0,0.0,0.0,0.0,1.0
"G[1,2]((Pt_MotherT1D >= 0.000 & age <= 10.538) -> TSH <= 10.597)
",9999999.000,9999999.000,0.000,1.000,0.000,0,0,1,0,0,1,1,0,0.0,0.0,1.0,0.0,0.0,1.0
"G[0,2](((HbA1cImputeDtMnC <= 5.884 | DirectLDL <= 0.000) | TSH <= 0.000) -> DirectLDL >= 0.000)
",9999999.000,9999999.000,0.000,1.000,0.000,0,0,1,0,0,1,1,0,0.0,0.0,1.0,0.0,0.0,1.0
"G[0,2]((Pt_FatherT1D <= 0.864 -> bmiZscore <= 0.328) -> HbA1c <= 0.322)
",9999999.000,9999999.000,0.000,1.000,0.000,0,0,0,1,1,0,0,1,0.0,0.0,0.0,0.0,0.0,1.0
"G[0,0](((LDL >= 22.566 -> WeightKg >= 30.656) & HbA1c <= 33.810) -> Pt_MotherT1D >= 30.654)
",-22.186,-22.186,0.000,1.000,0.000,0,0,0,1,1,0,0,1,0.0,0.0,0.0,0.0,0.0,1.0
"G[1,2](Pt_GrandparentT1D <= 0.000 | BldPrSys <= 116.766)
",9999999.000,9999999.000,0.000,1.000,0.000,0,0,1,0,0,1,1,0,0.0,0.0,1.0,0.0,0.0,1.0
"G[2,2](AlbCreatRat_mggNew >= 0.000 -> Pt_SHFlg = 0.000)
",0.000,0.000,0.000,1.000,0.000,0,0,1,0,0,1,1,0,0.0,0.0,1.0,0.0,0.0,1.0
"G[1,2](BldPrSys > 115.518 & Pt_SHFlg = 0.000)
",9999999.000,9999999.000,0.000,1.000,0.000,0,0,1,0,0,1,1,0,0.0,0.0,1.0,0.0,0.0,1.0
"G[2,2](TotChol <= 133.678 & Pt_SHFlg = 0.000)
",0.000,0.000,0.000,1.000,0.000,0,0,1,0,0,1,1,0,0.0,0.0,1.0,0.0,0.0,1.0
"G[1,2](bmiZscore > 0.192 -> Pt_SHFlg = 0.000)
",9999999.000,9999999.000,0.000,1.000,0.000,0,0,1,0,0,1,1,0,0.0,0.0,1.0,0.0,0.0,1.0
"G[0,2](BldPrSys <= 116.945 & Pt_SHFlg = 0.000)
",9999999.000,9999999.000,0.000,1.000,0.000,0,0,0,1,1,0,0,1,0.0,0.0,0.0,0.0,0.0,1.0
"G[2,2](HeightCm >= 131.895 | TotalDailyInsPerKg >= 0.475)
",-0.475,-0.475,0.000,1.000,0.000,0,0,1,0,0,1,1,0,0.0,0.0,1.0,0.0,0.0,1.0
"G[0,2](((HDL >= 23.641 -> HeightCm >= 132.052) | diagAgeCombo <= 134.210) & TotalDailyInsPerKg <= 132.575)
",9999999.000,9999999.000,0.000,1.000,0.000,0,0,1,0,0,1,1,0,0.0,0.0,1.0,0.0,0.0,1.0
"G[1,2](Pt_CGMUseNumDays <= 0.000 & Pt_CGMUseNumDays >= 0.000)
",9999999.000,9999999.000,0.000,1.000,0.000,0,0,1,0,0,1,1,0,0.0,0.0,1.0,0.0,0.0,1.0
"G[1,2](UnitsInsBasalOrLongAct <= 9.754 | DirectLDL >= 0.000)
",9999999.000,9999999.000,0.000,1.000,0.000,0,0,1,0,0,1,1,0,0.0,0.0,1.0,0.0,0.0,1.0
"G[0,2](BldPrDia >= 70.541 & HeightCm >= 131.723)
",9999999.000,9999999.000,0.000,1.000,0.000,0,0,0,1,1,0,0,1,0.0,0.0,0.0,0.0,0.0,1.0
"G[0,2]((BGTestAvgNumPtRep <= 0.000 -> DirectLDL >= 0.000) | HDL <= 0.000)
",9999999.000,9999999.000,0.000,1.000,0.000,0,0,1,0,0,1,1,0,0.0,0.0,1.0,0.0,0.0,1.0
"G[0,1]((BGTestAvgNumMeter >= 3.349 & diabDur <= 2.564) & TSH >= 2.266)
",9999999.000,9999999.000,0.000,1.000,0.000,0,0,0,1,1,0,0,1,0.0,0.0,0.0,0.0,0.0,1.0
"G[0,2]((BUN <= 6.921 & SMBGperDayPtMeterCombo >= 3.260) | bmiPerc <= 3.591)
",9999999.000,9999999.000,0.000,1.000,0.000,0,0,1,0,0,1,1,0,0.0,0.0,1.0,0.0,0.0,1.0
"G[0,1](AutonomicNeuroCl <= 0.000 & TotChol <= 121.584)
",9999999.000,9999999.000,0.000,1.000,0.000,0,0,0,1,1,0,0,1,0.0,0.0,0.0,0.0,0.0,1.0
"G[2,2]((TotalDailyInsPerKg <= 0.834 | diabDur <= 2.711) -> diabDur >= 2.293)
",-2.711,-2.711,0.000,1.000,0.000,0,0,1,0,0,1,1,0,0.0,0.0,1.0,0.0,0.0,1.0
"G[2,2](((Pt_SHFlg >= 0.000 -> TotChol <= 167.760) & Pt_GrandchildT1D <= 116.020) -> Pt_InsGov <= 148.865)
",-148.865,-148.865,0.000,1.000,0.000,0,0,1,0,0,1,1,0,0.0,0.0,1.0,0.0,0.0,1.0
"G[0,2](((TotChol >= 52.222 | Triglyc <= 150.494) | Pt_SiblingT1D >= 33.699) & Pt_InsGov <= 130.086)
",9999999.000,9999999.000,0.000,1.000,0.000,0,0,1,0,0,1,1,0,0.0,0.0,1.0,0.0,0.0,1.0
"G[0,2]((TotalDailyInsPerKg >= 0.467 -> Pt_GrandparentT1D <= 0.000) & TotChol <= 0.000)
",9999999.000,9999999.000,0.000,1.000,0.000,0,0,0,1,1,0,0,1,0.0,0.0,0.0,0.0,0.0,1.0
"G[1,2]((BGTestAvgNumPtRep >= 0.000 | GFR <= 0.000) & age >= 0.000)
",9999999.000,9999999.000,0.000,1.000,0.000,0,0,1,0,0,1,1,0,0.0,0.0,1.0,0.0,0.0,1.0
"G[1,2](((SMBGperDayPtMeterCombo <= 3.801 -> Pt_FatherT1D <= 0.548) & BGTestAvgNumPtRep >= 0.129) -> BldPrSys >= 0.037)
",9999999.000,9999999.000,0.000,1.000,0.000,0,0,1,0,0,1,1,0,0.0,0.0,1.0,0.0,0.0,1.0
"G[0,2](((HbA1cImputeDtMnC >= 0.668 | Pt_A1cGoalLevelDsYr5 >= 0.000) -> WeightKg >= 0.000) & age <= 0.000)
",9999999.000,9999999.000,0.000,1.000,0.000,0,0,0,1,1,0,0,1,0.0,0.0,0.0,0.0,0.0,1.0
"G[0,2]((BldPrSys <= 116.217 -> BldPrDia <= 71.795) -> BldPrSys >= 69.838)
",9999999.000,9999999.000,0.000,1.000,0.000,0,0,1,0,0,1,1,0,0.0,0.0,1.0,0.0,0.0,1.0
"G[0,1](((Pt_A1cGoalLevelDsYr5 >= 0.000 -> WeightKg >= 29.404) & DirectLDL <= 31.685) & HbA1c >= 30.014)
",9999999.000,9999999.000,0.000,1.000,0.000,0,0,0,1,1,0,0,1,0.0,0.0,0.0,0.0,0.0,1.0
"G[1,2](SMBGperDayPtMeterCombo <= 3.749 -> bmiZscore <= 0.376)
",9999999.000,9999999.000,0.000,1.000,0.000,0,0,0,1,1,0,0,1,0.0,0.0,0.0,0.0,0.0,1.0
"G[1,2](((Pt_MotherT1D <= 0.000 & Pt_A1cGoalLevelDsYr5 <= 0.000) -> Pt_GrandparentT1D <= 0.000) -> BGTestAvgNumMeter >= 0.000)
",9999999.000,9999999.000,0.000,1.000,0.000,0,0,1,0,0,1,1,0,0.0,0.0,1.0,0.0,0.0,1.0
"G[1,2](((WeightKg <= 31.931 | HbA1c >= 8.772) | Pt_FatherT1D <= 9.196) & BGTestAvgNumPtRep >= 8.626)
",9999999.000,9999999.000,0.000,1.000,0.000,0,0,0,1,1,0,0,1,0.0,0.0,0.0,0.0,0.0,1.0
"G[1,2]((Pt_DKAFlg >= 0.000 & NumPumpBolusOrShortAct >= 0.000) -> diagAgeCombo >= 0.000)
",9999999.000,9999999.000,0.000,1.000,0.000,0,0,1,0,0,1,1,0,0.0,0.0,1.0,0.0,0.0,1.0
"G[2,2](BGTestAvgNumMeter < 3.766 -> Pt_SHFlg = 0.000)
",-3.766,-3.766,0.000,1.000,0.000,0,0,1,0,0,1,1,0,0.0,0.0,1.0,0.0,0.0,1.0
"G[1,2](Pt_CGMUseNumDays >= 0.000 & Pt_SHFlg = 0.000)
",9999999.000,9999999.000,0.000,1.000,0.000,0,0,1,0,0,1,1,0,0.0,0.0,1.0,0.0,0.0,1.0
"G[2,2](BldPrDia >= 70.241 -> Pt_SHFlg = 0.000)
",0.000,0.000,0.000,1.000,0.000,0,0,1,0,0,1,1,0,0.0,0.0,1.0,0.0,0.0,1.0
"G[1,1](GFR <= 0.000 -> BUN >= 1.710)
",0.000,0.000,0.000,1.000,0.000,0,0,0,1,1,0,0,1,0.0,0.0,0.0,0.0,0.0,1.0
"G[0,2]((WeightKg >= 29.711 | bmi >= 17.423) -> UnitsInsBasalOrLongAct <= 8.586)
",9999999.000,9999999.000,0.000,1.000,0.000,0,0,0,1,1,0,0,1,0.0,0.0,0.0,0.0,0.0,1.0
"G[0,2](SMBGperDayPtMeterCombo >= 3.473 & BGTestAvgNumPtRep >= 0.000)
",9999999.000,9999999.000,0.000,1.000,0.000,0,0,0,1,1,0,0,1,0.0,0.0,0.0,0.0,0.0,1.0
"G[0,1](GFR <= 0.000 -> BUN >= 3.563)
",9999999.000,9999999.000,0.000,1.000,0.000,0,0,0,1,1,0,0,1,0.0,0.0,0.0,0.0,0.0,1.0
"G[0,1](SMBGperDayPtMeterCombo >= 3.399 & BGTestAvgNumPtRep >= 0.000)
",9999999.000,9999999.000,0.000,1.000,0.000,0,0,0,1,1,0,0,1,0.0,0.0,0.0,0.0,0.0,1.0
"G[1,2](GFR <= 0.000 -> BUN >= 4.183)
",9999999.000,9999999.000,0.000,1.000,0.000,0,0,0,1,1,0,0,1,0.0,0.0,0.0,0.0,0.0,1.0
"G[0,1]((WeightKg >= 29.052 | bmi >= 17.149) -> UnitsInsBasalOrLongAct <= 10.416)
",9999999.000,9999999.000,0.000,1.000,0.000,0,0,0,1,1,0,0,1,0.0,0.0,0.0,0.0,0.0,1.0
"G[0,1](SMBGperDayPtMeterCombo >= 3.223 & BGTestAvgNumPtRep >= 0.000)
",9999999.000,9999999.000,0.000,1.000,0.000,0,0,0,1,1,0,0,1,0.0,0.0,0.0,0.0,0.0,1.0
"G[0,1]((WeightKg >= 30.950 | bmi >= 17.873) -> UnitsInsBasalOrLongAct <= 8.485)
",9999999.000,9999999.000,0.000,1.000,0.000,0,0,0,1,1,0,0,1,0.0,0.0,0.0,0.0,0.0,1.0
"G[0,1](SMBGperDayPtMeterCombo >= 3.438 & BGTestAvgNumPtRep >= 0.000)
",9999999.000,9999999.000,0.000,1.000,0.000,0,0,0,1,1,0,0,1,0.0,0.0,0.0,0.0,0.0,1.0
"G[0,2](GFR <= 0.000 -> BUN >= 2.829)
",9999999.000,9999999.000,0.000,1.000,0.000,0,0,0,1,1,0,0,1,0.0,0.0,0.0,0.0,0.0,1.0
"G[0,2]((WeightKg >= 30.172 | bmi >= 17.680) -> UnitsInsBasalOrLongAct <= 9.731)
",9999999.000,9999999.000,0.000,1.000,0.000,0,0,0,1,1,0,0,1,0.0,0.0,0.0,0.0,0.0,1.0
"G[2,2](SMBGperDayPtMeterCombo >= 3.332 & BGTestAvgNumPtRep >= 0.000)
",-3.332,-3.332,0.000,1.000,0.000,0,0,1,0,0,1,1,0,0.0,0.0,1.0,0.0,0.0,1.0
"G[2,2](SMBGperDayPtMeterCombo >= 3.335 & BGTestAvgNumPtRep >= 0.000)
",-3.335,-3.335,0.000,1.000,0.000,0,0,1,0,0,1,1,0,0.0,0.0,1.0,0.0,0.0,1.0
"G[1,2](Pt_A1cGoalLev < 4.443 -> Pt_SHFlg = 0.000)
",9999999.000,9999999.000,0.000,1.000,0.000,0,0,1,0,0,1,1,0,0.0,0.0,1.0,0.0,0.0,1.0
"G[0,1](GFR <= 0.000 -> BUN >= 3.772)
",9999999.000,9999999.000,0.000,1.000,0.000,0,0,0,1,1,0,0,1,0.0,0.0,0.0,0.0,0.0,1.0
"G[1,2]((WeightKg >= 29.812 | bmi >= 17.735) -> UnitsInsBasalOrLongAct <= 10.647)
",9999999.000,9999999.000,0.000,1.000,0.000,0,0,0,1,1,0,0,1,0.0,0.0,0.0,0.0,0.0,1.0
"G[1,1](GFR <= 0.000 -> BUN >= 2.647)
",0.000,0.000,0.000,1.000,0.000,0,0,0,1,1,0,0,1,0.0,0.0,0.0,0.0,0.0,1.0
"G[0,1]((WeightKg >= 30.185 | bmi >= 17.580) -> UnitsInsBasalOrLongAct <= 9.532)
",9999999.000,9999999.000,0.000,1.000,0.000,0,0,0,1,1,0,0,1,0.0,0.0,0.0,0.0,0.0,1.0
"G[1,1](SMBGperDayPtMeterCombo >= 3.433 & BGTestAvgNumPtRep >= 0.000)
",-3.433,-3.433,0.000,1.000,0.000,0,0,0,1,1,0,0,1,0.0,0.0,0.0,0.0,0.0,1.0
"G[0,2](GFR <= 0.000 -> BUN >= 3.189)
",9999999.000,9999999.000,0.000,1.000,0.000,0,0,0,1,1,0,0,1,0.0,0.0,0.0,0.0,0.0,1.0
"G[0,1]((WeightKg >= 29.347 | bmi >= 17.827) -> UnitsInsBasalOrLongAct <= 9.794)
",9999999.000,9999999.000,0.000,1.000,0.000,0,0,0,1,1,0,0,1,0.0,0.0,0.0,0.0,0.0,1.0
"G[1,2](SMBGperDayPtMeterCombo >= 3.149 & BGTestAvgNumPtRep >= 0.000)
",9999999.000,9999999.000,0.000,1.000,0.000,0,0,0,1,1,0,0,1,0.0,0.0,0.0,0.0,0.0,1.0
"G[1,2](GFR <= 0.000 -> BUN >= 0.630)
",9999999.000,9999999.000,0.000,1.000,0.000,0,0,0,1,1,0,0,1,0.0,0.0,0.0,0.0,0.0,1.0
"G[0,1]((WeightKg >= 29.163 | bmi >= 17.475) -> UnitsInsBasalOrLongAct <= 10.553)
",9999999.000,9999999.000,0.000,1.000,0.000,0,0,0,1,1,0,0,1,0.0,0.0,0.0,0.0,0.0,1.0
"G[0,2](AlbCreatRat_mggNew >= 0.000 & Pt_SHFlg = 0.000)
",9999999.000,9999999.000,0.000,1.000,0.000,0,0,1,0,0,1,1,0,0.0,0.0,1.0,0.0,0.0,1.0
"G[0,1](LDL >= 4.881 & Pt_SHFlg = 0.000)
",9999999.000,9999999.000,0.000,1.000,0.000,0,0,0,1,1,0,0,1,0.0,0.0,0.0,0.0,0.0,1.0
"G[1,2](((HeightCm >= 131.482 -> Pt_A1cGoalLev >= 2.692) | AlbCreatRat_mggNew <= 4.282) | bmiZscore >= 1.096)
",9999999.000,9999999.000,0.000,1.000,0.000,0,0,1,0,0,1,1,0,0.0,0.0,1.0,0.0,0.0,1.0
"G[2,2](BUN >= 3.028 -> Pt_SiblingT1D <= 0.000)
",0.000,0.000,0.000,1.000,0.000,0,0,1,0,0,1,1,0,0.0,0.0,1.0,0.0,0.0,1.0
"G[1,2](AlbCreatRat_mggNew >= 0.000 | Pt_ChildT1D >= 0.000)
",9999999.000,9999999.000,0.000,1.000,0.000,0,0,1,0,0,1,1,0,0.0,0.0,1.0,0.0,0.0,1.0
"G[0,2]((Pt_GrandparentT1D <= 0.000 -> age >= 10.089) & Pt_FatherT1D <= 10.652)
",9999999.000,9999999.000,0.000,1.000,0.000,0,0,0,1,1,0,0,1,0.0,0.0,0.0,0.0,0.0,1.0
"G[2,2]((diagAgeCombo >= 2.417 -> UnitsInsBasalOrLongAct >= 7.615) & Pt_GrandchildT1D <= 11.648)
",2.417,2.417,0.000,1.000,0.000,0,0,1,0,0,1,1,0,0.0,0.0,1.0,0.0,0.0,1.0
"G[1,2]((BGTestAvgNumPtRep <= 0.000 -> Pt_SHFlg <= 0.000) & bmiPerc <= 0.000)
",9999999.000,9999999.000,0.000,1.000,0.000,0,0,0,1,1,0,0,1,0.0,0.0,0.0,0.0,0.0,1.0
"G[1,2]((TotalDailyInsPerKg >= 0.751 -> Pt_GrandparentT1D >= 0.000) -> Pt_GrandparentT1D >= 0.000)
",9999999.000,9999999.000,0.000,1.000,0.000,0,0,1,0,0,1,1,0,0.0,0.0,1.0,0.0,0.0,1.0
"G[1,1](((GFR <= 0.000 -> HbA1c <= 9.182) & HbA1cImputeDtMnC >= 8.747) & BUN >= 8.674)
",-9.182,-9.182,0.000,1.000,0.000,0,0,0,1,1,0,0,1,0.0,0.0,0.0,0.0,0.0,1.0
"G[2,2](((Pt_ChildT1D >= 0.000 & BldPrDia >= 70.078) -> age <= 74.474) & diagAgeCombo >= 67.513)
",-74.474,-74.474,0.000,1.000,0.000,0,0,1,0,0,1,1,0,0.0,0.0,1.0,0.0,0.0,1.0
"G[0,1](((Pt_MotherT1D <= 0.000 & TotChol >= 23.595) & TotChol >= 71.201) -> HbA1cImputeDtMnC >= 37.346)
",9999999.000,9999999.000,0.000,1.000,0.000,0,0,0,1,1,0,0,1,0.0,0.0,0.0,0.0,0.0,1.0
"G[2,2](((Pt_CGMUseNumDays >= 0.000 -> bmiPerc >= 0.552) | UnitsInsBasalOrLongAct >= 0.551) & LDL <= 0.618)
",0.000,0.000,0.000,1.000,0.000,0,0,1,0,0,1,1,0,0.0,0.0,1.0,0.0,0.0,1.0
"G[0,2](((BGTestAvgNumPtRep >= 0.000 & bmi >= 17.435) | NumPumpBolusOrShortAct <= 18.018) | WeightKg <= 18.537)
",9999999.000,9999999.000,0.000,1.000,0.000,0,0,1,0,0,1,1,0,0.0,0.0,1.0,0.0,0.0,1.0
"G[1,2](((Pt_A1cGoalLevelDsYr5 >= 0.000 | TotalDailyInsPerKg >= 0.493) & TotChol <= 0.843) | BldPrDia <= 0.941)
",9999999.000,9999999.000,0.000,1.000,0.000,0,0,0,1,1,0,0,1,0.0,0.0,0.0,0.0,0.0,1.0
"G[1,2](((BldPrSys <= 116.324 -> UnitsInsBasalOrLongAct >= 7.850) & BUN <= 9.475) | AutonomicNeuroCl >= 5.118)
",9999999.000,9999999.000,0.000,1.000,0.000,0,0,1,0,0,1,1,0,0.0,0.0,1.0,0.0,0.0,1.0
"G[2,2]((WeightKg <= 31.870 & Pt_A1cGoalLev <= 3.703) & bmiPerc <= 3.773)
",3.703,3.703,0.000,1.000,0.000,0,0,1,0,0,1,1,0,0.0,0.0,1.0,0.0,0.0,1.0
"G[0,2]((Pt_A1cGoalLev >= 0.818 & WeightKg >= 31.354) | AutonomicNeuroCl <= 32.048)
",9999999.000,9999999.000,0.000,1.000,0.000,0,0,1,0,0,1,1,0,0.0,0.0,1.0,0.0,0.0,1.0
"G[2,2](SMBGperDayPtMeterCombo >= 3.097 | diagAgeCombo <= 7.883)
",7.883,7.883,0.000,1.000,0.000,0,0,1,0,0,1,1,0,0.0,0.0,1.0,0.0,0.0,1.0
"G[0,1](GFR <= 0.000 -> BUN >= 4.358)
",9999999.000,9999999.000,0.000,1.000,0.000,0,0,0,1,1,0,0,1,0.0,0.0,0.0,0.0,0.0,1.0
"G[2,2](((DirectLDL <= 0.000 -> Pt_FatherT1D <= 0.507) & bmi >= 0.121) | age >= 0.296)
",-0.296,-0.296,0.000,1.000,0.000,0,0,1,0,0,1,1,0,0.0,0.0,1.0,0.0,0.0,1.0
"G[1,2](Pt_ChildT1D <= 0.000 -> LDL <= 34.956)
",9999999.000,9999999.000,0.000,1.000,0.000,0,0,0,1,1,0,0,1,0.0,0.0,0.0,0.0,0.0,1.0
"G[1,2]((diabDur <= 2.893 | LDL <= 57.594) -> Pt_ChildT1D <= 49.599)
",9999999.000,9999999.000,0.000,1.000,0.000,0,0,1,0,0,1,1,0,0.0,0.0,1.0,0.0,0.0,1.0
"G[0,2](((age <= 10.589 | Pt_InsGov >= 0.296) -> SMBGperDayPtMeterCombo <= 0.993) | UnitsInsBasalOrLongAct >= 0.323)
",9999999.000,9999999.000,0.000,1.000,0.000,0,0,1,0,0,1,1,0,0.0,0.0,1.0,0.0,0.0,1.0
"G[0,2](((HDL <= 66.270 | TotalDailyInsPerKg <= 0.958) | BUN <= 1.074) & BUN <= 0.967)
",9999999.000,9999999.000,0.000,1.000,0.000,0,0,0,1,1,0,0,1,0.0,0.0,0.0,0.0,0.0,1.0
"G[0,2](Pt_FatherT1D <= 0.744 | Pt_SiblingT1D >= 0.000)
",9999999.000,9999999.000,0.000,1.000,0.000,0,0,1,0,0,1,1,0,0.0,0.0,1.0,0.0,0.0,1.0
"G[1,2]((HbA1c >= 8.721 -> GFR >= 0.000) -> BGTestAvgNumMeter >= 0.000)
",9999999.000,9999999.000,0.000,1.000,0.000,0,0,1,0,0,1,1,0,0.0,0.0,1.0,0.0,0.0,1.0
"G[0,2]((BGTestAvgNumPtRep <= 0.000 -> Pt_A1cGoalLevelDsYr5 <= 0.000) & diabDur <= 0.000)
",9999999.000,9999999.000,0.000,1.000,0.000,0,0,0,1,1,0,0,1,0.0,0.0,0.0,0.0,0.0,1.0
"G[0,2]((Pt_MotherT1D >= 0.000 & BldPrSys >= 115.438) & Pt_A1cGoalLev <= 116.042)
",9999999.000,9999999.000,0.000,1.000,0.000,0,0,0,1,1,0,0,1,0.0,0.0,0.0,0.0,0.0,1.0
"G[2,2]((diagAgeCombo <= 4.402 -> UnitsInsBasalOrLongAct <= 11.993) | Pt_SiblingT1D >= 7.856)
",-7.856,-7.856,0.000,1.000,0.000,0,0,1,0,0,1,1,0,0.0,0.0,1.0,0.0,0.0,1.0
"G[0,2](LDL <= 34.004 -> SMBGperDayPtMeterCombo >= 3.127)
",9999999.000,9999999.000,0.000,1.000,0.000,0,0,1,0,0,1,1,0,0.0,0.0,1.0,0.0,0.0,1.0
"G[2,2]((Pt_GrandchildT1D >= 0.000 & DirectLDL >= 0.000) | Pt_ChildT1D >= 0.000)
",0.000,0.000,0.000,1.000,0.000,0,0,1,0,0,1,1,0,0.0,0.0,1.0,0.0,0.0,1.0
"G[2,2]((BGTestAvgNumPtRep >= 0.000 | UnitsInsBasalOrLongAct >= 6.410) | UnitsInsBasalOrLongAct >= 7.607)
",0.000,0.000,0.000,1.000,0.000,0,0,1,0,0,1,1,0,0.0,0.0,1.0,0.0,0.0,1.0
"G[0,2]((Pt_GrandchildT1D <= 0.000 | HbA1c <= 9.081) & BGTestAvgNumPtRep >= 8.705)
",9999999.000,9999999.000,0.000,1.000,0.000,0,0,0,1,1,0,0,1,0.0,0.0,0.0,0.0,0.0,1.0
"G[1,2]((Pt_SHFlg >= 0.000 & DirectLDL <= 0.000) | BGTestAvgNumPtRep >= 0.000)
",9999999.000,9999999.000,0.000,1.000,0.000,0,0,1,0,0,1,1,0,0.0,0.0,1.0,0.0,0.0,1.0
"G[1,2](Pt_ChildT1D <= 0.000 | bmiPerc >= 0.581)
",9999999.000,9999999.000,0.000,1.000,0.000,0,0,1,0,0,1,1,0,0.0,0.0,1.0,0.0,0.0,1.0
"G[0,2](HeightCm <= 133.988 | Pt_GrandparentT1D <= 0.000)
",9999999.000,9999999.000,0.000,1.000,0.000,0,0,1,0,0,1,1,0,0.0,0.0,1.0,0.0,0.0,1.0
"G[2,2](((HeightCm >= 131.083 & bmi >= 17.865) & HbA1cImputeDtMnC >= 17.281) -> HbA1cImputeDtMnC >= 17.173)
",17.173,17.173,0.000,1.000,0.000,0,0,1,0,0,1,1,0,0.0,0.0,1.0,0.0,0.0,1.0
"G[0,1]((NumPumpBolusOrShortAct >= 0.000 | Pt_InsGov >= 0.274) & LDL <= 0.545)
",9999999.000,9999999.000,0.000,1.000,0.000,0,0,0,1,1,0,0,1,0.0,0.0,0.0,0.0,0.0,1.0
"G[0,2]((BldPrSys <= 116.561 & age >= 10.361) | WeightKg >= 10.346)
",9999999.000,9999999.000,0.000,1.000,0.000,0,0,1,0,0,1,1,0,0.0,0.0,1.0,0.0,0.0,1.0
"G[1,1]((AutonomicNeuroCl >= 0.000 -> BUN <= 5.589) -> Pt_A1cGoalLevelDsYr5 >= 4.039)
",4.039,4.039,0.000,1.000,0.000,0,0,0,1,1,0,0,1,0.0,0.0,0.0,0.0,0.0,1.0
"G[1,2](((Pt_MotherT1D >= 0.000 & AutonomicNeuroCl >= 0.000) -> WeightKg <= 0.000) & UnitsInsBasalOrLongAct >= 0.000)
",9999999.000,9999999.000,0.000,1.000,0.000,0,0,0,1,1,0,0,1,0.0,0.0,0.0,0.0,0.0,1.0
"G[1,2]((bmiZscore <= 0.327 & Pt_InsGov >= 0.414) & Pt_SiblingT1D >= 0.249)
",9999999.000,9999999.000,0.000,1.000,0.000,0,0,0,1,1,0,0,1,0.0,0.0,0.0,0.0,0.0,1.0
"G[0,1](((HDL <= 44.054 & BldPrDia <= 73.454) & GFR <= 74.851) | Pt_ChildT1D >= 71.486)
",9999999.000,9999999.000,0.000,1.000,0.000,0,0,0,1,1,0,0,1,0.0,0.0,0.0,0.0,0.0,1.0
"G[0,2](((diagAgeCombo >= 0.605 -> diagAgeCombo >= 1.865) -> diabDur >= 1.800) -> AutonomicNeuroCl <= 7.365)
",9999999.000,9999999.000,0.000,1.000,0.000,0,0,1,0,0,1,1,0,0.0,0.0,1.0,0.0,0.0,1.0
"G[0,1](((Pt_A1cGoalLevelDsYr5 >= 0.000 -> SMBGperDayPtMeterCombo <= 3.812) | HDL <= 3.969) & diagAgeCombo <= 3.801)
",9999999.000,9999999.000,0.000,1.000,0.000,0,0,0,1,1,0,0,1,0.0,0.0,0.0,0.0,0.0,1.0
"G[0,2](((Pt_SiblingT1D <= 0.000 -> bmiZscore >= 0.135) & Pt_DKAFlg >= 0.257) & Pt_SHFlg <= 0.314)
",9999999.000,9999999.000,0.000,1.000,0.000,0,0,0,1,1,0,0,1,0.0,0.0,0.0,0.0,0.0,1.0
"G[1,2]((bmiPerc <= 0.649 -> Pt_A1cGoalLevelDsYr5 >= 0.000) | AlbCreatRat_mggNew <= 0.000)
",9999999.000,9999999.000,0.000,1.000,0.000,0,0,1,0,0,1,1,0,0.0,0.0,1.0,0.0,0.0,1.0
"G[0,1](((HbA1cImputeDtMnC <= 10.112 | Pt_InsGov >= 0.240) | LDL >= 0.005) & WeightKg <= 0.978)
",9999999.000,9999999.000,0.000,1.000,0.000,0,0,0,1,1,0,0,1,0.0,0.0,0.0,0.0,0.0,1.0
"G[2,2](HeightCm <= 132.676 & SMBGperDayPtMeterCombo <= 3.851)
",3.851,3.851,0.000,1.000,0.000,0,0,1,0,0,1,1,0,0.0,0.0,1.0,0.0,0.0,1.0
"G[0,2](((Pt_A1cGoalLevelDsYr5 <= 0.000 | BGTestAvgNumPtRep <= 0.000) -> Pt_ChildT1D >= 0.000) -> diagAgeCombo <= 0.000)
",9999999.000,9999999.000,0.000,1.000,0.000,0,0,0,1,1,0,0,1,0.0,0.0,0.0,0.0,0.0,1.0
"G[0,2]((Pt_InsGov <= 0.521 -> AutonomicNeuroCl >= 0.000) -> BldPrDia <= 0.000)
",9999999.000,9999999.000,0.000,1.000,0.000,0,0,0,1,1,0,0,1,0.0,0.0,0.0,0.0,0.0,1.0
"G[2,2](((BldPrDia >= 67.487 | GFR <= 0.000) | AlbCreatRat_mggNew <= 0.000) & BGTestAvgNumMeter <= 0.000)
",0.000,0.000,0.000,1.000,0.000,0,0,1,0,0,1,1,0,0.0,0.0,1.0,0.0,0.0,1.0
"G[1,2](AlbCreatRat_mggNew <= 0.000 -> Pt_MotherT1D >= 0.000)
",9999999.000,9999999.000,0.000,1.000,0.000,0,0,1,0,0,1,1,0,0.0,0.0,1.0,0.0,0.0,1.0
"G[0,1]((UnitsInsBasalOrLongAct <= 8.426 & HDL >= 25.643) | BldPrDia <= 36.267)
",9999999.000,9999999.000,0.000,1.000,0.000,0,0,0,1,1,0,0,1,0.0,0.0,0.0,0.0,0.0,1.0
"G[0,2]((TSH <= 2.666 & bmiPerc >= 0.564) -> UnitsInsBasalOrLongAct <= 0.626)
",9999999.000,9999999.000,0.000,1.000,0.000,0,0,1,0,0,1,1,0,0.0,0.0,1.0,0.0,0.0,1.0
"G[0,2](bmi >= 17.418 & BGTestAvgNumMeter <= 3.812)
",9999999.000,9999999.000,0.000,1.000,0.000,0,0,0,1,1,0,0,1,0.0,0.0,0.0,0.0,0.0,1.0
"G[1,2](Pt_MotherT1D <= 0.000 | GFR <= 0.000)
",9999999.000,9999999.000,0.000,1.000,0.000,0,0,1,0,0,1,1,0,0.0,0.0,1.0,0.0,0.0,1.0
"G[0,1]((NumPumpBolusOrShortAct >= 0.000 & AutonomicNeuroCl >= 0.000) -> TotChol <= 0.000)
",9999999.000,9999999.000,0.000,1.000,0.000,0,0,0,1,1,0,0,1,0.0,0.0,0.0,0.0,0.0,1.0
"G[0,0](((NumPumpBolusOrShortAct <= 0.000 | HbA1cImputeDtMnC >= 0.807) & BUN >= 2.433) -> diagAgeCombo <= 7.781)
",-7.781,-7.781,0.000,1.000,0.000,0,0,0,1,1,0,0,1,0.0,0.0,0.0,0.0,0.0,1.0
"G[0,2]((BGTestAvgNumMeter >= 3.397 -> TSH >= 1.884) | BldPrDia <= 2.201)
",9999999.000,9999999.000,0.000,1.000,0.000,0,0,0,1,1,0,0,1,0.0,0.0,0.0,0.0,0.0,1.0
"G[0,2](((NumPumpBolusOrShortAct <= 0.000 -> AutonomicNeuroCl >= 0.000) & HDL >= 0.000) | Pt_A1cGoalLevelDsYr5 <= 0.000)
",9999999.000,9999999.000,0.000,1.000,0.000,0,0,1,0,0,1,1,0,0.0,0.0,1.0,0.0,0.0,1.0
"G[0,0](UnitsInsBasalOrLongAct >= 6.524 & age <= 10.687)
",-6.524,-6.524,0.000,1.000,0.000,0,0,0,1,1,0,0,1,0.0,0.0,0.0,0.0,0.0,1.0
"G[0,2]((HDL <= 51.702 & Triglyc <= 142.467) & Pt_A1cGoalLevelDsYr5 >= 21.265)
",9999999.000,9999999.000,0.000,1.000,0.000,0,0,0,1,1,0,0,1,0.0,0.0,0.0,0.0,0.0,1.0
