Rule,Discrimination Score,Pos Robustness,Neg Robustness,Percent Class +,Percent Class -,TP,TN,FP,FN,Actual Yes,Actual No,Predicted Yes,Predicted No,TPR/Sens,TNR/Spec,FPR,Precision,Accuracy,MCR,Class
"G[0,0](SMBGperDayPtMeterCombo >= 8.133 | AutonomicNeuroCl <= 0.000)
",55.867,55.867,0.000,1.000,0.000,2,0,0,0,2,0,2,0,1.0,0.0,0.0,1.0,1.3333333333333333,-0.33333333333333326,1
"G[0,0]((TotChol <= 143.925 -> BUN >= 4.685) -> LDL <= 15.088)
",-14.286,-14.286,0.000,1.000,0.000,2,0,0,0,2,0,2,0,1.0,0.0,0.0,1.0,1.3333333333333333,-0.33333333333333326,1
"F[0,0](((GFR >= 0.000 & NumPumpBolusOrShortAct <= 2.724) -> TSH <= 1.255) & Pt_MotherT1D >= 0.091)
",-1.255,-1.255,0.000,0.000,1.000,2,0,0,0,2,0,2,0,1.0,0.0,0.0,1.0,1.3333333333333333,-0.33333333333333326,-1
"F[0,0](((BldPrDia >= 44.278 & UnitsInsBasalOrLongAct <= 6.693) & Pt_MotherT1D <= 6.994) & Pt_MotherT1D >= 6.453)
",-6.453,-6.453,0.000,0.000,1.000,2,0,0,0,2,0,2,0,1.0,0.0,0.0,1.0,1.3333333333333333,-0.33333333333333326,-1
"G[0,0](((BldPrDia <= 59.317 | Pt_ChildT1D >= 0.000) & DirectLDL <= 0.000) & Pt_A1cGoalLev <= 0.000)
",-121.600,-121.600,0.000,1.000,0.000,2,0,0,0,2,0,2,0,1.0,0.0,0.0,1.0,1.3333333333333333,-0.33333333333333326,1
"G[0,0]((bmi >= 16.085 & Pt_CGMUseNumDays >= 0.000) | bmiPerc >= 0.000)
",16.028,16.028,0.000,1.000,0.000,2,0,0,0,2,0,2,0,1.0,0.0,0.0,1.0,1.3333333333333333,-0.33333333333333326,1
"G[0,0]((Pt_FatherT1D >= 0.000 | diagAgeCombo >= 0.000) | Pt_SiblingT1D <= 0.000)
",0.000,0.000,0.000,1.000,0.000,2,0,0,0,2,0,2,0,1.0,0.0,0.0,1.0,1.3333333333333333,-0.33333333333333326,1
"G[0,0](((BldPrSys >= 94.239 & HbA1c <= 8.181) | diagAgeCombo >= 7.641) | Pt_DKAFlg <= 8.483)
",8.483,8.483,0.000,1.000,0.000,2,0,0,0,2,0,2,0,1.0,0.0,0.0,1.0,1.3333333333333333,-0.33333333333333326,1
"G[0,0](((HeightCm <= 116.192 -> Pt_ChildT1D >= 0.000) -> HbA1cImputeDtMnC <= 0.000) -> Pt_MotherT1D <= 0.000)
",0.000,0.000,0.000,1.000,0.000,2,0,0,0,2,0,2,0,1.0,0.0,0.0,1.0,1.3333333333333333,-0.33333333333333326,1
"G[0,0](((Pt_ChildT1D >= 0.000 | Pt_DKAFlg >= 0.000) -> HDL <= 0.000) | diagAgeCombo <= 0.000)
",0.000,0.000,0.000,1.000,0.000,2,0,0,0,2,0,2,0,1.0,0.0,0.0,1.0,1.3333333333333333,-0.33333333333333326,1
"G[0,0](((AutonomicNeuroCl <= 0.000 | TSH >= 1.041) & bmi >= 0.480) -> HeightCm >= 0.673)
",-23.027,-23.027,0.000,1.000,0.000,2,0,0,0,2,0,2,0,1.0,0.0,0.0,1.0,1.3333333333333333,-0.33333333333333326,1
"G[0,0]((Pt_A1cGoalLev <= 0.000 | Triglyc <= 0.000) -> Pt_GrandchildT1D <= 0.000)
",0.000,0.000,0.000,1.000,0.000,2,0,0,0,2,0,2,0,1.0,0.0,0.0,1.0,1.3333333333333333,-0.33333333333333326,1
"G[0,0]((HDL >= 0.000 | HeightCm <= 116.212) | AutonomicNeuroCl >= 115.422)
",92.512,92.512,0.000,1.000,0.000,2,0,0,0,2,0,2,0,1.0,0.0,0.0,1.0,1.3333333333333333,-0.33333333333333326,1
"G[0,0](((GFR <= 0.000 | Pt_ChildT1D <= 0.000) -> BldPrSys <= 0.000) | LDL <= 0.000)
",0.000,0.000,0.000,1.000,0.000,2,0,0,0,2,0,2,0,1.0,0.0,0.0,1.0,1.3333333333333333,-0.33333333333333326,1
"F[1,1]((HbA1cImputeDtMnC <= 16.993 -> WeightKg <= 22.040) & Pt_GrandparentT1D >= 21.307)
",-22.040,-22.040,0.000,0.000,1.000,1,0,0,1,2,0,1,1,0.5,0.0,0.0,1.0,0.6666666666666666,0.33333333333333337,-1
"((diabDur >= 2.995) U[1,2] (HbA1c >= 7.561))
",-9999999.000,-9999999.000,0.000,0.000,1.000,1,0,0,1,2,0,1,1,0.5,0.0,0.0,1.0,0.6666666666666666,0.33333333333333337,-1
"((HeightCm >= 114.828) U[1,1] (HbA1cImputeDtMnC >= 8.664))
",-8.664,-8.664,0.000,0.000,1.000,1,0,0,1,2,0,1,1,0.5,0.0,0.0,1.0,0.6666666666666666,0.33333333333333337,-1
"F[1,1]((Pt_SiblingT1D <= 0.000 | BUN <= 14.215) -> Pt_A1cGoalLevelDsYr5 >= 3.941)
",-14.215,-14.215,0.000,0.000,1.000,1,0,0,1,2,0,1,1,0.5,0.0,0.0,1.0,0.6666666666666666,0.33333333333333337,-1
"F[0,1]((AutonomicNeuroCl <= 0.000 -> bmi <= 16.267) & LDL >= 16.084)
",-9999999.000,-9999999.000,0.000,0.000,1.000,1,0,0,1,2,0,1,1,0.5,0.0,0.0,1.0,0.6666666666666666,0.33333333333333337,-1
"F[0,1]((BUN <= 11.105 & NumPumpBolusOrShortAct >= 0.632) & Pt_CGMUseNumDays <= 2.339)
",-9999999.000,-9999999.000,0.000,0.000,1.000,1,0,0,1,2,0,1,1,0.5,0.0,0.0,1.0,0.6666666666666666,0.33333333333333337,-1
"F[1,1]((Pt_SHFlg >= 0.000 | SMBGperDayPtMeterCombo <= 8.962) & diagAgeCombo >= 8.002)
",-8.002,-8.002,0.000,0.000,1.000,1,0,0,1,2,0,1,1,0.5,0.0,0.0,1.0,0.6666666666666666,0.33333333333333337,-1
"F[0,1](Pt_SiblingT1D > 0.000 & Pt_SHFlg = 0.000)
",-9999999.000,-9999999.000,0.000,0.000,1.000,1,0,0,1,2,0,1,1,0.5,0.0,0.0,1.0,0.6666666666666666,0.33333333333333337,-1
"((BldPrDia >= 46.489) U[1,2] (Pt_GrandchildT1D <= 0.000))
",-9999999.000,-9999999.000,0.000,0.000,1.000,1,0,0,1,2,0,1,1,0.5,0.0,0.0,1.0,0.6666666666666666,0.33333333333333337,-1
"((BldPrSys <= 95.327) U[1,1] (TotalDailyInsPerKg >= 0.732))
",95.327,95.327,0.000,0.000,1.000,1,0,0,1,2,0,1,1,0.5,0.0,0.0,1.0,0.6666666666666666,0.33333333333333337,-1
"F[0,1](Pt_MotherT1D > 0.000 & Pt_SHFlg = 0.000)
",-9999999.000,-9999999.000,0.000,0.000,1.000,1,0,0,1,2,0,1,1,0.5,0.0,0.0,1.0,0.6666666666666666,0.33333333333333337,-1
"F[0,1](BGTestAvgNumPtRep > 0.000 & Pt_SHFlg = 0.000)
",-9999999.000,-9999999.000,0.000,0.000,1.000,1,0,0,1,2,0,1,1,0.5,0.0,0.0,1.0,0.6666666666666666,0.33333333333333337,-1
"((BGTestAvgNumMeter >= 8.044) U[1,2] (BGTestAvgNumPtRep <= 0.000))
",-9999999.000,-9999999.000,0.000,0.000,1.000,1,0,0,1,2,0,1,1,0.5,0.0,0.0,1.0,0.6666666666666666,0.33333333333333337,-1
"F[0,0](TotalDailyInsPerKg <= 0.800 & TotChol <= 137.783)
",-3.200,-3.200,0.000,0.000,1.000,1,0,0,1,2,0,1,1,0.5,0.0,0.0,1.0,0.6666666666666666,0.33333333333333337,-1
"F[0,0](((UnitsInsBasalOrLongAct >= 6.557 | Pt_A1cGoalLev <= 0.000) -> UnitsInsBasalOrLongAct >= 0.000) -> BUN <= 0.000)
",0.000,0.000,0.000,0.000,1.000,1,0,0,1,2,0,1,1,0.5,0.0,0.0,1.0,0.6666666666666666,0.33333333333333337,-1
"G[1,1]((HbA1cImputeDtMnC <= 16.100 | HeightCm <= 117.787) | AutonomicNeuroCl >= 112.754)
",117.787,117.787,0.000,1.000,0.000,1,0,1,0,1,1,2,0,1.0,0.0,1.0,0.5,0.6666666666666666,0.33333333333333337,1
"F[0,1]((Pt_GrandparentT1D >= 0.000 -> TotalDailyInsPerKg >= 0.728) & Pt_A1cGoalLevelDsYr5 <= 0.763)
",-9999999.000,-9999999.000,0.000,0.000,1.000,1,0,0,1,2,0,1,1,0.5,0.0,0.0,1.0,0.6666666666666666,0.33333333333333337,-1
"G[0,0](GFR <= 0.000 -> BUN >= 6.431)
",0.482,0.482,0.000,1.000,0.000,1,0,0,1,2,0,1,1,0.5,0.0,0.0,1.0,0.6666666666666666,0.33333333333333337,1
"G[1,1](HeightCm <= 119.675 -> WeightKg <= 23.342)
",-119.675,-119.675,0.000,1.000,0.000,1,0,1,0,1,1,2,0,1.0,0.0,1.0,0.5,0.6666666666666666,0.33333333333333337,1
"G[0,1](BGTestAvgNumMeter < 8.533 & Pt_SHFlg = 0.000)
",9999999.000,9999999.000,0.000,1.000,0.000,1,0,0,1,2,0,1,1,0.5,0.0,0.0,1.0,0.6666666666666666,0.33333333333333337,1
"G[1,1]((diabDur <= 3.782 -> WeightKg >= 19.851) -> Pt_DKAFlg <= 23.579)
",-23.579,-23.579,0.000,1.000,0.000,1,0,1,0,1,1,2,0,1.0,0.0,1.0,0.5,0.6666666666666666,0.33333333333333337,1
"G[0,0](SMBGperDayPtMeterCombo >= 8.125 & BGTestAvgNumPtRep >= 0.000)
",9.000,9.000,0.000,1.000,0.000,1,0,0,1,2,0,1,1,0.5,0.0,0.0,1.0,0.6666666666666666,0.33333333333333337,1
"G[0,0](GFR <= 0.000 -> BUN >= 1.191)
",0.482,0.482,0.000,1.000,0.000,1,0,0,1,2,0,1,1,0.5,0.0,0.0,1.0,0.6666666666666666,0.33333333333333337,1
"G[0,1](BldPrSys >= 94.222 | TotChol <= 116.818)
",9999999.000,9999999.000,0.000,1.000,0.000,1,0,1,0,1,1,2,0,1.0,0.0,1.0,0.5,0.6666666666666666,0.33333333333333337,1
"F[1,1](((BGTestAvgNumMeter >= 8.127 | bmiPerc <= 0.766) & BldPrSys <= 0.755) & TotChol >= 0.608)
",-0.608,-0.608,0.000,0.000,1.000,1,0,0,1,2,0,1,1,0.5,0.0,0.0,1.0,0.6666666666666666,0.33333333333333337,-1
"((TSH <= 2.094) U[0,0] (WeightKg <= 22.054))
",13.054,13.054,0.000,0.000,1.000,1,0,0,1,2,0,1,1,0.5,0.0,0.0,1.0,0.6666666666666666,0.33333333333333337,-1
"F[0,1]((SMBGperDayPtMeterCombo >= 8.213 -> TotalDailyInsPerKg <= 0.783) -> Pt_GrandchildT1D >= 0.738)
",-9999999.000,-9999999.000,0.000,0.000,1.000,1,0,0,1,2,0,1,1,0.5,0.0,0.0,1.0,0.6666666666666666,0.33333333333333337,-1
"F[0,1](((HbA1cImputeDtMnC <= 12.532 | UnitsInsBasalOrLongAct >= 6.623) & HbA1c >= 6.417) -> AlbCreatRat_mggNew >= 6.563)
",-9999999.000,-9999999.000,0.000,0.000,1.000,1,0,0,1,2,0,1,1,0.5,0.0,0.0,1.0,0.6666666666666666,0.33333333333333337,-1
"F[0,0]((TSH <= 1.642 | HeightCm <= 119.382) -> Pt_GrandchildT1D >= 110.317)
",-95.682,-95.682,0.000,0.000,1.000,1,0,0,1,2,0,1,1,0.5,0.0,0.0,1.0,0.6666666666666666,0.33333333333333337,-1
"F[1,1]((LDL >= 0.000 -> bmiZscore <= 0.553) | BldPrSys <= 0.529)
",0.529,0.529,0.000,0.000,1.000,1,0,0,1,2,0,1,1,0.5,0.0,0.0,1.0,0.6666666666666666,0.33333333333333337,-1
"((UnitsInsBasalOrLongAct <= 6.717) U[1,1] (HeightCm <= 120.741))
",120.741,120.741,0.000,0.000,1.000,1,0,0,1,2,0,1,1,0.5,0.0,0.0,1.0,0.6666666666666666,0.33333333333333337,-1
"F[0,1](((LDL <= 0.000 & BldPrSys <= 97.787) -> Pt_ChildT1D >= 92.169) | AutonomicNeuroCl >= 91.074)
",-9999999.000,-9999999.000,0.000,0.000,1.000,1,0,0,1,2,0,1,1,0.5,0.0,0.0,1.0,0.6666666666666666,0.33333333333333337,-1
"((BGTestAvgNumMeter >= 8.212) U[1,1] (BGTestAvgNumPtRep <= 0.000))
",0.000,0.000,0.000,0.000,1.000,1,0,0,1,2,0,1,1,0.5,0.0,0.0,1.0,0.6666666666666666,0.33333333333333337,-1
"((HbA1c >= 7.483) U[1,1] (Pt_SHFlg = 0.000))
",0.000,0.000,0.000,0.000,1.000,1,0,0,1,2,0,1,1,0.5,0.0,0.0,1.0,0.6666666666666666,0.33333333333333337,-1
"((BGTestAvgNumMeter >= 8.300) U[1,2] (BGTestAvgNumPtRep <= 0.000))
",-9999999.000,-9999999.000,0.000,0.000,1.000,1,0,0,1,2,0,1,1,0.5,0.0,0.0,1.0,0.6666666666666666,0.33333333333333337,-1
"((BGTestAvgNumMeter >= 8.065) U[1,2] (BGTestAvgNumPtRep <= 0.000))
",-9999999.000,-9999999.000,0.000,0.000,1.000,1,0,0,1,2,0,1,1,0.5,0.0,0.0,1.0,0.6666666666666666,0.33333333333333337,-1
"((TotChol <= 97.482) U[1,1] (bmiZscore <= 0.510))
",97.482,97.482,0.000,0.000,1.000,1,0,0,1,2,0,1,1,0.5,0.0,0.0,1.0,0.6666666666666666,0.33333333333333337,-1
"((BGTestAvgNumMeter >= 8.266) U[1,2] (BGTestAvgNumPtRep <= 0.000))
",-9999999.000,-9999999.000,0.000,0.000,1.000,1,0,0,1,2,0,1,1,0.5,0.0,0.0,1.0,0.6666666666666666,0.33333333333333337,-1
"F[0,0](BldPrDia >= 46.251 & bmiPerc >= 0.637)
",15.391,15.391,0.000,0.000,1.000,1,0,0,1,2,0,1,1,0.5,0.0,0.0,1.0,0.6666666666666666,0.33333333333333337,-1
"F[0,1]((HbA1cImputeDtMnC <= 18.785 -> BldPrSys <= 94.473) -> TotalDailyInsPerKg >= 92.974)
",-9999999.000,-9999999.000,0.000,0.000,1.000,1,0,0,1,2,0,1,1,0.5,0.0,0.0,1.0,0.6666666666666666,0.33333333333333337,-1
"((Pt_CGMUseNumDays <= 0.000) U[0,1] (BGTestAvgNumMeter >= 8.311))
",-9999999.000,-9999999.000,0.000,0.000,1.000,1,0,0,1,2,0,1,1,0.5,0.0,0.0,1.0,0.6666666666666666,0.33333333333333337,-1
"((bmi <= 16.327) U[1,1] (BUN >= 4.640))
",16.327,16.327,0.000,0.000,1.000,1,0,0,1,2,0,1,1,0.5,0.0,0.0,1.0,0.6666666666666666,0.33333333333333337,-1
"((BldPrSys >= 93.879) U[1,2] (NumPumpBolusOrShortAct <= 2.295))
",-9999999.000,-9999999.000,0.000,0.000,1.000,1,0,0,1,2,0,1,1,0.5,0.0,0.0,1.0,0.6666666666666666,0.33333333333333337,-1
"((DirectLDL <= 0.000) U[1,1] (SMBGperDayPtMeterCombo >= 8.158))
",0.000,0.000,0.000,0.000,1.000,1,0,0,1,2,0,1,1,0.5,0.0,0.0,1.0,0.6666666666666666,0.33333333333333337,-1
"((BUN >= 1.544) U[0,0] (HbA1c <= 8.348))
",6.228,6.228,0.000,0.000,1.000,1,0,0,1,2,0,1,1,0.5,0.0,0.0,1.0,0.6666666666666666,0.33333333333333337,-1
"((TotChol >= 19.982) U[1,2] (Pt_A1cGoalLevelDsYr5 <= 0.000))
",-9999999.000,-9999999.000,0.000,0.000,1.000,1,0,0,1,2,0,1,1,0.5,0.0,0.0,1.0,0.6666666666666666,0.33333333333333337,-1
"((BldPrDia >= 51.787) U[1,2] (TotChol <= 50.390))
",-9999999.000,-9999999.000,0.000,0.000,1.000,1,0,0,1,2,0,1,1,0.5,0.0,0.0,1.0,0.6666666666666666,0.33333333333333337,-1
"((HeightCm >= 114.031) U[0,0] (TotChol >= 26.293))
",-26.293,-26.293,0.000,0.000,1.000,1,0,0,1,2,0,1,1,0.5,0.0,0.0,1.0,0.6666666666666666,0.33333333333333337,-1
"G[0,1](((bmiPerc <= 0.762 | UnitsInsBasalOrLongAct >= 6.023) & WeightKg <= 6.958) -> Pt_DKAFlg <= 6.873)
",9999999.000,9999999.000,0.000,1.000,0.000,1,0,1,0,1,1,2,0,1.0,0.0,1.0,0.5,0.6666666666666666,0.33333333333333337,1
"((BldPrSys >= 93.014) U[0,0] (bmi >= 15.987))
",-15.987,-15.987,0.000,0.000,1.000,1,0,0,1,2,0,1,1,0.5,0.0,0.0,1.0,0.6666666666666666,0.33333333333333337,-1
"F[0,1]((HbA1cImputeDtMnC >= 2.793 & NumPumpBolusOrShortAct >= 0.292) & UnitsInsBasalOrLongAct >= 0.821)
",-9999999.000,-9999999.000,0.000,0.000,1.000,1,0,0,1,2,0,1,1,0.5,0.0,0.0,1.0,0.6666666666666666,0.33333333333333337,-1
"((bmiZscore <= 0.588) U[0,1] (TotalDailyInsPerKg >= 0.734))
",-9999999.000,-9999999.000,0.000,0.000,1.000,1,0,0,1,2,0,1,1,0.5,0.0,0.0,1.0,0.6666666666666666,0.33333333333333337,-1
"G[0,0](GFR <= 0.000 -> BUN >= 2.310)
",0.482,0.482,0.000,1.000,0.000,1,0,0,1,2,0,1,1,0.5,0.0,0.0,1.0,0.6666666666666666,0.33333333333333337,1
"G[0,1]((WeightKg >= 20.389 | bmi >= 16.058) -> UnitsInsBasalOrLongAct <= 6.878)
",9999999.000,9999999.000,0.000,1.000,0.000,1,0,0,1,2,0,1,1,0.5,0.0,0.0,1.0,0.6666666666666666,0.33333333333333337,1
"G[0,0](SMBGperDayPtMeterCombo >= 8.049 & BGTestAvgNumPtRep >= 0.000)
",9.000,9.000,0.000,1.000,0.000,1,0,0,1,2,0,1,1,0.5,0.0,0.0,1.0,0.6666666666666666,0.33333333333333337,1
"G[0,0]((BldPrDia >= 51.019 | NumPumpBolusOrShortAct <= 2.105) & TSH >= 0.796)
",-0.796,-0.796,0.000,1.000,0.000,1,0,0,1,2,0,1,1,0.5,0.0,0.0,1.0,0.6666666666666666,0.33333333333333337,1
"G[0,1](((Pt_GrandparentT1D <= 0.000 -> age <= 4.821) & BGTestAvgNumPtRep >= 4.043) | bmiZscore <= 4.675)
",9999999.000,9999999.000,0.000,1.000,0.000,1,0,1,0,1,1,2,0,1.0,0.0,1.0,0.5,0.6666666666666666,0.33333333333333337,1
"G[1,1]((HbA1c <= 7.915 & BGTestAvgNumMeter <= 8.893) -> NumPumpBolusOrShortAct <= 8.424)
",-8.424,-8.424,0.000,1.000,0.000,1,0,1,0,1,1,2,0,1.0,0.0,1.0,0.5,0.6666666666666666,0.33333333333333337,1
"G[1,1](HDL >= 0.000 -> TSH <= 1.637)
",-1.637,-1.637,0.000,1.000,0.000,1,0,1,0,1,1,2,0,1.0,0.0,1.0,0.5,0.6666666666666666,0.33333333333333337,1
"G[1,1](GFR >= 0.000 -> diagAgeCombo <= 0.000)
",0.000,0.000,0.000,1.000,0.000,1,0,1,0,1,1,2,0,1.0,0.0,1.0,0.5,0.6666666666666666,0.33333333333333337,1
"G[0,1]((Pt_GrandchildT1D <= 0.000 | AutonomicNeuroCl <= 0.000) & TotalDailyInsPerKg >= 0.000)
",9999999.000,9999999.000,0.000,1.000,0.000,1,0,1,0,1,1,2,0,1.0,0.0,1.0,0.5,0.6666666666666666,0.33333333333333337,1
"G[0,1](AutonomicNeuroCl >= 0.000 -> HDL >= 0.000)
",9999999.000,9999999.000,0.000,1.000,0.000,1,0,1,0,1,1,2,0,1.0,0.0,1.0,0.5,0.6666666666666666,0.33333333333333337,1
"G[1,1](((diabDur <= 3.407 | Pt_A1cGoalLevelDsYr5 <= 0.000) -> AutonomicNeuroCl >= 0.000) | Triglyc <= 0.000)
",0.000,0.000,0.000,1.000,0.000,1,0,1,0,1,1,2,0,1.0,0.0,1.0,0.5,0.6666666666666666,0.33333333333333337,1
"G[0,0]((HDL >= 0.000 & BldPrDia >= 53.724) -> DirectLDL >= 54.126)
",-67.474,-67.474,0.000,1.000,0.000,1,0,0,1,2,0,1,1,0.5,0.0,0.0,1.0,0.6666666666666666,0.33333333333333337,1
"G[1,1]((bmi >= 15.975 & Pt_A1cGoalLev >= 0.000) | HbA1c >= 0.000)
",0.000,0.000,0.000,1.000,0.000,1,0,1,0,1,1,2,0,1.0,0.0,1.0,0.5,0.6666666666666666,0.33333333333333337,1
"G[0,1]((WeightKg >= 21.142 | bmi >= 16.094) -> UnitsInsBasalOrLongAct <= 6.888)
",9999999.000,9999999.000,0.000,1.000,0.000,1,0,0,1,2,0,1,1,0.5,0.0,0.0,1.0,0.6666666666666666,0.33333333333333337,1
"G[0,0]((GFR >= 0.000 | HbA1c <= 8.574) & SMBGperDayPtMeterCombo <= 8.426)
",-55.574,-55.574,0.000,1.000,0.000,1,0,0,1,2,0,1,1,0.5,0.0,0.0,1.0,0.6666666666666666,0.33333333333333337,1
"G[1,1]((GFR >= 0.000 & Pt_FatherT1D <= 0.000) | BldPrSys >= 0.000)
",0.000,0.000,0.000,1.000,0.000,1,0,1,0,1,1,2,0,1.0,0.0,1.0,0.5,0.6666666666666666,0.33333333333333337,1
"G[0,1]((Pt_A1cGoalLevelDsYr5 >= 0.000 -> Pt_GrandchildT1D >= 0.000) | bmiPerc <= 0.000)
",9999999.000,9999999.000,0.000,1.000,0.000,1,0,1,0,1,1,2,0,1.0,0.0,1.0,0.5,0.6666666666666666,0.33333333333333337,1
"G[1,1]((HeightCm >= 113.027 | Pt_ChildT1D <= 0.000) | Pt_SiblingT1D >= 0.000)
",0.000,0.000,0.000,1.000,0.000,1,0,1,0,1,1,2,0,1.0,0.0,1.0,0.5,0.6666666666666666,0.33333333333333337,1
"G[1,1](((bmiZscore <= 0.718 & NumPumpBolusOrShortAct >= 0.447) -> bmiZscore >= 0.992) | AutonomicNeuroCl >= 0.131)
",0.447,0.447,0.000,1.000,0.000,1,0,1,0,1,1,2,0,1.0,0.0,1.0,0.5,0.6666666666666666,0.33333333333333337,1
"G[0,0]((GFR <= 0.000 | Pt_MotherT1D >= 0.000) -> BUN <= 0.000)
",0.000,0.000,0.000,1.000,0.000,1,0,0,1,2,0,1,1,0.5,0.0,0.0,1.0,0.6666666666666666,0.33333333333333337,1
"G[1,1](((SMBGperDayPtMeterCombo >= 8.207 | AutonomicNeuroCl <= 0.000) | TotChol <= 0.000) -> Pt_FatherT1D <= 0.000)
",0.000,0.000,0.000,1.000,0.000,1,0,1,0,1,1,2,0,1.0,0.0,1.0,0.5,0.6666666666666666,0.33333333333333337,1
"G[1,1](HbA1c <= 8.460 -> HbA1cImputeDtMnC <= 17.108)
",-17.108,-17.108,0.000,1.000,0.000,1,0,1,0,1,1,2,0,1.0,0.0,1.0,0.5,0.6666666666666666,0.33333333333333337,1
"G[1,1]((TSH <= 1.717 -> Pt_A1cGoalLev <= 0.000) -> BGTestAvgNumPtRep <= 0.000)
",0.000,0.000,0.000,1.000,0.000,1,0,1,0,1,1,2,0,1.0,0.0,1.0,0.5,0.6666666666666666,0.33333333333333337,1
"G[1,1](((Pt_FatherT1D <= 0.000 -> GFR <= 0.000) -> BGTestAvgNumMeter >= 0.000) & Pt_DKAFlg >= 0.000)
",0.000,0.000,0.000,1.000,0.000,1,0,1,0,1,1,2,0,1.0,0.0,1.0,0.5,0.6666666666666666,0.33333333333333337,1
"G[0,1](bmiZscore >= 0.408 | HbA1cImputeDtMnC <= 14.286)
",9999999.000,9999999.000,0.000,1.000,0.000,1,0,1,0,1,1,2,0,1.0,0.0,1.0,0.5,0.6666666666666666,0.33333333333333337,1
"G[1,1]((diabDur <= 3.616 & TSH <= 1.502) | age <= 1.584)
",1.584,1.584,0.000,1.000,0.000,1,0,1,0,1,1,2,0,1.0,0.0,1.0,0.5,0.6666666666666666,0.33333333333333337,1
"G[0,1](Pt_CGMUseNumDays <= 0.000 -> LDL <= 0.000)
",9999999.000,9999999.000,0.000,1.000,0.000,1,0,1,0,1,1,2,0,1.0,0.0,1.0,0.5,0.6666666666666666,0.33333333333333337,1
"G[1,1](Pt_GrandchildT1D >= 0.000 | GFR <= 0.000)
",0.000,0.000,0.000,1.000,0.000,1,0,1,0,1,1,2,0,1.0,0.0,1.0,0.5,0.6666666666666666,0.33333333333333337,1
"G[0,1](((bmiZscore <= 0.508 & Pt_FatherT1D <= 0.000) | HbA1c <= 0.000) -> Pt_GrandparentT1D <= 0.000)
",9999999.000,9999999.000,0.000,1.000,0.000,1,0,1,0,1,1,2,0,1.0,0.0,1.0,0.5,0.6666666666666666,0.33333333333333337,1
"G[0,1]((Pt_SiblingT1D <= 0.000 -> HbA1c <= 8.075) | TotChol >= 7.555)
",9999999.000,9999999.000,0.000,1.000,0.000,1,0,1,0,1,1,2,0,1.0,0.0,1.0,0.5,0.6666666666666666,0.33333333333333337,1
"G[1,1]((age >= 4.396 | GFR >= 0.000) | AlbCreatRat_mggNew >= 0.000)
",0.000,0.000,0.000,1.000,0.000,1,0,1,0,1,1,2,0,1.0,0.0,1.0,0.5,0.6666666666666666,0.33333333333333337,1
"G[0,1](diabDur <= 3.722 | Triglyc <= 0.000)
",9999999.000,9999999.000,0.000,1.000,0.000,1,0,1,0,1,1,2,0,1.0,0.0,1.0,0.5,0.6666666666666666,0.33333333333333337,1
"G[1,1](Pt_A1cGoalLevelDsYr5 <= 0.000 & Pt_CGMUseNumDays <= 0.000)
",0.000,0.000,0.000,1.000,0.000,1,0,1,0,1,1,2,0,1.0,0.0,1.0,0.5,0.6666666666666666,0.33333333333333337,1
"G[0,1]((diabDur >= 2.258 -> BldPrDia >= 52.971) -> NumPumpBolusOrShortAct <= 63.169)
",9999999.000,9999999.000,0.000,1.000,0.000,1,0,1,0,1,1,2,0,1.0,0.0,1.0,0.5,0.6666666666666666,0.33333333333333337,1
"G[1,1](((BldPrDia <= 57.390 | DirectLDL <= 0.000) -> Pt_InsGov <= 0.000) -> diagAgeCombo <= 0.000)
",0.000,0.000,0.000,1.000,0.000,1,0,1,0,1,1,2,0,1.0,0.0,1.0,0.5,0.6666666666666666,0.33333333333333337,1
"G[0,1]((HeightCm >= 115.686 -> AlbCreatRat_mggNew <= 0.000) & AutonomicNeuroCl <= 0.000)
",9999999.000,9999999.000,0.000,1.000,0.000,1,0,1,0,1,1,2,0,1.0,0.0,1.0,0.5,0.6666666666666666,0.33333333333333337,1
"G[1,1]((Pt_DKAFlg <= 0.000 -> Pt_A1cGoalLevelDsYr5 <= 0.000) | bmiPerc >= 0.000)
",0.000,0.000,0.000,1.000,0.000,1,0,1,0,1,1,2,0,1.0,0.0,1.0,0.5,0.6666666666666666,0.33333333333333337,1
"G[0,1](((bmi <= 16.252 -> Pt_InsGov <= 0.000) & Pt_GrandchildT1D >= 0.000) & AutonomicNeuroCl <= 0.000)
",9999999.000,9999999.000,0.000,1.000,0.000,1,0,1,0,1,1,2,0,1.0,0.0,1.0,0.5,0.6666666666666666,0.33333333333333337,1
"G[0,1](Pt_GrandchildT1D <= 0.000 & DirectLDL >= 0.000)
",9999999.000,9999999.000,0.000,1.000,0.000,1,0,1,0,1,1,2,0,1.0,0.0,1.0,0.5,0.6666666666666666,0.33333333333333337,1
"G[1,1](((HbA1cImputeDtMnC <= 14.230 -> UnitsInsBasalOrLongAct >= 6.422) & TSH >= 6.456) | bmiZscore <= 6.935)
",6.935,6.935,0.000,1.000,0.000,1,0,1,0,1,1,2,0,1.0,0.0,1.0,0.5,0.6666666666666666,0.33333333333333337,1
"G[1,1](bmi >= 16.046 -> HbA1cImputeDtMnC <= 20.064)
",-20.064,-20.064,0.000,1.000,0.000,1,0,1,0,1,1,2,0,1.0,0.0,1.0,0.5,0.6666666666666666,0.33333333333333337,1
"G[1,1](bmiZscore >= 0.455 | HbA1c >= 7.493)
",-0.455,-0.455,0.000,1.000,0.000,1,0,1,0,1,1,2,0,1.0,0.0,1.0,0.5,0.6666666666666666,0.33333333333333337,1
"G[0,0](BldPrDia <= 58.986 | TSH <= 1.984)
",1.984,1.984,0.000,1.000,0.000,1,0,0,1,2,0,1,1,0.5,0.0,0.0,1.0,0.6666666666666666,0.33333333333333337,1
"G[0,1](((HbA1cImputeDtMnC <= 19.280 -> TotalDailyInsPerKg >= 0.744) | BldPrDia >= 0.747) | LDL <= 0.790)
",9999999.000,9999999.000,0.000,1.000,0.000,1,0,1,0,1,1,2,0,1.0,0.0,1.0,0.5,0.6666666666666666,0.33333333333333337,1
"G[0,1](((TotChol >= 46.942 & Pt_MotherT1D >= 0.000) & TotChol >= 0.000) -> WeightKg >= 0.000)
",9999999.000,9999999.000,0.000,1.000,0.000,1,0,1,0,1,1,2,0,1.0,0.0,1.0,0.5,0.6666666666666666,0.33333333333333337,1
"G[0,0](Pt_SiblingT1D <= 0.000 & TotChol >= 39.170)
",-39.170,-39.170,0.000,1.000,0.000,1,0,0,1,2,0,1,1,0.5,0.0,0.0,1.0,0.6666666666666666,0.33333333333333337,1
"G[0,1](((Pt_GrandparentT1D >= 0.000 -> bmiZscore <= 0.554) | DirectLDL <= 0.672) & bmi >= 0.360)
",9999999.000,9999999.000,0.000,1.000,0.000,1,0,1,0,1,1,2,0,1.0,0.0,1.0,0.5,0.6666666666666666,0.33333333333333337,1
"G[0,0](SMBGperDayPtMeterCombo > 8.017 & Pt_SHFlg = 0.000)
",-20.581,-20.581,0.000,1.000,0.000,1,0,0,1,2,0,1,1,0.5,0.0,0.0,1.0,0.6666666666666666,0.33333333333333337,1
"G[1,1]((WeightKg >= 20.523 | bmi >= 15.955) -> UnitsInsBasalOrLongAct <= 6.975)
",-6.975,-6.975,0.000,1.000,0.000,1,0,1,0,1,1,2,0,1.0,0.0,1.0,0.5,0.6666666666666666,0.33333333333333337,1
"G[0,0]((WeightKg >= 21.684 | bmi >= 16.076) -> UnitsInsBasalOrLongAct <= 6.747)
",-6.747,-6.747,0.000,1.000,0.000,1,0,0,1,2,0,1,1,0.5,0.0,0.0,1.0,0.6666666666666666,0.33333333333333337,1
"G[0,0](SMBGperDayPtMeterCombo >= 8.290 & BGTestAvgNumPtRep >= 0.000)
",9.000,9.000,0.000,1.000,0.000,1,0,0,1,2,0,1,1,0.5,0.0,0.0,1.0,0.6666666666666666,0.33333333333333337,1
"G[0,1](Pt_ChildT1D >= 0.000 & Pt_FatherT1D >= 0.000)
",9999999.000,9999999.000,0.000,1.000,0.000,1,0,1,0,1,1,2,0,1.0,0.0,1.0,0.5,0.6666666666666666,0.33333333333333337,1
"G[0,1](BldPrDia >= 51.644 | TotalDailyInsPerKg <= 0.786)
",9999999.000,9999999.000,0.000,1.000,0.000,1,0,1,0,1,1,2,0,1.0,0.0,1.0,0.5,0.6666666666666666,0.33333333333333337,1
"G[0,1](UnitsInsBasalOrLongAct <= 6.731 | bmi <= 16.175)
",9999999.000,9999999.000,0.000,1.000,0.000,1,0,1,0,1,1,2,0,1.0,0.0,1.0,0.5,0.6666666666666666,0.33333333333333337,1
"G[1,1]((diagAgeCombo <= 0.000 | LDL >= 0.000) -> Pt_ChildT1D >= 0.000)
",0.000,0.000,0.000,1.000,0.000,1,0,1,0,1,1,2,0,1.0,0.0,1.0,0.5,0.6666666666666666,0.33333333333333337,1
"F[0,0](Pt_GrandparentT1D >= 0.000 -> TotChol <= 95.474)
",-95.474,-95.474,0.000,0.000,1.000,1,0,0,1,2,0,1,1,0.5,0.0,0.0,1.0,0.6666666666666666,0.33333333333333337,-1
"G[0,0]((Pt_A1cGoalLev <= 0.000 & bmiPerc >= 0.612) & BldPrSys >= 0.643)
",-0.643,-0.643,0.000,1.000,0.000,1,0,0,1,2,0,1,1,0.5,0.0,0.0,1.0,0.6666666666666666,0.33333333333333337,1
"G[1,1](Pt_InsGov <= 0.000 | BUN <= 11.931)
",11.931,11.931,0.000,1.000,0.000,1,0,1,0,1,1,2,0,1.0,0.0,1.0,0.5,0.6666666666666666,0.33333333333333337,1
"((Triglyc >= 0.000) U[0,1] (TotalDailyInsPerKg <= 0.792))
",-9999999.000,-9999999.000,0.000,0.000,1.000,0,0,0,2,2,0,0,2,0.0,0.0,0.0,0.0,0.0,1.0,-1
"F[1,2](GFR >= 0.000 | BUN >= 0.921)
",-9999999.000,-9999999.000,0.000,0.000,1.000,0,0,0,2,2,0,0,2,0.0,0.0,0.0,0.0,0.0,1.0,-1
"F[0,0](((Pt_GrandchildT1D <= 0.000 -> age >= 4.382) & Pt_FatherT1D >= 4.467) | AutonomicNeuroCl <= 4.719)
",-3.881,-3.881,0.000,0.000,1.000,0,0,0,2,2,0,0,2,0.0,0.0,0.0,0.0,0.0,1.0,-1
"F[0,1](((GFR <= 0.000 -> UnitsInsBasalOrLongAct >= 6.498) | AlbCreatRat_mggNew <= 6.898) | BldPrDia >= 6.319)
",-9999999.000,-9999999.000,0.000,0.000,1.000,0,0,0,2,2,0,0,2,0.0,0.0,0.0,0.0,0.0,1.0,-1
"((TotChol >= 26.960) U[0,1] (TSH >= 0.959))
",-9999999.000,-9999999.000,0.000,0.000,1.000,0,0,0,2,2,0,0,2,0.0,0.0,0.0,0.0,0.0,1.0,-1
"F[1,2]((Pt_GrandparentT1D >= 0.000 | AlbCreatRat_mggNew >= 0.000) | NumPumpBolusOrShortAct <= 0.000)
",-9999999.000,-9999999.000,0.000,0.000,1.000,0,0,0,2,2,0,0,2,0.0,0.0,0.0,0.0,0.0,1.0,-1
"F[1,2]((LDL <= 0.000 -> age >= 4.537) -> BldPrDia <= 4.921)
",-9999999.000,-9999999.000,0.000,0.000,1.000,0,0,0,2,2,0,0,2,0.0,0.0,0.0,0.0,0.0,1.0,-1
"F[1,2]((Pt_A1cGoalLev >= 0.000 | HDL >= 0.000) & Pt_GrandparentT1D >= 0.000)
",-9999999.000,-9999999.000,0.000,0.000,1.000,0,0,0,2,2,0,0,2,0.0,0.0,0.0,0.0,0.0,1.0,-1
"((HbA1c <= 8.597) U[0,2] (Pt_SHFlg = 0.000))
",-9999999.000,-9999999.000,0.000,0.000,1.000,0,0,0,2,2,0,0,2,0.0,0.0,0.0,0.0,0.0,1.0,-1
"F[0,1](LDL >= 0.000 -> Pt_SHFlg = 0.000)
",-9999999.000,-9999999.000,0.000,0.000,1.000,0,0,0,2,2,0,0,2,0.0,0.0,0.0,0.0,0.0,1.0,-1
"F[1,2](AlbCreatRat_mggNew > 0.000 -> Pt_SHFlg = 0.000)
",-9999999.000,-9999999.000,0.000,0.000,1.000,0,0,0,2,2,0,0,2,0.0,0.0,0.0,0.0,0.0,1.0,-1
"F[1,1](age > 4.540 & Pt_SHFlg = 0.000)
",-4.540,-4.540,0.000,0.000,1.000,0,0,0,2,2,0,0,2,0.0,0.0,0.0,0.0,0.0,1.0,-1
"F[0,1](BldPrSys <= 96.536 & Pt_SHFlg = 0.000)
",-9999999.000,-9999999.000,0.000,0.000,1.000,0,0,0,2,2,0,0,2,0.0,0.0,0.0,0.0,0.0,1.0,-1
"((HbA1c <= 8.044) U[0,2] (SMBGperDayPtMeterCombo <= 8.409))
",-9999999.000,-9999999.000,0.000,0.000,1.000,0,0,0,2,2,0,0,2,0.0,0.0,0.0,0.0,0.0,1.0,-1
"((TSH > 0.530) U[0,0] (Pt_SHFlg = 0.000))
",-0.530,-0.530,0.000,0.000,1.000,0,0,0,2,2,0,0,2,0.0,0.0,0.0,0.0,0.0,1.0,-1
"F[2,2](((bmiZscore <= 0.667 -> bmiZscore <= 0.537) | diabDur >= 0.335) | SMBGperDayPtMeterCombo >= 0.400)
",-0.335,-0.335,0.000,0.000,1.000,0,0,0,2,2,0,0,2,0.0,0.0,0.0,0.0,0.0,1.0,-1
"F[2,2](((BldPrDia >= 54.087 -> HbA1cImputeDtMnC <= 13.470) & LDL <= 12.893) & Pt_InsGov >= 0.426)
",-13.470,-13.470,0.000,0.000,1.000,0,0,0,2,2,0,0,2,0.0,0.0,0.0,0.0,0.0,1.0,-1
"F[1,2]((BldPrDia <= 62.636 & HeightCm <= 116.287) -> Pt_FatherT1D <= 118.480)
",-9999999.000,-9999999.000,0.000,0.000,1.000,0,0,0,2,2,0,0,2,0.0,0.0,0.0,0.0,0.0,1.0,-1
"F[0,0](((BldPrDia <= 55.928 & diabDur <= 3.307) & BUN <= 3.003) -> TSH >= 2.754)
",2.754,2.754,0.000,0.000,1.000,0,0,0,2,2,0,0,2,0.0,0.0,0.0,0.0,0.0,1.0,-1
"F[0,2](GFR >= 0.000 -> HDL <= 0.000)
",-9999999.000,-9999999.000,0.000,0.000,1.000,0,0,0,2,2,0,0,2,0.0,0.0,0.0,0.0,0.0,1.0,-1
"F[2,2]((bmi <= 16.168 | UnitsInsBasalOrLongAct <= 6.967) & BUN >= 6.595)
",-6.595,-6.595,0.000,0.000,1.000,0,0,0,2,2,0,0,2,0.0,0.0,0.0,0.0,0.0,1.0,-1
"F[0,1]((BGTestAvgNumMeter >= 8.232 & BldPrSys <= 97.066) -> BGTestAvgNumMeter >= 91.181)
",-9999999.000,-9999999.000,0.000,0.000,1.000,0,0,0,2,2,0,0,2,0.0,0.0,0.0,0.0,0.0,1.0,-1
"((BldPrDia >= 51.728) U[0,0] (Pt_SHFlg = 0.000))
",47.272,47.272,0.000,0.000,1.000,0,0,0,2,2,0,0,2,0.0,0.0,0.0,0.0,0.0,1.0,-1
"F[1,1]((UnitsInsBasalOrLongAct >= 6.165 -> age >= 4.386) -> HeightCm >= 4.447)
",-4.386,-4.386,0.000,0.000,1.000,0,0,0,2,2,0,0,2,0.0,0.0,0.0,0.0,0.0,1.0,-1
"F[0,2](((BUN <= 10.866 | Triglyc <= 0.000) & UnitsInsBasalOrLongAct >= 0.000) & AlbCreatRat_mggNew <= 0.000)
",-9999999.000,-9999999.000,0.000,0.000,1.000,0,0,0,2,2,0,0,2,0.0,0.0,0.0,0.0,0.0,1.0,-1
"F[0,2](((WeightKg >= 20.731 -> UnitsInsBasalOrLongAct >= 6.493) -> TotChol <= 6.951) | bmiPerc >= 6.254)
",-9999999.000,-9999999.000,0.000,0.000,1.000,0,0,0,2,2,0,0,2,0.0,0.0,0.0,0.0,0.0,1.0,-1
"F[1,2]((GFR <= 0.000 & HbA1cImputeDtMnC <= 15.178) -> BGTestAvgNumMeter <= 15.301)
",-9999999.000,-9999999.000,0.000,0.000,1.000,0,0,0,2,2,0,0,2,0.0,0.0,0.0,0.0,0.0,1.0,-1
"F[1,1](((BldPrDia >= 46.790 & WeightKg <= 23.523) | Pt_FatherT1D >= 21.190) | BGTestAvgNumMeter >= 20.223)
",-20.223,-20.223,0.000,0.000,1.000,0,0,0,2,2,0,0,2,0.0,0.0,0.0,0.0,0.0,1.0,-1
"F[0,2]((Pt_A1cGoalLev >= 0.000 & Pt_DKAFlg <= 0.000) | age <= 0.000)
",-9999999.000,-9999999.000,0.000,0.000,1.000,0,0,0,2,2,0,0,2,0.0,0.0,0.0,0.0,0.0,1.0,-1
"F[1,2](Pt_InsGov <= 0.000 | Pt_InsGov >= 0.000)
",-9999999.000,-9999999.000,0.000,0.000,1.000,0,0,0,2,2,0,0,2,0.0,0.0,0.0,0.0,0.0,1.0,-1
"F[0,2](BUN >= 3.390 & TotChol <= 64.300)
",-9999999.000,-9999999.000,0.000,0.000,1.000,0,0,0,2,2,0,0,2,0.0,0.0,0.0,0.0,0.0,1.0,-1
"F[1,2](LDL <= 0.000 & Pt_ChildT1D <= 0.000)
",-9999999.000,-9999999.000,0.000,0.000,1.000,0,0,0,2,2,0,0,2,0.0,0.0,0.0,0.0,0.0,1.0,-1
"F[1,2]((HbA1c >= 7.797 | bmiZscore <= 0.562) -> Pt_DKAFlg >= 0.476)
",-9999999.000,-9999999.000,0.000,0.000,1.000,0,0,0,2,2,0,0,2,0.0,0.0,0.0,0.0,0.0,1.0,-1
"F[0,2](((WeightKg <= 23.630 -> Pt_SiblingT1D <= 0.000) & Pt_CGMUseNumDays >= 0.000) -> BGTestAvgNumMeter <= 0.000)
",-9999999.000,-9999999.000,0.000,0.000,1.000,0,0,0,2,2,0,0,2,0.0,0.0,0.0,0.0,0.0,1.0,-1
"F[0,0](TotalDailyInsPerKg <= 0.782 -> BGTestAvgNumPtRep >= 0.000)
",-9.000,-9.000,0.000,0.000,1.000,0,0,0,2,2,0,0,2,0.0,0.0,0.0,0.0,0.0,1.0,-1
"F[1,2]((diagAgeCombo >= 0.000 | Pt_CGMUseNumDays >= 0.000) & HbA1c >= 0.000)
",-9999999.000,-9999999.000,0.000,0.000,1.000,0,0,0,2,2,0,0,2,0.0,0.0,0.0,0.0,0.0,1.0,-1
"F[2,2](BGTestAvgNumMeter >= 8.070 | AlbCreatRat_mggNew <= 0.000)
",0.000,0.000,0.000,0.000,1.000,0,0,0,2,2,0,0,2,0.0,0.0,0.0,0.0,0.0,1.0,-1
"F[0,2](((GFR <= 0.000 | Pt_SHFlg <= 0.000) -> Pt_A1cGoalLev >= 0.000) & AlbCreatRat_mggNew >= 0.000)
",-9999999.000,-9999999.000,0.000,0.000,1.000,0,0,0,2,2,0,0,2,0.0,0.0,0.0,0.0,0.0,1.0,-1
"F[2,2]((bmiZscore <= 0.612 -> GFR <= 0.000) | Pt_DKAFlg >= 0.000)
",0.000,0.000,0.000,0.000,1.000,0,0,0,2,2,0,0,2,0.0,0.0,0.0,0.0,0.0,1.0,-1
"F[0,0]((BldPrDia >= 49.116 | HeightCm <= 119.958) | BGTestAvgNumPtRep >= 111.681)
",96.258,96.258,0.000,0.000,1.000,0,0,0,2,2,0,0,2,0.0,0.0,0.0,0.0,0.0,1.0,-1
"F[2,2](((NumPumpBolusOrShortAct >= 0.953 | Pt_A1cGoalLevelDsYr5 >= 0.000) & Pt_MotherT1D <= 0.000) | Pt_DKAFlg >= 0.000)
",0.000,0.000,0.000,0.000,1.000,0,0,0,2,2,0,0,2,0.0,0.0,0.0,0.0,0.0,1.0,-1
"F[1,2](HbA1cImputeDtMnC >= 8.045 -> Pt_FatherT1D <= 0.000)
",-9999999.000,-9999999.000,0.000,0.000,1.000,0,0,0,2,2,0,0,2,0.0,0.0,0.0,0.0,0.0,1.0,-1
"((diagAgeCombo <= 0.000) U[0,2] (LDL <= 0.000))
",-9999999.000,-9999999.000,0.000,0.000,1.000,0,0,0,2,2,0,0,2,0.0,0.0,0.0,0.0,0.0,1.0,-1
"F[0,1]((DirectLDL >= 0.000 -> DirectLDL >= 0.000) & NumPumpBolusOrShortAct <= 0.000)
",-9999999.000,-9999999.000,0.000,0.000,1.000,0,0,0,2,2,0,0,2,0.0,0.0,0.0,0.0,0.0,1.0,-1
"F[1,1]((Pt_MotherT1D >= 0.000 & Pt_MotherT1D >= 0.000) | BUN <= 0.000)
",0.000,0.000,0.000,0.000,1.000,0,0,0,2,2,0,0,2,0.0,0.0,0.0,0.0,0.0,1.0,-1
"((TSH >= 0.504) U[1,1] (diabDur >= 2.975))
",-0.504,-0.504,0.000,0.000,1.000,0,0,0,2,2,0,0,2,0.0,0.0,0.0,0.0,0.0,1.0,-1
"F[0,2](((UnitsInsBasalOrLongAct <= 6.864 | TotalDailyInsPerKg >= 0.726) | Pt_MotherT1D <= 0.776) | TotalDailyInsPerKg <= 0.764)
",-9999999.000,-9999999.000,0.000,0.000,1.000,0,0,0,2,2,0,0,2,0.0,0.0,0.0,0.0,0.0,1.0,-1
"((Pt_SHFlg >= 0.000) U[1,2] (AutonomicNeuroCl >= 0.000))
",-9999999.000,-9999999.000,0.000,0.000,1.000,0,0,0,2,2,0,0,2,0.0,0.0,0.0,0.0,0.0,1.0,-1
"((HbA1cImputeDtMnC <= 18.256) U[0,0] (TSH >= 0.238))
",18.256,18.256,0.000,0.000,1.000,0,0,0,2,2,0,0,2,0.0,0.0,0.0,0.0,0.0,1.0,-1
"F[1,2]((Pt_SHFlg <= 0.000 & Pt_GrandparentT1D <= 0.000) -> diagAgeCombo <= 0.000)
",-9999999.000,-9999999.000,0.000,0.000,1.000,0,0,0,2,2,0,0,2,0.0,0.0,0.0,0.0,0.0,1.0,-1
"F[1,2]((diagAgeCombo >= 0.000 & LDL <= 0.000) | bmiZscore >= 0.000)
",-9999999.000,-9999999.000,0.000,0.000,1.000,0,0,0,2,2,0,0,2,0.0,0.0,0.0,0.0,0.0,1.0,-1
"((DirectLDL >= 0.000) U[2,2] (DirectLDL <= 0.000))
",0.000,0.000,0.000,0.000,1.000,0,0,0,2,2,0,0,2,0.0,0.0,0.0,0.0,0.0,1.0,-1
"F[1,2](bmiZscore <= 0.701 | bmi <= 16.266)
",-9999999.000,-9999999.000,0.000,0.000,1.000,0,0,0,2,2,0,0,2,0.0,0.0,0.0,0.0,0.0,1.0,-1
"F[0,1]((BGTestAvgNumMeter >= 8.291 & bmiZscore <= 0.575) -> AutonomicNeuroCl >= 0.441)
",-9999999.000,-9999999.000,0.000,0.000,1.000,0,0,0,2,2,0,0,2,0.0,0.0,0.0,0.0,0.0,1.0,-1
"F[2,2](BUN >= 4.166 & Pt_ChildT1D <= 0.000)
",-4.166,-4.166,0.000,0.000,1.000,0,0,0,2,2,0,0,2,0.0,0.0,0.0,0.0,0.0,1.0,-1
"((Pt_A1cGoalLev <= 0.000) U[0,2] (BldPrSys >= 92.269))
",-9999999.000,-9999999.000,0.000,0.000,1.000,0,0,0,2,2,0,0,2,0.0,0.0,0.0,0.0,0.0,1.0,-1
"((AutonomicNeuroCl >= 0.000) U[1,1] (HbA1c <= 8.195))
",8.195,8.195,0.000,0.000,1.000,0,0,0,2,2,0,0,2,0.0,0.0,0.0,0.0,0.0,1.0,-1
"F[1,1](((Pt_ChildT1D >= 0.000 & Pt_A1cGoalLev <= 0.000) -> BGTestAvgNumMeter >= 0.000) | TotChol <= 0.000)
",0.000,0.000,0.000,0.000,1.000,0,0,0,2,2,0,0,2,0.0,0.0,0.0,0.0,0.0,1.0,-1
"F[1,2]((Triglyc >= 0.000 -> TotalDailyInsPerKg <= 0.761) | Pt_InsGov <= 0.785)
",-9999999.000,-9999999.000,0.000,0.000,1.000,0,0,0,2,2,0,0,2,0.0,0.0,0.0,0.0,0.0,1.0,-1
"F[0,1](((BldPrDia <= 54.413 | Pt_A1cGoalLev >= 0.000) | SMBGperDayPtMeterCombo >= 0.000) -> diabDur >= 0.000)
",-9999999.000,-9999999.000,0.000,0.000,1.000,0,0,0,2,2,0,0,2,0.0,0.0,0.0,0.0,0.0,1.0,-1
"F[0,2](((GFR <= 0.000 | Pt_GrandchildT1D >= 0.000) -> Pt_A1cGoalLevelDsYr5 <= 0.000) & Pt_DKAFlg <= 0.000)
",-9999999.000,-9999999.000,0.000,0.000,1.000,0,0,0,2,2,0,0,2,0.0,0.0,0.0,0.0,0.0,1.0,-1
"F[0,0](Pt_A1cGoalLev < 0.000 -> Pt_SHFlg = 0.000)
",0.000,0.000,0.000,0.000,1.000,0,0,0,2,2,0,0,2,0.0,0.0,0.0,0.0,0.0,1.0,-1
"F[1,1](BldPrDia <= 62.110 -> Pt_GrandparentT1D >= 0.000)
",-62.110,-62.110,0.000,0.000,1.000,0,0,0,2,2,0,0,2,0.0,0.0,0.0,0.0,0.0,1.0,-1
"F[0,1]((bmi >= 16.048 & TotChol >= 9.408) -> DirectLDL <= 146.974)
",-9999999.000,-9999999.000,0.000,0.000,1.000,0,0,0,2,2,0,0,2,0.0,0.0,0.0,0.0,0.0,1.0,-1
"F[0,2](BGTestAvgNumPtRep <= 0.000 & Pt_A1cGoalLev <= 0.000)
",-9999999.000,-9999999.000,0.000,0.000,1.000,0,0,0,2,2,0,0,2,0.0,0.0,0.0,0.0,0.0,1.0,-1
"F[1,1](((AlbCreatRat_mggNew <= 0.000 -> GFR >= 0.000) -> DirectLDL <= 0.000) -> Pt_ChildT1D >= 0.000)
",0.000,0.000,0.000,0.000,1.000,0,0,0,2,2,0,0,2,0.0,0.0,0.0,0.0,0.0,1.0,-1
"F[2,2](((Pt_GrandchildT1D <= 0.000 & Pt_A1cGoalLevelDsYr5 <= 0.000) & bmiPerc <= 0.000) -> SMBGperDayPtMeterCombo >= 0.000)
",0.000,0.000,0.000,0.000,1.000,0,0,0,2,2,0,0,2,0.0,0.0,0.0,0.0,0.0,1.0,-1
"F[1,2](((LDL <= 0.000 & bmiPerc >= 0.675) & Pt_SHFlg <= 0.743) -> TotChol <= 0.705)
",-9999999.000,-9999999.000,0.000,0.000,1.000,0,0,0,2,2,0,0,2,0.0,0.0,0.0,0.0,0.0,1.0,-1
"F[0,2](((HbA1cImputeDtMnC <= 16.404 & Pt_DKAFlg >= 0.000) & Pt_SHFlg <= 0.000) -> TSH <= 0.000)
",-9999999.000,-9999999.000,0.000,0.000,1.000,0,0,0,2,2,0,0,2,0.0,0.0,0.0,0.0,0.0,1.0,-1
"F[0,2](AlbCreatRat_mggNew >= 0.000 | Pt_GrandparentT1D <= 0.000)
",-9999999.000,-9999999.000,0.000,0.000,1.000,0,0,0,2,2,0,0,2,0.0,0.0,0.0,0.0,0.0,1.0,-1
"F[2,2](((BUN >= 2.648 | Pt_GrandparentT1D <= 0.000) | BldPrSys <= 0.000) -> Pt_InsGov <= 0.000)
",0.000,0.000,0.000,0.000,1.000,0,0,0,2,2,0,0,2,0.0,0.0,0.0,0.0,0.0,1.0,-1
"F[0,1](bmi >= 16.059 -> TSH >= 0.115)
",-9999999.000,-9999999.000,0.000,0.000,1.000,0,0,0,2,2,0,0,2,0.0,0.0,0.0,0.0,0.0,1.0,-1
"F[0,2]((Pt_MotherT1D >= 0.000 -> Pt_InsGov <= 0.000) -> WeightKg <= 0.000)
",-9999999.000,-9999999.000,0.000,0.000,1.000,0,0,0,2,2,0,0,2,0.0,0.0,0.0,0.0,0.0,1.0,-1
"F[1,2](((age <= 4.668 -> Pt_FatherT1D <= 0.000) | UnitsInsBasalOrLongAct <= 0.000) | Pt_ChildT1D <= 0.000)
",-9999999.000,-9999999.000,0.000,0.000,1.000,0,0,0,2,2,0,0,2,0.0,0.0,0.0,0.0,0.0,1.0,-1
"((Pt_A1cGoalLev <= 0.000) U[0,2] (NumPumpBolusOrShortAct >= 0.733))
",-9999999.000,-9999999.000,0.000,0.000,1.000,0,0,0,2,2,0,0,2,0.0,0.0,0.0,0.0,0.0,1.0,-1
"F[1,1](((Pt_A1cGoalLevelDsYr5 >= 0.000 -> BldPrSys >= 94.222) & HeightCm >= 93.568) | AlbCreatRat_mggNew <= 96.734)
",96.734,96.734,0.000,0.000,1.000,0,0,0,2,2,0,0,2,0.0,0.0,0.0,0.0,0.0,1.0,-1
"F[2,2](((BldPrSys >= 91.768 -> diabDur >= 2.452) | diabDur >= 2.702) & BldPrDia >= 2.389)
",-2.389,-2.389,0.000,0.000,1.000,0,0,0,2,2,0,0,2,0.0,0.0,0.0,0.0,0.0,1.0,-1
"F[0,1]((LDL <= 0.000 -> Pt_A1cGoalLev <= 0.000) & BGTestAvgNumPtRep <= 0.000)
",-9999999.000,-9999999.000,0.000,0.000,1.000,0,0,0,2,2,0,0,2,0.0,0.0,0.0,0.0,0.0,1.0,-1
"F[0,0]((BGTestAvgNumPtRep >= 0.000 -> Pt_GrandchildT1D <= 0.000) & UnitsInsBasalOrLongAct >= 0.000)
",-9.000,-9.000,0.000,0.000,1.000,0,0,0,2,2,0,0,2,0.0,0.0,0.0,0.0,0.0,1.0,-1
"F[1,2]((bmiZscore <= 0.690 | Pt_SiblingT1D <= 0.000) & TotChol <= 0.000)
",-9999999.000,-9999999.000,0.000,0.000,1.000,0,0,0,2,2,0,0,2,0.0,0.0,0.0,0.0,0.0,1.0,-1
"((HeightCm <= 117.943) U[0,1] (bmi >= 15.976))
",-9999999.000,-9999999.000,0.000,0.000,1.000,0,0,0,2,2,0,0,2,0.0,0.0,0.0,0.0,0.0,1.0,-1
"F[0,1](((Pt_ChildT1D <= 0.000 -> Pt_GrandparentT1D >= 0.000) | Pt_A1cGoalLevelDsYr5 >= 0.000) -> Pt_SHFlg <= 0.000)
",-9999999.000,-9999999.000,0.000,0.000,1.000,0,0,0,2,2,0,0,2,0.0,0.0,0.0,0.0,0.0,1.0,-1
"F[0,1](LDL >= 0.000 & Pt_A1cGoalLev <= 0.000)
",-9999999.000,-9999999.000,0.000,0.000,1.000,0,0,0,2,2,0,0,2,0.0,0.0,0.0,0.0,0.0,1.0,-1
"F[1,2]((Pt_InsGov >= 0.000 | Pt_GrandchildT1D >= 0.000) & BGTestAvgNumMeter >= 0.000)
",-9999999.000,-9999999.000,0.000,0.000,1.000,0,0,0,2,2,0,0,2,0.0,0.0,0.0,0.0,0.0,1.0,-1
"F[1,2]((BGTestAvgNumMeter >= 8.271 | bmi <= 16.132) -> HbA1c <= 16.272)
",-9999999.000,-9999999.000,0.000,0.000,1.000,0,0,0,2,2,0,0,2,0.0,0.0,0.0,0.0,0.0,1.0,-1
"F[0,2](GFR >= 0.000 | BUN >= 5.903)
",-9999999.000,-9999999.000,0.000,0.000,1.000,0,0,0,2,2,0,0,2,0.0,0.0,0.0,0.0,0.0,1.0,-1
"F[2,2](Pt_A1cGoalLevelDsYr5 >= 0.000 & BGTestAvgNumPtRep >= 0.000)
",0.000,0.000,0.000,0.000,1.000,0,0,0,2,2,0,0,2,0.0,0.0,0.0,0.0,0.0,1.0,-1
"F[1,2]((diagAgeCombo >= 0.000 & Pt_InsGov <= 0.000) & Pt_FatherT1D >= 0.000)
",-9999999.000,-9999999.000,0.000,0.000,1.000,0,0,0,2,2,0,0,2,0.0,0.0,0.0,0.0,0.0,1.0,-1
"F[2,2](Pt_MotherT1D <= 0.000 -> HbA1cImputeDtMnC >= 9.385)
",0.000,0.000,0.000,0.000,1.000,0,0,0,2,2,0,0,2,0.0,0.0,0.0,0.0,0.0,1.0,-1
"((BldPrDia <= 58.385) U[1,2] (Pt_A1cGoalLevelDsYr5 >= 0.000))
",-9999999.000,-9999999.000,0.000,0.000,1.000,0,0,0,2,2,0,0,2,0.0,0.0,0.0,0.0,0.0,1.0,-1
"F[1,2]((Pt_SiblingT1D >= 0.000 -> DirectLDL >= 0.000) -> HDL >= 0.000)
",-9999999.000,-9999999.000,0.000,0.000,1.000,0,0,0,2,2,0,0,2,0.0,0.0,0.0,0.0,0.0,1.0,-1
"F[0,2](((UnitsInsBasalOrLongAct >= 6.012 & diabDur <= 3.450) | Pt_SiblingT1D >= 2.867) -> HbA1cImputeDtMnC <= 3.192)
",-9999999.000,-9999999.000,0.000,0.000,1.000,0,0,0,2,2,0,0,2,0.0,0.0,0.0,0.0,0.0,1.0,-1
"F[1,2](((HDL <= 0.000 -> BUN >= 3.307) -> Pt_InsGov <= 13.719) -> bmiZscore >= 3.648)
",-9999999.000,-9999999.000,0.000,0.000,1.000,0,0,0,2,2,0,0,2,0.0,0.0,0.0,0.0,0.0,1.0,-1
"((Pt_A1cGoalLevelDsYr5 < 0.000) U[0,1] (Pt_SHFlg = 0.000))
",-9999999.000,-9999999.000,0.000,0.000,1.000,0,0,0,2,2,0,0,2,0.0,0.0,0.0,0.0,0.0,1.0,-1
"F[2,2](HbA1c >= 7.602 -> Pt_A1cGoalLevelDsYr5 = 0.000)
",0.000,0.000,0.000,0.000,1.000,0,0,0,2,2,0,0,2,0.0,0.0,0.0,0.0,0.0,1.0,-1
"F[0,1](HbA1c <= 8.197 & HbA1cImputeDtMnC <= 14.979)
",-9999999.000,-9999999.000,0.000,0.000,1.000,0,0,0,2,2,0,0,2,0.0,0.0,0.0,0.0,0.0,1.0,-1
"((diabDur >= 2.431) U[0,1] (AutonomicNeuroCl >= 0.000))
",-9999999.000,-9999999.000,0.000,0.000,1.000,0,0,0,2,2,0,0,2,0.0,0.0,0.0,0.0,0.0,1.0,-1
"((Pt_InsGov <= 0.000) U[0,0] (AutonomicNeuroCl <= 0.000))
",0.000,0.000,0.000,0.000,1.000,0,0,0,2,2,0,0,2,0.0,0.0,0.0,0.0,0.0,1.0,-1
"F[0,0](((LDL >= 0.000 & Pt_GrandparentT1D <= 0.000) & SMBGperDayPtMeterCombo <= 0.000) -> Pt_A1cGoalLevelDsYr5 >= 0.000)
",0.000,0.000,0.000,0.000,1.000,0,0,0,2,2,0,0,2,0.0,0.0,0.0,0.0,0.0,1.0,-1
"F[0,1](Pt_A1cGoalLevelDsYr5 <= 0.000 -> Pt_MotherT1D <= 0.000)
",-9999999.000,-9999999.000,0.000,0.000,1.000,0,0,0,2,2,0,0,2,0.0,0.0,0.0,0.0,0.0,1.0,-1
"F[0,1](((diagAgeCombo <= 0.000 | Pt_SHFlg <= 0.000) | UnitsInsBasalOrLongAct <= 0.000) & Pt_GrandparentT1D <= 0.000)
",-9999999.000,-9999999.000,0.000,0.000,1.000,0,0,0,2,2,0,0,2,0.0,0.0,0.0,0.0,0.0,1.0,-1
"F[0,1]((HeightCm <= 116.264 -> Pt_MotherT1D >= 0.000) -> Pt_CGMUseNumDays >= 0.000)
",-9999999.000,-9999999.000,0.000,0.000,1.000,0,0,0,2,2,0,0,2,0.0,0.0,0.0,0.0,0.0,1.0,-1
"((Pt_GrandchildT1D <= 0.000) U[1,2] (BUN >= 5.730))
",-9999999.000,-9999999.000,0.000,0.000,1.000,0,0,0,2,2,0,0,2,0.0,0.0,0.0,0.0,0.0,1.0,-1
"F[0,2]((Pt_ChildT1D >= 0.000 | TotalDailyInsPerKg <= 0.771) & BGTestAvgNumMeter >= 0.748)
",-9999999.000,-9999999.000,0.000,0.000,1.000,0,0,0,2,2,0,0,2,0.0,0.0,0.0,0.0,0.0,1.0,-1
"F[2,2](((Pt_SiblingT1D >= 0.000 -> HbA1cImputeDtMnC <= 11.387) | HbA1c >= 7.955) & Pt_DKAFlg <= 17.714)
",-7.955,-7.955,0.000,0.000,1.000,0,0,0,2,2,0,0,2,0.0,0.0,0.0,0.0,0.0,1.0,-1
"F[0,2]((Pt_CGMUseNumDays <= 0.000 -> TotalDailyInsPerKg <= 0.785) | Pt_SiblingT1D <= 0.769)
",-9999999.000,-9999999.000,0.000,0.000,1.000,0,0,0,2,2,0,0,2,0.0,0.0,0.0,0.0,0.0,1.0,-1
"F[1,2](((Pt_SHFlg >= 0.000 & bmiZscore <= 0.685) -> Pt_InsGov >= 0.354) & Pt_DKAFlg >= 0.383)
",-9999999.000,-9999999.000,0.000,0.000,1.000,0,0,0,2,2,0,0,2,0.0,0.0,0.0,0.0,0.0,1.0,-1
"F[0,2](((LDL <= 0.000 & age >= 4.163) & BGTestAvgNumPtRep >= 4.473) -> BGTestAvgNumMeter <= 4.900)
",-9999999.000,-9999999.000,0.000,0.000,1.000,0,0,0,2,2,0,0,2,0.0,0.0,0.0,0.0,0.0,1.0,-1
"((BGTestAvgNumMeter <= 8.392) U[0,1] (WeightKg <= 23.166))
",-9999999.000,-9999999.000,0.000,0.000,1.000,0,0,0,2,2,0,0,2,0.0,0.0,0.0,0.0,0.0,1.0,-1
"F[2,2]((BldPrDia <= 57.302 | bmiZscore >= 0.410) | GFR >= 0.465)
",57.302,57.302,0.000,0.000,1.000,0,0,0,2,2,0,0,2,0.0,0.0,0.0,0.0,0.0,1.0,-1
"((bmiPerc >= 0.661) U[0,1] (HbA1c <= 8.455))
",-9999999.000,-9999999.000,0.000,0.000,1.000,0,0,0,2,2,0,0,2,0.0,0.0,0.0,0.0,0.0,1.0,-1
"F[1,2](Pt_InsGov >= 0.000 & Pt_A1cGoalLevelDsYr5 <= 0.000)
",-9999999.000,-9999999.000,0.000,0.000,1.000,0,0,0,2,2,0,0,2,0.0,0.0,0.0,0.0,0.0,1.0,-1
"F[0,2](((diagAgeCombo <= 0.000 & LDL >= 0.000) -> GFR <= 0.000) & age >= 0.000)
",-9999999.000,-9999999.000,0.000,0.000,1.000,0,0,0,2,2,0,0,2,0.0,0.0,0.0,0.0,0.0,1.0,-1
"((Pt_SiblingT1D <= 0.000) U[2,2] (Pt_GrandchildT1D >= 0.000))
",0.000,0.000,0.000,0.000,1.000,0,0,0,2,2,0,0,2,0.0,0.0,0.0,0.0,0.0,1.0,-1
"F[1,1]((HDL <= 0.000 -> HDL >= 0.000) | NumPumpBolusOrShortAct >= 0.000)
",0.000,0.000,0.000,0.000,1.000,0,0,0,2,2,0,0,2,0.0,0.0,0.0,0.0,0.0,1.0,-1
"F[0,2]((HeightCm >= 111.761 -> diagAgeCombo >= 0.000) -> BGTestAvgNumMeter <= 0.000)
",-9999999.000,-9999999.000,0.000,0.000,1.000,0,0,0,2,2,0,0,2,0.0,0.0,0.0,0.0,0.0,1.0,-1
"F[0,2]((BldPrSys >= 91.365 -> HbA1c <= 8.266) | Pt_GrandparentT1D >= 7.392)
",-9999999.000,-9999999.000,0.000,0.000,1.000,0,0,0,2,2,0,0,2,0.0,0.0,0.0,0.0,0.0,1.0,-1
"F[1,2]((TSH >= 1.001 | diagAgeCombo <= 0.000) | BldPrSys <= 0.000)
",-9999999.000,-9999999.000,0.000,0.000,1.000,0,0,0,2,2,0,0,2,0.0,0.0,0.0,0.0,0.0,1.0,-1
"F[1,2]((HbA1cImputeDtMnC <= 11.909 & Pt_DKAFlg <= 0.000) | Triglyc >= 0.000)
",-9999999.000,-9999999.000,0.000,0.000,1.000,0,0,0,2,2,0,0,2,0.0,0.0,0.0,0.0,0.0,1.0,-1
"F[1,1](DirectLDL <= 0.000 -> HDL <= 0.000)
",0.000,0.000,0.000,0.000,1.000,0,0,0,2,2,0,0,2,0.0,0.0,0.0,0.0,0.0,1.0,-1
"F[0,2](Pt_GrandparentT1D >= 0.000 & TSH >= 0.439)
",-9999999.000,-9999999.000,0.000,0.000,1.000,0,0,0,2,2,0,0,2,0.0,0.0,0.0,0.0,0.0,1.0,-1
"((Pt_ChildT1D >= 0.000) U[0,2] (Pt_A1cGoalLevelDsYr5 >= 0.000))
",-9999999.000,-9999999.000,0.000,0.000,1.000,0,0,0,2,2,0,0,2,0.0,0.0,0.0,0.0,0.0,1.0,-1
"F[1,2]((Pt_GrandchildT1D <= 0.000 & Pt_A1cGoalLevelDsYr5 <= 0.000) & SMBGperDayPtMeterCombo >= 0.000)
",-9999999.000,-9999999.000,0.000,0.000,1.000,0,0,0,2,2,0,0,2,0.0,0.0,0.0,0.0,0.0,1.0,-1
"F[0,1]((Pt_GrandparentT1D >= 0.000 | BGTestAvgNumPtRep <= 0.000) & diagAgeCombo >= 0.000)
",-9999999.000,-9999999.000,0.000,0.000,1.000,0,0,0,2,2,0,0,2,0.0,0.0,0.0,0.0,0.0,1.0,-1
"F[1,1](BGTestAvgNumMeter <= 8.660 & Pt_A1cGoalLev <= 0.000)
",0.000,0.000,0.000,0.000,1.000,0,0,0,2,2,0,0,2,0.0,0.0,0.0,0.0,0.0,1.0,-1
"F[0,1](((Triglyc <= 0.000 | bmiPerc <= 0.696) | bmiZscore >= 0.682) -> BGTestAvgNumPtRep <= 0.745)
",-9999999.000,-9999999.000,0.000,0.000,1.000,0,0,0,2,2,0,0,2,0.0,0.0,0.0,0.0,0.0,1.0,-1
"((NumPumpBolusOrShortAct >= 0.714) U[1,2] (Pt_DKAFlg <= 0.000))
",-9999999.000,-9999999.000,0.000,0.000,1.000,0,0,0,2,2,0,0,2,0.0,0.0,0.0,0.0,0.0,1.0,-1
"F[1,2]((HbA1c <= 8.409 -> TSH <= 1.723) -> Pt_SHFlg <= 1.692)
",-9999999.000,-9999999.000,0.000,0.000,1.000,0,0,0,2,2,0,0,2,0.0,0.0,0.0,0.0,0.0,1.0,-1
"F[2,2]((Triglyc <= 0.000 -> Pt_MotherT1D >= 0.000) -> GFR >= 0.000)
",0.000,0.000,0.000,0.000,1.000,0,0,0,2,2,0,0,2,0.0,0.0,0.0,0.0,0.0,1.0,-1
"((bmi >= 16.064) U[0,1] (WeightKg >= 20.764))
",-9999999.000,-9999999.000,0.000,0.000,1.000,0,0,0,2,2,0,0,2,0.0,0.0,0.0,0.0,0.0,1.0,-1
"F[1,2](bmiPerc >= 0.674 & diabDur >= 2.409)
",-9999999.000,-9999999.000,0.000,0.000,1.000,0,0,0,2,2,0,0,2,0.0,0.0,0.0,0.0,0.0,1.0,-1
"F[1,1](BUN >= 6.634 -> UnitsInsBasalOrLongAct >= 6.019)
",6.019,6.019,0.000,0.000,1.000,0,0,0,2,2,0,0,2,0.0,0.0,0.0,0.0,0.0,1.0,-1
"F[0,2]((HbA1c <= 8.508 -> UnitsInsBasalOrLongAct <= 6.680) & BGTestAvgNumPtRep <= 6.870)
",-9999999.000,-9999999.000,0.000,0.000,1.000,0,0,0,2,2,0,0,2,0.0,0.0,0.0,0.0,0.0,1.0,-1
"F[1,1]((diabDur <= 3.056 -> Pt_GrandparentT1D <= 0.000) -> BUN <= 0.000)
",0.000,0.000,0.000,0.000,1.000,0,0,0,2,2,0,0,2,0.0,0.0,0.0,0.0,0.0,1.0,-1
"F[0,2](UnitsInsBasalOrLongAct >= 6.039 -> AutonomicNeuroCl <= 0.000)
",-9999999.000,-9999999.000,0.000,0.000,1.000,0,0,0,2,2,0,0,2,0.0,0.0,0.0,0.0,0.0,1.0,-1
"((HeightCm >= 110.997) U[0,1] (DirectLDL <= 0.000))
",-9999999.000,-9999999.000,0.000,0.000,1.000,0,0,0,2,2,0,0,2,0.0,0.0,0.0,0.0,0.0,1.0,-1
"F[1,2](((bmiPerc >= 0.632 & Pt_ChildT1D >= 0.000) -> Pt_ChildT1D <= 0.000) -> Pt_ChildT1D >= 0.000)
",-9999999.000,-9999999.000,0.000,0.000,1.000,0,0,0,2,2,0,0,2,0.0,0.0,0.0,0.0,0.0,1.0,-1
"F[1,2](((diabDur <= 3.962 | UnitsInsBasalOrLongAct >= 6.606) & Pt_FatherT1D <= 6.674) -> AutonomicNeuroCl >= 6.634)
",-9999999.000,-9999999.000,0.000,0.000,1.000,0,0,0,2,2,0,0,2,0.0,0.0,0.0,0.0,0.0,1.0,-1
"F[0,2]((bmiPerc <= 0.689 -> TotalDailyInsPerKg <= 0.792) & DirectLDL >= 0.727)
",-9999999.000,-9999999.000,0.000,0.000,1.000,0,0,0,2,2,0,0,2,0.0,0.0,0.0,0.0,0.0,1.0,-1
"F[0,0](bmiZscore <= 0.578 | SMBGperDayPtMeterCombo <= 8.913)
",-0.107,-0.107,0.000,0.000,1.000,0,0,0,2,2,0,0,2,0.0,0.0,0.0,0.0,0.0,1.0,-1
"F[0,1]((NumPumpBolusOrShortAct >= 0.315 & SMBGperDayPtMeterCombo >= 8.055) | Pt_GrandparentT1D <= 8.967)
",-9999999.000,-9999999.000,0.000,0.000,1.000,0,0,0,2,2,0,0,2,0.0,0.0,0.0,0.0,0.0,1.0,-1
"F[0,2](HeightCm >= 110.590 | UnitsInsBasalOrLongAct >= 6.394)
",-9999999.000,-9999999.000,0.000,0.000,1.000,0,0,0,2,2,0,0,2,0.0,0.0,0.0,0.0,0.0,1.0,-1
"F[1,2](UnitsInsBasalOrLongAct <= 6.745 -> WeightKg <= 22.987)
",-9999999.000,-9999999.000,0.000,0.000,1.000,0,0,0,2,2,0,0,2,0.0,0.0,0.0,0.0,0.0,1.0,-1
"F[0,1](NumPumpBolusOrShortAct >= 0.040 | TSH <= 1.582)
",-9999999.000,-9999999.000,0.000,0.000,1.000,0,0,0,2,2,0,0,2,0.0,0.0,0.0,0.0,0.0,1.0,-1
"F[1,2](age <= 4.977 & TSH >= 0.814)
",-9999999.000,-9999999.000,0.000,0.000,1.000,0,0,0,2,2,0,0,2,0.0,0.0,0.0,0.0,0.0,1.0,-1
"F[1,2](((BldPrSys >= 92.731 -> bmiZscore >= 0.282) | diabDur >= 0.392) & Pt_SHFlg >= 0.431)
",-9999999.000,-9999999.000,0.000,0.000,1.000,0,0,0,2,2,0,0,2,0.0,0.0,0.0,0.0,0.0,1.0,-1
"F[0,1]((bmi >= 16.040 & HeightCm <= 121.149) & SMBGperDayPtMeterCombo <= 121.554)
",-9999999.000,-9999999.000,0.000,0.000,1.000,0,0,0,2,2,0,0,2,0.0,0.0,0.0,0.0,0.0,1.0,-1
"F[1,2](Pt_InsGov <= 0.000 -> age >= 4.199)
",-9999999.000,-9999999.000,0.000,0.000,1.000,0,0,0,2,2,0,0,2,0.0,0.0,0.0,0.0,0.0,1.0,-1
"F[0,2](BldPrDia >= 50.642 | Triglyc >= 0.000)
",-9999999.000,-9999999.000,0.000,0.000,1.000,0,0,0,2,2,0,0,2,0.0,0.0,0.0,0.0,0.0,1.0,-1
"F[0,1](((bmiPerc <= 0.758 & TotChol >= 18.789) | BGTestAvgNumPtRep >= 31.454) -> BldPrDia <= 128.351)
",-9999999.000,-9999999.000,0.000,0.000,1.000,0,0,0,2,2,0,0,2,0.0,0.0,0.0,0.0,0.0,1.0,-1
"F[1,2](((Pt_SHFlg >= 0.000 -> GFR <= 0.000) & age >= 0.000) & TSH <= 0.000)
",-9999999.000,-9999999.000,0.000,0.000,1.000,0,0,0,2,2,0,0,2,0.0,0.0,0.0,0.0,0.0,1.0,-1
"F[0,2]((BldPrSys >= 91.584 | bmiPerc >= 0.632) | AlbCreatRat_mggNew <= 0.737)
",-9999999.000,-9999999.000,0.000,0.000,1.000,0,0,0,2,2,0,0,2,0.0,0.0,0.0,0.0,0.0,1.0,-1
"F[0,2](((HeightCm <= 121.095 -> TSH <= 1.695) | bmi >= 1.049) & HDL <= 1.241)
",-9999999.000,-9999999.000,0.000,0.000,1.000,0,0,0,2,2,0,0,2,0.0,0.0,0.0,0.0,0.0,1.0,-1
"((TotalDailyInsPerKg <= 0.764) U[0,1] (WeightKg <= 23.201))
",-9999999.000,-9999999.000,0.000,0.000,1.000,0,0,0,2,2,0,0,2,0.0,0.0,0.0,0.0,0.0,1.0,-1
"F[1,2](((TotalDailyInsPerKg <= 0.796 | TSH <= 1.892) | age <= 1.719) -> diabDur >= 1.081)
",-9999999.000,-9999999.000,0.000,0.000,1.000,0,0,0,2,2,0,0,2,0.0,0.0,0.0,0.0,0.0,1.0,-1
"F[1,2]((HbA1c <= 8.216 & NumPumpBolusOrShortAct <= 1.601) | HDL >= 0.751)
",-9999999.000,-9999999.000,0.000,0.000,1.000,0,0,0,2,2,0,0,2,0.0,0.0,0.0,0.0,0.0,1.0,-1
"F[1,2]((age >= 4.132 -> HbA1c <= 8.021) | Pt_FatherT1D >= 7.618)
",-9999999.000,-9999999.000,0.000,0.000,1.000,0,0,0,2,2,0,0,2,0.0,0.0,0.0,0.0,0.0,1.0,-1
"F[0,1](((bmiZscore <= 0.725 | TSH >= 1.012) & SMBGperDayPtMeterCombo >= 0.728) | Pt_CGMUseNumDays >= 0.588)
",-9999999.000,-9999999.000,0.000,0.000,1.000,0,0,0,2,2,0,0,2,0.0,0.0,0.0,0.0,0.0,1.0,-1
"F[1,2](((bmiPerc <= 0.714 & WeightKg <= 23.090) & age >= 19.495) | HDL >= 20.716)
",-9999999.000,-9999999.000,0.000,0.000,1.000,0,0,0,2,2,0,0,2,0.0,0.0,0.0,0.0,0.0,1.0,-1
"F[0,2](((BldPrSys >= 91.959 -> TSH <= 1.932) -> diagAgeCombo >= 0.024) | Pt_FatherT1D >= 0.032)
",-9999999.000,-9999999.000,0.000,0.000,1.000,0,0,0,2,2,0,0,2,0.0,0.0,0.0,0.0,0.0,1.0,-1
"F[0,2](HbA1cImputeDtMnC <= 19.223 | TSH <= 1.702)
",-9999999.000,-9999999.000,0.000,0.000,1.000,0,0,0,2,2,0,0,2,0.0,0.0,0.0,0.0,0.0,1.0,-1
"((HbA1c >= 7.535) U[0,1] (TSH <= 1.299))
",-9999999.000,-9999999.000,0.000,0.000,1.000,0,0,0,2,2,0,0,2,0.0,0.0,0.0,0.0,0.0,1.0,-1
"F[1,1](((TotalDailyInsPerKg >= 0.736 | UnitsInsBasalOrLongAct >= 6.280) -> SMBGperDayPtMeterCombo >= 6.119) -> TotChol <= 6.908)
",-6.908,-6.908,0.000,0.000,1.000,0,0,0,2,2,0,0,2,0.0,0.0,0.0,0.0,0.0,1.0,-1
"F[0,1]((bmiZscore <= 0.550 -> HeightCm >= 112.039) & Pt_A1cGoalLev <= 119.964)
",-9999999.000,-9999999.000,0.000,0.000,1.000,0,0,0,2,2,0,0,2,0.0,0.0,0.0,0.0,0.0,1.0,-1
"F[0,1](((Pt_InsGov <= 0.000 | Pt_SiblingT1D >= 0.000) -> HbA1cImputeDtMnC <= 0.000) & HDL <= 0.000)
",-9999999.000,-9999999.000,0.000,0.000,1.000,0,0,0,2,2,0,0,2,0.0,0.0,0.0,0.0,0.0,1.0,-1
"((Pt_GrandparentT1D <= 0.000) U[2,2] (HDL <= 0.000))
",0.000,0.000,0.000,0.000,1.000,0,0,0,2,2,0,0,2,0.0,0.0,0.0,0.0,0.0,1.0,-1
"F[2,2](((bmi >= 16.032 & bmiZscore >= 0.429) -> Pt_SHFlg >= 0.375) | diagAgeCombo <= 0.508)
",0.508,0.508,0.000,0.000,1.000,0,0,0,2,2,0,0,2,0.0,0.0,0.0,0.0,0.0,1.0,-1
"((BGTestAvgNumMeter >= 8.104) U[0,1] (BGTestAvgNumPtRep <= 0.000))
",-9999999.000,-9999999.000,0.000,0.000,1.000,0,0,0,2,2,0,0,2,0.0,0.0,0.0,0.0,0.0,1.0,-1
"((TSH > 0.482) U[2,2] (Pt_SHFlg = 0.000))
",0.000,0.000,0.000,0.000,1.000,0,0,0,2,2,0,0,2,0.0,0.0,0.0,0.0,0.0,1.0,-1
"F[1,2](BGTestAvgNumMeter >= 8.063 & Pt_SHFlg = 0.000)
",-9999999.000,-9999999.000,0.000,0.000,1.000,0,0,0,2,2,0,0,2,0.0,0.0,0.0,0.0,0.0,1.0,-1
"F[0,2]((HbA1cImputeDtMnC >= 6.207 & SMBGperDayPtMeterCombo >= 8.248) -> AutonomicNeuroCl >= 8.259)
",-9999999.000,-9999999.000,0.000,0.000,1.000,0,0,0,2,2,0,0,2,0.0,0.0,0.0,0.0,0.0,1.0,-1
"((BGTestAvgNumMeter >= 8.196) U[2,2] (BGTestAvgNumPtRep <= 0.000))
",0.000,0.000,0.000,0.000,1.000,0,0,0,2,2,0,0,2,0.0,0.0,0.0,0.0,0.0,1.0,-1
"F[0,1](TotalDailyInsPerKg <= 0.799 & Pt_SHFlg = 0.000)
",-9999999.000,-9999999.000,0.000,0.000,1.000,0,0,0,2,2,0,0,2,0.0,0.0,0.0,0.0,0.0,1.0,-1
"F[0,2](Pt_SiblingT1D >= 0.000 -> Pt_SHFlg = 0.000)
",-9999999.000,-9999999.000,0.000,0.000,1.000,0,0,0,2,2,0,0,2,0.0,0.0,0.0,0.0,0.0,1.0,-1
"F[0,2](HbA1c >= 7.472 -> Pt_A1cGoalLevelDsYr5 = 0.000)
",-9999999.000,-9999999.000,0.000,0.000,1.000,0,0,0,2,2,0,0,2,0.0,0.0,0.0,0.0,0.0,1.0,-1
"F[0,2]((TSH >= 0.028 | UnitsInsBasalOrLongAct <= 6.710) | Pt_SiblingT1D >= 6.265)
",-9999999.000,-9999999.000,0.000,0.000,1.000,0,0,0,2,2,0,0,2,0.0,0.0,0.0,0.0,0.0,1.0,-1
"F[0,1](HbA1c >= 7.500 -> Pt_A1cGoalLevelDsYr5 = 0.000)
",-9999999.000,-9999999.000,0.000,0.000,1.000,0,0,0,2,2,0,0,2,0.0,0.0,0.0,0.0,0.0,1.0,-1
"((BGTestAvgNumMeter >= 8.281) U[0,2] (BGTestAvgNumPtRep <= 0.000))
",-9999999.000,-9999999.000,0.000,0.000,1.000,0,0,0,2,2,0,0,2,0.0,0.0,0.0,0.0,0.0,1.0,-1
"F[1,2](HbA1c >= 7.420 -> Pt_A1cGoalLevelDsYr5 = 0.000)
",-9999999.000,-9999999.000,0.000,0.000,1.000,0,0,0,2,2,0,0,2,0.0,0.0,0.0,0.0,0.0,1.0,-1
"F[1,2](HbA1c >= 7.328 -> Pt_A1cGoalLevelDsYr5 = 0.000)
",-9999999.000,-9999999.000,0.000,0.000,1.000,0,0,0,2,2,0,0,2,0.0,0.0,0.0,0.0,0.0,1.0,-1
"F[0,1](BGTestAvgNumMeter >= 8.196 -> Pt_SHFlg = 0.000)
",-9999999.000,-9999999.000,0.000,0.000,1.000,0,0,0,2,2,0,0,2,0.0,0.0,0.0,0.0,0.0,1.0,-1
"F[2,2](HbA1c >= 7.760 -> Pt_A1cGoalLevelDsYr5 = 0.000)
",0.000,0.000,0.000,0.000,1.000,0,0,0,2,2,0,0,2,0.0,0.0,0.0,0.0,0.0,1.0,-1
"((HbA1c <= 8.411) U[1,2] (TotalDailyInsPerKg >= 0.747))
",-9999999.000,-9999999.000,0.000,0.000,1.000,0,0,0,2,2,0,0,2,0.0,0.0,0.0,0.0,0.0,1.0,-1
"F[2,2]((BldPrDia <= 63.924 -> BldPrSys <= 98.134) -> bmi <= 97.005)
",-97.005,-97.005,0.000,0.000,1.000,0,0,0,2,2,0,0,2,0.0,0.0,0.0,0.0,0.0,1.0,-1
"F[0,2]((Pt_InsGov >= 0.000 | bmiPerc <= 0.762) -> Pt_DKAFlg <= 0.691)
",-9999999.000,-9999999.000,0.000,0.000,1.000,0,0,0,2,2,0,0,2,0.0,0.0,0.0,0.0,0.0,1.0,-1
"F[2,2](((bmiZscore <= 0.688 -> UnitsInsBasalOrLongAct >= 6.493) | HbA1c <= 6.919) & Pt_MotherT1D <= 6.935)
",6.919,6.919,0.000,0.000,1.000,0,0,0,2,2,0,0,2,0.0,0.0,0.0,0.0,0.0,1.0,-1
"F[2,2](NumPumpBolusOrShortAct > 0.402 & Pt_SHFlg = 0.000)
",-0.402,-0.402,0.000,0.000,1.000,0,0,0,2,2,0,0,2,0.0,0.0,0.0,0.0,0.0,1.0,-1
"F[1,1](((age >= 4.147 -> BldPrDia <= 62.676) | Pt_ChildT1D <= 59.674) | HDL >= 44.587)
",59.674,59.674,0.000,0.000,1.000,0,0,0,2,2,0,0,2,0.0,0.0,0.0,0.0,0.0,1.0,-1
"F[1,2]((HeightCm <= 119.113 & TotalDailyInsPerKg <= 0.780) & BGTestAvgNumMeter <= 0.761)
",-9999999.000,-9999999.000,0.000,0.000,1.000,0,0,0,2,2,0,0,2,0.0,0.0,0.0,0.0,0.0,1.0,-1
"((age <= 4.759) U[0,1] (bmiPerc <= 0.739))
",-9999999.000,-9999999.000,0.000,0.000,1.000,0,0,0,2,2,0,0,2,0.0,0.0,0.0,0.0,0.0,1.0,-1
"F[2,2](((age >= 4.538 & diabDur >= 2.618) & Pt_FatherT1D >= 2.556) & Pt_DKAFlg >= 2.909)
",-4.538,-4.538,0.000,0.000,1.000,0,0,0,2,2,0,0,2,0.0,0.0,0.0,0.0,0.0,1.0,-1
"((bmi >= 15.961) U[0,2] (TSH >= 0.707))
",-9999999.000,-9999999.000,0.000,0.000,1.000,0,0,0,2,2,0,0,2,0.0,0.0,0.0,0.0,0.0,1.0,-1
"F[0,1]((HeightCm <= 117.832 -> NumPumpBolusOrShortAct <= 1.405) | Pt_InsGov >= 0.428)
",-9999999.000,-9999999.000,0.000,0.000,1.000,0,0,0,2,2,0,0,2,0.0,0.0,0.0,0.0,0.0,1.0,-1
"F[0,2]((bmi >= 16.076 | bmiPerc <= 0.745) | BldPrSys <= 0.728)
",-9999999.000,-9999999.000,0.000,0.000,1.000,0,0,0,2,2,0,0,2,0.0,0.0,0.0,0.0,0.0,1.0,-1
"F[0,2](((BUN >= 2.219 | HeightCm <= 118.879) -> Pt_GrandparentT1D >= 114.911) | BGTestAvgNumMeter >= 114.237)
",-9999999.000,-9999999.000,0.000,0.000,1.000,0,0,0,2,2,0,0,2,0.0,0.0,0.0,0.0,0.0,1.0,-1
"F[1,2](BldPrSys <= 98.089 & WeightKg <= 22.961)
",-9999999.000,-9999999.000,0.000,0.000,1.000,0,0,0,2,2,0,0,2,0.0,0.0,0.0,0.0,0.0,1.0,-1
"((BldPrSys >= 91.185) U[0,2] (HeightCm <= 119.159))
",-9999999.000,-9999999.000,0.000,0.000,1.000,0,0,0,2,2,0,0,2,0.0,0.0,0.0,0.0,0.0,1.0,-1
"F[0,2](((HbA1c >= 7.513 | WeightKg >= 20.033) -> Triglyc >= 20.705) & bmi >= 19.408)
",-9999999.000,-9999999.000,0.000,0.000,1.000,0,0,0,2,2,0,0,2,0.0,0.0,0.0,0.0,0.0,1.0,-1
"F[0,2]((NumPumpBolusOrShortAct <= 2.518 | WeightKg <= 23.178) -> diabDur >= 20.796)
",-9999999.000,-9999999.000,0.000,0.000,1.000,0,0,0,2,2,0,0,2,0.0,0.0,0.0,0.0,0.0,1.0,-1
"F[0,2](((BldPrSys <= 98.956 & HbA1cImputeDtMnC >= 5.712) -> Pt_CGMUseNumDays <= 12.627) | Pt_FatherT1D <= 13.993)
",-9999999.000,-9999999.000,0.000,0.000,1.000,0,0,0,2,2,0,0,2,0.0,0.0,0.0,0.0,0.0,1.0,-1
"((BGTestAvgNumMeter >= 8.163) U[0,1] (BGTestAvgNumPtRep <= 0.000))
",-9999999.000,-9999999.000,0.000,0.000,1.000,0,0,0,2,2,0,0,2,0.0,0.0,0.0,0.0,0.0,1.0,-1
"F[2,2](HbA1c >= 7.618 -> Pt_A1cGoalLevelDsYr5 = 0.000)
",0.000,0.000,0.000,0.000,1.000,0,0,0,2,2,0,0,2,0.0,0.0,0.0,0.0,0.0,1.0,-1
"((BGTestAvgNumMeter >= 8.321) U[0,1] (BGTestAvgNumPtRep <= 0.000))
",-9999999.000,-9999999.000,0.000,0.000,1.000,0,0,0,2,2,0,0,2,0.0,0.0,0.0,0.0,0.0,1.0,-1
"F[0,1]((HbA1cImputeDtMnC >= 10.402 & TotalDailyInsPerKg >= 0.735) | Pt_GrandchildT1D <= 0.788)
",-9999999.000,-9999999.000,0.000,0.000,1.000,0,0,0,2,2,0,0,2,0.0,0.0,0.0,0.0,0.0,1.0,-1
"F[2,2](GFR <= 0.000 & Pt_SHFlg = 0.000)
",0.000,0.000,0.000,0.000,1.000,0,0,0,2,2,0,0,2,0.0,0.0,0.0,0.0,0.0,1.0,-1
"F[0,2](TotalDailyInsPerKg < 0.780 -> Pt_SHFlg = 0.000)
",-9999999.000,-9999999.000,0.000,0.000,1.000,0,0,0,2,2,0,0,2,0.0,0.0,0.0,0.0,0.0,1.0,-1
"((diabDur <= 3.119) U[1,1] (Pt_SHFlg = 0.000))
",3.119,3.119,0.000,0.000,1.000,0,0,0,2,2,0,0,2,0.0,0.0,0.0,0.0,0.0,1.0,-1
"((BGTestAvgNumMeter <= 8.372) U[0,2] (Pt_SHFlg = 0.000))
",-9999999.000,-9999999.000,0.000,0.000,1.000,0,0,0,2,2,0,0,2,0.0,0.0,0.0,0.0,0.0,1.0,-1
"((diabDur > 2.947) U[2,2] (Pt_SHFlg = 0.000))
",0.000,0.000,0.000,0.000,1.000,0,0,0,2,2,0,0,2,0.0,0.0,0.0,0.0,0.0,1.0,-1
"F[1,2](((BGTestAvgNumMeter <= 8.599 -> BldPrDia <= 63.049) & Pt_A1cGoalLevelDsYr5 <= 60.658) | Pt_A1cGoalLevelDsYr5 <= 55.424)
",-9999999.000,-9999999.000,0.000,0.000,1.000,0,0,0,2,2,0,0,2,0.0,0.0,0.0,0.0,0.0,1.0,-1
"F[0,0]((diagAgeCombo >= 0.000 | UnitsInsBasalOrLongAct <= 6.730) | Pt_FatherT1D <= 6.950)
",6.950,6.950,0.000,0.000,1.000,0,0,0,2,2,0,0,2,0.0,0.0,0.0,0.0,0.0,1.0,-1
"F[0,2]((diabDur >= 2.045 & Pt_ChildT1D >= 0.000) -> bmi <= 0.000)
",-9999999.000,-9999999.000,0.000,0.000,1.000,0,0,0,2,2,0,0,2,0.0,0.0,0.0,0.0,0.0,1.0,-1
"((diabDur <= 3.431) U[2,2] (Pt_A1cGoalLevelDsYr5 >= 0.000))
",3.431,3.431,0.000,0.000,1.000,0,0,0,2,2,0,0,2,0.0,0.0,0.0,0.0,0.0,1.0,-1
"F[1,2]((NumPumpBolusOrShortAct >= 0.729 | AutonomicNeuroCl >= 0.000) -> TotalDailyInsPerKg >= 0.000)
",-9999999.000,-9999999.000,0.000,0.000,1.000,0,0,0,2,2,0,0,2,0.0,0.0,0.0,0.0,0.0,1.0,-1
"((age >= 4.544) U[0,2] (HbA1cImputeDtMnC <= 14.196))
",-9999999.000,-9999999.000,0.000,0.000,1.000,0,0,0,2,2,0,0,2,0.0,0.0,0.0,0.0,0.0,1.0,-1
"F[1,2]((GFR >= 0.000 | Pt_GrandparentT1D <= 0.000) | TotalDailyInsPerKg <= 0.000)
",-9999999.000,-9999999.000,0.000,0.000,1.000,0,0,0,2,2,0,0,2,0.0,0.0,0.0,0.0,0.0,1.0,-1
"F[0,2](Pt_DKAFlg >= 0.000 -> bmi >= 15.954)
",-9999999.000,-9999999.000,0.000,0.000,1.000,0,0,0,2,2,0,0,2,0.0,0.0,0.0,0.0,0.0,1.0,-1
"((BUN >= 5.384) U[0,2] (Pt_FatherT1D <= 0.000))
",-9999999.000,-9999999.000,0.000,0.000,1.000,0,0,0,2,2,0,0,2,0.0,0.0,0.0,0.0,0.0,1.0,-1
"((Triglyc > 0.000) U[0,1] (Pt_SHFlg = 0.000))
",-9999999.000,-9999999.000,0.000,0.000,1.000,0,0,0,2,2,0,0,2,0.0,0.0,0.0,0.0,0.0,1.0,-1
"((HDL > 0.000) U[0,0] (Pt_SHFlg = 0.000))
",0.000,0.000,0.000,0.000,1.000,0,0,0,2,2,0,0,2,0.0,0.0,0.0,0.0,0.0,1.0,-1
"((Pt_DKAFlg < 0.000) U[2,2] (Pt_SHFlg = 0.000))
",0.000,0.000,0.000,0.000,1.000,0,0,0,2,2,0,0,2,0.0,0.0,0.0,0.0,0.0,1.0,-1
"F[1,1](TotChol < 61.153 -> Pt_SHFlg = 0.000)
",-61.153,-61.153,0.000,0.000,1.000,0,0,0,2,2,0,0,2,0.0,0.0,0.0,0.0,0.0,1.0,-1
"((Pt_GrandparentT1D <= 0.000) U[1,1] (Pt_SHFlg = 0.000))
",0.000,0.000,0.000,0.000,1.000,0,0,0,2,2,0,0,2,0.0,0.0,0.0,0.0,0.0,1.0,-1
"((Pt_InsGov <= 0.000) U[1,2] (Pt_SHFlg = 0.000))
",-9999999.000,-9999999.000,0.000,0.000,1.000,0,0,0,2,2,0,0,2,0.0,0.0,0.0,0.0,0.0,1.0,-1
"((HeightCm < 119.770) U[0,2] (Pt_SHFlg = 0.000))
",-9999999.000,-9999999.000,0.000,0.000,1.000,0,0,0,2,2,0,0,2,0.0,0.0,0.0,0.0,0.0,1.0,-1
"((Pt_InsGov >= 0.000) U[0,2] (Pt_SHFlg = 0.000))
",-9999999.000,-9999999.000,0.000,0.000,1.000,0,0,0,2,2,0,0,2,0.0,0.0,0.0,0.0,0.0,1.0,-1
"F[0,2](diagAgeCombo > 0.000 & Pt_SHFlg = 0.000)
",-9999999.000,-9999999.000,0.000,0.000,1.000,0,0,0,2,2,0,0,2,0.0,0.0,0.0,0.0,0.0,1.0,-1
"F[0,1](HbA1c >= 7.497 & Pt_SHFlg = 0.000)
",-9999999.000,-9999999.000,0.000,0.000,1.000,0,0,0,2,2,0,0,2,0.0,0.0,0.0,0.0,0.0,1.0,-1
"F[0,2](SMBGperDayPtMeterCombo <= 8.823 -> Pt_SHFlg = 0.000)
",-9999999.000,-9999999.000,0.000,0.000,1.000,0,0,0,2,2,0,0,2,0.0,0.0,0.0,0.0,0.0,1.0,-1
"((AlbCreatRat_mggNew <= 0.000) U[1,2] (Pt_SHFlg = 0.000))
",-9999999.000,-9999999.000,0.000,0.000,1.000,0,0,0,2,2,0,0,2,0.0,0.0,0.0,0.0,0.0,1.0,-1
"((GFR >= 0.000) U[0,0] (Pt_SHFlg = 0.000))
",0.482,0.482,0.000,0.000,1.000,0,0,0,2,2,0,0,2,0.0,0.0,0.0,0.0,0.0,1.0,-1
"F[1,2](TotChol <= 107.373 & Pt_SHFlg = 0.000)
",-9999999.000,-9999999.000,0.000,0.000,1.000,0,0,0,2,2,0,0,2,0.0,0.0,0.0,0.0,0.0,1.0,-1
"F[0,2](BldPrSys > 93.610 -> Pt_SHFlg = 0.000)
",-9999999.000,-9999999.000,0.000,0.000,1.000,0,0,0,2,2,0,0,2,0.0,0.0,0.0,0.0,0.0,1.0,-1
"F[1,2](HbA1c >= 7.721 -> Pt_A1cGoalLevelDsYr5 = 0.000)
",-9999999.000,-9999999.000,0.000,0.000,1.000,0,0,0,2,2,0,0,2,0.0,0.0,0.0,0.0,0.0,1.0,-1
"F[0,2](HbA1c >= 7.668 -> Pt_A1cGoalLevelDsYr5 = 0.000)
",-9999999.000,-9999999.000,0.000,0.000,1.000,0,0,0,2,2,0,0,2,0.0,0.0,0.0,0.0,0.0,1.0,-1
"F[1,2](Pt_FatherT1D >= 0.000 & BldPrDia <= 63.475)
",-9999999.000,-9999999.000,0.000,0.000,1.000,0,0,0,2,2,0,0,2,0.0,0.0,0.0,0.0,0.0,1.0,-1
"F[1,2]((diagAgeCombo <= 0.000 & UnitsInsBasalOrLongAct <= 6.677) & NumPumpBolusOrShortAct <= 6.685)
",-9999999.000,-9999999.000,0.000,0.000,1.000,0,0,0,2,2,0,0,2,0.0,0.0,0.0,0.0,0.0,1.0,-1
"F[0,2]((bmi <= 16.160 | Pt_A1cGoalLev >= 0.000) & diabDur >= 0.000)
",-9999999.000,-9999999.000,0.000,0.000,1.000,0,0,0,2,2,0,0,2,0.0,0.0,0.0,0.0,0.0,1.0,-1
"G[0,2](((Triglyc >= 0.000 & AutonomicNeuroCl <= 0.000) -> TSH <= 0.000) | Triglyc >= 0.000)
",9999999.000,9999999.000,0.000,1.000,0.000,0,0,2,0,0,2,2,0,0.0,0.0,1.0,0.0,0.0,1.0,1
"G[1,2](bmi <= 16.355 -> HbA1c >= 7.702)
",9999999.000,9999999.000,0.000,1.000,0.000,0,0,2,0,0,2,2,0,0.0,0.0,1.0,0.0,0.0,1.0,1
"G[0,2](BUN <= 11.732 | WeightKg >= 21.074)
",9999999.000,9999999.000,0.000,1.000,0.000,0,0,1,1,1,1,1,1,0.0,0.0,1.0,0.0,0.0,1.0,1
"G[0,2](((HbA1c <= 8.590 & Triglyc <= 0.000) -> TotalDailyInsPerKg <= 0.000) -> Pt_A1cGoalLevelDsYr5 >= 0.000)
",9999999.000,9999999.000,0.000,1.000,0.000,0,0,2,0,0,2,2,0,0.0,0.0,1.0,0.0,0.0,1.0,1
"G[2,2]((WeightKg >= 20.993 | bmi >= 15.971) -> UnitsInsBasalOrLongAct <= 6.843)
",-6.843,-6.843,0.000,1.000,0.000,0,0,2,0,0,2,2,0,0.0,0.0,1.0,0.0,0.0,1.0,1
"G[0,2](((UnitsInsBasalOrLongAct >= 6.210 & Pt_ChildT1D >= 0.000) & Pt_A1cGoalLev >= 0.000) | bmi <= 0.000)
",9999999.000,9999999.000,0.000,1.000,0.000,0,0,1,1,1,1,1,1,0.0,0.0,1.0,0.0,0.0,1.0,1
"G[0,2](((HbA1cImputeDtMnC <= 11.811 | bmiZscore <= 0.674) -> bmi >= 0.423) | bmiPerc <= 0.688)
",9999999.000,9999999.000,0.000,1.000,0.000,0,0,2,0,0,2,2,0,0.0,0.0,1.0,0.0,0.0,1.0,1
"G[1,2]((HeightCm >= 115.153 | age <= 4.693) & UnitsInsBasalOrLongAct <= 4.840)
",9999999.000,9999999.000,0.000,1.000,0.000,0,0,1,1,1,1,1,1,0.0,0.0,1.0,0.0,0.0,1.0,1
"G[0,1](GFR <= 0.000 -> BUN >= 0.999)
",9999999.000,9999999.000,0.000,1.000,0.000,0,0,0,2,2,0,0,2,0.0,0.0,0.0,0.0,0.0,1.0,1
"G[1,2]((WeightKg <= 23.245 -> Pt_MotherT1D >= 0.000) -> BUN <= 0.000)
",9999999.000,9999999.000,0.000,1.000,0.000,0,0,2,0,0,2,2,0,0.0,0.0,1.0,0.0,0.0,1.0,1
"G[0,1]((Pt_InsGov >= 0.000 -> HbA1cImputeDtMnC >= 3.430) -> BldPrSys <= 18.453)
",9999999.000,9999999.000,0.000,1.000,0.000,0,0,0,2,2,0,0,2,0.0,0.0,0.0,0.0,0.0,1.0,1
"G[0,1](BUN >= 5.951 -> WeightKg >= 20.679)
",9999999.000,9999999.000,0.000,1.000,0.000,0,0,1,1,1,1,1,1,0.0,0.0,1.0,0.0,0.0,1.0,1
"G[2,2](GFR <= 0.000 -> BUN >= 0.405)
",0.000,0.000,0.000,1.000,0.000,0,0,2,0,0,2,2,0,0.0,0.0,1.0,0.0,0.0,1.0,1
"G[2,2]((BldPrDia >= 48.879 | AutonomicNeuroCl <= 0.000) | Pt_GrandparentT1D <= 0.000)
",0.000,0.000,0.000,1.000,0.000,0,0,2,0,0,2,2,0,0.0,0.0,1.0,0.0,0.0,1.0,1
"G[2,2](((Pt_CGMUseNumDays >= 0.000 -> Pt_CGMUseNumDays >= 0.000) -> WeightKg <= 0.000) | UnitsInsBasalOrLongAct >= 0.000)
",0.000,0.000,0.000,1.000,0.000,0,0,2,0,0,2,2,0,0.0,0.0,1.0,0.0,0.0,1.0,1
"G[1,2]((WeightKg >= 19.652 | bmi >= 15.960) -> UnitsInsBasalOrLongAct <= 6.819)
",9999999.000,9999999.000,0.000,1.000,0.000,0,0,2,0,0,2,2,0,0.0,0.0,1.0,0.0,0.0,1.0,1
"G[1,2]((Triglyc <= 0.000 | Pt_FatherT1D >= 0.000) & age <= 0.000)
",9999999.000,9999999.000,0.000,1.000,0.000,0,0,1,1,1,1,1,1,0.0,0.0,1.0,0.0,0.0,1.0,1
"G[1,2](((Pt_ChildT1D <= 0.000 -> GFR >= 0.000) | HbA1c >= 0.000) | bmiZscore >= 0.000)
",9999999.000,9999999.000,0.000,1.000,0.000,0,0,2,0,0,2,2,0,0.0,0.0,1.0,0.0,0.0,1.0,1
"G[0,1](((HbA1c >= 7.751 & UnitsInsBasalOrLongAct >= 6.619) & Pt_A1cGoalLev >= 6.588) & Pt_CGMUseNumDays <= 6.771)
",9999999.000,9999999.000,0.000,1.000,0.000,0,0,0,2,2,0,0,2,0.0,0.0,0.0,0.0,0.0,1.0,1
"G[0,2](((TSH >= 0.590 & BUN <= 11.395) & Pt_GrandchildT1D <= 19.311) | BldPrSys >= 6.407)
",9999999.000,9999999.000,0.000,1.000,0.000,0,0,2,0,0,2,2,0,0.0,0.0,1.0,0.0,0.0,1.0,1
"G[0,1](((SMBGperDayPtMeterCombo >= 8.048 & Triglyc >= 0.000) | LDL >= 0.000) & HbA1cImputeDtMnC <= 0.000)
",9999999.000,9999999.000,0.000,1.000,0.000,0,0,0,2,2,0,0,2,0.0,0.0,0.0,0.0,0.0,1.0,1
"G[0,1]((diabDur <= 3.118 & Pt_ChildT1D >= 0.000) & bmiPerc <= 0.000)
",9999999.000,9999999.000,0.000,1.000,0.000,0,0,0,2,2,0,0,2,0.0,0.0,0.0,0.0,0.0,1.0,1
"G[0,1](GFR <= 0.000 -> BUN >= 1.764)
",9999999.000,9999999.000,0.000,1.000,0.000,0,0,0,2,2,0,0,2,0.0,0.0,0.0,0.0,0.0,1.0,1
"G[1,2]((WeightKg >= 19.876 | bmi >= 16.034) -> UnitsInsBasalOrLongAct <= 6.884)
",9999999.000,9999999.000,0.000,1.000,0.000,0,0,2,0,0,2,2,0,0.0,0.0,1.0,0.0,0.0,1.0,1
"G[2,2](SMBGperDayPtMeterCombo >= 8.230 & BGTestAvgNumPtRep >= 0.000)
",-8.230,-8.230,0.000,1.000,0.000,0,0,2,0,0,2,2,0,0.0,0.0,1.0,0.0,0.0,1.0,1
"G[1,2]((WeightKg >= 20.257 -> DirectLDL >= 0.000) | Pt_GrandchildT1D <= 0.000)
",9999999.000,9999999.000,0.000,1.000,0.000,0,0,2,0,0,2,2,0,0.0,0.0,1.0,0.0,0.0,1.0,1
"G[0,2]((diabDur >= 2.516 & TotalDailyInsPerKg >= 0.739) | NumPumpBolusOrShortAct <= 0.778)
",9999999.000,9999999.000,0.000,1.000,0.000,0,0,1,1,1,1,1,1,0.0,0.0,1.0,0.0,0.0,1.0,1
"G[1,2](bmiZscore >= 0.414 -> TotChol <= 57.068)
",9999999.000,9999999.000,0.000,1.000,0.000,0,0,2,0,0,2,2,0,0.0,0.0,1.0,0.0,0.0,1.0,1
"G[0,2]((Pt_CGMUseNumDays >= 0.000 -> age >= 4.208) & BGTestAvgNumMeter >= 4.041)
",9999999.000,9999999.000,0.000,1.000,0.000,0,0,1,1,1,1,1,1,0.0,0.0,1.0,0.0,0.0,1.0,1
"G[1,2](((BUN >= 4.368 & TotChol >= 28.164) & BldPrSys <= 142.028) | LDL <= 107.248)
",9999999.000,9999999.000,0.000,1.000,0.000,0,0,2,0,0,2,2,0,0.0,0.0,1.0,0.0,0.0,1.0,1
"G[1,2](((bmi >= 16.023 -> diabDur <= 3.714) -> Pt_GrandparentT1D >= 2.681) -> Pt_FatherT1D <= 3.111)
",9999999.000,9999999.000,0.000,1.000,0.000,0,0,2,0,0,2,2,0,0.0,0.0,1.0,0.0,0.0,1.0,1
"G[0,2](((bmiPerc >= 0.625 & HeightCm >= 110.775) -> Pt_MotherT1D <= 120.760) | Pt_InsGov <= 116.124)
",9999999.000,9999999.000,0.000,1.000,0.000,0,0,2,0,0,2,2,0,0.0,0.0,1.0,0.0,0.0,1.0,1
"G[2,2](((bmiPerc <= 0.763 -> HbA1cImputeDtMnC >= 7.170) & Pt_ChildT1D >= 2.541) -> Triglyc <= 16.148)
",-16.148,-16.148,0.000,1.000,0.000,0,0,2,0,0,2,2,0,0.0,0.0,1.0,0.0,0.0,1.0,1
"G[2,2]((bmiZscore <= 0.697 | WeightKg >= 19.758) | TotChol <= 22.514)
",22.514,22.514,0.000,1.000,0.000,0,0,2,0,0,2,2,0,0.0,0.0,1.0,0.0,0.0,1.0,1
"G[1,2](bmiPerc <= 0.739 & TSH >= 0.554)
",9999999.000,9999999.000,0.000,1.000,0.000,0,0,1,1,1,1,1,1,0.0,0.0,1.0,0.0,0.0,1.0,1
"G[0,2]((BldPrSys >= 93.903 -> BUN >= 4.395) | Pt_GrandparentT1D >= 0.505)
",9999999.000,9999999.000,0.000,1.000,0.000,0,0,1,1,1,1,1,1,0.0,0.0,1.0,0.0,0.0,1.0,1
"G[0,2](((BGTestAvgNumMeter >= 8.202 & TSH <= 1.753) & Pt_MotherT1D >= 0.330) -> WeightKg >= 0.176)
",9999999.000,9999999.000,0.000,1.000,0.000,0,0,2,0,0,2,2,0,0.0,0.0,1.0,0.0,0.0,1.0,1
"G[1,2](TotChol >= 12.866 | TSH >= 0.987)
",9999999.000,9999999.000,0.000,1.000,0.000,0,0,1,1,1,1,1,1,0.0,0.0,1.0,0.0,0.0,1.0,1
"G[0,1](((HbA1cImputeDtMnC >= 6.061 -> TotChol >= 40.998) & UnitsInsBasalOrLongAct <= 66.445) & HbA1c <= 109.395)
",9999999.000,9999999.000,0.000,1.000,0.000,0,0,1,1,1,1,1,1,0.0,0.0,1.0,0.0,0.0,1.0,1
"G[1,2]((diabDur >= 2.391 & TotalDailyInsPerKg >= 0.747) | BGTestAvgNumMeter >= 0.736)
",9999999.000,9999999.000,0.000,1.000,0.000,0,0,2,0,0,2,2,0,0.0,0.0,1.0,0.0,0.0,1.0,1
"G[0,2](((bmiPerc <= 0.689 -> BUN >= 5.852) -> Pt_SiblingT1D >= 5.094) & diagAgeCombo <= 13.286)
",9999999.000,9999999.000,0.000,1.000,0.000,0,0,1,1,1,1,1,1,0.0,0.0,1.0,0.0,0.0,1.0,1
"G[1,1](((age <= 4.914 | WeightKg >= 20.650) & DirectLDL <= 23.462) -> Pt_A1cGoalLevelDsYr5 >= 20.228)
",-4.914,-4.914,0.000,1.000,0.000,0,0,1,1,1,1,1,1,0.0,0.0,1.0,0.0,0.0,1.0,1
"G[1,2]((BldPrDia <= 63.123 -> bmi >= 16.084) -> HDL >= 16.084)
",9999999.000,9999999.000,0.000,1.000,0.000,0,0,1,1,1,1,1,1,0.0,0.0,1.0,0.0,0.0,1.0,1
"G[1,2](HbA1c >= 7.795 & HeightCm >= 112.886)
",9999999.000,9999999.000,0.000,1.000,0.000,0,0,1,1,1,1,1,1,0.0,0.0,1.0,0.0,0.0,1.0,1
"G[2,2](WeightKg <= 22.951 -> GFR >= 0.000)
",-22.951,-22.951,0.000,1.000,0.000,0,0,2,0,0,2,2,0,0.0,0.0,1.0,0.0,0.0,1.0,1
"G[0,2]((LDL >= 0.000 & Pt_FatherT1D >= 0.000) & Pt_MotherT1D >= 0.000)
",9999999.000,9999999.000,0.000,1.000,0.000,0,0,2,0,0,2,2,0,0.0,0.0,1.0,0.0,0.0,1.0,1
"G[1,1]((Pt_MotherT1D >= 0.000 & TSH >= 0.715) & age <= 1.485)
",-0.715,-0.715,0.000,1.000,0.000,0,0,1,1,1,1,1,1,0.0,0.0,1.0,0.0,0.0,1.0,1
"G[1,2]((Pt_GrandchildT1D <= 0.000 | TotalDailyInsPerKg >= 0.741) | HDL <= 0.779)
",9999999.000,9999999.000,0.000,1.000,0.000,0,0,2,0,0,2,2,0,0.0,0.0,1.0,0.0,0.0,1.0,1
"G[2,2](((DirectLDL >= 0.000 -> BldPrSys >= 93.737) | Pt_GrandchildT1D >= 91.719) & Triglyc <= 96.859)
",0.000,0.000,0.000,1.000,0.000,0,0,2,0,0,2,2,0,0.0,0.0,1.0,0.0,0.0,1.0,1
"G[0,2]((BGTestAvgNumPtRep <= 0.000 -> HeightCm >= 115.008) & BGTestAvgNumPtRep >= 115.277)
",9999999.000,9999999.000,0.000,1.000,0.000,0,0,0,2,2,0,0,2,0.0,0.0,0.0,0.0,0.0,1.0,1
"G[0,2](((diagAgeCombo <= 0.000 | bmiPerc >= 0.642) -> TotalDailyInsPerKg >= 0.630) | TotChol <= 0.747)
",9999999.000,9999999.000,0.000,1.000,0.000,0,0,2,0,0,2,2,0,0.0,0.0,1.0,0.0,0.0,1.0,1
"G[0,2](BldPrSys >= 91.011 -> Pt_SiblingT1D >= 0.000)
",9999999.000,9999999.000,0.000,1.000,0.000,0,0,2,0,0,2,2,0,0.0,0.0,1.0,0.0,0.0,1.0,1
"G[1,2](bmi >= 16.109 -> BGTestAvgNumPtRep >= 0.000)
",9999999.000,9999999.000,0.000,1.000,0.000,0,0,2,0,0,2,2,0,0.0,0.0,1.0,0.0,0.0,1.0,1
"G[0,2](((BldPrDia <= 63.957 -> HbA1c <= 7.955) | bmi >= 7.573) & TSH >= 7.820)
",9999999.000,9999999.000,0.000,1.000,0.000,0,0,0,2,2,0,0,2,0.0,0.0,0.0,0.0,0.0,1.0,1
"G[1,2](((BldPrSys <= 96.424 -> diabDur <= 3.920) -> TotChol >= 2.909) -> Pt_A1cGoalLevelDsYr5 >= 2.406)
",9999999.000,9999999.000,0.000,1.000,0.000,0,0,2,0,0,2,2,0,0.0,0.0,1.0,0.0,0.0,1.0,1
"G[0,2](((bmiPerc >= 0.680 & HbA1c >= 7.426) & Pt_MotherT1D >= 7.661) | AutonomicNeuroCl >= 7.744)
",9999999.000,9999999.000,0.000,1.000,0.000,0,0,0,2,2,0,0,2,0.0,0.0,0.0,0.0,0.0,1.0,1
"G[1,2](HbA1c >= 7.693 & TotChol >= 38.391)
",9999999.000,9999999.000,0.000,1.000,0.000,0,0,1,1,1,1,1,1,0.0,0.0,1.0,0.0,0.0,1.0,1
"G[0,1](GFR <= 0.000 -> BUN >= 3.651)
",9999999.000,9999999.000,0.000,1.000,0.000,0,0,0,2,2,0,0,2,0.0,0.0,0.0,0.0,0.0,1.0,1
"G[1,2]((TotChol >= 42.471 & Triglyc <= 0.000) & LDL >= 0.000)
",9999999.000,9999999.000,0.000,1.000,0.000,0,0,1,1,1,1,1,1,0.0,0.0,1.0,0.0,0.0,1.0,1
"G[1,2]((WeightKg >= 19.551 | bmi >= 15.971) -> UnitsInsBasalOrLongAct <= 6.954)
",9999999.000,9999999.000,0.000,1.000,0.000,0,0,2,0,0,2,2,0,0.0,0.0,1.0,0.0,0.0,1.0,1
"G[1,2]((AutonomicNeuroCl <= 0.000 | TSH <= 1.223) & Pt_ChildT1D <= 1.913)
",9999999.000,9999999.000,0.000,1.000,0.000,0,0,2,0,0,2,2,0,0.0,0.0,1.0,0.0,0.0,1.0,1
"G[1,2]((bmi >= 16.091 & UnitsInsBasalOrLongAct >= 6.222) | HbA1c >= 6.568)
",9999999.000,9999999.000,0.000,1.000,0.000,0,0,2,0,0,2,2,0,0.0,0.0,1.0,0.0,0.0,1.0,1
"G[2,2]((AutonomicNeuroCl <= 0.000 -> Pt_A1cGoalLevelDsYr5 >= 0.000) & SMBGperDayPtMeterCombo >= 0.000)
",0.000,0.000,0.000,1.000,0.000,0,0,2,0,0,2,2,0,0.0,0.0,1.0,0.0,0.0,1.0,1
"G[0,2](((BGTestAvgNumPtRep <= 0.000 | GFR <= 0.000) & TotalDailyInsPerKg >= 0.000) -> Pt_SHFlg <= 0.000)
",9999999.000,9999999.000,0.000,1.000,0.000,0,0,2,0,0,2,2,0,0.0,0.0,1.0,0.0,0.0,1.0,1
"G[0,1]((TotChol <= 140.148 & Pt_MotherT1D <= 0.000) -> bmiPerc <= 0.000)
",9999999.000,9999999.000,0.000,1.000,0.000,0,0,1,1,1,1,1,1,0.0,0.0,1.0,0.0,0.0,1.0,1
"G[0,2](((AlbCreatRat_mggNew >= 0.000 | age <= 4.914) -> HeightCm <= 4.733) -> Pt_SHFlg >= 4.327)
",9999999.000,9999999.000,0.000,1.000,0.000,0,0,2,0,0,2,2,0,0.0,0.0,1.0,0.0,0.0,1.0,1
"G[0,0]((Pt_ChildT1D <= 0.000 -> HDL <= 0.000) -> BldPrSys <= 0.000)
",0.000,0.000,0.000,1.000,0.000,0,0,0,2,2,0,0,2,0.0,0.0,0.0,0.0,0.0,1.0,1
"G[2,2](((AlbCreatRat_mggNew >= 0.000 -> bmiZscore >= 0.319) -> Pt_SHFlg >= 0.303) -> BGTestAvgNumPtRep >= 0.304)
",0.000,0.000,0.000,1.000,0.000,0,0,2,0,0,2,2,0,0.0,0.0,1.0,0.0,0.0,1.0,1
"G[0,2](SMBGperDayPtMeterCombo >= 8.107 & BGTestAvgNumPtRep >= 0.000)
",9999999.000,9999999.000,0.000,1.000,0.000,0,0,1,1,1,1,1,1,0.0,0.0,1.0,0.0,0.0,1.0,1
"G[2,2]((HbA1cImputeDtMnC >= 1.908 -> UnitsInsBasalOrLongAct >= 6.516) | SMBGperDayPtMeterCombo >= 6.579)
",1.908,1.908,0.000,1.000,0.000,0,0,2,0,0,2,2,0,0.0,0.0,1.0,0.0,0.0,1.0,1
"G[1,2]((Pt_FatherT1D >= 0.000 & NumPumpBolusOrShortAct <= 2.296) & LDL >= 0.185)
",9999999.000,9999999.000,0.000,1.000,0.000,0,0,1,1,1,1,1,1,0.0,0.0,1.0,0.0,0.0,1.0,1
"G[0,1](age >= 4.580 -> bmiZscore <= 0.578)
",9999999.000,9999999.000,0.000,1.000,0.000,0,0,1,1,1,1,1,1,0.0,0.0,1.0,0.0,0.0,1.0,1
"G[1,2]((WeightKg >= 21.609 | bmi >= 16.055) -> UnitsInsBasalOrLongAct <= 6.771)
",9999999.000,9999999.000,0.000,1.000,0.000,0,0,2,0,0,2,2,0,0.0,0.0,1.0,0.0,0.0,1.0,1
"G[0,1](GFR <= 0.000 -> BUN >= 1.918)
",9999999.000,9999999.000,0.000,1.000,0.000,0,0,0,2,2,0,0,2,0.0,0.0,0.0,0.0,0.0,1.0,1
"G[0,2]((Pt_ChildT1D <= 0.000 | BGTestAvgNumPtRep >= 0.000) -> HbA1c <= 0.000)
",9999999.000,9999999.000,0.000,1.000,0.000,0,0,0,2,2,0,0,2,0.0,0.0,0.0,0.0,0.0,1.0,1
"G[0,0](((Pt_DKAFlg <= 0.000 -> BldPrDia >= 48.782) & Triglyc >= 49.647) & bmiZscore <= 55.957)
",-50.218,-50.218,0.000,1.000,0.000,0,0,0,2,2,0,0,2,0.0,0.0,0.0,0.0,0.0,1.0,1
"G[0,1](((LDL <= 0.000 | HbA1cImputeDtMnC <= 17.437) -> AutonomicNeuroCl >= 1.324) & Pt_SHFlg >= 2.065)
",9999999.000,9999999.000,0.000,1.000,0.000,0,0,0,2,2,0,0,2,0.0,0.0,0.0,0.0,0.0,1.0,1
"G[0,2](((TSH <= 1.182 & WeightKg <= 23.101) -> Pt_SiblingT1D >= 20.236) -> HbA1cImputeDtMnC >= 21.125)
",9999999.000,9999999.000,0.000,1.000,0.000,0,0,0,2,2,0,0,2,0.0,0.0,0.0,0.0,0.0,1.0,1
"G[1,2](Pt_InsGov >= 0.000 & BGTestAvgNumMeter <= 8.792)
",9999999.000,9999999.000,0.000,1.000,0.000,0,0,2,0,0,2,2,0,0.0,0.0,1.0,0.0,0.0,1.0,1
"G[1,2](SMBGperDayPtMeterCombo >= 8.203 & BGTestAvgNumPtRep >= 0.000)
",9999999.000,9999999.000,0.000,1.000,0.000,0,0,1,1,1,1,1,1,0.0,0.0,1.0,0.0,0.0,1.0,1
"G[0,1](NumPumpBolusOrShortAct <= 2.703 | BldPrSys >= 92.528)
",9999999.000,9999999.000,0.000,1.000,0.000,0,0,1,1,1,1,1,1,0.0,0.0,1.0,0.0,0.0,1.0,1
"G[0,2]((HeightCm >= 114.042 -> TSH <= 1.325) -> UnitsInsBasalOrLongAct <= 1.336)
",9999999.000,9999999.000,0.000,1.000,0.000,0,0,1,1,1,1,1,1,0.0,0.0,1.0,0.0,0.0,1.0,1
"G[0,0]((GFR <= 0.000 | LDL >= 0.000) -> WeightKg <= 0.000)
",-0.802,-0.802,0.000,1.000,0.000,0,0,0,2,2,0,0,2,0.0,0.0,0.0,0.0,0.0,1.0,1
"G[0,1](((bmi <= 16.225 -> UnitsInsBasalOrLongAct >= 6.442) & HDL >= 6.074) | AutonomicNeuroCl >= 6.448)
",9999999.000,9999999.000,0.000,1.000,0.000,0,0,0,2,2,0,0,2,0.0,0.0,0.0,0.0,0.0,1.0,1
"G[0,1](((NumPumpBolusOrShortAct >= 0.002 | bmiZscore >= 0.461) | Pt_MotherT1D >= 0.379) & WeightKg <= 0.532)
",9999999.000,9999999.000,0.000,1.000,0.000,0,0,0,2,2,0,0,2,0.0,0.0,0.0,0.0,0.0,1.0,1
"G[0,0]((Pt_DKAFlg >= 0.000 & UnitsInsBasalOrLongAct <= 6.885) | bmiPerc >= 6.104)
",9.924,9.924,0.000,1.000,0.000,0,0,0,2,2,0,0,2,0.0,0.0,0.0,0.0,0.0,1.0,1
"G[1,2](GFR <= 0.000 -> BUN >= 2.548)
",9999999.000,9999999.000,0.000,1.000,0.000,0,0,1,1,1,1,1,1,0.0,0.0,1.0,0.0,0.0,1.0,1
"G[0,2](SMBGperDayPtMeterCombo >= 8.074 & BGTestAvgNumPtRep >= 0.000)
",9999999.000,9999999.000,0.000,1.000,0.000,0,0,1,1,1,1,1,1,0.0,0.0,1.0,0.0,0.0,1.0,1
"G[0,2](((BldPrSys <= 96.457 & NumPumpBolusOrShortAct <= 1.832) -> Pt_MotherT1D >= 0.602) & Pt_GrandchildT1D >= 0.760)
",9999999.000,9999999.000,0.000,1.000,0.000,0,0,0,2,2,0,0,2,0.0,0.0,0.0,0.0,0.0,1.0,1
"G[1,1]((Pt_GrandchildT1D >= 0.000 & HbA1cImputeDtMnC >= 4.564) -> diabDur >= 10.570)
",4.564,4.564,0.000,1.000,0.000,0,0,1,1,1,1,1,1,0.0,0.0,1.0,0.0,0.0,1.0,1
"G[2,2](((BUN >= 6.171 & Pt_CGMUseNumDays >= 0.000) & AlbCreatRat_mggNew >= 0.000) | bmi >= 0.000)
",0.000,0.000,0.000,1.000,0.000,0,0,2,0,0,2,2,0,0.0,0.0,1.0,0.0,0.0,1.0,1
"G[1,2](SMBGperDayPtMeterCombo >= 8.269 & BGTestAvgNumPtRep >= 0.000)
",9999999.000,9999999.000,0.000,1.000,0.000,0,0,1,1,1,1,1,1,0.0,0.0,1.0,0.0,0.0,1.0,1
"G[1,2]((SMBGperDayPtMeterCombo >= 8.000 | TotalDailyInsPerKg <= 0.773) | bmiZscore <= 0.778)
",9999999.000,9999999.000,0.000,1.000,0.000,0,0,2,0,0,2,2,0,0.0,0.0,1.0,0.0,0.0,1.0,1
"G[1,2]((Triglyc <= 0.000 | TSH <= 1.316) | Pt_A1cGoalLevelDsYr5 >= 0.549)
",9999999.000,9999999.000,0.000,1.000,0.000,0,0,2,0,0,2,2,0,0.0,0.0,1.0,0.0,0.0,1.0,1
"G[2,2](bmiPerc <= 0.701 & Pt_FatherT1D <= 0.000)
",0.000,0.000,0.000,1.000,0.000,0,0,2,0,0,2,2,0,0.0,0.0,1.0,0.0,0.0,1.0,1
"G[1,2](((LDL >= 0.000 -> HDL <= 0.000) & SMBGperDayPtMeterCombo >= 0.000) & Pt_GrandchildT1D <= 0.000)
",9999999.000,9999999.000,0.000,1.000,0.000,0,0,2,0,0,2,2,0,0.0,0.0,1.0,0.0,0.0,1.0,1
"G[0,2]((HbA1c >= 7.537 & BldPrSys >= 94.031) & AutonomicNeuroCl >= 93.898)
",9999999.000,9999999.000,0.000,1.000,0.000,0,0,0,2,2,0,0,2,0.0,0.0,0.0,0.0,0.0,1.0,1
"G[1,2](((SMBGperDayPtMeterCombo <= 8.657 -> Pt_DKAFlg >= 0.000) -> HbA1c >= 0.000) | Pt_SiblingT1D >= 0.000)
",9999999.000,9999999.000,0.000,1.000,0.000,0,0,2,0,0,2,2,0,0.0,0.0,1.0,0.0,0.0,1.0,1
"G[0,2](HbA1c >= 7.748 -> TSH <= 1.371)
",9999999.000,9999999.000,0.000,1.000,0.000,0,0,1,1,1,1,1,1,0.0,0.0,1.0,0.0,0.0,1.0,1
"G[0,2](SMBGperDayPtMeterCombo >= 8.068 & BGTestAvgNumPtRep >= 0.000)
",9999999.000,9999999.000,0.000,1.000,0.000,0,0,1,1,1,1,1,1,0.0,0.0,1.0,0.0,0.0,1.0,1
"G[1,1]((TSH >= 0.920 -> GFR >= 0.000) & HbA1c <= 0.000)
",0.000,0.000,0.000,1.000,0.000,0,0,1,1,1,1,1,1,0.0,0.0,1.0,0.0,0.0,1.0,1
"G[0,2]((Pt_ChildT1D <= 0.000 & GFR <= 0.000) | HDL >= 0.000)
",9999999.000,9999999.000,0.000,1.000,0.000,0,0,2,0,0,2,2,0,0.0,0.0,1.0,0.0,0.0,1.0,1
"G[0,1](((Pt_FatherT1D <= 0.000 -> Triglyc <= 0.000) | HDL <= 0.000) -> HbA1cImputeDtMnC <= 0.000)
",9999999.000,9999999.000,0.000,1.000,0.000,0,0,0,2,2,0,0,2,0.0,0.0,0.0,0.0,0.0,1.0,1
"G[1,2]((HeightCm >= 110.784 -> diabDur <= 3.390) | Pt_SHFlg <= 3.630)
",9999999.000,9999999.000,0.000,1.000,0.000,0,0,2,0,0,2,2,0,0.0,0.0,1.0,0.0,0.0,1.0,1
"G[0,2](HeightCm <= 119.547 -> Pt_FatherT1D >= 0.000)
",9999999.000,9999999.000,0.000,1.000,0.000,0,0,2,0,0,2,2,0,0.0,0.0,1.0,0.0,0.0,1.0,1
"G[1,2](DirectLDL >= 0.000 -> bmiZscore >= 0.349)
",9999999.000,9999999.000,0.000,1.000,0.000,0,0,2,0,0,2,2,0,0.0,0.0,1.0,0.0,0.0,1.0,1
"G[1,2](HbA1cImputeDtMnC >= 5.269 & HbA1cImputeDtMnC <= 11.064)
",9999999.000,9999999.000,0.000,1.000,0.000,0,0,1,1,1,1,1,1,0.0,0.0,1.0,0.0,0.0,1.0,1
"G[1,2](((BGTestAvgNumPtRep <= 0.000 | BldPrDia >= 44.325) | HbA1c <= 58.133) | HbA1c >= 50.335)
",9999999.000,9999999.000,0.000,1.000,0.000,0,0,2,0,0,2,2,0,0.0,0.0,1.0,0.0,0.0,1.0,1
"G[1,1](((HeightCm >= 114.174 | SMBGperDayPtMeterCombo <= 8.863) | HbA1c >= 8.184) -> Pt_ChildT1D >= 8.264)
",-8.863,-8.863,0.000,1.000,0.000,0,0,1,1,1,1,1,1,0.0,0.0,1.0,0.0,0.0,1.0,1
"G[0,1](((Pt_MotherT1D >= 0.000 & HbA1cImputeDtMnC >= 1.034) -> TotChol <= 20.061) -> Pt_SiblingT1D >= 6.649)
",9999999.000,9999999.000,0.000,1.000,0.000,0,0,1,1,1,1,1,1,0.0,0.0,1.0,0.0,0.0,1.0,1
"G[0,2](((Pt_MotherT1D >= 0.000 & BldPrDia <= 59.754) & diagAgeCombo <= 58.773) & diagAgeCombo >= 50.808)
",9999999.000,9999999.000,0.000,1.000,0.000,0,0,0,2,2,0,0,2,0.0,0.0,0.0,0.0,0.0,1.0,1
"G[0,2](((DirectLDL <= 0.000 -> TotalDailyInsPerKg >= 0.741) -> SMBGperDayPtMeterCombo >= 0.733) -> HbA1c >= 0.741)
",9999999.000,9999999.000,0.000,1.000,0.000,0,0,2,0,0,2,2,0,0.0,0.0,1.0,0.0,0.0,1.0,1
"G[0,0](((HbA1c >= 7.411 -> BUN <= 12.158) & Pt_A1cGoalLev <= 13.412) -> Pt_DKAFlg >= 6.200)
",6.200,6.200,0.000,1.000,0.000,0,0,0,2,2,0,0,2,0.0,0.0,0.0,0.0,0.0,1.0,1
"G[0,2](((TotChol <= 74.120 & bmiPerc <= 0.752) -> Pt_A1cGoalLev <= 0.698) -> WeightKg >= 0.637)
",9999999.000,9999999.000,0.000,1.000,0.000,0,0,2,0,0,2,2,0,0.0,0.0,1.0,0.0,0.0,1.0,1
"G[1,2]((WeightKg >= 20.383 | bmi >= 16.010) -> UnitsInsBasalOrLongAct <= 6.807)
",9999999.000,9999999.000,0.000,1.000,0.000,0,0,2,0,0,2,2,0,0.0,0.0,1.0,0.0,0.0,1.0,1
"G[0,1]((bmiPerc <= 0.699 -> diabDur >= 2.878) & Pt_A1cGoalLevelDsYr5 >= 2.325)
",9999999.000,9999999.000,0.000,1.000,0.000,0,0,0,2,2,0,0,2,0.0,0.0,0.0,0.0,0.0,1.0,1
"G[0,2](((age >= 4.348 -> HeightCm <= 117.074) & Pt_GrandchildT1D <= 117.331) & NumPumpBolusOrShortAct <= 116.539)
",9999999.000,9999999.000,0.000,1.000,0.000,0,0,1,1,1,1,1,1,0.0,0.0,1.0,0.0,0.0,1.0,1
"G[0,2]((age <= 4.962 & TotChol <= 74.328) | DirectLDL <= 123.283)
",9999999.000,9999999.000,0.000,1.000,0.000,0,0,2,0,0,2,2,0,0.0,0.0,1.0,0.0,0.0,1.0,1
"((Pt_GrandparentT1D >= 0.000) U[1,1] (Pt_A1cGoalLev >= 0.000))
",0.000,0.000,0.000,0.000,1.000,0,0,0,2,2,0,0,2,0.0,0.0,0.0,0.0,0.0,1.0,-1
"F[0,2]((AlbCreatRat_mggNew <= 0.000 | Pt_A1cGoalLevelDsYr5 <= 0.000) -> Triglyc <= 0.000)
",-9999999.000,-9999999.000,0.000,0.000,1.000,0,0,0,2,2,0,0,2,0.0,0.0,0.0,0.0,0.0,1.0,-1
"((GFR >= 0.000) U[0,2] (NumPumpBolusOrShortAct <= 2.671))
",-9999999.000,-9999999.000,0.000,0.000,1.000,0,0,0,2,2,0,0,2,0.0,0.0,0.0,0.0,0.0,1.0,-1
"F[0,1](HDL <= 0.000 -> DirectLDL >= 0.000)
",-9999999.000,-9999999.000,0.000,0.000,1.000,0,0,0,2,2,0,0,2,0.0,0.0,0.0,0.0,0.0,1.0,-1
"F[1,2](DirectLDL <= 0.000 -> AutonomicNeuroCl <= 0.000)
",-9999999.000,-9999999.000,0.000,0.000,1.000,0,0,0,2,2,0,0,2,0.0,0.0,0.0,0.0,0.0,1.0,-1
"F[2,2]((bmiZscore <= 0.663 & TotalDailyInsPerKg >= 0.749) | DirectLDL >= 0.724)
",-0.724,-0.724,0.000,0.000,1.000,0,0,0,2,2,0,0,2,0.0,0.0,0.0,0.0,0.0,1.0,-1
"F[0,1](((TSH >= 0.497 & bmiZscore <= 0.718) | Pt_ChildT1D <= 0.519) | BGTestAvgNumMeter >= 0.385)
",-9999999.000,-9999999.000,0.000,0.000,1.000,0,0,0,2,2,0,0,2,0.0,0.0,0.0,0.0,0.0,1.0,-1
"F[0,1](Triglyc <= 0.000 | WeightKg >= 20.715)
",-9999999.000,-9999999.000,0.000,0.000,1.000,0,0,0,2,2,0,0,2,0.0,0.0,0.0,0.0,0.0,1.0,-1
"F[1,2](((Pt_DKAFlg <= 0.000 -> LDL <= 0.000) | HDL <= 0.000) | Pt_GrandchildT1D <= 0.000)
",-9999999.000,-9999999.000,0.000,0.000,1.000,0,0,0,2,2,0,0,2,0.0,0.0,0.0,0.0,0.0,1.0,-1
"F[1,2](((TotalDailyInsPerKg <= 0.763 -> UnitsInsBasalOrLongAct <= 6.824) | BldPrDia <= 6.979) & diagAgeCombo >= 6.447)
",-9999999.000,-9999999.000,0.000,0.000,1.000,0,0,0,2,2,0,0,2,0.0,0.0,0.0,0.0,0.0,1.0,-1
"((GFR <= 0.000) U[0,2] (bmiZscore <= 0.688))
",-9999999.000,-9999999.000,0.000,0.000,1.000,0,0,0,2,2,0,0,2,0.0,0.0,0.0,0.0,0.0,1.0,-1
"((Pt_InsGov <= 0.000) U[1,2] (Pt_SiblingT1D >= 0.000))
",-9999999.000,-9999999.000,0.000,0.000,1.000,0,0,0,2,2,0,0,2,0.0,0.0,0.0,0.0,0.0,1.0,-1
"F[2,2](Pt_GrandchildT1D <= 0.000 & diabDur >= 2.148)
",-2.148,-2.148,0.000,0.000,1.000,0,0,0,2,2,0,0,2,0.0,0.0,0.0,0.0,0.0,1.0,-1
"F[2,2]((Pt_SiblingT1D <= 0.000 -> BGTestAvgNumMeter >= 8.092) | DirectLDL <= 8.358)
",8.358,8.358,0.000,0.000,1.000,0,0,0,2,2,0,0,2,0.0,0.0,0.0,0.0,0.0,1.0,-1
"F[0,1](((TotalDailyInsPerKg <= 0.778 | HbA1cImputeDtMnC >= 5.987) -> Pt_CGMUseNumDays <= 18.658) & AlbCreatRat_mggNew <= 15.064)
",-9999999.000,-9999999.000,0.000,0.000,1.000,0,0,0,2,2,0,0,2,0.0,0.0,0.0,0.0,0.0,1.0,-1
"F[2,2]((DirectLDL >= 0.000 & Pt_CGMUseNumDays <= 0.000) -> diabDur >= 0.000)
",0.000,0.000,0.000,0.000,1.000,0,0,0,2,2,0,0,2,0.0,0.0,0.0,0.0,0.0,1.0,-1
"F[0,2](((Pt_SiblingT1D <= 0.000 & Pt_CGMUseNumDays >= 0.000) & NumPumpBolusOrShortAct >= 0.000) | Pt_A1cGoalLev >= 0.000)
",-9999999.000,-9999999.000,0.000,0.000,1.000,0,0,0,2,2,0,0,2,0.0,0.0,0.0,0.0,0.0,1.0,-1
"F[0,1](((Pt_GrandchildT1D <= 0.000 -> AutonomicNeuroCl >= 0.000) -> TotChol >= 0.000) & bmiZscore >= 0.000)
",-9999999.000,-9999999.000,0.000,0.000,1.000,0,0,0,2,2,0,0,2,0.0,0.0,0.0,0.0,0.0,1.0,-1
"((UnitsInsBasalOrLongAct >= 6.247) U[1,2] (Pt_GrandparentT1D <= 0.000))
",-9999999.000,-9999999.000,0.000,0.000,1.000,0,0,0,2,2,0,0,2,0.0,0.0,0.0,0.0,0.0,1.0,-1
"F[1,2](((TSH <= 1.941 -> Pt_SHFlg >= 0.000) & TSH >= 0.000) | Pt_SiblingT1D <= 0.000)
",-9999999.000,-9999999.000,0.000,0.000,1.000,0,0,0,2,2,0,0,2,0.0,0.0,0.0,0.0,0.0,1.0,-1
"((TotalDailyInsPerKg <= 0.790) U[0,0] (Pt_SHFlg >= 0.000))
",20.581,20.581,0.000,0.000,1.000,0,0,0,2,2,0,0,2,0.0,0.0,0.0,0.0,0.0,1.0,-1
"F[0,2]((Pt_MotherT1D >= 0.000 | BUN >= 5.251) | DirectLDL >= 4.431)
",-9999999.000,-9999999.000,0.000,0.000,1.000,0,0,0,2,2,0,0,2,0.0,0.0,0.0,0.0,0.0,1.0,-1
"F[0,0](((diabDur >= 2.286 -> bmi >= 16.032) -> TotChol <= 16.144) & Pt_FatherT1D <= 16.285)
",-16.144,-16.144,0.000,0.000,1.000,0,0,0,2,2,0,0,2,0.0,0.0,0.0,0.0,0.0,1.0,-1
"F[0,1](BGTestAvgNumMeter <= 8.854 & BGTestAvgNumMeter <= 8.788)
",-9999999.000,-9999999.000,0.000,0.000,1.000,0,0,0,2,2,0,0,2,0.0,0.0,0.0,0.0,0.0,1.0,-1
"F[0,2]((AutonomicNeuroCl <= 0.000 | BUN >= 3.902) & WeightKg <= 17.328)
",-9999999.000,-9999999.000,0.000,0.000,1.000,0,0,0,2,2,0,0,2,0.0,0.0,0.0,0.0,0.0,1.0,-1
"((Pt_DKAFlg <= 0.000) U[0,2] (Pt_A1cGoalLevelDsYr5 <= 0.000))
",-9999999.000,-9999999.000,0.000,0.000,1.000,0,0,0,2,2,0,0,2,0.0,0.0,0.0,0.0,0.0,1.0,-1
"F[1,2](((Pt_InsGov >= 0.000 | Pt_ChildT1D <= 0.000) -> bmiZscore >= 0.000) -> Pt_DKAFlg >= 0.000)
",-9999999.000,-9999999.000,0.000,0.000,1.000,0,0,0,2,2,0,0,2,0.0,0.0,0.0,0.0,0.0,1.0,-1
"F[0,2](((bmi >= 15.959 -> Pt_FatherT1D <= 0.000) & age >= 0.000) & Pt_A1cGoalLev <= 0.000)
",-9999999.000,-9999999.000,0.000,0.000,1.000,0,0,0,2,2,0,0,2,0.0,0.0,0.0,0.0,0.0,1.0,-1
"((bmiPerc <= 0.761) U[2,2] (diagAgeCombo >= 0.000))
",0.761,0.761,0.000,0.000,1.000,0,0,0,2,2,0,0,2,0.0,0.0,0.0,0.0,0.0,1.0,-1
"((UnitsInsBasalOrLongAct <= 6.697) U[0,2] (GFR <= 0.000))
",-9999999.000,-9999999.000,0.000,0.000,1.000,0,0,0,2,2,0,0,2,0.0,0.0,0.0,0.0,0.0,1.0,-1
"G[2,2](age <= 4.675 -> TotalDailyInsPerKg >= 0.731)
",-4.675,-4.675,0.000,1.000,0.000,0,0,2,0,0,2,2,0,0.0,0.0,1.0,0.0,0.0,1.0,1
"F[0,2](((Pt_InsGov <= 0.000 -> Pt_InsGov >= 0.000) -> bmi >= 0.000) | Pt_ChildT1D >= 0.000)
",-9999999.000,-9999999.000,0.000,0.000,1.000,0,0,0,2,2,0,0,2,0.0,0.0,0.0,0.0,0.0,1.0,-1
"((HeightCm >= 112.929) U[0,2] (Pt_A1cGoalLev >= 0.000))
",-9999999.000,-9999999.000,0.000,0.000,1.000,0,0,0,2,2,0,0,2,0.0,0.0,0.0,0.0,0.0,1.0,-1
"F[2,2](HbA1c >= 7.690 -> Pt_A1cGoalLevelDsYr5 = 0.000)
",0.000,0.000,0.000,0.000,1.000,0,0,0,2,2,0,0,2,0.0,0.0,0.0,0.0,0.0,1.0,-1
"F[0,2]((BUN <= 14.465 & HbA1cImputeDtMnC <= 16.800) | Pt_GrandparentT1D >= 9.453)
",-9999999.000,-9999999.000,0.000,0.000,1.000,0,0,0,2,2,0,0,2,0.0,0.0,0.0,0.0,0.0,1.0,-1
"F[0,1](bmiZscore >= 0.438 | Pt_SiblingT1D >= 0.000)
",-9999999.000,-9999999.000,0.000,0.000,1.000,0,0,0,2,2,0,0,2,0.0,0.0,0.0,0.0,0.0,1.0,-1
"F[0,1](BldPrSys <= 96.925 | BldPrDia <= 55.665)
",-9999999.000,-9999999.000,0.000,0.000,1.000,0,0,0,2,2,0,0,2,0.0,0.0,0.0,0.0,0.0,1.0,-1
"F[0,2](Pt_CGMUseNumDays >= 0.000 & BldPrDia <= 59.597)
",-9999999.000,-9999999.000,0.000,0.000,1.000,0,0,0,2,2,0,0,2,0.0,0.0,0.0,0.0,0.0,1.0,-1
"((Pt_DKAFlg >= 0.000) U[1,2] (Pt_SHFlg >= 0.000))
",-9999999.000,-9999999.000,0.000,0.000,1.000,0,0,0,2,2,0,0,2,0.0,0.0,0.0,0.0,0.0,1.0,-1
"F[0,1](((Pt_A1cGoalLevelDsYr5 <= 0.000 & HeightCm >= 111.563) -> UnitsInsBasalOrLongAct <= 121.254) -> HbA1c <= 117.668)
",-9999999.000,-9999999.000,0.000,0.000,1.000,0,0,0,2,2,0,0,2,0.0,0.0,0.0,0.0,0.0,1.0,-1
"F[1,1]((TotChol <= 124.372 | BUN <= 19.514) | NumPumpBolusOrShortAct >= 5.008)
",124.372,124.372,0.000,0.000,1.000,0,0,0,2,2,0,0,2,0.0,0.0,0.0,0.0,0.0,1.0,-1
"F[2,2](((HDL >= 0.000 | WeightKg <= 23.424) -> age >= 20.905) & Pt_SHFlg <= 21.954)
",-23.424,-23.424,0.000,0.000,1.000,0,0,0,2,2,0,0,2,0.0,0.0,0.0,0.0,0.0,1.0,-1
"F[0,1](((Pt_CGMUseNumDays >= 0.000 & Pt_DKAFlg >= 0.000) -> HDL >= 0.000) | BUN >= 0.000)
",-9999999.000,-9999999.000,0.000,0.000,1.000,0,0,0,2,2,0,0,2,0.0,0.0,0.0,0.0,0.0,1.0,-1
"((BUN >= 2.523) U[0,1] (LDL <= 0.000))
",-9999999.000,-9999999.000,0.000,0.000,1.000,0,0,0,2,2,0,0,2,0.0,0.0,0.0,0.0,0.0,1.0,-1
"F[1,1](Pt_GrandparentT1D <= 0.000 & HDL <= 0.000)
",0.000,0.000,0.000,0.000,1.000,0,0,0,2,2,0,0,2,0.0,0.0,0.0,0.0,0.0,1.0,-1
"F[1,1]((LDL <= 0.000 | LDL >= 0.000) & LDL <= 0.000)
",0.000,0.000,0.000,0.000,1.000,0,0,0,2,2,0,0,2,0.0,0.0,0.0,0.0,0.0,1.0,-1
"F[0,2]((Pt_DKAFlg <= 0.000 | Pt_A1cGoalLev >= 0.000) & SMBGperDayPtMeterCombo >= 0.000)
",-9999999.000,-9999999.000,0.000,0.000,1.000,0,0,0,2,2,0,0,2,0.0,0.0,0.0,0.0,0.0,1.0,-1
"((BldPrSys <= 96.137) U[0,0] (Pt_FatherT1D >= 0.000))
",96.137,96.137,0.000,0.000,1.000,0,0,0,2,2,0,0,2,0.0,0.0,0.0,0.0,0.0,1.0,-1
"F[0,1]((TSH <= 1.645 | Pt_SHFlg >= 0.000) & GFR >= 0.000)
",-9999999.000,-9999999.000,0.000,0.000,1.000,0,0,0,2,2,0,0,2,0.0,0.0,0.0,0.0,0.0,1.0,-1
"F[1,1]((BldPrSys <= 96.043 -> Pt_A1cGoalLev >= 0.000) -> DirectLDL >= 0.000)
",0.000,0.000,0.000,0.000,1.000,0,0,0,2,2,0,0,2,0.0,0.0,0.0,0.0,0.0,1.0,-1
"F[1,1](((bmiZscore <= 0.590 & SMBGperDayPtMeterCombo >= 8.164) -> HeightCm >= 8.120) -> HbA1c <= 8.886)
",-8.886,-8.886,0.000,0.000,1.000,0,0,0,2,2,0,0,2,0.0,0.0,0.0,0.0,0.0,1.0,-1
"F[0,2](((HeightCm <= 117.934 & HeightCm <= 119.800) & BGTestAvgNumPtRep >= 111.348) | Pt_InsGov <= 119.891)
",-9999999.000,-9999999.000,0.000,0.000,1.000,0,0,0,2,2,0,0,2,0.0,0.0,0.0,0.0,0.0,1.0,-1
"F[0,2]((Pt_A1cGoalLevelDsYr5 <= 0.000 | diabDur <= 3.693) & GFR <= 3.346)
",-9999999.000,-9999999.000,0.000,0.000,1.000,0,0,0,2,2,0,0,2,0.0,0.0,0.0,0.0,0.0,1.0,-1
"F[0,1](((AutonomicNeuroCl <= 0.000 | DirectLDL >= 0.000) | WeightKg <= 0.000) & AlbCreatRat_mggNew <= 0.000)
",-9999999.000,-9999999.000,0.000,0.000,1.000,0,0,0,2,2,0,0,2,0.0,0.0,0.0,0.0,0.0,1.0,-1
"F[2,2]((bmi <= 16.256 -> Triglyc >= 0.000) | BldPrDia <= 0.000)
",0.000,0.000,0.000,0.000,1.000,0,0,0,2,2,0,0,2,0.0,0.0,0.0,0.0,0.0,1.0,-1
"F[0,0](((Pt_FatherT1D <= 0.000 | HDL >= 0.000) -> BGTestAvgNumPtRep >= 0.000) | AutonomicNeuroCl <= 0.000)
",-8.600,-8.600,0.000,0.000,1.000,0,0,0,2,2,0,0,2,0.0,0.0,0.0,0.0,0.0,1.0,-1
"F[0,2](((BldPrSys >= 93.602 -> WeightKg <= 22.170) & AutonomicNeuroCl >= 21.138) | BldPrSys >= 19.757)
",-9999999.000,-9999999.000,0.000,0.000,1.000,0,0,0,2,2,0,0,2,0.0,0.0,0.0,0.0,0.0,1.0,-1
"((AutonomicNeuroCl >= 0.000) U[1,1] (Pt_ChildT1D <= 0.000))
",0.000,0.000,0.000,0.000,1.000,0,0,0,2,2,0,0,2,0.0,0.0,0.0,0.0,0.0,1.0,-1
"F[0,0](((BldPrDia >= 54.265 -> TSH <= 1.295) & Pt_GrandparentT1D >= 0.188) -> diagAgeCombo >= 0.233)
",0.233,0.233,0.000,0.000,1.000,0,0,0,2,2,0,0,2,0.0,0.0,0.0,0.0,0.0,1.0,-1
"((BGTestAvgNumPtRep <= 0.000) U[1,2] (BldPrDia <= 59.219))
",-9999999.000,-9999999.000,0.000,0.000,1.000,0,0,0,2,2,0,0,2,0.0,0.0,0.0,0.0,0.0,1.0,-1
"((diabDur <= 3.220) U[2,2] (Pt_MotherT1D <= 0.000))
",3.220,3.220,0.000,0.000,1.000,0,0,0,2,2,0,0,2,0.0,0.0,0.0,0.0,0.0,1.0,-1
"G[0,1](bmiPerc >= 0.620 & Pt_SHFlg = 0.000)
",9999999.000,9999999.000,0.000,1.000,0.000,0,0,1,1,1,1,1,1,0.0,0.0,1.0,0.0,0.0,1.0,1
"G[0,1](UnitsInsBasalOrLongAct > 6.564 & Pt_SHFlg = 0.000)
",9999999.000,9999999.000,0.000,1.000,0.000,0,0,1,1,1,1,1,1,0.0,0.0,1.0,0.0,0.0,1.0,1
"G[2,2](diagAgeCombo <= 0.000 -> Pt_SHFlg = 0.000)
",0.000,0.000,0.000,1.000,0.000,0,0,2,0,0,2,2,0,0.0,0.0,1.0,0.0,0.0,1.0,1
"G[0,2](((Pt_ChildT1D >= 0.000 | Pt_GrandchildT1D <= 0.000) | BldPrSys >= 0.000) -> LDL >= 0.000)
",9999999.000,9999999.000,0.000,1.000,0.000,0,0,2,0,0,2,2,0,0.0,0.0,1.0,0.0,0.0,1.0,1
"G[0,1](AlbCreatRat_mggNew <= 0.000 -> bmiPerc <= 0.702)
",9999999.000,9999999.000,0.000,1.000,0.000,0,0,1,1,1,1,1,1,0.0,0.0,1.0,0.0,0.0,1.0,1
"G[0,2](HeightCm <= 116.960 & DirectLDL >= 0.000)
",9999999.000,9999999.000,0.000,1.000,0.000,0,0,1,1,1,1,1,1,0.0,0.0,1.0,0.0,0.0,1.0,1
"G[0,2](GFR <= 0.000 | NumPumpBolusOrShortAct <= 2.027)
",9999999.000,9999999.000,0.000,1.000,0.000,0,0,2,0,0,2,2,0,0.0,0.0,1.0,0.0,0.0,1.0,1
"G[1,2]((Pt_A1cGoalLevelDsYr5 <= 0.000 & Pt_SiblingT1D <= 0.000) -> Pt_SiblingT1D <= 0.000)
",9999999.000,9999999.000,0.000,1.000,0.000,0,0,2,0,0,2,2,0,0.0,0.0,1.0,0.0,0.0,1.0,1
"G[1,2](TotalDailyInsPerKg < 0.782 & Pt_SHFlg = 0.000)
",9999999.000,9999999.000,0.000,1.000,0.000,0,0,2,0,0,2,2,0,0.0,0.0,1.0,0.0,0.0,1.0,1
"G[2,2]((BldPrDia >= 51.534 | HDL >= 0.000) | GFR <= 0.000)
",0.000,0.000,0.000,1.000,0.000,0,0,2,0,0,2,2,0,0.0,0.0,1.0,0.0,0.0,1.0,1
"G[0,2]((BGTestAvgNumPtRep <= 0.000 & Pt_InsGov <= 0.000) & bmi <= 0.000)
",9999999.000,9999999.000,0.000,1.000,0.000,0,0,0,2,2,0,0,2,0.0,0.0,0.0,0.0,0.0,1.0,1
"G[1,2]((bmiZscore <= 0.582 & GFR >= 0.000) | Pt_FatherT1D >= 0.000)
",9999999.000,9999999.000,0.000,1.000,0.000,0,0,2,0,0,2,2,0,0.0,0.0,1.0,0.0,0.0,1.0,1
"G[1,2](SMBGperDayPtMeterCombo >= 8.269 & BldPrSys <= 96.510)
",9999999.000,9999999.000,0.000,1.000,0.000,0,0,1,1,1,1,1,1,0.0,0.0,1.0,0.0,0.0,1.0,1
"G[0,2]((Triglyc >= 0.000 -> BGTestAvgNumMeter <= 8.784) -> GFR <= 8.871)
",9999999.000,9999999.000,0.000,1.000,0.000,0,0,2,0,0,2,2,0,0.0,0.0,1.0,0.0,0.0,1.0,1
"F[2,2](((WeightKg <= 23.104 -> Pt_SiblingT1D >= 0.000) | HDL <= 0.000) | Pt_CGMUseNumDays >= 0.000)
",0.000,0.000,0.000,0.000,1.000,0,0,0,2,2,0,0,2,0.0,0.0,0.0,0.0,0.0,1.0,-1
"G[1,1](HbA1c >= 7.839 & DirectLDL >= 0.000)
",-7.839,-7.839,0.000,1.000,0.000,0,0,1,1,1,1,1,1,0.0,0.0,1.0,0.0,0.0,1.0,1
"G[1,2](diabDur < 3.613 & Pt_SHFlg = 0.000)
",9999999.000,9999999.000,0.000,1.000,0.000,0,0,2,0,0,2,2,0,0.0,0.0,1.0,0.0,0.0,1.0,1
"G[1,2]((Pt_InsGov <= 0.000 & Pt_SHFlg <= 0.000) & AutonomicNeuroCl >= 0.000)
",9999999.000,9999999.000,0.000,1.000,0.000,0,0,2,0,0,2,2,0,0.0,0.0,1.0,0.0,0.0,1.0,1
"G[0,2](Pt_DKAFlg >= 0.000 -> BGTestAvgNumMeter <= 8.979)
",9999999.000,9999999.000,0.000,1.000,0.000,0,0,1,1,1,1,1,1,0.0,0.0,1.0,0.0,0.0,1.0,1
"G[0,2](((HbA1cImputeDtMnC <= 12.239 | BGTestAvgNumPtRep >= 0.000) & DirectLDL >= 0.000) & HeightCm <= 0.000)
",9999999.000,9999999.000,0.000,1.000,0.000,0,0,0,2,2,0,0,2,0.0,0.0,0.0,0.0,0.0,1.0,1
"G[2,2]((NumPumpBolusOrShortAct >= 0.876 -> HbA1cImputeDtMnC >= 1.435) -> TotChol >= 1.398)
",-0.876,-0.876,0.000,1.000,0.000,0,0,2,0,0,2,2,0,0.0,0.0,1.0,0.0,0.0,1.0,1
"G[1,2](((NumPumpBolusOrShortAct >= 0.217 | Pt_SiblingT1D >= 0.000) | DirectLDL >= 0.000) & Pt_GrandchildT1D >= 0.000)
",9999999.000,9999999.000,0.000,1.000,0.000,0,0,2,0,0,2,2,0,0.0,0.0,1.0,0.0,0.0,1.0,1
"G[2,2]((BldPrSys >= 92.292 & UnitsInsBasalOrLongAct <= 6.943) -> DirectLDL <= 6.775)
",-6.775,-6.775,0.000,1.000,0.000,0,0,2,0,0,2,2,0,0.0,0.0,1.0,0.0,0.0,1.0,1
"G[1,2]((diabDur >= 2.859 -> SMBGperDayPtMeterCombo >= 8.260) & bmi <= 8.622)
",9999999.000,9999999.000,0.000,1.000,0.000,0,0,1,1,1,1,1,1,0.0,0.0,1.0,0.0,0.0,1.0,1
"G[0,2](((BGTestAvgNumMeter <= 8.644 & bmi <= 16.194) -> AutonomicNeuroCl <= 16.342) | Pt_FatherT1D <= 16.336)
",9999999.000,9999999.000,0.000,1.000,0.000,0,0,2,0,0,2,2,0,0.0,0.0,1.0,0.0,0.0,1.0,1
"G[0,2](((bmi >= 16.102 & TotalDailyInsPerKg <= 0.790) & bmi <= 0.753) & bmi <= 0.754)
",9999999.000,9999999.000,0.000,1.000,0.000,0,0,0,2,2,0,0,2,0.0,0.0,0.0,0.0,0.0,1.0,1
"G[2,2]((bmiZscore >= 0.324 | diabDur >= 2.032) -> Pt_SHFlg >= 2.282)
",0.324,0.324,0.000,1.000,0.000,0,0,2,0,0,2,2,0,0.0,0.0,1.0,0.0,0.0,1.0,1
"G[1,2](HeightCm >= 111.365 & SMBGperDayPtMeterCombo <= 8.379)
",9999999.000,9999999.000,0.000,1.000,0.000,0,0,2,0,0,2,2,0,0.0,0.0,1.0,0.0,0.0,1.0,1
"G[0,2](AutonomicNeuroCl >= 0.000 & UnitsInsBasalOrLongAct >= 6.328)
",9999999.000,9999999.000,0.000,1.000,0.000,0,0,1,1,1,1,1,1,0.0,0.0,1.0,0.0,0.0,1.0,1
"G[2,2](AutonomicNeuroCl <= 0.000 & Pt_SHFlg = 0.000)
",0.000,0.000,0.000,1.000,0.000,0,0,2,0,0,2,2,0,0.0,0.0,1.0,0.0,0.0,1.0,1
"G[0,2](Pt_A1cGoalLev <= 0.000 & Pt_SHFlg = 0.000)
",9999999.000,9999999.000,0.000,1.000,0.000,0,0,2,0,0,2,2,0,0.0,0.0,1.0,0.0,0.0,1.0,1
"F[2,2](((HbA1cImputeDtMnC <= 11.249 | WeightKg <= 22.531) -> age <= 21.951) -> diagAgeCombo <= 21.780)
",-21.780,-21.780,0.000,0.000,1.000,0,0,0,2,2,0,0,2,0.0,0.0,0.0,0.0,0.0,1.0,-1
"F[0,0]((Pt_DKAFlg >= 0.000 | LDL >= 0.000) -> Pt_CGMUseNumDays >= 0.000)
",-31762.000,-31762.000,0.000,0.000,1.000,0,0,0,2,2,0,0,2,0.0,0.0,0.0,0.0,0.0,1.0,-1
"F[0,2](((age >= 4.153 | Pt_CGMUseNumDays <= 0.000) & Pt_DKAFlg <= 0.000) | AlbCreatRat_mggNew >= 0.000)
",-9999999.000,-9999999.000,0.000,0.000,1.000,0,0,0,2,2,0,0,2,0.0,0.0,0.0,0.0,0.0,1.0,-1
"F[2,2](((Pt_SiblingT1D <= 0.000 -> Triglyc >= 0.000) & TotChol <= 0.000) | bmiPerc <= 0.000)
",0.000,0.000,0.000,0.000,1.000,0,0,0,2,2,0,0,2,0.0,0.0,0.0,0.0,0.0,1.0,-1
"G[0,1](SMBGperDayPtMeterCombo >= 8.150 & BGTestAvgNumPtRep >= 0.000)
",9999999.000,9999999.000,0.000,1.000,0.000,0,0,1,1,1,1,1,1,0.0,0.0,1.0,0.0,0.0,1.0,1
"G[0,1](AutonomicNeuroCl > 0.000 & Pt_SHFlg = 0.000)
",9999999.000,9999999.000,0.000,1.000,0.000,0,0,0,2,2,0,0,2,0.0,0.0,0.0,0.0,0.0,1.0,1
"G[1,2](((Triglyc <= 0.000 -> bmiPerc <= 0.688) & Pt_MotherT1D >= 0.683) & LDL >= 0.654)
",9999999.000,9999999.000,0.000,1.000,0.000,0,0,1,1,1,1,1,1,0.0,0.0,1.0,0.0,0.0,1.0,1
"G[0,2](SMBGperDayPtMeterCombo <= 8.526 | TotalDailyInsPerKg <= 0.800)
",9999999.000,9999999.000,0.000,1.000,0.000,0,0,1,1,1,1,1,1,0.0,0.0,1.0,0.0,0.0,1.0,1
"G[1,2](((UnitsInsBasalOrLongAct <= 6.959 -> Pt_SHFlg >= 0.000) | BGTestAvgNumPtRep <= 0.000) -> Pt_MotherT1D <= 0.000)
",9999999.000,9999999.000,0.000,1.000,0.000,0,0,2,0,0,2,2,0,0.0,0.0,1.0,0.0,0.0,1.0,1
"G[0,2](Pt_ChildT1D <= 0.000 & Pt_ChildT1D >= 0.000)
",9999999.000,9999999.000,0.000,1.000,0.000,0,0,2,0,0,2,2,0,0.0,0.0,1.0,0.0,0.0,1.0,1
"G[0,2]((bmiPerc >= 0.626 & bmiZscore >= 0.487) & Pt_MotherT1D >= 0.461)
",9999999.000,9999999.000,0.000,1.000,0.000,0,0,0,2,2,0,0,2,0.0,0.0,0.0,0.0,0.0,1.0,1
"G[0,2](GFR <= 0.000 -> BUN >= 2.523)
",9999999.000,9999999.000,0.000,1.000,0.000,0,0,0,2,2,0,0,2,0.0,0.0,0.0,0.0,0.0,1.0,1
"G[0,2]((BldPrDia >= 50.982 & BGTestAvgNumPtRep <= 0.000) | HDL >= 0.000)
",9999999.000,9999999.000,0.000,1.000,0.000,0,0,2,0,0,2,2,0,0.0,0.0,1.0,0.0,0.0,1.0,1
"G[0,1](((BldPrDia <= 62.257 -> age >= 4.421) | Pt_FatherT1D >= 4.608) | HDL >= 4.214)
",9999999.000,9999999.000,0.000,1.000,0.000,0,0,1,1,1,1,1,1,0.0,0.0,1.0,0.0,0.0,1.0,1
"G[0,2]((BGTestAvgNumPtRep >= 0.000 -> Pt_ChildT1D <= 0.000) | AlbCreatRat_mggNew <= 0.000)
",9999999.000,9999999.000,0.000,1.000,0.000,0,0,2,0,0,2,2,0,0.0,0.0,1.0,0.0,0.0,1.0,1
"G[0,0](((NumPumpBolusOrShortAct <= 2.019 & BldPrSys >= 92.775) & HeightCm >= 93.358) & BGTestAvgNumMeter >= 91.488)
",-92.775,-92.775,0.000,1.000,0.000,0,0,0,2,2,0,0,2,0.0,0.0,0.0,0.0,0.0,1.0,1
"G[0,2](((BUN <= 17.455 | BldPrSys >= 92.126) -> Triglyc >= 91.575) & GFR <= 96.843)
",9999999.000,9999999.000,0.000,1.000,0.000,0,0,0,2,2,0,0,2,0.0,0.0,0.0,0.0,0.0,1.0,1
"G[0,2](((Pt_A1cGoalLevelDsYr5 <= 0.000 -> age >= 4.045) | WeightKg >= 4.328) | HbA1cImputeDtMnC >= 4.175)
",9999999.000,9999999.000,0.000,1.000,0.000,0,0,2,0,0,2,2,0,0.0,0.0,1.0,0.0,0.0,1.0,1
"G[1,2](Triglyc <= 0.000 -> LDL >= 0.000)
",9999999.000,9999999.000,0.000,1.000,0.000,0,0,2,0,0,2,2,0,0.0,0.0,1.0,0.0,0.0,1.0,1
"G[0,1]((BldPrSys <= 98.667 & TotalDailyInsPerKg >= 0.737) & GFR >= 0.739)
",9999999.000,9999999.000,0.000,1.000,0.000,0,0,0,2,2,0,0,2,0.0,0.0,0.0,0.0,0.0,1.0,1
"G[0,1]((diabDur >= 2.209 -> HeightCm <= 121.525) & GFR >= 110.928)
",9999999.000,9999999.000,0.000,1.000,0.000,0,0,0,2,2,0,0,2,0.0,0.0,0.0,0.0,0.0,1.0,1
"G[1,2]((diabDur <= 3.770 & HbA1cImputeDtMnC <= 16.765) -> Triglyc <= 16.174)
",9999999.000,9999999.000,0.000,1.000,0.000,0,0,2,0,0,2,2,0,0.0,0.0,1.0,0.0,0.0,1.0,1
"G[2,2](((bmi >= 16.072 -> UnitsInsBasalOrLongAct <= 6.773) | Pt_ChildT1D <= 6.928) & diagAgeCombo <= 6.680)
",6.680,6.680,0.000,1.000,0.000,0,0,2,0,0,2,2,0,0.0,0.0,1.0,0.0,0.0,1.0,1
"G[1,2](TotalDailyInsPerKg <= 0.780 -> Pt_GrandparentT1D >= 0.000)
",9999999.000,9999999.000,0.000,1.000,0.000,0,0,2,0,0,2,2,0,0.0,0.0,1.0,0.0,0.0,1.0,1
"G[1,1]((Pt_InsGov <= 0.000 | bmiPerc <= 0.698) -> Pt_MotherT1D >= 0.637)
",-0.698,-0.698,0.000,1.000,0.000,0,0,1,1,1,1,1,1,0.0,0.0,1.0,0.0,0.0,1.0,1
"((HbA1c <= 8.496) U[0,0] (Pt_SiblingT1D <= 0.000))
",6.376,6.376,0.000,0.000,1.000,0,0,0,2,2,0,0,2,0.0,0.0,0.0,0.0,0.0,1.0,-1
