Rule,Discrimination Score,Pos Robustness,Neg Robustness,Percent Class +,Percent Class -,TP,TN,FP,FN,Actual Yes,Actual No,Predicted Yes,Predicted No,TPR/Sens,TNR/Spec,FPR,Precision,Accuracy,MCR
"G[0,0](((UnitsInsBasalOrLongAct <= 9.526 -> TotChol >= 181.291) & HbA1c >= 183.850) -> TSH >= 179.184)
",174.184,174.184,0.000,1.000,0.000,2,0,0,0,2,0,2,0,1.0,0.0,0.0,1.0,1.3333333333333333,-0.33333333333333326
"G[0,0](Pt_GrandparentT1D <= 0.000 | HDL <= 82.400)
",0.000,0.000,0.000,1.000,0.000,2,0,0,0,2,0,2,0,1.0,0.0,0.0,1.0,1.3333333333333333,-0.33333333333333326
"G[0,0](HDL >= 75.490 -> LDL >= 79.662)
",-23.510,-23.510,0.000,1.000,0.000,2,0,0,0,2,0,2,0,1.0,0.0,0.0,1.0,1.3333333333333333,-0.33333333333333326
"G[0,0]((WeightKg >= 57.654 | bmi >= 19.602) -> UnitsInsBasalOrLongAct <= 9.391)
",-9.391,-9.391,0.000,1.000,0.000,2,0,0,0,2,0,2,0,1.0,0.0,0.0,1.0,1.3333333333333333,-0.33333333333333326
"G[0,0](UnitsInsBasalOrLongAct >= 8.590 & DirectLDL >= 0.000)
",-8.590,-8.590,0.000,1.000,0.000,2,0,0,0,2,0,2,0,1.0,0.0,0.0,1.0,1.3333333333333333,-0.33333333333333326
"G[0,0]((WeightKg >= 58.191 & BGTestAvgNumPtRep >= 6.082) -> bmiPerc >= 5.524)
",-16.091,-16.091,0.000,1.000,0.000,2,0,0,0,2,0,2,0,1.0,0.0,0.0,1.0,1.3333333333333333,-0.33333333333333326
"G[0,0](GFR <= 48.584 -> BUN >= 26.711)
",-53.289,-53.289,0.000,1.000,0.000,2,0,0,0,2,0,2,0,1.0,0.0,0.0,1.0,1.3333333333333333,-0.33333333333333326
"G[0,0](((TotalDailyInsPerKg <= 0.177 | diagAgeCombo <= 26.334) | Pt_MotherT1D <= 28.896) & TotChol >= 2.128)
",28.896,28.896,0.000,1.000,0.000,2,0,0,0,2,0,2,0,1.0,0.0,0.0,1.0,1.3333333333333333,-0.33333333333333326
"G[0,0](((HbA1c <= 6.271 | WeightKg >= 56.654) & BldPrDia >= 57.796) | BGTestAvgNumPtRep >= 56.120)
",3.401,3.401,0.000,1.000,0.000,2,0,0,0,2,0,2,0,1.0,0.0,0.0,1.0,1.3333333333333333,-0.33333333333333326
"G[0,0](bmi <= 21.062 -> Pt_SHFlg = 0.000)
",-21.062,-21.062,0.000,1.000,0.000,2,0,0,0,2,0,2,0,1.0,0.0,0.0,1.0,1.3333333333333333,-0.33333333333333326
"G[0,0](WeightKg >= 57.557 -> HeightCm >= 170.180)
",52.557,52.557,0.000,1.000,0.000,2,0,0,0,2,0,2,0,1.0,0.0,0.0,1.0,1.3333333333333333,-0.33333333333333326
"G[0,0]((AlbCreatRat_mggNew <= 2.659 -> diabDur <= 7.994) | age >= 6.257)
",22.341,22.341,0.000,1.000,0.000,2,0,0,0,2,0,2,0,1.0,0.0,0.0,1.0,1.3333333333333333,-0.33333333333333326
"G[0,0](((HeightCm <= 170.180 & Pt_SHFlg >= 0.000) | Triglyc <= 0.000) & Triglyc >= 0.000)
",-0.929,-0.929,0.000,1.000,0.000,2,0,0,0,2,0,2,0,1.0,0.0,0.0,1.0,1.3333333333333333,-0.33333333333333326
"G[0,0](((bmi <= 21.137 | Pt_SiblingT1D <= 0.000) | Pt_FatherT1D <= 0.000) -> HDL >= 0.000)
",-99.000,-99.000,0.000,1.000,0.000,2,0,0,0,2,0,2,0,1.0,0.0,0.0,1.0,1.3333333333333333,-0.33333333333333326
"G[0,0](Pt_CGMUseNumDays >= 0.000 -> BUN <= 28.107)
",-31868.000,-31868.000,0.000,1.000,0.000,1,0,0,1,2,0,1,1,0.5,0.0,0.0,1.0,0.6666666666666666,0.33333333333333337
"G[1,1](((age <= 36.985 & SMBGperDayPtMeterCombo >= 5.036) -> UnitsInsBasalOrLongAct >= 5.298) -> SMBGperDayPtMeterCombo >= 5.945)
",-5.036,-5.036,0.000,1.000,0.000,1,0,1,0,1,1,2,0,1.0,0.0,1.0,0.5,0.6666666666666666,0.33333333333333337
"G[0,1](((AutonomicNeuroCl >= 0.000 & BldPrSys <= 109.094) | SMBGperDayPtMeterCombo <= 109.794) & Pt_MotherT1D <= 113.314)
",9999999.000,9999999.000,0.000,1.000,0.000,1,0,1,0,1,1,2,0,1.0,0.0,1.0,0.5,0.6666666666666666,0.33333333333333337
"G[0,0](BUN >= 27.234 | GFR <= 48.574)
",52.766,52.766,0.000,1.000,0.000,1,0,0,1,2,0,1,1,0.5,0.0,0.0,1.0,0.6666666666666666,0.33333333333333337
"G[0,1](((BUN <= 27.713 -> diagAgeCombo <= 26.754) | Pt_ChildT1D >= 1.570) -> LDL >= 5.403)
",9999999.000,9999999.000,0.000,1.000,0.000,1,0,1,0,1,1,2,0,1.0,0.0,1.0,0.5,0.6666666666666666,0.33333333333333337
"G[0,1]((NumPumpBolusOrShortAct <= 1.530 | Triglyc <= 94.319) | Pt_SiblingT1D <= 93.900)
",9999999.000,9999999.000,0.000,1.000,0.000,1,0,1,0,1,1,2,0,1.0,0.0,1.0,0.5,0.6666666666666666,0.33333333333333337
"G[0,1]((DirectLDL <= 0.000 | NumPumpBolusOrShortAct >= 0.685) -> HbA1c >= 0.908)
",9999999.000,9999999.000,0.000,1.000,0.000,1,0,1,0,1,1,2,0,1.0,0.0,1.0,0.5,0.6666666666666666,0.33333333333333337
"G[1,1](((bmiZscore >= -0.896 | Triglyc >= 82.755) -> HDL <= 101.922) | BGTestAvgNumPtRep >= 88.177)
",-88.177,-88.177,0.000,1.000,0.000,1,0,1,0,1,1,2,0,1.0,0.0,1.0,0.5,0.6666666666666666,0.33333333333333337
"G[0,1]((GFR >= 45.740 & TotChol <= 189.765) -> Triglyc <= 194.683)
",9999999.000,9999999.000,0.000,1.000,0.000,1,0,1,0,1,1,2,0,1.0,0.0,1.0,0.5,0.6666666666666666,0.33333333333333337
"G[0,1](bmiZscore >= -0.923 -> diabDur <= 7.256)
",9999999.000,9999999.000,0.000,1.000,0.000,1,0,1,0,1,1,2,0,1.0,0.0,1.0,0.5,0.6666666666666666,0.33333333333333337
"G[1,1]((HDL <= 84.204 -> WeightKg <= 61.023) -> WeightKg <= 60.211)
",-60.211,-60.211,0.000,1.000,0.000,1,0,1,0,1,1,2,0,1.0,0.0,1.0,0.5,0.6666666666666666,0.33333333333333337
"G[0,1](bmiZscore >= -0.942 -> HDL >= 78.660)
",9999999.000,9999999.000,0.000,1.000,0.000,1,0,1,0,1,1,2,0,1.0,0.0,1.0,0.5,0.6666666666666666,0.33333333333333337
"G[0,1](((HbA1cImputeDtMnC <= 20.770 | Pt_A1cGoalLev >= 0.034) -> BGTestAvgNumPtRep >= 0.479) | bmiPerc <= 3.362)
",9999999.000,9999999.000,0.000,1.000,0.000,1,0,1,0,1,1,2,0,1.0,0.0,1.0,0.5,0.6666666666666666,0.33333333333333337
"G[1,1](((Pt_MotherT1D >= 0.000 -> HDL >= 74.840) & LDL >= 76.127) | bmi <= 84.322)
",84.322,84.322,0.000,1.000,0.000,1,0,1,0,1,1,2,0,1.0,0.0,1.0,0.5,0.6666666666666666,0.33333333333333337
"G[1,1](((LDL >= 84.353 & WeightKg <= 62.177) -> Pt_InsGov <= 61.464) | NumPumpBolusOrShortAct <= 61.341)
",61.341,61.341,0.000,1.000,0.000,1,0,1,0,1,1,2,0,1.0,0.0,1.0,0.5,0.6666666666666666,0.33333333333333337
"G[0,1](((diagAgeCombo <= 25.902 -> Pt_A1cGoalLevelDsYr5 <= 0.000) | HeightCm >= 0.000) | DirectLDL >= 0.000)
",9999999.000,9999999.000,0.000,1.000,0.000,1,0,1,0,1,1,2,0,1.0,0.0,1.0,0.5,0.6666666666666666,0.33333333333333337
"G[0,0]((LDL <= 96.345 & Pt_A1cGoalLev <= 4.616) & HDL >= 1.811)
",-24.384,-24.384,0.000,1.000,0.000,1,0,0,1,2,0,1,1,0.5,0.0,0.0,1.0,0.6666666666666666,0.33333333333333337
"G[0,1](((Pt_InsGov >= 0.000 -> TotalDailyInsPerKg <= 0.154) & NumPumpBolusOrShortAct >= 0.087) -> BUN >= 0.031)
",9999999.000,9999999.000,0.000,1.000,0.000,1,0,1,0,1,1,2,0,1.0,0.0,1.0,0.5,0.6666666666666666,0.33333333333333337
"G[0,1](((GFR <= 49.910 & TotalDailyInsPerKg >= 0.068) | Pt_A1cGoalLev >= 0.129) & AutonomicNeuroCl <= 0.156)
",9999999.000,9999999.000,0.000,1.000,0.000,1,0,0,1,2,0,1,1,0.5,0.0,0.0,1.0,0.6666666666666666,0.33333333333333337
"G[0,1](((GFR >= 47.466 | HbA1cImputeDtMnC <= 19.792) -> BldPrDia <= 15.106) -> SMBGperDayPtMeterCombo >= 6.894)
",9999999.000,9999999.000,0.000,1.000,0.000,1,0,1,0,1,1,2,0,1.0,0.0,1.0,0.5,0.6666666666666666,0.33333333333333337
"G[0,1]((Triglyc >= 81.959 & HeightCm >= 170.180) | NumPumpBolusOrShortAct <= 170.180)
",9999999.000,9999999.000,0.000,1.000,0.000,1,0,1,0,1,1,2,0,1.0,0.0,1.0,0.5,0.6666666666666666,0.33333333333333337
"G[0,1](((HDL >= 75.475 -> TotalDailyInsPerKg >= 0.049) -> TSH >= 0.038) -> BldPrSys >= 0.096)
",9999999.000,9999999.000,0.000,1.000,0.000,1,0,1,0,1,1,2,0,1.0,0.0,1.0,0.5,0.6666666666666666,0.33333333333333337
"G[1,1](DirectLDL >= 0.000 & TSH <= 2.404)
",0.000,0.000,0.000,1.000,0.000,1,0,1,0,1,1,2,0,1.0,0.0,1.0,0.5,0.6666666666666666,0.33333333333333337
"G[0,1](((Pt_SHFlg <= 0.000 & NumPumpBolusOrShortAct >= 0.278) & TotChol <= 1.899) -> Pt_DKAFlg >= 0.970)
",9999999.000,9999999.000,0.000,1.000,0.000,1,0,1,0,1,1,2,0,1.0,0.0,1.0,0.5,0.6666666666666666,0.33333333333333337
"G[0,1](HDL >= 76.832 | Pt_SHFlg <= 0.000)
",9999999.000,9999999.000,0.000,1.000,0.000,1,0,1,0,1,1,2,0,1.0,0.0,1.0,0.5,0.6666666666666666,0.33333333333333337
"G[0,1](BGTestAvgNumMeter <= 0.000 & HeightCm <= 170.180)
",9999999.000,9999999.000,0.000,1.000,0.000,1,0,1,0,1,1,2,0,1.0,0.0,1.0,0.5,0.6666666666666666,0.33333333333333337
"G[0,1](((Pt_ChildT1D <= 0.000 -> BGTestAvgNumMeter >= 0.000) -> Pt_A1cGoalLevelDsYr5 >= 0.000) & DirectLDL <= 0.000)
",9999999.000,9999999.000,0.000,1.000,0.000,1,0,1,0,1,1,2,0,1.0,0.0,1.0,0.5,0.6666666666666666,0.33333333333333337
"G[1,1](((bmiZscore <= -0.894 | Pt_MotherT1D <= 0.000) | BldPrSys <= 0.000) | bmiZscore <= 0.000)
",0.000,0.000,0.000,1.000,0.000,1,0,1,0,1,1,2,0,1.0,0.0,1.0,0.5,0.6666666666666666,0.33333333333333337
"G[1,1]((TotChol <= 191.808 & NumPumpBolusOrShortAct <= 1.203) | DirectLDL <= 2.496)
",2.496,2.496,0.000,1.000,0.000,1,0,1,0,1,1,2,0,1.0,0.0,1.0,0.5,0.6666666666666666,0.33333333333333337
"G[0,0]((TotChol >= 182.326 & SMBGperDayPtMeterCombo <= 7.757) & BldPrDia >= 5.072)
",-97.326,-97.326,0.000,1.000,0.000,1,0,0,1,2,0,1,1,0.5,0.0,0.0,1.0,0.6666666666666666,0.33333333333333337
"G[0,1]((diagAgeCombo <= 20.692 -> Pt_FatherT1D >= 0.000) | TotChol >= 0.000)
",9999999.000,9999999.000,0.000,1.000,0.000,1,0,1,0,1,1,2,0,1.0,0.0,1.0,0.5,0.6666666666666666,0.33333333333333337
"G[0,1]((BldPrDia <= 61.663 & BUN >= 26.919) | BldPrDia >= 25.367)
",9999999.000,9999999.000,0.000,1.000,0.000,1,0,1,0,1,1,2,0,1.0,0.0,1.0,0.5,0.6666666666666666,0.33333333333333337
"G[1,1](bmi <= 21.302 -> BGTestAvgNumMeter <= 0.000)
",-21.302,-21.302,0.000,1.000,0.000,1,0,1,0,1,1,2,0,1.0,0.0,1.0,0.5,0.6666666666666666,0.33333333333333337
"G[0,1](((UnitsInsBasalOrLongAct <= 9.710 -> Pt_CGMUseNumDays >= 0.000) -> BldPrSys <= 0.000) -> HbA1cImputeDtMnC >= 0.000)
",9999999.000,9999999.000,0.000,1.000,0.000,1,0,1,0,1,1,2,0,1.0,0.0,1.0,0.5,0.6666666666666666,0.33333333333333337
"G[0,1](((Pt_SiblingT1D <= 0.000 | Pt_SHFlg >= 0.000) & bmi >= 0.000) | bmi >= 0.000)
",9999999.000,9999999.000,0.000,1.000,0.000,1,0,1,0,1,1,2,0,1.0,0.0,1.0,0.5,0.6666666666666666,0.33333333333333337
"G[1,1](((HDL <= 81.571 | Pt_GrandparentT1D >= 0.000) -> Pt_InsGov >= 0.000) -> BGTestAvgNumMeter <= 0.000)
",0.000,0.000,0.000,1.000,0.000,1,0,1,0,1,1,2,0,1.0,0.0,1.0,0.5,0.6666666666666666,0.33333333333333337
"G[1,1](((TSH <= 1.968 | TotChol >= 179.152) & bmi <= 187.668) | bmiZscore <= 192.793)
",192.793,192.793,0.000,1.000,0.000,1,0,1,0,1,1,2,0,1.0,0.0,1.0,0.5,0.6666666666666666,0.33333333333333337
"G[0,1](((diabDur >= 6.129 -> BldPrSys <= 114.226) & NumPumpBolusOrShortAct >= 105.757) | UnitsInsBasalOrLongAct <= 114.918)
",9999999.000,9999999.000,0.000,1.000,0.000,1,0,1,0,1,1,2,0,1.0,0.0,1.0,0.5,0.6666666666666666,0.33333333333333337
"G[0,1](UnitsInsBasalOrLongAct <= 9.186 | WeightKg <= 58.244)
",9999999.000,9999999.000,0.000,1.000,0.000,1,0,1,0,1,1,2,0,1.0,0.0,1.0,0.5,0.6666666666666666,0.33333333333333337
"G[0,1]((BldPrSys <= 116.496 | UnitsInsBasalOrLongAct >= 8.723) | Pt_SiblingT1D >= 8.822)
",9999999.000,9999999.000,0.000,1.000,0.000,1,0,1,0,1,1,2,0,1.0,0.0,1.0,0.5,0.6666666666666666,0.33333333333333337
"G[0,1](Pt_MotherT1D >= 0.000 -> Pt_ChildT1D >= 0.000)
",9999999.000,9999999.000,0.000,1.000,0.000,1,0,1,0,1,1,2,0,1.0,0.0,1.0,0.5,0.6666666666666666,0.33333333333333337
"G[0,1](((diabDur >= 6.189 | HDL <= 82.443) | Pt_InsGov <= 81.810) | SMBGperDayPtMeterCombo <= 80.311)
",9999999.000,9999999.000,0.000,1.000,0.000,1,0,1,0,1,1,2,0,1.0,0.0,1.0,0.5,0.6666666666666666,0.33333333333333337
"G[0,1](((BldPrSys >= 105.500 & LDL <= 90.281) -> TSH >= 84.427) | BGTestAvgNumPtRep <= 92.028)
",9999999.000,9999999.000,0.000,1.000,0.000,1,0,1,0,1,1,2,0,1.0,0.0,1.0,0.5,0.6666666666666666,0.33333333333333337
"G[1,1]((bmiPerc <= 0.000 | BldPrDia >= 60.568) | BUN <= 61.250)
",61.250,61.250,0.000,1.000,0.000,1,0,1,0,1,1,2,0,1.0,0.0,1.0,0.5,0.6666666666666666,0.33333333333333337
"G[1,1]((NumPumpBolusOrShortAct >= 0.036 & Pt_ChildT1D <= 0.000) -> BldPrDia >= 0.000)
",0.000,0.000,0.000,1.000,0.000,1,0,1,0,1,1,2,0,1.0,0.0,1.0,0.5,0.6666666666666666,0.33333333333333337
"G[0,0](HeightCm >= 170.180 & GFR <= 49.486)
",-107.580,-107.580,0.000,1.000,0.000,1,0,0,1,2,0,1,1,0.5,0.0,0.0,1.0,0.6666666666666666,0.33333333333333337
"G[1,1](TotalDailyInsPerKg >= 0.010 & Pt_SHFlg = 0.000)
",-0.010,-0.010,0.000,1.000,0.000,1,0,1,0,1,1,2,0,1.0,0.0,1.0,0.5,0.6666666666666666,0.33333333333333337
"G[1,1](Pt_A1cGoalLevelDsYr5 < 0.000 -> Pt_SHFlg = 0.000)
",0.000,0.000,0.000,1.000,0.000,1,0,1,0,1,1,2,0,1.0,0.0,1.0,0.5,0.6666666666666666,0.33333333333333337
"G[0,1](GFR <= 49.765 -> BUN >= 26.626)
",9999999.000,9999999.000,0.000,1.000,0.000,1,0,1,0,1,1,2,0,1.0,0.0,1.0,0.5,0.6666666666666666,0.33333333333333337
"G[0,1]((DirectLDL <= 0.000 & BGTestAvgNumMeter <= 0.000) | AutonomicNeuroCl >= 0.000)
",9999999.000,9999999.000,0.000,1.000,0.000,1,0,1,0,1,1,2,0,1.0,0.0,1.0,0.5,0.6666666666666666,0.33333333333333337
"G[0,1](((TotalDailyInsPerKg <= 0.179 -> BUN <= 28.712) -> BldPrSys <= 27.717) -> Pt_MotherT1D >= 26.572)
",9999999.000,9999999.000,0.000,1.000,0.000,1,0,0,1,2,0,1,1,0.5,0.0,0.0,1.0,0.6666666666666666,0.33333333333333337
"G[1,1](SMBGperDayPtMeterCombo >= 5.873 & BGTestAvgNumPtRep >= 5.467)
",-5.873,-5.873,0.000,1.000,0.000,1,0,1,0,1,1,2,0,1.0,0.0,1.0,0.5,0.6666666666666666,0.33333333333333337
"G[0,1]((WeightKg >= 55.798 | bmi >= 19.470) -> UnitsInsBasalOrLongAct <= 9.260)
",9999999.000,9999999.000,0.000,1.000,0.000,1,0,0,1,2,0,1,1,0.5,0.0,0.0,1.0,0.6666666666666666,0.33333333333333337
"G[1,1](UnitsInsBasalOrLongAct > 8.111 -> Pt_SHFlg = 0.000)
",0.000,0.000,0.000,1.000,0.000,1,0,1,0,1,1,2,0,1.0,0.0,1.0,0.5,0.6666666666666666,0.33333333333333337
"G[0,1](((BldPrSys >= 104.465 | WeightKg >= 56.905) & TSH <= 59.656) | BGTestAvgNumMeter <= 59.121)
",9999999.000,9999999.000,0.000,1.000,0.000,1,0,1,0,1,1,2,0,1.0,0.0,1.0,0.5,0.6666666666666666,0.33333333333333337
"G[1,1](GFR <= 49.342 -> BUN >= 26.603)
",-49.342,-49.342,0.000,1.000,0.000,1,0,1,0,1,1,2,0,1.0,0.0,1.0,0.5,0.6666666666666666,0.33333333333333337
"G[0,1]((WeightKg >= 56.434 | bmi >= 20.021) -> UnitsInsBasalOrLongAct <= 9.326)
",9999999.000,9999999.000,0.000,1.000,0.000,1,0,1,0,1,1,2,0,1.0,0.0,1.0,0.5,0.6666666666666666,0.33333333333333337
"G[0,1]((BGTestAvgNumPtRep >= 5.742 & Pt_DKAFlg >= 0.000) -> Pt_SiblingT1D <= 0.000)
",9999999.000,9999999.000,0.000,1.000,0.000,1,0,1,0,1,1,2,0,1.0,0.0,1.0,0.5,0.6666666666666666,0.33333333333333337
"G[0,1]((bmiZscore >= -0.969 | Pt_A1cGoalLev <= 5.784) | TotalDailyInsPerKg >= 1.595)
",9999999.000,9999999.000,0.000,1.000,0.000,1,0,1,0,1,1,2,0,1.0,0.0,1.0,0.5,0.6666666666666666,0.33333333333333337
"G[1,1](((LDL >= 86.498 & GFR >= 46.410) | bmi >= 45.377) | DirectLDL <= 48.393)
",48.393,48.393,0.000,1.000,0.000,1,0,1,0,1,1,2,0,1.0,0.0,1.0,0.5,0.6666666666666666,0.33333333333333337
"G[1,1](((TotChol >= 184.290 -> BUN <= 28.885) | Pt_MotherT1D <= 27.527) -> Pt_SHFlg <= 28.835)
",-28.835,-28.835,0.000,1.000,0.000,1,0,1,0,1,1,2,0,1.0,0.0,1.0,0.5,0.6666666666666666,0.33333333333333337
"G[1,1](((BGTestAvgNumPtRep >= 5.757 & HbA1cImputeDtMnC <= 22.928) | BldPrDia <= 19.232) -> BldPrDia <= 14.305)
",-19.232,-19.232,0.000,1.000,0.000,0,0,1,1,1,1,1,1,0.0,0.0,1.0,0.0,0.0,1.0
"G[0,2](((Pt_DKAFlg <= 0.000 | Pt_CGMUseNumDays >= 0.000) -> UnitsInsBasalOrLongAct >= 0.000) | Pt_SiblingT1D <= 0.000)
",9999999.000,9999999.000,0.000,1.000,0.000,0,0,2,0,0,2,2,0,0.0,0.0,1.0,0.0,0.0,1.0
"G[0,2]((LDL <= 93.655 & Pt_GrandchildT1D <= 0.000) | SMBGperDayPtMeterCombo >= 0.000)
",9999999.000,9999999.000,0.000,1.000,0.000,0,0,2,0,0,2,2,0,0.0,0.0,1.0,0.0,0.0,1.0
"G[0,2](((BUN <= 27.454 & Pt_A1cGoalLev >= 1.718) | Pt_GrandparentT1D >= 1.802) | Pt_A1cGoalLevelDsYr5 <= 3.003)
",9999999.000,9999999.000,0.000,1.000,0.000,0,0,2,0,0,2,2,0,0.0,0.0,1.0,0.0,0.0,1.0
"G[1,1]((Pt_MotherT1D >= 0.000 & TotalDailyInsPerKg >= 0.001) & Pt_ChildT1D >= 0.107)
",-0.107,-0.107,0.000,1.000,0.000,0,0,1,1,1,1,1,1,0.0,0.0,1.0,0.0,0.0,1.0
"G[1,2](age <= 36.550 | NumPumpBolusOrShortAct >= 0.483)
",9999999.000,9999999.000,0.000,1.000,0.000,0,0,2,0,0,2,2,0,0.0,0.0,1.0,0.0,0.0,1.0
"G[1,2](((AutonomicNeuroCl <= 0.000 -> BGTestAvgNumMeter >= 0.000) | Pt_A1cGoalLevelDsYr5 >= 0.000) | Pt_InsGov <= 0.000)
",9999999.000,9999999.000,0.000,1.000,0.000,0,0,2,0,0,2,2,0,0.0,0.0,1.0,0.0,0.0,1.0
"G[0,2](HbA1cImputeDtMnC <= 17.333 & SMBGperDayPtMeterCombo <= 7.358)
",9999999.000,9999999.000,0.000,1.000,0.000,0,0,1,1,1,1,1,1,0.0,0.0,1.0,0.0,0.0,1.0
"G[1,2]((Pt_SHFlg <= 0.000 & SMBGperDayPtMeterCombo <= 7.086) -> HeightCm <= 6.764)
",9999999.000,9999999.000,0.000,1.000,0.000,0,0,1,1,1,1,1,1,0.0,0.0,1.0,0.0,0.0,1.0
"G[1,2](diabDur <= 7.698 | BldPrDia >= 60.258)
",9999999.000,9999999.000,0.000,1.000,0.000,0,0,2,0,0,2,2,0,0.0,0.0,1.0,0.0,0.0,1.0
"G[2,2](Pt_CGMUseNumDays >= 0.000 & DirectLDL >= 0.000)
",0.000,0.000,0.000,1.000,0.000,0,0,2,0,0,2,2,0,0.0,0.0,1.0,0.0,0.0,1.0
"G[0,0]((Pt_FatherT1D <= 0.000 -> LDL >= 77.702) -> bmi >= 88.117)
",0.000,0.000,0.000,1.000,0.000,0,0,0,2,2,0,0,2,0.0,0.0,0.0,0.0,0.0,1.0
"G[1,2](((HbA1c <= 6.166 | Pt_FatherT1D >= 0.000) -> bmiZscore >= 0.000) & diabDur >= 0.000)
",9999999.000,9999999.000,0.000,1.000,0.000,0,0,1,1,1,1,1,1,0.0,0.0,1.0,0.0,0.0,1.0
"G[1,2](((Pt_ChildT1D >= 0.000 -> Pt_SHFlg >= 0.000) | Pt_GrandchildT1D >= 0.000) -> diagAgeCombo >= 0.000)
",9999999.000,9999999.000,0.000,1.000,0.000,0,0,2,0,0,2,2,0,0.0,0.0,1.0,0.0,0.0,1.0
"G[0,2](((HbA1c >= 5.979 -> Pt_GrandchildT1D >= 0.000) -> Pt_SHFlg <= 0.000) -> diagAgeCombo >= 0.000)
",9999999.000,9999999.000,0.000,1.000,0.000,0,0,2,0,0,2,2,0,0.0,0.0,1.0,0.0,0.0,1.0
"G[0,0]((BGTestAvgNumPtRep >= 5.587 -> WeightKg <= 60.521) -> DirectLDL >= 57.479)
",-112.701,-112.701,0.000,1.000,0.000,0,0,0,2,2,0,0,2,0.0,0.0,0.0,0.0,0.0,1.0
"G[1,2](((NumPumpBolusOrShortAct >= 0.057 -> Pt_SiblingT1D >= 0.000) -> age >= 0.000) -> HbA1c >= 0.000)
",9999999.000,9999999.000,0.000,1.000,0.000,0,0,2,0,0,2,2,0,0.0,0.0,1.0,0.0,0.0,1.0
"G[1,2]((Pt_InsGov <= 0.000 & DirectLDL >= 0.000) | GFR <= 0.000)
",9999999.000,9999999.000,0.000,1.000,0.000,0,0,2,0,0,2,2,0,0.0,0.0,1.0,0.0,0.0,1.0
"G[1,2](((BUN >= 25.710 & LDL <= 94.474) -> Pt_FatherT1D >= 85.408) -> HDL <= 97.273)
",9999999.000,9999999.000,0.000,1.000,0.000,0,0,2,0,0,2,2,0,0.0,0.0,1.0,0.0,0.0,1.0
"G[0,1](((Pt_GrandparentT1D >= 0.000 & NumPumpBolusOrShortAct >= 0.962) | BGTestAvgNumMeter <= 1.999) -> Pt_SiblingT1D >= 0.616)
",9999999.000,9999999.000,0.000,1.000,0.000,0,0,0,2,2,0,0,2,0.0,0.0,0.0,0.0,0.0,1.0
"G[1,2]((Pt_InsGov <= 0.000 & GFR >= 45.208) | Pt_SHFlg >= 46.933)
",9999999.000,9999999.000,0.000,1.000,0.000,0,0,1,1,1,1,1,1,0.0,0.0,1.0,0.0,0.0,1.0
"G[0,2]((bmiZscore <= -0.889 -> Pt_GrandchildT1D >= 0.000) | Pt_SiblingT1D >= 0.000)
",9999999.000,9999999.000,0.000,1.000,0.000,0,0,2,0,0,2,2,0,0.0,0.0,1.0,0.0,0.0,1.0
"G[1,2](BGTestAvgNumPtRep >= 6.190 -> TotalDailyInsPerKg >= 0.057)
",9999999.000,9999999.000,0.000,1.000,0.000,0,0,2,0,0,2,2,0,0.0,0.0,1.0,0.0,0.0,1.0
"G[0,0](((WeightKg >= 56.730 -> diabDur >= 6.499) & HbA1cImputeDtMnC >= 6.796) & Pt_GrandparentT1D >= 6.477)
",-28.501,-28.501,0.000,1.000,0.000,0,0,0,2,2,0,0,2,0.0,0.0,0.0,0.0,0.0,1.0
"G[1,2](TotalDailyInsPerKg <= 0.210 -> TotalDailyInsPerKg >= 0.075)
",9999999.000,9999999.000,0.000,1.000,0.000,0,0,2,0,0,2,2,0,0.0,0.0,1.0,0.0,0.0,1.0
"G[0,2](((LDL >= 79.000 -> Pt_SiblingT1D <= 0.000) | BUN >= 0.000) | BGTestAvgNumPtRep >= 0.000)
",9999999.000,9999999.000,0.000,1.000,0.000,0,0,2,0,0,2,2,0,0.0,0.0,1.0,0.0,0.0,1.0
"G[0,2]((DirectLDL <= 0.000 | TSH <= 2.655) -> Pt_ChildT1D >= 1.062)
",9999999.000,9999999.000,0.000,1.000,0.000,0,0,0,2,2,0,0,2,0.0,0.0,0.0,0.0,0.0,1.0
"G[2,2]((DirectLDL >= 0.000 | HeightCm <= 170.180) -> LDL >= 170.180)
",-170.180,-170.180,0.000,1.000,0.000,0,0,2,0,0,2,2,0,0.0,0.0,1.0,0.0,0.0,1.0
"G[1,2]((TotalDailyInsPerKg >= 0.061 -> BUN >= 25.348) & diagAgeCombo <= 27.517)
",9999999.000,9999999.000,0.000,1.000,0.000,0,0,2,0,0,2,2,0,0.0,0.0,1.0,0.0,0.0,1.0
"G[1,2]((NumPumpBolusOrShortAct <= 2.713 & Pt_DKAFlg <= 0.000) -> TSH <= 0.000)
",9999999.000,9999999.000,0.000,1.000,0.000,0,0,1,1,1,1,1,1,0.0,0.0,1.0,0.0,0.0,1.0
"G[2,2]((Pt_FatherT1D >= 0.000 | BGTestAvgNumPtRep >= 5.508) | SMBGperDayPtMeterCombo >= 5.781)
",0.000,0.000,0.000,1.000,0.000,0,0,2,0,0,2,2,0,0.0,0.0,1.0,0.0,0.0,1.0
"G[1,2](((Pt_CGMUseNumDays >= 0.000 -> HbA1cImputeDtMnC >= 5.759) -> Pt_MotherT1D <= 18.827) -> BldPrSys >= 2.897)
",9999999.000,9999999.000,0.000,1.000,0.000,0,0,2,0,0,2,2,0,0.0,0.0,1.0,0.0,0.0,1.0
"G[0,1]((UnitsInsBasalOrLongAct >= 8.675 | HDL <= 83.635) -> diagAgeCombo >= 75.613)
",9999999.000,9999999.000,0.000,1.000,0.000,0,0,0,2,2,0,0,2,0.0,0.0,0.0,0.0,0.0,1.0
"G[1,2](Pt_ChildT1D >= 0.000 | WeightKg <= 61.387)
",9999999.000,9999999.000,0.000,1.000,0.000,0,0,2,0,0,2,2,0,0.0,0.0,1.0,0.0,0.0,1.0
"G[1,2](WeightKg <= 58.556 -> TSH <= 2.369)
",9999999.000,9999999.000,0.000,1.000,0.000,0,0,2,0,0,2,2,0,0.0,0.0,1.0,0.0,0.0,1.0
"G[0,2](bmi <= 20.695 & BGTestAvgNumMeter >= 0.000)
",9999999.000,9999999.000,0.000,1.000,0.000,0,0,1,1,1,1,1,1,0.0,0.0,1.0,0.0,0.0,1.0
"G[0,2](((Pt_A1cGoalLev <= 3.498 | HbA1cImputeDtMnC <= 15.890) -> Pt_MotherT1D >= 9.779) | Pt_DKAFlg <= 13.913)
",9999999.000,9999999.000,0.000,1.000,0.000,0,0,2,0,0,2,2,0,0.0,0.0,1.0,0.0,0.0,1.0
"G[0,2](Pt_FatherT1D >= 0.000 | Pt_MotherT1D >= 0.000)
",9999999.000,9999999.000,0.000,1.000,0.000,0,0,2,0,0,2,2,0,0.0,0.0,1.0,0.0,0.0,1.0
"G[0,2](Pt_A1cGoalLev >= 1.651 -> AutonomicNeuroCl >= 0.000)
",9999999.000,9999999.000,0.000,1.000,0.000,0,0,2,0,0,2,2,0,0.0,0.0,1.0,0.0,0.0,1.0
"G[1,2](((Pt_MotherT1D >= 0.000 -> Pt_SiblingT1D <= 0.000) | HDL >= 0.000) | Pt_ChildT1D <= 0.000)
",9999999.000,9999999.000,0.000,1.000,0.000,0,0,2,0,0,2,2,0,0.0,0.0,1.0,0.0,0.0,1.0
"G[0,1](((SMBGperDayPtMeterCombo <= 7.229 | Pt_GrandchildT1D >= 0.000) | Pt_DKAFlg <= 0.000) & WeightKg <= 0.000)
",9999999.000,9999999.000,0.000,1.000,0.000,0,0,0,2,2,0,0,2,0.0,0.0,0.0,0.0,0.0,1.0
"G[0,1]((Pt_InsGov >= 0.000 & BldPrDia >= 60.065) & Pt_CGMUseNumDays >= 60.281)
",9999999.000,9999999.000,0.000,1.000,0.000,0,0,0,2,2,0,0,2,0.0,0.0,0.0,0.0,0.0,1.0
"G[1,2](((DirectLDL >= 0.000 & UnitsInsBasalOrLongAct <= 9.701) & HbA1c >= 8.574) -> HeightCm >= 8.439)
",9999999.000,9999999.000,0.000,1.000,0.000,0,0,2,0,0,2,2,0,0.0,0.0,1.0,0.0,0.0,1.0
"G[1,2](((Pt_SiblingT1D >= 0.000 -> bmiZscore >= -0.986) -> bmiZscore >= -0.900) & HbA1c >= -0.970)
",9999999.000,9999999.000,0.000,1.000,0.000,0,0,2,0,0,2,2,0,0.0,0.0,1.0,0.0,0.0,1.0
"G[0,2](((AlbCreatRat_mggNew <= 2.374 -> HDL <= 80.498) | Pt_A1cGoalLevelDsYr5 >= 78.952) & Pt_SiblingT1D >= 75.726)
",9999999.000,9999999.000,0.000,1.000,0.000,0,0,0,2,2,0,0,2,0.0,0.0,0.0,0.0,0.0,1.0
"G[0,2]((Pt_FatherT1D <= 0.000 & Pt_FatherT1D >= 0.000) | BUN <= 0.000)
",9999999.000,9999999.000,0.000,1.000,0.000,0,0,2,0,0,2,2,0,0.0,0.0,1.0,0.0,0.0,1.0
"G[0,2](((age >= 35.093 | Pt_GrandparentT1D <= 0.000) & Pt_GrandchildT1D <= 0.000) | AutonomicNeuroCl <= 0.000)
",9999999.000,9999999.000,0.000,1.000,0.000,0,0,2,0,0,2,2,0,0.0,0.0,1.0,0.0,0.0,1.0
"G[1,2]((Pt_MotherT1D >= 0.000 & Pt_FatherT1D <= 0.000) -> TSH >= 0.000)
",9999999.000,9999999.000,0.000,1.000,0.000,0,0,2,0,0,2,2,0,0.0,0.0,1.0,0.0,0.0,1.0
"G[1,2](HeightCm >= 170.180 | bmiPerc >= 0.000)
",9999999.000,9999999.000,0.000,1.000,0.000,0,0,2,0,0,2,2,0,0.0,0.0,1.0,0.0,0.0,1.0
"G[1,2](Pt_A1cGoalLevelDsYr5 <= 0.000 | HeightCm <= 170.180)
",9999999.000,9999999.000,0.000,1.000,0.000,0,0,2,0,0,2,2,0,0.0,0.0,1.0,0.0,0.0,1.0
"G[1,1](((Triglyc >= 87.636 & TotChol <= 196.533) -> diagAgeCombo >= 182.028) & Pt_SHFlg <= 188.339)
",87.636,87.636,0.000,1.000,0.000,0,0,1,1,1,1,1,1,0.0,0.0,1.0,0.0,0.0,1.0
"G[1,2](((SMBGperDayPtMeterCombo >= 5.713 | HDL <= 80.435) & GFR <= 81.850) | AlbCreatRat_mggNew >= 78.826)
",9999999.000,9999999.000,0.000,1.000,0.000,0,0,2,0,0,2,2,0,0.0,0.0,1.0,0.0,0.0,1.0
"G[2,2]((Pt_CGMUseNumDays <= 0.000 & HeightCm <= 170.180) & age <= 170.180)
",0.000,0.000,0.000,1.000,0.000,0,0,2,0,0,2,2,0,0.0,0.0,1.0,0.0,0.0,1.0
"G[1,2](((AutonomicNeuroCl <= 0.000 & HeightCm >= 170.180) & HDL <= 170.180) & AutonomicNeuroCl >= 170.180)
",9999999.000,9999999.000,0.000,1.000,0.000,0,0,1,1,1,1,1,1,0.0,0.0,1.0,0.0,0.0,1.0
"G[0,2](((BldPrDia >= 60.325 -> TSH <= 2.366) | bmi >= 0.664) -> bmiPerc >= 0.403)
",9999999.000,9999999.000,0.000,1.000,0.000,0,0,0,2,2,0,0,2,0.0,0.0,0.0,0.0,0.0,1.0
"G[2,2](((bmi <= 21.170 -> Pt_MotherT1D <= 0.000) | TSH >= 0.000) -> Pt_InsGov >= 0.000)
",0.000,0.000,0.000,1.000,0.000,0,0,2,0,0,2,2,0,0.0,0.0,1.0,0.0,0.0,1.0
"G[0,2](((age <= 36.604 -> DirectLDL >= 0.000) -> BGTestAvgNumMeter <= 0.000) -> bmiZscore >= 0.000)
",9999999.000,9999999.000,0.000,1.000,0.000,0,0,0,2,2,0,0,2,0.0,0.0,0.0,0.0,0.0,1.0
"G[0,2]((Pt_FatherT1D >= 0.000 & UnitsInsBasalOrLongAct >= 8.857) & LDL >= 8.428)
",9999999.000,9999999.000,0.000,1.000,0.000,0,0,1,1,1,1,1,1,0.0,0.0,1.0,0.0,0.0,1.0
"G[0,2]((HeightCm <= 170.180 -> age >= 35.965) | SMBGperDayPtMeterCombo <= 36.049)
",9999999.000,9999999.000,0.000,1.000,0.000,0,0,2,0,0,2,2,0,0.0,0.0,1.0,0.0,0.0,1.0
"G[0,2](((diabDur <= 7.907 & Pt_MotherT1D <= 0.000) -> bmi >= 0.000) | bmi <= 0.000)
",9999999.000,9999999.000,0.000,1.000,0.000,0,0,2,0,0,2,2,0,0.0,0.0,1.0,0.0,0.0,1.0
"G[0,2]((Pt_SiblingT1D >= 0.000 & GFR >= 47.915) & BldPrSys >= 46.664)
",9999999.000,9999999.000,0.000,1.000,0.000,0,0,1,1,1,1,1,1,0.0,0.0,1.0,0.0,0.0,1.0
"G[1,2]((AutonomicNeuroCl >= 0.000 & TotalDailyInsPerKg <= 0.223) & bmiPerc <= 0.172)
",9999999.000,9999999.000,0.000,1.000,0.000,0,0,2,0,0,2,2,0,0.0,0.0,1.0,0.0,0.0,1.0
"G[0,2](((diabDur >= 6.848 -> bmiZscore >= -0.986) | bmi <= -0.888) & Pt_FatherT1D >= -0.910)
",9999999.000,9999999.000,0.000,1.000,0.000,0,0,1,1,1,1,1,1,0.0,0.0,1.0,0.0,0.0,1.0
"G[0,2](TotalDailyInsPerKg <= 0.215 | Triglyc >= 84.701)
",9999999.000,9999999.000,0.000,1.000,0.000,0,0,1,1,1,1,1,1,0.0,0.0,1.0,0.0,0.0,1.0
"G[1,2](((bmiPerc <= 0.000 & BGTestAvgNumPtRep <= 7.894) & NumPumpBolusOrShortAct <= 6.475) & TSH <= 6.859)
",9999999.000,9999999.000,0.000,1.000,0.000,0,0,2,0,0,2,2,0,0.0,0.0,1.0,0.0,0.0,1.0
"G[0,2](TSH >= 0.247 -> Pt_SHFlg <= 0.000)
",9999999.000,9999999.000,0.000,1.000,0.000,0,0,2,0,0,2,2,0,0.0,0.0,1.0,0.0,0.0,1.0
"G[1,2](((GFR <= 49.371 -> GFR <= 48.927) & bmi >= 46.640) -> Pt_CGMUseNumDays >= 45.279)
",9999999.000,9999999.000,0.000,1.000,0.000,0,0,2,0,0,2,2,0,0.0,0.0,1.0,0.0,0.0,1.0
"G[0,1](BUN >= 26.922 & WeightKg >= 55.882)
",9999999.000,9999999.000,0.000,1.000,0.000,0,0,1,1,1,1,1,1,0.0,0.0,1.0,0.0,0.0,1.0
"G[1,2](Pt_SHFlg <= 0.000 -> BUN >= 25.177)
",9999999.000,9999999.000,0.000,1.000,0.000,0,0,2,0,0,2,2,0,0.0,0.0,1.0,0.0,0.0,1.0
"G[1,2]((Pt_ChildT1D <= 0.000 | DirectLDL >= 0.000) | Pt_MotherT1D >= 0.000)
",9999999.000,9999999.000,0.000,1.000,0.000,0,0,2,0,0,2,2,0,0.0,0.0,1.0,0.0,0.0,1.0
"G[1,2](Pt_FatherT1D <= 0.000 | diagAgeCombo >= 1.861)
",9999999.000,9999999.000,0.000,1.000,0.000,0,0,2,0,0,2,2,0,0.0,0.0,1.0,0.0,0.0,1.0
"G[1,1](Pt_A1cGoalLev >= 0.737 & BUN <= 28.348)
",-0.737,-0.737,0.000,1.000,0.000,0,0,1,1,1,1,1,1,0.0,0.0,1.0,0.0,0.0,1.0
"G[2,2]((BldPrDia <= 61.484 -> DirectLDL <= 0.000) & Pt_DKAFlg >= 0.000)
",-61.484,-61.484,0.000,1.000,0.000,0,0,2,0,0,2,2,0,0.0,0.0,1.0,0.0,0.0,1.0
"G[2,2](((TSH <= 1.610 | Pt_GrandchildT1D <= 0.000) & BUN >= 0.000) & UnitsInsBasalOrLongAct <= 0.000)
",0.000,0.000,0.000,1.000,0.000,0,0,2,0,0,2,2,0,0.0,0.0,1.0,0.0,0.0,1.0
"G[1,1]((BldPrSys >= 101.721 -> WeightKg >= 56.686) & bmiPerc >= 56.610)
",-56.610,-56.610,0.000,1.000,0.000,0,0,1,1,1,1,1,1,0.0,0.0,1.0,0.0,0.0,1.0
"G[0,1]((TSH <= 2.157 | bmiZscore >= -0.981) & Pt_GrandparentT1D <= -0.728)
",9999999.000,9999999.000,0.000,1.000,0.000,0,0,0,2,2,0,0,2,0.0,0.0,0.0,0.0,0.0,1.0
"G[0,1](TotalDailyInsPerKg >= 0.052 -> BldPrSys >= 99.614)
",9999999.000,9999999.000,0.000,1.000,0.000,0,0,1,1,1,1,1,1,0.0,0.0,1.0,0.0,0.0,1.0
"G[1,2](((BldPrSys >= 104.677 | WeightKg >= 57.683) & Pt_SHFlg <= 59.769) | diagAgeCombo <= 59.294)
",9999999.000,9999999.000,0.000,1.000,0.000,0,0,2,0,0,2,2,0,0.0,0.0,1.0,0.0,0.0,1.0
"G[0,1](((age >= 35.609 & TSH <= 2.349) & AlbCreatRat_mggNew >= 0.690) | TotChol <= 2.037)
",9999999.000,9999999.000,0.000,1.000,0.000,0,0,1,1,1,1,1,1,0.0,0.0,1.0,0.0,0.0,1.0
"G[1,2]((LDL <= 91.468 & GFR <= 49.281) & HbA1cImputeDtMnC >= 47.537)
",9999999.000,9999999.000,0.000,1.000,0.000,0,0,1,1,1,1,1,1,0.0,0.0,1.0,0.0,0.0,1.0
"G[1,2]((BGTestAvgNumMeter <= 0.000 & diagAgeCombo >= 9.567) | diabDur <= 13.393)
",9999999.000,9999999.000,0.000,1.000,0.000,0,0,2,0,0,2,2,0,0.0,0.0,1.0,0.0,0.0,1.0
"G[1,2](((Pt_A1cGoalLev >= 0.733 & Pt_A1cGoalLevelDsYr5 >= 0.000) | WeightKg <= 0.000) | bmi <= 0.000)
",9999999.000,9999999.000,0.000,1.000,0.000,0,0,1,1,1,1,1,1,0.0,0.0,1.0,0.0,0.0,1.0
"G[1,1]((Pt_SHFlg >= 0.000 & BUN <= 27.540) & Pt_GrandparentT1D >= 26.443)
",-26.443,-26.443,0.000,1.000,0.000,0,0,1,1,1,1,1,1,0.0,0.0,1.0,0.0,0.0,1.0
"G[0,1]((WeightKg <= 58.268 -> BldPrSys <= 114.152) -> age >= 99.618)
",9999999.000,9999999.000,0.000,1.000,0.000,0,0,0,2,2,0,0,2,0.0,0.0,0.0,0.0,0.0,1.0
"G[1,2](((LDL <= 97.878 | HbA1c <= 6.180) | BldPrDia <= 6.286) & BGTestAvgNumPtRep <= 6.291)
",9999999.000,9999999.000,0.000,1.000,0.000,0,0,2,0,0,2,2,0,0.0,0.0,1.0,0.0,0.0,1.0
"G[0,1](SMBGperDayPtMeterCombo >= 5.632 & BGTestAvgNumPtRep >= 5.842)
",9999999.000,9999999.000,0.000,1.000,0.000,0,0,1,1,1,1,1,1,0.0,0.0,1.0,0.0,0.0,1.0
"G[0,2](((diagAgeCombo >= 5.663 -> SMBGperDayPtMeterCombo <= 7.361) | BUN <= 7.756) -> Pt_CGMUseNumDays >= 5.771)
",9999999.000,9999999.000,0.000,1.000,0.000,0,0,0,2,2,0,0,2,0.0,0.0,0.0,0.0,0.0,1.0
"G[0,0](Pt_SHFlg < 0.000 & Pt_SHFlg = 0.000)
",-0.929,-0.929,0.000,1.000,0.000,0,0,0,2,2,0,0,2,0.0,0.0,0.0,0.0,0.0,1.0
"G[0,2](UnitsInsBasalOrLongAct <= 9.179 -> Pt_SHFlg = 0.000)
",9999999.000,9999999.000,0.000,1.000,0.000,0,0,2,0,0,2,2,0,0.0,0.0,1.0,0.0,0.0,1.0
"G[0,1](BldPrSys > 101.770 & Pt_SHFlg = 0.000)
",9999999.000,9999999.000,0.000,1.000,0.000,0,0,0,2,2,0,0,2,0.0,0.0,0.0,0.0,0.0,1.0
"G[1,1](bmi >= 19.430 & bmiZscore <= -0.811)
",-19.430,-19.430,0.000,1.000,0.000,0,0,1,1,1,1,1,1,0.0,0.0,1.0,0.0,0.0,1.0
"G[2,2](bmi >= 19.692 -> WeightKg >= 56.174)
",19.692,19.692,0.000,1.000,0.000,0,0,2,0,0,2,2,0,0.0,0.0,1.0,0.0,0.0,1.0
"G[0,2]((BldPrSys <= 106.724 -> bmi >= 19.726) -> Pt_GrandparentT1D <= 20.750)
",9999999.000,9999999.000,0.000,1.000,0.000,0,0,2,0,0,2,2,0,0.0,0.0,1.0,0.0,0.0,1.0
"G[0,2](((TotChol <= 190.795 -> WeightKg >= 57.942) | diagAgeCombo <= 60.841) | diabDur >= 56.011)
",9999999.000,9999999.000,0.000,1.000,0.000,0,0,2,0,0,2,2,0,0.0,0.0,1.0,0.0,0.0,1.0
"G[0,0](((bmiZscore >= -0.973 | TotChol <= 198.878) | Pt_A1cGoalLev <= 196.842) & GFR >= 182.224)
",-182.944,-182.944,0.000,1.000,0.000,0,0,0,2,2,0,0,2,0.0,0.0,0.0,0.0,0.0,1.0
"G[2,2](BGTestAvgNumPtRep <= 7.569 -> HDL >= 77.406)
",-7.569,-7.569,0.000,1.000,0.000,0,0,2,0,0,2,2,0,0.0,0.0,1.0,0.0,0.0,1.0
"G[2,2]((age >= 35.576 & HbA1cImputeDtMnC <= 14.789) -> Pt_SHFlg >= 11.312)
",11.312,11.312,0.000,1.000,0.000,0,0,2,0,0,2,2,0,0.0,0.0,1.0,0.0,0.0,1.0
"G[0,2](((bmiZscore <= -0.742 -> diagAgeCombo >= 0.523) | TSH >= 6.880) & Triglyc >= 0.274)
",9999999.000,9999999.000,0.000,1.000,0.000,0,0,0,2,2,0,0,2,0.0,0.0,0.0,0.0,0.0,1.0
"G[0,2](((bmiZscore >= -0.980 -> NumPumpBolusOrShortAct <= 1.549) & TotalDailyInsPerKg <= 1.832) & DirectLDL >= 0.096)
",9999999.000,9999999.000,0.000,1.000,0.000,0,0,0,2,2,0,0,2,0.0,0.0,0.0,0.0,0.0,1.0
"G[0,2]((Pt_A1cGoalLev >= 1.328 | WeightKg >= 56.962) & Pt_MotherT1D <= 62.584)
",9999999.000,9999999.000,0.000,1.000,0.000,0,0,0,2,2,0,0,2,0.0,0.0,0.0,0.0,0.0,1.0
"G[2,2](((NumPumpBolusOrShortAct >= 0.856 -> WeightKg <= 58.638) & Pt_A1cGoalLevelDsYr5 >= 57.323) -> TSH >= 56.845)
",56.845,56.845,0.000,1.000,0.000,0,0,2,0,0,2,2,0,0.0,0.0,1.0,0.0,0.0,1.0
"G[1,2]((diagAgeCombo <= 22.428 & WeightKg >= 56.733) & Pt_A1cGoalLev >= 57.468)
",9999999.000,9999999.000,0.000,1.000,0.000,0,0,1,1,1,1,1,1,0.0,0.0,1.0,0.0,0.0,1.0
"G[1,1]((diagAgeCombo >= 1.931 | TotChol >= 179.026) | BGTestAvgNumPtRep >= 183.380)
",-1.931,-1.931,0.000,1.000,0.000,0,0,1,1,1,1,1,1,0.0,0.0,1.0,0.0,0.0,1.0
"G[0,2]((bmi >= 19.526 & TSH >= 1.023) | Pt_FatherT1D <= 1.361)
",9999999.000,9999999.000,0.000,1.000,0.000,0,0,2,0,0,2,2,0,0.0,0.0,1.0,0.0,0.0,1.0
"G[2,2](((bmiZscore >= -0.940 & TSH <= 2.776) & age >= 0.727) & HDL <= 2.595)
",-0.727,-0.727,0.000,1.000,0.000,0,0,2,0,0,2,2,0,0.0,0.0,1.0,0.0,0.0,1.0
"G[0,2]((GFR <= 49.507 & Triglyc >= 86.176) & BldPrDia >= 85.941)
",9999999.000,9999999.000,0.000,1.000,0.000,0,0,0,2,2,0,0,2,0.0,0.0,0.0,0.0,0.0,1.0
"G[1,2]((BldPrDia <= 61.895 & BUN >= 25.969) & DirectLDL >= 26.377)
",9999999.000,9999999.000,0.000,1.000,0.000,0,0,1,1,1,1,1,1,0.0,0.0,1.0,0.0,0.0,1.0
"G[0,1](((BUN <= 28.662 -> WeightKg >= 56.305) & Pt_A1cGoalLev >= 55.958) | Pt_GrandparentT1D >= 57.361)
",9999999.000,9999999.000,0.000,1.000,0.000,0,0,0,2,2,0,0,2,0.0,0.0,0.0,0.0,0.0,1.0
"G[2,2](LDL <= 94.617 | Triglyc >= 88.671)
",94.617,94.617,0.000,1.000,0.000,0,0,2,0,0,2,2,0,0.0,0.0,1.0,0.0,0.0,1.0
"G[0,0](BUN <= 28.356 & HDL <= 83.745)
",-51.644,-51.644,0.000,1.000,0.000,0,0,0,2,2,0,0,2,0.0,0.0,0.0,0.0,0.0,1.0
"G[0,2]((BldPrDia <= 60.697 -> HbA1cImputeDtMnC >= 2.064) & BGTestAvgNumPtRep <= 11.915)
",9999999.000,9999999.000,0.000,1.000,0.000,0,0,2,0,0,2,2,0,0.0,0.0,1.0,0.0,0.0,1.0
"G[2,2](diabDur <= 7.496 & TotalDailyInsPerKg >= 0.037)
",-0.037,-0.037,0.000,1.000,0.000,0,0,2,0,0,2,2,0,0.0,0.0,1.0,0.0,0.0,1.0
"G[2,2]((AlbCreatRat_mggNew <= 2.713 -> HbA1c <= 6.161) & diagAgeCombo <= 6.126)
",-6.161,-6.161,0.000,1.000,0.000,0,0,2,0,0,2,2,0,0.0,0.0,1.0,0.0,0.0,1.0
"G[0,2](TSH >= 0.823 -> Pt_SHFlg = 0.000)
",9999999.000,9999999.000,0.000,1.000,0.000,0,0,2,0,0,2,2,0,0.0,0.0,1.0,0.0,0.0,1.0
"G[2,2](Pt_MotherT1D <= 0.000 & Pt_SHFlg = 0.000)
",0.000,0.000,0.000,1.000,0.000,0,0,2,0,0,2,2,0,0.0,0.0,1.0,0.0,0.0,1.0
"G[2,2](((HbA1cImputeDtMnC >= 4.160 & TotChol <= 199.378) -> Triglyc <= 191.069) | AutonomicNeuroCl >= 183.423)
",-183.423,-183.423,0.000,1.000,0.000,0,0,2,0,0,2,2,0,0.0,0.0,1.0,0.0,0.0,1.0
"G[0,1](GFR > 46.055 & Pt_SHFlg = 0.000)
",9999999.000,9999999.000,0.000,1.000,0.000,0,0,1,1,1,1,1,1,0.0,0.0,1.0,0.0,0.0,1.0
"G[0,2]((WeightKg >= 57.339 | bmi >= 19.854) -> UnitsInsBasalOrLongAct <= 9.934)
",9999999.000,9999999.000,0.000,1.000,0.000,0,0,2,0,0,2,2,0,0.0,0.0,1.0,0.0,0.0,1.0
"G[0,2](SMBGperDayPtMeterCombo >= 5.315 & BGTestAvgNumPtRep >= 5.682)
",9999999.000,9999999.000,0.000,1.000,0.000,0,0,1,1,1,1,1,1,0.0,0.0,1.0,0.0,0.0,1.0
"G[0,2](GFR <= 48.357 -> BUN >= 25.665)
",9999999.000,9999999.000,0.000,1.000,0.000,0,0,2,0,0,2,2,0,0.0,0.0,1.0,0.0,0.0,1.0
"G[0,2]((WeightKg >= 56.150 | bmi >= 20.041) -> UnitsInsBasalOrLongAct <= 9.526)
",9999999.000,9999999.000,0.000,1.000,0.000,0,0,1,1,1,1,1,1,0.0,0.0,1.0,0.0,0.0,1.0
"G[0,1](SMBGperDayPtMeterCombo >= 5.096 & BGTestAvgNumPtRep >= 5.737)
",9999999.000,9999999.000,0.000,1.000,0.000,0,0,1,1,1,1,1,1,0.0,0.0,1.0,0.0,0.0,1.0
"G[1,2](GFR <= 48.581 -> BUN >= 25.075)
",9999999.000,9999999.000,0.000,1.000,0.000,0,0,2,0,0,2,2,0,0.0,0.0,1.0,0.0,0.0,1.0
"G[1,2]((WeightKg >= 57.052 | bmi >= 19.700) -> UnitsInsBasalOrLongAct <= 9.499)
",9999999.000,9999999.000,0.000,1.000,0.000,0,0,2,0,0,2,2,0,0.0,0.0,1.0,0.0,0.0,1.0
"G[0,1](SMBGperDayPtMeterCombo >= 6.319 & BGTestAvgNumPtRep >= 6.096)
",9999999.000,9999999.000,0.000,1.000,0.000,0,0,1,1,1,1,1,1,0.0,0.0,1.0,0.0,0.0,1.0
"G[0,2](GFR <= 48.714 -> BUN >= 25.126)
",9999999.000,9999999.000,0.000,1.000,0.000,0,0,2,0,0,2,2,0,0.0,0.0,1.0,0.0,0.0,1.0
"G[2,2]((WeightKg >= 57.979 | bmi >= 19.840) -> UnitsInsBasalOrLongAct <= 9.125)
",-9.125,-9.125,0.000,1.000,0.000,0,0,2,0,0,2,2,0,0.0,0.0,1.0,0.0,0.0,1.0
"G[0,1](SMBGperDayPtMeterCombo >= 5.709 & BGTestAvgNumPtRep >= 6.259)
",9999999.000,9999999.000,0.000,1.000,0.000,0,0,1,1,1,1,1,1,0.0,0.0,1.0,0.0,0.0,1.0
"G[0,2]((WeightKg >= 56.610 | bmi >= 19.380) -> UnitsInsBasalOrLongAct <= 9.228)
",9999999.000,9999999.000,0.000,1.000,0.000,0,0,1,1,1,1,1,1,0.0,0.0,1.0,0.0,0.0,1.0
"G[0,2](SMBGperDayPtMeterCombo >= 5.182 & BGTestAvgNumPtRep >= 5.790)
",9999999.000,9999999.000,0.000,1.000,0.000,0,0,1,1,1,1,1,1,0.0,0.0,1.0,0.0,0.0,1.0
"G[2,2](GFR <= 49.285 -> BUN >= 26.882)
",-49.285,-49.285,0.000,1.000,0.000,0,0,2,0,0,2,2,0,0.0,0.0,1.0,0.0,0.0,1.0
"G[1,2]((WeightKg >= 58.010 | bmi >= 19.371) -> UnitsInsBasalOrLongAct <= 9.474)
",9999999.000,9999999.000,0.000,1.000,0.000,0,0,2,0,0,2,2,0,0.0,0.0,1.0,0.0,0.0,1.0
"G[1,2](SMBGperDayPtMeterCombo >= 5.958 & BGTestAvgNumPtRep >= 5.876)
",9999999.000,9999999.000,0.000,1.000,0.000,0,0,2,0,0,2,2,0,0.0,0.0,1.0,0.0,0.0,1.0
"G[2,2](SMBGperDayPtMeterCombo >= 5.136 & BGTestAvgNumPtRep >= 5.947)
",-5.947,-5.947,0.000,1.000,0.000,0,0,2,0,0,2,2,0,0.0,0.0,1.0,0.0,0.0,1.0
"G[1,2](GFR <= 49.856 -> BUN >= 25.691)
",9999999.000,9999999.000,0.000,1.000,0.000,0,0,2,0,0,2,2,0,0.0,0.0,1.0,0.0,0.0,1.0
"G[2,2](SMBGperDayPtMeterCombo >= 5.836 & BGTestAvgNumPtRep >= 5.765)
",-5.836,-5.836,0.000,1.000,0.000,0,0,2,0,0,2,2,0,0.0,0.0,1.0,0.0,0.0,1.0
"G[1,2](GFR <= 49.560 -> BUN >= 25.775)
",9999999.000,9999999.000,0.000,1.000,0.000,0,0,2,0,0,2,2,0,0.0,0.0,1.0,0.0,0.0,1.0
"G[1,2]((WeightKg >= 57.376 | bmi >= 19.438) -> UnitsInsBasalOrLongAct <= 9.491)
",9999999.000,9999999.000,0.000,1.000,0.000,0,0,2,0,0,2,2,0,0.0,0.0,1.0,0.0,0.0,1.0
"G[1,2](Pt_SHFlg < 0.000 -> Pt_SHFlg = 0.000)
",9999999.000,9999999.000,0.000,1.000,0.000,0,0,2,0,0,2,2,0,0.0,0.0,1.0,0.0,0.0,1.0
"G[1,2](WeightKg <= 60.887 & Pt_SHFlg = 0.000)
",9999999.000,9999999.000,0.000,1.000,0.000,0,0,2,0,0,2,2,0,0.0,0.0,1.0,0.0,0.0,1.0
"G[0,2](HeightCm >= 170.180 & Pt_SHFlg = 0.000)
",9999999.000,9999999.000,0.000,1.000,0.000,0,0,2,0,0,2,2,0,0.0,0.0,1.0,0.0,0.0,1.0
"G[2,2](Pt_A1cGoalLevelDsYr5 >= 0.000 -> Pt_SHFlg = 0.000)
",0.000,0.000,0.000,1.000,0.000,0,0,2,0,0,2,2,0,0.0,0.0,1.0,0.0,0.0,1.0
"G[0,2](((BldPrSys <= 112.532 -> HbA1cImputeDtMnC >= 10.330) | BldPrSys >= -0.471) -> Pt_A1cGoalLev >= 8.692)
",9999999.000,9999999.000,0.000,1.000,0.000,0,0,0,2,2,0,0,2,0.0,0.0,0.0,0.0,0.0,1.0
"G[0,2](((bmiZscore >= -0.971 -> HbA1c >= 5.945) -> GFR >= 5.969) & bmiPerc <= 6.268)
",9999999.000,9999999.000,0.000,1.000,0.000,0,0,2,0,0,2,2,0,0.0,0.0,1.0,0.0,0.0,1.0
"G[1,2](Pt_A1cGoalLev >= 0.936 | TotChol >= 182.546)
",9999999.000,9999999.000,0.000,1.000,0.000,0,0,1,1,1,1,1,1,0.0,0.0,1.0,0.0,0.0,1.0
"G[1,2]((age <= 36.846 -> TotalDailyInsPerKg >= 0.097) -> Pt_GrandchildT1D >= 0.092)
",9999999.000,9999999.000,0.000,1.000,0.000,0,0,1,1,1,1,1,1,0.0,0.0,1.0,0.0,0.0,1.0
"G[2,2]((HbA1cImputeDtMnC >= 8.534 & age <= 36.094) -> HDL <= 36.439)
",-36.439,-36.439,0.000,1.000,0.000,0,0,2,0,0,2,2,0,0.0,0.0,1.0,0.0,0.0,1.0
"G[0,2](((BldPrSys <= 118.001 -> bmi <= 20.259) | HDL <= 20.889) -> GFR >= 19.274)
",9999999.000,9999999.000,0.000,1.000,0.000,0,0,2,0,0,2,2,0,0.0,0.0,1.0,0.0,0.0,1.0
"G[0,2](((diagAgeCombo <= 10.374 | BGTestAvgNumMeter >= 0.000) -> Pt_A1cGoalLevelDsYr5 <= 0.000) & BGTestAvgNumPtRep <= 0.000)
",9999999.000,9999999.000,0.000,1.000,0.000,0,0,0,2,2,0,0,2,0.0,0.0,0.0,0.0,0.0,1.0
"G[0,2]((Pt_A1cGoalLev >= 0.389 | Pt_InsGov >= 0.000) -> LDL >= 0.000)
",9999999.000,9999999.000,0.000,1.000,0.000,0,0,2,0,0,2,2,0,0.0,0.0,1.0,0.0,0.0,1.0
"G[1,2](((Pt_DKAFlg <= 0.000 & Pt_FatherT1D <= 0.000) | Pt_GrandchildT1D >= 0.000) | Pt_MotherT1D <= 0.000)
",9999999.000,9999999.000,0.000,1.000,0.000,0,0,2,0,0,2,2,0,0.0,0.0,1.0,0.0,0.0,1.0
"G[2,2](((HeightCm >= 170.180 & Pt_GrandchildT1D <= 0.000) -> UnitsInsBasalOrLongAct <= 0.000) & age >= 0.000)
",0.000,0.000,0.000,1.000,0.000,0,0,2,0,0,2,2,0,0.0,0.0,1.0,0.0,0.0,1.0
"G[1,1](((Pt_CGMUseNumDays >= 0.000 -> BldPrDia >= 60.403) -> HbA1c <= 61.745) -> Pt_InsGov >= 60.009)
",60.009,60.009,0.000,1.000,0.000,0,0,1,1,1,1,1,1,0.0,0.0,1.0,0.0,0.0,1.0
"G[0,1](((Pt_GrandparentT1D <= 0.000 -> Pt_SiblingT1D >= 0.000) & BldPrSys >= 0.000) -> diabDur <= 0.000)
",9999999.000,9999999.000,0.000,1.000,0.000,0,0,0,2,2,0,0,2,0.0,0.0,0.0,0.0,0.0,1.0
"G[0,2]((Pt_GrandparentT1D >= 0.000 & TSH >= 0.859) -> BGTestAvgNumMeter <= 2.768)
",9999999.000,9999999.000,0.000,1.000,0.000,0,0,2,0,0,2,2,0,0.0,0.0,1.0,0.0,0.0,1.0
"G[0,1](((Pt_DKAFlg <= 0.000 | diagAgeCombo <= 23.024) & Pt_A1cGoalLev <= 28.931) & Pt_ChildT1D >= 6.327)
",9999999.000,9999999.000,0.000,1.000,0.000,0,0,0,2,2,0,0,2,0.0,0.0,0.0,0.0,0.0,1.0
"G[0,1]((Pt_A1cGoalLev <= 5.630 & Pt_InsGov <= 0.000) & HbA1cImputeDtMnC <= 0.000)
",9999999.000,9999999.000,0.000,1.000,0.000,0,0,0,2,2,0,0,2,0.0,0.0,0.0,0.0,0.0,1.0
"G[1,2](((TotalDailyInsPerKg <= 0.184 | Pt_A1cGoalLevelDsYr5 >= 0.000) & Pt_GrandchildT1D >= 0.000) | AutonomicNeuroCl <= 0.000)
",9999999.000,9999999.000,0.000,1.000,0.000,0,0,2,0,0,2,2,0,0.0,0.0,1.0,0.0,0.0,1.0
"G[1,2]((DirectLDL >= 0.000 & GFR <= 48.407) -> HeightCm >= 46.258)
",9999999.000,9999999.000,0.000,1.000,0.000,0,0,2,0,0,2,2,0,0.0,0.0,1.0,0.0,0.0,1.0
"G[2,2](((Pt_DKAFlg <= 0.000 -> Pt_GrandparentT1D >= 0.000) | BUN <= 0.000) & Pt_MotherT1D >= 0.000)
",0.000,0.000,0.000,1.000,0.000,0,0,2,0,0,2,2,0,0.0,0.0,1.0,0.0,0.0,1.0
"G[0,2](GFR <= 49.890 -> BUN >= 26.064)
",9999999.000,9999999.000,0.000,1.000,0.000,0,0,2,0,0,2,2,0,0.0,0.0,1.0,0.0,0.0,1.0
"G[1,2](Pt_FatherT1D <= 0.000 -> Pt_SHFlg >= 0.000)
",9999999.000,9999999.000,0.000,1.000,0.000,0,0,2,0,0,2,2,0,0.0,0.0,1.0,0.0,0.0,1.0
"G[0,1](((BldPrSys <= 109.720 | GFR >= 46.862) | Pt_GrandparentT1D >= 46.993) & bmiZscore >= 45.546)
",9999999.000,9999999.000,0.000,1.000,0.000,0,0,0,2,2,0,0,2,0.0,0.0,0.0,0.0,0.0,1.0
"G[1,2](((BldPrSys <= 109.076 | BGTestAvgNumPtRep <= 6.797) | TSH >= 6.248) -> SMBGperDayPtMeterCombo >= 6.328)
",9999999.000,9999999.000,0.000,1.000,0.000,0,0,1,1,1,1,1,1,0.0,0.0,1.0,0.0,0.0,1.0
"G[0,2]((TSH <= 1.968 -> Pt_InsGov <= 0.000) -> TotalDailyInsPerKg >= 0.000)
",9999999.000,9999999.000,0.000,1.000,0.000,0,0,2,0,0,2,2,0,0.0,0.0,1.0,0.0,0.0,1.0
"G[0,2](Pt_GrandchildT1D >= 0.000 | LDL <= 96.358)
",9999999.000,9999999.000,0.000,1.000,0.000,0,0,2,0,0,2,2,0,0.0,0.0,1.0,0.0,0.0,1.0
"G[0,0](((BUN >= 26.199 & Pt_GrandchildT1D <= 0.000) & Pt_MotherT1D >= 0.000) & UnitsInsBasalOrLongAct <= 0.000)
",0.000,0.000,0.000,1.000,0.000,0,0,0,2,2,0,0,2,0.0,0.0,0.0,0.0,0.0,1.0
"G[0,1](diagAgeCombo <= 28.710 & HbA1c <= 6.198)
",9999999.000,9999999.000,0.000,1.000,0.000,0,0,1,1,1,1,1,1,0.0,0.0,1.0,0.0,0.0,1.0
"G[1,2](TotalDailyInsPerKg <= 0.175 -> AutonomicNeuroCl >= 0.000)
",9999999.000,9999999.000,0.000,1.000,0.000,0,0,2,0,0,2,2,0,0.0,0.0,1.0,0.0,0.0,1.0
"G[1,2](Pt_MotherT1D >= 0.000 & TotalDailyInsPerKg >= 0.060)
",9999999.000,9999999.000,0.000,1.000,0.000,0,0,2,0,0,2,2,0,0.0,0.0,1.0,0.0,0.0,1.0
"G[1,2]((Pt_GrandparentT1D >= 0.000 -> LDL >= 88.628) -> Pt_ChildT1D <= 95.544)
",9999999.000,9999999.000,0.000,1.000,0.000,0,0,2,0,0,2,2,0,0.0,0.0,1.0,0.0,0.0,1.0
"G[2,2]((Pt_MotherT1D >= 0.000 & BGTestAvgNumMeter >= 0.000) -> Pt_FatherT1D >= 0.000)
",0.000,0.000,0.000,1.000,0.000,0,0,2,0,0,2,2,0,0.0,0.0,1.0,0.0,0.0,1.0
"G[1,2](((LDL >= 78.166 & diagAgeCombo <= 28.737) -> Pt_GrandparentT1D <= 21.626) | Pt_GrandparentT1D <= 14.919)
",9999999.000,9999999.000,0.000,1.000,0.000,0,0,2,0,0,2,2,0,0.0,0.0,1.0,0.0,0.0,1.0
"G[1,2]((bmi <= 21.265 | HbA1c <= 6.102) & bmiZscore <= 6.122)
",9999999.000,9999999.000,0.000,1.000,0.000,0,0,2,0,0,2,2,0,0.0,0.0,1.0,0.0,0.0,1.0
"G[1,2](NumPumpBolusOrShortAct >= 0.396 -> Pt_SiblingT1D <= 0.000)
",9999999.000,9999999.000,0.000,1.000,0.000,0,0,2,0,0,2,2,0,0.0,0.0,1.0,0.0,0.0,1.0
"G[0,2](age >= 35.634 | WeightKg >= 57.768)
",9999999.000,9999999.000,0.000,1.000,0.000,0,0,2,0,0,2,2,0,0.0,0.0,1.0,0.0,0.0,1.0
"G[1,2](((BldPrSys <= 109.526 & HbA1c >= 5.939) | Triglyc >= 6.019) -> bmiZscore >= 5.977)
",9999999.000,9999999.000,0.000,1.000,0.000,0,0,1,1,1,1,1,1,0.0,0.0,1.0,0.0,0.0,1.0
"G[2,2](BldPrSys <= 114.439 -> diabDur <= 7.909)
",-114.439,-114.439,0.000,1.000,0.000,0,0,2,0,0,2,2,0,0.0,0.0,1.0,0.0,0.0,1.0
"G[0,2](((NumPumpBolusOrShortAct >= 0.136 | SMBGperDayPtMeterCombo <= 7.240) | Pt_GrandparentT1D <= 7.085) | Pt_GrandchildT1D >= 5.530)
",9999999.000,9999999.000,0.000,1.000,0.000,0,0,2,0,0,2,2,0,0.0,0.0,1.0,0.0,0.0,1.0
"G[1,2](((GFR <= 49.373 | UnitsInsBasalOrLongAct <= 9.213) | TSH <= 9.565) -> Pt_MotherT1D <= 9.199)
",9999999.000,9999999.000,0.000,1.000,0.000,0,0,2,0,0,2,2,0,0.0,0.0,1.0,0.0,0.0,1.0
"G[0,1](BldPrSys <= 118.076 & GFR <= 49.398)
",9999999.000,9999999.000,0.000,1.000,0.000,0,0,1,1,1,1,1,1,0.0,0.0,1.0,0.0,0.0,1.0
"G[0,1](((GFR <= 48.564 -> WeightKg <= 60.349) -> age >= 56.140) | SMBGperDayPtMeterCombo >= 58.151)
",9999999.000,9999999.000,0.000,1.000,0.000,0,0,0,2,2,0,0,2,0.0,0.0,0.0,0.0,0.0,1.0
"G[0,1](BGTestAvgNumPtRep >= 5.936 -> TotChol >= 180.762)
",9999999.000,9999999.000,0.000,1.000,0.000,0,0,1,1,1,1,1,1,0.0,0.0,1.0,0.0,0.0,1.0
"G[0,2]((Triglyc >= 80.595 | TSH >= 0.801) | SMBGperDayPtMeterCombo <= 2.236)
",9999999.000,9999999.000,0.000,1.000,0.000,0,0,2,0,0,2,2,0,0.0,0.0,1.0,0.0,0.0,1.0
"G[0,1](BGTestAvgNumPtRep <= 6.387 & TSH <= 1.832)
",9999999.000,9999999.000,0.000,1.000,0.000,0,0,0,2,2,0,0,2,0.0,0.0,0.0,0.0,0.0,1.0
"G[0,2](Triglyc >= 88.585 -> WeightKg <= 59.683)
",9999999.000,9999999.000,0.000,1.000,0.000,0,0,2,0,0,2,2,0,0.0,0.0,1.0,0.0,0.0,1.0
"G[1,1]((bmi >= 19.801 -> Triglyc <= 98.224) & age >= 87.845)
",-98.224,-98.224,0.000,1.000,0.000,0,0,1,1,1,1,1,1,0.0,0.0,1.0,0.0,0.0,1.0
"G[1,2]((BldPrDia >= 60.384 | Triglyc >= 87.871) -> BGTestAvgNumPtRep <= 99.977)
",9999999.000,9999999.000,0.000,1.000,0.000,0,0,2,0,0,2,2,0,0.0,0.0,1.0,0.0,0.0,1.0
"G[2,2]((age >= 35.501 -> UnitsInsBasalOrLongAct <= 9.826) | Pt_ChildT1D >= 8.190)
",-8.190,-8.190,0.000,1.000,0.000,0,0,2,0,0,2,2,0,0.0,0.0,1.0,0.0,0.0,1.0
"G[0,2](((HbA1c >= 5.924 -> UnitsInsBasalOrLongAct >= 8.270) -> HbA1c <= 9.169) & Pt_GrandparentT1D >= 8.550)
",9999999.000,9999999.000,0.000,1.000,0.000,0,0,0,2,2,0,0,2,0.0,0.0,0.0,0.0,0.0,1.0
"G[1,2](TotalDailyInsPerKg >= 0.018 -> WeightKg >= 56.011)
",9999999.000,9999999.000,0.000,1.000,0.000,0,0,1,1,1,1,1,1,0.0,0.0,1.0,0.0,0.0,1.0
"G[1,2]((BldPrSys >= 103.188 -> TotalDailyInsPerKg >= 0.098) & Pt_A1cGoalLevelDsYr5 <= 0.148)
",9999999.000,9999999.000,0.000,1.000,0.000,0,0,2,0,0,2,2,0,0.0,0.0,1.0,0.0,0.0,1.0
"G[0,2]((TotalDailyInsPerKg <= 0.223 | Triglyc >= 85.747) & BGTestAvgNumPtRep <= 102.644)
",9999999.000,9999999.000,0.000,1.000,0.000,0,0,1,1,1,1,1,1,0.0,0.0,1.0,0.0,0.0,1.0
"G[2,2]((HbA1cImputeDtMnC >= 6.553 & LDL <= 96.674) & Pt_CGMUseNumDays <= 91.893)
",-6.553,-6.553,0.000,1.000,0.000,0,0,2,0,0,2,2,0,0.0,0.0,1.0,0.0,0.0,1.0
"G[0,1](TotalDailyInsPerKg <= 0.187 & TSH >= 1.230)
",9999999.000,9999999.000,0.000,1.000,0.000,0,0,0,2,2,0,0,2,0.0,0.0,0.0,0.0,0.0,1.0
"G[0,1](((age <= 36.948 | LDL <= 91.607) & BGTestAvgNumPtRep >= 86.072) & bmi <= 98.266)
",9999999.000,9999999.000,0.000,1.000,0.000,0,0,0,2,2,0,0,2,0.0,0.0,0.0,0.0,0.0,1.0
"G[2,2](((TSH <= 1.920 & UnitsInsBasalOrLongAct >= 8.665) & GFR >= 8.294) & NumPumpBolusOrShortAct <= 9.701)
",-8.665,-8.665,0.000,1.000,0.000,0,0,2,0,0,2,2,0,0.0,0.0,1.0,0.0,0.0,1.0
"G[1,2]((TotChol <= 198.269 -> UnitsInsBasalOrLongAct <= 9.120) & diagAgeCombo <= 9.399)
",9999999.000,9999999.000,0.000,1.000,0.000,0,0,2,0,0,2,2,0,0.0,0.0,1.0,0.0,0.0,1.0
"G[2,2](((GFR <= 48.515 & SMBGperDayPtMeterCombo <= 7.392) -> HDL >= 6.186) | bmiPerc >= 6.210)
",-6.210,-6.210,0.000,1.000,0.000,0,0,2,0,0,2,2,0,0.0,0.0,1.0,0.0,0.0,1.0
"G[0,2](((Pt_CGMUseNumDays <= 0.000 -> Pt_CGMUseNumDays <= 0.000) -> Pt_A1cGoalLevelDsYr5 >= 0.000) | bmiPerc <= 0.000)
",9999999.000,9999999.000,0.000,1.000,0.000,0,0,2,0,0,2,2,0,0.0,0.0,1.0,0.0,0.0,1.0
"G[0,1]((Pt_ChildT1D >= 0.000 | Pt_GrandchildT1D >= 0.000) -> HDL <= 0.000)
",9999999.000,9999999.000,0.000,1.000,0.000,0,0,0,2,2,0,0,2,0.0,0.0,0.0,0.0,0.0,1.0
