Rule,Discrimination Score,Pos Robustness,Neg Robustness,Percent Class +,Percent Class -,TP,TN,FP,FN,Actual Yes,Actual No,Predicted Yes,Predicted No,TPR/Sens,TNR/Spec,FPR,Precision,Accuracy,MCR
"G[1,2](BldPrSys >= 118.561 & HeightCm <= 96.215)
",0.000,0.000,0.000,1.000,0.000,0,1,0,0,0,1,0,1,0,1.0,0.0,0.0,1.0,0.0
"G[1,2](Pt_DKAFlg >= 0.000 -> BUN >= 21.686)
",0.000,0.000,0.000,1.000,0.000,0,1,0,0,0,1,0,1,0,1.0,0.0,0.0,1.0,0.0
"G[1,1](((HDL >= 29.845 -> Pt_A1cGoalLevelDsYr5 >= 0.000) -> HDL <= 0.000) & SMBGperDayPtMeterCombo <= 0.000)
",0.000,0.000,0.000,1.000,0.000,0,1,0,0,0,1,0,1,0,1.0,0.0,0.0,1.0,0.0
"G[0,2]((HbA1cImputeDtMnC >= 3.763 & HeightCm >= 70.893) | UnitsInsBasalOrLongAct >= 31.889)
",0.000,0.000,0.000,1.000,0.000,0,1,0,0,0,1,0,1,0,1.0,0.0,0.0,1.0,0.0
"G[0,1](BUN <= 25.051 | BUN <= 23.956)
",0.000,0.000,0.000,1.000,0.000,0,1,0,0,0,1,0,1,0,1.0,0.0,0.0,1.0,0.0
"G[1,2]((bmiZscore >= -0.610 | Triglyc <= 90.112) & Pt_A1cGoalLevelDsYr5 >= 70.686)
",0.000,0.000,0.000,1.000,0.000,0,1,0,0,0,1,0,1,0,1.0,0.0,0.0,1.0,0.0
"G[1,2]((Pt_SiblingT1D >= 0.000 & Pt_CGMUseNumDays <= 0.000) -> WeightKg <= 0.000)
",0.000,0.000,0.000,1.000,0.000,0,1,0,0,0,1,0,1,0,1.0,0.0,0.0,1.0,0.0
"G[0,2]((UnitsInsBasalOrLongAct <= 10.000 -> diabDur >= 12.430) & HeightCm <= 12.529)
",0.000,0.000,0.000,1.000,0.000,0,1,0,0,0,1,0,1,0,1.0,0.0,0.0,1.0,0.0
"G[1,2](((TotChol >= 96.834 | Pt_ChildT1D <= 0.000) | AlbCreatRat_mggNew >= 0.000) & AutonomicNeuroCl <= 0.000)
",0.000,0.000,0.000,1.000,0.000,0,1,0,0,0,1,0,1,0,1.0,0.0,0.0,1.0,0.0
"G[1,1]((bmiZscore >= -0.734 -> AlbCreatRat_mggNew <= 0.000) -> BldPrSys <= 0.000)
",0.000,0.000,0.000,1.000,0.000,0,1,0,0,0,1,0,1,0,1.0,0.0,0.0,1.0,0.0
"G[1,1]((AutonomicNeuroCl <= 1.000 -> HDL <= 48.176) -> BldPrDia <= 47.757)
",0.000,0.000,0.000,1.000,0.000,0,1,0,0,0,1,0,1,0,1.0,0.0,0.0,1.0,0.0
"G[0,1](TotalDailyInsPerKg <= 0.439 | WeightKg <= 44.254)
",0.000,0.000,0.000,1.000,0.000,0,1,0,0,0,1,0,1,0,1.0,0.0,0.0,1.0,0.0
"G[1,2]((Pt_MotherT1D <= 0.000 -> HbA1c <= 5.525) | Pt_FatherT1D >= 1.206)
",0.000,0.000,0.000,1.000,0.000,0,1,0,0,0,1,0,1,0,1.0,0.0,0.0,1.0,0.0
"G[1,1](((BGTestAvgNumMeter >= 0.000 -> Pt_GrandchildT1D >= 0.000) & Pt_A1cGoalLev >= 0.000) & bmi <= 0.000)
",0.000,0.000,0.000,1.000,0.000,0,1,0,0,0,1,0,1,0,1.0,0.0,0.0,1.0,0.0
"G[0,2](diabDur <= 12.856 -> BldPrDia <= 67.217)
",0.000,0.000,0.000,1.000,0.000,0,1,0,0,0,1,0,1,0,1.0,0.0,0.0,1.0,0.0
"G[0,2]((DirectLDL <= 0.000 -> WeightKg >= 19.970) & bmi >= 1.678)
",0.000,0.000,0.000,1.000,0.000,0,1,0,0,0,1,0,1,0,1.0,0.0,0.0,1.0,0.0
"G[0,1]((Triglyc <= 94.067 -> AutonomicNeuroCl <= 1.000) -> HDL <= 1.000)
",0.000,0.000,0.000,1.000,0.000,0,1,0,0,0,1,0,1,0,1.0,0.0,0.0,1.0,0.0
"G[0,1](HDL <= 45.427 & AlbCreatRat_mggNew <= 0.000)
",0.000,0.000,0.000,1.000,0.000,0,1,0,0,0,1,0,1,0,1.0,0.0,0.0,1.0,0.0
"G[0,2](((bmi >= 8.954 -> Triglyc <= 84.103) & AlbCreatRat_mggNew >= 72.910) & AutonomicNeuroCl <= 89.826)
",0.000,0.000,0.000,1.000,0.000,0,1,0,0,0,1,0,1,0,1.0,0.0,0.0,1.0,0.0
"G[0,1](BUN <= 26.457 & HbA1c >= 1.321)
",0.000,0.000,0.000,1.000,0.000,0,1,0,0,0,1,0,1,0,1.0,0.0,0.0,1.0,0.0
"G[0,2](((BUN <= 27.841 -> BldPrSys >= 115.835) -> SMBGperDayPtMeterCombo >= 118.990) & Pt_GrandparentT1D <= 126.156)
",0.000,0.000,0.000,1.000,0.000,0,1,0,0,0,1,0,1,0,1.0,0.0,0.0,1.0,0.0
"G[0,2]((BUN <= 23.545 & LDL >= 41.660) & HDL >= 44.819)
",0.000,0.000,0.000,1.000,0.000,0,1,0,0,0,1,0,1,0,1.0,0.0,0.0,1.0,0.0
"G[0,0](((Pt_GrandchildT1D >= 0.000 | Pt_A1cGoalLevelDsYr5 >= 0.000) -> Pt_InsGov >= 0.000) & LDL <= 0.000)
",0.000,0.000,0.000,1.000,0.000,0,1,0,0,0,1,0,1,0,1.0,0.0,0.0,1.0,0.0
"G[0,1](((BldPrSys <= 122.876 | UnitsInsBasalOrLongAct <= 10.000) & Pt_FatherT1D <= 10.000) & HeightCm >= 10.000)
",0.000,0.000,0.000,1.000,0.000,0,1,0,0,0,1,0,1,0,1.0,0.0,0.0,1.0,0.0
"G[0,1]((HDL >= 36.379 & HbA1cImputeDtMnC >= 0.235) | bmi >= 2.032)
",0.000,0.000,0.000,1.000,0.000,0,1,0,0,0,1,0,1,0,1.0,0.0,0.0,1.0,0.0
"G[0,2](((SMBGperDayPtMeterCombo <= 0.000 | GFR >= 46.158) & SMBGperDayPtMeterCombo >= 44.604) & TotalDailyInsPerKg <= 48.811)
",0.000,0.000,0.000,1.000,0.000,0,1,0,0,0,1,0,1,0,1.0,0.0,0.0,1.0,0.0
"G[0,2]((bmiPerc <= 0.000 -> UnitsInsBasalOrLongAct <= 10.000) -> HbA1c >= 10.000)
",0.000,0.000,0.000,1.000,0.000,0,1,0,0,0,1,0,1,0,1.0,0.0,0.0,1.0,0.0
"G[0,2](((diagAgeCombo <= 36.730 & Pt_GrandchildT1D <= 0.000) -> diabDur <= 0.000) | BldPrDia <= 0.000)
",0.000,0.000,0.000,1.000,0.000,0,1,0,0,0,1,0,1,0,1.0,0.0,0.0,1.0,0.0
"G[0,1]((SMBGperDayPtMeterCombo <= 0.000 & HbA1c >= 0.959) | bmiPerc >= 2.805)
",0.000,0.000,0.000,1.000,0.000,0,1,0,0,0,1,0,1,0,1.0,0.0,0.0,1.0,0.0
"G[1,2](((Pt_ChildT1D <= 0.000 | BldPrSys >= 119.620) | BldPrSys >= 114.412) -> bmiPerc >= 118.095)
",0.000,0.000,0.000,1.000,0.000,0,1,0,0,0,1,0,1,0,1.0,0.0,0.0,1.0,0.0
"G[0,1]((Pt_A1cGoalLev <= 4.730 & WeightKg >= 8.545) | Pt_GrandchildT1D >= 33.919)
",0.000,0.000,0.000,1.000,0.000,0,1,0,0,0,1,0,1,0,1.0,0.0,0.0,1.0,0.0
"G[0,1]((BGTestAvgNumPtRep <= 0.000 | age <= 67.818) & HeightCm >= 67.256)
",0.000,0.000,0.000,1.000,0.000,0,1,0,0,0,1,0,1,0,1.0,0.0,0.0,1.0,0.0
"G[0,2](DirectLDL >= 0.000 & Triglyc <= 85.866)
",0.000,0.000,0.000,1.000,0.000,0,1,0,0,0,1,0,1,0,1.0,0.0,0.0,1.0,0.0
"G[0,2]((BGTestAvgNumMeter >= 0.000 & AutonomicNeuroCl <= 1.000) & Pt_A1cGoalLev <= 1.000)
",0.000,0.000,0.000,1.000,0.000,0,1,0,0,0,1,0,1,0,1.0,0.0,0.0,1.0,0.0
"G[0,2](BldPrDia <= 67.290 | diagAgeCombo <= 36.974)
",0.000,0.000,0.000,1.000,0.000,0,1,0,0,0,1,0,1,0,1.0,0.0,0.0,1.0,0.0
"G[0,1]((HbA1c >= 1.581 & Pt_DKAFlg >= 0.000) & Pt_CGMUseNumDays <= 0.000)
",0.000,0.000,0.000,1.000,0.000,0,1,0,0,0,1,0,1,0,1.0,0.0,0.0,1.0,0.0
"G[0,2]((TotalDailyInsPerKg <= 0.581 -> Pt_SHFlg >= 0.071) -> bmiPerc >= 0.426)
",0.000,0.000,0.000,1.000,0.000,0,1,0,0,0,1,0,1,0,1.0,0.0,0.0,1.0,0.0
"G[0,2]((TotChol >= 99.515 -> BldPrSys >= 114.935) & Pt_A1cGoalLev >= 113.279)
",0.000,0.000,0.000,1.000,0.000,0,1,0,0,0,1,0,1,0,1.0,0.0,0.0,1.0,0.0
"G[0,1](((Pt_MotherT1D >= 0.000 -> Triglyc <= 92.041) -> SMBGperDayPtMeterCombo >= 60.010) & Pt_SHFlg >= 63.919)
",0.000,0.000,0.000,1.000,0.000,0,1,0,0,0,1,0,1,0,1.0,0.0,0.0,1.0,0.0
"G[0,0](diabDur <= 12.971 & WeightKg >= 5.418)
",0.000,0.000,0.000,1.000,0.000,0,1,0,0,0,1,0,1,0,1.0,0.0,0.0,1.0,0.0
"G[0,1](((age <= 67.532 -> BUN <= 25.318) & GFR <= 26.542) | diabDur >= 22.667)
",0.000,0.000,0.000,1.000,0.000,0,1,0,0,0,1,0,1,0,1.0,0.0,0.0,1.0,0.0
"G[1,1]((Pt_A1cGoalLev >= 2.370 -> bmi <= 23.429) -> diagAgeCombo >= 2.124)
",0.000,0.000,0.000,1.000,0.000,0,1,0,0,0,1,0,1,0,1.0,0.0,0.0,1.0,0.0
"G[0,1](Pt_SiblingT1D >= 0.000 -> WeightKg <= 51.172)
",0.000,0.000,0.000,1.000,0.000,0,1,0,0,0,1,0,1,0,1.0,0.0,0.0,1.0,0.0
"G[1,2]((DirectLDL >= 0.000 & age >= 67.061) -> Triglyc <= 67.535)
",0.000,0.000,0.000,1.000,0.000,0,1,0,0,0,1,0,1,0,1.0,0.0,0.0,1.0,0.0
"G[0,2](((LDL >= 47.206 & TotalDailyInsPerKg >= 0.191) & diabDur >= 0.254) & Triglyc <= 0.419)
",0.000,0.000,0.000,1.000,0.000,0,1,0,0,0,1,0,1,0,1.0,0.0,0.0,1.0,0.0
"G[0,1]((BGTestAvgNumPtRep >= 0.000 & Pt_InsGov <= 0.776) & HeightCm <= 0.784)
",0.000,0.000,0.000,1.000,0.000,0,1,0,0,0,1,0,1,0,1.0,0.0,0.0,1.0,0.0
"G[0,1]((bmi >= 9.315 -> BGTestAvgNumPtRep <= 0.000) & GFR <= 0.000)
",0.000,0.000,0.000,1.000,0.000,0,1,0,0,0,1,0,1,0,1.0,0.0,0.0,1.0,0.0
"G[0,1](TotChol >= 89.852 & LDL >= 38.503)
",0.000,0.000,0.000,1.000,0.000,0,1,0,0,0,1,0,1,0,1.0,0.0,0.0,1.0,0.0
"G[0,1](bmiZscore <= -0.145 | Pt_A1cGoalLev <= 4.342)
",0.000,0.000,0.000,1.000,0.000,0,1,0,0,0,1,0,1,0,1.0,0.0,0.0,1.0,0.0
"G[1,1](((diabDur <= 12.975 -> bmiPerc <= 0.000) & Pt_MotherT1D >= 0.000) -> AutonomicNeuroCl <= 0.000)
",0.000,0.000,0.000,1.000,0.000,0,1,0,0,0,1,0,1,0,1.0,0.0,0.0,1.0,0.0
"G[0,2]((Triglyc >= 60.280 & BldPrSys <= 129.857) | Pt_A1cGoalLev >= 117.755)
",0.000,0.000,0.000,1.000,0.000,0,1,0,0,0,1,0,1,0,1.0,0.0,0.0,1.0,0.0
"G[0,2](((BUN >= 19.384 | Pt_SHFlg <= 0.872) & TotChol <= 0.798) | bmiPerc >= 0.335)
",0.000,0.000,0.000,1.000,0.000,0,1,0,0,0,1,0,1,0,1.0,0.0,0.0,1.0,0.0
"G[0,1]((BldPrDia >= 62.737 & Pt_DKAFlg <= 0.000) & Pt_FatherT1D <= 0.000)
",0.000,0.000,0.000,1.000,0.000,0,1,0,0,0,1,0,1,0,1.0,0.0,0.0,1.0,0.0
"G[1,2](UnitsInsBasalOrLongAct >= 10.000 & Pt_A1cGoalLev >= 1.246)
",0.000,0.000,0.000,1.000,0.000,0,1,0,0,0,1,0,1,0,1.0,0.0,0.0,1.0,0.0
"G[0,2](((diabDur >= 12.266 -> GFR >= 43.746) & SMBGperDayPtMeterCombo <= 47.923) & Pt_GrandparentT1D >= 43.667)
",0.000,0.000,0.000,1.000,0.000,0,1,0,0,0,1,0,1,0,1.0,0.0,0.0,1.0,0.0
"G[0,1](((TotalDailyInsPerKg >= 0.068 & Pt_DKAFlg <= 0.000) & Pt_InsGov >= 0.000) & bmiZscore >= 0.000)
",0.000,0.000,0.000,1.000,0.000,0,1,0,0,0,1,0,1,0,1.0,0.0,0.0,1.0,0.0
"G[1,2](DirectLDL <= 0.000 & Pt_SHFlg = 0.771)
",0.000,0.000,0.000,1.000,0.000,0,1,0,0,0,1,0,1,0,1.0,0.0,0.0,1.0,0.0
"G[0,2](bmi <= 14.807 & Pt_SHFlg = 0.457)
",0.000,0.000,0.000,1.000,0.000,0,1,0,0,0,1,0,1,0,1.0,0.0,0.0,1.0,0.0
"G[1,2](Triglyc < 87.958 & Pt_SHFlg = 0.265)
",0.000,0.000,0.000,1.000,0.000,0,1,0,0,0,1,0,1,0,1.0,0.0,0.0,1.0,0.0
"G[0,1](GFR <= 48.176 -> BUN >= 21.651)
",0.000,0.000,0.000,1.000,0.000,0,1,0,0,0,1,0,1,0,1.0,0.0,0.0,1.0,0.0
"G[1,1](TSH > 0.289 & Pt_SHFlg = 0.767)
",0.000,0.000,0.000,1.000,0.000,0,1,0,0,0,1,0,1,0,1.0,0.0,0.0,1.0,0.0
"G[1,1](NumPumpBolusOrShortAct > 0.000 & Pt_SHFlg = 0.821)
",0.000,0.000,0.000,1.000,0.000,0,1,0,0,0,1,0,1,0,1.0,0.0,0.0,1.0,0.0
"G[0,1]((LDL <= 56.754 -> age <= 67.686) & HbA1c <= 67.721)
",0.000,0.000,0.000,1.000,0.000,0,1,0,0,0,1,0,1,0,1.0,0.0,0.0,1.0,0.0
"G[1,2](HbA1c <= 7.079 & NumPumpBolusOrShortAct <= 0.000)
",0.000,0.000,0.000,1.000,0.000,0,1,0,0,0,1,0,1,0,1.0,0.0,0.0,1.0,0.0
"G[1,2](BGTestAvgNumMeter > 0.000 & Pt_SHFlg = 0.677)
",0.000,0.000,0.000,1.000,0.000,0,1,0,0,0,1,0,1,0,1.0,0.0,0.0,1.0,0.0
"G[1,1](((Pt_CGMUseNumDays >= 0.000 | Pt_InsGov <= 0.571) -> Pt_SHFlg >= 0.261) & AlbCreatRat_mggNew >= 0.048)
",0.000,0.000,0.000,1.000,0.000,0,1,0,0,0,1,0,1,0,1.0,0.0,0.0,1.0,0.0
"G[0,2](GFR <= 47.216 -> BUN >= 21.859)
",0.000,0.000,0.000,1.000,0.000,0,1,0,0,0,1,0,1,0,1.0,0.0,0.0,1.0,0.0
"G[0,2](Pt_ChildT1D >= 0.000 -> Pt_SHFlg = 0.257)
",0.000,0.000,0.000,1.000,0.000,0,1,0,0,0,1,0,1,0,1.0,0.0,0.0,1.0,0.0
"G[1,1](((AutonomicNeuroCl >= 1.000 & TotalDailyInsPerKg >= 0.166) & NumPumpBolusOrShortAct >= 0.245) & LDL <= 0.605)
",0.000,0.000,0.000,1.000,0.000,0,1,0,0,0,1,0,1,0,1.0,0.0,0.0,1.0,0.0
"G[0,0](Pt_SiblingT1D <= 0.000 -> Pt_SHFlg = 0.742)
",0.000,0.000,0.000,1.000,0.000,0,1,0,0,0,1,0,1,0,1.0,0.0,0.0,1.0,0.0
"G[0,2](GFR <= 49.428 -> BUN >= 23.263)
",0.000,0.000,0.000,1.000,0.000,0,1,0,0,0,1,0,1,0,1.0,0.0,0.0,1.0,0.0
"G[1,2](HbA1c >= 0.302 & Pt_SHFlg = 0.945)
",0.000,0.000,0.000,1.000,0.000,0,1,0,0,0,1,0,1,0,1.0,0.0,0.0,1.0,0.0
"G[1,2](bmiZscore <= -0.206 -> Pt_SHFlg = 0.207)
",0.000,0.000,0.000,1.000,0.000,0,1,0,0,0,1,0,1,0,1.0,0.0,0.0,1.0,0.0
"G[1,2](TotalDailyInsPerKg <= 0.509 | TotChol >= 97.151)
",0.000,0.000,0.000,1.000,0.000,0,1,0,0,0,1,0,1,0,1.0,0.0,0.0,1.0,0.0
"G[1,2](GFR <= 50.635 -> BUN >= 20.381)
",0.000,0.000,0.000,1.000,0.000,0,1,0,0,0,1,0,1,0,1.0,0.0,0.0,1.0,0.0
"G[0,1](HbA1cImputeDtMnC <= 8.582 -> Pt_SHFlg = 0.449)
",0.000,0.000,0.000,1.000,0.000,0,1,0,0,0,1,0,1,0,1.0,0.0,0.0,1.0,0.0
"G[1,1]((age <= 67.955 -> BldPrSys <= 125.566) & Pt_A1cGoalLevelDsYr5 >= 110.585)
",0.000,0.000,0.000,1.000,0.000,0,1,0,0,0,1,0,1,0,1.0,0.0,0.0,1.0,0.0
"G[0,2](SMBGperDayPtMeterCombo <= 0.000 & Pt_A1cGoalLev >= 1.703)
",0.000,0.000,0.000,1.000,0.000,0,1,0,0,0,1,0,1,0,1.0,0.0,0.0,1.0,0.0
"G[0,1](TotalDailyInsPerKg < 0.522 & Pt_SHFlg = 0.856)
",0.000,0.000,0.000,1.000,0.000,0,1,0,0,0,1,0,1,0,1.0,0.0,0.0,1.0,0.0
"G[0,2]((BldPrSys >= 116.280 -> BUN <= 27.797) & BGTestAvgNumPtRep >= 21.424)
",0.000,0.000,0.000,1.000,0.000,0,1,0,0,0,1,0,1,0,1.0,0.0,0.0,1.0,0.0
"G[1,2](GFR <= 49.691 -> BUN >= 21.255)
",0.000,0.000,0.000,1.000,0.000,0,1,0,0,0,1,0,1,0,1.0,0.0,0.0,1.0,0.0
"G[0,1]((Triglyc <= 89.046 -> Pt_CGMUseNumDays >= 0.000) & bmiZscore >= 0.000)
",0.000,0.000,0.000,1.000,0.000,0,1,0,0,0,1,0,1,0,1.0,0.0,0.0,1.0,0.0
"G[1,2](GFR <= 49.359 -> BUN >= 20.310)
",0.000,0.000,0.000,1.000,0.000,0,1,0,0,0,1,0,1,0,1.0,0.0,0.0,1.0,0.0
"G[1,1](GFR <= 50.842 -> BUN >= 22.588)
",0.000,0.000,0.000,1.000,0.000,0,1,0,0,0,1,0,1,0,1.0,0.0,0.0,1.0,0.0
"G[0,2](BldPrDia <= 66.492 & Pt_SHFlg = 0.788)
",0.000,0.000,0.000,1.000,0.000,0,1,0,0,0,1,0,1,0,1.0,0.0,0.0,1.0,0.0
"G[1,2]((HbA1cImputeDtMnC <= 5.228 -> Pt_SHFlg <= 0.530) -> bmiZscore >= 0.101)
",0.000,0.000,0.000,1.000,0.000,0,1,0,0,0,1,0,1,0,1.0,0.0,0.0,1.0,0.0
"G[0,1](GFR <= 50.099 -> BUN >= 19.163)
",0.000,0.000,0.000,1.000,0.000,0,1,0,0,0,1,0,1,0,1.0,0.0,0.0,1.0,0.0
"G[0,1](diagAgeCombo >= 21.091 | GFR <= 50.180)
",0.000,0.000,0.000,1.000,0.000,0,0,1,0,0,1,1,0,0,0.0,1.0,0.0,0.0,1.0
"G[1,2](Pt_FatherT1D >= 0.000 & BldPrDia <= 67.905)
",0.000,0.000,0.000,1.000,0.000,0,0,1,0,0,1,1,0,0,0.0,1.0,0.0,0.0,1.0
"G[0,2](((Pt_GrandparentT1D <= 0.000 & NumPumpBolusOrShortAct >= 0.000) & age >= 0.000) | UnitsInsBasalOrLongAct <= 0.000)
",0.000,0.000,0.000,1.000,0.000,0,0,1,0,0,1,1,0,0,0.0,1.0,0.0,0.0,1.0
"G[0,1](DirectLDL <= 0.000 | Pt_InsGov >= 0.348)
",0.000,0.000,0.000,1.000,0.000,0,0,1,0,0,1,1,0,0,0.0,1.0,0.0,0.0,1.0
"G[1,2](((Pt_SiblingT1D >= 0.000 -> Pt_FatherT1D <= 0.000) | BldPrDia <= 0.000) -> HbA1c >= 0.000)
",0.000,0.000,0.000,1.000,0.000,0,0,1,0,0,1,1,0,0,0.0,1.0,0.0,0.0,1.0
"G[0,1]((Pt_DKAFlg <= 0.000 -> HbA1cImputeDtMnC <= 8.350) | Pt_SHFlg <= 7.389)
",0.000,0.000,0.000,1.000,0.000,0,0,1,0,0,1,1,0,0,0.0,1.0,0.0,0.0,1.0
"G[2,2](((BGTestAvgNumPtRep <= 0.000 -> Pt_InsGov <= 0.931) -> TotChol >= 0.145) -> DirectLDL >= 0.264)
",0.000,0.000,0.000,1.000,0.000,0,0,1,0,0,1,1,0,0,0.0,1.0,0.0,0.0,1.0
"G[1,2](((LDL <= 48.427 | Pt_A1cGoalLevelDsYr5 >= 0.000) -> TSH >= 0.000) | BUN >= 0.000)
",0.000,0.000,0.000,1.000,0.000,0,0,1,0,0,1,1,0,0,0.0,1.0,0.0,0.0,1.0
"G[0,1](((Pt_GrandparentT1D >= 0.000 -> bmi >= 4.214) & DirectLDL <= 16.273) -> TotChol >= 2.028)
",0.000,0.000,0.000,1.000,0.000,0,0,1,0,0,1,1,0,0,0.0,1.0,0.0,0.0,1.0
"G[1,2]((Pt_SHFlg >= 0.018 -> age <= 67.890) & BGTestAvgNumMeter <= 67.622)
",0.000,0.000,0.000,1.000,0.000,0,0,1,0,0,1,1,0,0,0.0,1.0,0.0,0.0,1.0
"G[0,0](Pt_GrandparentT1D >= 0.000 | diabDur <= 12.674)
",0.000,0.000,0.000,1.000,0.000,0,0,1,0,0,1,1,0,0,0.0,1.0,0.0,0.0,1.0
"G[1,2](((Triglyc >= 72.508 & diabDur <= 12.821) | BUN >= 12.273) & age >= 12.471)
",0.000,0.000,0.000,1.000,0.000,0,0,1,0,0,1,1,0,0,0.0,1.0,0.0,0.0,1.0
"G[0,1](((BGTestAvgNumMeter <= 0.000 | bmi <= 18.161) -> SMBGperDayPtMeterCombo >= 4.712) -> LDL >= 8.052)
",0.000,0.000,0.000,1.000,0.000,0,0,1,0,0,1,1,0,0,0.0,1.0,0.0,0.0,1.0
"G[1,1]((Pt_DKAFlg <= 0.000 -> HDL <= 44.395) | BGTestAvgNumPtRep >= 32.521)
",0.000,0.000,0.000,1.000,0.000,0,0,1,0,0,1,1,0,0,0.0,1.0,0.0,0.0,1.0
"G[2,2]((Pt_GrandparentT1D <= 0.000 | GFR >= 43.156) | age <= 48.983)
",0.000,0.000,0.000,1.000,0.000,0,0,1,0,0,1,1,0,0,0.0,1.0,0.0,0.0,1.0
"G[1,2]((HDL >= 32.644 -> Pt_CGMUseNumDays >= 0.000) -> WeightKg >= 0.000)
",0.000,0.000,0.000,1.000,0.000,0,0,1,0,0,1,1,0,0,0.0,1.0,0.0,0.0,1.0
"G[1,2](((Pt_SiblingT1D <= 0.000 | BGTestAvgNumMeter >= 0.000) & BGTestAvgNumMeter >= 0.000) | AutonomicNeuroCl <= 0.000)
",0.000,0.000,0.000,1.000,0.000,0,0,1,0,0,1,1,0,0,0.0,1.0,0.0,0.0,1.0
"G[2,2]((HbA1c <= 3.942 -> Pt_DKAFlg <= 0.000) -> Pt_ChildT1D >= 0.000)
",0.000,0.000,0.000,1.000,0.000,0,0,1,0,0,1,1,0,0,0.0,1.0,0.0,0.0,1.0
"G[0,1](((GFR <= 48.924 -> UnitsInsBasalOrLongAct <= 10.000) & Pt_ChildT1D <= 10.000) | Pt_SiblingT1D >= 10.000)
",0.000,0.000,0.000,1.000,0.000,0,0,1,0,0,1,1,0,0,0.0,1.0,0.0,0.0,1.0
"G[2,2]((TotChol >= 101.011 -> Pt_FatherT1D >= 0.000) -> BldPrDia >= 0.000)
",0.000,0.000,0.000,1.000,0.000,0,0,1,0,0,1,1,0,0,0.0,1.0,0.0,0.0,1.0
"G[0,1]((bmi >= 8.116 -> Triglyc >= 75.366) -> Pt_DKAFlg <= 83.927)
",0.000,0.000,0.000,1.000,0.000,0,0,1,0,0,1,1,0,0,0.0,1.0,0.0,0.0,1.0
"G[1,1](Triglyc <= 90.652 -> Pt_MotherT1D <= 0.000)
",0.000,0.000,0.000,1.000,0.000,0,0,1,0,0,1,1,0,0,0.0,1.0,0.0,0.0,1.0
"G[0,2](bmiPerc >= 0.000 & Pt_GrandchildT1D >= 0.000)
",0.000,0.000,0.000,1.000,0.000,0,0,1,0,0,1,1,0,0,0.0,1.0,0.0,0.0,1.0
"G[0,1]((BUN >= 22.138 | Pt_SHFlg <= 0.752) | Pt_GrandchildT1D <= 0.993)
",0.000,0.000,0.000,1.000,0.000,0,0,1,0,0,1,1,0,0,0.0,1.0,0.0,0.0,1.0
"G[0,2]((Pt_A1cGoalLev >= 1.848 & diagAgeCombo >= 22.713) -> BldPrDia >= 14.979)
",0.000,0.000,0.000,1.000,0.000,0,0,1,0,0,1,1,0,0,0.0,1.0,0.0,0.0,1.0
"G[0,1](((AutonomicNeuroCl >= 1.000 & Pt_A1cGoalLevelDsYr5 >= 0.000) | diagAgeCombo <= 0.000) -> NumPumpBolusOrShortAct >= 0.000)
",0.000,0.000,0.000,1.000,0.000,0,0,1,0,0,1,1,0,0,0.0,1.0,0.0,0.0,1.0
"G[1,1](HeightCm <= 106.253 | BUN <= 23.689)
",0.000,0.000,0.000,1.000,0.000,0,0,1,0,0,1,1,0,0,0.0,1.0,0.0,0.0,1.0
"G[0,1](((BUN <= 26.356 | Pt_ChildT1D >= 0.000) -> AutonomicNeuroCl <= 0.000) | BldPrDia >= 0.000)
",0.000,0.000,0.000,1.000,0.000,0,0,1,0,0,1,1,0,0,0.0,1.0,0.0,0.0,1.0
"G[0,2](bmiPerc >= 0.000 | NumPumpBolusOrShortAct >= 0.000)
",0.000,0.000,0.000,1.000,0.000,0,0,1,0,0,1,1,0,0,0.0,1.0,0.0,0.0,1.0
"G[2,2](AutonomicNeuroCl <= 1.000 | Pt_A1cGoalLevelDsYr5 <= 0.000)
",0.000,0.000,0.000,1.000,0.000,0,0,1,0,0,1,1,0,0,0.0,1.0,0.0,0.0,1.0
"G[0,0](bmi <= 23.289 & SMBGperDayPtMeterCombo <= 0.000)
",0.000,0.000,0.000,1.000,0.000,0,0,1,0,0,1,1,0,0,0.0,1.0,0.0,0.0,1.0
"G[0,1](((Pt_InsGov >= 0.478 & SMBGperDayPtMeterCombo >= 0.000) & Pt_GrandchildT1D <= 0.000) | BGTestAvgNumPtRep >= 0.000)
",0.000,0.000,0.000,1.000,0.000,0,0,1,0,0,1,1,0,0,0.0,1.0,0.0,0.0,1.0
"G[0,2](((Pt_CGMUseNumDays <= 0.000 -> diagAgeCombo <= 44.512) & HbA1c <= 37.494) | BGTestAvgNumPtRep <= 42.152)
",0.000,0.000,0.000,1.000,0.000,0,0,1,0,0,1,1,0,0,0.0,1.0,0.0,0.0,1.0
"G[0,2]((LDL <= 52.032 | HDL >= 31.341) | Pt_SiblingT1D <= 43.718)
",0.000,0.000,0.000,1.000,0.000,0,0,1,0,0,1,1,0,0,0.0,1.0,0.0,0.0,1.0
"G[1,1]((Pt_CGMUseNumDays >= 0.000 | Pt_InsGov <= 0.592) -> GFR >= 0.136)
",0.000,0.000,0.000,1.000,0.000,0,0,1,0,0,1,1,0,0,0.0,1.0,0.0,0.0,1.0
"G[0,2]((HbA1c >= 1.672 & UnitsInsBasalOrLongAct >= 10.000) -> SMBGperDayPtMeterCombo <= 10.000)
",0.000,0.000,0.000,1.000,0.000,0,0,1,0,0,1,1,0,0,0.0,1.0,0.0,0.0,1.0
"G[0,0]((Pt_SiblingT1D <= 0.000 | SMBGperDayPtMeterCombo >= 0.000) | BldPrSys >= 0.000)
",0.000,0.000,0.000,1.000,0.000,0,0,1,0,0,1,1,0,0,0.0,1.0,0.0,0.0,1.0
"G[1,1](bmiPerc >= 0.000 & HeightCm >= 73.980)
",0.000,0.000,0.000,1.000,0.000,0,0,1,0,0,1,1,0,0,0.0,1.0,0.0,0.0,1.0
"G[0,0]((Pt_A1cGoalLev >= 3.406 -> Pt_InsGov <= 0.550) -> Pt_SiblingT1D >= 0.225)
",0.000,0.000,0.000,1.000,0.000,0,0,1,0,0,1,1,0,0,0.0,1.0,0.0,0.0,1.0
"G[0,2]((TSH <= 1.959 | UnitsInsBasalOrLongAct <= 10.000) & BldPrDia >= 10.000)
",0.000,0.000,0.000,1.000,0.000,0,0,1,0,0,1,1,0,0,0.0,1.0,0.0,0.0,1.0
"G[0,1]((Pt_MotherT1D >= 0.000 -> BGTestAvgNumMeter <= 0.000) -> BUN >= 0.000)
",0.000,0.000,0.000,1.000,0.000,0,0,1,0,0,1,1,0,0,0.0,1.0,0.0,0.0,1.0
"G[1,1]((Triglyc <= 85.062 | HDL >= 40.294) -> Pt_GrandchildT1D >= 33.971)
",0.000,0.000,0.000,1.000,0.000,0,0,1,0,0,1,1,0,0,0.0,1.0,0.0,0.0,1.0
"G[1,1]((DirectLDL <= 0.000 & HDL <= 44.887) | AutonomicNeuroCl <= 50.619)
",0.000,0.000,0.000,1.000,0.000,0,0,1,0,0,1,1,0,0,0.0,1.0,0.0,0.0,1.0
"G[0,1]((AutonomicNeuroCl <= 1.000 -> AutonomicNeuroCl <= 1.000) | BldPrDia <= 1.000)
",0.000,0.000,0.000,1.000,0.000,0,0,1,0,0,1,1,0,0,0.0,1.0,0.0,0.0,1.0
"G[0,1](((Pt_DKAFlg <= 0.000 & BGTestAvgNumPtRep <= 0.000) | diagAgeCombo <= 0.000) | BUN >= 0.000)
",0.000,0.000,0.000,1.000,0.000,0,0,1,0,0,1,1,0,0,0.0,1.0,0.0,0.0,1.0
"G[1,2]((AlbCreatRat_mggNew <= 0.000 | AutonomicNeuroCl >= 1.000) & Pt_DKAFlg <= 1.000)
",0.000,0.000,0.000,1.000,0.000,0,0,1,0,0,1,1,0,0,0.0,1.0,0.0,0.0,1.0
"G[2,2]((Pt_SiblingT1D >= 0.000 -> Triglyc <= 82.819) | AlbCreatRat_mggNew >= 64.862)
",0.000,0.000,0.000,1.000,0.000,0,0,1,0,0,1,1,0,0,0.0,1.0,0.0,0.0,1.0
"G[0,2](Pt_A1cGoalLevelDsYr5 <= 0.000 -> Pt_ChildT1D <= 0.000)
",0.000,0.000,0.000,1.000,0.000,0,0,1,0,0,1,1,0,0,0.0,1.0,0.0,0.0,1.0
"G[0,0](AutonomicNeuroCl >= 1.000 -> HeightCm <= 159.641)
",0.000,0.000,0.000,1.000,0.000,0,0,1,0,0,1,1,0,0,0.0,1.0,0.0,0.0,1.0
"G[2,2](HDL <= 45.943 | BUN <= 24.363)
",0.000,0.000,0.000,1.000,0.000,0,0,1,0,0,1,1,0,0,0.0,1.0,0.0,0.0,1.0
"G[1,2](((HbA1cImputeDtMnC >= 2.926 & Pt_ChildT1D <= 0.000) | Pt_MotherT1D >= 0.000) | Pt_MotherT1D <= 0.000)
",0.000,0.000,0.000,1.000,0.000,0,0,1,0,0,1,1,0,0,0.0,1.0,0.0,0.0,1.0
"G[1,1](bmi >= 10.781 | BUN >= 19.065)
",0.000,0.000,0.000,1.000,0.000,0,0,1,0,0,1,1,0,0,0.0,1.0,0.0,0.0,1.0
"G[1,2]((Pt_ChildT1D <= 0.000 | BGTestAvgNumPtRep <= 0.000) -> Pt_SHFlg >= 0.000)
",0.000,0.000,0.000,1.000,0.000,0,0,1,0,0,1,1,0,0,0.0,1.0,0.0,0.0,1.0
"G[0,2](((age <= 67.953 | Pt_CGMUseNumDays >= 0.000) & AutonomicNeuroCl <= 0.000) -> NumPumpBolusOrShortAct <= 0.000)
",0.000,0.000,0.000,1.000,0.000,0,0,1,0,0,1,1,0,0,0.0,1.0,0.0,0.0,1.0
"G[0,1](SMBGperDayPtMeterCombo >= 0.000 -> Pt_SiblingT1D <= 0.000)
",0.000,0.000,0.000,1.000,0.000,0,0,1,0,0,1,1,0,0,0.0,1.0,0.0,0.0,1.0
"G[0,2]((Pt_InsGov <= 0.829 & bmi >= 9.683) | diabDur <= 18.671)
",0.000,0.000,0.000,1.000,0.000,0,0,1,0,0,1,1,0,0,0.0,1.0,0.0,0.0,1.0
"G[1,1](bmi <= 20.652 -> TotalDailyInsPerKg >= 0.152)
",0.000,0.000,0.000,1.000,0.000,0,0,1,0,0,1,1,0,0,0.0,1.0,0.0,0.0,1.0
"G[1,2](Pt_FatherT1D >= 0.000 & AutonomicNeuroCl >= 1.000)
",0.000,0.000,0.000,1.000,0.000,0,0,1,0,0,1,1,0,0,0.0,1.0,0.0,0.0,1.0
"G[1,1]((BUN >= 21.333 -> SMBGperDayPtMeterCombo >= 0.000) | Pt_A1cGoalLevelDsYr5 <= 0.000)
",0.000,0.000,0.000,1.000,0.000,0,0,1,0,0,1,1,0,0,0.0,1.0,0.0,0.0,1.0
"G[0,2](((LDL >= 38.190 & bmiPerc <= 0.000) | diagAgeCombo >= 0.000) -> TotalDailyInsPerKg >= 0.000)
",0.000,0.000,0.000,1.000,0.000,0,0,1,0,0,1,1,0,0,0.0,1.0,0.0,0.0,1.0
"G[2,2](DirectLDL >= 0.000 & BldPrDia <= 64.488)
",0.000,0.000,0.000,1.000,0.000,0,0,1,0,0,1,1,0,0,0.0,1.0,0.0,0.0,1.0
"G[2,2]((Pt_A1cGoalLevelDsYr5 >= 0.000 & HbA1cImputeDtMnC >= 0.959) -> bmiPerc >= 2.851)
",0.000,0.000,0.000,1.000,0.000,0,0,1,0,0,1,1,0,0,0.0,1.0,0.0,0.0,1.0
"G[0,2](((SMBGperDayPtMeterCombo >= 0.000 | HeightCm <= 147.744) -> BldPrSys <= 164.905) | GFR >= 37.030)
",0.000,0.000,0.000,1.000,0.000,0,0,1,0,0,1,1,0,0,0.0,1.0,0.0,0.0,1.0
"G[0,2](((BldPrSys <= 124.354 & HeightCm >= 69.559) & TotalDailyInsPerKg <= 113.976) | TotChol <= 145.506)
",0.000,0.000,0.000,1.000,0.000,0,0,1,0,0,1,1,0,0,0.0,1.0,0.0,0.0,1.0
"G[1,1]((TotalDailyInsPerKg <= 0.621 -> BldPrDia >= 62.952) | AutonomicNeuroCl <= 66.758)
",0.000,0.000,0.000,1.000,0.000,0,0,1,0,0,1,1,0,0,0.0,1.0,0.0,0.0,1.0
"G[0,1]((BGTestAvgNumPtRep >= 0.000 & WeightKg <= 52.998) | Pt_CGMUseNumDays <= 50.856)
",0.000,0.000,0.000,1.000,0.000,0,0,1,0,0,1,1,0,0,0.0,1.0,0.0,0.0,1.0
"G[1,2](((SMBGperDayPtMeterCombo >= 0.000 -> Pt_SHFlg >= 0.172) -> Pt_InsGov >= 0.298) & Pt_SHFlg <= 0.679)
",0.000,0.000,0.000,1.000,0.000,0,0,1,0,0,1,1,0,0,0.0,1.0,0.0,0.0,1.0
"G[1,2](((Pt_GrandparentT1D <= 0.000 & Pt_SiblingT1D <= 0.000) | Pt_A1cGoalLevelDsYr5 <= 0.000) -> BldPrSys >= 0.000)
",0.000,0.000,0.000,1.000,0.000,0,0,1,0,0,1,1,0,0,0.0,1.0,0.0,0.0,1.0
"G[0,2](SMBGperDayPtMeterCombo >= 0.000 & BGTestAvgNumPtRep >= 0.000)
",0.000,0.000,0.000,1.000,0.000,0,0,1,0,0,1,1,0,0,0.0,1.0,0.0,0.0,1.0
"G[1,1]((BGTestAvgNumMeter >= 0.000 & diabDur >= 12.155) & BldPrDia >= 12.134)
",0.000,0.000,0.000,1.000,0.000,0,0,1,0,0,1,1,0,0,0.0,1.0,0.0,0.0,1.0
"G[1,2](Pt_CGMUseNumDays >= 0.000 & TotalDailyInsPerKg >= 0.189)
",0.000,0.000,0.000,1.000,0.000,0,0,1,0,0,1,1,0,0,0.0,1.0,0.0,0.0,1.0
"G[1,1](((Pt_SiblingT1D <= 0.000 | Pt_FatherT1D >= 0.000) & TSH >= 0.000) -> AlbCreatRat_mggNew <= 0.000)
",0.000,0.000,0.000,1.000,0.000,0,0,1,0,0,1,1,0,0,0.0,1.0,0.0,0.0,1.0
"G[1,2](diabDur >= 12.352 -> Pt_A1cGoalLevelDsYr5 <= 0.000)
",0.000,0.000,0.000,1.000,0.000,0,0,1,0,0,1,1,0,0,0.0,1.0,0.0,0.0,1.0
"G[0,1]((Pt_DKAFlg >= 0.000 -> Pt_SiblingT1D <= 0.000) | WeightKg >= 0.000)
",0.000,0.000,0.000,1.000,0.000,0,0,1,0,0,1,1,0,0,0.0,1.0,0.0,0.0,1.0
"G[0,0](((Pt_SHFlg >= 0.073 | bmiPerc >= 0.000) & TotalDailyInsPerKg <= 0.000) | HbA1c <= 0.000)
",0.000,0.000,0.000,1.000,0.000,0,0,1,0,0,1,1,0,0,0.0,1.0,0.0,0.0,1.0
"G[0,2](((BldPrDia >= 63.007 & Pt_FatherT1D >= 0.000) -> age <= 0.000) | Pt_A1cGoalLevelDsYr5 <= 0.000)
",0.000,0.000,0.000,1.000,0.000,0,0,1,0,0,1,1,0,0,0.0,1.0,0.0,0.0,1.0
"G[2,2](((WeightKg >= 29.130 -> Pt_FatherT1D >= 0.000) -> HbA1c >= 0.000) & BldPrSys <= 0.000)
",0.000,0.000,0.000,1.000,0.000,0,0,1,0,0,1,1,0,0,0.0,1.0,0.0,0.0,1.0
"G[1,1]((UnitsInsBasalOrLongAct >= 10.000 -> Triglyc <= 90.620) -> LDL >= 59.051)
",0.000,0.000,0.000,1.000,0.000,0,0,1,0,0,1,1,0,0,0.0,1.0,0.0,0.0,1.0
"G[0,2](NumPumpBolusOrShortAct >= 0.000 & bmiPerc <= 0.000)
",0.000,0.000,0.000,1.000,0.000,0,0,1,0,0,1,1,0,0,0.0,1.0,0.0,0.0,1.0
"G[0,1](((NumPumpBolusOrShortAct <= 0.000 | HeightCm >= 45.404) & Pt_A1cGoalLevelDsYr5 >= 34.466) -> TSH >= 57.630)
",0.000,0.000,0.000,1.000,0.000,0,0,1,0,0,1,1,0,0,0.0,1.0,0.0,0.0,1.0
"G[0,1](((TotChol >= 96.884 | TotalDailyInsPerKg >= 0.009) & Pt_FatherT1D <= 0.626) & BldPrDia >= 0.330)
",0.000,0.000,0.000,1.000,0.000,0,0,1,0,0,1,1,0,0,0.0,1.0,0.0,0.0,1.0
"G[0,2](BGTestAvgNumMeter <= 0.000 -> AutonomicNeuroCl <= 1.000)
",0.000,0.000,0.000,1.000,0.000,0,0,1,0,0,1,1,0,0,0.0,1.0,0.0,0.0,1.0
"G[1,2](BGTestAvgNumPtRep <= 0.000 | Pt_CGMUseNumDays <= 0.000)
",0.000,0.000,0.000,1.000,0.000,0,0,1,0,0,1,1,0,0,0.0,1.0,0.0,0.0,1.0
"G[2,2]((SMBGperDayPtMeterCombo >= 0.000 -> BldPrSys >= 118.098) -> Triglyc >= 119.301)
",0.000,0.000,0.000,1.000,0.000,0,0,1,0,0,1,1,0,0,0.0,1.0,0.0,0.0,1.0
"G[1,2]((Pt_SiblingT1D <= 0.000 | TotalDailyInsPerKg >= 0.210) | Pt_FatherT1D <= 0.510)
",0.000,0.000,0.000,1.000,0.000,0,0,1,0,0,1,1,0,0,0.0,1.0,0.0,0.0,1.0
"G[1,2](((bmiPerc <= 0.000 | diabDur >= 12.290) | Pt_MotherT1D <= 12.608) -> Pt_A1cGoalLevelDsYr5 <= 12.687)
",0.000,0.000,0.000,1.000,0.000,0,0,1,0,0,1,1,0,0,0.0,1.0,0.0,0.0,1.0
"G[2,2](((HbA1c >= 0.003 & Triglyc >= 68.881) -> SMBGperDayPtMeterCombo <= 80.128) & LDL >= 64.869)
",0.000,0.000,0.000,1.000,0.000,0,0,1,0,0,1,1,0,0,0.0,1.0,0.0,0.0,1.0
"G[2,2](((Triglyc >= 63.344 & Pt_InsGov <= 0.847) & Pt_FatherT1D <= 0.839) & BldPrDia <= 0.688)
",0.000,0.000,0.000,1.000,0.000,0,0,1,0,0,1,1,0,0,0.0,1.0,0.0,0.0,1.0
"G[1,2](Pt_A1cGoalLevelDsYr5 <= 0.000 -> Triglyc >= 73.358)
",0.000,0.000,0.000,1.000,0.000,0,0,1,0,0,1,1,0,0,0.0,1.0,0.0,0.0,1.0
"G[1,2](Pt_GrandparentT1D <= 0.000 -> Pt_GrandparentT1D >= 0.000)
",0.000,0.000,0.000,1.000,0.000,0,0,1,0,0,1,1,0,0,0.0,1.0,0.0,0.0,1.0
"G[0,1](((Pt_CGMUseNumDays >= 0.000 | Triglyc <= 81.482) & Triglyc >= 73.855) | Pt_A1cGoalLev <= 90.759)
",0.000,0.000,0.000,1.000,0.000,0,0,1,0,0,1,1,0,0,0.0,1.0,0.0,0.0,1.0
"G[0,0](((Pt_GrandparentT1D >= 0.000 & BUN <= 26.315) | bmiPerc >= 21.030) -> bmi <= 27.798)
",0.000,0.000,0.000,1.000,0.000,0,0,1,0,0,1,1,0,0,0.0,1.0,0.0,0.0,1.0
"G[1,2](HbA1cImputeDtMnC >= 2.126 & AlbCreatRat_mggNew >= 0.000)
",0.000,0.000,0.000,1.000,0.000,0,0,1,0,0,1,1,0,0,0.0,1.0,0.0,0.0,1.0
"G[1,1](((AutonomicNeuroCl <= 1.000 & WeightKg <= 46.127) | AutonomicNeuroCl >= 33.470) -> age <= 46.335)
",0.000,0.000,0.000,1.000,0.000,0,0,1,0,0,1,1,0,0,0.0,1.0,0.0,0.0,1.0
"G[2,2](Pt_CGMUseNumDays >= 0.000 -> Pt_CGMUseNumDays <= 0.000)
",0.000,0.000,0.000,1.000,0.000,0,0,1,0,0,1,1,0,0,0.0,1.0,0.0,0.0,1.0
"G[0,0](((BGTestAvgNumMeter <= 0.000 & Pt_InsGov >= 0.208) & BUN <= 0.864) | Pt_A1cGoalLev >= 0.376)
",0.000,0.000,0.000,1.000,0.000,0,0,1,0,0,1,1,0,0,0.0,1.0,0.0,0.0,1.0
"G[1,1](GFR >= 46.213 -> Pt_SHFlg = 0.721)
",0.000,0.000,0.000,1.000,0.000,0,0,1,0,0,1,1,0,0,0.0,1.0,0.0,0.0,1.0
"G[0,2]((WeightKg >= 17.220 | bmi >= 6.281) -> UnitsInsBasalOrLongAct <= 10.000)
",0.000,0.000,0.000,1.000,0.000,0,0,1,0,0,1,1,0,0,0.0,1.0,0.0,0.0,1.0
"G[1,2](SMBGperDayPtMeterCombo >= 0.000 & BGTestAvgNumPtRep >= 0.000)
",0.000,0.000,0.000,1.000,0.000,0,0,1,0,0,1,1,0,0,0.0,1.0,0.0,0.0,1.0
"G[2,2](GFR <= 47.002 -> BUN >= 19.136)
",0.000,0.000,0.000,1.000,0.000,0,0,1,0,0,1,1,0,0,0.0,1.0,0.0,0.0,1.0
"G[0,0]((WeightKg >= 2.692 | bmi >= 9.052) -> UnitsInsBasalOrLongAct <= 10.000)
",0.000,0.000,0.000,1.000,0.000,0,0,1,0,0,1,1,0,0,0.0,1.0,0.0,0.0,1.0
"G[0,2](SMBGperDayPtMeterCombo >= 0.000 & BGTestAvgNumPtRep >= 0.000)
",0.000,0.000,0.000,1.000,0.000,0,0,1,0,0,1,1,0,0,0.0,1.0,0.0,0.0,1.0
"G[2,2]((WeightKg >= 12.356 | bmi >= 4.071) -> UnitsInsBasalOrLongAct <= 10.000)
",0.000,0.000,0.000,1.000,0.000,0,0,1,0,0,1,1,0,0,0.0,1.0,0.0,0.0,1.0
"G[2,2](SMBGperDayPtMeterCombo >= 0.000 & BGTestAvgNumPtRep >= 0.000)
",0.000,0.000,0.000,1.000,0.000,0,0,1,0,0,1,1,0,0,0.0,1.0,0.0,0.0,1.0
"G[0,1]((WeightKg >= 21.040 | bmi >= 0.036) -> UnitsInsBasalOrLongAct <= 10.000)
",0.000,0.000,0.000,1.000,0.000,0,0,1,0,0,1,1,0,0,0.0,1.0,0.0,0.0,1.0
"G[0,1](SMBGperDayPtMeterCombo >= 0.000 & BGTestAvgNumPtRep >= 0.000)
",0.000,0.000,0.000,1.000,0.000,0,0,1,0,0,1,1,0,0,0.0,1.0,0.0,0.0,1.0
"G[1,2]((WeightKg >= 35.358 | bmi >= 3.775) -> UnitsInsBasalOrLongAct <= 10.000)
",0.000,0.000,0.000,1.000,0.000,0,0,1,0,0,1,1,0,0,0.0,1.0,0.0,0.0,1.0
"G[2,2](SMBGperDayPtMeterCombo >= 0.000 & BGTestAvgNumPtRep >= 0.000)
",0.000,0.000,0.000,1.000,0.000,0,0,1,0,0,1,1,0,0,0.0,1.0,0.0,0.0,1.0
"G[0,2]((WeightKg >= 17.412 | bmi >= 4.459) -> UnitsInsBasalOrLongAct <= 10.000)
",0.000,0.000,0.000,1.000,0.000,0,0,1,0,0,1,1,0,0,0.0,1.0,0.0,0.0,1.0
"G[0,1](SMBGperDayPtMeterCombo >= 0.000 & BGTestAvgNumPtRep >= 0.000)
",0.000,0.000,0.000,1.000,0.000,0,0,1,0,0,1,1,0,0,0.0,1.0,0.0,0.0,1.0
"G[1,1]((WeightKg >= 3.013 | bmi >= 4.340) -> UnitsInsBasalOrLongAct <= 10.000)
",0.000,0.000,0.000,1.000,0.000,0,0,1,0,0,1,1,0,0,0.0,1.0,0.0,0.0,1.0
"G[0,2](SMBGperDayPtMeterCombo >= 0.000 & BGTestAvgNumPtRep >= 0.000)
",0.000,0.000,0.000,1.000,0.000,0,0,1,0,0,1,1,0,0,0.0,1.0,0.0,0.0,1.0
"G[0,2]((WeightKg >= 3.163 | bmi >= 5.080) -> UnitsInsBasalOrLongAct <= 10.000)
",0.000,0.000,0.000,1.000,0.000,0,0,1,0,0,1,1,0,0,0.0,1.0,0.0,0.0,1.0
"G[1,2](SMBGperDayPtMeterCombo >= 0.000 & BGTestAvgNumPtRep >= 0.000)
",0.000,0.000,0.000,1.000,0.000,0,0,1,0,0,1,1,0,0,0.0,1.0,0.0,0.0,1.0
"G[0,1]((WeightKg >= 17.266 | bmi >= 7.278) -> UnitsInsBasalOrLongAct <= 10.000)
",0.000,0.000,0.000,1.000,0.000,0,0,1,0,0,1,1,0,0,0.0,1.0,0.0,0.0,1.0
"G[1,2](SMBGperDayPtMeterCombo >= 0.000 & BGTestAvgNumPtRep >= 0.000)
",0.000,0.000,0.000,1.000,0.000,0,0,1,0,0,1,1,0,0,0.0,1.0,0.0,0.0,1.0
"G[0,2]((WeightKg >= 11.862 | bmi >= 6.357) -> UnitsInsBasalOrLongAct <= 10.000)
",0.000,0.000,0.000,1.000,0.000,0,0,1,0,0,1,1,0,0,0.0,1.0,0.0,0.0,1.0
"G[0,0](LDL <= 54.946 -> Pt_SHFlg = 0.587)
",0.000,0.000,0.000,1.000,0.000,0,0,1,0,0,1,1,0,0,0.0,1.0,0.0,0.0,1.0
"G[0,1](((Pt_SHFlg >= 0.288 | GFR >= 43.045) | age >= 44.384) | Triglyc <= 47.220)
",0.000,0.000,0.000,1.000,0.000,0,0,1,0,0,1,1,0,0,0.0,1.0,0.0,0.0,1.0
"G[1,1](((TotChol <= 112.103 -> NumPumpBolusOrShortAct >= 0.000) | Pt_ChildT1D <= 0.000) & AutonomicNeuroCl >= 0.000)
",0.000,0.000,0.000,1.000,0.000,0,0,1,0,0,1,1,0,0,0.0,1.0,0.0,0.0,1.0
"G[0,2](((bmi >= 0.433 -> HDL <= 43.016) & Pt_CGMUseNumDays <= 49.490) | Pt_MotherT1D <= 52.323)
",0.000,0.000,0.000,1.000,0.000,0,0,1,0,0,1,1,0,0,0.0,1.0,0.0,0.0,1.0
"G[0,1](((TSH >= 0.364 -> UnitsInsBasalOrLongAct <= 10.000) & Pt_SHFlg >= 10.000) | BUN >= 10.000)
",0.000,0.000,0.000,1.000,0.000,0,0,1,0,0,1,1,0,0,0.0,1.0,0.0,0.0,1.0
"G[0,2](Pt_DKAFlg >= 0.000 | BldPrDia <= 67.793)
",0.000,0.000,0.000,1.000,0.000,0,0,1,0,0,1,1,0,0,0.0,1.0,0.0,0.0,1.0
"G[2,2](HeightCm <= 122.571 | diabDur >= 12.370)
",0.000,0.000,0.000,1.000,0.000,0,0,1,0,0,1,1,0,0,0.0,1.0,0.0,0.0,1.0
"G[0,0]((bmiZscore >= -0.794 -> BldPrDia >= 63.624) | TotalDailyInsPerKg <= 65.306)
",0.000,0.000,0.000,1.000,0.000,0,0,1,0,0,1,1,0,0,0.0,1.0,0.0,0.0,1.0
"G[2,2](AutonomicNeuroCl >= 1.000 -> bmiZscore >= -0.895)
",0.000,0.000,0.000,1.000,0.000,0,0,1,0,0,1,1,0,0,0.0,1.0,0.0,0.0,1.0
"G[0,1](BGTestAvgNumMeter <= 0.000 | Pt_A1cGoalLevelDsYr5 <= 0.000)
",0.000,0.000,0.000,1.000,0.000,0,0,1,0,0,1,1,0,0,0.0,1.0,0.0,0.0,1.0
"G[2,2](GFR <= 49.614 -> BUN >= 21.056)
",0.000,0.000,0.000,1.000,0.000,0,0,1,0,0,1,1,0,0,0.0,1.0,0.0,0.0,1.0
"G[2,2](NumPumpBolusOrShortAct >= 0.000 | Pt_CGMUseNumDays <= 0.000)
",0.000,0.000,0.000,1.000,0.000,0,0,1,0,0,1,1,0,0,0.0,1.0,0.0,0.0,1.0
"G[1,1]((LDL >= 39.431 -> bmi >= 6.189) & TotalDailyInsPerKg <= 21.834)
",0.000,0.000,0.000,1.000,0.000,0,0,1,0,0,1,1,0,0,0.0,1.0,0.0,0.0,1.0
"G[0,2]((SMBGperDayPtMeterCombo >= 0.000 & bmiPerc <= 0.000) -> SMBGperDayPtMeterCombo >= 0.000)
",0.000,0.000,0.000,1.000,0.000,0,0,1,0,0,1,1,0,0,0.0,1.0,0.0,0.0,1.0
"G[1,1]((LDL <= 51.045 & Pt_A1cGoalLevelDsYr5 <= 0.000) & diagAgeCombo <= 0.000)
",0.000,0.000,0.000,1.000,0.000,0,0,1,0,0,1,1,0,0,0.0,1.0,0.0,0.0,1.0
"G[0,2](((Pt_CGMUseNumDays >= 0.000 & Pt_MotherT1D >= 0.000) -> Pt_SiblingT1D >= 0.000) -> AlbCreatRat_mggNew >= 0.000)
",0.000,0.000,0.000,1.000,0.000,0,0,1,0,0,1,1,0,0,0.0,1.0,0.0,0.0,1.0
"G[1,2]((TotChol <= 110.183 | GFR >= 44.051) | Triglyc >= 43.201)
",0.000,0.000,0.000,1.000,0.000,0,0,1,0,0,1,1,0,0,0.0,1.0,0.0,0.0,1.0
"G[1,2](((HeightCm >= 67.691 -> TotalDailyInsPerKg <= 0.399) -> TSH <= 0.474) & TotChol >= 0.309)
",0.000,0.000,0.000,1.000,0.000,0,0,1,0,0,1,1,0,0,0.0,1.0,0.0,0.0,1.0
"G[1,2]((age <= 67.929 & Pt_InsGov >= 0.407) -> BGTestAvgNumMeter <= 0.985)
",0.000,0.000,0.000,1.000,0.000,0,0,1,0,0,1,1,0,0,0.0,1.0,0.0,0.0,1.0
"G[2,2]((Pt_A1cGoalLev >= 1.525 -> GFR <= 49.732) | DirectLDL >= 44.791)
",0.000,0.000,0.000,1.000,0.000,0,0,1,0,0,1,1,0,0,0.0,1.0,0.0,0.0,1.0
"G[0,0](((GFR >= 45.451 -> BldPrSys >= 115.358) & AutonomicNeuroCl >= 117.429) -> HbA1c <= 124.219)
",0.000,0.000,0.000,1.000,0.000,0,0,1,0,0,1,1,0,0,0.0,1.0,0.0,0.0,1.0
"G[0,1](HDL <= 46.489 -> TSH <= 2.335)
",0.000,0.000,0.000,1.000,0.000,0,0,1,0,0,1,1,0,0,0.0,1.0,0.0,0.0,1.0
"G[1,2](TotalDailyInsPerKg <= 0.620 | Pt_InsGov <= 0.830)
",0.000,0.000,0.000,1.000,0.000,0,0,1,0,0,1,1,0,0,0.0,1.0,0.0,0.0,1.0
"G[0,2]((NumPumpBolusOrShortAct >= 0.000 | AlbCreatRat_mggNew <= 0.000) -> Pt_SHFlg >= 0.000)
",0.000,0.000,0.000,1.000,0.000,0,0,1,0,0,1,1,0,0,0.0,1.0,0.0,0.0,1.0
"G[1,2]((BUN >= 19.925 & diabDur <= 12.648) -> bmiZscore >= 12.151)
",0.000,0.000,0.000,1.000,0.000,0,0,1,0,0,1,1,0,0,0.0,1.0,0.0,0.0,1.0
"G[0,1]((BGTestAvgNumPtRep <= 0.000 | Pt_GrandchildT1D >= 0.000) & BldPrSys >= 0.000)
",0.000,0.000,0.000,1.000,0.000,0,0,1,0,0,1,1,0,0,0.0,1.0,0.0,0.0,1.0
"G[1,1](SMBGperDayPtMeterCombo <= 0.000 | Pt_ChildT1D >= 0.000)
",0.000,0.000,0.000,1.000,0.000,0,0,1,0,0,1,1,0,0,0.0,1.0,0.0,0.0,1.0
"G[2,2]((Pt_MotherT1D >= 0.000 & HDL >= 30.705) | LDL <= 50.360)
",0.000,0.000,0.000,1.000,0.000,0,0,1,0,0,1,1,0,0,0.0,1.0,0.0,0.0,1.0
"G[1,2](((GFR <= 48.903 -> Triglyc <= 92.518) & BldPrSys <= 78.303) -> TSH >= 68.813)
",0.000,0.000,0.000,1.000,0.000,0,0,1,0,0,1,1,0,0,0.0,1.0,0.0,0.0,1.0
"G[1,1]((bmiZscore <= -0.043 & Pt_InsGov <= 0.753) -> BldPrDia >= 0.181)
",0.000,0.000,0.000,1.000,0.000,0,0,1,0,0,1,1,0,0,0.0,1.0,0.0,0.0,1.0
"G[0,1](bmiPerc <= 0.000 | Pt_DKAFlg <= 0.000)
",0.000,0.000,0.000,1.000,0.000,0,0,1,0,0,1,1,0,0,0.0,1.0,0.0,0.0,1.0
"G[2,2](((BldPrSys <= 125.233 & LDL >= 38.519) & HbA1cImputeDtMnC >= 39.064) -> Pt_A1cGoalLev <= 47.693)
",0.000,0.000,0.000,1.000,0.000,0,0,1,0,0,1,1,0,0,0.0,1.0,0.0,0.0,1.0
"G[0,1](((Pt_MotherT1D <= 0.000 | BGTestAvgNumMeter <= 0.000) & BGTestAvgNumMeter <= 0.000) | AlbCreatRat_mggNew >= 0.000)
",0.000,0.000,0.000,1.000,0.000,0,0,1,0,0,1,1,0,0,0.0,1.0,0.0,0.0,1.0
"G[1,2](((HbA1c <= 3.958 & GFR <= 50.566) -> BldPrDia >= 46.088) | GFR <= 50.094)
",0.000,0.000,0.000,1.000,0.000,0,0,1,0,0,1,1,0,0,0.0,1.0,0.0,0.0,1.0
"G[0,2]((DirectLDL <= 0.000 & NumPumpBolusOrShortAct <= 0.000) & HeightCm >= 0.000)
",0.000,0.000,0.000,1.000,0.000,0,0,1,0,0,1,1,0,0,0.0,1.0,0.0,0.0,1.0
"G[2,2](((BldPrSys >= 111.455 | Pt_MotherT1D >= 0.000) & diabDur <= 0.000) | Triglyc >= 0.000)
",0.000,0.000,0.000,1.000,0.000,0,0,1,0,0,1,1,0,0,0.0,1.0,0.0,0.0,1.0
"G[2,2](Pt_SiblingT1D >= 0.000 & Pt_GrandparentT1D <= 0.000)
",0.000,0.000,0.000,1.000,0.000,0,0,1,0,0,1,1,0,0,0.0,1.0,0.0,0.0,1.0
"G[0,2]((TSH >= 1.031 & AlbCreatRat_mggNew >= 0.000) -> BUN >= 0.000)
",0.000,0.000,0.000,1.000,0.000,0,0,1,0,0,1,1,0,0,0.0,1.0,0.0,0.0,1.0
"G[0,1](((TotalDailyInsPerKg <= 0.393 & HDL <= 46.647) & bmiPerc <= 50.498) -> Pt_GrandchildT1D <= 49.769)
",0.000,0.000,0.000,1.000,0.000,0,0,1,0,0,1,1,0,0,0.0,1.0,0.0,0.0,1.0
"G[1,1](BGTestAvgNumPtRep <= 0.000 -> Pt_FatherT1D <= 0.000)
",0.000,0.000,0.000,1.000,0.000,0,0,1,0,0,1,1,0,0,0.0,1.0,0.0,0.0,1.0
"G[0,1](BUN >= 21.252 | NumPumpBolusOrShortAct <= 0.000)
",0.000,0.000,0.000,1.000,0.000,0,0,1,0,0,1,1,0,0,0.0,1.0,0.0,0.0,1.0
"G[0,0]((Pt_DKAFlg >= 0.000 -> bmiPerc >= 0.000) | Pt_FatherT1D <= 0.000)
",0.000,0.000,0.000,1.000,0.000,0,0,1,0,0,1,1,0,0,0.0,1.0,0.0,0.0,1.0
"G[0,0](SMBGperDayPtMeterCombo >= 0.000 -> NumPumpBolusOrShortAct >= 0.000)
",0.000,0.000,0.000,1.000,0.000,0,0,1,0,0,1,1,0,0,0.0,1.0,0.0,0.0,1.0
"G[0,1](((Pt_GrandparentT1D >= 0.000 & BGTestAvgNumPtRep >= 0.000) -> AutonomicNeuroCl <= 0.000) -> diagAgeCombo <= 0.000)
",0.000,0.000,0.000,1.000,0.000,0,0,1,0,0,1,1,0,0,0.0,1.0,0.0,0.0,1.0
"G[1,2](HbA1c <= 4.592 -> LDL <= 49.234)
",0.000,0.000,0.000,1.000,0.000,0,0,1,0,0,1,1,0,0,0.0,1.0,0.0,0.0,1.0
"G[1,2](((bmiZscore <= -0.328 & Pt_A1cGoalLevelDsYr5 >= 0.000) | BGTestAvgNumPtRep <= 0.000) | AutonomicNeuroCl >= 0.000)
",0.000,0.000,0.000,1.000,0.000,0,0,1,0,0,1,1,0,0,0.0,1.0,0.0,0.0,1.0
"G[1,2]((HDL <= 44.265 | Pt_FatherT1D <= 0.000) & Pt_GrandchildT1D >= 0.000)
",0.000,0.000,0.000,1.000,0.000,0,0,1,0,0,1,1,0,0,0.0,1.0,0.0,0.0,1.0
"G[2,2]((SMBGperDayPtMeterCombo >= 0.000 | Pt_GrandchildT1D >= 0.000) -> Pt_FatherT1D >= 0.000)
",0.000,0.000,0.000,1.000,0.000,0,0,1,0,0,1,1,0,0,0.0,1.0,0.0,0.0,1.0
"G[2,2](DirectLDL <= 0.000 & AlbCreatRat_mggNew <= 0.000)
",0.000,0.000,0.000,1.000,0.000,0,0,1,0,0,1,1,0,0,0.0,1.0,0.0,0.0,1.0
"G[1,1]((HeightCm <= 101.511 & UnitsInsBasalOrLongAct >= 10.000) | UnitsInsBasalOrLongAct >= 10.000)
",0.000,0.000,0.000,1.000,0.000,0,0,1,0,0,1,1,0,0,0.0,1.0,0.0,0.0,1.0
"G[1,1](((bmiZscore <= -0.502 & BldPrDia >= 61.488) & TotChol <= 66.370) -> LDL <= 64.200)
",0.000,0.000,0.000,1.000,0.000,0,0,1,0,0,1,1,0,0,0.0,1.0,0.0,0.0,1.0
"G[0,2](BUN >= 20.843 | TotChol <= 105.363)
",0.000,0.000,0.000,1.000,0.000,0,0,1,0,0,1,1,0,0,0.0,1.0,0.0,0.0,1.0
