Rule,Discrimination Score,Pos Robustness,Neg Robustness,Percent Class +,Percent Class -,TP,TN,FP,FN,Actual Yes,Actual No,Predicted Yes,Predicted No,TPR/Sens,TNR/Spec,FPR,Precision,Accuracy,MCR
"F[0,0](HbA1c >= 0.860 -> Pt_A1cGoalLevelDsYr5 = 6.000)
",0.000,0.000,0.000,0.000,1.000,1,0,0,0,1,0,1,0,1.0,0,0,1.0,2.0,-1.0
"F[0,0](((Pt_ChildT1D >= 0.000 | HbA1c >= 0.860) -> WeightKg >= 0.860) & bmiPerc <= 0.860)
",0.000,0.000,0.000,0.000,1.000,1,0,0,0,1,0,1,0,1.0,0,0,1.0,2.0,-1.0
"F[0,0](((BGTestAvgNumPtRep >= 0.000 | Pt_FatherT1D >= 28.000) & AlbCreatRat_mggNew <= 28.000) -> BldPrSys <= 28.000)
",0.000,0.000,0.000,0.000,1.000,1,0,0,0,1,0,1,0,1.0,0,0,1.0,2.0,-1.0
"F[0,0](((DirectLDL <= 170.180 & SMBGperDayPtMeterCombo <= 75.000) & Pt_SiblingT1D <= 75.000) -> GFR >= 75.000)
",0.000,0.000,0.000,0.000,1.000,1,0,0,0,1,0,1,0,1.0,0,0,1.0,2.0,-1.0
"((Pt_FatherT1D <= 28.000) U[0,0] (Pt_FatherT1D >= 28.000))
",0.000,0.000,0.000,0.000,1.000,1,0,0,0,1,0,1,0,1.0,0,0,1.0,2.0,-1.0
"F[0,0]((Triglyc >= 171.000 & BldPrSys <= 0.000) | age <= 0.000)
",0.000,0.000,0.000,0.000,1.000,1,0,0,0,1,0,1,0,1.0,0,0,1.0,2.0,-1.0
"F[0,0](((TotChol <= 55.000 & diagAgeCombo <= 0.000) -> TotChol >= 0.000) & Pt_A1cGoalLev <= 0.000)
",0.000,0.000,0.000,0.000,1.000,1,0,0,0,1,0,1,0,1.0,0,0,1.0,2.0,-1.0
"F[0,0]((BUN >= 58.000 -> BldPrSys >= 0.000) & Triglyc <= 0.000)
",0.000,0.000,0.000,0.000,1.000,1,0,0,0,1,0,1,0,1.0,0,0,1.0,2.0,-1.0
"F[0,0](((Pt_GrandchildT1D <= 0.000 & diabDur >= 20.000) & DirectLDL >= 20.000) | HeightCm <= 20.000)
",0.000,0.000,0.000,0.000,1.000,1,0,0,0,1,0,1,0,1.0,0,0,1.0,2.0,-1.0
"F[0,0](HbA1c >= 0.860 -> Pt_A1cGoalLevelDsYr5 = 6.000)
",0.000,0.000,0.000,0.000,1.000,1,0,0,0,1,0,1,0,1.0,0,0,1.0,2.0,-1.0
"F[0,0](HbA1c >= 0.860 -> Pt_A1cGoalLevelDsYr5 = 6.000)
",0.000,0.000,0.000,0.000,1.000,1,0,0,0,1,0,1,0,1.0,0,0,1.0,2.0,-1.0
"F[0,0](((diagAgeCombo >= 0.000 & TotalDailyInsPerKg >= 16.000) & HbA1c >= 16.000) | BGTestAvgNumPtRep >= 16.000)
",0.000,0.000,0.000,0.000,1.000,1,0,0,0,1,0,1,0,1.0,0,0,1.0,2.0,-1.0
"F[1,2]((HbA1cImputeDtMnC >= 4.000 & bmiPerc <= 29.131) -> Triglyc >= 29.131)
",0.000,0.000,0.000,0.000,1.000,0,0,0,1,1,0,0,1,0.0,0,0,0.0,0.0,1.0
"((BldPrDia <= 117.000) U[0,2] (Pt_SiblingT1D <= 0.000))
",0.000,0.000,0.000,0.000,1.000,0,0,0,1,1,0,0,1,0.0,0,0,0.0,0.0,1.0
"F[0,2]((Pt_A1cGoalLevelDsYr5 <= 6.000 | LDL <= 1.055) -> Pt_GrandchildT1D <= 1.055)
",0.000,0.000,0.000,0.000,1.000,0,0,0,1,1,0,0,1,0.0,0,0,0.0,0.0,1.0
"F[1,2](TotalDailyInsPerKg >= 16.000 -> diagAgeCombo <= 0.000)
",0.000,0.000,0.000,0.000,1.000,0,0,0,1,1,0,0,1,0.0,0,0,0.0,0.0,1.0
"((TotalDailyInsPerKg <= 16.000) U[0,2] (NumPumpBolusOrShortAct >= 0.000))
",0.000,0.000,0.000,0.000,1.000,0,0,0,1,1,0,0,1,0.0,0,0,0.0,0.0,1.0
"F[0,2]((LDL <= 1.055 | Pt_DKAFlg <= 0.000) | NumPumpBolusOrShortAct <= 0.000)
",0.000,0.000,0.000,0.000,1.000,0,0,0,1,1,0,0,1,0.0,0,0,0.0,0.0,1.0
"F[0,2](((TSH >= 0.000 | Pt_DKAFlg <= 0.000) & BUN >= 0.000) & HDL >= 0.000)
",0.000,0.000,0.000,0.000,1.000,0,0,0,1,1,0,0,1,0.0,0,0,0.0,0.0,1.0
"F[0,0]((GFR >= 0.314 -> Pt_GrandparentT1D <= 0.000) -> BGTestAvgNumPtRep <= 0.000)
",0.000,0.000,0.000,0.000,1.000,0,0,0,1,1,0,0,1,0.0,0,0,0.0,0.0,1.0
"F[2,2]((TotChol >= 55.000 | BldPrDia <= 117.000) -> Pt_MotherT1D >= 117.000)
",0.000,0.000,0.000,0.000,1.000,0,0,0,1,1,0,0,1,0.0,0,0,0.0,0.0,1.0
"F[1,1](((TotChol <= 55.000 -> BldPrSys <= 0.000) | Pt_DKAFlg >= 0.000) & AutonomicNeuroCl <= 0.000)
",0.000,0.000,0.000,0.000,1.000,0,0,0,1,1,0,0,1,0.0,0,0,0.0,0.0,1.0
"F[0,2](((Pt_SiblingT1D <= 0.000 & BGTestAvgNumPtRep <= 0.000) | AutonomicNeuroCl <= 0.000) | HDL >= 0.000)
",0.000,0.000,0.000,0.000,1.000,0,0,0,1,1,0,0,1,0.0,0,0,0.0,0.0,1.0
"F[0,0]((BGTestAvgNumMeter >= 37.000 & Pt_FatherT1D >= 28.000) -> TSH <= 28.000)
",0.000,0.000,0.000,0.000,1.000,0,0,0,1,1,0,0,1,0.0,0,0,0.0,0.0,1.0
"F[0,2](((HbA1c >= 0.860 | bmiPerc >= 29.131) & Pt_CGMUseNumDays >= 29.131) & Pt_A1cGoalLev >= 29.131)
",0.000,0.000,0.000,0.000,1.000,0,0,0,1,1,0,0,1,0.0,0,0,0.0,0.0,1.0
"F[1,1](((Pt_FatherT1D <= 28.000 -> BldPrDia >= 117.000) | Pt_DKAFlg <= 117.000) | BUN <= 117.000)
",0.000,0.000,0.000,0.000,1.000,0,0,0,1,1,0,0,1,0.0,0,0,0.0,0.0,1.0
"F[1,2](LDL <= 1.055 -> TotalDailyInsPerKg <= 16.000)
",0.000,0.000,0.000,0.000,1.000,0,0,0,1,1,0,0,1,0.0,0,0,0.0,0.0,1.0
"((NumPumpBolusOrShortAct >= 0.000) U[0,0] (TotChol >= 55.000))
",0.000,0.000,0.000,0.000,1.000,0,0,0,1,1,0,0,1,0.0,0,0,0.0,0.0,1.0
"F[1,2](((Pt_DKAFlg <= 0.000 & Pt_A1cGoalLevelDsYr5 <= 6.000) & Pt_ChildT1D >= 6.000) -> Pt_A1cGoalLev <= 6.000)
",0.000,0.000,0.000,0.000,1.000,0,0,0,1,1,0,0,1,0.0,0,0,0.0,0.0,1.0
"F[1,1]((bmi <= 0.000 | diagAgeCombo <= 0.000) | Pt_GrandparentT1D >= 0.000)
",0.000,0.000,0.000,0.000,1.000,0,0,0,1,1,0,0,1,0.0,0,0,0.0,0.0,1.0
"F[1,1]((NumPumpBolusOrShortAct >= 0.000 -> Pt_InsGov <= 0.000) -> Pt_A1cGoalLev <= 0.000)
",0.000,0.000,0.000,0.000,1.000,0,0,0,1,1,0,0,1,0.0,0,0,0.0,0.0,1.0
"F[1,2]((NumPumpBolusOrShortAct <= 0.000 | HbA1c <= 0.860) | HbA1c <= 0.860)
",0.000,0.000,0.000,0.000,1.000,0,0,0,1,1,0,0,1,0.0,0,0,0.0,0.0,1.0
"((AutonomicNeuroCl >= 4.900) U[0,2] (BldPrSys <= 0.000))
",0.000,0.000,0.000,0.000,1.000,0,0,0,1,1,0,0,1,0.0,0,0,0.0,0.0,1.0
"F[0,1](Pt_GrandparentT1D >= 0.000 | Pt_SiblingT1D <= 0.000)
",0.000,0.000,0.000,0.000,1.000,0,0,0,1,1,0,0,1,0.0,0,0,0.0,0.0,1.0
"F[1,2](((Triglyc <= 171.000 -> WeightKg <= 0.000) | BldPrDia <= 0.000) | BldPrDia >= 0.000)
",0.000,0.000,0.000,0.000,1.000,0,0,0,1,1,0,0,1,0.0,0,0,0.0,0.0,1.0
"((age >= 0.000) U[1,2] (HeightCm >= 84.368))
",0.000,0.000,0.000,0.000,1.000,0,0,0,1,1,0,0,1,0.0,0,0,0.0,0.0,1.0
"F[0,1](Pt_FatherT1D <= 28.000 & age <= 0.000)
",0.000,0.000,0.000,0.000,1.000,0,0,0,1,1,0,0,1,0.0,0,0,0.0,0.0,1.0
"F[0,2](((bmiZscore <= 0.918 & Pt_ChildT1D >= 0.000) -> SMBGperDayPtMeterCombo >= 0.000) -> Pt_GrandparentT1D >= 0.000)
",0.000,0.000,0.000,0.000,1.000,0,0,0,1,1,0,0,1,0.0,0,0,0.0,0.0,1.0
"F[1,2](AutonomicNeuroCl >= 4.900 & UnitsInsBasalOrLongAct <= 4.000)
",0.000,0.000,0.000,0.000,1.000,0,0,0,1,1,0,0,1,0.0,0,0,0.0,0.0,1.0
"((GFR >= 0.314) U[0,2] (Pt_InsGov <= 0.000))
",0.000,0.000,0.000,0.000,1.000,0,0,0,1,1,0,0,1,0.0,0,0,0.0,0.0,1.0
"((AlbCreatRat_mggNew <= 13.000) U[2,2] (Pt_SHFlg <= 0.000))
",0.000,0.000,0.000,0.000,1.000,0,0,0,1,1,0,0,1,0.0,0,0,0.0,0.0,1.0
"F[0,1]((BldPrSys <= 0.000 -> Pt_GrandchildT1D >= 0.000) -> Pt_MotherT1D >= 0.000)
",0.000,0.000,0.000,0.000,1.000,0,0,0,1,1,0,0,1,0.0,0,0,0.0,0.0,1.0
"F[1,1](((bmiPerc >= 29.131 | age <= 0.000) | Pt_A1cGoalLevelDsYr5 <= 0.000) & HeightCm >= 0.000)
",0.000,0.000,0.000,0.000,1.000,0,0,0,1,1,0,0,1,0.0,0,0,0.0,0.0,1.0
"F[1,1]((DirectLDL <= 170.180 -> AutonomicNeuroCl >= 4.900) -> Pt_FatherT1D <= 4.900)
",0.000,0.000,0.000,0.000,1.000,0,0,0,1,1,0,0,1,0.0,0,0,0.0,0.0,1.0
"((bmi <= 0.000) U[0,1] (Pt_GrandchildT1D >= 0.000))
",0.000,0.000,0.000,0.000,1.000,0,0,0,1,1,0,0,1,0.0,0,0,0.0,0.0,1.0
"F[1,2]((TotalDailyInsPerKg <= 16.000 & Pt_CGMUseNumDays >= 102708.000) -> WeightKg <= 102708.000)
",0.000,0.000,0.000,0.000,1.000,0,0,0,1,1,0,0,1,0.0,0,0,0.0,0.0,1.0
"F[0,2](Pt_SHFlg >= 0.000 & Pt_CGMUseNumDays >= 102708.000)
",0.000,0.000,0.000,0.000,1.000,0,0,0,1,1,0,0,1,0.0,0,0,0.0,0.0,1.0
"F[0,2](((DirectLDL >= 170.180 & Pt_GrandchildT1D <= 0.000) | WeightKg <= 0.000) & diagAgeCombo <= 0.000)
",0.000,0.000,0.000,0.000,1.000,0,0,0,1,1,0,0,1,0.0,0,0,0.0,0.0,1.0
"F[0,2]((BldPrDia <= 117.000 | Triglyc >= 171.000) -> Pt_MotherT1D <= 171.000)
",0.000,0.000,0.000,0.000,1.000,0,0,0,1,1,0,0,1,0.0,0,0,0.0,0.0,1.0
"F[0,0]((BGTestAvgNumPtRep <= 0.000 & Pt_SiblingT1D <= 0.000) | BldPrSys >= 0.000)
",0.000,0.000,0.000,0.000,1.000,0,0,0,1,1,0,0,1,0.0,0,0,0.0,0.0,1.0
"F[1,1](((HbA1cImputeDtMnC >= 4.000 -> UnitsInsBasalOrLongAct >= 4.000) | HDL >= 4.000) | TSH >= 4.000)
",0.000,0.000,0.000,0.000,1.000,0,0,0,1,1,0,0,1,0.0,0,0,0.0,0.0,1.0
"((Pt_GrandchildT1D >= 0.000) U[1,2] (age <= 0.000))
",0.000,0.000,0.000,0.000,1.000,0,0,0,1,1,0,0,1,0.0,0,0,0.0,0.0,1.0
"F[0,2]((Pt_MotherT1D <= 0.000 | Pt_InsGov >= 0.000) -> bmi >= 0.000)
",0.000,0.000,0.000,0.000,1.000,0,0,0,1,1,0,0,1,0.0,0,0,0.0,0.0,1.0
"F[2,2](BGTestAvgNumPtRep <= 0.000 & TotalDailyInsPerKg >= 16.000)
",0.000,0.000,0.000,0.000,1.000,0,0,0,1,1,0,0,1,0.0,0,0,0.0,0.0,1.0
"F[0,1](HbA1c <= 0.860 | Triglyc >= 171.000)
",0.000,0.000,0.000,0.000,1.000,0,0,0,1,1,0,0,1,0.0,0,0,0.0,0.0,1.0
"F[1,2](((HbA1c <= 0.860 | Pt_GrandparentT1D >= 0.000) & TSH <= 0.000) -> Pt_FatherT1D >= 0.000)
",0.000,0.000,0.000,0.000,1.000,0,0,0,1,1,0,0,1,0.0,0,0,0.0,0.0,1.0
"F[1,2](((DirectLDL >= 170.180 -> Pt_SHFlg >= 0.000) & GFR <= 0.000) & bmi >= 0.000)
",0.000,0.000,0.000,0.000,1.000,0,0,0,1,1,0,0,1,0.0,0,0,0.0,0.0,1.0
"((BGTestAvgNumMeter >= 37.000) U[1,2] (SMBGperDayPtMeterCombo >= 75.000))
",0.000,0.000,0.000,0.000,1.000,0,0,0,1,1,0,0,1,0.0,0,0,0.0,0.0,1.0
"F[0,2](diabDur >= 20.000 | age <= 0.000)
",0.000,0.000,0.000,0.000,1.000,0,0,0,1,1,0,0,1,0.0,0,0,0.0,0.0,1.0
"F[0,1](((AutonomicNeuroCl >= 4.900 & TotChol >= 55.000) & diagAgeCombo >= 55.000) | Pt_FatherT1D <= 55.000)
",0.000,0.000,0.000,0.000,1.000,0,0,0,1,1,0,0,1,0.0,0,0,0.0,0.0,1.0
"F[2,2]((Pt_InsGov <= 0.000 & BldPrDia <= 117.000) & NumPumpBolusOrShortAct <= 117.000)
",0.000,0.000,0.000,0.000,1.000,0,0,0,1,1,0,0,1,0.0,0,0,0.0,0.0,1.0
"((Pt_SiblingT1D <= 0.000) U[1,1] (Pt_ChildT1D >= 0.000))
",0.000,0.000,0.000,0.000,1.000,0,0,0,1,1,0,0,1,0.0,0,0,0.0,0.0,1.0
"F[0,1]((Pt_InsGov >= 0.000 & TotalDailyInsPerKg >= 16.000) | Triglyc <= 16.000)
",0.000,0.000,0.000,0.000,1.000,0,0,0,1,1,0,0,1,0.0,0,0,0.0,0.0,1.0
"((bmi >= 0.000) U[1,1] (diabDur <= 20.000))
",0.000,0.000,0.000,0.000,1.000,0,0,0,1,1,0,0,1,0.0,0,0,0.0,0.0,1.0
"F[0,1]((BGTestAvgNumMeter >= 37.000 -> Pt_A1cGoalLevelDsYr5 >= 6.000) & TSH <= 6.000)
",0.000,0.000,0.000,0.000,1.000,0,0,0,1,1,0,0,1,0.0,0,0,0.0,0.0,1.0
"F[1,2](bmiPerc >= 29.131 & diagAgeCombo <= 0.000)
",0.000,0.000,0.000,0.000,1.000,0,0,0,1,1,0,0,1,0.0,0,0,0.0,0.0,1.0
"F[0,2](((NumPumpBolusOrShortAct <= 0.000 & UnitsInsBasalOrLongAct >= 4.000) -> BGTestAvgNumPtRep <= 4.000) & AlbCreatRat_mggNew <= 4.000)
",0.000,0.000,0.000,0.000,1.000,0,0,0,1,1,0,0,1,0.0,0,0,0.0,0.0,1.0
"F[2,2]((Pt_SiblingT1D >= 0.000 -> Pt_MotherT1D <= 0.000) & AutonomicNeuroCl <= 0.000)
",0.000,0.000,0.000,0.000,1.000,0,0,0,1,1,0,0,1,0.0,0,0,0.0,0.0,1.0
"F[1,1](((BGTestAvgNumPtRep >= 0.000 -> BGTestAvgNumPtRep >= 0.000) | age >= 0.000) | UnitsInsBasalOrLongAct <= 0.000)
",0.000,0.000,0.000,0.000,1.000,0,0,0,1,1,0,0,1,0.0,0,0,0.0,0.0,1.0
"F[0,0](((age >= 0.000 | Pt_DKAFlg >= 0.000) -> NumPumpBolusOrShortAct >= 0.000) & LDL >= 0.000)
",0.000,0.000,0.000,0.000,1.000,0,0,0,1,1,0,0,1,0.0,0,0,0.0,0.0,1.0
"F[1,2]((TSH <= 0.000 | BldPrSys <= 0.000) & BGTestAvgNumPtRep >= 0.000)
",0.000,0.000,0.000,0.000,1.000,0,0,0,1,1,0,0,1,0.0,0,0,0.0,0.0,1.0
"F[1,2]((Pt_FatherT1D <= 28.000 -> AutonomicNeuroCl <= 4.900) | TotChol <= 4.900)
",0.000,0.000,0.000,0.000,1.000,0,0,0,1,1,0,0,1,0.0,0,0,0.0,0.0,1.0
"((SMBGperDayPtMeterCombo <= 75.000) U[1,1] (diagAgeCombo <= 0.000))
",0.000,0.000,0.000,0.000,1.000,0,0,0,1,1,0,0,1,0.0,0,0,0.0,0.0,1.0
"F[0,0]((HDL <= 104.000 | Pt_SHFlg <= 0.000) | TotChol <= 0.000)
",0.000,0.000,0.000,0.000,1.000,0,0,0,1,1,0,0,1,0.0,0,0,0.0,0.0,1.0
"F[0,2](((HbA1cImputeDtMnC >= 4.000 | Pt_InsGov >= 0.000) & Pt_A1cGoalLev <= 0.000) & bmi <= 0.000)
",0.000,0.000,0.000,0.000,1.000,0,0,0,1,1,0,0,1,0.0,0,0,0.0,0.0,1.0
"F[0,1](Pt_A1cGoalLev <= 4.000 -> Pt_SHFlg >= 0.000)
",0.000,0.000,0.000,0.000,1.000,0,0,0,1,1,0,0,1,0.0,0,0,0.0,0.0,1.0
"F[0,1](((UnitsInsBasalOrLongAct >= 4.000 -> SMBGperDayPtMeterCombo >= 75.000) & AutonomicNeuroCl <= 75.000) & Pt_A1cGoalLev <= 75.000)
",0.000,0.000,0.000,0.000,1.000,0,0,0,1,1,0,0,1,0.0,0,0,0.0,0.0,1.0
"F[0,2](((HDL >= 104.000 & WeightKg <= 0.000) & Pt_A1cGoalLev >= 0.000) & AutonomicNeuroCl >= 0.000)
",0.000,0.000,0.000,0.000,1.000,0,0,0,1,1,0,0,1,0.0,0,0,0.0,0.0,1.0
"((HeightCm >= 84.368) U[0,1] (Pt_SHFlg >= 0.000))
",0.000,0.000,0.000,0.000,1.000,0,0,0,1,1,0,0,1,0.0,0,0,0.0,0.0,1.0
"F[0,2]((Pt_A1cGoalLev >= 4.000 | diagAgeCombo >= 0.000) | WeightKg >= 0.000)
",0.000,0.000,0.000,0.000,1.000,0,0,0,1,1,0,0,1,0.0,0,0,0.0,0.0,1.0
"((Pt_MotherT1D >= 0.000) U[0,0] (Pt_A1cGoalLev >= 4.000))
",0.000,0.000,0.000,0.000,1.000,0,0,0,1,1,0,0,1,0.0,0,0,0.0,0.0,1.0
"F[1,1](((Pt_GrandparentT1D >= 0.000 & TSH >= 0.000) | Pt_MotherT1D >= 0.000) & BGTestAvgNumMeter <= 0.000)
",0.000,0.000,0.000,0.000,1.000,0,0,0,1,1,0,0,1,0.0,0,0,0.0,0.0,1.0
"F[0,2]((LDL >= 1.055 & AutonomicNeuroCl >= 4.900) | BGTestAvgNumPtRep <= 4.900)
",0.000,0.000,0.000,0.000,1.000,0,0,0,1,1,0,0,1,0.0,0,0,0.0,0.0,1.0
"F[0,1]((AlbCreatRat_mggNew <= 13.000 | SMBGperDayPtMeterCombo <= 75.000) -> Pt_MotherT1D >= 75.000)
",0.000,0.000,0.000,0.000,1.000,0,0,0,1,1,0,0,1,0.0,0,0,0.0,0.0,1.0
"F[2,2](((Pt_GrandchildT1D <= 0.000 -> Pt_ChildT1D >= 0.000) -> bmi >= 0.000) | diagAgeCombo >= 0.000)
",0.000,0.000,0.000,0.000,1.000,0,0,0,1,1,0,0,1,0.0,0,0,0.0,0.0,1.0
"F[1,2](((LDL <= 1.055 | Pt_MotherT1D <= 0.000) -> Pt_CGMUseNumDays >= 0.000) -> Pt_InsGov <= 0.000)
",0.000,0.000,0.000,0.000,1.000,0,0,0,1,1,0,0,1,0.0,0,0,0.0,0.0,1.0
"((Pt_ChildT1D >= 0.000) U[0,1] (WeightKg <= 0.000))
",0.000,0.000,0.000,0.000,1.000,0,0,0,1,1,0,0,1,0.0,0,0,0.0,0.0,1.0
"((Pt_ChildT1D >= 0.000) U[0,2] (TSH >= 0.000))
",0.000,0.000,0.000,0.000,1.000,0,0,0,1,1,0,0,1,0.0,0,0,0.0,0.0,1.0
"((Pt_SHFlg <= 0.000) U[1,2] (SMBGperDayPtMeterCombo >= 75.000))
",0.000,0.000,0.000,0.000,1.000,0,0,0,1,1,0,0,1,0.0,0,0,0.0,0.0,1.0
"F[0,2]((Pt_SiblingT1D <= 0.000 | Pt_InsGov <= 0.000) | BldPrSys <= 0.000)
",0.000,0.000,0.000,0.000,1.000,0,0,0,1,1,0,0,1,0.0,0,0,0.0,0.0,1.0
"((bmiPerc <= 29.131) U[1,2] (Pt_MotherT1D >= 0.000))
",0.000,0.000,0.000,0.000,1.000,0,0,0,1,1,0,0,1,0.0,0,0,0.0,0.0,1.0
"F[0,2](Pt_ChildT1D >= 0.000 & bmiZscore <= 0.918)
",0.000,0.000,0.000,0.000,1.000,0,0,0,1,1,0,0,1,0.0,0,0,0.0,0.0,1.0
"F[0,1](AlbCreatRat_mggNew <= 13.000 & LDL >= 1.055)
",0.000,0.000,0.000,0.000,1.000,0,0,0,1,1,0,0,1,0.0,0,0,0.0,0.0,1.0
"F[1,2](((AutonomicNeuroCl <= 4.900 | WeightKg <= 0.000) | NumPumpBolusOrShortAct <= 0.000) | UnitsInsBasalOrLongAct >= 0.000)
",0.000,0.000,0.000,0.000,1.000,0,0,0,1,1,0,0,1,0.0,0,0,0.0,0.0,1.0
"((HbA1cImputeDtMnC >= 4.000) U[0,1] (BGTestAvgNumMeter <= 37.000))
",0.000,0.000,0.000,0.000,1.000,0,0,0,1,1,0,0,1,0.0,0,0,0.0,0.0,1.0
"F[0,1]((LDL >= 1.055 -> Pt_A1cGoalLevelDsYr5 <= 6.000) & bmiPerc >= 6.000)
",0.000,0.000,0.000,0.000,1.000,0,0,0,1,1,0,0,1,0.0,0,0,0.0,0.0,1.0
"F[0,2]((age >= 0.000 & HeightCm >= 84.368) -> BldPrDia >= 84.368)
",0.000,0.000,0.000,0.000,1.000,0,0,0,1,1,0,0,1,0.0,0,0,0.0,0.0,1.0
"F[0,1](Pt_SHFlg >= 0.000 -> NumPumpBolusOrShortAct >= 0.000)
",0.000,0.000,0.000,0.000,1.000,0,0,0,1,1,0,0,1,0.0,0,0,0.0,0.0,1.0
"((LDL <= 1.055) U[0,1] (bmi >= 0.000))
",0.000,0.000,0.000,0.000,1.000,0,0,0,1,1,0,0,1,0.0,0,0,0.0,0.0,1.0
"F[0,1](BldPrDia >= 117.000 & AutonomicNeuroCl <= 4.900)
",0.000,0.000,0.000,0.000,1.000,0,0,0,1,1,0,0,1,0.0,0,0,0.0,0.0,1.0
"F[1,2](Pt_DKAFlg >= 0.000 | AutonomicNeuroCl <= 4.900)
",0.000,0.000,0.000,0.000,1.000,0,0,0,1,1,0,0,1,0.0,0,0,0.0,0.0,1.0
"F[0,1](((bmiPerc <= 29.131 & DirectLDL <= 170.180) -> diagAgeCombo <= 170.180) & WeightKg <= 170.180)
",0.000,0.000,0.000,0.000,1.000,0,0,0,1,1,0,0,1,0.0,0,0,0.0,0.0,1.0
"F[1,2](HDL <= 104.000 & bmiPerc >= 29.131)
",0.000,0.000,0.000,0.000,1.000,0,0,0,1,1,0,0,1,0.0,0,0,0.0,0.0,1.0
"((UnitsInsBasalOrLongAct <= 4.000) U[0,2] (DirectLDL <= 170.180))
",0.000,0.000,0.000,0.000,1.000,0,0,0,1,1,0,0,1,0.0,0,0,0.0,0.0,1.0
"((SMBGperDayPtMeterCombo <= 75.000) U[0,0] (DirectLDL <= 170.180))
",0.000,0.000,0.000,0.000,1.000,0,0,0,1,1,0,0,1,0.0,0,0,0.0,0.0,1.0
"F[0,2]((LDL >= 1.055 | bmiZscore <= 0.918) & TotalDailyInsPerKg >= 0.918)
",0.000,0.000,0.000,0.000,1.000,0,0,0,1,1,0,0,1,0.0,0,0,0.0,0.0,1.0
"F[1,2](Pt_SHFlg <= 0.000 & Pt_ChildT1D <= 0.000)
",0.000,0.000,0.000,0.000,1.000,0,0,0,1,1,0,0,1,0.0,0,0,0.0,0.0,1.0
"F[0,0](((SMBGperDayPtMeterCombo >= 75.000 -> bmi <= 0.000) & DirectLDL >= 0.000) | Pt_SHFlg >= 0.000)
",0.000,0.000,0.000,0.000,1.000,0,0,0,1,1,0,0,1,0.0,0,0,0.0,0.0,1.0
"((Pt_InsGov >= 0.000) U[0,2] (BldPrSys >= 0.000))
",0.000,0.000,0.000,0.000,1.000,0,0,0,1,1,0,0,1,0.0,0,0,0.0,0.0,1.0
"F[0,0](((LDL <= 1.055 -> BldPrDia <= 117.000) | bmiZscore >= 117.000) & Pt_ChildT1D <= 117.000)
",0.000,0.000,0.000,0.000,1.000,0,0,0,1,1,0,0,1,0.0,0,0,0.0,0.0,1.0
"F[0,2]((BUN >= 58.000 | HbA1c >= 0.860) -> BldPrDia <= 0.860)
",0.000,0.000,0.000,0.000,1.000,0,0,0,1,1,0,0,1,0.0,0,0,0.0,0.0,1.0
"F[0,1]((bmi <= 0.000 -> AlbCreatRat_mggNew <= 13.000) -> AutonomicNeuroCl >= 13.000)
",0.000,0.000,0.000,0.000,1.000,0,0,0,1,1,0,0,1,0.0,0,0,0.0,0.0,1.0
"F[1,1]((bmi <= 0.000 | AlbCreatRat_mggNew <= 13.000) | bmiZscore <= 13.000)
",0.000,0.000,0.000,0.000,1.000,0,0,0,1,1,0,0,1,0.0,0,0,0.0,0.0,1.0
"F[0,2]((UnitsInsBasalOrLongAct >= 4.000 & DirectLDL <= 170.180) | BldPrSys >= 170.180)
",0.000,0.000,0.000,0.000,1.000,0,0,0,1,1,0,0,1,0.0,0,0,0.0,0.0,1.0
"F[0,1](((Pt_CGMUseNumDays <= 102708.000 -> Pt_GrandchildT1D >= 0.000) | HDL >= 0.000) -> SMBGperDayPtMeterCombo <= 0.000)
",0.000,0.000,0.000,0.000,1.000,0,0,0,1,1,0,0,1,0.0,0,0,0.0,0.0,1.0
"F[0,1]((BUN <= 58.000 | Pt_GrandparentT1D <= 0.000) | Pt_A1cGoalLevelDsYr5 >= 0.000)
",0.000,0.000,0.000,0.000,1.000,0,0,0,1,1,0,0,1,0.0,0,0,0.0,0.0,1.0
"F[2,2](SMBGperDayPtMeterCombo >= 75.000 | Pt_GrandparentT1D <= 0.000)
",0.000,0.000,0.000,0.000,1.000,0,0,0,1,1,0,0,1,0.0,0,0,0.0,0.0,1.0
"F[1,1]((BldPrDia <= 117.000 & AutonomicNeuroCl >= 4.900) -> HbA1c <= 4.900)
",0.000,0.000,0.000,0.000,1.000,0,0,0,1,1,0,0,1,0.0,0,0,0.0,0.0,1.0
"F[1,2](((WeightKg <= 0.000 & Pt_GrandchildT1D >= 0.000) & Pt_A1cGoalLev >= 0.000) | Pt_DKAFlg >= 0.000)
",0.000,0.000,0.000,0.000,1.000,0,0,0,1,1,0,0,1,0.0,0,0,0.0,0.0,1.0
"F[1,2](((Pt_SiblingT1D >= 0.000 -> AlbCreatRat_mggNew <= 13.000) & Pt_SHFlg <= 13.000) & BUN <= 13.000)
",0.000,0.000,0.000,0.000,1.000,0,0,0,1,1,0,0,1,0.0,0,0,0.0,0.0,1.0
"F[0,2](WeightKg >= 0.000 & diabDur >= 20.000)
",0.000,0.000,0.000,0.000,1.000,0,0,0,1,1,0,0,1,0.0,0,0,0.0,0.0,1.0
"F[1,2](((Pt_InsGov >= 0.000 & Pt_DKAFlg <= 0.000) | LDL >= 0.000) -> DirectLDL <= 0.000)
",0.000,0.000,0.000,0.000,1.000,0,0,0,1,1,0,0,1,0.0,0,0,0.0,0.0,1.0
"F[0,2]((Pt_A1cGoalLevelDsYr5 >= 6.000 | BUN >= 58.000) | LDL <= 58.000)
",0.000,0.000,0.000,0.000,1.000,0,0,0,1,1,0,0,1,0.0,0,0,0.0,0.0,1.0
"F[1,2](((TotalDailyInsPerKg <= 16.000 & TotalDailyInsPerKg <= 16.000) & WeightKg <= 16.000) | HbA1c >= 16.000)
",0.000,0.000,0.000,0.000,1.000,0,0,0,1,1,0,0,1,0.0,0,0,0.0,0.0,1.0
"F[0,2]((TotalDailyInsPerKg >= 16.000 & TSH <= 0.000) | TSH <= 0.000)
",0.000,0.000,0.000,0.000,1.000,0,0,0,1,1,0,0,1,0.0,0,0,0.0,0.0,1.0
"F[0,1]((Pt_SiblingT1D >= 0.000 & BGTestAvgNumPtRep >= 0.000) & diagAgeCombo >= 0.000)
",0.000,0.000,0.000,0.000,1.000,0,0,0,1,1,0,0,1,0.0,0,0,0.0,0.0,1.0
"F[0,1](((Pt_DKAFlg >= 0.000 | age >= 0.000) -> Triglyc >= 0.000) | SMBGperDayPtMeterCombo >= 0.000)
",0.000,0.000,0.000,0.000,1.000,0,0,0,1,1,0,0,1,0.0,0,0,0.0,0.0,1.0
"F[0,1](((WeightKg >= 0.000 -> bmiZscore >= 0.918) -> Pt_GrandparentT1D >= 0.918) | UnitsInsBasalOrLongAct <= 0.918)
",0.000,0.000,0.000,0.000,1.000,0,0,0,1,1,0,0,1,0.0,0,0,0.0,0.0,1.0
"F[2,2](((Pt_DKAFlg >= 0.000 | AlbCreatRat_mggNew <= 13.000) & Pt_MotherT1D >= 13.000) -> Pt_ChildT1D >= 13.000)
",0.000,0.000,0.000,0.000,1.000,0,0,0,1,1,0,0,1,0.0,0,0,0.0,0.0,1.0
"F[0,2](((Pt_GrandparentT1D >= 0.000 | bmiZscore <= 0.918) & bmi <= 0.918) & bmiPerc <= 0.918)
",0.000,0.000,0.000,0.000,1.000,0,0,0,1,1,0,0,1,0.0,0,0,0.0,0.0,1.0
"F[0,2](((TotalDailyInsPerKg >= 16.000 & Pt_FatherT1D >= 28.000) & BGTestAvgNumMeter <= 28.000) -> TSH <= 28.000)
",0.000,0.000,0.000,0.000,1.000,0,0,0,1,1,0,0,1,0.0,0,0,0.0,0.0,1.0
"F[0,2]((Pt_GrandparentT1D <= 0.000 | LDL >= 1.055) | Pt_GrandparentT1D >= 1.055)
",0.000,0.000,0.000,0.000,1.000,0,0,0,1,1,0,0,1,0.0,0,0,0.0,0.0,1.0
"((Pt_ChildT1D >= 0.000) U[0,1] (SMBGperDayPtMeterCombo <= 75.000))
",0.000,0.000,0.000,0.000,1.000,0,0,0,1,1,0,0,1,0.0,0,0,0.0,0.0,1.0
"F[0,2](((age <= 0.000 | TotChol <= 55.000) | HDL <= 55.000) | Pt_ChildT1D <= 55.000)
",0.000,0.000,0.000,0.000,1.000,0,0,0,1,1,0,0,1,0.0,0,0,0.0,0.0,1.0
"((Pt_MotherT1D <= 0.000) U[1,2] (Pt_DKAFlg <= 0.000))
",0.000,0.000,0.000,0.000,1.000,0,0,0,1,1,0,0,1,0.0,0,0,0.0,0.0,1.0
"F[0,2]((Pt_InsGov <= 0.000 & AutonomicNeuroCl >= 4.900) & AutonomicNeuroCl >= 4.900)
",0.000,0.000,0.000,0.000,1.000,0,0,0,1,1,0,0,1,0.0,0,0,0.0,0.0,1.0
"F[0,1]((BldPrDia >= 117.000 | bmiZscore >= 0.918) -> Pt_SiblingT1D >= 0.918)
",0.000,0.000,0.000,0.000,1.000,0,0,0,1,1,0,0,1,0.0,0,0,0.0,0.0,1.0
"F[2,2](((diabDur <= 20.000 | Pt_DKAFlg <= 0.000) & Pt_GrandchildT1D <= 0.000) -> BldPrDia <= 0.000)
",0.000,0.000,0.000,0.000,1.000,0,0,0,1,1,0,0,1,0.0,0,0,0.0,0.0,1.0
"F[0,1]((bmi >= 0.000 & GFR >= 0.314) | HDL <= 0.314)
",0.000,0.000,0.000,0.000,1.000,0,0,0,1,1,0,0,1,0.0,0,0,0.0,0.0,1.0
"((BldPrDia <= 117.000) U[0,2] (Pt_SiblingT1D <= 0.000))
",0.000,0.000,0.000,0.000,1.000,0,0,0,1,1,0,0,1,0.0,0,0,0.0,0.0,1.0
"F[1,2]((NumPumpBolusOrShortAct <= 0.000 -> HbA1cImputeDtMnC <= 4.000) -> Pt_GrandchildT1D >= 4.000)
",0.000,0.000,0.000,0.000,1.000,0,0,0,1,1,0,0,1,0.0,0,0,0.0,0.0,1.0
"((Pt_SiblingT1D <= 0.000) U[0,1] (AutonomicNeuroCl >= 4.900))
",0.000,0.000,0.000,0.000,1.000,0,0,0,1,1,0,0,1,0.0,0,0,0.0,0.0,1.0
"((Pt_SHFlg >= 0.000) U[1,2] (TotChol >= 55.000))
",0.000,0.000,0.000,0.000,1.000,0,0,0,1,1,0,0,1,0.0,0,0,0.0,0.0,1.0
"F[2,2]((BldPrSys <= 0.000 -> Pt_MotherT1D <= 0.000) | Pt_GrandchildT1D >= 0.000)
",0.000,0.000,0.000,0.000,1.000,0,0,0,1,1,0,0,1,0.0,0,0,0.0,0.0,1.0
"((bmiZscore <= 0.918) U[0,1] (NumPumpBolusOrShortAct <= 0.000))
",0.000,0.000,0.000,0.000,1.000,0,0,0,1,1,0,0,1,0.0,0,0,0.0,0.0,1.0
"F[0,2]((TotChol <= 55.000 -> Pt_CGMUseNumDays >= 102708.000) -> diagAgeCombo >= 102708.000)
",0.000,0.000,0.000,0.000,1.000,0,0,0,1,1,0,0,1,0.0,0,0,0.0,0.0,1.0
"F[0,1](HDL <= 104.000 & BUN <= 58.000)
",0.000,0.000,0.000,0.000,1.000,0,0,0,1,1,0,0,1,0.0,0,0,0.0,0.0,1.0
"F[0,1](AlbCreatRat_mggNew >= 13.000 | HbA1c <= 0.860)
",0.000,0.000,0.000,0.000,1.000,0,0,0,1,1,0,0,1,0.0,0,0,0.0,0.0,1.0
"F[1,2](((Pt_MotherT1D >= 0.000 | AlbCreatRat_mggNew <= 13.000) | Pt_GrandchildT1D <= 13.000) | age >= 13.000)
",0.000,0.000,0.000,0.000,1.000,0,0,0,1,1,0,0,1,0.0,0,0,0.0,0.0,1.0
"F[1,1](diagAgeCombo <= 0.000 | TotChol >= 55.000)
",0.000,0.000,0.000,0.000,1.000,0,0,0,1,1,0,0,1,0.0,0,0,0.0,0.0,1.0
"F[2,2]((diagAgeCombo <= 0.000 -> Pt_GrandparentT1D <= 0.000) | Pt_DKAFlg >= 0.000)
",0.000,0.000,0.000,0.000,1.000,0,0,0,1,1,0,0,1,0.0,0,0,0.0,0.0,1.0
"F[0,1]((Pt_A1cGoalLevelDsYr5 <= 6.000 -> Triglyc >= 171.000) | bmiZscore <= 171.000)
",0.000,0.000,0.000,0.000,1.000,0,0,0,1,1,0,0,1,0.0,0,0,0.0,0.0,1.0
"F[1,2]((HbA1c <= 0.860 -> WeightKg >= 0.000) -> Pt_GrandchildT1D >= 0.000)
",0.000,0.000,0.000,0.000,1.000,0,0,0,1,1,0,0,1,0.0,0,0,0.0,0.0,1.0
"F[0,2]((Triglyc >= 171.000 | Pt_FatherT1D <= 28.000) | Triglyc <= 28.000)
",0.000,0.000,0.000,0.000,1.000,0,0,0,1,1,0,0,1,0.0,0,0,0.0,0.0,1.0
"F[0,1](((HbA1c <= 0.860 -> Pt_InsGov >= 0.000) & Pt_SiblingT1D >= 0.000) & bmiPerc >= 0.000)
",0.000,0.000,0.000,0.000,1.000,0,0,0,1,1,0,0,1,0.0,0,0,0.0,0.0,1.0
"F[0,0]((NumPumpBolusOrShortAct >= 0.000 -> HbA1cImputeDtMnC >= 4.000) -> WeightKg >= 4.000)
",0.000,0.000,0.000,0.000,1.000,0,0,0,1,1,0,0,1,0.0,0,0,0.0,0.0,1.0
"((Pt_A1cGoalLevelDsYr5 <= 6.000) U[0,0] (AlbCreatRat_mggNew <= 13.000))
",0.000,0.000,0.000,0.000,1.000,0,0,0,1,1,0,0,1,0.0,0,0,0.0,0.0,1.0
"F[0,2](Pt_CGMUseNumDays <= 102708.000 & BUN >= 58.000)
",0.000,0.000,0.000,0.000,1.000,0,0,0,1,1,0,0,1,0.0,0,0,0.0,0.0,1.0
"F[0,2]((BGTestAvgNumPtRep >= 0.000 -> TotChol >= 55.000) & AutonomicNeuroCl <= 55.000)
",0.000,0.000,0.000,0.000,1.000,0,0,0,1,1,0,0,1,0.0,0,0,0.0,0.0,1.0
"F[1,2](TSH <= 0.000 -> Pt_ChildT1D <= 0.000)
",0.000,0.000,0.000,0.000,1.000,0,0,0,1,1,0,0,1,0.0,0,0,0.0,0.0,1.0
"F[1,2](((Pt_A1cGoalLevelDsYr5 >= 6.000 & Pt_FatherT1D <= 28.000) | Pt_MotherT1D >= 28.000) | BldPrSys >= 28.000)
",0.000,0.000,0.000,0.000,1.000,0,0,0,1,1,0,0,1,0.0,0,0,0.0,0.0,1.0
"F[0,2](((GFR <= 0.314 & LDL >= 1.055) & Pt_A1cGoalLev <= 1.055) & Pt_GrandparentT1D <= 1.055)
",0.000,0.000,0.000,0.000,1.000,0,0,0,1,1,0,0,1,0.0,0,0,0.0,0.0,1.0
"((Pt_A1cGoalLev <= 4.000) U[0,2] (HeightCm <= 84.368))
",0.000,0.000,0.000,0.000,1.000,0,0,0,1,1,0,0,1,0.0,0,0,0.0,0.0,1.0
"F[0,1]((bmiPerc >= 29.131 -> Pt_SHFlg >= 0.000) | Pt_SHFlg >= 0.000)
",0.000,0.000,0.000,0.000,1.000,0,0,0,1,1,0,0,1,0.0,0,0,0.0,0.0,1.0
"F[0,0]((Pt_FatherT1D <= 28.000 -> Pt_ChildT1D >= 0.000) & HbA1cImputeDtMnC >= 0.000)
",0.000,0.000,0.000,0.000,1.000,0,0,0,1,1,0,0,1,0.0,0,0,0.0,0.0,1.0
"F[1,2](diagAgeCombo >= 0.000 & Pt_InsGov <= 0.000)
",0.000,0.000,0.000,0.000,1.000,0,0,0,1,1,0,0,1,0.0,0,0,0.0,0.0,1.0
"F[1,2](((Pt_SiblingT1D >= 0.000 & AutonomicNeuroCl <= 4.900) & Pt_CGMUseNumDays <= 4.900) | Triglyc >= 4.900)
",0.000,0.000,0.000,0.000,1.000,0,0,0,1,1,0,0,1,0.0,0,0,0.0,0.0,1.0
"F[1,2]((diagAgeCombo >= 0.000 -> bmiZscore >= 0.918) | bmiZscore <= 0.918)
",0.000,0.000,0.000,0.000,1.000,0,0,0,1,1,0,0,1,0.0,0,0,0.0,0.0,1.0
"F[0,1]((Pt_DKAFlg <= 0.000 & bmiZscore >= 0.918) -> age >= 0.918)
",0.000,0.000,0.000,0.000,1.000,0,0,0,1,1,0,0,1,0.0,0,0,0.0,0.0,1.0
"F[0,0](((bmiPerc <= 29.131 -> LDL <= 1.055) | bmi <= 1.055) -> Pt_A1cGoalLevelDsYr5 <= 1.055)
",0.000,0.000,0.000,0.000,1.000,0,0,0,1,1,0,0,1,0.0,0,0,0.0,0.0,1.0
"F[0,1](AlbCreatRat_mggNew >= 13.000 | Pt_A1cGoalLev >= 4.000)
",0.000,0.000,0.000,0.000,1.000,0,0,0,1,1,0,0,1,0.0,0,0,0.0,0.0,1.0
"((UnitsInsBasalOrLongAct < 4.000) U[1,2] (Pt_SHFlg = 0.000))
",0.000,0.000,0.000,0.000,1.000,0,0,0,1,1,0,0,1,0.0,0,0,0.0,0.0,1.0
"F[0,2](((Pt_SiblingT1D <= 0.000 | Pt_DKAFlg <= 0.000) -> Pt_A1cGoalLevelDsYr5 >= 0.000) -> BGTestAvgNumMeter >= 0.000)
",0.000,0.000,0.000,0.000,1.000,0,0,0,1,1,0,0,1,0.0,0,0,0.0,0.0,1.0
"F[2,2](Pt_InsGov <= 0.000 & diagAgeCombo >= 0.000)
",0.000,0.000,0.000,0.000,1.000,0,0,0,1,1,0,0,1,0.0,0,0,0.0,0.0,1.0
"((HDL <= 104.000) U[0,1] (Pt_GrandparentT1D <= 0.000))
",0.000,0.000,0.000,0.000,1.000,0,0,0,1,1,0,0,1,0.0,0,0,0.0,0.0,1.0
"F[0,1](((NumPumpBolusOrShortAct >= 0.000 -> Pt_SHFlg <= 0.000) | Pt_GrandparentT1D <= 0.000) & Pt_InsGov >= 0.000)
",0.000,0.000,0.000,0.000,1.000,0,0,0,1,1,0,0,1,0.0,0,0,0.0,0.0,1.0
"F[2,2](Pt_A1cGoalLev >= 4.000 & BGTestAvgNumPtRep <= 0.000)
",0.000,0.000,0.000,0.000,1.000,0,0,0,1,1,0,0,1,0.0,0,0,0.0,0.0,1.0
"F[0,2](Pt_GrandparentT1D <= 0.000 -> diagAgeCombo >= 0.000)
",0.000,0.000,0.000,0.000,1.000,0,0,0,1,1,0,0,1,0.0,0,0,0.0,0.0,1.0
"F[0,2](AlbCreatRat_mggNew <= 13.000 -> Pt_DKAFlg >= 0.000)
",0.000,0.000,0.000,0.000,1.000,0,0,0,1,1,0,0,1,0.0,0,0,0.0,0.0,1.0
"((Pt_SiblingT1D >= 0.000) U[0,1] (GFR <= 0.314))
",0.000,0.000,0.000,0.000,1.000,0,0,0,1,1,0,0,1,0.0,0,0,0.0,0.0,1.0
"F[0,1](bmiPerc <= 29.131 & HDL <= 104.000)
",0.000,0.000,0.000,0.000,1.000,0,0,0,1,1,0,0,1,0.0,0,0,0.0,0.0,1.0
"F[0,2](Pt_FatherT1D >= 28.000 & AutonomicNeuroCl <= 4.900)
",0.000,0.000,0.000,0.000,1.000,0,0,0,1,1,0,0,1,0.0,0,0,0.0,0.0,1.0
"F[1,1]((Pt_MotherT1D >= 0.000 & TotalDailyInsPerKg >= 16.000) -> LDL <= 16.000)
",0.000,0.000,0.000,0.000,1.000,0,0,0,1,1,0,0,1,0.0,0,0,0.0,0.0,1.0
"F[0,1]((Pt_GrandparentT1D <= 0.000 & WeightKg >= 0.000) | GFR >= 0.000)
",0.000,0.000,0.000,0.000,1.000,0,0,0,1,1,0,0,1,0.0,0,0,0.0,0.0,1.0
"((Pt_SiblingT1D <= 0.000) U[2,2] (DirectLDL <= 170.180))
",0.000,0.000,0.000,0.000,1.000,0,0,0,1,1,0,0,1,0.0,0,0,0.0,0.0,1.0
"((bmiPerc > 29.131) U[1,2] (Pt_SHFlg = 0.000))
",0.000,0.000,0.000,0.000,1.000,0,0,0,1,1,0,0,1,0.0,0,0,0.0,0.0,1.0
"((BldPrDia < 117.000) U[2,2] (Pt_SHFlg = 0.000))
",0.000,0.000,0.000,0.000,1.000,0,0,0,1,1,0,0,1,0.0,0,0,0.0,0.0,1.0
"((HbA1c < 0.860) U[1,2] (Pt_SHFlg = 0.000))
",0.000,0.000,0.000,0.000,1.000,0,0,0,1,1,0,0,1,0.0,0,0,0.0,0.0,1.0
"((Pt_FatherT1D <= 28.000) U[0,2] (Pt_SHFlg = 0.000))
",0.000,0.000,0.000,0.000,1.000,0,0,0,1,1,0,0,1,0.0,0,0,0.0,0.0,1.0
"F[0,1]((BGTestAvgNumMeter <= 37.000 & HbA1cImputeDtMnC >= 4.000) & AutonomicNeuroCl >= 4.000)
",0.000,0.000,0.000,0.000,1.000,0,0,0,1,1,0,0,1,0.0,0,0,0.0,0.0,1.0
"F[1,1]((BldPrSys >= 0.000 | Pt_MotherT1D <= 0.000) -> Pt_DKAFlg <= 0.000)
",0.000,0.000,0.000,0.000,1.000,0,0,0,1,1,0,0,1,0.0,0,0,0.0,0.0,1.0
"((age >= 0.000) U[2,2] (Pt_A1cGoalLev <= 4.000))
",0.000,0.000,0.000,0.000,1.000,0,0,0,1,1,0,0,1,0.0,0,0,0.0,0.0,1.0
"F[0,1](LDL <= 1.055 & diabDur >= 20.000)
",0.000,0.000,0.000,0.000,1.000,0,0,0,1,1,0,0,1,0.0,0,0,0.0,0.0,1.0
"F[2,2](Pt_CGMUseNumDays >= 102708.000 -> TotalDailyInsPerKg <= 16.000)
",0.000,0.000,0.000,0.000,1.000,0,0,0,1,1,0,0,1,0.0,0,0,0.0,0.0,1.0
"F[1,1]((Pt_SHFlg >= 0.000 | bmiZscore >= 0.918) -> HeightCm >= 0.918)
",0.000,0.000,0.000,0.000,1.000,0,0,0,1,1,0,0,1,0.0,0,0,0.0,0.0,1.0
"((bmiZscore <= 0.918) U[1,1] (diagAgeCombo <= 0.000))
",0.000,0.000,0.000,0.000,1.000,0,0,0,1,1,0,0,1,0.0,0,0,0.0,0.0,1.0
"((age >= 0.000) U[0,2] (Pt_SiblingT1D >= 0.000))
",0.000,0.000,0.000,0.000,1.000,0,0,0,1,1,0,0,1,0.0,0,0,0.0,0.0,1.0
"F[1,2](HeightCm >= 84.368 & DirectLDL >= 170.180)
",0.000,0.000,0.000,0.000,1.000,0,0,0,1,1,0,0,1,0.0,0,0,0.0,0.0,1.0
"((Pt_A1cGoalLevelDsYr5 <= 6.000) U[0,1] (bmiZscore <= 0.918))
",0.000,0.000,0.000,0.000,1.000,0,0,0,1,1,0,0,1,0.0,0,0,0.0,0.0,1.0
"F[0,1](((Pt_A1cGoalLevelDsYr5 >= 6.000 | HbA1c >= 0.860) & Triglyc >= 0.860) & bmi <= 0.860)
",0.000,0.000,0.000,0.000,1.000,0,0,0,1,1,0,0,1,0.0,0,0,0.0,0.0,1.0
"F[2,2](bmiPerc >= 29.131 & Pt_GrandchildT1D >= 0.000)
",0.000,0.000,0.000,0.000,1.000,0,0,0,1,1,0,0,1,0.0,0,0,0.0,0.0,1.0
"F[2,2](((Pt_SHFlg <= 0.000 | Pt_DKAFlg >= 0.000) | Pt_A1cGoalLevelDsYr5 <= 0.000) -> Pt_GrandchildT1D <= 0.000)
",0.000,0.000,0.000,0.000,1.000,0,0,0,1,1,0,0,1,0.0,0,0,0.0,0.0,1.0
"F[0,1](Pt_MotherT1D >= 0.000 -> Pt_InsGov <= 0.000)
",0.000,0.000,0.000,0.000,1.000,0,0,0,1,1,0,0,1,0.0,0,0,0.0,0.0,1.0
"F[1,2](TSH <= 0.000 -> TotChol <= 55.000)
",0.000,0.000,0.000,0.000,1.000,0,0,0,1,1,0,0,1,0.0,0,0,0.0,0.0,1.0
"F[0,2]((Pt_ChildT1D >= 0.000 -> LDL >= 1.055) | Pt_InsGov <= 1.055)
",0.000,0.000,0.000,0.000,1.000,0,0,0,1,1,0,0,1,0.0,0,0,0.0,0.0,1.0
"((AutonomicNeuroCl <= 4.900) U[2,2] (Pt_SHFlg <= 0.000))
",0.000,0.000,0.000,0.000,1.000,0,0,0,1,1,0,0,1,0.0,0,0,0.0,0.0,1.0
"F[2,2]((Triglyc <= 171.000 | diagAgeCombo >= 0.000) & Pt_GrandchildT1D <= 0.000)
",0.000,0.000,0.000,0.000,1.000,0,0,0,1,1,0,0,1,0.0,0,0,0.0,0.0,1.0
"F[1,2](Pt_SHFlg >= 0.000 -> BGTestAvgNumMeter <= 37.000)
",0.000,0.000,0.000,0.000,1.000,0,0,0,1,1,0,0,1,0.0,0,0,0.0,0.0,1.0
"F[2,2](Pt_GrandchildT1D <= 0.000 -> TotalDailyInsPerKg >= 16.000)
",0.000,0.000,0.000,0.000,1.000,0,0,0,1,1,0,0,1,0.0,0,0,0.0,0.0,1.0
"F[1,2](HeightCm >= 84.368 -> Pt_SHFlg = 0.000)
",0.000,0.000,0.000,0.000,1.000,0,0,0,1,1,0,0,1,0.0,0,0,0.0,0.0,1.0
"((LDL > 1.055) U[1,1] (Pt_SHFlg = 0.000))
",0.000,0.000,0.000,0.000,1.000,0,0,0,1,1,0,0,1,0.0,0,0,0.0,0.0,1.0
"F[0,1](((BldPrDia >= 117.000 -> diagAgeCombo <= 0.000) & Pt_DKAFlg >= 0.000) & BldPrDia <= 0.000)
",0.000,0.000,0.000,0.000,1.000,0,0,0,1,1,0,0,1,0.0,0,0,0.0,0.0,1.0
"F[1,2](UnitsInsBasalOrLongAct < 4.000 & Pt_SHFlg = 0.000)
",0.000,0.000,0.000,0.000,1.000,0,0,0,1,1,0,0,1,0.0,0,0,0.0,0.0,1.0
"F[1,1](BUN > 58.000 -> Pt_SHFlg = 0.000)
",0.000,0.000,0.000,0.000,1.000,0,0,0,1,1,0,0,1,0.0,0,0,0.0,0.0,1.0
"((BGTestAvgNumMeter >= 37.000) U[0,1] (BGTestAvgNumPtRep <= 0.000))
",0.000,0.000,0.000,0.000,1.000,0,0,0,1,1,0,0,1,0.0,0,0,0.0,0.0,1.0
"F[1,2](HbA1c >= 0.860 -> Pt_A1cGoalLevelDsYr5 = 6.000)
",0.000,0.000,0.000,0.000,1.000,0,0,0,1,1,0,0,1,0.0,0,0,0.0,0.0,1.0
"((BGTestAvgNumMeter >= 37.000) U[1,2] (BGTestAvgNumPtRep <= 0.000))
",0.000,0.000,0.000,0.000,1.000,0,0,0,1,1,0,0,1,0.0,0,0,0.0,0.0,1.0
"F[0,2](HbA1c >= 0.860 -> Pt_A1cGoalLevelDsYr5 = 6.000)
",0.000,0.000,0.000,0.000,1.000,0,0,0,1,1,0,0,1,0.0,0,0,0.0,0.0,1.0
"((BGTestAvgNumMeter >= 37.000) U[0,2] (BGTestAvgNumPtRep <= 0.000))
",0.000,0.000,0.000,0.000,1.000,0,0,0,1,1,0,0,1,0.0,0,0,0.0,0.0,1.0
"F[1,2](HbA1c >= 0.860 -> Pt_A1cGoalLevelDsYr5 = 6.000)
",0.000,0.000,0.000,0.000,1.000,0,0,0,1,1,0,0,1,0.0,0,0,0.0,0.0,1.0
"((BGTestAvgNumMeter >= 37.000) U[0,1] (BGTestAvgNumPtRep <= 0.000))
",0.000,0.000,0.000,0.000,1.000,0,0,0,1,1,0,0,1,0.0,0,0,0.0,0.0,1.0
"F[1,2](HbA1c >= 0.860 -> Pt_A1cGoalLevelDsYr5 = 6.000)
",0.000,0.000,0.000,0.000,1.000,0,0,0,1,1,0,0,1,0.0,0,0,0.0,0.0,1.0
"((BGTestAvgNumMeter >= 37.000) U[1,2] (BGTestAvgNumPtRep <= 0.000))
",0.000,0.000,0.000,0.000,1.000,0,0,0,1,1,0,0,1,0.0,0,0,0.0,0.0,1.0
"F[1,1](HbA1c >= 0.860 -> Pt_A1cGoalLevelDsYr5 = 6.000)
",0.000,0.000,0.000,0.000,1.000,0,0,0,1,1,0,0,1,0.0,0,0,0.0,0.0,1.0
"((BGTestAvgNumMeter >= 37.000) U[1,2] (BGTestAvgNumPtRep <= 0.000))
",0.000,0.000,0.000,0.000,1.000,0,0,0,1,1,0,0,1,0.0,0,0,0.0,0.0,1.0
"((BGTestAvgNumMeter >= 37.000) U[1,1] (BGTestAvgNumPtRep <= 0.000))
",0.000,0.000,0.000,0.000,1.000,0,0,0,1,1,0,0,1,0.0,0,0,0.0,0.0,1.0
"F[1,1](HbA1c >= 0.860 -> Pt_A1cGoalLevelDsYr5 = 6.000)
",0.000,0.000,0.000,0.000,1.000,0,0,0,1,1,0,0,1,0.0,0,0,0.0,0.0,1.0
"((BGTestAvgNumMeter >= 37.000) U[1,2] (BGTestAvgNumPtRep <= 0.000))
",0.000,0.000,0.000,0.000,1.000,0,0,0,1,1,0,0,1,0.0,0,0,0.0,0.0,1.0
"((BGTestAvgNumMeter >= 37.000) U[0,2] (BGTestAvgNumPtRep <= 0.000))
",0.000,0.000,0.000,0.000,1.000,0,0,0,1,1,0,0,1,0.0,0,0,0.0,0.0,1.0
"F[2,2](HbA1c >= 0.860 -> Pt_A1cGoalLevelDsYr5 = 6.000)
",0.000,0.000,0.000,0.000,1.000,0,0,0,1,1,0,0,1,0.0,0,0,0.0,0.0,1.0
"((Pt_A1cGoalLev < 4.000) U[0,2] (Pt_SHFlg = 0.000))
",0.000,0.000,0.000,0.000,1.000,0,0,0,1,1,0,0,1,0.0,0,0,0.0,0.0,1.0
"F[1,1](Pt_MotherT1D > 0.000 -> Pt_SHFlg = 0.000)
",0.000,0.000,0.000,0.000,1.000,0,0,0,1,1,0,0,1,0.0,0,0,0.0,0.0,1.0
"F[2,2](Pt_GrandparentT1D <= 0.000 -> Pt_SHFlg = 0.000)
",0.000,0.000,0.000,0.000,1.000,0,0,0,1,1,0,0,1,0.0,0,0,0.0,0.0,1.0
"((Pt_A1cGoalLev <= 4.000) U[1,1] (Pt_SHFlg = 0.000))
",0.000,0.000,0.000,0.000,1.000,0,0,0,1,1,0,0,1,0.0,0,0,0.0,0.0,1.0
"F[0,1](Pt_A1cGoalLevelDsYr5 > 6.000 & Pt_SHFlg = 0.000)
",0.000,0.000,0.000,0.000,1.000,0,0,0,1,1,0,0,1,0.0,0,0,0.0,0.0,1.0
"((BGTestAvgNumPtRep >= 0.000) U[0,2] (Pt_SHFlg = 0.000))
",0.000,0.000,0.000,0.000,1.000,0,0,0,1,1,0,0,1,0.0,0,0,0.0,0.0,1.0
"F[1,1](HDL >= 104.000 -> Pt_SHFlg = 0.000)
",0.000,0.000,0.000,0.000,1.000,0,0,0,1,1,0,0,1,0.0,0,0,0.0,0.0,1.0
"F[0,2](diabDur > 20.000 & Pt_SHFlg = 0.000)
",0.000,0.000,0.000,0.000,1.000,0,0,0,1,1,0,0,1,0.0,0,0,0.0,0.0,1.0
"((Pt_A1cGoalLev <= 4.000) U[1,2] (Pt_SHFlg = 0.000))
",0.000,0.000,0.000,0.000,1.000,0,0,0,1,1,0,0,1,0.0,0,0,0.0,0.0,1.0
"((bmiPerc <= 29.131) U[1,2] (Pt_SHFlg = 0.000))
",0.000,0.000,0.000,0.000,1.000,0,0,0,1,1,0,0,1,0.0,0,0,0.0,0.0,1.0
"F[0,2](DirectLDL > 170.180 -> Pt_SHFlg = 0.000)
",0.000,0.000,0.000,0.000,1.000,0,0,0,1,1,0,0,1,0.0,0,0,0.0,0.0,1.0
"((BGTestAvgNumMeter < 37.000) U[0,1] (Pt_SHFlg = 0.000))
",0.000,0.000,0.000,0.000,1.000,0,0,0,1,1,0,0,1,0.0,0,0,0.0,0.0,1.0
"((DirectLDL >= 170.180) U[0,1] (Pt_SHFlg = 0.000))
",0.000,0.000,0.000,0.000,1.000,0,0,0,1,1,0,0,1,0.0,0,0,0.0,0.0,1.0
"F[1,2](age <= 0.000 & Pt_SHFlg = 0.000)
",0.000,0.000,0.000,0.000,1.000,0,0,0,1,1,0,0,1,0.0,0,0,0.0,0.0,1.0
"((Pt_GrandparentT1D > 0.000) U[1,2] (Pt_SHFlg = 0.000))
",0.000,0.000,0.000,0.000,1.000,0,0,0,1,1,0,0,1,0.0,0,0,0.0,0.0,1.0
"F[0,2](Pt_DKAFlg <= 0.000 -> Pt_SHFlg = 0.000)
",0.000,0.000,0.000,0.000,1.000,0,0,0,1,1,0,0,1,0.0,0,0,0.0,0.0,1.0
"((age < 0.000) U[0,2] (Pt_SHFlg = 0.000))
",0.000,0.000,0.000,0.000,1.000,0,0,0,1,1,0,0,1,0.0,0,0,0.0,0.0,1.0
"((Pt_FatherT1D > 28.000) U[1,2] (Pt_SHFlg = 0.000))
",0.000,0.000,0.000,0.000,1.000,0,0,0,1,1,0,0,1,0.0,0,0,0.0,0.0,1.0
"F[0,1](Pt_A1cGoalLev <= 4.000 & Pt_SHFlg = 0.000)
",0.000,0.000,0.000,0.000,1.000,0,0,0,1,1,0,0,1,0.0,0,0,0.0,0.0,1.0
"((UnitsInsBasalOrLongAct < 4.000) U[1,2] (Pt_SHFlg = 0.000))
",0.000,0.000,0.000,0.000,1.000,0,0,0,1,1,0,0,1,0.0,0,0,0.0,0.0,1.0
"((AutonomicNeuroCl >= 4.900) U[0,2] (diabDur >= 20.000))
",0.000,0.000,0.000,0.000,1.000,0,0,0,1,1,0,0,1,0.0,0,0,0.0,0.0,1.0
"F[1,2](((bmi >= 0.000 -> HbA1c <= 0.860) -> Pt_MotherT1D >= 0.860) -> Pt_FatherT1D <= 0.860)
",0.000,0.000,0.000,0.000,1.000,0,0,0,1,1,0,0,1,0.0,0,0,0.0,0.0,1.0
"F[1,2](((Pt_ChildT1D <= 0.000 | age >= 0.000) & AutonomicNeuroCl <= 0.000) & Pt_DKAFlg >= 0.000)
",0.000,0.000,0.000,0.000,1.000,0,0,0,1,1,0,0,1,0.0,0,0,0.0,0.0,1.0
"F[2,2](DirectLDL >= 170.180 | BGTestAvgNumMeter <= 37.000)
",0.000,0.000,0.000,0.000,1.000,0,0,0,1,1,0,0,1,0.0,0,0,0.0,0.0,1.0
"F[1,2]((bmi <= 0.000 -> AlbCreatRat_mggNew >= 13.000) | age >= 13.000)
",0.000,0.000,0.000,0.000,1.000,0,0,0,1,1,0,0,1,0.0,0,0,0.0,0.0,1.0
"F[2,2](((HeightCm <= 84.368 -> age <= 0.000) | DirectLDL <= 0.000) | AlbCreatRat_mggNew <= 0.000)
",0.000,0.000,0.000,0.000,1.000,0,0,0,1,1,0,0,1,0.0,0,0,0.0,0.0,1.0
"F[0,0](((diagAgeCombo <= 0.000 -> TSH <= 0.000) | DirectLDL <= 0.000) -> Pt_InsGov <= 0.000)
",0.000,0.000,0.000,0.000,1.000,0,0,0,1,1,0,0,1,0.0,0,0,0.0,0.0,1.0
"F[0,1]((diabDur >= 20.000 & Pt_A1cGoalLev >= 4.000) & HeightCm >= 4.000)
",0.000,0.000,0.000,0.000,1.000,0,0,0,1,1,0,0,1,0.0,0,0,0.0,0.0,1.0
"F[0,2](WeightKg <= 0.000 | HeightCm >= 84.368)
",0.000,0.000,0.000,0.000,1.000,0,0,0,1,1,0,0,1,0.0,0,0,0.0,0.0,1.0
"F[1,1]((HeightCm <= 84.368 | diagAgeCombo <= 0.000) | Pt_SiblingT1D >= 0.000)
",0.000,0.000,0.000,0.000,1.000,0,0,0,1,1,0,0,1,0.0,0,0,0.0,0.0,1.0
"F[2,2](SMBGperDayPtMeterCombo >= 75.000 & TotChol >= 55.000)
",0.000,0.000,0.000,0.000,1.000,0,0,0,1,1,0,0,1,0.0,0,0,0.0,0.0,1.0
"F[2,2]((BGTestAvgNumPtRep >= 0.000 & HDL >= 104.000) & BUN >= 104.000)
",0.000,0.000,0.000,0.000,1.000,0,0,0,1,1,0,0,1,0.0,0,0,0.0,0.0,1.0
"F[1,1]((bmiPerc >= 29.131 | Triglyc >= 171.000) | bmi <= 171.000)
",0.000,0.000,0.000,0.000,1.000,0,0,0,1,1,0,0,1,0.0,0,0,0.0,0.0,1.0
"F[1,2](((TotalDailyInsPerKg <= 16.000 | LDL <= 1.055) & Pt_ChildT1D <= 1.055) & NumPumpBolusOrShortAct >= 1.055)
",0.000,0.000,0.000,0.000,1.000,0,0,0,1,1,0,0,1,0.0,0,0,0.0,0.0,1.0
"F[2,2]((Pt_ChildT1D <= 0.000 -> BldPrDia >= 117.000) & Pt_InsGov >= 117.000)
",0.000,0.000,0.000,0.000,1.000,0,0,0,1,1,0,0,1,0.0,0,0,0.0,0.0,1.0
"((Triglyc >= 171.000) U[0,2] (Pt_InsGov >= 0.000))
",0.000,0.000,0.000,0.000,1.000,0,0,0,1,1,0,0,1,0.0,0,0,0.0,0.0,1.0
"F[1,2](((Pt_FatherT1D >= 28.000 & LDL <= 1.055) & BldPrSys >= 1.055) | WeightKg >= 1.055)
",0.000,0.000,0.000,0.000,1.000,0,0,0,1,1,0,0,1,0.0,0,0,0.0,0.0,1.0
"F[1,2]((AlbCreatRat_mggNew <= 13.000 -> BldPrSys <= 0.000) -> BGTestAvgNumPtRep >= 0.000)
",0.000,0.000,0.000,0.000,1.000,0,0,0,1,1,0,0,1,0.0,0,0,0.0,0.0,1.0
"((bmi <= 0.000) U[0,0] (Pt_A1cGoalLevelDsYr5 <= 6.000))
",0.000,0.000,0.000,0.000,1.000,0,0,0,1,1,0,0,1,0.0,0,0,0.0,0.0,1.0
"F[2,2]((bmi <= 0.000 | Pt_GrandchildT1D >= 0.000) & UnitsInsBasalOrLongAct <= 0.000)
",0.000,0.000,0.000,0.000,1.000,0,0,0,1,1,0,0,1,0.0,0,0,0.0,0.0,1.0
"F[0,1](age >= 0.000 | HbA1cImputeDtMnC >= 4.000)
",0.000,0.000,0.000,0.000,1.000,0,0,0,1,1,0,0,1,0.0,0,0,0.0,0.0,1.0
"F[2,2](HbA1c >= 0.860 & BldPrSys >= 0.000)
",0.000,0.000,0.000,0.000,1.000,0,0,0,1,1,0,0,1,0.0,0,0,0.0,0.0,1.0
"F[2,2]((Pt_CGMUseNumDays >= 102708.000 -> WeightKg >= 0.000) -> AlbCreatRat_mggNew >= 0.000)
",0.000,0.000,0.000,0.000,1.000,0,0,0,1,1,0,0,1,0.0,0,0,0.0,0.0,1.0
"F[0,2]((TotChol <= 55.000 & bmi >= 0.000) | TotChol >= 0.000)
",0.000,0.000,0.000,0.000,1.000,0,0,0,1,1,0,0,1,0.0,0,0,0.0,0.0,1.0
"F[1,2](((NumPumpBolusOrShortAct <= 0.000 | UnitsInsBasalOrLongAct <= 4.000) | NumPumpBolusOrShortAct <= 4.000) | age <= 4.000)
",0.000,0.000,0.000,0.000,1.000,0,0,0,1,1,0,0,1,0.0,0,0,0.0,0.0,1.0
"((BGTestAvgNumMeter >= 37.000) U[0,1] (BGTestAvgNumPtRep <= 0.000))
",0.000,0.000,0.000,0.000,1.000,0,0,0,1,1,0,0,1,0.0,0,0,0.0,0.0,1.0
"F[0,2]((AutonomicNeuroCl >= 4.900 -> HeightCm <= 84.368) -> HDL >= 84.368)
",0.000,0.000,0.000,0.000,1.000,0,0,0,1,1,0,0,1,0.0,0,0,0.0,0.0,1.0
"F[0,0](HbA1cImputeDtMnC >= 4.000 -> BUN >= 58.000)
",0.000,0.000,0.000,0.000,1.000,0,0,0,1,1,0,0,1,0.0,0,0,0.0,0.0,1.0
"F[0,2]((BGTestAvgNumMeter <= 37.000 -> Pt_InsGov >= 0.000) | Pt_SHFlg <= 0.000)
",0.000,0.000,0.000,0.000,1.000,0,0,0,1,1,0,0,1,0.0,0,0,0.0,0.0,1.0
"F[0,1]((AutonomicNeuroCl >= 4.900 | Pt_A1cGoalLevelDsYr5 >= 6.000) & Triglyc >= 6.000)
",0.000,0.000,0.000,0.000,1.000,0,0,0,1,1,0,0,1,0.0,0,0,0.0,0.0,1.0
"F[2,2](((bmiZscore >= 0.918 -> diagAgeCombo <= 0.000) | UnitsInsBasalOrLongAct <= 0.000) -> Pt_CGMUseNumDays >= 0.000)
",0.000,0.000,0.000,0.000,1.000,0,0,0,1,1,0,0,1,0.0,0,0,0.0,0.0,1.0
"F[0,1]((Triglyc >= 171.000 & Pt_FatherT1D >= 28.000) -> AutonomicNeuroCl >= 28.000)
",0.000,0.000,0.000,0.000,1.000,0,0,0,1,1,0,0,1,0.0,0,0,0.0,0.0,1.0
"F[1,1](Pt_A1cGoalLevelDsYr5 >= 6.000 -> BGTestAvgNumPtRep >= 0.000)
",0.000,0.000,0.000,0.000,1.000,0,0,0,1,1,0,0,1,0.0,0,0,0.0,0.0,1.0
"F[0,2](UnitsInsBasalOrLongAct <= 4.000 -> HbA1cImputeDtMnC <= 4.000)
",0.000,0.000,0.000,0.000,1.000,0,0,0,1,1,0,0,1,0.0,0,0,0.0,0.0,1.0
"F[0,1](BGTestAvgNumMeter >= 37.000 & bmiZscore <= 0.918)
",0.000,0.000,0.000,0.000,1.000,0,0,0,1,1,0,0,1,0.0,0,0,0.0,0.0,1.0
"F[0,2]((BUN >= 58.000 & Pt_SHFlg <= 0.000) & Triglyc <= 0.000)
",0.000,0.000,0.000,0.000,1.000,0,0,0,1,1,0,0,1,0.0,0,0,0.0,0.0,1.0
"F[1,2]((BldPrDia <= 117.000 | bmiZscore <= 0.918) & AlbCreatRat_mggNew <= 0.918)
",0.000,0.000,0.000,0.000,1.000,0,0,0,1,1,0,0,1,0.0,0,0,0.0,0.0,1.0
"F[0,2](((HDL <= 104.000 & BUN >= 58.000) & DirectLDL <= 58.000) | AlbCreatRat_mggNew >= 58.000)
",0.000,0.000,0.000,0.000,1.000,0,0,0,1,1,0,0,1,0.0,0,0,0.0,0.0,1.0
"F[1,2](((Pt_A1cGoalLevelDsYr5 <= 6.000 | diabDur <= 20.000) & age <= 20.000) | TSH >= 20.000)
",0.000,0.000,0.000,0.000,1.000,0,0,0,1,1,0,0,1,0.0,0,0,0.0,0.0,1.0
"((NumPumpBolusOrShortAct >= 0.000) U[0,2] (HbA1c <= 0.860))
",0.000,0.000,0.000,0.000,1.000,0,0,0,1,1,0,0,1,0.0,0,0,0.0,0.0,1.0
"F[0,2]((Pt_GrandchildT1D >= 0.000 -> LDL <= 1.055) -> HeightCm >= 1.055)
",0.000,0.000,0.000,0.000,1.000,0,0,0,1,1,0,0,1,0.0,0,0,0.0,0.0,1.0
"F[0,2](bmi >= 0.000 -> TotalDailyInsPerKg >= 16.000)
",0.000,0.000,0.000,0.000,1.000,0,0,0,1,1,0,0,1,0.0,0,0,0.0,0.0,1.0
"F[1,2](((Pt_InsGov >= 0.000 -> NumPumpBolusOrShortAct <= 0.000) | AutonomicNeuroCl <= 0.000) | Pt_CGMUseNumDays >= 0.000)
",0.000,0.000,0.000,0.000,1.000,0,0,0,1,1,0,0,1,0.0,0,0,0.0,0.0,1.0
"F[0,2](Pt_DKAFlg <= 0.000 | BldPrDia >= 117.000)
",0.000,0.000,0.000,0.000,1.000,0,0,0,1,1,0,0,1,0.0,0,0,0.0,0.0,1.0
"F[1,2]((TSH <= 0.000 & TSH >= 0.000) | Triglyc >= 0.000)
",0.000,0.000,0.000,0.000,1.000,0,0,0,1,1,0,0,1,0.0,0,0,0.0,0.0,1.0
"F[0,2](((bmi <= 0.000 | diabDur >= 20.000) -> Pt_SiblingT1D >= 20.000) -> Pt_GrandchildT1D <= 20.000)
",0.000,0.000,0.000,0.000,1.000,0,0,0,1,1,0,0,1,0.0,0,0,0.0,0.0,1.0
"F[0,1](BUN <= 58.000 -> bmi <= 0.000)
",0.000,0.000,0.000,0.000,1.000,0,0,0,1,1,0,0,1,0.0,0,0,0.0,0.0,1.0
"F[0,1](((Pt_FatherT1D >= 28.000 & NumPumpBolusOrShortAct <= 0.000) | Pt_GrandparentT1D <= 0.000) & GFR >= 0.000)
",0.000,0.000,0.000,0.000,1.000,0,0,0,1,1,0,0,1,0.0,0,0,0.0,0.0,1.0
"F[0,2]((AlbCreatRat_mggNew >= 13.000 -> UnitsInsBasalOrLongAct <= 4.000) | HDL >= 4.000)
",0.000,0.000,0.000,0.000,1.000,0,0,0,1,1,0,0,1,0.0,0,0,0.0,0.0,1.0
"F[0,1](Pt_DKAFlg <= 0.000 -> SMBGperDayPtMeterCombo >= 75.000)
",0.000,0.000,0.000,0.000,1.000,0,0,0,1,1,0,0,1,0.0,0,0,0.0,0.0,1.0
"F[1,1](((TotalDailyInsPerKg <= 16.000 -> HeightCm >= 84.368) & bmiZscore >= 84.368) | Triglyc >= 84.368)
",0.000,0.000,0.000,0.000,1.000,0,0,0,1,1,0,0,1,0.0,0,0,0.0,0.0,1.0
"F[0,2](((TotalDailyInsPerKg <= 16.000 -> BGTestAvgNumMeter >= 37.000) & Pt_A1cGoalLevelDsYr5 <= 37.000) -> WeightKg <= 37.000)
",0.000,0.000,0.000,0.000,1.000,0,0,0,1,1,0,0,1,0.0,0,0,0.0,0.0,1.0
"F[0,2]((Pt_DKAFlg <= 0.000 -> DirectLDL <= 170.180) -> diabDur >= 170.180)
",0.000,0.000,0.000,0.000,1.000,0,0,0,1,1,0,0,1,0.0,0,0,0.0,0.0,1.0
"F[1,2](((BUN <= 58.000 & Pt_A1cGoalLevelDsYr5 <= 6.000) | age >= 6.000) | age <= 6.000)
",0.000,0.000,0.000,0.000,1.000,0,0,0,1,1,0,0,1,0.0,0,0,0.0,0.0,1.0
"F[1,1](((BldPrSys >= 0.000 | age >= 0.000) & TotChol >= 0.000) -> Pt_GrandchildT1D <= 0.000)
",0.000,0.000,0.000,0.000,1.000,0,0,0,1,1,0,0,1,0.0,0,0,0.0,0.0,1.0
"F[0,2](Pt_SHFlg <= 0.000 | Pt_MotherT1D <= 0.000)
",0.000,0.000,0.000,0.000,1.000,0,0,0,1,1,0,0,1,0.0,0,0,0.0,0.0,1.0
"F[0,2]((Pt_FatherT1D <= 28.000 -> Triglyc <= 171.000) -> bmiZscore <= 171.000)
",0.000,0.000,0.000,0.000,1.000,0,0,0,1,1,0,0,1,0.0,0,0,0.0,0.0,1.0
"F[1,1]((BldPrSys <= 0.000 | WeightKg <= 0.000) -> TSH >= 0.000)
",0.000,0.000,0.000,0.000,1.000,0,0,0,1,1,0,0,1,0.0,0,0,0.0,0.0,1.0
"((Pt_InsGov >= 0.000) U[1,2] (bmiZscore >= 0.918))
",0.000,0.000,0.000,0.000,1.000,0,0,0,1,1,0,0,1,0.0,0,0,0.0,0.0,1.0
"F[0,1]((BldPrSys <= 0.000 & Pt_FatherT1D >= 28.000) -> SMBGperDayPtMeterCombo >= 28.000)
",0.000,0.000,0.000,0.000,1.000,0,0,0,1,1,0,0,1,0.0,0,0,0.0,0.0,1.0
"F[0,2]((HbA1cImputeDtMnC >= 4.000 -> AlbCreatRat_mggNew >= 13.000) & AlbCreatRat_mggNew >= 13.000)
",0.000,0.000,0.000,0.000,1.000,0,0,0,1,1,0,0,1,0.0,0,0,0.0,0.0,1.0
"F[1,1](((BldPrSys >= 0.000 -> Pt_SiblingT1D <= 0.000) & HbA1c >= 0.000) -> diabDur <= 0.000)
",0.000,0.000,0.000,0.000,1.000,0,0,0,1,1,0,0,1,0.0,0,0,0.0,0.0,1.0
"F[1,2](((BldPrSys >= 0.000 -> NumPumpBolusOrShortAct >= 0.000) | BldPrDia <= 0.000) | NumPumpBolusOrShortAct <= 0.000)
",0.000,0.000,0.000,0.000,1.000,0,0,0,1,1,0,0,1,0.0,0,0,0.0,0.0,1.0
"F[0,1]((TotChol >= 55.000 | Pt_SHFlg >= 0.000) & BGTestAvgNumPtRep <= 0.000)
",0.000,0.000,0.000,0.000,1.000,0,0,0,1,1,0,0,1,0.0,0,0,0.0,0.0,1.0
"((HbA1c <= 0.860) U[0,2] (Pt_DKAFlg >= 0.000))
",0.000,0.000,0.000,0.000,1.000,0,0,0,1,1,0,0,1,0.0,0,0,0.0,0.0,1.0
"F[0,1](Pt_SiblingT1D >= 0.000 | DirectLDL >= 170.180)
",0.000,0.000,0.000,0.000,1.000,0,0,0,1,1,0,0,1,0.0,0,0,0.0,0.0,1.0
"F[0,0]((LDL <= 1.055 & HDL >= 104.000) | HDL <= 104.000)
",0.000,0.000,0.000,0.000,1.000,0,0,0,1,1,0,0,1,0.0,0,0,0.0,0.0,1.0
"F[1,1](((LDL <= 1.055 & Pt_FatherT1D >= 28.000) | Pt_A1cGoalLev >= 28.000) | LDL <= 28.000)
",0.000,0.000,0.000,0.000,1.000,0,0,0,1,1,0,0,1,0.0,0,0,0.0,0.0,1.0
"F[2,2]((BUN <= 58.000 | BGTestAvgNumMeter >= 37.000) & Pt_MotherT1D >= 37.000)
",0.000,0.000,0.000,0.000,1.000,0,0,0,1,1,0,0,1,0.0,0,0,0.0,0.0,1.0
"F[1,2](((bmiPerc <= 29.131 & GFR >= 0.314) & Pt_MotherT1D >= 0.314) & TotChol <= 0.314)
",0.000,0.000,0.000,0.000,1.000,0,0,0,1,1,0,0,1,0.0,0,0,0.0,0.0,1.0
"F[0,2](((HDL <= 104.000 & diagAgeCombo <= 0.000) | bmi <= 0.000) & AlbCreatRat_mggNew <= 0.000)
",0.000,0.000,0.000,0.000,1.000,0,0,0,1,1,0,0,1,0.0,0,0,0.0,0.0,1.0
"F[1,2](((Pt_ChildT1D <= 0.000 | bmi >= 0.000) -> Pt_GrandparentT1D >= 0.000) -> Pt_CGMUseNumDays >= 0.000)
",0.000,0.000,0.000,0.000,1.000,0,0,0,1,1,0,0,1,0.0,0,0,0.0,0.0,1.0
"F[1,2](((TSH <= 0.000 | diagAgeCombo >= 0.000) -> HeightCm >= 0.000) | TotalDailyInsPerKg <= 0.000)
",0.000,0.000,0.000,0.000,1.000,0,0,0,1,1,0,0,1,0.0,0,0,0.0,0.0,1.0
"F[0,1](HbA1c <= 0.860 | NumPumpBolusOrShortAct <= 0.000)
",0.000,0.000,0.000,0.000,1.000,0,0,0,1,1,0,0,1,0.0,0,0,0.0,0.0,1.0
"F[1,1]((GFR <= 0.314 | AlbCreatRat_mggNew >= 13.000) & GFR >= 13.000)
",0.000,0.000,0.000,0.000,1.000,0,0,0,1,1,0,0,1,0.0,0,0,0.0,0.0,1.0
"F[2,2](((Pt_A1cGoalLevelDsYr5 <= 6.000 & AlbCreatRat_mggNew <= 13.000) | Pt_ChildT1D <= 13.000) & Pt_GrandchildT1D >= 13.000)
",0.000,0.000,0.000,0.000,1.000,0,0,0,1,1,0,0,1,0.0,0,0,0.0,0.0,1.0
"F[1,2]((AutonomicNeuroCl >= 4.900 | HbA1c <= 0.860) & Pt_A1cGoalLevelDsYr5 <= 0.860)
",0.000,0.000,0.000,0.000,1.000,0,0,0,1,1,0,0,1,0.0,0,0,0.0,0.0,1.0
"F[2,2](((Pt_SHFlg <= 0.000 -> age <= 0.000) | Pt_A1cGoalLev <= 0.000) & Pt_MotherT1D >= 0.000)
",0.000,0.000,0.000,0.000,1.000,0,0,0,1,1,0,0,1,0.0,0,0,0.0,0.0,1.0
"F[1,2](BldPrSys <= 0.000 -> Pt_CGMUseNumDays <= 102708.000)
",0.000,0.000,0.000,0.000,1.000,0,0,0,1,1,0,0,1,0.0,0,0,0.0,0.0,1.0
"F[0,0]((HbA1cImputeDtMnC <= 4.000 & Pt_InsGov <= 0.000) -> NumPumpBolusOrShortAct >= 0.000)
",0.000,0.000,0.000,0.000,1.000,0,0,0,1,1,0,0,1,0.0,0,0,0.0,0.0,1.0
"F[0,2]((BUN >= 58.000 | BldPrDia >= 117.000) & Pt_SHFlg >= 117.000)
",0.000,0.000,0.000,0.000,1.000,0,0,0,1,1,0,0,1,0.0,0,0,0.0,0.0,1.0
"((TSH >= 0.000) U[1,2] (Pt_SiblingT1D <= 0.000))
",0.000,0.000,0.000,0.000,1.000,0,0,0,1,1,0,0,1,0.0,0,0,0.0,0.0,1.0
