Rule,Discrimination Score,Pos Robustness,Neg Robustness,Percent Class +,Percent Class -,TP,TN,FP,FN,Actual Yes,Actual No,Predicted Yes,Predicted No,TPR/Sens,TNR/Spec,FPR,Precision,Accuracy,MCR
"G[0,0]((Pt_SHFlg >= 0.000 & TotalDailyInsPerKg <= 1.000) | TotalDailyInsPerKg >= 1.000)
",0.000,0.000,0.000,1.000,0.000,1,0,0,0,1,0,1,0,1.0,0.0,0.0,1.0,2.0,-1.0
"G[0,0]((Pt_ChildT1D >= 0.000 -> Pt_CGMUseNumDays <= 102910.000) -> Pt_MotherT1D <= 102910.000)
",0.000,0.000,0.000,1.000,0.000,1,0,0,0,1,0,1,0,1.0,0.0,0.0,1.0,2.0,-1.0
"G[0,0](bmiZscore <= 0.683 | BGTestAvgNumPtRep >= 0.000)
",0.000,0.000,0.000,1.000,0.000,1,0,0,0,1,0,1,0,1.0,0.0,0.0,1.0,2.0,-1.0
"G[0,0](BldPrSys >= 0.000 & Pt_SHFlg = 0.000)
",0.000,0.000,0.000,1.000,0.000,1,0,0,0,1,0,1,0,1.0,0.0,0.0,1.0,2.0,-1.0
"G[0,0](HbA1cImputeDtMnC >= 0.000 | TSH >= 0.000)
",0.000,0.000,0.000,1.000,0.000,1,0,0,0,1,0,1,0,1.0,0.0,0.0,1.0,2.0,-1.0
"G[0,0]((TotalDailyInsPerKg >= 1.000 | Pt_SiblingT1D <= 0.000) | Pt_A1cGoalLevelDsYr5 >= 0.000)
",0.000,0.000,0.000,1.000,0.000,1,0,0,0,1,0,1,0,1.0,0.0,0.0,1.0,2.0,-1.0
"G[0,0]((Triglyc <= 0.000 & SMBGperDayPtMeterCombo >= 80.000) | bmiZscore <= 80.000)
",0.000,0.000,0.000,1.000,0.000,1,0,0,0,1,0,1,0,1.0,0.0,0.0,1.0,2.0,-1.0
"G[0,0]((Pt_GrandchildT1D <= 0.000 | Pt_A1cGoalLevelDsYr5 >= 0.000) & HbA1c >= 0.000)
",0.000,0.000,0.000,1.000,0.000,1,0,0,0,1,0,1,0,1.0,0.0,0.0,1.0,2.0,-1.0
"G[0,0](AlbCreatRat_mggNew <= 0.000 -> HDL >= 0.000)
",0.000,0.000,0.000,1.000,0.000,1,0,0,0,1,0,1,0,1.0,0.0,0.0,1.0,2.0,-1.0
"G[0,0](BUN >= 0.000 -> bmiPerc <= 22.551)
",0.000,0.000,0.000,1.000,0.000,1,0,0,0,1,0,1,0,1.0,0.0,0.0,1.0,2.0,-1.0
"G[0,0](GFR <= 0.477 -> BUN >= 0.000)
",0.000,0.000,0.000,1.000,0.000,1,0,0,0,1,0,1,0,1.0,0.0,0.0,1.0,2.0,-1.0
"G[0,0]((HDL >= 0.000 & Pt_InsGov <= 0.000) & HbA1cImputeDtMnC <= 0.000)
",0.000,0.000,0.000,1.000,0.000,1,0,0,0,1,0,1,0,1.0,0.0,0.0,1.0,2.0,-1.0
"G[0,0](((Pt_ChildT1D <= 0.000 & LDL >= 0.000) | Pt_MotherT1D <= 0.000) | diagAgeCombo <= 0.000)
",0.000,0.000,0.000,1.000,0.000,1,0,0,0,1,0,1,0,1.0,0.0,0.0,1.0,2.0,-1.0
"G[0,0](AlbCreatRat_mggNew <= 0.000 | bmi >= 0.000)
",0.000,0.000,0.000,1.000,0.000,1,0,0,0,1,0,1,0,1.0,0.0,0.0,1.0,2.0,-1.0
"G[0,0]((Pt_GrandchildT1D >= 0.000 | LDL >= 0.000) & bmiPerc >= 0.000)
",0.000,0.000,0.000,1.000,0.000,1,0,0,0,1,0,1,0,1.0,0.0,0.0,1.0,2.0,-1.0
"G[0,0](((bmi <= 0.000 -> HbA1c <= 0.000) -> bmiPerc >= 0.000) -> BGTestAvgNumPtRep <= 0.000)
",0.000,0.000,0.000,1.000,0.000,1,0,0,0,1,0,1,0,1.0,0.0,0.0,1.0,2.0,-1.0
"G[0,0]((Pt_SHFlg >= 0.000 | Pt_A1cGoalLev <= 15.000) & Pt_SiblingT1D <= 15.000)
",0.000,0.000,0.000,1.000,0.000,1,0,0,0,1,0,1,0,1.0,0.0,0.0,1.0,2.0,-1.0
"G[0,0](((Pt_GrandchildT1D >= 0.000 -> Pt_DKAFlg <= 0.000) -> Pt_SHFlg >= 0.000) & Triglyc >= 0.000)
",0.000,0.000,0.000,1.000,0.000,1,0,0,0,1,0,1,0,1.0,0.0,0.0,1.0,2.0,-1.0
"G[0,0](((BGTestAvgNumMeter >= 0.000 & TotChol >= 0.000) | Triglyc >= 0.000) -> Pt_A1cGoalLev <= 0.000)
",0.000,0.000,0.000,1.000,0.000,1,0,0,0,1,0,1,0,1.0,0.0,0.0,1.0,2.0,-1.0
"G[0,0]((BldPrDia <= 107.000 & DirectLDL <= 166.000) | TotChol <= 166.000)
",0.000,0.000,0.000,1.000,0.000,1,0,0,0,1,0,1,0,1.0,0.0,0.0,1.0,2.0,-1.0
"G[0,0](((UnitsInsBasalOrLongAct <= 0.000 | WeightKg <= 0.000) | BUN <= 0.000) & Pt_DKAFlg >= 0.000)
",0.000,0.000,0.000,1.000,0.000,1,0,0,0,1,0,1,0,1.0,0.0,0.0,1.0,2.0,-1.0
"G[0,0]((WeightKg >= 0.000 | bmi >= 0.000) -> UnitsInsBasalOrLongAct <= 0.000)
",0.000,0.000,0.000,1.000,0.000,1,0,0,0,1,0,1,0,1.0,0.0,0.0,1.0,2.0,-1.0
"G[0,0](((HDL >= 0.000 | Pt_MotherT1D >= 0.000) & bmiPerc >= 0.000) -> Pt_GrandchildT1D >= 0.000)
",0.000,0.000,0.000,1.000,0.000,1,0,0,0,1,0,1,0,1.0,0.0,0.0,1.0,2.0,-1.0
"G[0,2]((HbA1c <= 0.000 | BldPrSys >= 0.000) & Pt_GrandchildT1D <= 0.000)
",0.000,0.000,0.000,1.000,0.000,0,0,1,0,0,1,1,0,0.0,0.0,1.0,0.0,0.0,1.0
"G[2,2](((Pt_FatherT1D >= 0.000 | Pt_SHFlg <= 0.000) & Pt_FatherT1D >= 0.000) -> Pt_GrandchildT1D >= 0.000)
",0.000,0.000,0.000,1.000,0.000,0,0,1,0,0,1,1,0,0.0,0.0,1.0,0.0,0.0,1.0
"G[1,1](TSH >= 0.000 -> Pt_SHFlg <= 0.000)
",0.000,0.000,0.000,1.000,0.000,0,0,1,0,0,1,1,0,0.0,0.0,1.0,0.0,0.0,1.0
"G[0,2](((BldPrSys <= 0.000 | Pt_MotherT1D >= 0.000) & NumPumpBolusOrShortAct >= 0.000) | AlbCreatRat_mggNew >= 0.000)
",0.000,0.000,0.000,1.000,0.000,0,0,1,0,0,1,1,0,0.0,0.0,1.0,0.0,0.0,1.0
"G[0,1](((AlbCreatRat_mggNew >= 0.000 -> Pt_A1cGoalLevelDsYr5 >= 0.000) -> Pt_InsGov <= 0.000) & BldPrDia >= 0.000)
",0.000,0.000,0.000,1.000,0.000,0,0,1,0,0,1,1,0,0.0,0.0,1.0,0.0,0.0,1.0
"G[1,2]((BGTestAvgNumMeter <= 0.000 | Pt_GrandparentT1D >= 0.000) -> AlbCreatRat_mggNew <= 0.000)
",0.000,0.000,0.000,1.000,0.000,0,0,1,0,0,1,1,0,0.0,0.0,1.0,0.0,0.0,1.0
"G[1,2](AlbCreatRat_mggNew >= 0.000 & NumPumpBolusOrShortAct >= 0.000)
",0.000,0.000,0.000,1.000,0.000,0,0,1,0,0,1,1,0,0.0,0.0,1.0,0.0,0.0,1.0
"G[1,2](Pt_GrandparentT1D <= 0.000 -> BUN <= 0.000)
",0.000,0.000,0.000,1.000,0.000,0,0,1,0,0,1,1,0,0.0,0.0,1.0,0.0,0.0,1.0
"G[0,2](AutonomicNeuroCl >= 5.400 -> Pt_GrandparentT1D >= 0.000)
",0.000,0.000,0.000,1.000,0.000,0,0,1,0,0,1,1,0,0.0,0.0,1.0,0.0,0.0,1.0
"G[1,2](((diabDur <= 17.000 -> Triglyc >= 0.000) | GFR <= 0.000) & GFR >= 0.000)
",0.000,0.000,0.000,1.000,0.000,0,0,1,0,0,1,1,0,0.0,0.0,1.0,0.0,0.0,1.0
"G[0,2]((Pt_CGMUseNumDays >= 102910.000 | UnitsInsBasalOrLongAct <= 0.000) & BGTestAvgNumMeter >= 0.000)
",0.000,0.000,0.000,1.000,0.000,0,0,1,0,0,1,1,0,0.0,0.0,1.0,0.0,0.0,1.0
"G[0,1]((Pt_SiblingT1D >= 0.000 -> bmiPerc >= 22.551) -> Pt_A1cGoalLev >= 22.551)
",0.000,0.000,0.000,1.000,0.000,0,0,1,0,0,1,1,0,0.0,0.0,1.0,0.0,0.0,1.0
"G[1,2](((HbA1cImputeDtMnC <= 0.000 & BGTestAvgNumMeter <= 0.000) & Pt_A1cGoalLev >= 0.000) -> Pt_DKAFlg <= 0.000)
",0.000,0.000,0.000,1.000,0.000,0,0,1,0,0,1,1,0,0.0,0.0,1.0,0.0,0.0,1.0
"G[0,2](((TotChol <= 0.000 -> bmiZscore <= 0.683) -> BGTestAvgNumPtRep <= 0.683) -> Triglyc <= 0.683)
",0.000,0.000,0.000,1.000,0.000,0,0,1,0,0,1,1,0,0.0,0.0,1.0,0.0,0.0,1.0
"G[0,1]((Pt_A1cGoalLev >= 15.000 & Pt_CGMUseNumDays <= 102910.000) -> Pt_CGMUseNumDays >= 102910.000)
",0.000,0.000,0.000,1.000,0.000,0,0,1,0,0,1,1,0,0.0,0.0,1.0,0.0,0.0,1.0
"G[0,1](((BUN <= 0.000 -> Pt_A1cGoalLev <= 15.000) | Pt_GrandchildT1D <= 15.000) & Pt_FatherT1D >= 15.000)
",0.000,0.000,0.000,1.000,0.000,0,0,0,1,1,0,0,1,0.0,0.0,0.0,0.0,0.0,1.0
"G[0,2](((BldPrDia >= 107.000 -> bmiZscore <= 0.683) -> Pt_SiblingT1D >= 0.683) & BldPrSys <= 0.683)
",0.000,0.000,0.000,1.000,0.000,0,0,0,1,1,0,0,1,0.0,0.0,0.0,0.0,0.0,1.0
"G[2,2](SMBGperDayPtMeterCombo >= 80.000 & BGTestAvgNumPtRep >= 0.000)
",0.000,0.000,0.000,1.000,0.000,0,0,1,0,0,1,1,0,0.0,0.0,1.0,0.0,0.0,1.0
"G[1,2](((Pt_GrandchildT1D >= 0.000 | Pt_SHFlg >= 0.000) -> Pt_A1cGoalLevelDsYr5 <= 0.000) | Pt_InsGov >= 0.000)
",0.000,0.000,0.000,1.000,0.000,0,0,1,0,0,1,1,0,0.0,0.0,1.0,0.0,0.0,1.0
"G[0,2](((diabDur <= 17.000 -> HeightCm <= 62.142) & UnitsInsBasalOrLongAct <= 62.142) -> Pt_InsGov <= 62.142)
",0.000,0.000,0.000,1.000,0.000,0,0,1,0,0,1,1,0,0.0,0.0,1.0,0.0,0.0,1.0
"G[1,2]((Pt_MotherT1D <= 0.000 -> BGTestAvgNumPtRep >= 0.000) -> TSH <= 0.000)
",0.000,0.000,0.000,1.000,0.000,0,0,1,0,0,1,1,0,0.0,0.0,1.0,0.0,0.0,1.0
"G[0,1](((bmiPerc <= 22.551 & AlbCreatRat_mggNew >= 0.000) & UnitsInsBasalOrLongAct >= 0.000) & BGTestAvgNumMeter <= 0.000)
",0.000,0.000,0.000,1.000,0.000,0,0,1,0,0,1,1,0,0.0,0.0,1.0,0.0,0.0,1.0
"G[0,2](SMBGperDayPtMeterCombo >= 80.000 -> Pt_GrandchildT1D >= 0.000)
",0.000,0.000,0.000,1.000,0.000,0,0,1,0,0,1,1,0,0.0,0.0,1.0,0.0,0.0,1.0
"G[0,2](((HeightCm <= 62.142 | BUN <= 0.000) -> AlbCreatRat_mggNew <= 0.000) | Pt_MotherT1D <= 0.000)
",0.000,0.000,0.000,1.000,0.000,0,0,1,0,0,1,1,0,0.0,0.0,1.0,0.0,0.0,1.0
"G[1,2]((Pt_GrandchildT1D >= 0.000 & bmiPerc <= 22.551) & DirectLDL <= 22.551)
",0.000,0.000,0.000,1.000,0.000,0,0,1,0,0,1,1,0,0.0,0.0,1.0,0.0,0.0,1.0
"G[0,2](LDL >= 0.000 | AlbCreatRat_mggNew <= 0.000)
",0.000,0.000,0.000,1.000,0.000,0,0,1,0,0,1,1,0,0.0,0.0,1.0,0.0,0.0,1.0
"G[1,2](((diabDur >= 17.000 & BldPrSys <= 0.000) | NumPumpBolusOrShortAct <= 0.000) | Pt_A1cGoalLevelDsYr5 <= 0.000)
",0.000,0.000,0.000,1.000,0.000,0,0,1,0,0,1,1,0,0.0,0.0,1.0,0.0,0.0,1.0
"G[0,2](SMBGperDayPtMeterCombo >= 80.000 | AlbCreatRat_mggNew <= 0.000)
",0.000,0.000,0.000,1.000,0.000,0,0,1,0,0,1,1,0,0.0,0.0,1.0,0.0,0.0,1.0
"G[1,2](((Pt_SHFlg >= 0.000 & LDL >= 0.000) | Pt_MotherT1D <= 0.000) -> WeightKg >= 0.000)
",0.000,0.000,0.000,1.000,0.000,0,0,1,0,0,1,1,0,0.0,0.0,1.0,0.0,0.0,1.0
"G[1,1](((NumPumpBolusOrShortAct <= 0.000 -> bmiZscore >= 0.683) | SMBGperDayPtMeterCombo >= 0.683) -> DirectLDL <= 0.683)
",0.000,0.000,0.000,1.000,0.000,0,0,1,0,0,1,1,0,0.0,0.0,1.0,0.0,0.0,1.0
"G[1,1]((Pt_A1cGoalLev <= 15.000 | Pt_MotherT1D <= 0.000) | HDL >= 0.000)
",0.000,0.000,0.000,1.000,0.000,0,0,1,0,0,1,1,0,0.0,0.0,1.0,0.0,0.0,1.0
"G[0,2]((bmiPerc >= 22.551 & age >= 0.000) | Triglyc >= 0.000)
",0.000,0.000,0.000,1.000,0.000,0,0,1,0,0,1,1,0,0.0,0.0,1.0,0.0,0.0,1.0
"G[0,1]((bmi <= 0.000 -> TSH <= 0.000) -> bmi <= 0.000)
",0.000,0.000,0.000,1.000,0.000,0,0,0,1,1,0,0,1,0.0,0.0,0.0,0.0,0.0,1.0
"G[1,1](((Pt_A1cGoalLev <= 15.000 | Pt_CGMUseNumDays >= 102910.000) -> LDL >= 102910.000) & GFR >= 102910.000)
",0.000,0.000,0.000,1.000,0.000,0,0,1,0,0,1,1,0,0.0,0.0,1.0,0.0,0.0,1.0
"G[0,1](BGTestAvgNumMeter <= 0.000 | BUN >= 0.000)
",0.000,0.000,0.000,1.000,0.000,0,0,1,0,0,1,1,0,0.0,0.0,1.0,0.0,0.0,1.0
"G[0,1](((AlbCreatRat_mggNew >= 0.000 | HbA1cImputeDtMnC <= 0.000) & AlbCreatRat_mggNew <= 0.000) -> Pt_MotherT1D <= 0.000)
",0.000,0.000,0.000,1.000,0.000,0,0,1,0,0,1,1,0,0.0,0.0,1.0,0.0,0.0,1.0
"G[1,2](((HeightCm <= 62.142 -> SMBGperDayPtMeterCombo <= 80.000) | Pt_ChildT1D >= 80.000) | NumPumpBolusOrShortAct <= 80.000)
",0.000,0.000,0.000,1.000,0.000,0,0,1,0,0,1,1,0,0.0,0.0,1.0,0.0,0.0,1.0
"G[1,1](Pt_MotherT1D <= 0.000 -> HbA1cImputeDtMnC >= 0.000)
",0.000,0.000,0.000,1.000,0.000,0,0,1,0,0,1,1,0,0.0,0.0,1.0,0.0,0.0,1.0
"G[2,2](((Pt_GrandchildT1D >= 0.000 | NumPumpBolusOrShortAct >= 0.000) & WeightKg <= 0.000) & HbA1cImputeDtMnC <= 0.000)
",0.000,0.000,0.000,1.000,0.000,0,0,1,0,0,1,1,0,0.0,0.0,1.0,0.0,0.0,1.0
"G[2,2](((bmi >= 0.000 | bmi <= 0.000) | bmiPerc <= 0.000) | TotChol >= 0.000)
",0.000,0.000,0.000,1.000,0.000,0,0,1,0,0,1,1,0,0.0,0.0,1.0,0.0,0.0,1.0
"G[1,2](((Pt_InsGov >= 0.000 & HDL <= 0.000) & Pt_DKAFlg <= 0.000) -> BGTestAvgNumPtRep >= 0.000)
",0.000,0.000,0.000,1.000,0.000,0,0,1,0,0,1,1,0,0.0,0.0,1.0,0.0,0.0,1.0
"G[0,2](((Pt_SHFlg >= 0.000 & LDL <= 0.000) & HeightCm <= 0.000) & WeightKg <= 0.000)
",0.000,0.000,0.000,1.000,0.000,0,0,0,1,1,0,0,1,0.0,0.0,0.0,0.0,0.0,1.0
"G[0,1]((AlbCreatRat_mggNew <= 0.000 & Pt_InsGov >= 0.000) | HDL <= 0.000)
",0.000,0.000,0.000,1.000,0.000,0,0,1,0,0,1,1,0,0.0,0.0,1.0,0.0,0.0,1.0
"G[1,2](BGTestAvgNumPtRep <= 0.000 | Pt_GrandparentT1D >= 0.000)
",0.000,0.000,0.000,1.000,0.000,0,0,1,0,0,1,1,0,0.0,0.0,1.0,0.0,0.0,1.0
"G[0,1]((AutonomicNeuroCl <= 5.400 -> BUN >= 0.000) & HbA1c <= 0.000)
",0.000,0.000,0.000,1.000,0.000,0,0,0,1,1,0,0,1,0.0,0.0,0.0,0.0,0.0,1.0
"G[1,2]((DirectLDL >= 166.000 | Pt_FatherT1D <= 0.000) | HbA1cImputeDtMnC >= 0.000)
",0.000,0.000,0.000,1.000,0.000,0,0,1,0,0,1,1,0,0.0,0.0,1.0,0.0,0.0,1.0
"G[1,2]((Pt_FatherT1D <= 0.000 & DirectLDL >= 166.000) & Pt_MotherT1D <= 166.000)
",0.000,0.000,0.000,1.000,0.000,0,0,1,0,0,1,1,0,0.0,0.0,1.0,0.0,0.0,1.0
"G[0,2]((Pt_SHFlg <= 0.000 -> TotalDailyInsPerKg >= 1.000) & HbA1c <= 1.000)
",0.000,0.000,0.000,1.000,0.000,0,0,0,1,1,0,0,1,0.0,0.0,0.0,0.0,0.0,1.0
"G[2,2](((TotChol >= 0.000 -> Pt_ChildT1D >= 0.000) & Pt_InsGov <= 0.000) -> Pt_InsGov >= 0.000)
",0.000,0.000,0.000,1.000,0.000,0,0,1,0,0,1,1,0,0.0,0.0,1.0,0.0,0.0,1.0
"G[2,2](diabDur >= 17.000 -> diagAgeCombo <= 0.000)
",0.000,0.000,0.000,1.000,0.000,0,0,1,0,0,1,1,0,0.0,0.0,1.0,0.0,0.0,1.0
"G[1,2]((Pt_SHFlg <= 0.000 & TotalDailyInsPerKg <= 1.000) -> HDL >= 1.000)
",0.000,0.000,0.000,1.000,0.000,0,0,1,0,0,1,1,0,0.0,0.0,1.0,0.0,0.0,1.0
"G[1,2]((WeightKg >= 0.000 | HeightCm <= 62.142) -> Pt_ChildT1D <= 62.142)
",0.000,0.000,0.000,1.000,0.000,0,0,1,0,0,1,1,0,0.0,0.0,1.0,0.0,0.0,1.0
"G[2,2](((age <= 0.000 | AlbCreatRat_mggNew <= 0.000) & Pt_FatherT1D >= 0.000) -> BGTestAvgNumMeter <= 0.000)
",0.000,0.000,0.000,1.000,0.000,0,0,1,0,0,1,1,0,0.0,0.0,1.0,0.0,0.0,1.0
"G[1,2]((Pt_SiblingT1D <= 0.000 -> BldPrSys <= 0.000) -> HbA1cImputeDtMnC <= 0.000)
",0.000,0.000,0.000,1.000,0.000,0,0,1,0,0,1,1,0,0.0,0.0,1.0,0.0,0.0,1.0
"G[2,2]((UnitsInsBasalOrLongAct <= 0.000 -> Pt_A1cGoalLev >= 15.000) | age >= 15.000)
",0.000,0.000,0.000,1.000,0.000,0,0,1,0,0,1,1,0,0.0,0.0,1.0,0.0,0.0,1.0
"G[1,2]((Pt_A1cGoalLevelDsYr5 >= 0.000 -> WeightKg <= 0.000) -> HbA1cImputeDtMnC >= 0.000)
",0.000,0.000,0.000,1.000,0.000,0,0,1,0,0,1,1,0,0.0,0.0,1.0,0.0,0.0,1.0
"G[1,1](Pt_FatherT1D >= 0.000 & Pt_A1cGoalLev >= 15.000)
",0.000,0.000,0.000,1.000,0.000,0,0,1,0,0,1,1,0,0.0,0.0,1.0,0.0,0.0,1.0
"G[1,2]((diagAgeCombo >= 0.000 -> HeightCm >= 62.142) | SMBGperDayPtMeterCombo <= 62.142)
",0.000,0.000,0.000,1.000,0.000,0,0,1,0,0,1,1,0,0.0,0.0,1.0,0.0,0.0,1.0
"G[1,2](age <= 0.000 & BGTestAvgNumMeter <= 0.000)
",0.000,0.000,0.000,1.000,0.000,0,0,1,0,0,1,1,0,0.0,0.0,1.0,0.0,0.0,1.0
"G[2,2]((AutonomicNeuroCl <= 5.400 -> Pt_InsGov >= 0.000) & Pt_SHFlg >= 0.000)
",0.000,0.000,0.000,1.000,0.000,0,0,1,0,0,1,1,0,0.0,0.0,1.0,0.0,0.0,1.0
"G[2,2](bmiPerc >= 22.551 -> Pt_GrandchildT1D <= 0.000)
",0.000,0.000,0.000,1.000,0.000,0,0,1,0,0,1,1,0,0.0,0.0,1.0,0.0,0.0,1.0
"G[0,1](TotalDailyInsPerKg <= 1.000 & BldPrDia <= 107.000)
",0.000,0.000,0.000,1.000,0.000,0,0,1,0,0,1,1,0,0.0,0.0,1.0,0.0,0.0,1.0
"G[1,1](((UnitsInsBasalOrLongAct >= 0.000 & BGTestAvgNumPtRep >= 0.000) & Pt_GrandparentT1D <= 0.000) -> Pt_A1cGoalLev >= 0.000)
",0.000,0.000,0.000,1.000,0.000,0,0,1,0,0,1,1,0,0.0,0.0,1.0,0.0,0.0,1.0
"G[2,2](((Pt_InsGov >= 0.000 -> diabDur >= 17.000) | Pt_SHFlg <= 17.000) | LDL >= 17.000)
",0.000,0.000,0.000,1.000,0.000,0,0,1,0,0,1,1,0,0.0,0.0,1.0,0.0,0.0,1.0
"G[1,1]((SMBGperDayPtMeterCombo <= 80.000 & BGTestAvgNumMeter >= 0.000) -> HDL <= 0.000)
",0.000,0.000,0.000,1.000,0.000,0,0,1,0,0,1,1,0,0.0,0.0,1.0,0.0,0.0,1.0
"G[0,0]((TotalDailyInsPerKg >= 1.000 | BldPrSys >= 0.000) & diabDur <= 0.000)
",0.000,0.000,0.000,1.000,0.000,0,0,0,1,1,0,0,1,0.0,0.0,0.0,0.0,0.0,1.0
"G[0,1](((diagAgeCombo >= 0.000 | Pt_A1cGoalLevelDsYr5 >= 0.000) -> bmiZscore >= 0.000) -> Pt_ChildT1D <= 0.000)
",0.000,0.000,0.000,1.000,0.000,0,0,1,0,0,1,1,0,0.0,0.0,1.0,0.0,0.0,1.0
"G[1,2](((UnitsInsBasalOrLongAct >= 0.000 -> BGTestAvgNumPtRep >= 0.000) | TSH <= 0.000) -> TSH >= 0.000)
",0.000,0.000,0.000,1.000,0.000,0,0,1,0,0,1,1,0,0.0,0.0,1.0,0.0,0.0,1.0
"G[1,2](((AlbCreatRat_mggNew >= 0.000 & BUN <= 0.000) & DirectLDL <= 0.000) | Pt_CGMUseNumDays <= 0.000)
",0.000,0.000,0.000,1.000,0.000,0,0,1,0,0,1,1,0,0.0,0.0,1.0,0.0,0.0,1.0
"G[0,2](Pt_GrandparentT1D >= 0.000 | BGTestAvgNumMeter >= 0.000)
",0.000,0.000,0.000,1.000,0.000,0,0,1,0,0,1,1,0,0.0,0.0,1.0,0.0,0.0,1.0
"G[1,1]((Pt_A1cGoalLev <= 15.000 & DirectLDL >= 166.000) -> Pt_ChildT1D <= 166.000)
",0.000,0.000,0.000,1.000,0.000,0,0,1,0,0,1,1,0,0.0,0.0,1.0,0.0,0.0,1.0
"G[2,2]((AlbCreatRat_mggNew <= 0.000 -> TotalDailyInsPerKg >= 1.000) -> Pt_DKAFlg <= 1.000)
",0.000,0.000,0.000,1.000,0.000,0,0,1,0,0,1,1,0,0.0,0.0,1.0,0.0,0.0,1.0
"G[1,2](Pt_DKAFlg <= 0.000 & WeightKg >= 0.000)
",0.000,0.000,0.000,1.000,0.000,0,0,1,0,0,1,1,0,0.0,0.0,1.0,0.0,0.0,1.0
"G[0,1](((BGTestAvgNumMeter <= 0.000 | HeightCm >= 62.142) -> diagAgeCombo <= 62.142) | BldPrDia >= 62.142)
",0.000,0.000,0.000,1.000,0.000,0,0,1,0,0,1,1,0,0.0,0.0,1.0,0.0,0.0,1.0
"G[0,2]((age <= 0.000 & BGTestAvgNumMeter >= 0.000) -> bmiZscore <= 0.000)
",0.000,0.000,0.000,1.000,0.000,0,0,1,0,0,1,1,0,0.0,0.0,1.0,0.0,0.0,1.0
"G[2,2]((BGTestAvgNumMeter <= 0.000 -> BGTestAvgNumMeter <= 0.000) -> BGTestAvgNumMeter <= 0.000)
",0.000,0.000,0.000,1.000,0.000,0,0,1,0,0,1,1,0,0.0,0.0,1.0,0.0,0.0,1.0
"G[1,1](((Pt_InsGov <= 0.000 -> TotalDailyInsPerKg >= 1.000) | BUN >= 1.000) & diagAgeCombo >= 1.000)
",0.000,0.000,0.000,1.000,0.000,0,0,1,0,0,1,1,0,0.0,0.0,1.0,0.0,0.0,1.0
"G[1,1]((bmi <= 0.000 -> HeightCm >= 62.142) | bmiZscore <= 62.142)
",0.000,0.000,0.000,1.000,0.000,0,0,1,0,0,1,1,0,0.0,0.0,1.0,0.0,0.0,1.0
"G[1,2](diagAgeCombo >= 0.000 & NumPumpBolusOrShortAct >= 0.000)
",0.000,0.000,0.000,1.000,0.000,0,0,1,0,0,1,1,0,0.0,0.0,1.0,0.0,0.0,1.0
"G[0,2]((Pt_SiblingT1D >= 0.000 | BGTestAvgNumMeter >= 0.000) | UnitsInsBasalOrLongAct <= 0.000)
",0.000,0.000,0.000,1.000,0.000,0,0,1,0,0,1,1,0,0.0,0.0,1.0,0.0,0.0,1.0
"G[0,2](BldPrSys >= 0.000 | Pt_GrandchildT1D <= 0.000)
",0.000,0.000,0.000,1.000,0.000,0,0,1,0,0,1,1,0,0.0,0.0,1.0,0.0,0.0,1.0
"G[1,2]((Pt_GrandchildT1D <= 0.000 -> BUN <= 0.000) -> BldPrDia >= 0.000)
",0.000,0.000,0.000,1.000,0.000,0,0,1,0,0,1,1,0,0.0,0.0,1.0,0.0,0.0,1.0
"G[0,2](((BldPrDia <= 107.000 -> DirectLDL >= 166.000) & Pt_GrandparentT1D <= 166.000) | UnitsInsBasalOrLongAct <= 166.000)
",0.000,0.000,0.000,1.000,0.000,0,0,1,0,0,1,1,0,0.0,0.0,1.0,0.0,0.0,1.0
"G[2,2](((BGTestAvgNumPtRep >= 0.000 & Pt_GrandparentT1D >= 0.000) -> Pt_A1cGoalLevelDsYr5 >= 0.000) | UnitsInsBasalOrLongAct <= 0.000)
",0.000,0.000,0.000,1.000,0.000,0,0,1,0,0,1,1,0,0.0,0.0,1.0,0.0,0.0,1.0
"G[1,1](((Pt_MotherT1D <= 0.000 | AlbCreatRat_mggNew <= 0.000) | Triglyc >= 0.000) & Pt_DKAFlg <= 0.000)
",0.000,0.000,0.000,1.000,0.000,0,0,1,0,0,1,1,0,0.0,0.0,1.0,0.0,0.0,1.0
"G[1,2](BUN >= 0.000 & Pt_DKAFlg >= 0.000)
",0.000,0.000,0.000,1.000,0.000,0,0,1,0,0,1,1,0,0.0,0.0,1.0,0.0,0.0,1.0
"G[0,1]((bmiPerc >= 22.551 | BldPrSys >= 0.000) -> HbA1cImputeDtMnC <= 0.000)
",0.000,0.000,0.000,1.000,0.000,0,0,1,0,0,1,1,0,0.0,0.0,1.0,0.0,0.0,1.0
"G[0,2](TSH >= 0.000 & BldPrDia >= 107.000)
",0.000,0.000,0.000,1.000,0.000,0,0,0,1,1,0,0,1,0.0,0.0,0.0,0.0,0.0,1.0
"G[0,2](((Pt_MotherT1D <= 0.000 -> TSH >= 0.000) -> AlbCreatRat_mggNew <= 0.000) | Pt_A1cGoalLev <= 0.000)
",0.000,0.000,0.000,1.000,0.000,0,0,1,0,0,1,1,0,0.0,0.0,1.0,0.0,0.0,1.0
"G[0,1](((WeightKg >= 0.000 & HbA1cImputeDtMnC >= 0.000) & Pt_SHFlg <= 0.000) & Pt_DKAFlg >= 0.000)
",0.000,0.000,0.000,1.000,0.000,0,0,1,0,0,1,1,0,0.0,0.0,1.0,0.0,0.0,1.0
"G[1,1]((BldPrDia <= 107.000 | BUN <= 0.000) | Pt_DKAFlg <= 0.000)
",0.000,0.000,0.000,1.000,0.000,0,0,1,0,0,1,1,0,0.0,0.0,1.0,0.0,0.0,1.0
"G[1,2]((NumPumpBolusOrShortAct <= 0.000 -> TotalDailyInsPerKg <= 1.000) & TotalDailyInsPerKg >= 1.000)
",0.000,0.000,0.000,1.000,0.000,0,0,1,0,0,1,1,0,0.0,0.0,1.0,0.0,0.0,1.0
"G[1,1]((HbA1c <= 0.000 -> DirectLDL <= 166.000) -> SMBGperDayPtMeterCombo >= 166.000)
",0.000,0.000,0.000,1.000,0.000,0,0,1,0,0,1,1,0,0.0,0.0,1.0,0.0,0.0,1.0
"G[0,1](((UnitsInsBasalOrLongAct <= 0.000 & HDL >= 0.000) | diagAgeCombo <= 0.000) & NumPumpBolusOrShortAct <= 0.000)
",0.000,0.000,0.000,1.000,0.000,0,0,1,0,0,1,1,0,0.0,0.0,1.0,0.0,0.0,1.0
"G[0,2]((TotChol <= 0.000 -> NumPumpBolusOrShortAct >= 0.000) | Triglyc >= 0.000)
",0.000,0.000,0.000,1.000,0.000,0,0,1,0,0,1,1,0,0.0,0.0,1.0,0.0,0.0,1.0
"G[2,2](TotChol >= 0.000 | Pt_GrandparentT1D >= 0.000)
",0.000,0.000,0.000,1.000,0.000,0,0,1,0,0,1,1,0,0.0,0.0,1.0,0.0,0.0,1.0
"G[1,2](((DirectLDL >= 166.000 & SMBGperDayPtMeterCombo >= 80.000) | WeightKg <= 80.000) & BldPrDia >= 80.000)
",0.000,0.000,0.000,1.000,0.000,0,0,1,0,0,1,1,0,0.0,0.0,1.0,0.0,0.0,1.0
"G[0,2](Pt_MotherT1D <= 0.000 -> BGTestAvgNumMeter >= 0.000)
",0.000,0.000,0.000,1.000,0.000,0,0,1,0,0,1,1,0,0.0,0.0,1.0,0.0,0.0,1.0
"G[2,2](Pt_GrandparentT1D <= 0.000 -> BldPrSys <= 0.000)
",0.000,0.000,0.000,1.000,0.000,0,0,1,0,0,1,1,0,0.0,0.0,1.0,0.0,0.0,1.0
"G[2,2](NumPumpBolusOrShortAct <= 0.000 & BGTestAvgNumPtRep >= 0.000)
",0.000,0.000,0.000,1.000,0.000,0,0,1,0,0,1,1,0,0.0,0.0,1.0,0.0,0.0,1.0
"G[1,2]((UnitsInsBasalOrLongAct <= 0.000 & Pt_A1cGoalLev >= 15.000) & TotalDailyInsPerKg >= 15.000)
",0.000,0.000,0.000,1.000,0.000,0,0,1,0,0,1,1,0,0.0,0.0,1.0,0.0,0.0,1.0
"G[0,2]((BGTestAvgNumPtRep >= 0.000 -> Pt_InsGov <= 0.000) -> BldPrSys <= 0.000)
",0.000,0.000,0.000,1.000,0.000,0,0,0,1,1,0,0,1,0.0,0.0,0.0,0.0,0.0,1.0
"G[1,2](Pt_GrandchildT1D <= 0.000 & DirectLDL >= 166.000)
",0.000,0.000,0.000,1.000,0.000,0,0,1,0,0,1,1,0,0.0,0.0,1.0,0.0,0.0,1.0
"G[0,2](NumPumpBolusOrShortAct >= 0.000 -> BldPrDia <= 107.000)
",0.000,0.000,0.000,1.000,0.000,0,0,1,0,0,1,1,0,0.0,0.0,1.0,0.0,0.0,1.0
"G[2,2]((HeightCm >= 62.142 | Pt_DKAFlg <= 0.000) -> TSH >= 0.000)
",0.000,0.000,0.000,1.000,0.000,0,0,1,0,0,1,1,0,0.0,0.0,1.0,0.0,0.0,1.0
"G[0,2](BldPrDia >= 107.000 -> Pt_InsGov <= 0.000)
",0.000,0.000,0.000,1.000,0.000,0,0,1,0,0,1,1,0,0.0,0.0,1.0,0.0,0.0,1.0
"G[1,2](Pt_A1cGoalLev <= 15.000 -> Pt_SHFlg = 0.000)
",0.000,0.000,0.000,1.000,0.000,0,0,1,0,0,1,1,0,0.0,0.0,1.0,0.0,0.0,1.0
"G[0,2](HbA1cImputeDtMnC <= 0.000 -> Pt_SHFlg = 0.000)
",0.000,0.000,0.000,1.000,0.000,0,0,1,0,0,1,1,0,0.0,0.0,1.0,0.0,0.0,1.0
"G[1,2](HbA1c > 0.000 -> Pt_SHFlg = 0.000)
",0.000,0.000,0.000,1.000,0.000,0,0,1,0,0,1,1,0,0.0,0.0,1.0,0.0,0.0,1.0
"G[0,1](Pt_SHFlg >= 0.000 -> Pt_SHFlg = 0.000)
",0.000,0.000,0.000,1.000,0.000,0,0,1,0,0,1,1,0,0.0,0.0,1.0,0.0,0.0,1.0
"G[0,0](SMBGperDayPtMeterCombo > 80.000 & Pt_SHFlg = 0.000)
",0.000,0.000,0.000,1.000,0.000,0,0,0,1,1,0,0,1,0.0,0.0,0.0,0.0,0.0,1.0
"G[0,2](Pt_SHFlg >= 0.000 & Pt_SHFlg = 0.000)
",0.000,0.000,0.000,1.000,0.000,0,0,1,0,0,1,1,0,0.0,0.0,1.0,0.0,0.0,1.0
"G[1,2](BldPrSys >= 0.000 & Pt_SHFlg = 0.000)
",0.000,0.000,0.000,1.000,0.000,0,0,1,0,0,1,1,0,0.0,0.0,1.0,0.0,0.0,1.0
"G[0,2](Pt_GrandchildT1D > 0.000 -> Pt_SHFlg = 0.000)
",0.000,0.000,0.000,1.000,0.000,0,0,1,0,0,1,1,0,0.0,0.0,1.0,0.0,0.0,1.0
"G[0,2](TSH < 0.000 -> Pt_SHFlg = 0.000)
",0.000,0.000,0.000,1.000,0.000,0,0,1,0,0,1,1,0,0.0,0.0,1.0,0.0,0.0,1.0
"G[1,2](Pt_ChildT1D > 0.000 & Pt_SHFlg = 0.000)
",0.000,0.000,0.000,1.000,0.000,0,0,1,0,0,1,1,0,0.0,0.0,1.0,0.0,0.0,1.0
"G[1,1]((diagAgeCombo <= 0.000 -> UnitsInsBasalOrLongAct <= 0.000) -> diagAgeCombo <= 0.000)
",0.000,0.000,0.000,1.000,0.000,0,0,1,0,0,1,1,0,0.0,0.0,1.0,0.0,0.0,1.0
"G[0,2](((HbA1cImputeDtMnC >= 0.000 | bmiZscore <= 0.683) | Pt_MotherT1D >= 0.683) -> Pt_ChildT1D >= 0.683)
",0.000,0.000,0.000,1.000,0.000,0,0,0,1,1,0,0,1,0.0,0.0,0.0,0.0,0.0,1.0
"G[1,2](((TotalDailyInsPerKg <= 1.000 | BldPrDia <= 107.000) | TSH <= 107.000) | DirectLDL >= 107.000)
",0.000,0.000,0.000,1.000,0.000,0,0,1,0,0,1,1,0,0.0,0.0,1.0,0.0,0.0,1.0
"G[0,1]((Pt_A1cGoalLev <= 15.000 -> NumPumpBolusOrShortAct <= 0.000) & Pt_InsGov <= 0.000)
",0.000,0.000,0.000,1.000,0.000,0,0,1,0,0,1,1,0,0.0,0.0,1.0,0.0,0.0,1.0
"G[1,2](Pt_MotherT1D <= 0.000 & Pt_FatherT1D >= 0.000)
",0.000,0.000,0.000,1.000,0.000,0,0,1,0,0,1,1,0,0.0,0.0,1.0,0.0,0.0,1.0
"G[1,2]((Pt_SHFlg <= 0.000 -> Pt_InsGov <= 0.000) & HbA1c >= 0.000)
",0.000,0.000,0.000,1.000,0.000,0,0,1,0,0,1,1,0,0.0,0.0,1.0,0.0,0.0,1.0
"G[1,2](((Pt_A1cGoalLev >= 15.000 -> WeightKg <= 0.000) -> Pt_SHFlg <= 0.000) -> Pt_DKAFlg >= 0.000)
",0.000,0.000,0.000,1.000,0.000,0,0,1,0,0,1,1,0,0.0,0.0,1.0,0.0,0.0,1.0
"G[0,1]((Pt_CGMUseNumDays <= 102910.000 -> TotalDailyInsPerKg >= 1.000) & HeightCm <= 1.000)
",0.000,0.000,0.000,1.000,0.000,0,0,0,1,1,0,0,1,0.0,0.0,0.0,0.0,0.0,1.0
"G[1,1]((AlbCreatRat_mggNew >= 0.000 & Pt_FatherT1D <= 0.000) | LDL <= 0.000)
",0.000,0.000,0.000,1.000,0.000,0,0,1,0,0,1,1,0,0.0,0.0,1.0,0.0,0.0,1.0
"G[0,1]((LDL >= 0.000 & HeightCm >= 62.142) | HeightCm >= 62.142)
",0.000,0.000,0.000,1.000,0.000,0,0,1,0,0,1,1,0,0.0,0.0,1.0,0.0,0.0,1.0
"G[1,2]((Pt_CGMUseNumDays <= 102910.000 & TotChol <= 0.000) -> HDL <= 0.000)
",0.000,0.000,0.000,1.000,0.000,0,0,1,0,0,1,1,0,0.0,0.0,1.0,0.0,0.0,1.0
"G[0,1](Pt_GrandchildT1D <= 0.000 & HbA1cImputeDtMnC >= 0.000)
",0.000,0.000,0.000,1.000,0.000,0,0,1,0,0,1,1,0,0.0,0.0,1.0,0.0,0.0,1.0
"G[1,2](Pt_GrandchildT1D >= 0.000 -> TSH >= 0.000)
",0.000,0.000,0.000,1.000,0.000,0,0,1,0,0,1,1,0,0.0,0.0,1.0,0.0,0.0,1.0
"G[1,1](((BGTestAvgNumPtRep >= 0.000 & Triglyc <= 0.000) | HDL <= 0.000) | BldPrSys >= 0.000)
",0.000,0.000,0.000,1.000,0.000,0,0,1,0,0,1,1,0,0.0,0.0,1.0,0.0,0.0,1.0
"G[0,1](((BldPrDia <= 107.000 -> Pt_ChildT1D <= 0.000) -> LDL >= 0.000) -> LDL <= 0.000)
",0.000,0.000,0.000,1.000,0.000,0,0,1,0,0,1,1,0,0.0,0.0,1.0,0.0,0.0,1.0
"G[0,2](HbA1cImputeDtMnC >= 0.000 & Triglyc <= 0.000)
",0.000,0.000,0.000,1.000,0.000,0,0,1,0,0,1,1,0,0.0,0.0,1.0,0.0,0.0,1.0
"G[0,1](LDL > 0.000 -> Pt_SHFlg = 0.000)
",0.000,0.000,0.000,1.000,0.000,0,0,1,0,0,1,1,0,0.0,0.0,1.0,0.0,0.0,1.0
"G[1,1](GFR >= 0.477 -> Pt_SHFlg = 0.000)
",0.000,0.000,0.000,1.000,0.000,0,0,1,0,0,1,1,0,0.0,0.0,1.0,0.0,0.0,1.0
"G[0,2](Triglyc <= 0.000 -> Pt_InsGov <= 0.000)
",0.000,0.000,0.000,1.000,0.000,0,0,1,0,0,1,1,0,0.0,0.0,1.0,0.0,0.0,1.0
"G[2,2]((WeightKg >= 0.000 | bmi >= 0.000) -> UnitsInsBasalOrLongAct <= 0.000)
",0.000,0.000,0.000,1.000,0.000,0,0,1,0,0,1,1,0,0.0,0.0,1.0,0.0,0.0,1.0
"G[0,1]((WeightKg >= 0.000 | bmi >= 0.000) -> UnitsInsBasalOrLongAct <= 0.000)
",0.000,0.000,0.000,1.000,0.000,0,0,1,0,0,1,1,0,0.0,0.0,1.0,0.0,0.0,1.0
"G[1,2](SMBGperDayPtMeterCombo >= 80.000 & BGTestAvgNumPtRep >= 0.000)
",0.000,0.000,0.000,1.000,0.000,0,0,1,0,0,1,1,0,0.0,0.0,1.0,0.0,0.0,1.0
"G[1,2](GFR <= 0.477 -> BUN >= 0.000)
",0.000,0.000,0.000,1.000,0.000,0,0,1,0,0,1,1,0,0.0,0.0,1.0,0.0,0.0,1.0
"G[1,2](SMBGperDayPtMeterCombo >= 80.000 & BGTestAvgNumPtRep >= 0.000)
",0.000,0.000,0.000,1.000,0.000,0,0,1,0,0,1,1,0,0.0,0.0,1.0,0.0,0.0,1.0
"G[2,2](GFR <= 0.477 -> BUN >= 0.000)
",0.000,0.000,0.000,1.000,0.000,0,0,1,0,0,1,1,0,0.0,0.0,1.0,0.0,0.0,1.0
"G[1,1]((WeightKg >= 0.000 | bmi >= 0.000) -> UnitsInsBasalOrLongAct <= 0.000)
",0.000,0.000,0.000,1.000,0.000,0,0,1,0,0,1,1,0,0.0,0.0,1.0,0.0,0.0,1.0
"G[0,2](SMBGperDayPtMeterCombo >= 80.000 & BGTestAvgNumPtRep >= 0.000)
",0.000,0.000,0.000,1.000,0.000,0,0,0,1,1,0,0,1,0.0,0.0,0.0,0.0,0.0,1.0
"G[0,2](GFR <= 0.477 -> BUN >= 0.000)
",0.000,0.000,0.000,1.000,0.000,0,0,1,0,0,1,1,0,0.0,0.0,1.0,0.0,0.0,1.0
"G[1,2]((WeightKg >= 0.000 | bmi >= 0.000) -> UnitsInsBasalOrLongAct <= 0.000)
",0.000,0.000,0.000,1.000,0.000,0,0,1,0,0,1,1,0,0.0,0.0,1.0,0.0,0.0,1.0
"G[0,2](SMBGperDayPtMeterCombo >= 80.000 & BGTestAvgNumPtRep >= 0.000)
",0.000,0.000,0.000,1.000,0.000,0,0,0,1,1,0,0,1,0.0,0.0,0.0,0.0,0.0,1.0
"G[1,2](GFR <= 0.477 -> BUN >= 0.000)
",0.000,0.000,0.000,1.000,0.000,0,0,1,0,0,1,1,0,0.0,0.0,1.0,0.0,0.0,1.0
"G[0,2]((WeightKg >= 0.000 | bmi >= 0.000) -> UnitsInsBasalOrLongAct <= 0.000)
",0.000,0.000,0.000,1.000,0.000,0,0,1,0,0,1,1,0,0.0,0.0,1.0,0.0,0.0,1.0
"G[0,0](SMBGperDayPtMeterCombo >= 80.000 & BGTestAvgNumPtRep >= 0.000)
",0.000,0.000,0.000,1.000,0.000,0,0,0,1,1,0,0,1,0.0,0.0,0.0,0.0,0.0,1.0
"G[2,2](GFR <= 0.477 -> BUN >= 0.000)
",0.000,0.000,0.000,1.000,0.000,0,0,1,0,0,1,1,0,0.0,0.0,1.0,0.0,0.0,1.0
"G[1,1]((WeightKg >= 0.000 | bmi >= 0.000) -> UnitsInsBasalOrLongAct <= 0.000)
",0.000,0.000,0.000,1.000,0.000,0,0,1,0,0,1,1,0,0.0,0.0,1.0,0.0,0.0,1.0
"G[0,2](SMBGperDayPtMeterCombo >= 80.000 & BGTestAvgNumPtRep >= 0.000)
",0.000,0.000,0.000,1.000,0.000,0,0,0,1,1,0,0,1,0.0,0.0,0.0,0.0,0.0,1.0
"G[0,2](GFR <= 0.477 -> BUN >= 0.000)
",0.000,0.000,0.000,1.000,0.000,0,0,1,0,0,1,1,0,0.0,0.0,1.0,0.0,0.0,1.0
"G[1,1]((WeightKg >= 0.000 | bmi >= 0.000) -> UnitsInsBasalOrLongAct <= 0.000)
",0.000,0.000,0.000,1.000,0.000,0,0,1,0,0,1,1,0,0.0,0.0,1.0,0.0,0.0,1.0
"G[0,2](SMBGperDayPtMeterCombo >= 80.000 & BGTestAvgNumPtRep >= 0.000)
",0.000,0.000,0.000,1.000,0.000,0,0,0,1,1,0,0,1,0.0,0.0,0.0,0.0,0.0,1.0
"G[0,1](GFR <= 0.477 -> BUN >= 0.000)
",0.000,0.000,0.000,1.000,0.000,0,0,1,0,0,1,1,0,0.0,0.0,1.0,0.0,0.0,1.0
"G[2,2]((WeightKg >= 0.000 | bmi >= 0.000) -> UnitsInsBasalOrLongAct <= 0.000)
",0.000,0.000,0.000,1.000,0.000,0,0,1,0,0,1,1,0,0.0,0.0,1.0,0.0,0.0,1.0
"G[1,2](SMBGperDayPtMeterCombo >= 80.000 & BGTestAvgNumPtRep >= 0.000)
",0.000,0.000,0.000,1.000,0.000,0,0,1,0,0,1,1,0,0.0,0.0,1.0,0.0,0.0,1.0
"G[0,1]((WeightKg >= 0.000 | bmi >= 0.000) -> UnitsInsBasalOrLongAct <= 0.000)
",0.000,0.000,0.000,1.000,0.000,0,0,1,0,0,1,1,0,0.0,0.0,1.0,0.0,0.0,1.0
"G[0,2](SMBGperDayPtMeterCombo >= 80.000 & BGTestAvgNumPtRep >= 0.000)
",0.000,0.000,0.000,1.000,0.000,0,0,0,1,1,0,0,1,0.0,0.0,0.0,0.0,0.0,1.0
"G[1,2](GFR <= 0.477 -> BUN >= 0.000)
",0.000,0.000,0.000,1.000,0.000,0,0,1,0,0,1,1,0,0.0,0.0,1.0,0.0,0.0,1.0
"G[2,2]((BGTestAvgNumPtRep >= 0.000 | HbA1cImputeDtMnC >= 0.000) & Pt_SiblingT1D <= 0.000)
",0.000,0.000,0.000,1.000,0.000,0,0,1,0,0,1,1,0,0.0,0.0,1.0,0.0,0.0,1.0
"G[1,2](Pt_CGMUseNumDays >= 102910.000 | Pt_GrandchildT1D >= 0.000)
",0.000,0.000,0.000,1.000,0.000,0,0,1,0,0,1,1,0,0.0,0.0,1.0,0.0,0.0,1.0
"G[1,2]((Pt_ChildT1D >= 0.000 & Pt_GrandparentT1D <= 0.000) & Pt_FatherT1D <= 0.000)
",0.000,0.000,0.000,1.000,0.000,0,0,1,0,0,1,1,0,0.0,0.0,1.0,0.0,0.0,1.0
"G[2,2]((DirectLDL <= 166.000 -> Pt_SiblingT1D <= 0.000) & GFR >= 0.000)
",0.000,0.000,0.000,1.000,0.000,0,0,1,0,0,1,1,0,0.0,0.0,1.0,0.0,0.0,1.0
"G[0,2](((bmiPerc >= 22.551 | BUN <= 0.000) -> SMBGperDayPtMeterCombo <= 0.000) -> NumPumpBolusOrShortAct >= 0.000)
",0.000,0.000,0.000,1.000,0.000,0,0,1,0,0,1,1,0,0.0,0.0,1.0,0.0,0.0,1.0
"G[0,1]((TotalDailyInsPerKg <= 1.000 & BUN >= 0.000) | BldPrDia <= 0.000)
",0.000,0.000,0.000,1.000,0.000,0,0,1,0,0,1,1,0,0.0,0.0,1.0,0.0,0.0,1.0
"G[1,1](HeightCm <= 62.142 | Pt_A1cGoalLev <= 15.000)
",0.000,0.000,0.000,1.000,0.000,0,0,1,0,0,1,1,0,0.0,0.0,1.0,0.0,0.0,1.0
"G[1,2]((Pt_GrandchildT1D <= 0.000 & Pt_A1cGoalLevelDsYr5 >= 0.000) -> BGTestAvgNumPtRep <= 0.000)
",0.000,0.000,0.000,1.000,0.000,0,0,1,0,0,1,1,0,0.0,0.0,1.0,0.0,0.0,1.0
"G[1,2]((Pt_MotherT1D >= 0.000 & HDL >= 0.000) | Pt_CGMUseNumDays >= 0.000)
",0.000,0.000,0.000,1.000,0.000,0,0,1,0,0,1,1,0,0.0,0.0,1.0,0.0,0.0,1.0
"G[0,1](BGTestAvgNumMeter >= 0.000 -> Pt_A1cGoalLevelDsYr5 <= 0.000)
",0.000,0.000,0.000,1.000,0.000,0,0,1,0,0,1,1,0,0.0,0.0,1.0,0.0,0.0,1.0
"G[1,1](((TotalDailyInsPerKg >= 1.000 -> BldPrDia <= 107.000) | diabDur >= 107.000) -> Pt_DKAFlg <= 107.000)
",0.000,0.000,0.000,1.000,0.000,0,0,1,0,0,1,1,0,0.0,0.0,1.0,0.0,0.0,1.0
"G[1,2](((BGTestAvgNumPtRep >= 0.000 & Pt_MotherT1D >= 0.000) -> TotChol <= 0.000) & diagAgeCombo <= 0.000)
",0.000,0.000,0.000,1.000,0.000,0,0,1,0,0,1,1,0,0.0,0.0,1.0,0.0,0.0,1.0
"G[0,2](((BGTestAvgNumPtRep >= 0.000 & Pt_A1cGoalLevelDsYr5 <= 0.000) -> AutonomicNeuroCl <= 0.000) & BldPrSys <= 0.000)
",0.000,0.000,0.000,1.000,0.000,0,0,0,1,1,0,0,1,0.0,0.0,0.0,0.0,0.0,1.0
"G[0,2](((HbA1cImputeDtMnC >= 0.000 | HDL >= 0.000) | HDL <= 0.000) -> Pt_CGMUseNumDays <= 0.000)
",0.000,0.000,0.000,1.000,0.000,0,0,1,0,0,1,1,0,0.0,0.0,1.0,0.0,0.0,1.0
"G[2,2](Pt_GrandchildT1D >= 0.000 -> HbA1cImputeDtMnC >= 0.000)
",0.000,0.000,0.000,1.000,0.000,0,0,1,0,0,1,1,0,0.0,0.0,1.0,0.0,0.0,1.0
"G[0,0]((BldPrSys >= 0.000 -> BldPrDia >= 107.000) & BGTestAvgNumMeter >= 107.000)
",0.000,0.000,0.000,1.000,0.000,0,0,0,1,1,0,0,1,0.0,0.0,0.0,0.0,0.0,1.0
"G[1,2](HbA1cImputeDtMnC >= 0.000 -> Pt_FatherT1D >= 0.000)
",0.000,0.000,0.000,1.000,0.000,0,0,1,0,0,1,1,0,0.0,0.0,1.0,0.0,0.0,1.0
"G[1,2]((UnitsInsBasalOrLongAct <= 0.000 & UnitsInsBasalOrLongAct <= 0.000) & Pt_SHFlg >= 0.000)
",0.000,0.000,0.000,1.000,0.000,0,0,1,0,0,1,1,0,0.0,0.0,1.0,0.0,0.0,1.0
"G[1,2]((Pt_MotherT1D >= 0.000 & DirectLDL >= 166.000) & LDL >= 166.000)
",0.000,0.000,0.000,1.000,0.000,0,0,1,0,0,1,1,0,0.0,0.0,1.0,0.0,0.0,1.0
"G[0,1]((Triglyc <= 0.000 -> AutonomicNeuroCl <= 5.400) | BldPrDia <= 5.400)
",0.000,0.000,0.000,1.000,0.000,0,0,1,0,0,1,1,0,0.0,0.0,1.0,0.0,0.0,1.0
"G[0,2](((Pt_FatherT1D >= 0.000 & BldPrSys <= 0.000) & WeightKg >= 0.000) & BldPrDia >= 0.000)
",0.000,0.000,0.000,1.000,0.000,0,0,0,1,1,0,0,1,0.0,0.0,0.0,0.0,0.0,1.0
"G[0,2](((diabDur <= 17.000 & bmi <= 0.000) & Pt_SHFlg <= 0.000) | Pt_CGMUseNumDays >= 0.000)
",0.000,0.000,0.000,1.000,0.000,0,0,1,0,0,1,1,0,0.0,0.0,1.0,0.0,0.0,1.0
"G[0,1](bmi >= 0.000 & HbA1c >= 0.000)
",0.000,0.000,0.000,1.000,0.000,0,0,1,0,0,1,1,0,0.0,0.0,1.0,0.0,0.0,1.0
"G[0,1](((HbA1cImputeDtMnC <= 0.000 & BUN >= 0.000) | diabDur <= 0.000) -> Pt_A1cGoalLevelDsYr5 >= 0.000)
",0.000,0.000,0.000,1.000,0.000,0,0,1,0,0,1,1,0,0.0,0.0,1.0,0.0,0.0,1.0
"G[1,2](GFR <= 0.477 -> BUN >= 0.000)
",0.000,0.000,0.000,1.000,0.000,0,0,1,0,0,1,1,0,0.0,0.0,1.0,0.0,0.0,1.0
"G[1,1](Pt_FatherT1D >= 0.000 -> TSH <= 0.000)
",0.000,0.000,0.000,1.000,0.000,0,0,1,0,0,1,1,0,0.0,0.0,1.0,0.0,0.0,1.0
"G[0,2]((BldPrDia <= 107.000 & Pt_FatherT1D >= 0.000) -> Pt_FatherT1D >= 0.000)
",0.000,0.000,0.000,1.000,0.000,0,0,1,0,0,1,1,0,0.0,0.0,1.0,0.0,0.0,1.0
"G[0,2](((Pt_SiblingT1D >= 0.000 & age <= 0.000) -> Triglyc >= 0.000) -> diagAgeCombo <= 0.000)
",0.000,0.000,0.000,1.000,0.000,0,0,0,1,1,0,0,1,0.0,0.0,0.0,0.0,0.0,1.0
"G[1,2](bmi <= 0.000 | Pt_GrandchildT1D >= 0.000)
",0.000,0.000,0.000,1.000,0.000,0,0,1,0,0,1,1,0,0.0,0.0,1.0,0.0,0.0,1.0
"G[1,1]((TotalDailyInsPerKg <= 1.000 | bmi <= 0.000) | BUN <= 0.000)
",0.000,0.000,0.000,1.000,0.000,0,0,1,0,0,1,1,0,0.0,0.0,1.0,0.0,0.0,1.0
"G[0,1](BUN <= 0.000 -> NumPumpBolusOrShortAct >= 0.000)
",0.000,0.000,0.000,1.000,0.000,0,0,1,0,0,1,1,0,0.0,0.0,1.0,0.0,0.0,1.0
"G[1,2](BldPrSys >= 0.000 & TotalDailyInsPerKg >= 1.000)
",0.000,0.000,0.000,1.000,0.000,0,0,1,0,0,1,1,0,0.0,0.0,1.0,0.0,0.0,1.0
"G[0,2](((AlbCreatRat_mggNew <= 0.000 | HbA1cImputeDtMnC >= 0.000) | Pt_A1cGoalLevelDsYr5 <= 0.000) & bmi >= 0.000)
",0.000,0.000,0.000,1.000,0.000,0,0,1,0,0,1,1,0,0.0,0.0,1.0,0.0,0.0,1.0
"G[1,1]((UnitsInsBasalOrLongAct <= 0.000 & bmiZscore <= 0.683) | TotalDailyInsPerKg >= 0.683)
",0.000,0.000,0.000,1.000,0.000,0,0,1,0,0,1,1,0,0.0,0.0,1.0,0.0,0.0,1.0
"G[0,1](Pt_MotherT1D >= 0.000 -> Pt_DKAFlg >= 0.000)
",0.000,0.000,0.000,1.000,0.000,0,0,1,0,0,1,1,0,0.0,0.0,1.0,0.0,0.0,1.0
"G[0,2]((Pt_SiblingT1D >= 0.000 & Pt_CGMUseNumDays >= 102910.000) | bmiPerc <= 102910.000)
",0.000,0.000,0.000,1.000,0.000,0,0,1,0,0,1,1,0,0.0,0.0,1.0,0.0,0.0,1.0
"G[1,2](((Pt_DKAFlg <= 0.000 -> UnitsInsBasalOrLongAct >= 0.000) | UnitsInsBasalOrLongAct >= 0.000) | HDL >= 0.000)
",0.000,0.000,0.000,1.000,0.000,0,0,1,0,0,1,1,0,0.0,0.0,1.0,0.0,0.0,1.0
"G[0,0](((SMBGperDayPtMeterCombo >= 80.000 | BGTestAvgNumMeter >= 0.000) -> bmi >= 0.000) & HeightCm <= 0.000)
",0.000,0.000,0.000,1.000,0.000,0,0,0,1,1,0,0,1,0.0,0.0,0.0,0.0,0.0,1.0
"G[1,1]((bmi <= 0.000 | BldPrDia <= 107.000) & Pt_GrandparentT1D >= 107.000)
",0.000,0.000,0.000,1.000,0.000,0,0,1,0,0,1,1,0,0.0,0.0,1.0,0.0,0.0,1.0
"G[0,1](TotChol <= 0.000 -> BldPrSys <= 0.000)
",0.000,0.000,0.000,1.000,0.000,0,0,0,1,1,0,0,1,0.0,0.0,0.0,0.0,0.0,1.0
"G[0,1](((HbA1c >= 0.000 | diabDur >= 17.000) & Pt_CGMUseNumDays <= 17.000) | age <= 17.000)
",0.000,0.000,0.000,1.000,0.000,0,0,1,0,0,1,1,0,0.0,0.0,1.0,0.0,0.0,1.0
"G[0,2](BldPrSys >= 0.000 & Pt_SHFlg >= 0.000)
",0.000,0.000,0.000,1.000,0.000,0,0,1,0,0,1,1,0,0.0,0.0,1.0,0.0,0.0,1.0
"G[1,1]((Pt_A1cGoalLev >= 15.000 | Pt_DKAFlg <= 0.000) -> AutonomicNeuroCl >= 0.000)
",0.000,0.000,0.000,1.000,0.000,0,0,1,0,0,1,1,0,0.0,0.0,1.0,0.0,0.0,1.0
"G[0,2](LDL >= 0.000 | NumPumpBolusOrShortAct >= 0.000)
",0.000,0.000,0.000,1.000,0.000,0,0,1,0,0,1,1,0,0.0,0.0,1.0,0.0,0.0,1.0
"G[0,2](bmi <= 0.000 | BUN >= 0.000)
",0.000,0.000,0.000,1.000,0.000,0,0,1,0,0,1,1,0,0.0,0.0,1.0,0.0,0.0,1.0
"G[0,1]((bmiZscore >= 0.683 & BldPrSys >= 0.000) & TotChol >= 0.000)
",0.000,0.000,0.000,1.000,0.000,0,0,0,1,1,0,0,1,0.0,0.0,0.0,0.0,0.0,1.0
"G[1,2]((TSH <= 0.000 -> BGTestAvgNumMeter >= 0.000) -> BGTestAvgNumMeter <= 0.000)
",0.000,0.000,0.000,1.000,0.000,0,0,1,0,0,1,1,0,0.0,0.0,1.0,0.0,0.0,1.0
"G[1,2](((BUN >= 0.000 | Pt_FatherT1D <= 0.000) -> Pt_GrandparentT1D <= 0.000) & WeightKg <= 0.000)
",0.000,0.000,0.000,1.000,0.000,0,0,1,0,0,1,1,0,0.0,0.0,1.0,0.0,0.0,1.0
"G[1,1]((WeightKg <= 0.000 | age <= 0.000) | BGTestAvgNumMeter >= 0.000)
",0.000,0.000,0.000,1.000,0.000,0,0,1,0,0,1,1,0,0.0,0.0,1.0,0.0,0.0,1.0
"G[1,2](WeightKg <= 0.000 & TotalDailyInsPerKg <= 1.000)
",0.000,0.000,0.000,1.000,0.000,0,0,1,0,0,1,1,0,0.0,0.0,1.0,0.0,0.0,1.0
"G[2,2]((LDL <= 0.000 -> HDL >= 0.000) & AutonomicNeuroCl <= 0.000)
",0.000,0.000,0.000,1.000,0.000,0,0,1,0,0,1,1,0,0.0,0.0,1.0,0.0,0.0,1.0
"G[0,2]((Pt_FatherT1D <= 0.000 -> BGTestAvgNumMeter >= 0.000) | HeightCm >= 0.000)
",0.000,0.000,0.000,1.000,0.000,0,0,1,0,0,1,1,0,0.0,0.0,1.0,0.0,0.0,1.0
"G[1,2]((Pt_SHFlg <= 0.000 & TotalDailyInsPerKg <= 1.000) & AlbCreatRat_mggNew >= 1.000)
",0.000,0.000,0.000,1.000,0.000,0,0,1,0,0,1,1,0,0.0,0.0,1.0,0.0,0.0,1.0
"G[0,1]((SMBGperDayPtMeterCombo <= 80.000 | GFR <= 0.477) & Pt_ChildT1D <= 0.477)
",0.000,0.000,0.000,1.000,0.000,0,0,1,0,0,1,1,0,0.0,0.0,1.0,0.0,0.0,1.0
"G[1,2]((bmiZscore >= 0.683 -> Pt_A1cGoalLevelDsYr5 >= 0.000) & Pt_ChildT1D >= 0.000)
",0.000,0.000,0.000,1.000,0.000,0,0,1,0,0,1,1,0,0.0,0.0,1.0,0.0,0.0,1.0
"G[0,2](((AlbCreatRat_mggNew >= 0.000 | Pt_GrandparentT1D >= 0.000) -> UnitsInsBasalOrLongAct <= 0.000) -> LDL <= 0.000)
",0.000,0.000,0.000,1.000,0.000,0,0,1,0,0,1,1,0,0.0,0.0,1.0,0.0,0.0,1.0
"G[1,1]((SMBGperDayPtMeterCombo <= 80.000 -> Pt_A1cGoalLevelDsYr5 <= 0.000) & Pt_FatherT1D <= 0.000)
",0.000,0.000,0.000,1.000,0.000,0,0,1,0,0,1,1,0,0.0,0.0,1.0,0.0,0.0,1.0
"G[1,1](((bmiZscore <= 0.683 | BGTestAvgNumPtRep >= 0.000) -> Pt_SiblingT1D >= 0.000) -> Pt_DKAFlg >= 0.000)
",0.000,0.000,0.000,1.000,0.000,0,0,1,0,0,1,1,0,0.0,0.0,1.0,0.0,0.0,1.0
"G[0,2]((HbA1cImputeDtMnC >= 0.000 -> LDL >= 0.000) -> Pt_A1cGoalLevelDsYr5 >= 0.000)
",0.000,0.000,0.000,1.000,0.000,0,0,1,0,0,1,1,0,0.0,0.0,1.0,0.0,0.0,1.0
