Rule,Discrimination Score,Pos Robustness,Neg Robustness,Percent Class +,Percent Class -,TP,TN,FP,FN,Actual Yes,Actual No,Predicted Yes,Predicted No,TPR/Sens,TNR/Spec,FPR,Precision,Accuracy,MCR
"G[0,1](AlbCreatRat_mggNew <= 17.719 -> Pt_MotherT1D <= 0.000)
",9999999.000,9999999.000,0.000,1.000,0.000,3,0,0,0,3,0,3,0,1.0,0.0,0.0,1.0,1.0,0.0
"G[0,0](((HDL >= 28.058 -> diagAgeCombo >= 5.000) & Triglyc >= 5.000) -> Pt_FatherT1D <= 5.000)
",-5.000,-5.000,0.000,1.000,0.000,3,0,0,0,3,0,3,0,1.0,0.0,0.0,1.0,1.0,0.0
"G[1,1](BldPrDia >= 13.684 -> UnitsInsBasalOrLongAct >= 11.812)
",11.812,11.812,0.000,1.000,0.000,3,0,0,0,3,0,3,0,1.0,0.0,0.0,1.0,1.0,0.0
"G[0,1]((Pt_CGMUseNumDays <= 0.000 & HeightCm >= 150.464) -> diabDur <= 165.593)
",9999999.000,9999999.000,0.000,1.000,0.000,3,0,0,0,3,0,3,0,1.0,0.0,0.0,1.0,1.0,0.0
"G[0,1](((Pt_ChildT1D >= 0.000 & HeightCm <= 158.595) | GFR <= 161.284) -> HbA1c <= 165.276)
",9999999.000,9999999.000,0.000,1.000,0.000,3,0,0,0,3,0,3,0,1.0,0.0,0.0,1.0,1.0,0.0
"G[1,1]((diabDur >= 6.034 -> Pt_A1cGoalLev <= 0.000) -> HbA1cImputeDtMnC >= 0.000)
",0.000,0.000,0.000,1.000,0.000,3,0,0,0,3,0,3,0,1.0,0.0,0.0,1.0,1.0,0.0
"G[0,1]((bmiPerc >= 0.623 -> UnitsInsBasalOrLongAct >= 6.020) | GFR >= 0.439)
",9999999.000,9999999.000,0.000,1.000,0.000,3,0,0,0,3,0,3,0,1.0,0.0,0.0,1.0,1.0,0.0
"G[0,1]((AutonomicNeuroCl <= 0.000 & HeightCm >= 150.133) | SMBGperDayPtMeterCombo <= 160.915)
",9999999.000,9999999.000,0.000,1.000,0.000,3,0,0,0,3,0,3,0,1.0,0.0,0.0,1.0,1.0,0.0
"G[1,1](DirectLDL <= 0.000 -> Pt_SHFlg = 0.000)
",0.000,0.000,0.000,1.000,0.000,3,0,0,0,3,0,3,0,1.0,0.0,0.0,1.0,1.0,0.0
"G[0,1](((AlbCreatRat_mggNew >= 11.368 -> Triglyc <= 74.456) | DirectLDL <= 49.715) | Pt_CGMUseNumDays >= 9.743)
",9999999.000,9999999.000,0.000,1.000,0.000,3,0,0,0,3,0,3,0,1.0,0.0,0.0,1.0,1.0,0.0
"G[1,1]((HbA1c >= 7.325 & Pt_InsGov <= 0.767) -> BGTestAvgNumMeter >= 0.251)
",0.251,0.251,0.000,1.000,0.000,3,0,0,0,3,0,3,0,1.0,0.0,0.0,1.0,1.0,0.0
"G[0,0](NumPumpBolusOrShortAct <= 7.110 & Pt_GrandparentT1D <= 0.000)
",0.000,0.000,0.000,1.000,0.000,3,0,0,0,3,0,3,0,1.0,0.0,0.0,1.0,1.0,0.0
"G[0,0]((NumPumpBolusOrShortAct >= 0.788 -> AutonomicNeuroCl <= 0.000) | BGTestAvgNumMeter <= 0.000)
",0.446,0.192,0.000,1.000,0.000,3,0,0,0,3,0,3,0,1.0,0.0,0.0,1.0,1.0,0.0
"G[1,1](((TotalDailyInsPerKg >= 0.490 -> Pt_InsGov <= 0.849) & LDL >= 0.210) & Pt_InsGov <= 0.469)
",-0.849,-0.849,0.000,1.000,0.000,3,0,0,0,3,0,3,0,1.0,0.0,0.0,1.0,1.0,0.0
"G[1,1](Pt_SiblingT1D <= 0.288 -> Pt_SHFlg = 0.000)
",-0.288,-0.288,0.000,1.000,0.000,3,0,0,0,3,0,3,0,1.0,0.0,0.0,1.0,1.0,0.0
"G[0,1]((BldPrDia >= 18.006 & HDL <= 55.074) | AlbCreatRat_mggNew >= 7.000)
",9999999.000,9999999.000,0.000,1.000,0.000,3,0,0,0,3,0,3,0,1.0,0.0,0.0,1.0,1.0,0.0
"G[0,0](((HbA1cImputeDtMnC <= 59.963 & WeightKg <= 58.659) & Pt_MotherT1D >= 53.154) | NumPumpBolusOrShortAct <= 58.249)
",122.150,57.582,0.000,1.000,0.000,3,0,0,0,3,0,3,0,1.0,0.0,0.0,1.0,1.0,0.0
"G[1,1]((LDL <= 51.929 -> SMBGperDayPtMeterCombo <= 7.504) | diabDur >= 4.918)
",-4.918,-4.918,0.000,1.000,0.000,3,0,0,0,3,0,3,0,1.0,0.0,0.0,1.0,1.0,0.0
"G[0,0](((age >= 12.513 -> age >= 11.225) -> AutonomicNeuroCl <= 14.791) | Pt_FatherT1D <= 16.159)
",16.159,16.159,0.000,1.000,0.000,3,0,0,0,3,0,3,0,1.0,0.0,0.0,1.0,1.0,0.0
"G[0,0]((WeightKg <= 60.703 | AutonomicNeuroCl >= 0.000) | BldPrSys >= 0.000)
",119.579,56.370,0.000,1.000,0.000,3,0,0,0,3,0,3,0,1.0,0.0,0.0,1.0,1.0,0.0
"G[1,1](((age >= 11.480 -> LDL <= 42.205) -> TotalDailyInsPerKg >= 20.843) -> Pt_SHFlg <= 50.241)
",-50.241,-50.241,0.000,1.000,0.000,3,0,0,0,3,0,3,0,1.0,0.0,0.0,1.0,1.0,0.0
"G[0,0]((BldPrSys <= 95.257 | HbA1cImputeDtMnC >= 24.886) | HbA1c <= 41.813)
",95.257,95.257,0.000,1.000,0.000,3,0,0,0,3,0,3,0,1.0,0.0,0.0,1.0,1.0,0.0
"G[0,1](BUN <= 10.157 | Pt_A1cGoalLevelDsYr5 <= 0.000)
",9999999.000,9999999.000,0.000,1.000,0.000,3,0,0,0,3,0,3,0,1.0,0.0,0.0,1.0,1.0,0.0
"G[0,0](Pt_GrandchildT1D >= 0.000 & Pt_A1cGoalLev <= 0.000)
",-5.000,-5.000,0.000,1.000,0.000,3,0,0,0,3,0,3,0,1.0,0.0,0.0,1.0,1.0,0.0
"G[0,1]((bmiPerc <= 0.670 | HbA1c <= 8.007) | Pt_GrandchildT1D >= 7.127)
",9999999.000,9999999.000,0.000,1.000,0.000,3,0,0,0,3,0,3,0,1.0,0.0,0.0,1.0,1.0,0.0
"G[0,1]((TotChol <= 155.734 -> Triglyc <= 51.931) | Pt_MotherT1D <= 62.694)
",9999999.000,9999999.000,0.000,1.000,0.000,3,0,0,0,3,0,3,0,1.0,0.0,0.0,1.0,1.0,0.0
"G[0,1](((bmi >= 20.155 & SMBGperDayPtMeterCombo >= 4.175) & diagAgeCombo >= 4.437) -> bmi >= 4.437)
",9999999.000,9999999.000,0.000,1.000,0.000,3,0,0,0,3,0,3,0,1.0,0.0,0.0,1.0,1.0,0.0
"G[0,0](((BldPrSys <= 95.435 -> Pt_SiblingT1D >= 0.070) | LDL >= 0.052) | HDL <= 0.384)
",1.306,0.674,0.000,1.000,0.000,3,0,0,0,3,0,3,0,1.0,0.0,0.0,1.0,1.0,0.0
"G[0,1]((SMBGperDayPtMeterCombo >= 4.435 | Pt_A1cGoalLevelDsYr5 <= 0.000) | Pt_CGMUseNumDays >= 0.000)
",9999999.000,9999999.000,0.000,1.000,0.000,3,0,0,0,3,0,3,0,1.0,0.0,0.0,1.0,1.0,0.0
"G[1,1](((Pt_A1cGoalLevelDsYr5 <= 0.000 | BldPrSys >= 64.128) | Pt_FatherT1D <= 113.860) -> bmiZscore <= 114.030)
",-114.030,-114.030,0.000,1.000,0.000,3,0,0,0,3,0,3,0,1.0,0.0,0.0,1.0,1.0,0.0
"G[0,0]((Pt_InsGov <= 0.999 & Triglyc >= 29.814) -> Pt_ChildT1D <= 64.396)
",-135.898,-64.063,0.000,1.000,0.000,3,0,0,0,3,0,3,0,1.0,0.0,0.0,1.0,1.0,0.0
"G[0,0](BldPrDia <= 54.249 -> Pt_DKAFlg <= 0.000)
",0.000,0.000,0.000,1.000,0.000,3,0,0,0,3,0,3,0,1.0,0.0,0.0,1.0,1.0,0.0
"G[0,1](WeightKg >= 40.185 | Pt_CGMUseNumDays <= 0.000)
",9999999.000,9999999.000,0.000,1.000,0.000,3,0,0,0,3,0,3,0,1.0,0.0,0.0,1.0,1.0,0.0
"G[0,0](((BldPrDia <= 61.222 | SMBGperDayPtMeterCombo <= 7.850) & Pt_FatherT1D >= 4.976) -> Pt_CGMUseNumDays >= 4.010)
",-345.990,-345.990,0.000,1.000,0.000,3,0,0,0,3,0,3,0,1.0,0.0,0.0,1.0,1.0,0.0
"G[0,1](((Pt_GrandchildT1D <= 0.000 -> HbA1cImputeDtMnC >= 4.797) & bmi <= 61.937) | Pt_MotherT1D <= 56.969)
",9999999.000,9999999.000,0.000,1.000,0.000,3,0,0,0,3,0,3,0,1.0,0.0,0.0,1.0,1.0,0.0
"G[1,1]((HeightCm <= 166.580 & BUN >= 0.770) -> BldPrDia >= 0.950)
",0.770,0.770,0.000,1.000,0.000,3,0,0,0,3,0,3,0,1.0,0.0,0.0,1.0,1.0,0.0
"G[1,1](BGTestAvgNumPtRep >= 1.490 | UnitsInsBasalOrLongAct >= 14.475)
",-1.490,-1.490,0.000,1.000,0.000,3,0,0,0,3,0,3,0,1.0,0.0,0.0,1.0,1.0,0.0
"G[0,1](diabDur >= 5.732 | GFR >= 0.000)
",9999999.000,9999999.000,0.000,1.000,0.000,3,0,0,0,3,0,3,0,1.0,0.0,0.0,1.0,1.0,0.0
"G[1,1](((HbA1cImputeDtMnC <= 55.241 -> HDL >= 6.980) | AlbCreatRat_mggNew <= 89.226) | diabDur >= 45.602)
",6278700172871451.000,89.226,0.000,1.000,0.000,3,0,0,0,3,0,3,0,1.0,0.0,0.0,1.0,1.0,0.0
"G[0,1]((bmi >= 19.309 | HDL <= 75.601) & HbA1c >= 1.850)
",9999999.000,9999999.000,0.000,1.000,0.000,3,0,0,0,3,0,3,0,1.0,0.0,0.0,1.0,1.0,0.0
"G[0,1](((BldPrSys <= 96.777 | BUN <= 15.837) -> TSH <= 15.127) | Pt_GrandparentT1D <= 12.386)
",9999999.000,9999999.000,0.000,1.000,0.000,3,0,0,0,3,0,3,0,1.0,0.0,0.0,1.0,1.0,0.0
"G[0,1]((BldPrSys >= 59.108 | HeightCm >= 156.394) -> BGTestAvgNumMeter <= 161.436)
",9999999.000,9999999.000,0.000,1.000,0.000,3,0,0,0,3,0,3,0,1.0,0.0,0.0,1.0,1.0,0.0
"G[0,1](((AlbCreatRat_mggNew >= 12.164 -> WeightKg >= 42.234) & LDL >= 50.633) -> bmi <= 64.241)
",9999999.000,9999999.000,0.000,1.000,0.000,3,0,0,0,3,0,3,0,1.0,0.0,0.0,1.0,1.0,0.0
"G[1,1](((UnitsInsBasalOrLongAct <= 30.998 & WeightKg <= 54.575) | LDL >= 41.239) | HeightCm >= 40.868)
",8725146716427467.000,30.998,0.000,1.000,0.000,3,0,0,0,3,0,3,0,1.0,0.0,0.0,1.0,1.0,0.0
"G[0,1](((Pt_A1cGoalLev <= 0.000 & HeightCm <= 163.368) | age >= 157.639) | NumPumpBolusOrShortAct <= 164.041)
",9999999.000,9999999.000,0.000,1.000,0.000,3,0,0,0,3,0,3,0,1.0,0.0,0.0,1.0,1.0,0.0
"G[0,0](Pt_SHFlg >= 0.000 | bmiZscore >= -0.090)
",1.131,30.034,0.000,1.000,0.000,3,0,0,0,3,0,3,0,1.0,0.0,0.0,1.0,1.0,0.0
"G[0,0]((bmiZscore >= 0.166 | Triglyc <= 45.332) | Pt_SHFlg >= 37.794)
",1.311,24.254,0.000,1.000,0.000,3,0,0,0,3,0,3,0,1.0,0.0,0.0,1.0,1.0,0.0
"G[0,1](((BGTestAvgNumPtRep <= 3.360 | HDL <= 88.592) | BldPrSys <= 84.396) & LDL <= 88.496)
",9999999.000,9999999.000,0.000,1.000,0.000,3,0,0,0,3,0,3,0,1.0,0.0,0.0,1.0,1.0,0.0
"G[0,1]((BldPrSys >= 4.890 | LDL <= 56.819) & Pt_SHFlg <= 53.199)
",9999999.000,9999999.000,0.000,1.000,0.000,3,0,0,0,3,0,3,0,1.0,0.0,0.0,1.0,1.0,0.0
"G[1,1](((HbA1c <= 8.609 & TSH >= 0.967) & AutonomicNeuroCl >= 0.354) -> UnitsInsBasalOrLongAct >= 0.203)
",7325979680389235.000,0.203,0.000,1.000,0.000,3,0,0,0,3,0,3,0,1.0,0.0,0.0,1.0,1.0,0.0
"G[0,1]((Pt_DKAFlg >= 0.000 -> WeightKg <= 55.440) | LDL <= 64.780)
",9999999.000,9999999.000,0.000,1.000,0.000,3,0,0,0,3,0,3,0,1.0,0.0,0.0,1.0,1.0,0.0
"G[0,1]((bmi >= 18.704 -> SMBGperDayPtMeterCombo >= 4.181) -> Pt_DKAFlg <= 5.329)
",9999999.000,9999999.000,0.000,1.000,0.000,3,0,0,0,3,0,3,0,1.0,0.0,0.0,1.0,1.0,0.0
"G[0,1](((BGTestAvgNumPtRep <= 9.506 | HDL >= 24.897) & BldPrDia >= 8.559) | AutonomicNeuroCl <= 87.210)
",9999999.000,9999999.000,0.000,1.000,0.000,3,0,0,0,3,0,3,0,1.0,0.0,0.0,1.0,1.0,0.0
"G[0,1](((BldPrDia >= 25.521 -> Triglyc <= 62.551) | BGTestAvgNumPtRep >= 31.077) -> Pt_GrandparentT1D <= 53.275)
",9999999.000,9999999.000,0.000,1.000,0.000,3,0,0,0,3,0,3,0,1.0,0.0,0.0,1.0,1.0,0.0
"G[1,1]((HbA1c <= 8.372 | HeightCm <= 165.873) | Pt_InsGov >= 147.034)
",165.873,165.873,0.000,1.000,0.000,3,0,0,0,3,0,3,0,1.0,0.0,0.0,1.0,1.0,0.0
"G[0,0](((AlbCreatRat_mggNew >= 13.927 & AlbCreatRat_mggNew <= 21.676) | age >= 7.568) & Triglyc <= 17.140)
",-1.360,-84.549,0.000,1.000,0.000,2,0,0,1,3,0,2,1,0.6666666666666666,0.0,0.0,1.0,0.6666666666666666,0.33333333333333337
"G[0,1](bmiPerc <= 0.686 -> bmi >= 18.978)
",9999999.000,9999999.000,0.000,1.000,0.000,2,0,0,1,3,0,2,1,0.6666666666666666,0.0,0.0,1.0,0.6666666666666666,0.33333333333333337
"G[0,1]((bmi <= 21.444 -> NumPumpBolusOrShortAct <= 2.910) | Triglyc >= 0.587)
",9999999.000,9999999.000,0.000,1.000,0.000,2,0,0,1,3,0,2,1,0.6666666666666666,0.0,0.0,1.0,0.6666666666666666,0.33333333333333337
"G[0,0](HbA1c <= 8.124 & Pt_SiblingT1D <= 0.444)
",0.444,0.444,0.000,1.000,0.000,2,0,0,1,3,0,2,1,0.6666666666666666,0.0,0.0,1.0,0.6666666666666666,0.33333333333333337
"G[1,1]((BGTestAvgNumMeter <= 6.560 | Pt_SiblingT1D >= 0.160) & Pt_DKAFlg <= 0.923)
",0.923,0.923,0.000,1.000,0.000,2,0,0,1,3,0,2,1,0.6666666666666666,0.0,0.0,1.0,0.6666666666666666,0.33333333333333337
"G[0,0](((bmiZscore <= 0.555 -> BUN <= 16.991) & bmiZscore <= 7.382) & Pt_GrandchildT1D <= 8.767)
",-0.702,-5.636,0.000,1.000,0.000,2,0,0,1,3,0,2,1,0.6666666666666666,0.0,0.0,1.0,0.6666666666666666,0.33333333333333337
"G[0,1](((Pt_A1cGoalLevelDsYr5 <= 0.000 -> BldPrSys >= 80.314) & Pt_SHFlg <= 94.304) & Pt_A1cGoalLev <= 114.992)
",9999999.000,9999999.000,0.000,1.000,0.000,2,0,0,1,3,0,2,1,0.6666666666666666,0.0,0.0,1.0,0.6666666666666666,0.33333333333333337
"G[0,1]((Pt_A1cGoalLevelDsYr5 >= 0.000 -> NumPumpBolusOrShortAct >= 0.084) -> UnitsInsBasalOrLongAct >= 1.621)
",9999999.000,9999999.000,0.000,1.000,0.000,2,0,0,1,3,0,2,1,0.6666666666666666,0.0,0.0,1.0,0.6666666666666666,0.33333333333333337
"G[0,1]((HeightCm <= 165.828 -> TSH >= 0.184) | BUN <= 1.775)
",9999999.000,9999999.000,0.000,1.000,0.000,2,0,0,1,3,0,2,1,0.6666666666666666,0.0,0.0,1.0,0.6666666666666666,0.33333333333333337
"G[1,1](NumPumpBolusOrShortAct >= 0.960 -> Triglyc <= 76.077)
",-76.077,-76.077,0.000,1.000,0.000,2,0,0,1,3,0,2,1,0.6666666666666666,0.0,0.0,1.0,0.6666666666666666,0.33333333333333337
"G[0,1](NumPumpBolusOrShortAct <= 3.500 | UnitsInsBasalOrLongAct >= 15.742)
",9999999.000,9999999.000,0.000,1.000,0.000,2,0,0,1,3,0,2,1,0.6666666666666666,0.0,0.0,1.0,0.6666666666666666,0.33333333333333337
"G[0,1](Pt_ChildT1D >= 0.000 -> SMBGperDayPtMeterCombo <= 5.401)
",9999999.000,9999999.000,0.000,1.000,0.000,2,0,0,1,3,0,2,1,0.6666666666666666,0.0,0.0,1.0,0.6666666666666666,0.33333333333333337
"G[0,0](((HbA1cImputeDtMnC >= 30.736 | TSH >= 0.361) & Pt_FatherT1D <= 1.677) & HbA1cImputeDtMnC >= 0.331)
",0.344,0.329,0.000,1.000,0.000,2,0,0,1,3,0,2,1,0.6666666666666666,0.0,0.0,1.0,0.6666666666666666,0.33333333333333337
"G[0,1](AlbCreatRat_mggNew <= 20.605 -> Pt_SiblingT1D <= 0.332)
",9999999.000,9999999.000,0.000,1.000,0.000,2,0,0,1,3,0,2,1,0.6666666666666666,0.0,0.0,1.0,0.6666666666666666,0.33333333333333337
"G[0,1]((bmi <= 21.154 | TSH >= 1.059) | Pt_SHFlg >= 0.186)
",9999999.000,9999999.000,0.000,1.000,0.000,2,0,0,1,3,0,2,1,0.6666666666666666,0.0,0.0,1.0,0.6666666666666666,0.33333333333333337
"G[0,0](bmiPerc >= 0.550 | LDL >= 36.452)
",8.376,18.924,0.000,1.000,0.000,2,0,0,1,3,0,2,1,0.6666666666666666,0.0,0.0,1.0,0.6666666666666666,0.33333333333333337
"G[1,1]((NumPumpBolusOrShortAct >= 1.705 | BGTestAvgNumPtRep >= 0.048) -> GFR >= 2.660)
",6942096570042933.000,0.048,0.000,1.000,0.000,2,0,0,1,3,0,2,1,0.6666666666666666,0.0,0.0,1.0,0.6666666666666666,0.33333333333333337
"G[1,1]((WeightKg >= 39.093 | bmi >= 18.764) -> UnitsInsBasalOrLongAct <= 27.018)
",-7604985397245691.000,-27.018,0.000,1.000,0.000,2,0,0,1,3,0,2,1,0.6666666666666666,0.0,0.0,1.0,0.6666666666666666,0.33333333333333337
"G[0,1](WeightKg <= 65.707 & Pt_SHFlg = 0.000)
",9999999.000,9999999.000,0.000,1.000,0.000,2,0,0,1,3,0,2,1,0.6666666666666666,0.0,0.0,1.0,0.6666666666666666,0.33333333333333337
"G[0,1](LDL >= 19.770 -> LDL <= 68.807)
",9999999.000,9999999.000,0.000,1.000,0.000,2,0,0,1,3,0,2,1,0.6666666666666666,0.0,0.0,1.0,0.6666666666666666,0.33333333333333337
"G[0,0]((WeightKg >= 53.320 | bmi >= 20.631) -> UnitsInsBasalOrLongAct <= 27.163)
",-3.452,-10.163,0.000,1.000,0.000,2,0,0,1,3,0,2,1,0.6666666666666666,0.0,0.0,1.0,0.6666666666666666,0.33333333333333337
"G[0,1](BGTestAvgNumPtRep < 7.050 & Pt_SHFlg = 0.000)
",9999999.000,9999999.000,0.000,1.000,0.000,2,0,0,1,3,0,2,1,0.6666666666666666,0.0,0.0,1.0,0.6666666666666666,0.33333333333333337
"G[0,0]((HDL >= 43.662 | TSH >= 1.041) & BUN <= 1.344)
",-1.282,-36.656,0.000,1.000,0.000,2,0,0,1,3,0,2,1,0.6666666666666666,0.0,0.0,1.0,0.6666666666666666,0.33333333333333337
"G[0,0](BGTestAvgNumMeter >= 4.594 | TSH >= 0.101)
",1.930,15.570,0.000,1.000,0.000,2,0,0,1,3,0,2,1,0.6666666666666666,0.0,0.0,1.0,0.6666666666666666,0.33333333333333337
"G[0,0](SMBGperDayPtMeterCombo >= 4.392 & BGTestAvgNumPtRep >= 2.212)
",4.499,2.121,0.000,1.000,0.000,1,0,0,2,3,0,1,2,0.3333333333333333,0.0,0.0,1.0,0.3333333333333333,0.6666666666666667
"G[0,1](SMBGperDayPtMeterCombo >= 4.586 & BGTestAvgNumPtRep >= 0.630)
",9999999.000,9999999.000,0.000,1.000,0.000,1,0,0,2,3,0,1,2,0.3333333333333333,0.0,0.0,1.0,0.3333333333333333,0.6666666666666667
"G[0,0](SMBGperDayPtMeterCombo >= 4.398 & BGTestAvgNumPtRep >= 1.364)
",6.299,2.970,0.000,1.000,0.000,1,0,0,2,3,0,1,2,0.3333333333333333,0.0,0.0,1.0,0.3333333333333333,0.6666666666666667
"G[0,0](GFR <= 0.000 -> BUN >= 1.980)
",-1.324,-36.691,0.000,1.000,0.000,1,0,0,2,3,0,1,2,0.3333333333333333,0.0,0.0,1.0,0.3333333333333333,0.6666666666666667
"G[0,1](HbA1cImputeDtMnC <= 74.169 & WeightKg >= 50.055)
",9999999.000,9999999.000,0.000,1.000,0.000,1,0,0,2,3,0,1,2,0.3333333333333333,0.0,0.0,1.0,0.3333333333333333,0.6666666666666667
"G[1,1](SMBGperDayPtMeterCombo >= 4.855 & BGTestAvgNumPtRep >= 0.773)
",-4.855,-4.855,0.000,1.000,0.000,1,0,0,2,3,0,1,2,0.3333333333333333,0.0,0.0,1.0,0.3333333333333333,0.6666666666666667
"G[1,1]((WeightKg >= 51.065 | bmi >= 18.455) -> UnitsInsBasalOrLongAct <= 22.864)
",-6435558225730157.000,-22.864,0.000,1.000,0.000,1,0,0,2,3,0,1,2,0.3333333333333333,0.0,0.0,1.0,0.3333333333333333,0.6666666666666667
"G[0,0](GFR <= 0.000 -> BUN >= 2.023)
",-1.324,-36.663,0.000,1.000,0.000,1,0,0,2,3,0,1,2,0.3333333333333333,0.0,0.0,1.0,0.3333333333333333,0.6666666666666667
"G[0,1](SMBGperDayPtMeterCombo >= 4.968 & BGTestAvgNumPtRep >= 0.509)
",9999999.000,9999999.000,0.000,1.000,0.000,1,0,0,2,3,0,1,2,0.3333333333333333,0.0,0.0,1.0,0.3333333333333333,0.6666666666666667
"G[0,1](BGTestAvgNumPtRep < 3.563 & Pt_SHFlg = 0.000)
",9999999.000,9999999.000,0.000,1.000,0.000,1,0,0,2,3,0,1,2,0.3333333333333333,0.0,0.0,1.0,0.3333333333333333,0.6666666666666667
"G[1,1]((bmi <= 21.412 & BGTestAvgNumPtRep <= 5.330) & HbA1c >= 1.028)
",-1.028,-1.028,0.000,1.000,0.000,1,0,0,2,3,0,1,2,0.3333333333333333,0.0,0.0,1.0,0.3333333333333333,0.6666666666666667
"G[0,1](AlbCreatRat_mggNew <= 21.542 & BUN <= 16.368)
",9999999.000,9999999.000,0.000,1.000,0.000,1,0,0,2,3,0,1,2,0.3333333333333333,0.0,0.0,1.0,0.3333333333333333,0.6666666666666667
"G[0,0]((WeightKg >= 45.475 | bmi >= 19.237) -> UnitsInsBasalOrLongAct <= 26.004)
",-3.059,-9.004,0.000,1.000,0.000,1,0,0,2,3,0,1,2,0.3333333333333333,0.0,0.0,1.0,0.3333333333333333,0.6666666666666667
"G[0,0](Pt_InsGov <= 0.952 & BldPrSys >= 36.869)
",-36.869,-36.869,0.000,1.000,0.000,1,0,0,2,3,0,1,2,0.3333333333333333,0.0,0.0,1.0,0.3333333333333333,0.6666666666666667
"G[0,1](LDL >= 25.510 & Pt_SHFlg = 0.000)
",9999999.000,9999999.000,0.000,1.000,0.000,1,0,0,2,3,0,1,2,0.3333333333333333,0.0,0.0,1.0,0.3333333333333333,0.6666666666666667
"G[1,1]((WeightKg >= 50.718 | bmi >= 20.745) -> UnitsInsBasalOrLongAct <= 23.225)
",-23.225,-23.225,0.000,1.000,0.000,1,0,0,2,3,0,1,2,0.3333333333333333,0.0,0.0,1.0,0.3333333333333333,0.6666666666666667
"G[0,1](Pt_A1cGoalLevelDsYr5 >= 0.000 & BGTestAvgNumMeter >= 4.519)
",9999999.000,9999999.000,0.000,1.000,0.000,1,0,0,2,3,0,1,2,0.3333333333333333,0.0,0.0,1.0,0.3333333333333333,0.6666666666666667
"G[0,1](AlbCreatRat_mggNew >= 7.116 -> UnitsInsBasalOrLongAct <= 24.186)
",9999999.000,9999999.000,0.000,1.000,0.000,1,0,0,2,3,0,1,2,0.3333333333333333,0.0,0.0,1.0,0.3333333333333333,0.6666666666666667
"G[1,1](bmiPerc >= 0.569 & WeightKg <= 55.106)
",-0.569,-0.569,0.000,1.000,0.000,1,0,0,2,3,0,1,2,0.3333333333333333,0.0,0.0,1.0,0.3333333333333333,0.6666666666666667
"G[1,1]((bmiZscore >= 0.210 & TSH <= 1.224) | Pt_SiblingT1D >= 0.776)
",-0.210,-0.210,0.000,1.000,0.000,1,0,0,2,3,0,1,2,0.3333333333333333,0.0,0.0,1.0,0.3333333333333333,0.6666666666666667
"G[0,1](BUN >= 2.257 | BGTestAvgNumMeter >= 4.624)
",9999999.000,9999999.000,0.000,1.000,0.000,1,0,0,2,3,0,1,2,0.3333333333333333,0.0,0.0,1.0,0.3333333333333333,0.6666666666666667
"G[0,1](((BGTestAvgNumPtRep <= 6.875 | HbA1c >= 7.017) & diabDur >= 7.057) -> Pt_SiblingT1D >= 7.174)
",9999999.000,9999999.000,0.000,1.000,0.000,1,0,0,2,3,0,1,2,0.3333333333333333,0.0,0.0,1.0,0.3333333333333333,0.6666666666666667
"G[0,1]((WeightKg >= 52.756 | bmi >= 19.911) -> UnitsInsBasalOrLongAct <= 22.789)
",9999999.000,9999999.000,0.000,1.000,0.000,1,0,0,2,3,0,1,2,0.3333333333333333,0.0,0.0,1.0,0.3333333333333333,0.6666666666666667
"G[0,0](bmi <= 22.700 -> UnitsInsBasalOrLongAct <= 27.991)
",-22.700,-22.700,0.000,1.000,0.000,1,0,0,2,3,0,1,2,0.3333333333333333,0.0,0.0,1.0,0.3333333333333333,0.6666666666666667
"G[0,1](TotChol >= 22.176 -> WeightKg <= 54.276)
",9999999.000,9999999.000,0.000,1.000,0.000,1,0,0,2,3,0,1,2,0.3333333333333333,0.0,0.0,1.0,0.3333333333333333,0.6666666666666667
"G[0,1]((bmiZscore <= 0.526 & HbA1c >= 7.618) | bmi <= 8.154)
",9999999.000,9999999.000,0.000,1.000,0.000,1,0,0,2,3,0,1,2,0.3333333333333333,0.0,0.0,1.0,0.3333333333333333,0.6666666666666667
"G[1,2](((Pt_FatherT1D <= 0.000 & Pt_MotherT1D >= 0.000) -> bmi <= 0.000) -> HDL >= 0.000)
",9999999.000,9999999.000,0.000,1.000,0.000,0,0,3,0,0,3,3,0,0.0,0.0,1.0,0.0,0.0,1.0
"G[1,2](((BGTestAvgNumMeter <= 6.472 -> TSH >= 0.988) & AlbCreatRat_mggNew <= 1.815) & HDL >= 0.161)
",9999999.000,9999999.000,0.000,1.000,0.000,0,0,0,3,3,0,0,3,0.0,0.0,0.0,0.0,0.0,1.0
"G[0,2](BldPrDia <= 58.654 -> BldPrSys <= 118.152)
",9999999.000,9999999.000,0.000,1.000,0.000,0,0,3,0,0,3,3,0,0.0,0.0,1.0,0.0,0.0,1.0
"G[1,2]((UnitsInsBasalOrLongAct <= 25.450 | Pt_ChildT1D <= 0.000) & LDL <= 0.000)
",9999999.000,9999999.000,0.000,1.000,0.000,0,0,0,3,3,0,0,3,0.0,0.0,0.0,0.0,0.0,1.0
"G[2,2](TSH >= 0.718 | Pt_CGMUseNumDays >= 0.000)
",0.000,0.000,0.000,1.000,0.000,0,0,3,0,0,3,3,0,0.0,0.0,1.0,0.0,0.0,1.0
"G[0,2](NumPumpBolusOrShortAct <= 5.024 & age <= 15.616)
",9999999.000,9999999.000,0.000,1.000,0.000,0,0,2,1,1,2,2,1,0.0,0.0,1.0,0.0,0.0,1.0
"G[1,2](Pt_FatherT1D <= 0.000 | AutonomicNeuroCl <= 0.000)
",9999999.000,9999999.000,0.000,1.000,0.000,0,0,3,0,0,3,3,0,0.0,0.0,1.0,0.0,0.0,1.0
"G[0,2](((TotChol >= 87.822 & HeightCm >= 146.316) | TotalDailyInsPerKg >= 150.381) | Pt_GrandparentT1D <= 159.634)
",9999999.000,9999999.000,0.000,1.000,0.000,0,0,3,0,0,3,3,0,0.0,0.0,1.0,0.0,0.0,1.0
"G[0,2]((LDL >= 40.341 | NumPumpBolusOrShortAct <= 3.180) & Pt_InsGov <= 4.440)
",9999999.000,9999999.000,0.000,1.000,0.000,0,0,2,1,1,2,2,1,0.0,0.0,1.0,0.0,0.0,1.0
"G[1,2](((Pt_MotherT1D >= 0.000 & age <= 15.462) | LDL <= 15.576) & Pt_ChildT1D <= 16.011)
",9999999.000,9999999.000,0.000,1.000,0.000,0,0,2,1,1,2,2,1,0.0,0.0,1.0,0.0,0.0,1.0
"G[0,2]((DirectLDL <= 0.000 & GFR >= 0.000) | TotChol >= 0.000)
",9999999.000,9999999.000,0.000,1.000,0.000,0,0,3,0,0,3,3,0,0.0,0.0,1.0,0.0,0.0,1.0
"G[2,2](Pt_A1cGoalLev <= 0.000 | HbA1cImputeDtMnC <= 71.086)
",71.086,71.086,0.000,1.000,0.000,0,0,3,0,0,3,3,0,0.0,0.0,1.0,0.0,0.0,1.0
"G[0,1](((TotChol <= 148.204 & TotChol <= 121.152) & Pt_CGMUseNumDays <= 115.781) & SMBGperDayPtMeterCombo <= 142.552)
",9999999.000,9999999.000,0.000,1.000,0.000,0,0,0,3,3,0,0,3,0.0,0.0,0.0,0.0,0.0,1.0
"G[0,2](BUN <= 8.545 & HbA1cImputeDtMnC >= 35.079)
",9999999.000,9999999.000,0.000,1.000,0.000,0,0,2,1,1,2,2,1,0.0,0.0,1.0,0.0,0.0,1.0
"G[2,2]((bmiZscore <= 0.575 -> Pt_A1cGoalLevelDsYr5 <= 0.000) -> Pt_FatherT1D >= 0.000)
",0.000,0.000,0.000,1.000,0.000,0,0,3,0,0,3,3,0,0.0,0.0,1.0,0.0,0.0,1.0
"G[0,2](((bmiZscore >= -0.045 & BGTestAvgNumMeter >= 4.419) -> Pt_InsGov <= 6.702) -> Pt_CGMUseNumDays <= 6.446)
",9999999.000,9999999.000,0.000,1.000,0.000,0,0,3,0,0,3,3,0,0.0,0.0,1.0,0.0,0.0,1.0
"G[2,2](((Pt_SHFlg >= 0.000 | BldPrDia <= 53.591) -> Pt_GrandchildT1D >= 49.033) -> TotChol >= 37.407)
",37.407,37.407,0.000,1.000,0.000,0,0,3,0,0,3,3,0,0.0,0.0,1.0,0.0,0.0,1.0
"G[1,2]((HeightCm >= 152.687 | BUN >= 1.956) | Pt_A1cGoalLevelDsYr5 <= 10.763)
",9999999.000,9999999.000,0.000,1.000,0.000,0,0,3,0,0,3,3,0,0.0,0.0,1.0,0.0,0.0,1.0
"G[2,2](((BldPrDia <= 61.850 & Pt_SHFlg <= 0.000) -> bmiPerc <= 0.000) | Pt_CGMUseNumDays <= 0.000)
",0.000,0.000,0.000,1.000,0.000,0,0,3,0,0,3,3,0,0.0,0.0,1.0,0.0,0.0,1.0
"G[1,2]((BGTestAvgNumPtRep >= 2.086 -> Pt_FatherT1D >= 0.000) | WeightKg <= 0.000)
",9999999.000,9999999.000,0.000,1.000,0.000,0,0,3,0,0,3,3,0,0.0,0.0,1.0,0.0,0.0,1.0
"G[0,2]((Pt_DKAFlg <= 0.000 -> HbA1c <= 8.047) -> Pt_CGMUseNumDays >= 7.792)
",9999999.000,9999999.000,0.000,1.000,0.000,0,0,1,2,2,1,1,2,0.0,0.0,1.0,0.0,0.0,1.0
"G[1,2]((bmiZscore <= 0.675 | Pt_A1cGoalLevelDsYr5 >= 0.000) | BldPrDia >= 0.000)
",9999999.000,9999999.000,0.000,1.000,0.000,0,0,3,0,0,3,3,0,0.0,0.0,1.0,0.0,0.0,1.0
"G[0,2](TotChol <= 150.036 & WeightKg >= 43.282)
",9999999.000,9999999.000,0.000,1.000,0.000,0,0,1,2,2,1,1,2,0.0,0.0,1.0,0.0,0.0,1.0
"G[2,2](DirectLDL >= 0.000 -> age >= 14.272)
",0.000,0.000,0.000,1.000,0.000,0,0,3,0,0,3,3,0,0.0,0.0,1.0,0.0,0.0,1.0
"G[0,2](Pt_CGMUseNumDays >= 0.000 -> BGTestAvgNumMeter >= 4.862)
",9999999.000,9999999.000,0.000,1.000,0.000,0,0,1,2,2,1,1,2,0.0,0.0,1.0,0.0,0.0,1.0
"G[0,2]((BldPrDia >= 28.496 | GFR >= 0.000) -> bmiZscore <= 0.000)
",9999999.000,9999999.000,0.000,1.000,0.000,0,0,1,2,2,1,1,2,0.0,0.0,1.0,0.0,0.0,1.0
"G[1,2](HbA1cImputeDtMnC <= 71.557 -> HDL <= 65.483)
",9999999.000,9999999.000,0.000,1.000,0.000,0,0,1,2,2,1,1,2,0.0,0.0,1.0,0.0,0.0,1.0
"G[1,2](TSH <= 1.834 -> BldPrSys <= 110.543)
",9999999.000,9999999.000,0.000,1.000,0.000,0,0,2,1,1,2,2,1,0.0,0.0,1.0,0.0,0.0,1.0
"G[1,2](bmi <= 22.901 & Pt_MotherT1D <= 0.000)
",9999999.000,9999999.000,0.000,1.000,0.000,0,0,1,2,2,1,1,2,0.0,0.0,1.0,0.0,0.0,1.0
"G[0,2](Pt_A1cGoalLevelDsYr5 >= 0.000 -> bmiZscore <= 0.867)
",9999999.000,9999999.000,0.000,1.000,0.000,0,0,2,1,1,2,2,1,0.0,0.0,1.0,0.0,0.0,1.0
"G[1,2](Pt_FatherT1D <= 0.000 -> Pt_GrandparentT1D >= 0.000)
",9999999.000,9999999.000,0.000,1.000,0.000,0,0,3,0,0,3,3,0,0.0,0.0,1.0,0.0,0.0,1.0
"G[0,2]((bmiPerc >= 0.465 & Pt_DKAFlg <= 0.000) -> Pt_A1cGoalLev >= 0.000)
",9999999.000,9999999.000,0.000,1.000,0.000,0,0,3,0,0,3,3,0,0.0,0.0,1.0,0.0,0.0,1.0
"G[1,2](Pt_GrandchildT1D >= 0.000 | AutonomicNeuroCl >= 0.000)
",9999999.000,9999999.000,0.000,1.000,0.000,0,0,3,0,0,3,3,0,0.0,0.0,1.0,0.0,0.0,1.0
"G[2,2](((Pt_SHFlg <= 0.000 | DirectLDL >= 0.000) & Pt_SHFlg >= 0.000) & diagAgeCombo >= 0.000)
",0.000,0.000,0.000,1.000,0.000,0,0,3,0,0,3,3,0,0.0,0.0,1.0,0.0,0.0,1.0
"G[0,2]((age >= 13.970 -> AutonomicNeuroCl <= 0.000) | HeightCm >= 0.000)
",9999999.000,9999999.000,0.000,1.000,0.000,0,0,3,0,0,3,3,0,0.0,0.0,1.0,0.0,0.0,1.0
"G[2,2]((Pt_A1cGoalLevelDsYr5 <= 0.000 | Pt_SiblingT1D <= 0.217) -> BGTestAvgNumPtRep >= 0.139)
",-0.217,-0.217,0.000,1.000,0.000,0,0,3,0,0,3,3,0,0.0,0.0,1.0,0.0,0.0,1.0
"G[1,2]((LDL <= 42.904 & TotChol >= 71.485) & bmi >= 26.819)
",9999999.000,9999999.000,0.000,1.000,0.000,0,0,0,3,3,0,0,3,0.0,0.0,0.0,0.0,0.0,1.0
"G[1,2](((bmiZscore <= 0.633 | HbA1cImputeDtMnC >= 3.571) -> Pt_DKAFlg >= 1.968) -> WeightKg >= 9.931)
",9999999.000,9999999.000,0.000,1.000,0.000,0,0,3,0,0,3,3,0,0.0,0.0,1.0,0.0,0.0,1.0
"G[2,2]((WeightKg <= 56.392 | Pt_SHFlg <= 0.000) & HDL >= 0.000)
",0.000,0.000,0.000,1.000,0.000,0,0,3,0,0,3,3,0,0.0,0.0,1.0,0.0,0.0,1.0
"G[0,2]((Pt_ChildT1D <= 0.000 | HbA1c >= 6.864) & AutonomicNeuroCl >= 7.419)
",9999999.000,9999999.000,0.000,1.000,0.000,0,0,0,3,3,0,0,3,0.0,0.0,0.0,0.0,0.0,1.0
"G[1,2](((Pt_A1cGoalLevelDsYr5 <= 0.000 | Pt_CGMUseNumDays <= 0.000) | HDL >= 0.000) -> Pt_A1cGoalLevelDsYr5 <= 0.000)
",9999999.000,9999999.000,0.000,1.000,0.000,0,0,3,0,0,3,3,0,0.0,0.0,1.0,0.0,0.0,1.0
"G[1,2]((UnitsInsBasalOrLongAct >= 11.109 -> TotChol <= 141.662) & Pt_CGMUseNumDays <= 117.589)
",9999999.000,9999999.000,0.000,1.000,0.000,0,0,0,3,3,0,0,3,0.0,0.0,0.0,0.0,0.0,1.0
"G[2,2]((Pt_FatherT1D <= 0.000 & diagAgeCombo <= 5.000) & Pt_A1cGoalLev >= 5.000)
",-5.000,-5.000,0.000,1.000,0.000,0,0,3,0,0,3,3,0,0.0,0.0,1.0,0.0,0.0,1.0
"G[2,2](((AlbCreatRat_mggNew <= 21.720 & GFR <= 0.000) & BGTestAvgNumMeter <= 0.000) | Pt_InsGov <= 0.000)
",0.000,0.000,0.000,1.000,0.000,0,0,3,0,0,3,3,0,0.0,0.0,1.0,0.0,0.0,1.0
"G[0,2](((Pt_CGMUseNumDays <= 0.000 -> GFR <= 0.000) -> HDL >= 0.000) -> age >= 0.000)
",9999999.000,9999999.000,0.000,1.000,0.000,0,0,3,0,0,3,3,0,0.0,0.0,1.0,0.0,0.0,1.0
"G[1,2]((Pt_DKAFlg <= 0.000 & BGTestAvgNumPtRep <= 7.955) -> TotalDailyInsPerKg >= 2.371)
",9999999.000,9999999.000,0.000,1.000,0.000,0,0,1,2,2,1,1,2,0.0,0.0,1.0,0.0,0.0,1.0
"G[2,2]((TotalDailyInsPerKg <= 1.151 | HeightCm >= 150.143) & bmiZscore <= 160.354)
",1.151,1.151,0.000,1.000,0.000,0,0,3,0,0,3,3,0,0.0,0.0,1.0,0.0,0.0,1.0
"G[1,2]((Pt_MotherT1D <= 0.000 -> BGTestAvgNumPtRep <= 5.999) & HbA1cImputeDtMnC <= 7.473)
",9999999.000,9999999.000,0.000,1.000,0.000,0,0,0,3,3,0,0,3,0.0,0.0,0.0,0.0,0.0,1.0
"G[0,2](((age <= 16.546 & BUN >= 0.753) | AutonomicNeuroCl <= 9.422) -> BGTestAvgNumMeter >= 1.351)
",9999999.000,9999999.000,0.000,1.000,0.000,0,0,3,0,0,3,3,0,0.0,0.0,1.0,0.0,0.0,1.0
"G[1,2](Triglyc <= 51.253 -> bmiPerc >= 0.593)
",9999999.000,9999999.000,0.000,1.000,0.000,0,0,3,0,0,3,3,0,0.0,0.0,1.0,0.0,0.0,1.0
"G[1,2](diagAgeCombo <= 5.000 | TotChol >= 35.039)
",9999999.000,9999999.000,0.000,1.000,0.000,0,0,3,0,0,3,3,0,0.0,0.0,1.0,0.0,0.0,1.0
"G[0,2](((BldPrDia >= 27.785 | BGTestAvgNumMeter >= 4.770) & bmi >= 4.099) -> HeightCm >= 4.640)
",9999999.000,9999999.000,0.000,1.000,0.000,0,0,3,0,0,3,3,0,0.0,0.0,1.0,0.0,0.0,1.0
"G[0,2]((diabDur >= 8.149 | Pt_A1cGoalLevelDsYr5 <= 0.000) & HbA1cImputeDtMnC <= 0.000)
",9999999.000,9999999.000,0.000,1.000,0.000,0,0,0,3,3,0,0,3,0.0,0.0,0.0,0.0,0.0,1.0
"G[1,2](((Pt_SHFlg >= 0.000 | Pt_ChildT1D >= 0.000) -> Triglyc >= 0.000) | Pt_FatherT1D <= 0.000)
",9999999.000,9999999.000,0.000,1.000,0.000,0,0,3,0,0,3,3,0,0.0,0.0,1.0,0.0,0.0,1.0
"G[1,2](((Pt_GrandparentT1D >= 0.000 | BldPrDia <= 59.109) -> BGTestAvgNumPtRep <= 59.628) | BGTestAvgNumPtRep <= 51.349)
",9999999.000,9999999.000,0.000,1.000,0.000,0,0,3,0,0,3,3,0,0.0,0.0,1.0,0.0,0.0,1.0
"G[0,0](((Pt_SiblingT1D >= 0.021 & Pt_SHFlg <= 0.000) & Pt_MotherT1D >= 0.000) & age <= 0.000)
",-1.116,-29.849,0.000,1.000,0.000,0,0,0,3,3,0,0,3,0.0,0.0,0.0,0.0,0.0,1.0
"G[1,2](WeightKg >= 40.538 -> Pt_MotherT1D >= 0.000)
",9999999.000,9999999.000,0.000,1.000,0.000,0,0,3,0,0,3,3,0,0.0,0.0,1.0,0.0,0.0,1.0
"G[1,2](((BGTestAvgNumPtRep <= 4.317 -> Pt_DKAFlg <= 0.000) & Pt_GrandchildT1D <= 0.000) & Pt_CGMUseNumDays <= 0.000)
",9999999.000,9999999.000,0.000,1.000,0.000,0,0,3,0,0,3,3,0,0.0,0.0,1.0,0.0,0.0,1.0
"G[1,2]((DirectLDL >= 0.000 & HeightCm >= 149.485) -> age >= 151.242)
",9999999.000,9999999.000,0.000,1.000,0.000,0,0,0,3,3,0,0,3,0.0,0.0,0.0,0.0,0.0,1.0
"G[0,2](((NumPumpBolusOrShortAct >= 1.418 | Pt_InsGov >= 0.223) | TotChol >= 0.108) -> BldPrSys >= 0.027)
",9999999.000,9999999.000,0.000,1.000,0.000,0,0,2,1,1,2,2,1,0.0,0.0,1.0,0.0,0.0,1.0
"G[2,2](Pt_FatherT1D <= 0.000 & Pt_CGMUseNumDays >= 0.000)
",0.000,0.000,0.000,1.000,0.000,0,0,3,0,0,3,3,0,0.0,0.0,1.0,0.0,0.0,1.0
"G[1,2]((HeightCm >= 150.746 | Pt_ChildT1D <= 0.000) -> Pt_A1cGoalLev >= 0.000)
",9999999.000,9999999.000,0.000,1.000,0.000,0,0,3,0,0,3,3,0,0.0,0.0,1.0,0.0,0.0,1.0
"G[0,2](((Pt_SiblingT1D <= 0.797 -> Pt_FatherT1D >= 0.000) & Pt_SiblingT1D <= 0.000) | BGTestAvgNumMeter <= 0.000)
",9999999.000,9999999.000,0.000,1.000,0.000,0,0,2,1,1,2,2,1,0.0,0.0,1.0,0.0,0.0,1.0
"G[0,2](((diagAgeCombo >= 5.000 & Pt_InsGov >= 0.136) | BUN >= 0.013) -> Pt_DKAFlg >= 0.115)
",9999999.000,9999999.000,0.000,1.000,0.000,0,0,1,2,2,1,1,2,0.0,0.0,1.0,0.0,0.0,1.0
"G[2,2](Pt_A1cGoalLevelDsYr5 <= 0.000 -> Pt_GrandparentT1D >= 0.000)
",0.000,0.000,0.000,1.000,0.000,0,0,3,0,0,3,3,0,0.0,0.0,1.0,0.0,0.0,1.0
"G[1,2]((TotalDailyInsPerKg <= 0.670 -> diagAgeCombo <= 5.000) & Pt_CGMUseNumDays >= 5.000)
",9999999.000,9999999.000,0.000,1.000,0.000,0,0,0,3,3,0,0,3,0.0,0.0,0.0,0.0,0.0,1.0
"G[0,2](SMBGperDayPtMeterCombo >= 4.490 & BGTestAvgNumPtRep >= 1.417)
",9999999.000,9999999.000,0.000,1.000,0.000,0,0,1,2,2,1,1,2,0.0,0.0,1.0,0.0,0.0,1.0
"G[0,2](Pt_InsGov <= 0.574 -> HbA1cImputeDtMnC >= 21.427)
",9999999.000,9999999.000,0.000,1.000,0.000,0,0,3,0,0,3,3,0,0.0,0.0,1.0,0.0,0.0,1.0
"G[0,1]((Pt_MotherT1D >= 0.000 & NumPumpBolusOrShortAct >= 0.918) & HbA1c >= 0.391)
",9999999.000,9999999.000,0.000,1.000,0.000,0,0,0,3,3,0,0,3,0.0,0.0,0.0,0.0,0.0,1.0
"G[1,2]((HeightCm <= 164.544 -> UnitsInsBasalOrLongAct <= 22.790) & Pt_FatherT1D <= 30.791)
",9999999.000,9999999.000,0.000,1.000,0.000,0,0,2,1,1,2,2,1,0.0,0.0,1.0,0.0,0.0,1.0
"G[1,2](((HeightCm >= 151.530 -> WeightKg >= 43.684) | GFR >= 47.500) -> GFR >= 48.528)
",9999999.000,9999999.000,0.000,1.000,0.000,0,0,0,3,3,0,0,3,0.0,0.0,0.0,0.0,0.0,1.0
"G[0,2]((HbA1cImputeDtMnC <= 43.795 | HeightCm <= 161.843) & HbA1cImputeDtMnC >= 152.994)
",9999999.000,9999999.000,0.000,1.000,0.000,0,0,0,3,3,0,0,3,0.0,0.0,0.0,0.0,0.0,1.0
"G[1,2]((bmiZscore >= 0.084 -> HbA1cImputeDtMnC >= 6.337) | UnitsInsBasalOrLongAct >= 20.041)
",9999999.000,9999999.000,0.000,1.000,0.000,0,0,3,0,0,3,3,0,0.0,0.0,1.0,0.0,0.0,1.0
"G[0,1](((bmi <= 22.409 | HbA1c <= 8.645) | Triglyc <= 8.241) -> bmi <= 8.272)
",9999999.000,9999999.000,0.000,1.000,0.000,0,0,0,3,3,0,0,3,0.0,0.0,0.0,0.0,0.0,1.0
"G[1,2]((NumPumpBolusOrShortAct <= 4.605 -> TSH >= 1.062) & BldPrSys >= 0.094)
",9999999.000,9999999.000,0.000,1.000,0.000,0,0,2,1,1,2,2,1,0.0,0.0,1.0,0.0,0.0,1.0
"G[0,2](LDL <= 54.060 & Triglyc >= 34.693)
",9999999.000,9999999.000,0.000,1.000,0.000,0,0,0,3,3,0,0,3,0.0,0.0,0.0,0.0,0.0,1.0
"G[1,2]((AlbCreatRat_mggNew <= 16.820 -> BldPrSys <= 98.193) | GFR >= 63.986)
",9999999.000,9999999.000,0.000,1.000,0.000,0,0,3,0,0,3,3,0,0.0,0.0,1.0,0.0,0.0,1.0
"G[1,2](BGTestAvgNumPtRep <= 3.942 | BldPrSys >= 18.901)
",9999999.000,9999999.000,0.000,1.000,0.000,0,0,2,1,1,2,2,1,0.0,0.0,1.0,0.0,0.0,1.0
"G[0,2]((AlbCreatRat_mggNew >= 16.091 -> BldPrDia >= 49.597) | bmiPerc <= 57.128)
",9999999.000,9999999.000,0.000,1.000,0.000,0,0,3,0,0,3,3,0,0.0,0.0,1.0,0.0,0.0,1.0
"G[2,2]((BldPrDia >= 26.834 | NumPumpBolusOrShortAct >= 1.778) | age >= 1.843)
",-1.778,-1.778,0.000,1.000,0.000,0,0,3,0,0,3,3,0,0.0,0.0,1.0,0.0,0.0,1.0
"G[0,1]((AlbCreatRat_mggNew <= 19.721 & bmi <= 24.269) | bmiZscore >= 18.183)
",9999999.000,9999999.000,0.000,1.000,0.000,0,0,0,3,3,0,0,3,0.0,0.0,0.0,0.0,0.0,1.0
"G[0,0](((BGTestAvgNumPtRep >= 3.152 & BldPrDia <= 52.886) | HeightCm >= 10.062) -> GFR >= 26.552)
",-3.393,-38.305,0.000,1.000,0.000,0,0,0,3,3,0,0,3,0.0,0.0,0.0,0.0,0.0,1.0
"G[0,1]((BGTestAvgNumPtRep >= 0.535 & TSH >= 0.745) & BGTestAvgNumMeter <= 1.740)
",9999999.000,9999999.000,0.000,1.000,0.000,0,0,0,3,3,0,0,3,0.0,0.0,0.0,0.0,0.0,1.0
"G[0,2]((diabDur <= 9.492 | HDL >= 23.834) -> bmi >= 5.853)
",9999999.000,9999999.000,0.000,1.000,0.000,0,0,3,0,0,3,3,0,0.0,0.0,1.0,0.0,0.0,1.0
"G[1,2](((BUN <= 7.649 | WeightKg >= 41.248) & AutonomicNeuroCl >= 39.371) -> HeightCm >= 51.548)
",9999999.000,9999999.000,0.000,1.000,0.000,0,0,3,0,0,3,3,0,0.0,0.0,1.0,0.0,0.0,1.0
"G[0,2](((bmiZscore <= 0.818 -> SMBGperDayPtMeterCombo <= 7.694) & Pt_GrandchildT1D <= 5.081) & AutonomicNeuroCl <= 5.991)
",9999999.000,9999999.000,0.000,1.000,0.000,0,0,3,0,0,3,3,0,0.0,0.0,1.0,0.0,0.0,1.0
"G[1,1](((bmiPerc >= 0.506 -> SMBGperDayPtMeterCombo >= 4.279) | HeightCm >= 4.072) -> Pt_FatherT1D >= 4.498)
",-0.506,-0.506,0.000,1.000,0.000,0,0,0,3,3,0,0,3,0.0,0.0,0.0,0.0,0.0,1.0
"G[1,2]((HbA1c <= 8.102 -> HbA1cImputeDtMnC <= 76.210) | BGTestAvgNumMeter <= 47.206)
",9999999.000,9999999.000,0.000,1.000,0.000,0,0,3,0,0,3,3,0,0.0,0.0,1.0,0.0,0.0,1.0
"G[2,2](((HbA1cImputeDtMnC <= 53.203 & TotChol >= 32.608) | HbA1cImputeDtMnC <= 106.759) & SMBGperDayPtMeterCombo >= 45.449)
",-6396325601093203.000,-45.449,0.000,1.000,0.000,0,0,3,0,0,3,3,0,0.0,0.0,1.0,0.0,0.0,1.0
"G[0,2](((diabDur <= 10.233 | TotChol <= 147.728) | Pt_InsGov <= 146.969) -> DirectLDL <= 154.394)
",9999999.000,9999999.000,0.000,1.000,0.000,0,0,3,0,0,3,3,0,0.0,0.0,1.0,0.0,0.0,1.0
"G[0,1](((Pt_InsGov <= 0.576 -> TotalDailyInsPerKg <= 0.744) -> AutonomicNeuroCl <= 0.967) & Pt_A1cGoalLevelDsYr5 >= 0.164)
",9999999.000,9999999.000,0.000,1.000,0.000,0,0,0,3,3,0,0,3,0.0,0.0,0.0,0.0,0.0,1.0
"G[1,2](BGTestAvgNumPtRep >= 3.195 | TotalDailyInsPerKg >= 0.416)
",9999999.000,9999999.000,0.000,1.000,0.000,0,0,2,1,1,2,2,1,0.0,0.0,1.0,0.0,0.0,1.0
"G[2,2](((bmi >= 19.065 -> TotChol <= 151.569) | diagAgeCombo <= 115.229) & UnitsInsBasalOrLongAct >= 4.934)
",-4.934,-4.934,0.000,1.000,0.000,0,0,3,0,0,3,3,0,0.0,0.0,1.0,0.0,0.0,1.0
"G[0,2]((Pt_InsGov <= 0.560 & Pt_SiblingT1D >= 0.108) | AlbCreatRat_mggNew >= 0.125)
",9999999.000,9999999.000,0.000,1.000,0.000,0,0,3,0,0,3,3,0,0.0,0.0,1.0,0.0,0.0,1.0
"G[0,2]((TotChol >= 85.118 | Triglyc <= 55.517) -> AutonomicNeuroCl <= 39.258)
",9999999.000,9999999.000,0.000,1.000,0.000,0,0,3,0,0,3,3,0,0.0,0.0,1.0,0.0,0.0,1.0
"G[0,2](bmi >= 18.641 & WeightKg <= 57.402)
",9999999.000,9999999.000,0.000,1.000,0.000,0,0,1,2,2,1,1,2,0.0,0.0,1.0,0.0,0.0,1.0
"G[0,2]((bmi <= 21.158 | bmiZscore >= -0.007) -> BUN <= 0.510)
",9999999.000,9999999.000,0.000,1.000,0.000,0,0,2,1,1,2,2,1,0.0,0.0,1.0,0.0,0.0,1.0
"G[2,2]((WeightKg >= 49.343 | bmi >= 18.397) -> UnitsInsBasalOrLongAct <= 26.726)
",-26.726,-26.726,0.000,1.000,0.000,0,0,3,0,0,3,3,0,0.0,0.0,1.0,0.0,0.0,1.0
"G[1,2](SMBGperDayPtMeterCombo >= 4.319 & BGTestAvgNumPtRep >= 1.114)
",9999999.000,9999999.000,0.000,1.000,0.000,0,0,1,2,2,1,1,2,0.0,0.0,1.0,0.0,0.0,1.0
"G[0,1](GFR <= 0.000 -> BUN >= 2.175)
",9999999.000,9999999.000,0.000,1.000,0.000,0,0,0,3,3,0,0,3,0.0,0.0,0.0,0.0,0.0,1.0
"G[0,2]((WeightKg >= 50.812 | bmi >= 20.176) -> UnitsInsBasalOrLongAct <= 24.992)
",9999999.000,9999999.000,0.000,1.000,0.000,0,0,1,2,2,1,1,2,0.0,0.0,1.0,0.0,0.0,1.0
"G[0,2](SMBGperDayPtMeterCombo >= 4.048 & BGTestAvgNumPtRep >= 0.555)
",9999999.000,9999999.000,0.000,1.000,0.000,0,0,1,2,2,1,1,2,0.0,0.0,1.0,0.0,0.0,1.0
"G[0,1](GFR <= 0.000 -> BUN >= 1.409)
",9999999.000,9999999.000,0.000,1.000,0.000,0,0,0,3,3,0,0,3,0.0,0.0,0.0,0.0,0.0,1.0
"G[2,2]((WeightKg >= 43.719 | bmi >= 18.146) -> UnitsInsBasalOrLongAct <= 24.642)
",-24.642,-24.642,0.000,1.000,0.000,0,0,3,0,0,3,3,0,0.0,0.0,1.0,0.0,0.0,1.0
"G[1,2](SMBGperDayPtMeterCombo >= 4.284 & BGTestAvgNumPtRep >= 2.279)
",9999999.000,9999999.000,0.000,1.000,0.000,0,0,1,2,2,1,1,2,0.0,0.0,1.0,0.0,0.0,1.0
"G[1,2](GFR <= 0.000 -> BUN >= 0.715)
",9999999.000,9999999.000,0.000,1.000,0.000,0,0,0,3,3,0,0,3,0.0,0.0,0.0,0.0,0.0,1.0
"G[0,1](GFR <= 0.000 -> BUN >= 1.907)
",9999999.000,9999999.000,0.000,1.000,0.000,0,0,0,3,3,0,0,3,0.0,0.0,0.0,0.0,0.0,1.0
"G[0,2](GFR <= 0.000 -> BUN >= 1.273)
",9999999.000,9999999.000,0.000,1.000,0.000,0,0,0,3,3,0,0,3,0.0,0.0,0.0,0.0,0.0,1.0
"G[1,1](GFR <= 0.000 -> BUN >= 0.762)
",0.000,0.000,0.000,1.000,0.000,0,0,0,3,3,0,0,3,0.0,0.0,0.0,0.0,0.0,1.0
"G[0,2](SMBGperDayPtMeterCombo >= 4.996 & BGTestAvgNumPtRep >= 1.322)
",9999999.000,9999999.000,0.000,1.000,0.000,0,0,1,2,2,1,1,2,0.0,0.0,1.0,0.0,0.0,1.0
"G[0,1]((bmi >= 19.400 & bmiPerc <= 0.649) & TSH <= 0.671)
",9999999.000,9999999.000,0.000,1.000,0.000,0,0,0,3,3,0,0,3,0.0,0.0,0.0,0.0,0.0,1.0
"G[1,2](GFR <= 0.000 -> BUN >= 0.201)
",9999999.000,9999999.000,0.000,1.000,0.000,0,0,0,3,3,0,0,3,0.0,0.0,0.0,0.0,0.0,1.0
"G[2,2]((WeightKg >= 47.776 | bmi >= 19.474) -> UnitsInsBasalOrLongAct <= 30.475)
",-8578036885408469.000,-30.475,0.000,1.000,0.000,0,0,3,0,0,3,3,0,0.0,0.0,1.0,0.0,0.0,1.0
"G[0,2](Pt_FatherT1D > 0.000 -> Pt_SHFlg = 0.000)
",9999999.000,9999999.000,0.000,1.000,0.000,0,0,3,0,0,3,3,0,0.0,0.0,1.0,0.0,0.0,1.0
"G[0,2](age > 12.715 & Pt_SHFlg = 0.000)
",9999999.000,9999999.000,0.000,1.000,0.000,0,0,2,1,1,2,2,1,0.0,0.0,1.0,0.0,0.0,1.0
"G[1,1](Pt_GrandchildT1D > 0.000 & Pt_SHFlg = 0.000)
",0.000,0.000,0.000,1.000,0.000,0,0,0,3,3,0,0,3,0.0,0.0,0.0,0.0,0.0,1.0
"G[1,2](BldPrDia <= 53.098 -> Pt_SHFlg = 0.000)
",9999999.000,9999999.000,0.000,1.000,0.000,0,0,3,0,0,3,3,0,0.0,0.0,1.0,0.0,0.0,1.0
"G[0,1](Pt_CGMUseNumDays < 0.000 & Pt_SHFlg = 0.000)
",9999999.000,9999999.000,0.000,1.000,0.000,0,0,0,3,3,0,0,3,0.0,0.0,0.0,0.0,0.0,1.0
"G[2,2](Pt_ChildT1D <= 0.000 & Pt_SHFlg = 0.000)
",0.000,0.000,0.000,1.000,0.000,0,0,3,0,0,3,3,0,0.0,0.0,1.0,0.0,0.0,1.0
"G[2,2](HDL > 16.111 -> Pt_SHFlg = 0.000)
",0.000,0.000,0.000,1.000,0.000,0,0,3,0,0,3,3,0,0.0,0.0,1.0,0.0,0.0,1.0
"G[1,2](bmiZscore >= 0.016 -> Pt_SHFlg = 0.000)
",9999999.000,9999999.000,0.000,1.000,0.000,0,0,3,0,0,3,3,0,0.0,0.0,1.0,0.0,0.0,1.0
"G[0,1](((bmiPerc <= 0.695 | bmiZscore <= 0.489) | Pt_MotherT1D >= 0.038) & Pt_CGMUseNumDays >= 0.262)
",9999999.000,9999999.000,0.000,1.000,0.000,0,0,0,3,3,0,0,3,0.0,0.0,0.0,0.0,0.0,1.0
"G[1,2](((bmi >= 19.313 & BUN >= 1.212) | AutonomicNeuroCl >= 0.076) | BGTestAvgNumPtRep >= 2.680)
",9999999.000,9999999.000,0.000,1.000,0.000,0,0,1,2,2,1,1,2,0.0,0.0,1.0,0.0,0.0,1.0
"G[1,2](Pt_SiblingT1D >= 0.122 | TotChol >= 45.099)
",9999999.000,9999999.000,0.000,1.000,0.000,0,0,3,0,0,3,3,0,0.0,0.0,1.0,0.0,0.0,1.0
"G[0,2]((LDL >= 18.560 & Pt_SiblingT1D >= 0.087) & AlbCreatRat_mggNew >= 0.081)
",9999999.000,9999999.000,0.000,1.000,0.000,0,0,0,3,3,0,0,3,0.0,0.0,0.0,0.0,0.0,1.0
"G[1,2](((HbA1cImputeDtMnC >= 31.995 -> TotalDailyInsPerKg <= 1.063) | Pt_DKAFlg <= 0.849) -> HbA1c <= 0.709)
",9999999.000,9999999.000,0.000,1.000,0.000,0,0,0,3,3,0,0,3,0.0,0.0,0.0,0.0,0.0,1.0
"G[1,2](((TotalDailyInsPerKg <= 0.986 & UnitsInsBasalOrLongAct <= 24.759) & HDL <= 24.521) | Pt_CGMUseNumDays <= 23.755)
",9999999.000,9999999.000,0.000,1.000,0.000,0,0,3,0,0,3,3,0,0.0,0.0,1.0,0.0,0.0,1.0
"G[0,2]((HDL >= 12.596 | Pt_InsGov <= 0.899) | HbA1cImputeDtMnC <= 0.875)
",9999999.000,9999999.000,0.000,1.000,0.000,0,0,3,0,0,3,3,0,0.0,0.0,1.0,0.0,0.0,1.0
"G[0,2]((LDL <= 68.489 -> Pt_InsGov <= 0.631) | Pt_GrandparentT1D <= 0.343)
",9999999.000,9999999.000,0.000,1.000,0.000,0,0,3,0,0,3,3,0,0.0,0.0,1.0,0.0,0.0,1.0
"G[1,2](((bmiZscore >= -0.043 | NumPumpBolusOrShortAct <= 3.318) -> bmi >= 0.136) & Pt_MotherT1D >= 0.593)
",9999999.000,9999999.000,0.000,1.000,0.000,0,0,0,3,3,0,0,3,0.0,0.0,0.0,0.0,0.0,1.0
"G[0,2](((BldPrSys <= 113.116 | TotalDailyInsPerKg <= 0.727) | HbA1c >= 0.143) -> AutonomicNeuroCl >= 0.410)
",9999999.000,9999999.000,0.000,1.000,0.000,0,0,0,3,3,0,0,3,0.0,0.0,0.0,0.0,0.0,1.0
"G[1,2]((AlbCreatRat_mggNew <= 21.132 -> BGTestAvgNumMeter >= 4.761) -> HeightCm >= 4.268)
",9999999.000,9999999.000,0.000,1.000,0.000,0,0,3,0,0,3,3,0,0.0,0.0,1.0,0.0,0.0,1.0
"G[0,2](GFR <= 0.000 -> BUN >= 0.942)
",9999999.000,9999999.000,0.000,1.000,0.000,0,0,0,3,3,0,0,3,0.0,0.0,0.0,0.0,0.0,1.0
"G[2,2](((diabDur <= 10.796 -> TSH >= 0.184) -> TSH >= 0.335) -> TotChol >= 0.312)
",-0.335,-0.335,0.000,1.000,0.000,0,0,3,0,0,3,3,0,0.0,0.0,1.0,0.0,0.0,1.0
"G[0,2]((BldPrSys <= 98.458 | Pt_SiblingT1D >= 0.079) & SMBGperDayPtMeterCombo >= 0.049)
",9999999.000,9999999.000,0.000,1.000,0.000,0,0,0,3,3,0,0,3,0.0,0.0,0.0,0.0,0.0,1.0
"G[0,0]((LDL <= 67.556 & NumPumpBolusOrShortAct <= 2.876) & diabDur <= 2.654)
",-5.197,-10.679,0.000,1.000,0.000,0,0,0,3,3,0,0,3,0.0,0.0,0.0,0.0,0.0,1.0
"G[0,2](SMBGperDayPtMeterCombo >= 4.768 -> Triglyc <= 54.904)
",9999999.000,9999999.000,0.000,1.000,0.000,0,0,2,1,1,2,2,1,0.0,0.0,1.0,0.0,0.0,1.0
"G[2,2](TotalDailyInsPerKg <= 0.887 & WeightKg >= 51.472)
",-51.472,-51.472,0.000,1.000,0.000,0,0,3,0,0,3,3,0,0.0,0.0,1.0,0.0,0.0,1.0
"G[1,2](((BGTestAvgNumPtRep >= 0.543 -> Triglyc <= 40.761) & HDL <= 69.507) -> bmi <= 48.670)
",9999999.000,9999999.000,0.000,1.000,0.000,0,0,3,0,0,3,3,0,0.0,0.0,1.0,0.0,0.0,1.0
"G[1,2]((TSH <= 1.205 -> WeightKg <= 59.215) -> BldPrSys >= 51.457)
",9999999.000,9999999.000,0.000,1.000,0.000,0,0,3,0,0,3,3,0,0.0,0.0,1.0,0.0,0.0,1.0
"G[0,2]((HDL >= 16.911 -> TotalDailyInsPerKg >= 0.046) & SMBGperDayPtMeterCombo >= 0.339)
",9999999.000,9999999.000,0.000,1.000,0.000,0,0,2,1,1,2,2,1,0.0,0.0,1.0,0.0,0.0,1.0
"G[1,2]((diabDur >= 6.196 & TotalDailyInsPerKg <= 0.676) -> BUN >= 0.013)
",9999999.000,9999999.000,0.000,1.000,0.000,0,0,2,1,1,2,2,1,0.0,0.0,1.0,0.0,0.0,1.0
"G[1,2](((diabDur >= 7.968 | NumPumpBolusOrShortAct <= 4.175) & Pt_CGMUseNumDays >= 1.650) | Pt_GrandparentT1D >= 0.252)
",9999999.000,9999999.000,0.000,1.000,0.000,0,0,0,3,3,0,0,3,0.0,0.0,0.0,0.0,0.0,1.0
"G[0,2]((TotalDailyInsPerKg <= 1.145 & TotChol >= 54.102) & Pt_SHFlg >= 29.083)
",9999999.000,9999999.000,0.000,1.000,0.000,0,0,0,3,3,0,0,3,0.0,0.0,0.0,0.0,0.0,1.0
"G[0,0](((HeightCm <= 158.796 -> NumPumpBolusOrShortAct >= 0.271) -> Pt_A1cGoalLev <= 3.434) -> diabDur <= 4.037)
",-1.566,-1.566,0.000,1.000,0.000,0,0,0,3,3,0,0,3,0.0,0.0,0.0,0.0,0.0,1.0
"G[1,2]((HbA1c >= 6.848 & NumPumpBolusOrShortAct <= 6.951) -> AutonomicNeuroCl <= 5.489)
",9999999.000,9999999.000,0.000,1.000,0.000,0,0,3,0,0,3,3,0,0.0,0.0,1.0,0.0,0.0,1.0
"G[0,1](((TotalDailyInsPerKg >= 0.328 | Triglyc <= 62.445) & Pt_A1cGoalLevelDsYr5 <= 52.228) & bmi >= 37.660)
",9999999.000,9999999.000,0.000,1.000,0.000,0,0,0,3,3,0,0,3,0.0,0.0,0.0,0.0,0.0,1.0
"G[1,1]((NumPumpBolusOrShortAct <= 3.993 | TotChol >= 57.607) & HeightCm <= 137.768)
",8990527683840061.000,3.993,0.000,1.000,0.000,0,0,0,3,3,0,0,3,0.0,0.0,0.0,0.0,0.0,1.0
"G[1,2]((SMBGperDayPtMeterCombo >= 4.470 & AutonomicNeuroCl <= 0.000) -> HDL <= 0.000)
",9999999.000,9999999.000,0.000,1.000,0.000,0,0,1,2,2,1,1,2,0.0,0.0,1.0,0.0,0.0,1.0
"G[1,2]((AutonomicNeuroCl >= 0.000 & BGTestAvgNumMeter <= 7.362) -> TotChol <= 7.620)
",9999999.000,9999999.000,0.000,1.000,0.000,0,0,1,2,2,1,1,2,0.0,0.0,1.0,0.0,0.0,1.0
"G[1,2](((BldPrDia <= 51.273 | HbA1c <= 8.041) & Pt_ChildT1D <= 8.335) -> HbA1cImputeDtMnC >= 7.374)
",9999999.000,9999999.000,0.000,1.000,0.000,0,0,3,0,0,3,3,0,0.0,0.0,1.0,0.0,0.0,1.0
"G[0,2]((TotChol >= 29.656 -> TSH <= 1.475) -> HbA1c >= 0.894)
",9999999.000,9999999.000,0.000,1.000,0.000,0,0,3,0,0,3,3,0,0.0,0.0,1.0,0.0,0.0,1.0
"G[1,2](((BUN >= 2.307 -> LDL >= 24.772) & age >= 23.930) & TotalDailyInsPerKg <= 51.939)
",9999999.000,9999999.000,0.000,1.000,0.000,0,0,0,3,3,0,0,3,0.0,0.0,0.0,0.0,0.0,1.0
"G[1,2]((bmiZscore <= 0.567 -> HeightCm <= 158.825) & TotChol >= 157.233)
",9999999.000,9999999.000,0.000,1.000,0.000,0,0,1,2,2,1,1,2,0.0,0.0,1.0,0.0,0.0,1.0
"G[1,2](((HbA1c <= 8.586 | LDL <= 65.173) | HeightCm >= 39.968) & TotChol <= 56.473)
",9999999.000,9999999.000,0.000,1.000,0.000,0,0,0,3,3,0,0,3,0.0,0.0,0.0,0.0,0.0,1.0
"G[0,2](bmiZscore <= 0.668 -> HDL >= 38.035)
",9999999.000,9999999.000,0.000,1.000,0.000,0,0,1,2,2,1,1,2,0.0,0.0,1.0,0.0,0.0,1.0
"G[0,2](bmiZscore >= 0.103 -> UnitsInsBasalOrLongAct >= 12.319)
",9999999.000,9999999.000,0.000,1.000,0.000,0,0,3,0,0,3,3,0,0.0,0.0,1.0,0.0,0.0,1.0
"G[1,2]((bmiPerc >= 0.510 | HDL <= 88.805) & diagAgeCombo <= 75.106)
",9999999.000,9999999.000,0.000,1.000,0.000,0,0,3,0,0,3,3,0,0.0,0.0,1.0,0.0,0.0,1.0
"G[1,2]((BldPrDia <= 63.889 & WeightKg <= 57.298) -> Pt_SiblingT1D >= 47.035)
",9999999.000,9999999.000,0.000,1.000,0.000,0,0,1,2,2,1,1,2,0.0,0.0,1.0,0.0,0.0,1.0
"G[0,2](BldPrDia <= 61.049 -> bmi >= 20.244)
",9999999.000,9999999.000,0.000,1.000,0.000,0,0,1,2,2,1,1,2,0.0,0.0,1.0,0.0,0.0,1.0
"G[0,1](((age >= 13.613 | BldPrSys >= 19.303) -> HbA1cImputeDtMnC <= 107.378) -> Pt_InsGov >= 64.981)
",9999999.000,9999999.000,0.000,1.000,0.000,0,0,0,3,3,0,0,3,0.0,0.0,0.0,0.0,0.0,1.0
"G[1,2](bmiZscore <= 0.544 & TotChol <= 150.195)
",9999999.000,9999999.000,0.000,1.000,0.000,0,0,0,3,3,0,0,3,0.0,0.0,0.0,0.0,0.0,1.0
"G[2,2](((Triglyc <= 56.952 | WeightKg >= 48.703) & BGTestAvgNumMeter <= 58.825) | Pt_GrandparentT1D <= 56.501)
",8015280650278619.000,56.952,0.000,1.000,0.000,0,0,3,0,0,3,3,0,0.0,0.0,1.0,0.0,0.0,1.0
"G[1,2](bmi <= 23.550 -> LDL >= 37.374)
",9999999.000,9999999.000,0.000,1.000,0.000,0,0,3,0,0,3,3,0,0.0,0.0,1.0,0.0,0.0,1.0
"G[0,2](((TSH >= 0.548 | UnitsInsBasalOrLongAct >= 19.691) & TotChol >= 4.385) & BGTestAvgNumPtRep <= 26.451)
",9999999.000,9999999.000,0.000,1.000,0.000,0,0,1,2,2,1,1,2,0.0,0.0,1.0,0.0,0.0,1.0
"G[0,2](HDL >= 19.162 & HeightCm <= 160.738)
",9999999.000,9999999.000,0.000,1.000,0.000,0,0,0,3,3,0,0,3,0.0,0.0,0.0,0.0,0.0,1.0
"G[0,2](((HeightCm >= 158.004 & LDL >= 26.730) & TSH >= 25.354) | bmiZscore >= 11.868)
",9999999.000,9999999.000,0.000,1.000,0.000,0,0,0,3,3,0,0,3,0.0,0.0,0.0,0.0,0.0,1.0
"G[0,2](LDL >= 12.518 -> WeightKg <= 59.254)
",9999999.000,9999999.000,0.000,1.000,0.000,0,0,2,1,1,2,2,1,0.0,0.0,1.0,0.0,0.0,1.0
"G[1,2](BldPrDia >= 1.593 & bmiPerc <= 0.736)
",9999999.000,9999999.000,0.000,1.000,0.000,0,0,1,2,2,1,1,2,0.0,0.0,1.0,0.0,0.0,1.0
"G[1,2]((BUN >= 0.911 & TotalDailyInsPerKg <= 0.868) | SMBGperDayPtMeterCombo <= 0.698)
",9999999.000,9999999.000,0.000,1.000,0.000,0,0,0,3,3,0,0,3,0.0,0.0,0.0,0.0,0.0,1.0
"G[1,1](BldPrSys <= 101.245 & HeightCm <= 160.018)
",101.245,101.245,0.000,1.000,0.000,0,0,0,3,3,0,0,3,0.0,0.0,0.0,0.0,0.0,1.0
"G[1,2](BGTestAvgNumPtRep >= 0.872 -> bmi <= 23.078)
",9999999.000,9999999.000,0.000,1.000,0.000,0,0,2,1,1,2,2,1,0.0,0.0,1.0,0.0,0.0,1.0
"G[0,2]((AlbCreatRat_mggNew >= 12.793 -> TSH <= 1.244) -> bmiZscore >= 0.442)
",9999999.000,9999999.000,0.000,1.000,0.000,0,0,2,1,1,2,2,1,0.0,0.0,1.0,0.0,0.0,1.0
"G[0,2](AlbCreatRat_mggNew <= 19.538 -> LDL <= 48.749)
",9999999.000,9999999.000,0.000,1.000,0.000,0,0,1,2,2,1,1,2,0.0,0.0,1.0,0.0,0.0,1.0
"G[1,2]((BGTestAvgNumMeter >= 4.325 -> diabDur >= 7.505) | HbA1c <= 10.994)
",9999999.000,9999999.000,0.000,1.000,0.000,0,0,3,0,0,3,3,0,0.0,0.0,1.0,0.0,0.0,1.0
"G[1,2](((BUN >= 0.646 -> NumPumpBolusOrShortAct <= 4.042) -> bmiPerc >= 1.308) & diabDur <= 2.867)
",9999999.000,9999999.000,0.000,1.000,0.000,0,0,0,3,3,0,0,3,0.0,0.0,0.0,0.0,0.0,1.0
"G[0,2](NumPumpBolusOrShortAct >= 0.341 | Pt_SiblingT1D >= 0.097)
",9999999.000,9999999.000,0.000,1.000,0.000,0,0,0,3,3,0,0,3,0.0,0.0,0.0,0.0,0.0,1.0
"G[2,2](((BldPrDia <= 51.848 -> Pt_InsGov <= 0.573) & Pt_A1cGoalLevelDsYr5 <= 0.547) -> Pt_FatherT1D >= 0.244)
",8806811255875621.000,0.244,0.000,1.000,0.000,0,0,3,0,0,3,3,0,0.0,0.0,1.0,0.0,0.0,1.0
"G[0,2](((BldPrDia <= 60.565 & AlbCreatRat_mggNew >= 7.823) & SMBGperDayPtMeterCombo >= 13.767) | GFR >= 8.695)
",9999999.000,9999999.000,0.000,1.000,0.000,0,0,0,3,3,0,0,3,0.0,0.0,0.0,0.0,0.0,1.0
