Rule,Discrimination Score,Pos Robustness,Neg Robustness,Percent Class +,Percent Class -,TP,TN,FP,FN,Actual Yes,Actual No,Predicted Yes,Predicted No,TPR/Sens,TNR/Spec,FPR,Precision,Accuracy,MCR,Class
"G[0,1]((UnitsInsBasalOrLongAct <= 0.000 & bmiPerc <= 0.000) -> AlbCreatRat_mggNew <= 0.000)
",9999999.000,9999999.000,0.000,1.000,0.000,1,0,0,0,1,0,1,0,1.0,0.0,0.0,1.0,1.0,0.0,1
"G[0,1]((AlbCreatRat_mggNew <= 0.000 | BGTestAvgNumMeter <= 0.000) & Pt_MotherT1D >= 0.000)
",9999999.000,9999999.000,0.000,1.000,0.000,1,0,0,0,1,0,1,0,1.0,0.0,0.0,1.0,1.0,0.0,1
"F[0,0]((Pt_A1cGoalLev <= 0.000 & TotalDailyInsPerKg >= 0.646) -> LDL >= 0.256)
",0.256,0.256,0.000,0.000,1.000,1,0,0,0,1,0,1,0,1.0,0.0,0.0,1.0,1.0,0.0,-1
"F[0,1]((UnitsInsBasalOrLongAct >= 0.000 | age <= 39.531) & SMBGperDayPtMeterCombo >= 39.476)
",-9999999.000,-9999999.000,0.000,0.000,1.000,1,0,0,0,1,0,1,0,1.0,0.0,0.0,1.0,1.0,0.0,-1
"F[0,1](bmiZscore <= 0.728 & Pt_InsGov >= 0.187)
",-9999999.000,-9999999.000,0.000,0.000,1.000,1,0,0,0,1,0,1,0,1.0,0.0,0.0,1.0,1.0,0.0,-1
"F[1,1](((AlbCreatRat_mggNew >= 0.000 -> BldPrSys <= 114.000) -> Pt_InsGov >= 114.000) & diagAgeCombo <= 114.000)
",114.000,114.000,0.000,0.000,1.000,1,0,0,0,1,0,1,0,1.0,0.0,0.0,1.0,1.0,0.0,-1
"G[1,1](NumPumpBolusOrShortAct <= 3.437 -> Pt_SHFlg = 0.000)
",-3.437,-3.437,0.000,1.000,0.000,1,0,0,0,1,0,1,0,1.0,0.0,0.0,1.0,1.0,0.0,1
"G[1,1]((GFR >= 0.000 -> SMBGperDayPtMeterCombo <= 3.887) | AlbCreatRat_mggNew <= 3.409)
",3.409,3.409,0.000,1.000,0.000,1,0,0,0,1,0,1,0,1.0,0.0,0.0,1.0,1.0,0.0,1
"G[0,1]((WeightKg >= 92.079 | bmi >= 34.845) -> UnitsInsBasalOrLongAct <= 0.000)
",9999999.000,9999999.000,0.000,1.000,0.000,1,0,0,0,1,0,1,0,1.0,0.0,0.0,1.0,1.0,0.0,1
"G[0,1]((Pt_SHFlg >= 0.000 -> AlbCreatRat_mggNew >= 0.000) & Pt_A1cGoalLevelDsYr5 >= 0.000)
",9999999.000,9999999.000,0.000,1.000,0.000,1,0,0,0,1,0,1,0,1.0,0.0,0.0,1.0,1.0,0.0,1
"G[0,0]((WeightKg >= 92.079 | bmi >= 34.845) -> UnitsInsBasalOrLongAct <= 0.000)
",0.000,0.000,0.000,1.000,0.000,1,0,0,0,1,0,1,0,1.0,0.0,0.0,1.0,1.0,0.0,1
"G[0,0](((TotalDailyInsPerKg <= 1.867 | Pt_ChildT1D >= 0.000) -> Pt_SHFlg >= 0.000) | Pt_SHFlg >= 0.000)
",0.000,0.000,0.000,1.000,0.000,1,0,0,0,1,0,1,0,1.0,0.0,0.0,1.0,1.0,0.0,1
"G[0,1](Pt_ChildT1D > 0.000 -> Pt_SHFlg = 0.000)
",9999999.000,9999999.000,0.000,1.000,0.000,1,0,0,0,1,0,1,0,1.0,0.0,0.0,1.0,1.0,0.0,1
"G[0,1]((WeightKg >= 92.079 | bmi >= 34.845) -> UnitsInsBasalOrLongAct <= 0.000)
",9999999.000,9999999.000,0.000,1.000,0.000,1,0,0,0,1,0,1,0,1.0,0.0,0.0,1.0,1.0,0.0,1
"G[0,1](LDL >= 0.000 -> AutonomicNeuroCl <= 1.000)
",9999999.000,9999999.000,0.000,1.000,0.000,1,0,0,0,1,0,1,0,1.0,0.0,0.0,1.0,1.0,0.0,1
"G[0,1]((AlbCreatRat_mggNew >= 0.000 | BUN <= 10.597) | diabDur <= 10.889)
",9999999.000,9999999.000,0.000,1.000,0.000,1,0,0,0,1,0,1,0,1.0,0.0,0.0,1.0,1.0,0.0,1
"G[0,1]((bmiPerc <= 0.000 -> Pt_DKAFlg <= 0.000) | Pt_CGMUseNumDays <= 0.000)
",9999999.000,9999999.000,0.000,1.000,0.000,1,0,0,0,1,0,1,0,1.0,0.0,0.0,1.0,1.0,0.0,1
"G[1,1](((HDL >= 44.000 & Pt_FatherT1D >= 0.000) & WeightKg <= 0.000) -> Pt_ChildT1D <= 0.000)
",0.000,0.000,0.000,1.000,0.000,1,0,0,0,1,0,1,0,1.0,0.0,0.0,1.0,1.0,0.0,1
"G[0,0]((Pt_ChildT1D <= 0.000 -> HeightCm >= 162.560) -> HDL <= 162.560)
",-162.560,-162.560,0.000,1.000,0.000,1,0,0,0,1,0,1,0,1.0,0.0,0.0,1.0,1.0,0.0,1
"G[1,1](((BGTestAvgNumMeter <= 0.000 & BUN <= 10.704) | AutonomicNeuroCl <= 10.564) | TotChol >= 10.079)
",10.564,10.564,0.000,1.000,0.000,1,0,0,0,1,0,1,0,1.0,0.0,0.0,1.0,1.0,0.0,1
"G[0,0]((WeightKg >= 92.079 | bmi >= 34.845) -> UnitsInsBasalOrLongAct <= 0.000)
",0.000,0.000,0.000,1.000,0.000,1,0,0,0,1,0,1,0,1.0,0.0,0.0,1.0,1.0,0.0,1
"G[0,0](bmiPerc >= 0.000 | TotChol <= 204.000)
",160.000,160.000,0.000,1.000,0.000,1,0,0,0,1,0,1,0,1.0,0.0,0.0,1.0,1.0,0.0,1
"G[0,1]((WeightKg >= 92.079 | bmi >= 34.845) -> UnitsInsBasalOrLongAct <= 0.000)
",9999999.000,9999999.000,0.000,1.000,0.000,1,0,0,0,1,0,1,0,1.0,0.0,0.0,1.0,1.0,0.0,1
"G[1,1]((HeightCm <= 162.560 -> Pt_A1cGoalLev <= 0.000) -> TSH <= 0.000)
",0.000,0.000,0.000,1.000,0.000,1,0,0,0,1,0,1,0,1.0,0.0,0.0,1.0,1.0,0.0,1
"F[1,1](Pt_SHFlg >= 0.000 -> HbA1cImputeDtMnC <= -0.034)
",0.000,0.000,0.000,0.000,1.000,1,0,0,0,1,0,1,0,1.0,0.0,0.0,1.0,1.0,0.0,-1
"G[1,1](((BldPrSys <= 114.000 -> TSH <= 0.000) -> AutonomicNeuroCl <= 0.000) | Pt_A1cGoalLevelDsYr5 >= 0.000)
",0.000,0.000,0.000,1.000,0.000,1,0,0,0,1,0,1,0,1.0,0.0,0.0,1.0,1.0,0.0,1
"F[0,0](BGTestAvgNumPtRep <= 2.872 & Pt_SHFlg = 0.000)
",0.000,0.000,0.000,0.000,1.000,1,0,0,0,1,0,1,0,1.0,0.0,0.0,1.0,1.0,0.0,-1
"F[0,1]((DirectLDL <= 0.000 | SMBGperDayPtMeterCombo >= 0.428) & WeightKg <= 3.853)
",-9999999.000,-9999999.000,0.000,0.000,1.000,1,0,0,0,1,0,1,0,1.0,0.0,0.0,1.0,1.0,0.0,-1
"F[0,0](diabDur >= 23.046 & bmi >= 34.845)
",-34.845,-34.845,0.000,0.000,1.000,1,0,0,0,1,0,1,0,1.0,0.0,0.0,1.0,1.0,0.0,-1
"F[0,0](BldPrSys >= 114.000 & Pt_GrandparentT1D <= 0.597)
",-114.000,-114.000,0.000,0.000,1.000,1,0,0,0,1,0,1,0,1.0,0.0,0.0,1.0,1.0,0.0,-1
"((age >= 39.480) U[1,2] (BldPrDia <= 72.000))
",-9999999.000,-9999999.000,0.000,0.000,1.000,1,0,0,0,1,0,1,0,1.0,0.0,0.0,1.0,1.0,0.0,-1
"((HbA1c <= 6.378) U[1,1] (Pt_InsGov >= 0.343))
",6.378,6.378,0.000,0.000,1.000,1,0,0,0,1,0,1,0,1.0,0.0,0.0,1.0,1.0,0.0,-1
"((BGTestAvgNumMeter >= 0.000) U[0,0] (BGTestAvgNumPtRep <= 2.724))
",2.724,2.724,0.000,0.000,1.000,1,0,0,0,1,0,1,0,1.0,0.0,0.0,1.0,1.0,0.0,-1
"F[0,0]((SMBGperDayPtMeterCombo <= 3.414 | Pt_A1cGoalLevelDsYr5 >= 0.000) -> SMBGperDayPtMeterCombo <= 0.000)
",0.000,0.000,0.000,0.000,1.000,1,0,0,0,1,0,1,0,1.0,0.0,0.0,1.0,1.0,0.0,-1
"F[1,1]((diagAgeCombo >= 16.000 -> HbA1c <= 6.401) & AutonomicNeuroCl >= 2.943)
",-6.401,-6.401,0.000,0.000,1.000,1,0,0,0,1,0,1,0,1.0,0.0,0.0,1.0,1.0,0.0,-1
"F[0,0]((Pt_GrandparentT1D <= 0.835 & HbA1cImputeDtMnC >= -0.280) & BUN <= -0.001)
",-407.001,-407.001,0.000,0.000,1.000,1,0,0,0,1,0,1,0,1.0,0.0,0.0,1.0,1.0,0.0,-1
"F[0,1](((bmiZscore >= 0.604 | AutonomicNeuroCl >= 1.000) & Pt_SiblingT1D >= 1.000) & age <= 1.000)
",-9999999.000,-9999999.000,0.000,0.000,1.000,1,0,0,0,1,0,1,0,1.0,0.0,0.0,1.0,1.0,0.0,-1
"((BGTestAvgNumMeter >= 0.000) U[0,0] (BGTestAvgNumPtRep <= 3.137))
",3.137,3.137,0.000,0.000,1.000,1,0,0,0,1,0,1,0,1.0,0.0,0.0,1.0,1.0,0.0,-1
"F[0,1](((UnitsInsBasalOrLongAct <= 0.000 -> AlbCreatRat_mggNew <= 0.000) & BldPrDia <= 0.000) & Pt_SiblingT1D <= 0.000)
",-9999999.000,-9999999.000,0.000,0.000,1.000,1,0,0,0,1,0,1,0,1.0,0.0,0.0,1.0,1.0,0.0,-1
"((bmi >= 34.845) U[1,2] (HbA1c <= 6.200))
",-9999999.000,-9999999.000,0.000,0.000,1.000,1,0,0,0,1,0,1,0,1.0,0.0,0.0,1.0,1.0,0.0,-1
"((DirectLDL < 0.000) U[1,2] (Pt_SHFlg = 0.000))
",-9999999.000,-9999999.000,0.000,0.000,1.000,1,0,0,0,1,0,1,0,1.0,0.0,0.0,1.0,1.0,0.0,-1
"((HbA1c <= 4.295) U[1,2] (Pt_SHFlg = 0.000))
",-9999999.000,-9999999.000,0.000,0.000,1.000,1,0,0,0,1,0,1,0,1.0,0.0,0.0,1.0,1.0,0.0,-1
"((Pt_GrandparentT1D <= 0.541) U[1,2] (LDL <= 0.000))
",-9999999.000,-9999999.000,0.000,0.000,1.000,1,0,0,0,1,0,1,0,1.0,0.0,0.0,1.0,1.0,0.0,-1
"((SMBGperDayPtMeterCombo <= 3.465) U[1,1] (Pt_SHFlg = 0.000))
",3.465,3.465,0.000,0.000,1.000,1,0,0,0,1,0,1,0,1.0,0.0,0.0,1.0,1.0,0.0,-1
"((TotalDailyInsPerKg < 1.991) U[1,2] (Pt_SHFlg = 0.000))
",-9999999.000,-9999999.000,0.000,0.000,1.000,1,0,0,0,1,0,1,0,1.0,0.0,0.0,1.0,1.0,0.0,-1
"F[0,0]((Pt_GrandchildT1D >= 0.000 & TotChol <= 204.000) -> TSH >= 204.000)
",0.000,0.000,0.000,0.000,1.000,1,0,0,0,1,0,1,0,1.0,0.0,0.0,1.0,1.0,0.0,-1
"F[0,1]((TSH >= 0.000 & AutonomicNeuroCl >= 1.000) & diabDur <= 1.000)
",-9999999.000,-9999999.000,0.000,0.000,1.000,1,0,0,0,1,0,1,0,1.0,0.0,0.0,1.0,1.0,0.0,-1
"((Pt_GrandparentT1D < 0.653) U[1,2] (Pt_SHFlg = 0.000))
",-9999999.000,-9999999.000,0.000,0.000,1.000,1,0,0,0,1,0,1,0,1.0,0.0,0.0,1.0,1.0,0.0,-1
"F[1,1]((NumPumpBolusOrShortAct >= 0.548 & Pt_MotherT1D >= 0.443) & bmiPerc >= 0.220)
",-0.548,-0.548,0.000,0.000,1.000,1,0,0,0,1,0,1,0,1.0,0.0,0.0,1.0,1.0,0.0,-1
"G[0,0](((SMBGperDayPtMeterCombo <= 2.192 | diabDur >= 23.112) & Pt_DKAFlg <= 23.543) | Pt_CGMUseNumDays <= 23.522)
",16.888,16.888,0.000,1.000,0.000,1,0,0,0,1,0,1,0,1.0,0.0,0.0,1.0,1.0,0.0,1
"F[0,1](((diabDur >= 23.415 & NumPumpBolusOrShortAct <= 3.921) -> NumPumpBolusOrShortAct <= 3.506) -> bmiPerc >= 1.455)
",-9999999.000,-9999999.000,0.000,0.000,1.000,1,0,0,0,1,0,1,0,1.0,0.0,0.0,1.0,1.0,0.0,-1
"G[0,1]((BGTestAvgNumPtRep <= 2.156 & BGTestAvgNumMeter <= 0.000) -> bmiPerc <= 0.000)
",9999999.000,9999999.000,0.000,1.000,0.000,1,0,0,0,1,0,1,0,1.0,0.0,0.0,1.0,1.0,0.0,1
"G[0,0](((Pt_FatherT1D <= 0.000 & DirectLDL <= 0.000) | UnitsInsBasalOrLongAct >= 0.000) | Pt_A1cGoalLevelDsYr5 >= 0.000)
",0.000,0.000,0.000,1.000,0.000,1,0,0,0,1,0,1,0,1.0,0.0,0.0,1.0,1.0,0.0,1
"G[1,1]((Pt_SiblingT1D >= 0.260 & Pt_FatherT1D <= 0.000) | Pt_A1cGoalLevelDsYr5 >= 0.000)
",0.000,0.000,0.000,1.000,0.000,1,0,0,0,1,0,1,0,1.0,0.0,0.0,1.0,1.0,0.0,1
"G[1,1]((Pt_GrandchildT1D >= 0.000 | Pt_SHFlg >= 0.000) & Pt_SHFlg >= 0.000)
",0.000,0.000,0.000,1.000,0.000,1,0,0,0,1,0,1,0,1.0,0.0,0.0,1.0,1.0,0.0,1
"G[0,1]((Pt_FatherT1D >= 0.000 & Pt_ChildT1D >= 0.000) & Pt_SiblingT1D >= 0.000)
",9999999.000,9999999.000,0.000,1.000,0.000,1,0,0,0,1,0,1,0,1.0,0.0,0.0,1.0,1.0,0.0,1
"G[0,1](Triglyc <= 407.000 | HDL <= 44.000)
",9999999.000,9999999.000,0.000,1.000,0.000,1,0,0,0,1,0,1,0,1.0,0.0,0.0,1.0,1.0,0.0,1
"G[0,1]((AlbCreatRat_mggNew <= 0.000 | Pt_DKAFlg <= 0.000) -> Pt_ChildT1D <= 0.000)
",9999999.000,9999999.000,0.000,1.000,0.000,1,0,0,0,1,0,1,0,1.0,0.0,0.0,1.0,1.0,0.0,1
"G[0,1]((bmiZscore <= 0.687 & Triglyc <= 407.000) | diabDur <= 407.000)
",9999999.000,9999999.000,0.000,1.000,0.000,1,0,0,0,1,0,1,0,1.0,0.0,0.0,1.0,1.0,0.0,1
"G[0,1](AutonomicNeuroCl <= 1.000 -> Pt_SHFlg = 0.000)
",9999999.000,9999999.000,0.000,1.000,0.000,1,0,0,0,1,0,1,0,1.0,0.0,0.0,1.0,1.0,0.0,1
"G[0,0](Pt_DKAFlg >= 0.000 | HeightCm >= 162.560)
",0.000,0.000,0.000,1.000,0.000,1,0,0,0,1,0,1,0,1.0,0.0,0.0,1.0,1.0,0.0,1
"G[0,0](BGTestAvgNumMeter > 0.000 -> Pt_SHFlg = 0.000)
",0.000,0.000,0.000,1.000,0.000,1,0,0,0,1,0,1,0,1.0,0.0,0.0,1.0,1.0,0.0,1
"G[0,0]((BUN <= 10.628 & HbA1c <= 4.816) -> BldPrSys >= 0.307)
",0.307,0.307,0.000,1.000,0.000,1,0,0,0,1,0,1,0,1.0,0.0,0.0,1.0,1.0,0.0,1
"G[0,0](HeightCm >= 162.560 | AlbCreatRat_mggNew >= 0.000)
",11.000,11.000,0.000,1.000,0.000,1,0,0,0,1,0,1,0,1.0,0.0,0.0,1.0,1.0,0.0,1
"G[0,1](Pt_GrandparentT1D < 0.898 -> Pt_SHFlg = 0.000)
",9999999.000,9999999.000,0.000,1.000,0.000,1,0,0,0,1,0,1,0,1.0,0.0,0.0,1.0,1.0,0.0,1
"G[1,1]((UnitsInsBasalOrLongAct <= 0.000 & Pt_ChildT1D >= 0.000) & Pt_GrandchildT1D >= 0.000)
",0.000,0.000,0.000,1.000,0.000,1,0,0,0,1,0,1,0,1.0,0.0,0.0,1.0,1.0,0.0,1
"G[0,0](((Pt_GrandparentT1D <= 0.743 | BGTestAvgNumPtRep >= 0.952) & TotalDailyInsPerKg <= 2.652) & BldPrDia >= 0.806)
",-21.348,-21.348,0.000,1.000,0.000,1,0,0,0,1,0,1,0,1.0,0.0,0.0,1.0,1.0,0.0,1
"G[1,1](((Pt_A1cGoalLevelDsYr5 <= 0.000 -> WeightKg <= 92.079) | TotalDailyInsPerKg <= 92.079) -> bmiZscore <= 92.079)
",-92.079,-92.079,0.000,1.000,0.000,1,0,0,0,1,0,1,0,1.0,0.0,0.0,1.0,1.0,0.0,1
"G[0,0](((TotChol >= 204.000 & SMBGperDayPtMeterCombo <= 2.371) & bmiZscore >= 1.127) -> HDL <= 3.403)
",-3.403,-3.403,0.000,1.000,0.000,1,0,0,0,1,0,1,0,1.0,0.0,0.0,1.0,1.0,0.0,1
"G[0,1]((BUN >= 10.264 -> HbA1c >= 0.464) -> TotalDailyInsPerKg <= 4.111)
",9999999.000,9999999.000,0.000,1.000,0.000,1,0,0,0,1,0,1,0,1.0,0.0,0.0,1.0,1.0,0.0,1
"G[0,1]((bmi <= 34.845 -> WeightKg >= 92.079) -> bmiPerc <= 92.079)
",9999999.000,9999999.000,0.000,1.000,0.000,1,0,0,0,1,0,1,0,1.0,0.0,0.0,1.0,1.0,0.0,1
"G[0,1](age <= 39.837 -> Pt_CGMUseNumDays <= 0.000)
",9999999.000,9999999.000,0.000,1.000,0.000,1,0,0,0,1,0,1,0,1.0,0.0,0.0,1.0,1.0,0.0,1
"G[0,1](((BldPrDia <= 72.000 | Triglyc <= 407.000) | Pt_InsGov >= 407.000) | Pt_SHFlg <= 407.000)
",9999999.000,9999999.000,0.000,1.000,0.000,1,0,0,0,1,0,1,0,1.0,0.0,0.0,1.0,1.0,0.0,1
"G[1,1](((BldPrSys >= 114.000 | Pt_GrandchildT1D >= 0.000) & bmi <= 0.000) -> UnitsInsBasalOrLongAct <= 0.000)
",0.000,0.000,0.000,1.000,0.000,1,0,0,0,1,0,1,0,1.0,0.0,0.0,1.0,1.0,0.0,1
"G[0,0](((Pt_FatherT1D >= 0.000 | Pt_A1cGoalLevelDsYr5 >= 0.000) & HDL <= 0.000) | LDL >= 0.000)
",0.000,0.000,0.000,1.000,0.000,1,0,0,0,1,0,1,0,1.0,0.0,0.0,1.0,1.0,0.0,1
"G[0,1](((Pt_MotherT1D <= 0.685 & diabDur <= 23.501) | LDL >= 23.432) -> NumPumpBolusOrShortAct <= 23.807)
",9999999.000,9999999.000,0.000,1.000,0.000,1,0,0,0,1,0,1,0,1.0,0.0,0.0,1.0,1.0,0.0,1
"G[1,1](Pt_A1cGoalLev <= 0.000 | GFR <= 0.000)
",0.000,0.000,0.000,1.000,0.000,1,0,0,0,1,0,1,0,1.0,0.0,0.0,1.0,1.0,0.0,1
"G[0,1]((TotalDailyInsPerKg <= 2.141 -> Pt_FatherT1D <= 0.000) & TSH <= 0.000)
",9999999.000,9999999.000,0.000,1.000,0.000,1,0,0,0,1,0,1,0,1.0,0.0,0.0,1.0,1.0,0.0,1
"G[0,0](Pt_FatherT1D <= 0.000 | AutonomicNeuroCl >= 1.000)
",0.000,0.000,0.000,1.000,0.000,1,0,0,0,1,0,1,0,1.0,0.0,0.0,1.0,1.0,0.0,1
"G[0,0](BGTestAvgNumMeter >= 0.000 | diagAgeCombo >= 16.000)
",0.000,0.000,0.000,1.000,0.000,1,0,0,0,1,0,1,0,1.0,0.0,0.0,1.0,1.0,0.0,1
"G[1,1](LDL >= 0.000 | WeightKg <= 92.079)
",92.079,92.079,0.000,1.000,0.000,1,0,0,0,1,0,1,0,1.0,0.0,0.0,1.0,1.0,0.0,1
"G[0,0](Triglyc <= 407.000 | Pt_GrandchildT1D <= 0.000)
",203.000,203.000,0.000,1.000,0.000,1,0,0,0,1,0,1,0,1.0,0.0,0.0,1.0,1.0,0.0,1
"G[0,1]((WeightKg >= 92.079 | bmi >= 34.845) -> UnitsInsBasalOrLongAct <= 0.000)
",9999999.000,9999999.000,0.000,1.000,0.000,1,0,0,0,1,0,1,0,1.0,0.0,0.0,1.0,1.0,0.0,1
"G[0,1](Pt_InsGov >= 0.185 -> Pt_SHFlg = 0.000)
",9999999.000,9999999.000,0.000,1.000,0.000,1,0,0,0,1,0,1,0,1.0,0.0,0.0,1.0,1.0,0.0,1
"G[0,1](Pt_DKAFlg >= 0.000 & Pt_CGMUseNumDays <= 0.000)
",9999999.000,9999999.000,0.000,1.000,0.000,1,0,0,0,1,0,1,0,1.0,0.0,0.0,1.0,1.0,0.0,1
"G[0,1](BUN <= 10.810 | SMBGperDayPtMeterCombo <= 2.624)
",9999999.000,9999999.000,0.000,1.000,0.000,1,0,0,0,1,0,1,0,1.0,0.0,0.0,1.0,1.0,0.0,1
"G[1,1](((UnitsInsBasalOrLongAct <= 0.000 & DirectLDL <= 0.000) & Pt_GrandchildT1D >= 0.000) | DirectLDL <= 0.000)
",0.000,0.000,0.000,1.000,0.000,1,0,0,0,1,0,1,0,1.0,0.0,0.0,1.0,1.0,0.0,1
"G[1,1]((TotalDailyInsPerKg <= 1.798 | Pt_MotherT1D <= 0.864) & HbA1cImputeDtMnC <= 0.714)
",0.714,0.714,0.000,1.000,0.000,1,0,0,0,1,0,1,0,1.0,0.0,0.0,1.0,1.0,0.0,1
"G[0,1](((GFR <= 0.000 & SMBGperDayPtMeterCombo >= 1.234) -> Pt_A1cGoalLev <= 3.874) & LDL <= 3.235)
",9999999.000,9999999.000,0.000,1.000,0.000,1,0,0,0,1,0,1,0,1.0,0.0,0.0,1.0,1.0,0.0,1
"G[0,1](HeightCm >= 162.560 | HbA1cImputeDtMnC >= -0.194)
",9999999.000,9999999.000,0.000,1.000,0.000,1,0,0,0,1,0,1,0,1.0,0.0,0.0,1.0,1.0,0.0,1
"G[0,0](((Pt_A1cGoalLev >= 0.000 & HDL >= 44.000) | TSH >= 44.000) -> BGTestAvgNumPtRep <= 44.000)
",-44.000,-44.000,0.000,1.000,0.000,1,0,0,0,1,0,1,0,1.0,0.0,0.0,1.0,1.0,0.0,1
"G[1,1]((Pt_A1cGoalLevelDsYr5 >= 0.000 | AlbCreatRat_mggNew >= 0.000) -> SMBGperDayPtMeterCombo >= 0.000)
",0.000,0.000,0.000,1.000,0.000,1,0,0,0,1,0,1,0,1.0,0.0,0.0,1.0,1.0,0.0,1
"G[0,1]((HDL <= 44.000 | BldPrSys <= 114.000) -> Pt_MotherT1D <= 114.000)
",9999999.000,9999999.000,0.000,1.000,0.000,1,0,0,0,1,0,1,0,1.0,0.0,0.0,1.0,1.0,0.0,1
"G[0,0]((AlbCreatRat_mggNew <= 0.000 & HDL >= 44.000) | TotChol >= 44.000)
",0.000,0.000,0.000,1.000,0.000,1,0,0,0,1,0,1,0,1.0,0.0,0.0,1.0,1.0,0.0,1
"G[0,1](BldPrSys >= 114.000 & BldPrSys >= 114.000)
",9999999.000,9999999.000,0.000,1.000,0.000,1,0,0,0,1,0,1,0,1.0,0.0,0.0,1.0,1.0,0.0,1
"G[1,1](Pt_GrandchildT1D <= 0.000 & BUN >= 10.377)
",-10.377,-10.377,0.000,1.000,0.000,1,0,0,0,1,0,1,0,1.0,0.0,0.0,1.0,1.0,0.0,1
"G[0,0]((HDL >= 44.000 | TotalDailyInsPerKg >= 1.000) | Pt_FatherT1D <= 1.751)
",23.000,23.000,0.000,1.000,0.000,1,0,0,0,1,0,1,0,1.0,0.0,0.0,1.0,1.0,0.0,1
"G[0,1](((Pt_GrandchildT1D >= 0.000 | LDL <= 0.000) & AutonomicNeuroCl <= 0.000) -> Pt_MotherT1D >= 0.000)
",9999999.000,9999999.000,0.000,1.000,0.000,1,0,0,0,1,0,1,0,1.0,0.0,0.0,1.0,1.0,0.0,1
"G[0,1](((AutonomicNeuroCl <= 1.000 | Pt_ChildT1D <= 0.000) & GFR <= 0.000) & BUN >= 0.000)
",9999999.000,9999999.000,0.000,1.000,0.000,1,0,0,0,1,0,1,0,1.0,0.0,0.0,1.0,1.0,0.0,1
"F[0,2]((GFR >= 0.000 & diagAgeCombo >= 16.000) & SMBGperDayPtMeterCombo >= 16.000)
",-9999999.000,-9999999.000,0.000,0.000,1.000,0,0,0,1,1,0,0,1,0.0,0.0,0.0,0.0,0.0,1.0,-1
"((AutonomicNeuroCl >= 1.000) U[0,2] (TSH <= 0.000))
",-9999999.000,-9999999.000,0.000,0.000,1.000,0,0,0,1,1,0,0,1,0.0,0.0,0.0,0.0,0.0,1.0,-1
"F[1,1](((Pt_GrandchildT1D <= 0.000 & UnitsInsBasalOrLongAct >= 0.000) -> BGTestAvgNumMeter <= 0.000) & Pt_FatherT1D >= 0.000)
",0.000,0.000,0.000,0.000,1.000,0,0,0,1,1,0,0,1,0.0,0.0,0.0,0.0,0.0,1.0,-1
"F[1,2](((Pt_A1cGoalLev <= 0.000 | UnitsInsBasalOrLongAct >= 0.000) -> Pt_MotherT1D <= 0.000) -> NumPumpBolusOrShortAct >= 0.000)
",-9999999.000,-9999999.000,0.000,0.000,1.000,0,0,0,1,1,0,0,1,0.0,0.0,0.0,0.0,0.0,1.0,-1
"F[1,2]((HbA1cImputeDtMnC >= -0.177 & HbA1c <= 5.137) -> Pt_ChildT1D <= 4.805)
",-9999999.000,-9999999.000,0.000,0.000,1.000,0,0,0,1,1,0,0,1,0.0,0.0,0.0,0.0,0.0,1.0,-1
"F[2,2](Pt_FatherT1D >= 0.000 | Pt_CGMUseNumDays <= 0.000)
",0.000,0.000,0.000,0.000,1.000,0,0,0,1,1,0,0,1,0.0,0.0,0.0,0.0,0.0,1.0,-1
"F[1,1]((age >= 39.371 -> Pt_ChildT1D <= 0.000) & Pt_A1cGoalLev <= 0.000)
",0.000,0.000,0.000,0.000,1.000,0,0,0,1,1,0,0,1,0.0,0.0,0.0,0.0,0.0,1.0,-1
"F[0,0]((HDL >= 44.000 | AlbCreatRat_mggNew >= 0.000) | Pt_SHFlg >= 0.000)
",11.000,11.000,0.000,0.000,1.000,0,0,0,1,1,0,0,1,0.0,0.0,0.0,0.0,0.0,1.0,-1
"F[0,2]((Pt_GrandchildT1D <= 0.000 & TotChol <= 204.000) -> HDL <= 204.000)
",-9999999.000,-9999999.000,0.000,0.000,1.000,0,0,0,1,1,0,0,1,0.0,0.0,0.0,0.0,0.0,1.0,-1
"F[0,1]((WeightKg <= 92.079 | BGTestAvgNumMeter >= 0.000) & Pt_A1cGoalLevelDsYr5 >= 0.000)
",-9999999.000,-9999999.000,0.000,0.000,1.000,0,0,0,1,1,0,0,1,0.0,0.0,0.0,0.0,0.0,1.0,-1
"F[1,2]((diabDur >= 23.167 | TotalDailyInsPerKg >= 0.628) | TSH >= 0.766)
",-9999999.000,-9999999.000,0.000,0.000,1.000,0,0,0,1,1,0,0,1,0.0,0.0,0.0,0.0,0.0,1.0,-1
"F[2,2](Pt_SHFlg <= 0.000 | BldPrSys >= 114.000)
",0.000,0.000,0.000,0.000,1.000,0,0,0,1,1,0,0,1,0.0,0.0,0.0,0.0,0.0,1.0,-1
"F[0,2](BUN >= 10.437 | bmiPerc <= 0.000)
",-9999999.000,-9999999.000,0.000,0.000,1.000,0,0,0,1,1,0,0,1,0.0,0.0,0.0,0.0,0.0,1.0,-1
"((Triglyc <= 407.000) U[0,1] (bmiPerc <= 0.000))
",-9999999.000,-9999999.000,0.000,0.000,1.000,0,0,0,1,1,0,0,1,0.0,0.0,0.0,0.0,0.0,1.0,-1
"F[0,1](((DirectLDL >= 0.000 -> HbA1c <= 5.722) -> Pt_InsGov <= 4.198) & BldPrSys >= 3.288)
",-9999999.000,-9999999.000,0.000,0.000,1.000,0,0,0,1,1,0,0,1,0.0,0.0,0.0,0.0,0.0,1.0,-1
"F[2,2](BGTestAvgNumMeter >= 0.000 -> NumPumpBolusOrShortAct <= 2.007)
",-2.007,-2.007,0.000,0.000,1.000,0,0,0,1,1,0,0,1,0.0,0.0,0.0,0.0,0.0,1.0,-1
"F[1,2](((Pt_SiblingT1D <= 0.859 | diabDur <= 23.905) -> bmi >= 23.205) | Triglyc >= 23.266)
",-9999999.000,-9999999.000,0.000,0.000,1.000,0,0,0,1,1,0,0,1,0.0,0.0,0.0,0.0,0.0,1.0,-1
"((TotChol <= 204.000) U[0,1] (TSH <= 0.000))
",-9999999.000,-9999999.000,0.000,0.000,1.000,0,0,0,1,1,0,0,1,0.0,0.0,0.0,0.0,0.0,1.0,-1
"F[1,2](((BGTestAvgNumPtRep >= 1.126 -> SMBGperDayPtMeterCombo >= 0.001) & Pt_GrandparentT1D <= 3.379) | diabDur >= 0.882)
",-9999999.000,-9999999.000,0.000,0.000,1.000,0,0,0,1,1,0,0,1,0.0,0.0,0.0,0.0,0.0,1.0,-1
"F[2,2]((Pt_InsGov <= 0.579 -> AutonomicNeuroCl >= 1.000) -> HeightCm >= 1.000)
",0.579,0.579,0.000,0.000,1.000,0,0,0,1,1,0,0,1,0.0,0.0,0.0,0.0,0.0,1.0,-1
"F[0,2](BGTestAvgNumPtRep >= 0.267 -> WeightKg >= 92.079)
",-9999999.000,-9999999.000,0.000,0.000,1.000,0,0,0,1,1,0,0,1,0.0,0.0,0.0,0.0,0.0,1.0,-1
"F[1,2]((WeightKg >= 92.079 & GFR <= 0.000) | Pt_InsGov >= 0.000)
",-9999999.000,-9999999.000,0.000,0.000,1.000,0,0,0,1,1,0,0,1,0.0,0.0,0.0,0.0,0.0,1.0,-1
"((BGTestAvgNumMeter >= 0.000) U[1,2] (BldPrDia <= 72.000))
",-9999999.000,-9999999.000,0.000,0.000,1.000,0,0,0,1,1,0,0,1,0.0,0.0,0.0,0.0,0.0,1.0,-1
"((Pt_A1cGoalLevelDsYr5 <= 0.000) U[0,2] (bmiZscore <= 0.726))
",-9999999.000,-9999999.000,0.000,0.000,1.000,0,0,0,1,1,0,0,1,0.0,0.0,0.0,0.0,0.0,1.0,-1
"F[1,2](((BldPrSys <= 114.000 -> Pt_A1cGoalLev <= 0.000) | Triglyc >= 0.000) | HbA1cImputeDtMnC >= 0.000)
",-9999999.000,-9999999.000,0.000,0.000,1.000,0,0,0,1,1,0,0,1,0.0,0.0,0.0,0.0,0.0,1.0,-1
"((BldPrSys <= 114.000) U[0,2] (NumPumpBolusOrShortAct <= 2.090))
",-9999999.000,-9999999.000,0.000,0.000,1.000,0,0,0,1,1,0,0,1,0.0,0.0,0.0,0.0,0.0,1.0,-1
"F[0,1](UnitsInsBasalOrLongAct >= 0.000 & BldPrDia <= 72.000)
",-9999999.000,-9999999.000,0.000,0.000,1.000,0,0,0,1,1,0,0,1,0.0,0.0,0.0,0.0,0.0,1.0,-1
"F[0,1]((TSH >= 0.000 & GFR >= 0.000) -> AlbCreatRat_mggNew <= 0.000)
",-9999999.000,-9999999.000,0.000,0.000,1.000,0,0,0,1,1,0,0,1,0.0,0.0,0.0,0.0,0.0,1.0,-1
"F[1,2]((BUN >= 10.183 -> Pt_GrandchildT1D <= 0.000) | Pt_SHFlg <= 0.000)
",-9999999.000,-9999999.000,0.000,0.000,1.000,0,0,0,1,1,0,0,1,0.0,0.0,0.0,0.0,0.0,1.0,-1
"F[0,1]((diagAgeCombo <= 16.000 -> AlbCreatRat_mggNew >= 0.000) & Pt_FatherT1D <= 0.000)
",-9999999.000,-9999999.000,0.000,0.000,1.000,0,0,0,1,1,0,0,1,0.0,0.0,0.0,0.0,0.0,1.0,-1
"F[2,2](BGTestAvgNumPtRep <= 2.050 -> HeightCm >= 162.560)
",-2.050,-2.050,0.000,0.000,1.000,0,0,0,1,1,0,0,1,0.0,0.0,0.0,0.0,0.0,1.0,-1
"F[0,2](((BldPrDia >= 72.000 & WeightKg >= 92.079) | UnitsInsBasalOrLongAct >= 92.079) | AutonomicNeuroCl >= 92.079)
",-9999999.000,-9999999.000,0.000,0.000,1.000,0,0,0,1,1,0,0,1,0.0,0.0,0.0,0.0,0.0,1.0,-1
"F[0,1]((TotalDailyInsPerKg >= 0.882 | diabDur <= 23.648) | Pt_SHFlg >= 23.018)
",-9999999.000,-9999999.000,0.000,0.000,1.000,0,0,0,1,1,0,0,1,0.0,0.0,0.0,0.0,0.0,1.0,-1
"((Triglyc <= 407.000) U[0,1] (AlbCreatRat_mggNew >= 0.000))
",-9999999.000,-9999999.000,0.000,0.000,1.000,0,0,0,1,1,0,0,1,0.0,0.0,0.0,0.0,0.0,1.0,-1
"F[0,2](((UnitsInsBasalOrLongAct <= 0.000 -> HbA1cImputeDtMnC >= -0.211) | BGTestAvgNumMeter <= -0.089) & Pt_SiblingT1D >= -0.254)
",-9999999.000,-9999999.000,0.000,0.000,1.000,0,0,0,1,1,0,0,1,0.0,0.0,0.0,0.0,0.0,1.0,-1
"F[0,2](((HDL <= 44.000 -> BldPrDia >= 72.000) & LDL >= 72.000) & Triglyc >= 72.000)
",-9999999.000,-9999999.000,0.000,0.000,1.000,0,0,0,1,1,0,0,1,0.0,0.0,0.0,0.0,0.0,1.0,-1
"F[1,2]((Pt_SHFlg <= 0.000 -> AutonomicNeuroCl <= 1.000) & Pt_FatherT1D >= 1.000)
",-9999999.000,-9999999.000,0.000,0.000,1.000,0,0,0,1,1,0,0,1,0.0,0.0,0.0,0.0,0.0,1.0,-1
"F[0,1](HbA1c <= 4.057 | Pt_A1cGoalLevelDsYr5 >= 0.000)
",-9999999.000,-9999999.000,0.000,0.000,1.000,0,0,0,1,1,0,0,1,0.0,0.0,0.0,0.0,0.0,1.0,-1
"F[0,2]((bmi <= 34.845 & TotChol >= 204.000) -> BUN <= 204.000)
",-9999999.000,-9999999.000,0.000,0.000,1.000,0,0,0,1,1,0,0,1,0.0,0.0,0.0,0.0,0.0,1.0,-1
"F[0,2](((BldPrDia >= 72.000 -> Pt_InsGov <= 0.770) -> BGTestAvgNumPtRep <= 0.640) & HbA1c >= 0.034)
",-9999999.000,-9999999.000,0.000,0.000,1.000,0,0,0,1,1,0,0,1,0.0,0.0,0.0,0.0,0.0,1.0,-1
"((LDL >= 0.000) U[2,2] (TSH >= 0.000))
",0.000,0.000,0.000,0.000,1.000,0,0,0,1,1,0,0,1,0.0,0.0,0.0,0.0,0.0,1.0,-1
"F[0,1]((HbA1c <= 6.687 | AlbCreatRat_mggNew >= 0.000) -> bmi >= 0.000)
",-9999999.000,-9999999.000,0.000,0.000,1.000,0,0,0,1,1,0,0,1,0.0,0.0,0.0,0.0,0.0,1.0,-1
"F[0,2]((BUN <= 10.826 -> Pt_A1cGoalLevelDsYr5 <= 0.000) & HbA1cImputeDtMnC >= 0.000)
",-9999999.000,-9999999.000,0.000,0.000,1.000,0,0,0,1,1,0,0,1,0.0,0.0,0.0,0.0,0.0,1.0,-1
"F[0,2]((Pt_A1cGoalLevelDsYr5 >= 0.000 -> AutonomicNeuroCl <= 1.000) | diagAgeCombo >= 1.000)
",-9999999.000,-9999999.000,0.000,0.000,1.000,0,0,0,1,1,0,0,1,0.0,0.0,0.0,0.0,0.0,1.0,-1
"F[0,1](((UnitsInsBasalOrLongAct <= 0.000 | Pt_SiblingT1D <= 0.711) & Pt_SHFlg >= 0.008) -> HDL >= 0.181)
",-9999999.000,-9999999.000,0.000,0.000,1.000,0,0,0,1,1,0,0,1,0.0,0.0,0.0,0.0,0.0,1.0,-1
"F[1,2](DirectLDL <= 0.000 | Pt_InsGov >= 0.276)
",-9999999.000,-9999999.000,0.000,0.000,1.000,0,0,0,1,1,0,0,1,0.0,0.0,0.0,0.0,0.0,1.0,-1
"F[0,1]((AlbCreatRat_mggNew >= 0.000 & Pt_ChildT1D >= 0.000) -> bmiZscore >= 0.000)
",-9999999.000,-9999999.000,0.000,0.000,1.000,0,0,0,1,1,0,0,1,0.0,0.0,0.0,0.0,0.0,1.0,-1
"((BldPrDia <= 72.000) U[0,1] (BldPrDia <= 72.000))
",-9999999.000,-9999999.000,0.000,0.000,1.000,0,0,0,1,1,0,0,1,0.0,0.0,0.0,0.0,0.0,1.0,-1
"F[0,1](((TSH <= 0.000 -> UnitsInsBasalOrLongAct <= 0.000) -> diagAgeCombo <= 0.000) -> BldPrSys >= 0.000)
",-9999999.000,-9999999.000,0.000,0.000,1.000,0,0,0,1,1,0,0,1,0.0,0.0,0.0,0.0,0.0,1.0,-1
"((Pt_A1cGoalLev <= 0.000) U[1,2] (Pt_GrandchildT1D >= 0.000))
",-9999999.000,-9999999.000,0.000,0.000,1.000,0,0,0,1,1,0,0,1,0.0,0.0,0.0,0.0,0.0,1.0,-1
"F[1,2]((age >= 39.407 | DirectLDL <= 0.000) -> Triglyc >= 0.000)
",-9999999.000,-9999999.000,0.000,0.000,1.000,0,0,0,1,1,0,0,1,0.0,0.0,0.0,0.0,0.0,1.0,-1
"F[0,2](Pt_GrandparentT1D >= 0.291 & Pt_SHFlg <= 0.000)
",-9999999.000,-9999999.000,0.000,0.000,1.000,0,0,0,1,1,0,0,1,0.0,0.0,0.0,0.0,0.0,1.0,-1
"((BGTestAvgNumMeter <= 0.000) U[0,0] (bmi <= 34.845))
",34.845,34.845,0.000,0.000,1.000,0,0,0,1,1,0,0,1,0.0,0.0,0.0,0.0,0.0,1.0,-1
"((Pt_GrandparentT1D <= 0.662) U[0,0] (BldPrDia >= 72.000))
",42.000,42.000,0.000,0.000,1.000,0,0,0,1,1,0,0,1,0.0,0.0,0.0,0.0,0.0,1.0,-1
"F[0,2](HDL >= 44.000 & Pt_GrandparentT1D >= 0.369)
",-9999999.000,-9999999.000,0.000,0.000,1.000,0,0,0,1,1,0,0,1,0.0,0.0,0.0,0.0,0.0,1.0,-1
"F[0,2](((Pt_MotherT1D <= 0.910 & Triglyc >= 407.000) & Pt_GrandchildT1D >= 407.000) | Pt_A1cGoalLevelDsYr5 >= 407.000)
",-9999999.000,-9999999.000,0.000,0.000,1.000,0,0,0,1,1,0,0,1,0.0,0.0,0.0,0.0,0.0,1.0,-1
"F[1,2](((diagAgeCombo <= 16.000 -> diagAgeCombo >= 16.000) -> Pt_InsGov >= 16.000) | AlbCreatRat_mggNew <= 16.000)
",-9999999.000,-9999999.000,0.000,0.000,1.000,0,0,0,1,1,0,0,1,0.0,0.0,0.0,0.0,0.0,1.0,-1
"F[0,1]((bmi >= 34.845 | BldPrSys <= 114.000) | UnitsInsBasalOrLongAct >= 114.000)
",-9999999.000,-9999999.000,0.000,0.000,1.000,0,0,0,1,1,0,0,1,0.0,0.0,0.0,0.0,0.0,1.0,-1
"F[1,2](diabDur >= 23.257 -> TSH >= 0.000)
",-9999999.000,-9999999.000,0.000,0.000,1.000,0,0,0,1,1,0,0,1,0.0,0.0,0.0,0.0,0.0,1.0,-1
"F[1,2](BldPrSys >= 114.000 | bmi >= 34.845)
",-9999999.000,-9999999.000,0.000,0.000,1.000,0,0,0,1,1,0,0,1,0.0,0.0,0.0,0.0,0.0,1.0,-1
"F[1,2](((SMBGperDayPtMeterCombo >= 1.873 | bmiZscore >= 0.639) -> TSH >= 0.600) -> bmiZscore >= 0.559)
",-9999999.000,-9999999.000,0.000,0.000,1.000,0,0,0,1,1,0,0,1,0.0,0.0,0.0,0.0,0.0,1.0,-1
"F[0,2](((Pt_MotherT1D <= 0.993 -> UnitsInsBasalOrLongAct >= 0.000) -> DirectLDL <= 0.000) | BUN >= 0.000)
",-9999999.000,-9999999.000,0.000,0.000,1.000,0,0,0,1,1,0,0,1,0.0,0.0,0.0,0.0,0.0,1.0,-1
"((TSH >= 0.000) U[0,1] (NumPumpBolusOrShortAct >= 0.040))
",-9999999.000,-9999999.000,0.000,0.000,1.000,0,0,0,1,1,0,0,1,0.0,0.0,0.0,0.0,0.0,1.0,-1
"F[0,2]((Triglyc >= 407.000 -> Pt_A1cGoalLevelDsYr5 <= 0.000) | DirectLDL >= 0.000)
",-9999999.000,-9999999.000,0.000,0.000,1.000,0,0,0,1,1,0,0,1,0.0,0.0,0.0,0.0,0.0,1.0,-1
"F[1,2](((Pt_CGMUseNumDays >= 0.000 -> GFR >= 0.000) | AutonomicNeuroCl <= 0.000) & TotChol >= 0.000)
",-9999999.000,-9999999.000,0.000,0.000,1.000,0,0,0,1,1,0,0,1,0.0,0.0,0.0,0.0,0.0,1.0,-1
"F[0,2]((bmiZscore <= 0.773 | AlbCreatRat_mggNew <= 0.000) -> Pt_A1cGoalLev <= 0.000)
",-9999999.000,-9999999.000,0.000,0.000,1.000,0,0,0,1,1,0,0,1,0.0,0.0,0.0,0.0,0.0,1.0,-1
"((Pt_SHFlg >= 0.000) U[0,2] (UnitsInsBasalOrLongAct <= 0.000))
",-9999999.000,-9999999.000,0.000,0.000,1.000,0,0,0,1,1,0,0,1,0.0,0.0,0.0,0.0,0.0,1.0,-1
"F[1,2](BldPrSys <= 114.000 | NumPumpBolusOrShortAct <= 3.754)
",-9999999.000,-9999999.000,0.000,0.000,1.000,0,0,0,1,1,0,0,1,0.0,0.0,0.0,0.0,0.0,1.0,-1
"F[0,2](Pt_SHFlg <= 0.000 & BldPrDia <= 72.000)
",-9999999.000,-9999999.000,0.000,0.000,1.000,0,0,0,1,1,0,0,1,0.0,0.0,0.0,0.0,0.0,1.0,-1
"F[2,2]((LDL >= 0.000 | AlbCreatRat_mggNew <= 0.000) -> WeightKg <= 0.000)
",0.000,0.000,0.000,0.000,1.000,0,0,0,1,1,0,0,1,0.0,0.0,0.0,0.0,0.0,1.0,-1
"F[1,2]((HbA1cImputeDtMnC <= -0.087 -> Triglyc >= 407.000) -> TSH <= 407.000)
",-9999999.000,-9999999.000,0.000,0.000,1.000,0,0,0,1,1,0,0,1,0.0,0.0,0.0,0.0,0.0,1.0,-1
"F[2,2]((Triglyc >= 407.000 -> Pt_SHFlg >= 0.000) -> HbA1cImputeDtMnC >= 0.000)
",0.000,0.000,0.000,0.000,1.000,0,0,0,1,1,0,0,1,0.0,0.0,0.0,0.0,0.0,1.0,-1
"F[1,2](HbA1c >= 3.264 -> Pt_A1cGoalLevelDsYr5 = 0.000)
",-9999999.000,-9999999.000,0.000,0.000,1.000,0,0,0,1,1,0,0,1,0.0,0.0,0.0,0.0,0.0,1.0,-1
"((diagAgeCombo <= 16.000) U[0,1] (Pt_DKAFlg >= 0.000))
",-9999999.000,-9999999.000,0.000,0.000,1.000,0,0,0,1,1,0,0,1,0.0,0.0,0.0,0.0,0.0,1.0,-1
"F[0,1](((Pt_SHFlg >= 0.000 | GFR <= 0.000) -> Pt_FatherT1D <= 0.000) -> Pt_ChildT1D <= 0.000)
",-9999999.000,-9999999.000,0.000,0.000,1.000,0,0,0,1,1,0,0,1,0.0,0.0,0.0,0.0,0.0,1.0,-1
"F[0,2]((UnitsInsBasalOrLongAct <= 0.000 & HbA1c <= 4.729) -> BGTestAvgNumPtRep >= 2.784)
",-9999999.000,-9999999.000,0.000,0.000,1.000,0,0,0,1,1,0,0,1,0.0,0.0,0.0,0.0,0.0,1.0,-1
"F[1,2](Triglyc <= 407.000 | LDL >= 0.000)
",-9999999.000,-9999999.000,0.000,0.000,1.000,0,0,0,1,1,0,0,1,0.0,0.0,0.0,0.0,0.0,1.0,-1
"F[1,2](((Pt_FatherT1D >= 0.000 -> TotalDailyInsPerKg <= 2.574) -> Pt_A1cGoalLev >= 0.097) | BGTestAvgNumMeter >= 1.040)
",-9999999.000,-9999999.000,0.000,0.000,1.000,0,0,0,1,1,0,0,1,0.0,0.0,0.0,0.0,0.0,1.0,-1
"F[1,1](((age <= 39.596 | GFR >= 0.000) -> AutonomicNeuroCl <= 0.000) -> Pt_A1cGoalLev <= 0.000)
",0.000,0.000,0.000,0.000,1.000,0,0,0,1,1,0,0,1,0.0,0.0,0.0,0.0,0.0,1.0,-1
"((TotChol <= 204.000) U[1,2] (bmiPerc <= 0.000))
",-9999999.000,-9999999.000,0.000,0.000,1.000,0,0,0,1,1,0,0,1,0.0,0.0,0.0,0.0,0.0,1.0,-1
"F[1,2](AlbCreatRat_mggNew <= 0.000 -> HbA1cImputeDtMnC >= -0.286)
",-9999999.000,-9999999.000,0.000,0.000,1.000,0,0,0,1,1,0,0,1,0.0,0.0,0.0,0.0,0.0,1.0,-1
"F[1,2](((Pt_GrandchildT1D >= 0.000 | HbA1c <= 5.538) -> Pt_InsGov >= 0.839) | Pt_A1cGoalLevelDsYr5 >= 0.924)
",-9999999.000,-9999999.000,0.000,0.000,1.000,0,0,0,1,1,0,0,1,0.0,0.0,0.0,0.0,0.0,1.0,-1
"F[0,1]((Pt_CGMUseNumDays <= 0.000 -> Pt_SiblingT1D >= 0.434) | HDL <= 0.783)
",-9999999.000,-9999999.000,0.000,0.000,1.000,0,0,0,1,1,0,0,1,0.0,0.0,0.0,0.0,0.0,1.0,-1
"F[0,2](((BldPrDia >= 72.000 | DirectLDL <= 0.000) | diabDur >= 0.000) & NumPumpBolusOrShortAct <= 0.000)
",-9999999.000,-9999999.000,0.000,0.000,1.000,0,0,0,1,1,0,0,1,0.0,0.0,0.0,0.0,0.0,1.0,-1
"F[1,2]((Pt_A1cGoalLevelDsYr5 <= 0.000 & Pt_FatherT1D >= 0.000) & Pt_GrandchildT1D >= 0.000)
",-9999999.000,-9999999.000,0.000,0.000,1.000,0,0,0,1,1,0,0,1,0.0,0.0,0.0,0.0,0.0,1.0,-1
"F[2,2]((bmiPerc <= 0.000 & BldPrDia <= 72.000) & TotalDailyInsPerKg >= 72.000)
",-72.000,-72.000,0.000,0.000,1.000,0,0,0,1,1,0,0,1,0.0,0.0,0.0,0.0,0.0,1.0,-1
"((UnitsInsBasalOrLongAct >= 0.000) U[0,2] (HbA1cImputeDtMnC <= -0.129))
",-9999999.000,-9999999.000,0.000,0.000,1.000,0,0,0,1,1,0,0,1,0.0,0.0,0.0,0.0,0.0,1.0,-1
"F[0,1](((bmi >= 34.845 | DirectLDL <= 0.000) | Pt_InsGov <= 0.000) & diabDur >= 0.000)
",-9999999.000,-9999999.000,0.000,0.000,1.000,0,0,0,1,1,0,0,1,0.0,0.0,0.0,0.0,0.0,1.0,-1
"F[1,2]((Pt_SHFlg >= 0.000 & BldPrSys <= 114.000) -> Pt_GrandparentT1D >= 114.000)
",-9999999.000,-9999999.000,0.000,0.000,1.000,0,0,0,1,1,0,0,1,0.0,0.0,0.0,0.0,0.0,1.0,-1
"((HbA1cImputeDtMnC <= -0.114) U[1,2] (HeightCm >= 162.560))
",-9999999.000,-9999999.000,0.000,0.000,1.000,0,0,0,1,1,0,0,1,0.0,0.0,0.0,0.0,0.0,1.0,-1
"F[0,2](BUN <= 10.501 -> HDL >= 44.000)
",-9999999.000,-9999999.000,0.000,0.000,1.000,0,0,0,1,1,0,0,1,0.0,0.0,0.0,0.0,0.0,1.0,-1
"F[0,1](((TSH >= 0.000 & Pt_MotherT1D <= 0.935) -> BUN <= 0.962) -> Pt_InsGov >= 0.241)
",-9999999.000,-9999999.000,0.000,0.000,1.000,0,0,0,1,1,0,0,1,0.0,0.0,0.0,0.0,0.0,1.0,-1
"((bmi <= 34.845) U[0,1] (BGTestAvgNumPtRep >= 0.169))
",-9999999.000,-9999999.000,0.000,0.000,1.000,0,0,0,1,1,0,0,1,0.0,0.0,0.0,0.0,0.0,1.0,-1
"F[0,2](((TotalDailyInsPerKg <= 2.546 | BldPrDia >= 72.000) | AlbCreatRat_mggNew <= 72.000) -> BGTestAvgNumPtRep <= 72.000)
",-9999999.000,-9999999.000,0.000,0.000,1.000,0,0,0,1,1,0,0,1,0.0,0.0,0.0,0.0,0.0,1.0,-1
"F[1,1](((Pt_SiblingT1D >= 0.356 & bmiZscore >= 0.578) | Pt_MotherT1D >= 0.586) -> bmi <= 0.718)
",-0.718,-0.718,0.000,0.000,1.000,0,0,0,1,1,0,0,1,0.0,0.0,0.0,0.0,0.0,1.0,-1
"F[0,1](Pt_GrandchildT1D <= 0.000 | diagAgeCombo <= 16.000)
",-9999999.000,-9999999.000,0.000,0.000,1.000,0,0,0,1,1,0,0,1,0.0,0.0,0.0,0.0,0.0,1.0,-1
"F[0,2](diagAgeCombo <= 16.000 | SMBGperDayPtMeterCombo <= 3.017)
",-9999999.000,-9999999.000,0.000,0.000,1.000,0,0,0,1,1,0,0,1,0.0,0.0,0.0,0.0,0.0,1.0,-1
"F[1,2]((WeightKg >= 92.079 & TSH >= 0.000) -> Pt_SiblingT1D <= 0.000)
",-9999999.000,-9999999.000,0.000,0.000,1.000,0,0,0,1,1,0,0,1,0.0,0.0,0.0,0.0,0.0,1.0,-1
"F[0,0](((BUN <= 10.786 -> Pt_A1cGoalLevelDsYr5 <= 0.000) -> LDL >= 0.000) | WeightKg >= 0.000)
",0.000,0.000,0.000,0.000,1.000,0,0,0,1,1,0,0,1,0.0,0.0,0.0,0.0,0.0,1.0,-1
"F[1,1]((age >= 39.437 -> HeightCm >= 162.560) | NumPumpBolusOrShortAct <= 162.560)
",162.560,162.560,0.000,0.000,1.000,0,0,0,1,1,0,0,1,0.0,0.0,0.0,0.0,0.0,1.0,-1
"((Pt_A1cGoalLev <= 0.000) U[0,2] (TotalDailyInsPerKg >= 0.482))
",-9999999.000,-9999999.000,0.000,0.000,1.000,0,0,0,1,1,0,0,1,0.0,0.0,0.0,0.0,0.0,1.0,-1
"F[0,1]((Pt_A1cGoalLev >= 0.000 -> diabDur >= 23.216) | BldPrDia <= 23.802)
",-9999999.000,-9999999.000,0.000,0.000,1.000,0,0,0,1,1,0,0,1,0.0,0.0,0.0,0.0,0.0,1.0,-1
"F[2,2](HDL >= 44.000 -> TotalDailyInsPerKg <= 2.026)
",-2.026,-2.026,0.000,0.000,1.000,0,0,0,1,1,0,0,1,0.0,0.0,0.0,0.0,0.0,1.0,-1
"F[0,1](HDL >= 44.000 | HDL >= 44.000)
",-9999999.000,-9999999.000,0.000,0.000,1.000,0,0,0,1,1,0,0,1,0.0,0.0,0.0,0.0,0.0,1.0,-1
"F[0,0](((TotChol <= 204.000 -> BUN >= 10.013) | Pt_InsGov >= 10.333) | HeightCm >= 10.343)
",81.737,81.737,0.000,0.000,1.000,0,0,0,1,1,0,0,1,0.0,0.0,0.0,0.0,0.0,1.0,-1
"F[0,2](Pt_MotherT1D <= 0.639 | Pt_CGMUseNumDays <= 0.000)
",-9999999.000,-9999999.000,0.000,0.000,1.000,0,0,0,1,1,0,0,1,0.0,0.0,0.0,0.0,0.0,1.0,-1
"F[0,2](((Pt_A1cGoalLev <= 0.000 -> Triglyc <= 407.000) & Pt_InsGov <= 407.000) -> Pt_FatherT1D <= 407.000)
",-9999999.000,-9999999.000,0.000,0.000,1.000,0,0,0,1,1,0,0,1,0.0,0.0,0.0,0.0,0.0,1.0,-1
"F[0,1](NumPumpBolusOrShortAct <= 2.692 -> HbA1c >= 2.355)
",-9999999.000,-9999999.000,0.000,0.000,1.000,0,0,0,1,1,0,0,1,0.0,0.0,0.0,0.0,0.0,1.0,-1
"F[0,2]((DirectLDL <= 0.000 -> Pt_A1cGoalLev >= 0.000) | diabDur >= 0.000)
",-9999999.000,-9999999.000,0.000,0.000,1.000,0,0,0,1,1,0,0,1,0.0,0.0,0.0,0.0,0.0,1.0,-1
"F[0,1](HbA1c >= 1.355 -> Pt_A1cGoalLevelDsYr5 = 0.000)
",-9999999.000,-9999999.000,0.000,0.000,1.000,0,0,0,1,1,0,0,1,0.0,0.0,0.0,0.0,0.0,1.0,-1
"F[1,2](UnitsInsBasalOrLongAct <= 0.000 & Pt_ChildT1D >= 0.000)
",-9999999.000,-9999999.000,0.000,0.000,1.000,0,0,0,1,1,0,0,1,0.0,0.0,0.0,0.0,0.0,1.0,-1
"F[0,2](diagAgeCombo <= 16.000 | bmiPerc >= 0.000)
",-9999999.000,-9999999.000,0.000,0.000,1.000,0,0,0,1,1,0,0,1,0.0,0.0,0.0,0.0,0.0,1.0,-1
"F[0,2]((Pt_SHFlg <= 0.000 -> HbA1c <= 3.814) & Pt_GrandchildT1D <= 6.480)
",-9999999.000,-9999999.000,0.000,0.000,1.000,0,0,0,1,1,0,0,1,0.0,0.0,0.0,0.0,0.0,1.0,-1
"F[0,0](NumPumpBolusOrShortAct <= 2.834 | Pt_ChildT1D <= 0.000)
",2.834,2.834,0.000,0.000,1.000,0,0,0,1,1,0,0,1,0.0,0.0,0.0,0.0,0.0,1.0,-1
"F[1,2]((BGTestAvgNumPtRep >= 1.410 | Pt_GrandchildT1D >= 0.000) & BGTestAvgNumMeter <= 0.000)
",-9999999.000,-9999999.000,0.000,0.000,1.000,0,0,0,1,1,0,0,1,0.0,0.0,0.0,0.0,0.0,1.0,-1
"F[2,2](HDL >= 44.000 -> Triglyc >= 407.000)
",44.000,44.000,0.000,0.000,1.000,0,0,0,1,1,0,0,1,0.0,0.0,0.0,0.0,0.0,1.0,-1
"F[1,2]((diagAgeCombo <= 16.000 | LDL >= 0.000) | HeightCm >= 0.000)
",-9999999.000,-9999999.000,0.000,0.000,1.000,0,0,0,1,1,0,0,1,0.0,0.0,0.0,0.0,0.0,1.0,-1
"F[0,2](BldPrDia <= 72.000 | HeightCm >= 162.560)
",-9999999.000,-9999999.000,0.000,0.000,1.000,0,0,0,1,1,0,0,1,0.0,0.0,0.0,0.0,0.0,1.0,-1
"((BUN <= 10.543) U[1,2] (diabDur >= 23.355))
",-9999999.000,-9999999.000,0.000,0.000,1.000,0,0,0,1,1,0,0,1,0.0,0.0,0.0,0.0,0.0,1.0,-1
"((diabDur <= 23.946) U[0,0] (LDL <= 0.000))
",0.000,0.000,0.000,0.000,1.000,0,0,0,1,1,0,0,1,0.0,0.0,0.0,0.0,0.0,1.0,-1
"((UnitsInsBasalOrLongAct <= 0.000) U[1,1] (UnitsInsBasalOrLongAct >= 0.000))
",0.000,0.000,0.000,0.000,1.000,0,0,0,1,1,0,0,1,0.0,0.0,0.0,0.0,0.0,1.0,-1
"F[2,2](Pt_SiblingT1D <= 0.849 | Pt_InsGov <= 0.962)
",0.962,0.962,0.000,0.000,1.000,0,0,0,1,1,0,0,1,0.0,0.0,0.0,0.0,0.0,1.0,-1
"((HbA1cImputeDtMnC <= -0.105) U[2,2] (Pt_CGMUseNumDays >= 0.000))
",0.000,0.000,0.000,0.000,1.000,0,0,0,1,1,0,0,1,0.0,0.0,0.0,0.0,0.0,1.0,-1
"F[1,2]((TotChol >= 204.000 | AutonomicNeuroCl >= 1.000) & BUN >= 1.000)
",-9999999.000,-9999999.000,0.000,0.000,1.000,0,0,0,1,1,0,0,1,0.0,0.0,0.0,0.0,0.0,1.0,-1
"F[2,2](((bmiPerc >= 0.000 | HDL <= 44.000) -> TSH >= 44.000) | LDL >= 44.000)
",-44.000,-44.000,0.000,0.000,1.000,0,0,0,1,1,0,0,1,0.0,0.0,0.0,0.0,0.0,1.0,-1
"F[0,1](((TSH >= 0.000 & Pt_A1cGoalLevelDsYr5 >= 0.000) -> BGTestAvgNumMeter <= 0.000) | TotalDailyInsPerKg <= 0.000)
",-9999999.000,-9999999.000,0.000,0.000,1.000,0,0,0,1,1,0,0,1,0.0,0.0,0.0,0.0,0.0,1.0,-1
"F[1,1](((BldPrSys >= 114.000 | HeightCm <= 162.560) -> AutonomicNeuroCl >= 162.560) | Pt_GrandchildT1D <= 162.560)
",162.560,162.560,0.000,0.000,1.000,0,0,0,1,1,0,0,1,0.0,0.0,0.0,0.0,0.0,1.0,-1
"F[0,1]((BldPrSys >= 114.000 -> DirectLDL >= 0.000) | HbA1c >= 0.000)
",-9999999.000,-9999999.000,0.000,0.000,1.000,0,0,0,1,1,0,0,1,0.0,0.0,0.0,0.0,0.0,1.0,-1
"F[0,0]((AlbCreatRat_mggNew >= 0.000 -> TotChol <= 204.000) & HbA1cImputeDtMnC <= 204.000)
",-160.000,-160.000,0.000,0.000,1.000,0,0,0,1,1,0,0,1,0.0,0.0,0.0,0.0,0.0,1.0,-1
"((BGTestAvgNumMeter >= 0.000) U[1,2] (BGTestAvgNumPtRep <= 3.935))
",-9999999.000,-9999999.000,0.000,0.000,1.000,0,0,0,1,1,0,0,1,0.0,0.0,0.0,0.0,0.0,1.0,-1
"F[1,2]((bmi <= 34.845 -> Pt_InsGov <= 0.947) | diabDur <= 0.971)
",-9999999.000,-9999999.000,0.000,0.000,1.000,0,0,0,1,1,0,0,1,0.0,0.0,0.0,0.0,0.0,1.0,-1
"F[1,1]((HDL >= 44.000 | UnitsInsBasalOrLongAct >= 0.000) & BldPrSys >= 0.000)
",0.000,0.000,0.000,0.000,1.000,0,0,0,1,1,0,0,1,0.0,0.0,0.0,0.0,0.0,1.0,-1
"F[0,0]((BGTestAvgNumPtRep <= 3.380 | Pt_A1cGoalLevelDsYr5 >= 0.000) | DirectLDL >= 0.000)
",162.560,162.560,0.000,0.000,1.000,0,0,0,1,1,0,0,1,0.0,0.0,0.0,0.0,0.0,1.0,-1
"F[0,1](((Pt_DKAFlg <= 0.000 & HeightCm <= 162.560) | HDL <= 162.560) | Pt_A1cGoalLevelDsYr5 >= 162.560)
",-9999999.000,-9999999.000,0.000,0.000,1.000,0,0,0,1,1,0,0,1,0.0,0.0,0.0,0.0,0.0,1.0,-1
"F[0,1]((TotalDailyInsPerKg >= 0.694 | HDL >= 44.000) | DirectLDL <= 44.000)
",-9999999.000,-9999999.000,0.000,0.000,1.000,0,0,0,1,1,0,0,1,0.0,0.0,0.0,0.0,0.0,1.0,-1
"((NumPumpBolusOrShortAct >= 0.958) U[0,2] (BGTestAvgNumMeter <= 0.000))
",-9999999.000,-9999999.000,0.000,0.000,1.000,0,0,0,1,1,0,0,1,0.0,0.0,0.0,0.0,0.0,1.0,-1
"F[1,2](((BldPrSys <= 114.000 -> AutonomicNeuroCl <= 1.000) -> BGTestAvgNumPtRep >= 1.000) & Pt_A1cGoalLevelDsYr5 >= 1.000)
",-9999999.000,-9999999.000,0.000,0.000,1.000,0,0,0,1,1,0,0,1,0.0,0.0,0.0,0.0,0.0,1.0,-1
"F[1,2]((HeightCm <= 162.560 | bmi >= 34.845) & UnitsInsBasalOrLongAct >= 34.845)
",-9999999.000,-9999999.000,0.000,0.000,1.000,0,0,0,1,1,0,0,1,0.0,0.0,0.0,0.0,0.0,1.0,-1
"F[0,0](Pt_GrandchildT1D >= 0.000 -> Pt_CGMUseNumDays <= 0.000)
",0.000,0.000,0.000,0.000,1.000,0,0,0,1,1,0,0,1,0.0,0.0,0.0,0.0,0.0,1.0,-1
"F[0,0](((TotalDailyInsPerKg >= 0.889 | Pt_A1cGoalLevelDsYr5 >= 0.000) & AutonomicNeuroCl >= 0.000) | TotalDailyInsPerKg >= 0.000)
",24.000,24.000,0.000,0.000,1.000,0,0,0,1,1,0,0,1,0.0,0.0,0.0,0.0,0.0,1.0,-1
"F[0,1]((WeightKg <= 92.079 -> Pt_CGMUseNumDays <= 0.000) -> Pt_A1cGoalLevelDsYr5 >= 0.000)
",-9999999.000,-9999999.000,0.000,0.000,1.000,0,0,0,1,1,0,0,1,0.0,0.0,0.0,0.0,0.0,1.0,-1
"F[0,1](TotalDailyInsPerKg <= 1.353 -> bmiZscore <= 0.737)
",-9999999.000,-9999999.000,0.000,0.000,1.000,0,0,0,1,1,0,0,1,0.0,0.0,0.0,0.0,0.0,1.0,-1
"F[0,2](((HeightCm <= 162.560 -> bmiPerc <= 0.000) | TotChol >= 0.000) -> Pt_A1cGoalLevelDsYr5 >= 0.000)
",-9999999.000,-9999999.000,0.000,0.000,1.000,0,0,0,1,1,0,0,1,0.0,0.0,0.0,0.0,0.0,1.0,-1
"F[1,2](TSH <= 0.000 -> UnitsInsBasalOrLongAct >= 0.000)
",-9999999.000,-9999999.000,0.000,0.000,1.000,0,0,0,1,1,0,0,1,0.0,0.0,0.0,0.0,0.0,1.0,-1
"F[1,2]((Pt_MotherT1D >= 0.129 -> diagAgeCombo >= 16.000) | bmi <= 16.000)
",-9999999.000,-9999999.000,0.000,0.000,1.000,0,0,0,1,1,0,0,1,0.0,0.0,0.0,0.0,0.0,1.0,-1
"F[0,1](((BUN <= 10.562 & GFR >= 0.000) | BGTestAvgNumMeter <= 0.000) -> Pt_SiblingT1D <= 0.000)
",-9999999.000,-9999999.000,0.000,0.000,1.000,0,0,0,1,1,0,0,1,0.0,0.0,0.0,0.0,0.0,1.0,-1
"F[0,0](((Pt_FatherT1D >= 0.000 -> bmi >= 34.845) -> BUN <= 34.845) | Pt_A1cGoalLevelDsYr5 <= 34.845)
",34.845,34.845,0.000,0.000,1.000,0,0,0,1,1,0,0,1,0.0,0.0,0.0,0.0,0.0,1.0,-1
"F[2,2](Pt_FatherT1D >= 0.000 & AutonomicNeuroCl >= 1.000)
",-1.000,-1.000,0.000,0.000,1.000,0,0,0,1,1,0,0,1,0.0,0.0,0.0,0.0,0.0,1.0,-1
"F[2,2](((bmi >= 34.845 & HbA1c >= 1.558) -> Pt_SHFlg >= 1.915) & TotalDailyInsPerKg <= 6.596)
",1.915,1.915,0.000,0.000,1.000,0,0,0,1,1,0,0,1,0.0,0.0,0.0,0.0,0.0,1.0,-1
"F[1,2](((HbA1c >= 2.280 -> diagAgeCombo <= 16.000) -> HeightCm >= 16.000) | HDL <= 16.000)
",-9999999.000,-9999999.000,0.000,0.000,1.000,0,0,0,1,1,0,0,1,0.0,0.0,0.0,0.0,0.0,1.0,-1
"F[0,2](Pt_CGMUseNumDays <= 0.000 -> bmi >= 34.845)
",-9999999.000,-9999999.000,0.000,0.000,1.000,0,0,0,1,1,0,0,1,0.0,0.0,0.0,0.0,0.0,1.0,-1
"F[1,2](((GFR <= 0.000 & LDL <= 0.000) -> BGTestAvgNumPtRep >= 0.000) -> HeightCm <= 0.000)
",-9999999.000,-9999999.000,0.000,0.000,1.000,0,0,0,1,1,0,0,1,0.0,0.0,0.0,0.0,0.0,1.0,-1
"F[1,2]((HbA1cImputeDtMnC >= -0.259 | DirectLDL >= 0.000) -> SMBGperDayPtMeterCombo <= 0.000)
",-9999999.000,-9999999.000,0.000,0.000,1.000,0,0,0,1,1,0,0,1,0.0,0.0,0.0,0.0,0.0,1.0,-1
"F[1,1](((Pt_A1cGoalLevelDsYr5 >= 0.000 | Pt_SHFlg >= 0.000) | bmiZscore >= 0.000) & Pt_A1cGoalLevelDsYr5 >= 0.000)
",0.000,0.000,0.000,0.000,1.000,0,0,0,1,1,0,0,1,0.0,0.0,0.0,0.0,0.0,1.0,-1
"F[0,2](((WeightKg >= 92.079 & NumPumpBolusOrShortAct >= 0.340) & Pt_SHFlg <= 2.821) & bmi >= 0.910)
",-9999999.000,-9999999.000,0.000,0.000,1.000,0,0,0,1,1,0,0,1,0.0,0.0,0.0,0.0,0.0,1.0,-1
"F[0,1](BldPrSys >= 114.000 & bmiPerc <= 0.000)
",-9999999.000,-9999999.000,0.000,0.000,1.000,0,0,0,1,1,0,0,1,0.0,0.0,0.0,0.0,0.0,1.0,-1
"F[0,1]((BldPrSys <= 114.000 | AutonomicNeuroCl >= 1.000) -> BUN >= 1.000)
",-9999999.000,-9999999.000,0.000,0.000,1.000,0,0,0,1,1,0,0,1,0.0,0.0,0.0,0.0,0.0,1.0,-1
"((BUN <= 10.676) U[0,1] (Pt_ChildT1D >= 0.000))
",-9999999.000,-9999999.000,0.000,0.000,1.000,0,0,0,1,1,0,0,1,0.0,0.0,0.0,0.0,0.0,1.0,-1
"F[2,2]((SMBGperDayPtMeterCombo >= 0.011 & TotChol >= 204.000) & Pt_GrandparentT1D >= 204.000)
",-204.000,-204.000,0.000,0.000,1.000,0,0,0,1,1,0,0,1,0.0,0.0,0.0,0.0,0.0,1.0,-1
"F[0,2]((HbA1c >= 0.178 & Pt_InsGov <= 0.926) & Pt_SHFlg <= 0.754)
",-9999999.000,-9999999.000,0.000,0.000,1.000,0,0,0,1,1,0,0,1,0.0,0.0,0.0,0.0,0.0,1.0,-1
"F[0,1]((LDL <= 0.000 | TSH <= 0.000) -> GFR <= 0.000)
",-9999999.000,-9999999.000,0.000,0.000,1.000,0,0,0,1,1,0,0,1,0.0,0.0,0.0,0.0,0.0,1.0,-1
"F[1,1](bmi <= 34.845 -> Pt_DKAFlg >= 0.000)
",-34.845,-34.845,0.000,0.000,1.000,0,0,0,1,1,0,0,1,0.0,0.0,0.0,0.0,0.0,1.0,-1
"F[0,0](Pt_FatherT1D >= 0.000 -> WeightKg >= 92.079)
",0.000,0.000,0.000,0.000,1.000,0,0,0,1,1,0,0,1,0.0,0.0,0.0,0.0,0.0,1.0,-1
"F[1,2]((Triglyc <= 407.000 -> SMBGperDayPtMeterCombo >= 1.562) & TSH <= 2.225)
",-9999999.000,-9999999.000,0.000,0.000,1.000,0,0,0,1,1,0,0,1,0.0,0.0,0.0,0.0,0.0,1.0,-1
"((HbA1cImputeDtMnC >= -0.285) U[1,2] (HbA1c >= 1.263))
",-9999999.000,-9999999.000,0.000,0.000,1.000,0,0,0,1,1,0,0,1,0.0,0.0,0.0,0.0,0.0,1.0,-1
"F[1,1](Pt_A1cGoalLev <= 0.000 -> BldPrDia <= 72.000)
",-72.000,-72.000,0.000,0.000,1.000,0,0,0,1,1,0,0,1,0.0,0.0,0.0,0.0,0.0,1.0,-1
"F[1,2]((BldPrDia >= 72.000 | UnitsInsBasalOrLongAct <= 0.000) & Pt_A1cGoalLev <= 0.000)
",-9999999.000,-9999999.000,0.000,0.000,1.000,0,0,0,1,1,0,0,1,0.0,0.0,0.0,0.0,0.0,1.0,-1
"F[2,2](((diagAgeCombo >= 16.000 | bmiPerc <= 0.000) | BUN >= 0.000) -> Pt_InsGov >= 0.000)
",0.000,0.000,0.000,0.000,1.000,0,0,0,1,1,0,0,1,0.0,0.0,0.0,0.0,0.0,1.0,-1
"F[0,0](((NumPumpBolusOrShortAct >= 1.441 | HbA1c >= 0.086) | Pt_FatherT1D >= 0.506) -> BGTestAvgNumPtRep >= 1.322)
",0.086,0.086,0.000,0.000,1.000,0,0,0,1,1,0,0,1,0.0,0.0,0.0,0.0,0.0,1.0,-1
"F[0,1](((Pt_A1cGoalLev <= 0.000 & bmiPerc >= 0.000) | AlbCreatRat_mggNew >= 0.000) -> age >= 0.000)
",-9999999.000,-9999999.000,0.000,0.000,1.000,0,0,0,1,1,0,0,1,0.0,0.0,0.0,0.0,0.0,1.0,-1
"F[1,1](((Pt_SHFlg >= 0.000 | TSH <= 0.000) -> BGTestAvgNumMeter <= 0.000) & Pt_InsGov >= 0.000)
",0.000,0.000,0.000,0.000,1.000,0,0,0,1,1,0,0,1,0.0,0.0,0.0,0.0,0.0,1.0,-1
"F[1,2]((Pt_FatherT1D >= 0.000 | Pt_GrandparentT1D <= 0.674) & Pt_CGMUseNumDays <= 0.806)
",-9999999.000,-9999999.000,0.000,0.000,1.000,0,0,0,1,1,0,0,1,0.0,0.0,0.0,0.0,0.0,1.0,-1
"((DirectLDL <= 0.000) U[0,2] (DirectLDL <= 0.000))
",-9999999.000,-9999999.000,0.000,0.000,1.000,0,0,0,1,1,0,0,1,0.0,0.0,0.0,0.0,0.0,1.0,-1
"F[0,1]((bmiPerc <= 0.000 & Pt_InsGov >= 0.089) | bmiZscore >= 0.327)
",-9999999.000,-9999999.000,0.000,0.000,1.000,0,0,0,1,1,0,0,1,0.0,0.0,0.0,0.0,0.0,1.0,-1
"F[0,2]((Pt_A1cGoalLev >= 0.000 -> BldPrDia <= 72.000) -> diabDur <= 72.000)
",-9999999.000,-9999999.000,0.000,0.000,1.000,0,0,0,1,1,0,0,1,0.0,0.0,0.0,0.0,0.0,1.0,-1
"F[1,2]((HbA1c <= 3.421 -> BGTestAvgNumPtRep >= 0.850) -> HbA1cImputeDtMnC <= 2.658)
",-9999999.000,-9999999.000,0.000,0.000,1.000,0,0,0,1,1,0,0,1,0.0,0.0,0.0,0.0,0.0,1.0,-1
"F[1,1](Pt_A1cGoalLevelDsYr5 <= 0.000 | bmi >= 34.845)
",0.000,0.000,0.000,0.000,1.000,0,0,0,1,1,0,0,1,0.0,0.0,0.0,0.0,0.0,1.0,-1
"((Pt_DKAFlg >= 0.000) U[1,2] (diabDur >= 23.024))
",-9999999.000,-9999999.000,0.000,0.000,1.000,0,0,0,1,1,0,0,1,0.0,0.0,0.0,0.0,0.0,1.0,-1
"F[0,1]((Pt_InsGov <= 0.998 -> LDL <= 0.000) | AlbCreatRat_mggNew <= 0.000)
",-9999999.000,-9999999.000,0.000,0.000,1.000,0,0,0,1,1,0,0,1,0.0,0.0,0.0,0.0,0.0,1.0,-1
"F[0,1]((BGTestAvgNumMeter <= 0.000 | Pt_A1cGoalLev >= 0.000) | BldPrDia >= 0.000)
",-9999999.000,-9999999.000,0.000,0.000,1.000,0,0,0,1,1,0,0,1,0.0,0.0,0.0,0.0,0.0,1.0,-1
"F[1,1]((Pt_DKAFlg >= 0.000 | Pt_A1cGoalLevelDsYr5 <= 0.000) & HbA1cImputeDtMnC >= 0.000)
",0.000,0.000,0.000,0.000,1.000,0,0,0,1,1,0,0,1,0.0,0.0,0.0,0.0,0.0,1.0,-1
"F[0,2](HbA1c >= 1.740 -> Pt_A1cGoalLevelDsYr5 = 0.000)
",-9999999.000,-9999999.000,0.000,0.000,1.000,0,0,0,1,1,0,0,1,0.0,0.0,0.0,0.0,0.0,1.0,-1
"F[0,2](TotChol <= 204.000 & Pt_SHFlg = 0.000)
",-9999999.000,-9999999.000,0.000,0.000,1.000,0,0,0,1,1,0,0,1,0.0,0.0,0.0,0.0,0.0,1.0,-1
"((BGTestAvgNumMeter >= 0.000) U[0,1] (BGTestAvgNumPtRep <= 3.830))
",-9999999.000,-9999999.000,0.000,0.000,1.000,0,0,0,1,1,0,0,1,0.0,0.0,0.0,0.0,0.0,1.0,-1
"F[0,0](HbA1c >= 0.505 -> Pt_A1cGoalLevelDsYr5 = 0.000)
",0.000,0.000,0.000,0.000,1.000,0,0,0,1,1,0,0,1,0.0,0.0,0.0,0.0,0.0,1.0,-1
"((BGTestAvgNumMeter >= 0.000) U[0,2] (BGTestAvgNumPtRep <= 3.054))
",-9999999.000,-9999999.000,0.000,0.000,1.000,0,0,0,1,1,0,0,1,0.0,0.0,0.0,0.0,0.0,1.0,-1
"F[2,2](HbA1c >= 1.532 -> Pt_A1cGoalLevelDsYr5 = 0.000)
",0.000,0.000,0.000,0.000,1.000,0,0,0,1,1,0,0,1,0.0,0.0,0.0,0.0,0.0,1.0,-1
"F[2,2](HbA1c >= 2.221 -> Pt_A1cGoalLevelDsYr5 = 0.000)
",0.000,0.000,0.000,0.000,1.000,0,0,0,1,1,0,0,1,0.0,0.0,0.0,0.0,0.0,1.0,-1
"((BGTestAvgNumMeter >= 0.000) U[1,1] (BGTestAvgNumPtRep <= 2.755))
",2.755,2.755,0.000,0.000,1.000,0,0,0,1,1,0,0,1,0.0,0.0,0.0,0.0,0.0,1.0,-1
"((BGTestAvgNumMeter >= 0.000) U[0,1] (BGTestAvgNumPtRep <= 2.018))
",-9999999.000,-9999999.000,0.000,0.000,1.000,0,0,0,1,1,0,0,1,0.0,0.0,0.0,0.0,0.0,1.0,-1
"F[1,2](HbA1c >= 3.281 -> Pt_A1cGoalLevelDsYr5 = 0.000)
",-9999999.000,-9999999.000,0.000,0.000,1.000,0,0,0,1,1,0,0,1,0.0,0.0,0.0,0.0,0.0,1.0,-1
"((BGTestAvgNumMeter >= 0.000) U[1,2] (BGTestAvgNumPtRep <= 3.847))
",-9999999.000,-9999999.000,0.000,0.000,1.000,0,0,0,1,1,0,0,1,0.0,0.0,0.0,0.0,0.0,1.0,-1
"F[0,2](HbA1c >= 2.319 -> Pt_A1cGoalLevelDsYr5 = 0.000)
",-9999999.000,-9999999.000,0.000,0.000,1.000,0,0,0,1,1,0,0,1,0.0,0.0,0.0,0.0,0.0,1.0,-1
"((BGTestAvgNumMeter >= 0.000) U[0,1] (BGTestAvgNumPtRep <= 3.922))
",-9999999.000,-9999999.000,0.000,0.000,1.000,0,0,0,1,1,0,0,1,0.0,0.0,0.0,0.0,0.0,1.0,-1
"F[0,0](HbA1c >= 0.439 -> Pt_A1cGoalLevelDsYr5 = 0.000)
",0.000,0.000,0.000,0.000,1.000,0,0,0,1,1,0,0,1,0.0,0.0,0.0,0.0,0.0,1.0,-1
"((BGTestAvgNumMeter >= 0.000) U[0,1] (BGTestAvgNumPtRep <= 2.969))
",-9999999.000,-9999999.000,0.000,0.000,1.000,0,0,0,1,1,0,0,1,0.0,0.0,0.0,0.0,0.0,1.0,-1
"F[2,2](bmiZscore < 0.755 & Pt_SHFlg = 0.000)
",0.000,0.000,0.000,0.000,1.000,0,0,0,1,1,0,0,1,0.0,0.0,0.0,0.0,0.0,1.0,-1
"((SMBGperDayPtMeterCombo < 3.530) U[0,0] (Pt_SHFlg = 0.000))
",0.000,0.000,0.000,0.000,1.000,0,0,0,1,1,0,0,1,0.0,0.0,0.0,0.0,0.0,1.0,-1
"F[1,1]((Pt_CGMUseNumDays >= 0.000 -> Pt_CGMUseNumDays <= 0.000) -> Pt_GrandchildT1D <= 0.000)
",0.000,0.000,0.000,0.000,1.000,0,0,0,1,1,0,0,1,0.0,0.0,0.0,0.0,0.0,1.0,-1
"F[1,2](((HDL >= 44.000 | GFR >= 0.000) & Pt_InsGov <= 0.000) -> Pt_GrandparentT1D >= 0.000)
",-9999999.000,-9999999.000,0.000,0.000,1.000,0,0,0,1,1,0,0,1,0.0,0.0,0.0,0.0,0.0,1.0,-1
"F[1,2]((TotChol >= 204.000 | Pt_CGMUseNumDays >= 0.000) & Pt_MotherT1D >= 0.000)
",-9999999.000,-9999999.000,0.000,0.000,1.000,0,0,0,1,1,0,0,1,0.0,0.0,0.0,0.0,0.0,1.0,-1
"((age >= 39.192) U[0,1] (LDL >= 0.000))
",-9999999.000,-9999999.000,0.000,0.000,1.000,0,0,0,1,1,0,0,1,0.0,0.0,0.0,0.0,0.0,1.0,-1
"F[0,1]((HDL >= 44.000 -> BUN >= 10.346) -> bmi >= 10.239)
",-9999999.000,-9999999.000,0.000,0.000,1.000,0,0,0,1,1,0,0,1,0.0,0.0,0.0,0.0,0.0,1.0,-1
"F[2,2](bmiPerc <= 0.000 & TotalDailyInsPerKg >= 0.466)
",-0.466,-0.466,0.000,0.000,1.000,0,0,0,1,1,0,0,1,0.0,0.0,0.0,0.0,0.0,1.0,-1
"F[0,1](((SMBGperDayPtMeterCombo >= 1.461 | UnitsInsBasalOrLongAct <= 0.000) -> Pt_InsGov <= 0.000) & Pt_FatherT1D >= 0.000)
",-9999999.000,-9999999.000,0.000,0.000,1.000,0,0,0,1,1,0,0,1,0.0,0.0,0.0,0.0,0.0,1.0,-1
"F[0,2]((Pt_A1cGoalLev <= 0.000 & BGTestAvgNumMeter <= 0.000) | Pt_SiblingT1D >= 0.000)
",-9999999.000,-9999999.000,0.000,0.000,1.000,0,0,0,1,1,0,0,1,0.0,0.0,0.0,0.0,0.0,1.0,-1
"F[2,2](UnitsInsBasalOrLongAct >= 0.000 & NumPumpBolusOrShortAct <= 3.443)
",0.000,0.000,0.000,0.000,1.000,0,0,0,1,1,0,0,1,0.0,0.0,0.0,0.0,0.0,1.0,-1
"F[2,2](((Pt_SiblingT1D <= 0.841 | BGTestAvgNumPtRep >= 1.251) | BUN <= 2.108) | Pt_GrandchildT1D <= 2.508)
",2.508,2.508,0.000,0.000,1.000,0,0,0,1,1,0,0,1,0.0,0.0,0.0,0.0,0.0,1.0,-1
"F[1,2](Pt_InsGov >= 0.296 -> UnitsInsBasalOrLongAct >= 0.000)
",-9999999.000,-9999999.000,0.000,0.000,1.000,0,0,0,1,1,0,0,1,0.0,0.0,0.0,0.0,0.0,1.0,-1
"F[2,2](AutonomicNeuroCl >= 1.000 -> GFR >= 0.000)
",0.000,0.000,0.000,0.000,1.000,0,0,0,1,1,0,0,1,0.0,0.0,0.0,0.0,0.0,1.0,-1
"F[1,2](HbA1c <= 3.553 & Pt_DKAFlg >= 0.000)
",-9999999.000,-9999999.000,0.000,0.000,1.000,0,0,0,1,1,0,0,1,0.0,0.0,0.0,0.0,0.0,1.0,-1
"F[1,2]((Pt_MotherT1D >= 0.339 -> TotalDailyInsPerKg >= 0.514) -> BUN <= 2.357)
",-9999999.000,-9999999.000,0.000,0.000,1.000,0,0,0,1,1,0,0,1,0.0,0.0,0.0,0.0,0.0,1.0,-1
"F[0,2]((Pt_CGMUseNumDays >= 0.000 & Pt_SiblingT1D <= 0.617) | age >= 0.250)
",-9999999.000,-9999999.000,0.000,0.000,1.000,0,0,0,1,1,0,0,1,0.0,0.0,0.0,0.0,0.0,1.0,-1
"F[1,1](Pt_A1cGoalLevelDsYr5 >= 0.000 | Pt_DKAFlg <= 0.000)
",0.000,0.000,0.000,0.000,1.000,0,0,0,1,1,0,0,1,0.0,0.0,0.0,0.0,0.0,1.0,-1
"F[2,2](HbA1c >= 0.788 -> Pt_A1cGoalLevelDsYr5 = 0.000)
",0.000,0.000,0.000,0.000,1.000,0,0,0,1,1,0,0,1,0.0,0.0,0.0,0.0,0.0,1.0,-1
"F[0,2](((BGTestAvgNumPtRep >= 1.053 & TSH <= 0.000) & Pt_InsGov >= 0.000) -> HDL >= 0.000)
",-9999999.000,-9999999.000,0.000,0.000,1.000,0,0,0,1,1,0,0,1,0.0,0.0,0.0,0.0,0.0,1.0,-1
"F[0,2](((bmi >= 34.845 | bmiZscore <= 0.738) & HbA1cImputeDtMnC >= 0.643) & Pt_DKAFlg <= 0.757)
",-9999999.000,-9999999.000,0.000,0.000,1.000,0,0,0,1,1,0,0,1,0.0,0.0,0.0,0.0,0.0,1.0,-1
"F[0,2](BldPrDia >= 72.000 -> Pt_SHFlg = 0.000)
",-9999999.000,-9999999.000,0.000,0.000,1.000,0,0,0,1,1,0,0,1,0.0,0.0,0.0,0.0,0.0,1.0,-1
"((NumPumpBolusOrShortAct >= 1.876) U[0,1] (Pt_SHFlg = 0.000))
",-9999999.000,-9999999.000,0.000,0.000,1.000,0,0,0,1,1,0,0,1,0.0,0.0,0.0,0.0,0.0,1.0,-1
"F[2,2](((SMBGperDayPtMeterCombo >= 1.132 & AlbCreatRat_mggNew <= 0.000) & Pt_A1cGoalLev <= 0.000) | Pt_GrandchildT1D <= 0.000)
",0.000,0.000,0.000,0.000,1.000,0,0,0,1,1,0,0,1,0.0,0.0,0.0,0.0,0.0,1.0,-1
"((AutonomicNeuroCl >= 1.000) U[1,1] (Pt_CGMUseNumDays <= 0.000))
",0.000,0.000,0.000,0.000,1.000,0,0,0,1,1,0,0,1,0.0,0.0,0.0,0.0,0.0,1.0,-1
"F[1,1]((TotalDailyInsPerKg <= 2.212 & TotalDailyInsPerKg >= 0.325) | TotChol >= 0.059)
",-0.059,-0.059,0.000,0.000,1.000,0,0,0,1,1,0,0,1,0.0,0.0,0.0,0.0,0.0,1.0,-1
"F[2,2](((bmiPerc >= 0.000 -> bmiPerc >= 0.000) -> BGTestAvgNumMeter >= 0.000) -> AutonomicNeuroCl >= 0.000)
",0.000,0.000,0.000,0.000,1.000,0,0,0,1,1,0,0,1,0.0,0.0,0.0,0.0,0.0,1.0,-1
"F[1,2](BldPrDia <= 72.000 & diagAgeCombo <= 16.000)
",-9999999.000,-9999999.000,0.000,0.000,1.000,0,0,0,1,1,0,0,1,0.0,0.0,0.0,0.0,0.0,1.0,-1
"((Pt_A1cGoalLevelDsYr5 < 0.000) U[0,1] (Pt_SHFlg = 0.000))
",-9999999.000,-9999999.000,0.000,0.000,1.000,0,0,0,1,1,0,0,1,0.0,0.0,0.0,0.0,0.0,1.0,-1
"F[1,1]((Pt_DKAFlg <= 0.000 & BUN >= 10.124) | DirectLDL >= 10.342)
",-10.124,-10.124,0.000,0.000,1.000,0,0,0,1,1,0,0,1,0.0,0.0,0.0,0.0,0.0,1.0,-1
"((bmiZscore <= 0.685) U[0,1] (Pt_MotherT1D <= 0.722))
",-9999999.000,-9999999.000,0.000,0.000,1.000,0,0,0,1,1,0,0,1,0.0,0.0,0.0,0.0,0.0,1.0,-1
"F[2,2](((HbA1cImputeDtMnC <= -0.022 & bmi >= 34.845) & Pt_FatherT1D <= 34.845) | TSH <= 34.845)
",34.845,34.845,0.000,0.000,1.000,0,0,0,1,1,0,0,1,0.0,0.0,0.0,0.0,0.0,1.0,-1
"F[0,1](((BldPrDia <= 72.000 & DirectLDL >= 0.000) -> TSH <= 0.000) | Pt_FatherT1D <= 0.000)
",-9999999.000,-9999999.000,0.000,0.000,1.000,0,0,0,1,1,0,0,1,0.0,0.0,0.0,0.0,0.0,1.0,-1
"F[0,1](age <= 39.839 & bmiPerc >= 0.000)
",-9999999.000,-9999999.000,0.000,0.000,1.000,0,0,0,1,1,0,0,1,0.0,0.0,0.0,0.0,0.0,1.0,-1
"F[2,2](((bmi >= 34.845 | BGTestAvgNumMeter <= 0.000) -> BGTestAvgNumPtRep >= 0.000) -> HDL >= 0.000)
",0.000,0.000,0.000,0.000,1.000,0,0,0,1,1,0,0,1,0.0,0.0,0.0,0.0,0.0,1.0,-1
"((Pt_InsGov >= 0.284) U[0,1] (Pt_SHFlg = 0.000))
",-9999999.000,-9999999.000,0.000,0.000,1.000,0,0,0,1,1,0,0,1,0.0,0.0,0.0,0.0,0.0,1.0,-1
"F[0,2](Pt_DKAFlg < 0.000 -> Pt_SHFlg = 0.000)
",-9999999.000,-9999999.000,0.000,0.000,1.000,0,0,0,1,1,0,0,1,0.0,0.0,0.0,0.0,0.0,1.0,-1
"F[2,2](bmi >= 34.845 -> Pt_SHFlg = 0.000)
",0.000,0.000,0.000,0.000,1.000,0,0,0,1,1,0,0,1,0.0,0.0,0.0,0.0,0.0,1.0,-1
"F[0,2](TotChol <= 204.000 & Pt_SHFlg = 0.000)
",-9999999.000,-9999999.000,0.000,0.000,1.000,0,0,0,1,1,0,0,1,0.0,0.0,0.0,0.0,0.0,1.0,-1
"((Pt_SiblingT1D >= 0.214) U[0,2] (Pt_SHFlg = 0.000))
",-9999999.000,-9999999.000,0.000,0.000,1.000,0,0,0,1,1,0,0,1,0.0,0.0,0.0,0.0,0.0,1.0,-1
"((TSH >= 0.000) U[0,2] (Pt_SHFlg = 0.000))
",-9999999.000,-9999999.000,0.000,0.000,1.000,0,0,0,1,1,0,0,1,0.0,0.0,0.0,0.0,0.0,1.0,-1
"F[0,0](Pt_GrandchildT1D < 0.000 -> Pt_SHFlg = 0.000)
",0.000,0.000,0.000,0.000,1.000,0,0,0,1,1,0,0,1,0.0,0.0,0.0,0.0,0.0,1.0,-1
"F[1,2](HDL > 44.000 & Pt_SHFlg = 0.000)
",-9999999.000,-9999999.000,0.000,0.000,1.000,0,0,0,1,1,0,0,1,0.0,0.0,0.0,0.0,0.0,1.0,-1
"F[1,1](BGTestAvgNumPtRep > 1.062 -> Pt_SHFlg = 0.000)
",0.000,0.000,0.000,0.000,1.000,0,0,0,1,1,0,0,1,0.0,0.0,0.0,0.0,0.0,1.0,-1
"((BGTestAvgNumMeter <= 0.000) U[0,1] (Pt_SHFlg = 0.000))
",-9999999.000,-9999999.000,0.000,0.000,1.000,0,0,0,1,1,0,0,1,0.0,0.0,0.0,0.0,0.0,1.0,-1
"F[0,1](Pt_SiblingT1D > 0.288 -> Pt_SHFlg = 0.000)
",-9999999.000,-9999999.000,0.000,0.000,1.000,0,0,0,1,1,0,0,1,0.0,0.0,0.0,0.0,0.0,1.0,-1
"F[1,2](AutonomicNeuroCl <= 1.000 -> Pt_SHFlg = 0.000)
",-9999999.000,-9999999.000,0.000,0.000,1.000,0,0,0,1,1,0,0,1,0.0,0.0,0.0,0.0,0.0,1.0,-1
"((Pt_CGMUseNumDays > 0.000) U[2,2] (Pt_SHFlg = 0.000))
",0.000,0.000,0.000,0.000,1.000,0,0,0,1,1,0,0,1,0.0,0.0,0.0,0.0,0.0,1.0,-1
"F[0,0](UnitsInsBasalOrLongAct < 0.000 -> Pt_SHFlg = 0.000)
",0.000,0.000,0.000,0.000,1.000,0,0,0,1,1,0,0,1,0.0,0.0,0.0,0.0,0.0,1.0,-1
"((TSH >= 0.000) U[0,1] (Pt_SHFlg = 0.000))
",-9999999.000,-9999999.000,0.000,0.000,1.000,0,0,0,1,1,0,0,1,0.0,0.0,0.0,0.0,0.0,1.0,-1
"F[1,2](Pt_A1cGoalLev > 0.000 -> Pt_SHFlg = 0.000)
",-9999999.000,-9999999.000,0.000,0.000,1.000,0,0,0,1,1,0,0,1,0.0,0.0,0.0,0.0,0.0,1.0,-1
"F[0,1](Pt_MotherT1D < 0.992 & Pt_SHFlg = 0.000)
",-9999999.000,-9999999.000,0.000,0.000,1.000,0,0,0,1,1,0,0,1,0.0,0.0,0.0,0.0,0.0,1.0,-1
"F[0,2](TSH >= 0.000 | Pt_A1cGoalLevelDsYr5 <= 0.000)
",-9999999.000,-9999999.000,0.000,0.000,1.000,0,0,0,1,1,0,0,1,0.0,0.0,0.0,0.0,0.0,1.0,-1
"((diabDur <= 23.762) U[1,2] (Pt_CGMUseNumDays >= 0.000))
",-9999999.000,-9999999.000,0.000,0.000,1.000,0,0,0,1,1,0,0,1,0.0,0.0,0.0,0.0,0.0,1.0,-1
"F[1,2](((AlbCreatRat_mggNew <= 0.000 | HbA1cImputeDtMnC <= -0.099) & HDL >= -0.294) | bmi >= -0.221)
",-9999999.000,-9999999.000,0.000,0.000,1.000,0,0,0,1,1,0,0,1,0.0,0.0,0.0,0.0,0.0,1.0,-1
"G[1,2](Pt_A1cGoalLevelDsYr5 <= 0.000 | AutonomicNeuroCl >= 1.000)
",9999999.000,9999999.000,0.000,1.000,0.000,0,0,1,0,0,1,1,0,0.0,0.0,1.0,0.0,0.0,1.0,1
"G[1,2](Pt_A1cGoalLev <= 0.000 -> Pt_SHFlg = 0.000)
",9999999.000,9999999.000,0.000,1.000,0.000,0,0,1,0,0,1,1,0,0.0,0.0,1.0,0.0,0.0,1.0,1
"G[2,2](HDL >= 44.000 -> Pt_SHFlg = 0.000)
",0.000,0.000,0.000,1.000,0.000,0,0,1,0,0,1,1,0,0.0,0.0,1.0,0.0,0.0,1.0,1
"G[1,2](SMBGperDayPtMeterCombo >= 1.904 & Pt_SHFlg = 0.000)
",9999999.000,9999999.000,0.000,1.000,0.000,0,0,0,1,1,0,0,1,0.0,0.0,0.0,0.0,0.0,1.0,1
"G[0,2](Pt_FatherT1D <= 0.000 & Pt_SHFlg = 0.000)
",9999999.000,9999999.000,0.000,1.000,0.000,0,0,1,0,0,1,1,0,0.0,0.0,1.0,0.0,0.0,1.0,1
"G[0,2](LDL < 0.000 & Pt_SHFlg = 0.000)
",9999999.000,9999999.000,0.000,1.000,0.000,0,0,0,1,1,0,0,1,0.0,0.0,0.0,0.0,0.0,1.0,1
"G[1,2](BGTestAvgNumMeter < 0.000 -> Pt_SHFlg = 0.000)
",9999999.000,9999999.000,0.000,1.000,0.000,0,0,1,0,0,1,1,0,0.0,0.0,1.0,0.0,0.0,1.0,1
"G[1,2](Pt_ChildT1D <= 0.000 & Pt_SHFlg = 0.000)
",9999999.000,9999999.000,0.000,1.000,0.000,0,0,1,0,0,1,1,0,0.0,0.0,1.0,0.0,0.0,1.0,1
"G[0,0](((UnitsInsBasalOrLongAct <= 0.000 & Pt_GrandparentT1D >= 0.254) & HeightCm <= 0.855) | Pt_A1cGoalLev >= 0.242)
",15.758,15.758,0.000,1.000,0.000,0,0,0,1,1,0,0,1,0.0,0.0,0.0,0.0,0.0,1.0,1
"G[0,0]((BGTestAvgNumMeter >= 0.000 -> SMBGperDayPtMeterCombo >= 0.637) -> diagAgeCombo <= 3.430)
",-3.430,-3.430,0.000,1.000,0.000,0,0,0,1,1,0,0,1,0.0,0.0,0.0,0.0,0.0,1.0,1
"G[0,0](diabDur >= 23.140 | age >= 39.405)
",16.860,16.860,0.000,1.000,0.000,0,0,0,1,1,0,0,1,0.0,0.0,0.0,0.0,0.0,1.0,1
"G[1,2](((Pt_CGMUseNumDays <= 0.000 | bmi <= 34.845) | WeightKg >= 34.845) -> Pt_InsGov <= 34.845)
",9999999.000,9999999.000,0.000,1.000,0.000,0,0,1,0,0,1,1,0,0.0,0.0,1.0,0.0,0.0,1.0,1
"G[0,2]((bmi <= 34.845 & Pt_GrandchildT1D <= 0.000) & Pt_MotherT1D >= 0.000)
",9999999.000,9999999.000,0.000,1.000,0.000,0,0,1,0,0,1,1,0,0.0,0.0,1.0,0.0,0.0,1.0,1
"G[0,1]((NumPumpBolusOrShortAct <= 2.862 | GFR <= 0.000) & bmiZscore <= 0.000)
",9999999.000,9999999.000,0.000,1.000,0.000,0,0,0,1,1,0,0,1,0.0,0.0,0.0,0.0,0.0,1.0,1
"G[0,2]((AlbCreatRat_mggNew <= 0.000 & bmi >= 34.845) & bmiZscore >= 34.845)
",9999999.000,9999999.000,0.000,1.000,0.000,0,0,0,1,1,0,0,1,0.0,0.0,0.0,0.0,0.0,1.0,1
"G[1,1](SMBGperDayPtMeterCombo >= 0.736 & BGTestAvgNumPtRep >= 0.789)
",-0.789,-0.789,0.000,1.000,0.000,0,0,0,1,1,0,0,1,0.0,0.0,0.0,0.0,0.0,1.0,1
"G[1,2](((Pt_GrandparentT1D >= 0.082 -> DirectLDL >= 0.000) | GFR >= 0.000) | WeightKg >= 0.000)
",9999999.000,9999999.000,0.000,1.000,0.000,0,0,1,0,0,1,1,0,0.0,0.0,1.0,0.0,0.0,1.0,1
"G[0,2](WeightKg >= 92.079 | HbA1c <= 5.630)
",9999999.000,9999999.000,0.000,1.000,0.000,0,0,1,0,0,1,1,0,0.0,0.0,1.0,0.0,0.0,1.0,1
"G[1,2](bmiPerc >= 0.000 & GFR <= 0.000)
",9999999.000,9999999.000,0.000,1.000,0.000,0,0,1,0,0,1,1,0,0.0,0.0,1.0,0.0,0.0,1.0,1
"G[0,1](((diabDur >= 23.219 & bmiZscore >= 0.646) -> AutonomicNeuroCl >= 0.598) -> Pt_SHFlg >= 0.601)
",9999999.000,9999999.000,0.000,1.000,0.000,0,0,0,1,1,0,0,1,0.0,0.0,0.0,0.0,0.0,1.0,1
"G[1,1]((Pt_A1cGoalLevelDsYr5 <= 0.000 | bmiZscore >= 0.598) & LDL >= 0.617)
",-0.617,-0.617,0.000,1.000,0.000,0,0,0,1,1,0,0,1,0.0,0.0,0.0,0.0,0.0,1.0,1
"G[1,2](((LDL >= 0.000 -> Pt_ChildT1D >= 0.000) | AutonomicNeuroCl >= 0.000) | diagAgeCombo <= 0.000)
",9999999.000,9999999.000,0.000,1.000,0.000,0,0,1,0,0,1,1,0,0.0,0.0,1.0,0.0,0.0,1.0,1
"G[1,1]((GFR <= 0.000 & SMBGperDayPtMeterCombo <= 2.000) & Pt_ChildT1D >= 0.488)
",-0.488,-0.488,0.000,1.000,0.000,0,0,0,1,1,0,0,1,0.0,0.0,0.0,0.0,0.0,1.0,1
"G[0,0]((diagAgeCombo >= 16.000 & BUN <= 10.878) -> diabDur <= 10.666)
",29.334,29.334,0.000,1.000,0.000,0,0,0,1,1,0,0,1,0.0,0.0,0.0,0.0,0.0,1.0,1
"G[0,2](((Pt_GrandparentT1D >= 0.061 | Pt_SiblingT1D <= 0.888) & BGTestAvgNumMeter <= 0.712) & HDL <= 0.724)
",9999999.000,9999999.000,0.000,1.000,0.000,0,0,0,1,1,0,0,1,0.0,0.0,0.0,0.0,0.0,1.0,1
"G[0,2]((Pt_DKAFlg <= 0.000 | HbA1c <= 3.998) | LDL <= 6.334)
",9999999.000,9999999.000,0.000,1.000,0.000,0,0,1,0,0,1,1,0,0.0,0.0,1.0,0.0,0.0,1.0,1
"G[0,2]((bmi <= 34.845 | Pt_SiblingT1D >= 0.053) & Pt_SiblingT1D >= 0.274)
",9999999.000,9999999.000,0.000,1.000,0.000,0,0,0,1,1,0,0,1,0.0,0.0,0.0,0.0,0.0,1.0,1
"G[1,2](TSH >= 0.000 & Triglyc >= 407.000)
",9999999.000,9999999.000,0.000,1.000,0.000,0,0,1,0,0,1,1,0,0.0,0.0,1.0,0.0,0.0,1.0,1
"G[1,1]((Pt_A1cGoalLevelDsYr5 <= 0.000 & BldPrDia >= 72.000) -> HDL >= 72.000)
",72.000,72.000,0.000,1.000,0.000,0,0,0,1,1,0,0,1,0.0,0.0,0.0,0.0,0.0,1.0,1
"G[2,2](UnitsInsBasalOrLongAct <= 0.000 -> Pt_SHFlg = 0.000)
",0.000,0.000,0.000,1.000,0.000,0,0,1,0,0,1,1,0,0.0,0.0,1.0,0.0,0.0,1.0,1
"G[2,2](Pt_SiblingT1D > 0.321 -> Pt_SHFlg = 0.000)
",0.000,0.000,0.000,1.000,0.000,0,0,1,0,0,1,1,0,0.0,0.0,1.0,0.0,0.0,1.0,1
"G[1,2](Triglyc <= 407.000 & Pt_SHFlg = 0.000)
",9999999.000,9999999.000,0.000,1.000,0.000,0,0,1,0,0,1,1,0,0.0,0.0,1.0,0.0,0.0,1.0,1
"G[0,1](Pt_SiblingT1D >= 0.069 & UnitsInsBasalOrLongAct >= 0.000)
",9999999.000,9999999.000,0.000,1.000,0.000,0,0,0,1,1,0,0,1,0.0,0.0,0.0,0.0,0.0,1.0,1
"G[0,2](diagAgeCombo < 16.000 -> Pt_SHFlg = 0.000)
",9999999.000,9999999.000,0.000,1.000,0.000,0,0,1,0,0,1,1,0,0.0,0.0,1.0,0.0,0.0,1.0,1
"G[0,0](GFR <= 0.000 -> BUN >= 10.037)
",-396.963,-396.963,0.000,1.000,0.000,0,0,0,1,1,0,0,1,0.0,0.0,0.0,0.0,0.0,1.0,1
"G[0,2](GFR <= 0.000 -> BUN >= 10.156)
",9999999.000,9999999.000,0.000,1.000,0.000,0,0,0,1,1,0,0,1,0.0,0.0,0.0,0.0,0.0,1.0,1
"G[0,1](SMBGperDayPtMeterCombo >= 0.804 & BGTestAvgNumPtRep >= 1.095)
",9999999.000,9999999.000,0.000,1.000,0.000,0,0,0,1,1,0,0,1,0.0,0.0,0.0,0.0,0.0,1.0,1
"G[0,0](GFR <= 0.000 -> BUN >= 10.069)
",-396.931,-396.931,0.000,1.000,0.000,0,0,0,1,1,0,0,1,0.0,0.0,0.0,0.0,0.0,1.0,1
"G[0,1](SMBGperDayPtMeterCombo >= 0.554 & BGTestAvgNumPtRep >= 1.721)
",9999999.000,9999999.000,0.000,1.000,0.000,0,0,0,1,1,0,0,1,0.0,0.0,0.0,0.0,0.0,1.0,1
"G[0,0](GFR <= 0.000 -> BUN >= 10.219)
",-396.781,-396.781,0.000,1.000,0.000,0,0,0,1,1,0,0,1,0.0,0.0,0.0,0.0,0.0,1.0,1
"G[1,2](SMBGperDayPtMeterCombo >= 1.505 & BGTestAvgNumPtRep >= 0.044)
",9999999.000,9999999.000,0.000,1.000,0.000,0,0,0,1,1,0,0,1,0.0,0.0,0.0,0.0,0.0,1.0,1
"G[0,2]((WeightKg >= 92.079 | bmi >= 34.845) -> UnitsInsBasalOrLongAct <= 0.000)
",9999999.000,9999999.000,0.000,1.000,0.000,0,0,1,0,0,1,1,0,0.0,0.0,1.0,0.0,0.0,1.0,1
"G[2,2](GFR <= 0.000 -> BUN >= 10.208)
",0.000,0.000,0.000,1.000,0.000,0,0,1,0,0,1,1,0,0.0,0.0,1.0,0.0,0.0,1.0,1
"G[1,2](SMBGperDayPtMeterCombo >= 1.603 & BGTestAvgNumPtRep >= 0.438)
",9999999.000,9999999.000,0.000,1.000,0.000,0,0,0,1,1,0,0,1,0.0,0.0,0.0,0.0,0.0,1.0,1
"G[1,2]((WeightKg >= 92.079 | bmi >= 34.845) -> UnitsInsBasalOrLongAct <= 0.000)
",9999999.000,9999999.000,0.000,1.000,0.000,0,0,1,0,0,1,1,0,0.0,0.0,1.0,0.0,0.0,1.0,1
"G[0,1](SMBGperDayPtMeterCombo >= 1.534 & BGTestAvgNumPtRep >= 0.003)
",9999999.000,9999999.000,0.000,1.000,0.000,0,0,0,1,1,0,0,1,0.0,0.0,0.0,0.0,0.0,1.0,1
"G[0,2]((Pt_A1cGoalLevelDsYr5 <= 0.000 & BldPrSys >= 114.000) -> Pt_SiblingT1D >= 114.000)
",9999999.000,9999999.000,0.000,1.000,0.000,0,0,0,1,1,0,0,1,0.0,0.0,0.0,0.0,0.0,1.0,1
"G[1,2](bmi < 34.845 -> Pt_SHFlg = 0.000)
",9999999.000,9999999.000,0.000,1.000,0.000,0,0,1,0,0,1,1,0,0.0,0.0,1.0,0.0,0.0,1.0,1
"G[1,2](Pt_SiblingT1D > 0.183 -> Pt_SHFlg = 0.000)
",9999999.000,9999999.000,0.000,1.000,0.000,0,0,1,0,0,1,1,0,0.0,0.0,1.0,0.0,0.0,1.0,1
"G[2,2](Pt_GrandparentT1D <= 0.775 & AlbCreatRat_mggNew >= 0.000)
",0.000,0.000,0.000,1.000,0.000,0,0,1,0,0,1,1,0,0.0,0.0,1.0,0.0,0.0,1.0,1
"G[2,2](((Pt_A1cGoalLev <= 0.000 | bmiZscore >= 0.576) | Pt_CGMUseNumDays <= 0.790) -> Pt_InsGov <= 0.692)
",-0.790,-0.790,0.000,1.000,0.000,0,0,1,0,0,1,1,0,0.0,0.0,1.0,0.0,0.0,1.0,1
"G[0,2](((Pt_CGMUseNumDays <= 0.000 -> AlbCreatRat_mggNew >= 0.000) | BldPrSys >= 0.000) & DirectLDL <= 0.000)
",9999999.000,9999999.000,0.000,1.000,0.000,0,0,1,0,0,1,1,0,0.0,0.0,1.0,0.0,0.0,1.0,1
"G[0,2]((HbA1c >= 1.957 & HDL <= 44.000) -> Pt_SiblingT1D <= 44.000)
",9999999.000,9999999.000,0.000,1.000,0.000,0,0,1,0,0,1,1,0,0.0,0.0,1.0,0.0,0.0,1.0,1
"G[1,2]((LDL <= 0.000 | AlbCreatRat_mggNew <= 0.000) & Triglyc >= 0.000)
",9999999.000,9999999.000,0.000,1.000,0.000,0,0,1,0,0,1,1,0,0.0,0.0,1.0,0.0,0.0,1.0,1
"G[0,1]((age >= 39.385 & HeightCm >= 162.560) & Pt_MotherT1D >= 162.560)
",9999999.000,9999999.000,0.000,1.000,0.000,0,0,0,1,1,0,0,1,0.0,0.0,0.0,0.0,0.0,1.0,1
"G[0,2]((GFR >= 0.000 & bmi >= 34.845) | age >= 34.845)
",9999999.000,9999999.000,0.000,1.000,0.000,0,0,1,0,0,1,1,0,0.0,0.0,1.0,0.0,0.0,1.0,1
"G[1,2](((BldPrSys >= 114.000 & Pt_MotherT1D >= 0.304) -> diabDur <= 0.601) -> HbA1cImputeDtMnC >= 0.056)
",9999999.000,9999999.000,0.000,1.000,0.000,0,0,0,1,1,0,0,1,0.0,0.0,0.0,0.0,0.0,1.0,1
"G[1,2](((WeightKg >= 92.079 | Pt_MotherT1D <= 0.603) | Pt_CGMUseNumDays <= 0.964) -> HbA1c >= 0.201)
",9999999.000,9999999.000,0.000,1.000,0.000,0,0,0,1,1,0,0,1,0.0,0.0,0.0,0.0,0.0,1.0,1
"G[1,2](LDL >= 0.000 & Pt_A1cGoalLev <= 0.000)
",9999999.000,9999999.000,0.000,1.000,0.000,0,0,1,0,0,1,1,0,0.0,0.0,1.0,0.0,0.0,1.0,1
"G[1,2](Pt_SiblingT1D <= 0.688 & Pt_SHFlg = 0.000)
",9999999.000,9999999.000,0.000,1.000,0.000,0,0,1,0,0,1,1,0,0.0,0.0,1.0,0.0,0.0,1.0,1
"G[2,2]((diabDur >= 23.413 -> Pt_CGMUseNumDays >= 0.000) | Pt_InsGov <= 0.000)
",0.000,0.000,0.000,1.000,0.000,0,0,1,0,0,1,1,0,0.0,0.0,1.0,0.0,0.0,1.0,1
"G[1,2](Pt_FatherT1D <= 0.000 -> Pt_A1cGoalLev >= 0.000)
",9999999.000,9999999.000,0.000,1.000,0.000,0,0,1,0,0,1,1,0,0.0,0.0,1.0,0.0,0.0,1.0,1
"G[1,2](((Pt_MotherT1D >= 0.264 & UnitsInsBasalOrLongAct >= 0.000) & TotChol >= 0.000) & BGTestAvgNumPtRep <= 0.000)
",9999999.000,9999999.000,0.000,1.000,0.000,0,0,0,1,1,0,0,1,0.0,0.0,0.0,0.0,0.0,1.0,1
"G[1,2](AutonomicNeuroCl <= 1.000 -> Pt_GrandparentT1D >= 0.394)
",9999999.000,9999999.000,0.000,1.000,0.000,0,0,0,1,1,0,0,1,0.0,0.0,0.0,0.0,0.0,1.0,1
"G[1,2](((TSH >= 0.000 -> Pt_DKAFlg <= 0.000) & BldPrSys >= 0.000) | SMBGperDayPtMeterCombo <= 0.000)
",9999999.000,9999999.000,0.000,1.000,0.000,0,0,1,0,0,1,1,0,0.0,0.0,1.0,0.0,0.0,1.0,1
"G[0,1](BUN <= 10.958 & GFR <= 0.000)
",9999999.000,9999999.000,0.000,1.000,0.000,0,0,0,1,1,0,0,1,0.0,0.0,0.0,0.0,0.0,1.0,1
"G[0,2]((BUN >= 10.408 | age >= 39.126) & Triglyc >= 39.494)
",9999999.000,9999999.000,0.000,1.000,0.000,0,0,0,1,1,0,0,1,0.0,0.0,0.0,0.0,0.0,1.0,1
"G[1,1](((Triglyc <= 407.000 | BGTestAvgNumPtRep <= 3.774) -> BGTestAvgNumMeter >= 1.732) & bmi >= 0.368)
",-407.000,-407.000,0.000,1.000,0.000,0,0,0,1,1,0,0,1,0.0,0.0,0.0,0.0,0.0,1.0,1
"G[0,2](((BUN >= 10.146 -> HDL <= 44.000) & DirectLDL >= 44.000) & Pt_InsGov <= 44.000)
",9999999.000,9999999.000,0.000,1.000,0.000,0,0,0,1,1,0,0,1,0.0,0.0,0.0,0.0,0.0,1.0,1
"G[0,1](UnitsInsBasalOrLongAct >= 0.000 -> WeightKg <= 92.079)
",9999999.000,9999999.000,0.000,1.000,0.000,0,0,0,1,1,0,0,1,0.0,0.0,0.0,0.0,0.0,1.0,1
"G[1,2](Pt_MotherT1D >= 0.354 & HbA1c <= 4.248)
",9999999.000,9999999.000,0.000,1.000,0.000,0,0,0,1,1,0,0,1,0.0,0.0,0.0,0.0,0.0,1.0,1
"G[2,2](((GFR >= 0.000 -> Pt_GrandparentT1D >= 0.095) -> Pt_A1cGoalLevelDsYr5 >= 0.390) -> Pt_FatherT1D <= 0.996)
",-0.996,-0.996,0.000,1.000,0.000,0,0,1,0,0,1,1,0,0.0,0.0,1.0,0.0,0.0,1.0,1
"G[0,2](bmiZscore >= 0.575 -> HbA1c <= 5.567)
",9999999.000,9999999.000,0.000,1.000,0.000,0,0,0,1,1,0,0,1,0.0,0.0,0.0,0.0,0.0,1.0,1
"G[0,0]((bmiZscore <= 0.685 -> Pt_MotherT1D <= 0.605) & Pt_A1cGoalLevelDsYr5 >= 0.436)
",-0.685,-0.685,0.000,1.000,0.000,0,0,0,1,1,0,0,1,0.0,0.0,0.0,0.0,0.0,1.0,1
"G[1,2](bmi >= 34.845 | TotalDailyInsPerKg >= 0.216)
",9999999.000,9999999.000,0.000,1.000,0.000,0,0,0,1,1,0,0,1,0.0,0.0,0.0,0.0,0.0,1.0,1
"G[2,2](((BGTestAvgNumPtRep >= 0.646 -> HeightCm >= 162.560) -> Triglyc >= 162.560) & HbA1cImputeDtMnC <= 162.560)
",-0.646,-0.646,0.000,1.000,0.000,0,0,1,0,0,1,1,0,0.0,0.0,1.0,0.0,0.0,1.0,1
"G[1,2](((Pt_SiblingT1D >= 0.325 -> HeightCm <= 162.560) & Pt_ChildT1D <= 162.560) | Pt_GrandparentT1D <= 162.560)
",9999999.000,9999999.000,0.000,1.000,0.000,0,0,1,0,0,1,1,0,0.0,0.0,1.0,0.0,0.0,1.0,1
"G[0,0](((Pt_SiblingT1D <= 0.776 & HbA1c <= 3.554) & HbA1cImputeDtMnC <= 5.689) & LDL >= 1.262)
",-1.262,-1.262,0.000,1.000,0.000,0,0,0,1,1,0,0,1,0.0,0.0,0.0,0.0,0.0,1.0,1
"G[0,1]((age >= 39.445 -> BldPrSys >= 114.000) -> diabDur >= 114.000)
",9999999.000,9999999.000,0.000,1.000,0.000,0,0,0,1,1,0,0,1,0.0,0.0,0.0,0.0,0.0,1.0,1
"G[1,2]((Pt_CGMUseNumDays >= 0.000 | age >= 39.435) -> BGTestAvgNumPtRep <= 39.814)
",9999999.000,9999999.000,0.000,1.000,0.000,0,0,1,0,0,1,1,0,0.0,0.0,1.0,0.0,0.0,1.0,1
"G[1,2]((Pt_A1cGoalLev >= 0.000 -> SMBGperDayPtMeterCombo <= 3.794) & GFR <= 3.341)
",9999999.000,9999999.000,0.000,1.000,0.000,0,0,1,0,0,1,1,0,0.0,0.0,1.0,0.0,0.0,1.0,1
"G[0,0](((DirectLDL >= 0.000 | Pt_A1cGoalLev >= 0.000) -> HbA1c <= 0.000) & UnitsInsBasalOrLongAct <= 0.000)
",-162.560,-162.560,0.000,1.000,0.000,0,0,0,1,1,0,0,1,0.0,0.0,0.0,0.0,0.0,1.0,1
"G[2,2]((age <= 39.518 & BGTestAvgNumMeter <= 0.000) | LDL >= 0.000)
",0.000,0.000,0.000,1.000,0.000,0,0,1,0,0,1,1,0,0.0,0.0,1.0,0.0,0.0,1.0,1
"G[1,2](HbA1c >= 1.544 | diabDur >= 23.405)
",9999999.000,9999999.000,0.000,1.000,0.000,0,0,1,0,0,1,1,0,0.0,0.0,1.0,0.0,0.0,1.0,1
"G[0,1]((LDL >= 0.000 -> WeightKg <= 92.079) | Pt_ChildT1D >= 92.079)
",9999999.000,9999999.000,0.000,1.000,0.000,0,0,0,1,1,0,0,1,0.0,0.0,0.0,0.0,0.0,1.0,1
"G[1,2](((Pt_GrandchildT1D >= 0.000 & AutonomicNeuroCl <= 1.000) | Pt_DKAFlg <= 1.000) -> Pt_ChildT1D >= 1.000)
",9999999.000,9999999.000,0.000,1.000,0.000,0,0,0,1,1,0,0,1,0.0,0.0,0.0,0.0,0.0,1.0,1
"G[2,2](((LDL >= 0.000 -> Pt_FatherT1D >= 0.000) -> HbA1c <= 0.000) -> HDL <= 0.000)
",0.000,0.000,0.000,1.000,0.000,0,0,1,0,0,1,1,0,0.0,0.0,1.0,0.0,0.0,1.0,1
"G[0,2]((SMBGperDayPtMeterCombo >= 0.626 -> Pt_A1cGoalLev >= 0.000) & diagAgeCombo <= 0.000)
",9999999.000,9999999.000,0.000,1.000,0.000,0,0,0,1,1,0,0,1,0.0,0.0,0.0,0.0,0.0,1.0,1
"G[2,2](BldPrDia >= 72.000 | SMBGperDayPtMeterCombo >= 0.105)
",-0.105,-0.105,0.000,1.000,0.000,0,0,1,0,0,1,1,0,0.0,0.0,1.0,0.0,0.0,1.0,1
"G[0,1](Pt_SiblingT1D >= 0.050 & BGTestAvgNumMeter >= 0.000)
",9999999.000,9999999.000,0.000,1.000,0.000,0,0,0,1,1,0,0,1,0.0,0.0,0.0,0.0,0.0,1.0,1
"G[1,2](GFR <= 0.000 -> LDL <= 0.000)
",9999999.000,9999999.000,0.000,1.000,0.000,0,0,1,0,0,1,1,0,0.0,0.0,1.0,0.0,0.0,1.0,1
"G[0,0]((bmiPerc >= 0.000 | bmiPerc <= 0.000) -> BUN <= 0.000)
",-34.845,-34.845,0.000,1.000,0.000,0,0,0,1,1,0,0,1,0.0,0.0,0.0,0.0,0.0,1.0,1
"G[1,2](SMBGperDayPtMeterCombo >= 1.116 & BGTestAvgNumPtRep >= 1.263)
",9999999.000,9999999.000,0.000,1.000,0.000,0,0,0,1,1,0,0,1,0.0,0.0,0.0,0.0,0.0,1.0,1
"G[0,1](((DirectLDL <= 0.000 & TotalDailyInsPerKg >= 0.326) | diabDur >= 0.573) -> BUN <= 2.046)
",9999999.000,9999999.000,0.000,1.000,0.000,0,0,0,1,1,0,0,1,0.0,0.0,0.0,0.0,0.0,1.0,1
"G[0,1]((Triglyc >= 407.000 | HDL >= 44.000) -> TotChol <= 44.000)
",9999999.000,9999999.000,0.000,1.000,0.000,0,0,0,1,1,0,0,1,0.0,0.0,0.0,0.0,0.0,1.0,1
"G[1,2](SMBGperDayPtMeterCombo >= 1.196 -> BUN <= 10.595)
",9999999.000,9999999.000,0.000,1.000,0.000,0,0,1,0,0,1,1,0,0.0,0.0,1.0,0.0,0.0,1.0,1
"G[2,2]((BldPrSys >= 114.000 -> TotChol >= 204.000) -> GFR <= 204.000)
",-204.000,-204.000,0.000,1.000,0.000,0,0,1,0,0,1,1,0,0.0,0.0,1.0,0.0,0.0,1.0,1
"G[0,2]((Pt_SiblingT1D >= 0.191 | Pt_CGMUseNumDays <= 0.000) | Pt_SHFlg <= 0.000)
",9999999.000,9999999.000,0.000,1.000,0.000,0,0,1,0,0,1,1,0,0.0,0.0,1.0,0.0,0.0,1.0,1
"G[0,2]((Triglyc <= 407.000 -> Pt_FatherT1D >= 0.000) & BldPrDia >= 0.000)
",9999999.000,9999999.000,0.000,1.000,0.000,0,0,1,0,0,1,1,0,0.0,0.0,1.0,0.0,0.0,1.0,1
"G[0,1](Pt_GrandparentT1D >= 0.246 & Pt_MotherT1D >= 0.352)
",9999999.000,9999999.000,0.000,1.000,0.000,0,0,0,1,1,0,0,1,0.0,0.0,0.0,0.0,0.0,1.0,1
"G[0,2](UnitsInsBasalOrLongAct >= 0.000 -> bmiZscore >= 0.649)
",9999999.000,9999999.000,0.000,1.000,0.000,0,0,0,1,1,0,0,1,0.0,0.0,0.0,0.0,0.0,1.0,1
"G[0,1](((Pt_ChildT1D >= 0.000 & Pt_MotherT1D >= 0.456) -> Pt_A1cGoalLevelDsYr5 >= 0.266) & BldPrSys >= 0.193)
",9999999.000,9999999.000,0.000,1.000,0.000,0,0,0,1,1,0,0,1,0.0,0.0,0.0,0.0,0.0,1.0,1
"G[1,2](((HbA1c >= 2.046 & NumPumpBolusOrShortAct >= 0.362) -> Pt_DKAFlg >= 0.489) -> diabDur <= 2.618)
",9999999.000,9999999.000,0.000,1.000,0.000,0,0,0,1,1,0,0,1,0.0,0.0,0.0,0.0,0.0,1.0,1
"G[0,1]((Pt_A1cGoalLev <= 0.000 -> SMBGperDayPtMeterCombo >= 1.897) & Pt_A1cGoalLevelDsYr5 >= 1.003)
",9999999.000,9999999.000,0.000,1.000,0.000,0,0,0,1,1,0,0,1,0.0,0.0,0.0,0.0,0.0,1.0,1
"G[1,2]((TotChol >= 204.000 -> Triglyc >= 407.000) | HeightCm >= 407.000)
",9999999.000,9999999.000,0.000,1.000,0.000,0,0,1,0,0,1,1,0,0.0,0.0,1.0,0.0,0.0,1.0,1
"G[2,2](bmiPerc >= 0.000 & AutonomicNeuroCl >= 1.000)
",-1.000,-1.000,0.000,1.000,0.000,0,0,1,0,0,1,1,0,0.0,0.0,1.0,0.0,0.0,1.0,1
"G[0,1](AlbCreatRat_mggNew <= 0.000 -> BGTestAvgNumPtRep <= 3.368)
",9999999.000,9999999.000,0.000,1.000,0.000,0,0,0,1,1,0,0,1,0.0,0.0,0.0,0.0,0.0,1.0,1
"G[1,2](((bmi <= 34.845 & LDL <= 0.000) & Pt_InsGov >= 0.000) & Pt_GrandparentT1D <= 0.000)
",9999999.000,9999999.000,0.000,1.000,0.000,0,0,1,0,0,1,1,0,0.0,0.0,1.0,0.0,0.0,1.0,1
"G[0,2](BUN >= 10.328 -> GFR >= 0.000)
",9999999.000,9999999.000,0.000,1.000,0.000,0,0,1,0,0,1,1,0,0.0,0.0,1.0,0.0,0.0,1.0,1
"G[0,2]((TotalDailyInsPerKg >= 0.470 -> Pt_SiblingT1D <= 0.636) & BldPrDia <= 0.989)
",9999999.000,9999999.000,0.000,1.000,0.000,0,0,0,1,1,0,0,1,0.0,0.0,0.0,0.0,0.0,1.0,1
"G[0,2](Pt_CGMUseNumDays >= 0.000 -> WeightKg <= 92.079)
",9999999.000,9999999.000,0.000,1.000,0.000,0,0,0,1,1,0,0,1,0.0,0.0,0.0,0.0,0.0,1.0,1
"G[1,2](((TSH <= 0.000 -> diabDur <= 23.691) | Pt_ChildT1D >= 23.477) & Pt_MotherT1D <= 23.909)
",9999999.000,9999999.000,0.000,1.000,0.000,0,0,0,1,1,0,0,1,0.0,0.0,0.0,0.0,0.0,1.0,1
"G[0,1](SMBGperDayPtMeterCombo >= 0.310 | Pt_GrandparentT1D >= 0.435)
",9999999.000,9999999.000,0.000,1.000,0.000,0,0,0,1,1,0,0,1,0.0,0.0,0.0,0.0,0.0,1.0,1
"G[1,2](((age >= 39.462 | TotalDailyInsPerKg <= 2.281) -> Pt_SHFlg <= 2.453) | BGTestAvgNumPtRep <= 1.589)
",9999999.000,9999999.000,0.000,1.000,0.000,0,0,1,0,0,1,1,0,0.0,0.0,1.0,0.0,0.0,1.0,1
"G[0,2]((Pt_MotherT1D >= 0.483 & BGTestAvgNumMeter <= 0.000) -> diagAgeCombo <= 0.000)
",9999999.000,9999999.000,0.000,1.000,0.000,0,0,0,1,1,0,0,1,0.0,0.0,0.0,0.0,0.0,1.0,1
"G[2,2]((DirectLDL >= 0.000 & HeightCm <= 162.560) -> diabDur >= 162.560)
",0.000,0.000,0.000,1.000,0.000,0,0,1,0,0,1,1,0,0.0,0.0,1.0,0.0,0.0,1.0,1
"G[1,2](AutonomicNeuroCl <= 1.000 -> TSH >= 0.000)
",9999999.000,9999999.000,0.000,1.000,0.000,0,0,1,0,0,1,1,0,0.0,0.0,1.0,0.0,0.0,1.0,1
"G[2,2]((AutonomicNeuroCl <= 1.000 -> diagAgeCombo >= 16.000) -> Pt_MotherT1D <= 16.000)
",-16.000,-16.000,0.000,1.000,0.000,0,0,1,0,0,1,1,0,0.0,0.0,1.0,0.0,0.0,1.0,1
"G[0,2](((Pt_DKAFlg >= 0.000 | AutonomicNeuroCl <= 1.000) & WeightKg <= 1.000) & BUN <= 1.000)
",9999999.000,9999999.000,0.000,1.000,0.000,0,0,0,1,1,0,0,1,0.0,0.0,0.0,0.0,0.0,1.0,1
"G[2,2]((HDL >= 44.000 -> WeightKg >= 92.079) | diabDur >= 92.079)
",44.000,44.000,0.000,1.000,0.000,0,0,1,0,0,1,1,0,0.0,0.0,1.0,0.0,0.0,1.0,1
"G[1,2]((HeightCm <= 162.560 | Pt_SiblingT1D <= 0.874) & Triglyc <= 0.875)
",9999999.000,9999999.000,0.000,1.000,0.000,0,0,0,1,1,0,0,1,0.0,0.0,0.0,0.0,0.0,1.0,1
"G[0,2](((BGTestAvgNumPtRep >= 1.538 | Pt_GrandparentT1D >= 0.479) | Pt_ChildT1D <= 0.828) & TSH >= 0.203)
",9999999.000,9999999.000,0.000,1.000,0.000,0,0,0,1,1,0,0,1,0.0,0.0,0.0,0.0,0.0,1.0,1
"G[2,2]((WeightKg >= 92.079 | bmi >= 34.845) -> UnitsInsBasalOrLongAct <= 0.000)
",0.000,0.000,0.000,1.000,0.000,0,0,1,0,0,1,1,0,0.0,0.0,1.0,0.0,0.0,1.0,1
"G[0,2](GFR <= 0.000 -> BUN >= 10.111)
",9999999.000,9999999.000,0.000,1.000,0.000,0,0,0,1,1,0,0,1,0.0,0.0,0.0,0.0,0.0,1.0,1
"((Pt_A1cGoalLevelDsYr5 >= 0.000) U[0,1] (BGTestAvgNumPtRep <= 2.019))
",-9999999.000,-9999999.000,0.000,0.000,1.000,0,0,0,1,1,0,0,1,0.0,0.0,0.0,0.0,0.0,1.0,-1
"F[0,2]((DirectLDL >= 0.000 | Pt_GrandchildT1D >= 0.000) & LDL <= 0.000)
",-9999999.000,-9999999.000,0.000,0.000,1.000,0,0,0,1,1,0,0,1,0.0,0.0,0.0,0.0,0.0,1.0,-1
"((diagAgeCombo >= 16.000) U[1,1] (LDL >= 0.000))
",0.000,0.000,0.000,0.000,1.000,0,0,0,1,1,0,0,1,0.0,0.0,0.0,0.0,0.0,1.0,-1
"F[1,2](TotalDailyInsPerKg >= 0.056 & bmi >= 34.845)
",-9999999.000,-9999999.000,0.000,0.000,1.000,0,0,0,1,1,0,0,1,0.0,0.0,0.0,0.0,0.0,1.0,-1
"F[0,1](((BldPrDia <= 72.000 & Pt_GrandparentT1D <= 0.908) | TSH <= 0.710) & Pt_A1cGoalLev <= 0.877)
",-9999999.000,-9999999.000,0.000,0.000,1.000,0,0,0,1,1,0,0,1,0.0,0.0,0.0,0.0,0.0,1.0,-1
"((Triglyc <= 407.000) U[0,0] (HeightCm >= 162.560))
",203.000,203.000,0.000,0.000,1.000,0,0,0,1,1,0,0,1,0.0,0.0,0.0,0.0,0.0,1.0,-1
"((Pt_SiblingT1D >= 0.366) U[1,2] (AutonomicNeuroCl >= 1.000))
",-9999999.000,-9999999.000,0.000,0.000,1.000,0,0,0,1,1,0,0,1,0.0,0.0,0.0,0.0,0.0,1.0,-1
"F[2,2](((Pt_CGMUseNumDays <= 0.000 & age >= 39.221) -> AlbCreatRat_mggNew <= 39.896) | HbA1cImputeDtMnC >= 39.446)
",-39.446,-39.446,0.000,0.000,1.000,0,0,0,1,1,0,0,1,0.0,0.0,0.0,0.0,0.0,1.0,-1
"F[0,2](((diagAgeCombo <= 16.000 & BldPrSys >= 114.000) & SMBGperDayPtMeterCombo <= 114.000) -> HbA1cImputeDtMnC <= 114.000)
",-9999999.000,-9999999.000,0.000,0.000,1.000,0,0,0,1,1,0,0,1,0.0,0.0,0.0,0.0,0.0,1.0,-1
"F[0,1](((TSH >= 0.000 & bmiPerc <= 0.000) -> HbA1c >= 0.000) & BldPrDia >= 0.000)
",-9999999.000,-9999999.000,0.000,0.000,1.000,0,0,0,1,1,0,0,1,0.0,0.0,0.0,0.0,0.0,1.0,-1
"F[1,1](NumPumpBolusOrShortAct >= 0.557 -> Pt_A1cGoalLevelDsYr5 <= 0.000)
",0.000,0.000,0.000,0.000,1.000,0,0,0,1,1,0,0,1,0.0,0.0,0.0,0.0,0.0,1.0,-1
"F[0,0](((Pt_GrandchildT1D <= 0.000 -> Pt_SHFlg <= 0.000) | age >= 0.000) | BGTestAvgNumMeter >= 0.000)
",0.000,0.000,0.000,0.000,1.000,0,0,0,1,1,0,0,1,0.0,0.0,0.0,0.0,0.0,1.0,-1
"F[0,1]((Pt_A1cGoalLevelDsYr5 <= 0.000 & Pt_A1cGoalLevelDsYr5 >= 0.000) -> HDL >= 0.000)
",-9999999.000,-9999999.000,0.000,0.000,1.000,0,0,0,1,1,0,0,1,0.0,0.0,0.0,0.0,0.0,1.0,-1
"F[2,2](NumPumpBolusOrShortAct >= 1.899 -> HeightCm >= 162.560)
",1.899,1.899,0.000,0.000,1.000,0,0,0,1,1,0,0,1,0.0,0.0,0.0,0.0,0.0,1.0,-1
"F[0,2](HDL >= 44.000 | Pt_CGMUseNumDays <= 0.000)
",-9999999.000,-9999999.000,0.000,0.000,1.000,0,0,0,1,1,0,0,1,0.0,0.0,0.0,0.0,0.0,1.0,-1
"((Triglyc >= 407.000) U[1,2] (TotChol <= 204.000))
",-9999999.000,-9999999.000,0.000,0.000,1.000,0,0,0,1,1,0,0,1,0.0,0.0,0.0,0.0,0.0,1.0,-1
"G[1,2]((WeightKg >= 92.079 | bmi >= 34.845) -> UnitsInsBasalOrLongAct <= 0.000)
",9999999.000,9999999.000,0.000,1.000,0.000,0,0,1,0,0,1,1,0,0.0,0.0,1.0,0.0,0.0,1.0,1
"F[0,2]((BUN >= 10.478 & NumPumpBolusOrShortAct <= 3.989) | BldPrSys >= 1.622)
",-9999999.000,-9999999.000,0.000,0.000,1.000,0,0,0,1,1,0,0,1,0.0,0.0,0.0,0.0,0.0,1.0,-1
"F[0,1](SMBGperDayPtMeterCombo >= 1.553 -> BldPrDia >= 72.000)
",-9999999.000,-9999999.000,0.000,0.000,1.000,0,0,0,1,1,0,0,1,0.0,0.0,0.0,0.0,0.0,1.0,-1
"F[2,2](((DirectLDL >= 0.000 & BGTestAvgNumPtRep >= 1.165) & bmiPerc <= 2.008) & HDL <= 3.405)
",-1.165,-1.165,0.000,0.000,1.000,0,0,0,1,1,0,0,1,0.0,0.0,0.0,0.0,0.0,1.0,-1
"F[0,1]((Pt_GrandchildT1D <= 0.000 & BldPrSys <= 114.000) | NumPumpBolusOrShortAct >= 114.000)
",-9999999.000,-9999999.000,0.000,0.000,1.000,0,0,0,1,1,0,0,1,0.0,0.0,0.0,0.0,0.0,1.0,-1
"F[0,2](HeightCm <= 162.560 -> Pt_InsGov >= 0.334)
",-9999999.000,-9999999.000,0.000,0.000,1.000,0,0,0,1,1,0,0,1,0.0,0.0,0.0,0.0,0.0,1.0,-1
"F[0,2](((Pt_SiblingT1D <= 0.709 & TotalDailyInsPerKg <= 2.166) | BGTestAvgNumMeter <= 2.552) -> UnitsInsBasalOrLongAct <= 1.461)
",-9999999.000,-9999999.000,0.000,0.000,1.000,0,0,0,1,1,0,0,1,0.0,0.0,0.0,0.0,0.0,1.0,-1
"F[0,2](bmiZscore <= 0.690 | HDL <= 44.000)
",-9999999.000,-9999999.000,0.000,0.000,1.000,0,0,0,1,1,0,0,1,0.0,0.0,0.0,0.0,0.0,1.0,-1
"((Pt_A1cGoalLevelDsYr5 >= 0.000) U[0,1] (AlbCreatRat_mggNew >= 0.000))
",-9999999.000,-9999999.000,0.000,0.000,1.000,0,0,0,1,1,0,0,1,0.0,0.0,0.0,0.0,0.0,1.0,-1
"F[0,0](DirectLDL >= 0.000 & diabDur <= 23.604)
",-16.396,-16.396,0.000,0.000,1.000,0,0,0,1,1,0,0,1,0.0,0.0,0.0,0.0,0.0,1.0,-1
"F[1,2]((BGTestAvgNumPtRep <= 3.045 | Pt_SiblingT1D >= 0.169) -> BldPrSys >= 0.123)
",-9999999.000,-9999999.000,0.000,0.000,1.000,0,0,0,1,1,0,0,1,0.0,0.0,0.0,0.0,0.0,1.0,-1
"((diagAgeCombo <= 16.000) U[0,0] (HeightCm >= 162.560))
",16.000,16.000,0.000,0.000,1.000,0,0,0,1,1,0,0,1,0.0,0.0,0.0,0.0,0.0,1.0,-1
"F[0,1](NumPumpBolusOrShortAct >= 0.023 -> BldPrDia >= 72.000)
",-9999999.000,-9999999.000,0.000,0.000,1.000,0,0,0,1,1,0,0,1,0.0,0.0,0.0,0.0,0.0,1.0,-1
"F[0,1](diagAgeCombo <= 16.000 -> HDL <= 44.000)
",-9999999.000,-9999999.000,0.000,0.000,1.000,0,0,0,1,1,0,0,1,0.0,0.0,0.0,0.0,0.0,1.0,-1
"F[2,2]((HDL >= 44.000 & Pt_DKAFlg >= 0.000) -> Pt_GrandparentT1D <= 0.000)
",0.000,0.000,0.000,0.000,1.000,0,0,0,1,1,0,0,1,0.0,0.0,0.0,0.0,0.0,1.0,-1
"F[0,0](HeightCm <= 162.560 -> diabDur <= 23.655)
",-70.481,-70.481,0.000,0.000,1.000,0,0,0,1,1,0,0,1,0.0,0.0,0.0,0.0,0.0,1.0,-1
"F[0,1](((Pt_FatherT1D <= 0.000 -> Pt_InsGov >= 0.217) -> WeightKg <= 0.992) & TotChol >= 0.484)
",-9999999.000,-9999999.000,0.000,0.000,1.000,0,0,0,1,1,0,0,1,0.0,0.0,0.0,0.0,0.0,1.0,-1
"F[0,0]((HDL <= 44.000 -> Pt_DKAFlg <= 0.000) | BldPrSys >= 0.000)
",0.000,0.000,0.000,0.000,1.000,0,0,0,1,1,0,0,1,0.0,0.0,0.0,0.0,0.0,1.0,-1
"F[0,1](BGTestAvgNumPtRep >= 0.879 | TotalDailyInsPerKg <= 2.136)
",-9999999.000,-9999999.000,0.000,0.000,1.000,0,0,0,1,1,0,0,1,0.0,0.0,0.0,0.0,0.0,1.0,-1
"((Pt_GrandparentT1D <= 0.564) U[0,2] (AutonomicNeuroCl >= 1.000))
",-9999999.000,-9999999.000,0.000,0.000,1.000,0,0,0,1,1,0,0,1,0.0,0.0,0.0,0.0,0.0,1.0,-1
"F[0,1]((GFR >= 0.000 -> UnitsInsBasalOrLongAct >= 0.000) | NumPumpBolusOrShortAct >= 0.000)
",-9999999.000,-9999999.000,0.000,0.000,1.000,0,0,0,1,1,0,0,1,0.0,0.0,0.0,0.0,0.0,1.0,-1
"F[1,2](((AlbCreatRat_mggNew <= 0.000 & Pt_MotherT1D >= 0.287) -> Pt_FatherT1D >= 0.059) -> Triglyc >= 0.298)
",-9999999.000,-9999999.000,0.000,0.000,1.000,0,0,0,1,1,0,0,1,0.0,0.0,0.0,0.0,0.0,1.0,-1
"F[0,0]((HDL >= 44.000 & Pt_A1cGoalLevelDsYr5 >= 0.000) | HbA1cImputeDtMnC <= 0.000)
",0.000,0.000,0.000,0.000,1.000,0,0,0,1,1,0,0,1,0.0,0.0,0.0,0.0,0.0,1.0,-1
"F[1,2](Pt_SiblingT1D <= 0.698 & Pt_ChildT1D >= 0.000)
",-9999999.000,-9999999.000,0.000,0.000,1.000,0,0,0,1,1,0,0,1,0.0,0.0,0.0,0.0,0.0,1.0,-1
"F[2,2]((DirectLDL >= 0.000 & Pt_A1cGoalLev >= 0.000) | DirectLDL >= 0.000)
",0.000,0.000,0.000,0.000,1.000,0,0,0,1,1,0,0,1,0.0,0.0,0.0,0.0,0.0,1.0,-1
"F[0,2](((GFR <= 0.000 & DirectLDL >= 0.000) | HbA1cImputeDtMnC <= 0.000) | HbA1c <= 0.000)
",-9999999.000,-9999999.000,0.000,0.000,1.000,0,0,0,1,1,0,0,1,0.0,0.0,0.0,0.0,0.0,1.0,-1
"F[0,1]((BGTestAvgNumMeter <= 0.000 | age <= 39.800) | BGTestAvgNumPtRep <= 39.586)
",-9999999.000,-9999999.000,0.000,0.000,1.000,0,0,0,1,1,0,0,1,0.0,0.0,0.0,0.0,0.0,1.0,-1
"F[1,1]((HeightCm <= 162.560 -> BldPrDia >= 72.000) | bmiZscore >= 72.000)
",-72.000,-72.000,0.000,0.000,1.000,0,0,0,1,1,0,0,1,0.0,0.0,0.0,0.0,0.0,1.0,-1
"((BldPrDia <= 72.000) U[0,2] (bmiPerc >= 0.000))
",-9999999.000,-9999999.000,0.000,0.000,1.000,0,0,0,1,1,0,0,1,0.0,0.0,0.0,0.0,0.0,1.0,-1
"F[0,2]((Pt_ChildT1D <= 0.000 & TotChol <= 204.000) -> age >= 204.000)
",-9999999.000,-9999999.000,0.000,0.000,1.000,0,0,0,1,1,0,0,1,0.0,0.0,0.0,0.0,0.0,1.0,-1
"F[0,1](bmiPerc >= 0.000 & bmiPerc >= 0.000)
",-9999999.000,-9999999.000,0.000,0.000,1.000,0,0,0,1,1,0,0,1,0.0,0.0,0.0,0.0,0.0,1.0,-1
"F[1,2](Pt_A1cGoalLev >= 0.000 -> Pt_ChildT1D <= 0.000)
",-9999999.000,-9999999.000,0.000,0.000,1.000,0,0,0,1,1,0,0,1,0.0,0.0,0.0,0.0,0.0,1.0,-1
"F[0,0]((diagAgeCombo <= 16.000 -> NumPumpBolusOrShortAct <= 2.282) | Pt_MotherT1D <= 3.783)
",3.783,3.783,0.000,0.000,1.000,0,0,0,1,1,0,0,1,0.0,0.0,0.0,0.0,0.0,1.0,-1
"F[2,2]((Pt_A1cGoalLev >= 0.000 -> Pt_SiblingT1D <= 0.670) | Pt_DKAFlg >= 0.011)
",-0.011,-0.011,0.000,0.000,1.000,0,0,0,1,1,0,0,1,0.0,0.0,0.0,0.0,0.0,1.0,-1
"((BGTestAvgNumMeter >= 0.000) U[0,2] (age >= 39.464))
",-9999999.000,-9999999.000,0.000,0.000,1.000,0,0,0,1,1,0,0,1,0.0,0.0,0.0,0.0,0.0,1.0,-1
"((Pt_DKAFlg >= 0.000) U[0,0] (diagAgeCombo >= 16.000))
",0.000,0.000,0.000,0.000,1.000,0,0,0,1,1,0,0,1,0.0,0.0,0.0,0.0,0.0,1.0,-1
"F[1,1](HbA1c <= 4.140 -> TSH <= 0.000)
",-4.140,-4.140,0.000,0.000,1.000,0,0,0,1,1,0,0,1,0.0,0.0,0.0,0.0,0.0,1.0,-1
"F[0,2](((Pt_SiblingT1D >= 0.066 | HbA1c <= 5.977) | diagAgeCombo <= 5.650) -> BldPrDia >= 1.596)
",-9999999.000,-9999999.000,0.000,0.000,1.000,0,0,0,1,1,0,0,1,0.0,0.0,0.0,0.0,0.0,1.0,-1
"F[1,2]((TotalDailyInsPerKg >= 0.468 -> UnitsInsBasalOrLongAct <= 0.000) & Pt_A1cGoalLev <= 0.000)
",-9999999.000,-9999999.000,0.000,0.000,1.000,0,0,0,1,1,0,0,1,0.0,0.0,0.0,0.0,0.0,1.0,-1
"F[0,2]((TotChol <= 204.000 -> TSH <= 0.000) -> Pt_GrandchildT1D >= 0.000)
",-9999999.000,-9999999.000,0.000,0.000,1.000,0,0,0,1,1,0,0,1,0.0,0.0,0.0,0.0,0.0,1.0,-1
"F[1,2](Pt_CGMUseNumDays <= 0.000 | Pt_ChildT1D <= 0.000)
",-9999999.000,-9999999.000,0.000,0.000,1.000,0,0,0,1,1,0,0,1,0.0,0.0,0.0,0.0,0.0,1.0,-1
"F[0,2](((SMBGperDayPtMeterCombo >= 1.069 | HbA1cImputeDtMnC <= -0.105) | Pt_FatherT1D >= -0.293) -> BGTestAvgNumPtRep >= -0.297)
",-9999999.000,-9999999.000,0.000,0.000,1.000,0,0,0,1,1,0,0,1,0.0,0.0,0.0,0.0,0.0,1.0,-1
"F[1,2](BldPrDia >= 72.000 | AutonomicNeuroCl >= 1.000)
",-9999999.000,-9999999.000,0.000,0.000,1.000,0,0,0,1,1,0,0,1,0.0,0.0,0.0,0.0,0.0,1.0,-1
"F[1,2](((Pt_A1cGoalLevelDsYr5 <= 0.000 | Pt_CGMUseNumDays <= 0.000) -> Pt_MotherT1D <= 0.000) | TotChol >= 0.000)
",-9999999.000,-9999999.000,0.000,0.000,1.000,0,0,0,1,1,0,0,1,0.0,0.0,0.0,0.0,0.0,1.0,-1
"F[0,2](((BGTestAvgNumPtRep <= 3.501 & WeightKg >= 92.079) & Pt_A1cGoalLevelDsYr5 <= 92.079) -> bmi >= 92.079)
",-9999999.000,-9999999.000,0.000,0.000,1.000,0,0,0,1,1,0,0,1,0.0,0.0,0.0,0.0,0.0,1.0,-1
"F[0,1](((Pt_GrandparentT1D <= 0.965 -> NumPumpBolusOrShortAct >= 1.457) -> HbA1cImputeDtMnC <= 3.015) & BGTestAvgNumPtRep <= 3.114)
",-9999999.000,-9999999.000,0.000,0.000,1.000,0,0,0,1,1,0,0,1,0.0,0.0,0.0,0.0,0.0,1.0,-1
"F[0,0]((TotChol >= 204.000 | Pt_FatherT1D >= 0.000) | TotalDailyInsPerKg >= 0.000)
",24.000,24.000,0.000,0.000,1.000,0,0,0,1,1,0,0,1,0.0,0.0,0.0,0.0,0.0,1.0,-1
"((Pt_MotherT1D <= 0.881) U[2,2] (Pt_MotherT1D <= 0.952))
",0.952,0.952,0.000,0.000,1.000,0,0,0,1,1,0,0,1,0.0,0.0,0.0,0.0,0.0,1.0,-1
"G[1,2](AutonomicNeuroCl <= 1.000 -> HDL <= 44.000)
",9999999.000,9999999.000,0.000,1.000,0.000,0,0,1,0,0,1,1,0,0.0,0.0,1.0,0.0,0.0,1.0,1
"G[0,2]((bmi >= 34.845 | Pt_GrandchildT1D <= 0.000) & Pt_CGMUseNumDays <= 0.000)
",9999999.000,9999999.000,0.000,1.000,0.000,0,0,1,0,0,1,1,0,0.0,0.0,1.0,0.0,0.0,1.0,1
"G[2,2](DirectLDL <= 0.000 -> diagAgeCombo <= 16.000)
",-16.000,-16.000,0.000,1.000,0.000,0,0,1,0,0,1,1,0,0.0,0.0,1.0,0.0,0.0,1.0,1
"G[0,2](Pt_InsGov <= 0.668 -> TotalDailyInsPerKg <= 1.625)
",9999999.000,9999999.000,0.000,1.000,0.000,0,0,1,0,0,1,1,0,0.0,0.0,1.0,0.0,0.0,1.0,1
"G[2,2](WeightKg >= 92.079 & BUN >= 10.097)
",-92.079,-92.079,0.000,1.000,0.000,0,0,1,0,0,1,1,0,0.0,0.0,1.0,0.0,0.0,1.0,1
"G[0,1]((BldPrSys >= 114.000 | bmiZscore <= 0.761) -> Pt_DKAFlg >= 0.662)
",9999999.000,9999999.000,0.000,1.000,0.000,0,0,0,1,1,0,0,1,0.0,0.0,0.0,0.0,0.0,1.0,1
"G[1,2]((HeightCm <= 162.560 -> bmi <= 34.845) -> Pt_ChildT1D <= 34.845)
",9999999.000,9999999.000,0.000,1.000,0.000,0,0,1,0,0,1,1,0,0.0,0.0,1.0,0.0,0.0,1.0,1
"G[1,2]((age >= 39.267 -> TotChol <= 204.000) | Pt_MotherT1D >= 204.000)
",9999999.000,9999999.000,0.000,1.000,0.000,0,0,1,0,0,1,1,0,0.0,0.0,1.0,0.0,0.0,1.0,1
"G[1,2](((BGTestAvgNumPtRep >= 1.619 & LDL >= 0.000) -> Pt_GrandchildT1D >= 0.000) & Pt_GrandparentT1D <= 0.000)
",9999999.000,9999999.000,0.000,1.000,0.000,0,0,1,0,0,1,1,0,0.0,0.0,1.0,0.0,0.0,1.0,1
"G[0,2]((Pt_A1cGoalLev <= 0.000 | BUN <= 10.749) & Pt_SHFlg >= 10.059)
",9999999.000,9999999.000,0.000,1.000,0.000,0,0,0,1,1,0,0,1,0.0,0.0,0.0,0.0,0.0,1.0,1
"G[0,1](bmiPerc <= 0.000 -> Pt_SiblingT1D <= 0.570)
",9999999.000,9999999.000,0.000,1.000,0.000,0,0,0,1,1,0,0,1,0.0,0.0,0.0,0.0,0.0,1.0,1
"G[1,2]((HbA1c >= 0.909 & Pt_GrandparentT1D >= 0.337) & HbA1c >= 0.183)
",9999999.000,9999999.000,0.000,1.000,0.000,0,0,0,1,1,0,0,1,0.0,0.0,0.0,0.0,0.0,1.0,1
"G[1,2]((Pt_A1cGoalLevelDsYr5 <= 0.000 & bmi >= 34.845) | Pt_InsGov >= 34.845)
",9999999.000,9999999.000,0.000,1.000,0.000,0,0,0,1,1,0,0,1,0.0,0.0,0.0,0.0,0.0,1.0,1
"G[1,2]((age >= 39.344 -> diabDur >= 23.104) | Pt_DKAFlg <= 23.602)
",9999999.000,9999999.000,0.000,1.000,0.000,0,0,1,0,0,1,1,0,0.0,0.0,1.0,0.0,0.0,1.0,1
"G[1,2](((HeightCm <= 162.560 & age <= 39.807) -> Pt_GrandparentT1D <= 39.738) | BGTestAvgNumMeter <= 39.804)
",9999999.000,9999999.000,0.000,1.000,0.000,0,0,1,0,0,1,1,0,0.0,0.0,1.0,0.0,0.0,1.0,1
"G[1,2](Pt_MotherT1D <= 0.667 & Pt_DKAFlg >= 0.000)
",9999999.000,9999999.000,0.000,1.000,0.000,0,0,1,0,0,1,1,0,0.0,0.0,1.0,0.0,0.0,1.0,1
"G[0,2]((Pt_MotherT1D >= 0.493 -> Pt_SHFlg >= 0.000) -> Pt_FatherT1D >= 0.000)
",9999999.000,9999999.000,0.000,1.000,0.000,0,0,1,0,0,1,1,0,0.0,0.0,1.0,0.0,0.0,1.0,1
"G[1,2](Pt_A1cGoalLevelDsYr5 >= 0.000 -> Pt_FatherT1D >= 0.000)
",9999999.000,9999999.000,0.000,1.000,0.000,0,0,1,0,0,1,1,0,0.0,0.0,1.0,0.0,0.0,1.0,1
"G[0,1](GFR <= 0.000 -> BUN >= 10.149)
",9999999.000,9999999.000,0.000,1.000,0.000,0,0,0,1,1,0,0,1,0.0,0.0,0.0,0.0,0.0,1.0,1
"G[1,2](((Pt_DKAFlg >= 0.000 -> Triglyc <= 407.000) -> Pt_ChildT1D <= 407.000) -> diagAgeCombo >= 407.000)
",9999999.000,9999999.000,0.000,1.000,0.000,0,0,0,1,1,0,0,1,0.0,0.0,0.0,0.0,0.0,1.0,1
"G[0,2]((age >= 39.177 -> AlbCreatRat_mggNew <= 0.000) -> Pt_DKAFlg <= 0.000)
",9999999.000,9999999.000,0.000,1.000,0.000,0,0,1,0,0,1,1,0,0.0,0.0,1.0,0.0,0.0,1.0,1
"G[1,1](((diabDur <= 23.721 & AutonomicNeuroCl >= 1.000) & DirectLDL >= 1.000) | SMBGperDayPtMeterCombo >= 1.000)
",-1.000,-1.000,0.000,1.000,0.000,0,0,0,1,1,0,0,1,0.0,0.0,0.0,0.0,0.0,1.0,1
"G[1,2](GFR <= 0.000 -> BUN >= 10.347)
",9999999.000,9999999.000,0.000,1.000,0.000,0,0,1,0,0,1,1,0,0.0,0.0,1.0,0.0,0.0,1.0,1
"G[0,1](SMBGperDayPtMeterCombo >= 0.534 & BGTestAvgNumPtRep >= 0.032)
",9999999.000,9999999.000,0.000,1.000,0.000,0,0,0,1,1,0,0,1,0.0,0.0,0.0,0.0,0.0,1.0,1
"G[0,0](GFR <= 0.000 -> BUN >= 10.200)
",-396.800,-396.800,0.000,1.000,0.000,0,0,0,1,1,0,0,1,0.0,0.0,0.0,0.0,0.0,1.0,1
"G[1,2](SMBGperDayPtMeterCombo >= 0.254 & BGTestAvgNumPtRep >= 1.994)
",9999999.000,9999999.000,0.000,1.000,0.000,0,0,0,1,1,0,0,1,0.0,0.0,0.0,0.0,0.0,1.0,1
"G[0,0](GFR <= 0.000 -> BUN >= 10.360)
",-396.640,-396.640,0.000,1.000,0.000,0,0,0,1,1,0,0,1,0.0,0.0,0.0,0.0,0.0,1.0,1
"G[1,2](SMBGperDayPtMeterCombo >= 1.624 & BGTestAvgNumPtRep >= 0.744)
",9999999.000,9999999.000,0.000,1.000,0.000,0,0,0,1,1,0,0,1,0.0,0.0,0.0,0.0,0.0,1.0,1
"G[2,2]((bmiPerc <= 0.000 -> age >= 39.095) -> LDL >= 39.487)
",0.000,0.000,0.000,1.000,0.000,0,0,1,0,0,1,1,0,0.0,0.0,1.0,0.0,0.0,1.0,1
"G[1,2]((TotChol >= 204.000 -> bmiZscore <= 0.701) & Pt_ChildT1D <= 0.683)
",9999999.000,9999999.000,0.000,1.000,0.000,0,0,1,0,0,1,1,0,0.0,0.0,1.0,0.0,0.0,1.0,1
"((age <= 39.821) U[0,2] (bmi >= 34.845))
",-9999999.000,-9999999.000,0.000,0.000,1.000,0,0,0,1,1,0,0,1,0.0,0.0,0.0,0.0,0.0,1.0,-1
"G[0,0](TSH <= 0.000 & diabDur >= 23.216)
",0.000,0.000,0.000,1.000,0.000,0,0,0,1,1,0,0,1,0.0,0.0,0.0,0.0,0.0,1.0,1
"G[2,2](Pt_SHFlg >= 0.000 | Pt_GrandchildT1D >= 0.000)
",0.000,0.000,0.000,1.000,0.000,0,0,1,0,0,1,1,0,0.0,0.0,1.0,0.0,0.0,1.0,1
"G[0,1](HeightCm >= 162.560 & HbA1c >= 3.067)
",9999999.000,9999999.000,0.000,1.000,0.000,0,0,0,1,1,0,0,1,0.0,0.0,0.0,0.0,0.0,1.0,1
"G[0,2]((Pt_CGMUseNumDays >= 0.000 & BGTestAvgNumPtRep >= 1.022) & SMBGperDayPtMeterCombo >= 0.257)
",9999999.000,9999999.000,0.000,1.000,0.000,0,0,0,1,1,0,0,1,0.0,0.0,0.0,0.0,0.0,1.0,1
"G[2,2](Pt_A1cGoalLevelDsYr5 >= 0.000 | GFR >= 0.000)
",0.000,0.000,0.000,1.000,0.000,0,0,1,0,0,1,1,0,0.0,0.0,1.0,0.0,0.0,1.0,1
"G[0,2]((WeightKg >= 92.079 & WeightKg >= 92.079) | BGTestAvgNumPtRep <= 92.079)
",9999999.000,9999999.000,0.000,1.000,0.000,0,0,1,0,0,1,1,0,0.0,0.0,1.0,0.0,0.0,1.0,1
"G[1,2](((Pt_ChildT1D >= 0.000 & Pt_ChildT1D >= 0.000) -> Pt_DKAFlg <= 0.000) & Pt_MotherT1D <= 0.000)
",9999999.000,9999999.000,0.000,1.000,0.000,0,0,1,0,0,1,1,0,0.0,0.0,1.0,0.0,0.0,1.0,1
"G[0,1](Pt_GrandchildT1D <= 0.000 -> Pt_GrandparentT1D <= 0.922)
",9999999.000,9999999.000,0.000,1.000,0.000,0,0,0,1,1,0,0,1,0.0,0.0,0.0,0.0,0.0,1.0,1
"G[0,2](((UnitsInsBasalOrLongAct >= 0.000 & TSH >= 0.000) | GFR <= 0.000) & BUN <= 0.000)
",9999999.000,9999999.000,0.000,1.000,0.000,0,0,0,1,1,0,0,1,0.0,0.0,0.0,0.0,0.0,1.0,1
"G[1,2]((Pt_InsGov >= 0.494 -> BGTestAvgNumMeter <= 0.000) & Pt_GrandparentT1D <= 0.000)
",9999999.000,9999999.000,0.000,1.000,0.000,0,0,1,0,0,1,1,0,0.0,0.0,1.0,0.0,0.0,1.0,1
"G[0,1](((HbA1c >= 0.948 | Pt_GrandparentT1D >= 0.245) -> Pt_A1cGoalLev >= 0.261) | GFR >= 0.401)
",9999999.000,9999999.000,0.000,1.000,0.000,0,0,0,1,1,0,0,1,0.0,0.0,0.0,0.0,0.0,1.0,1
"G[1,2]((Pt_SHFlg <= 0.000 | AutonomicNeuroCl >= 1.000) | BUN >= 1.000)
",9999999.000,9999999.000,0.000,1.000,0.000,0,0,1,0,0,1,1,0,0.0,0.0,1.0,0.0,0.0,1.0,1
"G[2,2]((LDL >= 0.000 | diagAgeCombo >= 16.000) & SMBGperDayPtMeterCombo <= 16.000)
",0.000,0.000,0.000,1.000,0.000,0,0,1,0,0,1,1,0,0.0,0.0,1.0,0.0,0.0,1.0,1
"G[2,2]((Pt_FatherT1D >= 0.000 & UnitsInsBasalOrLongAct <= 0.000) | AlbCreatRat_mggNew >= 0.000)
",0.000,0.000,0.000,1.000,0.000,0,0,1,0,0,1,1,0,0.0,0.0,1.0,0.0,0.0,1.0,1
"G[0,1](((Pt_GrandparentT1D >= 0.112 -> bmiPerc <= 0.000) -> BGTestAvgNumPtRep >= 0.000) -> BGTestAvgNumPtRep <= 0.000)
",9999999.000,9999999.000,0.000,1.000,0.000,0,0,0,1,1,0,0,1,0.0,0.0,0.0,0.0,0.0,1.0,1
"G[0,2](((Pt_DKAFlg >= 0.000 & TotChol <= 204.000) & Pt_ChildT1D <= 204.000) -> Triglyc <= 204.000)
",9999999.000,9999999.000,0.000,1.000,0.000,0,0,0,1,1,0,0,1,0.0,0.0,0.0,0.0,0.0,1.0,1
"G[0,2]((BldPrDia <= 72.000 -> Pt_A1cGoalLevelDsYr5 >= 0.000) & TSH <= 0.000)
",9999999.000,9999999.000,0.000,1.000,0.000,0,0,1,0,0,1,1,0,0.0,0.0,1.0,0.0,0.0,1.0,1
"G[2,2](((DirectLDL <= 0.000 & Pt_MotherT1D <= 0.933) | BGTestAvgNumPtRep <= 0.996) & Pt_GrandparentT1D >= 0.201)
",-0.201,-0.201,0.000,1.000,0.000,0,0,1,0,0,1,1,0,0.0,0.0,1.0,0.0,0.0,1.0,1
"G[1,2](((diabDur >= 23.121 & HDL >= 44.000) & bmi <= 44.000) -> diagAgeCombo <= 44.000)
",9999999.000,9999999.000,0.000,1.000,0.000,0,0,1,0,0,1,1,0,0.0,0.0,1.0,0.0,0.0,1.0,1
"G[0,2]((Pt_GrandparentT1D <= 0.633 -> Pt_ChildT1D <= 0.000) -> TotChol <= 0.000)
",9999999.000,9999999.000,0.000,1.000,0.000,0,0,0,1,1,0,0,1,0.0,0.0,0.0,0.0,0.0,1.0,1
"G[0,2](((GFR >= 0.000 & diagAgeCombo >= 16.000) -> BldPrSys >= 16.000) -> HbA1cImputeDtMnC <= 16.000)
",9999999.000,9999999.000,0.000,1.000,0.000,0,0,1,0,0,1,1,0,0.0,0.0,1.0,0.0,0.0,1.0,1
"G[2,2]((bmi <= 34.845 | HDL <= 44.000) -> bmi <= 44.000)
",-44.000,-44.000,0.000,1.000,0.000,0,0,1,0,0,1,1,0,0.0,0.0,1.0,0.0,0.0,1.0,1
"G[0,2](((HDL >= 44.000 -> HbA1cImputeDtMnC >= -0.288) -> HbA1c >= -0.246) & diabDur >= -0.331)
",9999999.000,9999999.000,0.000,1.000,0.000,0,0,1,0,0,1,1,0,0.0,0.0,1.0,0.0,0.0,1.0,1
"G[2,2]((DirectLDL >= 0.000 | Pt_InsGov >= 0.439) -> bmiZscore >= 0.302)
",0.000,0.000,0.000,1.000,0.000,0,0,1,0,0,1,1,0,0.0,0.0,1.0,0.0,0.0,1.0,1
"G[0,2]((HDL <= 44.000 | BUN >= 10.200) | BldPrDia <= 10.553)
",9999999.000,9999999.000,0.000,1.000,0.000,0,0,1,0,0,1,1,0,0.0,0.0,1.0,0.0,0.0,1.0,1
"G[1,2](((HeightCm >= 162.560 -> Pt_CGMUseNumDays >= 0.000) & LDL <= 0.000) | TSH >= 0.000)
",9999999.000,9999999.000,0.000,1.000,0.000,0,0,1,0,0,1,1,0,0.0,0.0,1.0,0.0,0.0,1.0,1
"G[0,2](((TotChol >= 204.000 -> BGTestAvgNumMeter <= 0.000) & AutonomicNeuroCl <= 0.000) | Pt_SHFlg <= 0.000)
",9999999.000,9999999.000,0.000,1.000,0.000,0,0,1,0,0,1,1,0,0.0,0.0,1.0,0.0,0.0,1.0,1
"G[0,1]((Pt_A1cGoalLevelDsYr5 <= 0.000 | Pt_ChildT1D >= 0.000) -> bmiZscore <= 0.000)
",9999999.000,9999999.000,0.000,1.000,0.000,0,0,0,1,1,0,0,1,0.0,0.0,0.0,0.0,0.0,1.0,1
"F[2,2](((WeightKg <= 92.079 & BGTestAvgNumMeter <= 0.000) -> Pt_SHFlg <= 0.000) | Pt_GrandparentT1D <= 0.000)
",0.000,0.000,0.000,0.000,1.000,0,0,0,1,1,0,0,1,0.0,0.0,0.0,0.0,0.0,1.0,-1
