Rule,Discrimination Score,Pos Robustness,Neg Robustness,Percent Class +,Percent Class -,TP,TN,FP,FN,Actual Yes,Actual No,Predicted Yes,Predicted No,TPR/Sens,TNR/Spec,FPR,Precision,Accuracy,MCR
"F[0,0](AutonomicNeuroCl <= 7.600 -> AutonomicNeuroCl >= 7.600)
",0.000,0.000,0.000,0.000,1.000,1,0,0,0,1,0,1,0,1.0,0,0,1.0,2.0,-1.0
"F[0,0](HbA1cImputeDtMnC >= 4.000 & NumPumpBolusOrShortAct <= 0.000)
",0.000,0.000,0.000,0.000,1.000,1,0,0,0,1,0,1,0,1.0,0,0,1.0,2.0,-1.0
"((WeightKg >= 2.000) U[0,0] (AutonomicNeuroCl >= 7.600))
",0.000,0.000,0.000,0.000,1.000,1,0,0,0,1,0,1,0,1.0,0,0,1.0,2.0,-1.0
"F[0,0]((LDL <= 1.347 & Pt_A1cGoalLev >= 9.000) & HbA1cImputeDtMnC >= 9.000)
",0.000,0.000,0.000,0.000,1.000,1,0,0,0,1,0,1,0,1.0,0,0,1.0,2.0,-1.0
"F[0,0](Pt_FatherT1D <= 0.000 & diagAgeCombo <= 0.000)
",0.000,0.000,0.000,0.000,1.000,1,0,0,0,1,0,1,0,1.0,0,0,1.0,2.0,-1.0
"((BGTestAvgNumMeter >= 0.000) U[0,0] (BGTestAvgNumPtRep <= 0.000))
",0.000,0.000,0.000,0.000,1.000,1,0,0,0,1,0,1,0,1.0,0,0,1.0,2.0,-1.0
"F[0,0](HbA1c <= 0.000 & GFR <= 0.498)
",0.000,0.000,0.000,0.000,1.000,1,0,0,0,1,0,1,0,1.0,0,0,1.0,2.0,-1.0
"F[0,0](BldPrSys >= 1.000 -> AutonomicNeuroCl >= 7.600)
",0.000,0.000,0.000,0.000,1.000,1,0,0,0,1,0,1,0,1.0,0,0,1.0,2.0,-1.0
"F[0,0](age <= 0.000 & bmi <= 0.000)
",0.000,0.000,0.000,0.000,1.000,1,0,0,0,1,0,1,0,1.0,0,0,1.0,2.0,-1.0
"F[1,2](((Pt_CGMUseNumDays <= 3972.000 -> Pt_A1cGoalLevelDsYr5 >= 0.000) & HDL >= 0.000) | SMBGperDayPtMeterCombo <= 0.000)
",0.000,0.000,0.000,0.000,1.000,0,0,0,1,1,0,0,1,0.0,0,0,0.0,0.0,1.0
"F[2,2]((TotalDailyInsPerKg <= 19.000 | GFR <= 0.498) | Pt_InsGov >= 0.498)
",0.000,0.000,0.000,0.000,1.000,0,0,0,1,1,0,0,1,0.0,0,0,0.0,0.0,1.0
"F[0,1](((Pt_A1cGoalLevelDsYr5 <= 0.000 -> Pt_GrandparentT1D >= 0.000) -> bmi >= 0.000) -> diabDur <= 0.000)
",0.000,0.000,0.000,0.000,1.000,0,0,0,1,1,0,0,1,0.0,0,0,0.0,0.0,1.0
"F[2,2](((GFR >= 0.498 | Pt_InsGov <= 0.000) | Pt_A1cGoalLev <= 0.000) | TSH >= 0.000)
",0.000,0.000,0.000,0.000,1.000,0,0,0,1,1,0,0,1,0.0,0,0,0.0,0.0,1.0
"F[1,2](((BGTestAvgNumPtRep >= 0.000 -> UnitsInsBasalOrLongAct <= 4.200) | Pt_InsGov <= 4.200) -> Pt_A1cGoalLev >= 4.200)
",0.000,0.000,0.000,0.000,1.000,0,0,0,1,1,0,0,1,0.0,0,0,0.0,0.0,1.0
"F[1,2](HbA1cImputeDtMnC >= 4.000 | BGTestAvgNumPtRep >= 0.000)
",0.000,0.000,0.000,0.000,1.000,0,0,0,1,1,0,0,1,0.0,0,0,0.0,0.0,1.0
"F[0,0](((HbA1c <= 0.000 | bmiPerc <= 29.127) -> BGTestAvgNumMeter <= 29.127) & Pt_A1cGoalLevelDsYr5 <= 29.127)
",0.000,0.000,0.000,0.000,1.000,0,0,0,1,1,0,0,1,0.0,0,0,0.0,0.0,1.0
"F[0,1](Pt_DKAFlg >= 0.000 -> Pt_A1cGoalLevelDsYr5 >= 0.000)
",0.000,0.000,0.000,0.000,1.000,0,0,0,1,1,0,0,1,0.0,0,0,0.0,0.0,1.0
"F[1,1]((Pt_InsGov >= 0.000 -> BldPrSys <= 1.000) -> bmiZscore >= 1.000)
",0.000,0.000,0.000,0.000,1.000,0,0,0,1,1,0,0,1,0.0,0,0,0.0,0.0,1.0
"F[0,0]((age <= 0.000 | Pt_FatherT1D <= 0.000) | Pt_ChildT1D <= 0.000)
",0.000,0.000,0.000,0.000,1.000,0,0,0,1,1,0,0,1,0.0,0,0,0.0,0.0,1.0
"F[1,1](bmiZscore >= 0.000 & Pt_FatherT1D <= 0.000)
",0.000,0.000,0.000,0.000,1.000,0,0,0,1,1,0,0,1,0.0,0,0,0.0,0.0,1.0
"F[0,2](bmi >= 0.000 | BGTestAvgNumMeter >= 0.000)
",0.000,0.000,0.000,0.000,1.000,0,0,0,1,1,0,0,1,0.0,0,0,0.0,0.0,1.0
"F[0,1](((Pt_ChildT1D <= 0.000 & NumPumpBolusOrShortAct >= 0.000) -> Pt_GrandparentT1D <= 0.000) -> BGTestAvgNumPtRep <= 0.000)
",0.000,0.000,0.000,0.000,1.000,0,0,0,1,1,0,0,1,0.0,0,0,0.0,0.0,1.0
"((HDL >= 142.000) U[1,2] (HbA1cImputeDtMnC <= 4.000))
",0.000,0.000,0.000,0.000,1.000,0,0,0,1,1,0,0,1,0.0,0,0,0.0,0.0,1.0
"F[0,1](((bmi <= 0.000 & Pt_InsGov <= 0.000) -> Pt_InsGov <= 0.000) | TotalDailyInsPerKg >= 0.000)
",0.000,0.000,0.000,0.000,1.000,0,0,0,1,1,0,0,1,0.0,0,0,0.0,0.0,1.0
"((bmiZscore <= 0.000) U[0,2] (SMBGperDayPtMeterCombo <= 85.000))
",0.000,0.000,0.000,0.000,1.000,0,0,0,1,1,0,0,1,0.0,0,0,0.0,0.0,1.0
"F[2,2]((LDL <= 1.347 & BGTestAvgNumPtRep <= 0.000) | Pt_A1cGoalLev <= 0.000)
",0.000,0.000,0.000,0.000,1.000,0,0,0,1,1,0,0,1,0.0,0,0,0.0,0.0,1.0
"F[0,2]((Pt_A1cGoalLev <= 9.000 & Pt_DKAFlg <= 0.000) -> BldPrSys <= 0.000)
",0.000,0.000,0.000,0.000,1.000,0,0,0,1,1,0,0,1,0.0,0,0,0.0,0.0,1.0
"F[0,0](Pt_InsGov <= 0.000 | HbA1c >= 0.000)
",0.000,0.000,0.000,0.000,1.000,0,0,0,1,1,0,0,1,0.0,0,0,0.0,0.0,1.0
"((WeightKg <= 2.000) U[0,2] (WeightKg <= 2.000))
",0.000,0.000,0.000,0.000,1.000,0,0,0,1,1,0,0,1,0.0,0,0,0.0,0.0,1.0
"F[1,1](((Pt_FatherT1D <= 0.000 | Pt_SHFlg >= 0.000) -> BUN <= 0.000) -> Pt_MotherT1D >= 0.000)
",0.000,0.000,0.000,0.000,1.000,0,0,0,1,1,0,0,1,0.0,0,0,0.0,0.0,1.0
"F[2,2](((diabDur <= 28.000 & BldPrDia <= 137.000) & Pt_DKAFlg <= 137.000) | diagAgeCombo <= 137.000)
",0.000,0.000,0.000,0.000,1.000,0,0,0,1,1,0,0,1,0.0,0,0,0.0,0.0,1.0
"F[0,1](((Pt_FatherT1D >= 0.000 | bmiPerc <= 29.127) & Pt_SiblingT1D >= 29.127) -> Pt_A1cGoalLevelDsYr5 <= 29.127)
",0.000,0.000,0.000,0.000,1.000,0,0,0,1,1,0,0,1,0.0,0,0,0.0,0.0,1.0
"F[0,1]((Pt_SHFlg >= 0.000 | AlbCreatRat_mggNew >= 20.000) | Pt_SHFlg <= 20.000)
",0.000,0.000,0.000,0.000,1.000,0,0,0,1,1,0,0,1,0.0,0,0,0.0,0.0,1.0
"F[1,2]((Triglyc <= 201.000 | Pt_SiblingT1D <= 0.000) | Pt_A1cGoalLev <= 0.000)
",0.000,0.000,0.000,0.000,1.000,0,0,0,1,1,0,0,1,0.0,0,0,0.0,0.0,1.0
"F[0,2](WeightKg <= 2.000 | Pt_InsGov >= 0.000)
",0.000,0.000,0.000,0.000,1.000,0,0,0,1,1,0,0,1,0.0,0,0,0.0,0.0,1.0
"F[0,2](((AlbCreatRat_mggNew <= 20.000 & Pt_SHFlg >= 0.000) & Pt_FatherT1D >= 0.000) -> HbA1c <= 0.000)
",0.000,0.000,0.000,0.000,1.000,0,0,0,1,1,0,0,1,0.0,0,0,0.0,0.0,1.0
"F[0,1](TSH >= 2.000 | TotalDailyInsPerKg >= 19.000)
",0.000,0.000,0.000,0.000,1.000,0,0,0,1,1,0,0,1,0.0,0,0,0.0,0.0,1.0
"F[0,0](((bmiPerc >= 29.127 -> bmiZscore >= 0.000) & diagAgeCombo >= 0.000) & DirectLDL >= 0.000)
",0.000,0.000,0.000,0.000,1.000,0,0,0,1,1,0,0,1,0.0,0,0,0.0,0.0,1.0
"F[0,0]((LDL >= 1.347 | TSH >= 2.000) | Pt_ChildT1D >= 2.000)
",0.000,0.000,0.000,0.000,1.000,0,0,0,1,1,0,0,1,0.0,0,0,0.0,0.0,1.0
"F[0,1]((Triglyc <= 201.000 -> Pt_GrandparentT1D >= 0.000) | BGTestAvgNumPtRep <= 0.000)
",0.000,0.000,0.000,0.000,1.000,0,0,0,1,1,0,0,1,0.0,0,0,0.0,0.0,1.0
"F[0,2]((diabDur <= 28.000 -> Pt_InsGov <= 0.000) | Pt_SiblingT1D >= 0.000)
",0.000,0.000,0.000,0.000,1.000,0,0,0,1,1,0,0,1,0.0,0,0,0.0,0.0,1.0
"F[2,2]((Pt_A1cGoalLev <= 9.000 & AlbCreatRat_mggNew <= 20.000) & Pt_SHFlg >= 20.000)
",0.000,0.000,0.000,0.000,1.000,0,0,0,1,1,0,0,1,0.0,0,0,0.0,0.0,1.0
"F[0,1](AlbCreatRat_mggNew >= 20.000 & AutonomicNeuroCl <= 7.600)
",0.000,0.000,0.000,0.000,1.000,0,0,0,1,1,0,0,1,0.0,0,0,0.0,0.0,1.0
"F[1,1]((Pt_SHFlg <= 0.000 | LDL >= 1.347) | BGTestAvgNumPtRep <= 1.347)
",0.000,0.000,0.000,0.000,1.000,0,0,0,1,1,0,0,1,0.0,0,0,0.0,0.0,1.0
"F[0,1]((SMBGperDayPtMeterCombo <= 85.000 | UnitsInsBasalOrLongAct >= 4.200) & AutonomicNeuroCl <= 4.200)
",0.000,0.000,0.000,0.000,1.000,0,0,0,1,1,0,0,1,0.0,0,0,0.0,0.0,1.0
"F[1,2](((bmi <= 0.000 -> UnitsInsBasalOrLongAct <= 4.200) & BGTestAvgNumPtRep >= 4.200) -> HbA1cImputeDtMnC >= 4.200)
",0.000,0.000,0.000,0.000,1.000,0,0,0,1,1,0,0,1,0.0,0,0,0.0,0.0,1.0
"F[0,1]((bmiPerc <= 29.127 | diagAgeCombo <= 0.000) -> HbA1cImputeDtMnC >= 0.000)
",0.000,0.000,0.000,0.000,1.000,0,0,0,1,1,0,0,1,0.0,0,0,0.0,0.0,1.0
"F[0,2]((Triglyc <= 201.000 & HDL <= 142.000) & DirectLDL >= 142.000)
",0.000,0.000,0.000,0.000,1.000,0,0,0,1,1,0,0,1,0.0,0,0,0.0,0.0,1.0
"((diabDur <= 28.000) U[1,2] (Pt_InsGov >= 0.000))
",0.000,0.000,0.000,0.000,1.000,0,0,0,1,1,0,0,1,0.0,0,0,0.0,0.0,1.0
"F[1,2]((AlbCreatRat_mggNew >= 20.000 & Pt_DKAFlg <= 0.000) | Pt_InsGov >= 0.000)
",0.000,0.000,0.000,0.000,1.000,0,0,0,1,1,0,0,1,0.0,0,0,0.0,0.0,1.0
"((AutonomicNeuroCl >= 7.600) U[0,2] (Pt_A1cGoalLev >= 9.000))
",0.000,0.000,0.000,0.000,1.000,0,0,0,1,1,0,0,1,0.0,0,0,0.0,0.0,1.0
"F[0,2](Pt_CGMUseNumDays >= 3972.000 | GFR <= 0.498)
",0.000,0.000,0.000,0.000,1.000,0,0,0,1,1,0,0,1,0.0,0,0,0.0,0.0,1.0
"F[1,2](WeightKg >= 2.000 | diabDur <= 28.000)
",0.000,0.000,0.000,0.000,1.000,0,0,0,1,1,0,0,1,0.0,0,0,0.0,0.0,1.0
"F[1,1](((TotalDailyInsPerKg <= 19.000 & SMBGperDayPtMeterCombo >= 85.000) | AutonomicNeuroCl <= 85.000) & AlbCreatRat_mggNew <= 85.000)
",0.000,0.000,0.000,0.000,1.000,0,0,0,1,1,0,0,1,0.0,0,0,0.0,0.0,1.0
"F[0,2](diabDur >= 28.000 & GFR <= 0.498)
",0.000,0.000,0.000,0.000,1.000,0,0,0,1,1,0,0,1,0.0,0,0,0.0,0.0,1.0
"F[1,1](((GFR >= 0.498 -> diabDur <= 28.000) -> WeightKg <= 28.000) -> TSH >= 28.000)
",0.000,0.000,0.000,0.000,1.000,0,0,0,1,1,0,0,1,0.0,0,0,0.0,0.0,1.0
"F[0,1]((BldPrSys >= 1.000 & HDL >= 142.000) & Pt_A1cGoalLev <= 142.000)
",0.000,0.000,0.000,0.000,1.000,0,0,0,1,1,0,0,1,0.0,0,0,0.0,0.0,1.0
"F[1,1](Pt_DKAFlg >= 0.000 -> TotChol >= 41.000)
",0.000,0.000,0.000,0.000,1.000,0,0,0,1,1,0,0,1,0.0,0,0,0.0,0.0,1.0
"F[1,2](TotalDailyInsPerKg >= 19.000 | TSH <= 2.000)
",0.000,0.000,0.000,0.000,1.000,0,0,0,1,1,0,0,1,0.0,0,0,0.0,0.0,1.0
"((TotalDailyInsPerKg >= 19.000) U[0,2] (diabDur >= 28.000))
",0.000,0.000,0.000,0.000,1.000,0,0,0,1,1,0,0,1,0.0,0,0,0.0,0.0,1.0
"F[2,2]((AutonomicNeuroCl <= 7.600 | BldPrSys >= 1.000) | SMBGperDayPtMeterCombo >= 1.000)
",0.000,0.000,0.000,0.000,1.000,0,0,0,1,1,0,0,1,0.0,0,0,0.0,0.0,1.0
"F[0,0]((GFR <= 0.498 & TotalDailyInsPerKg <= 19.000) | HeightCm >= 19.000)
",0.000,0.000,0.000,0.000,1.000,0,0,0,1,1,0,0,1,0.0,0,0,0.0,0.0,1.0
"F[1,2](((age <= 0.000 | Pt_DKAFlg >= 0.000) & Pt_DKAFlg <= 0.000) | bmiZscore >= 0.000)
",0.000,0.000,0.000,0.000,1.000,0,0,0,1,1,0,0,1,0.0,0,0,0.0,0.0,1.0
"F[1,2]((bmiPerc <= 29.127 | Pt_FatherT1D >= 0.000) | bmiZscore <= 0.000)
",0.000,0.000,0.000,0.000,1.000,0,0,0,1,1,0,0,1,0.0,0,0,0.0,0.0,1.0
"((BldPrSys <= 1.000) U[0,0] (LDL >= 1.347))
",0.000,0.000,0.000,0.000,1.000,0,0,0,1,1,0,0,1,0.0,0,0,0.0,0.0,1.0
"F[2,2]((bmiZscore >= 0.000 & WeightKg >= 2.000) & Pt_A1cGoalLev >= 2.000)
",0.000,0.000,0.000,0.000,1.000,0,0,0,1,1,0,0,1,0.0,0,0,0.0,0.0,1.0
"F[1,2]((BldPrSys >= 1.000 | Pt_InsGov >= 0.000) -> Pt_CGMUseNumDays <= 0.000)
",0.000,0.000,0.000,0.000,1.000,0,0,0,1,1,0,0,1,0.0,0,0,0.0,0.0,1.0
"F[0,2]((TotalDailyInsPerKg <= 19.000 & BldPrDia <= 137.000) -> Pt_A1cGoalLevelDsYr5 <= 137.000)
",0.000,0.000,0.000,0.000,1.000,0,0,0,1,1,0,0,1,0.0,0,0,0.0,0.0,1.0
"F[0,0](Pt_FatherT1D >= 0.000 | WeightKg >= 2.000)
",0.000,0.000,0.000,0.000,1.000,0,0,0,1,1,0,0,1,0.0,0,0,0.0,0.0,1.0
"F[1,2]((HDL >= 142.000 | LDL >= 1.347) | AutonomicNeuroCl >= 1.347)
",0.000,0.000,0.000,0.000,1.000,0,0,0,1,1,0,0,1,0.0,0,0,0.0,0.0,1.0
"F[0,1](AlbCreatRat_mggNew <= 20.000 -> Pt_DKAFlg >= 0.000)
",0.000,0.000,0.000,0.000,1.000,0,0,0,1,1,0,0,1,0.0,0,0,0.0,0.0,1.0
"F[0,1](((bmiPerc >= 29.127 & Pt_InsGov <= 0.000) -> NumPumpBolusOrShortAct <= 0.000) & LDL >= 0.000)
",0.000,0.000,0.000,0.000,1.000,0,0,0,1,1,0,0,1,0.0,0,0,0.0,0.0,1.0
"F[0,1](((TSH >= 2.000 -> BUN <= 89.000) & Pt_ChildT1D <= 89.000) | WeightKg >= 89.000)
",0.000,0.000,0.000,0.000,1.000,0,0,0,1,1,0,0,1,0.0,0,0,0.0,0.0,1.0
"((Pt_A1cGoalLev >= 9.000) U[0,2] (Pt_InsGov >= 0.000))
",0.000,0.000,0.000,0.000,1.000,0,0,0,1,1,0,0,1,0.0,0,0,0.0,0.0,1.0
"F[2,2](((AlbCreatRat_mggNew >= 20.000 & Pt_FatherT1D <= 0.000) & bmiPerc <= 0.000) | HeightCm <= 0.000)
",0.000,0.000,0.000,0.000,1.000,0,0,0,1,1,0,0,1,0.0,0,0,0.0,0.0,1.0
"((Pt_DKAFlg >= 0.000) U[1,1] (GFR <= 0.498))
",0.000,0.000,0.000,0.000,1.000,0,0,0,1,1,0,0,1,0.0,0,0,0.0,0.0,1.0
"F[1,1]((SMBGperDayPtMeterCombo >= 85.000 -> WeightKg >= 2.000) -> Pt_A1cGoalLevelDsYr5 <= 2.000)
",0.000,0.000,0.000,0.000,1.000,0,0,0,1,1,0,0,1,0.0,0,0,0.0,0.0,1.0
"F[0,1](((bmiPerc <= 29.127 & TotalDailyInsPerKg >= 19.000) -> TotalDailyInsPerKg >= 19.000) & Triglyc >= 19.000)
",0.000,0.000,0.000,0.000,1.000,0,0,0,1,1,0,0,1,0.0,0,0,0.0,0.0,1.0
"F[0,2]((bmiPerc <= 29.127 & HDL <= 142.000) | Pt_A1cGoalLev <= 142.000)
",0.000,0.000,0.000,0.000,1.000,0,0,0,1,1,0,0,1,0.0,0,0,0.0,0.0,1.0
"F[0,1](((BldPrSys >= 1.000 -> bmiZscore <= 0.000) | WeightKg <= 0.000) -> WeightKg <= 0.000)
",0.000,0.000,0.000,0.000,1.000,0,0,0,1,1,0,0,1,0.0,0,0,0.0,0.0,1.0
"F[1,2]((bmiZscore >= 0.000 & WeightKg <= 2.000) & bmi <= 2.000)
",0.000,0.000,0.000,0.000,1.000,0,0,0,1,1,0,0,1,0.0,0,0,0.0,0.0,1.0
"F[0,1]((Triglyc >= 201.000 | Pt_CGMUseNumDays >= 3972.000) & Pt_MotherT1D >= 3972.000)
",0.000,0.000,0.000,0.000,1.000,0,0,0,1,1,0,0,1,0.0,0,0,0.0,0.0,1.0
"F[0,2](NumPumpBolusOrShortAct >= 0.000 & Pt_CGMUseNumDays >= 3972.000)
",0.000,0.000,0.000,0.000,1.000,0,0,0,1,1,0,0,1,0.0,0,0,0.0,0.0,1.0
"F[1,2](HbA1c >= 0.000 -> Pt_A1cGoalLevelDsYr5 = 0.000)
",0.000,0.000,0.000,0.000,1.000,0,0,0,1,1,0,0,1,0.0,0,0,0.0,0.0,1.0
"((TotalDailyInsPerKg <= 19.000) U[1,1] (HeightCm <= 92.079))
",0.000,0.000,0.000,0.000,1.000,0,0,0,1,1,0,0,1,0.0,0,0,0.0,0.0,1.0
"F[1,2](BGTestAvgNumPtRep >= 0.000 -> Pt_MotherT1D >= 0.000)
",0.000,0.000,0.000,0.000,1.000,0,0,0,1,1,0,0,1,0.0,0,0,0.0,0.0,1.0
"F[0,0]((AlbCreatRat_mggNew <= 20.000 & bmi >= 0.000) -> Pt_MotherT1D >= 0.000)
",0.000,0.000,0.000,0.000,1.000,0,0,0,1,1,0,0,1,0.0,0,0,0.0,0.0,1.0
"F[0,0](SMBGperDayPtMeterCombo >= 85.000 | Pt_SiblingT1D >= 0.000)
",0.000,0.000,0.000,0.000,1.000,0,0,0,1,1,0,0,1,0.0,0,0,0.0,0.0,1.0
"F[0,2](((age <= 0.000 -> SMBGperDayPtMeterCombo >= 85.000) -> Pt_DKAFlg <= 85.000) -> Pt_MotherT1D <= 85.000)
",0.000,0.000,0.000,0.000,1.000,0,0,0,1,1,0,0,1,0.0,0,0,0.0,0.0,1.0
"F[0,2](HbA1c <= 0.000 & WeightKg <= 2.000)
",0.000,0.000,0.000,0.000,1.000,0,0,0,1,1,0,0,1,0.0,0,0,0.0,0.0,1.0
"((UnitsInsBasalOrLongAct <= 4.200) U[1,2] (HbA1c <= 0.000))
",0.000,0.000,0.000,0.000,1.000,0,0,0,1,1,0,0,1,0.0,0,0,0.0,0.0,1.0
"F[2,2]((AutonomicNeuroCl <= 7.600 | GFR >= 0.498) -> AutonomicNeuroCl >= 0.498)
",0.000,0.000,0.000,0.000,1.000,0,0,0,1,1,0,0,1,0.0,0,0,0.0,0.0,1.0
"F[0,2](((Pt_SiblingT1D <= 0.000 -> BUN >= 89.000) & LDL >= 89.000) & diabDur >= 89.000)
",0.000,0.000,0.000,0.000,1.000,0,0,0,1,1,0,0,1,0.0,0,0,0.0,0.0,1.0
"F[0,2](DirectLDL <= 177.800 | TotChol >= 41.000)
",0.000,0.000,0.000,0.000,1.000,0,0,0,1,1,0,0,1,0.0,0,0,0.0,0.0,1.0
"F[0,0]((Pt_FatherT1D >= 0.000 | BGTestAvgNumMeter <= 0.000) | bmiZscore <= 0.000)
",0.000,0.000,0.000,0.000,1.000,0,0,0,1,1,0,0,1,0.0,0,0,0.0,0.0,1.0
"F[1,1](UnitsInsBasalOrLongAct <= 4.200 & bmi <= 0.000)
",0.000,0.000,0.000,0.000,1.000,0,0,0,1,1,0,0,1,0.0,0,0,0.0,0.0,1.0
"F[0,1](((AutonomicNeuroCl <= 7.600 & BUN <= 89.000) -> Triglyc >= 89.000) & BldPrSys >= 89.000)
",0.000,0.000,0.000,0.000,1.000,0,0,0,1,1,0,0,1,0.0,0,0,0.0,0.0,1.0
"F[0,2](Pt_InsGov >= 0.000 | BGTestAvgNumMeter <= 0.000)
",0.000,0.000,0.000,0.000,1.000,0,0,0,1,1,0,0,1,0.0,0,0,0.0,0.0,1.0
"F[0,2](((Pt_GrandchildT1D <= 0.000 | UnitsInsBasalOrLongAct <= 4.200) | Triglyc >= 4.200) | Pt_CGMUseNumDays <= 4.200)
",0.000,0.000,0.000,0.000,1.000,0,0,0,1,1,0,0,1,0.0,0,0,0.0,0.0,1.0
"((age <= 0.000) U[1,2] (bmiZscore <= 0.000))
",0.000,0.000,0.000,0.000,1.000,0,0,0,1,1,0,0,1,0.0,0,0,0.0,0.0,1.0
"((Pt_InsGov >= 0.000) U[2,2] (bmi >= 0.000))
",0.000,0.000,0.000,0.000,1.000,0,0,0,1,1,0,0,1,0.0,0,0,0.0,0.0,1.0
"F[1,2](((BGTestAvgNumMeter >= 0.000 | age <= 0.000) & AlbCreatRat_mggNew >= 0.000) & bmiPerc >= 0.000)
",0.000,0.000,0.000,0.000,1.000,0,0,0,1,1,0,0,1,0.0,0,0,0.0,0.0,1.0
"F[1,2](DirectLDL <= 177.800 | AlbCreatRat_mggNew <= 20.000)
",0.000,0.000,0.000,0.000,1.000,0,0,0,1,1,0,0,1,0.0,0,0,0.0,0.0,1.0
"F[0,0](((BldPrDia >= 137.000 -> GFR >= 0.498) | age <= 0.498) | Pt_DKAFlg <= 0.498)
",0.000,0.000,0.000,0.000,1.000,0,0,0,1,1,0,0,1,0.0,0,0,0.0,0.0,1.0
"((GFR <= 0.498) U[0,2] (SMBGperDayPtMeterCombo >= 85.000))
",0.000,0.000,0.000,0.000,1.000,0,0,0,1,1,0,0,1,0.0,0,0,0.0,0.0,1.0
"F[1,2](((Pt_DKAFlg >= 0.000 -> Pt_ChildT1D >= 0.000) & Pt_FatherT1D <= 0.000) & GFR <= 0.000)
",0.000,0.000,0.000,0.000,1.000,0,0,0,1,1,0,0,1,0.0,0,0,0.0,0.0,1.0
"F[1,1]((Pt_DKAFlg >= 0.000 | Pt_CGMUseNumDays <= 3972.000) -> Pt_DKAFlg >= 3972.000)
",0.000,0.000,0.000,0.000,1.000,0,0,0,1,1,0,0,1,0.0,0,0,0.0,0.0,1.0
"F[0,1](SMBGperDayPtMeterCombo <= 85.000 | TSH <= 2.000)
",0.000,0.000,0.000,0.000,1.000,0,0,0,1,1,0,0,1,0.0,0,0,0.0,0.0,1.0
"F[2,2](BGTestAvgNumPtRep <= 0.000 -> Pt_FatherT1D <= 0.000)
",0.000,0.000,0.000,0.000,1.000,0,0,0,1,1,0,0,1,0.0,0,0,0.0,0.0,1.0
"F[0,1](bmi >= 0.000 -> TSH <= 2.000)
",0.000,0.000,0.000,0.000,1.000,0,0,0,1,1,0,0,1,0.0,0,0,0.0,0.0,1.0
"F[0,2](((Pt_InsGov >= 0.000 & Pt_CGMUseNumDays >= 3972.000) & bmiZscore >= 3972.000) | HbA1c >= 3972.000)
",0.000,0.000,0.000,0.000,1.000,0,0,0,1,1,0,0,1,0.0,0,0,0.0,0.0,1.0
"F[2,2](((diabDur >= 28.000 & bmiPerc <= 29.127) -> HbA1cImputeDtMnC <= 29.127) & UnitsInsBasalOrLongAct >= 29.127)
",0.000,0.000,0.000,0.000,1.000,0,0,0,1,1,0,0,1,0.0,0,0,0.0,0.0,1.0
"F[2,2](TSH <= 2.000 & BGTestAvgNumMeter >= 0.000)
",0.000,0.000,0.000,0.000,1.000,0,0,0,1,1,0,0,1,0.0,0,0,0.0,0.0,1.0
"F[0,2](Pt_A1cGoalLev <= 9.000 & TotalDailyInsPerKg <= 19.000)
",0.000,0.000,0.000,0.000,1.000,0,0,0,1,1,0,0,1,0.0,0,0,0.0,0.0,1.0
"F[0,1]((Pt_CGMUseNumDays >= 3972.000 -> BUN <= 89.000) | Triglyc <= 89.000)
",0.000,0.000,0.000,0.000,1.000,0,0,0,1,1,0,0,1,0.0,0,0,0.0,0.0,1.0
"F[1,2](AutonomicNeuroCl >= 7.600 -> BGTestAvgNumPtRep <= 0.000)
",0.000,0.000,0.000,0.000,1.000,0,0,0,1,1,0,0,1,0.0,0,0,0.0,0.0,1.0
"F[1,2](DirectLDL >= 177.800 -> diagAgeCombo <= 0.000)
",0.000,0.000,0.000,0.000,1.000,0,0,0,1,1,0,0,1,0.0,0,0,0.0,0.0,1.0
"F[1,2](((LDL >= 1.347 & HDL >= 142.000) & AlbCreatRat_mggNew >= 142.000) | diagAgeCombo <= 142.000)
",0.000,0.000,0.000,0.000,1.000,0,0,0,1,1,0,0,1,0.0,0,0,0.0,0.0,1.0
"F[0,1](((Pt_CGMUseNumDays <= 3972.000 -> Pt_MotherT1D <= 0.000) | HeightCm >= 0.000) -> Pt_CGMUseNumDays >= 0.000)
",0.000,0.000,0.000,0.000,1.000,0,0,0,1,1,0,0,1,0.0,0,0,0.0,0.0,1.0
"F[1,2](((Triglyc <= 201.000 & AlbCreatRat_mggNew <= 20.000) & age <= 20.000) | BUN <= 20.000)
",0.000,0.000,0.000,0.000,1.000,0,0,0,1,1,0,0,1,0.0,0,0,0.0,0.0,1.0
"((TotalDailyInsPerKg >= 19.000) U[0,2] (BGTestAvgNumMeter <= 0.000))
",0.000,0.000,0.000,0.000,1.000,0,0,0,1,1,0,0,1,0.0,0,0,0.0,0.0,1.0
"((SMBGperDayPtMeterCombo >= 85.000) U[1,2] (age >= 0.000))
",0.000,0.000,0.000,0.000,1.000,0,0,0,1,1,0,0,1,0.0,0,0,0.0,0.0,1.0
"F[1,1](Pt_SHFlg <= 0.000 -> diagAgeCombo >= 0.000)
",0.000,0.000,0.000,0.000,1.000,0,0,0,1,1,0,0,1,0.0,0,0,0.0,0.0,1.0
"F[2,2]((diagAgeCombo <= 0.000 -> UnitsInsBasalOrLongAct <= 4.200) | bmiZscore >= 4.200)
",0.000,0.000,0.000,0.000,1.000,0,0,0,1,1,0,0,1,0.0,0,0,0.0,0.0,1.0
"F[0,1](((Triglyc <= 201.000 & DirectLDL >= 177.800) | BGTestAvgNumPtRep >= 177.800) & WeightKg <= 177.800)
",0.000,0.000,0.000,0.000,1.000,0,0,0,1,1,0,0,1,0.0,0,0,0.0,0.0,1.0
"F[0,2]((UnitsInsBasalOrLongAct <= 4.200 | Pt_SHFlg >= 0.000) | bmi <= 0.000)
",0.000,0.000,0.000,0.000,1.000,0,0,0,1,1,0,0,1,0.0,0,0,0.0,0.0,1.0
"F[0,0](((diagAgeCombo <= 0.000 | HDL <= 142.000) -> BGTestAvgNumMeter <= 142.000) & Pt_ChildT1D <= 142.000)
",0.000,0.000,0.000,0.000,1.000,0,0,0,1,1,0,0,1,0.0,0,0,0.0,0.0,1.0
"F[0,0]((Pt_GrandparentT1D >= 0.000 & BGTestAvgNumPtRep <= 0.000) -> Pt_SiblingT1D <= 0.000)
",0.000,0.000,0.000,0.000,1.000,0,0,0,1,1,0,0,1,0.0,0,0,0.0,0.0,1.0
"F[0,1](((HbA1cImputeDtMnC <= 4.000 & bmiPerc <= 29.127) | TotChol >= 29.127) | Pt_CGMUseNumDays >= 29.127)
",0.000,0.000,0.000,0.000,1.000,0,0,0,1,1,0,0,1,0.0,0,0,0.0,0.0,1.0
"((AutonomicNeuroCl >= 7.600) U[0,0] (Pt_CGMUseNumDays <= 3972.000))
",0.000,0.000,0.000,0.000,1.000,0,0,0,1,1,0,0,1,0.0,0,0,0.0,0.0,1.0
"F[1,1](((TSH <= 2.000 | LDL <= 1.347) | AutonomicNeuroCl <= 1.347) | SMBGperDayPtMeterCombo <= 1.347)
",0.000,0.000,0.000,0.000,1.000,0,0,0,1,1,0,0,1,0.0,0,0,0.0,0.0,1.0
"F[2,2](((LDL <= 1.347 & Pt_MotherT1D <= 0.000) & HbA1c <= 0.000) -> Pt_CGMUseNumDays >= 0.000)
",0.000,0.000,0.000,0.000,1.000,0,0,0,1,1,0,0,1,0.0,0,0,0.0,0.0,1.0
"F[1,2]((Pt_DKAFlg >= 0.000 & GFR <= 0.498) & bmiZscore >= 0.498)
",0.000,0.000,0.000,0.000,1.000,0,0,0,1,1,0,0,1,0.0,0,0,0.0,0.0,1.0
"((Pt_DKAFlg <= 0.000) U[0,1] (TSH >= 2.000))
",0.000,0.000,0.000,0.000,1.000,0,0,0,1,1,0,0,1,0.0,0,0,0.0,0.0,1.0
"F[0,1](Pt_SHFlg >= 0.000 & Pt_SiblingT1D >= 0.000)
",0.000,0.000,0.000,0.000,1.000,0,0,0,1,1,0,0,1,0.0,0,0,0.0,0.0,1.0
"F[0,2](((Pt_InsGov <= 0.000 | HbA1cImputeDtMnC <= 4.000) -> WeightKg <= 4.000) -> BUN <= 4.000)
",0.000,0.000,0.000,0.000,1.000,0,0,0,1,1,0,0,1,0.0,0,0,0.0,0.0,1.0
"F[2,2](LDL <= 1.347 & BGTestAvgNumPtRep <= 0.000)
",0.000,0.000,0.000,0.000,1.000,0,0,0,1,1,0,0,1,0.0,0,0,0.0,0.0,1.0
"((Pt_GrandchildT1D >= 0.000) U[0,2] (Pt_ChildT1D >= 0.000))
",0.000,0.000,0.000,0.000,1.000,0,0,0,1,1,0,0,1,0.0,0,0,0.0,0.0,1.0
"F[2,2]((GFR >= 0.498 & Pt_CGMUseNumDays >= 3972.000) & BUN <= 3972.000)
",0.000,0.000,0.000,0.000,1.000,0,0,0,1,1,0,0,1,0.0,0,0,0.0,0.0,1.0
"F[0,2](BldPrDia >= 137.000 & BldPrSys <= 1.000)
",0.000,0.000,0.000,0.000,1.000,0,0,0,1,1,0,0,1,0.0,0,0,0.0,0.0,1.0
"F[2,2]((bmi <= 0.000 & SMBGperDayPtMeterCombo >= 85.000) & BldPrDia >= 85.000)
",0.000,0.000,0.000,0.000,1.000,0,0,0,1,1,0,0,1,0.0,0,0,0.0,0.0,1.0
"F[1,2]((Pt_A1cGoalLevelDsYr5 >= 0.000 & BGTestAvgNumPtRep <= 0.000) & BGTestAvgNumPtRep >= 0.000)
",0.000,0.000,0.000,0.000,1.000,0,0,0,1,1,0,0,1,0.0,0,0,0.0,0.0,1.0
"F[0,1]((Pt_MotherT1D <= 0.000 & TotalDailyInsPerKg >= 19.000) & age >= 19.000)
",0.000,0.000,0.000,0.000,1.000,0,0,0,1,1,0,0,1,0.0,0,0,0.0,0.0,1.0
"F[0,2]((Pt_MotherT1D <= 0.000 & age <= 0.000) -> BGTestAvgNumMeter >= 0.000)
",0.000,0.000,0.000,0.000,1.000,0,0,0,1,1,0,0,1,0.0,0,0,0.0,0.0,1.0
"F[0,0](((HbA1c <= 0.000 -> Triglyc <= 201.000) -> Pt_FatherT1D >= 201.000) -> HeightCm >= 201.000)
",0.000,0.000,0.000,0.000,1.000,0,0,0,1,1,0,0,1,0.0,0,0,0.0,0.0,1.0
"((BldPrDia >= 137.000) U[0,2] (Pt_SiblingT1D <= 0.000))
",0.000,0.000,0.000,0.000,1.000,0,0,0,1,1,0,0,1,0.0,0,0,0.0,0.0,1.0
"F[1,2](((Pt_GrandchildT1D <= 0.000 | Triglyc <= 201.000) | BldPrSys >= 201.000) & Pt_ChildT1D <= 201.000)
",0.000,0.000,0.000,0.000,1.000,0,0,0,1,1,0,0,1,0.0,0,0,0.0,0.0,1.0
"F[1,2](((UnitsInsBasalOrLongAct >= 4.200 -> BGTestAvgNumPtRep <= 0.000) & SMBGperDayPtMeterCombo <= 0.000) & BGTestAvgNumMeter <= 0.000)
",0.000,0.000,0.000,0.000,1.000,0,0,0,1,1,0,0,1,0.0,0,0,0.0,0.0,1.0
"((Pt_SHFlg <= 0.000) U[1,2] (BUN <= 89.000))
",0.000,0.000,0.000,0.000,1.000,0,0,0,1,1,0,0,1,0.0,0,0,0.0,0.0,1.0
"F[0,1](TotalDailyInsPerKg >= 19.000 -> AutonomicNeuroCl <= 7.600)
",0.000,0.000,0.000,0.000,1.000,0,0,0,1,1,0,0,1,0.0,0,0,0.0,0.0,1.0
"F[1,2]((bmiZscore >= 0.000 -> TotalDailyInsPerKg >= 19.000) | Pt_A1cGoalLev >= 19.000)
",0.000,0.000,0.000,0.000,1.000,0,0,0,1,1,0,0,1,0.0,0,0,0.0,0.0,1.0
"F[0,2]((Pt_CGMUseNumDays >= 3972.000 | Pt_CGMUseNumDays >= 3972.000) & BGTestAvgNumPtRep <= 3972.000)
",0.000,0.000,0.000,0.000,1.000,0,0,0,1,1,0,0,1,0.0,0,0,0.0,0.0,1.0
"((Pt_A1cGoalLev >= 9.000) U[0,1] (Pt_DKAFlg >= 0.000))
",0.000,0.000,0.000,0.000,1.000,0,0,0,1,1,0,0,1,0.0,0,0,0.0,0.0,1.0
"F[0,0](((TotChol >= 41.000 -> BldPrDia >= 137.000) & Pt_CGMUseNumDays <= 137.000) -> GFR >= 137.000)
",0.000,0.000,0.000,0.000,1.000,0,0,0,1,1,0,0,1,0.0,0,0,0.0,0.0,1.0
"((Pt_A1cGoalLevelDsYr5 >= 0.000) U[1,2] (Pt_SiblingT1D >= 0.000))
",0.000,0.000,0.000,0.000,1.000,0,0,0,1,1,0,0,1,0.0,0,0,0.0,0.0,1.0
"F[2,2](((TSH >= 2.000 | WeightKg >= 2.000) & bmiZscore >= 2.000) | AutonomicNeuroCl >= 2.000)
",0.000,0.000,0.000,0.000,1.000,0,0,0,1,1,0,0,1,0.0,0,0,0.0,0.0,1.0
"F[0,2](((Pt_A1cGoalLevelDsYr5 <= 0.000 & BldPrSys <= 1.000) | Pt_DKAFlg >= 1.000) -> HeightCm >= 1.000)
",0.000,0.000,0.000,0.000,1.000,0,0,0,1,1,0,0,1,0.0,0,0,0.0,0.0,1.0
"((WeightKg >= 2.000) U[0,0] (AutonomicNeuroCl <= 7.600))
",0.000,0.000,0.000,0.000,1.000,0,0,0,1,1,0,0,1,0.0,0,0,0.0,0.0,1.0
"F[0,0]((BldPrDia <= 137.000 | UnitsInsBasalOrLongAct <= 4.200) & bmiPerc <= 4.200)
",0.000,0.000,0.000,0.000,1.000,0,0,0,1,1,0,0,1,0.0,0,0,0.0,0.0,1.0
"F[0,2](Pt_GrandparentT1D <= 0.000 -> BUN >= 89.000)
",0.000,0.000,0.000,0.000,1.000,0,0,0,1,1,0,0,1,0.0,0,0,0.0,0.0,1.0
"F[1,2]((LDL <= 1.347 -> Pt_FatherT1D >= 0.000) & diabDur >= 0.000)
",0.000,0.000,0.000,0.000,1.000,0,0,0,1,1,0,0,1,0.0,0,0,0.0,0.0,1.0
"((BldPrDia <= 137.000) U[1,2] (AutonomicNeuroCl >= 7.600))
",0.000,0.000,0.000,0.000,1.000,0,0,0,1,1,0,0,1,0.0,0,0,0.0,0.0,1.0
"F[1,1](BUN >= 89.000 & diagAgeCombo >= 0.000)
",0.000,0.000,0.000,0.000,1.000,0,0,0,1,1,0,0,1,0.0,0,0,0.0,0.0,1.0
"((TotalDailyInsPerKg <= 19.000) U[1,1] (BGTestAvgNumPtRep <= 0.000))
",0.000,0.000,0.000,0.000,1.000,0,0,0,1,1,0,0,1,0.0,0,0,0.0,0.0,1.0
"F[1,2](SMBGperDayPtMeterCombo >= 85.000 & Pt_SHFlg = 0.000)
",0.000,0.000,0.000,0.000,1.000,0,0,0,1,1,0,0,1,0.0,0,0,0.0,0.0,1.0
"((Pt_CGMUseNumDays <= 3972.000) U[0,2] (BldPrSys >= 1.000))
",0.000,0.000,0.000,0.000,1.000,0,0,0,1,1,0,0,1,0.0,0,0,0.0,0.0,1.0
"F[0,1]((Pt_GrandchildT1D >= 0.000 -> age <= 0.000) | Pt_ChildT1D <= 0.000)
",0.000,0.000,0.000,0.000,1.000,0,0,0,1,1,0,0,1,0.0,0,0,0.0,0.0,1.0
"F[1,2](((TotChol >= 41.000 & bmiPerc <= 29.127) -> HDL >= 29.127) -> Pt_ChildT1D >= 29.127)
",0.000,0.000,0.000,0.000,1.000,0,0,0,1,1,0,0,1,0.0,0,0,0.0,0.0,1.0
"F[0,0](((UnitsInsBasalOrLongAct >= 4.200 -> Pt_A1cGoalLev >= 9.000) & Pt_GrandparentT1D >= 9.000) | AutonomicNeuroCl <= 9.000)
",0.000,0.000,0.000,0.000,1.000,0,0,0,1,1,0,0,1,0.0,0,0,0.0,0.0,1.0
"F[0,2](((SMBGperDayPtMeterCombo >= 85.000 & AlbCreatRat_mggNew >= 20.000) & TSH >= 20.000) | Pt_GrandparentT1D >= 20.000)
",0.000,0.000,0.000,0.000,1.000,0,0,0,1,1,0,0,1,0.0,0,0,0.0,0.0,1.0
"F[0,0]((HDL <= 142.000 | NumPumpBolusOrShortAct <= 0.000) & UnitsInsBasalOrLongAct <= 0.000)
",0.000,0.000,0.000,0.000,1.000,0,0,0,1,1,0,0,1,0.0,0,0,0.0,0.0,1.0
"F[2,2]((Pt_CGMUseNumDays <= 3972.000 & bmiZscore >= 0.000) | GFR >= 0.000)
",0.000,0.000,0.000,0.000,1.000,0,0,0,1,1,0,0,1,0.0,0,0,0.0,0.0,1.0
"((DirectLDL > 177.800) U[1,2] (Pt_SHFlg = 0.000))
",0.000,0.000,0.000,0.000,1.000,0,0,0,1,1,0,0,1,0.0,0,0,0.0,0.0,1.0
"F[0,2](((bmiPerc >= 29.127 & Pt_FatherT1D >= 0.000) | AutonomicNeuroCl >= 0.000) | BUN >= 0.000)
",0.000,0.000,0.000,0.000,1.000,0,0,0,1,1,0,0,1,0.0,0,0,0.0,0.0,1.0
"((Pt_A1cGoalLev > 9.000) U[0,0] (Pt_SHFlg = 0.000))
",0.000,0.000,0.000,0.000,1.000,0,0,0,1,1,0,0,1,0.0,0,0,0.0,0.0,1.0
"((Pt_DKAFlg <= 0.000) U[0,1] (Pt_SHFlg = 0.000))
",0.000,0.000,0.000,0.000,1.000,0,0,0,1,1,0,0,1,0.0,0,0,0.0,0.0,1.0
"((TotChol <= 41.000) U[1,2] (Pt_SHFlg = 0.000))
",0.000,0.000,0.000,0.000,1.000,0,0,0,1,1,0,0,1,0.0,0,0,0.0,0.0,1.0
"((BldPrDia > 137.000) U[1,2] (Pt_SHFlg = 0.000))
",0.000,0.000,0.000,0.000,1.000,0,0,0,1,1,0,0,1,0.0,0,0,0.0,0.0,1.0
"((HeightCm >= 92.079) U[1,2] (Pt_SHFlg = 0.000))
",0.000,0.000,0.000,0.000,1.000,0,0,0,1,1,0,0,1,0.0,0,0,0.0,0.0,1.0
"((bmi < 0.000) U[1,2] (Pt_SHFlg = 0.000))
",0.000,0.000,0.000,0.000,1.000,0,0,0,1,1,0,0,1,0.0,0,0,0.0,0.0,1.0
"F[0,2](Pt_GrandchildT1D >= 0.000 & Pt_SHFlg = 0.000)
",0.000,0.000,0.000,0.000,1.000,0,0,0,1,1,0,0,1,0.0,0,0,0.0,0.0,1.0
"F[0,1](((bmi <= 0.000 -> TotChol >= 41.000) -> Pt_CGMUseNumDays >= 41.000) & TotChol >= 41.000)
",0.000,0.000,0.000,0.000,1.000,0,0,0,1,1,0,0,1,0.0,0,0,0.0,0.0,1.0
"F[0,1](BGTestAvgNumMeter >= 0.000 -> AlbCreatRat_mggNew >= 20.000)
",0.000,0.000,0.000,0.000,1.000,0,0,0,1,1,0,0,1,0.0,0,0,0.0,0.0,1.0
"((Pt_A1cGoalLev > 9.000) U[0,0] (Pt_SHFlg = 0.000))
",0.000,0.000,0.000,0.000,1.000,0,0,0,1,1,0,0,1,0.0,0,0,0.0,0.0,1.0
"F[0,1](diagAgeCombo >= 0.000 & AlbCreatRat_mggNew <= 20.000)
",0.000,0.000,0.000,0.000,1.000,0,0,0,1,1,0,0,1,0.0,0,0,0.0,0.0,1.0
"((AlbCreatRat_mggNew <= 20.000) U[1,2] (NumPumpBolusOrShortAct <= 0.000))
",0.000,0.000,0.000,0.000,1.000,0,0,0,1,1,0,0,1,0.0,0,0,0.0,0.0,1.0
"F[0,2]((NumPumpBolusOrShortAct >= 0.000 | Pt_CGMUseNumDays <= 3972.000) -> Triglyc >= 3972.000)
",0.000,0.000,0.000,0.000,1.000,0,0,0,1,1,0,0,1,0.0,0,0,0.0,0.0,1.0
"F[1,2]((Pt_A1cGoalLevelDsYr5 >= 0.000 | AutonomicNeuroCl <= 7.600) | SMBGperDayPtMeterCombo <= 7.600)
",0.000,0.000,0.000,0.000,1.000,0,0,0,1,1,0,0,1,0.0,0,0,0.0,0.0,1.0
"((Pt_DKAFlg >= 0.000) U[0,2] (HDL <= 142.000))
",0.000,0.000,0.000,0.000,1.000,0,0,0,1,1,0,0,1,0.0,0,0,0.0,0.0,1.0
"F[0,2](BGTestAvgNumMeter >= 0.000 -> Pt_A1cGoalLevelDsYr5 >= 0.000)
",0.000,0.000,0.000,0.000,1.000,0,0,0,1,1,0,0,1,0.0,0,0,0.0,0.0,1.0
"F[0,1](Pt_A1cGoalLevelDsYr5 <= 0.000 & Pt_SHFlg <= 0.000)
",0.000,0.000,0.000,0.000,1.000,0,0,0,1,1,0,0,1,0.0,0,0,0.0,0.0,1.0
"F[0,1](((AutonomicNeuroCl >= 7.600 | Pt_SHFlg <= 0.000) & age >= 0.000) | WeightKg <= 0.000)
",0.000,0.000,0.000,0.000,1.000,0,0,0,1,1,0,0,1,0.0,0,0,0.0,0.0,1.0
"F[1,1](((Pt_ChildT1D <= 0.000 -> NumPumpBolusOrShortAct >= 0.000) & Pt_GrandchildT1D <= 0.000) -> TotChol <= 0.000)
",0.000,0.000,0.000,0.000,1.000,0,0,0,1,1,0,0,1,0.0,0,0,0.0,0.0,1.0
"F[0,1](((Triglyc >= 201.000 & Pt_SiblingT1D >= 0.000) -> TotalDailyInsPerKg <= 0.000) | bmi >= 0.000)
",0.000,0.000,0.000,0.000,1.000,0,0,0,1,1,0,0,1,0.0,0,0,0.0,0.0,1.0
"F[0,2]((WeightKg >= 2.000 -> HbA1cImputeDtMnC <= 4.000) & UnitsInsBasalOrLongAct >= 4.000)
",0.000,0.000,0.000,0.000,1.000,0,0,0,1,1,0,0,1,0.0,0,0,0.0,0.0,1.0
"F[1,2](((Pt_GrandchildT1D <= 0.000 & TotalDailyInsPerKg <= 19.000) -> Pt_GrandparentT1D <= 19.000) | HeightCm <= 19.000)
",0.000,0.000,0.000,0.000,1.000,0,0,0,1,1,0,0,1,0.0,0,0,0.0,0.0,1.0
"F[1,2]((bmi >= 0.000 -> age >= 0.000) & bmiZscore <= 0.000)
",0.000,0.000,0.000,0.000,1.000,0,0,0,1,1,0,0,1,0.0,0,0,0.0,0.0,1.0
"F[0,2]((BGTestAvgNumPtRep <= 0.000 -> age >= 0.000) & Pt_FatherT1D >= 0.000)
",0.000,0.000,0.000,0.000,1.000,0,0,0,1,1,0,0,1,0.0,0,0,0.0,0.0,1.0
"F[1,2]((Pt_A1cGoalLev <= 9.000 -> UnitsInsBasalOrLongAct <= 4.200) | Triglyc >= 4.200)
",0.000,0.000,0.000,0.000,1.000,0,0,0,1,1,0,0,1,0.0,0,0,0.0,0.0,1.0
"F[0,1]((Pt_MotherT1D <= 0.000 & TotChol >= 41.000) & Pt_MotherT1D >= 41.000)
",0.000,0.000,0.000,0.000,1.000,0,0,0,1,1,0,0,1,0.0,0,0,0.0,0.0,1.0
"F[0,1](((Pt_GrandchildT1D <= 0.000 & UnitsInsBasalOrLongAct >= 4.200) -> diagAgeCombo >= 4.200) & BGTestAvgNumPtRep >= 4.200)
",0.000,0.000,0.000,0.000,1.000,0,0,0,1,1,0,0,1,0.0,0,0,0.0,0.0,1.0
"F[0,2](bmiZscore <= 0.000 -> Pt_SHFlg = 0.000)
",0.000,0.000,0.000,0.000,1.000,0,0,0,1,1,0,0,1,0.0,0,0,0.0,0.0,1.0
"F[1,2](LDL < 1.347 -> Pt_SHFlg = 0.000)
",0.000,0.000,0.000,0.000,1.000,0,0,0,1,1,0,0,1,0.0,0,0,0.0,0.0,1.0
"((age >= 0.000) U[0,2] (WeightKg >= 2.000))
",0.000,0.000,0.000,0.000,1.000,0,0,0,1,1,0,0,1,0.0,0,0,0.0,0.0,1.0
"F[0,1](HbA1c >= 0.000 -> Pt_A1cGoalLevelDsYr5 = 0.000)
",0.000,0.000,0.000,0.000,1.000,0,0,0,1,1,0,0,1,0.0,0,0,0.0,0.0,1.0
"F[1,2](HbA1c >= 0.000 -> Pt_A1cGoalLevelDsYr5 = 0.000)
",0.000,0.000,0.000,0.000,1.000,0,0,0,1,1,0,0,1,0.0,0,0,0.0,0.0,1.0
"((BGTestAvgNumMeter >= 0.000) U[2,2] (BGTestAvgNumPtRep <= 0.000))
",0.000,0.000,0.000,0.000,1.000,0,0,0,1,1,0,0,1,0.0,0,0,0.0,0.0,1.0
"F[0,1](HbA1c >= 0.000 -> Pt_A1cGoalLevelDsYr5 = 0.000)
",0.000,0.000,0.000,0.000,1.000,0,0,0,1,1,0,0,1,0.0,0,0,0.0,0.0,1.0
"((BGTestAvgNumMeter >= 0.000) U[1,1] (BGTestAvgNumPtRep <= 0.000))
",0.000,0.000,0.000,0.000,1.000,0,0,0,1,1,0,0,1,0.0,0,0,0.0,0.0,1.0
"F[0,2](HbA1c >= 0.000 -> Pt_A1cGoalLevelDsYr5 = 0.000)
",0.000,0.000,0.000,0.000,1.000,0,0,0,1,1,0,0,1,0.0,0,0,0.0,0.0,1.0
"((BGTestAvgNumMeter >= 0.000) U[0,2] (BGTestAvgNumPtRep <= 0.000))
",0.000,0.000,0.000,0.000,1.000,0,0,0,1,1,0,0,1,0.0,0,0,0.0,0.0,1.0
"F[1,2](HbA1c >= 0.000 -> Pt_A1cGoalLevelDsYr5 = 0.000)
",0.000,0.000,0.000,0.000,1.000,0,0,0,1,1,0,0,1,0.0,0,0,0.0,0.0,1.0
"((BGTestAvgNumMeter >= 0.000) U[0,2] (BGTestAvgNumPtRep <= 0.000))
",0.000,0.000,0.000,0.000,1.000,0,0,0,1,1,0,0,1,0.0,0,0,0.0,0.0,1.0
"((TotalDailyInsPerKg <= 19.000) U[0,2] (Pt_SHFlg = 0.000))
",0.000,0.000,0.000,0.000,1.000,0,0,0,1,1,0,0,1,0.0,0,0,0.0,0.0,1.0
"F[1,2](HbA1c >= 0.000 -> Pt_A1cGoalLevelDsYr5 = 0.000)
",0.000,0.000,0.000,0.000,1.000,0,0,0,1,1,0,0,1,0.0,0,0,0.0,0.0,1.0
"((BGTestAvgNumMeter >= 0.000) U[0,2] (BGTestAvgNumPtRep <= 0.000))
",0.000,0.000,0.000,0.000,1.000,0,0,0,1,1,0,0,1,0.0,0,0,0.0,0.0,1.0
"F[0,2](HbA1c >= 0.000 -> Pt_A1cGoalLevelDsYr5 = 0.000)
",0.000,0.000,0.000,0.000,1.000,0,0,0,1,1,0,0,1,0.0,0,0,0.0,0.0,1.0
"((BGTestAvgNumMeter >= 0.000) U[2,2] (BGTestAvgNumPtRep <= 0.000))
",0.000,0.000,0.000,0.000,1.000,0,0,0,1,1,0,0,1,0.0,0,0,0.0,0.0,1.0
"F[0,1](HbA1c >= 0.000 -> Pt_A1cGoalLevelDsYr5 = 0.000)
",0.000,0.000,0.000,0.000,1.000,0,0,0,1,1,0,0,1,0.0,0,0,0.0,0.0,1.0
"((BGTestAvgNumMeter >= 0.000) U[1,2] (BGTestAvgNumPtRep <= 0.000))
",0.000,0.000,0.000,0.000,1.000,0,0,0,1,1,0,0,1,0.0,0,0,0.0,0.0,1.0
"F[0,1](HbA1c >= 0.000 -> Pt_A1cGoalLevelDsYr5 = 0.000)
",0.000,0.000,0.000,0.000,1.000,0,0,0,1,1,0,0,1,0.0,0,0,0.0,0.0,1.0
"((BGTestAvgNumMeter >= 0.000) U[0,1] (BGTestAvgNumPtRep <= 0.000))
",0.000,0.000,0.000,0.000,1.000,0,0,0,1,1,0,0,1,0.0,0,0,0.0,0.0,1.0
"((AutonomicNeuroCl <= 7.600) U[0,2] (Pt_SHFlg = 0.000))
",0.000,0.000,0.000,0.000,1.000,0,0,0,1,1,0,0,1,0.0,0,0,0.0,0.0,1.0
"F[0,0](diagAgeCombo < 0.000 -> Pt_SHFlg = 0.000)
",0.000,0.000,0.000,0.000,1.000,0,0,0,1,1,0,0,1,0.0,0,0,0.0,0.0,1.0
"((Pt_A1cGoalLev > 9.000) U[0,2] (Pt_SHFlg = 0.000))
",0.000,0.000,0.000,0.000,1.000,0,0,0,1,1,0,0,1,0.0,0,0,0.0,0.0,1.0
"((TotChol <= 41.000) U[0,2] (Pt_SHFlg = 0.000))
",0.000,0.000,0.000,0.000,1.000,0,0,0,1,1,0,0,1,0.0,0,0,0.0,0.0,1.0
"F[1,2](UnitsInsBasalOrLongAct > 4.200 -> Pt_SHFlg = 0.000)
",0.000,0.000,0.000,0.000,1.000,0,0,0,1,1,0,0,1,0.0,0,0,0.0,0.0,1.0
"F[0,2](NumPumpBolusOrShortAct > 0.000 -> Pt_SHFlg = 0.000)
",0.000,0.000,0.000,0.000,1.000,0,0,0,1,1,0,0,1,0.0,0,0,0.0,0.0,1.0
"((Pt_GrandparentT1D <= 0.000) U[0,1] (Pt_SHFlg = 0.000))
",0.000,0.000,0.000,0.000,1.000,0,0,0,1,1,0,0,1,0.0,0,0,0.0,0.0,1.0
"F[0,1](TotalDailyInsPerKg <= 19.000 -> Pt_SHFlg = 0.000)
",0.000,0.000,0.000,0.000,1.000,0,0,0,1,1,0,0,1,0.0,0,0,0.0,0.0,1.0
"F[0,2](bmiPerc < 29.127 -> Pt_SHFlg = 0.000)
",0.000,0.000,0.000,0.000,1.000,0,0,0,1,1,0,0,1,0.0,0,0,0.0,0.0,1.0
"((BUN < 89.000) U[2,2] (Pt_SHFlg = 0.000))
",0.000,0.000,0.000,0.000,1.000,0,0,0,1,1,0,0,1,0.0,0,0,0.0,0.0,1.0
"F[1,2](bmiPerc >= 29.127 & Pt_SHFlg = 0.000)
",0.000,0.000,0.000,0.000,1.000,0,0,0,1,1,0,0,1,0.0,0,0,0.0,0.0,1.0
"F[1,2](BldPrDia < 137.000 & Pt_SHFlg = 0.000)
",0.000,0.000,0.000,0.000,1.000,0,0,0,1,1,0,0,1,0.0,0,0,0.0,0.0,1.0
"((bmiPerc < 29.127) U[1,2] (Pt_SHFlg = 0.000))
",0.000,0.000,0.000,0.000,1.000,0,0,0,1,1,0,0,1,0.0,0,0,0.0,0.0,1.0
"((BldPrSys < 1.000) U[1,2] (Pt_SHFlg = 0.000))
",0.000,0.000,0.000,0.000,1.000,0,0,0,1,1,0,0,1,0.0,0,0,0.0,0.0,1.0
"((UnitsInsBasalOrLongAct >= 4.200) U[0,2] (Pt_SHFlg = 0.000))
",0.000,0.000,0.000,0.000,1.000,0,0,0,1,1,0,0,1,0.0,0,0,0.0,0.0,1.0
"F[1,2](Pt_ChildT1D <= 0.000 & Pt_SHFlg = 0.000)
",0.000,0.000,0.000,0.000,1.000,0,0,0,1,1,0,0,1,0.0,0,0,0.0,0.0,1.0
"F[0,2](Triglyc >= 201.000 -> Pt_SHFlg = 0.000)
",0.000,0.000,0.000,0.000,1.000,0,0,0,1,1,0,0,1,0.0,0,0,0.0,0.0,1.0
"F[1,2](TSH <= 2.000 -> Pt_SHFlg = 0.000)
",0.000,0.000,0.000,0.000,1.000,0,0,0,1,1,0,0,1,0.0,0,0,0.0,0.0,1.0
"F[0,2](Triglyc <= 201.000 -> Pt_SHFlg = 0.000)
",0.000,0.000,0.000,0.000,1.000,0,0,0,1,1,0,0,1,0.0,0,0,0.0,0.0,1.0
"((HeightCm <= 92.079) U[1,1] (LDL >= 1.347))
",0.000,0.000,0.000,0.000,1.000,0,0,0,1,1,0,0,1,0.0,0,0,0.0,0.0,1.0
"F[2,2]((SMBGperDayPtMeterCombo <= 85.000 & TotChol <= 41.000) | NumPumpBolusOrShortAct >= 41.000)
",0.000,0.000,0.000,0.000,1.000,0,0,0,1,1,0,0,1,0.0,0,0,0.0,0.0,1.0
"((BGTestAvgNumMeter >= 0.000) U[0,1] (BGTestAvgNumPtRep <= 0.000))
",0.000,0.000,0.000,0.000,1.000,0,0,0,1,1,0,0,1,0.0,0,0,0.0,0.0,1.0
"F[1,2]((Pt_DKAFlg <= 0.000 & TotalDailyInsPerKg >= 19.000) -> Pt_GrandparentT1D <= 19.000)
",0.000,0.000,0.000,0.000,1.000,0,0,0,1,1,0,0,1,0.0,0,0,0.0,0.0,1.0
"F[0,1]((age >= 0.000 -> Pt_CGMUseNumDays <= 3972.000) & Pt_A1cGoalLevelDsYr5 <= 3972.000)
",0.000,0.000,0.000,0.000,1.000,0,0,0,1,1,0,0,1,0.0,0,0,0.0,0.0,1.0
"F[0,0]((bmiPerc <= 29.127 | diabDur >= 28.000) & diagAgeCombo <= 28.000)
",0.000,0.000,0.000,0.000,1.000,0,0,0,1,1,0,0,1,0.0,0,0,0.0,0.0,1.0
"F[0,2](Pt_FatherT1D <= 0.000 -> Pt_A1cGoalLev >= 9.000)
",0.000,0.000,0.000,0.000,1.000,0,0,0,1,1,0,0,1,0.0,0,0,0.0,0.0,1.0
"F[0,1](((TSH >= 2.000 -> TotChol >= 41.000) & AlbCreatRat_mggNew >= 41.000) & BGTestAvgNumMeter <= 41.000)
",0.000,0.000,0.000,0.000,1.000,0,0,0,1,1,0,0,1,0.0,0,0,0.0,0.0,1.0
"F[0,0](Pt_DKAFlg <= 0.000 -> SMBGperDayPtMeterCombo <= 85.000)
",0.000,0.000,0.000,0.000,1.000,0,0,0,1,1,0,0,1,0.0,0,0,0.0,0.0,1.0
"F[0,2]((TotalDailyInsPerKg >= 19.000 & WeightKg >= 2.000) -> Pt_InsGov <= 2.000)
",0.000,0.000,0.000,0.000,1.000,0,0,0,1,1,0,0,1,0.0,0,0,0.0,0.0,1.0
"F[1,2](bmiZscore >= 0.000 -> Pt_CGMUseNumDays >= 3972.000)
",0.000,0.000,0.000,0.000,1.000,0,0,0,1,1,0,0,1,0.0,0,0,0.0,0.0,1.0
"((Pt_GrandparentT1D >= 0.000) U[1,2] (BGTestAvgNumPtRep <= 0.000))
",0.000,0.000,0.000,0.000,1.000,0,0,0,1,1,0,0,1,0.0,0,0,0.0,0.0,1.0
"((TotChol <= 41.000) U[0,1] (Triglyc <= 201.000))
",0.000,0.000,0.000,0.000,1.000,0,0,0,1,1,0,0,1,0.0,0,0,0.0,0.0,1.0
"F[0,1](((Pt_SHFlg >= 0.000 | bmiZscore <= 0.000) & Pt_SiblingT1D >= 0.000) -> HeightCm >= 0.000)
",0.000,0.000,0.000,0.000,1.000,0,0,0,1,1,0,0,1,0.0,0,0,0.0,0.0,1.0
"((AutonomicNeuroCl >= 7.600) U[0,1] (Pt_InsGov <= 0.000))
",0.000,0.000,0.000,0.000,1.000,0,0,0,1,1,0,0,1,0.0,0,0,0.0,0.0,1.0
"((WeightKg >= 2.000) U[0,1] (BldPrSys >= 1.000))
",0.000,0.000,0.000,0.000,1.000,0,0,0,1,1,0,0,1,0.0,0,0,0.0,0.0,1.0
"F[1,2]((HbA1cImputeDtMnC >= 4.000 -> Pt_MotherT1D <= 0.000) & Pt_SHFlg <= 0.000)
",0.000,0.000,0.000,0.000,1.000,0,0,0,1,1,0,0,1,0.0,0,0,0.0,0.0,1.0
"F[0,1](HbA1cImputeDtMnC <= 4.000 -> bmiPerc <= 29.127)
",0.000,0.000,0.000,0.000,1.000,0,0,0,1,1,0,0,1,0.0,0,0,0.0,0.0,1.0
"F[0,1](((diagAgeCombo >= 0.000 | Pt_InsGov <= 0.000) | Pt_ChildT1D >= 0.000) | HDL <= 0.000)
",0.000,0.000,0.000,0.000,1.000,0,0,0,1,1,0,0,1,0.0,0,0,0.0,0.0,1.0
"F[1,2]((Pt_A1cGoalLev >= 9.000 | AutonomicNeuroCl >= 7.600) -> BUN >= 7.600)
",0.000,0.000,0.000,0.000,1.000,0,0,0,1,1,0,0,1,0.0,0,0,0.0,0.0,1.0
"F[1,2]((Triglyc <= 201.000 -> Pt_A1cGoalLev >= 9.000) | DirectLDL >= 9.000)
",0.000,0.000,0.000,0.000,1.000,0,0,0,1,1,0,0,1,0.0,0,0,0.0,0.0,1.0
"((age >= 0.000) U[0,2] (HbA1c >= 0.000))
",0.000,0.000,0.000,0.000,1.000,0,0,0,1,1,0,0,1,0.0,0,0,0.0,0.0,1.0
"F[0,2](((bmi >= 0.000 | bmiPerc <= 29.127) | Pt_GrandparentT1D <= 29.127) -> BldPrSys >= 29.127)
",0.000,0.000,0.000,0.000,1.000,0,0,0,1,1,0,0,1,0.0,0,0,0.0,0.0,1.0
"((Pt_GrandchildT1D <= 0.000) U[1,1] (age >= 0.000))
",0.000,0.000,0.000,0.000,1.000,0,0,0,1,1,0,0,1,0.0,0,0,0.0,0.0,1.0
"F[0,1]((diabDur >= 28.000 & TSH >= 2.000) | BGTestAvgNumPtRep >= 2.000)
",0.000,0.000,0.000,0.000,1.000,0,0,0,1,1,0,0,1,0.0,0,0,0.0,0.0,1.0
"F[0,2](((BGTestAvgNumPtRep <= 0.000 & age >= 0.000) & DirectLDL >= 0.000) -> HeightCm >= 0.000)
",0.000,0.000,0.000,0.000,1.000,0,0,0,1,1,0,0,1,0.0,0,0,0.0,0.0,1.0
"F[1,1](((Pt_InsGov <= 0.000 & bmiZscore <= 0.000) -> diabDur >= 0.000) | GFR <= 0.000)
",0.000,0.000,0.000,0.000,1.000,0,0,0,1,1,0,0,1,0.0,0,0,0.0,0.0,1.0
"F[1,1](((diagAgeCombo >= 0.000 & TotChol <= 41.000) -> Pt_SiblingT1D <= 41.000) -> AutonomicNeuroCl <= 41.000)
",0.000,0.000,0.000,0.000,1.000,0,0,0,1,1,0,0,1,0.0,0,0,0.0,0.0,1.0
"F[0,2](((UnitsInsBasalOrLongAct >= 4.200 -> BGTestAvgNumPtRep <= 0.000) & diabDur <= 0.000) | Pt_GrandchildT1D >= 0.000)
",0.000,0.000,0.000,0.000,1.000,0,0,0,1,1,0,0,1,0.0,0,0,0.0,0.0,1.0
"F[1,2]((bmiZscore >= 0.000 -> Pt_DKAFlg >= 0.000) & Pt_GrandchildT1D >= 0.000)
",0.000,0.000,0.000,0.000,1.000,0,0,0,1,1,0,0,1,0.0,0,0,0.0,0.0,1.0
"F[1,2]((Pt_GrandchildT1D <= 0.000 -> Pt_GrandchildT1D <= 0.000) -> TotalDailyInsPerKg >= 0.000)
",0.000,0.000,0.000,0.000,1.000,0,0,0,1,1,0,0,1,0.0,0,0,0.0,0.0,1.0
"((Pt_CGMUseNumDays <= 3972.000) U[0,2] (Triglyc <= 201.000))
",0.000,0.000,0.000,0.000,1.000,0,0,0,1,1,0,0,1,0.0,0,0,0.0,0.0,1.0
"F[1,2](((DirectLDL <= 177.800 -> Pt_FatherT1D >= 0.000) -> TotalDailyInsPerKg <= 0.000) & Pt_InsGov >= 0.000)
",0.000,0.000,0.000,0.000,1.000,0,0,0,1,1,0,0,1,0.0,0,0,0.0,0.0,1.0
"((AutonomicNeuroCl >= 7.600) U[0,2] (AlbCreatRat_mggNew >= 20.000))
",0.000,0.000,0.000,0.000,1.000,0,0,0,1,1,0,0,1,0.0,0,0,0.0,0.0,1.0
"((BldPrDia >= 137.000) U[0,0] (Pt_ChildT1D <= 0.000))
",0.000,0.000,0.000,0.000,1.000,0,0,0,1,1,0,0,1,0.0,0,0,0.0,0.0,1.0
"F[0,1](Pt_CGMUseNumDays >= 3972.000 | Pt_GrandchildT1D <= 0.000)
",0.000,0.000,0.000,0.000,1.000,0,0,0,1,1,0,0,1,0.0,0,0,0.0,0.0,1.0
"F[1,1](((Pt_ChildT1D >= 0.000 -> Pt_GrandparentT1D >= 0.000) | BldPrSys >= 0.000) | Pt_InsGov <= 0.000)
",0.000,0.000,0.000,0.000,1.000,0,0,0,1,1,0,0,1,0.0,0,0,0.0,0.0,1.0
"F[2,2]((LDL <= 1.347 | WeightKg <= 2.000) & diagAgeCombo >= 2.000)
",0.000,0.000,0.000,0.000,1.000,0,0,0,1,1,0,0,1,0.0,0,0,0.0,0.0,1.0
"((Pt_InsGov >= 0.000) U[1,2] (diagAgeCombo <= 0.000))
",0.000,0.000,0.000,0.000,1.000,0,0,0,1,1,0,0,1,0.0,0,0,0.0,0.0,1.0
"F[0,1]((HDL <= 142.000 | LDL >= 1.347) & BldPrSys >= 1.347)
",0.000,0.000,0.000,0.000,1.000,0,0,0,1,1,0,0,1,0.0,0,0,0.0,0.0,1.0
"((TotalDailyInsPerKg <= 19.000) U[0,0] (Triglyc <= 201.000))
",0.000,0.000,0.000,0.000,1.000,0,0,0,1,1,0,0,1,0.0,0,0,0.0,0.0,1.0
"F[0,2]((SMBGperDayPtMeterCombo <= 85.000 | diabDur <= 28.000) & BGTestAvgNumMeter >= 28.000)
",0.000,0.000,0.000,0.000,1.000,0,0,0,1,1,0,0,1,0.0,0,0,0.0,0.0,1.0
"F[0,1]((Triglyc >= 201.000 & UnitsInsBasalOrLongAct >= 4.200) & bmiPerc <= 4.200)
",0.000,0.000,0.000,0.000,1.000,0,0,0,1,1,0,0,1,0.0,0,0,0.0,0.0,1.0
"F[1,1](((AutonomicNeuroCl <= 7.600 -> SMBGperDayPtMeterCombo >= 85.000) | LDL >= 85.000) & age <= 85.000)
",0.000,0.000,0.000,0.000,1.000,0,0,0,1,1,0,0,1,0.0,0,0,0.0,0.0,1.0
"F[0,2](((Pt_A1cGoalLevelDsYr5 >= 0.000 & AlbCreatRat_mggNew >= 20.000) -> Pt_ChildT1D >= 20.000) & TSH <= 20.000)
",0.000,0.000,0.000,0.000,1.000,0,0,0,1,1,0,0,1,0.0,0,0,0.0,0.0,1.0
"F[0,0](((AutonomicNeuroCl >= 7.600 -> TotChol <= 41.000) | AlbCreatRat_mggNew <= 41.000) | bmiZscore >= 41.000)
",0.000,0.000,0.000,0.000,1.000,0,0,0,1,1,0,0,1,0.0,0,0,0.0,0.0,1.0
"F[0,2]((AutonomicNeuroCl <= 7.600 | AlbCreatRat_mggNew <= 20.000) & bmiPerc >= 20.000)
",0.000,0.000,0.000,0.000,1.000,0,0,0,1,1,0,0,1,0.0,0,0,0.0,0.0,1.0
"F[0,2](((Pt_ChildT1D >= 0.000 & Pt_DKAFlg <= 0.000) & Triglyc >= 0.000) -> Pt_ChildT1D <= 0.000)
",0.000,0.000,0.000,0.000,1.000,0,0,0,1,1,0,0,1,0.0,0,0,0.0,0.0,1.0
"F[1,1](((HDL <= 142.000 & bmiPerc <= 29.127) | GFR <= 29.127) | bmiZscore <= 29.127)
",0.000,0.000,0.000,0.000,1.000,0,0,0,1,1,0,0,1,0.0,0,0,0.0,0.0,1.0
"F[0,2](Pt_DKAFlg <= 0.000 -> AlbCreatRat_mggNew >= 20.000)
",0.000,0.000,0.000,0.000,1.000,0,0,0,1,1,0,0,1,0.0,0,0,0.0,0.0,1.0
"F[0,2](BldPrSys >= 1.000 | SMBGperDayPtMeterCombo <= 85.000)
",0.000,0.000,0.000,0.000,1.000,0,0,0,1,1,0,0,1,0.0,0,0,0.0,0.0,1.0
"F[1,2](HeightCm <= 92.079 -> BGTestAvgNumPtRep <= 0.000)
",0.000,0.000,0.000,0.000,1.000,0,0,0,1,1,0,0,1,0.0,0,0,0.0,0.0,1.0
"F[1,2](Pt_CGMUseNumDays <= 3972.000 -> TotChol <= 41.000)
",0.000,0.000,0.000,0.000,1.000,0,0,0,1,1,0,0,1,0.0,0,0,0.0,0.0,1.0
"F[0,1](((AutonomicNeuroCl >= 7.600 | age >= 0.000) -> diabDur <= 0.000) -> Pt_SiblingT1D >= 0.000)
",0.000,0.000,0.000,0.000,1.000,0,0,0,1,1,0,0,1,0.0,0,0,0.0,0.0,1.0
"((WeightKg <= 2.000) U[0,2] (bmi >= 0.000))
",0.000,0.000,0.000,0.000,1.000,0,0,0,1,1,0,0,1,0.0,0,0,0.0,0.0,1.0
"F[0,2](((diagAgeCombo <= 0.000 | TotalDailyInsPerKg >= 19.000) & HDL >= 19.000) & Pt_A1cGoalLevelDsYr5 <= 19.000)
",0.000,0.000,0.000,0.000,1.000,0,0,0,1,1,0,0,1,0.0,0,0,0.0,0.0,1.0
"F[1,2](((Pt_MotherT1D <= 0.000 | Pt_SiblingT1D >= 0.000) | diabDur >= 0.000) | Pt_A1cGoalLevelDsYr5 <= 0.000)
",0.000,0.000,0.000,0.000,1.000,0,0,0,1,1,0,0,1,0.0,0,0,0.0,0.0,1.0
"F[0,2](((Pt_SHFlg >= 0.000 & UnitsInsBasalOrLongAct >= 4.200) -> HDL >= 4.200) & WeightKg >= 4.200)
",0.000,0.000,0.000,0.000,1.000,0,0,0,1,1,0,0,1,0.0,0,0,0.0,0.0,1.0
"F[1,2](GFR <= 0.498 | diabDur <= 28.000)
",0.000,0.000,0.000,0.000,1.000,0,0,0,1,1,0,0,1,0.0,0,0,0.0,0.0,1.0
"F[1,2](WeightKg <= 2.000 & Pt_SiblingT1D >= 0.000)
",0.000,0.000,0.000,0.000,1.000,0,0,0,1,1,0,0,1,0.0,0,0,0.0,0.0,1.0
"F[1,1](((BUN <= 89.000 | TotChol >= 41.000) & HDL <= 41.000) & TotChol >= 41.000)
",0.000,0.000,0.000,0.000,1.000,0,0,0,1,1,0,0,1,0.0,0,0,0.0,0.0,1.0
"((Pt_A1cGoalLevelDsYr5 <= 0.000) U[0,1] (Pt_DKAFlg >= 0.000))
",0.000,0.000,0.000,0.000,1.000,0,0,0,1,1,0,0,1,0.0,0,0,0.0,0.0,1.0
"F[1,1]((bmiZscore >= 0.000 | TSH >= 2.000) | bmiZscore <= 2.000)
",0.000,0.000,0.000,0.000,1.000,0,0,0,1,1,0,0,1,0.0,0,0,0.0,0.0,1.0
"((diabDur <= 28.000) U[1,2] (BUN >= 89.000))
",0.000,0.000,0.000,0.000,1.000,0,0,0,1,1,0,0,1,0.0,0,0,0.0,0.0,1.0
"F[1,2](((UnitsInsBasalOrLongAct <= 4.200 | Pt_FatherT1D <= 0.000) -> HDL >= 0.000) | BldPrDia >= 0.000)
",0.000,0.000,0.000,0.000,1.000,0,0,0,1,1,0,0,1,0.0,0,0,0.0,0.0,1.0
"F[1,2](TotChol <= 41.000 -> Pt_SiblingT1D <= 0.000)
",0.000,0.000,0.000,0.000,1.000,0,0,0,1,1,0,0,1,0.0,0,0,0.0,0.0,1.0
"F[0,2](NumPumpBolusOrShortAct >= 0.000 & Pt_SHFlg >= 0.000)
",0.000,0.000,0.000,0.000,1.000,0,0,0,1,1,0,0,1,0.0,0,0,0.0,0.0,1.0
"F[0,2](((Pt_FatherT1D <= 0.000 -> Pt_GrandparentT1D <= 0.000) -> AutonomicNeuroCl >= 0.000) & Triglyc <= 0.000)
",0.000,0.000,0.000,0.000,1.000,0,0,0,1,1,0,0,1,0.0,0,0,0.0,0.0,1.0
"((Pt_CGMUseNumDays >= 3972.000) U[1,2] (Pt_A1cGoalLev >= 9.000))
",0.000,0.000,0.000,0.000,1.000,0,0,0,1,1,0,0,1,0.0,0,0,0.0,0.0,1.0
"F[1,2]((diabDur >= 28.000 -> BUN >= 89.000) | diagAgeCombo <= 89.000)
",0.000,0.000,0.000,0.000,1.000,0,0,0,1,1,0,0,1,0.0,0,0,0.0,0.0,1.0
"((BGTestAvgNumPtRep >= 0.000) U[0,2] (AutonomicNeuroCl <= 7.600))
",0.000,0.000,0.000,0.000,1.000,0,0,0,1,1,0,0,1,0.0,0,0,0.0,0.0,1.0
"F[0,1]((HbA1cImputeDtMnC <= 4.000 & diabDur >= 28.000) -> bmi <= 28.000)
",0.000,0.000,0.000,0.000,1.000,0,0,0,1,1,0,0,1,0.0,0,0,0.0,0.0,1.0
"F[1,2](AutonomicNeuroCl <= 7.600 -> HDL <= 142.000)
",0.000,0.000,0.000,0.000,1.000,0,0,0,1,1,0,0,1,0.0,0,0,0.0,0.0,1.0
"F[0,0](((diabDur >= 28.000 & BUN <= 89.000) & AutonomicNeuroCl >= 89.000) -> diagAgeCombo <= 89.000)
",0.000,0.000,0.000,0.000,1.000,0,0,0,1,1,0,0,1,0.0,0,0,0.0,0.0,1.0
"F[2,2](((Pt_A1cGoalLevelDsYr5 >= 0.000 | age <= 0.000) | HDL >= 0.000) | BldPrSys >= 0.000)
",0.000,0.000,0.000,0.000,1.000,0,0,0,1,1,0,0,1,0.0,0,0,0.0,0.0,1.0
"F[2,2]((LDL <= 1.347 -> Pt_A1cGoalLev <= 9.000) -> bmi >= 9.000)
",0.000,0.000,0.000,0.000,1.000,0,0,0,1,1,0,0,1,0.0,0,0,0.0,0.0,1.0
"F[0,1](((Pt_SHFlg >= 0.000 -> Pt_GrandparentT1D >= 0.000) & TotalDailyInsPerKg <= 0.000) | UnitsInsBasalOrLongAct <= 0.000)
",0.000,0.000,0.000,0.000,1.000,0,0,0,1,1,0,0,1,0.0,0,0,0.0,0.0,1.0
"F[1,2](((Pt_SiblingT1D >= 0.000 & BUN >= 89.000) | Pt_CGMUseNumDays >= 89.000) | GFR <= 89.000)
",0.000,0.000,0.000,0.000,1.000,0,0,0,1,1,0,0,1,0.0,0,0,0.0,0.0,1.0
"F[0,0](((Pt_CGMUseNumDays <= 3972.000 | TSH <= 2.000) & LDL <= 2.000) | HbA1c >= 2.000)
",0.000,0.000,0.000,0.000,1.000,0,0,0,1,1,0,0,1,0.0,0,0,0.0,0.0,1.0
"F[0,2](BGTestAvgNumMeter >= 0.000 & BldPrDia <= 137.000)
",0.000,0.000,0.000,0.000,1.000,0,0,0,1,1,0,0,1,0.0,0,0,0.0,0.0,1.0
"F[0,1]((BUN <= 89.000 -> AlbCreatRat_mggNew <= 20.000) | bmiPerc <= 20.000)
",0.000,0.000,0.000,0.000,1.000,0,0,0,1,1,0,0,1,0.0,0,0,0.0,0.0,1.0
