Rule,Discrimination Score,Pos Robustness,Neg Robustness,Percent Class +,Percent Class -,TP,TN,FP,FN,Actual Yes,Actual No,Predicted Yes,Predicted No,TPR/Sens,TNR/Spec,FPR,Precision,Accuracy,MCR
"G[0,1]((HbA1cImputeDtMnC >= 0.981 | BUN <= 13.874) | Triglyc <= 16.325)
",9999999.000,9999999.000,0.000,1.000,0.000,1,1,0,0,1,1,1,1,1.0,1.0,0.0,1.0,1.0,0.0
"G[1,1]((SMBGperDayPtMeterCombo <= 4.982 | UnitsInsBasalOrLongAct >= 12.271) & AutonomicNeuroCl <= 19.612)
",4.982,4.982,0.000,1.000,0.000,1,1,0,0,1,1,1,1,1.0,1.0,0.0,1.0,1.0,0.0
"G[0,1]((WeightKg >= 97.989 -> Pt_ChildT1D <= 0.000) -> Pt_A1cGoalLev <= 0.000)
",9999999.000,9999999.000,0.000,1.000,0.000,1,1,0,0,1,1,1,1,1.0,1.0,0.0,1.0,1.0,0.0
"G[1,1](((BldPrDia <= 79.605 & GFR <= 0.000) & GFR >= 0.000) | LDL <= 0.000)
",0.000,0.000,0.000,1.000,0.000,1,1,0,0,1,1,1,1,1.0,1.0,0.0,1.0,1.0,0.0
"G[1,1](Triglyc <= 68.000 & Pt_DKAFlg >= 0.000)
",0.000,0.000,0.000,1.000,0.000,1,1,0,0,1,1,1,1,1.0,1.0,0.0,1.0,1.0,0.0
"G[0,1]((AlbCreatRat_mggNew >= 0.173 & SMBGperDayPtMeterCombo <= 4.910) -> BldPrSys <= 4.792)
",9999999.000,9999999.000,0.000,1.000,0.000,1,1,0,0,1,1,1,1,1.0,1.0,0.0,1.0,1.0,0.0
"G[0,1](diabDur <= 12.244 -> UnitsInsBasalOrLongAct >= 13.432)
",9999999.000,9999999.000,0.000,1.000,0.000,1,1,0,0,1,1,1,1,1.0,1.0,0.0,1.0,1.0,0.0
"G[0,1](TotChol >= 127.890 & Triglyc <= 68.312)
",9999999.000,9999999.000,0.000,1.000,0.000,1,1,0,0,1,1,1,1,1.0,1.0,0.0,1.0,1.0,0.0
"G[0,1]((HbA1cImputeDtMnC <= 30.461 & Pt_A1cGoalLev >= 0.003) -> AutonomicNeuroCl >= 1.019)
",9999999.000,9999999.000,0.000,1.000,0.000,1,1,0,0,1,1,1,1,1.0,1.0,0.0,1.0,1.0,0.0
"G[0,0]((age <= 27.492 & BldPrSys <= 125.421) -> Pt_FatherT1D >= 123.771)
",-27.492,-27.492,0.000,1.000,0.000,1,1,0,0,1,1,1,1,1.0,1.0,0.0,1.0,1.0,0.0
"G[0,0](TotalDailyInsPerKg <= 0.840 & diabDur <= 12.270)
",-13.730,-13.730,0.000,1.000,0.000,1,1,0,0,1,1,1,1,1.0,1.0,0.0,1.0,1.0,0.0
"G[0,0]((age <= 27.696 | UnitsInsBasalOrLongAct <= 23.411) | Pt_FatherT1D <= 31.671)
",31.671,31.671,0.000,1.000,0.000,1,0,1,0,1,1,2,0,1.0,0.0,1.0,0.5,0.5,0.5
"G[0,2](Pt_MotherT1D >= 0.000 -> BldPrSys >= 115.929)
",9999999.000,9999999.000,0.000,1.000,0.000,0,1,1,0,0,2,1,1,0.0,0.5,0.5,0.0,0.5,0.5
"G[0,1]((bmiPerc <= 0.000 -> age <= 26.690) -> Pt_SiblingT1D <= 26.627)
",9999999.000,9999999.000,0.000,1.000,0.000,1,0,1,0,1,1,2,0,1.0,0.0,1.0,0.5,0.5,0.5
"G[1,2](((Pt_FatherT1D <= 0.000 -> WeightKg >= 98.653) & HbA1cImputeDtMnC <= 104.324) -> HeightCm <= 102.256)
",9999999.000,9999999.000,0.000,1.000,0.000,0,1,1,0,0,2,1,1,0.0,0.5,0.5,0.0,0.5,0.5
"G[0,1]((bmiPerc >= 0.000 & GFR <= 0.000) | HeightCm <= 0.000)
",9999999.000,9999999.000,0.000,1.000,0.000,1,0,1,0,1,1,2,0,1.0,0.0,1.0,0.5,0.5,0.5
"G[0,2](TotalDailyInsPerKg <= 0.920 & Pt_ChildT1D <= 0.000)
",9999999.000,9999999.000,0.000,1.000,0.000,0,1,1,0,0,2,1,1,0.0,0.5,0.5,0.0,0.5,0.5
"G[0,0](((BldPrSys <= 129.404 | Triglyc >= 54.844) & bmi <= 65.310) | Pt_CGMUseNumDays <= 67.490)
",65.310,65.310,0.000,1.000,0.000,1,0,1,0,1,1,2,0,1.0,0.0,1.0,0.5,0.5,0.5
"G[1,2]((TotChol >= 133.052 -> diagAgeCombo <= 15.000) -> Pt_A1cGoalLevelDsYr5 >= 15.000)
",9999999.000,9999999.000,0.000,1.000,0.000,0,1,0,1,1,1,0,2,0.0,1.0,0.0,0.0,0.5,0.5
"G[0,2](SMBGperDayPtMeterCombo >= 4.185 & BGTestAvgNumPtRep >= 1.739)
",9999999.000,9999999.000,0.000,1.000,0.000,0,1,0,1,1,1,0,2,0.0,1.0,0.0,0.0,0.5,0.5
"G[0,1](((bmi >= 31.912 -> BUN <= 10.594) -> Pt_A1cGoalLev <= 9.886) & bmiZscore >= 1.709)
",9999999.000,9999999.000,0.000,1.000,0.000,0,1,0,1,1,1,0,2,0.0,1.0,0.0,0.0,0.5,0.5
"G[0,2]((NumPumpBolusOrShortAct >= 4.431 -> UnitsInsBasalOrLongAct >= 0.728) & AutonomicNeuroCl <= 21.163)
",9999999.000,9999999.000,0.000,1.000,0.000,0,1,1,0,0,2,1,1,0.0,0.5,0.5,0.0,0.5,0.5
"G[0,1](diabDur >= 11.070 -> GFR >= 0.000)
",9999999.000,9999999.000,0.000,1.000,0.000,1,0,1,0,1,1,2,0,1.0,0.0,1.0,0.5,0.5,0.5
"G[1,1](((Pt_GrandchildT1D <= 0.000 | bmiZscore <= 1.178) & diabDur >= 1.023) & BldPrSys <= 1.229)
",-1.023,-1.023,0.000,1.000,0.000,0,1,0,1,1,1,0,2,0.0,1.0,0.0,0.0,0.5,0.5
"G[0,1](((age <= 26.567 & Pt_CGMUseNumDays <= 16.667) -> GFR <= 18.591) & HbA1c >= 0.122)
",9999999.000,9999999.000,0.000,1.000,0.000,1,0,1,0,1,1,2,0,1.0,0.0,1.0,0.5,0.5,0.5
"G[1,2]((bmi <= 32.657 & Pt_SiblingT1D <= 0.000) -> age <= 0.000)
",9999999.000,9999999.000,0.000,1.000,0.000,0,1,0,1,1,1,0,2,0.0,1.0,0.0,0.0,0.5,0.5
"G[0,1](((Pt_MotherT1D >= 0.000 & BGTestAvgNumMeter <= 3.631) | HbA1c <= 3.929) | Pt_ChildT1D >= 2.034)
",9999999.000,9999999.000,0.000,1.000,0.000,0,1,0,1,1,1,0,2,0.0,1.0,0.0,0.0,0.5,0.5
"G[0,1](((diabDur <= 11.579 & BldPrSys <= 127.503) -> bmiPerc >= 117.646) & BGTestAvgNumPtRep >= 123.021)
",9999999.000,9999999.000,0.000,1.000,0.000,0,1,0,1,1,1,0,2,0.0,1.0,0.0,0.0,0.5,0.5
"G[1,2](((Pt_InsGov <= 0.000 -> BGTestAvgNumPtRep <= 4.424) & NumPumpBolusOrShortAct >= 1.767) & TotChol <= 4.013)
",9999999.000,9999999.000,0.000,1.000,0.000,0,1,0,1,1,1,0,2,0.0,1.0,0.0,0.0,0.5,0.5
"G[1,1](BldPrSys <= 130.342 -> TotalDailyInsPerKg >= 0.793)
",-130.342,-130.342,0.000,1.000,0.000,1,0,1,0,1,1,2,0,1.0,0.0,1.0,0.5,0.5,0.5
"G[0,1]((bmiZscore >= 0.874 | UnitsInsBasalOrLongAct >= 10.454) & age >= 1.197)
",9999999.000,9999999.000,0.000,1.000,0.000,1,0,1,0,1,1,2,0,1.0,0.0,1.0,0.5,0.5,0.5
"G[0,1]((diabDur <= 12.110 -> age <= 27.689) -> Pt_DKAFlg <= 26.955)
",9999999.000,9999999.000,0.000,1.000,0.000,1,0,1,0,1,1,2,0,1.0,0.0,1.0,0.5,0.5,0.5
"G[0,1](Pt_ChildT1D <= 0.000 | Pt_SiblingT1D >= 0.000)
",9999999.000,9999999.000,0.000,1.000,0.000,1,0,1,0,1,1,2,0,1.0,0.0,1.0,0.5,0.5,0.5
"G[0,2]((BGTestAvgNumMeter <= 3.603 & diabDur <= 12.479) -> Pt_MotherT1D >= 10.060)
",9999999.000,9999999.000,0.000,1.000,0.000,0,1,1,0,0,2,1,1,0.0,0.5,0.5,0.0,0.5,0.5
"G[0,2](((bmiPerc >= 0.000 | NumPumpBolusOrShortAct <= 5.862) -> HbA1cImputeDtMnC <= 6.236) & Pt_A1cGoalLevelDsYr5 <= 6.949)
",9999999.000,9999999.000,0.000,1.000,0.000,0,1,0,1,1,1,0,2,0.0,1.0,0.0,0.0,0.5,0.5
"G[0,0](((age >= 25.359 & Pt_A1cGoalLev <= 1.983) | WeightKg >= 0.596) | Pt_CGMUseNumDays >= 1.029)
",401.971,401.971,0.000,1.000,0.000,1,0,1,0,1,1,2,0,1.0,0.0,1.0,0.5,0.5,0.5
"G[0,0]((BGTestAvgNumPtRep >= 0.913 & WeightKg <= 102.463) -> Pt_MotherT1D <= 101.719)
",-101.719,-101.719,0.000,1.000,0.000,1,0,1,0,1,1,2,0,1.0,0.0,1.0,0.5,0.5,0.5
"G[0,1](((BGTestAvgNumMeter >= 0.404 | TotChol <= 136.823) & AlbCreatRat_mggNew <= 148.207) & Pt_GrandparentT1D >= 136.449)
",9999999.000,9999999.000,0.000,1.000,0.000,0,1,0,1,1,1,0,2,0.0,1.0,0.0,0.0,0.5,0.5
"G[1,1]((NumPumpBolusOrShortAct >= 4.025 -> Triglyc >= 60.480) | BGTestAvgNumPtRep <= 64.123)
",64.123,64.123,0.000,1.000,0.000,1,0,1,0,1,1,2,0,1.0,0.0,1.0,0.5,0.5,0.5
"G[1,1](((bmi >= 31.414 | LDL <= 76.788) -> TSH <= 76.607) | HDL >= 67.530)
",-67.530,-67.530,0.000,1.000,0.000,1,0,1,0,1,1,2,0,1.0,0.0,1.0,0.5,0.5,0.5
"G[0,2](((HbA1cImputeDtMnC <= 19.085 & LDL >= 66.854) & Pt_DKAFlg <= 72.102) | Pt_GrandchildT1D >= 59.746)
",9999999.000,9999999.000,0.000,1.000,0.000,0,1,0,1,1,1,0,2,0.0,1.0,0.0,0.0,0.5,0.5
"G[1,1](GFR <= 0.000 -> BUN >= 0.846)
",0.000,0.000,0.000,1.000,0.000,0,1,0,1,1,1,0,2,0.0,1.0,0.0,0.0,0.5,0.5
"G[1,1]((age <= 27.656 -> BGTestAvgNumPtRep >= 0.028) -> HeightCm <= 3.753)
",-3.753,-3.753,0.000,1.000,0.000,0,1,0,1,1,1,0,2,0.0,1.0,0.0,0.0,0.5,0.5
"G[1,2](HbA1c <= 7.355 -> Pt_A1cGoalLev <= 1.875)
",9999999.000,9999999.000,0.000,1.000,0.000,0,1,1,0,0,2,1,1,0.0,0.5,0.5,0.0,0.5,0.5
"G[0,2]((BUN >= 3.068 -> TotChol <= 144.142) & BUN >= 130.170)
",9999999.000,9999999.000,0.000,1.000,0.000,0,1,0,1,1,1,0,2,0.0,1.0,0.0,0.0,0.5,0.5
"G[0,1](BldPrDia >= 61.791 & BldPrSys >= 122.420)
",9999999.000,9999999.000,0.000,1.000,0.000,0,1,0,1,1,1,0,2,0.0,1.0,0.0,0.0,0.5,0.5
"G[1,2](((Pt_CGMUseNumDays <= 14.770 | Pt_FatherT1D <= 0.000) -> age >= 0.000) & AlbCreatRat_mggNew <= 0.000)
",9999999.000,9999999.000,0.000,1.000,0.000,0,1,1,0,0,2,1,1,0.0,0.5,0.5,0.0,0.5,0.5
"G[0,1]((BUN >= 2.810 & AlbCreatRat_mggNew <= 7.747) -> diabDur >= 2.150)
",9999999.000,9999999.000,0.000,1.000,0.000,1,0,1,0,1,1,2,0,1.0,0.0,1.0,0.5,0.5,0.5
"G[1,2](((DirectLDL <= 0.000 & bmiPerc >= 0.000) & Pt_A1cGoalLevelDsYr5 >= 0.000) & HbA1cImputeDtMnC <= 0.000)
",9999999.000,9999999.000,0.000,1.000,0.000,0,1,0,1,1,1,0,2,0.0,1.0,0.0,0.0,0.5,0.5
"G[0,0](((BldPrDia <= 76.879 | GFR >= 0.000) | BGTestAvgNumPtRep <= 0.000) | TSH <= 0.000)
",1.079,1.079,0.000,1.000,0.000,1,0,1,0,1,1,2,0,1.0,0.0,1.0,0.5,0.5,0.5
"G[0,2](Pt_SHFlg >= 0.105 & Pt_FatherT1D >= 0.000)
",9999999.000,9999999.000,0.000,1.000,0.000,0,1,0,1,1,1,0,2,0.0,1.0,0.0,0.0,0.5,0.5
"G[0,1]((AlbCreatRat_mggNew <= 7.357 & BGTestAvgNumPtRep >= 0.050) & age <= 3.934)
",9999999.000,9999999.000,0.000,1.000,0.000,0,1,0,1,1,1,0,2,0.0,1.0,0.0,0.0,0.5,0.5
"G[1,1]((Pt_GrandparentT1D <= 0.000 | BldPrSys <= 129.680) & Pt_A1cGoalLev >= 117.405)
",-117.405,-117.405,0.000,1.000,0.000,0,1,0,1,1,1,0,2,0.0,1.0,0.0,0.0,0.5,0.5
"G[0,1](((BUN <= 16.460 -> bmi <= 32.308) | bmiPerc <= 33.224) & diagAgeCombo >= 31.161)
",9999999.000,9999999.000,0.000,1.000,0.000,0,1,0,1,1,1,0,2,0.0,1.0,0.0,0.0,0.5,0.5
"G[1,1](DirectLDL <= 0.000 & Pt_SHFlg >= 0.033)
",-0.033,-0.033,0.000,1.000,0.000,0,1,0,1,1,1,0,2,0.0,1.0,0.0,0.0,0.5,0.5
"G[1,2](Pt_InsGov <= 0.000 & Pt_A1cGoalLev <= 4.235)
",9999999.000,9999999.000,0.000,1.000,0.000,0,1,1,0,0,2,1,1,0.0,0.5,0.5,0.0,0.5,0.5
"G[0,1]((Pt_CGMUseNumDays >= 7.428 & diabDur <= 12.284) | LDL >= 10.096)
",9999999.000,9999999.000,0.000,1.000,0.000,1,0,1,0,1,1,2,0,1.0,0.0,1.0,0.5,0.5,0.5
"G[0,0]((WeightKg <= 105.044 -> BGTestAvgNumPtRep <= 4.411) -> bmiPerc <= 4.527)
",27.542,27.542,0.000,1.000,0.000,1,0,1,0,1,1,2,0,1.0,0.0,1.0,0.5,0.5,0.5
"G[0,1]((Pt_GrandparentT1D <= 0.000 | TotChol <= 137.283) -> bmiZscore >= 130.256)
",9999999.000,9999999.000,0.000,1.000,0.000,0,1,0,1,1,1,0,2,0.0,1.0,0.0,0.0,0.5,0.5
"G[1,1]((Triglyc >= 54.162 | HbA1cImputeDtMnC >= 1.417) -> BldPrSys <= 34.036)
",-34.036,-34.036,0.000,1.000,0.000,0,1,0,1,1,1,0,2,0.0,1.0,0.0,0.0,0.5,0.5
"G[0,0](((Triglyc <= 62.593 & NumPumpBolusOrShortAct >= 4.123) & BUN <= 5.678) -> BGTestAvgNumPtRep >= 3.526)
",-1.474,-1.474,0.000,1.000,0.000,1,0,1,0,1,1,2,0,1.0,0.0,1.0,0.5,0.5,0.5
"G[1,1](Pt_DKAFlg >= 0.000 & Pt_FatherT1D <= 0.000)
",0.000,0.000,0.000,1.000,0.000,1,0,1,0,1,1,2,0,1.0,0.0,1.0,0.5,0.5,0.5
"G[1,1](((Pt_SHFlg >= 0.051 -> HbA1c >= 6.889) | Pt_SiblingT1D <= 7.540) & WeightKg <= 7.152)
",7.152,7.152,0.000,1.000,0.000,0,1,0,1,1,1,0,2,0.0,1.0,0.0,0.0,0.5,0.5
"G[0,0]((NumPumpBolusOrShortAct <= 5.601 -> UnitsInsBasalOrLongAct <= 34.023) & HDL <= 28.569)
",-29.431,-29.431,0.000,1.000,0.000,0,1,0,1,1,1,0,2,0.0,1.0,0.0,0.0,0.5,0.5
"G[0,2]((LDL <= 75.258 -> HeightCm <= 178.996) & AutonomicNeuroCl >= 178.345)
",9999999.000,9999999.000,0.000,1.000,0.000,0,1,0,1,1,1,0,2,0.0,1.0,0.0,0.0,0.5,0.5
"G[1,1](((NumPumpBolusOrShortAct >= 3.631 | Pt_ChildT1D >= 0.000) | Pt_CGMUseNumDays <= 0.000) | NumPumpBolusOrShortAct <= 0.000)
",0.000,0.000,0.000,1.000,0.000,1,0,1,0,1,1,2,0,1.0,0.0,1.0,0.5,0.5,0.5
"G[0,1]((NumPumpBolusOrShortAct >= 3.059 & bmi <= 32.518) -> Pt_ChildT1D >= 31.203)
",9999999.000,9999999.000,0.000,1.000,0.000,0,1,0,1,1,1,0,2,0.0,1.0,0.0,0.0,0.5,0.5
"G[0,2]((NumPumpBolusOrShortAct >= 3.739 & diagAgeCombo <= 15.000) -> TotChol <= 15.000)
",9999999.000,9999999.000,0.000,1.000,0.000,0,1,0,1,1,1,0,2,0.0,1.0,0.0,0.0,0.5,0.5
"G[1,1]((Pt_A1cGoalLev <= 3.660 | Pt_A1cGoalLevelDsYr5 <= 0.000) | Pt_MotherT1D <= 0.000)
",3.660,3.660,0.000,1.000,0.000,1,0,1,0,1,1,2,0,1.0,0.0,1.0,0.5,0.5,0.5
"G[1,2](((Pt_FatherT1D <= 0.000 | bmi <= 32.422) & bmiZscore <= 32.339) -> Pt_A1cGoalLevelDsYr5 >= 31.639)
",9999999.000,9999999.000,0.000,1.000,0.000,0,1,0,1,1,1,0,2,0.0,1.0,0.0,0.0,0.5,0.5
"G[1,1](((AutonomicNeuroCl <= 0.000 -> Pt_GrandchildT1D <= 0.000) & Pt_CGMUseNumDays <= 0.000) & diagAgeCombo <= 0.000)
",0.000,0.000,0.000,1.000,0.000,0,1,0,1,1,1,0,2,0.0,1.0,0.0,0.0,0.5,0.5
"G[0,1]((bmi <= 32.385 | DirectLDL >= 0.000) -> HDL >= 0.000)
",9999999.000,9999999.000,0.000,1.000,0.000,1,0,1,0,1,1,2,0,1.0,0.0,1.0,0.5,0.5,0.5
"G[1,1](((LDL >= 65.384 -> SMBGperDayPtMeterCombo <= 4.917) & BGTestAvgNumPtRep >= 4.647) & Pt_InsGov >= 4.729)
",-4.917,-4.917,0.000,1.000,0.000,0,1,0,1,1,1,0,2,0.0,1.0,0.0,0.0,0.5,0.5
"G[0,0]((Pt_ChildT1D >= 0.000 -> Pt_GrandparentT1D >= 0.000) | BldPrDia <= 0.000)
",0.000,0.000,0.000,1.000,0.000,1,0,1,0,1,1,2,0,1.0,0.0,1.0,0.5,0.5,0.5
"G[0,1]((Pt_GrandchildT1D >= 0.000 | Pt_GrandchildT1D >= 0.000) | UnitsInsBasalOrLongAct <= 0.000)
",9999999.000,9999999.000,0.000,1.000,0.000,1,0,1,0,1,1,2,0,1.0,0.0,1.0,0.5,0.5,0.5
"G[0,1](BGTestAvgNumMeter >= 1.696 | Pt_FatherT1D >= 0.000)
",9999999.000,9999999.000,0.000,1.000,0.000,1,0,1,0,1,1,2,0,1.0,0.0,1.0,0.5,0.5,0.5
"G[0,0](((Pt_MotherT1D >= 0.000 | BldPrSys >= 114.643) -> GFR <= 125.160) | Pt_FatherT1D <= 126.007)
",126.007,126.007,0.000,1.000,0.000,1,0,1,0,1,1,2,0,1.0,0.0,1.0,0.5,0.5,0.5
"G[0,0](((BldPrSys >= 114.788 & bmiZscore <= 1.058) -> HDL >= 0.977) & Pt_ChildT1D >= 0.879)
",-57.023,-57.023,0.000,1.000,0.000,0,1,0,1,1,1,0,2,0.0,1.0,0.0,0.0,0.5,0.5
"G[0,2](((UnitsInsBasalOrLongAct >= 17.066 & WeightKg >= 99.472) | AutonomicNeuroCl <= 104.276) -> HDL >= 97.989)
",9999999.000,9999999.000,0.000,1.000,0.000,0,1,0,1,1,1,0,2,0.0,1.0,0.0,0.0,0.5,0.5
"G[0,2](((bmi >= 31.322 & Pt_SiblingT1D <= 0.000) | WeightKg >= 0.000) & bmi <= 0.000)
",9999999.000,9999999.000,0.000,1.000,0.000,0,1,0,1,1,1,0,2,0.0,1.0,0.0,0.0,0.5,0.5
"G[1,1](((Pt_ChildT1D >= 0.000 & SMBGperDayPtMeterCombo <= 4.980) & bmiPerc <= 4.810) -> DirectLDL <= 4.829)
",-4.829,-4.829,0.000,1.000,0.000,1,0,1,0,1,1,2,0,1.0,0.0,1.0,0.5,0.5,0.5
"G[0,2](Pt_DKAFlg <= 0.000 & TotalDailyInsPerKg >= 0.798)
",9999999.000,9999999.000,0.000,1.000,0.000,0,1,0,1,1,1,0,2,0.0,1.0,0.0,0.0,0.5,0.5
"G[0,1](((UnitsInsBasalOrLongAct <= 27.029 | HeightCm <= 179.790) & bmiZscore <= 179.402) | HbA1c <= 179.806)
",9999999.000,9999999.000,0.000,1.000,0.000,1,0,1,0,1,1,2,0,1.0,0.0,1.0,0.5,0.5,0.5
"G[0,2](((TotChol <= 149.054 | SMBGperDayPtMeterCombo >= 4.434) -> diabDur <= 4.811) & HbA1c <= 4.859)
",9999999.000,9999999.000,0.000,1.000,0.000,0,1,0,1,1,1,0,2,0.0,1.0,0.0,0.0,0.5,0.5
"G[0,2](((LDL >= 69.660 & UnitsInsBasalOrLongAct <= 36.631) | BGTestAvgNumPtRep <= 36.362) & Pt_DKAFlg >= 12.957)
",9999999.000,9999999.000,0.000,1.000,0.000,0,1,0,1,1,1,0,2,0.0,1.0,0.0,0.0,0.5,0.5
"G[1,1]((AutonomicNeuroCl <= 0.000 | BGTestAvgNumPtRep >= 2.503) & TSH <= 4.477)
",0.000,0.000,0.000,1.000,0.000,1,0,1,0,1,1,2,0,1.0,0.0,1.0,0.5,0.5,0.5
"G[0,2](((GFR >= 0.000 | HDL <= 56.795) -> Pt_FatherT1D <= 57.852) & Pt_GrandparentT1D >= 52.334)
",9999999.000,9999999.000,0.000,1.000,0.000,0,1,0,1,1,1,0,2,0.0,1.0,0.0,0.0,0.5,0.5
"G[0,1]((diagAgeCombo <= 15.000 -> NumPumpBolusOrShortAct >= 4.383) -> BldPrSys <= 5.840)
",9999999.000,9999999.000,0.000,1.000,0.000,0,1,0,1,1,1,0,2,0.0,1.0,0.0,0.0,0.5,0.5
"G[1,1]((TSH <= 0.000 | TotChol >= 133.109) | bmi >= 130.862)
",0.000,0.000,0.000,1.000,0.000,1,0,1,0,1,1,2,0,1.0,0.0,1.0,0.5,0.5,0.5
"G[1,1](((Pt_FatherT1D >= 0.000 -> HDL <= 53.806) | NumPumpBolusOrShortAct >= 52.654) | TotalDailyInsPerKg <= 53.631)
",53.631,53.631,0.000,1.000,0.000,1,0,1,0,1,1,2,0,1.0,0.0,1.0,0.5,0.5,0.5
"G[0,1]((HbA1c <= 7.496 | Pt_ChildT1D >= 0.000) & HeightCm <= 0.000)
",9999999.000,9999999.000,0.000,1.000,0.000,0,1,0,1,1,1,0,2,0.0,1.0,0.0,0.0,0.5,0.5
"G[1,2]((bmi >= 31.200 | LDL >= 61.827) -> WeightKg <= 74.549)
",9999999.000,9999999.000,0.000,1.000,0.000,0,1,0,1,1,1,0,2,0.0,1.0,0.0,0.0,0.5,0.5
"G[1,1](SMBGperDayPtMeterCombo <= 4.855 & AutonomicNeuroCl <= 0.000)
",0.000,0.000,0.000,1.000,0.000,0,1,0,1,1,1,0,2,0.0,1.0,0.0,0.0,0.5,0.5
"G[0,0]((BldPrDia <= 79.499 | AutonomicNeuroCl <= 0.000) | bmiPerc <= 0.000)
",-7.000,-7.000,0.000,1.000,0.000,1,0,1,0,1,1,2,0,1.0,0.0,1.0,0.5,0.5,0.5
"G[1,1]((GFR >= 0.000 -> Pt_ChildT1D >= 0.000) | Pt_A1cGoalLevelDsYr5 >= 0.000)
",0.000,0.000,0.000,1.000,0.000,1,0,1,0,1,1,2,0,1.0,0.0,1.0,0.5,0.5,0.5
"G[0,2]((diabDur <= 12.054 & BldPrSys <= 130.247) -> NumPumpBolusOrShortAct >= 122.028)
",9999999.000,9999999.000,0.000,1.000,0.000,0,1,0,1,1,1,0,2,0.0,1.0,0.0,0.0,0.5,0.5
"G[0,2]((GFR <= 0.000 & BGTestAvgNumMeter >= 1.777) | WeightKg <= 3.586)
",9999999.000,9999999.000,0.000,1.000,0.000,0,1,0,1,1,1,0,2,0.0,1.0,0.0,0.0,0.5,0.5
"G[1,1]((AlbCreatRat_mggNew <= 9.367 | DirectLDL >= 0.000) & Pt_SHFlg >= 0.000)
",0.000,0.000,0.000,1.000,0.000,1,0,1,0,1,1,2,0,1.0,0.0,1.0,0.5,0.5,0.5
"G[1,2](((bmiPerc >= 0.000 | Pt_CGMUseNumDays <= 29.763) & Pt_A1cGoalLevelDsYr5 >= 0.807) | BUN >= 7.444)
",9999999.000,9999999.000,0.000,1.000,0.000,0,1,0,1,1,1,0,2,0.0,1.0,0.0,0.0,0.5,0.5
"G[1,2]((BldPrDia >= 60.024 & TotalDailyInsPerKg >= 0.833) & age <= 0.887)
",9999999.000,9999999.000,0.000,1.000,0.000,0,1,0,1,1,1,0,2,0.0,1.0,0.0,0.0,0.5,0.5
"G[1,2](((Pt_SiblingT1D >= 0.000 -> BGTestAvgNumMeter <= 2.667) & diabDur <= 4.515) & HDL <= 2.901)
",9999999.000,9999999.000,0.000,1.000,0.000,0,1,0,1,1,1,0,2,0.0,1.0,0.0,0.0,0.5,0.5
"G[0,1](DirectLDL <= 0.000 & WeightKg <= 102.006)
",9999999.000,9999999.000,0.000,1.000,0.000,0,1,0,1,1,1,0,2,0.0,1.0,0.0,0.0,0.5,0.5
"G[0,2](HeightCm >= 178.397 | BldPrSys >= 119.301)
",9999999.000,9999999.000,0.000,1.000,0.000,0,1,1,0,0,2,1,1,0.0,0.5,0.5,0.0,0.5,0.5
"G[0,0](((diagAgeCombo >= 15.000 | AlbCreatRat_mggNew <= 6.590) -> Pt_ChildT1D >= 4.274) & bmi >= 0.685)
",-6.590,-6.590,0.000,1.000,0.000,0,1,0,1,1,1,0,2,0.0,1.0,0.0,0.0,0.5,0.5
"G[0,0](((Pt_GrandparentT1D <= 0.000 | HeightCm <= 179.189) & HbA1c <= 179.196) | BldPrDia <= 178.850)
",77.811,77.811,0.000,1.000,0.000,1,0,1,0,1,1,2,0,1.0,0.0,1.0,0.5,0.5,0.5
"G[1,2](NumPumpBolusOrShortAct <= 5.604 | TotalDailyInsPerKg >= 0.824)
",9999999.000,9999999.000,0.000,1.000,0.000,0,1,1,0,0,2,1,1,0.0,0.5,0.5,0.0,0.5,0.5
"G[1,2]((BGTestAvgNumPtRep >= 2.031 & Pt_SHFlg <= 0.726) & Pt_DKAFlg >= 0.086)
",9999999.000,9999999.000,0.000,1.000,0.000,0,1,0,1,1,1,0,2,0.0,1.0,0.0,0.0,0.5,0.5
"G[1,1](((bmi >= 31.649 & HbA1cImputeDtMnC >= 15.077) -> Pt_MotherT1D <= 21.766) -> HDL >= 7.491)
",7.491,7.491,0.000,1.000,0.000,1,0,1,0,1,1,2,0,1.0,0.0,1.0,0.5,0.5,0.5
"G[1,2](DirectLDL >= 0.000 -> Pt_SHFlg = 0.045)
",9999999.000,9999999.000,0.000,1.000,0.000,0,1,0,1,1,1,0,2,0.0,1.0,0.0,0.0,0.5,0.5
"G[0,1](SMBGperDayPtMeterCombo >= 4.485 & BGTestAvgNumPtRep >= 0.439)
",9999999.000,9999999.000,0.000,1.000,0.000,0,1,0,1,1,1,0,2,0.0,1.0,0.0,0.0,0.5,0.5
"G[0,2](GFR <= 0.000 -> BUN >= 1.749)
",9999999.000,9999999.000,0.000,1.000,0.000,0,1,0,1,1,1,0,2,0.0,1.0,0.0,0.0,0.5,0.5
"G[0,1](SMBGperDayPtMeterCombo >= 4.358 & BGTestAvgNumPtRep >= 3.037)
",9999999.000,9999999.000,0.000,1.000,0.000,0,1,0,1,1,1,0,2,0.0,1.0,0.0,0.0,0.5,0.5
"G[0,2](AlbCreatRat_mggNew <= 6.978 & Pt_CGMUseNumDays >= 6.394)
",9999999.000,9999999.000,0.000,1.000,0.000,0,1,0,1,1,1,0,2,0.0,1.0,0.0,0.0,0.5,0.5
"G[0,2](Pt_InsGov >= 0.000 & Pt_SHFlg = 0.723)
",9999999.000,9999999.000,0.000,1.000,0.000,0,1,0,1,1,1,0,2,0.0,1.0,0.0,0.0,0.5,0.5
"G[1,2](GFR <= 0.000 -> BUN >= 3.305)
",9999999.000,9999999.000,0.000,1.000,0.000,0,1,0,1,1,1,0,2,0.0,1.0,0.0,0.0,0.5,0.5
"G[0,2](TotChol >= 130.871 -> UnitsInsBasalOrLongAct >= 4.143)
",9999999.000,9999999.000,0.000,1.000,0.000,0,1,1,0,0,2,1,1,0.0,0.5,0.5,0.0,0.5,0.5
"G[1,2](((BldPrSys <= 126.812 & LDL <= 71.344) & BldPrDia >= 61.496) & Pt_SHFlg <= 78.515)
",9999999.000,9999999.000,0.000,1.000,0.000,0,1,0,1,1,1,0,2,0.0,1.0,0.0,0.0,0.5,0.5
"G[0,0](AutonomicNeuroCl < 0.000 & Pt_SHFlg = 0.658)
",-13.284,-13.284,0.000,1.000,0.000,0,1,0,1,1,1,0,2,0.0,1.0,0.0,0.0,0.5,0.5
"G[0,1](((HbA1cImputeDtMnC <= 29.835 & Triglyc >= 50.448) | TotChol >= 57.973) -> Pt_A1cGoalLevelDsYr5 >= 53.217)
",9999999.000,9999999.000,0.000,1.000,0.000,0,1,0,1,1,1,0,2,0.0,1.0,0.0,0.0,0.5,0.5
"G[1,1](SMBGperDayPtMeterCombo >= 4.402 & BGTestAvgNumPtRep >= 2.429)
",-4.402,-4.402,0.000,1.000,0.000,1,0,1,0,1,1,2,0,1.0,0.0,1.0,0.5,0.5,0.5
"G[0,1](((AlbCreatRat_mggNew >= 2.477 | WeightKg <= 103.899) -> diagAgeCombo <= 105.413) & Pt_GrandparentT1D <= 102.356)
",9999999.000,9999999.000,0.000,1.000,0.000,1,0,1,0,1,1,2,0,1.0,0.0,1.0,0.5,0.5,0.5
"G[1,1](Pt_A1cGoalLev <= 3.236 -> TotChol >= 128.036)
",-3.236,-3.236,0.000,1.000,0.000,1,0,1,0,1,1,2,0,1.0,0.0,1.0,0.5,0.5,0.5
"G[0,1]((HbA1c >= 7.016 -> TotalDailyInsPerKg >= 0.809) | BUN >= 0.813)
",9999999.000,9999999.000,0.000,1.000,0.000,1,0,1,0,1,1,2,0,1.0,0.0,1.0,0.5,0.5,0.5
"G[0,1](AlbCreatRat_mggNew <= 8.645 & HeightCm >= 177.882)
",9999999.000,9999999.000,0.000,1.000,0.000,0,1,0,1,1,1,0,2,0.0,1.0,0.0,0.0,0.5,0.5
"G[0,1](SMBGperDayPtMeterCombo >= 4.735 & BGTestAvgNumPtRep >= 0.335)
",9999999.000,9999999.000,0.000,1.000,0.000,0,1,0,1,1,1,0,2,0.0,1.0,0.0,0.0,0.5,0.5
"G[0,1]((LDL <= 77.486 & TotChol <= 137.108) & HbA1c >= 128.520)
",9999999.000,9999999.000,0.000,1.000,0.000,0,1,0,1,1,1,0,2,0.0,1.0,0.0,0.0,0.5,0.5
"G[0,1]((HDL >= 51.455 -> TotalDailyInsPerKg <= 0.857) -> bmiPerc <= 0.854)
",9999999.000,9999999.000,0.000,1.000,0.000,1,0,1,0,1,1,2,0,1.0,0.0,1.0,0.5,0.5,0.5
"G[0,1](((AlbCreatRat_mggNew <= 9.460 | diabDur >= 10.125) -> BGTestAvgNumPtRep <= 12.102) -> GFR <= 12.979)
",9999999.000,9999999.000,0.000,1.000,0.000,1,0,1,0,1,1,2,0,1.0,0.0,1.0,0.5,0.5,0.5
"G[1,2](SMBGperDayPtMeterCombo >= 4.602 -> Pt_SHFlg = 0.993)
",9999999.000,9999999.000,0.000,1.000,0.000,0,1,0,1,1,1,0,2,0.0,1.0,0.0,0.0,0.5,0.5
"G[1,1]((bmi >= 31.511 -> Triglyc >= 54.979) & Pt_A1cGoalLev <= 63.181)
",31.511,31.511,0.000,1.000,0.000,1,0,1,0,1,1,2,0,1.0,0.0,1.0,0.5,0.5,0.5
"G[0,0](Pt_GrandchildT1D > 0.000 & Pt_SHFlg = 0.724)
",-13.218,-13.218,0.000,1.000,0.000,0,1,0,1,1,1,0,2,0.0,1.0,0.0,0.0,0.5,0.5
"G[0,1](Pt_SiblingT1D >= 0.000 & Pt_SHFlg = 0.884)
",9999999.000,9999999.000,0.000,1.000,0.000,0,1,0,1,1,1,0,2,0.0,1.0,0.0,0.0,0.5,0.5
"G[1,1](HbA1c >= 6.753 & Pt_SHFlg = 0.933)
",-6.753,-6.753,0.000,1.000,0.000,0,1,0,1,1,1,0,2,0.0,1.0,0.0,0.0,0.5,0.5
"G[0,1](bmi < 32.372 -> Pt_SHFlg = 0.129)
",9999999.000,9999999.000,0.000,1.000,0.000,0,1,0,1,1,1,0,2,0.0,1.0,0.0,0.0,0.5,0.5
"G[1,2](Pt_MotherT1D > 0.000 & Pt_SHFlg = 0.912)
",9999999.000,9999999.000,0.000,1.000,0.000,0,1,0,1,1,1,0,2,0.0,1.0,0.0,0.0,0.5,0.5
"G[1,1](((BldPrSys <= 127.885 & HbA1c >= 6.902) & Pt_GrandchildT1D >= 6.748) & HDL <= 7.236)
",-6.902,-6.902,0.000,1.000,0.000,0,1,0,1,1,1,0,2,0.0,1.0,0.0,0.0,0.5,0.5
"G[1,2](HeightCm <= 179.400 & Pt_SHFlg = 0.953)
",9999999.000,9999999.000,0.000,1.000,0.000,0,1,0,1,1,1,0,2,0.0,1.0,0.0,0.0,0.5,0.5
"G[0,0](((HDL >= 49.645 -> Triglyc <= 66.943) | HbA1cImputeDtMnC <= 63.537) | Pt_GrandchildT1D <= 66.466)
",66.466,66.466,0.000,1.000,0.000,1,0,1,0,1,1,2,0,1.0,0.0,1.0,0.5,0.5,0.5
"G[0,0](TotChol <= 140.913 & Pt_SHFlg = 0.762)
",-13.180,-13.180,0.000,1.000,0.000,0,1,0,1,1,1,0,2,0.0,1.0,0.0,0.0,0.5,0.5
"G[0,1](diagAgeCombo < 15.000 & Pt_SHFlg = 0.840)
",9999999.000,9999999.000,0.000,1.000,0.000,0,1,0,1,1,1,0,2,0.0,1.0,0.0,0.0,0.5,0.5
"G[0,2]((bmi <= 32.754 & WeightKg <= 104.606) | Pt_InsGov >= 101.701)
",9999999.000,9999999.000,0.000,1.000,0.000,0,1,1,0,0,2,1,1,0.0,0.5,0.5,0.0,0.5,0.5
"G[1,2](((BldPrDia <= 80.929 & UnitsInsBasalOrLongAct <= 26.176) & BldPrSys >= 18.917) & WeightKg >= 5.569)
",9999999.000,9999999.000,0.000,1.000,0.000,0,1,0,1,1,1,0,2,0.0,1.0,0.0,0.0,0.5,0.5
"G[0,1](((BldPrSys >= 114.418 & Triglyc >= 62.494) & UnitsInsBasalOrLongAct >= 55.542) & bmi >= 54.878)
",9999999.000,9999999.000,0.000,1.000,0.000,0,1,0,1,1,1,0,2,0.0,1.0,0.0,0.0,0.5,0.5
"G[0,1](HbA1cImputeDtMnC >= 2.064 & WeightKg >= 99.062)
",9999999.000,9999999.000,0.000,1.000,0.000,0,1,0,1,1,1,0,2,0.0,1.0,0.0,0.0,0.5,0.5
"G[1,2](BldPrSys <= 129.770 & TotalDailyInsPerKg >= 0.819)
",9999999.000,9999999.000,0.000,1.000,0.000,0,1,0,1,1,1,0,2,0.0,1.0,0.0,0.0,0.5,0.5
"G[0,1](SMBGperDayPtMeterCombo >= 4.410 & BGTestAvgNumPtRep >= 1.090)
",9999999.000,9999999.000,0.000,1.000,0.000,0,1,0,1,1,1,0,2,0.0,1.0,0.0,0.0,0.5,0.5
"G[1,1](GFR <= 0.000 -> BUN >= 0.207)
",0.000,0.000,0.000,1.000,0.000,0,1,0,1,1,1,0,2,0.0,1.0,0.0,0.0,0.5,0.5
"G[0,1]((bmiZscore >= 0.909 | Pt_CGMUseNumDays <= 12.665) & bmiZscore >= 6.478)
",9999999.000,9999999.000,0.000,1.000,0.000,0,1,0,1,1,1,0,2,0.0,1.0,0.0,0.0,0.5,0.5
"G[0,0](SMBGperDayPtMeterCombo >= 4.210 & BGTestAvgNumPtRep >= 0.080)
",4.920,4.920,0.000,1.000,0.000,0,1,0,1,1,1,0,2,0.0,1.0,0.0,0.0,0.5,0.5
"G[1,1](GFR <= 0.000 -> BUN >= 4.438)
",0.000,0.000,0.000,1.000,0.000,0,1,0,1,1,1,0,2,0.0,1.0,0.0,0.0,0.5,0.5
"G[1,1](HDL >= 49.062 & TotChol <= 138.785)
",-49.062,-49.062,0.000,1.000,0.000,1,0,1,0,1,1,2,0,1.0,0.0,1.0,0.5,0.5,0.5
"G[0,1](SMBGperDayPtMeterCombo >= 4.103 & BGTestAvgNumPtRep >= 0.525)
",9999999.000,9999999.000,0.000,1.000,0.000,0,1,0,1,1,1,0,2,0.0,1.0,0.0,0.0,0.5,0.5
"G[0,2](Pt_A1cGoalLevelDsYr5 < 0.000 & Pt_SHFlg = 0.275)
",9999999.000,9999999.000,0.000,1.000,0.000,0,1,0,1,1,1,0,2,0.0,1.0,0.0,0.0,0.5,0.5
"G[1,1]((age <= 27.034 -> bmi >= 31.109) -> DirectLDL >= 31.633)
",27.034,27.034,0.000,1.000,0.000,0,1,0,1,1,1,0,2,0.0,1.0,0.0,0.0,0.5,0.5
"G[0,2](((LDL >= 68.003 | Triglyc <= 68.258) & Pt_ChildT1D <= 68.865) & AutonomicNeuroCl >= 55.110)
",9999999.000,9999999.000,0.000,1.000,0.000,0,1,0,1,1,1,0,2,0.0,1.0,0.0,0.0,0.5,0.5
"G[0,1](GFR <= 0.000 -> BUN >= 3.249)
",9999999.000,9999999.000,0.000,1.000,0.000,0,1,0,1,1,1,0,2,0.0,1.0,0.0,0.0,0.5,0.5
"G[0,0](((BldPrDia >= 74.388 | diabDur <= 11.262) -> Pt_GrandchildT1D >= 10.351) | diagAgeCombo >= 10.768)
",-10.768,-10.768,0.000,1.000,0.000,1,0,1,0,1,1,2,0,1.0,0.0,1.0,0.5,0.5,0.5
"G[0,1](((diabDur >= 10.620 -> TotalDailyInsPerKg >= 0.815) & diabDur <= 0.865) & AlbCreatRat_mggNew >= 0.818)
",9999999.000,9999999.000,0.000,1.000,0.000,0,1,0,1,1,1,0,2,0.0,1.0,0.0,0.0,0.5,0.5
"G[1,2](Pt_CGMUseNumDays >= 5.359 & TotalDailyInsPerKg >= 0.803)
",9999999.000,9999999.000,0.000,1.000,0.000,0,1,0,1,1,1,0,2,0.0,1.0,0.0,0.0,0.5,0.5
"G[1,1](SMBGperDayPtMeterCombo >= 4.342 & BGTestAvgNumPtRep >= 0.816)
",-4.342,-4.342,0.000,1.000,0.000,1,0,1,0,1,1,2,0,1.0,0.0,1.0,0.5,0.5,0.5
"G[1,2]((BldPrSys >= 114.787 & bmi <= 33.061) & BldPrSys <= 32.011)
",9999999.000,9999999.000,0.000,1.000,0.000,0,1,0,1,1,1,0,2,0.0,1.0,0.0,0.0,0.5,0.5
"G[0,1](GFR <= 0.000 -> BUN >= 0.903)
",9999999.000,9999999.000,0.000,1.000,0.000,0,1,0,1,1,1,0,2,0.0,1.0,0.0,0.0,0.5,0.5
"G[0,0](((diabDur >= 10.392 -> Triglyc >= 61.044) -> Pt_SHFlg >= 60.091) -> Pt_InsGov <= 63.724)
",-63.724,-63.724,0.000,1.000,0.000,1,0,1,0,1,1,2,0,1.0,0.0,1.0,0.5,0.5,0.5
"G[1,2]((diabDur <= 12.804 & WeightKg >= 98.640) | GFR <= 102.532)
",9999999.000,9999999.000,0.000,1.000,0.000,0,0,2,0,0,2,2,0,0.0,0.0,1.0,0.0,0.0,1.0
"G[1,2](TotChol >= 132.014 | Pt_GrandchildT1D <= 0.000)
",9999999.000,9999999.000,0.000,1.000,0.000,0,0,2,0,0,2,2,0,0.0,0.0,1.0,0.0,0.0,1.0
"G[0,2](((SMBGperDayPtMeterCombo <= 4.904 -> Triglyc >= 57.639) & BldPrDia <= 64.558) -> DirectLDL <= 65.412)
",9999999.000,9999999.000,0.000,1.000,0.000,0,0,2,0,0,2,2,0,0.0,0.0,1.0,0.0,0.0,1.0
"G[2,2]((Pt_A1cGoalLevelDsYr5 <= 0.000 -> HbA1cImputeDtMnC >= 8.701) -> HDL >= 17.786)
",0.000,0.000,0.000,1.000,0.000,0,0,2,0,0,2,2,0,0.0,0.0,1.0,0.0,0.0,1.0
"G[1,2](((BGTestAvgNumPtRep <= 3.949 & HeightCm >= 178.272) | age >= 178.025) -> Pt_SiblingT1D >= 178.206)
",9999999.000,9999999.000,0.000,1.000,0.000,0,0,2,0,0,2,2,0,0.0,0.0,1.0,0.0,0.0,1.0
"G[1,2](((diagAgeCombo <= 15.000 & Pt_GrandchildT1D <= 0.000) -> Pt_GrandparentT1D >= 0.000) | SMBGperDayPtMeterCombo <= 0.000)
",9999999.000,9999999.000,0.000,1.000,0.000,0,0,2,0,0,2,2,0,0.0,0.0,1.0,0.0,0.0,1.0
"G[0,2]((age >= 25.729 -> bmiZscore <= 1.226) & SMBGperDayPtMeterCombo >= 1.046)
",9999999.000,9999999.000,0.000,1.000,0.000,0,0,2,0,0,2,2,0,0.0,0.0,1.0,0.0,0.0,1.0
"G[0,2]((TSH <= 0.000 & DirectLDL >= 0.000) | BldPrSys >= 0.000)
",9999999.000,9999999.000,0.000,1.000,0.000,0,0,2,0,0,2,2,0,0.0,0.0,1.0,0.0,0.0,1.0
"G[0,2]((TotChol >= 127.371 & SMBGperDayPtMeterCombo <= 4.928) | DirectLDL <= 4.943)
",9999999.000,9999999.000,0.000,1.000,0.000,0,0,2,0,0,2,2,0,0.0,0.0,1.0,0.0,0.0,1.0
"G[0,2](((LDL >= 64.277 & TotalDailyInsPerKg <= 0.916) & age >= 0.799) -> WeightKg >= 0.797)
",9999999.000,9999999.000,0.000,1.000,0.000,0,0,2,0,0,2,2,0,0.0,0.0,1.0,0.0,0.0,1.0
"G[1,2](Pt_A1cGoalLev <= 5.906 -> Pt_SHFlg = 0.196)
",9999999.000,9999999.000,0.000,1.000,0.000,0,0,1,1,1,1,1,1,0.0,0.0,1.0,0.0,0.0,1.0
"G[2,2](((HbA1c <= 7.533 | DirectLDL >= 0.000) -> Pt_SiblingT1D >= 0.000) | Pt_SHFlg >= 0.000)
",0.000,0.000,0.000,1.000,0.000,0,0,2,0,0,2,2,0,0.0,0.0,1.0,0.0,0.0,1.0
"G[2,2]((Pt_ChildT1D <= 0.000 -> TotChol <= 138.231) | Pt_SHFlg <= 141.945)
",141.945,141.945,0.000,1.000,0.000,0,0,2,0,0,2,2,0,0.0,0.0,1.0,0.0,0.0,1.0
"G[1,2]((TotalDailyInsPerKg >= 0.828 & BldPrSys <= 124.096) -> BGTestAvgNumPtRep >= 122.385)
",9999999.000,9999999.000,0.000,1.000,0.000,0,0,2,0,0,2,2,0,0.0,0.0,1.0,0.0,0.0,1.0
"G[0,2](((TSH >= 0.000 -> Pt_CGMUseNumDays <= 16.455) & BldPrSys <= 22.806) -> Pt_FatherT1D <= 21.137)
",9999999.000,9999999.000,0.000,1.000,0.000,0,0,2,0,0,2,2,0,0.0,0.0,1.0,0.0,0.0,1.0
"G[0,2]((WeightKg >= 100.172 | bmi >= 31.081) -> UnitsInsBasalOrLongAct <= 37.957)
",9999999.000,9999999.000,0.000,1.000,0.000,0,0,1,1,1,1,1,1,0.0,0.0,1.0,0.0,0.0,1.0
"G[1,2]((Triglyc <= 66.952 -> diagAgeCombo <= 15.000) | Pt_A1cGoalLevelDsYr5 >= 15.000)
",9999999.000,9999999.000,0.000,1.000,0.000,0,0,2,0,0,2,2,0,0.0,0.0,1.0,0.0,0.0,1.0
"G[2,2]((WeightKg >= 100.327 | bmi >= 31.210) -> UnitsInsBasalOrLongAct <= 30.609)
",-30.609,-30.609,0.000,1.000,0.000,0,0,2,0,0,2,2,0,0.0,0.0,1.0,0.0,0.0,1.0
"G[0,2]((WeightKg >= 99.143 | bmi >= 31.634) -> UnitsInsBasalOrLongAct <= 19.131)
",9999999.000,9999999.000,0.000,1.000,0.000,0,0,1,1,1,1,1,1,0.0,0.0,1.0,0.0,0.0,1.0
"G[0,0](GFR <= 0.000 -> BUN >= 1.371)
",-67.629,-67.629,0.000,1.000,0.000,0,0,1,1,1,1,1,1,0.0,0.0,1.0,0.0,0.0,1.0
"G[0,2]((WeightKg >= 100.568 | bmi >= 31.084) -> UnitsInsBasalOrLongAct <= 20.622)
",9999999.000,9999999.000,0.000,1.000,0.000,0,0,1,1,1,1,1,1,0.0,0.0,1.0,0.0,0.0,1.0
"G[1,2](SMBGperDayPtMeterCombo >= 4.124 & BGTestAvgNumPtRep >= 0.375)
",9999999.000,9999999.000,0.000,1.000,0.000,0,0,2,0,0,2,2,0,0.0,0.0,1.0,0.0,0.0,1.0
"G[1,2]((AutonomicNeuroCl >= 0.000 | Pt_GrandchildT1D <= 0.000) & Pt_MotherT1D >= 0.000)
",9999999.000,9999999.000,0.000,1.000,0.000,0,0,2,0,0,2,2,0,0.0,0.0,1.0,0.0,0.0,1.0
"G[0,1]((WeightKg >= 99.135 | bmi >= 31.670) -> UnitsInsBasalOrLongAct <= 29.574)
",9999999.000,9999999.000,0.000,1.000,0.000,0,0,1,1,1,1,1,1,0.0,0.0,1.0,0.0,0.0,1.0
"G[0,2]((HbA1cImputeDtMnC <= 25.343 | diagAgeCombo >= 15.000) | HDL <= 15.000)
",9999999.000,9999999.000,0.000,1.000,0.000,0,0,2,0,0,2,2,0,0.0,0.0,1.0,0.0,0.0,1.0
"G[2,2]((Pt_SiblingT1D <= 0.000 & AlbCreatRat_mggNew <= 9.310) | Pt_FatherT1D <= 7.046)
",7.046,7.046,0.000,1.000,0.000,0,0,2,0,0,2,2,0,0.0,0.0,1.0,0.0,0.0,1.0
"G[2,2](diabDur < 11.879 & Pt_SHFlg = 0.128)
",-0.128,-0.128,0.000,1.000,0.000,0,0,2,0,0,2,2,0,0.0,0.0,1.0,0.0,0.0,1.0
"G[0,2]((WeightKg >= 98.931 | bmi >= 31.729) -> UnitsInsBasalOrLongAct <= 30.035)
",9999999.000,9999999.000,0.000,1.000,0.000,0,0,1,1,1,1,1,1,0.0,0.0,1.0,0.0,0.0,1.0
"G[1,2](((HbA1cImputeDtMnC <= 40.257 | TotChol >= 135.642) & UnitsInsBasalOrLongAct <= 145.759) & bmiZscore <= 140.830)
",9999999.000,9999999.000,0.000,1.000,0.000,0,0,1,1,1,1,1,1,0.0,0.0,1.0,0.0,0.0,1.0
"G[0,2]((WeightKg >= 98.079 | bmi >= 31.551) -> UnitsInsBasalOrLongAct <= 36.484)
",9999999.000,9999999.000,0.000,1.000,0.000,0,0,1,1,1,1,1,1,0.0,0.0,1.0,0.0,0.0,1.0
"G[2,2]((AutonomicNeuroCl <= 0.000 -> BldPrDia <= 76.096) | BGTestAvgNumMeter <= 79.098)
",79.098,79.098,0.000,1.000,0.000,0,0,2,0,0,2,2,0,0.0,0.0,1.0,0.0,0.0,1.0
"G[0,1]((WeightKg >= 101.400 | bmi >= 31.305) -> UnitsInsBasalOrLongAct <= 25.008)
",9999999.000,9999999.000,0.000,1.000,0.000,0,0,1,1,1,1,1,1,0.0,0.0,1.0,0.0,0.0,1.0
"G[0,0](GFR <= 0.000 -> BUN >= 4.852)
",-64.148,-64.148,0.000,1.000,0.000,0,0,1,1,1,1,1,1,0.0,0.0,1.0,0.0,0.0,1.0
"G[0,0](GFR <= 0.000 -> BUN >= 4.692)
",-64.308,-64.308,0.000,1.000,0.000,0,0,1,1,1,1,1,1,0.0,0.0,1.0,0.0,0.0,1.0
"G[1,2]((WeightKg >= 100.732 | bmi >= 31.226) -> UnitsInsBasalOrLongAct <= 29.866)
",9999999.000,9999999.000,0.000,1.000,0.000,0,0,2,0,0,2,2,0,0.0,0.0,1.0,0.0,0.0,1.0
"G[2,2](BUN >= 2.286 -> TotalDailyInsPerKg <= 0.924)
",-0.924,-0.924,0.000,1.000,0.000,0,0,2,0,0,2,2,0,0.0,0.0,1.0,0.0,0.0,1.0
"G[0,2](age <= 27.761 -> UnitsInsBasalOrLongAct <= 35.726)
",9999999.000,9999999.000,0.000,1.000,0.000,0,0,1,1,1,1,1,1,0.0,0.0,1.0,0.0,0.0,1.0
"G[0,2]((HDL >= 51.444 -> Pt_InsGov <= 0.000) & Pt_SHFlg >= 0.000)
",9999999.000,9999999.000,0.000,1.000,0.000,0,0,2,0,0,2,2,0,0.0,0.0,1.0,0.0,0.0,1.0
"G[2,2](((TotalDailyInsPerKg >= 0.806 -> LDL <= 77.241) -> Pt_GrandparentT1D >= 64.953) | bmiZscore >= 63.924)
",64.953,64.953,0.000,1.000,0.000,0,0,2,0,0,2,2,0,0.0,0.0,1.0,0.0,0.0,1.0
"G[0,2](Pt_DKAFlg <= 0.000 | diagAgeCombo >= 15.000)
",9999999.000,9999999.000,0.000,1.000,0.000,0,0,2,0,0,2,2,0,0.0,0.0,1.0,0.0,0.0,1.0
"G[0,0]((WeightKg >= 100.574 | bmi >= 31.877) -> UnitsInsBasalOrLongAct <= 19.161)
",-7.361,-7.361,0.000,1.000,0.000,0,0,1,1,1,1,1,1,0.0,0.0,1.0,0.0,0.0,1.0
"G[0,2]((age >= 25.596 | UnitsInsBasalOrLongAct >= 9.609) | age >= 17.846)
",9999999.000,9999999.000,0.000,1.000,0.000,0,0,2,0,0,2,2,0,0.0,0.0,1.0,0.0,0.0,1.0
"G[1,2](age >= 26.309 | BldPrDia >= 70.039)
",9999999.000,9999999.000,0.000,1.000,0.000,0,0,2,0,0,2,2,0,0.0,0.0,1.0,0.0,0.0,1.0
"G[0,2](((bmi >= 31.335 -> HbA1c <= 7.075) -> bmi >= 6.835) -> AutonomicNeuroCl <= 7.463)
",9999999.000,9999999.000,0.000,1.000,0.000,0,0,2,0,0,2,2,0,0.0,0.0,1.0,0.0,0.0,1.0
"G[1,2](((BldPrSys >= 114.859 & diabDur <= 11.621) & diabDur <= 11.894) -> TotChol >= 11.178)
",9999999.000,9999999.000,0.000,1.000,0.000,0,0,2,0,0,2,2,0,0.0,0.0,1.0,0.0,0.0,1.0
"G[1,2]((bmi <= 32.505 | TotChol >= 129.643) | BUN <= 147.715)
",9999999.000,9999999.000,0.000,1.000,0.000,0,0,2,0,0,2,2,0,0.0,0.0,1.0,0.0,0.0,1.0
"G[0,2]((age <= 27.719 | TotChol <= 137.130) | Pt_A1cGoalLevelDsYr5 <= 140.398)
",9999999.000,9999999.000,0.000,1.000,0.000,0,0,2,0,0,2,2,0,0.0,0.0,1.0,0.0,0.0,1.0
"G[2,2](((HbA1c >= 6.920 -> LDL >= 63.651) & BUN <= 76.974) | HeightCm >= 70.442)
",6.920,6.920,0.000,1.000,0.000,0,0,2,0,0,2,2,0,0.0,0.0,1.0,0.0,0.0,1.0
"G[0,1]((NumPumpBolusOrShortAct <= 6.208 & UnitsInsBasalOrLongAct <= 34.090) & diagAgeCombo <= 27.014)
",9999999.000,9999999.000,0.000,1.000,0.000,0,0,1,1,1,1,1,1,0.0,0.0,1.0,0.0,0.0,1.0
"G[1,2]((BldPrSys <= 129.143 -> UnitsInsBasalOrLongAct <= 30.030) & BldPrDia >= 10.543)
",9999999.000,9999999.000,0.000,1.000,0.000,0,0,1,1,1,1,1,1,0.0,0.0,1.0,0.0,0.0,1.0
"G[2,2](((LDL <= 78.650 -> NumPumpBolusOrShortAct <= 5.612) | AutonomicNeuroCl <= 5.604) | Pt_SiblingT1D <= 5.563)
",5.604,5.604,0.000,1.000,0.000,0,0,2,0,0,2,2,0,0.0,0.0,1.0,0.0,0.0,1.0
"G[1,2](((BGTestAvgNumPtRep >= 1.346 | Triglyc <= 64.672) -> Pt_ChildT1D <= 63.201) & GFR <= 64.609)
",9999999.000,9999999.000,0.000,1.000,0.000,0,0,2,0,0,2,2,0,0.0,0.0,1.0,0.0,0.0,1.0
"G[1,2]((diabDur >= 10.884 | Pt_A1cGoalLev >= 1.217) | TotalDailyInsPerKg >= 0.271)
",9999999.000,9999999.000,0.000,1.000,0.000,0,0,2,0,0,2,2,0,0.0,0.0,1.0,0.0,0.0,1.0
"G[1,2]((diabDur >= 10.294 -> HbA1c >= 6.960) & Pt_GrandparentT1D <= 7.441)
",9999999.000,9999999.000,0.000,1.000,0.000,0,0,1,1,1,1,1,1,0.0,0.0,1.0,0.0,0.0,1.0
"G[1,2](((NumPumpBolusOrShortAct <= 6.081 -> Pt_CGMUseNumDays >= 2.038) & BldPrDia <= 9.863) -> HeightCm <= 14.114)
",9999999.000,9999999.000,0.000,1.000,0.000,0,0,2,0,0,2,2,0,0.0,0.0,1.0,0.0,0.0,1.0
"G[0,0](bmi >= 31.415 & Pt_A1cGoalLev <= 4.072)
",-31.415,-31.415,0.000,1.000,0.000,0,0,1,1,1,1,1,1,0.0,0.0,1.0,0.0,0.0,1.0
"G[0,2](BldPrSys >= 115.776 | TotChol >= 129.416)
",9999999.000,9999999.000,0.000,1.000,0.000,0,0,2,0,0,2,2,0,0.0,0.0,1.0,0.0,0.0,1.0
"G[0,2]((diabDur >= 11.047 & HDL <= 55.165) -> HeightCm >= 50.932)
",9999999.000,9999999.000,0.000,1.000,0.000,0,0,2,0,0,2,2,0,0.0,0.0,1.0,0.0,0.0,1.0
"G[2,2]((AlbCreatRat_mggNew <= 11.846 & BGTestAvgNumMeter <= 2.656) & TSH <= 4.011)
",2.656,2.656,0.000,1.000,0.000,0,0,2,0,0,2,2,0,0.0,0.0,1.0,0.0,0.0,1.0
"G[2,2]((TotChol <= 144.993 & WeightKg >= 98.613) | Pt_A1cGoalLevelDsYr5 >= 99.668)
",-98.613,-98.613,0.000,1.000,0.000,0,0,2,0,0,2,2,0,0.0,0.0,1.0,0.0,0.0,1.0
"G[0,1]((HbA1c >= 6.941 & NumPumpBolusOrShortAct >= 4.306) | HeightCm <= 6.531)
",9999999.000,9999999.000,0.000,1.000,0.000,0,0,1,1,1,1,1,1,0.0,0.0,1.0,0.0,0.0,1.0
"G[1,2]((TotalDailyInsPerKg <= 0.847 | UnitsInsBasalOrLongAct <= 30.499) -> NumPumpBolusOrShortAct <= 27.194)
",9999999.000,9999999.000,0.000,1.000,0.000,0,0,2,0,0,2,2,0,0.0,0.0,1.0,0.0,0.0,1.0
"G[1,2]((age <= 27.645 -> BldPrSys <= 130.034) | Triglyc <= 124.518)
",9999999.000,9999999.000,0.000,1.000,0.000,0,0,2,0,0,2,2,0,0.0,0.0,1.0,0.0,0.0,1.0
"G[2,2]((BGTestAvgNumPtRep <= 3.950 & Pt_A1cGoalLev >= 0.188) -> TotChol <= 5.250)
",-5.250,-5.250,0.000,1.000,0.000,0,0,2,0,0,2,2,0,0.0,0.0,1.0,0.0,0.0,1.0
"G[0,2](((BldPrDia <= 82.532 & TotalDailyInsPerKg >= 0.821) & BldPrSys >= 0.815) -> NumPumpBolusOrShortAct <= 0.885)
",9999999.000,9999999.000,0.000,1.000,0.000,0,0,2,0,0,2,2,0,0.0,0.0,1.0,0.0,0.0,1.0
"G[0,2]((BldPrDia <= 81.240 & Triglyc >= 53.967) | Pt_InsGov <= 67.339)
",9999999.000,9999999.000,0.000,1.000,0.000,0,0,2,0,0,2,2,0,0.0,0.0,1.0,0.0,0.0,1.0
"G[2,2](AlbCreatRat_mggNew <= 9.760 -> HDL >= 50.697)
",-9.760,-9.760,0.000,1.000,0.000,0,0,2,0,0,2,2,0,0.0,0.0,1.0,0.0,0.0,1.0
"G[0,2](AlbCreatRat_mggNew >= 4.177 | Triglyc <= 64.420)
",9999999.000,9999999.000,0.000,1.000,0.000,0,0,1,1,1,1,1,1,0.0,0.0,1.0,0.0,0.0,1.0
"G[1,2](((HeightCm >= 178.005 | Pt_A1cGoalLev >= 0.930) | Pt_A1cGoalLev >= 0.882) -> Pt_SHFlg <= 3.242)
",9999999.000,9999999.000,0.000,1.000,0.000,0,0,2,0,0,2,2,0,0.0,0.0,1.0,0.0,0.0,1.0
"G[1,2](BldPrSys >= 120.861 -> HbA1cImputeDtMnC <= 24.482)
",9999999.000,9999999.000,0.000,1.000,0.000,0,0,1,1,1,1,1,1,0.0,0.0,1.0,0.0,0.0,1.0
"G[0,2](((BldPrSys >= 118.742 | NumPumpBolusOrShortAct <= 5.262) & age >= 3.003) | age >= 3.430)
",9999999.000,9999999.000,0.000,1.000,0.000,0,0,2,0,0,2,2,0,0.0,0.0,1.0,0.0,0.0,1.0
"G[1,2]((BGTestAvgNumMeter <= 4.287 & LDL >= 61.685) -> diagAgeCombo >= 62.367)
",9999999.000,9999999.000,0.000,1.000,0.000,0,0,1,1,1,1,1,1,0.0,0.0,1.0,0.0,0.0,1.0
"G[1,2]((HDL >= 51.641 -> Pt_A1cGoalLev >= 0.527) -> NumPumpBolusOrShortAct >= 0.028)
",9999999.000,9999999.000,0.000,1.000,0.000,0,0,2,0,0,2,2,0,0.0,0.0,1.0,0.0,0.0,1.0
"G[1,2]((age <= 27.750 | HDL <= 55.661) -> DirectLDL <= 55.452)
",9999999.000,9999999.000,0.000,1.000,0.000,0,0,2,0,0,2,2,0,0.0,0.0,1.0,0.0,0.0,1.0
"G[0,2]((BGTestAvgNumPtRep >= 0.800 | diabDur >= 11.217) | BldPrSys >= 11.061)
",9999999.000,9999999.000,0.000,1.000,0.000,0,0,2,0,0,2,2,0,0.0,0.0,1.0,0.0,0.0,1.0
"G[2,2](NumPumpBolusOrShortAct <= 5.708 & WeightKg >= 101.095)
",-101.095,-101.095,0.000,1.000,0.000,0,0,2,0,0,2,2,0,0.0,0.0,1.0,0.0,0.0,1.0
"G[0,0](((BGTestAvgNumMeter >= 0.941 & bmiZscore <= 1.097) & HeightCm <= 1.280) | AlbCreatRat_mggNew >= 0.970)
",-0.970,-0.970,0.000,1.000,0.000,0,0,1,1,1,1,1,1,0.0,0.0,1.0,0.0,0.0,1.0
"G[1,1]((bmiZscore >= 0.960 & HbA1c >= 6.754) | Pt_CGMUseNumDays >= 6.986)
",-6.754,-6.754,0.000,1.000,0.000,0,0,1,1,1,1,1,1,0.0,0.0,1.0,0.0,0.0,1.0
"G[2,2]((WeightKg >= 98.318 -> BGTestAvgNumPtRep <= 3.732) & Pt_FatherT1D >= 1.869)
",-3.732,-3.732,0.000,1.000,0.000,0,0,2,0,0,2,2,0,0.0,0.0,1.0,0.0,0.0,1.0
"G[0,1](((BUN >= 1.565 | diabDur >= 11.226) & diabDur >= 10.707) -> TotalDailyInsPerKg >= 11.214)
",9999999.000,9999999.000,0.000,1.000,0.000,0,0,1,1,1,1,1,1,0.0,0.0,1.0,0.0,0.0,1.0
"G[0,2](AlbCreatRat_mggNew <= 10.287 | bmi >= 31.295)
",9999999.000,9999999.000,0.000,1.000,0.000,0,0,2,0,0,2,2,0,0.0,0.0,1.0,0.0,0.0,1.0
"G[0,2]((bmi <= 31.998 & diabDur <= 11.803) -> BUN <= 11.798)
",9999999.000,9999999.000,0.000,1.000,0.000,0,0,2,0,0,2,2,0,0.0,0.0,1.0,0.0,0.0,1.0
"G[2,2](DirectLDL >= 0.000 | TotalDailyInsPerKg >= 0.825)
",0.000,0.000,0.000,1.000,0.000,0,0,2,0,0,2,2,0,0.0,0.0,1.0,0.0,0.0,1.0
"G[1,2](BGTestAvgNumMeter <= 4.225 | bmi <= 32.072)
",9999999.000,9999999.000,0.000,1.000,0.000,0,0,2,0,0,2,2,0,0.0,0.0,1.0,0.0,0.0,1.0
"G[1,2](((BldPrDia <= 80.562 | bmiZscore <= 1.168) | UnitsInsBasalOrLongAct <= 1.180) -> TotalDailyInsPerKg <= 1.289)
",9999999.000,9999999.000,0.000,1.000,0.000,0,0,2,0,0,2,2,0,0.0,0.0,1.0,0.0,0.0,1.0
"G[1,1](bmiZscore <= 1.153 -> UnitsInsBasalOrLongAct <= 23.141)
",-23.141,-23.141,0.000,1.000,0.000,0,0,1,1,1,1,1,1,0.0,0.0,1.0,0.0,0.0,1.0
"G[0,2]((bmi >= 31.512 -> UnitsInsBasalOrLongAct <= 29.389) | GFR >= 14.499)
",9999999.000,9999999.000,0.000,1.000,0.000,0,0,2,0,0,2,2,0,0.0,0.0,1.0,0.0,0.0,1.0
"G[0,0](((LDL >= 68.466 -> Pt_A1cGoalLev <= 2.241) | diagAgeCombo >= 1.222) -> SMBGperDayPtMeterCombo <= 4.304)
",-12.759,-12.759,0.000,1.000,0.000,0,0,1,1,1,1,1,1,0.0,0.0,1.0,0.0,0.0,1.0
"G[1,2]((HeightCm <= 179.165 & diabDur >= 10.349) -> Pt_ChildT1D <= 12.374)
",9999999.000,9999999.000,0.000,1.000,0.000,0,0,2,0,0,2,2,0,0.0,0.0,1.0,0.0,0.0,1.0
"G[0,2](((age <= 27.938 | TotChol >= 135.044) | bmiPerc >= 132.799) & BGTestAvgNumPtRep <= 144.196)
",9999999.000,9999999.000,0.000,1.000,0.000,0,0,1,1,1,1,1,1,0.0,0.0,1.0,0.0,0.0,1.0
"G[0,0](((HeightCm <= 178.526 -> TotalDailyInsPerKg <= 0.885) & age >= 0.789) -> Pt_GrandchildT1D >= 0.831)
",0.831,0.831,0.000,1.000,0.000,0,0,1,1,1,1,1,1,0.0,0.0,1.0,0.0,0.0,1.0
"G[2,2]((BGTestAvgNumPtRep <= 4.145 & WeightKg >= 99.991) & diagAgeCombo <= 104.917)
",-99.991,-99.991,0.000,1.000,0.000,0,0,2,0,0,2,2,0,0.0,0.0,1.0,0.0,0.0,1.0
"G[0,2](NumPumpBolusOrShortAct >= 4.300 & HeightCm <= 179.844)
",9999999.000,9999999.000,0.000,1.000,0.000,0,0,1,1,1,1,1,1,0.0,0.0,1.0,0.0,0.0,1.0
"G[0,2](((AlbCreatRat_mggNew <= 8.979 -> GFR >= 0.000) & Pt_MotherT1D >= 0.000) -> BldPrSys >= 0.000)
",9999999.000,9999999.000,0.000,1.000,0.000,0,0,2,0,0,2,2,0,0.0,0.0,1.0,0.0,0.0,1.0
"G[1,2](((Pt_A1cGoalLev <= 4.114 -> Pt_CGMUseNumDays >= 1.265) | Pt_SiblingT1D >= 6.519) | Pt_SiblingT1D <= 7.859)
",9999999.000,9999999.000,0.000,1.000,0.000,0,0,2,0,0,2,2,0,0.0,0.0,1.0,0.0,0.0,1.0
"G[1,2](((bmi <= 32.598 & TotalDailyInsPerKg <= 0.843) | BGTestAvgNumMeter <= 0.885) | Pt_GrandparentT1D <= 0.893)
",9999999.000,9999999.000,0.000,1.000,0.000,0,0,2,0,0,2,2,0,0.0,0.0,1.0,0.0,0.0,1.0
"G[2,2](((GFR <= 0.000 & AlbCreatRat_mggNew <= 7.730) | bmiZscore <= 7.817) & Pt_MotherT1D >= 1.766)
",-1.766,-1.766,0.000,1.000,0.000,0,0,2,0,0,2,2,0,0.0,0.0,1.0,0.0,0.0,1.0
"G[1,2](((Pt_FatherT1D >= 0.000 -> LDL <= 74.248) & HeightCm >= 59.318) | SMBGperDayPtMeterCombo >= 65.918)
",9999999.000,9999999.000,0.000,1.000,0.000,0,0,2,0,0,2,2,0,0.0,0.0,1.0,0.0,0.0,1.0
"G[0,2](BGTestAvgNumMeter <= 2.636 -> TotalDailyInsPerKg >= 0.811)
",9999999.000,9999999.000,0.000,1.000,0.000,0,0,2,0,0,2,2,0,0.0,0.0,1.0,0.0,0.0,1.0
"G[0,2](((WeightKg <= 104.968 | BldPrDia <= 83.106) | AutonomicNeuroCl <= 78.929) | AlbCreatRat_mggNew <= 83.557)
",9999999.000,9999999.000,0.000,1.000,0.000,0,0,2,0,0,2,2,0,0.0,0.0,1.0,0.0,0.0,1.0
"G[1,2]((age <= 27.984 & TotalDailyInsPerKg >= 0.795) -> Pt_GrandparentT1D >= 0.820)
",9999999.000,9999999.000,0.000,1.000,0.000,0,0,2,0,0,2,2,0,0.0,0.0,1.0,0.0,0.0,1.0
"G[1,2](BGTestAvgNumPtRep >= 1.161 | bmiPerc <= 0.000)
",9999999.000,9999999.000,0.000,1.000,0.000,0,0,2,0,0,2,2,0,0.0,0.0,1.0,0.0,0.0,1.0
"G[2,2]((BGTestAvgNumPtRep <= 4.186 | NumPumpBolusOrShortAct <= 5.340) | AutonomicNeuroCl <= 5.449)
",5.449,5.449,0.000,1.000,0.000,0,0,2,0,0,2,2,0,0.0,0.0,1.0,0.0,0.0,1.0
"G[1,2](((Pt_InsGov >= 0.000 -> HbA1cImputeDtMnC >= 14.671) -> age <= 36.968) | AutonomicNeuroCl <= 20.648)
",9999999.000,9999999.000,0.000,1.000,0.000,0,0,2,0,0,2,2,0,0.0,0.0,1.0,0.0,0.0,1.0
"G[0,2](((HDL >= 52.474 & Pt_SHFlg >= 0.151) & Pt_GrandparentT1D <= 0.411) -> HbA1cImputeDtMnC >= 0.051)
",9999999.000,9999999.000,0.000,1.000,0.000,0,0,2,0,0,2,2,0,0.0,0.0,1.0,0.0,0.0,1.0
"G[1,1](HbA1c >= 6.952 & HbA1cImputeDtMnC >= 8.176)
",-8.176,-8.176,0.000,1.000,0.000,0,0,1,1,1,1,1,1,0.0,0.0,1.0,0.0,0.0,1.0
"G[1,2]((HbA1c >= 6.941 | HDL <= 57.551) & HeightCm >= 50.929)
",9999999.000,9999999.000,0.000,1.000,0.000,0,0,2,0,0,2,2,0,0.0,0.0,1.0,0.0,0.0,1.0
"G[1,2](HbA1c >= 6.886 | UnitsInsBasalOrLongAct >= 13.845)
",9999999.000,9999999.000,0.000,1.000,0.000,0,0,2,0,0,2,2,0,0.0,0.0,1.0,0.0,0.0,1.0
"G[2,2](AutonomicNeuroCl <= 0.000 -> BldPrSys <= 130.466)
",-130.466,-130.466,0.000,1.000,0.000,0,0,2,0,0,2,2,0,0.0,0.0,1.0,0.0,0.0,1.0
"G[2,2](diagAgeCombo >= 15.000 -> Pt_A1cGoalLev >= 0.869)
",0.869,0.869,0.000,1.000,0.000,0,0,2,0,0,2,2,0,0.0,0.0,1.0,0.0,0.0,1.0
"G[2,2](AlbCreatRat_mggNew <= 8.380 | HbA1c >= 6.801)
",8.380,8.380,0.000,1.000,0.000,0,0,2,0,0,2,2,0,0.0,0.0,1.0,0.0,0.0,1.0
"G[1,2](HbA1cImputeDtMnC <= 29.190 & SMBGperDayPtMeterCombo >= 4.026)
",9999999.000,9999999.000,0.000,1.000,0.000,0,0,1,1,1,1,1,1,0.0,0.0,1.0,0.0,0.0,1.0
"G[2,2]((HDL >= 50.952 -> HeightCm >= 178.325) & bmi >= 178.166)
",-178.166,-178.166,0.000,1.000,0.000,0,0,2,0,0,2,2,0,0.0,0.0,1.0,0.0,0.0,1.0
"G[2,2]((LDL <= 71.708 | WeightKg >= 100.749) & age <= 102.908)
",71.708,71.708,0.000,1.000,0.000,0,0,2,0,0,2,2,0,0.0,0.0,1.0,0.0,0.0,1.0
