Rule,Discrimination Score,Pos Robustness,Neg Robustness,Percent Class +,Percent Class -,TP,TN,FP,FN,Actual Yes,Actual No,Predicted Yes,Predicted No,TPR/Sens,TNR/Spec,FPR,Precision,Accuracy,MCR,Class
"G[0,1]((WeightKg <= 22.458 & BldPrSys <= 116.165) | WeightKg <= 118.411)
",9999999.000,9999999.000,0.000,1.000,0.000,1,0,0,0,1,0,1,0,1.0,0.0,0.0,1.0,1.0,0.0,1
"G[0,0]((WeightKg >= 20.209 | bmi >= 13.301) -> UnitsInsBasalOrLongAct <= 5.626)
",13.301,13.301,0.000,1.000,0.000,1,0,0,0,1,0,1,0,1.0,0.0,0.0,1.0,1.0,0.0,1
"F[0,1](((DirectLDL >= 0.000 | age <= 7.661) | Pt_CGMUseNumDays <= 8.912) & NumPumpBolusOrShortAct >= 7.481)
",-9999999.000,-9999999.000,0.000,0.000,1.000,1,0,0,0,1,0,1,0,1.0,0.0,0.0,1.0,1.0,0.0,-1
"((bmiPerc <= 0.061) U[1,2] (Triglyc >= 29.984))
",-9999999.000,-9999999.000,0.000,0.000,1.000,1,0,0,0,1,0,1,0,1.0,0.0,0.0,1.0,1.0,0.0,-1
"F[1,1](Pt_GrandchildT1D >= 0.000 & TotChol <= 219.662)
",0.000,0.000,0.000,0.000,1.000,1,0,0,0,1,0,1,0,1.0,0.0,0.0,1.0,1.0,0.0,-1
"F[0,1]((TSH >= 0.151 | HbA1cImputeDtMnC <= 18.751) & BldPrDia <= 20.879)
",-9999999.000,-9999999.000,0.000,0.000,1.000,1,0,0,0,1,0,1,0,1.0,0.0,0.0,1.0,1.0,0.0,-1
"F[1,1](bmiZscore >= -2.209 & Pt_A1cGoalLev <= 0.000)
",0.000,0.000,0.000,0.000,1.000,1,0,0,0,1,0,1,0,1.0,0.0,0.0,1.0,1.0,0.0,-1
"((Pt_FatherT1D <= 0.000) U[0,0] (BldPrDia <= 69.381))
",0.000,0.000,0.000,0.000,1.000,1,0,0,0,1,0,1,0,1.0,0.0,0.0,1.0,1.0,0.0,-1
"((HbA1cImputeDtMnC > 11.599) U[1,2] (Pt_SHFlg = 0.000))
",-9999999.000,-9999999.000,0.000,0.000,1.000,1,0,0,0,1,0,1,0,1.0,0.0,0.0,1.0,1.0,0.0,-1
"G[0,0](((Pt_SiblingT1D >= 0.000 -> UnitsInsBasalOrLongAct >= 1.840) -> HeightCm >= 0.186) | Pt_FatherT1D <= 4.558)
",4.558,4.558,0.000,1.000,0.000,1,0,0,0,1,0,1,0,1.0,0.0,0.0,1.0,1.0,0.0,1
"G[0,1]((GFR <= 0.000 | Pt_CGMUseNumDays >= 0.000) & DirectLDL >= 0.000)
",9999999.000,9999999.000,0.000,1.000,0.000,1,0,0,0,1,0,1,0,1.0,0.0,0.0,1.0,1.0,0.0,1
"G[0,1](TotChol >= 207.701 -> Pt_MotherT1D >= 0.000)
",9999999.000,9999999.000,0.000,1.000,0.000,1,0,0,0,1,0,1,0,1.0,0.0,0.0,1.0,1.0,0.0,1
"G[0,1](NumPumpBolusOrShortAct <= 3.778 -> LDL >= 32.269)
",9999999.000,9999999.000,0.000,1.000,0.000,1,0,0,0,1,0,1,0,1.0,0.0,0.0,1.0,1.0,0.0,1
"G[1,1](Triglyc > 27.531 & Pt_SHFlg = 0.000)
",-27.531,-27.531,0.000,1.000,0.000,1,0,0,0,1,0,1,0,1.0,0.0,0.0,1.0,1.0,0.0,1
"G[0,1](((bmi >= 13.232 & Pt_CGMUseNumDays >= 0.000) | BldPrDia <= 0.000) -> BGTestAvgNumMeter <= 0.000)
",9999999.000,9999999.000,0.000,1.000,0.000,1,0,0,0,1,0,1,0,1.0,0.0,0.0,1.0,1.0,0.0,1
"F[0,1](((Triglyc <= 50.189 & BGTestAvgNumPtRep <= 6.785) & Pt_DKAFlg <= 5.592) | BldPrSys <= 6.524)
",-9999999.000,-9999999.000,0.000,0.000,1.000,1,0,0,0,1,0,1,0,1.0,0.0,0.0,1.0,1.0,0.0,-1
"G[1,1](DirectLDL <= 0.000 -> LDL >= 65.860)
",0.000,0.000,0.000,1.000,0.000,1,0,0,0,1,0,1,0,1.0,0.0,0.0,1.0,1.0,0.0,1
"G[0,0](SMBGperDayPtMeterCombo >= 4.654 & BGTestAvgNumPtRep >= 5.278)
",-5.278,-5.278,0.000,1.000,0.000,1,0,0,0,1,0,1,0,1.0,0.0,0.0,1.0,1.0,0.0,1
"G[0,0](SMBGperDayPtMeterCombo >= 4.331 & BGTestAvgNumPtRep >= 4.289)
",-4.289,-4.289,0.000,1.000,0.000,1,0,0,0,1,0,1,0,1.0,0.0,0.0,1.0,1.0,0.0,1
"G[0,0]((WeightKg >= 19.334 | bmi >= 13.273) -> UnitsInsBasalOrLongAct <= 7.470)
",13.273,13.273,0.000,1.000,0.000,1,0,0,0,1,0,1,0,1.0,0.0,0.0,1.0,1.0,0.0,1
"G[0,0](WeightKg <= 22.866 | bmiZscore <= -1.610)
",18.866,18.866,0.000,1.000,0.000,1,0,0,0,1,0,1,0,1.0,0.0,0.0,1.0,1.0,0.0,1
"G[0,0](SMBGperDayPtMeterCombo >= 5.264 & BGTestAvgNumPtRep >= 4.976)
",-4.976,-4.976,0.000,1.000,0.000,1,0,0,0,1,0,1,0,1.0,0.0,0.0,1.0,1.0,0.0,1
"G[1,1](NumPumpBolusOrShortAct < 3.580 -> Pt_SHFlg = 0.000)
",-3.580,-3.580,0.000,1.000,0.000,1,0,0,0,1,0,1,0,1.0,0.0,0.0,1.0,1.0,0.0,1
"G[1,1]((WeightKg >= 19.408 & diagAgeCombo >= 3.000) & NumPumpBolusOrShortAct <= 3.000)
",-19.408,-19.408,0.000,1.000,0.000,1,0,0,0,1,0,1,0,1.0,0.0,0.0,1.0,1.0,0.0,1
"G[0,1](((diabDur <= 4.681 -> GFR >= 0.000) | Pt_A1cGoalLevelDsYr5 <= 0.000) & DirectLDL >= 0.000)
",9999999.000,9999999.000,0.000,1.000,0.000,1,0,0,0,1,0,1,0,1.0,0.0,0.0,1.0,1.0,0.0,1
"G[0,0](((GFR <= 0.000 | GFR >= 0.000) | WeightKg >= 0.000) -> Pt_GrandparentT1D <= 0.000)
",-4.000,-4.000,0.000,1.000,0.000,1,0,0,0,1,0,1,0,1.0,0.0,0.0,1.0,1.0,0.0,1
"G[1,1](BGTestAvgNumPtRep < 6.453 & Pt_SHFlg = 0.000)
",0.000,0.000,0.000,1.000,0.000,1,0,0,0,1,0,1,0,1.0,0.0,0.0,1.0,1.0,0.0,1
"G[1,1](HbA1cImputeDtMnC >= 0.528 & TotalDailyInsPerKg >= 0.783)
",-0.783,-0.783,0.000,1.000,0.000,1,0,0,0,1,0,1,0,1.0,0.0,0.0,1.0,1.0,0.0,1
"F[0,0](age >= 6.264 & bmiZscore >= -2.166)
",-6.264,-6.264,0.000,0.000,1.000,1,0,0,0,1,0,1,0,1.0,0.0,0.0,1.0,1.0,0.0,-1
"((bmiZscore <= -1.706) U[1,1] (diabDur >= 3.943))
",-1.706,-1.706,0.000,0.000,1.000,1,0,0,0,1,0,1,0,1.0,0.0,0.0,1.0,1.0,0.0,-1
"G[0,1](((LDL <= 92.563 | WeightKg >= 19.842) & GFR <= 22.159) -> Pt_GrandparentT1D <= 22.842)
",9999999.000,9999999.000,0.000,1.000,0.000,1,0,0,0,1,0,1,0,1.0,0.0,0.0,1.0,1.0,0.0,1
"F[1,1](((HDL <= 49.254 | LDL >= 62.039) -> Pt_CGMUseNumDays <= 117.026) -> Pt_FatherT1D >= 11.833)
",11.833,11.833,0.000,0.000,1.000,1,0,0,0,1,0,1,0,1.0,0.0,0.0,1.0,1.0,0.0,-1
"F[0,1]((bmiPerc >= 0.029 | BldPrSys >= 107.871) -> Pt_MotherT1D >= 111.971)
",-9999999.000,-9999999.000,0.000,0.000,1.000,1,0,0,0,1,0,1,0,1.0,0.0,0.0,1.0,1.0,0.0,-1
"F[0,0](((BGTestAvgNumMeter <= 0.000 -> bmiZscore >= -1.989) -> Pt_InsGov >= -2.180) -> Pt_SiblingT1D <= -1.482)
",1.482,1.482,0.000,0.000,1.000,1,0,0,0,1,0,1,0,1.0,0.0,0.0,1.0,1.0,0.0,-1
"((Pt_SHFlg >= 0.000) U[1,1] (HeightCm <= 130.894))
",130.894,130.894,0.000,0.000,1.000,1,0,0,0,1,0,1,0,1.0,0.0,0.0,1.0,1.0,0.0,-1
"F[1,1](((UnitsInsBasalOrLongAct <= 5.655 & age <= 7.950) & SMBGperDayPtMeterCombo <= 8.054) | Pt_ChildT1D >= 6.349)
",5.655,5.655,0.000,0.000,1.000,1,0,0,0,1,0,1,0,1.0,0.0,0.0,1.0,1.0,0.0,-1
"((HeightCm >= 122.522) U[1,2] (bmiPerc <= 0.048))
",-9999999.000,-9999999.000,0.000,0.000,1.000,1,0,0,0,1,0,1,0,1.0,0.0,0.0,1.0,1.0,0.0,-1
"F[1,1](((TSH <= 2.328 & SMBGperDayPtMeterCombo >= 4.831) | Pt_A1cGoalLev >= 4.410) & Triglyc <= 6.793)
",-4.410,-4.410,0.000,0.000,1.000,1,0,0,0,1,0,1,0,1.0,0.0,0.0,1.0,1.0,0.0,-1
"F[1,1]((Pt_GrandparentT1D >= 0.000 & BldPrSys <= 120.741) & age >= 111.745)
",-111.745,-111.745,0.000,0.000,1.000,1,0,0,0,1,0,1,0,1.0,0.0,0.0,1.0,1.0,0.0,-1
"F[1,1](((Pt_SHFlg <= 0.000 & HDL <= 62.360) | HbA1cImputeDtMnC >= 8.474) -> Pt_CGMUseNumDays >= 24.416)
",0.000,0.000,0.000,0.000,1.000,1,0,0,0,1,0,1,0,1.0,0.0,0.0,1.0,1.0,0.0,-1
"F[1,1](TotChol <= 220.180 | HDL <= 74.600)
",220.180,220.180,0.000,0.000,1.000,1,0,0,0,1,0,1,0,1.0,0.0,0.0,1.0,1.0,0.0,-1
"((HbA1cImputeDtMnC <= 15.506) U[1,1] (TotalDailyInsPerKg <= 0.809))
",15.506,15.506,0.000,0.000,1.000,1,0,0,0,1,0,1,0,1.0,0.0,0.0,1.0,1.0,0.0,-1
"((BGTestAvgNumPtRep <= 6.170) U[1,1] (AutonomicNeuroCl <= 0.000))
",6.170,6.170,0.000,0.000,1.000,1,0,0,0,1,0,1,0,1.0,0.0,0.0,1.0,1.0,0.0,-1
"F[0,1]((HbA1cImputeDtMnC <= 28.744 -> HeightCm <= 127.816) & GFR >= 121.677)
",-9999999.000,-9999999.000,0.000,0.000,1.000,1,0,0,0,1,0,1,0,1.0,0.0,0.0,1.0,1.0,0.0,-1
"F[0,1](((Pt_SHFlg >= 0.000 | BldPrDia >= 65.750) -> diagAgeCombo >= 65.853) | Pt_A1cGoalLevelDsYr5 >= 67.211)
",-9999999.000,-9999999.000,0.000,0.000,1.000,1,0,0,0,1,0,1,0,1.0,0.0,0.0,1.0,1.0,0.0,-1
"F[0,1]((HDL >= 23.501 -> LDL >= 22.865) -> BGTestAvgNumPtRep >= 67.013)
",-9999999.000,-9999999.000,0.000,0.000,1.000,1,0,0,0,1,0,1,0,1.0,0.0,0.0,1.0,1.0,0.0,-1
"((BGTestAvgNumMeter >= 0.000) U[0,0] (BGTestAvgNumPtRep <= 5.633))
",8.000,8.000,0.000,0.000,1.000,1,0,0,0,1,0,1,0,1.0,0.0,0.0,1.0,1.0,0.0,-1
"F[1,1](((BldPrDia <= 68.784 -> Pt_DKAFlg >= 0.000) | BldPrSys <= 0.000) & bmiZscore >= 0.000)
",0.000,0.000,0.000,0.000,1.000,1,0,0,0,1,0,1,0,1.0,0.0,0.0,1.0,1.0,0.0,-1
"((Pt_GrandparentT1D >= 0.000) U[1,1] (LDL <= 128.136))
",128.136,128.136,0.000,0.000,1.000,1,0,0,0,1,0,1,0,1.0,0.0,0.0,1.0,1.0,0.0,-1
"((Pt_CGMUseNumDays < 0.000) U[1,2] (Pt_SHFlg = 0.000))
",-9999999.000,-9999999.000,0.000,0.000,1.000,1,0,0,0,1,0,1,0,1.0,0.0,0.0,1.0,1.0,0.0,-1
"((Triglyc >= 26.127) U[1,1] (Pt_GrandchildT1D >= 0.000))
",0.000,0.000,0.000,0.000,1.000,1,0,0,0,1,0,1,0,1.0,0.0,0.0,1.0,1.0,0.0,-1
"F[0,0](((Pt_GrandchildT1D <= 0.000 | Pt_DKAFlg <= 0.000) & Pt_MotherT1D <= 0.000) & age <= 0.000)
",0.000,0.000,0.000,0.000,1.000,1,0,0,0,1,0,1,0,1.0,0.0,0.0,1.0,1.0,0.0,-1
"F[0,1]((DirectLDL <= 0.000 | LDL <= 108.498) -> BGTestAvgNumMeter >= 30.352)
",-9999999.000,-9999999.000,0.000,0.000,1.000,1,0,0,0,1,0,1,0,1.0,0.0,0.0,1.0,1.0,0.0,-1
"G[0,0](((LDL <= 116.885 | Pt_FatherT1D >= 0.000) & DirectLDL <= 0.000) & BGTestAvgNumPtRep >= 0.000)
",-132.500,-132.500,0.000,1.000,0.000,1,0,0,0,1,0,1,0,1.0,0.0,0.0,1.0,1.0,0.0,1
"((Pt_DKAFlg > 0.000) U[1,1] (Pt_SHFlg = 0.000))
",0.000,0.000,0.000,0.000,1.000,1,0,0,0,1,0,1,0,1.0,0.0,0.0,1.0,1.0,0.0,-1
"((WeightKg >= 20.609) U[0,0] (TotalDailyInsPerKg >= 0.794))
",5.206,5.206,0.000,0.000,1.000,1,0,0,0,1,0,1,0,1.0,0.0,0.0,1.0,1.0,0.0,-1
"F[0,0]((Pt_A1cGoalLevelDsYr5 >= 0.000 -> Pt_ChildT1D >= 0.000) & bmi <= 0.000)
",0.000,0.000,0.000,0.000,1.000,1,0,0,0,1,0,1,0,1.0,0.0,0.0,1.0,1.0,0.0,-1
"F[1,1](((Pt_ChildT1D <= 0.000 -> bmiZscore <= -1.567) | Pt_InsGov <= -1.733) -> age <= -1.515)
",0.000,0.000,0.000,0.000,1.000,1,0,0,0,1,0,1,0,1.0,0.0,0.0,1.0,1.0,0.0,-1
"G[1,1](Pt_CGMUseNumDays <= 0.000 | bmi >= 13.181)
",0.000,0.000,0.000,1.000,0.000,1,0,0,0,1,0,1,0,1.0,0.0,0.0,1.0,1.0,0.0,1
"G[1,1](GFR >= 0.000 -> Pt_CGMUseNumDays <= 0.000)
",0.000,0.000,0.000,1.000,0.000,1,0,0,0,1,0,1,0,1.0,0.0,0.0,1.0,1.0,0.0,1
"G[0,0](TotalDailyInsPerKg <= 0.806 -> Pt_SHFlg = 0.000)
",5.194,5.194,0.000,1.000,0.000,1,0,0,0,1,0,1,0,1.0,0.0,0.0,1.0,1.0,0.0,1
"G[1,1](((bmiZscore <= -1.597 -> diabDur <= 5.749) & diabDur >= 3.120) | Pt_A1cGoalLev <= 4.520)
",4.520,4.520,0.000,1.000,0.000,1,0,0,0,1,0,1,0,1.0,0.0,0.0,1.0,1.0,0.0,1
"G[0,0]((bmiPerc >= 0.024 -> Pt_GrandparentT1D <= 0.000) & Pt_ChildT1D <= 0.000)
",-13.020,-13.020,0.000,1.000,0.000,1,0,0,0,1,0,1,0,1.0,0.0,0.0,1.0,1.0,0.0,1
"G[0,0](((Pt_InsGov <= 0.000 | NumPumpBolusOrShortAct >= 0.661) | TotChol <= 4.795) -> diagAgeCombo >= 1.791)
",0.000,0.000,0.000,1.000,0.000,1,0,0,0,1,0,1,0,1.0,0.0,0.0,1.0,1.0,0.0,1
"G[0,1](((BGTestAvgNumPtRep <= 6.282 -> Pt_ChildT1D >= 0.000) & Pt_InsGov >= 0.000) & Pt_CGMUseNumDays <= 0.000)
",9999999.000,9999999.000,0.000,1.000,0.000,1,0,0,0,1,0,1,0,1.0,0.0,0.0,1.0,1.0,0.0,1
"G[0,0]((Pt_InsGov >= 0.000 | Pt_DKAFlg <= 0.000) -> HDL <= 0.000)
",0.000,0.000,0.000,1.000,0.000,1,0,0,0,1,0,1,0,1.0,0.0,0.0,1.0,1.0,0.0,1
"G[0,1](((bmi >= 13.086 | Pt_GrandchildT1D <= 0.000) & Pt_FatherT1D <= 0.000) -> Pt_A1cGoalLev <= 0.000)
",9999999.000,9999999.000,0.000,1.000,0.000,1,0,0,0,1,0,1,0,1.0,0.0,0.0,1.0,1.0,0.0,1
"G[1,1]((HeightCm >= 121.192 -> DirectLDL >= 0.000) | TotalDailyInsPerKg >= 0.000)
",0.000,0.000,0.000,1.000,0.000,1,0,0,0,1,0,1,0,1.0,0.0,0.0,1.0,1.0,0.0,1
"G[0,0](TotalDailyInsPerKg >= 0.805 | BldPrDia >= 65.424)
",57.576,57.576,0.000,1.000,0.000,1,0,0,0,1,0,1,0,1.0,0.0,0.0,1.0,1.0,0.0,1
"G[0,1](Pt_ChildT1D >= 0.000 | UnitsInsBasalOrLongAct <= 7.074)
",9999999.000,9999999.000,0.000,1.000,0.000,1,0,0,0,1,0,1,0,1.0,0.0,0.0,1.0,1.0,0.0,1
"G[0,1](Pt_InsGov > 0.000 -> Pt_SHFlg = 0.000)
",9999999.000,9999999.000,0.000,1.000,0.000,1,0,0,0,1,0,1,0,1.0,0.0,0.0,1.0,1.0,0.0,1
"G[0,1]((Pt_ChildT1D <= 0.000 | Pt_InsGov >= 0.000) | UnitsInsBasalOrLongAct >= 0.000)
",9999999.000,9999999.000,0.000,1.000,0.000,1,0,0,0,1,0,1,0,1.0,0.0,0.0,1.0,1.0,0.0,1
"G[0,0](Pt_GrandparentT1D <= 0.000 & Pt_SHFlg <= 0.000)
",-29.975,-29.975,0.000,1.000,0.000,1,0,0,0,1,0,1,0,1.0,0.0,0.0,1.0,1.0,0.0,1
"G[0,1]((HbA1c <= 8.615 -> HDL >= 31.466) & Pt_FatherT1D <= 43.276)
",9999999.000,9999999.000,0.000,1.000,0.000,1,0,0,0,1,0,1,0,1.0,0.0,0.0,1.0,1.0,0.0,1
"G[0,0](((bmi >= 13.305 -> AutonomicNeuroCl <= 0.000) -> Pt_A1cGoalLev >= 0.000) & LDL <= 0.000)
",-8.500,-8.500,0.000,1.000,0.000,1,0,0,0,1,0,1,0,1.0,0.0,0.0,1.0,1.0,0.0,1
"G[0,0](((bmi <= 13.388 | Pt_SiblingT1D <= 0.000) | Triglyc >= 0.000) -> diagAgeCombo >= 0.000)
",-228.000,-228.000,0.000,1.000,0.000,1,0,0,0,1,0,1,0,1.0,0.0,0.0,1.0,1.0,0.0,1
"G[0,1](((NumPumpBolusOrShortAct <= 3.331 & Pt_A1cGoalLev >= 0.000) & bmi >= 0.000) | bmiZscore <= 0.000)
",9999999.000,9999999.000,0.000,1.000,0.000,1,0,0,0,1,0,1,0,1.0,0.0,0.0,1.0,1.0,0.0,1
"G[0,0]((GFR >= 0.000 & GFR >= 0.000) & TotalDailyInsPerKg >= 0.000)
",-2.288,-2.288,0.000,1.000,0.000,1,0,0,0,1,0,1,0,1.0,0.0,0.0,1.0,1.0,0.0,1
"G[1,1](((bmi <= 13.420 & age >= 6.954) & SMBGperDayPtMeterCombo >= 7.054) -> TotalDailyInsPerKg >= 7.331)
",7.054,7.054,0.000,1.000,0.000,1,0,0,0,1,0,1,0,1.0,0.0,0.0,1.0,1.0,0.0,1
"G[1,1]((Pt_SHFlg >= 0.000 -> Pt_A1cGoalLev >= 0.000) & NumPumpBolusOrShortAct >= 0.000)
",0.000,0.000,0.000,1.000,0.000,1,0,0,0,1,0,1,0,1.0,0.0,0.0,1.0,1.0,0.0,1
"G[0,0](Pt_DKAFlg <= 0.000 | SMBGperDayPtMeterCombo >= 4.465)
",60.535,60.535,0.000,1.000,0.000,1,0,0,0,1,0,1,0,1.0,0.0,0.0,1.0,1.0,0.0,1
"G[0,1](NumPumpBolusOrShortAct >= 2.460 | Pt_ChildT1D >= 0.000)
",9999999.000,9999999.000,0.000,1.000,0.000,1,0,0,0,1,0,1,0,1.0,0.0,0.0,1.0,1.0,0.0,1
"G[0,1]((SMBGperDayPtMeterCombo >= 5.068 -> Pt_ChildT1D >= 0.000) & UnitsInsBasalOrLongAct >= 0.000)
",9999999.000,9999999.000,0.000,1.000,0.000,1,0,0,0,1,0,1,0,1.0,0.0,0.0,1.0,1.0,0.0,1
"G[0,1]((Pt_FatherT1D >= 0.000 | Pt_SHFlg <= 0.000) -> bmiPerc >= 0.000)
",9999999.000,9999999.000,0.000,1.000,0.000,1,0,0,0,1,0,1,0,1.0,0.0,0.0,1.0,1.0,0.0,1
"G[0,1](((UnitsInsBasalOrLongAct <= 7.437 | Pt_GrandparentT1D <= 0.000) -> WeightKg >= 0.000) | BUN >= 0.000)
",9999999.000,9999999.000,0.000,1.000,0.000,1,0,0,0,1,0,1,0,1.0,0.0,0.0,1.0,1.0,0.0,1
"G[0,1](UnitsInsBasalOrLongAct >= 1.320 | BldPrSys <= 118.119)
",9999999.000,9999999.000,0.000,1.000,0.000,1,0,0,0,1,0,1,0,1.0,0.0,0.0,1.0,1.0,0.0,1
"G[0,0](((WeightKg <= 22.827 | GFR <= 0.000) | Pt_GrandparentT1D >= 0.000) -> HbA1c >= 0.000)
",-18.827,-18.827,0.000,1.000,0.000,1,0,0,0,1,0,1,0,1.0,0.0,0.0,1.0,1.0,0.0,1
"G[1,1]((Pt_FatherT1D <= 0.000 & Pt_ChildT1D >= 0.000) & Pt_GrandchildT1D <= 0.000)
",0.000,0.000,0.000,1.000,0.000,1,0,0,0,1,0,1,0,1.0,0.0,0.0,1.0,1.0,0.0,1
"G[0,0](diabDur >= 3.761 | AlbCreatRat_mggNew <= 61.389)
",49.389,49.389,0.000,1.000,0.000,1,0,0,0,1,0,1,0,1.0,0.0,0.0,1.0,1.0,0.0,1
"G[0,1](((HbA1cImputeDtMnC >= 7.084 & LDL >= 26.996) & Pt_FatherT1D >= 7.328) | HDL <= 119.272)
",9999999.000,9999999.000,0.000,1.000,0.000,1,0,0,0,1,0,1,0,1.0,0.0,0.0,1.0,1.0,0.0,1
"G[0,1]((TotChol >= 209.131 & diagAgeCombo <= 3.000) | HDL <= 3.000)
",9999999.000,9999999.000,0.000,1.000,0.000,1,0,0,0,1,0,1,0,1.0,0.0,0.0,1.0,1.0,0.0,1
"G[0,1]((AlbCreatRat_mggNew <= 41.964 | SMBGperDayPtMeterCombo >= 5.340) | Triglyc >= 5.477)
",9999999.000,9999999.000,0.000,1.000,0.000,1,0,0,0,1,0,1,0,1.0,0.0,0.0,1.0,1.0,0.0,1
"G[0,1]((HDL >= 6.226 | UnitsInsBasalOrLongAct <= 7.974) & Pt_A1cGoalLev <= 5.408)
",9999999.000,9999999.000,0.000,1.000,0.000,1,0,0,0,1,0,1,0,1.0,0.0,0.0,1.0,1.0,0.0,1
"G[0,0](((bmiPerc <= 0.070 -> bmiZscore >= -2.147) & LDL >= -2.287) | bmiPerc >= -1.920)
",14.963,14.963,0.000,1.000,0.000,1,0,0,0,1,0,1,0,1.0,0.0,0.0,1.0,1.0,0.0,1
"G[0,1](((BGTestAvgNumPtRep <= 5.839 & LDL <= 95.171) -> WeightKg >= 10.839) | bmiPerc >= 3.457)
",9999999.000,9999999.000,0.000,1.000,0.000,1,0,0,0,1,0,1,0,1.0,0.0,0.0,1.0,1.0,0.0,1
"G[0,0]((HeightCm <= 131.766 & Pt_SHFlg >= 0.000) | DirectLDL >= 0.000)
",132.500,132.500,0.000,1.000,0.000,1,0,0,0,1,0,1,0,1.0,0.0,0.0,1.0,1.0,0.0,1
"G[0,1](((HDL >= 6.061 | Pt_SiblingT1D >= 0.000) | HDL <= 0.000) | Pt_InsGov >= 0.000)
",9999999.000,9999999.000,0.000,1.000,0.000,1,0,0,0,1,0,1,0,1.0,0.0,0.0,1.0,1.0,0.0,1
"G[0,0](((Triglyc >= 28.226 -> AlbCreatRat_mggNew <= 51.738) & Pt_GrandchildT1D <= 57.521) & UnitsInsBasalOrLongAct <= 52.158)
",-199.774,-199.774,0.000,1.000,0.000,1,0,0,0,1,0,1,0,1.0,0.0,0.0,1.0,1.0,0.0,1
"F[1,1](bmiZscore > -2.012 & Pt_SHFlg = 0.000)
",0.000,0.000,0.000,0.000,1.000,1,0,0,0,1,0,1,0,1.0,0.0,0.0,1.0,1.0,0.0,-1
"G[0,1](Pt_A1cGoalLev <= 0.000 | TotChol >= 203.502)
",9999999.000,9999999.000,0.000,1.000,0.000,1,0,0,0,1,0,1,0,1.0,0.0,0.0,1.0,1.0,0.0,1
"G[0,1](((GFR <= 0.000 | LDL <= 99.693) & Pt_DKAFlg >= 53.754) -> TSH <= 123.364)
",9999999.000,9999999.000,0.000,1.000,0.000,1,0,0,0,1,0,1,0,1.0,0.0,0.0,1.0,1.0,0.0,1
"G[0,1](Pt_SHFlg <= 0.000 & Pt_GrandparentT1D >= 0.000)
",9999999.000,9999999.000,0.000,1.000,0.000,1,0,0,0,1,0,1,0,1.0,0.0,0.0,1.0,1.0,0.0,1
"G[0,1](((Pt_SHFlg >= 0.000 | AutonomicNeuroCl >= 0.000) | Pt_GrandchildT1D >= 0.000) -> WeightKg >= 0.000)
",9999999.000,9999999.000,0.000,1.000,0.000,1,0,0,0,1,0,1,0,1.0,0.0,0.0,1.0,1.0,0.0,1
"G[0,1](((BldPrSys <= 120.655 | HbA1cImputeDtMnC >= 7.642) & HeightCm <= 19.636) | HbA1c <= 21.060)
",9999999.000,9999999.000,0.000,1.000,0.000,1,0,0,0,1,0,1,0,1.0,0.0,0.0,1.0,1.0,0.0,1
"G[0,0]((AutonomicNeuroCl >= 0.000 -> BldPrSys <= 119.874) & DirectLDL <= 116.402)
",-119.874,-119.874,0.000,1.000,0.000,1,0,0,0,1,0,1,0,1.0,0.0,0.0,1.0,1.0,0.0,1
"G[0,0]((bmiPerc >= 0.039 & Pt_ChildT1D >= 0.000) | Pt_A1cGoalLevelDsYr5 >= 0.000)
",0.000,0.000,0.000,1.000,0.000,1,0,0,0,1,0,1,0,1.0,0.0,0.0,1.0,1.0,0.0,1
"G[0,1](((AlbCreatRat_mggNew <= 38.778 -> Pt_FatherT1D <= 0.000) | Pt_A1cGoalLevelDsYr5 <= 0.000) & GFR >= 0.000)
",9999999.000,9999999.000,0.000,1.000,0.000,1,0,0,0,1,0,1,0,1.0,0.0,0.0,1.0,1.0,0.0,1
"G[1,1](((HbA1c >= 8.521 & Pt_GrandchildT1D <= 0.000) | Pt_MotherT1D >= 0.000) | WeightKg >= 0.000)
",0.000,0.000,0.000,1.000,0.000,1,0,0,0,1,0,1,0,1.0,0.0,0.0,1.0,1.0,0.0,1
"G[0,1](((NumPumpBolusOrShortAct >= 0.221 | Pt_InsGov <= 0.000) | Pt_SHFlg <= 0.000) & Pt_A1cGoalLev >= 0.000)
",9999999.000,9999999.000,0.000,1.000,0.000,1,0,0,0,1,0,1,0,1.0,0.0,0.0,1.0,1.0,0.0,1
"G[1,1](DirectLDL <= 0.000 & HbA1cImputeDtMnC >= 13.277)
",-13.277,-13.277,0.000,1.000,0.000,1,0,0,0,1,0,1,0,1.0,0.0,0.0,1.0,1.0,0.0,1
"G[0,1](((Pt_FatherT1D <= 0.000 -> Pt_GrandchildT1D >= 0.000) | Triglyc <= 0.000) & TotalDailyInsPerKg >= 0.000)
",9999999.000,9999999.000,0.000,1.000,0.000,1,0,0,0,1,0,1,0,1.0,0.0,0.0,1.0,1.0,0.0,1
"G[1,1]((AlbCreatRat_mggNew <= 55.408 | Pt_SHFlg >= 0.000) -> diabDur >= 0.000)
",-55.408,-55.408,0.000,1.000,0.000,1,0,0,0,1,0,1,0,1.0,0.0,0.0,1.0,1.0,0.0,1
"G[0,1](((BldPrDia >= 65.381 -> Pt_InsGov <= 0.000) | TotalDailyInsPerKg <= 0.000) & DirectLDL <= 0.000)
",9999999.000,9999999.000,0.000,1.000,0.000,1,0,0,0,1,0,1,0,1.0,0.0,0.0,1.0,1.0,0.0,1
"G[0,1](Pt_ChildT1D <= 0.000 | HeightCm <= 126.212)
",9999999.000,9999999.000,0.000,1.000,0.000,1,0,0,0,1,0,1,0,1.0,0.0,0.0,1.0,1.0,0.0,1
"G[0,1](Pt_A1cGoalLev <= 0.000 | Pt_GrandparentT1D >= 0.000)
",9999999.000,9999999.000,0.000,1.000,0.000,1,0,0,0,1,0,1,0,1.0,0.0,0.0,1.0,1.0,0.0,1
"G[0,1](((NumPumpBolusOrShortAct >= 1.844 & BGTestAvgNumPtRep <= 6.097) & WeightKg >= 5.273) -> diabDur <= 6.269)
",9999999.000,9999999.000,0.000,1.000,0.000,1,0,0,0,1,0,1,0,1.0,0.0,0.0,1.0,1.0,0.0,1
"G[1,1]((DirectLDL <= 0.000 | bmiPerc <= 0.046) | AutonomicNeuroCl >= 0.012)
",0.046,0.046,0.000,1.000,0.000,1,0,0,0,1,0,1,0,1.0,0.0,0.0,1.0,1.0,0.0,1
"G[0,0]((WeightKg >= 20.263 | bmi >= 13.304) -> UnitsInsBasalOrLongAct <= 5.004)
",13.304,13.304,0.000,1.000,0.000,1,0,0,0,1,0,1,0,1.0,0.0,0.0,1.0,1.0,0.0,1
"((UnitsInsBasalOrLongAct < 7.483) U[0,2] (Pt_SHFlg = 0.000))
",-9999999.000,-9999999.000,0.000,0.000,1.000,0,0,0,1,1,0,0,1,0.0,0.0,0.0,0.0,0.0,1.0,-1
"F[1,2](Pt_ChildT1D >= 0.000 -> Pt_SHFlg = 0.000)
",-9999999.000,-9999999.000,0.000,0.000,1.000,0,0,0,1,1,0,0,1,0.0,0.0,0.0,0.0,0.0,1.0,-1
"F[0,0](Pt_GrandparentT1D >= 0.000 & Pt_SHFlg = 0.000)
",-29.975,-29.975,0.000,0.000,1.000,0,0,0,1,1,0,0,1,0.0,0.0,0.0,0.0,0.0,1.0,-1
"F[0,1](((Pt_GrandparentT1D <= 0.000 | TotalDailyInsPerKg >= 0.799) & Pt_ChildT1D >= 0.802) | TotalDailyInsPerKg >= 0.790)
",-9999999.000,-9999999.000,0.000,0.000,1.000,0,0,0,1,1,0,0,1,0.0,0.0,0.0,0.0,0.0,1.0,-1
"((TotalDailyInsPerKg <= 0.810) U[0,1] (Pt_SHFlg = 0.000))
",-9999999.000,-9999999.000,0.000,0.000,1.000,0,0,0,1,1,0,0,1,0.0,0.0,0.0,0.0,0.0,1.0,-1
"((NumPumpBolusOrShortAct <= 3.508) U[0,1] (WeightKg <= 21.522))
",-9999999.000,-9999999.000,0.000,0.000,1.000,0,0,0,1,1,0,0,1,0.0,0.0,0.0,0.0,0.0,1.0,-1
"F[2,2](age >= 6.342 & Pt_SHFlg = 0.000)
",-6.342,-6.342,0.000,0.000,1.000,0,0,0,1,1,0,0,1,0.0,0.0,0.0,0.0,0.0,1.0,-1
"((Pt_SHFlg <= 0.000) U[2,2] (Pt_SHFlg = 0.000))
",0.000,0.000,0.000,0.000,1.000,0,0,0,1,1,0,0,1,0.0,0.0,0.0,0.0,0.0,1.0,-1
"((Pt_GrandchildT1D <= 0.000) U[1,2] (Pt_SHFlg = 0.000))
",-9999999.000,-9999999.000,0.000,0.000,1.000,0,0,0,1,1,0,0,1,0.0,0.0,0.0,0.0,0.0,1.0,-1
"F[0,1](bmiZscore <= -1.671 & DirectLDL >= 0.000)
",-9999999.000,-9999999.000,0.000,0.000,1.000,0,0,0,1,1,0,0,1,0.0,0.0,0.0,0.0,0.0,1.0,-1
"F[0,2](((TotalDailyInsPerKg >= 0.800 | Triglyc <= 61.540) -> diabDur <= 60.719) | Pt_A1cGoalLevelDsYr5 <= 50.478)
",-9999999.000,-9999999.000,0.000,0.000,1.000,0,0,0,1,1,0,0,1,0.0,0.0,0.0,0.0,0.0,1.0,-1
"F[1,2]((UnitsInsBasalOrLongAct >= 2.204 -> Pt_A1cGoalLevelDsYr5 <= 0.000) & UnitsInsBasalOrLongAct >= 0.000)
",-9999999.000,-9999999.000,0.000,0.000,1.000,0,0,0,1,1,0,0,1,0.0,0.0,0.0,0.0,0.0,1.0,-1
"F[1,1](Triglyc >= 34.457 | HeightCm <= 132.183)
",132.183,132.183,0.000,0.000,1.000,0,0,0,1,1,0,0,1,0.0,0.0,0.0,0.0,0.0,1.0,-1
"F[0,2](((Pt_MotherT1D >= 0.000 & Pt_MotherT1D >= 0.000) & SMBGperDayPtMeterCombo >= 0.000) -> Triglyc >= 0.000)
",-9999999.000,-9999999.000,0.000,0.000,1.000,0,0,0,1,1,0,0,1,0.0,0.0,0.0,0.0,0.0,1.0,-1
"F[0,1](((HbA1cImputeDtMnC >= 14.373 | Pt_A1cGoalLev <= 0.000) | Pt_A1cGoalLevelDsYr5 >= 0.000) & Pt_DKAFlg >= 0.000)
",-9999999.000,-9999999.000,0.000,0.000,1.000,0,0,0,1,1,0,0,1,0.0,0.0,0.0,0.0,0.0,1.0,-1
"((BldPrSys >= 113.551) U[0,2] (TotalDailyInsPerKg <= 0.807))
",-9999999.000,-9999999.000,0.000,0.000,1.000,0,0,0,1,1,0,0,1,0.0,0.0,0.0,0.0,0.0,1.0,-1
"F[2,2](Pt_GrandparentT1D <= 0.000 | Pt_ChildT1D <= 0.000)
",0.000,0.000,0.000,0.000,1.000,0,0,0,1,1,0,0,1,0.0,0.0,0.0,0.0,0.0,1.0,-1
"F[1,2](BGTestAvgNumPtRep <= 6.305 | age <= 8.667)
",-9999999.000,-9999999.000,0.000,0.000,1.000,0,0,0,1,1,0,0,1,0.0,0.0,0.0,0.0,0.0,1.0,-1
"F[0,1](SMBGperDayPtMeterCombo >= 4.135 & Pt_GrandparentT1D >= 0.000)
",-9999999.000,-9999999.000,0.000,0.000,1.000,0,0,0,1,1,0,0,1,0.0,0.0,0.0,0.0,0.0,1.0,-1
"F[0,1](((age >= 6.342 & AutonomicNeuroCl >= 0.000) & WeightKg <= 0.000) | TSH <= 0.000)
",-9999999.000,-9999999.000,0.000,0.000,1.000,0,0,0,1,1,0,0,1,0.0,0.0,0.0,0.0,0.0,1.0,-1
"F[0,1](BldPrDia <= 68.800 -> BGTestAvgNumMeter <= 0.000)
",-9999999.000,-9999999.000,0.000,0.000,1.000,0,0,0,1,1,0,0,1,0.0,0.0,0.0,0.0,0.0,1.0,-1
"F[0,2]((Pt_GrandchildT1D >= 0.000 -> Pt_FatherT1D >= 0.000) -> BGTestAvgNumMeter <= 0.000)
",-9999999.000,-9999999.000,0.000,0.000,1.000,0,0,0,1,1,0,0,1,0.0,0.0,0.0,0.0,0.0,1.0,-1
"F[0,0]((HDL >= 34.750 -> HbA1cImputeDtMnC >= 9.498) -> BGTestAvgNumMeter <= 26.034)
",-18.034,-18.034,0.000,0.000,1.000,0,0,0,1,1,0,0,1,0.0,0.0,0.0,0.0,0.0,1.0,-1
"F[1,2]((Pt_SiblingT1D >= 0.000 -> diagAgeCombo <= 3.000) | Pt_ChildT1D <= 3.000)
",-9999999.000,-9999999.000,0.000,0.000,1.000,0,0,0,1,1,0,0,1,0.0,0.0,0.0,0.0,0.0,1.0,-1
"F[0,2](Triglyc <= 41.125 -> Pt_FatherT1D <= 0.000)
",-9999999.000,-9999999.000,0.000,0.000,1.000,0,0,0,1,1,0,0,1,0.0,0.0,0.0,0.0,0.0,1.0,-1
"((bmiPerc <= 0.049) U[0,1] (bmiZscore <= -1.591))
",-9999999.000,-9999999.000,0.000,0.000,1.000,0,0,0,1,1,0,0,1,0.0,0.0,0.0,0.0,0.0,1.0,-1
"F[0,2](((Pt_GrandparentT1D <= 0.000 | age <= 8.047) | UnitsInsBasalOrLongAct >= 6.146) & AutonomicNeuroCl >= 7.033)
",-9999999.000,-9999999.000,0.000,0.000,1.000,0,0,0,1,1,0,0,1,0.0,0.0,0.0,0.0,0.0,1.0,-1
"F[0,1]((WeightKg <= 22.640 | TSH <= 1.877) & Pt_CGMUseNumDays <= 2.615)
",-9999999.000,-9999999.000,0.000,0.000,1.000,0,0,0,1,1,0,0,1,0.0,0.0,0.0,0.0,0.0,1.0,-1
"F[0,0](((Pt_CGMUseNumDays >= 0.000 -> diagAgeCombo >= 3.000) | HeightCm <= 3.000) | Pt_FatherT1D >= 3.000)
",-3.000,-3.000,0.000,0.000,1.000,0,0,0,1,1,0,0,1,0.0,0.0,0.0,0.0,0.0,1.0,-1
"F[0,1](((TotalDailyInsPerKg <= 0.811 & BGTestAvgNumPtRep >= 4.870) -> Pt_MotherT1D <= 6.803) | diabDur <= 6.419)
",-9999999.000,-9999999.000,0.000,0.000,1.000,0,0,0,1,1,0,0,1,0.0,0.0,0.0,0.0,0.0,1.0,-1
"F[1,1](((Pt_SHFlg <= 0.000 -> BldPrDia <= 69.802) | Triglyc <= 67.975) | Pt_GrandparentT1D <= 67.906)
",67.975,67.975,0.000,0.000,1.000,0,0,0,1,1,0,0,1,0.0,0.0,0.0,0.0,0.0,1.0,-1
"F[2,2](((Pt_CGMUseNumDays >= 0.000 -> Triglyc <= 67.265) | Pt_SiblingT1D <= 53.351) & TSH <= 54.083)
",53.351,53.351,0.000,0.000,1.000,0,0,0,1,1,0,0,1,0.0,0.0,0.0,0.0,0.0,1.0,-1
"F[1,2]((age >= 6.280 -> HbA1cImputeDtMnC >= 1.642) & Pt_ChildT1D <= 23.963)
",-9999999.000,-9999999.000,0.000,0.000,1.000,0,0,0,1,1,0,0,1,0.0,0.0,0.0,0.0,0.0,1.0,-1
"F[0,2](((BldPrSys <= 121.749 & Pt_A1cGoalLev <= 0.000) -> bmiZscore <= 0.000) -> NumPumpBolusOrShortAct <= 0.000)
",-9999999.000,-9999999.000,0.000,0.000,1.000,0,0,0,1,1,0,0,1,0.0,0.0,0.0,0.0,0.0,1.0,-1
"F[2,2](BGTestAvgNumPtRep <= 5.731 & UnitsInsBasalOrLongAct >= 2.780)
",-2.780,-2.780,0.000,0.000,1.000,0,0,0,1,1,0,0,1,0.0,0.0,0.0,0.0,0.0,1.0,-1
"((Triglyc <= 63.430) U[0,0] (AlbCreatRat_mggNew <= 52.816))
",40.816,40.816,0.000,0.000,1.000,0,0,0,1,1,0,0,1,0.0,0.0,0.0,0.0,0.0,1.0,-1
"F[1,2](HbA1c >= 8.548 -> Pt_A1cGoalLevelDsYr5 = 0.000)
",-9999999.000,-9999999.000,0.000,0.000,1.000,0,0,0,1,1,0,0,1,0.0,0.0,0.0,0.0,0.0,1.0,-1
"F[0,0](((Pt_A1cGoalLev <= 0.000 & WeightKg <= 22.457) -> Pt_DKAFlg >= 19.738) | GFR <= 22.454)
",24.742,24.742,0.000,0.000,1.000,0,0,0,1,1,0,0,1,0.0,0.0,0.0,0.0,0.0,1.0,-1
"((AlbCreatRat_mggNew > 17.514) U[0,2] (Pt_SHFlg = 0.000))
",-9999999.000,-9999999.000,0.000,0.000,1.000,0,0,0,1,1,0,0,1,0.0,0.0,0.0,0.0,0.0,1.0,-1
"F[2,2]((HDL <= 67.564 & Pt_GrandparentT1D >= 0.000) & bmiPerc <= 0.000)
",0.000,0.000,0.000,0.000,1.000,0,0,0,1,1,0,0,1,0.0,0.0,0.0,0.0,0.0,1.0,-1
"((bmi <= 13.361) U[0,2] (Pt_GrandchildT1D >= 0.000))
",-9999999.000,-9999999.000,0.000,0.000,1.000,0,0,0,1,1,0,0,1,0.0,0.0,0.0,0.0,0.0,1.0,-1
"F[2,2](((bmiZscore >= -1.983 -> WeightKg <= 22.751) & BldPrDia <= 21.124) & age <= 22.048)
",-22.751,-22.751,0.000,0.000,1.000,0,0,0,1,1,0,0,1,0.0,0.0,0.0,0.0,0.0,1.0,-1
"F[1,1](((GFR >= 0.000 | Triglyc >= 16.348) & BldPrDia >= 12.991) & Triglyc >= 33.751)
",-33.751,-33.751,0.000,0.000,1.000,0,0,0,1,1,0,0,1,0.0,0.0,0.0,0.0,0.0,1.0,-1
"F[0,1](((age <= 8.779 | BldPrSys >= 107.127) & age >= 107.670) | LDL >= 108.042)
",-9999999.000,-9999999.000,0.000,0.000,1.000,0,0,0,1,1,0,0,1,0.0,0.0,0.0,0.0,0.0,1.0,-1
"((HbA1cImputeDtMnC <= 28.599) U[0,2] (HDL <= 50.200))
",-9999999.000,-9999999.000,0.000,0.000,1.000,0,0,0,1,1,0,0,1,0.0,0.0,0.0,0.0,0.0,1.0,-1
"F[0,2](((diabDur >= 4.291 -> Triglyc <= 43.393) & BUN <= 46.598) | Pt_MotherT1D >= 11.027)
",-9999999.000,-9999999.000,0.000,0.000,1.000,0,0,0,1,1,0,0,1,0.0,0.0,0.0,0.0,0.0,1.0,-1
"F[1,1]((Pt_ChildT1D <= 0.000 & BGTestAvgNumPtRep >= 5.080) | diagAgeCombo <= 6.755)
",6.755,6.755,0.000,0.000,1.000,0,0,0,1,1,0,0,1,0.0,0.0,0.0,0.0,0.0,1.0,-1
"((Pt_A1cGoalLev <= 0.000) U[0,2] (LDL >= 64.675))
",-9999999.000,-9999999.000,0.000,0.000,1.000,0,0,0,1,1,0,0,1,0.0,0.0,0.0,0.0,0.0,1.0,-1
"F[0,0](diabDur >= 3.615 -> HeightCm >= 119.951)
",-5.385,-5.385,0.000,0.000,1.000,0,0,0,1,1,0,0,1,0.0,0.0,0.0,0.0,0.0,1.0,-1
"F[0,1]((Pt_DKAFlg >= 0.000 | Pt_MotherT1D <= 0.000) -> LDL >= 0.000)
",-9999999.000,-9999999.000,0.000,0.000,1.000,0,0,0,1,1,0,0,1,0.0,0.0,0.0,0.0,0.0,1.0,-1
"F[1,1](Pt_A1cGoalLev >= 0.000 -> BGTestAvgNumMeter <= 0.000)
",0.000,0.000,0.000,0.000,1.000,0,0,0,1,1,0,0,1,0.0,0.0,0.0,0.0,0.0,1.0,-1
"F[2,2](((diagAgeCombo <= 3.000 & WeightKg >= 20.733) | bmiZscore >= 20.494) & UnitsInsBasalOrLongAct >= 20.513)
",-20.513,-20.513,0.000,0.000,1.000,0,0,0,1,1,0,0,1,0.0,0.0,0.0,0.0,0.0,1.0,-1
"F[1,2]((UnitsInsBasalOrLongAct <= 5.726 & AlbCreatRat_mggNew >= 14.592) | bmiZscore >= 24.112)
",-9999999.000,-9999999.000,0.000,0.000,1.000,0,0,0,1,1,0,0,1,0.0,0.0,0.0,0.0,0.0,1.0,-1
"F[2,2](AutonomicNeuroCl >= 0.000 & Pt_A1cGoalLev <= 0.000)
",0.000,0.000,0.000,0.000,1.000,0,0,0,1,1,0,0,1,0.0,0.0,0.0,0.0,0.0,1.0,-1
"F[0,2]((Pt_SiblingT1D <= 0.000 & bmi <= 13.532) -> bmi <= 13.320)
",-9999999.000,-9999999.000,0.000,0.000,1.000,0,0,0,1,1,0,0,1,0.0,0.0,0.0,0.0,0.0,1.0,-1
"((GFR <= 0.000) U[2,2] (HDL >= 14.218))
",0.000,0.000,0.000,0.000,1.000,0,0,0,1,1,0,0,1,0.0,0.0,0.0,0.0,0.0,1.0,-1
"F[2,2]((TotalDailyInsPerKg <= 0.820 -> diagAgeCombo <= 3.000) -> bmi >= 3.000)
",3.000,3.000,0.000,0.000,1.000,0,0,0,1,1,0,0,1,0.0,0.0,0.0,0.0,0.0,1.0,-1
"F[0,1]((BGTestAvgNumMeter >= 0.000 -> bmiZscore >= -2.016) -> UnitsInsBasalOrLongAct >= -2.172)
",-9999999.000,-9999999.000,0.000,0.000,1.000,0,0,0,1,1,0,0,1,0.0,0.0,0.0,0.0,0.0,1.0,-1
"F[0,1]((HeightCm <= 129.314 & Pt_SiblingT1D >= 0.000) -> BGTestAvgNumMeter >= 0.000)
",-9999999.000,-9999999.000,0.000,0.000,1.000,0,0,0,1,1,0,0,1,0.0,0.0,0.0,0.0,0.0,1.0,-1
"((HDL >= 29.594) U[1,2] (bmiZscore >= -2.213))
",-9999999.000,-9999999.000,0.000,0.000,1.000,0,0,0,1,1,0,0,1,0.0,0.0,0.0,0.0,0.0,1.0,-1
"F[1,1](((diabDur >= 3.515 | TotChol <= 222.269) | bmiZscore >= 210.679) | BGTestAvgNumMeter >= 209.035)
",222.269,222.269,0.000,0.000,1.000,0,0,0,1,1,0,0,1,0.0,0.0,0.0,0.0,0.0,1.0,-1
"F[2,2](TotChol >= 214.021 | BGTestAvgNumMeter <= 0.000)
",0.000,0.000,0.000,0.000,1.000,0,0,0,1,1,0,0,1,0.0,0.0,0.0,0.0,0.0,1.0,-1
"((AlbCreatRat_mggNew <= 33.293) U[1,1] (AutonomicNeuroCl >= 0.000))
",33.293,33.293,0.000,0.000,1.000,0,0,0,1,1,0,0,1,0.0,0.0,0.0,0.0,0.0,1.0,-1
"F[0,2]((HbA1cImputeDtMnC <= 21.949 & LDL >= 33.724) & Pt_A1cGoalLevelDsYr5 >= 5.823)
",-9999999.000,-9999999.000,0.000,0.000,1.000,0,0,0,1,1,0,0,1,0.0,0.0,0.0,0.0,0.0,1.0,-1
"F[0,2]((Pt_A1cGoalLevelDsYr5 <= 0.000 -> SMBGperDayPtMeterCombo >= 4.235) | diagAgeCombo >= 4.467)
",-9999999.000,-9999999.000,0.000,0.000,1.000,0,0,0,1,1,0,0,1,0.0,0.0,0.0,0.0,0.0,1.0,-1
"F[1,2](Triglyc <= 34.800 | AutonomicNeuroCl <= 0.000)
",-9999999.000,-9999999.000,0.000,0.000,1.000,0,0,0,1,1,0,0,1,0.0,0.0,0.0,0.0,0.0,1.0,-1
"F[0,1]((Pt_A1cGoalLevelDsYr5 <= 0.000 | Pt_MotherT1D >= 0.000) | Pt_InsGov >= 0.000)
",-9999999.000,-9999999.000,0.000,0.000,1.000,0,0,0,1,1,0,0,1,0.0,0.0,0.0,0.0,0.0,1.0,-1
"F[1,2](((HeightCm >= 121.285 | age >= 7.310) -> HDL >= 7.200) & Pt_GrandparentT1D <= 8.283)
",-9999999.000,-9999999.000,0.000,0.000,1.000,0,0,0,1,1,0,0,1,0.0,0.0,0.0,0.0,0.0,1.0,-1
"F[0,0](WeightKg >= 20.178 -> bmiPerc <= 0.058)
",12.986,12.986,0.000,0.000,1.000,0,0,0,1,1,0,0,1,0.0,0.0,0.0,0.0,0.0,1.0,-1
"F[0,1]((BldPrDia >= 66.898 -> DirectLDL <= 0.000) | AlbCreatRat_mggNew <= 0.000)
",-9999999.000,-9999999.000,0.000,0.000,1.000,0,0,0,1,1,0,0,1,0.0,0.0,0.0,0.0,0.0,1.0,-1
"((WeightKg <= 21.411) U[0,1] (TSH <= 1.550))
",-9999999.000,-9999999.000,0.000,0.000,1.000,0,0,0,1,1,0,0,1,0.0,0.0,0.0,0.0,0.0,1.0,-1
"F[1,2]((HbA1c <= 8.632 & BGTestAvgNumPtRep >= 4.544) -> TotChol <= 6.655)
",-9999999.000,-9999999.000,0.000,0.000,1.000,0,0,0,1,1,0,0,1,0.0,0.0,0.0,0.0,0.0,1.0,-1
"F[1,2](Pt_CGMUseNumDays >= 0.000 & diagAgeCombo <= 3.000)
",-9999999.000,-9999999.000,0.000,0.000,1.000,0,0,0,1,1,0,0,1,0.0,0.0,0.0,0.0,0.0,1.0,-1
"((TotalDailyInsPerKg < 0.820) U[2,2] (Pt_SHFlg = 0.000))
",0.820,0.820,0.000,0.000,1.000,0,0,0,1,1,0,0,1,0.0,0.0,0.0,0.0,0.0,1.0,-1
"F[0,0]((BUN >= 3.140 -> Pt_CGMUseNumDays <= 0.000) | Pt_A1cGoalLevelDsYr5 >= 0.000)
",0.000,0.000,0.000,0.000,1.000,0,0,0,1,1,0,0,1,0.0,0.0,0.0,0.0,0.0,1.0,-1
"F[0,1](bmi >= 13.085 -> BGTestAvgNumPtRep <= 6.361)
",-9999999.000,-9999999.000,0.000,0.000,1.000,0,0,0,1,1,0,0,1,0.0,0.0,0.0,0.0,0.0,1.0,-1
"F[0,1](((HbA1cImputeDtMnC >= 11.830 | TotalDailyInsPerKg >= 0.798) & diabDur <= 0.829) | NumPumpBolusOrShortAct <= 0.809)
",-9999999.000,-9999999.000,0.000,0.000,1.000,0,0,0,1,1,0,0,1,0.0,0.0,0.0,0.0,0.0,1.0,-1
"F[1,2](((NumPumpBolusOrShortAct <= 4.945 & AutonomicNeuroCl <= 0.000) | Pt_CGMUseNumDays <= 0.000) & WeightKg >= 0.000)
",-9999999.000,-9999999.000,0.000,0.000,1.000,0,0,0,1,1,0,0,1,0.0,0.0,0.0,0.0,0.0,1.0,-1
"F[0,0](((BGTestAvgNumMeter <= 0.000 | diagAgeCombo >= 3.000) & diagAgeCombo >= 3.000) & bmiZscore <= 3.000)
",-3.000,-3.000,0.000,0.000,1.000,0,0,0,1,1,0,0,1,0.0,0.0,0.0,0.0,0.0,1.0,-1
"F[1,2](WeightKg <= 21.826 -> BGTestAvgNumPtRep >= 4.472)
",-9999999.000,-9999999.000,0.000,0.000,1.000,0,0,0,1,1,0,0,1,0.0,0.0,0.0,0.0,0.0,1.0,-1
"F[0,1](BldPrSys >= 108.153 -> Pt_ChildT1D >= 0.000)
",-9999999.000,-9999999.000,0.000,0.000,1.000,0,0,0,1,1,0,0,1,0.0,0.0,0.0,0.0,0.0,1.0,-1
"((TSH >= 0.901) U[0,1] (LDL >= 28.482))
",-9999999.000,-9999999.000,0.000,0.000,1.000,0,0,0,1,1,0,0,1,0.0,0.0,0.0,0.0,0.0,1.0,-1
"F[0,2](BGTestAvgNumPtRep >= 4.553 -> Triglyc <= 54.920)
",-9999999.000,-9999999.000,0.000,0.000,1.000,0,0,0,1,1,0,0,1,0.0,0.0,0.0,0.0,0.0,1.0,-1
"F[1,2](bmiZscore <= -1.803 & bmiPerc >= 0.037)
",-9999999.000,-9999999.000,0.000,0.000,1.000,0,0,0,1,1,0,0,1,0.0,0.0,0.0,0.0,0.0,1.0,-1
"F[0,2](LDL <= 101.501 | LDL >= 12.041)
",-9999999.000,-9999999.000,0.000,0.000,1.000,0,0,0,1,1,0,0,1,0.0,0.0,0.0,0.0,0.0,1.0,-1
"((GFR >= 0.000) U[0,2] (LDL >= 51.222))
",-9999999.000,-9999999.000,0.000,0.000,1.000,0,0,0,1,1,0,0,1,0.0,0.0,0.0,0.0,0.0,1.0,-1
"((BldPrDia >= 67.038) U[0,1] (Pt_FatherT1D >= 0.000))
",-9999999.000,-9999999.000,0.000,0.000,1.000,0,0,0,1,1,0,0,1,0.0,0.0,0.0,0.0,0.0,1.0,-1
"F[0,2](((SMBGperDayPtMeterCombo >= 4.928 | Pt_FatherT1D <= 0.000) & bmi >= 0.000) -> Triglyc <= 0.000)
",-9999999.000,-9999999.000,0.000,0.000,1.000,0,0,0,1,1,0,0,1,0.0,0.0,0.0,0.0,0.0,1.0,-1
"F[0,1]((BldPrSys >= 112.359 | HbA1cImputeDtMnC >= 3.153) & LDL >= 11.715)
",-9999999.000,-9999999.000,0.000,0.000,1.000,0,0,0,1,1,0,0,1,0.0,0.0,0.0,0.0,0.0,1.0,-1
"F[2,2](NumPumpBolusOrShortAct <= 4.969 & SMBGperDayPtMeterCombo >= 5.088)
",-5.088,-5.088,0.000,0.000,1.000,0,0,0,1,1,0,0,1,0.0,0.0,0.0,0.0,0.0,1.0,-1
"F[0,1](((HbA1c >= 8.575 & Pt_MotherT1D <= 0.000) | Pt_SHFlg >= 0.000) & WeightKg >= 0.000)
",-9999999.000,-9999999.000,0.000,0.000,1.000,0,0,0,1,1,0,0,1,0.0,0.0,0.0,0.0,0.0,1.0,-1
"F[1,2](((AlbCreatRat_mggNew <= 54.430 & HbA1cImputeDtMnC <= 27.661) -> HbA1cImputeDtMnC >= 1.698) | BldPrSys <= 21.430)
",-9999999.000,-9999999.000,0.000,0.000,1.000,0,0,0,1,1,0,0,1,0.0,0.0,0.0,0.0,0.0,1.0,-1
"F[1,2](age <= 8.559 & LDL >= 36.769)
",-9999999.000,-9999999.000,0.000,0.000,1.000,0,0,0,1,1,0,0,1,0.0,0.0,0.0,0.0,0.0,1.0,-1
"((WeightKg >= 19.442) U[0,2] (UnitsInsBasalOrLongAct <= 5.479))
",-9999999.000,-9999999.000,0.000,0.000,1.000,0,0,0,1,1,0,0,1,0.0,0.0,0.0,0.0,0.0,1.0,-1
"F[0,2](((BldPrSys >= 109.373 & bmiZscore <= -1.869) & AlbCreatRat_mggNew <= -1.541) | Pt_InsGov >= -2.172)
",-9999999.000,-9999999.000,0.000,0.000,1.000,0,0,0,1,1,0,0,1,0.0,0.0,0.0,0.0,0.0,1.0,-1
"F[0,2]((Triglyc >= 0.231 | Pt_A1cGoalLev <= 0.000) | age >= 0.000)
",-9999999.000,-9999999.000,0.000,0.000,1.000,0,0,0,1,1,0,0,1,0.0,0.0,0.0,0.0,0.0,1.0,-1
"F[1,2](((BldPrSys >= 108.389 & WeightKg >= 19.606) -> Pt_A1cGoalLev <= 21.089) -> Pt_SiblingT1D >= 20.961)
",-9999999.000,-9999999.000,0.000,0.000,1.000,0,0,0,1,1,0,0,1,0.0,0.0,0.0,0.0,0.0,1.0,-1
"F[0,1](((bmi <= 13.547 -> Pt_A1cGoalLevelDsYr5 <= 0.000) & BUN <= 0.000) -> SMBGperDayPtMeterCombo >= 0.000)
",-9999999.000,-9999999.000,0.000,0.000,1.000,0,0,0,1,1,0,0,1,0.0,0.0,0.0,0.0,0.0,1.0,-1
"F[0,0](((WeightKg <= 21.146 & BldPrSys >= 108.794) -> Pt_GrandparentT1D <= 119.420) | TotChol >= 112.245)
",-37.245,-37.245,0.000,0.000,1.000,0,0,0,1,1,0,0,1,0.0,0.0,0.0,0.0,0.0,1.0,-1
"((Triglyc > 8.896) U[0,2] (Pt_SHFlg = 0.000))
",-9999999.000,-9999999.000,0.000,0.000,1.000,0,0,0,1,1,0,0,1,0.0,0.0,0.0,0.0,0.0,1.0,-1
"F[1,1](HbA1c >= 8.533 -> Pt_A1cGoalLevelDsYr5 = 0.000)
",0.000,0.000,0.000,0.000,1.000,0,0,0,1,1,0,0,1,0.0,0.0,0.0,0.0,0.0,1.0,-1
"F[0,1]((Pt_SHFlg >= 0.000 & Pt_SiblingT1D <= 0.000) & BldPrSys >= 0.000)
",-9999999.000,-9999999.000,0.000,0.000,1.000,0,0,0,1,1,0,0,1,0.0,0.0,0.0,0.0,0.0,1.0,-1
"F[2,2]((TSH >= 1.082 & Pt_InsGov <= 0.000) & NumPumpBolusOrShortAct <= 0.000)
",-1.082,-1.082,0.000,0.000,1.000,0,0,0,1,1,0,0,1,0.0,0.0,0.0,0.0,0.0,1.0,-1
"F[2,2]((Pt_A1cGoalLev >= 0.000 | diabDur <= 5.247) | HbA1cImputeDtMnC >= 4.170)
",5.247,5.247,0.000,0.000,1.000,0,0,0,1,1,0,0,1,0.0,0.0,0.0,0.0,0.0,1.0,-1
"F[0,1]((Pt_FatherT1D <= 0.000 -> Pt_MotherT1D >= 0.000) -> Pt_SHFlg >= 0.000)
",-9999999.000,-9999999.000,0.000,0.000,1.000,0,0,0,1,1,0,0,1,0.0,0.0,0.0,0.0,0.0,1.0,-1
"F[0,1](((WeightKg >= 19.361 -> HDL >= 21.550) | TotalDailyInsPerKg <= 58.413) & HbA1cImputeDtMnC >= 28.749)
",-9999999.000,-9999999.000,0.000,0.000,1.000,0,0,0,1,1,0,0,1,0.0,0.0,0.0,0.0,0.0,1.0,-1
"F[1,2]((Pt_FatherT1D <= 0.000 & TSH <= 2.423) & Pt_A1cGoalLev <= 2.213)
",-9999999.000,-9999999.000,0.000,0.000,1.000,0,0,0,1,1,0,0,1,0.0,0.0,0.0,0.0,0.0,1.0,-1
"F[0,1]((bmi >= 13.233 -> HeightCm <= 129.676) | AutonomicNeuroCl >= 123.252)
",-9999999.000,-9999999.000,0.000,0.000,1.000,0,0,0,1,1,0,0,1,0.0,0.0,0.0,0.0,0.0,1.0,-1
"F[1,1](NumPumpBolusOrShortAct <= 3.295 | Pt_A1cGoalLevelDsYr5 <= 0.000)
",3.295,3.295,0.000,0.000,1.000,0,0,0,1,1,0,0,1,0.0,0.0,0.0,0.0,0.0,1.0,-1
"((Pt_GrandparentT1D >= 0.000) U[0,1] (UnitsInsBasalOrLongAct <= 4.269))
",-9999999.000,-9999999.000,0.000,0.000,1.000,0,0,0,1,1,0,0,1,0.0,0.0,0.0,0.0,0.0,1.0,-1
"F[1,2](((UnitsInsBasalOrLongAct >= 3.353 -> Pt_A1cGoalLev <= 0.000) -> Pt_SiblingT1D <= 0.000) | Pt_FatherT1D >= 0.000)
",-9999999.000,-9999999.000,0.000,0.000,1.000,0,0,0,1,1,0,0,1,0.0,0.0,0.0,0.0,0.0,1.0,-1
"F[0,1]((bmiZscore <= -1.869 & BUN >= 5.022) & TSH <= 11.525)
",-9999999.000,-9999999.000,0.000,0.000,1.000,0,0,0,1,1,0,0,1,0.0,0.0,0.0,0.0,0.0,1.0,-1
"F[2,2]((TSH <= 2.991 & TSH >= 1.312) | NumPumpBolusOrShortAct >= 1.074)
",-1.074,-1.074,0.000,0.000,1.000,0,0,0,1,1,0,0,1,0.0,0.0,0.0,0.0,0.0,1.0,-1
"F[0,1]((bmi >= 13.221 | BldPrSys >= 111.058) | TotalDailyInsPerKg >= 107.794)
",-9999999.000,-9999999.000,0.000,0.000,1.000,0,0,0,1,1,0,0,1,0.0,0.0,0.0,0.0,0.0,1.0,-1
"F[1,2](((Pt_MotherT1D <= 0.000 | BUN <= 9.977) & age >= 3.722) | BGTestAvgNumPtRep <= 11.582)
",-9999999.000,-9999999.000,0.000,0.000,1.000,0,0,0,1,1,0,0,1,0.0,0.0,0.0,0.0,0.0,1.0,-1
"F[1,2](diabDur >= 3.462 & DirectLDL <= 0.000)
",-9999999.000,-9999999.000,0.000,0.000,1.000,0,0,0,1,1,0,0,1,0.0,0.0,0.0,0.0,0.0,1.0,-1
"F[0,2]((AutonomicNeuroCl <= 0.000 | Pt_SHFlg <= 0.000) & HeightCm <= 0.000)
",-9999999.000,-9999999.000,0.000,0.000,1.000,0,0,0,1,1,0,0,1,0.0,0.0,0.0,0.0,0.0,1.0,-1
"F[1,2](SMBGperDayPtMeterCombo >= 4.627 -> Triglyc <= 52.454)
",-9999999.000,-9999999.000,0.000,0.000,1.000,0,0,0,1,1,0,0,1,0.0,0.0,0.0,0.0,0.0,1.0,-1
"F[0,1](((Pt_SiblingT1D >= 0.000 -> Pt_A1cGoalLev >= 0.000) -> BldPrDia <= 0.000) | LDL >= 0.000)
",-9999999.000,-9999999.000,0.000,0.000,1.000,0,0,0,1,1,0,0,1,0.0,0.0,0.0,0.0,0.0,1.0,-1
"F[0,2](((TotChol <= 224.021 & Pt_CGMUseNumDays <= 0.000) | Pt_SHFlg <= 0.000) -> age <= 0.000)
",-9999999.000,-9999999.000,0.000,0.000,1.000,0,0,0,1,1,0,0,1,0.0,0.0,0.0,0.0,0.0,1.0,-1
"((HDL <= 65.196) U[1,2] (BGTestAvgNumPtRep <= 6.991))
",-9999999.000,-9999999.000,0.000,0.000,1.000,0,0,0,1,1,0,0,1,0.0,0.0,0.0,0.0,0.0,1.0,-1
"F[0,2](Pt_GrandparentT1D <= 0.000 | BldPrSys >= 110.937)
",-9999999.000,-9999999.000,0.000,0.000,1.000,0,0,0,1,1,0,0,1,0.0,0.0,0.0,0.0,0.0,1.0,-1
"F[2,2](TotChol <= 219.507 & HbA1c >= 8.520)
",-8.520,-8.520,0.000,0.000,1.000,0,0,0,1,1,0,0,1,0.0,0.0,0.0,0.0,0.0,1.0,-1
"F[0,0](Pt_FatherT1D <= 0.000 & UnitsInsBasalOrLongAct <= 6.176)
",-56.824,-56.824,0.000,0.000,1.000,0,0,0,1,1,0,0,1,0.0,0.0,0.0,0.0,0.0,1.0,-1
"((bmiPerc >= 0.020) U[0,1] (Pt_GrandchildT1D <= 0.000))
",-9999999.000,-9999999.000,0.000,0.000,1.000,0,0,0,1,1,0,0,1,0.0,0.0,0.0,0.0,0.0,1.0,-1
"F[0,1](((diabDur >= 3.105 -> Pt_SiblingT1D >= 0.000) | TSH <= 0.000) | HeightCm >= 0.000)
",-9999999.000,-9999999.000,0.000,0.000,1.000,0,0,0,1,1,0,0,1,0.0,0.0,0.0,0.0,0.0,1.0,-1
"F[2,2](Pt_GrandparentT1D <= 0.000 | WeightKg <= 22.891)
",22.891,22.891,0.000,0.000,1.000,0,0,0,1,1,0,0,1,0.0,0.0,0.0,0.0,0.0,1.0,-1
"F[1,2](((Pt_SiblingT1D >= 0.000 -> TSH <= 1.760) & Triglyc <= 2.483) -> AutonomicNeuroCl >= 1.250)
",-9999999.000,-9999999.000,0.000,0.000,1.000,0,0,0,1,1,0,0,1,0.0,0.0,0.0,0.0,0.0,1.0,-1
"F[0,2](((Pt_DKAFlg <= 0.000 & HbA1c >= 8.511) & bmiZscore <= 8.613) | BGTestAvgNumPtRep <= 8.695)
",-9999999.000,-9999999.000,0.000,0.000,1.000,0,0,0,1,1,0,0,1,0.0,0.0,0.0,0.0,0.0,1.0,-1
"((BGTestAvgNumPtRep >= 5.198) U[0,1] (bmiZscore <= -1.563))
",-9999999.000,-9999999.000,0.000,0.000,1.000,0,0,0,1,1,0,0,1,0.0,0.0,0.0,0.0,0.0,1.0,-1
"F[1,1]((NumPumpBolusOrShortAct <= 3.614 | NumPumpBolusOrShortAct >= 1.722) | Pt_CGMUseNumDays >= 0.648)
",3.614,3.614,0.000,0.000,1.000,0,0,0,1,1,0,0,1,0.0,0.0,0.0,0.0,0.0,1.0,-1
"F[0,2](((NumPumpBolusOrShortAct <= 3.873 & LDL >= 11.068) | AutonomicNeuroCl <= 115.580) & bmiZscore >= 52.901)
",-9999999.000,-9999999.000,0.000,0.000,1.000,0,0,0,1,1,0,0,1,0.0,0.0,0.0,0.0,0.0,1.0,-1
"F[2,2](WeightKg >= 20.876 & Pt_FatherT1D >= 0.000)
",-20.876,-20.876,0.000,0.000,1.000,0,0,0,1,1,0,0,1,0.0,0.0,0.0,0.0,0.0,1.0,-1
"((HeightCm <= 131.967) U[0,1] (Pt_A1cGoalLev <= 0.000))
",-9999999.000,-9999999.000,0.000,0.000,1.000,0,0,0,1,1,0,0,1,0.0,0.0,0.0,0.0,0.0,1.0,-1
"F[1,1](((GFR <= 0.000 | Pt_SiblingT1D <= 0.000) | HeightCm >= 0.000) | NumPumpBolusOrShortAct >= 0.000)
",0.000,0.000,0.000,0.000,1.000,0,0,0,1,1,0,0,1,0.0,0.0,0.0,0.0,0.0,1.0,-1
"F[0,2](UnitsInsBasalOrLongAct <= 6.154 -> Pt_ChildT1D <= 0.000)
",-9999999.000,-9999999.000,0.000,0.000,1.000,0,0,0,1,1,0,0,1,0.0,0.0,0.0,0.0,0.0,1.0,-1
"F[0,2](((TSH >= 0.301 & HbA1c >= 8.525) | age >= 8.534) & HDL >= 8.579)
",-9999999.000,-9999999.000,0.000,0.000,1.000,0,0,0,1,1,0,0,1,0.0,0.0,0.0,0.0,0.0,1.0,-1
"F[1,2](TSH >= 1.189 | TSH <= 2.641)
",-9999999.000,-9999999.000,0.000,0.000,1.000,0,0,0,1,1,0,0,1,0.0,0.0,0.0,0.0,0.0,1.0,-1
"((age <= 8.615) U[0,1] (Pt_CGMUseNumDays >= 0.000))
",-9999999.000,-9999999.000,0.000,0.000,1.000,0,0,0,1,1,0,0,1,0.0,0.0,0.0,0.0,0.0,1.0,-1
"((LDL >= 12.779) U[0,1] (BldPrDia >= 65.515))
",-9999999.000,-9999999.000,0.000,0.000,1.000,0,0,0,1,1,0,0,1,0.0,0.0,0.0,0.0,0.0,1.0,-1
"F[2,2]((SMBGperDayPtMeterCombo >= 4.474 & Pt_SHFlg >= 0.000) -> Pt_SiblingT1D <= 0.000)
",0.000,0.000,0.000,0.000,1.000,0,0,0,1,1,0,0,1,0.0,0.0,0.0,0.0,0.0,1.0,-1
"F[2,2](HbA1c >= 8.503 -> BGTestAvgNumMeter <= 0.000)
",0.000,0.000,0.000,0.000,1.000,0,0,0,1,1,0,0,1,0.0,0.0,0.0,0.0,0.0,1.0,-1
"((AutonomicNeuroCl <= 0.000) U[0,2] (LDL >= 30.946))
",-9999999.000,-9999999.000,0.000,0.000,1.000,0,0,0,1,1,0,0,1,0.0,0.0,0.0,0.0,0.0,1.0,-1
"F[0,1](DirectLDL <= 0.000 & AlbCreatRat_mggNew >= 11.214)
",-9999999.000,-9999999.000,0.000,0.000,1.000,0,0,0,1,1,0,0,1,0.0,0.0,0.0,0.0,0.0,1.0,-1
"F[0,2]((Pt_SHFlg <= 0.000 -> Pt_MotherT1D <= 0.000) | DirectLDL >= 0.000)
",-9999999.000,-9999999.000,0.000,0.000,1.000,0,0,0,1,1,0,0,1,0.0,0.0,0.0,0.0,0.0,1.0,-1
"F[0,1](((age <= 8.247 | Pt_DKAFlg <= 0.000) | Pt_DKAFlg >= 0.000) | Pt_MotherT1D <= 0.000)
",-9999999.000,-9999999.000,0.000,0.000,1.000,0,0,0,1,1,0,0,1,0.0,0.0,0.0,0.0,0.0,1.0,-1
"F[0,1]((Pt_A1cGoalLevelDsYr5 >= 0.000 -> GFR >= 0.000) | age >= 0.000)
",-9999999.000,-9999999.000,0.000,0.000,1.000,0,0,0,1,1,0,0,1,0.0,0.0,0.0,0.0,0.0,1.0,-1
"F[0,0](((AlbCreatRat_mggNew <= 34.287 -> UnitsInsBasalOrLongAct <= 4.963) -> HbA1cImputeDtMnC >= 1.563) -> Pt_A1cGoalLevelDsYr5 >= 0.338)
",-1.563,-1.563,0.000,0.000,1.000,0,0,0,1,1,0,0,1,0.0,0.0,0.0,0.0,0.0,1.0,-1
"F[1,2]((BldPrSys >= 111.561 & TotalDailyInsPerKg <= 0.828) -> Pt_GrandparentT1D >= 0.790)
",-9999999.000,-9999999.000,0.000,0.000,1.000,0,0,0,1,1,0,0,1,0.0,0.0,0.0,0.0,0.0,1.0,-1
"F[1,2](((AutonomicNeuroCl >= 0.000 & HDL <= 65.980) | diagAgeCombo <= 51.312) | TotalDailyInsPerKg <= 41.793)
",-9999999.000,-9999999.000,0.000,0.000,1.000,0,0,0,1,1,0,0,1,0.0,0.0,0.0,0.0,0.0,1.0,-1
"F[1,1]((Pt_GrandchildT1D >= 0.000 | HbA1cImputeDtMnC >= 14.208) -> BGTestAvgNumPtRep <= 26.678)
",-26.678,-26.678,0.000,0.000,1.000,0,0,0,1,1,0,0,1,0.0,0.0,0.0,0.0,0.0,1.0,-1
"F[0,1](((BGTestAvgNumMeter <= 0.000 -> Pt_SHFlg <= 0.000) | LDL <= 0.000) | bmi <= 0.000)
",-9999999.000,-9999999.000,0.000,0.000,1.000,0,0,0,1,1,0,0,1,0.0,0.0,0.0,0.0,0.0,1.0,-1
"F[0,1](((NumPumpBolusOrShortAct >= 1.312 & BldPrSys <= 119.623) | GFR >= 108.944) -> Pt_FatherT1D >= 110.324)
",-9999999.000,-9999999.000,0.000,0.000,1.000,0,0,0,1,1,0,0,1,0.0,0.0,0.0,0.0,0.0,1.0,-1
"F[1,2](((SMBGperDayPtMeterCombo <= 6.897 & Pt_GrandchildT1D >= 0.000) & SMBGperDayPtMeterCombo >= 0.000) & AutonomicNeuroCl >= 0.000)
",-9999999.000,-9999999.000,0.000,0.000,1.000,0,0,0,1,1,0,0,1,0.0,0.0,0.0,0.0,0.0,1.0,-1
"F[2,2](((Pt_A1cGoalLev <= 0.000 -> Pt_GrandchildT1D <= 0.000) & BUN >= 0.000) | HDL >= 0.000)
",0.000,0.000,0.000,0.000,1.000,0,0,0,1,1,0,0,1,0.0,0.0,0.0,0.0,0.0,1.0,-1
"F[1,2]((BGTestAvgNumPtRep <= 5.700 & AlbCreatRat_mggNew <= 40.176) & HeightCm >= 22.463)
",-9999999.000,-9999999.000,0.000,0.000,1.000,0,0,0,1,1,0,0,1,0.0,0.0,0.0,0.0,0.0,1.0,-1
"((AlbCreatRat_mggNew >= 19.316) U[0,0] (Pt_SHFlg <= 0.000))
",-7.316,-7.316,0.000,0.000,1.000,0,0,0,1,1,0,0,1,0.0,0.0,0.0,0.0,0.0,1.0,-1
"F[2,2]((TSH <= 2.689 -> diagAgeCombo <= 3.000) | BldPrSys >= 3.000)
",-3.000,-3.000,0.000,0.000,1.000,0,0,0,1,1,0,0,1,0.0,0.0,0.0,0.0,0.0,1.0,-1
"F[0,2](((HDL <= 43.310 | UnitsInsBasalOrLongAct >= 2.561) & age <= 7.387) | BldPrSys <= 7.358)
",-9999999.000,-9999999.000,0.000,0.000,1.000,0,0,0,1,1,0,0,1,0.0,0.0,0.0,0.0,0.0,1.0,-1
"F[0,1](Pt_ChildT1D <= 0.000 & HbA1c <= 8.638)
",-9999999.000,-9999999.000,0.000,0.000,1.000,0,0,0,1,1,0,0,1,0.0,0.0,0.0,0.0,0.0,1.0,-1
"F[1,2](((bmi >= 13.276 & Pt_CGMUseNumDays <= 0.000) -> TSH <= 0.000) -> LDL <= 0.000)
",-9999999.000,-9999999.000,0.000,0.000,1.000,0,0,0,1,1,0,0,1,0.0,0.0,0.0,0.0,0.0,1.0,-1
"F[0,1]((Pt_ChildT1D >= 0.000 | TSH >= 1.099) -> Pt_SHFlg <= 2.031)
",-9999999.000,-9999999.000,0.000,0.000,1.000,0,0,0,1,1,0,0,1,0.0,0.0,0.0,0.0,0.0,1.0,-1
"F[0,2](((Pt_CGMUseNumDays >= 0.000 & Pt_CGMUseNumDays >= 0.000) -> BldPrDia <= 0.000) & Pt_A1cGoalLevelDsYr5 <= 0.000)
",-9999999.000,-9999999.000,0.000,0.000,1.000,0,0,0,1,1,0,0,1,0.0,0.0,0.0,0.0,0.0,1.0,-1
"F[2,2](Pt_SiblingT1D >= 0.000 -> BGTestAvgNumMeter >= 0.000)
",0.000,0.000,0.000,0.000,1.000,0,0,0,1,1,0,0,1,0.0,0.0,0.0,0.0,0.0,1.0,-1
"F[1,1](((UnitsInsBasalOrLongAct >= 3.375 -> BUN <= 8.949) -> AlbCreatRat_mggNew <= 11.173) & SMBGperDayPtMeterCombo <= 8.758)
",-11.173,-11.173,0.000,0.000,1.000,0,0,0,1,1,0,0,1,0.0,0.0,0.0,0.0,0.0,1.0,-1
"F[0,1](((BldPrDia >= 65.208 & Pt_SiblingT1D <= 0.000) | bmiPerc >= 0.000) | diagAgeCombo <= 0.000)
",-9999999.000,-9999999.000,0.000,0.000,1.000,0,0,0,1,1,0,0,1,0.0,0.0,0.0,0.0,0.0,1.0,-1
"((Pt_CGMUseNumDays <= 0.000) U[0,0] (Pt_ChildT1D >= 0.000))
",0.000,0.000,0.000,0.000,1.000,0,0,0,1,1,0,0,1,0.0,0.0,0.0,0.0,0.0,1.0,-1
"F[1,2]((Pt_A1cGoalLev <= 0.000 | GFR >= 0.000) | bmiPerc >= 0.000)
",-9999999.000,-9999999.000,0.000,0.000,1.000,0,0,0,1,1,0,0,1,0.0,0.0,0.0,0.0,0.0,1.0,-1
"F[1,1](((bmiPerc <= 0.046 & SMBGperDayPtMeterCombo >= 4.841) -> HDL >= 4.231) | bmi <= 6.103)
",6.103,6.103,0.000,0.000,1.000,0,0,0,1,1,0,0,1,0.0,0.0,0.0,0.0,0.0,1.0,-1
"F[0,0](Pt_SHFlg <= 0.000 -> Pt_InsGov <= 0.000)
",0.000,0.000,0.000,0.000,1.000,0,0,0,1,1,0,0,1,0.0,0.0,0.0,0.0,0.0,1.0,-1
"F[0,0]((Pt_InsGov <= 0.000 -> TotChol <= 225.066) -> Pt_MotherT1D <= 216.416)
",-216.416,-216.416,0.000,0.000,1.000,0,0,0,1,1,0,0,1,0.0,0.0,0.0,0.0,0.0,1.0,-1
"F[0,0](AutonomicNeuroCl <= 0.000 & Pt_SiblingT1D <= 0.000)
",-8.500,-8.500,0.000,0.000,1.000,0,0,0,1,1,0,0,1,0.0,0.0,0.0,0.0,0.0,1.0,-1
"F[0,0](HbA1c >= 8.592 -> Pt_A1cGoalLevelDsYr5 = 0.000)
",0.000,0.000,0.000,0.000,1.000,0,0,0,1,1,0,0,1,0.0,0.0,0.0,0.0,0.0,1.0,-1
"F[0,1](HbA1c >= 8.554 & Pt_GrandparentT1D <= 0.000)
",-9999999.000,-9999999.000,0.000,0.000,1.000,0,0,0,1,1,0,0,1,0.0,0.0,0.0,0.0,0.0,1.0,-1
"F[1,2](Pt_CGMUseNumDays >= 0.000 & Pt_SHFlg = 0.000)
",-9999999.000,-9999999.000,0.000,0.000,1.000,0,0,0,1,1,0,0,1,0.0,0.0,0.0,0.0,0.0,1.0,-1
"((bmiZscore < -1.661) U[0,1] (Pt_SHFlg = 0.000))
",-9999999.000,-9999999.000,0.000,0.000,1.000,0,0,0,1,1,0,0,1,0.0,0.0,0.0,0.0,0.0,1.0,-1
"((Triglyc >= 1.048) U[0,2] (Pt_SHFlg = 0.000))
",-9999999.000,-9999999.000,0.000,0.000,1.000,0,0,0,1,1,0,0,1,0.0,0.0,0.0,0.0,0.0,1.0,-1
"F[1,2](HbA1c >= 8.521 -> Pt_A1cGoalLevelDsYr5 = 0.000)
",-9999999.000,-9999999.000,0.000,0.000,1.000,0,0,0,1,1,0,0,1,0.0,0.0,0.0,0.0,0.0,1.0,-1
"((BGTestAvgNumMeter >= 0.000) U[1,1] (BGTestAvgNumPtRep <= 6.343))
",6.343,6.343,0.000,0.000,1.000,0,0,0,1,1,0,0,1,0.0,0.0,0.0,0.0,0.0,1.0,-1
"((BGTestAvgNumMeter >= 0.000) U[0,1] (BGTestAvgNumPtRep <= 6.262))
",-9999999.000,-9999999.000,0.000,0.000,1.000,0,0,0,1,1,0,0,1,0.0,0.0,0.0,0.0,0.0,1.0,-1
"F[0,2](HeightCm >= 120.607 & BUN >= 3.104)
",-9999999.000,-9999999.000,0.000,0.000,1.000,0,0,0,1,1,0,0,1,0.0,0.0,0.0,0.0,0.0,1.0,-1
"F[1,1](HbA1c >= 8.560 -> Pt_A1cGoalLevelDsYr5 = 0.000)
",0.000,0.000,0.000,0.000,1.000,0,0,0,1,1,0,0,1,0.0,0.0,0.0,0.0,0.0,1.0,-1
"((BGTestAvgNumMeter >= 0.000) U[0,2] (BGTestAvgNumPtRep <= 5.617))
",-9999999.000,-9999999.000,0.000,0.000,1.000,0,0,0,1,1,0,0,1,0.0,0.0,0.0,0.0,0.0,1.0,-1
"F[0,2](HbA1c >= 8.557 -> Pt_A1cGoalLevelDsYr5 = 0.000)
",-9999999.000,-9999999.000,0.000,0.000,1.000,0,0,0,1,1,0,0,1,0.0,0.0,0.0,0.0,0.0,1.0,-1
"((BGTestAvgNumMeter >= 0.000) U[1,2] (BGTestAvgNumPtRep <= 6.338))
",-9999999.000,-9999999.000,0.000,0.000,1.000,0,0,0,1,1,0,0,1,0.0,0.0,0.0,0.0,0.0,1.0,-1
"((BGTestAvgNumMeter >= 0.000) U[1,2] (BGTestAvgNumPtRep <= 5.786))
",-9999999.000,-9999999.000,0.000,0.000,1.000,0,0,0,1,1,0,0,1,0.0,0.0,0.0,0.0,0.0,1.0,-1
"F[1,1](Pt_A1cGoalLev >= 0.000 & Pt_SHFlg = 0.000)
",0.000,0.000,0.000,0.000,1.000,0,0,0,1,1,0,0,1,0.0,0.0,0.0,0.0,0.0,1.0,-1
"((Pt_A1cGoalLev <= 0.000) U[0,1] (DirectLDL <= 0.000))
",-9999999.000,-9999999.000,0.000,0.000,1.000,0,0,0,1,1,0,0,1,0.0,0.0,0.0,0.0,0.0,1.0,-1
"F[2,2]((TotChol >= 202.157 | BUN >= 4.123) -> BGTestAvgNumPtRep <= 6.869)
",-6.869,-6.869,0.000,0.000,1.000,0,0,0,1,1,0,0,1,0.0,0.0,0.0,0.0,0.0,1.0,-1
"F[1,2](AlbCreatRat_mggNew <= 46.461 | Pt_InsGov <= 0.000)
",-9999999.000,-9999999.000,0.000,0.000,1.000,0,0,0,1,1,0,0,1,0.0,0.0,0.0,0.0,0.0,1.0,-1
"((Pt_A1cGoalLevelDsYr5 <= 0.000) U[1,2] (TotalDailyInsPerKg <= 0.815))
",-9999999.000,-9999999.000,0.000,0.000,1.000,0,0,0,1,1,0,0,1,0.0,0.0,0.0,0.0,0.0,1.0,-1
"F[1,2]((Pt_SHFlg <= 0.000 | UnitsInsBasalOrLongAct <= 5.026) & HeightCm >= 1.202)
",-9999999.000,-9999999.000,0.000,0.000,1.000,0,0,0,1,1,0,0,1,0.0,0.0,0.0,0.0,0.0,1.0,-1
"((GFR >= 0.000) U[0,2] (HbA1cImputeDtMnC >= 12.315))
",-9999999.000,-9999999.000,0.000,0.000,1.000,0,0,0,1,1,0,0,1,0.0,0.0,0.0,0.0,0.0,1.0,-1
"F[1,1](((WeightKg >= 20.336 & Triglyc <= 46.746) & Pt_ChildT1D <= 39.880) -> HbA1cImputeDtMnC <= 53.128)
",-53.128,-53.128,0.000,0.000,1.000,0,0,0,1,1,0,0,1,0.0,0.0,0.0,0.0,0.0,1.0,-1
"F[0,0](((TSH <= 3.083 & NumPumpBolusOrShortAct <= 4.223) & Pt_SHFlg <= 3.346) -> BGTestAvgNumPtRep <= 2.562)
",-2.562,-2.562,0.000,0.000,1.000,0,0,0,1,1,0,0,1,0.0,0.0,0.0,0.0,0.0,1.0,-1
"F[1,2]((Pt_A1cGoalLevelDsYr5 >= 0.000 & AlbCreatRat_mggNew >= 9.667) & BldPrDia >= 13.116)
",-9999999.000,-9999999.000,0.000,0.000,1.000,0,0,0,1,1,0,0,1,0.0,0.0,0.0,0.0,0.0,1.0,-1
"F[1,2]((Pt_A1cGoalLev >= 0.000 | TotalDailyInsPerKg >= 0.794) | Triglyc <= 0.817)
",-9999999.000,-9999999.000,0.000,0.000,1.000,0,0,0,1,1,0,0,1,0.0,0.0,0.0,0.0,0.0,1.0,-1
"F[0,1](((BldPrDia >= 65.091 -> BUN >= 4.204) -> Pt_GrandchildT1D <= 9.994) & Pt_InsGov <= 10.134)
",-9999999.000,-9999999.000,0.000,0.000,1.000,0,0,0,1,1,0,0,1,0.0,0.0,0.0,0.0,0.0,1.0,-1
"F[0,1]((TSH <= 2.407 & HbA1cImputeDtMnC >= 3.816) -> diagAgeCombo <= 20.282)
",-9999999.000,-9999999.000,0.000,0.000,1.000,0,0,0,1,1,0,0,1,0.0,0.0,0.0,0.0,0.0,1.0,-1
"F[1,2]((Pt_DKAFlg >= 0.000 & AlbCreatRat_mggNew <= 44.972) | Pt_SiblingT1D >= 29.609)
",-9999999.000,-9999999.000,0.000,0.000,1.000,0,0,0,1,1,0,0,1,0.0,0.0,0.0,0.0,0.0,1.0,-1
"((bmiZscore <= -1.736) U[0,1] (GFR >= 0.000))
",-9999999.000,-9999999.000,0.000,0.000,1.000,0,0,0,1,1,0,0,1,0.0,0.0,0.0,0.0,0.0,1.0,-1
"F[0,0](((bmiZscore >= -1.884 & DirectLDL <= 0.000) -> HeightCm >= 0.000) | HDL >= 0.000)
",139.000,139.000,0.000,0.000,1.000,0,0,0,1,1,0,0,1,0.0,0.0,0.0,0.0,0.0,1.0,-1
"F[0,1]((Pt_SHFlg <= 0.000 | age <= 8.392) | Pt_ChildT1D <= 8.651)
",-9999999.000,-9999999.000,0.000,0.000,1.000,0,0,0,1,1,0,0,1,0.0,0.0,0.0,0.0,0.0,1.0,-1
"((Pt_CGMUseNumDays >= 0.000) U[2,2] (bmiPerc <= 0.046))
",0.046,0.046,0.000,0.000,1.000,0,0,0,1,1,0,0,1,0.0,0.0,0.0,0.0,0.0,1.0,-1
"F[1,2](HbA1c >= 8.522 -> Pt_A1cGoalLevelDsYr5 = 0.000)
",-9999999.000,-9999999.000,0.000,0.000,1.000,0,0,0,1,1,0,0,1,0.0,0.0,0.0,0.0,0.0,1.0,-1
"((BGTestAvgNumMeter >= 0.000) U[0,1] (BGTestAvgNumPtRep <= 6.325))
",-9999999.000,-9999999.000,0.000,0.000,1.000,0,0,0,1,1,0,0,1,0.0,0.0,0.0,0.0,0.0,1.0,-1
"F[0,2](HbA1c >= 8.552 -> Pt_A1cGoalLevelDsYr5 = 0.000)
",-9999999.000,-9999999.000,0.000,0.000,1.000,0,0,0,1,1,0,0,1,0.0,0.0,0.0,0.0,0.0,1.0,-1
"((AutonomicNeuroCl < 0.000) U[2,2] (Pt_SHFlg = 0.000))
",0.000,0.000,0.000,0.000,1.000,0,0,0,1,1,0,0,1,0.0,0.0,0.0,0.0,0.0,1.0,-1
"F[1,2](Pt_InsGov <= 0.000 -> BldPrSys >= 114.527)
",-9999999.000,-9999999.000,0.000,0.000,1.000,0,0,0,1,1,0,0,1,0.0,0.0,0.0,0.0,0.0,1.0,-1
"F[0,0]((Pt_SiblingT1D >= 0.000 -> bmi <= 13.386) -> bmiPerc >= 13.090)
",0.047,0.047,0.000,0.000,1.000,0,0,0,1,1,0,0,1,0.0,0.0,0.0,0.0,0.0,1.0,-1
"F[0,1](((WeightKg >= 20.369 -> BUN >= 2.323) -> AlbCreatRat_mggNew <= 10.705) -> HbA1cImputeDtMnC <= 11.318)
",-9999999.000,-9999999.000,0.000,0.000,1.000,0,0,0,1,1,0,0,1,0.0,0.0,0.0,0.0,0.0,1.0,-1
"F[0,0]((UnitsInsBasalOrLongAct >= 0.958 -> LDL >= 35.966) | Pt_A1cGoalLevelDsYr5 <= 87.932)
",87.932,87.932,0.000,0.000,1.000,0,0,0,1,1,0,0,1,0.0,0.0,0.0,0.0,0.0,1.0,-1
"F[0,2](((Pt_SHFlg >= 0.000 & NumPumpBolusOrShortAct >= 2.240) & AutonomicNeuroCl >= 1.910) & WeightKg >= 0.168)
",-9999999.000,-9999999.000,0.000,0.000,1.000,0,0,0,1,1,0,0,1,0.0,0.0,0.0,0.0,0.0,1.0,-1
"((TotChol >= 214.796) U[0,1] (Pt_FatherT1D <= 0.000))
",-9999999.000,-9999999.000,0.000,0.000,1.000,0,0,0,1,1,0,0,1,0.0,0.0,0.0,0.0,0.0,1.0,-1
"F[0,2](((HeightCm >= 123.221 & AlbCreatRat_mggNew <= 36.052) | Pt_InsGov >= 7.690) -> TotChol >= 17.112)
",-9999999.000,-9999999.000,0.000,0.000,1.000,0,0,0,1,1,0,0,1,0.0,0.0,0.0,0.0,0.0,1.0,-1
"F[0,0]((Pt_FatherT1D >= 0.000 & Pt_GrandparentT1D >= 0.000) & Pt_InsGov >= 0.000)
",0.000,0.000,0.000,0.000,1.000,0,0,0,1,1,0,0,1,0.0,0.0,0.0,0.0,0.0,1.0,-1
"((Pt_A1cGoalLev > 0.000) U[0,1] (Pt_SHFlg = 0.000))
",-9999999.000,-9999999.000,0.000,0.000,1.000,0,0,0,1,1,0,0,1,0.0,0.0,0.0,0.0,0.0,1.0,-1
"F[0,1](AlbCreatRat_mggNew < 34.142 -> Pt_SHFlg = 0.000)
",-9999999.000,-9999999.000,0.000,0.000,1.000,0,0,0,1,1,0,0,1,0.0,0.0,0.0,0.0,0.0,1.0,-1
"F[0,2](BldPrSys <= 116.368 -> Pt_SHFlg = 0.000)
",-9999999.000,-9999999.000,0.000,0.000,1.000,0,0,0,1,1,0,0,1,0.0,0.0,0.0,0.0,0.0,1.0,-1
"((Pt_GrandparentT1D >= 0.000) U[0,1] (Pt_SHFlg = 0.000))
",-9999999.000,-9999999.000,0.000,0.000,1.000,0,0,0,1,1,0,0,1,0.0,0.0,0.0,0.0,0.0,1.0,-1
"((UnitsInsBasalOrLongAct < 7.377) U[1,2] (Pt_SHFlg = 0.000))
",-9999999.000,-9999999.000,0.000,0.000,1.000,0,0,0,1,1,0,0,1,0.0,0.0,0.0,0.0,0.0,1.0,-1
"((HbA1c <= 8.700) U[0,2] (Pt_SHFlg = 0.000))
",-9999999.000,-9999999.000,0.000,0.000,1.000,0,0,0,1,1,0,0,1,0.0,0.0,0.0,0.0,0.0,1.0,-1
"F[0,0](HbA1c >= 8.576 & Pt_SHFlg = 0.000)
",-29.975,-29.975,0.000,0.000,1.000,0,0,0,1,1,0,0,1,0.0,0.0,0.0,0.0,0.0,1.0,-1
"((BGTestAvgNumMeter >= 0.000) U[2,2] (BGTestAvgNumPtRep <= 6.291))
",6.291,6.291,0.000,0.000,1.000,0,0,0,1,1,0,0,1,0.0,0.0,0.0,0.0,0.0,1.0,-1
"((Pt_SiblingT1D > 0.000) U[0,0] (Pt_SHFlg = 0.000))
",0.000,0.000,0.000,0.000,1.000,0,0,0,1,1,0,0,1,0.0,0.0,0.0,0.0,0.0,1.0,-1
"F[1,2](Pt_SHFlg <= 0.000 -> Pt_SHFlg = 0.000)
",-9999999.000,-9999999.000,0.000,0.000,1.000,0,0,0,1,1,0,0,1,0.0,0.0,0.0,0.0,0.0,1.0,-1
"((BUN > 3.970) U[0,2] (Pt_SHFlg = 0.000))
",-9999999.000,-9999999.000,0.000,0.000,1.000,0,0,0,1,1,0,0,1,0.0,0.0,0.0,0.0,0.0,1.0,-1
"F[0,1](diagAgeCombo <= 3.000 -> Pt_SHFlg = 0.000)
",-9999999.000,-9999999.000,0.000,0.000,1.000,0,0,0,1,1,0,0,1,0.0,0.0,0.0,0.0,0.0,1.0,-1
"F[0,1](diagAgeCombo > 3.000 -> Pt_SHFlg = 0.000)
",-9999999.000,-9999999.000,0.000,0.000,1.000,0,0,0,1,1,0,0,1,0.0,0.0,0.0,0.0,0.0,1.0,-1
"((Pt_A1cGoalLevelDsYr5 >= 0.000) U[1,2] (Pt_SHFlg = 0.000))
",-9999999.000,-9999999.000,0.000,0.000,1.000,0,0,0,1,1,0,0,1,0.0,0.0,0.0,0.0,0.0,1.0,-1
"F[2,2](diabDur < 5.727 & Pt_SHFlg = 0.000)
",0.000,0.000,0.000,0.000,1.000,0,0,0,1,1,0,0,1,0.0,0.0,0.0,0.0,0.0,1.0,-1
"((HbA1cImputeDtMnC >= 9.956) U[0,1] (Pt_SHFlg = 0.000))
",-9999999.000,-9999999.000,0.000,0.000,1.000,0,0,0,1,1,0,0,1,0.0,0.0,0.0,0.0,0.0,1.0,-1
"((AutonomicNeuroCl < 0.000) U[0,2] (Pt_SHFlg = 0.000))
",-9999999.000,-9999999.000,0.000,0.000,1.000,0,0,0,1,1,0,0,1,0.0,0.0,0.0,0.0,0.0,1.0,-1
"((BGTestAvgNumMeter >= 0.000) U[1,1] (BGTestAvgNumPtRep <= 6.214))
",6.214,6.214,0.000,0.000,1.000,0,0,0,1,1,0,0,1,0.0,0.0,0.0,0.0,0.0,1.0,-1
"F[0,1](HbA1c >= 8.526 -> Pt_A1cGoalLevelDsYr5 = 0.000)
",-9999999.000,-9999999.000,0.000,0.000,1.000,0,0,0,1,1,0,0,1,0.0,0.0,0.0,0.0,0.0,1.0,-1
"F[0,1](((Pt_GrandparentT1D <= 0.000 | BUN >= 2.459) -> TotalDailyInsPerKg >= 3.217) -> Pt_SiblingT1D <= 10.366)
",-9999999.000,-9999999.000,0.000,0.000,1.000,0,0,0,1,1,0,0,1,0.0,0.0,0.0,0.0,0.0,1.0,-1
"((BGTestAvgNumMeter >= 0.000) U[0,1] (BGTestAvgNumPtRep <= 5.876))
",-9999999.000,-9999999.000,0.000,0.000,1.000,0,0,0,1,1,0,0,1,0.0,0.0,0.0,0.0,0.0,1.0,-1
"F[0,0](HbA1c >= 8.505 -> Pt_A1cGoalLevelDsYr5 = 0.000)
",0.000,0.000,0.000,0.000,1.000,0,0,0,1,1,0,0,1,0.0,0.0,0.0,0.0,0.0,1.0,-1
"F[1,1](((BGTestAvgNumPtRep <= 5.705 | age <= 8.650) | BGTestAvgNumPtRep >= 6.463) | BGTestAvgNumPtRep <= 8.976)
",8.976,8.976,0.000,0.000,1.000,0,0,0,1,1,0,0,1,0.0,0.0,0.0,0.0,0.0,1.0,-1
"F[0,2](Pt_GrandparentT1D >= 0.000 & BUN >= 3.324)
",-9999999.000,-9999999.000,0.000,0.000,1.000,0,0,0,1,1,0,0,1,0.0,0.0,0.0,0.0,0.0,1.0,-1
"((TotChol >= 208.702) U[0,2] (HDL <= 74.255))
",-9999999.000,-9999999.000,0.000,0.000,1.000,0,0,0,1,1,0,0,1,0.0,0.0,0.0,0.0,0.0,1.0,-1
"F[1,1](TSH <= 2.319 | HbA1c <= 8.606)
",8.606,8.606,0.000,0.000,1.000,0,0,0,1,1,0,0,1,0.0,0.0,0.0,0.0,0.0,1.0,-1
"G[0,2](TotChol <= 218.768 | DirectLDL <= 0.000)
",9999999.000,9999999.000,0.000,1.000,0.000,0,0,1,0,0,1,1,0,0.0,0.0,1.0,0.0,0.0,1.0,1
"G[0,2]((age >= 7.061 | HbA1cImputeDtMnC >= 10.845) -> age >= 4.376)
",9999999.000,9999999.000,0.000,1.000,0.000,0,0,1,0,0,1,1,0,0.0,0.0,1.0,0.0,0.0,1.0,1
"G[0,2]((BUN >= 0.968 & Pt_FatherT1D >= 0.000) -> diabDur >= 0.000)
",9999999.000,9999999.000,0.000,1.000,0.000,0,0,1,0,0,1,1,0,0.0,0.0,1.0,0.0,0.0,1.0,1
"G[1,2](LDL >= 41.297 -> BldPrSys <= 115.810)
",9999999.000,9999999.000,0.000,1.000,0.000,0,0,0,1,1,0,0,1,0.0,0.0,0.0,0.0,0.0,1.0,1
"G[1,2](NumPumpBolusOrShortAct <= 3.224 | HeightCm >= 123.094)
",9999999.000,9999999.000,0.000,1.000,0.000,0,0,1,0,0,1,1,0,0.0,0.0,1.0,0.0,0.0,1.0,1
"G[0,2]((LDL <= 99.412 | bmi <= 13.353) | Pt_DKAFlg <= 13.528)
",9999999.000,9999999.000,0.000,1.000,0.000,0,0,1,0,0,1,1,0,0.0,0.0,1.0,0.0,0.0,1.0,1
"G[1,2](Pt_CGMUseNumDays <= 0.000 & Pt_CGMUseNumDays >= 0.000)
",9999999.000,9999999.000,0.000,1.000,0.000,0,0,1,0,0,1,1,0,0.0,0.0,1.0,0.0,0.0,1.0,1
"G[1,2](((HbA1cImputeDtMnC >= 13.858 | LDL <= 106.797) | Pt_DKAFlg <= 133.669) | HbA1cImputeDtMnC <= 113.205)
",9999999.000,9999999.000,0.000,1.000,0.000,0,0,1,0,0,1,1,0,0.0,0.0,1.0,0.0,0.0,1.0,1
"G[0,2]((age <= 8.045 -> HbA1cImputeDtMnC >= 14.085) & Pt_SiblingT1D >= 0.522)
",9999999.000,9999999.000,0.000,1.000,0.000,0,0,0,1,1,0,0,1,0.0,0.0,0.0,0.0,0.0,1.0,1
"G[1,2](bmiZscore <= -1.765 -> Pt_SHFlg = 0.000)
",9999999.000,9999999.000,0.000,1.000,0.000,0,0,1,0,0,1,1,0,0.0,0.0,1.0,0.0,0.0,1.0,1
"G[1,2](WeightKg < 22.244 & Pt_SHFlg = 0.000)
",9999999.000,9999999.000,0.000,1.000,0.000,0,0,0,1,1,0,0,1,0.0,0.0,0.0,0.0,0.0,1.0,1
"G[0,1](BldPrSys <= 120.841 & Pt_SHFlg = 0.000)
",9999999.000,9999999.000,0.000,1.000,0.000,0,0,0,1,1,0,0,1,0.0,0.0,0.0,0.0,0.0,1.0,1
"G[2,2](Pt_SiblingT1D > 0.000 -> Pt_SHFlg = 0.000)
",0.000,0.000,0.000,1.000,0.000,0,0,1,0,0,1,1,0,0.0,0.0,1.0,0.0,0.0,1.0,1
"G[0,2]((HeightCm >= 124.841 -> GFR <= 0.000) | HbA1c <= 0.000)
",9999999.000,9999999.000,0.000,1.000,0.000,0,0,1,0,0,1,1,0,0.0,0.0,1.0,0.0,0.0,1.0,1
"G[0,1](DirectLDL >= 0.000 & BGTestAvgNumPtRep <= 6.594)
",9999999.000,9999999.000,0.000,1.000,0.000,0,0,0,1,1,0,0,1,0.0,0.0,0.0,0.0,0.0,1.0,1
"G[0,1](SMBGperDayPtMeterCombo >= 4.808 & BGTestAvgNumPtRep >= 5.287)
",9999999.000,9999999.000,0.000,1.000,0.000,0,0,0,1,1,0,0,1,0.0,0.0,0.0,0.0,0.0,1.0,1
"G[1,2]((bmiPerc >= 0.030 | Pt_A1cGoalLev >= 0.000) | Pt_SHFlg <= 0.000)
",9999999.000,9999999.000,0.000,1.000,0.000,0,0,1,0,0,1,1,0,0.0,0.0,1.0,0.0,0.0,1.0,1
"G[1,2](((Pt_MotherT1D <= 0.000 -> Pt_SiblingT1D >= 0.000) & HbA1c <= 0.000) & WeightKg <= 0.000)
",9999999.000,9999999.000,0.000,1.000,0.000,0,0,0,1,1,0,0,1,0.0,0.0,0.0,0.0,0.0,1.0,1
"G[0,2](((AlbCreatRat_mggNew <= 45.336 | diagAgeCombo >= 3.000) & Pt_GrandchildT1D >= 3.000) & bmi >= 3.000)
",9999999.000,9999999.000,0.000,1.000,0.000,0,0,0,1,1,0,0,1,0.0,0.0,0.0,0.0,0.0,1.0,1
"G[0,2](((SMBGperDayPtMeterCombo >= 4.360 | Pt_A1cGoalLev >= 0.000) & age <= 0.000) -> BUN >= 0.000)
",9999999.000,9999999.000,0.000,1.000,0.000,0,0,1,0,0,1,1,0,0.0,0.0,1.0,0.0,0.0,1.0,1
"G[0,2]((Pt_GrandchildT1D <= 0.000 -> diagAgeCombo >= 3.000) & diagAgeCombo >= 3.000)
",9999999.000,9999999.000,0.000,1.000,0.000,0,0,1,0,0,1,1,0,0.0,0.0,1.0,0.0,0.0,1.0,1
"G[1,2]((GFR <= 0.000 & BUN <= 7.043) & BldPrSys >= 2.951)
",9999999.000,9999999.000,0.000,1.000,0.000,0,0,0,1,1,0,0,1,0.0,0.0,0.0,0.0,0.0,1.0,1
"G[0,2]((DirectLDL <= 0.000 -> NumPumpBolusOrShortAct <= 2.667) -> HDL <= 3.663)
",9999999.000,9999999.000,0.000,1.000,0.000,0,0,0,1,1,0,0,1,0.0,0.0,0.0,0.0,0.0,1.0,1
"G[0,1](Pt_SiblingT1D >= 0.000 & HbA1c >= 8.556)
",9999999.000,9999999.000,0.000,1.000,0.000,0,0,0,1,1,0,0,1,0.0,0.0,0.0,0.0,0.0,1.0,1
"G[1,2]((HDL <= 50.750 -> Pt_A1cGoalLevelDsYr5 >= 0.000) | Pt_ChildT1D >= 0.000)
",9999999.000,9999999.000,0.000,1.000,0.000,0,0,1,0,0,1,1,0,0.0,0.0,1.0,0.0,0.0,1.0,1
"G[0,0]((Pt_GrandchildT1D >= 0.000 -> NumPumpBolusOrShortAct <= 4.008) & HeightCm <= 2.506)
",-20.394,-20.394,0.000,1.000,0.000,0,0,0,1,1,0,0,1,0.0,0.0,0.0,0.0,0.0,1.0,1
"G[0,2]((UnitsInsBasalOrLongAct >= 1.879 & AlbCreatRat_mggNew <= 50.492) & age <= 40.231)
",9999999.000,9999999.000,0.000,1.000,0.000,0,0,0,1,1,0,0,1,0.0,0.0,0.0,0.0,0.0,1.0,1
"G[0,2](((bmi <= 13.332 | UnitsInsBasalOrLongAct >= 0.917) | WeightKg <= 5.976) -> bmi <= 7.193)
",9999999.000,9999999.000,0.000,1.000,0.000,0,0,0,1,1,0,0,1,0.0,0.0,0.0,0.0,0.0,1.0,1
"G[0,2](((HbA1c >= 8.598 & HeightCm <= 130.070) | BldPrDia <= 127.522) | BldPrSys >= 120.855)
",9999999.000,9999999.000,0.000,1.000,0.000,0,0,1,0,0,1,1,0,0.0,0.0,1.0,0.0,0.0,1.0,1
"G[1,2](Pt_MotherT1D >= 0.000 -> Pt_GrandparentT1D >= 0.000)
",9999999.000,9999999.000,0.000,1.000,0.000,0,0,1,0,0,1,1,0,0.0,0.0,1.0,0.0,0.0,1.0,1
"G[1,2]((WeightKg >= 19.212 | bmi >= 13.218) -> UnitsInsBasalOrLongAct <= 4.052)
",9999999.000,9999999.000,0.000,1.000,0.000,0,0,0,1,1,0,0,1,0.0,0.0,0.0,0.0,0.0,1.0,1
"G[1,1](SMBGperDayPtMeterCombo >= 5.198 & BGTestAvgNumPtRep >= 4.630)
",-5.198,-5.198,0.000,1.000,0.000,0,0,0,1,1,0,0,1,0.0,0.0,0.0,0.0,0.0,1.0,1
"G[1,2]((WeightKg >= 19.565 | bmi >= 13.065) -> UnitsInsBasalOrLongAct <= 4.950)
",9999999.000,9999999.000,0.000,1.000,0.000,0,0,0,1,1,0,0,1,0.0,0.0,0.0,0.0,0.0,1.0,1
"G[2,2](GFR <= 0.000 -> BUN >= 0.697)
",0.000,0.000,0.000,1.000,0.000,0,0,1,0,0,1,1,0,0.0,0.0,1.0,0.0,0.0,1.0,1
"G[1,1]((WeightKg >= 19.725 | bmi >= 13.197) -> UnitsInsBasalOrLongAct <= 4.215)
",-4.215,-4.215,0.000,1.000,0.000,0,0,0,1,1,0,0,1,0.0,0.0,0.0,0.0,0.0,1.0,1
"G[2,2](GFR <= 0.000 -> BUN >= 0.659)
",0.000,0.000,0.000,1.000,0.000,0,0,1,0,0,1,1,0,0.0,0.0,1.0,0.0,0.0,1.0,1
"G[0,2](SMBGperDayPtMeterCombo >= 4.238 & BGTestAvgNumPtRep >= 5.245)
",9999999.000,9999999.000,0.000,1.000,0.000,0,0,0,1,1,0,0,1,0.0,0.0,0.0,0.0,0.0,1.0,1
"G[0,1]((WeightKg >= 20.984 | bmi >= 13.258) -> UnitsInsBasalOrLongAct <= 5.378)
",9999999.000,9999999.000,0.000,1.000,0.000,0,0,0,1,1,0,0,1,0.0,0.0,0.0,0.0,0.0,1.0,1
"G[1,2](GFR <= 0.000 -> BUN >= 1.801)
",9999999.000,9999999.000,0.000,1.000,0.000,0,0,1,0,0,1,1,0,0.0,0.0,1.0,0.0,0.0,1.0,1
"G[0,1](SMBGperDayPtMeterCombo >= 5.480 & BGTestAvgNumPtRep >= 5.087)
",9999999.000,9999999.000,0.000,1.000,0.000,0,0,0,1,1,0,0,1,0.0,0.0,0.0,0.0,0.0,1.0,1
"G[0,0](GFR <= 0.000 -> BUN >= 4.307)
",-64.693,-64.693,0.000,1.000,0.000,0,0,0,1,1,0,0,1,0.0,0.0,0.0,0.0,0.0,1.0,1
"G[2,2]((WeightKg >= 20.258 | bmi >= 13.096) -> UnitsInsBasalOrLongAct <= 4.625)
",-4.625,-4.625,0.000,1.000,0.000,0,0,1,0,0,1,1,0,0.0,0.0,1.0,0.0,0.0,1.0,1
"G[0,1](GFR <= 0.000 -> BUN >= 0.497)
",9999999.000,9999999.000,0.000,1.000,0.000,0,0,0,1,1,0,0,1,0.0,0.0,0.0,0.0,0.0,1.0,1
"G[2,2](GFR <= 0.000 -> BUN >= 4.233)
",0.000,0.000,0.000,1.000,0.000,0,0,1,0,0,1,1,0,0.0,0.0,1.0,0.0,0.0,1.0,1
"G[0,2]((BldPrDia >= 66.824 & BUN >= 0.173) | NumPumpBolusOrShortAct >= 5.140)
",9999999.000,9999999.000,0.000,1.000,0.000,0,0,0,1,1,0,0,1,0.0,0.0,0.0,0.0,0.0,1.0,1
"G[0,2](SMBGperDayPtMeterCombo >= 5.147 & BGTestAvgNumPtRep >= 4.947)
",9999999.000,9999999.000,0.000,1.000,0.000,0,0,0,1,1,0,0,1,0.0,0.0,0.0,0.0,0.0,1.0,1
"G[2,2](BGTestAvgNumPtRep <= 5.960 & Pt_SHFlg = 0.000)
",0.000,0.000,0.000,1.000,0.000,0,0,1,0,0,1,1,0,0.0,0.0,1.0,0.0,0.0,1.0,1
"G[1,2](HDL >= 2.288 & Pt_SHFlg = 0.000)
",9999999.000,9999999.000,0.000,1.000,0.000,0,0,1,0,0,1,1,0,0.0,0.0,1.0,0.0,0.0,1.0,1
"G[0,2](Pt_CGMUseNumDays < 0.000 & Pt_SHFlg = 0.000)
",9999999.000,9999999.000,0.000,1.000,0.000,0,0,0,1,1,0,0,1,0.0,0.0,0.0,0.0,0.0,1.0,1
"G[0,0](bmiZscore <= -1.873 & Pt_SHFlg = 0.000)
",-29.975,-29.975,0.000,1.000,0.000,0,0,0,1,1,0,0,1,0.0,0.0,0.0,0.0,0.0,1.0,1
"G[0,2](((GFR >= 0.000 & diabDur <= 5.263) | Pt_DKAFlg >= 3.063) -> TotChol >= 3.301)
",9999999.000,9999999.000,0.000,1.000,0.000,0,0,1,0,0,1,1,0,0.0,0.0,1.0,0.0,0.0,1.0,1
"G[2,2](TotalDailyInsPerKg >= 0.798 -> Pt_InsGov <= 0.000)
",0.000,0.000,0.000,1.000,0.000,0,0,1,0,0,1,1,0,0.0,0.0,1.0,0.0,0.0,1.0,1
"G[0,1](Pt_CGMUseNumDays >= 0.000 & HbA1c >= 8.548)
",9999999.000,9999999.000,0.000,1.000,0.000,0,0,0,1,1,0,0,1,0.0,0.0,0.0,0.0,0.0,1.0,1
"G[1,2](Triglyc >= 32.261 | HeightCm <= 132.369)
",9999999.000,9999999.000,0.000,1.000,0.000,0,0,1,0,0,1,1,0,0.0,0.0,1.0,0.0,0.0,1.0,1
"G[0,2]((Pt_FatherT1D <= 0.000 & BldPrSys <= 115.873) -> Pt_A1cGoalLevelDsYr5 >= 112.115)
",9999999.000,9999999.000,0.000,1.000,0.000,0,0,0,1,1,0,0,1,0.0,0.0,0.0,0.0,0.0,1.0,1
"G[1,1](Pt_CGMUseNumDays >= 0.000 & LDL <= 123.182)
",0.000,0.000,0.000,1.000,0.000,0,0,0,1,1,0,0,1,0.0,0.0,0.0,0.0,0.0,1.0,1
"G[1,2](Pt_InsGov >= 0.000 -> Pt_ChildT1D <= 0.000)
",9999999.000,9999999.000,0.000,1.000,0.000,0,0,1,0,0,1,1,0,0.0,0.0,1.0,0.0,0.0,1.0,1
"G[1,2](((Pt_SHFlg >= 0.000 & Pt_DKAFlg <= 0.000) & LDL >= 0.000) -> diagAgeCombo >= 0.000)
",9999999.000,9999999.000,0.000,1.000,0.000,0,0,1,0,0,1,1,0,0.0,0.0,1.0,0.0,0.0,1.0,1
"G[1,1]((Pt_SHFlg >= 0.000 & NumPumpBolusOrShortAct >= 0.934) | HbA1cImputeDtMnC <= 2.699)
",2.699,2.699,0.000,1.000,0.000,0,0,0,1,1,0,0,1,0.0,0.0,0.0,0.0,0.0,1.0,1
"G[1,2](((GFR <= 0.000 | Pt_A1cGoalLev <= 0.000) | Triglyc <= 0.000) & LDL <= 0.000)
",9999999.000,9999999.000,0.000,1.000,0.000,0,0,0,1,1,0,0,1,0.0,0.0,0.0,0.0,0.0,1.0,1
"G[2,2]((TotChol <= 224.456 & Pt_ChildT1D <= 0.000) -> AlbCreatRat_mggNew <= 0.000)
",0.000,0.000,0.000,1.000,0.000,0,0,1,0,0,1,1,0,0.0,0.0,1.0,0.0,0.0,1.0,1
"G[1,2](Pt_CGMUseNumDays <= 0.000 -> HbA1cImputeDtMnC <= 19.001)
",9999999.000,9999999.000,0.000,1.000,0.000,0,0,0,1,1,0,0,1,0.0,0.0,0.0,0.0,0.0,1.0,1
"G[1,2](((TotChol >= 203.739 -> HDL >= 26.389) | BUN >= 30.552) -> Pt_GrandparentT1D <= 48.092)
",9999999.000,9999999.000,0.000,1.000,0.000,0,0,1,0,0,1,1,0,0.0,0.0,1.0,0.0,0.0,1.0,1
"G[0,1]((TotChol >= 213.828 -> bmiPerc <= 0.052) & HeightCm <= 0.052)
",9999999.000,9999999.000,0.000,1.000,0.000,0,0,0,1,1,0,0,1,0.0,0.0,0.0,0.0,0.0,1.0,1
"G[0,2](Pt_SiblingT1D >= 0.000 -> BldPrDia <= 68.370)
",9999999.000,9999999.000,0.000,1.000,0.000,0,0,0,1,1,0,0,1,0.0,0.0,0.0,0.0,0.0,1.0,1
"G[0,2]((AutonomicNeuroCl <= 0.000 & BUN >= 0.322) & BGTestAvgNumMeter >= 5.746)
",9999999.000,9999999.000,0.000,1.000,0.000,0,0,0,1,1,0,0,1,0.0,0.0,0.0,0.0,0.0,1.0,1
"G[0,2](((bmiPerc >= 0.026 | TotalDailyInsPerKg <= 0.807) | AutonomicNeuroCl >= 0.798) & HeightCm >= 0.799)
",9999999.000,9999999.000,0.000,1.000,0.000,0,0,0,1,1,0,0,1,0.0,0.0,0.0,0.0,0.0,1.0,1
"G[1,2](TSH <= 1.621 | HDL <= 43.104)
",9999999.000,9999999.000,0.000,1.000,0.000,0,0,0,1,1,0,0,1,0.0,0.0,0.0,0.0,0.0,1.0,1
"G[2,2](((Pt_ChildT1D >= 0.000 | HDL <= 47.849) -> Pt_SHFlg >= 7.595) -> TSH >= 33.750)
",33.750,33.750,0.000,1.000,0.000,0,0,1,0,0,1,1,0,0.0,0.0,1.0,0.0,0.0,1.0,1
"G[0,2](diabDur <= 5.234 & Pt_A1cGoalLev >= 0.000)
",9999999.000,9999999.000,0.000,1.000,0.000,0,0,0,1,1,0,0,1,0.0,0.0,0.0,0.0,0.0,1.0,1
"G[1,2](bmi <= 13.535 -> Pt_InsGov >= 0.000)
",9999999.000,9999999.000,0.000,1.000,0.000,0,0,1,0,0,1,1,0,0.0,0.0,1.0,0.0,0.0,1.0,1
"G[1,2](((GFR <= 0.000 & AlbCreatRat_mggNew >= 30.877) & Triglyc >= 26.523) -> NumPumpBolusOrShortAct >= 2.702)
",9999999.000,9999999.000,0.000,1.000,0.000,0,0,0,1,1,0,0,1,0.0,0.0,0.0,0.0,0.0,1.0,1
"G[0,1](DirectLDL <= 0.000 -> BldPrSys >= 107.710)
",9999999.000,9999999.000,0.000,1.000,0.000,0,0,0,1,1,0,0,1,0.0,0.0,0.0,0.0,0.0,1.0,1
"G[0,2](((age >= 6.888 -> TotalDailyInsPerKg >= 0.802) -> Pt_ChildT1D >= 0.795) -> WeightKg >= 0.789)
",9999999.000,9999999.000,0.000,1.000,0.000,0,0,1,0,0,1,1,0,0.0,0.0,1.0,0.0,0.0,1.0,1
"G[0,2](HbA1c >= 8.557 | BldPrDia >= 66.018)
",9999999.000,9999999.000,0.000,1.000,0.000,0,0,0,1,1,0,0,1,0.0,0.0,0.0,0.0,0.0,1.0,1
"G[0,1]((HeightCm >= 121.852 | UnitsInsBasalOrLongAct >= 0.754) & TSH >= 2.986)
",9999999.000,9999999.000,0.000,1.000,0.000,0,0,0,1,1,0,0,1,0.0,0.0,0.0,0.0,0.0,1.0,1
"G[0,2](DirectLDL >= 0.000 & bmiZscore <= -1.493)
",9999999.000,9999999.000,0.000,1.000,0.000,0,0,0,1,1,0,0,1,0.0,0.0,0.0,0.0,0.0,1.0,1
"G[0,2]((Pt_GrandchildT1D >= 0.000 & AutonomicNeuroCl >= 0.000) & Pt_FatherT1D <= 0.000)
",9999999.000,9999999.000,0.000,1.000,0.000,0,0,1,0,0,1,1,0,0.0,0.0,1.0,0.0,0.0,1.0,1
"G[1,2](((Pt_FatherT1D <= 0.000 & BldPrSys >= 108.382) & Triglyc >= 107.548) -> UnitsInsBasalOrLongAct <= 120.453)
",9999999.000,9999999.000,0.000,1.000,0.000,0,0,1,0,0,1,1,0,0.0,0.0,1.0,0.0,0.0,1.0,1
"G[0,2](diagAgeCombo <= 3.000 | Pt_GrandparentT1D >= 0.000)
",9999999.000,9999999.000,0.000,1.000,0.000,0,0,1,0,0,1,1,0,0.0,0.0,1.0,0.0,0.0,1.0,1
"G[0,1]((TotChol >= 206.763 -> HbA1c <= 8.659) & Pt_GrandparentT1D >= 8.556)
",9999999.000,9999999.000,0.000,1.000,0.000,0,0,0,1,1,0,0,1,0.0,0.0,0.0,0.0,0.0,1.0,1
"G[0,2](TotChol >= 204.592 | AlbCreatRat_mggNew <= 52.793)
",9999999.000,9999999.000,0.000,1.000,0.000,0,0,1,0,0,1,1,0,0.0,0.0,1.0,0.0,0.0,1.0,1
"G[0,1](((bmiZscore <= -1.533 | BGTestAvgNumMeter >= 0.000) & UnitsInsBasalOrLongAct <= 0.000) | bmiZscore >= 0.000)
",9999999.000,9999999.000,0.000,1.000,0.000,0,0,0,1,1,0,0,1,0.0,0.0,0.0,0.0,0.0,1.0,1
"G[1,2](UnitsInsBasalOrLongAct <= 5.566 | TotChol <= 216.713)
",9999999.000,9999999.000,0.000,1.000,0.000,0,0,0,1,1,0,0,1,0.0,0.0,0.0,0.0,0.0,1.0,1
"G[0,2]((Pt_SiblingT1D >= 0.000 & HbA1c >= 8.566) | AutonomicNeuroCl <= 8.657)
",9999999.000,9999999.000,0.000,1.000,0.000,0,0,1,0,0,1,1,0,0.0,0.0,1.0,0.0,0.0,1.0,1
"G[2,2](((BldPrSys <= 117.612 | GFR >= 0.000) -> NumPumpBolusOrShortAct >= 0.000) -> DirectLDL <= 0.000)
",0.000,0.000,0.000,1.000,0.000,0,0,1,0,0,1,1,0,0.0,0.0,1.0,0.0,0.0,1.0,1
"G[1,2]((SMBGperDayPtMeterCombo <= 6.916 -> HDL <= 66.555) | AutonomicNeuroCl <= 73.585)
",9999999.000,9999999.000,0.000,1.000,0.000,0,0,1,0,0,1,1,0,0.0,0.0,1.0,0.0,0.0,1.0,1
"G[1,2](((Pt_A1cGoalLevelDsYr5 >= 0.000 -> Pt_SiblingT1D >= 0.000) | Pt_FatherT1D >= 0.000) -> Pt_CGMUseNumDays >= 0.000)
",9999999.000,9999999.000,0.000,1.000,0.000,0,0,1,0,0,1,1,0,0.0,0.0,1.0,0.0,0.0,1.0,1
"G[1,2](Pt_SiblingT1D >= 0.000 & BldPrSys >= 108.669)
",9999999.000,9999999.000,0.000,1.000,0.000,0,0,1,0,0,1,1,0,0.0,0.0,1.0,0.0,0.0,1.0,1
"G[0,2](((bmiPerc <= 0.063 -> UnitsInsBasalOrLongAct <= 5.209) | TSH <= 7.798) -> AutonomicNeuroCl >= 0.713)
",9999999.000,9999999.000,0.000,1.000,0.000,0,0,0,1,1,0,0,1,0.0,0.0,0.0,0.0,0.0,1.0,1
"G[0,1]((diabDur <= 4.648 | diabDur >= 3.597) -> TotalDailyInsPerKg >= 3.923)
",9999999.000,9999999.000,0.000,1.000,0.000,0,0,0,1,1,0,0,1,0.0,0.0,0.0,0.0,0.0,1.0,1
"G[2,2](((bmi >= 13.231 -> Pt_DKAFlg <= 0.000) & Triglyc >= 0.000) & age >= 0.000)
",0.000,0.000,0.000,1.000,0.000,0,0,1,0,0,1,1,0,0.0,0.0,1.0,0.0,0.0,1.0,1
"G[0,2](((bmiZscore >= -2.059 & AutonomicNeuroCl >= 0.000) -> Pt_MotherT1D <= 0.000) -> TSH <= 0.000)
",9999999.000,9999999.000,0.000,1.000,0.000,0,0,0,1,1,0,0,1,0.0,0.0,0.0,0.0,0.0,1.0,1
"G[0,2](TotChol <= 224.831 | UnitsInsBasalOrLongAct <= 4.224)
",9999999.000,9999999.000,0.000,1.000,0.000,0,0,0,1,1,0,0,1,0.0,0.0,0.0,0.0,0.0,1.0,1
"G[0,2](NumPumpBolusOrShortAct <= 3.549 -> diabDur <= 5.422)
",9999999.000,9999999.000,0.000,1.000,0.000,0,0,0,1,1,0,0,1,0.0,0.0,0.0,0.0,0.0,1.0,1
"G[0,1](((Pt_GrandchildT1D >= 0.000 & bmi <= 13.471) & DirectLDL >= 13.100) & HeightCm <= 13.532)
",9999999.000,9999999.000,0.000,1.000,0.000,0,0,0,1,1,0,0,1,0.0,0.0,0.0,0.0,0.0,1.0,1
"G[0,2](((Pt_SiblingT1D <= 0.000 & AlbCreatRat_mggNew <= 54.901) -> AlbCreatRat_mggNew >= 4.758) & Pt_SiblingT1D >= 25.052)
",9999999.000,9999999.000,0.000,1.000,0.000,0,0,0,1,1,0,0,1,0.0,0.0,0.0,0.0,0.0,1.0,1
"G[0,2](((HDL <= 51.370 & AutonomicNeuroCl <= 0.000) -> TotChol <= 0.000) -> UnitsInsBasalOrLongAct <= 0.000)
",9999999.000,9999999.000,0.000,1.000,0.000,0,0,0,1,1,0,0,1,0.0,0.0,0.0,0.0,0.0,1.0,1
"G[0,2]((AutonomicNeuroCl >= 0.000 & BldPrSys >= 111.153) & NumPumpBolusOrShortAct >= 108.235)
",9999999.000,9999999.000,0.000,1.000,0.000,0,0,0,1,1,0,0,1,0.0,0.0,0.0,0.0,0.0,1.0,1
"G[0,2]((Pt_SiblingT1D <= 0.000 & UnitsInsBasalOrLongAct >= 0.252) & Pt_ChildT1D >= 1.074)
",9999999.000,9999999.000,0.000,1.000,0.000,0,0,0,1,1,0,0,1,0.0,0.0,0.0,0.0,0.0,1.0,1
"G[1,2](Pt_FatherT1D >= 0.000 & BUN >= 5.347)
",9999999.000,9999999.000,0.000,1.000,0.000,0,0,1,0,0,1,1,0,0.0,0.0,1.0,0.0,0.0,1.0,1
"G[1,2]((NumPumpBolusOrShortAct >= 0.551 & Pt_ChildT1D >= 0.000) -> NumPumpBolusOrShortAct >= 0.000)
",9999999.000,9999999.000,0.000,1.000,0.000,0,0,1,0,0,1,1,0,0.0,0.0,1.0,0.0,0.0,1.0,1
"G[0,2](((Pt_InsGov <= 0.000 | LDL <= 106.795) -> BldPrSys <= 99.504) & HbA1c >= 36.838)
",9999999.000,9999999.000,0.000,1.000,0.000,0,0,0,1,1,0,0,1,0.0,0.0,0.0,0.0,0.0,1.0,1
"G[0,1](((BGTestAvgNumMeter <= 0.000 | NumPumpBolusOrShortAct >= 1.594) | AlbCreatRat_mggNew <= 3.396) & age <= 2.720)
",9999999.000,9999999.000,0.000,1.000,0.000,0,0,0,1,1,0,0,1,0.0,0.0,0.0,0.0,0.0,1.0,1
"G[1,2](((Pt_GrandchildT1D >= 0.000 & TotChol <= 219.571) | HbA1c >= 207.408) | Pt_SiblingT1D <= 222.498)
",9999999.000,9999999.000,0.000,1.000,0.000,0,0,1,0,0,1,1,0,0.0,0.0,1.0,0.0,0.0,1.0,1
"G[0,2]((DirectLDL <= 0.000 | BldPrDia <= 68.933) -> Pt_A1cGoalLevelDsYr5 <= 68.099)
",9999999.000,9999999.000,0.000,1.000,0.000,0,0,1,0,0,1,1,0,0.0,0.0,1.0,0.0,0.0,1.0,1
"G[1,2](AutonomicNeuroCl >= 0.000 -> BGTestAvgNumPtRep <= 6.523)
",9999999.000,9999999.000,0.000,1.000,0.000,0,0,1,0,0,1,1,0,0.0,0.0,1.0,0.0,0.0,1.0,1
"G[0,2](TotalDailyInsPerKg <= 0.822 | bmiZscore >= -2.116)
",9999999.000,9999999.000,0.000,1.000,0.000,0,0,0,1,1,0,0,1,0.0,0.0,0.0,0.0,0.0,1.0,1
"G[2,2]((bmi >= 13.214 -> bmiPerc >= 0.033) | BUN <= 0.048)
",0.048,0.048,0.000,1.000,0.000,0,0,1,0,0,1,1,0,0.0,0.0,1.0,0.0,0.0,1.0,1
"G[1,2](AutonomicNeuroCl >= 0.000 -> SMBGperDayPtMeterCombo >= 4.935)
",9999999.000,9999999.000,0.000,1.000,0.000,0,0,0,1,1,0,0,1,0.0,0.0,0.0,0.0,0.0,1.0,1
"G[1,1](((WeightKg <= 21.725 | Pt_GrandparentT1D <= 0.000) -> TotChol >= 0.000) -> bmiPerc <= 0.000)
",0.000,0.000,0.000,1.000,0.000,0,0,0,1,1,0,0,1,0.0,0.0,0.0,0.0,0.0,1.0,1
"G[0,2](Triglyc <= 35.553 & LDL >= 5.212)
",9999999.000,9999999.000,0.000,1.000,0.000,0,0,0,1,1,0,0,1,0.0,0.0,0.0,0.0,0.0,1.0,1
"G[2,2]((Pt_CGMUseNumDays >= 0.000 | BGTestAvgNumPtRep >= 4.602) & Pt_DKAFlg <= 6.098)
",0.000,0.000,0.000,1.000,0.000,0,0,1,0,0,1,1,0,0.0,0.0,1.0,0.0,0.0,1.0,1
"G[0,1](((diabDur <= 4.869 & bmiPerc <= 0.053) -> AutonomicNeuroCl >= 0.029) & age <= 0.066)
",9999999.000,9999999.000,0.000,1.000,0.000,0,0,0,1,1,0,0,1,0.0,0.0,0.0,0.0,0.0,1.0,1
"G[0,1](((diagAgeCombo >= 3.000 | Pt_CGMUseNumDays <= 0.000) & Pt_GrandparentT1D <= 0.000) & bmiPerc <= 0.000)
",9999999.000,9999999.000,0.000,1.000,0.000,0,0,0,1,1,0,0,1,0.0,0.0,0.0,0.0,0.0,1.0,1
"G[2,2]((age >= 6.753 -> TSH >= 0.440) | age >= 0.610)
",0.440,0.440,0.000,1.000,0.000,0,0,1,0,0,1,1,0,0.0,0.0,1.0,0.0,0.0,1.0,1
"G[1,2](((Pt_FatherT1D <= 0.000 -> Pt_CGMUseNumDays >= 0.000) -> Pt_CGMUseNumDays <= 0.000) | BGTestAvgNumMeter >= 0.000)
",9999999.000,9999999.000,0.000,1.000,0.000,0,0,1,0,0,1,1,0,0.0,0.0,1.0,0.0,0.0,1.0,1
"G[0,0](GFR <= 0.000 -> BUN >= 5.031)
",-63.969,-63.969,0.000,1.000,0.000,0,0,0,1,1,0,0,1,0.0,0.0,0.0,0.0,0.0,1.0,1
"G[0,1](SMBGperDayPtMeterCombo >= 4.213 & BGTestAvgNumPtRep >= 5.375)
",9999999.000,9999999.000,0.000,1.000,0.000,0,0,0,1,1,0,0,1,0.0,0.0,0.0,0.0,0.0,1.0,1
"G[0,2](GFR <= 0.000 -> BUN >= 4.959)
",9999999.000,9999999.000,0.000,1.000,0.000,0,0,0,1,1,0,0,1,0.0,0.0,0.0,0.0,0.0,1.0,1
"F[0,2](((Pt_DKAFlg >= 0.000 -> HDL <= 68.167) & Pt_ChildT1D <= 47.746) | HbA1cImputeDtMnC >= 6.943)
",-9999999.000,-9999999.000,0.000,0.000,1.000,0,0,0,1,1,0,0,1,0.0,0.0,0.0,0.0,0.0,1.0,-1
"((HbA1cImputeDtMnC <= 20.537) U[0,0] (DirectLDL <= 0.000))
",20.537,20.537,0.000,0.000,1.000,0,0,0,1,1,0,0,1,0.0,0.0,0.0,0.0,0.0,1.0,-1
"F[0,1](((Pt_SHFlg >= 0.000 & Pt_SHFlg >= 0.000) | diagAgeCombo >= 0.000) & BGTestAvgNumMeter <= 0.000)
",-9999999.000,-9999999.000,0.000,0.000,1.000,0,0,0,1,1,0,0,1,0.0,0.0,0.0,0.0,0.0,1.0,-1
"F[0,1]((Pt_SiblingT1D >= 0.000 | NumPumpBolusOrShortAct <= 2.663) | AlbCreatRat_mggNew <= 4.812)
",-9999999.000,-9999999.000,0.000,0.000,1.000,0,0,0,1,1,0,0,1,0.0,0.0,0.0,0.0,0.0,1.0,-1
"F[1,1](LDL >= 4.087 & Pt_InsGov >= 0.000)
",-4.087,-4.087,0.000,0.000,1.000,0,0,0,1,1,0,0,1,0.0,0.0,0.0,0.0,0.0,1.0,-1
"F[0,2]((bmiZscore <= -1.616 -> AlbCreatRat_mggNew >= 26.536) | Pt_InsGov <= 59.961)
",-9999999.000,-9999999.000,0.000,0.000,1.000,0,0,0,1,1,0,0,1,0.0,0.0,0.0,0.0,0.0,1.0,-1
"F[0,1]((GFR >= 0.000 -> Pt_GrandparentT1D <= 0.000) | HDL <= 0.000)
",-9999999.000,-9999999.000,0.000,0.000,1.000,0,0,0,1,1,0,0,1,0.0,0.0,0.0,0.0,0.0,1.0,-1
"F[0,1](AutonomicNeuroCl <= 0.000 & BldPrDia >= 66.650)
",-9999999.000,-9999999.000,0.000,0.000,1.000,0,0,0,1,1,0,0,1,0.0,0.0,0.0,0.0,0.0,1.0,-1
"F[1,2]((bmiPerc <= 0.043 -> diagAgeCombo >= 3.000) -> HbA1cImputeDtMnC <= 3.000)
",-9999999.000,-9999999.000,0.000,0.000,1.000,0,0,0,1,1,0,0,1,0.0,0.0,0.0,0.0,0.0,1.0,-1
"F[0,0]((diabDur <= 5.093 | HeightCm >= 124.647) & bmiZscore <= 128.996)
",-3.907,-3.907,0.000,0.000,1.000,0,0,0,1,1,0,0,1,0.0,0.0,0.0,0.0,0.0,1.0,-1
"F[1,2]((Pt_SHFlg <= 0.000 -> diagAgeCombo <= 3.000) -> HbA1c >= 3.000)
",-9999999.000,-9999999.000,0.000,0.000,1.000,0,0,0,1,1,0,0,1,0.0,0.0,0.0,0.0,0.0,1.0,-1
"((HDL <= 43.994) U[0,1] (Pt_GrandparentT1D <= 0.000))
",-9999999.000,-9999999.000,0.000,0.000,1.000,0,0,0,1,1,0,0,1,0.0,0.0,0.0,0.0,0.0,1.0,-1
"F[1,2]((Pt_SiblingT1D >= 0.000 -> UnitsInsBasalOrLongAct <= 6.263) -> age >= 0.413)
",-9999999.000,-9999999.000,0.000,0.000,1.000,0,0,0,1,1,0,0,1,0.0,0.0,0.0,0.0,0.0,1.0,-1
"F[1,2](((bmi >= 13.311 | Pt_GrandchildT1D >= 0.000) | Pt_DKAFlg >= 0.000) -> TSH >= 0.000)
",-9999999.000,-9999999.000,0.000,0.000,1.000,0,0,0,1,1,0,0,1,0.0,0.0,0.0,0.0,0.0,1.0,-1
"F[0,1](Pt_MotherT1D <= 0.000 | age <= 8.397)
",-9999999.000,-9999999.000,0.000,0.000,1.000,0,0,0,1,1,0,0,1,0.0,0.0,0.0,0.0,0.0,1.0,-1
"((Pt_GrandparentT1D >= 0.000) U[2,2] (Pt_A1cGoalLevelDsYr5 <= 0.000))
",0.000,0.000,0.000,0.000,1.000,0,0,0,1,1,0,0,1,0.0,0.0,0.0,0.0,0.0,1.0,-1
"F[0,2](BldPrSys >= 110.352 -> bmiZscore >= -2.196)
",-9999999.000,-9999999.000,0.000,0.000,1.000,0,0,0,1,1,0,0,1,0.0,0.0,0.0,0.0,0.0,1.0,-1
"((BGTestAvgNumMeter >= 0.000) U[0,0] (Pt_GrandchildT1D >= 0.000))
",8.000,8.000,0.000,0.000,1.000,0,0,0,1,1,0,0,1,0.0,0.0,0.0,0.0,0.0,1.0,-1
"((Pt_ChildT1D <= 0.000) U[0,1] (TSH <= 2.516))
",-9999999.000,-9999999.000,0.000,0.000,1.000,0,0,0,1,1,0,0,1,0.0,0.0,0.0,0.0,0.0,1.0,-1
"((HbA1c >= 8.588) U[1,2] (Pt_FatherT1D >= 0.000))
",-9999999.000,-9999999.000,0.000,0.000,1.000,0,0,0,1,1,0,0,1,0.0,0.0,0.0,0.0,0.0,1.0,-1
"((AutonomicNeuroCl <= 0.000) U[1,1] (Pt_SHFlg >= 0.000))
",0.000,0.000,0.000,0.000,1.000,0,0,0,1,1,0,0,1,0.0,0.0,0.0,0.0,0.0,1.0,-1
"F[1,1]((Triglyc >= 11.191 -> Pt_InsGov >= 0.000) & BGTestAvgNumPtRep >= 0.000)
",0.000,0.000,0.000,0.000,1.000,0,0,0,1,1,0,0,1,0.0,0.0,0.0,0.0,0.0,1.0,-1
"F[1,1]((AutonomicNeuroCl <= 0.000 & Pt_DKAFlg <= 0.000) | HDL >= 0.000)
",0.000,0.000,0.000,0.000,1.000,0,0,0,1,1,0,0,1,0.0,0.0,0.0,0.0,0.0,1.0,-1
"F[0,1](((HbA1cImputeDtMnC >= 7.950 -> bmiPerc <= 0.041) | UnitsInsBasalOrLongAct <= 0.059) -> NumPumpBolusOrShortAct >= 0.034)
",-9999999.000,-9999999.000,0.000,0.000,1.000,0,0,0,1,1,0,0,1,0.0,0.0,0.0,0.0,0.0,1.0,-1
"F[0,1](((TotChol <= 224.702 | Pt_SHFlg <= 0.000) & HDL >= 0.000) | Pt_DKAFlg <= 0.000)
",-9999999.000,-9999999.000,0.000,0.000,1.000,0,0,0,1,1,0,0,1,0.0,0.0,0.0,0.0,0.0,1.0,-1
"F[0,1]((BGTestAvgNumMeter >= 0.000 -> Pt_A1cGoalLev >= 0.000) | Pt_A1cGoalLevelDsYr5 >= 0.000)
",-9999999.000,-9999999.000,0.000,0.000,1.000,0,0,0,1,1,0,0,1,0.0,0.0,0.0,0.0,0.0,1.0,-1
"F[1,2]((AutonomicNeuroCl >= 0.000 | HDL >= 3.455) & AlbCreatRat_mggNew >= 23.803)
",-9999999.000,-9999999.000,0.000,0.000,1.000,0,0,0,1,1,0,0,1,0.0,0.0,0.0,0.0,0.0,1.0,-1
"F[0,2]((TotChol <= 220.627 | DirectLDL <= 0.000) -> bmiPerc >= 0.000)
",-9999999.000,-9999999.000,0.000,0.000,1.000,0,0,0,1,1,0,0,1,0.0,0.0,0.0,0.0,0.0,1.0,-1
"F[0,2]((TSH <= 2.996 -> AlbCreatRat_mggNew >= 12.915) & BldPrSys <= 33.679)
",-9999999.000,-9999999.000,0.000,0.000,1.000,0,0,0,1,1,0,0,1,0.0,0.0,0.0,0.0,0.0,1.0,-1
"G[2,2](HbA1cImputeDtMnC >= 7.205 -> diagAgeCombo >= 3.000)
",3.000,3.000,0.000,1.000,0.000,0,0,1,0,0,1,1,0,0.0,0.0,1.0,0.0,0.0,1.0,1
"F[1,2]((diagAgeCombo <= 3.000 & HDL >= 4.060) -> Pt_A1cGoalLev >= 34.917)
",-9999999.000,-9999999.000,0.000,0.000,1.000,0,0,0,1,1,0,0,1,0.0,0.0,0.0,0.0,0.0,1.0,-1
"F[0,2]((BldPrSys <= 117.571 -> HeightCm >= 123.342) & BGTestAvgNumPtRep <= 125.754)
",-9999999.000,-9999999.000,0.000,0.000,1.000,0,0,0,1,1,0,0,1,0.0,0.0,0.0,0.0,0.0,1.0,-1
"F[2,2](((GFR >= 0.000 | SMBGperDayPtMeterCombo >= 4.438) | TotalDailyInsPerKg <= 6.945) | Pt_GrandchildT1D >= 4.183)
",6.945,6.945,0.000,0.000,1.000,0,0,0,1,1,0,0,1,0.0,0.0,0.0,0.0,0.0,1.0,-1
"F[0,2](((SMBGperDayPtMeterCombo <= 6.381 & Pt_A1cGoalLev <= 0.000) | diabDur >= 0.000) | age >= 0.000)
",-9999999.000,-9999999.000,0.000,0.000,1.000,0,0,0,1,1,0,0,1,0.0,0.0,0.0,0.0,0.0,1.0,-1
"F[1,2]((GFR <= 0.000 | LDL >= 45.918) & BGTestAvgNumPtRep <= 134.273)
",-9999999.000,-9999999.000,0.000,0.000,1.000,0,0,0,1,1,0,0,1,0.0,0.0,0.0,0.0,0.0,1.0,-1
"F[0,1](SMBGperDayPtMeterCombo >= 5.474 | Pt_A1cGoalLevelDsYr5 >= 0.000)
",-9999999.000,-9999999.000,0.000,0.000,1.000,0,0,0,1,1,0,0,1,0.0,0.0,0.0,0.0,0.0,1.0,-1
"F[1,2](((AlbCreatRat_mggNew <= 34.004 -> AlbCreatRat_mggNew <= 40.227) & bmi >= 23.771) | HbA1cImputeDtMnC >= 27.870)
",-9999999.000,-9999999.000,0.000,0.000,1.000,0,0,0,1,1,0,0,1,0.0,0.0,0.0,0.0,0.0,1.0,-1
"F[1,2](Pt_A1cGoalLevelDsYr5 >= 0.000 & HeightCm <= 126.171)
",-9999999.000,-9999999.000,0.000,0.000,1.000,0,0,0,1,1,0,0,1,0.0,0.0,0.0,0.0,0.0,1.0,-1
"F[0,1]((Pt_GrandchildT1D <= 0.000 | Pt_ChildT1D >= 0.000) | BUN >= 0.000)
",-9999999.000,-9999999.000,0.000,0.000,1.000,0,0,0,1,1,0,0,1,0.0,0.0,0.0,0.0,0.0,1.0,-1
"F[0,1](((Pt_FatherT1D <= 0.000 | SMBGperDayPtMeterCombo <= 6.756) | UnitsInsBasalOrLongAct <= 5.537) | Pt_SiblingT1D <= 6.047)
",-9999999.000,-9999999.000,0.000,0.000,1.000,0,0,0,1,1,0,0,1,0.0,0.0,0.0,0.0,0.0,1.0,-1
"F[1,1](UnitsInsBasalOrLongAct >= 1.118 | diagAgeCombo >= 3.000)
",-1.118,-1.118,0.000,0.000,1.000,0,0,0,1,1,0,0,1,0.0,0.0,0.0,0.0,0.0,1.0,-1
"F[1,2]((HbA1c <= 8.667 -> Pt_GrandparentT1D <= 0.000) | TotalDailyInsPerKg <= 0.000)
",-9999999.000,-9999999.000,0.000,0.000,1.000,0,0,0,1,1,0,0,1,0.0,0.0,0.0,0.0,0.0,1.0,-1
"F[0,0]((HbA1cImputeDtMnC >= 6.272 & Pt_MotherT1D <= 0.000) -> Pt_SHFlg <= 0.000)
",6.272,6.272,0.000,0.000,1.000,0,0,0,1,1,0,0,1,0.0,0.0,0.0,0.0,0.0,1.0,-1
"((diagAgeCombo <= 3.000) U[1,2] (AlbCreatRat_mggNew <= 40.731))
",-9999999.000,-9999999.000,0.000,0.000,1.000,0,0,0,1,1,0,0,1,0.0,0.0,0.0,0.0,0.0,1.0,-1
"F[0,1]((TotChol >= 205.765 -> Pt_SHFlg <= 0.000) | Pt_DKAFlg >= 0.000)
",-9999999.000,-9999999.000,0.000,0.000,1.000,0,0,0,1,1,0,0,1,0.0,0.0,0.0,0.0,0.0,1.0,-1
"F[1,2]((age <= 7.690 | age >= 7.444) & Pt_ChildT1D <= 7.594)
",-9999999.000,-9999999.000,0.000,0.000,1.000,0,0,0,1,1,0,0,1,0.0,0.0,0.0,0.0,0.0,1.0,-1
"F[1,2]((BldPrDia >= 66.647 | BldPrSys <= 117.405) | HbA1cImputeDtMnC <= 120.956)
",-9999999.000,-9999999.000,0.000,0.000,1.000,0,0,0,1,1,0,0,1,0.0,0.0,0.0,0.0,0.0,1.0,-1
"F[1,2](((Pt_A1cGoalLevelDsYr5 <= 0.000 | BldPrSys >= 111.730) & GFR <= 116.180) & SMBGperDayPtMeterCombo >= 109.793)
",-9999999.000,-9999999.000,0.000,0.000,1.000,0,0,0,1,1,0,0,1,0.0,0.0,0.0,0.0,0.0,1.0,-1
"F[0,1](((age <= 7.788 | Pt_A1cGoalLev >= 0.000) & Pt_ChildT1D <= 0.000) & Triglyc <= 0.000)
",-9999999.000,-9999999.000,0.000,0.000,1.000,0,0,0,1,1,0,0,1,0.0,0.0,0.0,0.0,0.0,1.0,-1
"F[0,1](HbA1c >= 8.530 & TotalDailyInsPerKg <= 0.825)
",-9999999.000,-9999999.000,0.000,0.000,1.000,0,0,0,1,1,0,0,1,0.0,0.0,0.0,0.0,0.0,1.0,-1
"F[0,2]((HeightCm >= 120.342 & Pt_CGMUseNumDays >= 0.000) | HDL >= 0.000)
",-9999999.000,-9999999.000,0.000,0.000,1.000,0,0,0,1,1,0,0,1,0.0,0.0,0.0,0.0,0.0,1.0,-1
"F[1,2](((Pt_GrandparentT1D <= 0.000 | age >= 7.184) -> Pt_GrandchildT1D <= 8.254) & BUN >= 6.387)
",-9999999.000,-9999999.000,0.000,0.000,1.000,0,0,0,1,1,0,0,1,0.0,0.0,0.0,0.0,0.0,1.0,-1
"F[0,1](BldPrDia >= 65.961 | Pt_DKAFlg >= 0.000)
",-9999999.000,-9999999.000,0.000,0.000,1.000,0,0,0,1,1,0,0,1,0.0,0.0,0.0,0.0,0.0,1.0,-1
"((HbA1c >= 8.594) U[0,1] (GFR <= 0.000))
",-9999999.000,-9999999.000,0.000,0.000,1.000,0,0,0,1,1,0,0,1,0.0,0.0,0.0,0.0,0.0,1.0,-1
"F[1,2](bmi >= 13.138 & BldPrDia <= 67.752)
",-9999999.000,-9999999.000,0.000,0.000,1.000,0,0,0,1,1,0,0,1,0.0,0.0,0.0,0.0,0.0,1.0,-1
"F[0,1]((Pt_GrandchildT1D <= 0.000 | BGTestAvgNumPtRep >= 5.081) -> Triglyc <= 6.274)
",-9999999.000,-9999999.000,0.000,0.000,1.000,0,0,0,1,1,0,0,1,0.0,0.0,0.0,0.0,0.0,1.0,-1
"F[2,2](((Pt_A1cGoalLevelDsYr5 >= 0.000 | Pt_SiblingT1D <= 0.000) & Pt_CGMUseNumDays <= 0.000) | BUN >= 0.000)
",0.000,0.000,0.000,0.000,1.000,0,0,0,1,1,0,0,1,0.0,0.0,0.0,0.0,0.0,1.0,-1
"G[0,1](((bmiZscore <= -1.539 -> BGTestAvgNumPtRep <= 6.660) | Pt_ChildT1D <= 6.744) -> Pt_A1cGoalLev >= 5.096)
",9999999.000,9999999.000,0.000,1.000,0.000,0,0,0,1,1,0,0,1,0.0,0.0,0.0,0.0,0.0,1.0,1
"G[0,1](((diagAgeCombo >= 3.000 & WeightKg <= 22.075) & DirectLDL <= 21.337) | AutonomicNeuroCl >= 19.453)
",9999999.000,9999999.000,0.000,1.000,0.000,0,0,0,1,1,0,0,1,0.0,0.0,0.0,0.0,0.0,1.0,1
"G[1,1]((WeightKg >= 19.854 | bmi >= 13.157) -> UnitsInsBasalOrLongAct <= 5.966)
",-5.966,-5.966,0.000,1.000,0.000,0,0,0,1,1,0,0,1,0.0,0.0,0.0,0.0,0.0,1.0,1
"G[1,1]((diagAgeCombo >= 3.000 & bmi >= 13.233) | BGTestAvgNumMeter >= 13.064)
",-13.064,-13.064,0.000,1.000,0.000,0,0,0,1,1,0,0,1,0.0,0.0,0.0,0.0,0.0,1.0,1
"G[1,2]((TotChol <= 222.137 | HeightCm <= 130.725) | BGTestAvgNumMeter <= 127.448)
",9999999.000,9999999.000,0.000,1.000,0.000,0,0,1,0,0,1,1,0,0.0,0.0,1.0,0.0,0.0,1.0,1
"G[0,1]((Pt_GrandparentT1D >= 0.000 & NumPumpBolusOrShortAct <= 3.513) | BGTestAvgNumPtRep <= 3.341)
",9999999.000,9999999.000,0.000,1.000,0.000,0,0,0,1,1,0,0,1,0.0,0.0,0.0,0.0,0.0,1.0,1
"G[0,2]((diabDur <= 5.948 -> Pt_A1cGoalLevelDsYr5 >= 0.000) & bmi <= 0.000)
",9999999.000,9999999.000,0.000,1.000,0.000,0,0,0,1,1,0,0,1,0.0,0.0,0.0,0.0,0.0,1.0,1
"G[1,2](((HeightCm <= 130.744 -> TotalDailyInsPerKg <= 0.817) | HeightCm >= 0.797) -> NumPumpBolusOrShortAct <= 0.824)
",9999999.000,9999999.000,0.000,1.000,0.000,0,0,1,0,0,1,1,0,0.0,0.0,1.0,0.0,0.0,1.0,1
"G[0,2](((Pt_DKAFlg >= 0.000 & Pt_GrandchildT1D >= 0.000) -> GFR <= 0.000) -> age <= 0.000)
",9999999.000,9999999.000,0.000,1.000,0.000,0,0,0,1,1,0,0,1,0.0,0.0,0.0,0.0,0.0,1.0,1
"G[1,2](bmi <= 13.529 -> TotalDailyInsPerKg >= 0.787)
",9999999.000,9999999.000,0.000,1.000,0.000,0,0,1,0,0,1,1,0,0.0,0.0,1.0,0.0,0.0,1.0,1
"G[0,2](((Pt_GrandchildT1D <= 0.000 -> AutonomicNeuroCl >= 0.000) -> Pt_A1cGoalLevelDsYr5 >= 0.000) -> Pt_CGMUseNumDays >= 0.000)
",9999999.000,9999999.000,0.000,1.000,0.000,0,0,1,0,0,1,1,0,0.0,0.0,1.0,0.0,0.0,1.0,1
"G[0,2](Pt_ChildT1D >= 0.000 & Pt_InsGov <= 0.000)
",9999999.000,9999999.000,0.000,1.000,0.000,0,0,1,0,0,1,1,0,0.0,0.0,1.0,0.0,0.0,1.0,1
"G[0,1](TSH <= 2.766 & Pt_A1cGoalLevelDsYr5 <= 0.000)
",9999999.000,9999999.000,0.000,1.000,0.000,0,0,0,1,1,0,0,1,0.0,0.0,0.0,0.0,0.0,1.0,1
"G[2,2](((Pt_FatherT1D >= 0.000 | bmiPerc >= 0.039) | age >= 0.017) -> BGTestAvgNumPtRep >= 0.012)
",0.000,0.000,0.000,1.000,0.000,0,0,1,0,0,1,1,0,0.0,0.0,1.0,0.0,0.0,1.0,1
"G[1,1]((Pt_A1cGoalLev <= 0.000 -> HbA1c >= 8.521) | GFR >= 8.547)
",0.000,0.000,0.000,1.000,0.000,0,0,0,1,1,0,0,1,0.0,0.0,0.0,0.0,0.0,1.0,1
"G[0,2](AlbCreatRat_mggNew >= 24.834 & TSH >= 0.885)
",9999999.000,9999999.000,0.000,1.000,0.000,0,0,0,1,1,0,0,1,0.0,0.0,0.0,0.0,0.0,1.0,1
"G[0,0]((Pt_SHFlg >= 0.000 & BldPrSys <= 119.530) & SMBGperDayPtMeterCombo >= 107.138)
",-42.138,-42.138,0.000,1.000,0.000,0,0,0,1,1,0,0,1,0.0,0.0,0.0,0.0,0.0,1.0,1
"G[0,2](UnitsInsBasalOrLongAct >= 1.636 -> BUN >= 5.594)
",9999999.000,9999999.000,0.000,1.000,0.000,0,0,1,0,0,1,1,0,0.0,0.0,1.0,0.0,0.0,1.0,1
"G[2,2]((GFR <= 0.000 | Pt_SHFlg >= 0.000) & Pt_FatherT1D >= 0.000)
",0.000,0.000,0.000,1.000,0.000,0,0,1,0,0,1,1,0,0.0,0.0,1.0,0.0,0.0,1.0,1
"G[1,2](GFR >= 0.000 & diagAgeCombo >= 3.000)
",9999999.000,9999999.000,0.000,1.000,0.000,0,0,1,0,0,1,1,0,0.0,0.0,1.0,0.0,0.0,1.0,1
"G[0,2](((HbA1cImputeDtMnC >= 8.128 -> bmi <= 13.345) | bmiPerc >= 13.192) -> Pt_MotherT1D <= 13.421)
",9999999.000,9999999.000,0.000,1.000,0.000,0,0,1,0,0,1,1,0,0.0,0.0,1.0,0.0,0.0,1.0,1
"G[1,2](Pt_SHFlg <= 0.000 | BldPrDia <= 68.627)
",9999999.000,9999999.000,0.000,1.000,0.000,0,0,1,0,0,1,1,0,0.0,0.0,1.0,0.0,0.0,1.0,1
"G[1,2](GFR <= 0.000 -> BUN >= 1.359)
",9999999.000,9999999.000,0.000,1.000,0.000,0,0,1,0,0,1,1,0,0.0,0.0,1.0,0.0,0.0,1.0,1
"G[1,2]((BUN <= 9.814 | TSH >= 1.176) -> LDL <= 2.086)
",9999999.000,9999999.000,0.000,1.000,0.000,0,0,0,1,1,0,0,1,0.0,0.0,0.0,0.0,0.0,1.0,1
"G[0,2](((Pt_A1cGoalLevelDsYr5 <= 0.000 -> Pt_SiblingT1D >= 0.000) & UnitsInsBasalOrLongAct >= 0.000) -> BldPrSys >= 0.000)
",9999999.000,9999999.000,0.000,1.000,0.000,0,0,1,0,0,1,1,0,0.0,0.0,1.0,0.0,0.0,1.0,1
"G[2,2]((SMBGperDayPtMeterCombo >= 4.651 & WeightKg >= 20.537) -> diabDur >= 19.619)
",19.619,19.619,0.000,1.000,0.000,0,0,1,0,0,1,1,0,0.0,0.0,1.0,0.0,0.0,1.0,1
"G[0,1](NumPumpBolusOrShortAct < 4.117 & Pt_SHFlg = 0.000)
",9999999.000,9999999.000,0.000,1.000,0.000,0,0,0,1,1,0,0,1,0.0,0.0,0.0,0.0,0.0,1.0,1
"G[1,2]((WeightKg >= 19.450 | bmi >= 13.185) -> UnitsInsBasalOrLongAct <= 7.024)
",9999999.000,9999999.000,0.000,1.000,0.000,0,0,0,1,1,0,0,1,0.0,0.0,0.0,0.0,0.0,1.0,1
"G[0,2](GFR <= 0.000 -> BUN >= 5.532)
",9999999.000,9999999.000,0.000,1.000,0.000,0,0,0,1,1,0,0,1,0.0,0.0,0.0,0.0,0.0,1.0,1
"G[0,1](SMBGperDayPtMeterCombo >= 4.733 & BGTestAvgNumPtRep >= 5.423)
",9999999.000,9999999.000,0.000,1.000,0.000,0,0,0,1,1,0,0,1,0.0,0.0,0.0,0.0,0.0,1.0,1
"G[1,2]((NumPumpBolusOrShortAct <= 3.212 | BGTestAvgNumMeter <= 0.000) & diabDur <= 0.000)
",9999999.000,9999999.000,0.000,1.000,0.000,0,0,0,1,1,0,0,1,0.0,0.0,0.0,0.0,0.0,1.0,1
"G[1,1](HbA1c >= 8.549 | BGTestAvgNumPtRep >= 4.225)
",-4.225,-4.225,0.000,1.000,0.000,0,0,0,1,1,0,0,1,0.0,0.0,0.0,0.0,0.0,1.0,1
"G[0,2]((BUN >= 0.972 | BGTestAvgNumMeter <= 0.000) -> WeightKg >= 0.000)
",9999999.000,9999999.000,0.000,1.000,0.000,0,0,1,0,0,1,1,0,0.0,0.0,1.0,0.0,0.0,1.0,1
"G[0,1](((HbA1c >= 8.572 & TSH >= 0.839) & TotalDailyInsPerKg <= 2.846) & Pt_SHFlg >= 1.025)
",9999999.000,9999999.000,0.000,1.000,0.000,0,0,0,1,1,0,0,1,0.0,0.0,0.0,0.0,0.0,1.0,1
"G[0,2](((Pt_GrandparentT1D >= 0.000 -> TotalDailyInsPerKg <= 0.812) | Pt_A1cGoalLevelDsYr5 >= 0.800) & Triglyc >= 0.782)
",9999999.000,9999999.000,0.000,1.000,0.000,0,0,0,1,1,0,0,1,0.0,0.0,0.0,0.0,0.0,1.0,1
"G[1,2]((Pt_DKAFlg <= 0.000 | HbA1c <= 8.663) -> AutonomicNeuroCl <= 8.652)
",9999999.000,9999999.000,0.000,1.000,0.000,0,0,1,0,0,1,1,0,0.0,0.0,1.0,0.0,0.0,1.0,1
"G[1,1](((HbA1cImputeDtMnC <= 18.849 -> bmi <= 13.453) & age <= 13.475) & Triglyc <= 13.523)
",-18.849,-18.849,0.000,1.000,0.000,0,0,0,1,1,0,0,1,0.0,0.0,0.0,0.0,0.0,1.0,1
"G[1,2]((BldPrSys >= 113.949 -> LDL <= 90.705) & Pt_InsGov <= 89.282)
",9999999.000,9999999.000,0.000,1.000,0.000,0,0,0,1,1,0,0,1,0.0,0.0,0.0,0.0,0.0,1.0,1
"G[0,1]((TSH >= 0.905 & Triglyc >= 12.856) -> AlbCreatRat_mggNew <= 54.094)
",9999999.000,9999999.000,0.000,1.000,0.000,0,0,0,1,1,0,0,1,0.0,0.0,0.0,0.0,0.0,1.0,1
"G[1,2]((BGTestAvgNumMeter >= 0.000 -> GFR <= 0.000) & Triglyc <= 0.000)
",9999999.000,9999999.000,0.000,1.000,0.000,0,0,0,1,1,0,0,1,0.0,0.0,0.0,0.0,0.0,1.0,1
"G[0,0]((BGTestAvgNumMeter <= 0.000 | BldPrSys >= 111.989) & age >= 113.200)
",-113.200,-113.200,0.000,1.000,0.000,0,0,0,1,1,0,0,1,0.0,0.0,0.0,0.0,0.0,1.0,1
"G[0,2]((Pt_SiblingT1D >= 0.000 & age >= 7.176) & bmi >= 7.192)
",9999999.000,9999999.000,0.000,1.000,0.000,0,0,0,1,1,0,0,1,0.0,0.0,0.0,0.0,0.0,1.0,1
"G[1,2]((BGTestAvgNumPtRep <= 6.103 & bmiPerc <= 0.048) -> HbA1c <= 0.049)
",9999999.000,9999999.000,0.000,1.000,0.000,0,0,0,1,1,0,0,1,0.0,0.0,0.0,0.0,0.0,1.0,1
"G[0,2](NumPumpBolusOrShortAct >= 0.283 -> Pt_ChildT1D <= 0.000)
",9999999.000,9999999.000,0.000,1.000,0.000,0,0,1,0,0,1,1,0,0.0,0.0,1.0,0.0,0.0,1.0,1
"G[1,2]((Pt_SHFlg >= 0.000 | diabDur <= 5.983) -> Pt_CGMUseNumDays >= 3.313)
",9999999.000,9999999.000,0.000,1.000,0.000,0,0,0,1,1,0,0,1,0.0,0.0,0.0,0.0,0.0,1.0,1
"G[0,1]((bmiZscore >= -1.921 & diagAgeCombo >= 3.000) & Pt_GrandparentT1D <= 3.000)
",9999999.000,9999999.000,0.000,1.000,0.000,0,0,0,1,1,0,0,1,0.0,0.0,0.0,0.0,0.0,1.0,1
"G[0,2](UnitsInsBasalOrLongAct <= 6.907 | bmiZscore <= -1.570)
",9999999.000,9999999.000,0.000,1.000,0.000,0,0,1,0,0,1,1,0,0.0,0.0,1.0,0.0,0.0,1.0,1
"G[0,2](((NumPumpBolusOrShortAct >= 1.623 & WeightKg >= 20.517) & Pt_DKAFlg >= 20.273) | bmi <= 22.834)
",9999999.000,9999999.000,0.000,1.000,0.000,0,0,1,0,0,1,1,0,0.0,0.0,1.0,0.0,0.0,1.0,1
"G[1,2]((Triglyc >= 24.435 -> Pt_MotherT1D >= 0.000) | bmiPerc >= 0.000)
",9999999.000,9999999.000,0.000,1.000,0.000,0,0,1,0,0,1,1,0,0.0,0.0,1.0,0.0,0.0,1.0,1
"G[1,2](((DirectLDL <= 0.000 -> UnitsInsBasalOrLongAct >= 2.961) | Pt_DKAFlg <= 5.033) | DirectLDL >= 1.825)
",9999999.000,9999999.000,0.000,1.000,0.000,0,0,1,0,0,1,1,0,0.0,0.0,1.0,0.0,0.0,1.0,1
"G[0,2](LDL >= 52.122 -> LDL >= 24.109)
",9999999.000,9999999.000,0.000,1.000,0.000,0,0,1,0,0,1,1,0,0.0,0.0,1.0,0.0,0.0,1.0,1
"G[0,2](((SMBGperDayPtMeterCombo >= 4.742 & Pt_DKAFlg <= 0.000) & bmi <= 0.000) -> Pt_GrandchildT1D >= 0.000)
",9999999.000,9999999.000,0.000,1.000,0.000,0,0,1,0,0,1,1,0,0.0,0.0,1.0,0.0,0.0,1.0,1
"G[0,2](((AutonomicNeuroCl <= 0.000 -> DirectLDL <= 0.000) | BGTestAvgNumPtRep <= 0.000) -> Pt_CGMUseNumDays >= 0.000)
",9999999.000,9999999.000,0.000,1.000,0.000,0,0,1,0,0,1,1,0,0.0,0.0,1.0,0.0,0.0,1.0,1
"G[0,2](((AlbCreatRat_mggNew <= 46.360 & Pt_A1cGoalLevelDsYr5 <= 0.000) -> HDL <= 0.000) & HeightCm <= 0.000)
",9999999.000,9999999.000,0.000,1.000,0.000,0,0,0,1,1,0,0,1,0.0,0.0,0.0,0.0,0.0,1.0,1
"G[2,2]((HbA1cImputeDtMnC <= 28.892 & Pt_CGMUseNumDays >= 0.000) -> Pt_ChildT1D <= 0.000)
",0.000,0.000,0.000,1.000,0.000,0,0,1,0,0,1,1,0,0.0,0.0,1.0,0.0,0.0,1.0,1
"G[0,2]((TotChol >= 210.660 | BGTestAvgNumPtRep <= 6.829) & SMBGperDayPtMeterCombo >= 4.374)
",9999999.000,9999999.000,0.000,1.000,0.000,0,0,0,1,1,0,0,1,0.0,0.0,0.0,0.0,0.0,1.0,1
"G[0,2](((bmiZscore >= -2.140 -> HDL <= 57.753) -> Pt_SHFlg <= 38.800) & Pt_SiblingT1D <= 44.995)
",9999999.000,9999999.000,0.000,1.000,0.000,0,0,1,0,0,1,1,0,0.0,0.0,1.0,0.0,0.0,1.0,1
"G[0,2](Pt_A1cGoalLev <= 0.000 -> TotalDailyInsPerKg <= 0.822)
",9999999.000,9999999.000,0.000,1.000,0.000,0,0,0,1,1,0,0,1,0.0,0.0,0.0,0.0,0.0,1.0,1
"G[0,2](((Pt_GrandchildT1D >= 0.000 & TotalDailyInsPerKg >= 0.795) -> Triglyc <= 0.828) -> HbA1cImputeDtMnC <= 0.811)
",9999999.000,9999999.000,0.000,1.000,0.000,0,0,1,0,0,1,1,0,0.0,0.0,1.0,0.0,0.0,1.0,1
"G[2,2]((Pt_SiblingT1D <= 0.000 -> DirectLDL <= 0.000) & Pt_InsGov <= 0.000)
",0.000,0.000,0.000,1.000,0.000,0,0,1,0,0,1,1,0,0.0,0.0,1.0,0.0,0.0,1.0,1
"F[0,0](((bmiPerc <= 0.067 | BldPrSys >= 109.234) | Pt_CGMUseNumDays >= 113.626) -> TotChol >= 107.428)
",-4104.374,-4104.374,0.000,0.000,1.000,0,0,0,1,1,0,0,1,0.0,0.0,0.0,0.0,0.0,1.0,-1
