Rule,Discrimination Score,Pos Robustness,Neg Robustness,Percent Class +,Percent Class -,TP,TN,FP,FN,Actual Yes,Actual No,Predicted Yes,Predicted No,TPR/Sens,TNR/Spec,FPR,Precision,Accuracy,MCR
"G[0,0](Pt_GrandchildT1D >= 0.000 -> Pt_SHFlg = 0.000)
",0.000,0.000,0.000,1.000,0.000,3,0,0,0,3,0,3,0,1.0,0.0,0.0,1.0,1.0,0.0
"G[0,1](((TotalDailyInsPerKg <= 0.391 | NumPumpBolusOrShortAct <= 0.000) | Pt_SiblingT1D >= 0.000) | HbA1c <= 0.000)
",9999999.000,9999999.000,0.000,1.000,0.000,3,0,0,0,3,0,3,0,1.0,0.0,0.0,1.0,1.0,0.0
"G[1,1](((BldPrDia >= 55.664 & UnitsInsBasalOrLongAct <= 36.492) -> GFR >= 7.197) -> BldPrDia >= 1.157)
",-8103018370815667.000,-7.197,0.000,1.000,0.000,3,0,0,0,3,0,3,0,1.0,0.0,0.0,1.0,1.0,0.0
"G[0,1](Pt_ChildT1D <= 0.000 & Pt_SHFlg = 0.000)
",9999999.000,9999999.000,0.000,1.000,0.000,3,0,0,0,3,0,3,0,1.0,0.0,0.0,1.0,1.0,0.0
"G[0,1](((Pt_SiblingT1D >= 0.000 & Pt_SiblingT1D <= 0.000) | Pt_A1cGoalLev >= 0.000) -> age >= 0.000)
",9999999.000,9999999.000,0.000,1.000,0.000,3,0,0,0,3,0,3,0,1.0,0.0,0.0,1.0,1.0,0.0
"G[0,1](WeightKg <= 66.875 -> TotalDailyInsPerKg <= 0.293)
",9999999.000,9999999.000,0.000,1.000,0.000,3,0,0,0,3,0,3,0,1.0,0.0,0.0,1.0,1.0,0.0
"G[0,1](Pt_DKAFlg >= 0.000 -> Pt_SHFlg = 0.000)
",9999999.000,9999999.000,0.000,1.000,0.000,3,0,0,0,3,0,3,0,1.0,0.0,0.0,1.0,1.0,0.0
"G[0,0](Pt_SHFlg >= 0.000 & diagAgeCombo >= 2.000)
",-2.000,-2.000,0.000,1.000,0.000,3,0,0,0,3,0,3,0,1.0,0.0,0.0,1.0,1.0,0.0
"G[0,1]((BUN <= 17.691 -> WeightKg >= 15.459) -> Pt_ChildT1D <= 78.045)
",9999999.000,9999999.000,0.000,1.000,0.000,3,0,0,0,3,0,3,0,1.0,0.0,0.0,1.0,1.0,0.0
"G[0,1](((BGTestAvgNumMeter >= 2.115 & LDL >= 40.604) & TotalDailyInsPerKg <= 103.446) -> diagAgeCombo <= 106.118)
",9999999.000,9999999.000,0.000,1.000,0.000,3,0,0,0,3,0,3,0,1.0,0.0,0.0,1.0,1.0,0.0
"G[0,0](SMBGperDayPtMeterCombo <= 5.639 -> BUN >= 0.311)
",-1.352,-52.355,0.000,1.000,0.000,3,0,0,0,3,0,3,0,1.0,0.0,0.0,1.0,1.0,0.0
"G[0,0](((BUN <= 12.781 | TotalDailyInsPerKg <= 0.451) & HDL >= 0.072) | age <= 0.232)
",0.232,0.232,0.000,1.000,0.000,3,0,0,0,3,0,3,0,1.0,0.0,0.0,1.0,1.0,0.0
"G[0,1](AlbCreatRat_mggNew <= 6.945 | HbA1cImputeDtMnC <= 44.246)
",9999999.000,9999999.000,0.000,1.000,0.000,3,0,0,0,3,0,3,0,1.0,0.0,0.0,1.0,1.0,0.0
"G[1,1](((Pt_FatherT1D >= 0.000 | TotChol >= 16.096) & Pt_ChildT1D <= 148.194) | Pt_MotherT1D >= 68.189)
",0.000,0.000,0.000,1.000,0.000,3,0,0,0,3,0,3,0,1.0,0.0,0.0,1.0,1.0,0.0
"G[0,0](((age >= 22.146 -> bmiPerc <= 0.000) & Pt_SiblingT1D <= 0.000) -> DirectLDL <= 0.000)
",0.000,0.000,0.000,1.000,0.000,3,0,0,0,3,0,3,0,1.0,0.0,0.0,1.0,1.0,0.0
"G[1,1]((DirectLDL >= 0.000 -> BGTestAvgNumPtRep <= 2.548) | BGTestAvgNumPtRep <= 2.433)
",2.433,2.433,0.000,1.000,0.000,3,0,0,0,3,0,3,0,1.0,0.0,0.0,1.0,1.0,0.0
"G[0,1]((BldPrDia <= 74.508 & bmi >= 5.366) | AlbCreatRat_mggNew <= 24.657)
",9999999.000,9999999.000,0.000,1.000,0.000,3,0,0,0,3,0,3,0,1.0,0.0,0.0,1.0,1.0,0.0
"G[0,0](((BGTestAvgNumMeter >= 0.632 & Pt_GrandchildT1D <= 0.000) | NumPumpBolusOrShortAct >= 0.000) -> GFR >= 0.000)
",0.000,0.000,0.000,1.000,0.000,3,0,0,0,3,0,3,0,1.0,0.0,0.0,1.0,1.0,0.0
"G[0,1](((BGTestAvgNumMeter >= 0.722 & HbA1cImputeDtMnC <= 56.887) | Pt_SiblingT1D <= 41.033) & diabDur <= 65.912)
",9999999.000,9999999.000,0.000,1.000,0.000,3,0,0,0,3,0,3,0,1.0,0.0,0.0,1.0,1.0,0.0
"G[0,1]((HbA1c >= 3.253 | Pt_CGMUseNumDays <= 11.760) | BGTestAvgNumPtRep >= 0.296)
",9999999.000,9999999.000,0.000,1.000,0.000,3,0,0,0,3,0,3,0,1.0,0.0,0.0,1.0,1.0,0.0
"G[0,1]((BGTestAvgNumMeter <= 2.830 & BUN >= 6.053) | DirectLDL <= 18.670)
",9999999.000,9999999.000,0.000,1.000,0.000,3,0,0,0,3,0,3,0,1.0,0.0,0.0,1.0,1.0,0.0
"G[1,1](((BldPrDia <= 62.362 | Triglyc >= 17.012) -> Pt_A1cGoalLevelDsYr5 >= 31.075) -> UnitsInsBasalOrLongAct <= 75.993)
",-75.993,-75.993,0.000,1.000,0.000,3,0,0,0,3,0,3,0,1.0,0.0,0.0,1.0,1.0,0.0
"G[0,1](((Pt_MotherT1D >= 0.000 & TSH <= 1.324) | Pt_FatherT1D <= 1.256) | AutonomicNeuroCl <= 1.141)
",9999999.000,9999999.000,0.000,1.000,0.000,3,0,0,0,3,0,3,0,1.0,0.0,0.0,1.0,1.0,0.0
"G[0,1]((BUN <= 16.302 | HbA1cImputeDtMnC >= 0.202) & age >= 9.926)
",9999999.000,9999999.000,0.000,1.000,0.000,3,0,0,0,3,0,3,0,1.0,0.0,0.0,1.0,1.0,0.0
"G[0,1](((HeightCm >= 64.671 -> TSH <= 0.830) | UnitsInsBasalOrLongAct >= 0.375) | NumPumpBolusOrShortAct <= 1.343)
",9999999.000,9999999.000,0.000,1.000,0.000,3,0,0,0,3,0,3,0,1.0,0.0,0.0,1.0,1.0,0.0
"G[0,0]((BUN >= 5.290 | HDL <= 56.055) | BGTestAvgNumPtRep <= 76.959)
",15.496,79.543,0.000,1.000,0.000,3,0,0,0,3,0,3,0,1.0,0.0,0.0,1.0,1.0,0.0
"G[1,1](((BldPrDia <= 69.344 | UnitsInsBasalOrLongAct >= 9.691) | Pt_A1cGoalLev <= 35.742) & DirectLDL <= 45.258)
",45.258,45.258,0.000,1.000,0.000,3,0,0,0,3,0,3,0,1.0,0.0,0.0,1.0,1.0,0.0
"G[1,1](((BldPrSys >= 112.722 & Triglyc <= 85.813) | Pt_ChildT1D <= 85.673) -> BGTestAvgNumMeter <= 66.205)
",-85.673,-85.673,0.000,1.000,0.000,3,0,0,0,3,0,3,0,1.0,0.0,0.0,1.0,1.0,0.0
"G[0,1](((LDL <= 101.020 & TotChol <= 178.139) | SMBGperDayPtMeterCombo >= 1.387) | AlbCreatRat_mggNew <= 129.247)
",9999999.000,9999999.000,0.000,1.000,0.000,3,0,0,0,3,0,3,0,1.0,0.0,0.0,1.0,1.0,0.0
"G[1,1](((HDL <= 73.371 -> TSH >= 0.272) -> Pt_GrandparentT1D >= 0.402) -> AutonomicNeuroCl <= 1.463)
",-6589336716347035.000,-1.463,0.000,1.000,0.000,3,0,0,0,3,0,3,0,1.0,0.0,0.0,1.0,1.0,0.0
"G[1,1]((diabDur >= 22.622 -> bmiPerc >= 0.000) -> Pt_ChildT1D <= 0.000)
",0.000,0.000,0.000,1.000,0.000,3,0,0,0,3,0,3,0,1.0,0.0,0.0,1.0,1.0,0.0
"G[1,1](((BGTestAvgNumPtRep >= 0.245 & HbA1c >= 0.596) | AutonomicNeuroCl <= 6.552) | Pt_InsGov >= 3.450)
",6.552,6.552,0.000,1.000,0.000,3,0,0,0,3,0,3,0,1.0,0.0,0.0,1.0,1.0,0.0
"G[0,1](((WeightKg <= 54.477 & WeightKg >= 27.467) -> diagAgeCombo >= 27.408) -> Pt_GrandchildT1D <= 42.286)
",9999999.000,9999999.000,0.000,1.000,0.000,3,0,0,0,3,0,3,0,1.0,0.0,0.0,1.0,1.0,0.0
"G[0,1](TotalDailyInsPerKg >= 0.018 -> Pt_MotherT1D >= 0.000)
",9999999.000,9999999.000,0.000,1.000,0.000,3,0,0,0,3,0,3,0,1.0,0.0,0.0,1.0,1.0,0.0
"G[1,1](((diabDur <= 24.753 -> LDL >= 5.996) | NumPumpBolusOrShortAct <= 101.344) | Pt_SHFlg <= 98.190)
",101.344,101.344,0.000,1.000,0.000,3,0,0,0,3,0,3,0,1.0,0.0,0.0,1.0,1.0,0.0
"G[0,0](GFR <= 0.000 -> BUN >= 3.931)
",-1.361,-50.135,0.000,1.000,0.000,3,0,0,0,3,0,3,0,1.0,0.0,0.0,1.0,1.0,0.0
"G[0,1](((Pt_DKAFlg >= 0.000 -> BldPrDia >= 59.307) | BGTestAvgNumMeter <= 73.762) | Pt_A1cGoalLev >= 56.844)
",9999999.000,9999999.000,0.000,1.000,0.000,3,0,0,0,3,0,3,0,1.0,0.0,0.0,1.0,1.0,0.0
"G[0,1]((TotalDailyInsPerKg <= 0.368 & Pt_ChildT1D <= 0.000) -> Pt_GrandparentT1D <= 0.000)
",9999999.000,9999999.000,0.000,1.000,0.000,3,0,0,0,3,0,3,0,1.0,0.0,0.0,1.0,1.0,0.0
"G[0,0](Pt_A1cGoalLev <= 0.000 -> diagAgeCombo <= 2.000)
",-2.000,-2.000,0.000,1.000,0.000,3,0,0,0,3,0,3,0,1.0,0.0,0.0,1.0,1.0,0.0
"G[1,1](((Pt_FatherT1D >= 0.000 | Pt_GrandparentT1D <= 0.000) & SMBGperDayPtMeterCombo >= 0.000) -> AutonomicNeuroCl >= 0.000)
",0.000,0.000,0.000,1.000,0.000,3,0,0,0,3,0,3,0,1.0,0.0,0.0,1.0,1.0,0.0
"G[0,0](((bmi >= 3.587 -> diagAgeCombo >= 2.000) -> AlbCreatRat_mggNew <= 2.000) -> bmiPerc <= 2.000)
",2.000,2.000,0.000,1.000,0.000,3,0,0,0,3,0,3,0,1.0,0.0,0.0,1.0,1.0,0.0
"G[0,1](((Pt_InsGov >= 0.000 & WeightKg <= 76.769) | diabDur <= 47.801) & age >= 18.379)
",9999999.000,9999999.000,0.000,1.000,0.000,3,0,0,0,3,0,3,0,1.0,0.0,0.0,1.0,1.0,0.0
"G[0,1](((bmi <= 20.166 | TotalDailyInsPerKg >= 0.015) & Triglyc <= 0.164) | AutonomicNeuroCl <= 0.478)
",9999999.000,9999999.000,0.000,1.000,0.000,3,0,0,0,3,0,3,0,1.0,0.0,0.0,1.0,1.0,0.0
"G[0,1]((Pt_A1cGoalLevelDsYr5 >= 0.000 -> Pt_CGMUseNumDays >= 3.299) | BGTestAvgNumPtRep <= 28.633)
",9999999.000,9999999.000,0.000,1.000,0.000,3,0,0,0,3,0,3,0,1.0,0.0,0.0,1.0,1.0,0.0
"G[0,1]((WeightKg >= 14.090 | bmi >= 9.653) -> UnitsInsBasalOrLongAct <= 48.021)
",9999999.000,9999999.000,0.000,1.000,0.000,3,0,0,0,3,0,3,0,1.0,0.0,0.0,1.0,1.0,0.0
"G[0,1]((diagAgeCombo <= 2.000 & bmi >= 9.947) | GFR <= 16.755)
",9999999.000,9999999.000,0.000,1.000,0.000,3,0,0,0,3,0,3,0,1.0,0.0,0.0,1.0,1.0,0.0
"G[0,1](age >= 23.463 | Pt_SiblingT1D <= 0.000)
",9999999.000,9999999.000,0.000,1.000,0.000,3,0,0,0,3,0,3,0,1.0,0.0,0.0,1.0,1.0,0.0
"G[0,0](((age <= 26.379 & HbA1cImputeDtMnC <= 59.615) | WeightKg >= 2.722) | Triglyc <= 39.063)
",5.826,34.835,0.000,1.000,0.000,3,0,0,0,3,0,3,0,1.0,0.0,0.0,1.0,1.0,0.0
"G[0,0]((Pt_MotherT1D <= 0.000 & Triglyc <= 69.257) -> TSH <= 74.173)
",-51.034,-72.173,0.000,1.000,0.000,3,0,0,0,3,0,3,0,1.0,0.0,0.0,1.0,1.0,0.0
"G[0,1](((AutonomicNeuroCl >= 0.000 | Pt_InsGov >= 0.000) -> BldPrDia >= 0.000) & bmiPerc <= 0.000)
",9999999.000,9999999.000,0.000,1.000,0.000,3,0,0,0,3,0,3,0,1.0,0.0,0.0,1.0,1.0,0.0
"G[1,1](((BUN >= 2.631 -> HeightCm <= 126.486) & DirectLDL >= 75.646) -> Pt_InsGov >= 62.602)
",62.602,62.602,0.000,1.000,0.000,3,0,0,0,3,0,3,0,1.0,0.0,0.0,1.0,1.0,0.0
"G[0,0](diagAgeCombo >= 2.000 & Pt_GrandchildT1D <= 0.000)
",-2.000,-2.000,0.000,1.000,0.000,3,0,0,0,3,0,3,0,1.0,0.0,0.0,1.0,1.0,0.0
"G[1,1]((WeightKg >= 34.336 | bmi >= 8.831) -> UnitsInsBasalOrLongAct <= 40.071)
",-40.071,-40.071,0.000,1.000,0.000,3,0,0,0,3,0,3,0,1.0,0.0,0.0,1.0,1.0,0.0
"G[0,1]((HbA1c >= 1.887 | AutonomicNeuroCl >= 0.000) -> HeightCm >= 0.000)
",9999999.000,9999999.000,0.000,1.000,0.000,3,0,0,0,3,0,3,0,1.0,0.0,0.0,1.0,1.0,0.0
"G[0,1](UnitsInsBasalOrLongAct <= 58.668 | Pt_MotherT1D <= 0.000)
",9999999.000,9999999.000,0.000,1.000,0.000,3,0,0,0,3,0,3,0,1.0,0.0,0.0,1.0,1.0,0.0
"G[0,1](bmiZscore >= -0.542 | HbA1cImputeDtMnC <= 50.824)
",9999999.000,9999999.000,0.000,1.000,0.000,3,0,0,0,3,0,3,0,1.0,0.0,0.0,1.0,1.0,0.0
"G[1,1]((bmiZscore <= -0.118 -> TotChol >= 11.564) | BGTestAvgNumMeter >= 48.152)
",0.118,0.118,0.000,1.000,0.000,2,0,0,1,3,0,2,1,0.6666666666666666,0.0,0.0,1.0,0.6666666666666666,0.33333333333333337
"G[1,1]((HbA1c >= 0.049 -> LDL >= 32.559) & TSH <= 82.316)
",0.049,0.049,0.000,1.000,0.000,2,0,0,1,3,0,2,1,0.6666666666666666,0.0,0.0,1.0,0.6666666666666666,0.33333333333333337
"G[0,0](Pt_CGMUseNumDays >= 7.079 -> TSH >= 0.085)
",-4699.921,-4699.921,0.000,1.000,0.000,2,0,0,1,3,0,2,1,0.6666666666666666,0.0,0.0,1.0,0.6666666666666666,0.33333333333333337
"G[0,0](BldPrDia <= 62.491 -> TSH >= 0.593)
",-0.995,-1.407,0.000,1.000,0.000,2,0,0,1,3,0,2,1,0.6666666666666666,0.0,0.0,1.0,0.6666666666666666,0.33333333333333337
"G[1,1]((BldPrSys >= 100.743 -> SMBGperDayPtMeterCombo >= 0.630) -> TotChol <= 3.390)
",-7633347071762075.000,-3.390,0.000,1.000,0.000,2,0,0,1,3,0,2,1,0.6666666666666666,0.0,0.0,1.0,0.6666666666666666,0.33333333333333337
"G[0,1](LDL >= 16.894 | TSH >= 0.364)
",9999999.000,9999999.000,0.000,1.000,0.000,2,0,0,1,3,0,2,1,0.6666666666666666,0.0,0.0,1.0,0.6666666666666666,0.33333333333333337
"G[0,0]((diagAgeCombo <= 2.000 | diabDur <= 25.832) -> age >= 23.167)
",-3.023,-2.611,0.000,1.000,0.000,2,0,0,1,3,0,2,1,0.6666666666666666,0.0,0.0,1.0,0.6666666666666666,0.33333333333333337
"G[1,1](age <= 27.404 | HDL >= 38.058)
",27.404,27.404,0.000,1.000,0.000,2,0,0,1,3,0,2,1,0.6666666666666666,0.0,0.0,1.0,0.6666666666666666,0.33333333333333337
"G[0,0](((Pt_CGMUseNumDays >= 2.100 & BGTestAvgNumPtRep >= 0.159) -> bmi <= 1.166) | AlbCreatRat_mggNew <= 1.005)
",-0.673,-1.334,0.000,1.000,0.000,2,0,0,1,3,0,2,1,0.6666666666666666,0.0,0.0,1.0,0.6666666666666666,0.33333333333333337
"G[0,0](HDL <= 74.634 -> WeightKg >= 37.015)
",-0.130,-6.300,0.000,1.000,0.000,2,0,0,1,3,0,2,1,0.6666666666666666,0.0,0.0,1.0,0.6666666666666666,0.33333333333333337
"G[0,1]((bmi <= 24.060 | HeightCm <= 141.267) & Pt_DKAFlg <= 149.699)
",9999999.000,9999999.000,0.000,1.000,0.000,2,0,0,1,3,0,2,1,0.6666666666666666,0.0,0.0,1.0,0.6666666666666666,0.33333333333333337
"G[1,1]((AlbCreatRat_mggNew <= 3.470 & TotChol >= 54.637) & diagAgeCombo <= 153.560)
",-54.637,-54.637,0.000,1.000,0.000,2,0,0,1,3,0,2,1,0.6666666666666666,0.0,0.0,1.0,0.6666666666666666,0.33333333333333337
"G[1,1]((WeightKg >= 13.787 | bmi >= 6.890) -> UnitsInsBasalOrLongAct <= 29.876)
",-29.876,-29.876,0.000,1.000,0.000,2,0,0,1,3,0,2,1,0.6666666666666666,0.0,0.0,1.0,0.6666666666666666,0.33333333333333337
"G[0,0](UnitsInsBasalOrLongAct >= 15.894 -> bmiZscore <= -0.090)
",6458811762631219.000,0.090,0.000,1.000,0.000,2,0,0,1,3,0,2,1,0.6666666666666666,0.0,0.0,1.0,0.6666666666666666,0.33333333333333337
"G[0,1](((HDL <= 74.432 & Pt_MotherT1D >= 0.000) -> HbA1c <= 0.000) -> SMBGperDayPtMeterCombo <= 0.000)
",9999999.000,9999999.000,0.000,1.000,0.000,2,0,0,1,3,0,2,1,0.6666666666666666,0.0,0.0,1.0,0.6666666666666666,0.33333333333333337
"G[0,1](((TotalDailyInsPerKg <= 0.432 -> bmi <= 20.802) | Pt_SHFlg >= 0.684) | Pt_DKAFlg >= 9.025)
",9999999.000,9999999.000,0.000,1.000,0.000,2,0,0,1,3,0,2,1,0.6666666666666666,0.0,0.0,1.0,0.6666666666666666,0.33333333333333337
"G[0,0]((BUN <= 14.947 & Pt_A1cGoalLevelDsYr5 <= 0.000) -> TSH <= 0.000)
",1.414,2.000,0.000,1.000,0.000,2,0,0,1,3,0,2,1,0.6666666666666666,0.0,0.0,1.0,0.6666666666666666,0.33333333333333337
"G[1,1](SMBGperDayPtMeterCombo <= 2.747 & Pt_SHFlg = 0.000)
",0.000,0.000,0.000,1.000,0.000,2,0,0,1,3,0,2,1,0.6666666666666666,0.0,0.0,1.0,0.6666666666666666,0.33333333333333337
"G[1,1](((SMBGperDayPtMeterCombo >= 0.072 & BUN <= 18.186) | HbA1c >= 9.984) & diagAgeCombo <= 20.089)
",-0.072,-0.072,0.000,1.000,0.000,2,0,0,1,3,0,2,1,0.6666666666666666,0.0,0.0,1.0,0.6666666666666666,0.33333333333333337
"G[1,1](HbA1c >= 3.572 -> SMBGperDayPtMeterCombo >= 0.049)
",0.049,0.049,0.000,1.000,0.000,2,0,0,1,3,0,2,1,0.6666666666666666,0.0,0.0,1.0,0.6666666666666666,0.33333333333333337
"G[0,0]((BGTestAvgNumPtRep >= 0.397 | TSH >= 0.129) & HeightCm >= 0.002)
",3.259,2.692,0.000,1.000,0.000,2,0,0,1,3,0,2,1,0.6666666666666666,0.0,0.0,1.0,0.6666666666666666,0.33333333333333337
"G[0,1](GFR <= 0.000 -> BUN >= 1.647)
",9999999.000,9999999.000,0.000,1.000,0.000,2,0,0,1,3,0,2,1,0.6666666666666666,0.0,0.0,1.0,0.6666666666666666,0.33333333333333337
"G[0,1](((AlbCreatRat_mggNew <= 3.220 & TotalDailyInsPerKg <= 0.096) | HDL <= 0.502) -> BUN >= 0.005)
",9999999.000,9999999.000,0.000,1.000,0.000,2,0,0,1,3,0,2,1,0.6666666666666666,0.0,0.0,1.0,0.6666666666666666,0.33333333333333337
"G[0,0](SMBGperDayPtMeterCombo >= 2.261 & BGTestAvgNumPtRep >= 0.971)
",0.630,1.029,0.000,1.000,0.000,2,0,0,1,3,0,2,1,0.6666666666666666,0.0,0.0,1.0,0.6666666666666666,0.33333333333333337
"G[0,1](Pt_ChildT1D >= 0.000 -> age >= 23.453)
",9999999.000,9999999.000,0.000,1.000,0.000,2,0,0,1,3,0,2,1,0.6666666666666666,0.0,0.0,1.0,0.6666666666666666,0.33333333333333337
"G[0,0](DirectLDL <= 0.000 & Pt_CGMUseNumDays <= 17.041)
",-4689.959,-4689.959,0.000,1.000,0.000,2,0,0,1,3,0,2,1,0.6666666666666666,0.0,0.0,1.0,0.6666666666666666,0.33333333333333337
"G[0,1](BGTestAvgNumPtRep <= 1.492 -> HeightCm <= 144.193)
",9999999.000,9999999.000,0.000,1.000,0.000,2,0,0,1,3,0,2,1,0.6666666666666666,0.0,0.0,1.0,0.6666666666666666,0.33333333333333337
"G[0,0](SMBGperDayPtMeterCombo >= 0.565 & BGTestAvgNumPtRep >= 0.662)
",0.820,1.338,0.000,1.000,0.000,2,0,0,1,3,0,2,1,0.6666666666666666,0.0,0.0,1.0,0.6666666666666666,0.33333333333333337
"G[0,0](TSH <= 1.572 | bmi <= 21.545)
",6064398544698739.000,21.545,0.000,1.000,0.000,2,0,0,1,3,0,2,1,0.6666666666666666,0.0,0.0,1.0,0.6666666666666666,0.33333333333333337
"G[1,1](((Pt_A1cGoalLevelDsYr5 <= 0.000 -> bmiZscore <= -0.102) -> AutonomicNeuroCl <= -0.014) | LDL <= -0.077)
",0.000,0.000,0.000,1.000,0.000,2,0,0,1,3,0,2,1,0.6666666666666666,0.0,0.0,1.0,0.6666666666666666,0.33333333333333337
"G[0,0]((age >= 24.614 -> GFR >= 0.000) & HbA1cImputeDtMnC <= 0.000)
",0.000,0.000,0.000,1.000,0.000,1,0,0,2,3,0,1,2,0.3333333333333333,0.0,0.0,1.0,0.3333333333333333,0.6666666666666667
"G[0,0](bmiZscore >= -0.354 & HbA1c >= 3.078)
",-3.324,-2.538,0.000,1.000,0.000,1,0,0,2,3,0,1,2,0.3333333333333333,0.0,0.0,1.0,0.3333333333333333,0.6666666666666667
"G[0,1]((diagAgeCombo <= 2.000 -> Pt_CGMUseNumDays <= 18.460) -> TotChol >= 0.264)
",9999999.000,9999999.000,0.000,1.000,0.000,1,0,0,2,3,0,1,2,0.3333333333333333,0.0,0.0,1.0,0.3333333333333333,0.6666666666666667
"G[0,0]((TSH >= 0.197 & DirectLDL >= 0.000) -> LDL <= 0.000)
",-1.414,-1.869,0.000,1.000,0.000,1,0,0,2,3,0,1,2,0.3333333333333333,0.0,0.0,1.0,0.3333333333333333,0.6666666666666667
"G[0,1](((UnitsInsBasalOrLongAct >= 10.542 | Pt_ChildT1D <= 0.000) -> HeightCm <= 0.000) & Pt_FatherT1D >= 0.000)
",9999999.000,9999999.000,0.000,1.000,0.000,1,0,0,2,3,0,1,2,0.3333333333333333,0.0,0.0,1.0,0.3333333333333333,0.6666666666666667
"G[0,1](Pt_GrandparentT1D <= 0.000 & bmiZscore >= -0.319)
",9999999.000,9999999.000,0.000,1.000,0.000,1,0,0,2,3,0,1,2,0.3333333333333333,0.0,0.0,1.0,0.3333333333333333,0.6666666666666667
"G[1,1]((bmi <= 13.137 -> TSH >= 0.603) & TotChol <= 0.878)
",-7395205951460629.000,-13.137,0.000,1.000,0.000,1,0,0,2,3,0,1,2,0.3333333333333333,0.0,0.0,1.0,0.3333333333333333,0.6666666666666667
"G[0,1](bmiPerc >= 0.000 & SMBGperDayPtMeterCombo >= 0.687)
",9999999.000,9999999.000,0.000,1.000,0.000,1,0,0,2,3,0,1,2,0.3333333333333333,0.0,0.0,1.0,0.3333333333333333,0.6666666666666667
"G[0,1](((Triglyc <= 88.030 & bmi <= 17.954) & Pt_GrandchildT1D <= 22.687) & Pt_A1cGoalLevelDsYr5 <= 23.790)
",9999999.000,9999999.000,0.000,1.000,0.000,1,0,0,2,3,0,1,2,0.3333333333333333,0.0,0.0,1.0,0.3333333333333333,0.6666666666666667
"G[0,0](HbA1c <= 6.003 & bmi >= 1.301)
",-1.301,-1.301,0.000,1.000,0.000,1,0,0,2,3,0,1,2,0.3333333333333333,0.0,0.0,1.0,0.3333333333333333,0.6666666666666667
"G[0,0](((AlbCreatRat_mggNew <= 8.613 -> Triglyc <= 67.277) -> HbA1cImputeDtMnC >= 42.792) & TSH <= 75.385)
",1.217,27.066,0.000,1.000,0.000,1,0,0,2,3,0,1,2,0.3333333333333333,0.0,0.0,1.0,0.3333333333333333,0.6666666666666667
"G[0,1](HDL <= 62.858 & Pt_SHFlg = 0.000)
",9999999.000,9999999.000,0.000,1.000,0.000,1,0,0,2,3,0,1,2,0.3333333333333333,0.0,0.0,1.0,0.3333333333333333,0.6666666666666667
"G[0,1](((BldPrDia <= 75.957 -> BldPrSys >= 108.137) -> Pt_GrandchildT1D >= 101.326) & HDL <= 129.396)
",9999999.000,9999999.000,0.000,1.000,0.000,1,0,0,2,3,0,1,2,0.3333333333333333,0.0,0.0,1.0,0.3333333333333333,0.6666666666666667
"G[1,1](BGTestAvgNumPtRep >= 0.348 | BUN >= 8.475)
",-6265977122213325.000,-0.348,0.000,1.000,0.000,1,0,0,2,3,0,1,2,0.3333333333333333,0.0,0.0,1.0,0.3333333333333333,0.6666666666666667
"G[1,1](((BldPrDia <= 68.934 & BGTestAvgNumMeter >= 0.287) | BGTestAvgNumPtRep >= 0.504) | AutonomicNeuroCl >= 2.053)
",-0.287,-0.287,0.000,1.000,0.000,1,0,0,2,3,0,1,2,0.3333333333333333,0.0,0.0,1.0,0.3333333333333333,0.6666666666666667
"G[0,1]((Pt_ChildT1D <= 0.000 & TSH >= 0.303) -> UnitsInsBasalOrLongAct <= 1.599)
",9999999.000,9999999.000,0.000,1.000,0.000,1,0,0,2,3,0,1,2,0.3333333333333333,0.0,0.0,1.0,0.3333333333333333,0.6666666666666667
"G[0,1](age <= 27.128 -> BldPrDia >= 58.428)
",9999999.000,9999999.000,0.000,1.000,0.000,1,0,0,2,3,0,1,2,0.3333333333333333,0.0,0.0,1.0,0.3333333333333333,0.6666666666666667
"G[0,0](((Triglyc <= 73.683 | TSH >= 0.216) -> Pt_SHFlg >= 0.610) & BUN >= 0.680)
",-1.497,-50.050,0.000,1.000,0.000,1,0,0,2,3,0,1,2,0.3333333333333333,0.0,0.0,1.0,0.3333333333333333,0.6666666666666667
"G[0,1](bmi >= 2.520 & WeightKg >= 5.689)
",9999999.000,9999999.000,0.000,1.000,0.000,1,0,0,2,3,0,1,2,0.3333333333333333,0.0,0.0,1.0,0.3333333333333333,0.6666666666666667
"G[1,2](diabDur >= 21.420 -> HeightCm >= 23.588)
",9999999.000,9999999.000,0.000,1.000,0.000,0,0,1,2,2,1,1,2,0.0,0.0,1.0,0.0,0.0,1.0
"G[0,2](SMBGperDayPtMeterCombo <= 2.792 & LDL >= 73.592)
",9999999.000,9999999.000,0.000,1.000,0.000,0,0,0,3,3,0,0,3,0.0,0.0,0.0,0.0,0.0,1.0
"G[1,2](Triglyc <= 86.191 & diabDur >= 20.106)
",9999999.000,9999999.000,0.000,1.000,0.000,0,0,3,0,0,3,3,0,0.0,0.0,1.0,0.0,0.0,1.0
"G[2,2](Pt_GrandparentT1D <= 0.000 -> diagAgeCombo <= 2.000)
",-2.000,-2.000,0.000,1.000,0.000,0,0,3,0,0,3,3,0,0.0,0.0,1.0,0.0,0.0,1.0
"G[0,2](TotalDailyInsPerKg >= 0.023 & bmiPerc <= 0.000)
",9999999.000,9999999.000,0.000,1.000,0.000,0,0,0,3,3,0,0,3,0.0,0.0,0.0,0.0,0.0,1.0
"G[2,2](Pt_DKAFlg <= 0.000 | Pt_ChildT1D <= 0.000)
",0.000,0.000,0.000,1.000,0.000,0,0,3,0,0,3,3,0,0.0,0.0,1.0,0.0,0.0,1.0
"G[0,1](((LDL >= 6.049 & Pt_SiblingT1D >= 0.000) & HeightCm >= 0.000) -> TotChol <= 0.000)
",9999999.000,9999999.000,0.000,1.000,0.000,0,0,0,3,3,0,0,3,0.0,0.0,0.0,0.0,0.0,1.0
"G[0,2]((SMBGperDayPtMeterCombo >= 1.196 | bmi >= 8.524) & LDL <= 14.151)
",9999999.000,9999999.000,0.000,1.000,0.000,0,0,0,3,3,0,0,3,0.0,0.0,0.0,0.0,0.0,1.0
"G[1,2](Triglyc <= 68.674 | HeightCm <= 124.985)
",9999999.000,9999999.000,0.000,1.000,0.000,0,0,3,0,0,3,3,0,0.0,0.0,1.0,0.0,0.0,1.0
"G[0,2](((Triglyc <= 73.050 -> Pt_GrandchildT1D <= 0.000) -> Triglyc >= 0.000) & diabDur <= 0.000)
",9999999.000,9999999.000,0.000,1.000,0.000,0,0,0,3,3,0,0,3,0.0,0.0,0.0,0.0,0.0,1.0
"G[2,2]((HeightCm >= 72.554 & SMBGperDayPtMeterCombo <= 6.828) -> BGTestAvgNumMeter <= 3.742)
",-3.742,-3.742,0.000,1.000,0.000,0,0,3,0,0,3,3,0,0.0,0.0,1.0,0.0,0.0,1.0
"G[0,0]((TSH >= 0.041 & Pt_CGMUseNumDays <= 7.937) & Pt_A1cGoalLev >= 3.190)
",-4699.063,-4699.063,0.000,1.000,0.000,0,0,0,3,3,0,0,3,0.0,0.0,0.0,0.0,0.0,1.0
"G[1,2]((bmiZscore >= -0.258 & AlbCreatRat_mggNew >= 1.193) & Pt_A1cGoalLevelDsYr5 >= 1.307)
",9999999.000,9999999.000,0.000,1.000,0.000,0,0,0,3,3,0,0,3,0.0,0.0,0.0,0.0,0.0,1.0
"G[2,2]((Pt_A1cGoalLevelDsYr5 >= 0.000 & Pt_DKAFlg <= 0.000) | Pt_SiblingT1D >= 0.000)
",0.000,0.000,0.000,1.000,0.000,0,0,3,0,0,3,3,0,0.0,0.0,1.0,0.0,0.0,1.0
"G[1,2]((Pt_InsGov <= 0.000 | BldPrSys <= 123.673) & HeightCm >= 104.168)
",9999999.000,9999999.000,0.000,1.000,0.000,0,0,1,2,2,1,1,2,0.0,0.0,1.0,0.0,0.0,1.0
"G[0,2]((age >= 25.491 -> NumPumpBolusOrShortAct >= 0.000) -> diagAgeCombo <= 0.000)
",9999999.000,9999999.000,0.000,1.000,0.000,0,0,0,3,3,0,0,3,0.0,0.0,0.0,0.0,0.0,1.0
"G[2,2]((TotalDailyInsPerKg >= 0.025 | AutonomicNeuroCl <= 0.000) & Pt_SiblingT1D >= 0.000)
",0.000,0.000,0.000,1.000,0.000,0,0,3,0,0,3,3,0,0.0,0.0,1.0,0.0,0.0,1.0
"G[1,2]((Pt_CGMUseNumDays <= 21.835 & diabDur <= 24.930) -> Pt_SHFlg <= 24.925)
",9999999.000,9999999.000,0.000,1.000,0.000,0,0,3,0,0,3,3,0,0.0,0.0,1.0,0.0,0.0,1.0
"G[1,2](BGTestAvgNumMeter <= 4.981 | diabDur >= 20.647)
",9999999.000,9999999.000,0.000,1.000,0.000,0,0,3,0,0,3,3,0,0.0,0.0,1.0,0.0,0.0,1.0
"G[2,2](((Pt_A1cGoalLevelDsYr5 <= 0.000 & bmiPerc >= 0.000) | Pt_FatherT1D >= 0.000) | diabDur >= 0.000)
",0.000,0.000,0.000,1.000,0.000,0,0,3,0,0,3,3,0,0.0,0.0,1.0,0.0,0.0,1.0
"G[0,0]((Pt_FatherT1D >= 0.000 | BUN >= 1.019) & Pt_SiblingT1D >= 0.388)
",-6990601333947547.000,-0.388,0.000,1.000,0.000,0,0,0,3,3,0,0,3,0.0,0.0,0.0,0.0,0.0,1.0
"G[0,2](((WeightKg >= 9.611 -> TotChol >= 3.828) | Pt_SHFlg <= 122.669) & DirectLDL >= 101.243)
",9999999.000,9999999.000,0.000,1.000,0.000,0,0,0,3,3,0,0,3,0.0,0.0,0.0,0.0,0.0,1.0
"G[0,2](((TotChol <= 169.675 -> Pt_GrandparentT1D >= 0.000) | SMBGperDayPtMeterCombo >= 0.000) -> TSH >= 0.000)
",9999999.000,9999999.000,0.000,1.000,0.000,0,0,3,0,0,3,3,0,0.0,0.0,1.0,0.0,0.0,1.0
"G[1,2](Pt_FatherT1D >= 0.000 | Pt_CGMUseNumDays >= 2.313)
",9999999.000,9999999.000,0.000,1.000,0.000,0,0,3,0,0,3,3,0,0.0,0.0,1.0,0.0,0.0,1.0
"G[0,1](TotChol <= 182.961 & bmiZscore <= -0.172)
",9999999.000,9999999.000,0.000,1.000,0.000,0,0,0,3,3,0,0,3,0.0,0.0,0.0,0.0,0.0,1.0
"G[2,2](Pt_A1cGoalLev <= 0.000 | diagAgeCombo >= 2.000)
",0.000,0.000,0.000,1.000,0.000,0,0,3,0,0,3,3,0,0.0,0.0,1.0,0.0,0.0,1.0
"G[0,2](((Pt_DKAFlg >= 0.000 & bmiZscore >= -0.471) | HbA1cImputeDtMnC >= -0.323) | TotChol >= -0.288)
",9999999.000,9999999.000,0.000,1.000,0.000,0,0,3,0,0,3,3,0,0.0,0.0,1.0,0.0,0.0,1.0
"G[1,2](Pt_GrandparentT1D >= 0.000 & Pt_GrandchildT1D <= 0.000)
",9999999.000,9999999.000,0.000,1.000,0.000,0,0,3,0,0,3,3,0,0.0,0.0,1.0,0.0,0.0,1.0
"G[1,2]((WeightKg <= 77.497 | age <= 25.896) | TSH <= 27.326)
",9999999.000,9999999.000,0.000,1.000,0.000,0,0,3,0,0,3,3,0,0.0,0.0,1.0,0.0,0.0,1.0
"G[1,2](((diagAgeCombo <= 2.000 | HbA1c <= 6.503) & bmi >= 0.559) & BldPrDia <= 6.446)
",9999999.000,9999999.000,0.000,1.000,0.000,0,0,0,3,3,0,0,3,0.0,0.0,0.0,0.0,0.0,1.0
"G[0,2](Pt_FatherT1D >= 0.000 & HbA1c <= 6.786)
",9999999.000,9999999.000,0.000,1.000,0.000,0,0,2,1,1,2,2,1,0.0,0.0,1.0,0.0,0.0,1.0
"G[1,2](((bmi >= 7.040 & Pt_A1cGoalLevelDsYr5 <= 0.000) & TotChol >= 0.000) -> Pt_GrandparentT1D >= 0.000)
",9999999.000,9999999.000,0.000,1.000,0.000,0,0,3,0,0,3,3,0,0.0,0.0,1.0,0.0,0.0,1.0
"G[0,2](GFR >= 0.000 -> Pt_FatherT1D >= 0.000)
",9999999.000,9999999.000,0.000,1.000,0.000,0,0,3,0,0,3,3,0,0.0,0.0,1.0,0.0,0.0,1.0
"G[1,2]((HDL <= 76.219 | SMBGperDayPtMeterCombo >= 0.991) -> LDL <= 4.978)
",9999999.000,9999999.000,0.000,1.000,0.000,0,0,1,2,2,1,1,2,0.0,0.0,1.0,0.0,0.0,1.0
"G[0,2]((HbA1cImputeDtMnC <= 50.031 & Pt_A1cGoalLev <= 0.000) -> Pt_FatherT1D >= 0.000)
",9999999.000,9999999.000,0.000,1.000,0.000,0,0,3,0,0,3,3,0,0.0,0.0,1.0,0.0,0.0,1.0
"G[2,2]((BldPrSys <= 127.931 | TotChol >= 43.008) & diabDur <= 146.576)
",127.931,127.931,0.000,1.000,0.000,0,0,3,0,0,3,3,0,0.0,0.0,1.0,0.0,0.0,1.0
"G[0,2](((diabDur >= 21.671 -> Pt_SiblingT1D >= 0.000) | UnitsInsBasalOrLongAct <= 0.000) & Pt_SiblingT1D <= 0.000)
",9999999.000,9999999.000,0.000,1.000,0.000,0,0,3,0,0,3,3,0,0.0,0.0,1.0,0.0,0.0,1.0
"G[2,2]((NumPumpBolusOrShortAct <= 0.000 | Triglyc <= 82.778) | HbA1c <= 78.189)
",82.778,82.778,0.000,1.000,0.000,0,0,3,0,0,3,3,0,0.0,0.0,1.0,0.0,0.0,1.0
"G[1,2](WeightKg <= 77.245 -> age >= 23.091)
",9999999.000,9999999.000,0.000,1.000,0.000,0,0,3,0,0,3,3,0,0.0,0.0,1.0,0.0,0.0,1.0
"G[0,2](((Pt_CGMUseNumDays <= 16.607 | Pt_GrandchildT1D >= 0.000) -> HeightCm <= 0.000) & TotChol >= 0.000)
",9999999.000,9999999.000,0.000,1.000,0.000,0,0,1,2,2,1,1,2,0.0,0.0,1.0,0.0,0.0,1.0
"G[2,2](((Pt_CGMUseNumDays <= 14.263 -> WeightKg >= 16.238) | Pt_A1cGoalLevelDsYr5 >= 28.886) -> AlbCreatRat_mggNew <= 40.434)
",-40.434,-40.434,0.000,1.000,0.000,0,0,3,0,0,3,3,0,0.0,0.0,1.0,0.0,0.0,1.0
"G[1,1](((GFR >= 0.000 & Pt_SiblingT1D >= 0.000) | WeightKg >= 0.000) & diabDur <= 0.000)
",0.000,0.000,0.000,1.000,0.000,0,0,0,3,3,0,0,3,0.0,0.0,0.0,0.0,0.0,1.0
"G[0,1](((Pt_GrandchildT1D <= 0.000 -> TSH <= 1.524) & Pt_CGMUseNumDays <= 1.411) & BldPrDia >= 0.399)
",9999999.000,9999999.000,0.000,1.000,0.000,0,0,0,3,3,0,0,3,0.0,0.0,0.0,0.0,0.0,1.0
"G[0,2](((Pt_A1cGoalLevelDsYr5 >= 0.000 | Pt_DKAFlg <= 0.000) & BGTestAvgNumPtRep >= 0.000) -> BUN <= 0.000)
",9999999.000,9999999.000,0.000,1.000,0.000,0,0,0,3,3,0,0,3,0.0,0.0,0.0,0.0,0.0,1.0
"G[1,2](((Pt_GrandchildT1D <= 0.000 & TotalDailyInsPerKg >= 0.075) | AlbCreatRat_mggNew <= 0.123) | Pt_InsGov <= 0.216)
",9999999.000,9999999.000,0.000,1.000,0.000,0,0,3,0,0,3,3,0,0.0,0.0,1.0,0.0,0.0,1.0
"G[2,2](SMBGperDayPtMeterCombo >= 0.116 | BldPrSys <= 121.014)
",121.014,121.014,0.000,1.000,0.000,0,0,3,0,0,3,3,0,0.0,0.0,1.0,0.0,0.0,1.0
"G[2,2](((age >= 22.315 -> Pt_SiblingT1D >= 0.000) -> HeightCm <= 0.000) -> Pt_SiblingT1D <= 0.000)
",0.000,0.000,0.000,1.000,0.000,0,0,3,0,0,3,3,0,0.0,0.0,1.0,0.0,0.0,1.0
"G[1,2]((HeightCm <= 95.295 | SMBGperDayPtMeterCombo >= 0.297) & AlbCreatRat_mggNew <= 4.747)
",9999999.000,9999999.000,0.000,1.000,0.000,0,0,3,0,0,3,3,0,0.0,0.0,1.0,0.0,0.0,1.0
"G[0,2](BUN >= 10.294 | SMBGperDayPtMeterCombo <= 4.075)
",9999999.000,9999999.000,0.000,1.000,0.000,0,0,2,1,1,2,2,1,0.0,0.0,1.0,0.0,0.0,1.0
"G[0,2](((LDL >= 77.318 | BUN <= 15.614) & BGTestAvgNumMeter <= 19.306) -> LDL >= 6.990)
",9999999.000,9999999.000,0.000,1.000,0.000,0,0,2,1,1,2,2,1,0.0,0.0,1.0,0.0,0.0,1.0
"G[0,2](((Pt_SiblingT1D >= 0.000 & TotChol >= 55.695) -> LDL <= 187.328) & diagAgeCombo <= 145.009)
",9999999.000,9999999.000,0.000,1.000,0.000,0,0,3,0,0,3,3,0,0.0,0.0,1.0,0.0,0.0,1.0
"G[0,1](((bmiZscore >= -0.258 -> bmi <= 17.731) & GFR <= 21.918) -> bmiZscore >= 1.309)
",9999999.000,9999999.000,0.000,1.000,0.000,0,0,0,3,3,0,0,3,0.0,0.0,0.0,0.0,0.0,1.0
"G[0,2]((bmiPerc >= 0.000 -> Pt_A1cGoalLevelDsYr5 >= 0.000) -> TSH >= 0.000)
",9999999.000,9999999.000,0.000,1.000,0.000,0,0,3,0,0,3,3,0,0.0,0.0,1.0,0.0,0.0,1.0
"G[1,2](HeightCm <= 163.010 | BldPrSys <= 119.084)
",9999999.000,9999999.000,0.000,1.000,0.000,0,0,2,1,1,2,2,1,0.0,0.0,1.0,0.0,0.0,1.0
"G[1,2](((AutonomicNeuroCl >= 0.000 & age <= 26.497) -> TotalDailyInsPerKg <= 27.183) | DirectLDL <= 25.866)
",9999999.000,9999999.000,0.000,1.000,0.000,0,0,3,0,0,3,3,0,0.0,0.0,1.0,0.0,0.0,1.0
"G[1,2](((Pt_A1cGoalLevelDsYr5 >= 0.000 -> BGTestAvgNumPtRep >= 0.446) & BGTestAvgNumMeter <= 2.542) -> HbA1c >= 0.621)
",9999999.000,9999999.000,0.000,1.000,0.000,0,0,3,0,0,3,3,0,0.0,0.0,1.0,0.0,0.0,1.0
"G[1,2]((TotChol <= 123.942 | NumPumpBolusOrShortAct >= 0.000) & TotChol >= 0.000)
",9999999.000,9999999.000,0.000,1.000,0.000,0,0,3,0,0,3,3,0,0.0,0.0,1.0,0.0,0.0,1.0
"G[2,2](((Pt_MotherT1D <= 0.000 | Pt_MotherT1D >= 0.000) -> Pt_GrandparentT1D >= 0.000) | HeightCm <= 0.000)
",0.000,0.000,0.000,1.000,0.000,0,0,3,0,0,3,3,0,0.0,0.0,1.0,0.0,0.0,1.0
"G[1,2]((BldPrDia >= 56.340 -> HDL >= 8.954) | BGTestAvgNumMeter >= 17.282)
",9999999.000,9999999.000,0.000,1.000,0.000,0,0,2,1,1,2,2,1,0.0,0.0,1.0,0.0,0.0,1.0
"G[0,2]((Pt_InsGov >= 0.000 -> diagAgeCombo >= 2.000) -> Pt_DKAFlg <= 2.000)
",9999999.000,9999999.000,0.000,1.000,0.000,0,0,3,0,0,3,3,0,0.0,0.0,1.0,0.0,0.0,1.0
"G[0,1](((HbA1c <= 7.115 | DirectLDL >= 0.000) | LDL <= 0.000) & SMBGperDayPtMeterCombo <= 0.000)
",9999999.000,9999999.000,0.000,1.000,0.000,0,0,0,3,3,0,0,3,0.0,0.0,0.0,0.0,0.0,1.0
"G[0,1](HbA1c <= 5.793 & Pt_A1cGoalLevelDsYr5 <= 0.000)
",9999999.000,9999999.000,0.000,1.000,0.000,0,0,0,3,3,0,0,3,0.0,0.0,0.0,0.0,0.0,1.0
"G[1,2]((Pt_ChildT1D >= 0.000 -> Pt_MotherT1D <= 0.000) | TotChol >= 0.000)
",9999999.000,9999999.000,0.000,1.000,0.000,0,0,3,0,0,3,3,0,0.0,0.0,1.0,0.0,0.0,1.0
"G[1,2](((LDL <= 82.461 & TSH <= 0.981) | Pt_DKAFlg <= 0.861) | NumPumpBolusOrShortAct >= 0.610)
",9999999.000,9999999.000,0.000,1.000,0.000,0,0,3,0,0,3,3,0,0.0,0.0,1.0,0.0,0.0,1.0
"G[2,2](SMBGperDayPtMeterCombo >= 1.281 & BGTestAvgNumPtRep >= 0.199)
",-1.281,-1.281,0.000,1.000,0.000,0,0,3,0,0,3,3,0,0.0,0.0,1.0,0.0,0.0,1.0
"G[0,2]((BGTestAvgNumMeter >= 1.957 & BGTestAvgNumPtRep >= 0.073) -> TSH >= 0.539)
",9999999.000,9999999.000,0.000,1.000,0.000,0,0,2,1,1,2,2,1,0.0,0.0,1.0,0.0,0.0,1.0
"G[1,2](((GFR <= 0.000 | bmi >= 8.241) -> HbA1cImputeDtMnC >= 7.738) & SMBGperDayPtMeterCombo >= 5.298)
",9999999.000,9999999.000,0.000,1.000,0.000,0,0,1,2,2,1,1,2,0.0,0.0,1.0,0.0,0.0,1.0
"G[0,2]((BGTestAvgNumPtRep >= 0.827 -> bmi >= 10.314) -> Pt_MotherT1D >= 8.841)
",9999999.000,9999999.000,0.000,1.000,0.000,0,0,0,3,3,0,0,3,0.0,0.0,0.0,0.0,0.0,1.0
"G[1,2](Triglyc < 63.294 -> Pt_SHFlg = 0.000)
",9999999.000,9999999.000,0.000,1.000,0.000,0,0,3,0,0,3,3,0,0.0,0.0,1.0,0.0,0.0,1.0
"G[2,2](BUN < 16.985 -> Pt_SHFlg = 0.000)
",-16.985,-16.985,0.000,1.000,0.000,0,0,3,0,0,3,3,0,0.0,0.0,1.0,0.0,0.0,1.0
"G[1,2](HDL > 43.828 & Pt_SHFlg = 0.000)
",9999999.000,9999999.000,0.000,1.000,0.000,0,0,2,1,1,2,2,1,0.0,0.0,1.0,0.0,0.0,1.0
"G[2,2](Pt_InsGov <= 0.000 & Pt_SHFlg = 0.000)
",0.000,0.000,0.000,1.000,0.000,0,0,3,0,0,3,3,0,0.0,0.0,1.0,0.0,0.0,1.0
"G[2,2](HeightCm >= 22.750 & WeightKg >= 28.403)
",-7994785995139299.000,-28.403,0.000,1.000,0.000,0,0,3,0,0,3,3,0,0.0,0.0,1.0,0.0,0.0,1.0
"G[0,2](bmiZscore <= -0.090 & HeightCm >= 40.415)
",9999999.000,9999999.000,0.000,1.000,0.000,0,0,1,2,2,1,1,2,0.0,0.0,1.0,0.0,0.0,1.0
"G[1,2](BGTestAvgNumPtRep <= 2.347 & Pt_CGMUseNumDays <= 21.715)
",9999999.000,9999999.000,0.000,1.000,0.000,0,0,3,0,0,3,3,0,0.0,0.0,1.0,0.0,0.0,1.0
"G[1,2]((LDL >= 50.190 & Triglyc >= 38.712) | Pt_SiblingT1D <= 74.671)
",9999999.000,9999999.000,0.000,1.000,0.000,0,0,3,0,0,3,3,0,0.0,0.0,1.0,0.0,0.0,1.0
"G[0,2](((HDL >= 29.012 | TotChol >= 4.225) | AutonomicNeuroCl >= 111.857) & BldPrSys <= 189.330)
",9999999.000,9999999.000,0.000,1.000,0.000,0,0,2,1,1,2,2,1,0.0,0.0,1.0,0.0,0.0,1.0
"G[0,2]((bmiZscore >= -0.384 -> Pt_CGMUseNumDays >= 0.204) -> Pt_SHFlg >= 4.491)
",9999999.000,9999999.000,0.000,1.000,0.000,0,0,1,2,2,1,1,2,0.0,0.0,1.0,0.0,0.0,1.0
"G[1,2](HbA1cImputeDtMnC >= 26.326 & Pt_CGMUseNumDays <= 28.468)
",9999999.000,9999999.000,0.000,1.000,0.000,0,0,2,1,1,2,2,1,0.0,0.0,1.0,0.0,0.0,1.0
"G[1,2](TotChol <= 179.743 & WeightKg >= 26.601)
",9999999.000,9999999.000,0.000,1.000,0.000,0,0,1,2,2,1,1,2,0.0,0.0,1.0,0.0,0.0,1.0
"G[0,2](BGTestAvgNumPtRep >= 0.171 | LDL <= 85.550)
",9999999.000,9999999.000,0.000,1.000,0.000,0,0,2,1,1,2,2,1,0.0,0.0,1.0,0.0,0.0,1.0
"G[0,2]((TotalDailyInsPerKg >= 0.029 -> TotChol <= 182.922) & BldPrSys <= 164.752)
",9999999.000,9999999.000,0.000,1.000,0.000,0,0,3,0,0,3,3,0,0.0,0.0,1.0,0.0,0.0,1.0
"G[2,2](((BUN <= 18.547 | TotChol >= 59.516) | HbA1c <= 191.430) | TSH >= 101.135)
",191.430,191.430,0.000,1.000,0.000,0,0,3,0,0,3,3,0,0.0,0.0,1.0,0.0,0.0,1.0
"G[1,2](BldPrSys >= 104.378 -> TotalDailyInsPerKg <= 0.333)
",9999999.000,9999999.000,0.000,1.000,0.000,0,0,3,0,0,3,3,0,0.0,0.0,1.0,0.0,0.0,1.0
"G[0,2]((AlbCreatRat_mggNew >= 1.419 -> BldPrSys >= 104.842) -> LDL <= 129.099)
",9999999.000,9999999.000,0.000,1.000,0.000,0,0,3,0,0,3,3,0,0.0,0.0,1.0,0.0,0.0,1.0
"G[2,2](HbA1c <= 6.432 -> HDL >= 9.033)
",-6.432,-6.432,0.000,1.000,0.000,0,0,3,0,0,3,3,0,0.0,0.0,1.0,0.0,0.0,1.0
"G[1,2](((BGTestAvgNumMeter >= 1.000 -> HbA1c <= 6.450) -> Triglyc <= 7.067) & Pt_SiblingT1D <= 5.572)
",9999999.000,9999999.000,0.000,1.000,0.000,0,0,2,1,1,2,2,1,0.0,0.0,1.0,0.0,0.0,1.0
"G[1,2]((bmi >= 10.653 & HDL <= 69.886) -> HeightCm <= 70.576)
",9999999.000,9999999.000,0.000,1.000,0.000,0,0,2,1,1,2,2,1,0.0,0.0,1.0,0.0,0.0,1.0
"G[2,2](((TotalDailyInsPerKg <= 0.532 & WeightKg <= 69.142) & Pt_GrandchildT1D >= 27.067) | Pt_A1cGoalLev <= 59.077)
",59.077,59.077,0.000,1.000,0.000,0,0,3,0,0,3,3,0,0.0,0.0,1.0,0.0,0.0,1.0
"G[2,2](AlbCreatRat_mggNew >= 0.523 -> WeightKg >= 32.870)
",0.523,0.523,0.000,1.000,0.000,0,0,3,0,0,3,3,0,0.0,0.0,1.0,0.0,0.0,1.0
"G[0,0](BldPrDia >= 58.411 & HeightCm <= 141.773)
",6.303,52.650,0.000,1.000,0.000,0,0,0,3,3,0,0,3,0.0,0.0,0.0,0.0,0.0,1.0
"G[0,2](((BUN <= 17.920 & UnitsInsBasalOrLongAct <= 32.625) & HbA1cImputeDtMnC <= 52.558) -> Pt_FatherT1D >= 15.171)
",9999999.000,9999999.000,0.000,1.000,0.000,0,0,1,2,2,1,1,2,0.0,0.0,1.0,0.0,0.0,1.0
"G[0,2](Pt_CGMUseNumDays <= 17.103 -> Pt_SHFlg = 0.000)
",9999999.000,9999999.000,0.000,1.000,0.000,0,0,3,0,0,3,3,0,0.0,0.0,1.0,0.0,0.0,1.0
"G[1,2](Pt_SHFlg >= 0.000 -> Pt_SHFlg = 0.000)
",9999999.000,9999999.000,0.000,1.000,0.000,0,0,3,0,0,3,3,0,0.0,0.0,1.0,0.0,0.0,1.0
"G[1,2](bmiPerc <= 0.000 & Pt_SHFlg = 0.000)
",9999999.000,9999999.000,0.000,1.000,0.000,0,0,3,0,0,3,3,0,0.0,0.0,1.0,0.0,0.0,1.0
"G[1,2](TotChol <= 157.600 & Pt_SHFlg = 0.000)
",9999999.000,9999999.000,0.000,1.000,0.000,0,0,2,1,1,2,2,1,0.0,0.0,1.0,0.0,0.0,1.0
"G[0,2]((WeightKg >= 25.677 | bmi >= 11.938) -> UnitsInsBasalOrLongAct <= 48.651)
",9999999.000,9999999.000,0.000,1.000,0.000,0,0,3,0,0,3,3,0,0.0,0.0,1.0,0.0,0.0,1.0
"G[0,2]((WeightKg >= 26.948 | bmi >= 4.967) -> UnitsInsBasalOrLongAct <= 24.691)
",9999999.000,9999999.000,0.000,1.000,0.000,0,0,2,1,1,2,2,1,0.0,0.0,1.0,0.0,0.0,1.0
"G[1,2](SMBGperDayPtMeterCombo >= 1.183 & BGTestAvgNumPtRep >= 0.420)
",9999999.000,9999999.000,0.000,1.000,0.000,0,0,0,3,3,0,0,3,0.0,0.0,0.0,0.0,0.0,1.0
"G[2,2](GFR <= 0.000 -> BUN >= 3.416)
",0.000,0.000,0.000,1.000,0.000,0,0,3,0,0,3,3,0,0.0,0.0,1.0,0.0,0.0,1.0
"G[1,2]((WeightKg >= 7.483 | bmi >= 1.358) -> UnitsInsBasalOrLongAct <= 52.051)
",9999999.000,9999999.000,0.000,1.000,0.000,0,0,3,0,0,3,3,0,0.0,0.0,1.0,0.0,0.0,1.0
"G[2,2](GFR <= 0.000 -> BUN >= 1.347)
",0.000,0.000,0.000,1.000,0.000,0,0,3,0,0,3,3,0,0.0,0.0,1.0,0.0,0.0,1.0
"G[0,2]((WeightKg >= 19.513 | bmi >= 11.420) -> UnitsInsBasalOrLongAct <= 36.130)
",9999999.000,9999999.000,0.000,1.000,0.000,0,0,3,0,0,3,3,0,0.0,0.0,1.0,0.0,0.0,1.0
"G[0,1](SMBGperDayPtMeterCombo >= 1.165 & BGTestAvgNumPtRep >= 0.563)
",9999999.000,9999999.000,0.000,1.000,0.000,0,0,0,3,3,0,0,3,0.0,0.0,0.0,0.0,0.0,1.0
"G[0,2](GFR <= 0.000 -> BUN >= 8.141)
",9999999.000,9999999.000,0.000,1.000,0.000,0,0,1,2,2,1,1,2,0.0,0.0,1.0,0.0,0.0,1.0
"G[2,2](SMBGperDayPtMeterCombo >= 1.433 & BGTestAvgNumPtRep >= 0.861)
",-1.433,-1.433,0.000,1.000,0.000,0,0,3,0,0,3,3,0,0.0,0.0,1.0,0.0,0.0,1.0
"G[1,1](SMBGperDayPtMeterCombo >= 1.311 & BGTestAvgNumPtRep >= 0.621)
",-1.311,-1.311,0.000,1.000,0.000,0,0,0,3,3,0,0,3,0.0,0.0,0.0,0.0,0.0,1.0
"G[2,2](GFR <= 0.000 -> BUN >= 5.450)
",0.000,0.000,0.000,1.000,0.000,0,0,3,0,0,3,3,0,0.0,0.0,1.0,0.0,0.0,1.0
"G[0,2]((WeightKg >= 12.253 | bmi >= 3.183) -> UnitsInsBasalOrLongAct <= 23.027)
",9999999.000,9999999.000,0.000,1.000,0.000,0,0,2,1,1,2,2,1,0.0,0.0,1.0,0.0,0.0,1.0
"G[0,1](SMBGperDayPtMeterCombo >= 2.195 & BGTestAvgNumPtRep >= 0.976)
",9999999.000,9999999.000,0.000,1.000,0.000,0,0,0,3,3,0,0,3,0.0,0.0,0.0,0.0,0.0,1.0
"G[0,2](GFR <= 0.000 -> BUN >= 6.334)
",9999999.000,9999999.000,0.000,1.000,0.000,0,0,1,2,2,1,1,2,0.0,0.0,1.0,0.0,0.0,1.0
"G[0,1](SMBGperDayPtMeterCombo >= 0.976 & BGTestAvgNumPtRep >= 0.560)
",9999999.000,9999999.000,0.000,1.000,0.000,0,0,0,3,3,0,0,3,0.0,0.0,0.0,0.0,0.0,1.0
"G[2,2](GFR <= 0.000 -> BUN >= 4.142)
",0.000,0.000,0.000,1.000,0.000,0,0,3,0,0,3,3,0,0.0,0.0,1.0,0.0,0.0,1.0
"G[0,2]((WeightKg >= 21.202 | bmi >= 5.017) -> UnitsInsBasalOrLongAct <= 24.630)
",9999999.000,9999999.000,0.000,1.000,0.000,0,0,2,1,1,2,2,1,0.0,0.0,1.0,0.0,0.0,1.0
"G[0,2](SMBGperDayPtMeterCombo >= 1.971 & BGTestAvgNumPtRep >= 0.466)
",9999999.000,9999999.000,0.000,1.000,0.000,0,0,0,3,3,0,0,3,0.0,0.0,0.0,0.0,0.0,1.0
"G[2,2](GFR <= 0.000 -> BUN >= 8.201)
",0.000,0.000,0.000,1.000,0.000,0,0,3,0,0,3,3,0,0.0,0.0,1.0,0.0,0.0,1.0
"G[2,2]((WeightKg >= 38.395 | bmi >= 0.231) -> UnitsInsBasalOrLongAct <= 46.498)
",-46.498,-46.498,0.000,1.000,0.000,0,0,3,0,0,3,3,0,0.0,0.0,1.0,0.0,0.0,1.0
"G[0,2](diabDur > 21.751 & Pt_SHFlg = 0.000)
",9999999.000,9999999.000,0.000,1.000,0.000,0,0,2,1,1,2,2,1,0.0,0.0,1.0,0.0,0.0,1.0
"G[0,2](Pt_A1cGoalLevelDsYr5 >= 0.000 & Pt_SHFlg = 0.000)
",9999999.000,9999999.000,0.000,1.000,0.000,0,0,3,0,0,3,3,0,0.0,0.0,1.0,0.0,0.0,1.0
"G[0,2]((LDL <= 106.899 -> Pt_CGMUseNumDays >= 1.441) -> diabDur <= 23.330)
",9999999.000,9999999.000,0.000,1.000,0.000,0,0,2,1,1,2,2,1,0.0,0.0,1.0,0.0,0.0,1.0
"G[0,2](((LDL <= 98.647 | WeightKg <= 68.015) & WeightKg >= 26.065) -> Triglyc >= 29.158)
",9999999.000,9999999.000,0.000,1.000,0.000,0,0,2,1,1,2,2,1,0.0,0.0,1.0,0.0,0.0,1.0
"G[1,2]((diabDur <= 24.234 | HDL <= 63.869) & Pt_A1cGoalLevelDsYr5 <= 67.407)
",9999999.000,9999999.000,0.000,1.000,0.000,0,0,3,0,0,3,3,0,0.0,0.0,1.0,0.0,0.0,1.0
"G[1,2](((WeightKg <= 45.959 & NumPumpBolusOrShortAct >= 0.000) & Pt_SiblingT1D >= 0.000) | NumPumpBolusOrShortAct <= 0.000)
",9999999.000,9999999.000,0.000,1.000,0.000,0,0,3,0,0,3,3,0,0.0,0.0,1.0,0.0,0.0,1.0
"G[0,2](((BGTestAvgNumMeter <= 4.595 | BldPrDia <= 75.907) & Pt_DKAFlg <= 60.902) & TSH <= 66.679)
",9999999.000,9999999.000,0.000,1.000,0.000,0,0,3,0,0,3,3,0,0.0,0.0,1.0,0.0,0.0,1.0
"G[2,2](BGTestAvgNumPtRep >= 0.867 & TSH <= 1.048)
",-0.867,-0.867,0.000,1.000,0.000,0,0,3,0,0,3,3,0,0.0,0.0,1.0,0.0,0.0,1.0
"G[1,2](((BGTestAvgNumMeter <= 4.672 | bmi >= 3.687) | WeightKg >= 5.693) -> HbA1c >= 1.221)
",9999999.000,9999999.000,0.000,1.000,0.000,0,0,3,0,0,3,3,0,0.0,0.0,1.0,0.0,0.0,1.0
"G[0,2](((bmiZscore >= -0.479 & LDL <= 105.552) -> Pt_A1cGoalLevelDsYr5 >= 54.794) | Pt_A1cGoalLevelDsYr5 >= 81.139)
",9999999.000,9999999.000,0.000,1.000,0.000,0,0,0,3,3,0,0,3,0.0,0.0,0.0,0.0,0.0,1.0
"G[0,2]((HbA1cImputeDtMnC >= 17.118 -> SMBGperDayPtMeterCombo >= 0.769) -> UnitsInsBasalOrLongAct >= 1.571)
",9999999.000,9999999.000,0.000,1.000,0.000,0,0,1,2,2,1,1,2,0.0,0.0,1.0,0.0,0.0,1.0
"G[0,1](((Triglyc >= 52.253 & UnitsInsBasalOrLongAct <= 34.472) & Pt_GrandparentT1D >= 1.141) & HbA1cImputeDtMnC >= 3.055)
",9999999.000,9999999.000,0.000,1.000,0.000,0,0,0,3,3,0,0,3,0.0,0.0,0.0,0.0,0.0,1.0
"G[1,2](GFR <= 0.000 -> BUN >= 4.975)
",9999999.000,9999999.000,0.000,1.000,0.000,0,0,2,1,1,2,2,1,0.0,0.0,1.0,0.0,0.0,1.0
"G[1,2]((BGTestAvgNumMeter >= 1.123 -> HDL <= 68.098) -> Pt_CGMUseNumDays >= 22.344)
",9999999.000,9999999.000,0.000,1.000,0.000,0,0,1,2,2,1,1,2,0.0,0.0,1.0,0.0,0.0,1.0
"G[0,2]((BldPrDia <= 60.618 -> SMBGperDayPtMeterCombo <= 6.992) -> AutonomicNeuroCl >= 1.107)
",9999999.000,9999999.000,0.000,1.000,0.000,0,0,0,3,3,0,0,3,0.0,0.0,0.0,0.0,0.0,1.0
"G[2,2](((Pt_CGMUseNumDays <= 14.263 | Pt_FatherT1D >= 0.000) -> HDL <= 0.000) & TSH <= 0.000)
",-14.263,-14.263,0.000,1.000,0.000,0,0,3,0,0,3,3,0,0.0,0.0,1.0,0.0,0.0,1.0
"G[1,2](((bmiPerc <= 0.000 & Pt_A1cGoalLevelDsYr5 >= 0.000) | Pt_A1cGoalLevelDsYr5 <= 0.000) & Pt_MotherT1D >= 0.000)
",9999999.000,9999999.000,0.000,1.000,0.000,0,0,3,0,0,3,3,0,0.0,0.0,1.0,0.0,0.0,1.0
"G[0,2](BUN >= 3.301 & Pt_SiblingT1D >= 0.000)
",9999999.000,9999999.000,0.000,1.000,0.000,0,0,2,1,1,2,2,1,0.0,0.0,1.0,0.0,0.0,1.0
"G[1,2]((TotChol >= 70.477 & Triglyc >= 34.676) | Pt_FatherT1D <= 62.851)
",9999999.000,9999999.000,0.000,1.000,0.000,0,0,3,0,0,3,3,0,0.0,0.0,1.0,0.0,0.0,1.0
"G[0,2](((BldPrDia <= 72.490 -> HbA1c <= 6.939) | bmi <= 5.484) & Pt_InsGov <= 5.719)
",9999999.000,9999999.000,0.000,1.000,0.000,0,0,3,0,0,3,3,0,0.0,0.0,1.0,0.0,0.0,1.0
"G[1,2](((Pt_SiblingT1D >= 0.000 & Pt_GrandparentT1D >= 0.000) & HbA1c >= 0.000) & Pt_A1cGoalLev >= 0.000)
",9999999.000,9999999.000,0.000,1.000,0.000,0,0,3,0,0,3,3,0,0.0,0.0,1.0,0.0,0.0,1.0
"G[2,2](((bmi >= 10.038 -> AlbCreatRat_mggNew <= 2.220) -> Pt_SHFlg >= 0.420) | DirectLDL >= 0.079)
",0.420,0.420,0.000,1.000,0.000,0,0,3,0,0,3,3,0,0.0,0.0,1.0,0.0,0.0,1.0
"G[2,2](((LDL >= 11.769 & BGTestAvgNumPtRep >= 0.923) -> Pt_ChildT1D <= 1.854) -> BGTestAvgNumMeter <= 2.586)
",-2.586,-2.586,0.000,1.000,0.000,0,0,3,0,0,3,3,0,0.0,0.0,1.0,0.0,0.0,1.0
"G[1,2](Pt_SHFlg >= 0.000 | BGTestAvgNumMeter >= 0.182)
",9999999.000,9999999.000,0.000,1.000,0.000,0,0,3,0,0,3,3,0,0.0,0.0,1.0,0.0,0.0,1.0
"G[0,2](((Pt_MotherT1D <= 0.000 & GFR >= 0.000) | BldPrDia <= 0.000) | Pt_DKAFlg <= 0.000)
",9999999.000,9999999.000,0.000,1.000,0.000,0,0,3,0,0,3,3,0,0.0,0.0,1.0,0.0,0.0,1.0
"G[1,1](((AlbCreatRat_mggNew <= 8.549 -> WeightKg >= 17.316) | diagAgeCombo <= 78.706) & GFR >= 23.376)
",-23.376,-23.376,0.000,1.000,0.000,0,0,0,3,3,0,0,3,0.0,0.0,0.0,0.0,0.0,1.0
"G[0,1](((age >= 24.551 | HbA1cImputeDtMnC <= 52.240) & NumPumpBolusOrShortAct <= 44.325) & BldPrSys <= 46.135)
",9999999.000,9999999.000,0.000,1.000,0.000,0,0,0,3,3,0,0,3,0.0,0.0,0.0,0.0,0.0,1.0
"G[0,2](Triglyc >= 22.971 | LDL <= 102.954)
",9999999.000,9999999.000,0.000,1.000,0.000,0,0,3,0,0,3,3,0,0.0,0.0,1.0,0.0,0.0,1.0
"G[2,2](HeightCm >= 38.321 | DirectLDL <= 0.000)
",0.000,0.000,0.000,1.000,0.000,0,0,3,0,0,3,3,0,0.0,0.0,1.0,0.0,0.0,1.0
"G[0,2](Pt_MotherT1D <= 0.000 -> AutonomicNeuroCl >= 0.000)
",9999999.000,9999999.000,0.000,1.000,0.000,0,0,3,0,0,3,3,0,0.0,0.0,1.0,0.0,0.0,1.0
"G[2,2](BldPrSys >= 112.722 -> TotChol >= 37.326)
",37.326,37.326,0.000,1.000,0.000,0,0,3,0,0,3,3,0,0.0,0.0,1.0,0.0,0.0,1.0
"G[0,2]((HDL <= 63.580 | UnitsInsBasalOrLongAct >= 1.649) -> age >= 20.326)
",9999999.000,9999999.000,0.000,1.000,0.000,0,0,3,0,0,3,3,0,0.0,0.0,1.0,0.0,0.0,1.0
"G[1,2]((BldPrDia <= 70.378 -> bmiZscore >= -0.490) -> Pt_ChildT1D >= -0.543)
",9999999.000,9999999.000,0.000,1.000,0.000,0,0,3,0,0,3,3,0,0.0,0.0,1.0,0.0,0.0,1.0
"G[1,2](BldPrSys >= 103.495 & HbA1c >= 0.792)
",9999999.000,9999999.000,0.000,1.000,0.000,0,0,3,0,0,3,3,0,0.0,0.0,1.0,0.0,0.0,1.0
"G[0,2]((BldPrDia >= 57.277 | HbA1c <= 6.099) & AlbCreatRat_mggNew >= 2.918)
",9999999.000,9999999.000,0.000,1.000,0.000,0,0,0,3,3,0,0,3,0.0,0.0,0.0,0.0,0.0,1.0
"G[1,2](((HbA1c >= 4.566 | HeightCm <= 116.201) -> BUN <= 125.018) & Pt_CGMUseNumDays <= 112.040)
",9999999.000,9999999.000,0.000,1.000,0.000,0,0,3,0,0,3,3,0,0.0,0.0,1.0,0.0,0.0,1.0
"G[2,2](((BGTestAvgNumPtRep >= 0.483 -> HDL <= 67.878) | Pt_MotherT1D >= 24.161) & UnitsInsBasalOrLongAct >= 32.583)
",-32.583,-32.583,0.000,1.000,0.000,0,0,3,0,0,3,3,0,0.0,0.0,1.0,0.0,0.0,1.0
"G[0,1](BldPrDia >= 58.350 & Pt_CGMUseNumDays >= 6.391)
",9999999.000,9999999.000,0.000,1.000,0.000,0,0,0,3,3,0,0,3,0.0,0.0,0.0,0.0,0.0,1.0
"G[0,2](((AlbCreatRat_mggNew >= 1.366 & BGTestAvgNumMeter >= 1.477) & age <= 5.709) -> Pt_A1cGoalLev >= 1.618)
",9999999.000,9999999.000,0.000,1.000,0.000,0,0,3,0,0,3,3,0,0.0,0.0,1.0,0.0,0.0,1.0
"G[0,2](SMBGperDayPtMeterCombo <= 5.734 -> Triglyc <= 73.399)
",9999999.000,9999999.000,0.000,1.000,0.000,0,0,1,2,2,1,1,2,0.0,0.0,1.0,0.0,0.0,1.0
"G[1,2](((TSH >= 0.310 & UnitsInsBasalOrLongAct >= 13.503) -> UnitsInsBasalOrLongAct <= 23.643) & Pt_CGMUseNumDays >= 12.173)
",9999999.000,9999999.000,0.000,1.000,0.000,0,0,0,3,3,0,0,3,0.0,0.0,0.0,0.0,0.0,1.0
"G[0,2](((bmi <= 18.633 -> Triglyc >= 7.702) & AlbCreatRat_mggNew >= 57.073) -> TotChol <= 73.342)
",9999999.000,9999999.000,0.000,1.000,0.000,0,0,3,0,0,3,3,0,0.0,0.0,1.0,0.0,0.0,1.0
"G[1,2](((bmiZscore >= -0.490 | BUN <= 12.266) & bmi <= 17.666) & GFR <= 10.914)
",9999999.000,9999999.000,0.000,1.000,0.000,0,0,2,1,1,2,2,1,0.0,0.0,1.0,0.0,0.0,1.0
"G[1,2]((SMBGperDayPtMeterCombo <= 2.913 -> TotalDailyInsPerKg <= 0.104) | HDL <= 0.464)
",9999999.000,9999999.000,0.000,1.000,0.000,0,0,3,0,0,3,3,0,0.0,0.0,1.0,0.0,0.0,1.0
"G[2,2](((AlbCreatRat_mggNew <= 6.045 | SMBGperDayPtMeterCombo <= 5.286) | bmi >= 1.886) | Pt_FatherT1D >= 1.764)
",6.045,6.045,0.000,1.000,0.000,0,0,3,0,0,3,3,0,0.0,0.0,1.0,0.0,0.0,1.0
"G[2,2](bmiZscore >= -0.233 & TSH >= 0.154)
",-0.154,-0.154,0.000,1.000,0.000,0,0,3,0,0,3,3,0,0.0,0.0,1.0,0.0,0.0,1.0
"G[1,2](((TSH >= 0.145 & WeightKg <= 71.986) & Pt_MotherT1D >= 15.188) | LDL >= 23.038)
",9999999.000,9999999.000,0.000,1.000,0.000,0,0,2,1,1,2,2,1,0.0,0.0,1.0,0.0,0.0,1.0
"G[1,1](((HbA1c >= 0.202 & TotalDailyInsPerKg >= 0.006) -> TSH >= 0.027) -> BldPrDia <= 0.335)
",-6040010944453499.000,-0.335,0.000,1.000,0.000,0,0,0,3,3,0,0,3,0.0,0.0,0.0,0.0,0.0,1.0
"G[1,2]((BldPrSys <= 125.927 -> bmiZscore >= -0.511) & Pt_CGMUseNumDays >= -0.228)
",9999999.000,9999999.000,0.000,1.000,0.000,0,0,3,0,0,3,3,0,0.0,0.0,1.0,0.0,0.0,1.0
"G[1,2]((BGTestAvgNumPtRep <= 1.585 & TotChol <= 125.197) | BUN <= 177.732)
",9999999.000,9999999.000,0.000,1.000,0.000,0,0,3,0,0,3,3,0,0.0,0.0,1.0,0.0,0.0,1.0
"G[1,2](((BGTestAvgNumPtRep <= 2.653 | diabDur >= 21.847) & Pt_GrandparentT1D >= 22.767) & HbA1cImputeDtMnC >= 21.032)
",9999999.000,9999999.000,0.000,1.000,0.000,0,0,0,3,3,0,0,3,0.0,0.0,0.0,0.0,0.0,1.0
"G[2,2](age <= 27.301 -> BGTestAvgNumMeter <= 3.045)
",-7684627276382667.000,-27.301,0.000,1.000,0.000,0,0,3,0,0,3,3,0,0.0,0.0,1.0,0.0,0.0,1.0
"G[0,2]((BldPrSys >= 101.348 -> TSH <= 0.748) -> BUN <= 1.352)
",9999999.000,9999999.000,0.000,1.000,0.000,0,0,2,1,1,2,2,1,0.0,0.0,1.0,0.0,0.0,1.0
"G[2,2](BldPrSys <= 116.231 -> WeightKg <= 76.481)
",-116.231,-116.231,0.000,1.000,0.000,0,0,3,0,0,3,3,0,0.0,0.0,1.0,0.0,0.0,1.0
"G[0,1]((HeightCm >= 27.543 -> SMBGperDayPtMeterCombo <= 4.434) & HDL <= 4.904)
",9999999.000,9999999.000,0.000,1.000,0.000,0,0,0,3,3,0,0,3,0.0,0.0,0.0,0.0,0.0,1.0
"G[2,2]((HbA1c <= 6.336 -> Triglyc <= 67.930) | SMBGperDayPtMeterCombo <= 80.330)
",80.330,80.330,0.000,1.000,0.000,0,0,3,0,0,3,3,0,0.0,0.0,1.0,0.0,0.0,1.0
"G[0,2]((HbA1cImputeDtMnC <= 35.548 | WeightKg <= 46.627) & BUN <= 79.737)
",9999999.000,9999999.000,0.000,1.000,0.000,0,0,2,1,1,2,2,1,0.0,0.0,1.0,0.0,0.0,1.0
"G[1,2](diabDur >= 20.215 -> BGTestAvgNumPtRep <= 2.416)
",9999999.000,9999999.000,0.000,1.000,0.000,0,0,3,0,0,3,3,0,0.0,0.0,1.0,0.0,0.0,1.0
