Rule,Discrimination Score,Pos Robustness,Neg Robustness,Percent Class +,Percent Class -,TP,TN,FP,FN,Actual Yes,Actual No,Predicted Yes,Predicted No,TPR/Sens,TNR/Spec,FPR,Precision,Accuracy,MCR,Class
"G[0,0](((HeightCm <= 179.935 & TotChol <= 123.537) -> Pt_MotherT1D <= 124.108) -> UnitsInsBasalOrLongAct <= 146.527)
",-56.691,-142.993,0.000,1.000,0.000,3,0,0,0,3,0,3,0,1.0,0.0,0.0,1.0,1.0,0.0,1
"F[0,1](((BldPrSys >= 116.418 & LDL <= 86.045) & BGTestAvgNumPtRep >= 59.415) & HbA1c <= 66.792)
",-9999999.000,-9999999.000,0.000,0.000,1.000,3,0,0,0,3,0,3,0,1.0,0.0,0.0,1.0,1.0,0.0,-1
"G[0,1](((GFR <= 107.935 | Pt_InsGov <= 0.373) -> AutonomicNeuroCl >= 0.049) | bmiPerc <= 0.806)
",9999999.000,9999999.000,0.000,1.000,0.000,3,0,0,0,3,0,3,0,1.0,0.0,0.0,1.0,1.0,0.0,1
"G[0,1](AutonomicNeuroCl >= 0.000 | BUN >= 8.792)
",9999999.000,9999999.000,0.000,1.000,0.000,3,0,0,0,3,0,3,0,1.0,0.0,0.0,1.0,1.0,0.0,1
"G[0,0]((HbA1cImputeDtMnC <= 71.444 -> Pt_DKAFlg >= 0.000) & Pt_GrandchildT1D <= 0.000)
",-49.812,-70.444,0.000,1.000,0.000,3,0,0,0,3,0,3,0,1.0,0.0,0.0,1.0,1.0,0.0,1
"G[1,1]((BldPrDia >= 75.609 -> WeightKg <= 86.869) | Pt_InsGov <= 87.269)
",87.269,87.269,0.000,1.000,0.000,3,0,0,0,3,0,3,0,1.0,0.0,0.0,1.0,1.0,0.0,1
"G[0,1](LDL <= 86.986 | Pt_DKAFlg >= 0.000)
",9999999.000,9999999.000,0.000,1.000,0.000,3,0,0,0,3,0,3,0,1.0,0.0,0.0,1.0,1.0,0.0,1
"G[0,1](((BGTestAvgNumPtRep <= 0.622 -> HbA1c >= 9.026) & diagAgeCombo <= 9.481) -> AlbCreatRat_mggNew <= 9.809)
",9999999.000,9999999.000,0.000,1.000,0.000,3,0,0,0,3,0,3,0,1.0,0.0,0.0,1.0,1.0,0.0,1
"G[0,0]((Pt_MotherT1D >= 0.000 | BUN <= 19.535) | Pt_FatherT1D <= 18.253)
",30.904,18.681,0.000,1.000,0.000,3,0,0,0,3,0,3,0,1.0,0.0,0.0,1.0,1.0,0.0,1
"G[0,0]((LDL <= 61.897 -> TotChol >= 61.584) | UnitsInsBasalOrLongAct <= 172.457)
",66.971,168.923,0.000,1.000,0.000,3,0,0,0,3,0,3,0,1.0,0.0,0.0,1.0,1.0,0.0,1
"F[0,1](((HeightCm >= 179.526 | LDL >= 47.289) & TotChol >= 1.127) & BGTestAvgNumPtRep >= 9.431)
",-9999999.000,-9999999.000,0.000,0.000,1.000,3,0,0,0,3,0,3,0,1.0,0.0,0.0,1.0,1.0,0.0,-1
"G[1,1](SMBGperDayPtMeterCombo >= 0.425 -> age >= 26.960)
",0.425,0.425,0.000,1.000,0.000,3,0,0,0,3,0,3,0,1.0,0.0,0.0,1.0,1.0,0.0,1
"G[0,1]((TSH <= 1.776 -> Pt_GrandchildT1D >= 0.000) | HDL >= 0.000)
",9999999.000,9999999.000,0.000,1.000,0.000,3,0,0,0,3,0,3,0,1.0,0.0,0.0,1.0,1.0,0.0,1
"F[1,1](Pt_A1cGoalLev < 0.000 & Pt_SHFlg = 0.000)
",0.000,0.000,0.000,0.000,1.000,3,0,0,0,3,0,3,0,1.0,0.0,0.0,1.0,1.0,0.0,-1
"F[1,1](((AlbCreatRat_mggNew >= 3.173 & HbA1cImputeDtMnC <= 43.429) | GFR >= 37.491) & BGTestAvgNumMeter >= 29.341)
",-8258847155971461.000,-29.341,0.000,0.000,1.000,3,0,0,0,3,0,3,0,1.0,0.0,0.0,1.0,1.0,0.0,-1
"F[1,1](((Pt_A1cGoalLevelDsYr5 <= 0.000 -> UnitsInsBasalOrLongAct >= 8.470) | HbA1cImputeDtMnC >= 2.197) -> BldPrDia <= 22.677)
",-6383141242290155.000,-22.677,0.000,0.000,1.000,3,0,0,0,3,0,3,0,1.0,0.0,0.0,1.0,1.0,0.0,-1
"F[0,1](((TotalDailyInsPerKg <= 0.701 & HeightCm <= 179.928) | HbA1cImputeDtMnC >= 179.431) & Pt_ChildT1D >= 179.655)
",-9999999.000,-9999999.000,0.000,0.000,1.000,3,0,0,0,3,0,3,0,1.0,0.0,0.0,1.0,1.0,0.0,-1
"G[0,0]((bmiZscore <= 0.259 & BldPrSys >= 118.073) -> Pt_A1cGoalLevelDsYr5 <= 119.939)
",-119.939,-119.939,0.000,1.000,0.000,3,0,0,0,3,0,3,0,1.0,0.0,0.0,1.0,1.0,0.0,1
"F[0,1](((BldPrDia <= 82.796 -> UnitsInsBasalOrLongAct >= 5.313) | BldPrSys >= 6.659) -> bmiPerc >= 2.532)
",-9999999.000,-9999999.000,0.000,0.000,1.000,3,0,0,0,3,0,3,0,1.0,0.0,0.0,1.0,1.0,0.0,-1
"F[1,1](((bmiPerc <= 0.000 | AlbCreatRat_mggNew >= 3.463) & Pt_GrandparentT1D <= 4.512) & AutonomicNeuroCl >= 2.642)
",-2.642,-2.642,0.000,0.000,1.000,3,0,0,0,3,0,3,0,1.0,0.0,0.0,1.0,1.0,0.0,-1
"F[1,1](BldPrSys <= 120.762 & SMBGperDayPtMeterCombo >= 0.330)
",-0.330,-0.330,0.000,0.000,1.000,3,0,0,0,3,0,3,0,1.0,0.0,0.0,1.0,1.0,0.0,-1
"F[1,1]((BGTestAvgNumMeter >= 0.659 -> age >= 27.290) & Triglyc <= 29.945)
",0.659,0.659,0.000,0.000,1.000,3,0,0,0,3,0,3,0,1.0,0.0,0.0,1.0,1.0,0.0,-1
"F[1,1](((GFR >= 28.141 | TotalDailyInsPerKg >= 0.376) -> diabDur <= 0.558) & TotalDailyInsPerKg >= 0.264)
",-0.558,-0.558,0.000,0.000,1.000,3,0,0,0,3,0,3,0,1.0,0.0,0.0,1.0,1.0,0.0,-1
"F[0,0]((AlbCreatRat_mggNew >= 3.216 | Pt_GrandparentT1D >= 0.122) & bmiPerc >= 0.004)
",1.388,6.482,0.000,0.000,1.000,3,0,0,0,3,0,3,0,1.0,0.0,0.0,1.0,1.0,0.0,-1
"F[1,1](((LDL >= 23.141 | NumPumpBolusOrShortAct <= 6.761) | TSH >= 2.521) -> LDL <= 7.389)
",-8319240472194323.000,-7.389,0.000,0.000,1.000,3,0,0,0,3,0,3,0,1.0,0.0,0.0,1.0,1.0,0.0,-1
"F[0,1](((Pt_InsGov >= 0.075 -> NumPumpBolusOrShortAct >= 1.105) | AutonomicNeuroCl >= 0.089) & AutonomicNeuroCl >= 1.452)
",-9999999.000,-9999999.000,0.000,0.000,1.000,3,0,0,0,3,0,3,0,1.0,0.0,0.0,1.0,1.0,0.0,-1
"F[0,1]((AlbCreatRat_mggNew <= 6.036 & LDL >= 48.968) & Pt_InsGov >= 11.224)
",-9999999.000,-9999999.000,0.000,0.000,1.000,3,0,0,0,3,0,3,0,1.0,0.0,0.0,1.0,1.0,0.0,-1
"F[0,1](((BUN <= 15.722 | HDL >= 3.307) & Pt_MotherT1D >= 27.914) | SMBGperDayPtMeterCombo >= 45.527)
",-9999999.000,-9999999.000,0.000,0.000,1.000,3,0,0,0,3,0,3,0,1.0,0.0,0.0,1.0,1.0,0.0,-1
"F[0,1](((Pt_DKAFlg <= 0.000 -> Triglyc <= 111.723) & SMBGperDayPtMeterCombo >= 77.339) & Triglyc <= 92.389)
",-9999999.000,-9999999.000,0.000,0.000,1.000,3,0,0,0,3,0,3,0,1.0,0.0,0.0,1.0,1.0,0.0,-1
"((bmiPerc > 0.000) U[1,2] (Pt_SHFlg = 0.000))
",-9999999.000,-9999999.000,0.000,0.000,1.000,3,0,0,0,3,0,3,0,1.0,0.0,0.0,1.0,1.0,0.0,-1
"F[1,1](((HbA1cImputeDtMnC <= 64.421 & Pt_ChildT1D >= 0.099) -> AlbCreatRat_mggNew >= 0.009) & age <= 0.453)
",0.009,0.009,0.000,0.000,1.000,3,0,0,0,3,0,3,0,1.0,0.0,0.0,1.0,1.0,0.0,-1
"F[0,1](((LDL >= 1.531 | WeightKg >= 85.189) | TotChol <= 89.959) & BGTestAvgNumPtRep >= 84.828)
",-9999999.000,-9999999.000,0.000,0.000,1.000,3,0,0,0,3,0,3,0,1.0,0.0,0.0,1.0,1.0,0.0,-1
"G[0,0]((WeightKg >= 85.075 | bmi >= 26.332) -> UnitsInsBasalOrLongAct <= 27.498)
",-9.501,-23.965,0.000,1.000,0.000,3,0,0,0,3,0,3,0,1.0,0.0,0.0,1.0,1.0,0.0,1
"G[1,1](age >= 26.134 & BUN >= 0.291)
",-26.134,-26.134,0.000,1.000,0.000,3,0,0,0,3,0,3,0,1.0,0.0,0.0,1.0,1.0,0.0,1
"G[0,1](((Pt_MotherT1D <= 0.000 -> BGTestAvgNumMeter <= 2.306) & Pt_SiblingT1D >= 0.653) -> BGTestAvgNumPtRep >= 0.064)
",9999999.000,9999999.000,0.000,1.000,0.000,3,0,0,0,3,0,3,0,1.0,0.0,0.0,1.0,1.0,0.0,1
"G[0,1](((HeightCm >= 179.352 & Pt_A1cGoalLevelDsYr5 <= 0.000) -> TotChol >= 0.000) -> GFR >= 0.000)
",9999999.000,9999999.000,0.000,1.000,0.000,3,0,0,0,3,0,3,0,1.0,0.0,0.0,1.0,1.0,0.0,1
"G[0,0](bmi >= 26.162 -> Pt_SHFlg = 0.000)
",7363989487540493.000,26.162,0.000,1.000,0.000,3,0,0,0,3,0,3,0,1.0,0.0,0.0,1.0,1.0,0.0,1
"G[1,1]((BGTestAvgNumMeter >= 0.373 & Pt_ChildT1D >= 0.160) -> BldPrSys <= 0.887)
",-7987140631859221.000,-0.887,0.000,1.000,0.000,3,0,0,0,3,0,3,0,1.0,0.0,0.0,1.0,1.0,0.0,1
"G[0,1](AutonomicNeuroCl <= 0.000 & Pt_SHFlg = 0.000)
",9999999.000,9999999.000,0.000,1.000,0.000,3,0,0,0,3,0,3,0,1.0,0.0,0.0,1.0,1.0,0.0,1
"G[1,1](Pt_GrandchildT1D <= 0.000 -> Pt_SHFlg = 0.000)
",0.000,0.000,0.000,1.000,0.000,3,0,0,0,3,0,3,0,1.0,0.0,0.0,1.0,1.0,0.0,1
"G[0,0]((diabDur >= 5.329 -> Pt_GrandparentT1D >= 0.017) -> AutonomicNeuroCl <= 0.783)
",32.676,8.151,0.000,1.000,0.000,3,0,0,0,3,0,3,0,1.0,0.0,0.0,1.0,1.0,0.0,1
"G[0,0](((bmiPerc >= 0.000 -> NumPumpBolusOrShortAct <= 9.943) -> age <= 11.937) | WeightKg >= 1.487)
",-0.123,-0.154,0.000,1.000,0.000,3,0,0,0,3,0,3,0,1.0,0.0,0.0,1.0,1.0,0.0,1
"G[0,1](((age >= 27.059 & bmiZscore >= -0.153) -> Pt_DKAFlg <= -0.005) | BGTestAvgNumMeter >= -0.045)
",9999999.000,9999999.000,0.000,1.000,0.000,3,0,0,0,3,0,3,0,1.0,0.0,0.0,1.0,1.0,0.0,1
"G[1,1](((age >= 26.768 & NumPumpBolusOrShortAct >= 0.198) -> TSH <= 9.748) & Pt_FatherT1D <= 12.267)
",-9.748,-9.748,0.000,1.000,0.000,3,0,0,0,3,0,3,0,1.0,0.0,0.0,1.0,1.0,0.0,1
"G[0,0]((NumPumpBolusOrShortAct >= 0.210 -> Pt_InsGov <= 0.364) | Triglyc >= 0.130)
",1.295,99.537,0.000,1.000,0.000,3,0,0,0,3,0,3,0,1.0,0.0,0.0,1.0,1.0,0.0,1
"G[1,1]((TSH >= 0.113 & Pt_CGMUseNumDays >= 0.000) -> AutonomicNeuroCl >= 0.000)
",0.000,0.000,0.000,1.000,0.000,3,0,0,0,3,0,3,0,1.0,0.0,0.0,1.0,1.0,0.0,1
"G[1,1](((BldPrSys >= 116.284 | Pt_GrandparentT1D <= 0.493) | Pt_SHFlg <= 0.699) | bmiPerc >= 0.040)
",0.699,0.699,0.000,1.000,0.000,3,0,0,0,3,0,3,0,1.0,0.0,0.0,1.0,1.0,0.0,1
"G[0,0](((Pt_GrandchildT1D <= 0.000 & HbA1c >= 8.641) | Pt_A1cGoalLev >= 8.861) | BldPrSys <= 9.464)
",10.139,10.139,0.000,1.000,0.000,3,0,0,0,3,0,3,0,1.0,0.0,0.0,1.0,1.0,0.0,1
"G[0,1](Pt_MotherT1D <= 0.000 & Pt_SHFlg = 0.000)
",9999999.000,9999999.000,0.000,1.000,0.000,3,0,0,0,3,0,3,0,1.0,0.0,0.0,1.0,1.0,0.0,1
"G[0,0](Pt_GrandparentT1D >= 0.009 -> Pt_SHFlg = 0.000)
",0.009,0.009,0.000,1.000,0.000,3,0,0,0,3,0,3,0,1.0,0.0,0.0,1.0,1.0,0.0,1
"G[0,1](age >= 25.675 | LDL <= 90.542)
",9999999.000,9999999.000,0.000,1.000,0.000,3,0,0,0,3,0,3,0,1.0,0.0,0.0,1.0,1.0,0.0,1
"G[0,0](((LDL >= 49.900 & Pt_SiblingT1D <= 0.000) | Pt_MotherT1D >= 0.000) | UnitsInsBasalOrLongAct <= 0.000)
",0.000,0.000,0.000,1.000,0.000,3,0,0,0,3,0,3,0,1.0,0.0,0.0,1.0,1.0,0.0,1
"G[0,0](((BUN >= 3.454 & LDL >= 47.652) | DirectLDL <= 64.712) -> diabDur <= 93.514)
",-45.618,-64.514,0.000,1.000,0.000,3,0,0,0,3,0,3,0,1.0,0.0,0.0,1.0,1.0,0.0,1
"G[1,1]((BldPrSys <= 127.162 | bmiZscore >= -0.179) | bmiPerc >= -0.091)
",127.162,127.162,0.000,1.000,0.000,3,0,0,0,3,0,3,0,1.0,0.0,0.0,1.0,1.0,0.0,1
"G[1,1](((TotChol <= 170.549 & Triglyc <= 105.925) | age <= 144.816) | LDL <= 99.037)
",144.816,144.816,0.000,1.000,0.000,3,0,0,0,3,0,3,0,1.0,0.0,0.0,1.0,1.0,0.0,1
"F[0,0](((DirectLDL <= 0.000 | TotChol <= 174.654) -> diagAgeCombo >= 90.685) & Pt_CGMUseNumDays <= 148.218)
",-4822.782,-4822.782,0.000,0.000,1.000,3,0,0,0,3,0,3,0,1.0,0.0,0.0,1.0,1.0,0.0,-1
"G[0,1](((BGTestAvgNumMeter <= 1.355 | HbA1cImputeDtMnC <= 76.676) | Pt_CGMUseNumDays <= 76.699) | WeightKg <= 71.312)
",9999999.000,9999999.000,0.000,1.000,0.000,3,0,0,0,3,0,3,0,1.0,0.0,0.0,1.0,1.0,0.0,1
"G[0,1](LDL <= 92.230 -> Pt_A1cGoalLev >= 0.000)
",9999999.000,9999999.000,0.000,1.000,0.000,3,0,0,0,3,0,3,0,1.0,0.0,0.0,1.0,1.0,0.0,1
"G[1,1](((SMBGperDayPtMeterCombo <= 0.878 & Pt_DKAFlg <= 0.000) & Pt_SHFlg >= 0.000) -> Pt_ChildT1D >= 0.000)
",0.000,0.000,0.000,1.000,0.000,3,0,0,0,3,0,3,0,1.0,0.0,0.0,1.0,1.0,0.0,1
"G[0,1]((TSH <= 2.250 -> bmiPerc >= 0.000) -> Triglyc >= 0.000)
",9999999.000,9999999.000,0.000,1.000,0.000,3,0,0,0,3,0,3,0,1.0,0.0,0.0,1.0,1.0,0.0,1
"G[0,1](((LDL >= 49.264 -> UnitsInsBasalOrLongAct <= 24.957) -> BUN <= 24.108) & BGTestAvgNumPtRep <= 14.418)
",9999999.000,9999999.000,0.000,1.000,0.000,3,0,0,0,3,0,3,0,1.0,0.0,0.0,1.0,1.0,0.0,1
"G[0,1](age <= 30.079 | LDL >= 22.674)
",9999999.000,9999999.000,0.000,1.000,0.000,3,0,0,0,3,0,3,0,1.0,0.0,0.0,1.0,1.0,0.0,1
"G[0,1]((AlbCreatRat_mggNew >= 3.288 -> UnitsInsBasalOrLongAct <= 18.458) -> TotalDailyInsPerKg <= 17.474)
",9999999.000,9999999.000,0.000,1.000,0.000,3,0,0,0,3,0,3,0,1.0,0.0,0.0,1.0,1.0,0.0,1
"G[0,1](diagAgeCombo <= 19.000 | TotChol <= 111.725)
",9999999.000,9999999.000,0.000,1.000,0.000,3,0,0,0,3,0,3,0,1.0,0.0,0.0,1.0,1.0,0.0,1
"G[0,0](((bmiZscore <= 0.202 | SMBGperDayPtMeterCombo >= 0.398) & Pt_SiblingT1D <= 0.982) | BldPrDia <= 2.446)
",0.982,0.982,0.000,1.000,0.000,3,0,0,0,3,0,3,0,1.0,0.0,0.0,1.0,1.0,0.0,1
"G[0,0](((BUN >= 8.890 | TSH >= 0.736) -> BUN >= 0.687) -> Pt_InsGov <= 1.946)
",-1.946,-1.946,0.000,1.000,0.000,3,0,0,0,3,0,3,0,1.0,0.0,0.0,1.0,1.0,0.0,1
"F[0,0](bmi <= 27.433 & TotChol >= 40.057)
",-0.067,-1.894,0.000,0.000,1.000,2,0,0,1,3,0,2,1,0.6666666666666666,0.0,0.0,1.0,0.6666666666666666,0.33333333333333337,-1
"F[0,0](((HbA1c <= 9.604 & TotalDailyInsPerKg >= 0.414) -> NumPumpBolusOrShortAct <= 0.816) & TotalDailyInsPerKg <= 0.531)
",-7.331,-8.842,0.000,0.000,1.000,2,0,0,1,3,0,2,1,0.6666666666666666,0.0,0.0,1.0,0.6666666666666666,0.33333333333333337,-1
"F[1,1](BldPrDia >= 74.796 & HDL <= 58.697)
",-74.796,-74.796,0.000,0.000,1.000,2,0,0,1,3,0,2,1,0.6666666666666666,0.0,0.0,1.0,0.6666666666666666,0.33333333333333337,-1
"((UnitsInsBasalOrLongAct >= 4.819) U[1,2] (WeightKg <= 89.102))
",-9999999.000,-9999999.000,0.000,0.000,1.000,2,0,0,1,3,0,2,1,0.6666666666666666,0.0,0.0,1.0,0.6666666666666666,0.33333333333333337,-1
"F[0,1](((age <= 29.851 -> diabDur <= 9.632) -> HbA1c >= 8.230) & LDL <= 9.333)
",-9999999.000,-9999999.000,0.000,0.000,1.000,2,0,0,1,3,0,2,1,0.6666666666666666,0.0,0.0,1.0,0.6666666666666666,0.33333333333333337,-1
"((BGTestAvgNumMeter >= 0.512) U[1,1] (TotChol >= 89.922))
",-0.512,-0.512,0.000,0.000,1.000,2,0,0,1,3,0,2,1,0.6666666666666666,0.0,0.0,1.0,0.6666666666666666,0.33333333333333337,-1
"F[0,1](NumPumpBolusOrShortAct >= 2.035 & Triglyc <= 113.425)
",-9999999.000,-9999999.000,0.000,0.000,1.000,2,0,0,1,3,0,2,1,0.6666666666666666,0.0,0.0,1.0,0.6666666666666666,0.33333333333333337,-1
"F[0,0]((BGTestAvgNumMeter >= 0.631 & Pt_SHFlg >= 0.000) & LDL <= 0.000)
",-3.916,-0.481,0.000,0.000,1.000,2,0,0,1,3,0,2,1,0.6666666666666666,0.0,0.0,1.0,0.6666666666666666,0.33333333333333337,-1
"F[0,0]((diabDur <= 8.895 & HbA1c <= 9.934) -> BldPrDia <= 9.420)
",14.216,20.105,0.000,0.000,1.000,2,0,0,1,3,0,2,1,0.6666666666666666,0.0,0.0,1.0,0.6666666666666666,0.33333333333333337,-1
"((BGTestAvgNumMeter >= 0.198) U[1,1] (BGTestAvgNumPtRep <= 0.631))
",0.631,0.631,0.000,0.000,1.000,2,0,0,1,3,0,2,1,0.6666666666666666,0.0,0.0,1.0,0.6666666666666666,0.33333333333333337,-1
"((TotChol >= 91.631) U[1,1] (TSH >= 0.409))
",-0.409,-0.409,0.000,0.000,1.000,2,0,0,1,3,0,2,1,0.6666666666666666,0.0,0.0,1.0,0.6666666666666666,0.33333333333333337,-1
"F[0,0](HeightCm <= 179.941 & Pt_SHFlg = 0.000)
",-2.820,-53.743,0.000,0.000,1.000,2,0,0,1,3,0,2,1,0.6666666666666666,0.0,0.0,1.0,0.6666666666666666,0.33333333333333337,-1
"((LDL >= 31.795) U[0,1] (Pt_GrandparentT1D >= 0.102))
",-9999999.000,-9999999.000,0.000,0.000,1.000,2,0,0,1,3,0,2,1,0.6666666666666666,0.0,0.0,1.0,0.6666666666666666,0.33333333333333337,-1
"F[0,0](Pt_GrandparentT1D <= 0.630 & BUN >= 7.879)
",-0.550,-2.206,0.000,0.000,1.000,2,0,0,1,3,0,2,1,0.6666666666666666,0.0,0.0,1.0,0.6666666666666666,0.33333333333333337,-1
"((HeightCm <= 179.881) U[1,2] (TotalDailyInsPerKg >= 0.057))
",-9999999.000,-9999999.000,0.000,0.000,1.000,2,0,0,1,3,0,2,1,0.6666666666666666,0.0,0.0,1.0,0.6666666666666666,0.33333333333333337,-1
"((HDL >= 49.910) U[1,1] (TSH >= 0.089))
",-6388584879830915.000,-0.089,0.000,0.000,1.000,2,0,0,1,3,0,2,1,0.6666666666666666,0.0,0.0,1.0,0.6666666666666666,0.33333333333333337,-1
"((BldPrSys <= 121.187) U[1,1] (TotChol <= 140.806))
",140.806,140.806,0.000,0.000,1.000,2,0,0,1,3,0,2,1,0.6666666666666666,0.0,0.0,1.0,0.6666666666666666,0.33333333333333337,-1
"F[0,0](((BUN >= 8.911 -> TotChol <= 126.387) & HbA1cImputeDtMnC <= 129.804) -> Pt_DKAFlg >= 97.532)
",11.051,91.003,0.000,0.000,1.000,2,0,0,1,3,0,2,1,0.6666666666666666,0.0,0.0,1.0,0.6666666666666666,0.33333333333333337,-1
"F[1,1]((bmi <= 26.702 & BldPrSys <= 123.808) -> Pt_FatherT1D >= 115.621)
",-26.702,-26.702,0.000,0.000,1.000,2,0,0,1,3,0,2,1,0.6666666666666666,0.0,0.0,1.0,0.6666666666666666,0.33333333333333337,-1
"F[1,1](((BldPrSys >= 118.153 & HeightCm >= 179.768) -> GFR >= 179.692) | SMBGperDayPtMeterCombo >= 178.893)
",179.692,179.692,0.000,0.000,1.000,2,0,0,1,3,0,2,1,0.6666666666666666,0.0,0.0,1.0,0.6666666666666666,0.33333333333333337,-1
"((TotalDailyInsPerKg >= 0.391) U[0,1] (BGTestAvgNumPtRep >= 0.097))
",-9999999.000,-9999999.000,0.000,0.000,1.000,2,0,0,1,3,0,2,1,0.6666666666666666,0.0,0.0,1.0,0.6666666666666666,0.33333333333333337,-1
"G[0,0](GFR <= 114.872 -> BUN >= 7.268)
",-551.919,-114.869,0.000,1.000,0.000,2,0,0,1,3,0,2,1,0.6666666666666666,0.0,0.0,1.0,0.6666666666666666,0.33333333333333337,1
"G[0,1]((BldPrDia <= 79.311 | TSH <= 2.083) | Pt_MotherT1D >= 0.678)
",9999999.000,9999999.000,0.000,1.000,0.000,2,0,0,1,3,0,2,1,0.6666666666666666,0.0,0.0,1.0,0.6666666666666666,0.33333333333333337,1
"G[0,1](GFR <= 73.195 -> BUN >= 7.791)
",9999999.000,9999999.000,0.000,1.000,0.000,2,0,0,1,3,0,2,1,0.6666666666666666,0.0,0.0,1.0,0.6666666666666666,0.33333333333333337,1
"G[0,1](GFR <= 102.781 -> BUN >= 3.363)
",9999999.000,9999999.000,0.000,1.000,0.000,2,0,0,1,3,0,2,1,0.6666666666666666,0.0,0.0,1.0,0.6666666666666666,0.33333333333333337,1
"G[0,0](GFR <= 66.695 -> BUN >= 6.811)
",-5.177,-77.121,0.000,1.000,0.000,2,0,0,1,3,0,2,1,0.6666666666666666,0.0,0.0,1.0,0.6666666666666666,0.33333333333333337,1
"G[0,1](diabDur <= 10.022 | TotChol <= 185.652)
",9999999.000,9999999.000,0.000,1.000,0.000,2,0,0,1,3,0,2,1,0.6666666666666666,0.0,0.0,1.0,0.6666666666666666,0.33333333333333337,1
"G[1,1](HbA1cImputeDtMnC <= 62.763 & bmiPerc <= 0.000)
",0.000,0.000,0.000,1.000,0.000,2,0,0,1,3,0,2,1,0.6666666666666666,0.0,0.0,1.0,0.6666666666666666,0.33333333333333337,1
"G[1,1](HbA1cImputeDtMnC >= 5.615 -> UnitsInsBasalOrLongAct >= 1.644)
",1.644,1.644,0.000,1.000,0.000,2,0,0,1,3,0,2,1,0.6666666666666666,0.0,0.0,1.0,0.6666666666666666,0.33333333333333337,1
"G[0,0](diabDur <= 9.704 & AutonomicNeuroCl >= 0.000)
",-13.644,-19.296,0.000,1.000,0.000,2,0,0,1,3,0,2,1,0.6666666666666666,0.0,0.0,1.0,0.6666666666666666,0.33333333333333337,1
"G[0,1](((Pt_ChildT1D >= 0.029 | SMBGperDayPtMeterCombo >= 0.557) -> HbA1cImputeDtMnC <= 1.048) & Pt_A1cGoalLev <= 2.259)
",9999999.000,9999999.000,0.000,1.000,0.000,2,0,0,1,3,0,2,1,0.6666666666666666,0.0,0.0,1.0,0.6666666666666666,0.33333333333333337,1
"G[1,1]((Pt_CGMUseNumDays <= 0.000 -> age <= 29.892) & BUN <= 30.465)
",-29.892,-29.892,0.000,1.000,0.000,2,0,0,1,3,0,2,1,0.6666666666666666,0.0,0.0,1.0,0.6666666666666666,0.33333333333333337,1
"G[0,1](diabDur >= 7.137 & TotalDailyInsPerKg <= 0.555)
",9999999.000,9999999.000,0.000,1.000,0.000,2,0,0,1,3,0,2,1,0.6666666666666666,0.0,0.0,1.0,0.6666666666666666,0.33333333333333337,1
"G[0,0]((GFR <= 85.356 -> NumPumpBolusOrShortAct <= 7.512) & TotChol <= 11.012)
",-410.101,-85.353,0.000,1.000,0.000,2,0,0,1,3,0,2,1,0.6666666666666666,0.0,0.0,1.0,0.6666666666666666,0.33333333333333337,1
"G[0,1](BUN >= 12.705 -> NumPumpBolusOrShortAct <= 5.655)
",9999999.000,9999999.000,0.000,1.000,0.000,2,0,0,1,3,0,2,1,0.6666666666666666,0.0,0.0,1.0,0.6666666666666666,0.33333333333333337,1
"G[0,1]((Pt_SiblingT1D >= 0.000 -> HbA1cImputeDtMnC >= 21.344) | LDL <= 54.611)
",9999999.000,9999999.000,0.000,1.000,0.000,2,0,0,1,3,0,2,1,0.6666666666666666,0.0,0.0,1.0,0.6666666666666666,0.33333333333333337,1
"G[0,0](GFR <= 122.387 -> BUN >= 2.341)
",-588.026,-122.384,0.000,1.000,0.000,2,0,0,1,3,0,2,1,0.6666666666666666,0.0,0.0,1.0,0.6666666666666666,0.33333333333333337,1
"G[0,1](((HDL <= 67.790 | Pt_GrandparentT1D >= 0.133) -> UnitsInsBasalOrLongAct <= 0.906) -> UnitsInsBasalOrLongAct <= 0.908)
",9999999.000,9999999.000,0.000,1.000,0.000,2,0,0,1,3,0,2,1,0.6666666666666666,0.0,0.0,1.0,0.6666666666666666,0.33333333333333337,1
"G[0,1]((BGTestAvgNumMeter >= 0.484 & HDL <= 64.996) -> Pt_GrandparentT1D >= 31.040)
",9999999.000,9999999.000,0.000,1.000,0.000,2,0,0,1,3,0,2,1,0.6666666666666666,0.0,0.0,1.0,0.6666666666666666,0.33333333333333337,1
"G[0,1](((TotalDailyInsPerKg <= 0.695 | TSH >= 0.609) | Pt_InsGov >= 0.654) | Pt_A1cGoalLev >= 0.481)
",9999999.000,9999999.000,0.000,1.000,0.000,2,0,0,1,3,0,2,1,0.6666666666666666,0.0,0.0,1.0,0.6666666666666666,0.33333333333333337,1
"G[0,1](GFR <= 65.503 -> BUN >= 1.748)
",9999999.000,9999999.000,0.000,1.000,0.000,2,0,0,1,3,0,2,1,0.6666666666666666,0.0,0.0,1.0,0.6666666666666666,0.33333333333333337,1
"G[0,1]((Pt_MotherT1D <= 0.000 | Pt_CGMUseNumDays >= 0.000) -> Pt_GrandparentT1D <= 0.000)
",9999999.000,9999999.000,0.000,1.000,0.000,2,0,0,1,3,0,2,1,0.6666666666666666,0.0,0.0,1.0,0.6666666666666666,0.33333333333333337,1
"G[1,1](diabDur <= 10.340 -> TSH >= 0.169)
",-10.340,-10.340,0.000,1.000,0.000,2,0,0,1,3,0,2,1,0.6666666666666666,0.0,0.0,1.0,0.6666666666666666,0.33333333333333337,1
"G[1,1](((GFR >= 8.670 | Pt_MotherT1D >= 0.000) -> Pt_SHFlg <= 0.000) & NumPumpBolusOrShortAct <= 0.000)
",0.000,0.000,0.000,1.000,0.000,2,0,0,1,3,0,2,1,0.6666666666666666,0.0,0.0,1.0,0.6666666666666666,0.33333333333333337,1
"G[0,1](Pt_SiblingT1D >= 0.000 -> Pt_GrandparentT1D <= 0.499)
",9999999.000,9999999.000,0.000,1.000,0.000,2,0,0,1,3,0,2,1,0.6666666666666666,0.0,0.0,1.0,0.6666666666666666,0.33333333333333337,1
"G[1,1](LDL <= 82.214 & Pt_SHFlg = 0.000)
",0.000,0.000,0.000,1.000,0.000,2,0,0,1,3,0,2,1,0.6666666666666666,0.0,0.0,1.0,0.6666666666666666,0.33333333333333337,1
"F[0,0](((GFR <= 75.087 -> Pt_CGMUseNumDays >= 0.000) -> NumPumpBolusOrShortAct <= 0.000) | TSH <= 0.000)
",0.707,0.333,0.000,0.000,1.000,1,0,0,2,3,0,1,2,0.3333333333333333,0.0,0.0,1.0,0.3333333333333333,0.6666666666666667,-1
"((NumPumpBolusOrShortAct >= 2.055) U[1,2] (TotalDailyInsPerKg >= 0.308))
",-9999999.000,-9999999.000,0.000,0.000,1.000,1,0,0,2,3,0,1,2,0.3333333333333333,0.0,0.0,1.0,0.3333333333333333,0.6666666666666667,-1
"((TotalDailyInsPerKg <= 0.493) U[0,1] (UnitsInsBasalOrLongAct >= 5.013))
",-9999999.000,-9999999.000,0.000,0.000,1.000,1,0,0,2,3,0,1,2,0.3333333333333333,0.0,0.0,1.0,0.3333333333333333,0.6666666666666667,-1
"((diabDur <= 10.178) U[0,0] (WeightKg >= 83.662))
",-13.309,-18.822,0.000,0.000,1.000,1,0,0,2,3,0,1,2,0.3333333333333333,0.0,0.0,1.0,0.3333333333333333,0.6666666666666667,-1
"F[0,1]((Pt_GrandparentT1D <= 0.439 -> HbA1c <= 10.239) -> TotChol <= 9.699)
",-9999999.000,-9999999.000,0.000,0.000,1.000,1,0,0,2,3,0,1,2,0.3333333333333333,0.0,0.0,1.0,0.3333333333333333,0.6666666666666667,-1
"F[1,1](HDL >= 22.081 & BGTestAvgNumPtRep <= 0.675)
",-22.081,-22.081,0.000,0.000,1.000,1,0,0,2,3,0,1,2,0.3333333333333333,0.0,0.0,1.0,0.3333333333333333,0.6666666666666667,-1
"((TotChol <= 105.131) U[1,1] (Pt_SHFlg = 0.000))
",7397949902510939.000,105.131,0.000,0.000,1.000,1,0,0,2,3,0,1,2,0.3333333333333333,0.0,0.0,1.0,0.3333333333333333,0.6666666666666667,-1
"F[1,1](UnitsInsBasalOrLongAct <= 14.130 | bmi >= 26.223)
",14.130,14.130,0.000,0.000,1.000,1,0,0,2,3,0,1,2,0.3333333333333333,0.0,0.0,1.0,0.3333333333333333,0.6666666666666667,-1
"F[1,1](BGTestAvgNumMeter <= 2.711 & BldPrDia >= 76.715)
",-76.715,-76.715,0.000,0.000,1.000,1,0,0,2,3,0,1,2,0.3333333333333333,0.0,0.0,1.0,0.3333333333333333,0.6666666666666667,-1
"F[0,0]((HbA1c <= 9.921 & Pt_GrandparentT1D >= 0.066) -> HbA1cImputeDtMnC >= 0.094)
",-0.660,-0.925,0.000,0.000,1.000,1,0,0,2,3,0,1,2,0.3333333333333333,0.0,0.0,1.0,0.3333333333333333,0.6666666666666667,-1
"F[1,1](BUN <= 19.460 & Triglyc <= 114.147)
",19.460,19.460,0.000,0.000,1.000,1,0,0,2,3,0,1,2,0.3333333333333333,0.0,0.0,1.0,0.3333333333333333,0.6666666666666667,-1
"((LDL <= 69.906) U[0,1] (TSH <= 1.071))
",-9999999.000,-9999999.000,0.000,0.000,1.000,1,0,0,2,3,0,1,2,0.3333333333333333,0.0,0.0,1.0,0.3333333333333333,0.6666666666666667,-1
"((Pt_InsGov <= 0.449) U[0,1] (UnitsInsBasalOrLongAct >= 3.504))
",-9999999.000,-9999999.000,0.000,0.000,1.000,1,0,0,2,3,0,1,2,0.3333333333333333,0.0,0.0,1.0,0.3333333333333333,0.6666666666666667,-1
"((NumPumpBolusOrShortAct >= 2.022) U[0,1] (UnitsInsBasalOrLongAct <= 26.153))
",-9999999.000,-9999999.000,0.000,0.000,1.000,1,0,0,2,3,0,1,2,0.3333333333333333,0.0,0.0,1.0,0.3333333333333333,0.6666666666666667,-1
"F[0,0]((GFR >= 18.479 | HeightCm >= 179.666) & Pt_InsGov <= 179.836)
",-88.774,-18.476,0.000,0.000,1.000,1,0,0,2,3,0,1,2,0.3333333333333333,0.0,0.0,1.0,0.3333333333333333,0.6666666666666667,-1
"F[0,0]((Pt_GrandparentT1D <= 0.672 & TSH >= 0.137) -> Triglyc <= 2.131)
",-0.947,-0.889,0.000,0.000,1.000,1,0,0,2,3,0,1,2,0.3333333333333333,0.0,0.0,1.0,0.3333333333333333,0.6666666666666667,-1
"((DirectLDL >= 0.000) U[0,0] (BGTestAvgNumMeter <= 2.349))
",180.000,180.000,0.000,0.000,1.000,1,0,0,2,3,0,1,2,0.3333333333333333,0.0,0.0,1.0,0.3333333333333333,0.6666666666666667,-1
"F[0,1](((Pt_SiblingT1D <= 0.000 -> diabDur <= 9.513) -> Pt_SiblingT1D >= 6.874) -> Pt_GrandparentT1D >= 7.061)
",-9999999.000,-9999999.000,0.000,0.000,1.000,1,0,0,2,3,0,1,2,0.3333333333333333,0.0,0.0,1.0,0.3333333333333333,0.6666666666666667,-1
"((BldPrSys <= 128.720) U[0,1] (HbA1cImputeDtMnC >= 26.791))
",-9999999.000,-9999999.000,0.000,0.000,1.000,1,0,0,2,3,0,1,2,0.3333333333333333,0.0,0.0,1.0,0.3333333333333333,0.6666666666666667,-1
"F[1,1](BldPrSys >= 116.206 & Pt_A1cGoalLevelDsYr5 <= 0.000)
",-116.206,-116.206,0.000,0.000,1.000,1,0,0,2,3,0,1,2,0.3333333333333333,0.0,0.0,1.0,0.3333333333333333,0.6666666666666667,-1
"((bmiZscore >= -0.098) U[0,1] (AlbCreatRat_mggNew >= 3.031))
",-9999999.000,-9999999.000,0.000,0.000,1.000,1,0,0,2,3,0,1,2,0.3333333333333333,0.0,0.0,1.0,0.3333333333333333,0.6666666666666667,-1
"F[1,1](Pt_InsGov <= 0.568 | TotChol <= 105.870)
",105.870,105.870,0.000,0.000,1.000,1,0,0,2,3,0,1,2,0.3333333333333333,0.0,0.0,1.0,0.3333333333333333,0.6666666666666667,-1
"F[0,0]((AlbCreatRat_mggNew >= 2.842 & TSH >= 0.678) | Pt_GrandparentT1D >= 0.391)
",-0.455,-0.153,0.000,0.000,1.000,1,0,0,2,3,0,1,2,0.3333333333333333,0.0,0.0,1.0,0.3333333333333333,0.6666666666666667,-1
"((age <= 28.430) U[0,1] (AlbCreatRat_mggNew <= 6.789))
",-9999999.000,-9999999.000,0.000,0.000,1.000,1,0,0,2,3,0,1,2,0.3333333333333333,0.0,0.0,1.0,0.3333333333333333,0.6666666666666667,-1
"F[0,0](((SMBGperDayPtMeterCombo <= 1.257 & Triglyc <= 111.714) -> Pt_CGMUseNumDays >= 51.813) | HbA1cImputeDtMnC >= 35.929)
",-24.699,-34.929,0.000,0.000,1.000,1,0,0,2,3,0,1,2,0.3333333333333333,0.0,0.0,1.0,0.3333333333333333,0.6666666666666667,-1
"((HbA1cImputeDtMnC >= 17.449) U[1,2] (Pt_FatherT1D >= 0.000))
",-9999999.000,-9999999.000,0.000,0.000,1.000,1,0,0,2,3,0,1,2,0.3333333333333333,0.0,0.0,1.0,0.3333333333333333,0.6666666666666667,-1
"F[1,1]((DirectLDL <= 0.000 -> diabDur >= 8.074) | TSH >= 7.626)
",0.000,0.000,0.000,0.000,1.000,1,0,0,2,3,0,1,2,0.3333333333333333,0.0,0.0,1.0,0.3333333333333333,0.6666666666666667,-1
"F[1,1](age >= 27.050 -> GFR <= 123.727)
",-123.727,-123.727,0.000,0.000,1.000,1,0,0,2,3,0,1,2,0.3333333333333333,0.0,0.0,1.0,0.3333333333333333,0.6666666666666667,-1
"((bmiZscore <= 0.239) U[1,1] (Triglyc <= 133.942))
",133.942,133.942,0.000,0.000,1.000,1,0,0,2,3,0,1,2,0.3333333333333333,0.0,0.0,1.0,0.3333333333333333,0.6666666666666667,-1
"G[0,0]((HbA1cImputeDtMnC <= 54.763 | TotalDailyInsPerKg <= 0.799) & UnitsInsBasalOrLongAct >= 0.010)
",1.397,3.523,0.000,1.000,0.000,1,0,0,2,3,0,1,2,0.3333333333333333,0.0,0.0,1.0,0.3333333333333333,0.6666666666666667,1
"((HbA1cImputeDtMnC >= 21.100) U[1,2] (Triglyc <= 144.052))
",-9999999.000,-9999999.000,0.000,0.000,1.000,1,0,0,2,3,0,1,2,0.3333333333333333,0.0,0.0,1.0,0.3333333333333333,0.6666666666666667,-1
"G[0,0](((BGTestAvgNumMeter <= 1.187 -> BUN <= 19.083) | BldPrSys >= 2.058) & HDL <= 22.696)
",-1.215,-34.555,0.000,1.000,0.000,1,0,0,2,3,0,1,2,0.3333333333333333,0.0,0.0,1.0,0.3333333333333333,0.6666666666666667,1
"G[0,1](((GFR >= 38.061 | LDL <= 62.301) -> Pt_FatherT1D >= 26.626) & HeightCm >= 35.850)
",9999999.000,9999999.000,0.000,1.000,0.000,1,0,0,2,3,0,1,2,0.3333333333333333,0.0,0.0,1.0,0.3333333333333333,0.6666666666666667,1
"G[0,0]((HeightCm >= 179.044 | Pt_ChildT1D >= 0.072) & SMBGperDayPtMeterCombo >= 0.033)
",-0.072,-0.072,0.000,1.000,0.000,1,0,0,2,3,0,1,2,0.3333333333333333,0.0,0.0,1.0,0.3333333333333333,0.6666666666666667,1
"G[0,1]((bmiZscore <= 0.028 & UnitsInsBasalOrLongAct >= 3.021) | TotalDailyInsPerKg >= 2.228)
",9999999.000,9999999.000,0.000,1.000,0.000,1,0,0,2,3,0,1,2,0.3333333333333333,0.0,0.0,1.0,0.3333333333333333,0.6666666666666667,1
"G[0,0]((HbA1cImputeDtMnC >= 36.454 & HeightCm >= 179.789) | Triglyc >= 179.471)
",-1.200,-49.610,0.000,1.000,0.000,1,0,0,2,3,0,1,2,0.3333333333333333,0.0,0.0,1.0,0.3333333333333333,0.6666666666666667,1
"G[0,0]((age <= 28.775 -> HbA1cImputeDtMnC <= 53.540) & GFR >= 0.309)
",-37.151,-52.540,0.000,1.000,0.000,1,0,0,2,3,0,1,2,0.3333333333333333,0.0,0.0,1.0,0.3333333333333333,0.6666666666666667,1
"G[0,1](BldPrDia >= 77.189 & HbA1c <= 9.908)
",9999999.000,9999999.000,0.000,1.000,0.000,1,0,0,2,3,0,1,2,0.3333333333333333,0.0,0.0,1.0,0.3333333333333333,0.6666666666666667,1
"F[0,0](HDL <= 65.683 & HDL <= 71.134)
",0.434,16.683,0.000,0.000,1.000,1,0,0,2,3,0,1,2,0.3333333333333333,0.0,0.0,1.0,0.3333333333333333,0.6666666666666667,-1
"G[0,1]((WeightKg >= 84.316 | bmi >= 26.526) -> UnitsInsBasalOrLongAct <= 14.614)
",9999999.000,9999999.000,0.000,1.000,0.000,1,0,0,2,3,0,1,2,0.3333333333333333,0.0,0.0,1.0,0.3333333333333333,0.6666666666666667,1
"G[0,0]((BldPrDia >= 77.143 -> Pt_SiblingT1D <= 0.000) -> bmiZscore <= 0.000)
",0.000,0.000,0.000,1.000,0.000,1,0,0,2,3,0,1,2,0.3333333333333333,0.0,0.0,1.0,0.3333333333333333,0.6666666666666667,1
"G[1,1]((WeightKg >= 83.497 | bmi >= 26.570) -> UnitsInsBasalOrLongAct <= 25.274)
",-7113979479354203.000,-25.274,0.000,1.000,0.000,1,0,0,2,3,0,1,2,0.3333333333333333,0.0,0.0,1.0,0.3333333333333333,0.6666666666666667,1
"G[0,1](Pt_GrandchildT1D <= 0.000 -> LDL <= 60.779)
",9999999.000,9999999.000,0.000,1.000,0.000,1,0,0,2,3,0,1,2,0.3333333333333333,0.0,0.0,1.0,0.3333333333333333,0.6666666666666667,1
"((BGTestAvgNumMeter >= 0.081) U[1,2] (BGTestAvgNumPtRep <= 0.995))
",-9999999.000,-9999999.000,0.000,0.000,1.000,1,0,0,2,3,0,1,2,0.3333333333333333,0.0,0.0,1.0,0.3333333333333333,0.6666666666666667,-1
"F[0,0](age <= 29.437 & bmiZscore <= 0.048)
",6981636474650933.000,0.048,0.000,0.000,1.000,1,0,0,2,3,0,1,2,0.3333333333333333,0.0,0.0,1.0,0.3333333333333333,0.6666666666666667,-1
"((bmi >= 26.563) U[1,1] (LDL >= 8.495))
",-8.495,-8.495,0.000,0.000,1.000,1,0,0,2,3,0,1,2,0.3333333333333333,0.0,0.0,1.0,0.3333333333333333,0.6666666666666667,-1
"G[0,1]((WeightKg >= 84.611 | bmi >= 25.985) -> UnitsInsBasalOrLongAct <= 15.148)
",9999999.000,9999999.000,0.000,1.000,0.000,1,0,0,2,3,0,1,2,0.3333333333333333,0.0,0.0,1.0,0.3333333333333333,0.6666666666666667,1
"((bmiZscore >= -0.153) U[0,1] (UnitsInsBasalOrLongAct >= 11.898))
",-9999999.000,-9999999.000,0.000,0.000,1.000,1,0,0,2,3,0,1,2,0.3333333333333333,0.0,0.0,1.0,0.3333333333333333,0.6666666666666667,-1
"F[1,1](((Pt_SHFlg >= 0.000 | Pt_A1cGoalLev <= 0.000) -> Pt_GrandchildT1D >= 0.000) -> Pt_SiblingT1D >= 0.000)
",0.000,0.000,0.000,0.000,1.000,0,0,0,3,3,0,0,3,0.0,0.0,0.0,0.0,0.0,1.0,-1
"F[1,1]((TotalDailyInsPerKg >= 0.409 & TotChol <= 148.329) | SMBGperDayPtMeterCombo <= 129.366)
",129.366,129.366,0.000,0.000,1.000,0,0,0,3,3,0,0,3,0.0,0.0,0.0,0.0,0.0,1.0,-1
"F[0,1](((Pt_A1cGoalLev >= 0.000 | Pt_MotherT1D >= 0.000) & Pt_FatherT1D <= 0.000) | Pt_SHFlg >= 0.000)
",-9999999.000,-9999999.000,0.000,0.000,1.000,0,0,0,3,3,0,0,3,0.0,0.0,0.0,0.0,0.0,1.0,-1
"F[0,1](DirectLDL <= 0.000 & BldPrDia >= 73.244)
",-9999999.000,-9999999.000,0.000,0.000,1.000,0,0,0,3,3,0,0,3,0.0,0.0,0.0,0.0,0.0,1.0,-1
"((NumPumpBolusOrShortAct <= 6.559) U[0,2] (BGTestAvgNumMeter >= 0.194))
",-9999999.000,-9999999.000,0.000,0.000,1.000,0,0,0,3,3,0,0,3,0.0,0.0,0.0,0.0,0.0,1.0,-1
"F[1,1]((SMBGperDayPtMeterCombo <= 1.337 & HbA1cImputeDtMnC <= 61.570) -> DirectLDL <= 64.706)
",-64.706,-64.706,0.000,0.000,1.000,0,0,0,3,3,0,0,3,0.0,0.0,0.0,0.0,0.0,1.0,-1
"F[2,2](DirectLDL <= 0.000 | Pt_InsGov >= 0.078)
",0.000,0.000,0.000,0.000,1.000,0,0,0,3,3,0,0,3,0.0,0.0,0.0,0.0,0.0,1.0,-1
"F[0,1](Pt_InsGov >= 0.135 -> BldPrSys >= 113.895)
",-9999999.000,-9999999.000,0.000,0.000,1.000,0,0,0,3,3,0,0,3,0.0,0.0,0.0,0.0,0.0,1.0,-1
"F[1,2](((BUN <= 14.394 | Pt_A1cGoalLevelDsYr5 <= 0.000) -> AutonomicNeuroCl <= 0.000) & HbA1cImputeDtMnC >= 0.000)
",-9999999.000,-9999999.000,0.000,0.000,1.000,0,0,0,3,3,0,0,3,0.0,0.0,0.0,0.0,0.0,1.0,-1
"((Pt_SiblingT1D >= 0.000) U[0,2] (TSH >= 0.513))
",-9999999.000,-9999999.000,0.000,0.000,1.000,0,0,0,3,3,0,0,3,0.0,0.0,0.0,0.0,0.0,1.0,-1
"((BldPrDia <= 81.594) U[0,2] (Pt_GrandparentT1D >= 0.087))
",-9999999.000,-9999999.000,0.000,0.000,1.000,0,0,0,3,3,0,0,3,0.0,0.0,0.0,0.0,0.0,1.0,-1
"F[1,2](((BldPrDia <= 78.979 & NumPumpBolusOrShortAct >= 1.967) -> Pt_ChildT1D <= 6.272) | Pt_A1cGoalLev >= 1.027)
",-9999999.000,-9999999.000,0.000,0.000,1.000,0,0,0,3,3,0,0,3,0.0,0.0,0.0,0.0,0.0,1.0,-1
"F[1,1](((TSH >= 0.425 -> bmi <= 27.629) -> diabDur >= 26.092) | Pt_MotherT1D <= 26.991)
",26.991,26.991,0.000,0.000,1.000,0,0,0,3,3,0,0,3,0.0,0.0,0.0,0.0,0.0,1.0,-1
"F[0,1]((HDL <= 64.870 | BldPrDia >= 74.852) & HbA1c <= 77.695)
",-9999999.000,-9999999.000,0.000,0.000,1.000,0,0,0,3,3,0,0,3,0.0,0.0,0.0,0.0,0.0,1.0,-1
"F[1,2](((Pt_A1cGoalLev <= 0.000 & BGTestAvgNumMeter <= 2.893) | Pt_GrandchildT1D <= 0.951) | BGTestAvgNumMeter <= 2.161)
",-9999999.000,-9999999.000,0.000,0.000,1.000,0,0,0,3,3,0,0,3,0.0,0.0,0.0,0.0,0.0,1.0,-1
"F[0,1](((diagAgeCombo <= 19.000 -> Pt_CGMUseNumDays >= 0.000) -> bmiPerc >= 0.000) & WeightKg >= 0.000)
",-9999999.000,-9999999.000,0.000,0.000,1.000,0,0,0,3,3,0,0,3,0.0,0.0,0.0,0.0,0.0,1.0,-1
"F[0,1](((HeightCm >= 179.126 & AutonomicNeuroCl <= 0.000) | DirectLDL >= 0.000) & Pt_GrandchildT1D <= 0.000)
",-9999999.000,-9999999.000,0.000,0.000,1.000,0,0,0,3,3,0,0,3,0.0,0.0,0.0,0.0,0.0,1.0,-1
"F[1,1]((BUN <= 19.781 & diabDur >= 5.074) -> GFR >= 6.878)
",5.074,5.074,0.000,0.000,1.000,0,0,0,3,3,0,0,3,0.0,0.0,0.0,0.0,0.0,1.0,-1
"F[0,2]((bmiZscore >= -0.110 & DirectLDL >= 0.000) | Pt_ChildT1D <= 0.000)
",-9999999.000,-9999999.000,0.000,0.000,1.000,0,0,0,3,3,0,0,3,0.0,0.0,0.0,0.0,0.0,1.0,-1
"F[0,2]((BldPrSys >= 115.428 -> TotalDailyInsPerKg >= 0.195) | diagAgeCombo <= 0.526)
",-9999999.000,-9999999.000,0.000,0.000,1.000,0,0,0,3,3,0,0,3,0.0,0.0,0.0,0.0,0.0,1.0,-1
"((Triglyc <= 125.723) U[0,1] (TotChol >= 84.263))
",-9999999.000,-9999999.000,0.000,0.000,1.000,0,0,0,3,3,0,0,3,0.0,0.0,0.0,0.0,0.0,1.0,-1
"F[0,1](((BGTestAvgNumPtRep <= 0.900 & AutonomicNeuroCl >= 0.000) -> Pt_ChildT1D <= 0.000) & BUN >= 0.000)
",-9999999.000,-9999999.000,0.000,0.000,1.000,0,0,0,3,3,0,0,3,0.0,0.0,0.0,0.0,0.0,1.0,-1
"F[1,2](BUN >= 3.197 & AutonomicNeuroCl <= 0.000)
",-9999999.000,-9999999.000,0.000,0.000,1.000,0,0,0,3,3,0,0,3,0.0,0.0,0.0,0.0,0.0,1.0,-1
"F[0,2](((Pt_CGMUseNumDays >= 0.000 | TotalDailyInsPerKg <= 0.769) -> age >= 0.202) & Pt_ChildT1D >= 0.173)
",-9999999.000,-9999999.000,0.000,0.000,1.000,0,0,0,3,3,0,0,3,0.0,0.0,0.0,0.0,0.0,1.0,-1
"F[1,2](TotChol >= 3.312 -> TotalDailyInsPerKg <= 0.564)
",-9999999.000,-9999999.000,0.000,0.000,1.000,0,0,0,3,3,0,0,3,0.0,0.0,0.0,0.0,0.0,1.0,-1
"F[1,2](((Pt_ChildT1D >= 0.139 | Pt_CGMUseNumDays <= 0.000) & TSH >= 0.000) -> UnitsInsBasalOrLongAct <= 0.000)
",-9999999.000,-9999999.000,0.000,0.000,1.000,0,0,0,3,3,0,0,3,0.0,0.0,0.0,0.0,0.0,1.0,-1
"F[0,1](AutonomicNeuroCl >= 0.000 & BGTestAvgNumMeter <= 1.698)
",-9999999.000,-9999999.000,0.000,0.000,1.000,0,0,0,3,3,0,0,3,0.0,0.0,0.0,0.0,0.0,1.0,-1
"G[1,2](((DirectLDL <= 0.000 & WeightKg >= 85.303) | TSH <= 88.585) | age >= 84.893)
",9999999.000,9999999.000,0.000,1.000,0.000,0,0,3,0,0,3,3,0,0.0,0.0,1.0,0.0,0.0,1.0,1
"F[1,2](((Pt_GrandchildT1D >= 0.000 & Pt_MotherT1D >= 0.000) | AutonomicNeuroCl <= 0.000) | HDL <= 0.000)
",-9999999.000,-9999999.000,0.000,0.000,1.000,0,0,0,3,3,0,0,3,0.0,0.0,0.0,0.0,0.0,1.0,-1
"F[2,2](((Pt_InsGov >= 0.055 -> BGTestAvgNumPtRep >= 0.048) & Pt_DKAFlg >= 0.063) | BGTestAvgNumMeter >= 0.155)
",-0.063,-0.063,0.000,0.000,1.000,0,0,0,3,3,0,0,3,0.0,0.0,0.0,0.0,0.0,1.0,-1
"F[1,1]((BUN >= 0.054 & Pt_CGMUseNumDays <= 0.000) | HeightCm <= 0.000)
",0.000,0.000,0.000,0.000,1.000,0,0,0,3,3,0,0,3,0.0,0.0,0.0,0.0,0.0,1.0,-1
"F[0,2](((Pt_A1cGoalLev >= 0.000 | SMBGperDayPtMeterCombo >= 0.214) -> diabDur >= 0.242) -> Pt_SiblingT1D <= 2.342)
",-9999999.000,-9999999.000,0.000,0.000,1.000,0,0,0,3,3,0,0,3,0.0,0.0,0.0,0.0,0.0,1.0,-1
"F[0,2]((bmi >= 26.232 & bmi <= 27.053) & Pt_SHFlg >= 26.484)
",-9999999.000,-9999999.000,0.000,0.000,1.000,0,0,0,3,3,0,0,3,0.0,0.0,0.0,0.0,0.0,1.0,-1
"F[0,1]((diagAgeCombo >= 19.000 | DirectLDL <= 0.000) | NumPumpBolusOrShortAct >= 0.000)
",-9999999.000,-9999999.000,0.000,0.000,1.000,0,0,0,3,3,0,0,3,0.0,0.0,0.0,0.0,0.0,1.0,-1
"F[1,1](HDL >= 35.324 & LDL >= 29.112)
",-35.324,-35.324,0.000,0.000,1.000,0,0,0,3,3,0,0,3,0.0,0.0,0.0,0.0,0.0,1.0,-1
"F[2,2](((HeightCm >= 179.387 -> TSH <= 2.040) & Pt_CGMUseNumDays >= 0.069) | HDL <= 1.533)
",6905800514898379.000,1.533,0.000,0.000,1.000,0,0,0,3,3,0,0,3,0.0,0.0,0.0,0.0,0.0,1.0,-1
"F[1,2](BldPrDia >= 74.107 & HbA1cImputeDtMnC <= 74.138)
",-9999999.000,-9999999.000,0.000,0.000,1.000,0,0,0,3,3,0,0,3,0.0,0.0,0.0,0.0,0.0,1.0,-1
"F[1,1]((Pt_SHFlg >= 0.000 & Pt_SHFlg >= 0.000) -> TotalDailyInsPerKg >= 0.000)
",0.000,0.000,0.000,0.000,1.000,0,0,0,3,3,0,0,3,0.0,0.0,0.0,0.0,0.0,1.0,-1
"F[0,0]((Triglyc >= 12.823 | diabDur <= 10.521) | UnitsInsBasalOrLongAct <= 8.598)
",1.364,93.384,0.000,0.000,1.000,0,0,0,3,3,0,0,3,0.0,0.0,0.0,0.0,0.0,1.0,-1
"F[1,2]((SMBGperDayPtMeterCombo >= 0.240 -> Pt_InsGov >= 0.107) -> HbA1c >= 0.091)
",-9999999.000,-9999999.000,0.000,0.000,1.000,0,0,0,3,3,0,0,3,0.0,0.0,0.0,0.0,0.0,1.0,-1
"F[1,1](((NumPumpBolusOrShortAct <= 3.333 & Pt_InsGov >= 0.081) | TotalDailyInsPerKg >= 0.110) | BldPrDia >= 0.076)
",-0.076,-0.076,0.000,0.000,1.000,0,0,0,3,3,0,0,3,0.0,0.0,0.0,0.0,0.0,1.0,-1
"F[0,0]((Pt_ChildT1D >= 0.163 -> Pt_A1cGoalLevelDsYr5 >= 0.000) | bmiPerc >= 0.000)
",29.866,26.790,0.000,0.000,1.000,0,0,0,3,3,0,0,3,0.0,0.0,0.0,0.0,0.0,1.0,-1
"F[1,2](((BGTestAvgNumMeter <= 1.312 | HDL <= 52.654) | age <= 64.969) | diagAgeCombo >= 23.741)
",-9999999.000,-9999999.000,0.000,0.000,1.000,0,0,0,3,3,0,0,3,0.0,0.0,0.0,0.0,0.0,1.0,-1
"((BldPrSys >= 115.378) U[2,2] (HbA1c >= 8.924))
",-8.924,-8.924,0.000,0.000,1.000,0,0,0,3,3,0,0,3,0.0,0.0,0.0,0.0,0.0,1.0,-1
"F[0,2](((GFR >= 35.900 -> bmiPerc >= 0.000) | HbA1c >= 0.000) -> Pt_A1cGoalLev >= 0.000)
",-9999999.000,-9999999.000,0.000,0.000,1.000,0,0,0,3,3,0,0,3,0.0,0.0,0.0,0.0,0.0,1.0,-1
"F[1,2](AutonomicNeuroCl <= 0.000 & Pt_InsGov <= 0.891)
",-9999999.000,-9999999.000,0.000,0.000,1.000,0,0,0,3,3,0,0,3,0.0,0.0,0.0,0.0,0.0,1.0,-1
"F[0,2](((SMBGperDayPtMeterCombo <= 0.793 -> Pt_SHFlg >= 0.000) & GFR <= 0.000) & GFR >= 0.000)
",-9999999.000,-9999999.000,0.000,0.000,1.000,0,0,0,3,3,0,0,3,0.0,0.0,0.0,0.0,0.0,1.0,-1
"F[0,2]((SMBGperDayPtMeterCombo <= 2.007 & BldPrSys <= 125.908) -> Pt_SHFlg <= 119.903)
",-9999999.000,-9999999.000,0.000,0.000,1.000,0,0,0,3,3,0,0,3,0.0,0.0,0.0,0.0,0.0,1.0,-1
"F[0,2]((Pt_ChildT1D <= 0.648 -> Pt_A1cGoalLev >= 0.000) | DirectLDL <= 0.000)
",-9999999.000,-9999999.000,0.000,0.000,1.000,0,0,0,3,3,0,0,3,0.0,0.0,0.0,0.0,0.0,1.0,-1
"F[0,2](((bmiZscore <= 0.007 | BldPrDia >= 75.326) -> SMBGperDayPtMeterCombo <= 83.783) -> Pt_A1cGoalLev <= 82.504)
",-9999999.000,-9999999.000,0.000,0.000,1.000,0,0,0,3,3,0,0,3,0.0,0.0,0.0,0.0,0.0,1.0,-1
"F[0,1](Triglyc >= 58.573 | DirectLDL <= 0.000)
",-9999999.000,-9999999.000,0.000,0.000,1.000,0,0,0,3,3,0,0,3,0.0,0.0,0.0,0.0,0.0,1.0,-1
"F[0,2](age <= 30.384 & bmi <= 27.543)
",-9999999.000,-9999999.000,0.000,0.000,1.000,0,0,0,3,3,0,0,3,0.0,0.0,0.0,0.0,0.0,1.0,-1
"F[0,1]((Pt_DKAFlg >= 0.000 & Pt_MotherT1D <= 0.000) & AlbCreatRat_mggNew >= 0.000)
",-9999999.000,-9999999.000,0.000,0.000,1.000,0,0,0,3,3,0,0,3,0.0,0.0,0.0,0.0,0.0,1.0,-1
"F[2,2]((SMBGperDayPtMeterCombo >= 0.056 -> diabDur <= 9.922) & bmiPerc <= 9.252)
",-9.922,-9.922,0.000,0.000,1.000,0,0,0,3,3,0,0,3,0.0,0.0,0.0,0.0,0.0,1.0,-1
"F[2,2]((Pt_GrandchildT1D <= 0.000 | TotChol <= 158.074) -> BldPrDia <= 174.526)
",-174.526,-174.526,0.000,0.000,1.000,0,0,0,3,3,0,0,3,0.0,0.0,0.0,0.0,0.0,1.0,-1
"F[0,2](Triglyc <= 118.687 -> Triglyc >= 20.042)
",-9999999.000,-9999999.000,0.000,0.000,1.000,0,0,0,3,3,0,0,3,0.0,0.0,0.0,0.0,0.0,1.0,-1
"F[0,1](((UnitsInsBasalOrLongAct >= 5.372 | diagAgeCombo >= 19.000) -> Pt_CGMUseNumDays >= 19.000) -> diabDur >= 19.000)
",-9999999.000,-9999999.000,0.000,0.000,1.000,0,0,0,3,3,0,0,3,0.0,0.0,0.0,0.0,0.0,1.0,-1
"((NumPumpBolusOrShortAct >= 1.782) U[2,2] (TotalDailyInsPerKg >= 0.289))
",-0.289,-0.289,0.000,0.000,1.000,0,0,0,3,3,0,0,3,0.0,0.0,0.0,0.0,0.0,1.0,-1
"F[0,2](((TotalDailyInsPerKg <= 0.585 | BldPrDia >= 76.798) & GFR <= 80.130) -> BldPrSys >= 73.649)
",-9999999.000,-9999999.000,0.000,0.000,1.000,0,0,0,3,3,0,0,3,0.0,0.0,0.0,0.0,0.0,1.0,-1
"((HbA1c >= 8.611) U[0,2] (BldPrSys <= 124.786))
",-9999999.000,-9999999.000,0.000,0.000,1.000,0,0,0,3,3,0,0,3,0.0,0.0,0.0,0.0,0.0,1.0,-1
"F[2,2]((HbA1c <= 9.866 -> LDL >= 7.414) & TotalDailyInsPerKg <= 82.128)
",-9.866,-9.866,0.000,0.000,1.000,0,0,0,3,3,0,0,3,0.0,0.0,0.0,0.0,0.0,1.0,-1
"F[0,2]((Pt_SHFlg <= 0.000 | HbA1c <= 9.461) & NumPumpBolusOrShortAct <= 9.746)
",-9999999.000,-9999999.000,0.000,0.000,1.000,0,0,0,3,3,0,0,3,0.0,0.0,0.0,0.0,0.0,1.0,-1
"F[1,2](Pt_ChildT1D >= 0.039 -> SMBGperDayPtMeterCombo <= 0.994)
",-9999999.000,-9999999.000,0.000,0.000,1.000,0,0,0,3,3,0,0,3,0.0,0.0,0.0,0.0,0.0,1.0,-1
"((Triglyc <= 160.457) U[2,2] (SMBGperDayPtMeterCombo <= 2.266))
",160.457,160.457,0.000,0.000,1.000,0,0,0,3,3,0,0,3,0.0,0.0,0.0,0.0,0.0,1.0,-1
"((HbA1c >= 8.895) U[1,2] (LDL <= 85.145))
",-9999999.000,-9999999.000,0.000,0.000,1.000,0,0,0,3,3,0,0,3,0.0,0.0,0.0,0.0,0.0,1.0,-1
"((SMBGperDayPtMeterCombo <= 2.313) U[0,1] (Pt_SiblingT1D <= 0.000))
",-9999999.000,-9999999.000,0.000,0.000,1.000,0,0,0,3,3,0,0,3,0.0,0.0,0.0,0.0,0.0,1.0,-1
"F[0,2](((TotalDailyInsPerKg <= 0.474 -> TotalDailyInsPerKg >= 0.324) | DirectLDL >= 0.051) -> AlbCreatRat_mggNew <= 0.699)
",-9999999.000,-9999999.000,0.000,0.000,1.000,0,0,0,3,3,0,0,3,0.0,0.0,0.0,0.0,0.0,1.0,-1
"((BGTestAvgNumMeter >= 0.552) U[0,2] (HbA1c <= 10.262))
",-9999999.000,-9999999.000,0.000,0.000,1.000,0,0,0,3,3,0,0,3,0.0,0.0,0.0,0.0,0.0,1.0,-1
"((LDL >= 19.293) U[2,2] (TSH <= 1.114))
",1.114,1.114,0.000,0.000,1.000,0,0,0,3,3,0,0,3,0.0,0.0,0.0,0.0,0.0,1.0,-1
"F[1,2](((BGTestAvgNumPtRep >= 0.091 & Pt_GrandchildT1D <= 0.000) | BldPrDia <= 0.000) & BGTestAvgNumPtRep >= 0.000)
",-9999999.000,-9999999.000,0.000,0.000,1.000,0,0,0,3,3,0,0,3,0.0,0.0,0.0,0.0,0.0,1.0,-1
"F[0,2](((Pt_SiblingT1D <= 0.000 & UnitsInsBasalOrLongAct <= 25.954) | GFR >= 12.963) -> Pt_FatherT1D <= 17.126)
",-9999999.000,-9999999.000,0.000,0.000,1.000,0,0,0,3,3,0,0,3,0.0,0.0,0.0,0.0,0.0,1.0,-1
"((Triglyc >= 50.518) U[0,2] (Pt_CGMUseNumDays >= 0.000))
",-9999999.000,-9999999.000,0.000,0.000,1.000,0,0,0,3,3,0,0,3,0.0,0.0,0.0,0.0,0.0,1.0,-1
"F[0,2]((bmiZscore <= 0.277 & diabDur <= 9.227) & Pt_A1cGoalLev >= 8.154)
",-9999999.000,-9999999.000,0.000,0.000,1.000,0,0,0,3,3,0,0,3,0.0,0.0,0.0,0.0,0.0,1.0,-1
"F[0,2](TotalDailyInsPerKg <= 0.568 & Pt_SHFlg = 0.000)
",-9999999.000,-9999999.000,0.000,0.000,1.000,0,0,0,3,3,0,0,3,0.0,0.0,0.0,0.0,0.0,1.0,-1
"((bmi <= 26.674) U[0,2] (SMBGperDayPtMeterCombo <= 2.612))
",-9999999.000,-9999999.000,0.000,0.000,1.000,0,0,0,3,3,0,0,3,0.0,0.0,0.0,0.0,0.0,1.0,-1
"F[0,2]((NumPumpBolusOrShortAct >= 2.255 & TotChol >= 54.455) & BldPrDia <= 142.543)
",-9999999.000,-9999999.000,0.000,0.000,1.000,0,0,0,3,3,0,0,3,0.0,0.0,0.0,0.0,0.0,1.0,-1
"F[1,2]((HbA1cImputeDtMnC >= 0.528 | HDL >= 8.950) | HbA1c <= 68.765)
",-9999999.000,-9999999.000,0.000,0.000,1.000,0,0,0,3,3,0,0,3,0.0,0.0,0.0,0.0,0.0,1.0,-1
"F[1,1](HDL >= 21.348 & TotalDailyInsPerKg <= 0.803)
",-21.348,-21.348,0.000,0.000,1.000,0,0,0,3,3,0,0,3,0.0,0.0,0.0,0.0,0.0,1.0,-1
"F[1,2]((BGTestAvgNumMeter <= 2.057 -> TotalDailyInsPerKg <= 0.708) -> LDL <= 0.687)
",-9999999.000,-9999999.000,0.000,0.000,1.000,0,0,0,3,3,0,0,3,0.0,0.0,0.0,0.0,0.0,1.0,-1
"((BldPrDia <= 82.630) U[0,2] (TotChol >= 43.880))
",-9999999.000,-9999999.000,0.000,0.000,1.000,0,0,0,3,3,0,0,3,0.0,0.0,0.0,0.0,0.0,1.0,-1
"F[2,2](HDL >= 22.168 -> NumPumpBolusOrShortAct <= 10.588)
",-10.588,-10.588,0.000,0.000,1.000,0,0,0,3,3,0,0,3,0.0,0.0,0.0,0.0,0.0,1.0,-1
"F[1,2](((Pt_InsGov <= 0.900 | Triglyc >= 11.313) & Pt_FatherT1D >= 31.115) & HbA1cImputeDtMnC <= 122.300)
",-9999999.000,-9999999.000,0.000,0.000,1.000,0,0,0,3,3,0,0,3,0.0,0.0,0.0,0.0,0.0,1.0,-1
"F[1,2]((BldPrSys >= 115.762 & TotalDailyInsPerKg <= 0.632) -> bmi <= 0.639)
",-9999999.000,-9999999.000,0.000,0.000,1.000,0,0,0,3,3,0,0,3,0.0,0.0,0.0,0.0,0.0,1.0,-1
"F[0,1](((AlbCreatRat_mggNew >= 1.490 -> bmiZscore >= -0.057) & Pt_CGMUseNumDays <= 0.080) | LDL <= 0.174)
",-9999999.000,-9999999.000,0.000,0.000,1.000,0,0,0,3,3,0,0,3,0.0,0.0,0.0,0.0,0.0,1.0,-1
"F[0,1](((BldPrSys >= 118.511 | SMBGperDayPtMeterCombo >= 0.663) | Pt_A1cGoalLevelDsYr5 <= 2.601) -> BldPrDia >= 0.161)
",-9999999.000,-9999999.000,0.000,0.000,1.000,0,0,0,3,3,0,0,3,0.0,0.0,0.0,0.0,0.0,1.0,-1
"F[2,2](((Pt_InsGov <= 0.993 -> TotalDailyInsPerKg >= 0.392) & TotalDailyInsPerKg >= 0.246) | Pt_DKAFlg <= 0.609)
",0.609,0.609,0.000,0.000,1.000,0,0,0,3,3,0,0,3,0.0,0.0,0.0,0.0,0.0,1.0,-1
"F[0,1](((BGTestAvgNumPtRep >= 0.132 | Pt_ChildT1D <= 0.877) -> BGTestAvgNumPtRep <= 0.746) -> TotChol <= 0.585)
",-9999999.000,-9999999.000,0.000,0.000,1.000,0,0,0,3,3,0,0,3,0.0,0.0,0.0,0.0,0.0,1.0,-1
"F[0,2](((TSH <= 2.117 | WeightKg <= 87.871) -> BGTestAvgNumPtRep <= 87.029) & Pt_A1cGoalLev <= 86.878)
",-9999999.000,-9999999.000,0.000,0.000,1.000,0,0,0,3,3,0,0,3,0.0,0.0,0.0,0.0,0.0,1.0,-1
"F[2,2]((age >= 26.524 | WeightKg <= 86.750) & Pt_GrandchildT1D >= 84.940)
",-84.940,-84.940,0.000,0.000,1.000,0,0,0,3,3,0,0,3,0.0,0.0,0.0,0.0,0.0,1.0,-1
"F[1,1]((BUN <= 20.986 -> UnitsInsBasalOrLongAct >= 8.287) -> diabDur <= 22.600)
",-22.600,-22.600,0.000,0.000,1.000,0,0,0,3,3,0,0,3,0.0,0.0,0.0,0.0,0.0,1.0,-1
"((diabDur <= 8.453) U[2,2] (Triglyc >= 1.473))
",8.453,8.453,0.000,0.000,1.000,0,0,0,3,3,0,0,3,0.0,0.0,0.0,0.0,0.0,1.0,-1
"((bmiZscore >= -0.175) U[2,2] (HbA1cImputeDtMnC <= 66.189))
",66.189,66.189,0.000,0.000,1.000,0,0,0,3,3,0,0,3,0.0,0.0,0.0,0.0,0.0,1.0,-1
"F[0,1](BldPrDia <= 78.478 & TotalDailyInsPerKg >= 0.212)
",-9999999.000,-9999999.000,0.000,0.000,1.000,0,0,0,3,3,0,0,3,0.0,0.0,0.0,0.0,0.0,1.0,-1
"F[0,2](((GFR >= 54.607 -> WeightKg <= 87.596) & HeightCm >= 85.587) -> DirectLDL <= 89.702)
",-9999999.000,-9999999.000,0.000,0.000,1.000,0,0,0,3,3,0,0,3,0.0,0.0,0.0,0.0,0.0,1.0,-1
"F[0,2](((bmiZscore <= 0.126 & Pt_ChildT1D <= 0.793) & GFR <= 0.581) | age >= 0.157)
",-9999999.000,-9999999.000,0.000,0.000,1.000,0,0,0,3,3,0,0,3,0.0,0.0,0.0,0.0,0.0,1.0,-1
"F[1,2](((BGTestAvgNumMeter <= 2.994 -> NumPumpBolusOrShortAct >= 1.358) -> Pt_SiblingT1D <= 4.333) & BGTestAvgNumPtRep >= 0.481)
",-9999999.000,-9999999.000,0.000,0.000,1.000,0,0,0,3,3,0,0,3,0.0,0.0,0.0,0.0,0.0,1.0,-1
"F[2,2]((HeightCm >= 179.293 | NumPumpBolusOrShortAct >= 1.825) -> Pt_A1cGoalLev >= 1.674)
",1.674,1.674,0.000,0.000,1.000,0,0,0,3,3,0,0,3,0.0,0.0,0.0,0.0,0.0,1.0,-1
"F[0,2](((HDL <= 55.930 -> HeightCm >= 179.454) & Pt_DKAFlg >= 179.351) -> diabDur <= 179.901)
",-9999999.000,-9999999.000,0.000,0.000,1.000,0,0,0,3,3,0,0,3,0.0,0.0,0.0,0.0,0.0,1.0,-1
"F[0,1](((BldPrSys <= 123.958 -> Triglyc >= 22.748) | Pt_SiblingT1D <= 129.600) -> SMBGperDayPtMeterCombo <= 99.786)
",-9999999.000,-9999999.000,0.000,0.000,1.000,0,0,0,3,3,0,0,3,0.0,0.0,0.0,0.0,0.0,1.0,-1
"((BGTestAvgNumMeter <= 2.728) U[0,2] (HeightCm <= 179.901))
",-9999999.000,-9999999.000,0.000,0.000,1.000,0,0,0,3,3,0,0,3,0.0,0.0,0.0,0.0,0.0,1.0,-1
"F[0,2]((bmi >= 26.399 & HbA1c >= 9.253) -> diagAgeCombo <= 9.432)
",-9999999.000,-9999999.000,0.000,0.000,1.000,0,0,0,3,3,0,0,3,0.0,0.0,0.0,0.0,0.0,1.0,-1
"F[2,2]((BGTestAvgNumMeter <= 2.318 -> UnitsInsBasalOrLongAct <= 17.050) -> TotChol <= 26.733)
",-26.733,-26.733,0.000,0.000,1.000,0,0,0,3,3,0,0,3,0.0,0.0,0.0,0.0,0.0,1.0,-1
"F[1,2](((BldPrDia >= 76.405 | Triglyc >= 82.598) & Pt_A1cGoalLevelDsYr5 >= 21.194) | TotChol >= 27.343)
",-9999999.000,-9999999.000,0.000,0.000,1.000,0,0,0,3,3,0,0,3,0.0,0.0,0.0,0.0,0.0,1.0,-1
"F[0,0](((HbA1c >= 8.883 | WeightKg <= 86.340) -> Pt_MotherT1D <= 86.446) -> HDL <= 89.783)
",-1.060,-40.783,0.000,0.000,1.000,0,0,0,3,3,0,0,3,0.0,0.0,0.0,0.0,0.0,1.0,-1
"F[0,0](((AlbCreatRat_mggNew >= 0.562 | BldPrSys <= 127.241) & BldPrDia >= 114.416) -> Pt_A1cGoalLev >= 115.468)
",-2.214,-8.917,0.000,0.000,1.000,0,0,0,3,3,0,0,3,0.0,0.0,0.0,0.0,0.0,1.0,-1
"F[1,2](((BGTestAvgNumPtRep >= 0.073 | bmi >= 26.069) | SMBGperDayPtMeterCombo >= 26.454) | BldPrDia <= 26.717)
",-9999999.000,-9999999.000,0.000,0.000,1.000,0,0,0,3,3,0,0,3,0.0,0.0,0.0,0.0,0.0,1.0,-1
"F[0,2](((BGTestAvgNumMeter <= 2.201 -> GFR >= 23.307) -> HDL >= 27.423) -> Pt_GrandparentT1D <= 112.635)
",-9999999.000,-9999999.000,0.000,0.000,1.000,0,0,0,3,3,0,0,3,0.0,0.0,0.0,0.0,0.0,1.0,-1
"F[0,1](((bmi >= 26.422 & UnitsInsBasalOrLongAct >= 2.344) -> HbA1c <= 27.398) | Pt_GrandchildT1D >= 1.513)
",-9999999.000,-9999999.000,0.000,0.000,1.000,0,0,0,3,3,0,0,3,0.0,0.0,0.0,0.0,0.0,1.0,-1
"F[1,1](((bmi <= 26.970 & GFR >= 35.454) -> Pt_GrandchildT1D <= 86.710) | Pt_GrandparentT1D <= 111.678)
",111.678,111.678,0.000,0.000,1.000,0,0,0,3,3,0,0,3,0.0,0.0,0.0,0.0,0.0,1.0,-1
"F[1,1](((HbA1c >= 8.632 -> LDL >= 28.499) | BGTestAvgNumMeter <= 76.776) | Pt_SiblingT1D >= 49.596)
",76.776,76.776,0.000,0.000,1.000,0,0,0,3,3,0,0,3,0.0,0.0,0.0,0.0,0.0,1.0,-1
"F[0,0]((TotChol <= 170.995 | UnitsInsBasalOrLongAct <= 24.441) -> BldPrDia >= 8.289)
",-6.033,-138.567,0.000,0.000,1.000,0,0,0,3,3,0,0,3,0.0,0.0,0.0,0.0,0.0,1.0,-1
"F[0,2](((HDL >= 43.682 | UnitsInsBasalOrLongAct >= 10.897) -> HbA1c <= 27.637) -> Pt_InsGov >= 8.220)
",-9999999.000,-9999999.000,0.000,0.000,1.000,0,0,0,3,3,0,0,3,0.0,0.0,0.0,0.0,0.0,1.0,-1
"F[2,2](((bmiZscore >= -0.083 -> TSH >= 0.549) & diabDur <= 2.163) & Pt_ChildT1D <= 1.728)
",-0.083,-0.083,0.000,0.000,1.000,0,0,0,3,3,0,0,3,0.0,0.0,0.0,0.0,0.0,1.0,-1
"F[0,1](((BGTestAvgNumMeter >= 0.270 | TSH <= 1.096) -> bmiPerc <= 1.031) | GFR <= 1.489)
",-9999999.000,-9999999.000,0.000,0.000,1.000,0,0,0,3,3,0,0,3,0.0,0.0,0.0,0.0,0.0,1.0,-1
"F[0,0](((GFR <= 78.620 | HDL >= 23.352) & LDL >= 2.892) | bmi >= 9.426)
",-32.789,-2.456,0.000,0.000,1.000,0,0,0,3,3,0,0,3,0.0,0.0,0.0,0.0,0.0,1.0,-1
"F[0,1](((AlbCreatRat_mggNew >= 2.520 -> BGTestAvgNumMeter <= 2.375) -> BGTestAvgNumMeter >= 0.340) | WeightKg >= 0.455)
",-9999999.000,-9999999.000,0.000,0.000,1.000,0,0,0,3,3,0,0,3,0.0,0.0,0.0,0.0,0.0,1.0,-1
"F[1,1](((BldPrSys >= 117.038 & Pt_GrandparentT1D >= 0.133) & Pt_SiblingT1D <= 0.349) -> Pt_DKAFlg <= 0.540)
",-0.540,-0.540,0.000,0.000,1.000,0,0,0,3,3,0,0,3,0.0,0.0,0.0,0.0,0.0,1.0,-1
"F[1,2]((AlbCreatRat_mggNew <= 6.041 -> HDL >= 26.343) -> TotChol >= 49.038)
",-9999999.000,-9999999.000,0.000,0.000,1.000,0,0,0,3,3,0,0,3,0.0,0.0,0.0,0.0,0.0,1.0,-1
"F[0,2](((BGTestAvgNumPtRep <= 0.755 -> HDL <= 63.013) -> bmiZscore >= 16.839) -> Pt_SiblingT1D <= 65.619)
",-9999999.000,-9999999.000,0.000,0.000,1.000,0,0,0,3,3,0,0,3,0.0,0.0,0.0,0.0,0.0,1.0,-1
"F[0,2](((Pt_ChildT1D <= 0.656 | UnitsInsBasalOrLongAct >= 10.220) | BGTestAvgNumMeter >= 3.073) -> Pt_CGMUseNumDays <= 17.152)
",-9999999.000,-9999999.000,0.000,0.000,1.000,0,0,0,3,3,0,0,3,0.0,0.0,0.0,0.0,0.0,1.0,-1
"F[0,2](TotalDailyInsPerKg <= 0.630 | Triglyc >= 28.250)
",-9999999.000,-9999999.000,0.000,0.000,1.000,0,0,0,3,3,0,0,3,0.0,0.0,0.0,0.0,0.0,1.0,-1
"((BldPrSys <= 121.283) U[0,1] (BUN <= 22.606))
",-9999999.000,-9999999.000,0.000,0.000,1.000,0,0,0,3,3,0,0,3,0.0,0.0,0.0,0.0,0.0,1.0,-1
"((Triglyc <= 129.815) U[0,2] (WeightKg <= 87.870))
",-9999999.000,-9999999.000,0.000,0.000,1.000,0,0,0,3,3,0,0,3,0.0,0.0,0.0,0.0,0.0,1.0,-1
"F[1,1]((bmiZscore <= 0.212 -> GFR <= 108.712) | TSH <= 85.193)
",85.193,85.193,0.000,0.000,1.000,0,0,0,3,3,0,0,3,0.0,0.0,0.0,0.0,0.0,1.0,-1
"F[1,2](BldPrSys >= 117.616 -> NumPumpBolusOrShortAct >= 0.606)
",-9999999.000,-9999999.000,0.000,0.000,1.000,0,0,0,3,3,0,0,3,0.0,0.0,0.0,0.0,0.0,1.0,-1
"F[1,2](GFR >= 30.148 & Triglyc >= 79.281)
",-9999999.000,-9999999.000,0.000,0.000,1.000,0,0,0,3,3,0,0,3,0.0,0.0,0.0,0.0,0.0,1.0,-1
"F[1,2](((BldPrDia <= 83.651 | HbA1c <= 9.657) -> BGTestAvgNumPtRep <= 10.261) | Pt_A1cGoalLev <= 9.661)
",-9999999.000,-9999999.000,0.000,0.000,1.000,0,0,0,3,3,0,0,3,0.0,0.0,0.0,0.0,0.0,1.0,-1
"F[0,1]((bmi >= 26.307 | HeightCm >= 179.557) -> Pt_SiblingT1D <= 179.820)
",-9999999.000,-9999999.000,0.000,0.000,1.000,0,0,0,3,3,0,0,3,0.0,0.0,0.0,0.0,0.0,1.0,-1
"F[0,2](((BUN <= 14.971 -> TotalDailyInsPerKg <= 0.680) & UnitsInsBasalOrLongAct >= 0.062) | Pt_ChildT1D <= 0.574)
",-9999999.000,-9999999.000,0.000,0.000,1.000,0,0,0,3,3,0,0,3,0.0,0.0,0.0,0.0,0.0,1.0,-1
"F[0,2](LDL >= 30.105 -> Pt_InsGov >= 0.014)
",-9999999.000,-9999999.000,0.000,0.000,1.000,0,0,0,3,3,0,0,3,0.0,0.0,0.0,0.0,0.0,1.0,-1
"F[0,0]((AlbCreatRat_mggNew <= 3.615 | HeightCm >= 179.133) | Pt_CGMUseNumDays <= 179.871)
",-0.824,-5.052,0.000,0.000,1.000,0,0,0,3,3,0,0,3,0.0,0.0,0.0,0.0,0.0,1.0,-1
"F[0,2](bmiZscore >= -0.075 & Pt_InsGov >= 0.156)
",-9999999.000,-9999999.000,0.000,0.000,1.000,0,0,0,3,3,0,0,3,0.0,0.0,0.0,0.0,0.0,1.0,-1
"F[0,2](AlbCreatRat_mggNew <= 5.809 & NumPumpBolusOrShortAct >= 2.117)
",-9999999.000,-9999999.000,0.000,0.000,1.000,0,0,0,3,3,0,0,3,0.0,0.0,0.0,0.0,0.0,1.0,-1
"F[1,2]((bmiZscore <= 0.278 | BUN <= 17.931) & Pt_SiblingT1D >= 1.942)
",-9999999.000,-9999999.000,0.000,0.000,1.000,0,0,0,3,3,0,0,3,0.0,0.0,0.0,0.0,0.0,1.0,-1
"F[0,0]((HbA1c >= 8.623 -> HbA1cImputeDtMnC >= 7.475) | Pt_GrandparentT1D <= 79.443)
",79.443,79.443,0.000,0.000,1.000,0,0,0,3,3,0,0,3,0.0,0.0,0.0,0.0,0.0,1.0,-1
"F[0,2](((BldPrDia <= 78.885 | GFR >= 56.719) | UnitsInsBasalOrLongAct >= 21.848) | Pt_CGMUseNumDays >= 8.316)
",-9999999.000,-9999999.000,0.000,0.000,1.000,0,0,0,3,3,0,0,3,0.0,0.0,0.0,0.0,0.0,1.0,-1
"F[1,2](((BUN <= 18.157 -> WeightKg >= 83.243) -> AlbCreatRat_mggNew >= 83.562) | WeightKg >= 84.736)
",-9999999.000,-9999999.000,0.000,0.000,1.000,0,0,0,3,3,0,0,3,0.0,0.0,0.0,0.0,0.0,1.0,-1
"F[0,2](BldPrDia <= 78.720 | diabDur >= 8.059)
",-9999999.000,-9999999.000,0.000,0.000,1.000,0,0,0,3,3,0,0,3,0.0,0.0,0.0,0.0,0.0,1.0,-1
"F[1,1](Triglyc <= 142.900 | TSH <= 1.285)
",142.900,142.900,0.000,0.000,1.000,0,0,0,3,3,0,0,3,0.0,0.0,0.0,0.0,0.0,1.0,-1
"F[0,1](((NumPumpBolusOrShortAct <= 8.709 | TSH <= 1.648) -> HDL >= 0.757) & HeightCm >= 0.792)
",-9999999.000,-9999999.000,0.000,0.000,1.000,0,0,0,3,3,0,0,3,0.0,0.0,0.0,0.0,0.0,1.0,-1
"F[1,2](((AlbCreatRat_mggNew <= 3.684 | Pt_InsGov >= 0.082) & Pt_CGMUseNumDays >= 0.072) & Pt_A1cGoalLevelDsYr5 <= 0.414)
",-9999999.000,-9999999.000,0.000,0.000,1.000,0,0,0,3,3,0,0,3,0.0,0.0,0.0,0.0,0.0,1.0,-1
"F[0,2]((Pt_ChildT1D <= 0.623 -> TotChol >= 7.732) | diagAgeCombo <= 167.713)
",-9999999.000,-9999999.000,0.000,0.000,1.000,0,0,0,3,3,0,0,3,0.0,0.0,0.0,0.0,0.0,1.0,-1
"F[1,2]((HeightCm <= 179.968 & TotChol >= 45.971) & Pt_A1cGoalLevelDsYr5 <= 182.217)
",-9999999.000,-9999999.000,0.000,0.000,1.000,0,0,0,3,3,0,0,3,0.0,0.0,0.0,0.0,0.0,1.0,-1
"((BldPrSys >= 113.795) U[0,2] (diabDur <= 10.306))
",-9999999.000,-9999999.000,0.000,0.000,1.000,0,0,0,3,3,0,0,3,0.0,0.0,0.0,0.0,0.0,1.0,-1
"((HDL >= 1.611) U[0,2] (TotChol >= 15.266))
",-9999999.000,-9999999.000,0.000,0.000,1.000,0,0,0,3,3,0,0,3,0.0,0.0,0.0,0.0,0.0,1.0,-1
"F[0,2]((bmiZscore >= -0.118 | HbA1c >= 9.191) & Pt_InsGov <= 9.591)
",-9999999.000,-9999999.000,0.000,0.000,1.000,0,0,0,3,3,0,0,3,0.0,0.0,0.0,0.0,0.0,1.0,-1
"F[0,2]((diabDur <= 10.311 & LDL <= 90.442) | Pt_GrandchildT1D >= 44.479)
",-9999999.000,-9999999.000,0.000,0.000,1.000,0,0,0,3,3,0,0,3,0.0,0.0,0.0,0.0,0.0,1.0,-1
"F[1,2]((HDL >= 19.165 & WeightKg <= 89.743) | Pt_FatherT1D >= 85.614)
",-9999999.000,-9999999.000,0.000,0.000,1.000,0,0,0,3,3,0,0,3,0.0,0.0,0.0,0.0,0.0,1.0,-1
"F[0,2](((age >= 25.110 | BldPrDia <= 81.037) & Pt_SHFlg >= 73.039) | TSH <= 83.375)
",-9999999.000,-9999999.000,0.000,0.000,1.000,0,0,0,3,3,0,0,3,0.0,0.0,0.0,0.0,0.0,1.0,-1
"F[0,2](BGTestAvgNumPtRep >= 0.125 & HbA1cImputeDtMnC >= 12.758)
",-9999999.000,-9999999.000,0.000,0.000,1.000,0,0,0,3,3,0,0,3,0.0,0.0,0.0,0.0,0.0,1.0,-1
"((AlbCreatRat_mggNew >= 0.606) U[0,2] (Triglyc <= 148.680))
",-9999999.000,-9999999.000,0.000,0.000,1.000,0,0,0,3,3,0,0,3,0.0,0.0,0.0,0.0,0.0,1.0,-1
"((TotalDailyInsPerKg <= 0.671) U[1,2] (TotChol <= 123.120))
",-9999999.000,-9999999.000,0.000,0.000,1.000,0,0,0,3,3,0,0,3,0.0,0.0,0.0,0.0,0.0,1.0,-1
"F[0,2](AlbCreatRat_mggNew <= 7.033 & GFR <= 63.808)
",-9999999.000,-9999999.000,0.000,0.000,1.000,0,0,0,3,3,0,0,3,0.0,0.0,0.0,0.0,0.0,1.0,-1
"F[0,2](HbA1cImputeDtMnC <= 74.917 & Pt_GrandparentT1D >= 0.148)
",-9999999.000,-9999999.000,0.000,0.000,1.000,0,0,0,3,3,0,0,3,0.0,0.0,0.0,0.0,0.0,1.0,-1
"F[2,2](age >= 27.583 -> HeightCm >= 179.448)
",27.583,27.583,0.000,0.000,1.000,0,0,0,3,3,0,0,3,0.0,0.0,0.0,0.0,0.0,1.0,-1
"F[1,2](((SMBGperDayPtMeterCombo >= 0.311 -> WeightKg >= 84.798) & bmi <= 90.365) & BldPrSys <= 90.812)
",-9999999.000,-9999999.000,0.000,0.000,1.000,0,0,0,3,3,0,0,3,0.0,0.0,0.0,0.0,0.0,1.0,-1
"F[0,1](age <= 29.825 -> BGTestAvgNumPtRep <= 0.631)
",-9999999.000,-9999999.000,0.000,0.000,1.000,0,0,0,3,3,0,0,3,0.0,0.0,0.0,0.0,0.0,1.0,-1
"F[0,2]((age >= 26.713 -> UnitsInsBasalOrLongAct <= 24.998) | Pt_A1cGoalLev >= 3.225)
",-9999999.000,-9999999.000,0.000,0.000,1.000,0,0,0,3,3,0,0,3,0.0,0.0,0.0,0.0,0.0,1.0,-1
"F[2,2](((HDL <= 59.093 & Triglyc >= 37.485) -> Pt_DKAFlg >= 12.160) | Pt_SiblingT1D >= 22.823)
",12.160,12.160,0.000,0.000,1.000,0,0,0,3,3,0,0,3,0.0,0.0,0.0,0.0,0.0,1.0,-1
"F[0,2](age <= 29.006 & TSH >= 0.147)
",-9999999.000,-9999999.000,0.000,0.000,1.000,0,0,0,3,3,0,0,3,0.0,0.0,0.0,0.0,0.0,1.0,-1
"F[0,2](((AlbCreatRat_mggNew <= 6.825 | diabDur >= 6.378) | WeightKg <= 10.308) -> Pt_A1cGoalLevelDsYr5 >= 7.436)
",-9999999.000,-9999999.000,0.000,0.000,1.000,0,0,0,3,3,0,0,3,0.0,0.0,0.0,0.0,0.0,1.0,-1
"F[1,2](((diabDur <= 9.882 -> UnitsInsBasalOrLongAct <= 15.789) | HbA1cImputeDtMnC <= 19.530) & Pt_A1cGoalLev <= 15.039)
",-9999999.000,-9999999.000,0.000,0.000,1.000,0,0,0,3,3,0,0,3,0.0,0.0,0.0,0.0,0.0,1.0,-1
"((LDL < 71.526) U[0,2] (Pt_SHFlg = 0.000))
",-9999999.000,-9999999.000,0.000,0.000,1.000,0,0,0,3,3,0,0,3,0.0,0.0,0.0,0.0,0.0,1.0,-1
"F[0,2](Pt_A1cGoalLevelDsYr5 < 0.000 -> Pt_SHFlg = 0.000)
",-9999999.000,-9999999.000,0.000,0.000,1.000,0,0,0,3,3,0,0,3,0.0,0.0,0.0,0.0,0.0,1.0,-1
"F[0,1]((diabDur >= 7.443 | TotChol >= 88.307) & BUN <= 111.178)
",-9999999.000,-9999999.000,0.000,0.000,1.000,0,0,0,3,3,0,0,3,0.0,0.0,0.0,0.0,0.0,1.0,-1
"F[0,2](((Pt_GrandparentT1D <= 0.669 & TotalDailyInsPerKg >= 0.102) -> SMBGperDayPtMeterCombo >= 0.213) & Pt_FatherT1D >= 0.129)
",-9999999.000,-9999999.000,0.000,0.000,1.000,0,0,0,3,3,0,0,3,0.0,0.0,0.0,0.0,0.0,1.0,-1
"((BGTestAvgNumPtRep >= 0.008) U[2,2] (BldPrDia >= 73.708))
",-0.008,-0.008,0.000,0.000,1.000,0,0,0,3,3,0,0,3,0.0,0.0,0.0,0.0,0.0,1.0,-1
"F[1,2](diabDur <= 8.679 -> HbA1cImputeDtMnC <= 51.163)
",-9999999.000,-9999999.000,0.000,0.000,1.000,0,0,0,3,3,0,0,3,0.0,0.0,0.0,0.0,0.0,1.0,-1
"F[0,2](((bmi <= 27.129 -> HDL <= 64.497) & Pt_MotherT1D <= 53.141) | Pt_DKAFlg >= 6.263)
",-9999999.000,-9999999.000,0.000,0.000,1.000,0,0,0,3,3,0,0,3,0.0,0.0,0.0,0.0,0.0,1.0,-1
"F[0,2]((bmiZscore >= -0.059 & WeightKg <= 87.093) & Pt_FatherT1D <= 89.327)
",-9999999.000,-9999999.000,0.000,0.000,1.000,0,0,0,3,3,0,0,3,0.0,0.0,0.0,0.0,0.0,1.0,-1
"F[0,2](LDL <= 66.020 | SMBGperDayPtMeterCombo <= 2.899)
",-9999999.000,-9999999.000,0.000,0.000,1.000,0,0,0,3,3,0,0,3,0.0,0.0,0.0,0.0,0.0,1.0,-1
"F[1,2]((bmi <= 27.202 | bmiZscore >= -0.043) | TSH >= -0.173)
",-9999999.000,-9999999.000,0.000,0.000,1.000,0,0,0,3,3,0,0,3,0.0,0.0,0.0,0.0,0.0,1.0,-1
"F[0,2]((HDL <= 60.659 | LDL <= 80.185) & AlbCreatRat_mggNew <= 61.626)
",-9999999.000,-9999999.000,0.000,0.000,1.000,0,0,0,3,3,0,0,3,0.0,0.0,0.0,0.0,0.0,1.0,-1
"F[1,2]((bmi <= 27.420 -> WeightKg >= 85.493) | AutonomicNeuroCl <= 86.359)
",-9999999.000,-9999999.000,0.000,0.000,1.000,0,0,0,3,3,0,0,3,0.0,0.0,0.0,0.0,0.0,1.0,-1
"F[0,2]((GFR <= 96.913 | UnitsInsBasalOrLongAct >= 11.202) & Pt_MotherT1D <= 16.595)
",-9999999.000,-9999999.000,0.000,0.000,1.000,0,0,0,3,3,0,0,3,0.0,0.0,0.0,0.0,0.0,1.0,-1
"F[0,2]((GFR <= 87.309 | HbA1cImputeDtMnC >= 12.808) -> TSH >= 14.963)
",-9999999.000,-9999999.000,0.000,0.000,1.000,0,0,0,3,3,0,0,3,0.0,0.0,0.0,0.0,0.0,1.0,-1
"F[0,2](Pt_A1cGoalLev >= 0.000 & Pt_SHFlg = 0.000)
",-9999999.000,-9999999.000,0.000,0.000,1.000,0,0,0,3,3,0,0,3,0.0,0.0,0.0,0.0,0.0,1.0,-1
"F[0,2](AutonomicNeuroCl < 0.000 -> Pt_SHFlg = 0.000)
",-9999999.000,-9999999.000,0.000,0.000,1.000,0,0,0,3,3,0,0,3,0.0,0.0,0.0,0.0,0.0,1.0,-1
"F[0,2](Pt_GrandchildT1D >= 0.000 -> Pt_SHFlg = 0.000)
",-9999999.000,-9999999.000,0.000,0.000,1.000,0,0,0,3,3,0,0,3,0.0,0.0,0.0,0.0,0.0,1.0,-1
"F[1,2](Pt_DKAFlg >= 0.000 & Pt_SHFlg = 0.000)
",-9999999.000,-9999999.000,0.000,0.000,1.000,0,0,0,3,3,0,0,3,0.0,0.0,0.0,0.0,0.0,1.0,-1
"((diagAgeCombo > 19.000) U[0,2] (Pt_SHFlg = 0.000))
",-9999999.000,-9999999.000,0.000,0.000,1.000,0,0,0,3,3,0,0,3,0.0,0.0,0.0,0.0,0.0,1.0,-1
"F[0,2]((diabDur <= 9.514 & GFR >= 42.147) & GFR <= 83.295)
",-9999999.000,-9999999.000,0.000,0.000,1.000,0,0,0,3,3,0,0,3,0.0,0.0,0.0,0.0,0.0,1.0,-1
"((age <= 30.567) U[0,1] (TotChol >= 43.593))
",-9999999.000,-9999999.000,0.000,0.000,1.000,0,0,0,3,3,0,0,3,0.0,0.0,0.0,0.0,0.0,1.0,-1
"((UnitsInsBasalOrLongAct <= 16.995) U[0,2] (Pt_SHFlg = 0.000))
",-9999999.000,-9999999.000,0.000,0.000,1.000,0,0,0,3,3,0,0,3,0.0,0.0,0.0,0.0,0.0,1.0,-1
"F[0,0](HbA1c >= 9.185 -> Pt_A1cGoalLevelDsYr5 = 0.000)
",0.000,0.000,0.000,0.000,1.000,0,0,0,3,3,0,0,3,0.0,0.0,0.0,0.0,0.0,1.0,-1
"F[2,2](Pt_MotherT1D <= 0.000 -> Pt_SHFlg = 0.000)
",0.000,0.000,0.000,0.000,1.000,0,0,0,3,3,0,0,3,0.0,0.0,0.0,0.0,0.0,1.0,-1
"F[1,2](BUN >= 9.668 -> Pt_SHFlg = 0.000)
",-9999999.000,-9999999.000,0.000,0.000,1.000,0,0,0,3,3,0,0,3,0.0,0.0,0.0,0.0,0.0,1.0,-1
"F[0,1](WeightKg <= 86.617 & Pt_SHFlg = 0.000)
",-9999999.000,-9999999.000,0.000,0.000,1.000,0,0,0,3,3,0,0,3,0.0,0.0,0.0,0.0,0.0,1.0,-1
"((HDL <= 62.457) U[0,1] (Pt_SHFlg = 0.000))
",-9999999.000,-9999999.000,0.000,0.000,1.000,0,0,0,3,3,0,0,3,0.0,0.0,0.0,0.0,0.0,1.0,-1
"F[1,2](UnitsInsBasalOrLongAct >= 4.127 & Pt_SHFlg = 0.000)
",-9999999.000,-9999999.000,0.000,0.000,1.000,0,0,0,3,3,0,0,3,0.0,0.0,0.0,0.0,0.0,1.0,-1
"F[0,0](Pt_GrandchildT1D >= 0.000 & Pt_SHFlg = 0.000)
",-2.820,-53.743,0.000,0.000,1.000,0,0,0,3,3,0,0,3,0.0,0.0,0.0,0.0,0.0,1.0,-1
"F[2,2](LDL > 3.261 -> Pt_SHFlg = 0.000)
",0.000,0.000,0.000,0.000,1.000,0,0,0,3,3,0,0,3,0.0,0.0,0.0,0.0,0.0,1.0,-1
"((HeightCm < 179.846) U[0,2] (Pt_SHFlg = 0.000))
",-9999999.000,-9999999.000,0.000,0.000,1.000,0,0,0,3,3,0,0,3,0.0,0.0,0.0,0.0,0.0,1.0,-1
"((BGTestAvgNumMeter > 0.467) U[0,2] (Pt_SHFlg = 0.000))
",-9999999.000,-9999999.000,0.000,0.000,1.000,0,0,0,3,3,0,0,3,0.0,0.0,0.0,0.0,0.0,1.0,-1
"((Pt_SHFlg <= 0.000) U[0,2] (Pt_SHFlg = 0.000))
",-9999999.000,-9999999.000,0.000,0.000,1.000,0,0,0,3,3,0,0,3,0.0,0.0,0.0,0.0,0.0,1.0,-1
"F[0,0](Pt_SiblingT1D <= 0.000 & Pt_SHFlg = 0.000)
",-2.820,-53.743,0.000,0.000,1.000,0,0,0,3,3,0,0,3,0.0,0.0,0.0,0.0,0.0,1.0,-1
"F[0,2](Pt_CGMUseNumDays > 0.000 & Pt_SHFlg = 0.000)
",-9999999.000,-9999999.000,0.000,0.000,1.000,0,0,0,3,3,0,0,3,0.0,0.0,0.0,0.0,0.0,1.0,-1
"((Pt_ChildT1D <= 0.853) U[0,0] (Pt_SHFlg = 0.000))
",7685949066384221.000,0.853,0.000,0.000,1.000,0,0,0,3,3,0,0,3,0.0,0.0,0.0,0.0,0.0,1.0,-1
"F[1,2](SMBGperDayPtMeterCombo < 2.073 & Pt_SHFlg = 0.000)
",-9999999.000,-9999999.000,0.000,0.000,1.000,0,0,0,3,3,0,0,3,0.0,0.0,0.0,0.0,0.0,1.0,-1
"F[0,2](((LDL >= 48.689 | Triglyc <= 116.956) -> Pt_FatherT1D >= 15.286) | Pt_A1cGoalLevelDsYr5 <= 127.619)
",-9999999.000,-9999999.000,0.000,0.000,1.000,0,0,0,3,3,0,0,3,0.0,0.0,0.0,0.0,0.0,1.0,-1
"((diabDur >= 6.886) U[2,2] (Pt_SHFlg = 0.000))
",0.000,0.000,0.000,0.000,1.000,0,0,0,3,3,0,0,3,0.0,0.0,0.0,0.0,0.0,1.0,-1
"((Pt_SiblingT1D >= 0.000) U[1,1] (Pt_SHFlg = 0.000))
",0.000,0.000,0.000,0.000,1.000,0,0,0,3,3,0,0,3,0.0,0.0,0.0,0.0,0.0,1.0,-1
"((BGTestAvgNumMeter >= 0.602) U[0,1] (BGTestAvgNumPtRep <= 0.230))
",-9999999.000,-9999999.000,0.000,0.000,1.000,0,0,0,3,3,0,0,3,0.0,0.0,0.0,0.0,0.0,1.0,-1
"F[0,1](HbA1c >= 8.621 -> Pt_A1cGoalLevelDsYr5 = 0.000)
",-9999999.000,-9999999.000,0.000,0.000,1.000,0,0,0,3,3,0,0,3,0.0,0.0,0.0,0.0,0.0,1.0,-1
"F[0,2](HbA1c >= 8.660 -> Pt_A1cGoalLevelDsYr5 = 0.000)
",-9999999.000,-9999999.000,0.000,0.000,1.000,0,0,0,3,3,0,0,3,0.0,0.0,0.0,0.0,0.0,1.0,-1
"((BGTestAvgNumMeter >= 0.374) U[0,0] (BGTestAvgNumPtRep <= 0.619))
",1.385,17.926,0.000,0.000,1.000,0,0,0,3,3,0,0,3,0.0,0.0,0.0,0.0,0.0,1.0,-1
"F[2,2](HbA1c >= 8.925 -> Pt_A1cGoalLevelDsYr5 = 0.000)
",0.000,0.000,0.000,0.000,1.000,0,0,0,3,3,0,0,3,0.0,0.0,0.0,0.0,0.0,1.0,-1
"((BGTestAvgNumMeter >= 0.484) U[0,2] (BGTestAvgNumPtRep <= 0.928))
",-9999999.000,-9999999.000,0.000,0.000,1.000,0,0,0,3,3,0,0,3,0.0,0.0,0.0,0.0,0.0,1.0,-1
"F[0,1](HbA1c >= 9.105 -> Pt_A1cGoalLevelDsYr5 = 0.000)
",-9999999.000,-9999999.000,0.000,0.000,1.000,0,0,0,3,3,0,0,3,0.0,0.0,0.0,0.0,0.0,1.0,-1
"((BGTestAvgNumMeter >= 0.241) U[0,1] (BGTestAvgNumPtRep <= 0.938))
",-9999999.000,-9999999.000,0.000,0.000,1.000,0,0,0,3,3,0,0,3,0.0,0.0,0.0,0.0,0.0,1.0,-1
"((BGTestAvgNumMeter >= 0.520) U[2,2] (BGTestAvgNumPtRep <= 0.991))
",0.991,0.991,0.000,0.000,1.000,0,0,0,3,3,0,0,3,0.0,0.0,0.0,0.0,0.0,1.0,-1
"((BGTestAvgNumMeter >= 0.408) U[0,1] (BGTestAvgNumPtRep <= 0.311))
",-9999999.000,-9999999.000,0.000,0.000,1.000,0,0,0,3,3,0,0,3,0.0,0.0,0.0,0.0,0.0,1.0,-1
"F[0,1](HbA1c >= 9.217 -> Pt_A1cGoalLevelDsYr5 = 0.000)
",-9999999.000,-9999999.000,0.000,0.000,1.000,0,0,0,3,3,0,0,3,0.0,0.0,0.0,0.0,0.0,1.0,-1
"((BGTestAvgNumMeter >= 0.004) U[0,1] (BGTestAvgNumPtRep <= 0.661))
",-9999999.000,-9999999.000,0.000,0.000,1.000,0,0,0,3,3,0,0,3,0.0,0.0,0.0,0.0,0.0,1.0,-1
"F[1,2](HbA1c >= 8.927 -> Pt_A1cGoalLevelDsYr5 = 0.000)
",-9999999.000,-9999999.000,0.000,0.000,1.000,0,0,0,3,3,0,0,3,0.0,0.0,0.0,0.0,0.0,1.0,-1
"((BGTestAvgNumMeter >= 0.332) U[0,1] (BGTestAvgNumPtRep <= 0.248))
",-9999999.000,-9999999.000,0.000,0.000,1.000,0,0,0,3,3,0,0,3,0.0,0.0,0.0,0.0,0.0,1.0,-1
"F[0,1](HbA1c >= 8.722 -> Pt_A1cGoalLevelDsYr5 = 0.000)
",-9999999.000,-9999999.000,0.000,0.000,1.000,0,0,0,3,3,0,0,3,0.0,0.0,0.0,0.0,0.0,1.0,-1
"F[1,2](HbA1c >= 9.188 -> Pt_A1cGoalLevelDsYr5 = 0.000)
",-9999999.000,-9999999.000,0.000,0.000,1.000,0,0,0,3,3,0,0,3,0.0,0.0,0.0,0.0,0.0,1.0,-1
"F[0,0](((Pt_CGMUseNumDays <= 0.000 | HbA1cImputeDtMnC >= 7.469) & Pt_MotherT1D >= 1.980) -> LDL >= 14.006)
",4.575,6.469,0.000,0.000,1.000,0,0,0,3,3,0,0,3,0.0,0.0,0.0,0.0,0.0,1.0,-1
"F[1,2](((diagAgeCombo >= 19.000 -> HDL <= 72.468) & age >= 20.250) & TotChol >= 17.229)
",-9999999.000,-9999999.000,0.000,0.000,1.000,0,0,0,3,3,0,0,3,0.0,0.0,0.0,0.0,0.0,1.0,-1
"F[1,2](SMBGperDayPtMeterCombo <= 1.826 -> Pt_A1cGoalLevelDsYr5 <= 0.000)
",-9999999.000,-9999999.000,0.000,0.000,1.000,0,0,0,3,3,0,0,3,0.0,0.0,0.0,0.0,0.0,1.0,-1
"G[0,1](Pt_A1cGoalLev < 0.000 & Pt_SHFlg = 0.000)
",9999999.000,9999999.000,0.000,1.000,0.000,0,0,0,3,3,0,0,3,0.0,0.0,0.0,0.0,0.0,1.0,1
"G[1,2]((bmiZscore <= 0.276 -> HDL <= 58.060) -> BGTestAvgNumMeter <= 68.750)
",9999999.000,9999999.000,0.000,1.000,0.000,0,0,3,0,0,3,3,0,0.0,0.0,1.0,0.0,0.0,1.0,1
"G[1,2]((bmiZscore <= 0.101 -> LDL >= 11.078) -> BGTestAvgNumMeter <= 78.278)
",9999999.000,9999999.000,0.000,1.000,0.000,0,0,3,0,0,3,3,0,0.0,0.0,1.0,0.0,0.0,1.0,1
"G[0,2]((TSH <= 1.514 -> UnitsInsBasalOrLongAct <= 16.871) -> TotChol >= 8.804)
",9999999.000,9999999.000,0.000,1.000,0.000,0,0,1,2,2,1,1,2,0.0,0.0,1.0,0.0,0.0,1.0,1
"G[1,1]((age >= 25.691 -> HbA1cImputeDtMnC <= 65.046) & TotChol <= 76.719)
",-65.046,-65.046,0.000,1.000,0.000,0,0,0,3,3,0,0,3,0.0,0.0,0.0,0.0,0.0,1.0,1
"G[0,2](((GFR >= 34.149 -> TSH <= 1.707) -> Pt_ChildT1D >= 0.004) | DirectLDL <= 1.259)
",9999999.000,9999999.000,0.000,1.000,0.000,0,0,3,0,0,3,3,0,0.0,0.0,1.0,0.0,0.0,1.0,1
"G[1,2](UnitsInsBasalOrLongAct <= 14.187 -> Pt_SHFlg = 0.000)
",9999999.000,9999999.000,0.000,1.000,0.000,0,0,3,0,0,3,3,0,0.0,0.0,1.0,0.0,0.0,1.0,1
"G[1,1](Pt_GrandchildT1D > 0.000 & Pt_SHFlg = 0.000)
",0.000,0.000,0.000,1.000,0.000,0,0,0,3,3,0,0,3,0.0,0.0,0.0,0.0,0.0,1.0,1
"G[1,2](bmiZscore <= 0.012 -> Pt_SHFlg = 0.000)
",9999999.000,9999999.000,0.000,1.000,0.000,0,0,3,0,0,3,3,0,0.0,0.0,1.0,0.0,0.0,1.0,1
"G[2,2](Triglyc >= 82.257 -> Pt_SHFlg = 0.000)
",0.000,0.000,0.000,1.000,0.000,0,0,3,0,0,3,3,0,0.0,0.0,1.0,0.0,0.0,1.0,1
"G[0,2](Pt_ChildT1D >= 0.135 -> Pt_SHFlg = 0.000)
",9999999.000,9999999.000,0.000,1.000,0.000,0,0,3,0,0,3,3,0,0.0,0.0,1.0,0.0,0.0,1.0,1
"G[2,2](BGTestAvgNumMeter <= 2.629 -> Pt_SHFlg = 0.000)
",-2.629,-2.629,0.000,1.000,0.000,0,0,3,0,0,3,3,0,0.0,0.0,1.0,0.0,0.0,1.0,1
"G[2,2]((AlbCreatRat_mggNew <= 5.913 -> WeightKg <= 89.259) | Pt_CGMUseNumDays <= 85.962)
",85.962,85.962,0.000,1.000,0.000,0,0,3,0,0,3,3,0,0.0,0.0,1.0,0.0,0.0,1.0,1
"G[1,2]((HDL <= 70.788 | Pt_FatherT1D >= 0.000) -> SMBGperDayPtMeterCombo <= 0.000)
",9999999.000,9999999.000,0.000,1.000,0.000,0,0,2,1,1,2,2,1,0.0,0.0,1.0,0.0,0.0,1.0,1
"G[1,2](age >= 26.563 | BGTestAvgNumMeter >= 0.012)
",9999999.000,9999999.000,0.000,1.000,0.000,0,0,3,0,0,3,3,0,0.0,0.0,1.0,0.0,0.0,1.0,1
"G[0,1](((AlbCreatRat_mggNew >= 1.618 -> HbA1c <= 9.951) & Pt_CGMUseNumDays <= 10.121) & Pt_A1cGoalLevelDsYr5 >= 8.876)
",9999999.000,9999999.000,0.000,1.000,0.000,0,0,0,3,3,0,0,3,0.0,0.0,0.0,0.0,0.0,1.0,1
"G[1,2]((BGTestAvgNumPtRep <= 0.905 -> Pt_MotherT1D <= 0.000) -> BldPrSys >= 0.000)
",9999999.000,9999999.000,0.000,1.000,0.000,0,0,3,0,0,3,3,0,0.0,0.0,1.0,0.0,0.0,1.0,1
"G[2,2](((TotalDailyInsPerKg <= 0.587 -> SMBGperDayPtMeterCombo <= 1.188) -> Pt_SiblingT1D <= 0.761) | Triglyc >= 0.266)
",-0.266,-0.266,0.000,1.000,0.000,0,0,3,0,0,3,3,0,0.0,0.0,1.0,0.0,0.0,1.0,1
"G[2,2](((Pt_GrandparentT1D <= 0.600 & BGTestAvgNumMeter >= 0.272) & DirectLDL >= 0.499) -> TotalDailyInsPerKg <= 2.472)
",-2.472,-2.472,0.000,1.000,0.000,0,0,3,0,0,3,3,0,0.0,0.0,1.0,0.0,0.0,1.0,1
"G[2,2]((UnitsInsBasalOrLongAct >= 6.628 | SMBGperDayPtMeterCombo >= 0.309) -> TotalDailyInsPerKg <= 1.371)
",-1.371,-1.371,0.000,1.000,0.000,0,0,3,0,0,3,3,0,0.0,0.0,1.0,0.0,0.0,1.0,1
"G[2,2](((BGTestAvgNumPtRep <= 0.398 -> Pt_DKAFlg <= 0.000) -> HbA1c >= 0.000) | DirectLDL >= 0.000)
",0.000,0.000,0.000,1.000,0.000,0,0,3,0,0,3,3,0,0.0,0.0,1.0,0.0,0.0,1.0,1
"G[0,1](((age >= 26.889 & TSH <= 1.747) & BGTestAvgNumMeter >= 0.684) & WeightKg <= 1.200)
",9999999.000,9999999.000,0.000,1.000,0.000,0,0,0,3,3,0,0,3,0.0,0.0,0.0,0.0,0.0,1.0,1
"G[0,2]((LDL >= 14.455 & LDL >= 15.821) -> diabDur >= 55.800)
",9999999.000,9999999.000,0.000,1.000,0.000,0,0,0,3,3,0,0,3,0.0,0.0,0.0,0.0,0.0,1.0,1
"G[1,2](((Pt_A1cGoalLevelDsYr5 <= 0.000 & Pt_SHFlg >= 0.000) | Pt_SHFlg >= 0.000) -> HDL <= 0.000)
",9999999.000,9999999.000,0.000,1.000,0.000,0,0,0,3,3,0,0,3,0.0,0.0,0.0,0.0,0.0,1.0,1
"G[0,2]((age <= 28.465 & BGTestAvgNumPtRep <= 0.453) & Pt_SHFlg >= 0.110)
",9999999.000,9999999.000,0.000,1.000,0.000,0,0,0,3,3,0,0,3,0.0,0.0,0.0,0.0,0.0,1.0,1
"G[0,1]((BldPrDia <= 80.624 | BldPrSys >= 113.670) & SMBGperDayPtMeterCombo >= 115.282)
",9999999.000,9999999.000,0.000,1.000,0.000,0,0,0,3,3,0,0,3,0.0,0.0,0.0,0.0,0.0,1.0,1
"G[0,2]((HbA1cImputeDtMnC >= 30.457 | TSH >= 0.747) & bmi >= 0.574)
",9999999.000,9999999.000,0.000,1.000,0.000,0,0,2,1,1,2,2,1,0.0,0.0,1.0,0.0,0.0,1.0,1
"G[2,2](((BldPrSys <= 119.530 & Pt_InsGov <= 0.677) & LDL <= 0.677) | Pt_A1cGoalLev >= 0.045)
",6093634547412469.000,0.677,0.000,1.000,0.000,0,0,3,0,0,3,3,0,0.0,0.0,1.0,0.0,0.0,1.0,1
"G[1,2](AlbCreatRat_mggNew <= 6.839 -> TotChol <= 168.929)
",9999999.000,9999999.000,0.000,1.000,0.000,0,0,3,0,0,3,3,0,0.0,0.0,1.0,0.0,0.0,1.0,1
"G[0,1](Pt_FatherT1D > 0.000 & Pt_SHFlg = 0.000)
",9999999.000,9999999.000,0.000,1.000,0.000,0,0,0,3,3,0,0,3,0.0,0.0,0.0,0.0,0.0,1.0,1
"G[1,2]((WeightKg >= 83.116 | bmi >= 26.443) -> UnitsInsBasalOrLongAct <= 14.988)
",9999999.000,9999999.000,0.000,1.000,0.000,0,0,1,2,2,1,1,2,0.0,0.0,1.0,0.0,0.0,1.0,1
"G[0,2]((WeightKg >= 85.635 | bmi >= 26.278) -> UnitsInsBasalOrLongAct <= 25.160)
",9999999.000,9999999.000,0.000,1.000,0.000,0,0,2,1,1,2,2,1,0.0,0.0,1.0,0.0,0.0,1.0,1
"G[0,1](SMBGperDayPtMeterCombo >= 0.514 & BGTestAvgNumPtRep >= 0.020)
",9999999.000,9999999.000,0.000,1.000,0.000,0,0,0,3,3,0,0,3,0.0,0.0,0.0,0.0,0.0,1.0,1
"G[1,2]((WeightKg >= 84.692 | bmi >= 25.972) -> UnitsInsBasalOrLongAct <= 27.231)
",9999999.000,9999999.000,0.000,1.000,0.000,0,0,2,1,1,2,2,1,0.0,0.0,1.0,0.0,0.0,1.0,1
"G[2,2](GFR <= 109.497 -> BUN >= 12.429)
",-109.497,-109.497,0.000,1.000,0.000,0,0,3,0,0,3,3,0,0.0,0.0,1.0,0.0,0.0,1.0,1
"G[0,1](SMBGperDayPtMeterCombo >= 0.285 & BGTestAvgNumPtRep >= 0.087)
",9999999.000,9999999.000,0.000,1.000,0.000,0,0,0,3,3,0,0,3,0.0,0.0,0.0,0.0,0.0,1.0,1
"G[2,2](GFR <= 72.710 -> BUN >= 11.165)
",-72.710,-72.710,0.000,1.000,0.000,0,0,3,0,0,3,3,0,0.0,0.0,1.0,0.0,0.0,1.0,1
"G[1,1](SMBGperDayPtMeterCombo >= 0.511 & BGTestAvgNumPtRep >= 0.086)
",-0.511,-0.511,0.000,1.000,0.000,0,0,0,3,3,0,0,3,0.0,0.0,0.0,0.0,0.0,1.0,1
"G[0,2](GFR <= 100.280 -> BUN >= 13.976)
",9999999.000,9999999.000,0.000,1.000,0.000,0,0,1,2,2,1,1,2,0.0,0.0,1.0,0.0,0.0,1.0,1
"G[0,1](SMBGperDayPtMeterCombo >= 0.447 & BGTestAvgNumPtRep >= 0.096)
",9999999.000,9999999.000,0.000,1.000,0.000,0,0,0,3,3,0,0,3,0.0,0.0,0.0,0.0,0.0,1.0,1
"G[1,2]((WeightKg >= 84.994 | bmi >= 26.507) -> UnitsInsBasalOrLongAct <= 17.832)
",9999999.000,9999999.000,0.000,1.000,0.000,0,0,2,1,1,2,2,1,0.0,0.0,1.0,0.0,0.0,1.0,1
"G[0,2](SMBGperDayPtMeterCombo >= 0.472 & BGTestAvgNumPtRep >= 0.059)
",9999999.000,9999999.000,0.000,1.000,0.000,0,0,0,3,3,0,0,3,0.0,0.0,0.0,0.0,0.0,1.0,1
"G[2,2](AlbCreatRat_mggNew >= 3.470 & Pt_SHFlg = 0.000)
",-3.470,-3.470,0.000,1.000,0.000,0,0,3,0,0,3,3,0,0.0,0.0,1.0,0.0,0.0,1.0,1
"G[0,2](TotalDailyInsPerKg >= 0.037 & Pt_SHFlg = 0.000)
",9999999.000,9999999.000,0.000,1.000,0.000,0,0,2,1,1,2,2,1,0.0,0.0,1.0,0.0,0.0,1.0,1
"G[1,2](AutonomicNeuroCl <= 0.000 & Pt_SHFlg = 0.000)
",9999999.000,9999999.000,0.000,1.000,0.000,0,0,3,0,0,3,3,0,0.0,0.0,1.0,0.0,0.0,1.0,1
"G[0,1](((BldPrDia <= 79.818 & HbA1cImputeDtMnC <= 68.149) -> GFR >= 7.851) & Triglyc <= 51.545)
",9999999.000,9999999.000,0.000,1.000,0.000,0,0,0,3,3,0,0,3,0.0,0.0,0.0,0.0,0.0,1.0,1
"G[1,2](((GFR >= 54.327 & HbA1c >= 9.202) & SMBGperDayPtMeterCombo >= 8.755) -> TotalDailyInsPerKg <= 9.764)
",9999999.000,9999999.000,0.000,1.000,0.000,0,0,3,0,0,3,3,0,0.0,0.0,1.0,0.0,0.0,1.0,1
"G[0,2](((GFR >= 49.531 -> TotChol >= 79.353) & Triglyc >= 23.837) | BGTestAvgNumMeter >= 50.766)
",9999999.000,9999999.000,0.000,1.000,0.000,0,0,2,1,1,2,2,1,0.0,0.0,1.0,0.0,0.0,1.0,1
"G[1,2](((HbA1c >= 8.995 & UnitsInsBasalOrLongAct <= 24.238) -> Pt_FatherT1D >= 9.625) | NumPumpBolusOrShortAct >= 8.614)
",9999999.000,9999999.000,0.000,1.000,0.000,0,0,2,1,1,2,2,1,0.0,0.0,1.0,0.0,0.0,1.0,1
"G[1,2](((HbA1cImputeDtMnC <= 68.362 -> TotChol <= 129.379) | UnitsInsBasalOrLongAct >= 52.576) -> BUN >= 34.391)
",9999999.000,9999999.000,0.000,1.000,0.000,0,0,1,2,2,1,1,2,0.0,0.0,1.0,0.0,0.0,1.0,1
"G[0,2](((age >= 26.081 | BldPrSys <= 119.472) & Pt_A1cGoalLev <= 118.984) -> BldPrSys <= 127.281)
",9999999.000,9999999.000,0.000,1.000,0.000,0,0,2,1,1,2,2,1,0.0,0.0,1.0,0.0,0.0,1.0,1
"G[1,2](diabDur <= 10.896 -> HeightCm >= 179.080)
",9999999.000,9999999.000,0.000,1.000,0.000,0,0,3,0,0,3,3,0,0.0,0.0,1.0,0.0,0.0,1.0,1
"G[2,2](((Pt_InsGov <= 0.908 | BldPrSys >= 117.742) -> diagAgeCombo <= 125.463) -> HeightCm >= 117.646)
",117.646,117.646,0.000,1.000,0.000,0,0,3,0,0,3,3,0,0.0,0.0,1.0,0.0,0.0,1.0,1
"G[0,2](((AlbCreatRat_mggNew >= 1.037 & HbA1c <= 9.967) | DirectLDL <= 9.609) | Pt_GrandparentT1D >= 8.857)
",9999999.000,9999999.000,0.000,1.000,0.000,0,0,3,0,0,3,3,0,0.0,0.0,1.0,0.0,0.0,1.0,1
"F[0,2](HbA1cImputeDtMnC <= 60.952 & TotChol >= 39.458)
",-9999999.000,-9999999.000,0.000,0.000,1.000,0,0,0,3,3,0,0,3,0.0,0.0,0.0,0.0,0.0,1.0,-1
"G[1,2](((diabDur <= 10.170 & Pt_DKAFlg <= 0.000) | SMBGperDayPtMeterCombo >= 0.000) | Pt_GrandchildT1D >= 0.000)
",9999999.000,9999999.000,0.000,1.000,0.000,0,0,3,0,0,3,3,0,0.0,0.0,1.0,0.0,0.0,1.0,1
"G[0,2](((Pt_GrandparentT1D >= 0.113 -> Pt_DKAFlg >= 0.000) & HeightCm >= 0.000) & SMBGperDayPtMeterCombo <= 0.000)
",9999999.000,9999999.000,0.000,1.000,0.000,0,0,2,1,1,2,2,1,0.0,0.0,1.0,0.0,0.0,1.0,1
"G[0,1](((TSH >= 0.654 & HbA1c >= 8.960) -> BldPrSys <= 9.624) -> bmiZscore >= 9.010)
",9999999.000,9999999.000,0.000,1.000,0.000,0,0,0,3,3,0,0,3,0.0,0.0,0.0,0.0,0.0,1.0,1
"G[0,2](((UnitsInsBasalOrLongAct <= 18.999 & UnitsInsBasalOrLongAct <= 14.124) -> HeightCm >= 4.435) | Pt_MotherT1D >= 1.362)
",9999999.000,9999999.000,0.000,1.000,0.000,0,0,3,0,0,3,3,0,0.0,0.0,1.0,0.0,0.0,1.0,1
"G[0,2](((BUN <= 14.231 | Triglyc >= 78.288) -> Pt_DKAFlg >= 44.821) -> age >= 24.114)
",9999999.000,9999999.000,0.000,1.000,0.000,0,0,3,0,0,3,3,0,0.0,0.0,1.0,0.0,0.0,1.0,1
"G[1,2](((diabDur <= 10.422 | Pt_SHFlg >= 0.000) | AlbCreatRat_mggNew <= 0.000) -> Pt_DKAFlg <= 0.000)
",9999999.000,9999999.000,0.000,1.000,0.000,0,0,3,0,0,3,3,0,0.0,0.0,1.0,0.0,0.0,1.0,1
"G[0,2]((Pt_SHFlg <= 0.000 & HDL >= 33.305) & Pt_ChildT1D >= 45.018)
",9999999.000,9999999.000,0.000,1.000,0.000,0,0,0,3,3,0,0,3,0.0,0.0,0.0,0.0,0.0,1.0,1
"G[0,2]((HbA1cImputeDtMnC <= 69.526 & SMBGperDayPtMeterCombo >= 0.145) -> Triglyc >= 0.665)
",9999999.000,9999999.000,0.000,1.000,0.000,0,0,2,1,1,2,2,1,0.0,0.0,1.0,0.0,0.0,1.0,1
"G[0,1](SMBGperDayPtMeterCombo >= 0.611 & BGTestAvgNumPtRep >= 0.112)
",9999999.000,9999999.000,0.000,1.000,0.000,0,0,0,3,3,0,0,3,0.0,0.0,0.0,0.0,0.0,1.0,1
"G[0,2]((bmi >= 26.522 | Pt_SiblingT1D >= 0.000) | diabDur <= 0.000)
",9999999.000,9999999.000,0.000,1.000,0.000,0,0,3,0,0,3,3,0,0.0,0.0,1.0,0.0,0.0,1.0,1
"G[0,2](bmiZscore >= -0.136 -> WeightKg <= 89.116)
",9999999.000,9999999.000,0.000,1.000,0.000,0,0,2,1,1,2,2,1,0.0,0.0,1.0,0.0,0.0,1.0,1
"G[0,2]((BUN >= 11.978 & HbA1cImputeDtMnC <= 65.829) -> Pt_DKAFlg >= 9.005)
",9999999.000,9999999.000,0.000,1.000,0.000,0,0,0,3,3,0,0,3,0.0,0.0,0.0,0.0,0.0,1.0,1
"G[0,2](((HbA1c >= 9.183 -> BGTestAvgNumPtRep <= 0.907) -> Pt_GrandparentT1D >= 0.062) & BGTestAvgNumPtRep >= 0.134)
",9999999.000,9999999.000,0.000,1.000,0.000,0,0,0,3,3,0,0,3,0.0,0.0,0.0,0.0,0.0,1.0,1
"G[0,1]((HeightCm <= 179.875 -> Pt_InsGov >= 0.043) -> Pt_ChildT1D >= 0.062)
",9999999.000,9999999.000,0.000,1.000,0.000,0,0,0,3,3,0,0,3,0.0,0.0,0.0,0.0,0.0,1.0,1
"G[1,2](((BldPrDia >= 74.219 -> LDL >= 22.016) | Pt_CGMUseNumDays <= 71.185) -> HbA1c >= 19.407)
",9999999.000,9999999.000,0.000,1.000,0.000,0,0,0,3,3,0,0,3,0.0,0.0,0.0,0.0,0.0,1.0,1
"G[0,2]((diabDur >= 5.007 | bmiPerc <= 0.000) | TotalDailyInsPerKg >= 0.000)
",9999999.000,9999999.000,0.000,1.000,0.000,0,0,3,0,0,3,3,0,0.0,0.0,1.0,0.0,0.0,1.0,1
"G[0,2](((BGTestAvgNumPtRep >= 0.105 | Pt_GrandparentT1D <= 0.626) | BGTestAvgNumMeter <= 0.463) | diabDur >= 0.112)
",9999999.000,9999999.000,0.000,1.000,0.000,0,0,3,0,0,3,3,0,0.0,0.0,1.0,0.0,0.0,1.0,1
"G[1,2]((Pt_SiblingT1D <= 0.000 & bmiZscore >= -0.145) -> HDL <= 0.119)
",9999999.000,9999999.000,0.000,1.000,0.000,0,0,1,2,2,1,1,2,0.0,0.0,1.0,0.0,0.0,1.0,1
"G[1,2](((LDL >= 36.557 & AlbCreatRat_mggNew >= 2.520) & HbA1c >= 0.038) | BUN <= 4.428)
",9999999.000,9999999.000,0.000,1.000,0.000,0,0,2,1,1,2,2,1,0.0,0.0,1.0,0.0,0.0,1.0,1
"G[0,2]((Pt_FatherT1D <= 0.000 & NumPumpBolusOrShortAct <= 6.589) -> BGTestAvgNumMeter >= 0.039)
",9999999.000,9999999.000,0.000,1.000,0.000,0,0,1,2,2,1,1,2,0.0,0.0,1.0,0.0,0.0,1.0,1
"G[0,1]((LDL <= 70.639 | TSH <= 2.175) -> HbA1c <= 1.858)
",9999999.000,9999999.000,0.000,1.000,0.000,0,0,0,3,3,0,0,3,0.0,0.0,0.0,0.0,0.0,1.0,1
"G[0,2](((bmiPerc >= 0.000 | BldPrSys >= 117.439) -> bmi <= 118.901) -> HbA1c >= 113.414)
",9999999.000,9999999.000,0.000,1.000,0.000,0,0,0,3,3,0,0,3,0.0,0.0,0.0,0.0,0.0,1.0,1
"G[1,2]((GFR <= 96.801 -> Pt_SHFlg <= 0.000) & BldPrSys <= 0.000)
",9999999.000,9999999.000,0.000,1.000,0.000,0,0,0,3,3,0,0,3,0.0,0.0,0.0,0.0,0.0,1.0,1
"G[0,2](((bmi <= 26.826 | HDL <= 72.598) | Pt_InsGov <= 63.876) & WeightKg >= 16.533)
",9999999.000,9999999.000,0.000,1.000,0.000,0,0,3,0,0,3,3,0,0.0,0.0,1.0,0.0,0.0,1.0,1
"G[0,1]((diagAgeCombo >= 19.000 & BGTestAvgNumPtRep <= 0.438) -> bmiPerc >= 0.070)
",9999999.000,9999999.000,0.000,1.000,0.000,0,0,0,3,3,0,0,3,0.0,0.0,0.0,0.0,0.0,1.0,1
"G[0,1](((bmiZscore >= -0.102 | TSH <= 1.898) & Pt_GrandparentT1D <= 1.498) -> Pt_A1cGoalLevelDsYr5 >= 0.979)
",9999999.000,9999999.000,0.000,1.000,0.000,0,0,0,3,3,0,0,3,0.0,0.0,0.0,0.0,0.0,1.0,1
"G[0,2](((TotChol <= 178.965 & Pt_GrandchildT1D >= 0.000) & HbA1c >= 0.000) -> HeightCm >= 0.000)
",9999999.000,9999999.000,0.000,1.000,0.000,0,0,3,0,0,3,3,0,0.0,0.0,1.0,0.0,0.0,1.0,1
"G[2,2](((NumPumpBolusOrShortAct <= 9.579 -> Pt_GrandchildT1D >= 0.000) & bmiPerc <= 0.000) -> HbA1c >= 0.000)
",0.000,0.000,0.000,1.000,0.000,0,0,3,0,0,3,3,0,0.0,0.0,1.0,0.0,0.0,1.0,1
"G[0,2]((diabDur <= 9.203 -> Pt_ChildT1D >= 0.115) & HDL >= 0.138)
",9999999.000,9999999.000,0.000,1.000,0.000,0,0,1,2,2,1,1,2,0.0,0.0,1.0,0.0,0.0,1.0,1
"G[1,2]((Pt_SiblingT1D <= 0.000 | BGTestAvgNumMeter >= 0.623) -> HbA1c <= 0.836)
",9999999.000,9999999.000,0.000,1.000,0.000,0,0,0,3,3,0,0,3,0.0,0.0,0.0,0.0,0.0,1.0,1
"G[2,2](bmiPerc >= 0.000 | LDL >= 11.040)
",0.000,0.000,0.000,1.000,0.000,0,0,3,0,0,3,3,0,0.0,0.0,1.0,0.0,0.0,1.0,1
"G[0,2]((Pt_A1cGoalLev <= 0.000 & LDL <= 77.802) & BUN <= 63.537)
",9999999.000,9999999.000,0.000,1.000,0.000,0,0,1,2,2,1,1,2,0.0,0.0,1.0,0.0,0.0,1.0,1
"G[0,2](Pt_GrandparentT1D >= 0.029 -> TSH >= 0.145)
",9999999.000,9999999.000,0.000,1.000,0.000,0,0,2,1,1,2,2,1,0.0,0.0,1.0,0.0,0.0,1.0,1
"G[1,2](((WeightKg >= 85.779 -> Pt_GrandchildT1D >= 0.000) -> BldPrSys <= 0.000) & Triglyc <= 0.000)
",9999999.000,9999999.000,0.000,1.000,0.000,0,0,0,3,3,0,0,3,0.0,0.0,0.0,0.0,0.0,1.0,1
"G[2,2](((AutonomicNeuroCl >= 0.000 & Pt_DKAFlg <= 0.000) & Pt_SHFlg >= 0.000) & bmiPerc >= 0.000)
",0.000,0.000,0.000,1.000,0.000,0,0,3,0,0,3,3,0,0.0,0.0,1.0,0.0,0.0,1.0,1
"G[0,2](BGTestAvgNumMeter <= 1.748 -> BldPrDia <= 81.474)
",9999999.000,9999999.000,0.000,1.000,0.000,0,0,2,1,1,2,2,1,0.0,0.0,1.0,0.0,0.0,1.0,1
"G[1,2](((HbA1cImputeDtMnC >= 16.544 | TotalDailyInsPerKg >= 0.034) | NumPumpBolusOrShortAct >= 0.180) -> AutonomicNeuroCl <= 0.633)
",9999999.000,9999999.000,0.000,1.000,0.000,0,0,3,0,0,3,3,0,0.0,0.0,1.0,0.0,0.0,1.0,1
"G[1,2]((Pt_SHFlg >= 0.000 -> bmiPerc <= 0.000) -> Pt_SHFlg <= 0.000)
",9999999.000,9999999.000,0.000,1.000,0.000,0,0,3,0,0,3,3,0,0.0,0.0,1.0,0.0,0.0,1.0,1
"G[2,2]((BldPrSys <= 120.565 -> age <= 29.533) | Pt_A1cGoalLevelDsYr5 >= 25.530)
",-25.530,-25.530,0.000,1.000,0.000,0,0,3,0,0,3,3,0,0.0,0.0,1.0,0.0,0.0,1.0,1
"G[0,2](((BGTestAvgNumPtRep >= 0.130 & BGTestAvgNumMeter >= 0.064) & DirectLDL <= 1.472) | TotChol >= 0.037)
",9999999.000,9999999.000,0.000,1.000,0.000,0,0,1,2,2,1,1,2,0.0,0.0,1.0,0.0,0.0,1.0,1
"G[0,2](((GFR <= 113.006 | AutonomicNeuroCl <= 0.000) | bmi <= 0.000) | BUN >= 0.000)
",9999999.000,9999999.000,0.000,1.000,0.000,0,0,3,0,0,3,3,0,0.0,0.0,1.0,0.0,0.0,1.0,1
"G[0,1](((Pt_DKAFlg >= 0.000 & Pt_SiblingT1D <= 0.000) -> AlbCreatRat_mggNew <= 0.000) & Pt_SiblingT1D <= 0.000)
",9999999.000,9999999.000,0.000,1.000,0.000,0,0,0,3,3,0,0,3,0.0,0.0,0.0,0.0,0.0,1.0,1
"G[2,2](((diabDur <= 9.019 & BGTestAvgNumMeter >= 0.204) -> BGTestAvgNumMeter >= 0.529) | Pt_GrandparentT1D >= 0.118)
",0.204,0.204,0.000,1.000,0.000,0,0,3,0,0,3,3,0,0.0,0.0,1.0,0.0,0.0,1.0,1
"G[0,2]((AlbCreatRat_mggNew <= 4.743 -> TotChol >= 68.756) -> AutonomicNeuroCl <= 115.205)
",9999999.000,9999999.000,0.000,1.000,0.000,0,0,3,0,0,3,3,0,0.0,0.0,1.0,0.0,0.0,1.0,1
"G[1,2](((HDL <= 71.423 | Pt_DKAFlg >= 0.000) -> BldPrSys >= 0.000) -> Pt_CGMUseNumDays <= 0.000)
",9999999.000,9999999.000,0.000,1.000,0.000,0,0,3,0,0,3,3,0,0.0,0.0,1.0,0.0,0.0,1.0,1
"G[1,2]((TotChol >= 96.812 -> HbA1cImputeDtMnC <= 44.339) -> bmiZscore <= 46.972)
",9999999.000,9999999.000,0.000,1.000,0.000,0,0,3,0,0,3,3,0,0.0,0.0,1.0,0.0,0.0,1.0,1
"G[0,1]((Pt_CGMUseNumDays <= 0.000 & Pt_ChildT1D >= 0.133) | WeightKg <= 0.965)
",9999999.000,9999999.000,0.000,1.000,0.000,0,0,0,3,3,0,0,3,0.0,0.0,0.0,0.0,0.0,1.0,1
"G[1,2](((bmiZscore >= -0.163 -> DirectLDL <= 0.000) & bmiPerc <= 0.000) | HbA1c <= 0.000)
",9999999.000,9999999.000,0.000,1.000,0.000,0,0,3,0,0,3,3,0,0.0,0.0,1.0,0.0,0.0,1.0,1
"G[0,2](((HDL <= 58.604 | AlbCreatRat_mggNew >= 1.678) -> NumPumpBolusOrShortAct <= 5.216) -> diagAgeCombo >= 0.362)
",9999999.000,9999999.000,0.000,1.000,0.000,0,0,3,0,0,3,3,0,0.0,0.0,1.0,0.0,0.0,1.0,1
"G[1,1](((AlbCreatRat_mggNew >= 0.482 | Pt_SiblingT1D >= 0.000) | BldPrSys <= 0.000) & BUN <= 0.000)
",0.000,0.000,0.000,1.000,0.000,0,0,0,3,3,0,0,3,0.0,0.0,0.0,0.0,0.0,1.0,1
"G[0,2](TotalDailyInsPerKg >= 0.085 | HDL <= 67.994)
",9999999.000,9999999.000,0.000,1.000,0.000,0,0,3,0,0,3,3,0,0.0,0.0,1.0,0.0,0.0,1.0,1
"G[0,2](GFR >= 9.615 | AutonomicNeuroCl >= 0.000)
",9999999.000,9999999.000,0.000,1.000,0.000,0,0,3,0,0,3,3,0,0.0,0.0,1.0,0.0,0.0,1.0,1
"G[0,1](SMBGperDayPtMeterCombo >= 0.289 & BGTestAvgNumPtRep >= 0.049)
",9999999.000,9999999.000,0.000,1.000,0.000,0,0,0,3,3,0,0,3,0.0,0.0,0.0,0.0,0.0,1.0,1
"G[0,2]((WeightKg >= 83.152 | bmi >= 26.169) -> UnitsInsBasalOrLongAct <= 24.554)
",9999999.000,9999999.000,0.000,1.000,0.000,0,0,1,2,2,1,1,2,0.0,0.0,1.0,0.0,0.0,1.0,1
"G[1,2](SMBGperDayPtMeterCombo >= 0.076 & BGTestAvgNumPtRep >= 0.092)
",9999999.000,9999999.000,0.000,1.000,0.000,0,0,0,3,3,0,0,3,0.0,0.0,0.0,0.0,0.0,1.0,1
"F[2,2]((bmi >= 26.535 & HDL >= 45.891) -> age >= 34.108)
",34.108,34.108,0.000,0.000,1.000,0,0,0,3,3,0,0,3,0.0,0.0,0.0,0.0,0.0,1.0,-1
"F[1,2](((NumPumpBolusOrShortAct >= 1.942 & WeightKg >= 84.579) -> bmiZscore >= 83.685) & Pt_FatherT1D <= 89.838)
",-9999999.000,-9999999.000,0.000,0.000,1.000,0,0,0,3,3,0,0,3,0.0,0.0,0.0,0.0,0.0,1.0,-1
"F[1,2]((diabDur >= 5.909 | HDL <= 59.660) & Pt_SiblingT1D >= 47.194)
",-9999999.000,-9999999.000,0.000,0.000,1.000,0,0,0,3,3,0,0,3,0.0,0.0,0.0,0.0,0.0,1.0,-1
"F[2,2](((TotalDailyInsPerKg >= 0.122 & TSH >= 0.196) | bmiZscore <= 1.120) -> Pt_DKAFlg <= 1.372)
",-1.372,-1.372,0.000,0.000,1.000,0,0,0,3,3,0,0,3,0.0,0.0,0.0,0.0,0.0,1.0,-1
"((SMBGperDayPtMeterCombo >= 0.079) U[2,2] (age >= 25.881))
",-0.079,-0.079,0.000,0.000,1.000,0,0,0,3,3,0,0,3,0.0,0.0,0.0,0.0,0.0,1.0,-1
"F[1,1](age <= 29.581 | HDL >= 34.127)
",29.581,29.581,0.000,0.000,1.000,0,0,0,3,3,0,0,3,0.0,0.0,0.0,0.0,0.0,1.0,-1
"F[1,2](((bmi <= 26.863 & diabDur <= 9.712) & Pt_GrandchildT1D <= 8.576) -> LDL >= 5.688)
",-9999999.000,-9999999.000,0.000,0.000,1.000,0,0,0,3,3,0,0,3,0.0,0.0,0.0,0.0,0.0,1.0,-1
"F[1,2](BUN >= 2.595 | age <= 29.179)
",-9999999.000,-9999999.000,0.000,0.000,1.000,0,0,0,3,3,0,0,3,0.0,0.0,0.0,0.0,0.0,1.0,-1
"G[1,2](((Pt_SiblingT1D <= 0.000 -> WeightKg <= 89.290) | UnitsInsBasalOrLongAct <= 87.116) | Triglyc <= 86.841)
",9999999.000,9999999.000,0.000,1.000,0.000,0,0,3,0,0,3,3,0,0.0,0.0,1.0,0.0,0.0,1.0,1
"F[1,2]((bmi <= 27.384 | NumPumpBolusOrShortAct >= 1.089) & Pt_CGMUseNumDays <= 12.997)
",-9999999.000,-9999999.000,0.000,0.000,1.000,0,0,0,3,3,0,0,3,0.0,0.0,0.0,0.0,0.0,1.0,-1
"F[1,1]((bmi <= 26.901 & Pt_GrandchildT1D <= 0.000) | BGTestAvgNumPtRep >= 0.000)
",0.000,0.000,0.000,0.000,1.000,0,0,0,3,3,0,0,3,0.0,0.0,0.0,0.0,0.0,1.0,-1
"F[1,2](((bmi <= 27.658 | TotalDailyInsPerKg >= 0.358) | WeightKg >= 0.233) -> UnitsInsBasalOrLongAct <= 0.710)
",-9999999.000,-9999999.000,0.000,0.000,1.000,0,0,0,3,3,0,0,3,0.0,0.0,0.0,0.0,0.0,1.0,-1
"((BGTestAvgNumMeter >= 0.427) U[0,1] (diabDur <= 10.192))
",-9999999.000,-9999999.000,0.000,0.000,1.000,0,0,0,3,3,0,0,3,0.0,0.0,0.0,0.0,0.0,1.0,-1
"G[1,2](GFR <= 75.296 -> BUN >= 10.650)
",9999999.000,9999999.000,0.000,1.000,0.000,0,0,3,0,0,3,3,0,0.0,0.0,1.0,0.0,0.0,1.0,1
"((BldPrSys <= 122.058) U[2,2] (HDL <= 69.488))
",122.058,122.058,0.000,0.000,1.000,0,0,0,3,3,0,0,3,0.0,0.0,0.0,0.0,0.0,1.0,-1
"F[0,1](BUN >= 4.781 -> diabDur <= 10.935)
",-9999999.000,-9999999.000,0.000,0.000,1.000,0,0,0,3,3,0,0,3,0.0,0.0,0.0,0.0,0.0,1.0,-1
"G[0,2](bmi <= 27.553 | Pt_A1cGoalLevelDsYr5 <= 0.000)
",9999999.000,9999999.000,0.000,1.000,0.000,0,0,3,0,0,3,3,0,0.0,0.0,1.0,0.0,0.0,1.0,1
"G[0,1]((AutonomicNeuroCl <= 0.000 -> BGTestAvgNumMeter <= 1.171) -> HeightCm <= 2.564)
",9999999.000,9999999.000,0.000,1.000,0.000,0,0,0,3,3,0,0,3,0.0,0.0,0.0,0.0,0.0,1.0,1
"G[0,2]((TotChol >= 9.277 & bmiZscore <= 0.010) & AlbCreatRat_mggNew >= -0.051)
",9999999.000,9999999.000,0.000,1.000,0.000,0,0,0,3,3,0,0,3,0.0,0.0,0.0,0.0,0.0,1.0,1
"G[1,2](Pt_MotherT1D <= 0.000 | Pt_CGMUseNumDays <= 0.000)
",9999999.000,9999999.000,0.000,1.000,0.000,0,0,3,0,0,3,3,0,0.0,0.0,1.0,0.0,0.0,1.0,1
"G[2,2]((WeightKg >= 84.122 | Pt_MotherT1D >= 0.000) & Pt_MotherT1D >= 0.000)
",0.000,0.000,0.000,1.000,0.000,0,0,3,0,0,3,3,0,0.0,0.0,1.0,0.0,0.0,1.0,1
"G[2,2](AlbCreatRat_mggNew >= 2.525 -> BldPrDia <= 78.579)
",-78.579,-78.579,0.000,1.000,0.000,0,0,3,0,0,3,3,0,0.0,0.0,1.0,0.0,0.0,1.0,1
"G[0,1](((AlbCreatRat_mggNew >= 1.859 | BUN >= 6.594) & bmiZscore >= 0.963) & diagAgeCombo <= 15.034)
",9999999.000,9999999.000,0.000,1.000,0.000,0,0,0,3,3,0,0,3,0.0,0.0,0.0,0.0,0.0,1.0,1
"G[0,2](((HbA1c >= 9.159 | SMBGperDayPtMeterCombo >= 0.329) -> BldPrSys >= 0.630) -> Triglyc >= 0.347)
",9999999.000,9999999.000,0.000,1.000,0.000,0,0,2,1,1,2,2,1,0.0,0.0,1.0,0.0,0.0,1.0,1
"G[1,1](bmi <= 26.746 -> Pt_GrandparentT1D >= 0.142)
",-26.746,-26.746,0.000,1.000,0.000,0,0,0,3,3,0,0,3,0.0,0.0,0.0,0.0,0.0,1.0,1
"F[0,2](((bmiPerc <= 0.000 & NumPumpBolusOrShortAct >= 0.577) | Pt_MotherT1D <= 12.272) -> bmi <= 12.816)
",-9999999.000,-9999999.000,0.000,0.000,1.000,0,0,0,3,3,0,0,3,0.0,0.0,0.0,0.0,0.0,1.0,-1
"F[1,2]((bmiZscore <= 0.192 & TotalDailyInsPerKg <= 0.441) | HbA1cImputeDtMnC <= 0.632)
",-9999999.000,-9999999.000,0.000,0.000,1.000,0,0,0,3,3,0,0,3,0.0,0.0,0.0,0.0,0.0,1.0,-1
"((BGTestAvgNumMeter >= 0.583) U[0,2] (Pt_GrandparentT1D <= 0.873))
",-9999999.000,-9999999.000,0.000,0.000,1.000,0,0,0,3,3,0,0,3,0.0,0.0,0.0,0.0,0.0,1.0,-1
"F[0,1](HbA1cImputeDtMnC <= 42.881 -> bmi <= 27.185)
",-9999999.000,-9999999.000,0.000,0.000,1.000,0,0,0,3,3,0,0,3,0.0,0.0,0.0,0.0,0.0,1.0,-1
"F[0,2](((NumPumpBolusOrShortAct >= 2.427 & HeightCm <= 179.984) -> SMBGperDayPtMeterCombo <= 179.914) -> AlbCreatRat_mggNew <= 179.904)
",-9999999.000,-9999999.000,0.000,0.000,1.000,0,0,0,3,3,0,0,3,0.0,0.0,0.0,0.0,0.0,1.0,-1
"F[1,2](HbA1c >= 8.893 -> Pt_A1cGoalLevelDsYr5 = 0.000)
",-9999999.000,-9999999.000,0.000,0.000,1.000,0,0,0,3,3,0,0,3,0.0,0.0,0.0,0.0,0.0,1.0,-1
"F[2,2](((Pt_InsGov <= 0.920 -> Pt_FatherT1D <= 0.000) & BGTestAvgNumMeter <= 0.000) & Pt_GrandparentT1D >= 0.000)
",-0.920,-0.920,0.000,0.000,1.000,0,0,0,3,3,0,0,3,0.0,0.0,0.0,0.0,0.0,1.0,-1
"F[0,1](((HbA1c >= 8.911 -> TotChol <= 154.472) & diagAgeCombo >= 42.461) | BldPrSys >= 44.273)
",-9999999.000,-9999999.000,0.000,0.000,1.000,0,0,0,3,3,0,0,3,0.0,0.0,0.0,0.0,0.0,1.0,-1
"((BldPrSys >= 113.269) U[0,2] (WeightKg <= 87.448))
",-9999999.000,-9999999.000,0.000,0.000,1.000,0,0,0,3,3,0,0,3,0.0,0.0,0.0,0.0,0.0,1.0,-1
"((bmi <= 27.612) U[0,1] (HbA1cImputeDtMnC <= 70.666))
",-9999999.000,-9999999.000,0.000,0.000,1.000,0,0,0,3,3,0,0,3,0.0,0.0,0.0,0.0,0.0,1.0,-1
"F[1,2](((Pt_CGMUseNumDays >= 0.000 & Pt_CGMUseNumDays <= 0.000) & Pt_ChildT1D >= 0.000) | Pt_SHFlg >= 0.000)
",-9999999.000,-9999999.000,0.000,0.000,1.000,0,0,0,3,3,0,0,3,0.0,0.0,0.0,0.0,0.0,1.0,-1
"F[1,2]((age >= 27.616 | Pt_A1cGoalLev <= 0.000) -> BGTestAvgNumMeter <= 0.000)
",-9999999.000,-9999999.000,0.000,0.000,1.000,0,0,0,3,3,0,0,3,0.0,0.0,0.0,0.0,0.0,1.0,-1
"F[2,2](Pt_SHFlg >= 0.000 & diabDur <= 10.570)
",0.000,0.000,0.000,0.000,1.000,0,0,0,3,3,0,0,3,0.0,0.0,0.0,0.0,0.0,1.0,-1
"F[1,2]((Pt_GrandchildT1D <= 0.000 | HbA1cImputeDtMnC >= 10.531) -> Triglyc >= 6.234)
",-9999999.000,-9999999.000,0.000,0.000,1.000,0,0,0,3,3,0,0,3,0.0,0.0,0.0,0.0,0.0,1.0,-1
"F[0,1](((BldPrDia >= 73.277 -> Pt_FatherT1D <= 0.000) | Pt_InsGov >= 0.000) -> Pt_ChildT1D >= 0.000)
",-9999999.000,-9999999.000,0.000,0.000,1.000,0,0,0,3,3,0,0,3,0.0,0.0,0.0,0.0,0.0,1.0,-1
"F[1,2](Pt_ChildT1D <= 0.754 -> bmiZscore >= -0.158)
",-9999999.000,-9999999.000,0.000,0.000,1.000,0,0,0,3,3,0,0,3,0.0,0.0,0.0,0.0,0.0,1.0,-1
"F[1,1]((BUN >= 3.615 | HbA1cImputeDtMnC >= 37.146) & Pt_GrandparentT1D <= 69.766)
",-3.615,-3.615,0.000,0.000,1.000,0,0,0,3,3,0,0,3,0.0,0.0,0.0,0.0,0.0,1.0,-1
"((AlbCreatRat_mggNew >= 1.622) U[0,2] (DirectLDL <= 0.000))
",-9999999.000,-9999999.000,0.000,0.000,1.000,0,0,0,3,3,0,0,3,0.0,0.0,0.0,0.0,0.0,1.0,-1
"F[1,2]((Pt_FatherT1D >= 0.000 & Pt_CGMUseNumDays <= 0.000) & WeightKg >= 0.000)
",-9999999.000,-9999999.000,0.000,0.000,1.000,0,0,0,3,3,0,0,3,0.0,0.0,0.0,0.0,0.0,1.0,-1
"F[2,2](((Pt_ChildT1D >= 0.147 & HeightCm <= 179.815) -> UnitsInsBasalOrLongAct >= 179.467) -> TotalDailyInsPerKg >= 179.617)
",-0.147,-0.147,0.000,0.000,1.000,0,0,0,3,3,0,0,3,0.0,0.0,0.0,0.0,0.0,1.0,-1
"F[0,1](((BGTestAvgNumMeter >= 0.124 | Pt_A1cGoalLevelDsYr5 >= 0.000) & bmiPerc <= 0.000) | diagAgeCombo >= 0.000)
",-9999999.000,-9999999.000,0.000,0.000,1.000,0,0,0,3,3,0,0,3,0.0,0.0,0.0,0.0,0.0,1.0,-1
"F[0,2](diabDur <= 10.416 & SMBGperDayPtMeterCombo >= 0.182)
",-9999999.000,-9999999.000,0.000,0.000,1.000,0,0,0,3,3,0,0,3,0.0,0.0,0.0,0.0,0.0,1.0,-1
"F[2,2](((Pt_FatherT1D >= 0.000 -> WeightKg <= 90.237) & diagAgeCombo <= 88.429) | GFR >= 85.149)
",-85.149,-85.149,0.000,0.000,1.000,0,0,0,3,3,0,0,3,0.0,0.0,0.0,0.0,0.0,1.0,-1
"F[0,1]((NumPumpBolusOrShortAct <= 12.955 -> diabDur >= 5.551) & Triglyc >= 6.638)
",-9999999.000,-9999999.000,0.000,0.000,1.000,0,0,0,3,3,0,0,3,0.0,0.0,0.0,0.0,0.0,1.0,-1
"F[1,2](bmiPerc <= 0.000 -> Pt_CGMUseNumDays >= 0.000)
",-9999999.000,-9999999.000,0.000,0.000,1.000,0,0,0,3,3,0,0,3,0.0,0.0,0.0,0.0,0.0,1.0,-1
"F[0,1](Pt_A1cGoalLevelDsYr5 <= 0.000 -> Pt_MotherT1D <= 0.000)
",-9999999.000,-9999999.000,0.000,0.000,1.000,0,0,0,3,3,0,0,3,0.0,0.0,0.0,0.0,0.0,1.0,-1
"F[1,1](Pt_GrandchildT1D >= 0.000 -> SMBGperDayPtMeterCombo <= 1.998)
",-1.998,-1.998,0.000,0.000,1.000,0,0,0,3,3,0,0,3,0.0,0.0,0.0,0.0,0.0,1.0,-1
"G[1,2]((age <= 29.435 -> TotalDailyInsPerKg >= 0.331) -> age <= 0.751)
",9999999.000,9999999.000,0.000,1.000,0.000,0,0,1,2,2,1,1,2,0.0,0.0,1.0,0.0,0.0,1.0,1
"G[1,2]((Triglyc <= 98.357 -> UnitsInsBasalOrLongAct >= 2.786) & Pt_MotherT1D <= 22.066)
",9999999.000,9999999.000,0.000,1.000,0.000,0,0,3,0,0,3,3,0,0.0,0.0,1.0,0.0,0.0,1.0,1
"G[0,1](((diabDur <= 10.728 & NumPumpBolusOrShortAct >= 1.670) -> Pt_FatherT1D <= 4.788) -> Pt_FatherT1D >= 0.553)
",9999999.000,9999999.000,0.000,1.000,0.000,0,0,0,3,3,0,0,3,0.0,0.0,0.0,0.0,0.0,1.0,1
"G[2,2](BldPrDia >= 76.779 | bmi <= 26.865)
",7561921619241603.000,26.865,0.000,1.000,0.000,0,0,3,0,0,3,3,0,0.0,0.0,1.0,0.0,0.0,1.0,1
"G[2,2](TotalDailyInsPerKg >= 0.409 & WeightKg <= 87.104)
",-7371595295013045.000,-0.409,0.000,1.000,0.000,0,0,3,0,0,3,3,0,0.0,0.0,1.0,0.0,0.0,1.0,1
"G[1,2]((BldPrDia <= 78.452 -> bmiZscore <= 0.002) | HDL >= -0.093)
",9999999.000,9999999.000,0.000,1.000,0.000,0,0,3,0,0,3,3,0,0.0,0.0,1.0,0.0,0.0,1.0,1
"G[1,2]((HbA1cImputeDtMnC >= 36.726 -> LDL >= 37.481) | AlbCreatRat_mggNew >= 35.509)
",9999999.000,9999999.000,0.000,1.000,0.000,0,0,3,0,0,3,3,0,0.0,0.0,1.0,0.0,0.0,1.0,1
"G[1,2]((HeightCm <= 179.940 | Triglyc <= 157.302) | bmiPerc <= 94.762)
",9999999.000,9999999.000,0.000,1.000,0.000,0,0,3,0,0,3,3,0,0.0,0.0,1.0,0.0,0.0,1.0,1
"G[0,2](((Pt_GrandparentT1D >= 0.114 | Triglyc <= 148.239) -> Pt_ChildT1D >= 21.877) & diabDur <= 108.672)
",9999999.000,9999999.000,0.000,1.000,0.000,0,0,0,3,3,0,0,3,0.0,0.0,0.0,0.0,0.0,1.0,1
"G[1,1](((BUN <= 20.650 & GFR >= 52.697) | diabDur <= 73.861) & DirectLDL >= 51.744)
",-51.744,-51.744,0.000,1.000,0.000,0,0,0,3,3,0,0,3,0.0,0.0,0.0,0.0,0.0,1.0,1
"G[0,2](((HbA1c <= 9.635 -> Triglyc >= 5.345) | HbA1c >= 47.491) & BGTestAvgNumMeter >= 4.010)
",9999999.000,9999999.000,0.000,1.000,0.000,0,0,0,3,3,0,0,3,0.0,0.0,0.0,0.0,0.0,1.0,1
"G[0,2](((UnitsInsBasalOrLongAct <= 27.622 & WeightKg >= 85.678) | Pt_SHFlg <= 88.425) & AlbCreatRat_mggNew >= 84.596)
",9999999.000,9999999.000,0.000,1.000,0.000,0,0,0,3,3,0,0,3,0.0,0.0,0.0,0.0,0.0,1.0,1
"G[0,0]((Pt_InsGov <= 0.518 | WeightKg <= 90.898) -> Pt_SHFlg >= 83.251)
",-71.811,-89.565,0.000,1.000,0.000,0,0,0,3,3,0,0,3,0.0,0.0,0.0,0.0,0.0,1.0,1
"G[0,2]((age <= 29.550 & Triglyc >= 39.338) & Pt_SHFlg >= 17.607)
",9999999.000,9999999.000,0.000,1.000,0.000,0,0,0,3,3,0,0,3,0.0,0.0,0.0,0.0,0.0,1.0,1
"G[0,1]((TotChol <= 151.367 | WeightKg <= 89.654) -> Pt_A1cGoalLev >= 83.512)
",9999999.000,9999999.000,0.000,1.000,0.000,0,0,0,3,3,0,0,3,0.0,0.0,0.0,0.0,0.0,1.0,1
"G[1,2]((bmiZscore >= -0.037 & HeightCm >= 179.795) | AutonomicNeuroCl <= 179.979)
",9999999.000,9999999.000,0.000,1.000,0.000,0,0,3,0,0,3,3,0,0.0,0.0,1.0,0.0,0.0,1.0,1
"G[1,2](((bmi <= 27.388 -> TSH >= 0.676) | Pt_CGMUseNumDays >= 0.027) & DirectLDL <= 1.025)
",9999999.000,9999999.000,0.000,1.000,0.000,0,0,2,1,1,2,2,1,0.0,0.0,1.0,0.0,0.0,1.0,1
"G[1,2](BldPrDia >= 76.516 -> LDL <= 67.714)
",9999999.000,9999999.000,0.000,1.000,0.000,0,0,2,1,1,2,2,1,0.0,0.0,1.0,0.0,0.0,1.0,1
"G[1,2]((diabDur >= 6.010 & Pt_InsGov >= 0.130) | Pt_SiblingT1D >= 0.040)
",9999999.000,9999999.000,0.000,1.000,0.000,0,0,1,2,2,1,1,2,0.0,0.0,1.0,0.0,0.0,1.0,1
"G[1,2]((bmi <= 26.924 | BUN >= 3.174) & Pt_SiblingT1D >= 5.928)
",9999999.000,9999999.000,0.000,1.000,0.000,0,0,0,3,3,0,0,3,0.0,0.0,0.0,0.0,0.0,1.0,1
"G[1,2](((HbA1c <= 9.286 -> TSH <= 1.080) | HDL >= 0.945) & DirectLDL <= 1.415)
",9999999.000,9999999.000,0.000,1.000,0.000,0,0,3,0,0,3,3,0,0.0,0.0,1.0,0.0,0.0,1.0,1
"G[1,2](Pt_FatherT1D >= 0.000 -> Pt_SHFlg = 0.000)
",9999999.000,9999999.000,0.000,1.000,0.000,0,0,3,0,0,3,3,0,0.0,0.0,1.0,0.0,0.0,1.0,1
"G[1,2](Pt_A1cGoalLev > 0.000 -> Pt_SHFlg = 0.000)
",9999999.000,9999999.000,0.000,1.000,0.000,0,0,3,0,0,3,3,0,0.0,0.0,1.0,0.0,0.0,1.0,1
"G[0,2](Pt_InsGov <= 0.756 -> Pt_SHFlg = 0.000)
",9999999.000,9999999.000,0.000,1.000,0.000,0,0,3,0,0,3,3,0,0.0,0.0,1.0,0.0,0.0,1.0,1
"G[0,1](SMBGperDayPtMeterCombo >= 0.264 & BGTestAvgNumPtRep >= 0.043)
",9999999.000,9999999.000,0.000,1.000,0.000,0,0,0,3,3,0,0,3,0.0,0.0,0.0,0.0,0.0,1.0,1
"G[0,2](SMBGperDayPtMeterCombo >= 0.320 & BGTestAvgNumPtRep >= 0.144)
",9999999.000,9999999.000,0.000,1.000,0.000,0,0,0,3,3,0,0,3,0.0,0.0,0.0,0.0,0.0,1.0,1
"G[0,2]((WeightKg >= 84.988 | bmi >= 26.435) -> UnitsInsBasalOrLongAct <= 19.053)
",9999999.000,9999999.000,0.000,1.000,0.000,0,0,1,2,2,1,1,2,0.0,0.0,1.0,0.0,0.0,1.0,1
"G[1,2](((HbA1cImputeDtMnC >= 23.922 | WeightKg >= 83.149) -> WeightKg >= 84.160) & Pt_SiblingT1D <= 88.592)
",9999999.000,9999999.000,0.000,1.000,0.000,0,0,3,0,0,3,3,0,0.0,0.0,1.0,0.0,0.0,1.0,1
"G[1,2](LDL >= 44.340 & TotalDailyInsPerKg <= 0.516)
",9999999.000,9999999.000,0.000,1.000,0.000,0,0,3,0,0,3,3,0,0.0,0.0,1.0,0.0,0.0,1.0,1
"G[1,1](((BldPrSys <= 121.480 | TSH >= 0.994) -> Pt_ChildT1D >= 0.158) | WeightKg <= 1.239)
",1.239,1.239,0.000,1.000,0.000,0,0,0,3,3,0,0,3,0.0,0.0,0.0,0.0,0.0,1.0,1
"G[1,2](((bmiZscore <= 0.019 -> NumPumpBolusOrShortAct <= 4.799) & Pt_MotherT1D <= 6.396) & Pt_CGMUseNumDays >= 0.118)
",9999999.000,9999999.000,0.000,1.000,0.000,0,0,0,3,3,0,0,3,0.0,0.0,0.0,0.0,0.0,1.0,1
"G[1,2](((BUN >= 1.649 -> HbA1c >= 8.602) | LDL >= 9.018) | TSH <= 10.215)
",9999999.000,9999999.000,0.000,1.000,0.000,0,0,3,0,0,3,3,0,0.0,0.0,1.0,0.0,0.0,1.0,1
"G[0,2](((AlbCreatRat_mggNew >= 1.406 -> TotalDailyInsPerKg <= 0.587) | diagAgeCombo >= 0.019) & Pt_GrandchildT1D >= 0.120)
",9999999.000,9999999.000,0.000,1.000,0.000,0,0,0,3,3,0,0,3,0.0,0.0,0.0,0.0,0.0,1.0,1
"G[2,2](((HbA1c <= 9.487 | HDL >= 21.340) -> AutonomicNeuroCl >= 20.922) & Triglyc >= 34.131)
",-34.131,-34.131,0.000,1.000,0.000,0,0,3,0,0,3,3,0,0.0,0.0,1.0,0.0,0.0,1.0,1
"G[1,2]((HeightCm >= 179.610 | TSH >= 0.378) -> Pt_GrandparentT1D >= 0.206)
",9999999.000,9999999.000,0.000,1.000,0.000,0,0,0,3,3,0,0,3,0.0,0.0,0.0,0.0,0.0,1.0,1
"G[1,2](((GFR <= 91.425 & Pt_GrandparentT1D <= 0.634) | BGTestAvgNumMeter >= 0.107) -> DirectLDL >= 0.069)
",9999999.000,9999999.000,0.000,1.000,0.000,0,0,1,2,2,1,1,2,0.0,0.0,1.0,0.0,0.0,1.0,1
"G[0,2]((HeightCm >= 179.589 & UnitsInsBasalOrLongAct <= 14.363) & Pt_A1cGoalLev <= 22.667)
",9999999.000,9999999.000,0.000,1.000,0.000,0,0,0,3,3,0,0,3,0.0,0.0,0.0,0.0,0.0,1.0,1
"G[1,2]((BldPrDia >= 76.255 -> BUN <= 17.528) -> Triglyc <= 17.657)
",9999999.000,9999999.000,0.000,1.000,0.000,0,0,0,3,3,0,0,3,0.0,0.0,0.0,0.0,0.0,1.0,1
"G[0,2](BldPrSys >= 117.203 -> GFR >= 41.944)
",9999999.000,9999999.000,0.000,1.000,0.000,0,0,2,1,1,2,2,1,0.0,0.0,1.0,0.0,0.0,1.0,1
"G[0,1]((age >= 26.980 & HbA1c >= 8.726) -> Pt_A1cGoalLevelDsYr5 >= 8.999)
",9999999.000,9999999.000,0.000,1.000,0.000,0,0,0,3,3,0,0,3,0.0,0.0,0.0,0.0,0.0,1.0,1
"G[1,2]((HbA1c <= 9.310 | NumPumpBolusOrShortAct >= 2.236) -> BGTestAvgNumMeter >= 1.543)
",9999999.000,9999999.000,0.000,1.000,0.000,0,0,1,2,2,1,1,2,0.0,0.0,1.0,0.0,0.0,1.0,1
"G[1,2](((bmi >= 26.101 -> Triglyc <= 129.563) -> Pt_CGMUseNumDays >= 30.854) | BldPrSys >= 19.738)
",9999999.000,9999999.000,0.000,1.000,0.000,0,0,3,0,0,3,3,0,0.0,0.0,1.0,0.0,0.0,1.0,1
"G[1,1](BGTestAvgNumPtRep >= 0.091 & TotChol <= 123.216)
",-0.091,-0.091,0.000,1.000,0.000,0,0,0,3,3,0,0,3,0.0,0.0,0.0,0.0,0.0,1.0,1
"G[0,1]((bmiZscore <= 0.244 | TotChol <= 164.289) -> Pt_A1cGoalLevelDsYr5 >= 77.846)
",9999999.000,9999999.000,0.000,1.000,0.000,0,0,0,3,3,0,0,3,0.0,0.0,0.0,0.0,0.0,1.0,1
"G[1,2]((HeightCm >= 179.487 | WeightKg >= 84.461) -> NumPumpBolusOrShortAct <= 89.453)
",9999999.000,9999999.000,0.000,1.000,0.000,0,0,3,0,0,3,3,0,0.0,0.0,1.0,0.0,0.0,1.0,1
"G[1,2]((BldPrSys <= 128.969 & UnitsInsBasalOrLongAct <= 15.722) | bmi <= 13.766)
",9999999.000,9999999.000,0.000,1.000,0.000,0,0,1,2,2,1,1,2,0.0,0.0,1.0,0.0,0.0,1.0,1
"G[0,2]((Pt_InsGov <= 0.540 & TSH >= 0.767) -> Pt_SiblingT1D <= 1.184)
",9999999.000,9999999.000,0.000,1.000,0.000,0,0,3,0,0,3,3,0,0.0,0.0,1.0,0.0,0.0,1.0,1
"G[2,2](HbA1cImputeDtMnC >= 2.158 | NumPumpBolusOrShortAct >= 0.738)
",-0.738,-0.738,0.000,1.000,0.000,0,0,3,0,0,3,3,0,0.0,0.0,1.0,0.0,0.0,1.0,1
"G[0,2]((BldPrSys <= 121.596 & HbA1c >= 9.109) -> Pt_FatherT1D <= 9.901)
",9999999.000,9999999.000,0.000,1.000,0.000,0,0,3,0,0,3,3,0,0.0,0.0,1.0,0.0,0.0,1.0,1
"G[0,2]((BldPrSys >= 116.060 | bmi >= 26.154) & diagAgeCombo <= 27.579)
",9999999.000,9999999.000,0.000,1.000,0.000,0,0,2,1,1,2,2,1,0.0,0.0,1.0,0.0,0.0,1.0,1
"G[2,2](((BUN >= 10.588 | HeightCm >= 179.030) & Pt_MotherT1D >= 179.533) & LDL <= 179.913)
",-179.533,-179.533,0.000,1.000,0.000,0,0,3,0,0,3,3,0,0.0,0.0,1.0,0.0,0.0,1.0,1
"G[0,2]((BUN <= 19.823 -> Pt_InsGov <= 0.754) & Triglyc <= 0.500)
",9999999.000,9999999.000,0.000,1.000,0.000,0,0,0,3,3,0,0,3,0.0,0.0,0.0,0.0,0.0,1.0,1
"G[0,2]((AlbCreatRat_mggNew <= 4.969 & bmi <= 27.502) | LDL <= 27.883)
",9999999.000,9999999.000,0.000,1.000,0.000,0,0,2,1,1,2,2,1,0.0,0.0,1.0,0.0,0.0,1.0,1
"G[2,2]((BldPrDia >= 76.527 | HeightCm <= 179.820) -> HeightCm >= 179.020)
",-179.820,-179.820,0.000,1.000,0.000,0,0,3,0,0,3,3,0,0.0,0.0,1.0,0.0,0.0,1.0,1
"F[0,2](((LDL >= 36.250 | Pt_DKAFlg >= 0.000) & DirectLDL >= 0.000) & BldPrDia <= 0.000)
",-9999999.000,-9999999.000,0.000,0.000,1.000,0,0,0,3,3,0,0,3,0.0,0.0,0.0,0.0,0.0,1.0,-1
