Rule,Discrimination Score,Pos Robustness,Neg Robustness,Percent Class +,Percent Class -,TP,TN,FP,FN,Actual Yes,Actual No,Predicted Yes,Predicted No,TPR/Sens,TNR/Spec,FPR,Precision,Accuracy,MCR,Class
"G[0,0](((HbA1c >= 0.000 -> HbA1cImputeDtMnC >= 0.000) | Pt_SiblingT1D <= 0.000) -> AutonomicNeuroCl <= 0.000)
",0.000,0.000,0.000,1.000,0.000,1,0,0,0,1,0,1,0,1.0,0.0,0.0,1.0,2.0,-1.0,1
"G[0,0]((Pt_DKAFlg >= 0.000 & HbA1c >= 0.000) | HbA1c <= 0.000)
",0.000,0.000,0.000,1.000,0.000,1,0,0,0,1,0,1,0,1.0,0.0,0.0,1.0,2.0,-1.0,1
"F[0,0]((age <= 0.000 -> HDL >= 86.000) & diabDur >= 86.000)
",0.000,0.000,0.000,0.000,1.000,1,0,0,0,1,0,1,0,1.0,0.0,0.0,1.0,2.0,-1.0,-1
"F[0,0](bmiZscore >= 0.748 & BldPrDia >= 118.000)
",0.000,0.000,0.000,0.000,1.000,1,0,0,0,1,0,1,0,1.0,0.0,0.0,1.0,2.0,-1.0,-1
"F[0,0]((Pt_DKAFlg >= 0.000 -> AlbCreatRat_mggNew >= 13.000) & Pt_InsGov <= 13.000)
",0.000,0.000,0.000,0.000,1.000,1,0,0,0,1,0,1,0,1.0,0.0,0.0,1.0,2.0,-1.0,-1
"F[0,0]((BldPrSys <= 0.000 & Pt_GrandchildT1D >= 0.000) & TSH >= 0.000)
",0.000,0.000,0.000,0.000,1.000,1,0,0,0,1,0,1,0,1.0,0.0,0.0,1.0,2.0,-1.0,-1
"F[0,0]((BUN <= 69.000 -> BldPrDia >= 118.000) & diabDur >= 118.000)
",0.000,0.000,0.000,0.000,1.000,1,0,0,0,1,0,1,0,1.0,0.0,0.0,1.0,2.0,-1.0,-1
"F[0,0](LDL >= 0.940 & Pt_FatherT1D <= 0.000)
",0.000,0.000,0.000,0.000,1.000,1,0,0,0,1,0,1,0,1.0,0.0,0.0,1.0,2.0,-1.0,-1
"F[0,0](TSH >= 0.000 & Pt_InsGov <= 0.000)
",0.000,0.000,0.000,0.000,1.000,1,0,0,0,1,0,1,0,1.0,0.0,0.0,1.0,2.0,-1.0,-1
"F[0,0]((age <= 0.000 & Pt_CGMUseNumDays <= 5153.000) | Pt_SHFlg >= 5153.000)
",0.000,0.000,0.000,0.000,1.000,1,0,0,0,1,0,1,0,1.0,0.0,0.0,1.0,2.0,-1.0,-1
"F[0,0]((Pt_InsGov >= 0.000 | Pt_CGMUseNumDays <= 5153.000) -> Pt_InsGov >= 5153.000)
",0.000,0.000,0.000,0.000,1.000,1,0,0,0,1,0,1,0,1.0,0.0,0.0,1.0,2.0,-1.0,-1
"F[0,0](SMBGperDayPtMeterCombo <= 72.000 -> BldPrDia >= 118.000)
",0.000,0.000,0.000,0.000,1.000,1,0,0,0,1,0,1,0,1.0,0.0,0.0,1.0,2.0,-1.0,-1
"G[0,0]((BUN <= 69.000 | Pt_DKAFlg <= 0.000) -> Pt_FatherT1D >= 0.000)
",0.000,0.000,0.000,1.000,0.000,1,0,0,0,1,0,1,0,1.0,0.0,0.0,1.0,2.0,-1.0,1
"G[0,0](GFR < 0.670 -> Pt_SHFlg = 0.000)
",0.000,0.000,0.000,1.000,0.000,1,0,0,0,1,0,1,0,1.0,0.0,0.0,1.0,2.0,-1.0,1
"G[0,0](((bmi <= 0.000 | bmi <= 0.000) | Pt_CGMUseNumDays >= 0.000) -> BldPrDia >= 0.000)
",0.000,0.000,0.000,1.000,0.000,1,0,0,0,1,0,1,0,1.0,0.0,0.0,1.0,2.0,-1.0,1
"((UnitsInsBasalOrLongAct <= 0.000) U[0,0] (WeightKg <= 1.000))
",0.000,0.000,0.000,0.000,1.000,1,0,0,0,1,0,1,0,1.0,0.0,0.0,1.0,2.0,-1.0,-1
"G[0,0](GFR >= 0.670 | age >= 0.000)
",0.000,0.000,0.000,1.000,0.000,1,0,0,0,1,0,1,0,1.0,0.0,0.0,1.0,2.0,-1.0,1
"G[0,0]((GFR <= 0.670 -> BldPrDia <= 118.000) & Pt_InsGov <= 118.000)
",0.000,0.000,0.000,1.000,0.000,1,0,0,0,1,0,1,0,1.0,0.0,0.0,1.0,2.0,-1.0,1
"G[0,0](Pt_A1cGoalLev >= 15.000 -> Pt_GrandchildT1D >= 0.000)
",0.000,0.000,0.000,1.000,0.000,1,0,0,0,1,0,1,0,1.0,0.0,0.0,1.0,2.0,-1.0,1
"G[0,0]((Pt_InsGov <= 0.000 & Pt_CGMUseNumDays >= 5153.000) -> TotChol <= 5153.000)
",0.000,0.000,0.000,1.000,0.000,1,0,0,0,1,0,1,0,1.0,0.0,0.0,1.0,2.0,-1.0,1
"G[0,0]((Pt_ChildT1D <= 0.000 | NumPumpBolusOrShortAct <= 1.000) -> TotChol >= 1.000)
",0.000,0.000,0.000,1.000,0.000,1,0,0,0,1,0,1,0,1.0,0.0,0.0,1.0,2.0,-1.0,1
"G[0,0]((WeightKg >= 1.000 | bmi >= 0.000) -> UnitsInsBasalOrLongAct <= 0.000)
",0.000,0.000,0.000,1.000,0.000,1,0,0,0,1,0,1,0,1.0,0.0,0.0,1.0,2.0,-1.0,1
"G[0,0](BUN <= 69.000 | Pt_GrandparentT1D <= 0.000)
",0.000,0.000,0.000,1.000,0.000,1,0,0,0,1,0,1,0,1.0,0.0,0.0,1.0,2.0,-1.0,1
"G[0,0](((GFR <= 0.670 | bmiPerc <= 24.095) -> Pt_DKAFlg <= 24.095) | GFR <= 24.095)
",0.000,0.000,0.000,1.000,0.000,1,0,0,0,1,0,1,0,1.0,0.0,0.0,1.0,2.0,-1.0,1
"G[0,0]((bmiZscore <= 0.748 & Pt_InsGov >= 0.000) | Pt_GrandparentT1D <= 0.000)
",0.000,0.000,0.000,1.000,0.000,1,0,0,0,1,0,1,0,1.0,0.0,0.0,1.0,2.0,-1.0,1
"G[0,0](Pt_GrandchildT1D <= 0.000 -> Pt_SHFlg = 0.000)
",0.000,0.000,0.000,1.000,0.000,1,0,0,0,1,0,1,0,1.0,0.0,0.0,1.0,2.0,-1.0,1
"G[0,0]((WeightKg >= 1.000 -> Pt_ChildT1D <= 0.000) & bmiZscore >= 0.000)
",0.000,0.000,0.000,1.000,0.000,1,0,0,0,1,0,1,0,1.0,0.0,0.0,1.0,2.0,-1.0,1
"G[0,0]((HDL >= 86.000 & Pt_SHFlg >= 0.000) | Pt_DKAFlg <= 0.000)
",0.000,0.000,0.000,1.000,0.000,1,0,0,0,1,0,1,0,1.0,0.0,0.0,1.0,2.0,-1.0,1
"G[0,0](Pt_FatherT1D >= 0.000 | HDL >= 86.000)
",0.000,0.000,0.000,1.000,0.000,1,0,0,0,1,0,1,0,1.0,0.0,0.0,1.0,2.0,-1.0,1
"G[0,0](((TSH >= 0.000 -> UnitsInsBasalOrLongAct >= 0.000) | TotalDailyInsPerKg <= 0.000) | HbA1c <= 0.000)
",0.000,0.000,0.000,1.000,0.000,1,0,0,0,1,0,1,0,1.0,0.0,0.0,1.0,2.0,-1.0,1
"F[0,1](((Pt_GrandparentT1D <= 0.000 | Pt_GrandparentT1D <= 0.000) -> TotalDailyInsPerKg >= 0.000) | Pt_A1cGoalLevelDsYr5 >= 0.000)
",0.000,0.000,0.000,0.000,1.000,0,0,0,1,1,0,0,1,0.0,0.0,0.0,0.0,0.0,1.0,-1
"((Pt_MotherT1D >= 1.000) U[0,1] (Pt_InsGov >= 0.000))
",0.000,0.000,0.000,0.000,1.000,0,0,0,1,1,0,0,1,0.0,0.0,0.0,0.0,0.0,1.0,-1
"F[1,1](((Pt_InsGov >= 0.000 | Pt_GrandchildT1D <= 0.000) | HDL >= 0.000) -> BGTestAvgNumMeter >= 0.000)
",0.000,0.000,0.000,0.000,1.000,0,0,0,1,1,0,0,1,0.0,0.0,0.0,0.0,0.0,1.0,-1
"F[0,2](((TotChol <= 44.000 & Pt_SHFlg <= 0.000) & BldPrSys <= 0.000) | Pt_MotherT1D >= 0.000)
",0.000,0.000,0.000,0.000,1.000,0,0,0,1,1,0,0,1,0.0,0.0,0.0,0.0,0.0,1.0,-1
"F[0,2](Pt_DKAFlg >= 0.000 & TSH <= 0.000)
",0.000,0.000,0.000,0.000,1.000,0,0,0,1,1,0,0,1,0.0,0.0,0.0,0.0,0.0,1.0,-1
"((BGTestAvgNumPtRep >= 1.000) U[1,1] (UnitsInsBasalOrLongAct >= 0.000))
",0.000,0.000,0.000,0.000,1.000,0,0,0,1,1,0,0,1,0.0,0.0,0.0,0.0,0.0,1.0,-1
"F[1,1]((Pt_FatherT1D >= 0.000 | HeightCm <= 76.600) & age <= 76.600)
",0.000,0.000,0.000,0.000,1.000,0,0,0,1,1,0,0,1,0.0,0.0,0.0,0.0,0.0,1.0,-1
"F[0,2](((AutonomicNeuroCl >= 10.400 | bmi >= 0.000) | DirectLDL >= 0.000) | bmiZscore <= 0.000)
",0.000,0.000,0.000,0.000,1.000,0,0,0,1,1,0,0,1,0.0,0.0,0.0,0.0,0.0,1.0,-1
"F[1,1](((BldPrSys >= 0.000 -> AlbCreatRat_mggNew >= 13.000) | age >= 13.000) | HbA1c <= 13.000)
",0.000,0.000,0.000,0.000,1.000,0,0,0,1,1,0,0,1,0.0,0.0,0.0,0.0,0.0,1.0,-1
"F[1,2]((Pt_InsGov >= 0.000 | AlbCreatRat_mggNew <= 13.000) & bmiPerc >= 13.000)
",0.000,0.000,0.000,0.000,1.000,0,0,0,1,1,0,0,1,0.0,0.0,0.0,0.0,0.0,1.0,-1
"F[1,1]((DirectLDL <= 178.300 -> BldPrSys >= 0.000) -> UnitsInsBasalOrLongAct <= 0.000)
",0.000,0.000,0.000,0.000,1.000,0,0,0,1,1,0,0,1,0.0,0.0,0.0,0.0,0.0,1.0,-1
"F[0,2](Pt_SHFlg >= 0.000 | BldPrSys <= 0.000)
",0.000,0.000,0.000,0.000,1.000,0,0,0,1,1,0,0,1,0.0,0.0,0.0,0.0,0.0,1.0,-1
"F[1,2](((BldPrSys >= 0.000 -> TotalDailyInsPerKg <= 2.000) | Pt_SiblingT1D <= 2.000) & Pt_SiblingT1D >= 2.000)
",0.000,0.000,0.000,0.000,1.000,0,0,0,1,1,0,0,1,0.0,0.0,0.0,0.0,0.0,1.0,-1
"F[0,2](((Pt_ChildT1D >= 0.000 | Pt_GrandparentT1D <= 0.000) -> HeightCm >= 0.000) -> Triglyc <= 0.000)
",0.000,0.000,0.000,0.000,1.000,0,0,0,1,1,0,0,1,0.0,0.0,0.0,0.0,0.0,1.0,-1
"F[0,1]((HDL >= 86.000 & HbA1cImputeDtMnC <= 0.000) & AutonomicNeuroCl <= 0.000)
",0.000,0.000,0.000,0.000,1.000,0,0,0,1,1,0,0,1,0.0,0.0,0.0,0.0,0.0,1.0,-1
"F[0,1](TSH >= 0.000 & Pt_DKAFlg >= 0.000)
",0.000,0.000,0.000,0.000,1.000,0,0,0,1,1,0,0,1,0.0,0.0,0.0,0.0,0.0,1.0,-1
"F[1,2](BGTestAvgNumMeter <= 0.000 | Pt_A1cGoalLevelDsYr5 >= 0.000)
",0.000,0.000,0.000,0.000,1.000,0,0,0,1,1,0,0,1,0.0,0.0,0.0,0.0,0.0,1.0,-1
"F[0,1](Pt_FatherT1D <= 0.000 -> BGTestAvgNumPtRep <= 1.000)
",0.000,0.000,0.000,0.000,1.000,0,0,0,1,1,0,0,1,0.0,0.0,0.0,0.0,0.0,1.0,-1
"F[2,2]((BGTestAvgNumPtRep >= 1.000 | TSH <= 0.000) | Pt_DKAFlg <= 0.000)
",0.000,0.000,0.000,0.000,1.000,0,0,0,1,1,0,0,1,0.0,0.0,0.0,0.0,0.0,1.0,-1
"F[2,2](Pt_SHFlg >= 0.000 | AlbCreatRat_mggNew >= 13.000)
",0.000,0.000,0.000,0.000,1.000,0,0,0,1,1,0,0,1,0.0,0.0,0.0,0.0,0.0,1.0,-1
"F[1,2](((Pt_SiblingT1D >= 0.000 -> Pt_SHFlg >= 0.000) | TotChol >= 0.000) & Pt_GrandparentT1D >= 0.000)
",0.000,0.000,0.000,0.000,1.000,0,0,0,1,1,0,0,1,0.0,0.0,0.0,0.0,0.0,1.0,-1
"F[0,2](((Pt_GrandchildT1D <= 0.000 | Pt_GrandparentT1D <= 0.000) | SMBGperDayPtMeterCombo <= 0.000) -> Pt_ChildT1D <= 0.000)
",0.000,0.000,0.000,0.000,1.000,0,0,0,1,1,0,0,1,0.0,0.0,0.0,0.0,0.0,1.0,-1
"F[0,2](NumPumpBolusOrShortAct <= 1.000 & Pt_MotherT1D <= 1.000)
",0.000,0.000,0.000,0.000,1.000,0,0,0,1,1,0,0,1,0.0,0.0,0.0,0.0,0.0,1.0,-1
"((HDL >= 86.000) U[0,1] (GFR <= 0.670))
",0.000,0.000,0.000,0.000,1.000,0,0,0,1,1,0,0,1,0.0,0.0,0.0,0.0,0.0,1.0,-1
"F[0,2]((AlbCreatRat_mggNew >= 13.000 & Pt_GrandchildT1D <= 0.000) & TSH <= 0.000)
",0.000,0.000,0.000,0.000,1.000,0,0,0,1,1,0,0,1,0.0,0.0,0.0,0.0,0.0,1.0,-1
"F[0,2](((BldPrSys >= 0.000 & HbA1cImputeDtMnC <= 0.000) & BldPrDia >= 0.000) -> Pt_ChildT1D <= 0.000)
",0.000,0.000,0.000,0.000,1.000,0,0,0,1,1,0,0,1,0.0,0.0,0.0,0.0,0.0,1.0,-1
"((Pt_MotherT1D <= 1.000) U[0,2] (Pt_A1cGoalLevelDsYr5 <= 0.000))
",0.000,0.000,0.000,0.000,1.000,0,0,0,1,1,0,0,1,0.0,0.0,0.0,0.0,0.0,1.0,-1
"((Pt_FatherT1D <= 0.000) U[2,2] (TotalDailyInsPerKg >= 2.000))
",0.000,0.000,0.000,0.000,1.000,0,0,0,1,1,0,0,1,0.0,0.0,0.0,0.0,0.0,1.0,-1
"F[0,2]((Pt_A1cGoalLevelDsYr5 <= 0.000 | DirectLDL >= 178.300) | BldPrDia >= 178.300)
",0.000,0.000,0.000,0.000,1.000,0,0,0,1,1,0,0,1,0.0,0.0,0.0,0.0,0.0,1.0,-1
"F[1,1]((TSH <= 0.000 | bmiZscore <= 0.748) -> TSH <= 0.748)
",0.000,0.000,0.000,0.000,1.000,0,0,0,1,1,0,0,1,0.0,0.0,0.0,0.0,0.0,1.0,-1
"F[0,2](((diabDur >= 18.000 & SMBGperDayPtMeterCombo >= 72.000) -> UnitsInsBasalOrLongAct >= 72.000) & BGTestAvgNumMeter >= 72.000)
",0.000,0.000,0.000,0.000,1.000,0,0,0,1,1,0,0,1,0.0,0.0,0.0,0.0,0.0,1.0,-1
"F[1,2]((BldPrSys >= 0.000 -> Pt_FatherT1D >= 0.000) | BldPrSys <= 0.000)
",0.000,0.000,0.000,0.000,1.000,0,0,0,1,1,0,0,1,0.0,0.0,0.0,0.0,0.0,1.0,-1
"F[0,0](((Pt_GrandparentT1D <= 0.000 -> AutonomicNeuroCl <= 10.400) -> TotChol >= 10.400) & BGTestAvgNumMeter <= 10.400)
",0.000,0.000,0.000,0.000,1.000,0,0,0,1,1,0,0,1,0.0,0.0,0.0,0.0,0.0,1.0,-1
"F[1,2](((Pt_SiblingT1D <= 0.000 & UnitsInsBasalOrLongAct >= 0.000) & Pt_SiblingT1D >= 0.000) & AutonomicNeuroCl <= 0.000)
",0.000,0.000,0.000,0.000,1.000,0,0,0,1,1,0,0,1,0.0,0.0,0.0,0.0,0.0,1.0,-1
"F[1,1](((WeightKg <= 1.000 | LDL >= 0.940) & TSH >= 0.940) | age <= 0.940)
",0.000,0.000,0.000,0.000,1.000,0,0,0,1,1,0,0,1,0.0,0.0,0.0,0.0,0.0,1.0,-1
"F[1,2](AutonomicNeuroCl >= 10.400 & HbA1cImputeDtMnC <= 0.000)
",0.000,0.000,0.000,0.000,1.000,0,0,0,1,1,0,0,1,0.0,0.0,0.0,0.0,0.0,1.0,-1
"F[0,2](AutonomicNeuroCl <= 10.400 -> BUN >= 69.000)
",0.000,0.000,0.000,0.000,1.000,0,0,0,1,1,0,0,1,0.0,0.0,0.0,0.0,0.0,1.0,-1
"((Pt_A1cGoalLev >= 15.000) U[1,2] (BldPrSys >= 0.000))
",0.000,0.000,0.000,0.000,1.000,0,0,0,1,1,0,0,1,0.0,0.0,0.0,0.0,0.0,1.0,-1
"((AutonomicNeuroCl <= 10.400) U[2,2] (Pt_FatherT1D >= 0.000))
",0.000,0.000,0.000,0.000,1.000,0,0,0,1,1,0,0,1,0.0,0.0,0.0,0.0,0.0,1.0,-1
"F[0,1](Pt_ChildT1D <= 0.000 -> SMBGperDayPtMeterCombo <= 72.000)
",0.000,0.000,0.000,0.000,1.000,0,0,0,1,1,0,0,1,0.0,0.0,0.0,0.0,0.0,1.0,-1
"((Pt_FatherT1D <= 0.000) U[2,2] (Pt_FatherT1D <= 0.000))
",0.000,0.000,0.000,0.000,1.000,0,0,0,1,1,0,0,1,0.0,0.0,0.0,0.0,0.0,1.0,-1
"F[1,2](Pt_CGMUseNumDays >= 5153.000 -> Pt_SHFlg = 0.000)
",0.000,0.000,0.000,0.000,1.000,0,0,0,1,1,0,0,1,0.0,0.0,0.0,0.0,0.0,1.0,-1
"((Pt_GrandchildT1D <= 0.000) U[0,1] (Pt_SHFlg = 0.000))
",0.000,0.000,0.000,0.000,1.000,0,0,0,1,1,0,0,1,0.0,0.0,0.0,0.0,0.0,1.0,-1
"F[2,2](BldPrSys < 0.000 -> Pt_SHFlg = 0.000)
",0.000,0.000,0.000,0.000,1.000,0,0,0,1,1,0,0,1,0.0,0.0,0.0,0.0,0.0,1.0,-1
"((HDL >= 86.000) U[0,2] (Pt_SHFlg = 0.000))
",0.000,0.000,0.000,0.000,1.000,0,0,0,1,1,0,0,1,0.0,0.0,0.0,0.0,0.0,1.0,-1
"((BGTestAvgNumMeter < 0.000) U[2,2] (Pt_SHFlg = 0.000))
",0.000,0.000,0.000,0.000,1.000,0,0,0,1,1,0,0,1,0.0,0.0,0.0,0.0,0.0,1.0,-1
"F[1,2](((DirectLDL >= 178.300 -> bmiPerc <= 24.095) & TSH >= 24.095) & NumPumpBolusOrShortAct <= 24.095)
",0.000,0.000,0.000,0.000,1.000,0,0,0,1,1,0,0,1,0.0,0.0,0.0,0.0,0.0,1.0,-1
"F[2,2]((TSH <= 0.000 & Pt_A1cGoalLevelDsYr5 >= 0.000) & WeightKg >= 0.000)
",0.000,0.000,0.000,0.000,1.000,0,0,0,1,1,0,0,1,0.0,0.0,0.0,0.0,0.0,1.0,-1
"F[0,2]((SMBGperDayPtMeterCombo <= 72.000 & Pt_InsGov >= 0.000) & Pt_MotherT1D >= 0.000)
",0.000,0.000,0.000,0.000,1.000,0,0,0,1,1,0,0,1,0.0,0.0,0.0,0.0,0.0,1.0,-1
"((HeightCm >= 76.600) U[1,2] (SMBGperDayPtMeterCombo <= 72.000))
",0.000,0.000,0.000,0.000,1.000,0,0,0,1,1,0,0,1,0.0,0.0,0.0,0.0,0.0,1.0,-1
"F[0,1]((Pt_A1cGoalLev <= 15.000 | TotChol >= 44.000) -> Triglyc <= 44.000)
",0.000,0.000,0.000,0.000,1.000,0,0,0,1,1,0,0,1,0.0,0.0,0.0,0.0,0.0,1.0,-1
"F[0,0]((WeightKg <= 1.000 | Pt_A1cGoalLevelDsYr5 >= 0.000) | GFR <= 0.000)
",0.000,0.000,0.000,0.000,1.000,0,0,0,1,1,0,0,1,0.0,0.0,0.0,0.0,0.0,1.0,-1
"((LDL >= 0.940) U[1,1] (NumPumpBolusOrShortAct <= 1.000))
",0.000,0.000,0.000,0.000,1.000,0,0,0,1,1,0,0,1,0.0,0.0,0.0,0.0,0.0,1.0,-1
"((Pt_CGMUseNumDays >= 5153.000) U[0,0] (Pt_GrandparentT1D <= 0.000))
",0.000,0.000,0.000,0.000,1.000,0,0,0,1,1,0,0,1,0.0,0.0,0.0,0.0,0.0,1.0,-1
"((LDL <= 0.940) U[0,2] (bmiZscore >= 0.748))
",0.000,0.000,0.000,0.000,1.000,0,0,0,1,1,0,0,1,0.0,0.0,0.0,0.0,0.0,1.0,-1
"F[0,2](((BGTestAvgNumMeter <= 0.000 & Pt_GrandchildT1D <= 0.000) & Pt_MotherT1D >= 0.000) | HDL <= 0.000)
",0.000,0.000,0.000,0.000,1.000,0,0,0,1,1,0,0,1,0.0,0.0,0.0,0.0,0.0,1.0,-1
"F[0,2](Pt_InsGov <= 0.000 | AlbCreatRat_mggNew >= 13.000)
",0.000,0.000,0.000,0.000,1.000,0,0,0,1,1,0,0,1,0.0,0.0,0.0,0.0,0.0,1.0,-1
"F[1,2](((Pt_GrandparentT1D <= 0.000 & Pt_MotherT1D <= 1.000) | age <= 1.000) | diabDur >= 1.000)
",0.000,0.000,0.000,0.000,1.000,0,0,0,1,1,0,0,1,0.0,0.0,0.0,0.0,0.0,1.0,-1
"((HbA1c >= 0.000) U[1,2] (Pt_CGMUseNumDays <= 5153.000))
",0.000,0.000,0.000,0.000,1.000,0,0,0,1,1,0,0,1,0.0,0.0,0.0,0.0,0.0,1.0,-1
"F[1,2](((HDL >= 86.000 -> NumPumpBolusOrShortAct <= 1.000) & HbA1cImputeDtMnC <= 1.000) | NumPumpBolusOrShortAct <= 1.000)
",0.000,0.000,0.000,0.000,1.000,0,0,0,1,1,0,0,1,0.0,0.0,0.0,0.0,0.0,1.0,-1
"F[2,2](((HeightCm >= 76.600 & Pt_DKAFlg >= 0.000) -> Pt_A1cGoalLevelDsYr5 <= 0.000) & HeightCm >= 0.000)
",0.000,0.000,0.000,0.000,1.000,0,0,0,1,1,0,0,1,0.0,0.0,0.0,0.0,0.0,1.0,-1
"F[1,2]((BUN >= 69.000 -> HeightCm <= 76.600) & Pt_A1cGoalLevelDsYr5 <= 76.600)
",0.000,0.000,0.000,0.000,1.000,0,0,0,1,1,0,0,1,0.0,0.0,0.0,0.0,0.0,1.0,-1
"F[0,2](((bmiZscore >= 0.748 & Pt_GrandchildT1D <= 0.000) -> UnitsInsBasalOrLongAct >= 0.000) -> LDL >= 0.000)
",0.000,0.000,0.000,0.000,1.000,0,0,0,1,1,0,0,1,0.0,0.0,0.0,0.0,0.0,1.0,-1
"F[0,2]((TotalDailyInsPerKg <= 2.000 | diagAgeCombo <= 0.000) -> TotChol >= 0.000)
",0.000,0.000,0.000,0.000,1.000,0,0,0,1,1,0,0,1,0.0,0.0,0.0,0.0,0.0,1.0,-1
"F[1,2]((BldPrSys >= 0.000 & diagAgeCombo <= 0.000) -> Pt_SiblingT1D >= 0.000)
",0.000,0.000,0.000,0.000,1.000,0,0,0,1,1,0,0,1,0.0,0.0,0.0,0.0,0.0,1.0,-1
"((diabDur >= 18.000) U[1,2] (Pt_GrandparentT1D <= 0.000))
",0.000,0.000,0.000,0.000,1.000,0,0,0,1,1,0,0,1,0.0,0.0,0.0,0.0,0.0,1.0,-1
"F[0,1]((BldPrSys <= 0.000 & Pt_CGMUseNumDays <= 5153.000) & Pt_SiblingT1D >= 5153.000)
",0.000,0.000,0.000,0.000,1.000,0,0,0,1,1,0,0,1,0.0,0.0,0.0,0.0,0.0,1.0,-1
"((TotalDailyInsPerKg <= 2.000) U[0,2] (TSH <= 0.000))
",0.000,0.000,0.000,0.000,1.000,0,0,0,1,1,0,0,1,0.0,0.0,0.0,0.0,0.0,1.0,-1
"F[1,2](((AlbCreatRat_mggNew <= 13.000 | BldPrDia <= 118.000) & HbA1c >= 118.000) & AutonomicNeuroCl >= 118.000)
",0.000,0.000,0.000,0.000,1.000,0,0,0,1,1,0,0,1,0.0,0.0,0.0,0.0,0.0,1.0,-1
"F[0,1]((BUN >= 69.000 | Pt_DKAFlg >= 0.000) -> BGTestAvgNumPtRep >= 0.000)
",0.000,0.000,0.000,0.000,1.000,0,0,0,1,1,0,0,1,0.0,0.0,0.0,0.0,0.0,1.0,-1
"F[2,2](NumPumpBolusOrShortAct <= 1.000 & NumPumpBolusOrShortAct <= 1.000)
",0.000,0.000,0.000,0.000,1.000,0,0,0,1,1,0,0,1,0.0,0.0,0.0,0.0,0.0,1.0,-1
"F[0,2]((TSH <= 0.000 -> BGTestAvgNumMeter <= 0.000) | Pt_DKAFlg >= 0.000)
",0.000,0.000,0.000,0.000,1.000,0,0,0,1,1,0,0,1,0.0,0.0,0.0,0.0,0.0,1.0,-1
"((age <= 0.000) U[0,2] (Pt_InsGov >= 0.000))
",0.000,0.000,0.000,0.000,1.000,0,0,0,1,1,0,0,1,0.0,0.0,0.0,0.0,0.0,1.0,-1
"F[0,2](HbA1cImputeDtMnC <= 0.000 & SMBGperDayPtMeterCombo >= 72.000)
",0.000,0.000,0.000,0.000,1.000,0,0,0,1,1,0,0,1,0.0,0.0,0.0,0.0,0.0,1.0,-1
"F[0,2](((DirectLDL <= 178.300 -> Pt_A1cGoalLevelDsYr5 >= 0.000) | Triglyc >= 0.000) & Pt_FatherT1D <= 0.000)
",0.000,0.000,0.000,0.000,1.000,0,0,0,1,1,0,0,1,0.0,0.0,0.0,0.0,0.0,1.0,-1
"F[1,2](((HDL >= 86.000 | LDL >= 0.940) -> LDL <= 0.940) | Pt_InsGov >= 0.940)
",0.000,0.000,0.000,0.000,1.000,0,0,0,1,1,0,0,1,0.0,0.0,0.0,0.0,0.0,1.0,-1
"F[1,1](((BldPrDia <= 118.000 | Pt_InsGov >= 0.000) -> Pt_GrandparentT1D >= 0.000) -> TotChol >= 0.000)
",0.000,0.000,0.000,0.000,1.000,0,0,0,1,1,0,0,1,0.0,0.0,0.0,0.0,0.0,1.0,-1
"F[0,1](GFR <= 0.670 | bmiZscore <= 0.748)
",0.000,0.000,0.000,0.000,1.000,0,0,0,1,1,0,0,1,0.0,0.0,0.0,0.0,0.0,1.0,-1
"F[1,1]((Pt_InsGov >= 0.000 -> GFR >= 0.670) & HbA1cImputeDtMnC <= 0.670)
",0.000,0.000,0.000,0.000,1.000,0,0,0,1,1,0,0,1,0.0,0.0,0.0,0.0,0.0,1.0,-1
"F[1,1](((BGTestAvgNumPtRep <= 1.000 -> BGTestAvgNumPtRep <= 1.000) | UnitsInsBasalOrLongAct <= 1.000) | Pt_GrandparentT1D >= 1.000)
",0.000,0.000,0.000,0.000,1.000,0,0,0,1,1,0,0,1,0.0,0.0,0.0,0.0,0.0,1.0,-1
"F[1,1](BGTestAvgNumMeter <= 0.000 -> Pt_ChildT1D >= 0.000)
",0.000,0.000,0.000,0.000,1.000,0,0,0,1,1,0,0,1,0.0,0.0,0.0,0.0,0.0,1.0,-1
"F[0,2](NumPumpBolusOrShortAct >= 1.000 | diagAgeCombo <= 0.000)
",0.000,0.000,0.000,0.000,1.000,0,0,0,1,1,0,0,1,0.0,0.0,0.0,0.0,0.0,1.0,-1
"F[1,2]((NumPumpBolusOrShortAct >= 1.000 & HeightCm <= 76.600) -> BldPrDia <= 76.600)
",0.000,0.000,0.000,0.000,1.000,0,0,0,1,1,0,0,1,0.0,0.0,0.0,0.0,0.0,1.0,-1
"F[0,0](((BUN >= 69.000 | BldPrSys >= 0.000) & Pt_GrandparentT1D >= 0.000) | Pt_GrandchildT1D >= 0.000)
",0.000,0.000,0.000,0.000,1.000,0,0,0,1,1,0,0,1,0.0,0.0,0.0,0.0,0.0,1.0,-1
"F[0,1](Pt_MotherT1D >= 1.000 & Pt_GrandparentT1D <= 0.000)
",0.000,0.000,0.000,0.000,1.000,0,0,0,1,1,0,0,1,0.0,0.0,0.0,0.0,0.0,1.0,-1
"((Pt_A1cGoalLev <= 15.000) U[2,2] (BUN <= 69.000))
",0.000,0.000,0.000,0.000,1.000,0,0,0,1,1,0,0,1,0.0,0.0,0.0,0.0,0.0,1.0,-1
"F[0,1](((HbA1cImputeDtMnC >= 0.000 | bmi >= 0.000) -> BGTestAvgNumPtRep <= 0.000) -> HbA1cImputeDtMnC <= 0.000)
",0.000,0.000,0.000,0.000,1.000,0,0,0,1,1,0,0,1,0.0,0.0,0.0,0.0,0.0,1.0,-1
"F[0,0](((NumPumpBolusOrShortAct >= 1.000 & Pt_A1cGoalLev <= 15.000) | BldPrDia >= 15.000) -> BUN <= 15.000)
",0.000,0.000,0.000,0.000,1.000,0,0,0,1,1,0,0,1,0.0,0.0,0.0,0.0,0.0,1.0,-1
"F[0,2]((bmiZscore >= 0.748 | bmiZscore <= 0.748) | GFR >= 0.748)
",0.000,0.000,0.000,0.000,1.000,0,0,0,1,1,0,0,1,0.0,0.0,0.0,0.0,0.0,1.0,-1
"((BGTestAvgNumMeter >= 0.000) U[1,2] (Pt_SHFlg >= 0.000))
",0.000,0.000,0.000,0.000,1.000,0,0,0,1,1,0,0,1,0.0,0.0,0.0,0.0,0.0,1.0,-1
"F[0,1]((Pt_GrandparentT1D >= 0.000 & NumPumpBolusOrShortAct >= 1.000) | UnitsInsBasalOrLongAct <= 1.000)
",0.000,0.000,0.000,0.000,1.000,0,0,0,1,1,0,0,1,0.0,0.0,0.0,0.0,0.0,1.0,-1
"F[1,2](Pt_SHFlg <= 0.000 | Pt_MotherT1D <= 1.000)
",0.000,0.000,0.000,0.000,1.000,0,0,0,1,1,0,0,1,0.0,0.0,0.0,0.0,0.0,1.0,-1
"F[0,1](TotalDailyInsPerKg >= 2.000 -> AlbCreatRat_mggNew <= 13.000)
",0.000,0.000,0.000,0.000,1.000,0,0,0,1,1,0,0,1,0.0,0.0,0.0,0.0,0.0,1.0,-1
"((Pt_SiblingT1D <= 0.000) U[0,1] (AlbCreatRat_mggNew <= 13.000))
",0.000,0.000,0.000,0.000,1.000,0,0,0,1,1,0,0,1,0.0,0.0,0.0,0.0,0.0,1.0,-1
"F[0,2]((bmiPerc >= 24.095 & HeightCm <= 76.600) | TotalDailyInsPerKg >= 76.600)
",0.000,0.000,0.000,0.000,1.000,0,0,0,1,1,0,0,1,0.0,0.0,0.0,0.0,0.0,1.0,-1
"F[0,2]((LDL <= 0.940 & HeightCm <= 76.600) | SMBGperDayPtMeterCombo <= 76.600)
",0.000,0.000,0.000,0.000,1.000,0,0,0,1,1,0,0,1,0.0,0.0,0.0,0.0,0.0,1.0,-1
"F[1,2]((Pt_A1cGoalLevelDsYr5 <= 0.000 & bmi >= 0.000) & Pt_SHFlg >= 0.000)
",0.000,0.000,0.000,0.000,1.000,0,0,0,1,1,0,0,1,0.0,0.0,0.0,0.0,0.0,1.0,-1
"F[0,2]((diabDur <= 18.000 | diabDur >= 18.000) -> HDL >= 18.000)
",0.000,0.000,0.000,0.000,1.000,0,0,0,1,1,0,0,1,0.0,0.0,0.0,0.0,0.0,1.0,-1
"((AutonomicNeuroCl >= 10.400) U[1,2] (Pt_A1cGoalLevelDsYr5 <= 0.000))
",0.000,0.000,0.000,0.000,1.000,0,0,0,1,1,0,0,1,0.0,0.0,0.0,0.0,0.0,1.0,-1
"F[1,2](((UnitsInsBasalOrLongAct >= 0.000 | GFR <= 0.670) | Pt_ChildT1D >= 0.670) & HDL <= 0.670)
",0.000,0.000,0.000,0.000,1.000,0,0,0,1,1,0,0,1,0.0,0.0,0.0,0.0,0.0,1.0,-1
"F[1,1](((Triglyc <= 144.000 -> HDL >= 86.000) -> Pt_DKAFlg <= 86.000) | Pt_InsGov <= 86.000)
",0.000,0.000,0.000,0.000,1.000,0,0,0,1,1,0,0,1,0.0,0.0,0.0,0.0,0.0,1.0,-1
"F[1,2]((BldPrSys >= 0.000 & Pt_InsGov >= 0.000) & age >= 0.000)
",0.000,0.000,0.000,0.000,1.000,0,0,0,1,1,0,0,1,0.0,0.0,0.0,0.0,0.0,1.0,-1
"F[0,1](Pt_MotherT1D <= 1.000 | HbA1c >= 0.000)
",0.000,0.000,0.000,0.000,1.000,0,0,0,1,1,0,0,1,0.0,0.0,0.0,0.0,0.0,1.0,-1
"F[0,1]((TotalDailyInsPerKg <= 2.000 & BGTestAvgNumPtRep <= 1.000) & diagAgeCombo <= 1.000)
",0.000,0.000,0.000,0.000,1.000,0,0,0,1,1,0,0,1,0.0,0.0,0.0,0.0,0.0,1.0,-1
"F[0,0](BGTestAvgNumMeter >= 0.000 | Triglyc >= 144.000)
",0.000,0.000,0.000,0.000,1.000,0,0,0,1,1,0,0,1,0.0,0.0,0.0,0.0,0.0,1.0,-1
"((AutonomicNeuroCl >= 10.400) U[1,2] (Pt_InsGov <= 0.000))
",0.000,0.000,0.000,0.000,1.000,0,0,0,1,1,0,0,1,0.0,0.0,0.0,0.0,0.0,1.0,-1
"F[0,1](((TotChol <= 44.000 & DirectLDL <= 178.300) & HbA1c <= 178.300) | Pt_SHFlg >= 178.300)
",0.000,0.000,0.000,0.000,1.000,0,0,0,1,1,0,0,1,0.0,0.0,0.0,0.0,0.0,1.0,-1
"F[1,2](((diagAgeCombo >= 0.000 & SMBGperDayPtMeterCombo <= 72.000) -> BldPrDia >= 72.000) | diagAgeCombo <= 72.000)
",0.000,0.000,0.000,0.000,1.000,0,0,0,1,1,0,0,1,0.0,0.0,0.0,0.0,0.0,1.0,-1
"F[2,2](age <= 0.000 -> Pt_A1cGoalLevelDsYr5 >= 0.000)
",0.000,0.000,0.000,0.000,1.000,0,0,0,1,1,0,0,1,0.0,0.0,0.0,0.0,0.0,1.0,-1
"F[1,2]((GFR <= 0.670 | Pt_DKAFlg <= 0.000) | BUN <= 0.000)
",0.000,0.000,0.000,0.000,1.000,0,0,0,1,1,0,0,1,0.0,0.0,0.0,0.0,0.0,1.0,-1
"F[1,1](((NumPumpBolusOrShortAct <= 1.000 & diabDur >= 18.000) | WeightKg >= 18.000) & bmiPerc >= 18.000)
",0.000,0.000,0.000,0.000,1.000,0,0,0,1,1,0,0,1,0.0,0.0,0.0,0.0,0.0,1.0,-1
"((WeightKg <= 1.000) U[1,2] (TotChol <= 44.000))
",0.000,0.000,0.000,0.000,1.000,0,0,0,1,1,0,0,1,0.0,0.0,0.0,0.0,0.0,1.0,-1
"F[1,1](((SMBGperDayPtMeterCombo <= 72.000 -> TotalDailyInsPerKg <= 2.000) & BldPrSys >= 2.000) | BUN >= 2.000)
",0.000,0.000,0.000,0.000,1.000,0,0,0,1,1,0,0,1,0.0,0.0,0.0,0.0,0.0,1.0,-1
"F[1,2](bmiZscore >= 0.748 & BldPrDia <= 118.000)
",0.000,0.000,0.000,0.000,1.000,0,0,0,1,1,0,0,1,0.0,0.0,0.0,0.0,0.0,1.0,-1
"F[1,2](((NumPumpBolusOrShortAct >= 1.000 | Pt_GrandchildT1D <= 0.000) & Triglyc <= 0.000) & TotChol <= 0.000)
",0.000,0.000,0.000,0.000,1.000,0,0,0,1,1,0,0,1,0.0,0.0,0.0,0.0,0.0,1.0,-1
"F[1,2](BGTestAvgNumPtRep >= 1.000 & Pt_A1cGoalLevelDsYr5 <= 0.000)
",0.000,0.000,0.000,0.000,1.000,0,0,0,1,1,0,0,1,0.0,0.0,0.0,0.0,0.0,1.0,-1
"F[1,1](WeightKg >= 1.000 | Pt_A1cGoalLev <= 15.000)
",0.000,0.000,0.000,0.000,1.000,0,0,0,1,1,0,0,1,0.0,0.0,0.0,0.0,0.0,1.0,-1
"F[1,2](((UnitsInsBasalOrLongAct <= 0.000 -> Pt_A1cGoalLevelDsYr5 <= 0.000) & diagAgeCombo >= 0.000) | bmi >= 0.000)
",0.000,0.000,0.000,0.000,1.000,0,0,0,1,1,0,0,1,0.0,0.0,0.0,0.0,0.0,1.0,-1
"F[0,2](((diagAgeCombo <= 0.000 -> Pt_DKAFlg <= 0.000) & Pt_MotherT1D >= 0.000) | bmiZscore <= 0.000)
",0.000,0.000,0.000,0.000,1.000,0,0,0,1,1,0,0,1,0.0,0.0,0.0,0.0,0.0,1.0,-1
"F[1,2]((LDL >= 0.940 -> Pt_FatherT1D >= 0.000) & TotChol >= 0.000)
",0.000,0.000,0.000,0.000,1.000,0,0,0,1,1,0,0,1,0.0,0.0,0.0,0.0,0.0,1.0,-1
"F[1,1]((WeightKg >= 1.000 & BUN <= 69.000) & HbA1cImputeDtMnC >= 69.000)
",0.000,0.000,0.000,0.000,1.000,0,0,0,1,1,0,0,1,0.0,0.0,0.0,0.0,0.0,1.0,-1
"F[1,2](((BldPrSys <= 0.000 | Pt_InsGov <= 0.000) | bmi <= 0.000) | bmiPerc >= 0.000)
",0.000,0.000,0.000,0.000,1.000,0,0,0,1,1,0,0,1,0.0,0.0,0.0,0.0,0.0,1.0,-1
"F[1,2]((SMBGperDayPtMeterCombo <= 72.000 | UnitsInsBasalOrLongAct >= 0.000) -> BUN <= 0.000)
",0.000,0.000,0.000,0.000,1.000,0,0,0,1,1,0,0,1,0.0,0.0,0.0,0.0,0.0,1.0,-1
"F[1,2]((UnitsInsBasalOrLongAct <= 0.000 & age >= 0.000) | BGTestAvgNumMeter >= 0.000)
",0.000,0.000,0.000,0.000,1.000,0,0,0,1,1,0,0,1,0.0,0.0,0.0,0.0,0.0,1.0,-1
"((UnitsInsBasalOrLongAct >= 0.000) U[1,1] (NumPumpBolusOrShortAct <= 1.000))
",0.000,0.000,0.000,0.000,1.000,0,0,0,1,1,0,0,1,0.0,0.0,0.0,0.0,0.0,1.0,-1
"((TotalDailyInsPerKg >= 2.000) U[0,1] (bmiPerc <= 24.095))
",0.000,0.000,0.000,0.000,1.000,0,0,0,1,1,0,0,1,0.0,0.0,0.0,0.0,0.0,1.0,-1
"F[0,2]((LDL <= 0.940 & Pt_SHFlg >= 0.000) & Pt_A1cGoalLev >= 0.000)
",0.000,0.000,0.000,0.000,1.000,0,0,0,1,1,0,0,1,0.0,0.0,0.0,0.0,0.0,1.0,-1
"F[0,2](((AlbCreatRat_mggNew <= 13.000 -> LDL >= 0.940) & BldPrDia <= 0.940) & BldPrDia >= 0.940)
",0.000,0.000,0.000,0.000,1.000,0,0,0,1,1,0,0,1,0.0,0.0,0.0,0.0,0.0,1.0,-1
"((HDL >= 86.000) U[0,2] (BUN <= 69.000))
",0.000,0.000,0.000,0.000,1.000,0,0,0,1,1,0,0,1,0.0,0.0,0.0,0.0,0.0,1.0,-1
"F[2,2](AlbCreatRat_mggNew >= 13.000 -> Pt_GrandchildT1D <= 0.000)
",0.000,0.000,0.000,0.000,1.000,0,0,0,1,1,0,0,1,0.0,0.0,0.0,0.0,0.0,1.0,-1
"F[0,1](((HDL <= 86.000 -> HbA1c <= 0.000) -> bmiZscore <= 0.000) & Pt_MotherT1D >= 0.000)
",0.000,0.000,0.000,0.000,1.000,0,0,0,1,1,0,0,1,0.0,0.0,0.0,0.0,0.0,1.0,-1
"((Pt_InsGov <= 0.000) U[0,1] (TSH <= 0.000))
",0.000,0.000,0.000,0.000,1.000,0,0,0,1,1,0,0,1,0.0,0.0,0.0,0.0,0.0,1.0,-1
"F[2,2]((Pt_GrandparentT1D >= 0.000 -> AlbCreatRat_mggNew <= 13.000) & BUN >= 13.000)
",0.000,0.000,0.000,0.000,1.000,0,0,0,1,1,0,0,1,0.0,0.0,0.0,0.0,0.0,1.0,-1
"F[1,1]((Pt_GrandparentT1D >= 0.000 -> BGTestAvgNumPtRep >= 1.000) -> Pt_DKAFlg <= 1.000)
",0.000,0.000,0.000,0.000,1.000,0,0,0,1,1,0,0,1,0.0,0.0,0.0,0.0,0.0,1.0,-1
"((Pt_GrandchildT1D > 0.000) U[2,2] (Pt_SHFlg = 0.000))
",0.000,0.000,0.000,0.000,1.000,0,0,0,1,1,0,0,1,0.0,0.0,0.0,0.0,0.0,1.0,-1
"F[0,1]((UnitsInsBasalOrLongAct >= 0.000 -> UnitsInsBasalOrLongAct <= 0.000) & HbA1c >= 0.000)
",0.000,0.000,0.000,0.000,1.000,0,0,0,1,1,0,0,1,0.0,0.0,0.0,0.0,0.0,1.0,-1
"F[1,1](WeightKg <= 1.000 -> BldPrDia >= 118.000)
",0.000,0.000,0.000,0.000,1.000,0,0,0,1,1,0,0,1,0.0,0.0,0.0,0.0,0.0,1.0,-1
"F[2,2]((BGTestAvgNumMeter <= 0.000 & BldPrDia <= 118.000) | HeightCm <= 118.000)
",0.000,0.000,0.000,0.000,1.000,0,0,0,1,1,0,0,1,0.0,0.0,0.0,0.0,0.0,1.0,-1
"F[0,0](((Triglyc >= 144.000 | HbA1c <= 0.000) | Pt_GrandparentT1D <= 0.000) & HeightCm >= 0.000)
",0.000,0.000,0.000,0.000,1.000,0,0,0,1,1,0,0,1,0.0,0.0,0.0,0.0,0.0,1.0,-1
"F[0,1](Triglyc <= 144.000 -> TSH <= 0.000)
",0.000,0.000,0.000,0.000,1.000,0,0,0,1,1,0,0,1,0.0,0.0,0.0,0.0,0.0,1.0,-1
"F[0,1]((Pt_GrandchildT1D >= 0.000 -> Pt_A1cGoalLevelDsYr5 >= 0.000) | Pt_InsGov <= 0.000)
",0.000,0.000,0.000,0.000,1.000,0,0,0,1,1,0,0,1,0.0,0.0,0.0,0.0,0.0,1.0,-1
"F[1,1](((Pt_A1cGoalLev <= 15.000 & Pt_GrandchildT1D <= 0.000) | WeightKg <= 0.000) | bmi <= 0.000)
",0.000,0.000,0.000,0.000,1.000,0,0,0,1,1,0,0,1,0.0,0.0,0.0,0.0,0.0,1.0,-1
"F[0,2]((Pt_MotherT1D <= 1.000 | BldPrDia >= 118.000) | Pt_InsGov <= 118.000)
",0.000,0.000,0.000,0.000,1.000,0,0,0,1,1,0,0,1,0.0,0.0,0.0,0.0,0.0,1.0,-1
"F[1,2](((BGTestAvgNumPtRep >= 1.000 | HbA1cImputeDtMnC >= 0.000) | BldPrDia >= 0.000) -> Triglyc <= 0.000)
",0.000,0.000,0.000,0.000,1.000,0,0,0,1,1,0,0,1,0.0,0.0,0.0,0.0,0.0,1.0,-1
"F[1,2]((age <= 0.000 -> diabDur >= 18.000) -> age >= 18.000)
",0.000,0.000,0.000,0.000,1.000,0,0,0,1,1,0,0,1,0.0,0.0,0.0,0.0,0.0,1.0,-1
"F[1,2](((bmi >= 0.000 -> diagAgeCombo <= 0.000) & Pt_A1cGoalLevelDsYr5 >= 0.000) | Pt_GrandchildT1D <= 0.000)
",0.000,0.000,0.000,0.000,1.000,0,0,0,1,1,0,0,1,0.0,0.0,0.0,0.0,0.0,1.0,-1
"F[0,1](((bmiZscore <= 0.748 -> TotChol >= 44.000) | Pt_ChildT1D <= 44.000) | Pt_MotherT1D <= 44.000)
",0.000,0.000,0.000,0.000,1.000,0,0,0,1,1,0,0,1,0.0,0.0,0.0,0.0,0.0,1.0,-1
"F[2,2]((bmiPerc >= 24.095 & AutonomicNeuroCl <= 10.400) & Pt_DKAFlg >= 10.400)
",0.000,0.000,0.000,0.000,1.000,0,0,0,1,1,0,0,1,0.0,0.0,0.0,0.0,0.0,1.0,-1
"F[0,1](((Pt_SHFlg <= 0.000 & WeightKg <= 1.000) | LDL >= 1.000) & NumPumpBolusOrShortAct >= 1.000)
",0.000,0.000,0.000,0.000,1.000,0,0,0,1,1,0,0,1,0.0,0.0,0.0,0.0,0.0,1.0,-1
"F[1,1]((Pt_CGMUseNumDays >= 5153.000 | GFR >= 0.670) | WeightKg <= 0.670)
",0.000,0.000,0.000,0.000,1.000,0,0,0,1,1,0,0,1,0.0,0.0,0.0,0.0,0.0,1.0,-1
"F[2,2](((age <= 0.000 | LDL >= 0.940) -> NumPumpBolusOrShortAct <= 0.940) -> Pt_ChildT1D >= 0.940)
",0.000,0.000,0.000,0.000,1.000,0,0,0,1,1,0,0,1,0.0,0.0,0.0,0.0,0.0,1.0,-1
"F[1,2]((age >= 0.000 & UnitsInsBasalOrLongAct >= 0.000) -> Pt_ChildT1D >= 0.000)
",0.000,0.000,0.000,0.000,1.000,0,0,0,1,1,0,0,1,0.0,0.0,0.0,0.0,0.0,1.0,-1
"((Pt_A1cGoalLev >= 15.000) U[2,2] (Pt_CGMUseNumDays <= 5153.000))
",0.000,0.000,0.000,0.000,1.000,0,0,0,1,1,0,0,1,0.0,0.0,0.0,0.0,0.0,1.0,-1
"F[1,2](((diagAgeCombo <= 0.000 | AlbCreatRat_mggNew <= 13.000) -> Triglyc <= 13.000) & Pt_A1cGoalLevelDsYr5 <= 13.000)
",0.000,0.000,0.000,0.000,1.000,0,0,0,1,1,0,0,1,0.0,0.0,0.0,0.0,0.0,1.0,-1
"F[2,2](((HDL <= 86.000 | Pt_A1cGoalLevelDsYr5 <= 0.000) | BGTestAvgNumMeter >= 0.000) & AlbCreatRat_mggNew <= 0.000)
",0.000,0.000,0.000,0.000,1.000,0,0,0,1,1,0,0,1,0.0,0.0,0.0,0.0,0.0,1.0,-1
"F[1,1](((Pt_MotherT1D >= 1.000 & SMBGperDayPtMeterCombo >= 72.000) -> Pt_FatherT1D >= 72.000) -> diabDur <= 72.000)
",0.000,0.000,0.000,0.000,1.000,0,0,0,1,1,0,0,1,0.0,0.0,0.0,0.0,0.0,1.0,-1
"((bmi <= 0.000) U[0,1] (Pt_InsGov <= 0.000))
",0.000,0.000,0.000,0.000,1.000,0,0,0,1,1,0,0,1,0.0,0.0,0.0,0.0,0.0,1.0,-1
"((BGTestAvgNumPtRep <= 1.000) U[2,2] (Pt_ChildT1D <= 0.000))
",0.000,0.000,0.000,0.000,1.000,0,0,0,1,1,0,0,1,0.0,0.0,0.0,0.0,0.0,1.0,-1
"F[0,2](((Pt_MotherT1D <= 1.000 -> SMBGperDayPtMeterCombo >= 72.000) & bmiPerc <= 72.000) | HbA1c >= 72.000)
",0.000,0.000,0.000,0.000,1.000,0,0,0,1,1,0,0,1,0.0,0.0,0.0,0.0,0.0,1.0,-1
"F[0,1](Pt_DKAFlg >= 0.000 -> diagAgeCombo <= 0.000)
",0.000,0.000,0.000,0.000,1.000,0,0,0,1,1,0,0,1,0.0,0.0,0.0,0.0,0.0,1.0,-1
"((TSH >= 0.000) U[0,2] (WeightKg <= 1.000))
",0.000,0.000,0.000,0.000,1.000,0,0,0,1,1,0,0,1,0.0,0.0,0.0,0.0,0.0,1.0,-1
"F[0,2](((BGTestAvgNumPtRep >= 1.000 & diabDur >= 18.000) | HbA1c <= 18.000) | DirectLDL >= 18.000)
",0.000,0.000,0.000,0.000,1.000,0,0,0,1,1,0,0,1,0.0,0.0,0.0,0.0,0.0,1.0,-1
"((Pt_ChildT1D >= 0.000) U[1,2] (age >= 0.000))
",0.000,0.000,0.000,0.000,1.000,0,0,0,1,1,0,0,1,0.0,0.0,0.0,0.0,0.0,1.0,-1
"F[0,1](((bmiZscore >= 0.748 & TotalDailyInsPerKg <= 2.000) -> AlbCreatRat_mggNew <= 2.000) & TotChol <= 2.000)
",0.000,0.000,0.000,0.000,1.000,0,0,0,1,1,0,0,1,0.0,0.0,0.0,0.0,0.0,1.0,-1
"F[1,2](bmi >= 0.000 -> BGTestAvgNumMeter <= 0.000)
",0.000,0.000,0.000,0.000,1.000,0,0,0,1,1,0,0,1,0.0,0.0,0.0,0.0,0.0,1.0,-1
"F[1,2]((bmi >= 0.000 & AlbCreatRat_mggNew <= 13.000) -> Pt_SHFlg >= 13.000)
",0.000,0.000,0.000,0.000,1.000,0,0,0,1,1,0,0,1,0.0,0.0,0.0,0.0,0.0,1.0,-1
"((GFR <= 0.670) U[0,2] (BGTestAvgNumPtRep >= 1.000))
",0.000,0.000,0.000,0.000,1.000,0,0,0,1,1,0,0,1,0.0,0.0,0.0,0.0,0.0,1.0,-1
"F[0,1]((BGTestAvgNumPtRep >= 1.000 & bmiZscore >= 0.748) | TotalDailyInsPerKg <= 0.748)
",0.000,0.000,0.000,0.000,1.000,0,0,0,1,1,0,0,1,0.0,0.0,0.0,0.0,0.0,1.0,-1
"F[2,2](Pt_GrandchildT1D >= 0.000 -> Pt_InsGov >= 0.000)
",0.000,0.000,0.000,0.000,1.000,0,0,0,1,1,0,0,1,0.0,0.0,0.0,0.0,0.0,1.0,-1
"F[0,0]((BldPrDia >= 118.000 -> NumPumpBolusOrShortAct <= 1.000) & bmi >= 1.000)
",0.000,0.000,0.000,0.000,1.000,0,0,0,1,1,0,0,1,0.0,0.0,0.0,0.0,0.0,1.0,-1
"((BGTestAvgNumMeter >= 0.000) U[1,1] (BUN <= 69.000))
",0.000,0.000,0.000,0.000,1.000,0,0,0,1,1,0,0,1,0.0,0.0,0.0,0.0,0.0,1.0,-1
"F[0,2](((bmi >= 0.000 -> HeightCm <= 76.600) | LDL <= 76.600) & Pt_A1cGoalLevelDsYr5 <= 76.600)
",0.000,0.000,0.000,0.000,1.000,0,0,0,1,1,0,0,1,0.0,0.0,0.0,0.0,0.0,1.0,-1
"F[0,1](((bmiPerc >= 24.095 & Pt_FatherT1D >= 0.000) & AlbCreatRat_mggNew >= 0.000) & WeightKg <= 0.000)
",0.000,0.000,0.000,0.000,1.000,0,0,0,1,1,0,0,1,0.0,0.0,0.0,0.0,0.0,1.0,-1
"F[0,1]((AlbCreatRat_mggNew >= 13.000 & HeightCm >= 76.600) | BldPrSys <= 76.600)
",0.000,0.000,0.000,0.000,1.000,0,0,0,1,1,0,0,1,0.0,0.0,0.0,0.0,0.0,1.0,-1
"F[0,0](((TotalDailyInsPerKg >= 2.000 -> AlbCreatRat_mggNew <= 13.000) -> LDL <= 13.000) -> HeightCm <= 13.000)
",0.000,0.000,0.000,0.000,1.000,0,0,0,1,1,0,0,1,0.0,0.0,0.0,0.0,0.0,1.0,-1
"F[0,2](((SMBGperDayPtMeterCombo <= 72.000 -> HeightCm <= 76.600) | Pt_A1cGoalLevelDsYr5 <= 76.600) & Pt_ChildT1D <= 76.600)
",0.000,0.000,0.000,0.000,1.000,0,0,0,1,1,0,0,1,0.0,0.0,0.0,0.0,0.0,1.0,-1
"((age >= 0.000) U[1,1] (diagAgeCombo <= 0.000))
",0.000,0.000,0.000,0.000,1.000,0,0,0,1,1,0,0,1,0.0,0.0,0.0,0.0,0.0,1.0,-1
"F[1,2](((Pt_A1cGoalLevelDsYr5 >= 0.000 & Pt_GrandparentT1D >= 0.000) | diagAgeCombo >= 0.000) & diagAgeCombo >= 0.000)
",0.000,0.000,0.000,0.000,1.000,0,0,0,1,1,0,0,1,0.0,0.0,0.0,0.0,0.0,1.0,-1
"F[1,1]((Pt_MotherT1D >= 1.000 -> TSH <= 0.000) -> DirectLDL <= 0.000)
",0.000,0.000,0.000,0.000,1.000,0,0,0,1,1,0,0,1,0.0,0.0,0.0,0.0,0.0,1.0,-1
"((Pt_InsGov <= 0.000) U[0,0] (Pt_SiblingT1D <= 0.000))
",0.000,0.000,0.000,0.000,1.000,0,0,0,1,1,0,0,1,0.0,0.0,0.0,0.0,0.0,1.0,-1
"F[2,2](((Pt_A1cGoalLevelDsYr5 >= 0.000 -> Pt_GrandparentT1D <= 0.000) -> AlbCreatRat_mggNew <= 0.000) & HeightCm >= 0.000)
",0.000,0.000,0.000,0.000,1.000,0,0,0,1,1,0,0,1,0.0,0.0,0.0,0.0,0.0,1.0,-1
"F[1,2](((Pt_ChildT1D <= 0.000 & BGTestAvgNumPtRep >= 1.000) | BGTestAvgNumMeter >= 1.000) | Pt_DKAFlg <= 1.000)
",0.000,0.000,0.000,0.000,1.000,0,0,0,1,1,0,0,1,0.0,0.0,0.0,0.0,0.0,1.0,-1
"F[1,2]((bmiPerc >= 24.095 & Pt_SiblingT1D <= 0.000) | Pt_ChildT1D <= 0.000)
",0.000,0.000,0.000,0.000,1.000,0,0,0,1,1,0,0,1,0.0,0.0,0.0,0.0,0.0,1.0,-1
"F[2,2](diagAgeCombo >= 0.000 & BUN <= 69.000)
",0.000,0.000,0.000,0.000,1.000,0,0,0,1,1,0,0,1,0.0,0.0,0.0,0.0,0.0,1.0,-1
"((Pt_A1cGoalLev <= 15.000) U[1,2] (Pt_DKAFlg >= 0.000))
",0.000,0.000,0.000,0.000,1.000,0,0,0,1,1,0,0,1,0.0,0.0,0.0,0.0,0.0,1.0,-1
"F[1,2](((AutonomicNeuroCl <= 10.400 -> Pt_InsGov >= 0.000) -> Pt_SHFlg <= 0.000) -> AutonomicNeuroCl >= 0.000)
",0.000,0.000,0.000,0.000,1.000,0,0,0,1,1,0,0,1,0.0,0.0,0.0,0.0,0.0,1.0,-1
"F[0,1](((Pt_InsGov <= 0.000 & Pt_A1cGoalLev >= 15.000) -> Pt_SiblingT1D >= 15.000) -> bmiPerc <= 15.000)
",0.000,0.000,0.000,0.000,1.000,0,0,0,1,1,0,0,1,0.0,0.0,0.0,0.0,0.0,1.0,-1
"F[0,2]((Pt_FatherT1D <= 0.000 | DirectLDL <= 178.300) -> bmi >= 178.300)
",0.000,0.000,0.000,0.000,1.000,0,0,0,1,1,0,0,1,0.0,0.0,0.0,0.0,0.0,1.0,-1
"F[1,2]((bmi >= 0.000 & BGTestAvgNumPtRep <= 1.000) -> Pt_GrandparentT1D >= 1.000)
",0.000,0.000,0.000,0.000,1.000,0,0,0,1,1,0,0,1,0.0,0.0,0.0,0.0,0.0,1.0,-1
"F[0,2](((Pt_GrandchildT1D >= 0.000 & WeightKg <= 1.000) | TotalDailyInsPerKg <= 1.000) & GFR >= 1.000)
",0.000,0.000,0.000,0.000,1.000,0,0,0,1,1,0,0,1,0.0,0.0,0.0,0.0,0.0,1.0,-1
"F[2,2](((Pt_SHFlg <= 0.000 -> SMBGperDayPtMeterCombo <= 72.000) & bmiPerc <= 72.000) | LDL >= 72.000)
",0.000,0.000,0.000,0.000,1.000,0,0,0,1,1,0,0,1,0.0,0.0,0.0,0.0,0.0,1.0,-1
"F[1,2](((diabDur >= 18.000 | bmiZscore <= 0.748) -> diabDur >= 0.748) & bmi >= 0.748)
",0.000,0.000,0.000,0.000,1.000,0,0,0,1,1,0,0,1,0.0,0.0,0.0,0.0,0.0,1.0,-1
"F[0,0](((Pt_InsGov <= 0.000 & Pt_GrandchildT1D <= 0.000) | bmiPerc >= 0.000) & HDL >= 0.000)
",0.000,0.000,0.000,0.000,1.000,0,0,0,1,1,0,0,1,0.0,0.0,0.0,0.0,0.0,1.0,-1
"F[1,2]((Pt_CGMUseNumDays <= 5153.000 | WeightKg >= 1.000) -> diagAgeCombo >= 1.000)
",0.000,0.000,0.000,0.000,1.000,0,0,0,1,1,0,0,1,0.0,0.0,0.0,0.0,0.0,1.0,-1
"((TotChol <= 44.000) U[0,1] (age <= 0.000))
",0.000,0.000,0.000,0.000,1.000,0,0,0,1,1,0,0,1,0.0,0.0,0.0,0.0,0.0,1.0,-1
"((diagAgeCombo <= 0.000) U[0,2] (HbA1c <= 0.000))
",0.000,0.000,0.000,0.000,1.000,0,0,0,1,1,0,0,1,0.0,0.0,0.0,0.0,0.0,1.0,-1
"F[2,2](HeightCm >= 76.600 & HeightCm >= 76.600)
",0.000,0.000,0.000,0.000,1.000,0,0,0,1,1,0,0,1,0.0,0.0,0.0,0.0,0.0,1.0,-1
"F[1,1](((HDL <= 86.000 | Pt_ChildT1D >= 0.000) -> age >= 0.000) & DirectLDL >= 0.000)
",0.000,0.000,0.000,0.000,1.000,0,0,0,1,1,0,0,1,0.0,0.0,0.0,0.0,0.0,1.0,-1
"F[1,2](((HDL >= 86.000 & Triglyc >= 144.000) | Pt_SHFlg <= 144.000) | bmiZscore <= 144.000)
",0.000,0.000,0.000,0.000,1.000,0,0,0,1,1,0,0,1,0.0,0.0,0.0,0.0,0.0,1.0,-1
"F[1,2]((UnitsInsBasalOrLongAct >= 0.000 & HbA1c >= 0.000) | diabDur <= 0.000)
",0.000,0.000,0.000,0.000,1.000,0,0,0,1,1,0,0,1,0.0,0.0,0.0,0.0,0.0,1.0,-1
"F[1,2]((Pt_DKAFlg >= 0.000 -> bmiPerc <= 24.095) & Pt_InsGov <= 24.095)
",0.000,0.000,0.000,0.000,1.000,0,0,0,1,1,0,0,1,0.0,0.0,0.0,0.0,0.0,1.0,-1
"F[1,2]((Pt_MotherT1D <= 1.000 | BldPrDia <= 118.000) & LDL >= 118.000)
",0.000,0.000,0.000,0.000,1.000,0,0,0,1,1,0,0,1,0.0,0.0,0.0,0.0,0.0,1.0,-1
"F[0,1](TotChol <= 44.000 & BUN >= 69.000)
",0.000,0.000,0.000,0.000,1.000,0,0,0,1,1,0,0,1,0.0,0.0,0.0,0.0,0.0,1.0,-1
"F[2,2](((DirectLDL >= 178.300 -> Pt_MotherT1D <= 1.000) | bmiZscore >= 1.000) | HbA1cImputeDtMnC >= 1.000)
",0.000,0.000,0.000,0.000,1.000,0,0,0,1,1,0,0,1,0.0,0.0,0.0,0.0,0.0,1.0,-1
"F[2,2](((AlbCreatRat_mggNew >= 13.000 & Pt_GrandchildT1D >= 0.000) & LDL >= 0.000) -> AlbCreatRat_mggNew >= 0.000)
",0.000,0.000,0.000,0.000,1.000,0,0,0,1,1,0,0,1,0.0,0.0,0.0,0.0,0.0,1.0,-1
"F[0,2]((BGTestAvgNumPtRep <= 1.000 & TotalDailyInsPerKg >= 2.000) & Pt_GrandparentT1D <= 2.000)
",0.000,0.000,0.000,0.000,1.000,0,0,0,1,1,0,0,1,0.0,0.0,0.0,0.0,0.0,1.0,-1
"F[1,2](((TSH >= 0.000 | Pt_SHFlg >= 0.000) & HDL >= 0.000) & diabDur <= 0.000)
",0.000,0.000,0.000,0.000,1.000,0,0,0,1,1,0,0,1,0.0,0.0,0.0,0.0,0.0,1.0,-1
"F[0,1]((Triglyc <= 144.000 & LDL >= 0.940) | GFR >= 0.940)
",0.000,0.000,0.000,0.000,1.000,0,0,0,1,1,0,0,1,0.0,0.0,0.0,0.0,0.0,1.0,-1
"F[1,2](HbA1cImputeDtMnC >= 0.000 | Pt_GrandchildT1D >= 0.000)
",0.000,0.000,0.000,0.000,1.000,0,0,0,1,1,0,0,1,0.0,0.0,0.0,0.0,0.0,1.0,-1
"((SMBGperDayPtMeterCombo >= 72.000) U[2,2] (TSH >= 0.000))
",0.000,0.000,0.000,0.000,1.000,0,0,0,1,1,0,0,1,0.0,0.0,0.0,0.0,0.0,1.0,-1
"F[1,1](HbA1c >= 0.000 -> Pt_SHFlg = 0.000)
",0.000,0.000,0.000,0.000,1.000,0,0,0,1,1,0,0,1,0.0,0.0,0.0,0.0,0.0,1.0,-1
"F[1,2](HbA1c >= 0.000 -> Pt_A1cGoalLevelDsYr5 = 0.000)
",0.000,0.000,0.000,0.000,1.000,0,0,0,1,1,0,0,1,0.0,0.0,0.0,0.0,0.0,1.0,-1
"F[0,0](BldPrSys >= 0.000 & Pt_SHFlg = 0.000)
",0.000,0.000,0.000,0.000,1.000,0,0,0,1,1,0,0,1,0.0,0.0,0.0,0.0,0.0,1.0,-1
"((Pt_GrandparentT1D > 0.000) U[1,2] (Pt_SHFlg = 0.000))
",0.000,0.000,0.000,0.000,1.000,0,0,0,1,1,0,0,1,0.0,0.0,0.0,0.0,0.0,1.0,-1
"F[1,2]((BldPrSys >= 0.000 & NumPumpBolusOrShortAct >= 1.000) & UnitsInsBasalOrLongAct >= 1.000)
",0.000,0.000,0.000,0.000,1.000,0,0,0,1,1,0,0,1,0.0,0.0,0.0,0.0,0.0,1.0,-1
"((HeightCm < 76.600) U[0,1] (Pt_SHFlg = 0.000))
",0.000,0.000,0.000,0.000,1.000,0,0,0,1,1,0,0,1,0.0,0.0,0.0,0.0,0.0,1.0,-1
"F[0,2](HbA1c >= 0.000 -> Pt_A1cGoalLevelDsYr5 = 0.000)
",0.000,0.000,0.000,0.000,1.000,0,0,0,1,1,0,0,1,0.0,0.0,0.0,0.0,0.0,1.0,-1
"((BGTestAvgNumMeter >= 0.000) U[0,1] (BGTestAvgNumPtRep <= 1.000))
",0.000,0.000,0.000,0.000,1.000,0,0,0,1,1,0,0,1,0.0,0.0,0.0,0.0,0.0,1.0,-1
"F[2,2](HbA1c >= 0.000 -> Pt_A1cGoalLevelDsYr5 = 0.000)
",0.000,0.000,0.000,0.000,1.000,0,0,0,1,1,0,0,1,0.0,0.0,0.0,0.0,0.0,1.0,-1
"((BGTestAvgNumMeter >= 0.000) U[0,1] (BGTestAvgNumPtRep <= 1.000))
",0.000,0.000,0.000,0.000,1.000,0,0,0,1,1,0,0,1,0.0,0.0,0.0,0.0,0.0,1.0,-1
"F[1,2](HbA1c >= 0.000 -> Pt_A1cGoalLevelDsYr5 = 0.000)
",0.000,0.000,0.000,0.000,1.000,0,0,0,1,1,0,0,1,0.0,0.0,0.0,0.0,0.0,1.0,-1
"((BGTestAvgNumMeter >= 0.000) U[0,2] (BGTestAvgNumPtRep <= 1.000))
",0.000,0.000,0.000,0.000,1.000,0,0,0,1,1,0,0,1,0.0,0.0,0.0,0.0,0.0,1.0,-1
"F[0,2](HbA1c >= 0.000 -> Pt_A1cGoalLevelDsYr5 = 0.000)
",0.000,0.000,0.000,0.000,1.000,0,0,0,1,1,0,0,1,0.0,0.0,0.0,0.0,0.0,1.0,-1
"((BGTestAvgNumMeter >= 0.000) U[2,2] (BGTestAvgNumPtRep <= 1.000))
",0.000,0.000,0.000,0.000,1.000,0,0,0,1,1,0,0,1,0.0,0.0,0.0,0.0,0.0,1.0,-1
"F[1,1](HbA1c >= 0.000 -> Pt_A1cGoalLevelDsYr5 = 0.000)
",0.000,0.000,0.000,0.000,1.000,0,0,0,1,1,0,0,1,0.0,0.0,0.0,0.0,0.0,1.0,-1
"((BGTestAvgNumMeter >= 0.000) U[0,1] (BGTestAvgNumPtRep <= 1.000))
",0.000,0.000,0.000,0.000,1.000,0,0,0,1,1,0,0,1,0.0,0.0,0.0,0.0,0.0,1.0,-1
"F[0,0](HbA1c >= 0.000 -> Pt_A1cGoalLevelDsYr5 = 0.000)
",0.000,0.000,0.000,0.000,1.000,0,0,0,1,1,0,0,1,0.0,0.0,0.0,0.0,0.0,1.0,-1
"F[1,1](((Pt_A1cGoalLevelDsYr5 <= 0.000 & Pt_A1cGoalLevelDsYr5 >= 0.000) | Pt_A1cGoalLevelDsYr5 <= 0.000) -> Pt_DKAFlg <= 0.000)
",0.000,0.000,0.000,0.000,1.000,0,0,0,1,1,0,0,1,0.0,0.0,0.0,0.0,0.0,1.0,-1
"F[2,2]((TotalDailyInsPerKg <= 2.000 -> Triglyc <= 144.000) -> TSH >= 144.000)
",0.000,0.000,0.000,0.000,1.000,0,0,0,1,1,0,0,1,0.0,0.0,0.0,0.0,0.0,1.0,-1
"F[2,2](BldPrDia >= 118.000 -> Triglyc <= 144.000)
",0.000,0.000,0.000,0.000,1.000,0,0,0,1,1,0,0,1,0.0,0.0,0.0,0.0,0.0,1.0,-1
"((TSH >= 0.000) U[0,2] (diagAgeCombo >= 0.000))
",0.000,0.000,0.000,0.000,1.000,0,0,0,1,1,0,0,1,0.0,0.0,0.0,0.0,0.0,1.0,-1
"F[1,2](((Pt_FatherT1D >= 0.000 -> Pt_GrandchildT1D <= 0.000) | bmiZscore >= 0.000) & HeightCm >= 0.000)
",0.000,0.000,0.000,0.000,1.000,0,0,0,1,1,0,0,1,0.0,0.0,0.0,0.0,0.0,1.0,-1
"F[0,1](((SMBGperDayPtMeterCombo <= 72.000 -> Pt_MotherT1D >= 1.000) -> AutonomicNeuroCl >= 1.000) | TSH <= 1.000)
",0.000,0.000,0.000,0.000,1.000,0,0,0,1,1,0,0,1,0.0,0.0,0.0,0.0,0.0,1.0,-1
"F[1,2](((HbA1c <= 0.000 -> BGTestAvgNumPtRep <= 1.000) & Pt_FatherT1D >= 1.000) & Pt_SHFlg >= 1.000)
",0.000,0.000,0.000,0.000,1.000,0,0,0,1,1,0,0,1,0.0,0.0,0.0,0.0,0.0,1.0,-1
"F[0,2]((bmi >= 0.000 | TotChol <= 44.000) | Pt_MotherT1D <= 44.000)
",0.000,0.000,0.000,0.000,1.000,0,0,0,1,1,0,0,1,0.0,0.0,0.0,0.0,0.0,1.0,-1
"F[1,2](((TotChol >= 44.000 -> Pt_MotherT1D <= 1.000) & HeightCm <= 1.000) & BGTestAvgNumMeter <= 1.000)
",0.000,0.000,0.000,0.000,1.000,0,0,0,1,1,0,0,1,0.0,0.0,0.0,0.0,0.0,1.0,-1
"F[0,2](((BUN <= 69.000 -> Pt_DKAFlg <= 0.000) | BGTestAvgNumMeter >= 0.000) -> Pt_A1cGoalLev <= 0.000)
",0.000,0.000,0.000,0.000,1.000,0,0,0,1,1,0,0,1,0.0,0.0,0.0,0.0,0.0,1.0,-1
"F[0,0]((GFR >= 0.670 | Pt_CGMUseNumDays <= 5153.000) | BldPrSys >= 5153.000)
",0.000,0.000,0.000,0.000,1.000,0,0,0,1,1,0,0,1,0.0,0.0,0.0,0.0,0.0,1.0,-1
"F[1,2]((BUN <= 69.000 | BldPrDia >= 118.000) | UnitsInsBasalOrLongAct >= 118.000)
",0.000,0.000,0.000,0.000,1.000,0,0,0,1,1,0,0,1,0.0,0.0,0.0,0.0,0.0,1.0,-1
"F[1,2](NumPumpBolusOrShortAct <= 1.000 -> WeightKg <= 1.000)
",0.000,0.000,0.000,0.000,1.000,0,0,0,1,1,0,0,1,0.0,0.0,0.0,0.0,0.0,1.0,-1
"F[2,2](((Pt_SHFlg <= 0.000 -> AutonomicNeuroCl <= 10.400) -> BUN >= 10.400) | Pt_ChildT1D >= 10.400)
",0.000,0.000,0.000,0.000,1.000,0,0,0,1,1,0,0,1,0.0,0.0,0.0,0.0,0.0,1.0,-1
"F[2,2]((NumPumpBolusOrShortAct >= 1.000 -> GFR >= 0.670) & GFR >= 0.670)
",0.000,0.000,0.000,0.000,1.000,0,0,0,1,1,0,0,1,0.0,0.0,0.0,0.0,0.0,1.0,-1
"F[0,2](((TSH >= 0.000 -> SMBGperDayPtMeterCombo >= 72.000) -> TotChol <= 72.000) & DirectLDL <= 72.000)
",0.000,0.000,0.000,0.000,1.000,0,0,0,1,1,0,0,1,0.0,0.0,0.0,0.0,0.0,1.0,-1
"F[0,1]((TSH >= 0.000 | HbA1cImputeDtMnC <= 0.000) -> diagAgeCombo >= 0.000)
",0.000,0.000,0.000,0.000,1.000,0,0,0,1,1,0,0,1,0.0,0.0,0.0,0.0,0.0,1.0,-1
"F[2,2](((Pt_SHFlg >= 0.000 | HbA1c <= 0.000) | Pt_A1cGoalLev <= 0.000) | TSH >= 0.000)
",0.000,0.000,0.000,0.000,1.000,0,0,0,1,1,0,0,1,0.0,0.0,0.0,0.0,0.0,1.0,-1
"((BGTestAvgNumMeter >= 0.000) U[0,1] (BGTestAvgNumPtRep <= 1.000))
",0.000,0.000,0.000,0.000,1.000,0,0,0,1,1,0,0,1,0.0,0.0,0.0,0.0,0.0,1.0,-1
"((BGTestAvgNumMeter >= 0.000) U[0,0] (BGTestAvgNumPtRep <= 1.000))
",0.000,0.000,0.000,0.000,1.000,0,0,0,1,1,0,0,1,0.0,0.0,0.0,0.0,0.0,1.0,-1
"F[1,2]((HbA1cImputeDtMnC >= 0.000 & Pt_CGMUseNumDays >= 5153.000) & Pt_InsGov >= 5153.000)
",0.000,0.000,0.000,0.000,1.000,0,0,0,1,1,0,0,1,0.0,0.0,0.0,0.0,0.0,1.0,-1
"F[1,2](HbA1c >= 0.000 -> Pt_A1cGoalLevelDsYr5 = 0.000)
",0.000,0.000,0.000,0.000,1.000,0,0,0,1,1,0,0,1,0.0,0.0,0.0,0.0,0.0,1.0,-1
"F[0,2](diagAgeCombo > 0.000 & Pt_SHFlg = 0.000)
",0.000,0.000,0.000,0.000,1.000,0,0,0,1,1,0,0,1,0.0,0.0,0.0,0.0,0.0,1.0,-1
"((HbA1c >= 0.000) U[2,2] (Pt_SHFlg = 0.000))
",0.000,0.000,0.000,0.000,1.000,0,0,0,1,1,0,0,1,0.0,0.0,0.0,0.0,0.0,1.0,-1
"F[1,2](BUN >= 69.000 & Pt_SHFlg = 0.000)
",0.000,0.000,0.000,0.000,1.000,0,0,0,1,1,0,0,1,0.0,0.0,0.0,0.0,0.0,1.0,-1
"F[0,2](SMBGperDayPtMeterCombo <= 72.000 & Pt_SHFlg = 0.000)
",0.000,0.000,0.000,0.000,1.000,0,0,0,1,1,0,0,1,0.0,0.0,0.0,0.0,0.0,1.0,-1
"F[0,1](HeightCm < 76.600 -> Pt_SHFlg = 0.000)
",0.000,0.000,0.000,0.000,1.000,0,0,0,1,1,0,0,1,0.0,0.0,0.0,0.0,0.0,1.0,-1
"F[0,1](BGTestAvgNumMeter >= 0.000 | Pt_FatherT1D <= 0.000)
",0.000,0.000,0.000,0.000,1.000,0,0,0,1,1,0,0,1,0.0,0.0,0.0,0.0,0.0,1.0,-1
"((BGTestAvgNumMeter >= 0.000) U[0,1] (Pt_A1cGoalLevelDsYr5 >= 0.000))
",0.000,0.000,0.000,0.000,1.000,0,0,0,1,1,0,0,1,0.0,0.0,0.0,0.0,0.0,1.0,-1
"((BGTestAvgNumMeter >= 0.000) U[0,2] (BGTestAvgNumPtRep <= 1.000))
",0.000,0.000,0.000,0.000,1.000,0,0,0,1,1,0,0,1,0.0,0.0,0.0,0.0,0.0,1.0,-1
"F[1,1]((GFR <= 0.670 & LDL >= 0.940) | HbA1c >= 0.940)
",0.000,0.000,0.000,0.000,1.000,0,0,0,1,1,0,0,1,0.0,0.0,0.0,0.0,0.0,1.0,-1
"F[0,1](age <= 0.000 -> Pt_GrandchildT1D <= 0.000)
",0.000,0.000,0.000,0.000,1.000,0,0,0,1,1,0,0,1,0.0,0.0,0.0,0.0,0.0,1.0,-1
"F[1,2](Triglyc >= 144.000 -> Pt_A1cGoalLev >= 15.000)
",0.000,0.000,0.000,0.000,1.000,0,0,0,1,1,0,0,1,0.0,0.0,0.0,0.0,0.0,1.0,-1
"F[0,2](((age <= 0.000 -> bmiPerc >= 24.095) & age >= 24.095) | BldPrDia <= 24.095)
",0.000,0.000,0.000,0.000,1.000,0,0,0,1,1,0,0,1,0.0,0.0,0.0,0.0,0.0,1.0,-1
"F[1,1]((NumPumpBolusOrShortAct <= 1.000 | Triglyc <= 144.000) & LDL >= 144.000)
",0.000,0.000,0.000,0.000,1.000,0,0,0,1,1,0,0,1,0.0,0.0,0.0,0.0,0.0,1.0,-1
"F[0,2]((Pt_ChildT1D <= 0.000 & Pt_ChildT1D >= 0.000) & TSH >= 0.000)
",0.000,0.000,0.000,0.000,1.000,0,0,0,1,1,0,0,1,0.0,0.0,0.0,0.0,0.0,1.0,-1
"F[1,1]((Pt_ChildT1D <= 0.000 | bmiPerc <= 24.095) -> bmiPerc >= 24.095)
",0.000,0.000,0.000,0.000,1.000,0,0,0,1,1,0,0,1,0.0,0.0,0.0,0.0,0.0,1.0,-1
"F[0,2](NumPumpBolusOrShortAct >= 1.000 -> Pt_SHFlg = 0.000)
",0.000,0.000,0.000,0.000,1.000,0,0,0,1,1,0,0,1,0.0,0.0,0.0,0.0,0.0,1.0,-1
"F[1,2](Pt_A1cGoalLevelDsYr5 > 0.000 & Pt_SHFlg = 0.000)
",0.000,0.000,0.000,0.000,1.000,0,0,0,1,1,0,0,1,0.0,0.0,0.0,0.0,0.0,1.0,-1
"((Pt_ChildT1D > 0.000) U[0,2] (Pt_SHFlg = 0.000))
",0.000,0.000,0.000,0.000,1.000,0,0,0,1,1,0,0,1,0.0,0.0,0.0,0.0,0.0,1.0,-1
"((UnitsInsBasalOrLongAct >= 0.000) U[0,1] (Pt_SHFlg = 0.000))
",0.000,0.000,0.000,0.000,1.000,0,0,0,1,1,0,0,1,0.0,0.0,0.0,0.0,0.0,1.0,-1
"((BGTestAvgNumMeter >= 0.000) U[0,1] (BGTestAvgNumPtRep <= 1.000))
",0.000,0.000,0.000,0.000,1.000,0,0,0,1,1,0,0,1,0.0,0.0,0.0,0.0,0.0,1.0,-1
"F[0,1](HbA1c >= 0.000 -> Pt_A1cGoalLevelDsYr5 = 0.000)
",0.000,0.000,0.000,0.000,1.000,0,0,0,1,1,0,0,1,0.0,0.0,0.0,0.0,0.0,1.0,-1
"((BGTestAvgNumMeter >= 0.000) U[0,2] (BGTestAvgNumPtRep <= 1.000))
",0.000,0.000,0.000,0.000,1.000,0,0,0,1,1,0,0,1,0.0,0.0,0.0,0.0,0.0,1.0,-1
"((Pt_SiblingT1D <= 0.000) U[1,2] (Pt_SHFlg = 0.000))
",0.000,0.000,0.000,0.000,1.000,0,0,0,1,1,0,0,1,0.0,0.0,0.0,0.0,0.0,1.0,-1
"((HbA1c > 0.000) U[0,1] (Pt_SHFlg = 0.000))
",0.000,0.000,0.000,0.000,1.000,0,0,0,1,1,0,0,1,0.0,0.0,0.0,0.0,0.0,1.0,-1
"F[0,1](Pt_FatherT1D >= 0.000 -> Pt_SHFlg = 0.000)
",0.000,0.000,0.000,0.000,1.000,0,0,0,1,1,0,0,1,0.0,0.0,0.0,0.0,0.0,1.0,-1
"((Pt_SHFlg > 0.000) U[0,1] (Pt_SHFlg = 0.000))
",0.000,0.000,0.000,0.000,1.000,0,0,0,1,1,0,0,1,0.0,0.0,0.0,0.0,0.0,1.0,-1
"F[0,0](BUN > 69.000 -> Pt_SHFlg = 0.000)
",0.000,0.000,0.000,0.000,1.000,0,0,0,1,1,0,0,1,0.0,0.0,0.0,0.0,0.0,1.0,-1
"((TSH >= 0.000) U[1,2] (Pt_SHFlg = 0.000))
",0.000,0.000,0.000,0.000,1.000,0,0,0,1,1,0,0,1,0.0,0.0,0.0,0.0,0.0,1.0,-1
"((BldPrSys > 0.000) U[1,2] (Pt_SHFlg = 0.000))
",0.000,0.000,0.000,0.000,1.000,0,0,0,1,1,0,0,1,0.0,0.0,0.0,0.0,0.0,1.0,-1
"((SMBGperDayPtMeterCombo >= 72.000) U[1,1] (Pt_SHFlg = 0.000))
",0.000,0.000,0.000,0.000,1.000,0,0,0,1,1,0,0,1,0.0,0.0,0.0,0.0,0.0,1.0,-1
"((BUN > 69.000) U[0,0] (Pt_SHFlg = 0.000))
",0.000,0.000,0.000,0.000,1.000,0,0,0,1,1,0,0,1,0.0,0.0,0.0,0.0,0.0,1.0,-1
"F[1,1](HbA1c >= 0.000 -> Pt_SHFlg = 0.000)
",0.000,0.000,0.000,0.000,1.000,0,0,0,1,1,0,0,1,0.0,0.0,0.0,0.0,0.0,1.0,-1
"F[2,2](NumPumpBolusOrShortAct >= 1.000 & Pt_SHFlg = 0.000)
",0.000,0.000,0.000,0.000,1.000,0,0,0,1,1,0,0,1,0.0,0.0,0.0,0.0,0.0,1.0,-1
"F[0,2]((BGTestAvgNumMeter <= 0.000 & Triglyc <= 144.000) | BldPrSys >= 144.000)
",0.000,0.000,0.000,0.000,1.000,0,0,0,1,1,0,0,1,0.0,0.0,0.0,0.0,0.0,1.0,-1
"F[1,2]((Triglyc >= 144.000 | Pt_MotherT1D <= 1.000) & TotalDailyInsPerKg <= 1.000)
",0.000,0.000,0.000,0.000,1.000,0,0,0,1,1,0,0,1,0.0,0.0,0.0,0.0,0.0,1.0,-1
"F[0,1]((BGTestAvgNumMeter <= 0.000 | age <= 0.000) | Pt_ChildT1D >= 0.000)
",0.000,0.000,0.000,0.000,1.000,0,0,0,1,1,0,0,1,0.0,0.0,0.0,0.0,0.0,1.0,-1
"G[1,2](HbA1c <= 0.000 -> bmiPerc >= 24.095)
",0.000,0.000,0.000,1.000,0.000,0,0,1,0,0,1,1,0,0.0,0.0,1.0,0.0,0.0,1.0,1
"G[1,1](((bmiPerc >= 24.095 | diagAgeCombo <= 0.000) | HbA1cImputeDtMnC >= 0.000) -> BUN <= 0.000)
",0.000,0.000,0.000,1.000,0.000,0,0,1,0,0,1,1,0,0.0,0.0,1.0,0.0,0.0,1.0,1
"G[2,2](HeightCm >= 76.600 -> Pt_SHFlg >= 0.000)
",0.000,0.000,0.000,1.000,0.000,0,0,1,0,0,1,1,0,0.0,0.0,1.0,0.0,0.0,1.0,1
"G[1,1](((HbA1c <= 0.000 | Pt_A1cGoalLev >= 15.000) & Pt_SHFlg >= 15.000) -> BldPrDia >= 15.000)
",0.000,0.000,0.000,1.000,0.000,0,0,1,0,0,1,1,0,0.0,0.0,1.0,0.0,0.0,1.0,1
"G[0,2](((SMBGperDayPtMeterCombo <= 72.000 & BGTestAvgNumMeter <= 0.000) -> GFR <= 0.000) | Pt_ChildT1D <= 0.000)
",0.000,0.000,0.000,1.000,0.000,0,0,1,0,0,1,1,0,0.0,0.0,1.0,0.0,0.0,1.0,1
"G[1,2](bmiPerc >= 24.095 & NumPumpBolusOrShortAct >= 1.000)
",0.000,0.000,0.000,1.000,0.000,0,0,1,0,0,1,1,0,0.0,0.0,1.0,0.0,0.0,1.0,1
"G[1,2](((Pt_SHFlg >= 0.000 & diagAgeCombo >= 0.000) -> HDL <= 0.000) & Triglyc <= 0.000)
",0.000,0.000,0.000,1.000,0.000,0,0,1,0,0,1,1,0,0.0,0.0,1.0,0.0,0.0,1.0,1
"G[1,1](((bmiZscore <= 0.748 & bmiZscore <= 0.748) -> TotalDailyInsPerKg >= 0.748) | AlbCreatRat_mggNew <= 0.748)
",0.000,0.000,0.000,1.000,0.000,0,0,1,0,0,1,1,0,0.0,0.0,1.0,0.0,0.0,1.0,1
"G[1,1](Pt_InsGov >= 0.000 -> Pt_SHFlg >= 0.000)
",0.000,0.000,0.000,1.000,0.000,0,0,1,0,0,1,1,0,0.0,0.0,1.0,0.0,0.0,1.0,1
"G[0,2](TSH >= 0.000 -> Pt_DKAFlg <= 0.000)
",0.000,0.000,0.000,1.000,0.000,0,0,1,0,0,1,1,0,0.0,0.0,1.0,0.0,0.0,1.0,1
"G[0,1]((HDL >= 86.000 | HDL <= 86.000) | bmi >= 86.000)
",0.000,0.000,0.000,1.000,0.000,0,0,1,0,0,1,1,0,0.0,0.0,1.0,0.0,0.0,1.0,1
"G[1,1](BGTestAvgNumMeter >= 0.000 | diabDur <= 18.000)
",0.000,0.000,0.000,1.000,0.000,0,0,1,0,0,1,1,0,0.0,0.0,1.0,0.0,0.0,1.0,1
"G[0,2](((bmiZscore <= 0.748 -> TSH <= 0.000) & BUN <= 0.000) | BGTestAvgNumMeter >= 0.000)
",0.000,0.000,0.000,1.000,0.000,0,0,1,0,0,1,1,0,0.0,0.0,1.0,0.0,0.0,1.0,1
"G[0,1](Pt_SiblingT1D >= 0.000 & BGTestAvgNumMeter >= 0.000)
",0.000,0.000,0.000,1.000,0.000,0,0,1,0,0,1,1,0,0.0,0.0,1.0,0.0,0.0,1.0,1
"G[1,2](((NumPumpBolusOrShortAct >= 1.000 & DirectLDL <= 178.300) & Pt_GrandchildT1D >= 178.300) -> HbA1cImputeDtMnC >= 178.300)
",0.000,0.000,0.000,1.000,0.000,0,0,1,0,0,1,1,0,0.0,0.0,1.0,0.0,0.0,1.0,1
"G[2,2](((Pt_GrandchildT1D >= 0.000 -> WeightKg <= 1.000) | WeightKg >= 1.000) | HbA1cImputeDtMnC <= 1.000)
",0.000,0.000,0.000,1.000,0.000,0,0,1,0,0,1,1,0,0.0,0.0,1.0,0.0,0.0,1.0,1
"G[0,2]((diabDur >= 18.000 -> bmi >= 0.000) -> HbA1c <= 0.000)
",0.000,0.000,0.000,1.000,0.000,0,0,0,1,1,0,0,1,0.0,0.0,0.0,0.0,0.0,1.0,1
"G[0,1]((WeightKg >= 1.000 -> LDL <= 0.940) -> DirectLDL >= 0.940)
",0.000,0.000,0.000,1.000,0.000,0,0,1,0,0,1,1,0,0.0,0.0,1.0,0.0,0.0,1.0,1
"G[1,2](((TotalDailyInsPerKg >= 2.000 | Pt_FatherT1D >= 0.000) & diabDur >= 0.000) | bmiZscore >= 0.000)
",0.000,0.000,0.000,1.000,0.000,0,0,1,0,0,1,1,0,0.0,0.0,1.0,0.0,0.0,1.0,1
"G[0,2](((diagAgeCombo <= 0.000 & Pt_MotherT1D >= 1.000) | TSH >= 1.000) | BUN <= 1.000)
",0.000,0.000,0.000,1.000,0.000,0,0,0,1,1,0,0,1,0.0,0.0,0.0,0.0,0.0,1.0,1
"G[1,2](bmiPerc >= 24.095 | WeightKg <= 1.000)
",0.000,0.000,0.000,1.000,0.000,0,0,1,0,0,1,1,0,0.0,0.0,1.0,0.0,0.0,1.0,1
"G[1,1]((Pt_FatherT1D >= 0.000 -> Pt_GrandchildT1D >= 0.000) -> bmi >= 0.000)
",0.000,0.000,0.000,1.000,0.000,0,0,1,0,0,1,1,0,0.0,0.0,1.0,0.0,0.0,1.0,1
"G[0,0]((AlbCreatRat_mggNew >= 13.000 -> Pt_SiblingT1D <= 0.000) & HbA1c <= 0.000)
",0.000,0.000,0.000,1.000,0.000,0,0,0,1,1,0,0,1,0.0,0.0,0.0,0.0,0.0,1.0,1
"G[1,2]((BldPrSys <= 0.000 | diabDur <= 18.000) -> age <= 18.000)
",0.000,0.000,0.000,1.000,0.000,0,0,1,0,0,1,1,0,0.0,0.0,1.0,0.0,0.0,1.0,1
"G[0,2]((SMBGperDayPtMeterCombo >= 72.000 | UnitsInsBasalOrLongAct >= 0.000) | Pt_SHFlg >= 0.000)
",0.000,0.000,0.000,1.000,0.000,0,0,1,0,0,1,1,0,0.0,0.0,1.0,0.0,0.0,1.0,1
"G[1,2](Pt_GrandparentT1D <= 0.000 & Triglyc <= 144.000)
",0.000,0.000,0.000,1.000,0.000,0,0,1,0,0,1,1,0,0.0,0.0,1.0,0.0,0.0,1.0,1
"G[0,1]((Pt_SHFlg >= 0.000 | Pt_SiblingT1D <= 0.000) -> Pt_GrandchildT1D >= 0.000)
",0.000,0.000,0.000,1.000,0.000,0,0,1,0,0,1,1,0,0.0,0.0,1.0,0.0,0.0,1.0,1
"G[0,0](BldPrDia >= 118.000 & Pt_InsGov <= 0.000)
",0.000,0.000,0.000,1.000,0.000,0,0,0,1,1,0,0,1,0.0,0.0,0.0,0.0,0.0,1.0,1
"G[0,1](TotalDailyInsPerKg >= 2.000 -> age >= 0.000)
",0.000,0.000,0.000,1.000,0.000,0,0,1,0,0,1,1,0,0.0,0.0,1.0,0.0,0.0,1.0,1
"G[1,2](((Pt_CGMUseNumDays >= 5153.000 & Pt_A1cGoalLev >= 15.000) | Pt_SiblingT1D >= 15.000) -> Pt_InsGov >= 15.000)
",0.000,0.000,0.000,1.000,0.000,0,0,1,0,0,1,1,0,0.0,0.0,1.0,0.0,0.0,1.0,1
"G[0,2]((bmiZscore <= 0.748 -> GFR >= 0.670) | Pt_DKAFlg >= 0.670)
",0.000,0.000,0.000,1.000,0.000,0,0,0,1,1,0,0,1,0.0,0.0,0.0,0.0,0.0,1.0,1
"G[0,2](((TSH >= 0.000 -> TSH >= 0.000) -> HeightCm >= 0.000) | Pt_A1cGoalLevelDsYr5 <= 0.000)
",0.000,0.000,0.000,1.000,0.000,0,0,1,0,0,1,1,0,0.0,0.0,1.0,0.0,0.0,1.0,1
"G[0,2](((WeightKg <= 1.000 -> LDL >= 0.940) -> Pt_CGMUseNumDays <= 0.940) & age <= 0.940)
",0.000,0.000,0.000,1.000,0.000,0,0,0,1,1,0,0,1,0.0,0.0,0.0,0.0,0.0,1.0,1
"G[2,2](Pt_GrandchildT1D >= 0.000 | Pt_ChildT1D >= 0.000)
",0.000,0.000,0.000,1.000,0.000,0,0,1,0,0,1,1,0,0.0,0.0,1.0,0.0,0.0,1.0,1
"G[0,2](((Pt_A1cGoalLevelDsYr5 >= 0.000 -> BUN <= 69.000) & BUN >= 69.000) | Pt_FatherT1D <= 69.000)
",0.000,0.000,0.000,1.000,0.000,0,0,1,0,0,1,1,0,0.0,0.0,1.0,0.0,0.0,1.0,1
"F[1,1](HbA1cImputeDtMnC <= 0.000 | HeightCm <= 76.600)
",0.000,0.000,0.000,0.000,1.000,0,0,0,1,1,0,0,1,0.0,0.0,0.0,0.0,0.0,1.0,-1
"G[0,2](DirectLDL < 178.300 & Pt_SHFlg = 0.000)
",0.000,0.000,0.000,1.000,0.000,0,0,1,0,0,1,1,0,0.0,0.0,1.0,0.0,0.0,1.0,1
"G[0,2](Triglyc >= 144.000 -> Pt_SHFlg = 0.000)
",0.000,0.000,0.000,1.000,0.000,0,0,1,0,0,1,1,0,0.0,0.0,1.0,0.0,0.0,1.0,1
"G[0,2](HbA1cImputeDtMnC >= 0.000 & Pt_SHFlg = 0.000)
",0.000,0.000,0.000,1.000,0.000,0,0,1,0,0,1,1,0,0.0,0.0,1.0,0.0,0.0,1.0,1
"G[2,2](BldPrDia >= 118.000 & Pt_SHFlg = 0.000)
",0.000,0.000,0.000,1.000,0.000,0,0,1,0,0,1,1,0,0.0,0.0,1.0,0.0,0.0,1.0,1
"G[0,2](TotChol < 44.000 -> Pt_SHFlg = 0.000)
",0.000,0.000,0.000,1.000,0.000,0,0,1,0,0,1,1,0,0.0,0.0,1.0,0.0,0.0,1.0,1
"G[1,2](Pt_CGMUseNumDays <= 5153.000 -> Pt_SHFlg = 0.000)
",0.000,0.000,0.000,1.000,0.000,0,0,1,0,0,1,1,0,0.0,0.0,1.0,0.0,0.0,1.0,1
"G[0,1](TotChol >= 44.000 & Pt_SHFlg = 0.000)
",0.000,0.000,0.000,1.000,0.000,0,0,1,0,0,1,1,0,0.0,0.0,1.0,0.0,0.0,1.0,1
"G[0,1](BUN <= 69.000 | TSH <= 0.000)
",0.000,0.000,0.000,1.000,0.000,0,0,1,0,0,1,1,0,0.0,0.0,1.0,0.0,0.0,1.0,1
"G[0,2](Pt_InsGov > 0.000 -> Pt_SHFlg = 0.000)
",0.000,0.000,0.000,1.000,0.000,0,0,1,0,0,1,1,0,0.0,0.0,1.0,0.0,0.0,1.0,1
"G[0,2]((BGTestAvgNumMeter >= 0.000 | UnitsInsBasalOrLongAct >= 0.000) & SMBGperDayPtMeterCombo <= 0.000)
",0.000,0.000,0.000,1.000,0.000,0,0,0,1,1,0,0,1,0.0,0.0,0.0,0.0,0.0,1.0,1
"G[1,1](((BldPrDia <= 118.000 -> HeightCm <= 76.600) & Pt_MotherT1D >= 76.600) | AutonomicNeuroCl <= 76.600)
",0.000,0.000,0.000,1.000,0.000,0,0,1,0,0,1,1,0,0.0,0.0,1.0,0.0,0.0,1.0,1
"G[1,1](((UnitsInsBasalOrLongAct >= 0.000 -> Pt_A1cGoalLev <= 15.000) | Pt_GrandchildT1D <= 15.000) | bmi >= 15.000)
",0.000,0.000,0.000,1.000,0.000,0,0,1,0,0,1,1,0,0.0,0.0,1.0,0.0,0.0,1.0,1
"G[0,1](((TotalDailyInsPerKg <= 2.000 -> HDL >= 86.000) & BUN <= 86.000) & diabDur <= 86.000)
",0.000,0.000,0.000,1.000,0.000,0,0,0,1,1,0,0,1,0.0,0.0,0.0,0.0,0.0,1.0,1
"G[2,2](((age <= 0.000 & HDL >= 86.000) & GFR <= 86.000) | BGTestAvgNumMeter <= 86.000)
",0.000,0.000,0.000,1.000,0.000,0,0,1,0,0,1,1,0,0.0,0.0,1.0,0.0,0.0,1.0,1
"G[2,2]((Pt_SiblingT1D <= 0.000 | diabDur <= 18.000) | age >= 18.000)
",0.000,0.000,0.000,1.000,0.000,0,0,1,0,0,1,1,0,0.0,0.0,1.0,0.0,0.0,1.0,1
"G[0,2](WeightKg >= 1.000 & Pt_SHFlg = 0.000)
",0.000,0.000,0.000,1.000,0.000,0,0,1,0,0,1,1,0,0.0,0.0,1.0,0.0,0.0,1.0,1
"G[0,2](diabDur <= 18.000 & Pt_SHFlg = 0.000)
",0.000,0.000,0.000,1.000,0.000,0,0,1,0,0,1,1,0,0.0,0.0,1.0,0.0,0.0,1.0,1
"G[1,2]((TotalDailyInsPerKg >= 2.000 -> Pt_InsGov <= 0.000) & Pt_FatherT1D <= 0.000)
",0.000,0.000,0.000,1.000,0.000,0,0,1,0,0,1,1,0,0.0,0.0,1.0,0.0,0.0,1.0,1
"G[0,2](((TSH >= 0.000 | Triglyc <= 144.000) & Pt_GrandchildT1D >= 144.000) & HeightCm >= 144.000)
",0.000,0.000,0.000,1.000,0.000,0,0,0,1,1,0,0,1,0.0,0.0,0.0,0.0,0.0,1.0,1
"G[0,1]((Pt_SHFlg >= 0.000 & HbA1cImputeDtMnC <= 0.000) & AutonomicNeuroCl >= 0.000)
",0.000,0.000,0.000,1.000,0.000,0,0,1,0,0,1,1,0,0.0,0.0,1.0,0.0,0.0,1.0,1
"G[1,2](BGTestAvgNumPtRep >= 1.000 -> AutonomicNeuroCl >= 10.400)
",0.000,0.000,0.000,1.000,0.000,0,0,1,0,0,1,1,0,0.0,0.0,1.0,0.0,0.0,1.0,1
"G[1,2]((Pt_GrandchildT1D >= 0.000 | HDL >= 86.000) & LDL >= 86.000)
",0.000,0.000,0.000,1.000,0.000,0,0,1,0,0,1,1,0,0.0,0.0,1.0,0.0,0.0,1.0,1
"G[2,2]((diabDur <= 18.000 | WeightKg >= 1.000) | Pt_GrandparentT1D >= 1.000)
",0.000,0.000,0.000,1.000,0.000,0,0,1,0,0,1,1,0,0.0,0.0,1.0,0.0,0.0,1.0,1
"G[1,2]((bmiPerc <= 24.095 -> LDL >= 0.940) | TotalDailyInsPerKg >= 0.940)
",0.000,0.000,0.000,1.000,0.000,0,0,1,0,0,1,1,0,0.0,0.0,1.0,0.0,0.0,1.0,1
"G[0,2]((diagAgeCombo <= 0.000 -> Pt_SiblingT1D <= 0.000) | WeightKg >= 0.000)
",0.000,0.000,0.000,1.000,0.000,0,0,1,0,0,1,1,0,0.0,0.0,1.0,0.0,0.0,1.0,1
"G[1,2](((NumPumpBolusOrShortAct <= 1.000 & LDL <= 0.940) & Pt_FatherT1D <= 0.940) | Pt_GrandchildT1D <= 0.940)
",0.000,0.000,0.000,1.000,0.000,0,0,1,0,0,1,1,0,0.0,0.0,1.0,0.0,0.0,1.0,1
"G[2,2](Pt_SHFlg >= 0.000 -> Pt_SHFlg = 0.000)
",0.000,0.000,0.000,1.000,0.000,0,0,1,0,0,1,1,0,0.0,0.0,1.0,0.0,0.0,1.0,1
"G[0,2]((age <= 0.000 | bmiPerc >= 24.095) -> HDL >= 24.095)
",0.000,0.000,0.000,1.000,0.000,0,0,1,0,0,1,1,0,0.0,0.0,1.0,0.0,0.0,1.0,1
"G[1,2]((Pt_GrandparentT1D <= 0.000 & SMBGperDayPtMeterCombo <= 72.000) -> diagAgeCombo >= 72.000)
",0.000,0.000,0.000,1.000,0.000,0,0,1,0,0,1,1,0,0.0,0.0,1.0,0.0,0.0,1.0,1
"G[0,1](((TSH >= 0.000 -> SMBGperDayPtMeterCombo <= 72.000) & age >= 72.000) -> diabDur <= 72.000)
",0.000,0.000,0.000,1.000,0.000,0,0,1,0,0,1,1,0,0.0,0.0,1.0,0.0,0.0,1.0,1
"G[1,2]((LDL >= 0.940 | UnitsInsBasalOrLongAct >= 0.000) | BldPrSys <= 0.000)
",0.000,0.000,0.000,1.000,0.000,0,0,1,0,0,1,1,0,0.0,0.0,1.0,0.0,0.0,1.0,1
"G[0,2](TotChol <= 44.000 & Pt_SHFlg = 0.000)
",0.000,0.000,0.000,1.000,0.000,0,0,0,1,1,0,0,1,0.0,0.0,0.0,0.0,0.0,1.0,1
"G[0,2](Pt_GrandchildT1D >= 0.000 & Pt_SHFlg = 0.000)
",0.000,0.000,0.000,1.000,0.000,0,0,1,0,0,1,1,0,0.0,0.0,1.0,0.0,0.0,1.0,1
"G[0,2]((Pt_DKAFlg <= 0.000 -> TotalDailyInsPerKg >= 2.000) -> Pt_CGMUseNumDays >= 2.000)
",0.000,0.000,0.000,1.000,0.000,0,0,1,0,0,1,1,0,0.0,0.0,1.0,0.0,0.0,1.0,1
"G[2,2]((Pt_SiblingT1D >= 0.000 | HDL <= 86.000) & Triglyc >= 86.000)
",0.000,0.000,0.000,1.000,0.000,0,0,1,0,0,1,1,0,0.0,0.0,1.0,0.0,0.0,1.0,1
"G[0,2]((GFR <= 0.670 | diabDur <= 18.000) | HDL >= 18.000)
",0.000,0.000,0.000,1.000,0.000,0,0,1,0,0,1,1,0,0.0,0.0,1.0,0.0,0.0,1.0,1
"G[0,1](((UnitsInsBasalOrLongAct <= 0.000 | diabDur >= 18.000) & Pt_SHFlg >= 18.000) & Pt_A1cGoalLev >= 18.000)
",0.000,0.000,0.000,1.000,0.000,0,0,0,1,1,0,0,1,0.0,0.0,0.0,0.0,0.0,1.0,1
"G[1,1]((bmiZscore <= 0.748 -> BldPrDia <= 118.000) & Pt_A1cGoalLevelDsYr5 >= 118.000)
",0.000,0.000,0.000,1.000,0.000,0,0,1,0,0,1,1,0,0.0,0.0,1.0,0.0,0.0,1.0,1
"G[0,1]((Pt_GrandchildT1D >= 0.000 & Pt_InsGov <= 0.000) -> Pt_GrandchildT1D >= 0.000)
",0.000,0.000,0.000,1.000,0.000,0,0,1,0,0,1,1,0,0.0,0.0,1.0,0.0,0.0,1.0,1
"G[1,1](bmi >= 0.000 & BGTestAvgNumPtRep >= 1.000)
",0.000,0.000,0.000,1.000,0.000,0,0,1,0,0,1,1,0,0.0,0.0,1.0,0.0,0.0,1.0,1
"G[0,1](((LDL <= 0.940 -> HbA1cImputeDtMnC >= 0.000) -> TotChol <= 0.000) -> HbA1cImputeDtMnC >= 0.000)
",0.000,0.000,0.000,1.000,0.000,0,0,1,0,0,1,1,0,0.0,0.0,1.0,0.0,0.0,1.0,1
"G[0,2](((Pt_MotherT1D <= 1.000 -> UnitsInsBasalOrLongAct <= 0.000) -> BldPrDia <= 0.000) -> BUN <= 0.000)
",0.000,0.000,0.000,1.000,0.000,0,0,1,0,0,1,1,0,0.0,0.0,1.0,0.0,0.0,1.0,1
"G[0,1](bmiZscore <= 0.748 & diabDur >= 18.000)
",0.000,0.000,0.000,1.000,0.000,0,0,0,1,1,0,0,1,0.0,0.0,0.0,0.0,0.0,1.0,1
"G[0,2](((bmiZscore >= 0.748 | LDL <= 0.940) -> Pt_SHFlg <= 0.940) | HbA1c >= 0.940)
",0.000,0.000,0.000,1.000,0.000,0,0,1,0,0,1,1,0,0.0,0.0,1.0,0.0,0.0,1.0,1
"G[0,1]((WeightKg >= 1.000 -> BUN >= 69.000) & BUN <= 69.000)
",0.000,0.000,0.000,1.000,0.000,0,0,0,1,1,0,0,1,0.0,0.0,0.0,0.0,0.0,1.0,1
"G[1,2]((bmiPerc <= 24.095 & Pt_GrandchildT1D >= 0.000) -> bmiZscore >= 0.000)
",0.000,0.000,0.000,1.000,0.000,0,0,1,0,0,1,1,0,0.0,0.0,1.0,0.0,0.0,1.0,1
"G[2,2](((BGTestAvgNumPtRep >= 1.000 & diagAgeCombo <= 0.000) & Pt_A1cGoalLevelDsYr5 >= 0.000) -> SMBGperDayPtMeterCombo >= 0.000)
",0.000,0.000,0.000,1.000,0.000,0,0,1,0,0,1,1,0,0.0,0.0,1.0,0.0,0.0,1.0,1
"G[0,1]((Triglyc >= 144.000 | HeightCm >= 76.600) | HeightCm <= 76.600)
",0.000,0.000,0.000,1.000,0.000,0,0,1,0,0,1,1,0,0.0,0.0,1.0,0.0,0.0,1.0,1
"G[1,2]((AlbCreatRat_mggNew <= 13.000 -> Pt_A1cGoalLevelDsYr5 <= 0.000) | BUN <= 0.000)
",0.000,0.000,0.000,1.000,0.000,0,0,1,0,0,1,1,0,0.0,0.0,1.0,0.0,0.0,1.0,1
"G[0,2]((GFR >= 0.670 | bmiZscore <= 0.748) & Triglyc <= 0.748)
",0.000,0.000,0.000,1.000,0.000,0,0,0,1,1,0,0,1,0.0,0.0,0.0,0.0,0.0,1.0,1
"G[0,2](WeightKg >= 1.000 -> TSH >= 0.000)
",0.000,0.000,0.000,1.000,0.000,0,0,1,0,0,1,1,0,0.0,0.0,1.0,0.0,0.0,1.0,1
"G[2,2]((bmiZscore >= 0.748 -> DirectLDL <= 178.300) -> Pt_SiblingT1D >= 178.300)
",0.000,0.000,0.000,1.000,0.000,0,0,1,0,0,1,1,0,0.0,0.0,1.0,0.0,0.0,1.0,1
"G[0,1]((BGTestAvgNumMeter <= 0.000 & NumPumpBolusOrShortAct >= 1.000) -> BGTestAvgNumMeter <= 1.000)
",0.000,0.000,0.000,1.000,0.000,0,0,1,0,0,1,1,0,0.0,0.0,1.0,0.0,0.0,1.0,1
"G[1,2](((AlbCreatRat_mggNew >= 13.000 -> Pt_SiblingT1D <= 0.000) -> Pt_SiblingT1D <= 0.000) -> Pt_InsGov >= 0.000)
",0.000,0.000,0.000,1.000,0.000,0,0,1,0,0,1,1,0,0.0,0.0,1.0,0.0,0.0,1.0,1
"G[1,2](TotChol <= 44.000 | diagAgeCombo >= 0.000)
",0.000,0.000,0.000,1.000,0.000,0,0,1,0,0,1,1,0,0.0,0.0,1.0,0.0,0.0,1.0,1
"G[0,1]((TSH >= 0.000 | Pt_SiblingT1D <= 0.000) | Pt_MotherT1D <= 0.000)
",0.000,0.000,0.000,1.000,0.000,0,0,1,0,0,1,1,0,0.0,0.0,1.0,0.0,0.0,1.0,1
"G[0,1](((Pt_DKAFlg <= 0.000 & Pt_A1cGoalLevelDsYr5 >= 0.000) -> BGTestAvgNumPtRep <= 0.000) & TotalDailyInsPerKg <= 0.000)
",0.000,0.000,0.000,1.000,0.000,0,0,0,1,1,0,0,1,0.0,0.0,0.0,0.0,0.0,1.0,1
"G[2,2]((Pt_MotherT1D >= 1.000 -> AutonomicNeuroCl <= 10.400) & bmi >= 10.400)
",0.000,0.000,0.000,1.000,0.000,0,0,1,0,0,1,1,0,0.0,0.0,1.0,0.0,0.0,1.0,1
"G[0,1](((bmiPerc >= 24.095 -> NumPumpBolusOrShortAct <= 1.000) | diagAgeCombo <= 1.000) -> DirectLDL <= 1.000)
",0.000,0.000,0.000,1.000,0.000,0,0,1,0,0,1,1,0,0.0,0.0,1.0,0.0,0.0,1.0,1
"G[1,2](((BGTestAvgNumMeter >= 0.000 & LDL >= 0.940) -> UnitsInsBasalOrLongAct >= 0.940) | HeightCm >= 0.940)
",0.000,0.000,0.000,1.000,0.000,0,0,1,0,0,1,1,0,0.0,0.0,1.0,0.0,0.0,1.0,1
"G[1,2](DirectLDL >= 178.300 -> Pt_ChildT1D <= 0.000)
",0.000,0.000,0.000,1.000,0.000,0,0,1,0,0,1,1,0,0.0,0.0,1.0,0.0,0.0,1.0,1
"G[0,0]((DirectLDL >= 178.300 -> LDL >= 0.940) -> diagAgeCombo <= 0.940)
",0.000,0.000,0.000,1.000,0.000,0,0,0,1,1,0,0,1,0.0,0.0,0.0,0.0,0.0,1.0,1
"G[0,1]((bmiPerc >= 24.095 -> Pt_SHFlg <= 0.000) | AutonomicNeuroCl >= 0.000)
",0.000,0.000,0.000,1.000,0.000,0,0,1,0,0,1,1,0,0.0,0.0,1.0,0.0,0.0,1.0,1
"G[1,2](((SMBGperDayPtMeterCombo >= 72.000 -> BldPrDia <= 118.000) | Pt_A1cGoalLevelDsYr5 <= 118.000) & Pt_InsGov >= 118.000)
",0.000,0.000,0.000,1.000,0.000,0,0,1,0,0,1,1,0,0.0,0.0,1.0,0.0,0.0,1.0,1
"G[2,2](((DirectLDL <= 178.300 -> Pt_FatherT1D <= 0.000) -> TotalDailyInsPerKg <= 0.000) & UnitsInsBasalOrLongAct <= 0.000)
",0.000,0.000,0.000,1.000,0.000,0,0,1,0,0,1,1,0,0.0,0.0,1.0,0.0,0.0,1.0,1
"G[1,1]((Pt_MotherT1D >= 1.000 & BGTestAvgNumPtRep <= 1.000) -> bmi >= 1.000)
",0.000,0.000,0.000,1.000,0.000,0,0,1,0,0,1,1,0,0.0,0.0,1.0,0.0,0.0,1.0,1
"G[1,2](((Pt_FatherT1D <= 0.000 & age >= 0.000) -> WeightKg >= 0.000) & diabDur >= 0.000)
",0.000,0.000,0.000,1.000,0.000,0,0,1,0,0,1,1,0,0.0,0.0,1.0,0.0,0.0,1.0,1
"G[1,2](((AutonomicNeuroCl <= 10.400 -> BGTestAvgNumPtRep >= 1.000) | Pt_FatherT1D <= 1.000) | diabDur >= 1.000)
",0.000,0.000,0.000,1.000,0.000,0,0,1,0,0,1,1,0,0.0,0.0,1.0,0.0,0.0,1.0,1
"G[0,2](Pt_SHFlg >= 0.000 -> Pt_InsGov <= 0.000)
",0.000,0.000,0.000,1.000,0.000,0,0,0,1,1,0,0,1,0.0,0.0,0.0,0.0,0.0,1.0,1
"G[1,2]((Pt_SiblingT1D >= 0.000 -> bmiZscore >= 0.748) | DirectLDL >= 0.748)
",0.000,0.000,0.000,1.000,0.000,0,0,1,0,0,1,1,0,0.0,0.0,1.0,0.0,0.0,1.0,1
"G[1,2](((TotChol >= 44.000 | BldPrSys >= 0.000) -> Pt_A1cGoalLevelDsYr5 <= 0.000) -> TotalDailyInsPerKg >= 0.000)
",0.000,0.000,0.000,1.000,0.000,0,0,1,0,0,1,1,0,0.0,0.0,1.0,0.0,0.0,1.0,1
"G[1,1](((Pt_SHFlg >= 0.000 -> age >= 0.000) | bmiZscore <= 0.000) | Pt_InsGov >= 0.000)
",0.000,0.000,0.000,1.000,0.000,0,0,1,0,0,1,1,0,0.0,0.0,1.0,0.0,0.0,1.0,1
"G[0,1]((Pt_GrandparentT1D <= 0.000 & BGTestAvgNumPtRep >= 1.000) | BGTestAvgNumPtRep >= 1.000)
",0.000,0.000,0.000,1.000,0.000,0,0,0,1,1,0,0,1,0.0,0.0,0.0,0.0,0.0,1.0,1
"G[0,1](SMBGperDayPtMeterCombo >= 72.000 & BGTestAvgNumPtRep >= 1.000)
",0.000,0.000,0.000,1.000,0.000,0,0,0,1,1,0,0,1,0.0,0.0,0.0,0.0,0.0,1.0,1
"G[0,2](Triglyc >= 144.000 -> HbA1c <= 0.000)
",0.000,0.000,0.000,1.000,0.000,0,0,1,0,0,1,1,0,0.0,0.0,1.0,0.0,0.0,1.0,1
"G[1,2](GFR <= 0.670 -> HeightCm >= 76.600)
",0.000,0.000,0.000,1.000,0.000,0,0,1,0,0,1,1,0,0.0,0.0,1.0,0.0,0.0,1.0,1
"G[0,0]((BldPrSys >= 0.000 & TotChol >= 44.000) & TotalDailyInsPerKg >= 44.000)
",0.000,0.000,0.000,1.000,0.000,0,0,0,1,1,0,0,1,0.0,0.0,0.0,0.0,0.0,1.0,1
"G[0,2](Pt_SHFlg <= 0.000 -> BUN >= 69.000)
",0.000,0.000,0.000,1.000,0.000,0,0,0,1,1,0,0,1,0.0,0.0,0.0,0.0,0.0,1.0,1
"G[1,1](((Pt_MotherT1D >= 1.000 & HbA1c >= 0.000) | Pt_CGMUseNumDays <= 0.000) -> AutonomicNeuroCl <= 0.000)
",0.000,0.000,0.000,1.000,0.000,0,0,1,0,0,1,1,0,0.0,0.0,1.0,0.0,0.0,1.0,1
"G[1,2](((Pt_DKAFlg >= 0.000 -> BUN <= 69.000) & Pt_GrandchildT1D <= 69.000) & bmiPerc >= 69.000)
",0.000,0.000,0.000,1.000,0.000,0,0,1,0,0,1,1,0,0.0,0.0,1.0,0.0,0.0,1.0,1
"G[0,1](((HeightCm <= 76.600 | HeightCm >= 76.600) & BGTestAvgNumMeter >= 76.600) & Pt_ChildT1D <= 76.600)
",0.000,0.000,0.000,1.000,0.000,0,0,0,1,1,0,0,1,0.0,0.0,0.0,0.0,0.0,1.0,1
"G[0,1]((WeightKg <= 1.000 -> BUN <= 69.000) | AutonomicNeuroCl >= 69.000)
",0.000,0.000,0.000,1.000,0.000,0,0,1,0,0,1,1,0,0.0,0.0,1.0,0.0,0.0,1.0,1
"G[0,2](((Pt_A1cGoalLevelDsYr5 >= 0.000 & HDL <= 86.000) -> Pt_MotherT1D >= 86.000) & BGTestAvgNumPtRep <= 86.000)
",0.000,0.000,0.000,1.000,0.000,0,0,0,1,1,0,0,1,0.0,0.0,0.0,0.0,0.0,1.0,1
"G[0,2]((Pt_SiblingT1D <= 0.000 & Pt_SHFlg <= 0.000) -> Pt_SHFlg <= 0.000)
",0.000,0.000,0.000,1.000,0.000,0,0,1,0,0,1,1,0,0.0,0.0,1.0,0.0,0.0,1.0,1
"G[0,1](((bmiZscore >= 0.748 -> TSH <= 0.000) -> Pt_MotherT1D >= 0.000) -> BUN >= 0.000)
",0.000,0.000,0.000,1.000,0.000,0,0,1,0,0,1,1,0,0.0,0.0,1.0,0.0,0.0,1.0,1
"G[0,2]((BldPrDia >= 118.000 & AlbCreatRat_mggNew >= 13.000) -> TSH <= 13.000)
",0.000,0.000,0.000,1.000,0.000,0,0,1,0,0,1,1,0,0.0,0.0,1.0,0.0,0.0,1.0,1
"G[1,1](((UnitsInsBasalOrLongAct >= 0.000 & Pt_InsGov >= 0.000) -> HbA1cImputeDtMnC <= 0.000) & bmi >= 0.000)
",0.000,0.000,0.000,1.000,0.000,0,0,1,0,0,1,1,0,0.0,0.0,1.0,0.0,0.0,1.0,1
"G[0,1]((AutonomicNeuroCl >= 10.400 & HeightCm <= 76.600) | bmiPerc >= 76.600)
",0.000,0.000,0.000,1.000,0.000,0,0,0,1,1,0,0,1,0.0,0.0,0.0,0.0,0.0,1.0,1
"G[1,2](Pt_A1cGoalLev >= 15.000 | Pt_SHFlg <= 0.000)
",0.000,0.000,0.000,1.000,0.000,0,0,1,0,0,1,1,0,0.0,0.0,1.0,0.0,0.0,1.0,1
"G[0,1]((TotChol >= 44.000 & SMBGperDayPtMeterCombo >= 72.000) & Pt_FatherT1D <= 72.000)
",0.000,0.000,0.000,1.000,0.000,0,0,0,1,1,0,0,1,0.0,0.0,0.0,0.0,0.0,1.0,1
"G[0,2]((BUN >= 69.000 | DirectLDL >= 178.300) & Pt_A1cGoalLevelDsYr5 <= 178.300)
",0.000,0.000,0.000,1.000,0.000,0,0,0,1,1,0,0,1,0.0,0.0,0.0,0.0,0.0,1.0,1
"G[1,2](DirectLDL >= 178.300 & Pt_ChildT1D <= 0.000)
",0.000,0.000,0.000,1.000,0.000,0,0,1,0,0,1,1,0,0.0,0.0,1.0,0.0,0.0,1.0,1
"G[0,2](BldPrSys <= 0.000 | BldPrDia >= 118.000)
",0.000,0.000,0.000,1.000,0.000,0,0,0,1,1,0,0,1,0.0,0.0,0.0,0.0,0.0,1.0,1
"G[0,1](((diagAgeCombo <= 0.000 & diagAgeCombo <= 0.000) & Pt_CGMUseNumDays >= 0.000) -> BldPrDia >= 0.000)
",0.000,0.000,0.000,1.000,0.000,0,0,1,0,0,1,1,0,0.0,0.0,1.0,0.0,0.0,1.0,1
"G[0,2]((Pt_GrandchildT1D <= 0.000 & Pt_GrandchildT1D >= 0.000) | DirectLDL >= 0.000)
",0.000,0.000,0.000,1.000,0.000,0,0,1,0,0,1,1,0,0.0,0.0,1.0,0.0,0.0,1.0,1
"G[0,2](Pt_MotherT1D >= 1.000 | BUN >= 69.000)
",0.000,0.000,0.000,1.000,0.000,0,0,0,1,1,0,0,1,0.0,0.0,0.0,0.0,0.0,1.0,1
"G[1,2](((bmiPerc >= 24.095 | age <= 0.000) -> LDL >= 0.000) -> GFR >= 0.000)
",0.000,0.000,0.000,1.000,0.000,0,0,1,0,0,1,1,0,0.0,0.0,1.0,0.0,0.0,1.0,1
"G[0,2](TotChol >= 44.000 -> BGTestAvgNumMeter >= 0.000)
",0.000,0.000,0.000,1.000,0.000,0,0,1,0,0,1,1,0,0.0,0.0,1.0,0.0,0.0,1.0,1
"G[0,2]((HbA1c >= 0.000 & BldPrSys <= 0.000) | DirectLDL >= 0.000)
",0.000,0.000,0.000,1.000,0.000,0,0,1,0,0,1,1,0,0.0,0.0,1.0,0.0,0.0,1.0,1
"G[0,2](BGTestAvgNumMeter >= 0.000 -> BGTestAvgNumMeter >= 0.000)
",0.000,0.000,0.000,1.000,0.000,0,0,1,0,0,1,1,0,0.0,0.0,1.0,0.0,0.0,1.0,1
"G[0,0](((Pt_CGMUseNumDays <= 5153.000 & BUN <= 69.000) | LDL >= 69.000) & bmi >= 69.000)
",0.000,0.000,0.000,1.000,0.000,0,0,0,1,1,0,0,1,0.0,0.0,0.0,0.0,0.0,1.0,1
"G[0,1](((bmiPerc <= 24.095 | TotalDailyInsPerKg <= 2.000) -> bmiPerc <= 2.000) | Triglyc <= 2.000)
",0.000,0.000,0.000,1.000,0.000,0,0,1,0,0,1,1,0,0.0,0.0,1.0,0.0,0.0,1.0,1
"G[0,2]((Pt_GrandparentT1D <= 0.000 | Pt_GrandchildT1D >= 0.000) & Pt_A1cGoalLevelDsYr5 <= 0.000)
",0.000,0.000,0.000,1.000,0.000,0,0,1,0,0,1,1,0,0.0,0.0,1.0,0.0,0.0,1.0,1
"G[0,1]((Pt_InsGov >= 0.000 -> LDL <= 0.940) -> TSH <= 0.940)
",0.000,0.000,0.000,1.000,0.000,0,0,1,0,0,1,1,0,0.0,0.0,1.0,0.0,0.0,1.0,1
"G[1,2](TotalDailyInsPerKg >= 2.000 | Triglyc >= 144.000)
",0.000,0.000,0.000,1.000,0.000,0,0,1,0,0,1,1,0,0.0,0.0,1.0,0.0,0.0,1.0,1
"G[1,2](((bmi >= 0.000 -> BGTestAvgNumPtRep >= 1.000) | Pt_CGMUseNumDays <= 1.000) -> Pt_ChildT1D <= 1.000)
",0.000,0.000,0.000,1.000,0.000,0,0,1,0,0,1,1,0,0.0,0.0,1.0,0.0,0.0,1.0,1
"G[1,1](HDL >= 86.000 -> diabDur >= 18.000)
",0.000,0.000,0.000,1.000,0.000,0,0,1,0,0,1,1,0,0.0,0.0,1.0,0.0,0.0,1.0,1
"G[0,2]((Pt_GrandchildT1D <= 0.000 | Triglyc >= 144.000) & BGTestAvgNumPtRep <= 144.000)
",0.000,0.000,0.000,1.000,0.000,0,0,1,0,0,1,1,0,0.0,0.0,1.0,0.0,0.0,1.0,1
"G[0,2](GFR <= 0.670 & HeightCm >= 76.600)
",0.000,0.000,0.000,1.000,0.000,0,0,1,0,0,1,1,0,0.0,0.0,1.0,0.0,0.0,1.0,1
"G[0,1]((BUN <= 69.000 | DirectLDL <= 178.300) | SMBGperDayPtMeterCombo <= 178.300)
",0.000,0.000,0.000,1.000,0.000,0,0,1,0,0,1,1,0,0.0,0.0,1.0,0.0,0.0,1.0,1
"G[2,2](((bmiPerc <= 24.095 -> Triglyc >= 144.000) -> Pt_GrandparentT1D >= 144.000) -> Pt_DKAFlg <= 144.000)
",0.000,0.000,0.000,1.000,0.000,0,0,1,0,0,1,1,0,0.0,0.0,1.0,0.0,0.0,1.0,1
"G[0,2](((BGTestAvgNumMeter >= 0.000 & Pt_SiblingT1D <= 0.000) -> Pt_A1cGoalLevelDsYr5 <= 0.000) -> HbA1cImputeDtMnC <= 0.000)
",0.000,0.000,0.000,1.000,0.000,0,0,1,0,0,1,1,0,0.0,0.0,1.0,0.0,0.0,1.0,1
"G[1,2](((Pt_DKAFlg >= 0.000 -> LDL <= 0.940) | BldPrDia >= 0.940) | TotChol <= 0.940)
",0.000,0.000,0.000,1.000,0.000,0,0,1,0,0,1,1,0,0.0,0.0,1.0,0.0,0.0,1.0,1
"G[0,2](Pt_GrandparentT1D >= 0.000 -> SMBGperDayPtMeterCombo >= 72.000)
",0.000,0.000,0.000,1.000,0.000,0,0,0,1,1,0,0,1,0.0,0.0,0.0,0.0,0.0,1.0,1
"G[1,2]((Pt_ChildT1D >= 0.000 | BGTestAvgNumPtRep <= 1.000) & Pt_GrandchildT1D >= 1.000)
",0.000,0.000,0.000,1.000,0.000,0,0,1,0,0,1,1,0,0.0,0.0,1.0,0.0,0.0,1.0,1
"G[2,2]((BGTestAvgNumPtRep >= 1.000 -> Pt_GrandparentT1D >= 0.000) & HeightCm <= 0.000)
",0.000,0.000,0.000,1.000,0.000,0,0,1,0,0,1,1,0,0.0,0.0,1.0,0.0,0.0,1.0,1
"G[0,2](((Triglyc >= 144.000 & Pt_A1cGoalLevelDsYr5 >= 0.000) | Pt_MotherT1D >= 0.000) & AutonomicNeuroCl <= 0.000)
",0.000,0.000,0.000,1.000,0.000,0,0,1,0,0,1,1,0,0.0,0.0,1.0,0.0,0.0,1.0,1
"G[1,2](((BUN >= 69.000 & AlbCreatRat_mggNew >= 13.000) & GFR <= 13.000) | BUN <= 13.000)
",0.000,0.000,0.000,1.000,0.000,0,0,1,0,0,1,1,0,0.0,0.0,1.0,0.0,0.0,1.0,1
"F[0,2](((AutonomicNeuroCl >= 10.400 | Pt_A1cGoalLevelDsYr5 <= 0.000) & HDL >= 0.000) & Pt_DKAFlg <= 0.000)
",0.000,0.000,0.000,0.000,1.000,0,0,0,1,1,0,0,1,0.0,0.0,0.0,0.0,0.0,1.0,-1
"F[0,1](((AutonomicNeuroCl >= 10.400 & Pt_SHFlg >= 0.000) -> BGTestAvgNumPtRep >= 0.000) & Pt_ChildT1D <= 0.000)
",0.000,0.000,0.000,0.000,1.000,0,0,0,1,1,0,0,1,0.0,0.0,0.0,0.0,0.0,1.0,-1
"F[0,2](((TotalDailyInsPerKg >= 2.000 | HbA1cImputeDtMnC >= 0.000) -> BldPrDia >= 0.000) | TotalDailyInsPerKg <= 0.000)
",0.000,0.000,0.000,0.000,1.000,0,0,0,1,1,0,0,1,0.0,0.0,0.0,0.0,0.0,1.0,-1
"((Pt_GrandchildT1D <= 0.000) U[0,2] (bmi >= 0.000))
",0.000,0.000,0.000,0.000,1.000,0,0,0,1,1,0,0,1,0.0,0.0,0.0,0.0,0.0,1.0,-1
"G[1,1](Pt_InsGov <= 0.000 & HbA1c >= 0.000)
",0.000,0.000,0.000,1.000,0.000,0,0,1,0,0,1,1,0,0.0,0.0,1.0,0.0,0.0,1.0,1
"G[1,1](BGTestAvgNumPtRep >= 1.000 & bmiZscore >= 0.748)
",0.000,0.000,0.000,1.000,0.000,0,0,1,0,0,1,1,0,0.0,0.0,1.0,0.0,0.0,1.0,1
"G[0,1]((Pt_ChildT1D >= 0.000 & Pt_GrandparentT1D >= 0.000) & WeightKg >= 0.000)
",0.000,0.000,0.000,1.000,0.000,0,0,1,0,0,1,1,0,0.0,0.0,1.0,0.0,0.0,1.0,1
"G[1,2](((Pt_InsGov <= 0.000 -> Triglyc <= 144.000) | Pt_ChildT1D <= 144.000) & AutonomicNeuroCl <= 144.000)
",0.000,0.000,0.000,1.000,0.000,0,0,1,0,0,1,1,0,0.0,0.0,1.0,0.0,0.0,1.0,1
"G[1,1](((bmi >= 0.000 & diabDur <= 18.000) | diabDur <= 18.000) -> BldPrDia <= 18.000)
",0.000,0.000,0.000,1.000,0.000,0,0,1,0,0,1,1,0,0.0,0.0,1.0,0.0,0.0,1.0,1
"G[1,2](((GFR <= 0.670 | BldPrSys >= 0.000) | DirectLDL >= 0.000) & AlbCreatRat_mggNew <= 0.000)
",0.000,0.000,0.000,1.000,0.000,0,0,1,0,0,1,1,0,0.0,0.0,1.0,0.0,0.0,1.0,1
"G[1,1]((Pt_SiblingT1D >= 0.000 & AlbCreatRat_mggNew >= 13.000) -> UnitsInsBasalOrLongAct <= 13.000)
",0.000,0.000,0.000,1.000,0.000,0,0,1,0,0,1,1,0,0.0,0.0,1.0,0.0,0.0,1.0,1
"G[1,2](Pt_MotherT1D <= 1.000 | diagAgeCombo >= 0.000)
",0.000,0.000,0.000,1.000,0.000,0,0,1,0,0,1,1,0,0.0,0.0,1.0,0.0,0.0,1.0,1
"G[0,1]((Triglyc <= 144.000 -> WeightKg >= 1.000) -> Pt_CGMUseNumDays >= 1.000)
",0.000,0.000,0.000,1.000,0.000,0,0,0,1,1,0,0,1,0.0,0.0,0.0,0.0,0.0,1.0,1
"G[0,2](((TSH <= 0.000 -> LDL <= 0.940) & Pt_InsGov <= 0.940) & Triglyc <= 0.940)
",0.000,0.000,0.000,1.000,0.000,0,0,0,1,1,0,0,1,0.0,0.0,0.0,0.0,0.0,1.0,1
"G[0,2](bmi <= 0.000 | Pt_InsGov >= 0.000)
",0.000,0.000,0.000,1.000,0.000,0,0,1,0,0,1,1,0,0.0,0.0,1.0,0.0,0.0,1.0,1
"G[1,2](((diagAgeCombo <= 0.000 -> TotChol >= 44.000) -> BGTestAvgNumMeter <= 44.000) -> BldPrSys <= 44.000)
",0.000,0.000,0.000,1.000,0.000,0,0,1,0,0,1,1,0,0.0,0.0,1.0,0.0,0.0,1.0,1
"G[1,2]((BldPrDia <= 118.000 | WeightKg <= 1.000) & AutonomicNeuroCl <= 1.000)
",0.000,0.000,0.000,1.000,0.000,0,0,1,0,0,1,1,0,0.0,0.0,1.0,0.0,0.0,1.0,1
"G[1,1]((Pt_A1cGoalLevelDsYr5 <= 0.000 | Pt_A1cGoalLevelDsYr5 <= 0.000) -> Pt_ChildT1D <= 0.000)
",0.000,0.000,0.000,1.000,0.000,0,0,1,0,0,1,1,0,0.0,0.0,1.0,0.0,0.0,1.0,1
"G[1,2]((NumPumpBolusOrShortAct >= 1.000 | Pt_A1cGoalLev >= 15.000) | Pt_SiblingT1D >= 15.000)
",0.000,0.000,0.000,1.000,0.000,0,0,1,0,0,1,1,0,0.0,0.0,1.0,0.0,0.0,1.0,1
"G[0,1](((BGTestAvgNumMeter <= 0.000 -> Pt_SHFlg <= 0.000) & DirectLDL >= 0.000) | HeightCm >= 0.000)
",0.000,0.000,0.000,1.000,0.000,0,0,1,0,0,1,1,0,0.0,0.0,1.0,0.0,0.0,1.0,1
"G[1,1](((Pt_SHFlg >= 0.000 -> diabDur >= 18.000) | BldPrSys <= 18.000) | Pt_ChildT1D >= 18.000)
",0.000,0.000,0.000,1.000,0.000,0,0,1,0,0,1,1,0,0.0,0.0,1.0,0.0,0.0,1.0,1
"G[1,1]((Pt_FatherT1D <= 0.000 -> Pt_GrandchildT1D <= 0.000) & HbA1cImputeDtMnC <= 0.000)
",0.000,0.000,0.000,1.000,0.000,0,0,1,0,0,1,1,0,0.0,0.0,1.0,0.0,0.0,1.0,1
"F[0,2]((Pt_A1cGoalLevelDsYr5 >= 0.000 & NumPumpBolusOrShortAct >= 1.000) | Pt_GrandparentT1D <= 1.000)
",0.000,0.000,0.000,0.000,1.000,0,0,0,1,1,0,0,1,0.0,0.0,0.0,0.0,0.0,1.0,-1
"F[1,2](((WeightKg >= 1.000 & LDL >= 0.940) -> bmiPerc <= 0.940) | age >= 0.940)
",0.000,0.000,0.000,0.000,1.000,0,0,0,1,1,0,0,1,0.0,0.0,0.0,0.0,0.0,1.0,-1
"F[0,1](Triglyc <= 144.000 -> SMBGperDayPtMeterCombo >= 72.000)
",0.000,0.000,0.000,0.000,1.000,0,0,0,1,1,0,0,1,0.0,0.0,0.0,0.0,0.0,1.0,-1
"F[0,0](((Pt_GrandchildT1D >= 0.000 & DirectLDL <= 178.300) | BGTestAvgNumPtRep <= 178.300) & BUN <= 178.300)
",0.000,0.000,0.000,0.000,1.000,0,0,0,1,1,0,0,1,0.0,0.0,0.0,0.0,0.0,1.0,-1
"F[0,2]((diabDur <= 18.000 | BUN >= 69.000) -> Pt_SiblingT1D <= 69.000)
",0.000,0.000,0.000,0.000,1.000,0,0,0,1,1,0,0,1,0.0,0.0,0.0,0.0,0.0,1.0,-1
"((diagAgeCombo <= 0.000) U[0,0] (Pt_A1cGoalLev <= 15.000))
",0.000,0.000,0.000,0.000,1.000,0,0,0,1,1,0,0,1,0.0,0.0,0.0,0.0,0.0,1.0,-1
"F[0,1]((Pt_MotherT1D <= 1.000 -> TotChol <= 44.000) | DirectLDL <= 44.000)
",0.000,0.000,0.000,0.000,1.000,0,0,0,1,1,0,0,1,0.0,0.0,0.0,0.0,0.0,1.0,-1
"F[0,2](((TotalDailyInsPerKg <= 2.000 -> Pt_A1cGoalLevelDsYr5 >= 0.000) | TotalDailyInsPerKg <= 0.000) | diagAgeCombo <= 0.000)
",0.000,0.000,0.000,0.000,1.000,0,0,0,1,1,0,0,1,0.0,0.0,0.0,0.0,0.0,1.0,-1
"F[0,2](diabDur >= 18.000 & BGTestAvgNumPtRep >= 1.000)
",0.000,0.000,0.000,0.000,1.000,0,0,0,1,1,0,0,1,0.0,0.0,0.0,0.0,0.0,1.0,-1
"((Pt_CGMUseNumDays <= 5153.000) U[0,2] (SMBGperDayPtMeterCombo <= 72.000))
",0.000,0.000,0.000,0.000,1.000,0,0,0,1,1,0,0,1,0.0,0.0,0.0,0.0,0.0,1.0,-1
"F[1,1](HbA1c >= 0.000 -> Pt_A1cGoalLevelDsYr5 = 0.000)
",0.000,0.000,0.000,0.000,1.000,0,0,0,1,1,0,0,1,0.0,0.0,0.0,0.0,0.0,1.0,-1
"F[1,1](((Pt_ChildT1D >= 0.000 -> Pt_ChildT1D <= 0.000) | bmiZscore <= 0.000) & Triglyc <= 0.000)
",0.000,0.000,0.000,0.000,1.000,0,0,0,1,1,0,0,1,0.0,0.0,0.0,0.0,0.0,1.0,-1
"((TSH >= 0.000) U[2,2] (WeightKg <= 1.000))
",0.000,0.000,0.000,0.000,1.000,0,0,0,1,1,0,0,1,0.0,0.0,0.0,0.0,0.0,1.0,-1
"F[0,1](((BldPrDia >= 118.000 | SMBGperDayPtMeterCombo >= 72.000) -> Pt_InsGov >= 72.000) | bmiZscore >= 72.000)
",0.000,0.000,0.000,0.000,1.000,0,0,0,1,1,0,0,1,0.0,0.0,0.0,0.0,0.0,1.0,-1
"F[1,1]((BldPrSys <= 0.000 & WeightKg >= 1.000) & bmi >= 1.000)
",0.000,0.000,0.000,0.000,1.000,0,0,0,1,1,0,0,1,0.0,0.0,0.0,0.0,0.0,1.0,-1
"((Pt_FatherT1D >= 0.000) U[0,2] (Pt_CGMUseNumDays >= 5153.000))
",0.000,0.000,0.000,0.000,1.000,0,0,0,1,1,0,0,1,0.0,0.0,0.0,0.0,0.0,1.0,-1
"F[1,2](bmiPerc >= 24.095 -> LDL >= 0.940)
",0.000,0.000,0.000,0.000,1.000,0,0,0,1,1,0,0,1,0.0,0.0,0.0,0.0,0.0,1.0,-1
"((Pt_SiblingT1D <= 0.000) U[0,1] (Pt_A1cGoalLevelDsYr5 >= 0.000))
",0.000,0.000,0.000,0.000,1.000,0,0,0,1,1,0,0,1,0.0,0.0,0.0,0.0,0.0,1.0,-1
"F[1,2]((Pt_SiblingT1D >= 0.000 -> BUN >= 69.000) | HbA1cImputeDtMnC <= 69.000)
",0.000,0.000,0.000,0.000,1.000,0,0,0,1,1,0,0,1,0.0,0.0,0.0,0.0,0.0,1.0,-1
"F[2,2]((WeightKg <= 1.000 -> Pt_CGMUseNumDays <= 5153.000) | Pt_InsGov <= 5153.000)
",0.000,0.000,0.000,0.000,1.000,0,0,0,1,1,0,0,1,0.0,0.0,0.0,0.0,0.0,1.0,-1
"F[1,1](((UnitsInsBasalOrLongAct >= 0.000 | WeightKg >= 1.000) | Pt_SiblingT1D <= 1.000) -> NumPumpBolusOrShortAct <= 1.000)
",0.000,0.000,0.000,0.000,1.000,0,0,0,1,1,0,0,1,0.0,0.0,0.0,0.0,0.0,1.0,-1
"F[0,2](((bmi >= 0.000 | HbA1cImputeDtMnC >= 0.000) & bmiZscore >= 0.000) & bmi <= 0.000)
",0.000,0.000,0.000,0.000,1.000,0,0,0,1,1,0,0,1,0.0,0.0,0.0,0.0,0.0,1.0,-1
"F[1,2](HbA1cImputeDtMnC <= 0.000 -> bmiZscore <= 0.748)
",0.000,0.000,0.000,0.000,1.000,0,0,0,1,1,0,0,1,0.0,0.0,0.0,0.0,0.0,1.0,-1
"F[0,2]((Pt_GrandparentT1D <= 0.000 & BldPrSys >= 0.000) & BGTestAvgNumMeter <= 0.000)
",0.000,0.000,0.000,0.000,1.000,0,0,0,1,1,0,0,1,0.0,0.0,0.0,0.0,0.0,1.0,-1
"((BldPrSys >= 0.000) U[0,1] (HbA1c >= 0.000))
",0.000,0.000,0.000,0.000,1.000,0,0,0,1,1,0,0,1,0.0,0.0,0.0,0.0,0.0,1.0,-1
"F[1,1]((HbA1c <= 0.000 | LDL >= 0.940) & TSH <= 0.940)
",0.000,0.000,0.000,0.000,1.000,0,0,0,1,1,0,0,1,0.0,0.0,0.0,0.0,0.0,1.0,-1
"F[0,1](WeightKg <= 1.000 & Pt_A1cGoalLev <= 15.000)
",0.000,0.000,0.000,0.000,1.000,0,0,0,1,1,0,0,1,0.0,0.0,0.0,0.0,0.0,1.0,-1
"((bmiZscore <= 0.748) U[0,1] (Pt_DKAFlg >= 0.000))
",0.000,0.000,0.000,0.000,1.000,0,0,0,1,1,0,0,1,0.0,0.0,0.0,0.0,0.0,1.0,-1
"F[0,1](((Pt_CGMUseNumDays >= 5153.000 -> HeightCm >= 76.600) | BldPrSys <= 76.600) & Pt_GrandchildT1D >= 76.600)
",0.000,0.000,0.000,0.000,1.000,0,0,0,1,1,0,0,1,0.0,0.0,0.0,0.0,0.0,1.0,-1
"F[2,2](((bmiZscore <= 0.748 -> Pt_InsGov >= 0.000) & bmi <= 0.000) -> WeightKg >= 0.000)
",0.000,0.000,0.000,0.000,1.000,0,0,0,1,1,0,0,1,0.0,0.0,0.0,0.0,0.0,1.0,-1
"F[0,1]((HeightCm <= 76.600 | Pt_DKAFlg <= 0.000) | Pt_SHFlg <= 0.000)
",0.000,0.000,0.000,0.000,1.000,0,0,0,1,1,0,0,1,0.0,0.0,0.0,0.0,0.0,1.0,-1
"F[2,2](Pt_A1cGoalLev >= 15.000 & DirectLDL >= 178.300)
",0.000,0.000,0.000,0.000,1.000,0,0,0,1,1,0,0,1,0.0,0.0,0.0,0.0,0.0,1.0,-1
"F[0,0](((Pt_GrandparentT1D >= 0.000 & bmiZscore <= 0.748) | TotalDailyInsPerKg <= 0.748) | BldPrSys <= 0.748)
",0.000,0.000,0.000,0.000,1.000,0,0,0,1,1,0,0,1,0.0,0.0,0.0,0.0,0.0,1.0,-1
"F[0,1](((BldPrSys >= 0.000 | HeightCm >= 76.600) -> AutonomicNeuroCl <= 76.600) -> Pt_GrandchildT1D >= 76.600)
",0.000,0.000,0.000,0.000,1.000,0,0,0,1,1,0,0,1,0.0,0.0,0.0,0.0,0.0,1.0,-1
"F[0,2](AutonomicNeuroCl >= 10.400 | GFR <= 0.670)
",0.000,0.000,0.000,0.000,1.000,0,0,0,1,1,0,0,1,0.0,0.0,0.0,0.0,0.0,1.0,-1
"G[0,2]((Pt_InsGov >= 0.000 -> UnitsInsBasalOrLongAct >= 0.000) -> HeightCm >= 0.000)
",0.000,0.000,0.000,1.000,0.000,0,0,1,0,0,1,1,0,0.0,0.0,1.0,0.0,0.0,1.0,1
"G[0,2]((bmiPerc >= 24.095 -> LDL <= 0.940) | Pt_SiblingT1D <= 0.940)
",0.000,0.000,0.000,1.000,0.000,0,0,1,0,0,1,1,0,0.0,0.0,1.0,0.0,0.0,1.0,1
"G[0,2](((BUN <= 69.000 | BldPrSys <= 0.000) -> Pt_InsGov >= 0.000) & BUN <= 0.000)
",0.000,0.000,0.000,1.000,0.000,0,0,0,1,1,0,0,1,0.0,0.0,0.0,0.0,0.0,1.0,1
"G[1,1](SMBGperDayPtMeterCombo >= 72.000 & BGTestAvgNumPtRep >= 1.000)
",0.000,0.000,0.000,1.000,0.000,0,0,1,0,0,1,1,0,0.0,0.0,1.0,0.0,0.0,1.0,1
"G[1,2](SMBGperDayPtMeterCombo >= 72.000 & BGTestAvgNumPtRep >= 1.000)
",0.000,0.000,0.000,1.000,0.000,0,0,1,0,0,1,1,0,0.0,0.0,1.0,0.0,0.0,1.0,1
"G[0,2](GFR <= 0.670 -> BUN >= 69.000)
",0.000,0.000,0.000,1.000,0.000,0,0,0,1,1,0,0,1,0.0,0.0,0.0,0.0,0.0,1.0,1
"G[0,1]((WeightKg >= 1.000 | bmi >= 0.000) -> UnitsInsBasalOrLongAct <= 0.000)
",0.000,0.000,0.000,1.000,0.000,0,0,1,0,0,1,1,0,0.0,0.0,1.0,0.0,0.0,1.0,1
"G[2,2](SMBGperDayPtMeterCombo >= 72.000 & BGTestAvgNumPtRep >= 1.000)
",0.000,0.000,0.000,1.000,0.000,0,0,1,0,0,1,1,0,0.0,0.0,1.0,0.0,0.0,1.0,1
"G[0,0](GFR <= 0.670 -> BUN >= 69.000)
",0.000,0.000,0.000,1.000,0.000,0,0,0,1,1,0,0,1,0.0,0.0,0.0,0.0,0.0,1.0,1
"G[1,2]((WeightKg >= 1.000 | bmi >= 0.000) -> UnitsInsBasalOrLongAct <= 0.000)
",0.000,0.000,0.000,1.000,0.000,0,0,1,0,0,1,1,0,0.0,0.0,1.0,0.0,0.0,1.0,1
"G[2,2](GFR <= 0.670 -> BUN >= 69.000)
",0.000,0.000,0.000,1.000,0.000,0,0,1,0,0,1,1,0,0.0,0.0,1.0,0.0,0.0,1.0,1
"G[1,2](GFR <= 0.670 -> BUN >= 69.000)
",0.000,0.000,0.000,1.000,0.000,0,0,1,0,0,1,1,0,0.0,0.0,1.0,0.0,0.0,1.0,1
"G[0,2]((WeightKg >= 1.000 | bmi >= 0.000) -> UnitsInsBasalOrLongAct <= 0.000)
",0.000,0.000,0.000,1.000,0.000,0,0,1,0,0,1,1,0,0.0,0.0,1.0,0.0,0.0,1.0,1
"G[2,2](SMBGperDayPtMeterCombo >= 72.000 & BGTestAvgNumPtRep >= 1.000)
",0.000,0.000,0.000,1.000,0.000,0,0,1,0,0,1,1,0,0.0,0.0,1.0,0.0,0.0,1.0,1
"G[0,2](GFR <= 0.670 -> BUN >= 69.000)
",0.000,0.000,0.000,1.000,0.000,0,0,0,1,1,0,0,1,0.0,0.0,0.0,0.0,0.0,1.0,1
"G[1,2](SMBGperDayPtMeterCombo >= 72.000 & BGTestAvgNumPtRep >= 1.000)
",0.000,0.000,0.000,1.000,0.000,0,0,1,0,0,1,1,0,0.0,0.0,1.0,0.0,0.0,1.0,1
"G[2,2](GFR <= 0.670 -> BUN >= 69.000)
",0.000,0.000,0.000,1.000,0.000,0,0,1,0,0,1,1,0,0.0,0.0,1.0,0.0,0.0,1.0,1
"G[0,2]((WeightKg >= 1.000 | bmi >= 0.000) -> UnitsInsBasalOrLongAct <= 0.000)
",0.000,0.000,0.000,1.000,0.000,0,0,1,0,0,1,1,0,0.0,0.0,1.0,0.0,0.0,1.0,1
"G[1,2]((WeightKg >= 1.000 | bmi >= 0.000) -> UnitsInsBasalOrLongAct <= 0.000)
",0.000,0.000,0.000,1.000,0.000,0,0,1,0,0,1,1,0,0.0,0.0,1.0,0.0,0.0,1.0,1
"G[1,1](SMBGperDayPtMeterCombo >= 72.000 & BGTestAvgNumPtRep >= 1.000)
",0.000,0.000,0.000,1.000,0.000,0,0,1,0,0,1,1,0,0.0,0.0,1.0,0.0,0.0,1.0,1
"G[2,2](HbA1c <= 0.000 -> WeightKg <= 1.000)
",0.000,0.000,0.000,1.000,0.000,0,0,1,0,0,1,1,0,0.0,0.0,1.0,0.0,0.0,1.0,1
"G[0,1](BGTestAvgNumMeter < 0.000 & Pt_SHFlg = 0.000)
",0.000,0.000,0.000,1.000,0.000,0,0,0,1,1,0,0,1,0.0,0.0,0.0,0.0,0.0,1.0,1
"G[1,2](((BGTestAvgNumPtRep <= 1.000 -> BGTestAvgNumPtRep >= 1.000) & DirectLDL >= 1.000) | Pt_SiblingT1D <= 1.000)
",0.000,0.000,0.000,1.000,0.000,0,0,1,0,0,1,1,0,0.0,0.0,1.0,0.0,0.0,1.0,1
"G[0,2]((BUN >= 69.000 | BldPrSys <= 0.000) -> age <= 0.000)
",0.000,0.000,0.000,1.000,0.000,0,0,1,0,0,1,1,0,0.0,0.0,1.0,0.0,0.0,1.0,1
"G[1,2]((Pt_ChildT1D >= 0.000 -> WeightKg >= 1.000) & Pt_CGMUseNumDays >= 1.000)
",0.000,0.000,0.000,1.000,0.000,0,0,1,0,0,1,1,0,0.0,0.0,1.0,0.0,0.0,1.0,1
"G[0,1](bmiZscore <= 0.748 | age <= 0.000)
",0.000,0.000,0.000,1.000,0.000,0,0,1,0,0,1,1,0,0.0,0.0,1.0,0.0,0.0,1.0,1
"G[0,1](Pt_DKAFlg <= 0.000 -> Pt_SHFlg = 0.000)
",0.000,0.000,0.000,1.000,0.000,0,0,1,0,0,1,1,0,0.0,0.0,1.0,0.0,0.0,1.0,1
"G[2,2](diagAgeCombo <= 0.000 & Pt_SHFlg = 0.000)
",0.000,0.000,0.000,1.000,0.000,0,0,1,0,0,1,1,0,0.0,0.0,1.0,0.0,0.0,1.0,1
"G[1,1](BldPrSys >= 0.000 & Pt_SHFlg = 0.000)
",0.000,0.000,0.000,1.000,0.000,0,0,1,0,0,1,1,0,0.0,0.0,1.0,0.0,0.0,1.0,1
"G[0,1]((WeightKg >= 1.000 | bmi >= 0.000) -> UnitsInsBasalOrLongAct <= 0.000)
",0.000,0.000,0.000,1.000,0.000,0,0,1,0,0,1,1,0,0.0,0.0,1.0,0.0,0.0,1.0,1
"G[0,2]((WeightKg >= 1.000 | bmi >= 0.000) -> UnitsInsBasalOrLongAct <= 0.000)
",0.000,0.000,0.000,1.000,0.000,0,0,1,0,0,1,1,0,0.0,0.0,1.0,0.0,0.0,1.0,1
"G[1,1](SMBGperDayPtMeterCombo >= 72.000 & BGTestAvgNumPtRep >= 1.000)
",0.000,0.000,0.000,1.000,0.000,0,0,1,0,0,1,1,0,0.0,0.0,1.0,0.0,0.0,1.0,1
"G[0,2](GFR <= 0.670 -> BUN >= 69.000)
",0.000,0.000,0.000,1.000,0.000,0,0,0,1,1,0,0,1,0.0,0.0,0.0,0.0,0.0,1.0,1
"G[1,2]((WeightKg >= 1.000 | bmi >= 0.000) -> UnitsInsBasalOrLongAct <= 0.000)
",0.000,0.000,0.000,1.000,0.000,0,0,1,0,0,1,1,0,0.0,0.0,1.0,0.0,0.0,1.0,1
"G[2,2](SMBGperDayPtMeterCombo >= 72.000 & BGTestAvgNumPtRep >= 1.000)
",0.000,0.000,0.000,1.000,0.000,0,0,1,0,0,1,1,0,0.0,0.0,1.0,0.0,0.0,1.0,1
"G[2,2](GFR <= 0.670 -> BUN >= 69.000)
",0.000,0.000,0.000,1.000,0.000,0,0,1,0,0,1,1,0,0.0,0.0,1.0,0.0,0.0,1.0,1
"G[0,0](SMBGperDayPtMeterCombo >= 72.000 & BGTestAvgNumPtRep >= 1.000)
",0.000,0.000,0.000,1.000,0.000,0,0,0,1,1,0,0,1,0.0,0.0,0.0,0.0,0.0,1.0,1
"G[1,2](GFR <= 0.670 -> BUN >= 69.000)
",0.000,0.000,0.000,1.000,0.000,0,0,1,0,0,1,1,0,0.0,0.0,1.0,0.0,0.0,1.0,1
"G[0,2]((WeightKg >= 1.000 | bmi >= 0.000) -> UnitsInsBasalOrLongAct <= 0.000)
",0.000,0.000,0.000,1.000,0.000,0,0,1,0,0,1,1,0,0.0,0.0,1.0,0.0,0.0,1.0,1
"G[1,2]((TotalDailyInsPerKg <= 2.000 -> Pt_CGMUseNumDays <= 5153.000) | LDL >= 5153.000)
",0.000,0.000,0.000,1.000,0.000,0,0,1,0,0,1,1,0,0.0,0.0,1.0,0.0,0.0,1.0,1
"G[0,2]((SMBGperDayPtMeterCombo <= 72.000 | WeightKg >= 1.000) -> Triglyc >= 1.000)
",0.000,0.000,0.000,1.000,0.000,0,0,1,0,0,1,1,0,0.0,0.0,1.0,0.0,0.0,1.0,1
"G[0,2](((DirectLDL >= 178.300 -> bmiZscore >= 0.748) & BldPrSys >= 0.748) & diabDur <= 0.748)
",0.000,0.000,0.000,1.000,0.000,0,0,0,1,1,0,0,1,0.0,0.0,0.0,0.0,0.0,1.0,1
"G[0,2](diabDur >= 18.000 | BGTestAvgNumPtRep <= 1.000)
",0.000,0.000,0.000,1.000,0.000,0,0,1,0,0,1,1,0,0.0,0.0,1.0,0.0,0.0,1.0,1
"G[1,2]((Pt_CGMUseNumDays >= 5153.000 | HeightCm >= 76.600) | diabDur >= 76.600)
",0.000,0.000,0.000,1.000,0.000,0,0,1,0,0,1,1,0,0.0,0.0,1.0,0.0,0.0,1.0,1
"G[1,2](((BGTestAvgNumPtRep >= 1.000 -> TSH >= 0.000) | Pt_A1cGoalLevelDsYr5 <= 0.000) | HDL <= 0.000)
",0.000,0.000,0.000,1.000,0.000,0,0,1,0,0,1,1,0,0.0,0.0,1.0,0.0,0.0,1.0,1
"G[0,1](age >= 0.000 & Pt_MotherT1D >= 1.000)
",0.000,0.000,0.000,1.000,0.000,0,0,0,1,1,0,0,1,0.0,0.0,0.0,0.0,0.0,1.0,1
"G[0,1]((AlbCreatRat_mggNew >= 13.000 -> TotalDailyInsPerKg >= 2.000) | TSH <= 2.000)
",0.000,0.000,0.000,1.000,0.000,0,0,1,0,0,1,1,0,0.0,0.0,1.0,0.0,0.0,1.0,1
"G[0,1](((Pt_DKAFlg <= 0.000 & AlbCreatRat_mggNew >= 13.000) -> AlbCreatRat_mggNew >= 13.000) & HDL <= 13.000)
",0.000,0.000,0.000,1.000,0.000,0,0,0,1,1,0,0,1,0.0,0.0,0.0,0.0,0.0,1.0,1
"G[0,1](((BldPrSys >= 0.000 | Pt_InsGov <= 0.000) -> Pt_SHFlg <= 0.000) & WeightKg >= 0.000)
",0.000,0.000,0.000,1.000,0.000,0,0,1,0,0,1,1,0,0.0,0.0,1.0,0.0,0.0,1.0,1
"G[1,2](TotChol >= 44.000 -> TotalDailyInsPerKg <= 2.000)
",0.000,0.000,0.000,1.000,0.000,0,0,1,0,0,1,1,0,0.0,0.0,1.0,0.0,0.0,1.0,1
"G[1,2](((bmiZscore <= 0.748 -> HbA1cImputeDtMnC >= 0.000) | AlbCreatRat_mggNew <= 0.000) -> WeightKg <= 0.000)
",0.000,0.000,0.000,1.000,0.000,0,0,1,0,0,1,1,0,0.0,0.0,1.0,0.0,0.0,1.0,1
"G[2,2]((HeightCm <= 76.600 & Pt_GrandchildT1D >= 0.000) -> LDL >= 0.000)
",0.000,0.000,0.000,1.000,0.000,0,0,1,0,0,1,1,0,0.0,0.0,1.0,0.0,0.0,1.0,1
"G[0,2](GFR <= 0.670 -> BUN >= 69.000)
",0.000,0.000,0.000,1.000,0.000,0,0,0,1,1,0,0,1,0.0,0.0,0.0,0.0,0.0,1.0,1
"G[0,2](((age >= 0.000 | BldPrSys <= 0.000) -> BldPrSys <= 0.000) -> TotChol <= 0.000)
",0.000,0.000,0.000,1.000,0.000,0,0,1,0,0,1,1,0,0.0,0.0,1.0,0.0,0.0,1.0,1
"G[0,1](((bmiPerc <= 24.095 -> TotChol <= 44.000) -> GFR <= 44.000) & AutonomicNeuroCl <= 44.000)
",0.000,0.000,0.000,1.000,0.000,0,0,1,0,0,1,1,0,0.0,0.0,1.0,0.0,0.0,1.0,1
"G[2,2](((diabDur >= 18.000 & Pt_ChildT1D <= 0.000) & diabDur <= 0.000) | NumPumpBolusOrShortAct <= 0.000)
",0.000,0.000,0.000,1.000,0.000,0,0,1,0,0,1,1,0,0.0,0.0,1.0,0.0,0.0,1.0,1
"G[1,2]((Pt_SiblingT1D <= 0.000 -> Pt_DKAFlg <= 0.000) | TSH <= 0.000)
",0.000,0.000,0.000,1.000,0.000,0,0,1,0,0,1,1,0,0.0,0.0,1.0,0.0,0.0,1.0,1
"G[2,2](((Pt_CGMUseNumDays >= 5153.000 & Pt_ChildT1D >= 0.000) -> Pt_A1cGoalLev >= 0.000) & HbA1cImputeDtMnC >= 0.000)
",0.000,0.000,0.000,1.000,0.000,0,0,1,0,0,1,1,0,0.0,0.0,1.0,0.0,0.0,1.0,1
"G[0,1](((AutonomicNeuroCl >= 10.400 & Pt_FatherT1D >= 0.000) -> AutonomicNeuroCl <= 0.000) -> HDL >= 0.000)
",0.000,0.000,0.000,1.000,0.000,0,0,1,0,0,1,1,0,0.0,0.0,1.0,0.0,0.0,1.0,1
"G[0,2](DirectLDL >= 178.300 & Pt_A1cGoalLevelDsYr5 <= 0.000)
",0.000,0.000,0.000,1.000,0.000,0,0,0,1,1,0,0,1,0.0,0.0,0.0,0.0,0.0,1.0,1
"G[0,2](((HbA1cImputeDtMnC <= 0.000 -> LDL <= 0.940) -> BldPrSys <= 0.940) & Triglyc >= 0.940)
",0.000,0.000,0.000,1.000,0.000,0,0,1,0,0,1,1,0,0.0,0.0,1.0,0.0,0.0,1.0,1
"G[1,1](DirectLDL >= 178.300 & BUN <= 69.000)
",0.000,0.000,0.000,1.000,0.000,0,0,1,0,0,1,1,0,0.0,0.0,1.0,0.0,0.0,1.0,1
"G[0,1](Pt_A1cGoalLevelDsYr5 <= 0.000 -> WeightKg >= 1.000)
",0.000,0.000,0.000,1.000,0.000,0,0,1,0,0,1,1,0,0.0,0.0,1.0,0.0,0.0,1.0,1
"G[0,2](((Triglyc <= 144.000 -> LDL >= 0.940) & LDL >= 0.940) | Pt_MotherT1D >= 0.940)
",0.000,0.000,0.000,1.000,0.000,0,0,1,0,0,1,1,0,0.0,0.0,1.0,0.0,0.0,1.0,1
"G[1,2](((TSH <= 0.000 | AutonomicNeuroCl <= 10.400) & Pt_InsGov >= 10.400) -> bmi <= 10.400)
",0.000,0.000,0.000,1.000,0.000,0,0,1,0,0,1,1,0,0.0,0.0,1.0,0.0,0.0,1.0,1
"G[0,1](((bmi <= 0.000 & bmi >= 0.000) -> GFR >= 0.000) -> Pt_GrandparentT1D <= 0.000)
",0.000,0.000,0.000,1.000,0.000,0,0,1,0,0,1,1,0,0.0,0.0,1.0,0.0,0.0,1.0,1
"G[1,1](((WeightKg >= 1.000 | Pt_GrandchildT1D >= 0.000) & GFR <= 0.000) -> SMBGperDayPtMeterCombo <= 0.000)
",0.000,0.000,0.000,1.000,0.000,0,0,1,0,0,1,1,0,0.0,0.0,1.0,0.0,0.0,1.0,1
"G[0,2]((diagAgeCombo <= 0.000 -> BldPrDia <= 118.000) & LDL <= 118.000)
",0.000,0.000,0.000,1.000,0.000,0,0,1,0,0,1,1,0,0.0,0.0,1.0,0.0,0.0,1.0,1
"G[0,1]((GFR >= 0.670 -> Pt_GrandchildT1D >= 0.000) -> Pt_A1cGoalLev >= 0.000)
",0.000,0.000,0.000,1.000,0.000,0,0,1,0,0,1,1,0,0.0,0.0,1.0,0.0,0.0,1.0,1
"G[0,2](((BGTestAvgNumMeter <= 0.000 & Pt_ChildT1D <= 0.000) -> AutonomicNeuroCl <= 0.000) & DirectLDL >= 0.000)
",0.000,0.000,0.000,1.000,0.000,0,0,1,0,0,1,1,0,0.0,0.0,1.0,0.0,0.0,1.0,1
"G[2,2](((Pt_SHFlg >= 0.000 -> Pt_GrandchildT1D <= 0.000) & LDL >= 0.000) | bmiPerc >= 0.000)
",0.000,0.000,0.000,1.000,0.000,0,0,1,0,0,1,1,0,0.0,0.0,1.0,0.0,0.0,1.0,1
"((age <= 0.000) U[0,1] (LDL >= 0.940))
",0.000,0.000,0.000,0.000,1.000,0,0,0,1,1,0,0,1,0.0,0.0,0.0,0.0,0.0,1.0,-1
