Rule,Discrimination Score,Pos Robustness,Neg Robustness,Percent Class +,Percent Class -,TP,TN,FP,FN,Actual Yes,Actual No,Predicted Yes,Predicted No,TPR/Sens,TNR/Spec,FPR,Precision,Accuracy,MCR,Class
"G[0,0](((BGTestAvgNumPtRep <= 9.603 -> bmiZscore <= 1.131) | TotalDailyInsPerKg <= 1.229) & Pt_MotherT1D <= 1.153)
",-9.603,-9.603,0.000,1.000,0.000,4,0,0,0,4,0,4,0,1.0,0.0,0.0,1.0,1.1428571428571428,-0.1428571428571428,1
"G[0,0]((TotalDailyInsPerKg <= 0.383 -> UnitsInsBasalOrLongAct <= 18.599) | DirectLDL <= 22.886)
",-18.599,-18.599,0.000,1.000,0.000,4,0,0,0,4,0,4,0,1.0,0.0,0.0,1.0,1.1428571428571428,-0.1428571428571428,1
"F[0,0]((GFR >= 0.000 | TotalDailyInsPerKg >= 0.065) & DirectLDL >= 0.003)
",10.104,12.602,0.000,0.000,1.000,4,0,0,0,4,0,4,0,1.0,0.0,0.0,1.0,1.1428571428571428,-0.1428571428571428,-1
"F[0,0]((bmiZscore >= 0.558 -> UnitsInsBasalOrLongAct >= 8.038) & Pt_GrandchildT1D >= 9.000)
",-9.000,-9.000,0.000,0.000,1.000,4,0,0,0,4,0,4,0,1.0,0.0,0.0,1.0,1.1428571428571428,-0.1428571428571428,-1
"F[0,0](((bmi <= 23.436 & TotalDailyInsPerKg <= 0.164) | Pt_DKAFlg <= 0.330) -> DirectLDL >= 0.061)
",-104.887,-161.206,0.000,0.000,1.000,4,0,0,0,4,0,4,0,1.0,0.0,0.0,1.0,1.1428571428571428,-0.1428571428571428,-1
"F[0,0](((Pt_A1cGoalLev >= 0.000 & DirectLDL >= 0.000) & Pt_FatherT1D >= 0.000) -> HeightCm <= 0.000)
",0.000,0.000,0.000,0.000,1.000,4,0,0,0,4,0,4,0,1.0,0.0,0.0,1.0,1.1428571428571428,-0.1428571428571428,-1
"F[0,0]((bmiPerc <= 0.858 | WeightKg >= 50.073) & age >= 47.648)
",-6705876064192949.000,-47.648,0.000,0.000,1.000,4,0,0,0,4,0,4,0,1.0,0.0,0.0,1.0,1.1428571428571428,-0.1428571428571428,-1
"F[0,0](((AutonomicNeuroCl <= 0.000 & diagAgeCombo <= 1.000) | BldPrDia >= 1.000) & BGTestAvgNumMeter >= 1.000)
",17.105,21.333,0.000,0.000,1.000,4,0,0,0,4,0,4,0,1.0,0.0,0.0,1.0,1.1428571428571428,-0.1428571428571428,-1
"G[0,0]((BldPrDia >= 63.169 | HeightCm >= 150.967) & BldPrSys <= 160.532)
",6.918,44.831,0.000,1.000,0.000,4,0,0,0,4,0,4,0,1.0,0.0,0.0,1.0,1.1428571428571428,-0.1428571428571428,1
"G[0,0]((BUN >= 8.496 & Triglyc <= 134.237) -> Pt_SHFlg <= 130.413)
",-4.474,-103.646,0.000,1.000,0.000,4,0,0,0,4,0,4,0,1.0,0.0,0.0,1.0,1.1428571428571428,-0.1428571428571428,1
"G[0,0](WeightKg >= 44.494 -> BUN >= 4.683)
",-1.337,-80.983,0.000,1.000,0.000,4,0,0,0,4,0,4,0,1.0,0.0,0.0,1.0,1.1428571428571428,-0.1428571428571428,1
"G[0,0](GFR <= 0.000 -> BUN >= 1.325)
",-1.393,-84.355,0.000,1.000,0.000,4,0,0,0,4,0,4,0,1.0,0.0,0.0,1.0,1.1428571428571428,-0.1428571428571428,1
"G[0,0](((BldPrSys >= 103.668 -> bmi <= 23.096) -> Pt_InsGov <= 24.744) -> SMBGperDayPtMeterCombo <= 22.902)
",6964940536124149.000,24.744,0.000,1.000,0.000,4,0,0,0,4,0,4,0,1.0,0.0,0.0,1.0,1.1428571428571428,-0.1428571428571428,1
"G[0,0](SMBGperDayPtMeterCombo <= 7.866 -> DirectLDL <= 0.000)
",36.157,51.134,0.000,1.000,0.000,4,0,0,0,4,0,4,0,1.0,0.0,0.0,1.0,1.1428571428571428,-0.1428571428571428,1
"G[0,0](GFR <= 0.000 -> BUN >= 1.619)
",-1.393,-84.159,0.000,1.000,0.000,4,0,0,0,4,0,4,0,1.0,0.0,0.0,1.0,1.1428571428571428,-0.1428571428571428,1
"G[0,0]((bmiPerc <= 0.822 -> UnitsInsBasalOrLongAct <= 18.261) | AlbCreatRat_mggNew >= 0.595)
",1.284,6.738,0.000,1.000,0.000,4,0,0,0,4,0,4,0,1.0,0.0,0.0,1.0,1.1428571428571428,-0.1428571428571428,1
"G[0,0](GFR <= 0.000 -> BUN >= 1.437)
",-1.393,-84.280,0.000,1.000,0.000,4,0,0,0,4,0,4,0,1.0,0.0,0.0,1.0,1.1428571428571428,-0.1428571428571428,1
"G[0,0]((WeightKg <= 63.705 | Pt_SiblingT1D >= 0.000) -> UnitsInsBasalOrLongAct >= 0.000)
",-69.449,-56.705,0.000,1.000,0.000,4,0,0,0,4,0,4,0,1.0,0.0,0.0,1.0,1.1428571428571428,-0.1428571428571428,1
"G[0,0](((Pt_MotherT1D <= 0.000 & BGTestAvgNumMeter <= 0.000) | Pt_SHFlg >= 0.000) & TSH >= 0.000)
",8.573,7.000,0.000,1.000,0.000,4,0,0,0,4,0,4,0,1.0,0.0,0.0,1.0,1.1428571428571428,-0.1428571428571428,1
"G[0,0]((bmi <= 24.911 -> SMBGperDayPtMeterCombo >= 1.966) | diabDur >= 1.023)
",10.137,12.644,0.000,1.000,0.000,4,0,0,0,4,0,4,0,1.0,0.0,0.0,1.0,1.1428571428571428,-0.1428571428571428,1
"G[0,0]((Pt_A1cGoalLevelDsYr5 <= 0.000 -> Pt_DKAFlg >= 0.000) -> Pt_MotherT1D <= 0.000)
",0.000,0.000,0.000,1.000,0.000,4,0,0,0,4,0,4,0,1.0,0.0,0.0,1.0,1.1428571428571428,-0.1428571428571428,1
"G[0,0]((Pt_A1cGoalLev <= 0.000 -> Pt_FatherT1D >= 0.000) & Pt_FatherT1D >= 0.000)
",0.000,0.000,0.000,1.000,0.000,4,0,0,0,4,0,4,0,1.0,0.0,0.0,1.0,1.1428571428571428,-0.1428571428571428,1
"G[0,0]((diagAgeCombo <= 1.000 | SMBGperDayPtMeterCombo >= 0.557) | bmi <= 7.263)
",41.325,58.443,0.000,1.000,0.000,4,0,0,0,4,0,4,0,1.0,0.0,0.0,1.0,1.1428571428571428,-0.1428571428571428,1
"G[0,0](GFR <= 0.000 -> BUN >= 9.071)
",-1.391,-79.191,0.000,1.000,0.000,4,0,0,0,4,0,4,0,1.0,0.0,0.0,1.0,1.1428571428571428,-0.1428571428571428,1
"G[0,0](GFR <= 0.000 -> BUN >= 3.060)
",-1.392,-83.198,0.000,1.000,0.000,4,0,0,0,4,0,4,0,1.0,0.0,0.0,1.0,1.1428571428571428,-0.1428571428571428,1
"F[0,0](age <= 16.580 & HbA1cImputeDtMnC >= 34.861)
",-34.861,-34.861,0.000,0.000,1.000,3,0,0,1,4,0,3,1,0.75,0.0,0.0,1.0,0.8571428571428571,0.1428571428571429,-1
"G[0,1](((LDL <= 102.124 & AutonomicNeuroCl <= 0.000) & WeightKg <= 0.000) -> AutonomicNeuroCl <= 0.000)
",9999999.000,9999999.000,0.000,1.000,0.000,3,0,1,0,3,1,4,0,1.0,0.0,1.0,0.75,0.8571428571428571,0.1428571428571429,1
"F[0,1]((BUN >= 9.260 -> LDL >= 31.501) -> BGTestAvgNumPtRep >= 30.024)
",-9999999.000,-9999999.000,0.000,0.000,1.000,3,0,0,1,4,0,3,1,0.75,0.0,0.0,1.0,0.8571428571428571,0.1428571428571429,-1
"G[1,1]((Pt_A1cGoalLev <= 0.000 & BldPrDia <= 69.880) | AutonomicNeuroCl <= 70.328)
",70.328,70.328,0.000,1.000,0.000,3,0,1,0,3,1,4,0,1.0,0.0,1.0,0.75,0.8571428571428571,0.1428571428571429,1
"G[0,1](((HbA1c >= 8.407 | BUN >= 0.395) -> bmi >= 2.432) -> GFR <= 12.607)
",9999999.000,9999999.000,0.000,1.000,0.000,3,0,1,0,3,1,4,0,1.0,0.0,1.0,0.75,0.8571428571428571,0.1428571428571429,1
"G[0,0](bmi >= 20.514 & Pt_SHFlg = 0.000)
",-2.982,-44.326,0.000,1.000,0.000,3,0,0,1,4,0,3,1,0.75,0.0,0.0,1.0,0.8571428571428571,0.1428571428571429,1
"G[1,1](TotalDailyInsPerKg <= 0.394 | LDL <= 96.030)
",96.030,96.030,0.000,1.000,0.000,3,0,1,0,3,1,4,0,1.0,0.0,1.0,0.75,0.8571428571428571,0.1428571428571429,1
"G[1,1](((NumPumpBolusOrShortAct <= 0.000 | Pt_DKAFlg <= 0.000) | TSH >= 0.000) | diabDur <= 0.000)
",0.000,0.000,0.000,1.000,0.000,3,0,1,0,3,1,4,0,1.0,0.0,1.0,0.75,0.8571428571428571,0.1428571428571429,1
"F[0,1](((Pt_A1cGoalLevelDsYr5 <= 0.000 -> SMBGperDayPtMeterCombo <= 8.847) & AlbCreatRat_mggNew >= 1.384) | TotChol >= 2.332)
",-9999999.000,-9999999.000,0.000,0.000,1.000,3,0,0,1,4,0,3,1,0.75,0.0,0.0,1.0,0.8571428571428571,0.1428571428571429,-1
"F[1,1]((AlbCreatRat_mggNew <= 1.125 & NumPumpBolusOrShortAct <= 0.000) -> age <= 0.000)
",0.000,0.000,0.000,0.000,1.000,3,0,0,1,4,0,3,1,0.75,0.0,0.0,1.0,0.8571428571428571,0.1428571428571429,-1
"F[0,0](((BldPrDia <= 69.915 -> WeightKg <= 59.363) | Pt_MotherT1D >= 44.570) -> BldPrSys <= 62.351)
",-62.351,-62.351,0.000,0.000,1.000,3,0,0,1,4,0,3,1,0.75,0.0,0.0,1.0,0.8571428571428571,0.1428571428571429,-1
"((TotChol < 0.000) U[1,2] (Pt_SHFlg = 0.000))
",-9999999.000,-9999999.000,0.000,0.000,1.000,3,0,0,1,4,0,3,1,0.75,0.0,0.0,1.0,0.8571428571428571,0.1428571428571429,-1
"F[0,0](((BldPrDia <= 67.254 & HDL <= 51.242) -> diabDur >= 27.744) & AlbCreatRat_mggNew >= 1.249)
",1.159,6.084,0.000,0.000,1.000,3,0,0,1,4,0,3,1,0.75,0.0,0.0,1.0,0.8571428571428571,0.1428571428571429,-1
"F[0,0](((HbA1cImputeDtMnC >= 0.055 | BGTestAvgNumPtRep <= 8.599) & DirectLDL <= 5.933) -> BUN <= 9.214)
",1.262,76.453,0.000,0.000,1.000,3,0,0,1,4,0,3,1,0.75,0.0,0.0,1.0,0.8571428571428571,0.1428571428571429,-1
"((BGTestAvgNumMeter >= 0.000) U[0,0] (BGTestAvgNumPtRep <= 6.211))
",17.907,22.333,0.000,0.000,1.000,3,0,0,1,4,0,3,1,0.75,0.0,0.0,1.0,0.8571428571428571,0.1428571428571429,-1
"F[1,1]((WeightKg >= 40.565 & TotalDailyInsPerKg >= 0.026) & HbA1cImputeDtMnC <= 0.290)
",-40.565,-40.565,0.000,0.000,1.000,3,0,0,1,4,0,3,1,0.75,0.0,0.0,1.0,0.8571428571428571,0.1428571428571429,-1
"F[1,1]((Pt_ChildT1D >= 0.000 | AlbCreatRat_mggNew <= 2.779) & age <= 3.961)
",6258006350685213.000,2.779,0.000,0.000,1.000,3,0,0,1,4,0,3,1,0.75,0.0,0.0,1.0,0.8571428571428571,0.1428571428571429,-1
"F[1,1]((HDL <= 55.263 & LDL <= 82.016) & BUN >= 20.849)
",-20.849,-20.849,0.000,0.000,1.000,3,0,0,1,4,0,3,1,0.75,0.0,0.0,1.0,0.8571428571428571,0.1428571428571429,-1
"G[1,1](((bmi >= 22.244 | Pt_A1cGoalLevelDsYr5 <= 0.000) -> AutonomicNeuroCl >= 0.000) | Pt_InsGov <= 0.000)
",0.000,0.000,0.000,1.000,0.000,3,0,1,0,3,1,4,0,1.0,0.0,1.0,0.75,0.8571428571428571,0.1428571428571429,1
"F[0,1](((bmi <= 23.899 | Pt_ChildT1D >= 0.000) | DirectLDL <= 0.000) & bmiPerc <= 0.000)
",-9999999.000,-9999999.000,0.000,0.000,1.000,3,0,0,1,4,0,3,1,0.75,0.0,0.0,1.0,0.8571428571428571,0.1428571428571429,-1
"((BldPrSys >= 106.297) U[0,0] (TotalDailyInsPerKg >= 0.094))
",10.081,12.573,0.000,0.000,1.000,3,0,0,1,4,0,3,1,0.75,0.0,0.0,1.0,0.8571428571428571,0.1428571428571429,-1
"F[1,1](((NumPumpBolusOrShortAct >= 0.000 & Pt_DKAFlg >= 0.000) -> age <= 0.000) & LDL <= 0.000)
",0.000,0.000,0.000,0.000,1.000,3,0,0,1,4,0,3,1,0.75,0.0,0.0,1.0,0.8571428571428571,0.1428571428571429,-1
"F[0,1](Pt_MotherT1D < 0.000 & Pt_SHFlg = 0.000)
",-9999999.000,-9999999.000,0.000,0.000,1.000,3,0,0,1,4,0,3,1,0.75,0.0,0.0,1.0,0.8571428571428571,0.1428571428571429,-1
"F[1,1]((AlbCreatRat_mggNew <= 1.505 & BldPrSys >= 103.251) & Pt_MotherT1D >= 106.222)
",-106.222,-106.222,0.000,0.000,1.000,3,0,0,1,4,0,3,1,0.75,0.0,0.0,1.0,0.8571428571428571,0.1428571428571429,-1
"F[1,1](((Pt_GrandparentT1D >= 0.000 | Pt_GrandparentT1D >= 0.000) & bmiZscore >= 0.000) -> WeightKg <= 0.000)
",0.000,0.000,0.000,0.000,1.000,3,0,0,1,4,0,3,1,0.75,0.0,0.0,1.0,0.8571428571428571,0.1428571428571429,-1
"G[1,1](((Triglyc <= 109.341 -> GFR >= 0.000) | Pt_GrandparentT1D <= 0.000) & bmi >= 0.000)
",0.000,0.000,0.000,1.000,0.000,3,0,1,0,3,1,4,0,1.0,0.0,1.0,0.75,0.8571428571428571,0.1428571428571429,1
"F[1,1](((TSH <= 5.209 -> bmiPerc <= 0.818) | TotalDailyInsPerKg <= 0.889) & Pt_GrandparentT1D >= 0.710)
",-0.710,-0.710,0.000,0.000,1.000,3,0,0,1,4,0,3,1,0.75,0.0,0.0,1.0,0.8571428571428571,0.1428571428571429,-1
"G[0,0]((diabDur <= 12.654 -> HbA1c <= 8.934) | Pt_CGMUseNumDays >= 7.928)
",7080.072,7080.072,0.000,1.000,0.000,3,0,0,1,4,0,3,1,0.75,0.0,0.0,1.0,0.8571428571428571,0.1428571428571429,1
"G[0,1](((UnitsInsBasalOrLongAct <= 18.122 -> Pt_CGMUseNumDays >= 0.000) | BGTestAvgNumMeter >= 0.000) | TotChol <= 0.000)
",9999999.000,9999999.000,0.000,1.000,0.000,3,0,1,0,3,1,4,0,1.0,0.0,1.0,0.75,0.8571428571428571,0.1428571428571429,1
"G[0,0](diabDur >= 11.301 -> HbA1cImputeDtMnC <= 54.300)
",-7641986711644109.000,-54.300,0.000,1.000,0.000,3,0,0,1,4,0,3,1,0.75,0.0,0.0,1.0,0.8571428571428571,0.1428571428571429,1
"G[1,1](((age >= 10.805 & WeightKg <= 61.021) & HbA1cImputeDtMnC >= 45.496) | Pt_DKAFlg <= 58.496)
",58.496,58.496,0.000,1.000,0.000,3,0,1,0,3,1,4,0,1.0,0.0,1.0,0.75,0.8571428571428571,0.1428571428571429,1
"G[1,1](TotalDailyInsPerKg >= 0.004 -> Triglyc <= 142.627)
",-142.627,-142.627,0.000,1.000,0.000,3,0,1,0,3,1,4,0,1.0,0.0,1.0,0.75,0.8571428571428571,0.1428571428571429,1
"G[0,1](((bmiZscore >= 0.778 & HbA1c <= 8.820) | HbA1c <= 9.239) | GFR <= 9.653)
",9999999.000,9999999.000,0.000,1.000,0.000,3,0,1,0,3,1,4,0,1.0,0.0,1.0,0.75,0.8571428571428571,0.1428571428571429,1
"G[0,1](((AutonomicNeuroCl <= 0.000 -> Pt_ChildT1D >= 0.000) -> bmiZscore >= 0.000) & Pt_CGMUseNumDays <= 0.000)
",9999999.000,9999999.000,0.000,1.000,0.000,3,0,1,0,3,1,4,0,1.0,0.0,1.0,0.75,0.8571428571428571,0.1428571428571429,1
"G[1,1](((bmiZscore >= 0.590 & HeightCm <= 162.390) -> age <= 160.978) & age <= 160.169)
",-160.978,-160.978,0.000,1.000,0.000,3,0,1,0,3,1,4,0,1.0,0.0,1.0,0.75,0.8571428571428571,0.1428571428571429,1
"G[0,1](((HbA1c <= 9.912 | WeightKg >= 55.697) & Triglyc >= 52.709) | Pt_DKAFlg <= 62.535)
",9999999.000,9999999.000,0.000,1.000,0.000,3,0,1,0,3,1,4,0,1.0,0.0,1.0,0.75,0.8571428571428571,0.1428571428571429,1
"G[0,1](age >= 10.312 | Triglyc <= 126.644)
",9999999.000,9999999.000,0.000,1.000,0.000,3,0,1,0,3,1,4,0,1.0,0.0,1.0,0.75,0.8571428571428571,0.1428571428571429,1
"G[0,1](HeightCm <= 162.310 | UnitsInsBasalOrLongAct <= 23.528)
",9999999.000,9999999.000,0.000,1.000,0.000,3,0,1,0,3,1,4,0,1.0,0.0,1.0,0.75,0.8571428571428571,0.1428571428571429,1
"G[0,1]((LDL >= 32.855 -> Pt_CGMUseNumDays >= 0.000) -> Pt_A1cGoalLev >= 0.000)
",9999999.000,9999999.000,0.000,1.000,0.000,3,0,1,0,3,1,4,0,1.0,0.0,1.0,0.75,0.8571428571428571,0.1428571428571429,1
"G[1,1]((BGTestAvgNumPtRep <= 9.227 -> Triglyc >= 2.034) | BldPrDia <= 114.726)
",114.726,114.726,0.000,1.000,0.000,3,0,1,0,3,1,4,0,1.0,0.0,1.0,0.75,0.8571428571428571,0.1428571428571429,1
"G[1,1]((Pt_InsGov <= 0.733 & Pt_A1cGoalLev <= 0.000) | Pt_InsGov <= 0.000)
",0.000,0.000,0.000,1.000,0.000,3,0,1,0,3,1,4,0,1.0,0.0,1.0,0.75,0.8571428571428571,0.1428571428571429,1
"G[0,1](HbA1c <= 9.191 | HbA1c >= 8.099)
",9999999.000,9999999.000,0.000,1.000,0.000,3,0,1,0,3,1,4,0,1.0,0.0,1.0,0.75,0.8571428571428571,0.1428571428571429,1
"G[1,1](((GFR <= 0.000 | bmi >= 20.147) | HDL <= 24.560) | Pt_ChildT1D >= 20.436)
",24.560,24.560,0.000,1.000,0.000,3,0,1,0,3,1,4,0,1.0,0.0,1.0,0.75,0.8571428571428571,0.1428571428571429,1
"G[1,1]((GFR <= 0.000 | LDL >= 2.294) | diabDur >= 59.497)
",0.000,0.000,0.000,1.000,0.000,3,0,1,0,3,1,4,0,1.0,0.0,1.0,0.75,0.8571428571428571,0.1428571428571429,1
"G[0,1](BldPrSys <= 116.276 -> Pt_A1cGoalLevelDsYr5 <= 0.000)
",9999999.000,9999999.000,0.000,1.000,0.000,3,0,1,0,3,1,4,0,1.0,0.0,1.0,0.75,0.8571428571428571,0.1428571428571429,1
"G[0,1](((HbA1cImputeDtMnC <= 69.972 -> TotalDailyInsPerKg <= 0.259) -> HbA1c <= 0.117) -> TSH <= 0.181)
",9999999.000,9999999.000,0.000,1.000,0.000,3,0,1,0,3,1,4,0,1.0,0.0,1.0,0.75,0.8571428571428571,0.1428571428571429,1
"G[1,1](BldPrDia >= 59.717 -> SMBGperDayPtMeterCombo <= 8.017)
",-8.017,-8.017,0.000,1.000,0.000,3,0,1,0,3,1,4,0,1.0,0.0,1.0,0.75,0.8571428571428571,0.1428571428571429,1
"G[0,0](((BUN <= 16.363 | WeightKg >= 51.874) & AutonomicNeuroCl <= 67.765) -> HbA1cImputeDtMnC <= 64.552)
",-64.552,-64.552,0.000,1.000,0.000,3,0,0,1,4,0,3,1,0.75,0.0,0.0,1.0,0.8571428571428571,0.1428571428571429,1
"G[0,1](((bmiPerc >= 0.793 & LDL <= 71.056) -> BldPrSys <= 105.486) -> Pt_SHFlg <= 81.451)
",9999999.000,9999999.000,0.000,1.000,0.000,3,0,1,0,3,1,4,0,1.0,0.0,1.0,0.75,0.8571428571428571,0.1428571428571429,1
"G[0,1](bmi < 24.526 -> Pt_SHFlg = 0.000)
",9999999.000,9999999.000,0.000,1.000,0.000,3,0,1,0,3,1,4,0,1.0,0.0,1.0,0.75,0.8571428571428571,0.1428571428571429,1
"G[0,1](Pt_A1cGoalLevelDsYr5 <= 0.000 & Pt_GrandchildT1D <= 0.000)
",9999999.000,9999999.000,0.000,1.000,0.000,3,0,1,0,3,1,4,0,1.0,0.0,1.0,0.75,0.8571428571428571,0.1428571428571429,1
"G[0,1]((HbA1c >= 7.923 | Pt_MotherT1D >= 0.000) & Pt_GrandparentT1D >= 0.000)
",9999999.000,9999999.000,0.000,1.000,0.000,3,0,1,0,3,1,4,0,1.0,0.0,1.0,0.75,0.8571428571428571,0.1428571428571429,1
"G[0,1](((GFR <= 0.000 | Triglyc >= 1.263) -> GFR >= 56.512) -> bmiZscore <= 129.022)
",9999999.000,9999999.000,0.000,1.000,0.000,3,0,1,0,3,1,4,0,1.0,0.0,1.0,0.75,0.8571428571428571,0.1428571428571429,1
"G[0,1]((Pt_GrandparentT1D <= 0.000 -> Pt_FatherT1D <= 0.000) | diabDur <= 0.000)
",9999999.000,9999999.000,0.000,1.000,0.000,3,0,1,0,3,1,4,0,1.0,0.0,1.0,0.75,0.8571428571428571,0.1428571428571429,1
"G[0,1](((AlbCreatRat_mggNew <= 2.435 | age <= 14.537) | LDL <= 14.798) | GFR <= 14.259)
",9999999.000,9999999.000,0.000,1.000,0.000,3,0,1,0,3,1,4,0,1.0,0.0,1.0,0.75,0.8571428571428571,0.1428571428571429,1
"G[0,0](SMBGperDayPtMeterCombo >= 5.550 & BGTestAvgNumPtRep >= 2.679)
",-2.679,-2.679,0.000,1.000,0.000,3,0,0,1,4,0,3,1,0.75,0.0,0.0,1.0,0.8571428571428571,0.1428571428571429,1
"G[0,1](bmiZscore >= 0.750 -> UnitsInsBasalOrLongAct >= 2.971)
",9999999.000,9999999.000,0.000,1.000,0.000,3,0,1,0,3,1,4,0,1.0,0.0,1.0,0.75,0.8571428571428571,0.1428571428571429,1
"G[1,1](((Pt_GrandparentT1D <= 0.000 | BGTestAvgNumMeter >= 0.000) -> Pt_GrandchildT1D >= 0.000) | Pt_MotherT1D <= 0.000)
",0.000,0.000,0.000,1.000,0.000,3,0,1,0,3,1,4,0,1.0,0.0,1.0,0.75,0.8571428571428571,0.1428571428571429,1
"G[0,1]((bmiZscore <= 0.989 -> Pt_GrandparentT1D <= 0.000) | bmiZscore <= 0.000)
",9999999.000,9999999.000,0.000,1.000,0.000,3,0,1,0,3,1,4,0,1.0,0.0,1.0,0.75,0.8571428571428571,0.1428571428571429,1
"G[0,1]((BldPrSys >= 107.765 | bmiZscore <= 0.969) | Pt_SiblingT1D >= 0.651)
",9999999.000,9999999.000,0.000,1.000,0.000,2,0,1,1,3,1,3,1,0.6666666666666666,0.0,1.0,0.6666666666666666,0.5714285714285714,0.4285714285714286,1
"F[1,1](((Pt_DKAFlg <= 0.000 & bmiPerc <= 0.858) & HbA1cImputeDtMnC >= 0.766) & Triglyc <= 0.863)
",-0.766,-0.766,0.000,0.000,1.000,2,0,0,2,4,0,2,2,0.5,0.0,0.0,1.0,0.5714285714285714,0.4285714285714286,-1
"G[1,1](TSH <= 7.950 & diabDur <= 13.387)
",8951207453087331.000,7.950,0.000,1.000,0.000,2,0,1,1,3,1,3,1,0.6666666666666666,0.0,1.0,0.6666666666666666,0.5714285714285714,0.4285714285714286,1
"G[1,1]((BGTestAvgNumMeter <= 0.000 & age <= 14.770) | Pt_FatherT1D >= 13.203)
",0.000,0.000,0.000,1.000,0.000,2,0,1,1,3,1,3,1,0.6666666666666666,0.0,1.0,0.6666666666666666,0.5714285714285714,0.4285714285714286,1
"G[1,1](Pt_GrandparentT1D >= 0.000 -> SMBGperDayPtMeterCombo <= 5.789)
",-5.789,-5.789,0.000,1.000,0.000,2,0,1,1,3,1,3,1,0.6666666666666666,0.0,1.0,0.6666666666666666,0.5714285714285714,0.4285714285714286,1
"G[0,1](Pt_A1cGoalLevelDsYr5 <= 0.000 & bmi <= 23.686)
",9999999.000,9999999.000,0.000,1.000,0.000,2,0,0,2,4,0,2,2,0.5,0.0,0.0,1.0,0.5714285714285714,0.4285714285714286,1
"G[0,1]((BldPrDia >= 59.285 -> bmiZscore <= 1.165) & Pt_ChildT1D <= 1.114)
",9999999.000,9999999.000,0.000,1.000,0.000,2,0,1,1,3,1,3,1,0.6666666666666666,0.0,1.0,0.6666666666666666,0.5714285714285714,0.4285714285714286,1
"((Triglyc < 119.840) U[1,2] (Pt_SHFlg = 0.000))
",-9999999.000,-9999999.000,0.000,0.000,1.000,2,0,0,2,4,0,2,2,0.5,0.0,0.0,1.0,0.5714285714285714,0.4285714285714286,-1
"((diabDur >= 11.444) U[1,1] (Pt_SHFlg = 0.000))
",0.000,0.000,0.000,0.000,1.000,2,0,0,2,4,0,2,2,0.5,0.0,0.0,1.0,0.5714285714285714,0.4285714285714286,-1
"((age >= 12.219) U[0,1] (TotalDailyInsPerKg >= 0.047))
",-9999999.000,-9999999.000,0.000,0.000,1.000,2,0,0,2,4,0,2,2,0.5,0.0,0.0,1.0,0.5714285714285714,0.4285714285714286,-1
"F[0,1](((diabDur <= 12.062 | TotalDailyInsPerKg <= 0.588) -> HbA1cImputeDtMnC <= 0.226) | Pt_DKAFlg >= 0.018)
",-9999999.000,-9999999.000,0.000,0.000,1.000,2,0,0,2,4,0,2,2,0.5,0.0,0.0,1.0,0.5714285714285714,0.4285714285714286,-1
"G[0,0](bmi <= 23.226 & HbA1c >= 8.253)
",0.060,0.254,0.000,1.000,0.000,2,0,0,2,4,0,2,2,0.5,0.0,0.0,1.0,0.5714285714285714,0.4285714285714286,1
"((HbA1cImputeDtMnC >= 7.257) U[0,1] (TotalDailyInsPerKg >= 0.108))
",-9999999.000,-9999999.000,0.000,0.000,1.000,2,0,0,2,4,0,2,2,0.5,0.0,0.0,1.0,0.5714285714285714,0.4285714285714286,-1
"G[0,1](TotChol >= 0.000 & bmiPerc <= 0.891)
",9999999.000,9999999.000,0.000,1.000,0.000,2,0,1,1,3,1,3,1,0.6666666666666666,0.0,1.0,0.6666666666666666,0.5714285714285714,0.4285714285714286,1
"G[1,1]((BldPrDia <= 75.965 -> HbA1cImputeDtMnC >= 21.618) | BGTestAvgNumPtRep >= 28.079)
",-28.079,-28.079,0.000,1.000,0.000,2,0,1,1,3,1,3,1,0.6666666666666666,0.0,1.0,0.6666666666666666,0.5714285714285714,0.4285714285714286,1
"G[1,1](((SMBGperDayPtMeterCombo <= 9.341 & TotalDailyInsPerKg >= 0.010) | HDL >= 0.097) -> diabDur <= 0.746)
",-6719600676672939.000,-0.746,0.000,1.000,0.000,2,0,1,1,3,1,3,1,0.6666666666666666,0.0,1.0,0.6666666666666666,0.5714285714285714,0.4285714285714286,1
"G[0,1]((LDL >= 11.062 -> BldPrDia <= 65.783) | Pt_GrandparentT1D >= 65.494)
",9999999.000,9999999.000,0.000,1.000,0.000,2,0,0,2,4,0,2,2,0.5,0.0,0.0,1.0,0.5714285714285714,0.4285714285714286,1
"G[0,1](age <= 13.633 & BldPrSys <= 117.168)
",9999999.000,9999999.000,0.000,1.000,0.000,2,0,0,2,4,0,2,2,0.5,0.0,0.0,1.0,0.5714285714285714,0.4285714285714286,1
"G[0,0](HeightCm <= 159.424 & DirectLDL >= 0.000)
",19.853,98.657,0.000,1.000,0.000,2,0,0,2,4,0,2,2,0.5,0.0,0.0,1.0,0.5714285714285714,0.4285714285714286,1
"G[1,1](SMBGperDayPtMeterCombo >= 2.729 & BGTestAvgNumPtRep >= 3.218)
",-3.218,-3.218,0.000,1.000,0.000,2,0,1,1,3,1,3,1,0.6666666666666666,0.0,1.0,0.6666666666666666,0.5714285714285714,0.4285714285714286,1
"G[1,1](BldPrDia >= 62.731 -> Triglyc >= 13.171)
",13.171,13.171,0.000,1.000,0.000,2,0,1,1,3,1,3,1,0.6666666666666666,0.0,1.0,0.6666666666666666,0.5714285714285714,0.4285714285714286,1
"((BGTestAvgNumMeter >= 0.000) U[0,0] (BGTestAvgNumPtRep <= 8.969))
",17.907,22.333,0.000,0.000,1.000,1,0,0,3,4,0,1,3,0.25,0.0,0.0,1.0,0.2857142857142857,0.7142857142857143,-1
"((HbA1cImputeDtMnC >= 1.833) U[1,1] (Pt_SHFlg = 0.000))
",0.000,0.000,0.000,0.000,1.000,1,0,0,3,4,0,1,3,0.25,0.0,0.0,1.0,0.2857142857142857,0.7142857142857143,-1
"((age >= 10.816) U[0,0] (HbA1c >= 8.316))
",0.045,0.191,0.000,0.000,1.000,1,0,0,3,4,0,1,3,0.25,0.0,0.0,1.0,0.2857142857142857,0.7142857142857143,-1
"F[1,1](HDL >= 25.931 | SMBGperDayPtMeterCombo >= 4.790)
",-4.790,-4.790,0.000,0.000,1.000,1,0,0,3,4,0,1,3,0.25,0.0,0.0,1.0,0.2857142857142857,0.7142857142857143,-1
"((bmiZscore <= 0.936) U[1,2] (DirectLDL >= 0.000))
",-9999999.000,-9999999.000,0.000,0.000,1.000,1,0,0,3,4,0,1,3,0.25,0.0,0.0,1.0,0.2857142857142857,0.7142857142857143,-1
"F[1,1](BldPrDia < 74.335 & Pt_SHFlg = 0.000)
",0.000,0.000,0.000,0.000,1.000,1,0,0,3,4,0,1,3,0.25,0.0,0.0,1.0,0.2857142857142857,0.7142857142857143,-1
"F[0,1](((HbA1c >= 8.742 -> TotalDailyInsPerKg <= 0.392) -> Pt_DKAFlg <= 0.203) & UnitsInsBasalOrLongAct >= 0.069)
",-9999999.000,-9999999.000,0.000,0.000,1.000,1,0,0,3,4,0,1,3,0.25,0.0,0.0,1.0,0.2857142857142857,0.7142857142857143,-1
"F[0,1](((BldPrSys <= 115.783 -> LDL <= 81.764) | diabDur >= 16.718) & Pt_MotherT1D <= 73.830)
",-9999999.000,-9999999.000,0.000,0.000,1.000,1,0,0,3,4,0,1,3,0.25,0.0,0.0,1.0,0.2857142857142857,0.7142857142857143,-1
"F[1,1]((HbA1cImputeDtMnC >= 6.472 & TSH >= 0.896) -> TSH <= 7.120)
",-8016295937638259.000,-7.120,0.000,0.000,1.000,1,0,0,3,4,0,1,3,0.25,0.0,0.0,1.0,0.2857142857142857,0.7142857142857143,-1
"F[1,1](((BldPrSys <= 119.682 & UnitsInsBasalOrLongAct >= 10.007) -> LDL >= 12.364) -> SMBGperDayPtMeterCombo >= 6.377)
",-10.007,-10.007,0.000,0.000,1.000,1,0,0,3,4,0,1,3,0.25,0.0,0.0,1.0,0.2857142857142857,0.7142857142857143,-1
"F[0,1](bmiZscore >= 0.786 & diabDur <= 13.140)
",-9999999.000,-9999999.000,0.000,0.000,1.000,1,0,0,3,4,0,1,3,0.25,0.0,0.0,1.0,0.2857142857142857,0.7142857142857143,-1
"F[0,1](Pt_ChildT1D <= 0.000 & HbA1cImputeDtMnC >= 22.449)
",-9999999.000,-9999999.000,0.000,0.000,1.000,1,0,0,3,4,0,1,3,0.25,0.0,0.0,1.0,0.2857142857142857,0.7142857142857143,-1
"F[0,0](AlbCreatRat_mggNew <= 2.645 & UnitsInsBasalOrLongAct >= 7.688)
",-10.496,-8.244,0.000,0.000,1.000,1,0,0,3,4,0,1,3,0.25,0.0,0.0,1.0,0.2857142857142857,0.7142857142857143,-1
"((TotalDailyInsPerKg <= 0.498) U[0,0] (TSH <= 4.810))
",-2.683,-2.190,0.000,0.000,1.000,1,0,0,3,4,0,1,3,0.25,0.0,0.0,1.0,0.2857142857142857,0.7142857142857143,-1
"F[1,1](HbA1c <= 9.496 & SMBGperDayPtMeterCombo <= 7.806)
",7.806,7.806,0.000,0.000,1.000,1,0,0,3,4,0,1,3,0.25,0.0,0.0,1.0,0.2857142857142857,0.7142857142857143,-1
"F[0,1]((AlbCreatRat_mggNew <= 0.856 -> bmiZscore <= 0.949) & LDL >= 0.652)
",-9999999.000,-9999999.000,0.000,0.000,1.000,1,0,0,3,4,0,1,3,0.25,0.0,0.0,1.0,0.2857142857142857,0.7142857142857143,-1
"F[0,0](bmiPerc >= 0.744 | TSH >= 1.886)
",14.583,22.597,0.000,0.000,1.000,1,0,0,3,4,0,1,3,0.25,0.0,0.0,1.0,0.2857142857142857,0.7142857142857143,-1
"((BUN < 13.327) U[1,2] (Pt_SHFlg = 0.000))
",-9999999.000,-9999999.000,0.000,0.000,1.000,1,0,0,3,4,0,1,3,0.25,0.0,0.0,1.0,0.2857142857142857,0.7142857142857143,-1
"F[0,1](bmi <= 23.270 -> TSH >= 3.968)
",-9999999.000,-9999999.000,0.000,0.000,1.000,1,0,0,3,4,0,1,3,0.25,0.0,0.0,1.0,0.2857142857142857,0.7142857142857143,-1
"F[0,0]((AlbCreatRat_mggNew >= 0.066 & diabDur <= 12.137) -> bmiZscore >= 10.501)
",1.226,1.529,0.000,0.000,1.000,1,0,0,3,4,0,1,3,0.25,0.0,0.0,1.0,0.2857142857142857,0.7142857142857143,-1
"G[0,1]((Pt_FatherT1D <= 0.000 -> BldPrSys >= 111.928) & Pt_MotherT1D <= 113.959)
",9999999.000,9999999.000,0.000,1.000,0.000,1,0,1,2,3,1,2,2,0.3333333333333333,0.0,1.0,0.5,0.2857142857142857,0.7142857142857143,1
"G[0,0](((bmiZscore <= 1.049 | LDL <= 102.334) -> Pt_InsGov <= 101.879) -> Triglyc <= 80.271)
",-80.271,-80.271,0.000,1.000,0.000,1,0,0,3,4,0,1,3,0.25,0.0,0.0,1.0,0.2857142857142857,0.7142857142857143,1
"G[0,1](((diabDur >= 10.105 & BldPrSys >= 103.445) | diagAgeCombo >= 102.581) -> Pt_SiblingT1D >= 106.272)
",9999999.000,9999999.000,0.000,1.000,0.000,1,0,0,3,4,0,1,3,0.25,0.0,0.0,1.0,0.2857142857142857,0.7142857142857143,1
"G[0,1]((WeightKg >= 52.189 | bmi >= 19.950) -> UnitsInsBasalOrLongAct <= 14.987)
",9999999.000,9999999.000,0.000,1.000,0.000,1,0,0,3,4,0,1,3,0.25,0.0,0.0,1.0,0.2857142857142857,0.7142857142857143,1
"G[0,1]((UnitsInsBasalOrLongAct >= 6.748 & diabDur <= 14.330) -> Pt_A1cGoalLevelDsYr5 >= 10.225)
",9999999.000,9999999.000,0.000,1.000,0.000,1,0,1,2,3,1,2,2,0.3333333333333333,0.0,1.0,0.5,0.2857142857142857,0.7142857142857143,1
"G[1,1](TSH >= 2.536 & BldPrSys >= 108.664)
",-7646522406696157.000,-108.664,0.000,1.000,0.000,1,0,1,2,3,1,2,2,0.3333333333333333,0.0,1.0,0.5,0.2857142857142857,0.7142857142857143,1
"G[0,1](GFR <= 0.000 -> BUN >= 4.663)
",9999999.000,9999999.000,0.000,1.000,0.000,1,0,1,2,3,1,2,2,0.3333333333333333,0.0,1.0,0.5,0.2857142857142857,0.7142857142857143,1
"G[0,1](GFR <= 0.000 -> BUN >= 3.885)
",9999999.000,9999999.000,0.000,1.000,0.000,1,0,1,2,3,1,2,2,0.3333333333333333,0.0,1.0,0.5,0.2857142857142857,0.7142857142857143,1
"G[0,1](bmi <= 22.621 & UnitsInsBasalOrLongAct <= 15.740)
",9999999.000,9999999.000,0.000,1.000,0.000,1,0,0,3,4,0,1,3,0.25,0.0,0.0,1.0,0.2857142857142857,0.7142857142857143,1
"G[0,1]((TSH >= 3.250 & WeightKg >= 55.222) & BGTestAvgNumPtRep <= 59.999)
",9999999.000,9999999.000,0.000,1.000,0.000,1,0,1,2,3,1,2,2,0.3333333333333333,0.0,1.0,0.5,0.2857142857142857,0.7142857142857143,1
"G[0,1]((WeightKg >= 38.848 | bmi >= 22.074) -> UnitsInsBasalOrLongAct <= 17.866)
",9999999.000,9999999.000,0.000,1.000,0.000,1,0,1,2,3,1,2,2,0.3333333333333333,0.0,1.0,0.5,0.2857142857142857,0.7142857142857143,1
"G[0,1](UnitsInsBasalOrLongAct <= 20.555 & WeightKg <= 56.743)
",9999999.000,9999999.000,0.000,1.000,0.000,1,0,0,3,4,0,1,3,0.25,0.0,0.0,1.0,0.2857142857142857,0.7142857142857143,1
"G[0,1](((Pt_SHFlg >= 0.000 -> age <= 15.617) -> diabDur >= 11.383) & BldPrSys >= 11.106)
",9999999.000,9999999.000,0.000,1.000,0.000,1,0,1,2,3,1,2,2,0.3333333333333333,0.0,1.0,0.5,0.2857142857142857,0.7142857142857143,1
"G[0,1]((bmiZscore <= 0.935 | LDL >= 25.139) & diagAgeCombo <= 91.190)
",9999999.000,9999999.000,0.000,1.000,0.000,1,0,1,2,3,1,2,2,0.3333333333333333,0.0,1.0,0.5,0.2857142857142857,0.7142857142857143,1
"G[0,1](((age >= 11.079 & BUN >= 1.174) | Pt_FatherT1D >= 3.260) | TSH >= 8.898)
",9999999.000,9999999.000,0.000,1.000,0.000,1,0,1,2,3,1,2,2,0.3333333333333333,0.0,1.0,0.5,0.2857142857142857,0.7142857142857143,1
"G[0,1](HeightCm <= 162.446 & Triglyc >= 9.374)
",9999999.000,9999999.000,0.000,1.000,0.000,1,0,0,3,4,0,1,3,0.25,0.0,0.0,1.0,0.2857142857142857,0.7142857142857143,1
"G[0,1](Triglyc >= 71.502 | TSH >= 1.633)
",9999999.000,9999999.000,0.000,1.000,0.000,1,0,1,2,3,1,2,2,0.3333333333333333,0.0,1.0,0.5,0.2857142857142857,0.7142857142857143,1
"G[0,1]((BUN <= 11.437 -> Triglyc >= 77.671) & Pt_CGMUseNumDays <= 138.725)
",9999999.000,9999999.000,0.000,1.000,0.000,1,0,1,2,3,1,2,2,0.3333333333333333,0.0,1.0,0.5,0.2857142857142857,0.7142857142857143,1
"G[0,0]((bmiPerc <= 0.877 & HbA1c >= 8.346) -> diabDur <= 9.944)
",2.985,3.722,0.000,1.000,0.000,1,0,0,3,4,0,1,3,0.25,0.0,0.0,1.0,0.2857142857142857,0.7142857142857143,1
"G[0,1](SMBGperDayPtMeterCombo >= 3.301 & BGTestAvgNumPtRep >= 4.444)
",9999999.000,9999999.000,0.000,1.000,0.000,1,0,0,3,4,0,1,3,0.25,0.0,0.0,1.0,0.2857142857142857,0.7142857142857143,1
"F[1,1]((bmiZscore >= 0.557 -> DirectLDL >= 0.000) -> Pt_A1cGoalLevelDsYr5 <= 0.000)
",0.000,0.000,0.000,0.000,1.000,0,0,0,4,4,0,0,4,0.0,0.0,0.0,0.0,0.0,1.0,-1
"F[0,1](NumPumpBolusOrShortAct >= 0.000 & Pt_InsGov <= 0.774)
",-9999999.000,-9999999.000,0.000,0.000,1.000,0,0,0,4,4,0,0,4,0.0,0.0,0.0,0.0,0.0,1.0,-1
"G[1,2]((diagAgeCombo <= 1.000 & TotalDailyInsPerKg <= 0.580) | Pt_GrandchildT1D <= 0.344)
",9999999.000,9999999.000,0.000,1.000,0.000,0,0,4,0,0,4,4,0,0.0,0.0,1.0,0.0,0.0,1.0,1
"((bmiZscore >= 0.754) U[0,1] (GFR >= 0.000))
",-9999999.000,-9999999.000,0.000,0.000,1.000,0,0,0,4,4,0,0,4,0.0,0.0,0.0,0.0,0.0,1.0,-1
"F[0,2](((Pt_DKAFlg >= 0.000 -> diagAgeCombo >= 1.000) | Pt_InsGov >= 1.000) & diabDur >= 1.000)
",-9999999.000,-9999999.000,0.000,0.000,1.000,0,0,0,4,4,0,0,4,0.0,0.0,0.0,0.0,0.0,1.0,-1
"F[2,2](diabDur <= 14.149 & Pt_CGMUseNumDays <= 0.000)
",0.000,0.000,0.000,0.000,1.000,0,0,0,4,4,0,0,4,0.0,0.0,0.0,0.0,0.0,1.0,-1
"F[1,2](WeightKg <= 65.767 & Pt_FatherT1D >= 0.000)
",-9999999.000,-9999999.000,0.000,0.000,1.000,0,0,0,4,4,0,0,4,0.0,0.0,0.0,0.0,0.0,1.0,-1
"F[1,2](BldPrDia >= 61.721 -> bmi <= 25.121)
",-9999999.000,-9999999.000,0.000,0.000,1.000,0,0,0,4,4,0,0,4,0.0,0.0,0.0,0.0,0.0,1.0,-1
"F[1,2](((LDL >= 22.048 | HbA1c <= 9.465) -> GFR <= 8.850) & Pt_GrandparentT1D <= 8.906)
",-9999999.000,-9999999.000,0.000,0.000,1.000,0,0,0,4,4,0,0,4,0.0,0.0,0.0,0.0,0.0,1.0,-1
"F[1,2](((BGTestAvgNumPtRep >= 1.358 & Triglyc <= 112.380) | AlbCreatRat_mggNew <= 147.653) | BGTestAvgNumPtRep <= 88.209)
",-9999999.000,-9999999.000,0.000,0.000,1.000,0,0,0,4,4,0,0,4,0.0,0.0,0.0,0.0,0.0,1.0,-1
"((DirectLDL <= 0.000) U[1,2] (BGTestAvgNumPtRep >= 1.365))
",-9999999.000,-9999999.000,0.000,0.000,1.000,0,0,0,4,4,0,0,4,0.0,0.0,0.0,0.0,0.0,1.0,-1
"F[0,2](((diabDur >= 10.367 | DirectLDL >= 0.000) | Pt_SHFlg <= 0.000) -> bmi <= 0.000)
",-9999999.000,-9999999.000,0.000,0.000,1.000,0,0,0,4,4,0,0,4,0.0,0.0,0.0,0.0,0.0,1.0,-1
"F[2,2]((NumPumpBolusOrShortAct <= 0.000 -> LDL >= 57.772) & bmiZscore >= 45.428)
",-6393469860171283.000,-45.428,0.000,0.000,1.000,0,0,0,4,4,0,0,4,0.0,0.0,0.0,0.0,0.0,1.0,-1
"F[2,2]((Pt_SHFlg <= 0.000 & Pt_InsGov <= 0.174) & Triglyc <= 0.642)
",0.000,0.000,0.000,0.000,1.000,0,0,0,4,4,0,0,4,0.0,0.0,0.0,0.0,0.0,1.0,-1
"F[0,2](((BGTestAvgNumMeter >= 0.000 | Pt_GrandchildT1D <= 0.000) -> age <= 0.000) -> UnitsInsBasalOrLongAct >= 0.000)
",-9999999.000,-9999999.000,0.000,0.000,1.000,0,0,0,4,4,0,0,4,0.0,0.0,0.0,0.0,0.0,1.0,-1
"F[0,2](((BGTestAvgNumMeter >= 0.000 -> Pt_A1cGoalLev >= 0.000) -> WeightKg <= 0.000) -> DirectLDL <= 0.000)
",-9999999.000,-9999999.000,0.000,0.000,1.000,0,0,0,4,4,0,0,4,0.0,0.0,0.0,0.0,0.0,1.0,-1
"F[0,2](((AutonomicNeuroCl >= 0.000 | BGTestAvgNumPtRep <= 8.631) -> GFR <= 6.141) & diabDur <= 5.927)
",-9999999.000,-9999999.000,0.000,0.000,1.000,0,0,0,4,4,0,0,4,0.0,0.0,0.0,0.0,0.0,1.0,-1
"F[1,2]((bmi >= 18.255 & HeightCm >= 152.917) & Pt_GrandparentT1D <= 159.805)
",-9999999.000,-9999999.000,0.000,0.000,1.000,0,0,0,4,4,0,0,4,0.0,0.0,0.0,0.0,0.0,1.0,-1
"F[0,2](((BUN <= 12.941 -> HDL >= 14.228) -> diabDur <= 47.785) -> AlbCreatRat_mggNew >= 3.005)
",-9999999.000,-9999999.000,0.000,0.000,1.000,0,0,0,4,4,0,0,4,0.0,0.0,0.0,0.0,0.0,1.0,-1
"F[0,1](((bmi <= 23.901 | bmiZscore >= 0.710) -> NumPumpBolusOrShortAct >= 0.894) | bmi >= 0.594)
",-9999999.000,-9999999.000,0.000,0.000,1.000,0,0,0,4,4,0,0,4,0.0,0.0,0.0,0.0,0.0,1.0,-1
"F[1,2]((HeightCm <= 162.107 | WeightKg <= 58.597) | DirectLDL >= 38.501)
",-9999999.000,-9999999.000,0.000,0.000,1.000,0,0,0,4,4,0,0,4,0.0,0.0,0.0,0.0,0.0,1.0,-1
"F[1,1](((age >= 11.441 & bmi <= 24.621) | bmiPerc <= 25.104) -> Pt_InsGov <= 22.810)
",-25.104,-25.104,0.000,0.000,1.000,0,0,0,4,4,0,0,4,0.0,0.0,0.0,0.0,0.0,1.0,-1
"F[0,1](((HbA1cImputeDtMnC <= 63.020 | WeightKg >= 47.457) & Triglyc >= 50.629) | Pt_GrandparentT1D <= 59.768)
",-9999999.000,-9999999.000,0.000,0.000,1.000,0,0,0,4,4,0,0,4,0.0,0.0,0.0,0.0,0.0,1.0,-1
"F[0,1]((bmi <= 25.570 & diabDur <= 14.335) | BldPrDia <= 13.555)
",-9999999.000,-9999999.000,0.000,0.000,1.000,0,0,0,4,4,0,0,4,0.0,0.0,0.0,0.0,0.0,1.0,-1
"F[2,2]((age >= 10.531 | diabDur <= 12.221) -> Pt_ChildT1D <= 13.402)
",-7544646038027027.000,-13.402,0.000,0.000,1.000,0,0,0,4,4,0,0,4,0.0,0.0,0.0,0.0,0.0,1.0,-1
"F[2,2](((diabDur >= 9.716 | WeightKg <= 66.326) | diabDur >= 46.538) -> Pt_A1cGoalLev >= 38.369)
",-66.326,-66.326,0.000,0.000,1.000,0,0,0,4,4,0,0,4,0.0,0.0,0.0,0.0,0.0,1.0,-1
"F[0,2](bmi <= 25.095 | WeightKg <= 66.121)
",-9999999.000,-9999999.000,0.000,0.000,1.000,0,0,0,4,4,0,0,4,0.0,0.0,0.0,0.0,0.0,1.0,-1
"F[1,2]((bmiPerc >= 0.751 & bmiZscore >= 0.532) & Triglyc <= 1.249)
",-9999999.000,-9999999.000,0.000,0.000,1.000,0,0,0,4,4,0,0,4,0.0,0.0,0.0,0.0,0.0,1.0,-1
"F[0,2](bmiZscore > 0.639 & Pt_SHFlg = 0.000)
",-9999999.000,-9999999.000,0.000,0.000,1.000,0,0,0,4,4,0,0,4,0.0,0.0,0.0,0.0,0.0,1.0,-1
"((Pt_MotherT1D >= 0.000) U[0,1] (Pt_SHFlg = 0.000))
",-9999999.000,-9999999.000,0.000,0.000,1.000,0,0,0,4,4,0,0,4,0.0,0.0,0.0,0.0,0.0,1.0,-1
"((HbA1c > 8.081) U[1,2] (Pt_SHFlg = 0.000))
",-9999999.000,-9999999.000,0.000,0.000,1.000,0,0,0,4,4,0,0,4,0.0,0.0,0.0,0.0,0.0,1.0,-1
"F[1,2](((HeightCm >= 146.255 | TotalDailyInsPerKg <= 0.305) -> Pt_ChildT1D <= 0.605) -> Pt_A1cGoalLev >= 0.017)
",-9999999.000,-9999999.000,0.000,0.000,1.000,0,0,0,4,4,0,0,4,0.0,0.0,0.0,0.0,0.0,1.0,-1
"((bmiPerc >= 0.766) U[0,2] (HeightCm <= 160.539))
",-9999999.000,-9999999.000,0.000,0.000,1.000,0,0,0,4,4,0,0,4,0.0,0.0,0.0,0.0,0.0,1.0,-1
"((bmi <= 22.933) U[2,2] (bmiZscore <= 0.942))
",22.933,22.933,0.000,0.000,1.000,0,0,0,4,4,0,0,4,0.0,0.0,0.0,0.0,0.0,1.0,-1
"F[0,0]((LDL >= 11.502 -> Pt_ChildT1D >= 0.000) & Pt_InsGov >= 0.000)
",0.000,0.000,0.000,0.000,1.000,0,0,0,4,4,0,0,4,0.0,0.0,0.0,0.0,0.0,1.0,-1
"F[0,2]((GFR <= 0.000 | SMBGperDayPtMeterCombo <= 6.130) -> Pt_CGMUseNumDays >= 5.510)
",-9999999.000,-9999999.000,0.000,0.000,1.000,0,0,0,4,4,0,0,4,0.0,0.0,0.0,0.0,0.0,1.0,-1
"F[0,1]((HeightCm <= 159.119 -> SMBGperDayPtMeterCombo >= 1.920) -> Pt_InsGov <= 7.043)
",-9999999.000,-9999999.000,0.000,0.000,1.000,0,0,0,4,4,0,0,4,0.0,0.0,0.0,0.0,0.0,1.0,-1
"((WeightKg <= 58.349) U[0,1] (diagAgeCombo <= 1.000))
",-9999999.000,-9999999.000,0.000,0.000,1.000,0,0,0,4,4,0,0,4,0.0,0.0,0.0,0.0,0.0,1.0,-1
"F[1,2](Pt_ChildT1D <= 0.000 | Pt_MotherT1D >= 0.000)
",-9999999.000,-9999999.000,0.000,0.000,1.000,0,0,0,4,4,0,0,4,0.0,0.0,0.0,0.0,0.0,1.0,-1
"F[2,2](BldPrDia <= 69.055 | BUN <= 15.974)
",69.055,69.055,0.000,0.000,1.000,0,0,0,4,4,0,0,4,0.0,0.0,0.0,0.0,0.0,1.0,-1
"F[1,1](((Pt_SHFlg <= 0.000 & TotChol >= 0.000) -> bmiPerc >= 0.000) -> Pt_CGMUseNumDays >= 0.000)
",0.000,0.000,0.000,0.000,1.000,0,0,0,4,4,0,0,4,0.0,0.0,0.0,0.0,0.0,1.0,-1
"F[0,1](((DirectLDL >= 0.000 -> AlbCreatRat_mggNew <= 1.254) -> bmiZscore <= 1.836) | Pt_DKAFlg >= 0.155)
",-9999999.000,-9999999.000,0.000,0.000,1.000,0,0,0,4,4,0,0,4,0.0,0.0,0.0,0.0,0.0,1.0,-1
"F[0,1](Pt_SiblingT1D <= 0.000 | Triglyc <= 153.915)
",-9999999.000,-9999999.000,0.000,0.000,1.000,0,0,0,4,4,0,0,4,0.0,0.0,0.0,0.0,0.0,1.0,-1
"F[1,2]((GFR <= 0.000 -> BGTestAvgNumMeter >= 0.000) & Pt_SHFlg <= 0.000)
",-9999999.000,-9999999.000,0.000,0.000,1.000,0,0,0,4,4,0,0,4,0.0,0.0,0.0,0.0,0.0,1.0,-1
"F[0,2]((Pt_InsGov >= 0.030 & TotChol >= 0.000) -> Pt_SHFlg <= 0.000)
",-9999999.000,-9999999.000,0.000,0.000,1.000,0,0,0,4,4,0,0,4,0.0,0.0,0.0,0.0,0.0,1.0,-1
"F[1,2](BUN >= 5.020 | TotalDailyInsPerKg >= 0.024)
",-9999999.000,-9999999.000,0.000,0.000,1.000,0,0,0,4,4,0,0,4,0.0,0.0,0.0,0.0,0.0,1.0,-1
"F[0,1](((TSH <= 4.977 & NumPumpBolusOrShortAct <= 0.000) & Pt_FatherT1D >= 0.000) | UnitsInsBasalOrLongAct <= 0.000)
",-9999999.000,-9999999.000,0.000,0.000,1.000,0,0,0,4,4,0,0,4,0.0,0.0,0.0,0.0,0.0,1.0,-1
"F[0,1](SMBGperDayPtMeterCombo >= 4.702 -> AlbCreatRat_mggNew <= 3.682)
",-9999999.000,-9999999.000,0.000,0.000,1.000,0,0,0,4,4,0,0,4,0.0,0.0,0.0,0.0,0.0,1.0,-1
"F[2,2]((TotChol <= 0.000 -> diagAgeCombo >= 1.000) -> Pt_ChildT1D <= 1.000)
",-1.000,-1.000,0.000,0.000,1.000,0,0,0,4,4,0,0,4,0.0,0.0,0.0,0.0,0.0,1.0,-1
"F[0,1]((bmiPerc >= 0.757 -> AlbCreatRat_mggNew <= 3.612) | UnitsInsBasalOrLongAct >= 0.136)
",-9999999.000,-9999999.000,0.000,0.000,1.000,0,0,0,4,4,0,0,4,0.0,0.0,0.0,0.0,0.0,1.0,-1
"((BldPrSys <= 113.440) U[1,2] (Triglyc <= 132.453))
",-9999999.000,-9999999.000,0.000,0.000,1.000,0,0,0,4,4,0,0,4,0.0,0.0,0.0,0.0,0.0,1.0,-1
"F[1,1]((SMBGperDayPtMeterCombo >= 1.669 -> NumPumpBolusOrShortAct <= 0.000) & LDL >= 0.000)
",0.000,0.000,0.000,0.000,1.000,0,0,0,4,4,0,0,4,0.0,0.0,0.0,0.0,0.0,1.0,-1
"F[0,2]((DirectLDL >= 0.000 & UnitsInsBasalOrLongAct <= 19.406) -> diabDur <= 15.148)
",-9999999.000,-9999999.000,0.000,0.000,1.000,0,0,0,4,4,0,0,4,0.0,0.0,0.0,0.0,0.0,1.0,-1
"F[1,1](((WeightKg >= 47.183 -> BldPrDia <= 74.092) | diagAgeCombo <= 76.582) & HbA1cImputeDtMnC <= 69.850)
",69.850,69.850,0.000,0.000,1.000,0,0,0,4,4,0,0,4,0.0,0.0,0.0,0.0,0.0,1.0,-1
"F[0,2](((TSH >= 0.835 | HeightCm <= 161.991) & HbA1cImputeDtMnC <= 161.671) | Pt_MotherT1D >= 146.649)
",-9999999.000,-9999999.000,0.000,0.000,1.000,0,0,0,4,4,0,0,4,0.0,0.0,0.0,0.0,0.0,1.0,-1
"F[0,2]((Pt_SHFlg <= 0.000 | HDL <= 41.531) -> AlbCreatRat_mggNew <= 38.698)
",-9999999.000,-9999999.000,0.000,0.000,1.000,0,0,0,4,4,0,0,4,0.0,0.0,0.0,0.0,0.0,1.0,-1
"F[2,2]((WeightKg >= 46.172 -> Pt_GrandparentT1D >= 0.000) & Pt_FatherT1D >= 0.000)
",0.000,0.000,0.000,0.000,1.000,0,0,0,4,4,0,0,4,0.0,0.0,0.0,0.0,0.0,1.0,-1
"((Pt_MotherT1D <= 0.000) U[0,1] (NumPumpBolusOrShortAct <= 0.000))
",-9999999.000,-9999999.000,0.000,0.000,1.000,0,0,0,4,4,0,0,4,0.0,0.0,0.0,0.0,0.0,1.0,-1
"F[2,2]((HDL >= 17.742 -> bmiPerc >= 0.738) -> TotalDailyInsPerKg >= 0.710)
",-6644549851654581.000,-0.738,0.000,0.000,1.000,0,0,0,4,4,0,0,4,0.0,0.0,0.0,0.0,0.0,1.0,-1
"F[0,0](((Pt_A1cGoalLevelDsYr5 <= 0.000 & bmi >= 20.645) & diabDur <= 23.901) | TotalDailyInsPerKg <= 23.045)
",8.321,10.378,0.000,0.000,1.000,0,0,0,4,4,0,0,4,0.0,0.0,0.0,0.0,0.0,1.0,-1
"F[0,2]((NumPumpBolusOrShortAct >= 0.000 & BUN >= 8.915) | Pt_A1cGoalLevelDsYr5 >= 4.487)
",-9999999.000,-9999999.000,0.000,0.000,1.000,0,0,0,4,4,0,0,4,0.0,0.0,0.0,0.0,0.0,1.0,-1
"F[1,2](((BldPrSys <= 116.858 & BldPrDia >= 63.254) & Pt_GrandchildT1D <= 75.560) | Pt_GrandchildT1D <= 73.465)
",-9999999.000,-9999999.000,0.000,0.000,1.000,0,0,0,4,4,0,0,4,0.0,0.0,0.0,0.0,0.0,1.0,-1
"((Pt_A1cGoalLevelDsYr5 >= 0.000) U[2,2] (GFR <= 0.000))
",0.000,0.000,0.000,0.000,1.000,0,0,0,4,4,0,0,4,0.0,0.0,0.0,0.0,0.0,1.0,-1
"((Pt_A1cGoalLevelDsYr5 >= 0.000) U[1,2] (Pt_SHFlg >= 0.000))
",-9999999.000,-9999999.000,0.000,0.000,1.000,0,0,0,4,4,0,0,4,0.0,0.0,0.0,0.0,0.0,1.0,-1
"F[1,2](((BGTestAvgNumMeter <= 0.000 & BldPrSys >= 109.077) -> BldPrSys <= 116.592) & diagAgeCombo <= 118.787)
",-9999999.000,-9999999.000,0.000,0.000,1.000,0,0,0,4,4,0,0,4,0.0,0.0,0.0,0.0,0.0,1.0,-1
"((AlbCreatRat_mggNew <= 1.062) U[1,2] (Pt_InsGov >= 0.061))
",-9999999.000,-9999999.000,0.000,0.000,1.000,0,0,0,4,4,0,0,4,0.0,0.0,0.0,0.0,0.0,1.0,-1
"F[0,2]((HbA1c <= 9.611 -> GFR >= 0.000) | age >= 0.000)
",-9999999.000,-9999999.000,0.000,0.000,1.000,0,0,0,4,4,0,0,4,0.0,0.0,0.0,0.0,0.0,1.0,-1
"F[2,2](HbA1c >= 8.253 -> Pt_A1cGoalLevelDsYr5 = 0.000)
",0.000,0.000,0.000,0.000,1.000,0,0,0,4,4,0,0,4,0.0,0.0,0.0,0.0,0.0,1.0,-1
"F[0,1]((TSH <= 11.720 -> LDL <= 88.546) -> BldPrSys <= 87.481)
",-9999999.000,-9999999.000,0.000,0.000,1.000,0,0,0,4,4,0,0,4,0.0,0.0,0.0,0.0,0.0,1.0,-1
"F[1,2](((Pt_SiblingT1D >= 0.000 -> Pt_ChildT1D <= 0.000) -> LDL >= 0.000) & Pt_A1cGoalLev >= 0.000)
",-9999999.000,-9999999.000,0.000,0.000,1.000,0,0,0,4,4,0,0,4,0.0,0.0,0.0,0.0,0.0,1.0,-1
"F[0,2](((Pt_FatherT1D <= 0.000 & BUN >= 6.479) -> BGTestAvgNumPtRep >= 5.713) | BGTestAvgNumPtRep >= 7.299)
",-9999999.000,-9999999.000,0.000,0.000,1.000,0,0,0,4,4,0,0,4,0.0,0.0,0.0,0.0,0.0,1.0,-1
"F[1,2](BGTestAvgNumMeter >= 0.000 -> Pt_GrandparentT1D <= 0.000)
",-9999999.000,-9999999.000,0.000,0.000,1.000,0,0,0,4,4,0,0,4,0.0,0.0,0.0,0.0,0.0,1.0,-1
"F[0,2](UnitsInsBasalOrLongAct <= 22.557 | bmiZscore >= 0.802)
",-9999999.000,-9999999.000,0.000,0.000,1.000,0,0,0,4,4,0,0,4,0.0,0.0,0.0,0.0,0.0,1.0,-1
"F[1,2]((TotalDailyInsPerKg <= 0.531 | BGTestAvgNumMeter <= 0.000) | Pt_SHFlg >= 0.000)
",-9999999.000,-9999999.000,0.000,0.000,1.000,0,0,0,4,4,0,0,4,0.0,0.0,0.0,0.0,0.0,1.0,-1
"((AutonomicNeuroCl <= 0.000) U[0,2] (Pt_FatherT1D >= 0.000))
",-9999999.000,-9999999.000,0.000,0.000,1.000,0,0,0,4,4,0,0,4,0.0,0.0,0.0,0.0,0.0,1.0,-1
"F[0,2]((HbA1c <= 9.808 -> BldPrSys >= 112.414) | Pt_MotherT1D <= 119.591)
",-9999999.000,-9999999.000,0.000,0.000,1.000,0,0,0,4,4,0,0,4,0.0,0.0,0.0,0.0,0.0,1.0,-1
"F[1,1]((Pt_FatherT1D <= 0.000 -> Pt_MotherT1D >= 0.000) -> DirectLDL <= 0.000)
",0.000,0.000,0.000,0.000,1.000,0,0,0,4,4,0,0,4,0.0,0.0,0.0,0.0,0.0,1.0,-1
"((Pt_SHFlg <= 0.000) U[1,2] (AlbCreatRat_mggNew >= 0.276))
",-9999999.000,-9999999.000,0.000,0.000,1.000,0,0,0,4,4,0,0,4,0.0,0.0,0.0,0.0,0.0,1.0,-1
"F[0,1]((BldPrSys <= 118.297 & bmiZscore >= 0.525) -> bmi >= 0.837)
",-9999999.000,-9999999.000,0.000,0.000,1.000,0,0,0,4,4,0,0,4,0.0,0.0,0.0,0.0,0.0,1.0,-1
"F[2,2](diagAgeCombo >= 1.000 & BGTestAvgNumMeter <= 0.000)
",-1.000,-1.000,0.000,0.000,1.000,0,0,0,4,4,0,0,4,0.0,0.0,0.0,0.0,0.0,1.0,-1
"F[0,1]((Pt_InsGov >= 0.087 -> Pt_A1cGoalLevelDsYr5 <= 0.000) & HbA1c >= 0.000)
",-9999999.000,-9999999.000,0.000,0.000,1.000,0,0,0,4,4,0,0,4,0.0,0.0,0.0,0.0,0.0,1.0,-1
"F[0,1]((Pt_GrandparentT1D >= 0.000 & BldPrSys <= 118.576) | age <= 113.614)
",-9999999.000,-9999999.000,0.000,0.000,1.000,0,0,0,4,4,0,0,4,0.0,0.0,0.0,0.0,0.0,1.0,-1
"F[0,1]((TSH <= 8.005 | DirectLDL >= 0.000) -> BUN >= 0.000)
",-9999999.000,-9999999.000,0.000,0.000,1.000,0,0,0,4,4,0,0,4,0.0,0.0,0.0,0.0,0.0,1.0,-1
"F[0,1]((Pt_GrandchildT1D >= 0.000 | UnitsInsBasalOrLongAct >= 8.085) & Pt_A1cGoalLev <= 16.412)
",-9999999.000,-9999999.000,0.000,0.000,1.000,0,0,0,4,4,0,0,4,0.0,0.0,0.0,0.0,0.0,1.0,-1
"F[0,2](BUN >= 7.624 & HbA1cImputeDtMnC <= 60.605)
",-9999999.000,-9999999.000,0.000,0.000,1.000,0,0,0,4,4,0,0,4,0.0,0.0,0.0,0.0,0.0,1.0,-1
"((Pt_GrandparentT1D <= 0.000) U[2,2] (BUN <= 12.423))
",12.423,12.423,0.000,0.000,1.000,0,0,0,4,4,0,0,4,0.0,0.0,0.0,0.0,0.0,1.0,-1
"F[0,2]((Pt_FatherT1D >= 0.000 | Triglyc <= 138.290) -> bmiZscore >= 17.341)
",-9999999.000,-9999999.000,0.000,0.000,1.000,0,0,0,4,4,0,0,4,0.0,0.0,0.0,0.0,0.0,1.0,-1
"((bmiPerc >= 0.782) U[0,0] (Pt_GrandparentT1D <= 0.000))
",14.558,22.559,0.000,0.000,1.000,0,0,0,4,4,0,0,4,0.0,0.0,0.0,0.0,0.0,1.0,-1
"F[0,2](BGTestAvgNumPtRep >= 3.047 & AlbCreatRat_mggNew <= 3.101)
",-9999999.000,-9999999.000,0.000,0.000,1.000,0,0,0,4,4,0,0,4,0.0,0.0,0.0,0.0,0.0,1.0,-1
"F[1,2](((Pt_MotherT1D >= 0.000 | Pt_GrandparentT1D <= 0.000) -> diabDur >= 0.000) & Pt_DKAFlg >= 0.000)
",-9999999.000,-9999999.000,0.000,0.000,1.000,0,0,0,4,4,0,0,4,0.0,0.0,0.0,0.0,0.0,1.0,-1
"((GFR >= 0.000) U[1,2] (Pt_CGMUseNumDays <= 0.000))
",-9999999.000,-9999999.000,0.000,0.000,1.000,0,0,0,4,4,0,0,4,0.0,0.0,0.0,0.0,0.0,1.0,-1
"F[1,1](((Pt_MotherT1D >= 0.000 | AlbCreatRat_mggNew >= 0.544) | BldPrSys <= 1.921) & AlbCreatRat_mggNew <= 2.412)
",8650372707462725.000,1.921,0.000,0.000,1.000,0,0,0,4,4,0,0,4,0.0,0.0,0.0,0.0,0.0,1.0,-1
"F[0,2](((HbA1c >= 8.312 | Pt_ChildT1D >= 0.000) & Pt_CGMUseNumDays <= 0.000) | diabDur <= 0.000)
",-9999999.000,-9999999.000,0.000,0.000,1.000,0,0,0,4,4,0,0,4,0.0,0.0,0.0,0.0,0.0,1.0,-1
"F[0,2]((DirectLDL >= 0.000 | Pt_SiblingT1D <= 0.000) -> HbA1cImputeDtMnC >= 0.000)
",-9999999.000,-9999999.000,0.000,0.000,1.000,0,0,0,4,4,0,0,4,0.0,0.0,0.0,0.0,0.0,1.0,-1
"F[0,2]((GFR <= 0.000 & WeightKg >= 47.269) -> TotChol >= 54.217)
",-9999999.000,-9999999.000,0.000,0.000,1.000,0,0,0,4,4,0,0,4,0.0,0.0,0.0,0.0,0.0,1.0,-1
"F[1,2](HeightCm >= 148.486 | AutonomicNeuroCl >= 0.000)
",-9999999.000,-9999999.000,0.000,0.000,1.000,0,0,0,4,4,0,0,4,0.0,0.0,0.0,0.0,0.0,1.0,-1
"F[0,2](((Pt_FatherT1D <= 0.000 | SMBGperDayPtMeterCombo >= 0.326) -> AutonomicNeuroCl <= 5.634) | DirectLDL >= 1.737)
",-9999999.000,-9999999.000,0.000,0.000,1.000,0,0,0,4,4,0,0,4,0.0,0.0,0.0,0.0,0.0,1.0,-1
"F[0,0]((BldPrSys <= 116.505 & Pt_SiblingT1D >= 0.000) | Pt_SiblingT1D >= 0.000)
",0.000,0.000,0.000,0.000,1.000,0,0,0,4,4,0,0,4,0.0,0.0,0.0,0.0,0.0,1.0,-1
"F[1,1](HeightCm <= 159.276 -> BldPrDia <= 69.459)
",-159.276,-159.276,0.000,0.000,1.000,0,0,0,4,4,0,0,4,0.0,0.0,0.0,0.0,0.0,1.0,-1
"F[1,2](((BldPrSys >= 111.677 & DirectLDL >= 0.000) | Pt_A1cGoalLevelDsYr5 >= 0.000) -> Pt_InsGov <= 0.000)
",-9999999.000,-9999999.000,0.000,0.000,1.000,0,0,0,4,4,0,0,4,0.0,0.0,0.0,0.0,0.0,1.0,-1
"F[0,2]((Pt_GrandchildT1D >= 0.000 | diabDur <= 12.037) & Pt_CGMUseNumDays >= 11.171)
",-9999999.000,-9999999.000,0.000,0.000,1.000,0,0,0,4,4,0,0,4,0.0,0.0,0.0,0.0,0.0,1.0,-1
"F[0,2]((AutonomicNeuroCl >= 0.000 & age <= 13.925) -> Pt_A1cGoalLev >= 10.285)
",-9999999.000,-9999999.000,0.000,0.000,1.000,0,0,0,4,4,0,0,4,0.0,0.0,0.0,0.0,0.0,1.0,-1
"F[1,2](((BUN <= 11.665 -> LDL >= 63.404) -> Pt_InsGov <= 73.797) -> SMBGperDayPtMeterCombo <= 73.949)
",-9999999.000,-9999999.000,0.000,0.000,1.000,0,0,0,4,4,0,0,4,0.0,0.0,0.0,0.0,0.0,1.0,-1
"F[0,2](age <= 16.067 & AlbCreatRat_mggNew <= 0.585)
",-9999999.000,-9999999.000,0.000,0.000,1.000,0,0,0,4,4,0,0,4,0.0,0.0,0.0,0.0,0.0,1.0,-1
"F[0,2]((Pt_InsGov >= 0.100 | WeightKg <= 62.866) | BUN <= 57.739)
",-9999999.000,-9999999.000,0.000,0.000,1.000,0,0,0,4,4,0,0,4,0.0,0.0,0.0,0.0,0.0,1.0,-1
"F[1,1]((LDL >= 17.878 | UnitsInsBasalOrLongAct <= 19.853) | WeightKg >= 14.237)
",19.853,19.853,0.000,0.000,1.000,0,0,0,4,4,0,0,4,0.0,0.0,0.0,0.0,0.0,1.0,-1
"F[0,2](((BUN >= 8.032 -> SMBGperDayPtMeterCombo <= 7.484) & Pt_DKAFlg >= 1.895) | AutonomicNeuroCl <= 7.931)
",-9999999.000,-9999999.000,0.000,0.000,1.000,0,0,0,4,4,0,0,4,0.0,0.0,0.0,0.0,0.0,1.0,-1
"F[0,2](((BGTestAvgNumPtRep >= 4.756 -> HbA1cImputeDtMnC >= 10.589) & GFR >= 20.030) & DirectLDL <= 61.946)
",-9999999.000,-9999999.000,0.000,0.000,1.000,0,0,0,4,4,0,0,4,0.0,0.0,0.0,0.0,0.0,1.0,-1
"F[0,0](((LDL >= 57.097 -> TotalDailyInsPerKg >= 0.086) & Pt_A1cGoalLevelDsYr5 <= 0.437) -> GFR <= 0.702)
",2.652,0.387,0.000,0.000,1.000,0,0,0,4,4,0,0,4,0.0,0.0,0.0,0.0,0.0,1.0,-1
"F[0,2](BGTestAvgNumPtRep <= 5.828 -> UnitsInsBasalOrLongAct >= 12.838)
",-9999999.000,-9999999.000,0.000,0.000,1.000,0,0,0,4,4,0,0,4,0.0,0.0,0.0,0.0,0.0,1.0,-1
"((BGTestAvgNumMeter >= 0.000) U[2,2] (BGTestAvgNumPtRep <= 5.952))
",5.952,5.952,0.000,0.000,1.000,0,0,0,4,4,0,0,4,0.0,0.0,0.0,0.0,0.0,1.0,-1
"F[1,2](((Pt_A1cGoalLevelDsYr5 <= 0.000 & diagAgeCombo >= 1.000) & TotalDailyInsPerKg >= 1.000) & Triglyc <= 1.000)
",-9999999.000,-9999999.000,0.000,0.000,1.000,0,0,0,4,4,0,0,4,0.0,0.0,0.0,0.0,0.0,1.0,-1
"F[2,2](((Pt_SiblingT1D >= 0.000 -> Pt_A1cGoalLev >= 0.000) -> HeightCm <= 0.000) & TotalDailyInsPerKg >= 0.000)
",0.000,0.000,0.000,0.000,1.000,0,0,0,4,4,0,0,4,0.0,0.0,0.0,0.0,0.0,1.0,-1
"((HDL >= 33.642) U[0,2] (TSH >= 3.951))
",-9999999.000,-9999999.000,0.000,0.000,1.000,0,0,0,4,4,0,0,4,0.0,0.0,0.0,0.0,0.0,1.0,-1
"((Pt_GrandchildT1D >= 0.000) U[2,2] (Pt_GrandchildT1D >= 0.000))
",0.000,0.000,0.000,0.000,1.000,0,0,0,4,4,0,0,4,0.0,0.0,0.0,0.0,0.0,1.0,-1
"F[1,1](((WeightKg <= 56.775 & DirectLDL >= 0.000) | TotChol <= 0.000) | TotChol >= 0.000)
",0.000,0.000,0.000,0.000,1.000,0,0,0,4,4,0,0,4,0.0,0.0,0.0,0.0,0.0,1.0,-1
"((Pt_CGMUseNumDays >= 0.000) U[1,1] (Pt_CGMUseNumDays >= 0.000))
",0.000,0.000,0.000,0.000,1.000,0,0,0,4,4,0,0,4,0.0,0.0,0.0,0.0,0.0,1.0,-1
"F[0,2](Pt_A1cGoalLev <= 0.000 -> WeightKg <= 56.791)
",-9999999.000,-9999999.000,0.000,0.000,1.000,0,0,0,4,4,0,0,4,0.0,0.0,0.0,0.0,0.0,1.0,-1
"F[0,2]((BldPrSys >= 108.161 | Pt_GrandparentT1D >= 0.000) -> TotalDailyInsPerKg <= 0.000)
",-9999999.000,-9999999.000,0.000,0.000,1.000,0,0,0,4,4,0,0,4,0.0,0.0,0.0,0.0,0.0,1.0,-1
"F[1,2](((NumPumpBolusOrShortAct >= 0.000 -> Pt_FatherT1D >= 0.000) & diagAgeCombo >= 0.000) & AlbCreatRat_mggNew <= 0.000)
",-9999999.000,-9999999.000,0.000,0.000,1.000,0,0,0,4,4,0,0,4,0.0,0.0,0.0,0.0,0.0,1.0,-1
"F[0,2]((bmiPerc <= 0.820 -> NumPumpBolusOrShortAct <= 0.000) | Pt_A1cGoalLev >= 0.000)
",-9999999.000,-9999999.000,0.000,0.000,1.000,0,0,0,4,4,0,0,4,0.0,0.0,0.0,0.0,0.0,1.0,-1
"F[2,2](((Pt_DKAFlg <= 0.000 | HDL <= 49.030) -> HbA1cImputeDtMnC <= 49.395) | HeightCm >= 33.376)
",-33.376,-33.376,0.000,0.000,1.000,0,0,0,4,4,0,0,4,0.0,0.0,0.0,0.0,0.0,1.0,-1
"F[1,1]((TSH >= 0.823 | Pt_CGMUseNumDays <= 0.000) | Pt_ChildT1D >= 0.000)
",0.000,0.000,0.000,0.000,1.000,0,0,0,4,4,0,0,4,0.0,0.0,0.0,0.0,0.0,1.0,-1
"F[1,2](((Pt_GrandparentT1D >= 0.000 & DirectLDL <= 0.000) | Pt_A1cGoalLevelDsYr5 >= 0.000) | Pt_InsGov <= 0.000)
",-9999999.000,-9999999.000,0.000,0.000,1.000,0,0,0,4,4,0,0,4,0.0,0.0,0.0,0.0,0.0,1.0,-1
"F[1,1](((Pt_SHFlg >= 0.000 | Pt_SHFlg <= 0.000) -> bmi <= 0.000) | Pt_GrandchildT1D >= 0.000)
",0.000,0.000,0.000,0.000,1.000,0,0,0,4,4,0,0,4,0.0,0.0,0.0,0.0,0.0,1.0,-1
"F[2,2]((TSH <= 10.786 -> UnitsInsBasalOrLongAct >= 14.313) & bmiPerc <= 16.390)
",-10.786,-10.786,0.000,0.000,1.000,0,0,0,4,4,0,0,4,0.0,0.0,0.0,0.0,0.0,1.0,-1
"F[1,2](HbA1c >= 8.420 & Triglyc <= 106.958)
",-9999999.000,-9999999.000,0.000,0.000,1.000,0,0,0,4,4,0,0,4,0.0,0.0,0.0,0.0,0.0,1.0,-1
"((BldPrDia <= 71.912) U[0,2] (bmiPerc >= 0.789))
",-9999999.000,-9999999.000,0.000,0.000,1.000,0,0,0,4,4,0,0,4,0.0,0.0,0.0,0.0,0.0,1.0,-1
"F[1,2](((BldPrDia <= 65.783 | BUN <= 14.302) & TotChol >= 8.543) | Pt_MotherT1D >= 7.214)
",-9999999.000,-9999999.000,0.000,0.000,1.000,0,0,0,4,4,0,0,4,0.0,0.0,0.0,0.0,0.0,1.0,-1
"F[0,1](diabDur <= 12.004 | SMBGperDayPtMeterCombo >= 2.070)
",-9999999.000,-9999999.000,0.000,0.000,1.000,0,0,0,4,4,0,0,4,0.0,0.0,0.0,0.0,0.0,1.0,-1
"F[0,1](((AlbCreatRat_mggNew >= 0.012 -> Triglyc >= 17.188) -> Pt_SHFlg >= 43.709) -> GFR <= 146.764)
",-9999999.000,-9999999.000,0.000,0.000,1.000,0,0,0,4,4,0,0,4,0.0,0.0,0.0,0.0,0.0,1.0,-1
"F[0,2](((diabDur <= 14.334 & HDL <= 48.960) -> TotChol >= 22.515) & Pt_SHFlg <= 43.929)
",-9999999.000,-9999999.000,0.000,0.000,1.000,0,0,0,4,4,0,0,4,0.0,0.0,0.0,0.0,0.0,1.0,-1
"((HbA1cImputeDtMnC >= 25.363) U[0,2] (HDL <= 38.205))
",-9999999.000,-9999999.000,0.000,0.000,1.000,0,0,0,4,4,0,0,4,0.0,0.0,0.0,0.0,0.0,1.0,-1
"F[0,2](((BUN <= 18.773 -> HbA1c <= 9.848) | diabDur <= 9.936) | AlbCreatRat_mggNew <= 9.480)
",-9999999.000,-9999999.000,0.000,0.000,1.000,0,0,0,4,4,0,0,4,0.0,0.0,0.0,0.0,0.0,1.0,-1
"F[0,2](((LDL >= 10.177 -> TSH >= 2.985) & Pt_SHFlg <= 7.618) -> bmiZscore <= 8.378)
",-9999999.000,-9999999.000,0.000,0.000,1.000,0,0,0,4,4,0,0,4,0.0,0.0,0.0,0.0,0.0,1.0,-1
"F[0,2](((diabDur >= 9.089 -> UnitsInsBasalOrLongAct <= 19.146) & AlbCreatRat_mggNew >= 14.022) & Pt_MotherT1D >= 3.299)
",-9999999.000,-9999999.000,0.000,0.000,1.000,0,0,0,4,4,0,0,4,0.0,0.0,0.0,0.0,0.0,1.0,-1
"((HDL >= 3.753) U[1,2] (TotalDailyInsPerKg <= 0.680))
",-9999999.000,-9999999.000,0.000,0.000,1.000,0,0,0,4,4,0,0,4,0.0,0.0,0.0,0.0,0.0,1.0,-1
"F[0,2](Triglyc >= 13.651 & WeightKg <= 59.340)
",-9999999.000,-9999999.000,0.000,0.000,1.000,0,0,0,4,4,0,0,4,0.0,0.0,0.0,0.0,0.0,1.0,-1
"F[1,2](HbA1cImputeDtMnC >= 35.995 | Triglyc <= 120.952)
",-9999999.000,-9999999.000,0.000,0.000,1.000,0,0,0,4,4,0,0,4,0.0,0.0,0.0,0.0,0.0,1.0,-1
"F[1,2](((HeightCm <= 160.185 & LDL >= 17.480) -> bmiZscore <= 110.528) | Pt_SiblingT1D >= 10.686)
",-9999999.000,-9999999.000,0.000,0.000,1.000,0,0,0,4,4,0,0,4,0.0,0.0,0.0,0.0,0.0,1.0,-1
"F[2,2](bmiPerc <= 0.879 | HbA1c <= 9.924)
",9.924,9.924,0.000,0.000,1.000,0,0,0,4,4,0,0,4,0.0,0.0,0.0,0.0,0.0,1.0,-1
"F[2,2](((HbA1c >= 8.207 | TSH >= 1.688) -> Pt_GrandparentT1D <= 8.438) & DirectLDL <= 13.591)
",-8.438,-8.438,0.000,0.000,1.000,0,0,0,4,4,0,0,4,0.0,0.0,0.0,0.0,0.0,1.0,-1
"((bmi >= 21.939) U[2,2] (LDL <= 90.172))
",6345283535414427.000,90.172,0.000,0.000,1.000,0,0,0,4,4,0,0,4,0.0,0.0,0.0,0.0,0.0,1.0,-1
"F[0,2](LDL <= 109.171 & WeightKg >= 50.396)
",-9999999.000,-9999999.000,0.000,0.000,1.000,0,0,0,4,4,0,0,4,0.0,0.0,0.0,0.0,0.0,1.0,-1
"((SMBGperDayPtMeterCombo >= 3.567) U[0,2] (TSH <= 11.347))
",-9999999.000,-9999999.000,0.000,0.000,1.000,0,0,0,4,4,0,0,4,0.0,0.0,0.0,0.0,0.0,1.0,-1
"F[1,2](bmi <= 23.131 | HDL >= 9.873)
",-9999999.000,-9999999.000,0.000,0.000,1.000,0,0,0,4,4,0,0,4,0.0,0.0,0.0,0.0,0.0,1.0,-1
"F[1,2](diabDur >= 9.335 -> Triglyc >= 25.413)
",-9999999.000,-9999999.000,0.000,0.000,1.000,0,0,0,4,4,0,0,4,0.0,0.0,0.0,0.0,0.0,1.0,-1
"F[0,2]((Triglyc <= 119.622 -> TSH >= 3.364) | AutonomicNeuroCl <= 13.551)
",-9999999.000,-9999999.000,0.000,0.000,1.000,0,0,0,4,4,0,0,4,0.0,0.0,0.0,0.0,0.0,1.0,-1
"F[1,2]((Triglyc <= 114.515 -> UnitsInsBasalOrLongAct <= 19.922) -> Pt_FatherT1D >= 0.686)
",-9999999.000,-9999999.000,0.000,0.000,1.000,0,0,0,4,4,0,0,4,0.0,0.0,0.0,0.0,0.0,1.0,-1
"((bmi >= 18.811) U[0,2] (Triglyc <= 97.817))
",-9999999.000,-9999999.000,0.000,0.000,1.000,0,0,0,4,4,0,0,4,0.0,0.0,0.0,0.0,0.0,1.0,-1
"((bmiPerc <= 0.862) U[0,2] (Triglyc >= 56.312))
",-9999999.000,-9999999.000,0.000,0.000,1.000,0,0,0,4,4,0,0,4,0.0,0.0,0.0,0.0,0.0,1.0,-1
"F[0,2]((HDL <= 51.092 -> TSH >= 1.474) | TotChol >= 1.692)
",-9999999.000,-9999999.000,0.000,0.000,1.000,0,0,0,4,4,0,0,4,0.0,0.0,0.0,0.0,0.0,1.0,-1
"F[0,2](HDL >= 32.380 & HeightCm <= 161.411)
",-9999999.000,-9999999.000,0.000,0.000,1.000,0,0,0,4,4,0,0,4,0.0,0.0,0.0,0.0,0.0,1.0,-1
"F[0,0](((HbA1c >= 8.222 | HeightCm <= 160.129) | AlbCreatRat_mggNew >= 150.427) -> BGTestAvgNumPtRep <= 161.887)
",-161.887,-161.887,0.000,0.000,1.000,0,0,0,4,4,0,0,4,0.0,0.0,0.0,0.0,0.0,1.0,-1
"F[1,1]((age <= 16.621 | UnitsInsBasalOrLongAct <= 19.753) -> BUN <= 20.829)
",-20.829,-20.829,0.000,0.000,1.000,0,0,0,4,4,0,0,4,0.0,0.0,0.0,0.0,0.0,1.0,-1
"F[0,2](((bmi <= 22.623 | BUN >= 8.808) & Pt_GrandparentT1D <= 17.657) -> bmiPerc <= 12.908)
",-9999999.000,-9999999.000,0.000,0.000,1.000,0,0,0,4,4,0,0,4,0.0,0.0,0.0,0.0,0.0,1.0,-1
"F[1,2]((HbA1c >= 8.658 | UnitsInsBasalOrLongAct >= 13.190) -> GFR <= 20.079)
",-9999999.000,-9999999.000,0.000,0.000,1.000,0,0,0,4,4,0,0,4,0.0,0.0,0.0,0.0,0.0,1.0,-1
"F[1,2](((BUN >= 2.788 -> TSH >= 3.727) & bmi >= 3.938) -> LDL >= 3.366)
",-9999999.000,-9999999.000,0.000,0.000,1.000,0,0,0,4,4,0,0,4,0.0,0.0,0.0,0.0,0.0,1.0,-1
"F[1,2](BldPrSys >= 108.038 -> HDL >= 12.206)
",-9999999.000,-9999999.000,0.000,0.000,1.000,0,0,0,4,4,0,0,4,0.0,0.0,0.0,0.0,0.0,1.0,-1
"F[0,2](age <= 15.497 | TSH >= 0.493)
",-9999999.000,-9999999.000,0.000,0.000,1.000,0,0,0,4,4,0,0,4,0.0,0.0,0.0,0.0,0.0,1.0,-1
"F[0,1](((BldPrSys >= 108.165 | HbA1cImputeDtMnC <= 62.722) | Pt_GrandchildT1D <= 66.554) -> bmi <= 59.778)
",-9999999.000,-9999999.000,0.000,0.000,1.000,0,0,0,4,4,0,0,4,0.0,0.0,0.0,0.0,0.0,1.0,-1
"F[1,2]((BUN >= 5.199 & diabDur >= 11.921) & Pt_MotherT1D <= 14.775)
",-9999999.000,-9999999.000,0.000,0.000,1.000,0,0,0,4,4,0,0,4,0.0,0.0,0.0,0.0,0.0,1.0,-1
"F[2,2]((BUN >= 2.744 & HbA1cImputeDtMnC >= 33.709) & Pt_GrandchildT1D >= 5.548)
",-33.709,-33.709,0.000,0.000,1.000,0,0,0,4,4,0,0,4,0.0,0.0,0.0,0.0,0.0,1.0,-1
"F[0,1](((AlbCreatRat_mggNew <= 3.645 | HDL <= 49.781) & diagAgeCombo >= 0.023) -> AlbCreatRat_mggNew <= 51.641)
",-9999999.000,-9999999.000,0.000,0.000,1.000,0,0,0,4,4,0,0,4,0.0,0.0,0.0,0.0,0.0,1.0,-1
"F[1,2]((HbA1c <= 9.796 & LDL >= 52.269) | Pt_MotherT1D >= 69.656)
",-9999999.000,-9999999.000,0.000,0.000,1.000,0,0,0,4,4,0,0,4,0.0,0.0,0.0,0.0,0.0,1.0,-1
"F[0,2]((HbA1c >= 8.302 & HbA1cImputeDtMnC <= 43.593) & Triglyc <= 48.210)
",-9999999.000,-9999999.000,0.000,0.000,1.000,0,0,0,4,4,0,0,4,0.0,0.0,0.0,0.0,0.0,1.0,-1
"F[0,0](((HbA1c >= 8.514 & HDL <= 45.024) & bmi >= 1.713) -> SMBGperDayPtMeterCombo >= 34.787)
",-17.121,-24.213,0.000,0.000,1.000,0,0,0,4,4,0,0,4,0.0,0.0,0.0,0.0,0.0,1.0,-1
"F[1,2](((BldPrDia >= 62.649 | diabDur <= 12.703) & Pt_SiblingT1D <= 12.381) | HDL <= 13.100)
",-9999999.000,-9999999.000,0.000,0.000,1.000,0,0,0,4,4,0,0,4,0.0,0.0,0.0,0.0,0.0,1.0,-1
"((BGTestAvgNumMeter >= 0.000) U[1,2] (BGTestAvgNumPtRep <= 9.160))
",-9999999.000,-9999999.000,0.000,0.000,1.000,0,0,0,4,4,0,0,4,0.0,0.0,0.0,0.0,0.0,1.0,-1
"F[0,2](HbA1c >= 8.254 -> Pt_A1cGoalLevelDsYr5 = 0.000)
",-9999999.000,-9999999.000,0.000,0.000,1.000,0,0,0,4,4,0,0,4,0.0,0.0,0.0,0.0,0.0,1.0,-1
"F[0,2](Triglyc <= 155.743 -> Pt_SHFlg = 0.000)
",-9999999.000,-9999999.000,0.000,0.000,1.000,0,0,0,4,4,0,0,4,0.0,0.0,0.0,0.0,0.0,1.0,-1
"((BGTestAvgNumMeter >= 0.000) U[0,1] (BGTestAvgNumPtRep <= 8.618))
",-9999999.000,-9999999.000,0.000,0.000,1.000,0,0,0,4,4,0,0,4,0.0,0.0,0.0,0.0,0.0,1.0,-1
"((BGTestAvgNumMeter >= 0.000) U[1,2] (BGTestAvgNumPtRep <= 7.705))
",-9999999.000,-9999999.000,0.000,0.000,1.000,0,0,0,4,4,0,0,4,0.0,0.0,0.0,0.0,0.0,1.0,-1
"F[1,2](HbA1c >= 8.303 -> Pt_A1cGoalLevelDsYr5 = 0.000)
",-9999999.000,-9999999.000,0.000,0.000,1.000,0,0,0,4,4,0,0,4,0.0,0.0,0.0,0.0,0.0,1.0,-1
"F[0,1](HbA1c >= 8.235 -> Pt_A1cGoalLevelDsYr5 = 0.000)
",-9999999.000,-9999999.000,0.000,0.000,1.000,0,0,0,4,4,0,0,4,0.0,0.0,0.0,0.0,0.0,1.0,-1
"((BGTestAvgNumMeter >= 0.000) U[0,1] (BGTestAvgNumPtRep <= 8.064))
",-9999999.000,-9999999.000,0.000,0.000,1.000,0,0,0,4,4,0,0,4,0.0,0.0,0.0,0.0,0.0,1.0,-1
"F[1,1](HbA1c >= 8.020 -> Pt_A1cGoalLevelDsYr5 = 0.000)
",0.000,0.000,0.000,0.000,1.000,0,0,0,4,4,0,0,4,0.0,0.0,0.0,0.0,0.0,1.0,-1
"((BGTestAvgNumMeter >= 0.000) U[1,2] (BGTestAvgNumPtRep <= 5.792))
",-9999999.000,-9999999.000,0.000,0.000,1.000,0,0,0,4,4,0,0,4,0.0,0.0,0.0,0.0,0.0,1.0,-1
"F[0,1](HbA1c >= 7.921 -> Pt_A1cGoalLevelDsYr5 = 0.000)
",-9999999.000,-9999999.000,0.000,0.000,1.000,0,0,0,4,4,0,0,4,0.0,0.0,0.0,0.0,0.0,1.0,-1
"((diagAgeCombo < 1.000) U[0,2] (Pt_SHFlg = 0.000))
",-9999999.000,-9999999.000,0.000,0.000,1.000,0,0,0,4,4,0,0,4,0.0,0.0,0.0,0.0,0.0,1.0,-1
"((DirectLDL <= 0.000) U[1,2] (Pt_SHFlg = 0.000))
",-9999999.000,-9999999.000,0.000,0.000,1.000,0,0,0,4,4,0,0,4,0.0,0.0,0.0,0.0,0.0,1.0,-1
"F[1,2](DirectLDL < 0.000 -> Pt_SHFlg = 0.000)
",-9999999.000,-9999999.000,0.000,0.000,1.000,0,0,0,4,4,0,0,4,0.0,0.0,0.0,0.0,0.0,1.0,-1
"F[1,2]((HbA1cImputeDtMnC <= 41.773 | HeightCm >= 147.833) & Pt_FatherT1D >= 155.873)
",-9999999.000,-9999999.000,0.000,0.000,1.000,0,0,0,4,4,0,0,4,0.0,0.0,0.0,0.0,0.0,1.0,-1
"F[2,2](bmiPerc <= 0.887 & HbA1cImputeDtMnC <= 50.188)
",0.887,0.887,0.000,0.000,1.000,0,0,0,4,4,0,0,4,0.0,0.0,0.0,0.0,0.0,1.0,-1
"F[0,2]((bmiZscore <= 1.069 | HbA1cImputeDtMnC >= 35.047) & Pt_SiblingT1D <= 69.813)
",-9999999.000,-9999999.000,0.000,0.000,1.000,0,0,0,4,4,0,0,4,0.0,0.0,0.0,0.0,0.0,1.0,-1
"F[1,2]((LDL >= 55.500 | Triglyc <= 103.788) | Pt_FatherT1D >= 7.381)
",-9999999.000,-9999999.000,0.000,0.000,1.000,0,0,0,4,4,0,0,4,0.0,0.0,0.0,0.0,0.0,1.0,-1
"F[2,2]((age >= 12.641 -> bmiPerc >= 0.762) & Pt_MotherT1D >= 0.736)
",-0.736,-0.736,0.000,0.000,1.000,0,0,0,4,4,0,0,4,0.0,0.0,0.0,0.0,0.0,1.0,-1
"F[1,2](age <= 15.553 -> bmiZscore <= 1.211)
",-9999999.000,-9999999.000,0.000,0.000,1.000,0,0,0,4,4,0,0,4,0.0,0.0,0.0,0.0,0.0,1.0,-1
"F[2,2]((diabDur >= 10.459 & HeightCm <= 159.049) -> TSH >= 157.620)
",10.459,10.459,0.000,0.000,1.000,0,0,0,4,4,0,0,4,0.0,0.0,0.0,0.0,0.0,1.0,-1
"F[1,1]((TotalDailyInsPerKg >= 0.068 | WeightKg >= 47.346) | TotalDailyInsPerKg >= 43.146)
",-0.068,-0.068,0.000,0.000,1.000,0,0,0,4,4,0,0,4,0.0,0.0,0.0,0.0,0.0,1.0,-1
"F[0,2]((AlbCreatRat_mggNew >= 0.301 & bmiPerc <= 0.882) -> UnitsInsBasalOrLongAct >= 0.794)
",-9999999.000,-9999999.000,0.000,0.000,1.000,0,0,0,4,4,0,0,4,0.0,0.0,0.0,0.0,0.0,1.0,-1
"((UnitsInsBasalOrLongAct <= 16.900) U[0,1] (WeightKg >= 47.862))
",-9999999.000,-9999999.000,0.000,0.000,1.000,0,0,0,4,4,0,0,4,0.0,0.0,0.0,0.0,0.0,1.0,-1
"F[0,1]((BldPrDia >= 59.330 | BldPrSys <= 117.333) & HeightCm >= 112.297)
",-9999999.000,-9999999.000,0.000,0.000,1.000,0,0,0,4,4,0,0,4,0.0,0.0,0.0,0.0,0.0,1.0,-1
"F[1,2](HDL >= 28.766 -> Triglyc <= 83.146)
",-9999999.000,-9999999.000,0.000,0.000,1.000,0,0,0,4,4,0,0,4,0.0,0.0,0.0,0.0,0.0,1.0,-1
"F[0,1]((bmi >= 18.466 & UnitsInsBasalOrLongAct <= 17.223) -> bmiPerc >= 12.733)
",-9999999.000,-9999999.000,0.000,0.000,1.000,0,0,0,4,4,0,0,4,0.0,0.0,0.0,0.0,0.0,1.0,-1
"F[1,1](HbA1c >= 8.140 -> Pt_A1cGoalLevelDsYr5 = 0.000)
",0.000,0.000,0.000,0.000,1.000,0,0,0,4,4,0,0,4,0.0,0.0,0.0,0.0,0.0,1.0,-1
"F[0,1](HbA1c >= 8.504 -> Pt_A1cGoalLevelDsYr5 = 0.000)
",-9999999.000,-9999999.000,0.000,0.000,1.000,0,0,0,4,4,0,0,4,0.0,0.0,0.0,0.0,0.0,1.0,-1
"((BGTestAvgNumMeter >= 0.000) U[2,2] (BGTestAvgNumPtRep <= 7.643))
",8604841080598493.000,7.643,0.000,0.000,1.000,0,0,0,4,4,0,0,4,0.0,0.0,0.0,0.0,0.0,1.0,-1
"((bmiZscore < 1.122) U[1,2] (Pt_SHFlg = 0.000))
",-9999999.000,-9999999.000,0.000,0.000,1.000,0,0,0,4,4,0,0,4,0.0,0.0,0.0,0.0,0.0,1.0,-1
"F[1,2]((bmiPerc <= 0.882 & SMBGperDayPtMeterCombo <= 9.297) & Pt_ChildT1D <= 8.231)
",-9999999.000,-9999999.000,0.000,0.000,1.000,0,0,0,4,4,0,0,4,0.0,0.0,0.0,0.0,0.0,1.0,-1
"F[0,1](((BldPrDia <= 75.748 & UnitsInsBasalOrLongAct <= 23.276) -> HDL <= 16.203) -> TSH >= 2.299)
",-9999999.000,-9999999.000,0.000,0.000,1.000,0,0,0,4,4,0,0,4,0.0,0.0,0.0,0.0,0.0,1.0,-1
"F[0,0]((BldPrSys <= 119.500 & TSH >= 1.922) -> TSH <= 9.097)
",-6.220,-5.078,0.000,0.000,1.000,0,0,0,4,4,0,0,4,0.0,0.0,0.0,0.0,0.0,1.0,-1
"((BldPrSys <= 116.746) U[0,1] (HeightCm >= 152.356))
",-9999999.000,-9999999.000,0.000,0.000,1.000,0,0,0,4,4,0,0,4,0.0,0.0,0.0,0.0,0.0,1.0,-1
"((age >= 11.705) U[2,2] (LDL <= 73.859))
",73.859,73.859,0.000,0.000,1.000,0,0,0,4,4,0,0,4,0.0,0.0,0.0,0.0,0.0,1.0,-1
"F[0,2]((BldPrSys >= 102.461 | WeightKg <= 61.187) & TotalDailyInsPerKg <= 66.113)
",-9999999.000,-9999999.000,0.000,0.000,1.000,0,0,0,4,4,0,0,4,0.0,0.0,0.0,0.0,0.0,1.0,-1
"F[0,2]((BldPrDia >= 61.391 | Pt_SiblingT1D <= 0.000) | NumPumpBolusOrShortAct <= 0.000)
",-9999999.000,-9999999.000,0.000,0.000,1.000,0,0,0,4,4,0,0,4,0.0,0.0,0.0,0.0,0.0,1.0,-1
"F[0,1](((BUN >= 0.178 | HeightCm <= 161.245) & Pt_DKAFlg <= 158.432) | BldPrDia >= 153.237)
",-9999999.000,-9999999.000,0.000,0.000,1.000,0,0,0,4,4,0,0,4,0.0,0.0,0.0,0.0,0.0,1.0,-1
"F[0,2](AlbCreatRat_mggNew >= 0.491 -> BUN >= 6.928)
",-9999999.000,-9999999.000,0.000,0.000,1.000,0,0,0,4,4,0,0,4,0.0,0.0,0.0,0.0,0.0,1.0,-1
"((Pt_MotherT1D > 0.000) U[0,0] (Pt_SHFlg = 0.000))
",0.000,0.000,0.000,0.000,1.000,0,0,0,4,4,0,0,4,0.0,0.0,0.0,0.0,0.0,1.0,-1
"((bmiPerc >= 0.765) U[0,2] (Pt_SHFlg = 0.000))
",-9999999.000,-9999999.000,0.000,0.000,1.000,0,0,0,4,4,0,0,4,0.0,0.0,0.0,0.0,0.0,1.0,-1
"((HeightCm <= 162.435) U[1,2] (Pt_SHFlg = 0.000))
",-9999999.000,-9999999.000,0.000,0.000,1.000,0,0,0,4,4,0,0,4,0.0,0.0,0.0,0.0,0.0,1.0,-1
"((Pt_DKAFlg <= 0.000) U[0,1] (Pt_SHFlg = 0.000))
",-9999999.000,-9999999.000,0.000,0.000,1.000,0,0,0,4,4,0,0,4,0.0,0.0,0.0,0.0,0.0,1.0,-1
"F[0,2](HbA1c >= 7.931 -> Pt_A1cGoalLevelDsYr5 = 0.000)
",-9999999.000,-9999999.000,0.000,0.000,1.000,0,0,0,4,4,0,0,4,0.0,0.0,0.0,0.0,0.0,1.0,-1
"((WeightKg < 59.828) U[0,2] (Pt_SHFlg = 0.000))
",-9999999.000,-9999999.000,0.000,0.000,1.000,0,0,0,4,4,0,0,4,0.0,0.0,0.0,0.0,0.0,1.0,-1
"((BldPrSys <= 119.608) U[0,1] (Pt_SHFlg = 0.000))
",-9999999.000,-9999999.000,0.000,0.000,1.000,0,0,0,4,4,0,0,4,0.0,0.0,0.0,0.0,0.0,1.0,-1
"F[1,2](GFR >= 0.000 -> Pt_SHFlg = 0.000)
",-9999999.000,-9999999.000,0.000,0.000,1.000,0,0,0,4,4,0,0,4,0.0,0.0,0.0,0.0,0.0,1.0,-1
"((TSH <= 5.051) U[0,1] (Pt_SHFlg = 0.000))
",-9999999.000,-9999999.000,0.000,0.000,1.000,0,0,0,4,4,0,0,4,0.0,0.0,0.0,0.0,0.0,1.0,-1
"((TotChol <= 0.000) U[0,2] (Pt_SHFlg = 0.000))
",-9999999.000,-9999999.000,0.000,0.000,1.000,0,0,0,4,4,0,0,4,0.0,0.0,0.0,0.0,0.0,1.0,-1
"F[1,2](Pt_SHFlg >= 0.000 & Pt_SHFlg = 0.000)
",-9999999.000,-9999999.000,0.000,0.000,1.000,0,0,0,4,4,0,0,4,0.0,0.0,0.0,0.0,0.0,1.0,-1
"F[2,2](bmiPerc >= 0.755 -> Pt_SHFlg = 0.000)
",0.000,0.000,0.000,0.000,1.000,0,0,0,4,4,0,0,4,0.0,0.0,0.0,0.0,0.0,1.0,-1
"((HbA1c <= 9.123) U[0,1] (Pt_SHFlg = 0.000))
",-9999999.000,-9999999.000,0.000,0.000,1.000,0,0,0,4,4,0,0,4,0.0,0.0,0.0,0.0,0.0,1.0,-1
"((Pt_FatherT1D <= 0.000) U[0,0] (Pt_SHFlg = 0.000))
",0.000,0.000,0.000,0.000,1.000,0,0,0,4,4,0,0,4,0.0,0.0,0.0,0.0,0.0,1.0,-1
"F[0,1](diagAgeCombo <= 1.000 & Pt_SHFlg = 0.000)
",-9999999.000,-9999999.000,0.000,0.000,1.000,0,0,0,4,4,0,0,4,0.0,0.0,0.0,0.0,0.0,1.0,-1
"((BGTestAvgNumMeter >= 0.000) U[1,1] (BGTestAvgNumPtRep <= 7.637))
",8598013345789461.000,7.637,0.000,0.000,1.000,0,0,0,4,4,0,0,4,0.0,0.0,0.0,0.0,0.0,1.0,-1
"F[0,0](HbA1c >= 7.971 -> Pt_A1cGoalLevelDsYr5 = 0.000)
",-0.725,-2.023,0.000,0.000,1.000,0,0,0,4,4,0,0,4,0.0,0.0,0.0,0.0,0.0,1.0,-1
"F[0,2](((UnitsInsBasalOrLongAct >= 7.806 -> Pt_CGMUseNumDays <= 0.000) | Pt_CGMUseNumDays >= 0.000) | UnitsInsBasalOrLongAct <= 0.000)
",-9999999.000,-9999999.000,0.000,0.000,1.000,0,0,0,4,4,0,0,4,0.0,0.0,0.0,0.0,0.0,1.0,-1
"F[1,2](((NumPumpBolusOrShortAct >= 0.000 -> WeightKg >= 51.490) & age >= 48.980) | TSH >= 51.557)
",-9999999.000,-9999999.000,0.000,0.000,1.000,0,0,0,4,4,0,0,4,0.0,0.0,0.0,0.0,0.0,1.0,-1
"((Pt_SHFlg <= 0.000) U[2,2] (BldPrDia >= 65.146))
",0.000,0.000,0.000,0.000,1.000,0,0,0,4,4,0,0,4,0.0,0.0,0.0,0.0,0.0,1.0,-1
"G[0,2](((bmiZscore >= 0.587 & WeightKg >= 38.737) & BGTestAvgNumMeter >= 52.720) & HbA1cImputeDtMnC >= 50.374)
",9999999.000,9999999.000,0.000,1.000,0.000,0,0,0,4,4,0,0,4,0.0,0.0,0.0,0.0,0.0,1.0,1
"G[0,2]((WeightKg >= 41.249 | bmi >= 21.864) -> UnitsInsBasalOrLongAct <= 17.753)
",9999999.000,9999999.000,0.000,1.000,0.000,0,0,2,2,2,2,2,2,0.0,0.0,1.0,0.0,0.0,1.0,1
"G[0,2](SMBGperDayPtMeterCombo >= 2.834 & BGTestAvgNumPtRep >= 1.384)
",9999999.000,9999999.000,0.000,1.000,0.000,0,0,3,1,1,3,3,1,0.0,0.0,1.0,0.0,0.0,1.0,1
"G[0,2](GFR <= 0.000 -> BUN >= 7.977)
",9999999.000,9999999.000,0.000,1.000,0.000,0,0,2,2,2,2,2,2,0.0,0.0,1.0,0.0,0.0,1.0,1
"G[0,2]((WeightKg >= 40.935 | bmi >= 19.798) -> UnitsInsBasalOrLongAct <= 18.096)
",9999999.000,9999999.000,0.000,1.000,0.000,0,0,2,2,2,2,2,2,0.0,0.0,1.0,0.0,0.0,1.0,1
"G[2,2](SMBGperDayPtMeterCombo >= 0.811 & BGTestAvgNumPtRep >= 2.733)
",-2.733,-2.733,0.000,1.000,0.000,0,0,4,0,0,4,4,0,0.0,0.0,1.0,0.0,0.0,1.0,1
"G[0,2](SMBGperDayPtMeterCombo >= 1.753 & BGTestAvgNumPtRep >= 3.278)
",9999999.000,9999999.000,0.000,1.000,0.000,0,0,3,1,1,3,3,1,0.0,0.0,1.0,0.0,0.0,1.0,1
"G[1,2]((WeightKg >= 42.369 | bmi >= 18.729) -> UnitsInsBasalOrLongAct <= 15.790)
",9999999.000,9999999.000,0.000,1.000,0.000,0,0,2,2,2,2,2,2,0.0,0.0,1.0,0.0,0.0,1.0,1
"G[0,2](GFR <= 0.000 -> BUN >= 2.634)
",9999999.000,9999999.000,0.000,1.000,0.000,0,0,2,2,2,2,2,2,0.0,0.0,1.0,0.0,0.0,1.0,1
"G[0,2]((WeightKg >= 45.850 | bmi >= 22.008) -> UnitsInsBasalOrLongAct <= 20.997)
",9999999.000,9999999.000,0.000,1.000,0.000,0,0,2,2,2,2,2,2,0.0,0.0,1.0,0.0,0.0,1.0,1
"G[2,2]((WeightKg >= 41.786 | bmi >= 20.983) -> UnitsInsBasalOrLongAct <= 23.942)
",-6739077226280099.000,-23.942,0.000,1.000,0.000,0,0,4,0,0,4,4,0,0.0,0.0,1.0,0.0,0.0,1.0,1
"G[2,2]((BldPrSys >= 111.458 & Triglyc <= 84.857) & HbA1cImputeDtMnC <= 93.066)
",-111.458,-111.458,0.000,1.000,0.000,0,0,4,0,0,4,4,0,0.0,0.0,1.0,0.0,0.0,1.0,1
"G[1,2](Pt_A1cGoalLev >= 0.000 & Pt_SHFlg = 0.000)
",9999999.000,9999999.000,0.000,1.000,0.000,0,0,4,0,0,4,4,0,0.0,0.0,1.0,0.0,0.0,1.0,1
"G[0,2](HbA1cImputeDtMnC >= 30.209 -> Pt_SHFlg = 0.000)
",9999999.000,9999999.000,0.000,1.000,0.000,0,0,4,0,0,4,4,0,0.0,0.0,1.0,0.0,0.0,1.0,1
"G[0,1]((diabDur <= 13.037 & Pt_InsGov >= 0.059) | HbA1c <= 0.640)
",9999999.000,9999999.000,0.000,1.000,0.000,0,0,0,4,4,0,0,4,0.0,0.0,0.0,0.0,0.0,1.0,1
"G[0,2](((AlbCreatRat_mggNew <= 1.526 & HbA1cImputeDtMnC >= 18.727) -> Pt_A1cGoalLev >= 3.541) & diabDur >= 24.047)
",9999999.000,9999999.000,0.000,1.000,0.000,0,0,0,4,4,0,0,4,0.0,0.0,0.0,0.0,0.0,1.0,1
"G[0,0]((HbA1cImputeDtMnC <= 55.394 & UnitsInsBasalOrLongAct >= 8.402) & Pt_SHFlg >= 9.635)
",-8.402,-8.402,0.000,1.000,0.000,0,0,0,4,4,0,0,4,0.0,0.0,0.0,0.0,0.0,1.0,1
"G[2,2]((bmiZscore >= 0.753 | BUN >= 0.800) | Pt_A1cGoalLev <= 19.318)
",19.318,19.318,0.000,1.000,0.000,0,0,4,0,0,4,4,0,0.0,0.0,1.0,0.0,0.0,1.0,1
"G[0,2](BUN >= 4.893 | TotalDailyInsPerKg <= 0.338)
",9999999.000,9999999.000,0.000,1.000,0.000,0,0,4,0,0,4,4,0,0.0,0.0,1.0,0.0,0.0,1.0,1
"G[1,2]((bmiPerc >= 0.777 | BUN <= 14.603) | Pt_CGMUseNumDays <= 19.279)
",9999999.000,9999999.000,0.000,1.000,0.000,0,0,4,0,0,4,4,0,0.0,0.0,1.0,0.0,0.0,1.0,1
"G[1,2](((bmi >= 19.885 -> Pt_InsGov >= 0.079) & Triglyc <= 0.537) | HbA1cImputeDtMnC <= 0.255)
",9999999.000,9999999.000,0.000,1.000,0.000,0,0,1,3,3,1,1,3,0.0,0.0,1.0,0.0,0.0,1.0,1
"G[1,2](bmiZscore <= 1.076 | TSH <= 5.344)
",9999999.000,9999999.000,0.000,1.000,0.000,0,0,3,1,1,3,3,1,0.0,0.0,1.0,0.0,0.0,1.0,1
"G[0,2](((age <= 16.316 | HeightCm >= 149.645) & Pt_CGMUseNumDays >= 145.846) & bmiPerc <= 159.192)
",9999999.000,9999999.000,0.000,1.000,0.000,0,0,0,4,4,0,0,4,0.0,0.0,0.0,0.0,0.0,1.0,1
"G[0,1]((bmiZscore <= 1.197 -> diabDur >= 11.975) & WeightKg <= 13.998)
",9999999.000,9999999.000,0.000,1.000,0.000,0,0,0,4,4,0,0,4,0.0,0.0,0.0,0.0,0.0,1.0,1
"G[0,2]((bmiPerc >= 0.705 | diabDur <= 13.958) | diabDur <= 12.045)
",9999999.000,9999999.000,0.000,1.000,0.000,0,0,4,0,0,4,4,0,0.0,0.0,1.0,0.0,0.0,1.0,1
"G[2,2](Pt_DKAFlg >= 0.000 & Pt_SHFlg = 0.000)
",0.000,0.000,0.000,1.000,0.000,0,0,4,0,0,4,4,0,0.0,0.0,1.0,0.0,0.0,1.0,1
"G[0,2](SMBGperDayPtMeterCombo >= 4.678 & BGTestAvgNumPtRep >= 1.539)
",9999999.000,9999999.000,0.000,1.000,0.000,0,0,1,3,3,1,1,3,0.0,0.0,1.0,0.0,0.0,1.0,1
"G[0,2](GFR <= 0.000 -> BUN >= 4.879)
",9999999.000,9999999.000,0.000,1.000,0.000,0,0,2,2,2,2,2,2,0.0,0.0,1.0,0.0,0.0,1.0,1
"G[2,2](SMBGperDayPtMeterCombo >= 1.995 & BGTestAvgNumPtRep >= 0.255)
",-1.995,-1.995,0.000,1.000,0.000,0,0,4,0,0,4,4,0,0.0,0.0,1.0,0.0,0.0,1.0,1
"G[2,2](((BUN <= 10.901 | UnitsInsBasalOrLongAct <= 18.013) -> diabDur <= 21.457) -> HbA1c <= 23.988)
",-23.988,-23.988,0.000,1.000,0.000,0,0,4,0,0,4,4,0,0.0,0.0,1.0,0.0,0.0,1.0,1
"G[1,2]((Pt_GrandchildT1D >= 0.000 -> age >= 12.829) & bmi <= 14.671)
",9999999.000,9999999.000,0.000,1.000,0.000,0,0,1,3,3,1,1,3,0.0,0.0,1.0,0.0,0.0,1.0,1
"G[1,2](Pt_InsGov <= 0.537 | TotChol <= 0.000)
",9999999.000,9999999.000,0.000,1.000,0.000,0,0,4,0,0,4,4,0,0.0,0.0,1.0,0.0,0.0,1.0,1
"G[0,1]((AutonomicNeuroCl <= 0.000 | AutonomicNeuroCl <= 0.000) & diagAgeCombo <= 0.000)
",9999999.000,9999999.000,0.000,1.000,0.000,0,0,0,4,4,0,0,4,0.0,0.0,0.0,0.0,0.0,1.0,1
"G[0,2]((Pt_GrandparentT1D >= 0.000 | Pt_A1cGoalLev <= 0.000) & TotalDailyInsPerKg >= 0.000)
",9999999.000,9999999.000,0.000,1.000,0.000,0,0,4,0,0,4,4,0,0.0,0.0,1.0,0.0,0.0,1.0,1
"G[2,2](diabDur <= 14.619 | BGTestAvgNumMeter >= 0.000)
",14.619,14.619,0.000,1.000,0.000,0,0,4,0,0,4,4,0,0.0,0.0,1.0,0.0,0.0,1.0,1
"G[2,2]((Pt_ChildT1D >= 0.000 & UnitsInsBasalOrLongAct >= 0.014) & Pt_GrandchildT1D <= 17.006)
",-0.014,-0.014,0.000,1.000,0.000,0,0,4,0,0,4,4,0,0.0,0.0,1.0,0.0,0.0,1.0,1
"G[1,2]((age >= 13.233 & TotChol >= 0.000) -> diagAgeCombo >= 0.000)
",9999999.000,9999999.000,0.000,1.000,0.000,0,0,4,0,0,4,4,0,0.0,0.0,1.0,0.0,0.0,1.0,1
"G[2,2](AutonomicNeuroCl >= 0.000 & SMBGperDayPtMeterCombo <= 6.291)
",0.000,0.000,0.000,1.000,0.000,0,0,4,0,0,4,4,0,0.0,0.0,1.0,0.0,0.0,1.0,1
"G[1,2](TSH >= 0.919 -> Pt_InsGov <= 0.722)
",9999999.000,9999999.000,0.000,1.000,0.000,0,0,4,0,0,4,4,0,0.0,0.0,1.0,0.0,0.0,1.0,1
"G[1,2]((age >= 12.570 -> AlbCreatRat_mggNew <= 1.047) | Pt_MotherT1D <= 2.654)
",9999999.000,9999999.000,0.000,1.000,0.000,0,0,4,0,0,4,4,0,0.0,0.0,1.0,0.0,0.0,1.0,1
"G[0,2](((WeightKg <= 59.027 & UnitsInsBasalOrLongAct <= 16.330) & age <= 15.846) -> Pt_FatherT1D >= 4.497)
",9999999.000,9999999.000,0.000,1.000,0.000,0,0,3,1,1,3,3,1,0.0,0.0,1.0,0.0,0.0,1.0,1
"G[2,2]((AlbCreatRat_mggNew <= 2.130 -> BGTestAvgNumPtRep >= 0.873) -> HbA1cImputeDtMnC <= 6.558)
",-6.558,-6.558,0.000,1.000,0.000,0,0,4,0,0,4,4,0,0.0,0.0,1.0,0.0,0.0,1.0,1
"G[0,2](bmiZscore > 0.695 & Pt_SHFlg = 0.000)
",9999999.000,9999999.000,0.000,1.000,0.000,0,0,3,1,1,3,3,1,0.0,0.0,1.0,0.0,0.0,1.0,1
"G[1,2](HbA1cImputeDtMnC > 14.279 & Pt_SHFlg = 0.000)
",9999999.000,9999999.000,0.000,1.000,0.000,0,0,4,0,0,4,4,0,0.0,0.0,1.0,0.0,0.0,1.0,1
"G[1,1](NumPumpBolusOrShortAct > 0.000 & Pt_SHFlg = 0.000)
",0.000,0.000,0.000,1.000,0.000,0,0,1,3,3,1,1,3,0.0,0.0,1.0,0.0,0.0,1.0,1
"G[2,2](Pt_A1cGoalLevelDsYr5 > 0.000 -> Pt_SHFlg = 0.000)
",0.000,0.000,0.000,1.000,0.000,0,0,4,0,0,4,4,0,0.0,0.0,1.0,0.0,0.0,1.0,1
"G[0,2](GFR < 0.000 & Pt_SHFlg = 0.000)
",9999999.000,9999999.000,0.000,1.000,0.000,0,0,0,4,4,0,0,4,0.0,0.0,0.0,0.0,0.0,1.0,1
"G[2,2](HbA1cImputeDtMnC < 43.500 & Pt_SHFlg = 0.000)
",0.000,0.000,0.000,1.000,0.000,0,0,4,0,0,4,4,0,0.0,0.0,1.0,0.0,0.0,1.0,1
"G[0,2](diagAgeCombo < 1.000 -> Pt_SHFlg = 0.000)
",9999999.000,9999999.000,0.000,1.000,0.000,0,0,4,0,0,4,4,0,0.0,0.0,1.0,0.0,0.0,1.0,1
"G[0,2]((WeightKg >= 43.060 | bmi >= 20.835) -> UnitsInsBasalOrLongAct <= 22.882)
",9999999.000,9999999.000,0.000,1.000,0.000,0,0,3,1,1,3,3,1,0.0,0.0,1.0,0.0,0.0,1.0,1
"G[0,2](SMBGperDayPtMeterCombo >= 3.641 & BGTestAvgNumPtRep >= 5.169)
",9999999.000,9999999.000,0.000,1.000,0.000,0,0,1,3,3,1,1,3,0.0,0.0,1.0,0.0,0.0,1.0,1
"G[1,2]((WeightKg >= 52.560 | bmi >= 22.296) -> UnitsInsBasalOrLongAct <= 19.518)
",9999999.000,9999999.000,0.000,1.000,0.000,0,0,2,2,2,2,2,2,0.0,0.0,1.0,0.0,0.0,1.0,1
"G[1,2](SMBGperDayPtMeterCombo >= 2.693 & BGTestAvgNumPtRep >= 1.639)
",9999999.000,9999999.000,0.000,1.000,0.000,0,0,3,1,1,3,3,1,0.0,0.0,1.0,0.0,0.0,1.0,1
"G[0,2]((WeightKg >= 38.413 | bmi >= 20.354) -> UnitsInsBasalOrLongAct <= 17.494)
",9999999.000,9999999.000,0.000,1.000,0.000,0,0,2,2,2,2,2,2,0.0,0.0,1.0,0.0,0.0,1.0,1
"G[1,2](((HeightCm <= 158.994 | Pt_InsGov >= 0.044) & Pt_SHFlg <= 0.754) -> Pt_SiblingT1D >= 0.050)
",9999999.000,9999999.000,0.000,1.000,0.000,0,0,3,1,1,3,3,1,0.0,0.0,1.0,0.0,0.0,1.0,1
"G[2,2]((bmi <= 25.282 -> HbA1cImputeDtMnC >= 7.878) & BUN <= 39.998)
",-25.282,-25.282,0.000,1.000,0.000,0,0,4,0,0,4,4,0,0.0,0.0,1.0,0.0,0.0,1.0,1
"F[0,0](((Pt_ChildT1D <= 0.000 & Pt_DKAFlg >= 0.000) | TotalDailyInsPerKg <= 0.000) -> bmiPerc >= 0.000)
",-15.063,-23.341,0.000,0.000,1.000,0,0,0,4,4,0,0,4,0.0,0.0,0.0,0.0,0.0,1.0,-1
"G[1,2](bmiZscore <= 1.151 -> bmiZscore <= 1.246)
",9999999.000,9999999.000,0.000,1.000,0.000,0,0,4,0,0,4,4,0,0.0,0.0,1.0,0.0,0.0,1.0,1
"G[2,2]((NumPumpBolusOrShortAct >= 0.000 -> diagAgeCombo <= 1.000) & DirectLDL <= 1.000)
",-1.000,-1.000,0.000,1.000,0.000,0,0,4,0,0,4,4,0,0.0,0.0,1.0,0.0,0.0,1.0,1
"G[1,2](Pt_ChildT1D <= 0.000 & TotChol >= 0.000)
",9999999.000,9999999.000,0.000,1.000,0.000,0,0,4,0,0,4,4,0,0.0,0.0,1.0,0.0,0.0,1.0,1
"G[1,2](((Pt_SiblingT1D >= 0.000 | age >= 13.159) & BUN <= 15.375) | Pt_SHFlg >= 12.059)
",9999999.000,9999999.000,0.000,1.000,0.000,0,0,4,0,0,4,4,0,0.0,0.0,1.0,0.0,0.0,1.0,1
"G[2,2](((Pt_GrandparentT1D <= 0.000 -> age >= 12.684) | BldPrSys <= 15.210) & Pt_CGMUseNumDays <= 14.626)
",8233618408254741.000,14.626,0.000,1.000,0.000,0,0,4,0,0,4,4,0,0.0,0.0,1.0,0.0,0.0,1.0,1
"G[0,2](((TotChol <= 0.000 | HbA1c <= 9.999) & bmiZscore >= 7.909) -> BldPrDia <= 9.190)
",9999999.000,9999999.000,0.000,1.000,0.000,0,0,4,0,0,4,4,0,0.0,0.0,1.0,0.0,0.0,1.0,1
"G[0,2]((bmiPerc <= 0.892 -> TotChol >= 0.000) | HbA1c <= 0.000)
",9999999.000,9999999.000,0.000,1.000,0.000,0,0,4,0,0,4,4,0,0.0,0.0,1.0,0.0,0.0,1.0,1
"G[0,2](((AlbCreatRat_mggNew >= 0.054 & Triglyc >= 38.024) & BldPrSys <= 149.458) | HbA1c >= 75.745)
",9999999.000,9999999.000,0.000,1.000,0.000,0,0,0,4,4,0,0,4,0.0,0.0,0.0,0.0,0.0,1.0,1
"G[2,2]((Triglyc >= 49.707 -> LDL >= 25.611) & Pt_SHFlg >= 12.687)
",-12.687,-12.687,0.000,1.000,0.000,0,0,4,0,0,4,4,0,0.0,0.0,1.0,0.0,0.0,1.0,1
"G[2,2](((diabDur >= 10.464 & UnitsInsBasalOrLongAct >= 2.524) & DirectLDL <= 15.274) -> AlbCreatRat_mggNew >= 13.985)
",10.464,10.464,0.000,1.000,0.000,0,0,4,0,0,4,4,0,0.0,0.0,1.0,0.0,0.0,1.0,1
"G[1,2](((Pt_ChildT1D <= 0.000 & Pt_SiblingT1D <= 0.000) & Pt_SHFlg >= 0.000) -> UnitsInsBasalOrLongAct <= 0.000)
",9999999.000,9999999.000,0.000,1.000,0.000,0,0,2,2,2,2,2,2,0.0,0.0,1.0,0.0,0.0,1.0,1
"G[0,2]((BGTestAvgNumPtRep >= 3.385 & GFR <= 0.000) & Pt_DKAFlg <= 0.000)
",9999999.000,9999999.000,0.000,1.000,0.000,0,0,3,1,1,3,3,1,0.0,0.0,1.0,0.0,0.0,1.0,1
"G[0,1](((SMBGperDayPtMeterCombo >= 4.660 & BGTestAvgNumMeter >= 0.000) | LDL <= 0.000) & Triglyc <= 0.000)
",9999999.000,9999999.000,0.000,1.000,0.000,0,0,0,4,4,0,0,4,0.0,0.0,0.0,0.0,0.0,1.0,1
"G[0,2](((HDL >= 6.393 -> BldPrDia >= 59.422) | HbA1cImputeDtMnC <= 76.790) | AutonomicNeuroCl >= 59.495)
",9999999.000,9999999.000,0.000,1.000,0.000,0,0,4,0,0,4,4,0,0.0,0.0,1.0,0.0,0.0,1.0,1
"G[0,2](((BldPrSys <= 118.258 | BldPrDia >= 62.399) & BldPrDia >= 65.486) & Pt_SiblingT1D >= 63.782)
",9999999.000,9999999.000,0.000,1.000,0.000,0,0,0,4,4,0,0,4,0.0,0.0,0.0,0.0,0.0,1.0,1
"G[0,1](((bmi >= 18.757 & HbA1cImputeDtMnC <= 57.123) -> bmiPerc <= 44.207) -> Pt_GrandchildT1D >= 10.740)
",9999999.000,9999999.000,0.000,1.000,0.000,0,0,0,4,4,0,0,4,0.0,0.0,0.0,0.0,0.0,1.0,1
"G[0,2]((BldPrSys <= 116.042 & Pt_ChildT1D >= 0.000) & bmiPerc <= 0.000)
",9999999.000,9999999.000,0.000,1.000,0.000,0,0,0,4,4,0,0,4,0.0,0.0,0.0,0.0,0.0,1.0,1
"G[0,2](((Pt_MotherT1D >= 0.000 -> BGTestAvgNumPtRep <= 9.579) & DirectLDL >= 3.547) -> Pt_A1cGoalLev <= 6.402)
",9999999.000,9999999.000,0.000,1.000,0.000,0,0,4,0,0,4,4,0,0.0,0.0,1.0,0.0,0.0,1.0,1
"G[0,2]((WeightKg <= 56.950 -> BldPrSys >= 102.155) & bmiPerc >= 108.088)
",9999999.000,9999999.000,0.000,1.000,0.000,0,0,0,4,4,0,0,4,0.0,0.0,0.0,0.0,0.0,1.0,1
"G[2,2](((BldPrDia <= 78.407 & TSH <= 7.537) -> Pt_InsGov <= 11.550) -> NumPumpBolusOrShortAct >= 1.973)
",1.973,1.973,0.000,1.000,0.000,0,0,4,0,0,4,4,0,0.0,0.0,1.0,0.0,0.0,1.0,1
"G[1,1](((TotalDailyInsPerKg >= 0.091 & TotChol <= 0.000) & bmiZscore >= 0.000) & SMBGperDayPtMeterCombo <= 0.000)
",-0.091,-0.091,0.000,1.000,0.000,0,0,1,3,3,1,1,3,0.0,0.0,1.0,0.0,0.0,1.0,1
"G[1,2]((AutonomicNeuroCl >= 0.000 -> bmiZscore >= 0.797) & HbA1c <= 1.221)
",9999999.000,9999999.000,0.000,1.000,0.000,0,0,1,3,3,1,1,3,0.0,0.0,1.0,0.0,0.0,1.0,1
"G[1,2]((Pt_SiblingT1D >= 0.000 -> Pt_A1cGoalLev >= 0.000) | UnitsInsBasalOrLongAct <= 0.000)
",9999999.000,9999999.000,0.000,1.000,0.000,0,0,4,0,0,4,4,0,0.0,0.0,1.0,0.0,0.0,1.0,1
"G[1,2](((HeightCm <= 159.254 | HbA1c >= 8.399) -> Triglyc <= 8.865) & GFR >= 8.171)
",9999999.000,9999999.000,0.000,1.000,0.000,0,0,1,3,3,1,1,3,0.0,0.0,1.0,0.0,0.0,1.0,1
"G[0,2]((Pt_GrandparentT1D >= 0.000 & Pt_GrandparentT1D <= 0.000) & BGTestAvgNumPtRep >= 0.000)
",9999999.000,9999999.000,0.000,1.000,0.000,0,0,4,0,0,4,4,0,0.0,0.0,1.0,0.0,0.0,1.0,1
"G[0,2](diagAgeCombo >= 1.000 -> Triglyc >= 63.568)
",9999999.000,9999999.000,0.000,1.000,0.000,0,0,1,3,3,1,1,3,0.0,0.0,1.0,0.0,0.0,1.0,1
"G[1,2](Pt_SiblingT1D <= 0.000 | diabDur >= 11.082)
",9999999.000,9999999.000,0.000,1.000,0.000,0,0,4,0,0,4,4,0,0.0,0.0,1.0,0.0,0.0,1.0,1
"G[1,2](((NumPumpBolusOrShortAct <= 0.000 | Pt_FatherT1D <= 0.000) -> Pt_GrandchildT1D <= 0.000) & HDL >= 0.000)
",9999999.000,9999999.000,0.000,1.000,0.000,0,0,4,0,0,4,4,0,0.0,0.0,1.0,0.0,0.0,1.0,1
"G[0,2]((Pt_DKAFlg >= 0.000 | HeightCm >= 153.413) | DirectLDL >= 154.940)
",9999999.000,9999999.000,0.000,1.000,0.000,0,0,4,0,0,4,4,0,0.0,0.0,1.0,0.0,0.0,1.0,1
"G[1,1](((Pt_CGMUseNumDays <= 0.000 | SMBGperDayPtMeterCombo >= 5.298) & Pt_A1cGoalLevelDsYr5 >= 1.071) & diabDur >= 1.129)
",-1.129,-1.129,0.000,1.000,0.000,0,0,1,3,3,1,1,3,0.0,0.0,1.0,0.0,0.0,1.0,1
"G[1,2](age < 16.426 & Pt_SHFlg = 0.000)
",9999999.000,9999999.000,0.000,1.000,0.000,0,0,4,0,0,4,4,0,0.0,0.0,1.0,0.0,0.0,1.0,1
"G[1,2](AlbCreatRat_mggNew < 2.515 -> Pt_SHFlg = 0.000)
",9999999.000,9999999.000,0.000,1.000,0.000,0,0,4,0,0,4,4,0,0.0,0.0,1.0,0.0,0.0,1.0,1
"G[1,2](Pt_SHFlg > 0.000 -> Pt_SHFlg = 0.000)
",9999999.000,9999999.000,0.000,1.000,0.000,0,0,4,0,0,4,4,0,0.0,0.0,1.0,0.0,0.0,1.0,1
"G[0,2](BGTestAvgNumMeter <= 0.000 & Pt_SHFlg = 0.000)
",9999999.000,9999999.000,0.000,1.000,0.000,0,0,4,0,0,4,4,0,0.0,0.0,1.0,0.0,0.0,1.0,1
"G[1,2](diagAgeCombo <= 1.000 & Pt_SHFlg = 0.000)
",9999999.000,9999999.000,0.000,1.000,0.000,0,0,4,0,0,4,4,0,0.0,0.0,1.0,0.0,0.0,1.0,1
"G[1,2](HbA1cImputeDtMnC < 64.263 & Pt_SHFlg = 0.000)
",9999999.000,9999999.000,0.000,1.000,0.000,0,0,4,0,0,4,4,0,0.0,0.0,1.0,0.0,0.0,1.0,1
"G[1,2](BldPrSys > 106.193 & Pt_SHFlg = 0.000)
",9999999.000,9999999.000,0.000,1.000,0.000,0,0,4,0,0,4,4,0,0.0,0.0,1.0,0.0,0.0,1.0,1
"G[0,1](GFR > 0.000 & Pt_SHFlg = 0.000)
",9999999.000,9999999.000,0.000,1.000,0.000,0,0,0,4,4,0,0,4,0.0,0.0,0.0,0.0,0.0,1.0,1
"G[1,2](((bmi <= 24.458 & bmiPerc >= 0.709) & Pt_ChildT1D <= 0.844) | BGTestAvgNumMeter >= 0.778)
",9999999.000,9999999.000,0.000,1.000,0.000,0,0,3,1,1,3,3,1,0.0,0.0,1.0,0.0,0.0,1.0,1
"G[0,2](((LDL <= 86.029 | LDL >= 59.435) | TotChol >= 66.134) -> TotalDailyInsPerKg >= 25.618)
",9999999.000,9999999.000,0.000,1.000,0.000,0,0,0,4,4,0,0,4,0.0,0.0,0.0,0.0,0.0,1.0,1
"G[1,2]((Pt_GrandparentT1D <= 0.000 -> Pt_ChildT1D <= 0.000) -> TotalDailyInsPerKg <= 0.000)
",9999999.000,9999999.000,0.000,1.000,0.000,0,0,4,0,0,4,4,0,0.0,0.0,1.0,0.0,0.0,1.0,1
"G[2,2](((bmiPerc <= 0.862 -> Triglyc >= 9.215) & HbA1c <= 104.349) & HbA1cImputeDtMnC <= 156.815)
",-7764335186747645.000,-0.862,0.000,1.000,0.000,0,0,4,0,0,4,4,0,0.0,0.0,1.0,0.0,0.0,1.0,1
"G[0,2](Pt_GrandchildT1D >= 0.000 | Pt_FatherT1D >= 0.000)
",9999999.000,9999999.000,0.000,1.000,0.000,0,0,4,0,0,4,4,0,0.0,0.0,1.0,0.0,0.0,1.0,1
"G[0,2](((AlbCreatRat_mggNew >= 0.562 -> NumPumpBolusOrShortAct <= 0.000) | TotChol >= 0.000) | Pt_GrandchildT1D <= 0.000)
",9999999.000,9999999.000,0.000,1.000,0.000,0,0,4,0,0,4,4,0,0.0,0.0,1.0,0.0,0.0,1.0,1
"G[2,2]((Pt_ChildT1D <= 0.000 & DirectLDL >= 0.000) | AlbCreatRat_mggNew <= 0.000)
",0.000,0.000,0.000,1.000,0.000,0,0,4,0,0,4,4,0,0.0,0.0,1.0,0.0,0.0,1.0,1
"G[0,2](((TotalDailyInsPerKg >= 0.101 -> diagAgeCombo >= 1.000) -> TSH >= 1.000) | age >= 1.000)
",9999999.000,9999999.000,0.000,1.000,0.000,0,0,4,0,0,4,4,0,0.0,0.0,1.0,0.0,0.0,1.0,1
"G[1,1]((Pt_GrandparentT1D <= 0.000 | Pt_MotherT1D <= 0.000) & bmiPerc <= 0.000)
",0.000,0.000,0.000,1.000,0.000,0,0,1,3,3,1,1,3,0.0,0.0,1.0,0.0,0.0,1.0,1
"G[0,2](Pt_GrandchildT1D >= 0.000 -> BGTestAvgNumPtRep <= 9.501)
",9999999.000,9999999.000,0.000,1.000,0.000,0,0,3,1,1,3,3,1,0.0,0.0,1.0,0.0,0.0,1.0,1
"G[0,2](Pt_DKAFlg <= 0.000 & bmi <= 23.723)
",9999999.000,9999999.000,0.000,1.000,0.000,0,0,2,2,2,2,2,2,0.0,0.0,1.0,0.0,0.0,1.0,1
"G[2,2](HDL <= 53.889 | TotalDailyInsPerKg >= 0.049)
",53.889,53.889,0.000,1.000,0.000,0,0,4,0,0,4,4,0,0.0,0.0,1.0,0.0,0.0,1.0,1
"G[0,2]((Pt_A1cGoalLev <= 0.000 -> Pt_GrandchildT1D <= 0.000) | Pt_ChildT1D <= 0.000)
",9999999.000,9999999.000,0.000,1.000,0.000,0,0,4,0,0,4,4,0,0.0,0.0,1.0,0.0,0.0,1.0,1
"G[1,2](((SMBGperDayPtMeterCombo >= 4.064 | Pt_A1cGoalLev >= 0.000) | LDL <= 0.000) | Pt_GrandparentT1D >= 0.000)
",9999999.000,9999999.000,0.000,1.000,0.000,0,0,4,0,0,4,4,0,0.0,0.0,1.0,0.0,0.0,1.0,1
"G[2,2]((BldPrDia >= 60.418 & Pt_ChildT1D <= 0.000) & Pt_DKAFlg >= 0.000)
",-60.418,-60.418,0.000,1.000,0.000,0,0,4,0,0,4,4,0,0.0,0.0,1.0,0.0,0.0,1.0,1
"G[1,2](bmi <= 22.586 & WeightKg >= 41.750)
",9999999.000,9999999.000,0.000,1.000,0.000,0,0,3,1,1,3,3,1,0.0,0.0,1.0,0.0,0.0,1.0,1
"G[1,2](((DirectLDL >= 0.000 & HDL >= 30.394) | Pt_SiblingT1D >= 13.776) | bmiZscore >= 20.705)
",9999999.000,9999999.000,0.000,1.000,0.000,0,0,1,3,3,1,1,3,0.0,0.0,1.0,0.0,0.0,1.0,1
"G[1,2]((HDL >= 4.233 -> bmiPerc >= 0.801) | Pt_ChildT1D <= 0.840)
",9999999.000,9999999.000,0.000,1.000,0.000,0,0,4,0,0,4,4,0,0.0,0.0,1.0,0.0,0.0,1.0,1
"G[1,2]((Pt_SiblingT1D <= 0.000 | BGTestAvgNumPtRep <= 8.796) & NumPumpBolusOrShortAct >= 2.125)
",9999999.000,9999999.000,0.000,1.000,0.000,0,0,1,3,3,1,1,3,0.0,0.0,1.0,0.0,0.0,1.0,1
"G[1,2]((BldPrDia >= 60.355 -> bmi >= 21.947) -> UnitsInsBasalOrLongAct >= 18.567)
",9999999.000,9999999.000,0.000,1.000,0.000,0,0,4,0,0,4,4,0,0.0,0.0,1.0,0.0,0.0,1.0,1
"((HbA1c <= 9.634) U[0,0] (LDL >= 15.185))
",0.264,1.127,0.000,0.000,1.000,0,0,0,4,4,0,0,4,0.0,0.0,0.0,0.0,0.0,1.0,-1
"F[1,1](((TotChol <= 0.000 -> Pt_GrandparentT1D >= 0.000) | BGTestAvgNumPtRep <= 0.000) | LDL >= 0.000)
",0.000,0.000,0.000,0.000,1.000,0,0,0,4,4,0,0,4,0.0,0.0,0.0,0.0,0.0,1.0,-1
"F[1,1]((NumPumpBolusOrShortAct <= 0.000 | BGTestAvgNumMeter <= 0.000) & Pt_CGMUseNumDays <= 0.000)
",0.000,0.000,0.000,0.000,1.000,0,0,0,4,4,0,0,4,0.0,0.0,0.0,0.0,0.0,1.0,-1
"F[0,1](Pt_SHFlg <= 0.000 | HeightCm >= 151.492)
",-9999999.000,-9999999.000,0.000,0.000,1.000,0,0,0,4,4,0,0,4,0.0,0.0,0.0,0.0,0.0,1.0,-1
"F[0,1](HbA1c >= 8.210 & Pt_A1cGoalLev <= 0.000)
",-9999999.000,-9999999.000,0.000,0.000,1.000,0,0,0,4,4,0,0,4,0.0,0.0,0.0,0.0,0.0,1.0,-1
"F[0,1](((BGTestAvgNumPtRep >= 2.846 & TotChol >= 0.000) & bmi >= 0.000) | TotalDailyInsPerKg >= 0.000)
",-9999999.000,-9999999.000,0.000,0.000,1.000,0,0,0,4,4,0,0,4,0.0,0.0,0.0,0.0,0.0,1.0,-1
"F[1,2]((bmiPerc >= 0.812 -> Pt_FatherT1D <= 0.000) & HDL >= 0.000)
",-9999999.000,-9999999.000,0.000,0.000,1.000,0,0,0,4,4,0,0,4,0.0,0.0,0.0,0.0,0.0,1.0,-1
"((Pt_DKAFlg <= 0.000) U[0,2] (bmi >= 22.025))
",-9999999.000,-9999999.000,0.000,0.000,1.000,0,0,0,4,4,0,0,4,0.0,0.0,0.0,0.0,0.0,1.0,-1
"F[0,1](((bmiZscore <= 1.031 -> Pt_FatherT1D <= 0.000) | AlbCreatRat_mggNew <= 0.000) -> BGTestAvgNumPtRep >= 0.000)
",-9999999.000,-9999999.000,0.000,0.000,1.000,0,0,0,4,4,0,0,4,0.0,0.0,0.0,0.0,0.0,1.0,-1
"F[1,2](LDL >= 38.690 & HbA1c <= 9.624)
",-9999999.000,-9999999.000,0.000,0.000,1.000,0,0,0,4,4,0,0,4,0.0,0.0,0.0,0.0,0.0,1.0,-1
"G[1,2]((Pt_A1cGoalLevelDsYr5 <= 0.000 & bmiZscore >= 0.610) & diabDur >= 0.556)
",9999999.000,9999999.000,0.000,1.000,0.000,0,0,4,0,0,4,4,0,0.0,0.0,1.0,0.0,0.0,1.0,1
"G[2,2](Pt_InsGov <= 0.391 -> SMBGperDayPtMeterCombo <= 7.615)
",-7.615,-7.615,0.000,1.000,0.000,0,0,4,0,0,4,4,0,0.0,0.0,1.0,0.0,0.0,1.0,1
"G[0,2]((TotalDailyInsPerKg <= 0.367 & Pt_SHFlg >= 0.000) & BGTestAvgNumMeter <= 0.000)
",9999999.000,9999999.000,0.000,1.000,0.000,0,0,3,1,1,3,3,1,0.0,0.0,1.0,0.0,0.0,1.0,1
"G[0,2](BUN >= 2.125 -> TotChol >= 0.000)
",9999999.000,9999999.000,0.000,1.000,0.000,0,0,4,0,0,4,4,0,0.0,0.0,1.0,0.0,0.0,1.0,1
"G[1,1](((BUN >= 3.623 & AlbCreatRat_mggNew <= 1.301) -> Pt_GrandparentT1D >= 0.275) & age <= 1.512)
",0.275,0.275,0.000,1.000,0.000,0,0,1,3,3,1,1,3,0.0,0.0,1.0,0.0,0.0,1.0,1
"G[2,2](((GFR >= 0.000 & Pt_InsGov <= 0.250) -> Pt_SiblingT1D >= 0.061) -> Pt_DKAFlg >= 0.096)
",0.000,0.000,0.000,1.000,0.000,0,0,4,0,0,4,4,0,0.0,0.0,1.0,0.0,0.0,1.0,1
"G[0,2](((AlbCreatRat_mggNew >= 0.450 -> TotalDailyInsPerKg <= 0.524) -> Pt_CGMUseNumDays >= 0.082) | Pt_GrandparentT1D <= 0.473)
",9999999.000,9999999.000,0.000,1.000,0.000,0,0,4,0,0,4,4,0,0.0,0.0,1.0,0.0,0.0,1.0,1
"G[0,2](TotalDailyInsPerKg >= 0.049 | HbA1cImputeDtMnC >= 33.604)
",9999999.000,9999999.000,0.000,1.000,0.000,0,0,2,2,2,2,2,2,0.0,0.0,1.0,0.0,0.0,1.0,1
"G[2,2](((BUN >= 1.510 | DirectLDL >= 0.000) | UnitsInsBasalOrLongAct >= 0.000) -> Pt_CGMUseNumDays >= 0.000)
",0.000,0.000,0.000,1.000,0.000,0,0,4,0,0,4,4,0,0.0,0.0,1.0,0.0,0.0,1.0,1
"G[1,2](((Triglyc <= 96.234 & Pt_DKAFlg <= 0.000) | HeightCm >= 0.000) & Pt_InsGov <= 0.000)
",9999999.000,9999999.000,0.000,1.000,0.000,0,0,4,0,0,4,4,0,0.0,0.0,1.0,0.0,0.0,1.0,1
"G[0,0](((HbA1c <= 9.574 | Pt_ChildT1D >= 0.000) & diabDur <= 0.000) & Pt_GrandchildT1D <= 0.000)
",-10.958,-13.667,0.000,1.000,0.000,0,0,0,4,4,0,0,4,0.0,0.0,0.0,0.0,0.0,1.0,1
"G[0,2](((HbA1cImputeDtMnC >= 37.055 & Pt_FatherT1D >= 0.000) | WeightKg >= 0.000) & LDL >= 0.000)
",9999999.000,9999999.000,0.000,1.000,0.000,0,0,4,0,0,4,4,0,0.0,0.0,1.0,0.0,0.0,1.0,1
"G[1,1](((LDL >= 70.052 -> WeightKg >= 45.180) | NumPumpBolusOrShortAct >= 49.847) & bmi >= 55.353)
",-55.353,-55.353,0.000,1.000,0.000,0,0,1,3,3,1,1,3,0.0,0.0,1.0,0.0,0.0,1.0,1
"G[0,2](HbA1cImputeDtMnC <= 67.507 -> TotChol >= 0.000)
",9999999.000,9999999.000,0.000,1.000,0.000,0,0,4,0,0,4,4,0,0.0,0.0,1.0,0.0,0.0,1.0,1
"G[0,2](((Pt_A1cGoalLev <= 0.000 | SMBGperDayPtMeterCombo <= 7.976) -> Pt_GrandparentT1D >= 5.156) | TSH >= 1.343)
",9999999.000,9999999.000,0.000,1.000,0.000,0,0,2,2,2,2,2,2,0.0,0.0,1.0,0.0,0.0,1.0,1
"F[2,2](((age <= 15.017 | GFR >= 0.000) -> TotChol >= 0.000) | SMBGperDayPtMeterCombo <= 0.000)
",0.000,0.000,0.000,0.000,1.000,0,0,0,4,4,0,0,4,0.0,0.0,0.0,0.0,0.0,1.0,-1
"F[0,2](Pt_ChildT1D >= 0.000 | Pt_GrandchildT1D >= 0.000)
",-9999999.000,-9999999.000,0.000,0.000,1.000,0,0,0,4,4,0,0,4,0.0,0.0,0.0,0.0,0.0,1.0,-1
"F[2,2]((diagAgeCombo <= 1.000 -> SMBGperDayPtMeterCombo <= 6.488) | Pt_CGMUseNumDays <= 9.183)
",9.183,9.183,0.000,0.000,1.000,0,0,0,4,4,0,0,4,0.0,0.0,0.0,0.0,0.0,1.0,-1
"F[0,2](((Pt_A1cGoalLev <= 0.000 -> Pt_ChildT1D <= 0.000) | SMBGperDayPtMeterCombo >= 0.000) & TSH <= 0.000)
",-9999999.000,-9999999.000,0.000,0.000,1.000,0,0,0,4,4,0,0,4,0.0,0.0,0.0,0.0,0.0,1.0,-1
"((Pt_A1cGoalLev >= 0.000) U[0,1] (Pt_MotherT1D <= 0.000))
",-9999999.000,-9999999.000,0.000,0.000,1.000,0,0,0,4,4,0,0,4,0.0,0.0,0.0,0.0,0.0,1.0,-1
"F[0,2](((TotalDailyInsPerKg >= 0.054 | age >= 11.405) & Pt_SHFlg >= 10.807) | Pt_ChildT1D >= 12.414)
",-9999999.000,-9999999.000,0.000,0.000,1.000,0,0,0,4,4,0,0,4,0.0,0.0,0.0,0.0,0.0,1.0,-1
"((GFR <= 0.000) U[1,1] (Pt_SiblingT1D >= 0.000))
",0.000,0.000,0.000,0.000,1.000,0,0,0,4,4,0,0,4,0.0,0.0,0.0,0.0,0.0,1.0,-1
"F[0,2]((Pt_SiblingT1D <= 0.000 -> Pt_GrandchildT1D <= 0.000) & TSH >= 0.000)
",-9999999.000,-9999999.000,0.000,0.000,1.000,0,0,0,4,4,0,0,4,0.0,0.0,0.0,0.0,0.0,1.0,-1
"F[0,1](Pt_A1cGoalLevelDsYr5 >= 0.000 -> DirectLDL <= 0.000)
",-9999999.000,-9999999.000,0.000,0.000,1.000,0,0,0,4,4,0,0,4,0.0,0.0,0.0,0.0,0.0,1.0,-1
"F[1,1](Pt_A1cGoalLev >= 0.000 -> Pt_ChildT1D <= 0.000)
",0.000,0.000,0.000,0.000,1.000,0,0,0,4,4,0,0,4,0.0,0.0,0.0,0.0,0.0,1.0,-1
"F[0,1](Pt_SHFlg >= 0.000 -> Pt_GrandchildT1D >= 0.000)
",-9999999.000,-9999999.000,0.000,0.000,1.000,0,0,0,4,4,0,0,4,0.0,0.0,0.0,0.0,0.0,1.0,-1
"F[0,2](BGTestAvgNumPtRep >= 3.518 -> HbA1c >= 8.471)
",-9999999.000,-9999999.000,0.000,0.000,1.000,0,0,0,4,4,0,0,4,0.0,0.0,0.0,0.0,0.0,1.0,-1
"G[2,2]((BGTestAvgNumMeter >= 0.000 & TotalDailyInsPerKg <= 0.535) -> Pt_A1cGoalLev <= 0.292)
",-0.292,-0.292,0.000,1.000,0.000,0,0,4,0,0,4,4,0,0.0,0.0,1.0,0.0,0.0,1.0,1
"F[0,2]((SMBGperDayPtMeterCombo >= 4.412 -> BldPrSys >= 111.311) & GFR <= 115.752)
",-9999999.000,-9999999.000,0.000,0.000,1.000,0,0,0,4,4,0,0,4,0.0,0.0,0.0,0.0,0.0,1.0,-1
"F[0,2]((BGTestAvgNumMeter <= 0.000 | Pt_A1cGoalLev >= 0.000) & HbA1cImputeDtMnC <= 0.000)
",-9999999.000,-9999999.000,0.000,0.000,1.000,0,0,0,4,4,0,0,4,0.0,0.0,0.0,0.0,0.0,1.0,-1
"((BGTestAvgNumMeter <= 0.000) U[0,2] (AlbCreatRat_mggNew <= 3.961))
",-9999999.000,-9999999.000,0.000,0.000,1.000,0,0,0,4,4,0,0,4,0.0,0.0,0.0,0.0,0.0,1.0,-1
"F[1,2](((Pt_CGMUseNumDays >= 0.000 & BGTestAvgNumPtRep >= 4.133) -> BldPrDia >= 3.914) & Pt_CGMUseNumDays >= 3.747)
",-9999999.000,-9999999.000,0.000,0.000,1.000,0,0,0,4,4,0,0,4,0.0,0.0,0.0,0.0,0.0,1.0,-1
"F[0,1]((AutonomicNeuroCl <= 0.000 -> HbA1c <= 8.993) -> WeightKg >= 8.760)
",-9999999.000,-9999999.000,0.000,0.000,1.000,0,0,0,4,4,0,0,4,0.0,0.0,0.0,0.0,0.0,1.0,-1
"F[0,2](((HbA1c >= 8.394 -> BldPrSys >= 108.385) -> Triglyc <= 116.946) & diagAgeCombo <= 113.913)
",-9999999.000,-9999999.000,0.000,0.000,1.000,0,0,0,4,4,0,0,4,0.0,0.0,0.0,0.0,0.0,1.0,-1
"F[1,1](((AlbCreatRat_mggNew >= 0.464 -> TotChol <= 0.000) | Triglyc >= 0.000) & age >= 0.000)
",0.000,0.000,0.000,0.000,1.000,0,0,0,4,4,0,0,4,0.0,0.0,0.0,0.0,0.0,1.0,-1
"F[1,1](BGTestAvgNumPtRep >= 2.991 | Pt_SiblingT1D >= 0.000)
",0.000,0.000,0.000,0.000,1.000,0,0,0,4,4,0,0,4,0.0,0.0,0.0,0.0,0.0,1.0,-1
"F[0,2](BldPrDia <= 72.315 & Pt_DKAFlg <= 0.000)
",-9999999.000,-9999999.000,0.000,0.000,1.000,0,0,0,4,4,0,0,4,0.0,0.0,0.0,0.0,0.0,1.0,-1
"F[0,2]((HDL <= 48.061 | diagAgeCombo >= 1.000) & Pt_A1cGoalLevelDsYr5 >= 1.000)
",-9999999.000,-9999999.000,0.000,0.000,1.000,0,0,0,4,4,0,0,4,0.0,0.0,0.0,0.0,0.0,1.0,-1
"F[0,2]((BGTestAvgNumPtRep >= 3.656 -> DirectLDL >= 0.000) | Pt_MotherT1D <= 0.000)
",-9999999.000,-9999999.000,0.000,0.000,1.000,0,0,0,4,4,0,0,4,0.0,0.0,0.0,0.0,0.0,1.0,-1
"F[0,0](((diagAgeCombo >= 1.000 | HbA1c >= 8.559) -> Pt_A1cGoalLevelDsYr5 <= 9.146) -> diagAgeCombo <= 9.842)
",-9.842,-9.842,0.000,0.000,1.000,0,0,0,4,4,0,0,4,0.0,0.0,0.0,0.0,0.0,1.0,-1
"((UnitsInsBasalOrLongAct <= 23.951) U[0,1] (bmi <= 23.545))
",-9999999.000,-9999999.000,0.000,0.000,1.000,0,0,0,4,4,0,0,4,0.0,0.0,0.0,0.0,0.0,1.0,-1
"F[0,1](WeightKg <= 63.133 -> Pt_FatherT1D <= 0.000)
",-9999999.000,-9999999.000,0.000,0.000,1.000,0,0,0,4,4,0,0,4,0.0,0.0,0.0,0.0,0.0,1.0,-1
"F[1,2](((HbA1c <= 9.041 | WeightKg <= 58.462) | diabDur >= 42.283) -> HbA1c >= 55.727)
",-9999999.000,-9999999.000,0.000,0.000,1.000,0,0,0,4,4,0,0,4,0.0,0.0,0.0,0.0,0.0,1.0,-1
"G[0,2](((Pt_A1cGoalLevelDsYr5 >= 0.000 | diagAgeCombo <= 1.000) & Pt_SiblingT1D <= 1.000) -> HDL >= 1.000)
",9999999.000,9999999.000,0.000,1.000,0.000,0,0,2,2,2,2,2,2,0.0,0.0,1.0,0.0,0.0,1.0,1
"G[1,2](((UnitsInsBasalOrLongAct <= 21.898 & Pt_SHFlg >= 0.000) | HbA1cImputeDtMnC <= 0.000) -> HbA1c <= 0.000)
",9999999.000,9999999.000,0.000,1.000,0.000,0,0,2,2,2,2,2,2,0.0,0.0,1.0,0.0,0.0,1.0,1
"G[0,2]((BGTestAvgNumPtRep <= 7.371 | BldPrDia >= 60.459) | SMBGperDayPtMeterCombo >= 64.995)
",9999999.000,9999999.000,0.000,1.000,0.000,0,0,3,1,1,3,3,1,0.0,0.0,1.0,0.0,0.0,1.0,1
"G[0,2]((AlbCreatRat_mggNew >= 0.307 & BldPrDia >= 59.584) -> bmiZscore >= 58.971)
",9999999.000,9999999.000,0.000,1.000,0.000,0,0,3,1,1,3,3,1,0.0,0.0,1.0,0.0,0.0,1.0,1
"G[0,2](Pt_InsGov <= 0.548 & TSH <= 10.578)
",9999999.000,9999999.000,0.000,1.000,0.000,0,0,2,2,2,2,2,2,0.0,0.0,1.0,0.0,0.0,1.0,1
"G[0,1](((bmiPerc >= 0.749 & HDL >= 16.991) & BldPrDia >= 33.318) | TSH >= 21.307)
",9999999.000,9999999.000,0.000,1.000,0.000,0,0,1,3,3,1,1,3,0.0,0.0,1.0,0.0,0.0,1.0,1
"G[1,2]((BGTestAvgNumPtRep <= 7.353 & BldPrSys >= 103.244) -> Pt_SiblingT1D <= 114.119)
",9999999.000,9999999.000,0.000,1.000,0.000,0,0,4,0,0,4,4,0,0.0,0.0,1.0,0.0,0.0,1.0,1
"G[0,2](bmiZscore >= 0.629 & HDL <= 51.758)
",9999999.000,9999999.000,0.000,1.000,0.000,0,0,1,3,3,1,1,3,0.0,0.0,1.0,0.0,0.0,1.0,1
"G[2,2](((BldPrDia <= 69.491 | HbA1c <= 8.927) -> HbA1c >= 7.949) | Pt_MotherT1D >= 8.496)
",-8.496,-8.496,0.000,1.000,0.000,0,0,4,0,0,4,4,0,0.0,0.0,1.0,0.0,0.0,1.0,1
"G[1,2]((bmiZscore <= 1.057 | LDL <= 84.465) & SMBGperDayPtMeterCombo >= 24.654)
",9999999.000,9999999.000,0.000,1.000,0.000,0,0,1,3,3,1,1,3,0.0,0.0,1.0,0.0,0.0,1.0,1
"G[0,2](((HeightCm >= 153.818 | TSH >= 2.965) | Pt_DKAFlg <= 5.460) | WeightKg >= 2.152)
",9999999.000,9999999.000,0.000,1.000,0.000,0,0,4,0,0,4,4,0,0.0,0.0,1.0,0.0,0.0,1.0,1
"G[0,2]((diabDur >= 10.812 | TSH <= 10.137) -> Pt_FatherT1D >= 0.370)
",9999999.000,9999999.000,0.000,1.000,0.000,0,0,0,4,4,0,0,4,0.0,0.0,0.0,0.0,0.0,1.0,1
"G[1,2](BldPrDia >= 59.529 | TSH >= 3.294)
",9999999.000,9999999.000,0.000,1.000,0.000,0,0,4,0,0,4,4,0,0.0,0.0,1.0,0.0,0.0,1.0,1
"G[0,0]((BldPrDia <= 75.254 | LDL <= 76.597) -> TotalDailyInsPerKg >= 19.035)
",-76.597,-76.597,0.000,1.000,0.000,0,0,0,4,4,0,0,4,0.0,0.0,0.0,0.0,0.0,1.0,1
"G[0,2](BUN >= 5.496 & Triglyc <= 129.529)
",9999999.000,9999999.000,0.000,1.000,0.000,0,0,1,3,3,1,1,3,0.0,0.0,1.0,0.0,0.0,1.0,1
"G[2,2](BldPrSys <= 114.495 & bmiPerc <= 0.885)
",0.885,0.885,0.000,1.000,0.000,0,0,4,0,0,4,4,0,0.0,0.0,1.0,0.0,0.0,1.0,1
"G[0,1](HeightCm <= 159.040 & SMBGperDayPtMeterCombo >= 2.558)
",9999999.000,9999999.000,0.000,1.000,0.000,0,0,0,4,4,0,0,4,0.0,0.0,0.0,0.0,0.0,1.0,1
"G[0,2]((Pt_GrandchildT1D >= 0.000 | bmi >= 21.540) | Pt_CGMUseNumDays >= 21.185)
",9999999.000,9999999.000,0.000,1.000,0.000,0,0,4,0,0,4,4,0,0.0,0.0,1.0,0.0,0.0,1.0,1
"G[0,2](Pt_ChildT1D >= 0.000 | Pt_A1cGoalLev >= 0.000)
",9999999.000,9999999.000,0.000,1.000,0.000,0,0,4,0,0,4,4,0,0.0,0.0,1.0,0.0,0.0,1.0,1
"G[0,2](((BGTestAvgNumMeter >= 0.000 | bmiPerc <= 0.831) & HbA1c >= 0.793) | diabDur <= 0.888)
",9999999.000,9999999.000,0.000,1.000,0.000,0,0,4,0,0,4,4,0,0.0,0.0,1.0,0.0,0.0,1.0,1
"G[0,2](NumPumpBolusOrShortAct >= 0.000 & BGTestAvgNumMeter >= 0.000)
",9999999.000,9999999.000,0.000,1.000,0.000,0,0,4,0,0,4,4,0,0.0,0.0,1.0,0.0,0.0,1.0,1
"G[1,2](TotalDailyInsPerKg >= 0.095 | Pt_InsGov <= 0.444)
",9999999.000,9999999.000,0.000,1.000,0.000,0,0,4,0,0,4,4,0,0.0,0.0,1.0,0.0,0.0,1.0,1
"G[0,2](((diagAgeCombo <= 1.000 | Pt_A1cGoalLev <= 0.000) -> SMBGperDayPtMeterCombo >= 0.000) -> GFR >= 0.000)
",9999999.000,9999999.000,0.000,1.000,0.000,0,0,4,0,0,4,4,0,0.0,0.0,1.0,0.0,0.0,1.0,1
"G[1,1](((Pt_DKAFlg >= 0.000 -> AlbCreatRat_mggNew >= 0.235) | Pt_A1cGoalLev >= 0.276) & HDL >= 0.182)
",-0.182,-0.182,0.000,1.000,0.000,0,0,1,3,3,1,1,3,0.0,0.0,1.0,0.0,0.0,1.0,1
"G[0,2](AutonomicNeuroCl <= 0.000 & AutonomicNeuroCl >= 0.000)
",9999999.000,9999999.000,0.000,1.000,0.000,0,0,4,0,0,4,4,0,0.0,0.0,1.0,0.0,0.0,1.0,1
"G[1,2]((bmiZscore <= 1.154 -> Pt_GrandparentT1D >= 0.000) | HbA1c >= 0.000)
",9999999.000,9999999.000,0.000,1.000,0.000,0,0,4,0,0,4,4,0,0.0,0.0,1.0,0.0,0.0,1.0,1
"G[1,1](((Pt_GrandchildT1D >= 0.000 -> HDL >= 17.679) & TotalDailyInsPerKg >= 16.817) | BGTestAvgNumMeter >= 8.035)
",-8.035,-8.035,0.000,1.000,0.000,0,0,1,3,3,1,1,3,0.0,0.0,1.0,0.0,0.0,1.0,1
"G[2,2]((HbA1cImputeDtMnC <= 70.945 | Pt_SHFlg <= 0.000) & TSH >= 0.000)
",0.000,0.000,0.000,1.000,0.000,0,0,4,0,0,4,4,0,0.0,0.0,1.0,0.0,0.0,1.0,1
"G[1,2](bmiZscore >= 0.685 & Triglyc >= 54.969)
",9999999.000,9999999.000,0.000,1.000,0.000,0,0,1,3,3,1,1,3,0.0,0.0,1.0,0.0,0.0,1.0,1
"G[0,1](((age >= 10.613 & BGTestAvgNumPtRep >= 3.807) | bmi >= 3.547) -> Pt_A1cGoalLevelDsYr5 >= 3.424)
",9999999.000,9999999.000,0.000,1.000,0.000,0,0,0,4,4,0,0,4,0.0,0.0,0.0,0.0,0.0,1.0,1
"G[0,2](SMBGperDayPtMeterCombo >= 4.553 -> SMBGperDayPtMeterCombo >= 2.749)
",9999999.000,9999999.000,0.000,1.000,0.000,0,0,4,0,0,4,4,0,0.0,0.0,1.0,0.0,0.0,1.0,1
"G[2,2](((Pt_SHFlg >= 0.000 -> UnitsInsBasalOrLongAct >= 8.879) & Pt_FatherT1D >= 1.558) & HbA1c <= 16.449)
",-1.558,-1.558,0.000,1.000,0.000,0,0,4,0,0,4,4,0,0.0,0.0,1.0,0.0,0.0,1.0,1
"G[2,2](((GFR <= 0.000 | diabDur <= 12.330) -> bmi >= 11.944) -> diagAgeCombo <= 12.934)
",-12.934,-12.934,0.000,1.000,0.000,0,0,4,0,0,4,4,0,0.0,0.0,1.0,0.0,0.0,1.0,1
"G[2,2](diabDur <= 12.669 | Pt_ChildT1D >= 0.000)
",12.669,12.669,0.000,1.000,0.000,0,0,4,0,0,4,4,0,0.0,0.0,1.0,0.0,0.0,1.0,1
"G[0,2]((SMBGperDayPtMeterCombo <= 7.612 -> Pt_CGMUseNumDays <= 0.000) | Pt_MotherT1D <= 0.000)
",9999999.000,9999999.000,0.000,1.000,0.000,0,0,4,0,0,4,4,0,0.0,0.0,1.0,0.0,0.0,1.0,1
"G[1,2](((Pt_SHFlg <= 0.000 -> bmi <= 25.116) -> Pt_ChildT1D >= 18.531) | HDL >= 19.882)
",9999999.000,9999999.000,0.000,1.000,0.000,0,0,3,1,1,3,3,1,0.0,0.0,1.0,0.0,0.0,1.0,1
"G[1,2]((LDL <= 105.068 & DirectLDL <= 0.000) -> bmiZscore <= 0.000)
",9999999.000,9999999.000,0.000,1.000,0.000,0,0,1,3,3,1,1,3,0.0,0.0,1.0,0.0,0.0,1.0,1
"G[2,2](DirectLDL >= 0.000 | NumPumpBolusOrShortAct >= 0.000)
",0.000,0.000,0.000,1.000,0.000,0,0,4,0,0,4,4,0,0.0,0.0,1.0,0.0,0.0,1.0,1
"G[0,1](((bmiPerc >= 0.753 | WeightKg <= 59.514) -> Pt_A1cGoalLevelDsYr5 <= 58.162) & DirectLDL >= 48.157)
",9999999.000,9999999.000,0.000,1.000,0.000,0,0,0,4,4,0,0,4,0.0,0.0,0.0,0.0,0.0,1.0,1
"G[1,2]((NumPumpBolusOrShortAct <= 0.000 | Pt_SiblingT1D >= 0.000) & Triglyc <= 0.000)
",9999999.000,9999999.000,0.000,1.000,0.000,0,0,3,1,1,3,3,1,0.0,0.0,1.0,0.0,0.0,1.0,1
"G[0,1](((HbA1cImputeDtMnC <= 61.077 -> BldPrDia >= 64.981) | AlbCreatRat_mggNew <= 72.686) -> NumPumpBolusOrShortAct >= 63.544)
",9999999.000,9999999.000,0.000,1.000,0.000,0,0,0,4,4,0,0,4,0.0,0.0,0.0,0.0,0.0,1.0,1
"G[2,2](Pt_GrandchildT1D >= 0.000 -> Pt_CGMUseNumDays >= 0.000)
",0.000,0.000,0.000,1.000,0.000,0,0,4,0,0,4,4,0,0.0,0.0,1.0,0.0,0.0,1.0,1
"G[0,1]((Pt_MotherT1D <= 0.000 | HeightCm >= 151.691) & BGTestAvgNumPtRep >= 148.488)
",9999999.000,9999999.000,0.000,1.000,0.000,0,0,0,4,4,0,0,4,0.0,0.0,0.0,0.0,0.0,1.0,1
"G[1,2]((Pt_SHFlg <= 0.000 -> Pt_SiblingT1D >= 0.000) | TotChol >= 0.000)
",9999999.000,9999999.000,0.000,1.000,0.000,0,0,4,0,0,4,4,0,0.0,0.0,1.0,0.0,0.0,1.0,1
"G[2,2](age <= 15.887 -> HDL >= 0.121)
",-8943577471382725.000,-15.887,0.000,1.000,0.000,0,0,4,0,0,4,4,0,0.0,0.0,1.0,0.0,0.0,1.0,1
"G[0,2](((HbA1cImputeDtMnC <= 43.823 -> LDL <= 96.378) -> AlbCreatRat_mggNew <= 83.545) -> TSH <= 94.565)
",9999999.000,9999999.000,0.000,1.000,0.000,0,0,4,0,0,4,4,0,0.0,0.0,1.0,0.0,0.0,1.0,1
"G[1,2](((LDL <= 73.493 | SMBGperDayPtMeterCombo >= 1.410) -> BGTestAvgNumMeter <= 7.022) | Pt_CGMUseNumDays <= 7.255)
",9999999.000,9999999.000,0.000,1.000,0.000,0,0,4,0,0,4,4,0,0.0,0.0,1.0,0.0,0.0,1.0,1
"G[0,2](((diabDur <= 13.074 | LDL <= 91.880) & TSH <= 78.130) -> diagAgeCombo <= 101.213)
",9999999.000,9999999.000,0.000,1.000,0.000,0,0,4,0,0,4,4,0,0.0,0.0,1.0,0.0,0.0,1.0,1
"G[1,2](age <= 15.956 | BldPrDia <= 76.770)
",9999999.000,9999999.000,0.000,1.000,0.000,0,0,4,0,0,4,4,0,0.0,0.0,1.0,0.0,0.0,1.0,1
"G[0,2]((BldPrSys <= 116.938 & HbA1c >= 7.991) -> Pt_FatherT1D >= 7.951)
",9999999.000,9999999.000,0.000,1.000,0.000,0,0,1,3,3,1,1,3,0.0,0.0,1.0,0.0,0.0,1.0,1
"G[1,2](BldPrSys <= 115.938 | BUN >= 3.297)
",9999999.000,9999999.000,0.000,1.000,0.000,0,0,2,2,2,2,2,2,0.0,0.0,1.0,0.0,0.0,1.0,1
"G[1,2]((AlbCreatRat_mggNew <= 2.004 | LDL >= 1.913) | UnitsInsBasalOrLongAct >= 38.650)
",9999999.000,9999999.000,0.000,1.000,0.000,0,0,4,0,0,4,4,0,0.0,0.0,1.0,0.0,0.0,1.0,1
"G[1,2]((BldPrSys >= 104.779 -> diabDur >= 9.265) | Pt_GrandparentT1D >= 10.817)
",9999999.000,9999999.000,0.000,1.000,0.000,0,0,4,0,0,4,4,0,0.0,0.0,1.0,0.0,0.0,1.0,1
"G[0,2](((BGTestAvgNumPtRep <= 5.783 | WeightKg >= 43.320) & BldPrDia <= 62.719) | Pt_InsGov <= 58.719)
",9999999.000,9999999.000,0.000,1.000,0.000,0,0,4,0,0,4,4,0,0.0,0.0,1.0,0.0,0.0,1.0,1
"G[1,2](((HDL <= 53.735 & UnitsInsBasalOrLongAct >= 7.756) -> Pt_A1cGoalLev >= 14.042) -> Pt_A1cGoalLev >= 6.487)
",9999999.000,9999999.000,0.000,1.000,0.000,0,0,3,1,1,3,3,1,0.0,0.0,1.0,0.0,0.0,1.0,1
"G[2,2]((HDL >= 20.895 | WeightKg <= 65.247) | GFR >= 51.234)
",65.247,65.247,0.000,1.000,0.000,0,0,4,0,0,4,4,0,0.0,0.0,1.0,0.0,0.0,1.0,1
"((BldPrDia <= 76.199) U[2,2] (BldPrDia >= 64.097))
",76.199,76.199,0.000,0.000,1.000,0,0,0,4,4,0,0,4,0.0,0.0,0.0,0.0,0.0,1.0,-1
