Rule,Discrimination Score,Pos Robustness,Neg Robustness,Percent Class +,Percent Class -,TP,TN,FP,FN,Actual Yes,Actual No,Predicted Yes,Predicted No,TPR/Sens,TNR/Spec,FPR,Precision,Accuracy,MCR
"F[1,1](((HbA1c >= 10.670 | Pt_A1cGoalLev >= 0.403) & BldPrSys <= 6.092) & Pt_ChildT1D >= 1.388)
",-1.388,-1.388,0.000,0.000,1.000,1,0,0,0,1,0,1,0,1.0,0,0,1.0,1.0,0.0
"F[0,1](((BGTestAvgNumPtRep >= 4.000 | BGTestAvgNumPtRep <= 4.000) -> Pt_A1cGoalLevelDsYr5 >= 4.000) & Pt_DKAFlg >= 4.000)
",-9999999.000,-9999999.000,0.000,0.000,1.000,1,0,0,0,1,0,1,0,1.0,0,0,1.0,1.0,0.0
"F[0,1]((Triglyc <= 70.096 -> Pt_CGMUseNumDays >= 0.000) -> HDL <= 0.000)
",-9999999.000,-9999999.000,0.000,0.000,1.000,1,0,0,0,1,0,1,0,1.0,0,0,1.0,1.0,0.0
"F[0,1]((Pt_DKAFlg >= 0.000 -> LDL <= 54.559) & Pt_DKAFlg >= 44.801)
",-9999999.000,-9999999.000,0.000,0.000,1.000,1,0,0,0,1,0,1,0,1.0,0,0,1.0,1.0,0.0
"F[0,1](((AutonomicNeuroCl >= 0.000 & Pt_ChildT1D >= 0.000) | Pt_FatherT1D <= 0.000) -> LDL <= 0.000)
",-9999999.000,-9999999.000,0.000,0.000,1.000,1,0,0,0,1,0,1,0,1.0,0,0,1.0,1.0,0.0
"F[0,0](DirectLDL >= 0.000 -> Pt_A1cGoalLev >= 2.687)
",-167.300,-167.300,0.000,0.000,1.000,1,0,0,0,1,0,1,0,1.0,0,0,1.0,1.0,0.0
"F[1,1]((age <= 13.000 & Pt_A1cGoalLevelDsYr5 <= 0.000) & AlbCreatRat_mggNew <= 0.000)
",0.000,0.000,0.000,0.000,1.000,1,0,0,0,1,0,1,0,1.0,0,0,1.0,1.0,0.0
"F[1,1](diagAgeCombo <= 3.000 & HeightCm <= 164.121)
",3.000,3.000,0.000,0.000,1.000,1,0,0,0,1,0,1,0,1.0,0,0,1.0,1.0,0.0
"F[0,0]((Pt_GrandchildT1D >= 0.000 -> HDL <= 48.347) & Pt_CGMUseNumDays <= 50.563)
",-8079.437,-8079.437,0.000,0.000,1.000,1,0,0,0,1,0,1,0,1.0,0,0,1.0,1.0,0.0
"F[0,1](((Pt_A1cGoalLev <= 4.170 | diagAgeCombo >= 3.000) -> UnitsInsBasalOrLongAct <= 3.000) & diabDur <= 3.000)
",-9999999.000,-9999999.000,0.000,0.000,1.000,1,0,0,0,1,0,1,0,1.0,0,0,1.0,1.0,0.0
"F[0,1]((BldPrSys <= 120.000 | AutonomicNeuroCl <= 0.000) & BldPrSys <= 0.000)
",-9999999.000,-9999999.000,0.000,0.000,1.000,1,0,0,0,1,0,1,0,1.0,0,0,1.0,1.0,0.0
"((Pt_SHFlg < 0.000) U[1,1] (Pt_SHFlg = 0.000))
",0.000,0.000,0.000,0.000,1.000,1,0,0,0,1,0,1,0,1.0,0,0,1.0,1.0,0.0
"F[1,1](((diagAgeCombo <= 3.000 | HbA1cImputeDtMnC <= 9.356) -> NumPumpBolusOrShortAct <= 9.342) -> age <= 9.983)
",-9.983,-9.983,0.000,0.000,1.000,1,0,0,0,1,0,1,0,1.0,0,0,1.0,1.0,0.0
"F[0,1](((TSH <= 0.000 & BGTestAvgNumPtRep <= 4.000) & HbA1c <= 4.000) | UnitsInsBasalOrLongAct >= 4.000)
",-9999999.000,-9999999.000,0.000,0.000,1.000,1,0,0,0,1,0,1,0,1.0,0,0,1.0,1.0,0.0
"F[0,1]((AlbCreatRat_mggNew <= 0.514 & diabDur <= 9.628) & TSH >= 9.163)
",-9999999.000,-9999999.000,0.000,0.000,1.000,1,0,0,0,1,0,1,0,1.0,0,0,1.0,1.0,0.0
"F[0,1](((AlbCreatRat_mggNew >= 0.198 & BGTestAvgNumMeter >= 0.000) | AlbCreatRat_mggNew >= 0.000) & HDL <= 0.000)
",-9999999.000,-9999999.000,0.000,0.000,1.000,1,0,0,0,1,0,1,0,1.0,0,0,1.0,1.0,0.0
"F[0,1]((UnitsInsBasalOrLongAct <= 0.000 -> Pt_ChildT1D >= 0.000) & bmiPerc <= 0.000)
",-9999999.000,-9999999.000,0.000,0.000,1.000,1,0,0,0,1,0,1,0,1.0,0,0,1.0,1.0,0.0
"F[0,1](((diagAgeCombo <= 3.000 | BGTestAvgNumMeter >= 0.000) & Pt_GrandparentT1D >= 0.000) & HbA1cImputeDtMnC <= 0.000)
",-9999999.000,-9999999.000,0.000,0.000,1.000,1,0,0,0,1,0,1,0,1.0,0,0,1.0,1.0,0.0
"F[1,1](NumPumpBolusOrShortAct < 0.000 & Pt_SHFlg = 0.000)
",0.000,0.000,0.000,0.000,1.000,1,0,0,0,1,0,1,0,1.0,0,0,1.0,1.0,0.0
"((UnitsInsBasalOrLongAct >= 0.000) U[0,0] (HeightCm >= 163.583))
",1.000,1.000,0.000,0.000,1.000,1,0,0,0,1,0,1,0,1.0,0,0,1.0,1.0,0.0
"((GFR > 0.000) U[1,1] (Pt_SHFlg = 0.000))
",0.000,0.000,0.000,0.000,1.000,1,0,0,0,1,0,1,0,1.0,0,0,1.0,1.0,0.0
"((BldPrSys <= 120.000) U[0,0] (diabDur >= 9.176))
",120.000,120.000,0.000,0.000,1.000,1,0,0,0,1,0,1,0,1.0,0,0,1.0,1.0,0.0
"F[1,1](AlbCreatRat_mggNew <= 0.782 & diabDur <= 9.501)
",0.782,0.782,0.000,0.000,1.000,1,0,0,0,1,0,1,0,1.0,0,0,1.0,1.0,0.0
"F[0,1]((WeightKg <= 57.467 | BldPrSys <= 120.000) & Pt_GrandchildT1D >= 120.000)
",-9999999.000,-9999999.000,0.000,0.000,1.000,1,0,0,0,1,0,1,0,1.0,0,0,1.0,1.0,0.0
"F[0,0]((diagAgeCombo >= 3.000 & Pt_SiblingT1D <= 0.000) -> diagAgeCombo <= 0.000)
",0.000,0.000,0.000,0.000,1.000,1,0,0,0,1,0,1,0,1.0,0,0,1.0,1.0,0.0
"F[0,0](Pt_DKAFlg >= 0.000 -> BldPrDia <= 53.044)
",0.000,0.000,0.000,0.000,1.000,1,0,0,0,1,0,1,0,1.0,0,0,1.0,1.0,0.0
"F[1,1](Pt_FatherT1D <= 0.000 & AlbCreatRat_mggNew <= 0.893)
",0.000,0.000,0.000,0.000,1.000,1,0,0,0,1,0,1,0,1.0,0,0,1.0,1.0,0.0
"F[0,0]((Pt_SiblingT1D <= 0.000 & AlbCreatRat_mggNew <= 0.931) & Pt_DKAFlg >= 0.408)
",-15.069,-15.069,0.000,0.000,1.000,1,0,0,0,1,0,1,0,1.0,0,0,1.0,1.0,0.0
"F[0,0](((NumPumpBolusOrShortAct >= 0.000 & HeightCm <= 166.344) | BldPrDia >= 162.329) & Pt_SiblingT1D >= 160.931)
",-160.931,-160.931,0.000,0.000,1.000,1,0,0,0,1,0,1,0,1.0,0,0,1.0,1.0,0.0
"F[0,0](((HeightCm <= 164.640 & bmi >= 20.005) & bmiZscore >= 20.059) & Pt_ChildT1D >= 20.234)
",-20.234,-20.234,0.000,0.000,1.000,1,0,0,0,1,0,1,0,1.0,0,0,1.0,1.0,0.0
"F[0,0](((Pt_CGMUseNumDays <= 0.000 & Pt_CGMUseNumDays >= 0.000) & bmiZscore <= 0.000) | bmi <= 0.000)
",0.000,0.000,0.000,0.000,1.000,1,0,0,0,1,0,1,0,1.0,0,0,1.0,1.0,0.0
"F[0,1](((Pt_CGMUseNumDays <= 0.000 & Pt_GrandchildT1D >= 0.000) -> BGTestAvgNumPtRep >= 0.000) -> BUN <= 0.000)
",-9999999.000,-9999999.000,0.000,0.000,1.000,1,0,0,0,1,0,1,0,1.0,0,0,1.0,1.0,0.0
"F[0,1](((Pt_SHFlg <= 0.000 -> HbA1c >= 11.207) & Pt_InsGov >= 11.212) & Pt_CGMUseNumDays >= 12.047)
",-9999999.000,-9999999.000,0.000,0.000,1.000,1,0,0,0,1,0,1,0,1.0,0,0,1.0,1.0,0.0
"F[0,0](TSH <= 0.000 & WeightKg >= 53.739)
",-49.739,-49.739,0.000,0.000,1.000,1,0,0,0,1,0,1,0,1.0,0,0,1.0,1.0,0.0
"F[1,1](((UnitsInsBasalOrLongAct >= 0.000 & Pt_DKAFlg >= 0.000) | Pt_InsGov >= 0.000) -> Pt_InsGov <= 0.000)
",0.000,0.000,0.000,0.000,1.000,1,0,0,0,1,0,1,0,1.0,0,0,1.0,1.0,0.0
"F[0,1](DirectLDL < 0.000 & Pt_SHFlg = 0.000)
",-9999999.000,-9999999.000,0.000,0.000,1.000,1,0,0,0,1,0,1,0,1.0,0,0,1.0,1.0,0.0
"F[0,2]((Pt_CGMUseNumDays >= 0.000 | Pt_DKAFlg <= 0.000) & BUN >= 0.000)
",-9999999.000,-9999999.000,0.000,0.000,1.000,0,0,0,1,1,0,0,1,0.0,0,0,0.0,0.0,1.0
"F[0,1](((NumPumpBolusOrShortAct <= 0.000 & Pt_FatherT1D <= 0.000) & Pt_A1cGoalLevelDsYr5 <= 0.000) | Pt_SHFlg <= 0.000)
",-9999999.000,-9999999.000,0.000,0.000,1.000,0,0,0,1,1,0,0,1,0.0,0,0,0.0,0.0,1.0
"((BGTestAvgNumPtRep <= 4.000) U[0,1] (Pt_A1cGoalLevelDsYr5 >= 0.000))
",-9999999.000,-9999999.000,0.000,0.000,1.000,0,0,0,1,1,0,0,1,0.0,0,0,0.0,0.0,1.0
"((Pt_InsGov <= 1.000) U[1,1] (HbA1c >= 12.044))
",1.000,1.000,0.000,0.000,1.000,0,0,0,1,1,0,0,1,0.0,0,0,0.0,0.0,1.0
"F[0,1](Pt_GrandchildT1D >= 0.000 & DirectLDL >= 0.000)
",-9999999.000,-9999999.000,0.000,0.000,1.000,0,0,0,1,1,0,0,1,0.0,0,0,0.0,0.0,1.0
"((bmiPerc <= 0.751) U[2,2] (bmiPerc <= 0.778))
",0.778,0.778,0.000,0.000,1.000,0,0,0,1,1,0,0,1,0.0,0,0,0.0,0.0,1.0
"F[0,1](HbA1c >= 11.883 -> Pt_A1cGoalLevelDsYr5 = 0.000)
",-9999999.000,-9999999.000,0.000,0.000,1.000,0,0,0,1,1,0,0,1,0.0,0,0,0.0,0.0,1.0
"F[2,2]((BldPrSys >= 120.000 & LDL <= 53.464) -> HeightCm >= 43.886)
",43.886,43.886,0.000,0.000,1.000,0,0,0,1,1,0,0,1,0.0,0,0,0.0,0.0,1.0
"F[0,1]((TotChol >= 41.943 | bmiPerc >= 0.736) | Pt_GrandparentT1D >= 0.713)
",-9999999.000,-9999999.000,0.000,0.000,1.000,0,0,0,1,1,0,0,1,0.0,0,0,0.0,0.0,1.0
"F[1,1](UnitsInsBasalOrLongAct <= 0.000 -> Pt_A1cGoalLevelDsYr5 <= 0.000)
",0.000,0.000,0.000,0.000,1.000,0,0,0,1,1,0,0,1,0.0,0,0,0.0,0.0,1.0
"F[1,2](Pt_A1cGoalLevelDsYr5 >= 0.000 & Pt_FatherT1D >= 0.000)
",-9999999.000,-9999999.000,0.000,0.000,1.000,0,0,0,1,1,0,0,1,0.0,0,0,0.0,0.0,1.0
"F[0,1](((NumPumpBolusOrShortAct <= 0.000 | BGTestAvgNumMeter <= 0.000) & BldPrDia >= 0.000) | diagAgeCombo <= 0.000)
",-9999999.000,-9999999.000,0.000,0.000,1.000,0,0,0,1,1,0,0,1,0.0,0,0,0.0,0.0,1.0
"((Pt_A1cGoalLevelDsYr5 <= 0.000) U[0,1] (bmi >= 20.240))
",-9999999.000,-9999999.000,0.000,0.000,1.000,0,0,0,1,1,0,0,1,0.0,0,0,0.0,0.0,1.0
"((Pt_A1cGoalLevelDsYr5 >= 0.000) U[1,2] (diabDur <= 9.997))
",-9999999.000,-9999999.000,0.000,0.000,1.000,0,0,0,1,1,0,0,1,0.0,0,0,0.0,0.0,1.0
"F[1,2](AutonomicNeuroCl >= 0.000 -> BldPrDia >= 50.016)
",-9999999.000,-9999999.000,0.000,0.000,1.000,0,0,0,1,1,0,0,1,0.0,0,0,0.0,0.0,1.0
"F[1,2](((HeightCm <= 164.232 -> SMBGperDayPtMeterCombo <= 4.000) | TotChol <= 4.000) & Pt_SHFlg >= 4.000)
",-9999999.000,-9999999.000,0.000,0.000,1.000,0,0,0,1,1,0,0,1,0.0,0,0,0.0,0.0,1.0
"F[2,2]((HDL >= 44.880 & diagAgeCombo <= 3.000) & Pt_GrandparentT1D <= 3.000)
",-44.880,-44.880,0.000,0.000,1.000,0,0,0,1,1,0,0,1,0.0,0,0,0.0,0.0,1.0
"((DirectLDL >= 0.000) U[1,2] (LDL <= 51.366))
",-9999999.000,-9999999.000,0.000,0.000,1.000,0,0,0,1,1,0,0,1,0.0,0,0,0.0,0.0,1.0
"F[1,1]((diagAgeCombo >= 3.000 | Pt_GrandchildT1D <= 0.000) & Pt_DKAFlg >= 0.000)
",0.000,0.000,0.000,0.000,1.000,0,0,0,1,1,0,0,1,0.0,0,0,0.0,0.0,1.0
"F[0,1](SMBGperDayPtMeterCombo <= 4.000 -> HbA1c <= 12.780)
",-9999999.000,-9999999.000,0.000,0.000,1.000,0,0,0,1,1,0,0,1,0.0,0,0,0.0,0.0,1.0
"((Pt_GrandparentT1D <= 0.000) U[0,0] (bmiZscore <= 0.727))
",0.000,0.000,0.000,0.000,1.000,0,0,0,1,1,0,0,1,0.0,0,0,0.0,0.0,1.0
"((Pt_SHFlg >= 0.000) U[0,1] (Pt_CGMUseNumDays <= 0.000))
",-9999999.000,-9999999.000,0.000,0.000,1.000,0,0,0,1,1,0,0,1,0.0,0,0,0.0,0.0,1.0
"F[0,0](((Triglyc <= 92.999 & GFR <= 0.000) -> BldPrSys >= 0.000) -> SMBGperDayPtMeterCombo >= 0.000)
",-50.000,-50.000,0.000,0.000,1.000,0,0,0,1,1,0,0,1,0.0,0,0,0.0,0.0,1.0
"((TSH <= 0.000) U[0,1] (SMBGperDayPtMeterCombo >= 4.000))
",-9999999.000,-9999999.000,0.000,0.000,1.000,0,0,0,1,1,0,0,1,0.0,0,0,0.0,0.0,1.0
"F[0,1](bmiPerc <= 0.763 | Pt_GrandchildT1D <= 0.000)
",-9999999.000,-9999999.000,0.000,0.000,1.000,0,0,0,1,1,0,0,1,0.0,0,0,0.0,0.0,1.0
"F[0,2]((TSH <= 0.000 | BGTestAvgNumPtRep <= 4.000) | TotalDailyInsPerKg <= 4.000)
",-9999999.000,-9999999.000,0.000,0.000,1.000,0,0,0,1,1,0,0,1,0.0,0,0,0.0,0.0,1.0
"F[0,0]((age >= 13.000 | Triglyc <= 82.667) | bmiPerc >= 52.545)
",82.667,82.667,0.000,0.000,1.000,0,0,0,1,1,0,0,1,0.0,0,0,0.0,0.0,1.0
"F[0,1](AlbCreatRat_mggNew >= 0.430 | Pt_SHFlg >= 0.000)
",-9999999.000,-9999999.000,0.000,0.000,1.000,0,0,0,1,1,0,0,1,0.0,0,0,0.0,0.0,1.0
"F[0,1](((diagAgeCombo >= 3.000 | Triglyc <= 95.257) -> bmiPerc >= 47.766) -> Pt_GrandparentT1D >= 43.111)
",-9999999.000,-9999999.000,0.000,0.000,1.000,0,0,0,1,1,0,0,1,0.0,0,0,0.0,0.0,1.0
"F[2,2]((BldPrDia >= 51.986 & HeightCm <= 164.463) -> age <= 165.258)
",-165.258,-165.258,0.000,0.000,1.000,0,0,0,1,1,0,0,1,0.0,0,0,0.0,0.0,1.0
"((BGTestAvgNumMeter >= 0.000) U[2,2] (Pt_InsGov <= 1.000))
",1.000,1.000,0.000,0.000,1.000,0,0,0,1,1,0,0,1,0.0,0,0,0.0,0.0,1.0
"F[0,2]((Pt_MotherT1D <= 0.000 & Pt_SHFlg >= 0.000) -> Pt_MotherT1D <= 0.000)
",-9999999.000,-9999999.000,0.000,0.000,1.000,0,0,0,1,1,0,0,1,0.0,0,0,0.0,0.0,1.0
"F[2,2](((TotalDailyInsPerKg <= 0.811 -> HDL <= 50.164) -> bmiZscore >= 45.770) & Pt_MotherT1D >= 47.003)
",-47.003,-47.003,0.000,0.000,1.000,0,0,0,1,1,0,0,1,0.0,0,0,0.0,0.0,1.0
"F[1,2](BGTestAvgNumMeter >= 0.000 & BUN >= 14.948)
",-9999999.000,-9999999.000,0.000,0.000,1.000,0,0,0,1,1,0,0,1,0.0,0,0,0.0,0.0,1.0
"F[2,2](((Pt_MotherT1D >= 0.000 & BldPrDia >= 50.565) & Pt_A1cGoalLev >= 50.314) & Pt_InsGov <= 52.586)
",-50.565,-50.565,0.000,0.000,1.000,0,0,0,1,1,0,0,1,0.0,0,0,0.0,0.0,1.0
"F[1,2](((AutonomicNeuroCl <= 0.000 -> Pt_SiblingT1D <= 0.000) & Pt_InsGov >= 0.000) & LDL >= 0.000)
",-9999999.000,-9999999.000,0.000,0.000,1.000,0,0,0,1,1,0,0,1,0.0,0,0,0.0,0.0,1.0
"F[0,1](BGTestAvgNumMeter <= 0.000 | Pt_CGMUseNumDays <= 0.000)
",-9999999.000,-9999999.000,0.000,0.000,1.000,0,0,0,1,1,0,0,1,0.0,0,0,0.0,0.0,1.0
"F[0,2](((Pt_SiblingT1D >= 0.000 | AutonomicNeuroCl <= 0.000) -> AlbCreatRat_mggNew <= 0.000) | DirectLDL >= 0.000)
",-9999999.000,-9999999.000,0.000,0.000,1.000,0,0,0,1,1,0,0,1,0.0,0,0,0.0,0.0,1.0
"F[0,2](((UnitsInsBasalOrLongAct >= 0.000 | bmi >= 19.939) -> Triglyc >= 20.030) | BGTestAvgNumPtRep >= 19.920)
",-9999999.000,-9999999.000,0.000,0.000,1.000,0,0,0,1,1,0,0,1,0.0,0,0,0.0,0.0,1.0
"F[0,2](((GFR <= 0.000 -> Triglyc >= 57.927) & HbA1c >= 66.655) | TSH <= 80.144)
",-9999999.000,-9999999.000,0.000,0.000,1.000,0,0,0,1,1,0,0,1,0.0,0,0,0.0,0.0,1.0
"((Pt_InsGov <= 1.000) U[0,2] (TotChol >= 42.284))
",-9999999.000,-9999999.000,0.000,0.000,1.000,0,0,0,1,1,0,0,1,0.0,0,0,0.0,0.0,1.0
"((bmiZscore >= 0.587) U[0,0] (HbA1cImputeDtMnC <= 8.306))
",8.306,8.306,0.000,0.000,1.000,0,0,0,1,1,0,0,1,0.0,0,0,0.0,0.0,1.0
"F[0,2]((Pt_SiblingT1D <= 0.000 | GFR <= 0.000) & diabDur >= 0.000)
",-9999999.000,-9999999.000,0.000,0.000,1.000,0,0,0,1,1,0,0,1,0.0,0,0,0.0,0.0,1.0
"F[0,2](BldPrDia <= 53.952 | NumPumpBolusOrShortAct >= 0.000)
",-9999999.000,-9999999.000,0.000,0.000,1.000,0,0,0,1,1,0,0,1,0.0,0,0,0.0,0.0,1.0
"((UnitsInsBasalOrLongAct <= 0.000) U[0,2] (SMBGperDayPtMeterCombo <= 4.000))
",-9999999.000,-9999999.000,0.000,0.000,1.000,0,0,0,1,1,0,0,1,0.0,0,0,0.0,0.0,1.0
"((SMBGperDayPtMeterCombo <= 4.000) U[1,1] (GFR <= 0.000))
",4.000,4.000,0.000,0.000,1.000,0,0,0,1,1,0,0,1,0.0,0,0,0.0,0.0,1.0
"((Pt_FatherT1D <= 0.000) U[0,2] (TotChol >= 10.308))
",-9999999.000,-9999999.000,0.000,0.000,1.000,0,0,0,1,1,0,0,1,0.0,0,0,0.0,0.0,1.0
"F[2,2](GFR <= 0.000 | AutonomicNeuroCl <= 0.000)
",0.000,0.000,0.000,0.000,1.000,0,0,0,1,1,0,0,1,0.0,0,0,0.0,0.0,1.0
"F[0,1](((Triglyc <= 86.379 | diagAgeCombo <= 3.000) | Pt_SHFlg >= 3.000) -> Pt_GrandchildT1D <= 3.000)
",-9999999.000,-9999999.000,0.000,0.000,1.000,0,0,0,1,1,0,0,1,0.0,0,0,0.0,0.0,1.0
"F[1,1](Pt_InsGov <= 1.000 | NumPumpBolusOrShortAct <= 0.000)
",1.000,1.000,0.000,0.000,1.000,0,0,0,1,1,0,0,1,0.0,0,0,0.0,0.0,1.0
"F[0,2](BldPrDia >= 50.023 & diabDur <= 9.671)
",-9999999.000,-9999999.000,0.000,0.000,1.000,0,0,0,1,1,0,0,1,0.0,0,0,0.0,0.0,1.0
"F[1,1](((age >= 13.000 | TotChol >= 18.700) & AlbCreatRat_mggNew <= 67.896) -> Pt_A1cGoalLevelDsYr5 <= 74.032)
",-74.032,-74.032,0.000,0.000,1.000,0,0,0,1,1,0,0,1,0.0,0,0,0.0,0.0,1.0
"F[1,2](((TotChol >= 38.464 | Pt_GrandchildT1D <= 0.000) -> diabDur <= 0.000) | Pt_InsGov >= 0.000)
",-9999999.000,-9999999.000,0.000,0.000,1.000,0,0,0,1,1,0,0,1,0.0,0,0,0.0,0.0,1.0
"F[1,2](UnitsInsBasalOrLongAct <= 0.000 | AutonomicNeuroCl <= 0.000)
",-9999999.000,-9999999.000,0.000,0.000,1.000,0,0,0,1,1,0,0,1,0.0,0,0,0.0,0.0,1.0
"F[1,2](((Pt_SiblingT1D <= 0.000 & UnitsInsBasalOrLongAct >= 0.000) | BGTestAvgNumMeter >= 0.000) -> LDL <= 0.000)
",-9999999.000,-9999999.000,0.000,0.000,1.000,0,0,0,1,1,0,0,1,0.0,0,0,0.0,0.0,1.0
"F[0,1](((LDL <= 47.915 & Pt_A1cGoalLevelDsYr5 <= 0.000) -> HbA1c <= 0.000) | BldPrDia <= 0.000)
",-9999999.000,-9999999.000,0.000,0.000,1.000,0,0,0,1,1,0,0,1,0.0,0,0,0.0,0.0,1.0
"F[1,2](((BGTestAvgNumMeter >= 0.000 -> Pt_GrandparentT1D <= 0.000) & AlbCreatRat_mggNew >= 0.000) & HbA1c >= 0.000)
",-9999999.000,-9999999.000,0.000,0.000,1.000,0,0,0,1,1,0,0,1,0.0,0,0,0.0,0.0,1.0
"F[0,2]((SMBGperDayPtMeterCombo >= 4.000 & GFR <= 0.000) & HbA1c <= 0.000)
",-9999999.000,-9999999.000,0.000,0.000,1.000,0,0,0,1,1,0,0,1,0.0,0,0,0.0,0.0,1.0
"F[1,2](((TSH >= 0.000 -> HbA1cImputeDtMnC <= 9.466) & GFR <= 10.449) | WeightKg >= 4.092)
",-9999999.000,-9999999.000,0.000,0.000,1.000,0,0,0,1,1,0,0,1,0.0,0,0,0.0,0.0,1.0
"F[0,2](DirectLDL >= 0.000 & NumPumpBolusOrShortAct >= 0.000)
",-9999999.000,-9999999.000,0.000,0.000,1.000,0,0,0,1,1,0,0,1,0.0,0,0,0.0,0.0,1.0
"F[0,1](((NumPumpBolusOrShortAct >= 0.000 -> age >= 13.000) | TotalDailyInsPerKg <= 13.000) -> Pt_ChildT1D <= 13.000)
",-9999999.000,-9999999.000,0.000,0.000,1.000,0,0,0,1,1,0,0,1,0.0,0,0,0.0,0.0,1.0
"((HbA1cImputeDtMnC <= 8.131) U[0,1] (HDL >= 46.727))
",-9999999.000,-9999999.000,0.000,0.000,1.000,0,0,0,1,1,0,0,1,0.0,0,0,0.0,0.0,1.0
"F[2,2](BGTestAvgNumPtRep <= 4.000 -> bmiZscore >= 0.620)
",-4.000,-4.000,0.000,0.000,1.000,0,0,0,1,1,0,0,1,0.0,0,0,0.0,0.0,1.0
"F[0,2]((GFR <= 0.000 -> WeightKg <= 57.235) -> bmiPerc <= 55.218)
",-9999999.000,-9999999.000,0.000,0.000,1.000,0,0,0,1,1,0,0,1,0.0,0,0,0.0,0.0,1.0
"F[1,1](Triglyc <= 82.568 -> HeightCm >= 159.938)
",-82.568,-82.568,0.000,0.000,1.000,0,0,0,1,1,0,0,1,0.0,0,0,0.0,0.0,1.0
"((LDL >= 32.577) U[1,1] (HeightCm >= 162.054))
",-32.577,-32.577,0.000,0.000,1.000,0,0,0,1,1,0,0,1,0.0,0,0,0.0,0.0,1.0
"F[1,2](((Pt_InsGov >= 1.000 | HbA1c >= 11.426) & AlbCreatRat_mggNew >= 10.630) & WeightKg >= 11.978)
",-9999999.000,-9999999.000,0.000,0.000,1.000,0,0,0,1,1,0,0,1,0.0,0,0,0.0,0.0,1.0
"((BldPrSys >= 120.000) U[0,1] (LDL >= 42.605))
",-9999999.000,-9999999.000,0.000,0.000,1.000,0,0,0,1,1,0,0,1,0.0,0,0,0.0,0.0,1.0
"F[0,2](AlbCreatRat_mggNew >= 0.174 -> BldPrDia >= 50.541)
",-9999999.000,-9999999.000,0.000,0.000,1.000,0,0,0,1,1,0,0,1,0.0,0,0,0.0,0.0,1.0
"((AlbCreatRat_mggNew <= 0.636) U[0,1] (BldPrSys >= 120.000))
",-9999999.000,-9999999.000,0.000,0.000,1.000,0,0,0,1,1,0,0,1,0.0,0,0,0.0,0.0,1.0
"F[1,2](bmi >= 19.895 | BUN >= 14.305)
",-9999999.000,-9999999.000,0.000,0.000,1.000,0,0,0,1,1,0,0,1,0.0,0,0,0.0,0.0,1.0
"((UnitsInsBasalOrLongAct >= 0.000) U[0,1] (BGTestAvgNumPtRep <= 4.000))
",-9999999.000,-9999999.000,0.000,0.000,1.000,0,0,0,1,1,0,0,1,0.0,0,0,0.0,0.0,1.0
"F[1,2]((WeightKg >= 52.194 -> Pt_SHFlg <= 0.000) & HbA1c <= 0.000)
",-9999999.000,-9999999.000,0.000,0.000,1.000,0,0,0,1,1,0,0,1,0.0,0,0,0.0,0.0,1.0
"F[0,2](HeightCm <= 165.021 -> Pt_FatherT1D >= 0.000)
",-9999999.000,-9999999.000,0.000,0.000,1.000,0,0,0,1,1,0,0,1,0.0,0,0,0.0,0.0,1.0
"F[1,2](HbA1c <= 12.802 -> diabDur >= 9.197)
",-9999999.000,-9999999.000,0.000,0.000,1.000,0,0,0,1,1,0,0,1,0.0,0,0,0.0,0.0,1.0
"F[1,2](SMBGperDayPtMeterCombo <= 4.000 -> HbA1c <= 12.216)
",-9999999.000,-9999999.000,0.000,0.000,1.000,0,0,0,1,1,0,0,1,0.0,0,0,0.0,0.0,1.0
"F[0,2]((TotChol >= 52.991 & Pt_ChildT1D >= 0.000) | TotChol >= 0.000)
",-9999999.000,-9999999.000,0.000,0.000,1.000,0,0,0,1,1,0,0,1,0.0,0,0,0.0,0.0,1.0
"F[1,2](TotalDailyInsPerKg <= 0.874 -> GFR >= 0.000)
",-9999999.000,-9999999.000,0.000,0.000,1.000,0,0,0,1,1,0,0,1,0.0,0,0,0.0,0.0,1.0
"((Pt_GrandchildT1D <= 0.000) U[0,2] (Pt_SHFlg <= 0.000))
",-9999999.000,-9999999.000,0.000,0.000,1.000,0,0,0,1,1,0,0,1,0.0,0,0,0.0,0.0,1.0
"((bmiPerc <= 0.780) U[0,2] (WeightKg >= 54.232))
",-9999999.000,-9999999.000,0.000,0.000,1.000,0,0,0,1,1,0,0,1,0.0,0,0,0.0,0.0,1.0
"F[0,1](((bmi >= 19.944 & TotalDailyInsPerKg >= 0.675) -> diabDur <= 0.771) -> DirectLDL <= 0.863)
",-9999999.000,-9999999.000,0.000,0.000,1.000,0,0,0,1,1,0,0,1,0.0,0,0,0.0,0.0,1.0
"F[1,1](((BGTestAvgNumPtRep >= 4.000 & Pt_A1cGoalLevelDsYr5 <= 0.000) & AutonomicNeuroCl <= 0.000) -> AutonomicNeuroCl >= 0.000)
",0.000,0.000,0.000,0.000,1.000,0,0,0,1,1,0,0,1,0.0,0,0,0.0,0.0,1.0
"F[0,0](Pt_MotherT1D >= 0.000 -> Pt_CGMUseNumDays >= 0.000)
",-8130.000,-8130.000,0.000,0.000,1.000,0,0,0,1,1,0,0,1,0.0,0,0,0.0,0.0,1.0
"F[1,2]((AlbCreatRat_mggNew <= 0.736 -> TSH <= 0.000) & UnitsInsBasalOrLongAct >= 0.000)
",-9999999.000,-9999999.000,0.000,0.000,1.000,0,0,0,1,1,0,0,1,0.0,0,0,0.0,0.0,1.0
"F[2,2]((bmiZscore >= 0.641 | TSH <= 0.000) | BUN <= 0.000)
",0.000,0.000,0.000,0.000,1.000,0,0,0,1,1,0,0,1,0.0,0,0,0.0,0.0,1.0
"F[1,1](Pt_GrandchildT1D <= 0.000 -> BGTestAvgNumMeter >= 0.000)
",0.000,0.000,0.000,0.000,1.000,0,0,0,1,1,0,0,1,0.0,0,0,0.0,0.0,1.0
"((Pt_SHFlg >= 0.000) U[0,1] (DirectLDL <= 0.000))
",-9999999.000,-9999999.000,0.000,0.000,1.000,0,0,0,1,1,0,0,1,0.0,0,0,0.0,0.0,1.0
"F[2,2](((LDL <= 53.832 | TSH <= 0.000) -> BldPrDia <= 0.000) -> TotChol <= 0.000)
",0.000,0.000,0.000,0.000,1.000,0,0,0,1,1,0,0,1,0.0,0,0,0.0,0.0,1.0
"F[1,2](Pt_DKAFlg <= 0.000 | BldPrDia >= 50.901)
",-9999999.000,-9999999.000,0.000,0.000,1.000,0,0,0,1,1,0,0,1,0.0,0,0,0.0,0.0,1.0
"F[0,1]((diabDur <= 9.555 & HbA1c >= 10.881) -> Pt_GrandchildT1D >= 11.029)
",-9999999.000,-9999999.000,0.000,0.000,1.000,0,0,0,1,1,0,0,1,0.0,0,0,0.0,0.0,1.0
"F[0,2](((Pt_MotherT1D <= 0.000 | diabDur <= 9.812) & LDL >= 9.379) & bmi <= 9.862)
",-9999999.000,-9999999.000,0.000,0.000,1.000,0,0,0,1,1,0,0,1,0.0,0,0,0.0,0.0,1.0
"F[2,2](BGTestAvgNumPtRep >= 4.000 -> WeightKg <= 55.182)
",-55.182,-55.182,0.000,0.000,1.000,0,0,0,1,1,0,0,1,0.0,0,0,0.0,0.0,1.0
"((BldPrDia <= 52.245) U[2,2] (Pt_GrandparentT1D <= 0.000))
",52.245,52.245,0.000,0.000,1.000,0,0,0,1,1,0,0,1,0.0,0,0,0.0,0.0,1.0
"((Pt_FatherT1D >= 0.000) U[0,2] (BldPrDia >= 51.835))
",-9999999.000,-9999999.000,0.000,0.000,1.000,0,0,0,1,1,0,0,1,0.0,0,0,0.0,0.0,1.0
"F[2,2]((Pt_GrandparentT1D >= 0.000 -> diagAgeCombo >= 3.000) | TotChol <= 3.000)
",3.000,3.000,0.000,0.000,1.000,0,0,0,1,1,0,0,1,0.0,0,0,0.0,0.0,1.0
"F[2,2]((age <= 13.000 -> UnitsInsBasalOrLongAct <= 0.000) -> NumPumpBolusOrShortAct >= 0.000)
",0.000,0.000,0.000,0.000,1.000,0,0,0,1,1,0,0,1,0.0,0,0,0.0,0.0,1.0
"((DirectLDL <= 0.000) U[0,1] (age <= 13.000))
",-9999999.000,-9999999.000,0.000,0.000,1.000,0,0,0,1,1,0,0,1,0.0,0,0,0.0,0.0,1.0
"((Pt_A1cGoalLev <= 3.698) U[0,0] (Pt_SiblingT1D >= 0.000))
",0.698,0.698,0.000,0.000,1.000,0,0,0,1,1,0,0,1,0.0,0,0,0.0,0.0,1.0
"((HeightCm <= 166.924) U[0,2] (Pt_A1cGoalLev <= 3.863))
",-9999999.000,-9999999.000,0.000,0.000,1.000,0,0,0,1,1,0,0,1,0.0,0,0,0.0,0.0,1.0
"F[2,2](Pt_SHFlg >= 0.000 | SMBGperDayPtMeterCombo <= 4.000)
",4.000,4.000,0.000,0.000,1.000,0,0,0,1,1,0,0,1,0.0,0,0,0.0,0.0,1.0
"F[0,2](((Pt_A1cGoalLevelDsYr5 <= 0.000 -> SMBGperDayPtMeterCombo <= 4.000) | Pt_GrandchildT1D >= 4.000) & WeightKg <= 4.000)
",-9999999.000,-9999999.000,0.000,0.000,1.000,0,0,0,1,1,0,0,1,0.0,0,0,0.0,0.0,1.0
"F[0,2]((AutonomicNeuroCl <= 0.000 -> diagAgeCombo >= 3.000) -> BldPrDia >= 3.000)
",-9999999.000,-9999999.000,0.000,0.000,1.000,0,0,0,1,1,0,0,1,0.0,0,0,0.0,0.0,1.0
"F[2,2]((WeightKg >= 51.705 | DirectLDL <= 0.000) -> TotChol >= 0.000)
",0.000,0.000,0.000,0.000,1.000,0,0,0,1,1,0,0,1,0.0,0,0,0.0,0.0,1.0
"F[0,0](((Pt_MotherT1D >= 0.000 & TotChol >= 18.666) -> HeightCm <= 80.527) -> Pt_GrandchildT1D <= 100.896)
",-100.896,-100.896,0.000,0.000,1.000,0,0,0,1,1,0,0,1,0.0,0,0,0.0,0.0,1.0
"F[0,2]((Pt_SHFlg <= 0.000 -> Pt_A1cGoalLevelDsYr5 <= 0.000) -> age >= 0.000)
",-9999999.000,-9999999.000,0.000,0.000,1.000,0,0,0,1,1,0,0,1,0.0,0,0,0.0,0.0,1.0
"F[1,2]((Pt_A1cGoalLevelDsYr5 >= 0.000 -> Pt_DKAFlg <= 0.000) -> BldPrSys <= 0.000)
",-9999999.000,-9999999.000,0.000,0.000,1.000,0,0,0,1,1,0,0,1,0.0,0,0,0.0,0.0,1.0
"F[2,2](TSH <= 0.000 & TSH <= 0.000)
",0.000,0.000,0.000,0.000,1.000,0,0,0,1,1,0,0,1,0.0,0,0,0.0,0.0,1.0
"F[2,2](((WeightKg <= 56.450 & bmiPerc >= 0.711) | Pt_GrandchildT1D <= 0.754) -> BUN >= 0.722)
",-0.754,-0.754,0.000,0.000,1.000,0,0,0,1,1,0,0,1,0.0,0,0,0.0,0.0,1.0
"F[1,2](bmiPerc >= 0.695 | diabDur >= 9.346)
",-9999999.000,-9999999.000,0.000,0.000,1.000,0,0,0,1,1,0,0,1,0.0,0,0,0.0,0.0,1.0
"F[1,2]((BGTestAvgNumPtRep >= 4.000 & Pt_GrandchildT1D >= 0.000) & TotalDailyInsPerKg <= 0.000)
",-9999999.000,-9999999.000,0.000,0.000,1.000,0,0,0,1,1,0,0,1,0.0,0,0,0.0,0.0,1.0
"F[0,2](((LDL >= 44.214 -> TotChol <= 68.856) | TotalDailyInsPerKg <= 90.598) & Pt_SHFlg <= 106.006)
",-9999999.000,-9999999.000,0.000,0.000,1.000,0,0,0,1,1,0,0,1,0.0,0,0,0.0,0.0,1.0
"F[1,2](((Pt_SiblingT1D <= 0.000 & bmiPerc <= 0.752) -> LDL <= 0.759) -> Pt_FatherT1D >= 0.715)
",-9999999.000,-9999999.000,0.000,0.000,1.000,0,0,0,1,1,0,0,1,0.0,0,0,0.0,0.0,1.0
"F[1,2]((GFR >= 0.000 | Pt_MotherT1D >= 0.000) & BldPrDia <= 0.000)
",-9999999.000,-9999999.000,0.000,0.000,1.000,0,0,0,1,1,0,0,1,0.0,0,0,0.0,0.0,1.0
"F[0,0]((LDL >= 35.282 | Pt_DKAFlg >= 0.000) -> UnitsInsBasalOrLongAct <= 0.000)
",0.000,0.000,0.000,0.000,1.000,0,0,0,1,1,0,0,1,0.0,0,0,0.0,0.0,1.0
"F[0,2]((HbA1c <= 12.806 & Pt_GrandparentT1D >= 0.000) & GFR <= 0.000)
",-9999999.000,-9999999.000,0.000,0.000,1.000,0,0,0,1,1,0,0,1,0.0,0,0,0.0,0.0,1.0
"((Triglyc <= 78.533) U[0,2] (AlbCreatRat_mggNew >= 0.211))
",-9999999.000,-9999999.000,0.000,0.000,1.000,0,0,0,1,1,0,0,1,0.0,0,0,0.0,0.0,1.0
"F[1,2]((HeightCm >= 160.599 -> Pt_GrandchildT1D >= 0.000) -> diabDur <= 0.000)
",-9999999.000,-9999999.000,0.000,0.000,1.000,0,0,0,1,1,0,0,1,0.0,0,0,0.0,0.0,1.0
"F[2,2]((Pt_A1cGoalLev <= 5.206 | Pt_ChildT1D <= 0.000) & TSH >= 0.000)
",0.000,0.000,0.000,0.000,1.000,0,0,0,1,1,0,0,1,0.0,0,0,0.0,0.0,1.0
"F[0,2]((Pt_InsGov >= 1.000 | AutonomicNeuroCl >= 0.000) | LDL >= 0.000)
",-9999999.000,-9999999.000,0.000,0.000,1.000,0,0,0,1,1,0,0,1,0.0,0,0,0.0,0.0,1.0
"F[0,2](((AlbCreatRat_mggNew <= 0.800 | HbA1c <= 12.842) | HeightCm <= 12.287) | Pt_InsGov <= 13.277)
",-9999999.000,-9999999.000,0.000,0.000,1.000,0,0,0,1,1,0,0,1,0.0,0,0,0.0,0.0,1.0
"F[1,1]((NumPumpBolusOrShortAct <= 0.000 & Pt_SiblingT1D <= 0.000) | HDL <= 0.000)
",0.000,0.000,0.000,0.000,1.000,0,0,0,1,1,0,0,1,0.0,0,0,0.0,0.0,1.0
"F[0,1](((BGTestAvgNumPtRep <= 4.000 -> BGTestAvgNumPtRep >= 4.000) | Pt_GrandchildT1D >= 4.000) | Pt_A1cGoalLev <= 4.000)
",-9999999.000,-9999999.000,0.000,0.000,1.000,0,0,0,1,1,0,0,1,0.0,0,0,0.0,0.0,1.0
"((Pt_CGMUseNumDays <= 0.000) U[0,2] (bmiPerc >= 0.697))
",-9999999.000,-9999999.000,0.000,0.000,1.000,0,0,0,1,1,0,0,1,0.0,0,0,0.0,0.0,1.0
"((HDL >= 45.376) U[0,0] (Pt_MotherT1D <= 0.000))
",0.000,0.000,0.000,0.000,1.000,0,0,0,1,1,0,0,1,0.0,0,0,0.0,0.0,1.0
"F[0,1](((DirectLDL >= 0.000 & HeightCm >= 163.406) & Pt_GrandchildT1D >= 160.072) -> BUN <= 166.184)
",-9999999.000,-9999999.000,0.000,0.000,1.000,0,0,0,1,1,0,0,1,0.0,0,0,0.0,0.0,1.0
"F[1,2]((diagAgeCombo >= 3.000 | bmi >= 20.369) -> Triglyc >= 20.293)
",-9999999.000,-9999999.000,0.000,0.000,1.000,0,0,0,1,1,0,0,1,0.0,0,0,0.0,0.0,1.0
"F[1,2](((Pt_FatherT1D >= 0.000 & WeightKg >= 53.876) & BGTestAvgNumPtRep <= 57.001) | BldPrSys <= 56.323)
",-9999999.000,-9999999.000,0.000,0.000,1.000,0,0,0,1,1,0,0,1,0.0,0,0,0.0,0.0,1.0
"F[0,0](((bmi >= 20.355 | NumPumpBolusOrShortAct >= 0.000) | bmiZscore >= 0.000) -> Pt_InsGov >= 0.000)
",-1.000,-1.000,0.000,0.000,1.000,0,0,0,1,1,0,0,1,0.0,0,0,0.0,0.0,1.0
"F[0,2]((NumPumpBolusOrShortAct >= 0.000 -> TotChol >= 16.377) & Triglyc <= 102.344)
",-9999999.000,-9999999.000,0.000,0.000,1.000,0,0,0,1,1,0,0,1,0.0,0,0,0.0,0.0,1.0
"((bmiPerc >= 0.696) U[0,0] (BldPrSys >= 120.000))
",20.205,20.205,0.000,0.000,1.000,0,0,0,1,1,0,0,1,0.0,0,0,0.0,0.0,1.0
"F[0,2](Pt_GrandchildT1D >= 0.000 | Pt_A1cGoalLev >= 2.700)
",-9999999.000,-9999999.000,0.000,0.000,1.000,0,0,0,1,1,0,0,1,0.0,0,0,0.0,0.0,1.0
"((Pt_A1cGoalLevelDsYr5 <= 0.000) U[0,0] (GFR >= 0.000))
",0.809,0.809,0.000,0.000,1.000,0,0,0,1,1,0,0,1,0.0,0,0,0.0,0.0,1.0
"F[1,2](Pt_CGMUseNumDays <= 0.000 | bmi >= 20.139)
",-9999999.000,-9999999.000,0.000,0.000,1.000,0,0,0,1,1,0,0,1,0.0,0,0,0.0,0.0,1.0
"((Pt_InsGov >= 1.000) U[1,1] (HbA1c >= 11.488))
",-1.000,-1.000,0.000,0.000,1.000,0,0,0,1,1,0,0,1,0.0,0,0,0.0,0.0,1.0
"F[0,1](((Pt_MotherT1D >= 0.000 | Pt_FatherT1D <= 0.000) | Pt_ChildT1D <= 0.000) -> Pt_CGMUseNumDays >= 0.000)
",-9999999.000,-9999999.000,0.000,0.000,1.000,0,0,0,1,1,0,0,1,0.0,0,0,0.0,0.0,1.0
"F[1,2]((Pt_A1cGoalLev >= 2.901 & BldPrDia >= 51.855) -> NumPumpBolusOrShortAct <= 53.533)
",-9999999.000,-9999999.000,0.000,0.000,1.000,0,0,0,1,1,0,0,1,0.0,0,0,0.0,0.0,1.0
"((Triglyc <= 84.957) U[2,2] (age <= 13.000))
",84.957,84.957,0.000,0.000,1.000,0,0,0,1,1,0,0,1,0.0,0,0,0.0,0.0,1.0
"F[0,1](((TotChol >= 41.738 & Triglyc <= 91.570) | BldPrSys >= 60.495) | bmi >= 46.312)
",-9999999.000,-9999999.000,0.000,0.000,1.000,0,0,0,1,1,0,0,1,0.0,0,0,0.0,0.0,1.0
"F[1,2]((HeightCm <= 163.806 & WeightKg >= 51.165) -> AlbCreatRat_mggNew <= 55.763)
",-9999999.000,-9999999.000,0.000,0.000,1.000,0,0,0,1,1,0,0,1,0.0,0,0,0.0,0.0,1.0
"((TotalDailyInsPerKg >= 0.742) U[0,2] (TotalDailyInsPerKg <= 0.830))
",-9999999.000,-9999999.000,0.000,0.000,1.000,0,0,0,1,1,0,0,1,0.0,0,0,0.0,0.0,1.0
"F[1,2](((Pt_ChildT1D <= 0.000 -> BGTestAvgNumPtRep <= 4.000) | Pt_GrandchildT1D >= 4.000) -> Pt_GrandparentT1D >= 4.000)
",-9999999.000,-9999999.000,0.000,0.000,1.000,0,0,0,1,1,0,0,1,0.0,0,0,0.0,0.0,1.0
"F[2,2](((HbA1c >= 11.269 -> bmiPerc >= 0.739) -> Triglyc >= 0.715) | BUN <= 0.766)
",0.766,0.766,0.000,0.000,1.000,0,0,0,1,1,0,0,1,0.0,0,0,0.0,0.0,1.0
"((BUN <= 15.134) U[0,1] (age <= 13.000))
",-9999999.000,-9999999.000,0.000,0.000,1.000,0,0,0,1,1,0,0,1,0.0,0,0,0.0,0.0,1.0
"F[0,2](((Pt_GrandchildT1D >= 0.000 & HeightCm <= 165.336) & TotalDailyInsPerKg >= 162.007) & GFR >= 163.141)
",-9999999.000,-9999999.000,0.000,0.000,1.000,0,0,0,1,1,0,0,1,0.0,0,0,0.0,0.0,1.0
"F[0,1]((HbA1cImputeDtMnC >= 4.639 -> Pt_A1cGoalLev <= 6.897) -> LDL <= 4.383)
",-9999999.000,-9999999.000,0.000,0.000,1.000,0,0,0,1,1,0,0,1,0.0,0,0,0.0,0.0,1.0
"F[1,2](NumPumpBolusOrShortAct <= 0.000 | Pt_GrandparentT1D <= 0.000)
",-9999999.000,-9999999.000,0.000,0.000,1.000,0,0,0,1,1,0,0,1,0.0,0,0,0.0,0.0,1.0
"F[0,2]((diagAgeCombo <= 3.000 -> TotChol <= 100.492) | Pt_MotherT1D >= 34.450)
",-9999999.000,-9999999.000,0.000,0.000,1.000,0,0,0,1,1,0,0,1,0.0,0,0,0.0,0.0,1.0
"F[2,2]((WeightKg <= 56.509 -> Pt_InsGov <= 1.000) & Pt_A1cGoalLev <= 1.000)
",-56.509,-56.509,0.000,0.000,1.000,0,0,0,1,1,0,0,1,0.0,0,0,0.0,0.0,1.0
"((TSH >= 0.000) U[0,2] (BldPrDia >= 50.795))
",-9999999.000,-9999999.000,0.000,0.000,1.000,0,0,0,1,1,0,0,1,0.0,0,0,0.0,0.0,1.0
"((GFR <= 0.000) U[0,1] (Pt_SHFlg >= 0.000))
",-9999999.000,-9999999.000,0.000,0.000,1.000,0,0,0,1,1,0,0,1,0.0,0,0,0.0,0.0,1.0
"((Pt_MotherT1D <= 0.000) U[0,1] (BGTestAvgNumPtRep <= 4.000))
",-9999999.000,-9999999.000,0.000,0.000,1.000,0,0,0,1,1,0,0,1,0.0,0,0,0.0,0.0,1.0
"F[1,1]((Pt_CGMUseNumDays <= 0.000 | Pt_CGMUseNumDays <= 0.000) -> Pt_MotherT1D >= 0.000)
",0.000,0.000,0.000,0.000,1.000,0,0,0,1,1,0,0,1,0.0,0,0,0.0,0.0,1.0
"((bmi >= 20.351) U[0,0] (HbA1c <= 12.636))
",12.636,12.636,0.000,0.000,1.000,0,0,0,1,1,0,0,1,0.0,0,0,0.0,0.0,1.0
"F[0,2](AlbCreatRat_mggNew <= 0.758 | Pt_A1cGoalLevelDsYr5 <= 0.000)
",-9999999.000,-9999999.000,0.000,0.000,1.000,0,0,0,1,1,0,0,1,0.0,0,0,0.0,0.0,1.0
"((LDL > 43.041) U[1,2] (Pt_SHFlg = 0.000))
",-9999999.000,-9999999.000,0.000,0.000,1.000,0,0,0,1,1,0,0,1,0.0,0,0,0.0,0.0,1.0
"F[1,2](bmiPerc >= 0.724 & Pt_SHFlg = 0.000)
",-9999999.000,-9999999.000,0.000,0.000,1.000,0,0,0,1,1,0,0,1,0.0,0,0,0.0,0.0,1.0
"F[0,2](Pt_ChildT1D >= 0.000 & Pt_SHFlg = 0.000)
",-9999999.000,-9999999.000,0.000,0.000,1.000,0,0,0,1,1,0,0,1,0.0,0,0,0.0,0.0,1.0
"F[2,2](NumPumpBolusOrShortAct < 0.000 & Pt_SHFlg = 0.000)
",0.000,0.000,0.000,0.000,1.000,0,0,0,1,1,0,0,1,0.0,0,0,0.0,0.0,1.0
"F[1,1](BGTestAvgNumPtRep >= 4.000 -> Pt_SHFlg = 0.000)
",0.000,0.000,0.000,0.000,1.000,0,0,0,1,1,0,0,1,0.0,0,0,0.0,0.0,1.0
"((NumPumpBolusOrShortAct >= 0.000) U[1,2] (Pt_SHFlg = 0.000))
",-9999999.000,-9999999.000,0.000,0.000,1.000,0,0,0,1,1,0,0,1,0.0,0,0,0.0,0.0,1.0
"((AutonomicNeuroCl >= 0.000) U[0,0] (Pt_SHFlg = 0.000))
",13.500,13.500,0.000,0.000,1.000,0,0,0,1,1,0,0,1,0.0,0,0,0.0,0.0,1.0
"F[1,1](((BldPrSys >= 120.000 -> Pt_FatherT1D >= 0.000) & BUN >= 0.000) -> TotChol <= 0.000)
",0.000,0.000,0.000,0.000,1.000,0,0,0,1,1,0,0,1,0.0,0,0,0.0,0.0,1.0
"((Pt_CGMUseNumDays >= 0.000) U[1,2] (TSH <= 0.000))
",-9999999.000,-9999999.000,0.000,0.000,1.000,0,0,0,1,1,0,0,1,0.0,0,0,0.0,0.0,1.0
"F[2,2](diagAgeCombo <= 3.000 & Pt_SHFlg = 0.000)
",0.000,0.000,0.000,0.000,1.000,0,0,0,1,1,0,0,1,0.0,0,0,0.0,0.0,1.0
"F[0,2](((Pt_MotherT1D >= 0.000 | TotalDailyInsPerKg >= 0.707) & HbA1cImputeDtMnC <= 0.856) | bmiZscore <= 0.795)
",-9999999.000,-9999999.000,0.000,0.000,1.000,0,0,0,1,1,0,0,1,0.0,0,0,0.0,0.0,1.0
"F[1,2](((WeightKg >= 54.135 | SMBGperDayPtMeterCombo <= 4.000) & TSH >= 4.000) | HbA1c <= 4.000)
",-9999999.000,-9999999.000,0.000,0.000,1.000,0,0,0,1,1,0,0,1,0.0,0,0,0.0,0.0,1.0
"F[1,2](diagAgeCombo <= 3.000 | AutonomicNeuroCl >= 0.000)
",-9999999.000,-9999999.000,0.000,0.000,1.000,0,0,0,1,1,0,0,1,0.0,0,0,0.0,0.0,1.0
"F[0,1](((TSH <= 0.000 & bmi >= 19.920) & TSH <= 20.666) | diagAgeCombo <= 20.702)
",-9999999.000,-9999999.000,0.000,0.000,1.000,0,0,0,1,1,0,0,1,0.0,0,0,0.0,0.0,1.0
"F[2,2](((BldPrDia <= 53.032 -> BUN >= 14.820) | UnitsInsBasalOrLongAct <= 15.387) & BldPrDia >= 14.269)
",-14.269,-14.269,0.000,0.000,1.000,0,0,0,1,1,0,0,1,0.0,0,0,0.0,0.0,1.0
"F[1,2](Pt_A1cGoalLev >= 1.191 | Pt_DKAFlg <= 0.000)
",-9999999.000,-9999999.000,0.000,0.000,1.000,0,0,0,1,1,0,0,1,0.0,0,0,0.0,0.0,1.0
"F[0,1](((Pt_InsGov >= 1.000 -> WeightKg <= 57.523) | NumPumpBolusOrShortAct >= 53.569) & bmiZscore <= 58.006)
",-9999999.000,-9999999.000,0.000,0.000,1.000,0,0,0,1,1,0,0,1,0.0,0,0,0.0,0.0,1.0
"F[2,2](((BGTestAvgNumMeter <= 0.000 & AlbCreatRat_mggNew >= 0.409) | GFR >= 0.334) | Pt_A1cGoalLevelDsYr5 >= 0.342)
",-0.334,-0.334,0.000,0.000,1.000,0,0,0,1,1,0,0,1,0.0,0,0,0.0,0.0,1.0
"F[1,2]((BGTestAvgNumPtRep >= 4.000 -> bmiPerc <= 0.749) & LDL <= 0.768)
",-9999999.000,-9999999.000,0.000,0.000,1.000,0,0,0,1,1,0,0,1,0.0,0,0,0.0,0.0,1.0
"F[2,2](((BldPrSys >= 120.000 & BUN <= 15.211) | WeightKg >= 14.826) | NumPumpBolusOrShortAct <= 15.654)
",15.654,15.654,0.000,0.000,1.000,0,0,0,1,1,0,0,1,0.0,0,0,0.0,0.0,1.0
"F[0,1]((bmi <= 20.637 | LDL >= 33.360) & AutonomicNeuroCl <= 49.457)
",-9999999.000,-9999999.000,0.000,0.000,1.000,0,0,0,1,1,0,0,1,0.0,0,0,0.0,0.0,1.0
"((LDL <= 45.192) U[0,2] (TSH <= 0.000))
",-9999999.000,-9999999.000,0.000,0.000,1.000,0,0,0,1,1,0,0,1,0.0,0,0,0.0,0.0,1.0
"((UnitsInsBasalOrLongAct >= 0.000) U[0,2] (Triglyc >= 51.368))
",-9999999.000,-9999999.000,0.000,0.000,1.000,0,0,0,1,1,0,0,1,0.0,0,0,0.0,0.0,1.0
"F[0,0](((Triglyc >= 44.985 | diagAgeCombo <= 3.000) | Pt_GrandparentT1D >= 3.000) | NumPumpBolusOrShortAct <= 3.000)
",3.000,3.000,0.000,0.000,1.000,0,0,0,1,1,0,0,1,0.0,0,0,0.0,0.0,1.0
"F[2,2]((bmiZscore >= 0.647 -> BGTestAvgNumMeter >= 0.000) & NumPumpBolusOrShortAct >= 0.000)
",0.000,0.000,0.000,0.000,1.000,0,0,0,1,1,0,0,1,0.0,0,0,0.0,0.0,1.0
"F[2,2](DirectLDL >= 0.000 & UnitsInsBasalOrLongAct <= 0.000)
",0.000,0.000,0.000,0.000,1.000,0,0,0,1,1,0,0,1,0.0,0,0,0.0,0.0,1.0
"((NumPumpBolusOrShortAct <= 0.000) U[0,0] (age <= 13.000))
",13.000,13.000,0.000,0.000,1.000,0,0,0,1,1,0,0,1,0.0,0,0,0.0,0.0,1.0
"F[0,2](BGTestAvgNumMeter <= 0.000 -> Pt_SHFlg = 0.000)
",-9999999.000,-9999999.000,0.000,0.000,1.000,0,0,0,1,1,0,0,1,0.0,0,0,0.0,0.0,1.0
"F[0,2](HDL <= 47.834 -> Pt_SHFlg = 0.000)
",-9999999.000,-9999999.000,0.000,0.000,1.000,0,0,0,1,1,0,0,1,0.0,0,0,0.0,0.0,1.0
"F[2,2](GFR <= 0.000 | bmi >= 20.257)
",0.000,0.000,0.000,0.000,1.000,0,0,0,1,1,0,0,1,0.0,0,0,0.0,0.0,1.0
"F[1,2](HbA1c >= 11.550 -> Pt_A1cGoalLevelDsYr5 = 0.000)
",-9999999.000,-9999999.000,0.000,0.000,1.000,0,0,0,1,1,0,0,1,0.0,0,0,0.0,0.0,1.0
"((BGTestAvgNumMeter >= 0.000) U[0,2] (BGTestAvgNumPtRep <= 4.000))
",-9999999.000,-9999999.000,0.000,0.000,1.000,0,0,0,1,1,0,0,1,0.0,0,0,0.0,0.0,1.0
"F[0,2](HbA1c >= 11.241 -> Pt_A1cGoalLevelDsYr5 = 0.000)
",-9999999.000,-9999999.000,0.000,0.000,1.000,0,0,0,1,1,0,0,1,0.0,0,0,0.0,0.0,1.0
"((BGTestAvgNumMeter >= 0.000) U[2,2] (BGTestAvgNumPtRep <= 4.000))
",4.000,4.000,0.000,0.000,1.000,0,0,0,1,1,0,0,1,0.0,0,0,0.0,0.0,1.0
"F[0,1](HbA1c >= 11.065 -> Pt_A1cGoalLevelDsYr5 = 0.000)
",-9999999.000,-9999999.000,0.000,0.000,1.000,0,0,0,1,1,0,0,1,0.0,0,0,0.0,0.0,1.0
"((BGTestAvgNumMeter >= 0.000) U[0,1] (BGTestAvgNumPtRep <= 4.000))
",-9999999.000,-9999999.000,0.000,0.000,1.000,0,0,0,1,1,0,0,1,0.0,0,0,0.0,0.0,1.0
"F[1,1](HbA1c >= 10.778 -> Pt_A1cGoalLevelDsYr5 = 0.000)
",0.000,0.000,0.000,0.000,1.000,0,0,0,1,1,0,0,1,0.0,0,0,0.0,0.0,1.0
"((BGTestAvgNumMeter >= 0.000) U[0,1] (BGTestAvgNumPtRep <= 4.000))
",-9999999.000,-9999999.000,0.000,0.000,1.000,0,0,0,1,1,0,0,1,0.0,0,0,0.0,0.0,1.0
"((BGTestAvgNumMeter >= 0.000) U[0,2] (BGTestAvgNumPtRep <= 4.000))
",-9999999.000,-9999999.000,0.000,0.000,1.000,0,0,0,1,1,0,0,1,0.0,0,0,0.0,0.0,1.0
"((BGTestAvgNumMeter >= 0.000) U[0,1] (BGTestAvgNumPtRep <= 4.000))
",-9999999.000,-9999999.000,0.000,0.000,1.000,0,0,0,1,1,0,0,1,0.0,0,0,0.0,0.0,1.0
"F[0,2](HbA1c >= 11.856 -> Pt_A1cGoalLevelDsYr5 = 0.000)
",-9999999.000,-9999999.000,0.000,0.000,1.000,0,0,0,1,1,0,0,1,0.0,0,0,0.0,0.0,1.0
"((BGTestAvgNumMeter >= 0.000) U[0,1] (BGTestAvgNumPtRep <= 4.000))
",-9999999.000,-9999999.000,0.000,0.000,1.000,0,0,0,1,1,0,0,1,0.0,0,0,0.0,0.0,1.0
"F[0,1](HbA1c >= 11.618 -> Pt_A1cGoalLevelDsYr5 = 0.000)
",-9999999.000,-9999999.000,0.000,0.000,1.000,0,0,0,1,1,0,0,1,0.0,0,0,0.0,0.0,1.0
"((BGTestAvgNumMeter >= 0.000) U[0,2] (BGTestAvgNumPtRep <= 4.000))
",-9999999.000,-9999999.000,0.000,0.000,1.000,0,0,0,1,1,0,0,1,0.0,0,0,0.0,0.0,1.0
"F[0,2](HbA1c >= 11.234 -> Pt_A1cGoalLevelDsYr5 = 0.000)
",-9999999.000,-9999999.000,0.000,0.000,1.000,0,0,0,1,1,0,0,1,0.0,0,0,0.0,0.0,1.0
"((BGTestAvgNumMeter >= 0.000) U[1,2] (BGTestAvgNumPtRep <= 4.000))
",-9999999.000,-9999999.000,0.000,0.000,1.000,0,0,0,1,1,0,0,1,0.0,0,0,0.0,0.0,1.0
"F[0,1](HbA1c >= 11.570 -> Pt_A1cGoalLevelDsYr5 = 0.000)
",-9999999.000,-9999999.000,0.000,0.000,1.000,0,0,0,1,1,0,0,1,0.0,0,0,0.0,0.0,1.0
"F[0,0](HbA1c >= 11.266 -> Pt_A1cGoalLevelDsYr5 = 0.000)
",7.000,7.000,0.000,0.000,1.000,0,0,0,1,1,0,0,1,0.0,0,0,0.0,0.0,1.0
"((BGTestAvgNumMeter < 0.000) U[0,1] (Pt_SHFlg = 0.000))
",-9999999.000,-9999999.000,0.000,0.000,1.000,0,0,0,1,1,0,0,1,0.0,0,0,0.0,0.0,1.0
"((Pt_CGMUseNumDays >= 0.000) U[1,2] (Pt_SHFlg = 0.000))
",-9999999.000,-9999999.000,0.000,0.000,1.000,0,0,0,1,1,0,0,1,0.0,0,0,0.0,0.0,1.0
"((Pt_MotherT1D >= 0.000) U[0,1] (Pt_SHFlg = 0.000))
",-9999999.000,-9999999.000,0.000,0.000,1.000,0,0,0,1,1,0,0,1,0.0,0,0,0.0,0.0,1.0
"F[1,2](BldPrDia >= 50.050 & Pt_SHFlg = 0.000)
",-9999999.000,-9999999.000,0.000,0.000,1.000,0,0,0,1,1,0,0,1,0.0,0,0,0.0,0.0,1.0
"F[2,2](DirectLDL > 0.000 -> Pt_SHFlg = 0.000)
",0.000,0.000,0.000,0.000,1.000,0,0,0,1,1,0,0,1,0.0,0,0,0.0,0.0,1.0
"F[1,1](HbA1c > 11.926 & Pt_SHFlg = 0.000)
",-11.926,-11.926,0.000,0.000,1.000,0,0,0,1,1,0,0,1,0.0,0,0,0.0,0.0,1.0
"((NumPumpBolusOrShortAct >= 0.000) U[0,1] (Pt_SHFlg = 0.000))
",-9999999.000,-9999999.000,0.000,0.000,1.000,0,0,0,1,1,0,0,1,0.0,0,0,0.0,0.0,1.0
"((HDL >= 45.033) U[0,2] (Pt_SHFlg = 0.000))
",-9999999.000,-9999999.000,0.000,0.000,1.000,0,0,0,1,1,0,0,1,0.0,0,0,0.0,0.0,1.0
"F[0,1](Pt_DKAFlg > 0.000 -> Pt_SHFlg = 0.000)
",-9999999.000,-9999999.000,0.000,0.000,1.000,0,0,0,1,1,0,0,1,0.0,0,0,0.0,0.0,1.0
"((WeightKg > 51.569) U[0,1] (Pt_SHFlg = 0.000))
",-9999999.000,-9999999.000,0.000,0.000,1.000,0,0,0,1,1,0,0,1,0.0,0,0,0.0,0.0,1.0
"F[0,0](Pt_SHFlg < 0.000 -> Pt_SHFlg = 0.000)
",10.656,10.656,0.000,0.000,1.000,0,0,0,1,1,0,0,1,0.0,0,0,0.0,0.0,1.0
"F[0,0](Pt_A1cGoalLev <= 4.761 & Pt_SHFlg = 0.000)
",-10.656,-10.656,0.000,0.000,1.000,0,0,0,1,1,0,0,1,0.0,0,0,0.0,0.0,1.0
"((WeightKg >= 54.642) U[0,2] (Pt_SHFlg = 0.000))
",-9999999.000,-9999999.000,0.000,0.000,1.000,0,0,0,1,1,0,0,1,0.0,0,0,0.0,0.0,1.0
"F[1,2](Pt_InsGov >= 1.000 -> Pt_SHFlg = 0.000)
",-9999999.000,-9999999.000,0.000,0.000,1.000,0,0,0,1,1,0,0,1,0.0,0,0,0.0,0.0,1.0
"((Pt_DKAFlg < 0.000) U[2,2] (Pt_SHFlg = 0.000))
",0.000,0.000,0.000,0.000,1.000,0,0,0,1,1,0,0,1,0.0,0,0,0.0,0.0,1.0
"((TotChol < 77.763) U[0,2] (Pt_SHFlg = 0.000))
",-9999999.000,-9999999.000,0.000,0.000,1.000,0,0,0,1,1,0,0,1,0.0,0,0,0.0,0.0,1.0
"F[0,1](AutonomicNeuroCl <= 0.000 & Pt_SHFlg = 0.000)
",-9999999.000,-9999999.000,0.000,0.000,1.000,0,0,0,1,1,0,0,1,0.0,0,0,0.0,0.0,1.0
"F[1,2](age <= 13.000 -> Pt_SHFlg = 0.000)
",-9999999.000,-9999999.000,0.000,0.000,1.000,0,0,0,1,1,0,0,1,0.0,0,0,0.0,0.0,1.0
"F[0,2](HbA1c >= 11.820 & Pt_SHFlg = 0.000)
",-9999999.000,-9999999.000,0.000,0.000,1.000,0,0,0,1,1,0,0,1,0.0,0,0,0.0,0.0,1.0
"F[2,2]((diabDur >= 9.477 -> diagAgeCombo <= 3.000) -> AlbCreatRat_mggNew >= 3.000)
",3.000,3.000,0.000,0.000,1.000,0,0,0,1,1,0,0,1,0.0,0,0,0.0,0.0,1.0
"F[1,1](HbA1c >= 10.687 -> diagAgeCombo >= 3.000)
",3.000,3.000,0.000,0.000,1.000,0,0,0,1,1,0,0,1,0.0,0,0,0.0,0.0,1.0
"((Pt_DKAFlg >= 0.000) U[0,1] (BGTestAvgNumMeter <= 0.000))
",-9999999.000,-9999999.000,0.000,0.000,1.000,0,0,0,1,1,0,0,1,0.0,0,0,0.0,0.0,1.0
"((UnitsInsBasalOrLongAct <= 0.000) U[0,2] (AutonomicNeuroCl >= 0.000))
",-9999999.000,-9999999.000,0.000,0.000,1.000,0,0,0,1,1,0,0,1,0.0,0,0,0.0,0.0,1.0
"F[0,2]((Pt_ChildT1D <= 0.000 & Pt_InsGov <= 1.000) & AlbCreatRat_mggNew >= 1.000)
",-9999999.000,-9999999.000,0.000,0.000,1.000,0,0,0,1,1,0,0,1,0.0,0,0,0.0,0.0,1.0
"((BGTestAvgNumMeter <= 0.000) U[0,1] (Pt_GrandchildT1D <= 0.000))
",-9999999.000,-9999999.000,0.000,0.000,1.000,0,0,0,1,1,0,0,1,0.0,0,0,0.0,0.0,1.0
"F[1,2]((Pt_GrandparentT1D >= 0.000 | Pt_SiblingT1D <= 0.000) -> HeightCm >= 0.000)
",-9999999.000,-9999999.000,0.000,0.000,1.000,0,0,0,1,1,0,0,1,0.0,0,0,0.0,0.0,1.0
"F[1,2](AutonomicNeuroCl >= 0.000 -> Pt_MotherT1D <= 0.000)
",-9999999.000,-9999999.000,0.000,0.000,1.000,0,0,0,1,1,0,0,1,0.0,0,0,0.0,0.0,1.0
"((Pt_GrandchildT1D >= 0.000) U[0,1] (HDL <= 49.872))
",-9999999.000,-9999999.000,0.000,0.000,1.000,0,0,0,1,1,0,0,1,0.0,0,0,0.0,0.0,1.0
"F[0,2]((BUN <= 15.214 | AlbCreatRat_mggNew >= 0.441) & UnitsInsBasalOrLongAct >= 0.460)
",-9999999.000,-9999999.000,0.000,0.000,1.000,0,0,0,1,1,0,0,1,0.0,0,0,0.0,0.0,1.0
"((HbA1cImputeDtMnC >= 5.132) U[0,2] (TSH >= 0.000))
",-9999999.000,-9999999.000,0.000,0.000,1.000,0,0,0,1,1,0,0,1,0.0,0,0,0.0,0.0,1.0
"F[0,2]((AutonomicNeuroCl >= 0.000 & Pt_A1cGoalLev >= 0.504) -> age >= 2.829)
",-9999999.000,-9999999.000,0.000,0.000,1.000,0,0,0,1,1,0,0,1,0.0,0,0,0.0,0.0,1.0
"((Pt_SHFlg >= 0.000) U[0,2] (Pt_A1cGoalLevelDsYr5 <= 0.000))
",-9999999.000,-9999999.000,0.000,0.000,1.000,0,0,0,1,1,0,0,1,0.0,0,0,0.0,0.0,1.0
"F[2,2](((bmi <= 20.880 | TotChol <= 65.487) & WeightKg <= 103.866) | DirectLDL <= 66.366)
",66.366,66.366,0.000,0.000,1.000,0,0,0,1,1,0,0,1,0.0,0,0,0.0,0.0,1.0
"F[0,1](((diagAgeCombo >= 3.000 | AutonomicNeuroCl >= 0.000) -> diagAgeCombo <= 0.000) | LDL >= 0.000)
",-9999999.000,-9999999.000,0.000,0.000,1.000,0,0,0,1,1,0,0,1,0.0,0,0,0.0,0.0,1.0
"F[0,0]((TotChol <= 96.137 | Pt_GrandchildT1D <= 0.000) & DirectLDL <= 0.000)
",-167.300,-167.300,0.000,0.000,1.000,0,0,0,1,1,0,0,1,0.0,0,0,0.0,0.0,1.0
"F[0,1]((BGTestAvgNumPtRep >= 4.000 & Pt_InsGov >= 1.000) & BGTestAvgNumMeter <= 1.000)
",-9999999.000,-9999999.000,0.000,0.000,1.000,0,0,0,1,1,0,0,1,0.0,0,0,0.0,0.0,1.0
"((Pt_MotherT1D <= 0.000) U[0,0] (SMBGperDayPtMeterCombo >= 4.000))
",46.000,46.000,0.000,0.000,1.000,0,0,0,1,1,0,0,1,0.0,0,0,0.0,0.0,1.0
"((Pt_GrandparentT1D >= 0.000) U[0,1] (Pt_GrandchildT1D >= 0.000))
",-9999999.000,-9999999.000,0.000,0.000,1.000,0,0,0,1,1,0,0,1,0.0,0,0,0.0,0.0,1.0
"F[1,2]((BldPrSys <= 120.000 | Pt_A1cGoalLevelDsYr5 <= 0.000) -> GFR >= 0.000)
",-9999999.000,-9999999.000,0.000,0.000,1.000,0,0,0,1,1,0,0,1,0.0,0,0,0.0,0.0,1.0
"((Pt_InsGov <= 1.000) U[1,1] (diagAgeCombo <= 3.000))
",3.000,3.000,0.000,0.000,1.000,0,0,0,1,1,0,0,1,0.0,0,0,0.0,0.0,1.0
"F[1,1]((DirectLDL >= 0.000 & Pt_A1cGoalLev <= 6.260) -> Pt_FatherT1D <= 6.984)
",-6.984,-6.984,0.000,0.000,1.000,0,0,0,1,1,0,0,1,0.0,0,0,0.0,0.0,1.0
"F[1,2](TSH >= 0.000 -> SMBGperDayPtMeterCombo >= 4.000)
",-9999999.000,-9999999.000,0.000,0.000,1.000,0,0,0,1,1,0,0,1,0.0,0,0,0.0,0.0,1.0
"F[1,2](WeightKg <= 57.518 & Pt_DKAFlg >= 0.000)
",-9999999.000,-9999999.000,0.000,0.000,1.000,0,0,0,1,1,0,0,1,0.0,0,0,0.0,0.0,1.0
"F[1,1](age <= 13.000 | SMBGperDayPtMeterCombo >= 4.000)
",13.000,13.000,0.000,0.000,1.000,0,0,0,1,1,0,0,1,0.0,0,0,0.0,0.0,1.0
"F[1,2](Pt_GrandchildT1D <= 0.000 -> diabDur <= 9.641)
",-9999999.000,-9999999.000,0.000,0.000,1.000,0,0,0,1,1,0,0,1,0.0,0,0,0.0,0.0,1.0
"F[1,2]((UnitsInsBasalOrLongAct <= 0.000 -> HeightCm >= 163.356) | Triglyc <= 165.330)
",-9999999.000,-9999999.000,0.000,0.000,1.000,0,0,0,1,1,0,0,1,0.0,0,0,0.0,0.0,1.0
"F[0,2]((WeightKg <= 58.416 -> Pt_A1cGoalLevelDsYr5 <= 0.000) -> BGTestAvgNumMeter >= 0.000)
",-9999999.000,-9999999.000,0.000,0.000,1.000,0,0,0,1,1,0,0,1,0.0,0,0,0.0,0.0,1.0
"F[0,2](((Pt_SHFlg <= 0.000 | HbA1cImputeDtMnC <= 10.616) & Pt_CGMUseNumDays >= 4.602) & Pt_MotherT1D <= 7.446)
",-9999999.000,-9999999.000,0.000,0.000,1.000,0,0,0,1,1,0,0,1,0.0,0,0,0.0,0.0,1.0
"((BGTestAvgNumMeter >= 0.000) U[2,2] (BGTestAvgNumPtRep <= 4.000))
",4.000,4.000,0.000,0.000,1.000,0,0,0,1,1,0,0,1,0.0,0,0,0.0,0.0,1.0
"F[1,2]((HbA1c <= 13.433 & DirectLDL >= 0.000) -> bmiPerc <= 0.000)
",-9999999.000,-9999999.000,0.000,0.000,1.000,0,0,0,1,1,0,0,1,0.0,0,0,0.0,0.0,1.0
"F[0,0](((TotChol >= 41.200 | Pt_MotherT1D <= 0.000) & Pt_GrandparentT1D <= 0.000) | BUN <= 0.000)
",0.000,0.000,0.000,0.000,1.000,0,0,0,1,1,0,0,1,0.0,0,0,0.0,0.0,1.0
"F[0,0]((GFR <= 0.000 | BldPrSys >= 120.000) & Pt_FatherT1D <= 120.000)
",-0.809,-0.809,0.000,0.000,1.000,0,0,0,1,1,0,0,1,0.0,0,0,0.0,0.0,1.0
"F[0,1](bmi >= 20.368 -> Pt_InsGov >= 1.000)
",-9999999.000,-9999999.000,0.000,0.000,1.000,0,0,0,1,1,0,0,1,0.0,0,0,0.0,0.0,1.0
"F[0,1](((HbA1c <= 12.968 | TotChol <= 64.452) & HeightCm >= 34.055) & BGTestAvgNumPtRep <= 81.565)
",-9999999.000,-9999999.000,0.000,0.000,1.000,0,0,0,1,1,0,0,1,0.0,0,0,0.0,0.0,1.0
"F[1,2](Pt_SHFlg >= 0.000 & BldPrSys >= 120.000)
",-9999999.000,-9999999.000,0.000,0.000,1.000,0,0,0,1,1,0,0,1,0.0,0,0,0.0,0.0,1.0
"F[0,2]((HeightCm >= 162.774 -> WeightKg >= 51.059) | HbA1c >= 52.136)
",-9999999.000,-9999999.000,0.000,0.000,1.000,0,0,0,1,1,0,0,1,0.0,0,0,0.0,0.0,1.0
"F[0,1](TotalDailyInsPerKg >= 0.751 | Pt_A1cGoalLevelDsYr5 <= 0.000)
",-9999999.000,-9999999.000,0.000,0.000,1.000,0,0,0,1,1,0,0,1,0.0,0,0,0.0,0.0,1.0
"F[0,2]((TotalDailyInsPerKg >= 0.673 & AutonomicNeuroCl <= 0.000) & Pt_CGMUseNumDays >= 0.000)
",-9999999.000,-9999999.000,0.000,0.000,1.000,0,0,0,1,1,0,0,1,0.0,0,0,0.0,0.0,1.0
"F[0,1]((Pt_MotherT1D >= 0.000 -> Pt_GrandparentT1D <= 0.000) | DirectLDL <= 0.000)
",-9999999.000,-9999999.000,0.000,0.000,1.000,0,0,0,1,1,0,0,1,0.0,0,0,0.0,0.0,1.0
"F[0,1](((HeightCm <= 164.392 | LDL >= 36.294) | Pt_GrandchildT1D <= 55.749) & Triglyc <= 48.204)
",-9999999.000,-9999999.000,0.000,0.000,1.000,0,0,0,1,1,0,0,1,0.0,0,0,0.0,0.0,1.0
"F[1,2](((TotChol <= 93.620 -> HbA1c <= 12.134) & HeightCm <= 13.190) -> TotalDailyInsPerKg <= 13.293)
",-9999999.000,-9999999.000,0.000,0.000,1.000,0,0,0,1,1,0,0,1,0.0,0,0,0.0,0.0,1.0
"F[0,2](((DirectLDL <= 0.000 & Pt_A1cGoalLevelDsYr5 >= 0.000) -> Pt_SHFlg <= 0.000) & Triglyc >= 0.000)
",-9999999.000,-9999999.000,0.000,0.000,1.000,0,0,0,1,1,0,0,1,0.0,0,0,0.0,0.0,1.0
"F[2,2](((HDL >= 47.345 & HDL >= 44.543) -> bmiPerc >= 47.087) | BldPrDia >= 44.944)
",47.087,47.087,0.000,0.000,1.000,0,0,0,1,1,0,0,1,0.0,0,0,0.0,0.0,1.0
"F[0,1]((DirectLDL <= 0.000 & TSH <= 0.000) | Pt_A1cGoalLev <= 0.000)
",-9999999.000,-9999999.000,0.000,0.000,1.000,0,0,0,1,1,0,0,1,0.0,0,0,0.0,0.0,1.0
"F[0,1](TSH >= 0.000 -> UnitsInsBasalOrLongAct >= 0.000)
",-9999999.000,-9999999.000,0.000,0.000,1.000,0,0,0,1,1,0,0,1,0.0,0,0,0.0,0.0,1.0
"F[1,2](HDL <= 50.372 | Pt_ChildT1D <= 0.000)
",-9999999.000,-9999999.000,0.000,0.000,1.000,0,0,0,1,1,0,0,1,0.0,0,0,0.0,0.0,1.0
"F[1,1]((Pt_SHFlg >= 0.000 & BGTestAvgNumMeter >= 0.000) -> Pt_A1cGoalLevelDsYr5 >= 0.000)
",0.000,0.000,0.000,0.000,1.000,0,0,0,1,1,0,0,1,0.0,0,0,0.0,0.0,1.0
"F[2,2](((UnitsInsBasalOrLongAct <= 0.000 | BGTestAvgNumPtRep >= 4.000) -> WeightKg >= 4.000) & Pt_GrandchildT1D <= 4.000)
",0.000,0.000,0.000,0.000,1.000,0,0,0,1,1,0,0,1,0.0,0,0,0.0,0.0,1.0
"((BldPrDia >= 51.244) U[0,1] (Pt_SHFlg >= 0.000))
",-9999999.000,-9999999.000,0.000,0.000,1.000,0,0,0,1,1,0,0,1,0.0,0,0,0.0,0.0,1.0
"F[0,1]((HeightCm <= 164.764 -> NumPumpBolusOrShortAct >= 0.000) & Pt_SiblingT1D >= 0.000)
",-9999999.000,-9999999.000,0.000,0.000,1.000,0,0,0,1,1,0,0,1,0.0,0,0,0.0,0.0,1.0
"F[1,2]((Pt_SiblingT1D <= 0.000 | Pt_GrandparentT1D >= 0.000) | BGTestAvgNumMeter >= 0.000)
",-9999999.000,-9999999.000,0.000,0.000,1.000,0,0,0,1,1,0,0,1,0.0,0,0,0.0,0.0,1.0
"F[0,2]((Pt_SHFlg <= 0.000 | SMBGperDayPtMeterCombo >= 4.000) -> Pt_InsGov <= 4.000)
",-9999999.000,-9999999.000,0.000,0.000,1.000,0,0,0,1,1,0,0,1,0.0,0,0,0.0,0.0,1.0
"F[0,2](((TotalDailyInsPerKg <= 0.809 & AutonomicNeuroCl >= 0.000) | AlbCreatRat_mggNew >= 0.000) & BGTestAvgNumMeter <= 0.000)
",-9999999.000,-9999999.000,0.000,0.000,1.000,0,0,0,1,1,0,0,1,0.0,0,0,0.0,0.0,1.0
"F[1,1](((TotalDailyInsPerKg >= 0.721 & HbA1cImputeDtMnC >= 1.720) & NumPumpBolusOrShortAct <= 10.185) -> SMBGperDayPtMeterCombo >= 3.186)
",1.720,1.720,0.000,0.000,1.000,0,0,0,1,1,0,0,1,0.0,0,0,0.0,0.0,1.0
"F[1,2](((TotalDailyInsPerKg >= 0.747 | GFR <= 0.000) | Pt_DKAFlg >= 0.000) | BldPrDia >= 0.000)
",-9999999.000,-9999999.000,0.000,0.000,1.000,0,0,0,1,1,0,0,1,0.0,0,0,0.0,0.0,1.0
"F[0,2]((AutonomicNeuroCl <= 0.000 -> Pt_MotherT1D <= 0.000) & Pt_SHFlg <= 0.000)
",-9999999.000,-9999999.000,0.000,0.000,1.000,0,0,0,1,1,0,0,1,0.0,0,0,0.0,0.0,1.0
"F[1,1](diabDur <= 9.907 | HDL <= 50.384)
",50.384,50.384,0.000,0.000,1.000,0,0,0,1,1,0,0,1,0.0,0,0,0.0,0.0,1.0
"((bmiZscore >= 0.600) U[2,2] (LDL <= 49.666))
",49.666,49.666,0.000,0.000,1.000,0,0,0,1,1,0,0,1,0.0,0,0,0.0,0.0,1.0
"F[1,2]((TSH <= 0.000 -> WeightKg >= 51.861) -> BGTestAvgNumPtRep <= 56.561)
",-9999999.000,-9999999.000,0.000,0.000,1.000,0,0,0,1,1,0,0,1,0.0,0,0,0.0,0.0,1.0
"F[0,2]((diabDur <= 9.629 & Triglyc >= 47.416) -> TotChol >= 43.838)
",-9999999.000,-9999999.000,0.000,0.000,1.000,0,0,0,1,1,0,0,1,0.0,0,0,0.0,0.0,1.0
"F[1,2]((Pt_SHFlg >= 0.000 | Pt_GrandchildT1D >= 0.000) & BldPrDia <= 0.000)
",-9999999.000,-9999999.000,0.000,0.000,1.000,0,0,0,1,1,0,0,1,0.0,0,0,0.0,0.0,1.0
"((bmiPerc >= 0.711) U[0,1] (NumPumpBolusOrShortAct >= 0.000))
",-9999999.000,-9999999.000,0.000,0.000,1.000,0,0,0,1,1,0,0,1,0.0,0,0,0.0,0.0,1.0
"((WeightKg <= 55.426) U[0,1] (UnitsInsBasalOrLongAct >= 0.000))
",-9999999.000,-9999999.000,0.000,0.000,1.000,0,0,0,1,1,0,0,1,0.0,0,0,0.0,0.0,1.0
"F[0,2](((age <= 13.000 & Pt_FatherT1D >= 0.000) -> Pt_DKAFlg >= 0.000) -> BGTestAvgNumPtRep >= 0.000)
",-9999999.000,-9999999.000,0.000,0.000,1.000,0,0,0,1,1,0,0,1,0.0,0,0,0.0,0.0,1.0
"((Pt_A1cGoalLevelDsYr5 >= 0.000) U[0,1] (age >= 13.000))
",-9999999.000,-9999999.000,0.000,0.000,1.000,0,0,0,1,1,0,0,1,0.0,0,0,0.0,0.0,1.0
"F[0,1]((NumPumpBolusOrShortAct >= 0.000 | Pt_CGMUseNumDays <= 0.000) -> TSH <= 0.000)
",-9999999.000,-9999999.000,0.000,0.000,1.000,0,0,0,1,1,0,0,1,0.0,0,0,0.0,0.0,1.0
"((Pt_CGMUseNumDays >= 0.000) U[0,2] (Pt_SiblingT1D >= 0.000))
",-9999999.000,-9999999.000,0.000,0.000,1.000,0,0,0,1,1,0,0,1,0.0,0,0,0.0,0.0,1.0
"((Pt_FatherT1D <= 0.000) U[2,2] (Triglyc <= 73.517))
",73.517,73.517,0.000,0.000,1.000,0,0,0,1,1,0,0,1,0.0,0,0,0.0,0.0,1.0
"F[1,2](HbA1c <= 12.113 & Pt_MotherT1D >= 0.000)
",-9999999.000,-9999999.000,0.000,0.000,1.000,0,0,0,1,1,0,0,1,0.0,0,0,0.0,0.0,1.0
"F[0,1]((BUN >= 14.175 | TotalDailyInsPerKg >= 0.716) | BGTestAvgNumMeter <= 0.860)
",-9999999.000,-9999999.000,0.000,0.000,1.000,0,0,0,1,1,0,0,1,0.0,0,0,0.0,0.0,1.0
"F[2,2](diagAgeCombo <= 3.000 & diagAgeCombo >= 3.000)
",-3.000,-3.000,0.000,0.000,1.000,0,0,0,1,1,0,0,1,0.0,0,0,0.0,0.0,1.0
"F[1,2](((GFR <= 0.000 & AutonomicNeuroCl >= 0.000) -> WeightKg >= 0.000) & Pt_ChildT1D <= 0.000)
",-9999999.000,-9999999.000,0.000,0.000,1.000,0,0,0,1,1,0,0,1,0.0,0,0,0.0,0.0,1.0
"((HeightCm <= 165.958) U[0,1] (NumPumpBolusOrShortAct <= 0.000))
",-9999999.000,-9999999.000,0.000,0.000,1.000,0,0,0,1,1,0,0,1,0.0,0,0,0.0,0.0,1.0
"F[2,2](((AlbCreatRat_mggNew <= 0.901 & BGTestAvgNumMeter <= 0.000) & Pt_ChildT1D >= 0.000) | BldPrDia >= 0.000)
",0.000,0.000,0.000,0.000,1.000,0,0,0,1,1,0,0,1,0.0,0,0,0.0,0.0,1.0
"F[1,2](((Pt_DKAFlg >= 0.000 | HDL >= 44.386) & Pt_GrandparentT1D >= 45.332) | TotalDailyInsPerKg <= 48.695)
",-9999999.000,-9999999.000,0.000,0.000,1.000,0,0,0,1,1,0,0,1,0.0,0,0,0.0,0.0,1.0
"F[1,2]((BldPrSys >= 120.000 -> WeightKg <= 56.464) -> Pt_SiblingT1D <= 57.994)
",-9999999.000,-9999999.000,0.000,0.000,1.000,0,0,0,1,1,0,0,1,0.0,0,0,0.0,0.0,1.0
"F[1,2](((TSH >= 0.000 & bmi <= 20.564) -> Pt_GrandchildT1D >= 20.355) -> DirectLDL >= 20.017)
",-9999999.000,-9999999.000,0.000,0.000,1.000,0,0,0,1,1,0,0,1,0.0,0,0,0.0,0.0,1.0
"F[1,2]((Pt_A1cGoalLevelDsYr5 <= 0.000 | UnitsInsBasalOrLongAct >= 0.000) & diabDur <= 0.000)
",-9999999.000,-9999999.000,0.000,0.000,1.000,0,0,0,1,1,0,0,1,0.0,0,0,0.0,0.0,1.0
"F[2,2]((Pt_InsGov >= 1.000 | HbA1cImputeDtMnC >= 5.325) | bmiZscore >= 0.908)
",-0.908,-0.908,0.000,0.000,1.000,0,0,0,1,1,0,0,1,0.0,0,0,0.0,0.0,1.0
"F[1,2]((GFR <= 0.000 -> Pt_ChildT1D <= 0.000) | Pt_FatherT1D >= 0.000)
",-9999999.000,-9999999.000,0.000,0.000,1.000,0,0,0,1,1,0,0,1,0.0,0,0,0.0,0.0,1.0
