Rule,Discrimination Score,Pos Robustness,Neg Robustness,Percent Class +,Percent Class -,TP,TN,FP,FN,Actual Yes,Actual No,Predicted Yes,Predicted No,TPR/Sens,TNR/Spec,FPR,Precision,Accuracy,MCR,Class
"G[1,1](NumPumpBolusOrShortAct <= 0.000 & diagAgeCombo >= 11.000)
",-11.000,-11.000,0.000,1.000,0.000,3,0,0,0,3,0,3,0,1.0,0.0,0.0,1.0,1.0,0.0,1
"G[1,1]((Pt_GrandchildT1D <= 0.000 -> Pt_InsGov >= 0.019) -> BGTestAvgNumPtRep >= 0.142)
",0.000,0.000,0.000,1.000,0.000,3,0,0,0,3,0,3,0,1.0,0.0,0.0,1.0,1.0,0.0,1
"G[0,1](diagAgeCombo > 11.000 -> Pt_SHFlg = 0.000)
",9999999.000,9999999.000,0.000,1.000,0.000,3,0,0,0,3,0,3,0,1.0,0.0,0.0,1.0,1.0,0.0,1
"G[0,0](BldPrSys <= 115.497 | HbA1c >= 9.737)
",8127405817636333.000,115.497,0.000,1.000,0.000,3,0,0,0,3,0,3,0,1.0,0.0,0.0,1.0,1.0,0.0,1
"G[0,0](UnitsInsBasalOrLongAct <= 22.140 -> Pt_SHFlg = 0.000)
",-1.487,-11.473,0.000,1.000,0.000,3,0,0,0,3,0,3,0,1.0,0.0,0.0,1.0,1.0,0.0,1
"G[0,1](BGTestAvgNumPtRep >= 0.623 -> bmiZscore <= 0.702)
",9999999.000,9999999.000,0.000,1.000,0.000,3,0,0,0,3,0,3,0,1.0,0.0,0.0,1.0,1.0,0.0,1
"G[0,0](AutonomicNeuroCl <= 0.000 & Pt_SHFlg = 0.000)
",-2.096,-33.391,0.000,1.000,0.000,3,0,0,0,3,0,3,0,1.0,0.0,0.0,1.0,1.0,0.0,1
"G[0,1]((Pt_A1cGoalLev >= 0.000 | Pt_A1cGoalLev <= 0.000) & WeightKg >= 0.000)
",9999999.000,9999999.000,0.000,1.000,0.000,3,0,0,0,3,0,3,0,1.0,0.0,0.0,1.0,1.0,0.0,1
"G[1,1](GFR <= 80.337 -> BUN >= 12.127)
",-80.337,-80.337,0.000,1.000,0.000,3,0,0,0,3,0,3,0,1.0,0.0,0.0,1.0,1.0,0.0,1
"F[0,0](((Pt_FatherT1D >= 0.000 & BldPrSys <= 94.719) & WeightKg <= 98.530) & diagAgeCombo >= 11.843)
",-0.707,-3.948,0.000,0.000,1.000,3,0,0,0,3,0,3,0,1.0,0.0,0.0,1.0,1.0,0.0,-1
"G[0,0](((UnitsInsBasalOrLongAct >= 0.004 -> Pt_A1cGoalLevelDsYr5 >= 0.000) & AutonomicNeuroCl >= 0.000) | Pt_GrandparentT1D >= 0.000)
",0.000,0.000,0.000,1.000,0.000,3,0,0,0,3,0,3,0,1.0,0.0,0.0,1.0,1.0,0.0,1
"G[0,0](TotChol <= 165.700 | bmi >= 14.938)
",5.918,134.700,0.000,1.000,0.000,3,0,0,0,3,0,3,0,1.0,0.0,0.0,1.0,1.0,0.0,1
"G[1,1]((HbA1cImputeDtMnC <= 41.785 & TotChol >= 90.193) -> BGTestAvgNumPtRep <= 219.332)
",-219.332,-219.332,0.000,1.000,0.000,3,0,0,0,3,0,3,0,1.0,0.0,0.0,1.0,1.0,0.0,1
"G[0,1]((BGTestAvgNumPtRep <= 2.310 -> Pt_A1cGoalLevelDsYr5 <= 0.000) -> WeightKg >= 0.000)
",9999999.000,9999999.000,0.000,1.000,0.000,3,0,0,0,3,0,3,0,1.0,0.0,0.0,1.0,1.0,0.0,1
"G[0,1](Pt_MotherT1D >= 0.000 -> Pt_DKAFlg >= 0.000)
",9999999.000,9999999.000,0.000,1.000,0.000,3,0,0,0,3,0,3,0,1.0,0.0,0.0,1.0,1.0,0.0,1
"G[0,0]((GFR >= 38.739 -> Pt_DKAFlg >= 0.000) & Pt_FatherT1D <= 0.000)
",0.000,0.000,0.000,1.000,0.000,3,0,0,0,3,0,3,0,1.0,0.0,0.0,1.0,1.0,0.0,1
"G[1,1](((BldPrDia >= 38.698 -> Triglyc <= 170.181) & Pt_InsGov <= 176.758) | TotChol <= 249.946)
",249.946,249.946,0.000,1.000,0.000,3,0,0,0,3,0,3,0,1.0,0.0,0.0,1.0,1.0,0.0,1
"G[0,0](((BGTestAvgNumPtRep <= 1.146 -> Triglyc <= 304.920) & HDL <= 380.156) -> TSH <= 348.026)
",-183.862,-346.693,0.000,1.000,0.000,3,0,0,0,3,0,3,0,1.0,0.0,0.0,1.0,1.0,0.0,1
"F[1,1](((UnitsInsBasalOrLongAct <= 26.542 | BGTestAvgNumMeter >= 0.319) & TotalDailyInsPerKg >= 1.006) & TSH <= 2.898)
",-1.006,-1.006,0.000,0.000,1.000,3,0,0,0,3,0,3,0,1.0,0.0,0.0,1.0,1.0,0.0,-1
"F[1,1](((AlbCreatRat_mggNew >= 0.653 -> LDL >= 6.281) & diagAgeCombo >= 8.354) & HbA1c >= 13.655)
",-13.655,-13.655,0.000,0.000,1.000,3,0,0,0,3,0,3,0,1.0,0.0,0.0,1.0,1.0,0.0,-1
"F[0,1](((diabDur <= 4.588 -> HeightCm <= 161.469) | Pt_ChildT1D >= 146.146) & age >= 155.176)
",-9999999.000,-9999999.000,0.000,0.000,1.000,3,0,0,0,3,0,3,0,1.0,0.0,0.0,1.0,1.0,0.0,-1
"F[0,1]((BldPrSys <= 101.394 | UnitsInsBasalOrLongAct >= 3.638) & bmiZscore >= 5.799)
",-9999999.000,-9999999.000,0.000,0.000,1.000,3,0,0,0,3,0,3,0,1.0,0.0,0.0,1.0,1.0,0.0,-1
"F[0,0](NumPumpBolusOrShortAct < 0.000 & Pt_SHFlg = 0.000)
",-1.475,-29.931,0.000,0.000,1.000,3,0,0,0,3,0,3,0,1.0,0.0,0.0,1.0,1.0,0.0,-1
"F[1,1]((LDL >= 18.821 | AutonomicNeuroCl <= 0.000) -> age <= 0.000)
",0.000,0.000,0.000,0.000,1.000,3,0,0,0,3,0,3,0,1.0,0.0,0.0,1.0,1.0,0.0,-1
"F[1,1](((HbA1c >= 9.797 & UnitsInsBasalOrLongAct <= 24.790) -> NumPumpBolusOrShortAct <= 25.072) & Pt_FatherT1D >= 4.080)
",-25.072,-25.072,0.000,0.000,1.000,3,0,0,0,3,0,3,0,1.0,0.0,0.0,1.0,1.0,0.0,-1
"F[0,0](((Pt_GrandchildT1D <= 0.000 & BldPrSys >= 51.868) & WeightKg >= 91.624) & NumPumpBolusOrShortAct >= 50.565)
",-72.126,-89.957,0.000,0.000,1.000,3,0,0,0,3,0,3,0,1.0,0.0,0.0,1.0,1.0,0.0,-1
"((GFR <= 100.092) U[1,1] (age >= 14.324))
",100.092,100.092,0.000,0.000,1.000,3,0,0,0,3,0,3,0,1.0,0.0,0.0,1.0,1.0,0.0,-1
"F[1,1](((BldPrSys >= 26.137 -> HDL >= 9.749) -> Pt_GrandchildT1D <= 31.257) & BGTestAvgNumPtRep >= 17.641)
",-8797970473276371.000,-31.257,0.000,0.000,1.000,3,0,0,0,3,0,3,0,1.0,0.0,0.0,1.0,1.0,0.0,-1
"F[0,1](((HbA1c <= 13.886 | Triglyc >= 48.449) & age <= 298.760) & Pt_GrandparentT1D >= 120.939)
",-9999999.000,-9999999.000,0.000,0.000,1.000,3,0,0,0,3,0,3,0,1.0,0.0,0.0,1.0,1.0,0.0,-1
"F[0,1](((SMBGperDayPtMeterCombo >= 0.352 | TSH >= 0.256) -> bmiPerc >= 0.151) & BUN <= 1.592)
",-9999999.000,-9999999.000,0.000,0.000,1.000,3,0,0,0,3,0,3,0,1.0,0.0,0.0,1.0,1.0,0.0,-1
"F[0,1](((BGTestAvgNumMeter <= 2.059 & diabDur >= 2.335) & Pt_A1cGoalLevelDsYr5 >= 2.655) & UnitsInsBasalOrLongAct >= 1.766)
",-9999999.000,-9999999.000,0.000,0.000,1.000,3,0,0,0,3,0,3,0,1.0,0.0,0.0,1.0,1.0,0.0,-1
"F[1,1](((HDL <= 53.895 & HeightCm >= 153.073) & GFR <= 161.554) & bmi >= 146.450)
",-153.073,-153.073,0.000,0.000,1.000,3,0,0,0,3,0,3,0,1.0,0.0,0.0,1.0,1.0,0.0,-1
"F[1,1]((GFR >= 2.636 -> DirectLDL <= 0.000) -> HbA1c <= 0.000)
",0.000,0.000,0.000,0.000,1.000,3,0,0,0,3,0,3,0,1.0,0.0,0.0,1.0,1.0,0.0,-1
"F[0,1](((GFR <= 74.937 -> BGTestAvgNumMeter <= 2.944) & TotalDailyInsPerKg <= 1.382) & Pt_SHFlg >= 0.412)
",-9999999.000,-9999999.000,0.000,0.000,1.000,3,0,0,0,3,0,3,0,1.0,0.0,0.0,1.0,1.0,0.0,-1
"F[0,0](((HbA1c <= 12.564 & BGTestAvgNumMeter <= 2.215) | diabDur >= 0.580) & TotChol <= 2.703)
",-1.243,-28.297,0.000,0.000,1.000,3,0,0,0,3,0,3,0,1.0,0.0,0.0,1.0,1.0,0.0,-1
"F[0,1](AlbCreatRat_mggNew >= 3.786 & bmiZscore <= 0.247)
",-9999999.000,-9999999.000,0.000,0.000,1.000,3,0,0,0,3,0,3,0,1.0,0.0,0.0,1.0,1.0,0.0,-1
"F[0,0](((diabDur <= 3.153 | WeightKg <= 59.773) | diagAgeCombo <= 59.954) & age >= 51.411)
",-51.411,-51.411,0.000,0.000,1.000,3,0,0,0,3,0,3,0,1.0,0.0,0.0,1.0,1.0,0.0,-1
"G[0,1](((BldPrSys >= 64.098 -> BldPrDia >= 39.301) | TotalDailyInsPerKg <= 63.453) | BldPrSys >= 38.230)
",9999999.000,9999999.000,0.000,1.000,0.000,3,0,0,0,3,0,3,0,1.0,0.0,0.0,1.0,1.0,0.0,1
"G[0,0]((LDL >= 10.796 | Pt_DKAFlg <= 0.000) & Pt_DKAFlg >= 0.000)
",0.000,0.000,0.000,1.000,0.000,3,0,0,0,3,0,3,0,1.0,0.0,0.0,1.0,1.0,0.0,1
"G[0,1](((bmiZscore >= -0.578 & HDL >= 9.440) -> diagAgeCombo <= 45.080) & AlbCreatRat_mggNew <= 52.462)
",9999999.000,9999999.000,0.000,1.000,0.000,3,0,0,0,3,0,3,0,1.0,0.0,0.0,1.0,1.0,0.0,1
"G[0,1](bmi >= 15.862 -> Pt_FatherT1D <= 0.000)
",9999999.000,9999999.000,0.000,1.000,0.000,3,0,0,0,3,0,3,0,1.0,0.0,0.0,1.0,1.0,0.0,1
"G[0,1](((BldPrDia <= 71.502 | BldPrSys >= 1.116) -> diabDur <= 100.034) -> UnitsInsBasalOrLongAct <= 105.118)
",9999999.000,9999999.000,0.000,1.000,0.000,3,0,0,0,3,0,3,0,1.0,0.0,0.0,1.0,1.0,0.0,1
"G[0,1]((AlbCreatRat_mggNew <= 16.417 -> Pt_InsGov <= 0.752) | BGTestAvgNumMeter <= 1.000)
",9999999.000,9999999.000,0.000,1.000,0.000,3,0,0,0,3,0,3,0,1.0,0.0,0.0,1.0,1.0,0.0,1
"G[1,1](((GFR <= 71.039 & UnitsInsBasalOrLongAct <= 22.595) & WeightKg >= 6.422) | Pt_A1cGoalLevelDsYr5 <= 25.964)
",25.964,25.964,0.000,1.000,0.000,3,0,0,0,3,0,3,0,1.0,0.0,0.0,1.0,1.0,0.0,1
"G[0,0](((BldPrDia <= 62.753 & bmiPerc <= 0.788) & age <= 0.685) -> NumPumpBolusOrShortAct >= 0.141)
",-0.408,-0.192,0.000,1.000,0.000,3,0,0,0,3,0,3,0,1.0,0.0,0.0,1.0,1.0,0.0,1
"G[0,1]((bmi >= 13.948 & DirectLDL <= 0.000) | AutonomicNeuroCl >= 0.000)
",9999999.000,9999999.000,0.000,1.000,0.000,3,0,0,0,3,0,3,0,1.0,0.0,0.0,1.0,1.0,0.0,1
"G[1,1](HbA1c <= 11.959 & Pt_SHFlg = 0.000)
",0.000,0.000,0.000,1.000,0.000,3,0,0,0,3,0,3,0,1.0,0.0,0.0,1.0,1.0,0.0,1
"G[0,1](((HDL >= 6.027 | Pt_GrandchildT1D <= 0.000) | Pt_GrandchildT1D <= 0.000) & DirectLDL >= 0.000)
",9999999.000,9999999.000,0.000,1.000,0.000,3,0,0,0,3,0,3,0,1.0,0.0,0.0,1.0,1.0,0.0,1
"G[1,1]((UnitsInsBasalOrLongAct >= 6.989 -> Pt_GrandchildT1D >= 0.000) & bmiPerc >= 0.000)
",0.000,0.000,0.000,1.000,0.000,3,0,0,0,3,0,3,0,1.0,0.0,0.0,1.0,1.0,0.0,1
"G[0,0](AutonomicNeuroCl >= 0.000 & diagAgeCombo >= 11.000)
",0.377,4.033,0.000,1.000,0.000,3,0,0,0,3,0,3,0,1.0,0.0,0.0,1.0,1.0,0.0,1
"G[0,1](Pt_GrandparentT1D < 0.000 -> Pt_SHFlg = 0.000)
",9999999.000,9999999.000,0.000,1.000,0.000,3,0,0,0,3,0,3,0,1.0,0.0,0.0,1.0,1.0,0.0,1
"G[0,1]((Pt_SHFlg <= 0.000 -> diabDur <= 4.431) | BldPrSys >= 1.921)
",9999999.000,9999999.000,0.000,1.000,0.000,3,0,0,0,3,0,3,0,1.0,0.0,0.0,1.0,1.0,0.0,1
"G[0,1]((age <= 14.971 -> LDL <= 69.439) | Pt_ChildT1D <= 89.834)
",9999999.000,9999999.000,0.000,1.000,0.000,3,0,0,0,3,0,3,0,1.0,0.0,0.0,1.0,1.0,0.0,1
"G[1,1](HbA1c <= 12.917 | WeightKg <= 58.623)
",8250455274897147.000,58.623,0.000,1.000,0.000,3,0,0,0,3,0,3,0,1.0,0.0,0.0,1.0,1.0,0.0,1
"G[1,1](((DirectLDL >= 0.000 -> TotalDailyInsPerKg <= 0.000) | AutonomicNeuroCl <= 0.000) -> diagAgeCombo >= 0.000)
",0.000,0.000,0.000,1.000,0.000,3,0,0,0,3,0,3,0,1.0,0.0,0.0,1.0,1.0,0.0,1
"G[1,1](((Pt_DKAFlg >= 0.000 | BGTestAvgNumPtRep <= 1.602) | Pt_A1cGoalLevelDsYr5 >= 0.503) | bmiPerc >= 0.665)
",1.602,1.602,0.000,1.000,0.000,3,0,0,0,3,0,3,0,1.0,0.0,0.0,1.0,1.0,0.0,1
"G[0,1](Pt_FatherT1D <= 0.000 & Pt_A1cGoalLev <= 0.000)
",9999999.000,9999999.000,0.000,1.000,0.000,3,0,0,0,3,0,3,0,1.0,0.0,0.0,1.0,1.0,0.0,1
"G[1,1](((age <= 16.113 -> HbA1cImputeDtMnC <= 45.261) -> Pt_A1cGoalLevelDsYr5 >= 24.311) -> bmiZscore >= 32.577)
",-24.311,-24.311,0.000,1.000,0.000,3,0,0,0,3,0,3,0,1.0,0.0,0.0,1.0,1.0,0.0,1
"G[0,0](((age >= 11.197 | HbA1c <= 11.890) -> diagAgeCombo <= 13.850) & Pt_SiblingT1D <= 12.071)
",-7.558,-11.910,0.000,1.000,0.000,3,0,0,0,3,0,3,0,1.0,0.0,0.0,1.0,1.0,0.0,1
"G[0,1](Pt_A1cGoalLevelDsYr5 <= 0.000 | LDL >= 10.397)
",9999999.000,9999999.000,0.000,1.000,0.000,3,0,0,0,3,0,3,0,1.0,0.0,0.0,1.0,1.0,0.0,1
"G[1,1](((bmiPerc >= 0.473 | Pt_InsGov >= 0.128) | age <= 0.875) | Pt_A1cGoalLev <= 0.676)
",0.875,0.875,0.000,1.000,0.000,3,0,0,0,3,0,3,0,1.0,0.0,0.0,1.0,1.0,0.0,1
"F[0,1](((Pt_SiblingT1D >= 0.000 | BUN >= 11.831) & Pt_ChildT1D >= 11.524) & Pt_GrandparentT1D >= 11.762)
",-9999999.000,-9999999.000,0.000,0.000,1.000,3,0,0,0,3,0,3,0,1.0,0.0,0.0,1.0,1.0,0.0,-1
"G[1,1](((HbA1c >= 10.722 | BUN >= 13.089) & HeightCm <= 18.342) -> LDL <= 16.827)
",-16.827,-16.827,0.000,1.000,0.000,3,0,0,0,3,0,3,0,1.0,0.0,0.0,1.0,1.0,0.0,1
"G[0,1](((Pt_GrandparentT1D >= 0.000 | UnitsInsBasalOrLongAct <= 29.558) | TSH >= 8.217) & WeightKg >= 11.407)
",9999999.000,9999999.000,0.000,1.000,0.000,3,0,0,0,3,0,3,0,1.0,0.0,0.0,1.0,1.0,0.0,1
"G[0,1]((Pt_InsGov <= 0.828 | UnitsInsBasalOrLongAct >= 5.808) | TotalDailyInsPerKg <= 24.040)
",9999999.000,9999999.000,0.000,1.000,0.000,3,0,0,0,3,0,3,0,1.0,0.0,0.0,1.0,1.0,0.0,1
"G[1,1](((GFR >= 30.782 | HeightCm <= 159.954) | Pt_GrandparentT1D <= 159.255) | HeightCm >= 151.652)
",159.954,159.954,0.000,1.000,0.000,3,0,0,0,3,0,3,0,1.0,0.0,0.0,1.0,1.0,0.0,1
"G[0,1]((AlbCreatRat_mggNew >= 2.622 -> HeightCm <= 160.566) | NumPumpBolusOrShortAct <= 162.145)
",9999999.000,9999999.000,0.000,1.000,0.000,3,0,0,0,3,0,3,0,1.0,0.0,0.0,1.0,1.0,0.0,1
"G[1,1]((age >= 12.655 & SMBGperDayPtMeterCombo >= 0.518) | age >= 0.339)
",-0.339,-0.339,0.000,1.000,0.000,3,0,0,0,3,0,3,0,1.0,0.0,0.0,1.0,1.0,0.0,1
"G[0,0]((HeightCm >= 152.908 | UnitsInsBasalOrLongAct <= 20.708) -> Pt_DKAFlg <= 19.432)
",-33.024,-19.857,0.000,1.000,0.000,3,0,0,0,3,0,3,0,1.0,0.0,0.0,1.0,1.0,0.0,1
"G[0,0](age >= 13.139 -> HeightCm >= 147.058)
",13.139,13.139,0.000,1.000,0.000,3,0,0,0,3,0,3,0,1.0,0.0,0.0,1.0,1.0,0.0,1
"G[1,1](AlbCreatRat_mggNew >= 0.374 | BUN >= 13.463)
",-0.374,-0.374,0.000,1.000,0.000,3,0,0,0,3,0,3,0,1.0,0.0,0.0,1.0,1.0,0.0,1
"G[0,1](((Pt_SHFlg <= 0.000 & Pt_DKAFlg <= 0.000) -> Pt_InsGov <= 0.000) -> Pt_A1cGoalLev <= 0.000)
",9999999.000,9999999.000,0.000,1.000,0.000,3,0,0,0,3,0,3,0,1.0,0.0,0.0,1.0,1.0,0.0,1
"G[0,0]((TSH <= 1.920 | age <= 15.292) | AutonomicNeuroCl >= 11.474)
",15.292,15.292,0.000,1.000,0.000,3,0,0,0,3,0,3,0,1.0,0.0,0.0,1.0,1.0,0.0,1
"G[0,0](((Pt_SHFlg <= 0.000 | Pt_FatherT1D >= 0.000) -> Pt_A1cGoalLevelDsYr5 >= 0.000) & AlbCreatRat_mggNew >= 0.000)
",-0.707,-1.206,0.000,1.000,0.000,3,0,0,0,3,0,3,0,1.0,0.0,0.0,1.0,1.0,0.0,1
"G[1,1](((BldPrSys <= 113.436 -> HeightCm >= 154.203) & AlbCreatRat_mggNew <= 161.966) | Pt_SiblingT1D <= 159.775)
",159.775,159.775,0.000,1.000,0.000,3,0,0,0,3,0,3,0,1.0,0.0,0.0,1.0,1.0,0.0,1
"G[0,0](Pt_InsGov >= 0.101 | WeightKg >= 42.328)
",-0.101,-0.101,0.000,1.000,0.000,3,0,0,0,3,0,3,0,1.0,0.0,0.0,1.0,1.0,0.0,1
"F[0,1](((BGTestAvgNumMeter >= 0.345 & HDL <= 35.496) | BGTestAvgNumMeter >= 17.990) | bmiZscore >= 1.256)
",-9999999.000,-9999999.000,0.000,0.000,1.000,2,0,0,1,3,0,2,1,0.6666666666666666,0.0,0.0,1.0,0.6666666666666666,0.33333333333333337,-1
"F[0,1](bmiPerc <= 0.749 & UnitsInsBasalOrLongAct <= 26.411)
",-9999999.000,-9999999.000,0.000,0.000,1.000,2,0,0,1,3,0,2,1,0.6666666666666666,0.0,0.0,1.0,0.6666666666666666,0.33333333333333337,-1
"F[0,1]((LDL <= 52.024 | TSH >= 0.475) -> diagAgeCombo <= 1.387)
",-9999999.000,-9999999.000,0.000,0.000,1.000,2,0,0,1,3,0,2,1,0.6666666666666666,0.0,0.0,1.0,0.6666666666666666,0.33333333333333337,-1
"F[0,0]((GFR >= 7.815 | HbA1c <= 13.053) -> Pt_InsGov >= 9.369)
",-13.866,-12.419,0.000,0.000,1.000,2,0,0,1,3,0,2,1,0.6666666666666666,0.0,0.0,1.0,0.6666666666666666,0.33333333333333337,-1
"F[0,1](((Pt_GrandparentT1D >= 0.000 & Pt_FatherT1D >= 0.000) -> BGTestAvgNumMeter <= 0.000) & Pt_GrandchildT1D >= 0.000)
",-9999999.000,-9999999.000,0.000,0.000,1.000,2,0,0,1,3,0,2,1,0.6666666666666666,0.0,0.0,1.0,0.6666666666666666,0.33333333333333337,-1
"F[0,0]((Pt_CGMUseNumDays <= 0.000 | Pt_CGMUseNumDays <= 0.000) & bmiZscore <= 0.000)
",-8401.000,-8401.000,0.000,0.000,1.000,2,0,0,1,3,0,2,1,0.6666666666666666,0.0,0.0,1.0,0.6666666666666666,0.33333333333333337,-1
"F[1,1](((HbA1cImputeDtMnC >= 19.261 -> BGTestAvgNumPtRep <= 3.515) -> HDL <= 1.846) -> DirectLDL >= 0.644)
",0.644,0.644,0.000,0.000,1.000,2,0,0,1,3,0,2,1,0.6666666666666666,0.0,0.0,1.0,0.6666666666666666,0.33333333333333337,-1
"F[0,0]((LDL >= 5.592 -> Triglyc <= 247.455) -> Pt_A1cGoalLevelDsYr5 >= 52.806)
",2.462,41.023,0.000,0.000,1.000,2,0,0,1,3,0,2,1,0.6666666666666666,0.0,0.0,1.0,0.6666666666666666,0.33333333333333337,-1
"((BUN >= 15.461) U[0,1] (Pt_InsGov >= 0.138))
",-9999999.000,-9999999.000,0.000,0.000,1.000,2,0,0,1,3,0,2,1,0.6666666666666666,0.0,0.0,1.0,0.6666666666666666,0.33333333333333337,-1
"((Pt_GrandparentT1D <= 0.000) U[0,1] (BldPrDia <= 57.360))
",-9999999.000,-9999999.000,0.000,0.000,1.000,2,0,0,1,3,0,2,1,0.6666666666666666,0.0,0.0,1.0,0.6666666666666666,0.33333333333333337,-1
"((BGTestAvgNumPtRep >= 0.084) U[1,2] (diabDur >= 1.239))
",-9999999.000,-9999999.000,0.000,0.000,1.000,2,0,0,1,3,0,2,1,0.6666666666666666,0.0,0.0,1.0,0.6666666666666666,0.33333333333333337,-1
"((HDL >= 13.688) U[0,1] (Pt_InsGov >= 0.142))
",-9999999.000,-9999999.000,0.000,0.000,1.000,2,0,0,1,3,0,2,1,0.6666666666666666,0.0,0.0,1.0,0.6666666666666666,0.33333333333333337,-1
"F[0,1](diabDur <= 3.988 & LDL <= 63.659)
",-9999999.000,-9999999.000,0.000,0.000,1.000,2,0,0,1,3,0,2,1,0.6666666666666666,0.0,0.0,1.0,0.6666666666666666,0.33333333333333337,-1
"F[0,1](((bmi <= 23.250 | bmiPerc <= 0.702) -> Pt_A1cGoalLev <= 0.809) & UnitsInsBasalOrLongAct <= 0.771)
",-9999999.000,-9999999.000,0.000,0.000,1.000,2,0,0,1,3,0,2,1,0.6666666666666666,0.0,0.0,1.0,0.6666666666666666,0.33333333333333337,-1
"F[0,0](((bmiZscore >= -0.066 & HbA1c >= 10.273) | Pt_GrandparentT1D <= 13.937) & age <= 13.281)
",13.281,13.281,0.000,0.000,1.000,2,0,0,1,3,0,2,1,0.6666666666666666,0.0,0.0,1.0,0.6666666666666666,0.33333333333333337,-1
"((GFR <= 116.335) U[1,1] (Triglyc >= 10.172))
",116.335,116.335,0.000,0.000,1.000,2,0,0,1,3,0,2,1,0.6666666666666666,0.0,0.0,1.0,0.6666666666666666,0.33333333333333337,-1
"((BUN >= 15.052) U[1,1] (LDL <= 97.088))
",97.088,97.088,0.000,0.000,1.000,2,0,0,1,3,0,2,1,0.6666666666666666,0.0,0.0,1.0,0.6666666666666666,0.33333333333333337,-1
"((AlbCreatRat_mggNew <= 11.100) U[0,0] (WeightKg <= 51.731))
",40.141,50.065,0.000,0.000,1.000,2,0,0,1,3,0,2,1,0.6666666666666666,0.0,0.0,1.0,0.6666666666666666,0.33333333333333337,-1
"((bmiZscore <= 0.660) U[1,1] (HbA1cImputeDtMnC >= 24.797))
",0.660,0.660,0.000,0.000,1.000,2,0,0,1,3,0,2,1,0.6666666666666666,0.0,0.0,1.0,0.6666666666666666,0.33333333333333337,-1
"G[0,1]((WeightKg >= 35.662 | bmi >= 14.320) -> UnitsInsBasalOrLongAct <= 29.014)
",9999999.000,9999999.000,0.000,1.000,0.000,2,0,0,1,3,0,2,1,0.6666666666666666,0.0,0.0,1.0,0.6666666666666666,0.33333333333333337,1
"G[0,1](((BldPrDia >= 10.043 | diabDur >= 0.227) & DirectLDL <= 3.037) & SMBGperDayPtMeterCombo <= 4.710)
",9999999.000,9999999.000,0.000,1.000,0.000,2,0,0,1,3,0,2,1,0.6666666666666666,0.0,0.0,1.0,0.6666666666666666,0.33333333333333337,1
"G[1,1](TotChol >= 32.485 -> UnitsInsBasalOrLongAct <= 22.302)
",-22.302,-22.302,0.000,1.000,0.000,2,0,0,1,3,0,2,1,0.6666666666666666,0.0,0.0,1.0,0.6666666666666666,0.33333333333333337,1
"G[0,0]((WeightKg >= 47.327 | bmi >= 15.085) -> UnitsInsBasalOrLongAct <= 28.083)
",-2.257,-17.417,0.000,1.000,0.000,2,0,0,1,3,0,2,1,0.6666666666666666,0.0,0.0,1.0,0.6666666666666666,0.33333333333333337,1
"G[0,0](((HbA1cImputeDtMnC <= 45.332 & TSH >= 0.023) | HeightCm <= 1.861) -> AutonomicNeuroCl >= 0.880)
",-6.945,-11.486,0.000,1.000,0.000,2,0,0,1,3,0,2,1,0.6666666666666666,0.0,0.0,1.0,0.6666666666666666,0.33333333333333337,1
"G[0,1]((HbA1cImputeDtMnC >= 4.747 & UnitsInsBasalOrLongAct <= 29.588) | LDL <= 27.841)
",9999999.000,9999999.000,0.000,1.000,0.000,2,0,0,1,3,0,2,1,0.6666666666666666,0.0,0.0,1.0,0.6666666666666666,0.33333333333333337,1
"G[1,1](GFR <= 105.642 -> BUN >= 14.728)
",-7433876877193219.000,-105.642,0.000,1.000,0.000,2,0,0,1,3,0,2,1,0.6666666666666666,0.0,0.0,1.0,0.6666666666666666,0.33333333333333337,1
"G[0,1]((HbA1cImputeDtMnC <= 46.744 & Pt_InsGov <= 0.509) -> TSH <= 0.757)
",9999999.000,9999999.000,0.000,1.000,0.000,2,0,0,1,3,0,2,1,0.6666666666666666,0.0,0.0,1.0,0.6666666666666666,0.33333333333333337,1
"G[0,1](GFR <= 118.431 -> BUN >= 11.656)
",9999999.000,9999999.000,0.000,1.000,0.000,2,0,0,1,3,0,2,1,0.6666666666666666,0.0,0.0,1.0,0.6666666666666666,0.33333333333333337,1
"G[1,1]((UnitsInsBasalOrLongAct <= 27.125 | HbA1c <= 13.230) -> UnitsInsBasalOrLongAct >= 10.766)
",-27.125,-27.125,0.000,1.000,0.000,2,0,0,1,3,0,2,1,0.6666666666666666,0.0,0.0,1.0,0.6666666666666666,0.33333333333333337,1
"G[0,0](bmiZscore > -1.387 & Pt_SHFlg = 0.000)
",-1.475,-29.931,0.000,1.000,0.000,2,0,0,1,3,0,2,1,0.6666666666666666,0.0,0.0,1.0,0.6666666666666666,0.33333333333333337,1
"G[0,1]((WeightKg >= 49.251 | bmi >= 15.619) -> UnitsInsBasalOrLongAct <= 28.742)
",9999999.000,9999999.000,0.000,1.000,0.000,2,0,0,1,3,0,2,1,0.6666666666666666,0.0,0.0,1.0,0.6666666666666666,0.33333333333333337,1
"G[1,1](((Pt_SiblingT1D >= 0.000 -> diagAgeCombo <= 11.000) & Triglyc >= 11.000) -> Pt_DKAFlg >= 11.000)
",11.000,11.000,0.000,1.000,0.000,2,0,0,1,3,0,2,1,0.6666666666666666,0.0,0.0,1.0,0.6666666666666666,0.33333333333333337,1
"G[0,1](GFR <= 115.211 -> BUN >= 11.303)
",9999999.000,9999999.000,0.000,1.000,0.000,2,0,0,1,3,0,2,1,0.6666666666666666,0.0,0.0,1.0,0.6666666666666666,0.33333333333333337,1
"G[0,1](bmi > 17.759 & Pt_SHFlg = 0.000)
",9999999.000,9999999.000,0.000,1.000,0.000,2,0,0,1,3,0,2,1,0.6666666666666666,0.0,0.0,1.0,0.6666666666666666,0.33333333333333337,1
"G[0,1](BUN <= 19.651 & UnitsInsBasalOrLongAct >= 2.873)
",9999999.000,9999999.000,0.000,1.000,0.000,2,0,0,1,3,0,2,1,0.6666666666666666,0.0,0.0,1.0,0.6666666666666666,0.33333333333333337,1
"G[0,1](((bmiZscore >= -1.780 | Pt_InsGov <= 0.768) | Pt_SiblingT1D <= 0.415) & BldPrSys >= 0.103)
",9999999.000,9999999.000,0.000,1.000,0.000,2,0,0,1,3,0,2,1,0.6666666666666666,0.0,0.0,1.0,0.6666666666666666,0.33333333333333337,1
"((AlbCreatRat_mggNew <= 14.833) U[0,0] (BldPrDia >= 27.821))
",1.240,50.730,0.000,0.000,1.000,1,0,0,2,3,0,1,2,0.3333333333333333,0.0,0.0,1.0,0.3333333333333333,0.6666666666666667,-1
"F[1,1]((BGTestAvgNumPtRep >= 0.406 -> Pt_InsGov <= 0.559) & Triglyc <= 0.540)
",-0.559,-0.559,0.000,0.000,1.000,1,0,0,2,3,0,1,2,0.3333333333333333,0.0,0.0,1.0,0.3333333333333333,0.6666666666666667,-1
"F[0,1]((bmi <= 21.575 | UnitsInsBasalOrLongAct >= 8.876) -> HbA1c >= 11.286)
",-9999999.000,-9999999.000,0.000,0.000,1.000,1,0,0,2,3,0,1,2,0.3333333333333333,0.0,0.0,1.0,0.3333333333333333,0.6666666666666667,-1
"((GFR >= 62.271) U[1,2] (LDL <= 72.178))
",-9999999.000,-9999999.000,0.000,0.000,1.000,1,0,0,2,3,0,1,2,0.3333333333333333,0.0,0.0,1.0,0.3333333333333333,0.6666666666666667,-1
"((BGTestAvgNumPtRep <= 3.956) U[0,1] (TotChol >= 48.301))
",-9999999.000,-9999999.000,0.000,0.000,1.000,1,0,0,2,3,0,1,2,0.3333333333333333,0.0,0.0,1.0,0.3333333333333333,0.6666666666666667,-1
"F[0,0]((AlbCreatRat_mggNew >= 9.953 -> TSH >= 0.570) & diagAgeCombo >= 0.333)
",-1.052,-4.841,0.000,0.000,1.000,1,0,0,2,3,0,1,2,0.3333333333333333,0.0,0.0,1.0,0.3333333333333333,0.6666666666666667,-1
"F[0,1]((HDL >= 1.800 | Triglyc >= 131.698) -> UnitsInsBasalOrLongAct >= 46.408)
",-9999999.000,-9999999.000,0.000,0.000,1.000,1,0,0,2,3,0,1,2,0.3333333333333333,0.0,0.0,1.0,0.3333333333333333,0.6666666666666667,-1
"F[0,1](((diagAgeCombo <= 11.000 | BldPrDia >= 1.365) -> Triglyc <= 68.248) -> Pt_FatherT1D >= 28.752)
",-9999999.000,-9999999.000,0.000,0.000,1.000,1,0,0,2,3,0,1,2,0.3333333333333333,0.0,0.0,1.0,0.3333333333333333,0.6666666666666667,-1
"((AlbCreatRat_mggNew >= 7.941) U[0,1] (BldPrSys <= 100.398))
",-9999999.000,-9999999.000,0.000,0.000,1.000,1,0,0,2,3,0,1,2,0.3333333333333333,0.0,0.0,1.0,0.3333333333333333,0.6666666666666667,-1
"F[0,1]((BldPrDia >= 43.882 & Triglyc >= 90.071) -> UnitsInsBasalOrLongAct >= 39.864)
",-9999999.000,-9999999.000,0.000,0.000,1.000,1,0,0,2,3,0,1,2,0.3333333333333333,0.0,0.0,1.0,0.3333333333333333,0.6666666666666667,-1
"F[0,1](((Triglyc <= 388.366 & UnitsInsBasalOrLongAct >= 4.020) | Pt_SHFlg >= 1.551) -> Pt_GrandparentT1D >= 1.017)
",-9999999.000,-9999999.000,0.000,0.000,1.000,1,0,0,2,3,0,1,2,0.3333333333333333,0.0,0.0,1.0,0.3333333333333333,0.6666666666666667,-1
"((AlbCreatRat_mggNew >= 4.702) U[1,2] (GFR <= 91.653))
",-9999999.000,-9999999.000,0.000,0.000,1.000,1,0,0,2,3,0,1,2,0.3333333333333333,0.0,0.0,1.0,0.3333333333333333,0.6666666666666667,-1
"((BldPrSys <= 104.114) U[1,2] (bmiPerc >= 0.262))
",-9999999.000,-9999999.000,0.000,0.000,1.000,1,0,0,2,3,0,1,2,0.3333333333333333,0.0,0.0,1.0,0.3333333333333333,0.6666666666666667,-1
"G[0,1](HbA1c <= 13.673 -> HeightCm <= 159.930)
",9999999.000,9999999.000,0.000,1.000,0.000,1,0,0,2,3,0,1,2,0.3333333333333333,0.0,0.0,1.0,0.3333333333333333,0.6666666666666667,1
"G[1,1]((HeightCm >= 152.793 -> Pt_InsGov <= 0.558) & TSH <= 0.974)
",-0.558,-0.558,0.000,1.000,0.000,1,0,0,2,3,0,1,2,0.3333333333333333,0.0,0.0,1.0,0.3333333333333333,0.6666666666666667,1
"G[0,1](((BUN <= 19.615 | WeightKg <= 55.978) & LDL >= 37.789) | BldPrSys <= 55.807)
",9999999.000,9999999.000,0.000,1.000,0.000,1,0,0,2,3,0,1,2,0.3333333333333333,0.0,0.0,1.0,0.3333333333333333,0.6666666666666667,1
"G[0,1]((AlbCreatRat_mggNew <= 13.500 -> HDL >= 1.710) -> Pt_SHFlg >= 17.465)
",9999999.000,9999999.000,0.000,1.000,0.000,1,0,0,2,3,0,1,2,0.3333333333333333,0.0,0.0,1.0,0.3333333333333333,0.6666666666666667,1
"G[0,1]((HbA1cImputeDtMnC <= 44.096 | WeightKg <= 53.363) | Pt_A1cGoalLev >= 39.197)
",9999999.000,9999999.000,0.000,1.000,0.000,1,0,0,2,3,0,1,2,0.3333333333333333,0.0,0.0,1.0,0.3333333333333333,0.6666666666666667,1
"G[0,1](((bmi <= 20.516 | TSH <= 1.116) | Pt_DKAFlg >= 0.244) & bmiPerc <= 1.350)
",9999999.000,9999999.000,0.000,1.000,0.000,1,0,0,2,3,0,1,2,0.3333333333333333,0.0,0.0,1.0,0.3333333333333333,0.6666666666666667,1
"G[0,0]((diabDur >= 1.861 & BUN >= 13.704) | BldPrSys <= 17.690)
",17.690,17.690,0.000,1.000,0.000,1,0,0,2,3,0,1,2,0.3333333333333333,0.0,0.0,1.0,0.3333333333333333,0.6666666666666667,1
"F[0,1]((bmiPerc <= 0.777 | HbA1cImputeDtMnC >= 2.288) & HbA1cImputeDtMnC >= 25.578)
",-9999999.000,-9999999.000,0.000,0.000,1.000,1,0,0,2,3,0,1,2,0.3333333333333333,0.0,0.0,1.0,0.3333333333333333,0.6666666666666667,-1
"G[0,1](((HDL <= 24.734 & DirectLDL >= 0.000) | Pt_DKAFlg >= 0.000) & TSH <= 0.000)
",9999999.000,9999999.000,0.000,1.000,0.000,1,0,0,2,3,0,1,2,0.3333333333333333,0.0,0.0,1.0,0.3333333333333333,0.6666666666666667,1
"G[0,1](((TotChol <= 127.662 | BUN >= 13.643) | Pt_GrandparentT1D >= 14.434) | BGTestAvgNumPtRep >= 15.146)
",9999999.000,9999999.000,0.000,1.000,0.000,1,0,0,2,3,0,1,2,0.3333333333333333,0.0,0.0,1.0,0.3333333333333333,0.6666666666666667,1
"G[1,1]((GFR <= 85.397 -> WeightKg <= 53.410) -> Pt_CGMUseNumDays >= 47.880)
",47.880,47.880,0.000,1.000,0.000,1,0,0,2,3,0,1,2,0.3333333333333333,0.0,0.0,1.0,0.3333333333333333,0.6666666666666667,1
"G[0,0](((bmiPerc <= 0.765 -> SMBGperDayPtMeterCombo <= 2.793) | SMBGperDayPtMeterCombo >= 0.700) & SMBGperDayPtMeterCombo <= 1.635)
",-1.437,-44.477,0.000,1.000,0.000,1,0,0,2,3,0,1,2,0.3333333333333333,0.0,0.0,1.0,0.3333333333333333,0.6666666666666667,1
"((diabDur <= 4.766) U[1,1] (HDL <= 38.600))
",38.600,38.600,0.000,0.000,1.000,1,0,0,2,3,0,1,2,0.3333333333333333,0.0,0.0,1.0,0.3333333333333333,0.6666666666666667,-1
"((GFR <= 110.736) U[0,0] (TotChol >= 50.771))
",88.384,111.023,0.000,0.000,1.000,1,0,0,2,3,0,1,2,0.3333333333333333,0.0,0.0,1.0,0.3333333333333333,0.6666666666666667,-1
"((age >= 13.515) U[1,2] (Pt_InsGov <= 0.259))
",-9999999.000,-9999999.000,0.000,0.000,1.000,1,0,0,2,3,0,1,2,0.3333333333333333,0.0,0.0,1.0,0.3333333333333333,0.6666666666666667,-1
"((HbA1cImputeDtMnC <= 40.217) U[1,2] (LDL >= 30.848))
",-9999999.000,-9999999.000,0.000,0.000,1.000,1,0,0,2,3,0,1,2,0.3333333333333333,0.0,0.0,1.0,0.3333333333333333,0.6666666666666667,-1
"((BGTestAvgNumMeter >= 0.394) U[0,0] (BGTestAvgNumPtRep <= 1.276))
",1.510,19.496,0.000,0.000,1.000,1,0,0,2,3,0,1,2,0.3333333333333333,0.0,0.0,1.0,0.3333333333333333,0.6666666666666667,-1
"((HDL <= 27.070) U[0,1] (TSH <= 1.154))
",-9999999.000,-9999999.000,0.000,0.000,1.000,1,0,0,2,3,0,1,2,0.3333333333333333,0.0,0.0,1.0,0.3333333333333333,0.6666666666666667,-1
"((UnitsInsBasalOrLongAct < 29.274) U[1,2] (Pt_SHFlg = 0.000))
",-9999999.000,-9999999.000,0.000,0.000,1.000,1,0,0,2,3,0,1,2,0.3333333333333333,0.0,0.0,1.0,0.3333333333333333,0.6666666666666667,-1
"((Pt_A1cGoalLev <= 0.000) U[0,0] (Pt_InsGov <= 0.680))
",0.680,0.680,0.000,0.000,1.000,1,0,0,2,3,0,1,2,0.3333333333333333,0.0,0.0,1.0,0.3333333333333333,0.6666666666666667,-1
"F[0,1](TSH >= 0.704 & Pt_SHFlg >= 0.000)
",-9999999.000,-9999999.000,0.000,0.000,1.000,1,0,0,2,3,0,1,2,0.3333333333333333,0.0,0.0,1.0,0.3333333333333333,0.6666666666666667,-1
"((BGTestAvgNumMeter >= 0.310) U[0,0] (BGTestAvgNumPtRep <= 2.319))
",1.597,19.899,0.000,0.000,1.000,1,0,0,2,3,0,1,2,0.3333333333333333,0.0,0.0,1.0,0.3333333333333333,0.6666666666666667,-1
"F[0,1]((GFR <= 107.795 | diabDur >= 2.194) & TotChol <= 4.527)
",-9999999.000,-9999999.000,0.000,0.000,1.000,1,0,0,2,3,0,1,2,0.3333333333333333,0.0,0.0,1.0,0.3333333333333333,0.6666666666666667,-1
"((BldPrDia <= 72.119) U[0,0] (Pt_InsGov <= 0.493))
",0.722,24.369,0.000,0.000,1.000,1,0,0,2,3,0,1,2,0.3333333333333333,0.0,0.0,1.0,0.3333333333333333,0.6666666666666667,-1
"F[0,1](LDL <= 85.888 -> BUN <= 18.555)
",-9999999.000,-9999999.000,0.000,0.000,1.000,1,0,0,2,3,0,1,2,0.3333333333333333,0.0,0.0,1.0,0.3333333333333333,0.6666666666666667,-1
"((HeightCm >= 150.945) U[0,1] (TotChol <= 185.901))
",-9999999.000,-9999999.000,0.000,0.000,1.000,0,0,0,3,3,0,0,3,0.0,0.0,0.0,0.0,0.0,1.0,-1
"F[0,2](diabDur <= 4.818 & Pt_MotherT1D >= 0.000)
",-9999999.000,-9999999.000,0.000,0.000,1.000,0,0,0,3,3,0,0,3,0.0,0.0,0.0,0.0,0.0,1.0,-1
"F[0,1](((Pt_FatherT1D >= 0.000 & diabDur <= 3.764) & Pt_DKAFlg >= 0.921) | TotalDailyInsPerKg <= 3.128)
",-9999999.000,-9999999.000,0.000,0.000,1.000,0,0,0,3,3,0,0,3,0.0,0.0,0.0,0.0,0.0,1.0,-1
"F[1,2]((bmi >= 14.740 & Pt_ChildT1D >= 0.000) -> diabDur >= 0.000)
",-9999999.000,-9999999.000,0.000,0.000,1.000,0,0,0,3,3,0,0,3,0.0,0.0,0.0,0.0,0.0,1.0,-1
"F[0,1](Pt_InsGov >= 0.151 | HeightCm >= 145.863)
",-9999999.000,-9999999.000,0.000,0.000,1.000,0,0,0,3,3,0,0,3,0.0,0.0,0.0,0.0,0.0,1.0,-1
"((Pt_SiblingT1D <= 0.000) U[1,2] (HeightCm <= 159.711))
",-9999999.000,-9999999.000,0.000,0.000,1.000,0,0,0,3,3,0,0,3,0.0,0.0,0.0,0.0,0.0,1.0,-1
"F[0,2]((Pt_GrandparentT1D >= 0.000 | TotChol <= 111.224) | UnitsInsBasalOrLongAct <= 130.220)
",-9999999.000,-9999999.000,0.000,0.000,1.000,0,0,0,3,3,0,0,3,0.0,0.0,0.0,0.0,0.0,1.0,-1
"F[0,2]((bmiZscore >= -1.220 -> diabDur <= 3.703) -> DirectLDL >= 0.390)
",-9999999.000,-9999999.000,0.000,0.000,1.000,0,0,0,3,3,0,0,3,0.0,0.0,0.0,0.0,0.0,1.0,-1
"F[1,2]((Pt_GrandparentT1D >= 0.000 | diagAgeCombo <= 11.000) | Pt_InsGov <= 11.000)
",-9999999.000,-9999999.000,0.000,0.000,1.000,0,0,0,3,3,0,0,3,0.0,0.0,0.0,0.0,0.0,1.0,-1
"F[1,2]((WeightKg <= 57.077 -> AutonomicNeuroCl >= 0.000) & Pt_GrandchildT1D >= 0.000)
",-9999999.000,-9999999.000,0.000,0.000,1.000,0,0,0,3,3,0,0,3,0.0,0.0,0.0,0.0,0.0,1.0,-1
"F[2,2]((TSH >= 0.451 | HbA1c <= 12.231) & DirectLDL <= 12.201)
",6868510967708805.000,12.201,0.000,0.000,1.000,0,0,0,3,3,0,0,3,0.0,0.0,0.0,0.0,0.0,1.0,-1
"F[2,2](BGTestAvgNumMeter <= 2.962 | HbA1c >= 9.374)
",2.962,2.962,0.000,0.000,1.000,0,0,0,3,3,0,0,3,0.0,0.0,0.0,0.0,0.0,1.0,-1
"F[1,1](((Pt_InsGov >= 0.009 | BGTestAvgNumMeter <= 1.703) -> SMBGperDayPtMeterCombo <= 1.629) & diabDur >= 0.253)
",-1.703,-1.703,0.000,0.000,1.000,0,0,0,3,3,0,0,3,0.0,0.0,0.0,0.0,0.0,1.0,-1
"((Pt_SiblingT1D >= 0.000) U[0,2] (Pt_GrandchildT1D >= 0.000))
",-9999999.000,-9999999.000,0.000,0.000,1.000,0,0,0,3,3,0,0,3,0.0,0.0,0.0,0.0,0.0,1.0,-1
"F[2,2](((Pt_GrandchildT1D <= 0.000 -> Pt_A1cGoalLev >= 0.000) & HeightCm <= 0.000) -> Triglyc <= 0.000)
",0.000,0.000,0.000,0.000,1.000,0,0,0,3,3,0,0,3,0.0,0.0,0.0,0.0,0.0,1.0,-1
"F[0,2](((Pt_GrandparentT1D <= 0.000 | Pt_DKAFlg >= 0.000) | Pt_A1cGoalLevelDsYr5 >= 0.000) & AutonomicNeuroCl >= 0.000)
",-9999999.000,-9999999.000,0.000,0.000,1.000,0,0,0,3,3,0,0,3,0.0,0.0,0.0,0.0,0.0,1.0,-1
"F[1,2](((NumPumpBolusOrShortAct <= 0.000 | Pt_GrandparentT1D >= 0.000) & Triglyc >= 0.000) & BUN >= 0.000)
",-9999999.000,-9999999.000,0.000,0.000,1.000,0,0,0,3,3,0,0,3,0.0,0.0,0.0,0.0,0.0,1.0,-1
"F[1,2](Pt_DKAFlg >= 0.000 & Pt_MotherT1D <= 0.000)
",-9999999.000,-9999999.000,0.000,0.000,1.000,0,0,0,3,3,0,0,3,0.0,0.0,0.0,0.0,0.0,1.0,-1
"F[0,2]((UnitsInsBasalOrLongAct <= 28.937 -> Pt_InsGov <= 0.256) -> GFR <= 0.358)
",-9999999.000,-9999999.000,0.000,0.000,1.000,0,0,0,3,3,0,0,3,0.0,0.0,0.0,0.0,0.0,1.0,-1
"F[0,2](((Triglyc <= 340.680 -> Pt_A1cGoalLev <= 0.000) & Pt_GrandchildT1D >= 0.000) -> GFR >= 0.000)
",-9999999.000,-9999999.000,0.000,0.000,1.000,0,0,0,3,3,0,0,3,0.0,0.0,0.0,0.0,0.0,1.0,-1
"F[1,2](HeightCm <= 158.643 | diagAgeCombo <= 11.000)
",-9999999.000,-9999999.000,0.000,0.000,1.000,0,0,0,3,3,0,0,3,0.0,0.0,0.0,0.0,0.0,1.0,-1
"((Pt_ChildT1D >= 0.000) U[0,1] (HDL <= 40.409))
",-9999999.000,-9999999.000,0.000,0.000,1.000,0,0,0,3,3,0,0,3,0.0,0.0,0.0,0.0,0.0,1.0,-1
"F[0,2](bmiZscore <= 0.691 & TotChol >= 34.456)
",-9999999.000,-9999999.000,0.000,0.000,1.000,0,0,0,3,3,0,0,3,0.0,0.0,0.0,0.0,0.0,1.0,-1
"F[0,2]((BGTestAvgNumPtRep >= 0.263 -> WeightKg <= 57.429) -> Pt_A1cGoalLevelDsYr5 >= 47.086)
",-9999999.000,-9999999.000,0.000,0.000,1.000,0,0,0,3,3,0,0,3,0.0,0.0,0.0,0.0,0.0,1.0,-1
"F[1,2](((BGTestAvgNumPtRep >= 0.424 -> Pt_SiblingT1D >= 0.000) | HeightCm >= 0.000) & TotChol <= 0.000)
",-9999999.000,-9999999.000,0.000,0.000,1.000,0,0,0,3,3,0,0,3,0.0,0.0,0.0,0.0,0.0,1.0,-1
"F[0,2](((AutonomicNeuroCl <= 0.000 | bmiPerc <= 0.661) | Pt_DKAFlg <= 0.746) & SMBGperDayPtMeterCombo >= 0.563)
",-9999999.000,-9999999.000,0.000,0.000,1.000,0,0,0,3,3,0,0,3,0.0,0.0,0.0,0.0,0.0,1.0,-1
"F[0,1](((BldPrSys <= 113.530 | Pt_SiblingT1D >= 0.000) | NumPumpBolusOrShortAct >= 0.000) | Pt_FatherT1D >= 0.000)
",-9999999.000,-9999999.000,0.000,0.000,1.000,0,0,0,3,3,0,0,3,0.0,0.0,0.0,0.0,0.0,1.0,-1
"((diagAgeCombo >= 11.000) U[0,1] (Pt_CGMUseNumDays <= 0.000))
",-9999999.000,-9999999.000,0.000,0.000,1.000,0,0,0,3,3,0,0,3,0.0,0.0,0.0,0.0,0.0,1.0,-1
"F[2,2](((HeightCm >= 153.310 & Pt_SiblingT1D <= 0.000) | BUN <= 0.000) | Triglyc <= 0.000)
",0.000,0.000,0.000,0.000,1.000,0,0,0,3,3,0,0,3,0.0,0.0,0.0,0.0,0.0,1.0,-1
"((Pt_ChildT1D <= 0.000) U[0,2] (BGTestAvgNumPtRep >= 0.249))
",-9999999.000,-9999999.000,0.000,0.000,1.000,0,0,0,3,3,0,0,3,0.0,0.0,0.0,0.0,0.0,1.0,-1
"((Pt_InsGov <= 0.244) U[0,2] (BldPrSys >= 35.855))
",-9999999.000,-9999999.000,0.000,0.000,1.000,0,0,0,3,3,0,0,3,0.0,0.0,0.0,0.0,0.0,1.0,-1
"F[2,2]((Pt_MotherT1D <= 0.000 & LDL >= 31.084) & TSH <= 62.600)
",-31.084,-31.084,0.000,0.000,1.000,0,0,0,3,3,0,0,3,0.0,0.0,0.0,0.0,0.0,1.0,-1
"F[0,0](UnitsInsBasalOrLongAct >= 15.916 -> diagAgeCombo <= 11.000)
",-0.690,-3.723,0.000,0.000,1.000,0,0,0,3,3,0,0,3,0.0,0.0,0.0,0.0,0.0,1.0,-1
"F[1,1](((AutonomicNeuroCl <= 0.000 & UnitsInsBasalOrLongAct >= 12.503) & Pt_CGMUseNumDays <= 24.117) -> BldPrDia >= 12.439)
",12.439,12.439,0.000,0.000,1.000,0,0,0,3,3,0,0,3,0.0,0.0,0.0,0.0,0.0,1.0,-1
"F[1,2](((AutonomicNeuroCl >= 0.000 | bmiPerc <= 0.649) -> HbA1cImputeDtMnC <= 0.770) | diabDur <= 0.640)
",-9999999.000,-9999999.000,0.000,0.000,1.000,0,0,0,3,3,0,0,3,0.0,0.0,0.0,0.0,0.0,1.0,-1
"F[1,2](BGTestAvgNumMeter >= 0.796 & GFR <= 95.138)
",-9999999.000,-9999999.000,0.000,0.000,1.000,0,0,0,3,3,0,0,3,0.0,0.0,0.0,0.0,0.0,1.0,-1
"((bmiPerc >= 0.423) U[2,2] (Pt_SiblingT1D <= 0.000))
",0.000,0.000,0.000,0.000,1.000,0,0,0,3,3,0,0,3,0.0,0.0,0.0,0.0,0.0,1.0,-1
"F[0,2]((Pt_SHFlg <= 0.000 & DirectLDL >= 0.000) & BUN <= 0.000)
",-9999999.000,-9999999.000,0.000,0.000,1.000,0,0,0,3,3,0,0,3,0.0,0.0,0.0,0.0,0.0,1.0,-1
"F[0,1](((Pt_MotherT1D >= 0.000 & HbA1c >= 10.881) | Pt_MotherT1D >= 9.504) -> diabDur <= 13.800)
",-9999999.000,-9999999.000,0.000,0.000,1.000,0,0,0,3,3,0,0,3,0.0,0.0,0.0,0.0,0.0,1.0,-1
"F[1,2](bmiPerc >= 0.297 | Pt_SHFlg <= 0.000)
",-9999999.000,-9999999.000,0.000,0.000,1.000,0,0,0,3,3,0,0,3,0.0,0.0,0.0,0.0,0.0,1.0,-1
"F[0,1](HbA1cImputeDtMnC <= 63.245 -> Pt_A1cGoalLev <= 0.000)
",-9999999.000,-9999999.000,0.000,0.000,1.000,0,0,0,3,3,0,0,3,0.0,0.0,0.0,0.0,0.0,1.0,-1
"G[1,2](age <= 15.332 | bmiPerc <= 0.644)
",9999999.000,9999999.000,0.000,1.000,0.000,0,0,3,0,0,3,3,0,0.0,0.0,1.0,0.0,0.0,1.0,1
"F[1,2]((Pt_SiblingT1D <= 0.000 -> Pt_CGMUseNumDays >= 0.000) & Triglyc <= 0.000)
",-9999999.000,-9999999.000,0.000,0.000,1.000,0,0,0,3,3,0,0,3,0.0,0.0,0.0,0.0,0.0,1.0,-1
"F[2,2]((Pt_SiblingT1D >= 0.000 -> Pt_CGMUseNumDays <= 0.000) -> TotalDailyInsPerKg <= 0.000)
",0.000,0.000,0.000,0.000,1.000,0,0,0,3,3,0,0,3,0.0,0.0,0.0,0.0,0.0,1.0,-1
"F[1,2](((WeightKg >= 37.724 -> Pt_A1cGoalLev >= 0.000) & Pt_FatherT1D <= 0.000) -> TSH <= 0.000)
",-9999999.000,-9999999.000,0.000,0.000,1.000,0,0,0,3,3,0,0,3,0.0,0.0,0.0,0.0,0.0,1.0,-1
"F[0,2]((Pt_MotherT1D >= 0.000 & TotChol <= 225.639) | HDL <= 213.238)
",-9999999.000,-9999999.000,0.000,0.000,1.000,0,0,0,3,3,0,0,3,0.0,0.0,0.0,0.0,0.0,1.0,-1
"F[0,1]((HDL >= 7.392 & DirectLDL >= 0.000) | TotalDailyInsPerKg <= 0.000)
",-9999999.000,-9999999.000,0.000,0.000,1.000,0,0,0,3,3,0,0,3,0.0,0.0,0.0,0.0,0.0,1.0,-1
"F[0,2](((HeightCm >= 149.080 & Pt_FatherT1D <= 0.000) -> HbA1cImputeDtMnC <= 0.000) -> DirectLDL >= 0.000)
",-9999999.000,-9999999.000,0.000,0.000,1.000,0,0,0,3,3,0,0,3,0.0,0.0,0.0,0.0,0.0,1.0,-1
"F[0,1]((diabDur <= 4.006 | AutonomicNeuroCl >= 0.000) & Pt_FatherT1D >= 0.000)
",-9999999.000,-9999999.000,0.000,0.000,1.000,0,0,0,3,3,0,0,3,0.0,0.0,0.0,0.0,0.0,1.0,-1
"((Pt_SiblingT1D >= 0.000) U[0,1] (diabDur <= 4.728))
",-9999999.000,-9999999.000,0.000,0.000,1.000,0,0,0,3,3,0,0,3,0.0,0.0,0.0,0.0,0.0,1.0,-1
"((Pt_SiblingT1D >= 0.000) U[1,2] (BUN <= 18.096))
",-9999999.000,-9999999.000,0.000,0.000,1.000,0,0,0,3,3,0,0,3,0.0,0.0,0.0,0.0,0.0,1.0,-1
"F[2,2](((SMBGperDayPtMeterCombo <= 2.578 & Pt_GrandchildT1D >= 0.000) -> NumPumpBolusOrShortAct >= 0.000) -> DirectLDL >= 0.000)
",0.000,0.000,0.000,0.000,1.000,0,0,0,3,3,0,0,3,0.0,0.0,0.0,0.0,0.0,1.0,-1
"F[0,2](((LDL >= 11.473 & Pt_CGMUseNumDays <= 0.000) -> BUN <= 0.000) -> Pt_SHFlg <= 0.000)
",-9999999.000,-9999999.000,0.000,0.000,1.000,0,0,0,3,3,0,0,3,0.0,0.0,0.0,0.0,0.0,1.0,-1
"((HbA1c >= 10.138) U[0,1] (HeightCm >= 148.993))
",-9999999.000,-9999999.000,0.000,0.000,1.000,0,0,0,3,3,0,0,3,0.0,0.0,0.0,0.0,0.0,1.0,-1
"F[1,2](((DirectLDL <= 0.000 -> DirectLDL >= 0.000) -> Pt_FatherT1D <= 0.000) -> UnitsInsBasalOrLongAct <= 0.000)
",-9999999.000,-9999999.000,0.000,0.000,1.000,0,0,0,3,3,0,0,3,0.0,0.0,0.0,0.0,0.0,1.0,-1
"F[0,1]((Pt_DKAFlg >= 0.000 | Pt_GrandchildT1D <= 0.000) & Pt_FatherT1D <= 0.000)
",-9999999.000,-9999999.000,0.000,0.000,1.000,0,0,0,3,3,0,0,3,0.0,0.0,0.0,0.0,0.0,1.0,-1
"F[0,2]((Pt_SiblingT1D <= 0.000 -> Pt_CGMUseNumDays <= 0.000) -> Pt_A1cGoalLev >= 0.000)
",-9999999.000,-9999999.000,0.000,0.000,1.000,0,0,0,3,3,0,0,3,0.0,0.0,0.0,0.0,0.0,1.0,-1
"F[0,1]((HDL <= 39.249 | NumPumpBolusOrShortAct <= 0.000) & bmi >= 0.000)
",-9999999.000,-9999999.000,0.000,0.000,1.000,0,0,0,3,3,0,0,3,0.0,0.0,0.0,0.0,0.0,1.0,-1
"F[1,1](HbA1cImputeDtMnC >= -1.643 | LDL <= 57.596)
",57.596,57.596,0.000,0.000,1.000,0,0,0,3,3,0,0,3,0.0,0.0,0.0,0.0,0.0,1.0,-1
"F[0,1](Pt_CGMUseNumDays <= 0.000 -> bmiZscore <= 0.808)
",-9999999.000,-9999999.000,0.000,0.000,1.000,0,0,0,3,3,0,0,3,0.0,0.0,0.0,0.0,0.0,1.0,-1
"((Pt_A1cGoalLevelDsYr5 >= 0.000) U[0,2] (DirectLDL <= 0.000))
",-9999999.000,-9999999.000,0.000,0.000,1.000,0,0,0,3,3,0,0,3,0.0,0.0,0.0,0.0,0.0,1.0,-1
"F[0,2](((NumPumpBolusOrShortAct <= 0.000 -> diagAgeCombo <= 11.000) | diabDur >= 11.000) -> AutonomicNeuroCl <= 11.000)
",-9999999.000,-9999999.000,0.000,0.000,1.000,0,0,0,3,3,0,0,3,0.0,0.0,0.0,0.0,0.0,1.0,-1
"((TSH <= 1.352) U[0,2] (TSH <= 1.925))
",-9999999.000,-9999999.000,0.000,0.000,1.000,0,0,0,3,3,0,0,3,0.0,0.0,0.0,0.0,0.0,1.0,-1
"F[0,2](((BGTestAvgNumMeter >= 0.080 -> Pt_DKAFlg <= 0.000) & AutonomicNeuroCl >= 0.000) -> bmiPerc >= 0.000)
",-9999999.000,-9999999.000,0.000,0.000,1.000,0,0,0,3,3,0,0,3,0.0,0.0,0.0,0.0,0.0,1.0,-1
"F[1,2]((diagAgeCombo >= 11.000 | AutonomicNeuroCl <= 0.000) | Triglyc <= 0.000)
",-9999999.000,-9999999.000,0.000,0.000,1.000,0,0,0,3,3,0,0,3,0.0,0.0,0.0,0.0,0.0,1.0,-1
"F[1,1]((Pt_A1cGoalLevelDsYr5 <= 0.000 | Pt_GrandchildT1D <= 0.000) | diabDur >= 0.000)
",0.000,0.000,0.000,0.000,1.000,0,0,0,3,3,0,0,3,0.0,0.0,0.0,0.0,0.0,1.0,-1
"F[2,2](((DirectLDL <= 0.000 | Triglyc >= 8.460) & HbA1cImputeDtMnC >= 134.132) & SMBGperDayPtMeterCombo >= 133.177)
",-134.132,-134.132,0.000,0.000,1.000,0,0,0,3,3,0,0,3,0.0,0.0,0.0,0.0,0.0,1.0,-1
"F[0,2]((DirectLDL <= 0.000 | diagAgeCombo <= 11.000) & Pt_A1cGoalLev >= 11.000)
",-9999999.000,-9999999.000,0.000,0.000,1.000,0,0,0,3,3,0,0,3,0.0,0.0,0.0,0.0,0.0,1.0,-1
"F[0,1]((Pt_SHFlg >= 0.000 -> Pt_DKAFlg <= 0.000) & Pt_CGMUseNumDays >= 0.000)
",-9999999.000,-9999999.000,0.000,0.000,1.000,0,0,0,3,3,0,0,3,0.0,0.0,0.0,0.0,0.0,1.0,-1
"F[0,1](bmiZscore <= 0.603 -> NumPumpBolusOrShortAct >= 0.000)
",-9999999.000,-9999999.000,0.000,0.000,1.000,0,0,0,3,3,0,0,3,0.0,0.0,0.0,0.0,0.0,1.0,-1
"F[0,1]((bmiZscore >= -1.104 & Pt_SHFlg >= 0.000) & Pt_GrandparentT1D <= 0.000)
",-9999999.000,-9999999.000,0.000,0.000,1.000,0,0,0,3,3,0,0,3,0.0,0.0,0.0,0.0,0.0,1.0,-1
"F[1,2](((Triglyc >= 100.794 -> HbA1c >= 11.054) & TotalDailyInsPerKg <= 12.683) | AutonomicNeuroCl >= 10.339)
",-9999999.000,-9999999.000,0.000,0.000,1.000,0,0,0,3,3,0,0,3,0.0,0.0,0.0,0.0,0.0,1.0,-1
"F[2,2]((BGTestAvgNumPtRep >= 0.425 & Pt_GrandparentT1D >= 0.000) & SMBGperDayPtMeterCombo >= 0.000)
",-0.425,-0.425,0.000,0.000,1.000,0,0,0,3,3,0,0,3,0.0,0.0,0.0,0.0,0.0,1.0,-1
"F[1,2](HbA1c <= 13.829 -> LDL <= 59.888)
",-9999999.000,-9999999.000,0.000,0.000,1.000,0,0,0,3,3,0,0,3,0.0,0.0,0.0,0.0,0.0,1.0,-1
"F[1,1](Pt_MotherT1D <= 0.000 -> TotalDailyInsPerKg >= 0.000)
",0.000,0.000,0.000,0.000,1.000,0,0,0,3,3,0,0,3,0.0,0.0,0.0,0.0,0.0,1.0,-1
"F[1,2](((TotalDailyInsPerKg <= 0.000 & HDL <= 26.591) & NumPumpBolusOrShortAct >= 10.182) | HbA1cImputeDtMnC <= 42.823)
",-9999999.000,-9999999.000,0.000,0.000,1.000,0,0,0,3,3,0,0,3,0.0,0.0,0.0,0.0,0.0,1.0,-1
"F[2,2](((diabDur >= 0.851 | Pt_InsGov >= 0.116) -> age >= 0.164) & Pt_ChildT1D >= 0.013)
",-7442436727694283.000,-0.013,0.000,0.000,1.000,0,0,0,3,3,0,0,3,0.0,0.0,0.0,0.0,0.0,1.0,-1
"F[2,2](WeightKg <= 56.845 -> AlbCreatRat_mggNew <= 13.117)
",-8000267717963285.000,-56.845,0.000,0.000,1.000,0,0,0,3,3,0,0,3,0.0,0.0,0.0,0.0,0.0,1.0,-1
"F[0,1](Pt_ChildT1D <= 0.000 | diagAgeCombo <= 11.000)
",-9999999.000,-9999999.000,0.000,0.000,1.000,0,0,0,3,3,0,0,3,0.0,0.0,0.0,0.0,0.0,1.0,-1
"F[1,1]((bmi <= 23.235 | bmiPerc >= 0.323) & Pt_InsGov <= 0.620)
",0.620,0.620,0.000,0.000,1.000,0,0,0,3,3,0,0,3,0.0,0.0,0.0,0.0,0.0,1.0,-1
"F[0,2](((Pt_A1cGoalLevelDsYr5 <= 0.000 -> BldPrDia >= 49.138) -> Triglyc >= 23.512) -> Pt_SHFlg >= 40.325)
",-9999999.000,-9999999.000,0.000,0.000,1.000,0,0,0,3,3,0,0,3,0.0,0.0,0.0,0.0,0.0,1.0,-1
"F[1,2]((HbA1cImputeDtMnC <= 47.466 | TotalDailyInsPerKg <= 0.000) & bmiZscore <= 0.000)
",-9999999.000,-9999999.000,0.000,0.000,1.000,0,0,0,3,3,0,0,3,0.0,0.0,0.0,0.0,0.0,1.0,-1
"F[1,2]((UnitsInsBasalOrLongAct >= 8.583 | WeightKg <= 52.529) -> diabDur >= 37.001)
",-9999999.000,-9999999.000,0.000,0.000,1.000,0,0,0,3,3,0,0,3,0.0,0.0,0.0,0.0,0.0,1.0,-1
"F[1,2](((bmiPerc <= 0.764 | HDL <= 35.829) -> GFR >= 12.531) -> Pt_SHFlg <= 32.529)
",-9999999.000,-9999999.000,0.000,0.000,1.000,0,0,0,3,3,0,0,3,0.0,0.0,0.0,0.0,0.0,1.0,-1
"F[0,0](((bmi <= 21.674 | WeightKg <= 57.474) | HDL >= 36.333) -> Pt_A1cGoalLevelDsYr5 <= 57.871)
",-4.970,-67.470,0.000,0.000,1.000,0,0,0,3,3,0,0,3,0.0,0.0,0.0,0.0,0.0,1.0,-1
"F[0,2](Pt_A1cGoalLevelDsYr5 <= 0.000 & Triglyc <= 354.140)
",-9999999.000,-9999999.000,0.000,0.000,1.000,0,0,0,3,3,0,0,3,0.0,0.0,0.0,0.0,0.0,1.0,-1
"F[0,1](BGTestAvgNumPtRep >= 0.587 | bmiPerc >= 0.060)
",-9999999.000,-9999999.000,0.000,0.000,1.000,0,0,0,3,3,0,0,3,0.0,0.0,0.0,0.0,0.0,1.0,-1
"F[0,2](((bmiPerc >= 0.148 -> TotChol >= 50.793) & Triglyc <= 137.562) -> Pt_InsGov >= 7.630)
",-9999999.000,-9999999.000,0.000,0.000,1.000,0,0,0,3,3,0,0,3,0.0,0.0,0.0,0.0,0.0,1.0,-1
"((BGTestAvgNumPtRep <= 2.217) U[0,2] (BUN <= 20.019))
",-9999999.000,-9999999.000,0.000,0.000,1.000,0,0,0,3,3,0,0,3,0.0,0.0,0.0,0.0,0.0,1.0,-1
"F[2,2]((BldPrDia <= 69.081 | TSH <= 1.430) | Pt_GrandparentT1D <= 1.676)
",69.081,69.081,0.000,0.000,1.000,0,0,0,3,3,0,0,3,0.0,0.0,0.0,0.0,0.0,1.0,-1
"F[1,1](((BldPrSys >= 25.672 -> TotChol >= 60.651) | BGTestAvgNumPtRep >= 73.228) -> Pt_GrandparentT1D <= 190.288)
",-6695162884259035.000,-190.288,0.000,0.000,1.000,0,0,0,3,3,0,0,3,0.0,0.0,0.0,0.0,0.0,1.0,-1
"F[0,1]((bmiZscore >= -1.786 | Triglyc <= 330.352) | diabDur >= 58.073)
",-9999999.000,-9999999.000,0.000,0.000,1.000,0,0,0,3,3,0,0,3,0.0,0.0,0.0,0.0,0.0,1.0,-1
"F[0,1](((BldPrSys >= 29.976 | LDL >= 21.123) -> BGTestAvgNumPtRep >= 0.348) -> Triglyc >= 42.315)
",-9999999.000,-9999999.000,0.000,0.000,1.000,0,0,0,3,3,0,0,3,0.0,0.0,0.0,0.0,0.0,1.0,-1
"((BGTestAvgNumPtRep <= 3.380) U[2,2] (HbA1c <= 13.878))
",13.878,13.878,0.000,0.000,1.000,0,0,0,3,3,0,0,3,0.0,0.0,0.0,0.0,0.0,1.0,-1
"F[0,1](((age <= 14.705 & TSH <= 1.368) | Pt_FatherT1D >= 0.306) -> Pt_A1cGoalLevelDsYr5 <= 1.308)
",-9999999.000,-9999999.000,0.000,0.000,1.000,0,0,0,3,3,0,0,3,0.0,0.0,0.0,0.0,0.0,1.0,-1
"F[0,2]((HbA1c >= 10.797 -> TotChol <= 218.334) -> BldPrSys >= 31.905)
",-9999999.000,-9999999.000,0.000,0.000,1.000,0,0,0,3,3,0,0,3,0.0,0.0,0.0,0.0,0.0,1.0,-1
"F[0,2](((HbA1c >= 9.624 & HDL >= 13.804) -> Pt_InsGov <= 31.391) -> BldPrSys >= 7.132)
",-9999999.000,-9999999.000,0.000,0.000,1.000,0,0,0,3,3,0,0,3,0.0,0.0,0.0,0.0,0.0,1.0,-1
"F[1,2]((BGTestAvgNumPtRep >= 0.351 & HeightCm >= 156.845) | UnitsInsBasalOrLongAct <= 160.598)
",-9999999.000,-9999999.000,0.000,0.000,1.000,0,0,0,3,3,0,0,3,0.0,0.0,0.0,0.0,0.0,1.0,-1
"F[0,2](((AlbCreatRat_mggNew >= 5.279 & HbA1c >= 10.807) & SMBGperDayPtMeterCombo <= 12.996) & diabDur <= 12.415)
",-9999999.000,-9999999.000,0.000,0.000,1.000,0,0,0,3,3,0,0,3,0.0,0.0,0.0,0.0,0.0,1.0,-1
"F[1,2](((BGTestAvgNumPtRep <= 0.767 -> WeightKg <= 54.149) -> BldPrSys >= 36.167) -> NumPumpBolusOrShortAct >= 38.306)
",-9999999.000,-9999999.000,0.000,0.000,1.000,0,0,0,3,3,0,0,3,0.0,0.0,0.0,0.0,0.0,1.0,-1
"F[1,2](((BGTestAvgNumPtRep >= 0.629 & BldPrDia <= 72.087) | TSH <= 64.207) | Pt_MotherT1D <= 61.074)
",-9999999.000,-9999999.000,0.000,0.000,1.000,0,0,0,3,3,0,0,3,0.0,0.0,0.0,0.0,0.0,1.0,-1
"((BGTestAvgNumMeter >= 0.544) U[2,2] (BGTestAvgNumPtRep <= 3.919))
",3.919,3.919,0.000,0.000,1.000,0,0,0,3,3,0,0,3,0.0,0.0,0.0,0.0,0.0,1.0,-1
"F[0,2](HbA1c >= 9.776 -> Triglyc <= 220.736)
",-9999999.000,-9999999.000,0.000,0.000,1.000,0,0,0,3,3,0,0,3,0.0,0.0,0.0,0.0,0.0,1.0,-1
"F[2,2](((bmiZscore >= -0.531 & TotChol >= 66.814) | HbA1cImputeDtMnC >= 2.153) | BldPrSys <= 148.513)
",148.513,148.513,0.000,0.000,1.000,0,0,0,3,3,0,0,3,0.0,0.0,0.0,0.0,0.0,1.0,-1
"((TotChol <= 159.556) U[0,2] (WeightKg >= 32.123))
",-9999999.000,-9999999.000,0.000,0.000,1.000,0,0,0,3,3,0,0,3,0.0,0.0,0.0,0.0,0.0,1.0,-1
"F[1,2](BUN <= 15.882 & HbA1cImputeDtMnC <= 54.064)
",-9999999.000,-9999999.000,0.000,0.000,1.000,0,0,0,3,3,0,0,3,0.0,0.0,0.0,0.0,0.0,1.0,-1
"F[1,2](age <= 15.414 | BUN >= 12.117)
",-9999999.000,-9999999.000,0.000,0.000,1.000,0,0,0,3,3,0,0,3,0.0,0.0,0.0,0.0,0.0,1.0,-1
"F[0,2](BUN >= 12.850 & HDL >= 20.707)
",-9999999.000,-9999999.000,0.000,0.000,1.000,0,0,0,3,3,0,0,3,0.0,0.0,0.0,0.0,0.0,1.0,-1
"F[1,1]((Triglyc <= 359.529 | TSH >= 0.578) | bmi >= 0.616)
",359.529,359.529,0.000,0.000,1.000,0,0,0,3,3,0,0,3,0.0,0.0,0.0,0.0,0.0,1.0,-1
"F[2,2]((Triglyc <= 186.865 & WeightKg >= 42.888) & Pt_GrandchildT1D <= 52.059)
",-42.888,-42.888,0.000,0.000,1.000,0,0,0,3,3,0,0,3,0.0,0.0,0.0,0.0,0.0,1.0,-1
"((AlbCreatRat_mggNew >= 6.538) U[1,2] (Triglyc >= 127.612))
",-9999999.000,-9999999.000,0.000,0.000,1.000,0,0,0,3,3,0,0,3,0.0,0.0,0.0,0.0,0.0,1.0,-1
"F[2,2](BldPrDia >= 28.699 & BUN <= 19.028)
",-8078146481328781.000,-28.699,0.000,0.000,1.000,0,0,0,3,3,0,0,3,0.0,0.0,0.0,0.0,0.0,1.0,-1
"((Pt_InsGov <= 0.527) U[0,2] (TotChol >= 88.763))
",-9999999.000,-9999999.000,0.000,0.000,1.000,0,0,0,3,3,0,0,3,0.0,0.0,0.0,0.0,0.0,1.0,-1
"F[0,2](Pt_InsGov <= 0.610 -> Triglyc <= 271.550)
",-9999999.000,-9999999.000,0.000,0.000,1.000,0,0,0,3,3,0,0,3,0.0,0.0,0.0,0.0,0.0,1.0,-1
"((BldPrDia <= 68.940) U[2,2] (TotChol >= 15.525))
",68.940,68.940,0.000,0.000,1.000,0,0,0,3,3,0,0,3,0.0,0.0,0.0,0.0,0.0,1.0,-1
"F[0,0](((LDL >= 40.019 & Pt_InsGov <= 0.884) | AlbCreatRat_mggNew <= 0.635) & WeightKg >= 0.039)
",-2.863,-13.699,0.000,0.000,1.000,0,0,0,3,3,0,0,3,0.0,0.0,0.0,0.0,0.0,1.0,-1
"F[0,1](((bmiPerc >= 0.107 -> LDL >= 16.146) -> bmi <= 113.648) | Pt_InsGov >= 2.978)
",-9999999.000,-9999999.000,0.000,0.000,1.000,0,0,0,3,3,0,0,3,0.0,0.0,0.0,0.0,0.0,1.0,-1
"((BldPrDia >= 53.398) U[0,1] (LDL <= 118.124))
",-9999999.000,-9999999.000,0.000,0.000,1.000,0,0,0,3,3,0,0,3,0.0,0.0,0.0,0.0,0.0,1.0,-1
"F[2,2]((HDL >= 0.056 | WeightKg <= 58.125) -> age <= 58.834)
",-58.834,-58.834,0.000,0.000,1.000,0,0,0,3,3,0,0,3,0.0,0.0,0.0,0.0,0.0,1.0,-1
"F[0,0]((BldPrDia <= 70.368 | HbA1c >= 10.002) | diagAgeCombo <= 12.097)
",0.465,17.421,0.000,0.000,1.000,0,0,0,3,3,0,0,3,0.0,0.0,0.0,0.0,0.0,1.0,-1
"((GFR <= 104.840) U[0,2] (HbA1cImputeDtMnC <= 48.135))
",-9999999.000,-9999999.000,0.000,0.000,1.000,0,0,0,3,3,0,0,3,0.0,0.0,0.0,0.0,0.0,1.0,-1
"F[0,2](((BldPrSys <= 121.955 | GFR >= 50.674) -> BUN <= 100.784) -> HeightCm >= 12.660)
",-9999999.000,-9999999.000,0.000,0.000,1.000,0,0,0,3,3,0,0,3,0.0,0.0,0.0,0.0,0.0,1.0,-1
"F[1,2](((diabDur <= 4.750 & HbA1c >= 9.534) & diabDur <= 11.535) & Pt_A1cGoalLev <= 12.224)
",-9999999.000,-9999999.000,0.000,0.000,1.000,0,0,0,3,3,0,0,3,0.0,0.0,0.0,0.0,0.0,1.0,-1
"F[1,2](age >= 12.133 & TotChol >= 50.889)
",-9999999.000,-9999999.000,0.000,0.000,1.000,0,0,0,3,3,0,0,3,0.0,0.0,0.0,0.0,0.0,1.0,-1
"F[0,2]((HeightCm <= 158.197 & TotChol <= 179.700) -> WeightKg >= 10.127)
",-9999999.000,-9999999.000,0.000,0.000,1.000,0,0,0,3,3,0,0,3,0.0,0.0,0.0,0.0,0.0,1.0,-1
"F[0,2](TSH >= 0.183 | WeightKg >= 45.825)
",-9999999.000,-9999999.000,0.000,0.000,1.000,0,0,0,3,3,0,0,3,0.0,0.0,0.0,0.0,0.0,1.0,-1
"((age >= 11.633) U[2,2] (HDL <= 41.741))
",41.741,41.741,0.000,0.000,1.000,0,0,0,3,3,0,0,3,0.0,0.0,0.0,0.0,0.0,1.0,-1
"F[0,2]((HbA1cImputeDtMnC >= 25.304 | TotChol <= 212.975) -> SMBGperDayPtMeterCombo >= 63.618)
",-9999999.000,-9999999.000,0.000,0.000,1.000,0,0,0,3,3,0,0,3,0.0,0.0,0.0,0.0,0.0,1.0,-1
"F[1,2](((HeightCm <= 158.787 | LDL <= 48.494) & GFR >= 0.223) & Pt_ChildT1D <= 113.751)
",-9999999.000,-9999999.000,0.000,0.000,1.000,0,0,0,3,3,0,0,3,0.0,0.0,0.0,0.0,0.0,1.0,-1
"F[1,1](((age <= 16.875 | BldPrDia >= 9.211) & Pt_A1cGoalLev >= 30.902) -> GFR <= 70.337)
",-70.337,-70.337,0.000,0.000,1.000,0,0,0,3,3,0,0,3,0.0,0.0,0.0,0.0,0.0,1.0,-1
"F[0,1](diabDur <= 3.041 -> TotChol <= 100.329)
",-9999999.000,-9999999.000,0.000,0.000,1.000,0,0,0,3,3,0,0,3,0.0,0.0,0.0,0.0,0.0,1.0,-1
"F[0,1]((HeightCm <= 158.922 -> Triglyc <= 303.917) | TotalDailyInsPerKg >= 41.667)
",-9999999.000,-9999999.000,0.000,0.000,1.000,0,0,0,3,3,0,0,3,0.0,0.0,0.0,0.0,0.0,1.0,-1
"F[2,2](((HbA1c >= 9.526 | HbA1cImputeDtMnC <= 64.361) & AutonomicNeuroCl <= 56.600) | bmiZscore >= 13.598)
",7965775711594363.000,56.600,0.000,0.000,1.000,0,0,0,3,3,0,0,3,0.0,0.0,0.0,0.0,0.0,1.0,-1
"((bmiPerc <= 0.733) U[0,2] (TSH >= 0.497))
",-9999999.000,-9999999.000,0.000,0.000,1.000,0,0,0,3,3,0,0,3,0.0,0.0,0.0,0.0,0.0,1.0,-1
"F[0,2](((BldPrDia <= 67.432 | UnitsInsBasalOrLongAct <= 26.801) | Pt_MotherT1D <= 28.708) -> Pt_InsGov <= 22.314)
",-9999999.000,-9999999.000,0.000,0.000,1.000,0,0,0,3,3,0,0,3,0.0,0.0,0.0,0.0,0.0,1.0,-1
"F[0,1](((BldPrDia >= 34.264 & GFR >= 36.609) | HbA1c >= 59.664) -> Pt_SHFlg <= 118.359)
",-9999999.000,-9999999.000,0.000,0.000,1.000,0,0,0,3,3,0,0,3,0.0,0.0,0.0,0.0,0.0,1.0,-1
"F[0,2](((BGTestAvgNumMeter >= 0.706 & HbA1cImputeDtMnC <= 40.943) -> HbA1cImputeDtMnC <= 52.148) -> DirectLDL <= 52.697)
",-9999999.000,-9999999.000,0.000,0.000,1.000,0,0,0,3,3,0,0,3,0.0,0.0,0.0,0.0,0.0,1.0,-1
"F[0,1]((BGTestAvgNumMeter >= 0.431 | bmi >= 17.989) & BldPrDia >= 20.037)
",-9999999.000,-9999999.000,0.000,0.000,1.000,0,0,0,3,3,0,0,3,0.0,0.0,0.0,0.0,0.0,1.0,-1
"F[1,2](BGTestAvgNumPtRep <= 2.594 & HDL >= 22.065)
",-9999999.000,-9999999.000,0.000,0.000,1.000,0,0,0,3,3,0,0,3,0.0,0.0,0.0,0.0,0.0,1.0,-1
"F[0,0](HbA1c <= 13.717 | Pt_InsGov >= 0.110)
",14.607,13.083,0.000,0.000,1.000,0,0,0,3,3,0,0,3,0.0,0.0,0.0,0.0,0.0,1.0,-1
"F[1,2](((BGTestAvgNumPtRep >= 0.076 -> LDL >= 37.440) -> WeightKg >= 27.686) -> Pt_GrandparentT1D >= 40.875)
",-9999999.000,-9999999.000,0.000,0.000,1.000,0,0,0,3,3,0,0,3,0.0,0.0,0.0,0.0,0.0,1.0,-1
"((age >= 11.601) U[0,2] (Triglyc >= 55.759))
",-9999999.000,-9999999.000,0.000,0.000,1.000,0,0,0,3,3,0,0,3,0.0,0.0,0.0,0.0,0.0,1.0,-1
"F[0,0](((bmi >= 17.938 & BUN <= 19.292) -> Pt_ChildT1D <= 19.023) | BGTestAvgNumMeter >= 10.292)
",0.660,9.041,0.000,0.000,1.000,0,0,0,3,3,0,0,3,0.0,0.0,0.0,0.0,0.0,1.0,-1
"F[1,2]((AlbCreatRat_mggNew >= 0.980 -> bmiPerc <= 0.722) & LDL >= 0.462)
",-9999999.000,-9999999.000,0.000,0.000,1.000,0,0,0,3,3,0,0,3,0.0,0.0,0.0,0.0,0.0,1.0,-1
"F[0,1](((BGTestAvgNumMeter <= 1.988 -> HeightCm <= 157.852) | SMBGperDayPtMeterCombo >= 149.411) | Pt_FatherT1D >= 154.706)
",-9999999.000,-9999999.000,0.000,0.000,1.000,0,0,0,3,3,0,0,3,0.0,0.0,0.0,0.0,0.0,1.0,-1
"F[2,2]((BldPrSys >= 11.146 -> BUN >= 14.055) & bmiZscore <= 20.744)
",11.146,11.146,0.000,0.000,1.000,0,0,0,3,3,0,0,3,0.0,0.0,0.0,0.0,0.0,1.0,-1
"F[2,2]((HDL >= 20.341 -> UnitsInsBasalOrLongAct >= 4.934) | BGTestAvgNumPtRep <= 28.305)
",28.305,28.305,0.000,0.000,1.000,0,0,0,3,3,0,0,3,0.0,0.0,0.0,0.0,0.0,1.0,-1
"F[1,1](((AlbCreatRat_mggNew >= 4.482 -> bmiZscore >= 0.070) & AlbCreatRat_mggNew >= -1.226) | AlbCreatRat_mggNew >= -1.954)
",1.954,1.954,0.000,0.000,1.000,0,0,0,3,3,0,0,3,0.0,0.0,0.0,0.0,0.0,1.0,-1
"F[0,2]((age >= 14.267 | bmiPerc <= 0.662) & SMBGperDayPtMeterCombo >= 0.119)
",-9999999.000,-9999999.000,0.000,0.000,1.000,0,0,0,3,3,0,0,3,0.0,0.0,0.0,0.0,0.0,1.0,-1
"F[1,2](((bmiPerc <= 0.795 | UnitsInsBasalOrLongAct >= 9.706) & HbA1cImputeDtMnC <= 21.238) | Pt_CGMUseNumDays >= 15.477)
",-9999999.000,-9999999.000,0.000,0.000,1.000,0,0,0,3,3,0,0,3,0.0,0.0,0.0,0.0,0.0,1.0,-1
"F[1,2](((bmiZscore <= 0.577 | UnitsInsBasalOrLongAct <= 23.151) | AutonomicNeuroCl <= 21.134) | Pt_ChildT1D <= 28.352)
",-9999999.000,-9999999.000,0.000,0.000,1.000,0,0,0,3,3,0,0,3,0.0,0.0,0.0,0.0,0.0,1.0,-1
"F[1,2](bmiZscore >= -0.944 -> BUN <= 19.892)
",-9999999.000,-9999999.000,0.000,0.000,1.000,0,0,0,3,3,0,0,3,0.0,0.0,0.0,0.0,0.0,1.0,-1
"F[0,2](bmiZscore <= 0.206 | GFR <= 94.820)
",-9999999.000,-9999999.000,0.000,0.000,1.000,0,0,0,3,3,0,0,3,0.0,0.0,0.0,0.0,0.0,1.0,-1
"F[0,0](((BGTestAvgNumMeter <= 2.224 | BldPrSys >= 70.466) & HbA1c <= 116.861) & bmiPerc <= 112.721)
",-1.249,-17.110,0.000,0.000,1.000,0,0,0,3,3,0,0,3,0.0,0.0,0.0,0.0,0.0,1.0,-1
"F[2,2]((BGTestAvgNumMeter >= 0.563 & UnitsInsBasalOrLongAct <= 19.737) | BGTestAvgNumMeter >= 17.766)
",-0.563,-0.563,0.000,0.000,1.000,0,0,0,3,3,0,0,3,0.0,0.0,0.0,0.0,0.0,1.0,-1
"F[0,0](((bmiPerc <= 0.660 & WeightKg >= 50.562) -> bmiPerc <= 59.575) | HeightCm >= 47.017)
",0.074,0.983,0.000,0.000,1.000,0,0,0,3,3,0,0,3,0.0,0.0,0.0,0.0,0.0,1.0,-1
"F[2,2]((age >= 11.705 | WeightKg <= 51.936) -> Pt_GrandchildT1D <= 53.257)
",-53.257,-53.257,0.000,0.000,1.000,0,0,0,3,3,0,0,3,0.0,0.0,0.0,0.0,0.0,1.0,-1
"F[0,1](bmiZscore <= 0.290 | diabDur <= 4.685)
",-9999999.000,-9999999.000,0.000,0.000,1.000,0,0,0,3,3,0,0,3,0.0,0.0,0.0,0.0,0.0,1.0,-1
"F[2,2]((LDL >= 23.515 & SMBGperDayPtMeterCombo >= 0.208) -> bmiZscore >= 0.065)
",0.065,0.065,0.000,0.000,1.000,0,0,0,3,3,0,0,3,0.0,0.0,0.0,0.0,0.0,1.0,-1
"((BldPrSys <= 96.588) U[0,1] (HbA1cImputeDtMnC <= 59.667))
",-9999999.000,-9999999.000,0.000,0.000,1.000,0,0,0,3,3,0,0,3,0.0,0.0,0.0,0.0,0.0,1.0,-1
"F[1,2]((diabDur >= 2.626 & Pt_InsGov >= 0.126) -> BGTestAvgNumPtRep <= 0.259)
",-9999999.000,-9999999.000,0.000,0.000,1.000,0,0,0,3,3,0,0,3,0.0,0.0,0.0,0.0,0.0,1.0,-1
"F[2,2](((GFR <= 84.295 -> HDL >= 3.017) -> HDL >= 10.006) -> DirectLDL <= 26.473)
",-26.473,-26.473,0.000,0.000,1.000,0,0,0,3,3,0,0,3,0.0,0.0,0.0,0.0,0.0,1.0,-1
"F[2,2]((AlbCreatRat_mggNew <= 11.324 | bmi >= 16.978) -> bmiPerc >= 16.931)
",-11.324,-11.324,0.000,0.000,1.000,0,0,0,3,3,0,0,3,0.0,0.0,0.0,0.0,0.0,1.0,-1
"F[1,2](TotChol >= 34.036 & Triglyc >= 25.909)
",-9999999.000,-9999999.000,0.000,0.000,1.000,0,0,0,3,3,0,0,3,0.0,0.0,0.0,0.0,0.0,1.0,-1
"F[0,1](Pt_SiblingT1D > 0.000 -> Pt_SHFlg = 0.000)
",-9999999.000,-9999999.000,0.000,0.000,1.000,0,0,0,3,3,0,0,3,0.0,0.0,0.0,0.0,0.0,1.0,-1
"F[1,1]((bmi >= 14.414 & HbA1cImputeDtMnC >= 17.083) -> TotalDailyInsPerKg <= 38.307)
",-38.307,-38.307,0.000,0.000,1.000,0,0,0,3,3,0,0,3,0.0,0.0,0.0,0.0,0.0,1.0,-1
"F[2,2](((BGTestAvgNumMeter >= 1.057 | GFR >= 57.717) & diabDur <= 74.097) & diabDur >= 7.430)
",-8365771973143853.000,-7.430,0.000,0.000,1.000,0,0,0,3,3,0,0,3,0.0,0.0,0.0,0.0,0.0,1.0,-1
"F[0,2]((age <= 14.548 -> UnitsInsBasalOrLongAct <= 24.081) -> TSH <= 28.309)
",-9999999.000,-9999999.000,0.000,0.000,1.000,0,0,0,3,3,0,0,3,0.0,0.0,0.0,0.0,0.0,1.0,-1
"F[1,2](((HbA1cImputeDtMnC <= 50.393 | HeightCm <= 162.424) | Pt_InsGov >= 145.870) | diagAgeCombo >= 157.150)
",-9999999.000,-9999999.000,0.000,0.000,1.000,0,0,0,3,3,0,0,3,0.0,0.0,0.0,0.0,0.0,1.0,-1
"F[0,2](((diabDur >= 0.272 -> UnitsInsBasalOrLongAct >= 4.424) & Pt_SiblingT1D <= 21.903) -> Pt_SiblingT1D >= 18.892)
",-9999999.000,-9999999.000,0.000,0.000,1.000,0,0,0,3,3,0,0,3,0.0,0.0,0.0,0.0,0.0,1.0,-1
"F[1,2](((bmi <= 21.164 -> diabDur <= 4.174) & diabDur >= 1.895) | Pt_InsGov <= 3.363)
",-9999999.000,-9999999.000,0.000,0.000,1.000,0,0,0,3,3,0,0,3,0.0,0.0,0.0,0.0,0.0,1.0,-1
"F[1,2](((AlbCreatRat_mggNew <= 13.047 | diabDur <= 3.557) & bmi <= 3.727) & Pt_InsGov >= 1.191)
",-9999999.000,-9999999.000,0.000,0.000,1.000,0,0,0,3,3,0,0,3,0.0,0.0,0.0,0.0,0.0,1.0,-1
"F[0,2](((BGTestAvgNumPtRep >= 0.063 -> bmi <= 22.539) | BGTestAvgNumMeter >= 13.842) & Pt_A1cGoalLev <= 21.864)
",-9999999.000,-9999999.000,0.000,0.000,1.000,0,0,0,3,3,0,0,3,0.0,0.0,0.0,0.0,0.0,1.0,-1
"((BldPrDia <= 69.381) U[2,2] (bmiZscore >= -1.808))
",69.381,69.381,0.000,0.000,1.000,0,0,0,3,3,0,0,3,0.0,0.0,0.0,0.0,0.0,1.0,-1
"F[1,2]((bmiZscore >= -0.991 -> HeightCm <= 160.063) -> Pt_GrandparentT1D <= 161.735)
",-9999999.000,-9999999.000,0.000,0.000,1.000,0,0,0,3,3,0,0,3,0.0,0.0,0.0,0.0,0.0,1.0,-1
"F[0,2](Pt_GrandchildT1D < 0.000 -> Pt_SHFlg = 0.000)
",-9999999.000,-9999999.000,0.000,0.000,1.000,0,0,0,3,3,0,0,3,0.0,0.0,0.0,0.0,0.0,1.0,-1
"F[1,2](HDL > 1.380 -> Pt_SHFlg = 0.000)
",-9999999.000,-9999999.000,0.000,0.000,1.000,0,0,0,3,3,0,0,3,0.0,0.0,0.0,0.0,0.0,1.0,-1
"((Triglyc >= 72.728) U[0,0] (Pt_SHFlg = 0.000))
",1.236,81.642,0.000,0.000,1.000,0,0,0,3,3,0,0,3,0.0,0.0,0.0,0.0,0.0,1.0,-1
"F[2,2](HDL <= 35.918 -> Pt_SHFlg = 0.000)
",-35.918,-35.918,0.000,0.000,1.000,0,0,0,3,3,0,0,3,0.0,0.0,0.0,0.0,0.0,1.0,-1
"F[2,2](GFR <= 111.272 & Pt_SHFlg = 0.000)
",0.000,0.000,0.000,0.000,1.000,0,0,0,3,3,0,0,3,0.0,0.0,0.0,0.0,0.0,1.0,-1
"F[0,0](Triglyc > 119.581 -> Pt_SHFlg = 0.000)
",-1.078,-50.407,0.000,0.000,1.000,0,0,0,3,3,0,0,3,0.0,0.0,0.0,0.0,0.0,1.0,-1
"F[0,2]((bmiPerc <= 0.618 | HeightCm >= 154.980) & Pt_FatherT1D <= 158.329)
",-9999999.000,-9999999.000,0.000,0.000,1.000,0,0,0,3,3,0,0,3,0.0,0.0,0.0,0.0,0.0,1.0,-1
"F[0,2](Pt_GrandparentT1D > 0.000 & Pt_SHFlg = 0.000)
",-9999999.000,-9999999.000,0.000,0.000,1.000,0,0,0,3,3,0,0,3,0.0,0.0,0.0,0.0,0.0,1.0,-1
"F[0,1]((diabDur >= 2.343 | HbA1cImputeDtMnC >= 26.678) -> HbA1cImputeDtMnC <= 66.466)
",-9999999.000,-9999999.000,0.000,0.000,1.000,0,0,0,3,3,0,0,3,0.0,0.0,0.0,0.0,0.0,1.0,-1
"F[0,2]((age >= 13.479 -> diabDur >= 1.421) | SMBGperDayPtMeterCombo <= 4.253)
",-9999999.000,-9999999.000,0.000,0.000,1.000,0,0,0,3,3,0,0,3,0.0,0.0,0.0,0.0,0.0,1.0,-1
"((LDL <= 59.536) U[0,2] (TotChol >= 27.294))
",-9999999.000,-9999999.000,0.000,0.000,1.000,0,0,0,3,3,0,0,3,0.0,0.0,0.0,0.0,0.0,1.0,-1
"F[0,2](bmiZscore <= 0.641 | WeightKg >= 45.079)
",-9999999.000,-9999999.000,0.000,0.000,1.000,0,0,0,3,3,0,0,3,0.0,0.0,0.0,0.0,0.0,1.0,-1
"F[0,2]((BldPrSys >= 40.088 -> bmiZscore >= -1.898) | Pt_FatherT1D <= 0.879)
",-9999999.000,-9999999.000,0.000,0.000,1.000,0,0,0,3,3,0,0,3,0.0,0.0,0.0,0.0,0.0,1.0,-1
"((SMBGperDayPtMeterCombo >= 0.172) U[0,0] (Pt_SHFlg = 0.000))
",1.409,45.161,0.000,0.000,1.000,0,0,0,3,3,0,0,3,0.0,0.0,0.0,0.0,0.0,1.0,-1
"((Pt_ChildT1D < 0.000) U[0,0] (Pt_SHFlg = 0.000))
",0.000,0.000,0.000,0.000,1.000,0,0,0,3,3,0,0,3,0.0,0.0,0.0,0.0,0.0,1.0,-1
"F[0,2]((age <= 14.933 -> BldPrSys <= 120.582) & BldPrSys <= 101.051)
",-9999999.000,-9999999.000,0.000,0.000,1.000,0,0,0,3,3,0,0,3,0.0,0.0,0.0,0.0,0.0,1.0,-1
"F[1,2](HeightCm < 160.869 -> Pt_SHFlg = 0.000)
",-9999999.000,-9999999.000,0.000,0.000,1.000,0,0,0,3,3,0,0,3,0.0,0.0,0.0,0.0,0.0,1.0,-1
"((Pt_A1cGoalLevelDsYr5 <= 0.000) U[0,0] (Pt_SHFlg = 0.000))
",0.000,0.000,0.000,0.000,1.000,0,0,0,3,3,0,0,3,0.0,0.0,0.0,0.0,0.0,1.0,-1
"F[2,2](Pt_FatherT1D >= 0.000 -> Pt_SHFlg = 0.000)
",0.000,0.000,0.000,0.000,1.000,0,0,0,3,3,0,0,3,0.0,0.0,0.0,0.0,0.0,1.0,-1
"F[1,2](bmi > 14.831 & Pt_SHFlg = 0.000)
",-9999999.000,-9999999.000,0.000,0.000,1.000,0,0,0,3,3,0,0,3,0.0,0.0,0.0,0.0,0.0,1.0,-1
"F[1,1](DirectLDL <= 0.000 -> Pt_SHFlg = 0.000)
",0.000,0.000,0.000,0.000,1.000,0,0,0,3,3,0,0,3,0.0,0.0,0.0,0.0,0.0,1.0,-1
"F[1,2](bmiZscore <= 0.708 -> Pt_SHFlg = 0.000)
",-9999999.000,-9999999.000,0.000,0.000,1.000,0,0,0,3,3,0,0,3,0.0,0.0,0.0,0.0,0.0,1.0,-1
"F[0,1](BldPrSys >= 44.135 & Pt_SHFlg = 0.000)
",-9999999.000,-9999999.000,0.000,0.000,1.000,0,0,0,3,3,0,0,3,0.0,0.0,0.0,0.0,0.0,1.0,-1
"((Pt_DKAFlg > 0.000) U[0,2] (Pt_SHFlg = 0.000))
",-9999999.000,-9999999.000,0.000,0.000,1.000,0,0,0,3,3,0,0,3,0.0,0.0,0.0,0.0,0.0,1.0,-1
"((BGTestAvgNumMeter >= 0.332) U[2,2] (BGTestAvgNumPtRep <= 1.745))
",7859878757088811.000,1.745,0.000,0.000,1.000,0,0,0,3,3,0,0,3,0.0,0.0,0.0,0.0,0.0,1.0,-1
"F[0,2](TSH > 0.589 -> Pt_SHFlg = 0.000)
",-9999999.000,-9999999.000,0.000,0.000,1.000,0,0,0,3,3,0,0,3,0.0,0.0,0.0,0.0,0.0,1.0,-1
"F[0,1](Pt_A1cGoalLevelDsYr5 < 0.000 -> Pt_SHFlg = 0.000)
",-9999999.000,-9999999.000,0.000,0.000,1.000,0,0,0,3,3,0,0,3,0.0,0.0,0.0,0.0,0.0,1.0,-1
"((UnitsInsBasalOrLongAct < 21.581) U[0,1] (Pt_SHFlg = 0.000))
",-9999999.000,-9999999.000,0.000,0.000,1.000,0,0,0,3,3,0,0,3,0.0,0.0,0.0,0.0,0.0,1.0,-1
"((Pt_GrandchildT1D <= 0.000) U[0,1] (Pt_SHFlg = 0.000))
",-9999999.000,-9999999.000,0.000,0.000,1.000,0,0,0,3,3,0,0,3,0.0,0.0,0.0,0.0,0.0,1.0,-1
"F[1,1](bmiPerc > 0.149 -> Pt_SHFlg = 0.000)
",0.000,0.000,0.000,0.000,1.000,0,0,0,3,3,0,0,3,0.0,0.0,0.0,0.0,0.0,1.0,-1
"((Pt_CGMUseNumDays <= 0.000) U[0,2] (Pt_SHFlg = 0.000))
",-9999999.000,-9999999.000,0.000,0.000,1.000,0,0,0,3,3,0,0,3,0.0,0.0,0.0,0.0,0.0,1.0,-1
"((Pt_SHFlg <= 0.000) U[0,0] (Pt_SHFlg = 0.000))
",-1.173,-27.519,0.000,0.000,1.000,0,0,0,3,3,0,0,3,0.0,0.0,0.0,0.0,0.0,1.0,-1
"((BGTestAvgNumMeter >= 0.640) U[0,1] (BGTestAvgNumPtRep <= 1.321))
",-9999999.000,-9999999.000,0.000,0.000,1.000,0,0,0,3,3,0,0,3,0.0,0.0,0.0,0.0,0.0,1.0,-1
"F[0,2](HbA1c >= 10.141 -> Pt_A1cGoalLevelDsYr5 = 0.000)
",-9999999.000,-9999999.000,0.000,0.000,1.000,0,0,0,3,3,0,0,3,0.0,0.0,0.0,0.0,0.0,1.0,-1
"F[0,2](HbA1c >= 10.568 -> Pt_A1cGoalLevelDsYr5 = 0.000)
",-9999999.000,-9999999.000,0.000,0.000,1.000,0,0,0,3,3,0,0,3,0.0,0.0,0.0,0.0,0.0,1.0,-1
"((BGTestAvgNumMeter >= 0.852) U[0,2] (BGTestAvgNumPtRep <= 1.246))
",-9999999.000,-9999999.000,0.000,0.000,1.000,0,0,0,3,3,0,0,3,0.0,0.0,0.0,0.0,0.0,1.0,-1
"F[0,2](HbA1c >= 9.674 -> Pt_A1cGoalLevelDsYr5 = 0.000)
",-9999999.000,-9999999.000,0.000,0.000,1.000,0,0,0,3,3,0,0,3,0.0,0.0,0.0,0.0,0.0,1.0,-1
"((BGTestAvgNumMeter >= 0.910) U[0,1] (BGTestAvgNumPtRep <= 2.192))
",-9999999.000,-9999999.000,0.000,0.000,1.000,0,0,0,3,3,0,0,3,0.0,0.0,0.0,0.0,0.0,1.0,-1
"F[0,1](HbA1c >= 11.084 -> Pt_A1cGoalLevelDsYr5 = 0.000)
",-9999999.000,-9999999.000,0.000,0.000,1.000,0,0,0,3,3,0,0,3,0.0,0.0,0.0,0.0,0.0,1.0,-1
"((BGTestAvgNumMeter >= 1.087) U[0,2] (BGTestAvgNumPtRep <= 2.194))
",-9999999.000,-9999999.000,0.000,0.000,1.000,0,0,0,3,3,0,0,3,0.0,0.0,0.0,0.0,0.0,1.0,-1
"F[0,2](bmi < 21.864 -> Pt_SHFlg = 0.000)
",-9999999.000,-9999999.000,0.000,0.000,1.000,0,0,0,3,3,0,0,3,0.0,0.0,0.0,0.0,0.0,1.0,-1
"F[0,0](HbA1c >= 9.537 -> Pt_A1cGoalLevelDsYr5 = 0.000)
",0.000,0.000,0.000,0.000,1.000,0,0,0,3,3,0,0,3,0.0,0.0,0.0,0.0,0.0,1.0,-1
"F[1,1](HbA1c >= 10.829 -> Pt_A1cGoalLevelDsYr5 = 0.000)
",0.000,0.000,0.000,0.000,1.000,0,0,0,3,3,0,0,3,0.0,0.0,0.0,0.0,0.0,1.0,-1
"((BGTestAvgNumMeter >= 0.582) U[0,1] (BGTestAvgNumPtRep <= 3.065))
",-9999999.000,-9999999.000,0.000,0.000,1.000,0,0,0,3,3,0,0,3,0.0,0.0,0.0,0.0,0.0,1.0,-1
"F[1,1](HbA1c >= 10.132 -> Pt_A1cGoalLevelDsYr5 = 0.000)
",0.000,0.000,0.000,0.000,1.000,0,0,0,3,3,0,0,3,0.0,0.0,0.0,0.0,0.0,1.0,-1
"((BGTestAvgNumMeter >= 0.434) U[0,1] (BGTestAvgNumPtRep <= 2.773))
",-9999999.000,-9999999.000,0.000,0.000,1.000,0,0,0,3,3,0,0,3,0.0,0.0,0.0,0.0,0.0,1.0,-1
"F[2,2](HbA1c >= 9.902 -> Pt_A1cGoalLevelDsYr5 = 0.000)
",0.000,0.000,0.000,0.000,1.000,0,0,0,3,3,0,0,3,0.0,0.0,0.0,0.0,0.0,1.0,-1
"F[1,1](HbA1c >= 10.781 -> Pt_A1cGoalLevelDsYr5 = 0.000)
",0.000,0.000,0.000,0.000,1.000,0,0,0,3,3,0,0,3,0.0,0.0,0.0,0.0,0.0,1.0,-1
"F[1,2](BldPrDia <= 71.660 | bmi >= 14.902)
",-9999999.000,-9999999.000,0.000,0.000,1.000,0,0,0,3,3,0,0,3,0.0,0.0,0.0,0.0,0.0,1.0,-1
"F[1,2](Pt_GrandparentT1D >= 0.000 -> AlbCreatRat_mggNew <= 13.000)
",-9999999.000,-9999999.000,0.000,0.000,1.000,0,0,0,3,3,0,0,3,0.0,0.0,0.0,0.0,0.0,1.0,-1
"F[0,2](((Pt_SiblingT1D <= 0.000 -> NumPumpBolusOrShortAct >= 0.000) | HeightCm <= 0.000) -> Pt_SiblingT1D <= 0.000)
",-9999999.000,-9999999.000,0.000,0.000,1.000,0,0,0,3,3,0,0,3,0.0,0.0,0.0,0.0,0.0,1.0,-1
"G[1,2](Pt_MotherT1D < 0.000 & Pt_SHFlg = 0.000)
",9999999.000,9999999.000,0.000,1.000,0.000,0,0,0,3,3,0,0,3,0.0,0.0,0.0,0.0,0.0,1.0,1
"G[0,2](((bmi <= 21.313 | HeightCm >= 150.296) & diagAgeCombo >= 147.635) & BldPrSys <= 160.483)
",9999999.000,9999999.000,0.000,1.000,0.000,0,0,0,3,3,0,0,3,0.0,0.0,0.0,0.0,0.0,1.0,1
"G[1,2]((BldPrSys >= 82.085 & Pt_InsGov <= 0.478) & diagAgeCombo <= 0.453)
",9999999.000,9999999.000,0.000,1.000,0.000,0,0,0,3,3,0,0,3,0.0,0.0,0.0,0.0,0.0,1.0,1
"G[1,2]((HeightCm >= 155.856 & WeightKg <= 52.119) | Pt_CGMUseNumDays <= 59.966)
",9999999.000,9999999.000,0.000,1.000,0.000,0,0,3,0,0,3,3,0,0.0,0.0,1.0,0.0,0.0,1.0,1
"G[1,2](((bmiPerc <= 0.749 & bmiZscore <= 0.594) & age <= 0.614) & Triglyc >= -0.919)
",9999999.000,9999999.000,0.000,1.000,0.000,0,0,0,3,3,0,0,3,0.0,0.0,0.0,0.0,0.0,1.0,1
"G[0,1]((HDL >= 16.492 -> TotChol >= 24.674) & Pt_SiblingT1D >= 83.782)
",9999999.000,9999999.000,0.000,1.000,0.000,0,0,0,3,3,0,0,3,0.0,0.0,0.0,0.0,0.0,1.0,1
"G[0,2](Triglyc <= 286.500 -> Pt_SHFlg = 0.000)
",9999999.000,9999999.000,0.000,1.000,0.000,0,0,3,0,0,3,3,0,0.0,0.0,1.0,0.0,0.0,1.0,1
"G[1,2](Pt_GrandparentT1D > 0.000 -> Pt_SHFlg = 0.000)
",9999999.000,9999999.000,0.000,1.000,0.000,0,0,3,0,0,3,3,0,0.0,0.0,1.0,0.0,0.0,1.0,1
"G[1,2](Pt_FatherT1D <= 0.000 -> Pt_SHFlg = 0.000)
",9999999.000,9999999.000,0.000,1.000,0.000,0,0,3,0,0,3,3,0,0.0,0.0,1.0,0.0,0.0,1.0,1
"G[1,2](Pt_ChildT1D < 0.000 -> Pt_SHFlg = 0.000)
",9999999.000,9999999.000,0.000,1.000,0.000,0,0,3,0,0,3,3,0,0.0,0.0,1.0,0.0,0.0,1.0,1
"G[0,2](Pt_CGMUseNumDays < 0.000 & Pt_SHFlg = 0.000)
",9999999.000,9999999.000,0.000,1.000,0.000,0,0,0,3,3,0,0,3,0.0,0.0,0.0,0.0,0.0,1.0,1
"G[1,2](BGTestAvgNumMeter <= 2.679 & Pt_SHFlg = 0.000)
",9999999.000,9999999.000,0.000,1.000,0.000,0,0,3,0,0,3,3,0,0.0,0.0,1.0,0.0,0.0,1.0,1
"G[1,2](((AlbCreatRat_mggNew >= 8.970 | BGTestAvgNumPtRep <= 0.827) & DirectLDL <= 1.826) | AutonomicNeuroCl >= 0.227)
",9999999.000,9999999.000,0.000,1.000,0.000,0,0,3,0,0,3,3,0,0.0,0.0,1.0,0.0,0.0,1.0,1
"G[1,2](bmi <= 23.191 -> bmiZscore >= -1.327)
",9999999.000,9999999.000,0.000,1.000,0.000,0,0,3,0,0,3,3,0,0.0,0.0,1.0,0.0,0.0,1.0,1
"G[1,2](((age <= 16.456 -> BGTestAvgNumPtRep >= 0.550) -> Pt_SiblingT1D <= 2.253) | BGTestAvgNumPtRep >= 0.264)
",9999999.000,9999999.000,0.000,1.000,0.000,0,0,3,0,0,3,3,0,0.0,0.0,1.0,0.0,0.0,1.0,1
"G[1,2]((LDL <= 56.677 | WeightKg <= 55.116) | diagAgeCombo >= 49.025)
",9999999.000,9999999.000,0.000,1.000,0.000,0,0,2,1,1,2,2,1,0.0,0.0,1.0,0.0,0.0,1.0,1
"G[0,2]((BGTestAvgNumPtRep <= 2.762 -> BldPrSys >= 87.668) | Pt_A1cGoalLev >= 54.298)
",9999999.000,9999999.000,0.000,1.000,0.000,0,0,2,1,1,2,2,1,0.0,0.0,1.0,0.0,0.0,1.0,1
"G[1,2](((BldPrDia >= 10.790 | NumPumpBolusOrShortAct >= 0.000) & Pt_InsGov >= 0.000) -> BldPrSys >= 0.000)
",9999999.000,9999999.000,0.000,1.000,0.000,0,0,3,0,0,3,3,0,0.0,0.0,1.0,0.0,0.0,1.0,1
"G[1,2](HDL >= 20.101 -> bmiPerc <= 0.626)
",9999999.000,9999999.000,0.000,1.000,0.000,0,0,3,0,0,3,3,0,0.0,0.0,1.0,0.0,0.0,1.0,1
"G[0,2]((DirectLDL >= 0.000 -> Pt_SiblingT1D <= 0.000) | DirectLDL >= 0.000)
",9999999.000,9999999.000,0.000,1.000,0.000,0,0,3,0,0,3,3,0,0.0,0.0,1.0,0.0,0.0,1.0,1
"G[0,2]((Triglyc >= 0.280 -> Pt_A1cGoalLevelDsYr5 >= 0.000) & Pt_A1cGoalLev <= 0.000)
",9999999.000,9999999.000,0.000,1.000,0.000,0,0,3,0,0,3,3,0,0.0,0.0,1.0,0.0,0.0,1.0,1
"G[1,2](((bmi >= 16.695 & BGTestAvgNumPtRep <= 2.451) -> bmi >= 0.643) | BUN >= 0.244)
",9999999.000,9999999.000,0.000,1.000,0.000,0,0,3,0,0,3,3,0,0.0,0.0,1.0,0.0,0.0,1.0,1
"G[1,2](((Pt_A1cGoalLevelDsYr5 >= 0.000 | UnitsInsBasalOrLongAct <= 27.154) | bmi >= 16.663) & HbA1c >= 8.794)
",9999999.000,9999999.000,0.000,1.000,0.000,0,0,3,0,0,3,3,0,0.0,0.0,1.0,0.0,0.0,1.0,1
"G[0,2](((Pt_InsGov <= 0.787 & Pt_SHFlg <= 0.000) | BUN <= 0.000) & AlbCreatRat_mggNew <= 0.000)
",9999999.000,9999999.000,0.000,1.000,0.000,0,0,0,3,3,0,0,3,0.0,0.0,0.0,0.0,0.0,1.0,1
"G[0,0]((GFR >= 42.867 & Pt_SiblingT1D <= 0.000) & UnitsInsBasalOrLongAct <= 0.000)
",-34.355,-43.155,0.000,1.000,0.000,0,0,0,3,3,0,0,3,0.0,0.0,0.0,0.0,0.0,1.0,1
"G[1,2]((HDL >= 19.206 | LDL <= 78.753) & Pt_GrandparentT1D >= 42.610)
",9999999.000,9999999.000,0.000,1.000,0.000,0,0,0,3,3,0,0,3,0.0,0.0,0.0,0.0,0.0,1.0,1
"G[1,2]((AlbCreatRat_mggNew >= 4.133 & UnitsInsBasalOrLongAct >= 1.958) | Pt_FatherT1D >= 6.847)
",9999999.000,9999999.000,0.000,1.000,0.000,0,0,2,1,1,2,2,1,0.0,0.0,1.0,0.0,0.0,1.0,1
"G[1,2](Pt_SHFlg <= 0.000 -> bmiPerc <= 0.765)
",9999999.000,9999999.000,0.000,1.000,0.000,0,0,2,1,1,2,2,1,0.0,0.0,1.0,0.0,0.0,1.0,1
"G[0,2](GFR <= 77.587 -> BUN >= 13.643)
",9999999.000,9999999.000,0.000,1.000,0.000,0,0,3,0,0,3,3,0,0.0,0.0,1.0,0.0,0.0,1.0,1
"G[1,1](SMBGperDayPtMeterCombo >= 0.887 & BGTestAvgNumPtRep >= 0.465)
",-0.887,-0.887,0.000,1.000,0.000,0,0,0,3,3,0,0,3,0.0,0.0,0.0,0.0,0.0,1.0,1
"G[2,2]((WeightKg >= 48.460 | bmi >= 18.722) -> UnitsInsBasalOrLongAct <= 26.668)
",-26.668,-26.668,0.000,1.000,0.000,0,0,3,0,0,3,3,0,0.0,0.0,1.0,0.0,0.0,1.0,1
"G[0,1](SMBGperDayPtMeterCombo >= 0.116 & BGTestAvgNumPtRep >= 0.332)
",9999999.000,9999999.000,0.000,1.000,0.000,0,0,0,3,3,0,0,3,0.0,0.0,0.0,0.0,0.0,1.0,1
"G[1,2]((WeightKg >= 39.588 | bmi >= 15.285) -> UnitsInsBasalOrLongAct <= 24.937)
",9999999.000,9999999.000,0.000,1.000,0.000,0,0,1,2,2,1,1,2,0.0,0.0,1.0,0.0,0.0,1.0,1
"G[0,2](GFR <= 83.554 -> BUN >= 12.655)
",9999999.000,9999999.000,0.000,1.000,0.000,0,0,2,1,1,2,2,1,0.0,0.0,1.0,0.0,0.0,1.0,1
"G[0,1](SMBGperDayPtMeterCombo >= 0.623 & BGTestAvgNumPtRep >= 0.061)
",9999999.000,9999999.000,0.000,1.000,0.000,0,0,0,3,3,0,0,3,0.0,0.0,0.0,0.0,0.0,1.0,1
"G[1,2](GFR <= 79.633 -> BUN >= 10.873)
",9999999.000,9999999.000,0.000,1.000,0.000,0,0,3,0,0,3,3,0,0.0,0.0,1.0,0.0,0.0,1.0,1
"G[1,1](SMBGperDayPtMeterCombo >= 0.609 & BGTestAvgNumPtRep >= 0.101)
",-0.609,-0.609,0.000,1.000,0.000,0,0,0,3,3,0,0,3,0.0,0.0,0.0,0.0,0.0,1.0,1
"G[2,2]((WeightKg >= 44.873 | bmi >= 13.956) -> UnitsInsBasalOrLongAct <= 24.008)
",-24.008,-24.008,0.000,1.000,0.000,0,0,3,0,0,3,3,0,0.0,0.0,1.0,0.0,0.0,1.0,1
"G[0,2](SMBGperDayPtMeterCombo >= 0.216 & BGTestAvgNumPtRep >= 0.172)
",9999999.000,9999999.000,0.000,1.000,0.000,0,0,0,3,3,0,0,3,0.0,0.0,0.0,0.0,0.0,1.0,1
"G[0,2]((WeightKg >= 50.160 | bmi >= 17.099) -> UnitsInsBasalOrLongAct <= 27.306)
",9999999.000,9999999.000,0.000,1.000,0.000,0,0,1,2,2,1,1,2,0.0,0.0,1.0,0.0,0.0,1.0,1
"G[2,2](bmiPerc <= 0.588 -> Pt_SHFlg = 0.000)
",-0.588,-0.588,0.000,1.000,0.000,0,0,3,0,0,3,3,0,0.0,0.0,1.0,0.0,0.0,1.0,1
"G[1,2](((BldPrSys >= 87.320 | bmi <= 22.168) | TotChol <= 21.784) | HDL <= 20.936)
",9999999.000,9999999.000,0.000,1.000,0.000,0,0,3,0,0,3,3,0,0.0,0.0,1.0,0.0,0.0,1.0,1
"G[2,2](HbA1c > 9.992 & Pt_SHFlg = 0.000)
",-9.992,-9.992,0.000,1.000,0.000,0,0,3,0,0,3,3,0,0.0,0.0,1.0,0.0,0.0,1.0,1
"G[1,2](Pt_ChildT1D <= 0.000 -> Pt_SHFlg = 0.000)
",9999999.000,9999999.000,0.000,1.000,0.000,0,0,3,0,0,3,3,0,0.0,0.0,1.0,0.0,0.0,1.0,1
"G[0,2](((UnitsInsBasalOrLongAct <= 21.773 -> WeightKg <= 60.115) -> bmiZscore >= 35.192) | HbA1c >= 43.655)
",9999999.000,9999999.000,0.000,1.000,0.000,0,0,0,3,3,0,0,3,0.0,0.0,0.0,0.0,0.0,1.0,1
"G[1,2](BldPrSys >= 61.310 & diabDur >= 0.160)
",9999999.000,9999999.000,0.000,1.000,0.000,0,0,3,0,0,3,3,0,0.0,0.0,1.0,0.0,0.0,1.0,1
"G[1,2]((BldPrDia >= 2.746 & WeightKg <= 53.769) & UnitsInsBasalOrLongAct >= 38.149)
",9999999.000,9999999.000,0.000,1.000,0.000,0,0,0,3,3,0,0,3,0.0,0.0,0.0,0.0,0.0,1.0,1
"G[0,2]((BGTestAvgNumMeter >= 0.774 & BUN >= 11.112) & BGTestAvgNumPtRep >= 15.635)
",9999999.000,9999999.000,0.000,1.000,0.000,0,0,0,3,3,0,0,3,0.0,0.0,0.0,0.0,0.0,1.0,1
"G[1,2]((BldPrDia >= 49.361 & bmi <= 21.276) & Pt_CGMUseNumDays <= 22.689)
",9999999.000,9999999.000,0.000,1.000,0.000,0,0,1,2,2,1,1,2,0.0,0.0,1.0,0.0,0.0,1.0,1
"G[0,2](((BldPrDia >= 41.791 & HeightCm >= 154.624) | HbA1cImputeDtMnC >= 154.611) -> AutonomicNeuroCl <= 158.345)
",9999999.000,9999999.000,0.000,1.000,0.000,0,0,3,0,0,3,3,0,0.0,0.0,1.0,0.0,0.0,1.0,1
"G[1,2]((BldPrDia <= 66.097 -> bmiPerc <= 0.708) | Pt_A1cGoalLev >= 0.239)
",9999999.000,9999999.000,0.000,1.000,0.000,0,0,2,1,1,2,2,1,0.0,0.0,1.0,0.0,0.0,1.0,1
"G[0,2](((BldPrSys <= 103.994 & WeightKg <= 53.993) -> BldPrSys <= 57.609) | Pt_DKAFlg <= 58.626)
",9999999.000,9999999.000,0.000,1.000,0.000,0,0,3,0,0,3,3,0,0.0,0.0,1.0,0.0,0.0,1.0,1
"G[2,2](((bmi <= 21.413 -> Pt_InsGov <= 0.688) -> Pt_InsGov <= 0.288) -> HDL <= 0.327)
",-0.327,-0.327,0.000,1.000,0.000,0,0,3,0,0,3,3,0,0.0,0.0,1.0,0.0,0.0,1.0,1
"G[1,2]((Pt_MotherT1D <= 0.000 | BUN <= 20.573) | AlbCreatRat_mggNew >= 11.022)
",9999999.000,9999999.000,0.000,1.000,0.000,0,0,3,0,0,3,3,0,0.0,0.0,1.0,0.0,0.0,1.0,1
"G[1,1]((TSH <= 1.411 | bmi <= 21.586) & NumPumpBolusOrShortAct >= 15.159)
",-15.159,-15.159,0.000,1.000,0.000,0,0,0,3,3,0,0,3,0.0,0.0,0.0,0.0,0.0,1.0,1
"G[1,2](TSH < 1.735 & Pt_SHFlg = 0.000)
",9999999.000,9999999.000,0.000,1.000,0.000,0,0,1,2,2,1,1,2,0.0,0.0,1.0,0.0,0.0,1.0,1
"G[0,2](((BUN >= 10.092 -> Pt_DKAFlg >= 0.000) & AutonomicNeuroCl <= 0.000) -> BldPrSys >= 0.000)
",9999999.000,9999999.000,0.000,1.000,0.000,0,0,3,0,0,3,3,0,0.0,0.0,1.0,0.0,0.0,1.0,1
"G[1,2](UnitsInsBasalOrLongAct >= 10.552 & diagAgeCombo <= 11.000)
",9999999.000,9999999.000,0.000,1.000,0.000,0,0,2,1,1,2,2,1,0.0,0.0,1.0,0.0,0.0,1.0,1
"G[0,2](((BGTestAvgNumPtRep >= 0.318 | AlbCreatRat_mggNew >= 3.583) & BldPrDia >= 5.107) | Pt_SHFlg >= 9.677)
",9999999.000,9999999.000,0.000,1.000,0.000,0,0,2,1,1,2,2,1,0.0,0.0,1.0,0.0,0.0,1.0,1
"G[0,0]((BUN >= 12.580 -> HbA1c <= 12.057) & BldPrDia <= 13.060)
",-1.495,-154.633,0.000,1.000,0.000,0,0,0,3,3,0,0,3,0.0,0.0,0.0,0.0,0.0,1.0,1
"G[0,2]((Pt_GrandchildT1D >= 0.000 & bmiZscore <= 0.193) | AlbCreatRat_mggNew >= -0.582)
",9999999.000,9999999.000,0.000,1.000,0.000,0,0,3,0,0,3,3,0,0.0,0.0,1.0,0.0,0.0,1.0,1
"G[2,2]((Pt_SHFlg >= 0.000 -> HeightCm <= 162.428) & HbA1c <= 159.027)
",-162.428,-162.428,0.000,1.000,0.000,0,0,3,0,0,3,3,0,0.0,0.0,1.0,0.0,0.0,1.0,1
"G[1,2]((BGTestAvgNumMeter <= 1.867 | Pt_A1cGoalLevelDsYr5 <= 0.000) -> TSH <= 0.000)
",9999999.000,9999999.000,0.000,1.000,0.000,0,0,1,2,2,1,1,2,0.0,0.0,1.0,0.0,0.0,1.0,1
"G[1,2]((Pt_InsGov <= 0.279 -> Pt_GrandparentT1D >= 0.000) | BGTestAvgNumPtRep >= 0.000)
",9999999.000,9999999.000,0.000,1.000,0.000,0,0,3,0,0,3,3,0,0.0,0.0,1.0,0.0,0.0,1.0,1
"G[2,2](HbA1c <= 11.887 -> diagAgeCombo >= 11.000)
",-6691577826402427.000,-11.887,0.000,1.000,0.000,0,0,3,0,0,3,3,0,0.0,0.0,1.0,0.0,0.0,1.0,1
"G[0,2]((Pt_MotherT1D >= 0.000 -> BGTestAvgNumPtRep >= 0.000) | HDL <= 1.289)
",9999999.000,9999999.000,0.000,1.000,0.000,0,0,3,0,0,3,3,0,0.0,0.0,1.0,0.0,0.0,1.0,1
"G[0,2]((BGTestAvgNumMeter <= 1.278 & TotChol >= 38.041) -> UnitsInsBasalOrLongAct <= 114.078)
",9999999.000,9999999.000,0.000,1.000,0.000,0,0,3,0,0,3,3,0,0.0,0.0,1.0,0.0,0.0,1.0,1
"G[0,2]((Pt_SiblingT1D <= 0.000 & BldPrDia <= 65.630) -> diagAgeCombo >= 38.976)
",9999999.000,9999999.000,0.000,1.000,0.000,0,0,1,2,2,1,1,2,0.0,0.0,1.0,0.0,0.0,1.0,1
"G[0,2](BGTestAvgNumMeter <= 2.103 | HDL >= 13.975)
",9999999.000,9999999.000,0.000,1.000,0.000,0,0,3,0,0,3,3,0,0.0,0.0,1.0,0.0,0.0,1.0,1
"G[2,2](TotChol <= 192.767 | Pt_A1cGoalLev >= 0.000)
",192.767,192.767,0.000,1.000,0.000,0,0,3,0,0,3,3,0,0.0,0.0,1.0,0.0,0.0,1.0,1
"G[2,2](Pt_DKAFlg >= 0.000 | GFR <= 94.969)
",94.969,94.969,0.000,1.000,0.000,0,0,3,0,0,3,3,0,0.0,0.0,1.0,0.0,0.0,1.0,1
"G[0,2]((DirectLDL <= 0.000 & BldPrDia <= 72.156) & Pt_GrandparentT1D >= 1.407)
",9999999.000,9999999.000,0.000,1.000,0.000,0,0,0,3,3,0,0,3,0.0,0.0,0.0,0.0,0.0,1.0,1
"G[0,2](((BUN <= 16.862 -> TotalDailyInsPerKg >= 0.000) & AutonomicNeuroCl >= 0.000) -> BldPrDia <= 0.000)
",9999999.000,9999999.000,0.000,1.000,0.000,0,0,0,3,3,0,0,3,0.0,0.0,0.0,0.0,0.0,1.0,1
"G[0,2](((diagAgeCombo >= 11.000 | SMBGperDayPtMeterCombo <= 1.882) | diagAgeCombo <= 2.262) | Pt_GrandchildT1D <= 1.697)
",9999999.000,9999999.000,0.000,1.000,0.000,0,0,3,0,0,3,3,0,0.0,0.0,1.0,0.0,0.0,1.0,1
"G[1,2]((Pt_MotherT1D <= 0.000 & Pt_MotherT1D >= 0.000) | AutonomicNeuroCl >= 0.000)
",9999999.000,9999999.000,0.000,1.000,0.000,0,0,3,0,0,3,3,0,0.0,0.0,1.0,0.0,0.0,1.0,1
"G[1,2](age >= 11.603 -> Pt_InsGov >= 0.110)
",9999999.000,9999999.000,0.000,1.000,0.000,0,0,0,3,3,0,0,3,0.0,0.0,0.0,0.0,0.0,1.0,1
"G[0,2](((HbA1cImputeDtMnC >= 19.601 -> Pt_GrandchildT1D >= 0.000) -> HDL <= 0.000) & age >= 0.000)
",9999999.000,9999999.000,0.000,1.000,0.000,0,0,1,2,2,1,1,2,0.0,0.0,1.0,0.0,0.0,1.0,1
"G[2,2](((NumPumpBolusOrShortAct >= 0.000 | Triglyc >= 67.775) -> TotalDailyInsPerKg <= 286.367) -> Pt_SHFlg >= 104.006)
",104.006,104.006,0.000,1.000,0.000,0,0,3,0,0,3,3,0,0.0,0.0,1.0,0.0,0.0,1.0,1
"G[0,2](diabDur <= 4.324 | diagAgeCombo <= 11.000)
",9999999.000,9999999.000,0.000,1.000,0.000,0,0,3,0,0,3,3,0,0.0,0.0,1.0,0.0,0.0,1.0,1
"G[2,2](((HDL >= 11.282 & age >= 14.016) | BldPrDia <= 16.156) & TSH >= 12.961)
",-7296594489638813.000,-12.961,0.000,1.000,0.000,0,0,3,0,0,3,3,0,0.0,0.0,1.0,0.0,0.0,1.0,1
"G[0,2]((diagAgeCombo <= 11.000 & BldPrDia >= 34.502) | HeightCm >= 22.705)
",9999999.000,9999999.000,0.000,1.000,0.000,0,0,3,0,0,3,3,0,0.0,0.0,1.0,0.0,0.0,1.0,1
"G[2,2]((Pt_A1cGoalLev <= 0.000 & TSH >= 0.554) -> Pt_CGMUseNumDays <= 1.024)
",-1.024,-1.024,0.000,1.000,0.000,0,0,3,0,0,3,3,0,0.0,0.0,1.0,0.0,0.0,1.0,1
"G[1,2]((DirectLDL >= 0.000 -> UnitsInsBasalOrLongAct >= 10.853) & BGTestAvgNumMeter >= 10.743)
",9999999.000,9999999.000,0.000,1.000,0.000,0,0,0,3,3,0,0,3,0.0,0.0,0.0,0.0,0.0,1.0,1
"G[0,2]((BGTestAvgNumPtRep >= 0.463 -> HbA1cImputeDtMnC <= 40.528) & Pt_InsGov >= 19.967)
",9999999.000,9999999.000,0.000,1.000,0.000,0,0,0,3,3,0,0,3,0.0,0.0,0.0,0.0,0.0,1.0,1
"G[1,2]((Pt_MotherT1D >= 0.000 & Pt_GrandparentT1D <= 0.000) | AutonomicNeuroCl >= 0.000)
",9999999.000,9999999.000,0.000,1.000,0.000,0,0,3,0,0,3,3,0,0.0,0.0,1.0,0.0,0.0,1.0,1
"G[0,2]((HbA1cImputeDtMnC >= 3.261 | diagAgeCombo >= 11.000) & bmi <= 11.000)
",9999999.000,9999999.000,0.000,1.000,0.000,0,0,0,3,3,0,0,3,0.0,0.0,0.0,0.0,0.0,1.0,1
"G[1,2](((TotalDailyInsPerKg >= 0.000 & diagAgeCombo <= 11.000) & BGTestAvgNumPtRep >= 11.000) | BGTestAvgNumPtRep <= 11.000)
",9999999.000,9999999.000,0.000,1.000,0.000,0,0,3,0,0,3,3,0,0.0,0.0,1.0,0.0,0.0,1.0,1
"G[0,2]((AlbCreatRat_mggNew <= 16.296 -> bmiPerc >= 0.131) -> Pt_A1cGoalLevelDsYr5 >= 0.054)
",9999999.000,9999999.000,0.000,1.000,0.000,0,0,0,3,3,0,0,3,0.0,0.0,0.0,0.0,0.0,1.0,1
"G[2,2](Pt_SiblingT1D <= 0.000 | Pt_SHFlg <= 0.000)
",0.000,0.000,0.000,1.000,0.000,0,0,3,0,0,3,3,0,0.0,0.0,1.0,0.0,0.0,1.0,1
"G[1,2]((HbA1cImputeDtMnC <= 58.982 -> Triglyc >= 129.427) & WeightKg >= 97.095)
",9999999.000,9999999.000,0.000,1.000,0.000,0,0,0,3,3,0,0,3,0.0,0.0,0.0,0.0,0.0,1.0,1
"G[1,1]((Pt_FatherT1D <= 0.000 | BldPrSys >= 8.381) & Pt_FatherT1D >= 66.176)
",-66.176,-66.176,0.000,1.000,0.000,0,0,0,3,3,0,0,3,0.0,0.0,0.0,0.0,0.0,1.0,1
"G[1,2](Pt_GrandchildT1D <= 0.000 -> BGTestAvgNumMeter <= 2.412)
",9999999.000,9999999.000,0.000,1.000,0.000,0,0,3,0,0,3,3,0,0.0,0.0,1.0,0.0,0.0,1.0,1
"G[2,2](((BGTestAvgNumMeter <= 2.725 -> Pt_A1cGoalLev >= 0.000) & Pt_A1cGoalLev <= 0.000) & BGTestAvgNumPtRep >= 0.000)
",-2.725,-2.725,0.000,1.000,0.000,0,0,3,0,0,3,3,0,0.0,0.0,1.0,0.0,0.0,1.0,1
"G[1,1]((WeightKg <= 55.130 | LDL <= 75.586) & TotalDailyInsPerKg >= 10.730)
",-6040257424217381.000,-10.730,0.000,1.000,0.000,0,0,0,3,3,0,0,3,0.0,0.0,0.0,0.0,0.0,1.0,1
"G[0,2](((Pt_CGMUseNumDays >= 0.000 & Pt_ChildT1D >= 0.000) | diagAgeCombo >= 0.000) | Pt_SHFlg >= 0.000)
",9999999.000,9999999.000,0.000,1.000,0.000,0,0,3,0,0,3,3,0,0.0,0.0,1.0,0.0,0.0,1.0,1
"G[0,2](GFR >= 64.835 -> HbA1cImputeDtMnC >= 3.011)
",9999999.000,9999999.000,0.000,1.000,0.000,0,0,3,0,0,3,3,0,0.0,0.0,1.0,0.0,0.0,1.0,1
"G[1,2](((NumPumpBolusOrShortAct >= 0.000 | HDL >= 15.038) -> DirectLDL >= 10.358) | GFR <= 26.934)
",9999999.000,9999999.000,0.000,1.000,0.000,0,0,1,2,2,1,1,2,0.0,0.0,1.0,0.0,0.0,1.0,1
"G[0,2](((bmiPerc <= 0.621 & Pt_CGMUseNumDays <= 0.000) & TotChol <= 0.000) & Pt_CGMUseNumDays >= 0.000)
",9999999.000,9999999.000,0.000,1.000,0.000,0,0,0,3,3,0,0,3,0.0,0.0,0.0,0.0,0.0,1.0,1
"G[1,2](((diabDur >= 0.863 & HeightCm >= 148.001) -> BGTestAvgNumMeter >= 148.781) & Pt_SHFlg <= 160.924)
",9999999.000,9999999.000,0.000,1.000,0.000,0,0,0,3,3,0,0,3,0.0,0.0,0.0,0.0,0.0,1.0,1
"G[0,2]((Pt_A1cGoalLevelDsYr5 >= 0.000 & BUN <= 16.096) -> DirectLDL >= 11.645)
",9999999.000,9999999.000,0.000,1.000,0.000,0,0,1,2,2,1,1,2,0.0,0.0,1.0,0.0,0.0,1.0,1
"G[2,2](((Pt_GrandparentT1D >= 0.000 | BUN >= 11.794) & diabDur >= 11.791) & HeightCm <= 17.820)
",-11.791,-11.791,0.000,1.000,0.000,0,0,3,0,0,3,3,0,0.0,0.0,1.0,0.0,0.0,1.0,1
"G[0,2]((BldPrDia >= 23.019 | Pt_FatherT1D >= 0.000) & Pt_DKAFlg >= 0.000)
",9999999.000,9999999.000,0.000,1.000,0.000,0,0,3,0,0,3,3,0,0.0,0.0,1.0,0.0,0.0,1.0,1
"G[1,2]((SMBGperDayPtMeterCombo <= 1.437 | Pt_InsGov >= 0.010) | AutonomicNeuroCl >= 0.128)
",9999999.000,9999999.000,0.000,1.000,0.000,0,0,3,0,0,3,3,0,0.0,0.0,1.0,0.0,0.0,1.0,1
"G[1,2]((BldPrSys >= 87.809 & Pt_A1cGoalLev <= 0.000) -> TotalDailyInsPerKg <= 0.000)
",9999999.000,9999999.000,0.000,1.000,0.000,0,0,3,0,0,3,3,0,0.0,0.0,1.0,0.0,0.0,1.0,1
"G[2,2](((AutonomicNeuroCl <= 0.000 | diabDur <= 3.612) -> Triglyc >= 0.720) & LDL <= 3.865)
",-3.612,-3.612,0.000,1.000,0.000,0,0,3,0,0,3,3,0,0.0,0.0,1.0,0.0,0.0,1.0,1
"G[0,0](((DirectLDL >= 0.000 & TSH >= 0.306) -> HDL <= 1.655) & Pt_A1cGoalLevelDsYr5 >= 0.728)
",-1.635,-2.025,0.000,1.000,0.000,0,0,0,3,3,0,0,3,0.0,0.0,0.0,0.0,0.0,1.0,1
"G[2,2](((UnitsInsBasalOrLongAct <= 29.095 -> BGTestAvgNumPtRep >= 0.583) -> Pt_MotherT1D <= 0.756) & Pt_A1cGoalLev <= 3.473)
",-0.756,-0.756,0.000,1.000,0.000,0,0,3,0,0,3,3,0,0.0,0.0,1.0,0.0,0.0,1.0,1
"G[0,2]((diagAgeCombo <= 11.000 & SMBGperDayPtMeterCombo >= 0.400) -> LDL <= 1.231)
",9999999.000,9999999.000,0.000,1.000,0.000,0,0,1,2,2,1,1,2,0.0,0.0,1.0,0.0,0.0,1.0,1
"G[0,2](((LDL <= 90.064 | HbA1cImputeDtMnC <= 44.453) -> Pt_MotherT1D >= 22.926) & BGTestAvgNumPtRep >= 16.294)
",9999999.000,9999999.000,0.000,1.000,0.000,0,0,0,3,3,0,0,3,0.0,0.0,0.0,0.0,0.0,1.0,1
"G[1,2]((WeightKg >= 46.756 | bmi >= 20.239) -> UnitsInsBasalOrLongAct <= 29.560)
",9999999.000,9999999.000,0.000,1.000,0.000,0,0,2,1,1,2,2,1,0.0,0.0,1.0,0.0,0.0,1.0,1
"G[0,2](SMBGperDayPtMeterCombo >= 0.478 & BGTestAvgNumPtRep >= 0.361)
",9999999.000,9999999.000,0.000,1.000,0.000,0,0,0,3,3,0,0,3,0.0,0.0,0.0,0.0,0.0,1.0,1
"F[1,1](((AutonomicNeuroCl <= 0.000 & Pt_FatherT1D >= 0.000) | DirectLDL <= 0.000) | Pt_CGMUseNumDays >= 0.000)
",0.000,0.000,0.000,0.000,1.000,0,0,0,3,3,0,0,3,0.0,0.0,0.0,0.0,0.0,1.0,-1
"G[0,1](bmiZscore >= -0.082 & BGTestAvgNumMeter <= 1.731)
",9999999.000,9999999.000,0.000,1.000,0.000,0,0,0,3,3,0,0,3,0.0,0.0,0.0,0.0,0.0,1.0,1
"F[0,2](BGTestAvgNumMeter <= 2.668 & BGTestAvgNumPtRep <= 3.534)
",-9999999.000,-9999999.000,0.000,0.000,1.000,0,0,0,3,3,0,0,3,0.0,0.0,0.0,0.0,0.0,1.0,-1
"F[1,2](((Pt_A1cGoalLevelDsYr5 >= 0.000 | GFR >= 50.959) & DirectLDL <= 118.246) -> bmi <= 95.338)
",-9999999.000,-9999999.000,0.000,0.000,1.000,0,0,0,3,3,0,0,3,0.0,0.0,0.0,0.0,0.0,1.0,-1
"G[1,2](((Pt_CGMUseNumDays <= 0.000 -> SMBGperDayPtMeterCombo <= 2.177) & BGTestAvgNumPtRep >= 0.009) & SMBGperDayPtMeterCombo >= 0.281)
",9999999.000,9999999.000,0.000,1.000,0.000,0,0,0,3,3,0,0,3,0.0,0.0,0.0,0.0,0.0,1.0,1
"G[1,2](((BGTestAvgNumMeter <= 1.661 -> Pt_A1cGoalLev <= 0.000) | TotalDailyInsPerKg >= 0.000) & DirectLDL <= 0.000)
",9999999.000,9999999.000,0.000,1.000,0.000,0,0,3,0,0,3,3,0,0.0,0.0,1.0,0.0,0.0,1.0,1
"G[0,1]((TotChol <= 216.859 | age >= 12.703) -> BGTestAvgNumMeter >= 12.120)
",9999999.000,9999999.000,0.000,1.000,0.000,0,0,0,3,3,0,0,3,0.0,0.0,0.0,0.0,0.0,1.0,1
"G[1,2](((AlbCreatRat_mggNew >= 3.098 -> Triglyc >= 82.507) | BGTestAvgNumMeter <= 321.858) & AlbCreatRat_mggNew >= 80.433)
",9999999.000,9999999.000,0.000,1.000,0.000,0,0,0,3,3,0,0,3,0.0,0.0,0.0,0.0,0.0,1.0,1
"G[1,2](SMBGperDayPtMeterCombo >= 0.546 & BGTestAvgNumPtRep >= 0.352)
",9999999.000,9999999.000,0.000,1.000,0.000,0,0,0,3,3,0,0,3,0.0,0.0,0.0,0.0,0.0,1.0,1
"G[1,2]((HeightCm >= 151.547 | diabDur <= 3.448) | age <= 3.528)
",9999999.000,9999999.000,0.000,1.000,0.000,0,0,3,0,0,3,3,0,0.0,0.0,1.0,0.0,0.0,1.0,1
"G[0,2](((age <= 16.759 | HeightCm <= 161.113) | DirectLDL <= 160.367) & bmi >= 157.043)
",9999999.000,9999999.000,0.000,1.000,0.000,0,0,0,3,3,0,0,3,0.0,0.0,0.0,0.0,0.0,1.0,1
"G[2,2](((GFR >= 43.230 | bmiZscore >= -1.739) | Pt_A1cGoalLev <= 0.151) | UnitsInsBasalOrLongAct <= 0.587)
",1.739,1.739,0.000,1.000,0.000,0,0,3,0,0,3,3,0,0.0,0.0,1.0,0.0,0.0,1.0,1
"G[1,2](((BldPrDia >= 22.908 -> BldPrDia >= 8.312) & Pt_MotherT1D >= 30.650) & Pt_DKAFlg <= 71.717)
",9999999.000,9999999.000,0.000,1.000,0.000,0,0,0,3,3,0,0,3,0.0,0.0,0.0,0.0,0.0,1.0,1
"G[2,2]((BldPrDia >= 24.032 -> Pt_GrandparentT1D >= 0.000) & Pt_MotherT1D <= 0.000)
",0.000,0.000,0.000,1.000,0.000,0,0,3,0,0,3,3,0,0.0,0.0,1.0,0.0,0.0,1.0,1
"F[1,2]((Pt_DKAFlg <= 0.000 & bmiZscore >= -1.868) | Pt_GrandchildT1D >= -1.835)
",-9999999.000,-9999999.000,0.000,0.000,1.000,0,0,0,3,3,0,0,3,0.0,0.0,0.0,0.0,0.0,1.0,-1
"G[0,2]((WeightKg <= 56.787 | Pt_MotherT1D >= 0.000) | BGTestAvgNumPtRep >= 0.000)
",9999999.000,9999999.000,0.000,1.000,0.000,0,0,3,0,0,3,3,0,0.0,0.0,1.0,0.0,0.0,1.0,1
"G[0,2]((Pt_GrandparentT1D >= 0.000 | Pt_ChildT1D >= 0.000) | LDL >= 0.000)
",9999999.000,9999999.000,0.000,1.000,0.000,0,0,3,0,0,3,3,0,0.0,0.0,1.0,0.0,0.0,1.0,1
"G[0,2](HbA1cImputeDtMnC <= 40.524 | HDL >= 0.162)
",9999999.000,9999999.000,0.000,1.000,0.000,0,0,2,1,1,2,2,1,0.0,0.0,1.0,0.0,0.0,1.0,1
"G[0,1](diabDur >= 1.707 & TSH <= 0.952)
",9999999.000,9999999.000,0.000,1.000,0.000,0,0,0,3,3,0,0,3,0.0,0.0,0.0,0.0,0.0,1.0,1
"G[1,2](((GFR <= 94.039 | Pt_InsGov >= 0.146) -> NumPumpBolusOrShortAct >= 0.013) & diagAgeCombo <= 0.532)
",9999999.000,9999999.000,0.000,1.000,0.000,0,0,0,3,3,0,0,3,0.0,0.0,0.0,0.0,0.0,1.0,1
"G[0,2](((bmi >= 15.749 & HbA1c <= 11.978) -> TotalDailyInsPerKg >= 10.958) & Pt_ChildT1D <= 13.405)
",9999999.000,9999999.000,0.000,1.000,0.000,0,0,0,3,3,0,0,3,0.0,0.0,0.0,0.0,0.0,1.0,1
"G[1,2]((GFR <= 92.452 -> TSH >= 0.175) -> AlbCreatRat_mggNew >= 0.423)
",9999999.000,9999999.000,0.000,1.000,0.000,0,0,3,0,0,3,3,0,0.0,0.0,1.0,0.0,0.0,1.0,1
"G[0,2](((SMBGperDayPtMeterCombo >= 0.207 & WeightKg <= 58.522) | Pt_CGMUseNumDays <= 51.955) -> Pt_ChildT1D >= 40.867)
",9999999.000,9999999.000,0.000,1.000,0.000,0,0,0,3,3,0,0,3,0.0,0.0,0.0,0.0,0.0,1.0,1
"G[0,2](((LDL >= 24.138 | UnitsInsBasalOrLongAct <= 27.349) | Pt_GrandchildT1D >= 18.010) -> Pt_CGMUseNumDays >= 9.951)
",9999999.000,9999999.000,0.000,1.000,0.000,0,0,0,3,3,0,0,3,0.0,0.0,0.0,0.0,0.0,1.0,1
"G[1,2](diabDur <= 4.868 -> Triglyc <= 178.009)
",9999999.000,9999999.000,0.000,1.000,0.000,0,0,3,0,0,3,3,0,0.0,0.0,1.0,0.0,0.0,1.0,1
"G[0,1]((bmiPerc <= 0.793 & GFR <= 89.016) & TSH >= 7.498)
",9999999.000,9999999.000,0.000,1.000,0.000,0,0,0,3,3,0,0,3,0.0,0.0,0.0,0.0,0.0,1.0,1
"F[0,2](TotChol >= 54.806 & Pt_DKAFlg <= 0.000)
",-9999999.000,-9999999.000,0.000,0.000,1.000,0,0,0,3,3,0,0,3,0.0,0.0,0.0,0.0,0.0,1.0,-1
"G[1,2]((Pt_GrandparentT1D >= 0.000 -> BGTestAvgNumPtRep >= 0.403) -> TSH >= 0.576)
",9999999.000,9999999.000,0.000,1.000,0.000,0,0,3,0,0,3,3,0,0.0,0.0,1.0,0.0,0.0,1.0,1
"G[2,2]((TSH <= 1.224 & UnitsInsBasalOrLongAct <= 21.938) -> BldPrDia >= 18.905)
",-1.224,-1.224,0.000,1.000,0.000,0,0,3,0,0,3,3,0,0.0,0.0,1.0,0.0,0.0,1.0,1
"F[0,0](((TotChol <= 176.712 | Pt_ChildT1D >= 0.000) | HbA1cImputeDtMnC <= 0.000) | Pt_CGMUseNumDays >= 0.000)
",8401.000,8401.000,0.000,0.000,1.000,0,0,0,3,3,0,0,3,0.0,0.0,0.0,0.0,0.0,1.0,-1
"F[0,1](bmi <= 21.472 -> UnitsInsBasalOrLongAct <= 29.151)
",-9999999.000,-9999999.000,0.000,0.000,1.000,0,0,0,3,3,0,0,3,0.0,0.0,0.0,0.0,0.0,1.0,-1
"F[0,0](((BGTestAvgNumMeter <= 1.258 -> Pt_MotherT1D <= 0.000) | NumPumpBolusOrShortAct <= 0.000) -> Pt_GrandchildT1D >= 0.000)
",0.000,0.000,0.000,0.000,1.000,0,0,0,3,3,0,0,3,0.0,0.0,0.0,0.0,0.0,1.0,-1
"F[1,2](((HeightCm >= 154.381 -> AutonomicNeuroCl >= 0.000) & bmi >= 0.000) -> TotalDailyInsPerKg <= 0.000)
",-9999999.000,-9999999.000,0.000,0.000,1.000,0,0,0,3,3,0,0,3,0.0,0.0,0.0,0.0,0.0,1.0,-1
"F[1,2](GFR >= 67.922 -> BUN <= 19.518)
",-9999999.000,-9999999.000,0.000,0.000,1.000,0,0,0,3,3,0,0,3,0.0,0.0,0.0,0.0,0.0,1.0,-1
"F[1,1]((TotChol >= 42.295 | Pt_A1cGoalLev <= 0.000) -> LDL >= 0.000)
",0.000,0.000,0.000,0.000,1.000,0,0,0,3,3,0,0,3,0.0,0.0,0.0,0.0,0.0,1.0,-1
"F[2,2](((BldPrDia >= 43.571 | bmiPerc >= 0.404) & LDL >= 0.487) & HDL >= 0.268)
",-0.487,-0.487,0.000,0.000,1.000,0,0,0,3,3,0,0,3,0.0,0.0,0.0,0.0,0.0,1.0,-1
"F[0,2]((Pt_MotherT1D <= 0.000 | age >= 14.185) | TotalDailyInsPerKg <= 16.033)
",-9999999.000,-9999999.000,0.000,0.000,1.000,0,0,0,3,3,0,0,3,0.0,0.0,0.0,0.0,0.0,1.0,-1
"F[0,2](((DirectLDL >= 0.000 | UnitsInsBasalOrLongAct >= 3.372) & TotalDailyInsPerKg <= 22.180) & bmiZscore >= 16.154)
",-9999999.000,-9999999.000,0.000,0.000,1.000,0,0,0,3,3,0,0,3,0.0,0.0,0.0,0.0,0.0,1.0,-1
"F[0,2]((LDL >= 6.818 | BGTestAvgNumMeter <= 1.199) & LDL <= 1.635)
",-9999999.000,-9999999.000,0.000,0.000,1.000,0,0,0,3,3,0,0,3,0.0,0.0,0.0,0.0,0.0,1.0,-1
"F[0,2]((GFR >= 6.894 & diabDur >= 1.943) & TSH >= 2.426)
",-9999999.000,-9999999.000,0.000,0.000,1.000,0,0,0,3,3,0,0,3,0.0,0.0,0.0,0.0,0.0,1.0,-1
"F[0,2](HDL <= 23.409 | diabDur >= 2.139)
",-9999999.000,-9999999.000,0.000,0.000,1.000,0,0,0,3,3,0,0,3,0.0,0.0,0.0,0.0,0.0,1.0,-1
"((Pt_SHFlg <= 0.000) U[2,2] (SMBGperDayPtMeterCombo >= 0.177))
",0.000,0.000,0.000,0.000,1.000,0,0,0,3,3,0,0,3,0.0,0.0,0.0,0.0,0.0,1.0,-1
"F[1,2](((bmi >= 19.421 & UnitsInsBasalOrLongAct >= 18.970) -> GFR >= 12.792) | Pt_InsGov >= 13.668)
",-9999999.000,-9999999.000,0.000,0.000,1.000,0,0,0,3,3,0,0,3,0.0,0.0,0.0,0.0,0.0,1.0,-1
"F[1,2](((AutonomicNeuroCl <= 0.000 & Pt_ChildT1D >= 0.000) -> bmi >= 0.000) -> age <= 0.000)
",-9999999.000,-9999999.000,0.000,0.000,1.000,0,0,0,3,3,0,0,3,0.0,0.0,0.0,0.0,0.0,1.0,-1
"F[1,2](((HDL <= 40.252 & BGTestAvgNumMeter >= 0.942) | TSH <= 2.574) -> bmi <= 2.741)
",-9999999.000,-9999999.000,0.000,0.000,1.000,0,0,0,3,3,0,0,3,0.0,0.0,0.0,0.0,0.0,1.0,-1
"F[0,2]((age <= 16.828 -> bmi >= 19.293) -> TotChol <= 22.555)
",-9999999.000,-9999999.000,0.000,0.000,1.000,0,0,0,3,3,0,0,3,0.0,0.0,0.0,0.0,0.0,1.0,-1
"((Pt_CGMUseNumDays <= 0.000) U[1,2] (BGTestAvgNumMeter >= 0.768))
",-9999999.000,-9999999.000,0.000,0.000,1.000,0,0,0,3,3,0,0,3,0.0,0.0,0.0,0.0,0.0,1.0,-1
"F[0,2](((BUN <= 18.378 & HbA1c <= 12.522) | AutonomicNeuroCl >= 9.977) | diagAgeCombo >= 10.039)
",-9999999.000,-9999999.000,0.000,0.000,1.000,0,0,0,3,3,0,0,3,0.0,0.0,0.0,0.0,0.0,1.0,-1
"F[2,2]((DirectLDL >= 0.000 | Pt_FatherT1D >= 0.000) -> WeightKg <= 0.000)
",0.000,0.000,0.000,0.000,1.000,0,0,0,3,3,0,0,3,0.0,0.0,0.0,0.0,0.0,1.0,-1
"F[1,1]((Pt_ChildT1D >= 0.000 & Pt_A1cGoalLev >= 0.000) -> Pt_A1cGoalLevelDsYr5 >= 0.000)
",0.000,0.000,0.000,0.000,1.000,0,0,0,3,3,0,0,3,0.0,0.0,0.0,0.0,0.0,1.0,-1
"F[0,1](HbA1c >= 10.017 -> Pt_A1cGoalLevelDsYr5 = 0.000)
",-9999999.000,-9999999.000,0.000,0.000,1.000,0,0,0,3,3,0,0,3,0.0,0.0,0.0,0.0,0.0,1.0,-1
"F[1,2](((AutonomicNeuroCl >= 0.000 -> NumPumpBolusOrShortAct <= 0.000) -> Pt_ChildT1D <= 0.000) -> SMBGperDayPtMeterCombo >= 0.000)
",-9999999.000,-9999999.000,0.000,0.000,1.000,0,0,0,3,3,0,0,3,0.0,0.0,0.0,0.0,0.0,1.0,-1
"F[1,2](Pt_CGMUseNumDays >= 0.000 | AutonomicNeuroCl >= 0.000)
",-9999999.000,-9999999.000,0.000,0.000,1.000,0,0,0,3,3,0,0,3,0.0,0.0,0.0,0.0,0.0,1.0,-1
"F[1,2]((Triglyc <= 353.449 | TotalDailyInsPerKg <= 0.000) & DirectLDL <= 0.000)
",-9999999.000,-9999999.000,0.000,0.000,1.000,0,0,0,3,3,0,0,3,0.0,0.0,0.0,0.0,0.0,1.0,-1
"G[2,2](bmiPerc >= 0.167 & HbA1c >= 10.873)
",-10.873,-10.873,0.000,1.000,0.000,0,0,3,0,0,3,3,0,0.0,0.0,1.0,0.0,0.0,1.0,1
"G[0,1]((AlbCreatRat_mggNew <= 10.707 | TotChol <= 129.348) & bmi >= 36.773)
",9999999.000,9999999.000,0.000,1.000,0.000,0,0,0,3,3,0,0,3,0.0,0.0,0.0,0.0,0.0,1.0,1
"G[1,2](GFR <= 97.994 -> BUN >= 12.026)
",9999999.000,9999999.000,0.000,1.000,0.000,0,0,2,1,1,2,2,1,0.0,0.0,1.0,0.0,0.0,1.0,1
"G[2,2]((BldPrDia >= 7.853 -> SMBGperDayPtMeterCombo <= 2.477) | HbA1c <= 1.354)
",1.354,1.354,0.000,1.000,0.000,0,0,3,0,0,3,3,0,0.0,0.0,1.0,0.0,0.0,1.0,1
"G[1,2]((bmi >= 18.831 & TotChol <= 107.666) & AutonomicNeuroCl >= 72.143)
",9999999.000,9999999.000,0.000,1.000,0.000,0,0,0,3,3,0,0,3,0.0,0.0,0.0,0.0,0.0,1.0,1
"G[0,2]((bmi <= 22.743 | HDL <= 38.248) -> Pt_GrandchildT1D >= 12.987)
",9999999.000,9999999.000,0.000,1.000,0.000,0,0,0,3,3,0,0,3,0.0,0.0,0.0,0.0,0.0,1.0,1
"G[1,2](Pt_InsGov >= 0.030 -> TSH >= 0.327)
",9999999.000,9999999.000,0.000,1.000,0.000,0,0,3,0,0,3,3,0,0.0,0.0,1.0,0.0,0.0,1.0,1
"G[0,0](((BGTestAvgNumPtRep <= 0.778 | TSH <= 1.558) -> bmiZscore >= 0.564) & diabDur <= 1.918)
",-5.718,-11.749,0.000,1.000,0.000,0,0,0,3,3,0,0,3,0.0,0.0,0.0,0.0,0.0,1.0,1
"G[0,2](((BUN <= 17.544 | TotChol >= 23.913) -> NumPumpBolusOrShortAct >= 57.809) & Pt_InsGov >= 1.866)
",9999999.000,9999999.000,0.000,1.000,0.000,0,0,0,3,3,0,0,3,0.0,0.0,0.0,0.0,0.0,1.0,1
"G[0,2](GFR <= 88.401 -> BUN >= 13.724)
",9999999.000,9999999.000,0.000,1.000,0.000,0,0,2,1,1,2,2,1,0.0,0.0,1.0,0.0,0.0,1.0,1
"G[0,0]((BGTestAvgNumPtRep >= 0.301 & GFR <= 97.771) | Pt_SiblingT1D >= 40.690)
",1.095,1.366,0.000,1.000,0.000,0,0,0,3,3,0,0,3,0.0,0.0,0.0,0.0,0.0,1.0,1
"G[2,2](((BGTestAvgNumMeter >= 0.027 -> Pt_InsGov >= 0.149) | BldPrDia <= 0.490) | Pt_GrandparentT1D <= 0.938)
",0.938,0.938,0.000,1.000,0.000,0,0,3,0,0,3,3,0,0.0,0.0,1.0,0.0,0.0,1.0,1
"G[1,2](((bmiZscore >= -0.592 | TSH <= 1.300) & Pt_GrandchildT1D >= 0.286) | Pt_SiblingT1D <= 1.910)
",9999999.000,9999999.000,0.000,1.000,0.000,0,0,3,0,0,3,3,0,0.0,0.0,1.0,0.0,0.0,1.0,1
"G[0,1](HeightCm >= 153.651 & TSH <= 1.126)
",9999999.000,9999999.000,0.000,1.000,0.000,0,0,0,3,3,0,0,3,0.0,0.0,0.0,0.0,0.0,1.0,1
"G[0,2](((bmiZscore <= 0.614 & SMBGperDayPtMeterCombo <= 1.356) & BUN <= 2.028) | age >= 0.959)
",9999999.000,9999999.000,0.000,1.000,0.000,0,0,3,0,0,3,3,0,0.0,0.0,1.0,0.0,0.0,1.0,1
"G[1,2](((AlbCreatRat_mggNew >= 2.306 | HbA1cImputeDtMnC >= 7.672) & Pt_SHFlg >= 18.414) & HbA1c <= 63.137)
",9999999.000,9999999.000,0.000,1.000,0.000,0,0,0,3,3,0,0,3,0.0,0.0,0.0,0.0,0.0,1.0,1
"G[0,2](((BGTestAvgNumMeter >= 0.398 -> bmiPerc <= 0.808) & Pt_ChildT1D >= 0.207) & UnitsInsBasalOrLongAct >= 0.542)
",9999999.000,9999999.000,0.000,1.000,0.000,0,0,0,3,3,0,0,3,0.0,0.0,0.0,0.0,0.0,1.0,1
"G[2,2]((AlbCreatRat_mggNew >= 4.792 | BGTestAvgNumMeter >= 0.331) & age <= 1.608)
",-0.331,-0.331,0.000,1.000,0.000,0,0,3,0,0,3,3,0,0.0,0.0,1.0,0.0,0.0,1.0,1
"G[0,2]((age <= 15.387 -> bmi <= 22.099) & LDL >= 14.651)
",9999999.000,9999999.000,0.000,1.000,0.000,0,0,1,2,2,1,1,2,0.0,0.0,1.0,0.0,0.0,1.0,1
"G[0,2](age > 13.990 -> Pt_SHFlg = 0.000)
",9999999.000,9999999.000,0.000,1.000,0.000,0,0,3,0,0,3,3,0,0.0,0.0,1.0,0.0,0.0,1.0,1
"G[0,2](SMBGperDayPtMeterCombo < 1.406 & Pt_SHFlg = 0.000)
",9999999.000,9999999.000,0.000,1.000,0.000,0,0,1,2,2,1,1,2,0.0,0.0,1.0,0.0,0.0,1.0,1
"G[1,2](Pt_MotherT1D >= 0.000 & Pt_SHFlg = 0.000)
",9999999.000,9999999.000,0.000,1.000,0.000,0,0,3,0,0,3,3,0,0.0,0.0,1.0,0.0,0.0,1.0,1
"G[1,1](SMBGperDayPtMeterCombo >= 0.726 & BGTestAvgNumPtRep >= 0.604)
",-0.726,-0.726,0.000,1.000,0.000,0,0,0,3,3,0,0,3,0.0,0.0,0.0,0.0,0.0,1.0,1
"G[0,2]((WeightKg >= 38.613 | bmi >= 15.942) -> UnitsInsBasalOrLongAct <= 21.160)
",9999999.000,9999999.000,0.000,1.000,0.000,0,0,1,2,2,1,1,2,0.0,0.0,1.0,0.0,0.0,1.0,1
"G[1,2](GFR <= 70.760 -> BUN >= 10.012)
",9999999.000,9999999.000,0.000,1.000,0.000,0,0,3,0,0,3,3,0,0.0,0.0,1.0,0.0,0.0,1.0,1
"G[0,1](SMBGperDayPtMeterCombo >= 0.626 & BGTestAvgNumPtRep >= 0.161)
",9999999.000,9999999.000,0.000,1.000,0.000,0,0,0,3,3,0,0,3,0.0,0.0,0.0,0.0,0.0,1.0,1
"G[1,2]((WeightKg >= 34.425 | bmi >= 14.760) -> UnitsInsBasalOrLongAct <= 27.123)
",9999999.000,9999999.000,0.000,1.000,0.000,0,0,1,2,2,1,1,2,0.0,0.0,1.0,0.0,0.0,1.0,1
"G[1,1](SMBGperDayPtMeterCombo >= 0.588 & BGTestAvgNumPtRep >= 0.349)
",-0.588,-0.588,0.000,1.000,0.000,0,0,0,3,3,0,0,3,0.0,0.0,0.0,0.0,0.0,1.0,1
"G[0,2](bmi <= 22.997 & Triglyc <= 337.795)
",9999999.000,9999999.000,0.000,1.000,0.000,0,0,1,2,2,1,1,2,0.0,0.0,1.0,0.0,0.0,1.0,1
"G[0,2](bmi >= 15.565 -> LDL <= 103.337)
",9999999.000,9999999.000,0.000,1.000,0.000,0,0,2,1,1,2,2,1,0.0,0.0,1.0,0.0,0.0,1.0,1
"G[0,2](((HbA1c <= 13.820 & TSH >= 0.327) & UnitsInsBasalOrLongAct >= 0.499) -> diabDur >= 0.251)
",9999999.000,9999999.000,0.000,1.000,0.000,0,0,3,0,0,3,3,0,0.0,0.0,1.0,0.0,0.0,1.0,1
"G[0,1](bmiPerc >= 0.086 & BUN >= 14.017)
",9999999.000,9999999.000,0.000,1.000,0.000,0,0,0,3,3,0,0,3,0.0,0.0,0.0,0.0,0.0,1.0,1
"G[0,2](((HbA1cImputeDtMnC >= 4.002 & Triglyc <= 338.224) | Pt_MotherT1D <= 163.698) & Pt_SiblingT1D <= 176.052)
",9999999.000,9999999.000,0.000,1.000,0.000,0,0,3,0,0,3,3,0,0.0,0.0,1.0,0.0,0.0,1.0,1
"G[1,2](age <= 15.448 & bmiZscore <= 0.434)
",9999999.000,9999999.000,0.000,1.000,0.000,0,0,1,2,2,1,1,2,0.0,0.0,1.0,0.0,0.0,1.0,1
"G[0,0]((BldPrDia >= 54.488 -> HbA1cImputeDtMnC <= 36.998) & bmiPerc >= 17.194)
",-4.566,-47.341,0.000,1.000,0.000,0,0,0,3,3,0,0,3,0.0,0.0,0.0,0.0,0.0,1.0,1
"G[2,2]((BUN >= 12.322 -> HeightCm >= 153.601) & Pt_A1cGoalLev <= 162.450)
",12.322,12.322,0.000,1.000,0.000,0,0,3,0,0,3,3,0,0.0,0.0,1.0,0.0,0.0,1.0,1
"G[1,2](((SMBGperDayPtMeterCombo <= 1.739 | TotChol <= 177.824) & Triglyc >= 93.044) & Pt_InsGov >= 66.716)
",9999999.000,9999999.000,0.000,1.000,0.000,0,0,0,3,3,0,0,3,0.0,0.0,0.0,0.0,0.0,1.0,1
"G[1,2](HDL <= 31.523 | SMBGperDayPtMeterCombo >= 0.124)
",9999999.000,9999999.000,0.000,1.000,0.000,0,0,3,0,0,3,3,0,0.0,0.0,1.0,0.0,0.0,1.0,1
"G[0,2](bmi <= 22.844 & GFR <= 93.277)
",9999999.000,9999999.000,0.000,1.000,0.000,0,0,1,2,2,1,1,2,0.0,0.0,1.0,0.0,0.0,1.0,1
"G[0,2]((age >= 13.003 -> GFR <= 114.045) & WeightKg <= 84.851)
",9999999.000,9999999.000,0.000,1.000,0.000,0,0,2,1,1,2,2,1,0.0,0.0,1.0,0.0,0.0,1.0,1
"G[1,2]((bmiPerc <= 0.760 -> diabDur >= 0.622) -> GFR <= 4.776)
",9999999.000,9999999.000,0.000,1.000,0.000,0,0,1,2,2,1,1,2,0.0,0.0,1.0,0.0,0.0,1.0,1
"G[0,1](diabDur >= 2.409 & GFR <= 97.434)
",9999999.000,9999999.000,0.000,1.000,0.000,0,0,0,3,3,0,0,3,0.0,0.0,0.0,0.0,0.0,1.0,1
"G[0,2]((age <= 15.509 | AlbCreatRat_mggNew >= 2.366) & Pt_FatherT1D <= 14.257)
",9999999.000,9999999.000,0.000,1.000,0.000,0,0,3,0,0,3,3,0,0.0,0.0,1.0,0.0,0.0,1.0,1
"G[0,1]((BUN >= 10.826 -> GFR <= 99.120) & AutonomicNeuroCl >= 24.860)
",9999999.000,9999999.000,0.000,1.000,0.000,0,0,0,3,3,0,0,3,0.0,0.0,0.0,0.0,0.0,1.0,1
"G[0,1](((BldPrSys <= 106.867 & TSH >= 0.892) -> HbA1c <= 1.816) & Pt_GrandparentT1D >= 0.246)
",9999999.000,9999999.000,0.000,1.000,0.000,0,0,0,3,3,0,0,3,0.0,0.0,0.0,0.0,0.0,1.0,1
"G[0,2]((SMBGperDayPtMeterCombo <= 2.078 & Triglyc <= 276.304) | age >= 107.574)
",9999999.000,9999999.000,0.000,1.000,0.000,0,0,2,1,1,2,2,1,0.0,0.0,1.0,0.0,0.0,1.0,1
"G[1,2]((BUN <= 18.338 & diabDur <= 3.727) | Pt_DKAFlg <= 3.396)
",9999999.000,9999999.000,0.000,1.000,0.000,0,0,3,0,0,3,3,0,0.0,0.0,1.0,0.0,0.0,1.0,1
"G[2,2](((BUN <= 20.970 & Triglyc >= 120.443) -> Pt_A1cGoalLevelDsYr5 >= 137.742) & NumPumpBolusOrShortAct >= 20.595)
",-20.595,-20.595,0.000,1.000,0.000,0,0,3,0,0,3,3,0,0.0,0.0,1.0,0.0,0.0,1.0,1
"G[0,2](((BGTestAvgNumPtRep <= 2.874 | UnitsInsBasalOrLongAct >= 7.495) & HDL <= 21.126) & Pt_GrandparentT1D <= 22.388)
",9999999.000,9999999.000,0.000,1.000,0.000,0,0,1,2,2,1,1,2,0.0,0.0,1.0,0.0,0.0,1.0,1
"G[1,2](bmiPerc >= 0.025 | Triglyc >= 60.516)
",9999999.000,9999999.000,0.000,1.000,0.000,0,0,3,0,0,3,3,0,0.0,0.0,1.0,0.0,0.0,1.0,1
"G[0,2](((BUN >= 14.786 -> TSH >= 0.734) -> Pt_DKAFlg <= 1.810) & HbA1c <= 1.190)
",9999999.000,9999999.000,0.000,1.000,0.000,0,0,0,3,3,0,0,3,0.0,0.0,0.0,0.0,0.0,1.0,1
"G[0,2](((BGTestAvgNumMeter >= 0.172 -> BGTestAvgNumPtRep <= 2.785) & AlbCreatRat_mggNew <= 1.261) | LDL <= 1.930)
",9999999.000,9999999.000,0.000,1.000,0.000,0,0,1,2,2,1,1,2,0.0,0.0,1.0,0.0,0.0,1.0,1
"G[1,2](((BldPrSys <= 101.096 -> Triglyc <= 253.476) & BGTestAvgNumPtRep >= 135.959) | DirectLDL >= 104.987)
",9999999.000,9999999.000,0.000,1.000,0.000,0,0,0,3,3,0,0,3,0.0,0.0,0.0,0.0,0.0,1.0,1
"G[0,2](((bmiZscore >= -0.313 -> LDL <= 73.245) & HDL >= 16.938) & Pt_InsGov >= 30.298)
",9999999.000,9999999.000,0.000,1.000,0.000,0,0,0,3,3,0,0,3,0.0,0.0,0.0,0.0,0.0,1.0,1
"G[0,2](TotChol <= 152.908 & TSH >= 0.129)
",9999999.000,9999999.000,0.000,1.000,0.000,0,0,0,3,3,0,0,3,0.0,0.0,0.0,0.0,0.0,1.0,1
"G[1,2](BldPrDia >= 24.255 | HDL >= 10.174)
",9999999.000,9999999.000,0.000,1.000,0.000,0,0,3,0,0,3,3,0,0.0,0.0,1.0,0.0,0.0,1.0,1
"((Pt_DKAFlg >= 0.000) U[0,2] (HeightCm >= 153.409))
",-9999999.000,-9999999.000,0.000,0.000,1.000,0,0,0,3,3,0,0,3,0.0,0.0,0.0,0.0,0.0,1.0,-1
