Rule,Discrimination Score,Pos Robustness,Neg Robustness,Percent Class +,Percent Class -,TP,TN,FP,FN,Actual Yes,Actual No,Predicted Yes,Predicted No,TPR/Sens,TNR/Spec,FPR,Precision,Accuracy,MCR,Class
"G[0,0](((HeightCm <= 99.136 -> NumPumpBolusOrShortAct <= 3.800) & BGTestAvgNumPtRep >= 3.326) | GFR <= 12.389)
",18.855,11.941,0.000,1.000,0.000,4,0,0,0,4,0,4,0,1.0,0.0,0.0,1.0,1.1428571428571428,-0.1428571428571428,1
"G[0,0](((Pt_ChildT1D <= 0.000 | Pt_A1cGoalLevelDsYr5 <= 0.000) & Pt_CGMUseNumDays >= 0.000) -> HbA1c >= 0.000)
",0.000,0.000,0.000,1.000,0.000,4,0,0,0,4,0,4,0,1.0,0.0,0.0,1.0,1.1428571428571428,-0.1428571428571428,1
"F[0,0](((AlbCreatRat_mggNew >= 6.576 -> BldPrSys <= 125.138) -> LDL >= 122.385) & Pt_MotherT1D >= 124.126)
",-8734606771080395.000,-124.126,0.000,0.000,1.000,4,0,0,0,4,0,4,0,1.0,0.0,0.0,1.0,1.1428571428571428,-0.1428571428571428,-1
"F[0,0](LDL >= 80.110 & Pt_SHFlg = 0.365)
",-440.518,-79.982,0.000,0.000,1.000,4,0,0,0,4,0,4,0,1.0,0.0,0.0,1.0,1.1428571428571428,-0.1428571428571428,-1
"F[0,0](bmiPerc > 0.000 & Pt_SHFlg = 0.133)
",-0.717,-9.881,0.000,0.000,1.000,4,0,0,0,4,0,4,0,1.0,0.0,0.0,1.0,1.1428571428571428,-0.1428571428571428,-1
"G[0,0](((diabDur <= 36.385 | SMBGperDayPtMeterCombo >= 4.139) | Pt_CGMUseNumDays <= 8.002) -> LDL >= 1.488)
",-16.231,-68.861,0.000,1.000,0.000,4,0,0,0,4,0,4,0,1.0,0.0,0.0,1.0,1.1428571428571428,-0.1428571428571428,1
"F[0,0]((BldPrDia >= 72.713 | Triglyc >= 1.490) & AlbCreatRat_mggNew >= 14.061)
",-14.061,-14.061,0.000,0.000,1.000,4,0,0,0,4,0,4,0,1.0,0.0,0.0,1.0,1.1428571428571428,-0.1428571428571428,-1
"G[0,0](GFR <= 0.000 -> BUN >= 0.000)
",-1.396,-46.333,0.000,1.000,0.000,4,0,0,0,4,0,4,0,1.0,0.0,0.0,1.0,1.1428571428571428,-0.1428571428571428,1
"G[0,0](((Pt_A1cGoalLevelDsYr5 >= 0.000 | Pt_DKAFlg <= 0.000) | Pt_CGMUseNumDays <= 0.000) | Pt_A1cGoalLevelDsYr5 <= 0.000)
",0.000,0.000,0.000,1.000,0.000,4,0,0,0,4,0,4,0,1.0,0.0,0.0,1.0,1.1428571428571428,-0.1428571428571428,1
"F[0,0]((NumPumpBolusOrShortAct >= 2.806 & WeightKg >= 27.687) & Pt_DKAFlg <= 121.756)
",-5.467,-22.020,0.000,0.000,1.000,4,0,0,0,4,0,4,0,1.0,0.0,0.0,1.0,1.1428571428571428,-0.1428571428571428,-1
"G[0,0](DirectLDL >= 0.294 -> HeightCm >= 42.034)
",-0.704,-58.126,0.000,1.000,0.000,4,0,0,0,4,0,4,0,1.0,0.0,0.0,1.0,1.1428571428571428,-0.1428571428571428,1
"G[0,0](Pt_SHFlg <= 0.163 | TotalDailyInsPerKg <= 0.307)
",-0.695,-9.674,0.000,1.000,0.000,4,0,0,0,4,0,4,0,1.0,0.0,0.0,1.0,1.1428571428571428,-0.1428571428571428,1
"G[0,0]((BldPrDia >= 72.051 | HbA1cImputeDtMnC <= 64.946) | BUN >= 25.028)
",9.893,60.613,0.000,1.000,0.000,4,0,0,0,4,0,4,0,1.0,0.0,0.0,1.0,1.1428571428571428,-0.1428571428571428,1
"G[0,0](((Pt_FatherT1D >= 0.000 -> Pt_GrandchildT1D >= 0.000) & AutonomicNeuroCl <= 0.000) | Pt_GrandchildT1D <= 0.000)
",0.000,0.000,0.000,1.000,0.000,4,0,0,0,4,0,4,0,1.0,0.0,0.0,1.0,1.1428571428571428,-0.1428571428571428,1
"G[0,0](AutonomicNeuroCl >= 0.000 | Pt_DKAFlg <= 0.000)
",1.414,3.567,0.000,1.000,0.000,4,0,0,0,4,0,4,0,1.0,0.0,0.0,1.0,1.1428571428571428,-0.1428571428571428,1
"G[0,0]((Pt_SHFlg >= 0.095 | Pt_GrandparentT1D <= 0.000) | BldPrSys >= 0.000)
",0.707,9.805,0.000,1.000,0.000,4,0,0,0,4,0,4,0,1.0,0.0,0.0,1.0,1.1428571428571428,-0.1428571428571428,1
"G[0,0]((UnitsInsBasalOrLongAct >= 9.251 | Pt_MotherT1D >= 0.000) & NumPumpBolusOrShortAct >= 0.000)
",0.000,0.000,0.000,1.000,0.000,4,0,0,0,4,0,4,0,1.0,0.0,0.0,1.0,1.1428571428571428,-0.1428571428571428,1
"G[0,0](((Pt_FatherT1D >= 0.000 -> Pt_FatherT1D >= 0.000) -> Pt_GrandchildT1D >= 0.000) & Pt_GrandparentT1D <= 0.000)
",0.000,0.000,0.000,1.000,0.000,4,0,0,0,4,0,4,0,1.0,0.0,0.0,1.0,1.1428571428571428,-0.1428571428571428,1
"F[0,1](HDL >= 19.819 & Pt_SHFlg = 0.517)
",-9999999.000,-9999999.000,0.000,0.000,1.000,3,0,0,1,4,0,3,1,0.75,0.0,0.0,1.0,0.8571428571428571,0.1428571428571429,-1
"F[0,0](((Pt_GrandparentT1D >= 0.000 -> AlbCreatRat_mggNew <= 9.713) & NumPumpBolusOrShortAct >= 5.648) & AlbCreatRat_mggNew <= 6.983)
",-9.713,-9.713,0.000,0.000,1.000,3,0,0,1,4,0,3,1,0.75,0.0,0.0,1.0,0.8571428571428571,0.1428571428571429,-1
"F[1,1](((Pt_CGMUseNumDays <= 0.000 & Pt_CGMUseNumDays <= 0.000) & HbA1c <= 0.000) & AlbCreatRat_mggNew >= 0.000)
",0.000,0.000,0.000,0.000,1.000,3,0,0,1,4,0,3,1,0.75,0.0,0.0,1.0,0.8571428571428571,0.1428571428571429,-1
"G[0,1]((HbA1c <= 5.646 | bmi >= 14.756) -> bmiZscore <= 26.509)
",9999999.000,9999999.000,0.000,1.000,0.000,3,0,1,0,3,1,4,0,1.0,0.0,1.0,0.75,0.8571428571428571,0.1428571428571429,1
"G[1,1]((HDL <= 63.675 | bmi >= 15.186) -> Pt_InsGov <= 34.872)
",-8961515230787531.000,-63.675,0.000,1.000,0.000,3,0,1,0,3,1,4,0,1.0,0.0,1.0,0.75,0.8571428571428571,0.1428571428571429,1
"F[0,1](Pt_ChildT1D >= 0.000 & Pt_SHFlg = 0.899)
",-9999999.000,-9999999.000,0.000,0.000,1.000,3,0,0,1,4,0,3,1,0.75,0.0,0.0,1.0,0.8571428571428571,0.1428571428571429,-1
"G[1,1]((HbA1cImputeDtMnC >= 13.931 | Pt_CGMUseNumDays <= 0.000) & HbA1c >= 0.000)
",0.000,0.000,0.000,1.000,0.000,3,0,1,0,3,1,4,0,1.0,0.0,1.0,0.75,0.8571428571428571,0.1428571428571429,1
"G[1,1]((AutonomicNeuroCl >= 0.000 -> Pt_DKAFlg >= 0.000) | Pt_CGMUseNumDays <= 0.000)
",0.000,0.000,0.000,1.000,0.000,3,0,1,0,3,1,4,0,1.0,0.0,1.0,0.75,0.8571428571428571,0.1428571428571429,1
"G[1,1](GFR <= 0.000 -> BUN >= 0.000)
",0.000,0.000,0.000,1.000,0.000,3,0,1,0,3,1,4,0,1.0,0.0,1.0,0.75,0.8571428571428571,0.1428571428571429,1
"((Pt_SiblingT1D > 0.000) U[0,1] (Pt_SHFlg = 0.980))
",-9999999.000,-9999999.000,0.000,0.000,1.000,3,0,0,1,4,0,3,1,0.75,0.0,0.0,1.0,0.8571428571428571,0.1428571428571429,-1
"((AutonomicNeuroCl >= 0.000) U[0,1] (Pt_SHFlg = 0.403))
",-9999999.000,-9999999.000,0.000,0.000,1.000,3,0,0,1,4,0,3,1,0.75,0.0,0.0,1.0,0.8571428571428571,0.1428571428571429,-1
"((Pt_GrandchildT1D < 0.000) U[1,1] (Pt_SHFlg = 0.719))
",0.000,0.000,0.000,0.000,1.000,3,0,0,1,4,0,3,1,0.75,0.0,0.0,1.0,0.8571428571428571,0.1428571428571429,-1
"G[1,1](((Pt_MotherT1D >= 0.000 -> Pt_A1cGoalLevelDsYr5 <= 0.000) | Triglyc <= 0.000) & BUN >= 0.000)
",0.000,0.000,0.000,1.000,0.000,3,0,1,0,3,1,4,0,1.0,0.0,1.0,0.75,0.8571428571428571,0.1428571428571429,1
"F[0,1](TSH <= 0.000 -> Pt_SHFlg = 0.055)
",-9999999.000,-9999999.000,0.000,0.000,1.000,3,0,0,1,4,0,3,1,0.75,0.0,0.0,1.0,0.8571428571428571,0.1428571428571429,-1
"((HbA1c <= 5.295) U[0,0] (TotChol >= 22.221))
",1.450,34.618,0.000,0.000,1.000,3,0,0,1,4,0,3,1,0.75,0.0,0.0,1.0,0.8571428571428571,0.1428571428571429,-1
"((diagAgeCombo > 15.000) U[0,1] (Pt_SHFlg = 0.363))
",-9999999.000,-9999999.000,0.000,0.000,1.000,3,0,0,1,4,0,3,1,0.75,0.0,0.0,1.0,0.8571428571428571,0.1428571428571429,-1
"F[1,1](Pt_A1cGoalLevelDsYr5 < 0.000 & Pt_SHFlg = 0.126)
",-0.126,-0.126,0.000,0.000,1.000,3,0,0,1,4,0,3,1,0.75,0.0,0.0,1.0,0.8571428571428571,0.1428571428571429,-1
"F[0,1]((TotalDailyInsPerKg <= 0.337 | UnitsInsBasalOrLongAct >= 7.985) & Pt_A1cGoalLev >= 12.099)
",-9999999.000,-9999999.000,0.000,0.000,1.000,3,0,0,1,4,0,3,1,0.75,0.0,0.0,1.0,0.8571428571428571,0.1428571428571429,-1
"F[0,1](diabDur >= 34.331 & Triglyc >= 27.606)
",-9999999.000,-9999999.000,0.000,0.000,1.000,3,0,0,1,4,0,3,1,0.75,0.0,0.0,1.0,0.8571428571428571,0.1428571428571429,-1
"((HeightCm >= 74.803) U[1,1] (Triglyc >= 23.041))
",-6485466377357093.000,-23.041,0.000,0.000,1.000,3,0,0,1,4,0,3,1,0.75,0.0,0.0,1.0,0.8571428571428571,0.1428571428571429,-1
"((AlbCreatRat_mggNew >= 6.856) U[0,0] (NumPumpBolusOrShortAct >= 0.182))
",-0.182,-0.182,0.000,0.000,1.000,3,0,0,1,4,0,3,1,0.75,0.0,0.0,1.0,0.8571428571428571,0.1428571428571429,-1
"((Triglyc <= 71.665) U[0,1] (Pt_SHFlg = 0.429))
",-9999999.000,-9999999.000,0.000,0.000,1.000,3,0,0,1,4,0,3,1,0.75,0.0,0.0,1.0,0.8571428571428571,0.1428571428571429,-1
"((Pt_GrandparentT1D >= 0.000) U[1,1] (Pt_SHFlg = 0.971))
",0.000,0.000,0.000,0.000,1.000,3,0,0,1,4,0,3,1,0.75,0.0,0.0,1.0,0.8571428571428571,0.1428571428571429,-1
"((SMBGperDayPtMeterCombo >= 5.196) U[1,1] (NumPumpBolusOrShortAct >= 0.569))
",-0.569,-0.569,0.000,0.000,1.000,3,0,0,1,4,0,3,1,0.75,0.0,0.0,1.0,0.8571428571428571,0.1428571428571429,-1
"F[0,1](((HbA1cImputeDtMnC <= 35.896 | Pt_CGMUseNumDays >= 0.000) -> Pt_InsGov >= 0.000) -> age <= 0.000)
",-9999999.000,-9999999.000,0.000,0.000,1.000,3,0,0,1,4,0,3,1,0.75,0.0,0.0,1.0,0.8571428571428571,0.1428571428571429,-1
"G[1,1](GFR <= 0.000 -> BUN >= 0.000)
",0.000,0.000,0.000,1.000,0.000,3,0,1,0,3,1,4,0,1.0,0.0,1.0,0.75,0.8571428571428571,0.1428571428571429,1
"G[0,1](GFR <= 0.000 -> BUN >= 0.000)
",9999999.000,9999999.000,0.000,1.000,0.000,3,0,1,0,3,1,4,0,1.0,0.0,1.0,0.75,0.8571428571428571,0.1428571428571429,1
"G[0,1]((LDL >= 79.540 & Pt_MotherT1D <= 0.000) -> bmiPerc <= 0.000)
",9999999.000,9999999.000,0.000,1.000,0.000,3,0,1,0,3,1,4,0,1.0,0.0,1.0,0.75,0.8571428571428571,0.1428571428571429,1
"G[1,1]((age >= 46.192 -> HbA1cImputeDtMnC <= 29.188) | Pt_A1cGoalLev <= 53.904)
",53.904,53.904,0.000,1.000,0.000,3,0,1,0,3,1,4,0,1.0,0.0,1.0,0.75,0.8571428571428571,0.1428571428571429,1
"G[0,1](((TSH <= 0.000 & TotalDailyInsPerKg <= 0.214) | age >= 0.142) | TotalDailyInsPerKg <= 0.310)
",9999999.000,9999999.000,0.000,1.000,0.000,3,0,1,0,3,1,4,0,1.0,0.0,1.0,0.75,0.8571428571428571,0.1428571428571429,1
"G[0,1](((Pt_A1cGoalLevelDsYr5 <= 0.000 | Pt_ChildT1D >= 0.000) | bmiZscore >= 0.000) | BUN <= 0.000)
",9999999.000,9999999.000,0.000,1.000,0.000,3,0,1,0,3,1,4,0,1.0,0.0,1.0,0.75,0.8571428571428571,0.1428571428571429,1
"G[0,1]((diabDur <= 36.925 -> TotalDailyInsPerKg <= 0.307) | Pt_ChildT1D <= 0.331)
",9999999.000,9999999.000,0.000,1.000,0.000,3,0,1,0,3,1,4,0,1.0,0.0,1.0,0.75,0.8571428571428571,0.1428571428571429,1
"G[0,1](((NumPumpBolusOrShortAct >= 3.244 -> GFR <= 0.000) | Pt_SiblingT1D >= 0.000) | BldPrDia <= 0.000)
",9999999.000,9999999.000,0.000,1.000,0.000,3,0,1,0,3,1,4,0,1.0,0.0,1.0,0.75,0.8571428571428571,0.1428571428571429,1
"G[0,1](((Pt_A1cGoalLev >= 0.384 & bmiPerc <= 0.000) -> BGTestAvgNumMeter >= 0.000) | AutonomicNeuroCl <= 0.000)
",9999999.000,9999999.000,0.000,1.000,0.000,3,0,1,0,3,1,4,0,1.0,0.0,1.0,0.75,0.8571428571428571,0.1428571428571429,1
"G[1,1]((Pt_GrandchildT1D <= 0.000 | AutonomicNeuroCl <= 0.000) -> HeightCm >= 0.000)
",0.000,0.000,0.000,1.000,0.000,3,0,1,0,3,1,4,0,1.0,0.0,1.0,0.75,0.8571428571428571,0.1428571428571429,1
"G[0,1](((BGTestAvgNumPtRep >= 3.554 -> bmi <= 41.923) & HbA1c >= 17.735) -> DirectLDL <= 40.364)
",9999999.000,9999999.000,0.000,1.000,0.000,3,0,1,0,3,1,4,0,1.0,0.0,1.0,0.75,0.8571428571428571,0.1428571428571429,1
"G[0,1]((AlbCreatRat_mggNew >= 2.856 & UnitsInsBasalOrLongAct <= 24.039) | bmiPerc <= 24.323)
",9999999.000,9999999.000,0.000,1.000,0.000,3,0,1,0,3,1,4,0,1.0,0.0,1.0,0.75,0.8571428571428571,0.1428571428571429,1
"G[0,1](GFR <= 0.000 -> BUN >= 0.000)
",9999999.000,9999999.000,0.000,1.000,0.000,3,0,1,0,3,1,4,0,1.0,0.0,1.0,0.75,0.8571428571428571,0.1428571428571429,1
"G[0,1](Pt_CGMUseNumDays >= 0.000 | NumPumpBolusOrShortAct >= 0.525)
",9999999.000,9999999.000,0.000,1.000,0.000,3,0,1,0,3,1,4,0,1.0,0.0,1.0,0.75,0.8571428571428571,0.1428571428571429,1
"G[0,1](((bmiZscore <= 0.906 & LDL >= 81.036) -> bmi >= 66.404) -> TotChol <= 92.662)
",9999999.000,9999999.000,0.000,1.000,0.000,3,0,1,0,3,1,4,0,1.0,0.0,1.0,0.75,0.8571428571428571,0.1428571428571429,1
"G[0,1](((bmi >= 0.904 & Pt_FatherT1D <= 0.000) & diagAgeCombo <= 0.000) | HeightCm >= 0.000)
",9999999.000,9999999.000,0.000,1.000,0.000,3,0,1,0,3,1,4,0,1.0,0.0,1.0,0.75,0.8571428571428571,0.1428571428571429,1
"G[0,1]((HbA1c >= 4.104 -> SMBGperDayPtMeterCombo <= 5.841) -> Pt_GrandparentT1D <= 7.565)
",9999999.000,9999999.000,0.000,1.000,0.000,3,0,1,0,3,1,4,0,1.0,0.0,1.0,0.75,0.8571428571428571,0.1428571428571429,1
"G[0,1](((SMBGperDayPtMeterCombo >= 2.150 | UnitsInsBasalOrLongAct >= 15.015) & DirectLDL >= 16.076) | BldPrSys >= 4.460)
",9999999.000,9999999.000,0.000,1.000,0.000,3,0,1,0,3,1,4,0,1.0,0.0,1.0,0.75,0.8571428571428571,0.1428571428571429,1
"G[0,1](((NumPumpBolusOrShortAct <= 7.463 -> Pt_A1cGoalLev >= 0.512) | Pt_A1cGoalLev <= 1.945) -> Pt_SHFlg <= 5.148)
",9999999.000,9999999.000,0.000,1.000,0.000,3,0,1,0,3,1,4,0,1.0,0.0,1.0,0.75,0.8571428571428571,0.1428571428571429,1
"G[0,1]((BGTestAvgNumMeter <= 7.392 & TotChol <= 41.816) | bmiPerc <= 134.163)
",9999999.000,9999999.000,0.000,1.000,0.000,3,0,1,0,3,1,4,0,1.0,0.0,1.0,0.75,0.8571428571428571,0.1428571428571429,1
"G[0,1]((Pt_GrandchildT1D <= 0.000 -> GFR <= 0.000) | HDL <= 0.000)
",9999999.000,9999999.000,0.000,1.000,0.000,3,0,1,0,3,1,4,0,1.0,0.0,1.0,0.75,0.8571428571428571,0.1428571428571429,1
"G[0,1]((TotalDailyInsPerKg <= 0.189 & Pt_SHFlg <= 0.252) -> Pt_InsGov <= 0.963)
",9999999.000,9999999.000,0.000,1.000,0.000,3,0,1,0,3,1,4,0,1.0,0.0,1.0,0.75,0.8571428571428571,0.1428571428571429,1
"G[0,1]((BldPrDia <= 74.893 & TotalDailyInsPerKg <= 0.388) | TSH <= 0.197)
",9999999.000,9999999.000,0.000,1.000,0.000,3,0,1,0,3,1,4,0,1.0,0.0,1.0,0.75,0.8571428571428571,0.1428571428571429,1
"G[1,1](((Pt_MotherT1D <= 0.000 & AutonomicNeuroCl >= 0.000) -> HDL <= 0.000) -> TotChol <= 0.000)
",0.000,0.000,0.000,1.000,0.000,3,0,1,0,3,1,4,0,1.0,0.0,1.0,0.75,0.8571428571428571,0.1428571428571429,1
"G[0,1](((Pt_SiblingT1D <= 0.000 -> bmi >= 13.115) & Pt_ChildT1D <= 41.320) -> HbA1cImputeDtMnC >= 2.985)
",9999999.000,9999999.000,0.000,1.000,0.000,3,0,0,1,4,0,3,1,0.75,0.0,0.0,1.0,0.8571428571428571,0.1428571428571429,1
"G[0,1]((Pt_ChildT1D <= 0.000 | diabDur >= 33.902) -> DirectLDL <= 36.049)
",9999999.000,9999999.000,0.000,1.000,0.000,3,0,1,0,3,1,4,0,1.0,0.0,1.0,0.75,0.8571428571428571,0.1428571428571429,1
"G[0,1](((bmiZscore <= 1.226 & Pt_SiblingT1D <= 0.000) -> Pt_MotherT1D <= 0.000) | Pt_A1cGoalLevelDsYr5 <= 0.000)
",9999999.000,9999999.000,0.000,1.000,0.000,3,0,1,0,3,1,4,0,1.0,0.0,1.0,0.75,0.8571428571428571,0.1428571428571429,1
"G[0,1](GFR <= 0.000 -> BUN >= 0.000)
",9999999.000,9999999.000,0.000,1.000,0.000,3,0,1,0,3,1,4,0,1.0,0.0,1.0,0.75,0.8571428571428571,0.1428571428571429,1
"G[1,1]((Pt_GrandchildT1D <= 0.000 & Pt_A1cGoalLev <= 0.952) -> DirectLDL <= 4.876)
",-4.876,-4.876,0.000,1.000,0.000,3,0,1,0,3,1,4,0,1.0,0.0,1.0,0.75,0.8571428571428571,0.1428571428571429,1
"G[0,1]((bmi <= 21.192 -> HDL >= 23.861) | bmi <= 87.206)
",9999999.000,9999999.000,0.000,1.000,0.000,3,0,1,0,3,1,4,0,1.0,0.0,1.0,0.75,0.8571428571428571,0.1428571428571429,1
"G[0,1](((UnitsInsBasalOrLongAct >= 11.624 -> HDL <= 44.395) -> diabDur <= 75.385) -> BldPrSys >= 22.330)
",9999999.000,9999999.000,0.000,1.000,0.000,3,0,1,0,3,1,4,0,1.0,0.0,1.0,0.75,0.8571428571428571,0.1428571428571429,1
"G[0,0]((BldPrSys >= 124.215 | bmi <= 41.287) & BldPrSys >= 4.177)
",-4.177,-4.177,0.000,1.000,0.000,3,0,0,1,4,0,3,1,0.75,0.0,0.0,1.0,0.8571428571428571,0.1428571428571429,1
"G[0,0](HbA1cImputeDtMnC <= 45.592 | TotChol >= 4.918)
",3.862,59.585,0.000,1.000,0.000,3,0,0,1,4,0,3,1,0.75,0.0,0.0,1.0,0.8571428571428571,0.1428571428571429,1
"G[0,1](BldPrDia <= 76.057 | DirectLDL >= 0.570)
",9999999.000,9999999.000,0.000,1.000,0.000,3,0,1,0,3,1,4,0,1.0,0.0,1.0,0.75,0.8571428571428571,0.1428571428571429,1
"F[1,1](((Pt_SHFlg <= 0.682 -> BGTestAvgNumPtRep >= 0.194) & Pt_CGMUseNumDays <= 5.673) -> TSH >= 2.704)
",6146007150906285.000,0.682,0.000,0.000,1.000,2,0,0,2,4,0,2,2,0.5,0.0,0.0,1.0,0.5714285714285714,0.4285714285714286,-1
"((bmiPerc <= 0.000) U[0,0] (HeightCm <= 92.172))
",0.799,48.899,0.000,0.000,1.000,2,0,0,2,4,0,2,2,0.5,0.0,0.0,1.0,0.5714285714285714,0.4285714285714286,-1
"((TotalDailyInsPerKg >= 0.035) U[0,0] (WeightKg >= 37.663))
",11.961,34.299,0.000,0.000,1.000,2,0,0,2,4,0,2,2,0.5,0.0,0.0,1.0,0.5714285714285714,0.4285714285714286,-1
"F[1,1]((LDL >= 67.792 & SMBGperDayPtMeterCombo >= 1.678) & Pt_ChildT1D <= 6.996)
",-67.792,-67.792,0.000,0.000,1.000,2,0,0,2,4,0,2,2,0.5,0.0,0.0,1.0,0.5714285714285714,0.4285714285714286,-1
"F[1,1](((HbA1cImputeDtMnC <= 35.890 & Pt_DKAFlg >= 0.000) & BldPrDia >= 0.000) & Pt_A1cGoalLevelDsYr5 <= 0.000)
",0.000,0.000,0.000,0.000,1.000,2,0,0,2,4,0,2,2,0.5,0.0,0.0,1.0,0.5714285714285714,0.4285714285714286,-1
"((BGTestAvgNumMeter >= 3.646) U[0,1] (BGTestAvgNumPtRep <= 5.166))
",-9999999.000,-9999999.000,0.000,0.000,1.000,2,0,0,2,4,0,2,2,0.5,0.0,0.0,1.0,0.5714285714285714,0.4285714285714286,-1
"((BldPrDia >= 70.303) U[0,1] (Pt_A1cGoalLev >= 0.249))
",-9999999.000,-9999999.000,0.000,0.000,1.000,2,0,0,2,4,0,2,2,0.5,0.0,0.0,1.0,0.5714285714285714,0.4285714285714286,-1
"F[0,0](bmiZscore >= 0.258 -> WeightKg <= 103.382)
",-24.261,-97.715,0.000,0.000,1.000,2,0,0,2,4,0,2,2,0.5,0.0,0.0,1.0,0.5714285714285714,0.4285714285714286,-1
"F[0,0]((HeightCm <= 83.242 & Pt_A1cGoalLev <= 4.504) -> BldPrSys <= 1.151)
",-1.151,-1.151,0.000,0.000,1.000,2,0,0,2,4,0,2,2,0.5,0.0,0.0,1.0,0.5714285714285714,0.4285714285714286,-1
"F[0,1]((BGTestAvgNumMeter >= 2.499 -> HeightCm <= 174.943) -> NumPumpBolusOrShortAct >= 72.162)
",-9999999.000,-9999999.000,0.000,0.000,1.000,2,0,0,2,4,0,2,2,0.5,0.0,0.0,1.0,0.5714285714285714,0.4285714285714286,-1
"((BGTestAvgNumMeter >= 0.154) U[0,1] (BGTestAvgNumPtRep <= 4.802))
",-9999999.000,-9999999.000,0.000,0.000,1.000,2,0,0,2,4,0,2,2,0.5,0.0,0.0,1.0,0.5714285714285714,0.4285714285714286,-1
"F[0,1](age <= 50.375 -> Pt_SHFlg = 0.512)
",-9999999.000,-9999999.000,0.000,0.000,1.000,2,0,0,2,4,0,2,2,0.5,0.0,0.0,1.0,0.5714285714285714,0.4285714285714286,-1
"G[1,1]((WeightKg >= 21.271 | bmi >= 17.264) -> UnitsInsBasalOrLongAct <= 23.253)
",-6545041427296571.000,-23.253,0.000,1.000,0.000,2,0,1,1,3,1,3,1,0.6666666666666666,0.0,1.0,0.6666666666666666,0.5714285714285714,0.4285714285714286,1
"G[0,1]((WeightKg <= 79.519 & diagAgeCombo >= 15.000) | TSH >= 15.000)
",9999999.000,9999999.000,0.000,1.000,0.000,2,0,0,2,4,0,2,2,0.5,0.0,0.0,1.0,0.5714285714285714,0.4285714285714286,1
"G[1,1]((Pt_SiblingT1D >= 0.000 -> UnitsInsBasalOrLongAct <= 24.443) -> UnitsInsBasalOrLongAct <= 17.481)
",-17.481,-17.481,0.000,1.000,0.000,2,0,1,1,3,1,3,1,0.6666666666666666,0.0,1.0,0.6666666666666666,0.5714285714285714,0.4285714285714286,1
"G[0,0](((HDL <= 95.353 | Triglyc >= 14.362) & bmi >= 13.585) & Pt_MotherT1D <= 43.836)
",-13.585,-13.585,0.000,1.000,0.000,2,0,0,2,4,0,2,2,0.5,0.0,0.0,1.0,0.5714285714285714,0.4285714285714286,1
"G[0,1](SMBGperDayPtMeterCombo >= 0.378 & BGTestAvgNumPtRep >= 3.787)
",9999999.000,9999999.000,0.000,1.000,0.000,2,0,0,2,4,0,2,2,0.5,0.0,0.0,1.0,0.5714285714285714,0.4285714285714286,1
"G[0,1](SMBGperDayPtMeterCombo >= 0.710 & BGTestAvgNumPtRep >= 2.076)
",9999999.000,9999999.000,0.000,1.000,0.000,2,0,0,2,4,0,2,2,0.5,0.0,0.0,1.0,0.5714285714285714,0.4285714285714286,1
"G[0,0](HDL <= 61.427 -> WeightKg <= 93.834)
",-21.890,-88.167,0.000,1.000,0.000,2,0,0,2,4,0,2,2,0.5,0.0,0.0,1.0,0.5714285714285714,0.4285714285714286,1
"G[0,0](((AlbCreatRat_mggNew <= 8.258 & HDL <= 98.070) & diagAgeCombo <= 89.088) & BldPrSys >= 5.994)
",-6749056090447341.000,-5.994,0.000,1.000,0.000,2,0,0,2,4,0,2,2,0.5,0.0,0.0,1.0,0.5714285714285714,0.4285714285714286,1
"G[0,0](SMBGperDayPtMeterCombo >= 0.159 & BGTestAvgNumPtRep >= 2.553)
",0.105,0.447,0.000,1.000,0.000,2,0,0,2,4,0,2,2,0.5,0.0,0.0,1.0,0.5714285714285714,0.4285714285714286,1
"G[1,1]((BldPrDia <= 75.877 -> HDL <= 51.965) & TotalDailyInsPerKg <= 55.688)
",-75.877,-75.877,0.000,1.000,0.000,2,0,1,1,3,1,3,1,0.6666666666666666,0.0,1.0,0.6666666666666666,0.5714285714285714,0.4285714285714286,1
"G[0,0]((AlbCreatRat_mggNew <= 7.163 & Pt_GrandchildT1D <= 0.000) & BldPrDia >= 0.000)
",0.000,0.000,0.000,1.000,0.000,2,0,0,2,4,0,2,2,0.5,0.0,0.0,1.0,0.5714285714285714,0.4285714285714286,1
"G[1,1](Pt_A1cGoalLev >= 0.574 -> DirectLDL >= 0.127)
",0.127,0.127,0.000,1.000,0.000,2,0,1,1,3,1,3,1,0.6666666666666666,0.0,1.0,0.6666666666666666,0.5714285714285714,0.4285714285714286,1
"G[0,1](((BGTestAvgNumMeter >= 3.141 -> TSH <= 0.000) | HbA1cImputeDtMnC >= 0.000) -> NumPumpBolusOrShortAct <= 0.000)
",9999999.000,9999999.000,0.000,1.000,0.000,2,0,1,1,3,1,3,1,0.6666666666666666,0.0,1.0,0.6666666666666666,0.5714285714285714,0.4285714285714286,1
"G[1,1]((GFR >= 0.000 & Pt_A1cGoalLev >= 0.731) -> AlbCreatRat_mggNew <= 3.144)
",-7079252311347075.000,-3.144,0.000,1.000,0.000,2,0,1,1,3,1,3,1,0.6666666666666666,0.0,1.0,0.6666666666666666,0.5714285714285714,0.4285714285714286,1
"G[0,1]((BGTestAvgNumPtRep >= 2.533 -> TotalDailyInsPerKg <= 0.278) | BGTestAvgNumPtRep <= 0.175)
",9999999.000,9999999.000,0.000,1.000,0.000,2,0,1,1,3,1,3,1,0.6666666666666666,0.0,1.0,0.6666666666666666,0.5714285714285714,0.4285714285714286,1
"G[0,1](((BldPrDia <= 79.602 & Pt_MotherT1D >= 0.000) | bmi <= 0.000) & bmiPerc >= 0.000)
",9999999.000,9999999.000,0.000,1.000,0.000,2,0,1,1,3,1,3,1,0.6666666666666666,0.0,1.0,0.6666666666666666,0.5714285714285714,0.4285714285714286,1
"G[0,0](LDL <= 107.262 -> TotalDailyInsPerKg >= 0.135)
",-590.064,-107.134,0.000,1.000,0.000,2,0,0,2,4,0,2,2,0.5,0.0,0.0,1.0,0.5714285714285714,0.4285714285714286,1
"G[1,1](HbA1cImputeDtMnC >= 19.117 -> BGTestAvgNumMeter >= 0.808)
",7275315438431989.000,0.808,0.000,1.000,0.000,2,0,1,1,3,1,3,1,0.6666666666666666,0.0,1.0,0.6666666666666666,0.5714285714285714,0.4285714285714286,1
"G[0,1]((NumPumpBolusOrShortAct >= 2.301 -> TotChol <= 148.894) & BldPrSys >= 1.250)
",9999999.000,9999999.000,0.000,1.000,0.000,2,0,1,1,3,1,3,1,0.6666666666666666,0.0,1.0,0.6666666666666666,0.5714285714285714,0.4285714285714286,1
"G[0,1](((BGTestAvgNumPtRep >= 2.929 & LDL >= 72.501) | UnitsInsBasalOrLongAct >= 73.018) -> TotChol >= 84.070)
",9999999.000,9999999.000,0.000,1.000,0.000,2,0,1,1,3,1,3,1,0.6666666666666666,0.0,1.0,0.6666666666666666,0.5714285714285714,0.4285714285714286,1
"G[1,1]((BldPrSys >= 121.261 & HeightCm >= 31.076) -> Pt_FatherT1D >= 18.337)
",18.337,18.337,0.000,1.000,0.000,2,0,1,1,3,1,3,1,0.6666666666666666,0.0,1.0,0.6666666666666666,0.5714285714285714,0.4285714285714286,1
"G[0,1](HbA1cImputeDtMnC <= 54.045 | bmi <= 22.292)
",9999999.000,9999999.000,0.000,1.000,0.000,2,0,1,1,3,1,3,1,0.6666666666666666,0.0,1.0,0.6666666666666666,0.5714285714285714,0.4285714285714286,1
"G[1,1](bmi <= 23.738 -> SMBGperDayPtMeterCombo >= 2.547)
",-23.738,-23.738,0.000,1.000,0.000,2,0,1,1,3,1,3,1,0.6666666666666666,0.0,1.0,0.6666666666666666,0.5714285714285714,0.4285714285714286,1
"G[0,1]((UnitsInsBasalOrLongAct <= 21.939 -> UnitsInsBasalOrLongAct >= 4.878) & HbA1c >= 3.876)
",9999999.000,9999999.000,0.000,1.000,0.000,2,0,0,2,4,0,2,2,0.5,0.0,0.0,1.0,0.5714285714285714,0.4285714285714286,1
"G[1,1]((WeightKg >= 48.165 | bmi >= 9.653) -> UnitsInsBasalOrLongAct <= 21.344)
",-21.344,-21.344,0.000,1.000,0.000,2,0,1,1,3,1,3,1,0.6666666666666666,0.0,1.0,0.6666666666666666,0.5714285714285714,0.4285714285714286,1
"((BGTestAvgNumMeter >= 2.264) U[1,2] (BGTestAvgNumPtRep <= 6.139))
",-9999999.000,-9999999.000,0.000,0.000,1.000,1,0,0,3,4,0,1,3,0.25,0.0,0.0,1.0,0.2857142857142857,0.7142857142857143,-1
"F[0,1]((bmiZscore >= 0.013 | SMBGperDayPtMeterCombo <= 6.700) & diabDur >= 0.875)
",-9999999.000,-9999999.000,0.000,0.000,1.000,1,0,0,3,4,0,1,3,0.25,0.0,0.0,1.0,0.2857142857142857,0.7142857142857143,-1
"((SMBGperDayPtMeterCombo >= 3.071) U[1,2] (BUN <= 0.000))
",-9999999.000,-9999999.000,0.000,0.000,1.000,1,0,0,3,4,0,1,3,0.25,0.0,0.0,1.0,0.2857142857142857,0.7142857142857143,-1
"((HbA1c >= 2.260) U[1,1] (UnitsInsBasalOrLongAct >= 2.902))
",-2.260,-2.260,0.000,0.000,1.000,1,0,0,3,4,0,1,3,0.25,0.0,0.0,1.0,0.2857142857142857,0.7142857142857143,-1
"((TotChol <= 130.107) U[1,2] (AutonomicNeuroCl <= 0.000))
",-9999999.000,-9999999.000,0.000,0.000,1.000,1,0,0,3,4,0,1,3,0.25,0.0,0.0,1.0,0.2857142857142857,0.7142857142857143,-1
"((GFR >= 0.000) U[0,0] (age <= 51.654))
",108.868,51.321,0.000,0.000,1.000,1,0,0,3,4,0,1,3,0.25,0.0,0.0,1.0,0.2857142857142857,0.7142857142857143,-1
"F[0,1]((Pt_SHFlg >= 0.099 -> Pt_A1cGoalLevelDsYr5 >= 0.000) -> Triglyc <= 0.000)
",-9999999.000,-9999999.000,0.000,0.000,1.000,1,0,0,3,4,0,1,3,0.25,0.0,0.0,1.0,0.2857142857142857,0.7142857142857143,-1
"F[0,0](((GFR <= 0.000 -> HbA1cImputeDtMnC <= 32.581) | Pt_ChildT1D <= 29.763) -> SMBGperDayPtMeterCombo >= 1.179)
",-16.928,-71.821,0.000,0.000,1.000,1,0,0,3,4,0,1,3,0.25,0.0,0.0,1.0,0.2857142857142857,0.7142857142857143,-1
"((bmi <= 41.015) U[0,1] (HeightCm <= 163.720))
",-9999999.000,-9999999.000,0.000,0.000,1.000,1,0,0,3,4,0,1,3,0.25,0.0,0.0,1.0,0.2857142857142857,0.7142857142857143,-1
"F[0,1]((diagAgeCombo <= 15.000 -> bmiZscore >= 0.205) | Triglyc <= 0.635)
",-9999999.000,-9999999.000,0.000,0.000,1.000,1,0,0,3,4,0,1,3,0.25,0.0,0.0,1.0,0.2857142857142857,0.7142857142857143,-1
"F[0,1](BUN <= 0.000 & BGTestAvgNumPtRep >= 0.269)
",-9999999.000,-9999999.000,0.000,0.000,1.000,1,0,0,3,4,0,1,3,0.25,0.0,0.0,1.0,0.2857142857142857,0.7142857142857143,-1
"F[1,1]((TotChol <= 40.605 & WeightKg <= 61.534) | HDL >= 49.020)
",40.605,40.605,0.000,0.000,1.000,1,0,0,3,4,0,1,3,0.25,0.0,0.0,1.0,0.2857142857142857,0.7142857142857143,-1
"((bmi <= 28.813) U[1,2] (WeightKg >= 7.714))
",-9999999.000,-9999999.000,0.000,0.000,1.000,1,0,0,3,4,0,1,3,0.25,0.0,0.0,1.0,0.2857142857142857,0.7142857142857143,-1
"F[0,1](DirectLDL >= 0.436 -> Triglyc >= 10.255)
",-9999999.000,-9999999.000,0.000,0.000,1.000,1,0,0,3,4,0,1,3,0.25,0.0,0.0,1.0,0.2857142857142857,0.7142857142857143,-1
"F[0,1](HDL >= 28.646 | HeightCm <= 128.206)
",-9999999.000,-9999999.000,0.000,0.000,1.000,1,0,0,3,4,0,1,3,0.25,0.0,0.0,1.0,0.2857142857142857,0.7142857142857143,-1
"F[1,1]((bmiZscore <= 0.778 -> Triglyc >= 21.651) | Pt_InsGov >= 23.325)
",-0.778,-0.778,0.000,0.000,1.000,1,0,0,3,4,0,1,3,0.25,0.0,0.0,1.0,0.2857142857142857,0.7142857142857143,-1
"((BGTestAvgNumMeter >= 2.300) U[0,0] (BGTestAvgNumPtRep <= 6.868))
",2.492,15.823,0.000,0.000,1.000,1,0,0,3,4,0,1,3,0.25,0.0,0.0,1.0,0.2857142857142857,0.7142857142857143,-1
"((BldPrSys >= 123.375) U[0,1] (TotalDailyInsPerKg <= 0.320))
",-9999999.000,-9999999.000,0.000,0.000,1.000,1,0,0,3,4,0,1,3,0.25,0.0,0.0,1.0,0.2857142857142857,0.7142857142857143,-1
"((Pt_CGMUseNumDays >= 0.000) U[0,1] (Triglyc >= 25.536))
",-9999999.000,-9999999.000,0.000,0.000,1.000,1,0,0,3,4,0,1,3,0.25,0.0,0.0,1.0,0.2857142857142857,0.7142857142857143,-1
"F[1,1](((Pt_FatherT1D <= 0.000 & LDL <= 104.753) & UnitsInsBasalOrLongAct <= 87.008) | Pt_CGMUseNumDays >= 74.874)
",0.000,0.000,0.000,0.000,1.000,1,0,0,3,4,0,1,3,0.25,0.0,0.0,1.0,0.2857142857142857,0.7142857142857143,-1
"F[0,1](TotChol <= 76.761 -> HbA1c <= 5.590)
",-9999999.000,-9999999.000,0.000,0.000,1.000,1,0,0,3,4,0,1,3,0.25,0.0,0.0,1.0,0.2857142857142857,0.7142857142857143,-1
"F[0,1](NumPumpBolusOrShortAct <= 12.573 & Triglyc >= 8.020)
",-9999999.000,-9999999.000,0.000,0.000,1.000,1,0,0,3,4,0,1,3,0.25,0.0,0.0,1.0,0.2857142857142857,0.7142857142857143,-1
"((WeightKg <= 80.455) U[0,1] (BGTestAvgNumPtRep <= 6.083))
",-9999999.000,-9999999.000,0.000,0.000,1.000,1,0,0,3,4,0,1,3,0.25,0.0,0.0,1.0,0.2857142857142857,0.7142857142857143,-1
"((bmi <= 28.150) U[1,2] (NumPumpBolusOrShortAct <= 19.910))
",-9999999.000,-9999999.000,0.000,0.000,1.000,1,0,0,3,4,0,1,3,0.25,0.0,0.0,1.0,0.2857142857142857,0.7142857142857143,-1
"((HeightCm <= 128.473) U[1,2] (BUN >= 0.000))
",-9999999.000,-9999999.000,0.000,0.000,1.000,1,0,0,3,4,0,1,3,0.25,0.0,0.0,1.0,0.2857142857142857,0.7142857142857143,-1
"F[0,1]((BGTestAvgNumPtRep >= 1.871 -> BGTestAvgNumPtRep <= 7.312) & Pt_GrandchildT1D <= 4.633)
",-9999999.000,-9999999.000,0.000,0.000,1.000,1,0,0,3,4,0,1,3,0.25,0.0,0.0,1.0,0.2857142857142857,0.7142857142857143,-1
"F[0,1](TotalDailyInsPerKg >= 0.134 -> HDL >= 7.201)
",-9999999.000,-9999999.000,0.000,0.000,1.000,1,0,0,3,4,0,1,3,0.25,0.0,0.0,1.0,0.2857142857142857,0.7142857142857143,-1
"F[0,1]((BGTestAvgNumMeter <= 7.209 -> TotalDailyInsPerKg >= 0.148) -> diabDur <= 0.169)
",-9999999.000,-9999999.000,0.000,0.000,1.000,1,0,0,3,4,0,1,3,0.25,0.0,0.0,1.0,0.2857142857142857,0.7142857142857143,-1
"F[1,1](age >= 48.477 & AlbCreatRat_mggNew <= 9.948)
",-48.477,-48.477,0.000,0.000,1.000,1,0,0,3,4,0,1,3,0.25,0.0,0.0,1.0,0.2857142857142857,0.7142857142857143,-1
"F[1,1](HDL <= 97.987 & Pt_GrandparentT1D <= 0.000)
",0.000,0.000,0.000,0.000,1.000,1,0,0,3,4,0,1,3,0.25,0.0,0.0,1.0,0.2857142857142857,0.7142857142857143,-1
"((diabDur >= 31.860) U[1,1] (NumPumpBolusOrShortAct <= 5.536))
",5.536,5.536,0.000,0.000,1.000,1,0,0,3,4,0,1,3,0.25,0.0,0.0,1.0,0.2857142857142857,0.7142857142857143,-1
"((BGTestAvgNumMeter >= 4.504) U[1,2] (BGTestAvgNumPtRep <= 5.043))
",-9999999.000,-9999999.000,0.000,0.000,1.000,1,0,0,3,4,0,1,3,0.25,0.0,0.0,1.0,0.2857142857142857,0.7142857142857143,-1
"((Pt_CGMUseNumDays <= 0.000) U[0,1] (BGTestAvgNumPtRep <= 6.036))
",-9999999.000,-9999999.000,0.000,0.000,1.000,1,0,0,3,4,0,1,3,0.25,0.0,0.0,1.0,0.2857142857142857,0.7142857142857143,-1
"F[0,0](((Pt_MotherT1D <= 0.000 & AlbCreatRat_mggNew <= 7.076) & Pt_A1cGoalLev >= 3.866) | TotChol <= 7.321)
",0.707,2.440,0.000,0.000,1.000,1,0,0,3,4,0,1,3,0.25,0.0,0.0,1.0,0.2857142857142857,0.7142857142857143,-1
"F[1,1](Pt_A1cGoalLev >= 0.300 -> Pt_SHFlg = 0.165)
",0.165,0.165,0.000,0.000,1.000,1,0,0,3,4,0,1,3,0.25,0.0,0.0,1.0,0.2857142857142857,0.7142857142857143,-1
"((BGTestAvgNumMeter >= 3.529) U[0,1] (BGTestAvgNumPtRep <= 7.175))
",-9999999.000,-9999999.000,0.000,0.000,1.000,1,0,0,3,4,0,1,3,0.25,0.0,0.0,1.0,0.2857142857142857,0.7142857142857143,-1
"((HbA1cImputeDtMnC >= 2.993) U[1,2] (Pt_SHFlg <= 0.457))
",-9999999.000,-9999999.000,0.000,0.000,1.000,1,0,0,3,4,0,1,3,0.25,0.0,0.0,1.0,0.2857142857142857,0.7142857142857143,-1
"G[0,1](((BUN <= 0.000 | bmiZscore <= 0.922) & DirectLDL <= 0.642) -> Pt_GrandparentT1D >= 0.003)
",9999999.000,9999999.000,0.000,1.000,0.000,1,0,1,2,3,1,2,2,0.3333333333333333,0.0,1.0,0.5,0.2857142857142857,0.7142857142857143,1
"G[0,1](BGTestAvgNumPtRep >= 1.960 -> Pt_SHFlg = 0.013)
",9999999.000,9999999.000,0.000,1.000,0.000,1,0,1,2,3,1,2,2,0.3333333333333333,0.0,1.0,0.5,0.2857142857142857,0.7142857142857143,1
"G[0,1]((SMBGperDayPtMeterCombo <= 7.246 & Pt_InsGov >= 0.000) & HeightCm >= 0.000)
",9999999.000,9999999.000,0.000,1.000,0.000,1,0,0,3,4,0,1,3,0.25,0.0,0.0,1.0,0.2857142857142857,0.7142857142857143,1
"G[0,1]((DirectLDL >= 0.342 & HbA1cImputeDtMnC >= 26.284) | age <= 30.758)
",9999999.000,9999999.000,0.000,1.000,0.000,1,0,0,3,4,0,1,3,0.25,0.0,0.0,1.0,0.2857142857142857,0.7142857142857143,1
"G[0,1]((DirectLDL <= 0.645 | Pt_SHFlg <= 0.826) & DirectLDL <= 0.585)
",9999999.000,9999999.000,0.000,1.000,0.000,1,0,0,3,4,0,1,3,0.25,0.0,0.0,1.0,0.2857142857142857,0.7142857142857143,1
"G[0,1]((BldPrDia <= 75.508 & LDL >= 69.572) | Pt_InsGov >= 75.587)
",9999999.000,9999999.000,0.000,1.000,0.000,1,0,0,3,4,0,1,3,0.25,0.0,0.0,1.0,0.2857142857142857,0.7142857142857143,1
"G[0,1]((Pt_A1cGoalLevelDsYr5 >= 0.000 -> HbA1cImputeDtMnC <= 29.921) | TSH >= 12.729)
",9999999.000,9999999.000,0.000,1.000,0.000,1,0,1,2,3,1,2,2,0.3333333333333333,0.0,1.0,0.5,0.2857142857142857,0.7142857142857143,1
"G[0,1](((BGTestAvgNumMeter >= 0.370 | Pt_SHFlg >= 0.134) -> BldPrSys >= 0.057) -> bmiZscore >= 0.036)
",9999999.000,9999999.000,0.000,1.000,0.000,1,0,1,2,3,1,2,2,0.3333333333333333,0.0,1.0,0.5,0.2857142857142857,0.7142857142857143,1
"G[1,1](BldPrSys >= 122.657 | Pt_A1cGoalLev >= 0.299)
",-0.299,-0.299,0.000,1.000,0.000,1,0,1,2,3,1,2,2,0.3333333333333333,0.0,1.0,0.5,0.2857142857142857,0.7142857142857143,1
"G[0,1](BGTestAvgNumMeter <= 4.673 | BGTestAvgNumPtRep <= 6.644)
",9999999.000,9999999.000,0.000,1.000,0.000,1,0,1,2,3,1,2,2,0.3333333333333333,0.0,1.0,0.5,0.2857142857142857,0.7142857142857143,1
"G[1,1]((BGTestAvgNumMeter <= 8.925 & diabDur <= 35.271) | bmiPerc >= 33.307)
",8.925,8.925,0.000,1.000,0.000,1,0,1,2,3,1,2,2,0.3333333333333333,0.0,1.0,0.5,0.2857142857142857,0.7142857142857143,1
"G[1,1](BGTestAvgNumMeter <= 7.165 & Pt_InsGov >= 0.000)
",0.000,0.000,0.000,1.000,0.000,1,0,1,2,3,1,2,2,0.3333333333333333,0.0,1.0,0.5,0.2857142857142857,0.7142857142857143,1
"G[0,1]((BGTestAvgNumMeter >= 2.308 & GFR >= 0.000) & AutonomicNeuroCl >= 0.000)
",9999999.000,9999999.000,0.000,1.000,0.000,1,0,1,2,3,1,2,2,0.3333333333333333,0.0,1.0,0.5,0.2857142857142857,0.7142857142857143,1
"G[0,1]((BldPrDia <= 73.365 -> Pt_SHFlg >= 0.002) | Pt_ChildT1D >= 0.023)
",9999999.000,9999999.000,0.000,1.000,0.000,1,0,1,2,3,1,2,2,0.3333333333333333,0.0,1.0,0.5,0.2857142857142857,0.7142857142857143,1
"G[0,1]((BGTestAvgNumPtRep >= 4.149 | HbA1cImputeDtMnC >= 20.910) & HeightCm >= 16.969)
",9999999.000,9999999.000,0.000,1.000,0.000,1,0,0,3,4,0,1,3,0.25,0.0,0.0,1.0,0.2857142857142857,0.7142857142857143,1
"G[0,1](((BGTestAvgNumPtRep >= 1.589 & diabDur >= 31.741) -> bmiPerc >= 34.206) | age <= 36.698)
",9999999.000,9999999.000,0.000,1.000,0.000,1,0,1,2,3,1,2,2,0.3333333333333333,0.0,1.0,0.5,0.2857142857142857,0.7142857142857143,1
"G[1,1]((bmi >= 13.654 & TotalDailyInsPerKg >= 0.067) & BUN <= 0.305)
",-13.654,-13.654,0.000,1.000,0.000,1,0,1,2,3,1,2,2,0.3333333333333333,0.0,1.0,0.5,0.2857142857142857,0.7142857142857143,1
"G[0,1](HDL >= 13.606 | UnitsInsBasalOrLongAct <= 20.508)
",9999999.000,9999999.000,0.000,1.000,0.000,1,0,0,3,4,0,1,3,0.25,0.0,0.0,1.0,0.2857142857142857,0.7142857142857143,1
"G[1,1](WeightKg <= 108.763 -> Pt_SHFlg = 0.936)
",-108.763,-108.763,0.000,1.000,0.000,1,0,1,2,3,1,2,2,0.3333333333333333,0.0,1.0,0.5,0.2857142857142857,0.7142857142857143,1
"G[0,1]((Pt_A1cGoalLev <= 1.561 & Pt_SHFlg <= 0.469) & Pt_FatherT1D <= 0.154)
",9999999.000,9999999.000,0.000,1.000,0.000,1,0,1,2,3,1,2,2,0.3333333333333333,0.0,1.0,0.5,0.2857142857142857,0.7142857142857143,1
"G[1,1]((diabDur >= 31.010 -> LDL >= 78.748) -> Pt_SHFlg >= 73.284)
",-8728626186953541.000,-31.010,0.000,1.000,0.000,1,0,1,2,3,1,2,2,0.3333333333333333,0.0,1.0,0.5,0.2857142857142857,0.7142857142857143,1
"F[0,0]((HDL >= 27.536 | TotalDailyInsPerKg >= 0.087) & Pt_ChildT1D <= 0.222)
",8014757015250317.000,0.222,0.000,0.000,1.000,0,0,0,4,4,0,0,4,0.0,0.0,0.0,0.0,0.0,1.0,-1
"F[0,1](AlbCreatRat_mggNew >= 4.100 | Triglyc <= 45.679)
",-9999999.000,-9999999.000,0.000,0.000,1.000,0,0,0,4,4,0,0,4,0.0,0.0,0.0,0.0,0.0,1.0,-1
"F[0,0](((Triglyc >= 14.880 -> WeightKg <= 69.953) -> BUN <= 131.885) -> HbA1cImputeDtMnC <= 82.661)
",-6.037,-73.994,0.000,0.000,1.000,0,0,0,4,4,0,0,4,0.0,0.0,0.0,0.0,0.0,1.0,-1
"F[1,2](((BldPrSys >= 120.440 | HDL >= 17.844) & TotalDailyInsPerKg >= 5.076) | bmi >= 16.930)
",-9999999.000,-9999999.000,0.000,0.000,1.000,0,0,0,4,4,0,0,4,0.0,0.0,0.0,0.0,0.0,1.0,-1
"F[0,2](AlbCreatRat_mggNew >= 4.329 | BldPrDia >= 70.757)
",-9999999.000,-9999999.000,0.000,0.000,1.000,0,0,0,4,4,0,0,4,0.0,0.0,0.0,0.0,0.0,1.0,-1
"F[1,1]((age >= 46.764 & HeightCm >= 19.087) -> LDL <= 174.680)
",-174.680,-174.680,0.000,0.000,1.000,0,0,0,4,4,0,0,4,0.0,0.0,0.0,0.0,0.0,1.0,-1
"F[0,2](diabDur <= 35.748 | WeightKg >= 36.618)
",-9999999.000,-9999999.000,0.000,0.000,1.000,0,0,0,4,4,0,0,4,0.0,0.0,0.0,0.0,0.0,1.0,-1
"((bmiZscore >= 0.538) U[0,1] (diabDur <= 36.947))
",-9999999.000,-9999999.000,0.000,0.000,1.000,0,0,0,4,4,0,0,4,0.0,0.0,0.0,0.0,0.0,1.0,-1
"((diabDur <= 35.937) U[2,2] (DirectLDL <= 0.691))
",35.937,35.937,0.000,0.000,1.000,0,0,0,4,4,0,0,4,0.0,0.0,0.0,0.0,0.0,1.0,-1
"F[2,2]((diabDur >= 32.829 | UnitsInsBasalOrLongAct <= 24.717) -> bmi <= 21.367)
",-24.717,-24.717,0.000,0.000,1.000,0,0,0,4,4,0,0,4,0.0,0.0,0.0,0.0,0.0,1.0,-1
"F[0,0](((BldPrSys >= 123.979 -> LDL <= 114.009) & AutonomicNeuroCl >= 73.060) -> UnitsInsBasalOrLongAct >= 78.902)
",24.358,73.102,0.000,0.000,1.000,0,0,0,4,4,0,0,4,0.0,0.0,0.0,0.0,0.0,1.0,-1
"F[2,2]((BldPrDia <= 73.512 | WeightKg >= 27.384) | age <= 106.720)
",7509761028001955.000,106.720,0.000,0.000,1.000,0,0,0,4,4,0,0,4,0.0,0.0,0.0,0.0,0.0,1.0,-1
"F[1,2]((BldPrDia >= 70.793 & bmiZscore <= 1.110) | TotalDailyInsPerKg <= 0.683)
",-9999999.000,-9999999.000,0.000,0.000,1.000,0,0,0,4,4,0,0,4,0.0,0.0,0.0,0.0,0.0,1.0,-1
"F[0,2]((LDL <= 88.950 -> Pt_A1cGoalLev >= 0.104) & NumPumpBolusOrShortAct <= 2.092)
",-9999999.000,-9999999.000,0.000,0.000,1.000,0,0,0,4,4,0,0,4,0.0,0.0,0.0,0.0,0.0,1.0,-1
"F[1,2]((BGTestAvgNumPtRep <= 6.535 & UnitsInsBasalOrLongAct <= 24.008) & HDL <= 24.207)
",-9999999.000,-9999999.000,0.000,0.000,1.000,0,0,0,4,4,0,0,4,0.0,0.0,0.0,0.0,0.0,1.0,-1
"F[0,1](((AlbCreatRat_mggNew <= 7.209 -> HbA1cImputeDtMnC <= 51.559) & HeightCm <= 64.861) | diabDur >= 17.339)
",-9999999.000,-9999999.000,0.000,0.000,1.000,0,0,0,4,4,0,0,4,0.0,0.0,0.0,0.0,0.0,1.0,-1
"F[2,2]((HbA1c <= 5.687 | HbA1cImputeDtMnC <= 62.807) | Pt_CGMUseNumDays >= 11.395)
",62.807,62.807,0.000,0.000,1.000,0,0,0,4,4,0,0,4,0.0,0.0,0.0,0.0,0.0,1.0,-1
"((HbA1cImputeDtMnC >= 3.179) U[0,2] (Triglyc >= 19.204))
",-9999999.000,-9999999.000,0.000,0.000,1.000,0,0,0,4,4,0,0,4,0.0,0.0,0.0,0.0,0.0,1.0,-1
"F[1,1](((UnitsInsBasalOrLongAct >= 7.947 & WeightKg <= 64.446) -> BGTestAvgNumMeter <= 67.754) | bmi <= 86.840)
",86.840,86.840,0.000,0.000,1.000,0,0,0,4,4,0,0,4,0.0,0.0,0.0,0.0,0.0,1.0,-1
"F[0,2]((bmi >= 14.635 -> UnitsInsBasalOrLongAct <= 17.268) | Pt_GrandchildT1D >= 13.299)
",-9999999.000,-9999999.000,0.000,0.000,1.000,0,0,0,4,4,0,0,4,0.0,0.0,0.0,0.0,0.0,1.0,-1
"F[1,2]((HDL >= 17.850 -> HDL <= 55.336) -> GFR <= 47.247)
",-9999999.000,-9999999.000,0.000,0.000,1.000,0,0,0,4,4,0,0,4,0.0,0.0,0.0,0.0,0.0,1.0,-1
"F[0,2](((Pt_DKAFlg >= 0.000 & diabDur >= 34.332) -> Pt_MotherT1D <= 37.093) -> BGTestAvgNumPtRep <= 35.421)
",-9999999.000,-9999999.000,0.000,0.000,1.000,0,0,0,4,4,0,0,4,0.0,0.0,0.0,0.0,0.0,1.0,-1
"F[0,1](BldPrDia <= 75.252 | BldPrDia <= 78.864)
",-9999999.000,-9999999.000,0.000,0.000,1.000,0,0,0,4,4,0,0,4,0.0,0.0,0.0,0.0,0.0,1.0,-1
"F[0,0](UnitsInsBasalOrLongAct <= 16.966 | Pt_A1cGoalLev <= 5.735)
",3.721,11.166,0.000,0.000,1.000,0,0,0,4,4,0,0,4,0.0,0.0,0.0,0.0,0.0,1.0,-1
"((bmiZscore <= 0.597) U[0,2] (HDL <= 63.158))
",-9999999.000,-9999999.000,0.000,0.000,1.000,0,0,0,4,4,0,0,4,0.0,0.0,0.0,0.0,0.0,1.0,-1
"F[0,2](BldPrDia <= 73.641 | bmi >= 14.924)
",-9999999.000,-9999999.000,0.000,0.000,1.000,0,0,0,4,4,0,0,4,0.0,0.0,0.0,0.0,0.0,1.0,-1
"F[1,1](DirectLDL <= 0.981 -> WeightKg <= 122.440)
",-122.440,-122.440,0.000,0.000,1.000,0,0,0,4,4,0,0,4,0.0,0.0,0.0,0.0,0.0,1.0,-1
"((HDL <= 65.432) U[0,2] (HbA1c <= 4.929))
",-9999999.000,-9999999.000,0.000,0.000,1.000,0,0,0,4,4,0,0,4,0.0,0.0,0.0,0.0,0.0,1.0,-1
"((HeightCm >= 42.267) U[0,2] (LDL <= 111.931))
",-9999999.000,-9999999.000,0.000,0.000,1.000,0,0,0,4,4,0,0,4,0.0,0.0,0.0,0.0,0.0,1.0,-1
"F[0,2](Pt_InsGov >= 0.000 | BldPrSys >= 122.777)
",-9999999.000,-9999999.000,0.000,0.000,1.000,0,0,0,4,4,0,0,4,0.0,0.0,0.0,0.0,0.0,1.0,-1
"F[1,1](((Pt_A1cGoalLev >= 0.828 & Pt_MotherT1D <= 0.000) | diabDur >= 0.000) | Pt_GrandparentT1D >= 0.000)
",0.000,0.000,0.000,0.000,1.000,0,0,0,4,4,0,0,4,0.0,0.0,0.0,0.0,0.0,1.0,-1
"F[0,0](((Pt_SHFlg >= 0.042 & TSH <= 0.000) | bmi <= 0.000) | GFR >= 0.000)
",0.707,0.448,0.000,0.000,1.000,0,0,0,4,4,0,0,4,0.0,0.0,0.0,0.0,0.0,1.0,-1
"F[0,0](bmi <= 32.923 -> Triglyc >= 19.391)
",-1.311,-71.485,0.000,0.000,1.000,0,0,0,4,4,0,0,4,0.0,0.0,0.0,0.0,0.0,1.0,-1
"F[0,2](((Pt_SHFlg <= 0.548 & Pt_InsGov <= 0.000) | SMBGperDayPtMeterCombo <= 0.000) | AutonomicNeuroCl >= 0.000)
",-9999999.000,-9999999.000,0.000,0.000,1.000,0,0,0,4,4,0,0,4,0.0,0.0,0.0,0.0,0.0,1.0,-1
"F[1,2](Pt_CGMUseNumDays <= 0.000 | NumPumpBolusOrShortAct <= 4.379)
",-9999999.000,-9999999.000,0.000,0.000,1.000,0,0,0,4,4,0,0,4,0.0,0.0,0.0,0.0,0.0,1.0,-1
"((SMBGperDayPtMeterCombo >= 0.766) U[0,2] (bmi <= 34.951))
",-9999999.000,-9999999.000,0.000,0.000,1.000,0,0,0,4,4,0,0,4,0.0,0.0,0.0,0.0,0.0,1.0,-1
"((Pt_MotherT1D >= 0.000) U[1,2] (HDL <= 94.505))
",-9999999.000,-9999999.000,0.000,0.000,1.000,0,0,0,4,4,0,0,4,0.0,0.0,0.0,0.0,0.0,1.0,-1
"F[0,2]((Pt_GrandchildT1D >= 0.000 & BldPrSys <= 128.054) -> SMBGperDayPtMeterCombo <= 124.318)
",-9999999.000,-9999999.000,0.000,0.000,1.000,0,0,0,4,4,0,0,4,0.0,0.0,0.0,0.0,0.0,1.0,-1
"((Pt_SHFlg <= 0.293) U[0,2] (Pt_InsGov >= 0.000))
",-9999999.000,-9999999.000,0.000,0.000,1.000,0,0,0,4,4,0,0,4,0.0,0.0,0.0,0.0,0.0,1.0,-1
"F[1,2]((Pt_FatherT1D >= 0.000 -> BldPrDia <= 75.219) | HeightCm >= 71.188)
",-9999999.000,-9999999.000,0.000,0.000,1.000,0,0,0,4,4,0,0,4,0.0,0.0,0.0,0.0,0.0,1.0,-1
"F[0,2](((DirectLDL >= 0.329 & bmiZscore <= 1.266) & GFR <= 1.208) -> HbA1cImputeDtMnC >= 0.218)
",-9999999.000,-9999999.000,0.000,0.000,1.000,0,0,0,4,4,0,0,4,0.0,0.0,0.0,0.0,0.0,1.0,-1
"F[0,2](Pt_A1cGoalLev <= 2.080 -> Pt_GrandparentT1D >= 0.000)
",-9999999.000,-9999999.000,0.000,0.000,1.000,0,0,0,4,4,0,0,4,0.0,0.0,0.0,0.0,0.0,1.0,-1
"G[0,2]((Pt_ChildT1D >= 0.000 | bmiPerc <= 0.000) -> Pt_GrandchildT1D >= 0.000)
",9999999.000,9999999.000,0.000,1.000,0.000,0,0,4,0,0,4,4,0,0.0,0.0,1.0,0.0,0.0,1.0,1
"F[1,2](AlbCreatRat_mggNew >= 5.553 | NumPumpBolusOrShortAct <= 5.858)
",-9999999.000,-9999999.000,0.000,0.000,1.000,0,0,0,4,4,0,0,4,0.0,0.0,0.0,0.0,0.0,1.0,-1
"F[0,2]((LDL <= 105.119 -> HbA1c >= 4.567) -> Pt_GrandparentT1D >= 0.685)
",-9999999.000,-9999999.000,0.000,0.000,1.000,0,0,0,4,4,0,0,4,0.0,0.0,0.0,0.0,0.0,1.0,-1
"F[2,2](Pt_ChildT1D <= 0.000 -> BldPrDia <= 73.288)
",-73.288,-73.288,0.000,0.000,1.000,0,0,0,4,4,0,0,4,0.0,0.0,0.0,0.0,0.0,1.0,-1
"F[2,2]((bmiPerc >= 0.000 -> Pt_FatherT1D >= 0.000) & Pt_ChildT1D <= 0.000)
",0.000,0.000,0.000,0.000,1.000,0,0,0,4,4,0,0,4,0.0,0.0,0.0,0.0,0.0,1.0,-1
"F[1,2](((age >= 48.939 -> diagAgeCombo >= 15.000) -> Pt_InsGov <= 15.000) & Pt_GrandparentT1D >= 15.000)
",-9999999.000,-9999999.000,0.000,0.000,1.000,0,0,0,4,4,0,0,4,0.0,0.0,0.0,0.0,0.0,1.0,-1
"F[0,2]((BUN >= 0.000 & WeightKg >= 40.065) -> TotChol >= 4.875)
",-9999999.000,-9999999.000,0.000,0.000,1.000,0,0,0,4,4,0,0,4,0.0,0.0,0.0,0.0,0.0,1.0,-1
"F[0,1]((BGTestAvgNumMeter <= 6.729 | GFR <= 0.000) -> AlbCreatRat_mggNew >= 0.000)
",-9999999.000,-9999999.000,0.000,0.000,1.000,0,0,0,4,4,0,0,4,0.0,0.0,0.0,0.0,0.0,1.0,-1
"((Pt_MotherT1D >= 0.000) U[1,2] (TSH >= 0.000))
",-9999999.000,-9999999.000,0.000,0.000,1.000,0,0,0,4,4,0,0,4,0.0,0.0,0.0,0.0,0.0,1.0,-1
"((Pt_InsGov >= 0.000) U[1,1] (TSH >= 0.000))
",0.000,0.000,0.000,0.000,1.000,0,0,0,4,4,0,0,4,0.0,0.0,0.0,0.0,0.0,1.0,-1
"F[0,2](TotChol >= 0.690 -> Pt_A1cGoalLev >= 0.147)
",-9999999.000,-9999999.000,0.000,0.000,1.000,0,0,0,4,4,0,0,4,0.0,0.0,0.0,0.0,0.0,1.0,-1
"((HbA1c >= 3.825) U[0,0] (Pt_GrandchildT1D >= 0.000))
",0.000,0.000,0.000,0.000,1.000,0,0,0,4,4,0,0,4,0.0,0.0,0.0,0.0,0.0,1.0,-1
"F[1,2](((AlbCreatRat_mggNew <= 9.123 & Pt_MotherT1D >= 0.000) -> diagAgeCombo >= 0.000) | BUN >= 0.000)
",-9999999.000,-9999999.000,0.000,0.000,1.000,0,0,0,4,4,0,0,4,0.0,0.0,0.0,0.0,0.0,1.0,-1
"F[0,0](WeightKg >= 35.373 | Pt_InsGov >= 0.000)
",0.000,0.000,0.000,0.000,1.000,0,0,0,4,4,0,0,4,0.0,0.0,0.0,0.0,0.0,1.0,-1
"F[2,2](TotChol <= 76.893 -> DirectLDL <= 0.980)
",-76.893,-76.893,0.000,0.000,1.000,0,0,0,4,4,0,0,4,0.0,0.0,0.0,0.0,0.0,1.0,-1
"F[0,1](((age >= 49.529 | Pt_CGMUseNumDays <= 0.000) -> Pt_GrandchildT1D >= 0.000) -> diagAgeCombo >= 0.000)
",-9999999.000,-9999999.000,0.000,0.000,1.000,0,0,0,4,4,0,0,4,0.0,0.0,0.0,0.0,0.0,1.0,-1
"F[0,1]((NumPumpBolusOrShortAct <= 5.280 & BUN >= 0.000) & AlbCreatRat_mggNew >= 0.000)
",-9999999.000,-9999999.000,0.000,0.000,1.000,0,0,0,4,4,0,0,4,0.0,0.0,0.0,0.0,0.0,1.0,-1
"F[0,1](DirectLDL <= 0.992 | GFR <= 0.000)
",-9999999.000,-9999999.000,0.000,0.000,1.000,0,0,0,4,4,0,0,4,0.0,0.0,0.0,0.0,0.0,1.0,-1
"F[1,2](((SMBGperDayPtMeterCombo <= 7.266 -> LDL >= 75.522) & age <= 86.976) & Pt_CGMUseNumDays <= 102.362)
",-9999999.000,-9999999.000,0.000,0.000,1.000,0,0,0,4,4,0,0,4,0.0,0.0,0.0,0.0,0.0,1.0,-1
"F[1,2](((Triglyc >= 19.346 | Pt_A1cGoalLev >= 0.668) -> BGTestAvgNumPtRep <= 3.578) & BGTestAvgNumPtRep >= 0.767)
",-9999999.000,-9999999.000,0.000,0.000,1.000,0,0,0,4,4,0,0,4,0.0,0.0,0.0,0.0,0.0,1.0,-1
"F[1,2](((Pt_SHFlg >= 0.071 & Pt_DKAFlg <= 0.000) & Pt_CGMUseNumDays >= 0.000) -> BGTestAvgNumMeter >= 0.000)
",-9999999.000,-9999999.000,0.000,0.000,1.000,0,0,0,4,4,0,0,4,0.0,0.0,0.0,0.0,0.0,1.0,-1
"F[0,0]((Pt_ChildT1D <= 0.000 & LDL <= 97.282) -> HbA1c <= 87.976)
",-87.976,-87.976,0.000,0.000,1.000,0,0,0,4,4,0,0,4,0.0,0.0,0.0,0.0,0.0,1.0,-1
"F[1,2](((BldPrDia >= 72.061 -> NumPumpBolusOrShortAct >= 0.860) & BGTestAvgNumPtRep >= 0.124) -> BGTestAvgNumMeter <= 17.780)
",-9999999.000,-9999999.000,0.000,0.000,1.000,0,0,0,4,4,0,0,4,0.0,0.0,0.0,0.0,0.0,1.0,-1
"F[0,0]((Pt_MotherT1D <= 0.000 -> Pt_FatherT1D >= 0.000) -> bmiZscore >= 0.000)
",0.000,0.000,0.000,0.000,1.000,0,0,0,4,4,0,0,4,0.0,0.0,0.0,0.0,0.0,1.0,-1
"F[1,2](((Pt_GrandchildT1D <= 0.000 -> TotalDailyInsPerKg <= 0.335) & WeightKg <= 0.311) -> Pt_MotherT1D <= 0.307)
",-9999999.000,-9999999.000,0.000,0.000,1.000,0,0,0,4,4,0,0,4,0.0,0.0,0.0,0.0,0.0,1.0,-1
"F[0,1](UnitsInsBasalOrLongAct >= 8.766 | Pt_InsGov <= 0.000)
",-9999999.000,-9999999.000,0.000,0.000,1.000,0,0,0,4,4,0,0,4,0.0,0.0,0.0,0.0,0.0,1.0,-1
"F[0,2]((Pt_SHFlg <= 0.311 -> Pt_ChildT1D >= 0.000) & Pt_A1cGoalLevelDsYr5 >= 0.000)
",-9999999.000,-9999999.000,0.000,0.000,1.000,0,0,0,4,4,0,0,4,0.0,0.0,0.0,0.0,0.0,1.0,-1
"((HeightCm <= 97.029) U[0,2] (Triglyc <= 74.757))
",-9999999.000,-9999999.000,0.000,0.000,1.000,0,0,0,4,4,0,0,4,0.0,0.0,0.0,0.0,0.0,1.0,-1
"((HbA1c >= 2.448) U[0,2] (BldPrSys >= 120.103))
",-9999999.000,-9999999.000,0.000,0.000,1.000,0,0,0,4,4,0,0,4,0.0,0.0,0.0,0.0,0.0,1.0,-1
"F[1,2](age >= 47.188 & SMBGperDayPtMeterCombo >= 0.878)
",-9999999.000,-9999999.000,0.000,0.000,1.000,0,0,0,4,4,0,0,4,0.0,0.0,0.0,0.0,0.0,1.0,-1
"F[1,1]((Triglyc >= 7.801 -> Triglyc >= 22.036) | AutonomicNeuroCl <= 40.801)
",40.801,40.801,0.000,0.000,1.000,0,0,0,4,4,0,0,4,0.0,0.0,0.0,0.0,0.0,1.0,-1
"F[0,2]((TotChol >= 19.890 & TotalDailyInsPerKg <= 0.272) | bmiZscore >= 0.057)
",-9999999.000,-9999999.000,0.000,0.000,1.000,0,0,0,4,4,0,0,4,0.0,0.0,0.0,0.0,0.0,1.0,-1
"F[0,2](((BGTestAvgNumMeter >= 1.728 | diagAgeCombo <= 15.000) | Pt_CGMUseNumDays <= 15.000) -> Triglyc >= 15.000)
",-9999999.000,-9999999.000,0.000,0.000,1.000,0,0,0,4,4,0,0,4,0.0,0.0,0.0,0.0,0.0,1.0,-1
"F[1,2](((GFR >= 0.000 -> Pt_DKAFlg >= 0.000) & bmi >= 0.000) | AutonomicNeuroCl <= 0.000)
",-9999999.000,-9999999.000,0.000,0.000,1.000,0,0,0,4,4,0,0,4,0.0,0.0,0.0,0.0,0.0,1.0,-1
"F[0,2]((TSH >= 0.000 & Pt_A1cGoalLev <= 1.930) & UnitsInsBasalOrLongAct >= 0.305)
",-9999999.000,-9999999.000,0.000,0.000,1.000,0,0,0,4,4,0,0,4,0.0,0.0,0.0,0.0,0.0,1.0,-1
"F[0,2](((Pt_A1cGoalLev >= 0.533 | DirectLDL >= 0.179) -> BldPrDia <= 0.722) & age >= 0.266)
",-9999999.000,-9999999.000,0.000,0.000,1.000,0,0,0,4,4,0,0,4,0.0,0.0,0.0,0.0,0.0,1.0,-1
"((Pt_FatherT1D >= 0.000) U[0,1] (Pt_SHFlg <= 0.758))
",-9999999.000,-9999999.000,0.000,0.000,1.000,0,0,0,4,4,0,0,4,0.0,0.0,0.0,0.0,0.0,1.0,-1
"F[2,2](((Pt_ChildT1D <= 0.000 -> bmiZscore >= 0.439) -> Pt_GrandparentT1D <= 0.708) & AutonomicNeuroCl <= 0.912)
",-6377488985670867.000,-0.708,0.000,0.000,1.000,0,0,0,4,4,0,0,4,0.0,0.0,0.0,0.0,0.0,1.0,-1
"F[2,2](((Pt_DKAFlg <= 0.000 & WeightKg >= 26.425) | Pt_SHFlg >= 38.570) | WeightKg <= 113.147)
",113.147,113.147,0.000,0.000,1.000,0,0,0,4,4,0,0,4,0.0,0.0,0.0,0.0,0.0,1.0,-1
"F[1,2](((UnitsInsBasalOrLongAct >= 5.583 -> BldPrSys <= 126.147) -> bmiPerc >= 121.786) | Pt_GrandchildT1D >= 123.213)
",-9999999.000,-9999999.000,0.000,0.000,1.000,0,0,0,4,4,0,0,4,0.0,0.0,0.0,0.0,0.0,1.0,-1
"F[0,1]((Pt_FatherT1D >= 0.000 | Pt_GrandchildT1D <= 0.000) | BGTestAvgNumMeter >= 0.000)
",-9999999.000,-9999999.000,0.000,0.000,1.000,0,0,0,4,4,0,0,4,0.0,0.0,0.0,0.0,0.0,1.0,-1
"F[0,2]((Pt_GrandchildT1D <= 0.000 | Pt_GrandparentT1D <= 0.000) & HDL <= 0.000)
",-9999999.000,-9999999.000,0.000,0.000,1.000,0,0,0,4,4,0,0,4,0.0,0.0,0.0,0.0,0.0,1.0,-1
"((LDL <= 105.365) U[1,2] (Pt_GrandchildT1D >= 0.000))
",-9999999.000,-9999999.000,0.000,0.000,1.000,0,0,0,4,4,0,0,4,0.0,0.0,0.0,0.0,0.0,1.0,-1
"F[1,1](((diagAgeCombo >= 15.000 | age >= 46.989) | AutonomicNeuroCl >= 47.769) -> Pt_DKAFlg <= 49.761)
",-49.761,-49.761,0.000,0.000,1.000,0,0,0,4,4,0,0,4,0.0,0.0,0.0,0.0,0.0,1.0,-1
"F[1,2]((Pt_InsGov >= 0.000 | Pt_GrandchildT1D <= 0.000) & UnitsInsBasalOrLongAct >= 0.000)
",-9999999.000,-9999999.000,0.000,0.000,1.000,0,0,0,4,4,0,0,4,0.0,0.0,0.0,0.0,0.0,1.0,-1
"F[0,2](Triglyc >= 11.190 | TotChol <= 130.154)
",-9999999.000,-9999999.000,0.000,0.000,1.000,0,0,0,4,4,0,0,4,0.0,0.0,0.0,0.0,0.0,1.0,-1
"((UnitsInsBasalOrLongAct >= 14.804) U[1,2] (HbA1c <= 5.073))
",-9999999.000,-9999999.000,0.000,0.000,1.000,0,0,0,4,4,0,0,4,0.0,0.0,0.0,0.0,0.0,1.0,-1
"F[0,2](TotalDailyInsPerKg >= 0.054 & GFR >= 0.000)
",-9999999.000,-9999999.000,0.000,0.000,1.000,0,0,0,4,4,0,0,4,0.0,0.0,0.0,0.0,0.0,1.0,-1
"F[2,2](Pt_CGMUseNumDays <= 0.000 & WeightKg >= 8.446)
",-8.446,-8.446,0.000,0.000,1.000,0,0,0,4,4,0,0,4,0.0,0.0,0.0,0.0,0.0,1.0,-1
"((HbA1c >= 1.318) U[1,2] (LDL <= 87.464))
",-9999999.000,-9999999.000,0.000,0.000,1.000,0,0,0,4,4,0,0,4,0.0,0.0,0.0,0.0,0.0,1.0,-1
"F[1,2](((bmiZscore <= 0.814 & UnitsInsBasalOrLongAct >= 0.274) | bmi >= 6.898) | BUN >= 2.482)
",-9999999.000,-9999999.000,0.000,0.000,1.000,0,0,0,4,4,0,0,4,0.0,0.0,0.0,0.0,0.0,1.0,-1
"F[1,2](((BGTestAvgNumMeter <= 6.265 -> bmi >= 17.356) | Pt_SiblingT1D <= 30.479) | Pt_GrandparentT1D >= 0.177)
",-9999999.000,-9999999.000,0.000,0.000,1.000,0,0,0,4,4,0,0,4,0.0,0.0,0.0,0.0,0.0,1.0,-1
"F[0,2]((AutonomicNeuroCl >= 0.000 & Pt_A1cGoalLevelDsYr5 >= 0.000) & TotalDailyInsPerKg >= 0.000)
",-9999999.000,-9999999.000,0.000,0.000,1.000,0,0,0,4,4,0,0,4,0.0,0.0,0.0,0.0,0.0,1.0,-1
"F[0,1]((bmiZscore >= 0.080 & HbA1c >= 2.207) -> TotChol <= 4.827)
",-9999999.000,-9999999.000,0.000,0.000,1.000,0,0,0,4,4,0,0,4,0.0,0.0,0.0,0.0,0.0,1.0,-1
"F[0,2](((BGTestAvgNumPtRep >= 3.426 | TotChol >= 20.634) & WeightKg <= 123.713) | AlbCreatRat_mggNew >= 11.254)
",-9999999.000,-9999999.000,0.000,0.000,1.000,0,0,0,4,4,0,0,4,0.0,0.0,0.0,0.0,0.0,1.0,-1
"F[1,2](((HbA1c >= 1.397 & TotalDailyInsPerKg <= 0.321) | BldPrDia <= 0.274) & BUN >= 0.076)
",-9999999.000,-9999999.000,0.000,0.000,1.000,0,0,0,4,4,0,0,4,0.0,0.0,0.0,0.0,0.0,1.0,-1
"F[0,1](((BGTestAvgNumMeter >= 2.302 & Pt_A1cGoalLev >= 0.236) & BldPrSys >= 0.605) -> SMBGperDayPtMeterCombo <= 3.329)
",-9999999.000,-9999999.000,0.000,0.000,1.000,0,0,0,4,4,0,0,4,0.0,0.0,0.0,0.0,0.0,1.0,-1
"F[1,2]((BGTestAvgNumMeter >= 1.436 | DirectLDL >= 0.212) | Pt_InsGov >= 0.272)
",-9999999.000,-9999999.000,0.000,0.000,1.000,0,0,0,4,4,0,0,4,0.0,0.0,0.0,0.0,0.0,1.0,-1
"F[2,2]((Pt_SHFlg <= 0.593 | UnitsInsBasalOrLongAct >= 13.553) | UnitsInsBasalOrLongAct <= 19.884)
",19.884,19.884,0.000,0.000,1.000,0,0,0,4,4,0,0,4,0.0,0.0,0.0,0.0,0.0,1.0,-1
"F[0,2]((HbA1cImputeDtMnC <= 52.472 | SMBGperDayPtMeterCombo >= 4.045) | LDL <= 7.443)
",-9999999.000,-9999999.000,0.000,0.000,1.000,0,0,0,4,4,0,0,4,0.0,0.0,0.0,0.0,0.0,1.0,-1
"F[1,2]((BGTestAvgNumPtRep <= 5.378 -> BldPrDia <= 74.368) | AlbCreatRat_mggNew >= 70.045)
",-9999999.000,-9999999.000,0.000,0.000,1.000,0,0,0,4,4,0,0,4,0.0,0.0,0.0,0.0,0.0,1.0,-1
"F[0,2](((BGTestAvgNumMeter >= 4.211 -> HDL >= 2.031) -> TSH >= 26.951) | HDL <= 47.656)
",-9999999.000,-9999999.000,0.000,0.000,1.000,0,0,0,4,4,0,0,4,0.0,0.0,0.0,0.0,0.0,1.0,-1
"F[0,2](LDL <= 109.301 -> Pt_SHFlg >= 0.113)
",-9999999.000,-9999999.000,0.000,0.000,1.000,0,0,0,4,4,0,0,4,0.0,0.0,0.0,0.0,0.0,1.0,-1
"((Pt_SHFlg <= 0.765) U[1,2] (TotChol >= 11.099))
",-9999999.000,-9999999.000,0.000,0.000,1.000,0,0,0,4,4,0,0,4,0.0,0.0,0.0,0.0,0.0,1.0,-1
"F[0,0]((Pt_A1cGoalLev <= 3.838 -> TotChol >= 19.524) -> Pt_A1cGoalLev <= 85.935)
",-70.935,-70.935,0.000,0.000,1.000,0,0,0,4,4,0,0,4,0.0,0.0,0.0,0.0,0.0,1.0,-1
"F[1,2]((BGTestAvgNumPtRep >= 2.711 & WeightKg <= 104.293) | Pt_GrandparentT1D <= 96.592)
",-9999999.000,-9999999.000,0.000,0.000,1.000,0,0,0,4,4,0,0,4,0.0,0.0,0.0,0.0,0.0,1.0,-1
"F[0,2]((LDL <= 95.103 & UnitsInsBasalOrLongAct <= 20.820) | bmi <= 19.368)
",-9999999.000,-9999999.000,0.000,0.000,1.000,0,0,0,4,4,0,0,4,0.0,0.0,0.0,0.0,0.0,1.0,-1
"((BGTestAvgNumPtRep >= 0.538) U[0,2] (HeightCm >= 72.789))
",-9999999.000,-9999999.000,0.000,0.000,1.000,0,0,0,4,4,0,0,4,0.0,0.0,0.0,0.0,0.0,1.0,-1
"F[2,2](((BldPrSys <= 125.640 & HbA1cImputeDtMnC >= 4.645) -> Pt_A1cGoalLevelDsYr5 >= 12.023) -> Pt_SHFlg >= 3.628)
",-4.645,-4.645,0.000,0.000,1.000,0,0,0,4,4,0,0,4,0.0,0.0,0.0,0.0,0.0,1.0,-1
"F[0,2]((BGTestAvgNumMeter <= 6.297 | HbA1cImputeDtMnC <= 48.364) -> UnitsInsBasalOrLongAct >= 1.474)
",-9999999.000,-9999999.000,0.000,0.000,1.000,0,0,0,4,4,0,0,4,0.0,0.0,0.0,0.0,0.0,1.0,-1
"F[0,2]((BGTestAvgNumMeter <= 7.878 -> UnitsInsBasalOrLongAct >= 3.299) | diagAgeCombo >= 4.100)
",-9999999.000,-9999999.000,0.000,0.000,1.000,0,0,0,4,4,0,0,4,0.0,0.0,0.0,0.0,0.0,1.0,-1
"F[2,2](BldPrSys >= 123.038 & NumPumpBolusOrShortAct <= 25.180)
",-8658062162667563.000,-123.038,0.000,0.000,1.000,0,0,0,4,4,0,0,4,0.0,0.0,0.0,0.0,0.0,1.0,-1
"F[0,1](((BldPrSys >= 123.099 & SMBGperDayPtMeterCombo <= 7.542) & BGTestAvgNumPtRep <= 6.099) | Pt_InsGov <= 7.326)
",-9999999.000,-9999999.000,0.000,0.000,1.000,0,0,0,4,4,0,0,4,0.0,0.0,0.0,0.0,0.0,1.0,-1
"F[1,2]((DirectLDL <= 0.863 -> SMBGperDayPtMeterCombo >= 4.877) & HeightCm >= 0.247)
",-9999999.000,-9999999.000,0.000,0.000,1.000,0,0,0,4,4,0,0,4,0.0,0.0,0.0,0.0,0.0,1.0,-1
"F[2,2](AlbCreatRat_mggNew >= 6.288 & LDL <= 93.932)
",-7079861504754051.000,-6.288,0.000,0.000,1.000,0,0,0,4,4,0,0,4,0.0,0.0,0.0,0.0,0.0,1.0,-1
"F[0,2](((bmi <= 41.180 & Pt_SHFlg >= 0.039) | diabDur <= 0.684) | TSH >= 0.081)
",-9999999.000,-9999999.000,0.000,0.000,1.000,0,0,0,4,4,0,0,4,0.0,0.0,0.0,0.0,0.0,1.0,-1
"F[0,2](bmi >= 12.711 & LDL <= 97.982)
",-9999999.000,-9999999.000,0.000,0.000,1.000,0,0,0,4,4,0,0,4,0.0,0.0,0.0,0.0,0.0,1.0,-1
"F[0,0](((AlbCreatRat_mggNew >= 5.655 | SMBGperDayPtMeterCombo >= 2.321) & Pt_DKAFlg <= 6.481) | HeightCm <= 7.792)
",11.907,7.355,0.000,0.000,1.000,0,0,0,4,4,0,0,4,0.0,0.0,0.0,0.0,0.0,1.0,-1
"F[0,2](((BldPrDia <= 76.936 | SMBGperDayPtMeterCombo <= 7.404) & AlbCreatRat_mggNew >= 4.650) -> Pt_GrandchildT1D >= 4.293)
",-9999999.000,-9999999.000,0.000,0.000,1.000,0,0,0,4,4,0,0,4,0.0,0.0,0.0,0.0,0.0,1.0,-1
"F[0,2](((HbA1c <= 5.197 -> WeightKg >= 26.207) | Pt_FatherT1D <= 112.514) | Pt_SHFlg <= 82.044)
",-9999999.000,-9999999.000,0.000,0.000,1.000,0,0,0,4,4,0,0,4,0.0,0.0,0.0,0.0,0.0,1.0,-1
"F[0,0]((AlbCreatRat_mggNew >= 5.783 & Pt_SHFlg >= 0.058) -> WeightKg <= 0.904)
",1.127,3.554,0.000,0.000,1.000,0,0,0,4,4,0,0,4,0.0,0.0,0.0,0.0,0.0,1.0,-1
"F[2,2](AlbCreatRat_mggNew >= 6.501 | TotChol >= 21.034)
",-6.501,-6.501,0.000,0.000,1.000,0,0,0,4,4,0,0,4,0.0,0.0,0.0,0.0,0.0,1.0,-1
"F[0,1](BGTestAvgNumMeter <= 6.610 -> BldPrDia <= 78.384)
",-9999999.000,-9999999.000,0.000,0.000,1.000,0,0,0,4,4,0,0,4,0.0,0.0,0.0,0.0,0.0,1.0,-1
"F[0,2](((Pt_SHFlg >= 0.001 -> Triglyc >= 9.427) | LDL <= 66.777) -> BUN <= 61.648)
",-9999999.000,-9999999.000,0.000,0.000,1.000,0,0,0,4,4,0,0,4,0.0,0.0,0.0,0.0,0.0,1.0,-1
"F[1,2]((bmiZscore <= 0.597 -> Pt_A1cGoalLev >= 0.728) -> diabDur >= 0.462)
",-9999999.000,-9999999.000,0.000,0.000,1.000,0,0,0,4,4,0,0,4,0.0,0.0,0.0,0.0,0.0,1.0,-1
"F[0,0](((Pt_A1cGoalLev >= 0.714 | Triglyc >= 21.719) & BGTestAvgNumMeter <= 38.985) -> diabDur <= 73.698)
",-3.583,-28.127,0.000,0.000,1.000,0,0,0,4,4,0,0,4,0.0,0.0,0.0,0.0,0.0,1.0,-1
"F[1,2](bmi >= 9.484 -> Pt_A1cGoalLev <= 5.771)
",-9999999.000,-9999999.000,0.000,0.000,1.000,0,0,0,4,4,0,0,4,0.0,0.0,0.0,0.0,0.0,1.0,-1
"F[1,2]((Pt_A1cGoalLev >= 0.679 -> WeightKg <= 118.945) | TSH <= 72.353)
",-9999999.000,-9999999.000,0.000,0.000,1.000,0,0,0,4,4,0,0,4,0.0,0.0,0.0,0.0,0.0,1.0,-1
"F[1,2]((NumPumpBolusOrShortAct <= 5.316 | TotalDailyInsPerKg >= 0.134) -> SMBGperDayPtMeterCombo >= 0.039)
",-9999999.000,-9999999.000,0.000,0.000,1.000,0,0,0,4,4,0,0,4,0.0,0.0,0.0,0.0,0.0,1.0,-1
"F[1,2]((TotalDailyInsPerKg <= 0.182 | TotChol <= 104.896) & BldPrSys <= 28.106)
",-9999999.000,-9999999.000,0.000,0.000,1.000,0,0,0,4,4,0,0,4,0.0,0.0,0.0,0.0,0.0,1.0,-1
"F[1,1](HeightCm >= 53.371 -> TotChol <= 88.448)
",-88.448,-88.448,0.000,0.000,1.000,0,0,0,4,4,0,0,4,0.0,0.0,0.0,0.0,0.0,1.0,-1
"F[1,1]((AlbCreatRat_mggNew <= 9.934 | Pt_A1cGoalLev >= 0.441) -> Pt_ChildT1D <= 5.115)
",-9.934,-9.934,0.000,0.000,1.000,0,0,0,4,4,0,0,4,0.0,0.0,0.0,0.0,0.0,1.0,-1
"F[1,1]((Pt_A1cGoalLev >= 0.030 & SMBGperDayPtMeterCombo >= 3.253) | bmiPerc <= 6.212)
",6.212,6.212,0.000,0.000,1.000,0,0,0,4,4,0,0,4,0.0,0.0,0.0,0.0,0.0,1.0,-1
"F[1,2](((AlbCreatRat_mggNew >= 6.414 & HbA1c >= 1.383) & Pt_A1cGoalLevelDsYr5 <= 5.061) & Pt_SiblingT1D <= 5.348)
",-9999999.000,-9999999.000,0.000,0.000,1.000,0,0,0,4,4,0,0,4,0.0,0.0,0.0,0.0,0.0,1.0,-1
"F[0,2](bmiZscore >= 0.120 | HbA1cImputeDtMnC >= 0.911)
",-9999999.000,-9999999.000,0.000,0.000,1.000,0,0,0,4,4,0,0,4,0.0,0.0,0.0,0.0,0.0,1.0,-1
"F[0,1](((bmi >= 15.525 & HbA1cImputeDtMnC <= 64.494) -> Triglyc >= 7.858) | Pt_GrandchildT1D <= 31.544)
",-9999999.000,-9999999.000,0.000,0.000,1.000,0,0,0,4,4,0,0,4,0.0,0.0,0.0,0.0,0.0,1.0,-1
"F[1,2]((BGTestAvgNumMeter <= 6.718 & HbA1c >= 0.998) -> Pt_DKAFlg <= 5.634)
",-9999999.000,-9999999.000,0.000,0.000,1.000,0,0,0,4,4,0,0,4,0.0,0.0,0.0,0.0,0.0,1.0,-1
"F[0,2]((age <= 50.857 -> Pt_SHFlg <= 0.207) & NumPumpBolusOrShortAct >= 0.027)
",-9999999.000,-9999999.000,0.000,0.000,1.000,0,0,0,4,4,0,0,4,0.0,0.0,0.0,0.0,0.0,1.0,-1
"F[2,2](((HbA1cImputeDtMnC <= 37.251 -> HeightCm <= 170.733) | LDL <= 176.323) -> HDL <= 138.803)
",-176.323,-176.323,0.000,0.000,1.000,0,0,0,4,4,0,0,4,0.0,0.0,0.0,0.0,0.0,1.0,-1
"((HbA1cImputeDtMnC >= 16.921) U[1,2] (TotalDailyInsPerKg >= 0.167))
",-9999999.000,-9999999.000,0.000,0.000,1.000,0,0,0,4,4,0,0,4,0.0,0.0,0.0,0.0,0.0,1.0,-1
"F[0,1]((BGTestAvgNumPtRep >= 3.439 | HbA1c >= 0.135) | Pt_CGMUseNumDays >= 4.128)
",-9999999.000,-9999999.000,0.000,0.000,1.000,0,0,0,4,4,0,0,4,0.0,0.0,0.0,0.0,0.0,1.0,-1
"((HeightCm <= 102.784) U[0,1] (Pt_SHFlg <= 0.445))
",-9999999.000,-9999999.000,0.000,0.000,1.000,0,0,0,4,4,0,0,4,0.0,0.0,0.0,0.0,0.0,1.0,-1
"F[2,2](age >= 46.832 | Pt_A1cGoalLev <= 1.835)
",8266006796271235.000,1.835,0.000,0.000,1.000,0,0,0,4,4,0,0,4,0.0,0.0,0.0,0.0,0.0,1.0,-1
"F[1,2]((BldPrSys >= 120.981 | WeightKg >= 45.041) | UnitsInsBasalOrLongAct <= 72.258)
",-9999999.000,-9999999.000,0.000,0.000,1.000,0,0,0,4,4,0,0,4,0.0,0.0,0.0,0.0,0.0,1.0,-1
"F[0,1](((SMBGperDayPtMeterCombo >= 0.804 | WeightKg <= 108.251) -> HDL <= 112.999) -> UnitsInsBasalOrLongAct <= 96.864)
",-9999999.000,-9999999.000,0.000,0.000,1.000,0,0,0,4,4,0,0,4,0.0,0.0,0.0,0.0,0.0,1.0,-1
"F[1,2](((SMBGperDayPtMeterCombo >= 3.512 -> TotalDailyInsPerKg <= 0.220) & UnitsInsBasalOrLongAct <= 0.223) -> bmiZscore <= 0.272)
",-9999999.000,-9999999.000,0.000,0.000,1.000,0,0,0,4,4,0,0,4,0.0,0.0,0.0,0.0,0.0,1.0,-1
"F[1,1](((HDL <= 54.297 & Pt_SHFlg <= 0.626) -> AlbCreatRat_mggNew >= 0.098) | Pt_A1cGoalLev <= 0.492)
",0.492,0.492,0.000,0.000,1.000,0,0,0,4,4,0,0,4,0.0,0.0,0.0,0.0,0.0,1.0,-1
"F[0,1](((HeightCm <= 100.136 | SMBGperDayPtMeterCombo <= 6.900) & Pt_DKAFlg <= 6.655) | BldPrSys >= 3.663)
",-9999999.000,-9999999.000,0.000,0.000,1.000,0,0,0,4,4,0,0,4,0.0,0.0,0.0,0.0,0.0,1.0,-1
"F[0,2]((HbA1cImputeDtMnC >= 28.674 -> Pt_A1cGoalLev <= 2.874) -> WeightKg >= 0.798)
",-9999999.000,-9999999.000,0.000,0.000,1.000,0,0,0,4,4,0,0,4,0.0,0.0,0.0,0.0,0.0,1.0,-1
"F[0,2](DirectLDL <= 0.726 & HbA1c >= 4.032)
",-9999999.000,-9999999.000,0.000,0.000,1.000,0,0,0,4,4,0,0,4,0.0,0.0,0.0,0.0,0.0,1.0,-1
"F[1,2](((HbA1c <= 4.948 | HDL <= 85.943) -> Pt_MotherT1D >= 4.050) -> Pt_MotherT1D >= 17.674)
",-9999999.000,-9999999.000,0.000,0.000,1.000,0,0,0,4,4,0,0,4,0.0,0.0,0.0,0.0,0.0,1.0,-1
"F[2,2](BldPrDia >= 71.280 | NumPumpBolusOrShortAct >= 3.029)
",-3.029,-3.029,0.000,0.000,1.000,0,0,0,4,4,0,0,4,0.0,0.0,0.0,0.0,0.0,1.0,-1
"F[0,2](TotalDailyInsPerKg > 0.063 & Pt_SHFlg = 0.465)
",-9999999.000,-9999999.000,0.000,0.000,1.000,0,0,0,4,4,0,0,4,0.0,0.0,0.0,0.0,0.0,1.0,-1
"F[0,2](bmi <= 32.708 & Pt_SHFlg = 0.291)
",-9999999.000,-9999999.000,0.000,0.000,1.000,0,0,0,4,4,0,0,4,0.0,0.0,0.0,0.0,0.0,1.0,-1
"F[1,2](HbA1c >= 0.133 -> Pt_A1cGoalLevelDsYr5 = 0.000)
",-9999999.000,-9999999.000,0.000,0.000,1.000,0,0,0,4,4,0,0,4,0.0,0.0,0.0,0.0,0.0,1.0,-1
"F[0,1](HbA1c >= 0.594 -> Pt_A1cGoalLevelDsYr5 = 0.000)
",-9999999.000,-9999999.000,0.000,0.000,1.000,0,0,0,4,4,0,0,4,0.0,0.0,0.0,0.0,0.0,1.0,-1
"F[0,1](HbA1c >= 1.624 -> Pt_A1cGoalLevelDsYr5 = 0.000)
",-9999999.000,-9999999.000,0.000,0.000,1.000,0,0,0,4,4,0,0,4,0.0,0.0,0.0,0.0,0.0,1.0,-1
"F[2,2](HbA1c >= 4.317 -> Pt_A1cGoalLevelDsYr5 = 0.000)
",0.000,0.000,0.000,0.000,1.000,0,0,0,4,4,0,0,4,0.0,0.0,0.0,0.0,0.0,1.0,-1
"F[1,2](HbA1c >= 1.143 -> Pt_A1cGoalLevelDsYr5 = 0.000)
",-9999999.000,-9999999.000,0.000,0.000,1.000,0,0,0,4,4,0,0,4,0.0,0.0,0.0,0.0,0.0,1.0,-1
"((BGTestAvgNumMeter >= 0.053) U[2,2] (BGTestAvgNumPtRep <= 7.174))
",7.174,7.174,0.000,0.000,1.000,0,0,0,4,4,0,0,4,0.0,0.0,0.0,0.0,0.0,1.0,-1
"F[1,2]((bmi >= 2.502 -> bmiZscore <= 0.582) -> AutonomicNeuroCl <= 0.699)
",-9999999.000,-9999999.000,0.000,0.000,1.000,0,0,0,4,4,0,0,4,0.0,0.0,0.0,0.0,0.0,1.0,-1
"F[0,0](HbA1c >= 4.797 -> Pt_A1cGoalLevelDsYr5 = 0.000)
",0.000,0.000,0.000,0.000,1.000,0,0,0,4,4,0,0,4,0.0,0.0,0.0,0.0,0.0,1.0,-1
"F[2,2](HbA1c >= 1.643 -> Pt_A1cGoalLevelDsYr5 = 0.000)
",0.000,0.000,0.000,0.000,1.000,0,0,0,4,4,0,0,4,0.0,0.0,0.0,0.0,0.0,1.0,-1
"F[2,2](HbA1c >= 0.140 -> Pt_A1cGoalLevelDsYr5 = 0.000)
",0.000,0.000,0.000,0.000,1.000,0,0,0,4,4,0,0,4,0.0,0.0,0.0,0.0,0.0,1.0,-1
"F[0,2](HbA1c >= 1.299 -> Pt_A1cGoalLevelDsYr5 = 0.000)
",-9999999.000,-9999999.000,0.000,0.000,1.000,0,0,0,4,4,0,0,4,0.0,0.0,0.0,0.0,0.0,1.0,-1
"((BGTestAvgNumMeter >= 2.001) U[0,2] (BGTestAvgNumPtRep <= 7.534))
",-9999999.000,-9999999.000,0.000,0.000,1.000,0,0,0,4,4,0,0,4,0.0,0.0,0.0,0.0,0.0,1.0,-1
"F[1,2](HbA1cImputeDtMnC >= 19.371 -> Pt_SHFlg = 0.697)
",-9999999.000,-9999999.000,0.000,0.000,1.000,0,0,0,4,4,0,0,4,0.0,0.0,0.0,0.0,0.0,1.0,-1
"((bmiZscore > 0.121) U[1,2] (Pt_SHFlg = 0.336))
",-9999999.000,-9999999.000,0.000,0.000,1.000,0,0,0,4,4,0,0,4,0.0,0.0,0.0,0.0,0.0,1.0,-1
"((BGTestAvgNumMeter >= 3.098) U[2,2] (BGTestAvgNumPtRep <= 6.307))
",6.307,6.307,0.000,0.000,1.000,0,0,0,4,4,0,0,4,0.0,0.0,0.0,0.0,0.0,1.0,-1
"F[0,1](DirectLDL <= 0.990 -> HDL >= 6.901)
",-9999999.000,-9999999.000,0.000,0.000,1.000,0,0,0,4,4,0,0,4,0.0,0.0,0.0,0.0,0.0,1.0,-1
"F[0,1](((AlbCreatRat_mggNew <= 7.918 & HeightCm <= 128.477) | Pt_DKAFlg >= 52.731) | Pt_FatherT1D <= 145.771)
",-9999999.000,-9999999.000,0.000,0.000,1.000,0,0,0,4,4,0,0,4,0.0,0.0,0.0,0.0,0.0,1.0,-1
"F[0,2]((AlbCreatRat_mggNew >= 4.225 -> TotalDailyInsPerKg >= 0.017) -> bmiPerc <= 0.326)
",-9999999.000,-9999999.000,0.000,0.000,1.000,0,0,0,4,4,0,0,4,0.0,0.0,0.0,0.0,0.0,1.0,-1
"F[0,2](BGTestAvgNumPtRep >= 2.266 | SMBGperDayPtMeterCombo <= 6.210)
",-9999999.000,-9999999.000,0.000,0.000,1.000,0,0,0,4,4,0,0,4,0.0,0.0,0.0,0.0,0.0,1.0,-1
"F[0,1](((age <= 52.906 | BldPrSys >= 121.924) | TSH >= 123.316) -> GFR <= 125.189)
",-9999999.000,-9999999.000,0.000,0.000,1.000,0,0,0,4,4,0,0,4,0.0,0.0,0.0,0.0,0.0,1.0,-1
"F[0,1](HDL >= 8.116 | Pt_A1cGoalLev <= 5.443)
",-9999999.000,-9999999.000,0.000,0.000,1.000,0,0,0,4,4,0,0,4,0.0,0.0,0.0,0.0,0.0,1.0,-1
"F[2,2]((HbA1cImputeDtMnC <= 33.622 & UnitsInsBasalOrLongAct >= 5.182) | Pt_SiblingT1D <= 21.140)
",21.140,21.140,0.000,0.000,1.000,0,0,0,4,4,0,0,4,0.0,0.0,0.0,0.0,0.0,1.0,-1
"F[0,2]((age <= 51.754 & BldPrDia <= 77.686) & bmiPerc <= 79.385)
",-9999999.000,-9999999.000,0.000,0.000,1.000,0,0,0,4,4,0,0,4,0.0,0.0,0.0,0.0,0.0,1.0,-1
"F[1,2](HeightCm >= 35.941 -> Pt_SHFlg = 0.535)
",-9999999.000,-9999999.000,0.000,0.000,1.000,0,0,0,4,4,0,0,4,0.0,0.0,0.0,0.0,0.0,1.0,-1
"F[2,2](DirectLDL < 0.986 -> Pt_SHFlg = 0.031)
",-0.986,-0.986,0.000,0.000,1.000,0,0,0,4,4,0,0,4,0.0,0.0,0.0,0.0,0.0,1.0,-1
"F[1,2](BGTestAvgNumMeter < 8.588 & Pt_SHFlg = 0.476)
",-9999999.000,-9999999.000,0.000,0.000,1.000,0,0,0,4,4,0,0,4,0.0,0.0,0.0,0.0,0.0,1.0,-1
"F[0,1](((BldPrSys >= 122.035 & bmiZscore >= 0.386) | AutonomicNeuroCl >= 0.224) | Pt_DKAFlg <= 0.827)
",-9999999.000,-9999999.000,0.000,0.000,1.000,0,0,0,4,4,0,0,4,0.0,0.0,0.0,0.0,0.0,1.0,-1
"F[0,1](LDL <= 108.554 -> TotChol <= 51.031)
",-9999999.000,-9999999.000,0.000,0.000,1.000,0,0,0,4,4,0,0,4,0.0,0.0,0.0,0.0,0.0,1.0,-1
"F[1,2](((HbA1c <= 5.206 | Pt_SHFlg <= 0.919) | BGTestAvgNumMeter >= 0.086) | Triglyc <= 0.913)
",-9999999.000,-9999999.000,0.000,0.000,1.000,0,0,0,4,4,0,0,4,0.0,0.0,0.0,0.0,0.0,1.0,-1
"F[1,1]((LDL <= 90.950 -> NumPumpBolusOrShortAct >= 1.198) -> WeightKg <= 14.527)
",-8177912546560755.000,-14.527,0.000,0.000,1.000,0,0,0,4,4,0,0,4,0.0,0.0,0.0,0.0,0.0,1.0,-1
"F[1,2]((BldPrDia >= 72.290 & BldPrSys <= 124.483) -> BGTestAvgNumMeter >= 123.139)
",-9999999.000,-9999999.000,0.000,0.000,1.000,0,0,0,4,4,0,0,4,0.0,0.0,0.0,0.0,0.0,1.0,-1
"F[0,2]((HbA1c <= 5.402 -> LDL <= 111.160) -> Pt_DKAFlg <= 109.789)
",-9999999.000,-9999999.000,0.000,0.000,1.000,0,0,0,4,4,0,0,4,0.0,0.0,0.0,0.0,0.0,1.0,-1
"F[0,2]((HDL >= 6.909 | TotChol <= 101.679) -> SMBGperDayPtMeterCombo >= 15.071)
",-9999999.000,-9999999.000,0.000,0.000,1.000,0,0,0,4,4,0,0,4,0.0,0.0,0.0,0.0,0.0,1.0,-1
"F[1,2]((HDL <= 52.383 & NumPumpBolusOrShortAct <= 16.775) | Pt_FatherT1D >= 2.563)
",-9999999.000,-9999999.000,0.000,0.000,1.000,0,0,0,4,4,0,0,4,0.0,0.0,0.0,0.0,0.0,1.0,-1
"((BGTestAvgNumMeter >= 0.150) U[0,2] (BGTestAvgNumPtRep <= 7.317))
",-9999999.000,-9999999.000,0.000,0.000,1.000,0,0,0,4,4,0,0,4,0.0,0.0,0.0,0.0,0.0,1.0,-1
"F[2,2](((LDL >= 80.967 & WeightKg <= 118.867) & BGTestAvgNumMeter >= 44.810) -> AlbCreatRat_mggNew >= 18.297)
",18.297,18.297,0.000,0.000,1.000,0,0,0,4,4,0,0,4,0.0,0.0,0.0,0.0,0.0,1.0,-1
"F[0,1](BGTestAvgNumPtRep <= 5.332 -> DirectLDL >= 0.006)
",-9999999.000,-9999999.000,0.000,0.000,1.000,0,0,0,4,4,0,0,4,0.0,0.0,0.0,0.0,0.0,1.0,-1
"F[1,2](((SMBGperDayPtMeterCombo >= 3.863 | Triglyc >= 10.139) -> BGTestAvgNumPtRep >= 14.003) & NumPumpBolusOrShortAct >= 5.404)
",-9999999.000,-9999999.000,0.000,0.000,1.000,0,0,0,4,4,0,0,4,0.0,0.0,0.0,0.0,0.0,1.0,-1
"F[2,2]((age >= 48.153 & HbA1c >= 2.713) -> TotChol <= 4.962)
",-4.962,-4.962,0.000,0.000,1.000,0,0,0,4,4,0,0,4,0.0,0.0,0.0,0.0,0.0,1.0,-1
"((UnitsInsBasalOrLongAct <= 24.873) U[2,2] (Pt_SHFlg = 0.671))
",24.873,24.873,0.000,0.000,1.000,0,0,0,4,4,0,0,4,0.0,0.0,0.0,0.0,0.0,1.0,-1
"F[0,2](HeightCm >= 16.376 -> TotalDailyInsPerKg <= 0.275)
",-9999999.000,-9999999.000,0.000,0.000,1.000,0,0,0,4,4,0,0,4,0.0,0.0,0.0,0.0,0.0,1.0,-1
"F[1,1](Pt_A1cGoalLev >= 0.810 | Pt_A1cGoalLev <= 1.243)
",1.243,1.243,0.000,0.000,1.000,0,0,0,4,4,0,0,4,0.0,0.0,0.0,0.0,0.0,1.0,-1
"((Pt_DKAFlg <= 0.000) U[0,2] (Pt_SHFlg = 0.033))
",-9999999.000,-9999999.000,0.000,0.000,1.000,0,0,0,4,4,0,0,4,0.0,0.0,0.0,0.0,0.0,1.0,-1
"((BUN <= 0.000) U[2,2] (Pt_SHFlg = 0.931))
",0.000,0.000,0.000,0.000,1.000,0,0,0,4,4,0,0,4,0.0,0.0,0.0,0.0,0.0,1.0,-1
"((Pt_MotherT1D <= 0.000) U[0,2] (Pt_SHFlg = 0.990))
",-9999999.000,-9999999.000,0.000,0.000,1.000,0,0,0,4,4,0,0,4,0.0,0.0,0.0,0.0,0.0,1.0,-1
"F[1,2](Pt_FatherT1D < 0.000 & Pt_SHFlg = 0.821)
",-9999999.000,-9999999.000,0.000,0.000,1.000,0,0,0,4,4,0,0,4,0.0,0.0,0.0,0.0,0.0,1.0,-1
"((Pt_CGMUseNumDays < 0.000) U[0,2] (Pt_SHFlg = 0.953))
",-9999999.000,-9999999.000,0.000,0.000,1.000,0,0,0,4,4,0,0,4,0.0,0.0,0.0,0.0,0.0,1.0,-1
"F[1,2](NumPumpBolusOrShortAct <= 7.324 & Pt_SHFlg = 0.516)
",-9999999.000,-9999999.000,0.000,0.000,1.000,0,0,0,4,4,0,0,4,0.0,0.0,0.0,0.0,0.0,1.0,-1
"F[0,2](TotChol <= 30.913 & Pt_SHFlg = 0.460)
",-9999999.000,-9999999.000,0.000,0.000,1.000,0,0,0,4,4,0,0,4,0.0,0.0,0.0,0.0,0.0,1.0,-1
"((HbA1c > 3.796) U[2,2] (Pt_SHFlg = 0.922))
",-8304868050340459.000,-0.922,0.000,0.000,1.000,0,0,0,4,4,0,0,4,0.0,0.0,0.0,0.0,0.0,1.0,-1
"((BldPrSys <= 127.525) U[1,2] (Pt_SHFlg = 0.867))
",-9999999.000,-9999999.000,0.000,0.000,1.000,0,0,0,4,4,0,0,4,0.0,0.0,0.0,0.0,0.0,1.0,-1
"F[0,2](LDL <= 88.368 & AlbCreatRat_mggNew >= 5.627)
",-9999999.000,-9999999.000,0.000,0.000,1.000,0,0,0,4,4,0,0,4,0.0,0.0,0.0,0.0,0.0,1.0,-1
"F[0,2](((Pt_A1cGoalLev >= 0.269 -> HDL >= 32.373) & Pt_GrandparentT1D <= 91.962) -> Pt_DKAFlg <= 89.600)
",-9999999.000,-9999999.000,0.000,0.000,1.000,0,0,0,4,4,0,0,4,0.0,0.0,0.0,0.0,0.0,1.0,-1
"F[0,1](HbA1c >= 2.596 -> Pt_A1cGoalLevelDsYr5 = 0.000)
",-9999999.000,-9999999.000,0.000,0.000,1.000,0,0,0,4,4,0,0,4,0.0,0.0,0.0,0.0,0.0,1.0,-1
"G[0,2](SMBGperDayPtMeterCombo <= 8.693 | TotChol >= 16.234)
",9999999.000,9999999.000,0.000,1.000,0.000,0,0,2,2,2,2,2,2,0.0,0.0,1.0,0.0,0.0,1.0,1
"G[0,0](GFR <= 0.000 & Pt_SHFlg = 0.897)
",-0.793,-10.284,0.000,1.000,0.000,0,0,0,4,4,0,0,4,0.0,0.0,0.0,0.0,0.0,1.0,1
"G[1,2](((UnitsInsBasalOrLongAct >= 9.049 -> BldPrDia <= 73.698) | GFR >= 71.926) & Pt_DKAFlg >= 71.114)
",9999999.000,9999999.000,0.000,1.000,0.000,0,0,1,3,3,1,1,3,0.0,0.0,1.0,0.0,0.0,1.0,1
"G[0,2](bmiZscore >= 0.409 & AutonomicNeuroCl <= 0.000)
",9999999.000,9999999.000,0.000,1.000,0.000,0,0,2,2,2,2,2,2,0.0,0.0,1.0,0.0,0.0,1.0,1
"G[1,2](HeightCm >= 10.368 | bmiPerc <= 0.000)
",9999999.000,9999999.000,0.000,1.000,0.000,0,0,4,0,0,4,4,0,0.0,0.0,1.0,0.0,0.0,1.0,1
"G[0,2]((HeightCm >= 64.631 | WeightKg >= 8.127) & NumPumpBolusOrShortAct <= 88.154)
",9999999.000,9999999.000,0.000,1.000,0.000,0,0,2,2,2,2,2,2,0.0,0.0,1.0,0.0,0.0,1.0,1
"G[2,2](((BGTestAvgNumMeter >= 1.893 -> LDL <= 107.218) | TotalDailyInsPerKg >= 70.082) & Pt_CGMUseNumDays >= 80.900)
",-80.900,-80.900,0.000,1.000,0.000,0,0,4,0,0,4,4,0,0.0,0.0,1.0,0.0,0.0,1.0,1
"G[1,1]((bmi >= 14.633 | HeightCm <= 175.788) -> NumPumpBolusOrShortAct >= 46.119)
",-175.788,-175.788,0.000,1.000,0.000,0,0,1,3,3,1,1,3,0.0,0.0,1.0,0.0,0.0,1.0,1
"G[1,2](((bmiZscore >= 0.489 | TotalDailyInsPerKg >= 0.010) & HDL <= 0.297) | SMBGperDayPtMeterCombo <= 0.371)
",9999999.000,9999999.000,0.000,1.000,0.000,0,0,3,1,1,3,3,1,0.0,0.0,1.0,0.0,0.0,1.0,1
"G[0,1](((HbA1c >= 2.762 | AlbCreatRat_mggNew >= 4.537) & DirectLDL >= 4.757) & BldPrDia <= 8.068)
",9999999.000,9999999.000,0.000,1.000,0.000,0,0,0,4,4,0,0,4,0.0,0.0,0.0,0.0,0.0,1.0,1
"G[0,1](((LDL <= 88.511 -> Triglyc >= 13.811) -> diabDur >= 9.218) & Pt_DKAFlg >= 20.561)
",9999999.000,9999999.000,0.000,1.000,0.000,0,0,0,4,4,0,0,4,0.0,0.0,0.0,0.0,0.0,1.0,1
"G[0,1](((Pt_SHFlg <= 0.541 | SMBGperDayPtMeterCombo <= 7.442) -> Pt_A1cGoalLevelDsYr5 <= 7.210) & Pt_SHFlg >= 4.285)
",9999999.000,9999999.000,0.000,1.000,0.000,0,0,0,4,4,0,0,4,0.0,0.0,0.0,0.0,0.0,1.0,1
"G[1,2](Pt_InsGov < 0.000 -> Pt_SHFlg = 0.547)
",9999999.000,9999999.000,0.000,1.000,0.000,0,0,4,0,0,4,4,0,0.0,0.0,1.0,0.0,0.0,1.0,1
"G[0,2](((DirectLDL >= 0.348 -> NumPumpBolusOrShortAct <= 19.604) | BldPrDia >= 0.281) -> TotalDailyInsPerKg >= 3.292)
",9999999.000,9999999.000,0.000,1.000,0.000,0,0,0,4,4,0,0,4,0.0,0.0,0.0,0.0,0.0,1.0,1
"G[0,0](((DirectLDL <= 0.946 | TotChol <= 165.310) | age >= 0.337) & bmiZscore >= 8.068)
",-8.068,-8.068,0.000,1.000,0.000,0,0,0,4,4,0,0,4,0.0,0.0,0.0,0.0,0.0,1.0,1
"G[1,2](Pt_SHFlg >= 0.032 -> WeightKg >= 34.865)
",9999999.000,9999999.000,0.000,1.000,0.000,0,0,4,0,0,4,4,0,0.0,0.0,1.0,0.0,0.0,1.0,1
"G[0,2](((HbA1cImputeDtMnC <= 36.969 & NumPumpBolusOrShortAct >= 3.000) -> Pt_GrandchildT1D >= 2.591) & SMBGperDayPtMeterCombo >= 0.608)
",9999999.000,9999999.000,0.000,1.000,0.000,0,0,2,2,2,2,2,2,0.0,0.0,1.0,0.0,0.0,1.0,1
"G[2,2](((BGTestAvgNumMeter <= 8.520 & bmiZscore >= 0.264) & AutonomicNeuroCl >= 0.397) & Pt_InsGov <= 0.753)
",-0.397,-0.397,0.000,1.000,0.000,0,0,4,0,0,4,4,0,0.0,0.0,1.0,0.0,0.0,1.0,1
"G[1,2](BldPrSys >= 120.806 & DirectLDL >= 0.306)
",9999999.000,9999999.000,0.000,1.000,0.000,0,0,3,1,1,3,3,1,0.0,0.0,1.0,0.0,0.0,1.0,1
"G[0,1](BGTestAvgNumMeter >= 0.333 & LDL >= 78.105)
",9999999.000,9999999.000,0.000,1.000,0.000,0,0,1,3,3,1,1,3,0.0,0.0,1.0,0.0,0.0,1.0,1
"G[1,2](bmiZscore <= 0.569 -> Pt_SHFlg <= 0.741)
",9999999.000,9999999.000,0.000,1.000,0.000,0,0,4,0,0,4,4,0,0.0,0.0,1.0,0.0,0.0,1.0,1
"G[0,1](((BGTestAvgNumMeter <= 8.388 | WeightKg <= 97.114) & Pt_FatherT1D <= 112.676) & Pt_GrandparentT1D >= 35.513)
",9999999.000,9999999.000,0.000,1.000,0.000,0,0,0,4,4,0,0,4,0.0,0.0,0.0,0.0,0.0,1.0,1
"G[1,2]((BldPrSys <= 129.387 & HbA1c >= 1.886) | bmi >= 1.332)
",9999999.000,9999999.000,0.000,1.000,0.000,0,0,3,1,1,3,3,1,0.0,0.0,1.0,0.0,0.0,1.0,1
"G[1,2]((TotalDailyInsPerKg <= 0.313 & BGTestAvgNumMeter >= 3.695) | AutonomicNeuroCl <= 6.408)
",9999999.000,9999999.000,0.000,1.000,0.000,0,0,4,0,0,4,4,0,0.0,0.0,1.0,0.0,0.0,1.0,1
"G[1,2]((LDL >= 70.313 -> BGTestAvgNumPtRep >= 0.957) | Pt_A1cGoalLevelDsYr5 <= 7.520)
",9999999.000,9999999.000,0.000,1.000,0.000,0,0,4,0,0,4,4,0,0.0,0.0,1.0,0.0,0.0,1.0,1
"G[1,1](((BldPrDia <= 76.876 -> HbA1c >= 1.653) -> Pt_SiblingT1D >= 3.383) & bmi <= 4.914)
",3.383,3.383,0.000,1.000,0.000,0,0,1,3,3,1,1,3,0.0,0.0,1.0,0.0,0.0,1.0,1
"G[0,2](((Triglyc >= 16.731 & UnitsInsBasalOrLongAct <= 22.053) -> diabDur >= 4.409) & TotChol >= 10.093)
",9999999.000,9999999.000,0.000,1.000,0.000,0,0,0,4,4,0,0,4,0.0,0.0,0.0,0.0,0.0,1.0,1
"G[0,1]((HDL >= 3.861 & SMBGperDayPtMeterCombo <= 7.007) | bmiZscore >= 4.204)
",9999999.000,9999999.000,0.000,1.000,0.000,0,0,0,4,4,0,0,4,0.0,0.0,0.0,0.0,0.0,1.0,1
"G[1,2]((BldPrSys <= 125.886 | TotChol <= 96.839) & Pt_SiblingT1D >= 12.245)
",9999999.000,9999999.000,0.000,1.000,0.000,0,0,1,3,3,1,1,3,0.0,0.0,1.0,0.0,0.0,1.0,1
"G[0,2](((BGTestAvgNumMeter <= 4.914 -> BldPrSys >= 122.537) & HDL >= 123.765) & BldPrSys <= 127.474)
",9999999.000,9999999.000,0.000,1.000,0.000,0,0,0,4,4,0,0,4,0.0,0.0,0.0,0.0,0.0,1.0,1
"G[0,2]((BGTestAvgNumPtRep >= 1.028 -> bmiZscore >= 0.482) & NumPumpBolusOrShortAct <= 1.163)
",9999999.000,9999999.000,0.000,1.000,0.000,0,0,3,1,1,3,3,1,0.0,0.0,1.0,0.0,0.0,1.0,1
"G[1,2](AlbCreatRat_mggNew <= 7.371 | DirectLDL >= 0.450)
",9999999.000,9999999.000,0.000,1.000,0.000,0,0,4,0,0,4,4,0,0.0,0.0,1.0,0.0,0.0,1.0,1
"G[0,2](((bmi <= 35.287 | diabDur >= 33.702) & SMBGperDayPtMeterCombo >= 31.820) & BldPrDia <= 36.315)
",9999999.000,9999999.000,0.000,1.000,0.000,0,0,0,4,4,0,0,4,0.0,0.0,0.0,0.0,0.0,1.0,1
"G[0,2](((AlbCreatRat_mggNew <= 8.005 | BGTestAvgNumPtRep >= 0.554) | TotChol <= 5.264) | BldPrDia >= 1.531)
",9999999.000,9999999.000,0.000,1.000,0.000,0,0,4,0,0,4,4,0,0.0,0.0,1.0,0.0,0.0,1.0,1
"G[1,2]((HbA1cImputeDtMnC >= 1.812 | LDL >= 73.997) | HeightCm >= 71.263)
",9999999.000,9999999.000,0.000,1.000,0.000,0,0,4,0,0,4,4,0,0.0,0.0,1.0,0.0,0.0,1.0,1
"G[0,2](HbA1c <= 5.506 -> Pt_A1cGoalLev >= 0.811)
",9999999.000,9999999.000,0.000,1.000,0.000,0,0,1,3,3,1,1,3,0.0,0.0,1.0,0.0,0.0,1.0,1
"G[2,2]((diabDur <= 37.287 -> HDL <= 82.678) -> TSH >= 27.357)
",27.357,27.357,0.000,1.000,0.000,0,0,4,0,0,4,4,0,0.0,0.0,1.0,0.0,0.0,1.0,1
"G[0,1]((BGTestAvgNumPtRep >= 0.644 | HDL >= 24.436) -> NumPumpBolusOrShortAct >= 8.206)
",9999999.000,9999999.000,0.000,1.000,0.000,0,0,1,3,3,1,1,3,0.0,0.0,1.0,0.0,0.0,1.0,1
"G[1,2]((age <= 50.578 | TotChol >= 10.973) & BldPrDia <= 55.180)
",9999999.000,9999999.000,0.000,1.000,0.000,0,0,1,3,3,1,1,3,0.0,0.0,1.0,0.0,0.0,1.0,1
"G[0,2](DirectLDL <= 0.853 & UnitsInsBasalOrLongAct <= 18.961)
",9999999.000,9999999.000,0.000,1.000,0.000,0,0,1,3,3,1,1,3,0.0,0.0,1.0,0.0,0.0,1.0,1
"G[2,2](TotChol >= 17.817 & BGTestAvgNumMeter >= 1.008)
",-17.817,-17.817,0.000,1.000,0.000,0,0,4,0,0,4,4,0,0.0,0.0,1.0,0.0,0.0,1.0,1
"G[0,2](HbA1c <= 5.662 & UnitsInsBasalOrLongAct >= 10.782)
",9999999.000,9999999.000,0.000,1.000,0.000,0,0,1,3,3,1,1,3,0.0,0.0,1.0,0.0,0.0,1.0,1
"G[0,1](((bmiZscore >= 0.207 | HeightCm >= 2.290) & bmiPerc >= 32.696) & BldPrSys >= 22.289)
",9999999.000,9999999.000,0.000,1.000,0.000,0,0,0,4,4,0,0,4,0.0,0.0,0.0,0.0,0.0,1.0,1
"G[0,2](((AlbCreatRat_mggNew <= 7.710 & AutonomicNeuroCl <= 0.000) & SMBGperDayPtMeterCombo <= 0.000) -> WeightKg >= 0.000)
",9999999.000,9999999.000,0.000,1.000,0.000,0,0,4,0,0,4,4,0,0.0,0.0,1.0,0.0,0.0,1.0,1
"G[0,1](diabDur <= 36.378 & Pt_SHFlg = 0.066)
",9999999.000,9999999.000,0.000,1.000,0.000,0,0,0,4,4,0,0,4,0.0,0.0,0.0,0.0,0.0,1.0,1
"G[1,1](BldPrDia < 73.997 -> Pt_SHFlg = 0.253)
",-73.997,-73.997,0.000,1.000,0.000,0,0,1,3,3,1,1,3,0.0,0.0,1.0,0.0,0.0,1.0,1
"G[1,2]((BldPrDia >= 72.687 | Pt_GrandparentT1D >= 0.000) -> AlbCreatRat_mggNew >= 0.000)
",9999999.000,9999999.000,0.000,1.000,0.000,0,0,4,0,0,4,4,0,0.0,0.0,1.0,0.0,0.0,1.0,1
"G[2,2](TotChol >= 9.149 & Pt_FatherT1D >= 0.000)
",-9.149,-9.149,0.000,1.000,0.000,0,0,4,0,0,4,4,0,0.0,0.0,1.0,0.0,0.0,1.0,1
"G[1,2](((HeightCm <= 116.169 & Pt_SHFlg <= 0.887) & TSH >= 0.088) -> Pt_A1cGoalLev <= 0.702)
",9999999.000,9999999.000,0.000,1.000,0.000,0,0,4,0,0,4,4,0,0.0,0.0,1.0,0.0,0.0,1.0,1
"G[2,2](TotChol <= 59.571 | UnitsInsBasalOrLongAct >= 5.242)
",8383843467701923.000,59.571,0.000,1.000,0.000,0,0,4,0,0,4,4,0,0.0,0.0,1.0,0.0,0.0,1.0,1
"G[0,2](((BldPrSys >= 121.025 & Triglyc <= 35.481) & Pt_SHFlg >= 4.503) -> Pt_ChildT1D <= 29.952)
",9999999.000,9999999.000,0.000,1.000,0.000,0,0,4,0,0,4,4,0,0.0,0.0,1.0,0.0,0.0,1.0,1
"G[0,2]((HbA1c <= 5.645 | bmiPerc >= 0.000) | WeightKg >= 0.000)
",9999999.000,9999999.000,0.000,1.000,0.000,0,0,4,0,0,4,4,0,0.0,0.0,1.0,0.0,0.0,1.0,1
"G[2,2](((Pt_GrandparentT1D <= 0.000 -> HbA1c >= 4.160) -> bmi <= 5.642) -> SMBGperDayPtMeterCombo >= 1.506)
",1.506,1.506,0.000,1.000,0.000,0,0,4,0,0,4,4,0,0.0,0.0,1.0,0.0,0.0,1.0,1
"G[0,1](AlbCreatRat_mggNew < 9.723 & Pt_SHFlg = 0.683)
",9999999.000,9999999.000,0.000,1.000,0.000,0,0,0,4,4,0,0,4,0.0,0.0,0.0,0.0,0.0,1.0,1
"G[1,2](SMBGperDayPtMeterCombo < 8.547 -> Pt_SHFlg = 0.366)
",9999999.000,9999999.000,0.000,1.000,0.000,0,0,2,2,2,2,2,2,0.0,0.0,1.0,0.0,0.0,1.0,1
"G[0,2](BUN >= 0.000 | bmi <= 38.951)
",9999999.000,9999999.000,0.000,1.000,0.000,0,0,4,0,0,4,4,0,0.0,0.0,1.0,0.0,0.0,1.0,1
"G[0,2](bmiZscore <= 1.306 -> GFR >= 0.000)
",9999999.000,9999999.000,0.000,1.000,0.000,0,0,4,0,0,4,4,0,0.0,0.0,1.0,0.0,0.0,1.0,1
"G[0,2]((TotChol >= 1.760 | SMBGperDayPtMeterCombo >= 5.030) & HDL >= 2.510)
",9999999.000,9999999.000,0.000,1.000,0.000,0,0,1,3,3,1,1,3,0.0,0.0,1.0,0.0,0.0,1.0,1
"G[1,2]((BldPrDia >= 71.091 | BGTestAvgNumPtRep <= 6.539) & Pt_InsGov <= 4.321)
",9999999.000,9999999.000,0.000,1.000,0.000,0,0,2,2,2,2,2,2,0.0,0.0,1.0,0.0,0.0,1.0,1
"G[0,1](((Pt_SHFlg >= 0.117 -> Pt_ChildT1D <= 0.000) -> AlbCreatRat_mggNew <= 0.000) & Pt_A1cGoalLev >= 0.000)
",9999999.000,9999999.000,0.000,1.000,0.000,0,0,0,4,4,0,0,4,0.0,0.0,0.0,0.0,0.0,1.0,1
"G[2,2](Pt_GrandchildT1D <= 0.000 -> diagAgeCombo >= 15.000)
",0.000,0.000,0.000,1.000,0.000,0,0,4,0,0,4,4,0,0.0,0.0,1.0,0.0,0.0,1.0,1
"G[0,2]((NumPumpBolusOrShortAct >= 3.370 -> Triglyc <= 41.137) & Pt_MotherT1D <= 64.499)
",9999999.000,9999999.000,0.000,1.000,0.000,0,0,3,1,1,3,3,1,0.0,0.0,1.0,0.0,0.0,1.0,1
"G[1,2](SMBGperDayPtMeterCombo >= 0.841 & BGTestAvgNumPtRep >= 1.646)
",9999999.000,9999999.000,0.000,1.000,0.000,0,0,3,1,1,3,3,1,0.0,0.0,1.0,0.0,0.0,1.0,1
"G[1,1](Triglyc >= 19.956 & BldPrDia >= 71.057)
",-71.057,-71.057,0.000,1.000,0.000,0,0,1,3,3,1,1,3,0.0,0.0,1.0,0.0,0.0,1.0,1
"G[0,2]((BGTestAvgNumMeter <= 8.328 -> NumPumpBolusOrShortAct <= 12.534) -> TotChol <= 18.715)
",9999999.000,9999999.000,0.000,1.000,0.000,0,0,4,0,0,4,4,0,0.0,0.0,1.0,0.0,0.0,1.0,1
"G[1,2]((UnitsInsBasalOrLongAct <= 21.706 & diabDur <= 35.212) & Pt_A1cGoalLevelDsYr5 >= 31.893)
",9999999.000,9999999.000,0.000,1.000,0.000,0,0,1,3,3,1,1,3,0.0,0.0,1.0,0.0,0.0,1.0,1
"G[0,2](GFR <= 0.000 -> BUN >= 0.000)
",9999999.000,9999999.000,0.000,1.000,0.000,0,0,4,0,0,4,4,0,0.0,0.0,1.0,0.0,0.0,1.0,1
"G[2,2](SMBGperDayPtMeterCombo >= 4.074 & BGTestAvgNumPtRep >= 1.335)
",-4.074,-4.074,0.000,1.000,0.000,0,0,4,0,0,4,4,0,0.0,0.0,1.0,0.0,0.0,1.0,1
"G[0,2]((Pt_GrandchildT1D >= 0.000 & Pt_ChildT1D <= 0.000) & TSH <= 0.000)
",9999999.000,9999999.000,0.000,1.000,0.000,0,0,4,0,0,4,4,0,0.0,0.0,1.0,0.0,0.0,1.0,1
"G[2,2](Pt_GrandparentT1D <= 0.000 & UnitsInsBasalOrLongAct <= 21.150)
",0.000,0.000,0.000,1.000,0.000,0,0,4,0,0,4,4,0,0.0,0.0,1.0,0.0,0.0,1.0,1
"G[1,2](((WeightKg >= 52.610 & Pt_FatherT1D <= 0.000) -> SMBGperDayPtMeterCombo >= 0.000) | BldPrSys >= 0.000)
",9999999.000,9999999.000,0.000,1.000,0.000,0,0,4,0,0,4,4,0,0.0,0.0,1.0,0.0,0.0,1.0,1
"G[0,2]((WeightKg >= 44.798 | bmi >= 9.346) -> UnitsInsBasalOrLongAct <= 20.130)
",9999999.000,9999999.000,0.000,1.000,0.000,0,0,2,2,2,2,2,2,0.0,0.0,1.0,0.0,0.0,1.0,1
"G[0,2](Pt_MotherT1D >= 0.000 -> SMBGperDayPtMeterCombo <= 7.838)
",9999999.000,9999999.000,0.000,1.000,0.000,0,0,1,3,3,1,1,3,0.0,0.0,1.0,0.0,0.0,1.0,1
"G[2,2]((WeightKg >= 28.490 | bmi >= 13.617) -> UnitsInsBasalOrLongAct <= 24.348)
",-24.348,-24.348,0.000,1.000,0.000,0,0,4,0,0,4,4,0,0.0,0.0,1.0,0.0,0.0,1.0,1
"G[1,2](SMBGperDayPtMeterCombo >= 5.252 & BGTestAvgNumPtRep >= 1.031)
",9999999.000,9999999.000,0.000,1.000,0.000,0,0,3,1,1,3,3,1,0.0,0.0,1.0,0.0,0.0,1.0,1
"G[0,2](HbA1c <= 5.714 -> HeightCm <= 169.033)
",9999999.000,9999999.000,0.000,1.000,0.000,0,0,3,1,1,3,3,1,0.0,0.0,1.0,0.0,0.0,1.0,1
"G[0,1]((TotalDailyInsPerKg >= 0.110 -> Triglyc <= 44.595) & bmiPerc >= 7.943)
",9999999.000,9999999.000,0.000,1.000,0.000,0,0,0,4,4,0,0,4,0.0,0.0,0.0,0.0,0.0,1.0,1
"G[1,2](((HeightCm >= 23.461 & UnitsInsBasalOrLongAct <= 23.632) & LDL >= 13.943) -> HbA1cImputeDtMnC >= 15.006)
",9999999.000,9999999.000,0.000,1.000,0.000,0,0,4,0,0,4,4,0,0.0,0.0,1.0,0.0,0.0,1.0,1
"G[0,1]((DirectLDL <= 0.714 & LDL >= 73.340) & AutonomicNeuroCl <= 93.762)
",9999999.000,9999999.000,0.000,1.000,0.000,0,0,0,4,4,0,0,4,0.0,0.0,0.0,0.0,0.0,1.0,1
"G[0,2]((BldPrSys >= 123.210 -> UnitsInsBasalOrLongAct >= 5.501) | Pt_FatherT1D <= 23.305)
",9999999.000,9999999.000,0.000,1.000,0.000,0,0,4,0,0,4,4,0,0.0,0.0,1.0,0.0,0.0,1.0,1
"G[0,1](((AlbCreatRat_mggNew <= 8.647 & BGTestAvgNumMeter >= 4.099) & BldPrDia <= 6.064) | Pt_A1cGoalLevelDsYr5 >= 0.421)
",9999999.000,9999999.000,0.000,1.000,0.000,0,0,0,4,4,0,0,4,0.0,0.0,0.0,0.0,0.0,1.0,1
"G[2,2](TotChol >= 3.858 | Triglyc <= 62.032)
",62.032,62.032,0.000,1.000,0.000,0,0,4,0,0,4,4,0,0.0,0.0,1.0,0.0,0.0,1.0,1
"G[0,2]((HbA1cImputeDtMnC <= 48.626 | HDL <= 85.470) | Pt_InsGov <= 48.837)
",9999999.000,9999999.000,0.000,1.000,0.000,0,0,4,0,0,4,4,0,0.0,0.0,1.0,0.0,0.0,1.0,1
"G[0,2]((age >= 49.034 -> BGTestAvgNumMeter <= 4.622) & Pt_DKAFlg <= 7.500)
",9999999.000,9999999.000,0.000,1.000,0.000,0,0,2,2,2,2,2,2,0.0,0.0,1.0,0.0,0.0,1.0,1
"G[0,1](HDL >= 1.538 & LDL >= 82.148)
",9999999.000,9999999.000,0.000,1.000,0.000,0,0,0,4,4,0,0,4,0.0,0.0,0.0,0.0,0.0,1.0,1
"G[0,1](BldPrDia >= 72.049 & HeightCm <= 120.317)
",9999999.000,9999999.000,0.000,1.000,0.000,0,0,0,4,4,0,0,4,0.0,0.0,0.0,0.0,0.0,1.0,1
"G[0,2]((BGTestAvgNumPtRep >= 2.682 | Triglyc >= 1.377) -> HbA1cImputeDtMnC <= 35.735)
",9999999.000,9999999.000,0.000,1.000,0.000,0,0,3,1,1,3,3,1,0.0,0.0,1.0,0.0,0.0,1.0,1
"G[1,2](((HbA1c <= 5.722 -> Triglyc <= 65.580) -> AutonomicNeuroCl <= 47.320) | age >= 13.230)
",9999999.000,9999999.000,0.000,1.000,0.000,0,0,4,0,0,4,4,0,0.0,0.0,1.0,0.0,0.0,1.0,1
"G[2,2]((BldPrSys >= 120.622 & Pt_SHFlg >= 0.067) & Pt_CGMUseNumDays >= 0.010)
",-8488023746179805.000,-120.622,0.000,1.000,0.000,0,0,4,0,0,4,4,0,0.0,0.0,1.0,0.0,0.0,1.0,1
"G[0,2](bmi >= 9.166 & TotChol <= 72.139)
",9999999.000,9999999.000,0.000,1.000,0.000,0,0,2,2,2,2,2,2,0.0,0.0,1.0,0.0,0.0,1.0,1
"G[1,1](((BGTestAvgNumMeter >= 0.443 -> SMBGperDayPtMeterCombo >= 1.693) | AlbCreatRat_mggNew <= 7.913) & LDL <= 6.390)
",6.390,6.390,0.000,1.000,0.000,0,0,1,3,3,1,1,3,0.0,0.0,1.0,0.0,0.0,1.0,1
"G[1,2]((DirectLDL <= 0.773 & TotalDailyInsPerKg <= 0.354) & HDL >= 0.097)
",9999999.000,9999999.000,0.000,1.000,0.000,0,0,2,2,2,2,2,2,0.0,0.0,1.0,0.0,0.0,1.0,1
"G[0,2](((BldPrDia >= 71.152 -> UnitsInsBasalOrLongAct >= 15.129) & Pt_GrandchildT1D <= 17.349) -> diagAgeCombo >= 3.257)
",9999999.000,9999999.000,0.000,1.000,0.000,0,0,4,0,0,4,4,0,0.0,0.0,1.0,0.0,0.0,1.0,1
"G[0,1](HbA1cImputeDtMnC <= 57.576 & WeightKg >= 55.659)
",9999999.000,9999999.000,0.000,1.000,0.000,0,0,1,3,3,1,1,3,0.0,0.0,1.0,0.0,0.0,1.0,1
"G[0,2](((TotalDailyInsPerKg >= 0.164 | bmi >= 8.097) & BldPrSys <= 18.065) -> UnitsInsBasalOrLongAct >= 17.062)
",9999999.000,9999999.000,0.000,1.000,0.000,0,0,4,0,0,4,4,0,0.0,0.0,1.0,0.0,0.0,1.0,1
"G[0,1](((BGTestAvgNumPtRep >= 1.666 & NumPumpBolusOrShortAct >= 1.885) -> bmiPerc <= 25.725) & Pt_ChildT1D >= 3.388)
",9999999.000,9999999.000,0.000,1.000,0.000,0,0,0,4,4,0,0,4,0.0,0.0,0.0,0.0,0.0,1.0,1
"G[1,2](((BGTestAvgNumMeter >= 3.424 -> Triglyc <= 48.673) | HbA1c >= 24.469) & TSH <= 74.393)
",9999999.000,9999999.000,0.000,1.000,0.000,0,0,3,1,1,3,3,1,0.0,0.0,1.0,0.0,0.0,1.0,1
"G[2,2](((bmi <= 31.369 -> HbA1c <= 5.044) & Pt_A1cGoalLev >= 1.530) -> TotalDailyInsPerKg >= 2.294)
",2.294,2.294,0.000,1.000,0.000,0,0,4,0,0,4,4,0,0.0,0.0,1.0,0.0,0.0,1.0,1
"G[0,0]((bmi <= 39.020 & DirectLDL >= 0.510) & AlbCreatRat_mggNew >= 0.127)
",-2.114,-0.382,0.000,1.000,0.000,0,0,0,4,4,0,0,4,0.0,0.0,0.0,0.0,0.0,1.0,1
"G[0,2]((BGTestAvgNumPtRep >= 1.168 | BldPrSys <= 127.292) | TSH <= 126.203)
",9999999.000,9999999.000,0.000,1.000,0.000,0,0,4,0,0,4,4,0,0.0,0.0,1.0,0.0,0.0,1.0,1
"G[0,2]((bmiZscore >= 0.102 | DirectLDL >= 0.180) -> HDL >= 0.443)
",9999999.000,9999999.000,0.000,1.000,0.000,0,0,1,3,3,1,1,3,0.0,0.0,1.0,0.0,0.0,1.0,1
"G[1,2]((AlbCreatRat_mggNew >= 3.306 -> bmiZscore <= 0.619) | HbA1cImputeDtMnC <= 1.194)
",9999999.000,9999999.000,0.000,1.000,0.000,0,0,3,1,1,3,3,1,0.0,0.0,1.0,0.0,0.0,1.0,1
"G[1,2]((AlbCreatRat_mggNew <= 9.660 -> bmi >= 8.592) -> bmi >= 12.229)
",9999999.000,9999999.000,0.000,1.000,0.000,0,0,4,0,0,4,4,0,0.0,0.0,1.0,0.0,0.0,1.0,1
"F[0,2](((HDL >= 10.521 -> Pt_MotherT1D <= 0.000) | Pt_SiblingT1D <= 0.000) | BGTestAvgNumMeter >= 0.000)
",-9999999.000,-9999999.000,0.000,0.000,1.000,0,0,0,4,4,0,0,4,0.0,0.0,0.0,0.0,0.0,1.0,-1
"F[1,2]((DirectLDL >= 0.570 | BGTestAvgNumPtRep >= 0.741) | BGTestAvgNumMeter <= 6.021)
",-9999999.000,-9999999.000,0.000,0.000,1.000,0,0,0,4,4,0,0,4,0.0,0.0,0.0,0.0,0.0,1.0,-1
"F[1,2]((diagAgeCombo <= 15.000 | AutonomicNeuroCl <= 0.000) & Pt_MotherT1D >= 0.000)
",-9999999.000,-9999999.000,0.000,0.000,1.000,0,0,0,4,4,0,0,4,0.0,0.0,0.0,0.0,0.0,1.0,-1
"F[2,2]((Pt_ChildT1D >= 0.000 -> diabDur <= 37.647) & BldPrSys <= 35.416)
",-37.647,-37.647,0.000,0.000,1.000,0,0,0,4,4,0,0,4,0.0,0.0,0.0,0.0,0.0,1.0,-1
"F[0,2](bmiPerc >= 0.000 & BUN >= 0.000)
",-9999999.000,-9999999.000,0.000,0.000,1.000,0,0,0,4,4,0,0,4,0.0,0.0,0.0,0.0,0.0,1.0,-1
"F[1,1](Pt_A1cGoalLevelDsYr5 <= 0.000 -> Pt_MotherT1D >= 0.000)
",0.000,0.000,0.000,0.000,1.000,0,0,0,4,4,0,0,4,0.0,0.0,0.0,0.0,0.0,1.0,-1
"F[1,2](((bmi <= 22.933 & Pt_A1cGoalLev <= 1.779) | SMBGperDayPtMeterCombo >= 0.300) & Pt_SiblingT1D <= 5.314)
",-9999999.000,-9999999.000,0.000,0.000,1.000,0,0,0,4,4,0,0,4,0.0,0.0,0.0,0.0,0.0,1.0,-1
"F[1,2]((LDL <= 95.318 & bmiPerc <= 0.000) & diabDur >= 0.000)
",-9999999.000,-9999999.000,0.000,0.000,1.000,0,0,0,4,4,0,0,4,0.0,0.0,0.0,0.0,0.0,1.0,-1
"((Pt_MotherT1D <= 0.000) U[1,2] (diagAgeCombo >= 15.000))
",-9999999.000,-9999999.000,0.000,0.000,1.000,0,0,0,4,4,0,0,4,0.0,0.0,0.0,0.0,0.0,1.0,-1
"F[1,1]((BldPrDia <= 74.961 | BGTestAvgNumMeter >= 4.201) -> TSH <= 4.825)
",-74.961,-74.961,0.000,0.000,1.000,0,0,0,4,4,0,0,4,0.0,0.0,0.0,0.0,0.0,1.0,-1
"F[1,1]((UnitsInsBasalOrLongAct >= 3.418 | Pt_SiblingT1D <= 0.000) -> Pt_GrandchildT1D <= 0.000)
",0.000,0.000,0.000,0.000,1.000,0,0,0,4,4,0,0,4,0.0,0.0,0.0,0.0,0.0,1.0,-1
"((Pt_DKAFlg >= 0.000) U[2,2] (GFR <= 0.000))
",0.000,0.000,0.000,0.000,1.000,0,0,0,4,4,0,0,4,0.0,0.0,0.0,0.0,0.0,1.0,-1
"F[1,1]((TotChol >= 23.129 & BGTestAvgNumMeter >= 2.924) -> bmiPerc >= 0.371)
",6679933980565045.000,0.371,0.000,0.000,1.000,0,0,0,4,4,0,0,4,0.0,0.0,0.0,0.0,0.0,1.0,-1
"F[0,2]((BGTestAvgNumPtRep <= 7.424 | WeightKg <= 80.052) -> Pt_GrandchildT1D >= 20.689)
",-9999999.000,-9999999.000,0.000,0.000,1.000,0,0,0,4,4,0,0,4,0.0,0.0,0.0,0.0,0.0,1.0,-1
"F[2,2]((Pt_FatherT1D <= 0.000 & AutonomicNeuroCl <= 0.000) -> Triglyc <= 0.000)
",0.000,0.000,0.000,0.000,1.000,0,0,0,4,4,0,0,4,0.0,0.0,0.0,0.0,0.0,1.0,-1
"F[1,2](((Triglyc >= 23.583 | Pt_FatherT1D <= 0.000) | Pt_FatherT1D >= 0.000) & HDL >= 0.000)
",-9999999.000,-9999999.000,0.000,0.000,1.000,0,0,0,4,4,0,0,4,0.0,0.0,0.0,0.0,0.0,1.0,-1
"F[0,2](LDL <= 95.750 & BldPrDia <= 73.957)
",-9999999.000,-9999999.000,0.000,0.000,1.000,0,0,0,4,4,0,0,4,0.0,0.0,0.0,0.0,0.0,1.0,-1
"F[0,2](((Pt_CGMUseNumDays <= 0.000 & SMBGperDayPtMeterCombo <= 7.030) & TotChol <= 5.844) & bmiPerc >= 3.449)
",-9999999.000,-9999999.000,0.000,0.000,1.000,0,0,0,4,4,0,0,4,0.0,0.0,0.0,0.0,0.0,1.0,-1
"F[1,2](((NumPumpBolusOrShortAct <= 7.729 | Pt_A1cGoalLev <= 0.997) & bmiPerc <= 4.513) | Pt_GrandparentT1D <= 3.288)
",-9999999.000,-9999999.000,0.000,0.000,1.000,0,0,0,4,4,0,0,4,0.0,0.0,0.0,0.0,0.0,1.0,-1
"F[1,2]((HbA1cImputeDtMnC >= 13.038 -> BGTestAvgNumMeter >= 0.091) & bmiPerc <= 6.357)
",-9999999.000,-9999999.000,0.000,0.000,1.000,0,0,0,4,4,0,0,4,0.0,0.0,0.0,0.0,0.0,1.0,-1
"F[1,2](Triglyc <= 34.169 | TotChol >= 11.338)
",-9999999.000,-9999999.000,0.000,0.000,1.000,0,0,0,4,4,0,0,4,0.0,0.0,0.0,0.0,0.0,1.0,-1
"F[0,2](((Pt_SiblingT1D <= 0.000 -> BGTestAvgNumPtRep >= 2.631) & Pt_SiblingT1D >= 1.428) -> Pt_A1cGoalLev >= 3.951)
",-9999999.000,-9999999.000,0.000,0.000,1.000,0,0,0,4,4,0,0,4,0.0,0.0,0.0,0.0,0.0,1.0,-1
"F[0,2](((WeightKg <= 89.641 -> BGTestAvgNumPtRep <= 5.122) & AutonomicNeuroCl >= 1.197) -> BUN <= 5.932)
",-9999999.000,-9999999.000,0.000,0.000,1.000,0,0,0,4,4,0,0,4,0.0,0.0,0.0,0.0,0.0,1.0,-1
"G[0,2](GFR <= 0.000 -> BUN >= 0.000)
",9999999.000,9999999.000,0.000,1.000,0.000,0,0,4,0,0,4,4,0,0.0,0.0,1.0,0.0,0.0,1.0,1
"F[0,1](((LDL >= 81.780 -> Pt_A1cGoalLevelDsYr5 >= 0.000) | Pt_SiblingT1D >= 0.000) | Pt_GrandparentT1D <= 0.000)
",-9999999.000,-9999999.000,0.000,0.000,1.000,0,0,0,4,4,0,0,4,0.0,0.0,0.0,0.0,0.0,1.0,-1
"F[0,1](((Pt_MotherT1D >= 0.000 | BldPrSys >= 120.496) | LDL <= 125.927) & bmi <= 124.793)
",-9999999.000,-9999999.000,0.000,0.000,1.000,0,0,0,4,4,0,0,4,0.0,0.0,0.0,0.0,0.0,1.0,-1
"G[1,2](((BUN >= 0.000 | BGTestAvgNumMeter <= 5.461) | WeightKg <= 7.402) -> TotalDailyInsPerKg <= 7.172)
",9999999.000,9999999.000,0.000,1.000,0.000,0,0,4,0,0,4,4,0,0.0,0.0,1.0,0.0,0.0,1.0,1
"F[2,2](Pt_SHFlg <= 0.296 -> bmiPerc <= 0.000)
",-0.296,-0.296,0.000,0.000,1.000,0,0,0,4,4,0,0,4,0.0,0.0,0.0,0.0,0.0,1.0,-1
"F[1,2](WeightKg <= 124.449 | LDL >= 73.925)
",-9999999.000,-9999999.000,0.000,0.000,1.000,0,0,0,4,4,0,0,4,0.0,0.0,0.0,0.0,0.0,1.0,-1
"F[0,2]((HbA1c <= 5.180 | HbA1cImputeDtMnC <= 58.987) | AlbCreatRat_mggNew >= 28.729)
",-9999999.000,-9999999.000,0.000,0.000,1.000,0,0,0,4,4,0,0,4,0.0,0.0,0.0,0.0,0.0,1.0,-1
"F[1,2]((Pt_SiblingT1D >= 0.000 -> Pt_A1cGoalLevelDsYr5 <= 0.000) & BldPrDia <= 0.000)
",-9999999.000,-9999999.000,0.000,0.000,1.000,0,0,0,4,4,0,0,4,0.0,0.0,0.0,0.0,0.0,1.0,-1
"F[0,1](((Pt_CGMUseNumDays >= 0.000 & Pt_GrandchildT1D >= 0.000) -> TotalDailyInsPerKg <= 0.000) | AutonomicNeuroCl >= 0.000)
",-9999999.000,-9999999.000,0.000,0.000,1.000,0,0,0,4,4,0,0,4,0.0,0.0,0.0,0.0,0.0,1.0,-1
"F[1,2](((bmi >= 11.889 | UnitsInsBasalOrLongAct >= 11.772) & Pt_A1cGoalLev <= 18.846) -> SMBGperDayPtMeterCombo <= 23.283)
",-9999999.000,-9999999.000,0.000,0.000,1.000,0,0,0,4,4,0,0,4,0.0,0.0,0.0,0.0,0.0,1.0,-1
"F[0,2](((age >= 48.314 & Pt_CGMUseNumDays >= 0.000) & Pt_InsGov <= 0.000) -> Pt_CGMUseNumDays <= 0.000)
",-9999999.000,-9999999.000,0.000,0.000,1.000,0,0,0,4,4,0,0,4,0.0,0.0,0.0,0.0,0.0,1.0,-1
"F[0,2](bmiZscore >= 0.112 & DirectLDL >= 0.155)
",-9999999.000,-9999999.000,0.000,0.000,1.000,0,0,0,4,4,0,0,4,0.0,0.0,0.0,0.0,0.0,1.0,-1
"F[0,2]((bmiZscore <= 0.983 & diagAgeCombo >= 15.000) | Pt_SHFlg >= 15.000)
",-9999999.000,-9999999.000,0.000,0.000,1.000,0,0,0,4,4,0,0,4,0.0,0.0,0.0,0.0,0.0,1.0,-1
"G[2,2]((Pt_GrandparentT1D >= 0.000 & Pt_CGMUseNumDays >= 0.000) -> Pt_DKAFlg <= 0.000)
",0.000,0.000,0.000,1.000,0.000,0,0,4,0,0,4,4,0,0.0,0.0,1.0,0.0,0.0,1.0,1
"F[1,2]((Pt_DKAFlg <= 0.000 -> Pt_GrandchildT1D >= 0.000) | bmiPerc >= 0.000)
",-9999999.000,-9999999.000,0.000,0.000,1.000,0,0,0,4,4,0,0,4,0.0,0.0,0.0,0.0,0.0,1.0,-1
"((BldPrDia >= 72.169) U[0,2] (SMBGperDayPtMeterCombo <= 8.751))
",-9999999.000,-9999999.000,0.000,0.000,1.000,0,0,0,4,4,0,0,4,0.0,0.0,0.0,0.0,0.0,1.0,-1
"F[0,1]((DirectLDL >= 0.248 -> BGTestAvgNumPtRep >= 0.126) -> BUN <= 5.098)
",-9999999.000,-9999999.000,0.000,0.000,1.000,0,0,0,4,4,0,0,4,0.0,0.0,0.0,0.0,0.0,1.0,-1
"((TotalDailyInsPerKg >= 0.081) U[2,2] (HbA1cImputeDtMnC >= 6.170))
",-0.081,-0.081,0.000,0.000,1.000,0,0,0,4,4,0,0,4,0.0,0.0,0.0,0.0,0.0,1.0,-1
"F[0,2](BGTestAvgNumMeter >= 0.731 -> NumPumpBolusOrShortAct <= 21.102)
",-9999999.000,-9999999.000,0.000,0.000,1.000,0,0,0,4,4,0,0,4,0.0,0.0,0.0,0.0,0.0,1.0,-1
"F[0,2](((Pt_SHFlg <= 0.246 -> AutonomicNeuroCl >= 0.000) & HbA1cImputeDtMnC >= 0.000) -> Pt_GrandparentT1D <= 0.000)
",-9999999.000,-9999999.000,0.000,0.000,1.000,0,0,0,4,4,0,0,4,0.0,0.0,0.0,0.0,0.0,1.0,-1
"F[0,1](BldPrSys <= 125.461 -> Pt_CGMUseNumDays >= 0.000)
",-9999999.000,-9999999.000,0.000,0.000,1.000,0,0,0,4,4,0,0,4,0.0,0.0,0.0,0.0,0.0,1.0,-1
"F[0,2](((DirectLDL <= 0.740 | UnitsInsBasalOrLongAct <= 23.090) & HbA1c <= 23.566) & BUN >= 12.662)
",-9999999.000,-9999999.000,0.000,0.000,1.000,0,0,0,4,4,0,0,4,0.0,0.0,0.0,0.0,0.0,1.0,-1
"((Pt_DKAFlg <= 0.000) U[0,2] (Pt_ChildT1D <= 0.000))
",-9999999.000,-9999999.000,0.000,0.000,1.000,0,0,0,4,4,0,0,4,0.0,0.0,0.0,0.0,0.0,1.0,-1
"F[0,1]((diabDur <= 37.404 | LDL <= 97.498) | Pt_A1cGoalLev <= 87.991)
",-9999999.000,-9999999.000,0.000,0.000,1.000,0,0,0,4,4,0,0,4,0.0,0.0,0.0,0.0,0.0,1.0,-1
"F[1,2](Pt_InsGov <= 0.000 | age >= 49.181)
",-9999999.000,-9999999.000,0.000,0.000,1.000,0,0,0,4,4,0,0,4,0.0,0.0,0.0,0.0,0.0,1.0,-1
"F[1,2](age <= 49.925 -> diabDur <= 36.233)
",-9999999.000,-9999999.000,0.000,0.000,1.000,0,0,0,4,4,0,0,4,0.0,0.0,0.0,0.0,0.0,1.0,-1
"F[0,1]((Pt_ChildT1D >= 0.000 & HDL <= 66.827) | BGTestAvgNumPtRep >= 25.373)
",-9999999.000,-9999999.000,0.000,0.000,1.000,0,0,0,4,4,0,0,4,0.0,0.0,0.0,0.0,0.0,1.0,-1
"G[1,2](SMBGperDayPtMeterCombo >= 1.152 & BGTestAvgNumPtRep >= 3.778)
",9999999.000,9999999.000,0.000,1.000,0.000,0,0,3,1,1,3,3,1,0.0,0.0,1.0,0.0,0.0,1.0,1
"G[2,2]((Pt_SHFlg >= 0.132 | NumPumpBolusOrShortAct >= 0.170) -> HbA1cImputeDtMnC >= 3.317)
",0.132,0.132,0.000,1.000,0.000,0,0,4,0,0,4,4,0,0.0,0.0,1.0,0.0,0.0,1.0,1
"G[1,2](((AlbCreatRat_mggNew >= 3.130 -> WeightKg <= 93.074) -> Pt_ChildT1D >= 30.411) -> Pt_MotherT1D >= 25.340)
",9999999.000,9999999.000,0.000,1.000,0.000,0,0,3,1,1,3,3,1,0.0,0.0,1.0,0.0,0.0,1.0,1
"G[0,2](GFR <= 0.000 -> BUN >= 0.000)
",9999999.000,9999999.000,0.000,1.000,0.000,0,0,4,0,0,4,4,0,0.0,0.0,1.0,0.0,0.0,1.0,1
"G[0,0](AlbCreatRat_mggNew <= 7.176 & Pt_SHFlg >= 0.113)
",0.674,2.317,0.000,1.000,0.000,0,0,0,4,4,0,0,4,0.0,0.0,0.0,0.0,0.0,1.0,1
"G[0,2](((BUN <= 0.000 | BUN >= 0.000) | Pt_InsGov <= 0.000) | age <= 0.000)
",9999999.000,9999999.000,0.000,1.000,0.000,0,0,4,0,0,4,4,0,0.0,0.0,1.0,0.0,0.0,1.0,1
"G[0,2](BGTestAvgNumPtRep <= 4.874 & Pt_GrandchildT1D <= 0.000)
",9999999.000,9999999.000,0.000,1.000,0.000,0,0,2,2,2,2,2,2,0.0,0.0,1.0,0.0,0.0,1.0,1
"G[0,2]((WeightKg >= 15.875 | bmi >= 13.177) -> UnitsInsBasalOrLongAct <= 24.994)
",9999999.000,9999999.000,0.000,1.000,0.000,0,0,3,1,1,3,3,1,0.0,0.0,1.0,0.0,0.0,1.0,1
"G[2,2](BldPrDia >= 71.774 -> Pt_ChildT1D >= 0.000)
",0.000,0.000,0.000,1.000,0.000,0,0,4,0,0,4,4,0,0.0,0.0,1.0,0.0,0.0,1.0,1
"G[1,2](GFR <= 0.000 -> BUN >= 0.000)
",9999999.000,9999999.000,0.000,1.000,0.000,0,0,4,0,0,4,4,0,0.0,0.0,1.0,0.0,0.0,1.0,1
"G[1,2]((Pt_A1cGoalLev <= 0.893 | TSH >= 0.000) & BGTestAvgNumMeter <= 0.000)
",9999999.000,9999999.000,0.000,1.000,0.000,0,0,2,2,2,2,2,2,0.0,0.0,1.0,0.0,0.0,1.0,1
"G[1,2](((Pt_FatherT1D >= 0.000 -> Pt_A1cGoalLev <= 5.317) & BGTestAvgNumPtRep >= 0.613) | WeightKg >= 0.502)
",9999999.000,9999999.000,0.000,1.000,0.000,0,0,2,2,2,2,2,2,0.0,0.0,1.0,0.0,0.0,1.0,1
"G[2,2]((WeightKg >= 51.770 | bmi >= 2.486) -> UnitsInsBasalOrLongAct <= 19.304)
",-19.304,-19.304,0.000,1.000,0.000,0,0,4,0,0,4,4,0,0.0,0.0,1.0,0.0,0.0,1.0,1
"G[0,2](AlbCreatRat_mggNew >= 6.138 -> TotChol <= 87.168)
",9999999.000,9999999.000,0.000,1.000,0.000,0,0,4,0,0,4,4,0,0.0,0.0,1.0,0.0,0.0,1.0,1
"G[0,2]((WeightKg >= 26.539 | bmi >= 14.636) -> UnitsInsBasalOrLongAct <= 17.333)
",9999999.000,9999999.000,0.000,1.000,0.000,0,0,2,2,2,2,2,2,0.0,0.0,1.0,0.0,0.0,1.0,1
"G[1,2](bmiPerc <= 0.000 -> TotChol >= 8.596)
",9999999.000,9999999.000,0.000,1.000,0.000,0,0,1,3,3,1,1,3,0.0,0.0,1.0,0.0,0.0,1.0,1
"G[0,2]((HbA1cImputeDtMnC <= 54.848 & Pt_GrandchildT1D >= 0.000) -> diagAgeCombo >= 0.000)
",9999999.000,9999999.000,0.000,1.000,0.000,0,0,4,0,0,4,4,0,0.0,0.0,1.0,0.0,0.0,1.0,1
"G[1,2](((Pt_GrandparentT1D <= 0.000 | BGTestAvgNumPtRep <= 4.675) -> Pt_InsGov >= 0.713) -> bmi >= 1.085)
",9999999.000,9999999.000,0.000,1.000,0.000,0,0,4,0,0,4,4,0,0.0,0.0,1.0,0.0,0.0,1.0,1
"G[1,2](SMBGperDayPtMeterCombo >= 1.053 & BGTestAvgNumPtRep >= 2.917)
",9999999.000,9999999.000,0.000,1.000,0.000,0,0,3,1,1,3,3,1,0.0,0.0,1.0,0.0,0.0,1.0,1
"G[0,2](Pt_GrandparentT1D >= 0.000 & Pt_CGMUseNumDays <= 0.000)
",9999999.000,9999999.000,0.000,1.000,0.000,0,0,4,0,0,4,4,0,0.0,0.0,1.0,0.0,0.0,1.0,1
"G[0,1]((AutonomicNeuroCl <= 0.000 | WeightKg >= 11.929) & Pt_CGMUseNumDays >= 43.599)
",9999999.000,9999999.000,0.000,1.000,0.000,0,0,0,4,4,0,0,4,0.0,0.0,0.0,0.0,0.0,1.0,1
"G[0,2]((TSH >= 0.000 | BGTestAvgNumMeter >= 1.855) & Pt_FatherT1D >= 2.069)
",9999999.000,9999999.000,0.000,1.000,0.000,0,0,0,4,4,0,0,4,0.0,0.0,0.0,0.0,0.0,1.0,1
"G[1,2](Pt_SiblingT1D >= 0.000 & HDL >= 0.666)
",9999999.000,9999999.000,0.000,1.000,0.000,0,0,2,2,2,2,2,2,0.0,0.0,1.0,0.0,0.0,1.0,1
"G[0,2]((HDL >= 4.156 | Pt_FatherT1D <= 0.000) -> Pt_A1cGoalLevelDsYr5 >= 0.000)
",9999999.000,9999999.000,0.000,1.000,0.000,0,0,4,0,0,4,4,0,0.0,0.0,1.0,0.0,0.0,1.0,1
"G[0,1]((TSH <= 0.000 | WeightKg <= 77.304) & Pt_GrandchildT1D >= 16.392)
",9999999.000,9999999.000,0.000,1.000,0.000,0,0,0,4,4,0,0,4,0.0,0.0,0.0,0.0,0.0,1.0,1
"G[2,2](NumPumpBolusOrShortAct <= 18.702 & Pt_SHFlg >= 0.046)
",-0.046,-0.046,0.000,1.000,0.000,0,0,4,0,0,4,4,0,0.0,0.0,1.0,0.0,0.0,1.0,1
"G[0,2](SMBGperDayPtMeterCombo >= 1.442 & BGTestAvgNumPtRep >= 2.013)
",9999999.000,9999999.000,0.000,1.000,0.000,0,0,2,2,2,2,2,2,0.0,0.0,1.0,0.0,0.0,1.0,1
"G[0,2]((WeightKg >= 5.946 | bmi >= 3.755) -> UnitsInsBasalOrLongAct <= 19.510)
",9999999.000,9999999.000,0.000,1.000,0.000,0,0,2,2,2,2,2,2,0.0,0.0,1.0,0.0,0.0,1.0,1
"G[1,2]((TotChol >= 13.071 -> Triglyc <= 65.006) & age >= 2.032)
",9999999.000,9999999.000,0.000,1.000,0.000,0,0,4,0,0,4,4,0,0.0,0.0,1.0,0.0,0.0,1.0,1
"G[0,0]((BUN >= 0.000 -> bmiZscore >= 0.150) & diagAgeCombo <= 1.107)
",-1.396,-46.333,0.000,1.000,0.000,0,0,0,4,4,0,0,4,0.0,0.0,0.0,0.0,0.0,1.0,1
"G[2,2]((age >= 46.596 -> DirectLDL <= 0.713) | HeightCm <= 0.809)
",0.809,0.809,0.000,1.000,0.000,0,0,4,0,0,4,4,0,0.0,0.0,1.0,0.0,0.0,1.0,1
"G[0,2]((age >= 48.411 | HDL <= 43.107) -> HbA1c <= 47.719)
",9999999.000,9999999.000,0.000,1.000,0.000,0,0,4,0,0,4,4,0,0.0,0.0,1.0,0.0,0.0,1.0,1
"G[0,2]((BldPrSys <= 129.594 -> Pt_MotherT1D <= 0.000) -> SMBGperDayPtMeterCombo >= 0.000)
",9999999.000,9999999.000,0.000,1.000,0.000,0,0,4,0,0,4,4,0,0.0,0.0,1.0,0.0,0.0,1.0,1
"G[2,2](((SMBGperDayPtMeterCombo <= 7.232 | Pt_SHFlg >= 0.131) -> Pt_GrandchildT1D >= 0.051) & diagAgeCombo <= 0.492)
",-7.232,-7.232,0.000,1.000,0.000,0,0,4,0,0,4,4,0,0.0,0.0,1.0,0.0,0.0,1.0,1
"G[0,2](Pt_A1cGoalLev >= 0.389 | UnitsInsBasalOrLongAct >= 6.794)
",9999999.000,9999999.000,0.000,1.000,0.000,0,0,3,1,1,3,3,1,0.0,0.0,1.0,0.0,0.0,1.0,1
"G[1,2](((AutonomicNeuroCl <= 0.000 | TotChol >= 22.782) | LDL <= 147.459) -> AutonomicNeuroCl <= 63.675)
",9999999.000,9999999.000,0.000,1.000,0.000,0,0,4,0,0,4,4,0,0.0,0.0,1.0,0.0,0.0,1.0,1
"G[1,2]((BUN <= 0.000 | Pt_MotherT1D <= 0.000) & BUN >= 0.000)
",9999999.000,9999999.000,0.000,1.000,0.000,0,0,4,0,0,4,4,0,0.0,0.0,1.0,0.0,0.0,1.0,1
"G[0,2]((bmiZscore <= 1.205 | HDL >= 31.925) | diagAgeCombo >= 11.398)
",9999999.000,9999999.000,0.000,1.000,0.000,0,0,4,0,0,4,4,0,0.0,0.0,1.0,0.0,0.0,1.0,1
"G[1,2]((Pt_GrandparentT1D >= 0.000 | BGTestAvgNumMeter >= 3.450) | TotChol >= 3.392)
",9999999.000,9999999.000,0.000,1.000,0.000,0,0,4,0,0,4,4,0,0.0,0.0,1.0,0.0,0.0,1.0,1
"G[2,2](((diagAgeCombo >= 15.000 & Pt_MotherT1D <= 0.000) & TotChol >= 0.000) & Triglyc >= 0.000)
",-15.000,-15.000,0.000,1.000,0.000,0,0,4,0,0,4,4,0,0.0,0.0,1.0,0.0,0.0,1.0,1
"G[1,2]((BldPrSys >= 120.946 & SMBGperDayPtMeterCombo <= 8.881) & diagAgeCombo >= 4.412)
",9999999.000,9999999.000,0.000,1.000,0.000,0,0,3,1,1,3,3,1,0.0,0.0,1.0,0.0,0.0,1.0,1
"G[2,2](((bmiZscore >= 0.300 | Pt_SHFlg <= 0.906) | DirectLDL >= 0.102) -> bmiZscore >= 0.107)
",-8160272427495339.000,-0.906,0.000,1.000,0.000,0,0,4,0,0,4,4,0,0.0,0.0,1.0,0.0,0.0,1.0,1
"G[0,2]((WeightKg >= 15.482 | bmi >= 8.233) -> UnitsInsBasalOrLongAct <= 21.133)
",9999999.000,9999999.000,0.000,1.000,0.000,0,0,2,2,2,2,2,2,0.0,0.0,1.0,0.0,0.0,1.0,1
"G[1,2]((TotChol <= 120.510 | HbA1cImputeDtMnC >= 1.214) | HbA1cImputeDtMnC >= 15.262)
",9999999.000,9999999.000,0.000,1.000,0.000,0,0,4,0,0,4,4,0,0.0,0.0,1.0,0.0,0.0,1.0,1
"G[1,2](SMBGperDayPtMeterCombo >= 0.166 & BGTestAvgNumPtRep >= 0.334)
",9999999.000,9999999.000,0.000,1.000,0.000,0,0,3,1,1,3,3,1,0.0,0.0,1.0,0.0,0.0,1.0,1
"G[1,2]((WeightKg >= 25.619 | bmi >= 13.059) -> UnitsInsBasalOrLongAct <= 20.424)
",9999999.000,9999999.000,0.000,1.000,0.000,0,0,3,1,1,3,3,1,0.0,0.0,1.0,0.0,0.0,1.0,1
"G[1,2]((TSH >= 0.000 -> bmiZscore <= 0.934) & HbA1c <= 0.964)
",9999999.000,9999999.000,0.000,1.000,0.000,0,0,1,3,3,1,1,3,0.0,0.0,1.0,0.0,0.0,1.0,1
"G[2,2]((HbA1cImputeDtMnC <= 57.335 -> BGTestAvgNumMeter <= 7.807) | Pt_CGMUseNumDays <= 6.047)
",6.047,6.047,0.000,1.000,0.000,0,0,4,0,0,4,4,0,0.0,0.0,1.0,0.0,0.0,1.0,1
"G[0,2]((NumPumpBolusOrShortAct >= 1.629 | TotalDailyInsPerKg >= 0.146) | Pt_CGMUseNumDays >= 0.081)
",9999999.000,9999999.000,0.000,1.000,0.000,0,0,2,2,2,2,2,2,0.0,0.0,1.0,0.0,0.0,1.0,1
"G[0,1](TotChol >= 21.506 & HeightCm >= 26.037)
",9999999.000,9999999.000,0.000,1.000,0.000,0,0,0,4,4,0,0,4,0.0,0.0,0.0,0.0,0.0,1.0,1
"G[1,1]((HbA1cImputeDtMnC >= 19.672 & HDL <= 89.422) & age <= 47.416)
",-19.672,-19.672,0.000,1.000,0.000,0,0,1,3,3,1,1,3,0.0,0.0,1.0,0.0,0.0,1.0,1
"G[2,2](((Pt_SiblingT1D <= 0.000 & DirectLDL >= 0.218) -> WeightKg <= 0.716) | AutonomicNeuroCl >= 0.106)
",-0.106,-0.106,0.000,1.000,0.000,0,0,4,0,0,4,4,0,0.0,0.0,1.0,0.0,0.0,1.0,1
"F[0,0](((TSH <= 0.000 | Pt_A1cGoalLevelDsYr5 <= 0.000) -> HbA1cImputeDtMnC <= 0.000) -> Pt_A1cGoalLev >= 0.000)
",-15.000,-15.000,0.000,0.000,1.000,0,0,0,4,4,0,0,4,0.0,0.0,0.0,0.0,0.0,1.0,-1
