Rule,Discrimination Score,Pos Robustness,Neg Robustness,Percent Class +,Percent Class -,TP,TN,FP,FN,Actual Yes,Actual No,Predicted Yes,Predicted No,TPR/Sens,TNR/Spec,FPR,Precision,Accuracy,MCR
"G[0,1](((bmiPerc <= 0.258 -> HDL >= 0.415) | HDL >= 4.775) | HeightCm >= 1.489)
",9999999.000,9999999.000,0.000,1.000,0.000,4,0,0,0,4,0,4,0,1.0,0.0,0.0,1.0,1.0,0.0
"G[0,1]((TotChol <= 146.058 & Triglyc >= 7.939) -> Pt_A1cGoalLev >= 11.578)
",9999999.000,9999999.000,0.000,1.000,0.000,4,0,0,0,4,0,4,0,1.0,0.0,0.0,1.0,1.0,0.0
"G[0,0]((Pt_DKAFlg >= 0.000 | age >= 7.071) | BGTestAvgNumMeter >= 9.518)
",1.471,7.112,0.000,1.000,0.000,4,0,0,0,4,0,4,0,1.0,0.0,0.0,1.0,1.0,0.0
"G[0,0](Pt_CGMUseNumDays >= 0.008 | SMBGperDayPtMeterCombo >= 1.054)
",9192.992,9192.992,0.000,1.000,0.000,4,0,0,0,4,0,4,0,1.0,0.0,0.0,1.0,1.0,0.0
"G[0,0](((Pt_SiblingT1D >= 0.000 | Pt_InsGov >= 0.000) -> TotalDailyInsPerKg <= 0.000) | Pt_FatherT1D <= 0.000)
",0.000,0.000,0.000,1.000,0.000,4,0,0,0,4,0,4,0,1.0,0.0,0.0,1.0,1.0,0.0
"G[0,0]((TSH <= 1.717 -> HDL <= 11.884) -> Pt_CGMUseNumDays <= 25.847)
",11.884,11.884,0.000,1.000,0.000,4,0,0,0,4,0,4,0,1.0,0.0,0.0,1.0,1.0,0.0
"G[1,1](TotalDailyInsPerKg >= 0.503 & Pt_SHFlg = 0.000)
",-0.503,-0.503,0.000,1.000,0.000,4,0,0,0,4,0,4,0,1.0,0.0,0.0,1.0,1.0,0.0
"G[0,1]((Pt_GrandchildT1D <= 0.000 -> Triglyc >= 1.135) | HDL <= 99.344)
",9999999.000,9999999.000,0.000,1.000,0.000,4,0,0,0,4,0,4,0,1.0,0.0,0.0,1.0,1.0,0.0
"G[0,1](Pt_GrandparentT1D >= 0.000 -> Pt_SHFlg = 0.000)
",9999999.000,9999999.000,0.000,1.000,0.000,4,0,0,0,4,0,4,0,1.0,0.0,0.0,1.0,1.0,0.0
"G[0,1](((Pt_InsGov <= 0.000 & Pt_CGMUseNumDays >= 0.229) | Pt_FatherT1D <= 1.471) & Pt_A1cGoalLev <= 2.524)
",9999999.000,9999999.000,0.000,1.000,0.000,4,0,0,0,4,0,4,0,1.0,0.0,0.0,1.0,1.0,0.0
"G[0,1](Pt_GrandchildT1D <= 0.000 & Pt_ChildT1D <= 0.000)
",9999999.000,9999999.000,0.000,1.000,0.000,4,0,0,0,4,0,4,0,1.0,0.0,0.0,1.0,1.0,0.0
"G[1,1]((Triglyc >= 9.259 -> Triglyc >= 8.855) -> HeightCm >= 8.172)
",-8.855,-8.855,0.000,1.000,0.000,4,0,0,0,4,0,4,0,1.0,0.0,0.0,1.0,1.0,0.0
"G[0,1](GFR <= 0.000 | BldPrDia <= 50.446)
",9999999.000,9999999.000,0.000,1.000,0.000,4,0,0,0,4,0,4,0,1.0,0.0,0.0,1.0,1.0,0.0
"G[0,1](Pt_A1cGoalLev <= 0.000 -> Pt_A1cGoalLevelDsYr5 >= 0.000)
",9999999.000,9999999.000,0.000,1.000,0.000,4,0,0,0,4,0,4,0,1.0,0.0,0.0,1.0,1.0,0.0
"G[0,0](Pt_A1cGoalLev >= 0.000 & Pt_SHFlg = 0.000)
",-2.775,-47.892,0.000,1.000,0.000,4,0,0,0,4,0,4,0,1.0,0.0,0.0,1.0,1.0,0.0
"G[1,1]((Pt_MotherT1D >= 0.000 -> Pt_SiblingT1D <= 0.000) & AutonomicNeuroCl >= 0.000)
",0.000,0.000,0.000,1.000,0.000,4,0,0,0,4,0,4,0,1.0,0.0,0.0,1.0,1.0,0.0
"G[0,1](Pt_A1cGoalLev >= 0.000 | TotalDailyInsPerKg <= 0.755)
",9999999.000,9999999.000,0.000,1.000,0.000,4,0,0,0,4,0,4,0,1.0,0.0,0.0,1.0,1.0,0.0
"G[0,1]((age >= 8.796 -> HbA1cImputeDtMnC >= 9.830) -> diagAgeCombo <= 71.841)
",9999999.000,9999999.000,0.000,1.000,0.000,4,0,0,0,4,0,4,0,1.0,0.0,0.0,1.0,1.0,0.0
"G[1,1]((HeightCm >= 138.477 -> WeightKg <= 42.618) | HDL >= 29.700)
",-29.700,-29.700,0.000,1.000,0.000,4,0,0,0,4,0,4,0,1.0,0.0,0.0,1.0,1.0,0.0
"G[0,0](((BGTestAvgNumMeter <= 5.344 | HDL >= 5.162) | Pt_FatherT1D <= 37.236) | diabDur <= 43.847)
",37.236,37.236,0.000,1.000,0.000,4,0,0,0,4,0,4,0,1.0,0.0,0.0,1.0,1.0,0.0
"G[0,0]((bmi >= 15.119 & HeightCm <= 154.926) -> Pt_GrandchildT1D <= 159.797)
",-159.797,-159.797,0.000,1.000,0.000,4,0,0,0,4,0,4,0,1.0,0.0,0.0,1.0,1.0,0.0
"G[0,1](((bmi >= 15.166 -> TotalDailyInsPerKg >= 0.225) | bmiPerc <= 0.772) & GFR <= 0.790)
",9999999.000,9999999.000,0.000,1.000,0.000,4,0,0,0,4,0,4,0,1.0,0.0,0.0,1.0,1.0,0.0
"G[0,0]((BUN >= 0.000 & Pt_A1cGoalLevelDsYr5 >= 0.000) & Pt_SiblingT1D >= 0.000)
",0.000,0.000,0.000,1.000,0.000,4,0,0,0,4,0,4,0,1.0,0.0,0.0,1.0,1.0,0.0
"G[0,0](((BldPrDia <= 57.691 -> HDL <= 45.434) -> BUN <= 15.570) | TotalDailyInsPerKg <= 33.743)
",18.179,28.743,0.000,1.000,0.000,4,0,0,0,4,0,4,0,1.0,0.0,0.0,1.0,1.0,0.0
"G[1,1]((bmiZscore <= -0.957 & Pt_A1cGoalLevelDsYr5 >= 0.000) -> BUN <= 0.000)
",0.000,0.000,0.000,1.000,0.000,4,0,0,0,4,0,4,0,1.0,0.0,0.0,1.0,1.0,0.0
"G[0,1](((HeightCm <= 160.399 -> TSH >= 0.330) | diagAgeCombo <= 1.220) | Pt_FatherT1D <= 1.135)
",9999999.000,9999999.000,0.000,1.000,0.000,4,0,0,0,4,0,4,0,1.0,0.0,0.0,1.0,1.0,0.0
"G[0,0]((Pt_ChildT1D <= 0.000 & Pt_SHFlg >= 0.000) | HbA1cImputeDtMnC >= 0.000)
",0.905,2.250,0.000,1.000,0.000,4,0,0,0,4,0,4,0,1.0,0.0,0.0,1.0,1.0,0.0
"G[0,0]((HbA1c >= 7.517 -> WeightKg <= 42.764) | DirectLDL <= 40.381)
",-19.046,-39.264,0.000,1.000,0.000,4,0,0,0,4,0,4,0,1.0,0.0,0.0,1.0,1.0,0.0
"G[0,0](age <= 13.768 | HbA1c >= 7.830)
",13.768,13.768,0.000,1.000,0.000,4,0,0,0,4,0,4,0,1.0,0.0,0.0,1.0,1.0,0.0
"G[0,0](((Pt_InsGov >= 0.000 -> Pt_MotherT1D <= 0.000) & TSH >= 0.000) & diabDur >= 0.000)
",0.000,0.000,0.000,1.000,0.000,4,0,0,0,4,0,4,0,1.0,0.0,0.0,1.0,1.0,0.0
"G[0,1]((TotalDailyInsPerKg <= 0.741 & diabDur <= 7.593) | Pt_A1cGoalLevelDsYr5 <= 7.321)
",9999999.000,9999999.000,0.000,1.000,0.000,4,0,0,0,4,0,4,0,1.0,0.0,0.0,1.0,1.0,0.0
"G[1,1](((HbA1c <= 8.643 & Pt_ChildT1D >= 0.000) | HDL >= 0.000) & WeightKg >= 0.000)
",0.000,0.000,0.000,1.000,0.000,4,0,0,0,4,0,4,0,1.0,0.0,0.0,1.0,1.0,0.0
"G[0,1]((NumPumpBolusOrShortAct >= 0.275 -> TSH <= 1.990) | AutonomicNeuroCl <= 1.725)
",9999999.000,9999999.000,0.000,1.000,0.000,4,0,0,0,4,0,4,0,1.0,0.0,0.0,1.0,1.0,0.0
"G[0,1](((diabDur >= 4.333 -> Pt_MotherT1D >= 0.000) -> Pt_A1cGoalLevelDsYr5 >= 0.000) | SMBGperDayPtMeterCombo <= 0.000)
",9999999.000,9999999.000,0.000,1.000,0.000,4,0,0,0,4,0,4,0,1.0,0.0,0.0,1.0,1.0,0.0
"G[0,0]((BGTestAvgNumPtRep >= 0.501 | TSH >= 0.145) -> Pt_ChildT1D <= 1.201)
",-2.532,-3.763,0.000,1.000,0.000,4,0,0,0,4,0,4,0,1.0,0.0,0.0,1.0,1.0,0.0
"G[0,0](AutonomicNeuroCl >= 0.000 -> Pt_SHFlg = 0.000)
",-55.000,-8.250,0.000,1.000,0.000,4,0,0,0,4,0,4,0,1.0,0.0,0.0,1.0,1.0,0.0
"G[0,1](((age >= 10.465 -> Pt_GrandchildT1D <= 0.000) -> TSH <= 0.000) | Triglyc >= 0.000)
",9999999.000,9999999.000,0.000,1.000,0.000,4,0,0,0,4,0,4,0,1.0,0.0,0.0,1.0,1.0,0.0
"G[0,0](((HbA1c <= 8.773 | Pt_DKAFlg >= 0.000) | UnitsInsBasalOrLongAct <= 0.000) & Pt_A1cGoalLevelDsYr5 >= 0.000)
",0.000,0.000,0.000,1.000,0.000,4,0,0,0,4,0,4,0,1.0,0.0,0.0,1.0,1.0,0.0
"G[0,1](Pt_InsGov >= 0.000 & Pt_ChildT1D >= 0.000)
",9999999.000,9999999.000,0.000,1.000,0.000,4,0,0,0,4,0,4,0,1.0,0.0,0.0,1.0,1.0,0.0
"G[0,1](((BldPrSys >= 25.938 | AutonomicNeuroCl >= 0.000) | bmi >= 0.000) | LDL <= 0.000)
",9999999.000,9999999.000,0.000,1.000,0.000,4,0,0,0,4,0,4,0,1.0,0.0,0.0,1.0,1.0,0.0
"G[0,0](GFR <= 0.000 -> BUN >= 0.000)
",-5.481,-1.120,0.000,1.000,0.000,4,0,0,0,4,0,4,0,1.0,0.0,0.0,1.0,1.0,0.0
"G[0,1]((TotChol >= 19.432 -> AlbCreatRat_mggNew <= 34.045) | Pt_GrandparentT1D <= 42.047)
",9999999.000,9999999.000,0.000,1.000,0.000,4,0,0,0,4,0,4,0,1.0,0.0,0.0,1.0,1.0,0.0
"G[0,1](GFR <= 0.000 -> BUN >= 0.000)
",9999999.000,9999999.000,0.000,1.000,0.000,4,0,0,0,4,0,4,0,1.0,0.0,0.0,1.0,1.0,0.0
"G[1,1](UnitsInsBasalOrLongAct >= 10.344 | Pt_A1cGoalLev <= 0.000)
",0.000,0.000,0.000,1.000,0.000,4,0,0,0,4,0,4,0,1.0,0.0,0.0,1.0,1.0,0.0
"G[0,0](((Pt_A1cGoalLev <= 0.000 -> Pt_InsGov <= 0.000) & BldPrDia >= 0.000) | HeightCm <= 0.000)
",0.000,0.000,0.000,1.000,0.000,4,0,0,0,4,0,4,0,1.0,0.0,0.0,1.0,1.0,0.0
"G[0,1](age >= 9.819 -> age >= 10.004)
",9999999.000,9999999.000,0.000,1.000,0.000,4,0,0,0,4,0,4,0,1.0,0.0,0.0,1.0,1.0,0.0
"G[1,1]((TotChol >= 17.015 -> GFR >= 0.000) | DirectLDL <= 0.000)
",0.000,0.000,0.000,1.000,0.000,4,0,0,0,4,0,4,0,1.0,0.0,0.0,1.0,1.0,0.0
"G[0,1](((Pt_SiblingT1D >= 0.000 | Pt_A1cGoalLev <= 0.000) | BUN >= 0.000) & GFR >= 0.000)
",9999999.000,9999999.000,0.000,1.000,0.000,4,0,0,0,4,0,4,0,1.0,0.0,0.0,1.0,1.0,0.0
"G[0,1](((Pt_SHFlg >= 0.000 | DirectLDL >= 0.000) | BldPrSys >= 0.000) | bmiZscore >= 0.000)
",9999999.000,9999999.000,0.000,1.000,0.000,4,0,0,0,4,0,4,0,1.0,0.0,0.0,1.0,1.0,0.0
"G[0,1](((TotalDailyInsPerKg >= 0.669 & Pt_SHFlg >= 0.000) | Pt_DKAFlg <= 0.000) -> TotChol >= 0.000)
",9999999.000,9999999.000,0.000,1.000,0.000,4,0,0,0,4,0,4,0,1.0,0.0,0.0,1.0,1.0,0.0
"G[1,1](((bmiZscore >= -1.142 | TSH <= 2.778) | Pt_SHFlg <= 2.080) & diagAgeCombo >= 0.578)
",-0.578,-0.578,0.000,1.000,0.000,4,0,0,0,4,0,4,0,1.0,0.0,0.0,1.0,1.0,0.0
"G[0,0](((BGTestAvgNumPtRep >= 0.405 & NumPumpBolusOrShortAct >= 1.815) | HbA1c <= 3.261) -> diagAgeCombo >= 1.570)
",-1.850,-2.181,0.000,1.000,0.000,4,0,0,0,4,0,4,0,1.0,0.0,0.0,1.0,1.0,0.0
"G[0,1](GFR <= 0.000 -> BUN >= 0.000)
",9999999.000,9999999.000,0.000,1.000,0.000,4,0,0,0,4,0,4,0,1.0,0.0,0.0,1.0,1.0,0.0
"G[0,1](((WeightKg >= 34.330 | Pt_CGMUseNumDays <= 3.393) & Pt_MotherT1D >= 0.074) -> Pt_ChildT1D >= 0.203)
",9999999.000,9999999.000,0.000,1.000,0.000,4,0,0,0,4,0,4,0,1.0,0.0,0.0,1.0,1.0,0.0
"G[0,0]((bmiPerc <= 0.243 & TotalDailyInsPerKg >= 0.121) -> AutonomicNeuroCl <= 0.869)
",49.207,7.381,0.000,1.000,0.000,4,0,0,0,4,0,4,0,1.0,0.0,0.0,1.0,1.0,0.0
"G[0,1](((TotalDailyInsPerKg >= 0.693 -> WeightKg >= 31.473) -> Pt_A1cGoalLev <= 43.160) | UnitsInsBasalOrLongAct >= 25.840)
",9999999.000,9999999.000,0.000,1.000,0.000,4,0,0,0,4,0,4,0,1.0,0.0,0.0,1.0,1.0,0.0
"G[0,1](((TotChol <= 59.228 & LDL >= 4.638) | Pt_A1cGoalLevelDsYr5 <= 22.922) | diagAgeCombo >= 9.951)
",9999999.000,9999999.000,0.000,1.000,0.000,4,0,0,0,4,0,4,0,1.0,0.0,0.0,1.0,1.0,0.0
"G[0,1]((LDL <= 85.984 & bmi >= 14.770) -> Pt_FatherT1D <= 16.524)
",9999999.000,9999999.000,0.000,1.000,0.000,4,0,0,0,4,0,4,0,1.0,0.0,0.0,1.0,1.0,0.0
"G[0,1](((DirectLDL >= 0.000 -> TotChol <= 158.720) -> Pt_CGMUseNumDays <= 71.605) | Pt_SiblingT1D <= 74.582)
",9999999.000,9999999.000,0.000,1.000,0.000,4,0,0,0,4,0,4,0,1.0,0.0,0.0,1.0,1.0,0.0
"G[0,1](AlbCreatRat_mggNew >= 3.425 -> BGTestAvgNumMeter >= 1.956)
",9999999.000,9999999.000,0.000,1.000,0.000,3,0,0,1,4,0,3,1,0.75,0.0,0.0,1.0,0.75,0.25
"G[0,0]((WeightKg >= 29.281 | bmi >= 14.660) -> UnitsInsBasalOrLongAct <= 19.782)
",-5.381,-16.682,0.000,1.000,0.000,3,0,0,1,4,0,3,1,0.75,0.0,0.0,1.0,0.75,0.25
"G[0,0](TotalDailyInsPerKg >= 0.023 & Pt_FatherT1D >= 0.000)
",0.000,0.000,0.000,1.000,0.000,3,0,0,1,4,0,3,1,0.75,0.0,0.0,1.0,0.75,0.25
"G[1,1](NumPumpBolusOrShortAct >= 1.007 -> BldPrSys >= 70.486)
",1.007,1.007,0.000,1.000,0.000,3,0,0,1,4,0,3,1,0.75,0.0,0.0,1.0,0.75,0.25
"G[0,1]((WeightKg >= 34.108 | bmi >= 15.337) -> UnitsInsBasalOrLongAct <= 21.193)
",9999999.000,9999999.000,0.000,1.000,0.000,3,0,0,1,4,0,3,1,0.75,0.0,0.0,1.0,0.75,0.25
"G[0,1](((Pt_GrandchildT1D <= 0.000 & HbA1c >= 7.787) & Pt_GrandparentT1D <= 8.604) & NumPumpBolusOrShortAct <= 8.389)
",9999999.000,9999999.000,0.000,1.000,0.000,3,0,0,1,4,0,3,1,0.75,0.0,0.0,1.0,0.75,0.25
"G[0,0](((BGTestAvgNumPtRep >= 0.381 | HDL >= 1.914) & HbA1c <= 54.066) & Pt_GrandchildT1D <= 17.515)
",1.513,3.119,0.000,1.000,0.000,2,0,0,2,4,0,2,2,0.5,0.0,0.0,1.0,0.5,0.5
"G[0,1]((Pt_MotherT1D >= 0.000 -> UnitsInsBasalOrLongAct <= 15.143) -> DirectLDL >= 5.068)
",9999999.000,9999999.000,0.000,1.000,0.000,2,0,0,2,4,0,2,2,0.5,0.0,0.0,1.0,0.5,0.5
"G[0,1]((bmiZscore <= -1.083 | diabDur <= 7.258) -> SMBGperDayPtMeterCombo >= 4.332)
",9999999.000,9999999.000,0.000,1.000,0.000,2,0,0,2,4,0,2,2,0.5,0.0,0.0,1.0,0.5,0.5
"G[1,1](BldPrSys >= 44.752 & TotChol <= 141.934)
",-44.752,-44.752,0.000,1.000,0.000,2,0,0,2,4,0,2,2,0.5,0.0,0.0,1.0,0.5,0.5
"G[0,1](((AlbCreatRat_mggNew <= 14.710 & HeightCm <= 149.711) | DirectLDL >= 145.450) -> Pt_DKAFlg >= 147.448)
",9999999.000,9999999.000,0.000,1.000,0.000,2,0,0,2,4,0,2,2,0.5,0.0,0.0,1.0,0.5,0.5
"G[0,1]((BGTestAvgNumMeter <= 6.918 & HeightCm <= 163.315) | bmiZscore >= 147.561)
",9999999.000,9999999.000,0.000,1.000,0.000,2,0,0,2,4,0,2,2,0.5,0.0,0.0,1.0,0.5,0.5
"G[0,1]((HeightCm <= 154.829 -> TotalDailyInsPerKg >= 0.008) & Pt_CGMUseNumDays <= 0.843)
",9999999.000,9999999.000,0.000,1.000,0.000,2,0,0,2,4,0,2,2,0.5,0.0,0.0,1.0,0.5,0.5
"G[0,0]((Pt_FatherT1D <= 0.000 & WeightKg >= 32.420) & Pt_A1cGoalLev <= 35.006)
",-14.028,-28.920,0.000,1.000,0.000,2,0,0,2,4,0,2,2,0.5,0.0,0.0,1.0,0.5,0.5
"G[0,1](BldPrDia >= 43.610 & HbA1cImputeDtMnC <= 66.586)
",9999999.000,9999999.000,0.000,1.000,0.000,2,0,0,2,4,0,2,2,0.5,0.0,0.0,1.0,0.5,0.5
"G[0,0](((age >= 10.051 & TotChol <= 77.581) -> NumPumpBolusOrShortAct >= 18.687) & bmi >= 5.869)
",-5.869,-5.869,0.000,1.000,0.000,2,0,0,2,4,0,2,2,0.5,0.0,0.0,1.0,0.5,0.5
"G[0,1](BGTestAvgNumPtRep <= 4.441 & Pt_CGMUseNumDays <= 2.933)
",9999999.000,9999999.000,0.000,1.000,0.000,2,0,0,2,4,0,2,2,0.5,0.0,0.0,1.0,0.5,0.5
"G[0,0]((WeightKg >= 33.077 | bmi >= 14.487) -> UnitsInsBasalOrLongAct <= 17.387)
",-4.609,-14.287,0.000,1.000,0.000,2,0,0,2,4,0,2,2,0.5,0.0,0.0,1.0,0.5,0.5
"G[0,1]((BUN <= 0.000 -> diabDur <= 7.993) & diabDur <= 4.758)
",9999999.000,9999999.000,0.000,1.000,0.000,2,0,0,2,4,0,2,2,0.5,0.0,0.0,1.0,0.5,0.5
"G[0,0](SMBGperDayPtMeterCombo >= 2.250 & BGTestAvgNumPtRep >= 0.294)
",-0.008,-0.022,0.000,1.000,0.000,2,0,0,2,4,0,2,2,0.5,0.0,0.0,1.0,0.5,0.5
"G[1,1](Pt_ChildT1D <= 0.000 -> age <= 11.330)
",-11.330,-11.330,0.000,1.000,0.000,2,0,0,2,4,0,2,2,0.5,0.0,0.0,1.0,0.5,0.5
"G[0,1]((WeightKg >= 29.584 | bmi >= 15.394) -> UnitsInsBasalOrLongAct <= 18.276)
",9999999.000,9999999.000,0.000,1.000,0.000,2,0,0,2,4,0,2,2,0.5,0.0,0.0,1.0,0.5,0.5
"G[0,0](SMBGperDayPtMeterCombo >= 3.654 & BGTestAvgNumPtRep >= 0.792)
",-0.303,-0.973,0.000,1.000,0.000,2,0,0,2,4,0,2,2,0.5,0.0,0.0,1.0,0.5,0.5
"G[0,0]((WeightKg >= 30.733 | bmi >= 15.420) -> UnitsInsBasalOrLongAct <= 14.599)
",-3.709,-11.499,0.000,1.000,0.000,2,0,0,2,4,0,2,2,0.5,0.0,0.0,1.0,0.5,0.5
"G[1,1](((AlbCreatRat_mggNew >= 5.420 | HbA1c <= 8.478) & AlbCreatRat_mggNew <= 8.626) -> TotalDailyInsPerKg >= 7.500)
",-8.478,-8.478,0.000,1.000,0.000,1,0,0,3,4,0,1,3,0.25,0.0,0.0,1.0,0.25,0.75
"G[1,1](SMBGperDayPtMeterCombo >= 2.659 -> TotalDailyInsPerKg <= 0.812)
",-0.812,-0.812,0.000,1.000,0.000,1,0,0,3,4,0,1,3,0.25,0.0,0.0,1.0,0.25,0.75
"G[0,1](bmi <= 16.401 & bmiZscore <= -0.949)
",9999999.000,9999999.000,0.000,1.000,0.000,1,0,0,3,4,0,1,3,0.25,0.0,0.0,1.0,0.25,0.75
"G[0,1](bmiZscore <= -1.087 | HDL >= 0.550)
",9999999.000,9999999.000,0.000,1.000,0.000,1,0,0,3,4,0,1,3,0.25,0.0,0.0,1.0,0.25,0.75
"G[0,0](((Pt_GrandchildT1D >= 0.000 & Pt_CGMUseNumDays >= 0.096) | NumPumpBolusOrShortAct >= 0.364) | Pt_ChildT1D >= 0.506)
",0.000,0.000,0.000,1.000,0.000,1,0,0,3,4,0,1,3,0.25,0.0,0.0,1.0,0.25,0.75
"G[0,1]((age >= 9.891 & BGTestAvgNumPtRep <= 3.989) & bmiZscore <= 3.336)
",9999999.000,9999999.000,0.000,1.000,0.000,1,0,0,3,4,0,1,3,0.25,0.0,0.0,1.0,0.25,0.75
"G[0,1](((Pt_GrandparentT1D >= 0.000 & SMBGperDayPtMeterCombo >= 4.581) -> TSH >= 3.843) | Pt_SiblingT1D >= 0.516)
",9999999.000,9999999.000,0.000,1.000,0.000,1,0,0,3,4,0,1,3,0.25,0.0,0.0,1.0,0.25,0.75
"G[0,1](bmiZscore <= -0.636 & BldPrDia >= 7.807)
",9999999.000,9999999.000,0.000,1.000,0.000,1,0,0,3,4,0,1,3,0.25,0.0,0.0,1.0,0.25,0.75
"G[1,1](((Pt_A1cGoalLev >= 0.000 | Pt_MotherT1D <= 0.000) -> SMBGperDayPtMeterCombo <= 0.000) & BGTestAvgNumMeter >= 0.000)
",0.000,0.000,0.000,1.000,0.000,1,0,0,3,4,0,1,3,0.25,0.0,0.0,1.0,0.25,0.75
"G[0,1]((bmiZscore >= -1.409 & NumPumpBolusOrShortAct <= 5.134) & Pt_CGMUseNumDays <= 3.007)
",9999999.000,9999999.000,0.000,1.000,0.000,1,0,0,3,4,0,1,3,0.25,0.0,0.0,1.0,0.25,0.75
"G[2,2](((SMBGperDayPtMeterCombo >= 2.518 & Pt_MotherT1D >= 0.000) | BldPrSys <= 0.000) | Pt_InsGov <= 0.000)
",0.000,0.000,0.000,1.000,0.000,0,0,4,0,0,4,4,0,0.0,0.0,1.0,0.0,0.0,1.0
"G[1,2]((bmiZscore >= -1.333 & Pt_MotherT1D <= 0.000) & Triglyc <= 0.000)
",9999999.000,9999999.000,0.000,1.000,0.000,0,0,2,2,2,2,2,2,0.0,0.0,1.0,0.0,0.0,1.0
"G[1,2](((BldPrDia >= 35.163 -> SMBGperDayPtMeterCombo >= 0.824) | Triglyc >= 3.709) -> AlbCreatRat_mggNew >= 0.648)
",9999999.000,9999999.000,0.000,1.000,0.000,0,0,2,2,2,2,2,2,0.0,0.0,1.0,0.0,0.0,1.0
"G[0,2]((Pt_SiblingT1D >= 0.000 | HbA1cImputeDtMnC >= 20.377) -> WeightKg <= 65.681)
",9999999.000,9999999.000,0.000,1.000,0.000,0,0,4,0,0,4,4,0,0.0,0.0,1.0,0.0,0.0,1.0
"G[2,2](Pt_GrandchildT1D <= 0.000 & Pt_DKAFlg >= 0.000)
",0.000,0.000,0.000,1.000,0.000,0,0,4,0,0,4,4,0,0.0,0.0,1.0,0.0,0.0,1.0
"G[0,1](((bmi <= 16.109 -> HbA1cImputeDtMnC <= 51.600) -> Pt_GrandparentT1D >= 10.922) & GFR <= 77.037)
",9999999.000,9999999.000,0.000,1.000,0.000,0,0,0,4,4,0,0,4,0.0,0.0,0.0,0.0,0.0,1.0
"G[1,2]((AlbCreatRat_mggNew >= 3.369 | BGTestAvgNumMeter <= 5.220) & bmiPerc >= 4.101)
",9999999.000,9999999.000,0.000,1.000,0.000,0,0,0,4,4,0,0,4,0.0,0.0,0.0,0.0,0.0,1.0
"G[1,2]((TotalDailyInsPerKg <= 0.831 -> GFR <= 0.000) | HbA1cImputeDtMnC <= 0.000)
",9999999.000,9999999.000,0.000,1.000,0.000,0,0,4,0,0,4,4,0,0.0,0.0,1.0,0.0,0.0,1.0
"G[0,2]((WeightKg <= 44.135 | bmiZscore <= -0.698) | Pt_GrandchildT1D >= -1.428)
",9999999.000,9999999.000,0.000,1.000,0.000,0,0,4,0,0,4,4,0,0.0,0.0,1.0,0.0,0.0,1.0
"G[1,2](GFR >= 0.000 -> HeightCm <= 152.485)
",9999999.000,9999999.000,0.000,1.000,0.000,0,0,2,2,2,2,2,2,0.0,0.0,1.0,0.0,0.0,1.0
"G[0,2](BldPrDia >= 30.108 & WeightKg >= 32.903)
",9999999.000,9999999.000,0.000,1.000,0.000,0,0,0,4,4,0,0,4,0.0,0.0,0.0,0.0,0.0,1.0
"G[0,1]((LDL <= 20.039 & bmiPerc >= 0.136) & NumPumpBolusOrShortAct >= 0.135)
",9999999.000,9999999.000,0.000,1.000,0.000,0,0,0,4,4,0,0,4,0.0,0.0,0.0,0.0,0.0,1.0
"G[1,1](HbA1c <= 8.575 & Pt_CGMUseNumDays >= 0.152)
",-0.152,-0.152,0.000,1.000,0.000,0,0,0,4,4,0,0,4,0.0,0.0,0.0,0.0,0.0,1.0
"G[1,2]((bmiZscore >= -1.311 -> AlbCreatRat_mggNew >= 3.937) & Pt_GrandchildT1D <= 23.643)
",9999999.000,9999999.000,0.000,1.000,0.000,0,0,2,2,2,2,2,2,0.0,0.0,1.0,0.0,0.0,1.0
"G[0,2](SMBGperDayPtMeterCombo <= 6.455 | bmiPerc <= 0.204)
",9999999.000,9999999.000,0.000,1.000,0.000,0,0,4,0,0,4,4,0,0.0,0.0,1.0,0.0,0.0,1.0
"G[0,2]((SMBGperDayPtMeterCombo <= 6.003 | Pt_GrandchildT1D >= 0.000) | LDL >= 0.000)
",9999999.000,9999999.000,0.000,1.000,0.000,0,0,4,0,0,4,4,0,0.0,0.0,1.0,0.0,0.0,1.0
"G[0,2]((Pt_GrandparentT1D >= 0.000 -> diabDur <= 7.240) -> TotChol >= 1.829)
",9999999.000,9999999.000,0.000,1.000,0.000,0,0,0,4,4,0,0,4,0.0,0.0,0.0,0.0,0.0,1.0
"G[2,2](BGTestAvgNumMeter <= 6.122 -> Pt_A1cGoalLev <= 0.000)
",-6.122,-6.122,0.000,1.000,0.000,0,0,4,0,0,4,4,0,0.0,0.0,1.0,0.0,0.0,1.0
"G[0,2]((age >= 8.357 | Pt_CGMUseNumDays >= 0.237) | Pt_InsGov >= 0.411)
",9999999.000,9999999.000,0.000,1.000,0.000,0,0,4,0,0,4,4,0,0.0,0.0,1.0,0.0,0.0,1.0
"G[2,2](Pt_MotherT1D >= 0.000 | diagAgeCombo <= 6.000)
",6.000,6.000,0.000,1.000,0.000,0,0,4,0,0,4,4,0,0.0,0.0,1.0,0.0,0.0,1.0
"G[1,2]((UnitsInsBasalOrLongAct >= 1.704 | BGTestAvgNumPtRep >= 0.915) & AutonomicNeuroCl <= 5.666)
",9999999.000,9999999.000,0.000,1.000,0.000,0,0,4,0,0,4,4,0,0.0,0.0,1.0,0.0,0.0,1.0
"G[1,2](TotalDailyInsPerKg <= 0.983 | Pt_CGMUseNumDays <= 4.684)
",9999999.000,9999999.000,0.000,1.000,0.000,0,0,4,0,0,4,4,0,0.0,0.0,1.0,0.0,0.0,1.0
"G[2,2](((BldPrDia <= 62.437 -> Pt_GrandchildT1D <= 0.000) | Pt_SHFlg <= 0.000) & Pt_GrandchildT1D >= 0.000)
",0.000,0.000,0.000,1.000,0.000,0,0,4,0,0,4,4,0,0.0,0.0,1.0,0.0,0.0,1.0
"G[1,2]((TSH >= 0.013 & LDL <= 38.887) -> Pt_SHFlg <= 31.195)
",9999999.000,9999999.000,0.000,1.000,0.000,0,0,4,0,0,4,4,0,0.0,0.0,1.0,0.0,0.0,1.0
"G[2,2](SMBGperDayPtMeterCombo >= 0.634 -> HDL <= 10.771)
",-10.771,-10.771,0.000,1.000,0.000,0,0,4,0,0,4,4,0,0.0,0.0,1.0,0.0,0.0,1.0
"G[1,2](((GFR <= 0.000 & TotChol <= 131.468) | AlbCreatRat_mggNew <= 77.690) & diagAgeCombo >= 12.656)
",9999999.000,9999999.000,0.000,1.000,0.000,0,0,0,4,4,0,0,4,0.0,0.0,0.0,0.0,0.0,1.0
"G[0,2](((Pt_FatherT1D >= 0.000 -> Pt_GrandchildT1D >= 0.000) & Pt_A1cGoalLev <= 0.000) | TotChol >= 0.000)
",9999999.000,9999999.000,0.000,1.000,0.000,0,0,4,0,0,4,4,0,0.0,0.0,1.0,0.0,0.0,1.0
"G[0,1]((LDL <= 92.650 & Pt_ChildT1D <= 0.000) & bmiZscore >= 0.000)
",9999999.000,9999999.000,0.000,1.000,0.000,0,0,0,4,4,0,0,4,0.0,0.0,0.0,0.0,0.0,1.0
"G[1,2]((bmiZscore <= -0.668 -> Pt_A1cGoalLevelDsYr5 <= 0.000) & diagAgeCombo <= 0.000)
",9999999.000,9999999.000,0.000,1.000,0.000,0,0,0,4,4,0,0,4,0.0,0.0,0.0,0.0,0.0,1.0
"G[0,2](((diabDur <= 6.220 -> DirectLDL >= 0.000) | HDL <= 0.000) | WeightKg >= 0.000)
",9999999.000,9999999.000,0.000,1.000,0.000,0,0,4,0,0,4,4,0,0.0,0.0,1.0,0.0,0.0,1.0
"G[1,2](((Pt_GrandparentT1D <= 0.000 & bmi >= 14.844) -> HbA1c <= 15.706) -> Pt_DKAFlg >= 14.859)
",9999999.000,9999999.000,0.000,1.000,0.000,0,0,0,4,4,0,0,4,0.0,0.0,0.0,0.0,0.0,1.0
"G[0,2]((Pt_MotherT1D <= 0.000 | Pt_DKAFlg >= 0.000) & Pt_GrandchildT1D >= 0.000)
",9999999.000,9999999.000,0.000,1.000,0.000,0,0,4,0,0,4,4,0,0.0,0.0,1.0,0.0,0.0,1.0
"G[0,2]((BldPrSys <= 106.713 -> HeightCm >= 133.705) & diabDur <= 164.077)
",9999999.000,9999999.000,0.000,1.000,0.000,0,0,3,1,1,3,3,1,0.0,0.0,1.0,0.0,0.0,1.0
"G[0,2](((HeightCm >= 143.644 -> BldPrDia >= 2.510) -> TotalDailyInsPerKg >= 7.111) | Pt_InsGov <= 69.453)
",9999999.000,9999999.000,0.000,1.000,0.000,0,0,4,0,0,4,4,0,0.0,0.0,1.0,0.0,0.0,1.0
"G[0,2]((NumPumpBolusOrShortAct <= 4.978 & UnitsInsBasalOrLongAct >= 12.456) -> UnitsInsBasalOrLongAct <= 14.012)
",9999999.000,9999999.000,0.000,1.000,0.000,0,0,1,3,3,1,1,3,0.0,0.0,1.0,0.0,0.0,1.0
"G[0,1](((Pt_GrandchildT1D <= 0.000 & HbA1cImputeDtMnC <= 59.092) & LDL <= 76.399) & WeightKg >= 41.809)
",9999999.000,9999999.000,0.000,1.000,0.000,0,0,0,4,4,0,0,4,0.0,0.0,0.0,0.0,0.0,1.0
"G[1,2](((diabDur >= 2.326 -> Pt_SHFlg <= 0.000) & SMBGperDayPtMeterCombo >= 0.000) -> bmi <= 0.000)
",9999999.000,9999999.000,0.000,1.000,0.000,0,0,0,4,4,0,0,4,0.0,0.0,0.0,0.0,0.0,1.0
"G[1,2]((Pt_MotherT1D >= 0.000 | Pt_GrandchildT1D >= 0.000) & Pt_SHFlg >= 0.000)
",9999999.000,9999999.000,0.000,1.000,0.000,0,0,4,0,0,4,4,0,0.0,0.0,1.0,0.0,0.0,1.0
"G[0,2](Pt_GrandchildT1D <= 0.000 & Triglyc <= 27.852)
",9999999.000,9999999.000,0.000,1.000,0.000,0,0,3,1,1,3,3,1,0.0,0.0,1.0,0.0,0.0,1.0
"G[0,2](bmiZscore >= -1.236 | DirectLDL >= 0.000)
",9999999.000,9999999.000,0.000,1.000,0.000,0,0,4,0,0,4,4,0,0.0,0.0,1.0,0.0,0.0,1.0
"G[2,2](((AutonomicNeuroCl >= 0.000 | Pt_SHFlg <= 0.000) & bmiPerc >= 0.000) & Pt_CGMUseNumDays <= 0.000)
",0.000,0.000,0.000,1.000,0.000,0,0,4,0,0,4,4,0,0.0,0.0,1.0,0.0,0.0,1.0
"G[1,2](((Pt_ChildT1D <= 0.000 | Pt_SHFlg <= 0.000) -> bmi >= 0.000) -> Pt_CGMUseNumDays <= 0.000)
",9999999.000,9999999.000,0.000,1.000,0.000,0,0,4,0,0,4,4,0,0.0,0.0,1.0,0.0,0.0,1.0
"G[0,2](((Pt_SiblingT1D <= 0.000 | Pt_FatherT1D >= 0.000) -> diabDur <= 0.000) | BUN <= 0.000)
",9999999.000,9999999.000,0.000,1.000,0.000,0,0,4,0,0,4,4,0,0.0,0.0,1.0,0.0,0.0,1.0
"G[0,1](((HDL <= 41.880 & Pt_InsGov <= 0.000) | GFR <= 0.000) -> SMBGperDayPtMeterCombo <= 0.000)
",9999999.000,9999999.000,0.000,1.000,0.000,0,0,0,4,4,0,0,4,0.0,0.0,0.0,0.0,0.0,1.0
"G[1,2]((bmi <= 16.460 | TotalDailyInsPerKg >= 0.668) -> Pt_InsGov <= 0.778)
",9999999.000,9999999.000,0.000,1.000,0.000,0,0,4,0,0,4,4,0,0.0,0.0,1.0,0.0,0.0,1.0
"G[2,2]((DirectLDL >= 0.000 -> BGTestAvgNumPtRep >= 1.340) | GFR >= 1.349)
",0.000,0.000,0.000,1.000,0.000,0,0,4,0,0,4,4,0,0.0,0.0,1.0,0.0,0.0,1.0
"G[0,2]((BGTestAvgNumMeter <= 5.486 | BUN <= 0.000) & SMBGperDayPtMeterCombo <= 0.000)
",9999999.000,9999999.000,0.000,1.000,0.000,0,0,0,4,4,0,0,4,0.0,0.0,0.0,0.0,0.0,1.0
"G[1,2](((Pt_GrandchildT1D <= 0.000 & WeightKg <= 41.355) -> SMBGperDayPtMeterCombo >= 27.159) -> NumPumpBolusOrShortAct >= 31.311)
",9999999.000,9999999.000,0.000,1.000,0.000,0,0,3,1,1,3,3,1,0.0,0.0,1.0,0.0,0.0,1.0
"G[0,2](((AlbCreatRat_mggNew >= 4.556 -> HbA1c >= 7.466) -> Pt_MotherT1D <= 8.473) | Pt_CGMUseNumDays <= 8.281)
",9999999.000,9999999.000,0.000,1.000,0.000,0,0,4,0,0,4,4,0,0.0,0.0,1.0,0.0,0.0,1.0
"G[0,1]((TSH <= 0.941 & age <= 12.040) | bmiPerc >= 7.228)
",9999999.000,9999999.000,0.000,1.000,0.000,0,0,0,4,4,0,0,4,0.0,0.0,0.0,0.0,0.0,1.0
"G[1,2]((DirectLDL <= 0.000 -> TSH <= 1.985) | bmi <= 1.180)
",9999999.000,9999999.000,0.000,1.000,0.000,0,0,3,1,1,3,3,1,0.0,0.0,1.0,0.0,0.0,1.0
"G[0,2]((Pt_A1cGoalLevelDsYr5 <= 0.000 & UnitsInsBasalOrLongAct <= 17.732) | TSH >= 10.683)
",9999999.000,9999999.000,0.000,1.000,0.000,0,0,2,2,2,2,2,2,0.0,0.0,1.0,0.0,0.0,1.0
"G[0,1]((HbA1c <= 8.428 | bmiPerc <= 0.262) -> LDL >= 0.134)
",9999999.000,9999999.000,0.000,1.000,0.000,0,0,0,4,4,0,0,4,0.0,0.0,0.0,0.0,0.0,1.0
"G[0,2](UnitsInsBasalOrLongAct >= 13.509 & Pt_SiblingT1D >= 0.000)
",9999999.000,9999999.000,0.000,1.000,0.000,0,0,2,2,2,2,2,2,0.0,0.0,1.0,0.0,0.0,1.0
"G[0,1]((WeightKg >= 34.357 & UnitsInsBasalOrLongAct <= 17.803) & AlbCreatRat_mggNew <= 19.076)
",9999999.000,9999999.000,0.000,1.000,0.000,0,0,0,4,4,0,0,4,0.0,0.0,0.0,0.0,0.0,1.0
"G[2,2](((bmiZscore <= -1.048 & Pt_GrandparentT1D >= 0.000) -> BldPrDia >= 0.000) -> BUN >= 0.000)
",0.000,0.000,0.000,1.000,0.000,0,0,4,0,0,4,4,0,0.0,0.0,1.0,0.0,0.0,1.0
"G[1,2](((Pt_A1cGoalLev <= 0.000 & BGTestAvgNumPtRep >= 0.991) | GFR <= 3.615) & LDL <= 5.157)
",9999999.000,9999999.000,0.000,1.000,0.000,0,0,3,1,1,3,3,1,0.0,0.0,1.0,0.0,0.0,1.0
"G[2,2](((HDL <= 39.039 | bmi >= 15.001) & HbA1c <= 15.699) & AutonomicNeuroCl >= 15.219)
",-15.219,-15.219,0.000,1.000,0.000,0,0,4,0,0,4,4,0,0.0,0.0,1.0,0.0,0.0,1.0
"G[2,2](BldPrSys >= 46.227 -> Pt_SHFlg <= 0.000)
",0.000,0.000,0.000,1.000,0.000,0,0,4,0,0,4,4,0,0.0,0.0,1.0,0.0,0.0,1.0
"G[1,2](AutonomicNeuroCl <= 0.000 -> UnitsInsBasalOrLongAct >= 8.069)
",9999999.000,9999999.000,0.000,1.000,0.000,0,0,4,0,0,4,4,0,0.0,0.0,1.0,0.0,0.0,1.0
"G[0,2](((Pt_CGMUseNumDays <= 3.078 & Triglyc <= 35.693) & HbA1cImputeDtMnC <= 17.902) & HbA1cImputeDtMnC >= 7.276)
",9999999.000,9999999.000,0.000,1.000,0.000,0,0,0,4,4,0,0,4,0.0,0.0,0.0,0.0,0.0,1.0
"G[0,2]((Pt_ChildT1D >= 0.000 -> GFR >= 0.000) -> diagAgeCombo <= 0.000)
",9999999.000,9999999.000,0.000,1.000,0.000,0,0,0,4,4,0,0,4,0.0,0.0,0.0,0.0,0.0,1.0
"G[1,2](SMBGperDayPtMeterCombo >= 1.732 & BGTestAvgNumPtRep >= 0.719)
",9999999.000,9999999.000,0.000,1.000,0.000,0,0,0,4,4,0,0,4,0.0,0.0,0.0,0.0,0.0,1.0
"G[0,2](age >= 10.958 | BldPrDia <= 63.005)
",9999999.000,9999999.000,0.000,1.000,0.000,0,0,2,2,2,2,2,2,0.0,0.0,1.0,0.0,0.0,1.0
"G[0,2](GFR >= 0.000 -> Pt_SHFlg = 0.000)
",9999999.000,9999999.000,0.000,1.000,0.000,0,0,4,0,0,4,4,0,0.0,0.0,1.0,0.0,0.0,1.0
"G[2,2](BGTestAvgNumPtRep < 4.011 -> Pt_SHFlg = 0.000)
",-4.011,-4.011,0.000,1.000,0.000,0,0,4,0,0,4,4,0,0.0,0.0,1.0,0.0,0.0,1.0
"G[1,2](age <= 13.305 & Pt_SHFlg = 0.000)
",9999999.000,9999999.000,0.000,1.000,0.000,0,0,3,1,1,3,3,1,0.0,0.0,1.0,0.0,0.0,1.0
"G[1,2](WeightKg <= 43.995 -> Pt_SHFlg = 0.000)
",9999999.000,9999999.000,0.000,1.000,0.000,0,0,4,0,0,4,4,0,0.0,0.0,1.0,0.0,0.0,1.0
"G[2,2](DirectLDL <= 0.000 -> Pt_SHFlg = 0.000)
",0.000,0.000,0.000,1.000,0.000,0,0,4,0,0,4,4,0,0.0,0.0,1.0,0.0,0.0,1.0
"G[1,2](WeightKg <= 38.903 & Pt_SHFlg = 0.000)
",9999999.000,9999999.000,0.000,1.000,0.000,0,0,2,2,2,2,2,2,0.0,0.0,1.0,0.0,0.0,1.0
"G[1,2](Pt_A1cGoalLev <= 0.000 & Pt_SHFlg = 0.000)
",9999999.000,9999999.000,0.000,1.000,0.000,0,0,4,0,0,4,4,0,0.0,0.0,1.0,0.0,0.0,1.0
"G[1,2](BldPrDia <= 59.132 -> BldPrSys <= 82.114)
",9999999.000,9999999.000,0.000,1.000,0.000,0,0,4,0,0,4,4,0,0.0,0.0,1.0,0.0,0.0,1.0
"G[2,2]((diabDur >= 1.026 | HbA1cImputeDtMnC <= 48.579) | Pt_GrandchildT1D <= 79.127)
",79.127,79.127,0.000,1.000,0.000,0,0,4,0,0,4,4,0,0.0,0.0,1.0,0.0,0.0,1.0
"G[2,2](((diabDur <= 5.831 | HeightCm <= 153.597) -> BGTestAvgNumPtRep >= 145.179) -> HbA1c >= 135.141)
",135.141,135.141,0.000,1.000,0.000,0,0,4,0,0,4,4,0,0.0,0.0,1.0,0.0,0.0,1.0
"G[0,2]((bmiPerc <= 0.174 -> bmiZscore <= -1.062) | diagAgeCombo >= -1.331)
",9999999.000,9999999.000,0.000,1.000,0.000,0,0,4,0,0,4,4,0,0.0,0.0,1.0,0.0,0.0,1.0
"G[1,2](((age <= 11.689 & HeightCm >= 133.839) -> Pt_GrandchildT1D <= 160.114) & TotalDailyInsPerKg <= 162.570)
",9999999.000,9999999.000,0.000,1.000,0.000,0,0,4,0,0,4,4,0,0.0,0.0,1.0,0.0,0.0,1.0
"G[0,2]((AlbCreatRat_mggNew >= 5.137 | TotalDailyInsPerKg >= 0.465) | diabDur <= 0.852)
",9999999.000,9999999.000,0.000,1.000,0.000,0,0,4,0,0,4,4,0,0.0,0.0,1.0,0.0,0.0,1.0
"G[1,2]((diabDur >= 2.775 & UnitsInsBasalOrLongAct <= 19.728) -> Pt_ChildT1D <= 16.506)
",9999999.000,9999999.000,0.000,1.000,0.000,0,0,4,0,0,4,4,0,0.0,0.0,1.0,0.0,0.0,1.0
"G[2,2]((BGTestAvgNumPtRep <= 2.615 & bmiZscore <= -0.707) & GFR >= -1.339)
",-0.707,-0.707,0.000,1.000,0.000,0,0,4,0,0,4,4,0,0.0,0.0,1.0,0.0,0.0,1.0
"G[1,2](((bmiPerc >= 0.129 | Pt_CGMUseNumDays <= 0.934) | Pt_SiblingT1D >= 0.535) -> bmiZscore <= 2.082)
",9999999.000,9999999.000,0.000,1.000,0.000,0,0,4,0,0,4,4,0,0.0,0.0,1.0,0.0,0.0,1.0
"G[0,2]((diabDur >= 3.124 -> HbA1c >= 7.611) & diabDur >= 7.753)
",9999999.000,9999999.000,0.000,1.000,0.000,0,0,0,4,4,0,0,4,0.0,0.0,0.0,0.0,0.0,1.0
"G[1,2](HbA1c >= 7.481 & HbA1cImputeDtMnC <= 46.179)
",9999999.000,9999999.000,0.000,1.000,0.000,0,0,1,3,3,1,1,3,0.0,0.0,1.0,0.0,0.0,1.0
"G[0,2](HbA1c <= 8.785 -> HeightCm >= 144.162)
",9999999.000,9999999.000,0.000,1.000,0.000,0,0,2,2,2,2,2,2,0.0,0.0,1.0,0.0,0.0,1.0
"G[1,2]((bmiZscore >= -1.377 | Pt_CGMUseNumDays <= 1.676) | NumPumpBolusOrShortAct <= 3.858)
",9999999.000,9999999.000,0.000,1.000,0.000,0,0,4,0,0,4,4,0,0.0,0.0,1.0,0.0,0.0,1.0
"G[2,2](((HeightCm >= 136.764 | Pt_CGMUseNumDays >= 0.537) | age <= 2.959) & HDL <= 4.479)
",2.959,2.959,0.000,1.000,0.000,0,0,4,0,0,4,4,0,0.0,0.0,1.0,0.0,0.0,1.0
"G[0,2](((diabDur <= 6.769 -> Pt_CGMUseNumDays >= 0.462) | HDL >= 0.230) & Pt_GrandparentT1D <= 3.293)
",9999999.000,9999999.000,0.000,1.000,0.000,0,0,1,3,3,1,1,3,0.0,0.0,1.0,0.0,0.0,1.0
"G[0,2](((diabDur <= 5.702 -> Triglyc <= 27.939) -> LDL >= 2.617) & Pt_InsGov >= 11.120)
",9999999.000,9999999.000,0.000,1.000,0.000,0,0,0,4,4,0,0,4,0.0,0.0,0.0,0.0,0.0,1.0
"G[0,0](((HbA1cImputeDtMnC >= 1.346 | TotChol >= 16.007) -> NumPumpBolusOrShortAct <= 153.956) & SMBGperDayPtMeterCombo >= 21.247)
",-153.956,-153.956,0.000,1.000,0.000,0,0,0,4,4,0,0,4,0.0,0.0,0.0,0.0,0.0,1.0
"G[0,2](diagAgeCombo <= 6.000 & Pt_SHFlg = 0.000)
",9999999.000,9999999.000,0.000,1.000,0.000,0,0,4,0,0,4,4,0,0.0,0.0,1.0,0.0,0.0,1.0
"G[2,2](NumPumpBolusOrShortAct > 0.851 -> Pt_SHFlg = 0.000)
",0.000,0.000,0.000,1.000,0.000,0,0,4,0,0,4,4,0,0.0,0.0,1.0,0.0,0.0,1.0
"G[0,2]((diabDur <= 6.673 | Pt_InsGov <= 0.000) & BUN >= 0.000)
",9999999.000,9999999.000,0.000,1.000,0.000,0,0,4,0,0,4,4,0,0.0,0.0,1.0,0.0,0.0,1.0
"G[1,2](DirectLDL > 0.000 -> Pt_SHFlg = 0.000)
",9999999.000,9999999.000,0.000,1.000,0.000,0,0,4,0,0,4,4,0,0.0,0.0,1.0,0.0,0.0,1.0
"G[1,2]((WeightKg >= 28.179 | bmi >= 14.671) -> UnitsInsBasalOrLongAct <= 19.836)
",9999999.000,9999999.000,0.000,1.000,0.000,0,0,2,2,2,2,2,2,0.0,0.0,1.0,0.0,0.0,1.0
"G[0,2](SMBGperDayPtMeterCombo >= 2.562 & BGTestAvgNumPtRep >= 1.078)
",9999999.000,9999999.000,0.000,1.000,0.000,0,0,0,4,4,0,0,4,0.0,0.0,0.0,0.0,0.0,1.0
"G[1,2](GFR <= 0.000 -> BUN >= 0.000)
",9999999.000,9999999.000,0.000,1.000,0.000,0,0,4,0,0,4,4,0,0.0,0.0,1.0,0.0,0.0,1.0
"G[1,2](SMBGperDayPtMeterCombo >= 0.399 & BGTestAvgNumPtRep >= 0.646)
",9999999.000,9999999.000,0.000,1.000,0.000,0,0,0,4,4,0,0,4,0.0,0.0,0.0,0.0,0.0,1.0
"G[1,2]((WeightKg >= 31.352 | bmi >= 14.723) -> UnitsInsBasalOrLongAct <= 19.865)
",9999999.000,9999999.000,0.000,1.000,0.000,0,0,2,2,2,2,2,2,0.0,0.0,1.0,0.0,0.0,1.0
"G[1,2](SMBGperDayPtMeterCombo >= 3.660 & BGTestAvgNumPtRep >= 0.017)
",9999999.000,9999999.000,0.000,1.000,0.000,0,0,0,4,4,0,0,4,0.0,0.0,0.0,0.0,0.0,1.0
"G[1,2](GFR <= 0.000 -> BUN >= 0.000)
",9999999.000,9999999.000,0.000,1.000,0.000,0,0,4,0,0,4,4,0,0.0,0.0,1.0,0.0,0.0,1.0
"G[0,2](GFR <= 0.000 -> BUN >= 0.000)
",9999999.000,9999999.000,0.000,1.000,0.000,0,0,4,0,0,4,4,0,0.0,0.0,1.0,0.0,0.0,1.0
"G[0,2]((WeightKg >= 32.742 | bmi >= 15.211) -> UnitsInsBasalOrLongAct <= 15.077)
",9999999.000,9999999.000,0.000,1.000,0.000,0,0,2,2,2,2,2,2,0.0,0.0,1.0,0.0,0.0,1.0
"G[0,1](SMBGperDayPtMeterCombo >= 1.920 & BGTestAvgNumPtRep >= 0.658)
",9999999.000,9999999.000,0.000,1.000,0.000,0,0,0,4,4,0,0,4,0.0,0.0,0.0,0.0,0.0,1.0
"G[0,2](GFR <= 0.000 -> BUN >= 0.000)
",9999999.000,9999999.000,0.000,1.000,0.000,0,0,4,0,0,4,4,0,0.0,0.0,1.0,0.0,0.0,1.0
"G[1,2](SMBGperDayPtMeterCombo >= 1.723 & BGTestAvgNumPtRep >= 0.015)
",9999999.000,9999999.000,0.000,1.000,0.000,0,0,0,4,4,0,0,4,0.0,0.0,0.0,0.0,0.0,1.0
"G[2,2]((WeightKg >= 28.468 | bmi >= 14.715) -> UnitsInsBasalOrLongAct <= 21.112)
",-21.112,-21.112,0.000,1.000,0.000,0,0,4,0,0,4,4,0,0.0,0.0,1.0,0.0,0.0,1.0
"G[1,2](SMBGperDayPtMeterCombo >= 2.659 & BGTestAvgNumPtRep >= 1.115)
",9999999.000,9999999.000,0.000,1.000,0.000,0,0,0,4,4,0,0,4,0.0,0.0,0.0,0.0,0.0,1.0
"G[0,2](GFR <= 0.000 -> BUN >= 0.000)
",9999999.000,9999999.000,0.000,1.000,0.000,0,0,4,0,0,4,4,0,0.0,0.0,1.0,0.0,0.0,1.0
"G[1,1](SMBGperDayPtMeterCombo >= 1.311 & BGTestAvgNumPtRep >= 0.763)
",-1.311,-1.311,0.000,1.000,0.000,0,0,0,4,4,0,0,4,0.0,0.0,0.0,0.0,0.0,1.0
"G[1,2](GFR <= 0.000 -> BUN >= 0.000)
",9999999.000,9999999.000,0.000,1.000,0.000,0,0,4,0,0,4,4,0,0.0,0.0,1.0,0.0,0.0,1.0
"G[1,2]((WeightKg >= 29.932 | bmi >= 15.097) -> UnitsInsBasalOrLongAct <= 21.518)
",9999999.000,9999999.000,0.000,1.000,0.000,0,0,3,1,1,3,3,1,0.0,0.0,1.0,0.0,0.0,1.0
"G[1,2](Pt_FatherT1D <= 0.000 -> Pt_SHFlg = 0.000)
",9999999.000,9999999.000,0.000,1.000,0.000,0,0,4,0,0,4,4,0,0.0,0.0,1.0,0.0,0.0,1.0
"G[0,2](TotChol >= 20.841 -> Pt_SHFlg = 0.000)
",9999999.000,9999999.000,0.000,1.000,0.000,0,0,4,0,0,4,4,0,0.0,0.0,1.0,0.0,0.0,1.0
"G[0,1](Pt_DKAFlg > 0.000 & Pt_SHFlg = 0.000)
",9999999.000,9999999.000,0.000,1.000,0.000,0,0,0,4,4,0,0,4,0.0,0.0,0.0,0.0,0.0,1.0
"G[1,2](BUN < 0.000 & Pt_SHFlg = 0.000)
",9999999.000,9999999.000,0.000,1.000,0.000,0,0,0,4,4,0,0,4,0.0,0.0,0.0,0.0,0.0,1.0
"G[0,2](diagAgeCombo > 6.000 & Pt_SHFlg = 0.000)
",9999999.000,9999999.000,0.000,1.000,0.000,0,0,0,4,4,0,0,4,0.0,0.0,0.0,0.0,0.0,1.0
"G[0,1](((BGTestAvgNumMeter >= 1.736 | bmiZscore >= -1.305) -> WeightKg <= -1.069) | Pt_GrandparentT1D <= -0.883)
",9999999.000,9999999.000,0.000,1.000,0.000,0,0,0,4,4,0,0,4,0.0,0.0,0.0,0.0,0.0,1.0
"G[2,2]((BldPrDia <= 67.343 & WeightKg >= 30.813) | bmiZscore <= 39.274)
",39.274,39.274,0.000,1.000,0.000,0,0,4,0,0,4,4,0,0.0,0.0,1.0,0.0,0.0,1.0
"G[0,2]((age >= 10.474 -> BldPrDia >= 47.770) & HbA1c <= 65.829)
",9999999.000,9999999.000,0.000,1.000,0.000,0,0,2,2,2,2,2,2,0.0,0.0,1.0,0.0,0.0,1.0
"G[1,2](age >= 9.460 -> BldPrSys <= 79.770)
",9999999.000,9999999.000,0.000,1.000,0.000,0,0,2,2,2,2,2,2,0.0,0.0,1.0,0.0,0.0,1.0
"G[1,2]((BGTestAvgNumPtRep <= 2.268 & diabDur >= 1.586) & WeightKg >= 3.876)
",9999999.000,9999999.000,0.000,1.000,0.000,0,0,4,0,0,4,4,0,0.0,0.0,1.0,0.0,0.0,1.0
"G[1,2]((BGTestAvgNumPtRep >= 1.157 & TotalDailyInsPerKg <= 0.847) & diagAgeCombo <= 0.761)
",9999999.000,9999999.000,0.000,1.000,0.000,0,0,0,4,4,0,0,4,0.0,0.0,0.0,0.0,0.0,1.0
"G[1,2](age <= 12.565 & TotalDailyInsPerKg <= 0.936)
",9999999.000,9999999.000,0.000,1.000,0.000,0,0,1,3,3,1,1,3,0.0,0.0,1.0,0.0,0.0,1.0
"G[1,2](bmiPerc >= 0.109 & TSH <= 2.755)
",9999999.000,9999999.000,0.000,1.000,0.000,0,0,1,3,3,1,1,3,0.0,0.0,1.0,0.0,0.0,1.0
"G[2,2](bmiZscore >= -1.139 & TotalDailyInsPerKg >= 0.090)
",-0.090,-0.090,0.000,1.000,0.000,0,0,4,0,0,4,4,0,0.0,0.0,1.0,0.0,0.0,1.0
"G[0,1]((TSH <= 2.489 | UnitsInsBasalOrLongAct >= 10.518) & TSH >= 13.297)
",9999999.000,9999999.000,0.000,1.000,0.000,0,0,0,4,4,0,0,4,0.0,0.0,0.0,0.0,0.0,1.0
"G[0,2]((HbA1c <= 8.219 & TSH <= 2.375) | HbA1c <= 1.448)
",9999999.000,9999999.000,0.000,1.000,0.000,0,0,2,2,2,2,2,2,0.0,0.0,1.0,0.0,0.0,1.0
"G[0,1](((BGTestAvgNumMeter <= 6.492 & bmi >= 14.853) -> Pt_DKAFlg <= 15.706) & TSH >= 14.699)
",9999999.000,9999999.000,0.000,1.000,0.000,0,0,0,4,4,0,0,4,0.0,0.0,0.0,0.0,0.0,1.0
"G[1,2](GFR <= 0.000 -> BUN >= 0.000)
",9999999.000,9999999.000,0.000,1.000,0.000,0,0,4,0,0,4,4,0,0.0,0.0,1.0,0.0,0.0,1.0
"G[1,2]((Pt_CGMUseNumDays <= 2.280 -> TotalDailyInsPerKg >= 0.008) & HbA1c >= 0.602)
",9999999.000,9999999.000,0.000,1.000,0.000,0,0,4,0,0,4,4,0,0.0,0.0,1.0,0.0,0.0,1.0
"G[2,2](bmi >= 14.677 & bmiPerc >= 0.100)
",-14.677,-14.677,0.000,1.000,0.000,0,0,4,0,0,4,4,0,0.0,0.0,1.0,0.0,0.0,1.0
"G[0,2](((NumPumpBolusOrShortAct >= 1.141 | SMBGperDayPtMeterCombo >= 1.971) & Pt_GrandchildT1D >= 1.539) & Pt_ChildT1D <= 6.732)
",9999999.000,9999999.000,0.000,1.000,0.000,0,0,0,4,4,0,0,4,0.0,0.0,0.0,0.0,0.0,1.0
"G[2,2](((BldPrSys <= 108.705 & NumPumpBolusOrShortAct <= 4.043) -> Pt_FatherT1D >= 0.885) -> Pt_ChildT1D >= 1.069)
",1.069,1.069,0.000,1.000,0.000,0,0,4,0,0,4,4,0,0.0,0.0,1.0,0.0,0.0,1.0
"G[0,2](((bmi <= 16.058 | SMBGperDayPtMeterCombo >= 3.041) | Triglyc <= 6.112) -> BldPrDia <= 6.139)
",9999999.000,9999999.000,0.000,1.000,0.000,0,0,0,4,4,0,0,4,0.0,0.0,0.0,0.0,0.0,1.0
"G[0,2]((Pt_GrandparentT1D <= 0.000 & SMBGperDayPtMeterCombo >= 3.544) | Pt_InsGov <= 6.234)
",9999999.000,9999999.000,0.000,1.000,0.000,0,0,4,0,0,4,4,0,0.0,0.0,1.0,0.0,0.0,1.0
"G[1,2](GFR <= 0.000 -> diabDur <= 7.442)
",9999999.000,9999999.000,0.000,1.000,0.000,0,0,3,1,1,3,3,1,0.0,0.0,1.0,0.0,0.0,1.0
"G[0,0]((BGTestAvgNumMeter >= 1.147 -> TotChol >= 6.600) & age <= 71.140)
",-1.521,-13.103,0.000,1.000,0.000,0,0,0,4,4,0,0,4,0.0,0.0,0.0,0.0,0.0,1.0
"G[1,2]((Pt_ChildT1D <= 0.000 -> LDL >= 2.924) & HbA1c <= 48.627)
",9999999.000,9999999.000,0.000,1.000,0.000,0,0,1,3,3,1,1,3,0.0,0.0,1.0,0.0,0.0,1.0
"G[0,2]((WeightKg >= 34.687 & HDL <= 47.513) | Pt_A1cGoalLevelDsYr5 >= 1.375)
",9999999.000,9999999.000,0.000,1.000,0.000,0,0,1,3,3,1,1,3,0.0,0.0,1.0,0.0,0.0,1.0
"G[1,2](((Triglyc <= 90.748 | BUN >= 0.000) -> Pt_CGMUseNumDays <= 0.000) & Pt_CGMUseNumDays <= 0.000)
",9999999.000,9999999.000,0.000,1.000,0.000,0,0,4,0,0,4,4,0,0.0,0.0,1.0,0.0,0.0,1.0
"G[1,2](age <= 13.203 | UnitsInsBasalOrLongAct <= 20.439)
",9999999.000,9999999.000,0.000,1.000,0.000,0,0,3,1,1,3,3,1,0.0,0.0,1.0,0.0,0.0,1.0
"G[2,2]((Pt_DKAFlg <= 0.000 & Pt_FatherT1D <= 0.000) | GFR <= 0.000)
",0.000,0.000,0.000,1.000,0.000,0,0,4,0,0,4,4,0,0.0,0.0,1.0,0.0,0.0,1.0
"G[1,2](((Pt_A1cGoalLev >= 0.000 & TotChol >= 13.554) | SMBGperDayPtMeterCombo >= 12.633) -> diabDur <= 80.280)
",9999999.000,9999999.000,0.000,1.000,0.000,0,0,4,0,0,4,4,0,0.0,0.0,1.0,0.0,0.0,1.0
"G[1,2](AlbCreatRat_mggNew <= 15.571 & Pt_CGMUseNumDays <= 3.117)
",9999999.000,9999999.000,0.000,1.000,0.000,0,0,4,0,0,4,4,0,0.0,0.0,1.0,0.0,0.0,1.0
"G[0,2](((TotalDailyInsPerKg <= 0.941 & UnitsInsBasalOrLongAct <= 14.402) & DirectLDL >= 11.986) | HDL >= 12.206)
",9999999.000,9999999.000,0.000,1.000,0.000,0,0,0,4,4,0,0,4,0.0,0.0,0.0,0.0,0.0,1.0
"G[0,1](bmi <= 15.467 & TSH >= 0.294)
",9999999.000,9999999.000,0.000,1.000,0.000,0,0,0,4,4,0,0,4,0.0,0.0,0.0,0.0,0.0,1.0
"G[1,2](((BldPrDia <= 51.864 -> bmiPerc <= 0.209) | Pt_SHFlg >= 0.077) & TotChol >= 0.099)
",9999999.000,9999999.000,0.000,1.000,0.000,0,0,1,3,3,1,1,3,0.0,0.0,1.0,0.0,0.0,1.0
"G[1,2]((BldPrSys >= 77.114 -> diabDur >= 2.999) -> HeightCm <= 7.432)
",9999999.000,9999999.000,0.000,1.000,0.000,0,0,1,3,3,1,1,3,0.0,0.0,1.0,0.0,0.0,1.0
"G[1,2](((BldPrSys >= 35.866 -> HeightCm >= 148.502) -> Pt_GrandparentT1D >= 136.332) -> NumPumpBolusOrShortAct <= 155.357)
",9999999.000,9999999.000,0.000,1.000,0.000,0,0,4,0,0,4,4,0,0.0,0.0,1.0,0.0,0.0,1.0
"G[0,2](((AlbCreatRat_mggNew >= 6.410 -> bmiPerc >= 0.101) -> BldPrSys >= 0.082) & Pt_DKAFlg <= 0.182)
",9999999.000,9999999.000,0.000,1.000,0.000,0,0,2,2,2,2,2,2,0.0,0.0,1.0,0.0,0.0,1.0
"G[0,2](((AlbCreatRat_mggNew <= 31.379 | bmiZscore <= -0.624) & Pt_GrandparentT1D <= -0.691) & diagAgeCombo >= -1.207)
",9999999.000,9999999.000,0.000,1.000,0.000,0,0,0,4,4,0,0,4,0.0,0.0,0.0,0.0,0.0,1.0
"G[2,2](((bmiZscore <= -1.068 | UnitsInsBasalOrLongAct >= 11.055) & Pt_DKAFlg <= 21.233) -> Pt_DKAFlg >= 9.234)
",1.068,1.068,0.000,1.000,0.000,0,0,4,0,0,4,4,0,0.0,0.0,1.0,0.0,0.0,1.0
"G[2,2](((AlbCreatRat_mggNew <= 24.604 | TSH >= 0.177) & WeightKg <= 2.207) -> AutonomicNeuroCl >= 0.793)
",-2.207,-2.207,0.000,1.000,0.000,0,0,4,0,0,4,4,0,0.0,0.0,1.0,0.0,0.0,1.0
"G[1,2](((bmiPerc >= 0.080 -> diabDur >= 1.582) | Pt_SiblingT1D <= 6.163) -> BldPrDia >= 1.115)
",9999999.000,9999999.000,0.000,1.000,0.000,0,0,3,1,1,3,3,1,0.0,0.0,1.0,0.0,0.0,1.0
"G[2,2](((bmiZscore <= -0.857 & NumPumpBolusOrShortAct >= 0.749) & Pt_MotherT1D <= 4.859) & Pt_MotherT1D <= 5.273)
",-0.857,-0.857,0.000,1.000,0.000,0,0,4,0,0,4,4,0,0.0,0.0,1.0,0.0,0.0,1.0
"G[0,0](((LDL <= 29.905 | NumPumpBolusOrShortAct >= 0.843) -> UnitsInsBasalOrLongAct <= 3.640) & Pt_A1cGoalLev >= 2.472)
",-118.712,-29.083,0.000,1.000,0.000,0,0,0,4,4,0,0,4,0.0,0.0,0.0,0.0,0.0,1.0
"G[1,2]((AlbCreatRat_mggNew <= 15.979 & BGTestAvgNumPtRep <= 1.451) & WeightKg <= 3.384)
",9999999.000,9999999.000,0.000,1.000,0.000,0,0,0,4,4,0,0,4,0.0,0.0,0.0,0.0,0.0,1.0
"G[0,2]((BGTestAvgNumPtRep >= 0.739 -> BldPrSys >= 16.389) & AlbCreatRat_mggNew >= 18.780)
",9999999.000,9999999.000,0.000,1.000,0.000,0,0,0,4,4,0,0,4,0.0,0.0,0.0,0.0,0.0,1.0
"G[0,2](((HbA1cImputeDtMnC <= 50.414 & TSH >= 0.783) -> BUN >= 0.035) & AlbCreatRat_mggNew >= 0.088)
",9999999.000,9999999.000,0.000,1.000,0.000,0,0,0,4,4,0,0,4,0.0,0.0,0.0,0.0,0.0,1.0
"G[0,0]((LDL >= 4.057 & TotalDailyInsPerKg <= 0.776) & Pt_ChildT1D <= 0.985)
",-3.803,-4.582,0.000,1.000,0.000,0,0,0,4,4,0,0,4,0.0,0.0,0.0,0.0,0.0,1.0
"G[1,2]((BGTestAvgNumPtRep >= 0.805 -> HeightCm >= 137.829) | TSH <= 159.374)
",9999999.000,9999999.000,0.000,1.000,0.000,0,0,4,0,0,4,4,0,0.0,0.0,1.0,0.0,0.0,1.0
"G[0,2](((bmiPerc >= 0.080 -> HbA1c <= 8.759) & bmi <= 8.789) & HbA1c <= 8.290)
",9999999.000,9999999.000,0.000,1.000,0.000,0,0,0,4,4,0,0,4,0.0,0.0,0.0,0.0,0.0,1.0
"G[1,2]((BGTestAvgNumPtRep <= 4.945 & BldPrDia <= 58.587) | bmi >= 25.215)
",9999999.000,9999999.000,0.000,1.000,0.000,0,0,1,3,3,1,1,3,0.0,0.0,1.0,0.0,0.0,1.0
"G[1,2](((TotChol >= 14.156 & TSH >= 0.148) | Pt_A1cGoalLev <= 1.189) | GFR <= 2.188)
",9999999.000,9999999.000,0.000,1.000,0.000,0,0,4,0,0,4,4,0,0.0,0.0,1.0,0.0,0.0,1.0
"G[0,1](((bmiZscore <= -0.911 -> HbA1c >= 7.649) -> AlbCreatRat_mggNew >= 8.072) & Pt_SHFlg <= 8.594)
",9999999.000,9999999.000,0.000,1.000,0.000,0,0,0,4,4,0,0,4,0.0,0.0,0.0,0.0,0.0,1.0
"G[0,1](((Pt_CGMUseNumDays >= 0.338 & SMBGperDayPtMeterCombo >= 4.240) -> Pt_GrandchildT1D <= 6.994) -> Pt_ChildT1D >= 1.235)
",9999999.000,9999999.000,0.000,1.000,0.000,0,0,0,4,4,0,0,4,0.0,0.0,0.0,0.0,0.0,1.0
"G[2,2](((TotalDailyInsPerKg >= 0.375 | TSH <= 2.807) & BldPrDia <= 1.462) | Pt_DKAFlg >= 0.317)
",1.462,1.462,0.000,1.000,0.000,0,0,4,0,0,4,4,0,0.0,0.0,1.0,0.0,0.0,1.0
"G[0,2](bmiZscore >= -1.105 & Triglyc >= 4.667)
",9999999.000,9999999.000,0.000,1.000,0.000,0,0,0,4,4,0,0,4,0.0,0.0,0.0,0.0,0.0,1.0
"G[2,2](age <= 12.766 | TSH >= 0.701)
",12.766,12.766,0.000,1.000,0.000,0,0,4,0,0,4,4,0,0.0,0.0,1.0,0.0,0.0,1.0
"G[0,2]((AlbCreatRat_mggNew >= 1.274 -> WeightKg <= 36.268) | HbA1cImputeDtMnC <= 39.099)
",9999999.000,9999999.000,0.000,1.000,0.000,0,0,4,0,0,4,4,0,0.0,0.0,1.0,0.0,0.0,1.0
