Rule,Discrimination Score,Pos Robustness,Neg Robustness,Percent Class +,Percent Class -,TP,TN,FP,FN,Actual Yes,Actual No,Predicted Yes,Predicted No,TPR/Sens,TNR/Spec,FPR,Precision,Accuracy,MCR,Class
"G[0,0]((Pt_MotherT1D >= 0.000 -> NumPumpBolusOrShortAct >= 0.019) | Pt_FatherT1D <= 2.347)
",2.347,2.347,0.000,1.000,0.000,3,0,0,0,3,0,3,0,1.0,0.0,0.0,1.0,1.2,-0.19999999999999996,1
"G[0,0](((AlbCreatRat_mggNew <= 129.047 | bmiZscore >= 0.157) & Pt_MotherT1D >= -0.189) & GFR <= 0.896)
",0.189,0.189,0.000,1.000,0.000,3,0,0,0,3,0,3,0,1.0,0.0,0.0,1.0,1.2,-0.19999999999999996,1
"F[0,0]((BldPrSys >= 130.335 -> TotalDailyInsPerKg >= 0.508) & Pt_SHFlg >= 0.038)
",-23.984,-11.992,0.000,0.000,1.000,3,0,0,0,3,0,3,0,1.0,0.0,0.0,1.0,1.2,-0.19999999999999996,-1
"G[0,0](Pt_FatherT1D >= 0.000 & Pt_SHFlg = 0.000)
",-4.389,-26.738,0.000,1.000,0.000,3,0,0,0,3,0,3,0,1.0,0.0,0.0,1.0,1.2,-0.19999999999999996,1
"F[0,0]((diabDur <= 13.972 -> bmi <= 31.849) & diabDur >= 27.433)
",-31.849,-31.849,0.000,0.000,1.000,3,0,0,0,3,0,3,0,1.0,0.0,0.0,1.0,1.2,-0.19999999999999996,-1
"G[0,0](HeightCm >= 175.812 -> Pt_GrandchildT1D <= 0.000)
",0.000,0.000,0.000,1.000,0.000,3,0,0,0,3,0,3,0,1.0,0.0,0.0,1.0,1.2,-0.19999999999999996,1
"F[0,0](((diagAgeCombo <= 10.000 -> Pt_InsGov <= 0.000) & HbA1c <= 0.000) | HbA1c <= 0.000)
",-1.000,-0.515,0.000,0.000,1.000,3,0,0,0,3,0,3,0,1.0,0.0,0.0,1.0,1.2,-0.19999999999999996,-1
"G[0,0](((BldPrSys <= 145.571 & BUN <= 19.654) & HbA1c >= 0.988) | HbA1cImputeDtMnC <= 14.219)
",8.479,12.719,0.000,1.000,0.000,3,0,0,0,3,0,3,0,1.0,0.0,0.0,1.0,1.2,-0.19999999999999996,1
"G[0,0]((BldPrDia <= 78.068 | TSH <= 0.715) & diabDur >= 0.073)
",-0.285,-0.285,0.000,1.000,0.000,3,0,0,0,3,0,3,0,1.0,0.0,0.0,1.0,1.2,-0.19999999999999996,1
"G[0,0](((diabDur >= 10.449 -> HbA1cImputeDtMnC <= 54.435) & Pt_A1cGoalLev >= 32.251) -> AlbCreatRat_mggNew <= 49.638)
",-3.964,-39.638,0.000,1.000,0.000,3,0,0,0,3,0,3,0,1.0,0.0,0.0,1.0,1.2,-0.19999999999999996,1
"G[0,0]((DirectLDL >= 0.000 -> BGTestAvgNumMeter <= 0.000) -> DirectLDL <= 0.000)
",392.556,176.650,0.000,1.000,0.000,3,0,0,0,3,0,3,0,1.0,0.0,0.0,1.0,1.2,-0.19999999999999996,1
"G[0,0](((age <= 24.668 & UnitsInsBasalOrLongAct >= 25.871) & Pt_SiblingT1D >= 17.920) | BldPrDia >= 5.820)
",58.590,117.180,0.000,1.000,0.000,3,0,0,0,3,0,3,0,1.0,0.0,0.0,1.0,1.2,-0.19999999999999996,1
"G[0,1]((HbA1c <= 10.082 & TSH >= 0.025) -> LDL <= 0.836)
",9999999.000,9999999.000,0.000,1.000,0.000,2,0,1,0,2,1,3,0,1.0,0.0,1.0,0.6666666666666666,0.8,0.19999999999999996,1
"F[0,0](GFR <= 0.000 & HeightCm >= 176.140)
",-24.563,-93.340,0.000,0.000,1.000,2,0,0,1,3,0,2,1,0.6666666666666666,0.0,0.0,1.0,0.8,0.19999999999999996,-1
"F[1,1](((Pt_FatherT1D >= 0.000 | age <= 24.190) -> BUN >= 20.561) & Pt_SHFlg >= 21.616)
",-24.190,-24.190,0.000,0.000,1.000,2,0,0,1,3,0,2,1,0.6666666666666666,0.0,0.0,1.0,0.8,0.19999999999999996,-1
"F[1,1]((Pt_SHFlg >= 0.000 | bmi >= 28.070) & AlbCreatRat_mggNew <= 30.196)
",0.000,0.000,0.000,0.000,1.000,2,0,0,1,3,0,2,1,0.6666666666666666,0.0,0.0,1.0,0.8,0.19999999999999996,-1
"((AlbCreatRat_mggNew <= 141.141) U[1,1] (TotChol <= 93.410))
",141.141,141.141,0.000,0.000,1.000,2,0,0,1,3,0,2,1,0.6666666666666666,0.0,0.0,1.0,0.8,0.19999999999999996,-1
"G[0,1](((BUN <= 13.064 & UnitsInsBasalOrLongAct >= 13.958) | Pt_FatherT1D <= 41.257) | NumPumpBolusOrShortAct >= 9.965)
",9999999.000,9999999.000,0.000,1.000,0.000,2,0,1,0,2,1,3,0,1.0,0.0,1.0,0.6666666666666666,0.8,0.19999999999999996,1
"G[0,1]((WeightKg >= 87.401 | bmi >= 25.530) -> UnitsInsBasalOrLongAct <= 48.718)
",9999999.000,9999999.000,0.000,1.000,0.000,2,0,0,1,3,0,2,1,0.6666666666666666,0.0,0.0,1.0,0.8,0.19999999999999996,1
"G[1,1](UnitsInsBasalOrLongAct >= 14.088 | WeightKg <= 99.300)
",99.300,99.300,0.000,1.000,0.000,2,0,1,0,2,1,3,0,1.0,0.0,1.0,0.6666666666666666,0.8,0.19999999999999996,1
"G[1,1](SMBGperDayPtMeterCombo >= 0.063 & BGTestAvgNumPtRep >= 0.767)
",-0.767,-0.767,0.000,1.000,0.000,2,0,1,0,2,1,3,0,1.0,0.0,1.0,0.6666666666666666,0.8,0.19999999999999996,1
"G[0,1](HDL <= 37.219 -> Pt_GrandchildT1D <= 0.000)
",9999999.000,9999999.000,0.000,1.000,0.000,2,0,1,0,2,1,3,0,1.0,0.0,1.0,0.6666666666666666,0.8,0.19999999999999996,1
"G[0,1]((diabDur >= 11.701 | bmiPerc <= 0.209) | HbA1c >= 0.032)
",9999999.000,9999999.000,0.000,1.000,0.000,2,0,1,0,2,1,3,0,1.0,0.0,1.0,0.6666666666666666,0.8,0.19999999999999996,1
"G[0,1](DirectLDL <= 0.000 | age <= 23.605)
",9999999.000,9999999.000,0.000,1.000,0.000,2,0,1,0,2,1,3,0,1.0,0.0,1.0,0.6666666666666666,0.8,0.19999999999999996,1
"G[0,1](BldPrSys <= 134.971 | HbA1c <= 8.970)
",9999999.000,9999999.000,0.000,1.000,0.000,2,0,1,0,2,1,3,0,1.0,0.0,1.0,0.6666666666666666,0.8,0.19999999999999996,1
"F[0,1](((Pt_CGMUseNumDays <= 0.000 -> GFR <= 0.000) -> age <= 0.000) & bmiPerc <= 0.000)
",-9999999.000,-9999999.000,0.000,0.000,1.000,2,0,0,1,3,0,2,1,0.6666666666666666,0.0,0.0,1.0,0.8,0.19999999999999996,-1
"F[0,1](((TotalDailyInsPerKg >= 0.284 | diabDur <= 13.071) & Pt_SHFlg <= 14.623) -> BGTestAvgNumPtRep >= 11.872)
",-9999999.000,-9999999.000,0.000,0.000,1.000,2,0,0,1,3,0,2,1,0.6666666666666666,0.0,0.0,1.0,0.8,0.19999999999999996,-1
"F[0,1]((Pt_GrandchildT1D <= 0.000 | HDL >= 18.288) -> AutonomicNeuroCl >= 13.260)
",-9999999.000,-9999999.000,0.000,0.000,1.000,2,0,0,1,3,0,2,1,0.6666666666666666,0.0,0.0,1.0,0.8,0.19999999999999996,-1
"((Pt_DKAFlg <= 0.982) U[1,1] (bmiZscore <= 0.610))
",0.982,0.982,0.000,0.000,1.000,2,0,0,1,3,0,2,1,0.6666666666666666,0.0,0.0,1.0,0.8,0.19999999999999996,-1
"F[0,0]((TotalDailyInsPerKg >= 0.313 | Triglyc <= 42.866) -> age >= 24.829)
",-1.750,-27.276,0.000,0.000,1.000,2,0,0,1,3,0,2,1,0.6666666666666666,0.0,0.0,1.0,0.8,0.19999999999999996,-1
"F[1,1](((AutonomicNeuroCl >= 0.000 & AutonomicNeuroCl >= 0.000) & Pt_SiblingT1D >= 0.000) -> AlbCreatRat_mggNew <= 0.000)
",0.000,0.000,0.000,0.000,1.000,2,0,0,1,3,0,2,1,0.6666666666666666,0.0,0.0,1.0,0.8,0.19999999999999996,-1
"F[0,1](((AutonomicNeuroCl >= 0.000 & AutonomicNeuroCl <= 0.000) & HeightCm >= 0.000) -> AlbCreatRat_mggNew <= 0.000)
",-9999999.000,-9999999.000,0.000,0.000,1.000,2,0,0,1,3,0,2,1,0.6666666666666666,0.0,0.0,1.0,0.8,0.19999999999999996,-1
"F[0,1]((bmiZscore >= 0.003 | HDL <= 47.378) & TSH >= 0.074)
",-9999999.000,-9999999.000,0.000,0.000,1.000,2,0,0,1,3,0,2,1,0.6666666666666666,0.0,0.0,1.0,0.8,0.19999999999999996,-1
"F[0,1](((bmiZscore <= 0.370 & LDL <= 82.303) -> Pt_GrandparentT1D <= 65.403) & NumPumpBolusOrShortAct >= 8.717)
",-9999999.000,-9999999.000,0.000,0.000,1.000,2,0,0,1,3,0,2,1,0.6666666666666666,0.0,0.0,1.0,0.8,0.19999999999999996,-1
"F[0,0]((TotalDailyInsPerKg >= 0.674 -> TotalDailyInsPerKg >= 0.770) & bmiZscore >= 0.293)
",-23.652,-11.826,0.000,0.000,1.000,2,0,0,1,3,0,2,1,0.6666666666666666,0.0,0.0,1.0,0.8,0.19999999999999996,-1
"F[0,1]((BldPrSys >= 126.810 | NumPumpBolusOrShortAct >= 0.614) & diabDur <= 2.643)
",-9999999.000,-9999999.000,0.000,0.000,1.000,2,0,0,1,3,0,2,1,0.6666666666666666,0.0,0.0,1.0,0.8,0.19999999999999996,-1
"G[0,1](((Pt_GrandparentT1D >= 0.000 | age <= 24.837) | HbA1cImputeDtMnC >= 20.681) & diabDur <= 23.487)
",9999999.000,9999999.000,0.000,1.000,0.000,2,0,1,0,2,1,3,0,1.0,0.0,1.0,0.6666666666666666,0.8,0.19999999999999996,1
"F[0,1](((bmiZscore <= 0.812 | TotChol >= 17.960) & HbA1c <= 46.020) & TotalDailyInsPerKg >= 16.035)
",-9999999.000,-9999999.000,0.000,0.000,1.000,2,0,0,1,3,0,2,1,0.6666666666666666,0.0,0.0,1.0,0.8,0.19999999999999996,-1
"F[0,1](HbA1cImputeDtMnC >= 6.110 & LDL >= 10.542)
",-9999999.000,-9999999.000,0.000,0.000,1.000,2,0,0,1,3,0,2,1,0.6666666666666666,0.0,0.0,1.0,0.8,0.19999999999999996,-1
"F[1,1]((BldPrDia >= 71.425 -> bmiPerc <= 0.402) -> Pt_ChildT1D >= 0.051)
",0.051,0.051,0.000,0.000,1.000,2,0,0,1,3,0,2,1,0.6666666666666666,0.0,0.0,1.0,0.8,0.19999999999999996,-1
"F[0,1](((age >= 20.613 | HeightCm <= 176.645) & Pt_SiblingT1D <= 176.567) -> BldPrDia >= 175.807)
",-9999999.000,-9999999.000,0.000,0.000,1.000,2,0,0,1,3,0,2,1,0.6666666666666666,0.0,0.0,1.0,0.8,0.19999999999999996,-1
"F[0,1](((HDL >= 14.199 & LDL >= 1.208) | DirectLDL <= 83.044) -> AutonomicNeuroCl >= 7.743)
",-9999999.000,-9999999.000,0.000,0.000,1.000,2,0,0,1,3,0,2,1,0.6666666666666666,0.0,0.0,1.0,0.8,0.19999999999999996,-1
"((TotChol >= 16.640) U[1,1] (WeightKg >= 81.019))
",-16.640,-16.640,0.000,0.000,1.000,2,0,0,1,3,0,2,1,0.6666666666666666,0.0,0.0,1.0,0.8,0.19999999999999996,-1
"G[1,1]((AutonomicNeuroCl >= 0.000 -> Pt_A1cGoalLevelDsYr5 <= 0.000) | LDL >= 0.000)
",0.000,0.000,0.000,1.000,0.000,2,0,1,0,2,1,3,0,1.0,0.0,1.0,0.6666666666666666,0.8,0.19999999999999996,1
"G[0,1](((TotChol <= 145.510 -> GFR <= 0.000) | DirectLDL >= 0.000) | Pt_GrandparentT1D >= 0.000)
",9999999.000,9999999.000,0.000,1.000,0.000,2,0,1,0,2,1,3,0,1.0,0.0,1.0,0.6666666666666666,0.8,0.19999999999999996,1
"G[1,1](((LDL >= 10.372 & GFR >= 0.000) | BldPrDia >= 0.000) | Pt_ChildT1D >= 0.000)
",0.000,0.000,0.000,1.000,0.000,2,0,1,0,2,1,3,0,1.0,0.0,1.0,0.6666666666666666,0.8,0.19999999999999996,1
"G[0,1](((Pt_A1cGoalLev >= 0.000 & Pt_SHFlg <= 0.000) & HbA1cImputeDtMnC >= 0.000) -> GFR >= 0.000)
",9999999.000,9999999.000,0.000,1.000,0.000,2,0,1,0,2,1,3,0,1.0,0.0,1.0,0.6666666666666666,0.8,0.19999999999999996,1
"G[0,1]((bmiZscore <= 1.127 -> HbA1c <= 10.340) -> HbA1c <= 9.948)
",9999999.000,9999999.000,0.000,1.000,0.000,2,0,1,0,2,1,3,0,1.0,0.0,1.0,0.6666666666666666,0.8,0.19999999999999996,1
"G[0,0](((age <= 23.377 -> Pt_FatherT1D <= 0.000) -> NumPumpBolusOrShortAct <= 0.000) & BldPrDia >= 0.000)
",0.000,0.000,0.000,1.000,0.000,2,0,0,1,3,0,2,1,0.6666666666666666,0.0,0.0,1.0,0.8,0.19999999999999996,1
"G[0,0]((WeightKg >= 83.191 | bmi >= 27.582) -> UnitsInsBasalOrLongAct <= 46.371)
",27.582,27.582,0.000,1.000,0.000,2,0,0,1,3,0,2,1,0.6666666666666666,0.0,0.0,1.0,0.8,0.19999999999999996,1
"G[1,1]((Pt_SHFlg <= 0.000 | Pt_GrandchildT1D <= 0.000) & HbA1c >= 0.000)
",0.000,0.000,0.000,1.000,0.000,2,0,1,0,2,1,3,0,1.0,0.0,1.0,0.6666666666666666,0.8,0.19999999999999996,1
"G[0,0](((LDL <= 22.730 | TotalDailyInsPerKg <= 1.150) -> Triglyc >= 0.305) -> Pt_CGMUseNumDays >= 0.470)
",-9241.530,-9241.530,0.000,1.000,0.000,2,0,0,1,3,0,2,1,0.6666666666666666,0.0,0.0,1.0,0.8,0.19999999999999996,1
"G[0,1](((DirectLDL <= 0.000 | AutonomicNeuroCl <= 0.000) | TotalDailyInsPerKg >= 0.000) | TSH <= 0.000)
",9999999.000,9999999.000,0.000,1.000,0.000,2,0,1,0,2,1,3,0,1.0,0.0,1.0,0.6666666666666666,0.8,0.19999999999999996,1
"G[1,1](((bmi >= 25.687 -> diabDur <= 13.787) & WeightKg <= 14.143) -> bmiZscore >= 10.412)
",10.412,10.412,0.000,1.000,0.000,2,0,1,0,2,1,3,0,1.0,0.0,1.0,0.6666666666666666,0.8,0.19999999999999996,1
"G[0,1](((bmiZscore >= 0.034 & Pt_GrandparentT1D <= 0.000) | HbA1cImputeDtMnC >= 0.000) -> BldPrSys >= 0.000)
",9999999.000,9999999.000,0.000,1.000,0.000,2,0,1,0,2,1,3,0,1.0,0.0,1.0,0.6666666666666666,0.8,0.19999999999999996,1
"G[1,1]((LDL >= 1.492 -> bmi >= 27.344) | Pt_SHFlg <= 28.555)
",28.555,28.555,0.000,1.000,0.000,2,0,1,0,2,1,3,0,1.0,0.0,1.0,0.6666666666666666,0.8,0.19999999999999996,1
"G[0,1](BGTestAvgNumMeter >= 0.000 & Pt_SHFlg = 0.000)
",9999999.000,9999999.000,0.000,1.000,0.000,2,0,1,0,2,1,3,0,1.0,0.0,1.0,0.6666666666666666,0.8,0.19999999999999996,1
"G[0,1]((Pt_SiblingT1D <= 0.000 | Pt_GrandchildT1D <= 0.000) | BUN >= 0.000)
",9999999.000,9999999.000,0.000,1.000,0.000,2,0,1,0,2,1,3,0,1.0,0.0,1.0,0.6666666666666666,0.8,0.19999999999999996,1
"G[0,1](((AlbCreatRat_mggNew <= 131.365 & BldPrDia >= 71.953) -> TotalDailyInsPerKg <= 79.240) | bmiPerc <= 81.238)
",9999999.000,9999999.000,0.000,1.000,0.000,2,0,1,0,2,1,3,0,1.0,0.0,1.0,0.6666666666666666,0.8,0.19999999999999996,1
"G[1,1](Pt_MotherT1D >= 0.000 & Pt_SHFlg = 0.000)
",0.000,0.000,0.000,1.000,0.000,2,0,1,0,2,1,3,0,1.0,0.0,1.0,0.6666666666666666,0.8,0.19999999999999996,1
"G[0,0](HeightCm <= 176.777 & BGTestAvgNumMeter <= 0.000)
",-45.000,-45.000,0.000,1.000,0.000,2,0,0,1,3,0,2,1,0.6666666666666666,0.0,0.0,1.0,0.8,0.19999999999999996,1
"G[0,1](DirectLDL >= 0.000 | Pt_GrandchildT1D <= 0.000)
",9999999.000,9999999.000,0.000,1.000,0.000,2,0,1,0,2,1,3,0,1.0,0.0,1.0,0.6666666666666666,0.8,0.19999999999999996,1
"G[0,1](age <= 23.648 | UnitsInsBasalOrLongAct >= 18.256)
",9999999.000,9999999.000,0.000,1.000,0.000,2,0,1,0,2,1,3,0,1.0,0.0,1.0,0.6666666666666666,0.8,0.19999999999999996,1
"G[0,1]((DirectLDL >= 0.000 -> Pt_GrandchildT1D <= 0.000) & DirectLDL >= 0.000)
",9999999.000,9999999.000,0.000,1.000,0.000,2,0,1,0,2,1,3,0,1.0,0.0,1.0,0.6666666666666666,0.8,0.19999999999999996,1
"G[0,1](AlbCreatRat_mggNew <= 137.384 | BldPrSys <= 134.793)
",9999999.000,9999999.000,0.000,1.000,0.000,2,0,1,0,2,1,3,0,1.0,0.0,1.0,0.6666666666666666,0.8,0.19999999999999996,1
"G[0,0](((AlbCreatRat_mggNew >= 65.365 | HDL <= 30.122) | HbA1cImputeDtMnC >= 11.059) | HeightCm <= 45.524)
",30.122,30.122,0.000,1.000,0.000,2,0,0,1,3,0,2,1,0.6666666666666666,0.0,0.0,1.0,0.8,0.19999999999999996,1
"G[0,1](HeightCm <= 176.475 | AutonomicNeuroCl <= 0.000)
",9999999.000,9999999.000,0.000,1.000,0.000,2,0,1,0,2,1,3,0,1.0,0.0,1.0,0.6666666666666666,0.8,0.19999999999999996,1
"G[0,1](((DirectLDL <= 0.000 | Pt_SiblingT1D <= 0.000) & BldPrDia <= 0.000) | BldPrSys >= 0.000)
",9999999.000,9999999.000,0.000,1.000,0.000,2,0,1,0,2,1,3,0,1.0,0.0,1.0,0.6666666666666666,0.8,0.19999999999999996,1
"G[0,0](Pt_SiblingT1D >= 0.000 -> bmiZscore <= 0.918)
",-0.918,-0.918,0.000,1.000,0.000,2,0,0,1,3,0,2,1,0.6666666666666666,0.0,0.0,1.0,0.8,0.19999999999999996,1
"G[1,1]((HDL >= 19.100 & WeightKg >= 83.152) | diabDur <= 96.870)
",96.870,96.870,0.000,1.000,0.000,2,0,1,0,2,1,3,0,1.0,0.0,1.0,0.6666666666666666,0.8,0.19999999999999996,1
"G[1,1]((Triglyc >= 12.839 -> Pt_A1cGoalLevelDsYr5 <= 0.000) | bmiPerc >= 0.000)
",0.000,0.000,0.000,1.000,0.000,2,0,1,0,2,1,3,0,1.0,0.0,1.0,0.6666666666666666,0.8,0.19999999999999996,1
"G[0,1](AlbCreatRat_mggNew >= 55.271 -> Pt_SiblingT1D >= 0.000)
",9999999.000,9999999.000,0.000,1.000,0.000,2,0,1,0,2,1,3,0,1.0,0.0,1.0,0.6666666666666666,0.8,0.19999999999999996,1
"G[1,1](AlbCreatRat_mggNew <= 142.639 -> HbA1cImputeDtMnC <= 58.982)
",-142.639,-142.639,0.000,1.000,0.000,2,0,1,0,2,1,3,0,1.0,0.0,1.0,0.6666666666666666,0.8,0.19999999999999996,1
"G[0,1](((Pt_FatherT1D <= 0.000 -> Pt_CGMUseNumDays <= 0.000) & SMBGperDayPtMeterCombo <= 0.000) -> Pt_SiblingT1D >= 0.000)
",9999999.000,9999999.000,0.000,1.000,0.000,2,0,1,0,2,1,3,0,1.0,0.0,1.0,0.6666666666666666,0.8,0.19999999999999996,1
"G[0,1]((Pt_InsGov <= 0.000 & DirectLDL >= 0.000) & Pt_GrandchildT1D >= 0.000)
",9999999.000,9999999.000,0.000,1.000,0.000,2,0,1,0,2,1,3,0,1.0,0.0,1.0,0.6666666666666666,0.8,0.19999999999999996,1
"G[0,1](Pt_GrandparentT1D < 0.000 -> Pt_SHFlg = 0.000)
",9999999.000,9999999.000,0.000,1.000,0.000,2,0,1,0,2,1,3,0,1.0,0.0,1.0,0.6666666666666666,0.8,0.19999999999999996,1
"G[0,1](WeightKg > 81.570 -> Pt_SHFlg = 0.000)
",9999999.000,9999999.000,0.000,1.000,0.000,2,0,1,0,2,1,3,0,1.0,0.0,1.0,0.6666666666666666,0.8,0.19999999999999996,1
"G[1,1]((WeightKg >= 83.814 | bmi >= 24.894) -> UnitsInsBasalOrLongAct <= 46.290)
",-46.290,-46.290,0.000,1.000,0.000,2,0,1,0,2,1,3,0,1.0,0.0,1.0,0.6666666666666666,0.8,0.19999999999999996,1
"G[1,1](BGTestAvgNumMeter < 0.000 -> Pt_SHFlg = 0.000)
",0.000,0.000,0.000,1.000,0.000,2,0,1,0,2,1,3,0,1.0,0.0,1.0,0.6666666666666666,0.8,0.19999999999999996,1
"G[0,1]((bmiZscore <= 0.772 | Triglyc <= 78.069) | TotChol <= 75.667)
",9999999.000,9999999.000,0.000,1.000,0.000,2,0,1,0,2,1,3,0,1.0,0.0,1.0,0.6666666666666666,0.8,0.19999999999999996,1
"G[1,1](TotalDailyInsPerKg >= 0.440 & Pt_SHFlg >= 0.000)
",-0.440,-0.440,0.000,1.000,0.000,2,0,1,0,2,1,3,0,1.0,0.0,1.0,0.6666666666666666,0.8,0.19999999999999996,1
"F[0,0](((TotChol <= 107.659 & Pt_ChildT1D <= 0.000) | NumPumpBolusOrShortAct <= 0.000) & Pt_DKAFlg <= 0.000)
",0.000,0.000,0.000,0.000,1.000,1,0,0,2,3,0,1,2,0.3333333333333333,0.0,0.0,1.0,0.4,0.6,-1
"((bmi >= 27.245) U[0,1] (bmiPerc >= 0.115))
",-9999999.000,-9999999.000,0.000,0.000,1.000,1,0,0,2,3,0,1,2,0.3333333333333333,0.0,0.0,1.0,0.4,0.6,-1
"((bmiPerc <= 0.257) U[1,1] (UnitsInsBasalOrLongAct >= 14.282))
",0.257,0.257,0.000,0.000,1.000,1,0,0,2,3,0,1,2,0.3333333333333333,0.0,0.0,1.0,0.4,0.6,-1
"F[1,1](BUN <= 19.197 -> WeightKg <= 91.932)
",-91.932,-91.932,0.000,0.000,1.000,1,0,0,2,3,0,1,2,0.3333333333333333,0.0,0.0,1.0,0.4,0.6,-1
"((HbA1c >= 7.316) U[0,1] (TotChol >= 24.301))
",-9999999.000,-9999999.000,0.000,0.000,1.000,1,0,0,2,3,0,1,2,0.3333333333333333,0.0,0.0,1.0,0.4,0.6,-1
"((HeightCm <= 177.087) U[1,2] (SMBGperDayPtMeterCombo >= 1.331))
",-9999999.000,-9999999.000,0.000,0.000,1.000,1,0,0,2,3,0,1,2,0.3333333333333333,0.0,0.0,1.0,0.4,0.6,-1
"((bmi >= 25.899) U[0,0] (TotalDailyInsPerKg <= 1.282))
",-22.437,-11.218,0.000,0.000,1.000,1,0,0,2,3,0,1,2,0.3333333333333333,0.0,0.0,1.0,0.4,0.6,-1
"F[0,1](LDL >= 9.044 | LDL >= 10.752)
",-9999999.000,-9999999.000,0.000,0.000,1.000,1,0,0,2,3,0,1,2,0.3333333333333333,0.0,0.0,1.0,0.4,0.6,-1
"F[0,1](((Pt_ChildT1D <= 0.000 | Triglyc >= 31.008) & UnitsInsBasalOrLongAct >= 11.618) -> BGTestAvgNumPtRep >= 32.697)
",-9999999.000,-9999999.000,0.000,0.000,1.000,1,0,0,2,3,0,1,2,0.3333333333333333,0.0,0.0,1.0,0.4,0.6,-1
"F[0,0](age <= 24.947 -> BldPrSys <= 137.294)
",-137.294,-137.294,0.000,0.000,1.000,1,0,0,2,3,0,1,2,0.3333333333333333,0.0,0.0,1.0,0.4,0.6,-1
"((HeightCm >= 176.200) U[1,2] (Pt_DKAFlg <= 0.459))
",-9999999.000,-9999999.000,0.000,0.000,1.000,1,0,0,2,3,0,1,2,0.3333333333333333,0.0,0.0,1.0,0.4,0.6,-1
"((SMBGperDayPtMeterCombo <= 3.568) U[1,1] (Pt_A1cGoalLev <= 0.000))
",3.568,3.568,0.000,0.000,1.000,1,0,0,2,3,0,1,2,0.3333333333333333,0.0,0.0,1.0,0.4,0.6,-1
"((HbA1cImputeDtMnC >= 8.800) U[0,1] (Pt_DKAFlg >= 0.180))
",-9999999.000,-9999999.000,0.000,0.000,1.000,1,0,0,2,3,0,1,2,0.3333333333333333,0.0,0.0,1.0,0.4,0.6,-1
"((bmiZscore <= 0.638) U[0,1] (BUN <= 11.594))
",-9999999.000,-9999999.000,0.000,0.000,1.000,1,0,0,2,3,0,1,2,0.3333333333333333,0.0,0.0,1.0,0.4,0.6,-1
"F[0,1](((Pt_A1cGoalLevelDsYr5 <= 0.000 & HDL >= 12.078) & UnitsInsBasalOrLongAct >= 16.502) | SMBGperDayPtMeterCombo >= 17.141)
",-9999999.000,-9999999.000,0.000,0.000,1.000,1,0,0,2,3,0,1,2,0.3333333333333333,0.0,0.0,1.0,0.4,0.6,-1
"F[1,1](((NumPumpBolusOrShortAct >= 1.055 -> WeightKg >= 86.068) -> BGTestAvgNumPtRep <= 91.180) -> Triglyc >= 78.023)
",78.023,78.023,0.000,0.000,1.000,1,0,0,2,3,0,1,2,0.3333333333333333,0.0,0.0,1.0,0.4,0.6,-1
"((BldPrDia <= 80.516) U[1,1] (UnitsInsBasalOrLongAct <= 35.829))
",80.516,80.516,0.000,0.000,1.000,1,0,0,2,3,0,1,2,0.3333333333333333,0.0,0.0,1.0,0.4,0.6,-1
"F[1,1](((UnitsInsBasalOrLongAct <= 42.791 & NumPumpBolusOrShortAct <= 2.930) -> AutonomicNeuroCl >= 0.433) -> TotChol <= 1.386)
",-1.386,-1.386,0.000,0.000,1.000,1,0,0,2,3,0,1,2,0.3333333333333333,0.0,0.0,1.0,0.4,0.6,-1
"((Pt_GrandchildT1D <= 0.000) U[0,0] (LDL <= 60.162))
",723.231,59.041,0.000,0.000,1.000,1,0,0,2,3,0,1,2,0.3333333333333333,0.0,0.0,1.0,0.4,0.6,-1
"F[0,1]((Pt_MotherT1D >= 0.000 & HeightCm >= 176.253) | Pt_SHFlg >= 176.030)
",-9999999.000,-9999999.000,0.000,0.000,1.000,1,0,0,2,3,0,1,2,0.3333333333333333,0.0,0.0,1.0,0.4,0.6,-1
"((Triglyc >= 24.814) U[1,1] (Pt_SHFlg = 0.000))
",0.000,0.000,0.000,0.000,1.000,1,0,0,2,3,0,1,2,0.3333333333333333,0.0,0.0,1.0,0.4,0.6,-1
"F[1,1]((Pt_InsGov >= 0.000 -> age <= 23.192) | Pt_SiblingT1D >= 21.416)
",-21.416,-21.416,0.000,0.000,1.000,1,0,0,2,3,0,1,2,0.3333333333333333,0.0,0.0,1.0,0.4,0.6,-1
"((BldPrDia <= 80.418) U[1,2] (Pt_SHFlg = 0.000))
",-9999999.000,-9999999.000,0.000,0.000,1.000,1,0,0,2,3,0,1,2,0.3333333333333333,0.0,0.0,1.0,0.4,0.6,-1
"F[0,1](bmiZscore >= -0.327 & HbA1c <= 9.849)
",-9999999.000,-9999999.000,0.000,0.000,1.000,1,0,0,2,3,0,1,2,0.3333333333333333,0.0,0.0,1.0,0.4,0.6,-1
"((bmiPerc <= 0.706) U[0,1] (TSH >= 0.148))
",-9999999.000,-9999999.000,0.000,0.000,1.000,1,0,0,2,3,0,1,2,0.3333333333333333,0.0,0.0,1.0,0.4,0.6,-1
"((BGTestAvgNumMeter >= 0.000) U[0,0] (BGTestAvgNumPtRep <= 3.426))
",45.000,45.000,0.000,0.000,1.000,1,0,0,2,3,0,1,2,0.3333333333333333,0.0,0.0,1.0,0.4,0.6,-1
"((bmiPerc < 0.449) U[1,1] (Pt_SHFlg = 0.000))
",0.449,0.449,0.000,0.000,1.000,1,0,0,2,3,0,1,2,0.3333333333333333,0.0,0.0,1.0,0.4,0.6,-1
"F[0,0](((Pt_FatherT1D >= 0.000 -> HbA1cImputeDtMnC <= 50.397) | Pt_ChildT1D <= 45.054) & AlbCreatRat_mggNew >= 28.891)
",-1.889,-18.891,0.000,0.000,1.000,1,0,0,2,3,0,1,2,0.3333333333333333,0.0,0.0,1.0,0.4,0.6,-1
"F[0,1](((BldPrDia >= 72.546 -> TotalDailyInsPerKg >= 0.221) -> NumPumpBolusOrShortAct <= 0.909) & NumPumpBolusOrShortAct <= 1.043)
",-9999999.000,-9999999.000,0.000,0.000,1.000,1,0,0,2,3,0,1,2,0.3333333333333333,0.0,0.0,1.0,0.4,0.6,-1
"F[0,0](HbA1c <= 10.519 & BldPrSys <= 133.884)
",19.426,10.004,0.000,0.000,1.000,1,0,0,2,3,0,1,2,0.3333333333333333,0.0,0.0,1.0,0.4,0.6,-1
"((BldPrDia <= 77.438) U[1,2] (Pt_ChildT1D >= 0.000))
",-9999999.000,-9999999.000,0.000,0.000,1.000,1,0,0,2,3,0,1,2,0.3333333333333333,0.0,0.0,1.0,0.4,0.6,-1
"((bmiPerc >= 0.113) U[1,2] (BUN <= 18.411))
",-9999999.000,-9999999.000,0.000,0.000,1.000,1,0,0,2,3,0,1,2,0.3333333333333333,0.0,0.0,1.0,0.4,0.6,-1
"((HDL <= 40.052) U[1,2] (HeightCm <= 176.444))
",-9999999.000,-9999999.000,0.000,0.000,1.000,1,0,0,2,3,0,1,2,0.3333333333333333,0.0,0.0,1.0,0.4,0.6,-1
"F[0,1](Triglyc >= 34.536 & diabDur >= 10.657)
",-9999999.000,-9999999.000,0.000,0.000,1.000,1,0,0,2,3,0,1,2,0.3333333333333333,0.0,0.0,1.0,0.4,0.6,-1
"F[0,1](BldPrSys <= 141.782 -> TotChol >= 9.194)
",-9999999.000,-9999999.000,0.000,0.000,1.000,1,0,0,2,3,0,1,2,0.3333333333333333,0.0,0.0,1.0,0.4,0.6,-1
"F[0,1](TSH >= 0.196 & SMBGperDayPtMeterCombo <= 2.886)
",-9999999.000,-9999999.000,0.000,0.000,1.000,1,0,0,2,3,0,1,2,0.3333333333333333,0.0,0.0,1.0,0.4,0.6,-1
"F[0,0]((Pt_GrandchildT1D <= 0.000 -> BldPrDia >= 71.926) & Pt_SHFlg <= 83.551)
",-25.537,-51.074,0.000,0.000,1.000,1,0,0,2,3,0,1,2,0.3333333333333333,0.0,0.0,1.0,0.4,0.6,-1
"((Pt_SiblingT1D >= 0.000) U[0,0] (UnitsInsBasalOrLongAct >= 26.254))
",118.346,118.346,0.000,0.000,1.000,1,0,0,2,3,0,1,2,0.3333333333333333,0.0,0.0,1.0,0.4,0.6,-1
"F[1,1](((BldPrDia >= 73.770 -> bmiZscore >= 0.021) -> bmi <= 0.740) | Pt_SHFlg >= 0.110)
",-0.110,-0.110,0.000,0.000,1.000,1,0,0,2,3,0,1,2,0.3333333333333333,0.0,0.0,1.0,0.4,0.6,-1
"((SMBGperDayPtMeterCombo <= 3.536) U[1,2] (Triglyc >= 35.073))
",-9999999.000,-9999999.000,0.000,0.000,1.000,1,0,0,2,3,0,1,2,0.3333333333333333,0.0,0.0,1.0,0.4,0.6,-1
"F[0,1](TotChol <= 126.004 & diabDur >= 10.670)
",-9999999.000,-9999999.000,0.000,0.000,1.000,1,0,0,2,3,0,1,2,0.3333333333333333,0.0,0.0,1.0,0.4,0.6,-1
"F[0,1]((HbA1c >= 8.739 & HbA1c <= 9.246) | Triglyc <= 9.570)
",-9999999.000,-9999999.000,0.000,0.000,1.000,1,0,0,2,3,0,1,2,0.3333333333333333,0.0,0.0,1.0,0.4,0.6,-1
"F[1,1]((bmiZscore <= 0.475 | Triglyc >= 12.098) & NumPumpBolusOrShortAct <= 75.746)
",0.475,0.475,0.000,0.000,1.000,1,0,0,2,3,0,1,2,0.3333333333333333,0.0,0.0,1.0,0.4,0.6,-1
"F[0,0](((Pt_MotherT1D <= 0.000 | BGTestAvgNumPtRep <= 4.066) | UnitsInsBasalOrLongAct <= 3.432) -> SMBGperDayPtMeterCombo >= 2.564)
",-28.374,-70.936,0.000,0.000,1.000,1,0,0,2,3,0,1,2,0.3333333333333333,0.0,0.0,1.0,0.4,0.6,-1
"((BGTestAvgNumMeter >= 0.000) U[1,1] (BGTestAvgNumPtRep <= 3.417))
",3.417,3.417,0.000,0.000,1.000,1,0,0,2,3,0,1,2,0.3333333333333333,0.0,0.0,1.0,0.4,0.6,-1
"((AlbCreatRat_mggNew >= 37.091) U[0,0] (WeightKg >= 78.995))
",-2.709,-27.091,0.000,0.000,1.000,1,0,0,2,3,0,1,2,0.3333333333333333,0.0,0.0,1.0,0.4,0.6,-1
"((LDL <= 83.213) U[0,0] (WeightKg >= 83.896))
",1005.593,82.092,0.000,0.000,1.000,1,0,0,2,3,0,1,2,0.3333333333333333,0.0,0.0,1.0,0.4,0.6,-1
"G[0,0](TotalDailyInsPerKg <= 1.120 -> TotChol >= 26.586)
",-0.380,-7.267,0.000,1.000,0.000,1,0,0,2,3,0,1,2,0.3333333333333333,0.0,0.0,1.0,0.4,0.6,1
"G[1,1](GFR <= 0.000 -> BUN >= 6.932)
",0.000,0.000,0.000,1.000,0.000,1,0,1,1,2,1,2,1,0.5,0.0,1.0,0.5,0.4,0.6,1
"G[0,1](((age >= 22.761 -> TotalDailyInsPerKg >= 0.690) & Triglyc <= 1.260) | LDL >= 0.198)
",9999999.000,9999999.000,0.000,1.000,0.000,1,0,0,2,3,0,1,2,0.3333333333333333,0.0,0.0,1.0,0.4,0.6,1
"G[1,1](GFR <= 0.000 -> BUN >= 6.801)
",0.000,0.000,0.000,1.000,0.000,1,0,1,1,2,1,2,1,0.5,0.0,1.0,0.5,0.4,0.6,1
"G[0,0]((HbA1c >= 8.278 | DirectLDL >= 0.000) & HbA1cImputeDtMnC <= 0.000)
",-1.000,-1.500,0.000,1.000,0.000,1,0,0,2,3,0,1,2,0.3333333333333333,0.0,0.0,1.0,0.4,0.6,1
"G[0,1](((Pt_GrandchildT1D >= 0.000 | AlbCreatRat_mggNew >= 91.192) & TotalDailyInsPerKg <= 136.387) & Triglyc >= 18.024)
",9999999.000,9999999.000,0.000,1.000,0.000,1,0,0,2,3,0,1,2,0.3333333333333333,0.0,0.0,1.0,0.4,0.6,1
"G[0,1]((age <= 24.656 -> Triglyc <= 54.659) -> Pt_SiblingT1D >= 12.289)
",9999999.000,9999999.000,0.000,1.000,0.000,1,0,0,2,3,0,1,2,0.3333333333333333,0.0,0.0,1.0,0.4,0.6,1
"G[1,1]((WeightKg >= 78.297 | bmi >= 25.182) -> UnitsInsBasalOrLongAct <= 34.959)
",-34.959,-34.959,0.000,1.000,0.000,1,0,1,1,2,1,2,1,0.5,0.0,1.0,0.5,0.4,0.6,1
"G[0,1]((TSH >= 0.165 -> DirectLDL <= 0.000) -> bmiZscore >= 0.000)
",9999999.000,9999999.000,0.000,1.000,0.000,1,0,1,1,2,1,2,1,0.5,0.0,1.0,0.5,0.4,0.6,1
"G[0,1](bmi >= 25.511 | HbA1cImputeDtMnC >= 8.561)
",9999999.000,9999999.000,0.000,1.000,0.000,1,0,1,1,2,1,2,1,0.5,0.0,1.0,0.5,0.4,0.6,1
"G[1,1](SMBGperDayPtMeterCombo >= 2.271 & BGTestAvgNumPtRep >= 2.136)
",-2.271,-2.271,0.000,1.000,0.000,1,0,1,1,2,1,2,1,0.5,0.0,1.0,0.5,0.4,0.6,1
"G[0,1](GFR <= 0.000 -> BUN >= 4.224)
",9999999.000,9999999.000,0.000,1.000,0.000,1,0,0,2,3,0,1,2,0.3333333333333333,0.0,0.0,1.0,0.4,0.6,1
"G[1,1](Pt_InsGov >= 0.000 -> bmi <= 29.813)
",-29.813,-29.813,0.000,1.000,0.000,1,0,1,1,2,1,2,1,0.5,0.0,1.0,0.5,0.4,0.6,1
"G[0,1](Pt_SHFlg <= 0.000 & Triglyc >= 26.998)
",9999999.000,9999999.000,0.000,1.000,0.000,1,0,0,2,3,0,1,2,0.3333333333333333,0.0,0.0,1.0,0.4,0.6,1
"G[0,1](((BldPrSys <= 133.160 | HDL >= 8.488) | BldPrDia <= 33.406) -> HDL >= 12.844)
",9999999.000,9999999.000,0.000,1.000,0.000,1,0,0,2,3,0,1,2,0.3333333333333333,0.0,0.0,1.0,0.4,0.6,1
"G[0,1]((Pt_GrandchildT1D >= 0.000 -> diagAgeCombo <= 10.000) & HbA1c <= 10.000)
",9999999.000,9999999.000,0.000,1.000,0.000,1,0,1,1,2,1,2,1,0.5,0.0,1.0,0.5,0.4,0.6,1
"G[0,1](HbA1cImputeDtMnC <= 44.440 -> NumPumpBolusOrShortAct >= 0.893)
",9999999.000,9999999.000,0.000,1.000,0.000,1,0,1,1,2,1,2,1,0.5,0.0,1.0,0.5,0.4,0.6,1
"G[1,1]((TotalDailyInsPerKg <= 1.207 -> DirectLDL <= 0.000) & HDL <= 0.000)
",-1.207,-1.207,0.000,1.000,0.000,1,0,1,1,2,1,2,1,0.5,0.0,1.0,0.5,0.4,0.6,1
"G[0,1]((diabDur >= 11.692 & NumPumpBolusOrShortAct <= 1.444) -> age <= 1.660)
",9999999.000,9999999.000,0.000,1.000,0.000,1,0,0,2,3,0,1,2,0.3333333333333333,0.0,0.0,1.0,0.4,0.6,1
"G[0,0]((bmiZscore >= 0.285 | AlbCreatRat_mggNew >= 45.005) -> TotChol >= 115.074)
",0.285,0.285,0.000,1.000,0.000,1,0,0,2,3,0,1,2,0.3333333333333333,0.0,0.0,1.0,0.4,0.6,1
"G[1,1]((diabDur >= 10.432 -> HbA1cImputeDtMnC <= 39.473) & BldPrDia >= 3.689)
",-39.473,-39.473,0.000,1.000,0.000,1,0,1,1,2,1,2,1,0.5,0.0,1.0,0.5,0.4,0.6,1
"G[0,1]((Pt_MotherT1D >= 0.000 & diabDur >= 12.307) | DirectLDL >= 10.369)
",9999999.000,9999999.000,0.000,1.000,0.000,1,0,1,1,2,1,2,1,0.5,0.0,1.0,0.5,0.4,0.6,1
"G[1,1](((Pt_DKAFlg <= 0.693 & Triglyc >= 24.877) & BldPrDia <= 57.394) | TotChol <= 96.793)
",96.793,96.793,0.000,1.000,0.000,1,0,1,1,2,1,2,1,0.5,0.0,1.0,0.5,0.4,0.6,1
"F[2,2]((BUN <= 15.982 & Triglyc >= 4.538) -> Pt_A1cGoalLev <= 80.550)
",-80.550,-80.550,0.000,0.000,1.000,0,0,0,3,3,0,0,3,0.0,0.0,0.0,0.0,0.0,1.0,-1
"F[0,2](age >= 22.395 & HDL <= 38.405)
",-9999999.000,-9999999.000,0.000,0.000,1.000,0,0,0,3,3,0,0,3,0.0,0.0,0.0,0.0,0.0,1.0,-1
"F[0,2](HbA1c >= 7.280 -> LDL <= 90.261)
",-9999999.000,-9999999.000,0.000,0.000,1.000,0,0,0,3,3,0,0,3,0.0,0.0,0.0,0.0,0.0,1.0,-1
"F[0,1](HbA1c >= 7.408 -> Pt_A1cGoalLevelDsYr5 = 0.000)
",-9999999.000,-9999999.000,0.000,0.000,1.000,0,0,0,3,3,0,0,3,0.0,0.0,0.0,0.0,0.0,1.0,-1
"F[0,1](TotalDailyInsPerKg >= 0.762 | Pt_SHFlg <= 0.000)
",-9999999.000,-9999999.000,0.000,0.000,1.000,0,0,0,3,3,0,0,3,0.0,0.0,0.0,0.0,0.0,1.0,-1
"((HbA1cImputeDtMnC < 33.430) U[2,2] (Pt_SHFlg = 0.000))
",33.430,33.430,0.000,0.000,1.000,0,0,0,3,3,0,0,3,0.0,0.0,0.0,0.0,0.0,1.0,-1
"F[1,2]((age >= 21.395 -> WeightKg <= 89.077) & Pt_A1cGoalLevelDsYr5 <= 91.507)
",-9999999.000,-9999999.000,0.000,0.000,1.000,0,0,0,3,3,0,0,3,0.0,0.0,0.0,0.0,0.0,1.0,-1
"F[2,2]((Pt_DKAFlg >= 0.116 | UnitsInsBasalOrLongAct >= 7.191) | Pt_SiblingT1D >= 14.853)
",-0.116,-0.116,0.000,0.000,1.000,0,0,0,3,3,0,0,3,0.0,0.0,0.0,0.0,0.0,1.0,-1
"G[1,2](BldPrSys >= 124.931 & bmiPerc >= 0.071)
",9999999.000,9999999.000,0.000,1.000,0.000,0,0,1,2,2,1,1,2,0.0,0.0,1.0,0.0,0.0,1.0,1
"F[0,2](bmiZscore >= 0.244 | WeightKg <= 93.806)
",-9999999.000,-9999999.000,0.000,0.000,1.000,0,0,0,3,3,0,0,3,0.0,0.0,0.0,0.0,0.0,1.0,-1
"F[0,1](((BldPrSys <= 130.636 -> HeightCm >= 175.915) | NumPumpBolusOrShortAct <= 176.654) & UnitsInsBasalOrLongAct <= 177.027)
",-9999999.000,-9999999.000,0.000,0.000,1.000,0,0,0,3,3,0,0,3,0.0,0.0,0.0,0.0,0.0,1.0,-1
"F[0,1](((bmi >= 27.956 & BUN <= 19.708) | HbA1cImputeDtMnC >= 1.989) | Pt_A1cGoalLevelDsYr5 >= 6.096)
",-9999999.000,-9999999.000,0.000,0.000,1.000,0,0,0,3,3,0,0,3,0.0,0.0,0.0,0.0,0.0,1.0,-1
"F[0,2]((HbA1cImputeDtMnC <= 47.287 -> HDL >= 6.411) & AlbCreatRat_mggNew >= 4.767)
",-9999999.000,-9999999.000,0.000,0.000,1.000,0,0,0,3,3,0,0,3,0.0,0.0,0.0,0.0,0.0,1.0,-1
"F[1,1](diabDur >= 12.135 | LDL <= 26.510)
",26.510,26.510,0.000,0.000,1.000,0,0,0,3,3,0,0,3,0.0,0.0,0.0,0.0,0.0,1.0,-1
"F[0,2](((Triglyc >= 34.864 & WeightKg <= 100.739) & bmiZscore >= 78.512) | HbA1cImputeDtMnC <= 98.706)
",-9999999.000,-9999999.000,0.000,0.000,1.000,0,0,0,3,3,0,0,3,0.0,0.0,0.0,0.0,0.0,1.0,-1
"F[0,1](((diabDur <= 12.944 -> Pt_DKAFlg >= 0.005) -> GFR >= 0.167) | Pt_InsGov <= 0.443)
",-9999999.000,-9999999.000,0.000,0.000,1.000,0,0,0,3,3,0,0,3,0.0,0.0,0.0,0.0,0.0,1.0,-1
"F[0,1](BldPrSys <= 142.158 | UnitsInsBasalOrLongAct >= 20.734)
",-9999999.000,-9999999.000,0.000,0.000,1.000,0,0,0,3,3,0,0,3,0.0,0.0,0.0,0.0,0.0,1.0,-1
"F[2,2]((AlbCreatRat_mggNew <= 125.285 -> BldPrDia <= 84.206) | TSH >= 71.994)
",-71.994,-71.994,0.000,0.000,1.000,0,0,0,3,3,0,0,3,0.0,0.0,0.0,0.0,0.0,1.0,-1
"F[0,2](BUN >= 6.484 & TSH <= 0.806)
",-9999999.000,-9999999.000,0.000,0.000,1.000,0,0,0,3,3,0,0,3,0.0,0.0,0.0,0.0,0.0,1.0,-1
"F[0,1](bmiZscore <= 0.670 & TotalDailyInsPerKg >= 0.409)
",-9999999.000,-9999999.000,0.000,0.000,1.000,0,0,0,3,3,0,0,3,0.0,0.0,0.0,0.0,0.0,1.0,-1
"F[0,2](((HDL <= 44.593 & TSH <= 0.879) -> WeightKg <= 0.370) | diagAgeCombo <= 0.400)
",-9999999.000,-9999999.000,0.000,0.000,1.000,0,0,0,3,3,0,0,3,0.0,0.0,0.0,0.0,0.0,1.0,-1
"F[0,0](((NumPumpBolusOrShortAct >= 0.954 | Triglyc <= 61.710) -> Pt_GrandchildT1D >= 12.429) -> TotChol <= 76.764)
",-1.897,-50.264,0.000,0.000,1.000,0,0,0,3,3,0,0,3,0.0,0.0,0.0,0.0,0.0,1.0,-1
"((HDL <= 37.621) U[0,2] (NumPumpBolusOrShortAct >= 1.049))
",-9999999.000,-9999999.000,0.000,0.000,1.000,0,0,0,3,3,0,0,3,0.0,0.0,0.0,0.0,0.0,1.0,-1
"F[1,2](Triglyc < 84.173 & Pt_SHFlg = 0.000)
",-9999999.000,-9999999.000,0.000,0.000,1.000,0,0,0,3,3,0,0,3,0.0,0.0,0.0,0.0,0.0,1.0,-1
"F[0,2]((AlbCreatRat_mggNew <= 134.484 | Pt_DKAFlg <= 0.317) & diagAgeCombo <= 0.610)
",-9999999.000,-9999999.000,0.000,0.000,1.000,0,0,0,3,3,0,0,3,0.0,0.0,0.0,0.0,0.0,1.0,-1
"F[1,2]((bmiZscore >= -0.155 -> HbA1cImputeDtMnC >= 21.399) & Pt_ChildT1D <= 35.679)
",-9999999.000,-9999999.000,0.000,0.000,1.000,0,0,0,3,3,0,0,3,0.0,0.0,0.0,0.0,0.0,1.0,-1
"F[1,2]((age >= 22.007 & bmiZscore <= 1.045) | Pt_A1cGoalLev >= 0.265)
",-9999999.000,-9999999.000,0.000,0.000,1.000,0,0,0,3,3,0,0,3,0.0,0.0,0.0,0.0,0.0,1.0,-1
"((GFR >= 0.000) U[2,2] (Pt_SHFlg = 0.000))
",0.000,0.000,0.000,0.000,1.000,0,0,0,3,3,0,0,3,0.0,0.0,0.0,0.0,0.0,1.0,-1
"((Pt_SHFlg < 0.000) U[0,1] (Pt_SHFlg = 0.000))
",-9999999.000,-9999999.000,0.000,0.000,1.000,0,0,0,3,3,0,0,3,0.0,0.0,0.0,0.0,0.0,1.0,-1
"F[0,2](TotalDailyInsPerKg >= 0.401 & Pt_SHFlg = 0.000)
",-9999999.000,-9999999.000,0.000,0.000,1.000,0,0,0,3,3,0,0,3,0.0,0.0,0.0,0.0,0.0,1.0,-1
"F[0,2](BUN <= 17.788 & Pt_SHFlg = 0.000)
",-9999999.000,-9999999.000,0.000,0.000,1.000,0,0,0,3,3,0,0,3,0.0,0.0,0.0,0.0,0.0,1.0,-1
"F[0,2](SMBGperDayPtMeterCombo <= 4.658 -> Pt_SHFlg = 0.000)
",-9999999.000,-9999999.000,0.000,0.000,1.000,0,0,0,3,3,0,0,3,0.0,0.0,0.0,0.0,0.0,1.0,-1
"((BGTestAvgNumMeter < 0.000) U[2,2] (Pt_SHFlg = 0.000))
",0.000,0.000,0.000,0.000,1.000,0,0,0,3,3,0,0,3,0.0,0.0,0.0,0.0,0.0,1.0,-1
"F[0,1](BGTestAvgNumMeter <= 0.000 & Pt_SHFlg = 0.000)
",-9999999.000,-9999999.000,0.000,0.000,1.000,0,0,0,3,3,0,0,3,0.0,0.0,0.0,0.0,0.0,1.0,-1
"((bmi >= 26.350) U[0,1] (diabDur <= 13.563))
",-9999999.000,-9999999.000,0.000,0.000,1.000,0,0,0,3,3,0,0,3,0.0,0.0,0.0,0.0,0.0,1.0,-1
"F[0,1](GFR >= 0.000 & Pt_SHFlg = 0.000)
",-9999999.000,-9999999.000,0.000,0.000,1.000,0,0,0,3,3,0,0,3,0.0,0.0,0.0,0.0,0.0,1.0,-1
"((TotChol >= 2.376) U[0,2] (TSH <= 0.438))
",-9999999.000,-9999999.000,0.000,0.000,1.000,0,0,0,3,3,0,0,3,0.0,0.0,0.0,0.0,0.0,1.0,-1
"F[0,1](bmi <= 32.165 & WeightKg <= 98.199)
",-9999999.000,-9999999.000,0.000,0.000,1.000,0,0,0,3,3,0,0,3,0.0,0.0,0.0,0.0,0.0,1.0,-1
"F[1,2]((Pt_A1cGoalLev >= 0.000 & Pt_SHFlg <= 0.000) | bmiPerc <= 0.000)
",-9999999.000,-9999999.000,0.000,0.000,1.000,0,0,0,3,3,0,0,3,0.0,0.0,0.0,0.0,0.0,1.0,-1
"F[0,2]((TotChol <= 115.041 & NumPumpBolusOrShortAct >= 0.183) | HDL >= 0.175)
",-9999999.000,-9999999.000,0.000,0.000,1.000,0,0,0,3,3,0,0,3,0.0,0.0,0.0,0.0,0.0,1.0,-1
"F[0,1]((age >= 22.727 & Triglyc >= 35.082) -> WeightKg <= 91.364)
",-9999999.000,-9999999.000,0.000,0.000,1.000,0,0,0,3,3,0,0,3,0.0,0.0,0.0,0.0,0.0,1.0,-1
"F[0,2]((diabDur <= 13.056 -> UnitsInsBasalOrLongAct >= 21.203) & BldPrSys >= 11.324)
",-9999999.000,-9999999.000,0.000,0.000,1.000,0,0,0,3,3,0,0,3,0.0,0.0,0.0,0.0,0.0,1.0,-1
"F[0,2]((BldPrSys >= 126.927 & NumPumpBolusOrShortAct >= 0.289) -> TotalDailyInsPerKg <= 1.566)
",-9999999.000,-9999999.000,0.000,0.000,1.000,0,0,0,3,3,0,0,3,0.0,0.0,0.0,0.0,0.0,1.0,-1
"((HeightCm >= 176.018) U[0,1] (diabDur <= 14.394))
",-9999999.000,-9999999.000,0.000,0.000,1.000,0,0,0,3,3,0,0,3,0.0,0.0,0.0,0.0,0.0,1.0,-1
"((BGTestAvgNumMeter <= 0.000) U[0,2] (TSH <= 0.575))
",-9999999.000,-9999999.000,0.000,0.000,1.000,0,0,0,3,3,0,0,3,0.0,0.0,0.0,0.0,0.0,1.0,-1
"F[2,2](LDL >= 9.402 | AlbCreatRat_mggNew <= 125.635)
",125.635,125.635,0.000,0.000,1.000,0,0,0,3,3,0,0,3,0.0,0.0,0.0,0.0,0.0,1.0,-1
"F[0,1](Pt_GrandchildT1D <= 0.000 & UnitsInsBasalOrLongAct >= 3.955)
",-9999999.000,-9999999.000,0.000,0.000,1.000,0,0,0,3,3,0,0,3,0.0,0.0,0.0,0.0,0.0,1.0,-1
"F[0,2]((SMBGperDayPtMeterCombo >= 1.836 & BUN <= 18.805) -> UnitsInsBasalOrLongAct >= 4.594)
",-9999999.000,-9999999.000,0.000,0.000,1.000,0,0,0,3,3,0,0,3,0.0,0.0,0.0,0.0,0.0,1.0,-1
"F[1,2](Pt_SHFlg >= 0.000 | Pt_A1cGoalLev >= 0.000)
",-9999999.000,-9999999.000,0.000,0.000,1.000,0,0,0,3,3,0,0,3,0.0,0.0,0.0,0.0,0.0,1.0,-1
"F[0,1](Pt_FatherT1D >= 0.000 -> Pt_FatherT1D >= 0.000)
",-9999999.000,-9999999.000,0.000,0.000,1.000,0,0,0,3,3,0,0,3,0.0,0.0,0.0,0.0,0.0,1.0,-1
"F[1,2](Triglyc <= 56.320 & Pt_InsGov >= 0.000)
",-9999999.000,-9999999.000,0.000,0.000,1.000,0,0,0,3,3,0,0,3,0.0,0.0,0.0,0.0,0.0,1.0,-1
"F[0,1]((Pt_GrandchildT1D >= 0.000 & bmiZscore >= -0.274) | diagAgeCombo <= 0.418)
",-9999999.000,-9999999.000,0.000,0.000,1.000,0,0,0,3,3,0,0,3,0.0,0.0,0.0,0.0,0.0,1.0,-1
"F[1,2]((Pt_A1cGoalLev <= 0.000 & DirectLDL >= 0.000) | diagAgeCombo <= 0.000)
",-9999999.000,-9999999.000,0.000,0.000,1.000,0,0,0,3,3,0,0,3,0.0,0.0,0.0,0.0,0.0,1.0,-1
"F[0,2](((Pt_A1cGoalLevelDsYr5 >= 0.000 | Pt_SHFlg >= 0.000) | TotChol >= 0.000) | bmiPerc <= 0.000)
",-9999999.000,-9999999.000,0.000,0.000,1.000,0,0,0,3,3,0,0,3,0.0,0.0,0.0,0.0,0.0,1.0,-1
"F[1,2](((Pt_GrandchildT1D >= 0.000 | Pt_InsGov >= 0.000) | Pt_GrandchildT1D >= 0.000) | Pt_SHFlg <= 0.000)
",-9999999.000,-9999999.000,0.000,0.000,1.000,0,0,0,3,3,0,0,3,0.0,0.0,0.0,0.0,0.0,1.0,-1
"F[0,1](BldPrSys <= 140.594 & Pt_DKAFlg <= 0.598)
",-9999999.000,-9999999.000,0.000,0.000,1.000,0,0,0,3,3,0,0,3,0.0,0.0,0.0,0.0,0.0,1.0,-1
"F[0,1]((BUN <= 16.330 | bmiZscore >= -0.166) | Pt_CGMUseNumDays >= -0.162)
",-9999999.000,-9999999.000,0.000,0.000,1.000,0,0,0,3,3,0,0,3,0.0,0.0,0.0,0.0,0.0,1.0,-1
"F[1,2]((AutonomicNeuroCl >= 0.000 & HDL <= 38.330) | TotalDailyInsPerKg <= 37.328)
",-9999999.000,-9999999.000,0.000,0.000,1.000,0,0,0,3,3,0,0,3,0.0,0.0,0.0,0.0,0.0,1.0,-1
"F[1,2]((Pt_DKAFlg >= 0.011 | GFR >= 0.000) -> Pt_A1cGoalLevelDsYr5 <= 0.000)
",-9999999.000,-9999999.000,0.000,0.000,1.000,0,0,0,3,3,0,0,3,0.0,0.0,0.0,0.0,0.0,1.0,-1
"((HDL >= 0.090) U[0,2] (BGTestAvgNumMeter <= 0.000))
",-9999999.000,-9999999.000,0.000,0.000,1.000,0,0,0,3,3,0,0,3,0.0,0.0,0.0,0.0,0.0,1.0,-1
"F[1,2](((Pt_InsGov <= 0.000 -> NumPumpBolusOrShortAct <= 1.229) | Pt_MotherT1D <= 1.327) & TotChol >= 0.384)
",-9999999.000,-9999999.000,0.000,0.000,1.000,0,0,0,3,3,0,0,3,0.0,0.0,0.0,0.0,0.0,1.0,-1
"((TotalDailyInsPerKg <= 1.131) U[0,2] (NumPumpBolusOrShortAct <= 2.751))
",-9999999.000,-9999999.000,0.000,0.000,1.000,0,0,0,3,3,0,0,3,0.0,0.0,0.0,0.0,0.0,1.0,-1
"((bmiZscore <= 1.001) U[1,2] (Pt_ChildT1D <= 0.000))
",-9999999.000,-9999999.000,0.000,0.000,1.000,0,0,0,3,3,0,0,3,0.0,0.0,0.0,0.0,0.0,1.0,-1
"F[0,2](((UnitsInsBasalOrLongAct <= 45.285 -> HDL >= 4.377) & SMBGperDayPtMeterCombo <= 38.652) | Pt_GrandparentT1D >= 2.776)
",-9999999.000,-9999999.000,0.000,0.000,1.000,0,0,0,3,3,0,0,3,0.0,0.0,0.0,0.0,0.0,1.0,-1
"((HDL >= 1.956) U[2,2] (AlbCreatRat_mggNew <= 131.170))
",131.170,131.170,0.000,0.000,1.000,0,0,0,3,3,0,0,3,0.0,0.0,0.0,0.0,0.0,1.0,-1
"F[2,2](diagAgeCombo <= 10.000 | Pt_FatherT1D <= 0.000)
",10.000,10.000,0.000,0.000,1.000,0,0,0,3,3,0,0,3,0.0,0.0,0.0,0.0,0.0,1.0,-1
"((Pt_A1cGoalLevelDsYr5 >= 0.000) U[1,2] (Pt_A1cGoalLev <= 0.000))
",-9999999.000,-9999999.000,0.000,0.000,1.000,0,0,0,3,3,0,0,3,0.0,0.0,0.0,0.0,0.0,1.0,-1
"F[0,1]((GFR >= 0.000 & BUN <= 9.715) -> BGTestAvgNumPtRep <= 13.844)
",-9999999.000,-9999999.000,0.000,0.000,1.000,0,0,0,3,3,0,0,3,0.0,0.0,0.0,0.0,0.0,1.0,-1
"F[0,2](((HbA1cImputeDtMnC <= 51.087 | DirectLDL <= 0.000) & NumPumpBolusOrShortAct <= 0.000) -> HDL <= 0.000)
",-9999999.000,-9999999.000,0.000,0.000,1.000,0,0,0,3,3,0,0,3,0.0,0.0,0.0,0.0,0.0,1.0,-1
"F[1,2]((TSH <= 0.976 | diagAgeCombo >= 10.000) -> diabDur <= 10.000)
",-9999999.000,-9999999.000,0.000,0.000,1.000,0,0,0,3,3,0,0,3,0.0,0.0,0.0,0.0,0.0,1.0,-1
"F[1,2]((Pt_InsGov <= 0.000 -> Pt_SHFlg <= 0.000) -> BUN <= 0.000)
",-9999999.000,-9999999.000,0.000,0.000,1.000,0,0,0,3,3,0,0,3,0.0,0.0,0.0,0.0,0.0,1.0,-1
"F[0,2](bmi <= 29.096 & Triglyc >= 6.515)
",-9999999.000,-9999999.000,0.000,0.000,1.000,0,0,0,3,3,0,0,3,0.0,0.0,0.0,0.0,0.0,1.0,-1
"F[0,2]((WeightKg >= 85.842 -> BldPrDia >= 76.708) | HeightCm <= 82.406)
",-9999999.000,-9999999.000,0.000,0.000,1.000,0,0,0,3,3,0,0,3,0.0,0.0,0.0,0.0,0.0,1.0,-1
"F[1,2](bmiPerc <= 0.356 | BldPrDia >= 75.499)
",-9999999.000,-9999999.000,0.000,0.000,1.000,0,0,0,3,3,0,0,3,0.0,0.0,0.0,0.0,0.0,1.0,-1
"F[0,1](((TSH >= 0.151 -> WeightKg <= 100.148) -> Pt_CGMUseNumDays <= 90.745) | diagAgeCombo >= 78.790)
",-9999999.000,-9999999.000,0.000,0.000,1.000,0,0,0,3,3,0,0,3,0.0,0.0,0.0,0.0,0.0,1.0,-1
"F[1,2]((GFR >= 0.000 & Pt_ChildT1D >= 0.000) | AutonomicNeuroCl >= 0.000)
",-9999999.000,-9999999.000,0.000,0.000,1.000,0,0,0,3,3,0,0,3,0.0,0.0,0.0,0.0,0.0,1.0,-1
"F[1,2](((TotChol >= 13.713 & Pt_SiblingT1D >= 0.000) | BldPrSys <= 0.000) -> Pt_DKAFlg >= 0.000)
",-9999999.000,-9999999.000,0.000,0.000,1.000,0,0,0,3,3,0,0,3,0.0,0.0,0.0,0.0,0.0,1.0,-1
"F[0,1]((Pt_SHFlg >= 0.000 -> Pt_InsGov <= 0.000) -> Pt_GrandchildT1D <= 0.000)
",-9999999.000,-9999999.000,0.000,0.000,1.000,0,0,0,3,3,0,0,3,0.0,0.0,0.0,0.0,0.0,1.0,-1
"F[1,2]((Pt_SiblingT1D >= 0.000 & Pt_SHFlg <= 0.000) -> Pt_InsGov >= 0.000)
",-9999999.000,-9999999.000,0.000,0.000,1.000,0,0,0,3,3,0,0,3,0.0,0.0,0.0,0.0,0.0,1.0,-1
"((AutonomicNeuroCl <= 0.000) U[1,2] (SMBGperDayPtMeterCombo >= 1.340))
",-9999999.000,-9999999.000,0.000,0.000,1.000,0,0,0,3,3,0,0,3,0.0,0.0,0.0,0.0,0.0,1.0,-1
"F[2,2](((Pt_GrandparentT1D >= 0.000 | bmiPerc >= 0.107) -> SMBGperDayPtMeterCombo >= 0.060) | Pt_CGMUseNumDays >= 0.088)
",0.000,0.000,0.000,0.000,1.000,0,0,0,3,3,0,0,3,0.0,0.0,0.0,0.0,0.0,1.0,-1
"F[0,2](((BUN <= 15.391 & TotalDailyInsPerKg >= 0.325) & HbA1c >= 0.635) & AutonomicNeuroCl >= 0.788)
",-9999999.000,-9999999.000,0.000,0.000,1.000,0,0,0,3,3,0,0,3,0.0,0.0,0.0,0.0,0.0,1.0,-1
"F[2,2](((AutonomicNeuroCl <= 0.000 -> Pt_GrandparentT1D >= 0.000) | Pt_GrandparentT1D <= 0.000) -> DirectLDL <= 0.000)
",0.000,0.000,0.000,0.000,1.000,0,0,0,3,3,0,0,3,0.0,0.0,0.0,0.0,0.0,1.0,-1
"((BUN <= 16.951) U[0,1] (Pt_InsGov <= 0.000))
",-9999999.000,-9999999.000,0.000,0.000,1.000,0,0,0,3,3,0,0,3,0.0,0.0,0.0,0.0,0.0,1.0,-1
"F[1,2]((Pt_CGMUseNumDays <= 0.000 -> Pt_GrandparentT1D >= 0.000) & HDL <= 0.000)
",-9999999.000,-9999999.000,0.000,0.000,1.000,0,0,0,3,3,0,0,3,0.0,0.0,0.0,0.0,0.0,1.0,-1
"((HbA1cImputeDtMnC <= 42.938) U[0,1] (Pt_SiblingT1D >= 0.000))
",-9999999.000,-9999999.000,0.000,0.000,1.000,0,0,0,3,3,0,0,3,0.0,0.0,0.0,0.0,0.0,1.0,-1
"F[0,2](WeightKg >= 77.633 & Pt_A1cGoalLevelDsYr5 <= 0.000)
",-9999999.000,-9999999.000,0.000,0.000,1.000,0,0,0,3,3,0,0,3,0.0,0.0,0.0,0.0,0.0,1.0,-1
"((NumPumpBolusOrShortAct <= 2.020) U[0,1] (bmiZscore <= 0.758))
",-9999999.000,-9999999.000,0.000,0.000,1.000,0,0,0,3,3,0,0,3,0.0,0.0,0.0,0.0,0.0,1.0,-1
"F[1,2]((Pt_A1cGoalLevelDsYr5 <= 0.000 -> NumPumpBolusOrShortAct >= 0.542) & Pt_GrandchildT1D <= 2.702)
",-9999999.000,-9999999.000,0.000,0.000,1.000,0,0,0,3,3,0,0,3,0.0,0.0,0.0,0.0,0.0,1.0,-1
"F[1,2](((Pt_DKAFlg <= 0.522 | BGTestAvgNumPtRep <= 3.340) & UnitsInsBasalOrLongAct <= 4.513) -> HbA1c >= 1.121)
",-9999999.000,-9999999.000,0.000,0.000,1.000,0,0,0,3,3,0,0,3,0.0,0.0,0.0,0.0,0.0,1.0,-1
"F[0,1](((WeightKg <= 98.345 & Pt_MotherT1D >= 0.000) & bmiPerc >= 0.000) -> GFR >= 0.000)
",-9999999.000,-9999999.000,0.000,0.000,1.000,0,0,0,3,3,0,0,3,0.0,0.0,0.0,0.0,0.0,1.0,-1
"F[2,2]((WeightKg <= 89.828 | LDL <= 63.009) -> HbA1cImputeDtMnC <= 21.223)
",-89.828,-89.828,0.000,0.000,1.000,0,0,0,3,3,0,0,3,0.0,0.0,0.0,0.0,0.0,1.0,-1
"F[0,0]((Pt_GrandparentT1D <= 0.000 | Pt_InsGov <= 0.000) -> Pt_MotherT1D <= 0.000)
",0.000,0.000,0.000,0.000,1.000,0,0,0,3,3,0,0,3,0.0,0.0,0.0,0.0,0.0,1.0,-1
"F[1,2](AutonomicNeuroCl <= 0.000 & TotChol <= 123.532)
",-9999999.000,-9999999.000,0.000,0.000,1.000,0,0,0,3,3,0,0,3,0.0,0.0,0.0,0.0,0.0,1.0,-1
"F[1,2]((bmiZscore >= 0.175 -> TSH <= 0.278) & Pt_CGMUseNumDays <= 0.802)
",-9999999.000,-9999999.000,0.000,0.000,1.000,0,0,0,3,3,0,0,3,0.0,0.0,0.0,0.0,0.0,1.0,-1
"F[0,2]((Pt_DKAFlg >= 0.193 & AlbCreatRat_mggNew >= 19.112) & WeightKg >= 34.684)
",-9999999.000,-9999999.000,0.000,0.000,1.000,0,0,0,3,3,0,0,3,0.0,0.0,0.0,0.0,0.0,1.0,-1
"F[1,2](BUN >= 5.413 & Triglyc <= 40.033)
",-9999999.000,-9999999.000,0.000,0.000,1.000,0,0,0,3,3,0,0,3,0.0,0.0,0.0,0.0,0.0,1.0,-1
"((bmiZscore >= 0.152) U[0,2] (BldPrSys >= 126.700))
",-9999999.000,-9999999.000,0.000,0.000,1.000,0,0,0,3,3,0,0,3,0.0,0.0,0.0,0.0,0.0,1.0,-1
"((TSH <= 0.683) U[0,2] (HDL >= 19.639))
",-9999999.000,-9999999.000,0.000,0.000,1.000,0,0,0,3,3,0,0,3,0.0,0.0,0.0,0.0,0.0,1.0,-1
"F[1,2](diabDur <= 13.379 | HDL <= 33.486)
",-9999999.000,-9999999.000,0.000,0.000,1.000,0,0,0,3,3,0,0,3,0.0,0.0,0.0,0.0,0.0,1.0,-1
"F[1,1](((HeightCm <= 176.261 & NumPumpBolusOrShortAct <= 2.301) | GFR >= 0.105) | SMBGperDayPtMeterCombo >= 1.038)
",2.301,2.301,0.000,0.000,1.000,0,0,0,3,3,0,0,3,0.0,0.0,0.0,0.0,0.0,1.0,-1
"F[2,2](((bmi >= 27.417 -> HDL <= 36.613) -> Pt_GrandchildT1D <= 43.395) -> Pt_MotherT1D >= 7.529)
",7.529,7.529,0.000,0.000,1.000,0,0,0,3,3,0,0,3,0.0,0.0,0.0,0.0,0.0,1.0,-1
"F[1,2]((bmi <= 29.145 -> TotChol >= 20.988) | Pt_SHFlg <= 119.058)
",-9999999.000,-9999999.000,0.000,0.000,1.000,0,0,0,3,3,0,0,3,0.0,0.0,0.0,0.0,0.0,1.0,-1
"F[0,1](BUN >= 6.199 -> LDL >= 16.963)
",-9999999.000,-9999999.000,0.000,0.000,1.000,0,0,0,3,3,0,0,3,0.0,0.0,0.0,0.0,0.0,1.0,-1
"F[0,1]((HeightCm <= 177.003 | Triglyc >= 24.834) | Pt_A1cGoalLev <= 82.738)
",-9999999.000,-9999999.000,0.000,0.000,1.000,0,0,0,3,3,0,0,3,0.0,0.0,0.0,0.0,0.0,1.0,-1
"F[1,2]((HbA1c >= 8.263 & Triglyc >= 25.350) -> bmiZscore >= 9.386)
",-9999999.000,-9999999.000,0.000,0.000,1.000,0,0,0,3,3,0,0,3,0.0,0.0,0.0,0.0,0.0,1.0,-1
"((BldPrDia >= 76.081) U[2,2] (HbA1c <= 9.602))
",9.602,9.602,0.000,0.000,1.000,0,0,0,3,3,0,0,3,0.0,0.0,0.0,0.0,0.0,1.0,-1
"F[0,0](((BldPrDia >= 74.189 | HDL <= 21.592) | diagAgeCombo <= 33.410) -> Pt_ChildT1D <= 30.879)
",-24.406,-48.811,0.000,0.000,1.000,0,0,0,3,3,0,0,3,0.0,0.0,0.0,0.0,0.0,1.0,-1
"F[0,0](((LDL >= 3.781 | TSH <= 0.601) & HeightCm <= 0.746) | DirectLDL <= 0.431)
",-21.593,-82.054,0.000,0.000,1.000,0,0,0,3,3,0,0,3,0.0,0.0,0.0,0.0,0.0,1.0,-1
"((HbA1c >= 7.864) U[1,2] (HeightCm <= 176.336))
",-9999999.000,-9999999.000,0.000,0.000,1.000,0,0,0,3,3,0,0,3,0.0,0.0,0.0,0.0,0.0,1.0,-1
"F[1,2](((BGTestAvgNumPtRep <= 4.561 & TSH >= 0.173) | BUN <= 0.257) -> Pt_SHFlg >= 0.040)
",-9999999.000,-9999999.000,0.000,0.000,1.000,0,0,0,3,3,0,0,3,0.0,0.0,0.0,0.0,0.0,1.0,-1
"F[1,1](Pt_DKAFlg >= 0.197 -> NumPumpBolusOrShortAct >= 0.395)
",0.197,0.197,0.000,0.000,1.000,0,0,0,3,3,0,0,3,0.0,0.0,0.0,0.0,0.0,1.0,-1
"F[0,2](((HDL >= 5.824 | UnitsInsBasalOrLongAct >= 15.638) | HbA1c <= 44.899) & TotChol <= 44.548)
",-9999999.000,-9999999.000,0.000,0.000,1.000,0,0,0,3,3,0,0,3,0.0,0.0,0.0,0.0,0.0,1.0,-1
"F[0,2]((TSH >= 0.168 | bmiPerc >= 0.096) & Pt_InsGov >= 0.071)
",-9999999.000,-9999999.000,0.000,0.000,1.000,0,0,0,3,3,0,0,3,0.0,0.0,0.0,0.0,0.0,1.0,-1
"F[1,2](((TSH <= 0.367 | LDL >= 5.180) | Pt_FatherT1D >= 7.569) -> NumPumpBolusOrShortAct <= 34.203)
",-9999999.000,-9999999.000,0.000,0.000,1.000,0,0,0,3,3,0,0,3,0.0,0.0,0.0,0.0,0.0,1.0,-1
"F[1,2]((Triglyc <= 55.006 | TotChol >= 20.508) & Pt_GrandparentT1D >= 0.596)
",-9999999.000,-9999999.000,0.000,0.000,1.000,0,0,0,3,3,0,0,3,0.0,0.0,0.0,0.0,0.0,1.0,-1
"F[0,1]((Pt_A1cGoalLevelDsYr5 >= 0.000 | HeightCm >= 176.179) & Pt_FatherT1D <= 176.473)
",-9999999.000,-9999999.000,0.000,0.000,1.000,0,0,0,3,3,0,0,3,0.0,0.0,0.0,0.0,0.0,1.0,-1
"F[0,1]((Pt_A1cGoalLevelDsYr5 <= 0.000 | UnitsInsBasalOrLongAct >= 20.268) | Pt_GrandparentT1D >= 10.334)
",-9999999.000,-9999999.000,0.000,0.000,1.000,0,0,0,3,3,0,0,3,0.0,0.0,0.0,0.0,0.0,1.0,-1
"F[0,2]((Pt_SiblingT1D <= 0.000 -> BldPrDia <= 84.058) | BUN <= 84.067)
",-9999999.000,-9999999.000,0.000,0.000,1.000,0,0,0,3,3,0,0,3,0.0,0.0,0.0,0.0,0.0,1.0,-1
"F[1,2]((HeightCm >= 175.995 -> Pt_FatherT1D <= 0.000) | Pt_SiblingT1D >= 0.000)
",-9999999.000,-9999999.000,0.000,0.000,1.000,0,0,0,3,3,0,0,3,0.0,0.0,0.0,0.0,0.0,1.0,-1
"F[0,0]((AlbCreatRat_mggNew <= 128.354 -> GFR <= 0.000) -> AutonomicNeuroCl <= 0.000)
",9.600,9.600,0.000,0.000,1.000,0,0,0,3,3,0,0,3,0.0,0.0,0.0,0.0,0.0,1.0,-1
"((Pt_FatherT1D <= 0.000) U[1,2] (bmiPerc <= 0.184))
",-9999999.000,-9999999.000,0.000,0.000,1.000,0,0,0,3,3,0,0,3,0.0,0.0,0.0,0.0,0.0,1.0,-1
"F[0,2](((BldPrSys >= 130.031 -> HbA1cImputeDtMnC >= 3.208) & HeightCm >= 27.522) -> bmi >= 31.894)
",-9999999.000,-9999999.000,0.000,0.000,1.000,0,0,0,3,3,0,0,3,0.0,0.0,0.0,0.0,0.0,1.0,-1
"F[1,2]((Pt_A1cGoalLevelDsYr5 <= 0.000 -> diagAgeCombo <= 10.000) | AutonomicNeuroCl >= 10.000)
",-9999999.000,-9999999.000,0.000,0.000,1.000,0,0,0,3,3,0,0,3,0.0,0.0,0.0,0.0,0.0,1.0,-1
"((Pt_MotherT1D >= 0.000) U[2,2] (diabDur <= 13.874))
",13.874,13.874,0.000,0.000,1.000,0,0,0,3,3,0,0,3,0.0,0.0,0.0,0.0,0.0,1.0,-1
"F[2,2]((bmi >= 26.974 -> TSH <= 0.598) & UnitsInsBasalOrLongAct >= 0.176)
",-0.598,-0.598,0.000,0.000,1.000,0,0,0,3,3,0,0,3,0.0,0.0,0.0,0.0,0.0,1.0,-1
"F[0,2](((TotChol >= 19.893 & Pt_A1cGoalLevelDsYr5 >= 0.000) -> BGTestAvgNumMeter >= 0.000) & GFR >= 0.000)
",-9999999.000,-9999999.000,0.000,0.000,1.000,0,0,0,3,3,0,0,3,0.0,0.0,0.0,0.0,0.0,1.0,-1
"F[0,1]((BldPrDia >= 74.718 -> bmiZscore <= 0.808) & Pt_SHFlg <= 0.918)
",-9999999.000,-9999999.000,0.000,0.000,1.000,0,0,0,3,3,0,0,3,0.0,0.0,0.0,0.0,0.0,1.0,-1
"F[1,2]((BUN <= 19.209 -> TotalDailyInsPerKg >= 0.068) | NumPumpBolusOrShortAct >= 0.185)
",-9999999.000,-9999999.000,0.000,0.000,1.000,0,0,0,3,3,0,0,3,0.0,0.0,0.0,0.0,0.0,1.0,-1
"F[1,2]((BldPrSys >= 126.998 | bmi >= 26.102) | age <= 31.568)
",-9999999.000,-9999999.000,0.000,0.000,1.000,0,0,0,3,3,0,0,3,0.0,0.0,0.0,0.0,0.0,1.0,-1
"F[1,2](((bmiZscore <= 1.115 -> TSH <= 0.628) -> TotChol <= 0.622) | Pt_ChildT1D <= 0.599)
",-9999999.000,-9999999.000,0.000,0.000,1.000,0,0,0,3,3,0,0,3,0.0,0.0,0.0,0.0,0.0,1.0,-1
"F[2,2]((Triglyc <= 89.040 -> UnitsInsBasalOrLongAct >= 11.950) & TSH <= 39.803)
",-89.040,-89.040,0.000,0.000,1.000,0,0,0,3,3,0,0,3,0.0,0.0,0.0,0.0,0.0,1.0,-1
"F[0,2]((HbA1cImputeDtMnC <= 40.927 -> Triglyc <= 75.962) | TotalDailyInsPerKg >= 3.397)
",-9999999.000,-9999999.000,0.000,0.000,1.000,0,0,0,3,3,0,0,3,0.0,0.0,0.0,0.0,0.0,1.0,-1
"F[1,1]((HbA1c >= 7.356 -> WeightKg >= 86.631) -> Pt_SiblingT1D <= 97.798)
",-97.798,-97.798,0.000,0.000,1.000,0,0,0,3,3,0,0,3,0.0,0.0,0.0,0.0,0.0,1.0,-1
"F[0,1](BldPrDia <= 80.170 -> BUN <= 16.325)
",-9999999.000,-9999999.000,0.000,0.000,1.000,0,0,0,3,3,0,0,3,0.0,0.0,0.0,0.0,0.0,1.0,-1
"F[0,2](((NumPumpBolusOrShortAct >= 1.013 & Pt_DKAFlg >= 0.038) & SMBGperDayPtMeterCombo <= 0.245) & DirectLDL <= 0.698)
",-9999999.000,-9999999.000,0.000,0.000,1.000,0,0,0,3,3,0,0,3,0.0,0.0,0.0,0.0,0.0,1.0,-1
"F[0,2](NumPumpBolusOrShortAct <= 2.813 & TotChol <= 145.559)
",-9999999.000,-9999999.000,0.000,0.000,1.000,0,0,0,3,3,0,0,3,0.0,0.0,0.0,0.0,0.0,1.0,-1
"((HDL >= 4.145) U[0,2] (UnitsInsBasalOrLongAct >= 24.253))
",-9999999.000,-9999999.000,0.000,0.000,1.000,0,0,0,3,3,0,0,3,0.0,0.0,0.0,0.0,0.0,1.0,-1
"F[0,1](BUN <= 14.936 | HeightCm >= 176.135)
",-9999999.000,-9999999.000,0.000,0.000,1.000,0,0,0,3,3,0,0,3,0.0,0.0,0.0,0.0,0.0,1.0,-1
"F[1,2](((bmiZscore <= 0.818 -> SMBGperDayPtMeterCombo <= 3.678) & NumPumpBolusOrShortAct >= 1.214) & Pt_GrandchildT1D <= 2.805)
",-9999999.000,-9999999.000,0.000,0.000,1.000,0,0,0,3,3,0,0,3,0.0,0.0,0.0,0.0,0.0,1.0,-1
"((HeightCm <= 176.788) U[0,2] (UnitsInsBasalOrLongAct >= 28.866))
",-9999999.000,-9999999.000,0.000,0.000,1.000,0,0,0,3,3,0,0,3,0.0,0.0,0.0,0.0,0.0,1.0,-1
"((BGTestAvgNumPtRep >= 1.623) U[2,2] (bmiPerc >= 0.053))
",-0.053,-0.053,0.000,0.000,1.000,0,0,0,3,3,0,0,3,0.0,0.0,0.0,0.0,0.0,1.0,-1
"F[2,2](Pt_DKAFlg >= 0.196 | SMBGperDayPtMeterCombo <= 4.788)
",4.788,4.788,0.000,0.000,1.000,0,0,0,3,3,0,0,3,0.0,0.0,0.0,0.0,0.0,1.0,-1
"((TSH >= 0.199) U[0,2] (UnitsInsBasalOrLongAct >= 23.370))
",-9999999.000,-9999999.000,0.000,0.000,1.000,0,0,0,3,3,0,0,3,0.0,0.0,0.0,0.0,0.0,1.0,-1
"F[1,2](((TotChol <= 34.772 | UnitsInsBasalOrLongAct <= 47.225) & Pt_MotherT1D <= 39.982) & TotChol <= 47.510)
",-9999999.000,-9999999.000,0.000,0.000,1.000,0,0,0,3,3,0,0,3,0.0,0.0,0.0,0.0,0.0,1.0,-1
"F[2,2](((bmiZscore <= 0.682 & UnitsInsBasalOrLongAct >= 22.242) -> age >= 22.862) | diagAgeCombo >= 28.800)
",22.242,22.242,0.000,0.000,1.000,0,0,0,3,3,0,0,3,0.0,0.0,0.0,0.0,0.0,1.0,-1
"((BldPrSys <= 138.530) U[0,2] (WeightKg <= 94.112))
",-9999999.000,-9999999.000,0.000,0.000,1.000,0,0,0,3,3,0,0,3,0.0,0.0,0.0,0.0,0.0,1.0,-1
"F[0,2]((BldPrSys <= 141.734 -> bmiZscore >= -0.262) -> bmiPerc <= 1.066)
",-9999999.000,-9999999.000,0.000,0.000,1.000,0,0,0,3,3,0,0,3,0.0,0.0,0.0,0.0,0.0,1.0,-1
"F[0,2](LDL <= 20.873 -> TotChol >= 22.616)
",-9999999.000,-9999999.000,0.000,0.000,1.000,0,0,0,3,3,0,0,3,0.0,0.0,0.0,0.0,0.0,1.0,-1
"F[0,1]((BldPrSys <= 137.675 & HbA1cImputeDtMnC <= 33.877) -> HeightCm >= 10.154)
",-9999999.000,-9999999.000,0.000,0.000,1.000,0,0,0,3,3,0,0,3,0.0,0.0,0.0,0.0,0.0,1.0,-1
"F[1,2](((AlbCreatRat_mggNew >= 22.700 -> TotalDailyInsPerKg >= 0.238) & Pt_GrandparentT1D <= 1.259) -> BldPrDia >= 0.479)
",-9999999.000,-9999999.000,0.000,0.000,1.000,0,0,0,3,3,0,0,3,0.0,0.0,0.0,0.0,0.0,1.0,-1
"F[0,2](((Pt_DKAFlg >= 0.026 | TotalDailyInsPerKg >= 0.244) -> HbA1c <= 1.242) -> bmiZscore >= 0.140)
",-9999999.000,-9999999.000,0.000,0.000,1.000,0,0,0,3,3,0,0,3,0.0,0.0,0.0,0.0,0.0,1.0,-1
"F[0,1]((bmiPerc >= 0.090 -> TotalDailyInsPerKg <= 1.160) -> bmiZscore <= 1.163)
",-9999999.000,-9999999.000,0.000,0.000,1.000,0,0,0,3,3,0,0,3,0.0,0.0,0.0,0.0,0.0,1.0,-1
"F[1,2](BGTestAvgNumPtRep >= 0.228 | BldPrSys <= 133.074)
",-9999999.000,-9999999.000,0.000,0.000,1.000,0,0,0,3,3,0,0,3,0.0,0.0,0.0,0.0,0.0,1.0,-1
"F[0,1]((TotChol >= 16.894 | Triglyc >= 13.747) | NumPumpBolusOrShortAct <= 62.862)
",-9999999.000,-9999999.000,0.000,0.000,1.000,0,0,0,3,3,0,0,3,0.0,0.0,0.0,0.0,0.0,1.0,-1
"F[0,1](((bmi >= 25.052 -> Pt_DKAFlg <= 0.965) & Pt_InsGov >= 0.126) -> age <= 0.894)
",-9999999.000,-9999999.000,0.000,0.000,1.000,0,0,0,3,3,0,0,3,0.0,0.0,0.0,0.0,0.0,1.0,-1
"F[1,1]((BUN <= 15.581 & HbA1c <= 9.696) -> NumPumpBolusOrShortAct <= 8.929)
",-9.696,-9.696,0.000,0.000,1.000,0,0,0,3,3,0,0,3,0.0,0.0,0.0,0.0,0.0,1.0,-1
"F[1,2]((HbA1c <= 10.321 -> UnitsInsBasalOrLongAct <= 38.418) & LDL >= 22.617)
",-9999999.000,-9999999.000,0.000,0.000,1.000,0,0,0,3,3,0,0,3,0.0,0.0,0.0,0.0,0.0,1.0,-1
"F[1,2](BldPrDia <= 84.508 & Triglyc <= 68.436)
",-9999999.000,-9999999.000,0.000,0.000,1.000,0,0,0,3,3,0,0,3,0.0,0.0,0.0,0.0,0.0,1.0,-1
"F[2,2](HbA1c >= 8.637 | HDL <= 38.163)
",38.163,38.163,0.000,0.000,1.000,0,0,0,3,3,0,0,3,0.0,0.0,0.0,0.0,0.0,1.0,-1
"((Pt_DKAFlg <= 0.208) U[1,2] (TSH <= 0.771))
",-9999999.000,-9999999.000,0.000,0.000,1.000,0,0,0,3,3,0,0,3,0.0,0.0,0.0,0.0,0.0,1.0,-1
"F[0,2]((TSH >= 0.095 -> Pt_GrandchildT1D <= 0.000) & age >= 0.000)
",-9999999.000,-9999999.000,0.000,0.000,1.000,0,0,0,3,3,0,0,3,0.0,0.0,0.0,0.0,0.0,1.0,-1
"((SMBGperDayPtMeterCombo >= 1.221) U[0,2] (TotChol <= 117.133))
",-9999999.000,-9999999.000,0.000,0.000,1.000,0,0,0,3,3,0,0,3,0.0,0.0,0.0,0.0,0.0,1.0,-1
"F[1,2](((BldPrDia >= 74.460 | WeightKg <= 90.162) & BUN <= 91.713) | Pt_SiblingT1D <= 97.433)
",-9999999.000,-9999999.000,0.000,0.000,1.000,0,0,0,3,3,0,0,3,0.0,0.0,0.0,0.0,0.0,1.0,-1
"F[0,1](((bmiPerc <= 0.418 | HbA1c <= 9.166) | Pt_GrandparentT1D <= 9.804) -> Pt_GrandchildT1D <= 10.293)
",-9999999.000,-9999999.000,0.000,0.000,1.000,0,0,0,3,3,0,0,3,0.0,0.0,0.0,0.0,0.0,1.0,-1
"F[0,1](TotalDailyInsPerKg >= 0.131 & Pt_SHFlg = 0.000)
",-9999999.000,-9999999.000,0.000,0.000,1.000,0,0,0,3,3,0,0,3,0.0,0.0,0.0,0.0,0.0,1.0,-1
"F[0,0](AutonomicNeuroCl >= 0.000 & Pt_SHFlg = 0.000)
",-4.389,-26.738,0.000,0.000,1.000,0,0,0,3,3,0,0,3,0.0,0.0,0.0,0.0,0.0,1.0,-1
"F[1,2](Pt_MotherT1D > 0.000 -> Pt_SHFlg = 0.000)
",-9999999.000,-9999999.000,0.000,0.000,1.000,0,0,0,3,3,0,0,3,0.0,0.0,0.0,0.0,0.0,1.0,-1
"((Pt_DKAFlg < 0.635) U[2,2] (Pt_SHFlg = 0.000))
",0.635,0.635,0.000,0.000,1.000,0,0,0,3,3,0,0,3,0.0,0.0,0.0,0.0,0.0,1.0,-1
"F[0,2](BGTestAvgNumPtRep <= 4.405 & Pt_SHFlg = 0.000)
",-9999999.000,-9999999.000,0.000,0.000,1.000,0,0,0,3,3,0,0,3,0.0,0.0,0.0,0.0,0.0,1.0,-1
"((AlbCreatRat_mggNew >= 30.632) U[0,0] (Pt_SHFlg = 0.000))
",-2.063,-20.632,0.000,0.000,1.000,0,0,0,3,3,0,0,3,0.0,0.0,0.0,0.0,0.0,1.0,-1
"((BGTestAvgNumMeter >= 0.000) U[0,2] (BGTestAvgNumPtRep <= 4.734))
",-9999999.000,-9999999.000,0.000,0.000,1.000,0,0,0,3,3,0,0,3,0.0,0.0,0.0,0.0,0.0,1.0,-1
"F[0,1](HbA1c >= 8.023 -> Pt_A1cGoalLevelDsYr5 = 0.000)
",-9999999.000,-9999999.000,0.000,0.000,1.000,0,0,0,3,3,0,0,3,0.0,0.0,0.0,0.0,0.0,1.0,-1
"((BGTestAvgNumMeter >= 0.000) U[2,2] (BGTestAvgNumPtRep <= 4.470))
",4.470,4.470,0.000,0.000,1.000,0,0,0,3,3,0,0,3,0.0,0.0,0.0,0.0,0.0,1.0,-1
"F[1,2](HbA1c >= 7.437 -> Pt_A1cGoalLevelDsYr5 = 0.000)
",-9999999.000,-9999999.000,0.000,0.000,1.000,0,0,0,3,3,0,0,3,0.0,0.0,0.0,0.0,0.0,1.0,-1
"((BGTestAvgNumMeter >= 0.000) U[1,2] (BGTestAvgNumPtRep <= 4.256))
",-9999999.000,-9999999.000,0.000,0.000,1.000,0,0,0,3,3,0,0,3,0.0,0.0,0.0,0.0,0.0,1.0,-1
"F[0,2](HbA1c >= 7.362 -> Pt_A1cGoalLevelDsYr5 = 0.000)
",-9999999.000,-9999999.000,0.000,0.000,1.000,0,0,0,3,3,0,0,3,0.0,0.0,0.0,0.0,0.0,1.0,-1
"((BGTestAvgNumMeter >= 0.000) U[2,2] (BGTestAvgNumPtRep <= 4.612))
",4.612,4.612,0.000,0.000,1.000,0,0,0,3,3,0,0,3,0.0,0.0,0.0,0.0,0.0,1.0,-1
"F[0,2](HbA1c >= 7.528 -> Pt_A1cGoalLevelDsYr5 = 0.000)
",-9999999.000,-9999999.000,0.000,0.000,1.000,0,0,0,3,3,0,0,3,0.0,0.0,0.0,0.0,0.0,1.0,-1
"F[0,1](diagAgeCombo >= 10.000 -> Pt_SHFlg = 0.000)
",-9999999.000,-9999999.000,0.000,0.000,1.000,0,0,0,3,3,0,0,3,0.0,0.0,0.0,0.0,0.0,1.0,-1
"((BGTestAvgNumMeter >= 0.000) U[2,2] (BGTestAvgNumPtRep <= 3.003))
",3.003,3.003,0.000,0.000,1.000,0,0,0,3,3,0,0,3,0.0,0.0,0.0,0.0,0.0,1.0,-1
"F[1,2](HbA1c >= 7.820 -> Pt_A1cGoalLevelDsYr5 = 0.000)
",-9999999.000,-9999999.000,0.000,0.000,1.000,0,0,0,3,3,0,0,3,0.0,0.0,0.0,0.0,0.0,1.0,-1
"((BGTestAvgNumMeter >= 0.000) U[1,2] (BGTestAvgNumPtRep <= 4.927))
",-9999999.000,-9999999.000,0.000,0.000,1.000,0,0,0,3,3,0,0,3,0.0,0.0,0.0,0.0,0.0,1.0,-1
"F[1,2](HbA1c >= 7.921 -> Pt_A1cGoalLevelDsYr5 = 0.000)
",-9999999.000,-9999999.000,0.000,0.000,1.000,0,0,0,3,3,0,0,3,0.0,0.0,0.0,0.0,0.0,1.0,-1
"((BGTestAvgNumMeter >= 0.000) U[1,2] (BGTestAvgNumPtRep <= 4.921))
",-9999999.000,-9999999.000,0.000,0.000,1.000,0,0,0,3,3,0,0,3,0.0,0.0,0.0,0.0,0.0,1.0,-1
"F[1,1](HbA1c >= 8.694 -> Pt_A1cGoalLevelDsYr5 = 0.000)
",0.000,0.000,0.000,0.000,1.000,0,0,0,3,3,0,0,3,0.0,0.0,0.0,0.0,0.0,1.0,-1
"((BGTestAvgNumMeter >= 0.000) U[0,2] (BGTestAvgNumPtRep <= 4.686))
",-9999999.000,-9999999.000,0.000,0.000,1.000,0,0,0,3,3,0,0,3,0.0,0.0,0.0,0.0,0.0,1.0,-1
"F[1,2](HbA1c >= 7.733 -> Pt_A1cGoalLevelDsYr5 = 0.000)
",-9999999.000,-9999999.000,0.000,0.000,1.000,0,0,0,3,3,0,0,3,0.0,0.0,0.0,0.0,0.0,1.0,-1
"F[1,2](HbA1c >= 8.289 -> Pt_A1cGoalLevelDsYr5 = 0.000)
",-9999999.000,-9999999.000,0.000,0.000,1.000,0,0,0,3,3,0,0,3,0.0,0.0,0.0,0.0,0.0,1.0,-1
"F[2,2](((BGTestAvgNumPtRep <= 3.958 -> Pt_InsGov >= 0.000) | Pt_ChildT1D <= 0.000) | BldPrDia <= 0.000)
",0.000,0.000,0.000,0.000,1.000,0,0,0,3,3,0,0,3,0.0,0.0,0.0,0.0,0.0,1.0,-1
"((Pt_CGMUseNumDays >= 0.000) U[0,1] (Pt_SHFlg = 0.000))
",-9999999.000,-9999999.000,0.000,0.000,1.000,0,0,0,3,3,0,0,3,0.0,0.0,0.0,0.0,0.0,1.0,-1
"F[0,2](NumPumpBolusOrShortAct >= 0.379 & Pt_SHFlg = 0.000)
",-9999999.000,-9999999.000,0.000,0.000,1.000,0,0,0,3,3,0,0,3,0.0,0.0,0.0,0.0,0.0,1.0,-1
"((BGTestAvgNumMeter <= 0.000) U[0,2] (Pt_SHFlg = 0.000))
",-9999999.000,-9999999.000,0.000,0.000,1.000,0,0,0,3,3,0,0,3,0.0,0.0,0.0,0.0,0.0,1.0,-1
"F[1,2](age >= 20.048 & Pt_SHFlg = 0.000)
",-9999999.000,-9999999.000,0.000,0.000,1.000,0,0,0,3,3,0,0,3,0.0,0.0,0.0,0.0,0.0,1.0,-1
"F[0,0](HDL < 22.861 -> Pt_SHFlg = 0.000)
",-22.861,-22.861,0.000,0.000,1.000,0,0,0,3,3,0,0,3,0.0,0.0,0.0,0.0,0.0,1.0,-1
"F[0,2]((Pt_GrandchildT1D <= 0.000 | AlbCreatRat_mggNew <= 126.406) | BGTestAvgNumPtRep >= 109.488)
",-9999999.000,-9999999.000,0.000,0.000,1.000,0,0,0,3,3,0,0,3,0.0,0.0,0.0,0.0,0.0,1.0,-1
"F[0,1](((BldPrDia >= 73.734 & NumPumpBolusOrShortAct <= 1.652) & NumPumpBolusOrShortAct <= 1.843) | Pt_ChildT1D <= 1.779)
",-9999999.000,-9999999.000,0.000,0.000,1.000,0,0,0,3,3,0,0,3,0.0,0.0,0.0,0.0,0.0,1.0,-1
"F[1,2]((age <= 24.636 -> HeightCm >= 175.983) | HbA1cImputeDtMnC <= 177.000)
",-9999999.000,-9999999.000,0.000,0.000,1.000,0,0,0,3,3,0,0,3,0.0,0.0,0.0,0.0,0.0,1.0,-1
"F[0,1](((NumPumpBolusOrShortAct >= 0.384 | SMBGperDayPtMeterCombo <= 3.846) & BldPrDia >= 0.359) | BUN >= 2.248)
",-9999999.000,-9999999.000,0.000,0.000,1.000,0,0,0,3,3,0,0,3,0.0,0.0,0.0,0.0,0.0,1.0,-1
"F[0,1](HbA1c >= 7.517 | TotalDailyInsPerKg <= 1.118)
",-9999999.000,-9999999.000,0.000,0.000,1.000,0,0,0,3,3,0,0,3,0.0,0.0,0.0,0.0,0.0,1.0,-1
"((diabDur >= 11.027) U[2,2] (NumPumpBolusOrShortAct <= 2.871))
",2.871,2.871,0.000,0.000,1.000,0,0,0,3,3,0,0,3,0.0,0.0,0.0,0.0,0.0,1.0,-1
"F[2,2](((NumPumpBolusOrShortAct >= 0.703 & UnitsInsBasalOrLongAct >= 19.290) | GFR <= 35.208) | Pt_MotherT1D >= 27.306)
",35.208,35.208,0.000,0.000,1.000,0,0,0,3,3,0,0,3,0.0,0.0,0.0,0.0,0.0,1.0,-1
"F[2,2](HDL >= 16.362 & SMBGperDayPtMeterCombo >= 2.408)
",-16.362,-16.362,0.000,0.000,1.000,0,0,0,3,3,0,0,3,0.0,0.0,0.0,0.0,0.0,1.0,-1
"F[0,1]((BGTestAvgNumPtRep >= 2.126 -> TotalDailyInsPerKg <= 1.073) | WeightKg <= 0.897)
",-9999999.000,-9999999.000,0.000,0.000,1.000,0,0,0,3,3,0,0,3,0.0,0.0,0.0,0.0,0.0,1.0,-1
"F[1,2](HeightCm <= 176.764 -> TSH <= 0.540)
",-9999999.000,-9999999.000,0.000,0.000,1.000,0,0,0,3,3,0,0,3,0.0,0.0,0.0,0.0,0.0,1.0,-1
"F[2,2](((HeightCm <= 176.278 | TotChol >= 16.430) | BGTestAvgNumMeter >= 27.118) | GFR >= 19.464)
",176.278,176.278,0.000,0.000,1.000,0,0,0,3,3,0,0,3,0.0,0.0,0.0,0.0,0.0,1.0,-1
"F[0,2]((BGTestAvgNumPtRep <= 3.690 -> BUN >= 1.573) & diabDur >= 2.113)
",-9999999.000,-9999999.000,0.000,0.000,1.000,0,0,0,3,3,0,0,3,0.0,0.0,0.0,0.0,0.0,1.0,-1
"F[1,2]((Pt_CGMUseNumDays <= 0.000 & Pt_CGMUseNumDays >= 0.000) -> AutonomicNeuroCl >= 0.000)
",-9999999.000,-9999999.000,0.000,0.000,1.000,0,0,0,3,3,0,0,3,0.0,0.0,0.0,0.0,0.0,1.0,-1
"F[2,2](age >= 20.663 -> HbA1c >= 7.433)
",7.433,7.433,0.000,0.000,1.000,0,0,0,3,3,0,0,3,0.0,0.0,0.0,0.0,0.0,1.0,-1
"F[0,0](Pt_FatherT1D <= 0.000 & Pt_SHFlg = 0.000)
",-4.389,-26.738,0.000,0.000,1.000,0,0,0,3,3,0,0,3,0.0,0.0,0.0,0.0,0.0,1.0,-1
"((HDL >= 2.438) U[2,2] (TotalDailyInsPerKg >= 0.447))
",-0.447,-0.447,0.000,0.000,1.000,0,0,0,3,3,0,0,3,0.0,0.0,0.0,0.0,0.0,1.0,-1
"F[0,2](((LDL <= 25.155 -> Triglyc >= 6.344) -> diagAgeCombo >= 16.095) -> Pt_DKAFlg >= 14.784)
",-9999999.000,-9999999.000,0.000,0.000,1.000,0,0,0,3,3,0,0,3,0.0,0.0,0.0,0.0,0.0,1.0,-1
"F[0,2]((BUN <= 16.839 | NumPumpBolusOrShortAct >= 0.344) & UnitsInsBasalOrLongAct >= 0.024)
",-9999999.000,-9999999.000,0.000,0.000,1.000,0,0,0,3,3,0,0,3,0.0,0.0,0.0,0.0,0.0,1.0,-1
"((BGTestAvgNumPtRep <= 4.520) U[0,0] (Pt_SHFlg = 0.000))
",4.520,4.520,0.000,0.000,1.000,0,0,0,3,3,0,0,3,0.0,0.0,0.0,0.0,0.0,1.0,-1
"F[1,2](bmi > 25.241 & Pt_SHFlg = 0.000)
",-9999999.000,-9999999.000,0.000,0.000,1.000,0,0,0,3,3,0,0,3,0.0,0.0,0.0,0.0,0.0,1.0,-1
"((HeightCm > 175.860) U[0,0] (Pt_SHFlg = 0.000))
",-4.389,-26.738,0.000,0.000,1.000,0,0,0,3,3,0,0,3,0.0,0.0,0.0,0.0,0.0,1.0,-1
"F[1,2](Pt_ChildT1D >= 0.000 & Pt_SHFlg = 0.000)
",-9999999.000,-9999999.000,0.000,0.000,1.000,0,0,0,3,3,0,0,3,0.0,0.0,0.0,0.0,0.0,1.0,-1
"F[0,2](Triglyc < 60.302 & Pt_SHFlg = 0.000)
",-9999999.000,-9999999.000,0.000,0.000,1.000,0,0,0,3,3,0,0,3,0.0,0.0,0.0,0.0,0.0,1.0,-1
"((HDL <= 48.313) U[0,1] (Pt_SHFlg = 0.000))
",-9999999.000,-9999999.000,0.000,0.000,1.000,0,0,0,3,3,0,0,3,0.0,0.0,0.0,0.0,0.0,1.0,-1
"F[1,1](Pt_InsGov <= 0.000 -> Pt_SHFlg = 0.000)
",0.000,0.000,0.000,0.000,1.000,0,0,0,3,3,0,0,3,0.0,0.0,0.0,0.0,0.0,1.0,-1
"((Pt_A1cGoalLev >= 0.000) U[0,1] (Pt_SHFlg = 0.000))
",-9999999.000,-9999999.000,0.000,0.000,1.000,0,0,0,3,3,0,0,3,0.0,0.0,0.0,0.0,0.0,1.0,-1
"((Pt_MotherT1D <= 0.000) U[1,1] (Pt_SHFlg = 0.000))
",0.000,0.000,0.000,0.000,1.000,0,0,0,3,3,0,0,3,0.0,0.0,0.0,0.0,0.0,1.0,-1
"F[0,2]((LDL <= 49.639 -> diabDur >= 11.954) & AlbCreatRat_mggNew >= 11.514)
",-9999999.000,-9999999.000,0.000,0.000,1.000,0,0,0,3,3,0,0,3,0.0,0.0,0.0,0.0,0.0,1.0,-1
"F[0,2]((Pt_SiblingT1D >= 0.000 | bmiZscore >= 0.341) -> GFR <= 1.063)
",-9999999.000,-9999999.000,0.000,0.000,1.000,0,0,0,3,3,0,0,3,0.0,0.0,0.0,0.0,0.0,1.0,-1
"F[0,2](((Pt_SiblingT1D <= 0.000 -> Pt_SiblingT1D <= 0.000) | Pt_SiblingT1D >= 0.000) -> BldPrSys <= 0.000)
",-9999999.000,-9999999.000,0.000,0.000,1.000,0,0,0,3,3,0,0,3,0.0,0.0,0.0,0.0,0.0,1.0,-1
"G[0,2](((BldPrDia >= 74.191 -> TotChol <= 40.220) & Pt_SHFlg <= 146.804) -> diagAgeCombo <= 145.489)
",9999999.000,9999999.000,0.000,1.000,0.000,0,0,3,0,0,3,3,0,0.0,0.0,1.0,0.0,0.0,1.0,1
"G[0,2](((NumPumpBolusOrShortAct <= 1.355 | TotChol >= 11.773) & diabDur >= 3.700) | BldPrDia >= 6.298)
",9999999.000,9999999.000,0.000,1.000,0.000,0,0,3,0,0,3,3,0,0.0,0.0,1.0,0.0,0.0,1.0,1
"G[2,2]((Pt_SHFlg <= 0.000 & bmiPerc >= 0.105) & HbA1cImputeDtMnC >= 0.097)
",-0.105,-0.105,0.000,1.000,0.000,0,0,3,0,0,3,3,0,0.0,0.0,1.0,0.0,0.0,1.0,1
"G[1,2](HbA1cImputeDtMnC >= 15.257 & HbA1c <= 10.075)
",9999999.000,9999999.000,0.000,1.000,0.000,0,0,2,1,1,2,2,1,0.0,0.0,1.0,0.0,0.0,1.0,1
"G[2,2](((Pt_FatherT1D <= 0.000 -> Pt_CGMUseNumDays >= 0.000) -> HbA1c >= 0.000) -> NumPumpBolusOrShortAct >= 0.000)
",0.000,0.000,0.000,1.000,0.000,0,0,3,0,0,3,3,0,0.0,0.0,1.0,0.0,0.0,1.0,1
"G[1,2]((age >= 20.548 & SMBGperDayPtMeterCombo <= 4.815) | bmiZscore >= 2.774)
",9999999.000,9999999.000,0.000,1.000,0.000,0,0,2,1,1,2,2,1,0.0,0.0,1.0,0.0,0.0,1.0,1
"G[1,2](GFR <= 0.000 -> BUN >= 4.362)
",9999999.000,9999999.000,0.000,1.000,0.000,0,0,2,1,1,2,2,1,0.0,0.0,1.0,0.0,0.0,1.0,1
"G[0,1](((bmi >= 26.896 -> HeightCm <= 176.423) | BGTestAvgNumPtRep <= 176.273) & Pt_SiblingT1D >= 175.935)
",9999999.000,9999999.000,0.000,1.000,0.000,0,0,0,3,3,0,0,3,0.0,0.0,0.0,0.0,0.0,1.0,1
"G[2,2]((bmiZscore >= 0.328 -> HeightCm <= 176.366) -> GFR >= 175.919)
",175.919,175.919,0.000,1.000,0.000,0,0,3,0,0,3,3,0,0.0,0.0,1.0,0.0,0.0,1.0,1
"G[0,2]((HbA1c <= 9.497 | HbA1cImputeDtMnC >= 1.162) -> HDL <= 41.680)
",9999999.000,9999999.000,0.000,1.000,0.000,0,0,2,1,1,2,2,1,0.0,0.0,1.0,0.0,0.0,1.0,1
"G[1,2](((HbA1cImputeDtMnC >= 5.995 -> HeightCm <= 177.060) & Pt_GrandchildT1D >= 176.012) & bmiPerc <= 176.986)
",9999999.000,9999999.000,0.000,1.000,0.000,0,0,1,2,2,1,1,2,0.0,0.0,1.0,0.0,0.0,1.0,1
"G[0,1]((HeightCm >= 176.231 | WeightKg >= 77.641) & Pt_GrandparentT1D >= 79.630)
",9999999.000,9999999.000,0.000,1.000,0.000,0,0,0,3,3,0,0,3,0.0,0.0,0.0,0.0,0.0,1.0,1
"G[0,2](NumPumpBolusOrShortAct >= 0.379 & TotalDailyInsPerKg >= 0.305)
",9999999.000,9999999.000,0.000,1.000,0.000,0,0,1,2,2,1,1,2,0.0,0.0,1.0,0.0,0.0,1.0,1
"G[2,2]((TSH >= 0.016 | SMBGperDayPtMeterCombo <= 2.874) -> HbA1c <= 2.892)
",-2.892,-2.892,0.000,1.000,0.000,0,0,3,0,0,3,3,0,0.0,0.0,1.0,0.0,0.0,1.0,1
"G[2,2]((BldPrDia <= 84.216 -> bmi <= 32.625) -> Pt_ChildT1D <= 32.115)
",-32.115,-32.115,0.000,1.000,0.000,0,0,3,0,0,3,3,0,0.0,0.0,1.0,0.0,0.0,1.0,1
"G[0,2](BldPrDia >= 71.485 & diabDur <= 14.893)
",9999999.000,9999999.000,0.000,1.000,0.000,0,0,1,2,2,1,1,2,0.0,0.0,1.0,0.0,0.0,1.0,1
"G[0,1]((BGTestAvgNumPtRep <= 3.280 -> UnitsInsBasalOrLongAct <= 44.813) & LDL <= 41.568)
",9999999.000,9999999.000,0.000,1.000,0.000,0,0,0,3,3,0,0,3,0.0,0.0,0.0,0.0,0.0,1.0,1
"G[0,2]((TotalDailyInsPerKg <= 0.913 | WeightKg >= 79.448) | DirectLDL <= 98.443)
",9999999.000,9999999.000,0.000,1.000,0.000,0,0,3,0,0,3,3,0,0.0,0.0,1.0,0.0,0.0,1.0,1
"G[0,2]((HDL >= 11.061 -> TotChol <= 56.007) -> TotalDailyInsPerKg >= 9.992)
",9999999.000,9999999.000,0.000,1.000,0.000,0,0,0,3,3,0,0,3,0.0,0.0,0.0,0.0,0.0,1.0,1
"G[0,2](bmiZscore <= 0.515 -> Pt_SHFlg = 0.000)
",9999999.000,9999999.000,0.000,1.000,0.000,0,0,3,0,0,3,3,0,0.0,0.0,1.0,0.0,0.0,1.0,1
"G[0,2](AlbCreatRat_mggNew >= 45.313 -> Pt_SHFlg = 0.000)
",9999999.000,9999999.000,0.000,1.000,0.000,0,0,3,0,0,3,3,0,0.0,0.0,1.0,0.0,0.0,1.0,1
"G[1,2](GFR <= 0.000 -> BUN >= 1.520)
",9999999.000,9999999.000,0.000,1.000,0.000,0,0,2,1,1,2,2,1,0.0,0.0,1.0,0.0,0.0,1.0,1
"G[1,2](GFR <= 0.000 -> BUN >= 4.262)
",9999999.000,9999999.000,0.000,1.000,0.000,0,0,2,1,1,2,2,1,0.0,0.0,1.0,0.0,0.0,1.0,1
"G[2,2]((WeightKg >= 82.587 | bmi >= 27.450) -> UnitsInsBasalOrLongAct <= 49.588)
",-49.588,-49.588,0.000,1.000,0.000,0,0,3,0,0,3,3,0,0.0,0.0,1.0,0.0,0.0,1.0,1
"G[1,2](GFR <= 0.000 -> BUN >= 5.481)
",9999999.000,9999999.000,0.000,1.000,0.000,0,0,2,1,1,2,2,1,0.0,0.0,1.0,0.0,0.0,1.0,1
"G[2,2](((Pt_ChildT1D <= 0.000 -> Pt_CGMUseNumDays <= 0.000) -> SMBGperDayPtMeterCombo >= 0.000) -> Pt_SiblingT1D >= 0.000)
",0.000,0.000,0.000,1.000,0.000,0,0,3,0,0,3,3,0,0.0,0.0,1.0,0.0,0.0,1.0,1
"G[1,2](((AutonomicNeuroCl <= 0.000 & bmiZscore <= 0.651) & bmiPerc <= 0.944) & BldPrSys <= 0.669)
",9999999.000,9999999.000,0.000,1.000,0.000,0,0,1,2,2,1,1,2,0.0,0.0,1.0,0.0,0.0,1.0,1
"G[0,2]((WeightKg >= 85.116 | bmi >= 27.876) -> UnitsInsBasalOrLongAct <= 35.353)
",9999999.000,9999999.000,0.000,1.000,0.000,0,0,1,2,2,1,1,2,0.0,0.0,1.0,0.0,0.0,1.0,1
"G[0,2](((HbA1c <= 10.528 & SMBGperDayPtMeterCombo <= 3.421) & bmiPerc >= 0.594) -> bmi <= 3.733)
",9999999.000,9999999.000,0.000,1.000,0.000,0,0,3,0,0,3,3,0,0.0,0.0,1.0,0.0,0.0,1.0,1
"G[1,2](((TotalDailyInsPerKg >= 0.255 | TSH >= 0.138) -> bmiPerc <= 0.692) -> AutonomicNeuroCl >= 0.137)
",9999999.000,9999999.000,0.000,1.000,0.000,0,0,1,2,2,1,1,2,0.0,0.0,1.0,0.0,0.0,1.0,1
"G[1,2](((BGTestAvgNumPtRep <= 4.180 -> WeightKg <= 93.770) | SMBGperDayPtMeterCombo <= 98.309) -> BldPrDia <= 99.221)
",9999999.000,9999999.000,0.000,1.000,0.000,0,0,3,0,0,3,3,0,0.0,0.0,1.0,0.0,0.0,1.0,1
"G[0,2]((BGTestAvgNumPtRep >= 2.450 & bmi <= 32.423) & BUN <= 28.664)
",9999999.000,9999999.000,0.000,1.000,0.000,0,0,1,2,2,1,1,2,0.0,0.0,1.0,0.0,0.0,1.0,1
"G[0,2](bmi >= 25.320 | NumPumpBolusOrShortAct <= 2.173)
",9999999.000,9999999.000,0.000,1.000,0.000,0,0,3,0,0,3,3,0,0.0,0.0,1.0,0.0,0.0,1.0,1
"G[2,2]((bmiZscore >= 0.160 | NumPumpBolusOrShortAct <= 1.260) & bmi >= 1.076)
",-1.076,-1.076,0.000,1.000,0.000,0,0,3,0,0,3,3,0,0.0,0.0,1.0,0.0,0.0,1.0,1
"G[0,1]((bmi <= 30.629 & TSH <= 0.857) & TotalDailyInsPerKg <= 0.522)
",9999999.000,9999999.000,0.000,1.000,0.000,0,0,0,3,3,0,0,3,0.0,0.0,0.0,0.0,0.0,1.0,1
"G[1,2]((HbA1cImputeDtMnC <= 49.067 | TSH >= 0.043) | UnitsInsBasalOrLongAct <= 0.350)
",9999999.000,9999999.000,0.000,1.000,0.000,0,0,3,0,0,3,3,0,0.0,0.0,1.0,0.0,0.0,1.0,1
"G[1,2](TSH <= 0.807 & WeightKg >= 77.069)
",9999999.000,9999999.000,0.000,1.000,0.000,0,0,2,1,1,2,2,1,0.0,0.0,1.0,0.0,0.0,1.0,1
"G[0,1]((bmiPerc <= 0.539 | HeightCm >= 176.121) -> HDL >= 176.013)
",9999999.000,9999999.000,0.000,1.000,0.000,0,0,0,3,3,0,0,3,0.0,0.0,0.0,0.0,0.0,1.0,1
"G[1,2](((HeightCm <= 176.416 & LDL <= 37.855) -> TSH <= 31.340) & HeightCm <= 60.977)
",9999999.000,9999999.000,0.000,1.000,0.000,0,0,1,2,2,1,1,2,0.0,0.0,1.0,0.0,0.0,1.0,1
"G[0,2](((bmi >= 25.039 | HbA1c >= 7.555) & Pt_SHFlg <= 9.358) -> Pt_DKAFlg <= 8.950)
",9999999.000,9999999.000,0.000,1.000,0.000,0,0,3,0,0,3,3,0,0.0,0.0,1.0,0.0,0.0,1.0,1
"G[2,2]((BldPrDia <= 82.896 | HeightCm >= 175.813) -> BUN >= 175.829)
",-82.896,-82.896,0.000,1.000,0.000,0,0,3,0,0,3,3,0,0.0,0.0,1.0,0.0,0.0,1.0,1
"G[1,2](((LDL <= 49.544 & DirectLDL >= 0.000) | TotalDailyInsPerKg >= 0.000) | Pt_A1cGoalLevelDsYr5 <= 0.000)
",9999999.000,9999999.000,0.000,1.000,0.000,0,0,3,0,0,3,3,0,0.0,0.0,1.0,0.0,0.0,1.0,1
"G[1,2](((TotalDailyInsPerKg <= 1.215 | UnitsInsBasalOrLongAct >= 8.343) -> age >= 12.471) | Pt_FatherT1D <= 49.037)
",9999999.000,9999999.000,0.000,1.000,0.000,0,0,3,0,0,3,3,0,0.0,0.0,1.0,0.0,0.0,1.0,1
"G[0,2](((bmiPerc >= 0.124 & HDL >= 1.027) -> Pt_InsGov <= 32.247) | SMBGperDayPtMeterCombo >= 7.107)
",9999999.000,9999999.000,0.000,1.000,0.000,0,0,3,0,0,3,3,0,0.0,0.0,1.0,0.0,0.0,1.0,1
"G[0,2]((bmi <= 29.457 & LDL <= 55.801) -> Pt_ChildT1D <= 76.227)
",9999999.000,9999999.000,0.000,1.000,0.000,0,0,3,0,0,3,3,0,0.0,0.0,1.0,0.0,0.0,1.0,1
"G[0,2]((BldPrDia >= 73.853 | HbA1cImputeDtMnC <= 43.236) & diagAgeCombo >= 10.272)
",9999999.000,9999999.000,0.000,1.000,0.000,0,0,0,3,3,0,0,3,0.0,0.0,0.0,0.0,0.0,1.0,1
"G[2,2]((BldPrSys >= 129.743 | Triglyc >= 18.309) & BldPrDia <= 61.229)
",-18.309,-18.309,0.000,1.000,0.000,0,0,3,0,0,3,3,0,0.0,0.0,1.0,0.0,0.0,1.0,1
"G[0,1](BldPrSys >= 126.168 & bmi <= 29.517)
",9999999.000,9999999.000,0.000,1.000,0.000,0,0,0,3,3,0,0,3,0.0,0.0,0.0,0.0,0.0,1.0,1
"G[2,2](((HbA1c >= 8.739 | LDL <= 40.501) -> BldPrSys <= 23.554) & Pt_GrandchildT1D >= 7.615)
",-40.501,-40.501,0.000,1.000,0.000,0,0,3,0,0,3,3,0,0.0,0.0,1.0,0.0,0.0,1.0,1
"G[1,2](((HbA1c >= 8.172 -> Pt_DKAFlg >= 0.172) | Triglyc <= 0.305) -> Pt_GrandchildT1D <= 0.684)
",9999999.000,9999999.000,0.000,1.000,0.000,0,0,3,0,0,3,3,0,0.0,0.0,1.0,0.0,0.0,1.0,1
"G[2,2](HeightCm >= 176.075 | Pt_A1cGoalLevelDsYr5 <= 0.000)
",0.000,0.000,0.000,1.000,0.000,0,0,3,0,0,3,3,0,0.0,0.0,1.0,0.0,0.0,1.0,1
"G[0,0]((BUN >= 1.189 & BGTestAvgNumMeter <= 0.000) & HDL <= 0.000)
",-45.000,-45.000,0.000,1.000,0.000,0,0,0,3,3,0,0,3,0.0,0.0,0.0,0.0,0.0,1.0,1
"G[0,0](((Pt_CGMUseNumDays <= 0.000 | BGTestAvgNumPtRep <= 3.518) & GFR >= 0.864) | Pt_CGMUseNumDays >= 0.135)
",9241.865,9241.865,0.000,1.000,0.000,0,0,0,3,3,0,0,3,0.0,0.0,0.0,0.0,0.0,1.0,1
"G[0,1](SMBGperDayPtMeterCombo >= 0.396 & BGTestAvgNumPtRep >= 2.705)
",9999999.000,9999999.000,0.000,1.000,0.000,0,0,1,2,2,1,1,2,0.0,0.0,1.0,0.0,0.0,1.0,1
"G[1,2](SMBGperDayPtMeterCombo >= 2.319 & BGTestAvgNumPtRep >= 2.311)
",9999999.000,9999999.000,0.000,1.000,0.000,0,0,2,1,1,2,2,1,0.0,0.0,1.0,0.0,0.0,1.0,1
"G[2,2]((bmi <= 32.348 | UnitsInsBasalOrLongAct <= 34.120) & Pt_SiblingT1D <= 49.229)
",34.120,34.120,0.000,1.000,0.000,0,0,3,0,0,3,3,0,0.0,0.0,1.0,0.0,0.0,1.0,1
"G[1,2](((Triglyc <= 86.127 & diagAgeCombo >= 10.000) | bmiZscore >= 10.000) -> Pt_SiblingT1D >= 10.000)
",9999999.000,9999999.000,0.000,1.000,0.000,0,0,2,1,1,2,2,1,0.0,0.0,1.0,0.0,0.0,1.0,1
"G[0,2](HbA1cImputeDtMnC >= 5.717 -> WeightKg <= 93.391)
",9999999.000,9999999.000,0.000,1.000,0.000,0,0,1,2,2,1,1,2,0.0,0.0,1.0,0.0,0.0,1.0,1
"G[1,2](((AlbCreatRat_mggNew >= 80.932 -> UnitsInsBasalOrLongAct <= 42.366) & BUN <= 36.943) | BGTestAvgNumPtRep >= 6.672)
",9999999.000,9999999.000,0.000,1.000,0.000,0,0,2,1,1,2,2,1,0.0,0.0,1.0,0.0,0.0,1.0,1
"G[0,2](BldPrSys <= 134.170 & LDL >= 7.818)
",9999999.000,9999999.000,0.000,1.000,0.000,0,0,0,3,3,0,0,3,0.0,0.0,0.0,0.0,0.0,1.0,1
"G[1,2]((BUN <= 9.280 | HDL <= 52.615) & GFR <= 48.896)
",9999999.000,9999999.000,0.000,1.000,0.000,0,0,2,1,1,2,2,1,0.0,0.0,1.0,0.0,0.0,1.0,1
"G[0,2]((HDL <= 26.047 | Triglyc >= 30.379) & BGTestAvgNumPtRep >= 24.999)
",9999999.000,9999999.000,0.000,1.000,0.000,0,0,0,3,3,0,0,3,0.0,0.0,0.0,0.0,0.0,1.0,1
"G[0,2](((bmiPerc >= 0.082 & LDL >= 9.870) & Pt_A1cGoalLev <= 46.576) -> GFR <= 86.563)
",9999999.000,9999999.000,0.000,1.000,0.000,0,0,3,0,0,3,3,0,0.0,0.0,1.0,0.0,0.0,1.0,1
"G[1,2](UnitsInsBasalOrLongAct <= 45.104 & Pt_SHFlg = 0.000)
",9999999.000,9999999.000,0.000,1.000,0.000,0,0,3,0,0,3,3,0,0.0,0.0,1.0,0.0,0.0,1.0,1
"G[1,2](LDL < 73.169 -> Pt_SHFlg = 0.000)
",9999999.000,9999999.000,0.000,1.000,0.000,0,0,3,0,0,3,3,0,0.0,0.0,1.0,0.0,0.0,1.0,1
"G[1,2](TSH < 0.577 & Pt_SHFlg = 0.000)
",9999999.000,9999999.000,0.000,1.000,0.000,0,0,2,1,1,2,2,1,0.0,0.0,1.0,0.0,0.0,1.0,1
"G[0,0](((TotalDailyInsPerKg >= 0.635 -> DirectLDL <= 0.000) -> bmi <= 0.000) & LDL <= 0.000)
",-13.731,-1.121,0.000,1.000,0.000,0,0,0,3,3,0,0,3,0.0,0.0,0.0,0.0,0.0,1.0,1
"G[1,2](SMBGperDayPtMeterCombo >= 0.127 & BGTestAvgNumPtRep >= 0.327)
",9999999.000,9999999.000,0.000,1.000,0.000,0,0,3,0,0,3,3,0,0.0,0.0,1.0,0.0,0.0,1.0,1
"G[1,2]((Pt_SHFlg <= 0.000 | age >= 21.426) | TSH >= 22.564)
",9999999.000,9999999.000,0.000,1.000,0.000,0,0,3,0,0,3,3,0,0.0,0.0,1.0,0.0,0.0,1.0,1
"G[0,2](((bmi >= 25.322 | Triglyc <= 95.650) | age >= 30.893) | AutonomicNeuroCl <= 59.401)
",9999999.000,9999999.000,0.000,1.000,0.000,0,0,3,0,0,3,3,0,0.0,0.0,1.0,0.0,0.0,1.0,1
"G[2,2]((NumPumpBolusOrShortAct >= 1.076 -> diagAgeCombo >= 10.000) -> BGTestAvgNumPtRep >= 10.000)
",-1.076,-1.076,0.000,1.000,0.000,0,0,3,0,0,3,3,0,0.0,0.0,1.0,0.0,0.0,1.0,1
"G[0,1](((WeightKg >= 83.729 & Pt_DKAFlg <= 0.379) | Pt_SHFlg <= 0.547) -> HeightCm <= 0.896)
",9999999.000,9999999.000,0.000,1.000,0.000,0,0,0,3,3,0,0,3,0.0,0.0,0.0,0.0,0.0,1.0,1
"G[1,2](AutonomicNeuroCl <= 0.000 -> Pt_SHFlg >= 0.000)
",9999999.000,9999999.000,0.000,1.000,0.000,0,0,3,0,0,3,3,0,0.0,0.0,1.0,0.0,0.0,1.0,1
"G[0,0]((bmi >= 25.642 & Pt_DKAFlg >= 0.161) & HDL >= 0.110)
",-25.642,-25.642,0.000,1.000,0.000,0,0,0,3,3,0,0,3,0.0,0.0,0.0,0.0,0.0,1.0,1
"G[1,2]((Pt_SiblingT1D <= 0.000 | Pt_InsGov <= 0.000) | Pt_A1cGoalLev <= 0.000)
",9999999.000,9999999.000,0.000,1.000,0.000,0,0,3,0,0,3,3,0,0.0,0.0,1.0,0.0,0.0,1.0,1
"G[0,2](bmi >= 26.792 -> Pt_ChildT1D <= 0.000)
",9999999.000,9999999.000,0.000,1.000,0.000,0,0,3,0,0,3,3,0,0.0,0.0,1.0,0.0,0.0,1.0,1
"G[1,2](Pt_CGMUseNumDays <= 0.000 & Triglyc >= 21.031)
",9999999.000,9999999.000,0.000,1.000,0.000,0,0,2,1,1,2,2,1,0.0,0.0,1.0,0.0,0.0,1.0,1
"G[0,2](((WeightKg <= 97.838 | Pt_FatherT1D <= 0.000) & DirectLDL <= 0.000) & Pt_ChildT1D >= 0.000)
",9999999.000,9999999.000,0.000,1.000,0.000,0,0,3,0,0,3,3,0,0.0,0.0,1.0,0.0,0.0,1.0,1
"G[1,2]((diagAgeCombo <= 10.000 | Pt_SiblingT1D <= 0.000) | Pt_InsGov >= 0.000)
",9999999.000,9999999.000,0.000,1.000,0.000,0,0,3,0,0,3,3,0,0.0,0.0,1.0,0.0,0.0,1.0,1
"G[0,2](SMBGperDayPtMeterCombo >= 2.217 | NumPumpBolusOrShortAct >= 0.378)
",9999999.000,9999999.000,0.000,1.000,0.000,0,0,2,1,1,2,2,1,0.0,0.0,1.0,0.0,0.0,1.0,1
"G[0,2](BldPrSys <= 142.710 & BUN <= 9.771)
",9999999.000,9999999.000,0.000,1.000,0.000,0,0,2,1,1,2,2,1,0.0,0.0,1.0,0.0,0.0,1.0,1
"G[0,2]((HbA1cImputeDtMnC >= 23.605 -> TotalDailyInsPerKg >= 0.774) -> NumPumpBolusOrShortAct >= 0.568)
",9999999.000,9999999.000,0.000,1.000,0.000,0,0,2,1,1,2,2,1,0.0,0.0,1.0,0.0,0.0,1.0,1
"G[0,2](bmiZscore >= 0.077 | BUN >= 1.935)
",9999999.000,9999999.000,0.000,1.000,0.000,0,0,3,0,0,3,3,0,0.0,0.0,1.0,0.0,0.0,1.0,1
"G[2,2]((WeightKg >= 85.292 | bmi >= 27.503) -> UnitsInsBasalOrLongAct <= 42.089)
",-42.089,-42.089,0.000,1.000,0.000,0,0,3,0,0,3,3,0,0.0,0.0,1.0,0.0,0.0,1.0,1
"G[0,1](BGTestAvgNumMeter > 0.000 & Pt_SHFlg = 0.000)
",9999999.000,9999999.000,0.000,1.000,0.000,0,0,0,3,3,0,0,3,0.0,0.0,0.0,0.0,0.0,1.0,1
"G[0,2](GFR <= 0.000 -> BUN >= 4.761)
",9999999.000,9999999.000,0.000,1.000,0.000,0,0,1,2,2,1,1,2,0.0,0.0,1.0,0.0,0.0,1.0,1
"G[0,1](SMBGperDayPtMeterCombo >= 2.267 & BGTestAvgNumPtRep >= 1.541)
",9999999.000,9999999.000,0.000,1.000,0.000,0,0,1,2,2,1,1,2,0.0,0.0,1.0,0.0,0.0,1.0,1
"G[1,2](GFR <= 0.000 -> BUN >= 4.900)
",9999999.000,9999999.000,0.000,1.000,0.000,0,0,2,1,1,2,2,1,0.0,0.0,1.0,0.0,0.0,1.0,1
"G[0,2](SMBGperDayPtMeterCombo >= 0.453 & BGTestAvgNumPtRep >= 1.347)
",9999999.000,9999999.000,0.000,1.000,0.000,0,0,2,1,1,2,2,1,0.0,0.0,1.0,0.0,0.0,1.0,1
"G[2,2]((WeightKg >= 77.656 | bmi >= 25.300) -> UnitsInsBasalOrLongAct <= 36.663)
",-36.663,-36.663,0.000,1.000,0.000,0,0,3,0,0,3,3,0,0.0,0.0,1.0,0.0,0.0,1.0,1
"G[1,2](SMBGperDayPtMeterCombo >= 1.157 & BGTestAvgNumPtRep >= 0.105)
",9999999.000,9999999.000,0.000,1.000,0.000,0,0,3,0,0,3,3,0,0.0,0.0,1.0,0.0,0.0,1.0,1
"G[1,2]((WeightKg >= 84.628 | bmi >= 26.778) -> UnitsInsBasalOrLongAct <= 40.540)
",9999999.000,9999999.000,0.000,1.000,0.000,0,0,3,0,0,3,3,0,0.0,0.0,1.0,0.0,0.0,1.0,1
"G[2,2](SMBGperDayPtMeterCombo >= 2.673 & BGTestAvgNumPtRep >= 0.568)
",-2.673,-2.673,0.000,1.000,0.000,0,0,3,0,0,3,3,0,0.0,0.0,1.0,0.0,0.0,1.0,1
"G[1,2](GFR <= 0.000 -> BUN >= 6.085)
",9999999.000,9999999.000,0.000,1.000,0.000,0,0,2,1,1,2,2,1,0.0,0.0,1.0,0.0,0.0,1.0,1
"G[0,2](SMBGperDayPtMeterCombo >= 1.584 & BGTestAvgNumPtRep >= 2.150)
",9999999.000,9999999.000,0.000,1.000,0.000,0,0,1,2,2,1,1,2,0.0,0.0,1.0,0.0,0.0,1.0,1
"G[1,2]((WeightKg >= 82.050 | bmi >= 26.478) -> UnitsInsBasalOrLongAct <= 43.140)
",9999999.000,9999999.000,0.000,1.000,0.000,0,0,3,0,0,3,3,0,0.0,0.0,1.0,0.0,0.0,1.0,1
"G[1,2](Pt_SHFlg <= 0.000 | Pt_GrandparentT1D >= 0.000)
",9999999.000,9999999.000,0.000,1.000,0.000,0,0,3,0,0,3,3,0,0.0,0.0,1.0,0.0,0.0,1.0,1
"G[1,2](((diabDur >= 12.618 & TotalDailyInsPerKg <= 1.259) | HbA1c >= 0.805) -> BldPrSys <= 1.072)
",9999999.000,9999999.000,0.000,1.000,0.000,0,0,1,2,2,1,1,2,0.0,0.0,1.0,0.0,0.0,1.0,1
"G[0,2](NumPumpBolusOrShortAct <= 2.409 & Pt_SHFlg = 0.000)
",9999999.000,9999999.000,0.000,1.000,0.000,0,0,2,1,1,2,2,1,0.0,0.0,1.0,0.0,0.0,1.0,1
"G[1,2](BldPrSys <= 138.558 -> Pt_SHFlg = 0.000)
",9999999.000,9999999.000,0.000,1.000,0.000,0,0,3,0,0,3,3,0,0.0,0.0,1.0,0.0,0.0,1.0,1
"G[0,2]((HbA1cImputeDtMnC <= 62.580 -> UnitsInsBasalOrLongAct <= 39.509) -> BGTestAvgNumMeter >= 21.308)
",9999999.000,9999999.000,0.000,1.000,0.000,0,0,0,3,3,0,0,3,0.0,0.0,0.0,0.0,0.0,1.0,1
"G[2,2](HbA1c <= 9.696 | NumPumpBolusOrShortAct <= 1.884)
",9.696,9.696,0.000,1.000,0.000,0,0,3,0,0,3,3,0,0.0,0.0,1.0,0.0,0.0,1.0,1
"G[1,2](BUN <= 10.311 & TotChol >= 10.586)
",9999999.000,9999999.000,0.000,1.000,0.000,0,0,1,2,2,1,1,2,0.0,0.0,1.0,0.0,0.0,1.0,1
"G[0,1](((BldPrDia <= 79.966 -> BldPrSys <= 144.266) -> Pt_SHFlg >= 126.671) & diabDur >= 127.349)
",9999999.000,9999999.000,0.000,1.000,0.000,0,0,0,3,3,0,0,3,0.0,0.0,0.0,0.0,0.0,1.0,1
"G[1,2]((bmiPerc <= 0.666 | HbA1cImputeDtMnC <= 36.866) -> LDL >= 4.009)
",9999999.000,9999999.000,0.000,1.000,0.000,0,0,1,2,2,1,1,2,0.0,0.0,1.0,0.0,0.0,1.0,1
"G[0,0](BldPrDia >= 75.509 & Pt_DKAFlg <= 0.511)
",0.511,0.511,0.000,1.000,0.000,0,0,0,3,3,0,0,3,0.0,0.0,0.0,0.0,0.0,1.0,1
"G[1,2](((BUN <= 9.745 -> HbA1cImputeDtMnC >= 19.101) | bmiZscore <= 38.936) | Pt_A1cGoalLevelDsYr5 >= 3.653)
",9999999.000,9999999.000,0.000,1.000,0.000,0,0,3,0,0,3,3,0,0.0,0.0,1.0,0.0,0.0,1.0,1
"G[1,2](BUN <= 7.598 & diabDur >= 10.543)
",9999999.000,9999999.000,0.000,1.000,0.000,0,0,2,1,1,2,2,1,0.0,0.0,1.0,0.0,0.0,1.0,1
"G[0,0](((BGTestAvgNumPtRep <= 3.451 -> BldPrDia <= 84.077) | Pt_CGMUseNumDays >= 75.663) -> Pt_A1cGoalLevelDsYr5 >= 75.660)
",-9166.337,-9166.337,0.000,1.000,0.000,0,0,0,3,3,0,0,3,0.0,0.0,0.0,0.0,0.0,1.0,1
"G[2,2]((BldPrSys <= 133.952 -> TSH <= 0.435) & AlbCreatRat_mggNew <= 0.596)
",-133.952,-133.952,0.000,1.000,0.000,0,0,3,0,0,3,3,0,0.0,0.0,1.0,0.0,0.0,1.0,1
"G[0,2](((HeightCm <= 176.511 | TotalDailyInsPerKg <= 1.078) -> WeightKg <= 0.919) & LDL >= 0.755)
",9999999.000,9999999.000,0.000,1.000,0.000,0,0,0,3,3,0,0,3,0.0,0.0,0.0,0.0,0.0,1.0,1
"F[0,2]((diabDur >= 10.026 -> WeightKg >= 77.467) -> Triglyc <= 97.200)
",-9999999.000,-9999999.000,0.000,0.000,1.000,0,0,0,3,3,0,0,3,0.0,0.0,0.0,0.0,0.0,1.0,-1
"((HeightCm <= 176.560) U[0,2] (TSH >= 0.180))
",-9999999.000,-9999999.000,0.000,0.000,1.000,0,0,0,3,3,0,0,3,0.0,0.0,0.0,0.0,0.0,1.0,-1
"F[2,2]((LDL >= 5.015 -> WeightKg >= 84.199) | Pt_ChildT1D <= 96.516)
",96.516,96.516,0.000,0.000,1.000,0,0,0,3,3,0,0,3,0.0,0.0,0.0,0.0,0.0,1.0,-1
"F[0,0](((AlbCreatRat_mggNew >= 32.589 & HbA1c <= 9.068) -> age <= 9.649) -> AutonomicNeuroCl <= 10.295)
",-0.695,-0.695,0.000,0.000,1.000,0,0,0,3,3,0,0,3,0.0,0.0,0.0,0.0,0.0,1.0,-1
"F[0,1](((BldPrSys <= 142.976 | BldPrSys <= 145.176) -> NumPumpBolusOrShortAct >= 128.225) | diagAgeCombo <= 141.325)
",-9999999.000,-9999999.000,0.000,0.000,1.000,0,0,0,3,3,0,0,3,0.0,0.0,0.0,0.0,0.0,1.0,-1
"F[1,1]((GFR <= 0.000 & DirectLDL <= 0.000) | HbA1cImputeDtMnC >= 0.000)
",0.000,0.000,0.000,0.000,1.000,0,0,0,3,3,0,0,3,0.0,0.0,0.0,0.0,0.0,1.0,-1
"F[1,2](((HbA1cImputeDtMnC <= 58.504 -> Pt_SHFlg <= 0.000) | HDL <= 0.000) & BldPrDia <= 0.000)
",-9999999.000,-9999999.000,0.000,0.000,1.000,0,0,0,3,3,0,0,3,0.0,0.0,0.0,0.0,0.0,1.0,-1
"F[0,2](TotalDailyInsPerKg <= 1.116 -> bmiZscore >= 0.088)
",-9999999.000,-9999999.000,0.000,0.000,1.000,0,0,0,3,3,0,0,3,0.0,0.0,0.0,0.0,0.0,1.0,-1
"F[0,1]((Pt_DKAFlg <= 0.803 & Pt_GrandparentT1D >= 0.000) | Pt_GrandchildT1D >= 0.000)
",-9999999.000,-9999999.000,0.000,0.000,1.000,0,0,0,3,3,0,0,3,0.0,0.0,0.0,0.0,0.0,1.0,-1
"F[0,2](((bmiZscore <= 1.136 | diabDur <= 13.943) & BUN >= 10.217) & LDL <= 13.486)
",-9999999.000,-9999999.000,0.000,0.000,1.000,0,0,0,3,3,0,0,3,0.0,0.0,0.0,0.0,0.0,1.0,-1
"F[0,0]((Pt_A1cGoalLev <= 0.000 -> AutonomicNeuroCl <= 0.000) & AutonomicNeuroCl >= 0.000)
",13.286,9.300,0.000,0.000,1.000,0,0,0,3,3,0,0,3,0.0,0.0,0.0,0.0,0.0,1.0,-1
"F[0,2](BGTestAvgNumMeter >= 0.000 & BldPrSys <= 144.519)
",-9999999.000,-9999999.000,0.000,0.000,1.000,0,0,0,3,3,0,0,3,0.0,0.0,0.0,0.0,0.0,1.0,-1
"F[2,2](((BUN >= 2.720 | HeightCm >= 175.962) -> TSH <= 176.786) | diagAgeCombo >= 176.112)
",-176.112,-176.112,0.000,0.000,1.000,0,0,0,3,3,0,0,3,0.0,0.0,0.0,0.0,0.0,1.0,-1
"F[0,2]((Pt_CGMUseNumDays >= 0.000 & BldPrDia >= 71.273) & Pt_DKAFlg >= 73.156)
",-9999999.000,-9999999.000,0.000,0.000,1.000,0,0,0,3,3,0,0,3,0.0,0.0,0.0,0.0,0.0,1.0,-1
"((Pt_MotherT1D <= 0.000) U[0,1] (Pt_GrandparentT1D >= 0.000))
",-9999999.000,-9999999.000,0.000,0.000,1.000,0,0,0,3,3,0,0,3,0.0,0.0,0.0,0.0,0.0,1.0,-1
"F[0,2](((Pt_FatherT1D <= 0.000 -> HbA1cImputeDtMnC >= 31.747) & HeightCm >= 2.654) & BUN <= 57.235)
",-9999999.000,-9999999.000,0.000,0.000,1.000,0,0,0,3,3,0,0,3,0.0,0.0,0.0,0.0,0.0,1.0,-1
"F[0,2](((BldPrDia <= 83.980 -> HDL >= 9.595) | bmi <= 24.857) | Pt_InsGov <= 20.554)
",-9999999.000,-9999999.000,0.000,0.000,1.000,0,0,0,3,3,0,0,3,0.0,0.0,0.0,0.0,0.0,1.0,-1
"F[0,1](((Pt_CGMUseNumDays >= 0.000 & Pt_MotherT1D >= 0.000) | TotChol <= 0.000) | WeightKg >= 0.000)
",-9999999.000,-9999999.000,0.000,0.000,1.000,0,0,0,3,3,0,0,3,0.0,0.0,0.0,0.0,0.0,1.0,-1
"F[2,2]((TSH >= 0.164 & Pt_InsGov >= 0.000) & bmiZscore >= 0.000)
",-0.164,-0.164,0.000,0.000,1.000,0,0,0,3,3,0,0,3,0.0,0.0,0.0,0.0,0.0,1.0,-1
"F[0,2]((NumPumpBolusOrShortAct <= 2.351 & bmiPerc >= 0.118) -> Pt_A1cGoalLev >= 0.067)
",-9999999.000,-9999999.000,0.000,0.000,1.000,0,0,0,3,3,0,0,3,0.0,0.0,0.0,0.0,0.0,1.0,-1
"F[0,2](((bmi >= 25.204 | DirectLDL >= 0.000) -> SMBGperDayPtMeterCombo >= 0.000) & GFR <= 0.000)
",-9999999.000,-9999999.000,0.000,0.000,1.000,0,0,0,3,3,0,0,3,0.0,0.0,0.0,0.0,0.0,1.0,-1
"F[2,2](((BUN <= 17.891 & AlbCreatRat_mggNew <= 127.349) | HbA1cImputeDtMnC <= 136.272) -> WeightKg >= 22.393)
",-136.272,-136.272,0.000,0.000,1.000,0,0,0,3,3,0,0,3,0.0,0.0,0.0,0.0,0.0,1.0,-1
"F[0,1](TotalDailyInsPerKg <= 1.119 | TotChol >= 17.231)
",-9999999.000,-9999999.000,0.000,0.000,1.000,0,0,0,3,3,0,0,3,0.0,0.0,0.0,0.0,0.0,1.0,-1
"F[0,1](((Triglyc >= 29.033 & Pt_SiblingT1D <= 0.000) | Pt_MotherT1D <= 0.000) | bmiPerc <= 0.000)
",-9999999.000,-9999999.000,0.000,0.000,1.000,0,0,0,3,3,0,0,3,0.0,0.0,0.0,0.0,0.0,1.0,-1
"F[0,2]((bmiZscore >= 0.341 -> age >= 21.824) | diabDur <= 23.116)
",-9999999.000,-9999999.000,0.000,0.000,1.000,0,0,0,3,3,0,0,3,0.0,0.0,0.0,0.0,0.0,1.0,-1
"F[0,2](((TotChol <= 101.603 -> DirectLDL <= 0.000) -> age >= 0.000) | TotalDailyInsPerKg <= 0.000)
",-9999999.000,-9999999.000,0.000,0.000,1.000,0,0,0,3,3,0,0,3,0.0,0.0,0.0,0.0,0.0,1.0,-1
"F[1,1]((Pt_InsGov >= 0.000 | Pt_FatherT1D >= 0.000) | AutonomicNeuroCl <= 0.000)
",0.000,0.000,0.000,0.000,1.000,0,0,0,3,3,0,0,3,0.0,0.0,0.0,0.0,0.0,1.0,-1
"F[0,2]((SMBGperDayPtMeterCombo >= 0.999 & SMBGperDayPtMeterCombo <= 3.506) & Pt_MotherT1D >= 1.252)
",-9999999.000,-9999999.000,0.000,0.000,1.000,0,0,0,3,3,0,0,3,0.0,0.0,0.0,0.0,0.0,1.0,-1
"((BGTestAvgNumMeter >= 0.000) U[2,2] (bmiZscore >= 0.229))
",0.000,0.000,0.000,0.000,1.000,0,0,0,3,3,0,0,3,0.0,0.0,0.0,0.0,0.0,1.0,-1
"F[1,2]((Pt_SiblingT1D <= 0.000 & DirectLDL <= 0.000) & Pt_GrandchildT1D <= 0.000)
",-9999999.000,-9999999.000,0.000,0.000,1.000,0,0,0,3,3,0,0,3,0.0,0.0,0.0,0.0,0.0,1.0,-1
"((DirectLDL <= 0.000) U[0,2] (AutonomicNeuroCl >= 0.000))
",-9999999.000,-9999999.000,0.000,0.000,1.000,0,0,0,3,3,0,0,3,0.0,0.0,0.0,0.0,0.0,1.0,-1
"((Pt_GrandparentT1D >= 0.000) U[0,2] (BldPrSys <= 134.506))
",-9999999.000,-9999999.000,0.000,0.000,1.000,0,0,0,3,3,0,0,3,0.0,0.0,0.0,0.0,0.0,1.0,-1
"F[0,1](Pt_CGMUseNumDays >= 0.000 | NumPumpBolusOrShortAct <= 2.302)
",-9999999.000,-9999999.000,0.000,0.000,1.000,0,0,0,3,3,0,0,3,0.0,0.0,0.0,0.0,0.0,1.0,-1
"F[2,2]((DirectLDL >= 0.000 | diabDur <= 13.257) & Pt_GrandchildT1D <= 14.885)
",13.257,13.257,0.000,0.000,1.000,0,0,0,3,3,0,0,3,0.0,0.0,0.0,0.0,0.0,1.0,-1
"F[2,2](age >= 20.977 & bmi >= 27.698)
",-27.698,-27.698,0.000,0.000,1.000,0,0,0,3,3,0,0,3,0.0,0.0,0.0,0.0,0.0,1.0,-1
"F[0,0](((TotChol >= 5.591 | BGTestAvgNumMeter <= 0.000) -> HbA1c <= 0.000) | TotChol <= 0.000)
",-1.000,-23.705,0.000,0.000,1.000,0,0,0,3,3,0,0,3,0.0,0.0,0.0,0.0,0.0,1.0,-1
"F[2,2](((Pt_A1cGoalLevelDsYr5 <= 0.000 -> LDL >= 10.190) -> BldPrDia >= 12.064) -> BGTestAvgNumMeter <= 68.258)
",-68.258,-68.258,0.000,0.000,1.000,0,0,0,3,3,0,0,3,0.0,0.0,0.0,0.0,0.0,1.0,-1
"F[1,2]((HeightCm >= 176.248 & SMBGperDayPtMeterCombo >= 1.949) -> Triglyc <= 3.152)
",-9999999.000,-9999999.000,0.000,0.000,1.000,0,0,0,3,3,0,0,3,0.0,0.0,0.0,0.0,0.0,1.0,-1
"F[0,1]((Pt_SiblingT1D <= 0.000 & Pt_CGMUseNumDays <= 0.000) | SMBGperDayPtMeterCombo <= 0.000)
",-9999999.000,-9999999.000,0.000,0.000,1.000,0,0,0,3,3,0,0,3,0.0,0.0,0.0,0.0,0.0,1.0,-1
"G[0,1]((Pt_A1cGoalLevelDsYr5 >= 0.000 | HeightCm <= 176.741) -> Pt_GrandparentT1D >= 176.138)
",9999999.000,9999999.000,0.000,1.000,0.000,0,0,0,3,3,0,0,3,0.0,0.0,0.0,0.0,0.0,1.0,1
"F[0,0]((age >= 20.484 | NumPumpBolusOrShortAct >= 0.005) -> bmi >= 0.188)
",0.005,0.005,0.000,0.000,1.000,0,0,0,3,3,0,0,3,0.0,0.0,0.0,0.0,0.0,1.0,-1
"F[1,2]((BGTestAvgNumMeter <= 0.000 | Pt_MotherT1D <= 0.000) | Pt_MotherT1D <= 0.000)
",-9999999.000,-9999999.000,0.000,0.000,1.000,0,0,0,3,3,0,0,3,0.0,0.0,0.0,0.0,0.0,1.0,-1
"F[1,2](((Pt_SHFlg <= 0.000 | HbA1cImputeDtMnC <= 34.110) -> BldPrSys >= 29.952) | SMBGperDayPtMeterCombo >= 22.226)
",-9999999.000,-9999999.000,0.000,0.000,1.000,0,0,0,3,3,0,0,3,0.0,0.0,0.0,0.0,0.0,1.0,-1
"F[1,2]((WeightKg >= 84.489 -> Pt_FatherT1D <= 0.000) & TSH >= 0.000)
",-9999999.000,-9999999.000,0.000,0.000,1.000,0,0,0,3,3,0,0,3,0.0,0.0,0.0,0.0,0.0,1.0,-1
"F[0,2](HbA1cImputeDtMnC <= 51.885 -> Pt_DKAFlg >= 0.101)
",-9999999.000,-9999999.000,0.000,0.000,1.000,0,0,0,3,3,0,0,3,0.0,0.0,0.0,0.0,0.0,1.0,-1
"F[0,0](((HbA1cImputeDtMnC <= 62.836 & Pt_SHFlg <= 0.000) | HbA1c <= 0.000) -> Pt_SiblingT1D <= 0.000)
",0.000,0.000,0.000,0.000,1.000,0,0,0,3,3,0,0,3,0.0,0.0,0.0,0.0,0.0,1.0,-1
"F[0,0](((BldPrDia >= 71.116 | Triglyc <= 67.291) | Pt_SHFlg <= 42.842) & TotChol <= 82.356)
",2.548,48.324,0.000,0.000,1.000,0,0,0,3,3,0,0,3,0.0,0.0,0.0,0.0,0.0,1.0,-1
"((WeightKg >= 85.880) U[0,1] (TotChol <= 33.765))
",-9999999.000,-9999999.000,0.000,0.000,1.000,0,0,0,3,3,0,0,3,0.0,0.0,0.0,0.0,0.0,1.0,-1
"((Pt_FatherT1D <= 0.000) U[0,1] (AutonomicNeuroCl <= 0.000))
",-9999999.000,-9999999.000,0.000,0.000,1.000,0,0,0,3,3,0,0,3,0.0,0.0,0.0,0.0,0.0,1.0,-1
"F[0,1]((AlbCreatRat_mggNew >= 58.161 & AlbCreatRat_mggNew <= 123.252) -> BldPrSys >= 19.625)
",-9999999.000,-9999999.000,0.000,0.000,1.000,0,0,0,3,3,0,0,3,0.0,0.0,0.0,0.0,0.0,1.0,-1
"F[1,2](diagAgeCombo >= 10.000 & bmi >= 25.663)
",-9999999.000,-9999999.000,0.000,0.000,1.000,0,0,0,3,3,0,0,3,0.0,0.0,0.0,0.0,0.0,1.0,-1
"F[0,2]((Triglyc <= 86.516 & BGTestAvgNumMeter >= 0.000) -> bmiPerc <= 0.000)
",-9999999.000,-9999999.000,0.000,0.000,1.000,0,0,0,3,3,0,0,3,0.0,0.0,0.0,0.0,0.0,1.0,-1
"F[1,2](((HbA1c <= 9.733 & HbA1c >= 7.694) & Pt_FatherT1D <= 9.017) | AutonomicNeuroCl >= 8.430)
",-9999999.000,-9999999.000,0.000,0.000,1.000,0,0,0,3,3,0,0,3,0.0,0.0,0.0,0.0,0.0,1.0,-1
"F[0,2](((Pt_FatherT1D <= 0.000 | AutonomicNeuroCl >= 0.000) | diabDur <= 0.000) -> TSH <= 0.000)
",-9999999.000,-9999999.000,0.000,0.000,1.000,0,0,0,3,3,0,0,3,0.0,0.0,0.0,0.0,0.0,1.0,-1
"F[0,2](((Pt_A1cGoalLev >= 0.000 | TSH <= 0.799) -> bmi <= 0.678) | LDL <= 0.299)
",-9999999.000,-9999999.000,0.000,0.000,1.000,0,0,0,3,3,0,0,3,0.0,0.0,0.0,0.0,0.0,1.0,-1
"F[0,1]((HDL <= 34.135 -> GFR <= 0.000) | BUN <= 0.000)
",-9999999.000,-9999999.000,0.000,0.000,1.000,0,0,0,3,3,0,0,3,0.0,0.0,0.0,0.0,0.0,1.0,-1
"G[1,2](HbA1cImputeDtMnC >= 31.053 | SMBGperDayPtMeterCombo >= 1.518)
",9999999.000,9999999.000,0.000,1.000,0.000,0,0,3,0,0,3,3,0,0.0,0.0,1.0,0.0,0.0,1.0,1
"G[0,2]((NumPumpBolusOrShortAct <= 2.104 -> TSH <= 0.216) & bmi >= 0.150)
",9999999.000,9999999.000,0.000,1.000,0.000,0,0,2,1,1,2,2,1,0.0,0.0,1.0,0.0,0.0,1.0,1
"G[1,2](((AutonomicNeuroCl <= 0.000 & Pt_DKAFlg >= 0.111) -> Pt_CGMUseNumDays <= 0.782) -> WeightKg <= 0.396)
",9999999.000,9999999.000,0.000,1.000,0.000,0,0,1,2,2,1,1,2,0.0,0.0,1.0,0.0,0.0,1.0,1
"G[1,2](HDL <= 47.296 -> WeightKg <= 90.064)
",9999999.000,9999999.000,0.000,1.000,0.000,0,0,2,1,1,2,2,1,0.0,0.0,1.0,0.0,0.0,1.0,1
"G[1,2]((HbA1cImputeDtMnC <= 42.108 | Pt_SHFlg <= 0.000) | Pt_MotherT1D <= 0.000)
",9999999.000,9999999.000,0.000,1.000,0.000,0,0,3,0,0,3,3,0,0.0,0.0,1.0,0.0,0.0,1.0,1
"G[1,2](Pt_A1cGoalLev >= 0.000 | AutonomicNeuroCl <= 0.000)
",9999999.000,9999999.000,0.000,1.000,0.000,0,0,3,0,0,3,3,0,0.0,0.0,1.0,0.0,0.0,1.0,1
"G[0,1]((AlbCreatRat_mggNew >= 43.190 | Pt_FatherT1D <= 0.000) -> HeightCm <= 0.000)
",9999999.000,9999999.000,0.000,1.000,0.000,0,0,0,3,3,0,0,3,0.0,0.0,0.0,0.0,0.0,1.0,1
"G[1,2](HDL >= 6.090 -> Pt_A1cGoalLev <= 0.000)
",9999999.000,9999999.000,0.000,1.000,0.000,0,0,3,0,0,3,3,0,0.0,0.0,1.0,0.0,0.0,1.0,1
"G[0,2](NumPumpBolusOrShortAct >= 0.645 | BGTestAvgNumMeter >= 0.000)
",9999999.000,9999999.000,0.000,1.000,0.000,0,0,3,0,0,3,3,0,0.0,0.0,1.0,0.0,0.0,1.0,1
"G[0,2]((Pt_SHFlg >= 0.000 & age >= 22.148) -> WeightKg >= 20.763)
",9999999.000,9999999.000,0.000,1.000,0.000,0,0,3,0,0,3,3,0,0.0,0.0,1.0,0.0,0.0,1.0,1
"G[0,2](bmi >= 25.378 | Triglyc <= 64.135)
",9999999.000,9999999.000,0.000,1.000,0.000,0,0,2,1,1,2,2,1,0.0,0.0,1.0,0.0,0.0,1.0,1
"G[1,2]((BldPrSys >= 125.547 -> HDL >= 9.252) -> Pt_FatherT1D >= 10.382)
",9999999.000,9999999.000,0.000,1.000,0.000,0,0,2,1,1,2,2,1,0.0,0.0,1.0,0.0,0.0,1.0,1
"G[1,2](TotalDailyInsPerKg <= 1.206 & TSH >= 0.032)
",9999999.000,9999999.000,0.000,1.000,0.000,0,0,2,1,1,2,2,1,0.0,0.0,1.0,0.0,0.0,1.0,1
"G[1,2](Triglyc <= 70.263 & Pt_A1cGoalLevelDsYr5 <= 0.000)
",9999999.000,9999999.000,0.000,1.000,0.000,0,0,2,1,1,2,2,1,0.0,0.0,1.0,0.0,0.0,1.0,1
"G[1,1]((Pt_A1cGoalLev <= 0.000 | diagAgeCombo >= 10.000) -> bmiZscore >= 10.000)
",0.000,0.000,0.000,1.000,0.000,0,0,1,2,2,1,1,2,0.0,0.0,1.0,0.0,0.0,1.0,1
"G[2,2](((Pt_InsGov >= 0.000 & AlbCreatRat_mggNew <= 138.766) -> HbA1cImputeDtMnC >= 30.891) -> diagAgeCombo <= 121.732)
",-121.732,-121.732,0.000,1.000,0.000,0,0,3,0,0,3,3,0,0.0,0.0,1.0,0.0,0.0,1.0,1
"G[1,2](((Pt_GrandchildT1D >= 0.000 -> Pt_DKAFlg <= 0.302) -> Pt_ChildT1D >= 0.199) & BGTestAvgNumMeter <= 0.565)
",9999999.000,9999999.000,0.000,1.000,0.000,0,0,1,2,2,1,1,2,0.0,0.0,1.0,0.0,0.0,1.0,1
"G[0,2](((AlbCreatRat_mggNew >= 44.152 & UnitsInsBasalOrLongAct <= 33.232) | SMBGperDayPtMeterCombo <= 42.513) -> Pt_GrandchildT1D >= 15.859)
",9999999.000,9999999.000,0.000,1.000,0.000,0,0,0,3,3,0,0,3,0.0,0.0,0.0,0.0,0.0,1.0,1
"G[0,2](((Pt_SiblingT1D >= 0.000 | diagAgeCombo <= 10.000) | Pt_DKAFlg >= 10.000) | bmiZscore <= 10.000)
",9999999.000,9999999.000,0.000,1.000,0.000,0,0,3,0,0,3,3,0,0.0,0.0,1.0,0.0,0.0,1.0,1
"G[1,2](Pt_GrandparentT1D <= 0.000 & Pt_A1cGoalLev <= 0.000)
",9999999.000,9999999.000,0.000,1.000,0.000,0,0,3,0,0,3,3,0,0.0,0.0,1.0,0.0,0.0,1.0,1
"G[1,2]((HbA1c >= 7.468 & Pt_GrandchildT1D <= 0.000) | Pt_GrandparentT1D >= 0.000)
",9999999.000,9999999.000,0.000,1.000,0.000,0,0,3,0,0,3,3,0,0.0,0.0,1.0,0.0,0.0,1.0,1
"G[2,2](((TotalDailyInsPerKg >= 0.363 & bmiPerc >= 0.017) & Pt_FatherT1D <= 0.669) -> Pt_FatherT1D <= 0.666)
",-0.666,-0.666,0.000,1.000,0.000,0,0,3,0,0,3,3,0,0.0,0.0,1.0,0.0,0.0,1.0,1
"G[1,2]((Pt_A1cGoalLevelDsYr5 >= 0.000 & WeightKg >= 82.411) -> bmiPerc >= 81.819)
",9999999.000,9999999.000,0.000,1.000,0.000,0,0,2,1,1,2,2,1,0.0,0.0,1.0,0.0,0.0,1.0,1
"G[2,2]((LDL <= 62.149 & HbA1c <= 9.140) & WeightKg <= 10.158)
",9.140,9.140,0.000,1.000,0.000,0,0,3,0,0,3,3,0,0.0,0.0,1.0,0.0,0.0,1.0,1
"G[0,2](bmiPerc >= 0.054 | Pt_MotherT1D <= 0.000)
",9999999.000,9999999.000,0.000,1.000,0.000,0,0,3,0,0,3,3,0,0.0,0.0,1.0,0.0,0.0,1.0,1
"G[1,2](Pt_GrandparentT1D >= 0.000 & HbA1cImputeDtMnC <= 38.120)
",9999999.000,9999999.000,0.000,1.000,0.000,0,0,2,1,1,2,2,1,0.0,0.0,1.0,0.0,0.0,1.0,1
"G[2,2](bmiZscore >= -0.285 | AlbCreatRat_mggNew <= 134.414)
",134.414,134.414,0.000,1.000,0.000,0,0,3,0,0,3,3,0,0.0,0.0,1.0,0.0,0.0,1.0,1
"G[1,2](Pt_A1cGoalLevelDsYr5 >= 0.000 & AutonomicNeuroCl <= 0.000)
",9999999.000,9999999.000,0.000,1.000,0.000,0,0,3,0,0,3,3,0,0.0,0.0,1.0,0.0,0.0,1.0,1
"F[0,1]((bmiZscore >= -0.018 -> Pt_GrandchildT1D <= 0.000) & Pt_CGMUseNumDays >= 0.000)
",-9999999.000,-9999999.000,0.000,0.000,1.000,0,0,0,3,3,0,0,3,0.0,0.0,0.0,0.0,0.0,1.0,-1
"G[1,2](((AutonomicNeuroCl >= 0.000 | BUN >= 4.406) -> bmiZscore <= 18.153) -> WeightKg <= 10.527)
",9999999.000,9999999.000,0.000,1.000,0.000,0,0,1,2,2,1,1,2,0.0,0.0,1.0,0.0,0.0,1.0,1
"F[2,2](((HbA1c <= 9.979 -> TotalDailyInsPerKg <= 0.932) & Pt_InsGov >= 0.685) & Pt_ChildT1D >= 0.054)
",-9.979,-9.979,0.000,0.000,1.000,0,0,0,3,3,0,0,3,0.0,0.0,0.0,0.0,0.0,1.0,-1
"F[2,2]((HbA1cImputeDtMnC >= 1.801 & Pt_GrandchildT1D <= 0.000) & bmiZscore <= 0.000)
",-1.801,-1.801,0.000,0.000,1.000,0,0,0,3,3,0,0,3,0.0,0.0,0.0,0.0,0.0,1.0,-1
"F[0,1](BldPrDia <= 78.913 -> Pt_InsGov >= 0.000)
",-9999999.000,-9999999.000,0.000,0.000,1.000,0,0,0,3,3,0,0,3,0.0,0.0,0.0,0.0,0.0,1.0,-1
"((age <= 22.972) U[0,2] (Pt_MotherT1D <= 0.000))
",-9999999.000,-9999999.000,0.000,0.000,1.000,0,0,0,3,3,0,0,3,0.0,0.0,0.0,0.0,0.0,1.0,-1
"G[1,2]((Pt_GrandparentT1D >= 0.000 | bmiZscore >= -0.006) & diagAgeCombo <= 0.877)
",9999999.000,9999999.000,0.000,1.000,0.000,0,0,1,2,2,1,1,2,0.0,0.0,1.0,0.0,0.0,1.0,1
"G[1,2]((BldPrSys >= 121.042 & diabDur >= 10.649) -> BGTestAvgNumMeter >= 10.109)
",9999999.000,9999999.000,0.000,1.000,0.000,0,0,1,2,2,1,1,2,0.0,0.0,1.0,0.0,0.0,1.0,1
"G[0,1](((Pt_GrandparentT1D >= 0.000 -> DirectLDL >= 0.000) | HeightCm >= 0.000) -> HbA1c <= 0.000)
",9999999.000,9999999.000,0.000,1.000,0.000,0,0,0,3,3,0,0,3,0.0,0.0,0.0,0.0,0.0,1.0,1
"G[1,2]((BGTestAvgNumMeter >= 0.000 & BGTestAvgNumPtRep <= 3.099) & diagAgeCombo >= 0.164)
",9999999.000,9999999.000,0.000,1.000,0.000,0,0,2,1,1,2,2,1,0.0,0.0,1.0,0.0,0.0,1.0,1
"G[1,2]((SMBGperDayPtMeterCombo <= 4.100 | TotalDailyInsPerKg <= 1.137) & SMBGperDayPtMeterCombo >= 0.286)
",9999999.000,9999999.000,0.000,1.000,0.000,0,0,3,0,0,3,3,0,0.0,0.0,1.0,0.0,0.0,1.0,1
"G[2,2]((bmiPerc >= 0.077 | bmiPerc <= 0.319) | Pt_GrandparentT1D >= 0.020)
",0.319,0.319,0.000,1.000,0.000,0,0,3,0,0,3,3,0,0.0,0.0,1.0,0.0,0.0,1.0,1
"G[2,2](((Pt_FatherT1D <= 0.000 -> bmi <= 29.623) & Pt_SHFlg <= 32.156) -> WeightKg <= 28.552)
",-28.552,-28.552,0.000,1.000,0.000,0,0,3,0,0,3,3,0,0.0,0.0,1.0,0.0,0.0,1.0,1
"G[0,1](((SMBGperDayPtMeterCombo >= 2.190 & AutonomicNeuroCl >= 0.000) | UnitsInsBasalOrLongAct <= 0.000) & HDL <= 0.000)
",9999999.000,9999999.000,0.000,1.000,0.000,0,0,1,2,2,1,1,2,0.0,0.0,1.0,0.0,0.0,1.0,1
"G[0,2](((Pt_DKAFlg >= 0.176 & SMBGperDayPtMeterCombo >= 0.231) & AutonomicNeuroCl <= 4.651) | Pt_SHFlg >= 1.351)
",9999999.000,9999999.000,0.000,1.000,0.000,0,0,0,3,3,0,0,3,0.0,0.0,0.0,0.0,0.0,1.0,1
"G[0,2]((Triglyc <= 47.718 | WeightKg <= 100.497) | AlbCreatRat_mggNew >= 81.882)
",9999999.000,9999999.000,0.000,1.000,0.000,0,0,3,0,0,3,3,0,0.0,0.0,1.0,0.0,0.0,1.0,1
"G[0,2](((Pt_GrandchildT1D >= 0.000 -> Pt_GrandparentT1D >= 0.000) | BGTestAvgNumPtRep >= 0.000) | diagAgeCombo >= 0.000)
",9999999.000,9999999.000,0.000,1.000,0.000,0,0,3,0,0,3,3,0,0.0,0.0,1.0,0.0,0.0,1.0,1
"G[0,1]((LDL >= 13.825 -> bmiZscore >= 0.134) -> age <= 0.610)
",9999999.000,9999999.000,0.000,1.000,0.000,0,0,0,3,3,0,0,3,0.0,0.0,0.0,0.0,0.0,1.0,1
"G[0,2](bmi <= 32.379 | Pt_A1cGoalLev <= 0.000)
",9999999.000,9999999.000,0.000,1.000,0.000,0,0,3,0,0,3,3,0,0.0,0.0,1.0,0.0,0.0,1.0,1
"G[0,0](((Pt_SHFlg >= 0.000 | AutonomicNeuroCl <= 0.000) | AlbCreatRat_mggNew >= 0.000) -> diabDur <= 0.000)
",-4.389,-26.738,0.000,1.000,0.000,0,0,0,3,3,0,0,3,0.0,0.0,0.0,0.0,0.0,1.0,1
"G[1,2](((GFR >= 0.000 & HDL >= 5.104) | AutonomicNeuroCl <= 49.606) -> Pt_CGMUseNumDays >= 11.565)
",9999999.000,9999999.000,0.000,1.000,0.000,0,0,1,2,2,1,1,2,0.0,0.0,1.0,0.0,0.0,1.0,1
"G[1,2](((BUN <= 14.839 | LDL <= 18.589) | HbA1c <= 49.974) | Triglyc >= 0.361)
",9999999.000,9999999.000,0.000,1.000,0.000,0,0,3,0,0,3,3,0,0.0,0.0,1.0,0.0,0.0,1.0,1
"G[0,2](Pt_GrandchildT1D <= 0.000 & Pt_DKAFlg <= 0.993)
",9999999.000,9999999.000,0.000,1.000,0.000,0,0,2,1,1,2,2,1,0.0,0.0,1.0,0.0,0.0,1.0,1
"G[1,2](HbA1c >= 8.410 & LDL >= 0.605)
",9999999.000,9999999.000,0.000,1.000,0.000,0,0,1,2,2,1,1,2,0.0,0.0,1.0,0.0,0.0,1.0,1
"G[0,2](((Pt_A1cGoalLev <= 0.000 | Pt_SiblingT1D >= 0.000) -> TSH >= 0.000) -> bmiZscore <= 0.000)
",9999999.000,9999999.000,0.000,1.000,0.000,0,0,1,2,2,1,1,2,0.0,0.0,1.0,0.0,0.0,1.0,1
"G[1,2]((bmiZscore <= 0.835 & Pt_GrandparentT1D <= 0.000) & AutonomicNeuroCl <= 0.000)
",9999999.000,9999999.000,0.000,1.000,0.000,0,0,2,1,1,2,2,1,0.0,0.0,1.0,0.0,0.0,1.0,1
"F[0,1]((BldPrDia <= 78.205 | BGTestAvgNumMeter >= 0.000) -> Pt_ChildT1D <= 0.000)
",-9999999.000,-9999999.000,0.000,0.000,1.000,0,0,0,3,3,0,0,3,0.0,0.0,0.0,0.0,0.0,1.0,-1
