Rule,Discrimination Score,Pos Robustness,Neg Robustness,Percent Class +,Percent Class -,TP,TN,FP,FN,Actual Yes,Actual No,Predicted Yes,Predicted No,TPR/Sens,TNR/Spec,FPR,Precision,Accuracy,MCR,Class
"G[0,1](((age <= 15.217 & TotalDailyInsPerKg <= 0.376) | Pt_GrandchildT1D >= 0.243) | Pt_FatherT1D <= 0.632)
",9999999.000,9999999.000,0.000,1.000,0.000,3,0,0,0,3,0,3,0,1.0,0.0,0.0,1.0,1.0,0.0,1
"G[1,1](((TSH <= 2.603 & Pt_ChildT1D <= 0.000) -> AlbCreatRat_mggNew >= 0.000) | SMBGperDayPtMeterCombo >= 0.000)
",0.000,0.000,0.000,1.000,0.000,3,0,0,0,3,0,3,0,1.0,0.0,0.0,1.0,1.0,0.0,1
"F[0,0](((HbA1c <= 10.309 & Pt_SHFlg <= 0.000) & HbA1c <= 0.000) & BldPrSys <= 0.000)
",-1.393,-33.206,0.000,0.000,1.000,3,0,0,0,3,0,3,0,1.0,0.0,0.0,1.0,1.0,0.0,-1
"G[0,1](((BldPrDia >= 67.626 | bmi <= 27.227) -> Pt_InsGov <= 27.957) -> GFR <= 26.229)
",9999999.000,9999999.000,0.000,1.000,0.000,3,0,0,0,3,0,3,0,1.0,0.0,0.0,1.0,1.0,0.0,1
"G[1,1](((Pt_A1cGoalLev <= 2.992 & Pt_A1cGoalLev <= 4.607) | LDL <= 2.773) | BldPrDia <= 1.572)
",6737537156622837.000,2.992,0.000,1.000,0.000,3,0,0,0,3,0,3,0,1.0,0.0,0.0,1.0,1.0,0.0,1
"G[0,0](BldPrDia >= 63.841 & Pt_A1cGoalLev <= 4.291)
",-4.709,-4.709,0.000,1.000,0.000,3,0,0,0,3,0,3,0,1.0,0.0,0.0,1.0,1.0,0.0,1
"G[0,1](Pt_ChildT1D > 0.000 -> Pt_SHFlg = 0.000)
",9999999.000,9999999.000,0.000,1.000,0.000,3,0,0,0,3,0,3,0,1.0,0.0,0.0,1.0,1.0,0.0,1
"G[0,1](Pt_A1cGoalLev >= 1.131 -> Pt_SHFlg = 0.000)
",9999999.000,9999999.000,0.000,1.000,0.000,3,0,0,0,3,0,3,0,1.0,0.0,0.0,1.0,1.0,0.0,1
"G[0,0](bmiPerc > 0.898 -> Pt_SHFlg = 0.000)
",-10.284,-24.995,0.000,1.000,0.000,3,0,0,0,3,0,3,0,1.0,0.0,0.0,1.0,1.0,0.0,1
"F[0,1](((WeightKg >= 55.210 & HDL >= 1.962) & Pt_CGMUseNumDays >= 29.549) | Pt_CGMUseNumDays >= 6.350)
",-9999999.000,-9999999.000,0.000,0.000,1.000,3,0,0,0,3,0,3,0,1.0,0.0,0.0,1.0,1.0,0.0,-1
"G[0,1](bmiPerc <= 0.962 -> Pt_SHFlg = 0.000)
",9999999.000,9999999.000,0.000,1.000,0.000,3,0,0,0,3,0,3,0,1.0,0.0,0.0,1.0,1.0,0.0,1
"G[0,0](((UnitsInsBasalOrLongAct <= 24.579 -> WeightKg >= 64.047) -> BldPrSys <= 68.506) -> Pt_SiblingT1D <= 67.720)
",-67.720,-67.720,0.000,1.000,0.000,3,0,0,0,3,0,3,0,1.0,0.0,0.0,1.0,1.0,0.0,1
"G[0,1](((BGTestAvgNumPtRep <= 6.906 -> UnitsInsBasalOrLongAct >= 1.572) & HDL <= 22.104) | HbA1c <= 18.544)
",9999999.000,9999999.000,0.000,1.000,0.000,3,0,0,0,3,0,3,0,1.0,0.0,0.0,1.0,1.0,0.0,1
"G[0,1]((UnitsInsBasalOrLongAct >= 5.870 | GFR >= 0.000) | HbA1c <= 0.000)
",9999999.000,9999999.000,0.000,1.000,0.000,3,0,0,0,3,0,3,0,1.0,0.0,0.0,1.0,1.0,0.0,1
"G[0,1]((UnitsInsBasalOrLongAct >= 14.680 & Pt_FatherT1D <= 0.000) | Pt_ChildT1D <= 0.000)
",9999999.000,9999999.000,0.000,1.000,0.000,3,0,0,0,3,0,3,0,1.0,0.0,0.0,1.0,1.0,0.0,1
"G[0,0](((HbA1cImputeDtMnC <= 51.137 | Pt_A1cGoalLevelDsYr5 >= 0.000) | HeightCm >= 0.000) | HbA1cImputeDtMnC >= 0.000)
",8.258,64.811,0.000,1.000,0.000,3,0,0,0,3,0,3,0,1.0,0.0,0.0,1.0,1.0,0.0,1
"G[0,1]((Pt_SHFlg >= 0.000 -> HeightCm <= 161.348) | bmi <= 159.567)
",9999999.000,9999999.000,0.000,1.000,0.000,3,0,0,0,3,0,3,0,1.0,0.0,0.0,1.0,1.0,0.0,1
"G[0,1]((UnitsInsBasalOrLongAct <= 18.483 | WeightKg >= 59.107) | Pt_A1cGoalLev <= 67.640)
",9999999.000,9999999.000,0.000,1.000,0.000,3,0,0,0,3,0,3,0,1.0,0.0,0.0,1.0,1.0,0.0,1
"G[0,0]((diagAgeCombo <= 9.000 | Pt_SiblingT1D >= 0.000) -> Pt_FatherT1D >= 0.000)
",-9.000,-9.000,0.000,1.000,0.000,3,0,0,0,3,0,3,0,1.0,0.0,0.0,1.0,1.0,0.0,1
"F[0,0](((BldPrDia <= 71.481 & NumPumpBolusOrShortAct <= 3.221) -> NumPumpBolusOrShortAct <= 4.792) & TSH >= 0.447)
",-9.459,-4.459,0.000,0.000,1.000,3,0,0,0,3,0,3,0,1.0,0.0,0.0,1.0,1.0,0.0,-1
"F[0,1](((BUN <= 5.653 | TotalDailyInsPerKg <= 0.323) | TotChol >= 0.143) -> diagAgeCombo <= 0.683)
",-9999999.000,-9999999.000,0.000,0.000,1.000,3,0,0,0,3,0,3,0,1.0,0.0,0.0,1.0,1.0,0.0,-1
"F[0,0](BGTestAvgNumPtRep >= 1.307 & bmiZscore >= 1.462)
",-2.123,-0.784,0.000,0.000,1.000,3,0,0,0,3,0,3,0,1.0,0.0,0.0,1.0,1.0,0.0,-1
"F[1,1](((diabDur <= 4.864 | age >= 13.836) & BGTestAvgNumMeter >= 13.493) & diabDur <= 15.480)
",-13.493,-13.493,0.000,0.000,1.000,3,0,0,0,3,0,3,0,1.0,0.0,0.0,1.0,1.0,0.0,-1
"F[1,1]((Pt_GrandparentT1D >= 0.122 -> Pt_SiblingT1D >= 0.000) -> BGTestAvgNumMeter <= 0.000)
",0.000,0.000,0.000,0.000,1.000,3,0,0,0,3,0,3,0,1.0,0.0,0.0,1.0,1.0,0.0,-1
"F[1,1](((NumPumpBolusOrShortAct <= 5.799 & TSH >= 0.001) & Pt_ChildT1D >= 0.437) & GFR <= 1.458)
",-0.437,-0.437,0.000,0.000,1.000,3,0,0,0,3,0,3,0,1.0,0.0,0.0,1.0,1.0,0.0,-1
"F[0,1]((bmiPerc <= 0.953 | LDL <= 62.905) & bmiZscore >= 18.458)
",-9999999.000,-9999999.000,0.000,0.000,1.000,3,0,0,0,3,0,3,0,1.0,0.0,0.0,1.0,1.0,0.0,-1
"F[0,0]((TSH >= 0.532 -> BGTestAvgNumPtRep <= 5.118) -> age <= 3.761)
",-8468241470507451.000,-3.761,0.000,0.000,1.000,3,0,0,0,3,0,3,0,1.0,0.0,0.0,1.0,1.0,0.0,-1
"F[0,1](Pt_SHFlg < 0.000 & Pt_SHFlg = 0.000)
",-9999999.000,-9999999.000,0.000,0.000,1.000,3,0,0,0,3,0,3,0,1.0,0.0,0.0,1.0,1.0,0.0,-1
"F[0,0](((BUN <= 9.482 -> HbA1c <= 11.272) -> BGTestAvgNumPtRep <= 10.534) & Pt_MotherT1D >= 9.423)
",-18.700,-9.793,0.000,0.000,1.000,3,0,0,0,3,0,3,0,1.0,0.0,0.0,1.0,1.0,0.0,-1
"F[1,1](((bmi >= 25.633 | WeightKg <= 68.634) & AlbCreatRat_mggNew >= 55.585) & Pt_GrandchildT1D <= 68.007)
",-55.585,-55.585,0.000,0.000,1.000,3,0,0,0,3,0,3,0,1.0,0.0,0.0,1.0,1.0,0.0,-1
"F[1,1](((bmi <= 28.340 -> HeightCm <= 158.814) & diagAgeCombo >= 156.984) & GFR <= 159.028)
",-158.814,-158.814,0.000,0.000,1.000,3,0,0,0,3,0,3,0,1.0,0.0,0.0,1.0,1.0,0.0,-1
"F[1,1](((Pt_DKAFlg >= 0.141 | Pt_MotherT1D <= 0.000) & BldPrSys <= 0.000) & Pt_A1cGoalLevelDsYr5 >= 0.000)
",0.000,0.000,0.000,0.000,1.000,3,0,0,0,3,0,3,0,1.0,0.0,0.0,1.0,1.0,0.0,-1
"F[0,1]((UnitsInsBasalOrLongAct <= 19.938 | BldPrDia >= 64.237) -> BGTestAvgNumPtRep >= 63.225)
",-9999999.000,-9999999.000,0.000,0.000,1.000,3,0,0,0,3,0,3,0,1.0,0.0,0.0,1.0,1.0,0.0,-1
"((SMBGperDayPtMeterCombo <= 3.278) U[0,0] (Pt_DKAFlg >= 0.116))
",-8386477316842907.000,-0.116,0.000,0.000,1.000,3,0,0,0,3,0,3,0,1.0,0.0,0.0,1.0,1.0,0.0,-1
"F[0,0]((Pt_A1cGoalLev >= 0.988 & HDL >= 33.771) | HeightCm <= 55.119)
",8.012,8.012,0.000,0.000,1.000,3,0,0,0,3,0,3,0,1.0,0.0,0.0,1.0,1.0,0.0,-1
"F[1,1](((Pt_A1cGoalLevelDsYr5 >= 0.000 | diagAgeCombo <= 9.000) & LDL >= 9.000) & bmi <= 9.000)
",-9.000,-9.000,0.000,0.000,1.000,3,0,0,0,3,0,3,0,1.0,0.0,0.0,1.0,1.0,0.0,-1
"((BUN >= 0.641) U[0,0] (BUN >= 2.141))
",6.299,62.359,0.000,0.000,1.000,3,0,0,0,3,0,3,0,1.0,0.0,0.0,1.0,1.0,0.0,-1
"F[1,1](((bmiZscore >= 1.455 | Pt_GrandparentT1D >= 0.098) | HbA1cImputeDtMnC >= 0.007) -> bmiPerc <= 0.210)
",-0.210,-0.210,0.000,0.000,1.000,3,0,0,0,3,0,3,0,1.0,0.0,0.0,1.0,1.0,0.0,-1
"F[0,0](((BGTestAvgNumMeter >= 1.755 & Pt_A1cGoalLev <= 5.132) & BUN >= 0.653) & GFR >= 0.750)
",-3.868,-3.868,0.000,0.000,1.000,3,0,0,0,3,0,3,0,1.0,0.0,0.0,1.0,1.0,0.0,-1
"G[0,1]((Pt_DKAFlg >= 0.073 & Pt_InsGov <= 0.520) -> TSH <= 0.894)
",9999999.000,9999999.000,0.000,1.000,0.000,3,0,0,0,3,0,3,0,1.0,0.0,0.0,1.0,1.0,0.0,1
"G[0,1](TotChol < 142.274 -> Pt_SHFlg = 0.000)
",9999999.000,9999999.000,0.000,1.000,0.000,3,0,0,0,3,0,3,0,1.0,0.0,0.0,1.0,1.0,0.0,1
"G[0,1]((NumPumpBolusOrShortAct >= 1.028 | GFR >= 0.000) -> HbA1cImputeDtMnC >= 0.000)
",9999999.000,9999999.000,0.000,1.000,0.000,3,0,0,0,3,0,3,0,1.0,0.0,0.0,1.0,1.0,0.0,1
"G[0,1]((BldPrDia <= 71.160 & HbA1cImputeDtMnC <= 49.380) | HeightCm >= 16.639)
",9999999.000,9999999.000,0.000,1.000,0.000,3,0,0,0,3,0,3,0,1.0,0.0,0.0,1.0,1.0,0.0,1
"G[0,0]((BGTestAvgNumPtRep <= 2.403 & HbA1c >= 9.490) -> age >= 9.774)
",6.948,8.614,0.000,1.000,0.000,3,0,0,0,3,0,3,0,1.0,0.0,0.0,1.0,1.0,0.0,1
"G[1,1](((Pt_A1cGoalLev <= 6.273 | UnitsInsBasalOrLongAct <= 18.548) & age <= 24.193) -> Pt_A1cGoalLev <= 27.404)
",-27.404,-27.404,0.000,1.000,0.000,3,0,0,0,3,0,3,0,1.0,0.0,0.0,1.0,1.0,0.0,1
"G[1,1](((bmiPerc <= 0.961 -> HbA1c >= 9.400) & TotChol >= 9.203) | Pt_GrandchildT1D <= 10.756)
",10.756,10.756,0.000,1.000,0.000,3,0,0,0,3,0,3,0,1.0,0.0,0.0,1.0,1.0,0.0,1
"G[0,0](HDL <= 67.375 | Pt_GrandparentT1D <= 0.690)
",0.690,0.690,0.000,1.000,0.000,3,0,0,0,3,0,3,0,1.0,0.0,0.0,1.0,1.0,0.0,1
"G[0,1](((bmiPerc >= 0.922 & TotChol >= 7.739) | bmiZscore <= 170.773) | HbA1cImputeDtMnC >= 84.551)
",9999999.000,9999999.000,0.000,1.000,0.000,3,0,0,0,3,0,3,0,1.0,0.0,0.0,1.0,1.0,0.0,1
"G[0,1](((TotalDailyInsPerKg <= 0.464 -> TSH <= 0.689) | BldPrSys >= 0.391) | Pt_A1cGoalLev <= 2.400)
",9999999.000,9999999.000,0.000,1.000,0.000,3,0,0,0,3,0,3,0,1.0,0.0,0.0,1.0,1.0,0.0,1
"G[0,0](((bmi >= 23.308 | NumPumpBolusOrShortAct <= 4.923) -> bmiPerc >= 0.593) | Pt_SHFlg <= 3.243)
",-1.184,-16.855,0.000,1.000,0.000,3,0,0,0,3,0,3,0,1.0,0.0,0.0,1.0,1.0,0.0,1
"G[1,1](HDL <= 43.159 -> SMBGperDayPtMeterCombo <= 3.333)
",-6074145727435237.000,-43.159,0.000,1.000,0.000,3,0,0,0,3,0,3,0,1.0,0.0,0.0,1.0,1.0,0.0,1
"G[0,1](bmiZscore <= 1.551 -> Pt_A1cGoalLev <= 1.658)
",9999999.000,9999999.000,0.000,1.000,0.000,3,0,0,0,3,0,3,0,1.0,0.0,0.0,1.0,1.0,0.0,1
"G[0,0](((Triglyc >= 28.423 & UnitsInsBasalOrLongAct >= 9.576) & BGTestAvgNumPtRep <= 29.707) -> BGTestAvgNumMeter <= 18.262)
",-0.076,-0.929,0.000,1.000,0.000,3,0,0,0,3,0,3,0,1.0,0.0,0.0,1.0,1.0,0.0,1
"G[1,1](((Triglyc >= 6.518 -> GFR >= 0.000) & DirectLDL <= 0.000) & bmi >= 0.000)
",0.000,0.000,0.000,1.000,0.000,3,0,0,0,3,0,3,0,1.0,0.0,0.0,1.0,1.0,0.0,1
"G[1,1](LDL <= 78.334 | SMBGperDayPtMeterCombo >= 0.051)
",78.334,78.334,0.000,1.000,0.000,3,0,0,0,3,0,3,0,1.0,0.0,0.0,1.0,1.0,0.0,1
"G[0,1](((BGTestAvgNumPtRep <= 4.662 -> TSH >= 0.208) -> HbA1cImputeDtMnC >= 0.053) | Pt_InsGov >= 0.356)
",9999999.000,9999999.000,0.000,1.000,0.000,3,0,0,0,3,0,3,0,1.0,0.0,0.0,1.0,1.0,0.0,1
"G[0,1](HbA1cImputeDtMnC >= 16.869 | TotalDailyInsPerKg <= 0.792)
",9999999.000,9999999.000,0.000,1.000,0.000,3,0,0,0,3,0,3,0,1.0,0.0,0.0,1.0,1.0,0.0,1
"G[1,1](((bmi >= 25.393 & HbA1c >= 9.297) & HbA1cImputeDtMnC >= 9.079) | Pt_InsGov <= 10.400)
",10.400,10.400,0.000,1.000,0.000,3,0,0,0,3,0,3,0,1.0,0.0,0.0,1.0,1.0,0.0,1
"G[0,1]((BldPrDia <= 74.517 & WeightKg >= 62.605) | HeightCm >= 60.200)
",9999999.000,9999999.000,0.000,1.000,0.000,3,0,0,0,3,0,3,0,1.0,0.0,0.0,1.0,1.0,0.0,1
"G[0,1](bmiZscore <= 1.786 | Pt_InsGov >= 0.226)
",9999999.000,9999999.000,0.000,1.000,0.000,3,0,0,0,3,0,3,0,1.0,0.0,0.0,1.0,1.0,0.0,1
"G[0,1]((Pt_GrandparentT1D <= 0.638 -> TSH <= 1.680) | UnitsInsBasalOrLongAct >= 0.209)
",9999999.000,9999999.000,0.000,1.000,0.000,3,0,0,0,3,0,3,0,1.0,0.0,0.0,1.0,1.0,0.0,1
"G[0,0]((TotalDailyInsPerKg >= 0.214 -> UnitsInsBasalOrLongAct >= 0.975) -> AutonomicNeuroCl <= 25.388)
",-19.915,-15.454,0.000,1.000,0.000,3,0,0,0,3,0,3,0,1.0,0.0,0.0,1.0,1.0,0.0,1
"G[0,0]((BGTestAvgNumPtRep <= 5.090 & Triglyc <= 65.093) -> Pt_MotherT1D <= 44.558)
",-44.558,-44.558,0.000,1.000,0.000,3,0,0,0,3,0,3,0,1.0,0.0,0.0,1.0,1.0,0.0,1
"G[1,1](((BGTestAvgNumPtRep >= 1.534 -> HeightCm >= 155.132) -> AutonomicNeuroCl <= 161.534) | HeightCm <= 161.235)
",161.235,161.235,0.000,1.000,0.000,3,0,0,0,3,0,3,0,1.0,0.0,0.0,1.0,1.0,0.0,1
"F[0,1]((HbA1cImputeDtMnC >= 2.780 & Triglyc <= 59.884) & Pt_GrandchildT1D >= 36.274)
",-9999999.000,-9999999.000,0.000,0.000,1.000,3,0,0,0,3,0,3,0,1.0,0.0,0.0,1.0,1.0,0.0,-1
"G[1,1]((bmi >= 23.602 | Pt_FatherT1D <= 0.000) | Pt_InsGov <= 0.000)
",0.000,0.000,0.000,1.000,0.000,3,0,0,0,3,0,3,0,1.0,0.0,0.0,1.0,1.0,0.0,1
"G[0,0](((HbA1cImputeDtMnC >= 19.151 -> GFR <= 0.000) -> Pt_A1cGoalLevelDsYr5 >= 0.000) | DirectLDL >= 0.000)
",50.169,157.981,0.000,1.000,0.000,3,0,0,0,3,0,3,0,1.0,0.0,0.0,1.0,1.0,0.0,1
"G[0,1](((AlbCreatRat_mggNew <= 0.000 | Pt_ChildT1D >= 0.000) -> age >= 0.000) -> HbA1c >= 0.000)
",9999999.000,9999999.000,0.000,1.000,0.000,3,0,0,0,3,0,3,0,1.0,0.0,0.0,1.0,1.0,0.0,1
"G[0,1](BldPrDia >= 63.947 | BldPrSys <= 115.860)
",9999999.000,9999999.000,0.000,1.000,0.000,3,0,0,0,3,0,3,0,1.0,0.0,0.0,1.0,1.0,0.0,1
"G[0,1](((BldPrSys >= 111.754 -> Pt_SiblingT1D <= 0.000) & AlbCreatRat_mggNew <= 0.000) -> Triglyc >= 0.000)
",9999999.000,9999999.000,0.000,1.000,0.000,3,0,0,0,3,0,3,0,1.0,0.0,0.0,1.0,1.0,0.0,1
"G[1,1](Pt_ChildT1D <= 0.000 -> diagAgeCombo >= 9.000)
",0.000,0.000,0.000,1.000,0.000,3,0,0,0,3,0,3,0,1.0,0.0,0.0,1.0,1.0,0.0,1
"G[0,1](((bmi <= 28.078 & diabDur >= 1.600) & Pt_InsGov >= 2.108) -> NumPumpBolusOrShortAct >= 2.170)
",9999999.000,9999999.000,0.000,1.000,0.000,3,0,0,0,3,0,3,0,1.0,0.0,0.0,1.0,1.0,0.0,1
"G[0,1](Pt_SiblingT1D >= 0.000 & Pt_CGMUseNumDays <= 0.000)
",9999999.000,9999999.000,0.000,1.000,0.000,3,0,0,0,3,0,3,0,1.0,0.0,0.0,1.0,1.0,0.0,1
"G[0,1](((BldPrSys >= 113.483 -> NumPumpBolusOrShortAct >= 0.161) & BUN <= 4.666) -> AlbCreatRat_mggNew <= 2.644)
",9999999.000,9999999.000,0.000,1.000,0.000,3,0,0,0,3,0,3,0,1.0,0.0,0.0,1.0,1.0,0.0,1
"G[0,1](((diagAgeCombo <= 9.000 & DirectLDL <= 0.000) -> Pt_GrandchildT1D <= 0.000) | Pt_SiblingT1D >= 0.000)
",9999999.000,9999999.000,0.000,1.000,0.000,3,0,0,0,3,0,3,0,1.0,0.0,0.0,1.0,1.0,0.0,1
"G[0,0]((TotChol <= 124.615 -> Pt_GrandchildT1D <= 0.000) | diagAgeCombo >= 0.000)
",0.000,0.000,0.000,1.000,0.000,3,0,0,0,3,0,3,0,1.0,0.0,0.0,1.0,1.0,0.0,1
"G[0,1](AutonomicNeuroCl <= 0.000 & Pt_GrandchildT1D <= 0.000)
",9999999.000,9999999.000,0.000,1.000,0.000,3,0,0,0,3,0,3,0,1.0,0.0,0.0,1.0,1.0,0.0,1
"G[0,0]((HbA1cImputeDtMnC >= 28.517 | BGTestAvgNumMeter >= 0.384) | HbA1c <= 2.889)
",1.684,18.040,0.000,1.000,0.000,3,0,0,0,3,0,3,0,1.0,0.0,0.0,1.0,1.0,0.0,1
"G[1,1](((WeightKg <= 68.356 & Pt_ChildT1D <= 0.000) -> bmi >= 0.000) | bmiZscore <= 0.000)
",0.000,0.000,0.000,1.000,0.000,3,0,0,0,3,0,3,0,1.0,0.0,0.0,1.0,1.0,0.0,1
"G[0,1](((DirectLDL <= 0.000 & HbA1c <= 11.209) | Pt_SiblingT1D >= 9.137) | DirectLDL <= 10.912)
",9999999.000,9999999.000,0.000,1.000,0.000,3,0,0,0,3,0,3,0,1.0,0.0,0.0,1.0,1.0,0.0,1
"F[1,1]((HeightCm <= 158.118 | TotalDailyInsPerKg <= 0.726) & TotChol >= 0.022)
",-0.022,-0.022,0.000,0.000,1.000,2,0,0,1,3,0,2,1,0.6666666666666666,0.0,0.0,1.0,0.6666666666666666,0.33333333333333337,-1
"((SMBGperDayPtMeterCombo <= 3.361) U[0,1] (UnitsInsBasalOrLongAct <= 22.932))
",-9999999.000,-9999999.000,0.000,0.000,1.000,2,0,0,1,3,0,2,1,0.6666666666666666,0.0,0.0,1.0,0.6666666666666666,0.33333333333333337,-1
"((TotalDailyInsPerKg >= 0.094) U[1,1] (Pt_SHFlg = 0.000))
",0.000,0.000,0.000,0.000,1.000,2,0,0,1,3,0,2,1,0.6666666666666666,0.0,0.0,1.0,0.6666666666666666,0.33333333333333337,-1
"F[0,1](((BGTestAvgNumPtRep <= 2.337 -> BldPrDia <= 73.349) | NumPumpBolusOrShortAct >= 70.035) -> Pt_A1cGoalLev >= 65.317)
",-9999999.000,-9999999.000,0.000,0.000,1.000,2,0,0,1,3,0,2,1,0.6666666666666666,0.0,0.0,1.0,0.6666666666666666,0.33333333333333337,-1
"F[1,1](SMBGperDayPtMeterCombo >= 0.915 & BldPrSys <= 114.393)
",-0.915,-0.915,0.000,0.000,1.000,2,0,0,1,3,0,2,1,0.6666666666666666,0.0,0.0,1.0,0.6666666666666666,0.33333333333333337,-1
"F[0,0](((bmi <= 28.360 -> Triglyc <= 55.417) -> AlbCreatRat_mggNew >= 12.718) | Pt_A1cGoalLevelDsYr5 >= 38.794)
",7159684305562965.000,12.718,0.000,0.000,1.000,2,0,0,1,3,0,2,1,0.6666666666666666,0.0,0.0,1.0,0.6666666666666666,0.33333333333333337,-1
"((TotChol < 117.833) U[1,2] (Pt_SHFlg = 0.000))
",-9999999.000,-9999999.000,0.000,0.000,1.000,2,0,0,1,3,0,2,1,0.6666666666666666,0.0,0.0,1.0,0.6666666666666666,0.33333333333333337,-1
"F[0,0](((BldPrDia >= 66.055 -> Pt_DKAFlg >= 0.092) | WeightKg >= 0.153) -> HbA1cImputeDtMnC <= 0.885)
",-1.778,-2.193,0.000,0.000,1.000,2,0,0,1,3,0,2,1,0.6666666666666666,0.0,0.0,1.0,0.6666666666666666,0.33333333333333337,-1
"F[0,0](((BldPrDia <= 74.982 | TSH >= 0.318) | AlbCreatRat_mggNew <= 1.187) & TotChol <= 0.878)
",-5.853,-63.455,0.000,0.000,1.000,2,0,0,1,3,0,2,1,0.6666666666666666,0.0,0.0,1.0,0.6666666666666666,0.33333333333333337,-1
"F[0,0](diabDur <= 6.937 -> WeightKg <= 66.554)
",-39.531,-64.554,0.000,0.000,1.000,2,0,0,1,3,0,2,1,0.6666666666666666,0.0,0.0,1.0,0.6666666666666666,0.33333333333333337,-1
"F[0,0](bmi <= 27.673 & Pt_InsGov >= 0.035)
",-0.035,-0.035,0.000,0.000,1.000,2,0,0,1,3,0,2,1,0.6666666666666666,0.0,0.0,1.0,0.6666666666666666,0.33333333333333337,-1
"F[0,1]((DirectLDL >= 0.000 & Pt_InsGov >= 0.222) & BldPrSys >= 0.086)
",-9999999.000,-9999999.000,0.000,0.000,1.000,2,0,0,1,3,0,2,1,0.6666666666666666,0.0,0.0,1.0,0.6666666666666666,0.33333333333333337,-1
"((bmiZscore > 1.457) U[1,2] (Pt_SHFlg = 0.000))
",-9999999.000,-9999999.000,0.000,0.000,1.000,2,0,0,1,3,0,2,1,0.6666666666666666,0.0,0.0,1.0,0.6666666666666666,0.33333333333333337,-1
"((HDL <= 70.740) U[1,1] (Pt_InsGov <= 0.642))
",70.740,70.740,0.000,0.000,1.000,2,0,0,1,3,0,2,1,0.6666666666666666,0.0,0.0,1.0,0.6666666666666666,0.33333333333333337,-1
"((BldPrDia <= 72.898) U[1,1] (TotChol <= 166.212))
",166.212,166.212,0.000,0.000,1.000,2,0,0,1,3,0,2,1,0.6666666666666666,0.0,0.0,1.0,0.6666666666666666,0.33333333333333337,-1
"F[0,0](((SMBGperDayPtMeterCombo <= 3.142 & BldPrDia >= 67.190) | Pt_DKAFlg >= 65.097) & age <= 73.202)
",-65.097,-65.097,0.000,0.000,1.000,2,0,0,1,3,0,2,1,0.6666666666666666,0.0,0.0,1.0,0.6666666666666666,0.33333333333333337,-1
"((BldPrDia <= 74.895) U[1,1] (TotalDailyInsPerKg >= 0.175))
",74.895,74.895,0.000,0.000,1.000,2,0,0,1,3,0,2,1,0.6666666666666666,0.0,0.0,1.0,0.6666666666666666,0.33333333333333337,-1
"((age <= 16.424) U[0,0] (BGTestAvgNumPtRep >= 1.030))
",16.424,16.424,0.000,0.000,1.000,2,0,0,1,3,0,2,1,0.6666666666666666,0.0,0.0,1.0,0.6666666666666666,0.33333333333333337,-1
"F[0,1]((Pt_MotherT1D <= 0.000 -> HeightCm >= 157.029) -> UnitsInsBasalOrLongAct >= 157.422)
",-9999999.000,-9999999.000,0.000,0.000,1.000,2,0,0,1,3,0,2,1,0.6666666666666666,0.0,0.0,1.0,0.6666666666666666,0.33333333333333337,-1
"((diabDur >= 3.748) U[1,2] (HbA1cImputeDtMnC >= 10.629))
",-9999999.000,-9999999.000,0.000,0.000,1.000,2,0,0,1,3,0,2,1,0.6666666666666666,0.0,0.0,1.0,0.6666666666666666,0.33333333333333337,-1
"F[0,0]((BldPrDia <= 74.195 | Triglyc >= 41.438) -> HbA1cImputeDtMnC >= 36.219)
",-11.243,-121.895,0.000,0.000,1.000,2,0,0,1,3,0,2,1,0.6666666666666666,0.0,0.0,1.0,0.6666666666666666,0.33333333333333337,-1
"F[0,1](BUN <= 10.440 & TSH >= 0.492)
",-9999999.000,-9999999.000,0.000,0.000,1.000,2,0,0,1,3,0,2,1,0.6666666666666666,0.0,0.0,1.0,0.6666666666666666,0.33333333333333337,-1
"((BGTestAvgNumPtRep <= 4.427) U[0,1] (BldPrSys <= 114.576))
",-9999999.000,-9999999.000,0.000,0.000,1.000,2,0,0,1,3,0,2,1,0.6666666666666666,0.0,0.0,1.0,0.6666666666666666,0.33333333333333337,-1
"F[0,0](((bmi <= 27.282 -> TotChol >= 36.033) & Pt_GrandchildT1D <= 159.058) -> DirectLDL >= 30.762)
",-40.401,-127.219,0.000,0.000,1.000,2,0,0,1,3,0,2,1,0.6666666666666666,0.0,0.0,1.0,0.6666666666666666,0.33333333333333337,-1
"G[1,1](((WeightKg <= 69.682 -> LDL >= 21.662) -> BldPrSys <= 63.347) -> SMBGperDayPtMeterCombo >= 13.755)
",7743228901097107.000,13.755,0.000,1.000,0.000,2,0,0,1,3,0,2,1,0.6666666666666666,0.0,0.0,1.0,0.6666666666666666,0.33333333333333337,1
"G[1,1]((WeightKg >= 55.818 | bmi >= 25.439) -> UnitsInsBasalOrLongAct <= 29.509)
",-8306038663090205.000,-29.509,0.000,1.000,0.000,2,0,0,1,3,0,2,1,0.6666666666666666,0.0,0.0,1.0,0.6666666666666666,0.33333333333333337,1
"G[0,1]((BldPrSys >= 110.232 & bmiPerc <= 0.960) | BldPrDia <= 0.934)
",9999999.000,9999999.000,0.000,1.000,0.000,2,0,0,1,3,0,2,1,0.6666666666666666,0.0,0.0,1.0,0.6666666666666666,0.33333333333333337,1
"G[0,0](age <= 15.793 -> bmiZscore <= 1.573)
",-15.793,-15.793,0.000,1.000,0.000,2,0,0,1,3,0,2,1,0.6666666666666666,0.0,0.0,1.0,0.6666666666666666,0.33333333333333337,1
"G[0,1](bmiPerc <= 0.933 | TotalDailyInsPerKg <= 0.753)
",9999999.000,9999999.000,0.000,1.000,0.000,2,0,0,1,3,0,2,1,0.6666666666666666,0.0,0.0,1.0,0.6666666666666666,0.33333333333333337,1
"G[1,1](Pt_DKAFlg <= 0.716 & WeightKg >= 55.248)
",-55.248,-55.248,0.000,1.000,0.000,2,0,0,1,3,0,2,1,0.6666666666666666,0.0,0.0,1.0,0.6666666666666666,0.33333333333333337,1
"G[0,1](BldPrDia <= 73.092 & Pt_SHFlg = 0.000)
",9999999.000,9999999.000,0.000,1.000,0.000,2,0,0,1,3,0,2,1,0.6666666666666666,0.0,0.0,1.0,0.6666666666666666,0.33333333333333337,1
"G[1,1](DirectLDL >= 0.000 & BUN <= 7.580)
",0.000,0.000,0.000,1.000,0.000,2,0,0,1,3,0,2,1,0.6666666666666666,0.0,0.0,1.0,0.6666666666666666,0.33333333333333337,1
"G[0,0](Pt_ChildT1D >= 0.000 & TotChol >= 75.096)
",-0.993,-10.763,0.000,1.000,0.000,2,0,0,1,3,0,2,1,0.6666666666666666,0.0,0.0,1.0,0.6666666666666666,0.33333333333333337,1
"G[0,0]((Triglyc >= 1.064 | SMBGperDayPtMeterCombo <= 3.202) & GFR <= 3.506)
",12.814,2.024,0.000,1.000,0.000,2,0,0,1,3,0,2,1,0.6666666666666666,0.0,0.0,1.0,0.6666666666666666,0.33333333333333337,1
"G[0,1](BldPrSys >= 113.064 -> HbA1c >= 9.635)
",9999999.000,9999999.000,0.000,1.000,0.000,2,0,0,1,3,0,2,1,0.6666666666666666,0.0,0.0,1.0,0.6666666666666666,0.33333333333333337,1
"G[0,1]((NumPumpBolusOrShortAct >= 0.325 -> UnitsInsBasalOrLongAct <= 23.209) & bmiZscore <= 21.399)
",9999999.000,9999999.000,0.000,1.000,0.000,2,0,0,1,3,0,2,1,0.6666666666666666,0.0,0.0,1.0,0.6666666666666666,0.33333333333333337,1
"G[0,1](bmiZscore <= 1.740 -> TSH <= 2.068)
",9999999.000,9999999.000,0.000,1.000,0.000,2,0,0,1,3,0,2,1,0.6666666666666666,0.0,0.0,1.0,0.6666666666666666,0.33333333333333337,1
"F[0,1]((age >= 13.836 | Pt_A1cGoalLev >= 0.653) -> BGTestAvgNumPtRep >= 0.779)
",-9999999.000,-9999999.000,0.000,0.000,1.000,1,0,0,2,3,0,1,2,0.3333333333333333,0.0,0.0,1.0,0.3333333333333333,0.6666666666666667,-1
"F[0,0]((Pt_GrandchildT1D >= 0.000 & Pt_CGMUseNumDays >= 0.000) & TotalDailyInsPerKg <= 0.000)
",-1.852,-4.000,0.000,0.000,1.000,1,0,0,2,3,0,1,2,0.3333333333333333,0.0,0.0,1.0,0.3333333333333333,0.6666666666666667,-1
"((bmiZscore <= 1.550) U[0,0] (TotChol >= 8.307))
",5.167,56.026,0.000,0.000,1.000,1,0,0,2,3,0,1,2,0.3333333333333333,0.0,0.0,1.0,0.3333333333333333,0.6666666666666667,-1
"F[1,1](((HDL >= 29.272 | UnitsInsBasalOrLongAct >= 3.214) & DirectLDL <= 29.714) & BUN <= 26.397)
",-7238260974625973.000,-3.214,0.000,0.000,1.000,1,0,0,2,3,0,1,2,0.3333333333333333,0.0,0.0,1.0,0.3333333333333333,0.6666666666666667,-1
"F[0,0](bmiPerc >= 0.897 & Triglyc <= 50.318)
",-10.424,-113.016,0.000,0.000,1.000,1,0,0,2,3,0,1,2,0.3333333333333333,0.0,0.0,1.0,0.3333333333333333,0.6666666666666667,-1
"((BGTestAvgNumMeter >= 0.726) U[0,1] (bmiPerc <= 0.932))
",-9999999.000,-9999999.000,0.000,0.000,1.000,1,0,0,2,3,0,1,2,0.3333333333333333,0.0,0.0,1.0,0.3333333333333333,0.6666666666666667,-1
"((BGTestAvgNumMeter >= 1.934) U[1,2] (BGTestAvgNumPtRep <= 3.249))
",-9999999.000,-9999999.000,0.000,0.000,1.000,1,0,0,2,3,0,1,2,0.3333333333333333,0.0,0.0,1.0,0.3333333333333333,0.6666666666666667,-1
"((BGTestAvgNumMeter >= 1.288) U[0,0] (BGTestAvgNumPtRep <= 5.417))
",1.543,16.947,0.000,0.000,1.000,1,0,0,2,3,0,1,2,0.3333333333333333,0.0,0.0,1.0,0.3333333333333333,0.6666666666666667,-1
"F[0,1](((Pt_GrandparentT1D >= 0.009 -> TotChol <= 142.425) & HbA1cImputeDtMnC >= 27.925) & HbA1cImputeDtMnC <= 132.399)
",-9999999.000,-9999999.000,0.000,0.000,1.000,1,0,0,2,3,0,1,2,0.3333333333333333,0.0,0.0,1.0,0.3333333333333333,0.6666666666666667,-1
"F[0,1](age >= 12.355 | NumPumpBolusOrShortAct <= 2.708)
",-9999999.000,-9999999.000,0.000,0.000,1.000,1,0,0,2,3,0,1,2,0.3333333333333333,0.0,0.0,1.0,0.3333333333333333,0.6666666666666667,-1
"F[1,1]((NumPumpBolusOrShortAct <= 3.110 | Pt_FatherT1D >= 0.000) & Pt_A1cGoalLev <= 0.000)
",0.000,0.000,0.000,0.000,1.000,1,0,0,2,3,0,1,2,0.3333333333333333,0.0,0.0,1.0,0.3333333333333333,0.6666666666666667,-1
"((Pt_A1cGoalLevelDsYr5 <= 0.000) U[0,0] (TotalDailyInsPerKg <= 0.592))
",0.000,0.000,0.000,0.000,1.000,1,0,0,2,3,0,1,2,0.3333333333333333,0.0,0.0,1.0,0.3333333333333333,0.6666666666666667,-1
"((UnitsInsBasalOrLongAct >= 3.787) U[1,2] (diagAgeCombo >= 9.000))
",-9999999.000,-9999999.000,0.000,0.000,1.000,1,0,0,2,3,0,1,2,0.3333333333333333,0.0,0.0,1.0,0.3333333333333333,0.6666666666666667,-1
"F[0,0](((BldPrSys >= 113.740 | Pt_GrandparentT1D >= 0.094) -> LDL <= 0.446) -> AlbCreatRat_mggNew >= 0.161)
",-0.073,-0.009,0.000,0.000,1.000,1,0,0,2,3,0,1,2,0.3333333333333333,0.0,0.0,1.0,0.3333333333333333,0.6666666666666667,-1
"((HeightCm <= 160.004) U[1,2] (BUN >= 0.455))
",-9999999.000,-9999999.000,0.000,0.000,1.000,1,0,0,2,3,0,1,2,0.3333333333333333,0.0,0.0,1.0,0.3333333333333333,0.6666666666666667,-1
"F[0,0](((Pt_InsGov >= 0.066 | UnitsInsBasalOrLongAct <= 22.474) -> NumPumpBolusOrShortAct >= 11.485) | TotChol <= 19.732)
",-22.474,-22.474,0.000,0.000,1.000,1,0,0,2,3,0,1,2,0.3333333333333333,0.0,0.0,1.0,0.3333333333333333,0.6666666666666667,-1
"F[1,1](HDL <= 46.119 -> Pt_A1cGoalLev <= 6.815)
",-46.119,-46.119,0.000,0.000,1.000,1,0,0,2,3,0,1,2,0.3333333333333333,0.0,0.0,1.0,0.3333333333333333,0.6666666666666667,-1
"F[1,1](Pt_SHFlg <= 0.000 -> TotalDailyInsPerKg <= 0.695)
",-6258658907799285.000,-0.695,0.000,0.000,1.000,1,0,0,2,3,0,1,2,0.3333333333333333,0.0,0.0,1.0,0.3333333333333333,0.6666666666666667,-1
"F[0,1]((Pt_MotherT1D >= 0.000 -> LDL <= 63.621) & AutonomicNeuroCl <= 60.771)
",-9999999.000,-9999999.000,0.000,0.000,1.000,1,0,0,2,3,0,1,2,0.3333333333333333,0.0,0.0,1.0,0.3333333333333333,0.6666666666666667,-1
"F[0,0](((bmiPerc <= 0.964 -> TotalDailyInsPerKg <= 0.367) -> Pt_MotherT1D >= 0.083) -> DirectLDL >= 0.182)
",-50.112,-157.798,0.000,0.000,1.000,1,0,0,2,3,0,1,2,0.3333333333333333,0.0,0.0,1.0,0.3333333333333333,0.6666666666666667,-1
"F[0,0](bmiPerc >= 0.874 -> UnitsInsBasalOrLongAct >= 12.082)
",-10.294,-25.019,0.000,0.000,1.000,1,0,0,2,3,0,1,2,0.3333333333333333,0.0,0.0,1.0,0.3333333333333333,0.6666666666666667,-1
"((BGTestAvgNumMeter >= 1.691) U[0,0] (BGTestAvgNumPtRep <= 4.977))
",1.503,16.532,0.000,0.000,1.000,1,0,0,2,3,0,1,2,0.3333333333333333,0.0,0.0,1.0,0.3333333333333333,0.6666666666666667,-1
"((Pt_InsGov < 0.481) U[1,2] (Pt_SHFlg = 0.000))
",-9999999.000,-9999999.000,0.000,0.000,1.000,1,0,0,2,3,0,1,2,0.3333333333333333,0.0,0.0,1.0,0.3333333333333333,0.6666666666666667,-1
"F[0,1](HbA1c <= 10.804 | bmiZscore >= 1.454)
",-9999999.000,-9999999.000,0.000,0.000,1.000,1,0,0,2,3,0,1,2,0.3333333333333333,0.0,0.0,1.0,0.3333333333333333,0.6666666666666667,-1
"((HbA1c >= 9.430) U[1,1] (Pt_DKAFlg <= 0.319))
",0.319,0.319,0.000,0.000,1.000,1,0,0,2,3,0,1,2,0.3333333333333333,0.0,0.0,1.0,0.3333333333333333,0.6666666666666667,-1
"F[0,1](((HbA1c <= 10.642 & Pt_A1cGoalLev >= 0.284) -> BGTestAvgNumPtRep >= 0.918) & TotChol <= 2.324)
",-9999999.000,-9999999.000,0.000,0.000,1.000,1,0,0,2,3,0,1,2,0.3333333333333333,0.0,0.0,1.0,0.3333333333333333,0.6666666666666667,-1
"F[1,1](WeightKg <= 70.459 & TotalDailyInsPerKg <= 0.296)
",0.296,0.296,0.000,0.000,1.000,1,0,0,2,3,0,1,2,0.3333333333333333,0.0,0.0,1.0,0.3333333333333333,0.6666666666666667,-1
"F[1,1]((BGTestAvgNumPtRep <= 3.513 | BUN >= 0.725) & bmi >= 1.949)
",-1.949,-1.949,0.000,0.000,1.000,1,0,0,2,3,0,1,2,0.3333333333333333,0.0,0.0,1.0,0.3333333333333333,0.6666666666666667,-1
"F[0,1](age >= 11.249 & LDL <= 74.662)
",-9999999.000,-9999999.000,0.000,0.000,1.000,1,0,0,2,3,0,1,2,0.3333333333333333,0.0,0.0,1.0,0.3333333333333333,0.6666666666666667,-1
"F[1,1]((WeightKg >= 64.223 & age <= 15.925) | NumPumpBolusOrShortAct >= 11.228)
",-11.228,-11.228,0.000,0.000,1.000,1,0,0,2,3,0,1,2,0.3333333333333333,0.0,0.0,1.0,0.3333333333333333,0.6666666666666667,-1
"((TotChol > 71.817) U[1,2] (Pt_SHFlg = 0.000))
",-9999999.000,-9999999.000,0.000,0.000,1.000,1,0,0,2,3,0,1,2,0.3333333333333333,0.0,0.0,1.0,0.3333333333333333,0.6666666666666667,-1
"F[1,1](BGTestAvgNumPtRep <= 6.284 & HDL <= 70.101)
",6.284,6.284,0.000,0.000,1.000,1,0,0,2,3,0,1,2,0.3333333333333333,0.0,0.0,1.0,0.3333333333333333,0.6666666666666667,-1
"((NumPumpBolusOrShortAct >= 0.369) U[0,0] (WeightKg >= 54.360))
",-0.076,-0.036,0.000,0.000,1.000,1,0,0,2,3,0,1,2,0.3333333333333333,0.0,0.0,1.0,0.3333333333333333,0.6666666666666667,-1
"G[0,1](((Pt_DKAFlg >= 0.020 | BldPrDia <= 73.963) -> TotChol <= 70.992) & Pt_A1cGoalLev <= 73.258)
",9999999.000,9999999.000,0.000,1.000,0.000,1,0,0,2,3,0,1,2,0.3333333333333333,0.0,0.0,1.0,0.3333333333333333,0.6666666666666667,1
"G[0,1](((HeightCm >= 156.256 -> WeightKg <= 68.861) | Pt_A1cGoalLev >= 58.876) | Pt_CGMUseNumDays >= 61.782)
",9999999.000,9999999.000,0.000,1.000,0.000,1,0,0,2,3,0,1,2,0.3333333333333333,0.0,0.0,1.0,0.3333333333333333,0.6666666666666667,1
"G[1,1]((BGTestAvgNumPtRep <= 6.048 | WeightKg >= 56.458) -> TotChol <= 67.485)
",-67.485,-67.485,0.000,1.000,0.000,1,0,0,2,3,0,1,2,0.3333333333333333,0.0,0.0,1.0,0.3333333333333333,0.6666666666666667,1
"G[1,1](SMBGperDayPtMeterCombo >= 1.812 & BGTestAvgNumPtRep >= 0.876)
",-1.812,-1.812,0.000,1.000,0.000,1,0,0,2,3,0,1,2,0.3333333333333333,0.0,0.0,1.0,0.3333333333333333,0.6666666666666667,1
"G[1,1](SMBGperDayPtMeterCombo >= 2.728 & BGTestAvgNumPtRep >= 0.014)
",-2.728,-2.728,0.000,1.000,0.000,1,0,0,2,3,0,1,2,0.3333333333333333,0.0,0.0,1.0,0.3333333333333333,0.6666666666666667,1
"G[1,1](((Pt_SHFlg <= 0.000 -> HbA1c <= 10.495) -> HeightCm <= 11.034) | BGTestAvgNumPtRep >= 9.181)
",-9.181,-9.181,0.000,1.000,0.000,1,0,0,2,3,0,1,2,0.3333333333333333,0.0,0.0,1.0,0.3333333333333333,0.6666666666666667,1
"G[0,1](SMBGperDayPtMeterCombo >= 0.522 & BGTestAvgNumPtRep >= 1.286)
",9999999.000,9999999.000,0.000,1.000,0.000,1,0,0,2,3,0,1,2,0.3333333333333333,0.0,0.0,1.0,0.3333333333333333,0.6666666666666667,1
"G[0,1]((HbA1cImputeDtMnC >= 15.295 & HbA1cImputeDtMnC >= 12.926) -> TotChol >= 1.665)
",9999999.000,9999999.000,0.000,1.000,0.000,1,0,0,2,3,0,1,2,0.3333333333333333,0.0,0.0,1.0,0.3333333333333333,0.6666666666666667,1
"G[1,1]((Pt_MotherT1D >= 0.000 & Pt_GrandparentT1D <= 0.526) -> Pt_SHFlg >= 0.002)
",0.000,0.000,0.000,1.000,0.000,1,0,0,2,3,0,1,2,0.3333333333333333,0.0,0.0,1.0,0.3333333333333333,0.6666666666666667,1
"G[1,1](GFR <= 0.000 -> BUN >= 1.186)
",0.000,0.000,0.000,1.000,0.000,1,0,0,2,3,0,1,2,0.3333333333333333,0.0,0.0,1.0,0.3333333333333333,0.6666666666666667,1
"G[0,1](Triglyc >= 13.451 -> WeightKg <= 65.329)
",9999999.000,9999999.000,0.000,1.000,0.000,1,0,0,2,3,0,1,2,0.3333333333333333,0.0,0.0,1.0,0.3333333333333333,0.6666666666666667,1
"G[1,1](BldPrDia >= 63.822 & BUN <= 10.866)
",-63.822,-63.822,0.000,1.000,0.000,1,0,0,2,3,0,1,2,0.3333333333333333,0.0,0.0,1.0,0.3333333333333333,0.6666666666666667,1
"G[1,1](AutonomicNeuroCl >= 0.000 & Pt_A1cGoalLev >= 1.160)
",-1.160,-1.160,0.000,1.000,0.000,1,0,0,2,3,0,1,2,0.3333333333333333,0.0,0.0,1.0,0.3333333333333333,0.6666666666666667,1
"G[1,1]((WeightKg >= 61.916 | bmi >= 24.565) -> UnitsInsBasalOrLongAct <= 22.392)
",-22.392,-22.392,0.000,1.000,0.000,1,0,0,2,3,0,1,2,0.3333333333333333,0.0,0.0,1.0,0.3333333333333333,0.6666666666666667,1
"G[0,1](((BGTestAvgNumMeter >= 0.491 & BldPrDia >= 64.881) & Pt_GrandchildT1D <= 71.203) & AlbCreatRat_mggNew <= 74.939)
",9999999.000,9999999.000,0.000,1.000,0.000,1,0,0,2,3,0,1,2,0.3333333333333333,0.0,0.0,1.0,0.3333333333333333,0.6666666666666667,1
"G[0,0]((WeightKg >= 54.656 | bmi >= 22.898) -> UnitsInsBasalOrLongAct <= 19.354)
",-19.354,-19.354,0.000,1.000,0.000,1,0,0,2,3,0,1,2,0.3333333333333333,0.0,0.0,1.0,0.3333333333333333,0.6666666666666667,1
"G[0,1](((BUN >= 1.406 | TotChol <= 150.699) | Pt_A1cGoalLevelDsYr5 >= 32.344) & bmi <= 110.224)
",9999999.000,9999999.000,0.000,1.000,0.000,1,0,0,2,3,0,1,2,0.3333333333333333,0.0,0.0,1.0,0.3333333333333333,0.6666666666666667,1
"G[1,1](AlbCreatRat_mggNew >= 0.000 -> age <= 14.944)
",-14.944,-14.944,0.000,1.000,0.000,1,0,0,2,3,0,1,2,0.3333333333333333,0.0,0.0,1.0,0.3333333333333333,0.6666666666666667,1
"G[0,1](((NumPumpBolusOrShortAct >= 1.786 -> TotChol >= 100.569) & Pt_SHFlg <= 143.697) & NumPumpBolusOrShortAct <= 136.299)
",9999999.000,9999999.000,0.000,1.000,0.000,1,0,0,2,3,0,1,2,0.3333333333333333,0.0,0.0,1.0,0.3333333333333333,0.6666666666666667,1
"G[0,0]((Pt_A1cGoalLev <= 5.476 | TotalDailyInsPerKg <= 0.366) -> HbA1cImputeDtMnC <= 0.725)
",0.474,0.395,0.000,1.000,0.000,1,0,0,2,3,0,1,2,0.3333333333333333,0.0,0.0,1.0,0.3333333333333333,0.6666666666666667,1
"G[1,1](Pt_DKAFlg > 0.014 & Pt_SHFlg = 0.000)
",-0.014,-0.014,0.000,1.000,0.000,1,0,0,2,3,0,1,2,0.3333333333333333,0.0,0.0,1.0,0.3333333333333333,0.6666666666666667,1
"G[0,1](SMBGperDayPtMeterCombo >= 2.428 & BGTestAvgNumPtRep >= 1.544)
",9999999.000,9999999.000,0.000,1.000,0.000,1,0,0,2,3,0,1,2,0.3333333333333333,0.0,0.0,1.0,0.3333333333333333,0.6666666666666667,1
"G[0,1]((age >= 13.070 & TSH <= 1.994) & Pt_GrandchildT1D <= 0.621)
",9999999.000,9999999.000,0.000,1.000,0.000,1,0,0,2,3,0,1,2,0.3333333333333333,0.0,0.0,1.0,0.3333333333333333,0.6666666666666667,1
"G[0,0]((TotChol <= 126.532 | SMBGperDayPtMeterCombo <= 3.130) -> bmi <= 3.670)
",-5.737,-62.199,0.000,1.000,0.000,1,0,0,2,3,0,1,2,0.3333333333333333,0.0,0.0,1.0,0.3333333333333333,0.6666666666666667,1
"G[1,1]((WeightKg >= 64.278 | bmi >= 24.300) -> UnitsInsBasalOrLongAct <= 25.197)
",-25.197,-25.197,0.000,1.000,0.000,1,0,0,2,3,0,1,2,0.3333333333333333,0.0,0.0,1.0,0.3333333333333333,0.6666666666666667,1
"G[0,1](SMBGperDayPtMeterCombo >= 1.099 & BGTestAvgNumPtRep >= 1.376)
",9999999.000,9999999.000,0.000,1.000,0.000,1,0,0,2,3,0,1,2,0.3333333333333333,0.0,0.0,1.0,0.3333333333333333,0.6666666666666667,1
"G[0,1](SMBGperDayPtMeterCombo >= 0.118 & BGTestAvgNumPtRep >= 1.361)
",9999999.000,9999999.000,0.000,1.000,0.000,1,0,0,2,3,0,1,2,0.3333333333333333,0.0,0.0,1.0,0.3333333333333333,0.6666666666666667,1
"G[0,1](((bmi >= 25.771 | HbA1cImputeDtMnC <= 52.189) | TotalDailyInsPerKg <= 56.249) -> HbA1cImputeDtMnC <= 40.052)
",9999999.000,9999999.000,0.000,1.000,0.000,1,0,0,2,3,0,1,2,0.3333333333333333,0.0,0.0,1.0,0.3333333333333333,0.6666666666666667,1
"((BGTestAvgNumMeter >= 1.835) U[1,2] (BGTestAvgNumPtRep <= 2.676))
",-9999999.000,-9999999.000,0.000,0.000,1.000,1,0,0,2,3,0,1,2,0.3333333333333333,0.0,0.0,1.0,0.3333333333333333,0.6666666666666667,-1
"F[0,0](SMBGperDayPtMeterCombo >= 1.526 | Pt_A1cGoalLev <= 5.205)
",43.769,71.474,0.000,0.000,1.000,0,0,0,3,3,0,0,3,0.0,0.0,0.0,0.0,0.0,1.0,-1
"F[1,2]((age >= 11.372 -> UnitsInsBasalOrLongAct >= 4.561) -> Pt_InsGov <= 20.122)
",-9999999.000,-9999999.000,0.000,0.000,1.000,0,0,0,3,3,0,0,3,0.0,0.0,0.0,0.0,0.0,1.0,-1
"F[0,2](Pt_A1cGoalLevelDsYr5 > 0.000 -> Pt_SHFlg = 0.000)
",-9999999.000,-9999999.000,0.000,0.000,1.000,0,0,0,3,3,0,0,3,0.0,0.0,0.0,0.0,0.0,1.0,-1
"F[0,1]((BldPrSys <= 115.082 & WeightKg >= 59.160) | UnitsInsBasalOrLongAct >= 57.896)
",-9999999.000,-9999999.000,0.000,0.000,1.000,0,0,0,3,3,0,0,3,0.0,0.0,0.0,0.0,0.0,1.0,-1
"F[0,0]((Pt_MotherT1D <= 0.000 & WeightKg <= 70.174) | BUN >= 56.049)
",1.414,9.301,0.000,0.000,1.000,0,0,0,3,3,0,0,3,0.0,0.0,0.0,0.0,0.0,1.0,-1
"F[1,2](Triglyc >= 17.098 & HeightCm >= 157.279)
",-9999999.000,-9999999.000,0.000,0.000,1.000,0,0,0,3,3,0,0,3,0.0,0.0,0.0,0.0,0.0,1.0,-1
"F[1,2]((HeightCm >= 154.215 -> NumPumpBolusOrShortAct >= 0.113) | Pt_GrandparentT1D >= 2.188)
",-9999999.000,-9999999.000,0.000,0.000,1.000,0,0,0,3,3,0,0,3,0.0,0.0,0.0,0.0,0.0,1.0,-1
"F[2,2](age <= 15.118 -> NumPumpBolusOrShortAct <= 4.154)
",-15.118,-15.118,0.000,0.000,1.000,0,0,0,3,3,0,0,3,0.0,0.0,0.0,0.0,0.0,1.0,-1
"((bmi <= 26.159) U[0,2] (WeightKg >= 61.652))
",-9999999.000,-9999999.000,0.000,0.000,1.000,0,0,0,3,3,0,0,3,0.0,0.0,0.0,0.0,0.0,1.0,-1
"((diabDur <= 4.836) U[0,1] (AlbCreatRat_mggNew <= 0.000))
",-9999999.000,-9999999.000,0.000,0.000,1.000,0,0,0,3,3,0,0,3,0.0,0.0,0.0,0.0,0.0,1.0,-1
"((HbA1c >= 9.247) U[0,1] (Pt_SiblingT1D >= 0.000))
",-9999999.000,-9999999.000,0.000,0.000,1.000,0,0,0,3,3,0,0,3,0.0,0.0,0.0,0.0,0.0,1.0,-1
"F[0,2](((Triglyc <= 67.688 | age >= 12.016) | Pt_MotherT1D >= 13.855) | age <= 15.945)
",-9999999.000,-9999999.000,0.000,0.000,1.000,0,0,0,3,3,0,0,3,0.0,0.0,0.0,0.0,0.0,1.0,-1
"F[1,2](HeightCm <= 159.217 -> Pt_A1cGoalLev >= 0.479)
",-9999999.000,-9999999.000,0.000,0.000,1.000,0,0,0,3,3,0,0,3,0.0,0.0,0.0,0.0,0.0,1.0,-1
"G[0,2]((BldPrDia <= 71.489 | HeightCm <= 159.603) & BGTestAvgNumPtRep >= 157.578)
",9999999.000,9999999.000,0.000,1.000,0.000,0,0,0,3,3,0,0,3,0.0,0.0,0.0,0.0,0.0,1.0,1
"F[0,2]((BldPrDia >= 69.884 | HbA1cImputeDtMnC <= 40.536) -> DirectLDL >= 6.220)
",-9999999.000,-9999999.000,0.000,0.000,1.000,0,0,0,3,3,0,0,3,0.0,0.0,0.0,0.0,0.0,1.0,-1
"F[0,2]((bmiPerc >= 0.898 | BldPrDia <= 72.425) & HeightCm <= 73.426)
",-9999999.000,-9999999.000,0.000,0.000,1.000,0,0,0,3,3,0,0,3,0.0,0.0,0.0,0.0,0.0,1.0,-1
"((Pt_InsGov <= 0.501) U[0,0] (AlbCreatRat_mggNew <= 0.000))
",0.501,0.501,0.000,0.000,1.000,0,0,0,3,3,0,0,3,0.0,0.0,0.0,0.0,0.0,1.0,-1
"F[0,2]((Pt_MotherT1D >= 0.000 | UnitsInsBasalOrLongAct <= 18.752) -> Pt_A1cGoalLev >= 8.322)
",-9999999.000,-9999999.000,0.000,0.000,1.000,0,0,0,3,3,0,0,3,0.0,0.0,0.0,0.0,0.0,1.0,-1
"F[1,2](((HbA1cImputeDtMnC <= 62.740 & NumPumpBolusOrShortAct >= 0.922) | Pt_GrandchildT1D >= 0.091) | HeightCm <= 3.278)
",-9999999.000,-9999999.000,0.000,0.000,1.000,0,0,0,3,3,0,0,3,0.0,0.0,0.0,0.0,0.0,1.0,-1
"F[0,0]((age <= 16.087 | Pt_SHFlg >= 0.000) | Pt_ChildT1D <= 0.000)
",2.350,38.568,0.000,0.000,1.000,0,0,0,3,3,0,0,3,0.0,0.0,0.0,0.0,0.0,1.0,-1
"F[1,2](UnitsInsBasalOrLongAct <= 20.659 & TSH >= 0.051)
",-9999999.000,-9999999.000,0.000,0.000,1.000,0,0,0,3,3,0,0,3,0.0,0.0,0.0,0.0,0.0,1.0,-1
"((Pt_SHFlg <= 0.000) U[2,2] (UnitsInsBasalOrLongAct >= 2.008))
",0.000,0.000,0.000,0.000,1.000,0,0,0,3,3,0,0,3,0.0,0.0,0.0,0.0,0.0,1.0,-1
"((HbA1cImputeDtMnC >= 3.287) U[0,2] (BldPrDia >= 67.268))
",-9999999.000,-9999999.000,0.000,0.000,1.000,0,0,0,3,3,0,0,3,0.0,0.0,0.0,0.0,0.0,1.0,-1
"F[1,2](Pt_MotherT1D <= 0.000 | HbA1cImputeDtMnC <= 63.691)
",-9999999.000,-9999999.000,0.000,0.000,1.000,0,0,0,3,3,0,0,3,0.0,0.0,0.0,0.0,0.0,1.0,-1
"F[0,2]((AlbCreatRat_mggNew <= 0.000 | DirectLDL >= 0.000) & UnitsInsBasalOrLongAct <= 0.000)
",-9999999.000,-9999999.000,0.000,0.000,1.000,0,0,0,3,3,0,0,3,0.0,0.0,0.0,0.0,0.0,1.0,-1
"((AutonomicNeuroCl >= 0.000) U[1,2] (BGTestAvgNumPtRep >= 0.831))
",-9999999.000,-9999999.000,0.000,0.000,1.000,0,0,0,3,3,0,0,3,0.0,0.0,0.0,0.0,0.0,1.0,-1
"F[0,2](((Pt_SHFlg <= 0.000 & diabDur <= 4.662) & HDL >= 2.688) | BGTestAvgNumMeter <= 5.706)
",-9999999.000,-9999999.000,0.000,0.000,1.000,0,0,0,3,3,0,0,3,0.0,0.0,0.0,0.0,0.0,1.0,-1
"F[1,2](((BldPrDia >= 68.598 -> WeightKg >= 63.409) & BGTestAvgNumMeter >= 60.086) & Pt_InsGov <= 70.680)
",-9999999.000,-9999999.000,0.000,0.000,1.000,0,0,0,3,3,0,0,3,0.0,0.0,0.0,0.0,0.0,1.0,-1
"F[1,1](BldPrDia >= 67.342 | diabDur <= 5.376)
",5.376,5.376,0.000,0.000,1.000,0,0,0,3,3,0,0,3,0.0,0.0,0.0,0.0,0.0,1.0,-1
"F[1,2]((Pt_GrandparentT1D >= 0.138 -> WeightKg <= 69.269) & SMBGperDayPtMeterCombo >= 58.468)
",-9999999.000,-9999999.000,0.000,0.000,1.000,0,0,0,3,3,0,0,3,0.0,0.0,0.0,0.0,0.0,1.0,-1
"F[1,2]((Triglyc <= 47.064 -> Pt_GrandparentT1D >= 0.079) -> age >= 0.070)
",-9999999.000,-9999999.000,0.000,0.000,1.000,0,0,0,3,3,0,0,3,0.0,0.0,0.0,0.0,0.0,1.0,-1
"F[0,2](((AlbCreatRat_mggNew >= 0.000 -> HbA1cImputeDtMnC <= 69.544) | Pt_ChildT1D >= 3.086) & BldPrSys >= 16.993)
",-9999999.000,-9999999.000,0.000,0.000,1.000,0,0,0,3,3,0,0,3,0.0,0.0,0.0,0.0,0.0,1.0,-1
"F[0,0](((Pt_MotherT1D >= 0.000 | Pt_SiblingT1D >= 0.000) & TotChol >= 0.000) | HDL <= 0.000)
",0.000,0.000,0.000,0.000,1.000,0,0,0,3,3,0,0,3,0.0,0.0,0.0,0.0,0.0,1.0,-1
"F[0,0](((Pt_DKAFlg <= 0.972 -> AlbCreatRat_mggNew >= 0.000) -> Pt_A1cGoalLev >= 0.000) & Pt_GrandchildT1D <= 0.000)
",-9.000,-9.000,0.000,0.000,1.000,0,0,0,3,3,0,0,3,0.0,0.0,0.0,0.0,0.0,1.0,-1
"F[0,1]((LDL >= 45.694 -> Pt_GrandparentT1D <= 0.772) | NumPumpBolusOrShortAct <= 0.363)
",-9999999.000,-9999999.000,0.000,0.000,1.000,0,0,0,3,3,0,0,3,0.0,0.0,0.0,0.0,0.0,1.0,-1
"F[1,2](((Pt_InsGov <= 0.580 & TotChol <= 133.532) | Pt_SHFlg >= 6.205) & Pt_A1cGoalLevelDsYr5 >= 25.782)
",-9999999.000,-9999999.000,0.000,0.000,1.000,0,0,0,3,3,0,0,3,0.0,0.0,0.0,0.0,0.0,1.0,-1
"((SMBGperDayPtMeterCombo >= 0.824) U[0,2] (BGTestAvgNumMeter <= 3.104))
",-9999999.000,-9999999.000,0.000,0.000,1.000,0,0,0,3,3,0,0,3,0.0,0.0,0.0,0.0,0.0,1.0,-1
"F[0,1](((Pt_FatherT1D >= 0.000 | Pt_InsGov <= 0.682) -> bmiPerc >= 0.292) & Pt_A1cGoalLevelDsYr5 <= 0.586)
",-9999999.000,-9999999.000,0.000,0.000,1.000,0,0,0,3,3,0,0,3,0.0,0.0,0.0,0.0,0.0,1.0,-1
"F[0,0]((BldPrDia >= 69.002 | AlbCreatRat_mggNew <= 0.000) & HbA1cImputeDtMnC >= 0.000)
",1.069,2.667,0.000,0.000,1.000,0,0,0,3,3,0,0,3,0.0,0.0,0.0,0.0,0.0,1.0,-1
"F[0,0](((TotalDailyInsPerKg >= 0.158 & BldPrSys <= 114.506) -> BldPrDia >= 112.009) -> bmiZscore <= 114.842)
",-5738.904,-113.914,0.000,0.000,1.000,0,0,0,3,3,0,0,3,0.0,0.0,0.0,0.0,0.0,1.0,-1
"F[0,2]((TSH >= 0.317 & Pt_GrandchildT1D <= 0.000) | BUN >= 0.000)
",-9999999.000,-9999999.000,0.000,0.000,1.000,0,0,0,3,3,0,0,3,0.0,0.0,0.0,0.0,0.0,1.0,-1
"F[0,2](((BldPrSys >= 112.542 | Pt_SiblingT1D >= 0.000) & diabDur >= 0.000) & BGTestAvgNumMeter <= 0.000)
",-9999999.000,-9999999.000,0.000,0.000,1.000,0,0,0,3,3,0,0,3,0.0,0.0,0.0,0.0,0.0,1.0,-1
"F[1,1](WeightKg <= 69.081 -> BGTestAvgNumPtRep <= 6.966)
",-69.081,-69.081,0.000,0.000,1.000,0,0,0,3,3,0,0,3,0.0,0.0,0.0,0.0,0.0,1.0,-1
"F[2,2](AlbCreatRat_mggNew >= 0.000 -> HbA1c <= 10.350)
",-10.350,-10.350,0.000,0.000,1.000,0,0,0,3,3,0,0,3,0.0,0.0,0.0,0.0,0.0,1.0,-1
"((AlbCreatRat_mggNew <= 0.000) U[0,2] (BldPrDia >= 68.039))
",-9999999.000,-9999999.000,0.000,0.000,1.000,0,0,0,3,3,0,0,3,0.0,0.0,0.0,0.0,0.0,1.0,-1
"F[1,1](((Pt_ChildT1D >= 0.000 -> LDL <= 57.354) | Pt_FatherT1D <= 75.953) & Pt_SHFlg <= 75.412)
",75.412,75.412,0.000,0.000,1.000,0,0,0,3,3,0,0,3,0.0,0.0,0.0,0.0,0.0,1.0,-1
"F[0,2](((LDL <= 67.843 -> WeightKg >= 57.498) | LDL >= 56.986) & diabDur <= 67.832)
",-9999999.000,-9999999.000,0.000,0.000,1.000,0,0,0,3,3,0,0,3,0.0,0.0,0.0,0.0,0.0,1.0,-1
"F[1,2](HDL >= 9.531 | BGTestAvgNumMeter <= 3.198)
",-9999999.000,-9999999.000,0.000,0.000,1.000,0,0,0,3,3,0,0,3,0.0,0.0,0.0,0.0,0.0,1.0,-1
"F[1,2](((GFR >= 0.000 -> BldPrSys >= 111.235) & GFR >= 113.461) | AutonomicNeuroCl >= 112.755)
",-9999999.000,-9999999.000,0.000,0.000,1.000,0,0,0,3,3,0,0,3,0.0,0.0,0.0,0.0,0.0,1.0,-1
"F[0,2]((TotChol <= 127.039 & HbA1cImputeDtMnC >= 6.376) | bmiZscore >= 2.732)
",-9999999.000,-9999999.000,0.000,0.000,1.000,0,0,0,3,3,0,0,3,0.0,0.0,0.0,0.0,0.0,1.0,-1
"((Pt_GrandchildT1D <= 0.000) U[2,2] (BUN <= 9.495))
",9.495,9.495,0.000,0.000,1.000,0,0,0,3,3,0,0,3,0.0,0.0,0.0,0.0,0.0,1.0,-1
"((LDL <= 78.035) U[1,2] (UnitsInsBasalOrLongAct <= 20.695))
",-9999999.000,-9999999.000,0.000,0.000,1.000,0,0,0,3,3,0,0,3,0.0,0.0,0.0,0.0,0.0,1.0,-1
"F[1,2](HbA1c >= 9.877 & BldPrSys <= 114.963)
",-9999999.000,-9999999.000,0.000,0.000,1.000,0,0,0,3,3,0,0,3,0.0,0.0,0.0,0.0,0.0,1.0,-1
"F[1,2]((AutonomicNeuroCl >= 0.000 -> DirectLDL <= 0.000) -> Pt_FatherT1D <= 0.000)
",-9999999.000,-9999999.000,0.000,0.000,1.000,0,0,0,3,3,0,0,3,0.0,0.0,0.0,0.0,0.0,1.0,-1
"F[0,2]((Pt_GrandparentT1D >= 0.128 | AutonomicNeuroCl <= 0.000) | TotChol <= 0.000)
",-9999999.000,-9999999.000,0.000,0.000,1.000,0,0,0,3,3,0,0,3,0.0,0.0,0.0,0.0,0.0,1.0,-1
"F[2,2](((UnitsInsBasalOrLongAct >= 9.092 & diabDur >= 3.875) & TotChol >= 2.471) -> BldPrDia >= 2.808)
",2.808,2.808,0.000,0.000,1.000,0,0,0,3,3,0,0,3,0.0,0.0,0.0,0.0,0.0,1.0,-1
"F[0,2]((Pt_CGMUseNumDays <= 0.000 & Pt_A1cGoalLev <= 2.033) -> BGTestAvgNumMeter <= 4.498)
",-9999999.000,-9999999.000,0.000,0.000,1.000,0,0,0,3,3,0,0,3,0.0,0.0,0.0,0.0,0.0,1.0,-1
"F[1,2](((UnitsInsBasalOrLongAct <= 22.019 & LDL <= 65.717) -> AlbCreatRat_mggNew <= 72.512) -> age <= 74.352)
",-9999999.000,-9999999.000,0.000,0.000,1.000,0,0,0,3,3,0,0,3,0.0,0.0,0.0,0.0,0.0,1.0,-1
"F[1,2](((TSH <= 1.787 & BUN <= 3.617) | BGTestAvgNumPtRep >= 0.641) | Pt_SHFlg >= 1.410)
",-9999999.000,-9999999.000,0.000,0.000,1.000,0,0,0,3,3,0,0,3,0.0,0.0,0.0,0.0,0.0,1.0,-1
"F[2,2](((Pt_MotherT1D >= 0.000 & BGTestAvgNumPtRep >= 0.747) -> bmiPerc <= 4.279) | BldPrDia >= 1.637)
",-1.637,-1.637,0.000,0.000,1.000,0,0,0,3,3,0,0,3,0.0,0.0,0.0,0.0,0.0,1.0,-1
"F[1,1]((UnitsInsBasalOrLongAct >= 7.704 | NumPumpBolusOrShortAct >= 0.112) & TSH <= 4.769)
",-0.112,-0.112,0.000,0.000,1.000,0,0,0,3,3,0,0,3,0.0,0.0,0.0,0.0,0.0,1.0,-1
"((bmi <= 27.720) U[2,2] (Pt_GrandparentT1D >= 0.134))
",7802374686007579.000,27.720,0.000,0.000,1.000,0,0,0,3,3,0,0,3,0.0,0.0,0.0,0.0,0.0,1.0,-1
"((Triglyc >= 10.150) U[0,0] (BUN <= 4.084))
",14.128,153.184,0.000,0.000,1.000,0,0,0,3,3,0,0,3,0.0,0.0,0.0,0.0,0.0,1.0,-1
"F[1,2](DirectLDL <= 0.000 -> Pt_FatherT1D >= 0.000)
",-9999999.000,-9999999.000,0.000,0.000,1.000,0,0,0,3,3,0,0,3,0.0,0.0,0.0,0.0,0.0,1.0,-1
"F[0,2]((Pt_MotherT1D <= 0.000 -> Pt_GrandchildT1D >= 0.000) & BldPrDia <= 0.000)
",-9999999.000,-9999999.000,0.000,0.000,1.000,0,0,0,3,3,0,0,3,0.0,0.0,0.0,0.0,0.0,1.0,-1
"F[1,2](((Pt_SiblingT1D <= 0.000 & diagAgeCombo <= 9.000) & Pt_A1cGoalLev <= 9.000) -> WeightKg <= 9.000)
",-9999999.000,-9999999.000,0.000,0.000,1.000,0,0,0,3,3,0,0,3,0.0,0.0,0.0,0.0,0.0,1.0,-1
"F[0,0](((diabDur <= 4.941 | HbA1c >= 10.025) & TotalDailyInsPerKg <= 10.889) -> AlbCreatRat_mggNew <= 10.294)
",-10.294,-10.294,0.000,0.000,1.000,0,0,0,3,3,0,0,3,0.0,0.0,0.0,0.0,0.0,1.0,-1
"F[1,2](((BGTestAvgNumPtRep >= 1.379 -> Pt_InsGov <= 0.742) | HbA1c >= 0.128) & bmiPerc <= 0.866)
",-9999999.000,-9999999.000,0.000,0.000,1.000,0,0,0,3,3,0,0,3,0.0,0.0,0.0,0.0,0.0,1.0,-1
"F[0,2]((BldPrDia <= 74.292 -> Pt_DKAFlg >= 0.033) & Pt_GrandchildT1D >= 0.003)
",-9999999.000,-9999999.000,0.000,0.000,1.000,0,0,0,3,3,0,0,3,0.0,0.0,0.0,0.0,0.0,1.0,-1
"F[2,2]((bmiPerc >= 0.915 -> WeightKg >= 57.349) & Pt_GrandchildT1D <= 65.960)
",0.915,0.915,0.000,0.000,1.000,0,0,0,3,3,0,0,3,0.0,0.0,0.0,0.0,0.0,1.0,-1
"F[2,2](((BUN >= 1.705 -> HeightCm <= 160.147) & TSH <= 160.852) -> HbA1c <= 159.120)
",-159.120,-159.120,0.000,0.000,1.000,0,0,0,3,3,0,0,3,0.0,0.0,0.0,0.0,0.0,1.0,-1
"((bmiZscore >= 1.445) U[2,2] (TotalDailyInsPerKg <= 0.770))
",0.770,0.770,0.000,0.000,1.000,0,0,0,3,3,0,0,3,0.0,0.0,0.0,0.0,0.0,1.0,-1
"F[0,1](((HDL <= 44.705 -> WeightKg <= 66.215) | TotChol <= 69.369) -> HeightCm >= 55.036)
",-9999999.000,-9999999.000,0.000,0.000,1.000,0,0,0,3,3,0,0,3,0.0,0.0,0.0,0.0,0.0,1.0,-1
"F[0,2](((NumPumpBolusOrShortAct <= 4.639 | Pt_GrandparentT1D <= 0.326) -> Pt_SiblingT1D <= 0.797) & BGTestAvgNumMeter <= 0.951)
",-9999999.000,-9999999.000,0.000,0.000,1.000,0,0,0,3,3,0,0,3,0.0,0.0,0.0,0.0,0.0,1.0,-1
"F[2,2]((NumPumpBolusOrShortAct >= 1.742 | Pt_A1cGoalLev <= 4.951) -> BGTestAvgNumPtRep <= 4.885)
",-4.951,-4.951,0.000,0.000,1.000,0,0,0,3,3,0,0,3,0.0,0.0,0.0,0.0,0.0,1.0,-1
"F[1,2]((HbA1c <= 11.038 | SMBGperDayPtMeterCombo <= 3.570) -> TotChol >= 2.822)
",-9999999.000,-9999999.000,0.000,0.000,1.000,0,0,0,3,3,0,0,3,0.0,0.0,0.0,0.0,0.0,1.0,-1
"F[1,2]((BUN >= 1.183 | HDL >= 14.510) & HDL <= 51.501)
",-9999999.000,-9999999.000,0.000,0.000,1.000,0,0,0,3,3,0,0,3,0.0,0.0,0.0,0.0,0.0,1.0,-1
"F[1,1]((SMBGperDayPtMeterCombo <= 3.372 & TSH <= 0.568) -> Pt_SHFlg <= 0.658)
",-0.658,-0.658,0.000,0.000,1.000,0,0,0,3,3,0,0,3,0.0,0.0,0.0,0.0,0.0,1.0,-1
"((BldPrSys >= 112.299) U[0,2] (TSH >= 0.152))
",-9999999.000,-9999999.000,0.000,0.000,1.000,0,0,0,3,3,0,0,3,0.0,0.0,0.0,0.0,0.0,1.0,-1
"F[1,2]((BldPrSys >= 112.334 | SMBGperDayPtMeterCombo <= 3.977) | GFR <= 3.452)
",-9999999.000,-9999999.000,0.000,0.000,1.000,0,0,0,3,3,0,0,3,0.0,0.0,0.0,0.0,0.0,1.0,-1
"F[1,2]((Pt_InsGov >= 0.224 | TotalDailyInsPerKg >= 0.100) & TotalDailyInsPerKg >= 0.175)
",-9999999.000,-9999999.000,0.000,0.000,1.000,0,0,0,3,3,0,0,3,0.0,0.0,0.0,0.0,0.0,1.0,-1
"F[1,2]((HbA1c >= 9.252 & TotChol >= 99.475) & NumPumpBolusOrShortAct >= 82.449)
",-9999999.000,-9999999.000,0.000,0.000,1.000,0,0,0,3,3,0,0,3,0.0,0.0,0.0,0.0,0.0,1.0,-1
"F[0,1]((HeightCm <= 160.883 | TotChol <= 127.051) | Pt_SiblingT1D <= 134.932)
",-9999999.000,-9999999.000,0.000,0.000,1.000,0,0,0,3,3,0,0,3,0.0,0.0,0.0,0.0,0.0,1.0,-1
"F[1,2](((HDL >= 4.038 -> NumPumpBolusOrShortAct <= 2.423) -> WeightKg <= 4.451) & Triglyc >= 1.138)
",-9999999.000,-9999999.000,0.000,0.000,1.000,0,0,0,3,3,0,0,3,0.0,0.0,0.0,0.0,0.0,1.0,-1
"F[0,2](HeightCm >= 154.996 & TSH >= 0.360)
",-9999999.000,-9999999.000,0.000,0.000,1.000,0,0,0,3,3,0,0,3,0.0,0.0,0.0,0.0,0.0,1.0,-1
"F[0,2]((bmiZscore <= 1.563 & HeightCm <= 159.780) | bmi <= 160.473)
",-9999999.000,-9999999.000,0.000,0.000,1.000,0,0,0,3,3,0,0,3,0.0,0.0,0.0,0.0,0.0,1.0,-1
"F[0,2]((BGTestAvgNumPtRep >= 1.308 | BUN <= 7.187) & LDL <= 3.172)
",-9999999.000,-9999999.000,0.000,0.000,1.000,0,0,0,3,3,0,0,3,0.0,0.0,0.0,0.0,0.0,1.0,-1
"F[1,1]((HDL <= 60.254 | HeightCm >= 154.856) | UnitsInsBasalOrLongAct >= 157.495)
",8480060495503317.000,60.254,0.000,0.000,1.000,0,0,0,3,3,0,0,3,0.0,0.0,0.0,0.0,0.0,1.0,-1
"((BUN >= 1.242) U[0,2] (LDL >= 20.605))
",-9999999.000,-9999999.000,0.000,0.000,1.000,0,0,0,3,3,0,0,3,0.0,0.0,0.0,0.0,0.0,1.0,-1
"((LDL >= 16.206) U[0,2] (Pt_InsGov <= 0.482))
",-9999999.000,-9999999.000,0.000,0.000,1.000,0,0,0,3,3,0,0,3,0.0,0.0,0.0,0.0,0.0,1.0,-1
"F[2,2]((Pt_GrandparentT1D >= 0.074 -> TotalDailyInsPerKg <= 0.357) & BGTestAvgNumMeter <= 0.710)
",-6425284317592589.000,-0.357,0.000,0.000,1.000,0,0,0,3,3,0,0,3,0.0,0.0,0.0,0.0,0.0,1.0,-1
"F[0,1]((BGTestAvgNumMeter >= 0.236 -> Pt_InsGov >= 0.289) -> LDL >= 0.273)
",-9999999.000,-9999999.000,0.000,0.000,1.000,0,0,0,3,3,0,0,3,0.0,0.0,0.0,0.0,0.0,1.0,-1
"F[1,2](((HeightCm <= 159.757 -> Triglyc <= 68.429) & UnitsInsBasalOrLongAct >= 15.123) & diagAgeCombo >= 11.970)
",-9999999.000,-9999999.000,0.000,0.000,1.000,0,0,0,3,3,0,0,3,0.0,0.0,0.0,0.0,0.0,1.0,-1
"F[0,2](((BUN >= 1.288 & Triglyc >= 1.492) | Pt_ChildT1D >= 5.133) -> Pt_MotherT1D <= 55.319)
",-9999999.000,-9999999.000,0.000,0.000,1.000,0,0,0,3,3,0,0,3,0.0,0.0,0.0,0.0,0.0,1.0,-1
"((HbA1c <= 10.496) U[0,1] (Triglyc >= 36.269))
",-9999999.000,-9999999.000,0.000,0.000,1.000,0,0,0,3,3,0,0,3,0.0,0.0,0.0,0.0,0.0,1.0,-1
"F[2,2](BldPrSys >= 112.442 -> TotalDailyInsPerKg <= 0.286)
",-0.286,-0.286,0.000,0.000,1.000,0,0,0,3,3,0,0,3,0.0,0.0,0.0,0.0,0.0,1.0,-1
"F[1,2](BGTestAvgNumPtRep <= 6.199 & Pt_GrandparentT1D >= 0.099)
",-9999999.000,-9999999.000,0.000,0.000,1.000,0,0,0,3,3,0,0,3,0.0,0.0,0.0,0.0,0.0,1.0,-1
"F[1,2](((BUN >= 2.081 | SMBGperDayPtMeterCombo >= 1.142) | Pt_InsGov <= 2.895) | DirectLDL >= 0.415)
",-9999999.000,-9999999.000,0.000,0.000,1.000,0,0,0,3,3,0,0,3,0.0,0.0,0.0,0.0,0.0,1.0,-1
"F[0,2]((BGTestAvgNumMeter <= 2.850 & HbA1cImputeDtMnC >= 31.450) -> Pt_FatherT1D >= 18.677)
",-9999999.000,-9999999.000,0.000,0.000,1.000,0,0,0,3,3,0,0,3,0.0,0.0,0.0,0.0,0.0,1.0,-1
"((HbA1cImputeDtMnC >= 7.186) U[1,2] (TSH >= 0.007))
",-9999999.000,-9999999.000,0.000,0.000,1.000,0,0,0,3,3,0,0,3,0.0,0.0,0.0,0.0,0.0,1.0,-1
"((BGTestAvgNumPtRep >= 0.762) U[0,2] (SMBGperDayPtMeterCombo >= 1.817))
",-9999999.000,-9999999.000,0.000,0.000,1.000,0,0,0,3,3,0,0,3,0.0,0.0,0.0,0.0,0.0,1.0,-1
"F[0,1](TotalDailyInsPerKg <= 0.580 & WeightKg >= 58.599)
",-9999999.000,-9999999.000,0.000,0.000,1.000,0,0,0,3,3,0,0,3,0.0,0.0,0.0,0.0,0.0,1.0,-1
"F[1,2](HbA1cImputeDtMnC <= 41.452 -> Pt_GrandparentT1D >= 0.020)
",-9999999.000,-9999999.000,0.000,0.000,1.000,0,0,0,3,3,0,0,3,0.0,0.0,0.0,0.0,0.0,1.0,-1
"F[0,2]((HbA1cImputeDtMnC >= 0.590 & Pt_A1cGoalLev >= 0.661) -> Pt_GrandparentT1D >= 0.944)
",-9999999.000,-9999999.000,0.000,0.000,1.000,0,0,0,3,3,0,0,3,0.0,0.0,0.0,0.0,0.0,1.0,-1
"F[0,2]((HDL <= 49.187 -> TSH >= 0.266) -> Pt_ChildT1D >= 0.168)
",-9999999.000,-9999999.000,0.000,0.000,1.000,0,0,0,3,3,0,0,3,0.0,0.0,0.0,0.0,0.0,1.0,-1
"F[1,1]((age <= 16.193 & Pt_DKAFlg >= 0.047) | WeightKg >= 0.115)
",-0.047,-0.047,0.000,0.000,1.000,0,0,0,3,3,0,0,3,0.0,0.0,0.0,0.0,0.0,1.0,-1
"((BldPrDia >= 65.284) U[2,2] (bmiZscore >= 1.304))
",-1.304,-1.304,0.000,0.000,1.000,0,0,0,3,3,0,0,3,0.0,0.0,0.0,0.0,0.0,1.0,-1
"F[1,2]((BGTestAvgNumPtRep >= 1.126 -> TotalDailyInsPerKg <= 0.630) | HbA1cImputeDtMnC >= 0.189)
",-9999999.000,-9999999.000,0.000,0.000,1.000,0,0,0,3,3,0,0,3,0.0,0.0,0.0,0.0,0.0,1.0,-1
"F[1,2]((bmi >= 25.747 | bmiPerc >= 0.883) | Pt_DKAFlg >= 0.928)
",-9999999.000,-9999999.000,0.000,0.000,1.000,0,0,0,3,3,0,0,3,0.0,0.0,0.0,0.0,0.0,1.0,-1
"F[1,2](TSH >= 0.404 & UnitsInsBasalOrLongAct >= 12.313)
",-9999999.000,-9999999.000,0.000,0.000,1.000,0,0,0,3,3,0,0,3,0.0,0.0,0.0,0.0,0.0,1.0,-1
"((bmi <= 27.532) U[1,2] (SMBGperDayPtMeterCombo <= 3.370))
",-9999999.000,-9999999.000,0.000,0.000,1.000,0,0,0,3,3,0,0,3,0.0,0.0,0.0,0.0,0.0,1.0,-1
"F[0,1](((Pt_InsGov >= 0.278 | TSH >= 0.042) | NumPumpBolusOrShortAct >= 0.162) & Pt_GrandchildT1D <= 2.365)
",-9999999.000,-9999999.000,0.000,0.000,1.000,0,0,0,3,3,0,0,3,0.0,0.0,0.0,0.0,0.0,1.0,-1
"((bmiPerc <= 0.933) U[0,2] (Pt_DKAFlg <= 0.416))
",-9999999.000,-9999999.000,0.000,0.000,1.000,0,0,0,3,3,0,0,3,0.0,0.0,0.0,0.0,0.0,1.0,-1
"F[2,2]((BldPrDia <= 73.391 & TSH >= 0.184) -> Pt_FatherT1D <= 0.967)
",-0.967,-0.967,0.000,0.000,1.000,0,0,0,3,3,0,0,3,0.0,0.0,0.0,0.0,0.0,1.0,-1
"F[1,2]((BUN >= 1.655 & UnitsInsBasalOrLongAct <= 21.056) & TSH >= 6.264)
",-9999999.000,-9999999.000,0.000,0.000,1.000,0,0,0,3,3,0,0,3,0.0,0.0,0.0,0.0,0.0,1.0,-1
"F[0,0]((age <= 16.565 | BGTestAvgNumMeter <= 3.670) | Pt_A1cGoalLevelDsYr5 <= 3.736)
",16.565,16.565,0.000,0.000,1.000,0,0,0,3,3,0,0,3,0.0,0.0,0.0,0.0,0.0,1.0,-1
"F[1,2](((BldPrSys >= 110.605 | HbA1cImputeDtMnC >= 35.426) | BUN <= 44.442) | TotalDailyInsPerKg >= 16.130)
",-9999999.000,-9999999.000,0.000,0.000,1.000,0,0,0,3,3,0,0,3,0.0,0.0,0.0,0.0,0.0,1.0,-1
"F[0,2]((BGTestAvgNumMeter >= 1.063 -> TotChol <= 164.552) -> SMBGperDayPtMeterCombo <= 110.917)
",-9999999.000,-9999999.000,0.000,0.000,1.000,0,0,0,3,3,0,0,3,0.0,0.0,0.0,0.0,0.0,1.0,-1
"F[0,2]((LDL >= 3.499 -> TSH >= 0.146) | Pt_ChildT1D <= 1.751)
",-9999999.000,-9999999.000,0.000,0.000,1.000,0,0,0,3,3,0,0,3,0.0,0.0,0.0,0.0,0.0,1.0,-1
"F[2,2](HDL <= 53.362 | TotalDailyInsPerKg <= 0.577)
",53.362,53.362,0.000,0.000,1.000,0,0,0,3,3,0,0,3,0.0,0.0,0.0,0.0,0.0,1.0,-1
"F[1,2](((bmiZscore >= 1.229 | NumPumpBolusOrShortAct >= 0.798) | bmiPerc <= 2.532) -> Pt_CGMUseNumDays <= 3.857)
",-9999999.000,-9999999.000,0.000,0.000,1.000,0,0,0,3,3,0,0,3,0.0,0.0,0.0,0.0,0.0,1.0,-1
"F[2,2]((BldPrDia >= 67.018 -> HeightCm <= 159.706) & DirectLDL <= 158.906)
",-159.706,-159.706,0.000,0.000,1.000,0,0,0,3,3,0,0,3,0.0,0.0,0.0,0.0,0.0,1.0,-1
"F[0,2](((bmiPerc >= 0.896 & Pt_A1cGoalLev <= 3.829) & Pt_DKAFlg >= 0.918) & HbA1c <= 5.751)
",-9999999.000,-9999999.000,0.000,0.000,1.000,0,0,0,3,3,0,0,3,0.0,0.0,0.0,0.0,0.0,1.0,-1
"((HbA1cImputeDtMnC >= 10.009) U[0,1] (LDL >= 47.403))
",-9999999.000,-9999999.000,0.000,0.000,1.000,0,0,0,3,3,0,0,3,0.0,0.0,0.0,0.0,0.0,1.0,-1
"F[1,1]((diabDur <= 4.569 | HDL >= 12.504) | AlbCreatRat_mggNew >= 15.806)
",4.569,4.569,0.000,0.000,1.000,0,0,0,3,3,0,0,3,0.0,0.0,0.0,0.0,0.0,1.0,-1
"F[0,1]((HbA1c >= 9.900 & TotalDailyInsPerKg <= 0.703) -> UnitsInsBasalOrLongAct >= 0.105)
",-9999999.000,-9999999.000,0.000,0.000,1.000,0,0,0,3,3,0,0,3,0.0,0.0,0.0,0.0,0.0,1.0,-1
"F[1,1]((SMBGperDayPtMeterCombo >= 1.985 | WeightKg >= 62.191) | Pt_SHFlg >= 55.168)
",-1.985,-1.985,0.000,0.000,1.000,0,0,0,3,3,0,0,3,0.0,0.0,0.0,0.0,0.0,1.0,-1
"F[1,2](((BldPrSys >= 111.028 -> bmiZscore >= 1.316) -> BGTestAvgNumMeter >= 1.416) & TSH <= 1.707)
",-9999999.000,-9999999.000,0.000,0.000,1.000,0,0,0,3,3,0,0,3,0.0,0.0,0.0,0.0,0.0,1.0,-1
"F[2,2](((bmiZscore >= 1.317 & HbA1cImputeDtMnC <= 44.065) & bmiZscore >= 24.036) & BUN >= 2.934)
",-6765546307496229.000,-24.036,0.000,0.000,1.000,0,0,0,3,3,0,0,3,0.0,0.0,0.0,0.0,0.0,1.0,-1
"F[2,2](bmiPerc <= 0.961 & HDL >= 19.128)
",-19.128,-19.128,0.000,0.000,1.000,0,0,0,3,3,0,0,3,0.0,0.0,0.0,0.0,0.0,1.0,-1
"F[1,2](bmi <= 27.142 -> diabDur <= 4.641)
",-9999999.000,-9999999.000,0.000,0.000,1.000,0,0,0,3,3,0,0,3,0.0,0.0,0.0,0.0,0.0,1.0,-1
"F[0,0]((diabDur >= 3.956 -> TotChol >= 74.799) & Pt_CGMUseNumDays <= 152.466)
",-9152.534,-9152.534,0.000,0.000,1.000,0,0,0,3,3,0,0,3,0.0,0.0,0.0,0.0,0.0,1.0,-1
"F[1,2](HbA1c <= 11.200 & WeightKg >= 57.064)
",-9999999.000,-9999999.000,0.000,0.000,1.000,0,0,0,3,3,0,0,3,0.0,0.0,0.0,0.0,0.0,1.0,-1
"F[0,1](HbA1cImputeDtMnC <= 55.357 & HDL >= 36.135)
",-9999999.000,-9999999.000,0.000,0.000,1.000,0,0,0,3,3,0,0,3,0.0,0.0,0.0,0.0,0.0,1.0,-1
"((Triglyc >= 15.890) U[1,2] (TSH <= 1.463))
",-9999999.000,-9999999.000,0.000,0.000,1.000,0,0,0,3,3,0,0,3,0.0,0.0,0.0,0.0,0.0,1.0,-1
"F[0,1](TotalDailyInsPerKg <= 0.621 -> TotChol >= 50.864)
",-9999999.000,-9999999.000,0.000,0.000,1.000,0,0,0,3,3,0,0,3,0.0,0.0,0.0,0.0,0.0,1.0,-1
"F[0,1]((BldPrDia <= 72.468 | HbA1c >= 9.324) | TotalDailyInsPerKg >= 9.675)
",-9999999.000,-9999999.000,0.000,0.000,1.000,0,0,0,3,3,0,0,3,0.0,0.0,0.0,0.0,0.0,1.0,-1
"F[1,2](((Pt_InsGov <= 0.815 | TotChol >= 52.993) | TSH >= 12.602) | BGTestAvgNumMeter <= 118.212)
",-9999999.000,-9999999.000,0.000,0.000,1.000,0,0,0,3,3,0,0,3,0.0,0.0,0.0,0.0,0.0,1.0,-1
"F[0,1](((bmi <= 27.533 | UnitsInsBasalOrLongAct <= 18.867) -> BldPrDia >= 9.856) -> Pt_ChildT1D <= 27.866)
",-9999999.000,-9999999.000,0.000,0.000,1.000,0,0,0,3,3,0,0,3,0.0,0.0,0.0,0.0,0.0,1.0,-1
"F[1,2](((HDL <= 60.469 & LDL <= 78.682) & HbA1cImputeDtMnC >= 49.580) -> TotalDailyInsPerKg <= 72.999)
",-9999999.000,-9999999.000,0.000,0.000,1.000,0,0,0,3,3,0,0,3,0.0,0.0,0.0,0.0,0.0,1.0,-1
"F[0,2](((Pt_InsGov >= 0.290 -> WeightKg >= 57.507) & GFR >= 60.782) | Pt_A1cGoalLev <= 70.837)
",-9999999.000,-9999999.000,0.000,0.000,1.000,0,0,0,3,3,0,0,3,0.0,0.0,0.0,0.0,0.0,1.0,-1
"F[0,1](((BldPrSys <= 115.929 & Triglyc >= 32.194) & HbA1c <= 51.347) -> HbA1c <= 45.056)
",-9999999.000,-9999999.000,0.000,0.000,1.000,0,0,0,3,3,0,0,3,0.0,0.0,0.0,0.0,0.0,1.0,-1
"F[0,2](BldPrSys <= 115.164 | Pt_InsGov <= 0.497)
",-9999999.000,-9999999.000,0.000,0.000,1.000,0,0,0,3,3,0,0,3,0.0,0.0,0.0,0.0,0.0,1.0,-1
"F[0,2](((BldPrSys <= 115.374 -> TotChol >= 94.841) -> TSH <= 155.627) -> BUN <= 132.461)
",-9999999.000,-9999999.000,0.000,0.000,1.000,0,0,0,3,3,0,0,3,0.0,0.0,0.0,0.0,0.0,1.0,-1
"F[1,2](((diabDur <= 6.385 | HeightCm >= 155.040) -> AutonomicNeuroCl <= 160.929) | Pt_CGMUseNumDays <= 160.437)
",-9999999.000,-9999999.000,0.000,0.000,1.000,0,0,0,3,3,0,0,3,0.0,0.0,0.0,0.0,0.0,1.0,-1
"F[0,2]((BldPrDia >= 65.901 | LDL >= 9.579) | TotalDailyInsPerKg <= 72.553)
",-9999999.000,-9999999.000,0.000,0.000,1.000,0,0,0,3,3,0,0,3,0.0,0.0,0.0,0.0,0.0,1.0,-1
"F[0,2](((bmiZscore >= 1.344 & BUN >= 0.940) | Pt_InsGov >= 0.116) & Pt_GrandparentT1D <= 11.979)
",-9999999.000,-9999999.000,0.000,0.000,1.000,0,0,0,3,3,0,0,3,0.0,0.0,0.0,0.0,0.0,1.0,-1
"F[1,2](((HeightCm <= 159.609 & UnitsInsBasalOrLongAct >= 6.905) & Triglyc <= 19.481) -> SMBGperDayPtMeterCombo <= 21.307)
",-9999999.000,-9999999.000,0.000,0.000,1.000,0,0,0,3,3,0,0,3,0.0,0.0,0.0,0.0,0.0,1.0,-1
"F[1,2](BldPrSys <= 114.354 | UnitsInsBasalOrLongAct >= 12.157)
",-9999999.000,-9999999.000,0.000,0.000,1.000,0,0,0,3,3,0,0,3,0.0,0.0,0.0,0.0,0.0,1.0,-1
"F[0,1](((HbA1cImputeDtMnC >= 8.388 | HeightCm >= 157.560) | BGTestAvgNumMeter >= 157.274) | GFR >= 157.648)
",-9999999.000,-9999999.000,0.000,0.000,1.000,0,0,0,3,3,0,0,3,0.0,0.0,0.0,0.0,0.0,1.0,-1
"F[1,2]((BGTestAvgNumPtRep <= 6.319 -> bmi >= 23.908) | Pt_CGMUseNumDays >= 26.105)
",-9999999.000,-9999999.000,0.000,0.000,1.000,0,0,0,3,3,0,0,3,0.0,0.0,0.0,0.0,0.0,1.0,-1
"((TotalDailyInsPerKg > 0.042) U[2,2] (Pt_SHFlg = 0.000))
",0.000,0.000,0.000,0.000,1.000,0,0,0,3,3,0,0,3,0.0,0.0,0.0,0.0,0.0,1.0,-1
"((Pt_SHFlg >= 0.000) U[0,2] (Pt_SHFlg = 0.000))
",-9999999.000,-9999999.000,0.000,0.000,1.000,0,0,0,3,3,0,0,3,0.0,0.0,0.0,0.0,0.0,1.0,-1
"F[1,2](((bmi <= 28.197 -> BUN >= 0.420) | Pt_SiblingT1D >= 2.134) | HbA1cImputeDtMnC >= 1.165)
",-9999999.000,-9999999.000,0.000,0.000,1.000,0,0,0,3,3,0,0,3,0.0,0.0,0.0,0.0,0.0,1.0,-1
"((TotChol >= 69.559) U[0,2] (Pt_SHFlg = 0.000))
",-9999999.000,-9999999.000,0.000,0.000,1.000,0,0,0,3,3,0,0,3,0.0,0.0,0.0,0.0,0.0,1.0,-1
"F[0,2](age >= 12.006 & Triglyc <= 55.055)
",-9999999.000,-9999999.000,0.000,0.000,1.000,0,0,0,3,3,0,0,3,0.0,0.0,0.0,0.0,0.0,1.0,-1
"((Pt_A1cGoalLev >= 0.569) U[2,2] (Pt_InsGov <= 0.507))
",0.507,0.507,0.000,0.000,1.000,0,0,0,3,3,0,0,3,0.0,0.0,0.0,0.0,0.0,1.0,-1
"((bmiZscore <= 1.760) U[1,2] (HDL <= 61.496))
",-9999999.000,-9999999.000,0.000,0.000,1.000,0,0,0,3,3,0,0,3,0.0,0.0,0.0,0.0,0.0,1.0,-1
"F[0,1](Pt_ChildT1D < 0.000 -> Pt_SHFlg = 0.000)
",-9999999.000,-9999999.000,0.000,0.000,1.000,0,0,0,3,3,0,0,3,0.0,0.0,0.0,0.0,0.0,1.0,-1
"F[1,1](BldPrSys >= 114.251 -> Pt_A1cGoalLev <= 7.145)
",-7.145,-7.145,0.000,0.000,1.000,0,0,0,3,3,0,0,3,0.0,0.0,0.0,0.0,0.0,1.0,-1
"F[0,2](((TotChol >= 2.309 -> Triglyc >= 10.228) | bmiPerc <= 65.114) -> WeightKg >= 40.578)
",-9999999.000,-9999999.000,0.000,0.000,1.000,0,0,0,3,3,0,0,3,0.0,0.0,0.0,0.0,0.0,1.0,-1
"F[0,1]((HDL >= 0.461 | Triglyc >= 35.343) | HbA1cImputeDtMnC >= 5.763)
",-9999999.000,-9999999.000,0.000,0.000,1.000,0,0,0,3,3,0,0,3,0.0,0.0,0.0,0.0,0.0,1.0,-1
"F[1,2]((bmiPerc <= 0.942 -> bmiZscore >= 1.242) -> BGTestAvgNumPtRep <= 1.684)
",-9999999.000,-9999999.000,0.000,0.000,1.000,0,0,0,3,3,0,0,3,0.0,0.0,0.0,0.0,0.0,1.0,-1
"((LDL >= 11.571) U[0,2] (TotChol <= 161.748))
",-9999999.000,-9999999.000,0.000,0.000,1.000,0,0,0,3,3,0,0,3,0.0,0.0,0.0,0.0,0.0,1.0,-1
"F[1,2](HDL < 49.445 -> Pt_SHFlg = 0.000)
",-9999999.000,-9999999.000,0.000,0.000,1.000,0,0,0,3,3,0,0,3,0.0,0.0,0.0,0.0,0.0,1.0,-1
"((NumPumpBolusOrShortAct > 0.899) U[0,1] (Pt_SHFlg = 0.000))
",-9999999.000,-9999999.000,0.000,0.000,1.000,0,0,0,3,3,0,0,3,0.0,0.0,0.0,0.0,0.0,1.0,-1
"F[0,2](((HbA1cImputeDtMnC <= 40.997 | WeightKg >= 56.022) & UnitsInsBasalOrLongAct >= 64.711) | age <= 68.376)
",-9999999.000,-9999999.000,0.000,0.000,1.000,0,0,0,3,3,0,0,3,0.0,0.0,0.0,0.0,0.0,1.0,-1
"F[0,1](Pt_GrandparentT1D < 0.386 -> Pt_SHFlg = 0.000)
",-9999999.000,-9999999.000,0.000,0.000,1.000,0,0,0,3,3,0,0,3,0.0,0.0,0.0,0.0,0.0,1.0,-1
"F[0,1](Pt_FatherT1D <= 0.000 -> Pt_SHFlg = 0.000)
",-9999999.000,-9999999.000,0.000,0.000,1.000,0,0,0,3,3,0,0,3,0.0,0.0,0.0,0.0,0.0,1.0,-1
"F[2,2]((BGTestAvgNumPtRep <= 2.683 & NumPumpBolusOrShortAct <= 4.718) & TotChol >= 0.397)
",-0.397,-0.397,0.000,0.000,1.000,0,0,0,3,3,0,0,3,0.0,0.0,0.0,0.0,0.0,1.0,-1
"F[0,2](HbA1cImputeDtMnC <= 48.907 & Pt_InsGov >= 0.275)
",-9999999.000,-9999999.000,0.000,0.000,1.000,0,0,0,3,3,0,0,3,0.0,0.0,0.0,0.0,0.0,1.0,-1
"F[1,2]((HeightCm >= 157.179 | Pt_InsGov >= 0.129) | HeightCm >= 0.114)
",-9999999.000,-9999999.000,0.000,0.000,1.000,0,0,0,3,3,0,0,3,0.0,0.0,0.0,0.0,0.0,1.0,-1
"F[0,1]((BldPrSys >= 114.094 -> LDL >= 7.764) | LDL >= 31.894)
",-9999999.000,-9999999.000,0.000,0.000,1.000,0,0,0,3,3,0,0,3,0.0,0.0,0.0,0.0,0.0,1.0,-1
"F[1,1](HbA1c >= 9.354 -> Pt_A1cGoalLevelDsYr5 = 0.000)
",0.000,0.000,0.000,0.000,1.000,0,0,0,3,3,0,0,3,0.0,0.0,0.0,0.0,0.0,1.0,-1
"F[0,0](HbA1c >= 9.567 -> Pt_A1cGoalLevelDsYr5 = 0.000)
",0.000,0.000,0.000,0.000,1.000,0,0,0,3,3,0,0,3,0.0,0.0,0.0,0.0,0.0,1.0,-1
"F[1,1](HbA1c >= 9.705 -> Pt_A1cGoalLevelDsYr5 = 0.000)
",0.000,0.000,0.000,0.000,1.000,0,0,0,3,3,0,0,3,0.0,0.0,0.0,0.0,0.0,1.0,-1
"F[2,2](HbA1cImputeDtMnC >= 21.081 & Pt_SHFlg = 0.000)
",-21.081,-21.081,0.000,0.000,1.000,0,0,0,3,3,0,0,3,0.0,0.0,0.0,0.0,0.0,1.0,-1
"((AutonomicNeuroCl <= 0.000) U[0,2] (Pt_SHFlg = 0.000))
",-9999999.000,-9999999.000,0.000,0.000,1.000,0,0,0,3,3,0,0,3,0.0,0.0,0.0,0.0,0.0,1.0,-1
"((Pt_FatherT1D >= 0.000) U[0,0] (Pt_SHFlg = 0.000))
",0.000,0.000,0.000,0.000,1.000,0,0,0,3,3,0,0,3,0.0,0.0,0.0,0.0,0.0,1.0,-1
"((HbA1c > 9.079) U[0,1] (Pt_SHFlg = 0.000))
",-9999999.000,-9999999.000,0.000,0.000,1.000,0,0,0,3,3,0,0,3,0.0,0.0,0.0,0.0,0.0,1.0,-1
"F[1,2](BldPrSys <= 114.477 -> Pt_SHFlg = 0.000)
",-9999999.000,-9999999.000,0.000,0.000,1.000,0,0,0,3,3,0,0,3,0.0,0.0,0.0,0.0,0.0,1.0,-1
"F[2,2](Pt_A1cGoalLev <= 5.840 & Pt_SHFlg = 0.000)
",0.000,0.000,0.000,0.000,1.000,0,0,0,3,3,0,0,3,0.0,0.0,0.0,0.0,0.0,1.0,-1
"F[1,1](diagAgeCombo < 9.000 -> Pt_SHFlg = 0.000)
",-9.000,-9.000,0.000,0.000,1.000,0,0,0,3,3,0,0,3,0.0,0.0,0.0,0.0,0.0,1.0,-1
"((BldPrDia >= 69.086) U[1,1] (Pt_SHFlg = 0.000))
",0.000,0.000,0.000,0.000,1.000,0,0,0,3,3,0,0,3,0.0,0.0,0.0,0.0,0.0,1.0,-1
"((BGTestAvgNumMeter >= 1.656) U[0,2] (BGTestAvgNumPtRep <= 4.904))
",-9999999.000,-9999999.000,0.000,0.000,1.000,0,0,0,3,3,0,0,3,0.0,0.0,0.0,0.0,0.0,1.0,-1
"((HDL > 6.294) U[0,0] (Pt_SHFlg = 0.000))
",14.471,75.039,0.000,0.000,1.000,0,0,0,3,3,0,0,3,0.0,0.0,0.0,0.0,0.0,1.0,-1
"((Pt_DKAFlg <= 0.355) U[1,2] (Pt_SHFlg = 0.000))
",-9999999.000,-9999999.000,0.000,0.000,1.000,0,0,0,3,3,0,0,3,0.0,0.0,0.0,0.0,0.0,1.0,-1
"((NumPumpBolusOrShortAct <= 5.147) U[0,2] (Pt_SHFlg = 0.000))
",-9999999.000,-9999999.000,0.000,0.000,1.000,0,0,0,3,3,0,0,3,0.0,0.0,0.0,0.0,0.0,1.0,-1
"F[1,2](UnitsInsBasalOrLongAct > 15.781 & Pt_SHFlg = 0.000)
",-9999999.000,-9999999.000,0.000,0.000,1.000,0,0,0,3,3,0,0,3,0.0,0.0,0.0,0.0,0.0,1.0,-1
"((LDL <= 77.762) U[0,2] (Pt_GrandparentT1D >= 0.129))
",-9999999.000,-9999999.000,0.000,0.000,1.000,0,0,0,3,3,0,0,3,0.0,0.0,0.0,0.0,0.0,1.0,-1
"F[0,2]((age <= 16.820 -> bmiPerc <= 0.935) -> TSH >= 0.872)
",-9999999.000,-9999999.000,0.000,0.000,1.000,0,0,0,3,3,0,0,3,0.0,0.0,0.0,0.0,0.0,1.0,-1
"((UnitsInsBasalOrLongAct <= 25.448) U[0,1] (Pt_SHFlg = 0.000))
",-9999999.000,-9999999.000,0.000,0.000,1.000,0,0,0,3,3,0,0,3,0.0,0.0,0.0,0.0,0.0,1.0,-1
"F[1,1](Pt_GrandparentT1D > 0.107 -> Pt_SHFlg = 0.000)
",0.000,0.000,0.000,0.000,1.000,0,0,0,3,3,0,0,3,0.0,0.0,0.0,0.0,0.0,1.0,-1
"F[2,2](LDL < 76.501 & Pt_SHFlg = 0.000)
",0.000,0.000,0.000,0.000,1.000,0,0,0,3,3,0,0,3,0.0,0.0,0.0,0.0,0.0,1.0,-1
"((Pt_CGMUseNumDays >= 0.000) U[0,2] (Pt_SHFlg = 0.000))
",-9999999.000,-9999999.000,0.000,0.000,1.000,0,0,0,3,3,0,0,3,0.0,0.0,0.0,0.0,0.0,1.0,-1
"F[0,2](TotChol > 65.666 -> Pt_SHFlg = 0.000)
",-9999999.000,-9999999.000,0.000,0.000,1.000,0,0,0,3,3,0,0,3,0.0,0.0,0.0,0.0,0.0,1.0,-1
"((TotalDailyInsPerKg <= 0.577) U[2,2] (Pt_SHFlg = 0.000))
",0.577,0.577,0.000,0.000,1.000,0,0,0,3,3,0,0,3,0.0,0.0,0.0,0.0,0.0,1.0,-1
"F[2,2](HbA1c >= 9.112 -> Pt_A1cGoalLevelDsYr5 = 0.000)
",0.000,0.000,0.000,0.000,1.000,0,0,0,3,3,0,0,3,0.0,0.0,0.0,0.0,0.0,1.0,-1
"((BGTestAvgNumMeter >= 1.404) U[0,1] (BGTestAvgNumPtRep <= 5.091))
",-9999999.000,-9999999.000,0.000,0.000,1.000,0,0,0,3,3,0,0,3,0.0,0.0,0.0,0.0,0.0,1.0,-1
"F[0,1](HbA1c >= 9.169 -> Pt_A1cGoalLevelDsYr5 = 0.000)
",-9999999.000,-9999999.000,0.000,0.000,1.000,0,0,0,3,3,0,0,3,0.0,0.0,0.0,0.0,0.0,1.0,-1
"((BGTestAvgNumMeter >= 1.475) U[0,2] (BGTestAvgNumPtRep <= 6.758))
",-9999999.000,-9999999.000,0.000,0.000,1.000,0,0,0,3,3,0,0,3,0.0,0.0,0.0,0.0,0.0,1.0,-1
"F[0,1](HbA1c >= 9.353 -> Pt_A1cGoalLevelDsYr5 = 0.000)
",-9999999.000,-9999999.000,0.000,0.000,1.000,0,0,0,3,3,0,0,3,0.0,0.0,0.0,0.0,0.0,1.0,-1
"((BGTestAvgNumMeter >= 2.650) U[0,2] (BGTestAvgNumPtRep <= 4.995))
",-9999999.000,-9999999.000,0.000,0.000,1.000,0,0,0,3,3,0,0,3,0.0,0.0,0.0,0.0,0.0,1.0,-1
"F[1,2](HbA1c >= 9.471 -> Pt_A1cGoalLevelDsYr5 = 0.000)
",-9999999.000,-9999999.000,0.000,0.000,1.000,0,0,0,3,3,0,0,3,0.0,0.0,0.0,0.0,0.0,1.0,-1
"((BGTestAvgNumMeter >= 2.783) U[0,2] (BGTestAvgNumPtRep <= 3.909))
",-9999999.000,-9999999.000,0.000,0.000,1.000,0,0,0,3,3,0,0,3,0.0,0.0,0.0,0.0,0.0,1.0,-1
"F[1,2](HbA1c >= 9.586 -> Pt_A1cGoalLevelDsYr5 = 0.000)
",-9999999.000,-9999999.000,0.000,0.000,1.000,0,0,0,3,3,0,0,3,0.0,0.0,0.0,0.0,0.0,1.0,-1
"((BGTestAvgNumMeter >= 2.117) U[0,2] (BGTestAvgNumPtRep <= 5.308))
",-9999999.000,-9999999.000,0.000,0.000,1.000,0,0,0,3,3,0,0,3,0.0,0.0,0.0,0.0,0.0,1.0,-1
"F[0,0](HbA1c >= 9.313 -> Pt_A1cGoalLevelDsYr5 = 0.000)
",0.000,0.000,0.000,0.000,1.000,0,0,0,3,3,0,0,3,0.0,0.0,0.0,0.0,0.0,1.0,-1
"F[2,2](((WeightKg <= 67.709 & AlbCreatRat_mggNew <= 0.000) | UnitsInsBasalOrLongAct >= 0.000) & Pt_SiblingT1D <= 0.000)
",0.000,0.000,0.000,0.000,1.000,0,0,0,3,3,0,0,3,0.0,0.0,0.0,0.0,0.0,1.0,-1
"F[1,2]((bmiPerc >= 0.919 & AutonomicNeuroCl <= 0.000) & HeightCm >= 0.000)
",-9999999.000,-9999999.000,0.000,0.000,1.000,0,0,0,3,3,0,0,3,0.0,0.0,0.0,0.0,0.0,1.0,-1
"F[2,2](((HbA1c <= 11.187 -> bmiPerc <= 0.933) | HbA1c >= 0.925) | AutonomicNeuroCl <= 0.950)
",0.950,0.950,0.000,0.000,1.000,0,0,0,3,3,0,0,3,0.0,0.0,0.0,0.0,0.0,1.0,-1
"G[2,2]((bmi <= 27.508 -> bmiZscore <= 1.649) | WeightKg >= 1.137)
",-1.137,-1.137,0.000,1.000,0.000,0,0,3,0,0,3,3,0,0.0,0.0,1.0,0.0,0.0,1.0,1
"G[1,2]((BldPrDia <= 73.208 & bmiPerc >= 0.908) | TotalDailyInsPerKg <= 0.951)
",9999999.000,9999999.000,0.000,1.000,0.000,0,0,3,0,0,3,3,0,0.0,0.0,1.0,0.0,0.0,1.0,1
"G[1,2](BGTestAvgNumPtRep >= 0.994 & Pt_A1cGoalLev <= 3.356)
",9999999.000,9999999.000,0.000,1.000,0.000,0,0,0,3,3,0,0,3,0.0,0.0,0.0,0.0,0.0,1.0,1
"G[0,2](BldPrDia < 74.700 -> Pt_SHFlg = 0.000)
",9999999.000,9999999.000,0.000,1.000,0.000,0,0,3,0,0,3,3,0,0.0,0.0,1.0,0.0,0.0,1.0,1
"G[0,2](Pt_FatherT1D > 0.000 -> Pt_SHFlg = 0.000)
",9999999.000,9999999.000,0.000,1.000,0.000,0,0,3,0,0,3,3,0,0.0,0.0,1.0,0.0,0.0,1.0,1
"G[0,1]((BGTestAvgNumMeter <= 3.881 | NumPumpBolusOrShortAct >= 2.026) -> Pt_SiblingT1D >= 0.193)
",9999999.000,9999999.000,0.000,1.000,0.000,0,0,0,3,3,0,0,3,0.0,0.0,0.0,0.0,0.0,1.0,1
"G[2,2]((TotalDailyInsPerKg <= 0.551 -> GFR <= 0.000) -> BGTestAvgNumMeter <= 0.000)
",0.000,0.000,0.000,1.000,0.000,0,0,3,0,0,3,3,0,0.0,0.0,1.0,0.0,0.0,1.0,1
"G[2,2](((BldPrSys <= 114.883 & Pt_SiblingT1D >= 0.000) | AutonomicNeuroCl >= 0.000) & bmiPerc >= 0.000)
",0.000,0.000,0.000,1.000,0.000,0,0,3,0,0,3,3,0,0.0,0.0,1.0,0.0,0.0,1.0,1
"G[1,2](((HbA1cImputeDtMnC <= 36.171 | UnitsInsBasalOrLongAct <= 28.294) | BldPrDia <= 18.910) | Pt_GrandparentT1D >= 12.632)
",9999999.000,9999999.000,0.000,1.000,0.000,0,0,2,1,1,2,2,1,0.0,0.0,1.0,0.0,0.0,1.0,1
"G[1,2]((HbA1c >= 9.560 | Pt_InsGov >= 0.320) & diabDur <= 0.595)
",9999999.000,9999999.000,0.000,1.000,0.000,0,0,0,3,3,0,0,3,0.0,0.0,0.0,0.0,0.0,1.0,1
"G[1,2](GFR >= 0.000 & HbA1cImputeDtMnC <= 52.780)
",9999999.000,9999999.000,0.000,1.000,0.000,0,0,2,1,1,2,2,1,0.0,0.0,1.0,0.0,0.0,1.0,1
"G[0,2]((bmiZscore <= 1.657 | DirectLDL <= 0.000) | Pt_GrandparentT1D >= 0.000)
",9999999.000,9999999.000,0.000,1.000,0.000,0,0,3,0,0,3,3,0,0.0,0.0,1.0,0.0,0.0,1.0,1
"G[0,2](HeightCm >= 156.425 -> BUN <= 12.961)
",9999999.000,9999999.000,0.000,1.000,0.000,0,0,2,1,1,2,2,1,0.0,0.0,1.0,0.0,0.0,1.0,1
"G[0,1](GFR <= 0.000 -> BUN >= 1.554)
",9999999.000,9999999.000,0.000,1.000,0.000,0,0,0,3,3,0,0,3,0.0,0.0,0.0,0.0,0.0,1.0,1
"G[1,2]((bmiPerc <= 0.942 | Pt_DKAFlg >= 0.082) | BldPrDia >= 0.014)
",9999999.000,9999999.000,0.000,1.000,0.000,0,0,3,0,0,3,3,0,0.0,0.0,1.0,0.0,0.0,1.0,1
"G[1,2]((WeightKg >= 62.162 | bmi >= 23.567) -> UnitsInsBasalOrLongAct <= 23.722)
",9999999.000,9999999.000,0.000,1.000,0.000,0,0,1,2,2,1,1,2,0.0,0.0,1.0,0.0,0.0,1.0,1
"G[1,2](SMBGperDayPtMeterCombo >= 0.145 & BGTestAvgNumPtRep >= 0.933)
",9999999.000,9999999.000,0.000,1.000,0.000,0,0,1,2,2,1,1,2,0.0,0.0,1.0,0.0,0.0,1.0,1
"G[2,2](GFR <= 0.000 -> BUN >= 0.446)
",0.000,0.000,0.000,1.000,0.000,0,0,3,0,0,3,3,0,0.0,0.0,1.0,0.0,0.0,1.0,1
"G[1,2](LDL <= 58.632 -> Triglyc >= 23.845)
",9999999.000,9999999.000,0.000,1.000,0.000,0,0,2,1,1,2,2,1,0.0,0.0,1.0,0.0,0.0,1.0,1
"G[1,2](SMBGperDayPtMeterCombo >= 1.671 & BGTestAvgNumPtRep >= 0.851)
",9999999.000,9999999.000,0.000,1.000,0.000,0,0,1,2,2,1,1,2,0.0,0.0,1.0,0.0,0.0,1.0,1
"G[1,2](WeightKg >= 58.900 | Pt_InsGov >= 0.046)
",9999999.000,9999999.000,0.000,1.000,0.000,0,0,3,0,0,3,3,0,0.0,0.0,1.0,0.0,0.0,1.0,1
"G[0,2](HbA1c >= 9.665 | NumPumpBolusOrShortAct >= 2.138)
",9999999.000,9999999.000,0.000,1.000,0.000,0,0,3,0,0,3,3,0,0.0,0.0,1.0,0.0,0.0,1.0,1
"G[0,1](((BGTestAvgNumPtRep >= 1.575 | HbA1cImputeDtMnC <= 60.973) & Pt_GrandchildT1D <= 61.614) & BGTestAvgNumPtRep >= 15.817)
",9999999.000,9999999.000,0.000,1.000,0.000,0,0,0,3,3,0,0,3,0.0,0.0,0.0,0.0,0.0,1.0,1
"G[2,2](((WeightKg >= 54.213 -> Pt_A1cGoalLev >= 0.779) & BUN >= 0.156) | Pt_GrandchildT1D >= 0.191)
",-0.156,-0.156,0.000,1.000,0.000,0,0,3,0,0,3,3,0,0.0,0.0,1.0,0.0,0.0,1.0,1
"G[0,2](bmiZscore <= 1.766 & Pt_SHFlg = 0.000)
",9999999.000,9999999.000,0.000,1.000,0.000,0,0,2,1,1,2,2,1,0.0,0.0,1.0,0.0,0.0,1.0,1
"G[2,2](LDL <= 54.656 | UnitsInsBasalOrLongAct <= 29.720)
",54.656,54.656,0.000,1.000,0.000,0,0,3,0,0,3,3,0,0.0,0.0,1.0,0.0,0.0,1.0,1
"G[0,1]((bmiZscore <= 1.620 & UnitsInsBasalOrLongAct >= 0.736) & HbA1c >= 12.728)
",9999999.000,9999999.000,0.000,1.000,0.000,0,0,0,3,3,0,0,3,0.0,0.0,0.0,0.0,0.0,1.0,1
"G[1,2](SMBGperDayPtMeterCombo < 3.007 -> Pt_SHFlg = 0.000)
",9999999.000,9999999.000,0.000,1.000,0.000,0,0,3,0,0,3,3,0,0.0,0.0,1.0,0.0,0.0,1.0,1
"G[0,1](Pt_SHFlg > 0.000 & Pt_SHFlg = 0.000)
",9999999.000,9999999.000,0.000,1.000,0.000,0,0,0,3,3,0,0,3,0.0,0.0,0.0,0.0,0.0,1.0,1
"G[0,2]((TotChol >= 53.136 & TSH >= 0.199) | WeightKg >= 0.165)
",9999999.000,9999999.000,0.000,1.000,0.000,0,0,3,0,0,3,3,0,0.0,0.0,1.0,0.0,0.0,1.0,1
"G[0,2](age >= 12.811 & BldPrSys >= 113.052)
",9999999.000,9999999.000,0.000,1.000,0.000,0,0,2,1,1,2,2,1,0.0,0.0,1.0,0.0,0.0,1.0,1
"G[0,2]((LDL <= 56.106 | TotalDailyInsPerKg >= 0.225) & LDL >= 0.225)
",9999999.000,9999999.000,0.000,1.000,0.000,0,0,0,3,3,0,0,3,0.0,0.0,0.0,0.0,0.0,1.0,1
"G[0,2](TSH > 0.168 -> Pt_SHFlg = 0.000)
",9999999.000,9999999.000,0.000,1.000,0.000,0,0,3,0,0,3,3,0,0.0,0.0,1.0,0.0,0.0,1.0,1
"G[2,2](NumPumpBolusOrShortAct >= 0.346 -> TotalDailyInsPerKg >= 0.086)
",0.086,0.086,0.000,1.000,0.000,0,0,3,0,0,3,3,0,0.0,0.0,1.0,0.0,0.0,1.0,1
"G[0,2](Pt_GrandparentT1D >= 0.065 -> Pt_SHFlg = 0.000)
",9999999.000,9999999.000,0.000,1.000,0.000,0,0,3,0,0,3,3,0,0.0,0.0,1.0,0.0,0.0,1.0,1
"G[0,2](TSH >= 0.167 | WeightKg <= 67.271)
",9999999.000,9999999.000,0.000,1.000,0.000,0,0,1,2,2,1,1,2,0.0,0.0,1.0,0.0,0.0,1.0,1
"G[2,2]((BUN <= 11.107 & NumPumpBolusOrShortAct >= 0.676) & Pt_A1cGoalLevelDsYr5 <= 3.853)
",-0.676,-0.676,0.000,1.000,0.000,0,0,3,0,0,3,3,0,0.0,0.0,1.0,0.0,0.0,1.0,1
"G[2,2]((bmiPerc >= 0.874 & NumPumpBolusOrShortAct <= 5.356) -> DirectLDL >= 1.179)
",7874991428897765.000,0.874,0.000,1.000,0.000,0,0,3,0,0,3,3,0,0.0,0.0,1.0,0.0,0.0,1.0,1
"G[1,2](bmi >= 23.164 & TSH >= 0.238)
",9999999.000,9999999.000,0.000,1.000,0.000,0,0,2,1,1,2,2,1,0.0,0.0,1.0,0.0,0.0,1.0,1
"G[1,2]((BUN <= 2.569 | Pt_InsGov >= 0.156) & BUN <= 0.452)
",9999999.000,9999999.000,0.000,1.000,0.000,0,0,2,1,1,2,2,1,0.0,0.0,1.0,0.0,0.0,1.0,1
"G[0,1](((bmiPerc <= 0.955 -> HbA1cImputeDtMnC <= 41.203) -> GFR >= 26.253) & HbA1cImputeDtMnC <= 54.014)
",9999999.000,9999999.000,0.000,1.000,0.000,0,0,0,3,3,0,0,3,0.0,0.0,0.0,0.0,0.0,1.0,1
"G[1,2]((HeightCm >= 157.731 & Pt_DKAFlg <= 0.764) -> BUN <= 0.179)
",9999999.000,9999999.000,0.000,1.000,0.000,0,0,2,1,1,2,2,1,0.0,0.0,1.0,0.0,0.0,1.0,1
"G[0,2](HbA1c >= 9.677 -> HDL <= 65.208)
",9999999.000,9999999.000,0.000,1.000,0.000,0,0,1,2,2,1,1,2,0.0,0.0,1.0,0.0,0.0,1.0,1
"G[1,2]((Pt_GrandparentT1D >= 0.057 | Triglyc <= 66.791) & AutonomicNeuroCl >= 30.502)
",9999999.000,9999999.000,0.000,1.000,0.000,0,0,0,3,3,0,0,3,0.0,0.0,0.0,0.0,0.0,1.0,1
"G[0,2]((bmiPerc >= 0.918 -> Pt_InsGov <= 0.948) -> WeightKg >= 0.012)
",9999999.000,9999999.000,0.000,1.000,0.000,0,0,3,0,0,3,3,0,0.0,0.0,1.0,0.0,0.0,1.0,1
"G[0,2](bmiPerc > 0.881 -> Pt_SHFlg = 0.000)
",9999999.000,9999999.000,0.000,1.000,0.000,0,0,3,0,0,3,3,0,0.0,0.0,1.0,0.0,0.0,1.0,1
"G[2,2](LDL >= 33.919 | NumPumpBolusOrShortAct >= 1.145)
",-1.145,-1.145,0.000,1.000,0.000,0,0,3,0,0,3,3,0,0.0,0.0,1.0,0.0,0.0,1.0,1
"G[2,2](GFR <= 0.000 -> BUN >= 1.772)
",0.000,0.000,0.000,1.000,0.000,0,0,3,0,0,3,3,0,0.0,0.0,1.0,0.0,0.0,1.0,1
"G[0,2]((BldPrSys >= 110.824 & HeightCm <= 159.718) | SMBGperDayPtMeterCombo >= 156.314)
",9999999.000,9999999.000,0.000,1.000,0.000,0,0,1,2,2,1,1,2,0.0,0.0,1.0,0.0,0.0,1.0,1
"G[0,2](TotChol >= 8.728 & UnitsInsBasalOrLongAct <= 28.963)
",9999999.000,9999999.000,0.000,1.000,0.000,0,0,0,3,3,0,0,3,0.0,0.0,0.0,0.0,0.0,1.0,1
"G[0,2](bmiPerc >= 0.886 | DirectLDL >= 0.000)
",9999999.000,9999999.000,0.000,1.000,0.000,0,0,3,0,0,3,3,0,0.0,0.0,1.0,0.0,0.0,1.0,1
"G[0,1](GFR <= 0.000 -> BUN >= 1.922)
",9999999.000,9999999.000,0.000,1.000,0.000,0,0,0,3,3,0,0,3,0.0,0.0,0.0,0.0,0.0,1.0,1
"G[1,2]((UnitsInsBasalOrLongAct <= 29.480 & diabDur <= 5.309) | WeightKg >= 3.752)
",9999999.000,9999999.000,0.000,1.000,0.000,0,0,3,0,0,3,3,0,0.0,0.0,1.0,0.0,0.0,1.0,1
"G[2,2](((BldPrDia >= 63.723 | Pt_InsGov <= 0.745) -> Pt_CGMUseNumDays >= 0.156) | BldPrSys >= 0.099)
",-7154933247149771.000,-0.099,0.000,1.000,0.000,0,0,3,0,0,3,3,0,0.0,0.0,1.0,0.0,0.0,1.0,1
"G[0,2]((TSH <= 1.111 & Pt_SHFlg >= 0.000) & HbA1c >= 0.000)
",9999999.000,9999999.000,0.000,1.000,0.000,0,0,2,1,1,2,2,1,0.0,0.0,1.0,0.0,0.0,1.0,1
"G[1,2](SMBGperDayPtMeterCombo <= 2.857 -> bmi <= 26.672)
",9999999.000,9999999.000,0.000,1.000,0.000,0,0,2,1,1,2,2,1,0.0,0.0,1.0,0.0,0.0,1.0,1
"G[0,2]((HbA1cImputeDtMnC >= 33.351 | UnitsInsBasalOrLongAct <= 22.094) | TotChol >= 16.448)
",9999999.000,9999999.000,0.000,1.000,0.000,0,0,2,1,1,2,2,1,0.0,0.0,1.0,0.0,0.0,1.0,1
"G[0,2](Pt_SiblingT1D <= 0.000 | HeightCm <= 160.234)
",9999999.000,9999999.000,0.000,1.000,0.000,0,0,3,0,0,3,3,0,0.0,0.0,1.0,0.0,0.0,1.0,1
"G[1,2](BGTestAvgNumPtRep <= 4.635 & HbA1cImputeDtMnC >= 20.423)
",9999999.000,9999999.000,0.000,1.000,0.000,0,0,2,1,1,2,2,1,0.0,0.0,1.0,0.0,0.0,1.0,1
"G[2,2](SMBGperDayPtMeterCombo >= 2.081 & BGTestAvgNumPtRep >= 1.210)
",-2.081,-2.081,0.000,1.000,0.000,0,0,3,0,0,3,3,0,0.0,0.0,1.0,0.0,0.0,1.0,1
"G[1,2]((BldPrSys <= 114.817 | Pt_FatherT1D <= 0.000) | Pt_FatherT1D <= 0.000)
",9999999.000,9999999.000,0.000,1.000,0.000,0,0,3,0,0,3,3,0,0.0,0.0,1.0,0.0,0.0,1.0,1
"G[0,2](Pt_DKAFlg <= 0.730 | Pt_GrandchildT1D >= 0.000)
",9999999.000,9999999.000,0.000,1.000,0.000,0,0,3,0,0,3,3,0,0.0,0.0,1.0,0.0,0.0,1.0,1
"G[0,1](((BGTestAvgNumMeter >= 2.275 | HeightCm >= 154.082) & age >= 156.190) & BldPrDia >= 154.286)
",9999999.000,9999999.000,0.000,1.000,0.000,0,0,0,3,3,0,0,3,0.0,0.0,0.0,0.0,0.0,1.0,1
"G[1,2]((TotalDailyInsPerKg <= 0.307 -> SMBGperDayPtMeterCombo >= 0.293) | Pt_GrandparentT1D <= 3.946)
",9999999.000,9999999.000,0.000,1.000,0.000,0,0,3,0,0,3,3,0,0.0,0.0,1.0,0.0,0.0,1.0,1
"G[0,2](LDL <= 68.906 -> Pt_GrandparentT1D <= 0.226)
",9999999.000,9999999.000,0.000,1.000,0.000,0,0,2,1,1,2,2,1,0.0,0.0,1.0,0.0,0.0,1.0,1
"G[2,2](Pt_MotherT1D >= 0.000 & HbA1cImputeDtMnC >= 23.656)
",-23.656,-23.656,0.000,1.000,0.000,0,0,3,0,0,3,3,0,0.0,0.0,1.0,0.0,0.0,1.0,1
"G[0,2](age >= 12.658 | DirectLDL >= 0.000)
",9999999.000,9999999.000,0.000,1.000,0.000,0,0,3,0,0,3,3,0,0.0,0.0,1.0,0.0,0.0,1.0,1
"G[1,2]((age <= 15.579 -> Pt_InsGov <= 0.848) & Pt_A1cGoalLevelDsYr5 >= 0.257)
",9999999.000,9999999.000,0.000,1.000,0.000,0,0,0,3,3,0,0,3,0.0,0.0,0.0,0.0,0.0,1.0,1
"G[1,2](((Pt_SiblingT1D >= 0.000 | TSH <= 1.743) & Pt_A1cGoalLev >= 0.522) -> BUN <= 2.161)
",9999999.000,9999999.000,0.000,1.000,0.000,0,0,3,0,0,3,3,0,0.0,0.0,1.0,0.0,0.0,1.0,1
"G[0,2](((bmiZscore <= 1.729 & BGTestAvgNumPtRep >= 1.611) | Pt_CGMUseNumDays >= 1.367) | BldPrDia >= 0.372)
",9999999.000,9999999.000,0.000,1.000,0.000,0,0,3,0,0,3,3,0,0.0,0.0,1.0,0.0,0.0,1.0,1
"G[0,0](((bmiPerc <= 0.945 & BUN <= 3.594) & TotalDailyInsPerKg >= 1.176) & DirectLDL <= 7.295)
",-47.853,-150.685,0.000,1.000,0.000,0,0,0,3,3,0,0,3,0.0,0.0,0.0,0.0,0.0,1.0,1
"G[0,1](GFR <= 0.000 -> BUN >= 0.970)
",9999999.000,9999999.000,0.000,1.000,0.000,0,0,0,3,3,0,0,3,0.0,0.0,0.0,0.0,0.0,1.0,1
"G[1,2]((WeightKg >= 59.014 | bmi >= 23.538) -> UnitsInsBasalOrLongAct <= 20.177)
",9999999.000,9999999.000,0.000,1.000,0.000,0,0,1,2,2,1,1,2,0.0,0.0,1.0,0.0,0.0,1.0,1
"G[2,2](((TotalDailyInsPerKg <= 0.397 -> BGTestAvgNumMeter >= 1.353) -> HbA1cImputeDtMnC >= 0.044) | Pt_GrandchildT1D <= 3.716)
",3.716,3.716,0.000,1.000,0.000,0,0,3,0,0,3,3,0,0.0,0.0,1.0,0.0,0.0,1.0,1
"G[0,2]((WeightKg >= 61.446 | bmi >= 24.054) -> UnitsInsBasalOrLongAct <= 23.260)
",9999999.000,9999999.000,0.000,1.000,0.000,0,0,1,2,2,1,1,2,0.0,0.0,1.0,0.0,0.0,1.0,1
"G[0,1]((Pt_A1cGoalLev <= 6.057 | bmi >= 25.171) & diabDur >= 24.199)
",9999999.000,9999999.000,0.000,1.000,0.000,0,0,0,3,3,0,0,3,0.0,0.0,0.0,0.0,0.0,1.0,1
"G[2,2]((HDL <= 41.989 | Pt_CGMUseNumDays >= 0.000) | TSH <= 0.000)
",41.989,41.989,0.000,1.000,0.000,0,0,3,0,0,3,3,0,0.0,0.0,1.0,0.0,0.0,1.0,1
"G[0,2](((Pt_DKAFlg <= 0.939 | Triglyc <= 65.292) -> bmiZscore <= 62.939) & Pt_DKAFlg <= 51.541)
",9999999.000,9999999.000,0.000,1.000,0.000,0,0,3,0,0,3,3,0,0.0,0.0,1.0,0.0,0.0,1.0,1
"G[1,2](((AlbCreatRat_mggNew <= 0.000 | TotalDailyInsPerKg >= 0.032) | Pt_GrandchildT1D >= 0.189) | bmiPerc >= 0.109)
",9999999.000,9999999.000,0.000,1.000,0.000,0,0,3,0,0,3,3,0,0.0,0.0,1.0,0.0,0.0,1.0,1
"G[2,2](GFR <= 0.000 -> BUN >= 2.157)
",0.000,0.000,0.000,1.000,0.000,0,0,3,0,0,3,3,0,0.0,0.0,1.0,0.0,0.0,1.0,1
"G[1,2](((TotChol <= 113.192 | NumPumpBolusOrShortAct <= 5.451) -> Triglyc >= 1.429) & diabDur >= 1.357)
",9999999.000,9999999.000,0.000,1.000,0.000,0,0,2,1,1,2,2,1,0.0,0.0,1.0,0.0,0.0,1.0,1
"G[2,2]((HbA1cImputeDtMnC <= 69.481 -> TSH >= 0.096) -> UnitsInsBasalOrLongAct <= 2.002)
",-2.002,-2.002,0.000,1.000,0.000,0,0,3,0,0,3,3,0,0.0,0.0,1.0,0.0,0.0,1.0,1
"G[1,2](((HDL >= 22.773 & TotChol <= 166.033) | Pt_ChildT1D >= 86.445) -> diagAgeCombo >= 12.104)
",9999999.000,9999999.000,0.000,1.000,0.000,0,0,2,1,1,2,2,1,0.0,0.0,1.0,0.0,0.0,1.0,1
"G[2,2]((AutonomicNeuroCl >= 0.000 -> age <= 16.011) & BGTestAvgNumMeter <= 16.714)
",-16.011,-16.011,0.000,1.000,0.000,0,0,3,0,0,3,3,0,0.0,0.0,1.0,0.0,0.0,1.0,1
"G[0,1](((HbA1c <= 10.784 -> UnitsInsBasalOrLongAct >= 2.094) -> TSH <= 21.306) & NumPumpBolusOrShortAct >= 14.707)
",9999999.000,9999999.000,0.000,1.000,0.000,0,0,0,3,3,0,0,3,0.0,0.0,0.0,0.0,0.0,1.0,1
"G[0,2]((HbA1c >= 9.764 -> HbA1cImputeDtMnC <= 59.992) & UnitsInsBasalOrLongAct <= 49.971)
",9999999.000,9999999.000,0.000,1.000,0.000,0,0,2,1,1,2,2,1,0.0,0.0,1.0,0.0,0.0,1.0,1
"G[2,2](TSH >= 0.490 -> bmiZscore <= 1.634)
",-1.634,-1.634,0.000,1.000,0.000,0,0,3,0,0,3,3,0,0.0,0.0,1.0,0.0,0.0,1.0,1
"G[0,0](((HDL <= 64.886 & diagAgeCombo <= 9.000) | BGTestAvgNumMeter <= 9.000) -> Pt_FatherT1D >= 9.000)
",0.354,3.000,0.000,1.000,0.000,0,0,0,3,3,0,0,3,0.0,0.0,0.0,0.0,0.0,1.0,1
"G[0,2](Pt_GrandchildT1D >= 0.000 | bmiZscore <= 1.627)
",9999999.000,9999999.000,0.000,1.000,0.000,0,0,3,0,0,3,3,0,0.0,0.0,1.0,0.0,0.0,1.0,1
"G[0,2]((bmiZscore <= 1.710 | diabDur >= 2.360) | BldPrSys <= 4.551)
",9999999.000,9999999.000,0.000,1.000,0.000,0,0,2,1,1,2,2,1,0.0,0.0,1.0,0.0,0.0,1.0,1
"G[0,0](((AutonomicNeuroCl >= 0.000 | SMBGperDayPtMeterCombo >= 2.330) & TotalDailyInsPerKg >= 1.834) & BUN >= 2.323)
",1.003,2.166,0.000,1.000,0.000,0,0,0,3,3,0,0,3,0.0,0.0,0.0,0.0,0.0,1.0,1
"G[0,1](BldPrDia >= 64.679 & UnitsInsBasalOrLongAct <= 23.023)
",9999999.000,9999999.000,0.000,1.000,0.000,0,0,0,3,3,0,0,3,0.0,0.0,0.0,0.0,0.0,1.0,1
"G[1,2]((WeightKg >= 56.057 | bmi >= 25.718) -> UnitsInsBasalOrLongAct <= 26.875)
",9999999.000,9999999.000,0.000,1.000,0.000,0,0,2,1,1,2,2,1,0.0,0.0,1.0,0.0,0.0,1.0,1
"G[2,2](((age <= 16.662 & DirectLDL <= 0.000) & Pt_SiblingT1D >= 0.000) | Pt_GrandchildT1D <= 0.000)
",0.000,0.000,0.000,1.000,0.000,0,0,3,0,0,3,3,0,0.0,0.0,1.0,0.0,0.0,1.0,1
"G[0,2](HeightCm >= 154.531 & NumPumpBolusOrShortAct <= 3.719)
",9999999.000,9999999.000,0.000,1.000,0.000,0,0,2,1,1,2,2,1,0.0,0.0,1.0,0.0,0.0,1.0,1
"G[0,1](((TotChol <= 144.353 & Pt_SHFlg <= 0.000) & TotalDailyInsPerKg >= 0.000) & NumPumpBolusOrShortAct <= 0.000)
",9999999.000,9999999.000,0.000,1.000,0.000,0,0,0,3,3,0,0,3,0.0,0.0,0.0,0.0,0.0,1.0,1
"G[1,1](UnitsInsBasalOrLongAct <= 23.127 & BldPrDia >= 67.695)
",-67.695,-67.695,0.000,1.000,0.000,0,0,0,3,3,0,0,3,0.0,0.0,0.0,0.0,0.0,1.0,1
"G[0,1]((Pt_GrandchildT1D >= 0.000 & bmiPerc <= 0.938) & AutonomicNeuroCl >= 0.905)
",9999999.000,9999999.000,0.000,1.000,0.000,0,0,0,3,3,0,0,3,0.0,0.0,0.0,0.0,0.0,1.0,1
"G[1,2](BUN <= 2.939 -> age >= 13.456)
",9999999.000,9999999.000,0.000,1.000,0.000,0,0,2,1,1,2,2,1,0.0,0.0,1.0,0.0,0.0,1.0,1
"G[0,1]((HeightCm >= 155.345 | Pt_A1cGoalLev >= 0.849) & HeightCm <= 5.920)
",9999999.000,9999999.000,0.000,1.000,0.000,0,0,0,3,3,0,0,3,0.0,0.0,0.0,0.0,0.0,1.0,1
"G[1,2](((BldPrDia >= 68.370 | diabDur >= 1.203) & WeightKg >= 1.896) | UnitsInsBasalOrLongAct >= 3.666)
",9999999.000,9999999.000,0.000,1.000,0.000,0,0,3,0,0,3,3,0,0.0,0.0,1.0,0.0,0.0,1.0,1
"G[0,2]((Pt_SiblingT1D <= 0.000 | age >= 11.617) -> HbA1c <= 14.094)
",9999999.000,9999999.000,0.000,1.000,0.000,0,0,3,0,0,3,3,0,0.0,0.0,1.0,0.0,0.0,1.0,1
"G[1,2](SMBGperDayPtMeterCombo >= 1.924 -> Triglyc >= 40.779)
",9999999.000,9999999.000,0.000,1.000,0.000,0,0,2,1,1,2,2,1,0.0,0.0,1.0,0.0,0.0,1.0,1
"G[0,2](((HbA1cImputeDtMnC >= 18.713 -> TotChol >= 11.270) | bmiZscore <= 161.023) -> AlbCreatRat_mggNew >= 49.022)
",9999999.000,9999999.000,0.000,1.000,0.000,0,0,0,3,3,0,0,3,0.0,0.0,0.0,0.0,0.0,1.0,1
"((BldPrDia <= 71.725) U[2,2] (HeightCm <= 160.660))
",160.660,160.660,0.000,0.000,1.000,0,0,0,3,3,0,0,3,0.0,0.0,0.0,0.0,0.0,1.0,-1
"G[2,2](((bmiZscore <= 1.546 & HbA1c >= 9.767) & bmiZscore <= 10.628) | Pt_DKAFlg <= 10.624)
",10.624,10.624,0.000,1.000,0.000,0,0,3,0,0,3,3,0,0.0,0.0,1.0,0.0,0.0,1.0,1
"((Pt_ChildT1D >= 0.000) U[1,2] (TotChol <= 160.157))
",-9999999.000,-9999999.000,0.000,0.000,1.000,0,0,0,3,3,0,0,3,0.0,0.0,0.0,0.0,0.0,1.0,-1
"F[0,1]((BGTestAvgNumPtRep <= 4.984 & BUN >= 0.654) | Pt_A1cGoalLevelDsYr5 <= 9.489)
",-9999999.000,-9999999.000,0.000,0.000,1.000,0,0,0,3,3,0,0,3,0.0,0.0,0.0,0.0,0.0,1.0,-1
"((HbA1c >= 9.941) U[0,2] (bmiZscore >= 1.313))
",-9999999.000,-9999999.000,0.000,0.000,1.000,0,0,0,3,3,0,0,3,0.0,0.0,0.0,0.0,0.0,1.0,-1
"F[0,2]((bmi >= 24.452 | HDL >= 39.512) -> BUN <= 61.348)
",-9999999.000,-9999999.000,0.000,0.000,1.000,0,0,0,3,3,0,0,3,0.0,0.0,0.0,0.0,0.0,1.0,-1
"F[2,2](((WeightKg >= 62.811 & TSH <= 1.495) -> Pt_MotherT1D >= 0.106) & Pt_MotherT1D >= 0.196)
",-0.196,-0.196,0.000,0.000,1.000,0,0,0,3,3,0,0,3,0.0,0.0,0.0,0.0,0.0,1.0,-1
"((GFR >= 0.000) U[0,0] (AlbCreatRat_mggNew >= 0.000))
",9.377,1.481,0.000,0.000,1.000,0,0,0,3,3,0,0,3,0.0,0.0,0.0,0.0,0.0,1.0,-1
"F[0,2]((AlbCreatRat_mggNew >= 0.000 | NumPumpBolusOrShortAct >= 1.577) | bmiPerc <= 5.812)
",-9999999.000,-9999999.000,0.000,0.000,1.000,0,0,0,3,3,0,0,3,0.0,0.0,0.0,0.0,0.0,1.0,-1
"((Pt_ChildT1D >= 0.000) U[1,2] (TotalDailyInsPerKg >= 0.204))
",-9999999.000,-9999999.000,0.000,0.000,1.000,0,0,0,3,3,0,0,3,0.0,0.0,0.0,0.0,0.0,1.0,-1
"F[0,1](HDL >= 39.564 -> UnitsInsBasalOrLongAct >= 14.245)
",-9999999.000,-9999999.000,0.000,0.000,1.000,0,0,0,3,3,0,0,3,0.0,0.0,0.0,0.0,0.0,1.0,-1
"G[1,2](HbA1cImputeDtMnC >= 33.574 -> Pt_A1cGoalLevelDsYr5 >= 0.000)
",9999999.000,9999999.000,0.000,1.000,0.000,0,0,3,0,0,3,3,0,0.0,0.0,1.0,0.0,0.0,1.0,1
"F[1,2](Pt_MotherT1D <= 0.000 -> bmi <= 28.535)
",-9999999.000,-9999999.000,0.000,0.000,1.000,0,0,0,3,3,0,0,3,0.0,0.0,0.0,0.0,0.0,1.0,-1
"F[2,2]((bmi <= 27.040 | Pt_A1cGoalLev <= 7.058) & AlbCreatRat_mggNew >= 0.808)
",-0.808,-0.808,0.000,0.000,1.000,0,0,0,3,3,0,0,3,0.0,0.0,0.0,0.0,0.0,1.0,-1
"((LDL <= 77.364) U[0,1] (WeightKg >= 54.373))
",-9999999.000,-9999999.000,0.000,0.000,1.000,0,0,0,3,3,0,0,3,0.0,0.0,0.0,0.0,0.0,1.0,-1
"F[0,2](((age <= 14.677 & bmi >= 24.708) & bmiZscore <= 27.556) | HbA1cImputeDtMnC >= 25.476)
",-9999999.000,-9999999.000,0.000,0.000,1.000,0,0,0,3,3,0,0,3,0.0,0.0,0.0,0.0,0.0,1.0,-1
"F[0,2](((BldPrSys <= 115.583 & bmi <= 27.983) -> Pt_FatherT1D >= 24.187) | bmi >= 23.729)
",-9999999.000,-9999999.000,0.000,0.000,1.000,0,0,0,3,3,0,0,3,0.0,0.0,0.0,0.0,0.0,1.0,-1
"F[1,2](HDL <= 45.664 | Pt_GrandchildT1D <= 0.000)
",-9999999.000,-9999999.000,0.000,0.000,1.000,0,0,0,3,3,0,0,3,0.0,0.0,0.0,0.0,0.0,1.0,-1
"F[0,2]((Pt_FatherT1D >= 0.000 | BGTestAvgNumPtRep <= 6.761) | HbA1c >= 1.346)
",-9999999.000,-9999999.000,0.000,0.000,1.000,0,0,0,3,3,0,0,3,0.0,0.0,0.0,0.0,0.0,1.0,-1
"((UnitsInsBasalOrLongAct <= 22.951) U[0,1] (BldPrDia >= 68.949))
",-9999999.000,-9999999.000,0.000,0.000,1.000,0,0,0,3,3,0,0,3,0.0,0.0,0.0,0.0,0.0,1.0,-1
"F[0,0]((BGTestAvgNumMeter >= 1.877 & bmiZscore <= 1.551) | Pt_A1cGoalLev <= 1.702)
",-0.181,-0.213,0.000,0.000,1.000,0,0,0,3,3,0,0,3,0.0,0.0,0.0,0.0,0.0,1.0,-1
"F[0,2]((Pt_FatherT1D <= 0.000 & Pt_GrandchildT1D <= 0.000) | bmiPerc >= 0.000)
",-9999999.000,-9999999.000,0.000,0.000,1.000,0,0,0,3,3,0,0,3,0.0,0.0,0.0,0.0,0.0,1.0,-1
"F[1,2](((HbA1c <= 10.843 -> TSH >= 0.500) | diabDur >= 0.185) -> LDL <= 1.704)
",-9999999.000,-9999999.000,0.000,0.000,1.000,0,0,0,3,3,0,0,3,0.0,0.0,0.0,0.0,0.0,1.0,-1
"F[1,1](WeightKg >= 61.273 & WeightKg >= 60.298)
",-61.273,-61.273,0.000,0.000,1.000,0,0,0,3,3,0,0,3,0.0,0.0,0.0,0.0,0.0,1.0,-1
"F[0,2](((BUN <= 9.887 & Pt_DKAFlg >= 0.129) & BGTestAvgNumPtRep >= 0.032) | HeightCm <= 0.634)
",-9999999.000,-9999999.000,0.000,0.000,1.000,0,0,0,3,3,0,0,3,0.0,0.0,0.0,0.0,0.0,1.0,-1
"F[1,2](((Pt_A1cGoalLev >= 0.606 & BldPrDia <= 73.739) & NumPumpBolusOrShortAct >= 64.244) & Pt_A1cGoalLev <= 71.974)
",-9999999.000,-9999999.000,0.000,0.000,1.000,0,0,0,3,3,0,0,3,0.0,0.0,0.0,0.0,0.0,1.0,-1
"((Pt_SHFlg >= 0.000) U[0,0] (Pt_DKAFlg <= 0.837))
",1.428,33.485,0.000,0.000,1.000,0,0,0,3,3,0,0,3,0.0,0.0,0.0,0.0,0.0,1.0,-1
"((Pt_A1cGoalLev >= 0.700) U[0,2] (AlbCreatRat_mggNew <= 0.000))
",-9999999.000,-9999999.000,0.000,0.000,1.000,0,0,0,3,3,0,0,3,0.0,0.0,0.0,0.0,0.0,1.0,-1
"F[0,2](bmiZscore >= 1.182 | SMBGperDayPtMeterCombo <= 3.278)
",-9999999.000,-9999999.000,0.000,0.000,1.000,0,0,0,3,3,0,0,3,0.0,0.0,0.0,0.0,0.0,1.0,-1
"((BUN <= 9.425) U[0,2] (Pt_ChildT1D >= 0.000))
",-9999999.000,-9999999.000,0.000,0.000,1.000,0,0,0,3,3,0,0,3,0.0,0.0,0.0,0.0,0.0,1.0,-1
"F[0,1](((BUN >= 1.787 | DirectLDL >= 0.000) & BUN >= 0.000) | Pt_GrandchildT1D <= 0.000)
",-9999999.000,-9999999.000,0.000,0.000,1.000,0,0,0,3,3,0,0,3,0.0,0.0,0.0,0.0,0.0,1.0,-1
"F[0,1]((Pt_GrandchildT1D <= 0.000 & BUN <= 9.101) & HDL >= 1.622)
",-9999999.000,-9999999.000,0.000,0.000,1.000,0,0,0,3,3,0,0,3,0.0,0.0,0.0,0.0,0.0,1.0,-1
"F[0,1](((Pt_GrandchildT1D >= 0.000 | bmi <= 26.178) | UnitsInsBasalOrLongAct <= 27.667) -> Triglyc >= 23.424)
",-9999999.000,-9999999.000,0.000,0.000,1.000,0,0,0,3,3,0,0,3,0.0,0.0,0.0,0.0,0.0,1.0,-1
"F[0,2]((diabDur >= 1.775 -> Pt_GrandchildT1D >= 0.000) & TotChol >= 0.000)
",-9999999.000,-9999999.000,0.000,0.000,1.000,0,0,0,3,3,0,0,3,0.0,0.0,0.0,0.0,0.0,1.0,-1
"F[0,1](HbA1c >= 9.870 -> Pt_A1cGoalLevelDsYr5 = 0.000)
",-9999999.000,-9999999.000,0.000,0.000,1.000,0,0,0,3,3,0,0,3,0.0,0.0,0.0,0.0,0.0,1.0,-1
"F[0,1](((bmi <= 27.540 & HeightCm >= 157.241) & BldPrDia <= 159.901) -> Pt_MotherT1D <= 158.852)
",-9999999.000,-9999999.000,0.000,0.000,1.000,0,0,0,3,3,0,0,3,0.0,0.0,0.0,0.0,0.0,1.0,-1
"F[0,2](AutonomicNeuroCl <= 0.000 & Pt_A1cGoalLevelDsYr5 <= 0.000)
",-9999999.000,-9999999.000,0.000,0.000,1.000,0,0,0,3,3,0,0,3,0.0,0.0,0.0,0.0,0.0,1.0,-1
"F[1,2]((bmiZscore >= 1.368 | Pt_SiblingT1D <= 0.000) | TSH >= 0.000)
",-9999999.000,-9999999.000,0.000,0.000,1.000,0,0,0,3,3,0,0,3,0.0,0.0,0.0,0.0,0.0,1.0,-1
"F[1,1](((TotChol >= 101.248 & WeightKg >= 62.147) -> Pt_MotherT1D <= 69.058) | NumPumpBolusOrShortAct >= 60.078)
",-60.078,-60.078,0.000,0.000,1.000,0,0,0,3,3,0,0,3,0.0,0.0,0.0,0.0,0.0,1.0,-1
"F[0,0](((Pt_SHFlg >= 0.000 & Pt_ChildT1D <= 0.000) & TSH >= 0.000) -> AlbCreatRat_mggNew <= 0.000)
",0.000,0.000,0.000,0.000,1.000,0,0,0,3,3,0,0,3,0.0,0.0,0.0,0.0,0.0,1.0,-1
"((TSH >= 0.462) U[0,1] (Pt_ChildT1D >= 0.000))
",-9999999.000,-9999999.000,0.000,0.000,1.000,0,0,0,3,3,0,0,3,0.0,0.0,0.0,0.0,0.0,1.0,-1
"((LDL <= 64.814) U[0,1] (BGTestAvgNumMeter <= 3.752))
",-9999999.000,-9999999.000,0.000,0.000,1.000,0,0,0,3,3,0,0,3,0.0,0.0,0.0,0.0,0.0,1.0,-1
"F[1,2](((BGTestAvgNumPtRep >= 0.357 | Pt_DKAFlg >= 0.005) -> BldPrSys >= 0.014) | HbA1cImputeDtMnC >= 0.098)
",-9999999.000,-9999999.000,0.000,0.000,1.000,0,0,0,3,3,0,0,3,0.0,0.0,0.0,0.0,0.0,1.0,-1
"F[0,1](Pt_InsGov >= 0.215 -> HDL <= 55.164)
",-9999999.000,-9999999.000,0.000,0.000,1.000,0,0,0,3,3,0,0,3,0.0,0.0,0.0,0.0,0.0,1.0,-1
"F[1,1](NumPumpBolusOrShortAct <= 4.232 | Pt_ChildT1D <= 0.000)
",4.232,4.232,0.000,0.000,1.000,0,0,0,3,3,0,0,3,0.0,0.0,0.0,0.0,0.0,1.0,-1
"F[0,2](((Triglyc >= 2.604 & Pt_FatherT1D <= 0.000) -> HbA1cImputeDtMnC <= 0.000) -> Triglyc >= 0.000)
",-9999999.000,-9999999.000,0.000,0.000,1.000,0,0,0,3,3,0,0,3,0.0,0.0,0.0,0.0,0.0,1.0,-1
"F[1,2](((Pt_DKAFlg >= 0.033 & Pt_ChildT1D <= 0.000) -> BldPrSys >= 0.000) | BldPrSys >= 0.000)
",-9999999.000,-9999999.000,0.000,0.000,1.000,0,0,0,3,3,0,0,3,0.0,0.0,0.0,0.0,0.0,1.0,-1
"F[1,2]((TotChol >= 63.957 -> Triglyc <= 56.679) -> Pt_InsGov >= 41.116)
",-9999999.000,-9999999.000,0.000,0.000,1.000,0,0,0,3,3,0,0,3,0.0,0.0,0.0,0.0,0.0,1.0,-1
"F[1,2]((Pt_MotherT1D >= 0.000 | BGTestAvgNumPtRep >= 0.695) | TotalDailyInsPerKg <= 6.889)
",-9999999.000,-9999999.000,0.000,0.000,1.000,0,0,0,3,3,0,0,3,0.0,0.0,0.0,0.0,0.0,1.0,-1
"F[0,2](((Pt_GrandchildT1D >= 0.000 -> BUN <= 6.583) & BldPrSys >= 1.639) -> LDL <= 11.432)
",-9999999.000,-9999999.000,0.000,0.000,1.000,0,0,0,3,3,0,0,3,0.0,0.0,0.0,0.0,0.0,1.0,-1
"F[0,1]((TSH <= 2.099 -> DirectLDL >= 0.000) -> SMBGperDayPtMeterCombo >= 0.000)
",-9999999.000,-9999999.000,0.000,0.000,1.000,0,0,0,3,3,0,0,3,0.0,0.0,0.0,0.0,0.0,1.0,-1
"F[0,1]((SMBGperDayPtMeterCombo >= 1.183 & TotalDailyInsPerKg <= 0.346) -> UnitsInsBasalOrLongAct <= 0.679)
",-9999999.000,-9999999.000,0.000,0.000,1.000,0,0,0,3,3,0,0,3,0.0,0.0,0.0,0.0,0.0,1.0,-1
"F[2,2](((Pt_GrandparentT1D <= 0.674 | Pt_CGMUseNumDays >= 0.000) & BldPrSys <= 0.000) -> Pt_CGMUseNumDays >= 0.000)
",0.000,0.000,0.000,0.000,1.000,0,0,0,3,3,0,0,3,0.0,0.0,0.0,0.0,0.0,1.0,-1
"G[2,2]((age >= 12.095 | BldPrDia <= 72.583) | Pt_SHFlg <= 71.054)
",72.583,72.583,0.000,1.000,0.000,0,0,3,0,0,3,3,0,0.0,0.0,1.0,0.0,0.0,1.0,1
"G[2,2](Pt_CGMUseNumDays <= 0.000 -> Pt_CGMUseNumDays >= 0.000)
",0.000,0.000,0.000,1.000,0.000,0,0,3,0,0,3,3,0,0.0,0.0,1.0,0.0,0.0,1.0,1
"G[0,1](((BGTestAvgNumMeter <= 3.735 & age <= 14.417) | Pt_SiblingT1D >= 13.353) | Pt_SiblingT1D >= 13.365)
",9999999.000,9999999.000,0.000,1.000,0.000,0,0,0,3,3,0,0,3,0.0,0.0,0.0,0.0,0.0,1.0,1
"G[1,2]((WeightKg >= 64.456 | bmi >= 25.403) -> UnitsInsBasalOrLongAct <= 28.365)
",9999999.000,9999999.000,0.000,1.000,0.000,0,0,2,1,1,2,2,1,0.0,0.0,1.0,0.0,0.0,1.0,1
"G[0,1](((UnitsInsBasalOrLongAct >= 6.878 & WeightKg >= 61.475) | Pt_GrandchildT1D <= 65.485) -> HDL >= 56.181)
",9999999.000,9999999.000,0.000,1.000,0.000,0,0,0,3,3,0,0,3,0.0,0.0,0.0,0.0,0.0,1.0,1
"G[1,2](((Pt_GrandparentT1D >= 0.119 | TotalDailyInsPerKg <= 0.736) & Pt_FatherT1D >= 0.115) -> Pt_ChildT1D <= 0.408)
",9999999.000,9999999.000,0.000,1.000,0.000,0,0,3,0,0,3,3,0,0.0,0.0,1.0,0.0,0.0,1.0,1
"G[2,2](((diagAgeCombo >= 9.000 -> bmiZscore <= 1.710) & BGTestAvgNumPtRep <= 1.702) & bmi >= 1.472)
",-7699431238615349.000,-1.710,0.000,1.000,0.000,0,0,3,0,0,3,3,0,0.0,0.0,1.0,0.0,0.0,1.0,1
"G[0,2](((Pt_DKAFlg >= 0.115 -> HDL <= 42.615) & UnitsInsBasalOrLongAct <= 54.615) -> Pt_GrandparentT1D >= 10.072)
",9999999.000,9999999.000,0.000,1.000,0.000,0,0,0,3,3,0,0,3,0.0,0.0,0.0,0.0,0.0,1.0,1
"G[0,2]((BGTestAvgNumPtRep <= 4.500 & LDL <= 54.114) -> BGTestAvgNumMeter <= 65.516)
",9999999.000,9999999.000,0.000,1.000,0.000,0,0,3,0,0,3,3,0,0.0,0.0,1.0,0.0,0.0,1.0,1
"G[0,2](SMBGperDayPtMeterCombo >= 1.709 & BGTestAvgNumPtRep >= 0.872)
",9999999.000,9999999.000,0.000,1.000,0.000,0,0,1,2,2,1,1,2,0.0,0.0,1.0,0.0,0.0,1.0,1
"G[1,2]((Pt_SHFlg >= 0.000 & BGTestAvgNumMeter <= 2.985) | HbA1cImputeDtMnC >= 0.673)
",9999999.000,9999999.000,0.000,1.000,0.000,0,0,3,0,0,3,3,0,0.0,0.0,1.0,0.0,0.0,1.0,1
"G[1,2]((Pt_CGMUseNumDays >= 0.000 | AlbCreatRat_mggNew >= 0.000) | Pt_FatherT1D >= 0.000)
",9999999.000,9999999.000,0.000,1.000,0.000,0,0,3,0,0,3,3,0,0.0,0.0,1.0,0.0,0.0,1.0,1
"G[2,2](((BldPrDia <= 73.361 | HDL >= 10.510) | BldPrSys <= 53.598) -> BGTestAvgNumPtRep >= 39.127)
",-73.361,-73.361,0.000,1.000,0.000,0,0,3,0,0,3,3,0,0.0,0.0,1.0,0.0,0.0,1.0,1
"G[0,2](((bmiZscore >= 1.476 & LDL <= 67.495) -> bmi <= 71.578) & Pt_GrandparentT1D <= 63.016)
",9999999.000,9999999.000,0.000,1.000,0.000,0,0,3,0,0,3,3,0,0.0,0.0,1.0,0.0,0.0,1.0,1
"G[0,2](((BUN >= 1.339 | WeightKg <= 71.166) | AlbCreatRat_mggNew >= 54.986) -> WeightKg <= 66.106)
",9999999.000,9999999.000,0.000,1.000,0.000,0,0,1,2,2,1,1,2,0.0,0.0,1.0,0.0,0.0,1.0,1
"G[1,1]((Pt_DKAFlg <= 0.717 | SMBGperDayPtMeterCombo >= 0.399) -> DirectLDL >= 0.594)
",-0.717,-0.717,0.000,1.000,0.000,0,0,0,3,3,0,0,3,0.0,0.0,0.0,0.0,0.0,1.0,1
"G[0,2](((BGTestAvgNumPtRep >= 1.815 | TotChol <= 162.032) & TotalDailyInsPerKg <= 161.259) & BldPrDia <= 113.525)
",9999999.000,9999999.000,0.000,1.000,0.000,0,0,1,2,2,1,1,2,0.0,0.0,1.0,0.0,0.0,1.0,1
"G[0,2]((Pt_ChildT1D >= 0.000 -> WeightKg <= 66.176) | LDL >= 63.057)
",9999999.000,9999999.000,0.000,1.000,0.000,0,0,2,1,1,2,2,1,0.0,0.0,1.0,0.0,0.0,1.0,1
"G[2,2](GFR <= 0.000 -> BUN >= 0.959)
",0.000,0.000,0.000,1.000,0.000,0,0,3,0,0,3,3,0,0.0,0.0,1.0,0.0,0.0,1.0,1
"G[2,2](((Pt_A1cGoalLev <= 2.716 & TSH <= 1.955) | Pt_A1cGoalLev >= 0.376) | Pt_A1cGoalLevelDsYr5 <= 2.492)
",2.492,2.492,0.000,1.000,0.000,0,0,3,0,0,3,3,0,0.0,0.0,1.0,0.0,0.0,1.0,1
"G[2,2]((bmiZscore <= 1.553 & WeightKg >= 57.468) | Pt_A1cGoalLev >= 58.639)
",-8087911766387435.000,-57.468,0.000,1.000,0.000,0,0,3,0,0,3,3,0,0.0,0.0,1.0,0.0,0.0,1.0,1
"G[1,2](((TotalDailyInsPerKg >= 0.048 | Triglyc <= 49.737) -> HeightCm <= 69.772) | AutonomicNeuroCl >= 38.012)
",9999999.000,9999999.000,0.000,1.000,0.000,0,0,1,2,2,1,1,2,0.0,0.0,1.0,0.0,0.0,1.0,1
"G[0,2](((Pt_InsGov <= 0.502 | Triglyc <= 66.285) -> Pt_SHFlg >= 27.619) & HbA1cImputeDtMnC >= 6.769)
",9999999.000,9999999.000,0.000,1.000,0.000,0,0,0,3,3,0,0,3,0.0,0.0,0.0,0.0,0.0,1.0,1
"G[1,2]((NumPumpBolusOrShortAct >= 1.894 -> Triglyc >= 2.997) -> Pt_GrandparentT1D >= 37.444)
",9999999.000,9999999.000,0.000,1.000,0.000,0,0,1,2,2,1,1,2,0.0,0.0,1.0,0.0,0.0,1.0,1
"G[1,2](((Pt_DKAFlg >= 0.131 -> Pt_InsGov <= 0.794) & BGTestAvgNumPtRep <= 0.818) -> age <= 0.755)
",9999999.000,9999999.000,0.000,1.000,0.000,0,0,1,2,2,1,1,2,0.0,0.0,1.0,0.0,0.0,1.0,1
"G[0,1]((bmiPerc >= 0.883 -> TSH <= 1.722) & Pt_CGMUseNumDays >= 0.116)
",9999999.000,9999999.000,0.000,1.000,0.000,0,0,0,3,3,0,0,3,0.0,0.0,0.0,0.0,0.0,1.0,1
"G[0,2](((BGTestAvgNumPtRep <= 2.703 & GFR <= 0.000) | age >= 0.000) -> LDL <= 0.000)
",9999999.000,9999999.000,0.000,1.000,0.000,0,0,0,3,3,0,0,3,0.0,0.0,0.0,0.0,0.0,1.0,1
"G[0,2](GFR <= 0.000 -> BUN >= 1.801)
",9999999.000,9999999.000,0.000,1.000,0.000,0,0,0,3,3,0,0,3,0.0,0.0,0.0,0.0,0.0,1.0,1
"G[0,2](((NumPumpBolusOrShortAct <= 5.302 -> Pt_InsGov <= 0.370) -> HbA1cImputeDtMnC <= 0.806) -> TotalDailyInsPerKg >= 0.146)
",9999999.000,9999999.000,0.000,1.000,0.000,0,0,2,1,1,2,2,1,0.0,0.0,1.0,0.0,0.0,1.0,1
"G[0,2]((Pt_A1cGoalLev <= 1.323 & TotalDailyInsPerKg <= 0.610) | GFR >= 0.159)
",9999999.000,9999999.000,0.000,1.000,0.000,0,0,1,2,2,1,1,2,0.0,0.0,1.0,0.0,0.0,1.0,1
"G[0,1](((HbA1c <= 10.576 -> HeightCm <= 159.178) -> Pt_FatherT1D >= 157.454) | Pt_GrandchildT1D >= 155.658)
",9999999.000,9999999.000,0.000,1.000,0.000,0,0,0,3,3,0,0,3,0.0,0.0,0.0,0.0,0.0,1.0,1
"G[0,2](TotalDailyInsPerKg >= 0.145 -> diagAgeCombo <= 9.000)
",9999999.000,9999999.000,0.000,1.000,0.000,0,0,3,0,0,3,3,0,0.0,0.0,1.0,0.0,0.0,1.0,1
"G[1,1]((HbA1cImputeDtMnC >= 35.342 & NumPumpBolusOrShortAct >= 1.876) & AutonomicNeuroCl >= 1.671)
",-35.342,-35.342,0.000,1.000,0.000,0,0,0,3,3,0,0,3,0.0,0.0,0.0,0.0,0.0,1.0,1
"G[0,1]((bmi <= 28.331 | LDL >= 36.527) & BGTestAvgNumPtRep >= 46.056)
",9999999.000,9999999.000,0.000,1.000,0.000,0,0,0,3,3,0,0,3,0.0,0.0,0.0,0.0,0.0,1.0,1
"G[1,1]((BldPrSys <= 114.873 -> HDL <= 62.643) & diabDur >= 9.522)
",-114.873,-114.873,0.000,1.000,0.000,0,0,0,3,3,0,0,3,0.0,0.0,0.0,0.0,0.0,1.0,1
"G[0,2](BGTestAvgNumPtRep <= 6.878 -> bmiPerc >= 0.884)
",9999999.000,9999999.000,0.000,1.000,0.000,0,0,2,1,1,2,2,1,0.0,0.0,1.0,0.0,0.0,1.0,1
"G[1,2]((BldPrSys <= 115.015 & BUN >= 0.689) -> WeightKg <= 12.368)
",9999999.000,9999999.000,0.000,1.000,0.000,0,0,2,1,1,2,2,1,0.0,0.0,1.0,0.0,0.0,1.0,1
"G[2,2](((bmi >= 24.641 | TotalDailyInsPerKg >= 0.230) & UnitsInsBasalOrLongAct <= 0.725) -> bmi >= 0.131)
",0.131,0.131,0.000,1.000,0.000,0,0,3,0,0,3,3,0,0.0,0.0,1.0,0.0,0.0,1.0,1
"G[0,2](BUN <= 11.271 | HbA1cImputeDtMnC >= 10.696)
",9999999.000,9999999.000,0.000,1.000,0.000,0,0,3,0,0,3,3,0,0.0,0.0,1.0,0.0,0.0,1.0,1
"G[0,2]((WeightKg >= 63.236 | bmi >= 24.302) -> UnitsInsBasalOrLongAct <= 23.205)
",9999999.000,9999999.000,0.000,1.000,0.000,0,0,1,2,2,1,1,2,0.0,0.0,1.0,0.0,0.0,1.0,1
"G[0,2]((bmiZscore <= 1.689 -> Triglyc >= 34.186) & Pt_A1cGoalLevelDsYr5 >= 35.355)
",9999999.000,9999999.000,0.000,1.000,0.000,0,0,0,3,3,0,0,3,0.0,0.0,0.0,0.0,0.0,1.0,1
"G[0,2]((BUN >= 1.792 -> Pt_DKAFlg >= 0.001) | HbA1c <= 0.349)
",9999999.000,9999999.000,0.000,1.000,0.000,0,0,2,1,1,2,2,1,0.0,0.0,1.0,0.0,0.0,1.0,1
"G[0,2](((HeightCm <= 161.187 & LDL <= 63.905) | BldPrDia >= 9.980) & WeightKg >= 31.043)
",9999999.000,9999999.000,0.000,1.000,0.000,0,0,3,0,0,3,3,0,0.0,0.0,1.0,0.0,0.0,1.0,1
"G[0,1](Pt_DKAFlg >= 0.048 & Pt_SHFlg = 0.000)
",9999999.000,9999999.000,0.000,1.000,0.000,0,0,0,3,3,0,0,3,0.0,0.0,0.0,0.0,0.0,1.0,1
"G[1,2](BUN >= 1.759 & diabDur <= 4.265)
",9999999.000,9999999.000,0.000,1.000,0.000,0,0,0,3,3,0,0,3,0.0,0.0,0.0,0.0,0.0,1.0,1
"G[2,2](bmiPerc <= 0.963 | HeightCm >= 156.378)
",0.963,0.963,0.000,1.000,0.000,0,0,3,0,0,3,3,0,0.0,0.0,1.0,0.0,0.0,1.0,1
"G[0,2](((Pt_A1cGoalLev >= 0.458 -> Triglyc <= 59.711) -> Pt_CGMUseNumDays >= 10.581) -> WeightKg >= 2.920)
",9999999.000,9999999.000,0.000,1.000,0.000,0,0,3,0,0,3,3,0,0.0,0.0,1.0,0.0,0.0,1.0,1
"G[0,0](GFR <= 0.000 -> BUN >= 0.804)
",-6.283,-62.196,0.000,1.000,0.000,0,0,0,3,3,0,0,3,0.0,0.0,0.0,0.0,0.0,1.0,1
"G[1,2](HbA1c >= 9.384 | LDL <= 68.717)
",9999999.000,9999999.000,0.000,1.000,0.000,0,0,3,0,0,3,3,0,0.0,0.0,1.0,0.0,0.0,1.0,1
"G[1,2](Pt_GrandparentT1D >= 0.099 & Pt_InsGov >= 0.276)
",9999999.000,9999999.000,0.000,1.000,0.000,0,0,1,2,2,1,1,2,0.0,0.0,1.0,0.0,0.0,1.0,1
"F[0,1](((Pt_ChildT1D >= 0.000 & GFR <= 0.000) | Pt_SiblingT1D <= 0.000) -> NumPumpBolusOrShortAct >= 0.000)
",-9999999.000,-9999999.000,0.000,0.000,1.000,0,0,0,3,3,0,0,3,0.0,0.0,0.0,0.0,0.0,1.0,-1
