Rule,Discrimination Score,Pos Robustness,Neg Robustness,Percent Class +,Percent Class -,TP,TN,FP,FN,Actual Yes,Actual No,Predicted Yes,Predicted No,TPR/Sens,TNR/Spec,FPR,Precision,Accuracy,MCR
"F[0,1](((SMBGperDayPtMeterCombo >= 1.404 | TSH <= 0.538) -> NumPumpBolusOrShortAct <= 0.836) & Pt_FatherT1D >= 0.173)
",-9999999.000,-9999999.000,0.000,0.000,1.000,3,0,0,0,3,0,3,0,1.0,0,0,1.0,1.0,0.0
"((Pt_InsGov > 0.000) U[1,1] (Pt_SHFlg = 0.000))
",0.000,0.000,0.000,0.000,1.000,3,0,0,0,3,0,3,0,1.0,0,0,1.0,1.0,0.0
"((BGTestAvgNumMeter >= 1.603) U[1,1] (BGTestAvgNumPtRep <= 3.819))
",8599687368293475.000,3.819,0.000,0.000,1.000,3,0,0,0,3,0,3,0,1.0,0,0,1.0,1.0,0.0
"F[0,0](age >= 17.503 & Pt_A1cGoalLev >= 0.210)
",-17.503,-17.503,0.000,0.000,1.000,3,0,0,0,3,0,3,0,1.0,0,0,1.0,1.0,0.0
"F[0,1](((HeightCm <= 165.864 -> SMBGperDayPtMeterCombo <= 4.112) | Pt_SHFlg <= 5.523) -> Pt_InsGov >= 1.543)
",-9999999.000,-9999999.000,0.000,0.000,1.000,3,0,0,0,3,0,3,0,1.0,0,0,1.0,1.0,0.0
"F[0,0]((BUN >= 2.218 -> Pt_GrandparentT1D <= 0.958) -> diagAgeCombo <= 0.738)
",-0.216,-0.173,0.000,0.000,1.000,3,0,0,0,3,0,3,0,1.0,0,0,1.0,1.0,0.0
"((BGTestAvgNumPtRep <= 6.695) U[0,0] (Pt_A1cGoalLev >= 0.580))
",8117651292187411.000,14.420,0.000,0.000,1.000,3,0,0,0,3,0,3,0,1.0,0,0,1.0,1.0,0.0
"F[0,0](BGTestAvgNumPtRep <= 4.952 & Pt_GrandparentT1D >= 0.122)
",-0.122,-0.122,0.000,0.000,1.000,3,0,0,0,3,0,3,0,1.0,0,0,1.0,1.0,0.0
"F[0,0]((bmiPerc <= 0.149 | TotalDailyInsPerKg <= 1.047) & BUN <= 1.372)
",-3.502,-4.953,0.000,0.000,1.000,3,0,0,0,3,0,3,0,1.0,0,0,1.0,1.0,0.0
"F[0,1]((Pt_GrandparentT1D <= 0.174 | BGTestAvgNumMeter <= 4.653) & DirectLDL >= 1.206)
",-9999999.000,-9999999.000,0.000,0.000,1.000,3,0,0,0,3,0,3,0,1.0,0,0,1.0,1.0,0.0
"F[0,1]((NumPumpBolusOrShortAct >= 0.000 | age >= 17.814) & Pt_CGMUseNumDays >= 17.685)
",-9999999.000,-9999999.000,0.000,0.000,1.000,3,0,0,0,3,0,3,0,1.0,0,0,1.0,1.0,0.0
"F[0,1]((bmiZscore <= -1.259 & BUN <= 11.495) & bmiPerc >= 9.697)
",-9999999.000,-9999999.000,0.000,0.000,1.000,3,0,0,0,3,0,3,0,1.0,0,0,1.0,1.0,0.0
"F[1,1]((BGTestAvgNumMeter <= 5.155 & TSH >= 0.295) & AlbCreatRat_mggNew <= 0.585)
",-0.295,-0.295,0.000,0.000,1.000,3,0,0,0,3,0,3,0,1.0,0,0,1.0,1.0,0.0
"((HbA1cImputeDtMnC >= 1.616) U[0,1] (Pt_A1cGoalLev >= 0.794))
",-9999999.000,-9999999.000,0.000,0.000,1.000,2,0,0,1,3,0,2,1,0.6666666666666666,0,0,1.0,0.6666666666666666,0.33333333333333337
"((BGTestAvgNumMeter >= 0.459) U[1,1] (BGTestAvgNumPtRep <= 7.652))
",8615419450184443.000,7.652,0.000,0.000,1.000,2,0,0,1,3,0,2,1,0.6666666666666666,0,0,1.0,0.6666666666666666,0.33333333333333337
"((GFR >= 10.272) U[1,1] (HbA1cImputeDtMnC <= 61.752))
",8690869463649837.000,61.752,0.000,0.000,1.000,2,0,0,1,3,0,2,1,0.6666666666666666,0,0,1.0,0.6666666666666666,0.33333333333333337
"((LDL >= 10.287) U[1,2] (Pt_GrandparentT1D <= 0.399))
",-9999999.000,-9999999.000,0.000,0.000,1.000,2,0,0,1,3,0,2,1,0.6666666666666666,0,0,1.0,0.6666666666666666,0.33333333333333337
"((bmi >= 18.657) U[1,2] (Pt_SHFlg = 0.000))
",-9999999.000,-9999999.000,0.000,0.000,1.000,2,0,0,1,3,0,2,1,0.6666666666666666,0,0,1.0,0.6666666666666666,0.33333333333333337
"((BGTestAvgNumMeter <= 1.913) U[1,1] (LDL <= 46.619))
",6561060197463725.000,46.619,0.000,0.000,1.000,2,0,0,1,3,0,2,1,0.6666666666666666,0,0,1.0,0.6666666666666666,0.33333333333333337
"((HbA1cImputeDtMnC <= 37.616) U[0,0] (LDL >= 1.150))
",37.616,37.616,0.000,0.000,1.000,2,0,0,1,3,0,2,1,0.6666666666666666,0,0,1.0,0.6666666666666666,0.33333333333333337
"F[0,0]((AlbCreatRat_mggNew <= 29.850 | BGTestAvgNumMeter <= 4.870) -> diabDur <= 2.459)
",-6.888,-17.183,0.000,0.000,1.000,2,0,0,1,3,0,2,1,0.6666666666666666,0,0,1.0,0.6666666666666666,0.33333333333333337
"F[0,0](BldPrSys <= 129.820 -> GFR >= 12.837)
",-129.820,-129.820,0.000,0.000,1.000,2,0,0,1,3,0,2,1,0.6666666666666666,0,0,1.0,0.6666666666666666,0.33333333333333337
"((BUN <= 11.857) U[0,0] (HeightCm <= 165.389))
",32.056,113.556,0.000,0.000,1.000,2,0,0,1,3,0,2,1,0.6666666666666666,0,0,1.0,0.6666666666666666,0.33333333333333337
"F[1,1]((GFR >= 15.290 -> TSH <= 0.645) & Triglyc >= 0.173)
",-0.645,-0.645,0.000,0.000,1.000,2,0,0,1,3,0,2,1,0.6666666666666666,0,0,1.0,0.6666666666666666,0.33333333333333337
"F[0,0](((AlbCreatRat_mggNew <= 20.097 & bmi >= 18.711) -> BldPrDia <= 20.465) -> LDL >= 19.077)
",-18.711,-18.711,0.000,0.000,1.000,2,0,0,1,3,0,2,1,0.6666666666666666,0,0,1.0,0.6666666666666666,0.33333333333333337
"((Pt_GrandparentT1D >= 0.153) U[1,2] (TSH <= 0.480))
",-9999999.000,-9999999.000,0.000,0.000,1.000,2,0,0,1,3,0,2,1,0.6666666666666666,0,0,1.0,0.6666666666666666,0.33333333333333337
"F[0,1](((Pt_A1cGoalLev >= 0.078 -> Pt_CGMUseNumDays >= 0.000) | LDL <= 0.000) -> TotalDailyInsPerKg <= 0.000)
",-9999999.000,-9999999.000,0.000,0.000,1.000,2,0,0,1,3,0,2,1,0.6666666666666666,0,0,1.0,0.6666666666666666,0.33333333333333337
"F[0,0](LDL <= 38.478 & bmiZscore >= -1.568)
",71.430,1.584,0.000,0.000,1.000,2,0,0,1,3,0,2,1,0.6666666666666666,0,0,1.0,0.6666666666666666,0.33333333333333337
"((BGTestAvgNumMeter >= 0.332) U[1,2] (BGTestAvgNumPtRep <= 3.312))
",-9999999.000,-9999999.000,0.000,0.000,1.000,2,0,0,1,3,0,2,1,0.6666666666666666,0,0,1.0,0.6666666666666666,0.33333333333333337
"F[1,1](BGTestAvgNumPtRep >= 2.208 & HeightCm >= 163.359)
",-163.359,-163.359,0.000,0.000,1.000,2,0,0,1,3,0,2,1,0.6666666666666666,0,0,1.0,0.6666666666666666,0.33333333333333337
"((BGTestAvgNumMeter >= 1.594) U[1,2] (BGTestAvgNumPtRep <= 6.285))
",-9999999.000,-9999999.000,0.000,0.000,1.000,2,0,0,1,3,0,2,1,0.6666666666666666,0,0,1.0,0.6666666666666666,0.33333333333333337
"F[0,0](bmi >= 18.156 & HeightCm >= 163.344)
",-31.478,-111.510,0.000,0.000,1.000,2,0,0,1,3,0,2,1,0.6666666666666666,0,0,1.0,0.6666666666666666,0.33333333333333337
"((diabDur >= 3.970) U[1,1] (HDL >= 20.392))
",-8939942734252859.000,-3.970,0.000,0.000,1.000,2,0,0,1,3,0,2,1,0.6666666666666666,0,0,1.0,0.6666666666666666,0.33333333333333337
"F[0,1](TSH <= 0.535 & WeightKg <= 56.887)
",-9999999.000,-9999999.000,0.000,0.000,1.000,1,0,0,2,3,0,1,2,0.3333333333333333,0,0,1.0,0.3333333333333333,0.6666666666666667
"F[0,0](BUN >= 8.360 -> LDL <= 47.755)
",-65.773,-47.247,0.000,0.000,1.000,1,0,0,2,3,0,1,2,0.3333333333333333,0,0,1.0,0.3333333333333333,0.6666666666666667
"F[0,1](((Pt_DKAFlg <= 0.000 | TSH <= 0.679) -> Pt_GrandchildT1D >= 0.358) | UnitsInsBasalOrLongAct >= 0.040)
",-9999999.000,-9999999.000,0.000,0.000,1.000,1,0,0,2,3,0,1,2,0.3333333333333333,0,0,1.0,0.3333333333333333,0.6666666666666667
"((BGTestAvgNumPtRep <= 4.263) U[0,1] (TotChol <= 132.969))
",-9999999.000,-9999999.000,0.000,0.000,1.000,1,0,0,2,3,0,1,2,0.3333333333333333,0,0,1.0,0.3333333333333333,0.6666666666666667
"((HbA1cImputeDtMnC >= 8.443) U[0,1] (UnitsInsBasalOrLongAct >= 7.828))
",-9999999.000,-9999999.000,0.000,0.000,1.000,1,0,0,2,3,0,1,2,0.3333333333333333,0,0,1.0,0.3333333333333333,0.6666666666666667
"((bmi <= 20.212) U[0,1] (bmiPerc >= 0.019))
",-9999999.000,-9999999.000,0.000,0.000,1.000,1,0,0,2,3,0,1,2,0.3333333333333333,0,0,1.0,0.3333333333333333,0.6666666666666667
"F[0,1]((age <= 21.759 | HbA1cImputeDtMnC <= 55.672) | AlbCreatRat_mggNew >= 28.926)
",-9999999.000,-9999999.000,0.000,0.000,1.000,1,0,0,2,3,0,1,2,0.3333333333333333,0,0,1.0,0.3333333333333333,0.6666666666666667
"((SMBGperDayPtMeterCombo >= 1.587) U[0,1] (UnitsInsBasalOrLongAct >= 2.004))
",-9999999.000,-9999999.000,0.000,0.000,1.000,1,0,0,2,3,0,1,2,0.3333333333333333,0,0,1.0,0.3333333333333333,0.6666666666666667
"((age <= 20.216) U[1,1] (GFR <= 96.958))
",96.958,96.958,0.000,0.000,1.000,1,0,0,2,3,0,1,2,0.3333333333333333,0,0,1.0,0.3333333333333333,0.6666666666666667
"F[1,1](BGTestAvgNumMeter <= 3.937 & WeightKg >= 51.259)
",-51.259,-51.259,0.000,0.000,1.000,1,0,0,2,3,0,1,2,0.3333333333333333,0,0,1.0,0.3333333333333333,0.6666666666666667
"F[0,0](((GFR >= 4.209 | TotalDailyInsPerKg >= 0.190) & TotalDailyInsPerKg <= 1.225) -> Pt_A1cGoalLevelDsYr5 >= 0.423)
",0.423,0.423,0.000,0.000,1.000,1,0,0,2,3,0,1,2,0.3333333333333333,0,0,1.0,0.3333333333333333,0.6666666666666667
"F[0,1](BUN >= 3.873 & UnitsInsBasalOrLongAct <= 28.089)
",-9999999.000,-9999999.000,0.000,0.000,1.000,1,0,0,2,3,0,1,2,0.3333333333333333,0,0,1.0,0.3333333333333333,0.6666666666666667
"((HeightCm >= 162.884) U[0,1] (TotChol <= 102.015))
",-9999999.000,-9999999.000,0.000,0.000,1.000,1,0,0,2,3,0,1,2,0.3333333333333333,0,0,1.0,0.3333333333333333,0.6666666666666667
"((HeightCm <= 165.690) U[1,2] (TSH >= 0.213))
",-9999999.000,-9999999.000,0.000,0.000,1.000,1,0,0,2,3,0,1,2,0.3333333333333333,0,0,1.0,0.3333333333333333,0.6666666666666667
"((diagAgeCombo <= 15.000) U[0,0] (GFR <= 86.571))
",264.118,88.062,0.000,0.000,1.000,1,0,0,2,3,0,1,2,0.3333333333333333,0,0,1.0,0.3333333333333333,0.6666666666666667
"F[0,0]((AlbCreatRat_mggNew >= 7.753 | LDL <= 53.100) | Pt_SiblingT1D >= 2.288)
",73.215,52.592,0.000,0.000,1.000,1,0,0,2,3,0,1,2,0.3333333333333333,0,0,1.0,0.3333333333333333,0.6666666666666667
"((BGTestAvgNumMeter >= 1.813) U[0,1] (BGTestAvgNumPtRep <= 2.932))
",-9999999.000,-9999999.000,0.000,0.000,1.000,1,0,0,2,3,0,1,2,0.3333333333333333,0,0,1.0,0.3333333333333333,0.6666666666666667
"F[1,1](((Pt_GrandparentT1D <= 0.557 | TotalDailyInsPerKg <= 0.812) | Pt_GrandparentT1D >= 0.457) -> TotChol <= 1.512)
",-1.512,-1.512,0.000,0.000,1.000,1,0,0,2,3,0,1,2,0.3333333333333333,0,0,1.0,0.3333333333333333,0.6666666666666667
"((TSH > 0.303) U[1,1] (Pt_SHFlg = 0.000))
",0.000,0.000,0.000,0.000,1.000,1,0,0,2,3,0,1,2,0.3333333333333333,0,0,1.0,0.3333333333333333,0.6666666666666667
"((diabDur >= 3.325) U[1,2] (Triglyc <= 66.172))
",-9999999.000,-9999999.000,0.000,0.000,1.000,1,0,0,2,3,0,1,2,0.3333333333333333,0,0,1.0,0.3333333333333333,0.6666666666666667
"F[0,1]((BUN <= 14.185 -> diabDur >= 4.653) & Pt_FatherT1D <= 5.856)
",-9999999.000,-9999999.000,0.000,0.000,1.000,1,0,0,2,3,0,1,2,0.3333333333333333,0,0,1.0,0.3333333333333333,0.6666666666666667
"((HbA1c <= 9.785) U[1,2] (Pt_SiblingT1D <= 0.000))
",-9999999.000,-9999999.000,0.000,0.000,1.000,1,0,0,2,3,0,1,2,0.3333333333333333,0,0,1.0,0.3333333333333333,0.6666666666666667
"((UnitsInsBasalOrLongAct >= 18.572) U[1,2] (WeightKg <= 55.113))
",-9999999.000,-9999999.000,0.000,0.000,1.000,1,0,0,2,3,0,1,2,0.3333333333333333,0,0,1.0,0.3333333333333333,0.6666666666666667
"F[0,1](((BGTestAvgNumPtRep >= 0.229 | TotalDailyInsPerKg >= 0.661) | Pt_SiblingT1D >= 0.597) | Pt_SHFlg >= 0.485)
",-9999999.000,-9999999.000,0.000,0.000,1.000,1,0,0,2,3,0,1,2,0.3333333333333333,0,0,1.0,0.3333333333333333,0.6666666666666667
"F[0,0](BldPrDia >= 62.481 & Pt_SHFlg = 0.000)
",-3.252,-51.839,0.000,0.000,1.000,1,0,0,2,3,0,1,2,0.3333333333333333,0,0,1.0,0.3333333333333333,0.6666666666666667
"((bmiZscore >= -1.704) U[0,1] (TotalDailyInsPerKg <= 1.314))
",-9999999.000,-9999999.000,0.000,0.000,1.000,1,0,0,2,3,0,1,2,0.3333333333333333,0,0,1.0,0.3333333333333333,0.6666666666666667
"F[1,1](NumPumpBolusOrShortAct >= 0.000 & HbA1cImputeDtMnC <= 61.380)
",0.000,0.000,0.000,0.000,1.000,1,0,0,2,3,0,1,2,0.3333333333333333,0,0,1.0,0.3333333333333333,0.6666666666666667
"F[0,1]((diabDur >= 3.926 & HbA1c <= 9.746) | AutonomicNeuroCl >= 7.517)
",-9999999.000,-9999999.000,0.000,0.000,1.000,1,0,0,2,3,0,1,2,0.3333333333333333,0,0,1.0,0.3333333333333333,0.6666666666666667
"((BGTestAvgNumMeter >= 0.082) U[0,1] (BGTestAvgNumPtRep <= 2.696))
",-9999999.000,-9999999.000,0.000,0.000,1.000,1,0,0,2,3,0,1,2,0.3333333333333333,0,0,1.0,0.3333333333333333,0.6666666666666667
"F[0,1]((AutonomicNeuroCl >= 0.000 & BUN <= 11.469) & Pt_InsGov <= 12.034)
",-9999999.000,-9999999.000,0.000,0.000,1.000,1,0,0,2,3,0,1,2,0.3333333333333333,0,0,1.0,0.3333333333333333,0.6666666666666667
"F[0,0](BUN <= 12.688 & HDL <= 46.474)
",7142972380505557.000,12.688,0.000,0.000,1.000,1,0,0,2,3,0,1,2,0.3333333333333333,0,0,1.0,0.3333333333333333,0.6666666666666667
"((BldPrDia >= 68.063) U[1,1] (WeightKg >= 51.641))
",-7267877727378227.000,-51.641,0.000,0.000,1.000,1,0,0,2,3,0,1,2,0.3333333333333333,0,0,1.0,0.3333333333333333,0.6666666666666667
"((bmiPerc >= 0.012) U[1,1] (Pt_A1cGoalLevelDsYr5 >= 0.000))
",0.000,0.000,0.000,0.000,1.000,1,0,0,2,3,0,1,2,0.3333333333333333,0,0,1.0,0.3333333333333333,0.6666666666666667
"((HbA1cImputeDtMnC >= 20.316) U[1,2] (Pt_A1cGoalLev >= 1.140))
",-9999999.000,-9999999.000,0.000,0.000,1.000,1,0,0,2,3,0,1,2,0.3333333333333333,0,0,1.0,0.3333333333333333,0.6666666666666667
"F[0,1]((BGTestAvgNumPtRep <= 3.071 & TotChol >= 67.939) & age <= 93.671)
",-9999999.000,-9999999.000,0.000,0.000,1.000,1,0,0,2,3,0,1,2,0.3333333333333333,0,0,1.0,0.3333333333333333,0.6666666666666667
"F[0,0](HbA1cImputeDtMnC < 53.399 & Pt_SHFlg = 0.000)
",-3.252,-51.839,0.000,0.000,1.000,1,0,0,2,3,0,1,2,0.3333333333333333,0,0,1.0,0.3333333333333333,0.6666666666666667
"F[0,1](LDL >= 1.991 & TotalDailyInsPerKg >= 0.303)
",-9999999.000,-9999999.000,0.000,0.000,1.000,1,0,0,2,3,0,1,2,0.3333333333333333,0,0,1.0,0.3333333333333333,0.6666666666666667
"((BGTestAvgNumPtRep <= 5.186) U[1,2] (HbA1c >= 7.550))
",-9999999.000,-9999999.000,0.000,0.000,1.000,1,0,0,2,3,0,1,2,0.3333333333333333,0,0,1.0,0.3333333333333333,0.6666666666666667
"F[0,1]((SMBGperDayPtMeterCombo >= 0.372 -> BUN >= 3.568) -> BUN >= 9.327)
",-9999999.000,-9999999.000,0.000,0.000,1.000,0,0,0,3,3,0,0,3,0.0,0,0,0.0,0.0,1.0
"((Pt_FatherT1D >= 0.000) U[1,2] (Pt_GrandparentT1D <= 0.846))
",-9999999.000,-9999999.000,0.000,0.000,1.000,0,0,0,3,3,0,0,3,0.0,0,0,0.0,0.0,1.0
"F[0,1](Pt_SHFlg <= 0.000 -> bmiZscore >= -1.444)
",-9999999.000,-9999999.000,0.000,0.000,1.000,0,0,0,3,3,0,0,3,0.0,0,0,0.0,0.0,1.0
"((Pt_CGMUseNumDays <= 0.000) U[0,2] (UnitsInsBasalOrLongAct >= 18.877))
",-9999999.000,-9999999.000,0.000,0.000,1.000,0,0,0,3,3,0,0,3,0.0,0,0,0.0,0.0,1.0
"F[0,1]((Pt_InsGov <= 0.000 & WeightKg <= 52.426) | UnitsInsBasalOrLongAct <= 57.069)
",-9999999.000,-9999999.000,0.000,0.000,1.000,0,0,0,3,3,0,0,3,0.0,0,0,0.0,0.0,1.0
"F[1,2](((AlbCreatRat_mggNew >= 2.815 | HeightCm >= 164.348) -> Pt_FatherT1D <= 166.667) & TotalDailyInsPerKg >= 164.718)
",-9999999.000,-9999999.000,0.000,0.000,1.000,0,0,0,3,3,0,0,3,0.0,0,0,0.0,0.0,1.0
"F[1,2]((Pt_MotherT1D <= 0.000 | Pt_GrandparentT1D <= 0.313) | HDL <= 0.379)
",-9999999.000,-9999999.000,0.000,0.000,1.000,0,0,0,3,3,0,0,3,0.0,0,0,0.0,0.0,1.0
"((Pt_CGMUseNumDays <= 0.000) U[1,2] (AlbCreatRat_mggNew <= 36.134))
",-9999999.000,-9999999.000,0.000,0.000,1.000,0,0,0,3,3,0,0,3,0.0,0,0,0.0,0.0,1.0
"F[0,1](HbA1c >= 7.586 -> Pt_A1cGoalLevelDsYr5 = 0.000)
",-9999999.000,-9999999.000,0.000,0.000,1.000,0,0,0,3,3,0,0,3,0.0,0,0,0.0,0.0,1.0
"((AlbCreatRat_mggNew <= 28.650) U[0,2] (SMBGperDayPtMeterCombo >= 0.202))
",-9999999.000,-9999999.000,0.000,0.000,1.000,0,0,0,3,3,0,0,3,0.0,0,0,0.0,0.0,1.0
"F[0,2](((HDL <= 42.842 -> HDL <= 43.897) | HbA1cImputeDtMnC >= 8.607) | LDL >= 2.236)
",-9999999.000,-9999999.000,0.000,0.000,1.000,0,0,0,3,3,0,0,3,0.0,0,0,0.0,0.0,1.0
"F[0,1](((LDL <= 51.748 -> WeightKg >= 48.417) | Pt_MotherT1D >= 49.193) & Pt_A1cGoalLev <= 57.003)
",-9999999.000,-9999999.000,0.000,0.000,1.000,0,0,0,3,3,0,0,3,0.0,0,0,0.0,0.0,1.0
"F[1,2](((BGTestAvgNumMeter <= 2.861 | HbA1c >= 7.183) -> HbA1cImputeDtMnC >= 8.044) -> NumPumpBolusOrShortAct <= 8.746)
",-9999999.000,-9999999.000,0.000,0.000,1.000,0,0,0,3,3,0,0,3,0.0,0,0,0.0,0.0,1.0
"F[2,2](((BldPrSys >= 114.440 | TSH >= 0.158) | HbA1c <= 0.623) & HbA1cImputeDtMnC <= 0.418)
",0.418,0.418,0.000,0.000,1.000,0,0,0,3,3,0,0,3,0.0,0,0,0.0,0.0,1.0
"F[1,2](BldPrDia <= 72.718 | HbA1c >= 8.067)
",-9999999.000,-9999999.000,0.000,0.000,1.000,0,0,0,3,3,0,0,3,0.0,0,0,0.0,0.0,1.0
"F[0,2](bmi <= 19.761 & TSH >= 0.141)
",-9999999.000,-9999999.000,0.000,0.000,1.000,0,0,0,3,3,0,0,3,0.0,0,0,0.0,0.0,1.0
"F[2,2](((BldPrSys >= 118.333 -> TotChol <= 155.204) | Pt_FatherT1D >= 72.332) | TotChol >= 21.885)
",-21.885,-21.885,0.000,0.000,1.000,0,0,0,3,3,0,0,3,0.0,0,0,0.0,0.0,1.0
"F[1,1](BldPrDia >= 70.104 -> bmiZscore >= -1.694)
",-7627457516628517.000,-1.694,0.000,0.000,1.000,0,0,0,3,3,0,0,3,0.0,0,0,0.0,0.0,1.0
"F[1,2]((age <= 22.319 | HDL <= 60.260) -> diabDur <= 55.169)
",-9999999.000,-9999999.000,0.000,0.000,1.000,0,0,0,3,3,0,0,3,0.0,0,0,0.0,0.0,1.0
"F[0,1]((GFR <= 87.700 -> SMBGperDayPtMeterCombo >= 1.689) | TotChol >= 1.122)
",-9999999.000,-9999999.000,0.000,0.000,1.000,0,0,0,3,3,0,0,3,0.0,0,0,0.0,0.0,1.0
"F[0,2]((bmi >= 19.110 -> bmiPerc <= 0.090) -> DirectLDL <= 0.063)
",-9999999.000,-9999999.000,0.000,0.000,1.000,0,0,0,3,3,0,0,3,0.0,0,0,0.0,0.0,1.0
"F[0,2](((AlbCreatRat_mggNew <= 23.128 & Triglyc <= 112.130) & bmi <= 157.479) -> Pt_A1cGoalLevelDsYr5 >= 36.937)
",-9999999.000,-9999999.000,0.000,0.000,1.000,0,0,0,3,3,0,0,3,0.0,0,0,0.0,0.0,1.0
"F[0,1](((HbA1c <= 9.287 -> HeightCm >= 162.928) -> bmiPerc <= 166.413) -> HbA1c <= 166.048)
",-9999999.000,-9999999.000,0.000,0.000,1.000,0,0,0,3,3,0,0,3,0.0,0,0,0.0,0.0,1.0
"F[1,2]((BGTestAvgNumMeter >= 1.249 -> Triglyc >= 9.169) -> HbA1c >= 38.095)
",-9999999.000,-9999999.000,0.000,0.000,1.000,0,0,0,3,3,0,0,3,0.0,0,0,0.0,0.0,1.0
"F[2,2](((bmiZscore <= -1.232 & Triglyc <= 165.690) | Pt_InsGov >= 11.426) & HbA1c <= 66.964)
",-1.232,-1.232,0.000,0.000,1.000,0,0,0,3,3,0,0,3,0.0,0,0,0.0,0.0,1.0
"F[0,1]((age <= 22.568 & HeightCm <= 166.642) -> BldPrDia <= 165.744)
",-9999999.000,-9999999.000,0.000,0.000,1.000,0,0,0,3,3,0,0,3,0.0,0,0,0.0,0.0,1.0
"F[1,2]((bmi <= 20.175 & LDL <= 51.018) & BldPrDia <= 21.149)
",-9999999.000,-9999999.000,0.000,0.000,1.000,0,0,0,3,3,0,0,3,0.0,0,0,0.0,0.0,1.0
"F[0,2](((HeightCm >= 164.435 & UnitsInsBasalOrLongAct >= 20.669) & AutonomicNeuroCl >= 11.135) | BldPrSys <= 51.351)
",-9999999.000,-9999999.000,0.000,0.000,1.000,0,0,0,3,3,0,0,3,0.0,0,0,0.0,0.0,1.0
"F[1,2]((HbA1c >= 8.140 -> UnitsInsBasalOrLongAct >= 19.105) -> diagAgeCombo <= 40.158)
",-9999999.000,-9999999.000,0.000,0.000,1.000,0,0,0,3,3,0,0,3,0.0,0,0,0.0,0.0,1.0
"F[0,2](((BUN <= 15.644 & GFR <= 49.635) & AlbCreatRat_mggNew <= 30.287) -> NumPumpBolusOrShortAct <= 104.022)
",-9999999.000,-9999999.000,0.000,0.000,1.000,0,0,0,3,3,0,0,3,0.0,0,0,0.0,0.0,1.0
"F[0,1]((HbA1cImputeDtMnC >= 2.111 | Triglyc <= 71.700) & diagAgeCombo <= 127.435)
",-9999999.000,-9999999.000,0.000,0.000,1.000,0,0,0,3,3,0,0,3,0.0,0,0,0.0,0.0,1.0
"F[0,1]((AlbCreatRat_mggNew <= 21.270 | diabDur >= 2.806) & TotalDailyInsPerKg <= 5.204)
",-9999999.000,-9999999.000,0.000,0.000,1.000,0,0,0,3,3,0,0,3,0.0,0,0,0.0,0.0,1.0
"F[1,2]((diabDur >= 2.264 -> HeightCm <= 165.870) & AutonomicNeuroCl <= 166.789)
",-9999999.000,-9999999.000,0.000,0.000,1.000,0,0,0,3,3,0,0,3,0.0,0,0,0.0,0.0,1.0
"F[0,2](bmi <= 21.046 -> GFR >= 4.741)
",-9999999.000,-9999999.000,0.000,0.000,1.000,0,0,0,3,3,0,0,3,0.0,0,0,0.0,0.0,1.0
"F[0,0](TotalDailyInsPerKg >= 0.266 | Pt_GrandparentT1D <= 0.189)
",4.054,5.734,0.000,0.000,1.000,0,0,0,3,3,0,0,3,0.0,0,0,0.0,0.0,1.0
"F[2,2](((BldPrDia >= 67.709 & Triglyc <= 40.084) -> Pt_FatherT1D >= 24.431) -> LDL >= 37.978)
",-24.431,-24.431,0.000,0.000,1.000,0,0,0,3,3,0,0,3,0.0,0,0,0.0,0.0,1.0
"F[1,2]((AlbCreatRat_mggNew >= 1.420 & HbA1cImputeDtMnC >= 17.406) & BldPrSys <= 58.480)
",-9999999.000,-9999999.000,0.000,0.000,1.000,0,0,0,3,3,0,0,3,0.0,0,0,0.0,0.0,1.0
"F[0,2]((bmiZscore <= -1.327 -> HbA1cImputeDtMnC <= 58.713) & Pt_A1cGoalLev >= 31.907)
",-9999999.000,-9999999.000,0.000,0.000,1.000,0,0,0,3,3,0,0,3,0.0,0,0,0.0,0.0,1.0
"F[1,2](Pt_A1cGoalLev >= 0.331 -> TotalDailyInsPerKg <= 0.866)
",-9999999.000,-9999999.000,0.000,0.000,1.000,0,0,0,3,3,0,0,3,0.0,0,0,0.0,0.0,1.0
"F[1,2](((BldPrSys >= 115.410 & DirectLDL >= 0.000) & diagAgeCombo <= 0.000) & Pt_SHFlg >= 0.000)
",-9999999.000,-9999999.000,0.000,0.000,1.000,0,0,0,3,3,0,0,3,0.0,0,0,0.0,0.0,1.0
"F[0,0](((BGTestAvgNumPtRep >= 0.475 & BUN >= 9.200) -> Pt_InsGov <= 12.650) -> BGTestAvgNumMeter <= 14.833)
",12.650,12.650,0.000,0.000,1.000,0,0,0,3,3,0,0,3,0.0,0,0,0.0,0.0,1.0
"((SMBGperDayPtMeterCombo <= 2.467) U[2,2] (BGTestAvgNumMeter <= 3.228))
",7268215488342851.000,3.228,0.000,0.000,1.000,0,0,0,3,3,0,0,3,0.0,0,0,0.0,0.0,1.0
"F[0,2]((BGTestAvgNumPtRep <= 2.967 -> TSH <= 0.459) & HDL >= 0.058)
",-9999999.000,-9999999.000,0.000,0.000,1.000,0,0,0,3,3,0,0,3,0.0,0,0,0.0,0.0,1.0
"F[0,2](((Pt_InsGov <= 0.000 | UnitsInsBasalOrLongAct <= 50.100) & age >= 9.764) & BUN <= 39.621)
",-9999999.000,-9999999.000,0.000,0.000,1.000,0,0,0,3,3,0,0,3,0.0,0,0,0.0,0.0,1.0
"F[0,2]((diabDur >= 3.195 & BUN >= 9.648) | BUN >= 10.417)
",-9999999.000,-9999999.000,0.000,0.000,1.000,0,0,0,3,3,0,0,3,0.0,0,0,0.0,0.0,1.0
"F[1,2](TotalDailyInsPerKg <= 0.991 & HDL <= 29.334)
",-9999999.000,-9999999.000,0.000,0.000,1.000,0,0,0,3,3,0,0,3,0.0,0,0,0.0,0.0,1.0
"F[1,1](Pt_ChildT1D >= 0.000 & DirectLDL <= 0.000)
",0.000,0.000,0.000,0.000,1.000,0,0,0,3,3,0,0,3,0.0,0,0,0.0,0.0,1.0
"F[0,2]((DirectLDL >= 0.000 -> age <= 22.941) & HbA1c <= 21.361)
",-9999999.000,-9999999.000,0.000,0.000,1.000,0,0,0,3,3,0,0,3,0.0,0,0,0.0,0.0,1.0
"F[1,2]((DirectLDL <= 0.000 | HbA1cImputeDtMnC >= 17.295) | BGTestAvgNumPtRep >= 25.693)
",-9999999.000,-9999999.000,0.000,0.000,1.000,0,0,0,3,3,0,0,3,0.0,0,0,0.0,0.0,1.0
"((Pt_A1cGoalLev <= 3.522) U[0,2] (Pt_CGMUseNumDays >= 0.000))
",-9999999.000,-9999999.000,0.000,0.000,1.000,0,0,0,3,3,0,0,3,0.0,0,0,0.0,0.0,1.0
"((TSH <= 0.767) U[2,2] (Pt_A1cGoalLevelDsYr5 <= 0.000))
",0.767,0.767,0.000,0.000,1.000,0,0,0,3,3,0,0,3,0.0,0,0,0.0,0.0,1.0
"F[1,2](((HbA1c >= 8.124 | TSH <= 0.563) & Pt_SiblingT1D >= 0.344) & BGTestAvgNumMeter >= 0.373)
",-9999999.000,-9999999.000,0.000,0.000,1.000,0,0,0,3,3,0,0,3,0.0,0,0,0.0,0.0,1.0
"F[1,2]((Pt_InsGov >= 0.000 -> bmiPerc <= 0.072) & HbA1cImputeDtMnC <= 0.211)
",-9999999.000,-9999999.000,0.000,0.000,1.000,0,0,0,3,3,0,0,3,0.0,0,0,0.0,0.0,1.0
"F[1,1](((bmiPerc >= 0.038 | BldPrDia <= 78.873) -> diabDur <= 76.064) | BGTestAvgNumMeter >= 62.580)
",-62.580,-62.580,0.000,0.000,1.000,0,0,0,3,3,0,0,3,0.0,0,0,0.0,0.0,1.0
"F[1,2](Pt_InsGov <= 0.000 | Pt_MotherT1D <= 0.000)
",-9999999.000,-9999999.000,0.000,0.000,1.000,0,0,0,3,3,0,0,3,0.0,0,0,0.0,0.0,1.0
"F[2,2]((BGTestAvgNumPtRep >= 2.510 -> BGTestAvgNumPtRep <= 7.184) -> bmiZscore <= 2.997)
",-2.997,-2.997,0.000,0.000,1.000,0,0,0,3,3,0,0,3,0.0,0,0,0.0,0.0,1.0
"F[1,2](Pt_DKAFlg <= 0.000 | HDL <= 59.726)
",-9999999.000,-9999999.000,0.000,0.000,1.000,0,0,0,3,3,0,0,3,0.0,0,0,0.0,0.0,1.0
"F[1,2]((TotalDailyInsPerKg <= 0.984 -> BUN >= 8.020) | BldPrSys >= 5.946)
",-9999999.000,-9999999.000,0.000,0.000,1.000,0,0,0,3,3,0,0,3,0.0,0,0,0.0,0.0,1.0
"F[0,2]((BUN <= 15.773 -> SMBGperDayPtMeterCombo <= 5.143) & LDL >= 1.524)
",-9999999.000,-9999999.000,0.000,0.000,1.000,0,0,0,3,3,0,0,3,0.0,0,0,0.0,0.0,1.0
"((diagAgeCombo >= 15.000) U[0,1] (BUN >= 4.715))
",-9999999.000,-9999999.000,0.000,0.000,1.000,0,0,0,3,3,0,0,3,0.0,0,0,0.0,0.0,1.0
"F[0,1]((Pt_GrandchildT1D >= 0.000 | diagAgeCombo <= 15.000) | Pt_SiblingT1D >= 15.000)
",-9999999.000,-9999999.000,0.000,0.000,1.000,0,0,0,3,3,0,0,3,0.0,0,0,0.0,0.0,1.0
"F[0,2]((Pt_A1cGoalLev <= 6.310 | HeightCm >= 164.719) | UnitsInsBasalOrLongAct >= 162.840)
",-9999999.000,-9999999.000,0.000,0.000,1.000,0,0,0,3,3,0,0,3,0.0,0,0,0.0,0.0,1.0
"((AutonomicNeuroCl >= 0.000) U[0,2] (BldPrDia >= 65.435))
",-9999999.000,-9999999.000,0.000,0.000,1.000,0,0,0,3,3,0,0,3,0.0,0,0,0.0,0.0,1.0
"F[0,2]((age <= 21.751 & HbA1c >= 7.226) & diagAgeCombo <= 9.196)
",-9999999.000,-9999999.000,0.000,0.000,1.000,0,0,0,3,3,0,0,3,0.0,0,0,0.0,0.0,1.0
"F[0,2]((GFR >= 2.530 & BGTestAvgNumMeter >= 0.026) -> Pt_A1cGoalLevelDsYr5 <= 3.817)
",-9999999.000,-9999999.000,0.000,0.000,1.000,0,0,0,3,3,0,0,3,0.0,0,0,0.0,0.0,1.0
"((TotChol >= 59.608) U[0,1] (Pt_SHFlg >= 0.000))
",-9999999.000,-9999999.000,0.000,0.000,1.000,0,0,0,3,3,0,0,3,0.0,0,0,0.0,0.0,1.0
"F[1,2](((SMBGperDayPtMeterCombo >= 1.747 & Pt_InsGov <= 0.000) -> TotalDailyInsPerKg <= 0.000) | Pt_ChildT1D >= 0.000)
",-9999999.000,-9999999.000,0.000,0.000,1.000,0,0,0,3,3,0,0,3,0.0,0,0,0.0,0.0,1.0
"F[1,2]((bmi <= 19.559 & Pt_GrandchildT1D >= 0.000) -> LDL <= 0.000)
",-9999999.000,-9999999.000,0.000,0.000,1.000,0,0,0,3,3,0,0,3,0.0,0,0,0.0,0.0,1.0
"F[0,2](TSH <= 0.621 -> age <= 20.696)
",-9999999.000,-9999999.000,0.000,0.000,1.000,0,0,0,3,3,0,0,3,0.0,0,0,0.0,0.0,1.0
"F[0,2]((WeightKg >= 52.393 | Pt_GrandchildT1D <= 0.000) | WeightKg >= 0.000)
",-9999999.000,-9999999.000,0.000,0.000,1.000,0,0,0,3,3,0,0,3,0.0,0,0,0.0,0.0,1.0
"F[0,1](((BUN >= 4.408 & NumPumpBolusOrShortAct <= 0.000) -> Pt_GrandparentT1D >= 0.000) | Triglyc >= 0.000)
",-9999999.000,-9999999.000,0.000,0.000,1.000,0,0,0,3,3,0,0,3,0.0,0,0,0.0,0.0,1.0
"((diagAgeCombo >= 15.000) U[1,2] (Pt_CGMUseNumDays <= 0.000))
",-9999999.000,-9999999.000,0.000,0.000,1.000,0,0,0,3,3,0,0,3,0.0,0,0,0.0,0.0,1.0
"F[0,1](Triglyc >= 7.945 -> HbA1c <= 9.112)
",-9999999.000,-9999999.000,0.000,0.000,1.000,0,0,0,3,3,0,0,3,0.0,0,0,0.0,0.0,1.0
"F[0,0](Pt_DKAFlg <= 0.000 & BUN >= 8.052)
",-8.052,-8.052,0.000,0.000,1.000,0,0,0,3,3,0,0,3,0.0,0,0,0.0,0.0,1.0
"F[0,2](Pt_A1cGoalLev >= 0.534 & BGTestAvgNumPtRep <= 5.571)
",-9999999.000,-9999999.000,0.000,0.000,1.000,0,0,0,3,3,0,0,3,0.0,0,0,0.0,0.0,1.0
"F[0,2](((GFR >= 6.133 | Pt_SHFlg >= 0.000) -> Pt_GrandchildT1D <= 0.000) -> Triglyc >= 0.000)
",-9999999.000,-9999999.000,0.000,0.000,1.000,0,0,0,3,3,0,0,3,0.0,0,0,0.0,0.0,1.0
"F[2,2]((Pt_SHFlg >= 0.000 & UnitsInsBasalOrLongAct >= 9.231) -> Pt_DKAFlg <= 36.787)
",-36.787,-36.787,0.000,0.000,1.000,0,0,0,3,3,0,0,3,0.0,0,0,0.0,0.0,1.0
"F[0,0](((Pt_FatherT1D <= 0.000 -> Pt_MotherT1D >= 0.000) -> BldPrDia >= 0.000) & UnitsInsBasalOrLongAct >= 0.000)
",-16.352,-123.333,0.000,0.000,1.000,0,0,0,3,3,0,0,3,0.0,0,0,0.0,0.0,1.0
"F[0,2]((age <= 20.858 -> NumPumpBolusOrShortAct >= 0.000) & NumPumpBolusOrShortAct >= 0.000)
",-9999999.000,-9999999.000,0.000,0.000,1.000,0,0,0,3,3,0,0,3,0.0,0,0,0.0,0.0,1.0
"((HbA1cImputeDtMnC <= 53.742) U[2,2] (HDL <= 56.646))
",56.646,56.646,0.000,0.000,1.000,0,0,0,3,3,0,0,3,0.0,0,0,0.0,0.0,1.0
"((HeightCm >= 163.369) U[0,0] (HeightCm >= 163.439))
",-31.486,-111.536,0.000,0.000,1.000,0,0,0,3,3,0,0,3,0.0,0,0,0.0,0.0,1.0
"F[1,2](((BGTestAvgNumPtRep >= 1.712 -> WeightKg <= 56.943) | Pt_ChildT1D <= 55.430) | diagAgeCombo >= 51.355)
",-9999999.000,-9999999.000,0.000,0.000,1.000,0,0,0,3,3,0,0,3,0.0,0,0,0.0,0.0,1.0
"((Pt_GrandchildT1D >= 0.000) U[1,2] (HDL >= 22.926))
",-9999999.000,-9999999.000,0.000,0.000,1.000,0,0,0,3,3,0,0,3,0.0,0,0,0.0,0.0,1.0
"F[2,2](BUN >= 1.499 -> Pt_ChildT1D >= 0.000)
",0.000,0.000,0.000,0.000,1.000,0,0,0,3,3,0,0,3,0.0,0,0,0.0,0.0,1.0
"F[1,2](((BldPrDia <= 81.586 -> Pt_FatherT1D <= 0.000) | AlbCreatRat_mggNew >= 0.000) -> HDL >= 0.000)
",-9999999.000,-9999999.000,0.000,0.000,1.000,0,0,0,3,3,0,0,3,0.0,0,0,0.0,0.0,1.0
"F[1,2](((Pt_DKAFlg <= 0.000 & BldPrDia >= 62.486) -> Pt_CGMUseNumDays <= 74.498) & HDL >= 65.980)
",-9999999.000,-9999999.000,0.000,0.000,1.000,0,0,0,3,3,0,0,3,0.0,0,0,0.0,0.0,1.0
"((BGTestAvgNumPtRep >= 2.364) U[0,2] (BGTestAvgNumMeter <= 2.057))
",-9999999.000,-9999999.000,0.000,0.000,1.000,0,0,0,3,3,0,0,3,0.0,0,0,0.0,0.0,1.0
"F[1,1]((BldPrDia <= 78.693 -> HeightCm >= 163.141) | bmiPerc >= 163.988)
",-78.693,-78.693,0.000,0.000,1.000,0,0,0,3,3,0,0,3,0.0,0,0,0.0,0.0,1.0
"F[0,1](((BGTestAvgNumPtRep <= 3.639 -> BldPrDia <= 71.834) -> Pt_A1cGoalLev <= 75.724) -> Pt_FatherT1D <= 72.352)
",-9999999.000,-9999999.000,0.000,0.000,1.000,0,0,0,3,3,0,0,3,0.0,0,0,0.0,0.0,1.0
"F[0,2](((Pt_CGMUseNumDays <= 0.000 & TSH >= 0.347) | Pt_MotherT1D <= 0.635) | AutonomicNeuroCl >= 0.255)
",-9999999.000,-9999999.000,0.000,0.000,1.000,0,0,0,3,3,0,0,3,0.0,0,0,0.0,0.0,1.0
"F[2,2](((Pt_DKAFlg >= 0.000 & Pt_GrandchildT1D <= 0.000) | WeightKg >= 0.000) & Pt_SiblingT1D <= 0.000)
",0.000,0.000,0.000,0.000,1.000,0,0,0,3,3,0,0,3,0.0,0,0,0.0,0.0,1.0
"F[1,1]((UnitsInsBasalOrLongAct <= 39.923 -> DirectLDL <= 0.000) -> Pt_GrandchildT1D >= 0.000)
",0.000,0.000,0.000,0.000,1.000,0,0,0,3,3,0,0,3,0.0,0,0,0.0,0.0,1.0
"((Pt_FatherT1D >= 0.000) U[0,1] (BldPrSys >= 110.078))
",-9999999.000,-9999999.000,0.000,0.000,1.000,0,0,0,3,3,0,0,3,0.0,0,0,0.0,0.0,1.0
"F[1,2]((DirectLDL <= 0.000 | HeightCm >= 162.804) | Pt_DKAFlg <= 165.860)
",-9999999.000,-9999999.000,0.000,0.000,1.000,0,0,0,3,3,0,0,3,0.0,0,0,0.0,0.0,1.0
"F[1,1](((LDL >= 2.675 -> HDL <= 47.935) & AutonomicNeuroCl >= 10.832) -> bmiPerc <= 43.841)
",-6170127358556187.000,-43.841,0.000,0.000,1.000,0,0,0,3,3,0,0,3,0.0,0,0,0.0,0.0,1.0
"F[1,1]((Pt_ChildT1D >= 0.000 & bmi >= 18.088) | SMBGperDayPtMeterCombo >= 18.137)
",-18.088,-18.088,0.000,0.000,1.000,0,0,0,3,3,0,0,3,0.0,0,0,0.0,0.0,1.0
"F[0,2]((DirectLDL <= 0.000 -> HbA1c >= 7.998) | Pt_MotherT1D <= 8.673)
",-9999999.000,-9999999.000,0.000,0.000,1.000,0,0,0,3,3,0,0,3,0.0,0,0,0.0,0.0,1.0
"F[0,2]((bmiZscore <= -1.312 | Pt_SHFlg <= 0.000) | BGTestAvgNumPtRep >= 0.000)
",-9999999.000,-9999999.000,0.000,0.000,1.000,0,0,0,3,3,0,0,3,0.0,0,0,0.0,0.0,1.0
"F[0,2](AutonomicNeuroCl >= 0.000 & DirectLDL <= 0.000)
",-9999999.000,-9999999.000,0.000,0.000,1.000,0,0,0,3,3,0,0,3,0.0,0,0,0.0,0.0,1.0
"((BldPrDia >= 66.082) U[0,2] (Pt_SiblingT1D >= 0.000))
",-9999999.000,-9999999.000,0.000,0.000,1.000,0,0,0,3,3,0,0,3,0.0,0,0,0.0,0.0,1.0
"((Pt_CGMUseNumDays <= 0.000) U[0,0] (Pt_DKAFlg <= 0.000))
",0.000,0.000,0.000,0.000,1.000,0,0,0,3,3,0,0,3,0.0,0,0,0.0,0.0,1.0
"((GFR >= 11.500) U[0,2] (Triglyc <= 110.264))
",-9999999.000,-9999999.000,0.000,0.000,1.000,0,0,0,3,3,0,0,3,0.0,0,0,0.0,0.0,1.0
"F[1,2](((BGTestAvgNumPtRep <= 6.489 -> SMBGperDayPtMeterCombo <= 4.220) | Pt_InsGov >= 2.012) & Pt_A1cGoalLev <= 3.721)
",-9999999.000,-9999999.000,0.000,0.000,1.000,0,0,0,3,3,0,0,3,0.0,0,0,0.0,0.0,1.0
"F[0,1](((Pt_A1cGoalLevelDsYr5 <= 0.000 | LDL >= 3.272) | BGTestAvgNumPtRep >= 13.919) | DirectLDL >= 14.392)
",-9999999.000,-9999999.000,0.000,0.000,1.000,0,0,0,3,3,0,0,3,0.0,0,0,0.0,0.0,1.0
"F[1,2](SMBGperDayPtMeterCombo <= 5.180 & Pt_SHFlg >= 0.000)
",-9999999.000,-9999999.000,0.000,0.000,1.000,0,0,0,3,3,0,0,3,0.0,0,0,0.0,0.0,1.0
"F[0,1](TSH >= 0.235 | Pt_A1cGoalLevelDsYr5 <= 0.000)
",-9999999.000,-9999999.000,0.000,0.000,1.000,0,0,0,3,3,0,0,3,0.0,0,0,0.0,0.0,1.0
"F[0,2](((BGTestAvgNumMeter <= 3.043 -> BldPrSys <= 124.433) & AlbCreatRat_mggNew >= 117.063) | bmi <= 132.183)
",-9999999.000,-9999999.000,0.000,0.000,1.000,0,0,0,3,3,0,0,3,0.0,0,0,0.0,0.0,1.0
"F[1,2](diabDur >= 4.633 & SMBGperDayPtMeterCombo >= 0.834)
",-9999999.000,-9999999.000,0.000,0.000,1.000,0,0,0,3,3,0,0,3,0.0,0,0,0.0,0.0,1.0
"F[0,1](Pt_CGMUseNumDays >= 0.000 -> diagAgeCombo >= 15.000)
",-9999999.000,-9999999.000,0.000,0.000,1.000,0,0,0,3,3,0,0,3,0.0,0,0,0.0,0.0,1.0
"F[0,2]((Pt_A1cGoalLev >= 1.050 | Pt_ChildT1D <= 0.000) -> bmiZscore >= 0.000)
",-9999999.000,-9999999.000,0.000,0.000,1.000,0,0,0,3,3,0,0,3,0.0,0,0,0.0,0.0,1.0
"F[0,2](((diabDur >= 3.540 | Pt_A1cGoalLevelDsYr5 <= 0.000) -> Pt_A1cGoalLev >= 0.000) & DirectLDL >= 0.000)
",-9999999.000,-9999999.000,0.000,0.000,1.000,0,0,0,3,3,0,0,3,0.0,0,0,0.0,0.0,1.0
"F[0,1](Pt_A1cGoalLevelDsYr5 >= 0.000 & DirectLDL <= 0.000)
",-9999999.000,-9999999.000,0.000,0.000,1.000,0,0,0,3,3,0,0,3,0.0,0,0,0.0,0.0,1.0
"F[1,1](Pt_DKAFlg >= 0.000 -> Pt_DKAFlg <= 0.000)
",0.000,0.000,0.000,0.000,1.000,0,0,0,3,3,0,0,3,0.0,0,0,0.0,0.0,1.0
"F[1,2](HDL >= 1.545 | Pt_A1cGoalLevelDsYr5 <= 0.000)
",-9999999.000,-9999999.000,0.000,0.000,1.000,0,0,0,3,3,0,0,3,0.0,0,0,0.0,0.0,1.0
"F[0,2](((bmi <= 20.577 | TotalDailyInsPerKg <= 1.234) -> BUN <= 1.523) & bmiPerc >= 0.460)
",-9999999.000,-9999999.000,0.000,0.000,1.000,0,0,0,3,3,0,0,3,0.0,0,0,0.0,0.0,1.0
"((bmi <= 19.350) U[2,2] (Triglyc >= 29.281))
",19.350,19.350,0.000,0.000,1.000,0,0,0,3,3,0,0,3,0.0,0,0,0.0,0.0,1.0
"F[0,2](BUN >= 3.593 | TotalDailyInsPerKg >= 0.423)
",-9999999.000,-9999999.000,0.000,0.000,1.000,0,0,0,3,3,0,0,3,0.0,0,0,0.0,0.0,1.0
"F[1,2]((age <= 22.275 | diabDur >= 3.805) -> BldPrDia <= 6.407)
",-9999999.000,-9999999.000,0.000,0.000,1.000,0,0,0,3,3,0,0,3,0.0,0,0,0.0,0.0,1.0
"F[0,1](((BGTestAvgNumMeter <= 5.981 | SMBGperDayPtMeterCombo <= 3.598) | Pt_A1cGoalLevelDsYr5 <= 4.542) & TSH <= 2.487)
",-9999999.000,-9999999.000,0.000,0.000,1.000,0,0,0,3,3,0,0,3,0.0,0,0,0.0,0.0,1.0
"F[0,2]((BGTestAvgNumMeter <= 4.769 & BldPrDia <= 80.496) -> Triglyc <= 77.485)
",-9999999.000,-9999999.000,0.000,0.000,1.000,0,0,0,3,3,0,0,3,0.0,0,0,0.0,0.0,1.0
"F[2,2]((BGTestAvgNumPtRep >= 2.385 -> diabDur >= 4.576) -> TotalDailyInsPerKg <= 6.746)
",-6.746,-6.746,0.000,0.000,1.000,0,0,0,3,3,0,0,3,0.0,0,0,0.0,0.0,1.0
"F[0,2](BUN >= 7.977 -> Pt_A1cGoalLev >= 0.085)
",-9999999.000,-9999999.000,0.000,0.000,1.000,0,0,0,3,3,0,0,3,0.0,0,0,0.0,0.0,1.0
"F[2,2](((BGTestAvgNumPtRep >= 0.667 & HbA1cImputeDtMnC <= 46.589) | Pt_SHFlg <= 47.413) | TotalDailyInsPerKg >= 12.517)
",6672772017461091.000,47.413,0.000,0.000,1.000,0,0,0,3,3,0,0,3,0.0,0,0,0.0,0.0,1.0
"F[1,1]((AlbCreatRat_mggNew <= 31.095 -> GFR >= 16.714) -> Pt_FatherT1D <= 113.183)
",-113.183,-113.183,0.000,0.000,1.000,0,0,0,3,3,0,0,3,0.0,0,0,0.0,0.0,1.0
"F[0,2](bmi >= 18.459 -> WeightKg >= 48.161)
",-9999999.000,-9999999.000,0.000,0.000,1.000,0,0,0,3,3,0,0,3,0.0,0,0,0.0,0.0,1.0
"F[1,2]((BGTestAvgNumPtRep >= 0.718 -> BldPrDia >= 65.854) & Pt_A1cGoalLevelDsYr5 >= 62.451)
",-9999999.000,-9999999.000,0.000,0.000,1.000,0,0,0,3,3,0,0,3,0.0,0,0,0.0,0.0,1.0
"F[0,1]((TotChol >= 49.838 -> TSH >= 0.199) | age <= 0.571)
",-9999999.000,-9999999.000,0.000,0.000,1.000,0,0,0,3,3,0,0,3,0.0,0,0,0.0,0.0,1.0
"F[1,2](BGTestAvgNumMeter < 3.082 -> Pt_SHFlg = 0.000)
",-9999999.000,-9999999.000,0.000,0.000,1.000,0,0,0,3,3,0,0,3,0.0,0,0,0.0,0.0,1.0
"F[0,0](Pt_SHFlg >= 0.000 & Pt_SHFlg = 0.000)
",-3.252,-51.839,0.000,0.000,1.000,0,0,0,3,3,0,0,3,0.0,0,0,0.0,0.0,1.0
"((TSH < 0.535) U[0,1] (Pt_SHFlg = 0.000))
",-9999999.000,-9999999.000,0.000,0.000,1.000,0,0,0,3,3,0,0,3,0.0,0,0,0.0,0.0,1.0
"((Pt_SiblingT1D <= 0.000) U[2,2] (Pt_SHFlg = 0.000))
",0.000,0.000,0.000,0.000,1.000,0,0,0,3,3,0,0,3,0.0,0,0,0.0,0.0,1.0
"F[0,1](BUN <= 13.132 & Pt_SHFlg = 0.000)
",-9999999.000,-9999999.000,0.000,0.000,1.000,0,0,0,3,3,0,0,3,0.0,0,0,0.0,0.0,1.0
"F[1,2](((age >= 19.005 & BldPrSys >= 108.352) | DirectLDL >= 117.643) | Pt_GrandchildT1D <= 128.430)
",-9999999.000,-9999999.000,0.000,0.000,1.000,0,0,0,3,3,0,0,3,0.0,0,0,0.0,0.0,1.0
"F[2,2]((BldPrDia <= 71.012 | SMBGperDayPtMeterCombo <= 3.369) | Pt_GrandparentT1D >= 1.284)
",71.012,71.012,0.000,0.000,1.000,0,0,0,3,3,0,0,3,0.0,0,0,0.0,0.0,1.0
"((bmiPerc <= 0.202) U[1,2] (HbA1cImputeDtMnC <= 40.281))
",-9999999.000,-9999999.000,0.000,0.000,1.000,0,0,0,3,3,0,0,3,0.0,0,0,0.0,0.0,1.0
"F[1,2](LDL <= 40.728 | UnitsInsBasalOrLongAct >= 11.208)
",-9999999.000,-9999999.000,0.000,0.000,1.000,0,0,0,3,3,0,0,3,0.0,0,0,0.0,0.0,1.0
"F[0,2]((BUN >= 4.147 & SMBGperDayPtMeterCombo >= 0.257) | Pt_CGMUseNumDays <= 3.078)
",-9999999.000,-9999999.000,0.000,0.000,1.000,0,0,0,3,3,0,0,3,0.0,0,0,0.0,0.0,1.0
"F[0,2](((AlbCreatRat_mggNew >= 3.565 | HbA1c <= 9.609) | Pt_DKAFlg >= 7.407) & LDL >= 7.132)
",-9999999.000,-9999999.000,0.000,0.000,1.000,0,0,0,3,3,0,0,3,0.0,0,0,0.0,0.0,1.0
"F[0,2](HDL >= 25.641 -> Triglyc <= 38.906)
",-9999999.000,-9999999.000,0.000,0.000,1.000,0,0,0,3,3,0,0,3,0.0,0,0,0.0,0.0,1.0
"F[1,2]((diabDur >= 4.334 -> UnitsInsBasalOrLongAct <= 44.534) & Pt_InsGov <= 50.668)
",-9999999.000,-9999999.000,0.000,0.000,1.000,0,0,0,3,3,0,0,3,0.0,0,0,0.0,0.0,1.0
"F[0,1]((BldPrSys >= 106.658 -> WeightKg <= 54.745) | Pt_FatherT1D >= 51.713)
",-9999999.000,-9999999.000,0.000,0.000,1.000,0,0,0,3,3,0,0,3,0.0,0,0,0.0,0.0,1.0
"F[2,2](((HDL >= 5.866 & HeightCm >= 164.839) | HbA1cImputeDtMnC <= 165.574) | diabDur <= 166.292)
",166.292,166.292,0.000,0.000,1.000,0,0,0,3,3,0,0,3,0.0,0,0,0.0,0.0,1.0
"F[0,1]((BGTestAvgNumMeter >= 0.780 | TotChol <= 120.297) | Pt_MotherT1D <= 127.072)
",-9999999.000,-9999999.000,0.000,0.000,1.000,0,0,0,3,3,0,0,3,0.0,0,0,0.0,0.0,1.0
"F[0,2](((BGTestAvgNumMeter <= 2.524 -> HbA1cImputeDtMnC <= 54.910) | UnitsInsBasalOrLongAct <= 39.666) -> Pt_MotherT1D >= 18.842)
",-9999999.000,-9999999.000,0.000,0.000,1.000,0,0,0,3,3,0,0,3,0.0,0,0,0.0,0.0,1.0
"F[0,2](((HbA1c >= 7.643 | HDL <= 31.194) | GFR <= 61.864) & LDL >= 1.722)
",-9999999.000,-9999999.000,0.000,0.000,1.000,0,0,0,3,3,0,0,3,0.0,0,0,0.0,0.0,1.0
"((GFR >= 9.302) U[2,2] (HbA1c >= 7.905))
",-7.905,-7.905,0.000,0.000,1.000,0,0,0,3,3,0,0,3,0.0,0,0,0.0,0.0,1.0
"F[0,0](BGTestAvgNumMeter <= 5.592 -> BldPrSys <= 133.538)
",-133.538,-133.538,0.000,0.000,1.000,0,0,0,3,3,0,0,3,0.0,0,0,0.0,0.0,1.0
"F[0,1]((BldPrSys <= 124.991 | SMBGperDayPtMeterCombo >= 0.752) -> diabDur <= 5.127)
",-9999999.000,-9999999.000,0.000,0.000,1.000,0,0,0,3,3,0,0,3,0.0,0,0,0.0,0.0,1.0
"F[0,0]((bmiZscore <= -0.956 | WeightKg <= 55.144) | age >= 48.032)
",38.286,54.144,0.000,0.000,1.000,0,0,0,3,3,0,0,3,0.0,0,0,0.0,0.0,1.0
"F[0,1]((LDL >= 6.604 | Triglyc >= 34.806) -> Pt_ChildT1D <= 102.973)
",-9999999.000,-9999999.000,0.000,0.000,1.000,0,0,0,3,3,0,0,3,0.0,0,0,0.0,0.0,1.0
"((Pt_SiblingT1D < 0.000) U[0,2] (Pt_SHFlg = 0.000))
",-9999999.000,-9999999.000,0.000,0.000,1.000,0,0,0,3,3,0,0,3,0.0,0,0,0.0,0.0,1.0
"((Pt_GrandchildT1D <= 0.000) U[1,2] (Pt_SHFlg = 0.000))
",-9999999.000,-9999999.000,0.000,0.000,1.000,0,0,0,3,3,0,0,3,0.0,0,0,0.0,0.0,1.0
"F[0,2](TotalDailyInsPerKg > 0.462 & Pt_SHFlg = 0.000)
",-9999999.000,-9999999.000,0.000,0.000,1.000,0,0,0,3,3,0,0,3,0.0,0,0,0.0,0.0,1.0
"F[1,1](HbA1c >= 7.333 -> Pt_A1cGoalLevelDsYr5 = 0.000)
",0.000,0.000,0.000,0.000,1.000,0,0,0,3,3,0,0,3,0.0,0,0,0.0,0.0,1.0
"((Pt_ChildT1D > 0.000) U[0,2] (Pt_SHFlg = 0.000))
",-9999999.000,-9999999.000,0.000,0.000,1.000,0,0,0,3,3,0,0,3,0.0,0,0,0.0,0.0,1.0
"F[0,2](HbA1c >= 7.342 -> Pt_A1cGoalLevelDsYr5 = 0.000)
",-9999999.000,-9999999.000,0.000,0.000,1.000,0,0,0,3,3,0,0,3,0.0,0,0,0.0,0.0,1.0
"((BGTestAvgNumMeter >= 0.469) U[0,2] (BGTestAvgNumPtRep <= 7.178))
",-9999999.000,-9999999.000,0.000,0.000,1.000,0,0,0,3,3,0,0,3,0.0,0,0,0.0,0.0,1.0
"F[0,1](HbA1c >= 7.925 -> Pt_A1cGoalLevelDsYr5 = 0.000)
",-9999999.000,-9999999.000,0.000,0.000,1.000,0,0,0,3,3,0,0,3,0.0,0,0,0.0,0.0,1.0
"F[0,0](HbA1c >= 7.757 -> Pt_A1cGoalLevelDsYr5 = 0.000)
",0.000,0.000,0.000,0.000,1.000,0,0,0,3,3,0,0,3,0.0,0,0,0.0,0.0,1.0
"((BGTestAvgNumMeter >= 1.423) U[0,2] (BGTestAvgNumPtRep <= 5.081))
",-9999999.000,-9999999.000,0.000,0.000,1.000,0,0,0,3,3,0,0,3,0.0,0,0,0.0,0.0,1.0
"((BGTestAvgNumMeter >= 1.536) U[0,1] (BGTestAvgNumPtRep <= 7.792))
",-9999999.000,-9999999.000,0.000,0.000,1.000,0,0,0,3,3,0,0,3,0.0,0,0,0.0,0.0,1.0
"((NumPumpBolusOrShortAct >= 0.000) U[0,2] (Pt_SHFlg = 0.000))
",-9999999.000,-9999999.000,0.000,0.000,1.000,0,0,0,3,3,0,0,3,0.0,0,0,0.0,0.0,1.0
"F[0,0](HbA1c >= 7.745 -> Pt_A1cGoalLevelDsYr5 = 0.000)
",0.000,0.000,0.000,0.000,1.000,0,0,0,3,3,0,0,3,0.0,0,0,0.0,0.0,1.0
"F[1,2](HbA1c >= 7.016 -> Pt_A1cGoalLevelDsYr5 = 0.000)
",-9999999.000,-9999999.000,0.000,0.000,1.000,0,0,0,3,3,0,0,3,0.0,0,0,0.0,0.0,1.0
"((BGTestAvgNumMeter >= 0.815) U[0,1] (BGTestAvgNumPtRep <= 7.957))
",-9999999.000,-9999999.000,0.000,0.000,1.000,0,0,0,3,3,0,0,3,0.0,0,0,0.0,0.0,1.0
"F[0,1](HbA1c >= 7.059 -> Pt_A1cGoalLevelDsYr5 = 0.000)
",-9999999.000,-9999999.000,0.000,0.000,1.000,0,0,0,3,3,0,0,3,0.0,0,0,0.0,0.0,1.0
"F[1,2](HbA1c >= 8.314 -> Pt_A1cGoalLevelDsYr5 = 0.000)
",-9999999.000,-9999999.000,0.000,0.000,1.000,0,0,0,3,3,0,0,3,0.0,0,0,0.0,0.0,1.0
"F[2,2](HbA1c >= 7.023 -> Pt_A1cGoalLevelDsYr5 = 0.000)
",0.000,0.000,0.000,0.000,1.000,0,0,0,3,3,0,0,3,0.0,0,0,0.0,0.0,1.0
"F[0,1](Pt_CGMUseNumDays <= 0.000 -> Pt_SHFlg = 0.000)
",-9999999.000,-9999999.000,0.000,0.000,1.000,0,0,0,3,3,0,0,3,0.0,0,0,0.0,0.0,1.0
"((Pt_A1cGoalLevelDsYr5 >= 0.000) U[0,0] (Pt_SHFlg = 0.000))
",0.000,0.000,0.000,0.000,1.000,0,0,0,3,3,0,0,3,0.0,0,0,0.0,0.0,1.0
"F[0,2](AutonomicNeuroCl <= 0.000 -> Pt_SHFlg = 0.000)
",-9999999.000,-9999999.000,0.000,0.000,1.000,0,0,0,3,3,0,0,3,0.0,0,0,0.0,0.0,1.0
"F[1,2](UnitsInsBasalOrLongAct <= 30.076 & Pt_SHFlg = 0.000)
",-9999999.000,-9999999.000,0.000,0.000,1.000,0,0,0,3,3,0,0,3,0.0,0,0,0.0,0.0,1.0
"((SMBGperDayPtMeterCombo <= 5.049) U[0,1] (Pt_SHFlg = 0.000))
",-9999999.000,-9999999.000,0.000,0.000,1.000,0,0,0,3,3,0,0,3,0.0,0,0,0.0,0.0,1.0
"F[1,2](Pt_CGMUseNumDays > 0.000 -> Pt_SHFlg = 0.000)
",-9999999.000,-9999999.000,0.000,0.000,1.000,0,0,0,3,3,0,0,3,0.0,0,0,0.0,0.0,1.0
"((AutonomicNeuroCl < 0.000) U[0,1] (Pt_SHFlg = 0.000))
",-9999999.000,-9999999.000,0.000,0.000,1.000,0,0,0,3,3,0,0,3,0.0,0,0,0.0,0.0,1.0
"((Pt_CGMUseNumDays >= 0.000) U[0,0] (Pt_SHFlg = 0.000))
",9574.000,9574.000,0.000,0.000,1.000,0,0,0,3,3,0,0,3,0.0,0,0,0.0,0.0,1.0
"F[1,2](Pt_SiblingT1D <= 0.000 -> Pt_SHFlg = 0.000)
",-9999999.000,-9999999.000,0.000,0.000,1.000,0,0,0,3,3,0,0,3,0.0,0,0,0.0,0.0,1.0
"((bmiPerc > 0.037) U[0,1] (Pt_SHFlg = 0.000))
",-9999999.000,-9999999.000,0.000,0.000,1.000,0,0,0,3,3,0,0,3,0.0,0,0,0.0,0.0,1.0
"((TSH < 0.817) U[0,1] (Pt_SHFlg = 0.000))
",-9999999.000,-9999999.000,0.000,0.000,1.000,0,0,0,3,3,0,0,3,0.0,0,0,0.0,0.0,1.0
"F[0,1](AlbCreatRat_mggNew <= 25.734 & Pt_SHFlg = 0.000)
",-9999999.000,-9999999.000,0.000,0.000,1.000,0,0,0,3,3,0,0,3,0.0,0,0,0.0,0.0,1.0
"F[0,2](LDL < 45.629 -> Pt_SHFlg = 0.000)
",-9999999.000,-9999999.000,0.000,0.000,1.000,0,0,0,3,3,0,0,3,0.0,0,0,0.0,0.0,1.0
"((BGTestAvgNumMeter <= 5.332) U[0,1] (Pt_SHFlg = 0.000))
",-9999999.000,-9999999.000,0.000,0.000,1.000,0,0,0,3,3,0,0,3,0.0,0,0,0.0,0.0,1.0
"((bmiPerc > 0.019) U[0,0] (Pt_SHFlg = 0.000))
",11.253,19.022,0.000,0.000,1.000,0,0,0,3,3,0,0,3,0.0,0,0,0.0,0.0,1.0
"((HbA1cImputeDtMnC <= 53.040) U[0,2] (Pt_SHFlg = 0.000))
",-9999999.000,-9999999.000,0.000,0.000,1.000,0,0,0,3,3,0,0,3,0.0,0,0,0.0,0.0,1.0
"F[0,0](BUN > 7.689 & Pt_SHFlg = 0.000)
",-3.252,-51.839,0.000,0.000,1.000,0,0,0,3,3,0,0,3,0.0,0,0,0.0,0.0,1.0
"F[0,2]((age <= 22.889 | bmiPerc <= 0.125) -> TotChol <= 0.075)
",-9999999.000,-9999999.000,0.000,0.000,1.000,0,0,0,3,3,0,0,3,0.0,0,0,0.0,0.0,1.0
"F[1,2]((GFR <= 115.623 -> TotalDailyInsPerKg <= 1.060) | DirectLDL >= 0.072)
",-9999999.000,-9999999.000,0.000,0.000,1.000,0,0,0,3,3,0,0,3,0.0,0,0,0.0,0.0,1.0
"F[0,1](diabDur >= 2.262 | WeightKg <= 55.309)
",-9999999.000,-9999999.000,0.000,0.000,1.000,0,0,0,3,3,0,0,3,0.0,0,0,0.0,0.0,1.0
"F[1,1](((GFR <= 69.978 -> LDL <= 30.036) & BGTestAvgNumPtRep >= 14.691) | Pt_CGMUseNumDays <= 33.972)
",33.972,33.972,0.000,0.000,1.000,0,0,0,3,3,0,0,3,0.0,0,0,0.0,0.0,1.0
"F[0,1](bmiPerc >= 0.028 -> LDL <= 21.969)
",-9999999.000,-9999999.000,0.000,0.000,1.000,0,0,0,3,3,0,0,3,0.0,0,0,0.0,0.0,1.0
"((bmi >= 18.906) U[0,2] (HbA1c <= 8.400))
",-9999999.000,-9999999.000,0.000,0.000,1.000,0,0,0,3,3,0,0,3,0.0,0,0,0.0,0.0,1.0
"((BldPrSys <= 119.796) U[1,2] (TotalDailyInsPerKg <= 1.464))
",-9999999.000,-9999999.000,0.000,0.000,1.000,0,0,0,3,3,0,0,3,0.0,0,0,0.0,0.0,1.0
"F[1,2](((HbA1c >= 7.002 & WeightKg <= 55.848) -> HbA1c >= 47.445) -> WeightKg >= 49.755)
",-9999999.000,-9999999.000,0.000,0.000,1.000,0,0,0,3,3,0,0,3,0.0,0,0,0.0,0.0,1.0
"F[1,2](BGTestAvgNumMeter <= 5.825 | GFR <= 116.990)
",-9999999.000,-9999999.000,0.000,0.000,1.000,0,0,0,3,3,0,0,3,0.0,0,0,0.0,0.0,1.0
"F[0,1](((LDL <= 36.086 | Pt_A1cGoalLev <= 6.780) & Pt_GrandparentT1D >= 1.064) | Pt_SHFlg <= 2.853)
",-9999999.000,-9999999.000,0.000,0.000,1.000,0,0,0,3,3,0,0,3,0.0,0,0,0.0,0.0,1.0
"F[0,0]((HeightCm >= 163.091 | WeightKg <= 57.387) | GFR >= 52.363)
",39.871,56.387,0.000,0.000,1.000,0,0,0,3,3,0,0,3,0.0,0,0,0.0,0.0,1.0
"F[1,2](((AlbCreatRat_mggNew <= 35.144 -> HDL <= 34.495) & WeightKg <= 52.659) -> TSH <= 58.675)
",-9999999.000,-9999999.000,0.000,0.000,1.000,0,0,0,3,3,0,0,3,0.0,0,0,0.0,0.0,1.0
"((bmi <= 20.299) U[2,2] (SMBGperDayPtMeterCombo <= 5.094))
",20.299,20.299,0.000,0.000,1.000,0,0,0,3,3,0,0,3,0.0,0,0,0.0,0.0,1.0
"F[2,2]((bmiPerc >= 0.002 -> Triglyc <= 107.349) | Pt_SHFlg >= 38.074)
",-38.074,-38.074,0.000,0.000,1.000,0,0,0,3,3,0,0,3,0.0,0,0,0.0,0.0,1.0
"F[0,1]((TotalDailyInsPerKg >= 0.740 | TotChol <= 157.646) -> Pt_DKAFlg <= 83.919)
",-9999999.000,-9999999.000,0.000,0.000,1.000,0,0,0,3,3,0,0,3,0.0,0,0,0.0,0.0,1.0
"F[2,2](SMBGperDayPtMeterCombo <= 3.756 | TotalDailyInsPerKg >= 0.303)
",3.756,3.756,0.000,0.000,1.000,0,0,0,3,3,0,0,3,0.0,0,0,0.0,0.0,1.0
"((age <= 22.256) U[0,2] (WeightKg >= 50.230))
",-9999999.000,-9999999.000,0.000,0.000,1.000,0,0,0,3,3,0,0,3,0.0,0,0,0.0,0.0,1.0
"F[0,2](((BldPrSys <= 127.462 -> bmiPerc >= 0.050) & Pt_InsGov >= 0.010) -> LDL <= 0.125)
",-9999999.000,-9999999.000,0.000,0.000,1.000,0,0,0,3,3,0,0,3,0.0,0,0,0.0,0.0,1.0
"F[0,2](BGTestAvgNumMeter >= 0.510 & bmi <= 19.567)
",-9999999.000,-9999999.000,0.000,0.000,1.000,0,0,0,3,3,0,0,3,0.0,0,0,0.0,0.0,1.0
"F[1,2](Pt_A1cGoalLev >= 0.867 & Triglyc <= 168.091)
",-9999999.000,-9999999.000,0.000,0.000,1.000,0,0,0,3,3,0,0,3,0.0,0,0,0.0,0.0,1.0
"F[0,1](((HDL >= 21.673 | LDL >= 14.630) & Pt_MotherT1D <= 50.028) | DirectLDL <= 42.705)
",-9999999.000,-9999999.000,0.000,0.000,1.000,0,0,0,3,3,0,0,3,0.0,0,0,0.0,0.0,1.0
"F[0,0]((BldPrSys <= 124.921 | Pt_GrandparentT1D <= 0.767) | NumPumpBolusOrShortAct <= 0.680)
",124.921,124.921,0.000,0.000,1.000,0,0,0,3,3,0,0,3,0.0,0,0,0.0,0.0,1.0
"((BldPrDia >= 67.794) U[1,2] (GFR >= 7.890))
",-9999999.000,-9999999.000,0.000,0.000,1.000,0,0,0,3,3,0,0,3,0.0,0,0,0.0,0.0,1.0
"((BldPrSys >= 104.719) U[0,1] (HDL <= 51.576))
",-9999999.000,-9999999.000,0.000,0.000,1.000,0,0,0,3,3,0,0,3,0.0,0,0,0.0,0.0,1.0
"((GFR >= 11.118) U[0,1] (Pt_A1cGoalLev <= 2.261))
",-9999999.000,-9999999.000,0.000,0.000,1.000,0,0,0,3,3,0,0,3,0.0,0,0,0.0,0.0,1.0
"F[2,2]((GFR >= 8.918 | Pt_GrandparentT1D <= 0.600) -> HbA1cImputeDtMnC <= 0.737)
",-0.737,-0.737,0.000,0.000,1.000,0,0,0,3,3,0,0,3,0.0,0,0,0.0,0.0,1.0
"F[0,1]((bmiZscore >= -1.640 | LDL >= 3.040) & Pt_ChildT1D <= 19.340)
",-9999999.000,-9999999.000,0.000,0.000,1.000,0,0,0,3,3,0,0,3,0.0,0,0,0.0,0.0,1.0
"F[2,2](((bmiPerc <= 0.139 -> HeightCm >= 164.540) -> HeightCm >= 163.421) | SMBGperDayPtMeterCombo <= 165.507)
",165.507,165.507,0.000,0.000,1.000,0,0,0,3,3,0,0,3,0.0,0,0,0.0,0.0,1.0
"F[0,1](bmi <= 20.899 -> UnitsInsBasalOrLongAct <= 55.417)
",-9999999.000,-9999999.000,0.000,0.000,1.000,0,0,0,3,3,0,0,3,0.0,0,0,0.0,0.0,1.0
"F[1,2]((BGTestAvgNumPtRep <= 3.715 & HDL >= 18.199) | TotalDailyInsPerKg >= 21.836)
",-9999999.000,-9999999.000,0.000,0.000,1.000,0,0,0,3,3,0,0,3,0.0,0,0,0.0,0.0,1.0
"F[1,2](((AlbCreatRat_mggNew <= 19.967 | bmiPerc >= 0.011) & Pt_GrandparentT1D <= 0.056) & TSH <= 0.179)
",-9999999.000,-9999999.000,0.000,0.000,1.000,0,0,0,3,3,0,0,3,0.0,0,0,0.0,0.0,1.0
"F[0,2](((BldPrSys >= 113.207 & BUN <= 12.332) & Pt_FatherT1D >= 4.689) | WeightKg >= 5.504)
",-9999999.000,-9999999.000,0.000,0.000,1.000,0,0,0,3,3,0,0,3,0.0,0,0,0.0,0.0,1.0
"F[0,2](((HeightCm >= 164.307 | Pt_A1cGoalLev >= 1.103) & TotalDailyInsPerKg <= 2.001) | Pt_SiblingT1D <= 5.491)
",-9999999.000,-9999999.000,0.000,0.000,1.000,0,0,0,3,3,0,0,3,0.0,0,0,0.0,0.0,1.0
"F[2,2](((BldPrDia >= 64.589 | TotalDailyInsPerKg <= 1.081) -> BGTestAvgNumMeter >= 0.722) & HDL >= 0.196)
",-1.081,-1.081,0.000,0.000,1.000,0,0,0,3,3,0,0,3,0.0,0,0,0.0,0.0,1.0
"F[1,2]((HbA1c >= 7.142 & LDL >= 6.360) | HbA1c <= 30.604)
",-9999999.000,-9999999.000,0.000,0.000,1.000,0,0,0,3,3,0,0,3,0.0,0,0,0.0,0.0,1.0
"F[0,2](((HeightCm <= 166.362 & LDL >= 9.093) -> TotalDailyInsPerKg <= 37.607) | Triglyc <= 47.414)
",-9999999.000,-9999999.000,0.000,0.000,1.000,0,0,0,3,3,0,0,3,0.0,0,0,0.0,0.0,1.0
"F[0,2](((diabDur >= 2.617 & TSH <= 0.446) -> HDL <= 0.625) & Pt_DKAFlg >= 0.087)
",-9999999.000,-9999999.000,0.000,0.000,1.000,0,0,0,3,3,0,0,3,0.0,0,0,0.0,0.0,1.0
"F[0,1](((HDL >= 9.211 & SMBGperDayPtMeterCombo <= 2.497) | BGTestAvgNumMeter >= 0.796) -> NumPumpBolusOrShortAct <= 2.413)
",-9999999.000,-9999999.000,0.000,0.000,1.000,0,0,0,3,3,0,0,3,0.0,0,0,0.0,0.0,1.0
"F[0,1](((TotalDailyInsPerKg >= 0.014 -> TSH >= 0.345) & AlbCreatRat_mggNew <= 0.791) -> diagAgeCombo <= 0.429)
",-9999999.000,-9999999.000,0.000,0.000,1.000,0,0,0,3,3,0,0,3,0.0,0,0,0.0,0.0,1.0
"F[0,0](BGTestAvgNumPtRep <= 7.900 -> UnitsInsBasalOrLongAct >= 5.189)
",-1.414,-15.804,0.000,0.000,1.000,0,0,0,3,3,0,0,3,0.0,0,0,0.0,0.0,1.0
"F[1,2](((GFR <= 90.584 -> UnitsInsBasalOrLongAct <= 34.014) | BldPrSys >= 19.541) & Pt_GrandchildT1D >= 13.562)
",-9999999.000,-9999999.000,0.000,0.000,1.000,0,0,0,3,3,0,0,3,0.0,0,0,0.0,0.0,1.0
"F[0,2](TotalDailyInsPerKg >= 0.675 & Triglyc >= 10.035)
",-9999999.000,-9999999.000,0.000,0.000,1.000,0,0,0,3,3,0,0,3,0.0,0,0,0.0,0.0,1.0
"F[1,2](BldPrDia >= 70.653 | bmi <= 19.729)
",-9999999.000,-9999999.000,0.000,0.000,1.000,0,0,0,3,3,0,0,3,0.0,0,0,0.0,0.0,1.0
"F[0,1](bmiZscore <= -1.192 & HeightCm >= 163.485)
",-9999999.000,-9999999.000,0.000,0.000,1.000,0,0,0,3,3,0,0,3,0.0,0,0,0.0,0.0,1.0
"F[1,2](AlbCreatRat_mggNew >= 3.672 & TotChol <= 104.786)
",-9999999.000,-9999999.000,0.000,0.000,1.000,0,0,0,3,3,0,0,3,0.0,0,0,0.0,0.0,1.0
"F[0,1](((AlbCreatRat_mggNew >= 3.733 -> TSH <= 0.480) & bmi >= 0.090) | BUN >= 0.273)
",-9999999.000,-9999999.000,0.000,0.000,1.000,0,0,0,3,3,0,0,3,0.0,0,0,0.0,0.0,1.0
"F[1,2](BUN >= 1.543 | TSH >= 0.315)
",-9999999.000,-9999999.000,0.000,0.000,1.000,0,0,0,3,3,0,0,3,0.0,0,0,0.0,0.0,1.0
"F[1,2](BldPrSys <= 125.119 & HeightCm >= 163.292)
",-9999999.000,-9999999.000,0.000,0.000,1.000,0,0,0,3,3,0,0,3,0.0,0,0,0.0,0.0,1.0
"F[1,1](((BUN <= 13.137 | HbA1cImputeDtMnC <= 63.977) | Pt_A1cGoalLevelDsYr5 >= 34.016) | Pt_GrandchildT1D >= 0.980)
",63.977,63.977,0.000,0.000,1.000,0,0,0,3,3,0,0,3,0.0,0,0,0.0,0.0,1.0
"F[1,2]((BGTestAvgNumMeter <= 2.888 | Pt_GrandparentT1D >= 0.055) -> Triglyc <= 0.189)
",-9999999.000,-9999999.000,0.000,0.000,1.000,0,0,0,3,3,0,0,3,0.0,0,0,0.0,0.0,1.0
"F[1,2](((SMBGperDayPtMeterCombo >= 1.286 -> TotChol <= 100.704) & BUN >= 36.577) -> UnitsInsBasalOrLongAct <= 118.255)
",-9999999.000,-9999999.000,0.000,0.000,1.000,0,0,0,3,3,0,0,3,0.0,0,0,0.0,0.0,1.0
"F[0,2]((HDL <= 55.872 | TotChol >= 18.911) | BUN >= 69.385)
",-9999999.000,-9999999.000,0.000,0.000,1.000,0,0,0,3,3,0,0,3,0.0,0,0,0.0,0.0,1.0
"F[1,2]((BGTestAvgNumMeter >= 0.721 & BUN >= 5.284) -> Pt_GrandparentT1D >= 7.472)
",-9999999.000,-9999999.000,0.000,0.000,1.000,0,0,0,3,3,0,0,3,0.0,0,0,0.0,0.0,1.0
"((bmiPerc >= 0.002) U[0,1] (HbA1c <= 8.827))
",-9999999.000,-9999999.000,0.000,0.000,1.000,0,0,0,3,3,0,0,3,0.0,0,0,0.0,0.0,1.0
"F[0,2](((Pt_A1cGoalLev <= 4.361 & SMBGperDayPtMeterCombo <= 3.897) & Pt_GrandchildT1D <= 3.480) -> HeightCm <= 4.494)
",-9999999.000,-9999999.000,0.000,0.000,1.000,0,0,0,3,3,0,0,3,0.0,0,0,0.0,0.0,1.0
"F[0,1]((bmiPerc <= 0.051 -> TSH <= 0.744) | AutonomicNeuroCl <= 0.626)
",-9999999.000,-9999999.000,0.000,0.000,1.000,0,0,0,3,3,0,0,3,0.0,0,0,0.0,0.0,1.0
"F[0,2](((age >= 18.789 & Pt_GrandparentT1D <= 0.483) & AlbCreatRat_mggNew <= 0.699) & Pt_GrandparentT1D <= 0.169)
",-9999999.000,-9999999.000,0.000,0.000,1.000,0,0,0,3,3,0,0,3,0.0,0,0,0.0,0.0,1.0
"((BldPrDia >= 62.301) U[0,1] (Pt_A1cGoalLev <= 4.427))
",-9999999.000,-9999999.000,0.000,0.000,1.000,0,0,0,3,3,0,0,3,0.0,0,0,0.0,0.0,1.0
"F[0,2]((Pt_GrandparentT1D <= 0.602 & TotChol >= 60.278) -> Pt_ChildT1D <= 103.163)
",-9999999.000,-9999999.000,0.000,0.000,1.000,0,0,0,3,3,0,0,3,0.0,0,0,0.0,0.0,1.0
"((bmiPerc <= 0.126) U[0,2] (UnitsInsBasalOrLongAct >= 6.347))
",-9999999.000,-9999999.000,0.000,0.000,1.000,0,0,0,3,3,0,0,3,0.0,0,0,0.0,0.0,1.0
"((HDL >= 17.852) U[0,2] (Pt_GrandparentT1D >= 0.035))
",-9999999.000,-9999999.000,0.000,0.000,1.000,0,0,0,3,3,0,0,3,0.0,0,0,0.0,0.0,1.0
"F[1,2]((BldPrSys <= 121.723 & bmiZscore >= -1.701) | Pt_SHFlg <= -0.957)
",-9999999.000,-9999999.000,0.000,0.000,1.000,0,0,0,3,3,0,0,3,0.0,0,0,0.0,0.0,1.0
"F[0,2]((BldPrSys >= 110.681 | LDL >= 5.168) | HDL <= 49.237)
",-9999999.000,-9999999.000,0.000,0.000,1.000,0,0,0,3,3,0,0,3,0.0,0,0,0.0,0.0,1.0
"((age >= 17.251) U[0,1] (HbA1c <= 8.841))
",-9999999.000,-9999999.000,0.000,0.000,1.000,0,0,0,3,3,0,0,3,0.0,0,0,0.0,0.0,1.0
"F[1,2]((HbA1c >= 7.292 -> Pt_GrandparentT1D >= 0.103) | Pt_A1cGoalLevelDsYr5 <= 0.307)
",-9999999.000,-9999999.000,0.000,0.000,1.000,0,0,0,3,3,0,0,3,0.0,0,0,0.0,0.0,1.0
"F[1,2](((HbA1c <= 9.536 -> Pt_A1cGoalLev >= 0.675) -> age >= 0.492) & BUN <= 6.481)
",-9999999.000,-9999999.000,0.000,0.000,1.000,0,0,0,3,3,0,0,3,0.0,0,0,0.0,0.0,1.0
"F[1,2](diabDur >= 4.135 & Pt_GrandparentT1D <= 0.345)
",-9999999.000,-9999999.000,0.000,0.000,1.000,0,0,0,3,3,0,0,3,0.0,0,0,0.0,0.0,1.0
"F[1,2]((diabDur <= 5.695 -> Pt_A1cGoalLev <= 5.558) -> Pt_FatherT1D <= 6.801)
",-9999999.000,-9999999.000,0.000,0.000,1.000,0,0,0,3,3,0,0,3,0.0,0,0,0.0,0.0,1.0
"F[0,1](((bmiZscore >= -1.820 | UnitsInsBasalOrLongAct <= 40.598) -> bmiZscore >= 0.939) -> AutonomicNeuroCl >= 14.033)
",-9999999.000,-9999999.000,0.000,0.000,1.000,0,0,0,3,3,0,0,3,0.0,0,0,0.0,0.0,1.0
"((bmi >= 17.595) U[2,2] (HDL <= 37.609))
",37.609,37.609,0.000,0.000,1.000,0,0,0,3,3,0,0,3,0.0,0,0,0.0,0.0,1.0
"((TSH <= 0.675) U[0,2] (UnitsInsBasalOrLongAct <= 27.928))
",-9999999.000,-9999999.000,0.000,0.000,1.000,0,0,0,3,3,0,0,3,0.0,0,0,0.0,0.0,1.0
"F[0,2]((Pt_MotherT1D <= 0.000 | GFR >= 6.491) | HeightCm >= 13.327)
",-9999999.000,-9999999.000,0.000,0.000,1.000,0,0,0,3,3,0,0,3,0.0,0,0,0.0,0.0,1.0
