Rule,Discrimination Score,Pos Robustness,Neg Robustness,Percent Class +,Percent Class -,TP,TN,FP,FN,Actual Yes,Actual No,Predicted Yes,Predicted No,TPR/Sens,TNR/Spec,FPR,Precision,Accuracy,MCR
"G[0,1](((WBC >= 0.000 -> MAP >= 68.664) & Fibrinogen <= 91.307) & Hct >= 32.014)
",-9999999.000,0.000,9999999.000,1.000,0.000,0,5,0,0,0,5,0,5,0,1.0,0.0,0.0,1.1111111111111112,-0.11111111111111116
"G[0,2](Platelets <= 0.000 & PaCO2 >= 3.896)
",-9999999.000,0.000,9999999.000,1.000,0.000,0,5,0,0,0,5,0,5,0,1.0,0.0,0.0,1.1111111111111112,-0.11111111111111116
"G[0,1]((O2Sat <= 91.577 & Phosphate >= 0.000) & Phosphate <= 0.000)
",-9999999.000,0.000,9999999.000,1.000,0.000,0,5,0,0,0,5,0,5,0,1.0,0.0,0.0,1.1111111111111112,-0.11111111111111116
"G[0,2]((FiO2 >= 0.106 & SBP <= 159.021) & HCO3 <= 140.121)
",-9999999.000,0.000,9999999.000,1.000,0.000,0,5,0,0,0,5,0,5,0,1.0,0.0,0.0,1.1111111111111112,-0.11111111111111116
"G[0,2](((SepsisLabel >= 1.000 & pH <= 7.257) & WBC >= 0.477) & MAP >= 0.333)
",-9999999.000,0.000,9999999.000,1.000,0.000,0,5,0,0,0,5,0,5,0,1.0,0.0,0.0,1.1111111111111112,-0.11111111111111116
"G[0,0](((Hgb <= 0.000 & SaO2 <= 72.222) -> PTT >= 2.611) & Hct >= 8.711)
",8.711,0.000,-8.711,1.000,0.000,0,5,0,0,0,5,0,5,0,1.0,0.0,0.0,1.1111111111111112,-0.11111111111111116
"G[0,1](((SaO2 >= 8.159 -> SBP <= 156.400) | BaseExcess <= 113.424) -> Resp >= 92.107)
",-9999999.000,0.000,9999999.000,1.000,0.000,0,5,0,0,0,5,0,5,0,1.0,0.0,0.0,1.1111111111111112,-0.11111111111111116
"G[0,2](BaseExcess >= 0.236 & Hgb <= 0.000)
",-9999999.000,0.000,9999999.000,1.000,0.000,0,5,0,0,0,5,0,5,0,1.0,0.0,0.0,1.1111111111111112,-0.11111111111111116
"G[0,2](((Bilirubin_direct >= 0.000 | SaO2 <= 32.466) -> PaCO2 >= 3.439) & Platelets <= 10.977)
",-9999999.000,0.000,9999999.000,1.000,0.000,0,5,0,0,0,5,0,5,0,1.0,0.0,0.0,1.1111111111111112,-0.11111111111111116
"G[0,2](((HCO3 <= 0.000 | MAP <= 91.758) & Phosphate <= 72.826) & Potassium >= 62.701)
",-9999999.000,0.000,9999999.000,1.000,0.000,0,5,0,0,0,5,0,5,0,1.0,0.0,0.0,1.1111111111111112,-0.11111111111111116
"G[0,1](((HR <= 70.652 | HR <= 75.644) & BUN >= 23.181) | Lactate >= 37.828)
",-9999999.000,0.000,9999999.000,1.000,0.000,0,5,0,0,0,5,0,5,0,1.0,0.0,0.0,1.1111111111111112,-0.11111111111111116
"G[0,2](((Fibrinogen >= 0.000 | Hct >= 0.000) & AST >= 0.000) & MAP <= 0.000)
",-9999999.000,0.000,9999999.000,1.000,0.000,0,5,0,0,0,5,0,5,0,1.0,0.0,0.0,1.1111111111111112,-0.11111111111111116
"G[0,1](pH >= 0.456 | Lactate >= 0.066)
",-9999999.000,0.000,9999999.000,1.000,0.000,0,5,0,0,0,5,0,5,0,1.0,0.0,0.0,1.1111111111111112,-0.11111111111111116
"G[0,1](MAP >= 19.099 -> O2Sat <= 97.894)
",-9999999.000,0.000,9999999.000,1.000,0.000,0,5,0,0,0,5,0,5,0,1.0,0.0,0.0,1.1111111111111112,-0.11111111111111116
"G[0,2](Hgb <= 0.000 -> pH >= 0.550)
",-9999999.000,0.000,9999999.000,1.000,0.000,0,5,0,0,0,5,0,5,0,1.0,0.0,0.0,1.1111111111111112,-0.11111111111111116
"G[0,1](Chloride > 0.000 & SepsisLabel = 1.000)
",-9999999.000,0.000,9999999.000,1.000,0.000,0,5,0,0,0,5,0,5,0,1.0,0.0,0.0,1.1111111111111112,-0.11111111111111116
"G[0,1](((pH >= 0.624 | Resp >= 2.084) & Glucose <= 12.145) -> Fibrinogen >= 10.763)
",-9999999.000,0.000,9999999.000,1.000,0.000,0,5,0,0,0,5,0,5,0,1.0,0.0,0.0,1.1111111111111112,-0.11111111111111116
"G[0,2]((Phosphate <= 0.000 & MAP <= 72.931) | Bilirubin_direct >= 45.190)
",-9999999.000,0.000,9999999.000,1.000,0.000,0,5,0,0,0,5,0,5,0,1.0,0.0,0.0,1.1111111111111112,-0.11111111111111116
"G[0,2](((PTT >= 0.000 & Resp >= 3.162) | AST <= 12.362) & PTT >= 7.810)
",-9999999.000,0.000,9999999.000,1.000,0.000,0,5,0,0,0,5,0,5,0,1.0,0.0,0.0,1.1111111111111112,-0.11111111111111116
"G[0,1](((O2Sat <= 94.569 -> Resp >= 1.475) | Fibrinogen <= 13.858) & Platelets >= 1.203)
",-9999999.000,0.000,9999999.000,1.000,0.000,0,5,0,0,0,5,0,5,0,1.0,0.0,0.0,1.1111111111111112,-0.11111111111111116
"G[0,2](((Platelets <= 0.000 & HCO3 >= 0.000) & BaseExcess <= 0.000) & SBP <= 0.000)
",-9999999.000,0.000,9999999.000,1.000,0.000,0,5,0,0,0,5,0,5,0,1.0,0.0,0.0,1.1111111111111112,-0.11111111111111116
"G[0,1](((Hgb >= 0.000 -> Resp >= 6.691) | PTT >= 11.408) & PaCO2 >= 1.072)
",-9999999.000,0.000,9999999.000,1.000,0.000,0,5,0,0,0,5,0,5,0,1.0,0.0,0.0,1.1111111111111112,-0.11111111111111116
"G[0,1](((Hct <= 0.000 -> Temp >= 0.701) & MAP >= 1.811) & Alkalinephos >= 2.131)
",-9999999.000,0.000,9999999.000,1.000,0.000,0,5,0,0,0,5,0,5,0,1.0,0.0,0.0,1.1111111111111112,-0.11111111111111116
"G[0,1](PTT >= 0.000 -> MAP <= 74.464)
",-9999999.000,0.000,9999999.000,1.000,0.000,0,5,0,0,0,5,0,5,0,1.0,0.0,0.0,1.1111111111111112,-0.11111111111111116
"G[0,2](((Fibrinogen >= 0.000 & HR <= 63.478) | BUN >= 11.062) & Magnesium >= 43.334)
",-9999999.000,0.000,9999999.000,1.000,0.000,0,5,0,0,0,5,0,5,0,1.0,0.0,0.0,1.1111111111111112,-0.11111111111111116
"G[1,1]((DBP <= 0.000 | MAP <= 77.563) & HCO3 >= 63.816)
",63.816,0.000,-63.816,1.000,0.000,0,4,1,0,0,5,1,4,0,0.8,0.2,0.0,0.8888888888888888,0.11111111111111116
"G[0,0](((Temp <= 5.270 | Lactate >= 0.091) | Platelets >= 0.081) -> Hct >= 0.004)
",0.998,0.000,-2.633,1.000,0.000,0,4,1,0,0,5,1,4,0,0.8,0.2,0.0,0.8888888888888888,0.11111111111111116
"G[1,2](PaCO2 <= 44.804 & SaO2 >= 2.436)
",-9999999.000,0.000,9999999.000,1.000,0.000,0,4,1,0,0,5,1,4,0,0.8,0.2,0.0,0.8888888888888888,0.11111111111111116
"G[1,2]((Alkalinephos >= 0.000 -> PaCO2 >= 0.092) & AST >= 3.088)
",-9999999.000,0.000,9999999.000,1.000,0.000,0,4,1,0,0,5,1,4,0,0.8,0.2,0.0,0.8888888888888888,0.11111111111111116
"G[1,1](((BaseExcess <= 0.936 -> Phosphate >= 0.000) | Bilirubin_direct >= 0.000) -> Resp <= 0.000)
",0.000,0.000,0.000,1.000,0.000,0,4,1,0,0,5,1,4,0,0.8,0.2,0.0,0.8888888888888888,0.11111111111111116
"G[1,1]((Bilirubin_total >= 0.000 & Temp <= 17.253) & Platelets >= 0.313)
",0.313,0.000,-0.313,1.000,0.000,0,4,1,0,0,5,1,4,0,0.8,0.2,0.0,0.8888888888888888,0.11111111111111116
"G[0,2]((EtCO2 <= 0.000 & Glucose <= 0.000) -> FiO2 <= 0.000)
",-9999999.000,0.000,9999999.000,1.000,0.000,0,4,1,0,0,5,1,4,0,0.8,0.2,0.0,0.8888888888888888,0.11111111111111116
"G[0,1](HCO3 <= 0.000 & FiO2 <= 0.340)
",-9999999.000,0.000,9999999.000,1.000,0.000,0,4,1,0,0,5,1,4,0,0.8,0.2,0.0,0.8888888888888888,0.11111111111111116
"G[1,2]((Potassium <= 0.000 -> Temp >= 2.956) | Calcium >= 0.829)
",-9999999.000,0.000,9999999.000,1.000,0.000,0,4,1,0,0,5,1,4,0,0.8,0.2,0.0,0.8888888888888888,0.11111111111111116
"G[0,2](((Potassium >= 0.000 | BaseExcess <= 0.548) & Phosphate <= 2.740) -> FiO2 >= 0.015)
",-9999999.000,0.000,9999999.000,1.000,0.000,0,4,1,0,0,5,1,4,0,0.8,0.2,0.0,0.8888888888888888,0.11111111111111116
"G[1,2]((HCO3 >= 0.000 -> PaCO2 >= 0.183) & Glucose >= 3.089)
",-9999999.000,0.000,9999999.000,1.000,0.000,0,4,1,0,0,5,1,4,0,0.8,0.2,0.0,0.8888888888888888,0.11111111111111116
"G[0,1](((Temp >= 1.588 & Hct <= 0.000) & Lactate <= 0.000) & FiO2 >= 0.000)
",-9999999.000,0.000,9999999.000,1.000,0.000,0,4,1,0,0,5,1,4,0,0.8,0.2,0.0,0.8888888888888888,0.11111111111111116
"G[0,1](((Fibrinogen >= 0.000 -> Temp >= 1.318) -> Hgb >= 2.318) -> Magnesium >= 2.504)
",-9999999.000,0.000,9999999.000,1.000,0.000,0,4,1,0,0,5,1,4,0,0.8,0.2,0.0,0.8888888888888888,0.11111111111111116
"G[1,1](((Glucose >= 0.000 & PaCO2 >= 3.643) & Lactate >= 0.757) & Phosphate <= 44.983)
",3.643,0.000,-3.643,1.000,0.000,0,4,1,0,0,5,1,4,0,0.8,0.2,0.0,0.8888888888888888,0.11111111111111116
"G[1,1]((Creatinine <= 0.000 | pH <= 3.360) & Platelets >= 0.038)
",0.038,0.000,-0.038,1.000,0.000,0,4,1,0,0,5,1,4,0,0.8,0.2,0.0,0.8888888888888888,0.11111111111111116
"G[0,0]((Lactate <= 0.346 -> SBP <= 133.673) -> Fibrinogen >= 66.252)
",-66.252,0.000,66.252,1.000,0.000,0,4,1,0,0,5,1,4,0,0.8,0.2,0.0,0.8888888888888888,0.11111111111111116
"G[1,2]((MAP <= 87.196 | PaCO2 >= 0.127) -> Glucose >= 0.450)
",-9999999.000,0.000,9999999.000,1.000,0.000,0,3,2,0,0,5,2,3,0,0.6,0.4,0.0,0.6666666666666666,0.33333333333333337
"G[1,2]((Lactate <= 0.360 -> Resp <= 13.294) & Resp >= 10.163)
",-9999999.000,0.000,9999999.000,1.000,0.000,0,3,2,0,0,5,2,3,0,0.6,0.4,0.0,0.6666666666666666,0.33333333333333337
"G[1,1]((Hct <= 0.000 & pH >= 0.081) | BaseExcess >= 0.822)
",0.081,0.000,-0.081,1.000,0.000,0,3,2,0,0,5,2,3,0,0.6,0.4,0.0,0.6666666666666666,0.33333333333333337
"G[1,1](((AST <= 0.000 & O2Sat >= 42.293) & HR <= 81.253) -> Temp >= 60.567)
",-42.293,0.000,42.293,1.000,0.000,0,3,2,0,0,5,2,3,0,0.6,0.4,0.0,0.6666666666666666,0.33333333333333337
"G[0,1]((AST >= 0.000 & FiO2 >= 0.006) -> SBP <= 0.258)
",-9999999.000,0.000,9999999.000,1.000,0.000,0,3,2,0,0,5,2,3,0,0.6,0.4,0.0,0.6666666666666666,0.33333333333333337
"G[1,2](Bilirubin_total <= 0.000 & BaseExcess >= 0.221)
",-9999999.000,0.000,9999999.000,1.000,0.000,0,3,2,0,0,5,2,3,0,0.6,0.4,0.0,0.6666666666666666,0.33333333333333337
"G[1,2]((SaO2 >= 0.002 | BaseExcess >= 0.212) | Lactate >= 0.263)
",-9999999.000,0.000,9999999.000,1.000,0.000,0,3,2,0,0,5,2,3,0,0.6,0.4,0.0,0.6666666666666666,0.33333333333333337
"G[1,2](((Glucose >= 0.000 & Temp <= 12.663) & HR >= 2.989) -> pH >= 1.976)
",-9999999.000,0.000,9999999.000,1.000,0.000,0,3,2,0,0,5,2,3,0,0.6,0.4,0.0,0.6666666666666666,0.33333333333333337
"G[0,0](Hgb <= 0.000 & MAP <= 76.925)
",0.999,0.000,-17.538,1.000,0.000,0,3,2,0,0,5,2,3,0,0.6,0.4,0.0,0.6666666666666666,0.33333333333333337
"G[1,2](MAP >= 44.009 & FiO2 >= 0.123)
",-9999999.000,0.000,9999999.000,1.000,0.000,0,3,2,0,0,5,2,3,0,0.6,0.4,0.0,0.6666666666666666,0.33333333333333337
"G[1,1](((BUN <= 0.000 & SepsisLabel >= 1.000) & BaseExcess >= 1.000) | SBP <= 1.000)
",-1.000,0.000,1.000,1.000,0.000,0,3,2,0,0,5,2,3,0,0.6,0.4,0.0,0.6666666666666666,0.33333333333333337
"G[1,2]((BUN >= 0.000 & PaCO2 >= 4.016) | PaCO2 >= 1.768)
",-9999999.000,0.000,9999999.000,1.000,0.000,0,3,2,0,0,5,2,3,0,0.6,0.4,0.0,0.6666666666666666,0.33333333333333337
"G[1,1](SBP <= 154.924 -> PaCO2 >= 0.385)
",154.924,0.000,-154.924,1.000,0.000,0,3,2,0,0,5,2,3,0,0.6,0.4,0.0,0.6666666666666666,0.33333333333333337
"G[0,2](((Calcium <= 0.000 & Temp <= 18.738) & HR >= 1.823) & AST <= 16.023)
",-9999999.000,0.000,9999999.000,1.000,0.000,0,3,2,0,0,5,2,3,0,0.6,0.4,0.0,0.6666666666666666,0.33333333333333337
"G[1,1]((pH <= 2.463 -> FiO2 >= 0.106) -> Creatinine >= 0.209)
",-0.209,0.000,0.209,1.000,0.000,0,2,3,0,0,5,3,2,0,0.4,0.6,0.0,0.4444444444444444,0.5555555555555556
"G[0,0](((Platelets >= 0.000 & HR <= 74.870) -> PTT >= 46.074) | Fibrinogen >= 48.654)
",-46.074,0.000,46.074,1.000,0.000,0,2,3,0,0,5,3,2,0,0.4,0.6,0.0,0.4444444444444444,0.5555555555555556
"G[0,1](Bilirubin_total >= 0.000 & SBP <= 138.426)
",-9999999.000,0.000,9999999.000,1.000,0.000,0,2,3,0,0,5,3,2,0,0.4,0.6,0.0,0.4444444444444444,0.5555555555555556
"G[0,2](MAP <= 115.958 -> HR >= 15.905)
",-9999999.000,0.000,9999999.000,1.000,0.000,0,2,3,0,0,5,3,2,0,0.4,0.6,0.0,0.4444444444444444,0.5555555555555556
"G[0,2](AST >= 0.000 & MAP >= 38.069)
",-9999999.000,0.000,9999999.000,1.000,0.000,0,2,3,0,0,5,3,2,0,0.4,0.6,0.0,0.4444444444444444,0.5555555555555556
"G[0,2]((WBC <= 0.000 -> Temp <= 31.230) -> SBP >= 0.103)
",-9999999.000,0.000,9999999.000,1.000,0.000,0,2,3,0,0,5,3,2,0,0.4,0.6,0.0,0.4444444444444444,0.5555555555555556
"G[0,2](HR > 44.249 & SepsisLabel = 1.000)
",-9999999.000,0.000,9999999.000,1.000,0.000,0,2,3,0,0,5,3,2,0,0.4,0.6,0.0,0.4444444444444444,0.5555555555555556
"G[0,1](((Alkalinephos >= 0.000 -> SepsisLabel >= 1.000) & Resp >= 1.000) & Bilirubin_direct <= 1.000)
",-9999999.000,0.000,9999999.000,1.000,0.000,0,1,4,0,0,5,4,1,0,0.2,0.8,0.0,0.2222222222222222,0.7777777777777778
"G[0,1]((Phosphate <= 0.000 -> pH >= 0.488) -> Resp <= 1.845)
",-9999999.000,0.000,9999999.000,1.000,0.000,0,1,4,0,0,5,4,1,0,0.2,0.8,0.0,0.2222222222222222,0.7777777777777778
"G[0,1](Resp >= 8.314 | Temp >= 0.606)
",-9999999.000,0.000,9999999.000,1.000,0.000,0,1,4,0,0,5,4,1,0,0.2,0.8,0.0,0.2222222222222222,0.7777777777777778
"G[0,1]((pH <= 4.511 & pH <= 6.504) & EtCO2 <= 5.902)
",-9999999.000,0.000,9999999.000,1.000,0.000,0,1,4,0,0,5,4,1,0,0.2,0.8,0.0,0.2222222222222222,0.7777777777777778
"G[0,2](((AST <= 0.000 | Magnesium >= 0.000) & BaseExcess <= 0.000) & PaCO2 <= 0.000)
",-9999999.000,0.000,9999999.000,1.000,0.000,0,1,4,0,0,5,4,1,0,0.2,0.8,0.0,0.2222222222222222,0.7777777777777778
"G[1,2](BUN <= 0.000 -> SaO2 <= 55.680)
",-9999999.000,0.000,9999999.000,1.000,0.000,0,1,4,0,0,5,4,1,0,0.2,0.8,0.0,0.2222222222222222,0.7777777777777778
"G[1,1]((pH >= 0.584 | PaCO2 >= 1.892) -> DBP >= 0.200)
",-0.200,0.000,0.200,1.000,0.000,0,1,4,0,0,5,4,1,0,0.2,0.8,0.0,0.2222222222222222,0.7777777777777778
"G[1,1]((Platelets >= 0.000 -> FiO2 >= 0.205) | PaCO2 <= 0.408)
",-0.408,0.000,0.408,1.000,0.000,0,1,4,0,0,5,4,1,0,0.2,0.8,0.0,0.2222222222222222,0.7777777777777778
"G[0,1](DBP >= 0.000 & PaCO2 <= 26.642)
",-9999999.000,0.000,9999999.000,1.000,0.000,0,1,4,0,0,5,4,1,0,0.2,0.8,0.0,0.2222222222222222,0.7777777777777778
"G[1,2](((Glucose <= 0.000 -> Creatinine >= 0.000) | pH <= 0.000) -> PaCO2 <= 0.000)
",-9999999.000,0.000,9999999.000,1.000,0.000,0,1,4,0,0,5,4,1,0,0.2,0.8,0.0,0.2222222222222222,0.7777777777777778
"G[0,1]((PTT >= 0.000 -> Potassium >= 0.000) & pH <= 0.000)
",-9999999.000,0.000,9999999.000,1.000,0.000,0,1,4,0,0,5,4,1,0,0.2,0.8,0.0,0.2222222222222222,0.7777777777777778
"G[0,2](((PaCO2 >= 0.499 -> SaO2 <= 50.556) & Calcium <= 33.975) | TroponinI >= 10.298)
",-9999999.000,0.000,9999999.000,1.000,0.000,0,1,4,0,0,5,4,1,0,0.2,0.8,0.0,0.2222222222222222,0.7777777777777778
"G[1,1](BUN <= 0.000 -> FiO2 <= 0.590)
",0.590,0.000,-0.590,1.000,0.000,0,1,4,0,0,5,4,1,0,0.2,0.8,0.0,0.2222222222222222,0.7777777777777778
"G[0,2](((PaCO2 <= 9.063 | Lactate <= 0.564) & SaO2 <= 0.215) | DBP >= 0.053)
",-9999999.000,0.000,9999999.000,1.000,0.000,0,1,4,0,0,5,4,1,0,0.2,0.8,0.0,0.2222222222222222,0.7777777777777778
"G[1,2](((O2Sat <= 95.852 -> TroponinI <= 0.000) & BaseExcess <= 0.000) & AST <= 0.000)
",-9999999.000,0.000,9999999.000,1.000,0.000,0,1,4,0,0,5,4,1,0,0.2,0.8,0.0,0.2222222222222222,0.7777777777777778
"G[0,2]((Lactate >= 0.095 -> SepsisLabel >= 1.000) & pH <= 1.000)
",-9999999.000,0.000,9999999.000,1.000,0.000,0,1,4,0,0,5,4,1,0,0.2,0.8,0.0,0.2222222222222222,0.7777777777777778
"G[1,2]((Resp >= 1.014 & PaCO2 <= 32.426) & BUN <= 28.977)
",-9999999.000,0.000,9999999.000,1.000,0.000,0,1,4,0,0,5,4,1,0,0.2,0.8,0.0,0.2222222222222222,0.7777777777777778
"G[0,1](((BaseExcess <= 2.596 & HCO3 >= 0.000) | TroponinI <= 0.000) -> BaseExcess <= 0.000)
",-9999999.000,0.000,9999999.000,1.000,0.000,0,1,4,0,0,5,4,1,0,0.2,0.8,0.0,0.2222222222222222,0.7777777777777778
"G[0,2](((WBC <= 0.000 & Alkalinephos >= 0.000) | WBC <= 0.000) -> pH <= 0.000)
",-9999999.000,0.000,9999999.000,1.000,0.000,0,1,4,0,0,5,4,1,0,0.2,0.8,0.0,0.2222222222222222,0.7777777777777778
"G[0,0]((Lactate >= 0.035 -> SaO2 >= 10.308) & Phosphate <= 44.814)
",0.575,0.000,-9.397,1.000,0.000,0,1,4,0,0,5,4,1,0,0.2,0.8,0.0,0.2222222222222222,0.7777777777777778
"G[0,2](((SBP >= 2.789 -> WBC >= 0.000) | BUN >= 0.000) & Hct >= 0.000)
",-9999999.000,0.000,9999999.000,1.000,0.000,0,0,5,0,0,5,5,0,0,0.0,1.0,0.0,0.0,1.0
"G[2,2](((O2Sat >= 6.651 | Alkalinephos >= 0.000) & Potassium <= 0.000) & FiO2 >= 0.000)
",0.000,0.000,0.000,1.000,0.000,0,0,5,0,0,5,5,0,0,0.0,1.0,0.0,0.0,1.0
"G[1,2](((BUN <= 0.000 & pH <= 4.355) -> pH >= 0.262) -> Hct <= 1.450)
",-9999999.000,0.000,9999999.000,1.000,0.000,0,0,5,0,0,5,5,0,0,0.0,1.0,0.0,0.0,1.0
"G[0,1](((BUN <= 0.000 & BUN >= 0.000) | Potassium <= 0.000) & HR >= 0.000)
",-9999999.000,0.000,9999999.000,1.000,0.000,0,0,5,0,0,5,5,0,0,0.0,1.0,0.0,0.0,1.0
"G[0,2](Platelets <= 0.000 -> Alkalinephos >= 0.000)
",-9999999.000,0.000,9999999.000,1.000,0.000,0,0,5,0,0,5,5,0,0,0.0,1.0,0.0,0.0,1.0
"G[0,2](((Glucose <= 0.000 & TroponinI <= 0.000) | Resp >= 0.000) -> BUN <= 0.000)
",-9999999.000,0.000,9999999.000,1.000,0.000,0,0,5,0,0,5,5,0,0,0.0,1.0,0.0,0.0,1.0
"G[0,0](((BUN <= 0.000 | EtCO2 >= 0.000) | DBP <= 0.000) -> Magnesium <= 0.000)
",1.715,0.000,-10.000,1.000,0.000,0,0,5,0,0,5,5,0,0,0.0,1.0,0.0,0.0,1.0
"G[0,1]((Calcium >= 0.000 | Fibrinogen <= 0.000) | pH <= 0.000)
",-9999999.000,0.000,9999999.000,1.000,0.000,0,0,5,0,0,5,5,0,0,0.0,1.0,0.0,0.0,1.0
"G[2,2](Hct >= 0.000 | MAP <= 106.961)
",-106.961,0.000,106.961,1.000,0.000,0,0,5,0,0,5,5,0,0,0.0,1.0,0.0,0.0,1.0
"G[1,2](((Calcium <= 0.000 -> DBP <= 0.000) | Creatinine >= 0.000) -> Potassium >= 0.000)
",-9999999.000,0.000,9999999.000,1.000,0.000,0,0,5,0,0,5,5,0,0,0.0,1.0,0.0,0.0,1.0
"G[1,2](Chloride >= 0.000 & HCO3 >= 0.000)
",-9999999.000,0.000,9999999.000,1.000,0.000,0,0,5,0,0,5,5,0,0,0.0,1.0,0.0,0.0,1.0
"G[0,1]((Glucose >= 0.000 | SaO2 >= 2.804) | PaCO2 >= 10.501)
",-9999999.000,0.000,9999999.000,1.000,0.000,0,0,5,0,0,5,5,0,0,0.0,1.0,0.0,0.0,1.0
"G[1,1](((Chloride >= 0.000 & Potassium >= 0.000) | Chloride <= 0.000) -> Phosphate <= 0.000)
",0.000,0.000,0.000,1.000,0.000,0,0,5,0,0,5,5,0,0,0.0,1.0,0.0,0.0,1.0
"G[0,2](O2Sat <= 91.105 | Glucose >= 0.000)
",-9999999.000,0.000,9999999.000,1.000,0.000,0,0,5,0,0,5,5,0,0,0.0,1.0,0.0,0.0,1.0
"G[0,1]((TroponinI <= 0.000 -> Hct <= 0.000) | Magnesium <= 0.000)
",-9999999.000,0.000,9999999.000,1.000,0.000,0,0,5,0,0,5,5,0,0,0.0,1.0,0.0,0.0,1.0
"G[0,2](((Calcium <= 0.000 | Bilirubin_direct >= 0.000) -> Creatinine <= 0.000) & Creatinine >= 0.000)
",-9999999.000,0.000,9999999.000,1.000,0.000,0,0,5,0,0,5,5,0,0,0.0,1.0,0.0,0.0,1.0
"G[0,2](BUN <= 0.000 & Creatinine >= 0.000)
",-9999999.000,0.000,9999999.000,1.000,0.000,0,0,5,0,0,5,5,0,0,0.0,1.0,0.0,0.0,1.0
"G[0,2](((Hgb <= 0.000 | Hct <= 0.000) -> WBC >= 0.000) & Platelets >= 0.000)
",-9999999.000,0.000,9999999.000,1.000,0.000,0,0,5,0,0,5,5,0,0,0.0,1.0,0.0,0.0,1.0
"G[0,2](Platelets <= 0.000 -> WBC >= 0.000)
",-9999999.000,0.000,9999999.000,1.000,0.000,0,0,5,0,0,5,5,0,0,0.0,1.0,0.0,0.0,1.0
"G[1,2]((TroponinI >= 0.000 & Creatinine >= 0.000) | Creatinine <= 0.000)
",-9999999.000,0.000,9999999.000,1.000,0.000,0,0,5,0,0,5,5,0,0,0.0,1.0,0.0,0.0,1.0
"G[0,0](Chloride >= 0.000 & HCO3 >= 0.000)
",0.000,0.000,0.000,1.000,0.000,0,0,5,0,0,5,5,0,0,0.0,1.0,0.0,0.0,1.0
"G[0,1](Potassium >= 0.000 -> Chloride <= 0.000)
",-9999999.000,0.000,9999999.000,1.000,0.000,0,0,5,0,0,5,5,0,0,0.0,1.0,0.0,0.0,1.0
"G[1,1](Calcium >= 0.000 | pH >= 0.481)
",0.000,0.000,0.000,1.000,0.000,0,0,5,0,0,5,5,0,0,0.0,1.0,0.0,0.0,1.0
"G[1,2](((Calcium >= 0.000 & AST >= 0.000) | SaO2 >= 0.000) -> Magnesium <= 0.000)
",-9999999.000,0.000,9999999.000,1.000,0.000,0,0,5,0,0,5,5,0,0,0.0,1.0,0.0,0.0,1.0
"G[2,2](((Calcium <= 0.000 -> TroponinI <= 0.000) -> PTT >= 0.000) & Lactate <= 0.000)
",0.000,0.000,0.000,1.000,0.000,0,0,5,0,0,5,5,0,0,0.0,1.0,0.0,0.0,1.0
"G[1,1]((SepsisLabel >= 1.000 | Hgb <= 0.000) | Creatinine <= 0.000)
",0.000,0.000,0.000,1.000,0.000,0,0,5,0,0,5,5,0,0,0.0,1.0,0.0,0.0,1.0
"G[2,2](AST <= 0.000 | SaO2 <= 24.910)
",-24.910,0.000,24.910,1.000,0.000,0,0,5,0,0,5,5,0,0,0.0,1.0,0.0,0.0,1.0
"G[2,2](Platelets <= 0.000 -> WBC >= 0.000)
",0.000,0.000,0.000,1.000,0.000,0,0,5,0,0,5,5,0,0,0.0,1.0,0.0,0.0,1.0
"G[0,2](Hct >= 0.000 | FiO2 >= 0.087)
",-9999999.000,0.000,9999999.000,1.000,0.000,0,0,5,0,0,5,5,0,0,0.0,1.0,0.0,0.0,1.0
"G[1,2]((Creatinine <= 0.000 -> Platelets <= 0.000) -> Glucose >= 0.000)
",-9999999.000,0.000,9999999.000,1.000,0.000,0,0,5,0,0,5,5,0,0,0.0,1.0,0.0,0.0,1.0
"G[2,2](Chloride >= 0.000 & HCO3 >= 0.000)
",0.000,0.000,0.000,1.000,0.000,0,0,5,0,0,5,5,0,0,0.0,1.0,0.0,0.0,1.0
"G[2,2](BUN <= 0.000 & Creatinine >= 0.000)
",0.000,0.000,0.000,1.000,0.000,0,0,5,0,0,5,5,0,0,0.0,1.0,0.0,0.0,1.0
"G[1,2](((Fibrinogen >= 0.000 -> AST <= 0.000) & Magnesium <= 0.000) -> DBP <= 0.000)
",-9999999.000,0.000,9999999.000,1.000,0.000,0,0,5,0,0,5,5,0,0,0.0,1.0,0.0,0.0,1.0
"G[1,1](Magnesium >= 0.000 | Glucose >= 0.000)
",0.000,0.000,0.000,1.000,0.000,0,0,5,0,0,5,5,0,0,0.0,1.0,0.0,0.0,1.0
"G[1,2](((Hgb <= 0.000 | Hct <= 0.000) -> WBC >= 0.000) & Platelets >= 0.000)
",-9999999.000,0.000,9999999.000,1.000,0.000,0,0,5,0,0,5,5,0,0,0.0,1.0,0.0,0.0,1.0
"G[1,2](O2Sat >= 22.349 | Fibrinogen >= 0.000)
",-9999999.000,0.000,9999999.000,1.000,0.000,0,0,5,0,0,5,5,0,0,0.0,1.0,0.0,0.0,1.0
"G[0,1](Platelets <= 0.000 -> WBC >= 0.000)
",-9999999.000,0.000,9999999.000,1.000,0.000,0,0,5,0,0,5,5,0,0,0.0,1.0,0.0,0.0,1.0
"G[0,2](Chloride >= 0.000 & HCO3 >= 0.000)
",-9999999.000,0.000,9999999.000,1.000,0.000,0,0,5,0,0,5,5,0,0,0.0,1.0,0.0,0.0,1.0
"G[0,1](((FiO2 >= 0.180 -> HCO3 <= 0.000) & Lactate >= 0.000) & Glucose >= 0.000)
",-9999999.000,0.000,9999999.000,1.000,0.000,0,0,5,0,0,5,5,0,0,0.0,1.0,0.0,0.0,1.0
"G[1,2](((Lactate >= 0.073 -> PTT >= 0.000) -> Calcium >= 0.000) | Magnesium >= 0.000)
",-9999999.000,0.000,9999999.000,1.000,0.000,0,0,5,0,0,5,5,0,0,0.0,1.0,0.0,0.0,1.0
"G[2,2](((PaCO2 >= 1.631 & TroponinI >= 0.000) | EtCO2 >= 0.000) -> Resp >= 0.000)
",0.000,0.000,0.000,1.000,0.000,0,0,5,0,0,5,5,0,0,0.0,1.0,0.0,0.0,1.0
"G[0,1]((Magnesium >= 0.000 -> Chloride <= 0.000) | Hgb >= 0.000)
",-9999999.000,0.000,9999999.000,1.000,0.000,0,0,5,0,0,5,5,0,0,0.0,1.0,0.0,0.0,1.0
"G[1,2](BUN <= 0.000 & Creatinine >= 0.000)
",-9999999.000,0.000,9999999.000,1.000,0.000,0,0,5,0,0,5,5,0,0,0.0,1.0,0.0,0.0,1.0
"G[0,1](((Hgb <= 0.000 | Hct <= 0.000) -> WBC >= 0.000) & Platelets >= 0.000)
",-9999999.000,0.000,9999999.000,1.000,0.000,0,0,5,0,0,5,5,0,0,0.0,1.0,0.0,0.0,1.0
"G[0,2](Platelets <= 0.000 -> WBC >= 0.000)
",-9999999.000,0.000,9999999.000,1.000,0.000,0,0,5,0,0,5,5,0,0,0.0,1.0,0.0,0.0,1.0
"G[0,2](Potassium >= 0.000 & WBC <= 0.000)
",-9999999.000,0.000,9999999.000,1.000,0.000,0,0,5,0,0,5,5,0,0,0.0,1.0,0.0,0.0,1.0
"G[0,0](Alkalinephos >= 0.000 | Creatinine >= 0.000)
",0.000,0.000,0.000,1.000,0.000,0,0,5,0,0,5,5,0,0,0.0,1.0,0.0,0.0,1.0
"G[1,2]((pH <= 1.860 -> Lactate >= 0.047) | Hgb <= 0.413)
",-9999999.000,0.000,9999999.000,1.000,0.000,0,0,5,0,0,5,5,0,0,0.0,1.0,0.0,0.0,1.0
"G[2,2]((EtCO2 >= 0.000 & Resp <= 12.957) -> DBP >= 6.266)
",0.000,0.000,0.000,1.000,0.000,0,0,5,0,0,5,5,0,0,0.0,1.0,0.0,0.0,1.0
"G[0,1](Resp <= 12.261 -> TroponinI >= 0.000)
",-9999999.000,0.000,9999999.000,1.000,0.000,0,0,5,0,0,5,5,0,0,0.0,1.0,0.0,0.0,1.0
"G[0,1](BUN <= 0.000 & Creatinine >= 0.000)
",-9999999.000,0.000,9999999.000,1.000,0.000,0,0,5,0,0,5,5,0,0,0.0,1.0,0.0,0.0,1.0
"G[0,1](((WBC <= 0.000 | DBP <= 0.000) -> O2Sat >= 0.000) & EtCO2 >= 0.000)
",-9999999.000,0.000,9999999.000,1.000,0.000,0,0,5,0,0,5,5,0,0,0.0,1.0,0.0,0.0,1.0
"G[1,1](Platelets <= 0.000 -> WBC >= 0.000)
",0.000,0.000,0.000,1.000,0.000,0,0,5,0,0,5,5,0,0,0.0,1.0,0.0,0.0,1.0
"G[0,2](Chloride >= 0.000 & HCO3 >= 0.000)
",-9999999.000,0.000,9999999.000,1.000,0.000,0,0,5,0,0,5,5,0,0,0.0,1.0,0.0,0.0,1.0
"G[0,2](BUN <= 0.000 & Creatinine >= 0.000)
",-9999999.000,0.000,9999999.000,1.000,0.000,0,0,5,0,0,5,5,0,0,0.0,1.0,0.0,0.0,1.0
"G[1,1](MAP <= 85.137 | Platelets >= 0.000)
",-85.137,0.000,85.137,1.000,0.000,0,0,5,0,0,5,5,0,0,0.0,1.0,0.0,0.0,1.0
"G[2,2](((Glucose >= 0.000 | DBP >= 0.000) -> DBP >= 0.000) -> Hgb <= 0.000)
",0.000,0.000,0.000,1.000,0.000,0,0,5,0,0,5,5,0,0,0.0,1.0,0.0,0.0,1.0
"G[0,2](((Temp <= 26.399 & DBP <= 0.000) -> MAP <= 0.000) -> HR >= 0.000)
",-9999999.000,0.000,9999999.000,1.000,0.000,0,0,5,0,0,5,5,0,0,0.0,1.0,0.0,0.0,1.0
"G[1,1]((Potassium <= 0.000 | Fibrinogen <= 0.000) & Chloride <= 0.000)
",0.000,0.000,0.000,1.000,0.000,0,0,5,0,0,5,5,0,0,0.0,1.0,0.0,0.0,1.0
"G[0,2](((Hct >= 0.000 & Magnesium >= 0.000) & Platelets >= 0.000) | Hct >= 0.000)
",-9999999.000,0.000,9999999.000,1.000,0.000,0,0,5,0,0,5,5,0,0,0.0,1.0,0.0,0.0,1.0
"G[1,2](((Calcium >= 0.000 -> Alkalinephos <= 0.000) -> Temp <= 0.000) -> Glucose <= 0.000)
",-9999999.000,0.000,9999999.000,1.000,0.000,0,0,5,0,0,5,5,0,0,0.0,1.0,0.0,0.0,1.0
"G[1,2](((Temp <= 22.935 -> Magnesium >= 0.000) | Resp <= 0.000) & Bilirubin_direct >= 0.000)
",-9999999.000,0.000,9999999.000,1.000,0.000,0,0,5,0,0,5,5,0,0,0.0,1.0,0.0,0.0,1.0
"G[0,1](((Hgb <= 0.000 | Hct <= 0.000) -> WBC >= 0.000) & Platelets >= 0.000)
",-9999999.000,0.000,9999999.000,1.000,0.000,0,0,5,0,0,5,5,0,0,0.0,1.0,0.0,0.0,1.0
"G[2,2](Platelets <= 0.000 -> WBC >= 0.000)
",0.000,0.000,0.000,1.000,0.000,0,0,5,0,0,5,5,0,0,0.0,1.0,0.0,0.0,1.0
"G[0,2](Chloride >= 0.000 & HCO3 >= 0.000)
",-9999999.000,0.000,9999999.000,1.000,0.000,0,0,5,0,0,5,5,0,0,0.0,1.0,0.0,0.0,1.0
"G[1,2](((Creatinine <= 0.000 | Fibrinogen <= 0.000) | EtCO2 >= 0.000) & EtCO2 >= 0.000)
",-9999999.000,0.000,9999999.000,1.000,0.000,0,0,5,0,0,5,5,0,0,0.0,1.0,0.0,0.0,1.0
"G[1,1]((AST >= 0.000 & HCO3 <= 0.000) -> TroponinI >= 0.000)
",0.000,0.000,0.000,1.000,0.000,0,0,5,0,0,5,5,0,0,0.0,1.0,0.0,0.0,1.0
"G[2,2](BUN <= 0.000 & Creatinine >= 0.000)
",0.000,0.000,0.000,1.000,0.000,0,0,5,0,0,5,5,0,0,0.0,1.0,0.0,0.0,1.0
"G[1,2]((Calcium <= 0.000 -> Creatinine >= 0.000) | DBP <= 0.000)
",-9999999.000,0.000,9999999.000,1.000,0.000,0,0,5,0,0,5,5,0,0,0.0,1.0,0.0,0.0,1.0
"G[2,2]((Alkalinephos >= 0.000 -> Lactate >= 0.044) & Phosphate <= 0.614)
",0.000,0.000,0.000,1.000,0.000,0,0,5,0,0,5,5,0,0,0.0,1.0,0.0,0.0,1.0
"G[0,1](((Hgb <= 0.000 | Hct <= 0.000) -> WBC >= 0.000) & Platelets >= 0.000)
",-9999999.000,0.000,9999999.000,1.000,0.000,0,0,5,0,0,5,5,0,0,0.0,1.0,0.0,0.0,1.0
"G[1,2](((TroponinI <= 0.000 -> Hgb <= 0.000) -> Temp >= 0.000) & EtCO2 <= 0.000)
",-9999999.000,0.000,9999999.000,1.000,0.000,0,0,5,0,0,5,5,0,0,0.0,1.0,0.0,0.0,1.0
"G[0,1](((Bilirubin_direct <= 0.000 -> Magnesium <= 0.000) | EtCO2 >= 0.000) -> SaO2 >= 0.000)
",-9999999.000,0.000,9999999.000,1.000,0.000,0,0,5,0,0,5,5,0,0,0.0,1.0,0.0,0.0,1.0
"G[0,1]((Lactate >= 0.068 & Hgb >= 0.000) | Chloride <= 0.000)
",-9999999.000,0.000,9999999.000,1.000,0.000,0,0,5,0,0,5,5,0,0,0.0,1.0,0.0,0.0,1.0
"G[1,1](((Hgb <= 0.000 | Hct <= 0.000) -> WBC >= 0.000) & Platelets >= 0.000)
",0.000,0.000,0.000,1.000,0.000,0,0,5,0,0,5,5,0,0,0.0,1.0,0.0,0.0,1.0
"G[0,2](((Hgb <= 0.000 | Hct <= 0.000) -> WBC >= 0.000) & Platelets >= 0.000)
",-9999999.000,0.000,9999999.000,1.000,0.000,0,0,5,0,0,5,5,0,0,0.0,1.0,0.0,0.0,1.0
"G[0,0](BUN <= 0.000 & Creatinine >= 0.000)
",0.000,0.000,0.000,1.000,0.000,0,0,5,0,0,5,5,0,0,0.0,1.0,0.0,0.0,1.0
"G[2,2]((HR <= 72.598 & Potassium <= 0.000) & SepsisLabel >= 0.000)
",0.000,0.000,0.000,1.000,0.000,0,0,5,0,0,5,5,0,0,0.0,1.0,0.0,0.0,1.0
"G[1,2](((Hgb <= 0.000 | Hct <= 0.000) -> WBC >= 0.000) & Platelets >= 0.000)
",-9999999.000,0.000,9999999.000,1.000,0.000,0,0,5,0,0,5,5,0,0,0.0,1.0,0.0,0.0,1.0
"G[2,2](HCO3 <= 0.000 | pH <= 2.672)
",-2.672,0.000,2.672,1.000,0.000,0,0,5,0,0,5,5,0,0,0.0,1.0,0.0,0.0,1.0
"G[0,0](((pH >= 0.630 -> HCO3 <= 0.000) -> TroponinI <= 0.000) -> DBP <= 0.000)
",-0.577,0.000,0.157,1.000,0.000,0,0,5,0,0,5,5,0,0,0.0,1.0,0.0,0.0,1.0
"G[1,1](Platelets <= 0.000 -> WBC >= 0.000)
",0.000,0.000,0.000,1.000,0.000,0,0,5,0,0,5,5,0,0,0.0,1.0,0.0,0.0,1.0
"G[0,1](WBC <= 0.000 & Bilirubin_direct <= 0.000)
",-9999999.000,0.000,9999999.000,1.000,0.000,0,0,5,0,0,5,5,0,0,0.0,1.0,0.0,0.0,1.0
"G[1,2]((SaO2 >= 6.327 -> DBP <= 0.000) & Chloride <= 0.000)
",-9999999.000,0.000,9999999.000,1.000,0.000,0,0,5,0,0,5,5,0,0,0.0,1.0,0.0,0.0,1.0
"G[2,2](((SaO2 <= 52.199 -> Fibrinogen <= 0.000) | Bilirubin_total <= 0.000) & Resp <= 0.000)
",0.000,0.000,0.000,1.000,0.000,0,0,5,0,0,5,5,0,0,0.0,1.0,0.0,0.0,1.0
"G[0,2](Chloride >= 0.000 & HCO3 >= 0.000)
",-9999999.000,0.000,9999999.000,1.000,0.000,0,0,5,0,0,5,5,0,0,0.0,1.0,0.0,0.0,1.0
"G[0,2]((DBP >= 0.000 -> HCO3 <= 0.000) | PTT >= 0.000)
",-9999999.000,0.000,9999999.000,1.000,0.000,0,0,5,0,0,5,5,0,0,0.0,1.0,0.0,0.0,1.0
"G[0,2](Potassium <= 0.000 -> Platelets >= 0.000)
",-9999999.000,0.000,9999999.000,1.000,0.000,0,0,5,0,0,5,5,0,0,0.0,1.0,0.0,0.0,1.0
"G[1,2](((SaO2 <= 88.226 -> SaO2 <= 88.250) | PaCO2 <= 95.012) | Fibrinogen <= 72.341)
",-9999999.000,0.000,9999999.000,1.000,0.000,0,0,5,0,0,5,5,0,0,0.0,1.0,0.0,0.0,1.0
"G[0,1](FiO2 >= 0.161 -> Creatinine >= 0.000)
",-9999999.000,0.000,9999999.000,1.000,0.000,0,0,5,0,0,5,5,0,0,0.0,1.0,0.0,0.0,1.0
"G[2,2](BUN <= 0.000 & Creatinine >= 0.000)
",0.000,0.000,0.000,1.000,0.000,0,0,5,0,0,5,5,0,0,0.0,1.0,0.0,0.0,1.0
"G[1,1](Platelets <= 0.000 | PTT <= 0.000)
",0.000,0.000,0.000,1.000,0.000,0,0,5,0,0,5,5,0,0,0.0,1.0,0.0,0.0,1.0
"G[2,2](((Hgb <= 0.000 | Hct <= 0.000) -> WBC >= 0.000) & Platelets >= 0.000)
",0.000,0.000,0.000,1.000,0.000,0,0,5,0,0,5,5,0,0,0.0,1.0,0.0,0.0,1.0
"G[0,2](Platelets <= 0.000 -> WBC >= 0.000)
",-9999999.000,0.000,9999999.000,1.000,0.000,0,0,5,0,0,5,5,0,0,0.0,1.0,0.0,0.0,1.0
"G[2,2](((WBC >= 0.000 | Temp <= 26.190) -> MAP <= 27.699) | Hct >= 3.166)
",3.166,0.000,-3.166,1.000,0.000,0,0,5,0,0,5,5,0,0,0.0,1.0,0.0,0.0,1.0
"G[1,2](((Fibrinogen >= 0.000 & SaO2 <= 14.731) & HCO3 >= 0.407) | Potassium <= 15.604)
",-9999999.000,0.000,9999999.000,1.000,0.000,0,0,5,0,0,5,5,0,0,0.0,1.0,0.0,0.0,1.0
"G[0,1]((TroponinI >= 0.000 | Creatinine <= 0.000) -> Glucose <= 0.000)
",-9999999.000,0.000,9999999.000,1.000,0.000,0,0,5,0,0,5,5,0,0,0.0,1.0,0.0,0.0,1.0
"G[0,2](Chloride >= 0.000 & HCO3 >= 0.000)
",-9999999.000,0.000,9999999.000,1.000,0.000,0,0,5,0,0,5,5,0,0,0.0,1.0,0.0,0.0,1.0
"G[2,2]((HR >= 32.168 -> Platelets >= 0.000) -> TroponinI >= 0.000)
",0.000,0.000,0.000,1.000,0.000,0,0,5,0,0,5,5,0,0,0.0,1.0,0.0,0.0,1.0
"G[1,2](Magnesium <= 0.000 & Alkalinephos <= 0.000)
",-9999999.000,0.000,9999999.000,1.000,0.000,0,0,5,0,0,5,5,0,0,0.0,1.0,0.0,0.0,1.0
"G[0,0](((SaO2 <= 83.508 | HCO3 <= 0.000) | SBP <= 0.000) & Chloride <= 0.000)
",0.000,0.000,0.000,1.000,0.000,0,0,5,0,0,5,5,0,0,0.0,1.0,0.0,0.0,1.0
"G[0,2](((Temp >= 3.033 | Magnesium >= 0.000) | SepsisLabel <= 0.000) & BaseExcess >= 0.000)
",-9999999.000,0.000,9999999.000,1.000,0.000,0,0,5,0,0,5,5,0,0,0.0,1.0,0.0,0.0,1.0
"G[0,0](((O2Sat >= 10.002 & Bilirubin_total >= 0.000) | Bilirubin_direct <= 0.000) | HR >= 0.000)
",-10058.000,0.000,10058.000,1.000,0.000,0,0,5,0,0,5,5,0,0,0.0,1.0,0.0,0.0,1.0
"G[0,1]((SaO2 <= 42.582 -> PTT >= 0.000) | PTT <= 0.000)
",-9999999.000,0.000,9999999.000,1.000,0.000,0,0,5,0,0,5,5,0,0,0.0,1.0,0.0,0.0,1.0
"G[0,1]((O2Sat <= 93.507 | pH <= 1.369) | Lactate <= 6.328)
",-9999999.000,0.000,9999999.000,1.000,0.000,0,0,5,0,0,5,5,0,0,0.0,1.0,0.0,0.0,1.0
"G[0,2](((HR >= 26.690 | Temp <= 34.029) | Hct >= 1.569) | Fibrinogen >= 2.090)
",-9999999.000,0.000,9999999.000,1.000,0.000,0,0,5,0,0,5,5,0,0,0.0,1.0,0.0,0.0,1.0
"G[0,2](((SBP >= 43.554 | Bilirubin_direct <= 0.000) | HCO3 >= 0.000) & Resp >= 0.000)
",-9999999.000,0.000,9999999.000,1.000,0.000,0,0,5,0,0,5,5,0,0,0.0,1.0,0.0,0.0,1.0
"G[0,2](((Lactate <= 0.546 & Hct <= 0.000) -> BUN >= 0.000) -> Hct <= 0.000)
",-9999999.000,0.000,9999999.000,1.000,0.000,0,0,5,0,0,5,5,0,0,0.0,1.0,0.0,0.0,1.0
"G[0,2]((Fibrinogen >= 0.000 -> BUN <= 0.000) -> Lactate >= 0.000)
",-9999999.000,0.000,9999999.000,1.000,0.000,0,0,5,0,0,5,5,0,0,0.0,1.0,0.0,0.0,1.0
"G[0,2]((Potassium <= 0.000 | Hgb <= 0.000) & FiO2 >= 0.000)
",-9999999.000,0.000,9999999.000,1.000,0.000,0,0,5,0,0,5,5,0,0,0.0,1.0,0.0,0.0,1.0
"G[2,2](((FiO2 >= 0.195 & PaCO2 <= 13.129) & Magnesium >= 2.413) & Platelets <= 12.468)
",2.413,0.000,-2.413,1.000,0.000,0,0,5,0,0,5,5,0,0,0.0,1.0,0.0,0.0,1.0
"G[0,2](((SBP <= 157.295 | Temp <= 5.552) -> Potassium >= 3.347) -> Bilirubin_direct <= 20.207)
",-9999999.000,0.000,9999999.000,1.000,0.000,0,0,5,0,0,5,5,0,0,0.0,1.0,0.0,0.0,1.0
"G[1,2](((Creatinine <= 0.000 -> Temp >= 0.115) & MAP >= 3.893) -> PaCO2 <= 30.908)
",-9999999.000,0.000,9999999.000,1.000,0.000,0,0,5,0,0,5,5,0,0,0.0,1.0,0.0,0.0,1.0
"G[0,2](SBP <= 151.521 | Bilirubin_direct <= 0.000)
",-9999999.000,0.000,9999999.000,1.000,0.000,0,0,5,0,0,5,5,0,0,0.0,1.0,0.0,0.0,1.0
"G[1,2](((Bilirubin_direct >= 0.000 | DBP >= 0.000) & Phosphate <= 0.000) -> Fibrinogen <= 0.000)
",-9999999.000,0.000,9999999.000,1.000,0.000,0,0,5,0,0,5,5,0,0,0.0,1.0,0.0,0.0,1.0
"G[0,0]((FiO2 <= 0.294 & Hgb >= 0.000) | Hct <= 0.000)
",0.000,0.000,0.000,1.000,0.000,0,0,5,0,0,5,5,0,0,0.0,1.0,0.0,0.0,1.0
"G[1,2](Temp <= 15.132 -> MAP >= 45.858)
",-9999999.000,0.000,9999999.000,1.000,0.000,0,0,5,0,0,5,5,0,0,0.0,1.0,0.0,0.0,1.0
"G[2,2](((Phosphate <= 0.000 & MAP <= 70.775) -> MAP <= 93.718) & Creatinine >= 48.363)
",93.718,0.000,-93.718,1.000,0.000,0,0,5,0,0,5,5,0,0,0.0,1.0,0.0,0.0,1.0
"G[0,1]((HR >= 31.617 & SBP >= 8.505) | EtCO2 <= 102.505)
",-9999999.000,0.000,9999999.000,1.000,0.000,0,0,5,0,0,5,5,0,0,0.0,1.0,0.0,0.0,1.0
"G[0,2]((FiO2 <= 0.534 -> PTT <= 0.000) | HR >= 0.000)
",-9999999.000,0.000,9999999.000,1.000,0.000,0,0,5,0,0,5,5,0,0,0.0,1.0,0.0,0.0,1.0
"G[0,2]((HR >= 25.174 | MAP <= 109.261) & BaseExcess <= 69.973)
",-9999999.000,0.000,9999999.000,1.000,0.000,0,0,5,0,0,5,5,0,0,0.0,1.0,0.0,0.0,1.0
"G[1,2](Resp <= 13.375 -> Magnesium >= 0.000)
",-9999999.000,0.000,9999999.000,1.000,0.000,0,0,5,0,0,5,5,0,0,0.0,1.0,0.0,0.0,1.0
"G[1,2](HR >= 28.622 | O2Sat <= 83.675)
",-9999999.000,0.000,9999999.000,1.000,0.000,0,0,5,0,0,5,5,0,0,0.0,1.0,0.0,0.0,1.0
"G[0,1]((Hgb >= 0.000 -> Phosphate >= 0.000) | BUN <= 0.000)
",-9999999.000,0.000,9999999.000,1.000,0.000,0,0,5,0,0,5,5,0,0,0.0,1.0,0.0,0.0,1.0
"G[0,2](((BaseExcess <= 1.381 -> AST <= 0.000) | Resp <= 0.000) -> HCO3 >= 0.000)
",-9999999.000,0.000,9999999.000,1.000,0.000,0,0,5,0,0,5,5,0,0,0.0,1.0,0.0,0.0,1.0
"G[2,2](((TroponinI >= 0.000 & Alkalinephos <= 0.000) -> TroponinI >= 0.000) | Creatinine <= 0.000)
",0.000,0.000,0.000,1.000,0.000,0,0,5,0,0,5,5,0,0,0.0,1.0,0.0,0.0,1.0
"G[0,0](((PaCO2 <= 37.534 -> Temp <= 28.220) | TroponinI <= 15.488) -> PTT <= 13.504)
",15.488,0.000,-15.488,1.000,0.000,0,0,5,0,0,5,5,0,0,0.0,1.0,0.0,0.0,1.0
"G[1,2](((Hgb <= 0.000 & MAP <= 103.334) & Hct <= 115.976) | Lactate >= 41.212)
",-9999999.000,0.000,9999999.000,1.000,0.000,0,0,5,0,0,5,5,0,0,0.0,1.0,0.0,0.0,1.0
"G[1,2](((Potassium <= 0.000 -> Phosphate >= 0.000) -> Hct <= 0.000) | Bilirubin_total >= 0.000)
",-9999999.000,0.000,9999999.000,1.000,0.000,0,0,5,0,0,5,5,0,0,0.0,1.0,0.0,0.0,1.0
"G[2,2](BaseExcess >= 0.163 | Resp >= 2.855)
",0.163,0.000,-0.163,1.000,0.000,0,0,5,0,0,5,5,0,0,0.0,1.0,0.0,0.0,1.0
"G[1,1](PTT >= 0.000 & BUN <= 0.000)
",0.000,0.000,0.000,1.000,0.000,0,0,5,0,0,5,5,0,0,0.0,1.0,0.0,0.0,1.0
"G[0,2](Potassium >= 0.000 | Lactate <= 0.625)
",-9999999.000,0.000,9999999.000,1.000,0.000,0,0,5,0,0,5,5,0,0,0.0,1.0,0.0,0.0,1.0
"G[1,2]((Glucose <= 0.000 | HR <= 62.892) | Bilirubin_direct >= 50.448)
",-9999999.000,0.000,9999999.000,1.000,0.000,0,0,5,0,0,5,5,0,0,0.0,1.0,0.0,0.0,1.0
"G[0,1](((AST >= 0.000 -> Temp >= 1.103) | Fibrinogen >= 3.672) | Lactate <= 35.475)
",-9999999.000,0.000,9999999.000,1.000,0.000,0,0,5,0,0,5,5,0,0,0.0,1.0,0.0,0.0,1.0
"G[0,2]((O2Sat >= 45.283 -> HCO3 >= 0.000) | AST >= 0.000)
",-9999999.000,0.000,9999999.000,1.000,0.000,0,0,5,0,0,5,5,0,0,0.0,1.0,0.0,0.0,1.0
"G[0,0]((PTT >= 0.000 | WBC >= 0.000) & PTT <= 0.000)
",0.000,0.000,0.000,1.000,0.000,0,0,5,0,0,5,5,0,0,0.0,1.0,0.0,0.0,1.0
"G[0,2](((Chloride <= 0.000 & WBC >= 0.000) & BUN <= 0.000) | Phosphate <= 0.000)
",-9999999.000,0.000,9999999.000,1.000,0.000,0,0,5,0,0,5,5,0,0,0.0,1.0,0.0,0.0,1.0
"G[0,1]((BUN >= 0.000 & HCO3 >= 0.000) -> Temp >= 0.000)
",-9999999.000,0.000,9999999.000,1.000,0.000,0,0,5,0,0,5,5,0,0,0.0,1.0,0.0,0.0,1.0
"G[0,1](((SBP <= 105.421 & Magnesium <= 0.000) | SBP >= 0.000) -> Bilirubin_total >= 0.000)
",-9999999.000,0.000,9999999.000,1.000,0.000,0,0,5,0,0,5,5,0,0,0.0,1.0,0.0,0.0,1.0
"G[1,1](((Magnesium <= 0.000 -> Phosphate >= 0.000) & AST <= 0.000) | Fibrinogen >= 0.000)
",0.000,0.000,0.000,1.000,0.000,0,0,5,0,0,5,5,0,0,0.0,1.0,0.0,0.0,1.0
"G[1,2](Resp <= 13.489 | O2Sat >= 68.548)
",-9999999.000,0.000,9999999.000,1.000,0.000,0,0,5,0,0,5,5,0,0,0.0,1.0,0.0,0.0,1.0
"G[0,0](((Bilirubin_total <= 0.000 | TroponinI <= 0.000) | PaCO2 <= 0.000) & Magnesium <= 0.000)
",0.577,0.000,-0.225,1.000,0.000,0,0,5,0,0,5,5,0,0,0.0,1.0,0.0,0.0,1.0
"G[1,2]((Temp <= 15.187 & Phosphate <= 0.000) -> Temp >= 0.000)
",-9999999.000,0.000,9999999.000,1.000,0.000,0,0,5,0,0,5,5,0,0,0.0,1.0,0.0,0.0,1.0
"G[0,0](((DBP >= 0.000 | HR <= 77.747) & Lactate <= 75.417) & BUN <= 67.933)
",-1.000,0.000,33.967,1.000,0.000,0,0,5,0,0,5,5,0,0,0.0,1.0,0.0,0.0,1.0
"G[0,1](((WBC >= 0.000 & Potassium >= 0.000) & Hgb >= 0.000) & SepsisLabel >= 0.000)
",-9999999.000,0.000,9999999.000,1.000,0.000,0,0,5,0,0,5,5,0,0,0.0,1.0,0.0,0.0,1.0
"G[0,0]((SaO2 <= 71.051 | SBP <= 130.307) & FiO2 <= 133.886)
",-130.307,0.000,130.307,1.000,0.000,0,0,5,0,0,5,5,0,0,0.0,1.0,0.0,0.0,1.0
"G[1,1]((SepsisLabel >= 1.000 | SBP <= 153.981) & pH <= 160.991)
",-153.981,0.000,153.981,1.000,0.000,0,0,5,0,0,5,5,0,0,0.0,1.0,0.0,0.0,1.0
"G[1,2](Resp >= 10.052 & WBC >= 0.000)
",-9999999.000,0.000,9999999.000,1.000,0.000,0,0,5,0,0,5,5,0,0,0.0,1.0,0.0,0.0,1.0
"G[2,2]((Temp >= 1.568 -> Creatinine <= 0.000) & WBC >= 0.000)
",0.000,0.000,0.000,1.000,0.000,0,0,5,0,0,5,5,0,0,0.0,1.0,0.0,0.0,1.0
"G[1,1](((PTT <= 0.000 -> Bilirubin_direct >= 0.000) | Bilirubin_direct >= 0.000) & Creatinine <= 0.000)
",0.000,0.000,0.000,1.000,0.000,0,0,5,0,0,5,5,0,0,0.0,1.0,0.0,0.0,1.0
"G[0,2](Bilirubin_total >= 0.000 | Temp >= 1.830)
",-9999999.000,0.000,9999999.000,1.000,0.000,0,0,5,0,0,5,5,0,0,0.0,1.0,0.0,0.0,1.0
"G[0,1](SBP <= 145.692 -> SepsisLabel = 1.000)
",-9999999.000,0.000,9999999.000,1.000,0.000,0,0,5,0,0,5,5,0,0,0.0,1.0,0.0,0.0,1.0
"G[0,2](Platelets >= 0.000 | PTT >= 0.000)
",-9999999.000,0.000,9999999.000,1.000,0.000,0,0,5,0,0,5,5,0,0,0.0,1.0,0.0,0.0,1.0
"G[0,1]((Platelets >= 0.000 -> Platelets <= 0.000) | O2Sat <= 0.000)
",-9999999.000,0.000,9999999.000,1.000,0.000,0,0,5,0,0,5,5,0,0,0.0,1.0,0.0,0.0,1.0
"G[0,2](Alkalinephos >= 0.000 & SepsisLabel = 1.000)
",-9999999.000,0.000,9999999.000,1.000,0.000,0,0,5,0,0,5,5,0,0,0.0,1.0,0.0,0.0,1.0
"G[1,2](AST >= 0.000 & Alkalinephos <= 0.000)
",-9999999.000,0.000,9999999.000,1.000,0.000,0,0,5,0,0,5,5,0,0,0.0,1.0,0.0,0.0,1.0
"G[1,2](Hgb < 0.000 -> SepsisLabel = 1.000)
",-9999999.000,0.000,9999999.000,1.000,0.000,0,0,5,0,0,5,5,0,0,0.0,1.0,0.0,0.0,1.0
"G[0,2](Hct <= 0.000 -> SepsisLabel = 1.000)
",-9999999.000,0.000,9999999.000,1.000,0.000,0,0,5,0,0,5,5,0,0,0.0,1.0,0.0,0.0,1.0
"G[1,1]((SBP >= 52.185 -> TroponinI <= 0.000) -> AST >= 0.000)
",0.000,0.000,0.000,1.000,0.000,0,0,5,0,0,5,5,0,0,0.0,1.0,0.0,0.0,1.0
"G[1,1](((HCO3 >= 0.000 & Bilirubin_total <= 0.000) | Hct >= 0.000) & Temp >= 0.000)
",0.000,0.000,0.000,1.000,0.000,0,0,5,0,0,5,5,0,0,0.0,1.0,0.0,0.0,1.0
"G[0,2](BUN <= 0.000 & Creatinine >= 0.000)
",-9999999.000,0.000,9999999.000,1.000,0.000,0,0,5,0,0,5,5,0,0,0.0,1.0,0.0,0.0,1.0
"G[1,1]((HCO3 >= 0.000 | Creatinine >= 0.000) -> Magnesium <= 0.000)
",0.000,0.000,0.000,1.000,0.000,0,0,5,0,0,5,5,0,0,0.0,1.0,0.0,0.0,1.0
"G[1,2](((Hgb <= 0.000 | Hct <= 0.000) -> WBC >= 0.000) & Platelets >= 0.000)
",-9999999.000,0.000,9999999.000,1.000,0.000,0,0,5,0,0,5,5,0,0,0.0,1.0,0.0,0.0,1.0
"G[2,2]((Bilirubin_total <= 0.000 -> Hgb >= 0.000) -> pH <= 0.000)
",0.000,0.000,0.000,1.000,0.000,0,0,5,0,0,5,5,0,0,0.0,1.0,0.0,0.0,1.0
"G[2,2](Platelets <= 0.000 -> WBC >= 0.000)
",0.000,0.000,0.000,1.000,0.000,0,0,5,0,0,5,5,0,0,0.0,1.0,0.0,0.0,1.0
"G[0,1](Chloride >= 0.000 & HCO3 >= 0.000)
",-9999999.000,0.000,9999999.000,1.000,0.000,0,0,5,0,0,5,5,0,0,0.0,1.0,0.0,0.0,1.0
"G[0,1]((SaO2 <= 90.039 -> Alkalinephos <= 0.000) | Hct >= 0.000)
",-9999999.000,0.000,9999999.000,1.000,0.000,0,0,5,0,0,5,5,0,0,0.0,1.0,0.0,0.0,1.0
"G[0,2](BUN <= 0.000 & Creatinine >= 0.000)
",-9999999.000,0.000,9999999.000,1.000,0.000,0,0,5,0,0,5,5,0,0,0.0,1.0,0.0,0.0,1.0
"G[0,2](((Platelets >= 0.000 -> Fibrinogen <= 0.000) | BaseExcess <= 0.000) | Magnesium >= 0.000)
",-9999999.000,0.000,9999999.000,1.000,0.000,0,0,5,0,0,5,5,0,0,0.0,1.0,0.0,0.0,1.0
"G[1,2](BUN <= 0.000 & BUN >= 0.000)
",-9999999.000,0.000,9999999.000,1.000,0.000,0,0,5,0,0,5,5,0,0,0.0,1.0,0.0,0.0,1.0
"G[0,1]((Creatinine >= 0.000 & Creatinine >= 0.000) | Platelets >= 0.000)
",-9999999.000,0.000,9999999.000,1.000,0.000,0,0,5,0,0,5,5,0,0,0.0,1.0,0.0,0.0,1.0
"G[0,2]((SBP >= 53.645 -> BUN <= 0.000) & Creatinine <= 0.000)
",-9999999.000,0.000,9999999.000,1.000,0.000,0,0,5,0,0,5,5,0,0,0.0,1.0,0.0,0.0,1.0
"G[2,2](((BUN >= 0.000 -> Fibrinogen >= 0.000) & AST >= 0.000) -> Bilirubin_total <= 0.000)
",0.000,0.000,0.000,1.000,0.000,0,0,5,0,0,5,5,0,0,0.0,1.0,0.0,0.0,1.0
"G[2,2](Bilirubin_total >= 0.000 -> SepsisLabel = 1.000)
",0.000,0.000,0.000,1.000,0.000,0,0,5,0,0,5,5,0,0,0.0,1.0,0.0,0.0,1.0
"G[2,2](Calcium < 0.000 & SepsisLabel = 1.000)
",1.000,0.000,-1.000,1.000,0.000,0,0,5,0,0,5,5,0,0,0.0,1.0,0.0,0.0,1.0
"G[0,2]((Temp <= 32.728 | Fibrinogen <= 0.000) -> AST >= 0.000)
",-9999999.000,0.000,9999999.000,1.000,0.000,0,0,5,0,0,5,5,0,0,0.0,1.0,0.0,0.0,1.0
"G[0,1](pH > 0.101 -> SepsisLabel = 1.000)
",-9999999.000,0.000,9999999.000,1.000,0.000,0,0,5,0,0,5,5,0,0,0.0,1.0,0.0,0.0,1.0
"G[0,1](Phosphate > 0.000 -> SepsisLabel = 1.000)
",-9999999.000,0.000,9999999.000,1.000,0.000,0,0,5,0,0,5,5,0,0,0.0,1.0,0.0,0.0,1.0
"G[0,1](((HR <= 85.697 | EtCO2 <= 0.000) | Platelets >= 0.000) | O2Sat >= 0.000)
",-9999999.000,0.000,9999999.000,1.000,0.000,0,0,5,0,0,5,5,0,0,0.0,1.0,0.0,0.0,1.0
"G[0,0]((Temp >= 1.027 -> AST <= 0.000) | PTT >= 0.000)
",0.000,0.000,0.000,1.000,0.000,0,0,5,0,0,5,5,0,0,0.0,1.0,0.0,0.0,1.0
"G[0,1](((O2Sat <= 79.164 | Phosphate <= 0.000) -> EtCO2 >= 0.000) & Alkalinephos <= 0.000)
",-9999999.000,0.000,9999999.000,1.000,0.000,0,0,5,0,0,5,5,0,0,0.0,1.0,0.0,0.0,1.0
"G[1,2]((HCO3 <= 0.000 & Creatinine >= 0.000) | pH <= 0.000)
",-9999999.000,0.000,9999999.000,1.000,0.000,0,0,5,0,0,5,5,0,0,0.0,1.0,0.0,0.0,1.0
"G[0,2](((Bilirubin_total >= 0.000 & HR <= 63.732) -> FiO2 <= 67.450) -> Bilirubin_total <= 70.424)
",-9999999.000,0.000,9999999.000,1.000,0.000,0,0,5,0,0,5,5,0,0,0.0,1.0,0.0,0.0,1.0
"G[2,2](Platelets <= 0.000 -> WBC >= 0.000)
",0.000,0.000,0.000,1.000,0.000,0,0,5,0,0,5,5,0,0,0.0,1.0,0.0,0.0,1.0
"G[1,2](Temp < 31.506 -> SepsisLabel = 1.000)
",-9999999.000,0.000,9999999.000,1.000,0.000,0,0,5,0,0,5,5,0,0,0.0,1.0,0.0,0.0,1.0
"G[1,2]((O2Sat <= 81.609 | Bilirubin_total >= 0.000) | Chloride >= 0.000)
",-9999999.000,0.000,9999999.000,1.000,0.000,0,0,5,0,0,5,5,0,0,0.0,1.0,0.0,0.0,1.0
"G[1,1](Calcium >= 0.000 & Creatinine <= 0.000)
",0.000,0.000,0.000,1.000,0.000,0,0,5,0,0,5,5,0,0,0.0,1.0,0.0,0.0,1.0
"G[2,2]((Creatinine <= 0.000 | SepsisLabel <= 1.000) | Bilirubin_total >= 1.000)
",-1.000,0.000,1.000,1.000,0.000,0,0,5,0,0,5,5,0,0,0.0,1.0,0.0,0.0,1.0
"G[1,2](((Chloride >= 0.000 & BUN >= 0.000) & Bilirubin_total <= 0.000) & O2Sat >= 0.000)
",-9999999.000,0.000,9999999.000,1.000,0.000,0,0,5,0,0,5,5,0,0,0.0,1.0,0.0,0.0,1.0
"G[0,1](((MAP >= 61.106 & Creatinine >= 0.000) & Glucose <= 0.000) | PTT <= 0.000)
",-9999999.000,0.000,9999999.000,1.000,0.000,0,0,5,0,0,5,5,0,0,0.0,1.0,0.0,0.0,1.0
"G[1,1]((MAP <= 87.113 | Creatinine <= 0.000) -> EtCO2 <= 0.000)
",87.113,0.000,-87.113,1.000,0.000,0,0,5,0,0,5,5,0,0,0.0,1.0,0.0,0.0,1.0
"G[1,2]((Calcium >= 0.000 & Alkalinephos <= 0.000) | Resp >= 0.000)
",-9999999.000,0.000,9999999.000,1.000,0.000,0,0,5,0,0,5,5,0,0,0.0,1.0,0.0,0.0,1.0
"G[0,1](BaseExcess <= 0.518 -> PTT >= 0.000)
",-9999999.000,0.000,9999999.000,1.000,0.000,0,0,5,0,0,5,5,0,0,0.0,1.0,0.0,0.0,1.0
"G[0,1](Bilirubin_direct >= 0.000 | PTT <= 0.000)
",-9999999.000,0.000,9999999.000,1.000,0.000,0,0,5,0,0,5,5,0,0,0.0,1.0,0.0,0.0,1.0
"G[0,0](((MAP <= 96.958 | Chloride >= 0.000) & Temp >= 0.000) -> EtCO2 >= 0.000)
",1.715,0.000,-10.000,1.000,0.000,0,0,5,0,0,5,5,0,0,0.0,1.0,0.0,0.0,1.0
"G[1,1](HCO3 >= 0.000 -> Alkalinephos >= 0.000)
",0.000,0.000,0.000,1.000,0.000,0,0,5,0,0,5,5,0,0,0.0,1.0,0.0,0.0,1.0
"G[1,2]((Chloride <= 0.000 -> SepsisLabel <= 1.000) & Hct <= 1.000)
",-9999999.000,0.000,9999999.000,1.000,0.000,0,0,5,0,0,5,5,0,0,0.0,1.0,0.0,0.0,1.0
"G[0,1](HCO3 <= 0.000 -> SepsisLabel = 1.000)
",-9999999.000,0.000,9999999.000,1.000,0.000,0,0,5,0,0,5,5,0,0,0.0,1.0,0.0,0.0,1.0
"G[0,1](Chloride >= 0.000 & HCO3 >= 0.000)
",-9999999.000,0.000,9999999.000,1.000,0.000,0,0,5,0,0,5,5,0,0,0.0,1.0,0.0,0.0,1.0
