Rule,Discrimination Score,Pos Robustness,Neg Robustness,Percent Class +,Percent Class -,TP,TN,FP,FN,Actual Yes,Actual No,Predicted Yes,Predicted No,TPR/Sens,TNR/Spec,FPR,Precision,Accuracy,MCR,Class
"G[0,0]((Magnesium <= 1.777 | Temp <= 12.400) & Phosphate <= 20.795)
",0.907,2.663,0.000,1.000,0.000,25,0,0,0,25,0,25,0,1.0,0.0,0.0,1.0,1.0204081632653061,-0.020408163265306145,1
"F[0,0]((Calcium <= 6.537 & Potassium <= 1.626) & Magnesium >= 0.067)
",-0.681,-0.096,0.000,0.000,1.000,25,0,0,0,25,0,25,0,1.0,0.0,0.0,1.0,1.0204081632653061,-0.020408163265306145,-1
"F[0,0](((Chloride <= 8.183 -> PTT <= 31.770) -> BUN <= 6.864) & Hct >= 0.402)
",-6.864,-6.864,0.000,0.000,1.000,25,0,0,0,25,0,25,0,1.0,0.0,0.0,1.0,1.0204081632653061,-0.020408163265306145,-1
"F[0,0]((pH <= 4.691 | Temp >= 4.279) & Glucose >= 7.125)
",-8022570118578027.000,-7.125,0.000,0.000,1.000,25,0,0,0,25,0,25,0,1.0,0.0,0.0,1.0,1.0204081632653061,-0.020408163265306145,-1
"G[0,0](((O2Sat >= 26.278 -> PTT <= 19.865) | Resp >= 0.113) | Platelets >= 0.780)
",1.488,39.220,0.000,1.000,0.000,25,0,0,0,25,0,25,0,1.0,0.0,0.0,1.0,1.0204081632653061,-0.020408163265306145,1
"F[0,0]((Calcium <= 2.675 & Potassium <= 2.452) & Magnesium >= 0.026)
",-0.026,-0.026,0.000,0.000,1.000,25,0,0,0,25,0,25,0,1.0,0.0,0.0,1.0,1.0204081632653061,-0.020408163265306145,-1
"G[0,0](((Creatinine <= 0.635 -> Phosphate <= 1.391) | HR <= 0.541) | Chloride <= 0.507)
",954.687,0.507,0.000,1.000,0.000,25,0,0,0,25,0,25,0,1.0,0.0,0.0,1.0,1.0204081632653061,-0.020408163265306145,1
"G[0,0](((Potassium >= 0.111 & Temp >= 8.399) -> HCO3 <= 13.175) | TroponinI <= 15.678)
",8825715371110632.000,15.678,0.000,1.000,0.000,25,0,0,0,25,0,25,0,1.0,0.0,0.0,1.0,1.0204081632653061,-0.020408163265306145,1
"G[0,0]((Hct <= 24.550 -> pH >= 0.193) | Calcium <= 7.497)
",7.497,7.497,0.000,1.000,0.000,25,0,0,0,25,0,25,0,1.0,0.0,0.0,1.0,1.0204081632653061,-0.020408163265306145,1
"G[0,0]((Bilirubin_direct >= 0.000 -> MAP <= 78.864) -> AST <= 106.339)
",-106.339,-106.339,0.000,1.000,0.000,25,0,0,0,25,0,25,0,1.0,0.0,0.0,1.0,1.0204081632653061,-0.020408163265306145,1
"G[0,1](((Chloride <= 23.490 & Potassium <= 1.712) | SBP <= 3.357) -> Phosphate <= 2.027)
",9999999.000,9999999.000,0.000,1.000,0.000,24,0,1,0,24,1,25,0,1.0,0.0,1.0,0.96,0.9795918367346939,0.020408163265306145,1
"F[0,1]((Calcium <= 0.930 & Potassium <= 3.558) & Magnesium >= 0.057)
",-9999999.000,-9999999.000,0.000,0.000,1.000,24,0,0,1,25,0,24,1,0.96,0.0,0.0,1.0,0.9795918367346939,0.020408163265306145,-1
"G[0,1](((Hgb <= 0.946 | Temp <= 17.854) -> SBP >= 7.200) -> SBP >= 5.695)
",9999999.000,9999999.000,0.000,1.000,0.000,24,0,1,0,24,1,25,0,1.0,0.0,1.0,0.96,0.9795918367346939,0.020408163265306145,1
"G[0,1](((Creatinine >= 0.031 & Resp <= 19.555) | Resp >= 1.349) | AST <= 17.436)
",9999999.000,9999999.000,0.000,1.000,0.000,24,0,1,0,24,1,25,0,1.0,0.0,1.0,0.96,0.9795918367346939,0.020408163265306145,1
"G[0,1]((Lactate <= 0.232 | SaO2 <= 0.000) & Resp >= 0.000)
",9999999.000,9999999.000,0.000,1.000,0.000,24,0,1,0,24,1,25,0,1.0,0.0,1.0,0.96,0.9795918367346939,0.020408163265306145,1
"F[0,1]((Calcium <= 3.526 & Potassium <= 1.805) & Magnesium >= 0.043)
",-9999999.000,-9999999.000,0.000,0.000,1.000,24,0,0,1,25,0,24,1,0.96,0.0,0.0,1.0,0.9795918367346939,0.020408163265306145,-1
"F[1,1](HR >= 20.509 -> Lactate >= 0.002)
",0.002,0.002,0.000,0.000,1.000,24,0,0,1,25,0,24,1,0.96,0.0,0.0,1.0,0.9795918367346939,0.020408163265306145,-1
"F[1,1](((DBP <= 64.446 | Glucose <= 71.663) -> EtCO2 >= 6.024) & SBP <= 76.859)
",-71.663,-71.663,0.000,0.000,1.000,24,0,0,1,25,0,24,1,0.96,0.0,0.0,1.0,0.9795918367346939,0.020408163265306145,-1
"F[0,0](SepsisLabel <= 0.000 & Creatinine >= 0.014)
",-0.209,-8.681,0.000,0.000,1.000,24,0,0,1,25,0,24,1,0.96,0.0,0.0,1.0,0.9795918367346939,0.020408163265306145,-1
"((Hct >= 0.732) U[0,0] (Phosphate >= 0.036))
",0.113,0.043,0.000,0.000,1.000,24,0,0,1,25,0,24,1,0.96,0.0,0.0,1.0,0.9795918367346939,0.020408163265306145,-1
"F[0,1](((Lactate >= 0.022 -> MAP <= 77.380) | Bilirubin_direct >= 14.049) & EtCO2 >= 74.847)
",-9999999.000,-9999999.000,0.000,0.000,1.000,24,0,0,1,25,0,24,1,0.96,0.0,0.0,1.0,0.9795918367346939,0.020408163265306145,-1
"F[1,1](Creatinine >= 0.032 & Resp <= 19.342)
",-0.032,-0.032,0.000,0.000,1.000,24,0,0,1,25,0,24,1,0.96,0.0,0.0,1.0,0.9795918367346939,0.020408163265306145,-1
"F[0,0](FiO2 <= 0.391 & WBC >= 0.096)
",-0.226,-1.243,0.000,0.000,1.000,24,0,0,1,25,0,24,1,0.96,0.0,0.0,1.0,0.9795918367346939,0.020408163265306145,-1
"F[1,1]((Calcium <= 4.306 & Potassium <= 2.983) & Magnesium >= 0.044)
",-6377651732223508.000,-0.044,0.000,0.000,1.000,24,0,0,1,25,0,24,1,0.96,0.0,0.0,1.0,0.9795918367346939,0.020408163265306145,-1
"F[1,1](((PTT <= 6.631 -> Chloride <= 74.018) -> Resp >= 1.248) -> Bilirubin_direct >= 2.552)
",-1.248,-1.248,0.000,0.000,1.000,24,0,0,1,25,0,24,1,0.96,0.0,0.0,1.0,0.9795918367346939,0.020408163265306145,-1
"((PTT >= 0.468) U[1,1] (WBC >= 0.319))
",-0.319,-0.319,0.000,0.000,1.000,24,0,0,1,25,0,24,1,0.96,0.0,0.0,1.0,0.9795918367346939,0.020408163265306145,-1
"F[0,1]((Calcium <= 2.894 & Potassium <= 3.375) & Magnesium >= 0.013)
",-9999999.000,-9999999.000,0.000,0.000,1.000,24,0,0,1,25,0,24,1,0.96,0.0,0.0,1.0,0.9795918367346939,0.020408163265306145,-1
"F[0,1](((Glucose >= 0.176 & Glucose >= 6.022) -> Phosphate >= 2.999) & SaO2 >= 2.379)
",-9999999.000,-9999999.000,0.000,0.000,1.000,24,0,0,1,25,0,24,1,0.96,0.0,0.0,1.0,0.9795918367346939,0.020408163265306145,-1
"F[0,0]((AST >= 0.000 | Chloride <= 63.270) -> WBC >= 0.871)
",-39.871,-62.941,0.000,0.000,1.000,24,0,0,1,25,0,24,1,0.96,0.0,0.0,1.0,0.9795918367346939,0.020408163265306145,-1
"F[0,0](((Calcium <= 4.551 | Hct >= 0.929) | TroponinI <= 16.370) -> Creatinine >= 0.266)
",-1.095,-20.219,0.000,0.000,1.000,24,0,0,1,25,0,24,1,0.96,0.0,0.0,1.0,0.9795918367346939,0.020408163265306145,-1
"F[1,1]((SaO2 <= 0.000 & Chloride >= 0.110) & Lactate >= 0.390)
",-7028164626379137.000,-0.390,0.000,0.000,1.000,24,0,0,1,25,0,24,1,0.96,0.0,0.0,1.0,0.9795918367346939,0.020408163265306145,-1
"F[1,1]((BUN <= 3.543 -> MAP <= 83.743) & pH >= 13.208)
",-83.743,-83.743,0.000,0.000,1.000,24,0,0,1,25,0,24,1,0.96,0.0,0.0,1.0,0.9795918367346939,0.020408163265306145,-1
"G[1,1](((FiO2 >= 0.048 & Platelets >= 2.493) -> Bilirubin_total >= 1.113) | Bilirubin_total >= 5.309)
",1.113,1.113,0.000,1.000,0.000,24,0,1,0,24,1,25,0,1.0,0.0,1.0,0.96,0.9795918367346939,0.020408163265306145,1
"G[0,1](SepsisLabel >= 0.000 & EtCO2 >= 0.000)
",9999999.000,9999999.000,0.000,1.000,0.000,24,0,1,0,24,1,25,0,1.0,0.0,1.0,0.96,0.9795918367346939,0.020408163265306145,1
"G[1,1]((Lactate >= 0.000 | O2Sat >= 76.822) & BUN <= 90.937)
",-0.000,-0.000,0.000,1.000,0.000,24,0,1,0,24,1,25,0,1.0,0.0,1.0,0.96,0.9795918367346939,0.020408163265306145,1
"G[0,1]((O2Sat <= 96.970 -> Phosphate <= 0.496) -> Lactate <= 1.532)
",9999999.000,9999999.000,0.000,1.000,0.000,24,0,1,0,24,1,25,0,1.0,0.0,1.0,0.96,0.9795918367346939,0.020408163265306145,1
"G[0,1](BUN >= 0.460 -> WBC >= 0.090)
",9999999.000,9999999.000,0.000,1.000,0.000,24,0,1,0,24,1,25,0,1.0,0.0,1.0,0.96,0.9795918367346939,0.020408163265306145,1
"G[0,1]((BUN <= 11.109 | Hgb >= 0.354) | TroponinI >= 0.106)
",9999999.000,9999999.000,0.000,1.000,0.000,24,0,1,0,24,1,25,0,1.0,0.0,1.0,0.96,0.9795918367346939,0.020408163265306145,1
"G[0,1](((Hct >= 0.457 & WBC >= 0.050) -> Creatinine >= 0.348) | DBP >= 0.331)
",9999999.000,9999999.000,0.000,1.000,0.000,24,0,1,0,24,1,25,0,1.0,0.0,1.0,0.96,0.9795918367346939,0.020408163265306145,1
"G[1,1](((DBP >= 1.250 | O2Sat >= 72.561) -> Resp <= 90.108) | BUN <= 89.980)
",89.980,89.980,0.000,1.000,0.000,24,0,1,0,24,1,25,0,1.0,0.0,1.0,0.96,0.9795918367346939,0.020408163265306145,1
"G[0,1]((Calcium >= 0.080 -> Chloride <= 54.151) -> SepsisLabel <= 108.799)
",9999999.000,9999999.000,0.000,1.000,0.000,24,0,1,0,24,1,25,0,1.0,0.0,1.0,0.96,0.9795918367346939,0.020408163265306145,1
"G[1,1]((Calcium >= 0.289 -> Platelets <= 222.663) | FiO2 >= 0.601)
",-0.601,-0.601,0.000,1.000,0.000,24,0,1,0,24,1,25,0,1.0,0.0,1.0,0.96,0.9795918367346939,0.020408163265306145,1
"G[0,1](Fibrinogen >= 0.000 & Bilirubin_total <= 0.000)
",9999999.000,9999999.000,0.000,1.000,0.000,24,0,1,0,24,1,25,0,1.0,0.0,1.0,0.96,0.9795918367346939,0.020408163265306145,1
"G[0,1]((Chloride <= 12.001 | Magnesium >= 0.034) | Temp >= 0.007)
",9999999.000,9999999.000,0.000,1.000,0.000,24,0,1,0,24,1,25,0,1.0,0.0,1.0,0.96,0.9795918367346939,0.020408163265306145,1
"G[0,1](PaCO2 >= 1.181 -> SepsisLabel >= 0.000)
",9999999.000,9999999.000,0.000,1.000,0.000,24,0,1,0,24,1,25,0,1.0,0.0,1.0,0.96,0.9795918367346939,0.020408163265306145,1
"G[1,1](TroponinI <= 0.000 & SepsisLabel = 0.000)
",0.000,0.000,0.000,1.000,0.000,24,0,1,0,24,1,25,0,1.0,0.0,1.0,0.96,0.9795918367346939,0.020408163265306145,1
"G[0,1](((Glucose <= 42.041 -> Hgb <= 9.157) | HCO3 >= 0.109) -> Calcium <= 9.785)
",9999999.000,9999999.000,0.000,1.000,0.000,24,0,1,0,24,1,25,0,1.0,0.0,1.0,0.96,0.9795918367346939,0.020408163265306145,1
"G[1,1](((Fibrinogen <= 0.000 & HR >= 11.366) | TroponinI <= 76.388) | pH >= 62.043)
",76.388,76.388,0.000,1.000,0.000,24,0,1,0,24,1,25,0,1.0,0.0,1.0,0.96,0.9795918367346939,0.020408163265306145,1
"G[0,1](((Phosphate >= 0.048 | PTT <= 1.735) & Calcium <= 37.946) -> Creatinine <= 16.375)
",9999999.000,9999999.000,0.000,1.000,0.000,24,0,1,0,24,1,25,0,1.0,0.0,1.0,0.96,0.9795918367346939,0.020408163265306145,1
"G[0,1](((Potassium <= 0.872 | Fibrinogen >= 0.000) | Magnesium <= 0.000) | Hgb >= 0.000)
",9999999.000,9999999.000,0.000,1.000,0.000,24,0,1,0,24,1,25,0,1.0,0.0,1.0,0.96,0.9795918367346939,0.020408163265306145,1
"G[0,0](((Creatinine <= 0.716 | AST >= 0.000) -> BUN <= 0.000) & Alkalinephos <= 0.000)
",-0.700,-1.019,0.000,1.000,0.000,24,0,0,1,25,0,24,1,0.96,0.0,0.0,1.0,0.9795918367346939,0.020408163265306145,1
"G[0,0](((Bilirubin_total >= 0.000 -> BaseExcess <= 0.329) -> SepsisLabel >= 0.245) -> Hgb <= 0.533)
",0.113,0.626,0.000,1.000,0.000,24,0,0,1,25,0,24,1,0.96,0.0,0.0,1.0,0.9795918367346939,0.020408163265306145,1
"G[0,1]((DBP >= 29.434 -> Resp <= 16.340) -> Creatinine <= 17.651)
",9999999.000,9999999.000,0.000,1.000,0.000,24,0,1,0,24,1,25,0,1.0,0.0,1.0,0.96,0.9795918367346939,0.020408163265306145,1
"G[1,1]((PaCO2 <= 36.653 | Temp >= 6.919) | MAP >= 9.355)
",36.653,36.653,0.000,1.000,0.000,24,0,1,0,24,1,25,0,1.0,0.0,1.0,0.96,0.9795918367346939,0.020408163265306145,1
"G[1,1]((Temp <= 12.998 | Platelets <= 89.274) -> FiO2 <= 56.928)
",-89.274,-89.274,0.000,1.000,0.000,24,0,1,0,24,1,25,0,1.0,0.0,1.0,0.96,0.9795918367346939,0.020408163265306145,1
"G[1,1]((Calcium <= 2.459 | SBP >= 24.896) | Glucose <= 173.548)
",173.548,173.548,0.000,1.000,0.000,24,0,1,0,24,1,25,0,1.0,0.0,1.0,0.96,0.9795918367346939,0.020408163265306145,1
"G[0,0](Calcium <= 1.157 | Temp >= 7.541)
",3.348,82.288,0.000,1.000,0.000,24,0,0,1,25,0,24,1,0.96,0.0,0.0,1.0,0.9795918367346939,0.020408163265306145,1
"G[0,1](((HR <= 87.970 & PTT >= 0.525) & O2Sat <= 18.643) | Calcium <= 19.132)
",9999999.000,9999999.000,0.000,1.000,0.000,24,0,1,0,24,1,25,0,1.0,0.0,1.0,0.96,0.9795918367346939,0.020408163265306145,1
"G[0,1](((FiO2 <= 0.426 -> Platelets >= 3.186) -> MAP <= 214.670) | Creatinine >= 2.201)
",9999999.000,9999999.000,0.000,1.000,0.000,24,0,1,0,24,1,25,0,1.0,0.0,1.0,0.96,0.9795918367346939,0.020408163265306145,1
"G[0,1](((Hgb >= 0.214 & O2Sat >= 43.945) & WBC >= 28.090) | Resp <= 94.732)
",9999999.000,9999999.000,0.000,1.000,0.000,24,0,1,0,24,1,25,0,1.0,0.0,1.0,0.96,0.9795918367346939,0.020408163265306145,1
"F[1,1]((Alkalinephos <= 0.000 & Platelets <= 217.100) -> Phosphate >= 0.240)
",0.000,0.000,0.000,0.000,1.000,23,0,0,2,25,0,23,2,0.92,0.0,0.0,1.0,0.9387755102040817,0.061224489795918324,-1
"F[1,1](((HR >= 6.209 -> Platelets >= 3.110) | SBP >= 3.835) & PaCO2 >= 6.840)
",-6.840,-6.840,0.000,0.000,1.000,23,0,0,2,25,0,23,2,0.92,0.0,0.0,1.0,0.9387755102040817,0.061224489795918324,-1
"F[1,1](((Resp <= 18.383 | Resp >= 1.992) | BUN >= 7.067) & HCO3 >= 2.254)
",-2.254,-2.254,0.000,0.000,1.000,23,0,0,2,25,0,23,2,0.92,0.0,0.0,1.0,0.9387755102040817,0.061224489795918324,-1
"F[0,0](Glucose >= 2.973 & SepsisLabel = 0.000)
",-0.281,-11.516,0.000,0.000,1.000,23,0,0,2,25,0,23,2,0.92,0.0,0.0,1.0,0.9387755102040817,0.061224489795918324,-1
"F[0,1]((Resp <= 19.249 & PTT >= 0.760) & Chloride >= 0.497)
",-9999999.000,-9999999.000,0.000,0.000,1.000,23,0,0,2,25,0,23,2,0.92,0.0,0.0,1.0,0.9387755102040817,0.061224489795918324,-1
"F[0,0](((DBP >= 34.826 -> SBP <= 145.749) -> Phosphate <= 127.946) & Glucose >= 65.255)
",-336.785,-127.867,0.000,0.000,1.000,23,0,0,2,25,0,23,2,0.92,0.0,0.0,1.0,0.9387755102040817,0.061224489795918324,-1
"((Hgb <= 8.435) U[0,1] (PTT >= 0.870))
",-9999999.000,-9999999.000,0.000,0.000,1.000,23,0,0,2,25,0,23,2,0.92,0.0,0.0,1.0,0.9387755102040817,0.061224489795918324,-1
"G[0,1](Chloride >= 2.857 | DBP <= 103.372)
",9999999.000,9999999.000,0.000,1.000,0.000,23,0,1,1,24,1,24,1,0.9583333333333334,0.0,1.0,0.9583333333333334,0.9387755102040817,0.061224489795918324,1
"G[1,1]((Alkalinephos >= 0.000 | Fibrinogen >= 0.000) -> BUN <= 0.000)
",0.000,0.000,0.000,1.000,0.000,23,0,1,1,24,1,24,1,0.9583333333333334,0.0,1.0,0.9583333333333334,0.9387755102040817,0.061224489795918324,1
"G[1,1](MAP >= 26.942 | PTT >= 0.565)
",-0.565,-0.565,0.000,1.000,0.000,23,0,1,1,24,1,24,1,0.9583333333333334,0.0,1.0,0.9583333333333334,0.9387755102040817,0.061224489795918324,1
"G[0,1]((Calcium >= 0.329 -> Resp >= 10.561) | AST >= 7.136)
",9999999.000,9999999.000,0.000,1.000,0.000,23,0,1,1,24,1,24,1,0.9583333333333334,0.0,1.0,0.9583333333333334,0.9387755102040817,0.061224489795918324,1
"G[1,1](((HCO3 <= 24.153 & Potassium <= 0.527) -> Platelets >= 0.090) -> Potassium <= 2.875)
",-2.875,-2.875,0.000,1.000,0.000,23,0,1,1,24,1,24,1,0.9583333333333334,0.0,1.0,0.9583333333333334,0.9387755102040817,0.061224489795918324,1
"G[1,1]((pH <= 7.475 | pH >= 0.145) -> BUN <= 2.188)
",-7.475,-7.475,0.000,1.000,0.000,23,0,1,1,24,1,24,1,0.9583333333333334,0.0,1.0,0.9583333333333334,0.9387755102040817,0.061224489795918324,1
"G[1,1]((FiO2 <= 0.374 -> WBC <= 9.618) -> MAP >= 0.325)
",0.325,0.325,0.000,1.000,0.000,23,0,1,1,24,1,24,1,0.9583333333333334,0.0,1.0,0.9583333333333334,0.9387755102040817,0.061224489795918324,1
"G[1,1](Lactate <= 0.700 & O2Sat >= 83.644)
",-83.644,-83.644,0.000,1.000,0.000,23,0,1,1,24,1,24,1,0.9583333333333334,0.0,1.0,0.9583333333333334,0.9387755102040817,0.061224489795918324,1
"G[0,0](HR >= 45.260 & SepsisLabel = 0.000)
",-0.209,-8.667,0.000,1.000,0.000,23,0,0,2,25,0,23,2,0.92,0.0,0.0,1.0,0.9387755102040817,0.061224489795918324,1
"G[0,0]((SBP >= 56.063 | Temp <= 26.374) & Creatinine <= 33.138)
",-1.620,-42.272,0.000,1.000,0.000,23,0,0,2,25,0,23,2,0.92,0.0,0.0,1.0,0.9387755102040817,0.061224489795918324,1
"G[0,0](((Hct <= 2.814 & O2Sat >= 88.233) -> BaseExcess <= 97.460) -> Glucose <= 96.874)
",-96.874,-96.874,0.000,1.000,0.000,23,0,0,2,25,0,23,2,0.92,0.0,0.0,1.0,0.9387755102040817,0.061224489795918324,1
"G[1,1](((HCO3 <= 22.114 -> Resp <= 19.632) & Lactate <= 18.525) | DBP >= 7.782)
",-7.782,-7.782,0.000,1.000,0.000,23,0,1,1,24,1,24,1,0.9583333333333334,0.0,1.0,0.9583333333333334,0.9387755102040817,0.061224489795918324,1
"G[0,1]((BaseExcess <= 5.235 & Lactate >= 0.014) -> EtCO2 >= 0.043)
",9999999.000,9999999.000,0.000,1.000,0.000,23,0,1,1,24,1,24,1,0.9583333333333334,0.0,1.0,0.9583333333333334,0.9387755102040817,0.061224489795918324,1
"G[0,1](Creatinine >= 0.031 | Lactate <= 0.995)
",9999999.000,9999999.000,0.000,1.000,0.000,23,0,1,1,24,1,24,1,0.9583333333333334,0.0,1.0,0.9583333333333334,0.9387755102040817,0.061224489795918324,1
"G[0,1]((pH >= 0.314 -> Platelets <= 237.979) & AST <= 120.930)
",9999999.000,9999999.000,0.000,1.000,0.000,23,0,1,1,24,1,24,1,0.9583333333333334,0.0,1.0,0.9583333333333334,0.9387755102040817,0.061224489795918324,1
"((BaseExcess <= 5.049) U[0,1] (Potassium >= 0.008))
",-9999999.000,-9999999.000,0.000,0.000,1.000,22,0,0,3,25,0,22,3,0.88,0.0,0.0,1.0,0.8979591836734694,0.10204081632653061,-1
"F[0,0](Chloride >= 4.100 | pH >= 0.225)
",-0.030,-0.024,0.000,0.000,1.000,22,0,0,3,25,0,22,3,0.88,0.0,0.0,1.0,0.8979591836734694,0.10204081632653061,-1
"((pH >= 0.332) U[0,1] (Phosphate >= 0.048))
",-9999999.000,-9999999.000,0.000,0.000,1.000,22,0,0,3,25,0,22,3,0.88,0.0,0.0,1.0,0.8979591836734694,0.10204081632653061,-1
"((Resp <= 18.664) U[0,1] (Hct >= 0.337))
",-9999999.000,-9999999.000,0.000,0.000,1.000,22,0,0,3,25,0,22,3,0.88,0.0,0.0,1.0,0.8979591836734694,0.10204081632653061,-1
"((HCO3 <= 21.810) U[0,1] (Phosphate >= 0.042))
",-9999999.000,-9999999.000,0.000,0.000,1.000,22,0,0,3,25,0,22,3,0.88,0.0,0.0,1.0,0.8979591836734694,0.10204081632653061,-1
"F[0,0]((HR >= 29.886 | BUN >= 0.230) -> Magnesium >= 0.435)
",-10170.114,-10170.114,0.000,0.000,1.000,22,0,0,3,25,0,22,3,0.88,0.0,0.0,1.0,0.8979591836734694,0.10204081632653061,-1
"((Potassium >= 0.051) U[0,0] (pH >= 0.224))
",0.142,0.068,0.000,0.000,1.000,22,0,0,3,25,0,22,3,0.88,0.0,0.0,1.0,0.8979591836734694,0.10204081632653061,-1
"F[0,1](((Potassium >= 0.126 -> Resp <= 20.318) -> HCO3 >= 9.123) | FiO2 >= 6.543)
",-9999999.000,-9999999.000,0.000,0.000,1.000,22,0,0,3,25,0,22,3,0.88,0.0,0.0,1.0,0.8979591836734694,0.10204081632653061,-1
"((Calcium >= 0.137) U[0,1] (Lactate >= 0.031))
",-9999999.000,-9999999.000,0.000,0.000,1.000,22,0,0,3,25,0,22,3,0.88,0.0,0.0,1.0,0.8979591836734694,0.10204081632653061,-1
"F[0,1](HR >= 29.328 & Lactate >= 0.007)
",-9999999.000,-9999999.000,0.000,0.000,1.000,22,0,0,3,25,0,22,3,0.88,0.0,0.0,1.0,0.8979591836734694,0.10204081632653061,-1
"((Potassium >= 0.028) U[1,2] (Hct <= 3.875))
",-9999999.000,-9999999.000,0.000,0.000,1.000,22,0,0,3,25,0,22,3,0.88,0.0,0.0,1.0,0.8979591836734694,0.10204081632653061,-1
"F[0,1](DBP >= 33.606 & Calcium >= 0.101)
",-9999999.000,-9999999.000,0.000,0.000,1.000,22,0,0,3,25,0,22,3,0.88,0.0,0.0,1.0,0.8979591836734694,0.10204081632653061,-1
"G[0,1](((EtCO2 >= 0.000 -> Chloride >= 3.346) | TroponinI >= 2.020) -> TroponinI >= 3.228)
",9999999.000,9999999.000,0.000,1.000,0.000,22,0,1,2,24,1,23,2,0.9166666666666666,0.0,1.0,0.9565217391304348,0.8979591836734694,0.10204081632653061,1
"G[0,1](((PaCO2 >= 2.190 -> Phosphate >= 0.061) | SaO2 >= 0.058) -> Chloride <= 2.248)
",9999999.000,9999999.000,0.000,1.000,0.000,22,0,1,2,24,1,23,2,0.9166666666666666,0.0,1.0,0.9565217391304348,0.8979591836734694,0.10204081632653061,1
"G[0,0]((FiO2 <= 0.102 | Chloride >= 1.346) & Chloride <= 98.701)
",0.288,0.371,0.000,1.000,0.000,22,0,0,3,25,0,22,3,0.88,0.0,0.0,1.0,0.8979591836734694,0.10204081632653061,1
"G[0,1](Calcium <= 3.032 & Creatinine <= 0.873)
",9999999.000,9999999.000,0.000,1.000,0.000,22,0,1,2,24,1,23,2,0.9166666666666666,0.0,1.0,0.9565217391304348,0.8979591836734694,0.10204081632653061,1
"G[0,1]((Hct >= 0.661 | Fibrinogen <= 0.000) & Calcium <= 0.000)
",9999999.000,9999999.000,0.000,1.000,0.000,22,0,1,2,24,1,23,2,0.9166666666666666,0.0,1.0,0.9565217391304348,0.8979591836734694,0.10204081632653061,1
"G[0,1](MAP >= 22.929 | Resp >= 15.239)
",9999999.000,9999999.000,0.000,1.000,0.000,22,0,1,2,24,1,23,2,0.9166666666666666,0.0,1.0,0.9565217391304348,0.8979591836734694,0.10204081632653061,1
"G[0,1](SepsisLabel <= 0.000 -> HCO3 <= 10.224)
",9999999.000,9999999.000,0.000,1.000,0.000,22,0,1,2,24,1,23,2,0.9166666666666666,0.0,1.0,0.9565217391304348,0.8979591836734694,0.10204081632653061,1
"G[0,1](HR <= 85.010 -> Phosphate <= 0.227)
",9999999.000,9999999.000,0.000,1.000,0.000,22,0,1,2,24,1,23,2,0.9166666666666666,0.0,1.0,0.9565217391304348,0.8979591836734694,0.10204081632653061,1
"G[0,1](Chloride >= 1.448 -> O2Sat <= 93.959)
",9999999.000,9999999.000,0.000,1.000,0.000,22,0,1,2,24,1,23,2,0.9166666666666666,0.0,1.0,0.9565217391304348,0.8979591836734694,0.10204081632653061,1
"G[0,1]((BaseExcess <= 2.810 | Creatinine >= 0.017) | HCO3 >= 0.019)
",9999999.000,9999999.000,0.000,1.000,0.000,22,0,1,2,24,1,23,2,0.9166666666666666,0.0,1.0,0.9565217391304348,0.8979591836734694,0.10204081632653061,1
"((Glucose <= 35.943) U[0,0] (pH >= 0.383))
",35.943,35.943,0.000,0.000,1.000,22,0,0,3,25,0,22,3,0.88,0.0,0.0,1.0,0.8979591836734694,0.10204081632653061,-1
"((Lactate >= 0.005) U[1,2] (pH <= 1.599))
",-9999999.000,-9999999.000,0.000,0.000,1.000,21,0,0,4,25,0,21,4,0.84,0.0,0.0,1.0,0.8571428571428571,0.1428571428571429,-1
"((O2Sat < 92.890) U[1,2] (SepsisLabel = 0.000))
",-9999999.000,-9999999.000,0.000,0.000,1.000,21,0,0,4,25,0,21,4,0.84,0.0,0.0,1.0,0.8571428571428571,0.1428571428571429,-1
"G[0,1](((MAP >= 71.239 | Temp <= 11.156) -> Hct <= 17.231) & PaCO2 <= 35.271)
",9999999.000,9999999.000,0.000,1.000,0.000,21,0,1,3,24,1,22,3,0.875,0.0,1.0,0.9545454545454546,0.8571428571428571,0.1428571428571429,1
"G[0,1](BUN <= 1.090 -> PaCO2 <= 15.744)
",9999999.000,9999999.000,0.000,1.000,0.000,21,0,1,3,24,1,22,3,0.875,0.0,1.0,0.9545454545454546,0.8571428571428571,0.1428571428571429,1
"G[0,0](MAP <= 76.665 | Resp <= 19.436)
",-0.033,-1.677,0.000,1.000,0.000,20,0,0,5,25,0,20,5,0.8,0.0,0.0,1.0,0.8163265306122449,0.18367346938775508,1
"F[0,1](((Magnesium <= 1.045 -> WBC <= 7.531) & Resp <= 2.809) | Calcium >= 0.093)
",-9999999.000,-9999999.000,0.000,0.000,1.000,20,0,0,5,25,0,20,5,0.8,0.0,0.0,1.0,0.8163265306122449,0.18367346938775508,-1
"G[0,0]((BaseExcess >= 0.013 | SBP <= 132.697) | TroponinI >= 40.589)
",8.274,124.951,0.000,1.000,0.000,19,0,0,6,25,0,19,6,0.76,0.0,0.0,1.0,0.7755102040816326,0.22448979591836737,1
"G[0,1](((HR >= 21.807 & Potassium <= 3.520) | SaO2 >= 0.079) & pH <= 3.550)
",9999999.000,9999999.000,0.000,1.000,0.000,18,0,1,6,24,1,19,6,0.75,0.0,1.0,0.9473684210526315,0.7346938775510204,0.26530612244897955,1
"G[1,1]((Chloride >= 3.575 -> Hgb >= 0.179) & DBP >= 0.176)
",-0.176,-0.176,0.000,1.000,0.000,18,0,1,6,24,1,19,6,0.75,0.0,1.0,0.9473684210526315,0.7346938775510204,0.26530612244897955,1
"G[1,1](PTT >= 0.860 | MAP <= 96.312)
",6777373998641532.000,96.312,0.000,1.000,0.000,18,0,1,6,24,1,19,6,0.75,0.0,1.0,0.9473684210526315,0.7346938775510204,0.26530612244897955,1
"((MAP >= 62.888) U[1,1] (SBP <= 103.145))
",7258195347982219.000,103.145,0.000,0.000,1.000,18,0,0,7,25,0,18,7,0.72,0.0,0.0,1.0,0.7346938775510204,0.26530612244897955,-1
"G[0,0](SBP >= 11.330 | SBP >= 48.520)
",-0.237,-3.585,0.000,1.000,0.000,17,0,0,8,25,0,17,8,0.68,0.0,0.0,1.0,0.6938775510204082,0.30612244897959184,1
"G[0,1](DBP <= 60.945 | HCO3 >= 1.032)
",9999999.000,9999999.000,0.000,1.000,0.000,17,0,1,7,24,1,18,7,0.7083333333333334,0.0,1.0,0.9444444444444444,0.6938775510204082,0.30612244897959184,1
"((MAP >= 18.207) U[1,1] (SBP <= 95.428))
",95.428,95.428,0.000,0.000,1.000,17,0,0,8,25,0,17,8,0.68,0.0,0.0,1.0,0.6938775510204082,0.30612244897959184,-1
"((MAP >= 24.203) U[1,1] (SBP <= 119.590))
",8415402847587285.000,119.590,0.000,0.000,1.000,16,0,0,9,25,0,16,9,0.64,0.0,0.0,1.0,0.6530612244897959,0.34693877551020413,-1
"G[0,1](Glucose <= 109.572 -> SBP >= 25.268)
",9999999.000,9999999.000,0.000,1.000,0.000,16,0,0,9,25,0,16,9,0.64,0.0,0.0,1.0,0.6530612244897959,0.34693877551020413,1
"F[0,1](FiO2 >= 0.032 | Glucose >= 1.465)
",-9999999.000,-9999999.000,0.000,0.000,1.000,15,0,0,10,25,0,15,10,0.6,0.0,0.0,1.0,0.6122448979591837,0.3877551020408163,-1
"((SBP <= 106.869) U[1,2] (WBC <= 6.875))
",-9999999.000,-9999999.000,0.000,0.000,1.000,15,0,0,10,25,0,15,10,0.6,0.0,0.0,1.0,0.6122448979591837,0.3877551020408163,-1
"F[1,1]((FiO2 >= 0.034 & Lactate >= 0.019) | Temp >= 0.038)
",-0.034,-0.034,0.000,0.000,1.000,15,0,0,10,25,0,15,10,0.6,0.0,0.0,1.0,0.6122448979591837,0.3877551020408163,-1
"((Magnesium <= 0.843) U[0,1] (SBP <= 115.951))
",-9999999.000,-9999999.000,0.000,0.000,1.000,13,0,0,12,25,0,13,12,0.52,0.0,0.0,1.0,0.5306122448979592,0.4693877551020408,-1
"((MAP >= 18.945) U[0,1] (SBP <= 95.569))
",-9999999.000,-9999999.000,0.000,0.000,1.000,13,0,0,12,25,0,13,12,0.52,0.0,0.0,1.0,0.5306122448979592,0.4693877551020408,-1
"((Hgb <= 6.464) U[0,0] (HR <= 75.160))
",0.955,5.305,0.000,0.000,1.000,13,0,0,12,25,0,13,12,0.52,0.0,0.0,1.0,0.5306122448979592,0.4693877551020408,-1
"F[0,1](Temp >= 5.055 & SepsisLabel = 0.000)
",-9999999.000,-9999999.000,0.000,0.000,1.000,12,0,0,13,25,0,12,13,0.48,0.0,0.0,1.0,0.4897959183673469,0.5102040816326531,-1
"G[0,1]((Phosphate >= 0.024 | MAP >= 44.438) -> MAP <= 77.786)
",9999999.000,9999999.000,0.000,1.000,0.000,11,0,1,13,24,1,12,13,0.4583333333333333,0.0,1.0,0.9166666666666666,0.4489795918367347,0.5510204081632653,1
"G[0,1]((Magnesium <= 1.808 & MAP <= 76.810) -> WBC >= 15.376)
",9999999.000,9999999.000,0.000,1.000,0.000,11,0,1,13,24,1,12,13,0.4583333333333333,0.0,1.0,0.9166666666666666,0.4489795918367347,0.5510204081632653,1
"F[0,1]((BaseExcess <= 0.602 & MAP <= 78.646) -> Hct >= 33.353)
",-9999999.000,-9999999.000,0.000,0.000,1.000,11,0,0,14,25,0,11,14,0.44,0.0,0.0,1.0,0.4489795918367347,0.5510204081632653,-1
"((MAP >= 32.663) U[1,1] (SBP <= 130.855))
",130.855,130.855,0.000,0.000,1.000,11,0,0,14,25,0,11,14,0.44,0.0,0.0,1.0,0.4489795918367347,0.5510204081632653,-1
"((Platelets <= 74.292) U[0,1] (SBP <= 120.867))
",-9999999.000,-9999999.000,0.000,0.000,1.000,11,0,0,14,25,0,11,14,0.44,0.0,0.0,1.0,0.4489795918367347,0.5510204081632653,-1
"G[0,0](((Hgb <= 9.244 -> Lactate >= 0.032) | Magnesium >= 0.012) | DBP <= 0.609)
",0.229,0.039,0.000,1.000,0.000,10,0,0,15,25,0,10,15,0.4,0.0,0.0,1.0,0.40816326530612246,0.5918367346938775,1
"G[1,1](((Resp <= 18.783 | Creatinine <= 0.345) -> WBC <= 0.564) & Temp >= 0.030)
",-18.783,-18.783,0.000,1.000,0.000,9,0,1,15,24,1,10,15,0.375,0.0,1.0,0.9,0.3673469387755102,0.6326530612244898,1
"((Creatinine >= 0.022) U[1,2] (SBP <= 104.701))
",-9999999.000,-9999999.000,0.000,0.000,1.000,8,0,0,17,25,0,8,17,0.32,0.0,0.0,1.0,0.32653061224489793,0.6734693877551021,-1
"((PTT >= 0.247) U[1,2] (Resp <= 17.077))
",-9999999.000,-9999999.000,0.000,0.000,1.000,8,0,0,17,25,0,8,17,0.32,0.0,0.0,1.0,0.32653061224489793,0.6734693877551021,-1
"F[1,1]((Resp >= 13.562 -> WBC >= 0.186) -> Fibrinogen >= 0.246)
",-6694007845329389.000,-0.186,0.000,0.000,1.000,8,0,0,17,25,0,8,17,0.32,0.0,0.0,1.0,0.32653061224489793,0.6734693877551021,-1
"((Phosphate >= 0.070) U[0,0] (SBP >= 59.801))
",0.025,0.009,0.000,0.000,1.000,8,0,0,17,25,0,8,17,0.32,0.0,0.0,1.0,0.32653061224489793,0.6734693877551021,-1
"F[0,1](Hgb <= 4.445 -> Resp <= 17.534)
",-9999999.000,-9999999.000,0.000,0.000,1.000,8,0,0,17,25,0,8,17,0.32,0.0,0.0,1.0,0.32653061224489793,0.6734693877551021,-1
"((MAP >= 45.466) U[1,1] (SBP <= 145.529))
",145.529,145.529,0.000,0.000,1.000,7,0,0,18,25,0,7,18,0.28,0.0,0.0,1.0,0.2857142857142857,0.7142857142857143,-1
"F[0,0](((Resp >= 8.183 -> Temp <= 16.183) | PaCO2 >= 7.090) -> SBP >= 7.539)
",-0.213,-3.095,0.000,0.000,1.000,6,0,0,19,25,0,6,19,0.24,0.0,0.0,1.0,0.24489795918367346,0.7551020408163265,-1
"F[1,1]((Chloride <= 89.121 | PTT <= 32.884) -> SBP >= 0.252)
",-6271315003706527.000,-89.121,0.000,0.000,1.000,6,0,0,19,25,0,6,19,0.24,0.0,0.0,1.0,0.24489795918367346,0.7551020408163265,-1
"G[0,1](MAP <= 92.250 -> Hgb >= 0.177)
",9999999.000,9999999.000,0.000,1.000,0.000,6,0,0,19,25,0,6,19,0.24,0.0,0.0,1.0,0.24489795918367346,0.7551020408163265,1
"G[0,1](((Calcium <= 6.202 | MAP <= 100.971) -> PaCO2 >= 30.025) | SBP <= 76.227)
",9999999.000,9999999.000,0.000,1.000,0.000,5,0,1,19,24,1,6,19,0.20833333333333334,0.0,1.0,0.8333333333333334,0.20408163265306123,0.7959183673469388,1
"F[0,1]((Hct <= 5.185 | PTT >= 0.424) -> DBP >= 0.568)
",-9999999.000,-9999999.000,0.000,0.000,1.000,5,0,0,20,25,0,5,20,0.2,0.0,0.0,1.0,0.20408163265306123,0.7959183673469388,-1
"F[0,1]((BUN >= 0.455 -> Lactate >= 0.012) -> SBP >= 0.041)
",-9999999.000,-9999999.000,0.000,0.000,1.000,5,0,0,20,25,0,5,20,0.2,0.0,0.0,1.0,0.20408163265306123,0.7959183673469388,-1
"((Phosphate <= 0.955) U[0,1] (Resp >= 11.375))
",-9999999.000,-9999999.000,0.000,0.000,1.000,4,0,0,21,25,0,4,21,0.16,0.0,0.0,1.0,0.16326530612244897,0.8367346938775511,-1
"((Glucose >= 4.800) U[0,0] (Temp <= 33.691))
",-0.150,-1.592,0.000,0.000,1.000,4,0,0,21,25,0,4,21,0.16,0.0,0.0,1.0,0.16326530612244897,0.8367346938775511,-1
"((MAP >= 53.322) U[1,1] (SBP <= 168.201))
",168.201,168.201,0.000,0.000,1.000,4,0,0,21,25,0,4,21,0.16,0.0,0.0,1.0,0.16326530612244897,0.8367346938775511,-1
"((MAP >= 64.292) U[1,2] (SBP <= 108.796))
",-9999999.000,-9999999.000,0.000,0.000,1.000,4,0,0,21,25,0,4,21,0.16,0.0,0.0,1.0,0.16326530612244897,0.8367346938775511,-1
"G[1,1](FiO2 >= 0.023 & SepsisLabel = 0.000)
",-0.023,-0.023,0.000,1.000,0.000,4,0,1,20,24,1,5,20,0.16666666666666666,0.0,1.0,0.8,0.16326530612244897,0.8367346938775511,1
"G[0,0]((O2Sat <= 89.948 | PaCO2 <= 31.146) -> BUN >= 1.299)
",-2.148,-35.531,0.000,1.000,0.000,3,0,0,22,25,0,3,22,0.12,0.0,0.0,1.0,0.12244897959183673,0.8775510204081632,1
"F[0,0]((DBP <= 79.312 -> PaCO2 <= 28.255) & TroponinI <= 23.743)
",-2.207,-31.886,0.000,0.000,1.000,3,0,0,22,25,0,3,22,0.12,0.0,0.0,1.0,0.12244897959183673,0.8775510204081632,-1
"F[0,1](((Chloride <= 66.012 -> Lactate >= 0.026) -> Fibrinogen >= 0.035) & Temp <= 1.021)
",-9999999.000,-9999999.000,0.000,0.000,1.000,3,0,0,22,25,0,3,22,0.12,0.0,0.0,1.0,0.12244897959183673,0.8775510204081632,-1
"G[0,0]((BUN <= 14.262 & Resp >= 3.551) -> Creatinine >= 4.302)
",-0.618,-12.835,0.000,1.000,0.000,3,0,0,22,25,0,3,22,0.12,0.0,0.0,1.0,0.12244897959183673,0.8775510204081632,1
"F[1,1]((Creatinine <= 0.645 & HCO3 <= 10.615) & PaCO2 <= 22.020)
",0.645,0.645,0.000,0.000,1.000,2,0,0,23,25,0,2,23,0.08,0.0,0.0,1.0,0.08163265306122448,0.9183673469387755,-1
"G[1,1](((BaseExcess <= 3.504 | HCO3 <= 27.754) -> O2Sat >= 0.275) -> HCO3 >= 0.833)
",0.833,0.833,0.000,1.000,0.000,2,0,1,22,24,1,3,22,0.08333333333333333,0.0,1.0,0.6666666666666666,0.08163265306122448,0.9183673469387755,1
"G[0,1]((DBP <= 65.107 & O2Sat <= 91.073) & Resp <= 96.430)
",9999999.000,9999999.000,0.000,1.000,0.000,2,0,0,23,25,0,2,23,0.08,0.0,0.0,1.0,0.08163265306122448,0.9183673469387755,1
"G[0,0](BaseExcess <= 3.070 & PaCO2 >= 2.408)
",-1.289,-1.951,0.000,1.000,0.000,2,0,0,23,25,0,2,23,0.08,0.0,0.0,1.0,0.08163265306122448,0.9183673469387755,1
"G[0,0](((Magnesium <= 0.865 -> Lactate <= 0.822) | Glucose <= 0.884) & Glucose >= 0.008)
",-0.008,-0.008,0.000,1.000,0.000,2,0,0,23,25,0,2,23,0.08,0.0,0.0,1.0,0.08163265306122448,0.9183673469387755,1
"((Lactate <= 0.602) U[1,2] (Temp >= 0.759))
",-9999999.000,-9999999.000,0.000,0.000,1.000,2,0,0,23,25,0,2,23,0.08,0.0,0.0,1.0,0.08163265306122448,0.9183673469387755,-1
"F[0,0]((EtCO2 <= 0.000 & BUN <= 3.594) -> PaCO2 <= 14.152)
",-6.539,-13.528,0.000,0.000,1.000,2,0,0,23,25,0,2,23,0.08,0.0,0.0,1.0,0.08163265306122448,0.9183673469387755,-1
"F[0,0]((HCO3 <= 20.688 -> pH <= 4.584) | MAP <= 4.413)
",-1.165,-13.158,0.000,0.000,1.000,2,0,0,23,25,0,2,23,0.08,0.0,0.0,1.0,0.08163265306122448,0.9183673469387755,-1
"((MAP >= 25.270) U[1,2] (SBP <= 164.485))
",-9999999.000,-9999999.000,0.000,0.000,1.000,2,0,0,23,25,0,2,23,0.08,0.0,0.0,1.0,0.08163265306122448,0.9183673469387755,-1
"G[1,1](Chloride >= 3.781 & HCO3 >= 0.629)
",-3.781,-3.781,0.000,1.000,0.000,1,0,1,23,24,1,2,23,0.041666666666666664,0.0,1.0,0.5,0.04081632653061224,0.9591836734693877,1
"G[1,1](Platelets <= 116.234 -> WBC >= 0.005)
",-8179251961916129.000,-116.234,0.000,1.000,0.000,1,0,1,23,24,1,2,23,0.041666666666666664,0.0,1.0,0.5,0.04081632653061224,0.9591836734693877,1
"G[1,1]((Creatinine >= 0.020 -> Glucose <= 17.848) -> TroponinI >= 3.342)
",3.342,3.342,0.000,1.000,0.000,1,0,1,23,24,1,2,23,0.041666666666666664,0.0,1.0,0.5,0.04081632653061224,0.9591836734693877,1
"((BUN >= 0.437) U[1,2] (Chloride >= 3.678))
",-9999999.000,-9999999.000,0.000,0.000,1.000,1,0,0,24,25,0,1,24,0.04,0.0,0.0,1.0,0.04081632653061224,0.9591836734693877,-1
"G[1,1](Chloride >= 2.227 & HCO3 >= 0.916)
",-2.227,-2.227,0.000,1.000,0.000,1,0,1,23,24,1,2,23,0.041666666666666664,0.0,1.0,0.5,0.04081632653061224,0.9591836734693877,1
"((Hgb <= 6.199) U[1,2] (Resp <= 21.521))
",-9999999.000,-9999999.000,0.000,0.000,1.000,1,0,0,24,25,0,1,24,0.04,0.0,0.0,1.0,0.04081632653061224,0.9591836734693877,-1
"F[0,1]((DBP <= 78.854 & Alkalinephos >= 0.000) & EtCO2 >= 0.000)
",-9999999.000,-9999999.000,0.000,0.000,1.000,1,0,0,24,25,0,1,24,0.04,0.0,0.0,1.0,0.04081632653061224,0.9591836734693877,-1
"G[1,1](BUN <= 11.939 & Creatinine >= 0.008)
",-0.008,-0.008,0.000,1.000,0.000,1,0,1,23,24,1,2,23,0.041666666666666664,0.0,1.0,0.5,0.04081632653061224,0.9591836734693877,1
"G[1,1](((Hgb <= 9.636 | Hct <= 4.299) -> WBC >= 0.045) & Platelets >= 7.742)
",-9.636,-9.636,0.000,1.000,0.000,1,0,1,23,24,1,2,23,0.041666666666666664,0.0,1.0,0.5,0.04081632653061224,0.9591836734693877,1
"G[1,1](Chloride >= 0.545 & HCO3 >= 0.322)
",-0.545,-0.545,0.000,1.000,0.000,1,0,1,23,24,1,2,23,0.041666666666666664,0.0,1.0,0.5,0.04081632653061224,0.9591836734693877,1
"G[0,0](((Chloride >= 3.860 | Phosphate >= 0.056) & Glucose >= 0.007) | BUN >= 0.089)
",-5.495,-0.054,0.000,1.000,0.000,1,0,0,24,25,0,1,24,0.04,0.0,0.0,1.0,0.04081632653061224,0.9591836734693877,1
"G[1,1](((Lactate >= 0.025 | Platelets >= 6.612) & Resp <= 209.102) & Potassium <= 70.440)
",-0.025,-0.025,0.000,1.000,0.000,1,0,1,23,24,1,2,23,0.041666666666666664,0.0,1.0,0.5,0.04081632653061224,0.9591836734693877,1
"G[0,0](((Chloride <= 43.008 -> Hct >= 0.281) & Lactate <= 12.757) & Alkalinephos <= 16.749)
",-2.810,-48.153,0.000,1.000,0.000,1,0,0,24,25,0,1,24,0.04,0.0,0.0,1.0,0.04081632653061224,0.9591836734693877,1
"G[1,1](BUN <= 12.206 & Creatinine >= 0.014)
",-0.014,-0.014,0.000,1.000,0.000,1,0,1,23,24,1,2,23,0.041666666666666664,0.0,1.0,0.5,0.04081632653061224,0.9591836734693877,1
"G[0,0](Magnesium >= 0.057 & Phosphate >= 0.061)
",-87.278,-0.061,0.000,1.000,0.000,1,0,0,24,25,0,1,24,0.04,0.0,0.0,1.0,0.04081632653061224,0.9591836734693877,1
"G[1,1](Phosphate >= 0.064 & SepsisLabel = 0.000)
",-0.064,-0.064,0.000,1.000,0.000,1,0,1,23,24,1,2,23,0.041666666666666664,0.0,1.0,0.5,0.04081632653061224,0.9591836734693877,1
"G[1,1](Platelets <= 182.245 -> WBC >= 0.163)
",-6412193107847684.000,-182.245,0.000,1.000,0.000,1,0,1,23,24,1,2,23,0.041666666666666664,0.0,1.0,0.5,0.04081632653061224,0.9591836734693877,1
"G[1,1](((SBP <= 168.971 | HCO3 <= 12.765) & BUN >= 0.338) & Hgb >= 0.340)
",-0.340,-0.340,0.000,1.000,0.000,1,0,1,23,24,1,2,23,0.041666666666666664,0.0,1.0,0.5,0.04081632653061224,0.9591836734693877,1
"G[0,0](Platelets <= 31.549 -> WBC >= 0.275)
",-31.549,-31.549,0.000,1.000,0.000,1,0,0,24,25,0,1,24,0.04,0.0,0.0,1.0,0.04081632653061224,0.9591836734693877,1
"((Glucose <= 112.964) U[1,1] (Platelets <= 15.862))
",112.964,112.964,0.000,0.000,1.000,1,0,0,24,25,0,1,24,0.04,0.0,0.0,1.0,0.04081632653061224,0.9591836734693877,-1
"G[0,0](Calcium >= 0.102 & PTT >= 0.244)
",-8.375,-0.238,0.000,1.000,0.000,1,0,0,24,25,0,1,24,0.04,0.0,0.0,1.0,0.04081632653061224,0.9591836734693877,1
"F[0,0](BUN >= 0.024 | HR <= 92.500)
",-0.024,-0.024,0.000,0.000,1.000,1,0,0,24,25,0,1,24,0.04,0.0,0.0,1.0,0.04081632653061224,0.9591836734693877,-1
"((Calcium >= 0.282) U[1,2] (Phosphate >= 0.033))
",-9999999.000,-9999999.000,0.000,0.000,1.000,1,0,0,24,25,0,1,24,0.04,0.0,0.0,1.0,0.04081632653061224,0.9591836734693877,-1
"((DBP <= 104.486) U[0,0] (HR <= 91.424))
",1.280,33.277,0.000,0.000,1.000,1,0,0,24,25,0,1,24,0.04,0.0,0.0,1.0,0.04081632653061224,0.9591836734693877,-1
"F[1,1](((Calcium < 4.244 & Potassium < 3.046) & Magnesium < 0.642) & Phosphate < 1.590)
",0.642,0.642,0.000,0.000,1.000,1,0,0,24,25,0,1,24,0.04,0.0,0.0,1.0,0.04081632653061224,0.9591836734693877,-1
"F[1,1]((Hct >= 0.934 -> Platelets <= 18.170) & Hct <= 111.555)
",-18.170,-18.170,0.000,0.000,1.000,1,0,0,24,25,0,1,24,0.04,0.0,0.0,1.0,0.04081632653061224,0.9591836734693877,-1
"((PTT <= 37.425) U[1,2] (SepsisLabel = 0.000))
",-9999999.000,-9999999.000,0.000,0.000,1.000,1,0,0,24,25,0,1,24,0.04,0.0,0.0,1.0,0.04081632653061224,0.9591836734693877,-1
"F[0,0]((Phosphate >= 0.098 & Magnesium > 0.039) -> Calcium < 1.792)
",-1.792,-1.792,0.000,0.000,1.000,1,0,0,24,25,0,1,24,0.04,0.0,0.0,1.0,0.04081632653061224,0.9591836734693877,-1
"F[0,0]((HCO3 <= 17.713 | PTT <= 16.112) & Hgb <= 4.169)
",0.542,3.011,0.000,0.000,1.000,1,0,0,24,25,0,1,24,0.04,0.0,0.0,1.0,0.04081632653061224,0.9591836734693877,-1
"F[1,1](Hgb <= 5.369 | Hct <= 21.927)
",21.927,21.927,0.000,0.000,1.000,1,0,0,24,25,0,1,24,0.04,0.0,0.0,1.0,0.04081632653061224,0.9591836734693877,-1
"F[0,0](((Calcium < 7.932 & Potassium < 3.276) & Magnesium < 0.984) & Phosphate < 0.770)
",1.821,0.691,0.000,0.000,1.000,1,0,0,24,25,0,1,24,0.04,0.0,0.0,1.0,0.04081632653061224,0.9591836734693877,-1
"F[0,0](((Calcium < 1.054 & Potassium < 3.223) & Magnesium < 0.841) & Phosphate < 0.366)
",0.756,0.287,0.000,0.000,1.000,1,0,0,24,25,0,1,24,0.04,0.0,0.0,1.0,0.04081632653061224,0.9591836734693877,-1
"F[1,1](((Fibrinogen <= 0.000 | TroponinI >= 0.000) | PaCO2 <= 0.000) -> Magnesium <= 0.000)
",0.000,0.000,0.000,0.000,1.000,1,0,0,24,25,0,1,24,0.04,0.0,0.0,1.0,0.04081632653061224,0.9591836734693877,-1
"((Chloride <= 32.800) U[1,2] (SepsisLabel = 0.000))
",-9999999.000,-9999999.000,0.000,0.000,1.000,1,0,0,24,25,0,1,24,0.04,0.0,0.0,1.0,0.04081632653061224,0.9591836734693877,-1
"((Temp <= 26.897) U[1,2] (MAP <= 80.932))
",-9999999.000,-9999999.000,0.000,0.000,1.000,1,0,0,24,25,0,1,24,0.04,0.0,0.0,1.0,0.04081632653061224,0.9591836734693877,-1
"F[0,0](((O2Sat >= 35.705 & WBC >= 0.262) & EtCO2 <= 2.295) -> Calcium <= 7.156)
",-7.156,-7.156,0.000,0.000,1.000,1,0,0,24,25,0,1,24,0.04,0.0,0.0,1.0,0.04081632653061224,0.9591836734693877,-1
"F[0,0](((Calcium < 3.610 & Potassium < 2.427) & Magnesium < 0.604) & Phosphate < 0.993)
",1.792,0.541,0.000,0.000,1.000,1,0,0,24,25,0,1,24,0.04,0.0,0.0,1.0,0.04081632653061224,0.9591836734693877,-1
"((Calcium <= 6.032) U[1,2] (SepsisLabel = 0.000))
",-9999999.000,-9999999.000,0.000,0.000,1.000,1,0,0,24,25,0,1,24,0.04,0.0,0.0,1.0,0.04081632653061224,0.9591836734693877,-1
"((Chloride <= 93.318) U[1,2] (Temp <= 37.179))
",-9999999.000,-9999999.000,0.000,0.000,1.000,1,0,0,24,25,0,1,24,0.04,0.0,0.0,1.0,0.04081632653061224,0.9591836734693877,-1
"((Calcium <= 0.716) U[1,2] (O2Sat >= 18.209))
",-9999999.000,-9999999.000,0.000,0.000,1.000,1,0,0,24,25,0,1,24,0.04,0.0,0.0,1.0,0.04081632653061224,0.9591836734693877,-1
"F[0,0](Temp >= 1.211 | WBC <= 4.259)
",3.469,88.349,0.000,0.000,1.000,1,0,0,24,25,0,1,24,0.04,0.0,0.0,1.0,0.04081632653061224,0.9591836734693877,-1
"F[0,0]((DBP >= 41.178 & Calcium <= 6.274) | Potassium <= 0.515)
",3.640,5.794,0.000,0.000,1.000,1,0,0,24,25,0,1,24,0.04,0.0,0.0,1.0,0.04081632653061224,0.9591836734693877,-1
"F[0,0](Hgb <= 9.221 | Hct <= 20.167)
",20.167,20.167,0.000,0.000,1.000,1,0,0,24,25,0,1,24,0.04,0.0,0.0,1.0,0.04081632653061224,0.9591836734693877,-1
"F[0,2](BUN >= 0.426 | O2Sat <= 92.581)
",-9999999.000,-9999999.000,0.000,0.000,1.000,0,0,0,25,25,0,0,25,0.0,0.0,0.0,0.0,0.0,1.0,-1
"F[0,1]((BUN >= 0.192 & FiO2 >= 0.019) -> BUN <= 0.257)
",-9999999.000,-9999999.000,0.000,0.000,1.000,0,0,0,25,25,0,0,25,0.0,0.0,0.0,0.0,0.0,1.0,-1
"F[0,1]((Hct >= 0.105 | Fibrinogen >= 0.000) | O2Sat >= 0.000)
",-9999999.000,-9999999.000,0.000,0.000,1.000,0,0,0,25,25,0,0,25,0.0,0.0,0.0,0.0,0.0,1.0,-1
"F[1,1](((Creatinine >= 0.015 -> FiO2 <= 0.128) & SBP >= 0.024) | Bilirubin_direct <= 0.467)
",8404104770292161.000,0.467,0.000,0.000,1.000,0,0,0,25,25,0,0,25,0.0,0.0,0.0,0.0,0.0,1.0,-1
"F[2,2](((HCO3 >= 0.903 -> HR >= 57.685) | Glucose <= 95.091) & BaseExcess >= 67.374)
",-67.374,-67.374,0.000,0.000,1.000,0,0,0,25,25,0,0,25,0.0,0.0,0.0,0.0,0.0,1.0,-1
"F[1,2]((Temp <= 18.105 | pH <= 1.138) -> pH >= 0.354)
",-9999999.000,-9999999.000,0.000,0.000,1.000,0,0,0,25,25,0,0,25,0.0,0.0,0.0,0.0,0.0,1.0,-1
"F[0,2](((Chloride <= 77.212 -> Resp <= 16.669) -> O2Sat <= 16.392) | PTT >= 0.899)
",-9999999.000,-9999999.000,0.000,0.000,1.000,0,0,0,25,25,0,0,25,0.0,0.0,0.0,0.0,0.0,1.0,-1
"F[1,2](PTT >= 0.240 -> Hgb >= 0.173)
",-9999999.000,-9999999.000,0.000,0.000,1.000,0,0,0,25,25,0,0,25,0.0,0.0,0.0,0.0,0.0,1.0,-1
"F[0,2](((SepsisLabel >= 0.000 & Glucose <= 34.291) & PaCO2 <= 47.346) -> Glucose <= 70.427)
",-9999999.000,-9999999.000,0.000,0.000,1.000,0,0,0,25,25,0,0,25,0.0,0.0,0.0,0.0,0.0,1.0,-1
"F[0,2](((SepsisLabel <= 0.000 -> SBP >= 92.587) & O2Sat <= 108.882) | Phosphate >= 6.117)
",-9999999.000,-9999999.000,0.000,0.000,1.000,0,0,0,25,25,0,0,25,0.0,0.0,0.0,0.0,0.0,1.0,-1
"F[1,2](Creatinine >= 0.015 -> MAP >= 71.627)
",-9999999.000,-9999999.000,0.000,0.000,1.000,0,0,0,25,25,0,0,25,0.0,0.0,0.0,0.0,0.0,1.0,-1
"F[1,2](SepsisLabel <= 0.000 -> Fibrinogen <= 0.000)
",-9999999.000,-9999999.000,0.000,0.000,1.000,0,0,0,25,25,0,0,25,0.0,0.0,0.0,0.0,0.0,1.0,-1
"F[1,2](Phosphate <= 1.113 -> Phosphate <= 1.592)
",-9999999.000,-9999999.000,0.000,0.000,1.000,0,0,0,25,25,0,0,25,0.0,0.0,0.0,0.0,0.0,1.0,-1
"F[0,1](((Creatinine >= 0.011 | Potassium >= 0.055) | TroponinI >= 0.119) -> PTT <= 0.373)
",-9999999.000,-9999999.000,0.000,0.000,1.000,0,0,0,25,25,0,0,25,0.0,0.0,0.0,0.0,0.0,1.0,-1
"F[1,2](((HCO3 <= 13.039 & O2Sat >= 13.205) -> Bilirubin_total <= 97.661) & Chloride <= 91.990)
",-9999999.000,-9999999.000,0.000,0.000,1.000,0,0,0,25,25,0,0,25,0.0,0.0,0.0,0.0,0.0,1.0,-1
"F[1,2](((SBP >= 47.982 | Magnesium <= 1.492) | DBP >= 0.051) -> Lactate <= 0.583)
",-9999999.000,-9999999.000,0.000,0.000,1.000,0,0,0,25,25,0,0,25,0.0,0.0,0.0,0.0,0.0,1.0,-1
"F[0,1]((Creatinine >= 0.021 | O2Sat <= 91.678) -> O2Sat <= 94.440)
",-9999999.000,-9999999.000,0.000,0.000,1.000,0,0,0,25,25,0,0,25,0.0,0.0,0.0,0.0,0.0,1.0,-1
"F[1,2](Potassium >= 0.088 | TroponinI <= 0.000)
",-9999999.000,-9999999.000,0.000,0.000,1.000,0,0,0,25,25,0,0,25,0.0,0.0,0.0,0.0,0.0,1.0,-1
"((Magnesium <= 0.597) U[2,2] (TroponinI <= 0.000))
",0.597,0.597,0.000,0.000,1.000,0,0,0,25,25,0,0,25,0.0,0.0,0.0,0.0,0.0,1.0,-1
"F[0,2]((FiO2 <= 0.324 & SBP >= 19.352) | BUN >= 67.498)
",-9999999.000,-9999999.000,0.000,0.000,1.000,0,0,0,25,25,0,0,25,0.0,0.0,0.0,0.0,0.0,1.0,-1
"F[1,1](Bilirubin_total <= 0.000 | Phosphate <= 0.474)
",0.474,0.474,0.000,0.000,1.000,0,0,0,25,25,0,0,25,0.0,0.0,0.0,0.0,0.0,1.0,-1
"((Hct <= 21.586) U[0,1] (Hct <= 6.091))
",-9999999.000,-9999999.000,0.000,0.000,1.000,0,0,0,25,25,0,0,25,0.0,0.0,0.0,0.0,0.0,1.0,-1
"F[0,2](((Bilirubin_direct >= 0.000 -> Alkalinephos <= 0.000) -> BUN <= 0.000) & PTT >= 0.000)
",-9999999.000,-9999999.000,0.000,0.000,1.000,0,0,0,25,25,0,0,25,0.0,0.0,0.0,0.0,0.0,1.0,-1
"F[1,2](((Creatinine >= 0.012 & HR >= 70.503) -> AST <= 91.461) -> Bilirubin_direct <= 86.062)
",-9999999.000,-9999999.000,0.000,0.000,1.000,0,0,0,25,25,0,0,25,0.0,0.0,0.0,0.0,0.0,1.0,-1
"F[0,1]((BaseExcess >= 0.200 -> EtCO2 >= 0.000) -> BaseExcess <= 0.000)
",-9999999.000,-9999999.000,0.000,0.000,1.000,0,0,0,25,25,0,0,25,0.0,0.0,0.0,0.0,0.0,1.0,-1
"F[0,1](((Calcium >= 0.261 -> HR <= 93.120) & EtCO2 <= 79.231) | TroponinI >= 54.317)
",-9999999.000,-9999999.000,0.000,0.000,1.000,0,0,0,25,25,0,0,25,0.0,0.0,0.0,0.0,0.0,1.0,-1
"F[0,2](((Bilirubin_direct >= 0.000 | AST <= 0.000) | BUN <= 0.000) -> Platelets <= 0.000)
",-9999999.000,-9999999.000,0.000,0.000,1.000,0,0,0,25,25,0,0,25,0.0,0.0,0.0,0.0,0.0,1.0,-1
"((Potassium <= 1.061) U[0,0] (TroponinI <= 0.000))
",4.796,1.017,0.000,0.000,1.000,0,0,0,25,25,0,0,25,0.0,0.0,0.0,0.0,0.0,1.0,-1
"F[1,2](SaO2 <= 0.000 & Hct <= 9.183)
",-9999999.000,-9999999.000,0.000,0.000,1.000,0,0,0,25,25,0,0,25,0.0,0.0,0.0,0.0,0.0,1.0,-1
"F[0,2](((Hct >= 0.590 -> HR <= 76.879) & DBP >= 71.423) & EtCO2 >= 66.585)
",-9999999.000,-9999999.000,0.000,0.000,1.000,0,0,0,25,25,0,0,25,0.0,0.0,0.0,0.0,0.0,1.0,-1
"F[2,2](((EtCO2 >= 0.000 -> EtCO2 <= 0.000) -> PaCO2 <= 0.000) | Bilirubin_direct <= 0.000)
",0.000,0.000,0.000,0.000,1.000,0,0,0,25,25,0,0,25,0.0,0.0,0.0,0.0,0.0,1.0,-1
"F[0,1]((PTT >= 0.162 | TroponinI >= 0.000) | Bilirubin_total <= 0.000)
",-9999999.000,-9999999.000,0.000,0.000,1.000,0,0,0,25,25,0,0,25,0.0,0.0,0.0,0.0,0.0,1.0,-1
"F[2,2](((PaCO2 <= 9.372 | Glucose >= 2.546) & Hct <= 109.063) -> AST <= 51.917)
",-51.917,-51.917,0.000,0.000,1.000,0,0,0,25,25,0,0,25,0.0,0.0,0.0,0.0,0.0,1.0,-1
"F[0,2](Creatinine >= 0.011 | Resp >= 8.250)
",-9999999.000,-9999999.000,0.000,0.000,1.000,0,0,0,25,25,0,0,25,0.0,0.0,0.0,0.0,0.0,1.0,-1
"F[1,2](Hgb >= 0.189 -> Calcium >= 0.060)
",-9999999.000,-9999999.000,0.000,0.000,1.000,0,0,0,25,25,0,0,25,0.0,0.0,0.0,0.0,0.0,1.0,-1
"F[1,1](Glucose >= 1.166 | AST >= 0.000)
",0.000,0.000,0.000,0.000,1.000,0,0,0,25,25,0,0,25,0.0,0.0,0.0,0.0,0.0,1.0,-1
"F[1,1](((DBP <= 92.565 | Lactate <= 1.160) & Fibrinogen >= 0.000) | FiO2 >= 0.047)
",-0.000,-0.000,0.000,0.000,1.000,0,0,0,25,25,0,0,25,0.0,0.0,0.0,0.0,0.0,1.0,-1
"F[0,2](((Platelets <= 197.541 -> Temp <= 33.516) & PaCO2 >= 8.220) -> Bilirubin_total >= 9.320)
",-9999999.000,-9999999.000,0.000,0.000,1.000,0,0,0,25,25,0,0,25,0.0,0.0,0.0,0.0,0.0,1.0,-1
"((Alkalinephos <= 0.000) U[0,2] (HCO3 >= 0.372))
",-9999999.000,-9999999.000,0.000,0.000,1.000,0,0,0,25,25,0,0,25,0.0,0.0,0.0,0.0,0.0,1.0,-1
"F[2,2](((Hgb <= 8.202 & MAP <= 110.023) -> TroponinI <= 92.176) & SBP >= 22.436)
",-92.176,-92.176,0.000,0.000,1.000,0,0,0,25,25,0,0,25,0.0,0.0,0.0,0.0,0.0,1.0,-1
"F[0,1](Temp >= 8.519 | PTT <= 17.389)
",-9999999.000,-9999999.000,0.000,0.000,1.000,0,0,0,25,25,0,0,25,0.0,0.0,0.0,0.0,0.0,1.0,-1
"F[0,2]((Creatinine <= 0.645 | Temp >= 0.646) & AST <= 22.863)
",-9999999.000,-9999999.000,0.000,0.000,1.000,0,0,0,25,25,0,0,25,0.0,0.0,0.0,0.0,0.0,1.0,-1
"F[0,2](((Chloride >= 2.103 -> SBP <= 135.419) | SBP >= 28.749) | Calcium >= 23.639)
",-9999999.000,-9999999.000,0.000,0.000,1.000,0,0,0,25,25,0,0,25,0.0,0.0,0.0,0.0,0.0,1.0,-1
"F[2,2]((MAP >= 30.692 -> Phosphate >= 0.075) | Bilirubin_total <= 0.948)
",0.948,0.948,0.000,0.000,1.000,0,0,0,25,25,0,0,25,0.0,0.0,0.0,0.0,0.0,1.0,-1
"F[1,2](((Calcium <= 4.731 | FiO2 <= 0.126) | Magnesium <= 0.180) | Hct <= 0.128)
",-9999999.000,-9999999.000,0.000,0.000,1.000,0,0,0,25,25,0,0,25,0.0,0.0,0.0,0.0,0.0,1.0,-1
"F[1,2](((Hgb <= 9.777 & SepsisLabel >= 0.000) -> Bilirubin_total <= 0.000) | MAP <= 0.000)
",-9999999.000,-9999999.000,0.000,0.000,1.000,0,0,0,25,25,0,0,25,0.0,0.0,0.0,0.0,0.0,1.0,-1
"((Creatinine >= 0.018) U[2,2] (HR <= 78.955))
",78.955,78.955,0.000,0.000,1.000,0,0,0,25,25,0,0,25,0.0,0.0,0.0,0.0,0.0,1.0,-1
"F[0,1](((HR >= 24.482 | pH >= 0.610) -> pH <= 2.442) -> WBC <= 3.240)
",-9999999.000,-9999999.000,0.000,0.000,1.000,0,0,0,25,25,0,0,25,0.0,0.0,0.0,0.0,0.0,1.0,-1
"F[1,2](((PTT <= 10.116 & PTT <= 5.583) & pH <= 3.411) | Chloride <= 45.301)
",-9999999.000,-9999999.000,0.000,0.000,1.000,0,0,0,25,25,0,0,25,0.0,0.0,0.0,0.0,0.0,1.0,-1
"F[0,2]((FiO2 >= 0.042 | MAP <= 75.882) & HR >= 34.982)
",-9999999.000,-9999999.000,0.000,0.000,1.000,0,0,0,25,25,0,0,25,0.0,0.0,0.0,0.0,0.0,1.0,-1
"F[0,2]((HR >= 37.749 & Temp >= 9.318) & Potassium >= 6.262)
",-9999999.000,-9999999.000,0.000,0.000,1.000,0,0,0,25,25,0,0,25,0.0,0.0,0.0,0.0,0.0,1.0,-1
"((FiO2 >= 0.011) U[0,1] (pH <= 0.892))
",-9999999.000,-9999999.000,0.000,0.000,1.000,0,0,0,25,25,0,0,25,0.0,0.0,0.0,0.0,0.0,1.0,-1
"F[0,2](((SBP >= 86.475 & PTT <= 34.065) | AST >= 0.761) -> Fibrinogen <= 21.216)
",-9999999.000,-9999999.000,0.000,0.000,1.000,0,0,0,25,25,0,0,25,0.0,0.0,0.0,0.0,0.0,1.0,-1
"F[2,2](PaCO2 <= 37.669 | pH <= 7.482)
",37.669,37.669,0.000,0.000,1.000,0,0,0,25,25,0,0,25,0.0,0.0,0.0,0.0,0.0,1.0,-1
"F[0,1](((MAP >= 55.829 | Platelets >= 9.002) | SepsisLabel <= 236.466) | Creatinine <= 108.088)
",-9999999.000,-9999999.000,0.000,0.000,1.000,0,0,0,25,25,0,0,25,0.0,0.0,0.0,0.0,0.0,1.0,-1
"F[2,2]((MAP >= 47.281 & Potassium >= 0.089) -> Bilirubin_total >= 0.063)
",0.063,0.063,0.000,0.000,1.000,0,0,0,25,25,0,0,25,0.0,0.0,0.0,0.0,0.0,1.0,-1
"F[1,1](Creatinine <= 0.293 | MAP >= 3.017)
",0.293,0.293,0.000,0.000,1.000,0,0,0,25,25,0,0,25,0.0,0.0,0.0,0.0,0.0,1.0,-1
"F[0,2]((Alkalinephos <= 0.000 -> PaCO2 <= 13.566) | BUN <= 7.248)
",-9999999.000,-9999999.000,0.000,0.000,1.000,0,0,0,25,25,0,0,25,0.0,0.0,0.0,0.0,0.0,1.0,-1
"F[1,2](((MAP <= 114.196 -> Hct <= 6.467) | Lactate >= 1.079) & AST <= 2.516)
",-9999999.000,-9999999.000,0.000,0.000,1.000,0,0,0,25,25,0,0,25,0.0,0.0,0.0,0.0,0.0,1.0,-1
"F[0,2]((Creatinine >= 0.011 & BUN >= 0.011) -> MAP >= 0.244)
",-9999999.000,-9999999.000,0.000,0.000,1.000,0,0,0,25,25,0,0,25,0.0,0.0,0.0,0.0,0.0,1.0,-1
"F[2,2]((BUN <= 13.293 & Resp >= 6.497) & Chloride <= 19.601)
",-7314989800235133.000,-6.497,0.000,0.000,1.000,0,0,0,25,25,0,0,25,0.0,0.0,0.0,0.0,0.0,1.0,-1
"F[1,2](((PTT >= 0.296 & PTT <= 3.970) -> HCO3 <= 24.024) | Glucose >= 0.209)
",-9999999.000,-9999999.000,0.000,0.000,1.000,0,0,0,25,25,0,0,25,0.0,0.0,0.0,0.0,0.0,1.0,-1
"F[1,2]((O2Sat <= 90.388 & Fibrinogen >= 0.000) -> Bilirubin_direct >= 0.000)
",-9999999.000,-9999999.000,0.000,0.000,1.000,0,0,0,25,25,0,0,25,0.0,0.0,0.0,0.0,0.0,1.0,-1
"F[1,1](Platelets <= 81.721 | MAP <= 102.910)
",102.910,102.910,0.000,0.000,1.000,0,0,0,25,25,0,0,25,0.0,0.0,0.0,0.0,0.0,1.0,-1
"F[1,1]((Potassium <= 3.668 & Fibrinogen <= 0.000) & TroponinI <= 0.000)
",0.000,0.000,0.000,0.000,1.000,0,0,0,25,25,0,0,25,0.0,0.0,0.0,0.0,0.0,1.0,-1
"F[2,2]((BUN >= 0.045 & MAP >= 46.500) & Hct >= 65.428)
",-65.428,-65.428,0.000,0.000,1.000,0,0,0,25,25,0,0,25,0.0,0.0,0.0,0.0,0.0,1.0,-1
"F[1,2]((MAP <= 91.006 & Chloride <= 107.299) -> O2Sat >= 0.603)
",-9999999.000,-9999999.000,0.000,0.000,1.000,0,0,0,25,25,0,0,25,0.0,0.0,0.0,0.0,0.0,1.0,-1
"F[1,2](((BaseExcess <= 5.017 | FiO2 >= 0.042) | Potassium <= 0.074) | TroponinI <= 0.418)
",-9999999.000,-9999999.000,0.000,0.000,1.000,0,0,0,25,25,0,0,25,0.0,0.0,0.0,0.0,0.0,1.0,-1
"((Platelets >= 4.083) U[2,2] (Chloride <= 54.923))
",7729707209772417.000,54.923,0.000,0.000,1.000,0,0,0,25,25,0,0,25,0.0,0.0,0.0,0.0,0.0,1.0,-1
"F[0,1]((Potassium >= 0.056 & Calcium >= 0.127) | BaseExcess <= 2.837)
",-9999999.000,-9999999.000,0.000,0.000,1.000,0,0,0,25,25,0,0,25,0.0,0.0,0.0,0.0,0.0,1.0,-1
"F[0,1](Alkalinephos >= 0.000 -> AST >= 0.000)
",-9999999.000,-9999999.000,0.000,0.000,1.000,0,0,0,25,25,0,0,25,0.0,0.0,0.0,0.0,0.0,1.0,-1
"F[1,2]((FiO2 >= 0.043 -> HR >= 46.592) & BUN >= 9.657)
",-9999999.000,-9999999.000,0.000,0.000,1.000,0,0,0,25,25,0,0,25,0.0,0.0,0.0,0.0,0.0,1.0,-1
"F[1,2](Hgb <= 4.686 | Hct <= 13.826)
",-9999999.000,-9999999.000,0.000,0.000,1.000,0,0,0,25,25,0,0,25,0.0,0.0,0.0,0.0,0.0,1.0,-1
"F[1,2]((HCO3 <= 1.444 & Temp >= 0.913) | Glucose >= 8.497)
",-9999999.000,-9999999.000,0.000,0.000,1.000,0,0,0,25,25,0,0,25,0.0,0.0,0.0,0.0,0.0,1.0,-1
"F[1,2](BUN < 1.625 -> SepsisLabel = 0.000)
",-9999999.000,-9999999.000,0.000,0.000,1.000,0,0,0,25,25,0,0,25,0.0,0.0,0.0,0.0,0.0,1.0,-1
"F[0,1](((DBP <= 72.494 -> pH <= 1.432) & Glucose >= 0.166) -> MAP >= 0.164)
",-9999999.000,-9999999.000,0.000,0.000,1.000,0,0,0,25,25,0,0,25,0.0,0.0,0.0,0.0,0.0,1.0,-1
"F[0,2](((Hct <= 5.447 & Temp >= 3.968) & HR <= 26.384) & EtCO2 >= 5.952)
",-9999999.000,-9999999.000,0.000,0.000,1.000,0,0,0,25,25,0,0,25,0.0,0.0,0.0,0.0,0.0,1.0,-1
"((Glucose >= 1.169) U[0,1] (HR >= 25.968))
",-9999999.000,-9999999.000,0.000,0.000,1.000,0,0,0,25,25,0,0,25,0.0,0.0,0.0,0.0,0.0,1.0,-1
"F[0,2](((DBP <= 72.060 & Temp <= 17.709) -> SepsisLabel >= 2.538) & PTT >= 8.109)
",-9999999.000,-9999999.000,0.000,0.000,1.000,0,0,0,25,25,0,0,25,0.0,0.0,0.0,0.0,0.0,1.0,-1
"F[0,2](((BUN >= 0.060 | SBP >= 50.224) | Fibrinogen >= 47.288) & Resp >= 62.864)
",-9999999.000,-9999999.000,0.000,0.000,1.000,0,0,0,25,25,0,0,25,0.0,0.0,0.0,0.0,0.0,1.0,-1
"((Chloride <= 57.470) U[0,2] (SBP <= 155.859))
",-9999999.000,-9999999.000,0.000,0.000,1.000,0,0,0,25,25,0,0,25,0.0,0.0,0.0,0.0,0.0,1.0,-1
"F[0,2](((FiO2 <= 0.416 & Resp <= 17.791) | HCO3 >= 9.605) | Bilirubin_total >= 1.675)
",-9999999.000,-9999999.000,0.000,0.000,1.000,0,0,0,25,25,0,0,25,0.0,0.0,0.0,0.0,0.0,1.0,-1
"F[1,2](BaseExcess >= 0.183 -> Hgb >= 0.072)
",-9999999.000,-9999999.000,0.000,0.000,1.000,0,0,0,25,25,0,0,25,0.0,0.0,0.0,0.0,0.0,1.0,-1
"F[0,0](((Hct >= 0.121 -> Potassium >= 0.139) & Phosphate <= 2.873) | TroponinI >= 0.126)
",2.243,0.111,0.000,0.000,1.000,0,0,0,25,25,0,0,25,0.0,0.0,0.0,0.0,0.0,1.0,-1
"F[2,2](((Lactate <= 0.066 | SBP <= 120.029) -> DBP >= 67.697) -> Fibrinogen >= 3.814)
",3.814,3.814,0.000,0.000,1.000,0,0,0,25,25,0,0,25,0.0,0.0,0.0,0.0,0.0,1.0,-1
"F[0,2](((BaseExcess <= 4.377 -> WBC >= 0.365) & MAP >= 0.107) & AST >= 0.226)
",-9999999.000,-9999999.000,0.000,0.000,1.000,0,0,0,25,25,0,0,25,0.0,0.0,0.0,0.0,0.0,1.0,-1
"F[1,2]((BaseExcess <= 4.061 | Chloride >= 3.992) | Temp <= 12.923)
",-9999999.000,-9999999.000,0.000,0.000,1.000,0,0,0,25,25,0,0,25,0.0,0.0,0.0,0.0,0.0,1.0,-1
"F[1,2](((BaseExcess <= 2.862 -> Phosphate <= 1.584) -> DBP >= 0.032) | SBP <= 1.867)
",-9999999.000,-9999999.000,0.000,0.000,1.000,0,0,0,25,25,0,0,25,0.0,0.0,0.0,0.0,0.0,1.0,-1
"((BaseExcess >= 0.187) U[2,2] (Magnesium <= 1.271))
",1.271,1.271,0.000,0.000,1.000,0,0,0,25,25,0,0,25,0.0,0.0,0.0,0.0,0.0,1.0,-1
"F[0,2]((BaseExcess >= 0.019 & Hct >= 0.507) -> MAP <= 6.979)
",-9999999.000,-9999999.000,0.000,0.000,1.000,0,0,0,25,25,0,0,25,0.0,0.0,0.0,0.0,0.0,1.0,-1
"F[0,0]((BaseExcess <= 3.424 | Temp >= 0.003) | pH >= 3.510)
",3.434,89.387,0.000,0.000,1.000,0,0,0,25,25,0,0,25,0.0,0.0,0.0,0.0,0.0,1.0,-1
"F[0,1]((Resp <= 20.467 | SBP <= 169.107) -> SBP <= 159.013)
",-9999999.000,-9999999.000,0.000,0.000,1.000,0,0,0,25,25,0,0,25,0.0,0.0,0.0,0.0,0.0,1.0,-1
"F[0,1](Calcium <= 8.191 & SepsisLabel = 0.000)
",-9999999.000,-9999999.000,0.000,0.000,1.000,0,0,0,25,25,0,0,25,0.0,0.0,0.0,0.0,0.0,1.0,-1
"((HR <= 78.243) U[0,2] (SBP <= 130.980))
",-9999999.000,-9999999.000,0.000,0.000,1.000,0,0,0,25,25,0,0,25,0.0,0.0,0.0,0.0,0.0,1.0,-1
"((pH >= 0.005) U[2,2] (SBP <= 155.716))
",155.716,155.716,0.000,0.000,1.000,0,0,0,25,25,0,0,25,0.0,0.0,0.0,0.0,0.0,1.0,-1
"F[0,1](BaseExcess <= 2.835 -> BUN <= 6.801)
",-9999999.000,-9999999.000,0.000,0.000,1.000,0,0,0,25,25,0,0,25,0.0,0.0,0.0,0.0,0.0,1.0,-1
"F[1,2]((PaCO2 >= 2.151 -> WBC >= 0.159) -> HCO3 >= 0.299)
",-9999999.000,-9999999.000,0.000,0.000,1.000,0,0,0,25,25,0,0,25,0.0,0.0,0.0,0.0,0.0,1.0,-1
"F[0,1](Hgb >= 0.234 -> pH <= 6.558)
",-9999999.000,-9999999.000,0.000,0.000,1.000,0,0,0,25,25,0,0,25,0.0,0.0,0.0,0.0,0.0,1.0,-1
"F[0,1]((Chloride <= 80.797 | PaCO2 >= 1.410) & BaseExcess <= 14.272)
",-9999999.000,-9999999.000,0.000,0.000,1.000,0,0,0,25,25,0,0,25,0.0,0.0,0.0,0.0,0.0,1.0,-1
"F[0,1]((PaCO2 >= 1.567 -> Phosphate <= 1.483) | Lactate <= 1.490)
",-9999999.000,-9999999.000,0.000,0.000,1.000,0,0,0,25,25,0,0,25,0.0,0.0,0.0,0.0,0.0,1.0,-1
"F[0,1](MAP >= 44.485 -> pH <= 5.445)
",-9999999.000,-9999999.000,0.000,0.000,1.000,0,0,0,25,25,0,0,25,0.0,0.0,0.0,0.0,0.0,1.0,-1
"F[1,2](((pH >= 0.565 & WBC <= 5.841) & PaCO2 >= 0.184) & HR >= 0.002)
",-9999999.000,-9999999.000,0.000,0.000,1.000,0,0,0,25,25,0,0,25,0.0,0.0,0.0,0.0,0.0,1.0,-1
"F[0,1]((BaseExcess <= 4.877 & PTT <= 6.215) | O2Sat >= 0.194)
",-9999999.000,-9999999.000,0.000,0.000,1.000,0,0,0,25,25,0,0,25,0.0,0.0,0.0,0.0,0.0,1.0,-1
"F[0,1](((Calcium <= 6.169 & PaCO2 >= 1.776) & Hgb >= 2.474) -> BaseExcess >= 2.556)
",-9999999.000,-9999999.000,0.000,0.000,1.000,0,0,0,25,25,0,0,25,0.0,0.0,0.0,0.0,0.0,1.0,-1
"F[0,2](((PaCO2 >= 1.691 -> Platelets >= 0.578) & FiO2 >= 4.994) & BUN >= 3.774)
",-9999999.000,-9999999.000,0.000,0.000,1.000,0,0,0,25,25,0,0,25,0.0,0.0,0.0,0.0,0.0,1.0,-1
"F[1,2]((PaCO2 <= 3.040 | Potassium <= 0.798) & DBP >= 0.061)
",-9999999.000,-9999999.000,0.000,0.000,1.000,0,0,0,25,25,0,0,25,0.0,0.0,0.0,0.0,0.0,1.0,-1
"F[0,2](((Creatinine >= 0.016 & PaCO2 <= 3.493) & Fibrinogen >= 2.040) & Alkalinephos <= 3.137)
",-9999999.000,-9999999.000,0.000,0.000,1.000,0,0,0,25,25,0,0,25,0.0,0.0,0.0,0.0,0.0,1.0,-1
"F[0,2](((DBP >= 42.909 | O2Sat <= 97.387) & Platelets >= 30.211) -> Calcium >= 49.844)
",-9999999.000,-9999999.000,0.000,0.000,1.000,0,0,0,25,25,0,0,25,0.0,0.0,0.0,0.0,0.0,1.0,-1
"F[1,1](((Lactate >= 0.001 -> WBC >= 0.053) -> Bilirubin_total <= 2.240) & TroponinI <= 6.489)
",-2.240,-2.240,0.000,0.000,1.000,0,0,0,25,25,0,0,25,0.0,0.0,0.0,0.0,0.0,1.0,-1
"F[1,2](((O2Sat <= 99.651 -> SBP <= 153.234) -> Temp >= 57.139) & Resp <= 96.128)
",-9999999.000,-9999999.000,0.000,0.000,1.000,0,0,0,25,25,0,0,25,0.0,0.0,0.0,0.0,0.0,1.0,-1
"((HCO3 <= 6.070) U[0,1] (Lactate <= 0.384))
",-9999999.000,-9999999.000,0.000,0.000,1.000,0,0,0,25,25,0,0,25,0.0,0.0,0.0,0.0,0.0,1.0,-1
"F[0,2](((O2Sat >= 53.969 & Resp >= 13.314) | PTT <= 17.404) & PaCO2 >= 8.674)
",-9999999.000,-9999999.000,0.000,0.000,1.000,0,0,0,25,25,0,0,25,0.0,0.0,0.0,0.0,0.0,1.0,-1
"((Calcium <= 6.480) U[1,2] (Glucose >= 5.679))
",-9999999.000,-9999999.000,0.000,0.000,1.000,0,0,0,25,25,0,0,25,0.0,0.0,0.0,0.0,0.0,1.0,-1
"F[0,1](((Creatinine >= 0.017 | PTT <= 36.550) & Glucose <= 11.180) | Hgb >= 0.552)
",-9999999.000,-9999999.000,0.000,0.000,1.000,0,0,0,25,25,0,0,25,0.0,0.0,0.0,0.0,0.0,1.0,-1
"((BUN <= 3.642) U[0,2] (Glucose >= 0.194))
",-9999999.000,-9999999.000,0.000,0.000,1.000,0,0,0,25,25,0,0,25,0.0,0.0,0.0,0.0,0.0,1.0,-1
"F[1,2]((Calcium >= 0.093 -> PTT <= 11.727) & O2Sat >= 0.864)
",-9999999.000,-9999999.000,0.000,0.000,1.000,0,0,0,25,25,0,0,25,0.0,0.0,0.0,0.0,0.0,1.0,-1
"F[0,0](((MAP >= 20.634 & O2Sat <= 97.005) & Platelets >= 23.255) -> Phosphate <= 98.274)
",-258.632,-98.195,0.000,0.000,1.000,0,0,0,25,25,0,0,25,0.0,0.0,0.0,0.0,0.0,1.0,-1
"F[1,2](((MAP <= 89.365 -> SBP >= 10.101) & Temp >= 3.617) | O2Sat >= 12.259)
",-9999999.000,-9999999.000,0.000,0.000,1.000,0,0,0,25,25,0,0,25,0.0,0.0,0.0,0.0,0.0,1.0,-1
"F[1,2]((Glucose <= 63.193 | PaCO2 <= 30.004) & Hgb >= 0.159)
",-9999999.000,-9999999.000,0.000,0.000,1.000,0,0,0,25,25,0,0,25,0.0,0.0,0.0,0.0,0.0,1.0,-1
"F[1,2](((Potassium <= 1.392 -> WBC >= 0.294) | FiO2 <= 0.487) | Glucose >= 0.343)
",-9999999.000,-9999999.000,0.000,0.000,1.000,0,0,0,25,25,0,0,25,0.0,0.0,0.0,0.0,0.0,1.0,-1
"F[1,2](((PaCO2 <= 30.642 & PTT <= 12.194) -> Bilirubin_total >= 0.647) & Resp <= 34.417)
",-9999999.000,-9999999.000,0.000,0.000,1.000,0,0,0,25,25,0,0,25,0.0,0.0,0.0,0.0,0.0,1.0,-1
"((Glucose <= 91.147) U[1,2] (PTT >= 0.491))
",-9999999.000,-9999999.000,0.000,0.000,1.000,0,0,0,25,25,0,0,25,0.0,0.0,0.0,0.0,0.0,1.0,-1
"F[2,2]((Lactate <= 0.970 -> Potassium >= 0.131) | TroponinI >= 0.113)
",-0.113,-0.113,0.000,0.000,1.000,0,0,0,25,25,0,0,25,0.0,0.0,0.0,0.0,0.0,1.0,-1
"F[2,2]((pH >= 0.452 & PTT >= 0.165) & SBP <= 27.293)
",-8135367528501321.000,-0.452,0.000,0.000,1.000,0,0,0,25,25,0,0,25,0.0,0.0,0.0,0.0,0.0,1.0,-1
"F[0,2](((Lactate >= 0.026 -> Magnesium <= 0.517) -> BaseExcess <= 1.402) & Creatinine >= 0.043)
",-9999999.000,-9999999.000,0.000,0.000,1.000,0,0,0,25,25,0,0,25,0.0,0.0,0.0,0.0,0.0,1.0,-1
"F[1,2]((Hct >= 0.474 | Lactate >= 0.011) -> Bilirubin_total >= 0.036)
",-9999999.000,-9999999.000,0.000,0.000,1.000,0,0,0,25,25,0,0,25,0.0,0.0,0.0,0.0,0.0,1.0,-1
"F[1,2](Glucose >= 2.159 -> Magnesium <= 1.804)
",-9999999.000,-9999999.000,0.000,0.000,1.000,0,0,0,25,25,0,0,25,0.0,0.0,0.0,0.0,0.0,1.0,-1
"F[1,2]((Glucose <= 119.833 -> Phosphate <= 1.017) | Resp >= 0.048)
",-9999999.000,-9999999.000,0.000,0.000,1.000,0,0,0,25,25,0,0,25,0.0,0.0,0.0,0.0,0.0,1.0,-1
"((Chloride >= 1.422) U[0,1] (Glucose <= 57.420))
",-9999999.000,-9999999.000,0.000,0.000,1.000,0,0,0,25,25,0,0,25,0.0,0.0,0.0,0.0,0.0,1.0,-1
"F[0,2]((Magnesium <= 0.375 -> Potassium <= 3.442) & Resp <= 2.718)
",-9999999.000,-9999999.000,0.000,0.000,1.000,0,0,0,25,25,0,0,25,0.0,0.0,0.0,0.0,0.0,1.0,-1
"F[1,2]((Chloride >= 3.956 & Platelets <= 36.590) -> TroponinI >= 8.639)
",-9999999.000,-9999999.000,0.000,0.000,1.000,0,0,0,25,25,0,0,25,0.0,0.0,0.0,0.0,0.0,1.0,-1
"F[2,2](((Chloride >= 2.887 -> WBC >= 0.159) -> Magnesium >= 0.044) & SaO2 <= 7.879)
",-0.159,-0.159,0.000,0.000,1.000,0,0,0,25,25,0,0,25,0.0,0.0,0.0,0.0,0.0,1.0,-1
"F[0,1](((HCO3 <= 18.393 -> Platelets <= 174.982) | BUN <= 75.346) -> HR <= 148.521)
",-9999999.000,-9999999.000,0.000,0.000,1.000,0,0,0,25,25,0,0,25,0.0,0.0,0.0,0.0,0.0,1.0,-1
"F[1,2](((Creatinine >= 0.015 | Hgb <= 8.889) -> Bilirubin_total <= 7.856) -> PaCO2 <= 6.890)
",-9999999.000,-9999999.000,0.000,0.000,1.000,0,0,0,25,25,0,0,25,0.0,0.0,0.0,0.0,0.0,1.0,-1
"F[1,2]((Hgb <= 6.043 | WBC >= 0.356) | EtCO2 <= 6.745)
",-9999999.000,-9999999.000,0.000,0.000,1.000,0,0,0,25,25,0,0,25,0.0,0.0,0.0,0.0,0.0,1.0,-1
"((Lactate <= 0.745) U[1,2] (Phosphate >= 0.025))
",-9999999.000,-9999999.000,0.000,0.000,1.000,0,0,0,25,25,0,0,25,0.0,0.0,0.0,0.0,0.0,1.0,-1
"F[0,2]((Calcium >= 0.202 & WBC >= 0.312) -> Resp <= 8.721)
",-9999999.000,-9999999.000,0.000,0.000,1.000,0,0,0,25,25,0,0,25,0.0,0.0,0.0,0.0,0.0,1.0,-1
"F[1,2](((BUN <= 13.123 -> Potassium >= 0.141) | DBP >= 0.056) & Hct <= 2.926)
",-9999999.000,-9999999.000,0.000,0.000,1.000,0,0,0,25,25,0,0,25,0.0,0.0,0.0,0.0,0.0,1.0,-1
"((BUN >= 0.262) U[0,1] (Platelets <= 56.831))
",-9999999.000,-9999999.000,0.000,0.000,1.000,0,0,0,25,25,0,0,25,0.0,0.0,0.0,0.0,0.0,1.0,-1
"F[1,2](BUN <= 11.005 | Hct >= 0.411)
",-9999999.000,-9999999.000,0.000,0.000,1.000,0,0,0,25,25,0,0,25,0.0,0.0,0.0,0.0,0.0,1.0,-1
"F[0,1](((BUN >= 0.294 & PTT <= 3.726) & Glucose <= 5.595) -> HR >= 0.365)
",-9999999.000,-9999999.000,0.000,0.000,1.000,0,0,0,25,25,0,0,25,0.0,0.0,0.0,0.0,0.0,1.0,-1
"F[1,2]((Glucose <= 20.690 & WBC >= 0.031) | SepsisLabel <= 7.926)
",-9999999.000,-9999999.000,0.000,0.000,1.000,0,0,0,25,25,0,0,25,0.0,0.0,0.0,0.0,0.0,1.0,-1
"F[0,2]((HR >= 47.185 | Resp <= 17.286) -> HCO3 >= 0.262)
",-9999999.000,-9999999.000,0.000,0.000,1.000,0,0,0,25,25,0,0,25,0.0,0.0,0.0,0.0,0.0,1.0,-1
"F[0,1]((Hct >= 0.522 -> PaCO2 <= 26.278) -> Creatinine <= 12.718)
",-9999999.000,-9999999.000,0.000,0.000,1.000,0,0,0,25,25,0,0,25,0.0,0.0,0.0,0.0,0.0,1.0,-1
"((Phosphate >= 0.077) U[0,2] (Temp >= 8.940))
",-9999999.000,-9999999.000,0.000,0.000,1.000,0,0,0,25,25,0,0,25,0.0,0.0,0.0,0.0,0.0,1.0,-1
"F[0,2](((Hct >= 0.294 & Platelets <= 97.171) | Lactate >= 3.928) & PaCO2 >= 0.331)
",-9999999.000,-9999999.000,0.000,0.000,1.000,0,0,0,25,25,0,0,25,0.0,0.0,0.0,0.0,0.0,1.0,-1
"F[0,1]((HCO3 <= 2.667 | Hct >= 0.375) | Lactate <= 9.665)
",-9999999.000,-9999999.000,0.000,0.000,1.000,0,0,0,25,25,0,0,25,0.0,0.0,0.0,0.0,0.0,1.0,-1
"F[1,2]((Creatinine >= 0.008 -> Platelets <= 212.675) -> HR <= 120.192)
",-9999999.000,-9999999.000,0.000,0.000,1.000,0,0,0,25,25,0,0,25,0.0,0.0,0.0,0.0,0.0,1.0,-1
"F[0,2]((Hgb >= 0.358 | Potassium >= 0.105) | SaO2 >= 0.095)
",-9999999.000,-9999999.000,0.000,0.000,1.000,0,0,0,25,25,0,0,25,0.0,0.0,0.0,0.0,0.0,1.0,-1
"F[0,1]((Hgb <= 6.616 & Platelets <= 136.951) & Glucose <= 217.679)
",-9999999.000,-9999999.000,0.000,0.000,1.000,0,0,0,25,25,0,0,25,0.0,0.0,0.0,0.0,0.0,1.0,-1
"F[1,2](((Calcium >= 0.240 | Phosphate <= 0.658) & HCO3 <= 1.005) & WBC >= 0.059)
",-9999999.000,-9999999.000,0.000,0.000,1.000,0,0,0,25,25,0,0,25,0.0,0.0,0.0,0.0,0.0,1.0,-1
"F[0,1](((HCO3 <= 19.575 | Hgb >= 0.007) & HR <= 8.670) -> Temp <= 1.746)
",-9999999.000,-9999999.000,0.000,0.000,1.000,0,0,0,25,25,0,0,25,0.0,0.0,0.0,0.0,0.0,1.0,-1
"F[1,2]((Calcium <= 8.399 & Potassium <= 3.397) | SepsisLabel >= 0.046)
",-9999999.000,-9999999.000,0.000,0.000,1.000,0,0,0,25,25,0,0,25,0.0,0.0,0.0,0.0,0.0,1.0,-1
"F[2,2](Phosphate < 2.046 -> SepsisLabel = 0.000)
",-2.046,-2.046,0.000,0.000,1.000,0,0,0,25,25,0,0,25,0.0,0.0,0.0,0.0,0.0,1.0,-1
"F[0,2](Hgb >= 0.292 & SepsisLabel = 0.000)
",-9999999.000,-9999999.000,0.000,0.000,1.000,0,0,0,25,25,0,0,25,0.0,0.0,0.0,0.0,0.0,1.0,-1
"F[1,2](HCO3 >= 0.005 -> Magnesium >= 0.055)
",-9999999.000,-9999999.000,0.000,0.000,1.000,0,0,0,25,25,0,0,25,0.0,0.0,0.0,0.0,0.0,1.0,-1
"F[2,2](((Platelets >= 3.753 & Platelets >= 6.948) -> HR >= 0.611) | HR >= 5.889)
",0.611,0.611,0.000,0.000,1.000,0,0,0,25,25,0,0,25,0.0,0.0,0.0,0.0,0.0,1.0,-1
"((Fibrinogen < 0.000) U[0,2] (SepsisLabel = 0.000))
",-9999999.000,-9999999.000,0.000,0.000,1.000,0,0,0,25,25,0,0,25,0.0,0.0,0.0,0.0,0.0,1.0,-1
"F[0,2](Chloride >= 2.427 & SepsisLabel = 0.000)
",-9999999.000,-9999999.000,0.000,0.000,1.000,0,0,0,25,25,0,0,25,0.0,0.0,0.0,0.0,0.0,1.0,-1
"((Potassium > 0.053) U[0,2] (SepsisLabel = 0.000))
",-9999999.000,-9999999.000,0.000,0.000,1.000,0,0,0,25,25,0,0,25,0.0,0.0,0.0,0.0,0.0,1.0,-1
"((SepsisLabel >= 0.000) U[0,2] (SepsisLabel = 0.000))
",-9999999.000,-9999999.000,0.000,0.000,1.000,0,0,0,25,25,0,0,25,0.0,0.0,0.0,0.0,0.0,1.0,-1
"F[0,1]((Hct >= 0.117 -> Hgb >= 0.095) & HR >= 0.295)
",-9999999.000,-9999999.000,0.000,0.000,1.000,0,0,0,25,25,0,0,25,0.0,0.0,0.0,0.0,0.0,1.0,-1
"F[0,1]((Magnesium <= 1.491 | Platelets >= 7.942) | PTT >= 5.954)
",-9999999.000,-9999999.000,0.000,0.000,1.000,0,0,0,25,25,0,0,25,0.0,0.0,0.0,0.0,0.0,1.0,-1
"((Alkalinephos <= 0.000) U[0,1] (SepsisLabel = 0.000))
",-9999999.000,-9999999.000,0.000,0.000,1.000,0,0,0,25,25,0,0,25,0.0,0.0,0.0,0.0,0.0,1.0,-1
"F[2,2](HR <= 92.633 & SepsisLabel = 0.000)
",0.000,0.000,0.000,0.000,1.000,0,0,0,25,25,0,0,25,0.0,0.0,0.0,0.0,0.0,1.0,-1
"F[0,2](Bilirubin_direct <= 0.000 & SepsisLabel = 0.000)
",-9999999.000,-9999999.000,0.000,0.000,1.000,0,0,0,25,25,0,0,25,0.0,0.0,0.0,0.0,0.0,1.0,-1
"((Alkalinephos >= 0.000) U[0,1] (SepsisLabel = 0.000))
",-9999999.000,-9999999.000,0.000,0.000,1.000,0,0,0,25,25,0,0,25,0.0,0.0,0.0,0.0,0.0,1.0,-1
"F[0,2](AST > 0.000 -> SepsisLabel = 0.000)
",-9999999.000,-9999999.000,0.000,0.000,1.000,0,0,0,25,25,0,0,25,0.0,0.0,0.0,0.0,0.0,1.0,-1
"F[0,0](EtCO2 <= 0.000 -> SepsisLabel = 0.000)
",0.209,0.875,0.000,0.000,1.000,0,0,0,25,25,0,0,25,0.0,0.0,0.0,0.0,0.0,1.0,-1
"F[1,2](EtCO2 > 0.000 & SepsisLabel = 0.000)
",-9999999.000,-9999999.000,0.000,0.000,1.000,0,0,0,25,25,0,0,25,0.0,0.0,0.0,0.0,0.0,1.0,-1
"F[0,2](Platelets >= 4.911 & SepsisLabel = 0.000)
",-9999999.000,-9999999.000,0.000,0.000,1.000,0,0,0,25,25,0,0,25,0.0,0.0,0.0,0.0,0.0,1.0,-1
"F[0,2](Platelets >= 6.121 & SepsisLabel = 0.000)
",-9999999.000,-9999999.000,0.000,0.000,1.000,0,0,0,25,25,0,0,25,0.0,0.0,0.0,0.0,0.0,1.0,-1
"F[0,1](Alkalinephos < 0.000 -> SepsisLabel = 0.000)
",-9999999.000,-9999999.000,0.000,0.000,1.000,0,0,0,25,25,0,0,25,0.0,0.0,0.0,0.0,0.0,1.0,-1
"F[1,2](SaO2 >= 0.000 -> SepsisLabel = 0.000)
",-9999999.000,-9999999.000,0.000,0.000,1.000,0,0,0,25,25,0,0,25,0.0,0.0,0.0,0.0,0.0,1.0,-1
"((Creatinine < 0.792) U[0,2] (SepsisLabel = 0.000))
",-9999999.000,-9999999.000,0.000,0.000,1.000,0,0,0,25,25,0,0,25,0.0,0.0,0.0,0.0,0.0,1.0,-1
"F[1,2](Resp > 9.733 & SepsisLabel = 0.000)
",-9999999.000,-9999999.000,0.000,0.000,1.000,0,0,0,25,25,0,0,25,0.0,0.0,0.0,0.0,0.0,1.0,-1
"F[1,1](SBP >= 49.976 -> SepsisLabel = 0.000)
",0.000,0.000,0.000,0.000,1.000,0,0,0,25,25,0,0,25,0.0,0.0,0.0,0.0,0.0,1.0,-1
"F[0,2](MAP <= 107.196 -> SepsisLabel = 0.000)
",-9999999.000,-9999999.000,0.000,0.000,1.000,0,0,0,25,25,0,0,25,0.0,0.0,0.0,0.0,0.0,1.0,-1
"((Hct <= 26.554) U[0,0] (SepsisLabel = 0.000))
",26.554,26.554,0.000,0.000,1.000,0,0,0,25,25,0,0,25,0.0,0.0,0.0,0.0,0.0,1.0,-1
"((SaO2 <= 0.000) U[0,2] (SepsisLabel = 0.000))
",-9999999.000,-9999999.000,0.000,0.000,1.000,0,0,0,25,25,0,0,25,0.0,0.0,0.0,0.0,0.0,1.0,-1
"F[1,2](Phosphate >= 0.062 & Platelets <= 238.766)
",-9999999.000,-9999999.000,0.000,0.000,1.000,0,0,0,25,25,0,0,25,0.0,0.0,0.0,0.0,0.0,1.0,-1
"F[2,2](Hgb <= 5.041 | Hct <= 26.421)
",7436832157387212.000,26.421,0.000,0.000,1.000,0,0,0,25,25,0,0,25,0.0,0.0,0.0,0.0,0.0,1.0,-1
"F[1,2]((Calcium <= 1.038 & Potassium <= 2.754) & Magnesium >= 0.019)
",-9999999.000,-9999999.000,0.000,0.000,1.000,0,0,0,25,25,0,0,25,0.0,0.0,0.0,0.0,0.0,1.0,-1
"F[0,2](((Calcium < 6.181 & Potassium < 2.659) & Magnesium < 0.947) & Phosphate < 2.248)
",-9999999.000,-9999999.000,0.000,0.000,1.000,0,0,0,25,25,0,0,25,0.0,0.0,0.0,0.0,0.0,1.0,-1
"F[0,1]((Phosphate >= 0.042 & Magnesium > 0.062) -> Calcium < 4.769)
",-9999999.000,-9999999.000,0.000,0.000,1.000,0,0,0,25,25,0,0,25,0.0,0.0,0.0,0.0,0.0,1.0,-1
"F[1,2](Hgb <= 0.587 | Hct <= 1.554)
",-9999999.000,-9999999.000,0.000,0.000,1.000,0,0,0,25,25,0,0,25,0.0,0.0,0.0,0.0,0.0,1.0,-1
"F[0,2](((Calcium < 1.703 & Potassium < 1.981) & Magnesium < 0.265) & Phosphate < 0.341)
",-9999999.000,-9999999.000,0.000,0.000,1.000,0,0,0,25,25,0,0,25,0.0,0.0,0.0,0.0,0.0,1.0,-1
"F[0,1]((Phosphate >= 0.013 & Magnesium > 0.041) -> Calcium < 8.347)
",-9999999.000,-9999999.000,0.000,0.000,1.000,0,0,0,25,25,0,0,25,0.0,0.0,0.0,0.0,0.0,1.0,-1
"F[0,1](((Calcium < 2.757 & Potassium < 2.367) & Magnesium < 0.553) & Phosphate < 1.582)
",-9999999.000,-9999999.000,0.000,0.000,1.000,0,0,0,25,25,0,0,25,0.0,0.0,0.0,0.0,0.0,1.0,-1
"F[1,2]((Phosphate >= 0.009 & Magnesium > 0.010) -> Calcium < 6.638)
",-9999999.000,-9999999.000,0.000,0.000,1.000,0,0,0,25,25,0,0,25,0.0,0.0,0.0,0.0,0.0,1.0,-1
"F[1,2]((Phosphate >= 0.055 & Magnesium > 0.038) -> Calcium < 3.517)
",-9999999.000,-9999999.000,0.000,0.000,1.000,0,0,0,25,25,0,0,25,0.0,0.0,0.0,0.0,0.0,1.0,-1
"F[0,1]((Phosphate >= 0.015 & Magnesium > 0.035) -> Calcium < 6.829)
",-9999999.000,-9999999.000,0.000,0.000,1.000,0,0,0,25,25,0,0,25,0.0,0.0,0.0,0.0,0.0,1.0,-1
"((Creatinine > 0.019) U[0,1] (SepsisLabel = 0.000))
",-9999999.000,-9999999.000,0.000,0.000,1.000,0,0,0,25,25,0,0,25,0.0,0.0,0.0,0.0,0.0,1.0,-1
"F[1,1](BaseExcess < 2.638 & SepsisLabel = 0.000)
",0.000,0.000,0.000,0.000,1.000,0,0,0,25,25,0,0,25,0.0,0.0,0.0,0.0,0.0,1.0,-1
"((HCO3 <= 5.118) U[0,1] (SepsisLabel = 0.000))
",-9999999.000,-9999999.000,0.000,0.000,1.000,0,0,0,25,25,0,0,25,0.0,0.0,0.0,0.0,0.0,1.0,-1
"F[0,1](Glucose < 71.961 -> SepsisLabel = 0.000)
",-9999999.000,-9999999.000,0.000,0.000,1.000,0,0,0,25,25,0,0,25,0.0,0.0,0.0,0.0,0.0,1.0,-1
"F[2,2](Hgb <= 4.829 | Hct <= 17.379)
",17.379,17.379,0.000,0.000,1.000,0,0,0,25,25,0,0,25,0.0,0.0,0.0,0.0,0.0,1.0,-1
"F[1,2](((Calcium < 6.617 & Potassium < 0.469) & Magnesium < 0.167) & Phosphate < 2.366)
",-9999999.000,-9999999.000,0.000,0.000,1.000,0,0,0,25,25,0,0,25,0.0,0.0,0.0,0.0,0.0,1.0,-1
"F[1,2]((Calcium <= 6.529 & Potassium <= 2.297) & Magnesium >= 0.004)
",-9999999.000,-9999999.000,0.000,0.000,1.000,0,0,0,25,25,0,0,25,0.0,0.0,0.0,0.0,0.0,1.0,-1
"F[0,2](((Calcium < 5.366 & Potassium < 1.558) & Magnesium < 0.932) & Phosphate < 1.662)
",-9999999.000,-9999999.000,0.000,0.000,1.000,0,0,0,25,25,0,0,25,0.0,0.0,0.0,0.0,0.0,1.0,-1
"F[1,2]((Phosphate >= 0.027 & Magnesium > 0.060) -> Calcium < 4.607)
",-9999999.000,-9999999.000,0.000,0.000,1.000,0,0,0,25,25,0,0,25,0.0,0.0,0.0,0.0,0.0,1.0,-1
"F[0,2](Hgb <= 7.533 | Hct <= 21.875)
",-9999999.000,-9999999.000,0.000,0.000,1.000,0,0,0,25,25,0,0,25,0.0,0.0,0.0,0.0,0.0,1.0,-1
"F[0,2]((Calcium <= 4.002 & Potassium <= 1.848) & Magnesium >= 0.050)
",-9999999.000,-9999999.000,0.000,0.000,1.000,0,0,0,25,25,0,0,25,0.0,0.0,0.0,0.0,0.0,1.0,-1
"F[0,2](((Calcium < 7.268 & Potassium < 1.434) & Magnesium < 1.859) & Phosphate < 0.425)
",-9999999.000,-9999999.000,0.000,0.000,1.000,0,0,0,25,25,0,0,25,0.0,0.0,0.0,0.0,0.0,1.0,-1
"F[0,1]((Phosphate >= 0.021 & Magnesium > 0.031) -> Calcium < 4.359)
",-9999999.000,-9999999.000,0.000,0.000,1.000,0,0,0,25,25,0,0,25,0.0,0.0,0.0,0.0,0.0,1.0,-1
"F[2,2](MAP <= 80.647 & SepsisLabel = 0.000)
",0.000,0.000,0.000,0.000,1.000,0,0,0,25,25,0,0,25,0.0,0.0,0.0,0.0,0.0,1.0,-1
"F[0,2](Hgb <= 8.384 | Hct <= 3.089)
",-9999999.000,-9999999.000,0.000,0.000,1.000,0,0,0,25,25,0,0,25,0.0,0.0,0.0,0.0,0.0,1.0,-1
"((MAP >= 4.574) U[2,2] (SBP <= 136.285))
",136.285,136.285,0.000,0.000,1.000,0,0,0,25,25,0,0,25,0.0,0.0,0.0,0.0,0.0,1.0,-1
"F[2,2](Hgb <= 2.674 | Hct <= 4.004)
",4.004,4.004,0.000,0.000,1.000,0,0,0,25,25,0,0,25,0.0,0.0,0.0,0.0,0.0,1.0,-1
"F[1,2]((Calcium <= 5.826 & Potassium <= 0.150) & Magnesium >= 0.061)
",-9999999.000,-9999999.000,0.000,0.000,1.000,0,0,0,25,25,0,0,25,0.0,0.0,0.0,0.0,0.0,1.0,-1
"F[0,1]((Phosphate >= 0.083 & Magnesium > 0.051) -> Calcium < 6.581)
",-9999999.000,-9999999.000,0.000,0.000,1.000,0,0,0,25,25,0,0,25,0.0,0.0,0.0,0.0,0.0,1.0,-1
"F[0,2]((Phosphate >= 0.013 & Magnesium > 0.009) -> Calcium < 3.381)
",-9999999.000,-9999999.000,0.000,0.000,1.000,0,0,0,25,25,0,0,25,0.0,0.0,0.0,0.0,0.0,1.0,-1
"F[0,1](Hgb <= 9.958 | Hct <= 5.255)
",-9999999.000,-9999999.000,0.000,0.000,1.000,0,0,0,25,25,0,0,25,0.0,0.0,0.0,0.0,0.0,1.0,-1
"F[1,2](((FiO2 >= 0.008 | PaCO2 >= 1.434) & BUN <= 12.287) & Glucose <= 26.265)
",-9999999.000,-9999999.000,0.000,0.000,1.000,0,0,0,25,25,0,0,25,0.0,0.0,0.0,0.0,0.0,1.0,-1
"G[2,2]((DBP <= 52.754 & SepsisLabel <= 0.000) & BaseExcess <= 0.000)
",0.000,0.000,0.000,1.000,0.000,0,0,25,0,0,25,25,0,0.0,0.0,1.0,0.0,0.0,1.0,1
"F[0,1]((Lactate >= 0.043 -> SaO2 >= 0.000) -> TroponinI <= 0.000)
",-9999999.000,-9999999.000,0.000,0.000,1.000,0,0,0,25,25,0,0,25,0.0,0.0,0.0,0.0,0.0,1.0,-1
"G[2,2](Chloride >= 2.757 & HCO3 >= 0.762)
",-2.757,-2.757,0.000,1.000,0.000,0,0,25,0,0,25,25,0,0.0,0.0,1.0,0.0,0.0,1.0,1
"G[0,2](((Hgb <= 6.118 | Hct <= 6.711) -> WBC >= 0.298) & Platelets >= 4.189)
",9999999.000,9999999.000,0.000,1.000,0.000,0,0,0,25,25,0,0,25,0.0,0.0,0.0,0.0,0.0,1.0,1
"G[2,2](Platelets <= 209.541 -> WBC >= 0.260)
",-209.541,-209.541,0.000,1.000,0.000,0,0,25,0,0,25,25,0,0.0,0.0,1.0,0.0,0.0,1.0,1
"G[2,2](Chloride >= 3.532 & HCO3 >= 0.385)
",-3.532,-3.532,0.000,1.000,0.000,0,0,25,0,0,25,25,0,0.0,0.0,1.0,0.0,0.0,1.0,1
"G[1,2](BUN <= 8.351 & Creatinine >= 0.008)
",9999999.000,9999999.000,0.000,1.000,0.000,0,0,2,23,23,2,2,23,0.0,0.0,1.0,0.0,0.0,1.0,1
"G[0,2](((Hgb <= 0.981 | Hct <= 11.306) -> WBC >= 0.057) & Platelets >= 5.176)
",9999999.000,9999999.000,0.000,1.000,0.000,0,0,0,25,25,0,0,25,0.0,0.0,0.0,0.0,0.0,1.0,1
"G[0,2](Platelets <= 46.479 -> WBC >= 0.202)
",9999999.000,9999999.000,0.000,1.000,0.000,0,0,0,25,25,0,0,25,0.0,0.0,0.0,0.0,0.0,1.0,1
"G[0,2](BUN <= 7.886 & Creatinine >= 0.023)
",9999999.000,9999999.000,0.000,1.000,0.000,0,0,0,25,25,0,0,25,0.0,0.0,0.0,0.0,0.0,1.0,1
"G[0,1](Platelets <= 137.196 -> WBC >= 0.120)
",9999999.000,9999999.000,0.000,1.000,0.000,0,0,0,25,25,0,0,25,0.0,0.0,0.0,0.0,0.0,1.0,1
"G[0,1](Chloride >= 0.087 & HCO3 >= 0.670)
",9999999.000,9999999.000,0.000,1.000,0.000,0,0,0,25,25,0,0,25,0.0,0.0,0.0,0.0,0.0,1.0,1
"G[1,2](((Hgb <= 2.471 | Hct <= 13.018) -> WBC >= 0.231) & Platelets >= 5.000)
",9999999.000,9999999.000,0.000,1.000,0.000,0,0,2,23,23,2,2,23,0.0,0.0,1.0,0.0,0.0,1.0,1
"G[1,2](Chloride >= 0.885 & HCO3 >= 0.998)
",9999999.000,9999999.000,0.000,1.000,0.000,0,0,2,23,23,2,2,23,0.0,0.0,1.0,0.0,0.0,1.0,1
"G[1,2](BUN <= 10.860 & Creatinine >= 0.021)
",9999999.000,9999999.000,0.000,1.000,0.000,0,0,2,23,23,2,2,23,0.0,0.0,1.0,0.0,0.0,1.0,1
"G[0,2](((Hgb <= 7.966 | Hct <= 6.162) -> WBC >= 0.341) & Platelets >= 0.529)
",9999999.000,9999999.000,0.000,1.000,0.000,0,0,0,25,25,0,0,25,0.0,0.0,0.0,0.0,0.0,1.0,1
"G[1,2](((Hgb <= 5.666 | Hct <= 17.863) -> WBC >= 0.364) & Platelets >= 2.039)
",9999999.000,9999999.000,0.000,1.000,0.000,0,0,2,23,23,2,2,23,0.0,0.0,1.0,0.0,0.0,1.0,1
"G[2,2](BUN <= 5.451 & Creatinine >= 0.001)
",-0.001,-0.001,0.000,1.000,0.000,0,0,25,0,0,25,25,0,0.0,0.0,1.0,0.0,0.0,1.0,1
"G[1,2](((Hgb <= 3.476 | Hct <= 10.270) -> WBC >= 0.290) & Platelets >= 3.932)
",9999999.000,9999999.000,0.000,1.000,0.000,0,0,2,23,23,2,2,23,0.0,0.0,1.0,0.0,0.0,1.0,1
"G[0,1](BUN <= 7.210 & Creatinine >= 0.008)
",9999999.000,9999999.000,0.000,1.000,0.000,0,0,0,25,25,0,0,25,0.0,0.0,0.0,0.0,0.0,1.0,1
"G[1,2]((Chloride >= 0.813 & Creatinine <= 0.072) -> SaO2 <= 0.047)
",9999999.000,9999999.000,0.000,1.000,0.000,0,0,25,0,0,25,25,0,0.0,0.0,1.0,0.0,0.0,1.0,1
"G[0,2](Creatinine >= 0.000 -> Magnesium >= 0.001)
",9999999.000,9999999.000,0.000,1.000,0.000,0,0,0,25,25,0,0,25,0.0,0.0,0.0,0.0,0.0,1.0,1
"G[2,2](((Creatinine <= 0.700 & Hct <= 14.320) -> WBC >= 0.243) -> FiO2 <= 23.910)
",-23.910,-23.910,0.000,1.000,0.000,0,0,25,0,0,25,25,0,0.0,0.0,1.0,0.0,0.0,1.0,1
"G[1,2](((PaCO2 >= 2.793 -> pH >= 0.048) & Hgb >= 0.247) & Fibrinogen >= 0.067)
",9999999.000,9999999.000,0.000,1.000,0.000,0,0,1,24,24,1,1,24,0.0,0.0,1.0,0.0,0.0,1.0,1
"G[0,1]((Phosphate <= 1.381 | WBC <= 3.237) -> SepsisLabel >= 0.201)
",9999999.000,9999999.000,0.000,1.000,0.000,0,0,0,25,25,0,0,25,0.0,0.0,0.0,0.0,0.0,1.0,1
"G[0,2](((Calcium <= 8.091 -> Creatinine >= 0.017) | Potassium >= 0.004) -> Chloride <= 0.164)
",9999999.000,9999999.000,0.000,1.000,0.000,0,0,23,2,2,23,23,2,0.0,0.0,1.0,0.0,0.0,1.0,1
"G[2,2](BUN <= 12.079 & Creatinine >= 0.024)
",-0.024,-0.024,0.000,1.000,0.000,0,0,25,0,0,25,25,0,0.0,0.0,1.0,0.0,0.0,1.0,1
"G[1,2](Platelets <= 102.368 -> WBC >= 0.076)
",9999999.000,9999999.000,0.000,1.000,0.000,0,0,2,23,23,2,2,23,0.0,0.0,1.0,0.0,0.0,1.0,1
"G[0,1](Phosphate >= 0.064 & Potassium <= 1.700)
",9999999.000,9999999.000,0.000,1.000,0.000,0,0,0,25,25,0,0,25,0.0,0.0,0.0,0.0,0.0,1.0,1
"G[2,2](((Hgb <= 3.722 | Hct <= 18.671) -> WBC >= 0.302) & Platelets >= 6.051)
",-18.671,-18.671,0.000,1.000,0.000,0,0,25,0,0,25,25,0,0.0,0.0,1.0,0.0,0.0,1.0,1
"G[0,2](Platelets <= 173.777 -> WBC >= 0.119)
",9999999.000,9999999.000,0.000,1.000,0.000,0,0,0,25,25,0,0,25,0.0,0.0,0.0,0.0,0.0,1.0,1
"G[0,1](((BUN >= 0.340 & Temp <= 35.910) & Calcium >= 5.478) & PaCO2 <= 33.582)
",9999999.000,9999999.000,0.000,1.000,0.000,0,0,0,25,25,0,0,25,0.0,0.0,0.0,0.0,0.0,1.0,1
"G[1,2]((Hgb <= 3.761 & Temp <= 15.230) -> PaCO2 >= 7.635)
",9999999.000,9999999.000,0.000,1.000,0.000,0,0,12,13,13,12,12,13,0.0,0.0,1.0,0.0,0.0,1.0,1
"G[1,2]((HCO3 <= 20.829 & SBP >= 47.188) & Temp >= 44.520)
",9999999.000,9999999.000,0.000,1.000,0.000,0,0,1,24,24,1,1,24,0.0,0.0,1.0,0.0,0.0,1.0,1
"G[2,2]((Hct <= 15.090 & SBP <= 113.830) -> Phosphate <= 100.470)
",-100.470,-100.470,0.000,1.000,0.000,0,0,25,0,0,25,25,0,0.0,0.0,1.0,0.0,0.0,1.0,1
"G[0,2]((Hgb <= 5.237 & SBP <= 174.631) & Potassium >= 78.910)
",9999999.000,9999999.000,0.000,1.000,0.000,0,0,0,25,25,0,0,25,0.0,0.0,0.0,0.0,0.0,1.0,1
"G[1,2](((Potassium >= 0.036 & SBP <= 175.726) | DBP <= 111.181) | AST <= 163.625)
",9999999.000,9999999.000,0.000,1.000,0.000,0,0,25,0,0,25,25,0,0.0,0.0,1.0,0.0,0.0,1.0,1
"G[0,1](((BaseExcess <= 2.493 | DBP <= 83.758) & FiO2 >= 19.236) & Chloride >= 24.624)
",9999999.000,9999999.000,0.000,1.000,0.000,0,0,0,25,25,0,0,25,0.0,0.0,0.0,0.0,0.0,1.0,1
"G[0,2](((Lactate <= 0.153 -> Resp <= 20.611) | Calcium <= 19.022) | FiO2 >= 6.247)
",9999999.000,9999999.000,0.000,1.000,0.000,0,0,25,0,0,25,25,0,0.0,0.0,1.0,0.0,0.0,1.0,1
"G[1,2]((Glucose <= 31.836 -> MAP <= 77.738) -> WBC <= 106.638)
",9999999.000,9999999.000,0.000,1.000,0.000,0,0,25,0,0,25,25,0,0.0,0.0,1.0,0.0,0.0,1.0,1
"G[1,2](((BaseExcess <= 4.891 | HCO3 <= 12.532) -> Resp <= 4.389) -> Potassium <= 2.500)
",9999999.000,9999999.000,0.000,1.000,0.000,0,0,25,0,0,25,25,0,0.0,0.0,1.0,0.0,0.0,1.0,1
"G[0,2]((BaseExcess <= 3.697 & O2Sat >= 49.430) | BaseExcess <= 93.555)
",9999999.000,9999999.000,0.000,1.000,0.000,0,0,25,0,0,25,25,0,0.0,0.0,1.0,0.0,0.0,1.0,1
"G[1,2](O2Sat <= 89.893 & Potassium <= 0.679)
",9999999.000,9999999.000,0.000,1.000,0.000,0,0,2,23,23,2,2,23,0.0,0.0,1.0,0.0,0.0,1.0,1
"G[1,2](((Creatinine <= 0.235 -> WBC >= 0.052) -> EtCO2 <= 1.817) -> Bilirubin_total >= 0.118)
",9999999.000,9999999.000,0.000,1.000,0.000,0,0,1,24,24,1,1,24,0.0,0.0,1.0,0.0,0.0,1.0,1
"G[0,1](((Platelets >= 0.774 -> WBC >= 0.178) | AST <= 9.300) -> TroponinI >= 0.023)
",9999999.000,9999999.000,0.000,1.000,0.000,0,0,0,25,25,0,0,25,0.0,0.0,0.0,0.0,0.0,1.0,1
"G[1,2](Chloride >= 1.280 & HCO3 >= 0.709)
",9999999.000,9999999.000,0.000,1.000,0.000,0,0,2,23,23,2,2,23,0.0,0.0,1.0,0.0,0.0,1.0,1
"G[0,1](BUN <= 0.875 & Creatinine >= 0.002)
",9999999.000,9999999.000,0.000,1.000,0.000,0,0,0,25,25,0,0,25,0.0,0.0,0.0,0.0,0.0,1.0,1
"G[0,2](((Hgb <= 8.103 | Hct <= 20.303) -> WBC >= 0.173) & Platelets >= 3.384)
",9999999.000,9999999.000,0.000,1.000,0.000,0,0,0,25,25,0,0,25,0.0,0.0,0.0,0.0,0.0,1.0,1
"G[2,2](Platelets <= 30.833 -> WBC >= 0.352)
",-30.833,-30.833,0.000,1.000,0.000,0,0,25,0,0,25,25,0,0.0,0.0,1.0,0.0,0.0,1.0,1
"G[1,2](((Hgb <= 4.343 | Hct <= 19.978) -> WBC >= 0.270) & Platelets >= 4.553)
",9999999.000,9999999.000,0.000,1.000,0.000,0,0,2,23,23,2,2,23,0.0,0.0,1.0,0.0,0.0,1.0,1
"G[0,2](Platelets <= 91.117 -> WBC >= 0.121)
",9999999.000,9999999.000,0.000,1.000,0.000,0,0,0,25,25,0,0,25,0.0,0.0,0.0,0.0,0.0,1.0,1
"G[2,2](Chloride >= 0.711 & HCO3 >= 0.604)
",-0.711,-0.711,0.000,1.000,0.000,0,0,25,0,0,25,25,0,0.0,0.0,1.0,0.0,0.0,1.0,1
"G[0,2](BUN <= 3.453 & Creatinine >= 0.021)
",9999999.000,9999999.000,0.000,1.000,0.000,0,0,0,25,25,0,0,25,0.0,0.0,0.0,0.0,0.0,1.0,1
"G[1,2]((HCO3 >= 0.183 -> WBC <= 7.420) & Resp >= 0.022)
",9999999.000,9999999.000,0.000,1.000,0.000,0,0,24,1,1,24,24,1,0.0,0.0,1.0,0.0,0.0,1.0,1
"G[0,2](((Calcium >= 0.282 & HCO3 >= 0.528) | Temp <= 17.559) -> Creatinine <= 17.833)
",9999999.000,9999999.000,0.000,1.000,0.000,0,0,25,0,0,25,25,0,0.0,0.0,1.0,0.0,0.0,1.0,1
"G[0,2](((MAP <= 96.731 | WBC <= 8.476) & BaseExcess >= 0.300) -> Fibrinogen <= 8.170)
",9999999.000,9999999.000,0.000,1.000,0.000,0,0,25,0,0,25,25,0,0.0,0.0,1.0,0.0,0.0,1.0,1
"G[1,2]((SepsisLabel >= 0.000 | Bilirubin_direct >= 0.000) | Fibrinogen <= 0.000)
",9999999.000,9999999.000,0.000,1.000,0.000,0,0,25,0,0,25,25,0,0.0,0.0,1.0,0.0,0.0,1.0,1
"G[0,2](Hgb >= 0.224 -> Bilirubin_direct <= 0.000)
",9999999.000,9999999.000,0.000,1.000,0.000,0,0,25,0,0,25,25,0,0.0,0.0,1.0,0.0,0.0,1.0,1
"G[0,1](TroponinI <= 0.000 -> BUN >= 0.272)
",9999999.000,9999999.000,0.000,1.000,0.000,0,0,0,25,25,0,0,25,0.0,0.0,0.0,0.0,0.0,1.0,1
"G[0,2](PaCO2 >= 0.977 -> Fibrinogen <= 0.000)
",9999999.000,9999999.000,0.000,1.000,0.000,0,0,25,0,0,25,25,0,0.0,0.0,1.0,0.0,0.0,1.0,1
"G[1,2]((Temp >= 4.404 -> Resp <= 19.033) | Bilirubin_direct >= 10.134)
",9999999.000,9999999.000,0.000,1.000,0.000,0,0,23,2,2,23,23,2,0.0,0.0,1.0,0.0,0.0,1.0,1
"G[0,1]((Phosphate <= 0.638 -> PaCO2 >= 2.579) & Hct <= 36.992)
",9999999.000,9999999.000,0.000,1.000,0.000,0,0,0,25,25,0,0,25,0.0,0.0,0.0,0.0,0.0,1.0,1
"G[1,2](((pH <= 1.828 & FiO2 <= 0.281) & SBP <= 0.390) | MAP >= 0.002)
",9999999.000,9999999.000,0.000,1.000,0.000,0,0,25,0,0,25,25,0,0.0,0.0,1.0,0.0,0.0,1.0,1
"G[1,2]((BaseExcess <= 4.516 & TroponinI >= 0.000) & Phosphate >= 0.000)
",9999999.000,9999999.000,0.000,1.000,0.000,0,0,25,0,0,25,25,0,0.0,0.0,1.0,0.0,0.0,1.0,1
"G[1,2](((Magnesium <= 1.099 | O2Sat >= 55.849) & SBP <= 93.641) | Creatinine >= 48.339)
",9999999.000,9999999.000,0.000,1.000,0.000,0,0,9,16,16,9,9,16,0.0,0.0,1.0,0.0,0.0,1.0,1
"G[1,1](((Potassium >= 0.054 -> MAP <= 108.918) | AST <= 87.558) -> BaseExcess >= 21.199)
",-87.558,-87.558,0.000,1.000,0.000,0,0,1,24,24,1,1,24,0.0,0.0,1.0,0.0,0.0,1.0,1
"G[0,2](Alkalinephos >= 0.000 -> Hgb <= 5.086)
",9999999.000,9999999.000,0.000,1.000,0.000,0,0,23,2,2,23,23,2,0.0,0.0,1.0,0.0,0.0,1.0,1
"G[2,2]((Temp >= 2.940 | EtCO2 >= 0.000) | Lactate >= 0.000)
",0.000,0.000,0.000,1.000,0.000,0,0,25,0,0,25,25,0,0.0,0.0,1.0,0.0,0.0,1.0,1
"G[2,2](((SaO2 <= 0.000 & Temp <= 29.141) & pH <= 15.741) -> Platelets <= 34.640)
",-34.640,-34.640,0.000,1.000,0.000,0,0,25,0,0,25,25,0,0.0,0.0,1.0,0.0,0.0,1.0,1
"G[1,2](Lactate <= 0.065 | TroponinI >= 0.000)
",9999999.000,9999999.000,0.000,1.000,0.000,0,0,25,0,0,25,25,0,0.0,0.0,1.0,0.0,0.0,1.0,1
"G[0,1]((Lactate <= 0.431 -> pH <= 4.881) & pH >= 0.188)
",9999999.000,9999999.000,0.000,1.000,0.000,0,0,0,25,25,0,0,25,0.0,0.0,0.0,0.0,0.0,1.0,1
"G[0,2]((AST >= 0.000 -> pH <= 5.497) & Magnesium >= 0.391)
",9999999.000,9999999.000,0.000,1.000,0.000,0,0,0,25,25,0,0,25,0.0,0.0,0.0,0.0,0.0,1.0,1
"G[2,2]((TroponinI <= 0.000 & pH <= 6.355) & Creatinine >= 0.082)
",-0.082,-0.082,0.000,1.000,0.000,0,0,25,0,0,25,25,0,0.0,0.0,1.0,0.0,0.0,1.0,1
"G[0,1]((Potassium >= 0.109 & Resp <= 18.667) & O2Sat <= 17.573)
",9999999.000,9999999.000,0.000,1.000,0.000,0,0,0,25,25,0,0,25,0.0,0.0,0.0,0.0,0.0,1.0,1
"G[2,2]((SBP >= 34.374 -> Temp >= 1.500) | AST <= 12.752)
",12.752,12.752,0.000,1.000,0.000,0,0,25,0,0,25,25,0,0.0,0.0,1.0,0.0,0.0,1.0,1
"G[2,2]((PTT <= 10.356 & FiO2 <= 0.318) | Bilirubin_direct >= 0.029)
",0.318,0.318,0.000,1.000,0.000,0,0,25,0,0,25,25,0,0.0,0.0,1.0,0.0,0.0,1.0,1
"G[1,2](((Bilirubin_direct >= 0.000 & Bilirubin_total <= 0.000) -> Bilirubin_direct <= 0.000) & PTT <= 0.000)
",9999999.000,9999999.000,0.000,1.000,0.000,0,0,25,0,0,25,25,0,0.0,0.0,1.0,0.0,0.0,1.0,1
"G[0,2]((Resp >= 3.131 & FiO2 <= 0.364) -> PTT <= 0.428)
",9999999.000,9999999.000,0.000,1.000,0.000,0,0,24,1,1,24,24,1,0.0,0.0,1.0,0.0,0.0,1.0,1
"G[0,2](((BUN >= 0.429 | Hct >= 0.332) & BUN >= 1.064) | Glucose <= 5.947)
",9999999.000,9999999.000,0.000,1.000,0.000,0,0,24,1,1,24,24,1,0.0,0.0,1.0,0.0,0.0,1.0,1
"G[1,2](PaCO2 <= 4.005 -> Fibrinogen >= 0.000)
",9999999.000,9999999.000,0.000,1.000,0.000,0,0,25,0,0,25,25,0,0.0,0.0,1.0,0.0,0.0,1.0,1
"G[1,2](Platelets <= 36.678 | Hct <= 24.990)
",9999999.000,9999999.000,0.000,1.000,0.000,0,0,24,1,1,24,24,1,0.0,0.0,1.0,0.0,0.0,1.0,1
"G[2,2](Bilirubin_total <= 0.000 -> MAP <= 80.087)
",-80.087,-80.087,0.000,1.000,0.000,0,0,25,0,0,25,25,0,0.0,0.0,1.0,0.0,0.0,1.0,1
"G[0,2](Creatinine >= 0.010 -> Potassium >= 0.007)
",9999999.000,9999999.000,0.000,1.000,0.000,0,0,25,0,0,25,25,0,0.0,0.0,1.0,0.0,0.0,1.0,1
"G[0,2]((Magnesium <= 1.548 -> Fibrinogen >= 0.000) | AST <= 0.000)
",9999999.000,9999999.000,0.000,1.000,0.000,0,0,25,0,0,25,25,0,0.0,0.0,1.0,0.0,0.0,1.0,1
"G[1,2](((Calcium >= 0.008 & Magnesium <= 0.092) & Calcium <= 1.292) | O2Sat <= 0.620)
",9999999.000,9999999.000,0.000,1.000,0.000,0,0,2,23,23,2,2,23,0.0,0.0,1.0,0.0,0.0,1.0,1
"G[0,2](((Chloride >= 3.948 | Hgb >= 0.156) | Magnesium <= 4.538) -> pH >= 0.375)
",9999999.000,9999999.000,0.000,1.000,0.000,0,0,0,25,25,0,0,25,0.0,0.0,0.0,0.0,0.0,1.0,1
"G[0,1](BUN <= 12.812 & Creatinine >= 0.024)
",9999999.000,9999999.000,0.000,1.000,0.000,0,0,0,25,25,0,0,25,0.0,0.0,0.0,0.0,0.0,1.0,1
"G[0,2](Calcium <= 2.288 & Hgb <= 8.657)
",9999999.000,9999999.000,0.000,1.000,0.000,0,0,23,2,2,23,23,2,0.0,0.0,1.0,0.0,0.0,1.0,1
"G[2,2](((Hgb >= 0.364 | Phosphate >= 0.050) | SepsisLabel <= 2.147) | Lactate <= 0.403)
",2.147,2.147,0.000,1.000,0.000,0,0,25,0,0,25,25,0,0.0,0.0,1.0,0.0,0.0,1.0,1
"G[0,1](((Chloride <= 83.302 | HCO3 >= 1.094) & Platelets <= 15.153) & AST >= 0.235)
",9999999.000,9999999.000,0.000,1.000,0.000,0,0,0,25,25,0,0,25,0.0,0.0,0.0,0.0,0.0,1.0,1
"G[0,2]((Platelets >= 1.066 -> Potassium <= 3.440) & DBP <= 2.747)
",9999999.000,9999999.000,0.000,1.000,0.000,0,0,6,19,19,6,6,19,0.0,0.0,1.0,0.0,0.0,1.0,1
"G[0,2](Hgb < 9.318 & SepsisLabel = 0.000)
",9999999.000,9999999.000,0.000,1.000,0.000,0,0,23,2,2,23,23,2,0.0,0.0,1.0,0.0,0.0,1.0,1
"G[0,2](PaCO2 < 3.471 & SepsisLabel = 0.000)
",9999999.000,9999999.000,0.000,1.000,0.000,0,0,21,4,4,21,21,4,0.0,0.0,1.0,0.0,0.0,1.0,1
"G[0,1](WBC > 0.164 & SepsisLabel = 0.000)
",9999999.000,9999999.000,0.000,1.000,0.000,0,0,0,25,25,0,0,25,0.0,0.0,0.0,0.0,0.0,1.0,1
"G[0,2](SepsisLabel >= 0.000 -> SepsisLabel = 0.000)
",9999999.000,9999999.000,0.000,1.000,0.000,0,0,25,0,0,25,25,0,0.0,0.0,1.0,0.0,0.0,1.0,1
"G[1,2](Lactate >= 0.005 -> SepsisLabel = 0.000)
",9999999.000,9999999.000,0.000,1.000,0.000,0,0,25,0,0,25,25,0,0.0,0.0,1.0,0.0,0.0,1.0,1
"G[0,2](BUN >= 0.430 -> SepsisLabel = 0.000)
",9999999.000,9999999.000,0.000,1.000,0.000,0,0,25,0,0,25,25,0,0.0,0.0,1.0,0.0,0.0,1.0,1
"G[0,1](Fibrinogen > 0.000 & SepsisLabel = 0.000)
",9999999.000,9999999.000,0.000,1.000,0.000,0,0,0,25,25,0,0,25,0.0,0.0,0.0,0.0,0.0,1.0,1
"G[2,2](MAP <= 109.278 & SepsisLabel = 0.000)
",0.000,0.000,0.000,1.000,0.000,0,0,25,0,0,25,25,0,0.0,0.0,1.0,0.0,0.0,1.0,1
"G[2,2](HCO3 < 9.418 & SepsisLabel = 0.000)
",0.000,0.000,0.000,1.000,0.000,0,0,25,0,0,25,25,0,0.0,0.0,1.0,0.0,0.0,1.0,1
"G[1,2](((Hgb >= 0.008 -> Magnesium >= 0.045) | Creatinine <= 0.161) & Fibrinogen >= 0.033)
",9999999.000,9999999.000,0.000,1.000,0.000,0,0,1,24,24,1,1,24,0.0,0.0,1.0,0.0,0.0,1.0,1
"G[0,2](O2Sat >= 21.200 -> Platelets >= 2.178)
",9999999.000,9999999.000,0.000,1.000,0.000,0,0,1,24,24,1,1,24,0.0,0.0,1.0,0.0,0.0,1.0,1
"G[0,1](Chloride >= 2.519 & HCO3 >= 0.553)
",9999999.000,9999999.000,0.000,1.000,0.000,0,0,0,25,25,0,0,25,0.0,0.0,0.0,0.0,0.0,1.0,1
"G[0,2](Alkalinephos <= 0.000 -> Fibrinogen >= 0.000)
",9999999.000,9999999.000,0.000,1.000,0.000,0,0,25,0,0,25,25,0,0.0,0.0,1.0,0.0,0.0,1.0,1
"G[1,2]((Lactate <= 1.025 & Bilirubin_total >= 0.000) -> PTT >= 0.000)
",9999999.000,9999999.000,0.000,1.000,0.000,0,0,25,0,0,25,25,0,0.0,0.0,1.0,0.0,0.0,1.0,1
"G[0,1]((O2Sat >= 60.810 & Temp <= 27.156) & Magnesium >= 4.987)
",9999999.000,9999999.000,0.000,1.000,0.000,0,0,0,25,25,0,0,25,0.0,0.0,0.0,0.0,0.0,1.0,1
"G[2,2]((Lactate <= 0.138 | MAP <= 103.272) -> Glucose <= 114.422)
",-114.422,-114.422,0.000,1.000,0.000,0,0,25,0,0,25,25,0,0.0,0.0,1.0,0.0,0.0,1.0,1
"G[2,2]((O2Sat >= 42.748 -> pH >= 0.295) -> Calcium <= 4.936)
",-4.936,-4.936,0.000,1.000,0.000,0,0,25,0,0,25,25,0,0.0,0.0,1.0,0.0,0.0,1.0,1
"G[0,1](BUN <= 12.894 & Calcium >= 0.276)
",9999999.000,9999999.000,0.000,1.000,0.000,0,0,0,25,25,0,0,25,0.0,0.0,0.0,0.0,0.0,1.0,1
"F[2,2](((AST >= 0.000 & Hct >= 0.230) & SepsisLabel <= 27.736) | Potassium <= 6.632)
",6.632,6.632,0.000,0.000,1.000,0,0,0,25,25,0,0,25,0.0,0.0,0.0,0.0,0.0,1.0,-1
"G[0,2](((SepsisLabel >= 0.000 & Temp >= 0.168) -> SaO2 <= 21.965) | Potassium >= 2.137)
",9999999.000,9999999.000,0.000,1.000,0.000,0,0,25,0,0,25,25,0,0.0,0.0,1.0,0.0,0.0,1.0,1
"G[1,2]((Chloride >= 0.107 & Hgb >= 0.227) -> Temp >= 0.247)
",9999999.000,9999999.000,0.000,1.000,0.000,0,0,24,1,1,24,24,1,0.0,0.0,1.0,0.0,0.0,1.0,1
"G[2,2](((EtCO2 <= 0.000 | EtCO2 <= 0.000) | SaO2 <= 0.000) -> Magnesium <= 0.000)
",0.000,0.000,0.000,1.000,0.000,0,0,25,0,0,25,25,0,0.0,0.0,1.0,0.0,0.0,1.0,1
"G[1,2](Hct <= 24.381 | Resp <= 16.156)
",9999999.000,9999999.000,0.000,1.000,0.000,0,0,24,1,1,24,24,1,0.0,0.0,1.0,0.0,0.0,1.0,1
"G[1,2]((Creatinine <= 0.271 | Calcium >= 0.111) -> PTT <= 1.206)
",9999999.000,9999999.000,0.000,1.000,0.000,0,0,25,0,0,25,25,0,0.0,0.0,1.0,0.0,0.0,1.0,1
"G[0,2]((Chloride >= 0.936 -> Platelets <= 160.326) -> Resp >= 2.063)
",9999999.000,9999999.000,0.000,1.000,0.000,0,0,23,2,2,23,23,2,0.0,0.0,1.0,0.0,0.0,1.0,1
"G[0,2]((HR <= 92.402 | Creatinine >= 0.005) & FiO2 <= 0.361)
",9999999.000,9999999.000,0.000,1.000,0.000,0,0,17,8,8,17,17,8,0.0,0.0,1.0,0.0,0.0,1.0,1
"G[0,2](SepsisLabel >= 0.000 & SaO2 >= 0.000)
",9999999.000,9999999.000,0.000,1.000,0.000,0,0,25,0,0,25,25,0,0.0,0.0,1.0,0.0,0.0,1.0,1
"G[2,2](((Hct >= 0.722 -> AST <= 0.000) -> Potassium <= 0.000) -> Calcium >= 0.000)
",0.000,0.000,0.000,1.000,0.000,0,0,25,0,0,25,25,0,0.0,0.0,1.0,0.0,0.0,1.0,1
"G[0,2]((SaO2 >= 0.000 & Lactate >= 0.049) & BUN >= 0.022)
",9999999.000,9999999.000,0.000,1.000,0.000,0,0,0,25,25,0,0,25,0.0,0.0,0.0,0.0,0.0,1.0,1
"G[0,2]((EtCO2 <= 0.000 -> HR >= 2.924) -> Platelets >= 14.570)
",9999999.000,9999999.000,0.000,1.000,0.000,0,0,0,25,25,0,0,25,0.0,0.0,0.0,0.0,0.0,1.0,1
"G[2,2](Phosphate <= 0.961 | Bilirubin_direct >= 0.000)
",0.961,0.961,0.000,1.000,0.000,0,0,25,0,0,25,25,0,0.0,0.0,1.0,0.0,0.0,1.0,1
"G[2,2](pH <= 0.650 -> PaCO2 <= 8.743)
",-8.743,-8.743,0.000,1.000,0.000,0,0,25,0,0,25,25,0,0.0,0.0,1.0,0.0,0.0,1.0,1
"G[0,2](((PaCO2 <= 7.869 & PTT <= 38.657) & Hct <= 14.299) -> Bilirubin_total <= 22.692)
",9999999.000,9999999.000,0.000,1.000,0.000,0,0,25,0,0,25,25,0,0.0,0.0,1.0,0.0,0.0,1.0,1
"G[2,2]((Resp <= 19.668 | Bilirubin_direct >= 0.000) | Temp >= 0.000)
",19.668,19.668,0.000,1.000,0.000,0,0,25,0,0,25,25,0,0.0,0.0,1.0,0.0,0.0,1.0,1
"G[0,2](Magnesium <= 1.871 -> Resp >= 6.885)
",9999999.000,9999999.000,0.000,1.000,0.000,0,0,23,2,2,23,23,2,0.0,0.0,1.0,0.0,0.0,1.0,1
"G[0,1](((Creatinine <= 0.251 -> Platelets <= 177.945) | Platelets >= 8.870) & PaCO2 >= 6.775)
",9999999.000,9999999.000,0.000,1.000,0.000,0,0,0,25,25,0,0,25,0.0,0.0,0.0,0.0,0.0,1.0,1
"G[2,2](((O2Sat >= 2.890 & pH <= 7.086) & PaCO2 <= 1.305) & pH <= 1.984)
",-2.890,-2.890,0.000,1.000,0.000,0,0,25,0,0,25,25,0,0.0,0.0,1.0,0.0,0.0,1.0,1
"G[0,2]((HR >= 21.591 -> WBC >= 0.353) | Hct >= 0.304)
",9999999.000,9999999.000,0.000,1.000,0.000,0,0,0,25,25,0,0,25,0.0,0.0,0.0,0.0,0.0,1.0,1
"G[2,2](((WBC >= 0.009 & TroponinI <= 0.000) & Calcium >= 0.000) -> Resp <= 0.000)
",0.000,0.000,0.000,1.000,0.000,0,0,25,0,0,25,25,0,0.0,0.0,1.0,0.0,0.0,1.0,1
"G[1,2](((Chloride >= 2.465 | Bilirubin_direct >= 0.000) & AST <= 0.000) & Alkalinephos <= 0.000)
",9999999.000,9999999.000,0.000,1.000,0.000,0,0,25,0,0,25,25,0,0.0,0.0,1.0,0.0,0.0,1.0,1
"G[1,2]((O2Sat <= 99.532 -> PTT >= 0.034) & Resp >= 0.884)
",9999999.000,9999999.000,0.000,1.000,0.000,0,0,9,16,16,9,9,16,0.0,0.0,1.0,0.0,0.0,1.0,1
"G[1,2]((SBP <= 158.117 | FiO2 <= 0.311) -> Temp <= 0.479)
",9999999.000,9999999.000,0.000,1.000,0.000,0,0,16,9,9,16,16,9,0.0,0.0,1.0,0.0,0.0,1.0,1
"G[0,1](((FiO2 >= 0.031 -> PTT <= 38.784) -> PaCO2 >= 0.744) & Hgb >= 0.422)
",9999999.000,9999999.000,0.000,1.000,0.000,0,0,0,25,25,0,0,25,0.0,0.0,0.0,0.0,0.0,1.0,1
"G[2,2](((Potassium >= 0.046 -> Lactate <= 0.281) & Bilirubin_total <= 0.590) | WBC >= 0.013)
",-0.013,-0.013,0.000,1.000,0.000,0,0,25,0,0,25,25,0,0.0,0.0,1.0,0.0,0.0,1.0,1
"F[2,2](PaCO2 >= 2.505 -> Resp <= 18.408)
",-18.408,-18.408,0.000,0.000,1.000,0,0,0,25,25,0,0,25,0.0,0.0,0.0,0.0,0.0,1.0,-1
"G[0,2]((Chloride >= 2.545 | HR <= 85.214) | DBP >= 27.400)
",9999999.000,9999999.000,0.000,1.000,0.000,0,0,24,1,1,24,24,1,0.0,0.0,1.0,0.0,0.0,1.0,1
"F[0,1]((Alkalinephos <= 0.000 -> O2Sat <= 92.363) -> AST <= 98.767)
",-9999999.000,-9999999.000,0.000,0.000,1.000,0,0,0,25,25,0,0,25,0.0,0.0,0.0,0.0,0.0,1.0,-1
"F[0,2](((Creatinine <= 0.056 | Temp >= 7.590) -> PaCO2 >= 0.122) -> BUN <= 19.148)
",-9999999.000,-9999999.000,0.000,0.000,1.000,0,0,0,25,25,0,0,25,0.0,0.0,0.0,0.0,0.0,1.0,-1
"F[1,2](((Temp >= 2.445 | Potassium >= 0.097) -> Chloride <= 1.089) & Fibrinogen >= 0.139)
",-9999999.000,-9999999.000,0.000,0.000,1.000,0,0,0,25,25,0,0,25,0.0,0.0,0.0,0.0,0.0,1.0,-1
"F[1,2](((Hct >= 0.577 -> MAP >= 67.673) -> Bilirubin_total <= 75.602) | Hgb <= 104.446)
",-9999999.000,-9999999.000,0.000,0.000,1.000,0,0,0,25,25,0,0,25,0.0,0.0,0.0,0.0,0.0,1.0,-1
"F[0,0](Chloride >= 1.580 -> MAP >= 65.306)
",-1.286,-48.176,0.000,0.000,1.000,0,0,0,25,25,0,0,25,0.0,0.0,0.0,0.0,0.0,1.0,-1
"F[0,2]((Calcium >= 0.182 -> Temp <= 18.243) | Resp >= 9.472)
",-9999999.000,-9999999.000,0.000,0.000,1.000,0,0,0,25,25,0,0,25,0.0,0.0,0.0,0.0,0.0,1.0,-1
"F[0,1]((SBP <= 151.253 -> FiO2 >= 0.042) -> Bilirubin_total <= 0.303)
",-9999999.000,-9999999.000,0.000,0.000,1.000,0,0,0,25,25,0,0,25,0.0,0.0,0.0,0.0,0.0,1.0,-1
"F[0,1]((FiO2 <= 0.169 & Hct >= 1.020) -> SepsisLabel <= 11.038)
",-9999999.000,-9999999.000,0.000,0.000,1.000,0,0,0,25,25,0,0,25,0.0,0.0,0.0,0.0,0.0,1.0,-1
"F[2,2]((Resp <= 21.459 -> PaCO2 <= 6.241) -> Bilirubin_total >= 1.724)
",1.724,1.724,0.000,0.000,1.000,0,0,0,25,25,0,0,25,0.0,0.0,0.0,0.0,0.0,1.0,-1
"F[0,2]((FiO2 >= 0.044 & Magnesium >= 0.030) | pH >= 0.060)
",-9999999.000,-9999999.000,0.000,0.000,1.000,0,0,0,25,25,0,0,25,0.0,0.0,0.0,0.0,0.0,1.0,-1
"F[0,1]((BaseExcess <= 1.538 & HR <= 87.036) | FiO2 >= 9.223)
",-9999999.000,-9999999.000,0.000,0.000,1.000,0,0,0,25,25,0,0,25,0.0,0.0,0.0,0.0,0.0,1.0,-1
"F[0,2]((DBP <= 83.904 | Phosphate >= 0.015) -> Fibrinogen >= 0.091)
",-9999999.000,-9999999.000,0.000,0.000,1.000,0,0,0,25,25,0,0,25,0.0,0.0,0.0,0.0,0.0,1.0,-1
"F[1,1](((DBP >= 23.922 | Hct >= 0.777) -> Chloride <= 15.546) | Potassium <= 4.319)
",4.319,4.319,0.000,0.000,1.000,0,0,0,25,25,0,0,25,0.0,0.0,0.0,0.0,0.0,1.0,-1
"F[2,2]((Calcium >= 0.205 | DBP <= 50.076) | Chloride <= 76.173)
",76.173,76.173,0.000,0.000,1.000,0,0,0,25,25,0,0,25,0.0,0.0,0.0,0.0,0.0,1.0,-1
"F[0,2](((FiO2 <= 0.219 -> O2Sat >= 69.799) | Resp >= 68.690) | WBC >= 18.730)
",-9999999.000,-9999999.000,0.000,0.000,1.000,0,0,0,25,25,0,0,25,0.0,0.0,0.0,0.0,0.0,1.0,-1
"F[0,1]((DBP <= 103.497 & Platelets >= 6.706) | BaseExcess <= 134.688)
",-9999999.000,-9999999.000,0.000,0.000,1.000,0,0,0,25,25,0,0,25,0.0,0.0,0.0,0.0,0.0,1.0,-1
"F[0,1](((BUN >= 0.308 | DBP >= 16.319) | Platelets <= 49.475) & Magnesium <= 58.111)
",-9999999.000,-9999999.000,0.000,0.000,1.000,0,0,0,25,25,0,0,25,0.0,0.0,0.0,0.0,0.0,1.0,-1
"F[2,2](HCO3 >= 0.159 & MAP >= 10.005)
",-10.005,-10.005,0.000,0.000,1.000,0,0,0,25,25,0,0,25,0.0,0.0,0.0,0.0,0.0,1.0,-1
"F[0,1]((PTT >= 0.301 -> Temp <= 18.923) | Bilirubin_direct <= 14.683)
",-9999999.000,-9999999.000,0.000,0.000,1.000,0,0,0,25,25,0,0,25,0.0,0.0,0.0,0.0,0.0,1.0,-1
"F[0,1]((Calcium <= 0.522 | Phosphate <= 2.324) | PTT <= 0.409)
",-9999999.000,-9999999.000,0.000,0.000,1.000,0,0,0,25,25,0,0,25,0.0,0.0,0.0,0.0,0.0,1.0,-1
"((HR >= 58.450) U[0,2] (PaCO2 <= 11.258))
",-9999999.000,-9999999.000,0.000,0.000,1.000,0,0,0,25,25,0,0,25,0.0,0.0,0.0,0.0,0.0,1.0,-1
"F[0,2](pH <= 2.014 & Resp >= 14.033)
",-9999999.000,-9999999.000,0.000,0.000,1.000,0,0,0,25,25,0,0,25,0.0,0.0,0.0,0.0,0.0,1.0,-1
"F[1,2](pH <= 3.193 | Resp <= 17.415)
",-9999999.000,-9999999.000,0.000,0.000,1.000,0,0,0,25,25,0,0,25,0.0,0.0,0.0,0.0,0.0,1.0,-1
"F[2,2]((DBP <= 90.978 | FiO2 >= 0.037) -> PaCO2 <= 0.152)
",-90.978,-90.978,0.000,0.000,1.000,0,0,0,25,25,0,0,25,0.0,0.0,0.0,0.0,0.0,1.0,-1
"G[2,2]((O2Sat >= 32.266 | BaseExcess <= 5.283) & Resp <= 2.117)
",2.117,2.117,0.000,1.000,0.000,0,0,25,0,0,25,25,0,0.0,0.0,1.0,0.0,0.0,1.0,1
"G[2,2](Platelets <= 71.605 -> Resp >= 0.021)
",-71.605,-71.605,0.000,1.000,0.000,0,0,25,0,0,25,25,0,0.0,0.0,1.0,0.0,0.0,1.0,1
"G[0,2](BaseExcess >= 0.189 -> Resp <= 19.785)
",9999999.000,9999999.000,0.000,1.000,0.000,0,0,24,1,1,24,24,1,0.0,0.0,1.0,0.0,0.0,1.0,1
"G[1,2]((HR <= 97.646 & MAP >= 16.090) & DBP <= 113.955)
",9999999.000,9999999.000,0.000,1.000,0.000,0,0,23,2,2,23,23,2,0.0,0.0,1.0,0.0,0.0,1.0,1
"G[0,0](Potassium >= 0.013 & PTT <= 16.156)
",0.181,0.087,0.000,1.000,0.000,0,0,0,25,25,0,0,25,0.0,0.0,0.0,0.0,0.0,1.0,1
"G[0,0]((Glucose <= 16.360 | Potassium >= 0.106) & Bilirubin_total >= 0.026)
",0.168,0.108,0.000,1.000,0.000,0,0,0,25,25,0,0,25,0.0,0.0,0.0,0.0,0.0,1.0,1
"G[1,1](Glucose <= 117.736 & Hct >= 0.660)
",-0.660,-0.660,0.000,1.000,0.000,0,0,1,24,24,1,1,24,0.0,0.0,1.0,0.0,0.0,1.0,1
"G[0,1](Glucose >= 4.388 | HCO3 >= 0.899)
",9999999.000,9999999.000,0.000,1.000,0.000,0,0,0,25,25,0,0,25,0.0,0.0,0.0,0.0,0.0,1.0,1
"G[0,1](BaseExcess >= 0.004 & pH >= 0.303)
",9999999.000,9999999.000,0.000,1.000,0.000,0,0,0,25,25,0,0,25,0.0,0.0,0.0,0.0,0.0,1.0,1
"G[0,2](BUN <= 3.223 -> HCO3 >= 0.353)
",9999999.000,9999999.000,0.000,1.000,0.000,0,0,0,25,25,0,0,25,0.0,0.0,0.0,0.0,0.0,1.0,1
"G[1,2](((BUN <= 1.604 -> Phosphate <= 2.364) -> SBP <= 2.108) -> WBC >= 0.056)
",9999999.000,9999999.000,0.000,1.000,0.000,0,0,19,6,6,19,19,6,0.0,0.0,1.0,0.0,0.0,1.0,1
"G[0,2](((BUN <= 5.272 -> Magnesium >= 0.012) & pH <= 0.400) & Bilirubin_total <= 1.667)
",9999999.000,9999999.000,0.000,1.000,0.000,0,0,0,25,25,0,0,25,0.0,0.0,0.0,0.0,0.0,1.0,1
"G[1,2](((Magnesium >= 0.026 | pH >= 0.432) | BUN >= 0.245) -> HCO3 <= 1.865)
",9999999.000,9999999.000,0.000,1.000,0.000,0,0,24,1,1,24,24,1,0.0,0.0,1.0,0.0,0.0,1.0,1
"G[1,2]((PaCO2 <= 33.321 -> SBP <= 98.838) | DBP >= 27.625)
",9999999.000,9999999.000,0.000,1.000,0.000,0,0,25,0,0,25,25,0,0.0,0.0,1.0,0.0,0.0,1.0,1
"G[0,2]((BaseExcess >= 0.248 -> Platelets >= 3.605) | WBC >= 6.163)
",9999999.000,9999999.000,0.000,1.000,0.000,0,0,22,3,3,22,22,3,0.0,0.0,1.0,0.0,0.0,1.0,1
"G[2,2](BaseExcess <= 3.341 | Calcium >= 0.114)
",7524331129742773.000,3.341,0.000,1.000,0.000,0,0,25,0,0,25,25,0,0.0,0.0,1.0,0.0,0.0,1.0,1
"G[1,2]((DBP <= 92.176 -> PTT >= 0.083) -> Creatinine >= 0.794)
",9999999.000,9999999.000,0.000,1.000,0.000,0,0,23,2,2,23,23,2,0.0,0.0,1.0,0.0,0.0,1.0,1
"G[1,2](Glucose >= 5.576 -> Resp <= 19.341)
",9999999.000,9999999.000,0.000,1.000,0.000,0,0,24,1,1,24,24,1,0.0,0.0,1.0,0.0,0.0,1.0,1
"G[0,0](((FiO2 >= 0.011 & Potassium <= 1.285) & Alkalinephos >= 0.105) & pH >= 0.018)
",-0.731,-0.147,0.000,1.000,0.000,0,0,0,25,25,0,0,25,0.0,0.0,0.0,0.0,0.0,1.0,1
"G[2,2]((FiO2 <= 0.123 -> Hgb >= 0.355) & Phosphate >= 0.117)
",-0.123,-0.123,0.000,1.000,0.000,0,0,25,0,0,25,25,0,0.0,0.0,1.0,0.0,0.0,1.0,1
"G[0,2](FiO2 >= 0.007 & HCO3 >= 0.437)
",9999999.000,9999999.000,0.000,1.000,0.000,0,0,0,25,25,0,0,25,0.0,0.0,0.0,0.0,0.0,1.0,1
"G[0,2]((Chloride <= 27.290 | FiO2 <= 0.255) -> Hgb <= 0.060)
",9999999.000,9999999.000,0.000,1.000,0.000,0,0,23,2,2,23,23,2,0.0,0.0,1.0,0.0,0.0,1.0,1
"G[1,2](((DBP >= 8.701 & WBC <= 3.496) -> Lactate <= 1.527) | Glucose <= 5.500)
",9999999.000,9999999.000,0.000,1.000,0.000,0,0,25,0,0,25,25,0,0.0,0.0,1.0,0.0,0.0,1.0,1
"G[0,2]((Glucose <= 11.671 | O2Sat >= 16.698) -> BaseExcess <= 96.618)
",9999999.000,9999999.000,0.000,1.000,0.000,0,0,25,0,0,25,25,0,0.0,0.0,1.0,0.0,0.0,1.0,1
"G[0,2](((DBP >= 18.355 -> Hgb <= 6.679) & Bilirubin_total <= 2.284) -> Calcium <= 3.335)
",9999999.000,9999999.000,0.000,1.000,0.000,0,0,25,0,0,25,25,0,0.0,0.0,1.0,0.0,0.0,1.0,1
"G[0,1](DBP >= 7.995 & Potassium >= 0.140)
",9999999.000,9999999.000,0.000,1.000,0.000,0,0,0,25,25,0,0,25,0.0,0.0,0.0,0.0,0.0,1.0,1
"G[1,2]((Creatinine >= 0.002 & DBP <= 102.329) -> BaseExcess >= 2.018)
",9999999.000,9999999.000,0.000,1.000,0.000,0,0,24,1,1,24,24,1,0.0,0.0,1.0,0.0,0.0,1.0,1
"G[0,2](((Platelets <= 41.998 & PTT <= 34.067) | SBP >= 0.474) -> Fibrinogen >= 0.750)
",9999999.000,9999999.000,0.000,1.000,0.000,0,0,0,25,25,0,0,25,0.0,0.0,0.0,0.0,0.0,1.0,1
"G[0,2]((DBP <= 71.149 | MAP >= 19.152) | Bilirubin_total >= 26.564)
",9999999.000,9999999.000,0.000,1.000,0.000,0,0,25,0,0,25,25,0,0.0,0.0,1.0,0.0,0.0,1.0,1
"G[2,2](Calcium <= 5.706 & BUN >= 0.166)
",-0.166,-0.166,0.000,1.000,0.000,0,0,25,0,0,25,25,0,0.0,0.0,1.0,0.0,0.0,1.0,1
"G[2,2]((Magnesium <= 1.838 | PTT <= 24.712) & Fibrinogen <= 13.904)
",13.904,13.904,0.000,1.000,0.000,0,0,25,0,0,25,25,0,0.0,0.0,1.0,0.0,0.0,1.0,1
"G[1,2](Alkalinephos <= 0.000 | Lactate >= 0.029)
",9999999.000,9999999.000,0.000,1.000,0.000,0,0,25,0,0,25,25,0,0.0,0.0,1.0,0.0,0.0,1.0,1
"G[1,2](((Magnesium <= 1.751 | SBP <= 101.666) | AST <= 157.779) & O2Sat <= 122.781)
",9999999.000,9999999.000,0.000,1.000,0.000,0,0,25,0,0,25,25,0,0.0,0.0,1.0,0.0,0.0,1.0,1
"G[0,1](((Hgb <= 1.690 -> FiO2 <= 0.081) & MAP <= 0.132) & HR >= 0.047)
",9999999.000,9999999.000,0.000,1.000,0.000,0,0,0,25,25,0,0,25,0.0,0.0,0.0,0.0,0.0,1.0,1
"G[1,2](((BaseExcess <= 0.472 & PaCO2 >= 1.118) | Bilirubin_total <= 36.585) | BUN <= 22.321)
",9999999.000,9999999.000,0.000,1.000,0.000,0,0,25,0,0,25,25,0,0.0,0.0,1.0,0.0,0.0,1.0,1
"G[0,2](((SepsisLabel <= 0.000 -> Resp <= 16.604) -> Hgb <= 19.698) | Lactate <= 20.652)
",9999999.000,9999999.000,0.000,1.000,0.000,0,0,25,0,0,25,25,0,0.0,0.0,1.0,0.0,0.0,1.0,1
"G[0,2](O2Sat >= 36.611 | Temp >= 5.305)
",9999999.000,9999999.000,0.000,1.000,0.000,0,0,23,2,2,23,23,2,0.0,0.0,1.0,0.0,0.0,1.0,1
"G[0,2](PTT >= 0.149 | pH >= 0.103)
",9999999.000,9999999.000,0.000,1.000,0.000,0,0,0,25,25,0,0,25,0.0,0.0,0.0,0.0,0.0,1.0,1
"G[0,2](((SaO2 <= 0.000 -> Bilirubin_direct >= 0.000) | Glucose >= 0.000) | Hgb >= 0.000)
",9999999.000,9999999.000,0.000,1.000,0.000,0,0,25,0,0,25,25,0,0.0,0.0,1.0,0.0,0.0,1.0,1
"G[2,2](((Bilirubin_direct >= 0.000 | EtCO2 <= 0.000) & Phosphate >= 0.000) -> MAP <= 0.000)
",0.000,0.000,0.000,1.000,0.000,0,0,25,0,0,25,25,0,0.0,0.0,1.0,0.0,0.0,1.0,1
"G[0,1](PTT >= 0.040 & SBP >= 93.794)
",9999999.000,9999999.000,0.000,1.000,0.000,0,0,0,25,25,0,0,25,0.0,0.0,0.0,0.0,0.0,1.0,1
"G[0,2](Calcium <= 5.995 | pH >= 0.235)
",9999999.000,9999999.000,0.000,1.000,0.000,0,0,24,1,1,24,24,1,0.0,0.0,1.0,0.0,0.0,1.0,1
"G[0,1](pH >= 0.170 & Potassium <= 0.919)
",9999999.000,9999999.000,0.000,1.000,0.000,0,0,0,25,25,0,0,25,0.0,0.0,0.0,0.0,0.0,1.0,1
"G[0,0](HCO3 >= 1.073 & PaCO2 <= 22.814)
",-1.225,-0.865,0.000,1.000,0.000,0,0,0,25,25,0,0,25,0.0,0.0,0.0,0.0,0.0,1.0,1
"G[1,2](((Glucose <= 46.467 -> Lactate <= 0.994) | HCO3 <= 1.015) | BUN <= 1.181)
",9999999.000,9999999.000,0.000,1.000,0.000,0,0,25,0,0,25,25,0,0.0,0.0,1.0,0.0,0.0,1.0,1
"G[2,2](((Magnesium >= 0.004 -> PaCO2 >= 0.446) -> Lactate >= 0.770) -> HR <= 23.102)
",-23.102,-23.102,0.000,1.000,0.000,0,0,25,0,0,25,25,0,0.0,0.0,1.0,0.0,0.0,1.0,1
"G[0,1]((Creatinine <= 0.450 & pH >= 0.194) & FiO2 <= 3.513)
",9999999.000,9999999.000,0.000,1.000,0.000,0,0,0,25,25,0,0,25,0.0,0.0,0.0,0.0,0.0,1.0,1
"G[1,2](((Hgb >= 0.240 | PaCO2 >= 1.897) | SaO2 >= 2.249) & DBP <= 13.394)
",9999999.000,9999999.000,0.000,1.000,0.000,0,0,1,24,24,1,1,24,0.0,0.0,1.0,0.0,0.0,1.0,1
"G[1,2]((BaseExcess >= 0.114 -> Glucose <= 76.457) | MAP <= 64.067)
",9999999.000,9999999.000,0.000,1.000,0.000,0,0,25,0,0,25,25,0,0.0,0.0,1.0,0.0,0.0,1.0,1
"G[0,2](((BUN <= 3.118 & pH >= 0.424) & Resp >= 0.347) | DBP >= 0.071)
",9999999.000,9999999.000,0.000,1.000,0.000,0,0,16,9,9,16,16,9,0.0,0.0,1.0,0.0,0.0,1.0,1
"G[1,2]((FiO2 >= 0.017 & Temp >= 3.933) | BUN >= 2.102)
",9999999.000,9999999.000,0.000,1.000,0.000,0,0,6,19,19,6,6,19,0.0,0.0,1.0,0.0,0.0,1.0,1
"G[0,2](((HR <= 89.022 & O2Sat >= 11.984) & Resp <= 94.668) | Hct >= 36.186)
",9999999.000,9999999.000,0.000,1.000,0.000,0,0,18,7,7,18,18,7,0.0,0.0,1.0,0.0,0.0,1.0,1
"G[0,2](((HCO3 <= 15.754 & PTT >= 0.757) & Calcium >= 0.836) -> SepsisLabel <= 7.039)
",9999999.000,9999999.000,0.000,1.000,0.000,0,0,25,0,0,25,25,0,0.0,0.0,1.0,0.0,0.0,1.0,1
"G[2,2](((Lactate >= 0.024 -> PaCO2 <= 4.685) & SepsisLabel >= 0.837) & Chloride <= 31.560)
",-4.685,-4.685,0.000,1.000,0.000,0,0,25,0,0,25,25,0,0.0,0.0,1.0,0.0,0.0,1.0,1
"F[0,2](MAP <= 84.283 -> PaCO2 <= 26.525)
",-9999999.000,-9999999.000,0.000,0.000,1.000,0,0,0,25,25,0,0,25,0.0,0.0,0.0,0.0,0.0,1.0,-1
