Rule,Discrimination Score,Pos Robustness,Neg Robustness,Percent Class +,Percent Class -,TP,TN,FP,FN,Actual Yes,Actual No,Predicted Yes,Predicted No,TPR/Sens,TNR/Spec,FPR,Precision,Accuracy,MCR
"G[0,0]((SaO2 <= 0.000 | HR <= 90.707) & FiO2 <= 93.150)
",0.000,0.000,0.000,1.000,0.000,21,0,0,0,21,0,21,0,1.0,0.0,0.0,1.0,1.024390243902439,-0.024390243902439046
"G[0,0]((Hct >= 0.234 | Hgb >= 0.077) | SepsisLabel <= 9.764)
",2.123,10.947,0.000,1.000,0.000,21,0,0,0,21,0,21,0,1.0,0.0,0.0,1.0,1.024390243902439,-0.024390243902439046
"G[0,0](((SaO2 >= 0.000 & Magnesium <= 1.288) -> Bilirubin_direct <= 2.324) -> FiO2 <= 2.006)
",-2.378,-1.830,0.000,1.000,0.000,21,0,0,0,21,0,21,0,1.0,0.0,0.0,1.0,1.024390243902439,-0.024390243902439046
"G[0,0](((BUN <= 14.693 -> Hgb <= 10.802) | Hgb <= 9.095) | Resp <= 5.763)
",8.237,9.356,0.000,1.000,0.000,21,0,0,0,21,0,21,0,1.0,0.0,0.0,1.0,1.024390243902439,-0.024390243902439046
"G[0,0]((BaseExcess <= 0.000 | Chloride <= 22.038) | TroponinI >= 2.169)
",11.953,21.623,0.000,1.000,0.000,21,0,0,0,21,0,21,0,1.0,0.0,0.0,1.0,1.024390243902439,-0.024390243902439046
"G[0,0](((WBC <= 6.427 -> Chloride <= 46.267) | MAP <= 86.760) -> SaO2 <= 23.351)
",-6572771090872828.000,-23.351,0.000,1.000,0.000,21,0,0,0,21,0,21,0,1.0,0.0,0.0,1.0,1.024390243902439,-0.024390243902439046
"G[0,0]((Fibrinogen >= 0.000 | EtCO2 <= 0.000) & Temp >= 0.000)
",0.229,0.755,0.000,1.000,0.000,21,0,0,0,21,0,21,0,1.0,0.0,0.0,1.0,1.024390243902439,-0.024390243902439046
"G[0,0](((FiO2 <= 0.000 & FiO2 >= 0.000) | SaO2 <= 0.000) | Platelets <= 0.000)
",0.000,0.000,0.000,1.000,0.000,21,0,0,0,21,0,21,0,1.0,0.0,0.0,1.0,1.024390243902439,-0.024390243902439046
"G[0,0](Alkalinephos >= 5.532 -> MAP >= 10.000)
",-12.372,-126.100,0.000,1.000,0.000,21,0,0,0,21,0,21,0,1.0,0.0,0.0,1.0,1.024390243902439,-0.024390243902439046
"G[0,0]((Potassium <= 3.480 -> SBP >= 56.714) -> BUN <= 153.320)
",-24.029,-151.870,0.000,1.000,0.000,21,0,0,0,21,0,21,0,1.0,0.0,0.0,1.0,1.024390243902439,-0.024390243902439046
"G[0,0](FiO2 <= 0.000 & SepsisLabel = 0.000)
",-0.229,-12.200,0.000,1.000,0.000,21,0,0,0,21,0,21,0,1.0,0.0,0.0,1.0,1.024390243902439,-0.024390243902439046
"G[0,0](((Creatinine >= 0.029 -> Magnesium <= 1.592) -> O2Sat <= 0.688) -> BUN <= 1.683)
",-0.336,-5.314,0.000,1.000,0.000,21,0,0,0,21,0,21,0,1.0,0.0,0.0,1.0,1.024390243902439,-0.024390243902439046
"G[0,0]((Phosphate >= 0.063 | WBC <= 5.503) | EtCO2 >= 0.342)
",4.498,20.101,0.000,1.000,0.000,21,0,0,0,21,0,21,0,1.0,0.0,0.0,1.0,1.024390243902439,-0.024390243902439046
"G[0,0](Bilirubin_direct <= 0.000 | Phosphate <= 2.456)
",4.467,2.336,0.000,1.000,0.000,21,0,0,0,21,0,21,0,1.0,0.0,0.0,1.0,1.024390243902439,-0.024390243902439046
"G[0,0](((Hgb <= 3.561 | Lactate >= 0.000) | SepsisLabel <= 0.000) | BaseExcess >= 0.000)
",0.384,8.833,0.000,1.000,0.000,21,0,0,0,21,0,21,0,1.0,0.0,0.0,1.0,1.024390243902439,-0.024390243902439046
"G[0,1](((Potassium <= 1.632 | Resp >= 4.122) & Hct <= 23.650) | Glucose >= 9.438)
",9999999.000,9999999.000,0.000,1.000,0.000,20,0,1,0,20,1,21,0,1.0,0.0,1.0,0.9523809523809523,0.975609756097561,0.024390243902439046
"G[1,1]((Alkalinephos >= 2.479 -> Glucose >= 3.950) | Glucose >= 2.067)
",5583260796848484.000,2.479,0.000,1.000,0.000,20,0,1,0,20,1,21,0,1.0,0.0,1.0,0.9523809523809523,0.975609756097561,0.024390243902439046
"G[0,1](((AST >= 0.489 | Hgb <= 2.957) | Hct >= 0.132) | O2Sat >= 0.282)
",9999999.000,9999999.000,0.000,1.000,0.000,20,0,1,0,20,1,21,0,1.0,0.0,1.0,0.9523809523809523,0.975609756097561,0.024390243902439046
"G[0,0]((AST <= 16.050 | Phosphate >= 0.073) | BaseExcess >= 0.046)
",4517654197593922.000,16.050,0.000,1.000,0.000,20,0,0,1,21,0,20,1,0.9523809523809523,0.0,0.0,1.0,0.975609756097561,0.024390243902439046
"G[0,1](EtCO2 <= 0.000 & SepsisLabel = 0.000)
",9999999.000,9999999.000,0.000,1.000,0.000,20,0,1,0,20,1,21,0,1.0,0.0,1.0,0.9523809523809523,0.975609756097561,0.024390243902439046
"G[1,1](AST >= 1.434 | WBC <= 5.984)
",6737321915705203.000,5.984,0.000,1.000,0.000,20,0,1,0,20,1,21,0,1.0,0.0,1.0,0.9523809523809523,0.975609756097561,0.024390243902439046
"G[0,1](SBP >= 117.646 -> pH <= 0.000)
",9999999.000,9999999.000,0.000,1.000,0.000,20,0,1,0,20,1,21,0,1.0,0.0,1.0,0.9523809523809523,0.975609756097561,0.024390243902439046
"G[0,1](((Potassium >= 0.012 | PTT <= 11.680) & Lactate >= 0.841) -> Fibrinogen >= 0.435)
",9999999.000,9999999.000,0.000,1.000,0.000,20,0,1,0,20,1,21,0,1.0,0.0,1.0,0.9523809523809523,0.975609756097561,0.024390243902439046
"G[1,1](Hgb >= 0.235 -> Magnesium >= 0.083)
",5978789538661364.000,0.083,0.000,1.000,0.000,20,0,1,0,20,1,21,0,1.0,0.0,1.0,0.9523809523809523,0.975609756097561,0.024390243902439046
"G[0,0](BUN >= 1.153 | Resp <= 27.882)
",3923986490541010.500,27.882,0.000,1.000,0.000,20,0,0,1,21,0,20,1,0.9523809523809523,0.0,0.0,1.0,0.975609756097561,0.024390243902439046
"G[1,1](HR <= 95.151 | PTT >= 0.453)
",6695655724481908.000,95.151,0.000,1.000,0.000,20,0,1,0,20,1,21,0,1.0,0.0,1.0,0.9523809523809523,0.975609756097561,0.024390243902439046
"G[1,1](((Calcium >= 0.144 & Hgb >= 0.540) -> Bilirubin_direct <= 5.204) | MAP >= 0.126)
",-4530238601605502.000,-0.126,0.000,1.000,0.000,20,0,1,0,20,1,21,0,1.0,0.0,1.0,0.9523809523809523,0.975609756097561,0.024390243902439046
"G[0,1]((Calcium <= 6.189 & Platelets <= 27.089) -> Potassium <= 168.289)
",9999999.000,9999999.000,0.000,1.000,0.000,20,0,1,0,20,1,21,0,1.0,0.0,1.0,0.9523809523809523,0.975609756097561,0.024390243902439046
"G[0,1](((Fibrinogen <= 0.000 | BaseExcess <= 0.000) & Bilirubin_direct <= 0.000) | SBP >= 0.000)
",9999999.000,9999999.000,0.000,1.000,0.000,20,0,1,0,20,1,21,0,1.0,0.0,1.0,0.9523809523809523,0.975609756097561,0.024390243902439046
"G[0,1](PTT <= 21.014 | Temp <= 32.827)
",9999999.000,9999999.000,0.000,1.000,0.000,20,0,1,0,20,1,21,0,1.0,0.0,1.0,0.9523809523809523,0.975609756097561,0.024390243902439046
"G[1,1]((HCO3 <= 13.144 & Magnesium <= 0.609) | HR >= 0.026)
",0.609,0.609,0.000,1.000,0.000,20,0,1,0,20,1,21,0,1.0,0.0,1.0,0.9523809523809523,0.975609756097561,0.024390243902439046
"G[0,1](Calcium <= 0.419 | SBP <= 154.304)
",9999999.000,9999999.000,0.000,1.000,0.000,20,0,1,0,20,1,21,0,1.0,0.0,1.0,0.9523809523809523,0.975609756097561,0.024390243902439046
"G[1,1]((pH <= 0.000 -> Chloride >= 0.053) -> Resp <= 23.993)
",-6753304464034196.000,-23.993,0.000,1.000,0.000,20,0,1,0,20,1,21,0,1.0,0.0,1.0,0.9523809523809523,0.975609756097561,0.024390243902439046
"G[0,1]((Fibrinogen >= 0.000 -> Bilirubin_direct <= 0.000) | PTT <= 0.000)
",9999999.000,9999999.000,0.000,1.000,0.000,20,0,1,0,20,1,21,0,1.0,0.0,1.0,0.9523809523809523,0.975609756097561,0.024390243902439046
"G[0,1](((Potassium >= 0.054 & SepsisLabel >= 0.000) -> Phosphate >= 0.000) | PTT <= 0.000)
",9999999.000,9999999.000,0.000,1.000,0.000,20,0,1,0,20,1,21,0,1.0,0.0,1.0,0.9523809523809523,0.975609756097561,0.024390243902439046
"G[1,1](((O2Sat <= 98.425 -> Fibrinogen <= 0.000) | Creatinine <= 0.000) -> pH <= 0.000)
",0.000,0.000,0.000,1.000,0.000,20,0,1,0,20,1,21,0,1.0,0.0,1.0,0.9523809523809523,0.975609756097561,0.024390243902439046
"G[1,1]((AST <= 5.633 | Potassium >= 0.311) & TroponinI <= 3.556)
",8006463541683938.000,3.556,0.000,1.000,0.000,20,0,1,0,20,1,21,0,1.0,0.0,1.0,0.9523809523809523,0.975609756097561,0.024390243902439046
"G[0,1](((BUN <= 26.989 -> BaseExcess <= 0.000) | PaCO2 <= 0.000) & BaseExcess <= 0.000)
",9999999.000,9999999.000,0.000,1.000,0.000,20,0,1,0,20,1,21,0,1.0,0.0,1.0,0.9523809523809523,0.975609756097561,0.024390243902439046
"G[0,1](((MAP >= 8.994 | PTT <= 32.075) & Resp >= 1.862) -> HR >= 1.124)
",9999999.000,9999999.000,0.000,1.000,0.000,20,0,1,0,20,1,21,0,1.0,0.0,1.0,0.9523809523809523,0.975609756097561,0.024390243902439046
"G[0,1](((FiO2 <= 0.000 & Temp >= 4.962) | Magnesium <= 20.346) | BaseExcess >= 0.116)
",9999999.000,9999999.000,0.000,1.000,0.000,20,0,1,0,20,1,21,0,1.0,0.0,1.0,0.9523809523809523,0.975609756097561,0.024390243902439046
"G[0,1](((PaCO2 >= 0.000 | Chloride >= 2.371) & EtCO2 >= 1.372) -> Resp >= 2.204)
",9999999.000,9999999.000,0.000,1.000,0.000,20,0,1,0,20,1,21,0,1.0,0.0,1.0,0.9523809523809523,0.975609756097561,0.024390243902439046
"G[1,1]((SaO2 >= 0.000 -> Platelets >= 5.257) -> Potassium <= 20.344)
",-20.344,-20.344,0.000,1.000,0.000,20,0,1,0,20,1,21,0,1.0,0.0,1.0,0.9523809523809523,0.975609756097561,0.024390243902439046
"G[0,1](((Hct >= 0.065 | Potassium <= 3.374) | Chloride >= 0.047) | Fibrinogen <= 0.599)
",9999999.000,9999999.000,0.000,1.000,0.000,20,0,1,0,20,1,21,0,1.0,0.0,1.0,0.9523809523809523,0.975609756097561,0.024390243902439046
"G[0,1](((MAP >= 48.991 -> DBP >= 0.000) | SaO2 >= 0.000) | Bilirubin_direct >= 0.000)
",9999999.000,9999999.000,0.000,1.000,0.000,20,0,1,0,20,1,21,0,1.0,0.0,1.0,0.9523809523809523,0.975609756097561,0.024390243902439046
"G[0,1]((MAP <= 76.182 -> Platelets <= 70.776) | BUN >= 4.474)
",9999999.000,9999999.000,0.000,1.000,0.000,20,0,1,0,20,1,21,0,1.0,0.0,1.0,0.9523809523809523,0.975609756097561,0.024390243902439046
"G[1,1]((Bilirubin_total <= 0.496 & Hgb >= 0.370) -> AST >= 0.427)
",0.370,0.370,0.000,1.000,0.000,20,0,1,0,20,1,21,0,1.0,0.0,1.0,0.9523809523809523,0.975609756097561,0.024390243902439046
"G[0,1]((EtCO2 <= 0.000 | Chloride >= 0.097) & Resp <= 65.865)
",9999999.000,9999999.000,0.000,1.000,0.000,20,0,1,0,20,1,21,0,1.0,0.0,1.0,0.9523809523809523,0.975609756097561,0.024390243902439046
"G[1,1]((Fibrinogen <= 0.000 | HR <= 98.577) -> AST <= 98.686)
",-6944405287703692.000,-98.686,0.000,1.000,0.000,20,0,1,0,20,1,21,0,1.0,0.0,1.0,0.9523809523809523,0.975609756097561,0.024390243902439046
"G[1,1]((BUN >= 0.977 | SBP <= 153.101) | Bilirubin_total <= 153.919)
",5415544370182366.000,153.919,0.000,1.000,0.000,20,0,1,0,20,1,21,0,1.0,0.0,1.0,0.9523809523809523,0.975609756097561,0.024390243902439046
"G[1,1](Chloride >= 1.524 -> MAP <= 78.224)
",-5504529033086091.000,-78.224,0.000,1.000,0.000,19,0,1,1,20,1,20,1,0.95,0.0,1.0,0.95,0.926829268292683,0.07317073170731703
"G[0,1]((AST <= 9.212 | Chloride >= 0.355) | Lactate >= 0.021)
",9999999.000,9999999.000,0.000,1.000,0.000,19,0,1,1,20,1,20,1,0.95,0.0,1.0,0.95,0.926829268292683,0.07317073170731703
"G[1,1](Bilirubin_total <= 0.145 -> Temp <= 19.860)
",-19.860,-19.860,0.000,1.000,0.000,19,0,1,1,20,1,20,1,0.95,0.0,1.0,0.95,0.926829268292683,0.07317073170731703
"G[0,1](((O2Sat <= 97.432 | SBP >= 57.683) & HR >= 27.273) | Lactate >= 71.703)
",9999999.000,9999999.000,0.000,1.000,0.000,19,0,1,1,20,1,20,1,0.95,0.0,1.0,0.95,0.926829268292683,0.07317073170731703
"G[1,1](((TroponinI <= 0.000 & SaO2 >= 0.000) -> TroponinI <= 0.000) & Temp <= 0.000)
",0.000,0.000,0.000,1.000,0.000,19,0,1,1,20,1,20,1,0.95,0.0,1.0,0.95,0.926829268292683,0.07317073170731703
"G[0,1](((WBC <= 4.504 & FiO2 >= 0.000) -> EtCO2 <= 0.000) & Magnesium <= 0.000)
",9999999.000,9999999.000,0.000,1.000,0.000,18,0,1,2,20,1,19,2,0.9,0.0,1.0,0.9473684210526315,0.8780487804878049,0.12195121951219512
"G[0,1](((Platelets >= 11.415 & Calcium <= 1.442) -> pH <= 1.916) -> Platelets <= 2.742)
",9999999.000,9999999.000,0.000,1.000,0.000,18,0,1,2,20,1,19,2,0.9,0.0,1.0,0.9473684210526315,0.8780487804878049,0.12195121951219512
"G[1,1](((Creatinine >= 0.036 & Hgb <= 4.685) | MAP <= 7.961) -> Creatinine >= 0.285)
",-2987808803197679.000,-7.961,0.000,1.000,0.000,18,0,1,2,20,1,19,2,0.9,0.0,1.0,0.9473684210526315,0.8780487804878049,0.12195121951219512
"G[1,1](AST >= 1.622 -> Potassium <= 1.641)
",-1.641,-1.641,0.000,1.000,0.000,18,0,1,2,20,1,19,2,0.9,0.0,1.0,0.9473684210526315,0.8780487804878049,0.12195121951219512
"G[0,1]((Hct <= 25.359 | Platelets <= 108.203) & SepsisLabel <= 49.932)
",9999999.000,9999999.000,0.000,1.000,0.000,18,0,1,2,20,1,19,2,0.9,0.0,1.0,0.9473684210526315,0.8780487804878049,0.12195121951219512
"G[0,1](((HR <= 109.118 | HCO3 <= 20.660) & Resp <= 3.442) -> O2Sat <= 7.217)
",9999999.000,9999999.000,0.000,1.000,0.000,18,0,1,2,20,1,19,2,0.9,0.0,1.0,0.9473684210526315,0.8780487804878049,0.12195121951219512
"G[0,1]((Resp >= 10.678 | PaCO2 <= 0.000) -> HCO3 <= 0.000)
",9999999.000,9999999.000,0.000,1.000,0.000,18,0,1,2,20,1,19,2,0.9,0.0,1.0,0.9473684210526315,0.8780487804878049,0.12195121951219512
"G[0,1]((HCO3 <= 22.242 | Bilirubin_total <= 0.245) | Temp >= 0.025)
",9999999.000,9999999.000,0.000,1.000,0.000,18,0,1,2,20,1,19,2,0.9,0.0,1.0,0.9473684210526315,0.8780487804878049,0.12195121951219512
"G[0,1](Phosphate <= 0.645 | Temp >= 1.044)
",9999999.000,9999999.000,0.000,1.000,0.000,18,0,1,2,20,1,19,2,0.9,0.0,1.0,0.9473684210526315,0.8780487804878049,0.12195121951219512
"G[1,1](((Calcium >= 0.123 | DBP >= 0.000) & pH <= 0.000) -> Bilirubin_total <= 0.000)
",0.000,0.000,0.000,1.000,0.000,18,0,1,2,20,1,19,2,0.9,0.0,1.0,0.9473684210526315,0.8780487804878049,0.12195121951219512
"G[1,1]((Phosphate <= 2.643 & Resp <= 25.659) & O2Sat >= 3.425)
",-7712870297191042.000,-3.425,0.000,1.000,0.000,18,0,1,2,20,1,19,2,0.9,0.0,1.0,0.9473684210526315,0.8780487804878049,0.12195121951219512
"G[1,1](((Chloride <= 74.931 -> WBC <= 14.769) & Alkalinephos <= 12.852) | Hgb <= 7.802)
",4392155625720421.000,7.802,0.000,1.000,0.000,18,0,1,2,20,1,19,2,0.9,0.0,1.0,0.9473684210526315,0.8780487804878049,0.12195121951219512
"G[0,1](((Hct >= 0.479 | MAP >= 20.008) & Glucose >= 29.328) -> HR <= 73.637)
",9999999.000,9999999.000,0.000,1.000,0.000,18,0,1,2,20,1,19,2,0.9,0.0,1.0,0.9473684210526315,0.8780487804878049,0.12195121951219512
"G[0,1](HCO3 < 20.462 & SepsisLabel = 0.000)
",9999999.000,9999999.000,0.000,1.000,0.000,18,0,1,2,20,1,19,2,0.9,0.0,1.0,0.9473684210526315,0.8780487804878049,0.12195121951219512
"G[1,1]((Chloride >= 2.804 -> Glucose >= 2.898) -> PTT <= 20.606)
",-20.606,-20.606,0.000,1.000,0.000,18,0,1,2,20,1,19,2,0.9,0.0,1.0,0.9473684210526315,0.8780487804878049,0.12195121951219512
"G[0,1]((O2Sat >= 52.789 | HCO3 <= 11.287) -> Resp >= 0.069)
",9999999.000,9999999.000,0.000,1.000,0.000,17,0,1,3,20,1,18,3,0.85,0.0,1.0,0.9444444444444444,0.8292682926829268,0.1707317073170732
"G[0,1]((HR <= 101.665 -> Resp >= 9.408) | Resp >= 9.885)
",9999999.000,9999999.000,0.000,1.000,0.000,17,0,1,3,20,1,18,3,0.85,0.0,1.0,0.9444444444444444,0.8292682926829268,0.1707317073170732
"G[0,1](((HCO3 >= 0.421 -> DBP >= 0.000) | Lactate >= 0.000) & AST <= 0.000)
",9999999.000,9999999.000,0.000,1.000,0.000,17,0,1,3,20,1,18,3,0.85,0.0,1.0,0.9444444444444444,0.8292682926829268,0.1707317073170732
"G[0,1](Bilirubin_total <= 0.694 & Resp <= 26.612)
",9999999.000,9999999.000,0.000,1.000,0.000,17,0,1,3,20,1,18,3,0.85,0.0,1.0,0.9444444444444444,0.8292682926829268,0.1707317073170732
"G[0,1](((Chloride <= 21.931 | EtCO2 >= 0.000) | Alkalinephos >= 0.000) -> Alkalinephos <= 0.000)
",9999999.000,9999999.000,0.000,1.000,0.000,17,0,1,3,20,1,18,3,0.85,0.0,1.0,0.9444444444444444,0.8292682926829268,0.1707317073170732
"G[0,0](Resp >= 16.624 -> Temp >= 2.071)
",-95.267,-96.304,0.000,1.000,0.000,12,0,0,9,21,0,12,9,0.5714285714285714,0.0,0.0,1.0,0.5853658536585366,0.41463414634146345
"G[0,1]((Platelets >= 11.036 | Temp >= 7.060) -> TroponinI >= 8.251)
",9999999.000,9999999.000,0.000,1.000,0.000,8,0,1,12,20,1,9,12,0.4,0.0,1.0,0.8888888888888888,0.3902439024390244,0.6097560975609756
"G[1,1](((SBP <= 139.678 -> Phosphate >= 0.057) -> Chloride >= 0.043) -> Phosphate >= 0.136)
",-0.043,-0.043,0.000,1.000,0.000,7,0,1,13,20,1,8,13,0.35,0.0,1.0,0.875,0.34146341463414637,0.6585365853658536
"G[1,1]((Alkalinephos <= 54.267 & MAP <= 89.811) -> TroponinI >= 71.690)
",-7637451368424494.000,-54.267,0.000,1.000,0.000,5,0,1,15,20,1,6,15,0.25,0.0,1.0,0.8333333333333334,0.24390243902439024,0.7560975609756098
"G[1,1]((Alkalinephos >= 1.888 | Creatinine >= 0.022) & SepsisLabel <= 0.178)
",-0.022,-0.022,0.000,1.000,0.000,2,0,1,18,20,1,3,18,0.1,0.0,1.0,0.6666666666666666,0.0975609756097561,0.9024390243902439
"G[1,1](((Creatinine <= 0.347 & AST <= 16.878) -> Calcium >= 0.236) | Platelets >= 1.546)
",-6255801777107633.000,-0.347,0.000,1.000,0.000,2,0,1,18,20,1,3,18,0.1,0.0,1.0,0.6666666666666666,0.0975609756097561,0.9024390243902439
"G[0,0](((Platelets <= 51.549 & SBP >= 41.092) & Potassium <= 136.053) -> Alkalinephos >= 7.036)
",0.792,4.989,0.000,1.000,0.000,2,0,0,19,21,0,2,19,0.09523809523809523,0.0,0.0,1.0,0.0975609756097561,0.9024390243902439
"G[1,1](Chloride >= 3.592 & HCO3 >= 0.689)
",-8087946152444277.000,-3.592,0.000,1.000,0.000,2,0,1,18,20,1,3,18,0.1,0.0,1.0,0.6666666666666666,0.0975609756097561,0.9024390243902439
"G[1,1](((Hgb <= 9.653 | Hct <= 28.257) -> WBC >= 0.298) & Platelets >= 3.166)
",-28.257,-28.257,0.000,1.000,0.000,2,0,1,18,20,1,3,18,0.1,0.0,1.0,0.6666666666666666,0.0975609756097561,0.9024390243902439
"G[1,1](((HCO3 >= 0.559 -> Phosphate >= 0.134) -> HR >= 0.142) -> BUN >= 0.005)
",6133907258635422.000,0.005,0.000,1.000,0.000,2,0,1,18,20,1,3,18,0.1,0.0,1.0,0.6666666666666666,0.0975609756097561,0.9024390243902439
"G[1,1](Platelets <= 138.930 -> WBC >= 0.555)
",-138.930,-138.930,0.000,1.000,0.000,2,0,1,18,20,1,3,18,0.1,0.0,1.0,0.6666666666666666,0.0975609756097561,0.9024390243902439
"G[0,0]((Bilirubin_total >= 0.042 & O2Sat >= 59.335) | Fibrinogen >= 61.075)
",0.186,0.183,0.000,1.000,0.000,1,0,0,20,21,0,1,20,0.047619047619047616,0.0,0.0,1.0,0.04878048780487805,0.9512195121951219
"G[0,0](((Bilirubin_total <= 0.349 & Magnesium <= 1.111) & DBP >= 0.037) | Potassium >= 0.029)
",0.863,0.446,0.000,1.000,0.000,1,0,0,20,21,0,1,20,0.047619047619047616,0.0,0.0,1.0,0.04878048780487805,0.9512195121951219
"G[0,1]((Creatinine <= 0.445 & HR <= 85.845) -> Bilirubin_direct >= 6.615)
",9999999.000,9999999.000,0.000,1.000,0.000,1,0,0,20,21,0,1,20,0.047619047619047616,0.0,0.0,1.0,0.04878048780487805,0.9512195121951219
"G[0,1](((Creatinine >= 0.011 | Resp >= 13.358) | WBC >= 13.323) -> Chloride >= 15.072)
",9999999.000,9999999.000,0.000,1.000,0.000,1,0,0,20,21,0,1,20,0.047619047619047616,0.0,0.0,1.0,0.04878048780487805,0.9512195121951219
"G[1,2]((SBP >= 53.714 -> MAP >= 21.069) | Bilirubin_total >= 71.844)
",9999999.000,9999999.000,0.000,1.000,0.000,0,0,19,2,2,19,19,2,0.0,0.0,1.0,0.0,0.0,1.0
"G[1,2](((Hgb <= 7.205 | Hct <= 11.281) -> WBC >= 0.546) & Platelets >= 8.942)
",9999999.000,9999999.000,0.000,1.000,0.000,0,0,3,18,18,3,3,18,0.0,0.0,1.0,0.0,0.0,1.0
"G[1,2](((AST >= 1.955 -> Calcium >= 0.354) -> Calcium <= 6.408) -> Alkalinephos <= 7.303)
",9999999.000,9999999.000,0.000,1.000,0.000,0,0,21,0,0,21,21,0,0.0,0.0,1.0,0.0,0.0,1.0
"G[0,1](Lactate >= 0.000 & Hct >= 0.078)
",9999999.000,9999999.000,0.000,1.000,0.000,0,0,0,21,21,0,0,21,0.0,0.0,0.0,0.0,0.0,1.0
"G[0,1](Platelets <= 113.386 -> WBC >= 0.596)
",9999999.000,9999999.000,0.000,1.000,0.000,0,0,0,21,21,0,0,21,0.0,0.0,0.0,0.0,0.0,1.0
"G[0,2](Chloride >= 2.495 & HCO3 >= 0.100)
",9999999.000,9999999.000,0.000,1.000,0.000,0,0,0,21,21,0,0,21,0.0,0.0,0.0,0.0,0.0,1.0
"G[2,2](((Phosphate >= 0.086 & Bilirubin_direct <= 0.000) -> Chloride <= 0.000) | FiO2 <= 0.000)
",0.000,0.000,0.000,1.000,0.000,0,0,21,0,0,21,21,0,0.0,0.0,1.0,0.0,0.0,1.0
"G[2,2](((Temp <= 21.394 -> Bilirubin_direct >= 0.000) & HR <= 0.000) | AST >= 0.000)
",0.000,0.000,0.000,1.000,0.000,0,0,21,0,0,21,21,0,0.0,0.0,1.0,0.0,0.0,1.0
"G[1,2](((Alkalinephos <= 90.693 | Lactate <= 0.000) -> HR >= 0.000) | Alkalinephos <= 0.000)
",9999999.000,9999999.000,0.000,1.000,0.000,0,0,21,0,0,21,21,0,0.0,0.0,1.0,0.0,0.0,1.0
"G[0,1](BUN <= 21.045 & Creatinine >= 0.009)
",9999999.000,9999999.000,0.000,1.000,0.000,0,0,0,21,21,0,0,21,0.0,0.0,0.0,0.0,0.0,1.0
"G[0,1]((Chloride >= 1.504 -> Magnesium >= 0.009) & BaseExcess >= 0.034)
",9999999.000,9999999.000,0.000,1.000,0.000,0,0,0,21,21,0,0,21,0.0,0.0,0.0,0.0,0.0,1.0
"G[0,1](((Calcium >= 0.307 | Magnesium <= 1.127) | Fibrinogen <= 0.840) -> Bilirubin_direct >= 0.028)
",9999999.000,9999999.000,0.000,1.000,0.000,0,0,0,21,21,0,0,21,0.0,0.0,0.0,0.0,0.0,1.0
"G[0,1](((Hgb <= 6.051 | Hct <= 12.219) -> WBC >= 0.453) & Platelets >= 6.075)
",9999999.000,9999999.000,0.000,1.000,0.000,0,0,0,21,21,0,0,21,0.0,0.0,0.0,0.0,0.0,1.0
"G[2,2](((EtCO2 >= 0.000 & Alkalinephos >= 3.908) -> Lactate >= 6.605) & AST >= 6.070)
",-6.070,-6.070,0.000,1.000,0.000,0,0,21,0,0,21,21,0,0.0,0.0,1.0,0.0,0.0,1.0
"G[0,2](Hct >= 1.030 | AST >= 0.124)
",9999999.000,9999999.000,0.000,1.000,0.000,0,0,0,21,21,0,0,21,0.0,0.0,0.0,0.0,0.0,1.0
"G[0,2]((Temp <= 34.581 -> FiO2 <= 0.000) -> AST <= 0.000)
",9999999.000,9999999.000,0.000,1.000,0.000,0,0,18,3,3,18,18,3,0.0,0.0,1.0,0.0,0.0,1.0
"G[0,2](Chloride >= 2.221 & HCO3 >= 0.992)
",9999999.000,9999999.000,0.000,1.000,0.000,0,0,0,21,21,0,0,21,0.0,0.0,0.0,0.0,0.0,1.0
"G[0,1](BUN <= 5.476 & Creatinine >= 0.010)
",9999999.000,9999999.000,0.000,1.000,0.000,0,0,0,21,21,0,0,21,0.0,0.0,0.0,0.0,0.0,1.0
"G[0,0](((Hgb <= 0.577 | Hct <= 16.902) -> WBC >= 0.078) & Platelets >= 6.278)
",-4757613226197042.000,-16.902,0.000,1.000,0.000,0,0,0,21,21,0,0,21,0.0,0.0,0.0,0.0,0.0,1.0
"G[0,2](SepsisLabel >= 0.000 & AST <= 9.243)
",9999999.000,9999999.000,0.000,1.000,0.000,0,0,18,3,3,18,18,3,0.0,0.0,1.0,0.0,0.0,1.0
"G[2,2](((Platelets >= 7.259 | EtCO2 >= 0.000) & FiO2 <= 0.000) -> Platelets <= 0.000)
",0.000,0.000,0.000,1.000,0.000,0,0,21,0,0,21,21,0,0.0,0.0,1.0,0.0,0.0,1.0
"G[1,2]((Glucose >= 2.423 -> Hct <= 23.895) & Bilirubin_total >= 1.083)
",9999999.000,9999999.000,0.000,1.000,0.000,0,0,1,20,20,1,1,20,0.0,0.0,1.0,0.0,0.0,1.0
"G[1,1](BUN <= 11.094 & Creatinine >= 0.032)
",-4613848107803818.000,-0.032,0.000,1.000,0.000,0,0,1,20,20,1,1,20,0.0,0.0,1.0,0.0,0.0,1.0
"G[1,2](((Hgb <= 9.431 -> Temp <= 15.478) -> Glucose >= 4.477) -> Calcium <= 22.159)
",9999999.000,9999999.000,0.000,1.000,0.000,0,0,21,0,0,21,21,0,0.0,0.0,1.0,0.0,0.0,1.0
"G[2,2]((Hct <= 28.131 | Calcium <= 6.754) & Resp >= 0.116)
",-8329757673624803.000,-0.116,0.000,1.000,0.000,0,0,21,0,0,21,21,0,0.0,0.0,1.0,0.0,0.0,1.0
"G[1,2]((Hct >= 0.432 | Phosphate >= 0.083) | Bilirubin_total >= 0.091)
",9999999.000,9999999.000,0.000,1.000,0.000,0,0,3,18,18,3,3,18,0.0,0.0,1.0,0.0,0.0,1.0
"G[0,1](((Hgb <= 11.315 | Hct <= 12.484) -> WBC >= 0.467) & Platelets >= 6.025)
",9999999.000,9999999.000,0.000,1.000,0.000,0,0,0,21,21,0,0,21,0.0,0.0,0.0,0.0,0.0,1.0
"G[2,2]((FiO2 <= 0.000 & Resp <= 18.839) -> Bilirubin_total >= 4.345)
",0.000,0.000,0.000,1.000,0.000,0,0,21,0,0,21,21,0,0.0,0.0,1.0,0.0,0.0,1.0
"G[1,2](Platelets <= 131.803 -> WBC >= 0.438)
",9999999.000,9999999.000,0.000,1.000,0.000,0,0,3,18,18,3,3,18,0.0,0.0,1.0,0.0,0.0,1.0
"G[0,1](Chloride >= 0.324 & HCO3 >= 0.033)
",9999999.000,9999999.000,0.000,1.000,0.000,0,0,0,21,21,0,0,21,0.0,0.0,0.0,0.0,0.0,1.0
"G[1,1](BUN <= 20.455 & Creatinine >= 0.004)
",-4678568633807950.000,-0.004,0.000,1.000,0.000,0,0,1,20,20,1,1,20,0.0,0.0,1.0,0.0,0.0,1.0
"G[0,2](BUN >= 0.879 & TroponinI <= 0.000)
",9999999.000,9999999.000,0.000,1.000,0.000,0,0,0,21,21,0,0,21,0.0,0.0,0.0,0.0,0.0,1.0
"G[0,2](((Hgb <= 2.757 | Hct <= 24.890) -> WBC >= 0.196) & Platelets >= 0.779)
",9999999.000,9999999.000,0.000,1.000,0.000,0,0,0,21,21,0,0,21,0.0,0.0,0.0,0.0,0.0,1.0
"G[2,2](((MAP <= 88.062 | PTT >= 1.106) & FiO2 >= 0.441) -> Fibrinogen >= 0.374)
",3370386297367149.500,0.374,0.000,1.000,0.000,0,0,21,0,0,21,21,0,0.0,0.0,1.0,0.0,0.0,1.0
"G[0,2]((WBC >= 0.099 & Magnesium >= 0.013) | Potassium >= 0.099)
",9999999.000,9999999.000,0.000,1.000,0.000,0,0,0,21,21,0,0,21,0.0,0.0,0.0,0.0,0.0,1.0
"G[1,2]((Resp <= 25.287 & BUN >= 0.155) -> AST >= 0.111)
",9999999.000,9999999.000,0.000,1.000,0.000,0,0,21,0,0,21,21,0,0.0,0.0,1.0,0.0,0.0,1.0
"G[2,2](Platelets <= 73.618 -> WBC >= 0.235)
",-73.618,-73.618,0.000,1.000,0.000,0,0,21,0,0,21,21,0,0.0,0.0,1.0,0.0,0.0,1.0
"G[0,1](Chloride >= 4.904 & HCO3 >= 0.273)
",9999999.000,9999999.000,0.000,1.000,0.000,0,0,0,21,21,0,0,21,0.0,0.0,0.0,0.0,0.0,1.0
"G[0,1](BUN <= 10.553 & Creatinine >= 0.031)
",9999999.000,9999999.000,0.000,1.000,0.000,0,0,0,21,21,0,0,21,0.0,0.0,0.0,0.0,0.0,1.0
"G[0,1](((Hgb <= 6.922 | Hct <= 23.880) -> WBC >= 0.561) & Platelets >= 2.429)
",9999999.000,9999999.000,0.000,1.000,0.000,0,0,0,21,21,0,0,21,0.0,0.0,0.0,0.0,0.0,1.0
"G[2,2](Platelets <= 125.082 -> WBC >= 0.278)
",-8801863377861150.000,-125.082,0.000,1.000,0.000,0,0,21,0,0,21,21,0,0.0,0.0,1.0,0.0,0.0,1.0
"G[0,2](((Fibrinogen >= 0.000 | SBP >= 53.565) & Platelets <= 136.265) & Phosphate >= 76.927)
",9999999.000,9999999.000,0.000,1.000,0.000,0,0,0,21,21,0,0,21,0.0,0.0,0.0,0.0,0.0,1.0
"G[1,2]((PaCO2 <= 0.000 & Phosphate >= 0.016) | Calcium >= 0.143)
",9999999.000,9999999.000,0.000,1.000,0.000,0,0,3,18,18,3,3,18,0.0,0.0,1.0,0.0,0.0,1.0
"G[0,1](Chloride >= 2.572 & HCO3 >= 0.691)
",9999999.000,9999999.000,0.000,1.000,0.000,0,0,0,21,21,0,0,21,0.0,0.0,0.0,0.0,0.0,1.0
"G[1,2](((Glucose <= 18.846 | SaO2 <= 0.000) | Resp <= 0.000) | Chloride >= 0.000)
",9999999.000,9999999.000,0.000,1.000,0.000,0,0,21,0,0,21,21,0,0.0,0.0,1.0,0.0,0.0,1.0
"G[2,2](((Calcium <= 6.202 | Bilirubin_direct <= 0.000) -> AST >= 0.000) -> Temp >= 0.000)
",0.000,0.000,0.000,1.000,0.000,0,0,21,0,0,21,21,0,0.0,0.0,1.0,0.0,0.0,1.0
"G[1,2](((Platelets <= 25.973 | Resp <= 27.019) | PTT <= 23.330) & Resp >= 18.201)
",9999999.000,9999999.000,0.000,1.000,0.000,0,0,14,7,7,14,14,7,0.0,0.0,1.0,0.0,0.0,1.0
"G[0,2]((PTT <= 11.210 -> Calcium <= 5.148) -> Resp >= 0.050)
",9999999.000,9999999.000,0.000,1.000,0.000,0,0,18,3,3,18,18,3,0.0,0.0,1.0,0.0,0.0,1.0
"G[1,2]((Phosphate >= 0.065 & SaO2 >= 0.000) -> SepsisLabel >= 0.000)
",9999999.000,9999999.000,0.000,1.000,0.000,0,0,21,0,0,21,21,0,0.0,0.0,1.0,0.0,0.0,1.0
"G[0,1](Platelets <= 237.522 -> WBC >= 0.003)
",9999999.000,9999999.000,0.000,1.000,0.000,0,0,0,21,21,0,0,21,0.0,0.0,0.0,0.0,0.0,1.0
"G[0,2](O2Sat <= 96.166 | Phosphate >= 0.103)
",9999999.000,9999999.000,0.000,1.000,0.000,0,0,0,21,21,0,0,21,0.0,0.0,0.0,0.0,0.0,1.0
"G[0,0](Chloride >= 0.258 & HCO3 >= 0.018)
",-4.694,-0.246,0.000,1.000,0.000,0,0,0,21,21,0,0,21,0.0,0.0,0.0,0.0,0.0,1.0
"G[0,1]((WBC <= 14.291 -> Potassium >= 0.046) & SaO2 <= 3.237)
",9999999.000,9999999.000,0.000,1.000,0.000,0,0,0,21,21,0,0,21,0.0,0.0,0.0,0.0,0.0,1.0
"G[0,1](BUN <= 4.747 & Creatinine >= 0.013)
",9999999.000,9999999.000,0.000,1.000,0.000,0,0,0,21,21,0,0,21,0.0,0.0,0.0,0.0,0.0,1.0
"G[0,0](((Resp >= 17.107 & Hct <= 13.338) -> Magnesium <= 5.260) -> Hct >= 0.948)
",4270223151766966.500,0.948,0.000,1.000,0.000,0,0,0,21,21,0,0,21,0.0,0.0,0.0,0.0,0.0,1.0
"G[2,2](SepsisLabel <= 0.000 | SBP <= 151.335)
",5324639422124692.000,151.335,0.000,1.000,0.000,0,0,21,0,0,21,21,0,0.0,0.0,1.0,0.0,0.0,1.0
"G[2,2](((Hgb <= 4.004 | Hct <= 23.834) -> WBC >= 0.167) & Platelets >= 7.419)
",-6708723324972658.000,-23.834,0.000,1.000,0.000,0,0,21,0,0,21,21,0,0.0,0.0,1.0,0.0,0.0,1.0
"G[1,2]((pH >= 0.000 -> BUN >= 0.692) & HCO3 <= 23.424)
",9999999.000,9999999.000,0.000,1.000,0.000,0,0,1,20,20,1,1,20,0.0,0.0,1.0,0.0,0.0,1.0
"G[0,2]((Creatinine >= 0.009 | HR <= 81.433) -> WBC >= 50.698)
",9999999.000,9999999.000,0.000,1.000,0.000,0,0,2,19,19,2,2,19,0.0,0.0,1.0,0.0,0.0,1.0
"G[0,1](Platelets <= 60.018 -> WBC >= 0.186)
",9999999.000,9999999.000,0.000,1.000,0.000,0,0,0,21,21,0,0,21,0.0,0.0,0.0,0.0,0.0,1.0
"G[1,2](Potassium <= 3.948 -> EtCO2 <= 0.000)
",9999999.000,9999999.000,0.000,1.000,0.000,0,0,21,0,0,21,21,0,0.0,0.0,1.0,0.0,0.0,1.0
"G[1,2](MAP <= 89.302 | PaCO2 <= 0.000)
",9999999.000,9999999.000,0.000,1.000,0.000,0,0,21,0,0,21,21,0,0.0,0.0,1.0,0.0,0.0,1.0
"G[0,2](((TroponinI <= 0.000 | DBP >= 0.000) | WBC <= 0.000) & MAP >= 0.000)
",9999999.000,9999999.000,0.000,1.000,0.000,0,0,21,0,0,21,21,0,0.0,0.0,1.0,0.0,0.0,1.0
"G[0,1](Chloride >= 1.496 & HCO3 >= 0.111)
",9999999.000,9999999.000,0.000,1.000,0.000,0,0,0,21,21,0,0,21,0.0,0.0,0.0,0.0,0.0,1.0
"G[0,1](((Alkalinephos >= 4.601 -> HCO3 >= 0.902) -> SaO2 >= 0.202) & Bilirubin_direct >= 0.421)
",9999999.000,9999999.000,0.000,1.000,0.000,0,0,0,21,21,0,0,21,0.0,0.0,0.0,0.0,0.0,1.0
"G[1,2]((MAP <= 95.223 -> AST >= 0.603) & MAP >= 0.740)
",9999999.000,9999999.000,0.000,1.000,0.000,0,0,5,16,16,5,5,16,0.0,0.0,1.0,0.0,0.0,1.0
"G[2,2](BUN <= 18.136 & Creatinine >= 0.008)
",-4477580066994470.500,-0.008,0.000,1.000,0.000,0,0,21,0,0,21,21,0,0.0,0.0,1.0,0.0,0.0,1.0
"G[0,0](((Hgb <= 6.087 | Hct <= 26.039) -> WBC >= 0.145) & Platelets >= 6.513)
",-26.039,-26.039,0.000,1.000,0.000,0,0,0,21,21,0,0,21,0.0,0.0,0.0,0.0,0.0,1.0
"G[0,2](((Glucose >= 1.618 -> Hct <= 26.698) & SaO2 <= 5.229) | MAP <= 13.112)
",9999999.000,9999999.000,0.000,1.000,0.000,0,0,19,2,2,19,19,2,0.0,0.0,1.0,0.0,0.0,1.0
"G[2,2](((Lactate <= 0.000 & Platelets <= 201.040) & SaO2 <= 128.699) & FiO2 <= 239.452)
",0.000,0.000,0.000,1.000,0.000,0,0,21,0,0,21,21,0,0.0,0.0,1.0,0.0,0.0,1.0
"G[0,2](((EtCO2 <= 0.000 -> FiO2 >= 0.000) & Temp >= 0.000) & Glucose >= 0.000)
",9999999.000,9999999.000,0.000,1.000,0.000,0,0,21,0,0,21,21,0,0.0,0.0,1.0,0.0,0.0,1.0
"G[0,2]((Calcium <= 7.042 -> Bilirubin_total >= 0.003) -> Bilirubin_total >= 0.035)
",9999999.000,9999999.000,0.000,1.000,0.000,0,0,21,0,0,21,21,0,0.0,0.0,1.0,0.0,0.0,1.0
"G[0,1](BaseExcess >= 0.000 -> Glucose >= 2.098)
",9999999.000,9999999.000,0.000,1.000,0.000,0,0,0,21,21,0,0,21,0.0,0.0,0.0,0.0,0.0,1.0
"G[2,2](Platelets <= 100.201 -> WBC >= 0.225)
",-7051037524345233.000,-100.201,0.000,1.000,0.000,0,0,21,0,0,21,21,0,0.0,0.0,1.0,0.0,0.0,1.0
"G[1,1]((Alkalinephos >= 1.447 & Calcium <= 8.162) & MAP >= 0.056)
",-6516190563651070.000,-1.447,0.000,1.000,0.000,0,0,1,20,20,1,1,20,0.0,0.0,1.0,0.0,0.0,1.0
"G[1,2]((TroponinI >= 0.000 -> Phosphate >= 0.077) -> Temp <= 2.738)
",9999999.000,9999999.000,0.000,1.000,0.000,0,0,21,0,0,21,21,0,0.0,0.0,1.0,0.0,0.0,1.0
"G[0,1](Chloride >= 3.975 & HCO3 >= 0.353)
",9999999.000,9999999.000,0.000,1.000,0.000,0,0,0,21,21,0,0,21,0.0,0.0,0.0,0.0,0.0,1.0
"G[1,2](BUN <= 17.152 & Creatinine >= 0.001)
",9999999.000,9999999.000,0.000,1.000,0.000,0,0,1,20,20,1,1,20,0.0,0.0,1.0,0.0,0.0,1.0
"G[1,2](Creatinine <= 0.794 | Hgb <= 2.096)
",9999999.000,9999999.000,0.000,1.000,0.000,0,0,20,1,1,20,20,1,0.0,0.0,1.0,0.0,0.0,1.0
"G[0,2](((Resp >= 6.611 | Bilirubin_direct <= 0.000) | PaCO2 <= 0.000) & Temp <= 0.000)
",9999999.000,9999999.000,0.000,1.000,0.000,0,0,10,11,11,10,10,11,0.0,0.0,1.0,0.0,0.0,1.0
"G[0,1]((SepsisLabel <= 0.000 -> HCO3 >= 1.172) & PTT >= 0.564)
",9999999.000,9999999.000,0.000,1.000,0.000,0,0,0,21,21,0,0,21,0.0,0.0,0.0,0.0,0.0,1.0
"G[1,2]((TroponinI >= 0.000 & Potassium >= 0.110) -> AST >= 0.187)
",9999999.000,9999999.000,0.000,1.000,0.000,0,0,21,0,0,21,21,0,0.0,0.0,1.0,0.0,0.0,1.0
"G[1,2](Platelets <= 146.604 -> WBC >= 0.225)
",9999999.000,9999999.000,0.000,1.000,0.000,0,0,3,18,18,3,3,18,0.0,0.0,1.0,0.0,0.0,1.0
"G[1,2](Hct >= 0.542 -> HCO3 >= 1.072)
",9999999.000,9999999.000,0.000,1.000,0.000,0,0,21,0,0,21,21,0,0.0,0.0,1.0,0.0,0.0,1.0
"G[0,2](Chloride >= 4.437 & HCO3 >= 0.238)
",9999999.000,9999999.000,0.000,1.000,0.000,0,0,0,21,21,0,0,21,0.0,0.0,0.0,0.0,0.0,1.0
"G[2,2](((PTT >= 0.348 | PaCO2 <= 0.000) | O2Sat <= 0.000) -> pH >= 0.000)
",0.000,0.000,0.000,1.000,0.000,0,0,21,0,0,21,21,0,0.0,0.0,1.0,0.0,0.0,1.0
"G[2,2](BUN <= 20.038 & Creatinine >= 0.005)
",-6325995735326004.000,-0.005,0.000,1.000,0.000,0,0,21,0,0,21,21,0,0.0,0.0,1.0,0.0,0.0,1.0
"G[1,2](((WBC >= 0.251 & Hgb >= 0.083) & HCO3 <= 9.632) -> Chloride <= 5.352)
",9999999.000,9999999.000,0.000,1.000,0.000,0,0,21,0,0,21,21,0,0.0,0.0,1.0,0.0,0.0,1.0
"G[0,1]((SBP <= 141.034 & HCO3 >= 0.946) | Calcium >= 1.150)
",9999999.000,9999999.000,0.000,1.000,0.000,0,0,0,21,21,0,0,21,0.0,0.0,0.0,0.0,0.0,1.0
"G[0,2](((O2Sat >= 44.776 -> AST >= 0.252) -> Bilirubin_direct >= 1.926) | AST >= 1.767)
",9999999.000,9999999.000,0.000,1.000,0.000,0,0,20,1,1,20,20,1,0.0,0.0,1.0,0.0,0.0,1.0
"G[0,2]((Creatinine <= 0.151 & Temp >= 4.043) & PaCO2 >= 9.640)
",9999999.000,9999999.000,0.000,1.000,0.000,0,0,0,21,21,0,0,21,0.0,0.0,0.0,0.0,0.0,1.0
"G[0,2](((MAP <= 87.691 | Magnesium <= 1.083) -> FiO2 >= 0.108) -> Resp <= 1.251)
",9999999.000,9999999.000,0.000,1.000,0.000,0,0,21,0,0,21,21,0,0.0,0.0,1.0,0.0,0.0,1.0
"G[1,2](((Hgb >= 0.460 -> WBC <= 3.570) -> Potassium <= 11.850) -> Fibrinogen >= 0.228)
",9999999.000,9999999.000,0.000,1.000,0.000,0,0,1,20,20,1,1,20,0.0,0.0,1.0,0.0,0.0,1.0
"G[1,2](((Hgb <= 6.063 | Hct <= 17.873) -> WBC >= 0.346) & Platelets >= 0.599)
",9999999.000,9999999.000,0.000,1.000,0.000,0,0,3,18,18,3,3,18,0.0,0.0,1.0,0.0,0.0,1.0
"G[2,2]((Magnesium <= 2.123 | SepsisLabel <= 0.000) -> PaCO2 >= 0.000)
",-4780742735125834.000,-2.123,0.000,1.000,0.000,0,0,21,0,0,21,21,0,0.0,0.0,1.0,0.0,0.0,1.0
"G[0,2]((WBC <= 8.007 & FiO2 <= 0.000) | WBC >= 0.000)
",9999999.000,9999999.000,0.000,1.000,0.000,0,0,21,0,0,21,21,0,0.0,0.0,1.0,0.0,0.0,1.0
"G[2,2](PaCO2 <= 0.000 & AST <= 11.654)
",0.000,0.000,0.000,1.000,0.000,0,0,21,0,0,21,21,0,0.0,0.0,1.0,0.0,0.0,1.0
"G[0,2]((Fibrinogen <= 0.000 | HCO3 <= 8.590) & Hgb >= 0.742)
",9999999.000,9999999.000,0.000,1.000,0.000,0,0,0,21,21,0,0,21,0.0,0.0,0.0,0.0,0.0,1.0
"G[2,2](WBC <= 7.990 -> Chloride <= 36.715)
",-5167201947383348.000,-36.715,0.000,1.000,0.000,0,0,21,0,0,21,21,0,0.0,0.0,1.0,0.0,0.0,1.0
"G[2,2](BUN <= 16.035 & Creatinine >= 0.026)
",-7404488791400786.000,-0.026,0.000,1.000,0.000,0,0,21,0,0,21,21,0,0.0,0.0,1.0,0.0,0.0,1.0
"G[1,2](Creatinine >= 0.029 & Platelets >= 5.873)
",9999999.000,9999999.000,0.000,1.000,0.000,0,0,3,18,18,3,3,18,0.0,0.0,1.0,0.0,0.0,1.0
"G[1,2]((Glucose >= 0.743 & PTT >= 1.258) & EtCO2 >= 1.233)
",9999999.000,9999999.000,0.000,1.000,0.000,0,0,1,20,20,1,1,20,0.0,0.0,1.0,0.0,0.0,1.0
"G[0,2]((MAP <= 88.165 -> O2Sat <= 99.750) -> O2Sat <= 98.142)
",9999999.000,9999999.000,0.000,1.000,0.000,0,0,10,11,11,10,10,11,0.0,0.0,1.0,0.0,0.0,1.0
"G[1,2](((PTT >= 1.297 | WBC >= 0.527) | Chloride >= 0.382) & AST >= 0.602)
",9999999.000,9999999.000,0.000,1.000,0.000,0,0,3,18,18,3,3,18,0.0,0.0,1.0,0.0,0.0,1.0
"G[0,2](Resp <= 18.341 -> SBP >= 92.571)
",9999999.000,9999999.000,0.000,1.000,0.000,0,0,20,1,1,20,20,1,0.0,0.0,1.0,0.0,0.0,1.0
"G[1,2](((Glucose >= 2.669 | WBC <= 2.519) & Hct >= 0.438) & Platelets <= 5.240)
",9999999.000,9999999.000,0.000,1.000,0.000,0,0,1,20,20,1,1,20,0.0,0.0,1.0,0.0,0.0,1.0
"G[1,2](((Hgb <= 11.568 -> Resp >= 12.885) & HCO3 <= 23.560) -> BUN >= 2.274)
",9999999.000,9999999.000,0.000,1.000,0.000,0,0,3,18,18,3,3,18,0.0,0.0,1.0,0.0,0.0,1.0
"G[1,2](((Platelets >= 8.011 -> Resp <= 27.509) | pH <= 23.482) -> Temp <= 19.894)
",9999999.000,9999999.000,0.000,1.000,0.000,0,0,20,1,1,20,20,1,0.0,0.0,1.0,0.0,0.0,1.0
"G[1,2](((Hct <= 28.636 -> Magnesium <= 2.349) | pH <= 0.889) & Phosphate <= 2.281)
",9999999.000,9999999.000,0.000,1.000,0.000,0,0,19,2,2,19,19,2,0.0,0.0,1.0,0.0,0.0,1.0
"G[0,2]((SBP >= 76.556 | Temp >= 2.165) & SepsisLabel <= 35.381)
",9999999.000,9999999.000,0.000,1.000,0.000,0,0,20,1,1,20,20,1,0.0,0.0,1.0,0.0,0.0,1.0
"G[1,2](((AST >= 1.792 & Resp >= 15.623) & BaseExcess >= 0.844) & HCO3 <= 20.375)
",9999999.000,9999999.000,0.000,1.000,0.000,0,0,1,20,20,1,1,20,0.0,0.0,1.0,0.0,0.0,1.0
"G[1,2](((Alkalinephos >= 1.818 | Resp <= 23.621) -> O2Sat <= 26.807) -> Bilirubin_total >= 11.257)
",9999999.000,9999999.000,0.000,1.000,0.000,0,0,20,1,1,20,20,1,0.0,0.0,1.0,0.0,0.0,1.0
"G[2,2]((Hgb >= 0.267 & WBC <= 3.921) -> PaCO2 >= 0.516)
",2406515326349789.000,0.267,0.000,1.000,0.000,0,0,21,0,0,21,21,0,0.0,0.0,1.0,0.0,0.0,1.0
"G[1,2]((Chloride >= 2.576 | Temp >= 1.016) | PaCO2 <= 19.171)
",9999999.000,9999999.000,0.000,1.000,0.000,0,0,21,0,0,21,21,0,0.0,0.0,1.0,0.0,0.0,1.0
"G[1,2](((HCO3 >= 0.440 | Temp <= 13.236) -> Hgb <= 11.230) | Glucose >= 6.538)
",9999999.000,9999999.000,0.000,1.000,0.000,0,0,21,0,0,21,21,0,0.0,0.0,1.0,0.0,0.0,1.0
"G[1,2](BUN <= 1.997 | Glucose <= 30.703)
",9999999.000,9999999.000,0.000,1.000,0.000,0,0,19,2,2,19,19,2,0.0,0.0,1.0,0.0,0.0,1.0
"G[1,2](Magnesium <= 0.638 & Platelets <= 64.109)
",9999999.000,9999999.000,0.000,1.000,0.000,0,0,19,2,2,19,19,2,0.0,0.0,1.0,0.0,0.0,1.0
"G[1,2]((Alkalinephos >= 5.261 & Bilirubin_total <= 0.254) -> Resp >= 0.020)
",9999999.000,9999999.000,0.000,1.000,0.000,0,0,21,0,0,21,21,0,0.0,0.0,1.0,0.0,0.0,1.0
"G[0,2](((Chloride >= 3.800 & Hct >= 1.138) -> PaCO2 <= 19.027) & FiO2 >= 1.409)
",9999999.000,9999999.000,0.000,1.000,0.000,0,0,0,21,21,0,0,21,0.0,0.0,0.0,0.0,0.0,1.0
"G[2,2](HR <= 103.726 -> Potassium >= 0.111)
",-103.726,-103.726,0.000,1.000,0.000,0,0,21,0,0,21,21,0,0.0,0.0,1.0,0.0,0.0,1.0
"G[0,1]((MAP <= 94.885 | Resp <= 26.933) -> TroponinI >= 3.272)
",9999999.000,9999999.000,0.000,1.000,0.000,0,0,0,21,21,0,0,21,0.0,0.0,0.0,0.0,0.0,1.0
"G[0,0](((MAP <= 90.307 & PTT >= 0.347) & pH <= 19.824) & pH >= 1.579)
",-4.493,-45.793,0.000,1.000,0.000,0,0,0,21,21,0,0,21,0.0,0.0,0.0,0.0,0.0,1.0
"G[1,2](O2Sat <= 98.754 -> Temp <= 33.833)
",9999999.000,9999999.000,0.000,1.000,0.000,0,0,20,1,1,20,20,1,0.0,0.0,1.0,0.0,0.0,1.0
"G[2,2]((Calcium <= 2.006 | Creatinine >= 0.001) -> BUN >= 0.033)
",-4517469800630363.000,-2.006,0.000,1.000,0.000,0,0,21,0,0,21,21,0,0.0,0.0,1.0,0.0,0.0,1.0
"G[0,2](Platelets >= 8.234 & PTT <= 10.909)
",9999999.000,9999999.000,0.000,1.000,0.000,0,0,0,21,21,0,0,21,0.0,0.0,0.0,0.0,0.0,1.0
"G[0,0](((Hgb >= 0.256 | PTT <= 35.315) & WBC >= 1.373) & Glucose <= 28.568)
",-1.373,-1.373,0.000,1.000,0.000,0,0,0,21,21,0,0,21,0.0,0.0,0.0,0.0,0.0,1.0
"G[0,2](Calcium >= 0.391 -> PTT <= 7.256)
",9999999.000,9999999.000,0.000,1.000,0.000,0,0,20,1,1,20,20,1,0.0,0.0,1.0,0.0,0.0,1.0
"G[0,2]((Calcium >= 0.354 -> WBC <= 2.527) -> Platelets <= 3.527)
",9999999.000,9999999.000,0.000,1.000,0.000,0,0,21,0,0,21,21,0,0.0,0.0,1.0,0.0,0.0,1.0
"G[1,2]((Hct >= 0.529 -> WBC <= 3.081) -> DBP <= 4.506)
",9999999.000,9999999.000,0.000,1.000,0.000,0,0,21,0,0,21,21,0,0.0,0.0,1.0,0.0,0.0,1.0
"G[1,2](BUN >= 0.815 & Platelets >= 7.911)
",9999999.000,9999999.000,0.000,1.000,0.000,0,0,3,18,18,3,3,18,0.0,0.0,1.0,0.0,0.0,1.0
"G[0,2]((Phosphate <= 0.155 -> Platelets <= 201.860) & Calcium >= 3.359)
",9999999.000,9999999.000,0.000,1.000,0.000,0,0,0,21,21,0,0,21,0.0,0.0,0.0,0.0,0.0,1.0
"G[0,2](AST <= 19.772 -> Platelets >= 3.887)
",9999999.000,9999999.000,0.000,1.000,0.000,0,0,0,21,21,0,0,21,0.0,0.0,0.0,0.0,0.0,1.0
"G[2,2]((AST <= 9.062 & HCO3 >= 0.460) -> Fibrinogen >= 0.562)
",0.460,0.460,0.000,1.000,0.000,0,0,21,0,0,21,21,0,0.0,0.0,1.0,0.0,0.0,1.0
"G[1,2]((AST >= 1.420 -> Hct <= 9.956) & FiO2 >= 0.031)
",9999999.000,9999999.000,0.000,1.000,0.000,0,0,1,20,20,1,1,20,0.0,0.0,1.0,0.0,0.0,1.0
"G[1,1](Hgb >= 0.554 & Phosphate <= 0.603)
",-0.554,-0.554,0.000,1.000,0.000,0,0,1,20,20,1,1,20,0.0,0.0,1.0,0.0,0.0,1.0
"G[0,2]((AST <= 5.370 & Glucose <= 61.693) | AST <= 91.597)
",9999999.000,9999999.000,0.000,1.000,0.000,0,0,21,0,0,21,21,0,0.0,0.0,1.0,0.0,0.0,1.0
"G[1,2](AST >= 0.825 & Bilirubin_total <= 0.061)
",9999999.000,9999999.000,0.000,1.000,0.000,0,0,1,20,20,1,1,20,0.0,0.0,1.0,0.0,0.0,1.0
"G[0,2](Glucose >= 0.353 -> Hgb <= 11.634)
",9999999.000,9999999.000,0.000,1.000,0.000,0,0,20,1,1,20,20,1,0.0,0.0,1.0,0.0,0.0,1.0
"G[2,2]((Magnesium >= 0.104 | Potassium <= 4.120) -> Phosphate >= 0.157)
",-4638561820709042.000,-4.120,0.000,1.000,0.000,0,0,21,0,0,21,21,0,0.0,0.0,1.0,0.0,0.0,1.0
"G[2,2](Phosphate <= 0.375 -> Potassium >= 0.227)
",-6757099339091284.000,-0.375,0.000,1.000,0.000,0,0,21,0,0,21,21,0,0.0,0.0,1.0,0.0,0.0,1.0
"G[1,2]((Bilirubin_total >= 0.046 | Calcium <= 5.816) -> Bilirubin_total <= 3.419)
",9999999.000,9999999.000,0.000,1.000,0.000,0,0,21,0,0,21,21,0,0.0,0.0,1.0,0.0,0.0,1.0
"G[1,2]((Bilirubin_total >= 0.001 | WBC <= 12.193) | PTT <= 1.439)
",9999999.000,9999999.000,0.000,1.000,0.000,0,0,21,0,0,21,21,0,0.0,0.0,1.0,0.0,0.0,1.0
"G[0,1]((Hct >= 1.605 -> Phosphate <= 1.349) -> Magnesium >= 0.135)
",9999999.000,9999999.000,0.000,1.000,0.000,0,0,0,21,21,0,0,21,0.0,0.0,0.0,0.0,0.0,1.0
"G[0,2](((Chloride <= 25.303 -> Magnesium <= 1.661) | HR <= 1.831) -> EtCO2 <= 1.135)
",9999999.000,9999999.000,0.000,1.000,0.000,0,0,21,0,0,21,21,0,0.0,0.0,1.0,0.0,0.0,1.0
"G[1,2](((Alkalinephos <= 92.118 -> Hct <= 33.315) -> SepsisLabel <= 23.806) & TroponinI >= 0.751)
",9999999.000,9999999.000,0.000,1.000,0.000,0,0,1,20,20,1,1,20,0.0,0.0,1.0,0.0,0.0,1.0
"G[1,2]((Alkalinephos >= 5.567 | BUN >= 0.734) | PaCO2 <= 11.852)
",9999999.000,9999999.000,0.000,1.000,0.000,0,0,21,0,0,21,21,0,0.0,0.0,1.0,0.0,0.0,1.0
"G[2,2]((Alkalinephos >= 2.090 & WBC >= 0.066) & PTT <= 6.363)
",-2352677610286285.000,-2.090,0.000,1.000,0.000,0,0,21,0,0,21,21,0,0.0,0.0,1.0,0.0,0.0,1.0
"G[1,2](Alkalinephos >= 5.621 | Phosphate <= 1.514)
",9999999.000,9999999.000,0.000,1.000,0.000,0,0,21,0,0,21,21,0,0.0,0.0,1.0,0.0,0.0,1.0
"G[2,2](((HR <= 88.850 -> Temp >= 5.723) -> Potassium <= 10.021) -> Resp >= 2.647)
",5959533123294814.000,2.647,0.000,1.000,0.000,0,0,21,0,0,21,21,0,0.0,0.0,1.0,0.0,0.0,1.0
"G[0,2]((MAP >= 27.973 & Potassium >= 0.055) -> Bilirubin_total <= 4.283)
",9999999.000,9999999.000,0.000,1.000,0.000,0,0,21,0,0,21,21,0,0.0,0.0,1.0,0.0,0.0,1.0
"G[1,2]((Alkalinephos <= 13.319 -> Temp >= 4.343) & Chloride >= 2.196)
",9999999.000,9999999.000,0.000,1.000,0.000,0,0,3,18,18,3,3,18,0.0,0.0,1.0,0.0,0.0,1.0
"G[0,0]((MAP >= 23.489 & Platelets >= 8.394) | BUN >= 9.636)
",-1.158,-7.006,0.000,1.000,0.000,0,0,0,21,21,0,0,21,0.0,0.0,0.0,0.0,0.0,1.0
"G[0,1](O2Sat <= 96.775 & SepsisLabel = 0.000)
",9999999.000,9999999.000,0.000,1.000,0.000,0,0,0,21,21,0,0,21,0.0,0.0,0.0,0.0,0.0,1.0
"G[0,1]((Creatinine >= 0.018 | MAP >= 61.770) & Bilirubin_direct >= 65.980)
",9999999.000,9999999.000,0.000,1.000,0.000,0,0,0,21,21,0,0,21,0.0,0.0,0.0,0.0,0.0,1.0
"G[2,2](((Glucose >= 2.919 -> MAP >= 70.728) | BUN <= 97.530) | Creatinine <= 89.968)
",97.530,97.530,0.000,1.000,0.000,0,0,21,0,0,21,21,0,0.0,0.0,1.0,0.0,0.0,1.0
"G[0,0](((BUN <= 22.887 | HR <= 93.419) -> Phosphate >= 69.188) & Bilirubin_direct >= 46.761)
",-267.961,-46.721,0.000,1.000,0.000,0,0,0,21,21,0,0,21,0.0,0.0,0.0,0.0,0.0,1.0
"G[0,0]((HR >= 38.102 -> Magnesium <= 0.298) -> FiO2 >= 0.019)
",-0.226,-1.231,0.000,1.000,0.000,0,0,0,21,21,0,0,21,0.0,0.0,0.0,0.0,0.0,1.0
"G[2,2](((Calcium <= 5.545 & HR >= 3.171) -> HR <= 100.371) | FiO2 >= 16.560)
",-4661269298517675.000,-16.560,0.000,1.000,0.000,0,0,21,0,0,21,21,0,0.0,0.0,1.0,0.0,0.0,1.0
"G[0,2](((DBP <= 0.000 -> HR >= 18.317) | Bilirubin_direct <= 102.916) & Bilirubin_total >= 14.038)
",9999999.000,9999999.000,0.000,1.000,0.000,0,0,0,21,21,0,0,21,0.0,0.0,0.0,0.0,0.0,1.0
"G[1,2]((SBP <= 135.597 -> Fibrinogen <= 0.000) | PTT >= 0.000)
",9999999.000,9999999.000,0.000,1.000,0.000,0,0,21,0,0,21,21,0,0.0,0.0,1.0,0.0,0.0,1.0
"G[0,2](Fibrinogen <= 0.000 & SepsisLabel = 0.000)
",9999999.000,9999999.000,0.000,1.000,0.000,0,0,21,0,0,21,21,0,0.0,0.0,1.0,0.0,0.0,1.0
"G[0,2](((FiO2 >= 0.000 | Calcium <= 4.485) & Magnesium >= 0.330) & Alkalinephos >= 0.299)
",9999999.000,9999999.000,0.000,1.000,0.000,0,0,0,21,21,0,0,21,0.0,0.0,0.0,0.0,0.0,1.0
"G[2,2](MAP < 74.963 & SepsisLabel = 0.000)
",0.000,0.000,0.000,1.000,0.000,0,0,21,0,0,21,21,0,0.0,0.0,1.0,0.0,0.0,1.0
"G[2,2](Hct >= 1.390 -> SepsisLabel = 0.000)
",0.000,0.000,0.000,1.000,0.000,0,0,21,0,0,21,21,0,0.0,0.0,1.0,0.0,0.0,1.0
"G[0,2]((BaseExcess <= 0.000 -> WBC <= 14.560) -> Platelets >= 0.034)
",9999999.000,9999999.000,0.000,1.000,0.000,0,0,0,21,21,0,0,21,0.0,0.0,0.0,0.0,0.0,1.0
"G[2,2](HR <= 102.145 & SepsisLabel = 0.000)
",0.000,0.000,0.000,1.000,0.000,0,0,21,0,0,21,21,0,0.0,0.0,1.0,0.0,0.0,1.0
"G[1,2](MAP >= 21.321 -> SepsisLabel = 0.000)
",9999999.000,9999999.000,0.000,1.000,0.000,0,0,21,0,0,21,21,0,0.0,0.0,1.0,0.0,0.0,1.0
"G[2,2]((AST <= 23.376 | PTT <= 4.498) -> HR <= 31.074)
",-8746640028405571.000,-31.074,0.000,1.000,0.000,0,0,21,0,0,21,21,0,0.0,0.0,1.0,0.0,0.0,1.0
"G[1,2](AST < 27.351 -> SepsisLabel = 0.000)
",9999999.000,9999999.000,0.000,1.000,0.000,0,0,21,0,0,21,21,0,0.0,0.0,1.0,0.0,0.0,1.0
"G[0,2](BaseExcess >= 0.000 & Resp <= 24.772)
",9999999.000,9999999.000,0.000,1.000,0.000,0,0,18,3,3,18,18,3,0.0,0.0,1.0,0.0,0.0,1.0
"G[2,2](((Magnesium >= 0.010 | Phosphate <= 1.945) & Alkalinephos <= 1.053) -> Platelets >= 0.036)
",-2371518681889229.000,-1.053,0.000,1.000,0.000,0,0,21,0,0,21,21,0,0.0,0.0,1.0,0.0,0.0,1.0
"G[1,2]((Resp <= 18.755 -> TroponinI <= 0.000) | Platelets >= 0.000)
",9999999.000,9999999.000,0.000,1.000,0.000,0,0,21,0,0,21,21,0,0.0,0.0,1.0,0.0,0.0,1.0
"G[2,2]((SepsisLabel >= 0.000 -> HR <= 76.234) & PaCO2 <= 76.470)
",-76.234,-76.234,0.000,1.000,0.000,0,0,21,0,0,21,21,0,0.0,0.0,1.0,0.0,0.0,1.0
"G[0,2](Magnesium <= 0.450 | MAP >= 3.761)
",9999999.000,9999999.000,0.000,1.000,0.000,0,0,21,0,0,21,21,0,0.0,0.0,1.0,0.0,0.0,1.0
"G[0,2]((HCO3 >= 0.235 -> MAP >= 63.544) -> Potassium <= 81.920)
",9999999.000,9999999.000,0.000,1.000,0.000,0,0,21,0,0,21,21,0,0.0,0.0,1.0,0.0,0.0,1.0
"G[0,2]((Hgb <= 9.576 & Platelets <= 52.512) -> Platelets <= 69.074)
",9999999.000,9999999.000,0.000,1.000,0.000,0,0,21,0,0,21,21,0,0.0,0.0,1.0,0.0,0.0,1.0
"G[0,2](((Bilirubin_total >= 0.036 | SBP >= 81.245) & O2Sat >= 126.734) & SepsisLabel >= 130.416)
",9999999.000,9999999.000,0.000,1.000,0.000,0,0,0,21,21,0,0,21,0.0,0.0,0.0,0.0,0.0,1.0
"G[0,2]((BUN >= 0.331 & SBP >= 95.288) & Chloride >= 77.947)
",9999999.000,9999999.000,0.000,1.000,0.000,0,0,0,21,21,0,0,21,0.0,0.0,0.0,0.0,0.0,1.0
"G[1,2]((Glucose >= 0.743 | SBP <= 134.658) | MAP >= 51.497)
",9999999.000,9999999.000,0.000,1.000,0.000,0,0,21,0,0,21,21,0,0.0,0.0,1.0,0.0,0.0,1.0
"G[0,2](Creatinine <= 0.232 -> SBP <= 135.079)
",9999999.000,9999999.000,0.000,1.000,0.000,0,0,7,14,14,7,7,14,0.0,0.0,1.0,0.0,0.0,1.0
"G[0,0]((O2Sat <= 96.481 -> PTT <= 5.561) & Platelets >= 0.791)
",-2.280,-16.889,0.000,1.000,0.000,0,0,0,21,21,0,0,21,0.0,0.0,0.0,0.0,0.0,1.0
"G[0,2](Temp >= 6.808 -> SepsisLabel = 0.000)
",9999999.000,9999999.000,0.000,1.000,0.000,0,0,21,0,0,21,21,0,0.0,0.0,1.0,0.0,0.0,1.0
"G[1,2](((Hgb <= 3.408 | SBP >= 70.367) -> BUN <= 138.444) & DBP <= 142.621)
",9999999.000,9999999.000,0.000,1.000,0.000,0,0,21,0,0,21,21,0,0.0,0.0,1.0,0.0,0.0,1.0
"G[2,2](Platelets <= 227.598 -> WBC >= 0.538)
",-8007876028780181.000,-227.598,0.000,1.000,0.000,0,0,21,0,0,21,21,0,0.0,0.0,1.0,0.0,0.0,1.0
"G[1,2](((Hct >= 0.460 | SBP >= 86.090) & BaseExcess >= 41.869) -> SBP >= 68.401)
",9999999.000,9999999.000,0.000,1.000,0.000,0,0,21,0,0,21,21,0,0.0,0.0,1.0,0.0,0.0,1.0
"G[1,2]((Chloride <= 99.626 | SBP <= 136.321) & HR >= 76.349)
",9999999.000,9999999.000,0.000,1.000,0.000,0,0,8,13,13,8,8,13,0.0,0.0,1.0,0.0,0.0,1.0
"G[0,2](Platelets <= 86.698 -> SepsisLabel = 0.000)
",9999999.000,9999999.000,0.000,1.000,0.000,0,0,21,0,0,21,21,0,0.0,0.0,1.0,0.0,0.0,1.0
"G[0,2](((Chloride >= 2.365 -> O2Sat >= 60.856) | HCO3 <= 98.435) & HCO3 <= 99.302)
",9999999.000,9999999.000,0.000,1.000,0.000,0,0,21,0,0,21,21,0,0.0,0.0,1.0,0.0,0.0,1.0
"G[1,2](O2Sat >= 76.945 | Platelets <= 166.295)
",9999999.000,9999999.000,0.000,1.000,0.000,0,0,21,0,0,21,21,0,0.0,0.0,1.0,0.0,0.0,1.0
"G[0,2]((Magnesium >= 0.034 | O2Sat >= 44.658) & Hct <= 99.511)
",9999999.000,9999999.000,0.000,1.000,0.000,0,0,20,1,1,20,20,1,0.0,0.0,1.0,0.0,0.0,1.0
"G[0,1](((Creatinine >= 0.004 & O2Sat >= 70.557) & FiO2 <= 98.078) & MAP <= 97.870)
",9999999.000,9999999.000,0.000,1.000,0.000,0,0,0,21,21,0,0,21,0.0,0.0,0.0,0.0,0.0,1.0
"G[2,2](O2Sat >= 61.121 & Phosphate <= 2.131)
",-4300985502611078.500,-61.121,0.000,1.000,0.000,0,0,21,0,0,21,21,0,0.0,0.0,1.0,0.0,0.0,1.0
"G[2,2](((O2Sat <= 97.790 & WBC <= 12.433) | Bilirubin_total >= 0.236) -> SepsisLabel >= 0.069)
",-6999419995379218.000,-12.433,0.000,1.000,0.000,0,0,21,0,0,21,21,0,0.0,0.0,1.0,0.0,0.0,1.0
"G[0,0](Hct > 0.535 & SepsisLabel = 0.000)
",-0.240,-12.709,0.000,1.000,0.000,0,0,0,21,21,0,0,21,0.0,0.0,0.0,0.0,0.0,1.0
"G[1,2](PTT < 2.552 -> SepsisLabel = 0.000)
",9999999.000,9999999.000,0.000,1.000,0.000,0,0,21,0,0,21,21,0,0.0,0.0,1.0,0.0,0.0,1.0
"G[2,2](WBC < 9.949 & SepsisLabel = 0.000)
",0.000,0.000,0.000,1.000,0.000,0,0,21,0,0,21,21,0,0.0,0.0,1.0,0.0,0.0,1.0
"G[2,2](Alkalinephos >= 3.152 & SBP >= 26.497)
",-26.497,-26.497,0.000,1.000,0.000,0,0,21,0,0,21,21,0,0.0,0.0,1.0,0.0,0.0,1.0
"G[1,2]((AST <= 23.390 -> O2Sat <= 99.320) & Temp <= 97.149)
",9999999.000,9999999.000,0.000,1.000,0.000,0,0,18,3,3,18,18,3,0.0,0.0,1.0,0.0,0.0,1.0
"G[0,2]((SepsisLabel >= 0.000 & Glucose <= 86.970) & Glucose <= 104.603)
",9999999.000,9999999.000,0.000,1.000,0.000,0,0,19,2,2,19,19,2,0.0,0.0,1.0,0.0,0.0,1.0
