Rule,Discrimination Score,Pos Robustness,Neg Robustness,Percent Class +,Percent Class -,TP,TN,FP,FN,Actual Yes,Actual No,Predicted Yes,Predicted No,TPR/Sens,TNR/Spec,FPR,Precision,Accuracy,MCR,Class
"G[0,1](AST < 0.000 -> SepsisLabel = 0.935)
",0.000,9999999.000,9999999.000,1.000,0.000,66,0,0,0,66,0,66,0,1.0,0.0,0.0,1.0,1.0,0.0,1
"((Magnesium < 0.527) U[1,1] (SepsisLabel = 0.950))
",-5.000,0.527,0.527,0.000,1.000,66,0,0,0,66,0,66,0,1.0,0.0,0.0,1.0,1.0,0.0,-1
"F[0,0]((Calcium <= 6.228 & Potassium <= 2.360) & Magnesium >= 0.283)
",0.129,-0.273,-0.283,0.000,1.000,66,0,0,0,66,0,66,0,1.0,0.0,0.0,1.0,1.0,0.0,-1
"F[1,1]((Lactate <= 0.677 | SBP >= 2.027) & AST >= 3.116)
",-5.000,-3.116,-3.116,0.000,1.000,66,0,0,0,66,0,66,0,1.0,0.0,0.0,1.0,1.0,0.0,-1
"F[0,0](((Platelets <= 356.354 & Platelets <= 36.017) & Bilirubin_direct <= 414.242) & Phosphate >= 9.575)
",0.328,-9.352,-9.575,0.000,1.000,66,0,0,0,66,0,66,0,1.0,0.0,0.0,1.0,1.0,0.0,-1
"F[1,1]((Phosphate >= 0.051 | Potassium <= 0.772) & EtCO2 >= 0.232)
",2.500,-0.232,-0.232,0.000,1.000,66,0,0,0,66,0,66,0,1.0,0.0,0.0,1.0,1.0,0.0,-1
"F[0,0](((DBP <= 18.087 & pH >= 0.054) -> Magnesium <= 0.549) & AST >= 0.034)
",0.129,-0.540,-0.549,0.000,1.000,66,0,0,0,66,0,66,0,1.0,0.0,0.0,1.0,1.0,0.0,-1
"F[0,1](((BUN >= 0.072 -> Lactate <= 0.373) & SBP >= 0.003) & O2Sat <= 1.974)
",0.000,-9999999.000,-9999999.000,0.000,1.000,66,0,0,0,66,0,66,0,1.0,0.0,0.0,1.0,1.0,0.0,-1
"F[1,1]((Chloride >= 7.498 & pH <= 1.009) & pH >= 0.288)
",6.000,-7.498,-7.498,0.000,1.000,66,0,0,0,66,0,66,0,1.0,0.0,0.0,1.0,1.0,0.0,-1
"((Glucose <= 128.338) U[0,1] (SepsisLabel = 0.705))
",0.000,-9999999.000,-9999999.000,0.000,1.000,66,0,0,0,66,0,66,0,1.0,0.0,0.0,1.0,1.0,0.0,-1
"F[0,1](((Resp <= 25.408 & Temp <= 24.149) -> AST <= 20.393) -> FiO2 >= 5.712)
",0.000,-9999999.000,-9999999.000,0.000,1.000,66,0,0,0,66,0,66,0,1.0,0.0,0.0,1.0,1.0,0.0,-1
"((Hct <= 16.202) U[0,1] (SepsisLabel = 0.232))
",0.000,-9999999.000,-9999999.000,0.000,1.000,66,0,0,0,66,0,66,0,1.0,0.0,0.0,1.0,1.0,0.0,-1
"((Platelets <= 413.892) U[0,0] (SepsisLabel = 0.481))
",-6.000,413.892,413.892,0.000,1.000,66,0,0,0,66,0,66,0,1.0,0.0,0.0,1.0,1.0,0.0,-1
"((BUN < 6.518) U[1,1] (SepsisLabel = 0.080))
",-3.000,6.518,6.518,0.000,1.000,66,0,0,0,66,0,66,0,1.0,0.0,0.0,1.0,1.0,0.0,-1
"F[0,0]((Calcium <= 0.988 & Potassium <= 2.574) & Magnesium >= 0.166)
",0.129,-0.154,-0.166,0.000,1.000,66,0,0,0,66,0,66,0,1.0,0.0,0.0,1.0,1.0,0.0,-1
"F[1,1]((pH <= 4.303 -> Resp >= 2.082) & pH >= 8.591)
",0.000,-8.591,-8.591,0.000,1.000,66,0,0,0,66,0,66,0,1.0,0.0,0.0,1.0,1.0,0.0,-1
"F[0,1](((BaseExcess >= -0.454 & HR >= 45.521) | SepsisLabel >= 27.968) & FiO2 >= 59.981)
",0.000,-9999999.000,-9999999.000,0.000,1.000,66,0,0,0,66,0,66,0,1.0,0.0,0.0,1.0,1.0,0.0,-1
"F[0,1]((Calcium <= 8.674 & Potassium <= 1.957) & Magnesium >= 0.247)
",0.000,-9999999.000,-9999999.000,0.000,1.000,66,0,0,0,66,0,66,0,1.0,0.0,0.0,1.0,1.0,0.0,-1
"F[0,0](Phosphate <= 1.513 & SepsisLabel = 0.834)
",-0.182,-9.115,-0.834,0.000,1.000,66,0,0,0,66,0,66,0,1.0,0.0,0.0,1.0,1.0,0.0,-1
"G[0,1](Calcium >= 0.397 -> Creatinine >= 0.023)
",0.000,9999999.000,9999999.000,1.000,0.000,66,0,0,0,66,0,66,0,1.0,0.0,0.0,1.0,1.0,0.0,1
"F[0,0]((Calcium <= 6.317 & Potassium <= 3.204) & Magnesium >= 0.073)
",0.129,-0.052,-0.073,0.000,1.000,66,0,0,0,66,0,66,0,1.0,0.0,0.0,1.0,1.0,0.0,-1
"G[0,1](((FiO2 <= 0.111 & Hct >= 1.237) | BaseExcess <= 23.223) | Phosphate <= 48.760)
",0.000,9999999.000,9999999.000,1.000,0.000,66,0,0,0,66,0,66,0,1.0,0.0,0.0,1.0,1.0,0.0,1
"G[1,1](BaseExcess >= -5.147 | Potassium <= 1.883)
",-1.500,5.147,5.147,1.000,0.000,66,0,0,0,66,0,66,0,1.0,0.0,0.0,1.0,1.0,0.0,1
"G[0,1](((SepsisLabel <= 0.695 & Alkalinephos <= 0.000) & pH >= 0.000) | SaO2 >= 0.000)
",0.000,9999999.000,9999999.000,1.000,0.000,66,0,0,0,66,0,66,0,1.0,0.0,0.0,1.0,1.0,0.0,1
"G[1,1](((HR <= 104.756 | pH >= 0.078) & Creatinine <= 2.688) -> Resp >= 0.292)
",0.500,-2.688,-2.688,1.000,0.000,66,0,0,0,66,0,66,0,1.0,0.0,0.0,1.0,1.0,0.0,1
"G[0,1](HCO3 >= 3.502 | Potassium <= 1.657)
",0.000,9999999.000,9999999.000,1.000,0.000,66,0,0,0,66,0,66,0,1.0,0.0,0.0,1.0,1.0,0.0,1
"G[0,0]((Platelets >= 2.038 | SBP >= 10.286) | Hgb <= 121.145)
",-0.431,115.462,121.145,1.000,0.000,66,0,0,0,66,0,66,0,1.0,0.0,0.0,1.0,1.0,0.0,1
"G[0,1](((DBP >= 0.603 | Glucose >= 3.484) & Fibrinogen >= 6.316) | Calcium <= 79.544)
",0.000,9999999.000,9999999.000,1.000,0.000,66,0,0,0,66,0,66,0,1.0,0.0,0.0,1.0,1.0,0.0,1
"G[0,1]((DBP >= 1.992 | Potassium >= 0.307) -> Bilirubin_total <= 1.489)
",0.000,9999999.000,9999999.000,1.000,0.000,66,0,0,0,66,0,66,0,1.0,0.0,0.0,1.0,1.0,0.0,1
"G[0,1]((Phosphate >= 0.092 -> WBC <= 6.653) | Creatinine <= 20.559)
",0.000,9999999.000,9999999.000,1.000,0.000,66,0,0,0,66,0,66,0,1.0,0.0,0.0,1.0,1.0,0.0,1
"G[0,1](((SepsisLabel <= 0.797 -> Platelets <= 317.772) | HR >= 17.994) -> BaseExcess <= 22.033)
",0.000,9999999.000,9999999.000,1.000,0.000,66,0,0,0,66,0,66,0,1.0,0.0,0.0,1.0,1.0,0.0,1
"G[0,1]((FiO2 <= 0.498 | HR >= 18.388) | Bilirubin_total <= 103.647)
",0.000,9999999.000,9999999.000,1.000,0.000,66,0,0,0,66,0,66,0,1.0,0.0,0.0,1.0,1.0,0.0,1
"G[0,1](((BaseExcess <= 5.544 | Temp <= 19.683) | SaO2 <= 35.428) | BUN >= 6.469)
",0.000,9999999.000,9999999.000,1.000,0.000,66,0,0,0,66,0,66,0,1.0,0.0,0.0,1.0,1.0,0.0,1
"G[1,1](O2Sat <= 96.909 | Bilirubin_total >= 0.000)
",4.000,96.909,96.909,1.000,0.000,66,0,0,0,66,0,66,0,1.0,0.0,0.0,1.0,1.0,0.0,1
"G[1,1]((BaseExcess <= 4.108 | Chloride <= 68.823) -> Lactate <= 21.791)
",-3.000,-68.823,-68.823,1.000,0.000,66,0,0,0,66,0,66,0,1.0,0.0,0.0,1.0,1.0,0.0,1
"G[0,1]((Creatinine <= 0.281 | Glucose <= 80.524) | Lactate <= 92.838)
",0.000,9999999.000,9999999.000,1.000,0.000,66,0,0,0,66,0,66,0,1.0,0.0,0.0,1.0,1.0,0.0,1
"F[1,1]((Glucose >= 3.246 -> Temp <= 33.784) & PaCO2 >= 1.133)
",3.000,-33.784,-33.784,0.000,1.000,65,0,0,1,66,0,65,1,0.9848484848484849,0.0,0.0,1.0,0.9848484848484849,0.015151515151515138,-1
"G[0,0](Magnesium >= 0.077 -> O2Sat >= 26.754)
",0.846,-53.159,-70.046,1.000,0.000,65,0,0,1,66,0,65,1,0.9848484848484849,0.0,0.0,1.0,0.9848484848484849,0.015151515151515138,1
"G[0,1]((BaseExcess >= -5.699 & Calcium >= 0.334) | Resp >= 0.324)
",0.000,9999999.000,9999999.000,1.000,0.000,65,0,0,1,66,0,65,1,0.9848484848484849,0.0,0.0,1.0,0.9848484848484849,0.015151515151515138,1
"F[1,1]((FiO2 >= 0.021 -> Platelets <= 171.316) -> EtCO2 >= 7.661)
",3.500,7.661,7.661,0.000,1.000,65,0,0,1,66,0,65,1,0.9848484848484849,0.0,0.0,1.0,0.9848484848484849,0.015151515151515138,-1
"G[0,0](Chloride <= 88.231 -> HR <= 106.676)
",0.184,-87.970,-88.231,1.000,0.000,65,0,0,1,66,0,65,1,0.9848484848484849,0.0,0.0,1.0,0.9848484848484849,0.015151515151515138,1
"G[1,1]((O2Sat <= 98.384 & Lactate >= 0.058) -> Chloride >= 0.008)
",5.000,0.008,0.008,1.000,0.000,65,0,0,1,66,0,65,1,0.9848484848484849,0.0,0.0,1.0,0.9848484848484849,0.015151515151515138,1
"F[1,1](((O2Sat >= 22.748 | WBC >= 0.672) & BaseExcess >= 1.292) & Platelets <= 11.937)
",0.667,-1.292,-1.292,0.000,1.000,64,0,0,2,66,0,64,2,0.9696969696969697,0.0,0.0,1.0,0.9696969696969697,0.030303030303030276,-1
"G[1,1](Creatinine >= 0.023 -> pH >= 0.214)
",3.000,0.023,0.023,1.000,0.000,64,0,0,2,66,0,64,2,0.9696969696969697,0.0,0.0,1.0,0.9696969696969697,0.030303030303030276,1
"G[0,0](Hct <= 34.378 -> Phosphate <= 1.724)
",-2.000,-34.378,-34.378,1.000,0.000,64,0,0,2,66,0,64,2,0.9696969696969697,0.0,0.0,1.0,0.9696969696969697,0.030303030303030276,1
"F[1,1]((Calcium <= 5.188 & Potassium <= 3.628) & Magnesium >= 0.036)
",1.000,-0.036,-0.036,0.000,1.000,64,0,0,2,66,0,64,2,0.9696969696969697,0.0,0.0,1.0,0.9696969696969697,0.030303030303030276,-1
"((Lactate >= 0.024) U[1,1] (WBC >= 1.184))
",1.000,-0.024,-0.024,0.000,1.000,64,0,0,2,66,0,64,2,0.9696969696969697,0.0,0.0,1.0,0.9696969696969697,0.030303030303030276,-1
"F[1,1]((TroponinI >= 0.000 & Platelets <= 318.127) & Hgb >= 14.189)
",0.000,-14.189,-14.189,0.000,1.000,64,0,0,2,66,0,64,2,0.9696969696969697,0.0,0.0,1.0,0.9696969696969697,0.030303030303030276,-1
"G[0,1](((AST <= 0.000 -> Alkalinephos >= 0.000) & WBC <= 0.000) | SBP <= 0.000)
",0.000,9999999.000,9999999.000,1.000,0.000,64,0,0,2,66,0,64,2,0.9696969696969697,0.0,0.0,1.0,0.9696969696969697,0.030303030303030276,1
"G[1,1](PaCO2 > 0.388 -> SepsisLabel = 0.072)
",-1.000,0.072,0.072,1.000,0.000,64,0,0,2,66,0,64,2,0.9696969696969697,0.0,0.0,1.0,0.9696969696969697,0.030303030303030276,1
"G[1,1](((FiO2 <= 0.480 -> TroponinI <= 0.000) | AST >= 0.000) & Lactate <= 0.000)
",0.000,0.000,0.000,1.000,0.000,64,0,0,2,66,0,64,2,0.9696969696969697,0.0,0.0,1.0,0.9696969696969697,0.030303030303030276,1
"G[1,1](((Hgb >= 1.480 & Platelets <= 24.495) -> Resp >= 10.705) & MAP >= 5.125)
",-2.500,-5.125,-5.125,1.000,0.000,64,0,0,2,66,0,64,2,0.9696969696969697,0.0,0.0,1.0,0.9696969696969697,0.030303030303030276,1
"G[0,0](Chloride <= 20.422 | Hct >= 5.126)
",-0.184,20.161,20.422,1.000,0.000,64,0,0,2,66,0,64,2,0.9696969696969697,0.0,0.0,1.0,0.9696969696969697,0.030303030303030276,1
"((HR >= 44.048) U[1,1] (Platelets >= 19.450))
",0.667,-19.450,-19.450,0.000,1.000,63,0,0,3,66,0,63,3,0.9545454545454546,0.0,0.0,1.0,0.9545454545454546,0.045454545454545414,-1
"G[0,0](((BUN <= 4.765 -> Hct >= 2.653) -> SBP >= 3.480) | WBC >= 0.222)
",0.027,3.699,3.480,1.000,0.000,63,0,0,3,66,0,63,3,0.9545454545454546,0.0,0.0,1.0,0.9545454545454546,0.045454545454545414,1
"G[1,1]((pH >= 0.092 -> Temp >= 9.738) | Alkalinephos >= 3.183)
",10.000,0.092,0.092,1.000,0.000,63,0,0,3,66,0,63,3,0.9545454545454546,0.0,0.0,1.0,0.9545454545454546,0.045454545454545414,1
"G[1,1]((Calcium <= 4.462 | Phosphate <= 0.754) & Creatinine <= 2.351)
",2.000,2.351,2.351,1.000,0.000,63,0,0,3,66,0,63,3,0.9545454545454546,0.0,0.0,1.0,0.9545454545454546,0.045454545454545414,1
"G[0,1](Lactate >= 0.044 -> pH <= 6.720)
",0.000,9999999.000,9999999.000,1.000,0.000,62,0,0,4,66,0,62,4,0.9393939393939394,0.0,0.0,1.0,0.9393939393939394,0.06060606060606055,1
"G[0,0](Hct >= 1.489 | SepsisLabel <= 0.504)
",-0.184,0.439,0.504,1.000,0.000,62,0,0,4,66,0,62,4,0.9393939393939394,0.0,0.0,1.0,0.9393939393939394,0.06060606060606055,1
"G[0,1]((Lactate <= 1.441 & PTT >= 0.415) -> Creatinine >= 1.109)
",0.000,9999999.000,9999999.000,1.000,0.000,62,0,0,4,66,0,62,4,0.9393939393939394,0.0,0.0,1.0,0.9393939393939394,0.06060606060606055,1
"F[0,1]((Magnesium >= 0.225 -> PaCO2 >= 0.060) & PaCO2 >= 0.067)
",0.000,-9999999.000,-9999999.000,0.000,1.000,62,0,0,4,66,0,62,4,0.9393939393939394,0.0,0.0,1.0,0.9393939393939394,0.06060606060606055,-1
"F[0,0](((Magnesium >= 0.254 -> pH <= 1.095) & SBP >= 0.162) | Alkalinephos >= 0.390)
",0.322,0.446,-0.390,0.000,1.000,62,0,0,4,66,0,62,4,0.9393939393939394,0.0,0.0,1.0,0.9393939393939394,0.06060606060606055,-1
"F[0,0](((DBP <= 39.604 & Temp >= 5.427) -> Alkalinephos <= 28.821) -> pH >= 6.073)
",-0.440,6.004,6.073,0.000,1.000,62,0,0,4,66,0,62,4,0.9393939393939394,0.0,0.0,1.0,0.9393939393939394,0.06060606060606055,-1
"F[0,1](Chloride <= 36.102 & WBC >= 1.688)
",0.000,-9999999.000,-9999999.000,0.000,1.000,62,0,0,4,66,0,62,4,0.9393939393939394,0.0,0.0,1.0,0.9393939393939394,0.06060606060606055,-1
"G[0,0](Lactate >= 0.008 | Phosphate <= 0.479)
",0.183,5.169,0.479,1.000,0.000,61,0,0,5,66,0,61,5,0.9242424242424242,0.0,0.0,1.0,0.9242424242424242,0.0757575757575758,1
"G[0,1](BUN >= 1.228 -> Platelets <= 287.766)
",0.000,9999999.000,9999999.000,1.000,0.000,61,0,0,5,66,0,61,5,0.9242424242424242,0.0,0.0,1.0,0.9242424242424242,0.0757575757575758,1
"((O2Sat <= 97.469) U[1,1] (SepsisLabel >= 0.053))
",0.000,97.469,97.469,0.000,1.000,61,0,0,5,66,0,61,5,0.9242424242424242,0.0,0.0,1.0,0.9242424242424242,0.0757575757575758,-1
"F[1,1]((SepsisLabel >= 0.017 & Fibrinogen >= 0.000) & SBP >= 0.000)
",-6.000,-0.017,-0.017,0.000,1.000,61,0,0,5,66,0,61,5,0.9242424242424242,0.0,0.0,1.0,0.9242424242424242,0.0757575757575758,-1
"F[1,1](Phosphate <= 2.529 & SepsisLabel >= 0.064)
",7.000,-0.064,-0.064,0.000,1.000,61,0,0,5,66,0,61,5,0.9242424242424242,0.0,0.0,1.0,0.9242424242424242,0.0757575757575758,-1
"F[1,1](((SepsisLabel <= 0.381 & Lactate <= 0.904) | Calcium >= 0.051) -> EtCO2 >= 0.028)
",4.000,-0.381,-0.381,0.000,1.000,60,0,0,6,66,0,60,6,0.9090909090909091,0.0,0.0,1.0,0.9090909090909091,0.09090909090909094,-1
"F[0,0](DBP >= 4.998 & MAP <= 109.576)
",-0.098,61.650,68.002,0.000,1.000,60,0,0,6,66,0,60,6,0.9090909090909091,0.0,0.0,1.0,0.9090909090909091,0.09090909090909094,-1
"((BUN >= 0.008) U[0,1] (pH >= 0.422))
",0.000,-9999999.000,-9999999.000,0.000,1.000,60,0,0,6,66,0,60,6,0.9090909090909091,0.0,0.0,1.0,0.9090909090909091,0.09090909090909094,-1
"((DBP >= 5.662) U[1,2] (Resp >= 11.690))
",0.000,-9999999.000,-9999999.000,0.000,1.000,60,0,0,6,66,0,60,6,0.9090909090909091,0.0,0.0,1.0,0.9090909090909091,0.09090909090909094,-1
"F[0,0](((PaCO2 >= 0.352 -> Platelets <= 35.585) -> PTT <= 121.358) -> DBP >= 15.950)
",0.002,-56.935,-57.050,0.000,1.000,60,0,0,6,66,0,60,6,0.9090909090909091,0.0,0.0,1.0,0.9090909090909091,0.09090909090909094,-1
"G[0,1](((Lactate <= 0.787 & Phosphate >= 0.096) & Chloride >= 0.112) -> Glucose <= 2.351)
",0.000,9999999.000,9999999.000,1.000,0.000,60,0,0,6,66,0,60,6,0.9090909090909091,0.0,0.0,1.0,0.9090909090909091,0.09090909090909094,1
"G[0,0](Calcium >= 0.369 -> PaCO2 >= 0.597)
",0.292,0.134,-1.088,1.000,0.000,60,0,0,6,66,0,60,6,0.9090909090909091,0.0,0.0,1.0,0.9090909090909091,0.09090909090909094,1
"G[1,1](((Glucose >= 5.185 -> PaCO2 <= 27.760) -> PTT <= 10.642) & Glucose <= 28.839)
",0.000,-10.642,-10.642,1.000,0.000,60,0,0,6,66,0,60,6,0.9090909090909091,0.0,0.0,1.0,0.9090909090909091,0.09090909090909094,1
"G[1,1](HCO3 >= 1.257 -> Phosphate >= 0.121)
",-7.000,0.121,0.121,1.000,0.000,60,0,0,6,66,0,60,6,0.9090909090909091,0.0,0.0,1.0,0.9090909090909091,0.09090909090909094,1
"F[0,1]((Calcium <= 5.271 & Potassium <= 4.048) & Magnesium >= 0.055)
",0.000,-9999999.000,-9999999.000,0.000,1.000,59,0,0,7,66,0,59,7,0.8939393939393939,0.0,0.0,1.0,0.8939393939393939,0.10606060606060608,-1
"((FiO2 <= 0.361) U[1,1] (WBC >= 1.993))
",-1.333,0.361,0.361,0.000,1.000,59,0,0,7,66,0,59,7,0.8939393939393939,0.0,0.0,1.0,0.8939393939393939,0.10606060606060608,-1
"G[0,1](((O2Sat <= 97.301 -> Phosphate >= 0.021) & Potassium >= 0.096) -> Creatinine >= 0.009)
",0.000,9999999.000,9999999.000,1.000,0.000,59,0,0,7,66,0,59,7,0.8939393939393939,0.0,0.0,1.0,0.8939393939393939,0.10606060606060608,1
"F[0,1](((pH <= 4.290 & Potassium >= 0.227) -> Hct <= 0.717) & Hct >= 0.039)
",0.000,-9999999.000,-9999999.000,0.000,1.000,58,0,0,8,66,0,58,8,0.8787878787878788,0.0,0.0,1.0,0.8787878787878788,0.12121212121212122,-1
"G[1,1](DBP >= 6.851 -> O2Sat <= 94.595)
",3.000,-94.595,-94.595,1.000,0.000,58,0,0,8,66,0,58,8,0.8787878787878788,0.0,0.0,1.0,0.8787878787878788,0.12121212121212122,1
"F[1,1](DBP >= 5.198 & Creatinine >= 0.000)
",-0.667,-5.198,-5.198,0.000,1.000,58,0,0,8,66,0,58,8,0.8787878787878788,0.0,0.0,1.0,0.8787878787878788,0.12121212121212122,-1
"F[0,1]((Calcium >= 0.510 -> Magnesium >= 0.073) & SBP >= 0.044)
",0.000,-9999999.000,-9999999.000,0.000,1.000,58,0,0,8,66,0,58,8,0.8787878787878788,0.0,0.0,1.0,0.8787878787878788,0.12121212121212122,-1
"((Hgb >= 1.396) U[1,1] (SepsisLabel <= 0.936))
",-2.333,0.936,0.936,0.000,1.000,58,0,0,8,66,0,58,8,0.8787878787878788,0.0,0.0,1.0,0.8787878787878788,0.12121212121212122,-1
"G[0,1]((BaseExcess >= -4.318 -> Hct <= 33.353) | BaseExcess >= 4.117)
",0.000,9999999.000,9999999.000,1.000,0.000,58,0,0,8,66,0,58,8,0.8787878787878788,0.0,0.0,1.0,0.8787878787878788,0.12121212121212122,1
"F[0,1](((Lactate <= 1.741 & Platelets <= 380.936) & SBP >= 17.568) & SepsisLabel <= 337.608)
",0.000,-9999999.000,-9999999.000,0.000,1.000,58,0,0,8,66,0,58,8,0.8787878787878788,0.0,0.0,1.0,0.8787878787878788,0.12121212121212122,-1
"G[1,1](((HR <= 98.166 & PaCO2 <= 22.732) & TroponinI <= 42.671) -> Temp <= 30.114)
",4.500,-30.114,-30.114,1.000,0.000,58,0,0,8,66,0,58,8,0.8787878787878788,0.0,0.0,1.0,0.8787878787878788,0.12121212121212122,1
"G[0,1]((HR >= 17.995 & Lactate <= 0.325) -> SBP <= 0.359)
",0.000,9999999.000,9999999.000,1.000,0.000,58,0,0,8,66,0,58,8,0.8787878787878788,0.0,0.0,1.0,0.8787878787878788,0.12121212121212122,1
"G[0,1](((O2Sat >= 53.547 | Glucose >= 3.156) & Resp <= 144.906) & DBP <= 26.179)
",0.000,9999999.000,9999999.000,1.000,0.000,57,0,0,9,66,0,57,9,0.8636363636363636,0.0,0.0,1.0,0.8636363636363636,0.13636363636363635,1
"G[0,0]((MAP <= 108.948 -> WBC <= 9.058) | Bilirubin_total >= 1.210)
",0.330,-0.829,-1.210,1.000,0.000,57,0,0,9,66,0,57,9,0.8636363636363636,0.0,0.0,1.0,0.8636363636363636,0.13636363636363635,1
"G[0,0](((HR <= 91.683 | Fibrinogen <= 0.000) & DBP >= 0.000) -> HCO3 <= 0.000)
",-0.129,-0.049,0.000,1.000,0.000,57,0,0,9,66,0,57,9,0.8636363636363636,0.0,0.0,1.0,0.8636363636363636,0.13636363636363635,1
"F[0,1](((BaseExcess <= 2.093 -> BUN >= 0.610) | SaO2 <= 6.385) & Calcium >= 0.916)
",0.000,-9999999.000,-9999999.000,0.000,1.000,57,0,0,9,66,0,57,9,0.8636363636363636,0.0,0.0,1.0,0.8636363636363636,0.13636363636363635,-1
"((Hgb >= 1.573) U[1,2] (Resp >= 1.094))
",0.000,-9999999.000,-9999999.000,0.000,1.000,57,0,0,9,66,0,57,9,0.8636363636363636,0.0,0.0,1.0,0.8636363636363636,0.13636363636363635,-1
"((Hct >= 1.529) U[0,0] (Magnesium >= 0.013))
",0.129,0.017,-0.013,0.000,1.000,57,0,0,9,66,0,57,9,0.8636363636363636,0.0,0.0,1.0,0.8636363636363636,0.13636363636363635,-1
"G[0,1](Calcium <= 1.309 & Glucose <= 47.311)
",0.000,9999999.000,9999999.000,1.000,0.000,56,0,0,10,66,0,56,10,0.8484848484848485,0.0,0.0,1.0,0.8484848484848485,0.1515151515151515,1
"F[0,0]((DBP <= 55.040 -> Platelets >= 10.305) & SepsisLabel <= 324.778)
",0.192,5.413,-2.764,0.000,1.000,56,0,0,10,66,0,56,10,0.8484848484848485,0.0,0.0,1.0,0.8484848484848485,0.1515151515151515,-1
"F[0,1](Resp <= 23.145 -> SepsisLabel = 0.337)
",0.000,-9999999.000,-9999999.000,0.000,1.000,55,0,0,11,66,0,55,11,0.8333333333333334,0.0,0.0,1.0,0.8333333333333334,0.16666666666666663,-1
"((FiO2 >= 0.013) U[1,2] (O2Sat >= 53.036))
",0.000,-9999999.000,-9999999.000,0.000,1.000,55,0,0,11,66,0,55,11,0.8333333333333334,0.0,0.0,1.0,0.8333333333333334,0.16666666666666663,-1
"F[1,1]((HCO3 >= 2.199 & Hgb >= 0.155) | Hct >= 0.064)
",3.000,-0.064,-0.064,0.000,1.000,55,0,0,11,66,0,55,11,0.8333333333333334,0.0,0.0,1.0,0.8333333333333334,0.16666666666666663,-1
"((Lactate >= 0.027) U[0,1] (Potassium >= 0.230))
",0.000,-9999999.000,-9999999.000,0.000,1.000,54,0,0,12,66,0,54,12,0.8181818181818182,0.0,0.0,1.0,0.8181818181818182,0.18181818181818177,-1
"((Potassium <= 1.860) U[0,1] (WBC >= 0.740))
",0.000,-9999999.000,-9999999.000,0.000,1.000,54,0,0,12,66,0,54,12,0.8181818181818182,0.0,0.0,1.0,0.8181818181818182,0.18181818181818177,-1
"((BUN <= 6.375) U[0,1] (Chloride >= 1.280))
",0.000,-9999999.000,-9999999.000,0.000,1.000,54,0,0,12,66,0,54,12,0.8181818181818182,0.0,0.0,1.0,0.8181818181818182,0.18181818181818177,-1
"((BUN <= 7.212) U[0,1] (HCO3 >= 0.402))
",0.000,-9999999.000,-9999999.000,0.000,1.000,54,0,0,12,66,0,54,12,0.8181818181818182,0.0,0.0,1.0,0.8181818181818182,0.18181818181818177,-1
"F[0,0]((Magnesium >= 0.175 | Potassium >= 0.168) | SBP >= 0.502)
",0.674,11.197,-0.168,0.000,1.000,53,0,0,13,66,0,53,13,0.803030303030303,0.0,0.0,1.0,0.803030303030303,0.19696969696969702,-1
"F[0,1]((FiO2 >= 0.025 & SepsisLabel <= 0.679) & Temp >= 0.037)
",0.000,-9999999.000,-9999999.000,0.000,1.000,53,0,0,13,66,0,53,13,0.803030303030303,0.0,0.0,1.0,0.803030303030303,0.19696969696969702,-1
"F[1,1](((BaseExcess <= 0.507 -> Creatinine >= 0.009) | DBP <= 0.485) -> Temp >= 0.008)
",3.500,-0.485,-0.485,0.000,1.000,53,0,0,13,66,0,53,13,0.803030303030303,0.0,0.0,1.0,0.803030303030303,0.19696969696969702,-1
"F[0,0](((MAP <= 79.257 & PTT >= 0.284) | Potassium >= 1.135) | SBP >= 1.138)
",0.718,11.514,-0.284,0.000,1.000,53,0,0,13,66,0,53,13,0.803030303030303,0.0,0.0,1.0,0.803030303030303,0.19696969696969702,-1
"F[0,1]((Chloride >= 6.294 | HR >= 51.434) -> Chloride >= 77.013)
",0.000,-9999999.000,-9999999.000,0.000,1.000,53,0,0,13,66,0,53,13,0.803030303030303,0.0,0.0,1.0,0.803030303030303,0.19696969696969702,-1
"G[0,1](Chloride <= 85.301 & O2Sat >= 84.617)
",0.000,9999999.000,9999999.000,1.000,0.000,52,0,0,14,66,0,52,14,0.7878787878787878,0.0,0.0,1.0,0.7878787878787878,0.21212121212121215,1
"F[0,1]((O2Sat >= 26.184 & Potassium >= 0.216) | PaCO2 >= 0.253)
",0.000,-9999999.000,-9999999.000,0.000,1.000,51,0,0,15,66,0,51,15,0.7727272727272727,0.0,0.0,1.0,0.7727272727272727,0.2272727272727273,-1
"F[0,1](((Glucose <= 22.527 | PTT <= 47.082) -> Hct >= 0.298) | Fibrinogen >= 0.837)
",0.000,-9999999.000,-9999999.000,0.000,1.000,51,0,0,15,66,0,51,15,0.7727272727272727,0.0,0.0,1.0,0.7727272727272727,0.2272727272727273,-1
"G[1,1](Glucose <= 14.926 -> HR <= 86.812)
",-1.000,-86.812,-86.812,1.000,0.000,47,0,0,19,66,0,47,19,0.7121212121212122,0.0,0.0,1.0,0.7121212121212122,0.28787878787878785,1
"G[0,1](FiO2 <= 0.187 & SBP <= 34.859)
",0.000,9999999.000,9999999.000,1.000,0.000,47,0,0,19,66,0,47,19,0.7121212121212122,0.0,0.0,1.0,0.7121212121212122,0.28787878787878785,1
"G[0,1]((SBP <= 13.889 & Hct <= 10.117) & Lactate <= 49.976)
",0.000,9999999.000,9999999.000,1.000,0.000,46,0,0,20,66,0,46,20,0.696969696969697,0.0,0.0,1.0,0.696969696969697,0.303030303030303,1
"F[0,1](HR <= 91.537 -> SBP >= 8.510)
",0.000,-9999999.000,-9999999.000,0.000,1.000,45,0,0,21,66,0,45,21,0.6818181818181818,0.0,0.0,1.0,0.6818181818181818,0.31818181818181823,-1
"F[0,1]((BUN <= 1.410 & HR <= 102.631) -> DBP >= 5.817)
",0.000,-9999999.000,-9999999.000,0.000,1.000,44,0,0,22,66,0,44,22,0.6666666666666666,0.0,0.0,1.0,0.6666666666666666,0.33333333333333337,-1
"F[0,0]((HCO3 <= 21.177 & O2Sat <= 96.026) | O2Sat <= 95.037)
",0.775,16.258,-0.774,0.000,1.000,40,0,0,26,66,0,40,26,0.6060606060606061,0.0,0.0,1.0,0.6060606060606061,0.3939393939393939,-1
"((MAP <= 95.975) U[0,0] (Temp >= 8.915))
",-0.356,95.282,95.975,0.000,1.000,38,0,0,28,66,0,38,28,0.5757575757575758,0.0,0.0,1.0,0.5757575757575758,0.4242424242424242,-1
"F[1,1](Resp <= 19.130 & SepsisLabel <= 0.810)
",-4.000,0.810,0.810,0.000,1.000,33,0,0,33,66,0,33,33,0.5,0.0,0.0,1.0,0.5,0.5,-1
"((Phosphate <= 1.087) U[0,1] (Temp >= 10.253))
",0.000,-9999999.000,-9999999.000,0.000,1.000,30,0,0,36,66,0,30,36,0.45454545454545453,0.0,0.0,1.0,0.45454545454545453,0.5454545454545454,-1
"G[0,0]((DBP <= 12.896 | HCO3 <= 25.310) -> Temp >= 0.930)
",-0.369,-95.082,-81.318,1.000,0.000,28,0,0,38,66,0,28,38,0.42424242424242425,0.0,0.0,1.0,0.42424242424242425,0.5757575757575757,1
"((HR <= 83.511) U[1,2] (HR >= 60.588))
",0.000,-9999999.000,-9999999.000,0.000,1.000,28,0,0,38,66,0,28,38,0.42424242424242425,0.0,0.0,1.0,0.42424242424242425,0.5757575757575757,-1
"F[0,1](FiO2 <= 0.179 -> Temp >= 5.972)
",0.000,-9999999.000,-9999999.000,0.000,1.000,28,0,0,38,66,0,28,38,0.42424242424242425,0.0,0.0,1.0,0.42424242424242425,0.5757575757575757,-1
"F[0,1]((Temp <= 17.238 & WBC <= 10.160) -> HR <= 15.757)
",0.000,-9999999.000,-9999999.000,0.000,1.000,24,0,0,42,66,0,24,42,0.36363636363636365,0.0,0.0,1.0,0.36363636363636365,0.6363636363636364,-1
"G[0,0](O2Sat <= 98.653 -> Hct >= 1.155)
",-0.761,-19.351,-3.768,1.000,0.000,21,0,0,45,66,0,21,45,0.3181818181818182,0.0,0.0,1.0,0.3181818181818182,0.6818181818181819,1
"((MAP >= 23.195) U[0,0] (Resp <= 21.311))
",0.352,27.015,21.311,0.000,1.000,20,0,0,46,66,0,20,46,0.30303030303030304,0.0,0.0,1.0,0.30303030303030304,0.696969696969697,-1
"F[1,1](((HR <= 83.594 -> MAP <= 74.990) | TroponinI >= 8.037) & Fibrinogen <= 109.817)
",0.000,-8.037,-8.037,0.000,1.000,18,0,0,48,66,0,18,48,0.2727272727272727,0.0,0.0,1.0,0.2727272727272727,0.7272727272727273,-1
"G[0,1](((Calcium >= 0.016 | SBP <= 60.424) -> MAP <= 66.271) | SaO2 >= 0.085)
",0.000,9999999.000,9999999.000,1.000,0.000,13,0,0,53,66,0,13,53,0.19696969696969696,0.0,0.0,1.0,0.19696969696969696,0.803030303030303,1
"G[0,0](((HR >= 30.051 -> WBC <= 16.078) -> Phosphate >= 1.780) | DBP >= 0.668)
",-0.008,72.344,72.822,1.000,0.000,12,0,0,54,66,0,12,54,0.18181818181818182,0.0,0.0,1.0,0.18181818181818182,0.8181818181818181,1
"((MAP >= 0.541) U[1,1] (SBP <= 48.739))
",-2.000,48.739,48.739,0.000,1.000,12,0,0,54,66,0,12,54,0.18181818181818182,0.0,0.0,1.0,0.18181818181818182,0.8181818181818181,-1
"G[0,0]((O2Sat >= 88.796 | Chloride >= 4.505) -> BUN >= 0.754)
",0.868,-0.548,-9.213,1.000,0.000,11,0,0,55,66,0,11,55,0.16666666666666666,0.0,0.0,1.0,0.16666666666666666,0.8333333333333334,1
"F[0,0](Hct <= 15.977 | PaCO2 >= 1.127)
",12.000,15.977,15.977,0.000,1.000,10,0,0,56,66,0,10,56,0.15151515151515152,0.0,0.0,1.0,0.15151515151515152,0.8484848484848485,-1
"G[0,0](Calcium >= 0.172 | SepsisLabel >= 0.075)
",0.182,8.253,-0.075,1.000,0.000,10,0,0,56,66,0,10,56,0.15151515151515152,0.0,0.0,1.0,0.15151515151515152,0.8484848484848485,1
"G[1,1]((HCO3 >= 1.551 & Platelets <= 382.496) | Potassium >= 0.934)
",7.000,-0.934,-0.934,1.000,0.000,9,0,0,57,66,0,9,57,0.13636363636363635,0.0,0.0,1.0,0.13636363636363635,0.8636363636363636,1
"((Hct <= 10.308) U[0,0] (Potassium <= 1.107))
",-1.000,10.308,10.308,0.000,1.000,9,0,0,57,66,0,9,57,0.13636363636363635,0.0,0.0,1.0,0.13636363636363635,0.8636363636363636,-1
"G[0,0](Platelets <= 359.943 -> WBC >= 1.797)
",-3.000,-359.943,-359.943,1.000,0.000,9,0,0,57,66,0,9,57,0.13636363636363635,0.0,0.0,1.0,0.13636363636363635,0.8636363636363636,1
"G[1,1]((Creatinine >= 0.013 | Magnesium >= 0.159) & BUN >= 0.146)
",-6.000,-0.146,-0.146,1.000,0.000,9,0,0,57,66,0,9,57,0.13636363636363635,0.0,0.0,1.0,0.13636363636363635,0.8636363636363636,1
"G[0,0](((Hgb >= 0.235 & pH <= 2.691) -> SaO2 <= 6.685) & Chloride >= 0.136)
",0.129,-6.572,-6.685,1.000,0.000,9,0,0,57,66,0,9,57,0.13636363636363635,0.0,0.0,1.0,0.13636363636363635,0.8636363636363636,1
"G[1,1](Platelets <= 410.414 -> WBC >= 1.504)
",0.000,-410.414,-410.414,1.000,0.000,9,0,0,57,66,0,9,57,0.13636363636363635,0.0,0.0,1.0,0.13636363636363635,0.8636363636363636,1
"F[0,0](WBC > 1.061 -> SepsisLabel = 0.445)
",-0.176,-1.018,0.445,0.000,1.000,9,0,0,57,66,0,9,57,0.13636363636363635,0.0,0.0,1.0,0.13636363636363635,0.8636363636363636,-1
"F[0,0](((Calcium < 4.380 & Potassium < 3.515) & Magnesium < 2.408) & Phosphate < 1.249)
",-0.328,1.026,1.249,0.000,1.000,9,0,0,57,66,0,9,57,0.13636363636363635,0.0,0.0,1.0,0.13636363636363635,0.8636363636363636,-1
"F[0,0]((WBC <= 15.415 | TroponinI >= 0.000) & WBC <= 0.000)
",-0.177,-1.493,0.000,0.000,1.000,9,0,0,57,66,0,9,57,0.13636363636363635,0.0,0.0,1.0,0.13636363636363635,0.8636363636363636,-1
"F[1,1](((Calcium < 4.697 & Potassium < 1.740) & Magnesium < 0.396) & Phosphate < 2.644)
",0.000,0.396,0.396,0.000,1.000,9,0,0,57,66,0,9,57,0.13636363636363635,0.0,0.0,1.0,0.13636363636363635,0.8636363636363636,-1
"((Chloride <= 94.998) U[1,2] (PaCO2 <= 43.639))
",0.000,-9999999.000,-9999999.000,0.000,1.000,9,0,0,57,66,0,9,57,0.13636363636363635,0.0,0.0,1.0,0.13636363636363635,0.8636363636363636,-1
"((MAP >= 52.066) U[1,1] (SBP <= 95.086))
",-0.500,95.086,95.086,0.000,1.000,8,0,0,58,66,0,8,58,0.12121212121212122,0.0,0.0,1.0,0.12121212121212122,0.8787878787878788,-1
"G[1,1](Creatinine <= 0.497 -> DBP >= 4.050)
",7.000,-0.497,-0.497,1.000,0.000,8,0,0,58,66,0,8,58,0.12121212121212122,0.0,0.0,1.0,0.12121212121212122,0.8787878787878788,1
"F[0,1](pH <= 1.501 & WBC <= 7.301)
",0.000,-9999999.000,-9999999.000,0.000,1.000,8,0,0,58,66,0,8,58,0.12121212121212122,0.0,0.0,1.0,0.12121212121212122,0.8787878787878788,-1
"((Hgb <= 11.164) U[1,2] (Phosphate <= 2.279))
",0.000,-9999999.000,-9999999.000,0.000,1.000,7,0,0,59,66,0,7,59,0.10606060606060606,0.0,0.0,1.0,0.10606060606060606,0.8939393939393939,-1
"((O2Sat <= 99.709) U[1,2] (PaCO2 <= 9.438))
",0.000,-9999999.000,-9999999.000,0.000,1.000,7,0,0,59,66,0,7,59,0.10606060606060606,0.0,0.0,1.0,0.10606060606060606,0.8939393939393939,-1
"((Glucose <= 43.186) U[1,1] (BaseExcess <= 1.465))
",-9.000,43.186,43.186,0.000,1.000,7,0,0,59,66,0,7,59,0.10606060606060606,0.0,0.0,1.0,0.10606060606060606,0.8939393939393939,-1
"G[0,0](((BaseExcess <= 5.490 | Resp <= 24.329) -> Calcium >= 4.539) & Potassium >= 0.080)
",0.360,-22.167,-24.329,1.000,0.000,6,0,0,60,66,0,6,60,0.09090909090909091,0.0,0.0,1.0,0.09090909090909091,0.9090909090909091,1
"G[0,1](Creatinine <= 0.333 -> HCO3 >= 2.512)
",0.000,9999999.000,9999999.000,1.000,0.000,6,0,0,60,66,0,6,60,0.09090909090909091,0.0,0.0,1.0,0.09090909090909091,0.9090909090909091,1
"G[0,1](Platelets <= 251.274 -> WBC >= 1.145)
",0.000,9999999.000,9999999.000,1.000,0.000,6,0,0,60,66,0,6,60,0.09090909090909091,0.0,0.0,1.0,0.09090909090909091,0.9090909090909091,1
"G[0,1]((Lactate <= 1.499 -> O2Sat <= 99.142) -> Bilirubin_direct >= 67.946)
",0.000,9999999.000,9999999.000,1.000,0.000,6,0,0,60,66,0,6,60,0.09090909090909091,0.0,0.0,1.0,0.09090909090909091,0.9090909090909091,1
"G[0,1](((BaseExcess <= 5.245 | Glucose >= 5.221) & Hgb >= 2.698) | SepsisLabel >= 2.538)
",0.000,9999999.000,9999999.000,1.000,0.000,6,0,0,60,66,0,6,60,0.09090909090909091,0.0,0.0,1.0,0.09090909090909091,0.9090909090909091,1
"G[0,1](Chloride >= 10.129 & HCO3 >= 1.310)
",0.000,9999999.000,9999999.000,1.000,0.000,6,0,0,60,66,0,6,60,0.09090909090909091,0.0,0.0,1.0,0.09090909090909091,0.9090909090909091,1
"G[0,1]((TroponinI >= 0.000 & Creatinine <= 0.393) -> HCO3 >= 0.006)
",0.000,9999999.000,9999999.000,1.000,0.000,6,0,0,60,66,0,6,60,0.09090909090909091,0.0,0.0,1.0,0.09090909090909091,0.9090909090909091,1
"G[0,1](Chloride >= 8.821 & HCO3 >= 0.296)
",0.000,9999999.000,9999999.000,1.000,0.000,6,0,0,60,66,0,6,60,0.09090909090909091,0.0,0.0,1.0,0.09090909090909091,0.9090909090909091,1
"F[1,1](Hgb <= 12.008 | Hct <= 8.795)
",-0.000,12.008,12.008,0.000,1.000,6,0,0,60,66,0,6,60,0.09090909090909091,0.0,0.0,1.0,0.09090909090909091,0.9090909090909091,-1
"F[0,1](Chloride <= 34.102 | Potassium <= 1.859)
",0.000,-9999999.000,-9999999.000,0.000,1.000,6,0,0,60,66,0,6,60,0.09090909090909091,0.0,0.0,1.0,0.09090909090909091,0.9090909090909091,-1
"((Alkalinephos <= 0.000) U[0,1] (BUN <= 4.131))
",0.000,-9999999.000,-9999999.000,0.000,1.000,6,0,0,60,66,0,6,60,0.09090909090909091,0.0,0.0,1.0,0.09090909090909091,0.9090909090909091,-1
"F[0,1](((Calcium < 1.374 & Potassium < 2.660) & Magnesium < 1.468) & Phosphate < 2.830)
",0.000,-9999999.000,-9999999.000,0.000,1.000,6,0,0,60,66,0,6,60,0.09090909090909091,0.0,0.0,1.0,0.09090909090909091,0.9090909090909091,-1
"G[0,1](BUN <= 4.115 -> Potassium >= 0.055)
",0.000,9999999.000,9999999.000,1.000,0.000,6,0,0,60,66,0,6,60,0.09090909090909091,0.0,0.0,1.0,0.09090909090909091,0.9090909090909091,1
"F[0,1]((Chloride >= 1.840 -> PaCO2 >= 1.084) & SaO2 <= 31.932)
",0.000,-9999999.000,-9999999.000,0.000,1.000,6,0,0,60,66,0,6,60,0.09090909090909091,0.0,0.0,1.0,0.09090909090909091,0.9090909090909091,-1
"F[0,1](((Calcium < 6.661 & Potassium < 1.487) & Magnesium < 1.177) & Phosphate < 2.321)
",0.000,-9999999.000,-9999999.000,0.000,1.000,6,0,0,60,66,0,6,60,0.09090909090909091,0.0,0.0,1.0,0.09090909090909091,0.9090909090909091,-1
"((MAP >= 69.890) U[0,0] (SBP <= 47.773))
",-0.650,37.294,47.773,0.000,1.000,6,0,0,60,66,0,6,60,0.09090909090909091,0.0,0.0,1.0,0.09090909090909091,0.9090909090909091,-1
"F[0,1](((Calcium < 4.759 & Potassium < 3.231) & Magnesium < 0.912) & Phosphate < 0.350)
",0.000,-9999999.000,-9999999.000,0.000,1.000,6,0,0,60,66,0,6,60,0.09090909090909091,0.0,0.0,1.0,0.09090909090909091,0.9090909090909091,-1
"F[0,1](((Calcium < 3.425 & Potassium < 2.500) & Magnesium < 0.959) & Phosphate < 1.230)
",0.000,-9999999.000,-9999999.000,0.000,1.000,6,0,0,60,66,0,6,60,0.09090909090909091,0.0,0.0,1.0,0.09090909090909091,0.9090909090909091,-1
"((Hgb >= 1.074) U[0,1] (HR <= 89.862))
",0.000,-9999999.000,-9999999.000,0.000,1.000,6,0,0,60,66,0,6,60,0.09090909090909091,0.0,0.0,1.0,0.09090909090909091,0.9090909090909091,-1
"G[0,1]((DBP <= 80.301 & SepsisLabel <= 0.561) -> AST >= 0.030)
",0.000,9999999.000,9999999.000,1.000,0.000,6,0,0,60,66,0,6,60,0.09090909090909091,0.0,0.0,1.0,0.09090909090909091,0.9090909090909091,1
"G[0,1](Platelets <= 210.626 -> WBC >= 1.466)
",0.000,9999999.000,9999999.000,1.000,0.000,6,0,0,60,66,0,6,60,0.09090909090909091,0.0,0.0,1.0,0.09090909090909091,0.9090909090909091,1
"F[0,0](Phosphate <= 0.498 | SBP >= 9.576)
",0.654,8.657,0.498,0.000,1.000,5,0,0,61,66,0,5,61,0.07575757575757576,0.0,0.0,1.0,0.07575757575757576,0.9242424242424242,-1
"((Phosphate <= 1.112) U[1,2] (HR <= 93.109))
",0.000,-9999999.000,-9999999.000,0.000,1.000,5,0,0,61,66,0,5,61,0.07575757575757576,0.0,0.0,1.0,0.07575757575757576,0.9242424242424242,-1
"((MAP >= 33.379) U[1,2] (SBP <= 97.310))
",0.000,-9999999.000,-9999999.000,0.000,1.000,5,0,0,61,66,0,5,61,0.07575757575757576,0.0,0.0,1.0,0.07575757575757576,0.9242424242424242,-1
"((MAP <= 92.623) U[0,0] (SepsisLabel <= 0.982))
",-0.359,82.497,92.623,0.000,1.000,5,0,0,61,66,0,5,61,0.07575757575757576,0.0,0.0,1.0,0.07575757575757576,0.9242424242424242,-1
"((MAP >= 27.269) U[1,2] (SBP <= 70.258))
",0.000,-9999999.000,-9999999.000,0.000,1.000,4,0,0,62,66,0,4,62,0.06060606060606061,0.0,0.0,1.0,0.06060606060606061,0.9393939393939394,-1
"((FiO2 >= 0.004) U[1,2] (pH >= 0.166))
",0.000,-9999999.000,-9999999.000,0.000,1.000,4,0,0,62,66,0,4,62,0.06060606060606061,0.0,0.0,1.0,0.06060606060606061,0.9393939393939394,-1
"F[0,1](Hgb <= 11.122 | Hct <= 39.986)
",0.000,-9999999.000,-9999999.000,0.000,1.000,4,0,0,62,66,0,4,62,0.06060606060606061,0.0,0.0,1.0,0.06060606060606061,0.9393939393939394,-1
"F[0,1](Hgb <= 10.516 | Hct <= 39.419)
",0.000,-9999999.000,-9999999.000,0.000,1.000,4,0,0,62,66,0,4,62,0.06060606060606061,0.0,0.0,1.0,0.06060606060606061,0.9393939393939394,-1
"((MAP >= 56.781) U[1,2] (SBP <= 76.862))
",0.000,-9999999.000,-9999999.000,0.000,1.000,4,0,0,62,66,0,4,62,0.06060606060606061,0.0,0.0,1.0,0.06060606060606061,0.9393939393939394,-1
"F[1,1]((HR >= 39.695 -> PTT <= 23.403) | PaCO2 >= 0.445)
",-2.667,-0.445,-0.445,0.000,1.000,3,0,0,63,66,0,3,63,0.045454545454545456,0.0,0.0,1.0,0.045454545454545456,0.9545454545454546,-1
"F[1,1]((Platelets <= 378.023 -> PTT <= 26.420) & Bilirubin_direct <= 38.311)
",0.000,-378.023,-378.023,0.000,1.000,3,0,0,63,66,0,3,63,0.045454545454545456,0.0,0.0,1.0,0.045454545454545456,0.9545454545454546,-1
"G[1,1](((Hgb <= 15.542 | Hct <= 17.060) -> WBC >= 2.033) & Platelets >= 3.731)
",-1.000,-17.060,-17.060,1.000,0.000,3,0,0,63,66,0,3,63,0.045454545454545456,0.0,0.0,1.0,0.045454545454545456,0.9545454545454546,1
"F[1,1]((Phosphate >= 0.112 & Magnesium > 0.030) -> Calcium < 0.679)
",1.000,-0.679,-0.679,0.000,1.000,3,0,0,63,66,0,3,63,0.045454545454545456,0.0,0.0,1.0,0.045454545454545456,0.9545454545454546,-1
"((HR <= 102.991) U[1,2] (Resp >= 1.618))
",0.000,-9999999.000,-9999999.000,0.000,1.000,3,0,0,63,66,0,3,63,0.045454545454545456,0.0,0.0,1.0,0.045454545454545456,0.9545454545454546,-1
"G[0,1]((PaCO2 <= 2.647 -> Temp <= 20.388) & Chloride >= 3.890)
",0.000,9999999.000,9999999.000,1.000,0.000,3,0,0,63,66,0,3,63,0.045454545454545456,0.0,0.0,1.0,0.045454545454545456,0.9545454545454546,1
"F[1,1](Hgb <= 12.179 | Hct <= 42.430)
",0.000,42.430,42.430,0.000,1.000,3,0,0,63,66,0,3,63,0.045454545454545456,0.0,0.0,1.0,0.045454545454545456,0.9545454545454546,-1
"((Hgb <= 13.298) U[0,0] (PaCO2 <= 31.969))
",0.292,31.727,30.467,0.000,1.000,2,0,0,64,66,0,2,64,0.030303030303030304,0.0,0.0,1.0,0.030303030303030304,0.9696969696969697,-1
"F[1,1](Hgb <= 15.382 | Hct <= 17.157)
",-2.000,17.157,17.157,0.000,1.000,2,0,0,64,66,0,2,64,0.030303030303030304,0.0,0.0,1.0,0.030303030303030304,0.9696969696969697,-1
"((Calcium <= 8.504) U[1,2] (HCO3 >= 3.409))
",0.000,-9999999.000,-9999999.000,0.000,1.000,2,0,0,64,66,0,2,64,0.030303030303030304,0.0,0.0,1.0,0.030303030303030304,0.9696969696969697,-1
"F[0,0](((Creatinine <= 0.404 & Bilirubin_total <= 0.000) & Lactate <= 0.000) & Temp >= 0.000)
",-0.327,-11.859,0.000,0.000,1.000,2,0,0,64,66,0,2,64,0.030303030303030304,0.0,0.0,1.0,0.030303030303030304,0.9696969696969697,-1
"F[0,1](pH <= 4.534 | BUN >= 0.799)
",0.000,-9999999.000,-9999999.000,0.000,1.000,2,0,0,64,66,0,2,64,0.030303030303030304,0.0,0.0,1.0,0.030303030303030304,0.9696969696969697,-1
"F[0,0]((BaseExcess >= -1.057 -> Lactate >= 0.013) -> pH <= 1.323)
",0.440,-1.254,-1.323,0.000,1.000,2,0,0,64,66,0,2,64,0.030303030303030304,0.0,0.0,1.0,0.030303030303030304,0.9696969696969697,-1
"F[0,1](Chloride >= 13.733 -> Hgb >= 0.902)
",0.000,-9999999.000,-9999999.000,0.000,1.000,2,0,0,64,66,0,2,64,0.030303030303030304,0.0,0.0,1.0,0.030303030303030304,0.9696969696969697,-1
"G[0,0]((BUN >= 0.456 | Hgb <= 12.290) -> PTT >= 0.009)
",0.175,-11.885,-12.290,1.000,0.000,2,0,0,64,66,0,2,64,0.030303030303030304,0.0,0.0,1.0,0.030303030303030304,0.9696969696969697,1
"F[0,0](HCO3 >= 2.404 -> pH <= 4.516)
",0.440,-4.447,-4.516,0.000,1.000,2,0,0,64,66,0,2,64,0.030303030303030304,0.0,0.0,1.0,0.030303030303030304,0.9696969696969697,-1
"G[0,1]((DBP <= 16.454 & FiO2 >= 0.047) | Creatinine >= 0.033)
",0.000,9999999.000,9999999.000,1.000,0.000,2,0,0,64,66,0,2,64,0.030303030303030304,0.0,0.0,1.0,0.030303030303030304,0.9696969696969697,1
"G[0,1]((pH >= 0.314 & Fibrinogen <= 0.000) & Magnesium <= 0.000)
",0.000,9999999.000,9999999.000,1.000,0.000,2,0,0,64,66,0,2,64,0.030303030303030304,0.0,0.0,1.0,0.030303030303030304,0.9696969696969697,1
"G[0,0]((DBP >= 1.937 & Magnesium >= 0.144) & Magnesium >= 0.136)
",0.221,-0.232,-0.503,1.000,0.000,2,0,0,64,66,0,2,64,0.030303030303030304,0.0,0.0,1.0,0.030303030303030304,0.9696969696969697,1
"G[1,1](PaCO2 >= 0.837 & PTT <= 2.819)
",-1.000,-0.837,-0.837,1.000,0.000,2,0,0,64,66,0,2,64,0.030303030303030304,0.0,0.0,1.0,0.030303030303030304,0.9696969696969697,1
"F[1,1](Calcium <= 1.806 | Temp >= 8.746)
",0.667,1.806,1.806,0.000,1.000,2,0,0,64,66,0,2,64,0.030303030303030304,0.0,0.0,1.0,0.030303030303030304,0.9696969696969697,-1
"G[0,0]((PaCO2 >= 0.520 & SepsisLabel <= 0.591) | Fibrinogen >= 0.044)
",0.346,2.052,0.083,1.000,0.000,1,0,0,65,66,0,1,65,0.015151515151515152,0.0,0.0,1.0,0.015151515151515152,0.9848484848484849,1
"G[0,1]((Platelets >= 21.205 | Calcium <= 5.990) -> FiO2 >= 0.364)
",0.000,9999999.000,9999999.000,1.000,0.000,1,0,0,65,66,0,1,65,0.015151515151515152,0.0,0.0,1.0,0.015151515151515152,0.9848484848484849,1
"G[0,1]((MAP >= 31.846 -> pH <= 2.022) -> HR <= 2.073)
",0.000,9999999.000,9999999.000,1.000,0.000,1,0,0,65,66,0,1,65,0.015151515151515152,0.0,0.0,1.0,0.015151515151515152,0.9848484848484849,1
"F[0,1](((BaseExcess <= 4.196 | HCO3 <= 13.912) & O2Sat >= 1.263) | WBC >= 1.541)
",0.000,-9999999.000,-9999999.000,0.000,1.000,1,0,0,65,66,0,1,65,0.015151515151515152,0.0,0.0,1.0,0.015151515151515152,0.9848484848484849,-1
"F[1,1](Creatinine >= 0.017 -> Hgb >= 1.807)
",6.000,0.017,0.017,0.000,1.000,1,0,0,65,66,0,1,65,0.015151515151515152,0.0,0.0,1.0,0.015151515151515152,0.9848484848484849,-1
"((Chloride <= 81.484) U[0,1] (Temp <= 20.711))
",0.000,-9999999.000,-9999999.000,0.000,1.000,1,0,0,65,66,0,1,65,0.015151515151515152,0.0,0.0,1.0,0.015151515151515152,0.9848484848484849,-1
"F[0,1]((Calcium <= 8.210 & Bilirubin_direct <= 0.000) & FiO2 <= 0.000)
",0.000,-9999999.000,-9999999.000,0.000,1.000,1,0,0,65,66,0,1,65,0.015151515151515152,0.0,0.0,1.0,0.015151515151515152,0.9848484848484849,-1
"F[1,1](((Phosphate <= 0.771 -> Platelets >= 21.483) -> Hct >= 0.960) | WBC >= 8.641)
",0.000,0.771,0.771,0.000,1.000,1,0,0,65,66,0,1,65,0.015151515151515152,0.0,0.0,1.0,0.015151515151515152,0.9848484848484849,-1
"F[0,1](((PaCO2 >= 0.316 | Potassium >= 0.175) | AST >= 0.069) | Hct <= 0.714)
",0.000,-9999999.000,-9999999.000,0.000,1.000,1,0,0,65,66,0,1,65,0.015151515151515152,0.0,0.0,1.0,0.015151515151515152,0.9848484848484849,-1
"F[0,1](SBP <= 110.211 -> O2Sat >= 55.764)
",0.000,-9999999.000,-9999999.000,0.000,1.000,1,0,0,65,66,0,1,65,0.015151515151515152,0.0,0.0,1.0,0.015151515151515152,0.9848484848484849,-1
"F[1,1]((pH >= 0.362 | Phosphate >= 0.143) | Platelets <= 1.199)
",0.000,1.199,1.199,0.000,1.000,1,0,0,65,66,0,1,65,0.015151515151515152,0.0,0.0,1.0,0.015151515151515152,0.9848484848484849,-1
"F[1,2](((BUN <= 5.671 & BaseExcess >= -1.504) | BaseExcess >= -2.310) -> Lactate >= -3.195)
",0.000,-9999999.000,-9999999.000,0.000,1.000,0,0,0,66,66,0,0,66,0.0,0.0,0.0,0.0,0.0,1.0,-1
"F[0,2](((O2Sat >= 23.004 & Resp >= 1.649) | Bilirubin_total >= 5.927) -> Glucose <= 19.164)
",0.000,-9999999.000,-9999999.000,0.000,1.000,0,0,0,66,66,0,0,66,0.0,0.0,0.0,0.0,0.0,1.0,-1
"F[1,2](((Calcium >= 0.270 -> Resp >= 16.372) -> WBC >= 4.580) & SaO2 <= 27.784)
",0.000,-9999999.000,-9999999.000,0.000,1.000,0,0,0,66,66,0,0,66,0.0,0.0,0.0,0.0,0.0,1.0,-1
"F[0,2]((Potassium <= 2.191 -> SepsisLabel >= 0.039) & Platelets >= 0.063)
",0.000,-9999999.000,-9999999.000,0.000,1.000,0,0,0,66,66,0,0,66,0.0,0.0,0.0,0.0,0.0,1.0,-1
"((Creatinine <= 0.059) U[1,2] (FiO2 >= 0.009))
",0.000,-9999999.000,-9999999.000,0.000,1.000,0,0,0,66,66,0,0,66,0.0,0.0,0.0,0.0,0.0,1.0,-1
"F[1,2]((EtCO2 >= 0.000 -> O2Sat <= 96.644) & Alkalinephos <= 97.525)
",0.000,-9999999.000,-9999999.000,0.000,1.000,0,0,0,66,66,0,0,66,0.0,0.0,0.0,0.0,0.0,1.0,-1
"F[1,2](PTT >= 1.247 -> EtCO2 <= 0.000)
",0.000,-9999999.000,-9999999.000,0.000,1.000,0,0,0,66,66,0,0,66,0.0,0.0,0.0,0.0,0.0,1.0,-1
"F[2,2](((MAP >= 9.217 | Platelets >= 8.812) | Bilirubin_direct <= 331.515) | Fibrinogen <= 169.268)
",-5.000,331.515,331.515,0.000,1.000,0,0,0,66,66,0,0,66,0.0,0.0,0.0,0.0,0.0,1.0,-1
"F[1,2]((MAP <= 104.955 & PaCO2 >= 1.103) | Hct >= 1.080)
",0.000,-9999999.000,-9999999.000,0.000,1.000,0,0,0,66,66,0,0,66,0.0,0.0,0.0,0.0,0.0,1.0,-1
"F[0,0](((Resp >= 15.617 -> HR >= 27.586) | Resp >= 45.650) | Hgb >= 39.371)
",0.522,-27.746,-39.371,0.000,1.000,0,0,0,66,66,0,0,66,0.0,0.0,0.0,0.0,0.0,1.0,-1
"F[1,2](BaseExcess >= -0.404 & Platelets >= 7.114)
",0.000,-9999999.000,-9999999.000,0.000,1.000,0,0,0,66,66,0,0,66,0.0,0.0,0.0,0.0,0.0,1.0,-1
"((SepsisLabel <= 0.456) U[0,1] (TroponinI <= 0.000))
",0.000,-9999999.000,-9999999.000,0.000,1.000,0,0,0,66,66,0,0,66,0.0,0.0,0.0,0.0,0.0,1.0,-1
"F[2,2](((HCO3 >= 1.186 | Temp >= 0.081) | Hgb >= 3.552) | TroponinI >= 5.354)
",-1.667,-0.081,-0.081,0.000,1.000,0,0,0,66,66,0,0,66,0.0,0.0,0.0,0.0,0.0,1.0,-1
"F[2,2](MAP <= 75.736 & SBP <= 68.064)
",-0.000,68.064,68.064,0.000,1.000,0,0,0,66,66,0,0,66,0.0,0.0,0.0,0.0,0.0,1.0,-1
"((HR <= 91.370) U[0,2] (Alkalinephos >= 0.000))
",0.000,-9999999.000,-9999999.000,0.000,1.000,0,0,0,66,66,0,0,66,0.0,0.0,0.0,0.0,0.0,1.0,-1
"F[0,1](SaO2 >= 0.000 & EtCO2 <= 0.000)
",0.000,-9999999.000,-9999999.000,0.000,1.000,0,0,0,66,66,0,0,66,0.0,0.0,0.0,0.0,0.0,1.0,-1
"F[0,2]((Hgb >= 1.838 -> Bilirubin_total >= 0.000) | PaCO2 <= 0.000)
",0.000,-9999999.000,-9999999.000,0.000,1.000,0,0,0,66,66,0,0,66,0.0,0.0,0.0,0.0,0.0,1.0,-1
"((O2Sat <= 96.214) U[2,2] (Lactate >= 0.018))
",10.000,96.214,96.214,0.000,1.000,0,0,0,66,66,0,0,66,0.0,0.0,0.0,0.0,0.0,1.0,-1
"F[0,2](SepsisLabel >= 0.038 -> Alkalinephos <= 0.000)
",0.000,-9999999.000,-9999999.000,0.000,1.000,0,0,0,66,66,0,0,66,0.0,0.0,0.0,0.0,0.0,1.0,-1
"F[0,1](((HCO3 <= 28.595 | Magnesium <= 0.293) | FiO2 >= 0.178) | Hgb >= 0.224)
",0.000,-9999999.000,-9999999.000,0.000,1.000,0,0,0,66,66,0,0,66,0.0,0.0,0.0,0.0,0.0,1.0,-1
"F[0,1](BUN >= 0.067 -> Bilirubin_total <= 0.000)
",0.000,-9999999.000,-9999999.000,0.000,1.000,0,0,0,66,66,0,0,66,0.0,0.0,0.0,0.0,0.0,1.0,-1
"F[0,2](O2Sat <= 96.908 -> BUN >= 0.512)
",0.000,-9999999.000,-9999999.000,0.000,1.000,0,0,0,66,66,0,0,66,0.0,0.0,0.0,0.0,0.0,1.0,-1
"F[0,2](BUN >= 0.505 -> PaCO2 >= 0.201)
",0.000,-9999999.000,-9999999.000,0.000,1.000,0,0,0,66,66,0,0,66,0.0,0.0,0.0,0.0,0.0,1.0,-1
"F[0,2]((WBC <= 9.565 & Hgb >= 1.600) -> PaCO2 <= 15.428)
",0.000,-9999999.000,-9999999.000,0.000,1.000,0,0,0,66,66,0,0,66,0.0,0.0,0.0,0.0,0.0,1.0,-1
"((BUN <= 8.602) U[2,2] (Resp <= 19.191))
",0.000,19.191,19.191,0.000,1.000,0,0,0,66,66,0,0,66,0.0,0.0,0.0,0.0,0.0,1.0,-1
"F[0,1](((FiO2 <= 0.409 & Hgb <= 9.971) & PaCO2 >= 0.755) -> WBC >= 1.281)
",0.000,-9999999.000,-9999999.000,0.000,1.000,0,0,0,66,66,0,0,66,0.0,0.0,0.0,0.0,0.0,1.0,-1
"F[0,1]((BaseExcess <= 3.630 & O2Sat <= 99.840) -> Magnesium <= 98.989)
",0.000,-9999999.000,-9999999.000,0.000,1.000,0,0,0,66,66,0,0,66,0.0,0.0,0.0,0.0,0.0,1.0,-1
"F[0,2]((Hgb >= 0.843 & Temp <= 12.668) & Temp <= 16.270)
",0.000,-9999999.000,-9999999.000,0.000,1.000,0,0,0,66,66,0,0,66,0.0,0.0,0.0,0.0,0.0,1.0,-1
"F[0,2]((PTT >= 0.089 | PTT >= 0.934) & PTT <= 40.918)
",0.000,-9999999.000,-9999999.000,0.000,1.000,0,0,0,66,66,0,0,66,0.0,0.0,0.0,0.0,0.0,1.0,-1
"F[0,1](((O2Sat >= 88.455 & Platelets >= 13.261) -> BUN >= 5.108) | pH <= 373.798)
",0.000,-9999999.000,-9999999.000,0.000,1.000,0,0,0,66,66,0,0,66,0.0,0.0,0.0,0.0,0.0,1.0,-1
"F[0,2](Calcium <= 4.367 | MAP <= 107.142)
",0.000,-9999999.000,-9999999.000,0.000,1.000,0,0,0,66,66,0,0,66,0.0,0.0,0.0,0.0,0.0,1.0,-1
"((Chloride <= 88.523) U[0,0] (Creatinine <= 0.588))
",-0.184,88.263,88.523,0.000,1.000,0,0,0,66,66,0,0,66,0.0,0.0,0.0,0.0,0.0,1.0,-1
"F[1,2](SaO2 < 0.000 -> SepsisLabel = 0.941)
",0.000,-9999999.000,-9999999.000,0.000,1.000,0,0,0,66,66,0,0,66,0.0,0.0,0.0,0.0,0.0,1.0,-1
"((Alkalinephos >= 0.000) U[1,2] (SepsisLabel = 0.291))
",0.000,-9999999.000,-9999999.000,0.000,1.000,0,0,0,66,66,0,0,66,0.0,0.0,0.0,0.0,0.0,1.0,-1
"((Bilirubin_total <= 0.000) U[0,2] (SepsisLabel = 0.119))
",0.000,-9999999.000,-9999999.000,0.000,1.000,0,0,0,66,66,0,0,66,0.0,0.0,0.0,0.0,0.0,1.0,-1
"F[2,2](TroponinI < 0.000 -> SepsisLabel = 0.957)
",0.000,0.000,0.000,0.000,1.000,0,0,0,66,66,0,0,66,0.0,0.0,0.0,0.0,0.0,1.0,-1
"((Fibrinogen <= 0.000) U[2,2] (SepsisLabel = 0.283))
",0.000,0.000,0.000,0.000,1.000,0,0,0,66,66,0,0,66,0.0,0.0,0.0,0.0,0.0,1.0,-1
"F[1,2]((Chloride <= 18.508 -> Magnesium >= 0.074) & Resp <= 2.093)
",0.000,-9999999.000,-9999999.000,0.000,1.000,0,0,0,66,66,0,0,66,0.0,0.0,0.0,0.0,0.0,1.0,-1
"F[0,2](((Glucose <= 133.479 | Resp >= 2.406) & TroponinI <= 21.239) | Magnesium <= 25.938)
",0.000,-9999999.000,-9999999.000,0.000,1.000,0,0,0,66,66,0,0,66,0.0,0.0,0.0,0.0,0.0,1.0,-1
"F[2,2](Bilirubin_total >= 0.000 -> Calcium <= 4.572)
",3.000,-4.572,-4.572,0.000,1.000,0,0,0,66,66,0,0,66,0.0,0.0,0.0,0.0,0.0,1.0,-1
"F[0,1]((Alkalinephos >= 0.000 & Bilirubin_total >= 0.000) | TroponinI <= 0.000)
",0.000,-9999999.000,-9999999.000,0.000,1.000,0,0,0,66,66,0,0,66,0.0,0.0,0.0,0.0,0.0,1.0,-1
"F[1,2]((Lactate >= 0.044 | Chloride <= 61.919) & Platelets >= 12.250)
",0.000,-9999999.000,-9999999.000,0.000,1.000,0,0,0,66,66,0,0,66,0.0,0.0,0.0,0.0,0.0,1.0,-1
"F[1,2]((HCO3 >= 1.692 & Fibrinogen >= 0.000) | Hgb <= 0.000)
",0.000,-9999999.000,-9999999.000,0.000,1.000,0,0,0,66,66,0,0,66,0.0,0.0,0.0,0.0,0.0,1.0,-1
"F[0,1](((Magnesium <= 0.583 -> O2Sat <= 98.082) & PTT <= 94.550) -> Potassium <= 98.536)
",0.000,-9999999.000,-9999999.000,0.000,1.000,0,0,0,66,66,0,0,66,0.0,0.0,0.0,0.0,0.0,1.0,-1
"F[1,2]((Bilirubin_direct <= 0.000 -> pH <= 6.267) | Temp >= 0.440)
",0.000,-9999999.000,-9999999.000,0.000,1.000,0,0,0,66,66,0,0,66,0.0,0.0,0.0,0.0,0.0,1.0,-1
"F[1,1]((Platelets >= 18.190 | SepsisLabel >= 0.039) -> Bilirubin_direct <= 0.813)
",-0.000,-0.813,-0.813,0.000,1.000,0,0,0,66,66,0,0,66,0.0,0.0,0.0,0.0,0.0,1.0,-1
"F[0,2]((O2Sat <= 95.348 & Creatinine >= 0.026) | Fibrinogen >= 0.011)
",0.000,-9999999.000,-9999999.000,0.000,1.000,0,0,0,66,66,0,0,66,0.0,0.0,0.0,0.0,0.0,1.0,-1
"((WBC >= 0.519) U[0,2] (EtCO2 >= 0.000))
",0.000,-9999999.000,-9999999.000,0.000,1.000,0,0,0,66,66,0,0,66,0.0,0.0,0.0,0.0,0.0,1.0,-1
"F[0,1](HCO3 <= 28.879 -> HR >= 52.147)
",0.000,-9999999.000,-9999999.000,0.000,1.000,0,0,0,66,66,0,0,66,0.0,0.0,0.0,0.0,0.0,1.0,-1
"F[0,1]((O2Sat <= 96.405 & Bilirubin_direct <= 0.000) | Bilirubin_direct <= 0.000)
",0.000,-9999999.000,-9999999.000,0.000,1.000,0,0,0,66,66,0,0,66,0.0,0.0,0.0,0.0,0.0,1.0,-1
"((Platelets >= 16.277) U[0,2] (Temp >= 2.262))
",0.000,-9999999.000,-9999999.000,0.000,1.000,0,0,0,66,66,0,0,66,0.0,0.0,0.0,0.0,0.0,1.0,-1
"F[0,2](Platelets >= 13.340 | PTT <= 21.520)
",0.000,-9999999.000,-9999999.000,0.000,1.000,0,0,0,66,66,0,0,66,0.0,0.0,0.0,0.0,0.0,1.0,-1
"F[1,1](((FiO2 <= 0.183 | TroponinI <= 0.000) & EtCO2 <= 0.000) | MAP >= 0.000)
",0.000,0.000,0.000,0.000,1.000,0,0,0,66,66,0,0,66,0.0,0.0,0.0,0.0,0.0,1.0,-1
"F[1,2](Fibrinogen <= 0.000 -> Chloride >= 1.201)
",0.000,-9999999.000,-9999999.000,0.000,1.000,0,0,0,66,66,0,0,66,0.0,0.0,0.0,0.0,0.0,1.0,-1
"F[0,1]((PaCO2 <= 12.285 | WBC <= 11.889) & Bilirubin_total <= 11.978)
",0.000,-9999999.000,-9999999.000,0.000,1.000,0,0,0,66,66,0,0,66,0.0,0.0,0.0,0.0,0.0,1.0,-1
"F[0,2](((Bilirubin_total >= 0.000 -> Fibrinogen >= 0.000) -> FiO2 <= 0.000) | PTT >= 0.000)
",0.000,-9999999.000,-9999999.000,0.000,1.000,0,0,0,66,66,0,0,66,0.0,0.0,0.0,0.0,0.0,1.0,-1
"F[0,2]((BUN <= 10.913 & O2Sat <= 94.691) -> O2Sat >= 91.126)
",0.000,-9999999.000,-9999999.000,0.000,1.000,0,0,0,66,66,0,0,66,0.0,0.0,0.0,0.0,0.0,1.0,-1
"F[0,2](((Bilirubin_direct <= 0.000 -> DBP <= 21.463) & Alkalinephos >= 1.484) | BUN >= 5.094)
",0.000,-9999999.000,-9999999.000,0.000,1.000,0,0,0,66,66,0,0,66,0.0,0.0,0.0,0.0,0.0,1.0,-1
"((Hgb <= 4.827) U[0,2] (WBC >= 0.692))
",0.000,-9999999.000,-9999999.000,0.000,1.000,0,0,0,66,66,0,0,66,0.0,0.0,0.0,0.0,0.0,1.0,-1
"F[1,2](PTT >= 0.860 & SepsisLabel <= 0.885)
",0.000,-9999999.000,-9999999.000,0.000,1.000,0,0,0,66,66,0,0,66,0.0,0.0,0.0,0.0,0.0,1.0,-1
"F[0,2]((Phosphate <= 1.292 & Chloride >= 2.510) | Lactate >= 6.732)
",0.000,-9999999.000,-9999999.000,0.000,1.000,0,0,0,66,66,0,0,66,0.0,0.0,0.0,0.0,0.0,1.0,-1
"F[0,2](((HCO3 >= 2.913 | Resp >= 10.874) | O2Sat >= 5.309) -> FiO2 >= 3.141)
",0.000,-9999999.000,-9999999.000,0.000,1.000,0,0,0,66,66,0,0,66,0.0,0.0,0.0,0.0,0.0,1.0,-1
"F[1,2]((BUN >= 0.741 | Magnesium >= 0.160) & FiO2 >= 0.108)
",0.000,-9999999.000,-9999999.000,0.000,1.000,0,0,0,66,66,0,0,66,0.0,0.0,0.0,0.0,0.0,1.0,-1
"F[1,2](((SaO2 >= 0.000 -> DBP <= 33.460) & Creatinine >= 4.975) | Fibrinogen >= 7.264)
",0.000,-9999999.000,-9999999.000,0.000,1.000,0,0,0,66,66,0,0,66,0.0,0.0,0.0,0.0,0.0,1.0,-1
"F[1,2]((SaO2 <= 0.000 & Glucose >= 0.755) -> Hct >= 4.197)
",0.000,-9999999.000,-9999999.000,0.000,1.000,0,0,0,66,66,0,0,66,0.0,0.0,0.0,0.0,0.0,1.0,-1
"F[0,2](((Potassium <= 3.335 | O2Sat <= 97.654) | Chloride >= 9.706) | HCO3 <= 94.291)
",0.000,-9999999.000,-9999999.000,0.000,1.000,0,0,0,66,66,0,0,66,0.0,0.0,0.0,0.0,0.0,1.0,-1
"((Glucose >= 6.214) U[0,2] (EtCO2 <= 0.000))
",0.000,-9999999.000,-9999999.000,0.000,1.000,0,0,0,66,66,0,0,66,0.0,0.0,0.0,0.0,0.0,1.0,-1
"F[1,2](((O2Sat >= 61.902 -> pH <= 1.823) | SaO2 >= 0.373) & Hct <= 1.675)
",0.000,-9999999.000,-9999999.000,0.000,1.000,0,0,0,66,66,0,0,66,0.0,0.0,0.0,0.0,0.0,1.0,-1
"F[0,2](Phosphate >= 0.014 | SaO2 <= 0.000)
",0.000,-9999999.000,-9999999.000,0.000,1.000,0,0,0,66,66,0,0,66,0.0,0.0,0.0,0.0,0.0,1.0,-1
"F[0,1](((O2Sat >= 64.863 & Resp <= 25.102) -> Bilirubin_direct >= 5.334) | Potassium <= 20.864)
",0.000,-9999999.000,-9999999.000,0.000,1.000,0,0,0,66,66,0,0,66,0.0,0.0,0.0,0.0,0.0,1.0,-1
"F[0,2]((WBC <= 6.150 | DBP >= 3.490) -> O2Sat >= 5.866)
",0.000,-9999999.000,-9999999.000,0.000,1.000,0,0,0,66,66,0,0,66,0.0,0.0,0.0,0.0,0.0,1.0,-1
"((BUN >= 0.765) U[0,2] (Lactate <= 1.938))
",0.000,-9999999.000,-9999999.000,0.000,1.000,0,0,0,66,66,0,0,66,0.0,0.0,0.0,0.0,0.0,1.0,-1
"((Lactate <= 0.828) U[2,2] (Creatinine >= 0.023))
",-6.000,0.828,0.828,0.000,1.000,0,0,0,66,66,0,0,66,0.0,0.0,0.0,0.0,0.0,1.0,-1
"F[1,2](pH >= 0.199 & Resp >= 7.231)
",0.000,-9999999.000,-9999999.000,0.000,1.000,0,0,0,66,66,0,0,66,0.0,0.0,0.0,0.0,0.0,1.0,-1
"F[0,2](MAP <= 107.557 & SBP >= 3.505)
",0.000,-9999999.000,-9999999.000,0.000,1.000,0,0,0,66,66,0,0,66,0.0,0.0,0.0,0.0,0.0,1.0,-1
"F[1,2]((PTT >= 0.854 -> Resp <= 27.065) & SaO2 <= 19.150)
",0.000,-9999999.000,-9999999.000,0.000,1.000,0,0,0,66,66,0,0,66,0.0,0.0,0.0,0.0,0.0,1.0,-1
"F[1,2](((HCO3 <= 5.892 & PaCO2 <= 9.036) & Bilirubin_total <= 38.612) & EtCO2 >= 0.681)
",0.000,-9999999.000,-9999999.000,0.000,1.000,0,0,0,66,66,0,0,66,0.0,0.0,0.0,0.0,0.0,1.0,-1
"F[2,2]((Resp <= 19.129 -> WBC >= 1.705) | SBP <= 20.009)
",4.000,20.009,20.009,0.000,1.000,0,0,0,66,66,0,0,66,0.0,0.0,0.0,0.0,0.0,1.0,-1
"F[1,2](((PTT <= 50.364 -> Temp <= 33.354) -> Phosphate >= 8.416) -> Hct <= 24.638)
",0.000,-9999999.000,-9999999.000,0.000,1.000,0,0,0,66,66,0,0,66,0.0,0.0,0.0,0.0,0.0,1.0,-1
"F[0,2](Magnesium <= 0.599 -> SepsisLabel <= 0.565)
",0.000,-9999999.000,-9999999.000,0.000,1.000,0,0,0,66,66,0,0,66,0.0,0.0,0.0,0.0,0.0,1.0,-1
"F[0,2]((Hgb <= 9.817 -> WBC <= 6.857) | Platelets <= 20.822)
",0.000,-9999999.000,-9999999.000,0.000,1.000,0,0,0,66,66,0,0,66,0.0,0.0,0.0,0.0,0.0,1.0,-1
"F[0,1](((Hct >= 3.386 | WBC <= 16.504) & Alkalinephos <= 2.634) & Potassium <= 19.983)
",0.000,-9999999.000,-9999999.000,0.000,1.000,0,0,0,66,66,0,0,66,0.0,0.0,0.0,0.0,0.0,1.0,-1
"F[1,2](((BaseExcess <= 4.884 & pH <= 0.486) & SepsisLabel >= 0.191) -> TroponinI <= 4.662)
",0.000,-9999999.000,-9999999.000,0.000,1.000,0,0,0,66,66,0,0,66,0.0,0.0,0.0,0.0,0.0,1.0,-1
"F[0,1](FiO2 >= 0.017 -> Lactate <= 0.934)
",0.000,-9999999.000,-9999999.000,0.000,1.000,0,0,0,66,66,0,0,66,0.0,0.0,0.0,0.0,0.0,1.0,-1
"F[2,2]((Creatinine >= 0.016 & SBP <= 79.305) -> FiO2 <= 126.303)
",7.000,-126.303,-126.303,0.000,1.000,0,0,0,66,66,0,0,66,0.0,0.0,0.0,0.0,0.0,1.0,-1
"F[0,2]((BaseExcess >= -4.272 -> PTT <= 27.655) | Platelets <= 3.528)
",0.000,-9999999.000,-9999999.000,0.000,1.000,0,0,0,66,66,0,0,66,0.0,0.0,0.0,0.0,0.0,1.0,-1
"F[0,2](Hct <= 43.744 -> MAP >= 62.608)
",0.000,-9999999.000,-9999999.000,0.000,1.000,0,0,0,66,66,0,0,66,0.0,0.0,0.0,0.0,0.0,1.0,-1
"F[1,2]((Phosphate >= 0.130 | SBP <= 128.245) & O2Sat >= 2.318)
",0.000,-9999999.000,-9999999.000,0.000,1.000,0,0,0,66,66,0,0,66,0.0,0.0,0.0,0.0,0.0,1.0,-1
"F[2,2]((Glucose >= 4.345 | Temp <= 32.117) & Hgb >= 4.629)
",-2.000,-4.629,-4.629,0.000,1.000,0,0,0,66,66,0,0,66,0.0,0.0,0.0,0.0,0.0,1.0,-1
"F[1,2]((FiO2 <= 0.367 & HCO3 <= 19.230) & Bilirubin_total >= 0.739)
",0.000,-9999999.000,-9999999.000,0.000,1.000,0,0,0,66,66,0,0,66,0.0,0.0,0.0,0.0,0.0,1.0,-1
"F[0,2](MAP <= 96.697 & Phosphate <= 2.463)
",0.000,-9999999.000,-9999999.000,0.000,1.000,0,0,0,66,66,0,0,66,0.0,0.0,0.0,0.0,0.0,1.0,-1
"F[0,2](((Hct <= 47.762 | Resp >= 11.678) & pH <= 22.309) | Phosphate >= 6.960)
",0.000,-9999999.000,-9999999.000,0.000,1.000,0,0,0,66,66,0,0,66,0.0,0.0,0.0,0.0,0.0,1.0,-1
"F[1,2](HR <= 96.006 | Phosphate >= 0.002)
",0.000,-9999999.000,-9999999.000,0.000,1.000,0,0,0,66,66,0,0,66,0.0,0.0,0.0,0.0,0.0,1.0,-1
"F[0,2](((O2Sat >= 47.530 | SBP >= 2.070) | Alkalinephos <= 25.133) | Alkalinephos >= 3.242)
",0.000,-9999999.000,-9999999.000,0.000,1.000,0,0,0,66,66,0,0,66,0.0,0.0,0.0,0.0,0.0,1.0,-1
"F[1,2]((Glucose >= 4.708 & MAP <= 98.646) -> EtCO2 >= 8.076)
",0.000,-9999999.000,-9999999.000,0.000,1.000,0,0,0,66,66,0,0,66,0.0,0.0,0.0,0.0,0.0,1.0,-1
"F[0,1]((Chloride <= 31.228 & FiO2 <= 0.371) | Phosphate <= 0.146)
",0.000,-9999999.000,-9999999.000,0.000,1.000,0,0,0,66,66,0,0,66,0.0,0.0,0.0,0.0,0.0,1.0,-1
"F[1,2](((FiO2 >= 0.043 | Potassium >= 0.359) | Glucose <= 3.170) -> Creatinine <= 2.483)
",0.000,-9999999.000,-9999999.000,0.000,1.000,0,0,0,66,66,0,0,66,0.0,0.0,0.0,0.0,0.0,1.0,-1
"((FiO2 <= 0.264) U[0,1] (MAP >= 15.731))
",0.000,-9999999.000,-9999999.000,0.000,1.000,0,0,0,66,66,0,0,66,0.0,0.0,0.0,0.0,0.0,1.0,-1
"F[2,2]((O2Sat <= 95.583 & Temp <= 37.857) -> Bilirubin_direct >= 0.242)
",-5.000,-37.857,-37.857,0.000,1.000,0,0,0,66,66,0,0,66,0.0,0.0,0.0,0.0,0.0,1.0,-1
"F[0,2]((DBP <= 40.449 | Platelets >= 0.619) -> Resp <= 444.923)
",0.000,-9999999.000,-9999999.000,0.000,1.000,0,0,0,66,66,0,0,66,0.0,0.0,0.0,0.0,0.0,1.0,-1
"F[2,2](PTT >= 1.151 & WBC >= 1.990)
",-3.000,-1.990,-1.990,0.000,1.000,0,0,0,66,66,0,0,66,0.0,0.0,0.0,0.0,0.0,1.0,-1
"F[0,0]((MAP <= 98.064 | Platelets >= 17.860) | pH <= 260.674)
",-0.440,260.605,260.674,0.000,1.000,0,0,0,66,66,0,0,66,0.0,0.0,0.0,0.0,0.0,1.0,-1
"F[0,2]((BaseExcess <= 5.098 -> FiO2 <= 0.449) & Glucose <= 0.326)
",0.000,-9999999.000,-9999999.000,0.000,1.000,0,0,0,66,66,0,0,66,0.0,0.0,0.0,0.0,0.0,1.0,-1
"F[2,2](((Calcium <= 8.629 & O2Sat >= 76.688) -> HR >= 49.584) & PTT >= 58.928)
",2.000,-58.928,-58.928,0.000,1.000,0,0,0,66,66,0,0,66,0.0,0.0,0.0,0.0,0.0,1.0,-1
"F[1,1](((Glucose >= 0.634 -> O2Sat <= 95.933) & DBP >= 39.739) | Fibrinogen <= 98.042)
",2.333,98.042,98.042,0.000,1.000,0,0,0,66,66,0,0,66,0.0,0.0,0.0,0.0,0.0,1.0,-1
"((FiO2 >= 0.036) U[0,1] (Phosphate <= 2.987))
",0.000,-9999999.000,-9999999.000,0.000,1.000,0,0,0,66,66,0,0,66,0.0,0.0,0.0,0.0,0.0,1.0,-1
"F[1,2]((Potassium >= 0.264 & SBP >= 8.044) | Bilirubin_direct >= 4.560)
",0.000,-9999999.000,-9999999.000,0.000,1.000,0,0,0,66,66,0,0,66,0.0,0.0,0.0,0.0,0.0,1.0,-1
"((Creatinine <= 0.594) U[0,2] (Temp >= 3.337))
",0.000,-9999999.000,-9999999.000,0.000,1.000,0,0,0,66,66,0,0,66,0.0,0.0,0.0,0.0,0.0,1.0,-1
"F[2,2](((SBP >= 4.130 -> WBC >= 0.809) | TroponinI >= 2.090) -> EtCO2 >= 0.319)
",2.500,-0.809,-0.809,0.000,1.000,0,0,0,66,66,0,0,66,0.0,0.0,0.0,0.0,0.0,1.0,-1
"F[0,2](((MAP >= 10.262 -> Potassium <= 1.501) -> PTT <= 0.895) | TroponinI >= 0.336)
",0.000,-9999999.000,-9999999.000,0.000,1.000,0,0,0,66,66,0,0,66,0.0,0.0,0.0,0.0,0.0,1.0,-1
"((Chloride >= 9.198) U[2,2] (MAP >= 49.954))
",8.000,-9.198,-9.198,0.000,1.000,0,0,0,66,66,0,0,66,0.0,0.0,0.0,0.0,0.0,1.0,-1
"F[1,2](((Lactate >= 0.035 -> PTT >= 0.558) & Temp <= 32.862) | FiO2 >= 0.248)
",0.000,-9999999.000,-9999999.000,0.000,1.000,0,0,0,66,66,0,0,66,0.0,0.0,0.0,0.0,0.0,1.0,-1
"F[1,2]((Calcium <= 8.712 & WBC <= 9.568) | Temp <= 5.371)
",0.000,-9999999.000,-9999999.000,0.000,1.000,0,0,0,66,66,0,0,66,0.0,0.0,0.0,0.0,0.0,1.0,-1
"F[0,0](((Glucose >= 4.428 & Phosphate <= 2.010) & FiO2 >= 0.119) -> BaseExcess <= 2.317)
",2.000,-2.317,-2.317,0.000,1.000,0,0,0,66,66,0,0,66,0.0,0.0,0.0,0.0,0.0,1.0,-1
"F[1,2](Glucose <= 133.673 & WBC >= 0.372)
",0.000,-9999999.000,-9999999.000,0.000,1.000,0,0,0,66,66,0,0,66,0.0,0.0,0.0,0.0,0.0,1.0,-1
"F[2,2](((PTT <= 4.435 -> SBP <= 96.891) -> Glucose <= 95.077) & PTT <= 49.734)
",-0.000,-95.077,-95.077,0.000,1.000,0,0,0,66,66,0,0,66,0.0,0.0,0.0,0.0,0.0,1.0,-1
"F[0,2](((HCO3 <= 26.695 -> PTT >= 1.080) | O2Sat <= 40.790) & Chloride <= 40.359)
",0.000,-9999999.000,-9999999.000,0.000,1.000,0,0,0,66,66,0,0,66,0.0,0.0,0.0,0.0,0.0,1.0,-1
"F[0,2](Hct >= 2.485 | pH <= 1.439)
",0.000,-9999999.000,-9999999.000,0.000,1.000,0,0,0,66,66,0,0,66,0.0,0.0,0.0,0.0,0.0,1.0,-1
"F[1,2]((PaCO2 <= 14.990 -> SBP <= 113.809) -> Platelets >= 6.986)
",0.000,-9999999.000,-9999999.000,0.000,1.000,0,0,0,66,66,0,0,66,0.0,0.0,0.0,0.0,0.0,1.0,-1
"F[0,2]((Hct <= 12.509 & SBP >= 7.906) | EtCO2 <= 120.989)
",0.000,-9999999.000,-9999999.000,0.000,1.000,0,0,0,66,66,0,0,66,0.0,0.0,0.0,0.0,0.0,1.0,-1
"F[0,1]((Creatinine <= 0.488 -> PaCO2 >= 0.253) -> DBP >= 0.121)
",0.000,-9999999.000,-9999999.000,0.000,1.000,0,0,0,66,66,0,0,66,0.0,0.0,0.0,0.0,0.0,1.0,-1
"F[0,2](Hgb <= 12.128 | SBP >= 4.667)
",0.000,-9999999.000,-9999999.000,0.000,1.000,0,0,0,66,66,0,0,66,0.0,0.0,0.0,0.0,0.0,1.0,-1
"F[1,2](((DBP <= 29.681 -> Hct >= 4.991) -> HCO3 >= 5.727) & Potassium >= 1.317)
",0.000,-9999999.000,-9999999.000,0.000,1.000,0,0,0,66,66,0,0,66,0.0,0.0,0.0,0.0,0.0,1.0,-1
"F[0,2]((DBP >= 2.046 | Hgb <= 2.353) -> Hct >= 0.445)
",0.000,-9999999.000,-9999999.000,0.000,1.000,0,0,0,66,66,0,0,66,0.0,0.0,0.0,0.0,0.0,1.0,-1
"F[0,2](((Magnesium <= 2.631 & PTT <= 32.102) -> Glucose >= 0.686) -> Lactate <= 21.653)
",0.000,-9999999.000,-9999999.000,0.000,1.000,0,0,0,66,66,0,0,66,0.0,0.0,0.0,0.0,0.0,1.0,-1
"F[0,2]((DBP >= 1.193 | PaCO2 >= 0.783) | SBP <= 25.715)
",0.000,-9999999.000,-9999999.000,0.000,1.000,0,0,0,66,66,0,0,66,0.0,0.0,0.0,0.0,0.0,1.0,-1
"F[1,2](FiO2 <= 0.399 & Resp >= 18.236)
",0.000,-9999999.000,-9999999.000,0.000,1.000,0,0,0,66,66,0,0,66,0.0,0.0,0.0,0.0,0.0,1.0,-1
"F[2,2](DBP <= 25.950 | PTT <= 2.529)
",0.000,25.950,25.950,0.000,1.000,0,0,0,66,66,0,0,66,0.0,0.0,0.0,0.0,0.0,1.0,-1
"((DBP >= 1.555) U[0,2] (Glucose <= 110.261))
",0.000,-9999999.000,-9999999.000,0.000,1.000,0,0,0,66,66,0,0,66,0.0,0.0,0.0,0.0,0.0,1.0,-1
"((pH >= 0.075) U[2,2] (Platelets >= 3.652))
",0.000,-0.075,-0.075,0.000,1.000,0,0,0,66,66,0,0,66,0.0,0.0,0.0,0.0,0.0,1.0,-1
"F[1,2](Creatinine >= 0.004 & FiO2 <= 0.091)
",0.000,-9999999.000,-9999999.000,0.000,1.000,0,0,0,66,66,0,0,66,0.0,0.0,0.0,0.0,0.0,1.0,-1
"F[0,1](((Calcium >= 0.365 -> Lactate >= 0.035) -> Calcium <= 0.890) | BaseExcess >= 0.020)
",0.000,-9999999.000,-9999999.000,0.000,1.000,0,0,0,66,66,0,0,66,0.0,0.0,0.0,0.0,0.0,1.0,-1
"F[1,2](Calcium <= 4.357 -> PTT >= 0.118)
",0.000,-9999999.000,-9999999.000,0.000,1.000,0,0,0,66,66,0,0,66,0.0,0.0,0.0,0.0,0.0,1.0,-1
"F[1,2](((BaseExcess >= -4.490 & Hgb >= 1.028) | Potassium <= 15.351) | AST >= 1.297)
",0.000,-9999999.000,-9999999.000,0.000,1.000,0,0,0,66,66,0,0,66,0.0,0.0,0.0,0.0,0.0,1.0,-1
"F[1,2](((Glucose >= 4.563 | pH <= 0.888) -> PTT >= 0.395) & PTT <= 1.216)
",0.000,-9999999.000,-9999999.000,0.000,1.000,0,0,0,66,66,0,0,66,0.0,0.0,0.0,0.0,0.0,1.0,-1
"((Creatinine >= 0.010) U[0,2] (Hct >= 4.763))
",0.000,-9999999.000,-9999999.000,0.000,1.000,0,0,0,66,66,0,0,66,0.0,0.0,0.0,0.0,0.0,1.0,-1
"F[1,2]((BaseExcess <= 0.108 -> SBP <= 112.058) -> FiO2 <= 114.635)
",0.000,-9999999.000,-9999999.000,0.000,1.000,0,0,0,66,66,0,0,66,0.0,0.0,0.0,0.0,0.0,1.0,-1
"F[2,2](Hct >= 2.135 -> Lactate <= 1.122)
",-1.000,-1.122,-1.122,0.000,1.000,0,0,0,66,66,0,0,66,0.0,0.0,0.0,0.0,0.0,1.0,-1
"F[0,2]((Hgb >= 1.151 & Lactate >= 0.005) -> Bilirubin_total <= 0.818)
",0.000,-9999999.000,-9999999.000,0.000,1.000,0,0,0,66,66,0,0,66,0.0,0.0,0.0,0.0,0.0,1.0,-1
"F[0,2](Lactate >= 0.003 -> Magnesium >= 0.087)
",0.000,-9999999.000,-9999999.000,0.000,1.000,0,0,0,66,66,0,0,66,0.0,0.0,0.0,0.0,0.0,1.0,-1
"F[1,1]((BaseExcess <= 3.622 & DBP >= 2.049) -> Hgb <= 48.445)
",5.000,-48.445,-48.445,0.000,1.000,0,0,0,66,66,0,0,66,0.0,0.0,0.0,0.0,0.0,1.0,-1
"F[0,1]((Hgb <= 11.044 -> PTT <= 28.453) & HR >= 0.674)
",0.000,-9999999.000,-9999999.000,0.000,1.000,0,0,0,66,66,0,0,66,0.0,0.0,0.0,0.0,0.0,1.0,-1
"F[1,2](((DBP >= 5.397 & HR <= 106.265) | MAP >= 7.442) | TroponinI >= 50.560)
",0.000,-9999999.000,-9999999.000,0.000,1.000,0,0,0,66,66,0,0,66,0.0,0.0,0.0,0.0,0.0,1.0,-1
"F[2,2](Chloride <= 34.035 | DBP <= 32.326)
",0.000,34.035,34.035,0.000,1.000,0,0,0,66,66,0,0,66,0.0,0.0,0.0,0.0,0.0,1.0,-1
"F[0,2]((DBP >= 4.073 | WBC <= 7.445) -> SBP >= 1.925)
",0.000,-9999999.000,-9999999.000,0.000,1.000,0,0,0,66,66,0,0,66,0.0,0.0,0.0,0.0,0.0,1.0,-1
"F[0,2]((PTT >= 0.945 & Resp >= 10.158) -> Magnesium >= 15.201)
",0.000,-9999999.000,-9999999.000,0.000,1.000,0,0,0,66,66,0,0,66,0.0,0.0,0.0,0.0,0.0,1.0,-1
"((MAP >= 58.290) U[0,2] (SBP <= 129.815))
",0.000,-9999999.000,-9999999.000,0.000,1.000,0,0,0,66,66,0,0,66,0.0,0.0,0.0,0.0,0.0,1.0,-1
"F[0,2]((Calcium <= 1.253 & Potassium <= 1.395) & Magnesium >= 0.009)
",0.000,-9999999.000,-9999999.000,0.000,1.000,0,0,0,66,66,0,0,66,0.0,0.0,0.0,0.0,0.0,1.0,-1
"((MAP >= 69.255) U[0,2] (SBP <= 22.648))
",0.000,-9999999.000,-9999999.000,0.000,1.000,0,0,0,66,66,0,0,66,0.0,0.0,0.0,0.0,0.0,1.0,-1
"F[1,2]((Phosphate >= 0.078 & Magnesium > 0.145) -> Calcium < 6.823)
",0.000,-9999999.000,-9999999.000,0.000,1.000,0,0,0,66,66,0,0,66,0.0,0.0,0.0,0.0,0.0,1.0,-1
"((SBP <= 110.411) U[0,2] (SepsisLabel = 0.321))
",0.000,-9999999.000,-9999999.000,0.000,1.000,0,0,0,66,66,0,0,66,0.0,0.0,0.0,0.0,0.0,1.0,-1
"((Temp >= 5.377) U[1,2] (SepsisLabel = 0.747))
",0.000,-9999999.000,-9999999.000,0.000,1.000,0,0,0,66,66,0,0,66,0.0,0.0,0.0,0.0,0.0,1.0,-1
"((Chloride < 36.893) U[0,2] (SepsisLabel = 0.399))
",0.000,-9999999.000,-9999999.000,0.000,1.000,0,0,0,66,66,0,0,66,0.0,0.0,0.0,0.0,0.0,1.0,-1
"F[0,2](Potassium >= 0.348 -> SepsisLabel = 0.307)
",0.000,-9999999.000,-9999999.000,0.000,1.000,0,0,0,66,66,0,0,66,0.0,0.0,0.0,0.0,0.0,1.0,-1
"F[0,0](((Glucose <= 37.642 -> Lactate >= 0.039) -> SBP <= 0.590) | Resp >= 0.052)
",0.706,17.524,-0.052,0.000,1.000,0,0,0,66,66,0,0,66,0.0,0.0,0.0,0.0,0.0,1.0,-1
"F[0,0](((BUN <= 5.376 & Glucose <= 50.860) & Calcium >= 3.277) -> FiO2 >= 4.585)
",-0.328,0.832,3.277,0.000,1.000,0,0,0,66,66,0,0,66,0.0,0.0,0.0,0.0,0.0,1.0,-1
"F[2,2]((Glucose >= 5.748 -> HCO3 >= 0.324) | AST >= 3.403)
",-2.500,0.324,0.324,0.000,1.000,0,0,0,66,66,0,0,66,0.0,0.0,0.0,0.0,0.0,1.0,-1
"F[1,2]((Glucose >= 2.057 & Potassium <= 2.437) -> Magnesium <= 2.099)
",0.000,-9999999.000,-9999999.000,0.000,1.000,0,0,0,66,66,0,0,66,0.0,0.0,0.0,0.0,0.0,1.0,-1
"F[0,2](((Chloride <= 21.266 & Glucose <= 148.575) -> BaseExcess <= 91.963) | DBP <= 120.400)
",0.000,-9999999.000,-9999999.000,0.000,1.000,0,0,0,66,66,0,0,66,0.0,0.0,0.0,0.0,0.0,1.0,-1
"((Creatinine <= 0.133) U[0,2] (Platelets <= 250.373))
",0.000,-9999999.000,-9999999.000,0.000,1.000,0,0,0,66,66,0,0,66,0.0,0.0,0.0,0.0,0.0,1.0,-1
"F[0,2](((BUN >= 0.498 & Creatinine <= 0.236) & Calcium <= 0.034) & TroponinI <= 0.264)
",0.000,-9999999.000,-9999999.000,0.000,1.000,0,0,0,66,66,0,0,66,0.0,0.0,0.0,0.0,0.0,1.0,-1
"((HCO3 <= 11.205) U[2,2] (Hct <= 34.139))
",6.000,34.139,34.139,0.000,1.000,0,0,0,66,66,0,0,66,0.0,0.0,0.0,0.0,0.0,1.0,-1
"F[0,2]((Hgb >= 0.796 -> Potassium <= 3.406) & HR >= 0.014)
",0.000,-9999999.000,-9999999.000,0.000,1.000,0,0,0,66,66,0,0,66,0.0,0.0,0.0,0.0,0.0,1.0,-1
"F[1,2](((Chloride >= 7.986 | Hct >= 1.140) | PaCO2 >= 0.686) | Phosphate >= 2.609)
",0.000,-9999999.000,-9999999.000,0.000,1.000,0,0,0,66,66,0,0,66,0.0,0.0,0.0,0.0,0.0,1.0,-1
"F[0,2](((Hct >= 4.554 & Platelets <= 356.685) | DBP >= 5.552) & SepsisLabel >= 4.146)
",0.000,-9999999.000,-9999999.000,0.000,1.000,0,0,0,66,66,0,0,66,0.0,0.0,0.0,0.0,0.0,1.0,-1
"F[2,2](((HCO3 <= 15.463 | Hgb >= 1.001) | Potassium >= 1.258) | O2Sat <= 2.264)
",3.500,15.463,15.463,0.000,1.000,0,0,0,66,66,0,0,66,0.0,0.0,0.0,0.0,0.0,1.0,-1
"F[0,2](Hgb >= 0.230 | Magnesium >= 0.290)
",0.000,-9999999.000,-9999999.000,0.000,1.000,0,0,0,66,66,0,0,66,0.0,0.0,0.0,0.0,0.0,1.0,-1
"F[0,2]((Magnesium >= 0.228 | Phosphate >= 0.133) & TroponinI >= 0.089)
",0.000,-9999999.000,-9999999.000,0.000,1.000,0,0,0,66,66,0,0,66,0.0,0.0,0.0,0.0,0.0,1.0,-1
"F[1,1]((DBP >= 4.720 & Lactate <= 1.924) -> O2Sat >= 0.014)
",1.000,0.014,0.014,0.000,1.000,0,0,0,66,66,0,0,66,0.0,0.0,0.0,0.0,0.0,1.0,-1
"F[1,1](((BUN >= 0.504 | Phosphate >= 0.108) -> SepsisLabel <= 2.119) | Chloride >= 0.065)
",6.000,-0.065,-0.065,0.000,1.000,0,0,0,66,66,0,0,66,0.0,0.0,0.0,0.0,0.0,1.0,-1
"F[0,2](HCO3 >= 0.984 & WBC >= 1.571)
",0.000,-9999999.000,-9999999.000,0.000,1.000,0,0,0,66,66,0,0,66,0.0,0.0,0.0,0.0,0.0,1.0,-1
"((BUN >= 0.684) U[0,2] (Calcium <= 3.878))
",0.000,-9999999.000,-9999999.000,0.000,1.000,0,0,0,66,66,0,0,66,0.0,0.0,0.0,0.0,0.0,1.0,-1
"F[2,2](((Chloride <= 61.509 -> WBC >= 1.182) -> PaCO2 <= 7.403) -> Magnesium >= 1.844)
",-4.500,1.844,1.844,0.000,1.000,0,0,0,66,66,0,0,66,0.0,0.0,0.0,0.0,0.0,1.0,-1
"F[0,2]((Calcium <= 8.850 & Potassium <= 0.667) & Magnesium >= 0.038)
",0.000,-9999999.000,-9999999.000,0.000,1.000,0,0,0,66,66,0,0,66,0.0,0.0,0.0,0.0,0.0,1.0,-1
"F[1,2]((Phosphate >= 0.108 & Magnesium > 0.273) -> Calcium < 5.505)
",0.000,-9999999.000,-9999999.000,0.000,1.000,0,0,0,66,66,0,0,66,0.0,0.0,0.0,0.0,0.0,1.0,-1
"((MAP >= 28.215) U[2,2] (SBP <= 125.769))
",-4.500,125.769,125.769,0.000,1.000,0,0,0,66,66,0,0,66,0.0,0.0,0.0,0.0,0.0,1.0,-1
"F[0,2]((Calcium <= 0.891 & Potassium <= 3.847) & Magnesium >= 0.080)
",0.000,-9999999.000,-9999999.000,0.000,1.000,0,0,0,66,66,0,0,66,0.0,0.0,0.0,0.0,0.0,1.0,-1
"F[1,2](Calcium >= 0.372 & pH >= 0.092)
",0.000,-9999999.000,-9999999.000,0.000,1.000,0,0,0,66,66,0,0,66,0.0,0.0,0.0,0.0,0.0,1.0,-1
"F[1,2](FiO2 <= 0.309 & Magnesium >= 0.142)
",0.000,-9999999.000,-9999999.000,0.000,1.000,0,0,0,66,66,0,0,66,0.0,0.0,0.0,0.0,0.0,1.0,-1
"F[0,2](Creatinine <= 0.447 -> O2Sat <= 97.175)
",0.000,-9999999.000,-9999999.000,0.000,1.000,0,0,0,66,66,0,0,66,0.0,0.0,0.0,0.0,0.0,1.0,-1
"F[2,2](Platelets <= 316.861 | Potassium >= 0.219)
",0.000,316.861,316.861,0.000,1.000,0,0,0,66,66,0,0,66,0.0,0.0,0.0,0.0,0.0,1.0,-1
"F[1,2](Chloride >= 5.729 & Platelets >= 14.101)
",0.000,-9999999.000,-9999999.000,0.000,1.000,0,0,0,66,66,0,0,66,0.0,0.0,0.0,0.0,0.0,1.0,-1
"F[1,2](DBP <= 82.985 & SepsisLabel = 0.584)
",0.000,-9999999.000,-9999999.000,0.000,1.000,0,0,0,66,66,0,0,66,0.0,0.0,0.0,0.0,0.0,1.0,-1
"((BaseExcess < 5.865) U[1,2] (SepsisLabel = 0.362))
",0.000,-9999999.000,-9999999.000,0.000,1.000,0,0,0,66,66,0,0,66,0.0,0.0,0.0,0.0,0.0,1.0,-1
"((O2Sat >= 49.047) U[0,2] (SepsisLabel = 0.505))
",0.000,-9999999.000,-9999999.000,0.000,1.000,0,0,0,66,66,0,0,66,0.0,0.0,0.0,0.0,0.0,1.0,-1
"F[2,2]((Phosphate >= 0.147 & Magnesium > 0.013) -> Calcium < 3.028)
",0.000,-3.028,-3.028,0.000,1.000,0,0,0,66,66,0,0,66,0.0,0.0,0.0,0.0,0.0,1.0,-1
"((MAP >= 2.889) U[0,2] (SBP <= 132.619))
",0.000,-9999999.000,-9999999.000,0.000,1.000,0,0,0,66,66,0,0,66,0.0,0.0,0.0,0.0,0.0,1.0,-1
"F[0,1]((Phosphate >= 0.114 & Magnesium > 0.097) -> Calcium < 5.442)
",0.000,-9999999.000,-9999999.000,0.000,1.000,0,0,0,66,66,0,0,66,0.0,0.0,0.0,0.0,0.0,1.0,-1
"F[0,2](((Calcium < 4.283 & Potassium < 2.114) & Magnesium < 0.369) & Phosphate < 0.904)
",0.000,-9999999.000,-9999999.000,0.000,1.000,0,0,0,66,66,0,0,66,0.0,0.0,0.0,0.0,0.0,1.0,-1
"F[2,2](Hgb <= 1.987 | Hct <= 38.884)
",0.000,38.884,38.884,0.000,1.000,0,0,0,66,66,0,0,66,0.0,0.0,0.0,0.0,0.0,1.0,-1
"F[1,2](Hgb <= 5.070 | Hct <= 48.843)
",0.000,-9999999.000,-9999999.000,0.000,1.000,0,0,0,66,66,0,0,66,0.0,0.0,0.0,0.0,0.0,1.0,-1
"F[0,2]((Phosphate >= 0.135 & Magnesium > 0.002) -> Calcium < 5.222)
",0.000,-9999999.000,-9999999.000,0.000,1.000,0,0,0,66,66,0,0,66,0.0,0.0,0.0,0.0,0.0,1.0,-1
"F[1,2]((Phosphate >= 0.090 & Magnesium > 0.216) -> Calcium < 4.336)
",0.000,-9999999.000,-9999999.000,0.000,1.000,0,0,0,66,66,0,0,66,0.0,0.0,0.0,0.0,0.0,1.0,-1
"F[2,2](((Calcium < 7.907 & Potassium < 3.813) & Magnesium < 0.824) & Phosphate < 0.548)
",4.000,0.548,0.548,0.000,1.000,0,0,0,66,66,0,0,66,0.0,0.0,0.0,0.0,0.0,1.0,-1
"F[1,2](Hgb <= 15.980 | Hct <= 32.206)
",0.000,-9999999.000,-9999999.000,0.000,1.000,0,0,0,66,66,0,0,66,0.0,0.0,0.0,0.0,0.0,1.0,-1
"F[0,2]((Phosphate >= 0.008 & Magnesium > 0.194) -> Calcium < 1.125)
",0.000,-9999999.000,-9999999.000,0.000,1.000,0,0,0,66,66,0,0,66,0.0,0.0,0.0,0.0,0.0,1.0,-1
"F[0,2](((Calcium < 8.410 & Potassium < 3.500) & Magnesium < 2.683) & Phosphate < 1.096)
",0.000,-9999999.000,-9999999.000,0.000,1.000,0,0,0,66,66,0,0,66,0.0,0.0,0.0,0.0,0.0,1.0,-1
"F[2,2](Hgb <= 4.568 | Hct <= 24.513)
",0.000,24.513,24.513,0.000,1.000,0,0,0,66,66,0,0,66,0.0,0.0,0.0,0.0,0.0,1.0,-1
"F[2,2]((Phosphate >= 0.021 & Magnesium > 0.174) -> Calcium < 1.477)
",-0.000,-1.477,-1.477,0.000,1.000,0,0,0,66,66,0,0,66,0.0,0.0,0.0,0.0,0.0,1.0,-1
"F[1,2]((Calcium <= 2.241 & Potassium <= 1.753) & Magnesium >= 0.029)
",0.000,-9999999.000,-9999999.000,0.000,1.000,0,0,0,66,66,0,0,66,0.0,0.0,0.0,0.0,0.0,1.0,-1
"F[2,2](Hgb <= 11.242 | Hct <= 11.400)
",-3.500,11.400,11.400,0.000,1.000,0,0,0,66,66,0,0,66,0.0,0.0,0.0,0.0,0.0,1.0,-1
"F[0,2]((Phosphate >= 0.086 & Magnesium > 0.178) -> Calcium < 1.876)
",0.000,-9999999.000,-9999999.000,0.000,1.000,0,0,0,66,66,0,0,66,0.0,0.0,0.0,0.0,0.0,1.0,-1
"F[0,2](((Calcium < 8.877 & Potassium < 3.473) & Magnesium < 1.444) & Phosphate < 1.264)
",0.000,-9999999.000,-9999999.000,0.000,1.000,0,0,0,66,66,0,0,66,0.0,0.0,0.0,0.0,0.0,1.0,-1
"F[1,2](((SBP <= 113.270 | HCO3 >= 1.101) | Glucose >= 0.191) & pH >= 3.221)
",0.000,-9999999.000,-9999999.000,0.000,1.000,0,0,0,66,66,0,0,66,0.0,0.0,0.0,0.0,0.0,1.0,-1
"G[1,2](PTT <= 2.505 -> SepsisLabel = 0.848)
",0.000,9999999.000,9999999.000,1.000,0.000,0,0,4,62,62,4,4,62,0.0,0.0,1.0,0.0,0.0,1.0,1
"F[0,2]((Chloride <= 104.696 | EtCO2 <= 0.000) & BaseExcess >= 0.000)
",0.000,-9999999.000,-9999999.000,0.000,1.000,0,0,0,66,66,0,0,66,0.0,0.0,0.0,0.0,0.0,1.0,-1
"G[1,2]((Calcium <= 6.151 & DBP >= 6.939) & Glucose <= 11.363)
",0.000,9999999.000,9999999.000,1.000,0.000,0,0,6,60,60,6,6,60,0.0,0.0,1.0,0.0,0.0,1.0,1
"G[0,2](((BaseExcess >= -5.292 | Phosphate >= 0.028) -> PaCO2 >= 0.012) | BUN >= 0.041)
",0.000,9999999.000,9999999.000,1.000,0.000,0,0,6,60,60,6,6,60,0.0,0.0,1.0,0.0,0.0,1.0,1
"G[0,2](Glucose >= 3.381 & SBP <= 130.776)
",0.000,9999999.000,9999999.000,1.000,0.000,0,0,0,66,66,0,0,66,0.0,0.0,0.0,0.0,0.0,1.0,1
"G[1,2]((BUN <= 5.395 & SepsisLabel >= 0.021) -> TroponinI <= 0.859)
",0.000,9999999.000,9999999.000,1.000,0.000,0,0,66,0,0,66,66,0,0.0,0.0,1.0,0.0,0.0,1.0,1
"G[1,2]((Lactate >= 0.009 & Temp >= 6.835) & Alkalinephos >= 0.018)
",0.000,9999999.000,9999999.000,1.000,0.000,0,0,0,66,66,0,0,66,0.0,0.0,0.0,0.0,0.0,1.0,1
"G[0,2](HCO3 >= 0.562 & SBP >= 9.586)
",0.000,9999999.000,9999999.000,1.000,0.000,0,0,1,65,65,1,1,65,0.0,0.0,1.0,0.0,0.0,1.0,1
"G[2,2](pH >= 0.151 | PTT >= 0.463)
",-0.500,-0.151,-0.151,1.000,0.000,0,0,66,0,0,66,66,0,0.0,0.0,1.0,0.0,0.0,1.0,1
"G[1,2](PaCO2 <= 8.733 | Phosphate >= 0.137)
",0.000,9999999.000,9999999.000,1.000,0.000,0,0,65,1,1,65,65,1,0.0,0.0,1.0,0.0,0.0,1.0,1
"G[0,2](SBP >= 2.776 -> SepsisLabel <= 0.666)
",0.000,9999999.000,9999999.000,1.000,0.000,0,0,66,0,0,66,66,0,0.0,0.0,1.0,0.0,0.0,1.0,1
"G[0,2](((BaseExcess <= 5.812 | MAP >= 73.314) | SBP <= 110.353) -> MAP <= 90.338)
",0.000,9999999.000,9999999.000,1.000,0.000,0,0,48,18,18,48,48,18,0.0,0.0,1.0,0.0,0.0,1.0,1
"G[1,2]((DBP <= 43.447 & Phosphate >= 0.003) & SaO2 >= 0.014)
",0.000,9999999.000,9999999.000,1.000,0.000,0,0,0,66,66,0,0,66,0.0,0.0,0.0,0.0,0.0,1.0,1
"G[2,2](((FiO2 >= 0.000 -> PTT >= 0.978) | Temp <= 21.754) | MAP <= 16.031)
",0.000,21.754,21.754,1.000,0.000,0,0,66,0,0,66,66,0,0.0,0.0,1.0,0.0,0.0,1.0,1
"G[0,2](((BaseExcess <= 2.748 | Potassium <= 1.337) | AST >= 0.342) | Lactate >= 0.248)
",0.000,9999999.000,9999999.000,1.000,0.000,0,0,66,0,0,66,66,0,0.0,0.0,1.0,0.0,0.0,1.0,1
"G[0,2](((Calcium <= 0.866 -> FiO2 >= 0.016) -> Fibrinogen <= 0.395) | Hgb >= 0.020)
",0.000,9999999.000,9999999.000,1.000,0.000,0,0,66,0,0,66,66,0,0.0,0.0,1.0,0.0,0.0,1.0,1
"G[0,2](((Creatinine <= 0.237 & Potassium <= 3.560) | Fibrinogen >= 0.278) -> Creatinine >= 0.177)
",0.000,9999999.000,9999999.000,1.000,0.000,0,0,4,62,62,4,4,62,0.0,0.0,1.0,0.0,0.0,1.0,1
"G[1,2](((Chloride >= 12.997 -> SBP >= 9.991) & Chloride <= 92.515) -> Glucose >= 7.386)
",0.000,9999999.000,9999999.000,1.000,0.000,0,0,10,56,56,10,10,56,0.0,0.0,1.0,0.0,0.0,1.0,1
"G[0,2](Platelets <= 431.134 -> WBC >= 0.678)
",0.000,9999999.000,9999999.000,1.000,0.000,0,0,6,60,60,6,6,60,0.0,0.0,1.0,0.0,0.0,1.0,1
"G[0,2]((HCO3 >= 3.388 | MAP >= 29.906) & FiO2 <= 94.463)
",0.000,9999999.000,9999999.000,1.000,0.000,0,0,61,5,5,61,61,5,0.0,0.0,1.0,0.0,0.0,1.0,1
"G[2,2](((BUN >= 1.064 | MAP >= 15.198) & BaseExcess >= 16.245) | PaCO2 <= 86.279)
",-2.000,86.279,86.279,1.000,0.000,0,0,66,0,0,66,66,0,0.0,0.0,1.0,0.0,0.0,1.0,1
"G[0,1]((pH >= 0.154 | SepsisLabel <= 0.595) & Phosphate >= 0.021)
",0.000,9999999.000,9999999.000,1.000,0.000,0,0,0,66,66,0,0,66,0.0,0.0,0.0,0.0,0.0,1.0,1
"G[2,2]((BUN >= 1.065 -> PTT >= 0.352) -> FiO2 <= 7.294)
",-4.333,-7.294,-7.294,1.000,0.000,0,0,66,0,0,66,66,0,0.0,0.0,1.0,0.0,0.0,1.0,1
"G[1,2]((Lactate <= 1.485 -> Resp >= 2.535) & EtCO2 >= 3.873)
",0.000,9999999.000,9999999.000,1.000,0.000,0,0,0,66,66,0,0,66,0.0,0.0,0.0,0.0,0.0,1.0,1
"G[1,2](((Magnesium >= 0.103 | SBP >= 5.110) | Chloride >= 4.337) & Potassium >= 9.570)
",0.000,9999999.000,9999999.000,1.000,0.000,0,0,0,66,66,0,0,66,0.0,0.0,0.0,0.0,0.0,1.0,1
"G[0,2]((MAP >= 42.707 & O2Sat <= 97.369) & HCO3 >= 8.268)
",0.000,9999999.000,9999999.000,1.000,0.000,0,0,0,66,66,0,0,66,0.0,0.0,0.0,0.0,0.0,1.0,1
"G[0,2]((Glucose <= 37.582 & Platelets <= 149.330) & O2Sat <= 158.886)
",0.000,9999999.000,9999999.000,1.000,0.000,0,0,54,12,12,54,54,12,0.0,0.0,1.0,0.0,0.0,1.0,1
"F[0,2](((HR >= 27.980 -> Temp <= 19.414) -> O2Sat >= 3.781) | Glucose >= 6.930)
",0.000,-9999999.000,-9999999.000,0.000,1.000,0,0,0,66,66,0,0,66,0.0,0.0,0.0,0.0,0.0,1.0,-1
"G[1,1](((HR >= 3.876 | SepsisLabel >= 0.037) | Alkalinephos >= 0.010) & TroponinI >= 0.042)
",2.333,-0.042,-0.042,1.000,0.000,0,0,0,66,66,0,0,66,0.0,0.0,0.0,0.0,0.0,1.0,1
"G[0,2]((FiO2 <= 0.081 & Glucose >= 5.786) | PTT <= 98.819)
",0.000,9999999.000,9999999.000,1.000,0.000,0,0,66,0,0,66,66,0,0.0,0.0,1.0,0.0,0.0,1.0,1
"G[0,1]((Phosphate <= 2.730 -> PTT >= 0.016) & MAP >= 0.823)
",0.000,9999999.000,9999999.000,1.000,0.000,0,0,0,66,66,0,0,66,0.0,0.0,0.0,0.0,0.0,1.0,1
"G[1,2](((HCO3 >= 0.709 -> Lactate <= 1.416) | BaseExcess <= 1.445) -> pH <= 2.181)
",0.000,9999999.000,9999999.000,1.000,0.000,0,0,62,4,4,62,62,4,0.0,0.0,1.0,0.0,0.0,1.0,1
"G[0,2](((BaseExcess >= -3.514 & Magnesium >= 7.483484465780066e-05) -> WBC >= 0.256) & SBP <= 0.679)
",0.000,9999999.000,9999999.000,1.000,0.000,0,0,56,10,10,56,56,10,0.0,0.0,1.0,0.0,0.0,1.0,1
"G[1,2]((BaseExcess <= 2.399 -> Platelets <= 276.701) & Alkalinephos <= 388.124)
",0.000,9999999.000,9999999.000,1.000,0.000,0,0,66,0,0,66,66,0,0.0,0.0,1.0,0.0,0.0,1.0,1
"G[2,2](pH >= 0.034 -> SBP >= 3.848)
",-0.000,0.034,0.034,1.000,0.000,0,0,66,0,0,66,66,0,0.0,0.0,1.0,0.0,0.0,1.0,1
"G[0,2]((BaseExcess >= -0.363 & SepsisLabel >= 0.018) -> Potassium >= 0.015)
",0.000,9999999.000,9999999.000,1.000,0.000,0,0,62,4,4,62,62,4,0.0,0.0,1.0,0.0,0.0,1.0,1
"G[0,2](Chloride >= 11.156 & Lactate >= 0.035)
",0.000,9999999.000,9999999.000,1.000,0.000,0,0,0,66,66,0,0,66,0.0,0.0,0.0,0.0,0.0,1.0,1
"G[0,2](((Lactate <= 0.850 -> Potassium <= 2.697) | WBC <= 1.090) -> SepsisLabel >= 0.383)
",0.000,9999999.000,9999999.000,1.000,0.000,0,0,7,59,59,7,7,59,0.0,0.0,1.0,0.0,0.0,1.0,1
"G[1,2]((Creatinine >= 0.020 | PTT <= 53.018) | BUN >= 1.279)
",0.000,9999999.000,9999999.000,1.000,0.000,0,0,65,1,1,65,65,1,0.0,0.0,1.0,0.0,0.0,1.0,1
"G[0,2](Creatinine >= 0.023 -> Hgb >= 0.503)
",0.000,9999999.000,9999999.000,1.000,0.000,0,0,63,3,3,63,63,3,0.0,0.0,1.0,0.0,0.0,1.0,1
"G[2,2]((Glucose >= 6.740 -> Magnesium >= 0.132) & Chloride >= 0.270)
",3.000,-0.270,-0.270,1.000,0.000,0,0,66,0,0,66,66,0,0.0,0.0,1.0,0.0,0.0,1.0,1
"G[0,2]((Creatinine <= 0.050 & WBC <= 14.252) | FiO2 <= 20.410)
",0.000,9999999.000,9999999.000,1.000,0.000,0,0,66,0,0,66,66,0,0.0,0.0,1.0,0.0,0.0,1.0,1
"G[1,2](((Calcium >= 0.536 & Hct <= 44.894) -> AST >= 0.383) -> Magnesium >= 1.764)
",0.000,9999999.000,9999999.000,1.000,0.000,0,0,9,57,57,9,9,57,0.0,0.0,1.0,0.0,0.0,1.0,1
"G[0,2](Resp <= 24.746 & SBP <= 83.068)
",0.000,9999999.000,9999999.000,1.000,0.000,0,0,52,14,14,52,52,14,0.0,0.0,1.0,0.0,0.0,1.0,1
"G[1,2](Calcium <= 0.873 -> Hgb <= 6.469)
",0.000,9999999.000,9999999.000,1.000,0.000,0,0,58,8,8,58,58,8,0.0,0.0,1.0,0.0,0.0,1.0,1
"G[0,1]((Hct >= 0.501 -> PTT <= 21.443) & Creatinine >= 0.947)
",0.000,9999999.000,9999999.000,1.000,0.000,0,0,0,66,66,0,0,66,0.0,0.0,0.0,0.0,0.0,1.0,1
"G[1,2](((Lactate >= 0.038 & PaCO2 >= 1.013) | MAP <= 24.129) -> Glucose <= 22.787)
",0.000,9999999.000,9999999.000,1.000,0.000,0,0,64,2,2,64,64,2,0.0,0.0,1.0,0.0,0.0,1.0,1
"G[0,2](Creatinine <= 0.204 -> Lactate <= 0.459)
",0.000,9999999.000,9999999.000,1.000,0.000,0,0,64,2,2,64,64,2,0.0,0.0,1.0,0.0,0.0,1.0,1
"G[0,2](((Glucose >= 6.581 | Hct >= 0.176) & Chloride <= 48.036) & PTT <= 22.253)
",0.000,9999999.000,9999999.000,1.000,0.000,0,0,1,65,65,1,1,65,0.0,0.0,1.0,0.0,0.0,1.0,1
"G[0,2](((Glucose >= 8.745 | Hgb <= 3.565) -> DBP >= 0.431) | Platelets <= 10.133)
",0.000,9999999.000,9999999.000,1.000,0.000,0,0,61,5,5,61,61,5,0.0,0.0,1.0,0.0,0.0,1.0,1
"G[0,2](((Magnesium <= 2.650 -> Platelets <= 429.052) -> BUN <= 57.963) -> Phosphate >= 7.251)
",0.000,9999999.000,9999999.000,1.000,0.000,0,0,0,66,66,0,0,66,0.0,0.0,0.0,0.0,0.0,1.0,1
"G[0,1](((SBP >= 1.608 | Temp <= 19.487) -> Lactate <= 30.446) -> SepsisLabel >= 7.133)
",0.000,9999999.000,9999999.000,1.000,0.000,0,0,0,66,66,0,0,66,0.0,0.0,0.0,0.0,0.0,1.0,1
"G[0,2](((Potassium <= 0.592 -> PTT >= 0.026) -> SepsisLabel <= 54.991) -> Creatinine >= 1.203)
",0.000,9999999.000,9999999.000,1.000,0.000,0,0,0,66,66,0,0,66,0.0,0.0,0.0,0.0,0.0,1.0,1
"G[0,1](((Chloride <= 57.828 | PTT >= 0.210) -> PaCO2 <= 57.663) & EtCO2 >= 0.444)
",0.000,9999999.000,9999999.000,1.000,0.000,0,0,0,66,66,0,0,66,0.0,0.0,0.0,0.0,0.0,1.0,1
"G[0,2]((Magnesium <= 1.860 & WBC <= 10.555) & Calcium <= 11.049)
",0.000,9999999.000,9999999.000,1.000,0.000,0,0,51,15,15,51,51,15,0.0,0.0,1.0,0.0,0.0,1.0,1
"G[0,2](Chloride >= 4.912 & HCO3 >= 2.456)
",0.000,9999999.000,9999999.000,1.000,0.000,0,0,6,60,60,6,6,60,0.0,0.0,1.0,0.0,0.0,1.0,1
"G[0,2](BUN <= 3.540 & Creatinine >= 0.016)
",0.000,9999999.000,9999999.000,1.000,0.000,0,0,0,66,66,0,0,66,0.0,0.0,0.0,0.0,0.0,1.0,1
"G[1,2](((Hgb <= 7.011 | Hct <= 26.709) -> WBC >= 0.891) & Platelets >= 16.727)
",0.000,9999999.000,9999999.000,1.000,0.000,0,0,3,63,63,3,3,63,0.0,0.0,1.0,0.0,0.0,1.0,1
"G[1,2](((Hgb <= 14.514 | Hct <= 31.441) -> WBC >= 0.844) & Platelets >= 19.539)
",0.000,9999999.000,9999999.000,1.000,0.000,0,0,3,63,63,3,3,63,0.0,0.0,1.0,0.0,0.0,1.0,1
"G[0,1](((Calcium >= 0.183 & HR <= 89.774) | Temp <= 93.946) & Creatinine >= 12.559)
",0.000,9999999.000,9999999.000,1.000,0.000,0,0,0,66,66,0,0,66,0.0,0.0,0.0,0.0,0.0,1.0,1
"G[0,2](Platelets <= 186.261 -> WBC >= 1.907)
",0.000,9999999.000,9999999.000,1.000,0.000,0,0,6,60,60,6,6,60,0.0,0.0,1.0,0.0,0.0,1.0,1
"G[0,1](BUN <= 3.324 & Creatinine >= 0.009)
",0.000,9999999.000,9999999.000,1.000,0.000,0,0,0,66,66,0,0,66,0.0,0.0,0.0,0.0,0.0,1.0,1
"G[1,2](((Platelets >= 8.248 | WBC <= 13.820) | Bilirubin_direct >= 2.200) | EtCO2 >= 0.054)
",0.000,9999999.000,9999999.000,1.000,0.000,0,0,60,6,6,60,60,6,0.0,0.0,1.0,0.0,0.0,1.0,1
"G[0,0](((Calcium <= 2.800 -> Chloride >= 12.284) & TroponinI >= 5.924) & Phosphate >= 0.352)
",-10.000,-5.924,-5.924,1.000,0.000,0,0,0,66,66,0,0,66,0.0,0.0,0.0,0.0,0.0,1.0,1
"G[0,2]((BUN >= 0.781 & WBC <= 4.936) & Creatinine >= 0.522)
",0.000,9999999.000,9999999.000,1.000,0.000,0,0,0,66,66,0,0,66,0.0,0.0,0.0,0.0,0.0,1.0,1
"G[1,2](((PaCO2 >= 0.293 & pH >= 0.294) & DBP >= 0.382) -> SaO2 >= 0.306)
",0.000,9999999.000,9999999.000,1.000,0.000,0,0,64,2,2,64,64,2,0.0,0.0,1.0,0.0,0.0,1.0,1
"G[0,1](((BaseExcess >= -5.511 | WBC >= 0.734) | Chloride <= 8.591) -> Alkalinephos >= 1.848)
",0.000,9999999.000,9999999.000,1.000,0.000,0,0,0,66,66,0,0,66,0.0,0.0,0.0,0.0,0.0,1.0,1
"G[0,2]((Creatinine >= 0.018 | Phosphate >= 0.154) | Calcium >= 0.061)
",0.000,9999999.000,9999999.000,1.000,0.000,0,0,0,66,66,0,0,66,0.0,0.0,0.0,0.0,0.0,1.0,1
"G[0,2](Hct >= 5.976 -> Hgb <= 3.378)
",0.000,9999999.000,9999999.000,1.000,0.000,0,0,53,13,13,53,53,13,0.0,0.0,1.0,0.0,0.0,1.0,1
"G[1,2]((DBP <= 85.695 -> SBP <= 15.123) & PaCO2 >= 0.759)
",0.000,9999999.000,9999999.000,1.000,0.000,0,0,1,65,65,1,1,65,0.0,0.0,1.0,0.0,0.0,1.0,1
"G[0,2]((Chloride >= 2.410 | HCO3 >= 0.364) | TroponinI >= 2.969)
",0.000,9999999.000,9999999.000,1.000,0.000,0,0,6,60,60,6,6,60,0.0,0.0,1.0,0.0,0.0,1.0,1
"G[2,2](Bilirubin_direct <= 0.000 -> SepsisLabel = 0.296)
",0.000,0.000,0.000,1.000,0.000,0,0,66,0,0,66,66,0,0.0,0.0,1.0,0.0,0.0,1.0,1
"G[0,1](EtCO2 > 0.000 & SepsisLabel = 0.448)
",0.000,9999999.000,9999999.000,1.000,0.000,0,0,0,66,66,0,0,66,0.0,0.0,0.0,0.0,0.0,1.0,1
"G[2,2](((Hgb <= 6.476 | Hct <= 25.440) -> WBC >= 0.360) & Platelets >= 16.735)
",-1.000,-25.440,-25.440,1.000,0.000,0,0,66,0,0,66,66,0,0.0,0.0,1.0,0.0,0.0,1.0,1
"G[0,2](Creatinine >= 0.010 -> SepsisLabel = 0.816)
",0.000,9999999.000,9999999.000,1.000,0.000,0,0,57,9,9,57,57,9,0.0,0.0,1.0,0.0,0.0,1.0,1
"G[1,2](HCO3 < 25.303 & SepsisLabel = 0.964)
",0.000,9999999.000,9999999.000,1.000,0.000,0,0,0,66,66,0,0,66,0.0,0.0,0.0,0.0,0.0,1.0,1
"G[0,0](Calcium >= 0.358 & SepsisLabel = 0.152)
",-0.182,-8.669,-0.358,1.000,0.000,0,0,0,66,66,0,0,66,0.0,0.0,0.0,0.0,0.0,1.0,1
"G[1,2](Platelets <= 233.968 -> WBC >= 1.025)
",0.000,9999999.000,9999999.000,1.000,0.000,0,0,9,57,57,9,9,57,0.0,0.0,1.0,0.0,0.0,1.0,1
"G[0,0](BUN <= 5.746 & Creatinine >= 0.022)
",0.330,0.545,-0.022,1.000,0.000,0,0,0,66,66,0,0,66,0.0,0.0,0.0,0.0,0.0,1.0,1
"G[2,2](Chloride >= 2.861 & HCO3 >= 1.170)
",-2.000,-2.861,-2.861,1.000,0.000,0,0,66,0,0,66,66,0,0.0,0.0,1.0,0.0,0.0,1.0,1
"G[1,2](Platelets <= 379.782 -> WBC >= 0.372)
",0.000,9999999.000,9999999.000,1.000,0.000,0,0,9,57,57,9,9,57,0.0,0.0,1.0,0.0,0.0,1.0,1
"G[1,2](((Magnesium >= 0.283 & MAP >= 10.413) & Creatinine <= 87.037) | PTT >= 11.573)
",0.000,9999999.000,9999999.000,1.000,0.000,0,0,10,56,56,10,10,56,0.0,0.0,1.0,0.0,0.0,1.0,1
"G[0,2]((Calcium <= 6.924 | Platelets <= 143.576) & HCO3 <= 219.991)
",0.000,9999999.000,9999999.000,1.000,0.000,0,0,60,6,6,60,60,6,0.0,0.0,1.0,0.0,0.0,1.0,1
"G[0,2](((Chloride <= 51.660 & Phosphate <= 2.209) & HCO3 >= 0.062) -> BUN <= 1.798)
",0.000,9999999.000,9999999.000,1.000,0.000,0,0,66,0,0,66,66,0,0.0,0.0,1.0,0.0,0.0,1.0,1
"G[1,2](Calcium >= 0.074 & Potassium <= 2.635)
",0.000,9999999.000,9999999.000,1.000,0.000,0,0,0,66,66,0,0,66,0.0,0.0,0.0,0.0,0.0,1.0,1
"G[0,2](((Hgb <= 7.942 | Hct <= 36.411) -> WBC >= 2.003) & Platelets >= 0.424)
",0.000,9999999.000,9999999.000,1.000,0.000,0,0,0,66,66,0,0,66,0.0,0.0,0.0,0.0,0.0,1.0,1
"G[2,2](Chloride >= 12.221 & HCO3 >= 1.413)
",-3.000,-12.221,-12.221,1.000,0.000,0,0,66,0,0,66,66,0,0.0,0.0,1.0,0.0,0.0,1.0,1
"G[0,2](BUN <= 4.591 & Creatinine >= 0.002)
",0.000,9999999.000,9999999.000,1.000,0.000,0,0,0,66,66,0,0,66,0.0,0.0,0.0,0.0,0.0,1.0,1
"G[0,2](((Hgb <= 11.391 | Hct <= 46.162) -> WBC >= 0.783) & Platelets >= 1.880)
",0.000,9999999.000,9999999.000,1.000,0.000,0,0,0,66,66,0,0,66,0.0,0.0,0.0,0.0,0.0,1.0,1
"G[0,2](BUN <= 3.877 & Creatinine >= 0.021)
",0.000,9999999.000,9999999.000,1.000,0.000,0,0,0,66,66,0,0,66,0.0,0.0,0.0,0.0,0.0,1.0,1
"G[0,1](((Hgb <= 8.828 | Hct <= 9.670) -> WBC >= 0.833) & Platelets >= 9.748)
",0.000,9999999.000,9999999.000,1.000,0.000,0,0,0,66,66,0,0,66,0.0,0.0,0.0,0.0,0.0,1.0,1
"G[1,2](Platelets <= 318.173 -> WBC >= 1.300)
",0.000,9999999.000,9999999.000,1.000,0.000,0,0,9,57,57,9,9,57,0.0,0.0,1.0,0.0,0.0,1.0,1
"G[2,2](Chloride >= 10.950 & HCO3 >= 0.605)
",1.000,-10.950,-10.950,1.000,0.000,0,0,66,0,0,66,66,0,0.0,0.0,1.0,0.0,0.0,1.0,1
"G[2,2](BUN <= 4.684 & Creatinine >= 0.018)
",-2.500,-0.018,-0.018,1.000,0.000,0,0,66,0,0,66,66,0,0.0,0.0,1.0,0.0,0.0,1.0,1
"G[0,1](((Hgb <= 3.792 | Hct <= 48.930) -> WBC >= 1.388) & Platelets >= 12.660)
",0.000,9999999.000,9999999.000,1.000,0.000,0,0,0,66,66,0,0,66,0.0,0.0,0.0,0.0,0.0,1.0,1
"G[0,2](Chloride >= 2.199 & HCO3 >= 1.305)
",0.000,9999999.000,9999999.000,1.000,0.000,0,0,6,60,60,6,6,60,0.0,0.0,1.0,0.0,0.0,1.0,1
"G[0,2](BUN <= 10.228 & Creatinine >= 0.014)
",0.000,9999999.000,9999999.000,1.000,0.000,0,0,0,66,66,0,0,66,0.0,0.0,0.0,0.0,0.0,1.0,1
"G[1,2](BUN <= 4.497 & Creatinine >= 0.007)
",0.000,9999999.000,9999999.000,1.000,0.000,0,0,0,66,66,0,0,66,0.0,0.0,0.0,0.0,0.0,1.0,1
"G[2,2](Platelets <= 119.353 -> WBC >= 2.186)
",3.500,-119.353,-119.353,1.000,0.000,0,0,66,0,0,66,66,0,0.0,0.0,1.0,0.0,0.0,1.0,1
"G[0,2](Chloride >= 7.687 & HCO3 >= 2.057)
",0.000,9999999.000,9999999.000,1.000,0.000,0,0,6,60,60,6,6,60,0.0,0.0,1.0,0.0,0.0,1.0,1
"G[1,1](BUN <= 4.224 & Creatinine >= 0.014)
",2.750,-0.014,-0.014,1.000,0.000,0,0,0,66,66,0,0,66,0.0,0.0,0.0,0.0,0.0,1.0,1
"G[2,2](((Hgb <= 7.553 | Hct <= 28.264) -> WBC >= 1.799) & Platelets >= 19.684)
",3.000,-28.264,-28.264,1.000,0.000,0,0,66,0,0,66,66,0,0.0,0.0,1.0,0.0,0.0,1.0,1
"G[1,2](Hgb > 1.741 & SepsisLabel = 0.433)
",0.000,9999999.000,9999999.000,1.000,0.000,0,0,0,66,66,0,0,66,0.0,0.0,0.0,0.0,0.0,1.0,1
"G[0,0](FiO2 <= 0.274 & SepsisLabel = 0.323)
",-0.226,-10.679,-0.323,1.000,0.000,0,0,0,66,66,0,0,66,0.0,0.0,0.0,0.0,0.0,1.0,1
"G[1,2](pH >= 0.131 -> SepsisLabel = 0.981)
",0.000,9999999.000,9999999.000,1.000,0.000,0,0,62,4,4,62,62,4,0.0,0.0,1.0,0.0,0.0,1.0,1
"G[1,2]((PTT >= 1.099 & DBP >= 2.945) -> Glucose <= 54.523)
",0.000,9999999.000,9999999.000,1.000,0.000,0,0,66,0,0,66,66,0,0.0,0.0,1.0,0.0,0.0,1.0,1
"G[0,2](((FiO2 <= 0.425 | Bilirubin_direct >= 0.000) -> Chloride >= 0.000) -> EtCO2 <= 0.000)
",0.000,9999999.000,9999999.000,1.000,0.000,0,0,66,0,0,66,66,0,0.0,0.0,1.0,0.0,0.0,1.0,1
"G[0,2]((MAP <= 81.487 -> Resp <= 27.664) -> WBC <= 26.478)
",0.000,9999999.000,9999999.000,1.000,0.000,0,0,66,0,0,66,66,0,0.0,0.0,1.0,0.0,0.0,1.0,1
"G[0,2]((HR >= 36.294 & O2Sat >= 6.436) | SaO2 >= 22.652)
",0.000,9999999.000,9999999.000,1.000,0.000,0,0,63,3,3,63,63,3,0.0,0.0,1.0,0.0,0.0,1.0,1
"G[0,2](((Hgb <= 5.061 -> O2Sat >= 88.825) | MAP >= 45.220) | Fibrinogen <= 97.501)
",0.000,9999999.000,9999999.000,1.000,0.000,0,0,66,0,0,66,66,0,0.0,0.0,1.0,0.0,0.0,1.0,1
"G[1,1](((WBC >= 0.338 -> Calcium >= 0.193) & HR <= 8.806) & HR <= 8.374)
",-2.000,0.193,0.193,1.000,0.000,0,0,0,66,66,0,0,66,0.0,0.0,0.0,0.0,0.0,1.0,1
"G[2,2]((Temp >= 0.488 | Potassium <= 3.371) & BUN <= 3.952)
",-2.500,3.371,3.371,1.000,0.000,0,0,66,0,0,66,66,0,0.0,0.0,1.0,0.0,0.0,1.0,1
"G[1,2]((Hct >= 2.627 -> O2Sat >= 57.402) & Resp <= 94.868)
",0.000,9999999.000,9999999.000,1.000,0.000,0,0,66,0,0,66,66,0,0.0,0.0,1.0,0.0,0.0,1.0,1
"G[2,2](((O2Sat >= 58.912 & Resp >= 3.966) -> SepsisLabel <= 22.276) -> DBP >= 15.275)
",-2.333,15.275,15.275,1.000,0.000,0,0,66,0,0,66,66,0,0.0,0.0,1.0,0.0,0.0,1.0,1
"G[1,2](Magnesium >= 0.018 -> Resp >= 17.930)
",0.000,9999999.000,9999999.000,1.000,0.000,0,0,62,4,4,62,62,4,0.0,0.0,1.0,0.0,0.0,1.0,1
"G[0,2](((Creatinine <= 0.308 & AST >= 0.000) & Alkalinephos >= 0.000) & Bilirubin_direct >= 0.000)
",0.000,9999999.000,9999999.000,1.000,0.000,0,0,62,4,4,62,62,4,0.0,0.0,1.0,0.0,0.0,1.0,1
"G[2,2](((Hct <= 44.564 & PaCO2 <= 14.189) -> Chloride <= 21.890) | PTT <= 25.435)
",-3.500,25.435,25.435,1.000,0.000,0,0,66,0,0,66,66,0,0.0,0.0,1.0,0.0,0.0,1.0,1
"G[0,2](TroponinI <= 0.000 | Creatinine >= 0.007)
",0.000,9999999.000,9999999.000,1.000,0.000,0,0,66,0,0,66,66,0,0.0,0.0,1.0,0.0,0.0,1.0,1
"G[0,2](FiO2 >= 0.034 -> PaCO2 <= 11.537)
",0.000,9999999.000,9999999.000,1.000,0.000,0,0,65,1,1,65,65,1,0.0,0.0,1.0,0.0,0.0,1.0,1
"G[2,2]((SepsisLabel <= 0.483 & Potassium >= 0.126) | PaCO2 <= 0.984)
",-8.000,0.984,0.984,1.000,0.000,0,0,66,0,0,66,66,0,0.0,0.0,1.0,0.0,0.0,1.0,1
"G[1,2](((PaCO2 <= 35.382 -> SepsisLabel >= 0.038) | Hct >= 0.058) & HR >= 0.053)
",0.000,9999999.000,9999999.000,1.000,0.000,0,0,15,51,51,15,15,51,0.0,0.0,1.0,0.0,0.0,1.0,1
"G[1,2](HCO3 >= 1.857 -> SepsisLabel >= 0.071)
",0.000,9999999.000,9999999.000,1.000,0.000,0,0,58,8,8,58,58,8,0.0,0.0,1.0,0.0,0.0,1.0,1
"G[1,2](Hgb >= 0.229 | BaseExcess >= -1.144)
",0.000,9999999.000,9999999.000,1.000,0.000,0,0,65,1,1,65,65,1,0.0,0.0,1.0,0.0,0.0,1.0,1
"G[0,2](((O2Sat >= 3.340 -> pH <= 2.500) | Lactate <= 2.509) & PTT <= 2.669)
",0.000,9999999.000,9999999.000,1.000,0.000,0,0,61,5,5,61,61,5,0.0,0.0,1.0,0.0,0.0,1.0,1
"G[2,2]((O2Sat <= 99.209 & PTT <= 48.773) & Chloride <= 23.575)
",3.000,23.575,23.575,1.000,0.000,0,0,66,0,0,66,66,0,0.0,0.0,1.0,0.0,0.0,1.0,1
"G[1,2]((BaseExcess <= 0.766 | PaCO2 <= 12.562) -> Platelets <= 43.022)
",0.000,9999999.000,9999999.000,1.000,0.000,0,0,63,3,3,63,63,3,0.0,0.0,1.0,0.0,0.0,1.0,1
"G[2,2](Chloride >= 11.449 -> Resp <= 24.138)
",1.667,-24.138,-24.138,1.000,0.000,0,0,66,0,0,66,66,0,0.0,0.0,1.0,0.0,0.0,1.0,1
"G[0,2](((Resp >= 0.259 | Magnesium <= 1.552) | Potassium <= 2.299) -> DBP >= 0.118)
",0.000,9999999.000,9999999.000,1.000,0.000,0,0,6,60,60,6,6,60,0.0,0.0,1.0,0.0,0.0,1.0,1
"G[0,2](((Hgb <= 13.017 & MAP >= 33.974) | Platelets <= 101.728) & HCO3 <= 87.749)
",0.000,9999999.000,9999999.000,1.000,0.000,0,0,62,4,4,62,62,4,0.0,0.0,1.0,0.0,0.0,1.0,1
"G[2,2]((Hgb <= 15.866 & Lactate >= 0.019) -> EtCO2 <= 1.225)
",1.000,-1.225,-1.225,1.000,0.000,0,0,66,0,0,66,66,0,0.0,0.0,1.0,0.0,0.0,1.0,1
"G[1,1]((Phosphate >= 0.019 -> Resp >= 5.279) & SepsisLabel >= 10.320)
",3.000,-10.320,-10.320,1.000,0.000,0,0,0,66,66,0,0,66,0.0,0.0,0.0,0.0,0.0,1.0,1
"G[2,2](((Calcium >= 0.009 -> PaCO2 <= 25.799) | FiO2 <= 31.347) -> Bilirubin_direct >= 1.099)
",0.000,-31.347,-31.347,1.000,0.000,0,0,66,0,0,66,66,0,0.0,0.0,1.0,0.0,0.0,1.0,1
"F[0,2](((Glucose <= 83.483 & TroponinI >= 0.000) | HR >= 0.000) | Hct <= 0.000)
",0.000,-9999999.000,-9999999.000,0.000,1.000,0,0,0,66,66,0,0,66,0.0,0.0,0.0,0.0,0.0,1.0,-1
"F[0,2](FiO2 >= 0.026 -> Creatinine <= 0.438)
",0.000,-9999999.000,-9999999.000,0.000,1.000,0,0,0,66,66,0,0,66,0.0,0.0,0.0,0.0,0.0,1.0,-1
"F[0,2](Glucose >= 4.676 -> SepsisLabel <= 0.625)
",0.000,-9999999.000,-9999999.000,0.000,1.000,0,0,0,66,66,0,0,66,0.0,0.0,0.0,0.0,0.0,1.0,-1
"F[2,2](Chloride <= 92.924 | SepsisLabel >= 0.001)
",-2.000,92.924,92.924,0.000,1.000,0,0,0,66,66,0,0,66,0.0,0.0,0.0,0.0,0.0,1.0,-1
"F[0,2](WBC >= 0.853 | BUN <= 4.822)
",0.000,-9999999.000,-9999999.000,0.000,1.000,0,0,0,66,66,0,0,66,0.0,0.0,0.0,0.0,0.0,1.0,-1
"F[0,2](SepsisLabel <= 0.092 | Temp <= 22.187)
",0.000,-9999999.000,-9999999.000,0.000,1.000,0,0,0,66,66,0,0,66,0.0,0.0,0.0,0.0,0.0,1.0,-1
"F[0,2](((Creatinine >= 0.005 & MAP <= 91.508) & Chloride <= 98.993) & Alkalinephos >= 34.314)
",0.000,-9999999.000,-9999999.000,0.000,1.000,0,0,0,66,66,0,0,66,0.0,0.0,0.0,0.0,0.0,1.0,-1
"F[1,2](((Chloride >= 3.869 | Resp >= 7.122) | pH >= 14.111) & pH >= 3.692)
",0.000,-9999999.000,-9999999.000,0.000,1.000,0,0,0,66,66,0,0,66,0.0,0.0,0.0,0.0,0.0,1.0,-1
"F[0,1]((HR <= 99.829 -> AST <= 0.000) | pH <= 0.000)
",0.000,-9999999.000,-9999999.000,0.000,1.000,0,0,0,66,66,0,0,66,0.0,0.0,0.0,0.0,0.0,1.0,-1
"F[0,2](Lactate >= 0.030 -> SepsisLabel <= 0.253)
",0.000,-9999999.000,-9999999.000,0.000,1.000,0,0,0,66,66,0,0,66,0.0,0.0,0.0,0.0,0.0,1.0,-1
"F[1,2]((BUN <= 5.026 -> FiO2 >= 0.015) -> Hct <= 0.439)
",0.000,-9999999.000,-9999999.000,0.000,1.000,0,0,0,66,66,0,0,66,0.0,0.0,0.0,0.0,0.0,1.0,-1
"F[0,2]((HCO3 <= 6.903 -> PTT <= 10.828) | BaseExcess >= 0.991)
",0.000,-9999999.000,-9999999.000,0.000,1.000,0,0,0,66,66,0,0,66,0.0,0.0,0.0,0.0,0.0,1.0,-1
"((BUN <= 6.054) U[0,2] (SBP >= 5.757))
",0.000,-9999999.000,-9999999.000,0.000,1.000,0,0,0,66,66,0,0,66,0.0,0.0,0.0,0.0,0.0,1.0,-1
"((Fibrinogen <= 0.000) U[2,2] (PTT <= 29.302))
",-0.000,29.302,29.302,0.000,1.000,0,0,0,66,66,0,0,66,0.0,0.0,0.0,0.0,0.0,1.0,-1
"G[0,2](Lactate < 1.006 & SepsisLabel = 0.882)
",0.000,9999999.000,9999999.000,1.000,0.000,0,0,0,66,66,0,0,66,0.0,0.0,0.0,0.0,0.0,1.0,1
"G[2,2]((BUN <= 7.829 -> Chloride >= 6.079) & Resp >= 2.933)
",0.667,-7.829,-7.829,1.000,0.000,0,0,66,0,0,66,66,0,0.0,0.0,1.0,0.0,0.0,1.0,1
"G[2,2](((AST <= 0.000 -> HR >= 76.487) & MAP <= 100.831) | Hgb >= 74.157)
",0.000,0.000,0.000,1.000,0.000,0,0,66,0,0,66,66,0,0.0,0.0,1.0,0.0,0.0,1.0,1
"G[1,1](((HR <= 97.237 | Magnesium >= 0.253) -> SepsisLabel >= 0.224) & Calcium >= 0.215)
",-0.000,-97.237,-97.237,1.000,0.000,0,0,0,66,66,0,0,66,0.0,0.0,0.0,0.0,0.0,1.0,1
"G[0,2](((Potassium <= 0.615 | Resp <= 26.164) | SBP >= 11.932) -> Hct <= 23.121)
",0.000,9999999.000,9999999.000,1.000,0.000,0,0,51,15,15,51,51,15,0.0,0.0,1.0,0.0,0.0,1.0,1
"G[1,2]((PaCO2 >= 1.018 & Resp >= 3.091) & Bilirubin_direct <= 19.274)
",0.000,9999999.000,9999999.000,1.000,0.000,0,0,2,64,64,2,2,64,0.0,0.0,1.0,0.0,0.0,1.0,1
"G[1,2]((HR >= 43.517 & Potassium >= 0.194) -> Bilirubin_direct <= 3.198)
",0.000,9999999.000,9999999.000,1.000,0.000,0,0,66,0,0,66,66,0,0.0,0.0,1.0,0.0,0.0,1.0,1
"G[0,2]((SBP >= 9.727 -> Alkalinephos >= 0.000) & Fibrinogen >= 0.000)
",0.000,9999999.000,9999999.000,1.000,0.000,0,0,66,0,0,66,66,0,0.0,0.0,1.0,0.0,0.0,1.0,1
"G[1,1](((Bilirubin_total >= 0.000 & SepsisLabel >= 0.024) & Bilirubin_direct <= 0.376) & Calcium >= 0.034)
",-5.000,-0.034,-0.034,1.000,0.000,0,0,0,66,66,0,0,66,0.0,0.0,0.0,0.0,0.0,1.0,1
"G[0,2](HR <= 87.370 & SepsisLabel = 0.260)
",0.000,9999999.000,9999999.000,1.000,0.000,0,0,0,66,66,0,0,66,0.0,0.0,0.0,0.0,0.0,1.0,1
"G[0,2]((PaCO2 <= 21.612 & SBP >= 1.708) -> Chloride <= 97.476)
",0.000,9999999.000,9999999.000,1.000,0.000,0,0,64,2,2,64,64,2,0.0,0.0,1.0,0.0,0.0,1.0,1
"G[0,2](Creatinine <= 0.068 -> Resp >= 7.856)
",0.000,9999999.000,9999999.000,1.000,0.000,0,0,65,1,1,65,65,1,0.0,0.0,1.0,0.0,0.0,1.0,1
"G[2,2]((Hct <= 48.610 -> HR >= 60.795) & PTT >= 65.759)
",3.000,-65.759,-65.759,1.000,0.000,0,0,66,0,0,66,66,0,0.0,0.0,1.0,0.0,0.0,1.0,1
"G[1,2]((HCO3 >= 0.751 & Resp >= 3.227) & Bilirubin_direct >= 18.776)
",0.000,9999999.000,9999999.000,1.000,0.000,0,0,0,66,66,0,0,66,0.0,0.0,0.0,0.0,0.0,1.0,1
"G[1,2](Creatinine >= 0.017 -> SepsisLabel >= 0.042)
",0.000,9999999.000,9999999.000,1.000,0.000,0,0,63,3,3,63,63,3,0.0,0.0,1.0,0.0,0.0,1.0,1
"G[1,2]((Potassium <= 3.964 -> Temp <= 19.216) & Bilirubin_total <= 18.854)
",0.000,9999999.000,9999999.000,1.000,0.000,0,0,58,8,8,58,58,8,0.0,0.0,1.0,0.0,0.0,1.0,1
"G[2,2]((Bilirubin_direct >= 0.000 -> AST >= 0.000) | Phosphate >= 0.000)
",0.000,0.000,0.000,1.000,0.000,0,0,66,0,0,66,66,0,0.0,0.0,1.0,0.0,0.0,1.0,1
"G[1,2]((Platelets <= 120.171 | Resp <= 19.039) & Lactate <= 22.436)
",0.000,9999999.000,9999999.000,1.000,0.000,0,0,66,0,0,66,66,0,0.0,0.0,1.0,0.0,0.0,1.0,1
"G[1,2]((Hct >= 0.981 | Temp >= 4.212) | SaO2 <= 19.240)
",0.000,9999999.000,9999999.000,1.000,0.000,0,0,66,0,0,66,66,0,0.0,0.0,1.0,0.0,0.0,1.0,1
"G[1,2](EtCO2 <= 0.000 -> HR <= 103.166)
",0.000,9999999.000,9999999.000,1.000,0.000,0,0,62,4,4,62,62,4,0.0,0.0,1.0,0.0,0.0,1.0,1
"G[0,1](((BaseExcess >= -1.955 & Chloride >= 1.048) & BUN <= 57.192) & Calcium >= 11.975)
",0.000,9999999.000,9999999.000,1.000,0.000,0,0,0,66,66,0,0,66,0.0,0.0,0.0,0.0,0.0,1.0,1
"G[0,2](Bilirubin_total <= 0.000 -> Lactate >= 0.032)
",0.000,9999999.000,9999999.000,1.000,0.000,0,0,0,66,66,0,0,66,0.0,0.0,0.0,0.0,0.0,1.0,1
"G[0,2](((Creatinine >= 0.011 & Hct <= 40.055) | SaO2 <= 12.143) | AST <= 25.249)
",0.000,9999999.000,9999999.000,1.000,0.000,0,0,66,0,0,66,66,0,0.0,0.0,1.0,0.0,0.0,1.0,1
"G[0,2]((BUN >= 0.412 & Bilirubin_direct <= 0.000) -> Temp >= 0.000)
",0.000,9999999.000,9999999.000,1.000,0.000,0,0,66,0,0,66,66,0,0.0,0.0,1.0,0.0,0.0,1.0,1
"G[1,2](((AST >= 0.000 -> Hgb >= 1.492) | Platelets <= 7.175) -> Alkalinephos >= 0.295)
",0.000,9999999.000,9999999.000,1.000,0.000,0,0,0,66,66,0,0,66,0.0,0.0,0.0,0.0,0.0,1.0,1
"G[0,1]((BUN <= 1.455 & DBP >= 4.376) & Fibrinogen >= 0.977)
",0.000,9999999.000,9999999.000,1.000,0.000,0,0,0,66,66,0,0,66,0.0,0.0,0.0,0.0,0.0,1.0,1
"G[0,2](((PTT >= 0.523 | SepsisLabel <= 0.459) & pH >= 0.029) | Lactate >= 0.060)
",0.000,9999999.000,9999999.000,1.000,0.000,0,0,1,65,65,1,1,65,0.0,0.0,1.0,0.0,0.0,1.0,1
"G[1,2](Chloride >= 13.411 & HCO3 >= 2.035)
",0.000,9999999.000,9999999.000,1.000,0.000,0,0,9,57,57,9,9,57,0.0,0.0,1.0,0.0,0.0,1.0,1
"G[0,2](SepsisLabel >= 0.070 & WBC <= 20.671)
",0.000,9999999.000,9999999.000,1.000,0.000,0,0,5,61,61,5,5,61,0.0,0.0,1.0,0.0,0.0,1.0,1
"G[0,2](MAP >= 53.694 & SepsisLabel = 0.915)
",0.000,9999999.000,9999999.000,1.000,0.000,0,0,0,66,66,0,0,66,0.0,0.0,0.0,0.0,0.0,1.0,1
"G[0,2](Chloride >= 13.383 & HCO3 >= 3.081)
",0.000,9999999.000,9999999.000,1.000,0.000,0,0,6,60,60,6,6,60,0.0,0.0,1.0,0.0,0.0,1.0,1
"G[0,2](((Hgb <= 12.896 | Hct <= 33.957) -> WBC >= 0.940) & Platelets >= 14.231)
",0.000,9999999.000,9999999.000,1.000,0.000,0,0,0,66,66,0,0,66,0.0,0.0,0.0,0.0,0.0,1.0,1
"G[0,2](BUN <= 8.527 & Creatinine >= 0.010)
",0.000,9999999.000,9999999.000,1.000,0.000,0,0,0,66,66,0,0,66,0.0,0.0,0.0,0.0,0.0,1.0,1
"G[0,2]((Magnesium >= 0.095 & Temp >= 3.753) | WBC <= 12.772)
",0.000,9999999.000,9999999.000,1.000,0.000,0,0,56,10,10,56,56,10,0.0,0.0,1.0,0.0,0.0,1.0,1
"G[1,2](Lactate <= 1.699 -> HCO3 <= 20.026)
",0.000,9999999.000,9999999.000,1.000,0.000,0,0,58,8,8,58,58,8,0.0,0.0,1.0,0.0,0.0,1.0,1
"G[2,2](((Glucose >= 7.364 -> Alkalinephos <= 0.000) -> Fibrinogen >= 0.000) & DBP <= 0.000)
",0.000,0.000,0.000,1.000,0.000,0,0,66,0,0,66,66,0,0.0,0.0,1.0,0.0,0.0,1.0,1
"G[1,2](((Creatinine <= 0.422 | HR >= 72.980) | HR >= 51.603) -> Platelets >= 5.354)
",0.000,9999999.000,9999999.000,1.000,0.000,0,0,3,63,63,3,3,63,0.0,0.0,1.0,0.0,0.0,1.0,1
"G[0,1](((BaseExcess <= 5.869 | Creatinine >= 0.018) | SBP <= 0.038) -> HR <= 0.280)
",0.000,9999999.000,9999999.000,1.000,0.000,0,0,0,66,66,0,0,66,0.0,0.0,0.0,0.0,0.0,1.0,1
"G[0,2](Alkalinephos <= 0.000 -> Phosphate <= 0.873)
",0.000,9999999.000,9999999.000,1.000,0.000,0,0,57,9,9,57,57,9,0.0,0.0,1.0,0.0,0.0,1.0,1
"G[0,2]((AST >= 0.000 -> TroponinI >= 0.000) & EtCO2 <= 0.000)
",0.000,9999999.000,9999999.000,1.000,0.000,0,0,66,0,0,66,66,0,0.0,0.0,1.0,0.0,0.0,1.0,1
"G[0,2](((FiO2 >= 0.044 & FiO2 <= 0.105) | DBP <= 0.263) | BaseExcess <= 0.392)
",0.000,9999999.000,9999999.000,1.000,0.000,0,0,66,0,0,66,66,0,0.0,0.0,1.0,0.0,0.0,1.0,1
"G[0,2](((pH >= 0.277 -> AST <= 0.000) | Phosphate <= 0.000) -> Hct <= 0.000)
",0.000,9999999.000,9999999.000,1.000,0.000,0,0,51,15,15,51,51,15,0.0,0.0,1.0,0.0,0.0,1.0,1
"G[1,2](((Chloride >= 10.004 & HCO3 <= 25.764) & O2Sat >= 1.580) | Resp >= 1.686)
",0.000,9999999.000,9999999.000,1.000,0.000,0,0,66,0,0,66,66,0,0.0,0.0,1.0,0.0,0.0,1.0,1
"G[1,2]((SaO2 <= 0.000 -> Magnesium <= 1.640) & SBP >= 0.201)
",0.000,9999999.000,9999999.000,1.000,0.000,0,0,6,60,60,6,6,60,0.0,0.0,1.0,0.0,0.0,1.0,1
"G[0,2](Hgb >= 0.481 & PaCO2 <= 43.423)
",0.000,9999999.000,9999999.000,1.000,0.000,0,0,6,60,60,6,6,60,0.0,0.0,1.0,0.0,0.0,1.0,1
"G[1,2](((Fibrinogen >= 0.000 & Creatinine >= 0.020) -> BaseExcess <= 0.324) | Potassium >= 0.002)
",0.000,9999999.000,9999999.000,1.000,0.000,0,0,66,0,0,66,66,0,0.0,0.0,1.0,0.0,0.0,1.0,1
"G[1,2](((PTT <= 45.439 | AST >= 0.000) | DBP >= 0.000) | O2Sat >= 0.000)
",0.000,9999999.000,9999999.000,1.000,0.000,0,0,66,0,0,66,66,0,0.0,0.0,1.0,0.0,0.0,1.0,1
"G[2,2]((Glucose <= 78.739 -> Fibrinogen <= 0.000) & Phosphate >= 0.000)
",2.500,-78.739,-78.739,1.000,0.000,0,0,66,0,0,66,66,0,0.0,0.0,1.0,0.0,0.0,1.0,1
"G[0,2](((EtCO2 >= 0.000 -> pH >= 0.339) -> O2Sat <= 6.414) & BaseExcess >= 0.338)
",0.000,9999999.000,9999999.000,1.000,0.000,0,0,0,66,66,0,0,66,0.0,0.0,0.0,0.0,0.0,1.0,1
"G[0,2](((Bilirubin_total <= 0.000 | EtCO2 <= 0.000) & Hct <= 0.000) -> Hct >= 0.000)
",0.000,9999999.000,9999999.000,1.000,0.000,0,0,66,0,0,66,66,0,0.0,0.0,1.0,0.0,0.0,1.0,1
"G[0,2]((PaCO2 >= 0.837 & Glucose >= 2.850) | DBP >= 3.553)
",0.000,9999999.000,9999999.000,1.000,0.000,0,0,6,60,60,6,6,60,0.0,0.0,1.0,0.0,0.0,1.0,1
"G[1,2]((Glucose >= 2.373 -> Chloride >= 0.775) -> Potassium <= 26.484)
",0.000,9999999.000,9999999.000,1.000,0.000,0,0,66,0,0,66,66,0,0.0,0.0,1.0,0.0,0.0,1.0,1
"G[0,2]((HCO3 >= 2.154 -> Fibrinogen <= 0.000) | SaO2 <= 0.000)
",0.000,9999999.000,9999999.000,1.000,0.000,0,0,66,0,0,66,66,0,0.0,0.0,1.0,0.0,0.0,1.0,1
"G[0,2]((PaCO2 <= 29.714 | PTT >= 0.868) | Calcium <= 17.825)
",0.000,9999999.000,9999999.000,1.000,0.000,0,0,66,0,0,66,66,0,0.0,0.0,1.0,0.0,0.0,1.0,1
"G[0,1](((Bilirubin_total >= 0.000 -> WBC <= 4.010) | SBP >= 0.424) & Creatinine >= 1.557)
",0.000,9999999.000,9999999.000,1.000,0.000,0,0,0,66,66,0,0,66,0.0,0.0,0.0,0.0,0.0,1.0,1
"G[1,2](((BUN >= 0.503 | Temp >= 4.154) -> O2Sat >= 3.483) & SBP <= 26.611)
",0.000,9999999.000,9999999.000,1.000,0.000,0,0,58,8,8,58,58,8,0.0,0.0,1.0,0.0,0.0,1.0,1
"G[1,2]((Lactate >= 0.038 -> MAP >= 30.509) | AST <= 104.892)
",0.000,9999999.000,9999999.000,1.000,0.000,0,0,66,0,0,66,66,0,0.0,0.0,1.0,0.0,0.0,1.0,1
"G[1,2]((FiO2 <= 0.205 & WBC <= 12.550) -> Platelets <= 15.280)
",0.000,9999999.000,9999999.000,1.000,0.000,0,0,65,1,1,65,65,1,0.0,0.0,1.0,0.0,0.0,1.0,1
"F[1,1](((SBP >= 7.968 -> HR >= 63.697) & SBP <= 100.711) -> Lactate <= 87.097)
",-3.000,-87.097,-87.097,0.000,1.000,0,0,0,66,66,0,0,66,0.0,0.0,0.0,0.0,0.0,1.0,-1
