Rule,Discrimination Score,Pos Robustness,Neg Robustness,Percent Class +,Percent Class -,TP,TN,FP,FN,Actual Yes,Actual No,Predicted Yes,Predicted No,TPR/Sens,TNR/Spec,FPR,Precision,Accuracy,MCR
"G[0,1](((SaO2 <= 22.085 & SBP <= 147.788) | HR >= 29.023) & Temp <= 137.003)
",9999999.000,9999999.000,0.000,1.000,0.000,18,0,0,0,18,0,18,0,1.0,0.0,0.0,1.0,1.0,0.0
"G[0,1](((BUN >= 0.140 & Glucose <= 21.062) -> Potassium <= 32.027) -> Bilirubin_total <= 126.918)
",9999999.000,9999999.000,0.000,1.000,0.000,18,0,0,0,18,0,18,0,1.0,0.0,0.0,1.0,1.0,0.0
"G[0,1]((Creatinine <= 1.088 & SaO2 >= 3.106) -> Platelets <= 40.462)
",9999999.000,9999999.000,0.000,1.000,0.000,18,0,0,0,18,0,18,0,1.0,0.0,0.0,1.0,1.0,0.0
"G[1,1]((Bilirubin_total >= 0.006 -> DBP <= 74.554) | DBP <= 76.549)
",76.549,76.549,0.000,1.000,0.000,18,0,0,0,18,0,18,0,1.0,0.0,0.0,1.0,1.0,0.0
"G[0,0](((DBP >= 32.945 | PTT <= 125.565) | HCO3 >= 2.234) | Calcium >= 4.179)
",28.110,123.232,0.000,1.000,0.000,18,0,0,0,18,0,18,0,1.0,0.0,0.0,1.0,1.0,0.0
"G[1,1](Calcium <= 3.600 -> Magnesium <= 1.026)
",-3.600,-3.600,0.000,1.000,0.000,18,0,0,0,18,0,18,0,1.0,0.0,0.0,1.0,1.0,0.0
"G[0,0]((PTT <= 4.647 -> SepsisLabel <= 0.000) -> FiO2 <= 0.000)
",-0.351,-0.728,0.000,1.000,0.000,18,0,0,0,18,0,18,0,1.0,0.0,0.0,1.0,1.0,0.0
"G[1,1]((Creatinine <= 0.633 -> Temp >= 5.467) | Fibrinogen <= 27.800)
",27.800,27.800,0.000,1.000,0.000,18,0,0,0,18,0,18,0,1.0,0.0,0.0,1.0,1.0,0.0
"G[1,1]((Bilirubin_total <= 0.424 & PTT <= 86.364) | HR >= 1.745)
",7639048577892028.000,0.424,0.000,1.000,0.000,18,0,0,0,18,0,18,0,1.0,0.0,0.0,1.0,1.0,0.0
"G[0,1](O2Sat >= 27.192 | PTT <= 38.652)
",9999999.000,9999999.000,0.000,1.000,0.000,18,0,0,0,18,0,18,0,1.0,0.0,0.0,1.0,1.0,0.0
"G[0,0](TroponinI <= 0.000 & SepsisLabel = 0.000)
",-0.346,-8.833,0.000,1.000,0.000,18,0,0,0,18,0,18,0,1.0,0.0,0.0,1.0,1.0,0.0
"G[0,1]((Creatinine >= 0.078 -> DBP >= 22.274) & pH <= 87.051)
",9999999.000,9999999.000,0.000,1.000,0.000,18,0,0,0,18,0,18,0,1.0,0.0,0.0,1.0,1.0,0.0
"G[0,0](Glucose <= 92.823 | HCO3 >= 0.899)
",6531859576591668.000,92.823,0.000,1.000,0.000,18,0,0,0,18,0,18,0,1.0,0.0,0.0,1.0,1.0,0.0
"G[0,0]((BUN >= 0.646 & HCO3 <= 20.174) -> HR <= 2.853)
",-0.107,-0.511,0.000,1.000,0.000,18,0,0,0,18,0,18,0,1.0,0.0,0.0,1.0,1.0,0.0
"G[0,0](((BUN <= 25.114 | Chloride >= 4.732) -> PaCO2 <= 74.063) & SaO2 <= 66.705)
",-43.688,-73.654,0.000,1.000,0.000,18,0,0,0,18,0,18,0,1.0,0.0,0.0,1.0,1.0,0.0
"G[1,1](Resp < 26.787 & SepsisLabel = 0.000)
",0.000,0.000,0.000,1.000,0.000,18,0,0,0,18,0,18,0,1.0,0.0,0.0,1.0,1.0,0.0
"G[0,0]((Hgb <= 5.533 & Platelets >= 1.525) | FiO2 <= 39.581)
",7.270,38.303,0.000,1.000,0.000,18,0,0,0,18,0,18,0,1.0,0.0,0.0,1.0,1.0,0.0
"G[1,1]((Calcium <= 3.844 & Glucose <= 45.876) -> Bilirubin_direct <= 127.673)
",-8984192402443390.000,-127.673,0.000,1.000,0.000,18,0,0,0,18,0,18,0,1.0,0.0,0.0,1.0,1.0,0.0
"G[0,1](((BaseExcess <= -0.073 & O2Sat <= 72.393) | Bilirubin_direct <= 92.263) | BaseExcess <= 78.216)
",9999999.000,9999999.000,0.000,1.000,0.000,18,0,0,0,18,0,18,0,1.0,0.0,0.0,1.0,1.0,0.0
"G[1,1]((Hct <= 15.414 -> Potassium >= 0.483) -> Bilirubin_total <= 4.517)
",-5085306679546055.000,-4.517,0.000,1.000,0.000,18,0,0,0,18,0,18,0,1.0,0.0,0.0,1.0,1.0,0.0
"G[0,1](((SBP >= 39.850 & HCO3 <= 21.469) -> Phosphate <= 2.968) | Magnesium <= 19.142)
",9999999.000,9999999.000,0.000,1.000,0.000,18,0,0,0,18,0,18,0,1.0,0.0,0.0,1.0,1.0,0.0
"G[0,1]((AST <= 75.418 -> Platelets <= 60.628) -> PTT <= 29.599)
",9999999.000,9999999.000,0.000,1.000,0.000,18,0,0,0,18,0,18,0,1.0,0.0,0.0,1.0,1.0,0.0
"G[1,1](((Platelets <= 101.835 -> Potassium >= 0.316) | AST <= 0.590) | MAP <= 2.863)
",6447118435696252.000,2.863,0.000,1.000,0.000,18,0,0,0,18,0,18,0,1.0,0.0,0.0,1.0,1.0,0.0
"G[0,1](Platelets >= 5.409 -> SepsisLabel <= 0.000)
",9999999.000,9999999.000,0.000,1.000,0.000,18,0,0,0,18,0,18,0,1.0,0.0,0.0,1.0,1.0,0.0
"G[1,1](((Platelets <= 69.079 | Resp <= 20.605) & Temp >= 13.987) -> Resp <= 25.110)
",-7067769066495468.000,-25.110,0.000,1.000,0.000,18,0,0,0,18,0,18,0,1.0,0.0,0.0,1.0,1.0,0.0
"G[1,1]((Platelets <= 109.006 -> SBP >= 116.346) -> HCO3 <= 168.863)
",-168.863,-168.863,0.000,1.000,0.000,18,0,0,0,18,0,18,0,1.0,0.0,0.0,1.0,1.0,0.0
"G[0,1](((Calcium <= 1.204 & SBP >= 46.030) | Magnesium >= 20.688) | Glucose <= 137.108)
",9999999.000,9999999.000,0.000,1.000,0.000,18,0,0,0,18,0,18,0,1.0,0.0,0.0,1.0,1.0,0.0
"G[0,0](Resp <= 22.339 -> Fibrinogen <= 0.000)
",-0.195,-1.527,0.000,1.000,0.000,18,0,0,0,18,0,18,0,1.0,0.0,0.0,1.0,1.0,0.0
"G[0,1](Calcium <= 4.672 | Hct >= 3.552)
",9999999.000,9999999.000,0.000,1.000,0.000,18,0,0,0,18,0,18,0,1.0,0.0,0.0,1.0,1.0,0.0
"G[0,0](BUN >= 1.187 -> SBP <= 128.552)
",-7.827,-120.335,0.000,1.000,0.000,18,0,0,0,18,0,18,0,1.0,0.0,0.0,1.0,1.0,0.0
"G[0,1](Glucose >= 4.542 -> SepsisLabel = 0.000)
",9999999.000,9999999.000,0.000,1.000,0.000,18,0,0,0,18,0,18,0,1.0,0.0,0.0,1.0,1.0,0.0
"G[0,1](Hgb >= 1.584 -> FiO2 <= 0.000)
",9999999.000,9999999.000,0.000,1.000,0.000,18,0,0,0,18,0,18,0,1.0,0.0,0.0,1.0,1.0,0.0
"G[0,1](Calcium >= 0.189 -> DBP <= 96.440)
",9999999.000,9999999.000,0.000,1.000,0.000,18,0,0,0,18,0,18,0,1.0,0.0,0.0,1.0,1.0,0.0
"G[0,0]((HCO3 <= 21.266 & Platelets <= 62.549) -> HCO3 <= 49.028)
",-71.589,-49.195,0.000,1.000,0.000,18,0,0,0,18,0,18,0,1.0,0.0,0.0,1.0,1.0,0.0
"G[1,1](O2Sat >= 14.156 | Platelets <= 57.550)
",8099442518550716.000,57.550,0.000,1.000,0.000,18,0,0,0,18,0,18,0,1.0,0.0,0.0,1.0,1.0,0.0
"G[0,1](((SBP <= 133.090 -> Fibrinogen <= 0.000) | HCO3 >= 0.000) & SepsisLabel <= 0.000)
",9999999.000,9999999.000,0.000,1.000,0.000,18,0,0,0,18,0,18,0,1.0,0.0,0.0,1.0,1.0,0.0
"G[0,1](((Alkalinephos <= 44.855 & Calcium <= 6.320) & Magnesium <= 0.601) | Hct >= 0.090)
",9999999.000,9999999.000,0.000,1.000,0.000,18,0,0,0,18,0,18,0,1.0,0.0,0.0,1.0,1.0,0.0
"G[0,1](HR < 98.332 & SepsisLabel = 0.000)
",9999999.000,9999999.000,0.000,1.000,0.000,17,0,0,1,18,0,17,1,0.9444444444444444,0.0,0.0,1.0,0.9444444444444444,0.05555555555555558
"G[0,0](((PaCO2 <= 35.802 & EtCO2 <= 0.000) | HR <= 0.000) | DBP <= 0.000)
",-3.504,-17.250,0.000,1.000,0.000,17,0,0,1,18,0,17,1,0.9444444444444444,0.0,0.0,1.0,0.9444444444444444,0.05555555555555558
"G[0,0]((Creatinine <= 1.059 & HCO3 <= 21.892) -> AST <= 6.988)
",-0.173,-2.770,0.000,1.000,0.000,17,0,0,1,18,0,17,1,0.9444444444444444,0.0,0.0,1.0,0.9444444444444444,0.05555555555555558
"G[1,1](((Glucose >= 5.874 & Calcium >= 0.412) & Resp >= 0.557) | Chloride <= 6.555)
",6.555,6.555,0.000,1.000,0.000,17,0,0,1,18,0,17,1,0.9444444444444444,0.0,0.0,1.0,0.9444444444444444,0.05555555555555558
"G[0,1](PaCO2 <= 20.307 | Platelets >= 6.693)
",9999999.000,9999999.000,0.000,1.000,0.000,17,0,0,1,18,0,17,1,0.9444444444444444,0.0,0.0,1.0,0.9444444444444444,0.05555555555555558
"G[0,1](((Glucose >= 3.079 | DBP <= 96.814) & Bilirubin_direct >= 3.777) | PTT <= 97.902)
",9999999.000,9999999.000,0.000,1.000,0.000,17,0,0,1,18,0,17,1,0.9444444444444444,0.0,0.0,1.0,0.9444444444444444,0.05555555555555558
"G[1,1](((AST <= 17.203 | Calcium <= 0.681) -> PaCO2 <= 1.901) & Potassium <= 4.552)
",-17.203,-17.203,0.000,1.000,0.000,17,0,0,1,18,0,17,1,0.9444444444444444,0.0,0.0,1.0,0.9444444444444444,0.05555555555555558
"G[0,1]((Glucose >= 4.145 -> Magnesium <= 1.550) | Calcium <= 0.830)
",9999999.000,9999999.000,0.000,1.000,0.000,17,0,0,1,18,0,17,1,0.9444444444444444,0.0,0.0,1.0,0.9444444444444444,0.05555555555555558
"G[1,1](((AST >= 2.910 -> WBC <= 3.469) -> Alkalinephos >= 0.138) -> TroponinI >= 0.244)
",-4974435189073274.000,-0.138,0.000,1.000,0.000,17,0,0,1,18,0,17,1,0.9444444444444444,0.0,0.0,1.0,0.9444444444444444,0.05555555555555558
"G[0,0](((WBC >= 0.527 | SepsisLabel >= 0.000) -> BUN <= 0.000) -> Alkalinephos <= 0.000)
",0.243,1.611,0.000,1.000,0.000,17,0,0,1,18,0,17,1,0.9444444444444444,0.0,0.0,1.0,0.9444444444444444,0.05555555555555558
"G[0,1]((Temp >= 2.049 | TroponinI >= 0.000) -> Magnesium <= 0.000)
",9999999.000,9999999.000,0.000,1.000,0.000,16,0,0,2,18,0,16,2,0.8888888888888888,0.0,0.0,1.0,0.8888888888888888,0.11111111111111116
"G[0,1](Chloride <= 30.001 | Glucose <= 45.609)
",9999999.000,9999999.000,0.000,1.000,0.000,16,0,0,2,18,0,16,2,0.8888888888888888,0.0,0.0,1.0,0.8888888888888888,0.11111111111111116
"G[1,1](DBP >= 26.303 & SBP <= 174.521)
",-26.303,-26.303,0.000,1.000,0.000,16,0,0,2,18,0,16,2,0.8888888888888888,0.0,0.0,1.0,0.8888888888888888,0.11111111111111116
"G[0,1](O2Sat <= 76.346 | Calcium <= 4.730)
",9999999.000,9999999.000,0.000,1.000,0.000,16,0,0,2,18,0,16,2,0.8888888888888888,0.0,0.0,1.0,0.8888888888888888,0.11111111111111116
"G[0,1](((HCO3 <= 4.796 -> Bilirubin_direct >= 0.000) -> Chloride >= 0.000) -> SaO2 <= 0.000)
",9999999.000,9999999.000,0.000,1.000,0.000,16,0,0,2,18,0,16,2,0.8888888888888888,0.0,0.0,1.0,0.8888888888888888,0.11111111111111116
"G[0,1](((BaseExcess <= -0.005 & Temp <= 19.125) & Potassium <= 35.742) | HR >= 0.027)
",9999999.000,9999999.000,0.000,1.000,0.000,15,0,0,3,18,0,15,3,0.8333333333333334,0.0,0.0,1.0,0.8333333333333334,0.16666666666666663
"G[0,0](((Hct >= 4.846 -> PaCO2 <= 33.162) -> Hgb >= 0.699) -> Bilirubin_direct >= 0.005)
",-2.042,-0.676,0.000,1.000,0.000,15,0,0,3,18,0,15,3,0.8333333333333334,0.0,0.0,1.0,0.8333333333333334,0.16666666666666663
"G[1,1](((Hct >= 4.643 | pH <= 0.575) | Magnesium >= 0.018) & O2Sat >= 0.152)
",-0.152,-0.152,0.000,1.000,0.000,15,0,0,3,18,0,15,3,0.8333333333333334,0.0,0.0,1.0,0.8333333333333334,0.16666666666666663
"G[0,0](((MAP >= 36.963 -> Phosphate <= 0.000) -> Calcium <= 0.000) & Temp <= 0.000)
",-1.612,-71.639,0.000,1.000,0.000,15,0,0,3,18,0,15,3,0.8333333333333334,0.0,0.0,1.0,0.8333333333333334,0.16666666666666663
"G[0,0](((BUN <= 8.329 -> pH <= 1.509) | Platelets >= 0.106) -> HR >= 0.113)
",-5768525668083301.000,-10492.887,0.000,1.000,0.000,15,0,0,3,18,0,15,3,0.8333333333333334,0.0,0.0,1.0,0.8333333333333334,0.16666666666666663
"G[0,1](((PaCO2 >= 0.231 | WBC <= 3.275) & HCO3 <= 5.830) | MAP <= 4.548)
",9999999.000,9999999.000,0.000,1.000,0.000,14,0,0,4,18,0,14,4,0.7777777777777778,0.0,0.0,1.0,0.7777777777777778,0.2222222222222222
"G[0,1](((Bilirubin_total >= 0.015 -> BUN >= 0.835) -> PTT <= 21.137) & Resp >= 0.732)
",9999999.000,9999999.000,0.000,1.000,0.000,13,0,0,5,18,0,13,5,0.7222222222222222,0.0,0.0,1.0,0.7222222222222222,0.2777777777777778
"G[0,1](((Alkalinephos >= 2.854 | Hct <= 8.152) & BaseExcess <= 22.345) & Magnesium <= 22.631)
",9999999.000,9999999.000,0.000,1.000,0.000,13,0,0,5,18,0,13,5,0.7222222222222222,0.0,0.0,1.0,0.7222222222222222,0.2777777777777778
"G[0,0](HR <= 86.664 & SBP >= 11.585)
",-10406.336,-10406.336,0.000,1.000,0.000,12,0,0,6,18,0,12,6,0.6666666666666666,0.0,0.0,1.0,0.6666666666666666,0.33333333333333337
"G[0,0]((Magnesium <= 2.118 & O2Sat <= 93.898) -> Lactate >= 53.946)
",-0.463,-4.448,0.000,1.000,0.000,11,0,0,7,18,0,11,7,0.6111111111111112,0.0,0.0,1.0,0.6111111111111112,0.38888888888888884
"G[0,1](HR >= 47.713 & Temp <= 28.302)
",9999999.000,9999999.000,0.000,1.000,0.000,9,0,0,9,18,0,9,9,0.5,0.0,0.0,1.0,0.5,0.5
"G[1,1](DBP <= 73.072 & SepsisLabel = 0.000)
",0.000,0.000,0.000,1.000,0.000,8,0,0,10,18,0,8,10,0.4444444444444444,0.0,0.0,1.0,0.4444444444444444,0.5555555555555556
"G[0,1](((AST <= 33.800 & Chloride <= 86.074) -> O2Sat <= 21.587) -> Bilirubin_total >= 1.751)
",9999999.000,9999999.000,0.000,1.000,0.000,8,0,0,10,18,0,8,10,0.4444444444444444,0.0,0.0,1.0,0.4444444444444444,0.5555555555555556
"G[0,0](((Chloride >= 1.417 | PTT >= 1.132) & SaO2 <= 39.162) | O2Sat <= 42.973)
",0.316,3.290,0.000,1.000,0.000,8,0,0,10,18,0,8,10,0.4444444444444444,0.0,0.0,1.0,0.4444444444444444,0.5555555555555556
"G[1,1](((PTT <= 59.214 -> Temp <= 20.811) -> MAP <= 12.237) | SaO2 >= 4.782)
",-5384160560630389.000,-4.782,0.000,1.000,0.000,7,0,0,11,18,0,7,11,0.3888888888888889,0.0,0.0,1.0,0.3888888888888889,0.6111111111111112
"G[0,0]((Creatinine >= 0.009 | PTT <= 42.193) -> HR <= 68.472)
",-2.725,-44.154,0.000,1.000,0.000,5,0,0,13,18,0,5,13,0.2777777777777778,0.0,0.0,1.0,0.2777777777777778,0.7222222222222222
"G[1,1](((Hct <= 31.758 -> O2Sat <= 93.875) -> Resp >= 57.739) -> O2Sat <= 97.412)
",-6854771162999556.000,-97.412,0.000,1.000,0.000,5,0,0,13,18,0,5,13,0.2777777777777778,0.0,0.0,1.0,0.2777777777777778,0.7222222222222222
"G[0,0](((Alkalinephos <= 76.033 | Chloride <= 74.048) | pH >= 0.383) & Hct >= 4.762)
",-4.762,-4.762,0.000,1.000,0.000,4,0,0,14,18,0,4,14,0.2222222222222222,0.0,0.0,1.0,0.2222222222222222,0.7777777777777778
"G[0,0](((Alkalinephos <= 19.715 -> Platelets <= 25.633) | HR >= 8.068) & SBP <= 21.237)
",0.847,13.020,0.000,1.000,0.000,3,0,0,15,18,0,3,15,0.16666666666666666,0.0,0.0,1.0,0.16666666666666666,0.8333333333333334
"G[0,0](((Hgb <= 4.701 | Hct <= 31.667) -> WBC >= 0.073) & Platelets >= 11.434)
",-18.059,-32.098,0.000,1.000,0.000,2,0,0,16,18,0,2,16,0.1111111111111111,0.0,0.0,1.0,0.1111111111111111,0.8888888888888888
"G[1,1](((SBP <= 127.887 | WBC >= 0.478) | Resp >= 0.308) & WBC >= 0.672)
",-6055227168309884.000,-0.672,0.000,1.000,0.000,2,0,0,16,18,0,2,16,0.1111111111111111,0.0,0.0,1.0,0.1111111111111111,0.8888888888888888
"G[0,0](((Hgb <= 3.678 | Hct <= 6.579) -> WBC >= 0.308) & Platelets >= 2.548)
",-1.123,-8.391,0.000,1.000,0.000,2,0,0,16,18,0,2,16,0.1111111111111111,0.0,0.0,1.0,0.1111111111111111,0.8888888888888888
"G[1,1]((BaseExcess >= -1.452 | pH >= 0.024) -> HCO3 >= 0.043)
",-1.452,-1.452,0.000,1.000,0.000,2,0,0,16,18,0,2,16,0.1111111111111111,0.0,0.0,1.0,0.1111111111111111,0.8888888888888888
"G[1,1](Chloride >= 2.894 & HCO3 >= 0.252)
",-6517384397487356.000,-2.894,0.000,1.000,0.000,2,0,0,16,18,0,2,16,0.1111111111111111,0.0,0.0,1.0,0.1111111111111111,0.8888888888888888
"G[1,1](((BaseExcess >= -2.872 -> Potassium <= 0.804) | HCO3 >= 0.280) -> Magnesium >= 0.088)
",6341353262277989.000,0.088,0.000,1.000,0.000,2,0,0,16,18,0,2,16,0.1111111111111111,0.0,0.0,1.0,0.1111111111111111,0.8888888888888888
"G[1,1](((Calcium <= 3.211 & PTT <= 109.493) | Bilirubin_direct >= 0.743) -> EtCO2 >= 1.300)
",-7230963147618364.000,-3.211,0.000,1.000,0.000,2,0,0,16,18,0,2,16,0.1111111111111111,0.0,0.0,1.0,0.1111111111111111,0.8888888888888888
"G[0,1]((pH >= 0.196 & Potassium <= 2.874) | O2Sat <= 0.936)
",9999999.000,9999999.000,0.000,1.000,0.000,1,0,0,17,18,0,1,17,0.05555555555555555,0.0,0.0,1.0,0.05555555555555555,0.9444444444444444
"G[0,0](((Chloride >= 4.592 -> HR <= 90.183) | TroponinI >= 13.891) -> PTT >= 1.853)
",-3.168,-5.493,0.000,1.000,0.000,1,0,0,17,18,0,1,17,0.05555555555555555,0.0,0.0,1.0,0.05555555555555555,0.9444444444444444
"G[0,1](DBP >= 7.285 -> pH >= 0.029)
",9999999.000,9999999.000,0.000,1.000,0.000,1,0,0,17,18,0,1,17,0.05555555555555555,0.0,0.0,1.0,0.05555555555555555,0.9444444444444444
"G[0,1](Hgb <= 2.510 -> WBC >= 0.136)
",9999999.000,9999999.000,0.000,1.000,0.000,1,0,0,17,18,0,1,17,0.05555555555555555,0.0,0.0,1.0,0.05555555555555555,0.9444444444444444
"G[1,1](((Creatinine >= 0.074 -> Magnesium >= 0.096) -> BaseExcess >= 0.024) & BaseExcess <= 1.233)
",-0.074,-0.074,0.000,1.000,0.000,1,0,0,17,18,0,1,17,0.05555555555555555,0.0,0.0,1.0,0.05555555555555555,0.9444444444444444
"G[0,0](AST > 3.640 & SepsisLabel = 0.000)
",-0.485,-11.866,0.000,1.000,0.000,1,0,0,17,18,0,1,17,0.05555555555555555,0.0,0.0,1.0,0.05555555555555555,0.9444444444444444
"G[0,2](((BaseExcess <= -0.045 & BUN >= 0.316) & HCO3 >= 1.039) -> Phosphate <= 5.659)
",9999999.000,9999999.000,0.000,1.000,0.000,0,0,18,0,0,18,18,0,0.0,0.0,1.0,0.0,0.0,1.0
"G[1,2]((Creatinine >= 0.012 & PaCO2 >= 0.043) -> Fibrinogen >= 0.004)
",9999999.000,9999999.000,0.000,1.000,0.000,0,0,18,0,0,18,18,0,0.0,0.0,1.0,0.0,0.0,1.0
"G[0,1](Alkalinephos >= 2.823 & PaCO2 >= 0.235)
",9999999.000,9999999.000,0.000,1.000,0.000,0,0,0,18,18,0,0,18,0.0,0.0,0.0,0.0,0.0,1.0
"G[1,2]((BaseExcess <= -0.042 | Creatinine >= 0.019) -> Lactate >= 0.012)
",9999999.000,9999999.000,0.000,1.000,0.000,0,0,16,2,2,16,16,2,0.0,0.0,1.0,0.0,0.0,1.0
"G[0,1](Creatinine <= 1.106 & pH >= 0.028)
",9999999.000,9999999.000,0.000,1.000,0.000,0,0,0,18,18,0,0,18,0.0,0.0,0.0,0.0,0.0,1.0
"G[1,2]((Magnesium <= 1.193 -> SBP >= 12.717) | pH <= 158.325)
",9999999.000,9999999.000,0.000,1.000,0.000,0,0,18,0,0,18,18,0,0.0,0.0,1.0,0.0,0.0,1.0
"G[0,1]((HCO3 >= 0.877 & PaCO2 >= 0.152) & AST >= 0.293)
",9999999.000,9999999.000,0.000,1.000,0.000,0,0,0,18,18,0,0,18,0.0,0.0,0.0,0.0,0.0,1.0
"G[2,2](((Alkalinephos <= 86.591 & SaO2 <= 52.725) & Bilirubin_direct >= 0.657) | Potassium <= 20.015)
",20.015,20.015,0.000,1.000,0.000,0,0,18,0,0,18,18,0,0.0,0.0,1.0,0.0,0.0,1.0
"G[0,2]((MAP >= 24.988 -> PTT >= 3.971) -> Potassium <= 51.463)
",9999999.000,9999999.000,0.000,1.000,0.000,0,0,18,0,0,18,18,0,0.0,0.0,1.0,0.0,0.0,1.0
"G[2,2](((MAP >= 13.365 | WBC <= 4.974) -> PaCO2 <= 8.114) & Resp >= 0.264)
",-8.114,-8.114,0.000,1.000,0.000,0,0,18,0,0,18,18,0,0.0,0.0,1.0,0.0,0.0,1.0
"G[0,2](((PTT <= 93.215 & SBP <= 157.825) | FiO2 <= 164.029) & Hct >= 12.737)
",9999999.000,9999999.000,0.000,1.000,0.000,0,0,0,18,18,0,0,18,0.0,0.0,0.0,0.0,0.0,1.0
"G[1,1]((Bilirubin_total >= 0.005 & SBP <= 131.040) & AST >= 105.225)
",-105.225,-105.225,0.000,1.000,0.000,0,0,0,18,18,0,0,18,0.0,0.0,0.0,0.0,0.0,1.0
"G[1,1](((PaCO2 >= 0.083 -> Potassium >= 0.112) | Phosphate >= 0.039) & SBP <= 3.558)
",5966859111994677.000,0.083,0.000,1.000,0.000,0,0,0,18,18,0,0,18,0.0,0.0,0.0,0.0,0.0,1.0
"G[1,2]((pH <= 4.003 | WBC >= 0.595) & Chloride >= 0.663)
",9999999.000,9999999.000,0.000,1.000,0.000,0,0,2,16,16,2,2,16,0.0,0.0,1.0,0.0,0.0,1.0
"G[0,1](AST >= 2.847 & SaO2 >= 2.806)
",9999999.000,9999999.000,0.000,1.000,0.000,0,0,0,18,18,0,0,18,0.0,0.0,0.0,0.0,0.0,1.0
"G[0,1](AST >= 3.094 | Magnesium >= 0.034)
",9999999.000,9999999.000,0.000,1.000,0.000,0,0,0,18,18,0,0,18,0.0,0.0,0.0,0.0,0.0,1.0
"G[0,1](((BaseExcess <= -0.052 -> Chloride >= 5.832) -> SepsisLabel >= 5.031) | PTT >= 4.872)
",9999999.000,9999999.000,0.000,1.000,0.000,0,0,0,18,18,0,0,18,0.0,0.0,0.0,0.0,0.0,1.0
"G[0,2](((Alkalinephos <= 137.598 & MAP <= 127.543) -> BaseExcess >= 1.221) & EtCO2 <= 116.809)
",9999999.000,9999999.000,0.000,1.000,0.000,0,0,1,17,17,1,1,17,0.0,0.0,1.0,0.0,0.0,1.0
"G[0,2](Bilirubin_total >= 0.011 & SaO2 <= 36.835)
",9999999.000,9999999.000,0.000,1.000,0.000,0,0,0,18,18,0,0,18,0.0,0.0,0.0,0.0,0.0,1.0
"G[1,2](Bilirubin_total <= 0.447 -> Magnesium >= 0.092)
",9999999.000,9999999.000,0.000,1.000,0.000,0,0,2,16,16,2,2,16,0.0,0.0,1.0,0.0,0.0,1.0
"G[0,2](Calcium >= 0.252 -> MAP >= 27.163)
",9999999.000,9999999.000,0.000,1.000,0.000,0,0,18,0,0,18,18,0,0.0,0.0,1.0,0.0,0.0,1.0
"G[0,2](PaCO2 <= 12.949 -> SBP >= 96.276)
",9999999.000,9999999.000,0.000,1.000,0.000,0,0,14,4,4,14,14,4,0.0,0.0,1.0,0.0,0.0,1.0
"G[1,2](((PaCO2 >= 0.953 | SaO2 <= 47.028) | Creatinine >= 1.053) & SaO2 >= 2.587)
",9999999.000,9999999.000,0.000,1.000,0.000,0,0,1,17,17,1,1,17,0.0,0.0,1.0,0.0,0.0,1.0
"G[2,2](((BaseExcess <= -0.053 -> SaO2 >= 1.167) | SaO2 <= 34.827) | Temp <= 15.358)
",4901395310738777.000,34.827,0.000,1.000,0.000,0,0,18,0,0,18,18,0,0.0,0.0,1.0,0.0,0.0,1.0
"G[0,2](((Magnesium >= 0.080 & MAP <= 129.846) -> pH <= 132.593) -> AST >= 16.209)
",9999999.000,9999999.000,0.000,1.000,0.000,0,0,0,18,18,0,0,18,0.0,0.0,0.0,0.0,0.0,1.0
"G[1,2](Chloride >= 0.217 & HCO3 >= 0.380)
",9999999.000,9999999.000,0.000,1.000,0.000,0,0,2,16,16,2,2,16,0.0,0.0,1.0,0.0,0.0,1.0
"G[0,2](BaseExcess <= -0.051 & PTT >= 1.259)
",9999999.000,9999999.000,0.000,1.000,0.000,0,0,0,18,18,0,0,18,0.0,0.0,0.0,0.0,0.0,1.0
"G[1,2](pH >= 0.013 | Chloride <= 41.012)
",9999999.000,9999999.000,0.000,1.000,0.000,0,0,16,2,2,16,16,2,0.0,0.0,1.0,0.0,0.0,1.0
"G[0,2]((DBP >= 1.630 & Creatinine <= 1.562) | MAP <= 0.793)
",9999999.000,9999999.000,0.000,1.000,0.000,0,0,16,2,2,16,16,2,0.0,0.0,1.0,0.0,0.0,1.0
"G[0,2](MAP >= 79.476 & FiO2 <= 0.000)
",9999999.000,9999999.000,0.000,1.000,0.000,0,0,14,4,4,14,14,4,0.0,0.0,1.0,0.0,0.0,1.0
"G[2,2]((Hct <= 10.100 -> pH <= 0.881) & Temp <= 3.484)
",-5686023332669595.000,-10.100,0.000,1.000,0.000,0,0,18,0,0,18,18,0,0.0,0.0,1.0,0.0,0.0,1.0
"G[0,1](((Phosphate <= 0.000 | HCO3 >= 0.889) | Magnesium <= 1.281) -> HR <= 15.082)
",9999999.000,9999999.000,0.000,1.000,0.000,0,0,0,18,18,0,0,18,0.0,0.0,0.0,0.0,0.0,1.0
"G[0,1]((DBP <= 70.712 -> Alkalinephos <= 135.763) & FiO2 >= 5.798)
",9999999.000,9999999.000,0.000,1.000,0.000,0,0,0,18,18,0,0,18,0.0,0.0,0.0,0.0,0.0,1.0
"G[0,2](Lactate >= 0.000 | Fibrinogen <= 0.000)
",9999999.000,9999999.000,0.000,1.000,0.000,0,0,18,0,0,18,18,0,0.0,0.0,1.0,0.0,0.0,1.0
"G[1,1]((TroponinI >= 0.000 & pH >= 0.011) & Phosphate >= 0.155)
",-5576480641261909.000,-0.155,0.000,1.000,0.000,0,0,0,18,18,0,0,18,0.0,0.0,0.0,0.0,0.0,1.0
"G[1,2]((SepsisLabel >= 0.000 & TroponinI <= 0.000) | Glucose <= 0.000)
",9999999.000,9999999.000,0.000,1.000,0.000,0,0,18,0,0,18,18,0,0.0,0.0,1.0,0.0,0.0,1.0
"G[1,2](((Hct <= 30.217 -> Alkalinephos <= 38.849) | PTT >= 5.698) -> EtCO2 <= 110.804)
",9999999.000,9999999.000,0.000,1.000,0.000,0,0,18,0,0,18,18,0,0.0,0.0,1.0,0.0,0.0,1.0
"G[1,1]((Resp <= 20.216 -> BaseExcess <= -0.028) & Phosphate <= -0.060)
",-5690375063249812.000,-20.216,0.000,1.000,0.000,0,0,0,18,18,0,0,18,0.0,0.0,0.0,0.0,0.0,1.0
"G[2,2]((O2Sat >= 49.963 & HR <= 87.963) | Bilirubin_total <= 96.930)
",6820861724661820.000,96.930,0.000,1.000,0.000,0,0,18,0,0,18,18,0,0.0,0.0,1.0,0.0,0.0,1.0
"G[1,2](((Lactate <= 0.000 | Potassium <= 2.259) & Temp <= 4.158) | DBP <= 2.142)
",9999999.000,9999999.000,0.000,1.000,0.000,0,0,13,5,5,13,13,5,0.0,0.0,1.0,0.0,0.0,1.0
"G[0,2](BaseExcess <= -0.054 | Lactate <= 0.000)
",9999999.000,9999999.000,0.000,1.000,0.000,0,0,18,0,0,18,18,0,0.0,0.0,1.0,0.0,0.0,1.0
"G[2,2](Creatinine >= 0.071 -> Platelets >= 0.606)
",0.071,0.071,0.000,1.000,0.000,0,0,18,0,0,18,18,0,0.0,0.0,1.0,0.0,0.0,1.0
"G[1,2]((Potassium <= 3.061 -> EtCO2 >= 0.000) -> SepsisLabel <= 0.000)
",9999999.000,9999999.000,0.000,1.000,0.000,0,0,18,0,0,18,18,0,0.0,0.0,1.0,0.0,0.0,1.0
"G[2,2](((AST >= 1.566 & BUN >= 0.916) -> Hgb >= 1.033) | Platelets <= 18.469)
",18.469,18.469,0.000,1.000,0.000,0,0,18,0,0,18,18,0,0.0,0.0,1.0,0.0,0.0,1.0
"G[1,2](Lactate <= 0.000 & Temp >= 1.073)
",9999999.000,9999999.000,0.000,1.000,0.000,0,0,5,13,13,5,5,13,0.0,0.0,1.0,0.0,0.0,1.0
"G[1,1]((SBP <= 138.338 -> SBP >= 63.730) & Magnesium >= 117.404)
",-138.338,-138.338,0.000,1.000,0.000,0,0,0,18,18,0,0,18,0.0,0.0,0.0,0.0,0.0,1.0
"G[2,2](Fibrinogen >= 0.000 -> Temp <= 28.298)
",-7965165394843483.000,-28.298,0.000,1.000,0.000,0,0,18,0,0,18,18,0,0.0,0.0,1.0,0.0,0.0,1.0
"G[0,2](((Alkalinephos <= 31.318 & EtCO2 <= 0.000) | EtCO2 >= 0.000) & Lactate <= 0.000)
",9999999.000,9999999.000,0.000,1.000,0.000,0,0,18,0,0,18,18,0,0.0,0.0,1.0,0.0,0.0,1.0
"G[2,2]((EtCO2 <= 0.000 -> SaO2 >= 2.240) -> BaseExcess >= 2.360)
",0.000,0.000,0.000,1.000,0.000,0,0,18,0,0,18,18,0,0.0,0.0,1.0,0.0,0.0,1.0
"G[0,2](SaO2 >= 1.497 | Chloride <= 64.695)
",9999999.000,9999999.000,0.000,1.000,0.000,0,0,17,1,1,17,17,1,0.0,0.0,1.0,0.0,0.0,1.0
"G[0,2](HCO3 >= 0.662 -> Magnesium <= 0.947)
",9999999.000,9999999.000,0.000,1.000,0.000,0,0,17,1,1,17,17,1,0.0,0.0,1.0,0.0,0.0,1.0
"G[1,2](((Phosphate >= 0.000 -> Bilirubin_total >= 0.009) -> HR <= 0.221) -> TroponinI >= 0.019)
",9999999.000,9999999.000,0.000,1.000,0.000,0,0,1,17,17,1,1,17,0.0,0.0,1.0,0.0,0.0,1.0
"G[2,2]((Phosphate >= 0.000 & BUN <= 3.915) -> Bilirubin_total >= 0.579)
",0.000,0.000,0.000,1.000,0.000,0,0,18,0,0,18,18,0,0.0,0.0,1.0,0.0,0.0,1.0
"G[0,2]((Bilirubin_total >= 0.005 | Chloride >= 3.915) -> AST >= 5.726)
",9999999.000,9999999.000,0.000,1.000,0.000,0,0,17,1,1,17,17,1,0.0,0.0,1.0,0.0,0.0,1.0
"G[0,2](PaCO2 <= 18.490 -> PTT <= 79.852)
",9999999.000,9999999.000,0.000,1.000,0.000,0,0,17,1,1,17,17,1,0.0,0.0,1.0,0.0,0.0,1.0
"G[0,2]((Resp <= 20.315 -> WBC <= 6.645) -> BUN <= 5.871)
",9999999.000,9999999.000,0.000,1.000,0.000,0,0,18,0,0,18,18,0,0.0,0.0,1.0,0.0,0.0,1.0
"G[1,2]((DBP <= 98.436 & PaCO2 <= 31.741) -> Phosphate >= 0.193)
",9999999.000,9999999.000,0.000,1.000,0.000,0,0,1,17,17,1,1,17,0.0,0.0,1.0,0.0,0.0,1.0
"G[0,1]((Potassium <= 4.199 & Resp <= 26.616) -> SepsisLabel >= 8.025)
",9999999.000,9999999.000,0.000,1.000,0.000,0,0,0,18,18,0,0,18,0.0,0.0,0.0,0.0,0.0,1.0
"G[1,2](MAP <= 122.046 -> PaCO2 <= 26.439)
",9999999.000,9999999.000,0.000,1.000,0.000,0,0,18,0,0,18,18,0,0.0,0.0,1.0,0.0,0.0,1.0
"G[0,2](((MAP >= 31.332 & pH >= 0.176) -> Resp <= 3.988) & BUN <= 1.621)
",9999999.000,9999999.000,0.000,1.000,0.000,0,0,15,3,3,15,15,3,0.0,0.0,1.0,0.0,0.0,1.0
"G[1,1](((Creatinine >= 0.058 | DBP <= 79.011) & Calcium >= 43.053) & Chloride >= 54.768)
",-54.768,-54.768,0.000,1.000,0.000,0,0,0,18,18,0,0,18,0.0,0.0,0.0,0.0,0.0,1.0
"G[0,1](((Glucose <= 85.105 | SBP <= 143.234) | Hgb >= 40.230) & Calcium >= 49.935)
",9999999.000,9999999.000,0.000,1.000,0.000,0,0,0,18,18,0,0,18,0.0,0.0,0.0,0.0,0.0,1.0
"G[1,2](Creatinine >= 0.080 -> SBP >= 59.536)
",9999999.000,9999999.000,0.000,1.000,0.000,0,0,18,0,0,18,18,0,0.0,0.0,1.0,0.0,0.0,1.0
"G[0,2](((BUN <= 5.134 | Resp <= 25.294) -> SepsisLabel <= 21.738) | O2Sat >= 9.840)
",9999999.000,9999999.000,0.000,1.000,0.000,0,0,18,0,0,18,18,0,0.0,0.0,1.0,0.0,0.0,1.0
"G[1,2](((Platelets <= 79.739 & Temp <= 31.079) -> SaO2 >= 3.005) -> MAP <= 30.633)
",9999999.000,9999999.000,0.000,1.000,0.000,0,0,10,8,8,10,10,8,0.0,0.0,1.0,0.0,0.0,1.0
"G[1,2]((Glucose >= 5.653 | Resp <= 22.197) | Glucose <= 25.737)
",9999999.000,9999999.000,0.000,1.000,0.000,0,0,18,0,0,18,18,0,0.0,0.0,1.0,0.0,0.0,1.0
"G[0,2](((Resp <= 17.607 | pH >= 0.203) & TroponinI <= 0.387) -> AST <= 2.307)
",9999999.000,9999999.000,0.000,1.000,0.000,0,0,18,0,0,18,18,0,0.0,0.0,1.0,0.0,0.0,1.0
"G[0,2]((DBP <= 98.201 | Bilirubin_direct >= 0.000) -> Glucose >= 0.000)
",9999999.000,9999999.000,0.000,1.000,0.000,0,0,18,0,0,18,18,0,0.0,0.0,1.0,0.0,0.0,1.0
"G[0,2](((HR <= 94.162 | Calcium <= 3.522) & Creatinine <= 4.321) | SepsisLabel >= 0.474)
",9999999.000,9999999.000,0.000,1.000,0.000,0,0,18,0,0,18,18,0,0.0,0.0,1.0,0.0,0.0,1.0
"G[0,2]((O2Sat >= 1.731 -> SaO2 >= 0.570) & Bilirubin_total <= 18.153)
",9999999.000,9999999.000,0.000,1.000,0.000,0,0,2,16,16,2,2,16,0.0,0.0,1.0,0.0,0.0,1.0
"G[0,2](((WBC <= 6.325 | Potassium <= 2.406) -> Resp >= 0.030) & HCO3 >= 0.146)
",9999999.000,9999999.000,0.000,1.000,0.000,0,0,0,18,18,0,0,18,0.0,0.0,0.0,0.0,0.0,1.0
"G[0,2]((Bilirubin_direct >= 0.000 | WBC <= 2.981) -> Bilirubin_total >= 0.178)
",9999999.000,9999999.000,0.000,1.000,0.000,0,0,0,18,18,0,0,18,0.0,0.0,0.0,0.0,0.0,1.0
"G[0,2]((Magnesium >= 0.048 & Calcium >= 0.231) | AST <= 3.171)
",9999999.000,9999999.000,0.000,1.000,0.000,0,0,16,2,2,16,16,2,0.0,0.0,1.0,0.0,0.0,1.0
"G[0,2]((AST >= 1.895 | HCO3 >= 0.713) -> Bilirubin_total <= 7.163)
",9999999.000,9999999.000,0.000,1.000,0.000,0,0,18,0,0,18,18,0,0.0,0.0,1.0,0.0,0.0,1.0
"G[1,2]((Bilirubin_direct <= 0.000 | Alkalinephos >= 4.321) & Bilirubin_total <= 71.494)
",9999999.000,9999999.000,0.000,1.000,0.000,0,0,18,0,0,18,18,0,0.0,0.0,1.0,0.0,0.0,1.0
"G[2,2](((Creatinine <= 1.287 -> Bilirubin_direct <= 0.000) & DBP >= 0.000) -> Lactate >= 0.000)
",0.000,0.000,0.000,1.000,0.000,0,0,18,0,0,18,18,0,0.0,0.0,1.0,0.0,0.0,1.0
"G[0,1](WBC >= 0.573 & BaseExcess >= -1.247)
",9999999.000,9999999.000,0.000,1.000,0.000,0,0,0,18,18,0,0,18,0.0,0.0,0.0,0.0,0.0,1.0
"G[0,2](((Resp <= 22.431 | MAP <= 120.067) -> Hgb <= 117.007) & O2Sat >= 3.387)
",9999999.000,9999999.000,0.000,1.000,0.000,0,0,9,9,9,9,9,9,0.0,0.0,1.0,0.0,0.0,1.0
"G[0,2](Fibrinogen >= 0.000 | Bilirubin_direct <= 0.000)
",9999999.000,9999999.000,0.000,1.000,0.000,0,0,18,0,0,18,18,0,0.0,0.0,1.0,0.0,0.0,1.0
"G[0,0](Bilirubin_direct >= 0.000 -> Creatinine >= 0.061)
",-0.243,-6.052,0.000,1.000,0.000,0,0,0,18,18,0,0,18,0.0,0.0,0.0,0.0,0.0,1.0
"G[0,2]((Alkalinephos >= 1.685 | Resp >= 6.519) & TroponinI <= 24.594)
",9999999.000,9999999.000,0.000,1.000,0.000,0,0,15,3,3,15,15,3,0.0,0.0,1.0,0.0,0.0,1.0
"G[0,1](Glucose >= 4.991 & PTT >= 3.872)
",9999999.000,9999999.000,0.000,1.000,0.000,0,0,0,18,18,0,0,18,0.0,0.0,0.0,0.0,0.0,1.0
"G[2,2]((SBP <= 171.473 & Temp >= 3.323) & Glucose <= 28.283)
",-3.323,-3.323,0.000,1.000,0.000,0,0,18,0,0,18,18,0,0.0,0.0,1.0,0.0,0.0,1.0
"G[1,2](WBC > 0.195 -> SepsisLabel = 0.000)
",9999999.000,9999999.000,0.000,1.000,0.000,0,0,18,0,0,18,18,0,0.0,0.0,1.0,0.0,0.0,1.0
"G[1,2](Platelets <= 92.311 -> WBC >= 0.880)
",9999999.000,9999999.000,0.000,1.000,0.000,0,0,2,16,16,2,2,16,0.0,0.0,1.0,0.0,0.0,1.0
"G[1,2](((Hgb <= 11.418 | Hct <= 24.870) -> WBC >= 0.689) & Platelets >= 5.871)
",9999999.000,9999999.000,0.000,1.000,0.000,0,0,2,16,16,2,2,16,0.0,0.0,1.0,0.0,0.0,1.0
"G[0,1](BUN <= 10.020 & Creatinine >= 0.049)
",9999999.000,9999999.000,0.000,1.000,0.000,0,0,0,18,18,0,0,18,0.0,0.0,0.0,0.0,0.0,1.0
"G[2,2](Chloride >= 2.789 & HCO3 >= 1.018)
",-2.789,-2.789,0.000,1.000,0.000,0,0,18,0,0,18,18,0,0.0,0.0,1.0,0.0,0.0,1.0
"G[2,2](Platelets <= 112.429 -> WBC >= 0.627)
",-7911514585608261.000,-112.429,0.000,1.000,0.000,0,0,18,0,0,18,18,0,0.0,0.0,1.0,0.0,0.0,1.0
"G[0,2](((Hgb <= 6.657 | Hct <= 6.567) -> WBC >= 0.833) & Platelets >= 6.531)
",9999999.000,9999999.000,0.000,1.000,0.000,0,0,0,18,18,0,0,18,0.0,0.0,0.0,0.0,0.0,1.0
"G[0,0](BUN <= 27.139 & Creatinine >= 0.049)
",-0.121,-1.861,0.000,1.000,0.000,0,0,0,18,18,0,0,18,0.0,0.0,0.0,0.0,0.0,1.0
"G[1,2](TroponinI >= 0.000 -> SepsisLabel = 0.000)
",9999999.000,9999999.000,0.000,1.000,0.000,0,0,18,0,0,18,18,0,0.0,0.0,1.0,0.0,0.0,1.0
"G[1,2](Lactate > 0.000 & SepsisLabel = 0.000)
",9999999.000,9999999.000,0.000,1.000,0.000,0,0,0,18,18,0,0,18,0.0,0.0,0.0,0.0,0.0,1.0
"G[1,2](Resp < 26.242 & SepsisLabel = 0.000)
",9999999.000,9999999.000,0.000,1.000,0.000,0,0,18,0,0,18,18,0,0.0,0.0,1.0,0.0,0.0,1.0
"G[2,2](Fibrinogen < 0.000 & SepsisLabel = 0.000)
",0.000,0.000,0.000,1.000,0.000,0,0,18,0,0,18,18,0,0.0,0.0,1.0,0.0,0.0,1.0
"G[0,1](BUN >= 0.191 & SepsisLabel = 0.000)
",9999999.000,9999999.000,0.000,1.000,0.000,0,0,0,18,18,0,0,18,0.0,0.0,0.0,0.0,0.0,1.0
"G[0,2](BUN <= 6.837 & Creatinine >= 0.052)
",9999999.000,9999999.000,0.000,1.000,0.000,0,0,0,18,18,0,0,18,0.0,0.0,0.0,0.0,0.0,1.0
"G[0,2](pH < 0.764 -> SepsisLabel = 0.000)
",9999999.000,9999999.000,0.000,1.000,0.000,0,0,18,0,0,18,18,0,0.0,0.0,1.0,0.0,0.0,1.0
"G[1,2](((Glucose <= 24.473 | Glucose >= 3.027) & SaO2 >= 6.036) -> Calcium <= 114.890)
",9999999.000,9999999.000,0.000,1.000,0.000,0,0,18,0,0,18,18,0,0.0,0.0,1.0,0.0,0.0,1.0
"G[1,2]((Alkalinephos >= 1.273 -> AST >= 0.035) -> Chloride <= 68.934)
",9999999.000,9999999.000,0.000,1.000,0.000,0,0,16,2,2,16,16,2,0.0,0.0,1.0,0.0,0.0,1.0
"G[1,2]((HR <= 91.585 | Resp >= 1.174) & Platelets >= 15.290)
",9999999.000,9999999.000,0.000,1.000,0.000,0,0,2,16,16,2,2,16,0.0,0.0,1.0,0.0,0.0,1.0
"G[0,2](Calcium >= 0.299 -> Potassium >= 0.231)
",9999999.000,9999999.000,0.000,1.000,0.000,0,0,18,0,0,18,18,0,0.0,0.0,1.0,0.0,0.0,1.0
"G[0,2](((Alkalinephos <= 121.332 -> Bilirubin_total >= 0.010) & SaO2 <= 0.287) & SepsisLabel <= 0.238)
",9999999.000,9999999.000,0.000,1.000,0.000,0,0,0,18,18,0,0,18,0.0,0.0,0.0,0.0,0.0,1.0
"G[0,2]((DBP <= 89.193 & MAP >= 18.043) | PTT <= 115.310)
",9999999.000,9999999.000,0.000,1.000,0.000,0,0,18,0,0,18,18,0,0.0,0.0,1.0,0.0,0.0,1.0
"G[1,2](((HR <= 74.270 | MAP <= 133.883) | AST >= 16.205) -> pH >= 34.509)
",9999999.000,9999999.000,0.000,1.000,0.000,0,0,0,18,18,0,0,18,0.0,0.0,0.0,0.0,0.0,1.0
"G[1,2](Hct <= 33.714 -> Hgb >= 0.374)
",9999999.000,9999999.000,0.000,1.000,0.000,0,0,3,15,15,3,3,15,0.0,0.0,1.0,0.0,0.0,1.0
"G[0,2](((DBP <= 73.344 | HR <= 73.120) & Calcium <= 75.582) | Calcium >= 12.702)
",9999999.000,9999999.000,0.000,1.000,0.000,0,0,9,9,9,9,9,9,0.0,0.0,1.0,0.0,0.0,1.0
"G[0,1]((Hct >= 1.901 & Platelets <= 31.735) & Platelets <= 92.353)
",9999999.000,9999999.000,0.000,1.000,0.000,0,0,0,18,18,0,0,18,0.0,0.0,0.0,0.0,0.0,1.0
"G[0,2](Chloride >= 4.860 & HCO3 >= 0.935)
",9999999.000,9999999.000,0.000,1.000,0.000,0,0,0,18,18,0,0,18,0.0,0.0,0.0,0.0,0.0,1.0
"G[1,2](((Hgb <= 1.918 | Hct <= 12.209) -> WBC >= 0.058) & Platelets >= 0.727)
",9999999.000,9999999.000,0.000,1.000,0.000,0,0,2,16,16,2,2,16,0.0,0.0,1.0,0.0,0.0,1.0
"G[1,2]((MAP >= 4.553 & Potassium <= 4.823) | pH <= 2.000)
",9999999.000,9999999.000,0.000,1.000,0.000,0,0,18,0,0,18,18,0,0.0,0.0,1.0,0.0,0.0,1.0
"G[1,2](BUN <= 18.710 & Creatinine >= 0.047)
",9999999.000,9999999.000,0.000,1.000,0.000,0,0,1,17,17,1,1,17,0.0,0.0,1.0,0.0,0.0,1.0
"G[1,2](((Hgb <= 11.521 | Hct <= 7.468) -> WBC >= 0.330) & Platelets >= 6.709)
",9999999.000,9999999.000,0.000,1.000,0.000,0,0,2,16,16,2,2,16,0.0,0.0,1.0,0.0,0.0,1.0
"G[2,2](BUN <= 27.891 & Creatinine >= 0.065)
",-4710975683144345.000,-0.065,0.000,1.000,0.000,0,0,18,0,0,18,18,0,0.0,0.0,1.0,0.0,0.0,1.0
"G[0,2](Chloride >= 1.545 & HCO3 >= 0.179)
",9999999.000,9999999.000,0.000,1.000,0.000,0,0,0,18,18,0,0,18,0.0,0.0,0.0,0.0,0.0,1.0
"G[0,2](Platelets <= 34.426 -> WBC >= 0.092)
",9999999.000,9999999.000,0.000,1.000,0.000,0,0,0,18,18,0,0,18,0.0,0.0,0.0,0.0,0.0,1.0
"G[0,1](((Hgb <= 5.454 | Hct <= 19.214) -> WBC >= 0.803) & Platelets >= 2.288)
",9999999.000,9999999.000,0.000,1.000,0.000,0,0,0,18,18,0,0,18,0.0,0.0,0.0,0.0,0.0,1.0
"G[0,2](BUN <= 6.409 & Creatinine >= 0.023)
",9999999.000,9999999.000,0.000,1.000,0.000,0,0,0,18,18,0,0,18,0.0,0.0,0.0,0.0,0.0,1.0
"G[1,2](Chloride >= 0.543 & HCO3 >= 0.481)
",9999999.000,9999999.000,0.000,1.000,0.000,0,0,2,16,16,2,2,16,0.0,0.0,1.0,0.0,0.0,1.0
"G[0,1](Platelets <= 56.467 -> WBC >= 0.288)
",9999999.000,9999999.000,0.000,1.000,0.000,0,0,0,18,18,0,0,18,0.0,0.0,0.0,0.0,0.0,1.0
"G[2,2](BUN <= 13.298 & Creatinine >= 0.076)
",-0.076,-0.076,0.000,1.000,0.000,0,0,18,0,0,18,18,0,0.0,0.0,1.0,0.0,0.0,1.0
"G[0,1](Chloride >= 2.802 & HCO3 >= 0.906)
",9999999.000,9999999.000,0.000,1.000,0.000,0,0,0,18,18,0,0,18,0.0,0.0,0.0,0.0,0.0,1.0
"G[2,2](Platelets <= 113.122 -> WBC >= 0.140)
",-113.122,-113.122,0.000,1.000,0.000,0,0,18,0,0,18,18,0,0.0,0.0,1.0,0.0,0.0,1.0
"G[0,2](Chloride >= 4.240 & HCO3 >= 0.043)
",9999999.000,9999999.000,0.000,1.000,0.000,0,0,0,18,18,0,0,18,0.0,0.0,0.0,0.0,0.0,1.0
"G[0,2](Platelets <= 73.019 -> WBC >= 0.715)
",9999999.000,9999999.000,0.000,1.000,0.000,0,0,0,18,18,0,0,18,0.0,0.0,0.0,0.0,0.0,1.0
"G[1,2](Platelets <= 88.013 -> WBC >= 0.261)
",9999999.000,9999999.000,0.000,1.000,0.000,0,0,2,16,16,2,2,16,0.0,0.0,1.0,0.0,0.0,1.0
"G[0,1](((Hgb <= 7.423 | Hct <= 22.637) -> WBC >= 0.661) & Platelets >= 10.050)
",9999999.000,9999999.000,0.000,1.000,0.000,0,0,0,18,18,0,0,18,0.0,0.0,0.0,0.0,0.0,1.0
"G[0,1](BUN <= 22.355 & Creatinine >= 0.044)
",9999999.000,9999999.000,0.000,1.000,0.000,0,0,0,18,18,0,0,18,0.0,0.0,0.0,0.0,0.0,1.0
"G[0,1](Platelets <= 36.795 -> WBC >= 0.442)
",9999999.000,9999999.000,0.000,1.000,0.000,0,0,0,18,18,0,0,18,0.0,0.0,0.0,0.0,0.0,1.0
"G[0,1](((Hgb <= 9.312 | Hct <= 12.555) -> WBC >= 0.786) & Platelets >= 8.532)
",9999999.000,9999999.000,0.000,1.000,0.000,0,0,0,18,18,0,0,18,0.0,0.0,0.0,0.0,0.0,1.0
"G[1,2](BUN <= 4.515 & Creatinine >= 0.066)
",9999999.000,9999999.000,0.000,1.000,0.000,0,0,0,18,18,0,0,18,0.0,0.0,0.0,0.0,0.0,1.0
"G[1,2](Chloride >= 1.999 & HCO3 >= 0.202)
",9999999.000,9999999.000,0.000,1.000,0.000,0,0,2,16,16,2,2,16,0.0,0.0,1.0,0.0,0.0,1.0
"G[0,2](Platelets <= 46.992 -> WBC >= 0.509)
",9999999.000,9999999.000,0.000,1.000,0.000,0,0,0,18,18,0,0,18,0.0,0.0,0.0,0.0,0.0,1.0
"G[1,2](((Hgb <= 6.695 | Hct <= 6.837) -> WBC >= 0.759) & Platelets >= 11.245)
",9999999.000,9999999.000,0.000,1.000,0.000,0,0,2,16,16,2,2,16,0.0,0.0,1.0,0.0,0.0,1.0
"G[0,2](BUN <= 25.507 & Creatinine >= 0.049)
",9999999.000,9999999.000,0.000,1.000,0.000,0,0,0,18,18,0,0,18,0.0,0.0,0.0,0.0,0.0,1.0
"G[0,2](Chloride >= 2.374 & HCO3 >= 0.971)
",9999999.000,9999999.000,0.000,1.000,0.000,0,0,0,18,18,0,0,18,0.0,0.0,0.0,0.0,0.0,1.0
"G[0,2]((Magnesium <= 0.407 | Potassium <= 2.411) | TroponinI <= 2.233)
",9999999.000,9999999.000,0.000,1.000,0.000,0,0,18,0,0,18,18,0,0.0,0.0,1.0,0.0,0.0,1.0
"G[2,2]((Alkalinephos >= 4.979 -> Potassium >= 0.231) & WBC >= 0.443)
",-7981612014735716.000,-0.443,0.000,1.000,0.000,0,0,18,0,0,18,18,0,0.0,0.0,1.0,0.0,0.0,1.0
"G[1,2](((DBP >= 35.254 -> Resp <= 18.273) & FiO2 >= 10.039) & Glucose >= 14.998)
",9999999.000,9999999.000,0.000,1.000,0.000,0,0,0,18,18,0,0,18,0.0,0.0,0.0,0.0,0.0,1.0
"G[1,2](((Alkalinephos >= 5.409 | Temp <= 24.809) | Glucose >= 5.792) & Fibrinogen >= 4.890)
",9999999.000,9999999.000,0.000,1.000,0.000,0,0,0,18,18,0,0,18,0.0,0.0,0.0,0.0,0.0,1.0
"G[0,2](HR >= 20.521 -> WBC <= 8.426)
",9999999.000,9999999.000,0.000,1.000,0.000,0,0,16,2,2,16,16,2,0.0,0.0,1.0,0.0,0.0,1.0
"G[1,2](((BUN >= 0.069 & PTT >= 4.149) | Lactate <= 107.371) & Lactate <= 116.514)
",9999999.000,9999999.000,0.000,1.000,0.000,0,0,18,0,0,18,18,0,0.0,0.0,1.0,0.0,0.0,1.0
"G[0,2]((Magnesium >= 0.024 -> Platelets <= 72.048) -> Calcium >= 11.328)
",9999999.000,9999999.000,0.000,1.000,0.000,0,0,0,18,18,0,0,18,0.0,0.0,0.0,0.0,0.0,1.0
"G[1,2]((Bilirubin_total >= 0.005 & Creatinine <= 1.226) -> Resp >= 0.056)
",9999999.000,9999999.000,0.000,1.000,0.000,0,0,18,0,0,18,18,0,0.0,0.0,1.0,0.0,0.0,1.0
"G[1,2]((AST >= 2.299 | Temp >= 0.716) | O2Sat >= 1.020)
",9999999.000,9999999.000,0.000,1.000,0.000,0,0,15,3,3,15,15,3,0.0,0.0,1.0,0.0,0.0,1.0
"G[1,2](((HR <= 87.880 -> PTT <= 22.867) | Chloride <= 109.127) | Temp >= 3.521)
",9999999.000,9999999.000,0.000,1.000,0.000,0,0,18,0,0,18,18,0,0.0,0.0,1.0,0.0,0.0,1.0
"G[2,2]((Hct >= 0.071 & MAP >= 86.986) -> Hct <= 123.612)
",-123.612,-123.612,0.000,1.000,0.000,0,0,18,0,0,18,18,0,0.0,0.0,1.0,0.0,0.0,1.0
"G[0,1](((Bilirubin_total >= 0.016 -> O2Sat <= 96.401) & Lactate >= 60.954) | AST >= 7.164)
",9999999.000,9999999.000,0.000,1.000,0.000,0,0,0,18,18,0,0,18,0.0,0.0,0.0,0.0,0.0,1.0
"G[1,2](pH >= 0.186 & Resp <= 17.474)
",9999999.000,9999999.000,0.000,1.000,0.000,0,0,0,18,18,0,0,18,0.0,0.0,0.0,0.0,0.0,1.0
"G[1,2](Platelets <= 45.529 -> WBC >= 0.334)
",9999999.000,9999999.000,0.000,1.000,0.000,0,0,2,16,16,2,2,16,0.0,0.0,1.0,0.0,0.0,1.0
"G[1,2](Creatinine <= 0.904 -> O2Sat >= 5.883)
",9999999.000,9999999.000,0.000,1.000,0.000,0,0,15,3,3,15,15,3,0.0,0.0,1.0,0.0,0.0,1.0
"G[0,2](((BUN >= 0.869 | O2Sat >= 62.535) & HR >= 22.314) & Temp >= 5.875)
",9999999.000,9999999.000,0.000,1.000,0.000,0,0,0,18,18,0,0,18,0.0,0.0,0.0,0.0,0.0,1.0
"G[0,1]((Glucose >= 0.774 & Platelets >= 2.262) | Fibrinogen >= 9.195)
",9999999.000,9999999.000,0.000,1.000,0.000,0,0,0,18,18,0,0,18,0.0,0.0,0.0,0.0,0.0,1.0
"G[0,0](Chloride >= 4.435 & Temp >= 4.753)
",-1.554,-3.696,0.000,1.000,0.000,0,0,0,18,18,0,0,18,0.0,0.0,0.0,0.0,0.0,1.0
"G[0,0]((HCO3 >= 0.641 & Temp <= 16.724) & Calcium <= 30.087)
",-1.629,-59.738,0.000,1.000,0.000,0,0,0,18,18,0,0,18,0.0,0.0,0.0,0.0,0.0,1.0
"G[1,2]((DBP >= 36.243 | Platelets >= 7.488) & Chloride <= 52.180)
",9999999.000,9999999.000,0.000,1.000,0.000,0,0,15,3,3,15,15,3,0.0,0.0,1.0,0.0,0.0,1.0
"G[2,2](((Glucose >= 2.219 -> HR >= 6.636) -> PaCO2 >= 25.221) & SepsisLabel <= 76.151)
",-2.219,-2.219,0.000,1.000,0.000,0,0,18,0,0,18,18,0,0.0,0.0,1.0,0.0,0.0,1.0
"G[0,2](O2Sat <= 88.217 -> pH >= 0.043)
",9999999.000,9999999.000,0.000,1.000,0.000,0,0,9,9,9,9,9,9,0.0,0.0,1.0,0.0,0.0,1.0
"G[0,2]((DBP >= 30.613 | WBC <= 8.922) & Bilirubin_total <= 4.288)
",9999999.000,9999999.000,0.000,1.000,0.000,0,0,18,0,0,18,18,0,0.0,0.0,1.0,0.0,0.0,1.0
"G[1,2](Hgb <= 8.305 | MAP <= 100.115)
",9999999.000,9999999.000,0.000,1.000,0.000,0,0,16,2,2,16,16,2,0.0,0.0,1.0,0.0,0.0,1.0
"G[0,2](MAP <= 110.572 | Platelets <= 116.195)
",9999999.000,9999999.000,0.000,1.000,0.000,0,0,17,1,1,17,17,1,0.0,0.0,1.0,0.0,0.0,1.0
"G[0,2]((Creatinine >= 0.043 | HR <= 98.286) -> Platelets >= 22.365)
",9999999.000,9999999.000,0.000,1.000,0.000,0,0,0,18,18,0,0,18,0.0,0.0,0.0,0.0,0.0,1.0
"G[0,2](BaseExcess >= -1.175 -> HR <= 88.828)
",9999999.000,9999999.000,0.000,1.000,0.000,0,0,16,2,2,16,16,2,0.0,0.0,1.0,0.0,0.0,1.0
"G[0,2]((BUN >= 0.107 | HR <= 73.773) | Lactate >= 33.341)
",9999999.000,9999999.000,0.000,1.000,0.000,0,0,7,11,11,7,7,11,0.0,0.0,1.0,0.0,0.0,1.0
"G[0,2]((Hct >= 4.135 & HR <= 99.625) & WBC <= 75.423)
",9999999.000,9999999.000,0.000,1.000,0.000,0,0,0,18,18,0,0,18,0.0,0.0,0.0,0.0,0.0,1.0
"G[2,2](((Hgb <= 10.744 | O2Sat <= 76.328) -> EtCO2 <= 92.113) & Chloride <= 79.063)
",-6481888326155604.000,-92.113,0.000,1.000,0.000,0,0,18,0,0,18,18,0,0.0,0.0,1.0,0.0,0.0,1.0
"G[0,2](AST <= 31.239 | BUN <= 19.544)
",9999999.000,9999999.000,0.000,1.000,0.000,0,0,18,0,0,18,18,0,0.0,0.0,1.0,0.0,0.0,1.0
"G[1,2]((pH >= 0.051 & Temp <= 9.792) & SaO2 >= 7.535)
",9999999.000,9999999.000,0.000,1.000,0.000,0,0,0,18,18,0,0,18,0.0,0.0,0.0,0.0,0.0,1.0
"G[2,2]((Creatinine <= 0.790 -> Potassium <= 2.158) | SaO2 >= 0.251)
",-4519838122984281.000,-0.251,0.000,1.000,0.000,0,0,18,0,0,18,18,0,0.0,0.0,1.0,0.0,0.0,1.0
"G[0,1](((BUN <= 27.804 & Potassium >= 0.073) | Glucose <= 3.414) & TroponinI >= 0.216)
",9999999.000,9999999.000,0.000,1.000,0.000,0,0,0,18,18,0,0,18,0.0,0.0,0.0,0.0,0.0,1.0
"G[1,2]((Glucose >= 1.847 & Potassium <= 2.157) -> PTT <= 0.646)
",9999999.000,9999999.000,0.000,1.000,0.000,0,0,18,0,0,18,18,0,0.0,0.0,1.0,0.0,0.0,1.0
"G[1,2]((HCO3 <= 7.745 & WBC >= 0.355) & HCO3 <= 2.449)
",9999999.000,9999999.000,0.000,1.000,0.000,0,0,0,18,18,0,0,18,0.0,0.0,0.0,0.0,0.0,1.0
"G[0,0](((Chloride >= 4.273 | Platelets <= 112.976) | Fibrinogen >= 1.564) & Lactate >= 7.851)
",-0.107,-2.406,0.000,1.000,0.000,0,0,0,18,18,0,0,18,0.0,0.0,0.0,0.0,0.0,1.0
"G[0,2]((HR <= 99.056 & O2Sat >= 60.634) & TroponinI >= 23.162)
",9999999.000,9999999.000,0.000,1.000,0.000,0,0,0,18,18,0,0,18,0.0,0.0,0.0,0.0,0.0,1.0
"G[0,2](Alkalinephos >= 6.933 & Glucose <= 109.999)
",9999999.000,9999999.000,0.000,1.000,0.000,0,0,0,18,18,0,0,18,0.0,0.0,0.0,0.0,0.0,1.0
"G[1,2]((Alkalinephos >= 0.737 & Hgb <= 3.043) & Lactate >= 1.309)
",9999999.000,9999999.000,0.000,1.000,0.000,0,0,0,18,18,0,0,18,0.0,0.0,0.0,0.0,0.0,1.0
"G[0,2](((Hgb >= 1.661 | Potassium >= 0.059) & BUN >= 0.063) & Creatinine >= 0.370)
",9999999.000,9999999.000,0.000,1.000,0.000,0,0,0,18,18,0,0,18,0.0,0.0,0.0,0.0,0.0,1.0
"G[0,2](Creatinine >= 0.060 -> Platelets >= 6.413)
",9999999.000,9999999.000,0.000,1.000,0.000,0,0,18,0,0,18,18,0,0.0,0.0,1.0,0.0,0.0,1.0
"G[2,2](Chloride <= 50.796 -> Hgb <= 10.764)
",-50.796,-50.796,0.000,1.000,0.000,0,0,18,0,0,18,18,0,0.0,0.0,1.0,0.0,0.0,1.0
"G[1,2]((Glucose >= 1.604 | Hgb <= 6.105) | O2Sat <= 1.782)
",9999999.000,9999999.000,0.000,1.000,0.000,0,0,17,1,1,17,17,1,0.0,0.0,1.0,0.0,0.0,1.0
"G[0,1]((HCO3 >= 0.830 | SaO2 >= 1.688) | WBC >= 3.226)
",9999999.000,9999999.000,0.000,1.000,0.000,0,0,0,18,18,0,0,18,0.0,0.0,0.0,0.0,0.0,1.0
"G[0,2]((AST <= 18.552 | Glucose >= 2.101) -> Lactate >= 1.727)
",9999999.000,9999999.000,0.000,1.000,0.000,0,0,0,18,18,0,0,18,0.0,0.0,0.0,0.0,0.0,1.0
"G[0,1](((Chloride <= 80.690 | Hct >= 3.114) | pH >= 3.207) -> SaO2 >= 3.257)
",9999999.000,9999999.000,0.000,1.000,0.000,0,0,0,18,18,0,0,18,0.0,0.0,0.0,0.0,0.0,1.0
"G[0,1](((O2Sat >= 55.708 -> SBP >= 45.016) | PaCO2 >= 127.175) & Lactate >= 53.043)
",9999999.000,9999999.000,0.000,1.000,0.000,0,0,0,18,18,0,0,18,0.0,0.0,0.0,0.0,0.0,1.0
"G[2,2]((Alkalinephos >= 6.546 & Creatinine <= 1.355) & Magnesium >= 0.021)
",-6.546,-6.546,0.000,1.000,0.000,0,0,18,0,0,18,18,0,0.0,0.0,1.0,0.0,0.0,1.0
"G[1,2](((Glucose >= 2.157 & SaO2 <= 28.344) & Magnesium <= 17.486) -> BaseExcess >= 0.607)
",9999999.000,9999999.000,0.000,1.000,0.000,0,0,17,1,1,17,17,1,0.0,0.0,1.0,0.0,0.0,1.0
"G[1,2](AST <= 15.132 -> HCO3 >= 1.051)
",9999999.000,9999999.000,0.000,1.000,0.000,0,0,2,16,16,2,2,16,0.0,0.0,1.0,0.0,0.0,1.0
"G[0,1]((Magnesium <= 0.300 | WBC >= 0.422) -> BUN >= 0.884)
",9999999.000,9999999.000,0.000,1.000,0.000,0,0,0,18,18,0,0,18,0.0,0.0,0.0,0.0,0.0,1.0
"G[2,2]((BaseExcess >= -1.133 | Hgb <= 11.302) & pH >= 0.378)
",-6805920628177708.000,-0.378,0.000,1.000,0.000,0,0,18,0,0,18,18,0,0.0,0.0,1.0,0.0,0.0,1.0
"G[1,1](((O2Sat <= 91.967 | Temp <= 35.101) | DBP >= 5.184) & TroponinI >= 0.636)
",-5725633809813605.000,-0.636,0.000,1.000,0.000,0,0,0,18,18,0,0,18,0.0,0.0,0.0,0.0,0.0,1.0
"G[0,2]((PaCO2 <= 33.073 | Temp <= 17.083) -> MAP >= 5.304)
",9999999.000,9999999.000,0.000,1.000,0.000,0,0,15,3,3,15,15,3,0.0,0.0,1.0,0.0,0.0,1.0
"G[0,2]((Hct <= 14.810 -> EtCO2 >= 0.000) -> HR <= 0.000)
",9999999.000,9999999.000,0.000,1.000,0.000,0,0,0,18,18,0,0,18,0.0,0.0,0.0,0.0,0.0,1.0
