Rule,Discrimination Score,Pos Robustness,Neg Robustness,Percent Class +,Percent Class -,TP,TN,FP,FN,Actual Yes,Actual No,Predicted Yes,Predicted No,TPR/Sens,TNR/Spec,FPR,Precision,Accuracy,MCR
"G[0,0](WBC >= 0.174 -> EtCO2 >= 0.000)
",-2.688,-19.643,0.000,1.000,0.000,11,0,0,0,11,0,11,0,1.0,0.0,0.0,1.0,1.0476190476190477,-0.04761904761904767
"G[0,0]((Hct <= 9.974 | SBP <= 115.799) | HR >= 11.996)
",6064358511744314.000,11031.004,0.000,1.000,0.000,11,0,0,0,11,0,11,0,1.0,0.0,0.0,1.0,1.0476190476190477,-0.04761904761904767
"G[0,0](((Lactate >= 0.082 -> BaseExcess <= -0.176) | PaCO2 >= -1.925) | Hct >= -1.924)
",1.348,4.881,0.000,1.000,0.000,11,0,0,0,11,0,11,0,1.0,0.0,0.0,1.0,1.0476190476190477,-0.04761904761904767
"G[0,0](HCO3 >= 1.257 -> Hgb >= 1.306)
",-0.380,-3.993,0.000,1.000,0.000,11,0,0,0,11,0,11,0,1.0,0.0,0.0,1.0,1.0476190476190477,-0.04761904761904767
"G[0,0]((Potassium <= 0.451 -> Temp >= 1.345) -> Bilirubin_direct <= 32.061)
",-32.061,-32.061,0.000,1.000,0.000,11,0,0,0,11,0,11,0,1.0,0.0,0.0,1.0,1.0476190476190477,-0.04761904761904767
"G[0,0]((Phosphate <= 2.378 & Alkalinephos <= 0.000) -> MAP >= 0.000)
",-2.914,-97.250,0.000,1.000,0.000,11,0,0,0,11,0,11,0,1.0,0.0,0.0,1.0,1.0476190476190477,-0.04761904761904767
"G[0,0]((Lactate <= 0.609 & SBP <= 114.542) | SepsisLabel <= 107.092)
",107.092,107.092,0.000,1.000,0.000,11,0,0,0,11,0,11,0,1.0,0.0,0.0,1.0,1.0476190476190477,-0.04761904761904767
"G[0,0](TroponinI <= 0.000 | Glucose <= 22.222)
",22.222,22.222,0.000,1.000,0.000,11,0,0,0,11,0,11,0,1.0,0.0,0.0,1.0,1.0476190476190477,-0.04761904761904767
"G[0,0]((FiO2 <= 0.170 & Platelets <= 148.751) | Bilirubin_total <= 84.247)
",59.416,83.777,0.000,1.000,0.000,11,0,0,0,11,0,11,0,1.0,0.0,0.0,1.0,1.0476190476190477,-0.04761904761904767
"G[0,0](((Hct <= 11.674 -> Platelets >= 0.918) & Magnesium >= 5.839) -> Magnesium <= 181.385)
",-274.492,-181.165,0.000,1.000,0.000,11,0,0,0,11,0,11,0,1.0,0.0,0.0,1.0,1.0476190476190477,-0.04761904761904767
"G[0,0](((Platelets <= 208.800 | pH <= 6.626) | FiO2 >= 2.087) | Alkalinephos >= 2.731)
",208.800,208.800,0.000,1.000,0.000,10,0,0,1,11,0,10,1,0.9090909090909091,0.0,0.0,1.0,0.9523809523809523,0.04761904761904767
"G[0,1]((FiO2 <= 0.096 | Lactate <= 1.448) | BUN <= 0.435)
",9999999.000,9999999.000,0.000,1.000,0.000,10,0,1,0,10,1,11,0,1.0,0.0,1.0,0.9090909090909091,0.9523809523809523,0.04761904761904767
"G[1,1](Platelets >= 1.507 -> Temp >= 3.190)
",6788974715122634.000,1.507,0.000,1.000,0.000,10,0,1,0,10,1,11,0,1.0,0.0,1.0,0.9090909090909091,0.9523809523809523,0.04761904761904767
"G[0,0]((Potassium <= 2.915 | Temp >= 3.753) & Calcium <= 13.149)
",3.950,12.125,0.000,1.000,0.000,10,0,0,1,11,0,10,1,0.9090909090909091,0.0,0.0,1.0,0.9523809523809523,0.04761904761904767
"G[1,1]((PaCO2 <= 40.484 -> WBC <= 10.075) | EtCO2 <= 8.074)
",8.074,8.074,0.000,1.000,0.000,10,0,1,0,10,1,11,0,1.0,0.0,1.0,0.9090909090909091,0.9523809523809523,0.04761904761904767
"G[0,0](((Hct <= 21.393 -> HR >= 66.197) | HCO3 >= 48.332) | Resp >= 43.584)
",-0.853,-22.334,0.000,1.000,0.000,10,0,0,1,11,0,10,1,0.9090909090909091,0.0,0.0,1.0,0.9523809523809523,0.04761904761904767
"G[0,1](((PaCO2 <= 32.384 & Platelets <= 85.737) | Glucose >= 6.458) -> Bilirubin_total <= 144.215)
",9999999.000,9999999.000,0.000,1.000,0.000,10,0,1,0,10,1,11,0,1.0,0.0,1.0,0.9090909090909091,0.9523809523809523,0.04761904761904767
"G[1,1]((Phosphate <= 0.945 & SBP <= 109.372) -> Platelets <= 124.677)
",-8773394052706262.000,-124.677,0.000,1.000,0.000,10,0,1,0,10,1,11,0,1.0,0.0,1.0,0.9090909090909091,0.9523809523809523,0.04761904761904767
"G[1,1](((BaseExcess <= -0.046 | PTT <= 13.863) | EtCO2 >= 0.021) -> HR >= 0.786)
",-7804350536586074.000,-13.863,0.000,1.000,0.000,10,0,1,0,10,1,11,0,1.0,0.0,1.0,0.9090909090909091,0.9523809523809523,0.04761904761904767
"G[0,1](Calcium <= 7.113 | HR >= 67.931)
",9999999.000,9999999.000,0.000,1.000,0.000,10,0,1,0,10,1,11,0,1.0,0.0,1.0,0.9090909090909091,0.9523809523809523,0.04761904761904767
"G[0,1](Magnesium <= 0.467 -> SBP >= 38.285)
",9999999.000,9999999.000,0.000,1.000,0.000,10,0,0,1,11,0,10,1,0.9090909090909091,0.0,0.0,1.0,0.9523809523809523,0.04761904761904767
"G[0,1](HCO3 <= 4.933 -> SBP >= 14.970)
",9999999.000,9999999.000,0.000,1.000,0.000,10,0,0,1,11,0,10,1,0.9090909090909091,0.0,0.0,1.0,0.9523809523809523,0.04761904761904767
"G[0,0](((BaseExcess <= -0.171 & AST <= 0.000) | TroponinI <= 0.000) & Platelets <= 0.000)
",0.000,0.000,0.000,1.000,0.000,10,0,0,1,11,0,10,1,0.9090909090909091,0.0,0.0,1.0,0.9523809523809523,0.04761904761904767
"G[0,1](((Creatinine >= 0.046 & MAP <= 73.267) -> Creatinine <= 71.313) -> HR >= 6.253)
",9999999.000,9999999.000,0.000,1.000,0.000,10,0,0,1,11,0,10,1,0.9090909090909091,0.0,0.0,1.0,0.9523809523809523,0.04761904761904767
"G[0,1]((O2Sat >= 3.430 | Temp >= 9.617) | Chloride >= 1.871)
",9999999.000,9999999.000,0.000,1.000,0.000,10,0,0,1,11,0,10,1,0.9090909090909091,0.0,0.0,1.0,0.9523809523809523,0.04761904761904767
"G[0,1]((MAP >= 59.134 -> Platelets <= 191.982) -> BUN <= 169.041)
",9999999.000,9999999.000,0.000,1.000,0.000,10,0,1,0,10,1,11,0,1.0,0.0,1.0,0.9090909090909091,0.9523809523809523,0.04761904761904767
"G[0,0](Calcium < 1.191 & SepsisLabel = 0.000)
",0.000,0.000,0.000,1.000,0.000,10,0,0,1,11,0,10,1,0.9090909090909091,0.0,0.0,1.0,0.9523809523809523,0.04761904761904767
"G[0,1]((Lactate <= 1.318 -> Resp >= 13.024) -> Calcium <= 25.294)
",9999999.000,9999999.000,0.000,1.000,0.000,10,0,1,0,10,1,11,0,1.0,0.0,1.0,0.9090909090909091,0.9523809523809523,0.04761904761904767
"G[0,1](((PaCO2 >= 2.989 -> PaCO2 <= 21.267) -> Alkalinephos <= 36.682) | Bilirubin_direct <= 32.911)
",9999999.000,9999999.000,0.000,1.000,0.000,10,0,1,0,10,1,11,0,1.0,0.0,1.0,0.9090909090909091,0.9523809523809523,0.04761904761904767
"G[0,0]((Calcium >= 0.333 -> Magnesium <= 1.583) | Bilirubin_total >= 0.077)
",0.310,0.434,0.000,1.000,0.000,10,0,0,1,11,0,10,1,0.9090909090909091,0.0,0.0,1.0,0.9523809523809523,0.04761904761904767
"G[0,1]((Alkalinephos >= 0.000 & pH <= 6.720) | Phosphate <= 5.995)
",9999999.000,9999999.000,0.000,1.000,0.000,10,0,1,0,10,1,11,0,1.0,0.0,1.0,0.9090909090909091,0.9523809523809523,0.04761904761904767
"G[1,1](((Hgb <= 7.772 -> TroponinI <= 0.000) & WBC >= 0.000) & Bilirubin_direct >= 0.000)
",-8750592156782598.000,-7.772,0.000,1.000,0.000,10,0,1,0,10,1,11,0,1.0,0.0,1.0,0.9090909090909091,0.9523809523809523,0.04761904761904767
"G[0,1]((BUN >= 0.095 & TroponinI >= 0.000) | Platelets >= 0.000)
",9999999.000,9999999.000,0.000,1.000,0.000,10,0,1,0,10,1,11,0,1.0,0.0,1.0,0.9090909090909091,0.9523809523809523,0.04761904761904767
"G[0,1]((pH <= 4.254 -> FiO2 <= 0.444) | Fibrinogen <= 0.473)
",9999999.000,9999999.000,0.000,1.000,0.000,10,0,1,0,10,1,11,0,1.0,0.0,1.0,0.9090909090909091,0.9523809523809523,0.04761904761904767
"G[0,1](((Creatinine >= 0.052 -> Alkalinephos <= 0.000) & Potassium >= 0.000) -> HCO3 >= 0.000)
",9999999.000,9999999.000,0.000,1.000,0.000,10,0,1,0,10,1,11,0,1.0,0.0,1.0,0.9090909090909091,0.9523809523809523,0.04761904761904767
"G[0,1](Temp <= 10.686 -> SaO2 >= 0.000)
",9999999.000,9999999.000,0.000,1.000,0.000,10,0,1,0,10,1,11,0,1.0,0.0,1.0,0.9090909090909091,0.9523809523809523,0.04761904761904767
"G[1,1](((Hct >= 4.347 & HCO3 <= 15.902) & Bilirubin_total >= 1.596) -> Magnesium >= 1.112)
",5009366508119254.000,1.112,0.000,1.000,0.000,10,0,1,0,10,1,11,0,1.0,0.0,1.0,0.9090909090909091,0.9523809523809523,0.04761904761904767
"G[1,1]((Hct >= 4.184 -> Resp <= 23.912) | Fibrinogen <= 26.506)
",26.506,26.506,0.000,1.000,0.000,10,0,1,0,10,1,11,0,1.0,0.0,1.0,0.9090909090909091,0.9523809523809523,0.04761904761904767
"G[0,1](((Calcium <= 5.486 | Hct >= 1.275) & Bilirubin_direct <= 15.278) | Phosphate >= 2.002)
",9999999.000,9999999.000,0.000,1.000,0.000,10,0,1,0,10,1,11,0,1.0,0.0,1.0,0.9090909090909091,0.9523809523809523,0.04761904761904767
"G[0,1]((AST >= 0.000 -> Temp <= 36.003) | PaCO2 <= 20.133)
",9999999.000,9999999.000,0.000,1.000,0.000,10,0,1,0,10,1,11,0,1.0,0.0,1.0,0.9090909090909091,0.9523809523809523,0.04761904761904767
"G[1,1]((Chloride >= 3.614 & Hct >= 5.229) -> Fibrinogen <= 22.571)
",-6353271012612278.000,-22.571,0.000,1.000,0.000,10,0,1,0,10,1,11,0,1.0,0.0,1.0,0.9090909090909091,0.9523809523809523,0.04761904761904767
"G[0,1](((Bilirubin_total <= 0.000 -> AST >= 0.000) | SaO2 <= 0.000) | Platelets <= 0.000)
",9999999.000,9999999.000,0.000,1.000,0.000,10,0,1,0,10,1,11,0,1.0,0.0,1.0,0.9090909090909091,0.9523809523809523,0.04761904761904767
"G[0,1]((Platelets >= 0.232 & Resp >= 6.246) -> Magnesium >= 13.004)
",9999999.000,9999999.000,0.000,1.000,0.000,10,0,1,0,10,1,11,0,1.0,0.0,1.0,0.9090909090909091,0.9523809523809523,0.04761904761904767
"G[1,1]((HR <= 92.999 -> Creatinine <= 0.501) | DBP <= 0.218)
",0.218,0.218,0.000,1.000,0.000,10,0,1,0,10,1,11,0,1.0,0.0,1.0,0.9090909090909091,0.9523809523809523,0.04761904761904767
"G[0,1](((Hct >= 5.628 | Magnesium >= 0.029) | Resp >= 0.113) | FiO2 >= 0.122)
",9999999.000,9999999.000,0.000,1.000,0.000,9,0,0,2,11,0,9,2,0.8181818181818182,0.0,0.0,1.0,0.8571428571428571,0.1428571428571429
"G[0,1](BaseExcess >= -0.237 -> BUN <= 21.039)
",9999999.000,9999999.000,0.000,1.000,0.000,9,0,1,1,10,1,10,1,0.9,0.0,1.0,0.9,0.8571428571428571,0.1428571428571429
"G[0,1]((FiO2 <= 0.275 -> Glucose <= 11.875) & Bilirubin_total <= 60.482)
",9999999.000,9999999.000,0.000,1.000,0.000,9,0,1,1,10,1,10,1,0.9,0.0,1.0,0.9,0.8571428571428571,0.1428571428571429
"G[0,1](Magnesium >= 0.022 | MAP >= 42.227)
",9999999.000,9999999.000,0.000,1.000,0.000,9,0,0,2,11,0,9,2,0.8181818181818182,0.0,0.0,1.0,0.8571428571428571,0.1428571428571429
"G[0,1](((BUN <= 8.350 & Lactate <= 0.349) & HR <= 1.366) | WBC <= 1.156)
",9999999.000,9999999.000,0.000,1.000,0.000,9,0,1,1,10,1,10,1,0.9,0.0,1.0,0.9,0.8571428571428571,0.1428571428571429
"G[1,1]((FiO2 <= 0.176 -> Resp >= 7.121) | Potassium >= 5.334)
",-6342265924650589.000,-0.176,0.000,1.000,0.000,9,0,1,1,10,1,10,1,0.9,0.0,1.0,0.9,0.8571428571428571,0.1428571428571429
"G[1,1](BaseExcess <= -0.188 -> Hgb >= 0.627)
",6777465061622998.000,0.188,0.000,1.000,0.000,9,0,1,1,10,1,10,1,0.9,0.0,1.0,0.9,0.8571428571428571,0.1428571428571429
"G[0,1](DBP >= 33.779 -> Phosphate <= 1.478)
",9999999.000,9999999.000,0.000,1.000,0.000,9,0,1,1,10,1,10,1,0.9,0.0,1.0,0.9,0.8571428571428571,0.1428571428571429
"G[0,1]((PTT >= 0.260 | Potassium <= 2.062) | Platelets <= 2.612)
",9999999.000,9999999.000,0.000,1.000,0.000,9,0,1,1,10,1,10,1,0.9,0.0,1.0,0.9,0.8571428571428571,0.1428571428571429
"G[0,1](SaO2 >= 0.000 -> Platelets <= 128.554)
",9999999.000,9999999.000,0.000,1.000,0.000,9,0,1,1,10,1,10,1,0.9,0.0,1.0,0.9,0.8571428571428571,0.1428571428571429
"G[1,1](((Phosphate <= 4.442 | Potassium >= 0.278) -> Resp >= 0.114) & Bilirubin_direct <= 1.652)
",-4.442,-4.442,0.000,1.000,0.000,9,0,1,1,10,1,10,1,0.9,0.0,1.0,0.9,0.8571428571428571,0.1428571428571429
"G[0,1](HCO3 <= 20.070 & Potassium <= 4.680)
",9999999.000,9999999.000,0.000,1.000,0.000,9,0,1,1,10,1,10,1,0.9,0.0,1.0,0.9,0.8571428571428571,0.1428571428571429
"G[0,1]((Calcium >= 0.365 -> Potassium >= 0.113) & PTT <= 1.534)
",9999999.000,9999999.000,0.000,1.000,0.000,9,0,1,1,10,1,10,1,0.9,0.0,1.0,0.9,0.8571428571428571,0.1428571428571429
"G[0,1](((MAP <= 84.358 & Bilirubin_total <= 0.000) & TroponinI <= 0.000) & Lactate <= 0.000)
",9999999.000,9999999.000,0.000,1.000,0.000,8,0,1,2,10,1,9,2,0.8,0.0,1.0,0.8888888888888888,0.7619047619047619,0.23809523809523814
"G[0,1]((pH <= 7.028 | SBP <= 116.907) & AST <= 127.029)
",9999999.000,9999999.000,0.000,1.000,0.000,8,0,1,2,10,1,9,2,0.8,0.0,1.0,0.8888888888888888,0.7619047619047619,0.23809523809523814
"G[0,1](FiO2 >= 0.015 -> Resp <= 20.155)
",9999999.000,9999999.000,0.000,1.000,0.000,8,0,1,2,10,1,9,2,0.8,0.0,1.0,0.8888888888888888,0.7619047619047619,0.23809523809523814
"G[0,0]((Chloride >= 0.051 -> Phosphate >= 0.205) -> PaCO2 <= 0.745)
",-0.430,-0.303,0.000,1.000,0.000,7,0,0,4,11,0,7,4,0.6363636363636364,0.0,0.0,1.0,0.6666666666666666,0.33333333333333337
"G[0,0](DBP >= 26.439 | FiO2 >= 0.053)
",2.901,39.100,0.000,1.000,0.000,7,0,0,4,11,0,7,4,0.6363636363636364,0.0,0.0,1.0,0.6666666666666666,0.33333333333333337
"G[0,1](((PaCO2 <= 32.910 -> Magnesium <= 0.422) & Hct <= 0.571) | SaO2 >= 0.151)
",9999999.000,9999999.000,0.000,1.000,0.000,7,0,1,3,10,1,8,3,0.7,0.0,1.0,0.875,0.6666666666666666,0.33333333333333337
"G[0,1](((EtCO2 <= 0.000 & EtCO2 <= 0.000) & Hct <= 0.000) & Magnesium >= 0.000)
",9999999.000,9999999.000,0.000,1.000,0.000,7,0,1,3,10,1,8,3,0.7,0.0,1.0,0.875,0.6666666666666666,0.33333333333333337
"G[0,1](((Fibrinogen >= 0.000 & Temp <= 18.912) | Resp >= 1.027) -> DBP >= 8.693)
",9999999.000,9999999.000,0.000,1.000,0.000,6,0,0,5,11,0,6,5,0.5454545454545454,0.0,0.0,1.0,0.5714285714285714,0.4285714285714286
"G[0,1](SaO2 <= 0.000 -> PaCO2 <= 13.637)
",9999999.000,9999999.000,0.000,1.000,0.000,6,0,1,4,10,1,7,4,0.6,0.0,1.0,0.8571428571428571,0.5714285714285714,0.4285714285714286
"G[0,1](((Potassium >= 0.106 -> Calcium <= 7.353) & MAP >= 0.048) & Hct <= 7.912)
",9999999.000,9999999.000,0.000,1.000,0.000,6,0,0,5,11,0,6,5,0.5454545454545454,0.0,0.0,1.0,0.5714285714285714,0.4285714285714286
"G[0,1](((DBP >= 14.117 | Hct >= 3.928) & Bilirubin_direct <= 12.672) | Potassium >= 6.267)
",9999999.000,9999999.000,0.000,1.000,0.000,6,0,0,5,11,0,6,5,0.5454545454545454,0.0,0.0,1.0,0.5714285714285714,0.4285714285714286
"G[1,1](((AST <= 0.000 | HCO3 <= 11.268) & Resp >= 2.173) -> Temp >= 1.171)
",5273164486778006.000,1.171,0.000,1.000,0.000,6,0,1,4,10,1,7,4,0.6,0.0,1.0,0.8571428571428571,0.5714285714285714,0.4285714285714286
"G[1,1](((Creatinine <= 0.742 -> Lactate <= 1.554) -> DBP >= 0.045) -> HCO3 >= 0.092)
",-6520203496131598.000,-0.045,0.000,1.000,0.000,5,0,1,5,10,1,6,5,0.5,0.0,1.0,0.8333333333333334,0.47619047619047616,0.5238095238095238
"G[0,1](Temp < 17.011 & SepsisLabel = 0.000)
",9999999.000,9999999.000,0.000,1.000,0.000,4,0,1,6,10,1,5,6,0.4,0.0,1.0,0.8,0.38095238095238093,0.6190476190476191
"G[0,1](SBP >= 20.663 -> Temp <= 20.664)
",9999999.000,9999999.000,0.000,1.000,0.000,4,0,1,6,10,1,5,6,0.4,0.0,1.0,0.8,0.38095238095238093,0.6190476190476191
"G[0,0](HCO3 <= 18.489 -> Temp >= 7.441)
",-3.868,-81.852,0.000,1.000,0.000,2,0,0,9,11,0,2,9,0.18181818181818182,0.0,0.0,1.0,0.19047619047619047,0.8095238095238095
"G[0,1](Hct >= 2.760 | Phosphate >= 0.134)
",9999999.000,9999999.000,0.000,1.000,0.000,2,0,0,9,11,0,2,9,0.18181818181818182,0.0,0.0,1.0,0.19047619047619047,0.8095238095238095
"G[1,1](Bilirubin_direct <= 0.000 & Magnesium >= 0.119)
",-0.119,-0.119,0.000,1.000,0.000,1,0,1,9,10,1,2,9,0.1,0.0,1.0,0.5,0.09523809523809523,0.9047619047619048
"G[0,0](((Temp <= 24.374 & PTT <= 11.616) -> TroponinI >= 0.786) | AST >= 0.109)
",2.593,0.696,0.000,1.000,0.000,1,0,0,10,11,0,1,10,0.09090909090909091,0.0,0.0,1.0,0.09523809523809523,0.9047619047619048
"G[0,1](O2Sat >= 61.583 & BaseExcess <= -0.026)
",9999999.000,9999999.000,0.000,1.000,0.000,1,0,0,10,11,0,1,10,0.09090909090909091,0.0,0.0,1.0,0.09523809523809523,0.9047619047619048
"G[0,0](((PTT >= 0.647 -> WBC >= 0.399) -> SepsisLabel >= 0.074) | Bilirubin_direct >= 0.947)
",-1.608,-0.305,0.000,1.000,0.000,1,0,0,10,11,0,1,10,0.09090909090909091,0.0,0.0,1.0,0.09523809523809523,0.9047619047619048
"G[0,1]((SepsisLabel <= 0.000 -> BaseExcess <= -0.073) | Bilirubin_total <= -0.165)
",9999999.000,9999999.000,0.000,1.000,0.000,1,0,0,10,11,0,1,10,0.09090909090909091,0.0,0.0,1.0,0.09523809523809523,0.9047619047619048
"G[0,0](Calcium >= 0.086 & Chloride >= 9.764)
",-9.764,-9.764,0.000,1.000,0.000,1,0,0,10,11,0,1,10,0.09090909090909091,0.0,0.0,1.0,0.09523809523809523,0.9047619047619048
"G[1,1]((HCO3 <= 5.110 -> PTT <= 11.627) -> WBC >= 0.764)
",0.764,0.764,0.000,1.000,0.000,1,0,1,9,10,1,2,9,0.1,0.0,1.0,0.5,0.09523809523809523,0.9047619047619048
"G[0,1](Chloride >= 1.822 & HCO3 >= 0.596)
",9999999.000,9999999.000,0.000,1.000,0.000,1,0,0,10,11,0,1,10,0.09090909090909091,0.0,0.0,1.0,0.09523809523809523,0.9047619047619048
"G[0,1](((PaCO2 >= 3.873 | pH >= 2.308) -> FiO2 <= 3.979) & BUN >= 1.419)
",9999999.000,9999999.000,0.000,1.000,0.000,1,0,0,10,11,0,1,10,0.09090909090909091,0.0,0.0,1.0,0.09523809523809523,0.9047619047619048
"G[0,0](((Hgb <= 4.084 | Hct <= 27.452) -> WBC >= 0.360) & Platelets >= 10.986)
",-27.452,-27.452,0.000,1.000,0.000,1,0,0,10,11,0,1,10,0.09090909090909091,0.0,0.0,1.0,0.09523809523809523,0.9047619047619048
"G[1,1](Platelets <= 40.839 -> WBC >= 0.137)
",-40.839,-40.839,0.000,1.000,0.000,1,0,1,9,10,1,2,9,0.1,0.0,1.0,0.5,0.09523809523809523,0.9047619047619048
"G[0,1](Chloride >= 0.869 & HCO3 >= 1.026)
",9999999.000,9999999.000,0.000,1.000,0.000,1,0,0,10,11,0,1,10,0.09090909090909091,0.0,0.0,1.0,0.09523809523809523,0.9047619047619048
"G[1,1](Platelets <= 159.265 -> WBC >= 0.109)
",-159.265,-159.265,0.000,1.000,0.000,1,0,1,9,10,1,2,9,0.1,0.0,1.0,0.5,0.09523809523809523,0.9047619047619048
"G[0,1](Chloride >= 1.871 & HCO3 >= 0.576)
",9999999.000,9999999.000,0.000,1.000,0.000,1,0,0,10,11,0,1,10,0.09090909090909091,0.0,0.0,1.0,0.09523809523809523,0.9047619047619048
"G[0,0](((Hgb <= 8.504 | Hct <= 27.548) -> WBC >= 0.048) & Platelets >= 3.791)
",-7754095675428466.000,-27.548,0.000,1.000,0.000,1,0,0,10,11,0,1,10,0.09090909090909091,0.0,0.0,1.0,0.09523809523809523,0.9047619047619048
"G[0,1](Platelets <= 62.082 -> WBC >= 0.708)
",9999999.000,9999999.000,0.000,1.000,0.000,1,0,0,10,11,0,1,10,0.09090909090909091,0.0,0.0,1.0,0.09523809523809523,0.9047619047619048
"G[0,1](Chloride >= 0.800 & HCO3 >= 1.281)
",9999999.000,9999999.000,0.000,1.000,0.000,1,0,0,10,11,0,1,10,0.09090909090909091,0.0,0.0,1.0,0.09523809523809523,0.9047619047619048
"G[1,1](Chloride >= 4.780 & HCO3 >= 1.512)
",-4.780,-4.780,0.000,1.000,0.000,1,0,1,9,10,1,2,9,0.1,0.0,1.0,0.5,0.09523809523809523,0.9047619047619048
"G[1,2](((BUN <= 21.749 & pH <= 3.459) & Lactate >= 1.626) | SaO2 <= 3.363)
",9999999.000,9999999.000,0.000,1.000,0.000,0,0,11,0,0,11,11,0,0.0,0.0,1.0,0.0,0.0,1.0
"G[0,2](((BaseExcess >= -0.719 -> EtCO2 <= 0.000) | Hgb <= 0.000) | WBC <= 0.000)
",9999999.000,9999999.000,0.000,1.000,0.000,0,0,11,0,0,11,11,0,0.0,0.0,1.0,0.0,0.0,1.0
"G[0,2]((pH <= 3.221 | TroponinI >= 0.000) & MAP <= 0.000)
",9999999.000,9999999.000,0.000,1.000,0.000,0,0,1,10,10,1,1,10,0.0,0.0,1.0,0.0,0.0,1.0
"G[2,2](((Creatinine <= 0.410 | DBP <= 61.084) -> BUN <= 61.864) & Creatinine <= 40.547)
",-8706573543577502.000,-61.864,0.000,1.000,0.000,0,0,11,0,0,11,11,0,0.0,0.0,1.0,0.0,0.0,1.0
"G[0,2](((Creatinine <= 0.469 | Bilirubin_direct >= 0.000) | MAP <= 0.000) & MAP <= 0.000)
",9999999.000,9999999.000,0.000,1.000,0.000,0,0,1,10,10,1,1,10,0.0,0.0,1.0,0.0,0.0,1.0
"G[1,2](((BUN <= 17.129 & BaseExcess >= -1.560) & Calcium >= -1.876) | BUN <= -0.169)
",9999999.000,9999999.000,0.000,1.000,0.000,0,0,9,2,2,9,9,2,0.0,0.0,1.0,0.0,0.0,1.0
"G[0,2](Chloride >= 10.099 & HCO3 >= 1.081)
",9999999.000,9999999.000,0.000,1.000,0.000,0,0,1,10,10,1,1,10,0.0,0.0,1.0,0.0,0.0,1.0
"G[0,2]((Hgb <= 4.416 -> PaCO2 <= 10.462) | BUN >= 4.236)
",9999999.000,9999999.000,0.000,1.000,0.000,0,0,9,2,2,9,9,2,0.0,0.0,1.0,0.0,0.0,1.0
"G[0,2]((SaO2 >= 0.000 -> PTT >= 0.083) -> Hct >= 0.437)
",9999999.000,9999999.000,0.000,1.000,0.000,0,0,11,0,0,11,11,0,0.0,0.0,1.0,0.0,0.0,1.0
"G[0,2]((Creatinine >= 0.021 | TroponinI >= 0.000) & Hgb <= 0.000)
",9999999.000,9999999.000,0.000,1.000,0.000,0,0,9,2,2,9,9,2,0.0,0.0,1.0,0.0,0.0,1.0
"G[0,2](((Resp <= 20.930 | TroponinI >= 0.000) | Platelets >= 0.000) | HCO3 <= 0.000)
",9999999.000,9999999.000,0.000,1.000,0.000,0,0,11,0,0,11,11,0,0.0,0.0,1.0,0.0,0.0,1.0
"G[0,2](((Chloride >= 10.368 | Hgb >= 0.907) & DBP >= 0.528) -> TroponinI <= 4.805)
",9999999.000,9999999.000,0.000,1.000,0.000,0,0,11,0,0,11,11,0,0.0,0.0,1.0,0.0,0.0,1.0
"G[0,0](BUN <= 6.837 & Creatinine >= 0.017)
",0.325,0.669,0.000,1.000,0.000,0,0,0,11,11,0,0,11,0.0,0.0,0.0,0.0,0.0,1.0
"G[1,2](((Hgb <= 3.120 | Hct <= 24.954) -> WBC >= 0.985) & Platelets >= 3.854)
",9999999.000,9999999.000,0.000,1.000,0.000,0,0,1,10,10,1,1,10,0.0,0.0,1.0,0.0,0.0,1.0
"G[0,2](Platelets <= 175.363 -> WBC >= 1.042)
",9999999.000,9999999.000,0.000,1.000,0.000,0,0,1,10,10,1,1,10,0.0,0.0,1.0,0.0,0.0,1.0
"G[0,2]((SepsisLabel <= 0.000 -> O2Sat >= 20.746) -> Bilirubin_total <= 93.398)
",9999999.000,9999999.000,0.000,1.000,0.000,0,0,11,0,0,11,11,0,0.0,0.0,1.0,0.0,0.0,1.0
"G[1,2](((Creatinine <= 1.179 & Platelets <= 109.037) | Potassium >= 3.446) | Temp <= 89.323)
",9999999.000,9999999.000,0.000,1.000,0.000,0,0,11,0,0,11,11,0,0.0,0.0,1.0,0.0,0.0,1.0
"G[0,2](((O2Sat <= 99.041 & Alkalinephos >= 0.000) & Temp >= 0.000) & TroponinI <= 0.000)
",9999999.000,9999999.000,0.000,1.000,0.000,0,0,8,3,3,8,8,3,0.0,0.0,1.0,0.0,0.0,1.0
"G[0,2]((TroponinI >= 0.000 & Hgb <= 7.324) -> Chloride <= 8.233)
",9999999.000,9999999.000,0.000,1.000,0.000,0,0,11,0,0,11,11,0,0.0,0.0,1.0,0.0,0.0,1.0
"G[2,2]((BUN >= 0.877 -> MAP <= 77.184) | SBP <= 66.257)
",4662445085299142.000,66.257,0.000,1.000,0.000,0,0,11,0,0,11,11,0,0.0,0.0,1.0,0.0,0.0,1.0
"G[0,1]((HR <= 84.077 -> BaseExcess >= -1.918) & PaCO2 <= -0.150)
",9999999.000,9999999.000,0.000,1.000,0.000,0,0,0,11,11,0,0,11,0.0,0.0,0.0,0.0,0.0,1.0
"G[1,2](Chloride >= 8.831 & HCO3 >= 0.315)
",9999999.000,9999999.000,0.000,1.000,0.000,0,0,2,9,9,2,2,9,0.0,0.0,1.0,0.0,0.0,1.0
"G[2,2](((Phosphate <= 0.687 | BUN <= 4.047) | Bilirubin_total >= 0.743) -> Bilirubin_total >= 0.571)
",-4556270873401898.000,-4.047,0.000,1.000,0.000,0,0,11,0,0,11,11,0,0.0,0.0,1.0,0.0,0.0,1.0
"G[0,2](SaO2 > 0.000 -> SepsisLabel = 0.000)
",9999999.000,9999999.000,0.000,1.000,0.000,0,0,11,0,0,11,11,0,0.0,0.0,1.0,0.0,0.0,1.0
"G[2,2](((TroponinI >= 0.000 & Magnesium <= 1.030) | SaO2 >= 0.156) | SepsisLabel >= 0.073)
",0.000,0.000,0.000,1.000,0.000,0,0,11,0,0,11,11,0,0.0,0.0,1.0,0.0,0.0,1.0
"G[1,2](((SBP >= 51.260 | SBP >= 22.630) -> Hct >= 24.348) -> Potassium <= 126.800)
",9999999.000,9999999.000,0.000,1.000,0.000,0,0,11,0,0,11,11,0,0.0,0.0,1.0,0.0,0.0,1.0
"G[0,2](BUN <= 17.504 & Creatinine >= 0.041)
",9999999.000,9999999.000,0.000,1.000,0.000,0,0,0,11,11,0,0,11,0.0,0.0,0.0,0.0,0.0,1.0
"G[0,2]((HCO3 <= 6.505 | HCO3 >= 0.764) & TroponinI >= 1.221)
",9999999.000,9999999.000,0.000,1.000,0.000,0,0,0,11,11,0,0,11,0.0,0.0,0.0,0.0,0.0,1.0
"G[0,1](((Hgb <= 4.423 | Hct <= 24.843) -> WBC >= 0.137) & Platelets >= 7.232)
",9999999.000,9999999.000,0.000,1.000,0.000,0,0,0,11,11,0,0,11,0.0,0.0,0.0,0.0,0.0,1.0
"G[1,2]((Calcium >= 0.350 -> AST >= 0.000) & WBC <= 0.000)
",9999999.000,9999999.000,0.000,1.000,0.000,0,0,10,1,1,10,10,1,0.0,0.0,1.0,0.0,0.0,1.0
"G[1,2](((Bilirubin_total >= 0.000 -> Temp >= 8.646) & Magnesium <= 32.859) | Fibrinogen <= 29.343)
",9999999.000,9999999.000,0.000,1.000,0.000,0,0,11,0,0,11,11,0,0.0,0.0,1.0,0.0,0.0,1.0
"G[1,2](Platelets <= 31.299 -> WBC >= 0.544)
",9999999.000,9999999.000,0.000,1.000,0.000,0,0,2,9,9,2,2,9,0.0,0.0,1.0,0.0,0.0,1.0
"G[1,2](Alkalinephos <= 0.000 | Glucose >= 1.812)
",9999999.000,9999999.000,0.000,1.000,0.000,0,0,11,0,0,11,11,0,0.0,0.0,1.0,0.0,0.0,1.0
"G[2,2](Creatinine >= 0.056 & Resp <= 26.052)
",-8073499030524470.000,-0.056,0.000,1.000,0.000,0,0,11,0,0,11,11,0,0.0,0.0,1.0,0.0,0.0,1.0
"G[1,2](Chloride >= 10.214 & HCO3 >= 0.504)
",9999999.000,9999999.000,0.000,1.000,0.000,0,0,2,9,9,2,2,9,0.0,0.0,1.0,0.0,0.0,1.0
"G[0,2](((TroponinI <= 0.000 -> Bilirubin_direct <= 0.000) & Creatinine <= 0.000) -> Magnesium <= 0.000)
",9999999.000,9999999.000,0.000,1.000,0.000,0,0,10,1,1,10,10,1,0.0,0.0,1.0,0.0,0.0,1.0
"G[0,2](((HR >= 60.926 | MAP >= 3.997) -> Magnesium >= 16.488) -> pH <= 78.077)
",9999999.000,9999999.000,0.000,1.000,0.000,0,0,11,0,0,11,11,0,0.0,0.0,1.0,0.0,0.0,1.0
"G[0,2](((FiO2 <= 0.169 | HR <= 97.010) -> HCO3 <= 99.058) -> Temp <= 84.384)
",9999999.000,9999999.000,0.000,1.000,0.000,0,0,11,0,0,11,11,0,0.0,0.0,1.0,0.0,0.0,1.0
"G[0,1](BUN <= 19.151 & Creatinine >= 0.045)
",9999999.000,9999999.000,0.000,1.000,0.000,0,0,0,11,11,0,0,11,0.0,0.0,0.0,0.0,0.0,1.0
"G[2,2](((Hgb <= 9.160 | Hct <= 27.705) -> WBC >= 0.527) & Platelets >= 9.711)
",-7798286962607278.000,-27.705,0.000,1.000,0.000,0,0,11,0,0,11,11,0,0.0,0.0,1.0,0.0,0.0,1.0
"G[1,2](Platelets <= 201.829 -> WBC >= 0.910)
",9999999.000,9999999.000,0.000,1.000,0.000,0,0,2,9,9,2,2,9,0.0,0.0,1.0,0.0,0.0,1.0
"G[0,0](HCO3 >= 1.174 & Calcium <= 7.149)
",-1.174,-1.174,0.000,1.000,0.000,0,0,0,11,11,0,0,11,0.0,0.0,0.0,0.0,0.0,1.0
"G[0,2](((Potassium >= 0.132 -> DBP <= 67.978) & HCO3 >= 15.422) & BaseExcess >= 33.840)
",9999999.000,9999999.000,0.000,1.000,0.000,0,0,0,11,11,0,0,11,0.0,0.0,0.0,0.0,0.0,1.0
"G[1,2](Phosphate >= 0.215 -> Magnesium <= 0.436)
",9999999.000,9999999.000,0.000,1.000,0.000,0,0,11,0,0,11,11,0,0.0,0.0,1.0,0.0,0.0,1.0
"G[2,2](Platelets >= 7.215 | FiO2 >= 0.072)
",-0.072,-0.072,0.000,1.000,0.000,0,0,11,0,0,11,11,0,0.0,0.0,1.0,0.0,0.0,1.0
"G[1,2](((Phosphate <= 5.328 | O2Sat >= 77.419) & BUN <= 96.817) | PTT >= 64.814)
",9999999.000,9999999.000,0.000,1.000,0.000,0,0,11,0,0,11,11,0,0.0,0.0,1.0,0.0,0.0,1.0
"G[1,2]((Potassium >= 0.317 -> Resp >= 10.593) | Hgb <= 21.561)
",9999999.000,9999999.000,0.000,1.000,0.000,0,0,11,0,0,11,11,0,0.0,0.0,1.0,0.0,0.0,1.0
"G[1,1](BUN <= 6.346 & Creatinine >= 0.006)
",-0.006,-0.006,0.000,1.000,0.000,0,0,1,10,10,1,1,10,0.0,0.0,1.0,0.0,0.0,1.0
"G[0,1]((SBP <= 119.040 | Alkalinephos >= 0.000) & O2Sat <= 0.000)
",9999999.000,9999999.000,0.000,1.000,0.000,0,0,1,10,10,1,1,10,0.0,0.0,1.0,0.0,0.0,1.0
"G[2,2](BaseExcess >= -1.018 | Hgb >= 0.963)
",1.018,1.018,0.000,1.000,0.000,0,0,11,0,0,11,11,0,0.0,0.0,1.0,0.0,0.0,1.0
"G[0,2](Chloride >= 5.994 & HCO3 >= 0.361)
",9999999.000,9999999.000,0.000,1.000,0.000,0,0,1,10,10,1,1,10,0.0,0.0,1.0,0.0,0.0,1.0
"G[1,2]((WBC >= 0.044 & TroponinI <= 0.000) -> HCO3 <= 0.000)
",9999999.000,9999999.000,0.000,1.000,0.000,0,0,10,1,1,10,10,1,0.0,0.0,1.0,0.0,0.0,1.0
"G[2,2](((Glucose <= 128.205 -> HR <= 96.891) & TroponinI >= 68.392) & O2Sat >= 41.924)
",-128.205,-128.205,0.000,1.000,0.000,0,0,11,0,0,11,11,0,0.0,0.0,1.0,0.0,0.0,1.0
"G[0,2](Phosphate >= 0.019 | O2Sat <= 97.120)
",9999999.000,9999999.000,0.000,1.000,0.000,0,0,6,5,5,6,6,5,0.0,0.0,1.0,0.0,0.0,1.0
"G[2,2](BUN <= 11.812 & Creatinine >= 0.044)
",-6361388472606298.000,-0.044,0.000,1.000,0.000,0,0,11,0,0,11,11,0,0.0,0.0,1.0,0.0,0.0,1.0
"G[1,2](((HCO3 <= 21.588 | TroponinI >= 0.000) & Glucose <= 0.000) & Phosphate <= 0.000)
",9999999.000,9999999.000,0.000,1.000,0.000,0,0,11,0,0,11,11,0,0.0,0.0,1.0,0.0,0.0,1.0
"G[1,2](TroponinI <= 0.000 | Lactate <= 1.004)
",9999999.000,9999999.000,0.000,1.000,0.000,0,0,11,0,0,11,11,0,0.0,0.0,1.0,0.0,0.0,1.0
"G[0,2](((Hgb <= 5.373 | Hct <= 8.707) -> WBC >= 0.586) & Platelets >= 4.462)
",9999999.000,9999999.000,0.000,1.000,0.000,0,0,0,11,11,0,0,11,0.0,0.0,0.0,0.0,0.0,1.0
"G[1,2](Platelets <= 178.782 -> WBC >= 0.848)
",9999999.000,9999999.000,0.000,1.000,0.000,0,0,2,9,9,2,2,9,0.0,0.0,1.0,0.0,0.0,1.0
"G[0,1]((SaO2 >= 0.000 & PTT >= 0.373) & Resp <= 7.944)
",9999999.000,9999999.000,0.000,1.000,0.000,0,0,0,11,11,0,0,11,0.0,0.0,0.0,0.0,0.0,1.0
"G[0,2](((WBC >= 0.839 -> FiO2 >= 0.057) -> WBC <= 0.105) | AST <= 0.311)
",9999999.000,9999999.000,0.000,1.000,0.000,0,0,11,0,0,11,11,0,0.0,0.0,1.0,0.0,0.0,1.0
"G[1,2](Chloride >= 4.206 & HCO3 >= 0.470)
",9999999.000,9999999.000,0.000,1.000,0.000,0,0,2,9,9,2,2,9,0.0,0.0,1.0,0.0,0.0,1.0
"G[0,1](BUN <= 3.320 & Creatinine >= 0.046)
",9999999.000,9999999.000,0.000,1.000,0.000,0,0,0,11,11,0,0,11,0.0,0.0,0.0,0.0,0.0,1.0
"G[0,1](((Hgb <= 5.359 | Hct <= 19.753) -> WBC >= 0.656) & Platelets >= 8.115)
",9999999.000,9999999.000,0.000,1.000,0.000,0,0,0,11,11,0,0,11,0.0,0.0,0.0,0.0,0.0,1.0
"G[1,2](((MAP >= 18.310 & Magnesium >= 0.132) -> PaCO2 >= 0.102) | Fibrinogen >= 0.013)
",9999999.000,9999999.000,0.000,1.000,0.000,0,0,10,1,1,10,10,1,0.0,0.0,1.0,0.0,0.0,1.0
"G[1,2](Platelets <= 170.241 -> WBC >= 0.975)
",9999999.000,9999999.000,0.000,1.000,0.000,0,0,2,9,9,2,2,9,0.0,0.0,1.0,0.0,0.0,1.0
"G[0,2](((Lactate >= 0.044 & EtCO2 >= 0.000) | Phosphate <= 0.000) -> MAP <= 0.000)
",9999999.000,9999999.000,0.000,1.000,0.000,0,0,1,10,10,1,1,10,0.0,0.0,1.0,0.0,0.0,1.0
"G[1,2](((Hct <= 17.851 & HCO3 >= 0.718) | Bilirubin_direct >= 0.058) -> Chloride >= 1.839)
",9999999.000,9999999.000,0.000,1.000,0.000,0,0,11,0,0,11,11,0,0.0,0.0,1.0,0.0,0.0,1.0
"G[0,2](BUN <= 16.551 & Creatinine >= 0.046)
",9999999.000,9999999.000,0.000,1.000,0.000,0,0,0,11,11,0,0,11,0.0,0.0,0.0,0.0,0.0,1.0
"G[0,2](AST <= 0.000 | FiO2 >= 0.004)
",9999999.000,9999999.000,0.000,1.000,0.000,0,0,11,0,0,11,11,0,0.0,0.0,1.0,0.0,0.0,1.0
"G[1,2](Resp >= 3.991 -> O2Sat >= 81.488)
",9999999.000,9999999.000,0.000,1.000,0.000,0,0,11,0,0,11,11,0,0.0,0.0,1.0,0.0,0.0,1.0
"G[0,2](Platelets <= 141.994 -> WBC >= 0.659)
",9999999.000,9999999.000,0.000,1.000,0.000,0,0,1,10,10,1,1,10,0.0,0.0,1.0,0.0,0.0,1.0
"G[1,2](((pH <= 7.326 | AST >= 0.000) & O2Sat <= 0.000) | Platelets >= 0.000)
",9999999.000,9999999.000,0.000,1.000,0.000,0,0,11,0,0,11,11,0,0.0,0.0,1.0,0.0,0.0,1.0
"G[0,2](MAP <= 67.363 & EtCO2 <= 0.000)
",9999999.000,9999999.000,0.000,1.000,0.000,0,0,2,9,9,2,2,9,0.0,0.0,1.0,0.0,0.0,1.0
"G[2,2](((Hgb <= 5.542 | Hct <= 27.000) -> WBC >= 1.048) & Platelets >= 6.693)
",-27.000,-27.000,0.000,1.000,0.000,0,0,11,0,0,11,11,0,0.0,0.0,1.0,0.0,0.0,1.0
"G[2,2](((Hgb >= 1.256 | Bilirubin_direct >= 0.000) -> WBC >= 0.000) | O2Sat <= 0.000)
",0.000,0.000,0.000,1.000,0.000,0,0,11,0,0,11,11,0,0.0,0.0,1.0,0.0,0.0,1.0
"G[2,2](((SBP <= 127.211 -> Bilirubin_direct <= 0.000) | PaCO2 >= 0.000) | PaCO2 <= 0.000)
",0.000,0.000,0.000,1.000,0.000,0,0,11,0,0,11,11,0,0.0,0.0,1.0,0.0,0.0,1.0
"G[0,2](Temp >= 5.456 | HCO3 >= 0.179)
",9999999.000,9999999.000,0.000,1.000,0.000,0,0,1,10,10,1,1,10,0.0,0.0,1.0,0.0,0.0,1.0
"G[0,2]((Temp <= 20.787 & O2Sat <= 93.896) & Potassium >= 30.636)
",9999999.000,9999999.000,0.000,1.000,0.000,0,0,0,11,11,0,0,11,0.0,0.0,0.0,0.0,0.0,1.0
"G[1,2](Creatinine >= 0.014 -> WBC >= 0.770)
",9999999.000,9999999.000,0.000,1.000,0.000,0,0,11,0,0,11,11,0,0.0,0.0,1.0,0.0,0.0,1.0
"G[0,1](BUN <= 15.122 & Creatinine >= 0.032)
",9999999.000,9999999.000,0.000,1.000,0.000,0,0,0,11,11,0,0,11,0.0,0.0,0.0,0.0,0.0,1.0
"G[1,2]((Magnesium <= 1.593 | Calcium >= 0.185) -> BaseExcess <= 4.599)
",9999999.000,9999999.000,0.000,1.000,0.000,0,0,11,0,0,11,11,0,0.0,0.0,1.0,0.0,0.0,1.0
"G[0,2](((BaseExcess <= -0.129 | HR >= 69.911) -> EtCO2 >= 49.098) | SepsisLabel <= 94.834)
",9999999.000,9999999.000,0.000,1.000,0.000,0,0,11,0,0,11,11,0,0.0,0.0,1.0,0.0,0.0,1.0
"G[1,2](BUN <= 11.613 & Creatinine >= 0.041)
",9999999.000,9999999.000,0.000,1.000,0.000,0,0,1,10,10,1,1,10,0.0,0.0,1.0,0.0,0.0,1.0
"G[2,2](pH <= 6.212 | O2Sat <= 93.908)
",93.908,93.908,0.000,1.000,0.000,0,0,11,0,0,11,11,0,0.0,0.0,1.0,0.0,0.0,1.0
"G[0,1](((Hgb <= 5.084 | Hct <= 11.048) -> WBC >= 0.923) & Platelets >= 9.863)
",9999999.000,9999999.000,0.000,1.000,0.000,0,0,0,11,11,0,0,11,0.0,0.0,0.0,0.0,0.0,1.0
"G[1,1]((Bilirubin_direct <= 0.000 | pH >= 0.014) & Phosphate >= 0.343)
",-6179293597441826.000,-0.343,0.000,1.000,0.000,0,0,1,10,10,1,1,10,0.0,0.0,1.0,0.0,0.0,1.0
"G[0,2]((Hgb >= 0.932 & Resp <= 25.079) | WBC <= 26.211)
",9999999.000,9999999.000,0.000,1.000,0.000,0,0,11,0,0,11,11,0,0.0,0.0,1.0,0.0,0.0,1.0
"G[0,1](BUN <= 9.135 & Creatinine >= 0.031)
",9999999.000,9999999.000,0.000,1.000,0.000,0,0,0,11,11,0,0,11,0.0,0.0,0.0,0.0,0.0,1.0
"G[1,2]((DBP >= 25.562 -> FiO2 >= 0.071) -> BaseExcess >= 0.065)
",9999999.000,9999999.000,0.000,1.000,0.000,0,0,4,7,7,4,4,7,0.0,0.0,1.0,0.0,0.0,1.0
"G[2,2](((Hgb <= 5.236 | Hct <= 20.329) -> WBC >= 0.288) & Platelets >= 10.189)
",-20.329,-20.329,0.000,1.000,0.000,0,0,11,0,0,11,11,0,0.0,0.0,1.0,0.0,0.0,1.0
"G[1,2](HCO3 >= 1.849 -> Resp <= 18.450)
",9999999.000,9999999.000,0.000,1.000,0.000,0,0,11,0,0,11,11,0,0.0,0.0,1.0,0.0,0.0,1.0
"G[2,2](((PaCO2 <= 28.145 | Fibrinogen <= 0.000) | BUN >= 0.000) | PTT >= 0.000)
",28.145,28.145,0.000,1.000,0.000,0,0,11,0,0,11,11,0,0.0,0.0,1.0,0.0,0.0,1.0
"G[0,2](Hct < 25.577 -> SepsisLabel = 0.000)
",9999999.000,9999999.000,0.000,1.000,0.000,0,0,11,0,0,11,11,0,0.0,0.0,1.0,0.0,0.0,1.0
"G[0,2]((pH <= 5.920 | Potassium >= 0.380) & PTT <= 2.884)
",9999999.000,9999999.000,0.000,1.000,0.000,0,0,7,4,4,7,7,4,0.0,0.0,1.0,0.0,0.0,1.0
"G[1,2](BaseExcess <= -0.189 -> Temp >= 6.371)
",9999999.000,9999999.000,0.000,1.000,0.000,0,0,11,0,0,11,11,0,0.0,0.0,1.0,0.0,0.0,1.0
"G[0,2](Chloride >= 9.096 & Glucose >= 4.899)
",9999999.000,9999999.000,0.000,1.000,0.000,0,0,0,11,11,0,0,11,0.0,0.0,0.0,0.0,0.0,1.0
"G[1,2]((BUN >= 0.403 | Platelets >= 5.407) -> SaO2 <= 85.319)
",9999999.000,9999999.000,0.000,1.000,0.000,0,0,11,0,0,11,11,0,0.0,0.0,1.0,0.0,0.0,1.0
"G[2,2](((Calcium <= 6.720 -> DBP <= 64.039) & HCO3 >= 11.341) & Bilirubin_total <= 60.804)
",-4506345666233197.000,-64.039,0.000,1.000,0.000,0,0,11,0,0,11,11,0,0.0,0.0,1.0,0.0,0.0,1.0
"G[1,2](Lactate >= 0.013 | pH >= 2.578)
",9999999.000,9999999.000,0.000,1.000,0.000,0,0,5,6,6,5,5,6,0.0,0.0,1.0,0.0,0.0,1.0
"G[0,2](O2Sat <= 94.272 | pH <= 6.991)
",9999999.000,9999999.000,0.000,1.000,0.000,0,0,7,4,4,7,7,4,0.0,0.0,1.0,0.0,0.0,1.0
"G[0,2]((Magnesium <= 0.906 | Temp >= 6.541) | SBP >= 0.142)
",9999999.000,9999999.000,0.000,1.000,0.000,0,0,11,0,0,11,11,0,0.0,0.0,1.0,0.0,0.0,1.0
"G[0,0](((BUN >= 1.180 & Temp >= 5.746) & Calcium >= 4.674) & Phosphate >= 0.454)
",-14.856,-4.781,0.000,1.000,0.000,0,0,0,11,11,0,0,11,0.0,0.0,0.0,0.0,0.0,1.0
"G[1,2]((Platelets <= 59.871 -> WBC >= 0.337) -> WBC <= 3.190)
",9999999.000,9999999.000,0.000,1.000,0.000,0,0,10,1,1,10,10,1,0.0,0.0,1.0,0.0,0.0,1.0
"G[2,2](((Chloride <= 84.239 -> FiO2 <= 0.146) & Chloride <= 0.092) | SBP >= 0.025)
",-0.025,-0.025,0.000,1.000,0.000,0,0,11,0,0,11,11,0,0.0,0.0,1.0,0.0,0.0,1.0
"G[0,2]((FiO2 <= 0.486 -> WBC <= 8.451) | Bilirubin_total <= 7.820)
",9999999.000,9999999.000,0.000,1.000,0.000,0,0,11,0,0,11,11,0,0.0,0.0,1.0,0.0,0.0,1.0
"G[0,2]((Magnesium <= 0.579 | Platelets >= 7.975) | Calcium >= 3.153)
",9999999.000,9999999.000,0.000,1.000,0.000,0,0,10,1,1,10,10,1,0.0,0.0,1.0,0.0,0.0,1.0
"G[1,2](((FiO2 >= 0.003 -> Hgb <= 7.669) | HCO3 <= 2.127) & O2Sat >= 0.783)
",9999999.000,9999999.000,0.000,1.000,0.000,0,0,11,0,0,11,11,0,0.0,0.0,1.0,0.0,0.0,1.0
"G[0,2](((FiO2 <= 0.334 -> pH <= 4.639) & Potassium <= 3.976) | Fibrinogen <= 3.584)
",9999999.000,9999999.000,0.000,1.000,0.000,0,0,11,0,0,11,11,0,0.0,0.0,1.0,0.0,0.0,1.0
"G[1,2](((Glucose >= 0.336 -> WBC <= 4.343) -> EtCO2 <= 9.767) | AST <= 8.810)
",9999999.000,9999999.000,0.000,1.000,0.000,0,0,11,0,0,11,11,0,0.0,0.0,1.0,0.0,0.0,1.0
"G[0,2]((SBP <= 131.128 | Temp <= 35.111) -> Calcium <= 25.795)
",9999999.000,9999999.000,0.000,1.000,0.000,0,0,11,0,0,11,11,0,0.0,0.0,1.0,0.0,0.0,1.0
"G[0,2](((HR >= 36.529 | Lactate >= 0.022) -> Fibrinogen >= 0.007) -> BaseExcess >= 0.025)
",9999999.000,9999999.000,0.000,1.000,0.000,0,0,10,1,1,10,10,1,0.0,0.0,1.0,0.0,0.0,1.0
"G[0,2](HCO3 <= 21.977 & Hgb <= 3.704)
",9999999.000,9999999.000,0.000,1.000,0.000,0,0,9,2,2,9,9,2,0.0,0.0,1.0,0.0,0.0,1.0
"G[2,2](((Hgb <= 5.091 & O2Sat <= 98.948) & Bilirubin_direct >= 17.179) & BUN <= 95.452)
",-4835416844748666.000,-17.179,0.000,1.000,0.000,0,0,11,0,0,11,11,0,0.0,0.0,1.0,0.0,0.0,1.0
"G[0,2](((BUN <= 15.873 & Hgb <= 6.708) & O2Sat >= 1.235) & SepsisLabel <= 8.949)
",9999999.000,9999999.000,0.000,1.000,0.000,0,0,8,3,3,8,8,3,0.0,0.0,1.0,0.0,0.0,1.0
"G[0,2]((HR <= 94.925 & SBP >= 6.989) | Calcium <= 107.899)
",9999999.000,9999999.000,0.000,1.000,0.000,0,0,11,0,0,11,11,0,0.0,0.0,1.0,0.0,0.0,1.0
"G[1,2](HCO3 >= 1.129 -> Potassium <= 4.392)
",9999999.000,9999999.000,0.000,1.000,0.000,0,0,10,1,1,10,10,1,0.0,0.0,1.0,0.0,0.0,1.0
"G[0,2](((Creatinine >= 0.037 | FiO2 >= 0.079) | TroponinI >= 0.016) -> Lactate <= 0.256)
",9999999.000,9999999.000,0.000,1.000,0.000,0,0,11,0,0,11,11,0,0.0,0.0,1.0,0.0,0.0,1.0
"G[1,2](((BaseExcess <= -0.093 | MAP >= 65.213) | Bilirubin_direct <= 66.954) -> PTT <= 75.653)
",9999999.000,9999999.000,0.000,1.000,0.000,0,0,11,0,0,11,11,0,0.0,0.0,1.0,0.0,0.0,1.0
"G[0,2]((Glucose >= 2.040 & Potassium >= 0.251) | Resp >= 0.398)
",9999999.000,9999999.000,0.000,1.000,0.000,0,0,9,2,2,9,9,2,0.0,0.0,1.0,0.0,0.0,1.0
"G[1,2]((SaO2 >= 0.000 -> Magnesium >= 0.009) | BaseExcess <= 1.141)
",9999999.000,9999999.000,0.000,1.000,0.000,0,0,11,0,0,11,11,0,0.0,0.0,1.0,0.0,0.0,1.0
"G[1,1](((Resp <= 23.759 -> SBP >= 79.935) | SBP >= 71.596) & Fibrinogen >= 39.308)
",-5532164256064370.000,-39.308,0.000,1.000,0.000,0,0,1,10,10,1,1,10,0.0,0.0,1.0,0.0,0.0,1.0
"G[0,0](((BaseExcess >= -0.710 -> pH >= 1.806) -> FiO2 <= 5.823) -> EtCO2 >= 2.520)
",-2.123,-16.080,0.000,1.000,0.000,0,0,0,11,11,0,0,11,0.0,0.0,0.0,0.0,0.0,1.0
"G[1,2]((Creatinine >= 0.049 -> PaCO2 <= 22.608) -> TroponinI <= 26.246)
",9999999.000,9999999.000,0.000,1.000,0.000,0,0,11,0,0,11,11,0,0.0,0.0,1.0,0.0,0.0,1.0
"G[0,2](((Creatinine >= 0.055 -> Hct <= 7.182) -> SBP <= 23.954) & Bilirubin_total >= 4.192)
",9999999.000,9999999.000,0.000,1.000,0.000,0,0,0,11,11,0,0,11,0.0,0.0,0.0,0.0,0.0,1.0
"G[0,2](Glucose >= 3.401 | PaCO2 <= 31.281)
",9999999.000,9999999.000,0.000,1.000,0.000,0,0,8,3,3,8,8,3,0.0,0.0,1.0,0.0,0.0,1.0
"G[0,2]((PaCO2 >= 4.873 | Phosphate <= 4.968) & SaO2 <= 3.369)
",9999999.000,9999999.000,0.000,1.000,0.000,0,0,11,0,0,11,11,0,0.0,0.0,1.0,0.0,0.0,1.0
"G[1,2](((Calcium >= 0.090 | Hgb >= 0.906) & TroponinI >= 0.144) -> Bilirubin_direct <= 5.083)
",9999999.000,9999999.000,0.000,1.000,0.000,0,0,11,0,0,11,11,0,0.0,0.0,1.0,0.0,0.0,1.0
"G[0,2](((Hct >= 6.213 -> PTT >= 0.576) -> HCO3 >= 0.738) -> Hgb <= 2.575)
",9999999.000,9999999.000,0.000,1.000,0.000,0,0,9,2,2,9,9,2,0.0,0.0,1.0,0.0,0.0,1.0
"G[2,2]((BUN >= 0.739 | Hct <= 9.223) | Lactate <= 6.543)
",9.223,9.223,0.000,1.000,0.000,0,0,11,0,0,11,11,0,0.0,0.0,1.0,0.0,0.0,1.0
"G[0,2](DBP >= 19.845 | O2Sat <= 98.603)
",9999999.000,9999999.000,0.000,1.000,0.000,0,0,11,0,0,11,11,0,0.0,0.0,1.0,0.0,0.0,1.0
"G[1,2]((Hct >= 3.774 -> WBC <= 3.472) | SaO2 >= 0.586)
",9999999.000,9999999.000,0.000,1.000,0.000,0,0,10,1,1,10,10,1,0.0,0.0,1.0,0.0,0.0,1.0
"G[1,2](((Resp >= 8.473 -> WBC <= 5.828) | Hgb <= 7.163) & MAP <= 4.468)
",9999999.000,9999999.000,0.000,1.000,0.000,0,0,1,10,10,1,1,10,0.0,0.0,1.0,0.0,0.0,1.0
"G[0,2](((MAP >= 64.668 & Resp >= 10.685) & Creatinine <= 22.527) -> BUN <= 22.705)
",9999999.000,9999999.000,0.000,1.000,0.000,0,0,11,0,0,11,11,0,0.0,0.0,1.0,0.0,0.0,1.0
"G[0,2](PaCO2 >= 1.868 & Temp >= 3.394)
",9999999.000,9999999.000,0.000,1.000,0.000,0,0,0,11,11,0,0,11,0.0,0.0,0.0,0.0,0.0,1.0
"G[2,2]((pH >= 2.630 & Phosphate >= 0.179) | PaCO2 <= 4.086)
",4.086,4.086,0.000,1.000,0.000,0,0,11,0,0,11,11,0,0.0,0.0,1.0,0.0,0.0,1.0
"G[0,2]((DBP <= 61.906 & WBC <= 3.934) | SepsisLabel >= 0.824)
",9999999.000,9999999.000,0.000,1.000,0.000,0,0,7,4,4,7,7,4,0.0,0.0,1.0,0.0,0.0,1.0
"G[2,2]((BUN >= 0.795 -> DBP >= 12.943) & Creatinine <= 46.118)
",0.795,0.795,0.000,1.000,0.000,0,0,11,0,0,11,11,0,0.0,0.0,1.0,0.0,0.0,1.0
"G[0,2](DBP >= 11.488 & Magnesium <= 1.413)
",9999999.000,9999999.000,0.000,1.000,0.000,0,0,5,6,6,5,5,6,0.0,0.0,1.0,0.0,0.0,1.0
"G[0,2]((Hct <= 26.873 & pH <= 7.130) | BUN <= 5.490)
",9999999.000,9999999.000,0.000,1.000,0.000,0,0,10,1,1,10,10,1,0.0,0.0,1.0,0.0,0.0,1.0
"G[1,2]((Calcium <= 2.852 | WBC >= 0.807) | O2Sat >= 0.211)
",9999999.000,9999999.000,0.000,1.000,0.000,0,0,11,0,0,11,11,0,0.0,0.0,1.0,0.0,0.0,1.0
"G[0,0](((Chloride >= 7.670 & PaCO2 <= 16.763) | PaCO2 >= 2.034) & Fibrinogen >= 7.114)
",-1.747,-5.974,0.000,1.000,0.000,0,0,0,11,11,0,0,11,0.0,0.0,0.0,0.0,0.0,1.0
"G[1,2](((Magnesium <= 1.528 | PaCO2 <= 19.873) -> WBC >= 6.492) | O2Sat >= 0.335)
",9999999.000,9999999.000,0.000,1.000,0.000,0,0,11,0,0,11,11,0,0.0,0.0,1.0,0.0,0.0,1.0
"G[0,2](((PaCO2 >= 0.854 & Potassium >= 0.221) -> AST <= 3.881) -> SepsisLabel >= 0.366)
",9999999.000,9999999.000,0.000,1.000,0.000,0,0,0,11,11,0,0,11,0.0,0.0,0.0,0.0,0.0,1.0
"G[2,2](((Phosphate >= 0.127 | Platelets >= 7.456) -> BUN <= 114.570) | EtCO2 >= 9.575)
",-9.575,-9.575,0.000,1.000,0.000,0,0,11,0,0,11,11,0,0.0,0.0,1.0,0.0,0.0,1.0
"G[1,2](((O2Sat <= 95.462 | PaCO2 <= 22.966) -> EtCO2 <= 26.833) -> AST >= 5.532)
",9999999.000,9999999.000,0.000,1.000,0.000,0,0,1,10,10,1,1,10,0.0,0.0,1.0,0.0,0.0,1.0
"G[1,2](((BaseExcess >= -0.333 & Potassium >= 0.378) | TroponinI >= 0.002) | Calcium <= 3.899)
",9999999.000,9999999.000,0.000,1.000,0.000,0,0,11,0,0,11,11,0,0.0,0.0,1.0,0.0,0.0,1.0
"G[1,2](((DBP <= 43.385 -> Temp >= 2.928) | DBP <= 28.139) | Lactate >= 7.338)
",9999999.000,9999999.000,0.000,1.000,0.000,0,0,11,0,0,11,11,0,0.0,0.0,1.0,0.0,0.0,1.0
"G[1,1]((Glucose >= 2.463 | O2Sat >= 36.925) -> Phosphate >= 9.961)
",5545829847729994.000,2.463,0.000,1.000,0.000,0,0,1,10,10,1,1,10,0.0,0.0,1.0,0.0,0.0,1.0
"G[0,2](O2Sat <= 98.164 & Phosphate >= 0.075)
",9999999.000,9999999.000,0.000,1.000,0.000,0,0,0,11,11,0,0,11,0.0,0.0,0.0,0.0,0.0,1.0
"G[0,2](BaseExcess > -1.279 -> SepsisLabel = 0.000)
",9999999.000,9999999.000,0.000,1.000,0.000,0,0,11,0,0,11,11,0,0.0,0.0,1.0,0.0,0.0,1.0
"G[1,1]((FiO2 <= 0.132 | Hct >= 3.901) & Platelets >= 2.370)
",-2.370,-2.370,0.000,1.000,0.000,0,0,1,10,10,1,1,10,0.0,0.0,1.0,0.0,0.0,1.0
"G[1,2](((Glucose <= 71.459 & Lactate <= 0.845) & Magnesium <= 0.697) -> Lactate <= 0.796)
",9999999.000,9999999.000,0.000,1.000,0.000,0,0,11,0,0,11,11,0,0.0,0.0,1.0,0.0,0.0,1.0
"G[1,2]((Phosphate >= 0.118 -> PTT >= 0.482) & Bilirubin_total <= 1.400)
",9999999.000,9999999.000,0.000,1.000,0.000,0,0,11,0,0,11,11,0,0.0,0.0,1.0,0.0,0.0,1.0
"G[0,2](Creatinine >= 0.034 & PTT >= 0.298)
",9999999.000,9999999.000,0.000,1.000,0.000,0,0,0,11,11,0,0,11,0.0,0.0,0.0,0.0,0.0,1.0
"G[1,2](((Calcium >= 0.051 & PTT <= 5.653) & Alkalinephos >= 0.398) & Bilirubin_total <= 13.638)
",9999999.000,9999999.000,0.000,1.000,0.000,0,0,1,10,10,1,1,10,0.0,0.0,1.0,0.0,0.0,1.0
"G[0,2](Glucose <= 29.103 | PTT >= 0.318)
",9999999.000,9999999.000,0.000,1.000,0.000,0,0,10,1,1,10,10,1,0.0,0.0,1.0,0.0,0.0,1.0
"G[1,2](((Hgb >= 0.910 | Temp >= 8.878) & Hgb >= 2.803) | Bilirubin_direct <= 27.679)
",9999999.000,9999999.000,0.000,1.000,0.000,0,0,11,0,0,11,11,0,0.0,0.0,1.0,0.0,0.0,1.0
"G[1,2](((HCO3 >= 0.718 | HR >= 28.928) -> SBP <= 82.503) & HR >= 8.226)
",9999999.000,9999999.000,0.000,1.000,0.000,0,0,1,10,10,1,1,10,0.0,0.0,1.0,0.0,0.0,1.0
"G[2,2]((BUN >= 1.170 -> Magnesium >= 0.148) & Bilirubin_total >= 0.143)
",-0.143,-0.143,0.000,1.000,0.000,0,0,11,0,0,11,11,0,0.0,0.0,1.0,0.0,0.0,1.0
"G[2,2](Alkalinephos < 0.000 -> SepsisLabel = 0.000)
",0.000,0.000,0.000,1.000,0.000,0,0,11,0,0,11,11,0,0.0,0.0,1.0,0.0,0.0,1.0
"G[0,2](Potassium >= 0.145 & SepsisLabel = 0.000)
",9999999.000,9999999.000,0.000,1.000,0.000,0,0,1,10,10,1,1,10,0.0,0.0,1.0,0.0,0.0,1.0
"G[1,2](((HR >= 9.976 -> Phosphate <= 1.224) & Temp >= 0.197) | O2Sat >= 0.199)
",9999999.000,9999999.000,0.000,1.000,0.000,0,0,11,0,0,11,11,0,0.0,0.0,1.0,0.0,0.0,1.0
"G[0,2](BaseExcess >= -1.908 -> SepsisLabel = 0.000)
",9999999.000,9999999.000,0.000,1.000,0.000,0,0,11,0,0,11,11,0,0.0,0.0,1.0,0.0,0.0,1.0
"G[0,2](MAP >= 37.250 -> PTT <= 22.134)
",9999999.000,9999999.000,0.000,1.000,0.000,0,0,10,1,1,10,10,1,0.0,0.0,1.0,0.0,0.0,1.0
"G[0,2](Temp < 34.390 & SepsisLabel = 0.000)
",9999999.000,9999999.000,0.000,1.000,0.000,0,0,5,6,6,5,5,6,0.0,0.0,1.0,0.0,0.0,1.0
"G[0,2](((SepsisLabel >= 0.000 & BaseExcess >= -1.986) | AST <= -0.059) -> Bilirubin_total >= -0.379)
",9999999.000,9999999.000,0.000,1.000,0.000,0,0,11,0,0,11,11,0,0.0,0.0,1.0,0.0,0.0,1.0
"G[2,2]((SBP >= 90.495 -> HR >= 32.805) -> Magnesium >= 12.093)
",-4616916367363914.000,-32.805,0.000,1.000,0.000,0,0,11,0,0,11,11,0,0.0,0.0,1.0,0.0,0.0,1.0
"G[0,2](Magnesium >= 0.016 | HR <= 94.180)
",9999999.000,9999999.000,0.000,1.000,0.000,0,0,7,4,4,7,7,4,0.0,0.0,1.0,0.0,0.0,1.0
"G[1,2](((PTT >= 0.625 & WBC <= 11.087) -> Temp >= 0.387) -> HR <= 3.649)
",9999999.000,9999999.000,0.000,1.000,0.000,0,0,1,10,10,1,1,10,0.0,0.0,1.0,0.0,0.0,1.0
"G[2,2]((Magnesium <= 1.353 | PTT <= 15.531) -> Bilirubin_direct <= 16.929)
",-16.929,-16.929,0.000,1.000,0.000,0,0,11,0,0,11,11,0,0.0,0.0,1.0,0.0,0.0,1.0
"G[2,2]((Lactate >= 0.057 & Potassium >= 0.134) | Glucose >= 0.428)
",-4823876216153309.000,-0.134,0.000,1.000,0.000,0,0,11,0,0,11,11,0,0.0,0.0,1.0,0.0,0.0,1.0
"G[1,1](Alkalinephos > 0.000 & SepsisLabel = 0.000)
",0.000,0.000,0.000,1.000,0.000,0,0,1,10,10,1,1,10,0.0,0.0,1.0,0.0,0.0,1.0
"G[0,2](SepsisLabel <= 0.000 -> SepsisLabel = 0.000)
",9999999.000,9999999.000,0.000,1.000,0.000,0,0,11,0,0,11,11,0,0.0,0.0,1.0,0.0,0.0,1.0
"G[1,2]((BaseExcess <= -0.114 & Chloride <= 84.680) | Bilirubin_direct <= 40.341)
",9999999.000,9999999.000,0.000,1.000,0.000,0,0,11,0,0,11,11,0,0.0,0.0,1.0,0.0,0.0,1.0
"G[2,2]((MAP >= 2.471 | WBC <= 3.051) -> Temp >= 0.250)
",-6870866600553037.000,-3.051,0.000,1.000,0.000,0,0,11,0,0,11,11,0,0.0,0.0,1.0,0.0,0.0,1.0
"G[0,2](((BUN <= 21.555 & WBC >= 0.045) & Chloride <= 2.291) -> Chloride <= 6.925)
",9999999.000,9999999.000,0.000,1.000,0.000,0,0,11,0,0,11,11,0,0.0,0.0,1.0,0.0,0.0,1.0
"G[1,2](FiO2 >= 0.031 -> HR <= 94.285)
",9999999.000,9999999.000,0.000,1.000,0.000,0,0,11,0,0,11,11,0,0.0,0.0,1.0,0.0,0.0,1.0
"G[0,2]((DBP <= 65.175 -> Lactate >= 0.060) -> Bilirubin_direct <= 0.476)
",9999999.000,9999999.000,0.000,1.000,0.000,0,0,11,0,0,11,11,0,0.0,0.0,1.0,0.0,0.0,1.0
"G[2,2](BUN >= 0.613 -> SepsisLabel = 0.000)
",0.000,0.000,0.000,1.000,0.000,0,0,11,0,0,11,11,0,0.0,0.0,1.0,0.0,0.0,1.0
"G[1,2](Platelets <= 190.977 & SepsisLabel = 0.000)
",9999999.000,9999999.000,0.000,1.000,0.000,0,0,11,0,0,11,11,0,0.0,0.0,1.0,0.0,0.0,1.0
"G[1,2](Platelets <= 224.883 -> WBC >= 0.190)
",9999999.000,9999999.000,0.000,1.000,0.000,0,0,2,9,9,2,2,9,0.0,0.0,1.0,0.0,0.0,1.0
"G[0,2]((BUN <= 21.369 & O2Sat >= 35.391) | Hgb >= 54.033)
",9999999.000,9999999.000,0.000,1.000,0.000,0,0,9,2,2,9,9,2,0.0,0.0,1.0,0.0,0.0,1.0
"G[0,2](((HCO3 >= 0.888 -> O2Sat <= 92.776) -> BaseExcess >= 25.609) -> Platelets <= 95.617)
",9999999.000,9999999.000,0.000,1.000,0.000,0,0,10,1,1,10,10,1,0.0,0.0,1.0,0.0,0.0,1.0
"G[2,2]((Magnesium >= 0.077 & O2Sat >= 86.565) | Creatinine <= 96.876)
",96.876,96.876,0.000,1.000,0.000,0,0,11,0,0,11,11,0,0.0,0.0,1.0,0.0,0.0,1.0
"G[0,0](((BaseExcess <= -0.037 | Resp <= 17.601) & SepsisLabel >= 5.727) & WBC >= 5.788)
",-315.400,-5.782,0.000,1.000,0.000,0,0,0,11,11,0,0,11,0.0,0.0,0.0,0.0,0.0,1.0
"G[1,2](Lactate >= 0.064 & SepsisLabel = 0.000)
",9999999.000,9999999.000,0.000,1.000,0.000,0,0,1,10,10,1,1,10,0.0,0.0,1.0,0.0,0.0,1.0
"G[1,2]((HR <= 100.543 -> Temp <= 30.920) & Potassium <= 27.168)
",9999999.000,9999999.000,0.000,1.000,0.000,0,0,6,5,5,6,6,5,0.0,0.0,1.0,0.0,0.0,1.0
"G[2,2]((PaCO2 >= 1.671 & SBP <= 112.913) | Potassium <= 119.444)
",119.444,119.444,0.000,1.000,0.000,0,0,11,0,0,11,11,0,0.0,0.0,1.0,0.0,0.0,1.0
"G[1,2](Calcium <= 5.508 -> SepsisLabel = 0.000)
",9999999.000,9999999.000,0.000,1.000,0.000,0,0,11,0,0,11,11,0,0.0,0.0,1.0,0.0,0.0,1.0
"G[1,2]((BaseExcess <= -0.155 & Lactate >= 0.016) | Phosphate <= 1.410)
",9999999.000,9999999.000,0.000,1.000,0.000,0,0,11,0,0,11,11,0,0.0,0.0,1.0,0.0,0.0,1.0
"G[2,2](PTT >= 0.370 -> WBC >= 0.215)
",7730361795853242.000,0.215,0.000,1.000,0.000,0,0,11,0,0,11,11,0,0.0,0.0,1.0,0.0,0.0,1.0
"G[0,2](Lactate <= 1.232 -> Magnesium >= 0.086)
",9999999.000,9999999.000,0.000,1.000,0.000,0,0,1,10,10,1,1,10,0.0,0.0,1.0,0.0,0.0,1.0
"G[1,2](((Potassium >= 0.197 | PTT <= 14.442) | Bilirubin_total >= 0.551) | Resp <= 17.001)
",9999999.000,9999999.000,0.000,1.000,0.000,0,0,11,0,0,11,11,0,0.0,0.0,1.0,0.0,0.0,1.0
"G[1,2]((BaseExcess <= -0.147 & Phosphate >= 0.126) & SBP >= 0.130)
",9999999.000,9999999.000,0.000,1.000,0.000,0,0,1,10,10,1,1,10,0.0,0.0,1.0,0.0,0.0,1.0
"G[0,1](((Hgb <= 5.191 & HR <= 80.706) -> Hct <= 95.798) -> PaCO2 >= 45.230)
",9999999.000,9999999.000,0.000,1.000,0.000,0,0,0,11,11,0,0,11,0.0,0.0,0.0,0.0,0.0,1.0
