Rule,Discrimination Score,Pos Robustness,Neg Robustness,Percent Class +,Percent Class -,TP,TN,FP,FN,Actual Yes,Actual No,Predicted Yes,Predicted No,TPR/Sens,TNR/Spec,FPR,Precision,Accuracy,MCR
"F[0,0]((Creatinine >= 0.015 & Temp <= 14.311) & AST >= 1.431)
",-81.132,-83.355,0.000,0.000,1.000,13,0,0,0,13,0,13,0,1.0,0,0,1.0,1.04,-0.040000000000000036
"F[0,0](((Calcium < 0.000 & Potassium < 3.487) & Magnesium < 0.730) & Phosphate < 0.000)
",-0.302,-0.167,0.000,0.000,1.000,13,0,0,0,13,0,13,0,1.0,0,0,1.0,1.04,-0.040000000000000036
"F[0,0]((BUN <= 5.914 -> Magnesium >= 0.065) & O2Sat <= 0.320)
",-8.524,-77.430,0.000,0.000,1.000,13,0,0,0,13,0,13,0,1.0,0,0,1.0,1.04,-0.040000000000000036
"((Platelets >= 4.823) U[1,2] (SepsisLabel = 0.000))
",-9999999.000,-9999999.000,0.000,0.000,1.000,12,0,0,1,13,0,12,1,0.9230769230769231,0,0,1.0,0.96,0.040000000000000036
"F[0,1]((Calcium <= 0.000 & Potassium <= 1.649) & Magnesium >= 0.050)
",-9999999.000,-9999999.000,0.000,0.000,1.000,12,0,0,1,13,0,12,1,0.9230769230769231,0,0,1.0,0.96,0.040000000000000036
"F[0,1]((Calcium <= 0.000 & Potassium <= 1.264) & Magnesium >= 0.148)
",-9999999.000,-9999999.000,0.000,0.000,1.000,12,0,0,1,13,0,12,1,0.9230769230769231,0,0,1.0,0.96,0.040000000000000036
"F[0,1]((Magnesium <= 0.248 & Platelets >= 0.043) & Temp <= 122.305)
",-9999999.000,-9999999.000,0.000,0.000,1.000,12,0,0,1,13,0,12,1,0.9230769230769231,0,0,1.0,0.96,0.040000000000000036
"((Alkalinephos < 0.000) U[1,1] (SepsisLabel = 0.000))
",0.000,0.000,0.000,0.000,1.000,12,0,0,1,13,0,12,1,0.9230769230769231,0,0,1.0,0.96,0.040000000000000036
"F[0,0](((PaCO2 >= 2.616 | Temp >= 1.374) | BUN <= 11.534) -> Platelets >= 1.039)
",-93.725,-96.293,0.000,0.000,1.000,12,0,0,1,13,0,12,1,0.9230769230769231,0,0,1.0,0.96,0.040000000000000036
"F[0,1](((HCO3 <= 8.610 & Platelets >= 2.760) & BUN <= 138.250) & Alkalinephos >= 3.393)
",-9999999.000,-9999999.000,0.000,0.000,1.000,12,0,0,1,13,0,12,1,0.9230769230769231,0,0,1.0,0.96,0.040000000000000036
"F[0,1]((Glucose <= 48.088 -> Resp <= 24.621) & Fibrinogen >= 10.041)
",-9999999.000,-9999999.000,0.000,0.000,1.000,12,0,0,1,13,0,12,1,0.9230769230769231,0,0,1.0,0.96,0.040000000000000036
"((Creatinine >= 0.028) U[1,1] (FiO2 >= 0.037))
",-0.028,-0.028,0.000,0.000,1.000,12,0,0,1,13,0,12,1,0.9230769230769231,0,0,1.0,0.96,0.040000000000000036
"((Bilirubin_direct < 0.000) U[1,1] (SepsisLabel = 0.000))
",0.000,0.000,0.000,0.000,1.000,12,0,0,1,13,0,12,1,0.9230769230769231,0,0,1.0,0.96,0.040000000000000036
"F[1,1]((O2Sat >= 96.558 -> DBP <= 48.275) & Creatinine >= 27.725)
",-48.275,-48.275,0.000,0.000,1.000,12,0,0,1,13,0,12,1,0.9230769230769231,0,0,1.0,0.96,0.040000000000000036
"F[0,1](((BaseExcess >= -3.161 & pH >= 0.665) | HR >= 0.205) -> BaseExcess >= 0.282)
",-9999999.000,-9999999.000,0.000,0.000,1.000,12,0,0,1,13,0,12,1,0.9230769230769231,0,0,1.0,0.96,0.040000000000000036
"F[0,0]((Hgb <= 3.091 | Magnesium >= 0.056) & HCO3 >= 0.027)
",-0.341,-0.282,0.000,0.000,1.000,12,0,0,1,13,0,12,1,0.9230769230769231,0,0,1.0,0.96,0.040000000000000036
"F[1,1](Lactate >= 0.023 & WBC <= 4.450)
",-6671076765061759.000,-0.023,0.000,0.000,1.000,12,0,0,1,13,0,12,1,0.9230769230769231,0,0,1.0,0.96,0.040000000000000036
"F[0,0]((HCO3 >= 2.539 | Potassium <= 0.941) -> Resp <= 1.166)
",-10.229,-0.997,0.000,0.000,1.000,12,0,0,1,13,0,12,1,0.9230769230769231,0,0,1.0,0.96,0.040000000000000036
"F[0,1](((BUN <= 6.563 | PaCO2 <= 27.455) -> PaCO2 <= 34.963) & TroponinI >= 1.308)
",-9999999.000,-9999999.000,0.000,0.000,1.000,12,0,0,1,13,0,12,1,0.9230769230769231,0,0,1.0,0.96,0.040000000000000036
"F[1,1]((Calcium <= 0.000 & Potassium <= 1.508) & Magnesium >= 0.137)
",-4936403232142390.000,-0.137,0.000,0.000,1.000,12,0,0,1,13,0,12,1,0.9230769230769231,0,0,1.0,0.96,0.040000000000000036
"F[0,1](((AST <= 0.000 | MAP >= 54.937) -> Lactate >= 59.219) & HR >= 58.205)
",-9999999.000,-9999999.000,0.000,0.000,1.000,12,0,0,1,13,0,12,1,0.9230769230769231,0,0,1.0,0.96,0.040000000000000036
"F[0,1](((Calcium >= 0.000 | HR <= 86.654) | Chloride >= 64.565) & Bilirubin_direct >= 72.516)
",-9999999.000,-9999999.000,0.000,0.000,1.000,12,0,0,1,13,0,12,1,0.9230769230769231,0,0,1.0,0.96,0.040000000000000036
"F[1,1]((Calcium <= 0.000 & Potassium <= 2.178) & Magnesium >= 0.098)
",-0.098,-0.098,0.000,0.000,1.000,12,0,0,1,13,0,12,1,0.9230769230769231,0,0,1.0,0.96,0.040000000000000036
"F[0,1](((HCO3 >= 2.459 -> O2Sat >= 96.796) | MAP <= 98.724) & Fibrinogen >= 95.697)
",-9999999.000,-9999999.000,0.000,0.000,1.000,12,0,0,1,13,0,12,1,0.9230769230769231,0,0,1.0,0.96,0.040000000000000036
"F[0,0](BaseExcess >= -2.572 -> Glucose >= 6.760)
",-5792046736676359.000,-2.572,0.000,0.000,1.000,12,0,0,1,13,0,12,1,0.9230769230769231,0,0,1.0,0.96,0.040000000000000036
"F[1,1](((Calcium < 0.000 & Potassium < 1.939) & Magnesium < 0.897) & Phosphate < 0.000)
",0.000,0.000,0.000,0.000,1.000,12,0,0,1,13,0,12,1,0.9230769230769231,0,0,1.0,0.96,0.040000000000000036
"F[0,0](Creatinine <= 0.416 & WBC >= 0.185)
",-0.452,-17.668,0.000,0.000,1.000,11,0,0,2,13,0,11,2,0.8461538461538461,0,0,1.0,0.88,0.12
"((Glucose >= 10.243) U[1,2] (Lactate <= 0.393))
",-9999999.000,-9999999.000,0.000,0.000,1.000,11,0,0,2,13,0,11,2,0.8461538461538461,0,0,1.0,0.88,0.12
"((SBP <= 129.519) U[0,0] (WBC >= 0.046))
",12.637,126.500,0.000,0.000,1.000,11,0,0,2,13,0,11,2,0.8461538461538461,0,0,1.0,0.88,0.12
"((Magnesium >= 0.005) U[1,1] (Temp <= 36.013))
",5068317098366637.000,36.013,0.000,0.000,1.000,11,0,0,2,13,0,11,2,0.8461538461538461,0,0,1.0,0.88,0.12
"F[0,1]((HR >= 74.538 -> MAP <= 77.566) & DBP >= 55.399)
",-9999999.000,-9999999.000,0.000,0.000,1.000,11,0,0,2,13,0,11,2,0.8461538461538461,0,0,1.0,0.88,0.12
"F[0,1](Lactate >= 0.107 & Platelets <= 115.689)
",-9999999.000,-9999999.000,0.000,0.000,1.000,11,0,0,2,13,0,11,2,0.8461538461538461,0,0,1.0,0.88,0.12
"F[0,1](BaseExcess >= -3.792 & Creatinine >= 0.009)
",-9999999.000,-9999999.000,0.000,0.000,1.000,11,0,0,2,13,0,11,2,0.8461538461538461,0,0,1.0,0.88,0.12
"((Bilirubin_direct <= 0.000) U[1,1] (BUN >= 1.185))
",0.000,0.000,0.000,0.000,1.000,11,0,0,2,13,0,11,2,0.8461538461538461,0,0,1.0,0.88,0.12
"F[0,0](((HCO3 <= 4.882 | Hct <= 24.581) | TroponinI >= 3.368) -> PaCO2 >= 2.693)
",-6919072725051901.000,-24.581,0.000,0.000,1.000,11,0,0,2,13,0,11,2,0.8461538461538461,0,0,1.0,0.88,0.12
"F[1,1]((MAP >= 58.600 -> Platelets >= 5.201) | Magnesium >= 5.619)
",5856367927057034.000,5.201,0.000,0.000,1.000,10,0,0,3,13,0,10,3,0.7692307692307693,0,0,1.0,0.8,0.19999999999999996
"((O2Sat <= 97.478) U[0,1] (PaCO2 >= 3.058))
",-9999999.000,-9999999.000,0.000,0.000,1.000,10,0,0,3,13,0,10,3,0.7692307692307693,0,0,1.0,0.8,0.19999999999999996
"((MAP >= 62.473) U[0,0] (SBP <= 104.036))
",10.091,101.018,0.000,0.000,1.000,10,0,0,3,13,0,10,3,0.7692307692307693,0,0,1.0,0.8,0.19999999999999996
"F[0,1](((BaseExcess >= -0.443 | DBP >= 15.842) -> Alkalinephos <= 45.405) & Hct >= 27.528)
",-9999999.000,-9999999.000,0.000,0.000,1.000,10,0,0,3,13,0,10,3,0.7692307692307693,0,0,1.0,0.8,0.19999999999999996
"F[0,0]((AST <= 0.000 -> pH >= 1.155) | Hct >= 0.765)
",0.000,0.000,0.000,0.000,1.000,9,0,0,4,13,0,9,4,0.6923076923076923,0,0,1.0,0.72,0.28
"F[0,1]((DBP >= 6.106 & PaCO2 >= 2.512) | Glucose >= 0.008)
",-9999999.000,-9999999.000,0.000,0.000,1.000,9,0,0,4,13,0,9,4,0.6923076923076923,0,0,1.0,0.72,0.28
"F[0,1]((HR >= 73.483 & WBC >= 0.322) & Bilirubin_total <= 3.074)
",-9999999.000,-9999999.000,0.000,0.000,1.000,9,0,0,4,13,0,9,4,0.6923076923076923,0,0,1.0,0.72,0.28
"F[0,1](WBC > 0.501 & SepsisLabel = 0.000)
",-9999999.000,-9999999.000,0.000,0.000,1.000,9,0,0,4,13,0,9,4,0.6923076923076923,0,0,1.0,0.72,0.28
"F[1,1](((BaseExcess >= -1.784 -> Potassium >= 0.812) | HCO3 >= 0.843) | Chloride >= 0.819)
",-0.819,-0.819,0.000,0.000,1.000,9,0,0,4,13,0,9,4,0.6923076923076923,0,0,1.0,0.72,0.28
"F[0,1](((Lactate >= 0.138 | SaO2 <= 28.638) -> Lactate >= 9.189) & Platelets <= 26.926)
",-9999999.000,-9999999.000,0.000,0.000,1.000,9,0,0,4,13,0,9,4,0.6923076923076923,0,0,1.0,0.72,0.28
"((O2Sat <= 97.784) U[0,1] (Potassium >= 0.555))
",-9999999.000,-9999999.000,0.000,0.000,1.000,8,0,0,5,13,0,8,5,0.6153846153846154,0,0,1.0,0.64,0.36
"F[1,1]((Magnesium <= 1.544 -> HR >= 75.660) -> Bilirubin_total >= 71.353)
",1.544,1.544,0.000,0.000,1.000,8,0,0,5,13,0,8,5,0.6153846153846154,0,0,1.0,0.64,0.36
"((Chloride >= 2.337) U[1,2] (HR >= 67.696))
",-9999999.000,-9999999.000,0.000,0.000,1.000,8,0,0,5,13,0,8,5,0.6153846153846154,0,0,1.0,0.64,0.36
"((MAP >= 64.278) U[0,1] (SBP <= 105.342))
",-9999999.000,-9999999.000,0.000,0.000,1.000,8,0,0,5,13,0,8,5,0.6153846153846154,0,0,1.0,0.64,0.36
"F[0,1](PaCO2 >= 1.201 | Potassium >= 0.367)
",-9999999.000,-9999999.000,0.000,0.000,1.000,7,0,0,6,13,0,7,6,0.5384615384615384,0,0,1.0,0.56,0.43999999999999995
"F[0,0](((Potassium >= 0.575 | MAP <= 68.863) -> HR <= 71.370) | PTT >= 53.075)
",-0.553,-12.837,0.000,0.000,1.000,7,0,0,6,13,0,7,6,0.5384615384615384,0,0,1.0,0.56,0.43999999999999995
"((BaseExcess >= -3.235) U[0,1] (O2Sat >= 97.211))
",-9999999.000,-9999999.000,0.000,0.000,1.000,6,0,0,7,13,0,6,7,0.46153846153846156,0,0,1.0,0.48,0.52
"F[0,0]((O2Sat >= 96.911 | Temp >= 0.508) & SaO2 <= 29.944)
",4214221003932941.500,29.944,0.000,0.000,1.000,5,0,0,8,13,0,5,8,0.38461538461538464,0,0,1.0,0.4,0.6
"F[1,1](HR < 81.514 & SepsisLabel = 0.000)
",0.000,0.000,0.000,0.000,1.000,5,0,0,8,13,0,5,8,0.38461538461538464,0,0,1.0,0.4,0.6
"F[0,1]((MAP <= 73.053 -> Potassium >= 0.318) | HR <= 1.648)
",-9999999.000,-9999999.000,0.000,0.000,1.000,5,0,0,8,13,0,5,8,0.38461538461538464,0,0,1.0,0.4,0.6
"((BUN >= 1.300) U[0,1] (DBP <= 44.309))
",-9999999.000,-9999999.000,0.000,0.000,1.000,4,0,0,9,13,0,4,9,0.3076923076923077,0,0,1.0,0.32,0.6799999999999999
"((MAP >= 65.582) U[1,2] (SBP <= 140.851))
",-9999999.000,-9999999.000,0.000,0.000,1.000,4,0,0,9,13,0,4,9,0.3076923076923077,0,0,1.0,0.32,0.6799999999999999
"F[0,1]((FiO2 >= 0.033 | DBP <= 43.926) -> Bilirubin_total >= 17.595)
",-9999999.000,-9999999.000,0.000,0.000,1.000,3,0,0,10,13,0,3,10,0.23076923076923078,0,0,1.0,0.24,0.76
"((O2Sat >= 97.098) U[0,0] (SaO2 <= 56.672))
",56.672,56.672,0.000,0.000,1.000,3,0,0,10,13,0,3,10,0.23076923076923078,0,0,1.0,0.24,0.76
"((Resp >= 13.181) U[1,2] (Calcium <= 0.000))
",-9999999.000,-9999999.000,0.000,0.000,1.000,3,0,0,10,13,0,3,10,0.23076923076923078,0,0,1.0,0.24,0.76
"F[1,1]((Bilirubin_direct >= 0.000 & SBP <= 131.154) | SBP <= 113.345)
",7975934088492267.000,113.345,0.000,0.000,1.000,3,0,0,10,13,0,3,10,0.23076923076923078,0,0,1.0,0.24,0.76
"((Hct < 5.871) U[1,1] (SepsisLabel = 0.000))
",6609750195625711.000,5.871,0.000,0.000,1.000,3,0,0,10,13,0,3,10,0.23076923076923078,0,0,1.0,0.24,0.76
"((MAP >= 63.753) U[1,2] (SBP <= 146.507))
",-9999999.000,-9999999.000,0.000,0.000,1.000,3,0,0,10,13,0,3,10,0.23076923076923078,0,0,1.0,0.24,0.76
"F[1,1](SBP > 96.925 & SepsisLabel = 0.000)
",-6820502779129101.000,-96.925,0.000,0.000,1.000,3,0,0,10,13,0,3,10,0.23076923076923078,0,0,1.0,0.24,0.76
"((DBP <= 54.445) U[1,1] (Potassium <= 3.814))
",7662517948505377.000,54.445,0.000,0.000,1.000,2,0,0,11,13,0,2,11,0.15384615384615385,0,0,1.0,0.16,0.84
"((Potassium <= 4.411) U[1,1] (SepsisLabel = 0.000))
",4965965484734231.000,4.411,0.000,0.000,1.000,2,0,0,11,13,0,2,11,0.15384615384615385,0,0,1.0,0.16,0.84
"F[1,1]((Magnesium <= 0.817 & SaO2 <= 88.370) & Temp <= 42.925)
",0.817,0.817,0.000,0.000,1.000,2,0,0,11,13,0,2,11,0.15384615384615385,0,0,1.0,0.16,0.84
"((Fibrinogen <= 0.000) U[1,1] (HR >= 69.596))
",0.000,0.000,0.000,0.000,1.000,2,0,0,11,13,0,2,11,0.15384615384615385,0,0,1.0,0.16,0.84
"((MAP >= 62.974) U[1,2] (SBP <= 138.703))
",-9999999.000,-9999999.000,0.000,0.000,1.000,2,0,0,11,13,0,2,11,0.15384615384615385,0,0,1.0,0.16,0.84
"F[0,0](Hgb <= 3.037 | Hct <= 9.606)
",5407709189063126.000,9.606,0.000,0.000,1.000,2,0,0,11,13,0,2,11,0.15384615384615385,0,0,1.0,0.16,0.84
"F[0,0]((Hgb >= 0.221 -> WBC <= 3.260) & Glucose <= 5.702)
",-0.802,-7.354,0.000,0.000,1.000,2,0,0,11,13,0,2,11,0.15384615384615385,0,0,1.0,0.16,0.84
"F[1,1](MAP >= 62.326 | O2Sat >= 97.269)
",-4385813388640994.500,-62.326,0.000,0.000,1.000,2,0,0,11,13,0,2,11,0.15384615384615385,0,0,1.0,0.16,0.84
"F[1,1](((EtCO2 <= 0.000 & SaO2 <= 70.610) & HR >= 1.737) | BaseExcess >= 1.452)
",-6539408652622007.000,-1.452,0.000,0.000,1.000,1,0,0,12,13,0,1,12,0.07692307692307693,0,0,1.0,0.08,0.92
"F[1,1]((HCO3 <= 14.748 -> Hgb >= 0.682) -> TroponinI >= 0.374)
",6729402940131037.000,0.374,0.000,0.000,1.000,1,0,0,12,13,0,1,12,0.07692307692307693,0,0,1.0,0.08,0.92
"F[1,1]((BaseExcess >= -2.415 & Lactate <= 2.084) & EtCO2 <= 2.399)
",4693595601939418.000,2.084,0.000,0.000,1.000,1,0,0,12,13,0,1,12,0.07692307692307693,0,0,1.0,0.08,0.92
"((Glucose <= 73.962) U[1,1] (WBC <= 8.913))
",5204641690015414.000,73.962,0.000,0.000,1.000,1,0,0,12,13,0,1,12,0.07692307692307693,0,0,1.0,0.08,0.92
"((MAP >= 61.476) U[0,1] (SBP <= 124.348))
",-9999999.000,-9999999.000,0.000,0.000,1.000,1,0,0,12,13,0,1,12,0.07692307692307693,0,0,1.0,0.08,0.92
"F[1,1](((HR >= 62.133 | SaO2 >= 9.278) | Calcium <= 78.118) -> Platelets <= 68.429)
",-78.118,-78.118,0.000,0.000,1.000,1,0,0,12,13,0,1,12,0.07692307692307693,0,0,1.0,0.08,0.92
"((WBC <= 2.205) U[1,2] (O2Sat <= 99.772))
",-9999999.000,-9999999.000,0.000,0.000,1.000,1,0,0,12,13,0,1,12,0.07692307692307693,0,0,1.0,0.08,0.92
"F[0,1](((Chloride >= 17.171 | Creatinine <= 0.271) & DBP >= 0.010) | FiO2 >= 0.009)
",-9999999.000,-9999999.000,0.000,0.000,1.000,1,0,0,12,13,0,1,12,0.07692307692307693,0,0,1.0,0.08,0.92
"((Hgb <= 5.008) U[1,2] (HR >= 70.173))
",-9999999.000,-9999999.000,0.000,0.000,1.000,1,0,0,12,13,0,1,12,0.07692307692307693,0,0,1.0,0.08,0.92
"F[0,0](((Resp >= 8.928 | WBC <= 5.509) & Glucose <= 3.817) | Creatinine >= 0.595)
",0.549,20.665,0.000,0.000,1.000,1,0,0,12,13,0,1,12,0.07692307692307693,0,0,1.0,0.08,0.92
"F[0,0]((Phosphate >= 0.000 & Magnesium > 0.126) -> Calcium < 0.000)
",0.000,0.000,0.000,0.000,1.000,1,0,0,12,13,0,1,12,0.07692307692307693,0,0,1.0,0.08,0.92
"((FiO2 <= 0.319) U[1,2] (PTT >= 0.000))
",-9999999.000,-9999999.000,0.000,0.000,1.000,1,0,0,12,13,0,1,12,0.07692307692307693,0,0,1.0,0.08,0.92
"((BUN <= 14.144) U[0,1] (pH <= 1.327))
",-9999999.000,-9999999.000,0.000,0.000,1.000,1,0,0,12,13,0,1,12,0.07692307692307693,0,0,1.0,0.08,0.92
"F[0,0](FiO2 >= 0.004 -> MAP <= 76.163)
",-0.648,-21.038,0.000,0.000,1.000,1,0,0,12,13,0,1,12,0.07692307692307693,0,0,1.0,0.08,0.92
"F[0,0]((Temp <= 26.925 | pH >= 1.074) | Hct >= 0.823)
",-11.673,-0.802,0.000,0.000,1.000,1,0,0,12,13,0,1,12,0.07692307692307693,0,0,1.0,0.08,0.92
"((MAP >= 65.496) U[0,1] (SBP <= 124.612))
",-9999999.000,-9999999.000,0.000,0.000,1.000,1,0,0,12,13,0,1,12,0.07692307692307693,0,0,1.0,0.08,0.92
"((FiO2 <= 0.119) U[1,2] (BUN <= 14.460))
",-9999999.000,-9999999.000,0.000,0.000,1.000,1,0,0,12,13,0,1,12,0.07692307692307693,0,0,1.0,0.08,0.92
"F[0,1]((Temp <= 25.181 -> MAP >= 59.760) -> HR >= 66.086)
",-9999999.000,-9999999.000,0.000,0.000,1.000,1,0,0,12,13,0,1,12,0.07692307692307693,0,0,1.0,0.08,0.92
"F[0,0](((WBC >= 0.391 & FiO2 <= 0.190) & HCO3 >= 0.006) -> Potassium <= 0.355)
",-6400716234776371.000,-0.355,0.000,0.000,1.000,1,0,0,12,13,0,1,12,0.07692307692307693,0,0,1.0,0.08,0.92
"((Glucose <= 65.156) U[1,2] (SepsisLabel = 0.000))
",-9999999.000,-9999999.000,0.000,0.000,1.000,1,0,0,12,13,0,1,12,0.07692307692307693,0,0,1.0,0.08,0.92
"((PaCO2 >= 3.404) U[0,1] (Potassium <= 1.386))
",-9999999.000,-9999999.000,0.000,0.000,1.000,1,0,0,12,13,0,1,12,0.07692307692307693,0,0,1.0,0.08,0.92
"F[0,2](((pH >= 0.609 -> SBP >= 100.570) | FiO2 >= 64.206) & WBC <= 105.325)
",-9999999.000,-9999999.000,0.000,0.000,1.000,0,0,0,13,13,0,0,13,0.0,0,0,0.0,0.0,1.0
"F[1,2](SaO2 >= 13.293 -> pH <= 4.318)
",-9999999.000,-9999999.000,0.000,0.000,1.000,0,0,0,13,13,0,0,13,0.0,0,0,0.0,0.0,1.0
"F[0,0](O2Sat >= 96.243 | MAP <= 73.690)
",0.186,7.240,0.000,0.000,1.000,0,0,0,13,13,0,0,13,0.0,0,0,0.0,0.0,1.0
"((Calcium <= 0.000) U[0,2] (Creatinine >= 0.030))
",-9999999.000,-9999999.000,0.000,0.000,1.000,0,0,0,13,13,0,0,13,0.0,0,0,0.0,0.0,1.0
"F[0,2](((MAP >= 55.829 & WBC >= 0.546) -> HR >= 0.308) -> Phosphate >= 0.068)
",-9999999.000,-9999999.000,0.000,0.000,1.000,0,0,0,13,13,0,0,13,0.0,0,0,0.0,0.0,1.0
"F[1,2](Potassium <= 1.663 & EtCO2 >= 0.000)
",-9999999.000,-9999999.000,0.000,0.000,1.000,0,0,0,13,13,0,0,13,0.0,0,0,0.0,0.0,1.0
"F[1,1](HR >= 67.076 | PTT <= 0.000)
",0.000,0.000,0.000,0.000,1.000,0,0,0,13,13,0,0,13,0.0,0,0,0.0,0.0,1.0
"F[1,2](Hgb <= 8.170 | Hct <= 15.738)
",-9999999.000,-9999999.000,0.000,0.000,1.000,0,0,0,13,13,0,0,13,0.0,0,0,0.0,0.0,1.0
"F[1,1]((MAP <= 75.818 -> Hgb >= 0.685) | Lactate <= 4.026)
",4.026,4.026,0.000,0.000,1.000,0,0,0,13,13,0,0,13,0.0,0,0,0.0,0.0,1.0
"F[1,2](Fibrinogen <= 0.000 | O2Sat >= 96.366)
",-9999999.000,-9999999.000,0.000,0.000,1.000,0,0,0,13,13,0,0,13,0.0,0,0,0.0,0.0,1.0
"F[2,2]((Hct >= 4.654 | Temp <= 9.729) | MAP <= 13.705)
",7715110160318331.000,13.705,0.000,0.000,1.000,0,0,0,13,13,0,0,13,0.0,0,0,0.0,0.0,1.0
"F[2,2](((Magnesium >= 0.048 | Resp >= 8.500) & PTT >= 14.953) | Magnesium <= 21.922)
",6170541809987841.000,21.922,0.000,0.000,1.000,0,0,0,13,13,0,0,13,0.0,0,0,0.0,0.0,1.0
"F[1,2](BUN >= 0.845 & O2Sat >= 95.336)
",-9999999.000,-9999999.000,0.000,0.000,1.000,0,0,0,13,13,0,0,13,0.0,0,0,0.0,0.0,1.0
"F[0,1](((DBP >= 25.997 | Platelets <= 17.974) -> BaseExcess <= 14.326) | BUN >= 0.831)
",-9999999.000,-9999999.000,0.000,0.000,1.000,0,0,0,13,13,0,0,13,0.0,0,0,0.0,0.0,1.0
"F[1,2](pH >= 0.415 & Temp >= 0.489)
",-9999999.000,-9999999.000,0.000,0.000,1.000,0,0,0,13,13,0,0,13,0.0,0,0,0.0,0.0,1.0
"F[0,2]((Creatinine <= 0.176 -> SaO2 >= 10.170) -> AST >= 0.016)
",-9999999.000,-9999999.000,0.000,0.000,1.000,0,0,0,13,13,0,0,13,0.0,0,0,0.0,0.0,1.0
"F[0,2](SaO2 <= 73.689 -> Temp <= 7.408)
",-9999999.000,-9999999.000,0.000,0.000,1.000,0,0,0,13,13,0,0,13,0.0,0,0,0.0,0.0,1.0
"F[0,1]((BaseExcess <= -0.211 & Temp <= 19.340) | AST <= 35.672)
",-9999999.000,-9999999.000,0.000,0.000,1.000,0,0,0,13,13,0,0,13,0.0,0,0,0.0,0.0,1.0
"F[2,2](FiO2 <= 0.478 | Platelets >= 1.182)
",0.478,0.478,0.000,0.000,1.000,0,0,0,13,13,0,0,13,0.0,0,0,0.0,0.0,1.0
"((Hgb >= 0.806) U[0,2] (Temp <= 6.914))
",-9999999.000,-9999999.000,0.000,0.000,1.000,0,0,0,13,13,0,0,13,0.0,0,0,0.0,0.0,1.0
"F[0,2](Creatinine >= 0.022 -> MAP >= 67.161)
",-9999999.000,-9999999.000,0.000,0.000,1.000,0,0,0,13,13,0,0,13,0.0,0,0,0.0,0.0,1.0
"F[1,2]((Creatinine >= 0.017 -> PaCO2 >= 0.064) & Magnesium <= 14.642)
",-9999999.000,-9999999.000,0.000,0.000,1.000,0,0,0,13,13,0,0,13,0.0,0,0,0.0,0.0,1.0
"((O2Sat <= 97.505) U[1,2] (Platelets >= 3.655))
",-9999999.000,-9999999.000,0.000,0.000,1.000,0,0,0,13,13,0,0,13,0.0,0,0,0.0,0.0,1.0
"F[0,2](Chloride >= 15.610 | O2Sat >= 96.570)
",-9999999.000,-9999999.000,0.000,0.000,1.000,0,0,0,13,13,0,0,13,0.0,0,0,0.0,0.0,1.0
"F[0,1]((Lactate <= 0.349 -> Resp <= 22.286) | SaO2 >= 13.263)
",-9999999.000,-9999999.000,0.000,0.000,1.000,0,0,0,13,13,0,0,13,0.0,0,0,0.0,0.0,1.0
"F[2,2](Creatinine <= 0.070 -> Lactate >= 0.052)
",-5040420605198537.000,-0.070,0.000,0.000,1.000,0,0,0,13,13,0,0,13,0.0,0,0,0.0,0.0,1.0
"F[1,1](Lactate <= 0.623 -> Temp <= 13.302)
",-7488155851253797.000,-13.302,0.000,0.000,1.000,0,0,0,13,13,0,0,13,0.0,0,0,0.0,0.0,1.0
"F[0,2]((Platelets <= 10.609 -> Temp >= 1.018) -> Hct >= 1.332)
",-9999999.000,-9999999.000,0.000,0.000,1.000,0,0,0,13,13,0,0,13,0.0,0,0,0.0,0.0,1.0
"F[1,2](((HR >= 65.627 -> Magnesium <= 0.750) | Glucose >= 0.111) & Alkalinephos >= 0.021)
",-9999999.000,-9999999.000,0.000,0.000,1.000,0,0,0,13,13,0,0,13,0.0,0,0,0.0,0.0,1.0
"F[1,1]((HR <= 87.513 | Platelets <= 116.336) & Phosphate <= 24.312)
",24.312,24.312,0.000,0.000,1.000,0,0,0,13,13,0,0,13,0.0,0,0,0.0,0.0,1.0
"((TroponinI <= 0.000) U[1,2] (Lactate <= 1.028))
",-9999999.000,-9999999.000,0.000,0.000,1.000,0,0,0,13,13,0,0,13,0.0,0,0,0.0,0.0,1.0
"F[0,0](((FiO2 <= 0.122 | MAP <= 71.520) | PTT >= 64.004) -> Calcium <= 71.180)
",-484.399,-71.265,0.000,0.000,1.000,0,0,0,13,13,0,0,13,0.0,0,0,0.0,0.0,1.0
"F[2,2](((PTT >= 0.000 | SBP >= 49.389) | Chloride >= 46.115) -> Lactate <= 136.370)
",-136.370,-136.370,0.000,0.000,1.000,0,0,0,13,13,0,0,13,0.0,0,0,0.0,0.0,1.0
"F[1,1](PaCO2 <= 26.285 | Glucose >= 7.013)
",26.285,26.285,0.000,0.000,1.000,0,0,0,13,13,0,0,13,0.0,0,0,0.0,0.0,1.0
"F[0,2]((SepsisLabel <= 0.000 & BaseExcess >= -0.909) & MAP <= -0.053)
",-9999999.000,-9999999.000,0.000,0.000,1.000,0,0,0,13,13,0,0,13,0.0,0,0,0.0,0.0,1.0
"((Magnesium <= 1.737) U[0,1] (EtCO2 >= 0.000))
",-9999999.000,-9999999.000,0.000,0.000,1.000,0,0,0,13,13,0,0,13,0.0,0,0,0.0,0.0,1.0
"F[0,1](HR >= 73.062 -> Alkalinephos >= 0.000)
",-9999999.000,-9999999.000,0.000,0.000,1.000,0,0,0,13,13,0,0,13,0.0,0,0,0.0,0.0,1.0
"F[0,2](WBC <= 6.840 | Potassium >= 0.456)
",-9999999.000,-9999999.000,0.000,0.000,1.000,0,0,0,13,13,0,0,13,0.0,0,0,0.0,0.0,1.0
"F[0,0]((Hct >= 2.700 -> Fibrinogen >= 0.000) | BUN >= 0.000)
",0.000,0.000,0.000,0.000,1.000,0,0,0,13,13,0,0,13,0.0,0,0,0.0,0.0,1.0
"F[1,2]((BaseExcess >= -0.517 & MAP <= 76.167) -> pH >= 63.644)
",-9999999.000,-9999999.000,0.000,0.000,1.000,0,0,0,13,13,0,0,13,0.0,0,0,0.0,0.0,1.0
"F[0,2](((Temp >= 0.326 & WBC >= 0.332) & Resp <= 3.423) | EtCO2 >= 0.818)
",-9999999.000,-9999999.000,0.000,0.000,1.000,0,0,0,13,13,0,0,13,0.0,0,0,0.0,0.0,1.0
"F[0,1]((FiO2 <= 0.365 -> SepsisLabel >= 0.000) -> Platelets <= 0.000)
",-9999999.000,-9999999.000,0.000,0.000,1.000,0,0,0,13,13,0,0,13,0.0,0,0,0.0,0.0,1.0
"F[0,2]((pH <= 2.807 -> Chloride >= 1.340) | Phosphate >= 10.710)
",-9999999.000,-9999999.000,0.000,0.000,1.000,0,0,0,13,13,0,0,13,0.0,0,0,0.0,0.0,1.0
"F[0,2]((Alkalinephos <= 0.000 & Magnesium <= 1.956) -> Resp >= 0.053)
",-9999999.000,-9999999.000,0.000,0.000,1.000,0,0,0,13,13,0,0,13,0.0,0,0,0.0,0.0,1.0
"F[0,1](((HR >= 65.658 -> SaO2 <= 49.054) & Potassium >= 7.573) -> PTT <= 14.546)
",-9999999.000,-9999999.000,0.000,0.000,1.000,0,0,0,13,13,0,0,13,0.0,0,0,0.0,0.0,1.0
"((EtCO2 <= 0.000) U[0,1] (FiO2 <= 0.379))
",-9999999.000,-9999999.000,0.000,0.000,1.000,0,0,0,13,13,0,0,13,0.0,0,0,0.0,0.0,1.0
"F[0,1](((DBP <= 39.910 -> SepsisLabel >= 0.000) | SaO2 <= 0.000) & AST >= 0.000)
",-9999999.000,-9999999.000,0.000,0.000,1.000,0,0,0,13,13,0,0,13,0.0,0,0,0.0,0.0,1.0
"F[2,2](Hgb >= 0.421 -> AST >= 0.000)
",0.000,0.000,0.000,0.000,1.000,0,0,0,13,13,0,0,13,0.0,0,0,0.0,0.0,1.0
"F[0,2]((Fibrinogen <= 0.000 | SepsisLabel <= 0.000) | Magnesium <= 0.000)
",-9999999.000,-9999999.000,0.000,0.000,1.000,0,0,0,13,13,0,0,13,0.0,0,0,0.0,0.0,1.0
"F[1,2](SaO2 <= 33.678 | Bilirubin_total >= 0.000)
",-9999999.000,-9999999.000,0.000,0.000,1.000,0,0,0,13,13,0,0,13,0.0,0,0,0.0,0.0,1.0
"F[0,1]((DBP >= 10.868 -> SBP >= 15.037) | Temp >= 72.100)
",-9999999.000,-9999999.000,0.000,0.000,1.000,0,0,0,13,13,0,0,13,0.0,0,0,0.0,0.0,1.0
"((Bilirubin_total >= 0.000) U[0,2] (Lactate >= 0.016))
",-9999999.000,-9999999.000,0.000,0.000,1.000,0,0,0,13,13,0,0,13,0.0,0,0,0.0,0.0,1.0
"F[0,2]((Hct >= 3.863 & Bilirubin_total >= 0.000) | MAP >= 0.000)
",-9999999.000,-9999999.000,0.000,0.000,1.000,0,0,0,13,13,0,0,13,0.0,0,0,0.0,0.0,1.0
"F[0,2](Potassium >= 0.126 & Calcium <= 0.000)
",-9999999.000,-9999999.000,0.000,0.000,1.000,0,0,0,13,13,0,0,13,0.0,0,0,0.0,0.0,1.0
"F[0,2]((Chloride >= 3.408 -> HR <= 87.318) & Bilirubin_direct >= 66.828)
",-9999999.000,-9999999.000,0.000,0.000,1.000,0,0,0,13,13,0,0,13,0.0,0,0,0.0,0.0,1.0
"F[0,2](((MAP <= 73.607 & SaO2 >= 3.460) -> Lactate >= 0.995) -> Bilirubin_direct <= 65.819)
",-9999999.000,-9999999.000,0.000,0.000,1.000,0,0,0,13,13,0,0,13,0.0,0,0,0.0,0.0,1.0
"F[0,1](PTT >= 0.000 & Magnesium <= 1.925)
",-9999999.000,-9999999.000,0.000,0.000,1.000,0,0,0,13,13,0,0,13,0.0,0,0,0.0,0.0,1.0
"F[0,2](TroponinI <= 0.000 | SepsisLabel >= 0.000)
",-9999999.000,-9999999.000,0.000,0.000,1.000,0,0,0,13,13,0,0,13,0.0,0,0,0.0,0.0,1.0
"F[2,2](Phosphate >= 0.000 & Bilirubin_direct <= 0.000)
",0.000,0.000,0.000,0.000,1.000,0,0,0,13,13,0,0,13,0.0,0,0,0.0,0.0,1.0
"((HCO3 <= 22.569) U[0,2] (FiO2 <= 0.179))
",-9999999.000,-9999999.000,0.000,0.000,1.000,0,0,0,13,13,0,0,13,0.0,0,0,0.0,0.0,1.0
"F[0,0]((SBP >= 92.085 | Alkalinephos >= 0.000) & Bilirubin_direct <= 0.000)
",-0.302,-0.075,0.000,0.000,1.000,0,0,0,13,13,0,0,13,0.0,0,0,0.0,0.0,1.0
"F[0,2](((DBP >= 22.345 -> Hct >= 4.193) | AST >= 2.661) -> pH <= 22.000)
",-9999999.000,-9999999.000,0.000,0.000,1.000,0,0,0,13,13,0,0,13,0.0,0,0,0.0,0.0,1.0
"F[0,2](((Bilirubin_direct >= 0.000 | O2Sat <= 97.946) & FiO2 <= 97.976) & Lactate >= 96.175)
",-9999999.000,-9999999.000,0.000,0.000,1.000,0,0,0,13,13,0,0,13,0.0,0,0,0.0,0.0,1.0
"F[0,1](((Lactate <= 0.281 -> Fibrinogen <= 0.000) | MAP <= 0.000) | FiO2 >= 0.000)
",-9999999.000,-9999999.000,0.000,0.000,1.000,0,0,0,13,13,0,0,13,0.0,0,0,0.0,0.0,1.0
"F[0,1]((Hgb <= 8.224 & MAP <= 74.975) & AST <= 68.913)
",-9999999.000,-9999999.000,0.000,0.000,1.000,0,0,0,13,13,0,0,13,0.0,0,0,0.0,0.0,1.0
"F[0,2](((FiO2 >= 0.019 | FiO2 <= 0.071) -> Lactate <= 0.433) | Creatinine >= 0.060)
",-9999999.000,-9999999.000,0.000,0.000,1.000,0,0,0,13,13,0,0,13,0.0,0,0,0.0,0.0,1.0
"((PTT <= 0.000) U[1,2] (AST <= 0.000))
",-9999999.000,-9999999.000,0.000,0.000,1.000,0,0,0,13,13,0,0,13,0.0,0,0,0.0,0.0,1.0
"((SaO2 >= 0.484) U[0,2] (Alkalinephos <= 0.000))
",-9999999.000,-9999999.000,0.000,0.000,1.000,0,0,0,13,13,0,0,13,0.0,0,0,0.0,0.0,1.0
"F[0,0](((SBP >= 32.527 | PTT >= 0.000) | SaO2 <= 0.000) & BaseExcess <= 0.000)
",0.000,0.000,0.000,0.000,1.000,0,0,0,13,13,0,0,13,0.0,0,0,0.0,0.0,1.0
"F[2,2](Calcium <= 0.000 -> SBP >= 82.432)
",0.000,0.000,0.000,0.000,1.000,0,0,0,13,13,0,0,13,0.0,0,0,0.0,0.0,1.0
"F[0,2]((Magnesium >= 0.116 | Resp <= 20.409) | Hct <= 22.425)
",-9999999.000,-9999999.000,0.000,0.000,1.000,0,0,0,13,13,0,0,13,0.0,0,0,0.0,0.0,1.0
"F[1,2](((Calcium >= 0.000 -> EtCO2 <= 0.000) & BaseExcess <= 0.000) -> Alkalinephos >= 0.000)
",-9999999.000,-9999999.000,0.000,0.000,1.000,0,0,0,13,13,0,0,13,0.0,0,0,0.0,0.0,1.0
"((EtCO2 >= 0.000) U[0,1] (Bilirubin_direct <= 0.000))
",-9999999.000,-9999999.000,0.000,0.000,1.000,0,0,0,13,13,0,0,13,0.0,0,0,0.0,0.0,1.0
"F[2,2](((pH >= 1.015 | Hct <= 21.346) | Glucose >= 5.271) | Phosphate <= 23.820)
",23.820,23.820,0.000,0.000,1.000,0,0,0,13,13,0,0,13,0.0,0,0,0.0,0.0,1.0
"F[2,2](Hgb <= 2.681 & Hct <= 17.809)
",2.681,2.681,0.000,0.000,1.000,0,0,0,13,13,0,0,13,0.0,0,0,0.0,0.0,1.0
"F[1,1]((Phosphate <= 0.000 & Resp >= 14.235) | Bilirubin_direct <= 21.845)
",21.845,21.845,0.000,0.000,1.000,0,0,0,13,13,0,0,13,0.0,0,0,0.0,0.0,1.0
"F[1,2](((Alkalinephos >= 0.000 -> Creatinine <= 0.043) & DBP <= 0.801) | DBP >= 0.008)
",-9999999.000,-9999999.000,0.000,0.000,1.000,0,0,0,13,13,0,0,13,0.0,0,0,0.0,0.0,1.0
"F[1,1]((Potassium <= 1.994 | Calcium >= 0.000) -> Lactate >= 0.000)
",-8980938077311023.000,-1.994,0.000,0.000,1.000,0,0,0,13,13,0,0,13,0.0,0,0,0.0,0.0,1.0
"F[0,2](((AST >= 0.000 -> Lactate <= 0.697) -> pH <= 2.208) | Hct <= 1.045)
",-9999999.000,-9999999.000,0.000,0.000,1.000,0,0,0,13,13,0,0,13,0.0,0,0,0.0,0.0,1.0
"((Temp <= 32.874) U[1,2] (PTT >= 0.000))
",-9999999.000,-9999999.000,0.000,0.000,1.000,0,0,0,13,13,0,0,13,0.0,0,0,0.0,0.0,1.0
"((DBP >= 0.307) U[0,2] (Calcium <= 0.000))
",-9999999.000,-9999999.000,0.000,0.000,1.000,0,0,0,13,13,0,0,13,0.0,0,0,0.0,0.0,1.0
"F[0,1](((BaseExcess <= -0.051 -> TroponinI >= 0.000) & Calcium >= 0.000) | SepsisLabel >= 0.000)
",-9999999.000,-9999999.000,0.000,0.000,1.000,0,0,0,13,13,0,0,13,0.0,0,0,0.0,0.0,1.0
"F[0,2](MAP <= 79.332 -> Platelets <= 81.926)
",-9999999.000,-9999999.000,0.000,0.000,1.000,0,0,0,13,13,0,0,13,0.0,0,0,0.0,0.0,1.0
"F[0,0]((Alkalinephos <= 0.000 -> BaseExcess >= -1.743) -> FiO2 >= -0.781)
",-0.419,-2.781,0.000,0.000,1.000,0,0,0,13,13,0,0,13,0.0,0,0,0.0,0.0,1.0
"F[0,1]((PTT >= 0.000 | Alkalinephos <= 0.000) & EtCO2 <= 0.000)
",-9999999.000,-9999999.000,0.000,0.000,1.000,0,0,0,13,13,0,0,13,0.0,0,0,0.0,0.0,1.0
"F[1,2]((BaseExcess >= -0.389 | Magnesium <= 0.378) -> Chloride <= 0.708)
",-9999999.000,-9999999.000,0.000,0.000,1.000,0,0,0,13,13,0,0,13,0.0,0,0,0.0,0.0,1.0
"F[0,1](Phosphate <= 0.000 | Potassium <= 1.459)
",-9999999.000,-9999999.000,0.000,0.000,1.000,0,0,0,13,13,0,0,13,0.0,0,0,0.0,0.0,1.0
"F[2,2]((EtCO2 <= 0.000 | MAP <= 77.862) | Resp <= 73.687)
",77.862,77.862,0.000,0.000,1.000,0,0,0,13,13,0,0,13,0.0,0,0,0.0,0.0,1.0
"F[1,2](((PaCO2 <= 44.680 -> Calcium <= 0.000) & SBP <= 0.000) -> Potassium <= 0.000)
",-9999999.000,-9999999.000,0.000,0.000,1.000,0,0,0,13,13,0,0,13,0.0,0,0,0.0,0.0,1.0
"F[2,2](((SaO2 >= 4.304 | Phosphate <= 0.000) -> Fibrinogen <= 0.000) -> BUN <= 0.000)
",0.000,0.000,0.000,0.000,1.000,0,0,0,13,13,0,0,13,0.0,0,0,0.0,0.0,1.0
"((BaseExcess <= -0.259) U[2,2] (SBP <= 123.871))
",4358323373140757.500,123.871,0.000,0.000,1.000,0,0,0,13,13,0,0,13,0.0,0,0,0.0,0.0,1.0
"F[0,1](((Bilirubin_direct >= 0.000 -> Lactate <= 3.213) -> Magnesium >= 0.091) | AST <= 2.861)
",-9999999.000,-9999999.000,0.000,0.000,1.000,0,0,0,13,13,0,0,13,0.0,0,0,0.0,0.0,1.0
"((Magnesium >= 0.003) U[0,2] (Hgb <= 5.143))
",-9999999.000,-9999999.000,0.000,0.000,1.000,0,0,0,13,13,0,0,13,0.0,0,0,0.0,0.0,1.0
"F[0,2](((Phosphate >= 0.000 | Creatinine <= 0.239) & Potassium >= 0.029) | Chloride >= 0.020)
",-9999999.000,-9999999.000,0.000,0.000,1.000,0,0,0,13,13,0,0,13,0.0,0,0,0.0,0.0,1.0
"F[0,0](Platelets <= 105.123 | Fibrinogen >= 0.000)
",7397358992191695.000,105.123,0.000,0.000,1.000,0,0,0,13,13,0,0,13,0.0,0,0,0.0,0.0,1.0
"F[1,1]((SaO2 >= 0.595 | Platelets <= 43.758) -> Lactate <= 80.411)
",-80.411,-80.411,0.000,0.000,1.000,0,0,0,13,13,0,0,13,0.0,0,0,0.0,0.0,1.0
"F[1,2]((EtCO2 <= 0.000 & Resp >= 10.416) -> FiO2 >= 14.073)
",-9999999.000,-9999999.000,0.000,0.000,1.000,0,0,0,13,13,0,0,13,0.0,0,0,0.0,0.0,1.0
"F[0,2](Phosphate <= 0.000 | WBC >= 0.539)
",-9999999.000,-9999999.000,0.000,0.000,1.000,0,0,0,13,13,0,0,13,0.0,0,0,0.0,0.0,1.0
"F[0,2]((SBP >= 35.041 & Lactate <= 0.934) | BaseExcess >= 0.138)
",-9999999.000,-9999999.000,0.000,0.000,1.000,0,0,0,13,13,0,0,13,0.0,0,0,0.0,0.0,1.0
"F[0,2](((Bilirubin_total <= 0.000 -> SepsisLabel <= 0.000) & Lactate >= 0.000) -> Creatinine >= 0.000)
",-9999999.000,-9999999.000,0.000,0.000,1.000,0,0,0,13,13,0,0,13,0.0,0,0,0.0,0.0,1.0
"F[1,2](((Hct <= 17.965 | EtCO2 <= 0.000) | SBP >= 0.000) | Fibrinogen >= 0.000)
",-9999999.000,-9999999.000,0.000,0.000,1.000,0,0,0,13,13,0,0,13,0.0,0,0,0.0,0.0,1.0
"F[1,2]((Hgb >= 1.172 | PaCO2 >= 2.672) | TroponinI <= 39.796)
",-9999999.000,-9999999.000,0.000,0.000,1.000,0,0,0,13,13,0,0,13,0.0,0,0,0.0,0.0,1.0
"F[0,2](Creatinine >= 0.034 | Platelets >= 0.729)
",-9999999.000,-9999999.000,0.000,0.000,1.000,0,0,0,13,13,0,0,13,0.0,0,0,0.0,0.0,1.0
"F[0,2]((Alkalinephos <= 0.000 | Hgb <= 4.831) -> Lactate <= 5.286)
",-9999999.000,-9999999.000,0.000,0.000,1.000,0,0,0,13,13,0,0,13,0.0,0,0,0.0,0.0,1.0
"F[0,2]((Chloride >= 17.121 | Temp >= 1.419) | BaseExcess >= 0.866)
",-9999999.000,-9999999.000,0.000,0.000,1.000,0,0,0,13,13,0,0,13,0.0,0,0,0.0,0.0,1.0
"F[1,2](((pH >= 0.198 & SBP >= 17.308) | EtCO2 <= 107.285) | PTT >= 62.339)
",-9999999.000,-9999999.000,0.000,0.000,1.000,0,0,0,13,13,0,0,13,0.0,0,0,0.0,0.0,1.0
"F[1,1](DBP >= 26.099 | MAP <= 79.645)
",5604543692896049.000,79.645,0.000,0.000,1.000,0,0,0,13,13,0,0,13,0.0,0,0,0.0,0.0,1.0
"((AST <= 0.000) U[0,1] (SepsisLabel = 0.000))
",-9999999.000,-9999999.000,0.000,0.000,1.000,0,0,0,13,13,0,0,13,0.0,0,0,0.0,0.0,1.0
"F[0,0](FiO2 < 0.149 -> SepsisLabel = 0.000)
",0.279,1.851,0.000,0.000,1.000,0,0,0,13,13,0,0,13,0.0,0,0,0.0,0.0,1.0
"F[0,2](AST >= 0.000 & SepsisLabel = 0.000)
",-9999999.000,-9999999.000,0.000,0.000,1.000,0,0,0,13,13,0,0,13,0.0,0,0,0.0,0.0,1.0
"((Creatinine >= 0.033) U[0,2] (SepsisLabel = 0.000))
",-9999999.000,-9999999.000,0.000,0.000,1.000,0,0,0,13,13,0,0,13,0.0,0,0,0.0,0.0,1.0
"F[1,1](HR < 84.768 -> SepsisLabel = 0.000)
",-5965048281792062.000,-84.768,0.000,0.000,1.000,0,0,0,13,13,0,0,13,0.0,0,0,0.0,0.0,1.0
"F[1,2](Creatinine <= 0.082 & SepsisLabel = 0.000)
",-9999999.000,-9999999.000,0.000,0.000,1.000,0,0,0,13,13,0,0,13,0.0,0,0,0.0,0.0,1.0
"((SepsisLabel > 0.000) U[0,1] (SepsisLabel = 0.000))
",-9999999.000,-9999999.000,0.000,0.000,1.000,0,0,0,13,13,0,0,13,0.0,0,0,0.0,0.0,1.0
"F[0,0](MAP < 69.416 -> SepsisLabel = 0.000)
",-0.330,-12.222,0.000,0.000,1.000,0,0,0,13,13,0,0,13,0.0,0,0,0.0,0.0,1.0
"((AST <= 0.000) U[0,1] (SepsisLabel = 0.000))
",-9999999.000,-9999999.000,0.000,0.000,1.000,0,0,0,13,13,0,0,13,0.0,0,0,0.0,0.0,1.0
"F[0,2](Alkalinephos > 0.000 & SepsisLabel = 0.000)
",-9999999.000,-9999999.000,0.000,0.000,1.000,0,0,0,13,13,0,0,13,0.0,0,0,0.0,0.0,1.0
"((Potassium < 2.100) U[0,0] (SepsisLabel = 0.000))
",4728937293873570.000,2.100,0.000,0.000,1.000,0,0,0,13,13,0,0,13,0.0,0,0,0.0,0.0,1.0
"((SBP <= 148.036) U[0,0] (SepsisLabel = 0.000))
",14.486,145.017,0.000,0.000,1.000,0,0,0,13,13,0,0,13,0.0,0,0,0.0,0.0,1.0
"((Calcium > 0.000) U[0,2] (SepsisLabel = 0.000))
",-9999999.000,-9999999.000,0.000,0.000,1.000,0,0,0,13,13,0,0,13,0.0,0,0,0.0,0.0,1.0
"((Phosphate <= 0.000) U[0,1] (SepsisLabel = 0.000))
",-9999999.000,-9999999.000,0.000,0.000,1.000,0,0,0,13,13,0,0,13,0.0,0,0,0.0,0.0,1.0
"F[1,2](Lactate >= 0.132 & SepsisLabel = 0.000)
",-9999999.000,-9999999.000,0.000,0.000,1.000,0,0,0,13,13,0,0,13,0.0,0,0,0.0,0.0,1.0
"F[2,2](Chloride <= 32.343 & SepsisLabel = 0.000)
",0.000,0.000,0.000,0.000,1.000,0,0,0,13,13,0,0,13,0.0,0,0,0.0,0.0,1.0
"((Alkalinephos > 0.000) U[0,0] (SepsisLabel = 0.000))
",0.302,1.167,0.000,0.000,1.000,0,0,0,13,13,0,0,13,0.0,0,0,0.0,0.0,1.0
"F[0,1](((BUN >= 1.512 & Resp >= 12.048) -> BaseExcess <= 17.844) | EtCO2 >= 11.821)
",-9999999.000,-9999999.000,0.000,0.000,1.000,0,0,0,13,13,0,0,13,0.0,0,0,0.0,0.0,1.0
"((FiO2 <= 0.330) U[0,1] (PaCO2 <= 17.327))
",-9999999.000,-9999999.000,0.000,0.000,1.000,0,0,0,13,13,0,0,13,0.0,0,0,0.0,0.0,1.0
"F[1,2](PaCO2 >= 2.592 -> pH >= 0.840)
",-9999999.000,-9999999.000,0.000,0.000,1.000,0,0,0,13,13,0,0,13,0.0,0,0,0.0,0.0,1.0
"F[1,1]((Creatinine <= 0.152 -> Magnesium <= 0.878) | Resp >= 0.039)
",-5666573904132658.000,-0.039,0.000,0.000,1.000,0,0,0,13,13,0,0,13,0.0,0,0,0.0,0.0,1.0
"F[1,2]((PaCO2 >= 3.237 & SaO2 >= 2.115) & Magnesium >= 9.404)
",-9999999.000,-9999999.000,0.000,0.000,1.000,0,0,0,13,13,0,0,13,0.0,0,0,0.0,0.0,1.0
"F[0,2]((Chloride <= 43.226 | Hgb >= 0.142) -> Fibrinogen <= 3.052)
",-9999999.000,-9999999.000,0.000,0.000,1.000,0,0,0,13,13,0,0,13,0.0,0,0,0.0,0.0,1.0
"F[0,2]((pH >= 0.282 & SaO2 >= 10.808) & BaseExcess <= 82.783)
",-9999999.000,-9999999.000,0.000,0.000,1.000,0,0,0,13,13,0,0,13,0.0,0,0,0.0,0.0,1.0
"F[1,2](HCO3 <= 4.390 & Magnesium <= 1.093)
",-9999999.000,-9999999.000,0.000,0.000,1.000,0,0,0,13,13,0,0,13,0.0,0,0,0.0,0.0,1.0
"F[0,2](((HCO3 <= 11.447 | WBC >= 0.044) -> Temp >= 0.284) & Phosphate <= 6.844)
",-9999999.000,-9999999.000,0.000,0.000,1.000,0,0,0,13,13,0,0,13,0.0,0,0,0.0,0.0,1.0
"F[0,1](AST <= 0.000 & SepsisLabel = 0.000)
",-9999999.000,-9999999.000,0.000,0.000,1.000,0,0,0,13,13,0,0,13,0.0,0,0,0.0,0.0,1.0
"F[2,2](Chloride <= 88.873 & Potassium <= 3.978)
",3.978,3.978,0.000,0.000,1.000,0,0,0,13,13,0,0,13,0.0,0,0,0.0,0.0,1.0
"F[0,2](Glucose < 41.197 & SepsisLabel = 0.000)
",-9999999.000,-9999999.000,0.000,0.000,1.000,0,0,0,13,13,0,0,13,0.0,0,0,0.0,0.0,1.0
"((O2Sat <= 98.571) U[0,1] (SepsisLabel = 0.000))
",-9999999.000,-9999999.000,0.000,0.000,1.000,0,0,0,13,13,0,0,13,0.0,0,0,0.0,0.0,1.0
"F[0,1](Platelets >= 1.305 -> SepsisLabel = 0.000)
",-9999999.000,-9999999.000,0.000,0.000,1.000,0,0,0,13,13,0,0,13,0.0,0,0,0.0,0.0,1.0
"F[0,1](Chloride < 23.781 -> SepsisLabel = 0.000)
",-9999999.000,-9999999.000,0.000,0.000,1.000,0,0,0,13,13,0,0,13,0.0,0,0,0.0,0.0,1.0
"F[1,2](HCO3 < 3.730 & SepsisLabel = 0.000)
",-9999999.000,-9999999.000,0.000,0.000,1.000,0,0,0,13,13,0,0,13,0.0,0,0,0.0,0.0,1.0
"F[0,0](SBP <= 133.992 -> SepsisLabel = 0.000)
",-13.083,-130.973,0.000,0.000,1.000,0,0,0,13,13,0,0,13,0.0,0,0,0.0,0.0,1.0
"((BaseExcess < -0.359) U[0,1] (SepsisLabel = 0.000))
",-9999999.000,-9999999.000,0.000,0.000,1.000,0,0,0,13,13,0,0,13,0.0,0,0,0.0,0.0,1.0
"F[0,2]((Phosphate >= 0.000 & Magnesium > 0.111) -> Calcium < 0.000)
",-9999999.000,-9999999.000,0.000,0.000,1.000,0,0,0,13,13,0,0,13,0.0,0,0,0.0,0.0,1.0
"F[0,2]((Calcium <= 0.000 & Potassium <= 3.435) & Magnesium >= 0.137)
",-9999999.000,-9999999.000,0.000,0.000,1.000,0,0,0,13,13,0,0,13,0.0,0,0,0.0,0.0,1.0
"((MAP >= 58.364) U[2,2] (SBP <= 149.844))
",5272177199124046.000,149.844,0.000,0.000,1.000,0,0,0,13,13,0,0,13,0.0,0,0,0.0,0.0,1.0
"F[2,2]((Phosphate >= 0.000 & Magnesium > 0.018) -> Calcium < 0.000)
",0.000,0.000,0.000,0.000,1.000,0,0,0,13,13,0,0,13,0.0,0,0,0.0,0.0,1.0
"F[1,2](((Calcium < 0.000 & Potassium < 4.102) & Magnesium < 1.271) & Phosphate < 0.000)
",-9999999.000,-9999999.000,0.000,0.000,1.000,0,0,0,13,13,0,0,13,0.0,0,0,0.0,0.0,1.0
"F[0,2]((Calcium <= 0.000 & Potassium <= 4.307) & Magnesium >= 0.054)
",-9999999.000,-9999999.000,0.000,0.000,1.000,0,0,0,13,13,0,0,13,0.0,0,0,0.0,0.0,1.0
"((MAP >= 65.391) U[0,2] (SBP <= 124.040))
",-9999999.000,-9999999.000,0.000,0.000,1.000,0,0,0,13,13,0,0,13,0.0,0,0,0.0,0.0,1.0
"F[1,2]((Phosphate >= 0.000 & Magnesium > 0.087) -> Calcium < 0.000)
",-9999999.000,-9999999.000,0.000,0.000,1.000,0,0,0,13,13,0,0,13,0.0,0,0,0.0,0.0,1.0
"F[0,1](Hgb <= 4.198 | Hct <= 18.875)
",-9999999.000,-9999999.000,0.000,0.000,1.000,0,0,0,13,13,0,0,13,0.0,0,0,0.0,0.0,1.0
"F[2,2](((Calcium < 0.000 & Potassium < 2.227) & Magnesium < 0.956) & Phosphate < 0.000)
",0.000,0.000,0.000,0.000,1.000,0,0,0,13,13,0,0,13,0.0,0,0,0.0,0.0,1.0
"F[2,2]((Phosphate >= 0.000 & Magnesium > 0.047) -> Calcium < 0.000)
",0.000,0.000,0.000,0.000,1.000,0,0,0,13,13,0,0,13,0.0,0,0,0.0,0.0,1.0
"F[0,2](((Calcium < 0.000 & Potassium < 1.299) & Magnesium < 1.381) & Phosphate < 0.000)
",-9999999.000,-9999999.000,0.000,0.000,1.000,0,0,0,13,13,0,0,13,0.0,0,0,0.0,0.0,1.0
"F[1,2](Hgb <= 8.407 | Hct <= 10.002)
",-9999999.000,-9999999.000,0.000,0.000,1.000,0,0,0,13,13,0,0,13,0.0,0,0,0.0,0.0,1.0
"((MAP >= 56.029) U[0,2] (SBP <= 133.759))
",-9999999.000,-9999999.000,0.000,0.000,1.000,0,0,0,13,13,0,0,13,0.0,0,0,0.0,0.0,1.0
"F[0,2]((Phosphate >= 0.000 & Magnesium > 0.127) -> Calcium < 0.000)
",-9999999.000,-9999999.000,0.000,0.000,1.000,0,0,0,13,13,0,0,13,0.0,0,0,0.0,0.0,1.0
"F[1,2](((Calcium < 0.000 & Potassium < 4.670) & Magnesium < 0.486) & Phosphate < 0.000)
",-9999999.000,-9999999.000,0.000,0.000,1.000,0,0,0,13,13,0,0,13,0.0,0,0,0.0,0.0,1.0
"F[0,1](Hgb <= 5.793 | Hct <= 13.603)
",-9999999.000,-9999999.000,0.000,0.000,1.000,0,0,0,13,13,0,0,13,0.0,0,0,0.0,0.0,1.0
"F[0,1]((Phosphate >= 0.000 & Magnesium > 0.038) -> Calcium < 0.000)
",-9999999.000,-9999999.000,0.000,0.000,1.000,0,0,0,13,13,0,0,13,0.0,0,0,0.0,0.0,1.0
"F[0,1](Hgb <= 6.119 | Hct <= 19.289)
",-9999999.000,-9999999.000,0.000,0.000,1.000,0,0,0,13,13,0,0,13,0.0,0,0,0.0,0.0,1.0
"F[1,2](((Calcium < 0.000 & Potassium < 1.092) & Magnesium < 1.551) & Phosphate < 0.000)
",-9999999.000,-9999999.000,0.000,0.000,1.000,0,0,0,13,13,0,0,13,0.0,0,0,0.0,0.0,1.0
"F[0,2]((Phosphate >= 0.000 & Magnesium > 0.117) -> Calcium < 0.000)
",-9999999.000,-9999999.000,0.000,0.000,1.000,0,0,0,13,13,0,0,13,0.0,0,0,0.0,0.0,1.0
"F[2,2](Hgb <= 4.315 | Hct <= 13.585)
",3823933184164594.500,13.585,0.000,0.000,1.000,0,0,0,13,13,0,0,13,0.0,0,0,0.0,0.0,1.0
"F[0,2]((Calcium <= 0.000 & Potassium <= 2.603) & Magnesium >= 0.091)
",-9999999.000,-9999999.000,0.000,0.000,1.000,0,0,0,13,13,0,0,13,0.0,0,0,0.0,0.0,1.0
"F[1,2](((Calcium < 0.000 & Potassium < 3.124) & Magnesium < 0.521) & Phosphate < 0.000)
",-9999999.000,-9999999.000,0.000,0.000,1.000,0,0,0,13,13,0,0,13,0.0,0,0,0.0,0.0,1.0
"F[0,1](Hgb <= 6.660 | Hct <= 9.103)
",-9999999.000,-9999999.000,0.000,0.000,1.000,0,0,0,13,13,0,0,13,0.0,0,0,0.0,0.0,1.0
"F[0,2](((Calcium < 0.000 & Potassium < 1.539) & Magnesium < 1.801) & Phosphate < 0.000)
",-9999999.000,-9999999.000,0.000,0.000,1.000,0,0,0,13,13,0,0,13,0.0,0,0,0.0,0.0,1.0
"F[1,2]((Phosphate >= 0.000 & Magnesium > 0.083) -> Calcium < 0.000)
",-9999999.000,-9999999.000,0.000,0.000,1.000,0,0,0,13,13,0,0,13,0.0,0,0,0.0,0.0,1.0
"F[0,1](Hgb <= 8.109 | Hct <= 18.572)
",-9999999.000,-9999999.000,0.000,0.000,1.000,0,0,0,13,13,0,0,13,0.0,0,0,0.0,0.0,1.0
"F[0,2]((Calcium <= 0.000 & Potassium <= 3.167) & Magnesium >= 0.058)
",-9999999.000,-9999999.000,0.000,0.000,1.000,0,0,0,13,13,0,0,13,0.0,0,0,0.0,0.0,1.0
"F[2,2](((Calcium < 0.000 & Potassium < 2.312) & Magnesium < 0.794) & Phosphate < 0.000)
",0.000,0.000,0.000,0.000,1.000,0,0,0,13,13,0,0,13,0.0,0,0,0.0,0.0,1.0
"F[1,2]((Phosphate >= 0.000 & Magnesium > 0.088) -> Calcium < 0.000)
",-9999999.000,-9999999.000,0.000,0.000,1.000,0,0,0,13,13,0,0,13,0.0,0,0,0.0,0.0,1.0
"F[0,2](Hgb <= 5.270 | Hct <= 11.312)
",-9999999.000,-9999999.000,0.000,0.000,1.000,0,0,0,13,13,0,0,13,0.0,0,0,0.0,0.0,1.0
"F[0,2]((Calcium <= 0.000 & Potassium <= 3.487) & Magnesium >= 0.046)
",-9999999.000,-9999999.000,0.000,0.000,1.000,0,0,0,13,13,0,0,13,0.0,0,0,0.0,0.0,1.0
"F[0,2](((Lactate <= 1.179 & PaCO2 <= 10.265) -> BaseExcess >= 0.971) & Hct >= 0.585)
",-9999999.000,-9999999.000,0.000,0.000,1.000,0,0,0,13,13,0,0,13,0.0,0,0,0.0,0.0,1.0
"F[0,1]((BaseExcess <= -0.197 & PaCO2 >= 0.303) -> Lactate >= 2.844)
",-9999999.000,-9999999.000,0.000,0.000,1.000,0,0,0,13,13,0,0,13,0.0,0,0,0.0,0.0,1.0
"F[0,2](FiO2 <= 0.203 & Glucose >= 1.942)
",-9999999.000,-9999999.000,0.000,0.000,1.000,0,0,0,13,13,0,0,13,0.0,0,0,0.0,0.0,1.0
"F[0,2](BUN >= 1.258 & FiO2 <= 0.379)
",-9999999.000,-9999999.000,0.000,0.000,1.000,0,0,0,13,13,0,0,13,0.0,0,0,0.0,0.0,1.0
"F[0,2]((BaseExcess <= -0.165 -> Hct >= 2.680) & Hgb <= 24.838)
",-9999999.000,-9999999.000,0.000,0.000,1.000,0,0,0,13,13,0,0,13,0.0,0,0,0.0,0.0,1.0
"F[2,2]((Calcium <= 0.000 & Potassium <= 4.448) & Magnesium >= 0.143)
",-5159731337995629.000,-0.143,0.000,0.000,1.000,0,0,0,13,13,0,0,13,0.0,0,0,0.0,0.0,1.0
"F[1,1](((Hgb >= 1.173 -> SBP <= 132.317) & AST <= 150.247) | BUN <= 103.888)
",7310451783103045.000,103.888,0.000,0.000,1.000,0,0,0,13,13,0,0,13,0.0,0,0,0.0,0.0,1.0
"F[1,2]((HCO3 >= 1.611 | SBP >= 65.379) | Magnesium >= 34.331)
",-9999999.000,-9999999.000,0.000,0.000,1.000,0,0,0,13,13,0,0,13,0.0,0,0,0.0,0.0,1.0
"F[1,2](((FiO2 >= 0.035 & Hgb >= 0.182) -> FiO2 >= 0.859) | Resp >= 0.634)
",-9999999.000,-9999999.000,0.000,0.000,1.000,0,0,0,13,13,0,0,13,0.0,0,0,0.0,0.0,1.0
"F[2,2](((HR <= 82.469 | Lactate >= 0.063) -> TroponinI <= 3.113) & HR <= 1.364)
",-82.469,-82.469,0.000,0.000,1.000,0,0,0,13,13,0,0,13,0.0,0,0,0.0,0.0,1.0
"F[1,2](((Chloride <= 81.238 & SBP >= 61.049) -> Fibrinogen >= 25.325) | Creatinine <= 108.604)
",-9999999.000,-9999999.000,0.000,0.000,1.000,0,0,0,13,13,0,0,13,0.0,0,0,0.0,0.0,1.0
"F[1,2](((Hgb <= 5.767 | MAP >= 60.190) & BUN <= 68.697) | Platelets <= 77.860)
",-9999999.000,-9999999.000,0.000,0.000,1.000,0,0,0,13,13,0,0,13,0.0,0,0,0.0,0.0,1.0
"F[2,2]((Glucose <= 55.455 -> HR <= 88.139) | DBP >= 66.395)
",-66.395,-66.395,0.000,0.000,1.000,0,0,0,13,13,0,0,13,0.0,0,0,0.0,0.0,1.0
"F[0,1]((DBP <= 46.064 & Hct >= 3.632) | HR >= 0.754)
",-9999999.000,-9999999.000,0.000,0.000,1.000,0,0,0,13,13,0,0,13,0.0,0,0,0.0,0.0,1.0
"((Chloride <= 106.168) U[2,2] (DBP >= 20.765))
",106.168,106.168,0.000,0.000,1.000,0,0,0,13,13,0,0,13,0.0,0,0,0.0,0.0,1.0
"F[1,2]((HR >= 71.116 | Temp <= 29.940) & Creatinine >= 0.227)
",-9999999.000,-9999999.000,0.000,0.000,1.000,0,0,0,13,13,0,0,13,0.0,0,0,0.0,0.0,1.0
"F[1,2]((DBP <= 42.141 -> pH >= 0.937) | Alkalinephos >= 0.179)
",-9999999.000,-9999999.000,0.000,0.000,1.000,0,0,0,13,13,0,0,13,0.0,0,0,0.0,0.0,1.0
"F[1,2](((MAP >= 55.877 | SaO2 <= 33.232) -> Bilirubin_total >= 5.958) -> Glucose <= 89.629)
",-9999999.000,-9999999.000,0.000,0.000,1.000,0,0,0,13,13,0,0,13,0.0,0,0,0.0,0.0,1.0
"F[1,2](((FiO2 >= 0.057 | Resp <= 16.057) | Calcium >= 11.323) & Magnesium >= 14.515)
",-9999999.000,-9999999.000,0.000,0.000,1.000,0,0,0,13,13,0,0,13,0.0,0,0,0.0,0.0,1.0
"F[1,2](((BaseExcess <= -0.088 -> SBP >= 70.198) -> pH <= 137.514) & Bilirubin_total >= 1.535)
",-9999999.000,-9999999.000,0.000,0.000,1.000,0,0,0,13,13,0,0,13,0.0,0,0,0.0,0.0,1.0
"((DBP >= 35.269) U[2,2] (FiO2 >= 0.037))
",-0.037,-0.037,0.000,0.000,1.000,0,0,0,13,13,0,0,13,0.0,0,0,0.0,0.0,1.0
"F[1,2](((Magnesium >= 0.150 -> SBP >= 44.679) & Temp >= 22.011) | Creatinine >= 23.754)
",-9999999.000,-9999999.000,0.000,0.000,1.000,0,0,0,13,13,0,0,13,0.0,0,0,0.0,0.0,1.0
"F[1,2]((Resp >= 10.804 | SBP >= 78.246) | Lactate >= 57.130)
",-9999999.000,-9999999.000,0.000,0.000,1.000,0,0,0,13,13,0,0,13,0.0,0,0,0.0,0.0,1.0
"F[0,1](((BUN <= 8.875 | HR <= 80.995) -> Alkalinephos >= 64.004) -> Platelets <= 80.741)
",-9999999.000,-9999999.000,0.000,0.000,1.000,0,0,0,13,13,0,0,13,0.0,0,0,0.0,0.0,1.0
"F[0,2](((DBP >= 13.623 & O2Sat >= 95.021) & MAP <= 98.114) & BaseExcess <= 99.993)
",-9999999.000,-9999999.000,0.000,0.000,1.000,0,0,0,13,13,0,0,13,0.0,0,0,0.0,0.0,1.0
"F[1,2](((HR <= 82.812 -> O2Sat >= 97.212) | HCO3 >= 96.110) & Creatinine <= 98.449)
",-9999999.000,-9999999.000,0.000,0.000,1.000,0,0,0,13,13,0,0,13,0.0,0,0,0.0,0.0,1.0
"F[1,2]((DBP >= 15.820 -> Resp >= 15.499) | SBP <= 18.739)
",-9999999.000,-9999999.000,0.000,0.000,1.000,0,0,0,13,13,0,0,13,0.0,0,0,0.0,0.0,1.0
"F[0,0](pH <= 6.939 -> Resp >= 9.062)
",-2.197,-28.897,0.000,0.000,1.000,0,0,0,13,13,0,0,13,0.0,0,0,0.0,0.0,1.0
"F[0,2](((Resp <= 19.455 -> Temp <= 23.652) -> EtCO2 >= 1.098) | SaO2 >= 0.288)
",-9999999.000,-9999999.000,0.000,0.000,1.000,0,0,0,13,13,0,0,13,0.0,0,0,0.0,0.0,1.0
"F[1,2](DBP >= 22.612 & Magnesium >= 0.041)
",-9999999.000,-9999999.000,0.000,0.000,1.000,0,0,0,13,13,0,0,13,0.0,0,0,0.0,0.0,1.0
"((Creatinine >= 0.009) U[0,2] (SBP <= 115.038))
",-9999999.000,-9999999.000,0.000,0.000,1.000,0,0,0,13,13,0,0,13,0.0,0,0,0.0,0.0,1.0
"F[0,1](Platelets <= 105.554 -> SBP <= 135.976)
",-9999999.000,-9999999.000,0.000,0.000,1.000,0,0,0,13,13,0,0,13,0.0,0,0,0.0,0.0,1.0
"F[2,2](Chloride <= 69.970 | FiO2 >= 0.021)
",4923726981255383.000,69.970,0.000,0.000,1.000,0,0,0,13,13,0,0,13,0.0,0,0,0.0,0.0,1.0
"F[0,1](((Magnesium >= 0.026 | pH <= 2.661) -> Creatinine >= 1.021) -> TroponinI <= 4.756)
",-9999999.000,-9999999.000,0.000,0.000,1.000,0,0,0,13,13,0,0,13,0.0,0,0,0.0,0.0,1.0
"F[0,2]((HCO3 <= 20.553 & Resp >= 15.177) | Bilirubin_total >= 15.748)
",-9999999.000,-9999999.000,0.000,0.000,1.000,0,0,0,13,13,0,0,13,0.0,0,0,0.0,0.0,1.0
"F[0,2]((O2Sat >= 96.151 | SaO2 >= 2.303) & FiO2 <= 33.181)
",-9999999.000,-9999999.000,0.000,0.000,1.000,0,0,0,13,13,0,0,13,0.0,0,0,0.0,0.0,1.0
"F[0,1]((HCO3 <= 15.710 & MAP <= 76.030) & PTT <= 78.019)
",-9999999.000,-9999999.000,0.000,0.000,1.000,0,0,0,13,13,0,0,13,0.0,0,0,0.0,0.0,1.0
"F[1,2]((Glucose <= 28.792 | Hgb <= 6.188) & HR >= 0.109)
",-9999999.000,-9999999.000,0.000,0.000,1.000,0,0,0,13,13,0,0,13,0.0,0,0,0.0,0.0,1.0
"F[1,2](((BUN <= 11.987 & Creatinine >= 0.008) & Chloride >= 0.033) & Alkalinephos <= 0.542)
",-9999999.000,-9999999.000,0.000,0.000,1.000,0,0,0,13,13,0,0,13,0.0,0,0,0.0,0.0,1.0
"((HR >= 74.018) U[0,2] (pH >= 0.366))
",-9999999.000,-9999999.000,0.000,0.000,1.000,0,0,0,13,13,0,0,13,0.0,0,0,0.0,0.0,1.0
"((BaseExcess <= -0.088) U[2,2] (FiO2 <= 0.483))
",4352129960902610.500,0.483,0.000,0.000,1.000,0,0,0,13,13,0,0,13,0.0,0,0,0.0,0.0,1.0
"F[0,2](FiO2 <= 0.143 | pH >= 0.151)
",-9999999.000,-9999999.000,0.000,0.000,1.000,0,0,0,13,13,0,0,13,0.0,0,0,0.0,0.0,1.0
"F[0,2]((BaseExcess >= -0.974 -> SaO2 >= 4.342) & Platelets >= 13.022)
",-9999999.000,-9999999.000,0.000,0.000,1.000,0,0,0,13,13,0,0,13,0.0,0,0,0.0,0.0,1.0
"F[0,2]((FiO2 <= 0.433 & SaO2 >= 12.286) -> Platelets <= 74.351)
",-9999999.000,-9999999.000,0.000,0.000,1.000,0,0,0,13,13,0,0,13,0.0,0,0,0.0,0.0,1.0
"F[2,2](((BUN >= 0.244 -> Platelets <= 53.165) & Bilirubin_direct >= 5.562) -> HCO3 >= 5.608)
",5.608,5.608,0.000,0.000,1.000,0,0,0,13,13,0,0,13,0.0,0,0,0.0,0.0,1.0
"F[0,1](Creatinine >= 0.008 -> Hgb <= 5.939)
",-9999999.000,-9999999.000,0.000,0.000,1.000,0,0,0,13,13,0,0,13,0.0,0,0,0.0,0.0,1.0
"F[1,2](((FiO2 <= 0.298 | WBC <= 4.303) | SBP <= 2.432) -> Glucose <= 1.593)
",-9999999.000,-9999999.000,0.000,0.000,1.000,0,0,0,13,13,0,0,13,0.0,0,0,0.0,0.0,1.0
"((Hgb <= 6.804) U[0,2] (Lactate <= 0.154))
",-9999999.000,-9999999.000,0.000,0.000,1.000,0,0,0,13,13,0,0,13,0.0,0,0,0.0,0.0,1.0
"((Hct >= 3.230) U[0,1] (Magnesium <= 1.424))
",-9999999.000,-9999999.000,0.000,0.000,1.000,0,0,0,13,13,0,0,13,0.0,0,0,0.0,0.0,1.0
"F[0,1]((Glucose <= 95.118 -> Platelets <= 22.796) -> AST <= 45.660)
",-9999999.000,-9999999.000,0.000,0.000,1.000,0,0,0,13,13,0,0,13,0.0,0,0,0.0,0.0,1.0
"F[2,2](((HCO3 <= 8.589 | Lactate <= 2.813) | Phosphate >= 0.020) | Alkalinephos >= 0.070)
",4834924435696106.000,8.589,0.000,0.000,1.000,0,0,0,13,13,0,0,13,0.0,0,0,0.0,0.0,1.0
"F[0,2](((BUN >= 0.655 | Lactate >= 0.116) & pH <= 2.114) & SBP <= 1.028)
",-9999999.000,-9999999.000,0.000,0.000,1.000,0,0,0,13,13,0,0,13,0.0,0,0,0.0,0.0,1.0
"((Magnesium <= 0.870) U[2,2] (Potassium <= 2.458))
",5534707463815603.000,2.458,0.000,0.000,1.000,0,0,0,13,13,0,0,13,0.0,0,0,0.0,0.0,1.0
"F[0,2](((BaseExcess <= -0.107 | WBC <= 9.534) -> pH >= 0.075) -> Lactate >= 0.011)
",-9999999.000,-9999999.000,0.000,0.000,1.000,0,0,0,13,13,0,0,13,0.0,0,0,0.0,0.0,1.0
"F[1,2](((Lactate >= 0.094 | pH <= 3.371) -> Temp <= 1.404) | pH <= 6.159)
",-9999999.000,-9999999.000,0.000,0.000,1.000,0,0,0,13,13,0,0,13,0.0,0,0,0.0,0.0,1.0
"F[0,2]((DBP <= 43.742 | Temp >= 0.448) | pH >= 0.344)
",-9999999.000,-9999999.000,0.000,0.000,1.000,0,0,0,13,13,0,0,13,0.0,0,0,0.0,0.0,1.0
"F[0,1]((BUN >= 0.864 | SaO2 <= 70.131) -> BUN <= 30.877)
",-9999999.000,-9999999.000,0.000,0.000,1.000,0,0,0,13,13,0,0,13,0.0,0,0,0.0,0.0,1.0
"((BaseExcess <= -0.263) U[2,2] (HR >= 73.595))
",-0.263,-0.263,0.000,0.000,1.000,0,0,0,13,13,0,0,13,0.0,0,0,0.0,0.0,1.0
"F[0,1](((PaCO2 <= 11.119 | WBC >= 0.453) | TroponinI >= 0.493) -> BUN <= 8.436)
",-9999999.000,-9999999.000,0.000,0.000,1.000,0,0,0,13,13,0,0,13,0.0,0,0,0.0,0.0,1.0
"F[2,2](Hct >= 0.389 -> Lactate >= 0.004)
",2850947138900595.500,0.004,0.000,0.000,1.000,0,0,0,13,13,0,0,13,0.0,0,0,0.0,0.0,1.0
"F[2,2]((Glucose >= 13.529 & Hct >= 4.604) | Chloride >= 0.760)
",-0.760,-0.760,0.000,0.000,1.000,0,0,0,13,13,0,0,13,0.0,0,0,0.0,0.0,1.0
"((Glucose >= 10.964) U[0,2] (Potassium <= 3.021))
",-9999999.000,-9999999.000,0.000,0.000,1.000,0,0,0,13,13,0,0,13,0.0,0,0,0.0,0.0,1.0
"F[0,1](((BaseExcess >= -2.196 -> Hgb <= 1.791) | WBC <= 9.440) | SaO2 <= 7.675)
",-9999999.000,-9999999.000,0.000,0.000,1.000,0,0,0,13,13,0,0,13,0.0,0,0,0.0,0.0,1.0
"F[1,2](MAP <= 77.687 | pH >= 0.436)
",-9999999.000,-9999999.000,0.000,0.000,1.000,0,0,0,13,13,0,0,13,0.0,0,0,0.0,0.0,1.0
"F[2,2](Glucose <= 80.520 -> Magnesium >= 0.015)
",-80.520,-80.520,0.000,0.000,1.000,0,0,0,13,13,0,0,13,0.0,0,0,0.0,0.0,1.0
"F[0,2]((MAP <= 69.505 | WBC >= 0.650) -> Creatinine <= 4.199)
",-9999999.000,-9999999.000,0.000,0.000,1.000,0,0,0,13,13,0,0,13,0.0,0,0,0.0,0.0,1.0
"((Glucose <= 14.098) U[2,2] (O2Sat >= 95.393))
",14.098,14.098,0.000,0.000,1.000,0,0,0,13,13,0,0,13,0.0,0,0,0.0,0.0,1.0
"F[0,2](((MAP <= 68.333 & PaCO2 <= 8.466) | BUN >= 2.556) -> Phosphate <= 31.964)
",-9999999.000,-9999999.000,0.000,0.000,1.000,0,0,0,13,13,0,0,13,0.0,0,0,0.0,0.0,1.0
"F[1,1]((Hgb >= 0.122 -> PaCO2 <= 14.831) | TroponinI >= 0.401)
",-0.401,-0.401,0.000,0.000,1.000,0,0,0,13,13,0,0,13,0.0,0,0,0.0,0.0,1.0
"F[0,2](((PaCO2 <= 37.233 | Resp <= 22.021) | Creatinine <= 25.366) -> EtCO2 >= 12.536)
",-9999999.000,-9999999.000,0.000,0.000,1.000,0,0,0,13,13,0,0,13,0.0,0,0,0.0,0.0,1.0
"((EtCO2 <= 0.000) U[1,1] (TroponinI <= 0.000))
",0.000,0.000,0.000,0.000,1.000,0,0,0,13,13,0,0,13,0.0,0,0,0.0,0.0,1.0
