Rule,Discrimination Score,Pos Robustness,Neg Robustness,Percent Class +,Percent Class -,TP,TN,FP,FN,Actual Yes,Actual No,Predicted Yes,Predicted No,TPR/Sens,TNR/Spec,FPR,Precision,Accuracy,MCR
"G[0,0](((Hgb >= 0.995 -> O2Sat <= 99.529) | Fibrinogen >= 57.096) | Temp <= 96.479)
",0.242,6.718,0.000,1.000,0.000,24,0,0,0,24,0,24,0,1.0,0.0,0.0,1.0,1.0212765957446808,-0.02127659574468077
"G[0,0](Platelets <= 63.678 -> WBC >= 0.000)
",-2987295395984039.500,-63.678,0.000,1.000,0.000,24,0,0,0,24,0,24,0,1.0,0.0,0.0,1.0,1.0212765957446808,-0.02127659574468077
"G[0,0]((Fibrinogen <= 0.000 & Hgb <= 10.739) -> DBP >= 0.456)
",-4.109,-65.151,0.000,1.000,0.000,24,0,0,0,24,0,24,0,1.0,0.0,0.0,1.0,1.0212765957446808,-0.02127659574468077
"G[0,0](Platelets <= 19.848 -> WBC >= 0.000)
",-4.607,-20.811,0.000,1.000,0.000,24,0,0,0,24,0,24,0,1.0,0.0,0.0,1.0,1.0212765957446808,-0.02127659574468077
"G[0,0](((MAP >= 60.283 & MAP <= 67.964) | DBP <= 72.760) | WBC <= 87.090)
",9.955,85.264,0.000,1.000,0.000,24,0,0,0,24,0,24,0,1.0,0.0,0.0,1.0,1.0212765957446808,-0.02127659574468077
"G[0,0](Temp <= 36.619 -> SepsisLabel = 0.000)
",-0.025,-0.429,0.000,1.000,0.000,24,0,0,0,24,0,24,0,1.0,0.0,0.0,1.0,1.0212765957446808,-0.02127659574468077
"G[0,0](((Chloride <= 80.067 -> SBP <= 107.834) & PTT >= 18.991) -> HCO3 >= 0.252)
",-0.291,-0.487,0.000,1.000,0.000,24,0,0,0,24,0,24,0,1.0,0.0,0.0,1.0,1.0212765957446808,-0.02127659574468077
"G[0,0]((Chloride >= 1.790 | HR <= 89.051) -> EtCO2 <= 95.781)
",-15.970,-82.150,0.000,1.000,0.000,24,0,0,0,24,0,24,0,1.0,0.0,0.0,1.0,1.0212765957446808,-0.02127659574468077
"G[0,0](((HR >= 24.568 & Platelets <= 109.282) & Fibrinogen >= 0.591) -> BUN <= 115.848)
",-115.848,-115.848,0.000,1.000,0.000,24,0,0,0,24,0,24,0,1.0,0.0,0.0,1.0,1.0212765957446808,-0.02127659574468077
"G[0,0]((BaseExcess >= 0.249 | Platelets <= 120.261) & Resp >= 2.756)
",3.922,46.070,0.000,1.000,0.000,24,0,0,0,24,0,24,0,1.0,0.0,0.0,1.0,1.0212765957446808,-0.02127659574468077
"G[0,0](Platelets <= 17.506 -> WBC >= 0.000)
",-3.718,-18.571,0.000,1.000,0.000,24,0,0,0,24,0,24,0,1.0,0.0,0.0,1.0,1.0212765957446808,-0.02127659574468077
"G[0,0]((MAP >= 24.617 -> SaO2 >= 4.546) | TroponinI <= 29.298)
",29.298,29.298,0.000,1.000,0.000,24,0,0,0,24,0,24,0,1.0,0.0,0.0,1.0,1.0212765957446808,-0.02127659574468077
"G[0,0]((BUN <= 4.673 & PaCO2 <= 30.094) | Magnesium <= 10.765)
",10.765,10.765,0.000,1.000,0.000,24,0,0,0,24,0,24,0,1.0,0.0,0.0,1.0,1.0212765957446808,-0.02127659574468077
"G[1,1](((BaseExcess >= 0.648 & PTT >= 0.145) & HR >= 0.415) | Resp <= 33.842)
",2381401251695210.500,33.842,0.000,1.000,0.000,23,0,1,0,23,1,24,0,1.0,0.0,1.0,0.9583333333333334,0.9787234042553191,0.021276595744680882
"G[0,1]((Chloride >= 0.624 & HCO3 >= 0.262) -> Hgb <= 1.747)
",9999999.000,9999999.000,0.000,1.000,0.000,23,0,1,0,23,1,24,0,1.0,0.0,1.0,0.9583333333333334,0.9787234042553191,0.021276595744680882
"G[1,1](Alkalinephos <= 0.000 | Resp <= 15.857)
",2231708698563269.250,15.857,0.000,1.000,0.000,23,0,1,0,23,1,24,0,1.0,0.0,1.0,0.9583333333333334,0.9787234042553191,0.021276595744680882
"G[0,0](((Fibrinogen >= 0.000 & Calcium >= 0.000) -> AST >= 0.000) -> HCO3 <= 0.000)
",0.213,0.174,0.000,1.000,0.000,23,0,0,1,24,0,23,1,0.9583333333333334,0.0,0.0,1.0,0.9787234042553191,0.021276595744680882
"G[0,1](SBP > 91.953 -> SepsisLabel = 0.000)
",9999999.000,9999999.000,0.000,1.000,0.000,23,0,1,0,23,1,24,0,1.0,0.0,1.0,0.9583333333333334,0.9787234042553191,0.021276595744680882
"G[0,1]((Creatinine <= 1.182 | SepsisLabel <= 0.000) & Creatinine >= 0.000)
",9999999.000,9999999.000,0.000,1.000,0.000,23,0,1,0,23,1,24,0,1.0,0.0,1.0,0.9583333333333334,0.9787234042553191,0.021276595744680882
"G[0,1](((Magnesium <= 1.203 | MAP >= 31.730) | Resp >= 10.098) | AST <= 78.998)
",9999999.000,9999999.000,0.000,1.000,0.000,23,0,1,0,23,1,24,0,1.0,0.0,1.0,0.9583333333333334,0.9787234042553191,0.021276595744680882
"G[1,1]((FiO2 >= 0.028 | HR <= 95.067) | Potassium >= 25.468)
",6689744538887071.000,95.067,0.000,1.000,0.000,23,0,1,0,23,1,24,0,1.0,0.0,1.0,0.9583333333333334,0.9787234042553191,0.021276595744680882
"G[0,1](SBP < 103.921 -> SepsisLabel = 0.000)
",9999999.000,9999999.000,0.000,1.000,0.000,23,0,1,0,23,1,24,0,1.0,0.0,1.0,0.9583333333333334,0.9787234042553191,0.021276595744680882
"G[0,0](Creatinine <= 1.049 & DBP <= 74.424)
",-0.035,-0.092,0.000,1.000,0.000,23,0,0,1,24,0,23,1,0.9583333333333334,0.0,0.0,1.0,0.9787234042553191,0.021276595744680882
"G[0,1](((Creatinine >= 0.045 | PaCO2 >= 1.947) -> Hgb >= 9.123) | BaseExcess <= 35.966)
",9999999.000,9999999.000,0.000,1.000,0.000,23,0,1,0,23,1,24,0,1.0,0.0,1.0,0.9583333333333334,0.9787234042553191,0.021276595744680882
"G[1,1](PaCO2 < 29.660 -> SepsisLabel = 0.000)
",-8348568204183073.000,-29.660,0.000,1.000,0.000,23,0,1,0,23,1,24,0,1.0,0.0,1.0,0.9583333333333334,0.9787234042553191,0.021276595744680882
"G[0,1]((DBP <= 55.975 -> PTT <= 11.025) | Alkalinephos >= 0.541)
",9999999.000,9999999.000,0.000,1.000,0.000,23,0,1,0,23,1,24,0,1.0,0.0,1.0,0.9583333333333334,0.9787234042553191,0.021276595744680882
"G[0,1](((Bilirubin_total >= 0.000 | TroponinI <= 0.000) & Phosphate <= 0.000) | Hgb <= 0.000)
",9999999.000,9999999.000,0.000,1.000,0.000,23,0,1,0,23,1,24,0,1.0,0.0,1.0,0.9583333333333334,0.9787234042553191,0.021276595744680882
"G[0,1]((BUN >= 0.110 -> Resp <= 26.129) | EtCO2 >= 11.318)
",9999999.000,9999999.000,0.000,1.000,0.000,23,0,1,0,23,1,24,0,1.0,0.0,1.0,0.9583333333333334,0.9787234042553191,0.021276595744680882
"G[0,1]((DBP >= 42.179 -> HCO3 <= 12.785) -> Alkalinephos <= 13.306)
",9999999.000,9999999.000,0.000,1.000,0.000,23,0,1,0,23,1,24,0,1.0,0.0,1.0,0.9583333333333334,0.9787234042553191,0.021276595744680882
"G[1,1](((Magnesium >= 0.076 & Alkalinephos >= 0.000) & Magnesium <= 0.000) | FiO2 >= 0.000)
",0.000,0.000,0.000,1.000,0.000,23,0,1,0,23,1,24,0,1.0,0.0,1.0,0.9583333333333334,0.9787234042553191,0.021276595744680882
"G[0,1]((HR <= 84.337 -> Temp <= 36.306) -> Potassium <= 37.221)
",9999999.000,9999999.000,0.000,1.000,0.000,23,0,1,0,23,1,24,0,1.0,0.0,1.0,0.9583333333333334,0.9787234042553191,0.021276595744680882
"G[0,1](((HCO3 <= 25.076 -> SBP >= 12.059) | BUN >= 15.482) -> Fibrinogen <= 116.757)
",9999999.000,9999999.000,0.000,1.000,0.000,23,0,1,0,23,1,24,0,1.0,0.0,1.0,0.9583333333333334,0.9787234042553191,0.021276595744680882
"G[0,1](((Calcium >= 0.000 & Calcium <= 0.000) -> O2Sat >= 0.000) | Fibrinogen <= 0.000)
",9999999.000,9999999.000,0.000,1.000,0.000,23,0,1,0,23,1,24,0,1.0,0.0,1.0,0.9583333333333334,0.9787234042553191,0.021276595744680882
"G[0,1](((Glucose <= 39.563 & Hct <= 5.676) | HR >= 1.992) | Alkalinephos >= 2.502)
",9999999.000,9999999.000,0.000,1.000,0.000,23,0,1,0,23,1,24,0,1.0,0.0,1.0,0.9583333333333334,0.9787234042553191,0.021276595744680882
"G[1,1](DBP >= 14.901 -> HR >= 21.476)
",2097113594790477.250,14.901,0.000,1.000,0.000,23,0,1,0,23,1,24,0,1.0,0.0,1.0,0.9583333333333334,0.9787234042553191,0.021276595744680882
"G[0,1](((HCO3 <= 13.956 & Magnesium <= 0.975) | Fibrinogen <= 1.583) | EtCO2 <= 1.552)
",9999999.000,9999999.000,0.000,1.000,0.000,23,0,1,0,23,1,24,0,1.0,0.0,1.0,0.9583333333333334,0.9787234042553191,0.021276595744680882
"G[0,1](((HR >= 18.836 | SBP >= 77.644) & Alkalinephos <= 105.822) -> DBP <= 111.808)
",9999999.000,9999999.000,0.000,1.000,0.000,23,0,1,0,23,1,24,0,1.0,0.0,1.0,0.9583333333333334,0.9787234042553191,0.021276595744680882
"G[0,0](BUN <= 15.230 & Potassium <= 2.403)
",2705418709299970.000,2.403,0.000,1.000,0.000,23,0,0,1,24,0,23,1,0.9583333333333334,0.0,0.0,1.0,0.9787234042553191,0.021276595744680882
"G[0,1]((HCO3 >= 0.511 & PTT >= 0.155) -> Glucose <= 34.728)
",9999999.000,9999999.000,0.000,1.000,0.000,23,0,1,0,23,1,24,0,1.0,0.0,1.0,0.9583333333333334,0.9787234042553191,0.021276595744680882
"G[0,1](((BaseExcess >= 0.694 | FiO2 <= 0.307) -> Creatinine >= 0.051) -> AST <= 0.430)
",9999999.000,9999999.000,0.000,1.000,0.000,23,0,1,0,23,1,24,0,1.0,0.0,1.0,0.9583333333333334,0.9787234042553191,0.021276595744680882
"G[0,1]((Phosphate >= 0.000 | DBP <= 54.224) -> TroponinI <= 66.291)
",9999999.000,9999999.000,0.000,1.000,0.000,23,0,1,0,23,1,24,0,1.0,0.0,1.0,0.9583333333333334,0.9787234042553191,0.021276595744680882
"G[0,1]((HCO3 <= 25.167 -> Bilirubin_total >= 0.000) | EtCO2 >= 0.000)
",9999999.000,9999999.000,0.000,1.000,0.000,23,0,1,0,23,1,24,0,1.0,0.0,1.0,0.9583333333333334,0.9787234042553191,0.021276595744680882
"G[0,1](((Chloride <= 81.095 -> PTT >= 0.238) & Hct <= 29.651) | WBC <= 6.247)
",9999999.000,9999999.000,0.000,1.000,0.000,23,0,1,0,23,1,24,0,1.0,0.0,1.0,0.9583333333333334,0.9787234042553191,0.021276595744680882
"G[0,1](WBC >= 0.000 & Bilirubin_direct >= 0.000)
",9999999.000,9999999.000,0.000,1.000,0.000,23,0,1,0,23,1,24,0,1.0,0.0,1.0,0.9583333333333334,0.9787234042553191,0.021276595744680882
"G[0,1](((Chloride >= 0.007 | FiO2 <= 0.487) -> Magnesium <= 0.429) -> Phosphate <= 0.493)
",9999999.000,9999999.000,0.000,1.000,0.000,23,0,1,0,23,1,24,0,1.0,0.0,1.0,0.9583333333333334,0.9787234042553191,0.021276595744680882
"G[0,1](Lactate <= 0.000 & SepsisLabel >= 0.000)
",9999999.000,9999999.000,0.000,1.000,0.000,23,0,1,0,23,1,24,0,1.0,0.0,1.0,0.9583333333333334,0.9787234042553191,0.021276595744680882
"G[1,1]((PaCO2 <= 22.836 -> Temp <= 36.435) | Chloride <= 36.597)
",2575284577021718.500,36.597,0.000,1.000,0.000,23,0,1,0,23,1,24,0,1.0,0.0,1.0,0.9583333333333334,0.9787234042553191,0.021276595744680882
"G[0,1](Platelets <= 59.243 -> WBC >= 0.000)
",9999999.000,9999999.000,0.000,1.000,0.000,23,0,1,0,23,1,24,0,1.0,0.0,1.0,0.9583333333333334,0.9787234042553191,0.021276595744680882
"G[0,1](((Glucose >= 22.729 -> MAP >= 35.322) -> BUN >= 39.842) -> SaO2 <= 88.660)
",9999999.000,9999999.000,0.000,1.000,0.000,23,0,1,0,23,1,24,0,1.0,0.0,1.0,0.9583333333333334,0.9787234042553191,0.021276595744680882
"G[1,1](((Lactate >= 0.000 & Bilirubin_total >= 0.000) | Phosphate <= 0.000) & HCO3 >= 0.000)
",0.000,0.000,0.000,1.000,0.000,23,0,1,0,23,1,24,0,1.0,0.0,1.0,0.9583333333333334,0.9787234042553191,0.021276595744680882
"G[0,1](((FiO2 <= 0.274 -> SBP <= 116.757) -> Hgb >= 24.204) -> PaCO2 <= 133.762)
",9999999.000,9999999.000,0.000,1.000,0.000,23,0,1,0,23,1,24,0,1.0,0.0,1.0,0.9583333333333334,0.9787234042553191,0.021276595744680882
"G[0,1](Creatinine >= 0.005 -> HR <= 91.872)
",9999999.000,9999999.000,0.000,1.000,0.000,23,0,1,0,23,1,24,0,1.0,0.0,1.0,0.9583333333333334,0.9787234042553191,0.021276595744680882
"G[0,1](((EtCO2 >= 0.000 -> Calcium >= 0.000) & SepsisLabel >= 0.000) & Magnesium >= 0.000)
",9999999.000,9999999.000,0.000,1.000,0.000,23,0,1,0,23,1,24,0,1.0,0.0,1.0,0.9583333333333334,0.9787234042553191,0.021276595744680882
"G[0,0](Hct <= 25.657 | Temp <= 36.641)
",8.598,26.612,0.000,1.000,0.000,23,0,0,1,24,0,23,1,0.9583333333333334,0.0,0.0,1.0,0.9787234042553191,0.021276595744680882
"G[1,1](Platelets <= 98.322 -> WBC >= 0.000)
",-6918777958918751.000,-98.322,0.000,1.000,0.000,23,0,1,0,23,1,24,0,1.0,0.0,1.0,0.9583333333333334,0.9787234042553191,0.021276595744680882
"G[0,0]((HCO3 <= 11.279 | Potassium >= 0.048) | TroponinI >= 0.005)
",6.297,10.540,0.000,1.000,0.000,23,0,0,1,24,0,23,1,0.9583333333333334,0.0,0.0,1.0,0.9787234042553191,0.021276595744680882
"G[1,1]((Hct >= 3.789 & SBP >= 24.279) | Glucose <= 125.299)
",4408559039376292.000,125.299,0.000,1.000,0.000,22,0,1,1,23,1,23,1,0.9565217391304348,0.0,1.0,0.9565217391304348,0.9361702127659575,0.06382978723404253
"G[0,1](((Lactate <= 0.000 & HR >= 82.075) & Phosphate >= 48.524) | HR >= 39.131)
",9999999.000,9999999.000,0.000,1.000,0.000,22,0,1,1,23,1,23,1,0.9565217391304348,0.0,1.0,0.9565217391304348,0.9361702127659575,0.06382978723404253
"G[0,1](((HR <= 96.569 -> PTT <= 19.063) | Temp <= 1.285) | Bilirubin_total >= 0.245)
",9999999.000,9999999.000,0.000,1.000,0.000,22,0,1,1,23,1,23,1,0.9565217391304348,0.0,1.0,0.9565217391304348,0.9361702127659575,0.06382978723404253
"G[0,1](((MAP <= 87.269 & DBP <= 55.811) -> Resp >= 28.257) | HR >= 15.894)
",9999999.000,9999999.000,0.000,1.000,0.000,22,0,1,1,23,1,23,1,0.9565217391304348,0.0,1.0,0.9565217391304348,0.9361702127659575,0.06382978723404253
"G[1,1]((Chloride >= 1.965 -> Magnesium >= 0.080) & Potassium <= 0.642)
",5741241906144817.000,0.080,0.000,1.000,0.000,22,0,1,1,23,1,23,1,0.9565217391304348,0.0,1.0,0.9565217391304348,0.9361702127659575,0.06382978723404253
"G[1,1](BaseExcess >= 0.105 | MAP >= 30.659)
",-7539154327511805.000,-0.105,0.000,1.000,0.000,22,0,1,1,23,1,23,1,0.9565217391304348,0.0,1.0,0.9565217391304348,0.9361702127659575,0.06382978723404253
"G[0,1]((O2Sat >= 21.733 & Chloride >= 1.297) -> Bilirubin_total >= 0.538)
",9999999.000,9999999.000,0.000,1.000,0.000,22,0,1,1,23,1,23,1,0.9565217391304348,0.0,1.0,0.9565217391304348,0.9361702127659575,0.06382978723404253
"G[0,1](((BaseExcess >= 0.705 | Resp >= 10.622) -> Hct <= 23.485) | PaCO2 >= 0.560)
",9999999.000,9999999.000,0.000,1.000,0.000,22,0,1,1,23,1,23,1,0.9565217391304348,0.0,1.0,0.9565217391304348,0.9361702127659575,0.06382978723404253
"G[0,1](((FiO2 <= 0.135 | Glucose >= 29.011) & Magnesium <= 101.707) -> MAP >= 3.134)
",9999999.000,9999999.000,0.000,1.000,0.000,22,0,1,1,23,1,23,1,0.9565217391304348,0.0,1.0,0.9565217391304348,0.9361702127659575,0.06382978723404253
"G[1,1](MAP <= 87.564 & PTT <= 28.998)
",28.998,28.998,0.000,1.000,0.000,21,0,1,2,23,1,22,2,0.9130434782608695,0.0,1.0,0.9545454545454546,0.8936170212765957,0.1063829787234043
"G[0,0]((Glucose <= 99.259 | HR <= 87.170) | Hgb >= 13.264)
",6984701198147854.000,99.259,0.000,1.000,0.000,21,0,0,3,24,0,21,3,0.875,0.0,0.0,1.0,0.8936170212765957,0.1063829787234043
"G[1,1]((BaseExcess >= 0.591 & Glucose <= 210.500) -> SaO2 <= 71.557)
",-2517702856567709.500,-71.557,0.000,1.000,0.000,21,0,1,2,23,1,22,2,0.9130434782608695,0.0,1.0,0.9545454545454546,0.8936170212765957,0.1063829787234043
"G[1,1]((WBC >= 0.000 & Hgb >= 0.349) -> Hct <= 4.841)
",-5450485980982561.000,-4.841,0.000,1.000,0.000,20,0,1,3,23,1,21,3,0.8695652173913043,0.0,1.0,0.9523809523809523,0.851063829787234,0.14893617021276595
"G[0,1](O2Sat <= 95.656 | SaO2 <= 12.399)
",9999999.000,9999999.000,0.000,1.000,0.000,20,0,1,3,23,1,21,3,0.8695652173913043,0.0,1.0,0.9523809523809523,0.851063829787234,0.14893617021276595
"G[1,1](SaO2 <= 47.822 & Temp >= 34.439)
",-2423419756604958.000,-34.439,0.000,1.000,0.000,19,0,1,4,23,1,20,4,0.8260869565217391,0.0,1.0,0.95,0.8085106382978723,0.19148936170212771
"G[0,1]((BUN >= 0.137 & pH <= 3.871) | PaCO2 <= 6.919)
",9999999.000,9999999.000,0.000,1.000,0.000,14,0,1,9,23,1,15,9,0.6086956521739131,0.0,1.0,0.9333333333333333,0.5957446808510638,0.4042553191489362
"G[0,1](SBP <= 117.984 & Hgb <= 10.604)
",9999999.000,9999999.000,0.000,1.000,0.000,14,0,1,9,23,1,15,9,0.6086956521739131,0.0,1.0,0.9333333333333333,0.5957446808510638,0.4042553191489362
"G[1,1](((Creatinine >= 0.046 -> Magnesium >= 0.015) & pH <= 0.572) | HCO3 >= 0.075)
",2201672778616354.750,0.015,0.000,1.000,0.000,14,0,1,9,23,1,15,9,0.6086956521739131,0.0,1.0,0.9333333333333333,0.5957446808510638,0.4042553191489362
"G[0,1](Platelets >= 1.007 | Resp <= 13.540)
",9999999.000,9999999.000,0.000,1.000,0.000,13,0,0,11,24,0,13,11,0.5416666666666666,0.0,0.0,1.0,0.5531914893617021,0.44680851063829785
"G[0,1](Fibrinogen >= 0.000 -> pH <= 2.335)
",9999999.000,9999999.000,0.000,1.000,0.000,12,0,1,11,23,1,13,11,0.5217391304347826,0.0,1.0,0.9230769230769231,0.5106382978723404,0.4893617021276596
"G[1,1](((SepsisLabel >= 0.000 -> PTT <= 35.367) -> Potassium >= 0.479) | PaCO2 >= 0.271)
",2876099386147693.500,0.479,0.000,1.000,0.000,7,0,1,16,23,1,8,16,0.30434782608695654,0.0,1.0,0.875,0.2978723404255319,0.7021276595744681
"G[1,1]((Magnesium >= 0.038 -> Resp <= 21.457) -> pH >= 7.434)
",4184709952853067.000,7.434,0.000,1.000,0.000,5,0,1,18,23,1,6,18,0.21739130434782608,0.0,1.0,0.8333333333333334,0.2127659574468085,0.7872340425531915
"G[1,1](BaseExcess >= 0.542 & Bilirubin_direct >= 0.000)
",-0.542,-0.542,0.000,1.000,0.000,5,0,1,18,23,1,6,18,0.21739130434782608,0.0,1.0,0.8333333333333334,0.2127659574468085,0.7872340425531915
"G[0,0]((Hct >= 3.817 | PaCO2 <= 36.878) -> SepsisLabel >= 3.646)
",-2.012,-38.911,0.000,1.000,0.000,3,0,0,21,24,0,3,21,0.125,0.0,0.0,1.0,0.1276595744680851,0.8723404255319149
"G[0,1]((Chloride <= 40.711 & pH >= 0.564) | BUN >= 0.889)
",9999999.000,9999999.000,0.000,1.000,0.000,3,0,0,21,24,0,3,21,0.125,0.0,0.0,1.0,0.1276595744680851,0.8723404255319149
"G[0,1]((Platelets <= 84.556 | SaO2 <= 20.160) & pH >= 6.842)
",9999999.000,9999999.000,0.000,1.000,0.000,2,0,0,22,24,0,2,22,0.08333333333333333,0.0,0.0,1.0,0.0851063829787234,0.9148936170212766
"G[1,1]((EtCO2 >= 0.000 | MAP >= 10.507) & O2Sat <= 76.296)
",0.000,0.000,0.000,1.000,0.000,2,0,1,21,23,1,3,21,0.08695652173913043,0.0,1.0,0.6666666666666666,0.0851063829787234,0.9148936170212766
"G[0,1](((Phosphate >= 0.000 | PTT >= 0.496) -> Glucose >= 0.467) & pH >= 0.637)
",9999999.000,9999999.000,0.000,1.000,0.000,1,0,0,23,24,0,1,23,0.041666666666666664,0.0,0.0,1.0,0.0425531914893617,0.9574468085106383
"G[0,0](Chloride >= 0.488 & HCO3 >= 0.019)
",-4395141754494692.000,-0.488,0.000,1.000,0.000,1,0,0,23,24,0,1,23,0.041666666666666664,0.0,0.0,1.0,0.0425531914893617,0.9574468085106383
"G[0,0](((Bilirubin_direct <= 0.000 -> BUN >= 0.327) & PaCO2 <= 18.848) | SBP <= 13.828)
",0.213,0.601,0.000,1.000,0.000,1,0,0,23,24,0,1,23,0.041666666666666664,0.0,0.0,1.0,0.0425531914893617,0.9574468085106383
"G[1,1](((HCO3 <= 23.271 & O2Sat >= 64.591) | SBP <= 94.445) -> TroponinI >= 37.065)
",-6645944198791314.000,-94.445,0.000,1.000,0.000,1,0,1,22,23,1,2,22,0.043478260869565216,0.0,1.0,0.5,0.0425531914893617,0.9574468085106383
"G[1,1](((BaseExcess >= 0.683 & Creatinine >= 0.039) & WBC >= 0.009) | BUN >= 0.044)
",-3187709075208242.000,-0.044,0.000,1.000,0.000,1,0,1,22,23,1,2,22,0.043478260869565216,0.0,1.0,0.5,0.0425531914893617,0.9574468085106383
"G[2,2](((Platelets >= 1.949 | Temp >= 19.830) | FiO2 <= 36.575) -> PaCO2 <= 36.591)
",-2574885871646643.000,-36.591,0.000,1.000,0.000,0,0,24,0,0,24,24,0,0.0,0.0,1.0,0.0,0.0,1.0
"G[2,2](((Creatinine <= 0.546 -> EtCO2 >= 0.000) | Calcium <= 0.000) & Hct <= 0.000)
",0.000,0.000,0.000,1.000,0.000,0,0,24,0,0,24,24,0,0.0,0.0,1.0,0.0,0.0,1.0
"G[0,2]((Potassium >= 0.063 -> Hct <= 16.367) | AST <= 4.317)
",9999999.000,9999999.000,0.000,1.000,0.000,0,0,24,0,0,24,24,0,0.0,0.0,1.0,0.0,0.0,1.0
"G[0,2]((Chloride >= 1.852 & Potassium >= 0.066) & Potassium >= 0.015)
",9999999.000,9999999.000,0.000,1.000,0.000,0,0,0,24,24,0,0,24,0.0,0.0,0.0,0.0,0.0,1.0
"G[0,2]((Alkalinephos <= 0.000 & TroponinI >= 0.000) -> Resp <= 0.000)
",9999999.000,9999999.000,0.000,1.000,0.000,0,0,0,24,24,0,0,24,0.0,0.0,0.0,0.0,0.0,1.0
"G[0,2]((SaO2 >= 6.739 & HCO3 >= 0.018) | BaseExcess <= 5.644)
",9999999.000,9999999.000,0.000,1.000,0.000,0,0,23,1,1,23,23,1,0.0,0.0,1.0,0.0,0.0,1.0
"G[0,2](BUN <= 16.573 & Bilirubin_total <= 0.000)
",9999999.000,9999999.000,0.000,1.000,0.000,0,0,23,1,1,23,23,1,0.0,0.0,1.0,0.0,0.0,1.0
"G[0,2](MAP <= 81.006 | pH <= 3.047)
",9999999.000,9999999.000,0.000,1.000,0.000,0,0,23,1,1,23,23,1,0.0,0.0,1.0,0.0,0.0,1.0
"G[0,2]((WBC >= 0.000 -> HCO3 >= 0.277) -> WBC <= 12.341)
",9999999.000,9999999.000,0.000,1.000,0.000,0,0,24,0,0,24,24,0,0.0,0.0,1.0,0.0,0.0,1.0
"G[0,2](FiO2 <= 0.362 & Resp >= 10.095)
",9999999.000,9999999.000,0.000,1.000,0.000,0,0,6,18,18,6,6,18,0.0,0.0,1.0,0.0,0.0,1.0
"G[1,2](((Chloride <= 33.507 -> MAP >= 29.994) | Alkalinephos >= 40.358) | PaCO2 <= 73.682)
",9999999.000,9999999.000,0.000,1.000,0.000,0,0,24,0,0,24,24,0,0.0,0.0,1.0,0.0,0.0,1.0
"G[0,2](((Fibrinogen <= 0.000 -> SepsisLabel >= 0.000) -> BUN <= 0.000) & BUN >= 0.000)
",9999999.000,9999999.000,0.000,1.000,0.000,0,0,22,2,2,22,22,2,0.0,0.0,1.0,0.0,0.0,1.0
"G[2,2](((Bilirubin_direct >= 0.000 & DBP >= 3.884) | Glucose <= 61.632) -> Alkalinephos <= 77.905)
",-5482051184454463.000,-77.905,0.000,1.000,0.000,0,0,24,0,0,24,24,0,0.0,0.0,1.0,0.0,0.0,1.0
"G[2,2]((O2Sat <= 90.570 | Potassium >= 0.051) | Magnesium >= 0.014)
",90.570,90.570,0.000,1.000,0.000,0,0,24,0,0,24,24,0,0.0,0.0,1.0,0.0,0.0,1.0
"G[1,2](((DBP <= 73.709 -> Hct <= 28.223) | Hgb <= 7.553) | BUN <= 6.439)
",9999999.000,9999999.000,0.000,1.000,0.000,0,0,24,0,0,24,24,0,0.0,0.0,1.0,0.0,0.0,1.0
"G[1,2]((Potassium >= 0.028 -> Bilirubin_direct >= 0.000) | Lactate <= 0.000)
",9999999.000,9999999.000,0.000,1.000,0.000,0,0,24,0,0,24,24,0,0.0,0.0,1.0,0.0,0.0,1.0
"G[1,2](((Hgb <= 6.581 -> Alkalinephos <= 0.000) | Temp >= 0.000) | Phosphate >= 0.000)
",9999999.000,9999999.000,0.000,1.000,0.000,0,0,24,0,0,24,24,0,0.0,0.0,1.0,0.0,0.0,1.0
"G[1,2]((PTT <= 24.948 -> PaCO2 >= 3.048) & Potassium <= 28.760)
",9999999.000,9999999.000,0.000,1.000,0.000,0,0,7,17,17,7,7,17,0.0,0.0,1.0,0.0,0.0,1.0
"G[1,1](Chloride >= 0.163 & HCO3 >= 0.130)
",-5885957325351809.000,-0.163,0.000,1.000,0.000,0,0,1,23,23,1,1,23,0.0,0.0,1.0,0.0,0.0,1.0
"G[0,2](((Chloride >= 2.121 -> BaseExcess >= 0.754) & Bilirubin_total <= 5.066) & PaCO2 >= 0.444)
",9999999.000,9999999.000,0.000,1.000,0.000,0,0,1,23,23,1,1,23,0.0,0.0,1.0,0.0,0.0,1.0
"G[1,2](((DBP >= 48.303 & SBP >= 7.872) -> Alkalinephos <= 135.046) & Potassium <= 124.191)
",9999999.000,9999999.000,0.000,1.000,0.000,0,0,24,0,0,24,24,0,0.0,0.0,1.0,0.0,0.0,1.0
"G[1,2](((HR >= 39.829 -> Hct >= 1.557) | SepsisLabel <= 10.131) & pH >= 3.548)
",9999999.000,9999999.000,0.000,1.000,0.000,0,0,9,15,15,9,9,15,0.0,0.0,1.0,0.0,0.0,1.0
"G[0,2](((SaO2 >= 4.058 & pH >= 0.249) & Chloride <= 3.490) & Phosphate <= 6.418)
",9999999.000,9999999.000,0.000,1.000,0.000,0,0,0,24,24,0,0,24,0.0,0.0,0.0,0.0,0.0,1.0
"G[1,2]((MAP >= 5.351 | BUN <= 16.929) & PaCO2 >= 0.057)
",9999999.000,9999999.000,0.000,1.000,0.000,0,0,7,17,17,7,7,17,0.0,0.0,1.0,0.0,0.0,1.0
"G[0,1](((Chloride <= 61.476 -> Phosphate >= 0.000) & HCO3 >= 0.000) -> Temp <= 0.000)
",9999999.000,9999999.000,0.000,1.000,0.000,0,0,0,24,24,0,0,24,0.0,0.0,0.0,0.0,0.0,1.0
"G[2,2](((Temp <= 37.286 | Hct >= 3.610) & Alkalinephos >= 2.614) | Glucose >= 1.495)
",-6731061344446101.000,-1.495,0.000,1.000,0.000,0,0,24,0,0,24,24,0,0.0,0.0,1.0,0.0,0.0,1.0
"G[1,2](((Phosphate >= 0.000 & Bilirubin_total >= 0.000) -> Creatinine <= 0.000) | AST >= 0.000)
",9999999.000,9999999.000,0.000,1.000,0.000,0,0,24,0,0,24,24,0,0.0,0.0,1.0,0.0,0.0,1.0
"G[1,2]((Calcium <= 0.000 -> FiO2 >= 0.062) -> Fibrinogen >= 0.027)
",9999999.000,9999999.000,0.000,1.000,0.000,0,0,22,2,2,22,22,2,0.0,0.0,1.0,0.0,0.0,1.0
"G[0,2](((AST >= 0.000 | pH >= 1.350) -> BUN >= 0.898) & DBP <= 6.450)
",9999999.000,9999999.000,0.000,1.000,0.000,0,0,0,24,24,0,0,24,0.0,0.0,0.0,0.0,0.0,1.0
"G[1,2](((BaseExcess >= 0.410 | WBC <= 0.000) & O2Sat >= 0.000) -> Phosphate >= 0.000)
",9999999.000,9999999.000,0.000,1.000,0.000,0,0,24,0,0,24,24,0,0.0,0.0,1.0,0.0,0.0,1.0
"G[2,2](((AST <= 0.000 & Lactate <= 0.000) & pH >= 0.000) & SBP <= 0.000)
",0.000,0.000,0.000,1.000,0.000,0,0,24,0,0,24,24,0,0.0,0.0,1.0,0.0,0.0,1.0
"G[1,2]((Creatinine <= 0.472 & DBP <= 50.826) -> SaO2 >= 30.058)
",9999999.000,9999999.000,0.000,1.000,0.000,0,0,12,12,12,12,12,12,0.0,0.0,1.0,0.0,0.0,1.0
"G[0,2](((FiO2 >= 0.026 -> MAP <= 68.281) & Temp <= 87.489) & DBP <= 77.737)
",9999999.000,9999999.000,0.000,1.000,0.000,0,0,18,6,6,18,18,6,0.0,0.0,1.0,0.0,0.0,1.0
"G[0,2]((TroponinI <= 0.000 | SaO2 <= 10.462) & Chloride >= 6.674)
",9999999.000,9999999.000,0.000,1.000,0.000,0,0,0,24,24,0,0,24,0.0,0.0,0.0,0.0,0.0,1.0
"G[0,1](HR <= 84.480 & Creatinine >= 0.015)
",9999999.000,9999999.000,0.000,1.000,0.000,0,0,0,24,24,0,0,24,0.0,0.0,0.0,0.0,0.0,1.0
"G[1,2](SBP >= 42.806 | Phosphate >= 0.000)
",9999999.000,9999999.000,0.000,1.000,0.000,0,0,24,0,0,24,24,0,0.0,0.0,1.0,0.0,0.0,1.0
"G[0,2](Creatinine <= 0.148 | Hgb >= 0.867)
",9999999.000,9999999.000,0.000,1.000,0.000,0,0,22,2,2,22,22,2,0.0,0.0,1.0,0.0,0.0,1.0
"G[2,2](Alkalinephos <= 0.000 | Platelets <= 130.784)
",2300775900523310.000,130.784,0.000,1.000,0.000,0,0,24,0,0,24,24,0,0.0,0.0,1.0,0.0,0.0,1.0
"G[0,2](((HCO3 <= 7.582 | Resp <= 16.958) | SaO2 >= 1.735) -> Magnesium >= 13.033)
",9999999.000,9999999.000,0.000,1.000,0.000,0,0,0,24,24,0,0,24,0.0,0.0,0.0,0.0,0.0,1.0
"G[0,1](Creatinine <= 0.685 -> HCO3 >= 0.050)
",9999999.000,9999999.000,0.000,1.000,0.000,0,0,0,24,24,0,0,24,0.0,0.0,0.0,0.0,0.0,1.0
"G[0,2](((O2Sat >= 77.105 & Fibrinogen <= 0.000) & O2Sat >= 0.000) -> SepsisLabel >= 0.000)
",9999999.000,9999999.000,0.000,1.000,0.000,0,0,24,0,0,24,24,0,0.0,0.0,1.0,0.0,0.0,1.0
"G[1,2]((Platelets <= 111.565 -> Creatinine >= 0.022) & Calcium <= 0.658)
",9999999.000,9999999.000,0.000,1.000,0.000,0,0,2,22,22,2,2,22,0.0,0.0,1.0,0.0,0.0,1.0
"G[1,2](SBP <= 139.873 & HCO3 <= 1.250)
",9999999.000,9999999.000,0.000,1.000,0.000,0,0,22,2,2,22,22,2,0.0,0.0,1.0,0.0,0.0,1.0
"G[1,2]((Fibrinogen <= 0.000 -> Bilirubin_direct <= 0.000) & SaO2 >= 0.000)
",9999999.000,9999999.000,0.000,1.000,0.000,0,0,24,0,0,24,24,0,0.0,0.0,1.0,0.0,0.0,1.0
"G[0,1](O2Sat <= 89.915 & EtCO2 >= 0.000)
",9999999.000,9999999.000,0.000,1.000,0.000,0,0,0,24,24,0,0,24,0.0,0.0,0.0,0.0,0.0,1.0
"G[1,2](Magnesium <= 2.071 -> BUN <= 14.425)
",9999999.000,9999999.000,0.000,1.000,0.000,0,0,23,1,1,23,23,1,0.0,0.0,1.0,0.0,0.0,1.0
"G[0,2](((Alkalinephos <= 0.000 & TroponinI <= 0.000) & Hct >= 0.000) -> Glucose >= 0.000)
",9999999.000,9999999.000,0.000,1.000,0.000,0,0,24,0,0,24,24,0,0.0,0.0,1.0,0.0,0.0,1.0
"G[2,2](O2Sat <= 94.739 -> PTT >= 0.656)
",-94.739,-94.739,0.000,1.000,0.000,0,0,24,0,0,24,24,0,0.0,0.0,1.0,0.0,0.0,1.0
"G[0,2]((BUN >= 0.004 | Lactate >= 0.000) -> SepsisLabel <= 0.000)
",9999999.000,9999999.000,0.000,1.000,0.000,0,0,24,0,0,24,24,0,0.0,0.0,1.0,0.0,0.0,1.0
"G[1,2](HCO3 >= 0.353 -> Temp <= 37.118)
",9999999.000,9999999.000,0.000,1.000,0.000,0,0,24,0,0,24,24,0,0.0,0.0,1.0,0.0,0.0,1.0
"G[1,2](((Calcium >= 0.000 -> Hct >= 0.276) & BUN <= 29.074) | Bilirubin_total <= 6.987)
",9999999.000,9999999.000,0.000,1.000,0.000,0,0,24,0,0,24,24,0,0.0,0.0,1.0,0.0,0.0,1.0
"G[1,2]((BUN >= 0.227 -> Hct >= 3.702) & Chloride <= 5.620)
",9999999.000,9999999.000,0.000,1.000,0.000,0,0,24,0,0,24,24,0,0.0,0.0,1.0,0.0,0.0,1.0
"G[0,1](PTT >= 0.703 & Temp >= 0.585)
",9999999.000,9999999.000,0.000,1.000,0.000,0,0,0,24,24,0,0,24,0.0,0.0,0.0,0.0,0.0,1.0
"G[0,2]((Bilirubin_direct <= 0.000 & Potassium >= 0.068) -> EtCO2 <= 2.119)
",9999999.000,9999999.000,0.000,1.000,0.000,0,0,24,0,0,24,24,0,0.0,0.0,1.0,0.0,0.0,1.0
"G[0,2]((BaseExcess >= 0.089 -> O2Sat >= 12.087) -> Fibrinogen >= 12.666)
",9999999.000,9999999.000,0.000,1.000,0.000,0,0,0,24,24,0,0,24,0.0,0.0,0.0,0.0,0.0,1.0
"G[1,2](((EtCO2 <= 0.000 -> SBP >= 60.756) & PTT <= 129.117) -> Temp <= 107.485)
",9999999.000,9999999.000,0.000,1.000,0.000,0,0,24,0,0,24,24,0,0.0,0.0,1.0,0.0,0.0,1.0
"G[1,2]((Alkalinephos >= 0.000 & Platelets >= 0.648) & FiO2 >= 0.939)
",9999999.000,9999999.000,0.000,1.000,0.000,0,0,1,23,23,1,1,23,0.0,0.0,1.0,0.0,0.0,1.0
"G[1,2]((AST <= 0.000 | Lactate >= 0.000) & SaO2 >= 0.000)
",9999999.000,9999999.000,0.000,1.000,0.000,0,0,24,0,0,24,24,0,0.0,0.0,1.0,0.0,0.0,1.0
"G[2,2](((Chloride >= 0.393 | Fibrinogen <= 0.000) -> MAP >= 0.000) -> Bilirubin_direct <= 0.000)
",0.000,0.000,0.000,1.000,0.000,0,0,24,0,0,24,24,0,0.0,0.0,1.0,0.0,0.0,1.0
"G[0,2]((MAP >= 23.505 -> Calcium >= 0.000) & Alkalinephos >= 0.000)
",9999999.000,9999999.000,0.000,1.000,0.000,0,0,24,0,0,24,24,0,0.0,0.0,1.0,0.0,0.0,1.0
"G[2,2](BaseExcess <= 3.146 | Chloride <= 97.698)
",97.698,97.698,0.000,1.000,0.000,0,0,24,0,0,24,24,0,0.0,0.0,1.0,0.0,0.0,1.0
"G[0,2](((Platelets >= 2.077 & PaCO2 <= 49.680) -> Temp <= 11.182) & Temp >= 6.321)
",9999999.000,9999999.000,0.000,1.000,0.000,0,0,22,2,2,22,22,2,0.0,0.0,1.0,0.0,0.0,1.0
"G[0,2](Temp <= 37.519 & MAP >= 46.664)
",9999999.000,9999999.000,0.000,1.000,0.000,0,0,18,6,6,18,18,6,0.0,0.0,1.0,0.0,0.0,1.0
"G[1,2](((WBC >= 0.000 & Resp >= 1.861) -> PaCO2 >= 7.850) | PaCO2 >= 8.531)
",9999999.000,9999999.000,0.000,1.000,0.000,0,0,8,16,16,8,8,16,0.0,0.0,1.0,0.0,0.0,1.0
"G[0,0](((Phosphate >= 0.000 -> Chloride <= 88.068) | AST >= 2.040) & MAP <= 20.746)
",-3.815,-80.528,0.000,1.000,0.000,0,0,0,24,24,0,0,24,0.0,0.0,0.0,0.0,0.0,1.0
"G[0,2]((Magnesium >= 0.026 | pH >= 1.590) & AST >= 2.018)
",9999999.000,9999999.000,0.000,1.000,0.000,0,0,0,24,24,0,0,24,0.0,0.0,0.0,0.0,0.0,1.0
"G[0,2](((Chloride >= 0.022 & DBP >= 43.842) -> Phosphate <= 54.701) -> SepsisLabel >= 13.470)
",9999999.000,9999999.000,0.000,1.000,0.000,0,0,0,24,24,0,0,24,0.0,0.0,0.0,0.0,0.0,1.0
"G[2,2]((Creatinine <= 0.246 -> O2Sat <= 95.291) | O2Sat <= 94.594)
",6656443482787854.000,94.594,0.000,1.000,0.000,0,0,24,0,0,24,24,0,0.0,0.0,1.0,0.0,0.0,1.0
"G[0,2](Creatinine <= 0.584 | HR <= 86.688)
",9999999.000,9999999.000,0.000,1.000,0.000,0,0,23,1,1,23,23,1,0.0,0.0,1.0,0.0,0.0,1.0
"G[2,2](FiO2 >= 0.032 | Chloride <= 63.380)
",63.380,63.380,0.000,1.000,0.000,0,0,24,0,0,24,24,0,0.0,0.0,1.0,0.0,0.0,1.0
"G[1,2]((WBC <= 0.000 | Lactate <= 0.000) -> Magnesium >= 0.000)
",9999999.000,9999999.000,0.000,1.000,0.000,0,0,24,0,0,24,24,0,0.0,0.0,1.0,0.0,0.0,1.0
"G[0,2](((Resp <= 26.019 & TroponinI >= 0.000) & Glucose <= 0.000) -> Resp <= 0.000)
",9999999.000,9999999.000,0.000,1.000,0.000,0,0,1,23,23,1,1,23,0.0,0.0,1.0,0.0,0.0,1.0
"G[0,2]((Calcium >= 0.000 & SBP >= 78.547) & HR <= 133.139)
",9999999.000,9999999.000,0.000,1.000,0.000,0,0,22,2,2,22,22,2,0.0,0.0,1.0,0.0,0.0,1.0
"G[1,2]((Platelets >= 0.785 & SepsisLabel <= 0.000) | SaO2 >= 0.000)
",9999999.000,9999999.000,0.000,1.000,0.000,0,0,24,0,0,24,24,0,0.0,0.0,1.0,0.0,0.0,1.0
"G[0,2]((TroponinI >= 0.000 -> Calcium <= 0.000) & Resp >= 0.000)
",9999999.000,9999999.000,0.000,1.000,0.000,0,0,24,0,0,24,24,0,0.0,0.0,1.0,0.0,0.0,1.0
"G[0,2](((BaseExcess >= 0.086 -> MAP <= 87.332) | Lactate >= 12.974) & TroponinI <= 85.852)
",9999999.000,9999999.000,0.000,1.000,0.000,0,0,24,0,0,24,24,0,0.0,0.0,1.0,0.0,0.0,1.0
"G[0,2](((BaseExcess <= 4.504 -> HCO3 <= 2.504) -> Temp <= 13.474) | PaCO2 <= 15.335)
",9999999.000,9999999.000,0.000,1.000,0.000,0,0,15,9,9,15,15,9,0.0,0.0,1.0,0.0,0.0,1.0
"G[0,2]((Creatinine <= 1.263 -> Temp <= 37.281) -> TroponinI >= 14.671)
",9999999.000,9999999.000,0.000,1.000,0.000,0,0,10,14,14,10,10,14,0.0,0.0,1.0,0.0,0.0,1.0
"G[1,2](Fibrinogen < 0.000 & SepsisLabel = 0.000)
",9999999.000,9999999.000,0.000,1.000,0.000,0,0,1,23,23,1,1,23,0.0,0.0,1.0,0.0,0.0,1.0
"G[0,1](((Hgb <= 6.255 | Hct <= 11.737) -> WBC >= 0.000) & Platelets >= 1.532)
",9999999.000,9999999.000,0.000,1.000,0.000,0,0,0,24,24,0,0,24,0.0,0.0,0.0,0.0,0.0,1.0
"G[2,2](BUN <= 21.571 & Creatinine >= 0.004)
",-2990851723599001.000,-0.004,0.000,1.000,0.000,0,0,24,0,0,24,24,0,0.0,0.0,1.0,0.0,0.0,1.0
"G[0,2](Platelets <= 72.664 -> WBC >= 0.000)
",9999999.000,9999999.000,0.000,1.000,0.000,0,0,24,0,0,24,24,0,0.0,0.0,1.0,0.0,0.0,1.0
"G[1,1](((Hgb <= 5.215 | Hct <= 16.360) -> WBC >= 0.000) & Platelets >= 2.112)
",-4604806859929663.000,-16.360,0.000,1.000,0.000,0,0,1,23,23,1,1,23,0.0,0.0,1.0,0.0,0.0,1.0
"G[0,2](BUN <= 19.908 & Creatinine >= 0.046)
",9999999.000,9999999.000,0.000,1.000,0.000,0,0,0,24,24,0,0,24,0.0,0.0,0.0,0.0,0.0,1.0
"G[1,2](O2Sat >= 77.609 -> SepsisLabel = 0.000)
",9999999.000,9999999.000,0.000,1.000,0.000,0,0,24,0,0,24,24,0,0.0,0.0,1.0,0.0,0.0,1.0
"G[0,2](WBC < 0.000 -> SepsisLabel = 0.000)
",9999999.000,9999999.000,0.000,1.000,0.000,0,0,24,0,0,24,24,0,0.0,0.0,1.0,0.0,0.0,1.0
"G[2,2](SepsisLabel < 0.000 & SepsisLabel = 0.000)
",0.000,0.000,0.000,1.000,0.000,0,0,24,0,0,24,24,0,0.0,0.0,1.0,0.0,0.0,1.0
"G[1,2](SaO2 >= 0.669 & SepsisLabel = 0.000)
",9999999.000,9999999.000,0.000,1.000,0.000,0,0,4,20,20,4,4,20,0.0,0.0,1.0,0.0,0.0,1.0
"G[1,1](Platelets >= 2.742 & SepsisLabel = 0.000)
",-3087565208030950.500,-2.742,0.000,1.000,0.000,0,0,1,23,23,1,1,23,0.0,0.0,1.0,0.0,0.0,1.0
"G[2,2](TroponinI <= 0.000 -> SepsisLabel = 0.000)
",0.000,0.000,0.000,1.000,0.000,0,0,24,0,0,24,24,0,0.0,0.0,1.0,0.0,0.0,1.0
"G[0,2](WBC >= 0.000 & SepsisLabel = 0.000)
",9999999.000,9999999.000,0.000,1.000,0.000,0,0,24,0,0,24,24,0,0.0,0.0,1.0,0.0,0.0,1.0
"G[0,2](((BUN <= 13.771 -> PTT >= 0.611) | MAP <= 29.390) | O2Sat >= 0.393)
",9999999.000,9999999.000,0.000,1.000,0.000,0,0,21,3,3,21,21,3,0.0,0.0,1.0,0.0,0.0,1.0
"G[0,2](PTT > 0.303 & SepsisLabel = 0.000)
",9999999.000,9999999.000,0.000,1.000,0.000,0,0,0,24,24,0,0,24,0.0,0.0,0.0,0.0,0.0,1.0
"G[1,2](Bilirubin_total > 0.000 -> SepsisLabel = 0.000)
",9999999.000,9999999.000,0.000,1.000,0.000,0,0,24,0,0,24,24,0,0.0,0.0,1.0,0.0,0.0,1.0
"G[1,2](TroponinI > 0.000 -> SepsisLabel = 0.000)
",9999999.000,9999999.000,0.000,1.000,0.000,0,0,24,0,0,24,24,0,0.0,0.0,1.0,0.0,0.0,1.0
"G[0,2](EtCO2 <= 0.000 & SepsisLabel = 0.000)
",9999999.000,9999999.000,0.000,1.000,0.000,0,0,24,0,0,24,24,0,0.0,0.0,1.0,0.0,0.0,1.0
"G[1,2](PaCO2 < 13.296 -> SepsisLabel = 0.000)
",9999999.000,9999999.000,0.000,1.000,0.000,0,0,24,0,0,24,24,0,0.0,0.0,1.0,0.0,0.0,1.0
"G[1,2](SepsisLabel <= 0.000 -> SepsisLabel = 0.000)
",9999999.000,9999999.000,0.000,1.000,0.000,0,0,24,0,0,24,24,0,0.0,0.0,1.0,0.0,0.0,1.0
"G[0,2](Bilirubin_direct >= 0.000 & SepsisLabel = 0.000)
",9999999.000,9999999.000,0.000,1.000,0.000,0,0,24,0,0,24,24,0,0.0,0.0,1.0,0.0,0.0,1.0
"G[0,2](pH < 6.833 -> SepsisLabel = 0.000)
",9999999.000,9999999.000,0.000,1.000,0.000,0,0,24,0,0,24,24,0,0.0,0.0,1.0,0.0,0.0,1.0
"G[0,2]((DBP >= 14.696 & MAP <= 71.668) -> Calcium >= 41.395)
",9999999.000,9999999.000,0.000,1.000,0.000,0,0,5,19,19,5,5,19,0.0,0.0,1.0,0.0,0.0,1.0
"G[2,2](((BaseExcess >= 0.451 | PaCO2 <= 47.917) & FiO2 >= 1.133) -> BaseExcess >= 1.861)
",2551098081091202.000,1.133,0.000,1.000,0.000,0,0,24,0,0,24,24,0,0.0,0.0,1.0,0.0,0.0,1.0
"G[0,2](MAP <= 84.502 & SBP >= 100.658)
",9999999.000,9999999.000,0.000,1.000,0.000,0,0,6,18,18,6,6,18,0.0,0.0,1.0,0.0,0.0,1.0
"G[0,1](Chloride >= 0.634 & HCO3 >= 0.413)
",9999999.000,9999999.000,0.000,1.000,0.000,0,0,0,24,24,0,0,24,0.0,0.0,0.0,0.0,0.0,1.0
"G[1,1](BUN <= 2.904 & Creatinine >= 0.028)
",-4035312896068053.500,-0.028,0.000,1.000,0.000,0,0,1,23,23,1,1,23,0.0,0.0,1.0,0.0,0.0,1.0
"G[1,1](((Hgb <= 4.258 | Hct <= 27.408) -> WBC >= 0.000) & Platelets >= 1.530)
",-7714596063729610.000,-27.408,0.000,1.000,0.000,0,0,1,23,23,1,1,23,0.0,0.0,1.0,0.0,0.0,1.0
"G[2,2](Platelets <= 71.185 -> WBC >= 0.000)
",-5009223129160513.000,-71.185,0.000,1.000,0.000,0,0,24,0,0,24,24,0,0.0,0.0,1.0,0.0,0.0,1.0
"G[1,1](((Hgb <= 7.231 | Hct <= 7.843) -> WBC >= 0.000) & Platelets >= 0.917)
",-8830631347844191.000,-7.843,0.000,1.000,0.000,0,0,1,23,23,1,1,23,0.0,0.0,1.0,0.0,0.0,1.0
"G[0,1](BUN <= 3.212 & Creatinine >= 0.014)
",9999999.000,9999999.000,0.000,1.000,0.000,0,0,0,24,24,0,0,24,0.0,0.0,0.0,0.0,0.0,1.0
"G[0,2](Chloride >= 0.864 & HCO3 >= 0.395)
",9999999.000,9999999.000,0.000,1.000,0.000,0,0,0,24,24,0,0,24,0.0,0.0,0.0,0.0,0.0,1.0
"G[1,2](((Hgb <= 1.470 | Hct <= 19.902) -> WBC >= 0.000) & Platelets >= 2.283)
",9999999.000,9999999.000,0.000,1.000,0.000,0,0,1,23,23,1,1,23,0.0,0.0,1.0,0.0,0.0,1.0
"G[0,0](BUN <= 10.716 & Creatinine >= 0.026)
",-7474907399253963.000,-0.026,0.000,1.000,0.000,0,0,0,24,24,0,0,24,0.0,0.0,0.0,0.0,0.0,1.0
"G[0,2](Chloride >= 1.571 & HCO3 >= 0.142)
",9999999.000,9999999.000,0.000,1.000,0.000,0,0,0,24,24,0,0,24,0.0,0.0,0.0,0.0,0.0,1.0
"G[0,1](((Hgb <= 3.935 | Hct <= 8.490) -> WBC >= 0.000) & Platelets >= 1.762)
",9999999.000,9999999.000,0.000,1.000,0.000,0,0,0,24,24,0,0,24,0.0,0.0,0.0,0.0,0.0,1.0
"G[0,1](BUN <= 8.343 & Creatinine >= 0.005)
",9999999.000,9999999.000,0.000,1.000,0.000,0,0,0,24,24,0,0,24,0.0,0.0,0.0,0.0,0.0,1.0
"G[0,1](Chloride >= 1.709 & HCO3 >= 0.279)
",9999999.000,9999999.000,0.000,1.000,0.000,0,0,0,24,24,0,0,24,0.0,0.0,0.0,0.0,0.0,1.0
"G[1,2](((Hgb <= 8.862 | Hct <= 14.534) -> WBC >= 0.000) & Platelets >= 0.328)
",9999999.000,9999999.000,0.000,1.000,0.000,0,0,1,23,23,1,1,23,0.0,0.0,1.0,0.0,0.0,1.0
"G[0,1](BUN <= 21.368 & Creatinine >= 0.027)
",9999999.000,9999999.000,0.000,1.000,0.000,0,0,0,24,24,0,0,24,0.0,0.0,0.0,0.0,0.0,1.0
"G[0,1](Chloride >= 0.298 & HCO3 >= 0.243)
",9999999.000,9999999.000,0.000,1.000,0.000,0,0,0,24,24,0,0,24,0.0,0.0,0.0,0.0,0.0,1.0
"G[2,2](Platelets <= 36.678 -> WBC >= 0.000)
",-36.678,-36.678,0.000,1.000,0.000,0,0,24,0,0,24,24,0,0.0,0.0,1.0,0.0,0.0,1.0
"G[2,2](((Hgb <= 2.408 | Hct <= 19.078) -> WBC >= 0.000) & Platelets >= 1.500)
",-19.078,-19.078,0.000,1.000,0.000,0,0,24,0,0,24,24,0,0.0,0.0,1.0,0.0,0.0,1.0
"G[0,1](BUN <= 8.204 & Creatinine >= 0.021)
",9999999.000,9999999.000,0.000,1.000,0.000,0,0,0,24,24,0,0,24,0.0,0.0,0.0,0.0,0.0,1.0
"G[1,1](Chloride >= 0.135 & HCO3 >= 0.551)
",-0.551,-0.551,0.000,1.000,0.000,0,0,1,23,23,1,1,23,0.0,0.0,1.0,0.0,0.0,1.0
"G[0,1](((Hgb <= 2.887 | Hct <= 4.174) -> WBC >= 0.000) & Platelets >= 0.524)
",9999999.000,9999999.000,0.000,1.000,0.000,0,0,0,24,24,0,0,24,0.0,0.0,0.0,0.0,0.0,1.0
"G[0,2](BUN <= 14.677 & Creatinine >= 0.025)
",9999999.000,9999999.000,0.000,1.000,0.000,0,0,0,24,24,0,0,24,0.0,0.0,0.0,0.0,0.0,1.0
"G[0,2](Chloride >= 1.222 & HCO3 >= 0.424)
",9999999.000,9999999.000,0.000,1.000,0.000,0,0,0,24,24,0,0,24,0.0,0.0,0.0,0.0,0.0,1.0
"G[1,2](Platelets <= 114.909 -> WBC >= 0.000)
",9999999.000,9999999.000,0.000,1.000,0.000,0,0,24,0,0,24,24,0,0.0,0.0,1.0,0.0,0.0,1.0
"G[1,2](((Hgb <= 8.512 | Hct <= 16.517) -> WBC >= 0.000) & Platelets >= 0.049)
",9999999.000,9999999.000,0.000,1.000,0.000,0,0,1,23,23,1,1,23,0.0,0.0,1.0,0.0,0.0,1.0
"G[0,1](BUN <= 6.967 & Creatinine >= 0.029)
",9999999.000,9999999.000,0.000,1.000,0.000,0,0,0,24,24,0,0,24,0.0,0.0,0.0,0.0,0.0,1.0
"G[1,1](Chloride >= 1.462 & HCO3 >= 0.044)
",-6586349029715698.000,-1.462,0.000,1.000,0.000,0,0,1,23,23,1,1,23,0.0,0.0,1.0,0.0,0.0,1.0
"G[2,2]((Hct <= 16.699 | Hgb >= 0.184) -> Resp <= 10.063)
",-2350226263162682.500,-16.699,0.000,1.000,0.000,0,0,24,0,0,24,24,0,0.0,0.0,1.0,0.0,0.0,1.0
"G[1,2](((BUN <= 3.932 | HCO3 >= 0.363) -> EtCO2 >= 0.346) | Temp >= 0.049)
",9999999.000,9999999.000,0.000,1.000,0.000,0,0,23,1,1,23,23,1,0.0,0.0,1.0,0.0,0.0,1.0
"G[0,0]((Creatinine >= 0.030 -> HCO3 >= 0.506) -> SepsisLabel >= 0.250)
",-0.213,-5.720,0.000,1.000,0.000,0,0,0,24,24,0,0,24,0.0,0.0,0.0,0.0,0.0,1.0
"G[1,1](((FiO2 >= 0.104 -> Hgb <= 8.599) & PTT >= 0.486) & Bilirubin_total >= 0.004)
",-8.599,-8.599,0.000,1.000,0.000,0,0,1,23,23,1,1,23,0.0,0.0,1.0,0.0,0.0,1.0
"G[1,2](Hct <= 21.018 & SaO2 <= 76.944)
",9999999.000,9999999.000,0.000,1.000,0.000,0,0,19,5,5,19,19,5,0.0,0.0,1.0,0.0,0.0,1.0
"G[0,1]((Potassium >= 0.062 & SBP >= 26.705) & O2Sat >= 31.837)
",9999999.000,9999999.000,0.000,1.000,0.000,0,0,0,24,24,0,0,24,0.0,0.0,0.0,0.0,0.0,1.0
"G[2,2]((MAP >= 62.704 | Platelets >= 1.295) -> Hct <= 76.450)
",-5379694873238433.000,-76.450,0.000,1.000,0.000,0,0,24,0,0,24,24,0,0.0,0.0,1.0,0.0,0.0,1.0
"G[1,1]((Glucose >= 21.940 -> HCO3 <= 17.179) & Lactate >= 0.040)
",-4835561524603921.000,-17.179,0.000,1.000,0.000,0,0,1,23,23,1,1,23,0.0,0.0,1.0,0.0,0.0,1.0
"G[1,2](HCO3 <= 22.972 -> PaCO2 >= 6.078)
",9999999.000,9999999.000,0.000,1.000,0.000,0,0,7,17,17,7,7,17,0.0,0.0,1.0,0.0,0.0,1.0
"G[1,2](((Magnesium <= 0.159 -> O2Sat >= 71.046) & MAP <= 90.838) -> BUN >= 30.915)
",9999999.000,9999999.000,0.000,1.000,0.000,0,0,3,21,21,3,3,21,0.0,0.0,1.0,0.0,0.0,1.0
"G[1,2](((PTT <= 35.922 & SBP <= 127.311) -> SepsisLabel <= 137.405) & Magnesium <= 119.664)
",9999999.000,9999999.000,0.000,1.000,0.000,0,0,24,0,0,24,24,0,0.0,0.0,1.0,0.0,0.0,1.0
"G[1,2](Platelets <= 61.451 -> WBC >= 0.000)
",9999999.000,9999999.000,0.000,1.000,0.000,0,0,24,0,0,24,24,0,0.0,0.0,1.0,0.0,0.0,1.0
"G[0,1](MAP >= 43.408 & Potassium >= 0.069)
",9999999.000,9999999.000,0.000,1.000,0.000,0,0,0,24,24,0,0,24,0.0,0.0,0.0,0.0,0.0,1.0
"G[1,2]((Hct <= 28.314 -> O2Sat >= 52.347) -> BaseExcess >= 87.659)
",9999999.000,9999999.000,0.000,1.000,0.000,0,0,3,21,21,3,3,21,0.0,0.0,1.0,0.0,0.0,1.0
"G[0,2]((Creatinine <= 0.095 & SaO2 >= 0.825) -> AST >= 4.476)
",9999999.000,9999999.000,0.000,1.000,0.000,0,0,20,4,4,20,20,4,0.0,0.0,1.0,0.0,0.0,1.0
"G[1,2](((Chloride <= 5.299 | Hct <= 27.032) -> HCO3 >= 0.621) -> Hgb >= 3.539)
",9999999.000,9999999.000,0.000,1.000,0.000,0,0,24,0,0,24,24,0,0.0,0.0,1.0,0.0,0.0,1.0
"G[2,2](((pH <= 3.771 | SBP <= 136.023) -> Resp >= 83.619) -> MAP >= 24.890)
",24.890,24.890,0.000,1.000,0.000,0,0,24,0,0,24,24,0,0.0,0.0,1.0,0.0,0.0,1.0
"G[0,2](((Hgb >= 0.578 | Potassium <= 0.513) & Potassium >= 0.062) -> HR <= 0.465)
",9999999.000,9999999.000,0.000,1.000,0.000,0,0,24,0,0,24,24,0,0.0,0.0,1.0,0.0,0.0,1.0
"G[0,2]((Chloride <= 69.693 -> Hgb >= 1.069) -> SaO2 >= 0.927)
",9999999.000,9999999.000,0.000,1.000,0.000,0,0,19,5,5,19,19,5,0.0,0.0,1.0,0.0,0.0,1.0
"G[1,1]((O2Sat <= 91.272 & PTT >= 0.036) | Bilirubin_total >= 0.792)
",-0.036,-0.036,0.000,1.000,0.000,0,0,1,23,23,1,1,23,0.0,0.0,1.0,0.0,0.0,1.0
"G[0,2]((Chloride <= 18.407 -> O2Sat <= 94.801) -> Phosphate <= 91.289)
",9999999.000,9999999.000,0.000,1.000,0.000,0,0,24,0,0,24,24,0,0.0,0.0,1.0,0.0,0.0,1.0
"G[1,2]((O2Sat <= 95.602 -> PaCO2 <= 30.007) -> pH <= 23.331)
",9999999.000,9999999.000,0.000,1.000,0.000,0,0,24,0,0,24,24,0,0.0,0.0,1.0,0.0,0.0,1.0
"G[0,2](Potassium <= 1.483 -> SaO2 <= 59.523)
",9999999.000,9999999.000,0.000,1.000,0.000,0,0,21,3,3,21,21,3,0.0,0.0,1.0,0.0,0.0,1.0
"G[2,2](((O2Sat >= 29.589 & pH <= 2.203) -> Lactate <= 2.519) | PTT <= 6.845)
",3853634510613611.000,6.845,0.000,1.000,0.000,0,0,24,0,0,24,24,0,0.0,0.0,1.0,0.0,0.0,1.0
"G[0,2](Hgb >= 0.948 | Temp >= 5.939)
",9999999.000,9999999.000,0.000,1.000,0.000,0,0,23,1,1,23,23,1,0.0,0.0,1.0,0.0,0.0,1.0
"G[0,2](((BaseExcess >= 0.191 -> DBP <= 67.988) | BaseExcess <= 73.241) -> Hct <= 56.787)
",9999999.000,9999999.000,0.000,1.000,0.000,0,0,24,0,0,24,24,0,0.0,0.0,1.0,0.0,0.0,1.0
"G[0,1]((Chloride >= 2.069 & Temp <= 36.985) & Bilirubin_direct <= 37.071)
",9999999.000,9999999.000,0.000,1.000,0.000,0,0,0,24,24,0,0,24,0.0,0.0,0.0,0.0,0.0,1.0
"G[1,1](((FiO2 <= 0.293 | Potassium <= 3.056) & WBC <= 2.185) -> Chloride >= 0.028)
",-4920206416833839.000,-2.185,0.000,1.000,0.000,0,0,1,23,23,1,1,23,0.0,0.0,1.0,0.0,0.0,1.0
"G[2,2]((HCO3 >= 0.159 & MAP >= 26.923) -> Platelets <= 68.902)
",-2424272969878458.000,-68.902,0.000,1.000,0.000,0,0,24,0,0,24,24,0,0.0,0.0,1.0,0.0,0.0,1.0
"G[2,2]((DBP >= 26.045 -> SBP <= 116.443) -> Creatinine <= 134.304)
",-2362702973249474.500,-134.304,0.000,1.000,0.000,0,0,24,0,0,24,24,0,0.0,0.0,1.0,0.0,0.0,1.0
"G[1,2](((HR <= 82.842 -> Potassium <= 0.130) & Glucose >= 0.051) & Chloride >= 0.033)
",9999999.000,9999999.000,0.000,1.000,0.000,0,0,1,23,23,1,1,23,0.0,0.0,1.0,0.0,0.0,1.0
"G[2,2]((MAP >= 17.315 -> Temp >= 9.901) -> Chloride <= 37.502)
",-2638954944970499.000,-37.502,0.000,1.000,0.000,0,0,24,0,0,24,24,0,0.0,0.0,1.0,0.0,0.0,1.0
"G[0,2]((PaCO2 <= 13.240 -> SaO2 >= 0.623) -> TroponinI >= 2.318)
",9999999.000,9999999.000,0.000,1.000,0.000,0,0,15,9,9,15,15,9,0.0,0.0,1.0,0.0,0.0,1.0
"G[1,2](Glucose >= 18.069 -> Hgb >= 0.101)
",9999999.000,9999999.000,0.000,1.000,0.000,0,0,20,4,4,20,20,4,0.0,0.0,1.0,0.0,0.0,1.0
"G[1,2](BUN >= 0.383 | Magnesium >= 0.006)
",9999999.000,9999999.000,0.000,1.000,0.000,0,0,3,21,21,3,3,21,0.0,0.0,1.0,0.0,0.0,1.0
"G[1,2](((pH >= 1.269 & SaO2 <= 61.299) | Platelets <= 12.959) & TroponinI <= 12.087)
",9999999.000,9999999.000,0.000,1.000,0.000,0,0,24,0,0,24,24,0,0.0,0.0,1.0,0.0,0.0,1.0
"G[1,2](((Hgb <= 7.244 -> pH <= 2.144) -> WBC >= 1.358) -> Magnesium <= 7.302)
",9999999.000,9999999.000,0.000,1.000,0.000,0,0,24,0,0,24,24,0,0.0,0.0,1.0,0.0,0.0,1.0
"G[0,2](Resp >= 2.065 | SBP <= 109.113)
",9999999.000,9999999.000,0.000,1.000,0.000,0,0,24,0,0,24,24,0,0.0,0.0,1.0,0.0,0.0,1.0
"G[1,2](((Hgb >= 0.707 -> Platelets <= 105.646) & Phosphate >= 0.045) | Temp >= 1.694)
",9999999.000,9999999.000,0.000,1.000,0.000,0,0,23,1,1,23,23,1,0.0,0.0,1.0,0.0,0.0,1.0
"G[1,2]((Glucose <= 41.813 & PaCO2 <= 13.043) | Magnesium <= 14.022)
",9999999.000,9999999.000,0.000,1.000,0.000,0,0,24,0,0,24,24,0,0.0,0.0,1.0,0.0,0.0,1.0
"G[1,2](((Hct >= 2.721 & Platelets <= 61.890) | pH >= 1.759) & Resp >= 1.541)
",9999999.000,9999999.000,0.000,1.000,0.000,0,0,10,14,14,10,10,14,0.0,0.0,1.0,0.0,0.0,1.0
"G[0,2](((Resp >= 6.016 -> SaO2 <= 77.657) | Hgb <= 71.060) | Resp >= 0.554)
",9999999.000,9999999.000,0.000,1.000,0.000,0,0,24,0,0,24,24,0,0.0,0.0,1.0,0.0,0.0,1.0
"G[0,2]((PaCO2 <= 14.242 -> Platelets <= 8.447) | SBP >= 2.091)
",9999999.000,9999999.000,0.000,1.000,0.000,0,0,24,0,0,24,24,0,0.0,0.0,1.0,0.0,0.0,1.0
"G[1,2](((BaseExcess >= 0.200 | Hct <= 6.223) & Glucose >= 0.215) | HR >= 2.968)
",9999999.000,9999999.000,0.000,1.000,0.000,0,0,23,1,1,23,23,1,0.0,0.0,1.0,0.0,0.0,1.0
"G[1,2](Hct >= 1.211 | Magnesium >= 0.078)
",9999999.000,9999999.000,0.000,1.000,0.000,0,0,5,19,19,5,5,19,0.0,0.0,1.0,0.0,0.0,1.0
"G[2,2]((O2Sat <= 94.606 | SBP <= 101.498) | EtCO2 >= 96.390)
",101.498,101.498,0.000,1.000,0.000,0,0,24,0,0,24,24,0,0.0,0.0,1.0,0.0,0.0,1.0
"G[1,2]((Glucose >= 13.368 -> Magnesium <= 1.370) -> BUN >= 0.027)
",9999999.000,9999999.000,0.000,1.000,0.000,0,0,3,21,21,3,3,21,0.0,0.0,1.0,0.0,0.0,1.0
"G[2,2](BUN >= 0.713 | Hct <= 5.530)
",6226526889012431.000,5.530,0.000,1.000,0.000,0,0,24,0,0,24,24,0,0.0,0.0,1.0,0.0,0.0,1.0
"G[0,2]((Creatinine <= 1.034 | FiO2 <= 0.394) | Hgb >= 0.096)
",9999999.000,9999999.000,0.000,1.000,0.000,0,0,23,1,1,23,23,1,0.0,0.0,1.0,0.0,0.0,1.0
"G[1,2](PaCO2 <= 46.949 | SBP >= 61.051)
",9999999.000,9999999.000,0.000,1.000,0.000,0,0,24,0,0,24,24,0,0.0,0.0,1.0,0.0,0.0,1.0
"G[0,0](((Hct <= 26.755 | HR <= 95.903) & WBC >= 0.279) & Hct <= 85.329)
",0.163,0.897,0.000,1.000,0.000,0,0,0,24,24,0,0,24,0.0,0.0,0.0,0.0,0.0,1.0
"G[2,2](((Magnesium <= 0.390 | pH >= 0.493) | BUN <= 5.517) -> SBP <= 3.367)
",-3105841187852558.500,-5.517,0.000,1.000,0.000,0,0,24,0,0,24,24,0,0.0,0.0,1.0,0.0,0.0,1.0
"G[1,2](Glucose >= 1.172 | SaO2 >= 4.460)
",9999999.000,9999999.000,0.000,1.000,0.000,0,0,9,15,15,9,9,15,0.0,0.0,1.0,0.0,0.0,1.0
"G[1,2]((HCO3 >= 0.007 | pH <= 5.975) -> Creatinine >= 1.601)
",9999999.000,9999999.000,0.000,1.000,0.000,0,0,9,15,15,9,9,15,0.0,0.0,1.0,0.0,0.0,1.0
"G[0,2](SaO2 <= 75.807 & BaseExcess <= 4.896)
",9999999.000,9999999.000,0.000,1.000,0.000,0,0,20,4,4,20,20,4,0.0,0.0,1.0,0.0,0.0,1.0
