Rule,Discrimination Score,Pos Robustness,Neg Robustness,Percent Class +,Percent Class -,TP,TN,FP,FN,Actual Yes,Actual No,Predicted Yes,Predicted No,TPR/Sens,TNR/Spec,FPR,Precision,Accuracy,MCR
"G[0,0]((DBP >= 59.218 -> BUN <= 13.655) -> FiO2 <= 33.759)
",-6.964,-32.654,0.000,1.000,0.000,19,0,0,0,19,0,19,0,1.0,0.0,0.0,1.0,1.0,0.0
"G[0,1](SBP < 124.687 -> SepsisLabel = 0.000)
",9999999.000,9999999.000,0.000,1.000,0.000,19,0,0,0,19,0,19,0,1.0,0.0,0.0,1.0,1.0,0.0
"G[0,1](O2Sat <= 99.409 -> WBC <= 13.700)
",9999999.000,9999999.000,0.000,1.000,0.000,19,0,0,0,19,0,19,0,1.0,0.0,0.0,1.0,1.0,0.0
"G[0,1]((Creatinine <= 0.452 -> HCO3 >= 0.081) | AST <= 15.576)
",9999999.000,9999999.000,0.000,1.000,0.000,19,0,0,0,19,0,19,0,1.0,0.0,0.0,1.0,1.0,0.0
"G[0,1]((pH <= 3.185 -> Phosphate <= 0.000) -> Creatinine >= 0.000)
",9999999.000,9999999.000,0.000,1.000,0.000,19,0,0,0,19,0,19,0,1.0,0.0,0.0,1.0,1.0,0.0
"G[1,1](Hct >= 2.274 -> Alkalinephos >= 0.000)
",0.000,0.000,0.000,1.000,0.000,19,0,0,0,19,0,19,0,1.0,0.0,0.0,1.0,1.0,0.0
"G[1,1](((FiO2 <= 0.363 -> HCO3 >= 1.941) & AST >= 1.209) -> BaseExcess >= 0.080)
",5745703430880085.000,0.080,0.000,1.000,0.000,19,0,0,0,19,0,19,0,1.0,0.0,0.0,1.0,1.0,0.0
"G[0,1](((Hct <= 31.802 & SaO2 >= 2.335) -> EtCO2 <= 38.142) | TroponinI >= 3.945)
",9999999.000,9999999.000,0.000,1.000,0.000,19,0,0,0,19,0,19,0,1.0,0.0,0.0,1.0,1.0,0.0
"G[0,1]((Creatinine >= 0.058 | pH >= 1.322) -> TroponinI <= 7.214)
",9999999.000,9999999.000,0.000,1.000,0.000,19,0,0,0,19,0,19,0,1.0,0.0,0.0,1.0,1.0,0.0
"G[0,0]((Hct <= 10.503 -> HR >= 63.138) -> BaseExcess <= 77.560)
",-77.560,-77.560,0.000,1.000,0.000,19,0,0,0,19,0,19,0,1.0,0.0,0.0,1.0,1.0,0.0
"G[1,1](Phosphate >= 0.000 & SepsisLabel = 0.000)
",0.000,0.000,0.000,1.000,0.000,19,0,0,0,19,0,19,0,1.0,0.0,0.0,1.0,1.0,0.0
"G[0,1]((PTT >= 0.190 -> Resp <= 25.734) | TroponinI <= 21.395)
",9999999.000,9999999.000,0.000,1.000,0.000,19,0,0,0,19,0,19,0,1.0,0.0,0.0,1.0,1.0,0.0
"G[0,1](Bilirubin_direct <= 0.000 -> SepsisLabel = 0.000)
",9999999.000,9999999.000,0.000,1.000,0.000,19,0,0,0,19,0,19,0,1.0,0.0,0.0,1.0,1.0,0.0
"G[0,0](O2Sat >= 96.053 | Platelets <= 136.562)
",136.562,136.562,0.000,1.000,0.000,19,0,0,0,19,0,19,0,1.0,0.0,0.0,1.0,1.0,0.0
"G[1,1](((Chloride <= 79.758 -> Fibrinogen >= 0.000) | Chloride <= 0.000) & Lactate <= 0.000)
",0.000,0.000,0.000,1.000,0.000,19,0,0,0,19,0,19,0,1.0,0.0,0.0,1.0,1.0,0.0
"G[0,0]((Alkalinephos >= 0.000 | HR >= 61.854) | BaseExcess >= 58.919)
",6500942666273211.000,11825.146,0.000,1.000,0.000,19,0,0,0,19,0,19,0,1.0,0.0,0.0,1.0,1.0,0.0
"G[0,1](((PaCO2 <= 31.037 & Potassium <= 3.566) & AST >= 0.461) | MAP >= 0.077)
",9999999.000,9999999.000,0.000,1.000,0.000,19,0,0,0,19,0,19,0,1.0,0.0,0.0,1.0,1.0,0.0
"G[0,1](HCO3 >= 0.099 | HR >= 58.269)
",9999999.000,9999999.000,0.000,1.000,0.000,19,0,0,0,19,0,19,0,1.0,0.0,0.0,1.0,1.0,0.0
"G[0,0]((SaO2 <= 52.631 -> SepsisLabel <= 0.000) | Creatinine >= 0.000)
",0.236,5.789,0.000,1.000,0.000,19,0,0,0,19,0,19,0,1.0,0.0,0.0,1.0,1.0,0.0
"G[1,1]((Chloride <= 80.147 & Hgb <= 6.825) | Fibrinogen <= 8.817)
",8.817,8.817,0.000,1.000,0.000,19,0,0,0,19,0,19,0,1.0,0.0,0.0,1.0,1.0,0.0
"G[0,1](Hgb <= 4.941 -> Bilirubin_total >= 0.000)
",9999999.000,9999999.000,0.000,1.000,0.000,19,0,0,0,19,0,19,0,1.0,0.0,0.0,1.0,1.0,0.0
"G[0,1](((WBC >= 0.527 -> MAP <= 91.694) -> Lactate >= 78.556) -> PaCO2 >= 72.934)
",9999999.000,9999999.000,0.000,1.000,0.000,19,0,0,0,19,0,19,0,1.0,0.0,0.0,1.0,1.0,0.0
"G[0,1](((BUN >= 3.402 | Hgb >= 0.589) | Phosphate <= 2.753) | Hct >= 0.487)
",9999999.000,9999999.000,0.000,1.000,0.000,19,0,0,0,19,0,19,0,1.0,0.0,0.0,1.0,1.0,0.0
"G[0,1](((Hct >= 3.863 & Calcium <= 0.000) -> Platelets <= 0.000) | Chloride >= 0.000)
",9999999.000,9999999.000,0.000,1.000,0.000,19,0,0,0,19,0,19,0,1.0,0.0,0.0,1.0,1.0,0.0
"G[0,1](((AST >= 0.000 | Creatinine <= 0.339) & Fibrinogen <= 1.148) | Hct <= 0.726)
",9999999.000,9999999.000,0.000,1.000,0.000,19,0,0,0,19,0,19,0,1.0,0.0,0.0,1.0,1.0,0.0
"G[1,1](((PTT >= 0.495 -> WBC >= 1.153) | Magnesium >= 0.795) | SBP >= 0.657)
",4454183322851433.500,0.495,0.000,1.000,0.000,19,0,0,0,19,0,19,0,1.0,0.0,0.0,1.0,1.0,0.0
"G[0,0]((BaseExcess <= -0.160 & Glucose <= 79.804) | TroponinI <= 31.529)
",31.529,31.529,0.000,1.000,0.000,19,0,0,0,19,0,19,0,1.0,0.0,0.0,1.0,1.0,0.0
"G[0,0](((BaseExcess <= -0.285 -> pH <= 2.420) -> HCO3 <= 6.862) -> Fibrinogen <= 2.042)
",-0.791,-1.573,0.000,1.000,0.000,19,0,0,0,19,0,19,0,1.0,0.0,0.0,1.0,1.0,0.0
"G[0,1](((Glucose >= 12.682 | SBP >= 101.163) -> Temp <= 120.915) & HR <= 127.054)
",9999999.000,9999999.000,0.000,1.000,0.000,19,0,0,0,19,0,19,0,1.0,0.0,0.0,1.0,1.0,0.0
"G[0,1](((O2Sat <= 99.593 & SaO2 >= 3.310) & Temp <= 78.829) | Alkalinephos <= 74.769)
",9999999.000,9999999.000,0.000,1.000,0.000,19,0,0,0,19,0,19,0,1.0,0.0,0.0,1.0,1.0,0.0
"G[0,0](((pH >= 1.544 & Bilirubin_total <= 0.000) | pH >= 0.000) -> SaO2 >= 0.000)
",-0.347,-4.524,0.000,1.000,0.000,19,0,0,0,19,0,19,0,1.0,0.0,0.0,1.0,1.0,0.0
"G[0,1](((BaseExcess >= -0.875 -> PTT >= 0.812) | SaO2 <= 13.753) | TroponinI <= 6.548)
",9999999.000,9999999.000,0.000,1.000,0.000,19,0,0,0,19,0,19,0,1.0,0.0,0.0,1.0,1.0,0.0
"G[0,1]((Platelets >= 7.461 | Temp <= 28.303) -> EtCO2 <= 13.705)
",9999999.000,9999999.000,0.000,1.000,0.000,19,0,0,0,19,0,19,0,1.0,0.0,0.0,1.0,1.0,0.0
"G[1,1]((HR >= 59.991 -> MAP <= 79.851) -> Hct <= 81.034)
",-5702252649422414.000,-81.034,0.000,1.000,0.000,19,0,0,0,19,0,19,0,1.0,0.0,0.0,1.0,1.0,0.0
"G[0,0](((PaCO2 <= 14.888 & Alkalinephos <= 0.000) | AST >= 0.000) | Resp >= 0.000)
",8.594,59.105,0.000,1.000,0.000,19,0,0,0,19,0,19,0,1.0,0.0,0.0,1.0,1.0,0.0
"G[0,1](Phosphate <= 0.000 & EtCO2 >= 0.000)
",9999999.000,9999999.000,0.000,1.000,0.000,19,0,0,0,19,0,19,0,1.0,0.0,0.0,1.0,1.0,0.0
"G[0,0](PaCO2 >= 2.863 -> SBP <= 130.082)
",-11.449,-126.298,0.000,1.000,0.000,19,0,0,0,19,0,19,0,1.0,0.0,0.0,1.0,1.0,0.0
"G[0,0]((BUN >= 1.675 & O2Sat <= 99.712) -> Bilirubin_direct <= 99.667)
",-229.032,-99.519,0.000,1.000,0.000,19,0,0,0,19,0,19,0,1.0,0.0,0.0,1.0,1.0,0.0
"G[0,1]((Bilirubin_total <= 0.000 -> PaCO2 <= 18.814) | Phosphate <= 18.025)
",9999999.000,9999999.000,0.000,1.000,0.000,19,0,0,0,19,0,19,0,1.0,0.0,0.0,1.0,1.0,0.0
"G[0,1](Potassium >= 0.027 | Magnesium <= 2.098)
",9999999.000,9999999.000,0.000,1.000,0.000,19,0,0,0,19,0,19,0,1.0,0.0,0.0,1.0,1.0,0.0
"G[0,0](DBP >= 54.657 | Magnesium <= 1.391)
",2.840,23.764,0.000,1.000,0.000,19,0,0,0,19,0,19,0,1.0,0.0,0.0,1.0,1.0,0.0
"G[0,1](((Potassium >= 0.407 -> Alkalinephos >= 0.000) | HCO3 <= 0.000) | BUN <= 0.000)
",9999999.000,9999999.000,0.000,1.000,0.000,19,0,0,0,19,0,19,0,1.0,0.0,0.0,1.0,1.0,0.0
"G[1,1](((Glucose >= 13.872 | SaO2 >= 1.967) | AST <= 15.375) | HR <= 23.236)
",23.236,23.236,0.000,1.000,0.000,19,0,0,0,19,0,19,0,1.0,0.0,0.0,1.0,1.0,0.0
"G[0,1]((BaseExcess >= -1.218 | Hgb <= 3.010) | MAP <= 7.430)
",9999999.000,9999999.000,0.000,1.000,0.000,19,0,0,0,19,0,19,0,1.0,0.0,0.0,1.0,1.0,0.0
"G[0,1](Magnesium <= 2.957 -> Platelets <= 66.088)
",9999999.000,9999999.000,0.000,1.000,0.000,18,0,0,1,19,0,18,1,0.9473684210526315,0.0,0.0,1.0,0.9473684210526315,0.052631578947368474
"G[1,1](WBC >= 1.318 -> SaO2 <= 64.696)
",-4552598368703815.000,-64.696,0.000,1.000,0.000,18,0,0,1,19,0,18,1,0.9473684210526315,0.0,0.0,1.0,0.9473684210526315,0.052631578947368474
"G[0,1](((Chloride <= 66.557 | Chloride <= 112.615) & BUN >= 1.792) -> Hgb >= 6.763)
",9999999.000,9999999.000,0.000,1.000,0.000,18,0,0,1,19,0,18,1,0.9473684210526315,0.0,0.0,1.0,0.9473684210526315,0.052631578947368474
"G[0,0]((BUN >= 4.372 & SBP <= 128.245) -> SBP >= 104.969)
",4.372,4.372,0.000,1.000,0.000,18,0,0,1,19,0,18,1,0.9473684210526315,0.0,0.0,1.0,0.9473684210526315,0.052631578947368474
"G[0,1](FiO2 <= 0.642 | Hct <= 23.070)
",9999999.000,9999999.000,0.000,1.000,0.000,18,0,0,1,19,0,18,1,0.9473684210526315,0.0,0.0,1.0,0.9473684210526315,0.052631578947368474
"G[0,1](HR <= 77.408 | Potassium <= 1.587)
",9999999.000,9999999.000,0.000,1.000,0.000,18,0,0,1,19,0,18,1,0.9473684210526315,0.0,0.0,1.0,0.9473684210526315,0.052631578947368474
"G[0,1](HCO3 <= 9.108 | Magnesium >= 0.085)
",9999999.000,9999999.000,0.000,1.000,0.000,18,0,0,1,19,0,18,1,0.9473684210526315,0.0,0.0,1.0,0.9473684210526315,0.052631578947368474
"G[1,1]((Chloride <= 39.197 & PTT <= 14.057) -> Hgb <= 7.407)
",-14.057,-14.057,0.000,1.000,0.000,18,0,0,1,19,0,18,1,0.9473684210526315,0.0,0.0,1.0,0.9473684210526315,0.052631578947368474
"G[0,1]((Magnesium >= 0.147 | WBC <= 8.048) | Lactate >= 1.192)
",9999999.000,9999999.000,0.000,1.000,0.000,18,0,0,1,19,0,18,1,0.9473684210526315,0.0,0.0,1.0,0.9473684210526315,0.052631578947368474
"G[1,1]((FiO2 >= 0.068 | Resp >= 14.682) & FiO2 <= 20.825)
",-4891695237414971.000,-0.068,0.000,1.000,0.000,18,0,0,1,19,0,18,1,0.9473684210526315,0.0,0.0,1.0,0.9473684210526315,0.052631578947368474
"G[0,1](((DBP >= 49.803 | pH <= 5.446) | Creatinine >= 1.335) | SepsisLabel >= 0.427)
",9999999.000,9999999.000,0.000,1.000,0.000,18,0,0,1,19,0,18,1,0.9473684210526315,0.0,0.0,1.0,0.9473684210526315,0.052631578947368474
"G[1,1](FiO2 <= 0.094 | Hct >= 3.068)
",0.094,0.094,0.000,1.000,0.000,17,0,0,2,19,0,17,2,0.8947368421052632,0.0,0.0,1.0,0.8947368421052632,0.10526315789473684
"G[1,1](BUN >= 1.406 -> Hct <= 22.075)
",-6213471901202036.000,-22.075,0.000,1.000,0.000,17,0,0,2,19,0,17,2,0.8947368421052632,0.0,0.0,1.0,0.8947368421052632,0.10526315789473684
"G[0,1](O2Sat <= 99.811 | WBC <= 10.124)
",9999999.000,9999999.000,0.000,1.000,0.000,17,0,0,2,19,0,17,2,0.8947368421052632,0.0,0.0,1.0,0.8947368421052632,0.10526315789473684
"G[1,1](BaseExcess <= -0.267 -> Chloride >= 4.696)
",4810968428680214.000,0.267,0.000,1.000,0.000,17,0,0,2,19,0,17,2,0.8947368421052632,0.0,0.0,1.0,0.8947368421052632,0.10526315789473684
"G[0,1]((Creatinine <= 0.111 -> PTT >= 0.113) -> Temp >= 0.816)
",9999999.000,9999999.000,0.000,1.000,0.000,17,0,0,2,19,0,17,2,0.8947368421052632,0.0,0.0,1.0,0.8947368421052632,0.10526315789473684
"G[0,0](Hct <= 10.356 | Hgb <= 2.464)
",10.356,10.356,0.000,1.000,0.000,17,0,0,2,19,0,17,2,0.8947368421052632,0.0,0.0,1.0,0.8947368421052632,0.10526315789473684
"G[0,0](((HCO3 <= 11.135 & PaCO2 >= 3.027) | Temp >= 2.874) -> SaO2 >= 2.481)
",-78.442,-96.337,0.000,1.000,0.000,17,0,0,2,19,0,17,2,0.8947368421052632,0.0,0.0,1.0,0.8947368421052632,0.10526315789473684
"G[0,1](((Glucose >= 17.054 -> pH >= 1.465) -> Potassium <= 3.145) | Temp >= 0.050)
",9999999.000,9999999.000,0.000,1.000,0.000,17,0,0,2,19,0,17,2,0.8947368421052632,0.0,0.0,1.0,0.8947368421052632,0.10526315789473684
"G[1,1](Chloride >= 1.577 -> Glucose >= 3.675)
",1.577,1.577,0.000,1.000,0.000,17,0,0,2,19,0,17,2,0.8947368421052632,0.0,0.0,1.0,0.8947368421052632,0.10526315789473684
"G[0,1](Glucose <= 41.395 | HCO3 <= 15.373)
",9999999.000,9999999.000,0.000,1.000,0.000,17,0,0,2,19,0,17,2,0.8947368421052632,0.0,0.0,1.0,0.8947368421052632,0.10526315789473684
"G[0,1](Temp >= 1.248 | Potassium <= 4.878)
",9999999.000,9999999.000,0.000,1.000,0.000,17,0,0,2,19,0,17,2,0.8947368421052632,0.0,0.0,1.0,0.8947368421052632,0.10526315789473684
"G[1,1]((Glucose >= 20.449 -> HCO3 <= 3.370) -> Glucose <= 11.728)
",-11.728,-11.728,0.000,1.000,0.000,16,0,0,3,19,0,16,3,0.8421052631578947,0.0,0.0,1.0,0.8421052631578947,0.1578947368421053
"G[0,1]((FiO2 <= 0.323 | O2Sat <= 99.362) | pH >= 98.613)
",9999999.000,9999999.000,0.000,1.000,0.000,16,0,0,3,19,0,16,3,0.8421052631578947,0.0,0.0,1.0,0.8421052631578947,0.1578947368421053
"G[0,1]((HR <= 79.635 | AST <= 0.000) & pH <= 0.000)
",9999999.000,9999999.000,0.000,1.000,0.000,14,0,0,5,19,0,14,5,0.7368421052631579,0.0,0.0,1.0,0.7368421052631579,0.26315789473684215
"G[0,1](((BaseExcess >= -1.040 | WBC >= 0.582) -> WBC >= 1.417) -> TroponinI >= 1.132)
",9999999.000,9999999.000,0.000,1.000,0.000,14,0,0,5,19,0,14,5,0.7368421052631579,0.0,0.0,1.0,0.7368421052631579,0.26315789473684215
"G[0,0]((PTT <= 22.835 -> Resp <= 21.222) | DBP <= 24.740)
",-6.706,-21.724,0.000,1.000,0.000,12,0,0,7,19,0,12,7,0.631578947368421,0.0,0.0,1.0,0.631578947368421,0.368421052631579
"G[0,0]((HR <= 78.583 & PTT <= 10.167) -> Chloride >= 0.348)
",6275814612421646.000,0.348,0.000,1.000,0.000,11,0,0,8,19,0,11,8,0.5789473684210527,0.0,0.0,1.0,0.5789473684210527,0.42105263157894735
"G[0,1](((SepsisLabel <= 0.000 & O2Sat <= 99.468) -> Chloride >= 97.744) & MAP <= 99.759)
",9999999.000,9999999.000,0.000,1.000,0.000,8,0,0,11,19,0,8,11,0.42105263157894735,0.0,0.0,1.0,0.42105263157894735,0.5789473684210527
"G[0,0](Creatinine <= 0.800 & HR <= 77.388)
",-6492403031847908.000,-11809.612,0.000,1.000,0.000,7,0,0,12,19,0,7,12,0.3684210526315789,0.0,0.0,1.0,0.3684210526315789,0.631578947368421
"G[0,0](((MAP >= 66.697 -> Platelets >= 1.221) -> EtCO2 >= 0.312) -> Temp >= 2.020)
",-79.137,-97.190,0.000,1.000,0.000,5,0,0,14,19,0,5,14,0.2631578947368421,0.0,0.0,1.0,0.2631578947368421,0.736842105263158
"G[0,1]((O2Sat >= 95.720 | Platelets <= 28.063) & SBP <= 110.499)
",9999999.000,9999999.000,0.000,1.000,0.000,4,0,0,15,19,0,4,15,0.21052631578947367,0.0,0.0,1.0,0.21052631578947367,0.7894736842105263
"G[1,1]((TroponinI <= 0.000 -> Resp >= 17.775) -> BaseExcess >= 15.199)
",0.000,0.000,0.000,1.000,0.000,4,0,0,15,19,0,4,15,0.21052631578947367,0.0,0.0,1.0,0.21052631578947367,0.7894736842105263
"G[1,1]((EtCO2 <= 0.000 & pH >= 1.402) & O2Sat >= 0.257)
",-6315822762632332.000,-1.402,0.000,1.000,0.000,4,0,0,15,19,0,4,15,0.21052631578947367,0.0,0.0,1.0,0.21052631578947367,0.7894736842105263
"G[0,0]((Platelets <= 147.571 -> pH >= 1.377) | EtCO2 >= 0.010)
",6.180,19.647,0.000,1.000,0.000,4,0,0,15,19,0,4,15,0.21052631578947367,0.0,0.0,1.0,0.21052631578947367,0.7894736842105263
"G[1,1](HCO3 <= 8.118 -> Hct >= 3.095)
",-4569966465403579.000,-8.118,0.000,1.000,0.000,3,0,0,16,19,0,3,16,0.15789473684210525,0.0,0.0,1.0,0.15789473684210525,0.8421052631578947
"G[0,1](BUN >= 2.758 | SaO2 >= 3.250)
",9999999.000,9999999.000,0.000,1.000,0.000,3,0,0,16,19,0,3,16,0.15789473684210525,0.0,0.0,1.0,0.15789473684210525,0.8421052631578947
"G[1,1](((Lactate >= 0.000 -> Hgb >= 0.562) | HR <= 5.327) | Hgb >= 0.483)
",5.327,5.327,0.000,1.000,0.000,3,0,0,16,19,0,3,16,0.15789473684210525,0.0,0.0,1.0,0.15789473684210525,0.8421052631578947
"G[0,1](pH >= 1.271 | SaO2 >= 0.943)
",9999999.000,9999999.000,0.000,1.000,0.000,3,0,0,16,19,0,3,16,0.15789473684210525,0.0,0.0,1.0,0.15789473684210525,0.8421052631578947
"G[0,1]((FiO2 >= 0.005 & Glucose <= 135.096) | PTT >= 3.855)
",9999999.000,9999999.000,0.000,1.000,0.000,2,0,0,17,19,0,2,17,0.10526315789473684,0.0,0.0,1.0,0.10526315789473684,0.8947368421052632
"G[0,0](Platelets <= 140.470 -> WBC >= 0.438)
",-4942348532667398.000,-140.470,0.000,1.000,0.000,2,0,0,17,19,0,2,17,0.10526315789473684,0.0,0.0,1.0,0.10526315789473684,0.8947368421052632
"G[0,0]((SaO2 <= 51.766 & Potassium >= 0.365) & O2Sat >= 0.410)
",-6567719542087675.000,-0.365,0.000,1.000,0.000,2,0,0,17,19,0,2,17,0.10526315789473684,0.0,0.0,1.0,0.10526315789473684,0.8947368421052632
"G[0,1](((pH >= 0.129 & SaO2 <= 6.290) -> HCO3 >= 3.477) & WBC >= 1.916)
",9999999.000,9999999.000,0.000,1.000,0.000,2,0,0,17,19,0,2,17,0.10526315789473684,0.0,0.0,1.0,0.10526315789473684,0.8947368421052632
"G[0,1](Chloride >= 9.861 & HCO3 >= 0.692)
",9999999.000,9999999.000,0.000,1.000,0.000,2,0,0,17,19,0,2,17,0.10526315789473684,0.0,0.0,1.0,0.10526315789473684,0.8947368421052632
"G[1,1](Platelets <= 32.889 -> WBC >= 1.041)
",-32.889,-32.889,0.000,1.000,0.000,2,0,0,17,19,0,2,17,0.10526315789473684,0.0,0.0,1.0,0.10526315789473684,0.8947368421052632
"G[1,1](Platelets <= 55.149 -> WBC >= 0.840)
",-55.149,-55.149,0.000,1.000,0.000,2,0,0,17,19,0,2,17,0.10526315789473684,0.0,0.0,1.0,0.10526315789473684,0.8947368421052632
"G[0,1](Chloride >= 3.624 & HCO3 >= 0.856)
",9999999.000,9999999.000,0.000,1.000,0.000,2,0,0,17,19,0,2,17,0.10526315789473684,0.0,0.0,1.0,0.10526315789473684,0.8947368421052632
"G[0,0](((Hgb <= 5.728 | Hct <= 5.648) -> WBC >= 0.807) & Platelets >= 6.574)
",-7401722519477789.000,-6.574,0.000,1.000,0.000,2,0,0,17,19,0,2,17,0.10526315789473684,0.0,0.0,1.0,0.10526315789473684,0.8947368421052632
"G[0,1](Platelets <= 31.437 -> WBC >= 1.405)
",9999999.000,9999999.000,0.000,1.000,0.000,2,0,0,17,19,0,2,17,0.10526315789473684,0.0,0.0,1.0,0.10526315789473684,0.8947368421052632
"G[0,1](((BUN <= 34.906 & Temp >= 1.813) | Calcium >= 0.183) | HCO3 >= 0.549)
",9999999.000,9999999.000,0.000,1.000,0.000,2,0,0,17,19,0,2,17,0.10526315789473684,0.0,0.0,1.0,0.10526315789473684,0.8947368421052632
"G[0,0](Platelets <= 20.797 -> WBC >= 0.942)
",-5853916592439557.000,-20.797,0.000,1.000,0.000,2,0,0,17,19,0,2,17,0.10526315789473684,0.0,0.0,1.0,0.10526315789473684,0.8947368421052632
"G[0,0](FiO2 >= 0.070 & PaCO2 >= 0.884)
",-0.226,-0.370,0.000,1.000,0.000,1,0,0,18,19,0,1,18,0.05263157894736842,0.0,0.0,1.0,0.05263157894736842,0.9473684210526316
"G[0,1](Glucose <= 101.424 -> Magnesium >= 0.162)
",9999999.000,9999999.000,0.000,1.000,0.000,1,0,0,18,19,0,1,18,0.05263157894736842,0.0,0.0,1.0,0.05263157894736842,0.9473684210526316
"G[1,1]((Hgb <= 5.659 & PaCO2 >= 0.875) & BUN <= 3.843)
",-0.875,-0.875,0.000,1.000,0.000,1,0,0,18,19,0,1,18,0.05263157894736842,0.0,0.0,1.0,0.05263157894736842,0.9473684210526316
"G[1,1]((MAP <= 83.543 | PaCO2 <= 41.485) -> Platelets >= 1.312)
",-5878839896460949.000,-83.543,0.000,1.000,0.000,1,0,0,18,19,0,1,18,0.05263157894736842,0.0,0.0,1.0,0.05263157894736842,0.9473684210526316
"G[1,1]((Platelets <= 68.115 -> WBC >= 0.587) & Calcium >= 0.692)
",-68.115,-68.115,0.000,1.000,0.000,0,0,0,19,19,0,0,19,0.0,0.0,0.0,0.0,0.0,1.0
"G[1,1]((pH <= 1.699 & pH >= 1.235) & pH >= 0.647)
",-1.235,-1.235,0.000,1.000,0.000,0,0,0,19,19,0,0,19,0.0,0.0,0.0,0.0,0.0,1.0
"G[1,2](FiO2 <= 0.138 -> Hct >= 0.675)
",9999999.000,9999999.000,0.000,1.000,0.000,0,0,5,14,14,5,5,14,0.0,0.0,1.0,0.0,0.0,1.0
"G[1,2](BaseExcess >= -2.594 & Platelets >= 8.407)
",9999999.000,9999999.000,0.000,1.000,0.000,0,0,0,19,19,0,0,19,0.0,0.0,0.0,0.0,0.0,1.0
"G[2,2](((pH >= 1.053 -> BaseExcess <= -0.249) -> Potassium <= -0.311) & TroponinI <= -0.089)
",-0.249,-0.249,0.000,1.000,0.000,0,0,19,0,0,19,19,0,0.0,0.0,1.0,0.0,0.0,1.0
"G[1,2](((Alkalinephos >= 0.000 & PTT <= 11.770) & BUN <= 19.137) -> Platelets >= 0.453)
",9999999.000,9999999.000,0.000,1.000,0.000,0,0,3,16,16,3,3,16,0.0,0.0,1.0,0.0,0.0,1.0
"G[1,2]((SepsisLabel >= 0.000 -> FiO2 >= 0.050) -> WBC <= 0.324)
",9999999.000,9999999.000,0.000,1.000,0.000,0,0,18,1,1,18,18,1,0.0,0.0,1.0,0.0,0.0,1.0
"G[0,2]((Bilirubin_direct >= 0.000 & BUN <= 21.774) & Bilirubin_total >= 0.682)
",9999999.000,9999999.000,0.000,1.000,0.000,0,0,0,19,19,0,0,19,0.0,0.0,0.0,0.0,0.0,1.0
"G[1,2](((Hct >= 1.237 -> Bilirubin_total <= 0.000) -> BaseExcess >= 0.000) -> HR >= 0.000)
",9999999.000,9999999.000,0.000,1.000,0.000,0,0,19,0,0,19,19,0,0.0,0.0,1.0,0.0,0.0,1.0
"G[1,2](Alkalinephos >= 0.000 & Resp >= 16.879)
",9999999.000,9999999.000,0.000,1.000,0.000,0,0,16,3,3,16,16,3,0.0,0.0,1.0,0.0,0.0,1.0
"G[2,2]((Magnesium >= 0.161 & Calcium >= 0.000) & DBP >= 0.000)
",-5805082704711099.000,-0.161,0.000,1.000,0.000,0,0,19,0,0,19,19,0,0.0,0.0,1.0,0.0,0.0,1.0
"G[1,2](((Glucose <= 154.873 & DBP <= 64.040) | BaseExcess <= 69.405) & BUN <= 71.448)
",9999999.000,9999999.000,0.000,1.000,0.000,0,0,19,0,0,19,19,0,0.0,0.0,1.0,0.0,0.0,1.0
"G[2,2]((BUN >= 1.490 & Hgb <= 2.939) -> SBP >= 1.404)
",1.404,1.404,0.000,1.000,0.000,0,0,19,0,0,19,19,0,0.0,0.0,1.0,0.0,0.0,1.0
"G[1,2]((Magnesium <= 1.175 -> Resp <= 25.949) & Bilirubin_direct >= 14.423)
",9999999.000,9999999.000,0.000,1.000,0.000,0,0,0,19,19,0,0,19,0.0,0.0,0.0,0.0,0.0,1.0
"G[1,2](DBP <= 68.275 & Fibrinogen >= 0.000)
",9999999.000,9999999.000,0.000,1.000,0.000,0,0,17,2,2,17,17,2,0.0,0.0,1.0,0.0,0.0,1.0
"G[1,2]((BaseExcess <= -0.074 | SBP >= 112.378) & HCO3 >= 92.418)
",9999999.000,9999999.000,0.000,1.000,0.000,0,0,0,19,19,0,0,19,0.0,0.0,0.0,0.0,0.0,1.0
"G[1,2](((Alkalinephos <= 0.000 | Calcium >= 0.000) & WBC >= 0.000) -> Hct >= 0.000)
",9999999.000,9999999.000,0.000,1.000,0.000,0,0,19,0,0,19,19,0,0.0,0.0,1.0,0.0,0.0,1.0
"G[1,2]((Chloride <= 107.867 -> Glucose >= 10.587) | DBP <= 73.373)
",9999999.000,9999999.000,0.000,1.000,0.000,0,0,18,1,1,18,18,1,0.0,0.0,1.0,0.0,0.0,1.0
"G[1,2](((MAP >= 77.494 -> Chloride <= 59.837) | PTT >= 8.005) & Bilirubin_total <= 93.759)
",9999999.000,9999999.000,0.000,1.000,0.000,0,0,19,0,0,19,19,0,0.0,0.0,1.0,0.0,0.0,1.0
"G[0,2]((Platelets <= 71.777 | PTT <= 31.608) -> O2Sat <= 9.786)
",9999999.000,9999999.000,0.000,1.000,0.000,0,0,0,19,19,0,0,19,0.0,0.0,0.0,0.0,0.0,1.0
"G[0,2]((Hgb <= 1.437 & Calcium >= 0.000) | BUN <= 0.000)
",9999999.000,9999999.000,0.000,1.000,0.000,0,0,17,2,2,17,17,2,0.0,0.0,1.0,0.0,0.0,1.0
"G[1,2]((DBP <= 63.314 -> Hct <= 25.070) -> SepsisLabel <= 26.908)
",9999999.000,9999999.000,0.000,1.000,0.000,0,0,19,0,0,19,19,0,0.0,0.0,1.0,0.0,0.0,1.0
"G[1,2]((AST <= 0.000 -> HR >= 68.341) & Glucose <= 78.821)
",9999999.000,9999999.000,0.000,1.000,0.000,0,0,15,4,4,15,15,4,0.0,0.0,1.0,0.0,0.0,1.0
"G[1,2](((EtCO2 <= 0.000 -> Magnesium >= 0.065) & WBC >= 0.143) & BaseExcess <= 2.747)
",9999999.000,9999999.000,0.000,1.000,0.000,0,0,1,18,18,1,1,18,0.0,0.0,1.0,0.0,0.0,1.0
"G[0,2]((BaseExcess >= -0.927 -> Glucose >= 19.330) | PTT <= 133.931)
",9999999.000,9999999.000,0.000,1.000,0.000,0,0,19,0,0,19,19,0,0.0,0.0,1.0,0.0,0.0,1.0
"G[1,2](((Resp >= 16.679 -> Platelets >= 5.096) & Hct <= 171.589) | Bilirubin_direct >= 6.037)
",9999999.000,9999999.000,0.000,1.000,0.000,0,0,3,16,16,3,3,16,0.0,0.0,1.0,0.0,0.0,1.0
"G[1,2]((PaCO2 <= 37.325 & Platelets >= 3.501) | DBP <= 165.486)
",9999999.000,9999999.000,0.000,1.000,0.000,0,0,19,0,0,19,19,0,0.0,0.0,1.0,0.0,0.0,1.0
"G[2,2](Glucose >= 18.579 | BUN <= 8.167)
",8.167,8.167,0.000,1.000,0.000,0,0,19,0,0,19,19,0,0.0,0.0,1.0,0.0,0.0,1.0
"G[0,2](HCO3 >= 2.222 | PTT <= 24.482)
",9999999.000,9999999.000,0.000,1.000,0.000,0,0,19,0,0,19,19,0,0.0,0.0,1.0,0.0,0.0,1.0
"G[2,2](Magnesium >= 0.059 | Creatinine <= 0.621)
",5589213346324261.000,0.621,0.000,1.000,0.000,0,0,19,0,0,19,19,0,0.0,0.0,1.0,0.0,0.0,1.0
"G[2,2](WBC <= 14.113 -> FiO2 <= 0.933)
",-7945032180245979.000,-14.113,0.000,1.000,0.000,0,0,19,0,0,19,19,0,0.0,0.0,1.0,0.0,0.0,1.0
"G[1,2]((Hgb >= 1.086 & Bilirubin_direct <= 0.000) & FiO2 <= 0.000)
",9999999.000,9999999.000,0.000,1.000,0.000,0,0,2,17,17,2,2,17,0.0,0.0,1.0,0.0,0.0,1.0
"G[1,2](((Hct <= 32.011 | DBP <= 84.735) | HR <= 65.843) & Glucose >= 48.324)
",9999999.000,9999999.000,0.000,1.000,0.000,0,0,3,16,16,3,3,16,0.0,0.0,1.0,0.0,0.0,1.0
"G[2,2]((SaO2 >= 1.440 -> Resp >= 14.999) | AST <= 25.600)
",7205707236513308.000,25.600,0.000,1.000,0.000,0,0,19,0,0,19,19,0,0.0,0.0,1.0,0.0,0.0,1.0
"G[0,1]((SBP >= 104.990 -> BUN >= 2.377) & FiO2 >= 1.017)
",9999999.000,9999999.000,0.000,1.000,0.000,0,0,0,19,19,0,0,19,0.0,0.0,0.0,0.0,0.0,1.0
"G[1,2]((WBC <= 13.549 | Fibrinogen <= 0.000) -> Creatinine >= 0.000)
",9999999.000,9999999.000,0.000,1.000,0.000,0,0,19,0,0,19,19,0,0.0,0.0,1.0,0.0,0.0,1.0
"G[2,2]((O2Sat >= 97.106 -> Potassium <= 1.282) & PaCO2 >= 0.102)
",-1.282,-1.282,0.000,1.000,0.000,0,0,19,0,0,19,19,0,0.0,0.0,1.0,0.0,0.0,1.0
"G[0,2]((Platelets >= 1.114 & BUN >= 2.594) & Platelets <= 29.936)
",9999999.000,9999999.000,0.000,1.000,0.000,0,0,0,19,19,0,0,19,0.0,0.0,0.0,0.0,0.0,1.0
"G[1,2](Hgb <= 1.784 & Bilirubin_direct <= 0.000)
",9999999.000,9999999.000,0.000,1.000,0.000,0,0,16,3,3,16,16,3,0.0,0.0,1.0,0.0,0.0,1.0
"G[1,2](Resp <= 20.175 | SepsisLabel >= 0.000)
",9999999.000,9999999.000,0.000,1.000,0.000,0,0,19,0,0,19,19,0,0.0,0.0,1.0,0.0,0.0,1.0
"G[1,2](((Magnesium <= 0.524 -> Chloride >= 7.636) -> MAP >= 10.280) | Magnesium <= 80.698)
",9999999.000,9999999.000,0.000,1.000,0.000,0,0,19,0,0,19,19,0,0.0,0.0,1.0,0.0,0.0,1.0
"G[0,1]((HCO3 >= 1.048 & Temp >= 1.420) & AST <= 11.519)
",9999999.000,9999999.000,0.000,1.000,0.000,0,0,0,19,19,0,0,19,0.0,0.0,0.0,0.0,0.0,1.0
"G[0,1]((pH <= 2.960 -> SBP <= 137.560) -> WBC >= 98.979)
",9999999.000,9999999.000,0.000,1.000,0.000,0,0,0,19,19,0,0,19,0.0,0.0,0.0,0.0,0.0,1.0
"G[0,2](EtCO2 <= 0.000 -> Calcium <= 0.000)
",9999999.000,9999999.000,0.000,1.000,0.000,0,0,19,0,0,19,19,0,0.0,0.0,1.0,0.0,0.0,1.0
"G[0,0](((Platelets <= 174.029 | DBP >= 46.887) -> pH <= 80.049) -> AST >= 48.941)
",6887853878512926.000,48.941,0.000,1.000,0.000,0,0,0,19,19,0,0,19,0.0,0.0,0.0,0.0,0.0,1.0
"G[2,2](((Fibrinogen <= 0.000 -> AST <= 0.000) -> Lactate >= 0.000) & Potassium >= 0.000)
",0.000,0.000,0.000,1.000,0.000,0,0,19,0,0,19,19,0,0.0,0.0,1.0,0.0,0.0,1.0
"G[2,2](((HR <= 80.923 | BaseExcess >= -2.775) -> Glucose <= -0.120) | Glucose >= -1.798)
",1.798,1.798,0.000,1.000,0.000,0,0,19,0,0,19,19,0,0.0,0.0,1.0,0.0,0.0,1.0
"G[1,2](HCO3 <= 4.561 & PaCO2 >= 0.567)
",9999999.000,9999999.000,0.000,1.000,0.000,0,0,1,18,18,1,1,18,0.0,0.0,1.0,0.0,0.0,1.0
"G[2,2](((Lactate >= 0.000 -> Magnesium >= 0.003) & Fibrinogen <= 2.726) -> Bilirubin_total <= 2.645)
",-2.645,-2.645,0.000,1.000,0.000,0,0,19,0,0,19,19,0,0.0,0.0,1.0,0.0,0.0,1.0
"G[0,0]((Glucose >= 2.569 | SBP >= 93.034) & Potassium >= 104.940)
",-7384464557331469.000,-104.940,0.000,1.000,0.000,0,0,0,19,19,0,0,19,0.0,0.0,0.0,0.0,0.0,1.0
"G[0,2]((Bilirubin_direct >= 0.000 | Bilirubin_direct <= 0.000) | Magnesium <= 0.000)
",9999999.000,9999999.000,0.000,1.000,0.000,0,0,19,0,0,19,19,0,0.0,0.0,1.0,0.0,0.0,1.0
"G[0,0](((SaO2 <= 69.423 & BUN >= 5.225) & BUN <= 25.190) | AST >= 1.742)
",-1.742,-1.742,0.000,1.000,0.000,0,0,0,19,19,0,0,19,0.0,0.0,0.0,0.0,0.0,1.0
"G[1,2](Fibrinogen >= 0.000 -> Temp >= 1.213)
",9999999.000,9999999.000,0.000,1.000,0.000,0,0,2,17,17,2,2,17,0.0,0.0,1.0,0.0,0.0,1.0
"G[0,2](HR >= 57.663 & PaCO2 >= 2.545)
",9999999.000,9999999.000,0.000,1.000,0.000,0,0,0,19,19,0,0,19,0.0,0.0,0.0,0.0,0.0,1.0
"G[2,2]((TroponinI <= 0.000 -> Hct >= 3.148) | PaCO2 <= 25.870)
",25.870,25.870,0.000,1.000,0.000,0,0,19,0,0,19,19,0,0.0,0.0,1.0,0.0,0.0,1.0
"G[0,2](((Bilirubin_direct <= 0.000 & Magnesium <= 0.329) -> Lactate <= 2.622) -> Bilirubin_total >= 0.138)
",9999999.000,9999999.000,0.000,1.000,0.000,0,0,0,19,19,0,0,19,0.0,0.0,0.0,0.0,0.0,1.0
"G[0,2]((Calcium <= 0.000 & DBP <= 71.660) & O2Sat >= 50.574)
",9999999.000,9999999.000,0.000,1.000,0.000,0,0,15,4,4,15,15,4,0.0,0.0,1.0,0.0,0.0,1.0
"G[1,1]((Phosphate <= 0.000 | Lactate <= 0.000) -> HR <= 0.000)
",0.000,0.000,0.000,1.000,0.000,0,0,0,19,19,0,0,19,0.0,0.0,0.0,0.0,0.0,1.0
"G[0,2]((O2Sat <= 99.851 | pH <= 5.607) -> HCO3 >= 0.458)
",9999999.000,9999999.000,0.000,1.000,0.000,0,0,2,17,17,2,2,17,0.0,0.0,1.0,0.0,0.0,1.0
"G[1,2]((Phosphate <= 0.000 & Hct >= 1.639) & EtCO2 >= 3.568)
",9999999.000,9999999.000,0.000,1.000,0.000,0,0,0,19,19,0,0,19,0.0,0.0,0.0,0.0,0.0,1.0
"G[1,2](Alkalinephos >= 0.000 | Fibrinogen <= 0.000)
",9999999.000,9999999.000,0.000,1.000,0.000,0,0,19,0,0,19,19,0,0.0,0.0,1.0,0.0,0.0,1.0
"G[0,2](Platelets <= 129.666 -> DBP >= 56.845)
",9999999.000,9999999.000,0.000,1.000,0.000,0,0,8,11,11,8,8,11,0.0,0.0,1.0,0.0,0.0,1.0
"G[2,2](Chloride >= 0.172 & HCO3 >= 1.322)
",-5953815835407390.000,-1.322,0.000,1.000,0.000,0,0,19,0,0,19,19,0,0.0,0.0,1.0,0.0,0.0,1.0
"G[0,2](O2Sat <= 99.793 | Temp >= 0.015)
",9999999.000,9999999.000,0.000,1.000,0.000,0,0,6,13,13,6,6,13,0.0,0.0,1.0,0.0,0.0,1.0
"G[2,2](Platelets <= 57.699 -> WBC >= 0.512)
",-8120355934058019.000,-57.699,0.000,1.000,0.000,0,0,19,0,0,19,19,0,0.0,0.0,1.0,0.0,0.0,1.0
"G[2,2](Chloride >= 7.003 & HCO3 >= 0.172)
",-7.003,-7.003,0.000,1.000,0.000,0,0,19,0,0,19,19,0,0.0,0.0,1.0,0.0,0.0,1.0
"G[1,1](((Hgb <= 3.282 | Hct <= 26.084) -> WBC >= 0.510) & Platelets >= 3.169)
",-7342093950030685.000,-26.084,0.000,1.000,0.000,0,0,0,19,19,0,0,19,0.0,0.0,0.0,0.0,0.0,1.0
"G[0,0](BUN <= 10.441 & Creatinine >= 0.032)
",0.222,0.519,0.000,1.000,0.000,0,0,0,19,19,0,0,19,0.0,0.0,0.0,0.0,0.0,1.0
"G[1,2](Potassium <= 1.853 -> SepsisLabel = 0.000)
",9999999.000,9999999.000,0.000,1.000,0.000,0,0,19,0,0,19,19,0,0.0,0.0,1.0,0.0,0.0,1.0
"G[1,2](DBP <= 80.482 & SepsisLabel = 0.000)
",9999999.000,9999999.000,0.000,1.000,0.000,0,0,18,1,1,18,18,1,0.0,0.0,1.0,0.0,0.0,1.0
"G[2,2](AST >= 0.000 -> SepsisLabel = 0.000)
",0.000,0.000,0.000,1.000,0.000,0,0,19,0,0,19,19,0,0.0,0.0,1.0,0.0,0.0,1.0
"G[0,1](SaO2 > 1.030 & SepsisLabel = 0.000)
",9999999.000,9999999.000,0.000,1.000,0.000,0,0,0,19,19,0,0,19,0.0,0.0,0.0,0.0,0.0,1.0
"G[1,2](Alkalinephos > 0.000 & SepsisLabel = 0.000)
",9999999.000,9999999.000,0.000,1.000,0.000,0,0,0,19,19,0,0,19,0.0,0.0,0.0,0.0,0.0,1.0
"G[0,2](BaseExcess >= -2.939 & SepsisLabel = 0.000)
",9999999.000,9999999.000,0.000,1.000,0.000,0,0,16,3,3,16,16,3,0.0,0.0,1.0,0.0,0.0,1.0
"G[1,2](Magnesium <= 1.334 -> SepsisLabel = 0.000)
",9999999.000,9999999.000,0.000,1.000,0.000,0,0,19,0,0,19,19,0,0.0,0.0,1.0,0.0,0.0,1.0
"G[0,2](pH <= 5.743 -> SepsisLabel = 0.000)
",9999999.000,9999999.000,0.000,1.000,0.000,0,0,19,0,0,19,19,0,0.0,0.0,1.0,0.0,0.0,1.0
"G[1,2](Platelets < 55.374 & SepsisLabel = 0.000)
",9999999.000,9999999.000,0.000,1.000,0.000,0,0,19,0,0,19,19,0,0.0,0.0,1.0,0.0,0.0,1.0
"G[1,2](AST < 0.000 -> SepsisLabel = 0.000)
",9999999.000,9999999.000,0.000,1.000,0.000,0,0,19,0,0,19,19,0,0.0,0.0,1.0,0.0,0.0,1.0
"G[0,2](((Chloride >= 5.241 -> Hct <= 24.753) -> SBP >= 0.803) & Platelets <= 30.797)
",9999999.000,9999999.000,0.000,1.000,0.000,0,0,17,2,2,17,17,2,0.0,0.0,1.0,0.0,0.0,1.0
"G[0,2]((BUN >= 2.257 | Chloride <= 61.637) -> Temp >= 7.062)
",9999999.000,9999999.000,0.000,1.000,0.000,0,0,0,19,19,0,0,19,0.0,0.0,0.0,0.0,0.0,1.0
"G[1,2]((Platelets >= 2.783 | WBC <= 13.700) & Resp <= 5.877)
",9999999.000,9999999.000,0.000,1.000,0.000,0,0,0,19,19,0,0,19,0.0,0.0,0.0,0.0,0.0,1.0
"G[0,1](Chloride >= 2.571 & Platelets <= 121.713)
",9999999.000,9999999.000,0.000,1.000,0.000,0,0,0,19,19,0,0,19,0.0,0.0,0.0,0.0,0.0,1.0
"G[2,2](((Hgb >= 0.804 -> Platelets >= 2.486) & FiO2 <= 38.313) | FiO2 >= 8.469)
",7240038103153651.000,0.804,0.000,1.000,0.000,0,0,19,0,0,19,19,0,0.0,0.0,1.0,0.0,0.0,1.0
"G[1,2](((Hgb >= 0.453 & pH <= 2.675) -> FiO2 <= 7.140) | HR >= 0.537)
",9999999.000,9999999.000,0.000,1.000,0.000,0,0,19,0,0,19,19,0,0.0,0.0,1.0,0.0,0.0,1.0
"G[0,2](Hct <= 29.768 -> pH <= 2.174)
",9999999.000,9999999.000,0.000,1.000,0.000,0,0,16,3,3,16,16,3,0.0,0.0,1.0,0.0,0.0,1.0
"G[1,2]((BUN >= 3.876 & Platelets <= 116.516) & DBP <= 177.426)
",9999999.000,9999999.000,0.000,1.000,0.000,0,0,3,16,16,3,3,16,0.0,0.0,1.0,0.0,0.0,1.0
"G[0,2](((HCO3 >= 0.918 -> PTT <= 19.718) & Phosphate >= 0.578) & BUN >= 0.947)
",9999999.000,9999999.000,0.000,1.000,0.000,0,0,0,19,19,0,0,19,0.0,0.0,0.0,0.0,0.0,1.0
"G[0,2]((Chloride >= 1.072 & FiO2 <= 0.583) -> Temp >= 0.011)
",9999999.000,9999999.000,0.000,1.000,0.000,0,0,17,2,2,17,17,2,0.0,0.0,1.0,0.0,0.0,1.0
"G[0,0](BUN <= 31.945 & Creatinine >= 0.077)
",0.225,1.608,0.000,1.000,0.000,0,0,0,19,19,0,0,19,0.0,0.0,0.0,0.0,0.0,1.0
"G[0,2](Chloride >= 0.134 & HCO3 >= 1.591)
",9999999.000,9999999.000,0.000,1.000,0.000,0,0,2,17,17,2,2,17,0.0,0.0,1.0,0.0,0.0,1.0
"G[1,2]((Creatinine <= 1.097 -> DBP <= 81.690) -> DBP <= 63.630)
",9999999.000,9999999.000,0.000,1.000,0.000,0,0,15,4,4,15,15,4,0.0,0.0,1.0,0.0,0.0,1.0
"G[2,2](BUN <= 18.285 & Creatinine >= 0.094)
",-0.094,-0.094,0.000,1.000,0.000,0,0,19,0,0,19,19,0,0.0,0.0,1.0,0.0,0.0,1.0
"G[1,2](((Hgb <= 7.817 | Hct <= 12.073) -> WBC >= 1.258) & Platelets >= 5.041)
",9999999.000,9999999.000,0.000,1.000,0.000,0,0,0,19,19,0,0,19,0.0,0.0,0.0,0.0,0.0,1.0
"G[1,2](BUN <= 10.234 & Creatinine >= 0.032)
",9999999.000,9999999.000,0.000,1.000,0.000,0,0,0,19,19,0,0,19,0.0,0.0,0.0,0.0,0.0,1.0
"G[1,2](((Hgb <= 5.103 | Hct <= 19.590) -> WBC >= 1.247) & Platelets >= 3.769)
",9999999.000,9999999.000,0.000,1.000,0.000,0,0,0,19,19,0,0,19,0.0,0.0,0.0,0.0,0.0,1.0
"G[1,2](BUN <= 6.494 & Creatinine >= 0.035)
",9999999.000,9999999.000,0.000,1.000,0.000,0,0,0,19,19,0,0,19,0.0,0.0,0.0,0.0,0.0,1.0
"G[1,2](Chloride >= 1.420 & HCO3 >= 0.117)
",9999999.000,9999999.000,0.000,1.000,0.000,0,0,2,17,17,2,2,17,0.0,0.0,1.0,0.0,0.0,1.0
"G[0,2](((Hgb <= 7.285 | Hct <= 32.125) -> WBC >= 0.506) & Platelets >= 2.574)
",9999999.000,9999999.000,0.000,1.000,0.000,0,0,0,19,19,0,0,19,0.0,0.0,0.0,0.0,0.0,1.0
"G[1,1](BUN <= 24.737 & Creatinine >= 0.039)
",-5687239027346076.000,-0.039,0.000,1.000,0.000,0,0,0,19,19,0,0,19,0.0,0.0,0.0,0.0,0.0,1.0
"G[1,2](Chloride >= 7.296 & HCO3 >= 1.050)
",9999999.000,9999999.000,0.000,1.000,0.000,0,0,2,17,17,2,2,17,0.0,0.0,1.0,0.0,0.0,1.0
"G[1,2](((Hgb <= 9.504 | Hct <= 9.037) -> WBC >= 1.201) & Platelets >= 2.984)
",9999999.000,9999999.000,0.000,1.000,0.000,0,0,0,19,19,0,0,19,0.0,0.0,0.0,0.0,0.0,1.0
"G[1,2](BUN <= 8.583 & Creatinine >= 0.085)
",9999999.000,9999999.000,0.000,1.000,0.000,0,0,0,19,19,0,0,19,0.0,0.0,0.0,0.0,0.0,1.0
"G[0,2](Platelets <= 100.381 -> WBC >= 0.993)
",9999999.000,9999999.000,0.000,1.000,0.000,0,0,2,17,17,2,2,17,0.0,0.0,1.0,0.0,0.0,1.0
"G[0,1](((Hgb <= 9.004 | Hct <= 29.776) -> WBC >= 0.441) & Platelets >= 2.256)
",9999999.000,9999999.000,0.000,1.000,0.000,0,0,0,19,19,0,0,19,0.0,0.0,0.0,0.0,0.0,1.0
"G[0,0](BUN <= 23.504 & Creatinine >= 0.085)
",0.220,1.156,0.000,1.000,0.000,0,0,0,19,19,0,0,19,0.0,0.0,0.0,0.0,0.0,1.0
"G[0,2](Chloride >= 0.018 & HCO3 >= 1.998)
",9999999.000,9999999.000,0.000,1.000,0.000,0,0,2,17,17,2,2,17,0.0,0.0,1.0,0.0,0.0,1.0
"G[0,2](Platelets <= 21.384 -> WBC >= 1.042)
",9999999.000,9999999.000,0.000,1.000,0.000,0,0,2,17,17,2,2,17,0.0,0.0,1.0,0.0,0.0,1.0
"G[0,1](((Hgb <= 7.864 | Hct <= 29.746) -> WBC >= 0.360) & Platelets >= 0.490)
",9999999.000,9999999.000,0.000,1.000,0.000,0,0,0,19,19,0,0,19,0.0,0.0,0.0,0.0,0.0,1.0
"G[0,2](BUN <= 8.724 & Creatinine >= 0.018)
",9999999.000,9999999.000,0.000,1.000,0.000,0,0,0,19,19,0,0,19,0.0,0.0,0.0,0.0,0.0,1.0
"G[2,2](Chloride >= 5.046 & HCO3 >= 1.952)
",-5681438978058540.000,-5.046,0.000,1.000,0.000,0,0,19,0,0,19,19,0,0.0,0.0,1.0,0.0,0.0,1.0
"G[0,1](((Hgb <= 2.605 | Hct <= 17.409) -> WBC >= 0.767) & Platelets >= 0.734)
",9999999.000,9999999.000,0.000,1.000,0.000,0,0,0,19,19,0,0,19,0.0,0.0,0.0,0.0,0.0,1.0
"G[1,1](BUN <= 23.448 & Creatinine >= 0.081)
",-0.081,-0.081,0.000,1.000,0.000,0,0,0,19,19,0,0,19,0.0,0.0,0.0,0.0,0.0,1.0
"G[1,2](Chloride >= 4.034 & HCO3 >= 0.747)
",9999999.000,9999999.000,0.000,1.000,0.000,0,0,2,17,17,2,2,17,0.0,0.0,1.0,0.0,0.0,1.0
"G[0,2](Platelets <= 21.220 -> WBC >= 1.395)
",9999999.000,9999999.000,0.000,1.000,0.000,0,0,2,17,17,2,2,17,0.0,0.0,1.0,0.0,0.0,1.0
"G[1,2](((Hgb <= 8.941 | Hct <= 6.151) -> WBC >= 1.054) & Platelets >= 7.951)
",9999999.000,9999999.000,0.000,1.000,0.000,0,0,0,19,19,0,0,19,0.0,0.0,0.0,0.0,0.0,1.0
"G[1,2]((BUN <= 14.323 | Glucose >= 10.354) -> Hct <= 65.868)
",9999999.000,9999999.000,0.000,1.000,0.000,0,0,19,0,0,19,19,0,0.0,0.0,1.0,0.0,0.0,1.0
"G[1,2]((HCO3 <= 4.381 & pH <= 4.949) | Calcium <= 2.725)
",9999999.000,9999999.000,0.000,1.000,0.000,0,0,19,0,0,19,19,0,0.0,0.0,1.0,0.0,0.0,1.0
"G[0,2](((Creatinine >= 0.014 -> PTT >= 0.429) | Bilirubin_direct <= 28.544) & Glucose <= 5.272)
",9999999.000,9999999.000,0.000,1.000,0.000,0,0,12,7,7,12,12,7,0.0,0.0,1.0,0.0,0.0,1.0
"G[1,2](((Chloride >= 5.950 -> pH <= 1.838) | Resp >= 0.328) -> DBP <= 6.672)
",9999999.000,9999999.000,0.000,1.000,0.000,0,0,0,19,19,0,0,19,0.0,0.0,0.0,0.0,0.0,1.0
"G[0,2]((Resp >= 14.796 | Temp >= 0.839) -> BUN <= 12.813)
",9999999.000,9999999.000,0.000,1.000,0.000,0,0,17,2,2,17,17,2,0.0,0.0,1.0,0.0,0.0,1.0
"G[1,1](((BaseExcess >= -2.534 & Hct <= 15.153) -> WBC <= 7.679) -> Phosphate >= 1.216)
",5475942079224674.000,1.216,0.000,1.000,0.000,0,0,0,19,19,0,0,19,0.0,0.0,0.0,0.0,0.0,1.0
"G[1,2](O2Sat <= 99.780 | PTT >= 0.892)
",9999999.000,9999999.000,0.000,1.000,0.000,0,0,10,9,9,10,10,9,0.0,0.0,1.0,0.0,0.0,1.0
"G[0,2]((BaseExcess <= -0.225 -> Chloride <= 23.740) -> DBP <= 22.223)
",9999999.000,9999999.000,0.000,1.000,0.000,0,0,0,19,19,0,0,19,0.0,0.0,0.0,0.0,0.0,1.0
"G[1,2](((BaseExcess <= -0.271 | Potassium <= 2.887) & Phosphate <= 1.679) & Glucose >= 0.294)
",9999999.000,9999999.000,0.000,1.000,0.000,0,0,3,16,16,3,3,16,0.0,0.0,1.0,0.0,0.0,1.0
"G[1,2](Platelets <= 133.266 -> WBC >= 0.246)
",9999999.000,9999999.000,0.000,1.000,0.000,0,0,2,17,17,2,2,17,0.0,0.0,1.0,0.0,0.0,1.0
"G[2,2]((Hct <= 28.055 & SBP <= 126.058) -> HR <= 140.252)
",-4934662040758666.000,-140.252,0.000,1.000,0.000,0,0,19,0,0,19,19,0,0.0,0.0,1.0,0.0,0.0,1.0
"G[2,2](Hgb >= 0.905 & SBP <= 139.781)
",-8154898413269587.000,-0.905,0.000,1.000,0.000,0,0,19,0,0,19,19,0,0.0,0.0,1.0,0.0,0.0,1.0
"G[1,2](((Hgb >= 0.100 | Temp <= 3.702) | Glucose >= 0.656) | BaseExcess <= 24.799)
",9999999.000,9999999.000,0.000,1.000,0.000,0,0,19,0,0,19,19,0,0.0,0.0,1.0,0.0,0.0,1.0
"G[0,1](((Hct <= 31.060 | Temp <= 7.417) | EtCO2 <= 13.255) -> Bilirubin_direct >= 0.487)
",9999999.000,9999999.000,0.000,1.000,0.000,0,0,0,19,19,0,0,19,0.0,0.0,0.0,0.0,0.0,1.0
"G[0,2](((SaO2 >= 2.765 & SBP >= 93.422) | AST <= 132.236) & BUN >= 92.334)
",9999999.000,9999999.000,0.000,1.000,0.000,0,0,0,19,19,0,0,19,0.0,0.0,0.0,0.0,0.0,1.0
"G[2,2](((FiO2 >= 0.006 & Temp <= 20.004) -> FiO2 >= 2.094) | BUN >= 1.419)
",0.006,0.006,0.000,1.000,0.000,0,0,19,0,0,19,19,0,0.0,0.0,1.0,0.0,0.0,1.0
"G[0,2](((BaseExcess <= -0.191 & Creatinine <= 1.135) & Bilirubin_total >= 0.038) & Bilirubin_direct <= 1.563)
",9999999.000,9999999.000,0.000,1.000,0.000,0,0,0,19,19,0,0,19,0.0,0.0,0.0,0.0,0.0,1.0
"G[0,0]((HR <= 77.082 & PaCO2 <= 23.392) & Hgb >= 2.195)
",-6492571229049778.000,-11809.918,0.000,1.000,0.000,0,0,0,19,19,0,0,19,0.0,0.0,0.0,0.0,0.0,1.0
"G[1,2]((PaCO2 <= 38.841 & Temp <= 22.353) -> Platelets >= 0.672)
",9999999.000,9999999.000,0.000,1.000,0.000,0,0,3,16,16,3,3,16,0.0,0.0,1.0,0.0,0.0,1.0
"G[1,1](((BaseExcess <= -0.086 | Magnesium <= 2.793) & Hgb >= 0.092) & Alkalinephos >= 0.004)
",-6662851600577156.000,-0.092,0.000,1.000,0.000,0,0,0,19,19,0,0,19,0.0,0.0,0.0,0.0,0.0,1.0
"G[2,2](BaseExcess >= -0.511 -> MAP >= 74.912)
",-4599074376681799.000,-0.511,0.000,1.000,0.000,0,0,19,0,0,19,19,0,0.0,0.0,1.0,0.0,0.0,1.0
"G[1,2](((Potassium >= 0.083 | PTT <= 2.929) & Hct <= 26.802) | SaO2 <= 31.998)
",9999999.000,9999999.000,0.000,1.000,0.000,0,0,18,1,1,18,18,1,0.0,0.0,1.0,0.0,0.0,1.0
"G[0,2](((Magnesium >= 0.131 & SaO2 >= 3.049) & Fibrinogen <= 12.167) | AST <= 68.575)
",9999999.000,9999999.000,0.000,1.000,0.000,0,0,19,0,0,19,19,0,0.0,0.0,1.0,0.0,0.0,1.0
"G[0,2](PTT >= 0.634 | Temp >= 1.947)
",9999999.000,9999999.000,0.000,1.000,0.000,0,0,0,19,19,0,0,19,0.0,0.0,0.0,0.0,0.0,1.0
"G[0,2](Creatinine >= 0.069 | MAP <= 80.303)
",9999999.000,9999999.000,0.000,1.000,0.000,0,0,7,12,12,7,7,12,0.0,0.0,1.0,0.0,0.0,1.0
"G[0,2](((Creatinine <= 0.887 | O2Sat >= 96.475) | DBP >= 97.023) & Bilirubin_direct <= 99.882)
",9999999.000,9999999.000,0.000,1.000,0.000,0,0,19,0,0,19,19,0,0.0,0.0,1.0,0.0,0.0,1.0
"G[0,2](((PTT >= 0.004 -> SaO2 <= 50.513) & SBP >= 2.512) | Phosphate <= 31.560)
",9999999.000,9999999.000,0.000,1.000,0.000,0,0,19,0,0,19,19,0,0.0,0.0,1.0,0.0,0.0,1.0
"G[2,2](Resp >= 16.281 -> SaO2 >= 1.176)
",5297818922307239.000,1.176,0.000,1.000,0.000,0,0,19,0,0,19,19,0,0.0,0.0,1.0,0.0,0.0,1.0
"G[2,2](BaseExcess <= -0.208 -> BUN >= 0.868)
",7506081843234467.000,0.208,0.000,1.000,0.000,0,0,19,0,0,19,19,0,0.0,0.0,1.0,0.0,0.0,1.0
"G[2,2](((HR >= 58.576 & O2Sat >= 95.696) & Calcium <= 99.744) & EtCO2 >= 97.647)
",-97.647,-97.647,0.000,1.000,0.000,0,0,19,0,0,19,19,0,0.0,0.0,1.0,0.0,0.0,1.0
"G[0,2](((BUN >= 0.161 -> pH >= 0.231) | DBP <= 2.875) & FiO2 <= 4.913)
",9999999.000,9999999.000,0.000,1.000,0.000,0,0,17,2,2,17,17,2,0.0,0.0,1.0,0.0,0.0,1.0
"G[0,2](pH >= 1.150 | Platelets <= 41.432)
",9999999.000,9999999.000,0.000,1.000,0.000,0,0,19,0,0,19,19,0,0.0,0.0,1.0,0.0,0.0,1.0
"G[1,2]((Chloride <= 46.553 & Creatinine >= 0.029) -> Chloride <= 1.254)
",9999999.000,9999999.000,0.000,1.000,0.000,0,0,19,0,0,19,19,0,0.0,0.0,1.0,0.0,0.0,1.0
"G[1,2]((Creatinine <= 1.316 & WBC >= 0.363) -> pH <= 6.087)
",9999999.000,9999999.000,0.000,1.000,0.000,0,0,18,1,1,18,18,1,0.0,0.0,1.0,0.0,0.0,1.0
"G[1,2](((Hgb <= 10.512 | PTT >= 0.139) & WBC >= 0.229) -> Hct >= 0.082)
",9999999.000,9999999.000,0.000,1.000,0.000,0,0,19,0,0,19,19,0,0.0,0.0,1.0,0.0,0.0,1.0
"G[2,2](((Hct >= 1.578 -> PTT <= 18.393) -> Chloride >= 0.645) | Magnesium >= 0.410)
",5813551734934946.000,0.645,0.000,1.000,0.000,0,0,19,0,0,19,19,0,0.0,0.0,1.0,0.0,0.0,1.0
"G[0,1](((FiO2 <= 0.819 | pH >= 0.315) -> TroponinI >= 0.768) | Fibrinogen >= 0.849)
",9999999.000,9999999.000,0.000,1.000,0.000,0,0,0,19,19,0,0,19,0.0,0.0,0.0,0.0,0.0,1.0
"G[0,2](((Creatinine >= 0.036 | Hgb >= 0.937) -> SaO2 <= 5.109) | BUN >= 0.122)
",9999999.000,9999999.000,0.000,1.000,0.000,0,0,19,0,0,19,19,0,0.0,0.0,1.0,0.0,0.0,1.0
"G[1,2]((Glucose <= 121.710 | PTT <= 31.516) & WBC <= 20.014)
",9999999.000,9999999.000,0.000,1.000,0.000,0,0,19,0,0,19,19,0,0.0,0.0,1.0,0.0,0.0,1.0
"G[0,2](BUN <= 14.065 -> FiO2 <= 0.111)
",9999999.000,9999999.000,0.000,1.000,0.000,0,0,17,2,2,17,17,2,0.0,0.0,1.0,0.0,0.0,1.0
"G[1,2]((Chloride <= 61.704 | SaO2 <= 44.956) & Resp >= 0.773)
",9999999.000,9999999.000,0.000,1.000,0.000,0,0,18,1,1,18,18,1,0.0,0.0,1.0,0.0,0.0,1.0
"G[1,2](((Platelets >= 3.558 & Resp <= 20.287) -> Bilirubin_direct <= 22.575) -> HR <= 25.362)
",9999999.000,9999999.000,0.000,1.000,0.000,0,0,0,19,19,0,0,19,0.0,0.0,0.0,0.0,0.0,1.0
"G[2,2](((HR >= 61.786 | SBP <= 115.339) -> SBP >= 99.045) -> O2Sat >= 107.335)
",7553054589218689.000,107.335,0.000,1.000,0.000,0,0,19,0,0,19,19,0,0.0,0.0,1.0,0.0,0.0,1.0
"G[1,2](((BUN >= 4.232 & SaO2 <= 9.907) & Lactate >= 0.968) & WBC <= 47.984)
",9999999.000,9999999.000,0.000,1.000,0.000,0,0,0,19,19,0,0,19,0.0,0.0,0.0,0.0,0.0,1.0
"G[0,1](((Potassium <= 3.482 | Temp <= 21.003) & SBP >= 2.563) & Temp >= 1.705)
",9999999.000,9999999.000,0.000,1.000,0.000,0,0,0,19,19,0,0,19,0.0,0.0,0.0,0.0,0.0,1.0
"G[2,2](((FiO2 >= 0.021 | SaO2 <= 75.518) & Hgb >= 1.826) & pH <= 25.265)
",-8221678652674707.000,-1.826,0.000,1.000,0.000,0,0,19,0,0,19,19,0,0.0,0.0,1.0,0.0,0.0,1.0
"G[1,2]((Hgb >= 0.510 -> O2Sat >= 97.754) | Resp >= 96.471)
",9999999.000,9999999.000,0.000,1.000,0.000,0,0,19,0,0,19,19,0,0.0,0.0,1.0,0.0,0.0,1.0
"G[2,2]((Glucose <= 40.802 & Temp >= 2.471) -> Bilirubin_direct >= 1.755)
",1.755,1.755,0.000,1.000,0.000,0,0,19,0,0,19,19,0,0.0,0.0,1.0,0.0,0.0,1.0
"G[0,2]((MAP <= 96.387 & Resp >= 18.008) -> FiO2 <= 23.844)
",9999999.000,9999999.000,0.000,1.000,0.000,0,0,19,0,0,19,19,0,0.0,0.0,1.0,0.0,0.0,1.0
"G[0,0](((Hct <= 28.985 | MAP >= 69.568) & SaO2 <= 79.983) & Alkalinephos >= 72.604)
",-6.602,-69.025,0.000,1.000,0.000,0,0,0,19,19,0,0,19,0.0,0.0,0.0,0.0,0.0,1.0
"G[1,2](Creatinine >= 0.079 & PaCO2 <= 13.377)
",9999999.000,9999999.000,0.000,1.000,0.000,0,0,0,19,19,0,0,19,0.0,0.0,0.0,0.0,0.0,1.0
"G[1,2](((HCO3 <= 15.946 -> O2Sat >= 95.532) | O2Sat <= 99.881) -> HR <= 99.592)
",9999999.000,9999999.000,0.000,1.000,0.000,0,0,19,0,0,19,19,0,0.0,0.0,1.0,0.0,0.0,1.0
"G[1,2](((DBP >= 53.103 & Temp >= 1.995) & Potassium <= 28.427) -> SBP <= 29.111)
",9999999.000,9999999.000,0.000,1.000,0.000,0,0,17,2,2,17,17,2,0.0,0.0,1.0,0.0,0.0,1.0
"G[0,2](SaO2 <= 24.758 | MAP <= 95.720)
",9999999.000,9999999.000,0.000,1.000,0.000,0,0,19,0,0,19,19,0,0.0,0.0,1.0,0.0,0.0,1.0
