Rule,Discrimination Score,Pos Robustness,Neg Robustness,Percent Class +,Percent Class -,TP,TN,FP,FN,Actual Yes,Actual No,Predicted Yes,Predicted No,TPR/Sens,TNR/Spec,FPR,Precision,Accuracy,MCR
"F[0,1](((Calcium < 4.544 & Potassium < 4.358) & Magnesium < 2.390) & Phosphate < 0.000)
",-9999999.000,-9999999.000,0.000,0.000,1.000,22,0,0,0,22,0,22,0,1.0,0,0,1.0,1.0,0.0
"F[0,1](((Alkalinephos >= 0.000 | BaseExcess <= -0.199) & Bilirubin_total <= -0.415) | EtCO2 <= -0.562)
",-9999999.000,-9999999.000,0.000,0.000,1.000,22,0,0,0,22,0,22,0,1.0,0,0,1.0,1.0,0.0
"F[1,1]((Creatinine <= 0.433 -> BUN >= 0.576) & HCO3 <= 15.265)
",-7807852872647935.000,-0.433,0.000,0.000,1.000,22,0,0,0,22,0,22,0,1.0,0,0,1.0,1.0,0.0
"F[0,1]((Glucose <= 52.568 -> O2Sat <= 97.579) & TroponinI >= 95.570)
",-9999999.000,-9999999.000,0.000,0.000,1.000,22,0,0,0,22,0,22,0,1.0,0,0,1.0,1.0,0.0
"((Chloride >= 5.273) U[1,1] (Hct >= 1.346))
",-1.346,-1.346,0.000,0.000,1.000,22,0,0,0,22,0,22,0,1.0,0,0,1.0,1.0,0.0
"F[0,1](((Calcium < 0.600 & Potassium < 1.220) & Magnesium < 1.337) & Phosphate < 0.000)
",-9999999.000,-9999999.000,0.000,0.000,1.000,22,0,0,0,22,0,22,0,1.0,0,0,1.0,1.0,0.0
"F[0,1](((BUN <= 19.830 | PTT >= 0.198) & BaseExcess >= 0.096) & Potassium <= 16.462)
",-9999999.000,-9999999.000,0.000,0.000,1.000,22,0,0,0,22,0,22,0,1.0,0,0,1.0,1.0,0.0
"((Lactate < 0.000) U[1,2] (SepsisLabel = 0.000))
",-9999999.000,-9999999.000,0.000,0.000,1.000,22,0,0,0,22,0,22,0,1.0,0,0,1.0,1.0,0.0
"F[1,1](((Calcium < 2.812 & Potassium < 4.357) & Magnesium < 2.765) & Phosphate < 0.000)
",0.000,0.000,0.000,0.000,1.000,22,0,0,0,22,0,22,0,1.0,0,0,1.0,1.0,0.0
"F[0,1](Chloride >= 3.277 & PaCO2 >= 7.882)
",-9999999.000,-9999999.000,0.000,0.000,1.000,22,0,0,0,22,0,22,0,1.0,0,0,1.0,1.0,0.0
"F[1,1](((Calcium < 0.287 & Potassium < 2.088) & Magnesium < 1.418) & Phosphate < 0.000)
",0.000,0.000,0.000,0.000,1.000,22,0,0,0,22,0,22,0,1.0,0,0,1.0,1.0,0.0
"F[0,1](((SaO2 >= 7.799 -> MAP >= 71.026) & Magnesium <= 82.749) & WBC >= 70.290)
",-9999999.000,-9999999.000,0.000,0.000,1.000,22,0,0,0,22,0,22,0,1.0,0,0,1.0,1.0,0.0
"F[0,1]((Lactate >= 0.000 & Glucose >= 22.560) & Alkalinephos >= 3.258)
",-9999999.000,-9999999.000,0.000,0.000,1.000,22,0,0,0,22,0,22,0,1.0,0,0,1.0,1.0,0.0
"F[0,0]((Calcium <= 0.754 & Potassium <= 3.932) & Magnesium >= 0.065)
",-4714071614953972.000,-0.065,0.000,0.000,1.000,22,0,0,0,22,0,22,0,1.0,0,0,1.0,1.0,0.0
"F[0,1](((Calcium < 7.749 & Potassium < 4.287) & Magnesium < 0.856) & Phosphate < 0.000)
",-9999999.000,-9999999.000,0.000,0.000,1.000,22,0,0,0,22,0,22,0,1.0,0,0,1.0,1.0,0.0
"F[0,1](HCO3 <= 17.723 & WBC >= 0.161)
",-9999999.000,-9999999.000,0.000,0.000,1.000,21,0,0,1,22,0,21,1,0.9545454545454546,0,0,1.0,0.9545454545454546,0.045454545454545414
"F[0,1](BUN >= 1.063 & WBC <= 5.729)
",-9999999.000,-9999999.000,0.000,0.000,1.000,21,0,0,1,22,0,21,1,0.9545454545454546,0,0,1.0,0.9545454545454546,0.045454545454545414
"F[0,1]((Calcium <= 4.118 & Potassium <= 4.113) & Magnesium >= 0.019)
",-9999999.000,-9999999.000,0.000,0.000,1.000,21,0,0,1,22,0,21,1,0.9545454545454546,0,0,1.0,0.9545454545454546,0.045454545454545414
"F[1,1]((Calcium <= 1.565 & Potassium <= 1.344) & Magnesium >= 0.101)
",-7297023082975389.000,-0.101,0.000,0.000,1.000,21,0,0,1,22,0,21,1,0.9545454545454546,0,0,1.0,0.9545454545454546,0.045454545454545414
"((Platelets <= 20.050) U[1,1] (PTT >= 0.286))
",2821752887592190.000,20.050,0.000,0.000,1.000,21,0,0,1,22,0,21,1,0.9545454545454546,0,0,1.0,0.9545454545454546,0.045454545454545414
"((Bilirubin_direct >= 0.000) U[1,1] (BUN >= 0.976))
",0.000,0.000,0.000,0.000,1.000,21,0,0,1,22,0,21,1,0.9545454545454546,0,0,1.0,0.9545454545454546,0.045454545454545414
"F[0,0]((Magnesium >= 0.043 & Phosphate >= 0.000) & SepsisLabel <= 0.000)
",-0.219,-8.905,0.000,0.000,1.000,21,0,0,1,22,0,21,1,0.9545454545454546,0,0,1.0,0.9545454545454546,0.045454545454545414
"F[1,1]((Calcium <= 4.201 & Potassium <= 4.441) & Magnesium >= 0.089)
",-6447112477088545.000,-0.089,0.000,0.000,1.000,21,0,0,1,22,0,21,1,0.9545454545454546,0,0,1.0,0.9545454545454546,0.045454545454545414
"((Phosphate <= 0.000) U[0,1] (Magnesium >= 0.054))
",-9999999.000,-9999999.000,0.000,0.000,1.000,20,0,0,2,22,0,20,2,0.9090909090909091,0,0,1.0,0.9090909090909091,0.09090909090909094
"F[0,0]((FiO2 <= 0.691 & Platelets <= 193.135) -> HCO3 >= 8.760)
",-0.133,-0.261,0.000,0.000,1.000,20,0,0,2,22,0,20,2,0.9090909090909091,0,0,1.0,0.9090909090909091,0.09090909090909094
"F[0,0](Chloride >= 4.436 & SepsisLabel = 0.000)
",-0.330,-13.098,0.000,0.000,1.000,20,0,0,2,22,0,20,2,0.9090909090909091,0,0,1.0,0.9090909090909091,0.09090909090909094
"F[0,1]((PTT >= 0.169 | HCO3 <= 5.440) & WBC >= 1.403)
",-9999999.000,-9999999.000,0.000,0.000,1.000,20,0,0,2,22,0,20,2,0.9090909090909091,0,0,1.0,0.9090909090909091,0.09090909090909094
"((Platelets >= 6.920) U[0,1] (WBC >= 1.024))
",-9999999.000,-9999999.000,0.000,0.000,1.000,19,0,0,3,22,0,19,3,0.8636363636363636,0,0,1.0,0.8636363636363636,0.13636363636363635
"((SaO2 >= 12.433) U[1,2] (HCO3 <= 1.795))
",-9999999.000,-9999999.000,0.000,0.000,1.000,19,0,0,3,22,0,19,3,0.8636363636363636,0,0,1.0,0.8636363636363636,0.13636363636363635
"F[0,0]((BUN <= 5.220 & DBP <= 62.521) -> SBP <= 62.784)
",-2.269,-41.047,0.000,0.000,1.000,19,0,0,3,22,0,19,3,0.8636363636363636,0,0,1.0,0.8636363636363636,0.13636363636363635
"((SaO2 >= 2.672) U[1,1] (AST <= 0.000))
",0.000,0.000,0.000,0.000,1.000,19,0,0,3,22,0,19,3,0.8636363636363636,0,0,1.0,0.8636363636363636,0.13636363636363635
"F[0,1](((Hgb >= 0.829 & WBC <= 18.096) & MAP <= 7.737) | HCO3 >= 1.093)
",-9999999.000,-9999999.000,0.000,0.000,1.000,19,0,0,3,22,0,19,3,0.8636363636363636,0,0,1.0,0.8636363636363636,0.13636363636363635
"((Hgb >= 0.007) U[0,0] (SaO2 >= 2.424))
",0.746,13.420,0.000,0.000,1.000,19,0,0,3,22,0,19,3,0.8636363636363636,0,0,1.0,0.8636363636363636,0.13636363636363635
"((PTT >= 0.275) U[0,1] (WBC >= 0.667))
",-9999999.000,-9999999.000,0.000,0.000,1.000,19,0,0,3,22,0,19,3,0.8636363636363636,0,0,1.0,0.8636363636363636,0.13636363636363635
"((Potassium > 0.576) U[1,2] (SepsisLabel = 0.000))
",-9999999.000,-9999999.000,0.000,0.000,1.000,19,0,0,3,22,0,19,3,0.8636363636363636,0,0,1.0,0.8636363636363636,0.13636363636363635
"F[1,1](((Calcium <= 6.783 | MAP <= 84.842) -> SaO2 <= 80.126) -> Phosphate >= 64.385)
",4530691332816463.000,64.385,0.000,0.000,1.000,19,0,0,3,22,0,19,3,0.8636363636363636,0,0,1.0,0.8636363636363636,0.13636363636363635
"((Magnesium >= 0.074) U[1,2] (Hgb <= 4.654))
",-9999999.000,-9999999.000,0.000,0.000,1.000,19,0,0,3,22,0,19,3,0.8636363636363636,0,0,1.0,0.8636363636363636,0.13636363636363635
"((Hgb <= 1.980) U[0,1] (BUN >= 1.173))
",-9999999.000,-9999999.000,0.000,0.000,1.000,19,0,0,3,22,0,19,3,0.8636363636363636,0,0,1.0,0.8636363636363636,0.13636363636363635
"F[1,1]((SepsisLabel <= 0.000 & PaCO2 <= 35.635) -> Calcium >= 4.139)
",0.000,0.000,0.000,0.000,1.000,18,0,0,4,22,0,18,4,0.8181818181818182,0,0,1.0,0.8181818181818182,0.18181818181818177
"((Chloride >= 0.951) U[1,2] (Platelets <= 69.431))
",-9999999.000,-9999999.000,0.000,0.000,1.000,18,0,0,4,22,0,18,4,0.8181818181818182,0,0,1.0,0.8181818181818182,0.18181818181818177
"F[0,1](((FiO2 >= 0.064 -> PaCO2 >= 4.913) | SaO2 >= 5.282) -> Fibrinogen >= 7.095)
",-9999999.000,-9999999.000,0.000,0.000,1.000,16,0,0,6,22,0,16,6,0.7272727272727273,0,0,1.0,0.7272727272727273,0.2727272727272727
"F[0,0]((Bilirubin_total <= 0.000 | FiO2 <= 0.626) -> Temp <= 0.590)
",-0.446,-0.420,0.000,0.000,1.000,16,0,0,6,22,0,16,6,0.7272727272727273,0,0,1.0,0.7272727272727273,0.2727272727272727
"F[0,1](pH >= 0.216 & Potassium >= 0.645)
",-9999999.000,-9999999.000,0.000,0.000,1.000,16,0,0,6,22,0,16,6,0.7272727272727273,0,0,1.0,0.7272727272727273,0.2727272727272727
"F[0,1](((Chloride >= 5.472 -> SaO2 <= 52.760) | DBP >= 5.267) & SaO2 >= 10.640)
",-9999999.000,-9999999.000,0.000,0.000,1.000,15,0,0,7,22,0,15,7,0.6818181818181818,0,0,1.0,0.6818181818181818,0.31818181818181823
"F[0,1](Creatinine <= 0.101 & FiO2 >= 0.084)
",-9999999.000,-9999999.000,0.000,0.000,1.000,15,0,0,7,22,0,15,7,0.6818181818181818,0,0,1.0,0.6818181818181818,0.31818181818181823
"F[1,1]((Calcium >= 0.122 | pH >= 0.597) & DBP >= 1.156)
",-2602883332154334.000,-1.156,0.000,0.000,1.000,14,0,0,8,22,0,14,8,0.6363636363636364,0,0,1.0,0.6363636363636364,0.36363636363636365
"((Hgb >= 0.346) U[0,1] (Temp <= 30.428))
",-9999999.000,-9999999.000,0.000,0.000,1.000,12,0,0,10,22,0,12,10,0.5454545454545454,0,0,1.0,0.5454545454545454,0.4545454545454546
"F[0,1]((PaCO2 >= 5.388 | PTT >= 0.425) & TroponinI <= 2.890)
",-9999999.000,-9999999.000,0.000,0.000,1.000,12,0,0,10,22,0,12,10,0.5454545454545454,0,0,1.0,0.5454545454545454,0.4545454545454546
"F[1,1]((O2Sat <= 99.748 & Temp <= 24.681) | Hct >= 15.815)
",6946985226329597.000,24.681,0.000,0.000,1.000,11,0,0,11,22,0,11,11,0.5,0,0,1.0,0.5,0.5
"((Magnesium <= 1.159) U[0,1] (pH >= 1.334))
",-9999999.000,-9999999.000,0.000,0.000,1.000,11,0,0,11,22,0,11,11,0.5,0,0,1.0,0.5,0.5
"F[0,1](pH >= 1.729 | pH >= 0.143)
",-9999999.000,-9999999.000,0.000,0.000,1.000,11,0,0,11,22,0,11,11,0.5,0,0,1.0,0.5,0.5
"F[0,1](((BaseExcess >= -2.204 & FiO2 >= 0.090) | TroponinI <= 0.446) & pH >= 0.009)
",-9999999.000,-9999999.000,0.000,0.000,1.000,11,0,0,11,22,0,11,11,0.5,0,0,1.0,0.5,0.5
"F[0,1]((Calcium <= 7.961 & Magnesium <= 0.324) -> Glucose >= 0.070)
",-9999999.000,-9999999.000,0.000,0.000,1.000,10,0,0,12,22,0,10,12,0.45454545454545453,0,0,1.0,0.45454545454545453,0.5454545454545454
"((FiO2 >= 0.047) U[0,1] (Glucose >= 20.654))
",-9999999.000,-9999999.000,0.000,0.000,1.000,10,0,0,12,22,0,10,12,0.45454545454545453,0,0,1.0,0.45454545454545453,0.5454545454545454
"((BUN <= 18.645) U[1,1] (pH <= 3.572))
",2623988211421378.000,18.645,0.000,0.000,1.000,8,0,0,14,22,0,8,14,0.36363636363636365,0,0,1.0,0.36363636363636365,0.6363636363636364
"((MAP >= 69.103) U[1,2] (SBP <= 156.710))
",-9999999.000,-9999999.000,0.000,0.000,1.000,8,0,0,14,22,0,8,14,0.36363636363636365,0,0,1.0,0.36363636363636365,0.6363636363636364
"((MAP >= 68.724) U[0,0] (SBP <= 141.349))
",6.612,119.613,0.000,0.000,1.000,8,0,0,14,22,0,8,14,0.36363636363636365,0,0,1.0,0.36363636363636365,0.6363636363636364
"((MAP >= 73.459) U[1,2] (SBP <= 145.211))
",-9999999.000,-9999999.000,0.000,0.000,1.000,8,0,0,14,22,0,8,14,0.36363636363636365,0,0,1.0,0.36363636363636365,0.6363636363636364
"((MAP >= 64.902) U[1,1] (SBP <= 150.456))
",5293715562626833.000,150.456,0.000,0.000,1.000,7,0,0,15,22,0,7,15,0.3181818181818182,0,0,1.0,0.3181818181818182,0.6818181818181819
"F[0,0](((Hgb <= 6.760 & EtCO2 <= 0.000) -> Glucose <= 0.000) & Potassium <= 0.000)
",0.000,0.000,0.000,0.000,1.000,7,0,0,15,22,0,7,15,0.3181818181818182,0,0,1.0,0.3181818181818182,0.6818181818181819
"((FiO2 < 0.255) U[1,1] (SepsisLabel = 0.000))
",0.255,0.255,0.000,0.000,1.000,6,0,0,16,22,0,6,16,0.2727272727272727,0,0,1.0,0.2727272727272727,0.7272727272727273
"F[0,1](AST <= 0.000 & Temp >= 10.568)
",-9999999.000,-9999999.000,0.000,0.000,1.000,6,0,0,16,22,0,6,16,0.2727272727272727,0,0,1.0,0.2727272727272727,0.7272727272727273
"((BaseExcess >= -3.801) U[0,1] (Resp >= 18.890))
",-9999999.000,-9999999.000,0.000,0.000,1.000,6,0,0,16,22,0,6,16,0.2727272727272727,0,0,1.0,0.2727272727272727,0.7272727272727273
"((Phosphate <= 0.000) U[0,1] (Resp >= 18.524))
",-9999999.000,-9999999.000,0.000,0.000,1.000,6,0,0,16,22,0,6,16,0.2727272727272727,0,0,1.0,0.2727272727272727,0.7272727272727273
"F[0,1](Resp >= 18.431 & SepsisLabel = 0.000)
",-9999999.000,-9999999.000,0.000,0.000,1.000,6,0,0,16,22,0,6,16,0.2727272727272727,0,0,1.0,0.2727272727272727,0.7272727272727273
"((Calcium >= 0.165) U[1,2] (Glucose >= 36.715))
",-9999999.000,-9999999.000,0.000,0.000,1.000,6,0,0,16,22,0,6,16,0.2727272727272727,0,0,1.0,0.2727272727272727,0.7272727272727273
"F[0,1]((DBP >= 21.963 & WBC <= 2.907) & pH <= 3.881)
",-9999999.000,-9999999.000,0.000,0.000,1.000,5,0,0,17,22,0,5,17,0.22727272727272727,0,0,1.0,0.22727272727272727,0.7727272727272727
"((O2Sat <= 97.236) U[1,1] (Lactate <= 0.000))
",3421188210326010.000,97.236,0.000,0.000,1.000,5,0,0,17,22,0,5,17,0.22727272727272727,0,0,1.0,0.22727272727272727,0.7727272727272727
"F[0,0](((Creatinine <= 1.167 | Alkalinephos >= 0.000) | Phosphate >= 0.000) -> pH <= 0.000)
",-0.516,-2.023,0.000,0.000,1.000,5,0,0,17,22,0,5,17,0.22727272727272727,0,0,1.0,0.22727272727272727,0.7727272727272727
"((BaseExcess >= -0.818) U[0,1] (O2Sat >= 95.655))
",-9999999.000,-9999999.000,0.000,0.000,1.000,5,0,0,17,22,0,5,17,0.22727272727272727,0,0,1.0,0.22727272727272727,0.7727272727272727
"((BaseExcess >= -0.840) U[1,2] (BUN <= 13.682))
",-9999999.000,-9999999.000,0.000,0.000,1.000,4,0,0,18,22,0,4,18,0.18181818181818182,0,0,1.0,0.18181818181818182,0.8181818181818181
"((HR >= 76.176) U[1,2] (Resp >= 18.073))
",-9999999.000,-9999999.000,0.000,0.000,1.000,4,0,0,18,22,0,4,18,0.18181818181818182,0,0,1.0,0.18181818181818182,0.8181818181818181
"((Bilirubin_direct <= 0.000) U[0,0] (O2Sat >= 94.014))
",-0.218,-0.059,0.000,0.000,1.000,4,0,0,18,22,0,4,18,0.18181818181818182,0,0,1.0,0.18181818181818182,0.8181818181818181
"F[1,1](BaseExcess >= -0.717 | Potassium <= 3.758)
",8461811411666895.000,3.758,0.000,0.000,1.000,3,0,0,19,22,0,3,19,0.13636363636363635,0,0,1.0,0.13636363636363635,0.8636363636363636
"((SaO2 <= 55.834) U[1,2] (SBP >= 128.443))
",-9999999.000,-9999999.000,0.000,0.000,1.000,3,0,0,19,22,0,3,19,0.13636363636363635,0,0,1.0,0.13636363636363635,0.8636363636363636
"((Hct <= 16.655) U[1,2] (HR <= 97.662))
",-9999999.000,-9999999.000,0.000,0.000,1.000,2,0,0,20,22,0,2,20,0.09090909090909091,0,0,1.0,0.09090909090909091,0.9090909090909091
"F[0,1]((HCO3 <= 3.763 & O2Sat <= 97.511) & Chloride <= 97.130)
",-9999999.000,-9999999.000,0.000,0.000,1.000,2,0,0,20,22,0,2,20,0.09090909090909091,0,0,1.0,0.09090909090909091,0.9090909090909091
"F[1,1](Hgb <= 5.790 | Hct <= 11.730)
",3301642751766410.000,11.730,0.000,0.000,1.000,2,0,0,20,22,0,2,20,0.09090909090909091,0,0,1.0,0.09090909090909091,0.9090909090909091
"F[0,1](Calcium <= 7.210 -> PaCO2 <= 27.408)
",-9999999.000,-9999999.000,0.000,0.000,1.000,2,0,0,20,22,0,2,20,0.09090909090909091,0,0,1.0,0.09090909090909091,0.9090909090909091
"F[0,1](MAP <= 92.351 & SBP <= 154.997)
",-9999999.000,-9999999.000,0.000,0.000,1.000,1,0,0,21,22,0,1,21,0.045454545454545456,0,0,1.0,0.045454545454545456,0.9545454545454546
"F[0,0](Magnesium >= 0.014 -> WBC <= 14.317)
",-4029983226771166.500,-14.317,0.000,0.000,1.000,1,0,0,21,22,0,1,21,0.045454545454545456,0,0,1.0,0.045454545454545456,0.9545454545454546
"((Calcium <= 3.869) U[1,2] (Chloride <= 14.326))
",-9999999.000,-9999999.000,0.000,0.000,1.000,1,0,0,21,22,0,1,21,0.045454545454545456,0,0,1.0,0.045454545454545456,0.9545454545454546
"((Temp <= 30.683) U[0,0] (HR >= 64.274))
",3391093416506394.000,12336.726,0.000,0.000,1.000,1,0,0,21,22,0,1,21,0.045454545454545456,0,0,1.0,0.045454545454545456,0.9545454545454546
"F[0,0](BUN <= 7.442 | Hct <= 16.506)
",4645927437076684.000,16.506,0.000,0.000,1.000,1,0,0,21,22,0,1,21,0.045454545454545456,0,0,1.0,0.045454545454545456,0.9545454545454546
"F[1,1]((SBP <= 167.007 & Bilirubin_direct <= 0.000) & Hgb >= 0.000)
",0.000,0.000,0.000,0.000,1.000,1,0,0,21,22,0,1,21,0.045454545454545456,0,0,1.0,0.045454545454545456,0.9545454545454546
"F[0,1](((O2Sat >= 93.676 & AST <= 0.000) & PaCO2 >= 0.000) & Glucose <= 0.000)
",-9999999.000,-9999999.000,0.000,0.000,1.000,1,0,0,21,22,0,1,21,0.045454545454545456,0,0,1.0,0.045454545454545456,0.9545454545454546
"F[0,1](O2Sat <= 98.044 | PTT >= 0.183)
",-9999999.000,-9999999.000,0.000,0.000,1.000,1,0,0,21,22,0,1,21,0.045454545454545456,0,0,1.0,0.045454545454545456,0.9545454545454546
"F[0,1]((AST <= 0.000 | HCO3 >= 0.634) -> DBP >= 0.093)
",-9999999.000,-9999999.000,0.000,0.000,1.000,1,0,0,21,22,0,1,21,0.045454545454545456,0,0,1.0,0.045454545454545456,0.9545454545454546
"F[0,0]((Phosphate >= 0.000 & Magnesium > 0.067) -> Calcium < 7.607)
",-8565030090622909.000,-7.607,0.000,0.000,1.000,1,0,0,21,22,0,1,21,0.045454545454545456,0,0,1.0,0.045454545454545456,0.9545454545454546
"F[0,0](Calcium <= 3.863 | PTT >= 0.299)
",2.854,4.183,0.000,0.000,1.000,1,0,0,21,22,0,1,21,0.045454545454545456,0,0,1.0,0.045454545454545456,0.9545454545454546
"((O2Sat <= 99.227) U[1,1] (Potassium <= 4.732))
",6982491162480031.000,99.227,0.000,0.000,1.000,1,0,0,21,22,0,1,21,0.045454545454545456,0,0,1.0,0.045454545454545456,0.9545454545454546
"F[0,0]((Phosphate >= 0.000 & Magnesium > 0.014) -> Calcium < 6.743)
",-6.743,-6.743,0.000,0.000,1.000,1,0,0,21,22,0,1,21,0.045454545454545456,0,0,1.0,0.045454545454545456,0.9545454545454546
"((MAP >= 74.309) U[0,1] (SBP <= 157.066))
",-9999999.000,-9999999.000,0.000,0.000,1.000,1,0,0,21,22,0,1,21,0.045454545454545456,0,0,1.0,0.045454545454545456,0.9545454545454546
"F[0,1](O2Sat <= 98.194 & Lactate <= 0.000)
",-9999999.000,-9999999.000,0.000,0.000,1.000,1,0,0,21,22,0,1,21,0.045454545454545456,0,0,1.0,0.045454545454545456,0.9545454545454546
"F[0,1](MAP >= 67.218 & SepsisLabel = 0.000)
",-9999999.000,-9999999.000,0.000,0.000,1.000,1,0,0,21,22,0,1,21,0.045454545454545456,0,0,1.0,0.045454545454545456,0.9545454545454546
"F[1,1](Chloride < 67.580 & SepsisLabel = 0.000)
",0.000,0.000,0.000,0.000,1.000,1,0,0,21,22,0,1,21,0.045454545454545456,0,0,1.0,0.045454545454545456,0.9545454545454546
"F[0,2](Magnesium >= 0.031 -> MAP <= 90.611)
",-9999999.000,-9999999.000,0.000,0.000,1.000,0,0,0,22,22,0,0,22,0.0,0,0,0.0,0.0,1.0
"F[1,1]((SepsisLabel <= 0.000 & Glucose >= 7.526) -> Calcium <= 129.159)
",-129.159,-129.159,0.000,0.000,1.000,0,0,0,22,22,0,0,22,0.0,0,0,0.0,0.0,1.0
"F[0,2]((FiO2 <= 0.187 & SBP <= 162.915) -> Alkalinephos <= 177.044)
",-9999999.000,-9999999.000,0.000,0.000,1.000,0,0,0,22,22,0,0,22,0.0,0,0,0.0,0.0,1.0
"F[0,2]((Lactate <= 0.000 -> Temp <= 24.196) | Hgb <= 24.737)
",-9999999.000,-9999999.000,0.000,0.000,1.000,0,0,0,22,22,0,0,22,0.0,0,0,0.0,0.0,1.0
"F[1,2](((pH <= 4.543 & WBC <= 3.810) -> HCO3 >= 1.105) -> HR <= 5.684)
",-9999999.000,-9999999.000,0.000,0.000,1.000,0,0,0,22,22,0,0,22,0.0,0,0,0.0,0.0,1.0
"F[2,2]((EtCO2 <= 0.000 & HCO3 >= 1.181) -> Bilirubin_direct >= 1.277)
",5316522031183692.000,1.181,0.000,0.000,1.000,0,0,0,22,22,0,0,22,0.0,0,0,0.0,0.0,1.0
"F[1,2](MAP >= 67.591 & BaseExcess >= -2.107)
",-9999999.000,-9999999.000,0.000,0.000,1.000,0,0,0,22,22,0,0,22,0.0,0,0,0.0,0.0,1.0
"F[0,1](((Potassium >= 0.443 -> HCO3 <= 10.717) & BUN <= 17.610) | PTT >= 0.832)
",-9999999.000,-9999999.000,0.000,0.000,1.000,0,0,0,22,22,0,0,22,0.0,0,0,0.0,0.0,1.0
"F[1,2](Calcium <= 7.902 & Bilirubin_direct >= 0.000)
",-9999999.000,-9999999.000,0.000,0.000,1.000,0,0,0,22,22,0,0,22,0.0,0,0,0.0,0.0,1.0
"F[1,2]((DBP <= 64.353 -> O2Sat >= 93.795) | TroponinI >= 93.100)
",-9999999.000,-9999999.000,0.000,0.000,1.000,0,0,0,22,22,0,0,22,0.0,0,0,0.0,0.0,1.0
"((WBC <= 8.611) U[0,1] (HR >= 63.502))
",-9999999.000,-9999999.000,0.000,0.000,1.000,0,0,0,22,22,0,0,22,0.0,0,0,0.0,0.0,1.0
"((TroponinI <= 0.000) U[0,0] (TroponinI >= 0.000))
",0.000,0.000,0.000,0.000,1.000,0,0,0,22,22,0,0,22,0.0,0,0,0.0,0.0,1.0
"F[2,2]((O2Sat >= 95.720 -> pH <= 2.327) & EtCO2 <= 4.222)
",-5240573515931345.000,-2.327,0.000,0.000,1.000,0,0,0,22,22,0,0,22,0.0,0,0,0.0,0.0,1.0
"F[1,2](Hgb <= 8.484 -> BUN >= 0.643)
",-9999999.000,-9999999.000,0.000,0.000,1.000,0,0,0,22,22,0,0,22,0.0,0,0,0.0,0.0,1.0
"F[0,2]((HR >= 60.197 -> Potassium >= 0.258) | Alkalinephos <= 1.833)
",-9999999.000,-9999999.000,0.000,0.000,1.000,0,0,0,22,22,0,0,22,0.0,0,0,0.0,0.0,1.0
"F[2,2](HCO3 <= 10.491 -> HR <= 101.996)
",-101.996,-101.996,0.000,0.000,1.000,0,0,0,22,22,0,0,22,0.0,0,0,0.0,0.0,1.0
"F[1,2](((Platelets <= 188.473 & Temp <= 25.893) & SepsisLabel <= 33.540) & Hct >= 2.539)
",-9999999.000,-9999999.000,0.000,0.000,1.000,0,0,0,22,22,0,0,22,0.0,0,0,0.0,0.0,1.0
"F[1,2]((Glucose >= 28.469 | Resp <= 24.471) & Resp >= 18.211)
",-9999999.000,-9999999.000,0.000,0.000,1.000,0,0,0,22,22,0,0,22,0.0,0,0,0.0,0.0,1.0
"F[0,2](FiO2 <= 0.176 | Hct >= 2.163)
",-9999999.000,-9999999.000,0.000,0.000,1.000,0,0,0,22,22,0,0,22,0.0,0,0,0.0,0.0,1.0
"F[1,2](((Hgb <= 5.398 & Resp <= 22.771) & Creatinine >= 17.244) -> Hgb >= 18.522)
",-9999999.000,-9999999.000,0.000,0.000,1.000,0,0,0,22,22,0,0,22,0.0,0,0,0.0,0.0,1.0
"F[1,2](((O2Sat >= 93.466 & SaO2 >= 10.583) | PaCO2 <= 38.572) -> HCO3 >= 8.702)
",-9999999.000,-9999999.000,0.000,0.000,1.000,0,0,0,22,22,0,0,22,0.0,0,0,0.0,0.0,1.0
"F[0,2](Chloride >= 4.509 | Temp >= 11.275)
",-9999999.000,-9999999.000,0.000,0.000,1.000,0,0,0,22,22,0,0,22,0.0,0,0,0.0,0.0,1.0
"F[0,0](((Creatinine >= 0.054 -> Temp >= 11.148) -> BUN <= 31.551) & WBC <= 33.346)
",-4440410902461025.500,-31.551,0.000,0.000,1.000,0,0,0,22,22,0,0,22,0.0,0,0,0.0,0.0,1.0
"F[0,2]((PaCO2 <= 18.313 & Resp <= 20.342) -> PTT <= 23.131)
",-9999999.000,-9999999.000,0.000,0.000,1.000,0,0,0,22,22,0,0,22,0.0,0,0,0.0,0.0,1.0
"F[0,2](((Glucose <= 36.962 | HCO3 <= 20.740) -> BUN <= 4.743) | Bilirubin_total <= 2.203)
",-9999999.000,-9999999.000,0.000,0.000,1.000,0,0,0,22,22,0,0,22,0.0,0,0,0.0,0.0,1.0
"F[1,2](Resp <= 24.058 | WBC <= 17.565)
",-9999999.000,-9999999.000,0.000,0.000,1.000,0,0,0,22,22,0,0,22,0.0,0,0,0.0,0.0,1.0
"F[1,2](((Calcium <= 6.931 | SBP <= 141.203) & FiO2 <= 141.368) -> O2Sat >= 131.204)
",-9999999.000,-9999999.000,0.000,0.000,1.000,0,0,0,22,22,0,0,22,0.0,0,0,0.0,0.0,1.0
"F[0,1](((Glucose <= 143.977 | O2Sat >= 93.381) -> Hct <= 97.058) & Hct <= 99.460)
",-9999999.000,-9999999.000,0.000,0.000,1.000,0,0,0,22,22,0,0,22,0.0,0,0,0.0,0.0,1.0
"F[0,1](TroponinI <= 0.000 | EtCO2 <= 0.000)
",-9999999.000,-9999999.000,0.000,0.000,1.000,0,0,0,22,22,0,0,22,0.0,0,0,0.0,0.0,1.0
"F[2,2](((HCO3 >= 0.762 & Temp <= 34.112) & Creatinine >= 21.035) -> SaO2 >= 20.610)
",2900624097491282.000,20.610,0.000,0.000,1.000,0,0,0,22,22,0,0,22,0.0,0,0,0.0,0.0,1.0
"F[0,2](DBP <= 60.787 -> Platelets >= 2.183)
",-9999999.000,-9999999.000,0.000,0.000,1.000,0,0,0,22,22,0,0,22,0.0,0,0,0.0,0.0,1.0
"((FiO2 >= 0.098) U[0,2] (Resp <= 22.002))
",-9999999.000,-9999999.000,0.000,0.000,1.000,0,0,0,22,22,0,0,22,0.0,0,0,0.0,0.0,1.0
"F[0,2]((Temp <= 32.227 | WBC <= 7.760) & MAP <= 10.772)
",-9999999.000,-9999999.000,0.000,0.000,1.000,0,0,0,22,22,0,0,22,0.0,0,0,0.0,0.0,1.0
"F[0,1](((HR <= 98.429 -> PaCO2 >= 1.332) & Hgb <= 39.973) -> DBP >= 7.196)
",-9999999.000,-9999999.000,0.000,0.000,1.000,0,0,0,22,22,0,0,22,0.0,0,0,0.0,0.0,1.0
"F[1,2]((Creatinine <= 0.743 & Glucose <= 94.387) -> Alkalinephos >= 1.133)
",-9999999.000,-9999999.000,0.000,0.000,1.000,0,0,0,22,22,0,0,22,0.0,0,0,0.0,0.0,1.0
"F[0,1](Platelets <= 244.603 | Temp >= 15.573)
",-9999999.000,-9999999.000,0.000,0.000,1.000,0,0,0,22,22,0,0,22,0.0,0,0,0.0,0.0,1.0
"F[1,2]((BUN >= 0.400 & BaseExcess <= -0.076) | MAP <= -0.365)
",-9999999.000,-9999999.000,0.000,0.000,1.000,0,0,0,22,22,0,0,22,0.0,0,0,0.0,0.0,1.0
"F[0,2]((BUN <= 4.379 -> HR <= 92.702) & pH <= 101.301)
",-9999999.000,-9999999.000,0.000,0.000,1.000,0,0,0,22,22,0,0,22,0.0,0,0,0.0,0.0,1.0
"((BUN <= 16.729) U[2,2] (O2Sat >= 93.163))
",4708656844792940.000,16.729,0.000,0.000,1.000,0,0,0,22,22,0,0,22,0.0,0,0,0.0,0.0,1.0
"F[1,2](Hgb <= 13.149 | Hct <= 12.296)
",-9999999.000,-9999999.000,0.000,0.000,1.000,0,0,0,22,22,0,0,22,0.0,0,0,0.0,0.0,1.0
"F[0,1]((HCO3 >= 1.388 -> Phosphate >= 0.000) | TroponinI <= 0.000)
",-9999999.000,-9999999.000,0.000,0.000,1.000,0,0,0,22,22,0,0,22,0.0,0,0,0.0,0.0,1.0
"((Phosphate >= 0.000) U[0,2] (BUN >= 0.823))
",-9999999.000,-9999999.000,0.000,0.000,1.000,0,0,0,22,22,0,0,22,0.0,0,0,0.0,0.0,1.0
"F[0,1]((SepsisLabel >= 0.000 & Chloride >= 5.646) | DBP <= 85.420)
",-9999999.000,-9999999.000,0.000,0.000,1.000,0,0,0,22,22,0,0,22,0.0,0,0,0.0,0.0,1.0
"F[0,2]((PTT <= 18.790 | Temp <= 30.628) & Calcium >= 10.289)
",-9999999.000,-9999999.000,0.000,0.000,1.000,0,0,0,22,22,0,0,22,0.0,0,0,0.0,0.0,1.0
"F[1,2](((O2Sat <= 98.529 | Calcium >= 0.075) & Hgb >= 0.030) -> SBP >= 0.002)
",-9999999.000,-9999999.000,0.000,0.000,1.000,0,0,0,22,22,0,0,22,0.0,0,0,0.0,0.0,1.0
"F[1,1]((SBP >= 101.981 & Magnesium >= 0.033) | Calcium <= 2.313)
",2.313,2.313,0.000,0.000,1.000,0,0,0,22,22,0,0,22,0.0,0,0,0.0,0.0,1.0
"F[1,1]((Hgb >= 0.830 & O2Sat <= 99.215) -> PaCO2 <= 99.260)
",-6984781439993876.000,-99.260,0.000,0.000,1.000,0,0,0,22,22,0,0,22,0.0,0,0,0.0,0.0,1.0
"F[0,1](Alkalinephos >= 0.000 | PTT <= 23.672)
",-9999999.000,-9999999.000,0.000,0.000,1.000,0,0,0,22,22,0,0,22,0.0,0,0,0.0,0.0,1.0
"F[2,2]((Phosphate >= 0.000 | Glucose >= 4.191) & Phosphate >= 24.770)
",-3486092085465138.000,-24.770,0.000,0.000,1.000,0,0,0,22,22,0,0,22,0.0,0,0,0.0,0.0,1.0
"F[1,2]((FiO2 >= 0.056 -> Glucose <= 82.670) | Platelets <= 46.366)
",-9999999.000,-9999999.000,0.000,0.000,1.000,0,0,0,22,22,0,0,22,0.0,0,0,0.0,0.0,1.0
"((FiO2 <= 0.695) U[0,2] (HR >= 73.850))
",-9999999.000,-9999999.000,0.000,0.000,1.000,0,0,0,22,22,0,0,22,0.0,0,0,0.0,0.0,1.0
"F[1,2](((Calcium <= 0.559 -> Potassium >= 0.106) & TroponinI <= 1.225) -> MAP >= 0.022)
",-9999999.000,-9999999.000,0.000,0.000,1.000,0,0,0,22,22,0,0,22,0.0,0,0,0.0,0.0,1.0
"((Calcium <= 1.196) U[0,2] (SaO2 <= 35.453))
",-9999999.000,-9999999.000,0.000,0.000,1.000,0,0,0,22,22,0,0,22,0.0,0,0,0.0,0.0,1.0
"F[1,2]((BaseExcess <= -0.587 | PaCO2 >= 6.892) | SaO2 >= 1.462)
",-9999999.000,-9999999.000,0.000,0.000,1.000,0,0,0,22,22,0,0,22,0.0,0,0,0.0,0.0,1.0
"((FiO2 >= 0.093) U[0,1] (Bilirubin_direct <= 0.000))
",-9999999.000,-9999999.000,0.000,0.000,1.000,0,0,0,22,22,0,0,22,0.0,0,0,0.0,0.0,1.0
"F[0,1](((pH <= 6.697 -> AST <= 0.000) & HR <= 0.000) | Alkalinephos <= 0.000)
",-9999999.000,-9999999.000,0.000,0.000,1.000,0,0,0,22,22,0,0,22,0.0,0,0,0.0,0.0,1.0
"F[1,2](((SBP >= 111.445 -> PTT <= 11.111) | Glucose >= 0.192) & Chloride >= 0.450)
",-9999999.000,-9999999.000,0.000,0.000,1.000,0,0,0,22,22,0,0,22,0.0,0,0,0.0,0.0,1.0
"F[2,2]((PaCO2 <= 24.912 & PaCO2 <= 41.590) & Resp <= 44.580)
",24.912,24.912,0.000,0.000,1.000,0,0,0,22,22,0,0,22,0.0,0,0,0.0,0.0,1.0
"F[0,2](((O2Sat >= 95.429 & EtCO2 >= 0.000) & WBC <= 0.000) & EtCO2 >= 0.000)
",-9999999.000,-9999999.000,0.000,0.000,1.000,0,0,0,22,22,0,0,22,0.0,0,0,0.0,0.0,1.0
"F[0,1](BaseExcess <= -0.237 -> PTT <= 7.497)
",-9999999.000,-9999999.000,0.000,0.000,1.000,0,0,0,22,22,0,0,22,0.0,0,0,0.0,0.0,1.0
"((Creatinine <= 0.702) U[0,2] (AST >= 0.000))
",-9999999.000,-9999999.000,0.000,0.000,1.000,0,0,0,22,22,0,0,22,0.0,0,0,0.0,0.0,1.0
"F[1,2]((SepsisLabel <= 0.000 | Lactate <= 0.000) & Creatinine <= 0.000)
",-9999999.000,-9999999.000,0.000,0.000,1.000,0,0,0,22,22,0,0,22,0.0,0,0,0.0,0.0,1.0
"F[0,0]((Alkalinephos >= 0.000 & PaCO2 <= 18.687) -> PaCO2 <= 13.290)
",-2.785,-10.851,0.000,0.000,1.000,0,0,0,22,22,0,0,22,0.0,0,0,0.0,0.0,1.0
"F[1,2](pH >= 2.164 & Bilirubin_direct <= 0.000)
",-9999999.000,-9999999.000,0.000,0.000,1.000,0,0,0,22,22,0,0,22,0.0,0,0,0.0,0.0,1.0
"((Creatinine <= 1.131) U[2,2] (BaseExcess >= -1.860))
",1.860,1.860,0.000,0.000,1.000,0,0,0,22,22,0,0,22,0.0,0,0,0.0,0.0,1.0
"F[2,2]((Fibrinogen >= 0.000 | SepsisLabel >= 0.000) | AST >= 0.000)
",0.000,0.000,0.000,0.000,1.000,0,0,0,22,22,0,0,22,0.0,0,0,0.0,0.0,1.0
"((Fibrinogen <= 0.000) U[0,1] (BUN <= 12.582))
",-9999999.000,-9999999.000,0.000,0.000,1.000,0,0,0,22,22,0,0,22,0.0,0,0,0.0,0.0,1.0
"F[0,2](DBP >= 22.084 -> Chloride >= 2.002)
",-9999999.000,-9999999.000,0.000,0.000,1.000,0,0,0,22,22,0,0,22,0.0,0,0,0.0,0.0,1.0
"F[0,2](((Hct <= 20.855 | PaCO2 <= 14.369) -> FiO2 <= 19.377) | PaCO2 <= 39.822)
",-9999999.000,-9999999.000,0.000,0.000,1.000,0,0,0,22,22,0,0,22,0.0,0,0,0.0,0.0,1.0
"F[0,2]((SBP <= 160.015 -> Bilirubin_total >= 0.000) & PTT >= 0.000)
",-9999999.000,-9999999.000,0.000,0.000,1.000,0,0,0,22,22,0,0,22,0.0,0,0,0.0,0.0,1.0
"F[0,2]((HR >= 64.304 & Hgb <= 1.083) -> Hgb >= 0.660)
",-9999999.000,-9999999.000,0.000,0.000,1.000,0,0,0,22,22,0,0,22,0.0,0,0,0.0,0.0,1.0
"F[0,2]((Resp >= 16.257 & EtCO2 >= 0.000) & MAP <= 0.000)
",-9999999.000,-9999999.000,0.000,0.000,1.000,0,0,0,22,22,0,0,22,0.0,0,0,0.0,0.0,1.0
"F[2,2](((HCO3 >= 0.264 -> DBP >= 34.081) & pH <= 52.812) & O2Sat <= 52.010)
",4756226358562289.000,0.264,0.000,0.000,1.000,0,0,0,22,22,0,0,22,0.0,0,0,0.0,0.0,1.0
"F[0,0](Hct >= 2.918 -> Bilirubin_direct <= 0.000)
",0.218,0.059,0.000,0.000,1.000,0,0,0,22,22,0,0,22,0.0,0,0,0.0,0.0,1.0
"F[0,1](((Alkalinephos <= 0.000 & Potassium >= 0.395) & HR >= 0.519) -> AST >= 0.000)
",-9999999.000,-9999999.000,0.000,0.000,1.000,0,0,0,22,22,0,0,22,0.0,0,0,0.0,0.0,1.0
"F[1,2]((pH >= 1.267 | BaseExcess <= -0.173) | Fibrinogen >= -0.647)
",-9999999.000,-9999999.000,0.000,0.000,1.000,0,0,0,22,22,0,0,22,0.0,0,0,0.0,0.0,1.0
"F[2,2]((PaCO2 <= 12.853 | pH <= 2.867) -> HR <= 2.474)
",-3617788472860162.000,-12.853,0.000,0.000,1.000,0,0,0,22,22,0,0,22,0.0,0,0,0.0,0.0,1.0
"((DBP <= 58.106) U[0,2] (Bilirubin_direct >= 0.000))
",-9999999.000,-9999999.000,0.000,0.000,1.000,0,0,0,22,22,0,0,22,0.0,0,0,0.0,0.0,1.0
"F[0,0]((HCO3 >= 0.475 & FiO2 >= 0.081) | AST <= 0.467)
",-0.112,-0.158,0.000,0.000,1.000,0,0,0,22,22,0,0,22,0.0,0,0,0.0,0.0,1.0
"((AST >= 0.000) U[2,2] (Hct >= 2.807))
",0.000,0.000,0.000,0.000,1.000,0,0,0,22,22,0,0,22,0.0,0,0,0.0,0.0,1.0
"F[0,0](Fibrinogen >= 0.000 | WBC >= 0.208)
",0.218,0.664,0.000,0.000,1.000,0,0,0,22,22,0,0,22,0.0,0,0,0.0,0.0,1.0
"F[0,2]((Calcium >= 0.065 & Creatinine <= 0.237) & Temp >= 0.046)
",-9999999.000,-9999999.000,0.000,0.000,1.000,0,0,0,22,22,0,0,22,0.0,0,0,0.0,0.0,1.0
"F[1,2](PaCO2 <= 28.072 & HR <= 80.350)
",-9999999.000,-9999999.000,0.000,0.000,1.000,0,0,0,22,22,0,0,22,0.0,0,0,0.0,0.0,1.0
"F[2,2](((Resp >= 16.358 -> Magnesium >= 0.050) -> Resp >= 0.022) -> HCO3 >= 0.090)
",3624722341397398.500,0.050,0.000,0.000,1.000,0,0,0,22,22,0,0,22,0.0,0,0,0.0,0.0,1.0
"F[2,2](Bilirubin_direct <= 0.000 & O2Sat <= 96.341)
",0.000,0.000,0.000,0.000,1.000,0,0,0,22,22,0,0,22,0.0,0,0,0.0,0.0,1.0
"F[1,2]((Glucose <= 118.297 | Chloride >= 5.513) -> HR >= 5.522)
",-9999999.000,-9999999.000,0.000,0.000,1.000,0,0,0,22,22,0,0,22,0.0,0,0,0.0,0.0,1.0
"((Lactate <= 0.000) U[0,2] (TroponinI <= 0.000))
",-9999999.000,-9999999.000,0.000,0.000,1.000,0,0,0,22,22,0,0,22,0.0,0,0,0.0,0.0,1.0
"F[0,1](((SBP <= 158.777 -> BUN <= 7.575) & Alkalinephos >= 0.155) -> Glucose >= 0.881)
",-9999999.000,-9999999.000,0.000,0.000,1.000,0,0,0,22,22,0,0,22,0.0,0,0,0.0,0.0,1.0
"F[0,2](BUN <= 11.330 -> Alkalinephos <= 0.000)
",-9999999.000,-9999999.000,0.000,0.000,1.000,0,0,0,22,22,0,0,22,0.0,0,0,0.0,0.0,1.0
"F[0,2](((BUN <= 16.953 & Resp <= 20.762) -> SepsisLabel >= 17.630) & Alkalinephos >= 17.821)
",-9999999.000,-9999999.000,0.000,0.000,1.000,0,0,0,22,22,0,0,22,0.0,0,0,0.0,0.0,1.0
"F[0,0]((Glucose >= 8.400 | BaseExcess >= -3.391) | PTT >= -0.647)
",2.144,3.776,0.000,0.000,1.000,0,0,0,22,22,0,0,22,0.0,0,0,0.0,0.0,1.0
"F[0,2]((Phosphate >= 0.000 -> SBP >= 126.272) & pH <= 165.875)
",-9999999.000,-9999999.000,0.000,0.000,1.000,0,0,0,22,22,0,0,22,0.0,0,0,0.0,0.0,1.0
"((HR >= 64.347) U[0,2] (PaCO2 <= 35.602))
",-9999999.000,-9999999.000,0.000,0.000,1.000,0,0,0,22,22,0,0,22,0.0,0,0,0.0,0.0,1.0
"((TroponinI >= 0.000) U[0,2] (PaCO2 <= 35.685))
",-9999999.000,-9999999.000,0.000,0.000,1.000,0,0,0,22,22,0,0,22,0.0,0,0,0.0,0.0,1.0
"F[2,2](((AST >= 0.000 & SBP <= 137.002) & Bilirubin_total <= 143.811) & Calcium <= 163.455)
",0.000,0.000,0.000,0.000,1.000,0,0,0,22,22,0,0,22,0.0,0,0,0.0,0.0,1.0
"((Phosphate >= 0.000) U[0,2] (HCO3 <= 5.480))
",-9999999.000,-9999999.000,0.000,0.000,1.000,0,0,0,22,22,0,0,22,0.0,0,0,0.0,0.0,1.0
"((AST >= 0.000) U[1,2] (SepsisLabel <= 0.000))
",-9999999.000,-9999999.000,0.000,0.000,1.000,0,0,0,22,22,0,0,22,0.0,0,0,0.0,0.0,1.0
"F[1,2]((HR >= 71.681 & Magnesium >= 0.055) | Potassium <= 0.219)
",-9999999.000,-9999999.000,0.000,0.000,1.000,0,0,0,22,22,0,0,22,0.0,0,0,0.0,0.0,1.0
"F[1,2]((Fibrinogen >= 0.000 | Platelets <= 270.320) & MAP <= 49.822)
",-9999999.000,-9999999.000,0.000,0.000,1.000,0,0,0,22,22,0,0,22,0.0,0,0,0.0,0.0,1.0
"F[0,0]((Hgb >= 0.100 | AST <= 0.000) -> Potassium >= 0.000)
",-0.316,-3.123,0.000,0.000,1.000,0,0,0,22,22,0,0,22,0.0,0,0,0.0,0.0,1.0
"F[0,1](((Temp <= 28.433 -> HR <= 91.768) | Hct >= 65.565) | WBC >= 73.230)
",-9999999.000,-9999999.000,0.000,0.000,1.000,0,0,0,22,22,0,0,22,0.0,0,0,0.0,0.0,1.0
"((SepsisLabel <= 0.000) U[2,2] (DBP >= 48.843))
",0.000,0.000,0.000,0.000,1.000,0,0,0,22,22,0,0,22,0.0,0,0,0.0,0.0,1.0
"F[0,2]((EtCO2 >= 0.000 -> SBP <= 155.098) & Platelets >= 102.951)
",-9999999.000,-9999999.000,0.000,0.000,1.000,0,0,0,22,22,0,0,22,0.0,0,0,0.0,0.0,1.0
"F[0,2](((HR <= 89.852 -> Hct >= 0.390) | DBP <= 19.546) | DBP >= 1.424)
",-9999999.000,-9999999.000,0.000,0.000,1.000,0,0,0,22,22,0,0,22,0.0,0,0,0.0,0.0,1.0
"F[0,2]((DBP <= 53.837 | BaseExcess >= -1.124) & PTT >= -3.898)
",-9999999.000,-9999999.000,0.000,0.000,1.000,0,0,0,22,22,0,0,22,0.0,0,0,0.0,0.0,1.0
"F[1,2](((MAP <= 93.076 | BUN <= 16.489) | BUN >= 0.775) -> PaCO2 <= 13.031)
",-9999999.000,-9999999.000,0.000,0.000,1.000,0,0,0,22,22,0,0,22,0.0,0,0,0.0,0.0,1.0
"F[0,1](((Hct >= 0.432 & AST >= 0.000) | PTT >= 0.000) | Hgb <= 0.000)
",-9999999.000,-9999999.000,0.000,0.000,1.000,0,0,0,22,22,0,0,22,0.0,0,0,0.0,0.0,1.0
"((Hgb <= 12.860) U[2,2] (Hgb >= 0.483))
",12.860,12.860,0.000,0.000,1.000,0,0,0,22,22,0,0,22,0.0,0,0,0.0,0.0,1.0
"((MAP <= 85.865) U[0,2] (SepsisLabel >= 0.000))
",-9999999.000,-9999999.000,0.000,0.000,1.000,0,0,0,22,22,0,0,22,0.0,0,0,0.0,0.0,1.0
"F[0,1](((FiO2 <= 0.706 | MAP <= 93.013) | SepsisLabel >= 68.015) & HCO3 <= 80.101)
",-9999999.000,-9999999.000,0.000,0.000,1.000,0,0,0,22,22,0,0,22,0.0,0,0,0.0,0.0,1.0
"F[1,2](((MAP >= 67.368 -> SaO2 >= 7.977) & Bilirubin_total <= 25.209) | Fibrinogen <= 16.047)
",-9999999.000,-9999999.000,0.000,0.000,1.000,0,0,0,22,22,0,0,22,0.0,0,0,0.0,0.0,1.0
"F[0,2](Hgb <= 12.122 -> SepsisLabel = 0.000)
",-9999999.000,-9999999.000,0.000,0.000,1.000,0,0,0,22,22,0,0,22,0.0,0,0,0.0,0.0,1.0
"((Hct > 0.162) U[0,2] (SepsisLabel = 0.000))
",-9999999.000,-9999999.000,0.000,0.000,1.000,0,0,0,22,22,0,0,22,0.0,0,0,0.0,0.0,1.0
"((pH < 7.184) U[0,2] (SepsisLabel = 0.000))
",-9999999.000,-9999999.000,0.000,0.000,1.000,0,0,0,22,22,0,0,22,0.0,0,0,0.0,0.0,1.0
"((DBP <= 57.289) U[0,2] (SepsisLabel = 0.000))
",-9999999.000,-9999999.000,0.000,0.000,1.000,0,0,0,22,22,0,0,22,0.0,0,0,0.0,0.0,1.0
"((Bilirubin_direct < 0.000) U[2,2] (SepsisLabel = 0.000))
",0.000,0.000,0.000,0.000,1.000,0,0,0,22,22,0,0,22,0.0,0,0,0.0,0.0,1.0
"((Calcium <= 4.437) U[0,1] (SepsisLabel = 0.000))
",-9999999.000,-9999999.000,0.000,0.000,1.000,0,0,0,22,22,0,0,22,0.0,0,0,0.0,0.0,1.0
"F[0,2](Calcium < 3.723 -> SepsisLabel = 0.000)
",-9999999.000,-9999999.000,0.000,0.000,1.000,0,0,0,22,22,0,0,22,0.0,0,0,0.0,0.0,1.0
"((AST >= 0.000) U[2,2] (SepsisLabel = 0.000))
",0.000,0.000,0.000,0.000,1.000,0,0,0,22,22,0,0,22,0.0,0,0,0.0,0.0,1.0
"((Magnesium < 1.796) U[0,2] (SepsisLabel = 0.000))
",-9999999.000,-9999999.000,0.000,0.000,1.000,0,0,0,22,22,0,0,22,0.0,0,0,0.0,0.0,1.0
"F[0,2](PTT < 12.065 & SepsisLabel = 0.000)
",-9999999.000,-9999999.000,0.000,0.000,1.000,0,0,0,22,22,0,0,22,0.0,0,0,0.0,0.0,1.0
"((Bilirubin_direct >= 0.000) U[0,2] (SepsisLabel = 0.000))
",-9999999.000,-9999999.000,0.000,0.000,1.000,0,0,0,22,22,0,0,22,0.0,0,0,0.0,0.0,1.0
"((Fibrinogen <= 0.000) U[0,0] (SepsisLabel = 0.000))
",-0.218,-0.664,0.000,0.000,1.000,0,0,0,22,22,0,0,22,0.0,0,0,0.0,0.0,1.0
"F[1,2](Potassium <= 1.763 -> SepsisLabel = 0.000)
",-9999999.000,-9999999.000,0.000,0.000,1.000,0,0,0,22,22,0,0,22,0.0,0,0,0.0,0.0,1.0
"F[0,2](Resp < 24.957 & SepsisLabel = 0.000)
",-9999999.000,-9999999.000,0.000,0.000,1.000,0,0,0,22,22,0,0,22,0.0,0,0,0.0,0.0,1.0
"F[1,1](Hgb < 7.927 -> SepsisLabel = 0.000)
",-2231203336104077.000,-7.927,0.000,0.000,1.000,0,0,0,22,22,0,0,22,0.0,0,0,0.0,0.0,1.0
"F[0,2](Creatinine > 0.035 -> SepsisLabel = 0.000)
",-9999999.000,-9999999.000,0.000,0.000,1.000,0,0,0,22,22,0,0,22,0.0,0,0,0.0,0.0,1.0
"((Platelets <= 185.562) U[0,0] (SepsisLabel = 0.000))
",6528874420085151.000,185.562,0.000,0.000,1.000,0,0,0,22,22,0,0,22,0.0,0,0,0.0,0.0,1.0
"F[1,2](Fibrinogen > 0.000 & SepsisLabel = 0.000)
",-9999999.000,-9999999.000,0.000,0.000,1.000,0,0,0,22,22,0,0,22,0.0,0,0,0.0,0.0,1.0
"((Potassium >= 0.431) U[0,0] (SepsisLabel = 0.000))
",-0.218,-0.020,0.000,0.000,1.000,0,0,0,22,22,0,0,22,0.0,0,0,0.0,0.0,1.0
"F[2,2](BUN <= 18.917 | Creatinine <= 0.560)
",18.917,18.917,0.000,0.000,1.000,0,0,0,22,22,0,0,22,0.0,0,0,0.0,0.0,1.0
"F[0,1]((HCO3 <= 5.792 -> Platelets <= 24.933) | BUN <= 127.171)
",-9999999.000,-9999999.000,0.000,0.000,1.000,0,0,0,22,22,0,0,22,0.0,0,0,0.0,0.0,1.0
"F[0,1]((PaCO2 >= 3.666 -> Potassium <= 2.951) & Fibrinogen <= 3.365)
",-9999999.000,-9999999.000,0.000,0.000,1.000,0,0,0,22,22,0,0,22,0.0,0,0,0.0,0.0,1.0
"F[1,2]((Creatinine <= 0.811 | PTT <= 18.285) -> WBC >= 0.505)
",-9999999.000,-9999999.000,0.000,0.000,1.000,0,0,0,22,22,0,0,22,0.0,0,0,0.0,0.0,1.0
"F[0,0]((HCO3 <= 18.258 & Hgb <= 12.335) -> TroponinI <= 7.410)
",-8.397,-11.887,0.000,0.000,1.000,0,0,0,22,22,0,0,22,0.0,0,0,0.0,0.0,1.0
"F[0,2](((BaseExcess >= -2.959 | SaO2 >= 7.396) -> Creatinine >= 12.139) -> Calcium >= 7.686)
",-9999999.000,-9999999.000,0.000,0.000,1.000,0,0,0,22,22,0,0,22,0.0,0,0,0.0,0.0,1.0
"F[0,2](((Calcium >= 0.139 & Creatinine <= 0.657) -> pH <= 0.466) & Calcium <= 0.877)
",-9999999.000,-9999999.000,0.000,0.000,1.000,0,0,0,22,22,0,0,22,0.0,0,0,0.0,0.0,1.0
"F[1,1]((PaCO2 <= 25.741 -> SaO2 >= 7.338) | Alkalinephos <= 73.498)
",5171951240233745.000,73.498,0.000,0.000,1.000,0,0,0,22,22,0,0,22,0.0,0,0,0.0,0.0,1.0
"F[0,2]((Hgb <= 9.982 & Magnesium >= 0.087) | Creatinine >= 0.015)
",-9999999.000,-9999999.000,0.000,0.000,1.000,0,0,0,22,22,0,0,22,0.0,0,0,0.0,0.0,1.0
"F[1,2]((BaseExcess <= -0.133 | pH <= 4.809) -> WBC <= 5.589)
",-9999999.000,-9999999.000,0.000,0.000,1.000,0,0,0,22,22,0,0,22,0.0,0,0,0.0,0.0,1.0
"F[0,1](((Creatinine <= 0.207 & Magnesium <= 2.650) | PTT <= 2.065) | Glucose >= 0.093)
",-9999999.000,-9999999.000,0.000,0.000,1.000,0,0,0,22,22,0,0,22,0.0,0,0,0.0,0.0,1.0
"F[1,2](((Hct <= 32.106 -> Platelets >= 16.460) & HR >= 6.201) & Platelets >= 0.704)
",-9999999.000,-9999999.000,0.000,0.000,1.000,0,0,0,22,22,0,0,22,0.0,0,0,0.0,0.0,1.0
"F[0,0](((Magnesium <= 0.425 -> PTT <= 1.051) | EtCO2 >= 0.594) | BUN >= 0.034)
",5.709,18.746,0.000,0.000,1.000,0,0,0,22,22,0,0,22,0.0,0,0,0.0,0.0,1.0
"F[0,2]((Hct <= 10.334 | WBC <= 3.773) -> Calcium <= 5.686)
",-9999999.000,-9999999.000,0.000,0.000,1.000,0,0,0,22,22,0,0,22,0.0,0,0,0.0,0.0,1.0
"F[0,2]((BUN >= 0.697 & Chloride <= 77.672) | Chloride <= 36.277)
",-9999999.000,-9999999.000,0.000,0.000,1.000,0,0,0,22,22,0,0,22,0.0,0,0,0.0,0.0,1.0
"F[0,2]((Creatinine <= 0.947 & HCO3 <= 22.126) & DBP <= 1.961)
",-9999999.000,-9999999.000,0.000,0.000,1.000,0,0,0,22,22,0,0,22,0.0,0,0,0.0,0.0,1.0
"((Lactate < 0.000) U[0,2] (SepsisLabel = 0.000))
",-9999999.000,-9999999.000,0.000,0.000,1.000,0,0,0,22,22,0,0,22,0.0,0,0,0.0,0.0,1.0
"F[0,2](FiO2 >= 0.093 & SepsisLabel = 0.000)
",-9999999.000,-9999999.000,0.000,0.000,1.000,0,0,0,22,22,0,0,22,0.0,0,0,0.0,0.0,1.0
"((MAP <= 84.164) U[0,2] (Potassium <= 3.087))
",-9999999.000,-9999999.000,0.000,0.000,1.000,0,0,0,22,22,0,0,22,0.0,0,0,0.0,0.0,1.0
"F[1,2]((Phosphate >= 0.000 & Magnesium > 0.017) -> Calcium < 7.662)
",-9999999.000,-9999999.000,0.000,0.000,1.000,0,0,0,22,22,0,0,22,0.0,0,0,0.0,0.0,1.0
"F[0,1]((Phosphate >= 0.000 & Magnesium > 0.038) -> Calcium < 1.772)
",-9999999.000,-9999999.000,0.000,0.000,1.000,0,0,0,22,22,0,0,22,0.0,0,0,0.0,0.0,1.0
"((MAP >= 70.876) U[2,2] (SBP <= 167.474))
",5892473870062815.000,167.474,0.000,0.000,1.000,0,0,0,22,22,0,0,22,0.0,0,0,0.0,0.0,1.0
"F[1,2]((Phosphate >= 0.000 & Magnesium > 0.007) -> Calcium < 6.897)
",-9999999.000,-9999999.000,0.000,0.000,1.000,0,0,0,22,22,0,0,22,0.0,0,0,0.0,0.0,1.0
"F[2,2](((Calcium < 1.641 & Potassium < 1.235) & Magnesium < 2.085) & Phosphate < 0.000)
",0.000,0.000,0.000,0.000,1.000,0,0,0,22,22,0,0,22,0.0,0,0,0.0,0.0,1.0
"F[2,2]((Calcium <= 1.000 & Potassium <= 4.187) & Magnesium >= 0.040)
",-2875487734902126.000,-0.040,0.000,0.000,1.000,0,0,0,22,22,0,0,22,0.0,0,0,0.0,0.0,1.0
"F[0,0](Hgb <= 13.342 | Hct <= 18.034)
",5076203544630929.000,18.034,0.000,0.000,1.000,0,0,0,22,22,0,0,22,0.0,0,0,0.0,0.0,1.0
"((MAP >= 67.729) U[0,2] (SBP <= 137.706))
",-9999999.000,-9999999.000,0.000,0.000,1.000,0,0,0,22,22,0,0,22,0.0,0,0,0.0,0.0,1.0
"F[0,2]((Phosphate >= 0.000 & Magnesium > 0.078) -> Calcium < 4.724)
",-9999999.000,-9999999.000,0.000,0.000,1.000,0,0,0,22,22,0,0,22,0.0,0,0,0.0,0.0,1.0
"F[0,2](((Calcium < 1.360 & Potassium < 2.765) & Magnesium < 0.818) & Phosphate < 0.000)
",-9999999.000,-9999999.000,0.000,0.000,1.000,0,0,0,22,22,0,0,22,0.0,0,0,0.0,0.0,1.0
"F[1,2]((Calcium <= 1.290 & Potassium <= 4.018) & Magnesium >= 0.069)
",-9999999.000,-9999999.000,0.000,0.000,1.000,0,0,0,22,22,0,0,22,0.0,0,0,0.0,0.0,1.0
"F[0,2](Hgb <= 2.357 | Hct <= 32.047)
",-9999999.000,-9999999.000,0.000,0.000,1.000,0,0,0,22,22,0,0,22,0.0,0,0,0.0,0.0,1.0
"((MAP >= 67.383) U[0,2] (SBP <= 155.302))
",-9999999.000,-9999999.000,0.000,0.000,1.000,0,0,0,22,22,0,0,22,0.0,0,0,0.0,0.0,1.0
"F[0,2]((Phosphate >= 0.000 & Magnesium > 0.072) -> Calcium < 0.663)
",-9999999.000,-9999999.000,0.000,0.000,1.000,0,0,0,22,22,0,0,22,0.0,0,0,0.0,0.0,1.0
"F[1,2]((Calcium <= 0.767 & Potassium <= 1.327) & Magnesium >= 0.049)
",-9999999.000,-9999999.000,0.000,0.000,1.000,0,0,0,22,22,0,0,22,0.0,0,0,0.0,0.0,1.0
"F[0,1](Hgb <= 7.427 | Hct <= 29.464)
",-9999999.000,-9999999.000,0.000,0.000,1.000,0,0,0,22,22,0,0,22,0.0,0,0,0.0,0.0,1.0
"F[0,2](Hgb <= 6.413 | Hct <= 19.203)
",-9999999.000,-9999999.000,0.000,0.000,1.000,0,0,0,22,22,0,0,22,0.0,0,0,0.0,0.0,1.0
"F[0,0](Hgb <= 11.550 | Hct <= 7.922)
",10.759,11.220,0.000,0.000,1.000,0,0,0,22,22,0,0,22,0.0,0,0,0.0,0.0,1.0
"F[1,2](Bilirubin_direct >= 0.000 -> SepsisLabel = 0.000)
",-9999999.000,-9999999.000,0.000,0.000,1.000,0,0,0,22,22,0,0,22,0.0,0,0,0.0,0.0,1.0
"F[0,2](((Calcium < 7.198 & Potassium < 2.482) & Magnesium < 1.130) & Phosphate < 0.000)
",-9999999.000,-9999999.000,0.000,0.000,1.000,0,0,0,22,22,0,0,22,0.0,0,0,0.0,0.0,1.0
"F[1,2](Potassium >= 0.019 & SepsisLabel = 0.000)
",-9999999.000,-9999999.000,0.000,0.000,1.000,0,0,0,22,22,0,0,22,0.0,0,0,0.0,0.0,1.0
"F[0,1](O2Sat < 96.780 -> SepsisLabel = 0.000)
",-9999999.000,-9999999.000,0.000,0.000,1.000,0,0,0,22,22,0,0,22,0.0,0,0,0.0,0.0,1.0
"((MAP >= 66.251) U[0,2] (SBP <= 137.578))
",-9999999.000,-9999999.000,0.000,0.000,1.000,0,0,0,22,22,0,0,22,0.0,0,0,0.0,0.0,1.0
"F[2,2](((Calcium < 4.010 & Potassium < 3.470) & Magnesium < 1.411) & Phosphate < 0.000)
",0.000,0.000,0.000,0.000,1.000,0,0,0,22,22,0,0,22,0.0,0,0,0.0,0.0,1.0
"F[1,2]((Calcium <= 5.187 & Potassium <= 0.903) & Magnesium >= 0.036)
",-9999999.000,-9999999.000,0.000,0.000,1.000,0,0,0,22,22,0,0,22,0.0,0,0,0.0,0.0,1.0
"F[0,2](Hgb <= 8.846 | Hct <= 12.941)
",-9999999.000,-9999999.000,0.000,0.000,1.000,0,0,0,22,22,0,0,22,0.0,0,0,0.0,0.0,1.0
"F[1,1]((Phosphate >= 0.000 & Magnesium > 0.093) -> Calcium < 3.324)
",-7485613490641229.000,-3.324,0.000,0.000,1.000,0,0,0,22,22,0,0,22,0.0,0,0,0.0,0.0,1.0
"F[1,2]((Calcium <= 6.852 & Potassium <= 2.801) & Magnesium >= 0.032)
",-9999999.000,-9999999.000,0.000,0.000,1.000,0,0,0,22,22,0,0,22,0.0,0,0,0.0,0.0,1.0
"F[1,2](Hgb <= 2.621 | Hct <= 36.741)
",-9999999.000,-9999999.000,0.000,0.000,1.000,0,0,0,22,22,0,0,22,0.0,0,0,0.0,0.0,1.0
"((MAP >= 63.251) U[0,1] (SBP <= 163.661))
",-9999999.000,-9999999.000,0.000,0.000,1.000,0,0,0,22,22,0,0,22,0.0,0,0,0.0,0.0,1.0
"F[0,2]((Phosphate >= 0.000 & Magnesium > 0.066) -> Calcium < 0.429)
",-9999999.000,-9999999.000,0.000,0.000,1.000,0,0,0,22,22,0,0,22,0.0,0,0,0.0,0.0,1.0
"F[0,2](((Calcium < 3.765 & Potassium < 0.900) & Magnesium < 2.781) & Phosphate < 0.000)
",-9999999.000,-9999999.000,0.000,0.000,1.000,0,0,0,22,22,0,0,22,0.0,0,0,0.0,0.0,1.0
"F[0,2]((Calcium <= 1.139 & Potassium <= 1.153) & Magnesium >= 0.056)
",-9999999.000,-9999999.000,0.000,0.000,1.000,0,0,0,22,22,0,0,22,0.0,0,0,0.0,0.0,1.0
"F[2,2](Hgb <= 11.048 | Hct <= 13.729)
",7728631902790641.000,13.729,0.000,0.000,1.000,0,0,0,22,22,0,0,22,0.0,0,0,0.0,0.0,1.0
"F[2,2]((Phosphate >= 0.000 & Magnesium > 0.060) -> Calcium < 0.961)
",-4329444415249806.500,-0.961,0.000,0.000,1.000,0,0,0,22,22,0,0,22,0.0,0,0,0.0,0.0,1.0
"F[0,1]((Glucose >= 11.940 -> SaO2 >= 9.979) -> SaO2 <= 26.475)
",-9999999.000,-9999999.000,0.000,0.000,1.000,0,0,0,22,22,0,0,22,0.0,0,0,0.0,0.0,1.0
"F[1,1](((HCO3 <= 16.859 & Hct >= 0.049) | SepsisLabel >= 0.926) -> SBP >= 1.878)
",7069956057566636.000,0.049,0.000,0.000,1.000,0,0,0,22,22,0,0,22,0.0,0,0,0.0,0.0,1.0
"F[1,2](((DBP <= 62.232 & Temp >= 0.122) -> Fibrinogen <= 34.781) -> Hgb <= 29.361)
",-9999999.000,-9999999.000,0.000,0.000,1.000,0,0,0,22,22,0,0,22,0.0,0,0,0.0,0.0,1.0
"F[0,1](((Hgb <= 9.663 & PaCO2 <= 36.521) | Hct >= 3.574) -> Magnesium <= 46.952)
",-9999999.000,-9999999.000,0.000,0.000,1.000,0,0,0,22,22,0,0,22,0.0,0,0,0.0,0.0,1.0
"F[0,2](Hct >= 0.447 | MAP >= 63.999)
",-9999999.000,-9999999.000,0.000,0.000,1.000,0,0,0,22,22,0,0,22,0.0,0,0,0.0,0.0,1.0
"F[1,2](((Chloride >= 4.195 & Potassium >= 0.646) -> BUN <= 0.911) & Calcium <= 2.565)
",-9999999.000,-9999999.000,0.000,0.000,1.000,0,0,0,22,22,0,0,22,0.0,0,0,0.0,0.0,1.0
"((Calcium >= 0.066) U[2,2] (O2Sat >= 94.541))
",-0.066,-0.066,0.000,0.000,1.000,0,0,0,22,22,0,0,22,0.0,0,0,0.0,0.0,1.0
"F[0,1](((Magnesium <= 2.243 | Potassium >= 0.506) | WBC >= 0.030) & Alkalinephos <= 4.189)
",-9999999.000,-9999999.000,0.000,0.000,1.000,0,0,0,22,22,0,0,22,0.0,0,0,0.0,0.0,1.0
"F[2,2]((Resp <= 23.227 & SaO2 <= 31.133) | SBP >= 7.499)
",3268919869281654.000,23.227,0.000,0.000,1.000,0,0,0,22,22,0,0,22,0.0,0,0,0.0,0.0,1.0
"F[0,2]((Potassium <= 1.311 -> Resp >= 13.232) -> Temp <= 20.030)
",-9999999.000,-9999999.000,0.000,0.000,1.000,0,0,0,22,22,0,0,22,0.0,0,0,0.0,0.0,1.0
"F[0,0](((PTT >= 0.071 -> Temp >= 22.574) -> O2Sat >= 19.229) & O2Sat >= 4.401)
",-6.040,-56.975,0.000,0.000,1.000,0,0,0,22,22,0,0,22,0.0,0,0,0.0,0.0,1.0
"F[0,2](DBP <= 65.786 & PTT >= 0.260)
",-9999999.000,-9999999.000,0.000,0.000,1.000,0,0,0,22,22,0,0,22,0.0,0,0,0.0,0.0,1.0
"F[0,2](PaCO2 <= 44.655 & Platelets <= 175.293)
",-9999999.000,-9999999.000,0.000,0.000,1.000,0,0,0,22,22,0,0,22,0.0,0,0,0.0,0.0,1.0
"F[2,2]((Magnesium >= 0.085 | Resp <= 24.422) -> O2Sat <= 22.398)
",-6874296550077439.000,-24.422,0.000,0.000,1.000,0,0,0,22,22,0,0,22,0.0,0,0,0.0,0.0,1.0
"((FiO2 <= 0.647) U[0,2] (WBC >= 0.751))
",-9999999.000,-9999999.000,0.000,0.000,1.000,0,0,0,22,22,0,0,22,0.0,0,0,0.0,0.0,1.0
"F[0,1](((DBP >= 11.277 | Potassium >= 0.594) & SBP <= 1.381) -> Chloride >= 0.622)
",-9999999.000,-9999999.000,0.000,0.000,1.000,0,0,0,22,22,0,0,22,0.0,0,0,0.0,0.0,1.0
"F[1,2]((BaseExcess <= -0.413 & WBC >= 0.953) | BUN <= 1.989)
",-9999999.000,-9999999.000,0.000,0.000,1.000,0,0,0,22,22,0,0,22,0.0,0,0,0.0,0.0,1.0
"((BaseExcess <= -0.442) U[0,1] (HCO3 <= 4.451))
",-9999999.000,-9999999.000,0.000,0.000,1.000,0,0,0,22,22,0,0,22,0.0,0,0,0.0,0.0,1.0
"F[1,2](((BaseExcess <= -0.450 & Chloride <= 104.220) -> HCO3 >= 6.359) -> MAP >= 3.716)
",-9999999.000,-9999999.000,0.000,0.000,1.000,0,0,0,22,22,0,0,22,0.0,0,0,0.0,0.0,1.0
"F[1,1](((FiO2 >= 0.098 -> Magnesium <= 2.741) | WBC >= 0.006) | MAP >= 0.037)
",-7225205364411005.000,-0.006,0.000,0.000,1.000,0,0,0,22,22,0,0,22,0.0,0,0,0.0,0.0,1.0
"F[0,2](((MAP <= 88.298 | PaCO2 >= 1.558) -> HR >= 1.523) | BUN <= 29.474)
",-9999999.000,-9999999.000,0.000,0.000,1.000,0,0,0,22,22,0,0,22,0.0,0,0,0.0,0.0,1.0
"F[0,2](PaCO2 >= 7.950 -> Temp <= 29.036)
",-9999999.000,-9999999.000,0.000,0.000,1.000,0,0,0,22,22,0,0,22,0.0,0,0,0.0,0.0,1.0
"((BaseExcess <= -0.512) U[2,2] (MAP <= 87.478))
",6155738658195220.000,87.478,0.000,0.000,1.000,0,0,0,22,22,0,0,22,0.0,0,0,0.0,0.0,1.0
"F[1,2](((Calcium >= 0.065 & SaO2 <= 88.649) -> TroponinI >= 12.172) -> AST >= 3.263)
",-9999999.000,-9999999.000,0.000,0.000,1.000,0,0,0,22,22,0,0,22,0.0,0,0,0.0,0.0,1.0
"F[1,2]((Potassium <= 1.641 | PTT <= 18.014) -> Chloride >= 0.381)
",-9999999.000,-9999999.000,0.000,0.000,1.000,0,0,0,22,22,0,0,22,0.0,0,0,0.0,0.0,1.0
"F[0,1]((Magnesium >= 0.009 & O2Sat <= 97.937) -> EtCO2 <= 97.688)
",-9999999.000,-9999999.000,0.000,0.000,1.000,0,0,0,22,22,0,0,22,0.0,0,0,0.0,0.0,1.0
"((Glucose <= 158.779) U[0,1] (MAP <= 83.740))
",-9999999.000,-9999999.000,0.000,0.000,1.000,0,0,0,22,22,0,0,22,0.0,0,0,0.0,0.0,1.0
"F[1,2](((BaseExcess >= -2.527 & PTT <= 15.176) | SepsisLabel >= 0.395) & Magnesium >= 0.346)
",-9999999.000,-9999999.000,0.000,0.000,1.000,0,0,0,22,22,0,0,22,0.0,0,0,0.0,0.0,1.0
"F[0,1](((pH >= 0.761 -> Resp <= 22.704) | O2Sat >= 15.752) & MAP >= 19.300)
",-9999999.000,-9999999.000,0.000,0.000,1.000,0,0,0,22,22,0,0,22,0.0,0,0,0.0,0.0,1.0
"F[0,2](((Hct <= 11.066 -> Resp <= 22.718) | FiO2 <= 23.524) -> WBC <= 22.128)
",-9999999.000,-9999999.000,0.000,0.000,1.000,0,0,0,22,22,0,0,22,0.0,0,0,0.0,0.0,1.0
"F[0,2]((DBP >= 40.541 & SBP <= 136.525) | Magnesium >= 103.621)
",-9999999.000,-9999999.000,0.000,0.000,1.000,0,0,0,22,22,0,0,22,0.0,0,0,0.0,0.0,1.0
"F[2,2]((Calcium <= 0.536 -> Resp >= 14.101) -> O2Sat <= 23.227)
",-3268930397712546.000,-23.227,0.000,0.000,1.000,0,0,0,22,22,0,0,22,0.0,0,0,0.0,0.0,1.0
"((O2Sat <= 97.401) U[0,2] (WBC <= 6.908))
",-9999999.000,-9999999.000,0.000,0.000,1.000,0,0,0,22,22,0,0,22,0.0,0,0,0.0,0.0,1.0
"F[0,2]((Hgb <= 3.699 & O2Sat >= 96.182) -> Phosphate >= 94.640)
",-9999999.000,-9999999.000,0.000,0.000,1.000,0,0,0,22,22,0,0,22,0.0,0,0,0.0,0.0,1.0
"F[1,2](FiO2 <= 0.886 & SaO2 >= 5.757)
",-9999999.000,-9999999.000,0.000,0.000,1.000,0,0,0,22,22,0,0,22,0.0,0,0,0.0,0.0,1.0
"F[1,2]((Hct <= 35.488 | Temp >= 5.394) & Magnesium <= 24.052)
",-9999999.000,-9999999.000,0.000,0.000,1.000,0,0,0,22,22,0,0,22,0.0,0,0,0.0,0.0,1.0
"F[0,2](Magnesium <= 1.848 | SaO2 >= 0.478)
",-9999999.000,-9999999.000,0.000,0.000,1.000,0,0,0,22,22,0,0,22,0.0,0,0,0.0,0.0,1.0
"F[0,2](((Hct >= 3.133 | O2Sat <= 98.064) & SepsisLabel <= 99.057) | Bilirubin_direct >= 95.298)
",-9999999.000,-9999999.000,0.000,0.000,1.000,0,0,0,22,22,0,0,22,0.0,0,0,0.0,0.0,1.0
"F[1,1]((Calcium >= 0.141 -> DBP <= 66.663) -> Alkalinephos <= 59.170)
",-59.170,-59.170,0.000,0.000,1.000,0,0,0,22,22,0,0,22,0.0,0,0,0.0,0.0,1.0
"((BaseExcess <= -0.152) U[0,2] (FiO2 <= 0.743))
",-9999999.000,-9999999.000,0.000,0.000,1.000,0,0,0,22,22,0,0,22,0.0,0,0,0.0,0.0,1.0
"((Hgb <= 13.774) U[0,2] (SBP >= 133.033))
",-9999999.000,-9999999.000,0.000,0.000,1.000,0,0,0,22,22,0,0,22,0.0,0,0,0.0,0.0,1.0
"F[0,2]((BUN <= 9.033 | PaCO2 >= 8.133) | Calcium >= 3.552)
",-9999999.000,-9999999.000,0.000,0.000,1.000,0,0,0,22,22,0,0,22,0.0,0,0,0.0,0.0,1.0
"F[0,2](FiO2 >= 0.026 | SBP <= 180.109)
",-9999999.000,-9999999.000,0.000,0.000,1.000,0,0,0,22,22,0,0,22,0.0,0,0,0.0,0.0,1.0
"F[1,2]((DBP >= 5.907 -> HR <= 98.515) & MAP <= 78.460)
",-9999999.000,-9999999.000,0.000,0.000,1.000,0,0,0,22,22,0,0,22,0.0,0,0,0.0,0.0,1.0
"F[1,2](((Chloride >= 4.290 | FiO2 <= 0.216) & BUN <= 0.686) | Hct <= 0.949)
",-9999999.000,-9999999.000,0.000,0.000,1.000,0,0,0,22,22,0,0,22,0.0,0,0,0.0,0.0,1.0
"F[0,2]((Hct <= 11.995 & Potassium >= 0.122) & SBP >= 0.631)
",-9999999.000,-9999999.000,0.000,0.000,1.000,0,0,0,22,22,0,0,22,0.0,0,0,0.0,0.0,1.0
"F[1,2](DBP >= 34.087 & pH >= 0.802)
",-9999999.000,-9999999.000,0.000,0.000,1.000,0,0,0,22,22,0,0,22,0.0,0,0,0.0,0.0,1.0
"F[2,2]((O2Sat <= 97.259 | Resp >= 16.481) | Hgb >= 13.269)
",6843960366214211.000,97.259,0.000,0.000,1.000,0,0,0,22,22,0,0,22,0.0,0,0,0.0,0.0,1.0
"F[0,2](((Hct >= 2.660 & SaO2 <= 39.461) & PTT <= 56.776) | pH >= 0.400)
",-9999999.000,-9999999.000,0.000,0.000,1.000,0,0,0,22,22,0,0,22,0.0,0,0,0.0,0.0,1.0
"F[0,1](FiO2 <= 0.774 | Temp <= 24.046)
",-9999999.000,-9999999.000,0.000,0.000,1.000,0,0,0,22,22,0,0,22,0.0,0,0,0.0,0.0,1.0
"F[0,2](((MAP <= 96.712 | Resp >= 14.380) -> SBP >= 12.206) | PaCO2 <= 22.707)
",-9999999.000,-9999999.000,0.000,0.000,1.000,0,0,0,22,22,0,0,22,0.0,0,0,0.0,0.0,1.0
"F[2,2](((BaseExcess >= -2.947 & SBP <= 142.122) & PaCO2 <= 136.658) -> DBP <= 167.126)
",-5880225222600780.000,-167.126,0.000,0.000,1.000,0,0,0,22,22,0,0,22,0.0,0,0,0.0,0.0,1.0
"F[2,2](((Platelets >= 6.542 & Potassium <= 3.308) | Platelets <= 2.145) -> SBP >= 0.599)
",-4830105482484369.000,-2.145,0.000,0.000,1.000,0,0,0,22,22,0,0,22,0.0,0,0,0.0,0.0,1.0
"F[2,2](((Hgb >= 0.649 | Potassium <= 2.754) & Lactate >= 0.577) -> DBP >= 0.509)
",4586589117496748.000,0.509,0.000,0.000,1.000,0,0,0,22,22,0,0,22,0.0,0,0,0.0,0.0,1.0
"F[1,2]((pH <= 4.307 | Temp <= 27.487) -> HCO3 >= 16.795)
",-9999999.000,-9999999.000,0.000,0.000,1.000,0,0,0,22,22,0,0,22,0.0,0,0,0.0,0.0,1.0
"F[1,2](BaseExcess >= -1.855 & Temp <= 28.732)
",-9999999.000,-9999999.000,0.000,0.000,1.000,0,0,0,22,22,0,0,22,0.0,0,0,0.0,0.0,1.0
"F[1,2](((HR >= 74.348 & MAP <= 82.580) -> MAP >= 68.177) & HCO3 <= 90.229)
",-9999999.000,-9999999.000,0.000,0.000,1.000,0,0,0,22,22,0,0,22,0.0,0,0,0.0,0.0,1.0
"F[1,2](((Platelets <= 142.563 | SaO2 <= 65.656) -> PaCO2 <= 33.122) -> Resp >= 9.592)
",-9999999.000,-9999999.000,0.000,0.000,1.000,0,0,0,22,22,0,0,22,0.0,0,0,0.0,0.0,1.0
"F[1,2](((SaO2 >= 4.984 | WBC <= 10.018) -> SaO2 <= 4.455) -> HCO3 >= 0.223)
",-9999999.000,-9999999.000,0.000,0.000,1.000,0,0,0,22,22,0,0,22,0.0,0,0,0.0,0.0,1.0
"F[1,2]((O2Sat >= 95.461 | SBP >= 120.076) -> Hgb >= 121.907)
",-9999999.000,-9999999.000,0.000,0.000,1.000,0,0,0,22,22,0,0,22,0.0,0,0,0.0,0.0,1.0
"((BUN >= 0.617) U[0,2] (MAP <= 87.120))
",-9999999.000,-9999999.000,0.000,0.000,1.000,0,0,0,22,22,0,0,22,0.0,0,0,0.0,0.0,1.0
"F[1,2](DBP >= 2.886 & Glucose <= 80.598)
",-9999999.000,-9999999.000,0.000,0.000,1.000,0,0,0,22,22,0,0,22,0.0,0,0,0.0,0.0,1.0
"F[1,2](((Creatinine >= 0.037 | SBP <= 145.629) -> MAP <= 137.286) -> Bilirubin_total <= 169.288)
",-9999999.000,-9999999.000,0.000,0.000,1.000,0,0,0,22,22,0,0,22,0.0,0,0,0.0,0.0,1.0
"F[0,2]((HR >= 60.642 | SaO2 >= 2.467) | Platelets <= 68.510)
",-9999999.000,-9999999.000,0.000,0.000,1.000,0,0,0,22,22,0,0,22,0.0,0,0,0.0,0.0,1.0
"F[0,2](((Chloride <= 21.451 & pH >= 0.918) & EtCO2 >= 1.134) | Hgb <= 3.509)
",-9999999.000,-9999999.000,0.000,0.000,1.000,0,0,0,22,22,0,0,22,0.0,0,0,0.0,0.0,1.0
"((Glucose <= 38.778) U[0,1] (SBP >= 99.681))
",-9999999.000,-9999999.000,0.000,0.000,1.000,0,0,0,22,22,0,0,22,0.0,0,0,0.0,0.0,1.0
"F[0,2](((SBP >= 134.405 -> Temp >= 9.612) | SepsisLabel >= 19.900) & Bilirubin_direct <= 24.313)
",-9999999.000,-9999999.000,0.000,0.000,1.000,0,0,0,22,22,0,0,22,0.0,0,0,0.0,0.0,1.0
"F[0,2](Creatinine <= 0.433 & Resp >= 12.921)
",-9999999.000,-9999999.000,0.000,0.000,1.000,0,0,0,22,22,0,0,22,0.0,0,0,0.0,0.0,1.0
"F[0,1](Chloride <= 30.650 & Resp <= 23.707)
",-9999999.000,-9999999.000,0.000,0.000,1.000,0,0,0,22,22,0,0,22,0.0,0,0,0.0,0.0,1.0
"((DBP <= 55.310) U[0,2] (SaO2 <= 57.423))
",-9999999.000,-9999999.000,0.000,0.000,1.000,0,0,0,22,22,0,0,22,0.0,0,0,0.0,0.0,1.0
"F[0,2](((Chloride >= 4.896 -> MAP >= 65.612) & Hgb <= 82.581) -> Bilirubin_direct <= 96.014)
",-9999999.000,-9999999.000,0.000,0.000,1.000,0,0,0,22,22,0,0,22,0.0,0,0,0.0,0.0,1.0
"F[0,0]((Calcium <= 5.723 -> Temp <= 25.493) | O2Sat >= 15.300)
",6.457,60.904,0.000,0.000,1.000,0,0,0,22,22,0,0,22,0.0,0,0,0.0,0.0,1.0
"F[0,2](((Glucose >= 31.421 -> Platelets >= 2.860) & MAP >= 4.964) -> FiO2 <= 87.776)
",-9999999.000,-9999999.000,0.000,0.000,1.000,0,0,0,22,22,0,0,22,0.0,0,0,0.0,0.0,1.0
"((HCO3 <= 18.330) U[0,2] (MAP >= 73.845))
",-9999999.000,-9999999.000,0.000,0.000,1.000,0,0,0,22,22,0,0,22,0.0,0,0,0.0,0.0,1.0
"F[1,2]((MAP >= 70.113 -> Temp <= 23.606) -> pH <= 27.664)
",-9999999.000,-9999999.000,0.000,0.000,1.000,0,0,0,22,22,0,0,22,0.0,0,0,0.0,0.0,1.0
"((Resp >= 16.309) U[0,1] (HCO3 <= 2.087))
",-9999999.000,-9999999.000,0.000,0.000,1.000,0,0,0,22,22,0,0,22,0.0,0,0,0.0,0.0,1.0
