Rule,Discrimination Score,Pos Robustness,Neg Robustness,Percent Class +,Percent Class -,TP,TN,FP,FN,Actual Yes,Actual No,Predicted Yes,Predicted No,TPR/Sens,TNR/Spec,FPR,Precision,Accuracy,MCR
"F[0,0](((EtCO2 >= 0.000 -> Lactate >= 0.024) -> PTT >= 0.008) & TroponinI >= 0.012)
",-0.241,-0.548,0.000,0.000,1.000,20,0,0,0,20,0,20,0,1.0,0,0,1.0,1.0256410256410255,-0.02564102564102555
"F[0,0]((Calcium <= 7.204 & Potassium <= 1.722) & Magnesium >= 0.065)
",-4653088508823158.000,-0.065,0.000,0.000,1.000,20,0,0,0,20,0,20,0,1.0,0,0,1.0,1.0256410256410255,-0.02564102564102555
"F[0,1](((Magnesium >= 0.080 | PTT >= 1.614) & Platelets <= 15.472) & O2Sat >= 1.998)
",-9999999.000,-9999999.000,0.000,0.000,1.000,19,0,0,1,20,0,19,1,0.95,0,0,1.0,0.9743589743589743,0.02564102564102566
"((DBP <= 57.552) U[1,1] (WBC >= 0.170))
",8099678599934387.000,57.552,0.000,0.000,1.000,19,0,0,1,20,0,19,1,0.95,0,0,1.0,0.9743589743589743,0.02564102564102566
"F[0,0](Lactate >= 0.020 & SepsisLabel = 0.000)
",-0.410,-21.434,0.000,0.000,1.000,19,0,0,1,20,0,19,1,0.95,0,0,1.0,0.9743589743589743,0.02564102564102566
"F[1,1](HCO3 >= 0.908 & MAP >= 69.499)
",-4890566985920594.000,-69.499,0.000,0.000,1.000,19,0,0,1,20,0,19,1,0.95,0,0,1.0,0.9743589743589743,0.02564102564102566
"F[0,1](((Chloride >= 0.950 | pH <= 5.865) -> Hgb >= 0.011) & MAP <= 3.580)
",-9999999.000,-9999999.000,0.000,0.000,1.000,19,0,0,1,20,0,19,1,0.95,0,0,1.0,0.9743589743589743,0.02564102564102566
"F[1,1](((pH <= 5.531 -> BaseExcess >= -1.712) -> BaseExcess <= 2.644) -> SBP <= 1.750)
",-1.750,-1.750,0.000,0.000,1.000,19,0,0,1,20,0,19,1,0.95,0,0,1.0,0.9743589743589743,0.02564102564102566
"F[0,1]((HR >= 53.109 & O2Sat >= 95.037) & HCO3 >= 96.363)
",-9999999.000,-9999999.000,0.000,0.000,1.000,19,0,0,1,20,0,19,1,0.95,0,0,1.0,0.9743589743589743,0.02564102564102566
"F[1,1]((Calcium <= 3.701 & Potassium <= 4.083) & Magnesium >= 0.034)
",-0.034,-0.034,0.000,0.000,1.000,19,0,0,1,20,0,19,1,0.95,0,0,1.0,0.9743589743589743,0.02564102564102566
"F[0,1]((Temp >= 25.753 -> PaCO2 >= 0.811) & DBP <= 28.741)
",-9999999.000,-9999999.000,0.000,0.000,1.000,19,0,0,1,20,0,19,1,0.95,0,0,1.0,0.9743589743589743,0.02564102564102566
"F[0,0](Fibrinogen >= 2.500 & HR <= 83.897)
",-6972609490983821.000,-12683.103,0.000,0.000,1.000,19,0,0,1,20,0,19,1,0.95,0,0,1.0,0.9743589743589743,0.02564102564102566
"F[1,1]((Glucose >= 18.772 & pH <= 3.102) & Fibrinogen <= 4.986)
",-18.772,-18.772,0.000,0.000,1.000,19,0,0,1,20,0,19,1,0.95,0,0,1.0,0.9743589743589743,0.02564102564102566
"F[0,1]((WBC <= 5.300 -> Calcium >= 0.159) & HR <= 4.659)
",-9999999.000,-9999999.000,0.000,0.000,1.000,19,0,0,1,20,0,19,1,0.95,0,0,1.0,0.9743589743589743,0.02564102564102566
"F[0,1](((Hct >= 4.708 -> HR >= 52.690) -> Hgb >= 30.102) & Hct <= 79.441)
",-9999999.000,-9999999.000,0.000,0.000,1.000,19,0,0,1,20,0,19,1,0.95,0,0,1.0,0.9743589743589743,0.02564102564102566
"((BaseExcess >= -0.852) U[1,1] (Magnesium >= 0.109))
",7672509253665693.000,0.852,0.000,0.000,1.000,19,0,0,1,20,0,19,1,0.95,0,0,1.0,0.9743589743589743,0.02564102564102566
"F[0,1](((FiO2 <= 0.357 & MAP <= 84.906) -> PaCO2 >= 62.805) & AST >= 61.840)
",-9999999.000,-9999999.000,0.000,0.000,1.000,19,0,0,1,20,0,19,1,0.95,0,0,1.0,0.9743589743589743,0.02564102564102566
"F[1,1]((Phosphate >= 0.016 & Resp >= 12.281) | Magnesium >= 12.477)
",-6913756395596004.000,-12.281,0.000,0.000,1.000,19,0,0,1,20,0,19,1,0.95,0,0,1.0,0.9743589743589743,0.02564102564102566
"((Glucose >= 20.065) U[1,1] (Phosphate >= 0.008))
",-0.008,-0.008,0.000,0.000,1.000,19,0,0,1,20,0,19,1,0.95,0,0,1.0,0.9743589743589743,0.02564102564102566
"F[0,1]((Calcium <= 2.039 & Potassium <= 4.496) & Magnesium >= 0.069)
",-9999999.000,-9999999.000,0.000,0.000,1.000,19,0,0,1,20,0,19,1,0.95,0,0,1.0,0.9743589743589743,0.02564102564102566
"F[0,1](((PaCO2 <= 29.423 & PTT <= 34.301) & SepsisLabel <= 27.591) & SBP <= 10.353)
",-9999999.000,-9999999.000,0.000,0.000,1.000,19,0,0,1,20,0,19,1,0.95,0,0,1.0,0.9743589743589743,0.02564102564102566
"F[1,1](HR >= 53.337 -> Platelets >= 14.543)
",14.543,14.543,0.000,0.000,1.000,18,0,0,2,20,0,18,2,0.9,0,0,1.0,0.9230769230769231,0.07692307692307687
"F[0,1]((TroponinI >= 0.000 & Fibrinogen >= 5.393) & Alkalinephos <= 212.449)
",-9999999.000,-9999999.000,0.000,0.000,1.000,18,0,0,2,20,0,18,2,0.9,0,0,1.0,0.9230769230769231,0.07692307692307687
"((FiO2 >= 0.039) U[1,1] (PaCO2 >= 9.602))
",-5576680461660018.000,-0.039,0.000,0.000,1.000,18,0,0,2,20,0,18,2,0.9,0,0,1.0,0.9230769230769231,0.07692307692307687
"F[0,0](FiO2 >= 0.034 & PaCO2 <= 20.749)
",0.228,1.059,0.000,0.000,1.000,18,0,0,2,20,0,18,2,0.9,0,0,1.0,0.9230769230769231,0.07692307692307687
"F[0,1]((Resp >= 18.551 & WBC >= 0.162) & Phosphate >= 0.181)
",-9999999.000,-9999999.000,0.000,0.000,1.000,18,0,0,2,20,0,18,2,0.9,0,0,1.0,0.9230769230769231,0.07692307692307687
"((Fibrinogen >= 6.166) U[1,2] (SepsisLabel = 0.000))
",-9999999.000,-9999999.000,0.000,0.000,1.000,18,0,0,2,20,0,18,2,0.9,0,0,1.0,0.9230769230769231,0.07692307692307687
"F[0,1]((Calcium <= 8.539 & Potassium <= 4.869) & Magnesium >= 0.063)
",-9999999.000,-9999999.000,0.000,0.000,1.000,18,0,0,2,20,0,18,2,0.9,0,0,1.0,0.9230769230769231,0.07692307692307687
"F[0,1]((Calcium <= 5.902 & Potassium <= 4.757) & Magnesium >= 0.107)
",-9999999.000,-9999999.000,0.000,0.000,1.000,18,0,0,2,20,0,18,2,0.9,0,0,1.0,0.9230769230769231,0.07692307692307687
"F[0,0](BaseExcess <= 2.795 & Chloride >= 5.889)
",-6630466286733876.000,-5.889,0.000,0.000,1.000,18,0,0,2,20,0,18,2,0.9,0,0,1.0,0.9230769230769231,0.07692307692307687
"((Calcium >= 0.155) U[1,2] (Fibrinogen <= 249.838))
",-9999999.000,-9999999.000,0.000,0.000,1.000,18,0,0,2,20,0,18,2,0.9,0,0,1.0,0.9230769230769231,0.07692307692307687
"F[0,1](Lactate <= 0.738 & Phosphate >= 0.013)
",-9999999.000,-9999999.000,0.000,0.000,1.000,18,0,0,2,20,0,18,2,0.9,0,0,1.0,0.9230769230769231,0.07692307692307687
"((Fibrinogen <= 233.969) U[1,1] (Platelets >= 17.471))
",8232061072195778.000,233.969,0.000,0.000,1.000,18,0,0,2,20,0,18,2,0.9,0,0,1.0,0.9230769230769231,0.07692307692307687
"F[1,1](((BaseExcess <= 0.133 | PaCO2 >= 7.356) & Temp <= 36.485) & Hct >= 6.012)
",-6769275934845957.000,-6.012,0.000,0.000,1.000,18,0,0,2,20,0,18,2,0.9,0,0,1.0,0.9230769230769231,0.07692307692307687
"((Creatinine >= 0.082) U[1,1] (MAP >= 72.892))
",-5902205847991602.000,-0.082,0.000,0.000,1.000,18,0,0,2,20,0,18,2,0.9,0,0,1.0,0.9230769230769231,0.07692307692307687
"((Creatinine >= 0.036) U[1,1] (Temp >= 11.374))
",-5157164955559385.000,-0.036,0.000,0.000,1.000,17,0,0,3,20,0,17,3,0.85,0,0,1.0,0.8717948717948718,0.1282051282051282
"((HCO3 >= 0.306) U[1,1] (Temp <= 38.138))
",5367483551971173.000,38.138,0.000,0.000,1.000,17,0,0,3,20,0,17,3,0.85,0,0,1.0,0.8717948717948718,0.1282051282051282
"F[0,0](((HCO3 <= 17.098 & SBP <= 157.130) | BaseExcess >= 110.071) -> HCO3 >= 92.412)
",-20.648,-17.045,0.000,0.000,1.000,17,0,0,3,20,0,17,3,0.85,0,0,1.0,0.8717948717948718,0.1282051282051282
"((PTT >= 1.599) U[1,1] (SepsisLabel = 0.000))
",0.000,0.000,0.000,0.000,1.000,16,0,0,4,20,0,16,4,0.8,0,0,1.0,0.8205128205128205,0.17948717948717952
"F[0,1]((BUN <= 6.747 -> Hgb >= 0.543) & Temp >= 0.688)
",-9999999.000,-9999999.000,0.000,0.000,1.000,16,0,0,4,20,0,16,4,0.8,0,0,1.0,0.8205128205128205,0.17948717948717952
"F[1,1](BUN >= 1.841 | Potassium >= 0.887)
",-7985181293558819.000,-0.887,0.000,0.000,1.000,16,0,0,4,20,0,16,4,0.8,0,0,1.0,0.8205128205128205,0.17948717948717952
"((BUN <= 15.832) U[0,0] (Temp <= 30.958))
",8912895180064492.000,15.832,0.000,0.000,1.000,16,0,0,4,20,0,16,4,0.8,0,0,1.0,0.8205128205128205,0.17948717948717952
"((HCO3 <= 11.936) U[0,1] (Hgb >= 0.141))
",-9999999.000,-9999999.000,0.000,0.000,1.000,16,0,0,4,20,0,16,4,0.8,0,0,1.0,0.8205128205128205,0.17948717948717952
"((PaCO2 >= 1.268) U[0,0] (Temp <= 31.626))
",0.310,1.063,0.000,0.000,1.000,16,0,0,4,20,0,16,4,0.8,0,0,1.0,0.8205128205128205,0.17948717948717952
"((Platelets <= 164.357) U[1,1] (SaO2 >= 9.469))
",5782782990403445.000,164.357,0.000,0.000,1.000,16,0,0,4,20,0,16,4,0.8,0,0,1.0,0.8205128205128205,0.17948717948717952
"F[0,0](((Fibrinogen <= 313.679 | Resp >= 10.031) & SaO2 >= 15.402) & EtCO2 <= 24.081)
",-1.203,-10.407,0.000,0.000,1.000,16,0,0,4,20,0,16,4,0.8,0,0,1.0,0.8205128205128205,0.17948717948717952
"F[0,0](O2Sat >= 94.776 & PaCO2 >= 7.360)
",-0.979,-18.311,0.000,0.000,1.000,15,0,0,5,20,0,15,5,0.75,0,0,1.0,0.7692307692307693,0.23076923076923073
"F[0,0](SBP <= 144.309 -> Creatinine >= 0.096)
",-7.634,-115.182,0.000,0.000,1.000,15,0,0,5,20,0,15,5,0.75,0,0,1.0,0.7692307692307693,0.23076923076923073
"F[0,1](Hct <= 27.672 -> Lactate >= 0.002)
",-9999999.000,-9999999.000,0.000,0.000,1.000,14,0,0,6,20,0,14,6,0.7,0,0,1.0,0.717948717948718,0.28205128205128205
"((Hct >= 5.394) U[0,1] (Platelets >= 15.087))
",-9999999.000,-9999999.000,0.000,0.000,1.000,14,0,0,6,20,0,14,6,0.7,0,0,1.0,0.717948717948718,0.28205128205128205
"((PaCO2 >= 6.372) U[0,0] (pH >= 1.425))
",-0.513,-0.561,0.000,0.000,1.000,14,0,0,6,20,0,14,6,0.7,0,0,1.0,0.717948717948718,0.28205128205128205
"F[1,1](Fibrinogen >= 6.226 | PaCO2 >= 7.819)
",-6.226,-6.226,0.000,0.000,1.000,14,0,0,6,20,0,14,6,0.7,0,0,1.0,0.717948717948718,0.28205128205128205
"((Lactate <= 0.177) U[1,1] (PaCO2 >= 2.096))
",0.177,0.177,0.000,0.000,1.000,14,0,0,6,20,0,14,6,0.7,0,0,1.0,0.717948717948718,0.28205128205128205
"((Lactate <= 0.924) U[0,1] (SaO2 >= 6.822))
",-9999999.000,-9999999.000,0.000,0.000,1.000,13,0,0,7,20,0,13,7,0.65,0,0,1.0,0.6666666666666666,0.33333333333333337
"F[0,1]((MAP <= 84.254 & Temp >= 22.107) -> Hgb >= 22.906)
",-9999999.000,-9999999.000,0.000,0.000,1.000,13,0,0,7,20,0,13,7,0.65,0,0,1.0,0.6666666666666666,0.33333333333333337
"((Creatinine >= 0.070) U[1,2] (O2Sat <= 99.622))
",-9999999.000,-9999999.000,0.000,0.000,1.000,13,0,0,7,20,0,13,7,0.65,0,0,1.0,0.6666666666666666,0.33333333333333337
"((FiO2 <= 0.545) U[0,1] (SaO2 >= 14.823))
",-9999999.000,-9999999.000,0.000,0.000,1.000,13,0,0,7,20,0,13,7,0.65,0,0,1.0,0.6666666666666666,0.33333333333333337
"F[1,1](((BaseExcess >= -1.909 | BUN <= 41.320) -> TroponinI <= 36.176) & Temp <= 10.270)
",-41.320,-41.320,0.000,0.000,1.000,13,0,0,7,20,0,13,7,0.65,0,0,1.0,0.6666666666666666,0.33333333333333337
"F[0,0](((Calcium >= 0.154 | Hct <= 21.146) & Resp <= 22.327) | Chloride >= 1.478)
",-1.478,-1.478,0.000,0.000,1.000,12,0,0,8,20,0,12,8,0.6,0,0,1.0,0.6153846153846154,0.3846153846153846
"F[1,1](PTT <= 27.984 -> FiO2 >= 0.096)
",-27.984,-27.984,0.000,0.000,1.000,12,0,0,8,20,0,12,8,0.6,0,0,1.0,0.6153846153846154,0.3846153846153846
"F[1,1](pH <= 5.722 & Resp >= 14.609)
",-14.609,-14.609,0.000,0.000,1.000,11,0,0,9,20,0,11,9,0.55,0,0,1.0,0.5641025641025641,0.4358974358974359
"((DBP >= 52.974) U[1,2] (SBP <= 154.591))
",-9999999.000,-9999999.000,0.000,0.000,1.000,11,0,0,9,20,0,11,9,0.55,0,0,1.0,0.5641025641025641,0.4358974358974359
"F[0,1](FiO2 >= 0.147 & SepsisLabel = 0.000)
",-9999999.000,-9999999.000,0.000,0.000,1.000,10,0,0,10,20,0,10,10,0.5,0,0,1.0,0.5128205128205128,0.4871794871794872
"F[0,1](FiO2 >= 0.111 & EtCO2 >= 0.000)
",-9999999.000,-9999999.000,0.000,0.000,1.000,10,0,0,10,20,0,10,10,0.5,0,0,1.0,0.5128205128205128,0.4871794871794872
"((SaO2 >= 8.949) U[1,2] (pH <= 3.715))
",-9999999.000,-9999999.000,0.000,0.000,1.000,10,0,0,10,20,0,10,10,0.5,0,0,1.0,0.5128205128205128,0.4871794871794872
"F[0,1]((Hct >= 3.561 | O2Sat <= 98.978) -> Calcium >= 95.623)
",-9999999.000,-9999999.000,0.000,0.000,1.000,10,0,0,10,20,0,10,10,0.5,0,0,1.0,0.5128205128205128,0.4871794871794872
"((Creatinine >= 0.078) U[0,1] (HR <= 78.772))
",-9999999.000,-9999999.000,0.000,0.000,1.000,9,0,0,11,20,0,9,11,0.45,0,0,1.0,0.46153846153846156,0.5384615384615384
"((O2Sat >= 97.020) U[0,0] (Resp <= 24.723))
",-3.024,-16.573,0.000,0.000,1.000,9,0,0,11,20,0,9,11,0.45,0,0,1.0,0.46153846153846156,0.5384615384615384
"((TroponinI <= 0.000) U[0,1] (Glucose >= 0.894))
",-9999999.000,-9999999.000,0.000,0.000,1.000,9,0,0,11,20,0,9,11,0.45,0,0,1.0,0.46153846153846156,0.5384615384615384
"((O2Sat >= 95.855) U[0,1] (pH >= 0.269))
",-9999999.000,-9999999.000,0.000,0.000,1.000,7,0,0,13,20,0,7,13,0.35,0,0,1.0,0.358974358974359,0.641025641025641
"((MAP >= 70.191) U[0,0] (SBP <= 132.097))
",6.795,102.826,0.000,0.000,1.000,6,0,0,14,20,0,6,14,0.3,0,0,1.0,0.3076923076923077,0.6923076923076923
"F[0,0](((Magnesium <= 2.417 -> Temp >= 7.964) -> EtCO2 <= 30.003) & Glucose <= 31.917)
",-1.224,-8.056,0.000,0.000,1.000,6,0,0,14,20,0,6,14,0.3,0,0,1.0,0.3076923076923077,0.6923076923076923
"F[1,1](pH <= 5.215 & SepsisLabel = 0.000)
",0.000,0.000,0.000,0.000,1.000,6,0,0,14,20,0,6,14,0.3,0,0,1.0,0.3076923076923077,0.6923076923076923
"F[0,0](((BUN >= 2.536 -> Bilirubin_direct <= 0.000) -> Temp >= 0.000) -> Hct <= 0.000)
",0.000,0.000,0.000,0.000,1.000,6,0,0,14,20,0,6,14,0.3,0,0,1.0,0.3076923076923077,0.6923076923076923
"F[0,1]((HCO3 <= 1.754 -> Resp <= 22.881) & Glucose <= 32.852)
",-9999999.000,-9999999.000,0.000,0.000,1.000,5,0,0,15,20,0,5,15,0.25,0,0,1.0,0.2564102564102564,0.7435897435897436
"F[0,1](Potassium <= 3.457 & Temp >= 21.820)
",-9999999.000,-9999999.000,0.000,0.000,1.000,5,0,0,15,20,0,5,15,0.25,0,0,1.0,0.2564102564102564,0.7435897435897436
"F[0,0](Chloride >= 0.345 | Resp >= 14.751)
",6.419,39.749,0.000,0.000,1.000,5,0,0,15,20,0,5,15,0.25,0,0,1.0,0.2564102564102564,0.7435897435897436
"((Hct <= 6.616) U[1,2] (DBP <= 67.070))
",-9999999.000,-9999999.000,0.000,0.000,1.000,5,0,0,15,20,0,5,15,0.25,0,0,1.0,0.2564102564102564,0.7435897435897436
"((O2Sat < 99.528) U[1,2] (SepsisLabel = 0.000))
",-9999999.000,-9999999.000,0.000,0.000,1.000,4,0,0,16,20,0,4,16,0.2,0,0,1.0,0.20512820512820512,0.7948717948717949
"F[0,1](Resp >= 14.462 & DBP >= 47.516)
",-9999999.000,-9999999.000,0.000,0.000,1.000,4,0,0,16,20,0,4,16,0.2,0,0,1.0,0.20512820512820512,0.7948717948717949
"((MAP < 82.863) U[1,1] (SepsisLabel = 0.000))
",82.863,82.863,0.000,0.000,1.000,4,0,0,16,20,0,4,16,0.2,0,0,1.0,0.20512820512820512,0.7948717948717949
"F[0,0]((Calcium >= 0.108 | Platelets >= 2.104) -> SBP <= 84.273)
",-1.165,-68.961,0.000,0.000,1.000,4,0,0,16,20,0,4,16,0.2,0,0,1.0,0.20512820512820512,0.7948717948717949
"((SaO2 >= 9.141) U[0,0] (SBP <= 144.450))
",7.612,115.179,0.000,0.000,1.000,3,0,0,17,20,0,3,17,0.15,0,0,1.0,0.15384615384615385,0.8461538461538461
"((Hgb <= 1.952) U[1,1] (WBC <= 3.101))
",3.101,3.101,0.000,0.000,1.000,3,0,0,17,20,0,3,17,0.15,0,0,1.0,0.15384615384615385,0.8461538461538461
"((Fibrinogen >= 4.824) U[1,2] (Potassium >= 0.422))
",-9999999.000,-9999999.000,0.000,0.000,1.000,3,0,0,17,20,0,3,17,0.15,0,0,1.0,0.15384615384615385,0.8461538461538461
"F[0,0](((Creatinine >= 0.036 | PTT >= 1.759) -> FiO2 >= 1.507) & AST <= 27.510)
",-0.535,-17.205,0.000,0.000,1.000,3,0,0,17,20,0,3,17,0.15,0,0,1.0,0.15384615384615385,0.8461538461538461
"F[1,1](((Calcium < 7.611 & Potassium < 2.938) & Magnesium < 1.512) & Phosphate < 3.218)
",6809788223394916.000,1.512,0.000,0.000,1.000,3,0,0,17,20,0,3,17,0.15,0,0,1.0,0.15384615384615385,0.8461538461538461
"((MAP >= 64.852) U[1,1] (SBP <= 158.517))
",5577335212913662.000,158.517,0.000,0.000,1.000,3,0,0,17,20,0,3,17,0.15,0,0,1.0,0.15384615384615385,0.8461538461538461
"((BUN <= 8.060) U[1,1] (SepsisLabel >= 0.000))
",8.060,8.060,0.000,0.000,1.000,3,0,0,17,20,0,3,17,0.15,0,0,1.0,0.15384615384615385,0.8461538461538461
"F[0,1]((BaseExcess <= 0.850 -> Resp >= 17.577) | PTT >= 9.642)
",-9999999.000,-9999999.000,0.000,0.000,1.000,3,0,0,17,20,0,3,17,0.15,0,0,1.0,0.15384615384615385,0.8461538461538461
"((DBP >= 44.906) U[1,1] (Platelets <= 48.966))
",48.966,48.966,0.000,0.000,1.000,2,0,0,18,20,0,2,18,0.1,0,0,1.0,0.10256410256410256,0.8974358974358975
"((Platelets >= 8.878) U[0,0] (WBC <= 4.412))
",0.290,19.539,0.000,0.000,1.000,2,0,0,18,20,0,2,18,0.1,0,0,1.0,0.10256410256410256,0.8974358974358975
"F[0,0](((Hct >= 4.786 & WBC <= 4.900) -> SepsisLabel >= 0.296) -> BUN <= 5.017)
",-5.017,-5.017,0.000,0.000,1.000,2,0,0,18,20,0,2,18,0.1,0,0,1.0,0.10256410256410256,0.8974358974358975
"F[0,1](MAP <= 86.737 & PaCO2 <= 41.063)
",-9999999.000,-9999999.000,0.000,0.000,1.000,2,0,0,18,20,0,2,18,0.1,0,0,1.0,0.10256410256410256,0.8974358974358975
"F[0,0]((Hgb <= 8.769 | SepsisLabel >= 0.000) -> BaseExcess <= 0.000)
",-0.573,-28.344,0.000,0.000,1.000,2,0,0,18,20,0,2,18,0.1,0,0,1.0,0.10256410256410256,0.8974358974358975
"F[0,1](((Lactate >= 0.004 -> Resp >= 13.335) & Resp <= 24.687) & O2Sat >= 18.926)
",-9999999.000,-9999999.000,0.000,0.000,1.000,2,0,0,18,20,0,2,18,0.1,0,0,1.0,0.10256410256410256,0.8974358974358975
"F[0,1]((Fibrinogen <= 14.017 & SBP <= 148.925) & TroponinI <= 168.930)
",-9999999.000,-9999999.000,0.000,0.000,1.000,1,0,0,19,20,0,1,19,0.05,0,0,1.0,0.05128205128205128,0.9487179487179487
"F[0,0](FiO2 <= 0.929 | O2Sat <= 98.554)
",1.170,21.975,0.000,0.000,1.000,1,0,0,19,20,0,1,19,0.05,0,0,1.0,0.05128205128205128,0.9487179487179487
"((MAP >= 74.321) U[0,0] (SBP <= 167.694))
",9.148,138.423,0.000,0.000,1.000,1,0,0,19,20,0,1,19,0.05,0,0,1.0,0.05128205128205128,0.9487179487179487
"F[0,0]((Phosphate >= 0.061 & Magnesium > 0.087) -> Calcium < 7.005)
",-7.005,-7.005,0.000,0.000,1.000,1,0,0,19,20,0,1,19,0.05,0,0,1.0,0.05128205128205128,0.9487179487179487
"((BUN <= 49.381) U[1,1] (Lactate <= 0.632))
",49.381,49.381,0.000,0.000,1.000,1,0,0,19,20,0,1,19,0.05,0,0,1.0,0.05128205128205128,0.9487179487179487
"((Chloride >= 6.013) U[1,2] (Platelets >= 10.346))
",-9999999.000,-9999999.000,0.000,0.000,1.000,1,0,0,19,20,0,1,19,0.05,0,0,1.0,0.05128205128205128,0.9487179487179487
"((Magnesium >= 0.022) U[1,2] (Platelets >= 1.340))
",-9999999.000,-9999999.000,0.000,0.000,1.000,1,0,0,19,20,0,1,19,0.05,0,0,1.0,0.05128205128205128,0.9487179487179487
"F[0,0]((Phosphate >= 0.039 & Magnesium > 0.089) -> Calcium < 4.647)
",-4.647,-4.647,0.000,0.000,1.000,1,0,0,19,20,0,1,19,0.05,0,0,1.0,0.05128205128205128,0.9487179487179487
"F[0,0]((HR >= 21.199 | Resp <= 27.306) & Phosphate <= 32.455)
",57.903,32.324,0.000,0.000,1.000,1,0,0,19,20,0,1,19,0.05,0,0,1.0,0.05128205128205128,0.9487179487179487
"F[0,1](((Fibrinogen <= 135.516 -> FiO2 >= 0.000) -> Creatinine <= 0.479) | BaseExcess >= 0.049)
",-9999999.000,-9999999.000,0.000,0.000,1.000,0,0,0,20,20,0,0,20,0.0,0,0,0.0,0.0,1.0
"((PaCO2 <= 17.771) U[1,2] (WBC >= 0.167))
",-9999999.000,-9999999.000,0.000,0.000,1.000,0,0,0,20,20,0,0,20,0.0,0,0,0.0,0.0,1.0
"F[0,1](((Magnesium <= 0.730 | pH >= 2.031) | O2Sat <= 5.106) | Temp >= 1.348)
",-9999999.000,-9999999.000,0.000,0.000,1.000,0,0,0,20,20,0,0,20,0.0,0,0,0.0,0.0,1.0
"F[0,2]((Chloride >= 1.705 | Lactate >= 0.009) | Bilirubin_direct >= 0.016)
",-9999999.000,-9999999.000,0.000,0.000,1.000,0,0,0,20,20,0,0,20,0.0,0,0,0.0,0.0,1.0
"((HR >= 25.701) U[2,2] (Magnesium >= 0.093))
",-0.093,-0.093,0.000,0.000,1.000,0,0,0,20,20,0,0,20,0.0,0,0,0.0,0.0,1.0
"((HR <= 80.332) U[0,2] (WBC >= 0.168))
",-9999999.000,-9999999.000,0.000,0.000,1.000,0,0,0,20,20,0,0,20,0.0,0,0,0.0,0.0,1.0
"F[1,2](((BaseExcess <= 0.152 -> Potassium >= 1.024) | Hgb <= 5.101) & SBP >= 0.124)
",-9999999.000,-9999999.000,0.000,0.000,1.000,0,0,0,20,20,0,0,20,0.0,0,0,0.0,0.0,1.0
"F[1,2]((Chloride >= 3.960 | SaO2 >= 6.186) | BUN >= 14.902)
",-9999999.000,-9999999.000,0.000,0.000,1.000,0,0,0,20,20,0,0,20,0.0,0,0,0.0,0.0,1.0
"F[0,2](((pH >= 1.304 | WBC >= 0.022) & SBP >= 0.055) | HR <= 2.327)
",-9999999.000,-9999999.000,0.000,0.000,1.000,0,0,0,20,20,0,0,20,0.0,0,0,0.0,0.0,1.0
"F[2,2](((Platelets <= 156.964 & Temp <= 34.381) | Phosphate <= 31.072) -> PaCO2 <= 31.910)
",-4838763969323966.000,-34.381,0.000,0.000,1.000,0,0,0,20,20,0,0,20,0.0,0,0,0.0,0.0,1.0
"F[0,1](Chloride <= 103.059 | Temp >= 0.304)
",-9999999.000,-9999999.000,0.000,0.000,1.000,0,0,0,20,20,0,0,20,0.0,0,0,0.0,0.0,1.0
"F[0,2]((HR <= 84.631 & Potassium >= 1.178) & Platelets >= 0.141)
",-9999999.000,-9999999.000,0.000,0.000,1.000,0,0,0,20,20,0,0,20,0.0,0,0,0.0,0.0,1.0
"F[0,2](((HCO3 <= 18.220 -> O2Sat <= 99.264) | Alkalinephos <= 98.120) -> Glucose >= 93.781)
",-9999999.000,-9999999.000,0.000,0.000,1.000,0,0,0,20,20,0,0,20,0.0,0,0,0.0,0.0,1.0
"F[0,1](((Lactate >= 0.005 | PTT <= 31.655) & Chloride >= 1.610) -> MAP <= 23.120)
",-9999999.000,-9999999.000,0.000,0.000,1.000,0,0,0,20,20,0,0,20,0.0,0,0,0.0,0.0,1.0
"F[1,2](((FiO2 >= 0.024 -> HR <= 88.925) -> BUN >= 12.528) -> HCO3 >= 58.650)
",-9999999.000,-9999999.000,0.000,0.000,1.000,0,0,0,20,20,0,0,20,0.0,0,0,0.0,0.0,1.0
"F[2,2](DBP >= 50.914 | PTT <= 7.296)
",8214959719759042.000,7.296,0.000,0.000,1.000,0,0,0,20,20,0,0,20,0.0,0,0,0.0,0.0,1.0
"((BaseExcess >= -1.715) U[0,1] (HR >= 44.298))
",-9999999.000,-9999999.000,0.000,0.000,1.000,0,0,0,20,20,0,0,20,0.0,0,0,0.0,0.0,1.0
"F[0,2](Calcium <= 1.897 & HR <= 83.424)
",-9999999.000,-9999999.000,0.000,0.000,1.000,0,0,0,20,20,0,0,20,0.0,0,0,0.0,0.0,1.0
"F[1,2](((PTT >= 1.130 & SaO2 >= 11.925) & Hgb <= 54.784) | Lactate <= 59.524)
",-9999999.000,-9999999.000,0.000,0.000,1.000,0,0,0,20,20,0,0,20,0.0,0,0,0.0,0.0,1.0
"F[1,2]((PaCO2 <= 25.446 & Resp >= 18.987) -> Bilirubin_total <= 28.048)
",-9999999.000,-9999999.000,0.000,0.000,1.000,0,0,0,20,20,0,0,20,0.0,0,0,0.0,0.0,1.0
"F[2,2](pH <= 3.082 | Phosphate <= 1.994)
",6940585619274556.000,3.082,0.000,0.000,1.000,0,0,0,20,20,0,0,20,0.0,0,0,0.0,0.0,1.0
"F[0,1](((Hgb >= 0.109 -> SBP >= 114.966) -> Potassium >= 101.752) -> Bilirubin_total <= 131.181)
",-9999999.000,-9999999.000,0.000,0.000,1.000,0,0,0,20,20,0,0,20,0.0,0,0,0.0,0.0,1.0
"F[0,2](((Magnesium <= 2.024 & PaCO2 <= 44.252) & Temp <= 28.074) & PTT >= 2.613)
",-9999999.000,-9999999.000,0.000,0.000,1.000,0,0,0,20,20,0,0,20,0.0,0,0,0.0,0.0,1.0
"F[0,2](HR <= 87.153 -> Phosphate <= 2.672)
",-9999999.000,-9999999.000,0.000,0.000,1.000,0,0,0,20,20,0,0,20,0.0,0,0,0.0,0.0,1.0
"F[1,2](Potassium >= 0.517 -> Resp >= 13.028)
",-9999999.000,-9999999.000,0.000,0.000,1.000,0,0,0,20,20,0,0,20,0.0,0,0,0.0,0.0,1.0
"F[2,2](((Lactate <= 0.498 & Temp >= 17.401) | Hct >= 3.181) -> Platelets >= 9.281)
",3.181,3.181,0.000,0.000,1.000,0,0,0,20,20,0,0,20,0.0,0,0,0.0,0.0,1.0
"F[1,2](((Creatinine >= 0.049 & SaO2 >= 6.602) & Hgb >= 14.355) | Resp <= 81.156)
",-9999999.000,-9999999.000,0.000,0.000,1.000,0,0,0,20,20,0,0,20,0.0,0,0,0.0,0.0,1.0
"F[0,2](PaCO2 <= 49.581 -> Phosphate >= 0.067)
",-9999999.000,-9999999.000,0.000,0.000,1.000,0,0,0,20,20,0,0,20,0.0,0,0,0.0,0.0,1.0
"F[1,2]((Chloride >= 5.476 | SBP <= 138.524) -> MAP <= 157.612)
",-9999999.000,-9999999.000,0.000,0.000,1.000,0,0,0,20,20,0,0,20,0.0,0,0,0.0,0.0,1.0
"F[0,2](DBP <= 54.611 -> Magnesium >= 0.008)
",-9999999.000,-9999999.000,0.000,0.000,1.000,0,0,0,20,20,0,0,20,0.0,0,0,0.0,0.0,1.0
"F[0,2]((FiO2 <= 0.647 | WBC <= 0.456) -> Glucose <= 1.471)
",-9999999.000,-9999999.000,0.000,0.000,1.000,0,0,0,20,20,0,0,20,0.0,0,0,0.0,0.0,1.0
"F[0,2](Fibrinogen >= 3.308 & HCO3 <= 9.196)
",-9999999.000,-9999999.000,0.000,0.000,1.000,0,0,0,20,20,0,0,20,0.0,0,0,0.0,0.0,1.0
"F[1,2](((HR <= 84.096 | SaO2 <= 76.048) | EtCO2 <= 83.428) & WBC >= 6.594)
",-9999999.000,-9999999.000,0.000,0.000,1.000,0,0,0,20,20,0,0,20,0.0,0,0,0.0,0.0,1.0
"F[2,2]((Glucose <= 42.149 | FiO2 <= 0.418) -> WBC >= 0.044)
",-42.149,-42.149,0.000,0.000,1.000,0,0,0,20,20,0,0,20,0.0,0,0,0.0,0.0,1.0
"F[1,2](Calcium <= 5.523 & pH >= 2.080)
",-9999999.000,-9999999.000,0.000,0.000,1.000,0,0,0,20,20,0,0,20,0.0,0,0,0.0,0.0,1.0
"F[1,2]((SaO2 <= 26.639 -> Temp <= 37.283) | PTT <= 29.283)
",-9999999.000,-9999999.000,0.000,0.000,1.000,0,0,0,20,20,0,0,20,0.0,0,0,0.0,0.0,1.0
"F[0,2](((Chloride <= 16.600 -> BUN >= 0.890) -> Bilirubin_direct >= 2.922) | Bilirubin_total >= 0.264)
",-9999999.000,-9999999.000,0.000,0.000,1.000,0,0,0,20,20,0,0,20,0.0,0,0,0.0,0.0,1.0
"((Calcium >= 0.167) U[0,2] (Lactate >= 0.019))
",-9999999.000,-9999999.000,0.000,0.000,1.000,0,0,0,20,20,0,0,20,0.0,0,0,0.0,0.0,1.0
"((MAP <= 95.953) U[2,2] (HR >= 66.533))
",6752110032011102.000,95.953,0.000,0.000,1.000,0,0,0,20,20,0,0,20,0.0,0,0,0.0,0.0,1.0
"F[0,2](FiO2 >= 0.146 -> HR >= 47.572)
",-9999999.000,-9999999.000,0.000,0.000,1.000,0,0,0,20,20,0,0,20,0.0,0,0,0.0,0.0,1.0
"F[1,2](((O2Sat >= 93.374 | Bilirubin_total <= 0.000) -> pH <= 0.000) & TroponinI >= 0.000)
",-9999999.000,-9999999.000,0.000,0.000,1.000,0,0,0,20,20,0,0,20,0.0,0,0,0.0,0.0,1.0
"F[1,2]((WBC <= 6.378 & HR >= 42.815) | TroponinI <= 85.082)
",-9999999.000,-9999999.000,0.000,0.000,1.000,0,0,0,20,20,0,0,20,0.0,0,0,0.0,0.0,1.0
"F[2,2](((SBP <= 131.035 -> Hgb <= 7.497) | O2Sat <= 8.277) & MAP >= 0.591)
",-5324315461485730.000,-0.591,0.000,0.000,1.000,0,0,0,20,20,0,0,20,0.0,0,0,0.0,0.0,1.0
"F[0,1](Hct <= 18.265 & Bilirubin_total <= 0.000)
",-9999999.000,-9999999.000,0.000,0.000,1.000,0,0,0,20,20,0,0,20,0.0,0,0,0.0,0.0,1.0
"F[0,2]((PTT <= 18.415 | Creatinine <= 0.355) -> Potassium >= 0.083)
",-9999999.000,-9999999.000,0.000,0.000,1.000,0,0,0,20,20,0,0,20,0.0,0,0,0.0,0.0,1.0
"((Hct <= 12.456) U[0,2] (SBP <= 124.179))
",-9999999.000,-9999999.000,0.000,0.000,1.000,0,0,0,20,20,0,0,20,0.0,0,0,0.0,0.0,1.0
"F[2,2](((FiO2 <= 0.636 | HR <= 81.811) -> SBP >= 2.724) -> SaO2 <= 86.789)
",-6107224174141244.000,-86.789,0.000,0.000,1.000,0,0,0,20,20,0,0,20,0.0,0,0,0.0,0.0,1.0
"F[2,2](((HCO3 >= 0.904 -> Creatinine >= 0.003) & PaCO2 >= 0.103) -> AST >= 0.074)
",5360459950180372.000,0.074,0.000,0.000,1.000,0,0,0,20,20,0,0,20,0.0,0,0,0.0,0.0,1.0
"F[1,2]((WBC >= 0.226 -> Resp >= 17.510) & Resp >= 16.275)
",-9999999.000,-9999999.000,0.000,0.000,1.000,0,0,0,20,20,0,0,20,0.0,0,0,0.0,0.0,1.0
"F[2,2](((Alkalinephos >= 0.000 -> Platelets <= 89.610) -> Platelets >= 9.370) | BaseExcess >= 14.813)
",5275092302714270.000,9.370,0.000,0.000,1.000,0,0,0,20,20,0,0,20,0.0,0,0,0.0,0.0,1.0
"F[2,2](((BaseExcess >= -1.353 & SaO2 <= 63.787) & Hgb >= 10.783) -> Temp <= 70.618)
",-70.618,-70.618,0.000,0.000,1.000,0,0,0,20,20,0,0,20,0.0,0,0,0.0,0.0,1.0
"F[0,2]((Hct <= 22.600 | PTT <= 3.306) -> MAP >= 1.616)
",-9999999.000,-9999999.000,0.000,0.000,1.000,0,0,0,20,20,0,0,20,0.0,0,0,0.0,0.0,1.0
"F[1,2](((Creatinine <= 1.416 -> Resp <= 24.239) -> PaCO2 >= 9.673) | Platelets >= 10.661)
",-9999999.000,-9999999.000,0.000,0.000,1.000,0,0,0,20,20,0,0,20,0.0,0,0,0.0,0.0,1.0
"F[0,2]((FiO2 >= 0.106 | Fibrinogen <= 18.455) | Fibrinogen >= 5.881)
",-9999999.000,-9999999.000,0.000,0.000,1.000,0,0,0,20,20,0,0,20,0.0,0,0,0.0,0.0,1.0
"F[0,2](Lactate <= 0.696 | BUN >= 2.685)
",-9999999.000,-9999999.000,0.000,0.000,1.000,0,0,0,20,20,0,0,20,0.0,0,0,0.0,0.0,1.0
"F[0,2]((Chloride >= 4.383 | SepsisLabel <= 0.000) | Fibrinogen <= 0.000)
",-9999999.000,-9999999.000,0.000,0.000,1.000,0,0,0,20,20,0,0,20,0.0,0,0,0.0,0.0,1.0
"F[0,2](Platelets >= 9.181 -> BaseExcess >= -0.281)
",-9999999.000,-9999999.000,0.000,0.000,1.000,0,0,0,20,20,0,0,20,0.0,0,0,0.0,0.0,1.0
"F[0,1](((Calcium <= 6.674 -> O2Sat <= 98.635) -> BUN <= 99.608) -> SepsisLabel <= 97.793)
",-9999999.000,-9999999.000,0.000,0.000,1.000,0,0,0,20,20,0,0,20,0.0,0,0,0.0,0.0,1.0
"F[1,2](((AST <= 0.000 | BUN <= 44.892) & Calcium <= 23.762) -> PTT >= 2.982)
",-9999999.000,-9999999.000,0.000,0.000,1.000,0,0,0,20,20,0,0,20,0.0,0,0,0.0,0.0,1.0
"F[1,2](((Phosphate <= 3.228 -> PaCO2 >= 0.090) | BUN >= 7.373) & Resp <= 14.996)
",-9999999.000,-9999999.000,0.000,0.000,1.000,0,0,0,20,20,0,0,20,0.0,0,0,0.0,0.0,1.0
"F[0,1](((Creatinine <= 0.207 -> SBP <= 131.592) -> Bilirubin_total <= 124.540) & MAP <= 165.036)
",-9999999.000,-9999999.000,0.000,0.000,1.000,0,0,0,20,20,0,0,20,0.0,0,0,0.0,0.0,1.0
"F[2,2](((HCO3 >= 0.216 | DBP >= 51.337) & Fibrinogen <= 61.605) -> Alkalinephos >= 43.602)
",7793542976024305.000,0.216,0.000,0.000,1.000,0,0,0,20,20,0,0,20,0.0,0,0,0.0,0.0,1.0
"F[0,1](Bilirubin_direct >= 0.000 & Fibrinogen <= 12.755)
",-9999999.000,-9999999.000,0.000,0.000,1.000,0,0,0,20,20,0,0,20,0.0,0,0,0.0,0.0,1.0
"F[1,2](((HCO3 <= 12.637 | Alkalinephos >= 0.000) & pH <= 0.000) -> Creatinine <= 0.000)
",-9999999.000,-9999999.000,0.000,0.000,1.000,0,0,0,20,20,0,0,20,0.0,0,0,0.0,0.0,1.0
"F[0,0]((Platelets >= 13.670 -> BUN <= 39.612) | Temp >= 0.265)
",49.445,96.867,0.000,0.000,1.000,0,0,0,20,20,0,0,20,0.0,0,0,0.0,0.0,1.0
"F[0,2]((TroponinI <= 0.000 -> Potassium >= 0.458) & TroponinI >= 0.097)
",-9999999.000,-9999999.000,0.000,0.000,1.000,0,0,0,20,20,0,0,20,0.0,0,0,0.0,0.0,1.0
"F[1,1]((Lactate <= 1.074 | Magnesium <= 2.239) | BUN <= 1.466)
",2.239,2.239,0.000,0.000,1.000,0,0,0,20,20,0,0,20,0.0,0,0,0.0,0.0,1.0
"F[0,2](BUN <= 9.063 -> DBP <= 55.284)
",-9999999.000,-9999999.000,0.000,0.000,1.000,0,0,0,20,20,0,0,20,0.0,0,0,0.0,0.0,1.0
"F[0,2](((BaseExcess >= -1.289 | Lactate >= 0.012) & Creatinine <= 0.126) & Hgb <= 0.525)
",-9999999.000,-9999999.000,0.000,0.000,1.000,0,0,0,20,20,0,0,20,0.0,0,0,0.0,0.0,1.0
"F[1,1](((Hct >= 3.281 -> Temp <= 35.193) -> Bilirubin_total >= 19.291) -> Alkalinephos <= 33.769)
",-33.769,-33.769,0.000,0.000,1.000,0,0,0,20,20,0,0,20,0.0,0,0,0.0,0.0,1.0
"F[1,1]((Hgb >= 0.722 & MAP >= 73.943) -> O2Sat <= 87.080)
",-87.080,-87.080,0.000,0.000,1.000,0,0,0,20,20,0,0,20,0.0,0,0,0.0,0.0,1.0
"F[0,2]((Creatinine >= 0.042 & SBP <= 123.282) -> EtCO2 <= 126.044)
",-9999999.000,-9999999.000,0.000,0.000,1.000,0,0,0,20,20,0,0,20,0.0,0,0,0.0,0.0,1.0
"F[0,1](((Fibrinogen <= 225.847 & Lactate >= 0.011) | PaCO2 <= 0.590) -> Platelets <= 0.902)
",-9999999.000,-9999999.000,0.000,0.000,1.000,0,0,0,20,20,0,0,20,0.0,0,0,0.0,0.0,1.0
"F[0,1]((Calcium <= 0.770 | Lactate <= 0.273) | Alkalinephos >= 0.005)
",-9999999.000,-9999999.000,0.000,0.000,1.000,0,0,0,20,20,0,0,20,0.0,0,0,0.0,0.0,1.0
"F[2,2](HR <= 86.853 -> Lactate >= 0.026)
",-86.853,-86.853,0.000,0.000,1.000,0,0,0,20,20,0,0,20,0.0,0,0,0.0,0.0,1.0
"F[0,1](((MAP <= 89.128 | BaseExcess <= 1.085) -> PTT <= 0.829) & SepsisLabel <= 1.528)
",-9999999.000,-9999999.000,0.000,0.000,1.000,0,0,0,20,20,0,0,20,0.0,0,0,0.0,0.0,1.0
"((PTT >= 0.523) U[0,2] (SBP <= 145.628))
",-9999999.000,-9999999.000,0.000,0.000,1.000,0,0,0,20,20,0,0,20,0.0,0,0,0.0,0.0,1.0
"F[1,2]((PTT <= 9.425 & Temp <= 36.526) & TroponinI <= 35.237)
",-9999999.000,-9999999.000,0.000,0.000,1.000,0,0,0,20,20,0,0,20,0.0,0,0,0.0,0.0,1.0
"F[0,2](((Creatinine >= 0.091 & pH >= 1.697) -> Fibrinogen <= 4.650) & Temp <= 3.646)
",-9999999.000,-9999999.000,0.000,0.000,1.000,0,0,0,20,20,0,0,20,0.0,0,0,0.0,0.0,1.0
"F[1,2](((BUN >= 0.193 | O2Sat >= 94.078) -> O2Sat >= 96.750) | BaseExcess <= 97.591)
",-9999999.000,-9999999.000,0.000,0.000,1.000,0,0,0,20,20,0,0,20,0.0,0,0,0.0,0.0,1.0
"F[1,2]((HCO3 >= 1.226 -> HR >= 43.116) -> HR >= 62.317)
",-9999999.000,-9999999.000,0.000,0.000,1.000,0,0,0,20,20,0,0,20,0.0,0,0,0.0,0.0,1.0
"F[2,2](MAP >= 59.199 -> WBC >= 0.103)
",7389385843474589.000,0.103,0.000,0.000,1.000,0,0,0,20,20,0,0,20,0.0,0,0,0.0,0.0,1.0
"F[0,2]((Glucose >= 11.361 | Lactate <= 0.719) | PTT >= 0.002)
",-9999999.000,-9999999.000,0.000,0.000,1.000,0,0,0,20,20,0,0,20,0.0,0,0,0.0,0.0,1.0
"F[1,2](((Glucose <= 118.405 -> Temp <= 36.386) & Bilirubin_direct <= 32.244) & DBP >= 5.995)
",-9999999.000,-9999999.000,0.000,0.000,1.000,0,0,0,20,20,0,0,20,0.0,0,0,0.0,0.0,1.0
"F[1,2](((HR >= 9.033 -> PTT >= 0.530) -> Hct >= 1.032) | DBP <= 5.599)
",-9999999.000,-9999999.000,0.000,0.000,1.000,0,0,0,20,20,0,0,20,0.0,0,0,0.0,0.0,1.0
"F[0,2](((pH >= 1.823 -> PTT <= 21.309) | TroponinI >= 0.391) & Bilirubin_direct >= 1.014)
",-9999999.000,-9999999.000,0.000,0.000,1.000,0,0,0,20,20,0,0,20,0.0,0,0,0.0,0.0,1.0
"F[1,2](((BUN <= 17.000 | HR >= 43.507) -> Creatinine >= 10.388) & MAP >= 46.045)
",-9999999.000,-9999999.000,0.000,0.000,1.000,0,0,0,20,20,0,0,20,0.0,0,0,0.0,0.0,1.0
"F[0,2](((PaCO2 <= 38.070 & PTT <= 24.703) -> Temp <= 25.001) & WBC <= 32.229)
",-9999999.000,-9999999.000,0.000,0.000,1.000,0,0,0,20,20,0,0,20,0.0,0,0,0.0,0.0,1.0
"((EtCO2 >= 0.000) U[0,2] (HR <= 86.342))
",-9999999.000,-9999999.000,0.000,0.000,1.000,0,0,0,20,20,0,0,20,0.0,0,0,0.0,0.0,1.0
"F[1,2](((PTT <= 19.106 & O2Sat <= 97.670) -> Platelets <= 99.758) -> O2Sat <= 98.768)
",-9999999.000,-9999999.000,0.000,0.000,1.000,0,0,0,20,20,0,0,20,0.0,0,0,0.0,0.0,1.0
"F[1,1]((Resp >= 16.967 & EtCO2 >= 0.000) -> TroponinI <= 0.000)
",0.000,0.000,0.000,0.000,1.000,0,0,0,20,20,0,0,20,0.0,0,0,0.0,0.0,1.0
"F[1,2](((Temp <= 29.470 & Creatinine >= 0.090) | Bilirubin_total <= 1.088) & Hct <= 1.007)
",-9999999.000,-9999999.000,0.000,0.000,1.000,0,0,0,20,20,0,0,20,0.0,0,0,0.0,0.0,1.0
"((HCO3 <= 5.601) U[0,0] (Alkalinephos <= 0.000))
",6.721,5.548,0.000,0.000,1.000,0,0,0,20,20,0,0,20,0.0,0,0,0.0,0.0,1.0
"F[2,2]((DBP >= 44.234 & Phosphate <= 2.710) -> PaCO2 <= 2.925)
",-6586465302264628.000,-2.925,0.000,0.000,1.000,0,0,0,20,20,0,0,20,0.0,0,0,0.0,0.0,1.0
"F[0,2]((TroponinI <= 0.000 -> Chloride >= 2.614) | pH <= 51.932)
",-9999999.000,-9999999.000,0.000,0.000,1.000,0,0,0,20,20,0,0,20,0.0,0,0,0.0,0.0,1.0
"F[1,1](((FiO2 <= 0.237 | AST >= 0.000) -> Alkalinephos <= 0.000) & Calcium <= 0.000)
",-4266421810157433.500,-0.237,0.000,0.000,1.000,0,0,0,20,20,0,0,20,0.0,0,0,0.0,0.0,1.0
"((Creatinine >= 0.020) U[0,2] (Alkalinephos >= 0.000))
",-9999999.000,-9999999.000,0.000,0.000,1.000,0,0,0,20,20,0,0,20,0.0,0,0,0.0,0.0,1.0
"F[1,2](Chloride >= 3.341 & Calcium <= 8.021)
",-9999999.000,-9999999.000,0.000,0.000,1.000,0,0,0,20,20,0,0,20,0.0,0,0,0.0,0.0,1.0
"F[1,1](EtCO2 >= 0.000 | Resp >= 18.828)
",0.000,0.000,0.000,0.000,1.000,0,0,0,20,20,0,0,20,0.0,0,0,0.0,0.0,1.0
"F[1,2](MAP >= 67.013 -> Platelets <= 177.502)
",-9999999.000,-9999999.000,0.000,0.000,1.000,0,0,0,20,20,0,0,20,0.0,0,0,0.0,0.0,1.0
"F[1,2](Hgb <= 8.711 | Hct <= 12.676)
",-9999999.000,-9999999.000,0.000,0.000,1.000,0,0,0,20,20,0,0,20,0.0,0,0,0.0,0.0,1.0
"F[1,2](((Glucose >= 24.823 & SBP >= 92.909) & AST <= 139.476) -> SepsisLabel >= 91.988)
",-9999999.000,-9999999.000,0.000,0.000,1.000,0,0,0,20,20,0,0,20,0.0,0,0,0.0,0.0,1.0
"F[0,2](Temp < 36.490 & SepsisLabel = 0.000)
",-9999999.000,-9999999.000,0.000,0.000,1.000,0,0,0,20,20,0,0,20,0.0,0,0,0.0,0.0,1.0
"((Hgb > 0.048) U[2,2] (SepsisLabel = 0.000))
",0.000,0.000,0.000,0.000,1.000,0,0,0,20,20,0,0,20,0.0,0,0,0.0,0.0,1.0
"((Calcium >= 0.000) U[1,2] (SepsisLabel = 0.000))
",-9999999.000,-9999999.000,0.000,0.000,1.000,0,0,0,20,20,0,0,20,0.0,0,0,0.0,0.0,1.0
"((SaO2 >= 12.564) U[0,2] (SepsisLabel = 0.000))
",-9999999.000,-9999999.000,0.000,0.000,1.000,0,0,0,20,20,0,0,20,0.0,0,0,0.0,0.0,1.0
"((Creatinine > 0.055) U[0,2] (SepsisLabel = 0.000))
",-9999999.000,-9999999.000,0.000,0.000,1.000,0,0,0,20,20,0,0,20,0.0,0,0,0.0,0.0,1.0
"F[1,1](Phosphate < 2.689 -> SepsisLabel = 0.000)
",-2.689,-2.689,0.000,0.000,1.000,0,0,0,20,20,0,0,20,0.0,0,0,0.0,0.0,1.0
"F[0,2](HR <= 88.942 -> SepsisLabel = 0.000)
",-9999999.000,-9999999.000,0.000,0.000,1.000,0,0,0,20,20,0,0,20,0.0,0,0,0.0,0.0,1.0
"F[0,2](Glucose <= 122.893 & SepsisLabel = 0.000)
",-9999999.000,-9999999.000,0.000,0.000,1.000,0,0,0,20,20,0,0,20,0.0,0,0,0.0,0.0,1.0
"F[0,1](Bilirubin_total >= 0.000 -> SepsisLabel = 0.000)
",-9999999.000,-9999999.000,0.000,0.000,1.000,0,0,0,20,20,0,0,20,0.0,0,0,0.0,0.0,1.0
"F[1,2]((MAP >= 59.522 & Potassium <= 4.813) | WBC >= 0.275)
",-9999999.000,-9999999.000,0.000,0.000,1.000,0,0,0,20,20,0,0,20,0.0,0,0,0.0,0.0,1.0
"F[0,0](Hct < 7.136 -> SepsisLabel = 0.000)
",-4017358730246281.500,-7.136,0.000,0.000,1.000,0,0,0,20,20,0,0,20,0.0,0,0,0.0,0.0,1.0
"((Creatinine > 0.000) U[0,1] (SepsisLabel = 0.000))
",-9999999.000,-9999999.000,0.000,0.000,1.000,0,0,0,20,20,0,0,20,0.0,0,0,0.0,0.0,1.0
"((PTT <= 16.606) U[2,2] (SepsisLabel = 0.000))
",16.606,16.606,0.000,0.000,1.000,0,0,0,20,20,0,0,20,0.0,0,0,0.0,0.0,1.0
"F[0,2](Phosphate >= 0.009 -> SepsisLabel = 0.000)
",-9999999.000,-9999999.000,0.000,0.000,1.000,0,0,0,20,20,0,0,20,0.0,0,0,0.0,0.0,1.0
"F[0,1](Calcium >= 0.206 -> SepsisLabel = 0.000)
",-9999999.000,-9999999.000,0.000,0.000,1.000,0,0,0,20,20,0,0,20,0.0,0,0,0.0,0.0,1.0
"((Temp < 33.023) U[0,2] (SepsisLabel = 0.000))
",-9999999.000,-9999999.000,0.000,0.000,1.000,0,0,0,20,20,0,0,20,0.0,0,0,0.0,0.0,1.0
"((Magnesium < 1.844) U[2,2] (SepsisLabel = 0.000))
",8306717842379390.000,1.844,0.000,0.000,1.000,0,0,0,20,20,0,0,20,0.0,0,0,0.0,0.0,1.0
"F[2,2](PTT < 6.525 & SepsisLabel = 0.000)
",0.000,0.000,0.000,0.000,1.000,0,0,0,20,20,0,0,20,0.0,0,0,0.0,0.0,1.0
"F[1,1](Magnesium < 1.126 & SepsisLabel = 0.000)
",0.000,0.000,0.000,0.000,1.000,0,0,0,20,20,0,0,20,0.0,0,0,0.0,0.0,1.0
"F[2,2](Phosphate > 0.022 -> SepsisLabel = 0.000)
",0.000,0.000,0.000,0.000,1.000,0,0,0,20,20,0,0,20,0.0,0,0,0.0,0.0,1.0
"((Fibrinogen <= 173.888) U[0,2] (SepsisLabel = 0.000))
",-9999999.000,-9999999.000,0.000,0.000,1.000,0,0,0,20,20,0,0,20,0.0,0,0,0.0,0.0,1.0
"((BaseExcess <= 2.970) U[0,2] (Fibrinogen <= 193.727))
",-9999999.000,-9999999.000,0.000,0.000,1.000,0,0,0,20,20,0,0,20,0.0,0,0,0.0,0.0,1.0
"F[2,2](PaCO2 >= 8.442 & SaO2 <= 53.081)
",-4752622239188869.000,-8.442,0.000,0.000,1.000,0,0,0,20,20,0,0,20,0.0,0,0,0.0,0.0,1.0
"F[2,2]((Resp <= 27.496 -> SBP >= 110.922) & Lactate <= 151.068)
",-27.496,-27.496,0.000,0.000,1.000,0,0,0,20,20,0,0,20,0.0,0,0,0.0,0.0,1.0
"F[1,2]((BUN >= 2.820 | WBC >= 0.099) & AST >= 0.319)
",-9999999.000,-9999999.000,0.000,0.000,1.000,0,0,0,20,20,0,0,20,0.0,0,0,0.0,0.0,1.0
"((Fibrinogen <= 121.658) U[2,2] (WBC >= 0.008))
",121.658,121.658,0.000,0.000,1.000,0,0,0,20,20,0,0,20,0.0,0,0,0.0,0.0,1.0
"F[0,1](((Magnesium <= 1.364 -> PTT <= 31.221) | HR <= 20.011) & O2Sat >= 0.610)
",-9999999.000,-9999999.000,0.000,0.000,1.000,0,0,0,20,20,0,0,20,0.0,0,0,0.0,0.0,1.0
"((BUN >= 2.844) U[0,2] (HCO3 <= 22.575))
",-9999999.000,-9999999.000,0.000,0.000,1.000,0,0,0,20,20,0,0,20,0.0,0,0,0.0,0.0,1.0
"F[1,2](Creatinine <= 1.282 -> WBC <= 2.365)
",-9999999.000,-9999999.000,0.000,0.000,1.000,0,0,0,20,20,0,0,20,0.0,0,0,0.0,0.0,1.0
"F[0,2](((Creatinine >= 0.071 -> Magnesium <= 1.151) -> WBC >= 0.080) & FiO2 >= 0.105)
",-9999999.000,-9999999.000,0.000,0.000,1.000,0,0,0,20,20,0,0,20,0.0,0,0,0.0,0.0,1.0
"F[1,2]((BUN <= 5.742 -> Creatinine <= 1.463) -> Creatinine <= 0.994)
",-9999999.000,-9999999.000,0.000,0.000,1.000,0,0,0,20,20,0,0,20,0.0,0,0,0.0,0.0,1.0
"F[0,2](((Magnesium <= 1.766 & WBC <= 4.877) -> Magnesium >= 0.022) | O2Sat <= 3.146)
",-9999999.000,-9999999.000,0.000,0.000,1.000,0,0,0,20,20,0,0,20,0.0,0,0,0.0,0.0,1.0
"F[0,2]((BUN <= 44.176 | PTT >= 0.727) -> Hct >= 1.341)
",-9999999.000,-9999999.000,0.000,0.000,1.000,0,0,0,20,20,0,0,20,0.0,0,0,0.0,0.0,1.0
"((Alkalinephos <= 0.000) U[1,1] (SepsisLabel = 0.000))
",0.000,0.000,0.000,0.000,1.000,0,0,0,20,20,0,0,20,0.0,0,0,0.0,0.0,1.0
"F[0,2](Fibrinogen < 249.376 -> SepsisLabel = 0.000)
",-9999999.000,-9999999.000,0.000,0.000,1.000,0,0,0,20,20,0,0,20,0.0,0,0,0.0,0.0,1.0
"F[1,2](Bilirubin_direct > 0.000 & SepsisLabel = 0.000)
",-9999999.000,-9999999.000,0.000,0.000,1.000,0,0,0,20,20,0,0,20,0.0,0,0,0.0,0.0,1.0
"((O2Sat <= 98.095) U[0,1] (SepsisLabel = 0.000))
",-9999999.000,-9999999.000,0.000,0.000,1.000,0,0,0,20,20,0,0,20,0.0,0,0,0.0,0.0,1.0
"((MAP >= 65.356) U[0,2] (SBP <= 155.732))
",-9999999.000,-9999999.000,0.000,0.000,1.000,0,0,0,20,20,0,0,20,0.0,0,0,0.0,0.0,1.0
"F[1,2]((Phosphate >= 0.072 & Magnesium > 0.019) -> Calcium < 5.315)
",-9999999.000,-9999999.000,0.000,0.000,1.000,0,0,0,20,20,0,0,20,0.0,0,0,0.0,0.0,1.0
"F[0,2]((Phosphate >= 0.013 & Magnesium > 0.110) -> Calcium < 4.538)
",-9999999.000,-9999999.000,0.000,0.000,1.000,0,0,0,20,20,0,0,20,0.0,0,0,0.0,0.0,1.0
"F[2,2]((Calcium <= 1.115 & Potassium <= 1.660) & Magnesium >= 0.093)
",-0.093,-0.093,0.000,0.000,1.000,0,0,0,20,20,0,0,20,0.0,0,0,0.0,0.0,1.0
"F[2,2](Hgb <= 1.141 | Hct <= 15.275)
",8598812236501885.000,15.275,0.000,0.000,1.000,0,0,0,20,20,0,0,20,0.0,0,0,0.0,0.0,1.0
"((MAP >= 60.254) U[1,2] (SBP <= 129.456))
",-9999999.000,-9999999.000,0.000,0.000,1.000,0,0,0,20,20,0,0,20,0.0,0,0,0.0,0.0,1.0
"F[1,2]((Calcium <= 6.964 & Potassium <= 3.692) & Magnesium >= 0.088)
",-9999999.000,-9999999.000,0.000,0.000,1.000,0,0,0,20,20,0,0,20,0.0,0,0,0.0,0.0,1.0
"F[0,2](Hgb <= 1.154 | Hct <= 6.609)
",-9999999.000,-9999999.000,0.000,0.000,1.000,0,0,0,20,20,0,0,20,0.0,0,0,0.0,0.0,1.0
"((MAP >= 69.497) U[0,2] (SBP <= 157.697))
",-9999999.000,-9999999.000,0.000,0.000,1.000,0,0,0,20,20,0,0,20,0.0,0,0,0.0,0.0,1.0
"F[1,2]((Phosphate >= 0.016 & Magnesium > 0.001) -> Calcium < 7.220)
",-9999999.000,-9999999.000,0.000,0.000,1.000,0,0,0,20,20,0,0,20,0.0,0,0,0.0,0.0,1.0
"F[1,2](((Calcium < 6.745 & Potassium < 3.164) & Magnesium < 2.316) & Phosphate < 2.716)
",-9999999.000,-9999999.000,0.000,0.000,1.000,0,0,0,20,20,0,0,20,0.0,0,0,0.0,0.0,1.0
"F[1,2]((Calcium <= 3.970 & Potassium <= 1.380) & Magnesium >= 0.029)
",-9999999.000,-9999999.000,0.000,0.000,1.000,0,0,0,20,20,0,0,20,0.0,0,0,0.0,0.0,1.0
"F[2,2](Hgb <= 1.777 | Hct <= 13.302)
",13.302,13.302,0.000,0.000,1.000,0,0,0,20,20,0,0,20,0.0,0,0,0.0,0.0,1.0
"F[1,2](((Calcium < 0.757 & Potassium < 5.038) & Magnesium < 1.986) & Phosphate < 2.374)
",-9999999.000,-9999999.000,0.000,0.000,1.000,0,0,0,20,20,0,0,20,0.0,0,0,0.0,0.0,1.0
"F[1,2](Hgb <= 0.878 | Hct <= 16.993)
",-9999999.000,-9999999.000,0.000,0.000,1.000,0,0,0,20,20,0,0,20,0.0,0,0,0.0,0.0,1.0
"((MAP >= 70.736) U[2,2] (SBP <= 167.398))
",167.398,167.398,0.000,0.000,1.000,0,0,0,20,20,0,0,20,0.0,0,0,0.0,0.0,1.0
"F[2,2]((Phosphate >= 0.071 & Magnesium > 0.043) -> Calcium < 0.375)
",-6753334656961573.000,-0.375,0.000,0.000,1.000,0,0,0,20,20,0,0,20,0.0,0,0,0.0,0.0,1.0
"F[0,1](((Calcium < 5.552 & Potassium < 5.115) & Magnesium < 1.253) & Phosphate < 0.797)
",-9999999.000,-9999999.000,0.000,0.000,1.000,0,0,0,20,20,0,0,20,0.0,0,0,0.0,0.0,1.0
"F[1,2](((Calcium < 8.421 & Potassium < 3.215) & Magnesium < 0.553) & Phosphate < 1.753)
",-9999999.000,-9999999.000,0.000,0.000,1.000,0,0,0,20,20,0,0,20,0.0,0,0,0.0,0.0,1.0
"F[0,1](Hgb <= 4.565 | Hct <= 9.397)
",-9999999.000,-9999999.000,0.000,0.000,1.000,0,0,0,20,20,0,0,20,0.0,0,0,0.0,0.0,1.0
"F[1,2](((Calcium < 3.709 & Potassium < 2.453) & Magnesium < 0.176) & Phosphate < 0.350)
",-9999999.000,-9999999.000,0.000,0.000,1.000,0,0,0,20,20,0,0,20,0.0,0,0,0.0,0.0,1.0
"F[2,2](((Calcium < 7.078 & Potassium < 5.352) & Magnesium < 2.019) & Phosphate < 0.571)
",0.571,0.571,0.000,0.000,1.000,0,0,0,20,20,0,0,20,0.0,0,0,0.0,0.0,1.0
"F[1,2](Hgb <= 6.458 | Hct <= 9.858)
",-9999999.000,-9999999.000,0.000,0.000,1.000,0,0,0,20,20,0,0,20,0.0,0,0,0.0,0.0,1.0
"((MAP >= 71.411) U[2,2] (SBP <= 158.378))
",158.378,158.378,0.000,0.000,1.000,0,0,0,20,20,0,0,20,0.0,0,0,0.0,0.0,1.0
"F[2,2]((Phosphate >= 0.084 & Magnesium > 0.060) -> Calcium < 7.363)
",-8290314520382942.000,-7.363,0.000,0.000,1.000,0,0,0,20,20,0,0,20,0.0,0,0,0.0,0.0,1.0
"F[1,2](((Calcium < 6.381 & Potassium < 1.539) & Magnesium < 0.531) & Phosphate < 2.594)
",-9999999.000,-9999999.000,0.000,0.000,1.000,0,0,0,20,20,0,0,20,0.0,0,0,0.0,0.0,1.0
"F[1,2](Hgb <= 5.066 | Hct <= 19.985)
",-9999999.000,-9999999.000,0.000,0.000,1.000,0,0,0,20,20,0,0,20,0.0,0,0,0.0,0.0,1.0
"((MAP >= 68.529) U[0,2] (SBP <= 141.044))
",-9999999.000,-9999999.000,0.000,0.000,1.000,0,0,0,20,20,0,0,20,0.0,0,0,0.0,0.0,1.0
"F[0,1]((Phosphate >= 0.068 & Magnesium > 0.062) -> Calcium < 2.121)
",-9999999.000,-9999999.000,0.000,0.000,1.000,0,0,0,20,20,0,0,20,0.0,0,0,0.0,0.0,1.0
"F[0,2](((Calcium < 8.007 & Potassium < 4.761) & Magnesium < 1.039) & Phosphate < 0.825)
",-9999999.000,-9999999.000,0.000,0.000,1.000,0,0,0,20,20,0,0,20,0.0,0,0,0.0,0.0,1.0
"F[1,2]((Calcium <= 3.761 & Potassium <= 4.896) & Magnesium >= 0.117)
",-9999999.000,-9999999.000,0.000,0.000,1.000,0,0,0,20,20,0,0,20,0.0,0,0,0.0,0.0,1.0
"F[1,1](Hgb <= 7.023 | Hct <= 15.961)
",8985114658341854.000,15.961,0.000,0.000,1.000,0,0,0,20,20,0,0,20,0.0,0,0,0.0,0.0,1.0
"((MAP >= 60.931) U[2,2] (SBP <= 140.059))
",4927883214150442.000,140.059,0.000,0.000,1.000,0,0,0,20,20,0,0,20,0.0,0,0,0.0,0.0,1.0
"F[0,1]((Phosphate >= 0.062 & Magnesium > 0.106) -> Calcium < 4.933)
",-9999999.000,-9999999.000,0.000,0.000,1.000,0,0,0,20,20,0,0,20,0.0,0,0,0.0,0.0,1.0
"F[2,2](((Calcium < 4.883 & Potassium < 1.877) & Magnesium < 0.585) & Phosphate < 1.219)
",5265774137942901.000,0.585,0.000,0.000,1.000,0,0,0,20,20,0,0,20,0.0,0,0,0.0,0.0,1.0
"F[0,2](Hgb <= 2.438 | Hct <= 26.422)
",-9999999.000,-9999999.000,0.000,0.000,1.000,0,0,0,20,20,0,0,20,0.0,0,0,0.0,0.0,1.0
"F[0,2]((Phosphate >= 0.075 & Magnesium > 0.065) -> Calcium < 5.887)
",-9999999.000,-9999999.000,0.000,0.000,1.000,0,0,0,20,20,0,0,20,0.0,0,0,0.0,0.0,1.0
"F[0,2]((MAP >= 59.347 | Resp >= 16.157) & TroponinI <= 30.055)
",-9999999.000,-9999999.000,0.000,0.000,1.000,0,0,0,20,20,0,0,20,0.0,0,0,0.0,0.0,1.0
"F[1,2](((BaseExcess >= -1.627 & Platelets <= 86.409) | Calcium <= 156.672) & Magnesium <= 117.108)
",-9999999.000,-9999999.000,0.000,0.000,1.000,0,0,0,20,20,0,0,20,0.0,0,0,0.0,0.0,1.0
"F[1,2](((Platelets >= 5.748 & PTT >= 2.066) | TroponinI <= 24.409) | pH <= 24.091)
",-9999999.000,-9999999.000,0.000,0.000,1.000,0,0,0,20,20,0,0,20,0.0,0,0,0.0,0.0,1.0
"F[1,2]((Calcium <= 2.293 & Potassium <= 4.046) & Magnesium >= 0.030)
",-9999999.000,-9999999.000,0.000,0.000,1.000,0,0,0,20,20,0,0,20,0.0,0,0,0.0,0.0,1.0
"((Hgb >= 0.399) U[2,2] (pH <= 2.919))
",6572867370672859.000,2.919,0.000,0.000,1.000,0,0,0,20,20,0,0,20,0.0,0,0,0.0,0.0,1.0
"F[1,2](((Hct >= 1.228 & MAP <= 89.085) | SepsisLabel >= 70.179) | Calcium <= 81.497)
",-9999999.000,-9999999.000,0.000,0.000,1.000,0,0,0,20,20,0,0,20,0.0,0,0,0.0,0.0,1.0
"((Chloride <= 15.356) U[0,2] (Potassium <= 3.894))
",-9999999.000,-9999999.000,0.000,0.000,1.000,0,0,0,20,20,0,0,20,0.0,0,0,0.0,0.0,1.0
"F[0,2](((Calcium <= 7.663 -> MAP <= 108.972) | Bilirubin_direct >= 64.191) -> BaseExcess <= 103.370)
",-9999999.000,-9999999.000,0.000,0.000,1.000,0,0,0,20,20,0,0,20,0.0,0,0,0.0,0.0,1.0
"F[1,1](((Resp <= 22.936 | SaO2 <= 66.466) -> Lactate >= 4.409) | WBC <= 40.409)
",5687005843546091.000,40.409,0.000,0.000,1.000,0,0,0,20,20,0,0,20,0.0,0,0,0.0,0.0,1.0
"((Hct <= 16.235) U[2,2] (SBP >= 93.727))
",4569825374479590.000,16.235,0.000,0.000,1.000,0,0,0,20,20,0,0,20,0.0,0,0,0.0,0.0,1.0
"F[0,2](BUN >= 0.233 & Glucose >= 13.813)
",-9999999.000,-9999999.000,0.000,0.000,1.000,0,0,0,20,20,0,0,20,0.0,0,0,0.0,0.0,1.0
"F[1,2](((PaCO2 <= 47.510 -> SBP <= 139.628) -> MAP >= 92.013) -> BUN <= 122.276)
",-9999999.000,-9999999.000,0.000,0.000,1.000,0,0,0,20,20,0,0,20,0.0,0,0,0.0,0.0,1.0
"F[1,2]((Potassium >= 0.826 & PTT <= 2.381) | FiO2 <= 11.123)
",-9999999.000,-9999999.000,0.000,0.000,1.000,0,0,0,20,20,0,0,20,0.0,0,0,0.0,0.0,1.0
"((BUN <= 44.265) U[0,2] (Resp <= 26.234))
",-9999999.000,-9999999.000,0.000,0.000,1.000,0,0,0,20,20,0,0,20,0.0,0,0,0.0,0.0,1.0
"F[1,1]((Fibrinogen <= 309.392 & pH <= 2.649) -> AST <= 7.426)
",-8361322566027357.000,-7.426,0.000,0.000,1.000,0,0,0,20,20,0,0,20,0.0,0,0,0.0,0.0,1.0
"F[1,1]((O2Sat >= 94.317 & WBC >= 0.316) -> HCO3 <= 7.486)
",-8428280577858722.000,-7.486,0.000,0.000,1.000,0,0,0,20,20,0,0,20,0.0,0,0,0.0,0.0,1.0
"F[0,2](DBP <= 58.814 | PaCO2 >= 5.624)
",-9999999.000,-9999999.000,0.000,0.000,1.000,0,0,0,20,20,0,0,20,0.0,0,0,0.0,0.0,1.0
"F[0,0]((Platelets >= 17.383 | Resp >= 10.211) | Creatinine >= 19.997)
",1.062,60.502,0.000,0.000,1.000,0,0,0,20,20,0,0,20,0.0,0,0,0.0,0.0,1.0
"((FiO2 <= 0.490) U[0,2] (Resp <= 21.377))
",-9999999.000,-9999999.000,0.000,0.000,1.000,0,0,0,20,20,0,0,20,0.0,0,0,0.0,0.0,1.0
"((BaseExcess <= 1.492) U[0,2] (FiO2 <= 0.780))
",-9999999.000,-9999999.000,0.000,0.000,1.000,0,0,0,20,20,0,0,20,0.0,0,0,0.0,0.0,1.0
"F[1,2](((Chloride >= 3.558 -> Fibrinogen <= 153.368) | Potassium >= 7.866) & Glucose <= 105.834)
",-9999999.000,-9999999.000,0.000,0.000,1.000,0,0,0,20,20,0,0,20,0.0,0,0,0.0,0.0,1.0
"F[0,2](((Calcium >= 0.161 -> Temp <= 27.899) | pH >= 22.845) & Fibrinogen <= 35.967)
",-9999999.000,-9999999.000,0.000,0.000,1.000,0,0,0,20,20,0,0,20,0.0,0,0,0.0,0.0,1.0
"F[0,1]((Fibrinogen <= 204.484 & Glucose <= 100.062) & BaseExcess <= 96.403)
",-9999999.000,-9999999.000,0.000,0.000,1.000,0,0,0,20,20,0,0,20,0.0,0,0,0.0,0.0,1.0
"F[0,2]((HCO3 <= 24.995 -> pH <= 4.491) -> SepsisLabel <= 6.743)
",-9999999.000,-9999999.000,0.000,0.000,1.000,0,0,0,20,20,0,0,20,0.0,0,0,0.0,0.0,1.0
"F[1,2](((BaseExcess <= 2.980 & pH >= 1.800) | Lactate <= 4.271) | EtCO2 <= 7.403)
",-9999999.000,-9999999.000,0.000,0.000,1.000,0,0,0,20,20,0,0,20,0.0,0,0,0.0,0.0,1.0
"((Hgb <= 3.973) U[0,2] (Resp <= 29.134))
",-9999999.000,-9999999.000,0.000,0.000,1.000,0,0,0,20,20,0,0,20,0.0,0,0,0.0,0.0,1.0
"F[0,2](((Glucose <= 126.684 & MAP >= 62.124) | MAP <= 77.867) -> Phosphate <= 96.069)
",-9999999.000,-9999999.000,0.000,0.000,1.000,0,0,0,20,20,0,0,20,0.0,0,0,0.0,0.0,1.0
"F[0,2]((DBP >= 43.713 -> Fibrinogen >= 3.278) | Resp <= 193.929)
",-9999999.000,-9999999.000,0.000,0.000,1.000,0,0,0,20,20,0,0,20,0.0,0,0,0.0,0.0,1.0
"F[1,1](Hct >= 2.404 -> Resp <= 26.259)
",-26.259,-26.259,0.000,0.000,1.000,0,0,0,20,20,0,0,20,0.0,0,0,0.0,0.0,1.0
"F[1,2]((DBP <= 59.332 | Glucose <= 127.242) -> TroponinI >= 25.031)
",-9999999.000,-9999999.000,0.000,0.000,1.000,0,0,0,20,20,0,0,20,0.0,0,0,0.0,0.0,1.0
"F[1,2](((Hgb <= 1.707 | PaCO2 <= 39.872) & Hct >= 3.328) | SBP >= 2.002)
",-9999999.000,-9999999.000,0.000,0.000,1.000,0,0,0,20,20,0,0,20,0.0,0,0,0.0,0.0,1.0
"((Fibrinogen >= 7.077) U[0,1] (MAP <= 108.135))
",-9999999.000,-9999999.000,0.000,0.000,1.000,0,0,0,20,20,0,0,20,0.0,0,0,0.0,0.0,1.0
"F[1,2](HR >= 76.056 & PaCO2 <= 42.442)
",-9999999.000,-9999999.000,0.000,0.000,1.000,0,0,0,20,20,0,0,20,0.0,0,0,0.0,0.0,1.0
"F[0,2](HR <= 79.196 -> pH >= 1.331)
",-9999999.000,-9999999.000,0.000,0.000,1.000,0,0,0,20,20,0,0,20,0.0,0,0,0.0,0.0,1.0
"((Calcium <= 8.463) U[0,2] (SBP >= 104.499))
",-9999999.000,-9999999.000,0.000,0.000,1.000,0,0,0,20,20,0,0,20,0.0,0,0,0.0,0.0,1.0
"((Phosphate <= 1.586) U[2,2] (SBP <= 133.690))
",4703795316094533.000,133.690,0.000,0.000,1.000,0,0,0,20,20,0,0,20,0.0,0,0,0.0,0.0,1.0
"F[0,2](((Creatinine >= 0.009 | Resp <= 22.646) & PaCO2 <= 21.790) & Chloride >= 12.149)
",-9999999.000,-9999999.000,0.000,0.000,1.000,0,0,0,20,20,0,0,20,0.0,0,0,0.0,0.0,1.0
"F[2,2]((FiO2 <= 0.453 & Platelets >= 6.288) | Bilirubin_total <= 161.157)
",5670190878231973.000,161.157,0.000,0.000,1.000,0,0,0,20,20,0,0,20,0.0,0,0,0.0,0.0,1.0
"F[2,2]((Phosphate >= 0.026 -> Temp >= 22.634) -> Calcium >= 15.254)
",-0.026,-0.026,0.000,0.000,1.000,0,0,0,20,20,0,0,20,0.0,0,0,0.0,0.0,1.0
"F[0,2](DBP <= 61.503 -> pH >= 2.010)
",-9999999.000,-9999999.000,0.000,0.000,1.000,0,0,0,20,20,0,0,20,0.0,0,0,0.0,0.0,1.0
"((Chloride <= 103.651) U[1,2] (Magnesium >= 0.091))
",-9999999.000,-9999999.000,0.000,0.000,1.000,0,0,0,20,20,0,0,20,0.0,0,0,0.0,0.0,1.0
"F[0,2]((DBP >= 49.871 | FiO2 <= 0.465) | HCO3 >= 0.016)
",-9999999.000,-9999999.000,0.000,0.000,1.000,0,0,0,20,20,0,0,20,0.0,0,0,0.0,0.0,1.0
"F[0,1](((HCO3 >= 0.105 & WBC >= 0.202) -> BaseExcess >= 0.027) | HCO3 <= 1.530)
",-9999999.000,-9999999.000,0.000,0.000,1.000,0,0,0,20,20,0,0,20,0.0,0,0,0.0,0.0,1.0
"F[1,1](Phosphate <= 0.088 | PTT >= 1.294)
",0.088,0.088,0.000,0.000,1.000,0,0,0,20,20,0,0,20,0.0,0,0,0.0,0.0,1.0
"((Glucose >= 3.073) U[1,2] (WBC >= 0.021))
",-9999999.000,-9999999.000,0.000,0.000,1.000,0,0,0,20,20,0,0,20,0.0,0,0,0.0,0.0,1.0
"F[1,2]((Hgb >= 0.047 -> Platelets >= 14.180) | AST >= 3.883)
",-9999999.000,-9999999.000,0.000,0.000,1.000,0,0,0,20,20,0,0,20,0.0,0,0,0.0,0.0,1.0
"F[1,2](Fibrinogen >= 3.538 & PTT >= 1.826)
",-9999999.000,-9999999.000,0.000,0.000,1.000,0,0,0,20,20,0,0,20,0.0,0,0,0.0,0.0,1.0
"F[0,2]((BUN <= 23.516 | Hct <= 7.748) -> Lactate >= 0.313)
",-9999999.000,-9999999.000,0.000,0.000,1.000,0,0,0,20,20,0,0,20,0.0,0,0,0.0,0.0,1.0
"F[1,2]((BUN >= 2.294 & Fibrinogen <= 158.566) -> Bilirubin_total <= 271.775)
",-9999999.000,-9999999.000,0.000,0.000,1.000,0,0,0,20,20,0,0,20,0.0,0,0,0.0,0.0,1.0
"F[0,2](((pH <= 6.526 -> SaO2 <= 54.168) | MAP <= 57.553) & Platelets <= 38.180)
",-9999999.000,-9999999.000,0.000,0.000,1.000,0,0,0,20,20,0,0,20,0.0,0,0,0.0,0.0,1.0
"((Calcium <= 2.074) U[2,2] (Creatinine <= 1.068))
",2.074,2.074,0.000,0.000,1.000,0,0,0,20,20,0,0,20,0.0,0,0,0.0,0.0,1.0
"F[0,2](SBP >= 119.384 | Temp >= 2.943)
",-9999999.000,-9999999.000,0.000,0.000,1.000,0,0,0,20,20,0,0,20,0.0,0,0,0.0,0.0,1.0
"F[2,2](Glucose <= 142.764 | PaCO2 <= 12.519)
",142.764,142.764,0.000,0.000,1.000,0,0,0,20,20,0,0,20,0.0,0,0,0.0,0.0,1.0
"F[2,2](Fibrinogen <= 100.469 & Hgb >= 0.433)
",-0.433,-0.433,0.000,0.000,1.000,0,0,0,20,20,0,0,20,0.0,0,0,0.0,0.0,1.0
"F[0,2](pH >= 0.418 | Potassium >= 0.055)
",-9999999.000,-9999999.000,0.000,0.000,1.000,0,0,0,20,20,0,0,20,0.0,0,0,0.0,0.0,1.0
"F[1,2]((Hgb <= 7.750 & PTT <= 23.895) | Fibrinogen <= 32.814)
",-9999999.000,-9999999.000,0.000,0.000,1.000,0,0,0,20,20,0,0,20,0.0,0,0,0.0,0.0,1.0
"F[0,1]((BUN >= 0.707 -> Platelets >= 1.637) & Creatinine <= 168.786)
",-9999999.000,-9999999.000,0.000,0.000,1.000,0,0,0,20,20,0,0,20,0.0,0,0,0.0,0.0,1.0
"F[1,2](((O2Sat <= 99.145 | Temp <= 34.545) -> Resp >= 12.648) | HR <= 29.013)
",-9999999.000,-9999999.000,0.000,0.000,1.000,0,0,0,20,20,0,0,20,0.0,0,0,0.0,0.0,1.0
"F[1,2]((FiO2 >= 0.039 | pH <= 4.113) | TroponinI <= 3.729)
",-9999999.000,-9999999.000,0.000,0.000,1.000,0,0,0,20,20,0,0,20,0.0,0,0,0.0,0.0,1.0
"((Phosphate >= 0.035) U[0,2] (Platelets >= 1.578))
",-9999999.000,-9999999.000,0.000,0.000,1.000,0,0,0,20,20,0,0,20,0.0,0,0,0.0,0.0,1.0
"F[2,2]((BaseExcess <= 1.348 | DBP >= 48.288) & SepsisLabel <= 54.218)
",6072859182753004.000,1.348,0.000,0.000,1.000,0,0,0,20,20,0,0,20,0.0,0,0,0.0,0.0,1.0
"F[0,0](((Creatinine <= 0.628 -> FiO2 >= 0.085) | PaCO2 <= 0.384) | HCO3 <= 0.717)
",1.659,0.789,0.000,0.000,1.000,0,0,0,20,20,0,0,20,0.0,0,0,0.0,0.0,1.0
"F[1,2](((Creatinine <= 0.815 & Potassium <= 2.459) -> Platelets >= 0.537) & SaO2 >= 0.448)
",-9999999.000,-9999999.000,0.000,0.000,1.000,0,0,0,20,20,0,0,20,0.0,0,0,0.0,0.0,1.0
"F[0,1]((Chloride >= 5.752 & Glucose >= 20.606) | TroponinI <= 92.359)
",-9999999.000,-9999999.000,0.000,0.000,1.000,0,0,0,20,20,0,0,20,0.0,0,0,0.0,0.0,1.0
"F[1,2]((Chloride >= 1.820 -> FiO2 >= 0.178) & PTT >= 0.030)
",-9999999.000,-9999999.000,0.000,0.000,1.000,0,0,0,20,20,0,0,20,0.0,0,0,0.0,0.0,1.0
"F[0,0](((DBP <= 59.119 | SaO2 <= 16.599) & WBC >= 14.655) -> TroponinI >= 3.964)
",0.627,2.877,0.000,0.000,1.000,0,0,0,20,20,0,0,20,0.0,0,0,0.0,0.0,1.0
"F[0,2]((FiO2 <= 0.934 | HCO3 <= 3.938) | MAP >= 1.015)
",-9999999.000,-9999999.000,0.000,0.000,1.000,0,0,0,20,20,0,0,20,0.0,0,0,0.0,0.0,1.0
"((BaseExcess <= 0.733) U[0,2] (PTT >= 0.793))
",-9999999.000,-9999999.000,0.000,0.000,1.000,0,0,0,20,20,0,0,20,0.0,0,0,0.0,0.0,1.0
"F[1,2](Fibrinogen <= 11.806 | Hct >= 2.263)
",-9999999.000,-9999999.000,0.000,0.000,1.000,0,0,0,20,20,0,0,20,0.0,0,0,0.0,0.0,1.0
"F[0,2]((HCO3 <= 3.269 | Platelets <= 65.378) | Fibrinogen <= 54.841)
",-9999999.000,-9999999.000,0.000,0.000,1.000,0,0,0,20,20,0,0,20,0.0,0,0,0.0,0.0,1.0
"F[0,2](((BUN >= 1.482 & Phosphate >= 0.073) & Phosphate <= 2.126) -> Platelets <= 1.760)
",-9999999.000,-9999999.000,0.000,0.000,1.000,0,0,0,20,20,0,0,20,0.0,0,0,0.0,0.0,1.0
"F[0,1]((FiO2 >= 0.069 -> SBP <= 165.205) | Phosphate >= 94.591)
",-9999999.000,-9999999.000,0.000,0.000,1.000,0,0,0,20,20,0,0,20,0.0,0,0,0.0,0.0,1.0
"F[1,2](((Calcium >= 0.088 -> Hct >= 0.999) & Fibrinogen >= 1.289) -> Fibrinogen <= 19.229)
",-9999999.000,-9999999.000,0.000,0.000,1.000,0,0,0,20,20,0,0,20,0.0,0,0,0.0,0.0,1.0
"F[1,2](O2Sat >= 94.690 | Phosphate <= 0.792)
",-9999999.000,-9999999.000,0.000,0.000,1.000,0,0,0,20,20,0,0,20,0.0,0,0,0.0,0.0,1.0
"F[0,2](FiO2 >= 0.085 & Temp <= 34.671)
",-9999999.000,-9999999.000,0.000,0.000,1.000,0,0,0,20,20,0,0,20,0.0,0,0,0.0,0.0,1.0
"F[2,2](HCO3 >= 0.076 | Magnesium <= 1.790)
",4030931075967177.500,1.790,0.000,0.000,1.000,0,0,0,20,20,0,0,20,0.0,0,0,0.0,0.0,1.0
"F[2,2](Hct <= 30.048 & Potassium >= 0.415)
",-7483115696795907.000,-0.415,0.000,0.000,1.000,0,0,0,20,20,0,0,20,0.0,0,0,0.0,0.0,1.0
