Rule,Discrimination Score,Pos Robustness,Neg Robustness,Percent Class +,Percent Class -,TP,TN,FP,FN,Actual Yes,Actual No,Predicted Yes,Predicted No,TPR/Sens,TNR/Spec,FPR,Precision,Accuracy,MCR,Class
"G[0,1]((Creatinine <= 0.464 & Phosphate >= 0.102) -> Hgb <= 0.469)
",9999999.000,9999999.000,0.000,1.000,0.000,19,0,0,0,19,0,19,0,1.0,0.0,0.0,1.0,1.0,0.0,1
"F[1,1]((Calcium <= 7.016 & Potassium <= 2.907) & Magnesium >= 0.037)
",-0.037,-0.037,0.000,0.000,1.000,19,0,0,0,19,0,19,0,1.0,0.0,0.0,1.0,1.0,0.0,-1
"G[1,1]((SepsisLabel <= 0.000 | Glucose <= 104.556) | Glucose <= 82.542)
",7357505827044483.000,104.556,0.000,1.000,0.000,19,0,0,0,19,0,19,0,1.0,0.0,0.0,1.0,1.0,0.0,1
"G[1,1](Resp <= 31.001 -> AST <= 0.000)
",-8725905499938050.000,-31.001,0.000,1.000,0.000,19,0,0,0,19,0,19,0,1.0,0.0,0.0,1.0,1.0,0.0,1
"F[0,0](((FiO2 >= 0.045 & SBP <= 125.759) -> Temp <= 114.181) & Phosphate >= 98.394)
",-27.566,-99.099,0.000,0.000,1.000,19,0,0,0,19,0,19,0,1.0,0.0,0.0,1.0,1.0,0.0,-1
"G[0,1]((pH <= 5.533 -> SaO2 <= 31.135) | Alkalinephos >= 0.994)
",9999999.000,9999999.000,0.000,1.000,0.000,19,0,0,0,19,0,19,0,1.0,0.0,0.0,1.0,1.0,0.0,1
"F[0,1]((O2Sat >= 40.759 | pH >= 1.816) & Resp <= 7.373)
",-9999999.000,-9999999.000,0.000,0.000,1.000,19,0,0,0,19,0,19,0,1.0,0.0,0.0,1.0,1.0,0.0,-1
"F[1,1]((Calcium <= 3.507 & Potassium <= 3.375) & Magnesium >= 0.057)
",-0.057,-0.057,0.000,0.000,1.000,19,0,0,0,19,0,19,0,1.0,0.0,0.0,1.0,1.0,0.0,-1
"F[0,1]((Calcium <= 2.568 & Potassium <= 3.034) & Magnesium >= 0.045)
",-9999999.000,-9999999.000,0.000,0.000,1.000,19,0,0,0,19,0,19,0,1.0,0.0,0.0,1.0,1.0,0.0,-1
"F[0,1](((Calcium >= 0.051 | DBP <= 60.961) -> Chloride <= 62.548) & WBC >= 19.444)
",-9999999.000,-9999999.000,0.000,0.000,1.000,19,0,0,0,19,0,19,0,1.0,0.0,0.0,1.0,1.0,0.0,-1
"F[0,1](O2Sat <= 95.149 & SaO2 >= 4.397)
",-9999999.000,-9999999.000,0.000,0.000,1.000,19,0,0,0,19,0,19,0,1.0,0.0,0.0,1.0,1.0,0.0,-1
"F[1,1](((Glucose <= 62.903 -> MAP >= 25.020) -> AST >= 33.737) & Creatinine >= 42.168)
",-5934554309954276.000,-42.168,0.000,0.000,1.000,19,0,0,0,19,0,19,0,1.0,0.0,0.0,1.0,1.0,0.0,-1
"F[0,0]((Calcium <= 3.864 & Potassium <= 3.203) & Magnesium >= 0.051)
",-0.435,-0.111,0.000,0.000,1.000,19,0,0,0,19,0,19,0,1.0,0.0,0.0,1.0,1.0,0.0,-1
"F[1,1]((Hgb <= 14.495 | Potassium <= 2.942) & Phosphate >= 0.065)
",-0.065,-0.065,0.000,0.000,1.000,19,0,0,0,19,0,19,0,1.0,0.0,0.0,1.0,1.0,0.0,-1
"F[0,0]((BaseExcess <= -0.113 -> HR <= 99.046) -> SepsisLabel >= 1.976)
",-0.329,-9.630,0.000,0.000,1.000,19,0,0,0,19,0,19,0,1.0,0.0,0.0,1.0,1.0,0.0,-1
"G[0,1](Hgb <= 12.081 | Resp >= 8.544)
",9999999.000,9999999.000,0.000,1.000,0.000,19,0,0,0,19,0,19,0,1.0,0.0,0.0,1.0,1.0,0.0,1
"F[1,1](((FiO2 >= 0.067 & PTT >= 4.833) -> EtCO2 >= 1.424) & Fibrinogen >= 3.437)
",-3.437,-3.437,0.000,0.000,1.000,19,0,0,0,19,0,19,0,1.0,0.0,0.0,1.0,1.0,0.0,-1
"F[0,1]((BaseExcess <= -0.545 -> PTT <= 22.211) & Magnesium >= 3.401)
",-9999999.000,-9999999.000,0.000,0.000,1.000,19,0,0,0,19,0,19,0,1.0,0.0,0.0,1.0,1.0,0.0,-1
"F[1,1](((Magnesium <= 1.284 | Resp >= 4.729) & Magnesium <= 33.332) -> Chloride >= 3.238)
",-1.284,-1.284,0.000,0.000,1.000,19,0,0,0,19,0,19,0,1.0,0.0,0.0,1.0,1.0,0.0,-1
"F[1,1]((Calcium >= 0.279 -> Hgb >= 1.933) & Fibrinogen >= 1.317)
",-5931627362355902.000,-1.317,0.000,0.000,1.000,19,0,0,0,19,0,19,0,1.0,0.0,0.0,1.0,1.0,0.0,-1
"((HCO3 <= 24.942) U[1,1] (Phosphate >= 0.028))
",7020596357402116.000,24.942,0.000,0.000,1.000,19,0,0,0,19,0,19,0,1.0,0.0,0.0,1.0,1.0,0.0,-1
"F[0,1](((Platelets >= 8.078 & Magnesium >= 0.030) & PaCO2 <= 1.196) & Platelets <= 2.093)
",-9999999.000,-9999999.000,0.000,0.000,1.000,19,0,0,0,19,0,19,0,1.0,0.0,0.0,1.0,1.0,0.0,-1
"F[0,0](((pH >= 0.486 -> Resp <= 21.316) | BUN <= 18.472) & Potassium >= 9.877)
",-9.817,-9.645,0.000,0.000,1.000,19,0,0,0,19,0,19,0,1.0,0.0,0.0,1.0,1.0,0.0,-1
"F[1,1]((Calcium <= 1.604 & Potassium <= 3.582) & Magnesium >= 0.045)
",-0.045,-0.045,0.000,0.000,1.000,19,0,0,0,19,0,19,0,1.0,0.0,0.0,1.0,1.0,0.0,-1
"F[0,0]((Phosphate <= 1.027 & Temp >= 12.638) & WBC >= 20.720)
",-2.937,-18.557,0.000,0.000,1.000,19,0,0,0,19,0,19,0,1.0,0.0,0.0,1.0,1.0,0.0,-1
"((Lactate >= 0.000) U[1,1] (Calcium >= 0.357))
",0.000,0.000,0.000,0.000,1.000,19,0,0,0,19,0,19,0,1.0,0.0,0.0,1.0,1.0,0.0,-1
"((SepsisLabel < 0.000) U[1,2] (SepsisLabel = 0.000))
",-9999999.000,-9999999.000,0.000,0.000,1.000,19,0,0,0,19,0,19,0,1.0,0.0,0.0,1.0,1.0,0.0,-1
"F[1,1]((Calcium <= 6.302 & Potassium <= 1.170) & Magnesium >= 0.029)
",-0.029,-0.029,0.000,0.000,1.000,19,0,0,0,19,0,19,0,1.0,0.0,0.0,1.0,1.0,0.0,-1
"G[0,1](((BaseExcess <= 0.448 & HR >= 29.018) | TroponinI <= 107.736) | pH <= 97.330)
",9999999.000,9999999.000,0.000,1.000,0.000,19,0,0,0,19,0,19,0,1.0,0.0,0.0,1.0,1.0,0.0,1
"F[0,1]((Calcium <= 6.011 & Potassium <= 2.894) & Magnesium >= 0.014)
",-9999999.000,-9999999.000,0.000,0.000,1.000,19,0,0,0,19,0,19,0,1.0,0.0,0.0,1.0,1.0,0.0,-1
"G[0,1]((PaCO2 >= 6.114 & PTT >= 4.113) -> Temp >= 5.325)
",9999999.000,9999999.000,0.000,1.000,0.000,19,0,0,0,19,0,19,0,1.0,0.0,0.0,1.0,1.0,0.0,1
"G[0,0](((BaseExcess <= 0.674 -> Hct <= 26.165) -> pH <= 20.685) | O2Sat >= 6.468)
",3.512,77.401,0.000,1.000,0.000,19,0,0,0,19,0,19,0,1.0,0.0,0.0,1.0,1.0,0.0,1
"G[1,1](Creatinine <= 0.273 -> WBC <= 7.826)
",-8811515465276765.000,-7.826,0.000,1.000,0.000,19,0,0,0,19,0,19,0,1.0,0.0,0.0,1.0,1.0,0.0,1
"G[0,1](((BaseExcess <= 0.878 & DBP <= 59.416) | PTT <= 58.152) -> pH <= 52.053)
",9999999.000,9999999.000,0.000,1.000,0.000,19,0,0,0,19,0,19,0,1.0,0.0,0.0,1.0,1.0,0.0,1
"G[0,1]((HCO3 >= 0.732 | Potassium <= 2.047) | Calcium >= 0.028)
",9999999.000,9999999.000,0.000,1.000,0.000,19,0,0,0,19,0,19,0,1.0,0.0,0.0,1.0,1.0,0.0,1
"G[0,1](((Potassium >= 0.180 | WBC <= 10.155) & Phosphate <= 5.400) | Calcium <= 14.886)
",9999999.000,9999999.000,0.000,1.000,0.000,19,0,0,0,19,0,19,0,1.0,0.0,0.0,1.0,1.0,0.0,1
"G[0,1]((PaCO2 >= 1.656 | EtCO2 >= 0.000) | Bilirubin_total <= 0.000)
",9999999.000,9999999.000,0.000,1.000,0.000,19,0,0,0,19,0,19,0,1.0,0.0,0.0,1.0,1.0,0.0,1
"G[0,1](((BUN <= 13.998 -> SaO2 <= 82.459) & MAP >= 1.321) | Phosphate <= 74.332)
",9999999.000,9999999.000,0.000,1.000,0.000,19,0,0,0,19,0,19,0,1.0,0.0,0.0,1.0,1.0,0.0,1
"G[1,1](((Creatinine <= 0.510 | Magnesium <= 2.345) | PTT >= 0.006) & Fibrinogen <= 1.312)
",5907683352269979.000,1.312,0.000,1.000,0.000,19,0,0,0,19,0,19,0,1.0,0.0,0.0,1.0,1.0,0.0,1
"G[0,1]((AST >= 0.000 & HR >= 74.689) | Hgb <= 97.513)
",9999999.000,9999999.000,0.000,1.000,0.000,19,0,0,0,19,0,19,0,1.0,0.0,0.0,1.0,1.0,0.0,1
"G[1,1](((Chloride >= 1.178 & HR <= 88.914) & Platelets <= 108.038) -> PaCO2 <= 104.601)
",-7360667916497485.000,-104.601,0.000,1.000,0.000,19,0,0,0,19,0,19,0,1.0,0.0,0.0,1.0,1.0,0.0,1
"G[0,0](((Fibrinogen >= 0.000 -> pH <= 6.902) | TroponinI <= 2.112) | MAP <= 6.123)
",2.593,2.323,0.000,1.000,0.000,19,0,0,0,19,0,19,0,1.0,0.0,0.0,1.0,1.0,0.0,1
"G[0,0](EtCO2 < 0.000 -> SepsisLabel = 0.000)
",0.343,1.553,0.000,1.000,0.000,19,0,0,0,19,0,19,0,1.0,0.0,0.0,1.0,1.0,0.0,1
"G[1,1](Hct >= 2.792 | Potassium <= 1.945)
",1.945,1.945,0.000,1.000,0.000,19,0,0,0,19,0,19,0,1.0,0.0,0.0,1.0,1.0,0.0,1
"G[0,0](((pH >= 1.467 -> Alkalinephos >= 0.000) -> Resp >= 0.000) & HCO3 >= 0.000)
",-3.906,-49.711,0.000,1.000,0.000,19,0,0,0,19,0,19,0,1.0,0.0,0.0,1.0,1.0,0.0,1
"G[0,1](FiO2 >= 0.046 -> Temp >= 4.740)
",9999999.000,9999999.000,0.000,1.000,0.000,19,0,0,0,19,0,19,0,1.0,0.0,0.0,1.0,1.0,0.0,1
"G[0,1]((EtCO2 <= 0.000 -> HR <= 90.818) -> Phosphate <= 90.815)
",9999999.000,9999999.000,0.000,1.000,0.000,19,0,0,0,19,0,19,0,1.0,0.0,0.0,1.0,1.0,0.0,1
"G[0,1](((MAP >= 15.020 & Resp <= 36.281) | PaCO2 <= 32.982) | Hgb <= 18.599)
",9999999.000,9999999.000,0.000,1.000,0.000,19,0,0,0,19,0,19,0,1.0,0.0,0.0,1.0,1.0,0.0,1
"G[0,1](((Temp >= 20.013 & WBC <= 13.556) -> MAP >= 0.587) -> Potassium <= 6.600)
",9999999.000,9999999.000,0.000,1.000,0.000,19,0,0,0,19,0,19,0,1.0,0.0,0.0,1.0,1.0,0.0,1
"G[0,1](((BaseExcess >= -2.969 & SBP >= 27.664) | Alkalinephos <= 102.187) | Platelets >= 9.566)
",9999999.000,9999999.000,0.000,1.000,0.000,19,0,0,0,19,0,19,0,1.0,0.0,0.0,1.0,1.0,0.0,1
"G[0,1]((Glucose >= 4.820 -> Phosphate <= 3.656) -> Magnesium <= 3.151)
",9999999.000,9999999.000,0.000,1.000,0.000,19,0,0,0,19,0,19,0,1.0,0.0,0.0,1.0,1.0,0.0,1
"G[1,1]((HR <= 101.936 & PTT >= 3.797) -> pH <= 87.992)
",-6191863604834021.000,-87.992,0.000,1.000,0.000,19,0,0,0,19,0,19,0,1.0,0.0,0.0,1.0,1.0,0.0,1
"G[1,1](((Platelets <= 34.690 & Platelets >= 7.945) -> PaCO2 <= 108.207) & Alkalinephos <= 107.908)
",-7614421331126385.000,-108.207,0.000,1.000,0.000,19,0,0,0,19,0,19,0,1.0,0.0,0.0,1.0,1.0,0.0,1
"G[0,1](((Bilirubin_direct <= 0.000 & pH >= 1.755) | Magnesium <= 3.125) & Magnesium <= 2.795)
",9999999.000,9999999.000,0.000,1.000,0.000,19,0,0,0,19,0,19,0,1.0,0.0,0.0,1.0,1.0,0.0,1
"G[1,1](PTT > 0.535 -> SepsisLabel = 0.000)
",0.000,0.000,0.000,1.000,0.000,19,0,0,0,19,0,19,0,1.0,0.0,0.0,1.0,1.0,0.0,1
"G[1,1]((HCO3 >= 0.303 -> SBP <= 116.266) | Hct >= 21.786)
",-6132235852081403.000,-21.786,0.000,1.000,0.000,19,0,0,0,19,0,19,0,1.0,0.0,0.0,1.0,1.0,0.0,1
"G[0,1]((Potassium <= 2.101 & PTT >= 4.168) -> Bilirubin_total <= 77.883)
",9999999.000,9999999.000,0.000,1.000,0.000,19,0,0,0,19,0,19,0,1.0,0.0,0.0,1.0,1.0,0.0,1
"G[0,1](DBP <= 60.885 | SBP <= 123.717)
",9999999.000,9999999.000,0.000,1.000,0.000,18,0,0,1,19,0,18,1,0.9473684210526315,0.0,0.0,1.0,0.9473684210526315,0.052631578947368474,1
"G[0,0](DBP <= 63.126 | Hct >= 1.914)
",0.145,2.096,0.000,1.000,0.000,18,0,0,1,19,0,18,1,0.9473684210526315,0.0,0.0,1.0,0.9473684210526315,0.052631578947368474,1
"F[0,1](BaseExcess <= 0.360 & Calcium >= 0.066)
",-9999999.000,-9999999.000,0.000,0.000,1.000,18,0,0,1,19,0,18,1,0.9473684210526315,0.0,0.0,1.0,0.9473684210526315,0.052631578947368474,-1
"F[0,0]((Calcium <= 1.301 & Hgb >= 1.801) | BaseExcess >= 1.602)
",-0.655,-0.838,0.000,0.000,1.000,18,0,0,1,19,0,18,1,0.9473684210526315,0.0,0.0,1.0,0.9473684210526315,0.052631578947368474,-1
"F[1,1](((Creatinine <= 0.772 | HR <= 102.464) & BaseExcess <= 94.666) -> PTT >= 38.573)
",-6661532831113012.000,-94.666,0.000,0.000,1.000,18,0,0,1,19,0,18,1,0.9473684210526315,0.0,0.0,1.0,0.9473684210526315,0.052631578947368474,-1
"F[0,1]((BUN >= 0.097 & PTT >= 0.325) & pH >= 3.436)
",-9999999.000,-9999999.000,0.000,0.000,1.000,18,0,0,1,19,0,18,1,0.9473684210526315,0.0,0.0,1.0,0.9473684210526315,0.052631578947368474,-1
"F[0,1](Phosphate >= 0.061 & SaO2 <= 24.185)
",-9999999.000,-9999999.000,0.000,0.000,1.000,18,0,0,1,19,0,18,1,0.9473684210526315,0.0,0.0,1.0,0.9473684210526315,0.052631578947368474,-1
"G[0,0](BUN <= 12.407 & TroponinI >= 0.000)
",0.000,0.000,0.000,1.000,0.000,18,0,0,1,19,0,18,1,0.9473684210526315,0.0,0.0,1.0,0.9473684210526315,0.052631578947368474,1
"G[0,1](((Chloride <= 46.459 & PaCO2 >= 2.552) | Resp <= 13.654) | O2Sat >= 4.519)
",9999999.000,9999999.000,0.000,1.000,0.000,18,0,0,1,19,0,18,1,0.9473684210526315,0.0,0.0,1.0,0.9473684210526315,0.052631578947368474,1
"G[0,1](((BUN >= 0.641 -> SaO2 >= 4.606) | BaseExcess >= 0.213) | PaCO2 >= 2.190)
",9999999.000,9999999.000,0.000,1.000,0.000,18,0,0,1,19,0,18,1,0.9473684210526315,0.0,0.0,1.0,0.9473684210526315,0.052631578947368474,1
"G[0,1](((Glucose >= 16.036 -> Magnesium >= 0.061) -> Hct <= 1.427) | PTT >= 0.033)
",9999999.000,9999999.000,0.000,1.000,0.000,18,0,0,1,19,0,18,1,0.9473684210526315,0.0,0.0,1.0,0.9473684210526315,0.052631578947368474,1
"F[1,1](((Chloride >= 1.187 & DBP <= 56.868) & MAP >= 6.355) | HR <= 59.856)
",8423961341159261.000,59.856,0.000,0.000,1.000,17,0,0,2,19,0,17,2,0.8947368421052632,0.0,0.0,1.0,0.8947368421052632,0.10526315789473684,-1
"F[0,1](Creatinine > 0.018 & SepsisLabel = 0.000)
",-9999999.000,-9999999.000,0.000,0.000,1.000,17,0,0,2,19,0,17,2,0.8947368421052632,0.0,0.0,1.0,0.8947368421052632,0.10526315789473684,-1
"((PTT <= 18.152) U[0,1] (WBC >= 0.714))
",-9999999.000,-9999999.000,0.000,0.000,1.000,17,0,0,2,19,0,17,2,0.8947368421052632,0.0,0.0,1.0,0.8947368421052632,0.10526315789473684,-1
"F[0,1](Creatinine <= 0.735 & PTT >= 4.562)
",-9999999.000,-9999999.000,0.000,0.000,1.000,17,0,0,2,19,0,17,2,0.8947368421052632,0.0,0.0,1.0,0.8947368421052632,0.10526315789473684,-1
"F[0,1]((Chloride >= 2.484 -> Hct >= 2.800) -> WBC >= 1.432)
",-9999999.000,-9999999.000,0.000,0.000,1.000,17,0,0,2,19,0,17,2,0.8947368421052632,0.0,0.0,1.0,0.8947368421052632,0.10526315789473684,-1
"G[0,1](MAP >= 45.361 -> Creatinine <= 0.538)
",9999999.000,9999999.000,0.000,1.000,0.000,17,0,0,2,19,0,17,2,0.8947368421052632,0.0,0.0,1.0,0.8947368421052632,0.10526315789473684,1
"G[0,1]((Calcium <= 0.925 & Potassium <= 3.752) & FiO2 <= 2.355)
",9999999.000,9999999.000,0.000,1.000,0.000,17,0,0,2,19,0,17,2,0.8947368421052632,0.0,0.0,1.0,0.8947368421052632,0.10526315789473684,1
"G[0,1]((BaseExcess <= -0.474 & MAP >= 61.114) | HR >= 10.987)
",9999999.000,9999999.000,0.000,1.000,0.000,17,0,0,2,19,0,17,2,0.8947368421052632,0.0,0.0,1.0,0.8947368421052632,0.10526315789473684,1
"G[1,1](((MAP >= 25.753 & O2Sat <= 91.121) & Creatinine >= 21.156) | SBP >= 85.016)
",-7248726759870861.000,-25.753,0.000,1.000,0.000,17,0,0,2,19,0,17,2,0.8947368421052632,0.0,0.0,1.0,0.8947368421052632,0.10526315789473684,1
"G[0,1](((Bilirubin_total >= 0.000 & WBC >= 0.202) | Fibrinogen >= 0.081) -> Fibrinogen >= 0.268)
",9999999.000,9999999.000,0.000,1.000,0.000,17,0,0,2,19,0,17,2,0.8947368421052632,0.0,0.0,1.0,0.8947368421052632,0.10526315789473684,1
"G[0,1](((Platelets >= 4.287 & SaO2 >= 0.724) & EtCO2 >= 2.644) | DBP >= 2.311)
",9999999.000,9999999.000,0.000,1.000,0.000,17,0,0,2,19,0,17,2,0.8947368421052632,0.0,0.0,1.0,0.8947368421052632,0.10526315789473684,1
"G[0,1]((EtCO2 >= 0.000 & pH >= 1.182) | HR >= 0.402)
",9999999.000,9999999.000,0.000,1.000,0.000,17,0,0,2,19,0,17,2,0.8947368421052632,0.0,0.0,1.0,0.8947368421052632,0.10526315789473684,1
"G[0,1](PTT <= 117.458 -> Resp >= 0.500)
",9999999.000,9999999.000,0.000,1.000,0.000,17,0,0,2,19,0,17,2,0.8947368421052632,0.0,0.0,1.0,0.8947368421052632,0.10526315789473684,1
"G[0,1](EtCO2 >= 0.000 & Glucose <= 178.067)
",9999999.000,9999999.000,0.000,1.000,0.000,17,0,0,2,19,0,17,2,0.8947368421052632,0.0,0.0,1.0,0.8947368421052632,0.10526315789473684,1
"G[0,1](SaO2 < 72.670 & SepsisLabel = 0.000)
",9999999.000,9999999.000,0.000,1.000,0.000,17,0,0,2,19,0,17,2,0.8947368421052632,0.0,0.0,1.0,0.8947368421052632,0.10526315789473684,1
"G[1,1]((Calcium <= 2.337 & MAP <= 77.256) | SaO2 >= 62.102)
",2.337,2.337,0.000,1.000,0.000,17,0,0,2,19,0,17,2,0.8947368421052632,0.0,0.0,1.0,0.8947368421052632,0.10526315789473684,1
"G[0,0](DBP <= 58.660 -> HR <= 96.542)
",0.497,8.498,0.000,1.000,0.000,17,0,0,2,19,0,17,2,0.8947368421052632,0.0,0.0,1.0,0.8947368421052632,0.10526315789473684,1
"G[0,0](Calcium <= 3.001 & Temp <= 37.998)
",-3.978,-55.555,0.000,1.000,0.000,16,0,0,3,19,0,16,3,0.8421052631578947,0.0,0.0,1.0,0.8421052631578947,0.1578947368421053,1
"G[0,1](Hct <= 37.444 & HR >= 41.214)
",9999999.000,9999999.000,0.000,1.000,0.000,16,0,0,3,19,0,16,3,0.8421052631578947,0.0,0.0,1.0,0.8421052631578947,0.1578947368421053,1
"F[1,1]((BaseExcess >= -5.338 -> Creatinine >= 0.033) | FiO2 >= 0.004)
",-0.004,-0.004,0.000,0.000,1.000,16,0,0,3,19,0,16,3,0.8421052631578947,0.0,0.0,1.0,0.8421052631578947,0.1578947368421053,-1
"F[1,1](HR >= 2.203 -> SaO2 >= 0.533)
",4800913773274030.000,0.533,0.000,0.000,1.000,16,0,0,3,19,0,16,3,0.8421052631578947,0.0,0.0,1.0,0.8421052631578947,0.1578947368421053,-1
"F[0,1](((Hct <= 24.681 -> SaO2 <= 82.278) & Potassium <= 56.275) -> Calcium >= 2.226)
",-9999999.000,-9999999.000,0.000,0.000,1.000,16,0,0,3,19,0,16,3,0.8421052631578947,0.0,0.0,1.0,0.8421052631578947,0.1578947368421053,-1
"F[0,1](Platelets <= 109.565 -> Potassium >= 0.046)
",-9999999.000,-9999999.000,0.000,0.000,1.000,16,0,0,3,19,0,16,3,0.8421052631578947,0.0,0.0,1.0,0.8421052631578947,0.1578947368421053,-1
"F[0,0]((BaseExcess <= 0.722 -> WBC <= 7.220) & Temp <= 7.987)
",-4.607,-84.524,0.000,0.000,1.000,16,0,0,3,19,0,16,3,0.8421052631578947,0.0,0.0,1.0,0.8421052631578947,0.1578947368421053,-1
"((Hgb <= 14.691) U[0,0] (Hgb >= 1.050))
",2.567,18.838,0.000,0.000,1.000,16,0,0,3,19,0,16,3,0.8421052631578947,0.0,0.0,1.0,0.8421052631578947,0.1578947368421053,-1
"F[0,0](BaseExcess >= -4.394 -> BUN >= 0.363)
",-4947255497791701.000,-4.394,0.000,0.000,1.000,15,0,0,4,19,0,15,4,0.7894736842105263,0.0,0.0,1.0,0.7894736842105263,0.21052631578947367,-1
"((Glucose >= 11.343) U[0,1] (Platelets >= 5.280))
",-9999999.000,-9999999.000,0.000,0.000,1.000,15,0,0,4,19,0,15,4,0.7894736842105263,0.0,0.0,1.0,0.7894736842105263,0.21052631578947367,-1
"F[0,0](Glucose >= 7.449 & O2Sat >= 72.983)
",-0.745,-10.899,0.000,0.000,1.000,15,0,0,4,19,0,15,4,0.7894736842105263,0.0,0.0,1.0,0.7894736842105263,0.21052631578947367,-1
"G[0,1](FiO2 >= 0.034 -> PaCO2 >= 6.744)
",9999999.000,9999999.000,0.000,1.000,0.000,15,0,0,4,19,0,15,4,0.7894736842105263,0.0,0.0,1.0,0.7894736842105263,0.21052631578947367,1
"G[0,1](HR <= 91.721 | Platelets >= 1.915)
",9999999.000,9999999.000,0.000,1.000,0.000,15,0,0,4,19,0,15,4,0.7894736842105263,0.0,0.0,1.0,0.7894736842105263,0.21052631578947367,1
"G[0,1](BaseExcess >= -5.193 & HR >= 20.580)
",9999999.000,9999999.000,0.000,1.000,0.000,15,0,0,4,19,0,15,4,0.7894736842105263,0.0,0.0,1.0,0.7894736842105263,0.21052631578947367,1
"G[0,1](((Magnesium <= 0.736 -> Platelets >= 1.362) -> AST >= 8.276) | EtCO2 >= 0.517)
",9999999.000,9999999.000,0.000,1.000,0.000,15,0,0,4,19,0,15,4,0.7894736842105263,0.0,0.0,1.0,0.7894736842105263,0.21052631578947367,1
"G[0,1](((Creatinine <= 0.441 -> O2Sat <= 89.625) -> Phosphate >= 7.130) & Potassium <= 90.369)
",9999999.000,9999999.000,0.000,1.000,0.000,14,0,0,5,19,0,14,5,0.7368421052631579,0.0,0.0,1.0,0.7368421052631579,0.26315789473684215,1
"F[1,1](((DBP >= 21.235 & pH >= 0.944) | Chloride >= 1.399) & Hgb >= 1.682)
",-1.682,-1.682,0.000,0.000,1.000,14,0,0,5,19,0,14,5,0.7368421052631579,0.0,0.0,1.0,0.7368421052631579,0.26315789473684215,-1
"F[0,1](((HR >= 31.384 & HCO3 <= 12.249) -> O2Sat <= 10.409) & TroponinI <= 12.845)
",-9999999.000,-9999999.000,0.000,0.000,1.000,14,0,0,5,19,0,14,5,0.7368421052631579,0.0,0.0,1.0,0.7368421052631579,0.26315789473684215,-1
"G[1,1]((Creatinine <= 0.946 -> Resp <= 16.708) & Platelets <= 30.836)
",-16.708,-16.708,0.000,1.000,0.000,13,0,0,6,19,0,13,6,0.6842105263157895,0.0,0.0,1.0,0.6842105263157895,0.3157894736842105,1
"G[0,1](Glucose <= 131.927 -> PaCO2 <= 21.282)
",9999999.000,9999999.000,0.000,1.000,0.000,13,0,0,6,19,0,13,6,0.6842105263157895,0.0,0.0,1.0,0.6842105263157895,0.3157894736842105,1
"F[0,1]((BUN <= 4.081 & Hgb >= 1.295) & Fibrinogen <= 13.292)
",-9999999.000,-9999999.000,0.000,0.000,1.000,13,0,0,6,19,0,13,6,0.6842105263157895,0.0,0.0,1.0,0.6842105263157895,0.3157894736842105,-1
"F[0,1](Magnesium >= 0.041 | O2Sat <= 94.091)
",-9999999.000,-9999999.000,0.000,0.000,1.000,12,0,0,7,19,0,12,7,0.631578947368421,0.0,0.0,1.0,0.631578947368421,0.368421052631579,-1
"((Glucose >= 2.158) U[1,2] (Resp <= 17.299))
",-9999999.000,-9999999.000,0.000,0.000,1.000,12,0,0,7,19,0,12,7,0.631578947368421,0.0,0.0,1.0,0.631578947368421,0.368421052631579,-1
"F[0,1]((BUN >= 0.426 & MAP >= 44.713) | Hct >= 16.673)
",-9999999.000,-9999999.000,0.000,0.000,1.000,11,0,0,8,19,0,11,8,0.5789473684210527,0.0,0.0,1.0,0.5789473684210527,0.42105263157894735,-1
"G[0,1](Hct < 15.861 & SepsisLabel = 0.000)
",9999999.000,9999999.000,0.000,1.000,0.000,11,0,0,8,19,0,11,8,0.5789473684210527,0.0,0.0,1.0,0.5789473684210527,0.42105263157894735,1
"((MAP >= 37.778) U[0,0] (SBP <= 105.502))
",5.196,84.059,0.000,0.000,1.000,10,0,0,9,19,0,10,9,0.5263157894736842,0.0,0.0,1.0,0.5263157894736842,0.4736842105263158,-1
"F[0,0]((PTT <= 116.438 & SBP <= 105.598) & Hgb <= 115.893)
",5.162,77.551,0.000,0.000,1.000,10,0,0,9,19,0,10,9,0.5263157894736842,0.0,0.0,1.0,0.5263157894736842,0.4736842105263158,-1
"((SBP <= 112.560) U[1,1] (Temp <= 36.668))
",112.560,112.560,0.000,0.000,1.000,10,0,0,9,19,0,10,9,0.5263157894736842,0.0,0.0,1.0,0.5263157894736842,0.4736842105263158,-1
"F[0,1]((Hct <= 7.303 -> Temp >= 0.391) -> WBC >= 14.336)
",-9999999.000,-9999999.000,0.000,0.000,1.000,10,0,0,9,19,0,10,9,0.5263157894736842,0.0,0.0,1.0,0.5263157894736842,0.4736842105263158,-1
"((Chloride <= 97.766) U[0,1] (pH >= 0.318))
",-9999999.000,-9999999.000,0.000,0.000,1.000,10,0,0,9,19,0,10,9,0.5263157894736842,0.0,0.0,1.0,0.5263157894736842,0.4736842105263158,-1
"((HR <= 87.245) U[1,2] (pH <= 4.616))
",-9999999.000,-9999999.000,0.000,0.000,1.000,8,0,0,11,19,0,8,11,0.42105263157894735,0.0,0.0,1.0,0.42105263157894735,0.5789473684210527,-1
"((Lactate <= 0.000) U[1,1] (pH <= 2.783))
",2.783,2.783,0.000,0.000,1.000,6,0,0,13,19,0,6,13,0.3157894736842105,0.0,0.0,1.0,0.3157894736842105,0.6842105263157895,-1
"G[1,1](((BUN <= 12.809 -> Resp <= 16.294) & Bilirubin_total <= 35.691) -> FiO2 >= 8.816)
",4962689266001722.000,8.816,0.000,1.000,0.000,6,0,0,13,19,0,6,13,0.3157894736842105,0.0,0.0,1.0,0.3157894736842105,0.6842105263157895,1
"((Resp <= 17.355) U[1,2] (SaO2 <= 63.503))
",-9999999.000,-9999999.000,0.000,0.000,1.000,6,0,0,13,19,0,6,13,0.3157894736842105,0.0,0.0,1.0,0.3157894736842105,0.6842105263157895,-1
"((BUN >= 0.229) U[1,2] (Hct >= 7.097))
",-9999999.000,-9999999.000,0.000,0.000,1.000,5,0,0,14,19,0,5,14,0.2631578947368421,0.0,0.0,1.0,0.2631578947368421,0.736842105263158,-1
"F[0,1]((HCO3 >= 0.647 | Resp >= 15.097) -> O2Sat <= 17.657)
",-9999999.000,-9999999.000,0.000,0.000,1.000,5,0,0,14,19,0,5,14,0.2631578947368421,0.0,0.0,1.0,0.2631578947368421,0.736842105263158,-1
"G[0,0](HCO3 >= 0.192 | pH >= 0.306)
",-0.057,-0.018,0.000,1.000,0.000,5,0,0,14,19,0,5,14,0.2631578947368421,0.0,0.0,1.0,0.2631578947368421,0.736842105263158,1
"((MAP >= 10.897) U[0,0] (SBP <= 113.799))
",7.483,101.481,0.000,0.000,1.000,5,0,0,14,19,0,5,14,0.2631578947368421,0.0,0.0,1.0,0.2631578947368421,0.736842105263158,-1
"((MAP >= 24.849) U[0,0] (Temp >= 1.143))
",4.141,91.599,0.000,0.000,1.000,4,0,0,15,19,0,4,15,0.21052631578947367,0.0,0.0,1.0,0.21052631578947367,0.7894736842105263,-1
"F[0,0]((DBP >= 27.712 -> Temp >= 12.997) | BUN >= 18.169)
",-2.375,-16.529,0.000,0.000,1.000,4,0,0,15,19,0,4,15,0.21052631578947367,0.0,0.0,1.0,0.21052631578947367,0.7894736842105263,-1
"F[1,1]((FiO2 >= 0.030 | Resp <= 21.829) & MAP >= 13.910)
",-7830914506052322.000,-13.910,0.000,0.000,1.000,4,0,0,15,19,0,4,15,0.21052631578947367,0.0,0.0,1.0,0.21052631578947367,0.7894736842105263,-1
"F[0,1](((SaO2 <= 92.522 & Temp <= 27.827) | TroponinI >= 4.488) -> AST >= 7.112)
",-9999999.000,-9999999.000,0.000,0.000,1.000,4,0,0,15,19,0,4,15,0.21052631578947367,0.0,0.0,1.0,0.21052631578947367,0.7894736842105263,-1
"G[0,0](((Chloride >= 3.490 -> Platelets <= 13.580) | HCO3 <= 97.916) -> Glucose >= 0.152)
",-97.721,-98.126,0.000,1.000,0.000,4,0,0,15,19,0,4,15,0.21052631578947367,0.0,0.0,1.0,0.21052631578947367,0.7894736842105263,1
"G[1,1](Glucose >= 12.689 & Hct <= 41.461)
",-7143028570268414.000,-12.689,0.000,1.000,0.000,4,0,0,15,19,0,4,15,0.21052631578947367,0.0,0.0,1.0,0.21052631578947367,0.7894736842105263,1
"G[0,0](PaCO2 >= 6.437 & SepsisLabel = 0.000)
",-0.495,-14.141,0.000,1.000,0.000,4,0,0,15,19,0,4,15,0.21052631578947367,0.0,0.0,1.0,0.21052631578947367,0.7894736842105263,1
"G[0,1](((Calcium >= 0.132 | FiO2 >= 0.044) | PaCO2 >= 0.065) | Magnesium >= 0.045)
",9999999.000,9999999.000,0.000,1.000,0.000,4,0,0,15,19,0,4,15,0.21052631578947367,0.0,0.0,1.0,0.21052631578947367,0.7894736842105263,1
"F[1,1](((Hgb <= 9.231 | Temp <= 36.768) | Potassium >= 2.780) & Fibrinogen <= 28.842)
",28.842,28.842,0.000,0.000,1.000,3,0,0,16,19,0,3,16,0.15789473684210525,0.0,0.0,1.0,0.15789473684210525,0.8421052631578947,-1
"F[0,0](FiO2 <= 0.141 & SBP <= 127.344)
",-0.209,-1.122,0.000,0.000,1.000,3,0,0,16,19,0,3,16,0.15789473684210525,0.0,0.0,1.0,0.15789473684210525,0.8421052631578947,-1
"((DBP <= 59.179) U[1,2] (Fibrinogen >= 0.000))
",-9999999.000,-9999999.000,0.000,0.000,1.000,3,0,0,16,19,0,3,16,0.15789473684210525,0.0,0.0,1.0,0.15789473684210525,0.8421052631578947,-1
"G[0,0](Platelets <= 21.048 -> WBC >= 0.216)
",-3.248,-23.394,0.000,1.000,0.000,3,0,0,16,19,0,3,16,0.15789473684210525,0.0,0.0,1.0,0.15789473684210525,0.8421052631578947,1
"G[0,0](((Hgb <= 11.724 | Hct <= 42.542) -> WBC >= 0.620) & Platelets >= 7.242)
",-26.197,-42.928,0.000,1.000,0.000,3,0,0,16,19,0,3,16,0.15789473684210525,0.0,0.0,1.0,0.15789473684210525,0.8421052631578947,1
"G[0,0](((Hgb <= 14.003 | Hct <= 34.192) -> WBC >= 0.718) & Platelets >= 1.748)
",-10.085,-35.102,0.000,1.000,0.000,3,0,0,16,19,0,3,16,0.15789473684210525,0.0,0.0,1.0,0.15789473684210525,0.8421052631578947,1
"G[1,1]((BUN >= 0.172 -> DBP <= 56.138) -> O2Sat <= 61.287)
",-8625418353997773.000,-61.287,0.000,1.000,0.000,3,0,0,16,19,0,3,16,0.15789473684210525,0.0,0.0,1.0,0.15789473684210525,0.8421052631578947,1
"G[0,0](((Hgb <= 5.263 | Hct <= 19.054) -> WBC >= 0.449) & Platelets >= 7.993)
",-2.797,-21.585,0.000,1.000,0.000,3,0,0,16,19,0,3,16,0.15789473684210525,0.0,0.0,1.0,0.15789473684210525,0.8421052631578947,1
"G[0,1]((Fibrinogen >= 0.000 & MAP <= 69.294) & MAP <= 68.481)
",9999999.000,9999999.000,0.000,1.000,0.000,3,0,0,16,19,0,3,16,0.15789473684210525,0.0,0.0,1.0,0.15789473684210525,0.8421052631578947,1
"F[1,1](Resp <= 22.638 & Bilirubin_total >= 0.000)
",0.000,0.000,0.000,0.000,1.000,2,0,0,17,19,0,2,17,0.10526315789473684,0.0,0.0,1.0,0.10526315789473684,0.8947368421052632,-1
"G[1,1](((Glucose >= 16.914 -> pH >= 1.833) -> BUN <= 5.108) & DBP <= 7.286)
",-5.108,-5.108,0.000,1.000,0.000,2,0,0,17,19,0,2,17,0.10526315789473684,0.0,0.0,1.0,0.10526315789473684,0.8947368421052632,1
"G[0,0](Chloride >= 0.304 & HCO3 >= 0.082)
",-0.566,-0.521,0.000,1.000,0.000,2,0,0,17,19,0,2,17,0.10526315789473684,0.0,0.0,1.0,0.10526315789473684,0.8947368421052632,1
"G[0,0](Chloride >= 2.031 & HCO3 >= 0.329)
",-2.471,-2.010,0.000,1.000,0.000,2,0,0,17,19,0,2,17,0.10526315789473684,0.0,0.0,1.0,0.10526315789473684,0.8947368421052632,1
"F[1,1](((SepsisLabel <= 0.000 | Creatinine >= 0.006) | Hct <= 0.088) -> HR >= 0.049)
",-6371979179730149.000,-0.088,0.000,0.000,1.000,2,0,0,17,19,0,2,17,0.10526315789473684,0.0,0.0,1.0,0.10526315789473684,0.8947368421052632,-1
"F[0,0]((SaO2 >= 4.473 -> WBC >= 0.689) -> HCO3 <= 7.633)
",-7.811,-7.844,0.000,0.000,1.000,2,0,0,17,19,0,2,17,0.10526315789473684,0.0,0.0,1.0,0.10526315789473684,0.8947368421052632,-1
"((Calcium <= 6.194) U[1,2] (Phosphate <= 2.904))
",-9999999.000,-9999999.000,0.000,0.000,1.000,2,0,0,17,19,0,2,17,0.10526315789473684,0.0,0.0,1.0,0.10526315789473684,0.8947368421052632,-1
"((MAP >= 40.886) U[0,0] (SBP <= 126.005))
",5.850,100.696,0.000,0.000,1.000,2,0,0,17,19,0,2,17,0.10526315789473684,0.0,0.0,1.0,0.10526315789473684,0.8947368421052632,-1
"((MAP >= 54.855) U[0,0] (SBP <= 120.108))
",5.460,94.609,0.000,0.000,1.000,2,0,0,17,19,0,2,17,0.10526315789473684,0.0,0.0,1.0,0.10526315789473684,0.8947368421052632,-1
"((WBC <= 9.719) U[1,1] (EtCO2 <= 0.000))
",5471100238034183.000,9.719,0.000,0.000,1.000,2,0,0,17,19,0,2,17,0.10526315789473684,0.0,0.0,1.0,0.10526315789473684,0.8947368421052632,-1
"G[0,0](PaCO2 <= 43.599 & BUN >= 0.674)
",-0.674,-0.674,0.000,1.000,0.000,2,0,0,17,19,0,2,17,0.10526315789473684,0.0,0.0,1.0,0.10526315789473684,0.8947368421052632,1
"((PTT <= 106.441) U[1,2] (SepsisLabel = 0.000))
",-9999999.000,-9999999.000,0.000,0.000,1.000,1,0,0,18,19,0,1,18,0.05263157894736842,0.0,0.0,1.0,0.05263157894736842,0.9473684210526316,-1
"F[0,0](PTT <= 46.275 & SepsisLabel = 0.000)
",-0.326,-9.737,0.000,0.000,1.000,1,0,0,18,19,0,1,18,0.05263157894736842,0.0,0.0,1.0,0.05263157894736842,0.9473684210526316,-1
"G[0,1]((Creatinine <= 0.618 & Glucose <= 152.919) & PaCO2 >= 8.907)
",9999999.000,9999999.000,0.000,1.000,0.000,1,0,0,18,19,0,1,18,0.05263157894736842,0.0,0.0,1.0,0.05263157894736842,0.9473684210526316,1
"F[0,0]((Phosphate >= 0.070 & Magnesium > 0.003) -> Calcium < 6.240)
",-7026169214330523.000,-6.240,0.000,0.000,1.000,1,0,0,18,19,0,1,18,0.05263157894736842,0.0,0.0,1.0,0.05263157894736842,0.9473684210526316,-1
"((Hct <= 40.460) U[0,1] (MAP <= 79.069))
",-9999999.000,-9999999.000,0.000,0.000,1.000,1,0,0,18,19,0,1,18,0.05263157894736842,0.0,0.0,1.0,0.05263157894736842,0.9473684210526316,-1
"((PaCO2 <= 20.244) U[0,1] (pH <= 3.928))
",-9999999.000,-9999999.000,0.000,0.000,1.000,1,0,0,18,19,0,1,18,0.05263157894736842,0.0,0.0,1.0,0.05263157894736842,0.9473684210526316,-1
"F[0,0]((Phosphate >= 0.070 & Magnesium > 0.009) -> Calcium < 7.500)
",-7.500,-7.500,0.000,0.000,1.000,1,0,0,18,19,0,1,18,0.05263157894736842,0.0,0.0,1.0,0.05263157894736842,0.9473684210526316,-1
"F[0,1]((BaseExcess <= -0.117 & Potassium <= 1.865) -> Platelets >= 0.012)
",-9999999.000,-9999999.000,0.000,0.000,1.000,1,0,0,18,19,0,1,18,0.05263157894736842,0.0,0.0,1.0,0.05263157894736842,0.9473684210526316,-1
"((BaseExcess <= 0.779) U[1,2] (SepsisLabel = 0.000))
",-9999999.000,-9999999.000,0.000,0.000,1.000,1,0,0,18,19,0,1,18,0.05263157894736842,0.0,0.0,1.0,0.05263157894736842,0.9473684210526316,-1
"F[0,0]((Phosphate >= 0.051 & Magnesium > 0.007) -> Calcium < 2.276)
",-5124187417010810.000,-2.276,0.000,0.000,1.000,1,0,0,18,19,0,1,18,0.05263157894736842,0.0,0.0,1.0,0.05263157894736842,0.9473684210526316,-1
"F[0,1](Resp >= 8.842 -> DBP <= 59.322)
",-9999999.000,-9999999.000,0.000,0.000,1.000,1,0,0,18,19,0,1,18,0.05263157894736842,0.0,0.0,1.0,0.05263157894736842,0.9473684210526316,-1
"F[0,0](Hgb <= 13.248 | Hct <= 38.523)
",5421649498980626.000,38.523,0.000,0.000,1.000,1,0,0,18,19,0,1,18,0.05263157894736842,0.0,0.0,1.0,0.05263157894736842,0.9473684210526316,-1
"((BUN <= 3.352) U[0,0] (Magnesium <= 1.139))
",7548708917252179.000,3.352,0.000,0.000,1.000,1,0,0,18,19,0,1,18,0.05263157894736842,0.0,0.0,1.0,0.05263157894736842,0.9473684210526316,-1
"((PaCO2 <= 45.730) U[1,2] (SBP <= 122.620))
",-9999999.000,-9999999.000,0.000,0.000,1.000,1,0,0,18,19,0,1,18,0.05263157894736842,0.0,0.0,1.0,0.05263157894736842,0.9473684210526316,-1
"((MAP >= 33.046) U[1,1] (SBP <= 128.332))
",4515265818165790.000,128.332,0.000,0.000,1.000,1,0,0,18,19,0,1,18,0.05263157894736842,0.0,0.0,1.0,0.05263157894736842,0.9473684210526316,-1
"G[0,0](((DBP <= 54.735 -> FiO2 >= 0.053) & Phosphate >= 0.038) & WBC >= 0.008)
",-0.320,-4.176,0.000,1.000,0.000,1,0,0,18,19,0,1,18,0.05263157894736842,0.0,0.0,1.0,0.05263157894736842,0.9473684210526316,1
"F[0,1](Chloride <= 65.774 -> FiO2 <= 0.121)
",-9999999.000,-9999999.000,0.000,0.000,1.000,1,0,0,18,19,0,1,18,0.05263157894736842,0.0,0.0,1.0,0.05263157894736842,0.9473684210526316,-1
"((Resp <= 21.736) U[1,2] (SepsisLabel = 0.000))
",-9999999.000,-9999999.000,0.000,0.000,1.000,1,0,0,18,19,0,1,18,0.05263157894736842,0.0,0.0,1.0,0.05263157894736842,0.9473684210526316,-1
"((PTT <= 118.961) U[1,1] (SepsisLabel = 0.000))
",118.961,118.961,0.000,0.000,1.000,1,0,0,18,19,0,1,18,0.05263157894736842,0.0,0.0,1.0,0.05263157894736842,0.9473684210526316,-1
"G[1,1](((Platelets >= 7.189 | PTT >= 0.357) | Calcium >= 4.716) & Alkalinephos <= 67.941)
",-6439201404314043.000,-0.357,0.000,1.000,0.000,1,0,0,18,19,0,1,18,0.05263157894736842,0.0,0.0,1.0,0.05263157894736842,0.9473684210526316,1
"G[0,0](Phosphate >= 0.025 & Temp >= 9.392)
",-0.179,-0.391,0.000,1.000,0.000,1,0,0,18,19,0,1,18,0.05263157894736842,0.0,0.0,1.0,0.05263157894736842,0.9473684210526316,1
"F[0,1](((Calcium <= 4.077 -> pH <= 5.031) | MAP <= 2.140) & Phosphate <= 5.208)
",-9999999.000,-9999999.000,0.000,0.000,1.000,1,0,0,18,19,0,1,18,0.05263157894736842,0.0,0.0,1.0,0.05263157894736842,0.9473684210526316,-1
"((TroponinI <= 0.000) U[0,1] (EtCO2 <= 0.000))
",-9999999.000,-9999999.000,0.000,0.000,1.000,0,0,0,19,19,0,0,19,0.0,0.0,0.0,0.0,0.0,1.0,-1
"F[1,1](((Alkalinephos <= 0.000 & Lactate >= 0.000) | BaseExcess >= 0.000) & TroponinI >= 0.000)
",0.000,0.000,0.000,0.000,1.000,0,0,0,19,19,0,0,19,0.0,0.0,0.0,0.0,0.0,1.0,-1
"F[0,2]((pH <= 7.085 | Hgb >= 0.072) & BaseExcess >= 1.009)
",-9999999.000,-9999999.000,0.000,0.000,1.000,0,0,0,19,19,0,0,19,0.0,0.0,0.0,0.0,0.0,1.0,-1
"F[0,2](((SaO2 <= 94.895 | SaO2 <= 27.065) | Lactate >= 0.019) & EtCO2 <= 75.175)
",-9999999.000,-9999999.000,0.000,0.000,1.000,0,0,0,19,19,0,0,19,0.0,0.0,0.0,0.0,0.0,1.0,-1
"F[0,0](((Hct >= 1.543 -> Resp >= 15.758) | EtCO2 <= 15.942) & Creatinine <= 20.114)
",-0.226,-4.444,0.000,0.000,1.000,0,0,0,19,19,0,0,19,0.0,0.0,0.0,0.0,0.0,1.0,-1
"((Magnesium <= 0.398) U[0,1] (SepsisLabel = 0.000))
",-9999999.000,-9999999.000,0.000,0.000,1.000,0,0,0,19,19,0,0,19,0.0,0.0,0.0,0.0,0.0,1.0,-1
"F[1,1]((Bilirubin_total >= 0.000 | Glucose <= 51.786) & AST <= 135.816)
",7288229609574573.000,51.786,0.000,0.000,1.000,0,0,0,19,19,0,0,19,0.0,0.0,0.0,0.0,0.0,1.0,-1
"F[2,2]((Resp >= 10.779 -> FiO2 <= 0.223) | Phosphate >= 0.024)
",-6800377795677453.000,-0.024,0.000,0.000,1.000,0,0,0,19,19,0,0,19,0.0,0.0,0.0,0.0,0.0,1.0,-1
"F[1,1]((Platelets >= 8.995 -> Alkalinephos <= 0.000) -> SepsisLabel >= 0.000)
",0.000,0.000,0.000,0.000,1.000,0,0,0,19,19,0,0,19,0.0,0.0,0.0,0.0,0.0,1.0,-1
"((BaseExcess < 0.344) U[2,2] (SepsisLabel = 0.000))
",6198429168653477.000,0.344,0.000,0.000,1.000,0,0,0,19,19,0,0,19,0.0,0.0,0.0,0.0,0.0,1.0,-1
"F[0,0](((Bilirubin_direct <= 0.000 | Bilirubin_direct >= 0.000) | Potassium >= 0.000) | FiO2 <= 0.000)
",0.236,0.232,0.000,0.000,1.000,0,0,0,19,19,0,0,19,0.0,0.0,0.0,0.0,0.0,1.0,-1
"F[0,1](Hgb <= 12.226 | Hct <= 36.430)
",-9999999.000,-9999999.000,0.000,0.000,1.000,0,0,0,19,19,0,0,19,0.0,0.0,0.0,0.0,0.0,1.0,-1
"((DBP >= 47.942) U[1,2] (Hgb >= 0.990))
",-9999999.000,-9999999.000,0.000,0.000,1.000,0,0,0,19,19,0,0,19,0.0,0.0,0.0,0.0,0.0,1.0,-1
"((Creatinine > 0.048) U[0,0] (SepsisLabel = 0.000))
",0.236,5.521,0.000,0.000,1.000,0,0,0,19,19,0,0,19,0.0,0.0,0.0,0.0,0.0,1.0,-1
"((TroponinI >= 0.000) U[0,0] (SepsisLabel = 0.000))
",0.000,0.000,0.000,0.000,1.000,0,0,0,19,19,0,0,19,0.0,0.0,0.0,0.0,0.0,1.0,-1
"((Creatinine > 0.009) U[0,0] (SepsisLabel = 0.000))
",0.236,5.525,0.000,0.000,1.000,0,0,0,19,19,0,0,19,0.0,0.0,0.0,0.0,0.0,1.0,-1
"F[0,2](PTT > 4.051 -> SepsisLabel = 0.000)
",-9999999.000,-9999999.000,0.000,0.000,1.000,0,0,0,19,19,0,0,19,0.0,0.0,0.0,0.0,0.0,1.0,-1
"((WBC > 0.007) U[0,1] (SepsisLabel = 0.000))
",-9999999.000,-9999999.000,0.000,0.000,1.000,0,0,0,19,19,0,0,19,0.0,0.0,0.0,0.0,0.0,1.0,-1
"F[1,2](((MAP <= 82.844 -> DBP >= 16.288) | AST >= 1.686) & Phosphate <= 63.803)
",-9999999.000,-9999999.000,0.000,0.000,1.000,0,0,0,19,19,0,0,19,0.0,0.0,0.0,0.0,0.0,1.0,-1
"((TroponinI <= 0.000) U[0,2] (Potassium <= 2.648))
",-9999999.000,-9999999.000,0.000,0.000,1.000,0,0,0,19,19,0,0,19,0.0,0.0,0.0,0.0,0.0,1.0,-1
"F[2,2](pH <= 6.112 -> pH >= 1.665)
",-6881967982863964.000,-6.112,0.000,0.000,1.000,0,0,0,19,19,0,0,19,0.0,0.0,0.0,0.0,0.0,1.0,-1
"((Hgb <= 5.178) U[0,1] (Platelets <= 27.774))
",-9999999.000,-9999999.000,0.000,0.000,1.000,0,0,0,19,19,0,0,19,0.0,0.0,0.0,0.0,0.0,1.0,-1
"F[2,2](Phosphate <= 3.980 & HR <= 97.157)
",3.980,3.980,0.000,0.000,1.000,0,0,0,19,19,0,0,19,0.0,0.0,0.0,0.0,0.0,1.0,-1
"F[2,2](Lactate <= 0.000 | pH <= 7.172)
",7.172,7.172,0.000,0.000,1.000,0,0,0,19,19,0,0,19,0.0,0.0,0.0,0.0,0.0,1.0,-1
"((Phosphate <= 1.155) U[2,2] (BUN <= 4.579))
",4.579,4.579,0.000,0.000,1.000,0,0,0,19,19,0,0,19,0.0,0.0,0.0,0.0,0.0,1.0,-1
"F[1,1](((pH <= 4.630 & Fibrinogen >= 0.000) -> Bilirubin_total <= 0.000) | AST >= 0.000)
",0.000,0.000,0.000,0.000,1.000,0,0,0,19,19,0,0,19,0.0,0.0,0.0,0.0,0.0,1.0,-1
"F[0,1](((Hgb >= 0.488 & Fibrinogen <= 0.000) | WBC <= 0.000) & Magnesium >= 0.000)
",-9999999.000,-9999999.000,0.000,0.000,1.000,0,0,0,19,19,0,0,19,0.0,0.0,0.0,0.0,0.0,1.0,-1
"F[0,2](PaCO2 >= 6.957 | Calcium <= 1.339)
",-9999999.000,-9999999.000,0.000,0.000,1.000,0,0,0,19,19,0,0,19,0.0,0.0,0.0,0.0,0.0,1.0,-1
"F[1,1](Calcium >= 0.060 | Calcium <= 7.066)
",7955681839516143.000,7.066,0.000,0.000,1.000,0,0,0,19,19,0,0,19,0.0,0.0,0.0,0.0,0.0,1.0,-1
"((Resp <= 27.609) U[0,1] (Fibrinogen <= 0.000))
",-9999999.000,-9999999.000,0.000,0.000,1.000,0,0,0,19,19,0,0,19,0.0,0.0,0.0,0.0,0.0,1.0,-1
"F[0,2](((TroponinI <= 0.000 & SepsisLabel >= 0.000) & O2Sat >= 0.000) | Phosphate >= 0.000)
",-9999999.000,-9999999.000,0.000,0.000,1.000,0,0,0,19,19,0,0,19,0.0,0.0,0.0,0.0,0.0,1.0,-1
"F[0,2]((Creatinine >= 0.040 -> SepsisLabel <= 0.000) & Phosphate >= 0.000)
",-9999999.000,-9999999.000,0.000,0.000,1.000,0,0,0,19,19,0,0,19,0.0,0.0,0.0,0.0,0.0,1.0,-1
"F[1,2](((AST >= 0.000 & Calcium <= 8.286) & PaCO2 <= 6.319) & SBP >= 0.017)
",-9999999.000,-9999999.000,0.000,0.000,1.000,0,0,0,19,19,0,0,19,0.0,0.0,0.0,0.0,0.0,1.0,-1
"F[0,1]((HR <= 111.033 -> SBP <= 107.174) -> Creatinine <= 133.536)
",-9999999.000,-9999999.000,0.000,0.000,1.000,0,0,0,19,19,0,0,19,0.0,0.0,0.0,0.0,0.0,1.0,-1
"F[2,2]((Lactate <= 0.000 -> Potassium <= 4.775) | Chloride <= 3.587)
",8076325819128994.000,3.587,0.000,0.000,1.000,0,0,0,19,19,0,0,19,0.0,0.0,0.0,0.0,0.0,1.0,-1
"((DBP >= 37.010) U[2,2] (FiO2 >= 0.003))
",-6400680122621740.000,-0.003,0.000,0.000,1.000,0,0,0,19,19,0,0,19,0.0,0.0,0.0,0.0,0.0,1.0,-1
"F[0,2](Hgb <= 9.623 & TroponinI >= 0.000)
",-9999999.000,-9999999.000,0.000,0.000,1.000,0,0,0,19,19,0,0,19,0.0,0.0,0.0,0.0,0.0,1.0,-1
"F[1,2](((PTT <= 103.182 -> Hct <= 34.703) -> Lactate >= 6.077) | BUN <= 12.940)
",-9999999.000,-9999999.000,0.000,0.000,1.000,0,0,0,19,19,0,0,19,0.0,0.0,0.0,0.0,0.0,1.0,-1
"F[1,2](((Hgb <= 13.041 & FiO2 <= 0.383) & Magnesium >= 0.040) & Phosphate <= 0.443)
",-9999999.000,-9999999.000,0.000,0.000,1.000,0,0,0,19,19,0,0,19,0.0,0.0,0.0,0.0,0.0,1.0,-1
"F[2,2](Magnesium >= 0.052 -> Chloride <= 70.780)
",-70.780,-70.780,0.000,0.000,1.000,0,0,0,19,19,0,0,19,0.0,0.0,0.0,0.0,0.0,1.0,-1
"((Alkalinephos >= 0.000) U[2,2] (Hgb <= 2.438))
",2.438,2.438,0.000,0.000,1.000,0,0,0,19,19,0,0,19,0.0,0.0,0.0,0.0,0.0,1.0,-1
"G[0,1](((Bilirubin_total <= 0.000 & PaCO2 >= 8.054) -> FiO2 <= 17.056) & BaseExcess >= 3.299)
",9999999.000,9999999.000,0.000,1.000,0.000,0,0,0,19,19,0,0,19,0.0,0.0,0.0,0.0,0.0,1.0,1
"((BUN <= 4.659) U[0,1] (SBP >= 55.944))
",-9999999.000,-9999999.000,0.000,0.000,1.000,0,0,0,19,19,0,0,19,0.0,0.0,0.0,0.0,0.0,1.0,-1
"((BUN >= 0.010) U[0,2] (PTT >= 5.208))
",-9999999.000,-9999999.000,0.000,0.000,1.000,0,0,0,19,19,0,0,19,0.0,0.0,0.0,0.0,0.0,1.0,-1
"F[1,2](Calcium <= 5.286 -> Calcium >= 0.276)
",-9999999.000,-9999999.000,0.000,0.000,1.000,0,0,0,19,19,0,0,19,0.0,0.0,0.0,0.0,0.0,1.0,-1
"F[0,2](((EtCO2 <= 0.000 | PTT >= 2.620) & Phosphate >= 3.359) -> WBC >= 5.388)
",-9999999.000,-9999999.000,0.000,0.000,1.000,0,0,0,19,19,0,0,19,0.0,0.0,0.0,0.0,0.0,1.0,-1
"((PaCO2 >= 9.126) U[0,2] (SepsisLabel <= 0.000))
",-9999999.000,-9999999.000,0.000,0.000,1.000,0,0,0,19,19,0,0,19,0.0,0.0,0.0,0.0,0.0,1.0,-1
"F[1,1](SBP >= 41.980 | MAP <= 73.614)
",5180134441560364.000,73.614,0.000,0.000,1.000,0,0,0,19,19,0,0,19,0.0,0.0,0.0,0.0,0.0,1.0,-1
"F[0,1](SBP <= 136.753 -> Potassium <= 1.441)
",-9999999.000,-9999999.000,0.000,0.000,1.000,0,0,0,19,19,0,0,19,0.0,0.0,0.0,0.0,0.0,1.0,-1
"F[0,0]((DBP >= 6.872 & Magnesium >= 0.050) | Phosphate <= 1.147)
",4.056,1.084,0.000,0.000,1.000,0,0,0,19,19,0,0,19,0.0,0.0,0.0,0.0,0.0,1.0,-1
"F[0,1]((PTT >= 3.946 -> Fibrinogen >= 0.000) | Potassium <= 0.000)
",-9999999.000,-9999999.000,0.000,0.000,1.000,0,0,0,19,19,0,0,19,0.0,0.0,0.0,0.0,0.0,1.0,-1
"F[0,2]((Calcium <= 7.146 | Calcium <= 6.029) & PTT <= 8.150)
",-9999999.000,-9999999.000,0.000,0.000,1.000,0,0,0,19,19,0,0,19,0.0,0.0,0.0,0.0,0.0,1.0,-1
"((Lactate <= 0.000) U[1,2] (Glucose <= 37.104))
",-9999999.000,-9999999.000,0.000,0.000,1.000,0,0,0,19,19,0,0,19,0.0,0.0,0.0,0.0,0.0,1.0,-1
"((Platelets <= 116.462) U[0,2] (Phosphate <= 3.394))
",-9999999.000,-9999999.000,0.000,0.000,1.000,0,0,0,19,19,0,0,19,0.0,0.0,0.0,0.0,0.0,1.0,-1
"F[1,2](((WBC >= 0.092 | O2Sat <= 99.347) | Fibrinogen <= 91.421) & Creatinine <= 93.599)
",-9999999.000,-9999999.000,0.000,0.000,1.000,0,0,0,19,19,0,0,19,0.0,0.0,0.0,0.0,0.0,1.0,-1
"F[1,1](((BaseExcess >= -4.333 -> SepsisLabel >= 0.000) | SBP >= 0.000) | BaseExcess >= 0.000)
",0.000,0.000,0.000,0.000,1.000,0,0,0,19,19,0,0,19,0.0,0.0,0.0,0.0,0.0,1.0,-1
"F[1,2]((Phosphate <= 3.338 | Hgb <= 12.558) -> FiO2 >= 1.837)
",-9999999.000,-9999999.000,0.000,0.000,1.000,0,0,0,19,19,0,0,19,0.0,0.0,0.0,0.0,0.0,1.0,-1
"F[0,0]((Lactate >= 0.000 -> Fibrinogen >= 0.000) -> Lactate >= 0.000)
",-0.578,-34.158,0.000,0.000,1.000,0,0,0,19,19,0,0,19,0.0,0.0,0.0,0.0,0.0,1.0,-1
"((PaCO2 >= 2.547) U[0,2] (PTT >= 1.754))
",-9999999.000,-9999999.000,0.000,0.000,1.000,0,0,0,19,19,0,0,19,0.0,0.0,0.0,0.0,0.0,1.0,-1
"F[2,2]((Alkalinephos >= 0.000 | Lactate <= 0.000) & SBP >= 0.000)
",0.000,0.000,0.000,0.000,1.000,0,0,0,19,19,0,0,19,0.0,0.0,0.0,0.0,0.0,1.0,-1
"F[0,0](((Hct <= 28.066 -> Bilirubin_total <= 0.000) | BUN >= 0.000) | EtCO2 <= 0.000)
",0.000,0.000,0.000,0.000,1.000,0,0,0,19,19,0,0,19,0.0,0.0,0.0,0.0,0.0,1.0,-1
"((Resp >= 4.349) U[1,2] (WBC >= 0.423))
",-9999999.000,-9999999.000,0.000,0.000,1.000,0,0,0,19,19,0,0,19,0.0,0.0,0.0,0.0,0.0,1.0,-1
"F[2,2]((Bilirubin_direct <= 0.000 & Alkalinephos <= 0.000) -> Lactate >= 0.000)
",0.000,0.000,0.000,0.000,1.000,0,0,0,19,19,0,0,19,0.0,0.0,0.0,0.0,0.0,1.0,-1
"((Creatinine <= 0.071) U[0,1] (Potassium <= 2.361))
",-9999999.000,-9999999.000,0.000,0.000,1.000,0,0,0,19,19,0,0,19,0.0,0.0,0.0,0.0,0.0,1.0,-1
"F[0,0](((pH <= 4.508 & TroponinI >= 0.000) | SepsisLabel <= 0.000) -> Phosphate >= 0.000)
",-0.236,-0.126,0.000,0.000,1.000,0,0,0,19,19,0,0,19,0.0,0.0,0.0,0.0,0.0,1.0,-1
"((Bilirubin_direct <= 0.000) U[0,1] (Platelets <= 30.630))
",-9999999.000,-9999999.000,0.000,0.000,1.000,0,0,0,19,19,0,0,19,0.0,0.0,0.0,0.0,0.0,1.0,-1
"F[2,2](((Hgb <= 10.718 | SaO2 <= 73.122) | Glucose <= 11.327) -> Potassium >= 2.981)
",-73.122,-73.122,0.000,0.000,1.000,0,0,0,19,19,0,0,19,0.0,0.0,0.0,0.0,0.0,1.0,-1
"F[1,2](((Calcium <= 6.067 & FiO2 <= 0.152) | TroponinI >= 0.003) & TroponinI >= 0.059)
",-9999999.000,-9999999.000,0.000,0.000,1.000,0,0,0,19,19,0,0,19,0.0,0.0,0.0,0.0,0.0,1.0,-1
"F[0,2](HCO3 <= 17.832 -> EtCO2 >= 0.000)
",-9999999.000,-9999999.000,0.000,0.000,1.000,0,0,0,19,19,0,0,19,0.0,0.0,0.0,0.0,0.0,1.0,-1
"F[1,2](Hct <= 44.912 -> HR <= 104.313)
",-9999999.000,-9999999.000,0.000,0.000,1.000,0,0,0,19,19,0,0,19,0.0,0.0,0.0,0.0,0.0,1.0,-1
"((Bilirubin_total <= 0.000) U[0,2] (SaO2 <= 59.959))
",-9999999.000,-9999999.000,0.000,0.000,1.000,0,0,0,19,19,0,0,19,0.0,0.0,0.0,0.0,0.0,1.0,-1
"F[1,2](((SBP <= 116.298 & HCO3 <= 14.707) | PTT >= 0.692) & Chloride >= 0.676)
",-9999999.000,-9999999.000,0.000,0.000,1.000,0,0,0,19,19,0,0,19,0.0,0.0,0.0,0.0,0.0,1.0,-1
"F[1,1]((pH <= 3.801 & Bilirubin_direct <= 0.000) | WBC <= 0.000)
",0.000,0.000,0.000,0.000,1.000,0,0,0,19,19,0,0,19,0.0,0.0,0.0,0.0,0.0,1.0,-1
"F[0,0]((BUN <= 13.370 | AST >= 0.000) | Potassium >= 0.000)
",7526471500262125.000,13.370,0.000,0.000,1.000,0,0,0,19,19,0,0,19,0.0,0.0,0.0,0.0,0.0,1.0,-1
"F[1,2]((SepsisLabel >= 0.000 -> Phosphate <= 0.478) & Lactate >= 0.112)
",-9999999.000,-9999999.000,0.000,0.000,1.000,0,0,0,19,19,0,0,19,0.0,0.0,0.0,0.0,0.0,1.0,-1
"F[1,2](((Hct <= 14.823 | TroponinI >= 0.000) | Hct <= 0.000) | Potassium >= 0.000)
",-9999999.000,-9999999.000,0.000,0.000,1.000,0,0,0,19,19,0,0,19,0.0,0.0,0.0,0.0,0.0,1.0,-1
"((Resp >= 11.150) U[2,2] (Fibrinogen <= 0.000))
",0.000,0.000,0.000,0.000,1.000,0,0,0,19,19,0,0,19,0.0,0.0,0.0,0.0,0.0,1.0,-1
"F[2,2]((Platelets <= 78.424 -> HR <= 106.695) & HR <= 108.928)
",-7507964476350403.000,-106.695,0.000,0.000,1.000,0,0,0,19,19,0,0,19,0.0,0.0,0.0,0.0,0.0,1.0,-1
"F[2,2](((PTT <= 103.936 & MAP <= 69.936) -> pH <= 74.446) & AST >= 42.565)
",-5238644364595820.000,-74.446,0.000,0.000,1.000,0,0,0,19,19,0,0,19,0.0,0.0,0.0,0.0,0.0,1.0,-1
"F[1,2](HCO3 <= 18.971 | DBP <= 55.158)
",-9999999.000,-9999999.000,0.000,0.000,1.000,0,0,0,19,19,0,0,19,0.0,0.0,0.0,0.0,0.0,1.0,-1
"((Glucose <= 35.184) U[0,1] (SBP <= 124.833))
",-9999999.000,-9999999.000,0.000,0.000,1.000,0,0,0,19,19,0,0,19,0.0,0.0,0.0,0.0,0.0,1.0,-1
"F[0,1](((SaO2 <= 94.446 -> Magnesium >= 0.059) -> Hct <= 0.145) -> Alkalinephos <= 1.260)
",-9999999.000,-9999999.000,0.000,0.000,1.000,0,0,0,19,19,0,0,19,0.0,0.0,0.0,0.0,0.0,1.0,-1
"F[1,1](Magnesium <= 1.209 & Fibrinogen >= 0.000)
",0.000,0.000,0.000,0.000,1.000,0,0,0,19,19,0,0,19,0.0,0.0,0.0,0.0,0.0,1.0,-1
"F[1,1](FiO2 <= 0.111 | WBC <= 9.926)
",5587587233453026.000,9.926,0.000,0.000,1.000,0,0,0,19,19,0,0,19,0.0,0.0,0.0,0.0,0.0,1.0,-1
"F[0,2](((Hgb <= 4.509 -> BaseExcess >= -3.141) -> HCO3 <= 0.776) | Bilirubin_direct <= 0.956)
",-9999999.000,-9999999.000,0.000,0.000,1.000,0,0,0,19,19,0,0,19,0.0,0.0,0.0,0.0,0.0,1.0,-1
"F[0,2](PaCO2 >= 2.892 | O2Sat <= 92.874)
",-9999999.000,-9999999.000,0.000,0.000,1.000,0,0,0,19,19,0,0,19,0.0,0.0,0.0,0.0,0.0,1.0,-1
"F[1,2](Chloride > 2.609 & SepsisLabel = 0.000)
",-9999999.000,-9999999.000,0.000,0.000,1.000,0,0,0,19,19,0,0,19,0.0,0.0,0.0,0.0,0.0,1.0,-1
"F[1,1](Hct >= 2.214 -> SepsisLabel = 0.000)
",0.000,0.000,0.000,0.000,1.000,0,0,0,19,19,0,0,19,0.0,0.0,0.0,0.0,0.0,1.0,-1
"F[1,2](WBC >= 0.094 -> SepsisLabel = 0.000)
",-9999999.000,-9999999.000,0.000,0.000,1.000,0,0,0,19,19,0,0,19,0.0,0.0,0.0,0.0,0.0,1.0,-1
"F[0,2](pH <= 3.389 -> SepsisLabel = 0.000)
",-9999999.000,-9999999.000,0.000,0.000,1.000,0,0,0,19,19,0,0,19,0.0,0.0,0.0,0.0,0.0,1.0,-1
"F[2,2](((Creatinine >= 0.046 | PaCO2 >= 8.597) | BUN >= 6.711) -> EtCO2 >= 9.544)
",0.046,0.046,0.000,0.000,1.000,0,0,0,19,19,0,0,19,0.0,0.0,0.0,0.0,0.0,1.0,-1
"F[0,1]((BaseExcess <= 0.858 | BUN >= 0.516) | Calcium <= 7.850)
",-9999999.000,-9999999.000,0.000,0.000,1.000,0,0,0,19,19,0,0,19,0.0,0.0,0.0,0.0,0.0,1.0,-1
"F[2,2](((MAP <= 76.664 | PTT <= 114.904) | HR <= 114.975) -> BaseExcess <= 6.849)
",-8090649809488623.000,-114.975,0.000,0.000,1.000,0,0,0,19,19,0,0,19,0.0,0.0,0.0,0.0,0.0,1.0,-1
"F[2,2](((HCO3 <= 18.735 | PaCO2 >= 6.990) | SepsisLabel >= 9.600) -> DBP <= 24.144)
",-6796001559647453.000,-24.144,0.000,0.000,1.000,0,0,0,19,19,0,0,19,0.0,0.0,0.0,0.0,0.0,1.0,-1
"F[0,1]((HR >= 10.735 | Potassium <= 0.743) -> FiO2 <= 4.097)
",-9999999.000,-9999999.000,0.000,0.000,1.000,0,0,0,19,19,0,0,19,0.0,0.0,0.0,0.0,0.0,1.0,-1
"F[0,2](((DBP <= 57.076 | Potassium <= 1.595) -> Bilirubin_total >= 0.053) -> O2Sat <= 3.400)
",-9999999.000,-9999999.000,0.000,0.000,1.000,0,0,0,19,19,0,0,19,0.0,0.0,0.0,0.0,0.0,1.0,-1
"F[0,0](((Chloride >= 2.265 -> PTT <= 85.916) -> Fibrinogen <= 28.589) & SBP >= 5.254)
",-10.434,-27.957,0.000,0.000,1.000,0,0,0,19,19,0,0,19,0.0,0.0,0.0,0.0,0.0,1.0,-1
"((MAP >= 35.390) U[0,2] (Potassium >= 0.220))
",-9999999.000,-9999999.000,0.000,0.000,1.000,0,0,0,19,19,0,0,19,0.0,0.0,0.0,0.0,0.0,1.0,-1
"F[2,2](Calcium <= 8.322 | PaCO2 >= 0.451)
",8.322,8.322,0.000,0.000,1.000,0,0,0,19,19,0,0,19,0.0,0.0,0.0,0.0,0.0,1.0,-1
"F[1,2](((Chloride <= 26.732 & MAP >= 27.334) & Temp >= 39.946) | DBP <= 69.077)
",-9999999.000,-9999999.000,0.000,0.000,1.000,0,0,0,19,19,0,0,19,0.0,0.0,0.0,0.0,0.0,1.0,-1
"F[1,2](((MAP <= 75.327 & WBC <= 10.355) | Bilirubin_direct >= 0.479) | Fibrinogen >= 0.196)
",-9999999.000,-9999999.000,0.000,0.000,1.000,0,0,0,19,19,0,0,19,0.0,0.0,0.0,0.0,0.0,1.0,-1
"F[1,2](Creatinine >= 0.023 -> MAP >= 61.704)
",-9999999.000,-9999999.000,0.000,0.000,1.000,0,0,0,19,19,0,0,19,0.0,0.0,0.0,0.0,0.0,1.0,-1
"F[0,2]((Calcium <= 7.575 | HR <= 105.066) & Creatinine >= 19.968)
",-9999999.000,-9999999.000,0.000,0.000,1.000,0,0,0,19,19,0,0,19,0.0,0.0,0.0,0.0,0.0,1.0,-1
"((PaCO2 <= 39.647) U[1,2] (Temp <= 25.402))
",-9999999.000,-9999999.000,0.000,0.000,1.000,0,0,0,19,19,0,0,19,0.0,0.0,0.0,0.0,0.0,1.0,-1
"F[1,2]((O2Sat <= 90.470 -> Resp <= 17.902) | Hct >= 0.722)
",-9999999.000,-9999999.000,0.000,0.000,1.000,0,0,0,19,19,0,0,19,0.0,0.0,0.0,0.0,0.0,1.0,-1
"((BaseExcess >= -4.787) U[2,2] (O2Sat <= 96.747))
",6807982351601538.000,96.747,0.000,0.000,1.000,0,0,0,19,19,0,0,19,0.0,0.0,0.0,0.0,0.0,1.0,-1
"F[1,2]((PaCO2 <= 35.441 -> WBC >= 0.053) -> EtCO2 >= 0.298)
",-9999999.000,-9999999.000,0.000,0.000,1.000,0,0,0,19,19,0,0,19,0.0,0.0,0.0,0.0,0.0,1.0,-1
"F[1,2](((pH <= 3.507 | Potassium <= 3.713) | SepsisLabel <= 0.827) | HR <= 4.758)
",-9999999.000,-9999999.000,0.000,0.000,1.000,0,0,0,19,19,0,0,19,0.0,0.0,0.0,0.0,0.0,1.0,-1
"F[0,1](FiO2 <= 0.414 | Hct >= 6.320)
",-9999999.000,-9999999.000,0.000,0.000,1.000,0,0,0,19,19,0,0,19,0.0,0.0,0.0,0.0,0.0,1.0,-1
"F[1,1](((Hct <= 13.830 & Phosphate <= 0.966) & Lactate >= 0.027) | EtCO2 <= 3.660)
",8241221048908591.000,3.660,0.000,0.000,1.000,0,0,0,19,19,0,0,19,0.0,0.0,0.0,0.0,0.0,1.0,-1
"F[1,2](((MAP >= 41.512 & Platelets <= 23.859) -> Magnesium >= 2.705) & Creatinine <= 109.260)
",-9999999.000,-9999999.000,0.000,0.000,1.000,0,0,0,19,19,0,0,19,0.0,0.0,0.0,0.0,0.0,1.0,-1
"F[1,2]((O2Sat <= 94.391 -> PaCO2 >= 1.099) & Alkalinephos >= 4.726)
",-9999999.000,-9999999.000,0.000,0.000,1.000,0,0,0,19,19,0,0,19,0.0,0.0,0.0,0.0,0.0,1.0,-1
"F[2,2](((FiO2 <= 0.398 -> Hgb >= 0.570) -> SBP <= 10.309) | PTT <= 7.047)
",7.047,7.047,0.000,0.000,1.000,0,0,0,19,19,0,0,19,0.0,0.0,0.0,0.0,0.0,1.0,-1
"F[0,1](((DBP >= 45.643 & MAP >= 39.075) & Glucose >= 13.860) | Resp <= 73.964)
",-9999999.000,-9999999.000,0.000,0.000,1.000,0,0,0,19,19,0,0,19,0.0,0.0,0.0,0.0,0.0,1.0,-1
"F[1,2](((pH >= 0.548 | Temp >= 3.052) & Platelets <= 26.419) | Magnesium <= 29.629)
",-9999999.000,-9999999.000,0.000,0.000,1.000,0,0,0,19,19,0,0,19,0.0,0.0,0.0,0.0,0.0,1.0,-1
"F[0,1](Magnesium >= 0.039 | PTT <= 27.769)
",-9999999.000,-9999999.000,0.000,0.000,1.000,0,0,0,19,19,0,0,19,0.0,0.0,0.0,0.0,0.0,1.0,-1
"F[0,1](((BaseExcess >= -3.675 -> Chloride <= 44.951) -> SaO2 <= 36.444) | Chloride <= 64.765)
",-9999999.000,-9999999.000,0.000,0.000,1.000,0,0,0,19,19,0,0,19,0.0,0.0,0.0,0.0,0.0,1.0,-1
"F[0,1](((Phosphate <= 3.209 | PTT <= 67.351) | Fibrinogen >= 4.254) & Bilirubin_total <= 14.114)
",-9999999.000,-9999999.000,0.000,0.000,1.000,0,0,0,19,19,0,0,19,0.0,0.0,0.0,0.0,0.0,1.0,-1
"F[1,2]((Hgb <= 14.613 & SaO2 >= 3.805) -> TroponinI >= 0.125)
",-9999999.000,-9999999.000,0.000,0.000,1.000,0,0,0,19,19,0,0,19,0.0,0.0,0.0,0.0,0.0,1.0,-1
"F[2,2]((pH <= 3.541 -> Phosphate <= 2.747) & MAP <= 1.215)
",-3.541,-3.541,0.000,0.000,1.000,0,0,0,19,19,0,0,19,0.0,0.0,0.0,0.0,0.0,1.0,-1
"((PaCO2 >= 1.092) U[1,2] (Phosphate >= 0.043))
",-9999999.000,-9999999.000,0.000,0.000,1.000,0,0,0,19,19,0,0,19,0.0,0.0,0.0,0.0,0.0,1.0,-1
"F[1,2](((Hgb >= 1.385 -> O2Sat >= 87.426) | Chloride >= 29.009) -> Glucose >= 17.406)
",-9999999.000,-9999999.000,0.000,0.000,1.000,0,0,0,19,19,0,0,19,0.0,0.0,0.0,0.0,0.0,1.0,-1
"F[1,2](Hct <= 13.910 | O2Sat <= 90.682)
",-9999999.000,-9999999.000,0.000,0.000,1.000,0,0,0,19,19,0,0,19,0.0,0.0,0.0,0.0,0.0,1.0,-1
"((FiO2 >= 0.013) U[1,2] (Platelets >= 0.947))
",-9999999.000,-9999999.000,0.000,0.000,1.000,0,0,0,19,19,0,0,19,0.0,0.0,0.0,0.0,0.0,1.0,-1
"F[2,2]((O2Sat <= 96.057 & SBP <= 116.561) | PTT >= 58.234)
",96.057,96.057,0.000,0.000,1.000,0,0,0,19,19,0,0,19,0.0,0.0,0.0,0.0,0.0,1.0,-1
"((Hct <= 18.461) U[0,1] (Platelets <= 108.164))
",-9999999.000,-9999999.000,0.000,0.000,1.000,0,0,0,19,19,0,0,19,0.0,0.0,0.0,0.0,0.0,1.0,-1
"F[2,2]((Chloride >= 3.032 -> Glucose <= 40.410) -> O2Sat <= 140.092)
",-4929037229861194.000,-140.092,0.000,0.000,1.000,0,0,0,19,19,0,0,19,0.0,0.0,0.0,0.0,0.0,1.0,-1
"F[0,2](((Chloride <= 59.732 -> Hgb <= 13.504) & Hgb >= 1.461) | Lactate >= 1.351)
",-9999999.000,-9999999.000,0.000,0.000,1.000,0,0,0,19,19,0,0,19,0.0,0.0,0.0,0.0,0.0,1.0,-1
"F[1,2](((HCO3 >= 0.007 | Hgb >= 0.091) & Glucose >= 2.045) -> PaCO2 >= 1.507)
",-9999999.000,-9999999.000,0.000,0.000,1.000,0,0,0,19,19,0,0,19,0.0,0.0,0.0,0.0,0.0,1.0,-1
"F[1,1](((Glucose <= 74.826 -> WBC <= 10.157) & Calcium >= 0.103) | Bilirubin_total <= 10.236)
",10.236,10.236,0.000,0.000,1.000,0,0,0,19,19,0,0,19,0.0,0.0,0.0,0.0,0.0,1.0,-1
"F[1,1](Glucose >= 16.223 | Potassium <= 1.409)
",1.409,1.409,0.000,0.000,1.000,0,0,0,19,19,0,0,19,0.0,0.0,0.0,0.0,0.0,1.0,-1
"F[1,2](((Glucose <= 33.268 | HCO3 <= 14.246) | EtCO2 <= 4.624) -> Resp <= 6.491)
",-9999999.000,-9999999.000,0.000,0.000,1.000,0,0,0,19,19,0,0,19,0.0,0.0,0.0,0.0,0.0,1.0,-1
"((Calcium <= 5.539) U[1,2] (Glucose >= 9.736))
",-9999999.000,-9999999.000,0.000,0.000,1.000,0,0,0,19,19,0,0,19,0.0,0.0,0.0,0.0,0.0,1.0,-1
"F[1,2](pH >= 0.131 -> Platelets >= 0.468)
",-9999999.000,-9999999.000,0.000,0.000,1.000,0,0,0,19,19,0,0,19,0.0,0.0,0.0,0.0,0.0,1.0,-1
"F[0,2](PTT >= 1.461 | SaO2 <= 37.367)
",-9999999.000,-9999999.000,0.000,0.000,1.000,0,0,0,19,19,0,0,19,0.0,0.0,0.0,0.0,0.0,1.0,-1
"F[0,2]((pH >= 0.356 -> PTT >= 3.546) & FiO2 <= 30.823)
",-9999999.000,-9999999.000,0.000,0.000,1.000,0,0,0,19,19,0,0,19,0.0,0.0,0.0,0.0,0.0,1.0,-1
"F[0,2](PaCO2 <= 33.753 -> Platelets <= 86.393)
",-9999999.000,-9999999.000,0.000,0.000,1.000,0,0,0,19,19,0,0,19,0.0,0.0,0.0,0.0,0.0,1.0,-1
"F[0,2](PaCO2 >= 7.297 & SaO2 >= 4.445)
",-9999999.000,-9999999.000,0.000,0.000,1.000,0,0,0,19,19,0,0,19,0.0,0.0,0.0,0.0,0.0,1.0,-1
"((BaseExcess <= 0.019) U[2,2] (Glucose <= 60.643))
",8534723110885923.000,60.643,0.000,0.000,1.000,0,0,0,19,19,0,0,19,0.0,0.0,0.0,0.0,0.0,1.0,-1
"F[1,2]((BUN <= 12.112 & Phosphate >= 0.000) -> Hgb >= 0.014)
",-9999999.000,-9999999.000,0.000,0.000,1.000,0,0,0,19,19,0,0,19,0.0,0.0,0.0,0.0,0.0,1.0,-1
"F[0,2](DBP >= 20.823 | Resp <= 33.426)
",-9999999.000,-9999999.000,0.000,0.000,1.000,0,0,0,19,19,0,0,19,0.0,0.0,0.0,0.0,0.0,1.0,-1
"((HCO3 >= 0.457) U[2,2] (Hct >= 5.748))
",-0.457,-0.457,0.000,0.000,1.000,0,0,0,19,19,0,0,19,0.0,0.0,0.0,0.0,0.0,1.0,-1
"F[1,2]((Calcium >= 0.321 & Hct <= 27.019) | SBP <= 16.845)
",-9999999.000,-9999999.000,0.000,0.000,1.000,0,0,0,19,19,0,0,19,0.0,0.0,0.0,0.0,0.0,1.0,-1
"F[0,2]((Hgb <= 6.109 | PaCO2 >= 3.118) -> Magnesium <= 13.042)
",-9999999.000,-9999999.000,0.000,0.000,1.000,0,0,0,19,19,0,0,19,0.0,0.0,0.0,0.0,0.0,1.0,-1
"F[0,0](((Calcium <= 1.522 -> Magnesium <= 0.813) & Bilirubin_total >= 0.032) | Lactate <= 0.883)
",0.236,0.250,0.000,0.000,1.000,0,0,0,19,19,0,0,19,0.0,0.0,0.0,0.0,0.0,1.0,-1
"F[1,1](((Hct >= 0.294 -> PaCO2 >= 7.696) -> TroponinI <= 41.315) -> Hct <= 42.559)
",-42.559,-42.559,0.000,0.000,1.000,0,0,0,19,19,0,0,19,0.0,0.0,0.0,0.0,0.0,1.0,-1
"F[0,1]((HR >= 68.454 | Resp >= 11.549) & Resp <= 29.160)
",-9999999.000,-9999999.000,0.000,0.000,1.000,0,0,0,19,19,0,0,19,0.0,0.0,0.0,0.0,0.0,1.0,-1
"F[1,1]((MAP >= 43.930 -> SBP >= 12.213) | EtCO2 >= 30.997)
",6875281260703245.000,12.213,0.000,0.000,1.000,0,0,0,19,19,0,0,19,0.0,0.0,0.0,0.0,0.0,1.0,-1
"((BUN >= 0.543) U[0,1] (Platelets <= 56.309))
",-9999999.000,-9999999.000,0.000,0.000,1.000,0,0,0,19,19,0,0,19,0.0,0.0,0.0,0.0,0.0,1.0,-1
"F[1,2](((HCO3 >= 1.260 & Magnesium <= 2.015) & Calcium <= 0.687) -> SaO2 >= 0.007)
",-9999999.000,-9999999.000,0.000,0.000,1.000,0,0,0,19,19,0,0,19,0.0,0.0,0.0,0.0,0.0,1.0,-1
"F[1,2]((Creatinine <= 0.118 -> Platelets >= 0.097) -> SBP <= 23.721)
",-9999999.000,-9999999.000,0.000,0.000,1.000,0,0,0,19,19,0,0,19,0.0,0.0,0.0,0.0,0.0,1.0,-1
"F[1,2]((Chloride <= 88.741 -> Phosphate <= 3.259) & Glucose >= 0.040)
",-9999999.000,-9999999.000,0.000,0.000,1.000,0,0,0,19,19,0,0,19,0.0,0.0,0.0,0.0,0.0,1.0,-1
"F[2,2](((Magnesium >= 0.049 -> WBC >= 0.676) & Glucose <= 12.979) | Calcium >= 0.048)
",7000092189561500.000,0.049,0.000,0.000,1.000,0,0,0,19,19,0,0,19,0.0,0.0,0.0,0.0,0.0,1.0,-1
"F[1,2](((Chloride <= 37.904 & Magnesium >= 0.003) & SaO2 <= 1.214) | Bilirubin_total <= 2.238)
",-9999999.000,-9999999.000,0.000,0.000,1.000,0,0,0,19,19,0,0,19,0.0,0.0,0.0,0.0,0.0,1.0,-1
"F[0,1]((DBP >= 28.837 | O2Sat >= 78.999) -> EtCO2 <= 99.251)
",-9999999.000,-9999999.000,0.000,0.000,1.000,0,0,0,19,19,0,0,19,0.0,0.0,0.0,0.0,0.0,1.0,-1
"F[0,0](((Calcium <= 4.061 | Platelets >= 5.505) | Fibrinogen >= 5.059) & DBP >= 5.414)
",1.654,3.714,0.000,0.000,1.000,0,0,0,19,19,0,0,19,0.0,0.0,0.0,0.0,0.0,1.0,-1
"F[1,2](Hct <= 19.941 & pH >= 0.370)
",-9999999.000,-9999999.000,0.000,0.000,1.000,0,0,0,19,19,0,0,19,0.0,0.0,0.0,0.0,0.0,1.0,-1
"F[1,2](Phosphate >= 0.080 & Potassium >= 0.199)
",-9999999.000,-9999999.000,0.000,0.000,1.000,0,0,0,19,19,0,0,19,0.0,0.0,0.0,0.0,0.0,1.0,-1
"F[0,1]((Phosphate <= 2.700 & Platelets <= 37.158) & HR >= 3.266)
",-9999999.000,-9999999.000,0.000,0.000,1.000,0,0,0,19,19,0,0,19,0.0,0.0,0.0,0.0,0.0,1.0,-1
"((Hgb >= 2.211) U[0,2] (HR <= 85.607))
",-9999999.000,-9999999.000,0.000,0.000,1.000,0,0,0,19,19,0,0,19,0.0,0.0,0.0,0.0,0.0,1.0,-1
"F[0,2](MAP >= 15.219 & pH >= 0.380)
",-9999999.000,-9999999.000,0.000,0.000,1.000,0,0,0,19,19,0,0,19,0.0,0.0,0.0,0.0,0.0,1.0,-1
"F[0,2]((PaCO2 <= 39.746 -> Potassium >= 0.013) & Hct <= 0.356)
",-9999999.000,-9999999.000,0.000,0.000,1.000,0,0,0,19,19,0,0,19,0.0,0.0,0.0,0.0,0.0,1.0,-1
"F[0,2](Bilirubin_total >= 0.000 -> SepsisLabel = 0.000)
",-9999999.000,-9999999.000,0.000,0.000,1.000,0,0,0,19,19,0,0,19,0.0,0.0,0.0,0.0,0.0,1.0,-1
"F[1,1](FiO2 <= 0.227 -> SepsisLabel = 0.000)
",-8181347163613859.000,-0.227,0.000,0.000,1.000,0,0,0,19,19,0,0,19,0.0,0.0,0.0,0.0,0.0,1.0,-1
"((TroponinI >= 0.000) U[0,1] (SepsisLabel = 0.000))
",-9999999.000,-9999999.000,0.000,0.000,1.000,0,0,0,19,19,0,0,19,0.0,0.0,0.0,0.0,0.0,1.0,-1
"F[1,2](Creatinine < 0.127 -> SepsisLabel = 0.000)
",-9999999.000,-9999999.000,0.000,0.000,1.000,0,0,0,19,19,0,0,19,0.0,0.0,0.0,0.0,0.0,1.0,-1
"F[1,1](Platelets <= 57.445 -> SepsisLabel = 0.000)
",-8084678946942589.000,-57.445,0.000,0.000,1.000,0,0,0,19,19,0,0,19,0.0,0.0,0.0,0.0,0.0,1.0,-1
"((BUN > 0.055) U[0,1] (SepsisLabel = 0.000))
",-9999999.000,-9999999.000,0.000,0.000,1.000,0,0,0,19,19,0,0,19,0.0,0.0,0.0,0.0,0.0,1.0,-1
"((Fibrinogen > 0.000) U[0,1] (SepsisLabel = 0.000))
",-9999999.000,-9999999.000,0.000,0.000,1.000,0,0,0,19,19,0,0,19,0.0,0.0,0.0,0.0,0.0,1.0,-1
"((Bilirubin_total >= 0.000) U[0,2] (SepsisLabel = 0.000))
",-9999999.000,-9999999.000,0.000,0.000,1.000,0,0,0,19,19,0,0,19,0.0,0.0,0.0,0.0,0.0,1.0,-1
"F[1,2](((Hct >= 5.501 & Hgb <= 9.669) | BaseExcess <= 5.231) & DBP >= 1.335)
",-9999999.000,-9999999.000,0.000,0.000,1.000,0,0,0,19,19,0,0,19,0.0,0.0,0.0,0.0,0.0,1.0,-1
"F[0,2](Chloride >= 1.500 -> SepsisLabel = 0.000)
",-9999999.000,-9999999.000,0.000,0.000,1.000,0,0,0,19,19,0,0,19,0.0,0.0,0.0,0.0,0.0,1.0,-1
"F[1,2](((Glucose >= 14.433 -> Resp >= 12.983) | Creatinine >= 14.046) & Calcium <= 27.576)
",-9999999.000,-9999999.000,0.000,0.000,1.000,0,0,0,19,19,0,0,19,0.0,0.0,0.0,0.0,0.0,1.0,-1
"F[0,1](Hgb <= 8.323 | Hct <= 20.690)
",-9999999.000,-9999999.000,0.000,0.000,1.000,0,0,0,19,19,0,0,19,0.0,0.0,0.0,0.0,0.0,1.0,-1
"F[0,2](((Calcium < 3.692 & Potassium < 2.460) & Magnesium < 0.862) & Phosphate < 2.400)
",-9999999.000,-9999999.000,0.000,0.000,1.000,0,0,0,19,19,0,0,19,0.0,0.0,0.0,0.0,0.0,1.0,-1
"F[0,2](Hgb <= 10.089 | Hct <= 26.034)
",-9999999.000,-9999999.000,0.000,0.000,1.000,0,0,0,19,19,0,0,19,0.0,0.0,0.0,0.0,0.0,1.0,-1
"((MAP >= 57.798) U[0,2] (SBP <= 119.540))
",-9999999.000,-9999999.000,0.000,0.000,1.000,0,0,0,19,19,0,0,19,0.0,0.0,0.0,0.0,0.0,1.0,-1
"F[0,2]((Calcium >= 0.329 -> Chloride >= 4.415) -> HCO3 >= 4.929)
",-9999999.000,-9999999.000,0.000,0.000,1.000,0,0,0,19,19,0,0,19,0.0,0.0,0.0,0.0,0.0,1.0,-1
"F[0,1](((BUN <= 5.794 & WBC >= 0.258) -> Bilirubin_direct >= 0.351) | Lactate <= 10.422)
",-9999999.000,-9999999.000,0.000,0.000,1.000,0,0,0,19,19,0,0,19,0.0,0.0,0.0,0.0,0.0,1.0,-1
"F[0,1](Hgb <= 5.880 | Hct <= 14.763)
",-9999999.000,-9999999.000,0.000,0.000,1.000,0,0,0,19,19,0,0,19,0.0,0.0,0.0,0.0,0.0,1.0,-1
"F[0,0](TroponinI <= 0.000 & SepsisLabel = 0.000)
",-0.326,-9.737,0.000,0.000,1.000,0,0,0,19,19,0,0,19,0.0,0.0,0.0,0.0,0.0,1.0,-1
"F[1,2](SaO2 < 85.840 -> SepsisLabel = 0.000)
",-9999999.000,-9999999.000,0.000,0.000,1.000,0,0,0,19,19,0,0,19,0.0,0.0,0.0,0.0,0.0,1.0,-1
"((O2Sat < 98.788) U[0,2] (SepsisLabel = 0.000))
",-9999999.000,-9999999.000,0.000,0.000,1.000,0,0,0,19,19,0,0,19,0.0,0.0,0.0,0.0,0.0,1.0,-1
"F[0,2](HR >= 27.185 -> SepsisLabel = 0.000)
",-9999999.000,-9999999.000,0.000,0.000,1.000,0,0,0,19,19,0,0,19,0.0,0.0,0.0,0.0,0.0,1.0,-1
"((Magnesium >= 0.012) U[0,1] (SepsisLabel = 0.000))
",-9999999.000,-9999999.000,0.000,0.000,1.000,0,0,0,19,19,0,0,19,0.0,0.0,0.0,0.0,0.0,1.0,-1
"F[0,1](Glucose < 65.171 & SepsisLabel = 0.000)
",-9999999.000,-9999999.000,0.000,0.000,1.000,0,0,0,19,19,0,0,19,0.0,0.0,0.0,0.0,0.0,1.0,-1
"((Potassium > 0.236) U[0,2] (SepsisLabel = 0.000))
",-9999999.000,-9999999.000,0.000,0.000,1.000,0,0,0,19,19,0,0,19,0.0,0.0,0.0,0.0,0.0,1.0,-1
"F[1,2](Chloride <= 71.884 & SepsisLabel = 0.000)
",-9999999.000,-9999999.000,0.000,0.000,1.000,0,0,0,19,19,0,0,19,0.0,0.0,0.0,0.0,0.0,1.0,-1
"F[1,2](Calcium <= 1.172 & Creatinine >= 0.024)
",-9999999.000,-9999999.000,0.000,0.000,1.000,0,0,0,19,19,0,0,19,0.0,0.0,0.0,0.0,0.0,1.0,-1
"((Hct >= 2.232) U[0,2] (SepsisLabel = 0.000))
",-9999999.000,-9999999.000,0.000,0.000,1.000,0,0,0,19,19,0,0,19,0.0,0.0,0.0,0.0,0.0,1.0,-1
"F[0,1](Alkalinephos <= 0.000 -> SepsisLabel = 0.000)
",-9999999.000,-9999999.000,0.000,0.000,1.000,0,0,0,19,19,0,0,19,0.0,0.0,0.0,0.0,0.0,1.0,-1
"F[0,2](((Chloride >= 4.424 | WBC >= 0.079) -> TroponinI <= 2.977) & Chloride <= 10.226)
",-9999999.000,-9999999.000,0.000,0.000,1.000,0,0,0,19,19,0,0,19,0.0,0.0,0.0,0.0,0.0,1.0,-1
"F[1,2](((HCO3 >= 0.228 | WBC >= 0.389) | SBP <= 13.337) -> PTT >= 0.569)
",-9999999.000,-9999999.000,0.000,0.000,1.000,0,0,0,19,19,0,0,19,0.0,0.0,0.0,0.0,0.0,1.0,-1
"F[0,2](Chloride <= 76.606 & Potassium >= 0.034)
",-9999999.000,-9999999.000,0.000,0.000,1.000,0,0,0,19,19,0,0,19,0.0,0.0,0.0,0.0,0.0,1.0,-1
"F[1,2](((Chloride <= 8.753 -> Creatinine <= 0.321) -> DBP >= 0.002) -> SaO2 <= 0.886)
",-9999999.000,-9999999.000,0.000,0.000,1.000,0,0,0,19,19,0,0,19,0.0,0.0,0.0,0.0,0.0,1.0,-1
"F[1,2](((Calcium < 6.654 & Potassium < 4.282) & Magnesium < 1.418) & Phosphate < 2.931)
",-9999999.000,-9999999.000,0.000,0.000,1.000,0,0,0,19,19,0,0,19,0.0,0.0,0.0,0.0,0.0,1.0,-1
"F[1,1]((Phosphate >= 0.094 & Magnesium > 0.039) -> Calcium < 0.720)
",-6482167398388532.000,-0.720,0.000,0.000,1.000,0,0,0,19,19,0,0,19,0.0,0.0,0.0,0.0,0.0,1.0,-1
"F[2,2]((BaseExcess <= -0.118 & Phosphate >= 0.074) & Magnesium >= 0.088)
",-8481305672458691.000,-0.118,0.000,0.000,1.000,0,0,0,19,19,0,0,19,0.0,0.0,0.0,0.0,0.0,1.0,-1
"F[1,2](Hgb <= 14.715 | Hct <= 45.725)
",-9999999.000,-9999999.000,0.000,0.000,1.000,0,0,0,19,19,0,0,19,0.0,0.0,0.0,0.0,0.0,1.0,-1
"((MAP >= 31.842) U[1,2] (SBP <= 136.716))
",-9999999.000,-9999999.000,0.000,0.000,1.000,0,0,0,19,19,0,0,19,0.0,0.0,0.0,0.0,0.0,1.0,-1
"F[1,1]((Phosphate >= 0.105 & Magnesium > 0.031) -> Calcium < 6.026)
",-6.026,-6.026,0.000,0.000,1.000,0,0,0,19,19,0,0,19,0.0,0.0,0.0,0.0,0.0,1.0,-1
"F[0,2](((Calcium < 8.193 & Potassium < 0.876) & Magnesium < 0.758) & Phosphate < 0.536)
",-9999999.000,-9999999.000,0.000,0.000,1.000,0,0,0,19,19,0,0,19,0.0,0.0,0.0,0.0,0.0,1.0,-1
"F[1,2]((Calcium <= 2.092 & Potassium <= 3.555) & Magnesium >= 0.015)
",-9999999.000,-9999999.000,0.000,0.000,1.000,0,0,0,19,19,0,0,19,0.0,0.0,0.0,0.0,0.0,1.0,-1
"F[2,2](Hgb <= 10.061 | Hct <= 45.567)
",45.567,45.567,0.000,0.000,1.000,0,0,0,19,19,0,0,19,0.0,0.0,0.0,0.0,0.0,1.0,-1
"F[0,1](((Calcium < 3.862 & Potassium < 1.171) & Magnesium < 0.796) & Phosphate < 1.504)
",-9999999.000,-9999999.000,0.000,0.000,1.000,0,0,0,19,19,0,0,19,0.0,0.0,0.0,0.0,0.0,1.0,-1
"F[0,1](((Calcium < 2.763 & Potassium < 2.739) & Magnesium < 2.310) & Phosphate < 1.621)
",-9999999.000,-9999999.000,0.000,0.000,1.000,0,0,0,19,19,0,0,19,0.0,0.0,0.0,0.0,0.0,1.0,-1
"F[0,1](((Calcium < 7.334 & Potassium < 0.685) & Magnesium < 1.745) & Phosphate < 3.795)
",-9999999.000,-9999999.000,0.000,0.000,1.000,0,0,0,19,19,0,0,19,0.0,0.0,0.0,0.0,0.0,1.0,-1
"F[0,2]((Phosphate >= 0.111 & Magnesium > 0.063) -> Calcium < 2.672)
",-9999999.000,-9999999.000,0.000,0.000,1.000,0,0,0,19,19,0,0,19,0.0,0.0,0.0,0.0,0.0,1.0,-1
"F[0,1](((Calcium < 6.039 & Potassium < 1.679) & Magnesium < 2.335) & Phosphate < 0.594)
",-9999999.000,-9999999.000,0.000,0.000,1.000,0,0,0,19,19,0,0,19,0.0,0.0,0.0,0.0,0.0,1.0,-1
"((BUN <= 3.910) U[0,1] (HCO3 <= 7.642))
",-9999999.000,-9999999.000,0.000,0.000,1.000,0,0,0,19,19,0,0,19,0.0,0.0,0.0,0.0,0.0,1.0,-1
"F[1,2](((BUN >= 0.664 & Calcium <= 5.210) -> Lactate >= 0.079) -> Hgb >= 0.402)
",-9999999.000,-9999999.000,0.000,0.000,1.000,0,0,0,19,19,0,0,19,0.0,0.0,0.0,0.0,0.0,1.0,-1
"F[0,2]((HR <= 97.904 & SBP <= 125.562) -> WBC <= 102.511)
",-9999999.000,-9999999.000,0.000,0.000,1.000,0,0,0,19,19,0,0,19,0.0,0.0,0.0,0.0,0.0,1.0,-1
"F[0,0]((Hgb >= 2.310 & Phosphate >= 0.072) -> Bilirubin_total <= 1.159)
",-4.675,-1.221,0.000,0.000,1.000,0,0,0,19,19,0,0,19,0.0,0.0,0.0,0.0,0.0,1.0,-1
"F[1,2](Hgb <= 13.379 | Hct <= 25.435)
",-9999999.000,-9999999.000,0.000,0.000,1.000,0,0,0,19,19,0,0,19,0.0,0.0,0.0,0.0,0.0,1.0,-1
"F[0,1]((Phosphate >= 0.007 & Magnesium > 0.055) -> Calcium < 6.660)
",-9999999.000,-9999999.000,0.000,0.000,1.000,0,0,0,19,19,0,0,19,0.0,0.0,0.0,0.0,0.0,1.0,-1
"F[1,2](((Calcium < 1.986 & Potassium < 1.674) & Magnesium < 0.849) & Phosphate < 0.821)
",-9999999.000,-9999999.000,0.000,0.000,1.000,0,0,0,19,19,0,0,19,0.0,0.0,0.0,0.0,0.0,1.0,-1
"((MAP >= 12.353) U[1,2] (SBP <= 126.874))
",-9999999.000,-9999999.000,0.000,0.000,1.000,0,0,0,19,19,0,0,19,0.0,0.0,0.0,0.0,0.0,1.0,-1
"((MAP >= 27.221) U[0,2] (SBP <= 108.880))
",-9999999.000,-9999999.000,0.000,0.000,1.000,0,0,0,19,19,0,0,19,0.0,0.0,0.0,0.0,0.0,1.0,-1
"F[1,2](AST > 0.000 -> SepsisLabel = 0.000)
",-9999999.000,-9999999.000,0.000,0.000,1.000,0,0,0,19,19,0,0,19,0.0,0.0,0.0,0.0,0.0,1.0,-1
"F[0,2]((Phosphate >= 0.006 & Magnesium > 0.002) -> Calcium < 2.000)
",-9999999.000,-9999999.000,0.000,0.000,1.000,0,0,0,19,19,0,0,19,0.0,0.0,0.0,0.0,0.0,1.0,-1
"F[1,2](((Calcium < 3.050 & Potassium < 0.785) & Magnesium < 2.256) & Phosphate < 0.870)
",-9999999.000,-9999999.000,0.000,0.000,1.000,0,0,0,19,19,0,0,19,0.0,0.0,0.0,0.0,0.0,1.0,-1
"F[1,2]((Calcium <= 6.529 & Potassium <= 2.853) & Magnesium >= 0.057)
",-9999999.000,-9999999.000,0.000,0.000,1.000,0,0,0,19,19,0,0,19,0.0,0.0,0.0,0.0,0.0,1.0,-1
"F[0,1](Hgb <= 6.980 | Hct <= 18.245)
",-9999999.000,-9999999.000,0.000,0.000,1.000,0,0,0,19,19,0,0,19,0.0,0.0,0.0,0.0,0.0,1.0,-1
"F[0,1]((Phosphate >= 0.092 & Magnesium > 0.015) -> Calcium < 1.798)
",-9999999.000,-9999999.000,0.000,0.000,1.000,0,0,0,19,19,0,0,19,0.0,0.0,0.0,0.0,0.0,1.0,-1
"((Platelets >= 7.494) U[2,2] (SepsisLabel = 0.000))
",0.000,0.000,0.000,0.000,1.000,0,0,0,19,19,0,0,19,0.0,0.0,0.0,0.0,0.0,1.0,-1
"F[0,1](((Calcium < 1.409 & Potassium < 2.651) & Magnesium < 1.498) & Phosphate < 3.352)
",-9999999.000,-9999999.000,0.000,0.000,1.000,0,0,0,19,19,0,0,19,0.0,0.0,0.0,0.0,0.0,1.0,-1
"F[0,2]((Phosphate >= 0.078 & Magnesium > 0.027) -> Calcium < 2.855)
",-9999999.000,-9999999.000,0.000,0.000,1.000,0,0,0,19,19,0,0,19,0.0,0.0,0.0,0.0,0.0,1.0,-1
"((MAP >= 61.515) U[0,2] (SBP <= 116.804))
",-9999999.000,-9999999.000,0.000,0.000,1.000,0,0,0,19,19,0,0,19,0.0,0.0,0.0,0.0,0.0,1.0,-1
"F[2,2](Hgb <= 12.086 | Hct <= 19.194)
",5402632439038085.000,19.194,0.000,0.000,1.000,0,0,0,19,19,0,0,19,0.0,0.0,0.0,0.0,0.0,1.0,-1
"F[0,2]((Calcium <= 7.456 & Potassium <= 3.416) & Magnesium >= 0.060)
",-9999999.000,-9999999.000,0.000,0.000,1.000,0,0,0,19,19,0,0,19,0.0,0.0,0.0,0.0,0.0,1.0,-1
"((PaCO2 < 45.004) U[0,1] (SepsisLabel = 0.000))
",-9999999.000,-9999999.000,0.000,0.000,1.000,0,0,0,19,19,0,0,19,0.0,0.0,0.0,0.0,0.0,1.0,-1
"F[0,1]((HCO3 <= 16.535 -> Bilirubin_total >= 0.000) -> Bilirubin_total <= 0.000)
",-9999999.000,-9999999.000,0.000,0.000,1.000,0,0,0,19,19,0,0,19,0.0,0.0,0.0,0.0,0.0,1.0,-1
"F[0,2](((DBP >= 22.727 -> PaCO2 <= 36.589) | PTT >= 6.567) | Glucose <= 21.381)
",-9999999.000,-9999999.000,0.000,0.000,1.000,0,0,0,19,19,0,0,19,0.0,0.0,0.0,0.0,0.0,1.0,-1
"F[1,2](Creatinine <= 0.340 & SaO2 <= 94.981)
",-9999999.000,-9999999.000,0.000,0.000,1.000,0,0,0,19,19,0,0,19,0.0,0.0,0.0,0.0,0.0,1.0,-1
"G[0,1](BUN <= 16.528 & Creatinine >= 0.016)
",9999999.000,9999999.000,0.000,1.000,0.000,0,0,0,19,19,0,0,19,0.0,0.0,0.0,0.0,0.0,1.0,1
"G[0,1](BUN <= 15.578 & Creatinine >= 0.050)
",9999999.000,9999999.000,0.000,1.000,0.000,0,0,0,19,19,0,0,19,0.0,0.0,0.0,0.0,0.0,1.0,1
"G[2,2](BUN <= 13.810 & Creatinine >= 0.027)
",-7678488473050932.000,-0.027,0.000,1.000,0.000,0,0,19,0,0,19,19,0,0.0,0.0,1.0,0.0,0.0,1.0,1
"G[0,2](BUN <= 7.437 & Creatinine >= 0.012)
",9999999.000,9999999.000,0.000,1.000,0.000,0,0,0,19,19,0,0,19,0.0,0.0,0.0,0.0,0.0,1.0,1
"G[0,2](Platelets <= 16.037 -> WBC >= 0.374)
",9999999.000,9999999.000,0.000,1.000,0.000,0,0,0,19,19,0,0,19,0.0,0.0,0.0,0.0,0.0,1.0,1
"G[0,1](Chloride >= 0.052 & HCO3 >= 0.124)
",9999999.000,9999999.000,0.000,1.000,0.000,0,0,0,19,19,0,0,19,0.0,0.0,0.0,0.0,0.0,1.0,1
"G[0,2](BUN <= 2.066 & Creatinine >= 0.044)
",9999999.000,9999999.000,0.000,1.000,0.000,0,0,0,19,19,0,0,19,0.0,0.0,0.0,0.0,0.0,1.0,1
"G[1,2](((Hgb <= 3.379 | Hct <= 9.274) -> WBC >= 0.490) & Platelets >= 0.578)
",9999999.000,9999999.000,0.000,1.000,0.000,0,0,1,18,18,1,1,18,0.0,0.0,1.0,0.0,0.0,1.0,1
"G[2,2](Chloride >= 3.847 & HCO3 >= 0.259)
",-4331557036426793.500,-3.847,0.000,1.000,0.000,0,0,19,0,0,19,19,0,0.0,0.0,1.0,0.0,0.0,1.0,1
"G[1,1](BUN <= 12.169 & Creatinine >= 0.044)
",-0.044,-0.044,0.000,1.000,0.000,0,0,0,19,19,0,0,19,0.0,0.0,0.0,0.0,0.0,1.0,1
"G[0,2](((Hgb <= 7.474 | Hct <= 11.540) -> WBC >= 0.122) & Platelets >= 9.868)
",9999999.000,9999999.000,0.000,1.000,0.000,0,0,0,19,19,0,0,19,0.0,0.0,0.0,0.0,0.0,1.0,1
"G[0,1](Platelets <= 36.126 -> WBC >= 0.704)
",9999999.000,9999999.000,0.000,1.000,0.000,0,0,0,19,19,0,0,19,0.0,0.0,0.0,0.0,0.0,1.0,1
"G[1,2](Chloride >= 4.083 & HCO3 >= 1.077)
",9999999.000,9999999.000,0.000,1.000,0.000,0,0,0,19,19,0,0,19,0.0,0.0,0.0,0.0,0.0,1.0,1
"G[0,2](Platelets <= 21.620 -> WBC >= 0.509)
",9999999.000,9999999.000,0.000,1.000,0.000,0,0,0,19,19,0,0,19,0.0,0.0,0.0,0.0,0.0,1.0,1
"F[1,2](((Hct <= 20.463 -> Bilirubin_direct <= 0.000) -> Resp >= 0.000) | Lactate <= 0.000)
",-9999999.000,-9999999.000,0.000,0.000,1.000,0,0,0,19,19,0,0,19,0.0,0.0,0.0,0.0,0.0,1.0,-1
"G[0,1](Hgb <= 8.436 & Platelets >= 0.978)
",9999999.000,9999999.000,0.000,1.000,0.000,0,0,0,19,19,0,0,19,0.0,0.0,0.0,0.0,0.0,1.0,1
"G[0,1](Chloride >= 5.423 & HCO3 >= 0.665)
",9999999.000,9999999.000,0.000,1.000,0.000,0,0,0,19,19,0,0,19,0.0,0.0,0.0,0.0,0.0,1.0,1
"G[1,2](((Hgb <= 4.125 | Hct <= 45.512) -> WBC >= 0.558) & Platelets >= 1.123)
",9999999.000,9999999.000,0.000,1.000,0.000,0,0,0,19,19,0,0,19,0.0,0.0,0.0,0.0,0.0,1.0,1
"G[0,2](((Glucose <= 97.177 & PTT <= 6.278) & DBP >= 3.422) -> Platelets <= 75.010)
",9999999.000,9999999.000,0.000,1.000,0.000,0,0,19,0,0,19,19,0,0.0,0.0,1.0,0.0,0.0,1.0,1
"G[1,1](Platelets <= 88.045 & WBC >= 0.528)
",-4752338219781634.000,-0.528,0.000,1.000,0.000,0,0,0,19,19,0,0,19,0.0,0.0,0.0,0.0,0.0,1.0,1
"G[1,2](((HCO3 >= 0.936 -> Platelets >= 7.188) | Chloride >= 9.515) -> Chloride >= 8.728)
",9999999.000,9999999.000,0.000,1.000,0.000,0,0,0,19,19,0,0,19,0.0,0.0,0.0,0.0,0.0,1.0,1
"G[0,2]((Hgb >= 0.391 -> pH <= 6.956) -> Fibrinogen >= 0.757)
",9999999.000,9999999.000,0.000,1.000,0.000,0,0,0,19,19,0,0,19,0.0,0.0,0.0,0.0,0.0,1.0,1
"G[1,2](((HR <= 110.184 | O2Sat >= 40.833) & pH <= 98.173) | MAP <= 90.783)
",9999999.000,9999999.000,0.000,1.000,0.000,0,0,19,0,0,19,19,0,0.0,0.0,1.0,0.0,0.0,1.0,1
"G[0,2](HR <= 97.491 | MAP <= 84.842)
",9999999.000,9999999.000,0.000,1.000,0.000,0,0,19,0,0,19,19,0,0.0,0.0,1.0,0.0,0.0,1.0,1
"G[1,2](Magnesium <= 1.927 -> Potassium <= 1.464)
",9999999.000,9999999.000,0.000,1.000,0.000,0,0,19,0,0,19,19,0,0.0,0.0,1.0,0.0,0.0,1.0,1
"G[1,2](Glucose >= 16.659 | Hgb <= 9.128)
",9999999.000,9999999.000,0.000,1.000,0.000,0,0,18,1,1,18,18,1,0.0,0.0,1.0,0.0,0.0,1.0,1
"G[1,2](BUN <= 2.034 & Potassium <= 2.431)
",9999999.000,9999999.000,0.000,1.000,0.000,0,0,19,0,0,19,19,0,0.0,0.0,1.0,0.0,0.0,1.0,1
"G[0,2](Chloride >= 0.140 & HCO3 >= 0.705)
",9999999.000,9999999.000,0.000,1.000,0.000,0,0,0,19,19,0,0,19,0.0,0.0,0.0,0.0,0.0,1.0,1
"G[0,2](Platelets <= 40.661 -> WBC >= 0.504)
",9999999.000,9999999.000,0.000,1.000,0.000,0,0,0,19,19,0,0,19,0.0,0.0,0.0,0.0,0.0,1.0,1
"G[1,1](((Hgb <= 11.536 | Hct <= 28.892) -> WBC >= 0.310) & Platelets >= 6.418)
",-8132253302215441.000,-28.892,0.000,1.000,0.000,0,0,0,19,19,0,0,19,0.0,0.0,0.0,0.0,0.0,1.0,1
"G[0,1](BUN <= 12.862 & Creatinine >= 0.038)
",9999999.000,9999999.000,0.000,1.000,0.000,0,0,0,19,19,0,0,19,0.0,0.0,0.0,0.0,0.0,1.0,1
"G[0,1](Calcium >= 0.161 & PTT >= 4.431)
",9999999.000,9999999.000,0.000,1.000,0.000,0,0,0,19,19,0,0,19,0.0,0.0,0.0,0.0,0.0,1.0,1
"G[1,2](DBP >= 7.162 | Platelets >= 7.011)
",9999999.000,9999999.000,0.000,1.000,0.000,0,0,17,2,2,17,17,2,0.0,0.0,1.0,0.0,0.0,1.0,1
"G[1,1](((DBP >= 33.437 & HCO3 <= 3.553) & Temp <= 12.624) & FiO2 >= 0.522)
",-33.437,-33.437,0.000,1.000,0.000,0,0,0,19,19,0,0,19,0.0,0.0,0.0,0.0,0.0,1.0,1
"G[1,1](HCO3 >= 0.508 & MAP <= 68.884)
",-0.508,-0.508,0.000,1.000,0.000,0,0,0,19,19,0,0,19,0.0,0.0,0.0,0.0,0.0,1.0,1
"G[0,2](((DBP <= 57.445 & WBC <= 6.822) -> Platelets >= 0.461) | Potassium >= 0.512)
",9999999.000,9999999.000,0.000,1.000,0.000,0,0,2,17,17,2,2,17,0.0,0.0,1.0,0.0,0.0,1.0,1
"G[0,1](Platelets <= 29.370 -> WBC >= 0.476)
",9999999.000,9999999.000,0.000,1.000,0.000,0,0,0,19,19,0,0,19,0.0,0.0,0.0,0.0,0.0,1.0,1
"G[1,1](((BaseExcess <= -0.171 & HCO3 <= 19.288) | WBC >= 0.032) & Alkalinephos >= 0.454)
",-0.454,-0.454,0.000,1.000,0.000,0,0,0,19,19,0,0,19,0.0,0.0,0.0,0.0,0.0,1.0,1
"G[0,2]((HCO3 >= 0.675 & HR >= 37.888) -> Creatinine >= 78.077)
",9999999.000,9999999.000,0.000,1.000,0.000,0,0,17,2,2,17,17,2,0.0,0.0,1.0,0.0,0.0,1.0,1
"G[1,2](Glucose <= 159.551 & HR >= 60.468)
",9999999.000,9999999.000,0.000,1.000,0.000,0,0,16,3,3,16,16,3,0.0,0.0,1.0,0.0,0.0,1.0,1
"G[1,2]((Creatinine >= 0.013 | HR <= 111.574) -> Alkalinephos >= 65.152)
",9999999.000,9999999.000,0.000,1.000,0.000,0,0,0,19,19,0,0,19,0.0,0.0,0.0,0.0,0.0,1.0,1
"G[0,2](BaseExcess <= 0.863 & Magnesium <= 2.205)
",9999999.000,9999999.000,0.000,1.000,0.000,0,0,17,2,2,17,17,2,0.0,0.0,1.0,0.0,0.0,1.0,1
"G[0,1](((DBP >= 28.694 & PaCO2 >= 6.397) & HCO3 <= 25.226) & PTT >= 9.464)
",9999999.000,9999999.000,0.000,1.000,0.000,0,0,0,19,19,0,0,19,0.0,0.0,0.0,0.0,0.0,1.0,1
"G[1,2]((HR >= 82.020 & WBC <= 9.481) | pH >= 0.559)
",9999999.000,9999999.000,0.000,1.000,0.000,0,0,16,3,3,16,16,3,0.0,0.0,1.0,0.0,0.0,1.0,1
"G[2,2](((BUN >= 0.728 -> HR <= 104.083) | MAP >= 51.885) & Calcium >= 5.408)
",-7302224978085787.000,-51.885,0.000,1.000,0.000,0,0,19,0,0,19,19,0,0.0,0.0,1.0,0.0,0.0,1.0,1
"G[1,2]((Creatinine >= 0.037 -> DBP >= 1.517) -> SaO2 <= 60.566)
",9999999.000,9999999.000,0.000,1.000,0.000,0,0,18,1,1,18,18,1,0.0,0.0,1.0,0.0,0.0,1.0,1
"G[1,2]((BUN >= 0.329 -> Temp <= 35.272) | Bilirubin_direct >= 15.379)
",9999999.000,9999999.000,0.000,1.000,0.000,0,0,19,0,0,19,19,0,0.0,0.0,1.0,0.0,0.0,1.0,1
"G[1,2]((BaseExcess >= -0.967 | PaCO2 >= 9.460) | Temp <= 24.689)
",9999999.000,9999999.000,0.000,1.000,0.000,0,0,19,0,0,19,19,0,0.0,0.0,1.0,0.0,0.0,1.0,1
"G[1,2](((Resp <= 23.943 & SBP <= 111.477) & Temp >= 52.904) -> Glucose <= 103.239)
",9999999.000,9999999.000,0.000,1.000,0.000,0,0,19,0,0,19,19,0,0.0,0.0,1.0,0.0,0.0,1.0,1
"G[0,1](((Hgb <= 14.474 | Hct <= 7.567) -> WBC >= 0.045) & Platelets >= 5.534)
",9999999.000,9999999.000,0.000,1.000,0.000,0,0,0,19,19,0,0,19,0.0,0.0,0.0,0.0,0.0,1.0,1
"G[0,2](Platelets <= 98.005 -> WBC >= 0.293)
",9999999.000,9999999.000,0.000,1.000,0.000,0,0,0,19,19,0,0,19,0.0,0.0,0.0,0.0,0.0,1.0,1
"G[0,1](Chloride >= 2.284 & HCO3 >= 0.885)
",9999999.000,9999999.000,0.000,1.000,0.000,0,0,0,19,19,0,0,19,0.0,0.0,0.0,0.0,0.0,1.0,1
"G[2,2](BUN <= 3.047 & Creatinine >= 0.014)
",-0.014,-0.014,0.000,1.000,0.000,0,0,19,0,0,19,19,0,0.0,0.0,1.0,0.0,0.0,1.0,1
"G[2,2](((Hgb <= 11.521 | Hct <= 23.591) -> WBC >= 0.203) & Platelets >= 1.769)
",-6640181552892158.000,-23.591,0.000,1.000,0.000,0,0,19,0,0,19,19,0,0.0,0.0,1.0,0.0,0.0,1.0,1
"G[2,2](Platelets <= 77.282 -> WBC >= 0.595)
",-5438234608309028.000,-77.282,0.000,1.000,0.000,0,0,19,0,0,19,19,0,0.0,0.0,1.0,0.0,0.0,1.0,1
"G[1,2](Chloride >= 1.500 & HCO3 >= 1.142)
",9999999.000,9999999.000,0.000,1.000,0.000,0,0,0,19,19,0,0,19,0.0,0.0,0.0,0.0,0.0,1.0,1
"G[1,2](BUN <= 16.343 -> Chloride <= 104.666)
",9999999.000,9999999.000,0.000,1.000,0.000,0,0,19,0,0,19,19,0,0.0,0.0,1.0,0.0,0.0,1.0,1
"G[1,2]((Calcium >= 0.433 -> WBC >= 0.354) -> Hct >= 0.604)
",9999999.000,9999999.000,0.000,1.000,0.000,0,0,5,14,14,5,5,14,0.0,0.0,1.0,0.0,0.0,1.0,1
"G[1,1](Platelets <= 76.572 -> WBC >= 0.702)
",-76.572,-76.572,0.000,1.000,0.000,0,0,0,19,19,0,0,19,0.0,0.0,0.0,0.0,0.0,1.0,1
"G[1,2](BUN >= 0.670 & EtCO2 <= 0.000)
",9999999.000,9999999.000,0.000,1.000,0.000,0,0,0,19,19,0,0,19,0.0,0.0,0.0,0.0,0.0,1.0,1
"G[1,2](((Magnesium <= 2.146 & Resp >= 7.534) & Lactate >= 4.540) -> DBP <= 18.191)
",9999999.000,9999999.000,0.000,1.000,0.000,0,0,19,0,0,19,19,0,0.0,0.0,1.0,0.0,0.0,1.0,1
"G[0,2]((BaseExcess >= -2.803 | Resp >= 3.196) | MAP <= 34.954)
",9999999.000,9999999.000,0.000,1.000,0.000,0,0,19,0,0,19,19,0,0.0,0.0,1.0,0.0,0.0,1.0,1
"G[0,1](((Phosphate >= 0.057 -> SepsisLabel >= 0.000) -> Fibrinogen <= 0.000) & SBP <= 0.000)
",9999999.000,9999999.000,0.000,1.000,0.000,0,0,0,19,19,0,0,19,0.0,0.0,0.0,0.0,0.0,1.0,1
"G[2,2]((BaseExcess >= -2.450 | PaCO2 >= 1.778) -> pH <= 36.588)
",-36.588,-36.588,0.000,1.000,0.000,0,0,19,0,0,19,19,0,0.0,0.0,1.0,0.0,0.0,1.0,1
"G[1,2]((Potassium <= 2.030 & pH >= 0.485) & DBP <= 1.951)
",9999999.000,9999999.000,0.000,1.000,0.000,0,0,0,19,19,0,0,19,0.0,0.0,0.0,0.0,0.0,1.0,1
"G[0,2]((Platelets <= 97.673 & O2Sat >= 86.821) & Bilirubin_total <= 93.486)
",9999999.000,9999999.000,0.000,1.000,0.000,0,0,14,5,5,14,14,5,0.0,0.0,1.0,0.0,0.0,1.0,1
"G[1,2](Bilirubin_direct >= 0.000 | SepsisLabel <= 0.000)
",9999999.000,9999999.000,0.000,1.000,0.000,0,0,19,0,0,19,19,0,0.0,0.0,1.0,0.0,0.0,1.0,1
"G[2,2]((BUN <= 4.685 -> HR >= 4.522) & Chloride >= 69.656)
",-69.656,-69.656,0.000,1.000,0.000,0,0,19,0,0,19,19,0,0.0,0.0,1.0,0.0,0.0,1.0,1
"G[0,2]((HR <= 101.876 | SepsisLabel <= 0.000) & Chloride >= 0.000)
",9999999.000,9999999.000,0.000,1.000,0.000,0,0,19,0,0,19,19,0,0.0,0.0,1.0,0.0,0.0,1.0,1
"G[0,2](SaO2 >= 3.140 -> Hct >= 0.822)
",9999999.000,9999999.000,0.000,1.000,0.000,0,0,18,1,1,18,18,1,0.0,0.0,1.0,0.0,0.0,1.0,1
"G[0,2](((HR >= 51.053 & WBC <= 6.518) -> TroponinI >= 0.476) | PaCO2 <= 2.952)
",9999999.000,9999999.000,0.000,1.000,0.000,0,0,12,7,7,12,12,7,0.0,0.0,1.0,0.0,0.0,1.0,1
"G[0,1](((SepsisLabel >= 0.000 -> Magnesium <= 2.178) & SepsisLabel >= 0.012) | MAP <= 0.609)
",9999999.000,9999999.000,0.000,1.000,0.000,0,0,0,19,19,0,0,19,0.0,0.0,0.0,0.0,0.0,1.0,1
"G[0,2](((PaCO2 >= 1.622 | BaseExcess <= 0.522) & Chloride <= 0.442) & AST <= 0.080)
",9999999.000,9999999.000,0.000,1.000,0.000,0,0,17,2,2,17,17,2,0.0,0.0,1.0,0.0,0.0,1.0,1
"G[1,2](Potassium >= 0.008 & Resp <= 26.759)
",9999999.000,9999999.000,0.000,1.000,0.000,0,0,0,19,19,0,0,19,0.0,0.0,0.0,0.0,0.0,1.0,1
"G[1,2](FiO2 <= 0.161 | Hgb <= 10.989)
",9999999.000,9999999.000,0.000,1.000,0.000,0,0,18,1,1,18,18,1,0.0,0.0,1.0,0.0,0.0,1.0,1
"G[2,2]((DBP <= 58.193 & Magnesium >= 0.050) -> Bilirubin_total <= 1.507)
",-6786578658392379.000,-1.507,0.000,1.000,0.000,0,0,19,0,0,19,19,0,0.0,0.0,1.0,0.0,0.0,1.0,1
"G[1,2]((WBC <= 11.821 | TroponinI <= 0.000) & Magnesium <= 0.000)
",9999999.000,9999999.000,0.000,1.000,0.000,0,0,19,0,0,19,19,0,0.0,0.0,1.0,0.0,0.0,1.0,1
"G[2,2]((SBP >= 20.744 | O2Sat >= 59.123) & PTT <= 89.600)
",-5838802454653006.000,-20.744,0.000,1.000,0.000,0,0,19,0,0,19,19,0,0.0,0.0,1.0,0.0,0.0,1.0,1
"G[1,2]((SaO2 >= 4.207 -> TroponinI >= 0.000) & SBP <= 0.000)
",9999999.000,9999999.000,0.000,1.000,0.000,0,0,2,17,17,2,2,17,0.0,0.0,1.0,0.0,0.0,1.0,1
"G[0,2]((Resp >= 8.223 -> MAP >= 28.965) | Resp >= 5.862)
",9999999.000,9999999.000,0.000,1.000,0.000,0,0,19,0,0,19,19,0,0.0,0.0,1.0,0.0,0.0,1.0,1
"G[0,2]((WBC <= 11.988 -> O2Sat <= 93.998) -> O2Sat >= 16.256)
",9999999.000,9999999.000,0.000,1.000,0.000,0,0,16,3,3,16,16,3,0.0,0.0,1.0,0.0,0.0,1.0,1
"G[1,2](Potassium <= 0.774 -> Fibrinogen >= 0.000)
",9999999.000,9999999.000,0.000,1.000,0.000,0,0,19,0,0,19,19,0,0.0,0.0,1.0,0.0,0.0,1.0,1
"G[2,2](((EtCO2 >= 0.000 & TroponinI >= 0.000) -> MAP <= 0.000) -> pH >= 0.000)
",0.000,0.000,0.000,1.000,0.000,0,0,19,0,0,19,19,0,0.0,0.0,1.0,0.0,0.0,1.0,1
"G[0,1](BUN >= 0.461 & pH <= 7.062)
",9999999.000,9999999.000,0.000,1.000,0.000,0,0,0,19,19,0,0,19,0.0,0.0,0.0,0.0,0.0,1.0,1
"G[0,2](((SaO2 <= 24.037 & EtCO2 <= 0.000) & HR >= 0.000) | EtCO2 <= 0.000)
",9999999.000,9999999.000,0.000,1.000,0.000,0,0,19,0,0,19,19,0,0.0,0.0,1.0,0.0,0.0,1.0,1
"G[1,2]((Calcium >= 0.292 -> Magnesium <= 0.930) -> DBP <= 1.841)
",9999999.000,9999999.000,0.000,1.000,0.000,0,0,2,17,17,2,2,17,0.0,0.0,1.0,0.0,0.0,1.0,1
"G[1,2](((pH >= 0.606 | Lactate >= 0.000) -> SaO2 >= 0.000) | Hct <= 0.000)
",9999999.000,9999999.000,0.000,1.000,0.000,0,0,19,0,0,19,19,0,0.0,0.0,1.0,0.0,0.0,1.0,1
"G[0,0]((Creatinine <= 0.346 & Potassium >= 0.084) & Glucose >= 0.156)
",-0.242,-5.656,0.000,1.000,0.000,0,0,0,19,19,0,0,19,0.0,0.0,0.0,0.0,0.0,1.0,1
"G[0,2]((HR >= 65.457 | PaCO2 <= 20.558) & SaO2 <= 29.296)
",9999999.000,9999999.000,0.000,1.000,0.000,0,0,17,2,2,17,17,2,0.0,0.0,1.0,0.0,0.0,1.0,1
"G[1,2](((Creatinine >= 0.030 & HCO3 >= 0.229) -> pH >= 0.780) | DBP >= 1.151)
",9999999.000,9999999.000,0.000,1.000,0.000,0,0,19,0,0,19,19,0,0.0,0.0,1.0,0.0,0.0,1.0,1
"G[1,2](Chloride <= 34.951 & HCO3 >= 0.515)
",9999999.000,9999999.000,0.000,1.000,0.000,0,0,0,19,19,0,0,19,0.0,0.0,0.0,0.0,0.0,1.0,1
"G[1,2](((Calcium >= 0.134 | HCO3 <= 10.680) -> WBC <= 6.815) & Magnesium <= 7.066)
",9999999.000,9999999.000,0.000,1.000,0.000,0,0,19,0,0,19,19,0,0.0,0.0,1.0,0.0,0.0,1.0,1
"G[2,2](BUN >= 0.475 -> SepsisLabel = 0.000)
",0.000,0.000,0.000,1.000,0.000,0,0,19,0,0,19,19,0,0.0,0.0,1.0,0.0,0.0,1.0,1
"G[1,2](MAP > 37.123 & SepsisLabel = 0.000)
",9999999.000,9999999.000,0.000,1.000,0.000,0,0,16,3,3,16,16,3,0.0,0.0,1.0,0.0,0.0,1.0,1
"G[0,2](TroponinI > 0.000 & SepsisLabel = 0.000)
",9999999.000,9999999.000,0.000,1.000,0.000,0,0,0,19,19,0,0,19,0.0,0.0,0.0,0.0,0.0,1.0,1
"G[0,2](SBP <= 113.683 & SepsisLabel = 0.000)
",9999999.000,9999999.000,0.000,1.000,0.000,0,0,13,6,6,13,13,6,0.0,0.0,1.0,0.0,0.0,1.0,1
"G[0,0](BUN <= 8.327 & Creatinine >= 0.037)
",0.216,0.403,0.000,1.000,0.000,0,0,0,19,19,0,0,19,0.0,0.0,0.0,0.0,0.0,1.0,1
"G[1,2](((Hgb <= 11.151 | Hct <= 41.181) -> WBC >= 0.224) & Platelets >= 9.381)
",9999999.000,9999999.000,0.000,1.000,0.000,0,0,0,19,19,0,0,19,0.0,0.0,0.0,0.0,0.0,1.0,1
"G[0,2](Platelets <= 113.716 -> WBC >= 0.314)
",9999999.000,9999999.000,0.000,1.000,0.000,0,0,0,19,19,0,0,19,0.0,0.0,0.0,0.0,0.0,1.0,1
"G[0,2](BUN <= 14.172 & Creatinine >= 0.049)
",9999999.000,9999999.000,0.000,1.000,0.000,0,0,0,19,19,0,0,19,0.0,0.0,0.0,0.0,0.0,1.0,1
"G[0,2](BUN >= 0.089 | Creatinine >= 0.013)
",9999999.000,9999999.000,0.000,1.000,0.000,0,0,0,19,19,0,0,19,0.0,0.0,0.0,0.0,0.0,1.0,1
"G[0,2](((HR >= 25.173 -> PaCO2 >= 0.586) | MAP <= 33.671) -> Temp <= 26.885)
",9999999.000,9999999.000,0.000,1.000,0.000,0,0,12,7,7,12,12,7,0.0,0.0,1.0,0.0,0.0,1.0,1
"G[0,1](Chloride >= 4.309 & HCO3 >= 1.138)
",9999999.000,9999999.000,0.000,1.000,0.000,0,0,0,19,19,0,0,19,0.0,0.0,0.0,0.0,0.0,1.0,1
"G[0,2](((PaCO2 <= 15.557 -> FiO2 >= 0.005) | BaseExcess >= 0.054) & Temp <= 0.237)
",9999999.000,9999999.000,0.000,1.000,0.000,0,0,0,19,19,0,0,19,0.0,0.0,0.0,0.0,0.0,1.0,1
"G[0,2]((TroponinI <= 0.000 | Chloride >= 3.284) | Creatinine <= 50.064)
",9999999.000,9999999.000,0.000,1.000,0.000,0,0,19,0,0,19,19,0,0.0,0.0,1.0,0.0,0.0,1.0,1
"G[1,2](((SBP >= 95.283 & MAP <= 72.665) | PTT >= 17.971) & Phosphate <= 82.167)
",9999999.000,9999999.000,0.000,1.000,0.000,0,0,7,12,12,7,7,12,0.0,0.0,1.0,0.0,0.0,1.0,1
"G[0,2](Hgb >= 2.140 & HCO3 <= 3.541)
",9999999.000,9999999.000,0.000,1.000,0.000,0,0,0,19,19,0,0,19,0.0,0.0,0.0,0.0,0.0,1.0,1
"G[2,2]((Platelets <= 118.796 | Temp >= 19.267) & Resp >= 22.700)
",-22.700,-22.700,0.000,1.000,0.000,0,0,19,0,0,19,19,0,0.0,0.0,1.0,0.0,0.0,1.0,1
"G[1,2](((Creatinine <= 0.667 | Bilirubin_direct >= 0.000) | Lactate <= 0.000) -> Hgb <= 0.000)
",9999999.000,9999999.000,0.000,1.000,0.000,0,0,14,5,5,14,14,5,0.0,0.0,1.0,0.0,0.0,1.0,1
"G[0,2](pH <= 5.848 | Glucose <= 117.022)
",9999999.000,9999999.000,0.000,1.000,0.000,0,0,15,4,4,15,15,4,0.0,0.0,1.0,0.0,0.0,1.0,1
"G[0,2]((DBP <= 58.499 -> Magnesium <= 0.634) -> Phosphate <= 0.794)
",9999999.000,9999999.000,0.000,1.000,0.000,0,0,19,0,0,19,19,0,0.0,0.0,1.0,0.0,0.0,1.0,1
"G[2,2](MAP >= 18.011 -> Phosphate <= 2.665)
",-6000586133643659.000,-2.665,0.000,1.000,0.000,0,0,19,0,0,19,19,0,0.0,0.0,1.0,0.0,0.0,1.0,1
"G[1,2]((Chloride <= 29.460 & PTT <= 115.670) -> DBP >= 4.229)
",9999999.000,9999999.000,0.000,1.000,0.000,0,0,17,2,2,17,17,2,0.0,0.0,1.0,0.0,0.0,1.0,1
"G[1,2]((WBC >= 0.720 & Temp >= 10.390) -> HR <= 26.054)
",9999999.000,9999999.000,0.000,1.000,0.000,0,0,19,0,0,19,19,0,0.0,0.0,1.0,0.0,0.0,1.0,1
"G[1,2]((DBP <= 56.407 | PTT >= 1.149) | FiO2 <= 83.015)
",9999999.000,9999999.000,0.000,1.000,0.000,0,0,19,0,0,19,19,0,0.0,0.0,1.0,0.0,0.0,1.0,1
"G[0,2](Hgb >= 1.148 & MAP >= 52.898)
",9999999.000,9999999.000,0.000,1.000,0.000,0,0,0,19,19,0,0,19,0.0,0.0,0.0,0.0,0.0,1.0,1
"G[1,2](((HCO3 >= 0.862 -> PTT >= 3.685) & pH <= 29.899) & AST >= 2.241)
",9999999.000,9999999.000,0.000,1.000,0.000,0,0,0,19,19,0,0,19,0.0,0.0,0.0,0.0,0.0,1.0,1
"G[1,2]((Glucose >= 23.688 & PTT <= 100.717) -> TroponinI >= 0.804)
",9999999.000,9999999.000,0.000,1.000,0.000,0,0,15,4,4,15,15,4,0.0,0.0,1.0,0.0,0.0,1.0,1
"F[2,2](((Chloride >= 2.102 & Resp >= 8.790) -> Glucose >= 4.422) & HR <= 36.755)
",4979027822798134.000,4.422,0.000,0.000,1.000,0,0,0,19,19,0,0,19,0.0,0.0,0.0,0.0,0.0,1.0,-1
"F[1,1](((Potassium >= 0.014 | Resp >= 6.495) & Alkalinephos >= 12.312) | Creatinine <= 31.204)
",31.204,31.204,0.000,0.000,1.000,0,0,0,19,19,0,0,19,0.0,0.0,0.0,0.0,0.0,1.0,-1
"F[0,2](((Alkalinephos <= 0.000 & Magnesium >= 0.053) | SaO2 <= 0.211) & Hct <= 1.716)
",-9999999.000,-9999999.000,0.000,0.000,1.000,0,0,0,19,19,0,0,19,0.0,0.0,0.0,0.0,0.0,1.0,-1
"F[0,2](O2Sat >= 57.398 | Phosphate <= 3.723)
",-9999999.000,-9999999.000,0.000,0.000,1.000,0,0,0,19,19,0,0,19,0.0,0.0,0.0,0.0,0.0,1.0,-1
"((Glucose >= 19.491) U[0,2] (Temp <= 33.238))
",-9999999.000,-9999999.000,0.000,0.000,1.000,0,0,0,19,19,0,0,19,0.0,0.0,0.0,0.0,0.0,1.0,-1
"F[0,2](((Magnesium <= 1.256 -> SaO2 >= 2.184) & Creatinine >= 2.019) -> Resp <= 62.415)
",-9999999.000,-9999999.000,0.000,0.000,1.000,0,0,0,19,19,0,0,19,0.0,0.0,0.0,0.0,0.0,1.0,-1
"F[1,2](Chloride <= 79.062 & Chloride <= 88.560)
",-9999999.000,-9999999.000,0.000,0.000,1.000,0,0,0,19,19,0,0,19,0.0,0.0,0.0,0.0,0.0,1.0,-1
"F[0,2](Bilirubin_direct >= 0.000 & Bilirubin_total <= 0.000)
",-9999999.000,-9999999.000,0.000,0.000,1.000,0,0,0,19,19,0,0,19,0.0,0.0,0.0,0.0,0.0,1.0,-1
"F[2,2](PTT >= 1.726 & SBP >= 55.285)
",-55.285,-55.285,0.000,0.000,1.000,0,0,0,19,19,0,0,19,0.0,0.0,0.0,0.0,0.0,1.0,-1
"F[0,2](HR <= 91.863 -> Phosphate >= 0.010)
",-9999999.000,-9999999.000,0.000,0.000,1.000,0,0,0,19,19,0,0,19,0.0,0.0,0.0,0.0,0.0,1.0,-1
"F[1,2](O2Sat <= 96.536 & Resp >= 10.639)
",-9999999.000,-9999999.000,0.000,0.000,1.000,0,0,0,19,19,0,0,19,0.0,0.0,0.0,0.0,0.0,1.0,-1
"F[1,2](BUN >= 0.197 | FiO2 <= 0.223)
",-9999999.000,-9999999.000,0.000,0.000,1.000,0,0,0,19,19,0,0,19,0.0,0.0,0.0,0.0,0.0,1.0,-1
"((HR <= 92.884) U[1,2] (Magnesium >= 0.026))
",-9999999.000,-9999999.000,0.000,0.000,1.000,0,0,0,19,19,0,0,19,0.0,0.0,0.0,0.0,0.0,1.0,-1
"F[0,1]((Resp <= 26.685 -> Temp <= 26.055) | Bilirubin_direct <= 31.425)
",-9999999.000,-9999999.000,0.000,0.000,1.000,0,0,0,19,19,0,0,19,0.0,0.0,0.0,0.0,0.0,1.0,-1
"G[0,1](((Potassium >= 0.193 | SaO2 <= 24.512) | DBP >= 4.210) -> Hct >= 0.802)
",9999999.000,9999999.000,0.000,1.000,0.000,0,0,0,19,19,0,0,19,0.0,0.0,0.0,0.0,0.0,1.0,1
"G[0,2](FiO2 <= 0.114 -> WBC >= 0.360)
",9999999.000,9999999.000,0.000,1.000,0.000,0,0,1,18,18,1,1,18,0.0,0.0,1.0,0.0,0.0,1.0,1
"G[1,2](((MAP <= 70.292 -> FiO2 >= 0.047) & DBP >= 0.017) | Creatinine >= 0.012)
",9999999.000,9999999.000,0.000,1.000,0.000,0,0,11,8,8,11,11,8,0.0,0.0,1.0,0.0,0.0,1.0,1
"G[1,2](MAP <= 78.742 & Calcium >= 0.131)
",9999999.000,9999999.000,0.000,1.000,0.000,0,0,0,19,19,0,0,19,0.0,0.0,0.0,0.0,0.0,1.0,1
"G[0,2](((Chloride >= 0.840 -> SaO2 >= 3.726) & pH <= 37.437) | DBP <= 57.397)
",9999999.000,9999999.000,0.000,1.000,0.000,0,0,18,1,1,18,18,1,0.0,0.0,1.0,0.0,0.0,1.0,1
"G[0,2](((Calcium <= 5.532 -> SaO2 <= 73.071) | Glucose >= 4.700) -> Platelets <= 16.110)
",9999999.000,9999999.000,0.000,1.000,0.000,0,0,15,4,4,15,15,4,0.0,0.0,1.0,0.0,0.0,1.0,1
"G[0,1]((Hct <= 23.563 | SBP >= 30.614) & PTT >= 16.547)
",9999999.000,9999999.000,0.000,1.000,0.000,0,0,0,19,19,0,0,19,0.0,0.0,0.0,0.0,0.0,1.0,1
"G[0,2](((Creatinine >= 0.017 | SBP <= 108.478) -> SBP >= 6.966) & Resp <= 134.015)
",9999999.000,9999999.000,0.000,1.000,0.000,0,0,17,2,2,17,17,2,0.0,0.0,1.0,0.0,0.0,1.0,1
"G[2,2](((Potassium >= 0.080 | Temp <= 32.284) & Bilirubin_direct >= 13.021) & Bilirubin_total <= 35.570)
",-13.021,-13.021,0.000,1.000,0.000,0,0,19,0,0,19,19,0,0.0,0.0,1.0,0.0,0.0,1.0,1
"G[0,2](((Chloride <= 11.013 & O2Sat >= 0.530) -> FiO2 >= 38.254) & Creatinine <= 93.604)
",9999999.000,9999999.000,0.000,1.000,0.000,0,0,0,19,19,0,0,19,0.0,0.0,0.0,0.0,0.0,1.0,1
"G[0,2](((FiO2 <= 0.125 & HCO3 <= 8.592) -> Magnesium <= 12.015) | Glucose <= 13.934)
",9999999.000,9999999.000,0.000,1.000,0.000,0,0,19,0,0,19,19,0,0.0,0.0,1.0,0.0,0.0,1.0,1
"F[1,2](((Creatinine <= 0.989 & FiO2 >= 0.052) -> PaCO2 <= 0.316) | Potassium <= 0.253)
",-9999999.000,-9999999.000,0.000,0.000,1.000,0,0,0,19,19,0,0,19,0.0,0.0,0.0,0.0,0.0,1.0,-1
"F[1,2]((Calcium <= 5.852 & Resp >= 11.842) | BaseExcess <= 36.809)
",-9999999.000,-9999999.000,0.000,0.000,1.000,0,0,0,19,19,0,0,19,0.0,0.0,0.0,0.0,0.0,1.0,-1
"G[1,1]((BUN <= 5.456 | O2Sat <= 99.497) & BaseExcess >= 72.529)
",-72.529,-72.529,0.000,1.000,0.000,0,0,0,19,19,0,0,19,0.0,0.0,0.0,0.0,0.0,1.0,1
"F[2,2](((Phosphate <= 0.317 | SBP >= 90.802) & Resp >= 56.926) & MAP <= 134.068)
",-56.926,-56.926,0.000,0.000,1.000,0,0,0,19,19,0,0,19,0.0,0.0,0.0,0.0,0.0,1.0,-1
"F[0,1](Hgb <= 10.039 & SBP >= 89.669)
",-9999999.000,-9999999.000,0.000,0.000,1.000,0,0,0,19,19,0,0,19,0.0,0.0,0.0,0.0,0.0,1.0,-1
"((O2Sat >= 61.120) U[1,2] (Potassium >= 0.050))
",-9999999.000,-9999999.000,0.000,0.000,1.000,0,0,0,19,19,0,0,19,0.0,0.0,0.0,0.0,0.0,1.0,-1
"F[2,2]((Calcium <= 5.400 -> O2Sat <= 92.475) & SaO2 >= 31.692)
",-92.475,-92.475,0.000,0.000,1.000,0,0,0,19,19,0,0,19,0.0,0.0,0.0,0.0,0.0,1.0,-1
"((SBP >= 55.852) U[0,1] (WBC <= 15.053))
",-9999999.000,-9999999.000,0.000,0.000,1.000,0,0,0,19,19,0,0,19,0.0,0.0,0.0,0.0,0.0,1.0,-1
"F[0,2](HCO3 <= 5.154 & O2Sat <= 91.316)
",-9999999.000,-9999999.000,0.000,0.000,1.000,0,0,0,19,19,0,0,19,0.0,0.0,0.0,0.0,0.0,1.0,-1
"F[0,2]((FiO2 <= 0.096 | HR <= 88.570) -> DBP <= 99.117)
",-9999999.000,-9999999.000,0.000,0.000,1.000,0,0,0,19,19,0,0,19,0.0,0.0,0.0,0.0,0.0,1.0,-1
"((Chloride <= 99.763) U[2,2] (Temp <= 37.844))
",99.763,99.763,0.000,0.000,1.000,0,0,0,19,19,0,0,19,0.0,0.0,0.0,0.0,0.0,1.0,-1
"F[0,2](((Glucose >= 3.954 | SBP <= 136.866) & PaCO2 <= 115.914) -> SepsisLabel >= 53.225)
",-9999999.000,-9999999.000,0.000,0.000,1.000,0,0,0,19,19,0,0,19,0.0,0.0,0.0,0.0,0.0,1.0,-1
"((FiO2 <= 0.236) U[0,2] (Phosphate >= 0.043))
",-9999999.000,-9999999.000,0.000,0.000,1.000,0,0,0,19,19,0,0,19,0.0,0.0,0.0,0.0,0.0,1.0,-1
"F[1,1]((HCO3 >= 0.866 & Temp <= 26.492) -> MAP >= 10.375)
",0.866,0.866,0.000,0.000,1.000,0,0,0,19,19,0,0,19,0.0,0.0,0.0,0.0,0.0,1.0,-1
"F[1,2]((Lactate <= 0.000 | Platelets >= 5.706) | HR >= 3.694)
",-9999999.000,-9999999.000,0.000,0.000,1.000,0,0,0,19,19,0,0,19,0.0,0.0,0.0,0.0,0.0,1.0,-1
"F[1,2](((pH >= 1.819 & Resp <= 18.452) | Fibrinogen <= 22.204) & pH >= 1.748)
",-9999999.000,-9999999.000,0.000,0.000,1.000,0,0,0,19,19,0,0,19,0.0,0.0,0.0,0.0,0.0,1.0,-1
"F[0,1](((SaO2 <= 68.942 -> SBP <= 128.492) | O2Sat >= 43.494) -> PaCO2 <= 118.740)
",-9999999.000,-9999999.000,0.000,0.000,1.000,0,0,0,19,19,0,0,19,0.0,0.0,0.0,0.0,0.0,1.0,-1
"F[1,2](((O2Sat >= 8.705 -> PTT >= 4.624) -> HCO3 <= 79.434) | Hgb <= 22.443)
",-9999999.000,-9999999.000,0.000,0.000,1.000,0,0,0,19,19,0,0,19,0.0,0.0,0.0,0.0,0.0,1.0,-1
"((O2Sat <= 95.624) U[0,2] (TroponinI >= 0.000))
",-9999999.000,-9999999.000,0.000,0.000,1.000,0,0,0,19,19,0,0,19,0.0,0.0,0.0,0.0,0.0,1.0,-1
"F[0,0]((pH >= 1.095 | SBP >= 73.289) | Hgb <= 118.306)
",7.817,110.016,0.000,0.000,1.000,0,0,0,19,19,0,0,19,0.0,0.0,0.0,0.0,0.0,1.0,-1
"F[0,2](((FiO2 <= 0.302 | pH <= 6.931) | Hgb >= 0.215) -> Calcium >= 1.669)
",-9999999.000,-9999999.000,0.000,0.000,1.000,0,0,0,19,19,0,0,19,0.0,0.0,0.0,0.0,0.0,1.0,-1
"F[0,2](DBP <= 58.847 | Phosphate <= 0.139)
",-9999999.000,-9999999.000,0.000,0.000,1.000,0,0,0,19,19,0,0,19,0.0,0.0,0.0,0.0,0.0,1.0,-1
"F[2,2]((O2Sat <= 92.683 & Platelets <= 74.945) & HCO3 <= 34.061)
",34.061,34.061,0.000,0.000,1.000,0,0,0,19,19,0,0,19,0.0,0.0,0.0,0.0,0.0,1.0,-1
"F[0,1]((BUN >= 0.571 -> pH <= 4.960) -> Lactate <= 5.313)
",-9999999.000,-9999999.000,0.000,0.000,1.000,0,0,0,19,19,0,0,19,0.0,0.0,0.0,0.0,0.0,1.0,-1
"F[0,1](((Platelets <= 46.604 & SBP <= 132.136) & AST >= 68.029) -> Glucose <= 121.852)
",-9999999.000,-9999999.000,0.000,0.000,1.000,0,0,0,19,19,0,0,19,0.0,0.0,0.0,0.0,0.0,1.0,-1
"F[0,1](((Alkalinephos <= 0.000 & Bilirubin_total >= 0.000) & SaO2 >= 0.000) | DBP >= 0.000)
",-9999999.000,-9999999.000,0.000,0.000,1.000,0,0,0,19,19,0,0,19,0.0,0.0,0.0,0.0,0.0,1.0,-1
"F[1,2](((Phosphate <= 0.408 | Resp <= 25.500) -> Phosphate >= 7.519) & Glucose <= 30.997)
",-9999999.000,-9999999.000,0.000,0.000,1.000,0,0,0,19,19,0,0,19,0.0,0.0,0.0,0.0,0.0,1.0,-1
"F[0,2](((Magnesium >= 0.053 & Resp >= 10.019) | pH <= 31.207) | DBP <= 17.175)
",-9999999.000,-9999999.000,0.000,0.000,1.000,0,0,0,19,19,0,0,19,0.0,0.0,0.0,0.0,0.0,1.0,-1
"F[1,1](((Phosphate <= 3.236 & HR >= 42.350) -> Fibrinogen <= 112.212) | FiO2 <= 111.058)
",111.058,111.058,0.000,0.000,1.000,0,0,0,19,19,0,0,19,0.0,0.0,0.0,0.0,0.0,1.0,-1
"G[2,2](HCO3 >= 0.535 -> SaO2 <= 20.987)
",-20.987,-20.987,0.000,1.000,0.000,0,0,19,0,0,19,19,0,0.0,0.0,1.0,0.0,0.0,1.0,1
"G[1,1]((Calcium >= 0.072 & SBP >= 37.371) & BUN >= 6.421)
",-5259515466050750.000,-37.371,0.000,1.000,0.000,0,0,0,19,19,0,0,19,0.0,0.0,0.0,0.0,0.0,1.0,1
"G[1,2](MAP <= 72.966 -> SaO2 <= 48.538)
",9999999.000,9999999.000,0.000,1.000,0.000,0,0,18,1,1,18,18,1,0.0,0.0,1.0,0.0,0.0,1.0,1
"G[2,2](((FiO2 >= 0.062 -> Glucose >= 1.804) | DBP >= 9.680) & BUN >= 4.638)
",-4.638,-4.638,0.000,1.000,0.000,0,0,19,0,0,19,19,0,0.0,0.0,1.0,0.0,0.0,1.0,1
"G[1,1]((Magnesium <= 1.618 -> PaCO2 >= 1.167) & Lactate >= 6.356)
",-7156618986923165.000,-6.356,0.000,1.000,0.000,0,0,0,19,19,0,0,19,0.0,0.0,0.0,0.0,0.0,1.0,1
"G[2,2](BaseExcess <= 0.748 -> FiO2 <= 0.300)
",-0.748,-0.748,0.000,1.000,0.000,0,0,19,0,0,19,19,0,0.0,0.0,1.0,0.0,0.0,1.0,1
"G[1,2](((MAP >= 45.684 | PaCO2 <= 26.731) -> O2Sat <= 41.573) | Resp <= 33.725)
",9999999.000,9999999.000,0.000,1.000,0.000,0,0,18,1,1,18,18,1,0.0,0.0,1.0,0.0,0.0,1.0,1
"G[0,2](((BaseExcess <= 0.265 -> Platelets >= 9.470) | Platelets <= 70.977) -> HCO3 >= 7.864)
",9999999.000,9999999.000,0.000,1.000,0.000,0,0,0,19,19,0,0,19,0.0,0.0,0.0,0.0,0.0,1.0,1
"G[0,1](BaseExcess >= -2.597 & SaO2 >= 2.868)
",9999999.000,9999999.000,0.000,1.000,0.000,0,0,0,19,19,0,0,19,0.0,0.0,0.0,0.0,0.0,1.0,1
"G[0,2](Hct <= 18.831 & WBC <= 5.150)
",9999999.000,9999999.000,0.000,1.000,0.000,0,0,11,8,8,11,11,8,0.0,0.0,1.0,0.0,0.0,1.0,1
"G[1,2](((Creatinine >= 0.008 & Hgb >= 1.912) | Resp >= 1.954) -> Bilirubin_total <= 5.914)
",9999999.000,9999999.000,0.000,1.000,0.000,0,0,19,0,0,19,19,0,0.0,0.0,1.0,0.0,0.0,1.0,1
"G[2,2](BUN >= 0.219 | Glucose <= 90.133)
",6342573799026620.000,90.133,0.000,1.000,0.000,0,0,19,0,0,19,19,0,0.0,0.0,1.0,0.0,0.0,1.0,1
"G[0,1](((Hgb <= 3.050 | WBC <= 9.012) | Glucose >= 0.021) -> Bilirubin_total >= 0.533)
",9999999.000,9999999.000,0.000,1.000,0.000,0,0,0,19,19,0,0,19,0.0,0.0,0.0,0.0,0.0,1.0,1
"G[2,2](pH >= 1.834 & SaO2 <= 19.896)
",-8259114929645713.000,-1.834,0.000,1.000,0.000,0,0,19,0,0,19,19,0,0.0,0.0,1.0,0.0,0.0,1.0,1
"G[0,1]((O2Sat >= 76.934 | Temp >= 0.391) -> DBP <= 34.738)
",9999999.000,9999999.000,0.000,1.000,0.000,0,0,0,19,19,0,0,19,0.0,0.0,0.0,0.0,0.0,1.0,1
"G[2,2]((BaseExcess <= -0.337 | Hgb >= 1.494) & Temp <= 5.043)
",-0.337,-0.337,0.000,1.000,0.000,0,0,19,0,0,19,19,0,0.0,0.0,1.0,0.0,0.0,1.0,1
"G[2,2]((PaCO2 >= 8.577 | PTT >= 5.086) & Alkalinephos <= 14.015)
",-5726840312396923.000,-5.086,0.000,1.000,0.000,0,0,19,0,0,19,19,0,0.0,0.0,1.0,0.0,0.0,1.0,1
"G[1,2](((BaseExcess <= 0.233 | pH >= 1.932) & Platelets <= 5.516) | Bilirubin_direct <= 2.649)
",9999999.000,9999999.000,0.000,1.000,0.000,0,0,19,0,0,19,19,0,0.0,0.0,1.0,0.0,0.0,1.0,1
"G[1,2](((Hgb >= 1.875 | PTT >= 1.408) & WBC >= 0.120) & BaseExcess >= 4.910)
",9999999.000,9999999.000,0.000,1.000,0.000,0,0,0,19,19,0,0,19,0.0,0.0,0.0,0.0,0.0,1.0,1
"G[2,2](((Creatinine >= 0.003 | Hct <= 17.595) -> MAP >= 5.101) | PTT <= 29.033)
",8171973808742609.000,29.033,0.000,1.000,0.000,0,0,19,0,0,19,19,0,0.0,0.0,1.0,0.0,0.0,1.0,1
"G[0,1](Hct >= 5.348 & PTT >= 3.139)
",9999999.000,9999999.000,0.000,1.000,0.000,0,0,0,19,19,0,0,19,0.0,0.0,0.0,0.0,0.0,1.0,1
"G[0,1](((Hct <= 28.953 -> Magnesium <= 0.223) & Fibrinogen >= 0.005) & SBP >= 0.031)
",9999999.000,9999999.000,0.000,1.000,0.000,0,0,0,19,19,0,0,19,0.0,0.0,0.0,0.0,0.0,1.0,1
"G[0,2](((DBP <= 60.147 & Glucose >= 6.120) | Bilirubin_total <= 137.850) -> Phosphate >= 7.406)
",9999999.000,9999999.000,0.000,1.000,0.000,0,0,0,19,19,0,0,19,0.0,0.0,0.0,0.0,0.0,1.0,1
"G[0,2]((FiO2 <= 0.123 -> O2Sat >= 71.197) | TroponinI >= 22.119)
",9999999.000,9999999.000,0.000,1.000,0.000,0,0,16,3,3,16,16,3,0.0,0.0,1.0,0.0,0.0,1.0,1
"G[0,2](((Platelets <= 78.033 | Resp <= 21.072) | BaseExcess <= 17.055) & Phosphate <= 15.905)
",9999999.000,9999999.000,0.000,1.000,0.000,0,0,19,0,0,19,19,0,0.0,0.0,1.0,0.0,0.0,1.0,1
"G[2,2]((Creatinine <= 0.747 & pH >= 0.028) | Temp >= 1.863)
",-0.028,-0.028,0.000,1.000,0.000,0,0,19,0,0,19,19,0,0.0,0.0,1.0,0.0,0.0,1.0,1
"G[1,2]((Magnesium >= 0.003 & Temp >= 1.551) | Calcium >= 11.007)
",9999999.000,9999999.000,0.000,1.000,0.000,0,0,0,19,19,0,0,19,0.0,0.0,0.0,0.0,0.0,1.0,1
"G[0,2](((BaseExcess >= -2.855 -> Resp <= 31.365) -> Bilirubin_total >= 14.967) & Hct >= 7.049)
",9999999.000,9999999.000,0.000,1.000,0.000,0,0,0,19,19,0,0,19,0.0,0.0,0.0,0.0,0.0,1.0,1
"G[1,2]((DBP >= 8.496 & SaO2 <= 65.404) & SBP <= 58.016)
",9999999.000,9999999.000,0.000,1.000,0.000,0,0,0,19,19,0,0,19,0.0,0.0,0.0,0.0,0.0,1.0,1
"G[0,2](((BaseExcess <= 0.885 & Temp <= 32.281) & Bilirubin_total <= 35.141) -> Hgb >= 19.667)
",9999999.000,9999999.000,0.000,1.000,0.000,0,0,9,10,10,9,9,10,0.0,0.0,1.0,0.0,0.0,1.0,1
"G[0,2](((Magnesium >= 0.046 | pH <= 3.143) -> PTT >= 0.297) -> Bilirubin_direct <= 4.184)
",9999999.000,9999999.000,0.000,1.000,0.000,0,0,19,0,0,19,19,0,0.0,0.0,1.0,0.0,0.0,1.0,1
"G[2,2](Magnesium >= 0.049 & MAP <= 77.019)
",-7021781522018050.000,-0.049,0.000,1.000,0.000,0,0,19,0,0,19,19,0,0.0,0.0,1.0,0.0,0.0,1.0,1
"G[0,2](((FiO2 >= 0.045 | SaO2 <= 18.694) | Resp <= 55.822) -> DBP <= 63.446)
",9999999.000,9999999.000,0.000,1.000,0.000,0,0,18,1,1,18,18,1,0.0,0.0,1.0,0.0,0.0,1.0,1
"G[0,2]((O2Sat <= 89.989 -> WBC <= 0.775) & Fibrinogen <= 9.007)
",9999999.000,9999999.000,0.000,1.000,0.000,0,0,19,0,0,19,19,0,0.0,0.0,1.0,0.0,0.0,1.0,1
"G[0,2](((Chloride <= 100.155 & SBP <= 134.222) -> AST <= 119.619) | Resp >= 83.953)
",9999999.000,9999999.000,0.000,1.000,0.000,0,0,19,0,0,19,19,0,0.0,0.0,1.0,0.0,0.0,1.0,1
"G[0,2](((PaCO2 >= 2.555 & Resp >= 5.066) -> Hgb <= 27.720) & PaCO2 <= 31.148)
",9999999.000,9999999.000,0.000,1.000,0.000,0,0,11,8,8,11,11,8,0.0,0.0,1.0,0.0,0.0,1.0,1
"G[0,2](((BUN >= 0.185 -> PaCO2 >= 3.828) & Magnesium <= 43.785) & HR >= 9.148)
",9999999.000,9999999.000,0.000,1.000,0.000,0,0,16,3,3,16,16,3,0.0,0.0,1.0,0.0,0.0,1.0,1
"G[1,2](((Phosphate >= 0.047 -> BUN >= 0.680) & SaO2 <= 6.701) & BUN <= 9.532)
",9999999.000,9999999.000,0.000,1.000,0.000,0,0,18,1,1,18,18,1,0.0,0.0,1.0,0.0,0.0,1.0,1
"G[1,2](Potassium >= 0.152 | SBP >= 49.252)
",9999999.000,9999999.000,0.000,1.000,0.000,0,0,17,2,2,17,17,2,0.0,0.0,1.0,0.0,0.0,1.0,1
"G[1,2](((pH >= 0.460 | WBC <= 1.685) -> FiO2 <= 6.155) & HR >= 0.272)
",9999999.000,9999999.000,0.000,1.000,0.000,0,0,17,2,2,17,17,2,0.0,0.0,1.0,0.0,0.0,1.0,1
"G[0,2](((FiO2 <= 0.405 -> Magnesium >= 0.016) | FiO2 <= 1.573) & SBP <= 2.044)
",9999999.000,9999999.000,0.000,1.000,0.000,0,0,0,19,19,0,0,19,0.0,0.0,0.0,0.0,0.0,1.0,1
"G[0,1](((MAP <= 81.422 | Phosphate <= 4.136) | TroponinI >= 0.031) -> Bilirubin_direct >= 0.109)
",9999999.000,9999999.000,0.000,1.000,0.000,0,0,0,19,19,0,0,19,0.0,0.0,0.0,0.0,0.0,1.0,1
"G[0,1](((SaO2 >= 2.965 -> Glucose <= 31.603) & Hct <= 100.560) & Potassium >= 10.240)
",9999999.000,9999999.000,0.000,1.000,0.000,0,0,0,19,19,0,0,19,0.0,0.0,0.0,0.0,0.0,1.0,1
"G[1,1](((Creatinine >= 0.048 & Temp >= 8.358) | TroponinI >= 9.399) | Lactate >= 20.321)
",-4705226886439910.000,-8.358,0.000,1.000,0.000,0,0,0,19,19,0,0,19,0.0,0.0,0.0,0.0,0.0,1.0,1
"G[2,2]((DBP <= 63.184 -> Magnesium <= 2.101) -> FiO2 >= 0.029)
",8370787244120605.000,0.029,0.000,1.000,0.000,0,0,19,0,0,19,19,0,0.0,0.0,1.0,0.0,0.0,1.0,1
"G[1,2](((HR >= 16.227 -> Bilirubin_total <= 0.000) -> EtCO2 >= 0.000) & SaO2 <= 0.000)
",9999999.000,9999999.000,0.000,1.000,0.000,0,0,18,1,1,18,18,1,0.0,0.0,1.0,0.0,0.0,1.0,1
"G[1,2](FiO2 <= 0.349 & Potassium <= 4.116)
",9999999.000,9999999.000,0.000,1.000,0.000,0,0,16,3,3,16,16,3,0.0,0.0,1.0,0.0,0.0,1.0,1
"G[0,0](((WBC >= 0.008 | Hgb >= 1.522) & Magnesium >= 1.687) & AST >= 0.294)
",-1.687,-1.687,0.000,1.000,0.000,0,0,0,19,19,0,0,19,0.0,0.0,0.0,0.0,0.0,1.0,1
"G[1,2](((Magnesium <= 1.007 | SBP >= 30.131) & Platelets >= 55.711) | Lactate >= 61.976)
",9999999.000,9999999.000,0.000,1.000,0.000,0,0,1,18,18,1,1,18,0.0,0.0,1.0,0.0,0.0,1.0,1
"G[1,2]((Chloride <= 33.609 -> AST <= 0.000) & HR <= 0.000)
",9999999.000,9999999.000,0.000,1.000,0.000,0,0,2,17,17,2,2,17,0.0,0.0,1.0,0.0,0.0,1.0,1
"G[0,2](O2Sat <= 92.836 | Calcium >= 0.249)
",9999999.000,9999999.000,0.000,1.000,0.000,0,0,0,19,19,0,0,19,0.0,0.0,0.0,0.0,0.0,1.0,1
"G[1,2](((PTT <= 118.464 & Alkalinephos >= 0.000) -> BUN <= 0.000) -> Resp <= 0.000)
",9999999.000,9999999.000,0.000,1.000,0.000,0,0,2,17,17,2,2,17,0.0,0.0,1.0,0.0,0.0,1.0,1
"G[1,2](SaO2 <= 66.701 -> AST <= 0.000)
",9999999.000,9999999.000,0.000,1.000,0.000,0,0,19,0,0,19,19,0,0.0,0.0,1.0,0.0,0.0,1.0,1
"G[2,2](((PTT <= 46.977 | Temp <= 37.449) -> PTT >= 1.644) | Temp <= 28.660)
",8066982874121716.000,28.660,0.000,1.000,0.000,0,0,19,0,0,19,19,0,0.0,0.0,1.0,0.0,0.0,1.0,1
"G[1,2](Hgb <= 3.187 -> Magnesium <= 0.978)
",9999999.000,9999999.000,0.000,1.000,0.000,0,0,19,0,0,19,19,0,0.0,0.0,1.0,0.0,0.0,1.0,1
"G[0,1](((FiO2 >= 0.024 & MAP >= 26.180) | Lactate <= 65.972) -> Bilirubin_direct >= 59.084)
",9999999.000,9999999.000,0.000,1.000,0.000,0,0,0,19,19,0,0,19,0.0,0.0,0.0,0.0,0.0,1.0,1
"G[0,2](HR >= 79.906 -> Temp <= 29.132)
",9999999.000,9999999.000,0.000,1.000,0.000,0,0,4,15,15,4,4,15,0.0,0.0,1.0,0.0,0.0,1.0,1
"G[0,2](Glucose <= 154.740 -> SaO2 >= 1.038)
",9999999.000,9999999.000,0.000,1.000,0.000,0,0,0,19,19,0,0,19,0.0,0.0,0.0,0.0,0.0,1.0,1
"F[0,2](pH >= 0.888 | AST >= 0.000)
",-9999999.000,-9999999.000,0.000,0.000,1.000,0,0,0,19,19,0,0,19,0.0,0.0,0.0,0.0,0.0,1.0,-1
