Rule,Discrimination Score,Pos Robustness,Neg Robustness,Percent Class +,Percent Class -,TP,TN,FP,FN,Actual Yes,Actual No,Predicted Yes,Predicted No,TPR/Sens,TNR/Spec,FPR,Precision,Accuracy,MCR
"F[0,1]((Platelets >= 10.356 | SBP >= 88.519) & Calcium >= 93.910)
",-9999999.000,-9999999.000,0.000,0.000,1.000,17,0,0,0,17,0,17,0,1.0,0,0,1.0,1.0,0.0
"F[0,1]((Calcium >= 0.693 -> Chloride >= 2.034) & Lactate >= 9.869)
",-9999999.000,-9999999.000,0.000,0.000,1.000,17,0,0,0,17,0,17,0,1.0,0,0,1.0,1.0,0.0
"F[0,1]((FiO2 >= 0.018 & Hgb >= 1.543) & EtCO2 >= 1.527)
",-9999999.000,-9999999.000,0.000,0.000,1.000,17,0,0,0,17,0,17,0,1.0,0,0,1.0,1.0,0.0
"F[0,1](((FiO2 >= 0.060 | HR <= 99.480) -> O2Sat <= 101.393) & Magnesium >= 89.686)
",-9999999.000,-9999999.000,0.000,0.000,1.000,17,0,0,0,17,0,17,0,1.0,0,0,1.0,1.0,0.0
"F[0,1]((Creatinine <= 0.189 | HR >= 94.372) & DBP >= 79.341)
",-9999999.000,-9999999.000,0.000,0.000,1.000,17,0,0,0,17,0,17,0,1.0,0,0,1.0,1.0,0.0
"F[0,1](((BaseExcess >= -1.938 & Glucose <= 119.836) -> Hct >= 23.465) & SBP <= 57.478)
",-9999999.000,-9999999.000,0.000,0.000,1.000,17,0,0,0,17,0,17,0,1.0,0,0,1.0,1.0,0.0
"F[0,1]((Lactate >= 0.095 & WBC <= 4.203) & MAP <= 9.803)
",-9999999.000,-9999999.000,0.000,0.000,1.000,17,0,0,0,17,0,17,0,1.0,0,0,1.0,1.0,0.0
"F[1,1](((Alkalinephos >= 0.000 -> Bilirubin_total <= 0.000) -> SBP <= 0.000) & Temp >= 0.000)
",0.000,0.000,0.000,0.000,1.000,17,0,0,0,17,0,17,0,1.0,0,0,1.0,1.0,0.0
"F[0,1]((Calcium <= 3.033 & Potassium <= 1.974) & Magnesium >= 0.093)
",-9999999.000,-9999999.000,0.000,0.000,1.000,17,0,0,0,17,0,17,0,1.0,0,0,1.0,1.0,0.0
"F[0,1]((Calcium <= 3.046 & Potassium <= 2.831) & Magnesium >= 0.142)
",-9999999.000,-9999999.000,0.000,0.000,1.000,17,0,0,0,17,0,17,0,1.0,0,0,1.0,1.0,0.0
"F[1,1]((FiO2 <= 0.582 & Hct <= 26.008) & Creatinine >= 5.003)
",-5.003,-5.003,0.000,0.000,1.000,17,0,0,0,17,0,17,0,1.0,0,0,1.0,1.0,0.0
"((Platelets >= 20.859) U[1,1] (WBC <= 1.740))
",1.740,1.740,0.000,0.000,1.000,16,0,0,1,17,0,16,1,0.9411764705882353,0,0,1.0,0.9411764705882353,0.05882352941176472
"F[0,0]((Fibrinogen <= 272.950 | Glucose >= 1.199) & Fibrinogen >= 23.412)
",-5.819,-21.441,0.000,0.000,1.000,16,0,0,1,17,0,16,1,0.9411764705882353,0,0,1.0,0.9411764705882353,0.05882352941176472
"F[0,0](((Fibrinogen <= 262.817 & Phosphate <= 3.986) -> Creatinine >= 0.039) & BaseExcess <= 1.058)
",-0.626,-28.686,0.000,0.000,1.000,16,0,0,1,17,0,16,1,0.9411764705882353,0,0,1.0,0.9411764705882353,0.05882352941176472
"F[0,1]((Fibrinogen >= 7.585 & pH >= 2.708) & FiO2 <= 5.678)
",-9999999.000,-9999999.000,0.000,0.000,1.000,16,0,0,1,17,0,16,1,0.9411764705882353,0,0,1.0,0.9411764705882353,0.05882352941176472
"F[0,0]((Calcium >= 0.291 & Magnesium >= 0.325) | HR <= 1.578)
",-20.145,-0.315,0.000,0.000,1.000,16,0,0,1,17,0,16,1,0.9411764705882353,0,0,1.0,0.9411764705882353,0.05882352941176472
"((Bilirubin_total <= 0.000) U[0,1] (Fibrinogen >= 1.352))
",-9999999.000,-9999999.000,0.000,0.000,1.000,16,0,0,1,17,0,16,1,0.9411764705882353,0,0,1.0,0.9411764705882353,0.05882352941176472
"F[0,1](((BUN >= 2.487 & pH >= 1.208) & Phosphate >= 3.479) & DBP >= 2.275)
",-9999999.000,-9999999.000,0.000,0.000,1.000,16,0,0,1,17,0,16,1,0.9411764705882353,0,0,1.0,0.9411764705882353,0.05882352941176472
"F[1,1]((Calcium <= 8.451 & Potassium <= 4.574) & Magnesium >= 0.304)
",-0.304,-0.304,0.000,0.000,1.000,16,0,0,1,17,0,16,1,0.9411764705882353,0,0,1.0,0.9411764705882353,0.05882352941176472
"((SaO2 <= 46.330) U[1,1] (SaO2 >= 23.341))
",46.330,46.330,0.000,0.000,1.000,15,0,0,2,17,0,15,2,0.8823529411764706,0,0,1.0,0.8823529411764706,0.11764705882352944
"F[1,1](PTT >= 0.851 & Temp >= 9.174)
",-9.174,-9.174,0.000,0.000,1.000,15,0,0,2,17,0,15,2,0.8823529411764706,0,0,1.0,0.8823529411764706,0.11764705882352944
"F[0,0](Glucose >= 9.056 & Potassium <= 3.984)
",-9.056,-9.056,0.000,0.000,1.000,15,0,0,2,17,0,15,2,0.8823529411764706,0,0,1.0,0.8823529411764706,0.11764705882352944
"F[0,1]((pH <= 5.363 & Temp >= 14.371) & Potassium >= 2.062)
",-9999999.000,-9999999.000,0.000,0.000,1.000,15,0,0,2,17,0,15,2,0.8823529411764706,0,0,1.0,0.8823529411764706,0.11764705882352944
"F[0,0](((HR <= 102.861 & Platelets >= 7.539) -> Bilirubin_direct >= 1.873) -> HR <= 73.428)
",-5.873,-1.796,0.000,0.000,1.000,15,0,0,2,17,0,15,2,0.8823529411764706,0,0,1.0,0.8823529411764706,0.11764705882352944
"F[1,1]((Hgb <= 3.165 | Potassium <= 2.830) & Magnesium >= 0.072)
",-0.072,-0.072,0.000,0.000,1.000,15,0,0,2,17,0,15,2,0.8823529411764706,0,0,1.0,0.8823529411764706,0.11764705882352944
"((BUN >= 2.387) U[1,1] (Fibrinogen <= 123.151))
",8665996809769988.000,123.151,0.000,0.000,1.000,15,0,0,2,17,0,15,2,0.8823529411764706,0,0,1.0,0.8823529411764706,0.11764705882352944
"F[1,1]((Creatinine >= 0.051 | Fibrinogen >= 10.765) | Alkalinephos >= 16.408)
",-0.051,-0.051,0.000,0.000,1.000,15,0,0,2,17,0,15,2,0.8823529411764706,0,0,1.0,0.8823529411764706,0.11764705882352944
"F[1,1](((BUN <= 18.357 -> Hct >= 7.772) & Lactate <= 21.216) & Calcium >= 4.681)
",-18.357,-18.357,0.000,0.000,1.000,15,0,0,2,17,0,15,2,0.8823529411764706,0,0,1.0,0.8823529411764706,0.11764705882352944
"((Fibrinogen <= 258.426) U[1,1] (PTT >= 1.992))
",258.426,258.426,0.000,0.000,1.000,15,0,0,2,17,0,15,2,0.8823529411764706,0,0,1.0,0.8823529411764706,0.11764705882352944
"((pH <= 6.530) U[0,1] (Calcium >= 0.005))
",-9999999.000,-9999999.000,0.000,0.000,1.000,14,0,0,3,17,0,14,3,0.8235294117647058,0,0,1.0,0.8235294117647058,0.17647058823529416
"F[0,0](((HCO3 >= 2.915 -> HR <= 104.504) -> Chloride >= 93.833) | BUN >= 88.772)
",-5.473,-3.003,0.000,0.000,1.000,14,0,0,3,17,0,14,3,0.8235294117647058,0,0,1.0,0.8235294117647058,0.17647058823529416
"F[1,1](Magnesium >= 0.497 & FiO2 <= 0.262)
",-8950552384379535.000,-0.497,0.000,0.000,1.000,14,0,0,3,17,0,14,3,0.8235294117647058,0,0,1.0,0.8235294117647058,0.17647058823529416
"F[0,1](((Fibrinogen <= 126.985 & HR >= 85.940) | Potassium >= 85.069) -> PaCO2 >= 82.556)
",-9999999.000,-9999999.000,0.000,0.000,1.000,13,0,0,4,17,0,13,4,0.7647058823529411,0,0,1.0,0.7647058823529411,0.23529411764705888
"((Chloride <= 20.934) U[0,1] (Resp >= 0.313))
",-9999999.000,-9999999.000,0.000,0.000,1.000,13,0,0,4,17,0,13,4,0.7647058823529411,0,0,1.0,0.7647058823529411,0.23529411764705888
"F[1,1]((Hct <= 17.787 & MAP <= 92.559) & DBP >= 53.059)
",-53.059,-53.059,0.000,0.000,1.000,13,0,0,4,17,0,13,4,0.7647058823529411,0,0,1.0,0.7647058823529411,0.23529411764705888
"F[0,0]((Fibrinogen >= 0.404 -> Hgb <= 6.979) -> Resp >= 0.792)
",-4.179,-47.355,0.000,0.000,1.000,13,0,0,4,17,0,13,4,0.7647058823529411,0,0,1.0,0.7647058823529411,0.23529411764705888
"((Resp > 1.633) U[1,2] (SepsisLabel = 0.000))
",-9999999.000,-9999999.000,0.000,0.000,1.000,13,0,0,4,17,0,13,4,0.7647058823529411,0,0,1.0,0.7647058823529411,0.23529411764705888
"((FiO2 >= 0.065) U[1,2] (PTT <= 31.886))
",-9999999.000,-9999999.000,0.000,0.000,1.000,13,0,0,4,17,0,13,4,0.7647058823529411,0,0,1.0,0.7647058823529411,0.23529411764705888
"((HR >= 88.016) U[0,1] (Resp >= 0.265))
",-9999999.000,-9999999.000,0.000,0.000,1.000,13,0,0,4,17,0,13,4,0.7647058823529411,0,0,1.0,0.7647058823529411,0.23529411764705888
"F[0,1]((Glucose <= 66.337 -> PTT <= 32.276) & HCO3 >= 2.627)
",-9999999.000,-9999999.000,0.000,0.000,1.000,13,0,0,4,17,0,13,4,0.7647058823529411,0,0,1.0,0.7647058823529411,0.23529411764705888
"F[0,0](Chloride >= 1.191 | WBC >= 0.131)
",0.392,4.559,0.000,0.000,1.000,13,0,0,4,17,0,13,4,0.7647058823529411,0,0,1.0,0.7647058823529411,0.23529411764705888
"((Glucose >= 16.476) U[1,2] (Platelets <= 151.859))
",-9999999.000,-9999999.000,0.000,0.000,1.000,13,0,0,4,17,0,13,4,0.7647058823529411,0,0,1.0,0.7647058823529411,0.23529411764705888
"F[0,1](BUN > 1.375 & SepsisLabel = 0.000)
",-9999999.000,-9999999.000,0.000,0.000,1.000,13,0,0,4,17,0,13,4,0.7647058823529411,0,0,1.0,0.7647058823529411,0.23529411764705888
"((Creatinine >= 0.032) U[0,0] (Magnesium >= 0.229))
",0.561,26.386,0.000,0.000,1.000,13,0,0,4,17,0,13,4,0.7647058823529411,0,0,1.0,0.7647058823529411,0.23529411764705888
"F[0,1]((Calcium <= 4.758 & Potassium <= 4.861) & Magnesium >= 0.087)
",-9999999.000,-9999999.000,0.000,0.000,1.000,13,0,0,4,17,0,13,4,0.7647058823529411,0,0,1.0,0.7647058823529411,0.23529411764705888
"F[0,1]((Bilirubin_direct <= 0.000 -> Chloride >= 0.566) | Magnesium >= 3.568)
",-9999999.000,-9999999.000,0.000,0.000,1.000,13,0,0,4,17,0,13,4,0.7647058823529411,0,0,1.0,0.7647058823529411,0.23529411764705888
"((Glucose >= 6.012) U[1,2] (HCO3 <= 14.067))
",-9999999.000,-9999999.000,0.000,0.000,1.000,13,0,0,4,17,0,13,4,0.7647058823529411,0,0,1.0,0.7647058823529411,0.23529411764705888
"((HCO3 >= 0.295) U[0,1] (Resp >= 0.525))
",-9999999.000,-9999999.000,0.000,0.000,1.000,13,0,0,4,17,0,13,4,0.7647058823529411,0,0,1.0,0.7647058823529411,0.23529411764705888
"F[0,1](((BUN >= 4.482 | Lactate <= 1.067) | FiO2 >= 0.501) -> BaseExcess >= 0.399)
",-9999999.000,-9999999.000,0.000,0.000,1.000,12,0,0,5,17,0,12,5,0.7058823529411765,0,0,1.0,0.7058823529411765,0.2941176470588235
"F[0,1](FiO2 >= 0.102 & Lactate <= 0.672)
",-9999999.000,-9999999.000,0.000,0.000,1.000,12,0,0,5,17,0,12,5,0.7058823529411765,0,0,1.0,0.7058823529411765,0.2941176470588235
"F[1,1]((BaseExcess <= 0.243 & DBP >= 43.305) -> Magnesium >= 32.018)
",32.018,32.018,0.000,0.000,1.000,12,0,0,5,17,0,12,5,0.7058823529411765,0,0,1.0,0.7058823529411765,0.2941176470588235
"((PaCO2 >= 10.685) U[1,2] (EtCO2 <= 0.000))
",-9999999.000,-9999999.000,0.000,0.000,1.000,12,0,0,5,17,0,12,5,0.7058823529411765,0,0,1.0,0.7058823529411765,0.2941176470588235
"F[0,1](BaseExcess <= 0.185 -> Lactate >= 0.196)
",-9999999.000,-9999999.000,0.000,0.000,1.000,11,0,0,6,17,0,11,6,0.6470588235294118,0,0,1.0,0.6470588235294118,0.3529411764705882
"F[0,1]((BaseExcess <= 0.065 | HCO3 <= 22.103) & Hgb >= 3.528)
",-9999999.000,-9999999.000,0.000,0.000,1.000,11,0,0,6,17,0,11,6,0.6470588235294118,0,0,1.0,0.6470588235294118,0.3529411764705882
"((Creatinine >= 0.072) U[1,2] (MAP >= 65.455))
",-9999999.000,-9999999.000,0.000,0.000,1.000,11,0,0,6,17,0,11,6,0.6470588235294118,0,0,1.0,0.6470588235294118,0.3529411764705882
"((Chloride <= 103.015) U[1,1] (SaO2 >= 6.263))
",103.015,103.015,0.000,0.000,1.000,10,0,0,7,17,0,10,7,0.5882352941176471,0,0,1.0,0.5882352941176471,0.4117647058823529
"F[1,1](((Fibrinogen <= 208.255 & SaO2 >= 11.234) & Lactate <= 70.468) & Temp <= 54.293)
",-11.234,-11.234,0.000,0.000,1.000,10,0,0,7,17,0,10,7,0.5882352941176471,0,0,1.0,0.5882352941176471,0.4117647058823529
"F[0,1]((SaO2 <= 91.074 | Glucose >= 6.089) -> Bilirubin_direct >= 17.658)
",-9999999.000,-9999999.000,0.000,0.000,1.000,10,0,0,7,17,0,10,7,0.5882352941176471,0,0,1.0,0.5882352941176471,0.4117647058823529
"F[0,1](Bilirubin_direct >= 0.000 & FiO2 >= 0.025)
",-9999999.000,-9999999.000,0.000,0.000,1.000,9,0,0,8,17,0,9,8,0.5294117647058824,0,0,1.0,0.5294117647058824,0.47058823529411764
"F[0,1]((Chloride >= 10.040 | Potassium >= 1.039) | Bilirubin_total >= 0.736)
",-9999999.000,-9999999.000,0.000,0.000,1.000,9,0,0,8,17,0,9,8,0.5294117647058824,0,0,1.0,0.5294117647058824,0.47058823529411764
"F[0,0](pH >= 0.920 & SBP >= 81.456)
",-3.493,-64.149,0.000,0.000,1.000,8,0,0,9,17,0,8,9,0.47058823529411764,0,0,1.0,0.47058823529411764,0.5294117647058824
"((MAP >= 49.351) U[0,0] (SBP <= 107.657))
",5.153,92.712,0.000,0.000,1.000,7,0,0,10,17,0,7,10,0.4117647058823529,0,0,1.0,0.4117647058823529,0.5882352941176471
"F[0,1](((Fibrinogen >= 9.924 & WBC <= 6.465) -> Resp >= 1.525) -> Temp <= 8.590)
",-9999999.000,-9999999.000,0.000,0.000,1.000,7,0,0,10,17,0,7,10,0.4117647058823529,0,0,1.0,0.4117647058823529,0.5882352941176471
"((HR <= 97.914) U[1,2] (SepsisLabel = 0.000))
",-9999999.000,-9999999.000,0.000,0.000,1.000,7,0,0,10,17,0,7,10,0.4117647058823529,0,0,1.0,0.4117647058823529,0.5882352941176471
"((FiO2 >= 0.019) U[1,2] (SaO2 <= 69.997))
",-9999999.000,-9999999.000,0.000,0.000,1.000,7,0,0,10,17,0,7,10,0.4117647058823529,0,0,1.0,0.4117647058823529,0.5882352941176471
"((pH >= 4.042) U[1,1] (SepsisLabel = 0.000))
",0.000,0.000,0.000,0.000,1.000,7,0,0,10,17,0,7,10,0.4117647058823529,0,0,1.0,0.4117647058823529,0.5882352941176471
"F[0,1](Resp >= 0.694 | SaO2 >= 1.558)
",-9999999.000,-9999999.000,0.000,0.000,1.000,6,0,0,11,17,0,6,11,0.35294117647058826,0,0,1.0,0.35294117647058826,0.6470588235294117
"F[1,1](((Hct >= 4.589 & Resp <= 11.354) | Bilirubin_total <= 3.483) -> Glucose <= 4.696)
",-4.696,-4.696,0.000,0.000,1.000,6,0,0,11,17,0,6,11,0.35294117647058826,0,0,1.0,0.35294117647058826,0.6470588235294117
"((MAP >= 67.094) U[1,2] (SBP <= 144.518))
",-9999999.000,-9999999.000,0.000,0.000,1.000,6,0,0,11,17,0,6,11,0.35294117647058826,0,0,1.0,0.35294117647058826,0.6470588235294117
"((Glucose <= 96.621) U[0,1] (SaO2 <= 69.396))
",-9999999.000,-9999999.000,0.000,0.000,1.000,5,0,0,12,17,0,5,12,0.29411764705882354,0,0,1.0,0.29411764705882354,0.7058823529411764
"F[0,0](PaCO2 <= 27.066 | pH <= 4.258)
",6.313,22.287,0.000,0.000,1.000,5,0,0,12,17,0,5,12,0.29411764705882354,0,0,1.0,0.29411764705882354,0.7058823529411764
"F[0,0](Lactate <= 1.021 & SepsisLabel = 0.000)
",-0.516,-31.232,0.000,0.000,1.000,5,0,0,12,17,0,5,12,0.29411764705882354,0,0,1.0,0.29411764705882354,0.7058823529411764
"((Chloride >= 0.320) U[0,1] (SaO2 <= 49.744))
",-9999999.000,-9999999.000,0.000,0.000,1.000,5,0,0,12,17,0,5,12,0.29411764705882354,0,0,1.0,0.29411764705882354,0.7058823529411764
"((DBP >= 45.070) U[1,2] (Temp >= 6.524))
",-9999999.000,-9999999.000,0.000,0.000,1.000,4,0,0,13,17,0,4,13,0.23529411764705882,0,0,1.0,0.23529411764705882,0.7647058823529411
"((HCO3 >= 1.244) U[0,1] (Temp >= 16.063))
",-9999999.000,-9999999.000,0.000,0.000,1.000,4,0,0,13,17,0,4,13,0.23529411764705882,0,0,1.0,0.23529411764705882,0.7647058823529411
"F[1,1]((AST <= 0.000 & EtCO2 <= 0.000) -> Potassium <= 0.000)
",0.000,0.000,0.000,0.000,1.000,4,0,0,13,17,0,4,13,0.23529411764705882,0,0,1.0,0.23529411764705882,0.7647058823529411
"F[0,1](SBP >= 100.545 -> Temp <= 28.953)
",-9999999.000,-9999999.000,0.000,0.000,1.000,4,0,0,13,17,0,4,13,0.23529411764705882,0,0,1.0,0.23529411764705882,0.7647058823529411
"F[0,0](Hgb <= 7.283 | Hct <= 21.237)
",21.237,21.237,0.000,0.000,1.000,4,0,0,13,17,0,4,13,0.23529411764705882,0,0,1.0,0.23529411764705882,0.7647058823529411
"F[0,0]((Lactate <= 2.046 & PaCO2 <= 26.232) | Glucose <= 42.563)
",42.563,42.563,0.000,0.000,1.000,3,0,0,14,17,0,3,14,0.17647058823529413,0,0,1.0,0.17647058823529413,0.8235294117647058
"((HR < 103.774) U[1,1] (SepsisLabel = 0.000))
",103.774,103.774,0.000,0.000,1.000,3,0,0,14,17,0,3,14,0.17647058823529413,0,0,1.0,0.17647058823529413,0.8235294117647058
"((Bilirubin_direct >= 0.000) U[0,1] (DBP >= 44.611))
",-9999999.000,-9999999.000,0.000,0.000,1.000,3,0,0,14,17,0,3,14,0.17647058823529413,0,0,1.0,0.17647058823529413,0.8235294117647058
"F[1,1](((Glucose >= 7.075 & SaO2 <= 77.694) -> Alkalinephos >= 16.472) & HR >= 19.506)
",-19.506,-19.506,0.000,0.000,1.000,3,0,0,14,17,0,3,14,0.17647058823529413,0,0,1.0,0.17647058823529413,0.8235294117647058
"F[0,0](((Phosphate <= 1.832 & Resp >= 1.423) -> Platelets <= 3.392) & HCO3 <= 8.942)
",-1.944,-2.855,0.000,0.000,1.000,3,0,0,14,17,0,3,14,0.17647058823529413,0,0,1.0,0.17647058823529413,0.8235294117647058
"F[0,1](O2Sat >= 95.827 | Temp >= 11.175)
",-9999999.000,-9999999.000,0.000,0.000,1.000,3,0,0,14,17,0,3,14,0.17647058823529413,0,0,1.0,0.17647058823529413,0.8235294117647058
"F[0,1](((Hgb <= 5.269 -> Lactate <= 2.268) | Alkalinephos >= 0.395) & Hct <= 0.718)
",-9999999.000,-9999999.000,0.000,0.000,1.000,2,0,0,15,17,0,2,15,0.11764705882352941,0,0,1.0,0.11764705882352941,0.8823529411764706
"F[1,1](BUN <= 26.318 & Creatinine <= 0.137)
",0.137,0.137,0.000,0.000,1.000,2,0,0,15,17,0,2,15,0.11764705882352941,0,0,1.0,0.11764705882352941,0.8823529411764706
"F[0,0](PaCO2 <= 23.519 | Potassium <= 4.106)
",5.309,18.739,0.000,0.000,1.000,2,0,0,15,17,0,2,15,0.11764705882352941,0,0,1.0,0.11764705882352941,0.8823529411764706
"F[1,1]((Chloride <= 105.295 -> Lactate >= 0.409) | Hct <= 1.345)
",1.345,1.345,0.000,0.000,1.000,2,0,0,15,17,0,2,15,0.11764705882352941,0,0,1.0,0.11764705882352941,0.8823529411764706
"((SBP >= 97.403) U[0,0] (Platelets <= 108.840))
",1.428,86.778,0.000,0.000,1.000,2,0,0,15,17,0,2,15,0.11764705882352941,0,0,1.0,0.11764705882352941,0.8823529411764706
"F[0,1](Calcium <= 7.464 -> Lactate <= 1.145)
",-9999999.000,-9999999.000,0.000,0.000,1.000,2,0,0,15,17,0,2,15,0.11764705882352941,0,0,1.0,0.11764705882352941,0.8823529411764706
"((MAP >= 63.783) U[1,2] (SBP <= 125.131))
",-9999999.000,-9999999.000,0.000,0.000,1.000,2,0,0,15,17,0,2,15,0.11764705882352941,0,0,1.0,0.11764705882352941,0.8823529411764706
"((MAP <= 83.874) U[1,1] (O2Sat >= 94.995))
",83.874,83.874,0.000,0.000,1.000,2,0,0,15,17,0,2,15,0.11764705882352941,0,0,1.0,0.11764705882352941,0.8823529411764706
"F[0,0](Resp <= 11.619 | BUN <= 12.729)
",12.729,12.729,0.000,0.000,1.000,2,0,0,15,17,0,2,15,0.11764705882352941,0,0,1.0,0.11764705882352941,0.8823529411764706
"((MAP >= 60.318) U[1,2] (SBP <= 142.823))
",-9999999.000,-9999999.000,0.000,0.000,1.000,2,0,0,15,17,0,2,15,0.11764705882352941,0,0,1.0,0.11764705882352941,0.8823529411764706
"F[0,0](((Chloride >= 0.521 & Phosphate >= 0.004) & Phosphate >= 0.120) | Chloride <= 3.080)
",15.804,3.021,0.000,0.000,1.000,2,0,0,15,17,0,2,15,0.11764705882352941,0,0,1.0,0.11764705882352941,0.8823529411764706
"((Chloride <= 99.390) U[0,0] (Platelets <= 124.169))
",12.680,120.736,0.000,0.000,1.000,2,0,0,15,17,0,2,15,0.11764705882352941,0,0,1.0,0.11764705882352941,0.8823529411764706
"F[1,1](Hgb <= 8.854 | Hct <= 22.599)
",22.599,22.599,0.000,0.000,1.000,2,0,0,15,17,0,2,15,0.11764705882352941,0,0,1.0,0.11764705882352941,0.8823529411764706
"F[1,1]((BaseExcess <= 0.770 & Creatinine <= 0.999) | PaCO2 >= 0.039)
",0.770,0.770,0.000,0.000,1.000,1,0,0,16,17,0,1,16,0.058823529411764705,0,0,1.0,0.058823529411764705,0.9411764705882353
"F[0,1](((Calcium < 4.222 & Potassium < 3.640) & Magnesium < 1.489) & Phosphate < 1.772)
",-9999999.000,-9999999.000,0.000,0.000,1.000,1,0,0,16,17,0,1,16,0.058823529411764705,0,0,1.0,0.058823529411764705,0.9411764705882353
"F[1,1]((Resp >= 1.486 | Fibrinogen >= 5.568) -> FiO2 >= 0.476)
",0.476,0.476,0.000,0.000,1.000,1,0,0,16,17,0,1,16,0.058823529411764705,0,0,1.0,0.058823529411764705,0.9411764705882353
"((Fibrinogen <= 231.142) U[1,2] (FiO2 <= 0.337))
",-9999999.000,-9999999.000,0.000,0.000,1.000,1,0,0,16,17,0,1,16,0.058823529411764705,0,0,1.0,0.058823529411764705,0.9411764705882353
"F[0,0](Resp >= 1.149 -> WBC >= 1.105)
",-4.813,-47.930,0.000,0.000,1.000,1,0,0,16,17,0,1,16,0.058823529411764705,0,0,1.0,0.058823529411764705,0.9411764705882353
"F[0,1](((Calcium < 2.900 & Potassium < 2.344) & Magnesium < 3.197) & Phosphate < 0.809)
",-9999999.000,-9999999.000,0.000,0.000,1.000,1,0,0,16,17,0,1,16,0.058823529411764705,0,0,1.0,0.058823529411764705,0.9411764705882353
"F[0,1](((Calcium < 8.146 & Potassium < 2.781) & Magnesium < 1.695) & Phosphate < 2.805)
",-9999999.000,-9999999.000,0.000,0.000,1.000,1,0,0,16,17,0,1,16,0.058823529411764705,0,0,1.0,0.058823529411764705,0.9411764705882353
"F[0,1](((O2Sat >= 96.220 & Platelets >= 5.366) | BUN >= 17.036) -> Magnesium >= 18.314)
",-9999999.000,-9999999.000,0.000,0.000,1.000,1,0,0,16,17,0,1,16,0.058823529411764705,0,0,1.0,0.058823529411764705,0.9411764705882353
"F[0,0](MAP > 51.384 & SepsisLabel = 0.000)
",-0.250,-12.059,0.000,0.000,1.000,1,0,0,16,17,0,1,16,0.058823529411764705,0,0,1.0,0.058823529411764705,0.9411764705882353
"F[0,1](((Calcium < 4.146 & Potassium < 3.309) & Magnesium < 1.893) & Phosphate < 2.838)
",-9999999.000,-9999999.000,0.000,0.000,1.000,1,0,0,16,17,0,1,16,0.058823529411764705,0,0,1.0,0.058823529411764705,0.9411764705882353
"F[0,0]((Calcium <= 6.587 & Creatinine <= 0.369) | Alkalinephos >= 0.010)
",0.582,7.515,0.000,0.000,1.000,1,0,0,16,17,0,1,16,0.058823529411764705,0,0,1.0,0.058823529411764705,0.9411764705882353
"((Fibrinogen < 102.472) U[1,1] (SepsisLabel = 0.000))
",102.472,102.472,0.000,0.000,1.000,1,0,0,16,17,0,1,16,0.058823529411764705,0,0,1.0,0.058823529411764705,0.9411764705882353
"F[0,1](((FiO2 <= 0.410 -> SBP >= 94.340) | Chloride >= 76.725) | BaseExcess >= 78.093)
",-9999999.000,-9999999.000,0.000,0.000,1.000,1,0,0,16,17,0,1,16,0.058823529411764705,0,0,1.0,0.058823529411764705,0.9411764705882353
"((Calcium <= 1.864) U[0,1] (Hct <= 23.292))
",-9999999.000,-9999999.000,0.000,0.000,1.000,1,0,0,16,17,0,1,16,0.058823529411764705,0,0,1.0,0.058823529411764705,0.9411764705882353
"((Creatinine <= 0.905) U[1,2] (SepsisLabel = 0.000))
",-9999999.000,-9999999.000,0.000,0.000,1.000,1,0,0,16,17,0,1,16,0.058823529411764705,0,0,1.0,0.058823529411764705,0.9411764705882353
"F[0,1](((Calcium < 8.996 & Potassium < 2.767) & Magnesium < 1.622) & Phosphate < 2.610)
",-9999999.000,-9999999.000,0.000,0.000,1.000,1,0,0,16,17,0,1,16,0.058823529411764705,0,0,1.0,0.058823529411764705,0.9411764705882353
"F[0,2]((Magnesium >= 0.223 & Temp <= 25.970) -> Glucose >= 5.686)
",-9999999.000,-9999999.000,0.000,0.000,1.000,0,0,0,17,17,0,0,17,0.0,0,0,0.0,0.0,1.0
"F[2,2]((HR >= 78.813 -> Platelets <= 191.532) -> MAP <= 87.053)
",-87.053,-87.053,0.000,0.000,1.000,0,0,0,17,17,0,0,17,0.0,0,0,0.0,0.0,1.0
"F[2,2](((HCO3 >= 1.023 | Lactate >= 0.291) & DBP <= 0.939) & HR <= 1.171)
",-0.291,-0.291,0.000,0.000,1.000,0,0,0,17,17,0,0,17,0.0,0,0,0.0,0.0,1.0
"((HCO3 <= 10.834) U[2,2] (MAP >= 38.260))
",10.834,10.834,0.000,0.000,1.000,0,0,0,17,17,0,0,17,0.0,0,0,0.0,0.0,1.0
"F[0,2](Chloride <= 31.865 -> pH >= 1.589)
",-9999999.000,-9999999.000,0.000,0.000,1.000,0,0,0,17,17,0,0,17,0.0,0,0,0.0,0.0,1.0
"F[0,1]((DBP >= 45.016 & Fibrinogen <= 26.586) | Hct <= 192.828)
",-9999999.000,-9999999.000,0.000,0.000,1.000,0,0,0,17,17,0,0,17,0.0,0,0,0.0,0.0,1.0
"F[0,2]((FiO2 <= 0.429 | Magnesium <= 1.479) -> Resp <= 1.330)
",-9999999.000,-9999999.000,0.000,0.000,1.000,0,0,0,17,17,0,0,17,0.0,0,0,0.0,0.0,1.0
"F[0,2]((Creatinine >= 0.001 -> Lactate >= 0.009) -> MAP >= 0.186)
",-9999999.000,-9999999.000,0.000,0.000,1.000,0,0,0,17,17,0,0,17,0.0,0,0,0.0,0.0,1.0
"F[2,2](SBP >= 101.043 | WBC <= 3.385)
",3.385,3.385,0.000,0.000,1.000,0,0,0,17,17,0,0,17,0.0,0,0,0.0,0.0,1.0
"F[1,2](((Phosphate <= 3.262 -> SBP <= 135.658) -> Lactate >= 98.447) -> TroponinI >= 74.427)
",-9999999.000,-9999999.000,0.000,0.000,1.000,0,0,0,17,17,0,0,17,0.0,0,0,0.0,0.0,1.0
"((DBP <= 62.581) U[0,1] (Hgb <= 11.638))
",-9999999.000,-9999999.000,0.000,0.000,1.000,0,0,0,17,17,0,0,17,0.0,0,0,0.0,0.0,1.0
"F[0,2](((Chloride >= 0.723 -> PaCO2 >= 5.643) | PTT <= 22.352) | BaseExcess >= 4.259)
",-9999999.000,-9999999.000,0.000,0.000,1.000,0,0,0,17,17,0,0,17,0.0,0,0,0.0,0.0,1.0
"F[0,1](((Resp >= 0.496 & Temp >= 8.013) -> SBP >= 8.081) & Creatinine <= 28.983)
",-9999999.000,-9999999.000,0.000,0.000,1.000,0,0,0,17,17,0,0,17,0.0,0,0,0.0,0.0,1.0
"F[1,2]((Chloride <= 28.688 | O2Sat >= 92.847) & BaseExcess >= 94.080)
",-9999999.000,-9999999.000,0.000,0.000,1.000,0,0,0,17,17,0,0,17,0.0,0,0,0.0,0.0,1.0
"F[1,2](((Creatinine <= 1.375 -> FiO2 <= 0.930) & Lactate >= 0.018) & EtCO2 >= 0.020)
",-9999999.000,-9999999.000,0.000,0.000,1.000,0,0,0,17,17,0,0,17,0.0,0,0,0.0,0.0,1.0
"F[1,2](((BUN >= 3.929 & Glucose >= 15.434) & Hct <= 60.855) & SBP >= 26.334)
",-9999999.000,-9999999.000,0.000,0.000,1.000,0,0,0,17,17,0,0,17,0.0,0,0,0.0,0.0,1.0
"F[2,2]((pH <= 5.209 | PTT >= 2.020) & PTT >= 2.553)
",-2.553,-2.553,0.000,0.000,1.000,0,0,0,17,17,0,0,17,0.0,0,0,0.0,0.0,1.0
"F[1,2]((Fibrinogen >= 16.084 & MAP <= 78.163) -> O2Sat >= 65.197)
",-9999999.000,-9999999.000,0.000,0.000,1.000,0,0,0,17,17,0,0,17,0.0,0,0,0.0,0.0,1.0
"F[0,1](Chloride >= 8.978 | Glucose <= 66.784)
",-9999999.000,-9999999.000,0.000,0.000,1.000,0,0,0,17,17,0,0,17,0.0,0,0,0.0,0.0,1.0
"F[0,0](((DBP <= 66.756 & Glucose >= 22.664) | Resp <= 60.999) & Hgb <= 112.799)
",1.134,12.852,0.000,0.000,1.000,0,0,0,17,17,0,0,17,0.0,0,0,0.0,0.0,1.0
"F[1,2](Platelets >= 8.668 & Temp >= 6.813)
",-9999999.000,-9999999.000,0.000,0.000,1.000,0,0,0,17,17,0,0,17,0.0,0,0,0.0,0.0,1.0
"F[1,2](Hct <= 20.444 -> HR >= 88.735)
",-9999999.000,-9999999.000,0.000,0.000,1.000,0,0,0,17,17,0,0,17,0.0,0,0,0.0,0.0,1.0
"F[2,2](((BaseExcess <= 0.658 & WBC >= 0.653) -> Alkalinephos >= 0.396) | MAP <= 10.604)
",10.604,10.604,0.000,0.000,1.000,0,0,0,17,17,0,0,17,0.0,0,0,0.0,0.0,1.0
"F[0,2]((PaCO2 >= 0.483 | WBC >= 0.704) & Platelets >= 1.283)
",-9999999.000,-9999999.000,0.000,0.000,1.000,0,0,0,17,17,0,0,17,0.0,0,0,0.0,0.0,1.0
"F[1,1]((Chloride <= 21.482 | DBP <= 56.070) -> PTT <= 66.325)
",-66.325,-66.325,0.000,0.000,1.000,0,0,0,17,17,0,0,17,0.0,0,0,0.0,0.0,1.0
"((Calcium >= 0.614) U[0,2] (HR >= 89.106))
",-9999999.000,-9999999.000,0.000,0.000,1.000,0,0,0,17,17,0,0,17,0.0,0,0,0.0,0.0,1.0
"F[1,2](((Platelets >= 4.686 & SaO2 <= 85.391) -> BUN >= 24.016) | Bilirubin_direct <= 83.248)
",-9999999.000,-9999999.000,0.000,0.000,1.000,0,0,0,17,17,0,0,17,0.0,0,0,0.0,0.0,1.0
"F[0,2](((Chloride <= 69.821 -> SBP <= 129.590) | SepsisLabel >= 100.615) -> Bilirubin_direct >= 99.527)
",-9999999.000,-9999999.000,0.000,0.000,1.000,0,0,0,17,17,0,0,17,0.0,0,0,0.0,0.0,1.0
"F[0,2](DBP >= 41.128 -> HCO3 >= 1.267)
",-9999999.000,-9999999.000,0.000,0.000,1.000,0,0,0,17,17,0,0,17,0.0,0,0,0.0,0.0,1.0
"F[2,2](((Potassium >= 0.458 -> SaO2 <= 86.479) | Alkalinephos >= 2.701) & Hct >= 18.683)
",-18.683,-18.683,0.000,0.000,1.000,0,0,0,17,17,0,0,17,0.0,0,0,0.0,0.0,1.0
"F[2,2]((Creatinine >= 0.005 | PaCO2 >= 5.538) -> SBP >= 1.722)
",0.005,0.005,0.000,0.000,1.000,0,0,0,17,17,0,0,17,0.0,0,0,0.0,0.0,1.0
"F[1,2]((O2Sat <= 98.286 | PaCO2 <= 48.036) -> Chloride <= 45.532)
",-9999999.000,-9999999.000,0.000,0.000,1.000,0,0,0,17,17,0,0,17,0.0,0,0,0.0,0.0,1.0
"F[0,2](Magnesium <= 2.996 & PaCO2 <= 48.961)
",-9999999.000,-9999999.000,0.000,0.000,1.000,0,0,0,17,17,0,0,17,0.0,0,0,0.0,0.0,1.0
"F[0,1](((BaseExcess <= 0.028 | Hgb >= 1.370) | Alkalinephos >= 2.131) | EtCO2 <= 11.303)
",-9999999.000,-9999999.000,0.000,0.000,1.000,0,0,0,17,17,0,0,17,0.0,0,0,0.0,0.0,1.0
"F[1,2](((PaCO2 >= 1.895 & Resp <= 13.688) | DBP >= 1.264) | SBP >= 0.462)
",-9999999.000,-9999999.000,0.000,0.000,1.000,0,0,0,17,17,0,0,17,0.0,0,0,0.0,0.0,1.0
"F[0,0](BaseExcess <= 0.659 | Calcium <= 2.753)
",2.753,2.753,0.000,0.000,1.000,0,0,0,17,17,0,0,17,0.0,0,0,0.0,0.0,1.0
"F[1,2](Hgb <= 8.247 | Hct <= 12.422)
",-9999999.000,-9999999.000,0.000,0.000,1.000,0,0,0,17,17,0,0,17,0.0,0,0,0.0,0.0,1.0
"F[0,2]((Creatinine <= 0.412 | pH >= 2.103) | Bilirubin_direct >= 3.339)
",-9999999.000,-9999999.000,0.000,0.000,1.000,0,0,0,17,17,0,0,17,0.0,0,0,0.0,0.0,1.0
"((MAP <= 73.681) U[0,1] (EtCO2 <= 0.000))
",-9999999.000,-9999999.000,0.000,0.000,1.000,0,0,0,17,17,0,0,17,0.0,0,0,0.0,0.0,1.0
"F[0,1](((SepsisLabel >= 0.000 -> AST <= 0.000) -> Bilirubin_direct >= 0.000) | O2Sat <= 0.000)
",-9999999.000,-9999999.000,0.000,0.000,1.000,0,0,0,17,17,0,0,17,0.0,0,0,0.0,0.0,1.0
"F[0,0](((TroponinI >= 0.000 | Bilirubin_total <= 0.000) & Platelets <= 0.000) -> HR >= 0.000)
",-13199.000,-13199.000,0.000,0.000,1.000,0,0,0,17,17,0,0,17,0.0,0,0,0.0,0.0,1.0
"F[0,1]((PTT >= 1.891 | Lactate <= 0.970) | SaO2 >= 0.212)
",-9999999.000,-9999999.000,0.000,0.000,1.000,0,0,0,17,17,0,0,17,0.0,0,0,0.0,0.0,1.0
"F[1,1]((TroponinI >= 0.000 -> Potassium <= 4.812) -> Bilirubin_total <= 2.709)
",-2.709,-2.709,0.000,0.000,1.000,0,0,0,17,17,0,0,17,0.0,0,0,0.0,0.0,1.0
"F[1,2](((DBP >= 35.775 & EtCO2 <= 0.000) -> Resp <= 0.000) & BaseExcess >= 0.000)
",-9999999.000,-9999999.000,0.000,0.000,1.000,0,0,0,17,17,0,0,17,0.0,0,0,0.0,0.0,1.0
"F[0,0]((Bilirubin_direct <= 0.000 -> SBP >= 88.193) | AST <= 135.181)
",1.860,89.710,0.000,0.000,1.000,0,0,0,17,17,0,0,17,0.0,0,0,0.0,0.0,1.0
"((TroponinI >= 0.000) U[0,1] (SBP >= 79.713))
",-9999999.000,-9999999.000,0.000,0.000,1.000,0,0,0,17,17,0,0,17,0.0,0,0,0.0,0.0,1.0
"F[1,2](BaseExcess >= -0.727 -> Fibrinogen >= 3.812)
",-9999999.000,-9999999.000,0.000,0.000,1.000,0,0,0,17,17,0,0,17,0.0,0,0,0.0,0.0,1.0
"F[1,2]((AST <= 0.000 | Alkalinephos <= 0.000) -> Calcium >= 0.000)
",-9999999.000,-9999999.000,0.000,0.000,1.000,0,0,0,17,17,0,0,17,0.0,0,0,0.0,0.0,1.0
"F[0,2]((PaCO2 >= 0.555 | Magnesium >= 0.182) -> HR >= 0.165)
",-9999999.000,-9999999.000,0.000,0.000,1.000,0,0,0,17,17,0,0,17,0.0,0,0,0.0,0.0,1.0
"F[0,1](((EtCO2 <= 0.000 -> Bilirubin_total >= 0.000) & HCO3 <= 0.000) | TroponinI >= 0.000)
",-9999999.000,-9999999.000,0.000,0.000,1.000,0,0,0,17,17,0,0,17,0.0,0,0,0.0,0.0,1.0
"F[0,0](((BaseExcess <= 0.890 & AST >= 0.000) -> O2Sat >= 0.000) -> PaCO2 >= 0.000)
",-1.354,-4.779,0.000,0.000,1.000,0,0,0,17,17,0,0,17,0.0,0,0,0.0,0.0,1.0
"F[1,2]((AST <= 0.000 -> Glucose >= 18.369) | SaO2 <= 63.201)
",-9999999.000,-9999999.000,0.000,0.000,1.000,0,0,0,17,17,0,0,17,0.0,0,0,0.0,0.0,1.0
"F[0,2](BaseExcess >= -0.974 | Hgb >= 0.914)
",-9999999.000,-9999999.000,0.000,0.000,1.000,0,0,0,17,17,0,0,17,0.0,0,0,0.0,0.0,1.0
"F[2,2]((Alkalinephos <= 0.000 & EtCO2 <= 0.000) & Chloride >= 0.000)
",0.000,0.000,0.000,0.000,1.000,0,0,0,17,17,0,0,17,0.0,0,0,0.0,0.0,1.0
"F[0,1](Alkalinephos >= 0.000 | Hct >= 10.039)
",-9999999.000,-9999999.000,0.000,0.000,1.000,0,0,0,17,17,0,0,17,0.0,0,0,0.0,0.0,1.0
"F[1,1](Platelets >= 5.507 -> DBP <= 55.224)
",-55.224,-55.224,0.000,0.000,1.000,0,0,0,17,17,0,0,17,0.0,0,0,0.0,0.0,1.0
"F[0,1]((Calcium >= 0.540 | EtCO2 <= 0.000) | pH <= 0.000)
",-9999999.000,-9999999.000,0.000,0.000,1.000,0,0,0,17,17,0,0,17,0.0,0,0,0.0,0.0,1.0
"F[1,2]((TroponinI >= 0.000 | FiO2 <= 0.741) & DBP >= 0.037)
",-9999999.000,-9999999.000,0.000,0.000,1.000,0,0,0,17,17,0,0,17,0.0,0,0,0.0,0.0,1.0
"F[0,2](pH <= 5.284 & PaCO2 <= 12.955)
",-9999999.000,-9999999.000,0.000,0.000,1.000,0,0,0,17,17,0,0,17,0.0,0,0,0.0,0.0,1.0
"F[1,1](Temp >= 20.544 -> AST <= 0.000)
",0.000,0.000,0.000,0.000,1.000,0,0,0,17,17,0,0,17,0.0,0,0,0.0,0.0,1.0
"F[1,2](PaCO2 >= 3.449 | BUN >= 1.407)
",-9999999.000,-9999999.000,0.000,0.000,1.000,0,0,0,17,17,0,0,17,0.0,0,0,0.0,0.0,1.0
"F[1,1](SepsisLabel >= 0.000 -> Alkalinephos >= 0.000)
",0.000,0.000,0.000,0.000,1.000,0,0,0,17,17,0,0,17,0.0,0,0,0.0,0.0,1.0
"F[1,1]((SBP <= 108.149 | Glucose <= 105.308) | Alkalinephos <= 36.277)
",108.149,108.149,0.000,0.000,1.000,0,0,0,17,17,0,0,17,0.0,0,0,0.0,0.0,1.0
"F[2,2]((Platelets <= 186.491 & Lactate <= 0.971) & Magnesium <= 0.654)
",0.654,0.654,0.000,0.000,1.000,0,0,0,17,17,0,0,17,0.0,0,0,0.0,0.0,1.0
"F[0,2]((BUN >= 4.083 -> Temp >= 9.332) & Resp >= 16.566)
",-9999999.000,-9999999.000,0.000,0.000,1.000,0,0,0,17,17,0,0,17,0.0,0,0,0.0,0.0,1.0
"F[0,2](((Hgb >= 1.392 -> AST <= 0.000) -> Magnesium <= 0.000) & Bilirubin_total <= 0.000)
",-9999999.000,-9999999.000,0.000,0.000,1.000,0,0,0,17,17,0,0,17,0.0,0,0,0.0,0.0,1.0
"F[1,2]((Phosphate >= 0.029 | Alkalinephos >= 0.000) & AST >= 0.000)
",-9999999.000,-9999999.000,0.000,0.000,1.000,0,0,0,17,17,0,0,17,0.0,0,0,0.0,0.0,1.0
"F[1,1](((Creatinine >= 0.063 -> BaseExcess >= -1.701) -> MAP >= -0.481) | PTT <= 0.148)
",0.148,0.148,0.000,0.000,1.000,0,0,0,17,17,0,0,17,0.0,0,0,0.0,0.0,1.0
"((Creatinine <= 0.489) U[0,2] (Hgb <= 10.982))
",-9999999.000,-9999999.000,0.000,0.000,1.000,0,0,0,17,17,0,0,17,0.0,0,0,0.0,0.0,1.0
"F[0,1]((TroponinI <= 0.000 | WBC >= 1.191) | Fibrinogen >= 1.109)
",-9999999.000,-9999999.000,0.000,0.000,1.000,0,0,0,17,17,0,0,17,0.0,0,0,0.0,0.0,1.0
"F[0,2]((DBP >= 35.212 -> FiO2 >= 0.042) & Resp >= 0.125)
",-9999999.000,-9999999.000,0.000,0.000,1.000,0,0,0,17,17,0,0,17,0.0,0,0,0.0,0.0,1.0
"F[0,2](Temp >= 2.550 -> PaCO2 >= 11.111)
",-9999999.000,-9999999.000,0.000,0.000,1.000,0,0,0,17,17,0,0,17,0.0,0,0,0.0,0.0,1.0
"F[0,1](((Glucose >= 17.598 -> Resp >= 0.552) -> Calcium <= 9.005) | Lactate >= 1.076)
",-9999999.000,-9999999.000,0.000,0.000,1.000,0,0,0,17,17,0,0,17,0.0,0,0,0.0,0.0,1.0
"((BaseExcess <= 0.083) U[2,2] (Fibrinogen >= 4.891))
",0.083,0.083,0.000,0.000,1.000,0,0,0,17,17,0,0,17,0.0,0,0,0.0,0.0,1.0
"F[1,1]((BaseExcess <= 0.742 -> Creatinine <= 0.639) | Alkalinephos <= 1.022)
",1.022,1.022,0.000,0.000,1.000,0,0,0,17,17,0,0,17,0.0,0,0,0.0,0.0,1.0
"F[1,2](((DBP >= 46.893 | pH >= 0.202) -> pH >= 2.056) -> Resp >= 3.844)
",-9999999.000,-9999999.000,0.000,0.000,1.000,0,0,0,17,17,0,0,17,0.0,0,0,0.0,0.0,1.0
"F[2,2]((Creatinine <= 0.989 | O2Sat >= 94.026) & Bilirubin_direct <= 98.985)
",8910985617871567.000,0.989,0.000,0.000,1.000,0,0,0,17,17,0,0,17,0.0,0,0,0.0,0.0,1.0
"F[2,2]((Magnesium <= 2.955 | SaO2 <= 82.453) | Bilirubin_total >= 4.721)
",82.453,82.453,0.000,0.000,1.000,0,0,0,17,17,0,0,17,0.0,0,0,0.0,0.0,1.0
"F[1,2](((BaseExcess <= 0.172 & Phosphate >= 0.127) & Bilirubin_total <= 0.240) | O2Sat >= 0.023)
",-9999999.000,-9999999.000,0.000,0.000,1.000,0,0,0,17,17,0,0,17,0.0,0,0,0.0,0.0,1.0
"F[2,2]((Magnesium >= 0.273 & Resp >= 1.054) | Hct >= 1.020)
",-1.020,-1.020,0.000,0.000,1.000,0,0,0,17,17,0,0,17,0.0,0,0,0.0,0.0,1.0
"F[2,2](((Potassium <= 4.777 & Temp <= 30.470) -> EtCO2 <= 33.445) -> Phosphate >= 10.734)
",10.734,10.734,0.000,0.000,1.000,0,0,0,17,17,0,0,17,0.0,0,0,0.0,0.0,1.0
"F[1,2](((BUN <= 23.963 & HR >= 89.448) & Bilirubin_direct <= 97.631) -> Creatinine >= 92.723)
",-9999999.000,-9999999.000,0.000,0.000,1.000,0,0,0,17,17,0,0,17,0.0,0,0,0.0,0.0,1.0
"F[0,1]((Creatinine >= 0.047 | SBP >= 99.800) | Resp <= 143.725)
",-9999999.000,-9999999.000,0.000,0.000,1.000,0,0,0,17,17,0,0,17,0.0,0,0,0.0,0.0,1.0
"F[2,2](BaseExcess <= 0.741 & FiO2 <= 0.618)
",0.618,0.618,0.000,0.000,1.000,0,0,0,17,17,0,0,17,0.0,0,0,0.0,0.0,1.0
"((MAP >= 57.066) U[2,2] (SaO2 >= 14.418))
",-14.418,-14.418,0.000,0.000,1.000,0,0,0,17,17,0,0,17,0.0,0,0,0.0,0.0,1.0
"F[1,2](((HR <= 104.535 & SBP <= 131.847) -> SaO2 >= 103.380) & Creatinine >= 79.122)
",-9999999.000,-9999999.000,0.000,0.000,1.000,0,0,0,17,17,0,0,17,0.0,0,0,0.0,0.0,1.0
"((Chloride >= 13.321) U[2,2] (HR <= 105.055))
",105.055,105.055,0.000,0.000,1.000,0,0,0,17,17,0,0,17,0.0,0,0,0.0,0.0,1.0
"F[2,2]((BUN <= 26.594 -> Temp <= 22.688) | DBP >= 6.774)
",-6.774,-6.774,0.000,0.000,1.000,0,0,0,17,17,0,0,17,0.0,0,0,0.0,0.0,1.0
"F[0,0]((PTT >= 2.574 & SaO2 >= 15.980) -> SaO2 >= 21.275)
",0.519,7.755,0.000,0.000,1.000,0,0,0,17,17,0,0,17,0.0,0,0,0.0,0.0,1.0
"F[1,2]((EtCO2 >= 0.000 & HR <= 97.031) -> TroponinI >= 79.062)
",-9999999.000,-9999999.000,0.000,0.000,1.000,0,0,0,17,17,0,0,17,0.0,0,0,0.0,0.0,1.0
"((SepsisLabel <= 0.000) U[0,2] (BUN >= 0.341))
",-9999999.000,-9999999.000,0.000,0.000,1.000,0,0,0,17,17,0,0,17,0.0,0,0,0.0,0.0,1.0
"F[2,2](SaO2 <= 55.950 -> Chloride <= 73.259)
",-73.259,-73.259,0.000,0.000,1.000,0,0,0,17,17,0,0,17,0.0,0,0,0.0,0.0,1.0
"F[0,0](((Glucose >= 5.853 | Platelets <= 28.914) | O2Sat >= 8.239) | Bilirubin_total <= 72.576)
",9.092,86.467,0.000,0.000,1.000,0,0,0,17,17,0,0,17,0.0,0,0,0.0,0.0,1.0
"((pH >= 0.775) U[2,2] (O2Sat <= 99.660))
",99.660,99.660,0.000,0.000,1.000,0,0,0,17,17,0,0,17,0.0,0,0,0.0,0.0,1.0
"F[0,1](((Lactate >= 0.265 -> Lactate >= 0.064) | BaseExcess >= 0.271) -> TroponinI <= 2.162)
",-9999999.000,-9999999.000,0.000,0.000,1.000,0,0,0,17,17,0,0,17,0.0,0,0,0.0,0.0,1.0
"F[0,0]((Calcium <= 2.251 | Fibrinogen >= 1.769) -> WBC <= 156.878)
",-13.092,-152.666,0.000,0.000,1.000,0,0,0,17,17,0,0,17,0.0,0,0,0.0,0.0,1.0
"F[0,2](((Fibrinogen >= 8.132 -> Resp >= 0.884) -> SBP <= 9.789) | Hgb >= 1.309)
",-9999999.000,-9999999.000,0.000,0.000,1.000,0,0,0,17,17,0,0,17,0.0,0,0,0.0,0.0,1.0
"F[2,2](pH >= 3.435 | HCO3 <= 4.941)
",4.941,4.941,0.000,0.000,1.000,0,0,0,17,17,0,0,17,0.0,0,0,0.0,0.0,1.0
"F[1,1](Resp >= 1.127 -> Fibrinogen >= 13.385)
",1.127,1.127,0.000,0.000,1.000,0,0,0,17,17,0,0,17,0.0,0,0,0.0,0.0,1.0
"F[0,2]((Hct <= 21.376 & SBP <= 131.665) -> TroponinI <= 122.489)
",-9999999.000,-9999999.000,0.000,0.000,1.000,0,0,0,17,17,0,0,17,0.0,0,0,0.0,0.0,1.0
"F[1,2](HCO3 >= 2.820 -> AST >= 0.000)
",-9999999.000,-9999999.000,0.000,0.000,1.000,0,0,0,17,17,0,0,17,0.0,0,0,0.0,0.0,1.0
"F[0,1]((HR >= 82.594 | pH >= 3.749) & Bilirubin_direct <= 6.106)
",-9999999.000,-9999999.000,0.000,0.000,1.000,0,0,0,17,17,0,0,17,0.0,0,0,0.0,0.0,1.0
"((FiO2 >= 0.135) U[0,2] (HCO3 <= 7.898))
",-9999999.000,-9999999.000,0.000,0.000,1.000,0,0,0,17,17,0,0,17,0.0,0,0,0.0,0.0,1.0
"F[1,2](BUN >= 3.237 | PaCO2 <= 18.291)
",-9999999.000,-9999999.000,0.000,0.000,1.000,0,0,0,17,17,0,0,17,0.0,0,0,0.0,0.0,1.0
"F[0,2](DBP >= 37.057 -> SepsisLabel = 0.000)
",-9999999.000,-9999999.000,0.000,0.000,1.000,0,0,0,17,17,0,0,17,0.0,0,0,0.0,0.0,1.0
"((Bilirubin_total >= 0.000) U[0,2] (SepsisLabel = 0.000))
",-9999999.000,-9999999.000,0.000,0.000,1.000,0,0,0,17,17,0,0,17,0.0,0,0,0.0,0.0,1.0
"F[0,2](MAP > 41.609 & SepsisLabel = 0.000)
",-9999999.000,-9999999.000,0.000,0.000,1.000,0,0,0,17,17,0,0,17,0.0,0,0,0.0,0.0,1.0
"F[0,2](Creatinine <= 0.314 & SepsisLabel = 0.000)
",-9999999.000,-9999999.000,0.000,0.000,1.000,0,0,0,17,17,0,0,17,0.0,0,0,0.0,0.0,1.0
"F[0,1](Hgb >= 1.334 -> SepsisLabel = 0.000)
",-9999999.000,-9999999.000,0.000,0.000,1.000,0,0,0,17,17,0,0,17,0.0,0,0,0.0,0.0,1.0
"F[0,2](O2Sat <= 99.701 & SepsisLabel = 0.000)
",-9999999.000,-9999999.000,0.000,0.000,1.000,0,0,0,17,17,0,0,17,0.0,0,0,0.0,0.0,1.0
"F[0,0](Calcium <= 3.228 -> SepsisLabel = 0.000)
",-3.228,-3.228,0.000,0.000,1.000,0,0,0,17,17,0,0,17,0.0,0,0,0.0,0.0,1.0
"((Temp > 19.545) U[0,0] (SepsisLabel = 0.000))
",39.587,78.279,0.000,0.000,1.000,0,0,0,17,17,0,0,17,0.0,0,0,0.0,0.0,1.0
"F[1,1](Fibrinogen <= 196.904 -> SepsisLabel = 0.000)
",-196.904,-196.904,0.000,0.000,1.000,0,0,0,17,17,0,0,17,0.0,0,0,0.0,0.0,1.0
"((BUN < 5.536) U[0,2] (SepsisLabel = 0.000))
",-9999999.000,-9999999.000,0.000,0.000,1.000,0,0,0,17,17,0,0,17,0.0,0,0,0.0,0.0,1.0
"((Alkalinephos < 0.000) U[0,2] (SepsisLabel = 0.000))
",-9999999.000,-9999999.000,0.000,0.000,1.000,0,0,0,17,17,0,0,17,0.0,0,0,0.0,0.0,1.0
"F[1,2](Phosphate >= 0.065 -> SepsisLabel = 0.000)
",-9999999.000,-9999999.000,0.000,0.000,1.000,0,0,0,17,17,0,0,17,0.0,0,0,0.0,0.0,1.0
"((pH <= 6.462) U[0,1] (SepsisLabel = 0.000))
",-9999999.000,-9999999.000,0.000,0.000,1.000,0,0,0,17,17,0,0,17,0.0,0,0,0.0,0.0,1.0
"F[0,1](Calcium <= 6.251 & SepsisLabel = 0.000)
",-9999999.000,-9999999.000,0.000,0.000,1.000,0,0,0,17,17,0,0,17,0.0,0,0,0.0,0.0,1.0
"((Temp <= 21.902) U[0,0] (SepsisLabel = 0.000))
",-0.250,-4.594,0.000,0.000,1.000,0,0,0,17,17,0,0,17,0.0,0,0,0.0,0.0,1.0
"F[0,1](Bilirubin_direct <= 0.000 & SepsisLabel = 0.000)
",-9999999.000,-9999999.000,0.000,0.000,1.000,0,0,0,17,17,0,0,17,0.0,0,0,0.0,0.0,1.0
"((Lactate < 1.426) U[0,1] (SepsisLabel = 0.000))
",-9999999.000,-9999999.000,0.000,0.000,1.000,0,0,0,17,17,0,0,17,0.0,0,0,0.0,0.0,1.0
"F[2,2](Bilirubin_total < 0.000 -> SepsisLabel = 0.000)
",0.000,0.000,0.000,0.000,1.000,0,0,0,17,17,0,0,17,0.0,0,0,0.0,0.0,1.0
"F[1,2]((Hct <= 33.259 & Hgb <= 4.076) & SaO2 >= 2.018)
",-9999999.000,-9999999.000,0.000,0.000,1.000,0,0,0,17,17,0,0,17,0.0,0,0,0.0,0.0,1.0
"F[1,2](((Calcium >= 0.026 & PTT <= 28.106) | EtCO2 <= 38.101) -> AST >= 1.505)
",-9999999.000,-9999999.000,0.000,0.000,1.000,0,0,0,17,17,0,0,17,0.0,0,0,0.0,0.0,1.0
"F[0,2](((Lactate <= 2.198 & pH <= 5.897) & Bilirubin_total >= 3.922) & FiO2 <= 6.643)
",-9999999.000,-9999999.000,0.000,0.000,1.000,0,0,0,17,17,0,0,17,0.0,0,0,0.0,0.0,1.0
"F[1,2]((Chloride <= 59.232 -> Magnesium >= 0.399) -> Glucose >= 0.382)
",-9999999.000,-9999999.000,0.000,0.000,1.000,0,0,0,17,17,0,0,17,0.0,0,0,0.0,0.0,1.0
"((Magnesium <= 1.155) U[1,2] (PTT >= 0.863))
",-9999999.000,-9999999.000,0.000,0.000,1.000,0,0,0,17,17,0,0,17,0.0,0,0,0.0,0.0,1.0
"F[2,2]((Chloride >= 2.792 | Creatinine <= 1.334) | SaO2 >= 0.008)
",1.334,1.334,0.000,0.000,1.000,0,0,0,17,17,0,0,17,0.0,0,0,0.0,0.0,1.0
"F[0,2]((HCO3 <= 16.054 -> Potassium <= 1.154) | PaCO2 <= 4.655)
",-9999999.000,-9999999.000,0.000,0.000,1.000,0,0,0,17,17,0,0,17,0.0,0,0,0.0,0.0,1.0
"F[1,2](((Creatinine >= 0.067 | Phosphate >= 0.113) -> O2Sat >= 0.119) | BUN <= 3.544)
",-9999999.000,-9999999.000,0.000,0.000,1.000,0,0,0,17,17,0,0,17,0.0,0,0,0.0,0.0,1.0
"((PaCO2 <= 35.395) U[0,1] (SepsisLabel = 0.000))
",-9999999.000,-9999999.000,0.000,0.000,1.000,0,0,0,17,17,0,0,17,0.0,0,0,0.0,0.0,1.0
"F[1,2]((Hct >= 5.522 -> Potassium <= 1.617) | TroponinI <= 2.130)
",-9999999.000,-9999999.000,0.000,0.000,1.000,0,0,0,17,17,0,0,17,0.0,0,0,0.0,0.0,1.0
"F[1,1]((FiO2 >= 0.068 | Resp <= 6.338) -> Creatinine <= 7.487)
",-7.487,-7.487,0.000,0.000,1.000,0,0,0,17,17,0,0,17,0.0,0,0,0.0,0.0,1.0
"F[2,2]((Creatinine <= 0.425 | Platelets <= 77.261) | FiO2 >= 2.155)
",77.261,77.261,0.000,0.000,1.000,0,0,0,17,17,0,0,17,0.0,0,0,0.0,0.0,1.0
"F[1,2]((pH <= 5.202 & SaO2 <= 85.350) | Temp <= 79.766)
",-9999999.000,-9999999.000,0.000,0.000,1.000,0,0,0,17,17,0,0,17,0.0,0,0,0.0,0.0,1.0
"F[0,2](((Magnesium <= 0.944 & Potassium <= 1.401) | O2Sat >= 0.428) & Resp >= 0.108)
",-9999999.000,-9999999.000,0.000,0.000,1.000,0,0,0,17,17,0,0,17,0.0,0,0,0.0,0.0,1.0
"F[1,2](Hgb >= 0.011 & SepsisLabel = 0.000)
",-9999999.000,-9999999.000,0.000,0.000,1.000,0,0,0,17,17,0,0,17,0.0,0,0,0.0,0.0,1.0
"((Platelets > 21.262) U[2,2] (SepsisLabel = 0.000))
",0.000,0.000,0.000,0.000,1.000,0,0,0,17,17,0,0,17,0.0,0,0,0.0,0.0,1.0
"((MAP >= 49.823) U[2,2] (SBP <= 128.147))
",128.147,128.147,0.000,0.000,1.000,0,0,0,17,17,0,0,17,0.0,0,0,0.0,0.0,1.0
"F[0,2]((pH <= 4.875 & SBP <= 124.725) | WBC <= 143.598)
",-9999999.000,-9999999.000,0.000,0.000,1.000,0,0,0,17,17,0,0,17,0.0,0,0,0.0,0.0,1.0
"F[0,2]((Calcium <= 3.992 & Potassium <= 3.642) & Magnesium >= 0.456)
",-9999999.000,-9999999.000,0.000,0.000,1.000,0,0,0,17,17,0,0,17,0.0,0,0,0.0,0.0,1.0
"F[0,2](Hgb <= 7.484 | Hct <= 12.442)
",-9999999.000,-9999999.000,0.000,0.000,1.000,0,0,0,17,17,0,0,17,0.0,0,0,0.0,0.0,1.0
"((MAP >= 48.739) U[0,2] (SBP <= 146.776))
",-9999999.000,-9999999.000,0.000,0.000,1.000,0,0,0,17,17,0,0,17,0.0,0,0,0.0,0.0,1.0
"F[0,1]((Phosphate >= 0.107 & Magnesium > 0.141) -> Calcium < 1.260)
",-9999999.000,-9999999.000,0.000,0.000,1.000,0,0,0,17,17,0,0,17,0.0,0,0,0.0,0.0,1.0
"F[1,2](((Calcium < 9.112 & Potassium < 4.302) & Magnesium < 1.412) & Phosphate < 1.546)
",-9999999.000,-9999999.000,0.000,0.000,1.000,0,0,0,17,17,0,0,17,0.0,0,0,0.0,0.0,1.0
"F[1,2](Hgb <= 11.459 | Hct <= 17.853)
",-9999999.000,-9999999.000,0.000,0.000,1.000,0,0,0,17,17,0,0,17,0.0,0,0,0.0,0.0,1.0
"F[0,1]((Phosphate >= 0.112 & Magnesium > 0.554) -> Calcium < 4.438)
",-9999999.000,-9999999.000,0.000,0.000,1.000,0,0,0,17,17,0,0,17,0.0,0,0,0.0,0.0,1.0
"F[0,1](Hgb <= 11.059 | Hct <= 30.979)
",-9999999.000,-9999999.000,0.000,0.000,1.000,0,0,0,17,17,0,0,17,0.0,0,0,0.0,0.0,1.0
"F[2,2](((Calcium < 5.314 & Potassium < 2.305) & Magnesium < 1.080) & Phosphate < 0.727)
",0.727,0.727,0.000,0.000,1.000,0,0,0,17,17,0,0,17,0.0,0,0,0.0,0.0,1.0
"((MAP >= 52.742) U[0,2] (SBP <= 137.972))
",-9999999.000,-9999999.000,0.000,0.000,1.000,0,0,0,17,17,0,0,17,0.0,0,0,0.0,0.0,1.0
"F[0,2]((Phosphate >= 0.068 & Magnesium > 0.041) -> Calcium < 5.086)
",-9999999.000,-9999999.000,0.000,0.000,1.000,0,0,0,17,17,0,0,17,0.0,0,0,0.0,0.0,1.0
"F[0,2](((Calcium < 4.994 & Potassium < 2.141) & Magnesium < 3.261) & Phosphate < 2.337)
",-9999999.000,-9999999.000,0.000,0.000,1.000,0,0,0,17,17,0,0,17,0.0,0,0,0.0,0.0,1.0
"F[1,2](Hgb <= 8.775 | Hct <= 12.414)
",-9999999.000,-9999999.000,0.000,0.000,1.000,0,0,0,17,17,0,0,17,0.0,0,0,0.0,0.0,1.0
"((MAP >= 40.152) U[0,2] (SBP <= 107.735))
",-9999999.000,-9999999.000,0.000,0.000,1.000,0,0,0,17,17,0,0,17,0.0,0,0,0.0,0.0,1.0
"F[1,2]((Phosphate >= 0.082 & Magnesium > 0.257) -> Calcium < 1.917)
",-9999999.000,-9999999.000,0.000,0.000,1.000,0,0,0,17,17,0,0,17,0.0,0,0,0.0,0.0,1.0
"F[0,2]((Calcium <= 5.823 & Potassium <= 4.659) & Magnesium >= 0.251)
",-9999999.000,-9999999.000,0.000,0.000,1.000,0,0,0,17,17,0,0,17,0.0,0,0,0.0,0.0,1.0
"F[1,1]((Phosphate >= 0.067 & Magnesium > 0.208) -> Calcium < 5.568)
",-5.568,-5.568,0.000,0.000,1.000,0,0,0,17,17,0,0,17,0.0,0,0,0.0,0.0,1.0
"F[0,1]((Phosphate >= 0.130 & Magnesium > 0.395) -> Calcium < 3.616)
",-9999999.000,-9999999.000,0.000,0.000,1.000,0,0,0,17,17,0,0,17,0.0,0,0,0.0,0.0,1.0
"F[0,2](Hgb <= 11.418 | Hct <= 23.415)
",-9999999.000,-9999999.000,0.000,0.000,1.000,0,0,0,17,17,0,0,17,0.0,0,0,0.0,0.0,1.0
"F[2,2]((Calcium <= 7.277 & Potassium <= 1.399) & Magnesium >= 0.329)
",-0.329,-0.329,0.000,0.000,1.000,0,0,0,17,17,0,0,17,0.0,0,0,0.0,0.0,1.0
"((MAP >= 66.819) U[2,2] (SBP <= 110.069))
",110.069,110.069,0.000,0.000,1.000,0,0,0,17,17,0,0,17,0.0,0,0,0.0,0.0,1.0
"F[0,1]((Phosphate >= 0.109 & Magnesium > 0.219) -> Calcium < 2.191)
",-9999999.000,-9999999.000,0.000,0.000,1.000,0,0,0,17,17,0,0,17,0.0,0,0,0.0,0.0,1.0
"F[0,2]((Calcium <= 2.507 & Potassium <= 5.013) & Magnesium >= 0.505)
",-9999999.000,-9999999.000,0.000,0.000,1.000,0,0,0,17,17,0,0,17,0.0,0,0,0.0,0.0,1.0
"F[0,2](Hgb <= 10.678 | Hct <= 21.118)
",-9999999.000,-9999999.000,0.000,0.000,1.000,0,0,0,17,17,0,0,17,0.0,0,0,0.0,0.0,1.0
"F[0,1]((Phosphate >= 0.111 & Magnesium > 0.056) -> Calcium < 8.694)
",-9999999.000,-9999999.000,0.000,0.000,1.000,0,0,0,17,17,0,0,17,0.0,0,0,0.0,0.0,1.0
"F[0,1]((Phosphate >= 0.016 & Magnesium > 0.423) -> Calcium < 6.350)
",-9999999.000,-9999999.000,0.000,0.000,1.000,0,0,0,17,17,0,0,17,0.0,0,0,0.0,0.0,1.0
"F[1,2]((Calcium <= 3.379 & Potassium <= 1.722) & Magnesium >= 0.108)
",-9999999.000,-9999999.000,0.000,0.000,1.000,0,0,0,17,17,0,0,17,0.0,0,0,0.0,0.0,1.0
"F[0,2](((Calcium < 4.028 & Potassium < 2.542) & Magnesium < 1.640) & Phosphate < 1.251)
",-9999999.000,-9999999.000,0.000,0.000,1.000,0,0,0,17,17,0,0,17,0.0,0,0,0.0,0.0,1.0
"F[0,2]((Calcium <= 2.520 & Potassium <= 3.437) & Magnesium >= 0.627)
",-9999999.000,-9999999.000,0.000,0.000,1.000,0,0,0,17,17,0,0,17,0.0,0,0,0.0,0.0,1.0
"F[0,2](Hgb <= 4.951 | Hct <= 20.989)
",-9999999.000,-9999999.000,0.000,0.000,1.000,0,0,0,17,17,0,0,17,0.0,0,0,0.0,0.0,1.0
"((MAP >= 58.225) U[0,1] (SBP <= 124.128))
",-9999999.000,-9999999.000,0.000,0.000,1.000,0,0,0,17,17,0,0,17,0.0,0,0,0.0,0.0,1.0
"F[2,2]((Phosphate >= 0.120 & Magnesium > 0.668) -> Calcium < 4.323)
",-4.323,-4.323,0.000,0.000,1.000,0,0,0,17,17,0,0,17,0.0,0,0,0.0,0.0,1.0
"F[0,2](((Calcium < 5.513 & Potassium < 3.618) & Magnesium < 1.946) & Phosphate < 0.459)
",-9999999.000,-9999999.000,0.000,0.000,1.000,0,0,0,17,17,0,0,17,0.0,0,0,0.0,0.0,1.0
"F[0,2]((Phosphate <= 2.932 & Platelets >= 11.595) & Lactate >= 15.983)
",-9999999.000,-9999999.000,0.000,0.000,1.000,0,0,0,17,17,0,0,17,0.0,0,0,0.0,0.0,1.0
"F[0,1](Calcium <= 5.740 -> Phosphate <= 4.587)
",-9999999.000,-9999999.000,0.000,0.000,1.000,0,0,0,17,17,0,0,17,0.0,0,0,0.0,0.0,1.0
"F[0,1](((Potassium >= 0.965 -> PTT >= 0.135) -> Platelets <= 35.397) | SBP <= 17.642)
",-9999999.000,-9999999.000,0.000,0.000,1.000,0,0,0,17,17,0,0,17,0.0,0,0,0.0,0.0,1.0
"F[2,2]((DBP >= 30.822 & PTT >= 0.005) | BUN <= 15.232)
",15.232,15.232,0.000,0.000,1.000,0,0,0,17,17,0,0,17,0.0,0,0,0.0,0.0,1.0
"F[2,2](((Resp >= 1.241 & SBP <= 145.933) & EtCO2 <= 125.056) -> Bilirubin_total <= 143.938)
",-143.938,-143.938,0.000,0.000,1.000,0,0,0,17,17,0,0,17,0.0,0,0,0.0,0.0,1.0
"F[0,2](BaseExcess <= 0.589 | PaCO2 <= 25.854)
",-9999999.000,-9999999.000,0.000,0.000,1.000,0,0,0,17,17,0,0,17,0.0,0,0,0.0,0.0,1.0
"F[0,2](((BaseExcess >= -0.844 & Temp <= 29.475) | BaseExcess >= 6.768) -> Temp <= 26.739)
",-9999999.000,-9999999.000,0.000,0.000,1.000,0,0,0,17,17,0,0,17,0.0,0,0,0.0,0.0,1.0
"((Glucose >= 9.707) U[0,1] (Phosphate <= 1.512))
",-9999999.000,-9999999.000,0.000,0.000,1.000,0,0,0,17,17,0,0,17,0.0,0,0,0.0,0.0,1.0
"F[0,2]((FiO2 >= 0.099 | PaCO2 <= 15.407) | Hct <= 47.138)
",-9999999.000,-9999999.000,0.000,0.000,1.000,0,0,0,17,17,0,0,17,0.0,0,0,0.0,0.0,1.0
"F[1,2](((Hct >= 7.272 & Platelets <= 43.947) -> Potassium >= 8.692) & Bilirubin_direct <= 160.002)
",-9999999.000,-9999999.000,0.000,0.000,1.000,0,0,0,17,17,0,0,17,0.0,0,0,0.0,0.0,1.0
"F[1,2](((BaseExcess >= -0.225 -> PTT >= 2.638) | PaCO2 <= 13.355) | Chloride <= 12.480)
",-9999999.000,-9999999.000,0.000,0.000,1.000,0,0,0,17,17,0,0,17,0.0,0,0,0.0,0.0,1.0
"F[0,1](((PaCO2 <= 25.690 | Phosphate <= 3.619) & SaO2 <= 4.609) -> HR >= 0.048)
",-9999999.000,-9999999.000,0.000,0.000,1.000,0,0,0,17,17,0,0,17,0.0,0,0,0.0,0.0,1.0
"F[0,0]((MAP <= 78.528 | Resp >= 1.504) -> Bilirubin_direct <= 12.419)
",-4.116,-46.643,0.000,0.000,1.000,0,0,0,17,17,0,0,17,0.0,0,0,0.0,0.0,1.0
"F[1,2]((Lactate <= 0.713 -> Magnesium <= 1.965) -> Glucose >= 0.218)
",-9999999.000,-9999999.000,0.000,0.000,1.000,0,0,0,17,17,0,0,17,0.0,0,0,0.0,0.0,1.0
"F[1,2]((Phosphate >= 0.120 | WBC >= 1.633) | PTT <= 3.857)
",-9999999.000,-9999999.000,0.000,0.000,1.000,0,0,0,17,17,0,0,17,0.0,0,0,0.0,0.0,1.0
"F[0,1]((Calcium >= 0.309 -> SaO2 >= 38.704) | DBP >= 23.775)
",-9999999.000,-9999999.000,0.000,0.000,1.000,0,0,0,17,17,0,0,17,0.0,0,0,0.0,0.0,1.0
"F[1,2]((PTT <= 27.288 & WBC <= 2.703) -> Temp >= 1.200)
",-9999999.000,-9999999.000,0.000,0.000,1.000,0,0,0,17,17,0,0,17,0.0,0,0,0.0,0.0,1.0
"F[1,2]((Magnesium <= 0.888 & Platelets <= 120.080) & Hct <= 40.122)
",-9999999.000,-9999999.000,0.000,0.000,1.000,0,0,0,17,17,0,0,17,0.0,0,0,0.0,0.0,1.0
"F[1,2]((Hgb >= 1.133 -> O2Sat >= 94.352) -> MAP <= 99.342)
",-9999999.000,-9999999.000,0.000,0.000,1.000,0,0,0,17,17,0,0,17,0.0,0,0,0.0,0.0,1.0
"F[1,2](O2Sat <= 98.483 | WBC >= 0.122)
",-9999999.000,-9999999.000,0.000,0.000,1.000,0,0,0,17,17,0,0,17,0.0,0,0,0.0,0.0,1.0
"F[2,2]((PaCO2 <= 34.477 | SaO2 <= 59.474) | BUN <= 67.798)
",67.798,67.798,0.000,0.000,1.000,0,0,0,17,17,0,0,17,0.0,0,0,0.0,0.0,1.0
"F[1,2](SaO2 <= 67.924 & WBC <= 2.507)
",-9999999.000,-9999999.000,0.000,0.000,1.000,0,0,0,17,17,0,0,17,0.0,0,0,0.0,0.0,1.0
"F[2,2]((pH <= 6.509 -> WBC <= 9.023) -> Bilirubin_direct >= 1.522)
",1.522,1.522,0.000,0.000,1.000,0,0,0,17,17,0,0,17,0.0,0,0,0.0,0.0,1.0
"F[1,2]((Lactate >= 0.510 & MAP >= 67.440) | PTT <= 88.690)
",-9999999.000,-9999999.000,0.000,0.000,1.000,0,0,0,17,17,0,0,17,0.0,0,0,0.0,0.0,1.0
"F[2,2](MAP <= 76.302 & Temp >= 5.824)
",-5.824,-5.824,0.000,0.000,1.000,0,0,0,17,17,0,0,17,0.0,0,0,0.0,0.0,1.0
"F[0,2]((pH >= 3.620 -> Resp >= 0.509) -> BaseExcess <= 4.070)
",-9999999.000,-9999999.000,0.000,0.000,1.000,0,0,0,17,17,0,0,17,0.0,0,0,0.0,0.0,1.0
"F[1,2](Glucose >= 15.435 & SBP >= 84.029)
",-9999999.000,-9999999.000,0.000,0.000,1.000,0,0,0,17,17,0,0,17,0.0,0,0,0.0,0.0,1.0
"F[0,2](((Glucose <= 75.968 | Hgb <= 5.298) -> Chloride >= 1.860) | AST >= 0.760)
",-9999999.000,-9999999.000,0.000,0.000,1.000,0,0,0,17,17,0,0,17,0.0,0,0,0.0,0.0,1.0
"F[1,2](DBP <= 60.063 -> Platelets >= 6.861)
",-9999999.000,-9999999.000,0.000,0.000,1.000,0,0,0,17,17,0,0,17,0.0,0,0,0.0,0.0,1.0
"F[0,1](((Phosphate >= 0.102 & Temp <= 21.822) | SBP <= 26.072) -> Glucose <= 22.232)
",-9999999.000,-9999999.000,0.000,0.000,1.000,0,0,0,17,17,0,0,17,0.0,0,0,0.0,0.0,1.0
"F[1,2]((Lactate <= 0.998 & Potassium <= 2.803) | Magnesium >= 0.702)
",-9999999.000,-9999999.000,0.000,0.000,1.000,0,0,0,17,17,0,0,17,0.0,0,0,0.0,0.0,1.0
"F[0,1]((DBP <= 61.098 | PaCO2 >= 9.653) | Lactate >= 0.288)
",-9999999.000,-9999999.000,0.000,0.000,1.000,0,0,0,17,17,0,0,17,0.0,0,0,0.0,0.0,1.0
"F[0,2]((Potassium <= 3.567 | SBP >= 103.605) | FiO2 <= 150.400)
",-9999999.000,-9999999.000,0.000,0.000,1.000,0,0,0,17,17,0,0,17,0.0,0,0,0.0,0.0,1.0
"((Hgb >= 2.126) U[2,2] (SaO2 <= 94.346))
",94.346,94.346,0.000,0.000,1.000,0,0,0,17,17,0,0,17,0.0,0,0,0.0,0.0,1.0
"F[2,2](((MAP >= 41.567 & Potassium >= 0.337) -> EtCO2 >= 0.089) | Bilirubin_direct >= 0.467)
",0.089,0.089,0.000,0.000,1.000,0,0,0,17,17,0,0,17,0.0,0,0,0.0,0.0,1.0
"F[0,2]((Calcium >= 0.419 -> Resp >= 1.498) -> HCO3 <= 10.890)
",-9999999.000,-9999999.000,0.000,0.000,1.000,0,0,0,17,17,0,0,17,0.0,0,0,0.0,0.0,1.0
"F[1,2](Glucose <= 92.154 | Temp <= 27.298)
",-9999999.000,-9999999.000,0.000,0.000,1.000,0,0,0,17,17,0,0,17,0.0,0,0,0.0,0.0,1.0
"F[1,1](((Platelets <= 81.030 & Potassium <= 4.420) & Creatinine >= 0.874) -> BUN <= 2.848)
",-2.848,-2.848,0.000,0.000,1.000,0,0,0,17,17,0,0,17,0.0,0,0,0.0,0.0,1.0
"((BaseExcess <= 0.441) U[0,2] (Potassium <= 4.143))
",-9999999.000,-9999999.000,0.000,0.000,1.000,0,0,0,17,17,0,0,17,0.0,0,0,0.0,0.0,1.0
"F[2,2](((BUN <= 25.844 -> Platelets >= 4.105) | Creatinine >= 3.019) & Bilirubin_direct <= 150.126)
",-3.019,-3.019,0.000,0.000,1.000,0,0,0,17,17,0,0,17,0.0,0,0,0.0,0.0,1.0
"F[0,2]((Creatinine <= 0.975 | Glucose <= 56.756) | Chloride >= 29.227)
",-9999999.000,-9999999.000,0.000,0.000,1.000,0,0,0,17,17,0,0,17,0.0,0,0,0.0,0.0,1.0
"F[2,2]((HR <= 95.930 | Temp >= 12.871) & Hgb <= 21.857)
",21.857,21.857,0.000,0.000,1.000,0,0,0,17,17,0,0,17,0.0,0,0,0.0,0.0,1.0
"F[0,1](BaseExcess <= 0.315 & MAP >= 45.772)
",-9999999.000,-9999999.000,0.000,0.000,1.000,0,0,0,17,17,0,0,17,0.0,0,0,0.0,0.0,1.0
"F[1,2](Calcium <= 7.881 & Hgb <= 8.707)
",-9999999.000,-9999999.000,0.000,0.000,1.000,0,0,0,17,17,0,0,17,0.0,0,0,0.0,0.0,1.0
"((FiO2 <= 0.446) U[2,2] (WBC >= 1.289))
",0.446,0.446,0.000,0.000,1.000,0,0,0,17,17,0,0,17,0.0,0,0,0.0,0.0,1.0
"F[0,1](((Potassium <= 4.263 | WBC >= 1.496) & FiO2 >= 1.361) | BaseExcess <= 8.221)
",-9999999.000,-9999999.000,0.000,0.000,1.000,0,0,0,17,17,0,0,17,0.0,0,0,0.0,0.0,1.0
"F[1,2](HCO3 <= 22.350 | Platelets <= 151.645)
",-9999999.000,-9999999.000,0.000,0.000,1.000,0,0,0,17,17,0,0,17,0.0,0,0,0.0,0.0,1.0
"F[0,1]((Lactate <= 1.289 & Platelets >= 17.652) -> Chloride >= 15.981)
",-9999999.000,-9999999.000,0.000,0.000,1.000,0,0,0,17,17,0,0,17,0.0,0,0,0.0,0.0,1.0
"((HCO3 <= 17.065) U[1,2] (Phosphate >= 0.124))
",-9999999.000,-9999999.000,0.000,0.000,1.000,0,0,0,17,17,0,0,17,0.0,0,0,0.0,0.0,1.0
"F[2,2]((Hgb <= 11.206 & Platelets <= 157.800) | EtCO2 <= 115.601)
",115.601,115.601,0.000,0.000,1.000,0,0,0,17,17,0,0,17,0.0,0,0,0.0,0.0,1.0
"F[0,1]((Creatinine <= 0.089 -> WBC >= 1.048) -> FiO2 <= 6.106)
",-9999999.000,-9999999.000,0.000,0.000,1.000,0,0,0,17,17,0,0,17,0.0,0,0,0.0,0.0,1.0
"F[1,2](Calcium >= 0.498 & HCO3 >= 3.471)
",-9999999.000,-9999999.000,0.000,0.000,1.000,0,0,0,17,17,0,0,17,0.0,0,0,0.0,0.0,1.0
"F[1,1]((Platelets <= 110.948 & PTT <= 18.285) | Glucose >= 2.544)
",18.285,18.285,0.000,0.000,1.000,0,0,0,17,17,0,0,17,0.0,0,0,0.0,0.0,1.0
"F[1,2](Creatinine <= 1.232 & Hgb <= 5.694)
",-9999999.000,-9999999.000,0.000,0.000,1.000,0,0,0,17,17,0,0,17,0.0,0,0,0.0,0.0,1.0
"F[0,2](((HCO3 <= 12.238 | SaO2 >= 4.642) -> MAP <= 64.300) & PTT >= 23.236)
",-9999999.000,-9999999.000,0.000,0.000,1.000,0,0,0,17,17,0,0,17,0.0,0,0,0.0,0.0,1.0
"F[2,2]((Hgb <= 11.591 -> Phosphate <= 1.879) | HCO3 >= 0.082)
",-0.082,-0.082,0.000,0.000,1.000,0,0,0,17,17,0,0,17,0.0,0,0,0.0,0.0,1.0
"F[0,2](((Creatinine <= 1.189 & Hct >= 3.427) & Bilirubin_direct >= 0.652) -> AST <= 18.151)
",-9999999.000,-9999999.000,0.000,0.000,1.000,0,0,0,17,17,0,0,17,0.0,0,0,0.0,0.0,1.0
"F[0,2]((PaCO2 <= 37.219 & Platelets >= 15.759) & Chloride >= 7.351)
",-9999999.000,-9999999.000,0.000,0.000,1.000,0,0,0,17,17,0,0,17,0.0,0,0,0.0,0.0,1.0
"F[0,1]((BUN >= 3.796 -> Resp >= 0.673) & BaseExcess <= 11.303)
",-9999999.000,-9999999.000,0.000,0.000,1.000,0,0,0,17,17,0,0,17,0.0,0,0,0.0,0.0,1.0
"F[2,2]((Magnesium >= 0.569 & Phosphate >= 0.015) -> Bilirubin_total <= 0.955)
",-0.955,-0.955,0.000,0.000,1.000,0,0,0,17,17,0,0,17,0.0,0,0,0.0,0.0,1.0
"F[2,2]((DBP >= 38.339 & Lactate >= 0.211) & BUN <= 1.097)
",-38.339,-38.339,0.000,0.000,1.000,0,0,0,17,17,0,0,17,0.0,0,0,0.0,0.0,1.0
"((FiO2 >= 0.008) U[0,1] (Hgb <= 10.570))
",-9999999.000,-9999999.000,0.000,0.000,1.000,0,0,0,17,17,0,0,17,0.0,0,0,0.0,0.0,1.0
"F[2,2](((Phosphate >= 0.088 -> Potassium <= 2.010) & SepsisLabel <= 4.729) | Platelets >= 1.018)
",-1.018,-1.018,0.000,0.000,1.000,0,0,0,17,17,0,0,17,0.0,0,0,0.0,0.0,1.0
"F[0,2](FiO2 <= 0.945 -> MAP >= 45.257)
",-9999999.000,-9999999.000,0.000,0.000,1.000,0,0,0,17,17,0,0,17,0.0,0,0,0.0,0.0,1.0
"F[0,1](((Calcium >= 0.123 -> DBP >= 33.680) & DBP <= 72.065) & O2Sat >= 34.842)
",-9999999.000,-9999999.000,0.000,0.000,1.000,0,0,0,17,17,0,0,17,0.0,0,0,0.0,0.0,1.0
"F[1,2](Fibrinogen <= 36.201 | Hct <= 29.151)
",-9999999.000,-9999999.000,0.000,0.000,1.000,0,0,0,17,17,0,0,17,0.0,0,0,0.0,0.0,1.0
"F[1,2]((BaseExcess >= -1.408 -> SBP >= 77.260) & Potassium >= 101.258)
",-9999999.000,-9999999.000,0.000,0.000,1.000,0,0,0,17,17,0,0,17,0.0,0,0,0.0,0.0,1.0
"F[1,2](((FiO2 >= 0.099 | O2Sat >= 93.772) -> pH >= 95.610) & Phosphate >= 97.035)
",-9999999.000,-9999999.000,0.000,0.000,1.000,0,0,0,17,17,0,0,17,0.0,0,0,0.0,0.0,1.0
"F[0,2]((Fibrinogen <= 33.093 & Resp >= 0.126) & BUN <= 10.635)
",-9999999.000,-9999999.000,0.000,0.000,1.000,0,0,0,17,17,0,0,17,0.0,0,0,0.0,0.0,1.0
"F[1,2](((Hct <= 19.121 & pH >= 1.381) -> BaseExcess <= 7.226) -> Phosphate <= 6.224)
",-9999999.000,-9999999.000,0.000,0.000,1.000,0,0,0,17,17,0,0,17,0.0,0,0,0.0,0.0,1.0
"F[1,2](((Calcium >= 0.542 | SBP >= 81.617) -> BUN <= 145.136) & Hct <= 140.050)
",-9999999.000,-9999999.000,0.000,0.000,1.000,0,0,0,17,17,0,0,17,0.0,0,0,0.0,0.0,1.0
"F[1,2](((Potassium >= 0.633 & SaO2 <= 76.841) & Alkalinephos >= 21.838) -> BaseExcess <= 92.184)
",-9999999.000,-9999999.000,0.000,0.000,1.000,0,0,0,17,17,0,0,17,0.0,0,0,0.0,0.0,1.0
