Rule,Discrimination Score,Pos Robustness,Neg Robustness,Percent Class +,Percent Class -,TP,TN,FP,FN,Actual Yes,Actual No,Predicted Yes,Predicted No,TPR/Sens,TNR/Spec,FPR,Precision,Accuracy,MCR
"F[0,0]((Calcium <= 4.734 & Potassium <= 2.504) & Magnesium >= 0.014)
",-0.014,-0.014,0.000,0.000,1.000,18,0,0,0,18,0,18,0,1.0,0,0,1.0,1.0285714285714285,-0.02857142857142847
"F[0,0](((Lactate >= 0.022 -> O2Sat >= 97.023) & PaCO2 >= 94.006) | Temp >= 97.081)
",-0.216,-0.493,0.000,0.000,1.000,18,0,0,0,18,0,18,0,1.0,0,0,1.0,1.0285714285714285,-0.02857142857142847
"F[0,0](MAP >= 73.753 & Platelets >= 0.921)
",-0.921,-0.921,0.000,0.000,1.000,18,0,0,0,18,0,18,0,1.0,0,0,1.0,1.0285714285714285,-0.02857142857142847
"F[0,1](((pH >= 0.002 & SBP >= 128.120) | TroponinI >= 119.609) & SepsisLabel >= 121.996)
",-9999999.000,-9999999.000,0.000,0.000,1.000,17,0,0,1,18,0,17,1,0.9444444444444444,0,0,1.0,0.9714285714285714,0.02857142857142858
"F[0,1]((Hct <= 14.996 | HR >= 64.457) & EtCO2 >= 62.343)
",-9999999.000,-9999999.000,0.000,0.000,1.000,17,0,0,1,18,0,17,1,0.9444444444444444,0,0,1.0,0.9714285714285714,0.02857142857142858
"((BaseExcess >= -7.172) U[0,0] (Chloride >= 4.264))
",7.172,7.172,0.000,0.000,1.000,17,0,0,1,18,0,17,1,0.9444444444444444,0,0,1.0,0.9714285714285714,0.02857142857142858
"F[0,1]((SaO2 <= 74.677 | Temp >= 10.144) -> Alkalinephos >= 9.867)
",-9999999.000,-9999999.000,0.000,0.000,1.000,17,0,0,1,18,0,17,1,0.9444444444444444,0,0,1.0,0.9714285714285714,0.02857142857142858
"F[0,1]((Phosphate <= 5.433 -> Resp >= 15.542) & Phosphate >= 14.238)
",-9999999.000,-9999999.000,0.000,0.000,1.000,17,0,0,1,18,0,17,1,0.9444444444444444,0,0,1.0,0.9714285714285714,0.02857142857142858
"F[1,1](((MAP >= 75.270 -> PTT <= 11.829) | TroponinI >= 0.242) -> SepsisLabel >= 1.244)
",8714874705872004.000,0.242,0.000,0.000,1.000,17,0,0,1,18,0,17,1,0.9444444444444444,0,0,1.0,0.9714285714285714,0.02857142857142858
"((Hct >= 1.157) U[1,1] (pH >= 0.341))
",-0.341,-0.341,0.000,0.000,1.000,17,0,0,1,18,0,17,1,0.9444444444444444,0,0,1.0,0.9714285714285714,0.02857142857142858
"F[0,1](((DBP >= 52.694 | pH <= 1.058) & MAP <= 1.818) & Platelets >= 0.770)
",-9999999.000,-9999999.000,0.000,0.000,1.000,17,0,0,1,18,0,17,1,0.9444444444444444,0,0,1.0,0.9714285714285714,0.02857142857142858
"F[0,0](Calcium <= 5.349 -> HCO3 >= 0.221)
",-0.491,-10.904,0.000,0.000,1.000,17,0,0,1,18,0,17,1,0.9444444444444444,0,0,1.0,0.9714285714285714,0.02857142857142858
"F[0,1]((Calcium <= 3.163 & Potassium <= 1.055) & Magnesium >= 0.016)
",-9999999.000,-9999999.000,0.000,0.000,1.000,17,0,0,1,18,0,17,1,0.9444444444444444,0,0,1.0,0.9714285714285714,0.02857142857142858
"F[0,1](BUN >= 0.147 & Magnesium <= 1.721)
",-9999999.000,-9999999.000,0.000,0.000,1.000,17,0,0,1,18,0,17,1,0.9444444444444444,0,0,1.0,0.9714285714285714,0.02857142857142858
"F[0,1]((PaCO2 >= 1.697 & pH <= 6.752) & Lactate <= 3.824)
",-9999999.000,-9999999.000,0.000,0.000,1.000,17,0,0,1,18,0,17,1,0.9444444444444444,0,0,1.0,0.9714285714285714,0.02857142857142858
"F[0,1](((DBP >= 52.430 | Lactate <= 0.321) | Resp >= 0.007) & Bilirubin_direct >= 0.032)
",-9999999.000,-9999999.000,0.000,0.000,1.000,17,0,0,1,18,0,17,1,0.9444444444444444,0,0,1.0,0.9714285714285714,0.02857142857142858
"((Calcium >= 0.034) U[0,0] (Chloride >= 6.220))
",-0.034,-0.034,0.000,0.000,1.000,17,0,0,1,18,0,17,1,0.9444444444444444,0,0,1.0,0.9714285714285714,0.02857142857142858
"F[0,0]((Hct >= 3.518 & Platelets >= 1.312) | WBC >= 5.214)
",-3.518,-3.518,0.000,0.000,1.000,17,0,0,1,18,0,17,1,0.9444444444444444,0,0,1.0,0.9714285714285714,0.02857142857142858
"F[0,0]((Magnesium <= 1.597 -> SaO2 <= 90.245) -> Potassium >= 1.138)
",1.138,1.138,0.000,0.000,1.000,17,0,0,1,18,0,17,1,0.9444444444444444,0,0,1.0,0.9714285714285714,0.02857142857142858
"F[1,1](((Chloride >= 0.147 -> Lactate <= 0.266) & Fibrinogen <= 0.564) & HR <= 0.690)
",-0.266,-0.266,0.000,0.000,1.000,17,0,0,1,18,0,17,1,0.9444444444444444,0,0,1.0,0.9714285714285714,0.02857142857142858
"((Magnesium >= 0.065) U[1,1] (Resp >= 14.003))
",-0.065,-0.065,0.000,0.000,1.000,17,0,0,1,18,0,17,1,0.9444444444444444,0,0,1.0,0.9714285714285714,0.02857142857142858
"F[1,1]((HR >= 65.617 | SBP >= 128.310) & Bilirubin_total >= 121.678)
",-121.678,-121.678,0.000,0.000,1.000,17,0,0,1,18,0,17,1,0.9444444444444444,0,0,1.0,0.9714285714285714,0.02857142857142858
"F[0,1](((MAP >= 72.752 | O2Sat <= 99.323) & Phosphate >= 96.692) & DBP <= 98.828)
",-9999999.000,-9999999.000,0.000,0.000,1.000,17,0,0,1,18,0,17,1,0.9444444444444444,0,0,1.0,0.9714285714285714,0.02857142857142858
"F[0,1]((Calcium <= 6.679 & Potassium <= 0.707) & Magnesium >= 0.016)
",-9999999.000,-9999999.000,0.000,0.000,1.000,17,0,0,1,18,0,17,1,0.9444444444444444,0,0,1.0,0.9714285714285714,0.02857142857142858
"((Chloride >= 5.047) U[1,1] (MAP <= 85.486))
",85.486,85.486,0.000,0.000,1.000,16,0,0,2,18,0,16,2,0.8888888888888888,0,0,1.0,0.9142857142857143,0.08571428571428574
"F[1,1](((BaseExcess >= -4.445 & Glucose >= 2.825) | PaCO2 <= 55.007) -> Glucose >= 1.293)
",-55.007,-55.007,0.000,0.000,1.000,16,0,0,2,18,0,16,2,0.8888888888888888,0,0,1.0,0.9142857142857143,0.08571428571428574
"((Hgb >= 0.171) U[1,1] (pH <= 0.876))
",0.876,0.876,0.000,0.000,1.000,16,0,0,2,18,0,16,2,0.8888888888888888,0,0,1.0,0.9142857142857143,0.08571428571428574
"F[1,1](((DBP <= 64.576 & Temp <= 22.273) -> BUN <= 17.927) -> DBP <= 35.699)
",-35.699,-35.699,0.000,0.000,1.000,16,0,0,2,18,0,16,2,0.8888888888888888,0,0,1.0,0.9142857142857143,0.08571428571428574
"((Calcium <= 7.042) U[0,1] (SaO2 >= 0.943))
",-9999999.000,-9999999.000,0.000,0.000,1.000,16,0,0,2,18,0,16,2,0.8888888888888888,0,0,1.0,0.9142857142857143,0.08571428571428574
"((Hgb >= 0.670) U[1,2] (SepsisLabel = 0.000))
",-9999999.000,-9999999.000,0.000,0.000,1.000,16,0,0,2,18,0,16,2,0.8888888888888888,0,0,1.0,0.9142857142857143,0.08571428571428574
"F[1,1]((Chloride >= 9.520 & Glucose <= 22.059) | SepsisLabel >= 4.033)
",-4.033,-4.033,0.000,0.000,1.000,16,0,0,2,18,0,16,2,0.8888888888888888,0,0,1.0,0.9142857142857143,0.08571428571428574
"((Creatinine >= 0.051) U[1,2] (SaO2 <= 43.024))
",-9999999.000,-9999999.000,0.000,0.000,1.000,16,0,0,2,18,0,16,2,0.8888888888888888,0,0,1.0,0.9142857142857143,0.08571428571428574
"((Hgb <= 1.325) U[0,1] (Magnesium >= 0.016))
",-9999999.000,-9999999.000,0.000,0.000,1.000,15,0,0,3,18,0,15,3,0.8333333333333334,0,0,1.0,0.8571428571428571,0.1428571428571429
"F[0,1](((FiO2 <= 0.744 & MAP <= 105.087) -> MAP >= 71.300) -> HCO3 >= 76.497)
",-9999999.000,-9999999.000,0.000,0.000,1.000,15,0,0,3,18,0,15,3,0.8333333333333334,0,0,1.0,0.8571428571428571,0.1428571428571429
"F[0,1](((MAP >= 71.527 -> Temp <= 24.491) -> Hgb <= 15.939) -> BUN >= 7.493)
",-9999999.000,-9999999.000,0.000,0.000,1.000,15,0,0,3,18,0,15,3,0.8333333333333334,0,0,1.0,0.8571428571428571,0.1428571428571429
"F[0,1](BUN >= 0.230 & Platelets >= 11.524)
",-9999999.000,-9999999.000,0.000,0.000,1.000,15,0,0,3,18,0,15,3,0.8333333333333334,0,0,1.0,0.8571428571428571,0.1428571428571429
"F[1,1]((PTT <= 7.805 | PTT <= 7.102) & PaCO2 >= 0.372)
",-0.372,-0.372,0.000,0.000,1.000,15,0,0,3,18,0,15,3,0.8333333333333334,0,0,1.0,0.8571428571428571,0.1428571428571429
"((Alkalinephos >= 0.000) U[0,1] (PTT >= 1.213))
",-9999999.000,-9999999.000,0.000,0.000,1.000,15,0,0,3,18,0,15,3,0.8333333333333334,0,0,1.0,0.8571428571428571,0.1428571428571429
"F[0,1]((HR >= 67.422 -> Platelets >= 3.103) & Hgb >= 8.701)
",-9999999.000,-9999999.000,0.000,0.000,1.000,15,0,0,3,18,0,15,3,0.8333333333333334,0,0,1.0,0.8571428571428571,0.1428571428571429
"F[0,1](BUN >= 0.811 & SepsisLabel = 0.000)
",-9999999.000,-9999999.000,0.000,0.000,1.000,15,0,0,3,18,0,15,3,0.8333333333333334,0,0,1.0,0.8571428571428571,0.1428571428571429
"((Hct >= 1.745) U[1,2] (Calcium <= 4.488))
",-9999999.000,-9999999.000,0.000,0.000,1.000,15,0,0,3,18,0,15,3,0.8333333333333334,0,0,1.0,0.8571428571428571,0.1428571428571429
"((Platelets <= 55.699) U[0,1] (PTT >= 1.128))
",-9999999.000,-9999999.000,0.000,0.000,1.000,15,0,0,3,18,0,15,3,0.8333333333333334,0,0,1.0,0.8571428571428571,0.1428571428571429
"F[0,1]((Platelets <= 48.384 | SaO2 >= 1.445) -> SBP <= 58.106)
",-9999999.000,-9999999.000,0.000,0.000,1.000,14,0,0,4,18,0,14,4,0.7777777777777778,0,0,1.0,0.8,0.19999999999999996
"F[0,1](PaCO2 >= 1.353 & PTT <= 28.654)
",-9999999.000,-9999999.000,0.000,0.000,1.000,14,0,0,4,18,0,14,4,0.7777777777777778,0,0,1.0,0.8,0.19999999999999996
"((pH >= 0.597) U[1,2] (Glucose <= 14.919))
",-9999999.000,-9999999.000,0.000,0.000,1.000,14,0,0,4,18,0,14,4,0.7777777777777778,0,0,1.0,0.8,0.19999999999999996
"F[0,1](((Glucose >= 9.982 & AST <= 0.000) & TroponinI <= 0.000) & Chloride >= 0.000)
",-9999999.000,-9999999.000,0.000,0.000,1.000,14,0,0,4,18,0,14,4,0.7777777777777778,0,0,1.0,0.8,0.19999999999999996
"F[1,1](((Lactate <= 0.326 | Potassium <= 1.747) | Bilirubin_total <= 3.289) & Platelets >= 0.388)
",-0.388,-0.388,0.000,0.000,1.000,14,0,0,4,18,0,14,4,0.7777777777777778,0,0,1.0,0.8,0.19999999999999996
"F[0,0](FiO2 >= 0.158 | HCO3 >= 0.265)
",0.243,5.718,0.000,0.000,1.000,13,0,0,5,18,0,13,5,0.7222222222222222,0,0,1.0,0.7428571428571429,0.2571428571428571
"((Calcium >= 0.458) U[1,2] (WBC <= 6.350))
",-9999999.000,-9999999.000,0.000,0.000,1.000,13,0,0,5,18,0,13,5,0.7222222222222222,0,0,1.0,0.7428571428571429,0.2571428571428571
"F[0,1](SepsisLabel <= 0.000 & pH >= 0.282)
",-9999999.000,-9999999.000,0.000,0.000,1.000,13,0,0,5,18,0,13,5,0.7222222222222222,0,0,1.0,0.7428571428571429,0.2571428571428571
"F[0,1]((Creatinine >= 0.032 | WBC >= 0.160) | BaseExcess >= 0.125)
",-9999999.000,-9999999.000,0.000,0.000,1.000,13,0,0,5,18,0,13,5,0.7222222222222222,0,0,1.0,0.7428571428571429,0.2571428571428571
"F[0,1](WBC >= 0.374 & BaseExcess <= 4.339)
",-9999999.000,-9999999.000,0.000,0.000,1.000,13,0,0,5,18,0,13,5,0.7222222222222222,0,0,1.0,0.7428571428571429,0.2571428571428571
"((pH >= 0.702) U[1,2] (Potassium <= 3.069))
",-9999999.000,-9999999.000,0.000,0.000,1.000,13,0,0,5,18,0,13,5,0.7222222222222222,0,0,1.0,0.7428571428571429,0.2571428571428571
"F[0,0]((DBP <= 58.340 & FiO2 <= 0.402) -> TroponinI >= 0.165)
",0.165,0.165,0.000,0.000,1.000,12,0,0,6,18,0,12,6,0.6666666666666666,0,0,1.0,0.6857142857142857,0.3142857142857143
"F[0,1](HR >= 66.906 -> PTT >= 0.917)
",-9999999.000,-9999999.000,0.000,0.000,1.000,12,0,0,6,18,0,12,6,0.6666666666666666,0,0,1.0,0.6857142857142857,0.3142857142857143
"((HR >= 68.325) U[1,1] (Temp >= 9.541))
",-9.541,-9.541,0.000,0.000,1.000,10,0,0,8,18,0,10,8,0.5555555555555556,0,0,1.0,0.5714285714285714,0.4285714285714286
"((Phosphate >= 0.068) U[1,2] (SBP >= 127.935))
",-9999999.000,-9999999.000,0.000,0.000,1.000,10,0,0,8,18,0,10,8,0.5555555555555556,0,0,1.0,0.5714285714285714,0.4285714285714286
"((Platelets >= 0.152) U[1,2] (Resp <= 16.541))
",-9999999.000,-9999999.000,0.000,0.000,1.000,9,0,0,9,18,0,9,9,0.5,0,0,1.0,0.5142857142857142,0.48571428571428577
"F[0,0]((HR >= 71.857 & Temp <= 34.025) & Glucose <= 16.761)
",-27.480,-62.563,0.000,0.000,1.000,8,0,0,10,18,0,8,10,0.4444444444444444,0,0,1.0,0.45714285714285713,0.5428571428571429
"F[1,1](HR >= 74.595 & O2Sat <= 99.132)
",-74.595,-74.595,0.000,0.000,1.000,7,0,0,11,18,0,7,11,0.3888888888888889,0,0,1.0,0.4,0.6
"((MAP >= 76.536) U[0,0] (SBP <= 131.106))
",7.066,120.132,0.000,0.000,1.000,7,0,0,11,18,0,7,11,0.3888888888888889,0,0,1.0,0.4,0.6
"F[0,1](((HCO3 >= 0.636 | Temp >= 10.659) -> WBC >= 8.055) -> Lactate >= 4.428)
",-9999999.000,-9999999.000,0.000,0.000,1.000,6,0,0,12,18,0,6,12,0.3333333333333333,0,0,1.0,0.34285714285714286,0.6571428571428571
"((MAP >= 77.027) U[1,2] (SBP <= 135.260))
",-9999999.000,-9999999.000,0.000,0.000,1.000,6,0,0,12,18,0,6,12,0.3333333333333333,0,0,1.0,0.34285714285714286,0.6571428571428571
"((MAP >= 74.142) U[0,0] (SBP <= 133.674))
",7.217,122.700,0.000,0.000,1.000,5,0,0,13,18,0,5,13,0.2777777777777778,0,0,1.0,0.2857142857142857,0.7142857142857143
"F[1,1]((O2Sat <= 98.827 -> PTT >= 1.452) -> Phosphate >= 1.320)
",1.320,1.320,0.000,0.000,1.000,5,0,0,13,18,0,5,13,0.2777777777777778,0,0,1.0,0.2857142857142857,0.7142857142857143
"((Chloride <= 92.837) U[1,1] (HR <= 82.548))
",92.837,92.837,0.000,0.000,1.000,5,0,0,13,18,0,5,13,0.2777777777777778,0,0,1.0,0.2857142857142857,0.7142857142857143
"((DBP < 59.867) U[1,2] (SepsisLabel = 0.000))
",-9999999.000,-9999999.000,0.000,0.000,1.000,4,0,0,14,18,0,4,14,0.2222222222222222,0,0,1.0,0.22857142857142856,0.7714285714285715
"((MAP > 75.815) U[1,2] (SepsisLabel = 0.000))
",-9999999.000,-9999999.000,0.000,0.000,1.000,4,0,0,14,18,0,4,14,0.2222222222222222,0,0,1.0,0.22857142857142856,0.7714285714285715
"((Calcium <= 5.356) U[0,0] (MAP >= 75.437))
",7.496,56.210,0.000,0.000,1.000,4,0,0,14,18,0,4,14,0.2222222222222222,0,0,1.0,0.22857142857142856,0.7714285714285715
"F[0,0](((PTT >= 1.367 & WBC >= 0.381) | SepsisLabel <= 1.705) -> Temp <= 5.699)
",-3.224,-1.582,0.000,0.000,1.000,3,0,0,15,18,0,3,15,0.16666666666666666,0,0,1.0,0.17142857142857143,0.8285714285714285
"F[1,1](DBP <= 57.886 -> O2Sat <= 99.427)
",-99.427,-99.427,0.000,0.000,1.000,3,0,0,15,18,0,3,15,0.16666666666666666,0,0,1.0,0.17142857142857143,0.8285714285714285
"((MAP >= 74.018) U[1,2] (SBP <= 153.627))
",-9999999.000,-9999999.000,0.000,0.000,1.000,3,0,0,15,18,0,3,15,0.16666666666666666,0,0,1.0,0.17142857142857143,0.8285714285714285
"F[0,0](BaseExcess >= 0.409 | MAP >= 74.471)
",7.625,57.176,0.000,0.000,1.000,3,0,0,15,18,0,3,15,0.16666666666666666,0,0,1.0,0.17142857142857143,0.8285714285714285
"((SaO2 >= 1.821) U[1,2] (WBC >= 0.467))
",-9999999.000,-9999999.000,0.000,0.000,1.000,3,0,0,15,18,0,3,15,0.16666666666666666,0,0,1.0,0.17142857142857143,0.8285714285714285
"F[0,1](((BUN >= 0.807 | SBP >= 128.519) -> Hgb >= 125.753) | Lactate >= 127.508)
",-9999999.000,-9999999.000,0.000,0.000,1.000,3,0,0,15,18,0,3,15,0.16666666666666666,0,0,1.0,0.17142857142857143,0.8285714285714285
"((Temp <= 33.524) U[1,2] (WBC <= 6.892))
",-9999999.000,-9999999.000,0.000,0.000,1.000,3,0,0,15,18,0,3,15,0.16666666666666666,0,0,1.0,0.17142857142857143,0.8285714285714285
"((Hct <= 11.027) U[0,1] (SBP >= 128.027))
",-9999999.000,-9999999.000,0.000,0.000,1.000,2,0,0,16,18,0,2,16,0.1111111111111111,0,0,1.0,0.11428571428571428,0.8857142857142857
"((Glucose <= 112.377) U[1,2] (Hct <= 10.643))
",-9999999.000,-9999999.000,0.000,0.000,1.000,2,0,0,16,18,0,2,16,0.1111111111111111,0,0,1.0,0.11428571428571428,0.8857142857142857
"((Calcium >= 0.053) U[0,0] (O2Sat >= 94.067))
",-0.053,-0.053,0.000,0.000,1.000,2,0,0,16,18,0,2,16,0.1111111111111111,0,0,1.0,0.11428571428571428,0.8857142857142857
"F[0,1](HR >= 67.414 & SepsisLabel = 0.000)
",-9999999.000,-9999999.000,0.000,0.000,1.000,2,0,0,16,18,0,2,16,0.1111111111111111,0,0,1.0,0.11428571428571428,0.8857142857142857
"F[1,1](((Calcium < 5.400 & Potassium < 2.084) & Magnesium < 0.571) & Phosphate < 2.829)
",0.571,0.571,0.000,0.000,1.000,2,0,0,16,18,0,2,16,0.1111111111111111,0,0,1.0,0.11428571428571428,0.8857142857142857
"((HR <= 89.942) U[0,1] (Temp <= 28.244))
",-9999999.000,-9999999.000,0.000,0.000,1.000,2,0,0,16,18,0,2,16,0.1111111111111111,0,0,1.0,0.11428571428571428,0.8857142857142857
"F[1,1](BaseExcess >= -0.136 & SepsisLabel = 0.000)
",0.000,0.000,0.000,0.000,1.000,2,0,0,16,18,0,2,16,0.1111111111111111,0,0,1.0,0.11428571428571428,0.8857142857142857
"((SBP <= 148.049) U[0,1] (Temp <= 30.449))
",-9999999.000,-9999999.000,0.000,0.000,1.000,2,0,0,16,18,0,2,16,0.1111111111111111,0,0,1.0,0.11428571428571428,0.8857142857142857
"F[1,1](((Resp <= 19.698 & SepsisLabel >= 0.000) & BaseExcess >= 0.000) -> Chloride <= 0.000)
",0.000,0.000,0.000,0.000,1.000,2,0,0,16,18,0,2,16,0.1111111111111111,0,0,1.0,0.11428571428571428,0.8857142857142857
"F[1,1](((Hct >= 2.208 & PaCO2 <= 22.914) -> Potassium >= 1.282) | Resp <= 9.760)
",9.760,9.760,0.000,0.000,1.000,2,0,0,16,18,0,2,16,0.1111111111111111,0,0,1.0,0.11428571428571428,0.8857142857142857
"F[1,1](((Calcium < 1.717 & Potassium < 1.541) & Magnesium < 1.364) & Phosphate < 3.647)
",1.364,1.364,0.000,0.000,1.000,2,0,0,16,18,0,2,16,0.1111111111111111,0,0,1.0,0.11428571428571428,0.8857142857142857
"F[0,0](pH <= 1.882 & Resp >= 11.310)
",7.939,1.724,0.000,0.000,1.000,2,0,0,16,18,0,2,16,0.1111111111111111,0,0,1.0,0.11428571428571428,0.8857142857142857
"((Chloride < 65.756) U[1,1] (SepsisLabel = 0.000))
",65.756,65.756,0.000,0.000,1.000,1,0,0,17,18,0,1,17,0.05555555555555555,0,0,1.0,0.05714285714285714,0.9428571428571428
"((Creatinine >= 0.080) U[1,2] (Glucose >= 9.341))
",-9999999.000,-9999999.000,0.000,0.000,1.000,1,0,0,17,18,0,1,17,0.05555555555555555,0,0,1.0,0.05714285714285714,0.9428571428571428
"F[0,0](Hgb <= 5.846 | Hct <= 8.647)
",8.647,8.647,0.000,0.000,1.000,1,0,0,17,18,0,1,17,0.05555555555555555,0,0,1.0,0.05714285714285714,0.9428571428571428
"F[1,1]((Phosphate >= 0.013 & Magnesium > 0.075) -> Calcium < 3.573)
",-3.573,-3.573,0.000,0.000,1.000,1,0,0,17,18,0,1,17,0.05555555555555555,0,0,1.0,0.05714285714285714,0.9428571428571428
"((MAP >= 74.710) U[0,0] (SBP <= 151.452))
",8.263,140.479,0.000,0.000,1.000,1,0,0,17,18,0,1,17,0.05555555555555555,0,0,1.0,0.05714285714285714,0.9428571428571428
"((DBP <= 69.242) U[0,0] (PTT <= 17.215))
",6.923,16.615,0.000,0.000,1.000,1,0,0,17,18,0,1,17,0.05555555555555555,0,0,1.0,0.05714285714285714,0.9428571428571428
"((Resp <= 20.737) U[0,1] (SBP >= 125.673))
",-9999999.000,-9999999.000,0.000,0.000,1.000,1,0,0,17,18,0,1,17,0.05555555555555555,0,0,1.0,0.05714285714285714,0.9428571428571428
"((Platelets <= 101.532) U[1,2] (SepsisLabel = 0.000))
",-9999999.000,-9999999.000,0.000,0.000,1.000,1,0,0,17,18,0,1,17,0.05555555555555555,0,0,1.0,0.05714285714285714,0.9428571428571428
"((Platelets <= 99.582) U[1,2] (Hgb <= 6.550))
",-9999999.000,-9999999.000,0.000,0.000,1.000,1,0,0,17,18,0,1,17,0.05555555555555555,0,0,1.0,0.05714285714285714,0.9428571428571428
"F[0,0](((WBC >= 0.830 & HCO3 >= 0.644) | SBP >= 0.939) -> BUN <= 8.206)
",-1.285,-16.490,0.000,0.000,1.000,1,0,0,17,18,0,1,17,0.05555555555555555,0,0,1.0,0.05714285714285714,0.9428571428571428
"F[1,1](Hgb >= 0.369 -> O2Sat <= 97.559)
",-97.559,-97.559,0.000,0.000,1.000,1,0,0,17,18,0,1,17,0.05555555555555555,0,0,1.0,0.05714285714285714,0.9428571428571428
"F[1,1]((Magnesium >= 0.075 -> PTT <= 18.562) & Magnesium <= 15.998)
",-18.562,-18.562,0.000,0.000,1.000,1,0,0,17,18,0,1,17,0.05555555555555555,0,0,1.0,0.05714285714285714,0.9428571428571428
"F[1,1](Calcium >= 0.334 -> pH >= 0.097)
",0.097,0.097,0.000,0.000,1.000,1,0,0,17,18,0,1,17,0.05555555555555555,0,0,1.0,0.05714285714285714,0.9428571428571428
"((BUN >= 0.832) U[1,2] (Creatinine >= 0.067))
",-9999999.000,-9999999.000,0.000,0.000,1.000,1,0,0,17,18,0,1,17,0.05555555555555555,0,0,1.0,0.05714285714285714,0.9428571428571428
"((O2Sat >= 96.556) U[0,1] (SBP <= 134.152))
",-9999999.000,-9999999.000,0.000,0.000,1.000,1,0,0,17,18,0,1,17,0.05555555555555555,0,0,1.0,0.05714285714285714,0.9428571428571428
"F[0,0](Glucose <= 131.129 | Potassium <= 3.023)
",131.129,131.129,0.000,0.000,1.000,1,0,0,17,18,0,1,17,0.05555555555555555,0,0,1.0,0.05714285714285714,0.9428571428571428
"F[1,1]((DBP <= 59.270 -> Potassium <= 2.363) | Glucose >= 0.288)
",-0.288,-0.288,0.000,0.000,1.000,1,0,0,17,18,0,1,17,0.05555555555555555,0,0,1.0,0.05714285714285714,0.9428571428571428
"F[0,0]((Hgb <= 3.408 & WBC <= 4.239) & PTT <= 6.810)
",0.037,0.314,0.000,0.000,1.000,1,0,0,17,18,0,1,17,0.05555555555555555,0,0,1.0,0.05714285714285714,0.9428571428571428
"((HCO3 <= 19.986) U[0,0] (MAP >= 72.507))
",7.887,59.140,0.000,0.000,1.000,1,0,0,17,18,0,1,17,0.05555555555555555,0,0,1.0,0.05714285714285714,0.9428571428571428
"F[0,0]((Phosphate >= 0.136 & Magnesium > 0.098) -> Calcium < 5.208)
",-5.208,-5.208,0.000,0.000,1.000,1,0,0,17,18,0,1,17,0.05555555555555555,0,0,1.0,0.05714285714285714,0.9428571428571428
"((HR >= 66.443) U[0,1] (Potassium <= 1.468))
",-9999999.000,-9999999.000,0.000,0.000,1.000,0,0,0,18,18,0,0,18,0.0,0,0,0.0,0.0,1.0
"F[0,0](((Hgb >= 0.431 -> Resp <= 20.434) | AST <= 18.772) & Potassium <= 19.159)
",18.772,18.772,0.000,0.000,1.000,0,0,0,18,18,0,0,18,0.0,0,0,0.0,0.0,1.0
"F[0,1]((O2Sat <= 98.299 | SBP <= 136.125) | Bilirubin_total >= 123.953)
",-9999999.000,-9999999.000,0.000,0.000,1.000,0,0,0,18,18,0,0,18,0.0,0,0,0.0,0.0,1.0
"((BaseExcess <= 19.590) U[0,1] (SaO2 <= 57.487))
",-9999999.000,-9999999.000,0.000,0.000,1.000,0,0,0,18,18,0,0,18,0.0,0,0,0.0,0.0,1.0
"F[1,2](((Calcium >= 0.384 & HR >= 66.276) | FiO2 >= 62.632) | Bilirubin_direct <= 90.030)
",-9999999.000,-9999999.000,0.000,0.000,1.000,0,0,0,18,18,0,0,18,0.0,0,0,0.0,0.0,1.0
"((FiO2 >= 0.010) U[0,2] (O2Sat <= 99.545))
",-9999999.000,-9999999.000,0.000,0.000,1.000,0,0,0,18,18,0,0,18,0.0,0,0,0.0,0.0,1.0
"F[0,2](((DBP >= 55.985 -> SaO2 <= 62.224) -> Hct <= 14.164) & SBP <= 23.425)
",-9999999.000,-9999999.000,0.000,0.000,1.000,0,0,0,18,18,0,0,18,0.0,0,0,0.0,0.0,1.0
"F[1,2](((HR >= 66.520 & WBC <= 5.856) | HCO3 <= 5.506) & Fibrinogen >= 0.667)
",-9999999.000,-9999999.000,0.000,0.000,1.000,0,0,0,18,18,0,0,18,0.0,0,0,0.0,0.0,1.0
"F[1,2](((FiO2 >= 0.139 & Phosphate >= 0.011) | HR <= 3.584) & Hgb <= 4.366)
",-9999999.000,-9999999.000,0.000,0.000,1.000,0,0,0,18,18,0,0,18,0.0,0,0,0.0,0.0,1.0
"F[0,2](DBP <= 59.454 & Lactate <= 0.077)
",-9999999.000,-9999999.000,0.000,0.000,1.000,0,0,0,18,18,0,0,18,0.0,0,0,0.0,0.0,1.0
"F[1,2](BaseExcess >= -0.560 | Creatinine >= 0.118)
",-9999999.000,-9999999.000,0.000,0.000,1.000,0,0,0,18,18,0,0,18,0.0,0,0,0.0,0.0,1.0
"F[0,2]((BaseExcess >= -4.901 & HCO3 >= 1.122) -> Potassium <= 11.789)
",-9999999.000,-9999999.000,0.000,0.000,1.000,0,0,0,18,18,0,0,18,0.0,0,0,0.0,0.0,1.0
"F[0,2](O2Sat <= 99.105 | Phosphate <= 2.594)
",-9999999.000,-9999999.000,0.000,0.000,1.000,0,0,0,18,18,0,0,18,0.0,0,0,0.0,0.0,1.0
"F[1,2](((BaseExcess >= -1.778 & Calcium >= 0.410) & SBP >= 0.008) -> PaCO2 >= 0.035)
",-9999999.000,-9999999.000,0.000,0.000,1.000,0,0,0,18,18,0,0,18,0.0,0,0,0.0,0.0,1.0
"F[2,2](BaseExcess >= -1.426 -> Potassium <= 2.088)
",-2.088,-2.088,0.000,0.000,1.000,0,0,0,18,18,0,0,18,0.0,0,0,0.0,0.0,1.0
"F[0,2](Creatinine <= 2.225 -> O2Sat >= 94.434)
",-9999999.000,-9999999.000,0.000,0.000,1.000,0,0,0,18,18,0,0,18,0.0,0,0,0.0,0.0,1.0
"F[1,2]((BaseExcess >= -4.664 -> BUN >= 1.509) -> O2Sat <= 22.975)
",-9999999.000,-9999999.000,0.000,0.000,1.000,0,0,0,18,18,0,0,18,0.0,0,0,0.0,0.0,1.0
"F[2,2](((Calcium >= 0.204 -> FiO2 <= 0.897) | Platelets <= 0.770) -> DBP <= 0.862)
",-0.862,-0.862,0.000,0.000,1.000,0,0,0,18,18,0,0,18,0.0,0,0,0.0,0.0,1.0
"F[2,2](BaseExcess >= 0.729 & WBC >= 0.469)
",-0.729,-0.729,0.000,0.000,1.000,0,0,0,18,18,0,0,18,0.0,0,0,0.0,0.0,1.0
"((Resp <= 19.936) U[0,2] (WBC <= 1.368))
",-9999999.000,-9999999.000,0.000,0.000,1.000,0,0,0,18,18,0,0,18,0.0,0,0,0.0,0.0,1.0
"F[0,2]((BaseExcess <= 61.166 -> Hgb >= 0.482) | Hct >= 0.354)
",-9999999.000,-9999999.000,0.000,0.000,1.000,0,0,0,18,18,0,0,18,0.0,0,0,0.0,0.0,1.0
"F[0,1](HR <= 91.300 -> MAP <= 98.991)
",-9999999.000,-9999999.000,0.000,0.000,1.000,0,0,0,18,18,0,0,18,0.0,0,0,0.0,0.0,1.0
"F[0,2]((Calcium <= 2.589 & Resp <= 18.887) -> AST <= 20.243)
",-9999999.000,-9999999.000,0.000,0.000,1.000,0,0,0,18,18,0,0,18,0.0,0,0,0.0,0.0,1.0
"F[1,1](((O2Sat <= 97.554 -> WBC <= 9.262) -> WBC >= 0.170) -> Phosphate <= 7.049)
",-7.049,-7.049,0.000,0.000,1.000,0,0,0,18,18,0,0,18,0.0,0,0,0.0,0.0,1.0
"F[2,2]((PTT <= 29.550 & Temp >= 2.925) & Potassium <= 21.055)
",-2.925,-2.925,0.000,0.000,1.000,0,0,0,18,18,0,0,18,0.0,0,0,0.0,0.0,1.0
"F[1,2]((Platelets <= 60.909 -> Temp <= 36.497) | Phosphate <= 15.658)
",-9999999.000,-9999999.000,0.000,0.000,1.000,0,0,0,18,18,0,0,18,0.0,0,0,0.0,0.0,1.0
"F[0,2]((Hgb <= 5.794 & PaCO2 >= 0.780) & Potassium >= 1.056)
",-9999999.000,-9999999.000,0.000,0.000,1.000,0,0,0,18,18,0,0,18,0.0,0,0,0.0,0.0,1.0
"((Phosphate <= 3.899) U[0,2] (Temp <= 34.293))
",-9999999.000,-9999999.000,0.000,0.000,1.000,0,0,0,18,18,0,0,18,0.0,0,0,0.0,0.0,1.0
"F[0,1]((MAP <= 88.459 | PaCO2 <= 10.549) | Creatinine >= 0.212)
",-9999999.000,-9999999.000,0.000,0.000,1.000,0,0,0,18,18,0,0,18,0.0,0,0,0.0,0.0,1.0
"F[1,2](Creatinine >= 0.125 & Temp >= 9.445)
",-9999999.000,-9999999.000,0.000,0.000,1.000,0,0,0,18,18,0,0,18,0.0,0,0,0.0,0.0,1.0
"F[0,2]((Creatinine <= 0.685 | FiO2 <= 0.437) -> Platelets >= 0.181)
",-9999999.000,-9999999.000,0.000,0.000,1.000,0,0,0,18,18,0,0,18,0.0,0,0,0.0,0.0,1.0
"F[0,1](Hgb <= 8.932 | Hct <= 26.493)
",-9999999.000,-9999999.000,0.000,0.000,1.000,0,0,0,18,18,0,0,18,0.0,0,0,0.0,0.0,1.0
"F[2,2](Glucose <= 69.821 -> Temp <= 30.971)
",-69.821,-69.821,0.000,0.000,1.000,0,0,0,18,18,0,0,18,0.0,0,0,0.0,0.0,1.0
"F[0,1]((pH >= 0.018 | Hgb <= 5.001) | EtCO2 <= 4.142)
",-9999999.000,-9999999.000,0.000,0.000,1.000,0,0,0,18,18,0,0,18,0.0,0,0,0.0,0.0,1.0
"F[0,2]((Magnesium <= 1.967 -> SaO2 >= 2.111) & SaO2 >= 2.469)
",-9999999.000,-9999999.000,0.000,0.000,1.000,0,0,0,18,18,0,0,18,0.0,0,0,0.0,0.0,1.0
"F[0,1]((O2Sat >= 93.264 & BaseExcess >= -2.454) | Hct <= 91.985)
",-9999999.000,-9999999.000,0.000,0.000,1.000,0,0,0,18,18,0,0,18,0.0,0,0,0.0,0.0,1.0
"F[0,0]((Platelets <= 28.851 & Phosphate >= 0.245) -> Chloride <= 5.460)
",-5.460,-5.460,0.000,0.000,1.000,0,0,0,18,18,0,0,18,0.0,0,0,0.0,0.0,1.0
"F[0,1]((Potassium <= 2.606 -> Calcium <= 3.455) -> Resp >= 0.169)
",-9999999.000,-9999999.000,0.000,0.000,1.000,0,0,0,18,18,0,0,18,0.0,0,0,0.0,0.0,1.0
"F[0,1](((Temp <= 30.810 & Hgb <= 8.878) -> Potassium <= 6.136) & SaO2 <= 1.222)
",-9999999.000,-9999999.000,0.000,0.000,1.000,0,0,0,18,18,0,0,18,0.0,0,0,0.0,0.0,1.0
"F[1,2]((O2Sat >= 94.282 | BaseExcess >= 1.187) & Alkalinephos <= 17.765)
",-9999999.000,-9999999.000,0.000,0.000,1.000,0,0,0,18,18,0,0,18,0.0,0,0,0.0,0.0,1.0
"F[0,2]((Lactate >= 0.027 | pH <= 4.274) & Phosphate >= 0.632)
",-9999999.000,-9999999.000,0.000,0.000,1.000,0,0,0,18,18,0,0,18,0.0,0,0,0.0,0.0,1.0
"F[0,1](((Bilirubin_total >= 0.000 | MAP >= 72.825) -> Glucose >= 71.867) | Hct <= 97.265)
",-9999999.000,-9999999.000,0.000,0.000,1.000,0,0,0,18,18,0,0,18,0.0,0,0,0.0,0.0,1.0
"F[0,2](((PTT <= 25.946 | Calcium >= 0.411) -> Glucose >= 0.281) & AST <= 1.750)
",-9999999.000,-9999999.000,0.000,0.000,1.000,0,0,0,18,18,0,0,18,0.0,0,0,0.0,0.0,1.0
"((MAP >= 77.425) U[1,2] (pH >= 0.671))
",-9999999.000,-9999999.000,0.000,0.000,1.000,0,0,0,18,18,0,0,18,0.0,0,0,0.0,0.0,1.0
"F[0,1](((Chloride >= 5.662 -> Platelets >= 3.405) & Temp <= 77.130) -> HCO3 <= 58.119)
",-9999999.000,-9999999.000,0.000,0.000,1.000,0,0,0,18,18,0,0,18,0.0,0,0,0.0,0.0,1.0
"((Chloride >= 2.193) U[2,2] (Platelets >= 8.684))
",-2.193,-2.193,0.000,0.000,1.000,0,0,0,18,18,0,0,18,0.0,0,0,0.0,0.0,1.0
"F[0,0](((Fibrinogen <= 0.000 & SepsisLabel <= 0.000) -> Temp <= 0.000) -> Fibrinogen >= 0.000)
",-0.250,-5.471,0.000,0.000,1.000,0,0,0,18,18,0,0,18,0.0,0,0,0.0,0.0,1.0
"F[0,2]((Glucose <= 30.313 & DBP >= 51.732) | Creatinine <= 58.171)
",-9999999.000,-9999999.000,0.000,0.000,1.000,0,0,0,18,18,0,0,18,0.0,0,0,0.0,0.0,1.0
"F[0,1](SepsisLabel <= 0.000 -> Calcium <= 4.458)
",-9999999.000,-9999999.000,0.000,0.000,1.000,0,0,0,18,18,0,0,18,0.0,0,0,0.0,0.0,1.0
"F[1,1]((SepsisLabel <= 0.000 | FiO2 <= 0.247) | Bilirubin_direct <= 0.468)
",0.468,0.468,0.000,0.000,1.000,0,0,0,18,18,0,0,18,0.0,0,0,0.0,0.0,1.0
"F[1,2](((MAP <= 94.164 & Lactate >= 0.031) | MAP >= 0.028) -> PTT >= 0.002)
",-9999999.000,-9999999.000,0.000,0.000,1.000,0,0,0,18,18,0,0,18,0.0,0,0,0.0,0.0,1.0
"F[2,2]((Fibrinogen <= 0.000 | Resp >= 13.792) | DBP <= 18.331)
",18.331,18.331,0.000,0.000,1.000,0,0,0,18,18,0,0,18,0.0,0,0,0.0,0.0,1.0
"F[2,2](Alkalinephos >= 0.000 -> Platelets <= 51.001)
",-51.001,-51.001,0.000,0.000,1.000,0,0,0,18,18,0,0,18,0.0,0,0,0.0,0.0,1.0
"F[1,2](((Calcium >= 0.136 & Potassium <= 2.270) -> Fibrinogen >= 0.151) & Glucose >= 0.181)
",-9999999.000,-9999999.000,0.000,0.000,1.000,0,0,0,18,18,0,0,18,0.0,0,0,0.0,0.0,1.0
"F[1,2]((Platelets >= 11.221 | Calcium >= 0.060) & SBP <= 8.096)
",-9999999.000,-9999999.000,0.000,0.000,1.000,0,0,0,18,18,0,0,18,0.0,0,0,0.0,0.0,1.0
"((MAP >= 71.047) U[0,2] (HR <= 77.858))
",-9999999.000,-9999999.000,0.000,0.000,1.000,0,0,0,18,18,0,0,18,0.0,0,0,0.0,0.0,1.0
"((Chloride >= 6.098) U[0,1] (Alkalinephos >= 0.000))
",-9999999.000,-9999999.000,0.000,0.000,1.000,0,0,0,18,18,0,0,18,0.0,0,0,0.0,0.0,1.0
"F[1,2](((Hgb >= 0.566 | Platelets <= 35.411) | Resp <= 70.757) -> PTT <= 31.963)
",-9999999.000,-9999999.000,0.000,0.000,1.000,0,0,0,18,18,0,0,18,0.0,0,0,0.0,0.0,1.0
"F[0,0]((Resp >= 14.478 & SepsisLabel >= 0.000) | AST <= 0.000)
",0.250,2.207,0.000,0.000,1.000,0,0,0,18,18,0,0,18,0.0,0,0,0.0,0.0,1.0
"F[2,2]((HR >= 65.141 -> FiO2 <= 0.802) | PTT <= 0.835)
",0.835,0.835,0.000,0.000,1.000,0,0,0,18,18,0,0,18,0.0,0,0,0.0,0.0,1.0
"F[2,2](((Bilirubin_direct <= 0.000 | Resp >= 11.464) & MAP >= 11.460) | Potassium >= 15.153)
",-11.460,-11.460,0.000,0.000,1.000,0,0,0,18,18,0,0,18,0.0,0,0,0.0,0.0,1.0
"((BUN >= 0.226) U[2,2] (TroponinI <= 0.000))
",0.000,0.000,0.000,0.000,1.000,0,0,0,18,18,0,0,18,0.0,0,0,0.0,0.0,1.0
"((Creatinine <= 1.987) U[0,2] (HCO3 >= 0.688))
",-9999999.000,-9999999.000,0.000,0.000,1.000,0,0,0,18,18,0,0,18,0.0,0,0,0.0,0.0,1.0
"F[2,2](Alkalinephos >= 0.000 | Hgb >= 0.280)
",0.000,0.000,0.000,0.000,1.000,0,0,0,18,18,0,0,18,0.0,0,0,0.0,0.0,1.0
"F[0,2]((pH >= 0.198 & Phosphate >= 0.164) -> FiO2 <= 3.841)
",-9999999.000,-9999999.000,0.000,0.000,1.000,0,0,0,18,18,0,0,18,0.0,0,0,0.0,0.0,1.0
"F[0,1]((Hgb >= 0.779 | Bilirubin_direct <= 0.000) & PTT <= 0.000)
",-9999999.000,-9999999.000,0.000,0.000,1.000,0,0,0,18,18,0,0,18,0.0,0,0,0.0,0.0,1.0
"F[0,1]((Fibrinogen >= 0.000 | HR <= 82.702) -> Bilirubin_direct <= 90.513)
",-9999999.000,-9999999.000,0.000,0.000,1.000,0,0,0,18,18,0,0,18,0.0,0,0,0.0,0.0,1.0
"F[0,2]((Chloride >= 1.102 -> O2Sat >= 97.133) & PTT <= 98.765)
",-9999999.000,-9999999.000,0.000,0.000,1.000,0,0,0,18,18,0,0,18,0.0,0,0,0.0,0.0,1.0
"F[0,1]((WBC >= 0.595 | BUN <= 45.329) -> Creatinine <= 29.314)
",-9999999.000,-9999999.000,0.000,0.000,1.000,0,0,0,18,18,0,0,18,0.0,0,0,0.0,0.0,1.0
"F[0,2](Hgb >= 0.374 | Bilirubin_direct >= 0.000)
",-9999999.000,-9999999.000,0.000,0.000,1.000,0,0,0,18,18,0,0,18,0.0,0,0,0.0,0.0,1.0
"F[1,2](((PaCO2 >= 3.367 | Alkalinephos <= 0.000) | WBC >= 0.000) -> Alkalinephos >= 0.000)
",-9999999.000,-9999999.000,0.000,0.000,1.000,0,0,0,18,18,0,0,18,0.0,0,0,0.0,0.0,1.0
"F[1,2]((Glucose <= 62.490 & SepsisLabel <= 0.000) & Resp >= 0.000)
",-9999999.000,-9999999.000,0.000,0.000,1.000,0,0,0,18,18,0,0,18,0.0,0,0,0.0,0.0,1.0
"((Hct >= 1.865) U[2,2] (MAP <= 93.316))
",93.316,93.316,0.000,0.000,1.000,0,0,0,18,18,0,0,18,0.0,0,0,0.0,0.0,1.0
"F[0,0](Hgb >= 0.923 | Bilirubin_total <= 0.000)
",0.363,2.986,0.000,0.000,1.000,0,0,0,18,18,0,0,18,0.0,0,0,0.0,0.0,1.0
"F[0,2](((Hct >= 2.598 -> PaCO2 >= 2.264) | EtCO2 <= 20.818) | SBP <= 10.717)
",-9999999.000,-9999999.000,0.000,0.000,1.000,0,0,0,18,18,0,0,18,0.0,0,0,0.0,0.0,1.0
"F[1,1]((HCO3 <= 12.939 | Lactate >= 0.013) | Magnesium >= 0.010)
",12.939,12.939,0.000,0.000,1.000,0,0,0,18,18,0,0,18,0.0,0,0,0.0,0.0,1.0
"F[0,2]((SBP >= 124.711 & SepsisLabel >= 0.000) | Calcium <= 0.000)
",-9999999.000,-9999999.000,0.000,0.000,1.000,0,0,0,18,18,0,0,18,0.0,0,0,0.0,0.0,1.0
"F[1,2]((Resp <= 20.918 | AST <= 0.000) | SepsisLabel <= 0.000)
",-9999999.000,-9999999.000,0.000,0.000,1.000,0,0,0,18,18,0,0,18,0.0,0,0,0.0,0.0,1.0
"F[0,2]((HR >= 67.755 | Magnesium >= 0.024) -> Bilirubin_direct <= 0.516)
",-9999999.000,-9999999.000,0.000,0.000,1.000,0,0,0,18,18,0,0,18,0.0,0,0,0.0,0.0,1.0
"F[1,1](((Hgb <= 8.113 -> Temp <= 24.547) -> Hgb <= 33.740) | Fibrinogen <= 23.748)
",23.748,23.748,0.000,0.000,1.000,0,0,0,18,18,0,0,18,0.0,0,0,0.0,0.0,1.0
"F[1,2](((HR <= 92.592 & pH <= 5.064) & O2Sat <= 1.394) -> Chloride <= 4.965)
",-9999999.000,-9999999.000,0.000,0.000,1.000,0,0,0,18,18,0,0,18,0.0,0,0,0.0,0.0,1.0
"((FiO2 <= 0.829) U[0,2] (Glucose <= 65.895))
",-9999999.000,-9999999.000,0.000,0.000,1.000,0,0,0,18,18,0,0,18,0.0,0,0,0.0,0.0,1.0
"F[2,2]((BUN >= 2.527 -> HR >= 72.657) & PTT >= 66.956)
",-66.956,-66.956,0.000,0.000,1.000,0,0,0,18,18,0,0,18,0.0,0,0,0.0,0.0,1.0
"F[0,1]((Bilirubin_direct <= 0.000 & Hgb >= 0.293) -> Fibrinogen >= 0.001)
",-9999999.000,-9999999.000,0.000,0.000,1.000,0,0,0,18,18,0,0,18,0.0,0,0,0.0,0.0,1.0
"F[2,2](((Lactate >= 0.026 & AST <= 0.000) | O2Sat <= 0.000) -> BaseExcess <= 0.000)
",0.000,0.000,0.000,0.000,1.000,0,0,0,18,18,0,0,18,0.0,0,0,0.0,0.0,1.0
"F[0,2](EtCO2 <= 0.000 & SBP >= 123.506)
",-9999999.000,-9999999.000,0.000,0.000,1.000,0,0,0,18,18,0,0,18,0.0,0,0,0.0,0.0,1.0
"F[0,2]((FiO2 <= 0.513 | TroponinI <= 0.000) -> PaCO2 <= 0.000)
",-9999999.000,-9999999.000,0.000,0.000,1.000,0,0,0,18,18,0,0,18,0.0,0,0,0.0,0.0,1.0
"F[0,1]((Calcium >= 0.301 -> Bilirubin_direct >= 0.000) & TroponinI >= 0.000)
",-9999999.000,-9999999.000,0.000,0.000,1.000,0,0,0,18,18,0,0,18,0.0,0,0,0.0,0.0,1.0
"F[0,2](FiO2 <= 0.974 -> TroponinI >= 0.000)
",-9999999.000,-9999999.000,0.000,0.000,1.000,0,0,0,18,18,0,0,18,0.0,0,0,0.0,0.0,1.0
"F[1,2]((Resp <= 16.642 | HCO3 <= 20.304) & Chloride >= 0.103)
",-9999999.000,-9999999.000,0.000,0.000,1.000,0,0,0,18,18,0,0,18,0.0,0,0,0.0,0.0,1.0
"((SaO2 <= 34.875) U[0,0] (SepsisLabel <= 0.000))
",3.299,31.405,0.000,0.000,1.000,0,0,0,18,18,0,0,18,0.0,0,0,0.0,0.0,1.0
"F[0,2](((HR <= 83.673 & SepsisLabel <= 0.000) & PTT <= 0.000) -> Magnesium >= 0.000)
",-9999999.000,-9999999.000,0.000,0.000,1.000,0,0,0,18,18,0,0,18,0.0,0,0,0.0,0.0,1.0
"F[1,2]((SaO2 >= 1.245 & HR <= 88.240) -> BUN >= 67.572)
",-9999999.000,-9999999.000,0.000,0.000,1.000,0,0,0,18,18,0,0,18,0.0,0,0,0.0,0.0,1.0
"F[0,2](((Magnesium <= 0.714 & pH >= 0.254) | FiO2 <= 7.236) | PTT >= 0.428)
",-9999999.000,-9999999.000,0.000,0.000,1.000,0,0,0,18,18,0,0,18,0.0,0,0,0.0,0.0,1.0
"F[2,2]((WBC >= 0.826 | Hct >= 0.416) | O2Sat >= 0.702)
",-0.416,-0.416,0.000,0.000,1.000,0,0,0,18,18,0,0,18,0.0,0,0,0.0,0.0,1.0
"F[1,1](BUN >= 2.028 -> Phosphate >= 0.281)
",0.281,0.281,0.000,0.000,1.000,0,0,0,18,18,0,0,18,0.0,0,0,0.0,0.0,1.0
"((Fibrinogen >= 0.000) U[1,2] (TroponinI >= 0.000))
",-9999999.000,-9999999.000,0.000,0.000,1.000,0,0,0,18,18,0,0,18,0.0,0,0,0.0,0.0,1.0
"F[1,1]((Bilirubin_total <= 0.000 | Fibrinogen >= 0.000) | Chloride >= 0.000)
",0.000,0.000,0.000,0.000,1.000,0,0,0,18,18,0,0,18,0.0,0,0,0.0,0.0,1.0
"((Platelets >= 9.792) U[2,2] (Glucose <= 81.824))
",81.824,81.824,0.000,0.000,1.000,0,0,0,18,18,0,0,18,0.0,0,0,0.0,0.0,1.0
"F[0,1](Glucose <= 116.147 | SBP >= 120.185)
",-9999999.000,-9999999.000,0.000,0.000,1.000,0,0,0,18,18,0,0,18,0.0,0,0,0.0,0.0,1.0
"F[0,1]((Chloride <= 71.586 | EtCO2 >= 0.000) -> Platelets <= 0.000)
",-9999999.000,-9999999.000,0.000,0.000,1.000,0,0,0,18,18,0,0,18,0.0,0,0,0.0,0.0,1.0
"F[0,1](((FiO2 >= 0.057 -> pH <= 3.398) -> Platelets >= 0.317) -> SaO2 >= 0.702)
",-9999999.000,-9999999.000,0.000,0.000,1.000,0,0,0,18,18,0,0,18,0.0,0,0,0.0,0.0,1.0
"F[0,2](((Glucose <= 23.873 | HR <= 88.031) | Platelets <= 80.932) -> SaO2 <= 86.557)
",-9999999.000,-9999999.000,0.000,0.000,1.000,0,0,0,18,18,0,0,18,0.0,0,0,0.0,0.0,1.0
"F[0,2](O2Sat <= 99.190 -> SepsisLabel = 0.000)
",-9999999.000,-9999999.000,0.000,0.000,1.000,0,0,0,18,18,0,0,18,0.0,0,0,0.0,0.0,1.0
"((Hgb < 8.376) U[0,2] (SepsisLabel = 0.000))
",-9999999.000,-9999999.000,0.000,0.000,1.000,0,0,0,18,18,0,0,18,0.0,0,0,0.0,0.0,1.0
"F[1,1](Temp <= 13.782 -> SepsisLabel = 0.000)
",-13.782,-13.782,0.000,0.000,1.000,0,0,0,18,18,0,0,18,0.0,0,0,0.0,0.0,1.0
"F[0,1](Bilirubin_total > 0.000 -> SepsisLabel = 0.000)
",-9999999.000,-9999999.000,0.000,0.000,1.000,0,0,0,18,18,0,0,18,0.0,0,0,0.0,0.0,1.0
"F[2,2](Platelets < 49.472 -> SepsisLabel = 0.000)
",-49.472,-49.472,0.000,0.000,1.000,0,0,0,18,18,0,0,18,0.0,0,0,0.0,0.0,1.0
"F[0,2](BUN <= 42.087 & SepsisLabel = 0.000)
",-9999999.000,-9999999.000,0.000,0.000,1.000,0,0,0,18,18,0,0,18,0.0,0,0,0.0,0.0,1.0
"((DBP > 53.649) U[2,2] (SepsisLabel = 0.000))
",0.000,0.000,0.000,0.000,1.000,0,0,0,18,18,0,0,18,0.0,0,0,0.0,0.0,1.0
"((EtCO2 >= 0.000) U[0,0] (SepsisLabel = 0.000))
",5.976,16.382,0.000,0.000,1.000,0,0,0,18,18,0,0,18,0.0,0,0,0.0,0.0,1.0
"F[1,2](Fibrinogen < 0.000 & SepsisLabel = 0.000)
",-9999999.000,-9999999.000,0.000,0.000,1.000,0,0,0,18,18,0,0,18,0.0,0,0,0.0,0.0,1.0
"((PaCO2 > 1.813) U[0,1] (SepsisLabel = 0.000))
",-9999999.000,-9999999.000,0.000,0.000,1.000,0,0,0,18,18,0,0,18,0.0,0,0,0.0,0.0,1.0
"F[2,2](O2Sat >= 93.504 -> SepsisLabel = 0.000)
",0.000,0.000,0.000,0.000,1.000,0,0,0,18,18,0,0,18,0.0,0,0,0.0,0.0,1.0
"F[1,2](Fibrinogen < 0.000 & SepsisLabel = 0.000)
",-9999999.000,-9999999.000,0.000,0.000,1.000,0,0,0,18,18,0,0,18,0.0,0,0,0.0,0.0,1.0
"F[0,2](FiO2 > 0.109 & SepsisLabel = 0.000)
",-9999999.000,-9999999.000,0.000,0.000,1.000,0,0,0,18,18,0,0,18,0.0,0,0,0.0,0.0,1.0
"((BUN < 10.424) U[0,2] (SepsisLabel = 0.000))
",-9999999.000,-9999999.000,0.000,0.000,1.000,0,0,0,18,18,0,0,18,0.0,0,0,0.0,0.0,1.0
"((Chloride > 5.167) U[0,2] (SepsisLabel = 0.000))
",-9999999.000,-9999999.000,0.000,0.000,1.000,0,0,0,18,18,0,0,18,0.0,0,0,0.0,0.0,1.0
"((HCO3 < 20.300) U[2,2] (SepsisLabel = 0.000))
",20.300,20.300,0.000,0.000,1.000,0,0,0,18,18,0,0,18,0.0,0,0,0.0,0.0,1.0
"((HR <= 92.890) U[0,2] (SepsisLabel = 0.000))
",-9999999.000,-9999999.000,0.000,0.000,1.000,0,0,0,18,18,0,0,18,0.0,0,0,0.0,0.0,1.0
"((MAP >= 75.857) U[0,1] (SBP <= 143.639))
",-9999999.000,-9999999.000,0.000,0.000,1.000,0,0,0,18,18,0,0,18,0.0,0,0,0.0,0.0,1.0
"F[0,0]((BUN >= 1.070 & PTT >= 1.543) | FiO2 <= 27.638)
",27.638,27.638,0.000,0.000,1.000,0,0,0,18,18,0,0,18,0.0,0,0,0.0,0.0,1.0
"F[0,2](Hgb >= 0.449 -> Platelets >= 0.762)
",-9999999.000,-9999999.000,0.000,0.000,1.000,0,0,0,18,18,0,0,18,0.0,0,0,0.0,0.0,1.0
"F[0,2]((Calcium <= 7.002 & Magnesium >= 0.088) & FiO2 >= 0.003)
",-9999999.000,-9999999.000,0.000,0.000,1.000,0,0,0,18,18,0,0,18,0.0,0,0,0.0,0.0,1.0
"F[0,2](((HCO3 >= 0.705 & Magnesium <= 2.185) -> MAP >= 0.073) & Phosphate <= 0.591)
",-9999999.000,-9999999.000,0.000,0.000,1.000,0,0,0,18,18,0,0,18,0.0,0,0,0.0,0.0,1.0
"F[2,2]((Creatinine <= 0.611 | PTT <= 30.878) -> EtCO2 >= 0.137)
",-8691392157220412.000,-30.878,0.000,0.000,1.000,0,0,0,18,18,0,0,18,0.0,0,0,0.0,0.0,1.0
"F[1,2]((BUN >= 1.935 | HCO3 >= 0.450) | O2Sat >= 0.872)
",-9999999.000,-9999999.000,0.000,0.000,1.000,0,0,0,18,18,0,0,18,0.0,0,0,0.0,0.0,1.0
"F[1,2](((Magnesium <= 0.502 -> Phosphate >= 0.101) | Platelets >= 0.086) | Hgb >= 0.074)
",-9999999.000,-9999999.000,0.000,0.000,1.000,0,0,0,18,18,0,0,18,0.0,0,0,0.0,0.0,1.0
"F[0,1](((Creatinine >= 0.108 & Phosphate <= 1.508) -> Fibrinogen <= 2.049) | PTT >= 0.200)
",-9999999.000,-9999999.000,0.000,0.000,1.000,0,0,0,18,18,0,0,18,0.0,0,0,0.0,0.0,1.0
"((Alkalinephos > 0.000) U[0,0] (SepsisLabel = 0.000))
",0.000,0.000,0.000,0.000,1.000,0,0,0,18,18,0,0,18,0.0,0,0,0.0,0.0,1.0
"F[1,1]((Phosphate <= 3.028 -> PTT >= 1.372) -> EtCO2 <= 19.948)
",-19.948,-19.948,0.000,0.000,1.000,0,0,0,18,18,0,0,18,0.0,0,0,0.0,0.0,1.0
"F[0,2](Creatinine <= 0.829 | HCO3 <= 18.165)
",-9999999.000,-9999999.000,0.000,0.000,1.000,0,0,0,18,18,0,0,18,0.0,0,0,0.0,0.0,1.0
"F[0,2]((BUN <= 25.073 | Phosphate <= 4.381) & WBC >= 0.300)
",-9999999.000,-9999999.000,0.000,0.000,1.000,0,0,0,18,18,0,0,18,0.0,0,0,0.0,0.0,1.0
"((Glucose < 122.854) U[0,0] (SepsisLabel = 0.000))
",122.854,122.854,0.000,0.000,1.000,0,0,0,18,18,0,0,18,0.0,0,0,0.0,0.0,1.0
"((SepsisLabel <= 0.000) U[0,1] (SepsisLabel = 0.000))
",-9999999.000,-9999999.000,0.000,0.000,1.000,0,0,0,18,18,0,0,18,0.0,0,0,0.0,0.0,1.0
"F[0,1](Alkalinephos > 0.000 -> SepsisLabel = 0.000)
",-9999999.000,-9999999.000,0.000,0.000,1.000,0,0,0,18,18,0,0,18,0.0,0,0,0.0,0.0,1.0
"F[0,0](BaseExcess >= 1.602 -> SepsisLabel = 0.000)
",0.250,0.094,0.000,0.000,1.000,0,0,0,18,18,0,0,18,0.0,0,0,0.0,0.0,1.0
"F[0,1]((Phosphate >= 0.256 & Magnesium > 0.114) -> Calcium < 1.854)
",-9999999.000,-9999999.000,0.000,0.000,1.000,0,0,0,18,18,0,0,18,0.0,0,0,0.0,0.0,1.0
"F[0,0](((PaCO2 <= 21.733 | Platelets <= 59.528) & Potassium >= 4.290) -> SepsisLabel <= 41.460)
",-3.601,-38.769,0.000,0.000,1.000,0,0,0,18,18,0,0,18,0.0,0,0,0.0,0.0,1.0
"F[0,1](Hgb <= 5.598 | Hct <= 9.079)
",-9999999.000,-9999999.000,0.000,0.000,1.000,0,0,0,18,18,0,0,18,0.0,0,0,0.0,0.0,1.0
"F[2,2]((Phosphate >= 0.069 & Magnesium > 0.116) -> Calcium < 2.186)
",-2.186,-2.186,0.000,0.000,1.000,0,0,0,18,18,0,0,18,0.0,0,0,0.0,0.0,1.0
"F[0,2](((Calcium < 3.054 & Potassium < 0.631) & Magnesium < 0.561) & Phosphate < 0.678)
",-9999999.000,-9999999.000,0.000,0.000,1.000,0,0,0,18,18,0,0,18,0.0,0,0,0.0,0.0,1.0
"F[1,2]((Calcium <= 4.414 & Potassium <= 1.072) & Magnesium >= 0.102)
",-9999999.000,-9999999.000,0.000,0.000,1.000,0,0,0,18,18,0,0,18,0.0,0,0,0.0,0.0,1.0
"F[0,0](Hgb <= 3.682 | Hct <= 27.877)
",27.877,27.877,0.000,0.000,1.000,0,0,0,18,18,0,0,18,0.0,0,0,0.0,0.0,1.0
"F[2,2](((Calcium < 5.425 & Potassium < 4.680) & Magnesium < 2.228) & Phosphate < 3.768)
",2.228,2.228,0.000,0.000,1.000,0,0,0,18,18,0,0,18,0.0,0,0,0.0,0.0,1.0
"F[0,2]((Calcium <= 1.573 & Potassium <= 2.807) & Magnesium >= 0.105)
",-9999999.000,-9999999.000,0.000,0.000,1.000,0,0,0,18,18,0,0,18,0.0,0,0,0.0,0.0,1.0
"F[0,2]((Phosphate >= 0.290 & Magnesium > 0.017) -> Calcium < 1.828)
",-9999999.000,-9999999.000,0.000,0.000,1.000,0,0,0,18,18,0,0,18,0.0,0,0,0.0,0.0,1.0
"F[1,2](Hgb <= 4.762 | Hct <= 28.439)
",-9999999.000,-9999999.000,0.000,0.000,1.000,0,0,0,18,18,0,0,18,0.0,0,0,0.0,0.0,1.0
"F[2,2](((Calcium < 8.398 & Potassium < 1.511) & Magnesium < 1.618) & Phosphate < 4.705)
",1.511,1.511,0.000,0.000,1.000,0,0,0,18,18,0,0,18,0.0,0,0,0.0,0.0,1.0
"F[2,2]((Calcium <= 2.467 & Potassium <= 1.961) & Magnesium >= 0.049)
",-0.049,-0.049,0.000,0.000,1.000,0,0,0,18,18,0,0,18,0.0,0,0,0.0,0.0,1.0
"F[1,2](Hgb <= 3.439 | Hct <= 17.888)
",-9999999.000,-9999999.000,0.000,0.000,1.000,0,0,0,18,18,0,0,18,0.0,0,0,0.0,0.0,1.0
"((MAP >= 71.778) U[0,1] (SBP <= 140.389))
",-9999999.000,-9999999.000,0.000,0.000,1.000,0,0,0,18,18,0,0,18,0.0,0,0,0.0,0.0,1.0
"F[0,1]((Phosphate >= 0.035 & Magnesium > 0.099) -> Calcium < 8.002)
",-9999999.000,-9999999.000,0.000,0.000,1.000,0,0,0,18,18,0,0,18,0.0,0,0,0.0,0.0,1.0
"F[0,1](((Calcium < 6.019 & Potassium < 4.148) & Magnesium < 0.388) & Phosphate < 2.737)
",-9999999.000,-9999999.000,0.000,0.000,1.000,0,0,0,18,18,0,0,18,0.0,0,0,0.0,0.0,1.0
"((MAP >= 77.383) U[2,2] (SBP <= 154.128))
",154.128,154.128,0.000,0.000,1.000,0,0,0,18,18,0,0,18,0.0,0,0,0.0,0.0,1.0
"F[2,2](((Calcium < 8.365 & Potassium < 3.385) & Magnesium < 0.325) & Phosphate < 5.308)
",0.325,0.325,0.000,0.000,1.000,0,0,0,18,18,0,0,18,0.0,0,0,0.0,0.0,1.0
"F[1,2]((Calcium <= 3.668 & Potassium <= 4.369) & Magnesium >= 0.044)
",-9999999.000,-9999999.000,0.000,0.000,1.000,0,0,0,18,18,0,0,18,0.0,0,0,0.0,0.0,1.0
"F[0,2]((Calcium <= 3.237 & Potassium <= 0.582) & Magnesium >= 0.058)
",-9999999.000,-9999999.000,0.000,0.000,1.000,0,0,0,18,18,0,0,18,0.0,0,0,0.0,0.0,1.0
"F[1,2](Hgb <= 9.969 | Hct <= 22.476)
",-9999999.000,-9999999.000,0.000,0.000,1.000,0,0,0,18,18,0,0,18,0.0,0,0,0.0,0.0,1.0
"((MAP >= 72.578) U[0,2] (SBP <= 146.009))
",-9999999.000,-9999999.000,0.000,0.000,1.000,0,0,0,18,18,0,0,18,0.0,0,0,0.0,0.0,1.0
"F[0,1]((Phosphate >= 0.021 & Magnesium > 0.030) -> Calcium < 5.328)
",-9999999.000,-9999999.000,0.000,0.000,1.000,0,0,0,18,18,0,0,18,0.0,0,0,0.0,0.0,1.0
"F[0,2]((Calcium <= 6.929 & Potassium <= 3.926) & Magnesium >= 0.120)
",-9999999.000,-9999999.000,0.000,0.000,1.000,0,0,0,18,18,0,0,18,0.0,0,0,0.0,0.0,1.0
"F[0,2]((Phosphate >= 0.141 & Magnesium > 0.026) -> Calcium < 5.548)
",-9999999.000,-9999999.000,0.000,0.000,1.000,0,0,0,18,18,0,0,18,0.0,0,0,0.0,0.0,1.0
"F[0,2](((Calcium < 4.095 & Potassium < 2.668) & Magnesium < 1.859) & Phosphate < 3.210)
",-9999999.000,-9999999.000,0.000,0.000,1.000,0,0,0,18,18,0,0,18,0.0,0,0,0.0,0.0,1.0
"F[0,0](Hgb <= 8.499 | Hct <= 18.459)
",18.459,18.459,0.000,0.000,1.000,0,0,0,18,18,0,0,18,0.0,0,0,0.0,0.0,1.0
"F[0,2](Hgb <= 5.938 | Hct <= 5.292)
",-9999999.000,-9999999.000,0.000,0.000,1.000,0,0,0,18,18,0,0,18,0.0,0,0,0.0,0.0,1.0
"F[2,2]((Phosphate >= 0.294 & Magnesium > 0.016) -> Calcium < 6.061)
",-6.061,-6.061,0.000,0.000,1.000,0,0,0,18,18,0,0,18,0.0,0,0,0.0,0.0,1.0
"F[0,1](((Calcium < 5.383 & Potassium < 0.440) & Magnesium < 1.676) & Phosphate < 3.379)
",-9999999.000,-9999999.000,0.000,0.000,1.000,0,0,0,18,18,0,0,18,0.0,0,0,0.0,0.0,1.0
"F[0,2](Hgb <= 8.066 | Hct <= 20.480)
",-9999999.000,-9999999.000,0.000,0.000,1.000,0,0,0,18,18,0,0,18,0.0,0,0,0.0,0.0,1.0
"((MAP >= 74.115) U[0,1] (SBP <= 150.359))
",-9999999.000,-9999999.000,0.000,0.000,1.000,0,0,0,18,18,0,0,18,0.0,0,0,0.0,0.0,1.0
"F[0,1]((Phosphate >= 0.081 & Magnesium > 0.073) -> Calcium < 6.949)
",-9999999.000,-9999999.000,0.000,0.000,1.000,0,0,0,18,18,0,0,18,0.0,0,0,0.0,0.0,1.0
"F[1,2](((Calcium < 6.751 & Potassium < 3.911) & Magnesium < 1.256) & Phosphate < 0.590)
",-9999999.000,-9999999.000,0.000,0.000,1.000,0,0,0,18,18,0,0,18,0.0,0,0,0.0,0.0,1.0
"F[2,2](((MAP >= 76.483 | SBP >= 128.411) & pH <= 152.667) -> PaCO2 <= 148.292)
",-148.292,-148.292,0.000,0.000,1.000,0,0,0,18,18,0,0,18,0.0,0,0,0.0,0.0,1.0
"F[1,2]((BUN >= 0.977 -> Glucose <= 54.778) | Temp <= 123.922)
",-9999999.000,-9999999.000,0.000,0.000,1.000,0,0,0,18,18,0,0,18,0.0,0,0,0.0,0.0,1.0
"F[1,1]((Glucose <= 34.783 & PTT >= 0.636) -> SBP >= 0.418)
",0.418,0.418,0.000,0.000,1.000,0,0,0,18,18,0,0,18,0.0,0,0,0.0,0.0,1.0
"F[1,2]((FiO2 >= 0.084 -> SBP >= 129.585) | Creatinine >= 127.591)
",-9999999.000,-9999999.000,0.000,0.000,1.000,0,0,0,18,18,0,0,18,0.0,0,0,0.0,0.0,1.0
"F[1,2]((DBP >= 55.658 & Glucose >= 9.975) & Creatinine <= 30.405)
",-9999999.000,-9999999.000,0.000,0.000,1.000,0,0,0,18,18,0,0,18,0.0,0,0,0.0,0.0,1.0
"F[1,2]((Calcium <= 7.012 & Potassium <= 2.959) & Magnesium >= 0.028)
",-9999999.000,-9999999.000,0.000,0.000,1.000,0,0,0,18,18,0,0,18,0.0,0,0,0.0,0.0,1.0
"F[1,2](((MAP >= 77.750 | Potassium <= 1.915) -> Alkalinephos <= 2.193) -> Platelets <= 3.661)
",-9999999.000,-9999999.000,0.000,0.000,1.000,0,0,0,18,18,0,0,18,0.0,0,0,0.0,0.0,1.0
"F[0,2](Hct >= 0.620 | Lactate <= 0.813)
",-9999999.000,-9999999.000,0.000,0.000,1.000,0,0,0,18,18,0,0,18,0.0,0,0,0.0,0.0,1.0
"F[0,2]((SaO2 >= 2.407 -> SBP <= 146.419) & Potassium >= 128.431)
",-9999999.000,-9999999.000,0.000,0.000,1.000,0,0,0,18,18,0,0,18,0.0,0,0,0.0,0.0,1.0
"F[0,2]((Lactate >= 0.030 & SBP <= 134.430) & HR <= 146.803)
",-9999999.000,-9999999.000,0.000,0.000,1.000,0,0,0,18,18,0,0,18,0.0,0,0,0.0,0.0,1.0
"F[0,2](Creatinine <= 2.523 & PaCO2 <= 23.595)
",-9999999.000,-9999999.000,0.000,0.000,1.000,0,0,0,18,18,0,0,18,0.0,0,0,0.0,0.0,1.0
"F[1,1]((Glucose >= 0.032 | Resp <= 19.463) | FiO2 <= 16.717)
",19.463,19.463,0.000,0.000,1.000,0,0,0,18,18,0,0,18,0.0,0,0,0.0,0.0,1.0
"F[0,2]((DBP <= 65.831 & Platelets >= 5.196) -> PaCO2 <= 90.875)
",-9999999.000,-9999999.000,0.000,0.000,1.000,0,0,0,18,18,0,0,18,0.0,0,0,0.0,0.0,1.0
"F[1,2](Resp <= 17.853 & Temp >= 10.069)
",-9999999.000,-9999999.000,0.000,0.000,1.000,0,0,0,18,18,0,0,18,0.0,0,0,0.0,0.0,1.0
"((DBP >= 52.536) U[0,2] (WBC <= 6.417))
",-9999999.000,-9999999.000,0.000,0.000,1.000,0,0,0,18,18,0,0,18,0.0,0,0,0.0,0.0,1.0
"F[0,2](((HCO3 <= 18.803 | pH <= 2.111) | Potassium >= 0.087) | DBP <= 1.830)
",-9999999.000,-9999999.000,0.000,0.000,1.000,0,0,0,18,18,0,0,18,0.0,0,0,0.0,0.0,1.0
"F[1,2]((BUN >= 1.682 | PaCO2 <= 22.603) | HCO3 >= 1.371)
",-9999999.000,-9999999.000,0.000,0.000,1.000,0,0,0,18,18,0,0,18,0.0,0,0,0.0,0.0,1.0
"((MAP <= 81.005) U[0,2] (WBC <= 5.184))
",-9999999.000,-9999999.000,0.000,0.000,1.000,0,0,0,18,18,0,0,18,0.0,0,0,0.0,0.0,1.0
"F[1,2]((MAP <= 98.625 -> Phosphate >= 0.154) -> Bilirubin_direct <= 3.595)
",-9999999.000,-9999999.000,0.000,0.000,1.000,0,0,0,18,18,0,0,18,0.0,0,0,0.0,0.0,1.0
"((O2Sat <= 98.671) U[2,2] (SaO2 <= 47.608))
",98.671,98.671,0.000,0.000,1.000,0,0,0,18,18,0,0,18,0.0,0,0,0.0,0.0,1.0
"F[0,2](((Glucose >= 6.264 | HCO3 >= 1.069) | DBP >= 0.157) -> Alkalinephos <= 5.729)
",-9999999.000,-9999999.000,0.000,0.000,1.000,0,0,0,18,18,0,0,18,0.0,0,0,0.0,0.0,1.0
"F[0,1](Chloride >= 9.206 -> Temp >= 10.184)
",-9999999.000,-9999999.000,0.000,0.000,1.000,0,0,0,18,18,0,0,18,0.0,0,0,0.0,0.0,1.0
"F[2,2](((O2Sat <= 99.711 -> PaCO2 <= 5.606) -> Bilirubin_direct <= 5.442) & DBP >= 1.647)
",-5.442,-5.442,0.000,0.000,1.000,0,0,0,18,18,0,0,18,0.0,0,0,0.0,0.0,1.0
"F[2,2]((BaseExcess <= 99.415 & pH <= 2.032) & DBP <= 7.179)
",2.032,2.032,0.000,0.000,1.000,0,0,0,18,18,0,0,18,0.0,0,0,0.0,0.0,1.0
"F[1,2](Glucose >= 5.712 | O2Sat <= 97.210)
",-9999999.000,-9999999.000,0.000,0.000,1.000,0,0,0,18,18,0,0,18,0.0,0,0,0.0,0.0,1.0
"F[0,2]((MAP <= 93.555 -> SaO2 <= 39.308) & Bilirubin_total <= 45.870)
",-9999999.000,-9999999.000,0.000,0.000,1.000,0,0,0,18,18,0,0,18,0.0,0,0,0.0,0.0,1.0
"((Resp <= 17.789) U[2,2] (SaO2 >= 0.368))
",17.789,17.789,0.000,0.000,1.000,0,0,0,18,18,0,0,18,0.0,0,0,0.0,0.0,1.0
"((DBP <= 64.944) U[2,2] (Magnesium <= 0.208))
",64.944,64.944,0.000,0.000,1.000,0,0,0,18,18,0,0,18,0.0,0,0,0.0,0.0,1.0
"F[0,2](((Potassium >= 0.348 | Temp <= 22.886) & DBP >= 6.078) & PaCO2 <= 16.302)
",-9999999.000,-9999999.000,0.000,0.000,1.000,0,0,0,18,18,0,0,18,0.0,0,0,0.0,0.0,1.0
"F[0,1]((Chloride <= 68.956 | pH >= 0.266) | Magnesium <= 2.312)
",-9999999.000,-9999999.000,0.000,0.000,1.000,0,0,0,18,18,0,0,18,0.0,0,0,0.0,0.0,1.0
"F[1,2](BUN >= 1.410 -> DBP <= 59.220)
",-9999999.000,-9999999.000,0.000,0.000,1.000,0,0,0,18,18,0,0,18,0.0,0,0,0.0,0.0,1.0
"F[1,2](DBP <= 60.773 & HCO3 <= 1.192)
",-9999999.000,-9999999.000,0.000,0.000,1.000,0,0,0,18,18,0,0,18,0.0,0,0,0.0,0.0,1.0
"F[0,1](((BaseExcess <= 81.464 | O2Sat <= 99.773) -> Platelets >= 96.272) | Lactate <= 99.834)
",-9999999.000,-9999999.000,0.000,0.000,1.000,0,0,0,18,18,0,0,18,0.0,0,0,0.0,0.0,1.0
"F[1,2]((Chloride <= 35.500 | Resp >= 13.475) -> Calcium >= 12.938)
",-9999999.000,-9999999.000,0.000,0.000,1.000,0,0,0,18,18,0,0,18,0.0,0,0,0.0,0.0,1.0
"F[1,2]((FiO2 >= 0.173 -> Resp <= 18.699) & Hgb >= 14.547)
",-9999999.000,-9999999.000,0.000,0.000,1.000,0,0,0,18,18,0,0,18,0.0,0,0,0.0,0.0,1.0
"F[1,2](((Lactate >= 0.021 & Temp >= 5.404) -> HCO3 >= 1.996) -> Fibrinogen >= 10.490)
",-9999999.000,-9999999.000,0.000,0.000,1.000,0,0,0,18,18,0,0,18,0.0,0,0,0.0,0.0,1.0
"F[1,2](pH <= 2.456 | Phosphate <= 2.557)
",-9999999.000,-9999999.000,0.000,0.000,1.000,0,0,0,18,18,0,0,18,0.0,0,0,0.0,0.0,1.0
"F[0,2](((Hgb <= 3.056 & Lactate <= 0.673) | pH <= 0.389) & PaCO2 >= 0.015)
",-9999999.000,-9999999.000,0.000,0.000,1.000,0,0,0,18,18,0,0,18,0.0,0,0,0.0,0.0,1.0
"F[0,2]((Calcium >= 0.330 -> SBP >= 126.612) -> Potassium >= 128.057)
",-9999999.000,-9999999.000,0.000,0.000,1.000,0,0,0,18,18,0,0,18,0.0,0,0,0.0,0.0,1.0
"((Creatinine >= 0.004) U[0,1] (Platelets <= 50.713))
",-9999999.000,-9999999.000,0.000,0.000,1.000,0,0,0,18,18,0,0,18,0.0,0,0,0.0,0.0,1.0
"((Calcium <= 2.299) U[0,2] (Hgb >= 0.165))
",-9999999.000,-9999999.000,0.000,0.000,1.000,0,0,0,18,18,0,0,18,0.0,0,0,0.0,0.0,1.0
"F[0,0]((BUN <= 41.410 -> WBC <= 3.508) -> FiO2 <= 6.060)
",-6.060,-6.060,0.000,0.000,1.000,0,0,0,18,18,0,0,18,0.0,0,0,0.0,0.0,1.0
"F[0,1]((Hct <= 20.551 & Potassium >= 0.298) -> Platelets <= 1.443)
",-9999999.000,-9999999.000,0.000,0.000,1.000,0,0,0,18,18,0,0,18,0.0,0,0,0.0,0.0,1.0
"F[0,0](HCO3 <= 6.426 | SaO2 >= 1.105)
",1.147,8.567,0.000,0.000,1.000,0,0,0,18,18,0,0,18,0.0,0,0,0.0,0.0,1.0
"((Magnesium <= 1.562) U[1,2] (Platelets >= 5.621))
",-9999999.000,-9999999.000,0.000,0.000,1.000,0,0,0,18,18,0,0,18,0.0,0,0,0.0,0.0,1.0
"F[1,2]((Phosphate >= 0.083 -> Platelets >= 0.561) -> BaseExcess <= 93.326)
",-9999999.000,-9999999.000,0.000,0.000,1.000,0,0,0,18,18,0,0,18,0.0,0,0,0.0,0.0,1.0
"F[0,0]((HCO3 <= 12.892 | Platelets >= 0.421) -> Hct <= 32.745)
",-32.745,-32.745,0.000,0.000,1.000,0,0,0,18,18,0,0,18,0.0,0,0,0.0,0.0,1.0
"F[0,2]((Magnesium >= 0.032 & SBP >= 120.121) | Resp >= 126.154)
",-9999999.000,-9999999.000,0.000,0.000,1.000,0,0,0,18,18,0,0,18,0.0,0,0,0.0,0.0,1.0
"F[0,2]((Creatinine <= 0.970 -> Lactate >= 0.012) -> FiO2 <= 1.087)
",-9999999.000,-9999999.000,0.000,0.000,1.000,0,0,0,18,18,0,0,18,0.0,0,0,0.0,0.0,1.0
"F[1,2](Lactate >= 0.020 | Phosphate >= 0.225)
",-9999999.000,-9999999.000,0.000,0.000,1.000,0,0,0,18,18,0,0,18,0.0,0,0,0.0,0.0,1.0
"F[1,1](((Potassium <= 4.563 -> PTT >= 1.425) -> pH <= 14.146) | Temp <= 16.529)
",16.529,16.529,0.000,0.000,1.000,0,0,0,18,18,0,0,18,0.0,0,0,0.0,0.0,1.0
"F[0,2](BUN >= 1.566 | Potassium <= 1.432)
",-9999999.000,-9999999.000,0.000,0.000,1.000,0,0,0,18,18,0,0,18,0.0,0,0,0.0,0.0,1.0
"F[0,1](((Chloride <= 13.663 -> PTT <= 5.519) -> Potassium <= 19.624) -> Resp >= 1.480)
",-9999999.000,-9999999.000,0.000,0.000,1.000,0,0,0,18,18,0,0,18,0.0,0,0,0.0,0.0,1.0
"F[0,2]((Chloride <= 43.068 -> Phosphate <= 4.861) -> AST <= 1.269)
",-9999999.000,-9999999.000,0.000,0.000,1.000,0,0,0,18,18,0,0,18,0.0,0,0,0.0,0.0,1.0
"F[0,2]((BUN >= 1.059 -> Hgb <= 1.307) -> BaseExcess <= 9.570)
",-9999999.000,-9999999.000,0.000,0.000,1.000,0,0,0,18,18,0,0,18,0.0,0,0,0.0,0.0,1.0
"F[0,2](Hgb >= 0.244 -> Phosphate <= 2.477)
",-9999999.000,-9999999.000,0.000,0.000,1.000,0,0,0,18,18,0,0,18,0.0,0,0,0.0,0.0,1.0
"F[1,2](((Hgb <= 2.882 | PTT >= 1.674) & Glucose <= 11.548) -> Glucose <= 6.028)
",-9999999.000,-9999999.000,0.000,0.000,1.000,0,0,0,18,18,0,0,18,0.0,0,0,0.0,0.0,1.0
"F[0,2](((Glucose >= 10.153 & pH >= 0.563) & Phosphate <= 5.327) & O2Sat <= 2.934)
",-9999999.000,-9999999.000,0.000,0.000,1.000,0,0,0,18,18,0,0,18,0.0,0,0,0.0,0.0,1.0
"((Glucose <= 69.875) U[2,2] (PaCO2 >= 1.409))
",69.875,69.875,0.000,0.000,1.000,0,0,0,18,18,0,0,18,0.0,0,0,0.0,0.0,1.0
"F[1,2](((Potassium >= 0.012 -> SaO2 <= 42.123) | Hct <= 33.789) & SepsisLabel <= 64.281)
",-9999999.000,-9999999.000,0.000,0.000,1.000,0,0,0,18,18,0,0,18,0.0,0,0,0.0,0.0,1.0
"F[1,2](Calcium >= 0.328 -> Hct <= 5.921)
",-9999999.000,-9999999.000,0.000,0.000,1.000,0,0,0,18,18,0,0,18,0.0,0,0,0.0,0.0,1.0
"F[2,2](((Creatinine >= 0.128 -> Hct <= 8.062) & Bilirubin_total >= 0.382) & Hct >= 3.000)
",-8.062,-8.062,0.000,0.000,1.000,0,0,0,18,18,0,0,18,0.0,0,0,0.0,0.0,1.0
"F[0,2]((BUN <= 31.639 & Hct <= 19.392) -> Temp <= 14.030)
",-9999999.000,-9999999.000,0.000,0.000,1.000,0,0,0,18,18,0,0,18,0.0,0,0,0.0,0.0,1.0
"F[0,2](((Hct <= 25.312 -> Phosphate >= 0.244) -> AST >= 0.046) | TroponinI >= 0.009)
",-9999999.000,-9999999.000,0.000,0.000,1.000,0,0,0,18,18,0,0,18,0.0,0,0,0.0,0.0,1.0
"F[2,2]((Lactate <= 0.338 -> pH >= 0.612) -> Lactate >= 0.415)
",0.338,0.338,0.000,0.000,1.000,0,0,0,18,18,0,0,18,0.0,0,0,0.0,0.0,1.0
"F[0,1]((pH >= 0.040 | SaO2 <= 55.922) | EtCO2 >= 0.655)
",-9999999.000,-9999999.000,0.000,0.000,1.000,0,0,0,18,18,0,0,18,0.0,0,0,0.0,0.0,1.0
"F[0,2](((Lactate >= 0.022 -> Platelets >= 1.923) | Bilirubin_direct >= 11.334) -> Magnesium >= 10.807)
",-9999999.000,-9999999.000,0.000,0.000,1.000,0,0,0,18,18,0,0,18,0.0,0,0,0.0,0.0,1.0
"F[0,2]((Lactate <= 0.955 -> PaCO2 <= 8.610) -> Chloride <= 30.304)
",-9999999.000,-9999999.000,0.000,0.000,1.000,0,0,0,18,18,0,0,18,0.0,0,0,0.0,0.0,1.0
"F[1,2](((SBP <= 132.244 & WBC <= 7.786) & PaCO2 <= 5.894) | PaCO2 >= 0.808)
",-9999999.000,-9999999.000,0.000,0.000,1.000,0,0,0,18,18,0,0,18,0.0,0,0,0.0,0.0,1.0
"((Hgb >= 0.747) U[0,2] (SBP <= 154.871))
",-9999999.000,-9999999.000,0.000,0.000,1.000,0,0,0,18,18,0,0,18,0.0,0,0,0.0,0.0,1.0
"F[1,1](((FiO2 >= 0.196 & Temp >= 9.630) -> SBP >= 7.378) | FiO2 <= 32.963)
",32.963,32.963,0.000,0.000,1.000,0,0,0,18,18,0,0,18,0.0,0,0,0.0,0.0,1.0
"F[0,2]((Creatinine <= 0.593 & SepsisLabel <= 0.000) -> AST >= 0.000)
",-9999999.000,-9999999.000,0.000,0.000,1.000,0,0,0,18,18,0,0,18,0.0,0,0,0.0,0.0,1.0
