Rule,Discrimination Score,Pos Robustness,Neg Robustness,Percent Class +,Percent Class -,TP,TN,FP,FN,Actual Yes,Actual No,Predicted Yes,Predicted No,TPR/Sens,TNR/Spec,FPR,Precision,Accuracy,MCR
"G[0,0]((FiO2 >= 0.029 -> Temp >= 9.133) | Phosphate <= 37.508)
",65.648,37.308,0.000,1.000,0.000,28,0,0,0,28,0,28,0,1.0,0.0,0.0,1.0,1.018181818181818,-0.018181818181818077
"G[0,0]((Alkalinephos >= 0.000 & SepsisLabel >= 0.000) | WBC <= 0.000)
",0.282,0.556,0.000,1.000,0.000,28,0,0,0,28,0,28,0,1.0,0.0,0.0,1.0,1.018181818181818,-0.018181818181818077
"G[0,0](Hct >= 1.849 | Hct <= 28.385)
",7989543289651608.000,28.385,0.000,1.000,0.000,28,0,0,0,28,0,28,0,1.0,0.0,0.0,1.0,1.018181818181818,-0.018181818181818077
"G[0,0](((pH <= 7.399 & Hgb >= 0.457) & BUN <= 3.037) | Magnesium <= 2.829)
",52.193,2.845,0.000,1.000,0.000,28,0,0,0,28,0,28,0,1.0,0.0,0.0,1.0,1.018181818181818,-0.018181818181818077
"G[0,0]((Creatinine >= 0.010 & Hgb >= 0.192) -> Calcium >= 0.691)
",-0.257,-1.956,0.000,1.000,0.000,28,0,0,0,28,0,28,0,1.0,0.0,0.0,1.0,1.018181818181818,-0.018181818181818077
"G[0,0]((HCO3 >= 1.719 -> MAP <= 61.576) -> pH <= 96.813)
",-500.436,-96.665,0.000,1.000,0.000,28,0,0,0,28,0,28,0,1.0,0.0,0.0,1.0,1.018181818181818,-0.018181818181818077
"G[0,0]((HCO3 >= 0.937 -> WBC >= 0.160) | Hct >= 0.592)
",0.181,0.048,0.000,1.000,0.000,28,0,0,0,28,0,28,0,1.0,0.0,0.0,1.0,1.018181818181818,-0.018181818181818077
"G[0,0](Platelets <= 143.052 | Fibrinogen >= 0.000)
",143.052,143.052,0.000,1.000,0.000,28,0,0,0,28,0,28,0,1.0,0.0,0.0,1.0,1.018181818181818,-0.018181818181818077
"G[0,0](((Fibrinogen <= 0.000 | EtCO2 <= 0.000) | SBP >= 0.000) -> AST >= 0.000)
",-0.649,-11.006,0.000,1.000,0.000,28,0,0,0,28,0,28,0,1.0,0.0,0.0,1.0,1.018181818181818,-0.018181818181818077
"G[0,0](((Fibrinogen >= 0.000 & SaO2 >= 0.000) & Hgb <= 0.000) | SaO2 <= 0.000)
",-0.283,-2.148,0.000,1.000,0.000,28,0,0,0,28,0,28,0,1.0,0.0,0.0,1.0,1.018181818181818,-0.018181818181818077
"G[0,0](PTT < 2.368 -> SepsisLabel = 0.000)
",-0.591,-1.602,0.000,1.000,0.000,28,0,0,0,28,0,28,0,1.0,0.0,0.0,1.0,1.018181818181818,-0.018181818181818077
"G[0,0]((pH >= 0.489 | PTT <= 22.931) -> Lactate <= 13.008)
",-8.176,-22.165,0.000,1.000,0.000,28,0,0,0,28,0,28,0,1.0,0.0,0.0,1.0,1.018181818181818,-0.018181818181818077
"G[0,0](((Resp >= 2.575 -> BUN >= 0.501) & HCO3 <= 11.043) | Phosphate <= 5.120)
",8.657,4.920,0.000,1.000,0.000,28,0,0,0,28,0,28,0,1.0,0.0,0.0,1.0,1.018181818181818,-0.018181818181818077
"G[0,1]((PaCO2 <= 41.173 -> Platelets <= 137.169) | Bilirubin_total <= 125.922)
",9999999.000,9999999.000,0.000,1.000,0.000,27,0,1,0,27,1,28,0,1.0,0.0,1.0,0.9642857142857143,0.9818181818181818,0.018181818181818188
"G[0,1](((Lactate <= 0.316 -> Platelets <= 50.006) -> DBP <= 46.576) | Glucose <= 189.763)
",9999999.000,9999999.000,0.000,1.000,0.000,27,0,1,0,27,1,28,0,1.0,0.0,1.0,0.9642857142857143,0.9818181818181818,0.018181818181818188
"G[0,1]((MAP >= 53.232 | Potassium >= 0.148) | SepsisLabel <= 2.088)
",9999999.000,9999999.000,0.000,1.000,0.000,27,0,1,0,27,1,28,0,1.0,0.0,1.0,0.9642857142857143,0.9818181818181818,0.018181818181818188
"G[0,1](Glucose < 48.115 -> SepsisLabel = 0.000)
",9999999.000,9999999.000,0.000,1.000,0.000,27,0,1,0,27,1,28,0,1.0,0.0,1.0,0.9642857142857143,0.9818181818181818,0.018181818181818188
"G[1,1]((HCO3 >= 0.818 | Hgb >= 0.683) -> Creatinine <= 6.547)
",-7371042671474436.000,-6.547,0.000,1.000,0.000,27,0,1,0,27,1,28,0,1.0,0.0,1.0,0.9642857142857143,0.9818181818181818,0.018181818181818188
"G[0,1]((Hgb <= 2.930 & Platelets <= 76.675) | Resp >= 1.442)
",9999999.000,9999999.000,0.000,1.000,0.000,27,0,1,0,27,1,28,0,1.0,0.0,1.0,0.9642857142857143,0.9818181818181818,0.018181818181818188
"G[1,1](((Calcium >= 0.344 & HR <= 95.029) -> PTT <= 95.234) | Hgb <= 106.250)
",106.250,106.250,0.000,1.000,0.000,27,0,1,0,27,1,28,0,1.0,0.0,1.0,0.9642857142857143,0.9818181818181818,0.018181818181818188
"G[1,1](BaseExcess <= 1.349 | MAP >= 19.339)
",6077178334684796.000,1.349,0.000,1.000,0.000,27,0,1,0,27,1,28,0,1.0,0.0,1.0,0.9642857142857143,0.9818181818181818,0.018181818181818188
"G[0,1](((O2Sat >= 50.293 | Temp <= 23.180) -> SaO2 >= 0.967) -> O2Sat <= 23.869)
",9999999.000,9999999.000,0.000,1.000,0.000,27,0,1,0,27,1,28,0,1.0,0.0,1.0,0.9642857142857143,0.9818181818181818,0.018181818181818188
"G[0,1]((Creatinine >= 0.026 | WBC >= 0.660) | Calcium <= 9.530)
",9999999.000,9999999.000,0.000,1.000,0.000,27,0,1,0,27,1,28,0,1.0,0.0,1.0,0.9642857142857143,0.9818181818181818,0.018181818181818188
"G[0,1](Platelets >= 2.828 | Fibrinogen >= 0.000)
",9999999.000,9999999.000,0.000,1.000,0.000,27,0,1,0,27,1,28,0,1.0,0.0,1.0,0.9642857142857143,0.9818181818181818,0.018181818181818188
"G[1,1](((MAP <= 90.921 | O2Sat <= 91.597) & Lactate >= 59.056) -> HCO3 <= 73.677)
",-5184545187897676.000,-73.677,0.000,1.000,0.000,27,0,1,0,27,1,28,0,1.0,0.0,1.0,0.9642857142857143,0.9818181818181818,0.018181818181818188
"G[1,1](((BUN >= 0.274 -> Platelets >= 3.568) & WBC <= 128.725) | O2Sat >= 0.453)
",4939714515898276.000,0.274,0.000,1.000,0.000,27,0,1,0,27,1,28,0,1.0,0.0,1.0,0.9642857142857143,0.9818181818181818,0.018181818181818188
"G[1,1](((Phosphate <= 2.222 & Chloride >= 0.469) -> TroponinI <= 36.595) | Alkalinephos <= 70.340)
",70.340,70.340,0.000,1.000,0.000,27,0,1,0,27,1,28,0,1.0,0.0,1.0,0.9642857142857143,0.9818181818181818,0.018181818181818188
"G[0,1](PaCO2 <= 30.782 -> EtCO2 >= 0.000)
",9999999.000,9999999.000,0.000,1.000,0.000,27,0,1,0,27,1,28,0,1.0,0.0,1.0,0.9642857142857143,0.9818181818181818,0.018181818181818188
"G[1,1](((WBC >= 0.225 -> Alkalinephos <= 0.000) | Bilirubin_total >= 0.000) | Resp >= 0.000)
",0.000,0.000,0.000,1.000,0.000,27,0,1,0,27,1,28,0,1.0,0.0,1.0,0.9642857142857143,0.9818181818181818,0.018181818181818188
"G[0,1](DBP >= 32.753 -> MAP >= 43.728)
",9999999.000,9999999.000,0.000,1.000,0.000,27,0,1,0,27,1,28,0,1.0,0.0,1.0,0.9642857142857143,0.9818181818181818,0.018181818181818188
"G[1,1](Temp < 15.029 -> SepsisLabel = 0.000)
",-15.029,-15.029,0.000,1.000,0.000,27,0,1,0,27,1,28,0,1.0,0.0,1.0,0.9642857142857143,0.9818181818181818,0.018181818181818188
"G[0,1](((Glucose >= 0.739 & HCO3 >= 0.373) -> Bilirubin_direct <= 17.850) | PaCO2 >= 1.857)
",9999999.000,9999999.000,0.000,1.000,0.000,27,0,1,0,27,1,28,0,1.0,0.0,1.0,0.9642857142857143,0.9818181818181818,0.018181818181818188
"G[1,1]((Hct <= 25.000 & PTT <= 6.667) | TroponinI <= 9.220)
",5190239706590316.000,9.220,0.000,1.000,0.000,27,0,1,0,27,1,28,0,1.0,0.0,1.0,0.9642857142857143,0.9818181818181818,0.018181818181818188
"G[0,1](((BaseExcess >= 0.179 -> pH >= 1.063) | Bilirubin_direct >= 0.348) | SepsisLabel <= 1.107)
",9999999.000,9999999.000,0.000,1.000,0.000,27,0,1,0,27,1,28,0,1.0,0.0,1.0,0.9642857142857143,0.9818181818181818,0.018181818181818188
"G[1,1](MAP >= 34.725 -> Resp >= 7.092)
",7984652808412959.000,7.092,0.000,1.000,0.000,27,0,1,0,27,1,28,0,1.0,0.0,1.0,0.9642857142857143,0.9818181818181818,0.018181818181818188
"G[1,1](FiO2 >= 0.092 -> Alkalinephos <= 0.000)
",0.000,0.000,0.000,1.000,0.000,27,0,1,0,27,1,28,0,1.0,0.0,1.0,0.9642857142857143,0.9818181818181818,0.018181818181818188
"G[0,1]((Potassium >= 0.045 | SaO2 <= 0.000) -> O2Sat >= 0.000)
",9999999.000,9999999.000,0.000,1.000,0.000,27,0,1,0,27,1,28,0,1.0,0.0,1.0,0.9642857142857143,0.9818181818181818,0.018181818181818188
"G[0,1]((Platelets >= 2.716 -> HCO3 <= 24.194) -> Potassium <= 15.160)
",9999999.000,9999999.000,0.000,1.000,0.000,27,0,1,0,27,1,28,0,1.0,0.0,1.0,0.9642857142857143,0.9818181818181818,0.018181818181818188
"G[0,1]((HR <= 110.365 | Hct <= 14.158) | WBC <= 14.160)
",9999999.000,9999999.000,0.000,1.000,0.000,27,0,1,0,27,1,28,0,1.0,0.0,1.0,0.9642857142857143,0.9818181818181818,0.018181818181818188
"G[0,1]((Chloride <= 77.576 | SBP <= 106.346) -> Platelets <= 151.417)
",9999999.000,9999999.000,0.000,1.000,0.000,26,0,1,1,27,1,27,1,0.9629629629629629,0.0,1.0,0.9629629629629629,0.9454545454545454,0.054545454545454564
"G[0,0](WBC <= 4.264 & SepsisLabel = 0.000)
",-0.283,-13.556,0.000,1.000,0.000,26,0,0,2,28,0,26,2,0.9285714285714286,0.0,0.0,1.0,0.9454545454545454,0.054545454545454564
"G[0,1]((EtCO2 >= 0.000 & Glucose <= 73.101) | Hct >= 5.921)
",9999999.000,9999999.000,0.000,1.000,0.000,26,0,1,1,27,1,27,1,0.9629629629629629,0.0,1.0,0.9629629629629629,0.9454545454545454,0.054545454545454564
"G[0,0](((BaseExcess >= 0.235 | Creatinine >= 0.010) | Bilirubin_total >= 0.033) -> Hct <= 0.065)
",-0.285,-7.578,0.000,1.000,0.000,26,0,0,2,28,0,26,2,0.9285714285714286,0.0,0.0,1.0,0.9454545454545454,0.054545454545454564
"G[0,0](((Hgb >= 0.050 & pH >= 0.707) -> Fibrinogen <= 6.418) & WBC <= 7.084)
",-2.789,-6.546,0.000,1.000,0.000,26,0,0,2,28,0,26,2,0.9285714285714286,0.0,0.0,1.0,0.9454545454545454,0.054545454545454564
"G[0,1](HR >= 7.271 -> Lactate <= 0.187)
",9999999.000,9999999.000,0.000,1.000,0.000,26,0,1,1,27,1,27,1,0.9629629629629629,0.0,1.0,0.9629629629629629,0.9454545454545454,0.054545454545454564
"G[1,1]((BaseExcess <= 1.807 & Calcium >= 0.337) | pH <= 4.873)
",4.873,4.873,0.000,1.000,0.000,26,0,1,1,27,1,27,1,0.9629629629629629,0.0,1.0,0.9629629629629629,0.9454545454545454,0.054545454545454564
"G[0,1](Calcium >= 0.329 -> SBP >= 20.211)
",9999999.000,9999999.000,0.000,1.000,0.000,26,0,1,1,27,1,27,1,0.9629629629629629,0.0,1.0,0.9629629629629629,0.9454545454545454,0.054545454545454564
"G[0,0]((Creatinine <= 0.113 & AST <= 0.000) & Hct >= 0.000)
",-0.283,-7.510,0.000,1.000,0.000,26,0,0,2,28,0,26,2,0.9285714285714286,0.0,0.0,1.0,0.9454545454545454,0.054545454545454564
"G[0,0]((Glucose >= 1.528 | Phosphate >= 0.270) -> HCO3 <= 2.243)
",-3.270,-2.016,0.000,1.000,0.000,26,0,0,2,28,0,26,2,0.9285714285714286,0.0,0.0,1.0,0.9454545454545454,0.054545454545454564
"G[1,1]((Phosphate <= 0.828 | SBP <= 106.357) & Resp <= 101.733)
",101.733,101.733,0.000,1.000,0.000,25,0,1,2,27,1,26,2,0.9259259259259259,0.0,1.0,0.9615384615384616,0.9090909090909091,0.09090909090909094
"G[1,1](((Hct <= 4.122 | PaCO2 <= 7.895) & pH <= 28.367) & Hct <= 27.956)
",7.895,7.895,0.000,1.000,0.000,25,0,1,2,27,1,26,2,0.9259259259259259,0.0,1.0,0.9615384615384616,0.9090909090909091,0.09090909090909094
"G[0,1](((HCO3 >= 0.605 & PTT >= 0.579) -> Alkalinephos >= 0.206) -> WBC <= 14.354)
",9999999.000,9999999.000,0.000,1.000,0.000,25,0,1,2,27,1,26,2,0.9259259259259259,0.0,1.0,0.9615384615384616,0.9090909090909091,0.09090909090909094
"G[1,1]((HR <= 77.720 | Phosphate <= 3.770) & Potassium <= 1.301)
",5857152644896543.000,1.301,0.000,1.000,0.000,25,0,1,2,27,1,26,2,0.9259259259259259,0.0,1.0,0.9615384615384616,0.9090909090909091,0.09090909090909094
"G[1,1]((FiO2 <= 0.144 -> Glucose <= 59.568) | Bilirubin_direct >= 3.819)
",-8598984798784119.000,-3.819,0.000,1.000,0.000,25,0,1,2,27,1,26,2,0.9259259259259259,0.0,1.0,0.9615384615384616,0.9090909090909091,0.09090909090909094
"G[0,1](SepsisLabel <= 0.000 & Calcium <= 1.255)
",9999999.000,9999999.000,0.000,1.000,0.000,24,0,1,3,27,1,25,3,0.8888888888888888,0.0,1.0,0.96,0.8727272727272727,0.12727272727272732
"G[0,1]((SepsisLabel >= 0.000 & pH <= 1.187) | HCO3 <= 7.302)
",9999999.000,9999999.000,0.000,1.000,0.000,24,0,1,3,27,1,25,3,0.8888888888888888,0.0,1.0,0.96,0.8727272727272727,0.12727272727272732
"G[0,1](Creatinine >= 0.012 -> Temp >= 1.021)
",9999999.000,9999999.000,0.000,1.000,0.000,24,0,1,3,27,1,25,3,0.8888888888888888,0.0,1.0,0.96,0.8727272727272727,0.12727272727272732
"G[1,1]((Resp <= 16.131 | FiO2 <= 0.351) | Temp >= 0.125)
",16.131,16.131,0.000,1.000,0.000,24,0,1,3,27,1,25,3,0.8888888888888888,0.0,1.0,0.96,0.8727272727272727,0.12727272727272732
"G[0,1](Potassium < 3.670 & SepsisLabel = 0.000)
",9999999.000,9999999.000,0.000,1.000,0.000,24,0,1,3,27,1,25,3,0.8888888888888888,0.0,1.0,0.96,0.8727272727272727,0.12727272727272732
"G[1,1]((Resp >= 0.798 & Magnesium <= 1.898) & Calcium <= 1.886)
",-7184461460584004.000,-0.798,0.000,1.000,0.000,23,0,1,4,27,1,24,4,0.8518518518518519,0.0,1.0,0.9583333333333334,0.8363636363636363,0.1636363636363637
"G[0,1]((Platelets >= 5.375 -> Temp <= 35.439) & Chloride <= 38.207)
",9999999.000,9999999.000,0.000,1.000,0.000,23,0,1,4,27,1,24,4,0.8518518518518519,0.0,1.0,0.9583333333333334,0.8363636363636363,0.1636363636363637
"G[0,1]((PaCO2 >= 3.794 | Phosphate >= 0.066) -> O2Sat >= 0.156)
",9999999.000,9999999.000,0.000,1.000,0.000,23,0,1,4,27,1,24,4,0.8518518518518519,0.0,1.0,0.9583333333333334,0.8363636363636363,0.1636363636363637
"G[0,1](Hct <= 10.843 & Potassium <= 3.772)
",9999999.000,9999999.000,0.000,1.000,0.000,22,0,1,5,27,1,23,5,0.8148148148148148,0.0,1.0,0.9565217391304348,0.8,0.19999999999999996
"G[0,1]((Calcium >= 0.045 -> Creatinine >= 0.017) -> Glucose <= 0.133)
",9999999.000,9999999.000,0.000,1.000,0.000,22,0,1,5,27,1,23,5,0.8148148148148148,0.0,1.0,0.9565217391304348,0.8,0.19999999999999996
"G[0,1](((Bilirubin_total >= 0.000 | SaO2 >= 0.000) -> HR >= 0.000) & Glucose <= 0.000)
",9999999.000,9999999.000,0.000,1.000,0.000,22,0,1,5,27,1,23,5,0.8148148148148148,0.0,1.0,0.9565217391304348,0.8,0.19999999999999996
"G[0,1](Glucose >= 0.785 | Resp <= 19.428)
",9999999.000,9999999.000,0.000,1.000,0.000,20,0,1,7,27,1,21,7,0.7407407407407407,0.0,1.0,0.9523809523809523,0.7272727272727273,0.2727272727272727
"G[1,1](((FiO2 <= 0.295 & PTT <= 8.989) & SepsisLabel <= 16.157) & EtCO2 <= 2.499)
",0.295,0.295,0.000,1.000,0.000,19,0,1,8,27,1,20,8,0.7037037037037037,0.0,1.0,0.95,0.6909090909090909,0.3090909090909091
"G[0,0]((BaseExcess >= 0.009 & Temp <= 21.850) | MAP <= 30.192)
",-0.962,-44.966,0.000,1.000,0.000,17,0,0,11,28,0,17,11,0.6071428571428571,0.0,0.0,1.0,0.6181818181818182,0.38181818181818183
"G[0,0](Fibrinogen >= 0.000 -> MAP >= 4.152)
",-1.869,-98.595,0.000,1.000,0.000,14,0,0,14,28,0,14,14,0.5,0.0,0.0,1.0,0.509090909090909,0.49090909090909096
"G[1,1]((Lactate >= 0.005 | Temp <= 29.884) & EtCO2 <= 22.093)
",22.093,22.093,0.000,1.000,0.000,13,0,1,14,27,1,14,14,0.48148148148148145,0.0,1.0,0.9285714285714286,0.4727272727272727,0.5272727272727273
"G[1,1](Phosphate <= 0.656 & Temp <= 23.818)
",0.656,0.656,0.000,1.000,0.000,12,0,1,15,27,1,13,15,0.4444444444444444,0.0,1.0,0.9230769230769231,0.43636363636363634,0.5636363636363637
"G[0,0]((Chloride <= 62.630 & MAP <= 98.859) & O2Sat >= 58.926)
",-2.148,-37.325,0.000,1.000,0.000,12,0,0,16,28,0,12,16,0.42857142857142855,0.0,0.0,1.0,0.43636363636363634,0.5636363636363637
"G[0,0]((Chloride >= 3.699 | HR <= 93.918) -> EtCO2 >= 62.367)
",1.322,3.048,0.000,1.000,0.000,10,0,0,18,28,0,10,18,0.35714285714285715,0.0,0.0,1.0,0.36363636363636365,0.6363636363636364
"G[0,0](((Magnesium <= 0.170 -> Resp <= 13.045) & BUN <= 14.323) -> Bilirubin_total >= 3.157)
",0.685,0.914,0.000,1.000,0.000,10,0,0,18,28,0,10,18,0.35714285714285715,0.0,0.0,1.0,0.36363636363636365,0.6363636363636364
"G[0,1]((pH <= 4.151 & SBP >= 80.086) & Potassium <= 98.674)
",9999999.000,9999999.000,0.000,1.000,0.000,9,0,0,19,28,0,9,19,0.32142857142857145,0.0,0.0,1.0,0.32727272727272727,0.6727272727272727
"G[1,1](MAP <= 93.306 -> Platelets >= 9.189)
",-93.306,-93.306,0.000,1.000,0.000,6,0,1,21,27,1,7,21,0.2222222222222222,0.0,1.0,0.8571428571428571,0.21818181818181817,0.7818181818181819
"G[1,1]((HR <= 85.052 -> Glucose >= 3.433) -> pH >= 2.578)
",5805689511005621.000,2.578,0.000,1.000,0.000,6,0,1,21,27,1,7,21,0.2222222222222222,0.0,1.0,0.8571428571428571,0.21818181818181817,0.7818181818181819
"G[1,1](Resp <= 22.015 -> SBP <= 103.083)
",-3626916943453210.500,-103.083,0.000,1.000,0.000,5,0,1,22,27,1,6,22,0.18518518518518517,0.0,1.0,0.8333333333333334,0.18181818181818182,0.8181818181818181
"G[0,1](HR <= 100.066 -> Temp >= 2.005)
",9999999.000,9999999.000,0.000,1.000,0.000,3,0,0,25,28,0,3,25,0.10714285714285714,0.0,0.0,1.0,0.10909090909090909,0.8909090909090909
"G[0,1](((HCO3 >= 1.401 | O2Sat >= 32.492) -> AST >= 15.263) & Phosphate <= 86.822)
",9999999.000,9999999.000,0.000,1.000,0.000,3,0,1,24,27,1,4,24,0.1111111111111111,0.0,1.0,0.75,0.10909090909090909,0.8909090909090909
"G[0,1]((Magnesium >= 0.018 | PTT <= 14.167) -> O2Sat <= 2.741)
",9999999.000,9999999.000,0.000,1.000,0.000,3,0,1,24,27,1,4,24,0.1111111111111111,0.0,1.0,0.75,0.10909090909090909,0.8909090909090909
"G[0,1]((DBP <= 54.537 | PTT >= 0.772) & Alkalinephos <= 9.184)
",9999999.000,9999999.000,0.000,1.000,0.000,3,0,1,24,27,1,4,24,0.1111111111111111,0.0,1.0,0.75,0.10909090909090909,0.8909090909090909
"G[1,1](((Chloride <= 89.671 -> Hct <= 12.316) -> Lactate >= 0.568) | Magnesium >= 0.345)
",0.568,0.568,0.000,1.000,0.000,3,0,1,24,27,1,4,24,0.1111111111111111,0.0,1.0,0.75,0.10909090909090909,0.8909090909090909
"G[0,0]((HCO3 >= 1.444 | BUN >= 0.338) & EtCO2 <= 4.394)
",-1.580,-10.005,0.000,1.000,0.000,2,0,0,26,28,0,2,26,0.07142857142857142,0.0,0.0,1.0,0.07272727272727272,0.9272727272727272
"G[0,1](((HR >= 35.051 & pH <= 4.825) | Bilirubin_total >= 0.514) -> Creatinine >= 0.367)
",9999999.000,9999999.000,0.000,1.000,0.000,2,0,1,25,27,1,3,25,0.07407407407407407,0.0,1.0,0.6666666666666666,0.07272727272727272,0.9272727272727272
"G[1,1](((DBP >= 8.785 -> PaCO2 >= 0.619) & SepsisLabel <= 37.554) & SBP <= 17.620)
",5577767258182945.000,0.619,0.000,1.000,0.000,2,0,1,25,27,1,3,25,0.07407407407407407,0.0,1.0,0.6666666666666666,0.07272727272727272,0.9272727272727272
"G[1,1](Platelets <= 77.799 -> WBC >= 0.389)
",-5474596819638548.000,-77.799,0.000,1.000,0.000,2,0,1,25,27,1,3,25,0.07407407407407407,0.0,1.0,0.6666666666666666,0.07272727272727272,0.9272727272727272
"G[1,1](pH <= 6.176 -> Phosphate >= 0.082)
",-3476504127350314.000,-6.176,0.000,1.000,0.000,2,0,1,25,27,1,3,25,0.07407407407407407,0.0,1.0,0.6666666666666666,0.07272727272727272,0.9272727272727272
"G[1,1](((Hgb <= 5.150 | Hct <= 7.141) -> WBC >= 0.809) & Platelets >= 7.032)
",-7.141,-7.141,0.000,1.000,0.000,2,0,1,25,27,1,3,25,0.07407407407407407,0.0,1.0,0.6666666666666666,0.07272727272727272,0.9272727272727272
"G[1,1](BUN > 0.560 & SepsisLabel = 0.000)
",-0.560,-0.560,0.000,1.000,0.000,2,0,1,25,27,1,3,25,0.07407407407407407,0.0,1.0,0.6666666666666666,0.07272727272727272,0.9272727272727272
"G[0,1]((HR >= 54.742 -> Magnesium >= 0.150) | SBP <= 1.547)
",9999999.000,9999999.000,0.000,1.000,0.000,2,0,1,25,27,1,3,25,0.07407407407407407,0.0,1.0,0.6666666666666666,0.07272727272727272,0.9272727272727272
"G[0,0](Platelets <= 148.195 -> WBC >= 1.082)
",-148.195,-148.195,0.000,1.000,0.000,2,0,0,26,28,0,2,26,0.07142857142857142,0.0,0.0,1.0,0.07272727272727272,0.9272727272727272
"G[0,0](Phosphate >= 0.245 & HCO3 >= 0.926)
",-1.100,-0.699,0.000,1.000,0.000,2,0,0,26,28,0,2,26,0.07142857142857142,0.0,0.0,1.0,0.07272727272727272,0.9272727272727272
"G[0,0]((Magnesium <= 1.835 & Phosphate <= 0.667) -> Alkalinephos >= 0.004)
",-0.636,-1.148,0.000,1.000,0.000,2,0,0,26,28,0,2,26,0.07142857142857142,0.0,0.0,1.0,0.07272727272727272,0.9272727272727272
"G[1,1](Chloride >= 3.500 & HCO3 >= 1.073)
",-7881502248427189.000,-3.500,0.000,1.000,0.000,2,0,1,25,27,1,3,25,0.07407407407407407,0.0,1.0,0.6666666666666666,0.07272727272727272,0.9272727272727272
"G[1,1](BUN > 0.366 & SepsisLabel = 0.000)
",-6595971485439105.000,-0.366,0.000,1.000,0.000,2,0,1,25,27,1,3,25,0.07407407407407407,0.0,1.0,0.6666666666666666,0.07272727272727272,0.9272727272727272
"G[0,0](((Hgb <= 5.813 | Hct <= 16.815) -> WBC >= 0.472) & Platelets >= 12.263)
",-14.079,-17.052,0.000,1.000,0.000,2,0,0,26,28,0,2,26,0.07142857142857142,0.0,0.0,1.0,0.07272727272727272,0.9272727272727272
"G[0,0](Platelets <= 109.578 -> WBC >= 0.231)
",-3855418961698874.000,-109.578,0.000,1.000,0.000,2,0,0,26,28,0,2,26,0.07142857142857142,0.0,0.0,1.0,0.07272727272727272,0.9272727272727272
"G[1,1](Lactate > 0.006 & SepsisLabel = 0.000)
",-0.006,-0.006,0.000,1.000,0.000,1,0,1,26,27,1,2,26,0.037037037037037035,0.0,1.0,0.5,0.03636363636363636,0.9636363636363636
"G[0,1]((Glucose >= 3.228 | SBP <= 110.420) & SepsisLabel <= 100.955)
",9999999.000,9999999.000,0.000,1.000,0.000,1,0,1,26,27,1,2,26,0.037037037037037035,0.0,1.0,0.5,0.03636363636363636,0.9636363636363636
"G[1,1](((Creatinine >= 0.008 & Temp <= 36.993) & Potassium <= 16.199) & DBP <= 30.106)
",-0.008,-0.008,0.000,1.000,0.000,1,0,1,26,27,1,2,26,0.037037037037037035,0.0,1.0,0.5,0.03636363636363636,0.9636363636363636
"G[0,1](((HCO3 <= 7.350 -> Temp <= 10.497) -> Hct >= 9.135) | FiO2 >= 1.371)
",9999999.000,9999999.000,0.000,1.000,0.000,1,0,0,27,28,0,1,27,0.03571428571428571,0.0,0.0,1.0,0.03636363636363636,0.9636363636363636
"G[1,1](Lactate >= 0.003 & SepsisLabel = 0.000)
",-7233496874168162.000,-0.003,0.000,1.000,0.000,1,0,1,26,27,1,2,26,0.037037037037037035,0.0,1.0,0.5,0.03636363636363636,0.9636363636363636
"G[0,0](((BUN <= 10.168 & Potassium <= 1.086) | Bilirubin_total >= 0.095) & Glucose >= 0.165)
",-0.165,-0.165,0.000,1.000,0.000,1,0,0,27,28,0,1,27,0.03571428571428571,0.0,0.0,1.0,0.03636363636363636,0.9636363636363636
"G[1,2]((HR <= 93.826 & Resp <= 15.954) & DBP >= 5.765)
",9999999.000,9999999.000,0.000,1.000,0.000,0,0,6,22,22,6,6,22,0.0,0.0,1.0,0.0,0.0,1.0
"G[0,1](((Temp <= 14.002 & WBC >= 0.877) & WBC >= 0.868) | WBC >= 0.057)
",9999999.000,9999999.000,0.000,1.000,0.000,0,0,0,28,28,0,0,28,0.0,0.0,0.0,0.0,0.0,1.0
"G[1,2](((PaCO2 >= 3.457 -> Resp >= 11.092) -> O2Sat <= 20.729) | PTT >= 1.960)
",9999999.000,9999999.000,0.000,1.000,0.000,0,0,6,22,22,6,6,22,0.0,0.0,1.0,0.0,0.0,1.0
"G[1,2](Hct >= 1.530 & Phosphate >= 0.039)
",9999999.000,9999999.000,0.000,1.000,0.000,0,0,3,25,25,3,3,25,0.0,0.0,1.0,0.0,0.0,1.0
"G[1,2](((EtCO2 <= 0.000 | HR <= 74.793) -> BaseExcess >= 50.285) | Bilirubin_total >= 37.782)
",9999999.000,9999999.000,0.000,1.000,0.000,0,0,1,27,27,1,1,27,0.0,0.0,1.0,0.0,0.0,1.0
"G[0,2](FiO2 >= 0.088 & Magnesium >= 0.131)
",9999999.000,9999999.000,0.000,1.000,0.000,0,0,0,28,28,0,0,28,0.0,0.0,0.0,0.0,0.0,1.0
"G[0,2]((HR >= 64.022 & WBC >= 0.193) & SaO2 <= 9.563)
",9999999.000,9999999.000,0.000,1.000,0.000,0,0,0,28,28,0,0,28,0.0,0.0,0.0,0.0,0.0,1.0
"G[0,1](((BUN <= 5.782 | SBP >= 65.767) | Hgb <= 143.431) & Glucose >= 40.047)
",9999999.000,9999999.000,0.000,1.000,0.000,0,0,0,28,28,0,0,28,0.0,0.0,0.0,0.0,0.0,1.0
"G[1,2]((MAP <= 82.915 | WBC <= 4.438) | BUN >= 1.013)
",9999999.000,9999999.000,0.000,1.000,0.000,0,0,28,0,0,28,28,0,0.0,0.0,1.0,0.0,0.0,1.0
"G[0,2](DBP <= 78.472 & Magnesium <= 1.224)
",9999999.000,9999999.000,0.000,1.000,0.000,0,0,18,10,10,18,18,10,0.0,0.0,1.0,0.0,0.0,1.0
"G[2,2]((PaCO2 >= 3.624 | Alkalinephos <= 0.000) & Calcium >= 0.000)
",0.000,0.000,0.000,1.000,0.000,0,0,28,0,0,28,28,0,0.0,0.0,1.0,0.0,0.0,1.0
"G[2,2](((HR <= 72.446 -> Platelets >= 12.127) | BaseExcess <= 130.849) & WBC <= 113.947)
",8018316336016824.000,113.947,0.000,1.000,0.000,0,0,28,0,0,28,28,0,0.0,0.0,1.0,0.0,0.0,1.0
"G[2,2]((Hgb >= 0.312 | SBP >= 38.443) -> Resp <= 147.740)
",-5198140476102065.000,-147.740,0.000,1.000,0.000,0,0,28,0,0,28,28,0,0.0,0.0,1.0,0.0,0.0,1.0
"G[1,2](((Bilirubin_direct >= 0.000 & BUN >= 0.383) | AST <= 4.711) -> Fibrinogen >= 0.210)
",9999999.000,9999999.000,0.000,1.000,0.000,0,0,1,27,27,1,1,27,0.0,0.0,1.0,0.0,0.0,1.0
"G[1,2]((Potassium >= 0.029 & SBP >= 11.991) | HCO3 <= 156.458)
",9999999.000,9999999.000,0.000,1.000,0.000,0,0,28,0,0,28,28,0,0.0,0.0,1.0,0.0,0.0,1.0
"G[0,2](((FiO2 <= 0.211 -> O2Sat <= 69.488) & Fibrinogen <= 65.322) & Fibrinogen >= 39.181)
",9999999.000,9999999.000,0.000,1.000,0.000,0,0,0,28,28,0,0,28,0.0,0.0,0.0,0.0,0.0,1.0
"G[1,2]((Hgb >= 0.361 -> MAP <= 69.331) | TroponinI <= 104.772)
",9999999.000,9999999.000,0.000,1.000,0.000,0,0,28,0,0,28,28,0,0.0,0.0,1.0,0.0,0.0,1.0
"G[2,2]((HR <= 78.851 -> Phosphate <= 3.265) -> Resp <= 2.794)
",-3145420155620345.500,-2.794,0.000,1.000,0.000,0,0,28,0,0,28,28,0,0.0,0.0,1.0,0.0,0.0,1.0
"G[1,2](((Glucose >= 2.231 -> Temp >= 8.989) | Bilirubin_total <= 37.451) | BaseExcess <= 14.733)
",9999999.000,9999999.000,0.000,1.000,0.000,0,0,28,0,0,28,28,0,0.0,0.0,1.0,0.0,0.0,1.0
"G[0,1]((HCO3 >= 1.754 & HR <= 98.762) & BUN >= 31.798)
",9999999.000,9999999.000,0.000,1.000,0.000,0,0,0,28,28,0,0,28,0.0,0.0,0.0,0.0,0.0,1.0
"G[1,2](Platelets <= 72.137 | SBP <= 126.848)
",9999999.000,9999999.000,0.000,1.000,0.000,0,0,27,1,1,27,27,1,0.0,0.0,1.0,0.0,0.0,1.0
"G[0,2]((Hct <= 20.117 & Phosphate <= 0.589) -> Magnesium >= 0.229)
",9999999.000,9999999.000,0.000,1.000,0.000,0,0,0,28,28,0,0,28,0.0,0.0,0.0,0.0,0.0,1.0
"G[1,2]((BUN >= 0.173 | Temp <= 28.302) -> Bilirubin_total >= 3.616)
",9999999.000,9999999.000,0.000,1.000,0.000,0,0,14,14,14,14,14,14,0.0,0.0,1.0,0.0,0.0,1.0
"G[0,2](((BaseExcess <= 3.013 & Resp >= 1.954) | Creatinine >= 11.975) & Bilirubin_total >= 2.104)
",9999999.000,9999999.000,0.000,1.000,0.000,0,0,0,28,28,0,0,28,0.0,0.0,0.0,0.0,0.0,1.0
"G[1,2](((Hct >= 0.905 -> Temp <= 12.596) | Lactate >= 1.520) -> Bilirubin_total >= 3.394)
",9999999.000,9999999.000,0.000,1.000,0.000,0,0,2,26,26,2,2,26,0.0,0.0,1.0,0.0,0.0,1.0
"G[1,2](((HR >= 45.205 -> Creatinine >= 0.012) | Creatinine <= 0.150) | Hgb >= 0.025)
",9999999.000,9999999.000,0.000,1.000,0.000,0,0,28,0,0,28,28,0,0.0,0.0,1.0,0.0,0.0,1.0
"G[1,2](EtCO2 <= 0.000 | Lactate <= 0.049)
",9999999.000,9999999.000,0.000,1.000,0.000,0,0,28,0,0,28,28,0,0.0,0.0,1.0,0.0,0.0,1.0
"G[0,2](((WBC >= 0.756 | WBC <= 4.685) -> Chloride >= 0.211) | Creatinine >= 1.087)
",9999999.000,9999999.000,0.000,1.000,0.000,0,0,0,28,28,0,0,28,0.0,0.0,0.0,0.0,0.0,1.0
"G[0,2](Resp <= 13.320 | Platelets >= 8.698)
",9999999.000,9999999.000,0.000,1.000,0.000,0,0,10,18,18,10,10,18,0.0,0.0,1.0,0.0,0.0,1.0
"G[0,2](BaseExcess >= 0.100 -> Creatinine <= 0.200)
",9999999.000,9999999.000,0.000,1.000,0.000,0,0,25,3,3,25,25,3,0.0,0.0,1.0,0.0,0.0,1.0
"G[2,2]((PTT >= 0.428 -> Glucose <= 68.478) | SaO2 >= 6.063)
",-6825780059375388.000,-6.063,0.000,1.000,0.000,0,0,28,0,0,28,28,0,0.0,0.0,1.0,0.0,0.0,1.0
"G[0,2](((DBP >= 4.981 & Hgb <= 8.656) -> Hct <= 9.903) | Hct <= 4.988)
",9999999.000,9999999.000,0.000,1.000,0.000,0,0,28,0,0,28,28,0,0.0,0.0,1.0,0.0,0.0,1.0
"G[0,1](Bilirubin_direct <= 0.000 -> Glucose >= 0.327)
",9999999.000,9999999.000,0.000,1.000,0.000,0,0,0,28,28,0,0,28,0.0,0.0,0.0,0.0,0.0,1.0
"G[0,1](AST <= 0.000 & WBC >= 0.516)
",9999999.000,9999999.000,0.000,1.000,0.000,0,0,0,28,28,0,0,28,0.0,0.0,0.0,0.0,0.0,1.0
"G[0,2](Bilirubin_direct >= 0.000 -> Glucose <= 38.081)
",9999999.000,9999999.000,0.000,1.000,0.000,0,0,23,5,5,23,23,5,0.0,0.0,1.0,0.0,0.0,1.0
"G[0,2](((Lactate >= 0.009 | Hct >= 2.529) -> HR >= 1.160) | DBP <= 22.238)
",9999999.000,9999999.000,0.000,1.000,0.000,0,0,28,0,0,28,28,0,0.0,0.0,1.0,0.0,0.0,1.0
"G[1,2]((Hct >= 1.254 | Calcium >= 0.090) & Magnesium >= 0.413)
",9999999.000,9999999.000,0.000,1.000,0.000,0,0,3,25,25,3,3,25,0.0,0.0,1.0,0.0,0.0,1.0
"G[0,2](((HCO3 <= 8.243 & Magnesium >= 0.059) & Temp >= 0.140) & TroponinI >= 0.046)
",9999999.000,9999999.000,0.000,1.000,0.000,0,0,0,28,28,0,0,28,0.0,0.0,0.0,0.0,0.0,1.0
"G[1,2]((PaCO2 >= 0.463 -> Hct >= 1.164) -> PTT <= 6.564)
",9999999.000,9999999.000,0.000,1.000,0.000,0,0,27,1,1,27,27,1,0.0,0.0,1.0,0.0,0.0,1.0
"G[0,2]((Chloride >= 3.666 | PTT <= 19.512) -> O2Sat <= 3.866)
",9999999.000,9999999.000,0.000,1.000,0.000,0,0,4,24,24,4,4,24,0.0,0.0,1.0,0.0,0.0,1.0
"G[2,2](((O2Sat >= 13.347 | Chloride <= 46.705) -> AST >= 6.057) | pH >= 6.079)
",-6843870822060428.000,-6.079,0.000,1.000,0.000,0,0,28,0,0,28,28,0,0.0,0.0,1.0,0.0,0.0,1.0
"G[1,2]((Lactate >= 0.009 & TroponinI <= 0.000) -> MAP <= 0.000)
",9999999.000,9999999.000,0.000,1.000,0.000,0,0,27,1,1,27,27,1,0.0,0.0,1.0,0.0,0.0,1.0
"G[1,2]((PTT <= 22.411 & DBP <= 83.447) | BaseExcess <= 57.364)
",9999999.000,9999999.000,0.000,1.000,0.000,0,0,28,0,0,28,28,0,0.0,0.0,1.0,0.0,0.0,1.0
"G[0,2](((Hgb >= 0.722 | HR <= 107.602) & BaseExcess <= 93.955) -> SBP <= 87.697)
",9999999.000,9999999.000,0.000,1.000,0.000,0,0,2,26,26,2,2,26,0.0,0.0,1.0,0.0,0.0,1.0
"G[1,2]((SaO2 >= 0.000 & Phosphate >= 0.054) -> Creatinine <= 0.817)
",9999999.000,9999999.000,0.000,1.000,0.000,0,0,28,0,0,28,28,0,0.0,0.0,1.0,0.0,0.0,1.0
"G[0,1](pH <= 2.452 & PaCO2 >= 2.043)
",9999999.000,9999999.000,0.000,1.000,0.000,0,0,0,28,28,0,0,28,0.0,0.0,0.0,0.0,0.0,1.0
"G[0,2](((HR <= 81.315 & Alkalinephos <= 0.000) & Potassium >= 0.000) & Magnesium >= 0.000)
",9999999.000,9999999.000,0.000,1.000,0.000,0,0,5,23,23,5,5,23,0.0,0.0,1.0,0.0,0.0,1.0
"G[1,2]((MAP <= 60.591 & Platelets >= 0.140) | Potassium <= 132.144)
",9999999.000,9999999.000,0.000,1.000,0.000,0,0,28,0,0,28,28,0,0.0,0.0,1.0,0.0,0.0,1.0
"G[0,2]((Chloride >= 4.490 & Phosphate >= 0.141) & Alkalinephos >= 0.166)
",9999999.000,9999999.000,0.000,1.000,0.000,0,0,0,28,28,0,0,28,0.0,0.0,0.0,0.0,0.0,1.0
"G[1,2](Hgb >= 0.639 & Magnesium >= 0.068)
",9999999.000,9999999.000,0.000,1.000,0.000,0,0,3,25,25,3,3,25,0.0,0.0,1.0,0.0,0.0,1.0
"G[0,2](EtCO2 <= 0.000 | Fibrinogen <= 0.000)
",9999999.000,9999999.000,0.000,1.000,0.000,0,0,28,0,0,28,28,0,0.0,0.0,1.0,0.0,0.0,1.0
"G[0,2]((Potassium >= 0.183 | Magnesium >= 0.065) & BaseExcess <= 1.849)
",9999999.000,9999999.000,0.000,1.000,0.000,0,0,0,28,28,0,0,28,0.0,0.0,0.0,0.0,0.0,1.0
"G[0,2]((WBC <= 9.893 | HCO3 >= 0.825) | Phosphate >= 0.489)
",9999999.000,9999999.000,0.000,1.000,0.000,0,0,28,0,0,28,28,0,0.0,0.0,1.0,0.0,0.0,1.0
"G[0,0](((Bilirubin_total <= 0.000 & HCO3 <= 5.684) -> O2Sat >= 0.198) & TroponinI >= 0.476)
",-1.828,-71.803,0.000,1.000,0.000,0,0,0,28,28,0,0,28,0.0,0.0,0.0,0.0,0.0,1.0
"G[0,2]((PTT <= 14.248 | MAP <= 104.019) & EtCO2 >= 3.202)
",9999999.000,9999999.000,0.000,1.000,0.000,0,0,0,28,28,0,0,28,0.0,0.0,0.0,0.0,0.0,1.0
"G[2,2](((Fibrinogen <= 0.000 | Hgb <= 3.836) -> SBP >= 0.736) & MAP >= 0.010)
",-8637127231991966.000,-3.836,0.000,1.000,0.000,0,0,28,0,0,28,28,0,0.0,0.0,1.0,0.0,0.0,1.0
"G[0,1](((Magnesium <= 1.525 & Hct >= 0.489) & HCO3 >= 2.434) & EtCO2 >= 2.434)
",9999999.000,9999999.000,0.000,1.000,0.000,0,0,0,28,28,0,0,28,0.0,0.0,0.0,0.0,0.0,1.0
"G[0,2](((Alkalinephos <= 0.000 | Calcium <= 6.072) | Temp >= 0.348) -> EtCO2 >= 0.111)
",9999999.000,9999999.000,0.000,1.000,0.000,0,0,0,28,28,0,0,28,0.0,0.0,0.0,0.0,0.0,1.0
"G[1,2](TroponinI >= 0.000 | EtCO2 >= 0.000)
",9999999.000,9999999.000,0.000,1.000,0.000,0,0,28,0,0,28,28,0,0.0,0.0,1.0,0.0,0.0,1.0
"G[1,2](((Alkalinephos <= 0.000 & FiO2 <= 0.144) & Magnesium >= 0.043) -> EtCO2 <= 0.257)
",9999999.000,9999999.000,0.000,1.000,0.000,0,0,28,0,0,28,28,0,0.0,0.0,1.0,0.0,0.0,1.0
"G[0,2](((TroponinI <= 0.000 & Glucose >= 2.437) | Phosphate >= 7.837) -> Platelets <= 111.467)
",9999999.000,9999999.000,0.000,1.000,0.000,0,0,24,4,4,24,24,4,0.0,0.0,1.0,0.0,0.0,1.0
"G[2,2]((Hgb >= 0.564 -> Chloride <= 23.979) & Calcium >= 1.974)
",-23.979,-23.979,0.000,1.000,0.000,0,0,28,0,0,28,28,0,0.0,0.0,1.0,0.0,0.0,1.0
"G[1,2]((Fibrinogen <= 0.000 & Hct <= 7.997) & MAP <= 6.827)
",9999999.000,9999999.000,0.000,1.000,0.000,0,0,3,25,25,3,3,25,0.0,0.0,1.0,0.0,0.0,1.0
"G[1,2]((Resp <= 14.054 & Creatinine >= 0.008) -> MAP <= 0.092)
",9999999.000,9999999.000,0.000,1.000,0.000,0,0,27,1,1,27,27,1,0.0,0.0,1.0,0.0,0.0,1.0
"G[1,2](HCO3 >= 0.550 & Temp <= 21.952)
",9999999.000,9999999.000,0.000,1.000,0.000,0,0,2,26,26,2,2,26,0.0,0.0,1.0,0.0,0.0,1.0
"G[0,1]((Fibrinogen <= 0.000 -> Phosphate >= 0.204) & Bilirubin_direct >= 0.146)
",9999999.000,9999999.000,0.000,1.000,0.000,0,0,0,28,28,0,0,28,0.0,0.0,0.0,0.0,0.0,1.0
"G[2,2](((PTT >= 0.695 & Magnesium >= 0.076) & Creatinine >= 0.045) & Alkalinephos >= 0.024)
",-6263002183326869.000,-0.695,0.000,1.000,0.000,0,0,28,0,0,28,28,0,0.0,0.0,1.0,0.0,0.0,1.0
"G[2,2]((Calcium >= 0.345 -> Lactate <= 0.406) & Platelets <= 0.282)
",-7314053502266239.000,-0.406,0.000,1.000,0.000,0,0,28,0,0,28,28,0,0.0,0.0,1.0,0.0,0.0,1.0
"G[0,2](Bilirubin_total <= 0.000 & Potassium <= 1.959)
",9999999.000,9999999.000,0.000,1.000,0.000,0,0,24,4,4,24,24,4,0.0,0.0,1.0,0.0,0.0,1.0
"G[0,2](Resp >= 2.437 & Glucose <= 27.726)
",9999999.000,9999999.000,0.000,1.000,0.000,0,0,11,17,17,11,11,17,0.0,0.0,1.0,0.0,0.0,1.0
"G[0,2]((Resp >= 3.485 & SaO2 <= 0.000) -> Calcium >= 0.000)
",9999999.000,9999999.000,0.000,1.000,0.000,0,0,28,0,0,28,28,0,0.0,0.0,1.0,0.0,0.0,1.0
"G[1,2](((EtCO2 <= 0.000 | Bilirubin_total >= 0.000) & MAP <= 0.000) | Platelets >= 0.000)
",9999999.000,9999999.000,0.000,1.000,0.000,0,0,28,0,0,28,28,0,0.0,0.0,1.0,0.0,0.0,1.0
"G[0,2](((Phosphate <= 1.903 -> EtCO2 >= 0.000) -> Bilirubin_total >= 0.000) -> HR >= 0.000)
",9999999.000,9999999.000,0.000,1.000,0.000,0,0,28,0,0,28,28,0,0.0,0.0,1.0,0.0,0.0,1.0
"G[0,2]((SBP >= 74.634 & O2Sat <= 66.357) -> Fibrinogen <= 65.724)
",9999999.000,9999999.000,0.000,1.000,0.000,0,0,28,0,0,28,28,0,0.0,0.0,1.0,0.0,0.0,1.0
"G[2,2]((BUN <= 1.532 | MAP <= 85.661) | SBP <= 62.821)
",85.661,85.661,0.000,1.000,0.000,0,0,28,0,0,28,28,0,0.0,0.0,1.0,0.0,0.0,1.0
"G[0,2](Chloride >= 3.510 & HCO3 >= 0.593)
",9999999.000,9999999.000,0.000,1.000,0.000,0,0,0,28,28,0,0,28,0.0,0.0,0.0,0.0,0.0,1.0
"G[2,2]((Hgb >= 0.626 -> O2Sat >= 47.106) -> Calcium >= 36.932)
",-5637200020897060.000,-0.626,0.000,1.000,0.000,0,0,28,0,0,28,28,0,0.0,0.0,1.0,0.0,0.0,1.0
"G[2,2]((Potassium >= 0.012 | WBC <= 15.147) | PTT >= 0.770)
",8527145806773698.000,15.147,0.000,1.000,0.000,0,0,28,0,0,28,28,0,0.0,0.0,1.0,0.0,0.0,1.0
"G[1,2](BUN <= 11.774 & Creatinine >= 0.004)
",9999999.000,9999999.000,0.000,1.000,0.000,0,0,2,26,26,2,2,26,0.0,0.0,1.0,0.0,0.0,1.0
"G[0,2](WBC >= 1.058 & SepsisLabel = 0.000)
",9999999.000,9999999.000,0.000,1.000,0.000,0,0,0,28,28,0,0,28,0.0,0.0,0.0,0.0,0.0,1.0
"G[1,2](FiO2 < 0.318 & SepsisLabel = 0.000)
",9999999.000,9999999.000,0.000,1.000,0.000,0,0,21,7,7,21,21,7,0.0,0.0,1.0,0.0,0.0,1.0
"G[0,2](FiO2 <= 0.333 & SepsisLabel = 0.000)
",9999999.000,9999999.000,0.000,1.000,0.000,0,0,13,15,15,13,13,15,0.0,0.0,1.0,0.0,0.0,1.0
"G[2,2](Bilirubin_direct > 0.000 & SepsisLabel = 0.000)
",0.000,0.000,0.000,1.000,0.000,0,0,28,0,0,28,28,0,0.0,0.0,1.0,0.0,0.0,1.0
"G[0,2](TroponinI >= 0.000 -> SepsisLabel = 0.000)
",9999999.000,9999999.000,0.000,1.000,0.000,0,0,28,0,0,28,28,0,0.0,0.0,1.0,0.0,0.0,1.0
"G[1,2](PaCO2 < 13.913 -> SepsisLabel = 0.000)
",9999999.000,9999999.000,0.000,1.000,0.000,0,0,28,0,0,28,28,0,0.0,0.0,1.0,0.0,0.0,1.0
"G[1,2](Resp <= 16.603 -> SepsisLabel = 0.000)
",9999999.000,9999999.000,0.000,1.000,0.000,0,0,28,0,0,28,28,0,0.0,0.0,1.0,0.0,0.0,1.0
"G[1,2](Hct >= 0.134 -> SepsisLabel = 0.000)
",9999999.000,9999999.000,0.000,1.000,0.000,0,0,28,0,0,28,28,0,0.0,0.0,1.0,0.0,0.0,1.0
"G[1,2](EtCO2 <= 0.000 -> SepsisLabel = 0.000)
",9999999.000,9999999.000,0.000,1.000,0.000,0,0,28,0,0,28,28,0,0.0,0.0,1.0,0.0,0.0,1.0
"G[1,2](((PaCO2 >= 4.353 & pH >= 0.941) -> Chloride >= 0.452) -> SaO2 >= 0.420)
",9999999.000,9999999.000,0.000,1.000,0.000,0,0,1,27,27,1,1,27,0.0,0.0,1.0,0.0,0.0,1.0
"G[2,2](((HCO3 >= 0.670 & Phosphate <= 0.846) -> Platelets <= 2.035) -> Resp <= 3.240)
",-7295505362680695.000,-3.240,0.000,1.000,0.000,0,0,28,0,0,28,28,0,0.0,0.0,1.0,0.0,0.0,1.0
"G[0,2]((Hgb >= 0.573 & Potassium >= 0.127) | Calcium <= 3.534)
",9999999.000,9999999.000,0.000,1.000,0.000,0,0,28,0,0,28,28,0,0.0,0.0,1.0,0.0,0.0,1.0
"G[1,2](((BUN <= 3.162 -> Hgb >= 0.573) | TroponinI <= 4.598) | Platelets <= 3.768)
",9999999.000,9999999.000,0.000,1.000,0.000,0,0,28,0,0,28,28,0,0.0,0.0,1.0,0.0,0.0,1.0
"G[1,2](Magnesium <= 1.926 | Platelets <= 98.479)
",9999999.000,9999999.000,0.000,1.000,0.000,0,0,28,0,0,28,28,0,0.0,0.0,1.0,0.0,0.0,1.0
"G[1,2]((HR >= 42.345 -> SBP >= 7.280) -> PTT <= 106.442)
",9999999.000,9999999.000,0.000,1.000,0.000,0,0,28,0,0,28,28,0,0.0,0.0,1.0,0.0,0.0,1.0
"G[0,2]((BaseExcess >= 0.492 | PaCO2 <= 12.965) & HCO3 >= 0.354)
",9999999.000,9999999.000,0.000,1.000,0.000,0,0,0,28,28,0,0,28,0.0,0.0,0.0,0.0,0.0,1.0
"G[1,2]((BaseExcess >= 0.129 & pH <= 4.290) & Chloride >= 0.753)
",9999999.000,9999999.000,0.000,1.000,0.000,0,0,1,27,27,1,1,27,0.0,0.0,1.0,0.0,0.0,1.0
"G[1,2](((DBP >= 45.357 -> SBP >= 17.980) & TroponinI <= 143.592) | Platelets <= 132.774)
",9999999.000,9999999.000,0.000,1.000,0.000,0,0,28,0,0,28,28,0,0.0,0.0,1.0,0.0,0.0,1.0
"G[0,2](((Creatinine <= 0.225 & Hct <= 19.250) -> O2Sat <= 16.362) -> SBP <= 11.207)
",9999999.000,9999999.000,0.000,1.000,0.000,0,0,22,6,6,22,22,6,0.0,0.0,1.0,0.0,0.0,1.0
"G[1,2]((Hct <= 6.778 -> Phosphate >= 0.175) -> pH >= 0.010)
",9999999.000,9999999.000,0.000,1.000,0.000,0,0,27,1,1,27,27,1,0.0,0.0,1.0,0.0,0.0,1.0
"G[0,0](((Calcium >= 0.040 -> WBC <= 17.200) & WBC <= 6.463) & Alkalinephos >= 0.653)
",-2436.054,-17.201,0.000,1.000,0.000,0,0,0,28,28,0,0,28,0.0,0.0,0.0,0.0,0.0,1.0
"G[0,1](Hct <= 17.357 & WBC >= 0.932)
",9999999.000,9999999.000,0.000,1.000,0.000,0,0,0,28,28,0,0,28,0.0,0.0,0.0,0.0,0.0,1.0
"G[0,2]((Creatinine <= 0.305 | Glucose >= 7.765) -> AST >= 3.795)
",9999999.000,9999999.000,0.000,1.000,0.000,0,0,0,28,28,0,0,28,0.0,0.0,0.0,0.0,0.0,1.0
"G[0,1](Glucose >= 7.859 & Platelets >= 3.393)
",9999999.000,9999999.000,0.000,1.000,0.000,0,0,0,28,28,0,0,28,0.0,0.0,0.0,0.0,0.0,1.0
"G[0,2](((Glucose >= 7.789 -> Hgb >= 0.570) & Temp >= 0.447) & Temp <= 6.238)
",9999999.000,9999999.000,0.000,1.000,0.000,0,0,0,28,28,0,0,28,0.0,0.0,0.0,0.0,0.0,1.0
"G[0,2](HR <= 99.613 -> O2Sat >= 26.417)
",9999999.000,9999999.000,0.000,1.000,0.000,0,0,13,15,15,13,13,15,0.0,0.0,1.0,0.0,0.0,1.0
"G[1,2](HCO3 <= 19.843 | Magnesium >= 0.138)
",9999999.000,9999999.000,0.000,1.000,0.000,0,0,28,0,0,28,28,0,0.0,0.0,1.0,0.0,0.0,1.0
"G[1,2](((Hgb <= 4.683 | Hct <= 8.543) -> WBC >= 0.016) & Platelets >= 2.248)
",9999999.000,9999999.000,0.000,1.000,0.000,0,0,3,25,25,3,3,25,0.0,0.0,1.0,0.0,0.0,1.0
"G[1,2](Platelets <= 162.062 -> WBC >= 0.284)
",9999999.000,9999999.000,0.000,1.000,0.000,0,0,3,25,25,3,3,25,0.0,0.0,1.0,0.0,0.0,1.0
"G[1,2](Chloride >= 6.692 & HCO3 >= 1.026)
",9999999.000,9999999.000,0.000,1.000,0.000,0,0,3,25,25,3,3,25,0.0,0.0,1.0,0.0,0.0,1.0
"G[1,2](BUN <= 11.815 & Creatinine >= 0.001)
",9999999.000,9999999.000,0.000,1.000,0.000,0,0,2,26,26,2,2,26,0.0,0.0,1.0,0.0,0.0,1.0
"G[0,1](BUN <= 11.854 & Creatinine >= 0.027)
",9999999.000,9999999.000,0.000,1.000,0.000,0,0,0,28,28,0,0,28,0.0,0.0,0.0,0.0,0.0,1.0
"G[0,1](Chloride >= 5.719 & HCO3 >= 1.611)
",9999999.000,9999999.000,0.000,1.000,0.000,0,0,0,28,28,0,0,28,0.0,0.0,0.0,0.0,0.0,1.0
"G[0,1](Platelets <= 64.143 -> WBC >= 0.405)
",9999999.000,9999999.000,0.000,1.000,0.000,0,0,0,28,28,0,0,28,0.0,0.0,0.0,0.0,0.0,1.0
"G[0,2](((Hgb <= 10.279 | Hct <= 13.269) -> WBC >= 0.014) & Platelets >= 7.762)
",9999999.000,9999999.000,0.000,1.000,0.000,0,0,0,28,28,0,0,28,0.0,0.0,0.0,0.0,0.0,1.0
"G[0,1](BUN <= 7.826 & Creatinine >= 0.010)
",9999999.000,9999999.000,0.000,1.000,0.000,0,0,0,28,28,0,0,28,0.0,0.0,0.0,0.0,0.0,1.0
"G[0,2](Chloride >= 1.012 & HCO3 >= 0.222)
",9999999.000,9999999.000,0.000,1.000,0.000,0,0,0,28,28,0,0,28,0.0,0.0,0.0,0.0,0.0,1.0
"G[1,2](Platelets <= 188.967 -> WBC >= 0.199)
",9999999.000,9999999.000,0.000,1.000,0.000,0,0,3,25,25,3,3,25,0.0,0.0,1.0,0.0,0.0,1.0
"G[0,1](((Hgb <= 5.157 | Hct <= 19.454) -> WBC >= 0.895) & Platelets >= 4.281)
",9999999.000,9999999.000,0.000,1.000,0.000,0,0,0,28,28,0,0,28,0.0,0.0,0.0,0.0,0.0,1.0
"G[1,2](BUN <= 4.573 & Creatinine >= 0.023)
",9999999.000,9999999.000,0.000,1.000,0.000,0,0,1,27,27,1,1,27,0.0,0.0,1.0,0.0,0.0,1.0
"G[0,1](Chloride >= 6.911 & HCO3 >= 0.327)
",9999999.000,9999999.000,0.000,1.000,0.000,0,0,0,28,28,0,0,28,0.0,0.0,0.0,0.0,0.0,1.0
"G[1,2](((Hgb <= 8.129 | Hct <= 11.478) -> WBC >= 0.689) & Platelets >= 12.005)
",9999999.000,9999999.000,0.000,1.000,0.000,0,0,3,25,25,3,3,25,0.0,0.0,1.0,0.0,0.0,1.0
"G[1,2](BUN <= 10.323 & Creatinine >= 0.022)
",9999999.000,9999999.000,0.000,1.000,0.000,0,0,2,26,26,2,2,26,0.0,0.0,1.0,0.0,0.0,1.0
"G[0,2](Chloride >= 6.293 & HCO3 >= 0.947)
",9999999.000,9999999.000,0.000,1.000,0.000,0,0,0,28,28,0,0,28,0.0,0.0,0.0,0.0,0.0,1.0
"G[0,2](((Hgb <= 6.014 | Hct <= 18.476) -> WBC >= 1.041) & Platelets >= 5.583)
",9999999.000,9999999.000,0.000,1.000,0.000,0,0,0,28,28,0,0,28,0.0,0.0,0.0,0.0,0.0,1.0
"G[1,2](BUN <= 11.358 & Creatinine >= 0.003)
",9999999.000,9999999.000,0.000,1.000,0.000,0,0,2,26,26,2,2,26,0.0,0.0,1.0,0.0,0.0,1.0
"G[0,1](Chloride >= 5.726 & HCO3 >= 0.559)
",9999999.000,9999999.000,0.000,1.000,0.000,0,0,0,28,28,0,0,28,0.0,0.0,0.0,0.0,0.0,1.0
"G[2,2](Platelets <= 109.332 -> WBC >= 0.187)
",-7693580093233570.000,-109.332,0.000,1.000,0.000,0,0,28,0,0,28,28,0,0.0,0.0,1.0,0.0,0.0,1.0
"G[0,2](((Hgb <= 8.245 | Hct <= 22.764) -> WBC >= 0.882) & Platelets >= 10.522)
",9999999.000,9999999.000,0.000,1.000,0.000,0,0,0,28,28,0,0,28,0.0,0.0,0.0,0.0,0.0,1.0
"G[2,2](BUN <= 9.211 & Creatinine >= 0.022)
",-6359911043969907.000,-0.022,0.000,1.000,0.000,0,0,28,0,0,28,28,0,0.0,0.0,1.0,0.0,0.0,1.0
"G[1,2](Chloride >= 2.589 & HCO3 >= 0.274)
",9999999.000,9999999.000,0.000,1.000,0.000,0,0,3,25,25,3,3,25,0.0,0.0,1.0,0.0,0.0,1.0
"G[0,2](Platelets <= 94.815 -> WBC >= 0.198)
",9999999.000,9999999.000,0.000,1.000,0.000,0,0,0,28,28,0,0,28,0.0,0.0,0.0,0.0,0.0,1.0
"G[2,2](BUN <= 7.581 & Creatinine >= 0.025)
",-7316590460970037.000,-0.025,0.000,1.000,0.000,0,0,28,0,0,28,28,0,0.0,0.0,1.0,0.0,0.0,1.0
"G[0,1](Platelets <= 95.924 -> WBC >= 1.077)
",9999999.000,9999999.000,0.000,1.000,0.000,0,0,0,28,28,0,0,28,0.0,0.0,0.0,0.0,0.0,1.0
"G[2,2](((Hgb <= 8.029 | Hct <= 15.988) -> WBC >= 0.021) & Platelets >= 12.269)
",-4500180796956884.500,-15.988,0.000,1.000,0.000,0,0,28,0,0,28,28,0,0.0,0.0,1.0,0.0,0.0,1.0
"G[0,2](BUN <= 10.105 & Creatinine >= 0.031)
",9999999.000,9999999.000,0.000,1.000,0.000,0,0,0,28,28,0,0,28,0.0,0.0,0.0,0.0,0.0,1.0
"G[0,2](Chloride >= 0.708 & HCO3 >= 1.163)
",9999999.000,9999999.000,0.000,1.000,0.000,0,0,0,28,28,0,0,28,0.0,0.0,0.0,0.0,0.0,1.0
"G[0,1](((Hgb <= 4.272 | Hct <= 28.304) -> WBC >= 0.853) & Platelets >= 7.120)
",9999999.000,9999999.000,0.000,1.000,0.000,0,0,0,28,28,0,0,28,0.0,0.0,0.0,0.0,0.0,1.0
"G[2,2](Calcium >= 0.096 | HCO3 <= 2.542)
",2.542,2.542,0.000,1.000,0.000,0,0,28,0,0,28,28,0,0.0,0.0,1.0,0.0,0.0,1.0
"G[0,2]((Creatinine >= 0.030 | Magnesium >= 0.152) -> HCO3 >= 0.080)
",9999999.000,9999999.000,0.000,1.000,0.000,0,0,27,1,1,27,27,1,0.0,0.0,1.0,0.0,0.0,1.0
"G[0,1]((Chloride <= 90.176 & O2Sat <= 89.146) & SepsisLabel >= 42.921)
",9999999.000,9999999.000,0.000,1.000,0.000,0,0,0,28,28,0,0,28,0.0,0.0,0.0,0.0,0.0,1.0
"G[1,2](DBP <= 51.505 & WBC >= 0.057)
",9999999.000,9999999.000,0.000,1.000,0.000,0,0,2,26,26,2,2,26,0.0,0.0,1.0,0.0,0.0,1.0
"G[0,2]((PaCO2 <= 22.765 | Temp >= 4.088) -> HCO3 >= 2.533)
",9999999.000,9999999.000,0.000,1.000,0.000,0,0,1,27,27,1,1,27,0.0,0.0,1.0,0.0,0.0,1.0
"G[0,1]((Resp <= 26.772 -> Temp >= 9.333) | FiO2 >= 7.932)
",9999999.000,9999999.000,0.000,1.000,0.000,0,0,0,28,28,0,0,28,0.0,0.0,0.0,0.0,0.0,1.0
"G[1,2](DBP <= 52.086 | pH >= 0.203)
",9999999.000,9999999.000,0.000,1.000,0.000,0,0,5,23,23,5,5,23,0.0,0.0,1.0,0.0,0.0,1.0
"G[0,2](HR >= 41.033 | PaCO2 >= 2.038)
",9999999.000,9999999.000,0.000,1.000,0.000,0,0,17,11,11,17,17,11,0.0,0.0,1.0,0.0,0.0,1.0
"G[1,2]((BaseExcess >= 0.110 | SBP <= 128.726) -> Hct <= 116.484)
",9999999.000,9999999.000,0.000,1.000,0.000,0,0,28,0,0,28,28,0,0.0,0.0,1.0,0.0,0.0,1.0
"G[0,2]((MAP >= 40.597 & PaCO2 >= 1.876) & HR >= 6.199)
",9999999.000,9999999.000,0.000,1.000,0.000,0,0,0,28,28,0,0,28,0.0,0.0,0.0,0.0,0.0,1.0
"G[0,2](DBP <= 75.086 -> FiO2 <= 0.397)
",9999999.000,9999999.000,0.000,1.000,0.000,0,0,18,10,10,18,18,10,0.0,0.0,1.0,0.0,0.0,1.0
"G[1,2](Platelets <= 152.357 -> WBC >= 0.463)
",9999999.000,9999999.000,0.000,1.000,0.000,0,0,3,25,25,3,3,25,0.0,0.0,1.0,0.0,0.0,1.0
"G[0,2]((O2Sat <= 77.896 -> PaCO2 <= 30.909) -> Phosphate <= 23.562)
",9999999.000,9999999.000,0.000,1.000,0.000,0,0,28,0,0,28,28,0,0.0,0.0,1.0,0.0,0.0,1.0
"G[1,2](((O2Sat <= 90.308 & pH <= 6.962) -> Chloride <= 7.277) & Platelets <= 6.903)
",9999999.000,9999999.000,0.000,1.000,0.000,0,0,26,2,2,26,26,2,0.0,0.0,1.0,0.0,0.0,1.0
"G[0,2](FiO2 <= 0.315 -> Resp >= 9.755)
",9999999.000,9999999.000,0.000,1.000,0.000,0,0,18,10,10,18,18,10,0.0,0.0,1.0,0.0,0.0,1.0
"G[1,2](BUN <= 3.164 | DBP <= 62.892)
",9999999.000,9999999.000,0.000,1.000,0.000,0,0,27,1,1,27,27,1,0.0,0.0,1.0,0.0,0.0,1.0
"G[0,2](FiO2 <= 0.369 -> Platelets >= 11.649)
",9999999.000,9999999.000,0.000,1.000,0.000,0,0,4,24,24,4,4,24,0.0,0.0,1.0,0.0,0.0,1.0
"G[2,2](((Lactate >= 0.002 | O2Sat >= 60.094) & SBP <= 99.287) | AST >= 57.413)
",-5042846905835036.000,-0.002,0.000,1.000,0.000,0,0,28,0,0,28,28,0,0.0,0.0,1.0,0.0,0.0,1.0
"G[1,2]((Magnesium <= 1.355 & WBC >= 0.941) | Phosphate <= 12.018)
",9999999.000,9999999.000,0.000,1.000,0.000,0,0,28,0,0,28,28,0,0.0,0.0,1.0,0.0,0.0,1.0
"G[1,2](((Magnesium >= 0.118 & MAP <= 60.872) -> Bilirubin_total >= 56.432) & Hct <= 81.901)
",9999999.000,9999999.000,0.000,1.000,0.000,0,0,28,0,0,28,28,0,0.0,0.0,1.0,0.0,0.0,1.0
"G[2,2](DBP <= 65.008 & Phosphate >= 0.255)
",-0.255,-0.255,0.000,1.000,0.000,0,0,28,0,0,28,28,0,0.0,0.0,1.0,0.0,0.0,1.0
"G[1,2]((Glucose <= 87.062 | MAP <= 91.110) | SepsisLabel <= 97.586)
",9999999.000,9999999.000,0.000,1.000,0.000,0,0,28,0,0,28,28,0,0.0,0.0,1.0,0.0,0.0,1.0
"G[0,2](((Chloride <= 61.747 & DBP >= 20.405) -> Temp >= 1.764) | pH >= 25.166)
",9999999.000,9999999.000,0.000,1.000,0.000,0,0,11,17,17,11,11,17,0.0,0.0,1.0,0.0,0.0,1.0
"G[1,2]((DBP >= 29.051 | Platelets >= 11.958) | Bilirubin_total <= 172.638)
",9999999.000,9999999.000,0.000,1.000,0.000,0,0,28,0,0,28,28,0,0.0,0.0,1.0,0.0,0.0,1.0
"G[2,2]((Magnesium <= 0.918 & SBP <= 149.637) | Magnesium <= 146.425)
",146.425,146.425,0.000,1.000,0.000,0,0,28,0,0,28,28,0,0.0,0.0,1.0,0.0,0.0,1.0
"G[0,2]((Potassium <= 3.669 -> Resp <= 24.424) -> SepsisLabel >= 2.996)
",9999999.000,9999999.000,0.000,1.000,0.000,0,0,1,27,27,1,1,27,0.0,0.0,1.0,0.0,0.0,1.0
"G[0,2]((Lactate <= 0.092 -> SBP <= 146.101) & Creatinine <= 153.392)
",9999999.000,9999999.000,0.000,1.000,0.000,0,0,22,6,6,22,22,6,0.0,0.0,1.0,0.0,0.0,1.0
"G[1,2](((Phosphate <= 1.949 | Resp >= 11.920) | Creatinine >= 11.025) & Lactate >= 3.045)
",9999999.000,9999999.000,0.000,1.000,0.000,0,0,1,27,27,1,1,27,0.0,0.0,1.0,0.0,0.0,1.0
"G[1,2]((HCO3 >= 0.400 | Resp >= 2.640) & MAP >= 5.085)
",9999999.000,9999999.000,0.000,1.000,0.000,0,0,26,2,2,26,26,2,0.0,0.0,1.0,0.0,0.0,1.0
"G[0,2](O2Sat <= 92.709 -> Phosphate >= 0.132)
",9999999.000,9999999.000,0.000,1.000,0.000,0,0,13,15,15,13,13,15,0.0,0.0,1.0,0.0,0.0,1.0
"G[2,2](Hgb >= 0.619 & Resp >= 3.031)
",-6825521167859337.000,-3.031,0.000,1.000,0.000,0,0,28,0,0,28,28,0,0.0,0.0,1.0,0.0,0.0,1.0
"G[0,2](((HR <= 97.839 | PTT <= 8.316) | SBP <= 18.954) & Bilirubin_direct >= 0.516)
",9999999.000,9999999.000,0.000,1.000,0.000,0,0,0,28,28,0,0,28,0.0,0.0,0.0,0.0,0.0,1.0
"G[1,2](((Glucose >= 6.786 & Lactate >= 0.002) -> Magnesium >= 0.005) -> O2Sat <= 0.045)
",9999999.000,9999999.000,0.000,1.000,0.000,0,0,5,23,23,5,5,23,0.0,0.0,1.0,0.0,0.0,1.0
"G[0,2](((Lactate >= 0.003 & PaCO2 <= 21.605) | Hct <= 11.370) & Magnesium <= 11.736)
",9999999.000,9999999.000,0.000,1.000,0.000,0,0,23,5,5,23,23,5,0.0,0.0,1.0,0.0,0.0,1.0
"G[1,2](((MAP >= 28.825 | Temp <= 15.447) -> Hct <= 11.896) -> O2Sat >= 4.315)
",9999999.000,9999999.000,0.000,1.000,0.000,0,0,24,4,4,24,24,4,0.0,0.0,1.0,0.0,0.0,1.0
"G[0,1](((Calcium >= 0.194 | PTT >= 0.153) | TroponinI <= 7.543) -> Platelets >= 0.458)
",9999999.000,9999999.000,0.000,1.000,0.000,0,0,0,28,28,0,0,28,0.0,0.0,0.0,0.0,0.0,1.0
"G[0,1](((HR <= 96.393 | Resp <= 25.695) -> Fibrinogen <= 18.681) -> SepsisLabel >= 2.077)
",9999999.000,9999999.000,0.000,1.000,0.000,0,0,0,28,28,0,0,28,0.0,0.0,0.0,0.0,0.0,1.0
"G[0,2](Phosphate >= 0.277 -> PTT >= 0.081)
",9999999.000,9999999.000,0.000,1.000,0.000,0,0,26,2,2,26,26,2,0.0,0.0,1.0,0.0,0.0,1.0
"G[2,2](Hct <= 6.554 | Magnesium <= 1.989)
",3689850296606554.500,6.554,0.000,1.000,0.000,0,0,28,0,0,28,28,0,0.0,0.0,1.0,0.0,0.0,1.0
"G[1,2](BUN <= 3.944 & Calcium <= 2.755)
",9999999.000,9999999.000,0.000,1.000,0.000,0,0,26,2,2,26,26,2,0.0,0.0,1.0,0.0,0.0,1.0
"G[0,1]((Glucose <= 90.465 & Magnesium <= 0.325) -> Magnesium >= 0.047)
",9999999.000,9999999.000,0.000,1.000,0.000,0,0,0,28,28,0,0,28,0.0,0.0,0.0,0.0,0.0,1.0
"G[1,2](((Lactate <= 0.330 -> PTT <= 8.963) | Platelets <= 18.475) | Potassium >= 0.100)
",9999999.000,9999999.000,0.000,1.000,0.000,0,0,28,0,0,28,28,0,0.0,0.0,1.0,0.0,0.0,1.0
"G[0,2]((Platelets <= 94.155 | PTT <= 8.985) | Calcium >= 0.249)
",9999999.000,9999999.000,0.000,1.000,0.000,0,0,27,1,1,27,27,1,0.0,0.0,1.0,0.0,0.0,1.0
"G[0,1](((Creatinine <= 0.444 | PTT >= 0.600) & BUN >= 0.294) & Bilirubin_direct <= 19.730)
",9999999.000,9999999.000,0.000,1.000,0.000,0,0,0,28,28,0,0,28,0.0,0.0,0.0,0.0,0.0,1.0
"G[1,2]((O2Sat <= 78.283 & Resp >= 1.557) -> TroponinI >= 1.783)
",9999999.000,9999999.000,0.000,1.000,0.000,0,0,26,2,2,26,26,2,0.0,0.0,1.0,0.0,0.0,1.0
"G[1,2](Lactate >= 0.001 & Phosphate <= 3.968)
",9999999.000,9999999.000,0.000,1.000,0.000,0,0,1,27,27,1,1,27,0.0,0.0,1.0,0.0,0.0,1.0
"G[1,2](((BaseExcess <= 1.530 | Platelets <= 108.584) | BaseExcess <= 52.560) & DBP <= 49.540)
",9999999.000,9999999.000,0.000,1.000,0.000,0,0,5,23,23,5,5,23,0.0,0.0,1.0,0.0,0.0,1.0
"G[1,2](((BaseExcess <= 4.391 -> Creatinine <= 0.455) & Temp <= 0.275) -> AST <= 0.351)
",9999999.000,9999999.000,0.000,1.000,0.000,0,0,28,0,0,28,28,0,0.0,0.0,1.0,0.0,0.0,1.0
"G[1,2](Glucose <= 86.000 & PTT >= 0.165)
",9999999.000,9999999.000,0.000,1.000,0.000,0,0,1,27,27,1,1,27,0.0,0.0,1.0,0.0,0.0,1.0
"G[0,2]((BaseExcess >= 0.159 & Potassium >= 0.105) | EtCO2 >= 0.034)
",9999999.000,9999999.000,0.000,1.000,0.000,0,0,0,28,28,0,0,28,0.0,0.0,0.0,0.0,0.0,1.0
"G[1,2]((Lactate >= 0.004 | Potassium <= 1.437) & MAP >= 0.129)
",9999999.000,9999999.000,0.000,1.000,0.000,0,0,25,3,3,25,25,3,0.0,0.0,1.0,0.0,0.0,1.0
"G[0,2](Chloride <= 95.856 & Lactate >= 0.009)
",9999999.000,9999999.000,0.000,1.000,0.000,0,0,0,28,28,0,0,28,0.0,0.0,0.0,0.0,0.0,1.0
"G[2,2](FiO2 <= 0.240 | pH <= 6.180)
",6958064523945892.000,6.180,0.000,1.000,0.000,0,0,28,0,0,28,28,0,0.0,0.0,1.0,0.0,0.0,1.0
"G[1,2](((Hgb >= 0.667 | pH >= 0.386) & HR >= 0.807) | Bilirubin_direct >= 0.591)
",9999999.000,9999999.000,0.000,1.000,0.000,0,0,3,25,25,3,3,25,0.0,0.0,1.0,0.0,0.0,1.0
"G[2,2](((Creatinine <= 0.296 -> PaCO2 <= 9.777) & Hgb <= 11.854) & HR >= 2.935)
",-9.777,-9.777,0.000,1.000,0.000,0,0,28,0,0,28,28,0,0.0,0.0,1.0,0.0,0.0,1.0
"G[0,2](((pH <= 6.391 & Platelets <= 54.898) & Bilirubin_total <= 105.902) | Bilirubin_direct <= 167.751)
",9999999.000,9999999.000,0.000,1.000,0.000,0,0,28,0,0,28,28,0,0.0,0.0,1.0,0.0,0.0,1.0
"G[2,2](((Creatinine <= 0.292 | pH >= 0.758) | PTT >= 0.365) & BaseExcess <= 6.152)
",0.292,0.292,0.000,1.000,0.000,0,0,28,0,0,28,28,0,0.0,0.0,1.0,0.0,0.0,1.0
"G[0,2]((PaCO2 >= 0.423 | PTT <= 6.108) & MAP >= 0.806)
",9999999.000,9999999.000,0.000,1.000,0.000,0,0,13,15,15,13,13,15,0.0,0.0,1.0,0.0,0.0,1.0
"G[1,2](PaCO2 >= 2.169 & WBC <= 18.441)
",9999999.000,9999999.000,0.000,1.000,0.000,0,0,2,26,26,2,2,26,0.0,0.0,1.0,0.0,0.0,1.0
"G[0,2]((Lactate >= 0.004 & Magnesium <= 0.818) -> SBP >= 0.143)
",9999999.000,9999999.000,0.000,1.000,0.000,0,0,28,0,0,28,28,0,0.0,0.0,1.0,0.0,0.0,1.0
"G[0,2]((Hct <= 7.351 -> Lactate >= 0.006) & SaO2 >= 0.004)
",9999999.000,9999999.000,0.000,1.000,0.000,0,0,0,28,28,0,0,28,0.0,0.0,0.0,0.0,0.0,1.0
"G[1,2]((SBP >= 46.747 -> Temp >= 0.745) | Calcium >= 3.364)
",9999999.000,9999999.000,0.000,1.000,0.000,0,0,17,11,11,17,17,11,0.0,0.0,1.0,0.0,0.0,1.0
"G[1,2]((Creatinine <= 0.445 | Lactate >= 0.005) | DBP <= 0.141)
",9999999.000,9999999.000,0.000,1.000,0.000,0,0,27,1,1,27,27,1,0.0,0.0,1.0,0.0,0.0,1.0
"G[0,2]((SBP <= 138.475 & Glucose <= 58.219) & Calcium <= 50.287)
",9999999.000,9999999.000,0.000,1.000,0.000,0,0,15,13,13,15,15,13,0.0,0.0,1.0,0.0,0.0,1.0
