Rule,Discrimination Score,Pos Robustness,Neg Robustness,Percent Class +,Percent Class -,TP,TN,FP,FN,Actual Yes,Actual No,Predicted Yes,Predicted No,TPR/Sens,TNR/Spec,FPR,Precision,Accuracy,MCR,Class
"G[0,1](WBC >= 0.441 -> SepsisLabel = 0.000)
",9999999.000,9999999.000,0.000,1.000,0.000,23,0,0,0,23,0,23,0,1.0,0.0,0.0,1.0,1.0,0.0,1
"G[0,1](((Chloride <= 42.779 & Fibrinogen <= 332.384) | Alkalinephos >= 25.435) | Resp <= 544.747)
",9999999.000,9999999.000,0.000,1.000,0.000,23,0,0,0,23,0,23,0,1.0,0.0,0.0,1.0,1.0,0.0,1
"G[0,1]((Resp >= 13.408 -> pH >= 2.493) | SaO2 <= 3.070)
",9999999.000,9999999.000,0.000,1.000,0.000,23,0,0,0,23,0,23,0,1.0,0.0,0.0,1.0,1.0,0.0,1
"G[0,1](((HR <= 102.013 -> Resp >= 2.887) | Resp <= 25.361) -> Creatinine <= 21.307)
",9999999.000,9999999.000,0.000,1.000,0.000,23,0,0,0,23,0,23,0,1.0,0.0,0.0,1.0,1.0,0.0,1
"G[0,1](((AST >= 1.107 -> BaseExcess >= -3.145) -> Resp <= -0.053) -> Alkalinephos >= -3.792)
",9999999.000,9999999.000,0.000,1.000,0.000,23,0,0,0,23,0,23,0,1.0,0.0,0.0,1.0,1.0,0.0,1
"G[0,0](BaseExcess >= -3.403 | O2Sat >= 49.267)
",1.514,28.778,0.000,1.000,0.000,23,0,0,0,23,0,23,0,1.0,0.0,0.0,1.0,1.0,0.0,1
"G[0,0]((PaCO2 <= 18.601 | Potassium >= 0.934) | HCO3 <= 1.228)
",4.350,15.706,0.000,1.000,0.000,23,0,0,0,23,0,23,0,1.0,0.0,0.0,1.0,1.0,0.0,1
"G[0,1]((HR <= 68.052 & SaO2 <= 93.354) -> Bilirubin_total <= 45.956)
",9999999.000,9999999.000,0.000,1.000,0.000,23,0,0,0,23,0,23,0,1.0,0.0,0.0,1.0,1.0,0.0,1
"G[1,1]((SaO2 >= 4.883 | AST >= 1.279) -> pH >= 0.344)
",0.344,0.344,0.000,1.000,0.000,23,0,0,0,23,0,23,0,1.0,0.0,0.0,1.0,1.0,0.0,1
"G[0,1](((Magnesium <= 0.000 -> EtCO2 <= 0.000) -> Platelets <= 0.000) | Lactate >= 0.000)
",9999999.000,9999999.000,0.000,1.000,0.000,23,0,0,0,23,0,23,0,1.0,0.0,0.0,1.0,1.0,0.0,1
"G[0,0](Chloride >= 2.578 -> Hgb >= 0.394)
",-0.346,-3.302,0.000,1.000,0.000,23,0,0,0,23,0,23,0,1.0,0.0,0.0,1.0,1.0,0.0,1
"F[0,1](((Calcium < 0.000 & Potassium < 3.898) & Magnesium < 0.000) & Phosphate < 0.000)
",-9999999.000,-9999999.000,0.000,0.000,1.000,23,0,0,0,23,0,23,0,1.0,0.0,0.0,1.0,1.0,0.0,-1
"G[0,0](((BUN >= 0.937 | SaO2 >= 15.090) | Resp <= 56.555) | O2Sat <= 33.550)
",1.493,35.922,0.000,1.000,0.000,23,0,0,0,23,0,23,0,1.0,0.0,0.0,1.0,1.0,0.0,1
"F[0,1](((Bilirubin_total <= 0.163 & MAP >= 34.525) -> O2Sat <= 75.484) & Phosphate >= 2.141)
",-9999999.000,-9999999.000,0.000,0.000,1.000,23,0,0,0,23,0,23,0,1.0,0.0,0.0,1.0,1.0,0.0,-1
"F[1,1](Hgb <= 9.314 & Lactate >= 0.025)
",-7283444191795363.000,-0.025,0.000,0.000,1.000,23,0,0,0,23,0,23,0,1.0,0.0,0.0,1.0,1.0,0.0,-1
"F[0,1](((Calcium < 0.000 & Potassium < 2.087) & Magnesium < 0.000) & Phosphate < 0.000)
",-9999999.000,-9999999.000,0.000,0.000,1.000,23,0,0,0,23,0,23,0,1.0,0.0,0.0,1.0,1.0,0.0,-1
"F[0,1](Platelets >= 12.422 & BUN <= 9.115)
",-9999999.000,-9999999.000,0.000,0.000,1.000,23,0,0,0,23,0,23,0,1.0,0.0,0.0,1.0,1.0,0.0,-1
"F[0,1](Alkalinephos >= 1.386 & HR >= 1.547)
",-9999999.000,-9999999.000,0.000,0.000,1.000,23,0,0,0,23,0,23,0,1.0,0.0,0.0,1.0,1.0,0.0,-1
"F[0,0](((BUN >= 3.395 -> Hgb >= 0.266) | Glucose <= 7.771) & TroponinI >= 0.786)
",-3539345626393127.000,-0.786,0.000,0.000,1.000,23,0,0,0,23,0,23,0,1.0,0.0,0.0,1.0,1.0,0.0,-1
"F[0,1](((Alkalinephos <= 82.483 -> Hct <= 22.779) & Alkalinephos >= 4.833) & BaseExcess >= 1.934)
",-9999999.000,-9999999.000,0.000,0.000,1.000,23,0,0,0,23,0,23,0,1.0,0.0,0.0,1.0,1.0,0.0,-1
"F[0,0](((Calcium < 0.000 & Potassium < 3.611) & Magnesium < 0.000) & Phosphate < 0.000)
",-0.213,-5.217,0.000,0.000,1.000,23,0,0,0,23,0,23,0,1.0,0.0,0.0,1.0,1.0,0.0,-1
"G[0,1](Chloride >= 15.648 | Platelets <= 210.023)
",9999999.000,9999999.000,0.000,1.000,0.000,23,0,0,0,23,0,23,0,1.0,0.0,0.0,1.0,1.0,0.0,1
"F[0,0](((Calcium < 0.000 & Potassium < 1.134) & Magnesium < 0.000) & Phosphate < 0.000)
",-0.213,-5.217,0.000,0.000,1.000,23,0,0,0,23,0,23,0,1.0,0.0,0.0,1.0,1.0,0.0,-1
"G[0,0]((AST <= 8.589 & Creatinine <= 1.449) -> Bilirubin_direct <= 0.409)
",-1.172,-0.911,0.000,1.000,0.000,23,0,0,0,23,0,23,0,1.0,0.0,0.0,1.0,1.0,0.0,1
"G[0,1](((Alkalinephos <= 108.272 | Glucose <= 68.438) | Glucose <= 112.464) | Calcium <= 73.331)
",9999999.000,9999999.000,0.000,1.000,0.000,23,0,0,0,23,0,23,0,1.0,0.0,0.0,1.0,1.0,0.0,1
"G[0,0]((Creatinine <= 0.679 & Glucose <= 78.011) | Resp <= 126.364)
",3.945,103.473,0.000,1.000,0.000,23,0,0,0,23,0,23,0,1.0,0.0,0.0,1.0,1.0,0.0,1
"G[1,1]((Resp <= 26.243 | PTT <= 7.654) | Glucose <= 20.459)
",7386781874376755.000,26.243,0.000,1.000,0.000,23,0,0,0,23,0,23,0,1.0,0.0,0.0,1.0,1.0,0.0,1
"G[0,1](Phosphate >= 0.000 & SepsisLabel = 0.000)
",9999999.000,9999999.000,0.000,1.000,0.000,23,0,0,0,23,0,23,0,1.0,0.0,0.0,1.0,1.0,0.0,1
"G[0,1](((FiO2 >= 0.111 & SBP <= 133.488) & Temp >= 40.046) -> Fibrinogen <= 127.449)
",9999999.000,9999999.000,0.000,1.000,0.000,23,0,0,0,23,0,23,0,1.0,0.0,0.0,1.0,1.0,0.0,1
"G[0,1](((DBP >= 7.365 -> Platelets <= 219.847) -> Hgb <= 51.635) -> Lactate <= 289.470)
",9999999.000,9999999.000,0.000,1.000,0.000,23,0,0,0,23,0,23,0,1.0,0.0,0.0,1.0,1.0,0.0,1
"G[0,1](((Hgb <= 6.711 -> SaO2 >= 6.227) & Resp >= 8.514) | Resp <= 56.966)
",9999999.000,9999999.000,0.000,1.000,0.000,23,0,0,0,23,0,23,0,1.0,0.0,0.0,1.0,1.0,0.0,1
"G[0,1](Platelets < 140.179 -> SepsisLabel = 0.000)
",9999999.000,9999999.000,0.000,1.000,0.000,23,0,0,0,23,0,23,0,1.0,0.0,0.0,1.0,1.0,0.0,1
"G[1,1]((BaseExcess <= -0.851 | PTT <= 17.431) | Lactate >= 0.324)
",2453232033575093.500,17.431,0.000,1.000,0.000,23,0,0,0,23,0,23,0,1.0,0.0,0.0,1.0,1.0,0.0,1
"G[0,0](Platelets <= 203.102 -> SepsisLabel = 0.000)
",-1.481,-177.537,0.000,1.000,0.000,23,0,0,0,23,0,23,0,1.0,0.0,0.0,1.0,1.0,0.0,1
"G[0,1](Platelets >= 33.500 -> SepsisLabel = 0.000)
",9999999.000,9999999.000,0.000,1.000,0.000,23,0,0,0,23,0,23,0,1.0,0.0,0.0,1.0,1.0,0.0,1
"G[1,1]((Alkalinephos <= 34.757 -> Lactate <= 0.315) | Creatinine >= 0.043)
",-0.043,-0.043,0.000,1.000,0.000,23,0,0,0,23,0,23,0,1.0,0.0,0.0,1.0,1.0,0.0,1
"G[0,1]((DBP >= 12.162 -> Lactate <= 0.617) | HR >= 0.057)
",9999999.000,9999999.000,0.000,1.000,0.000,23,0,0,0,23,0,23,0,1.0,0.0,0.0,1.0,1.0,0.0,1
"G[1,1](((Bilirubin_total >= 0.010 -> O2Sat <= 61.390) -> FiO2 <= 98.864) | WBC <= 85.524)
",6018224601278815.000,85.524,0.000,1.000,0.000,23,0,0,0,23,0,23,0,1.0,0.0,0.0,1.0,1.0,0.0,1
"G[1,1](AST < 16.846 -> SepsisLabel = 0.000)
",-2370796925641970.500,-16.846,0.000,1.000,0.000,23,0,0,0,23,0,23,0,1.0,0.0,0.0,1.0,1.0,0.0,1
"G[1,1](((WBC >= 1.022 & EtCO2 >= 0.000) -> PTT >= 0.000) -> Calcium <= 0.000)
",0.000,0.000,0.000,1.000,0.000,23,0,0,0,23,0,23,0,1.0,0.0,0.0,1.0,1.0,0.0,1
"G[0,0](((TroponinI >= 0.000 | SaO2 <= 43.556) | Hct >= 2.183) | WBC >= 15.176)
",2.744,36.556,0.000,1.000,0.000,23,0,0,0,23,0,23,0,1.0,0.0,0.0,1.0,1.0,0.0,1
"G[0,1]((EtCO2 >= 0.000 | HR <= 93.423) | WBC >= 29.577)
",9999999.000,9999999.000,0.000,1.000,0.000,23,0,0,0,23,0,23,0,1.0,0.0,0.0,1.0,1.0,0.0,1
"G[0,0](((MAP <= 81.658 -> Temp <= 23.898) -> pH <= 24.888) | Magnesium >= 0.162)
",-0.317,-0.097,0.000,1.000,0.000,23,0,0,0,23,0,23,0,1.0,0.0,0.0,1.0,1.0,0.0,1
"G[0,0]((Alkalinephos <= 31.100 | pH >= 1.338) | Resp <= 2.799)
",3.152,27.709,0.000,1.000,0.000,23,0,0,0,23,0,23,0,1.0,0.0,0.0,1.0,1.0,0.0,1
"G[0,1]((MAP >= 48.494 | O2Sat <= 94.569) | Glucose >= 29.404)
",9999999.000,9999999.000,0.000,1.000,0.000,22,0,0,1,23,0,22,1,0.9565217391304348,0.0,0.0,1.0,0.9565217391304348,0.04347826086956519,1
"((PaCO2 <= 35.383) U[1,1] (PTT >= 0.945))
",4979649015159439.000,35.383,0.000,0.000,1.000,22,0,0,1,23,0,22,1,0.9565217391304348,0.0,0.0,1.0,0.9565217391304348,0.04347826086956519,-1
"((EtCO2 <= 0.000) U[0,0] (Lactate >= 0.040))
",0.641,32.469,0.000,0.000,1.000,22,0,0,1,23,0,22,1,0.9565217391304348,0.0,0.0,1.0,0.9565217391304348,0.04347826086956519,-1
"F[1,1](TroponinI >= 0.000 & Platelets >= 6.277)
",-7067085018575587.000,-6.277,0.000,0.000,1.000,22,0,0,1,23,0,22,1,0.9565217391304348,0.0,0.0,1.0,0.9565217391304348,0.04347826086956519,-1
"F[1,1]((BUN <= 22.048 -> Platelets >= 33.985) & PTT >= 25.568)
",-7196770125886379.000,-25.568,0.000,0.000,1.000,22,0,0,1,23,0,22,1,0.9565217391304348,0.0,0.0,1.0,0.9565217391304348,0.04347826086956519,-1
"((Alkalinephos >= 1.569) U[1,1] (BUN >= 2.769))
",-7064530898265469.000,-1.569,0.000,0.000,1.000,22,0,0,1,23,0,22,1,0.9565217391304348,0.0,0.0,1.0,0.9565217391304348,0.04347826086956519,-1
"((O2Sat >= 42.338) U[1,1] (SBP <= 98.724))
",98.724,98.724,0.000,0.000,1.000,22,0,0,1,23,0,22,1,0.9565217391304348,0.0,0.0,1.0,0.9565217391304348,0.04347826086956519,-1
"F[0,1]((O2Sat <= 61.908 -> PaCO2 >= 4.601) & HR <= 32.598)
",-9999999.000,-9999999.000,0.000,0.000,1.000,22,0,0,1,23,0,22,1,0.9565217391304348,0.0,0.0,1.0,0.9565217391304348,0.04347826086956519,-1
"F[0,1]((Alkalinephos >= 1.105 & O2Sat <= 89.435) | SepsisLabel >= 54.735)
",-9999999.000,-9999999.000,0.000,0.000,1.000,22,0,0,1,23,0,22,1,0.9565217391304348,0.0,0.0,1.0,0.9565217391304348,0.04347826086956519,-1
"F[0,1](pH <= 4.025 & PTT >= 1.373)
",-9999999.000,-9999999.000,0.000,0.000,1.000,22,0,0,1,23,0,22,1,0.9565217391304348,0.0,0.0,1.0,0.9565217391304348,0.04347826086956519,-1
"F[1,1]((HR >= 46.307 -> Potassium <= 2.721) & PaCO2 >= 0.217)
",-2.721,-2.721,0.000,0.000,1.000,22,0,0,1,23,0,22,1,0.9565217391304348,0.0,0.0,1.0,0.9565217391304348,0.04347826086956519,-1
"G[0,1]((AST <= 27.326 & SaO2 <= 68.866) | Alkalinephos <= 71.737)
",9999999.000,9999999.000,0.000,1.000,0.000,22,0,0,1,23,0,22,1,0.9565217391304348,0.0,0.0,1.0,0.9565217391304348,0.04347826086956519,1
"G[0,1](Creatinine <= 1.392 -> Fibrinogen <= 371.279)
",9999999.000,9999999.000,0.000,1.000,0.000,22,0,0,1,23,0,22,1,0.9565217391304348,0.0,0.0,1.0,0.9565217391304348,0.04347826086956519,1
"G[0,1]((Chloride >= 3.411 -> SBP >= 85.543) | EtCO2 >= 40.956)
",9999999.000,9999999.000,0.000,1.000,0.000,22,0,0,1,23,0,22,1,0.9565217391304348,0.0,0.0,1.0,0.9565217391304348,0.04347826086956519,1
"G[0,1](Fibrinogen <= 31.343 | DBP >= 18.679)
",9999999.000,9999999.000,0.000,1.000,0.000,22,0,0,1,23,0,22,1,0.9565217391304348,0.0,0.0,1.0,0.9565217391304348,0.04347826086956519,1
"G[0,0](Chloride <= 81.442 | DBP <= 50.454)
",2865496111459918.500,81.442,0.000,1.000,0.000,22,0,0,1,23,0,22,1,0.9565217391304348,0.0,0.0,1.0,0.9565217391304348,0.04347826086956519,1
"G[1,1](Alkalinephos >= 3.237 -> FiO2 >= 0.038)
",5461068097653697.000,0.038,0.000,1.000,0.000,22,0,0,1,23,0,22,1,0.9565217391304348,0.0,0.0,1.0,0.9565217391304348,0.04347826086956519,1
"G[1,1](Hct >= 4.068 -> HR >= 17.301)
",4580123021342337.000,4.068,0.000,1.000,0.000,22,0,0,1,23,0,22,1,0.9565217391304348,0.0,0.0,1.0,0.9565217391304348,0.04347826086956519,1
"F[0,1](((Chloride <= 56.618 & HCO3 >= 2.784) | SBP <= 4.493) & O2Sat >= 0.257)
",-9999999.000,-9999999.000,0.000,0.000,1.000,22,0,0,1,23,0,22,1,0.9565217391304348,0.0,0.0,1.0,0.9565217391304348,0.04347826086956519,-1
"G[0,1](HCO3 >= 2.389 -> Temp <= 32.296)
",9999999.000,9999999.000,0.000,1.000,0.000,21,0,0,2,23,0,21,2,0.9130434782608695,0.0,0.0,1.0,0.9130434782608695,0.08695652173913049,1
"G[0,1]((Creatinine >= 0.079 & pH >= 1.785) -> Resp <= 6.266)
",9999999.000,9999999.000,0.000,1.000,0.000,21,0,0,2,23,0,21,2,0.9130434782608695,0.0,0.0,1.0,0.9130434782608695,0.08695652173913049,1
"((PTT > 0.648) U[1,2] (SepsisLabel = 0.000))
",-9999999.000,-9999999.000,0.000,0.000,1.000,21,0,0,2,23,0,21,2,0.9130434782608695,0.0,0.0,1.0,0.9130434782608695,0.08695652173913049,-1
"F[1,1](((O2Sat >= 14.825 -> Temp <= 10.712) & Hgb >= 1.750) & HCO3 >= 8.306)
",-3015050523388190.500,-10.712,0.000,0.000,1.000,21,0,0,2,23,0,21,2,0.9130434782608695,0.0,0.0,1.0,0.9130434782608695,0.08695652173913049,-1
"((PTT >= 1.186) U[1,2] (SepsisLabel = 0.000))
",-9999999.000,-9999999.000,0.000,0.000,1.000,21,0,0,2,23,0,21,2,0.9130434782608695,0.0,0.0,1.0,0.9130434782608695,0.08695652173913049,-1
"F[0,1](Lactate > 0.062 & SepsisLabel = 0.000)
",-9999999.000,-9999999.000,0.000,0.000,1.000,21,0,0,2,23,0,21,2,0.9130434782608695,0.0,0.0,1.0,0.9130434782608695,0.08695652173913049,-1
"F[0,0](((Lactate >= 0.049 -> Temp <= 28.684) & Potassium <= 15.064) -> PTT >= 7.914)
",0.859,3.583,0.000,0.000,1.000,21,0,0,2,23,0,21,2,0.9130434782608695,0.0,0.0,1.0,0.9130434782608695,0.08695652173913049,-1
"F[0,0](O2Sat >= 46.286 & Platelets >= 10.722)
",-1.281,-20.000,0.000,0.000,1.000,21,0,0,2,23,0,21,2,0.9130434782608695,0.0,0.0,1.0,0.9130434782608695,0.08695652173913049,-1
"G[0,1](Hgb <= 3.339 | PaCO2 <= 9.397)
",9999999.000,9999999.000,0.000,1.000,0.000,20,0,0,3,23,0,20,3,0.8695652173913043,0.0,0.0,1.0,0.8695652173913043,0.13043478260869568,1
"((pH >= 0.577) U[0,0] (Temp >= 0.362))
",1.239,57.920,0.000,0.000,1.000,20,0,0,3,23,0,20,3,0.8695652173913043,0.0,0.0,1.0,0.8695652173913043,0.13043478260869568,-1
"G[0,0](((FiO2 <= 0.450 & WBC <= 10.215) -> SaO2 <= 8.748) & Magnesium <= 5.467)
",-1.463,-6.495,0.000,1.000,0.000,20,0,0,3,23,0,20,3,0.8695652173913043,0.0,0.0,1.0,0.8695652173913043,0.13043478260869568,1
"F[1,1]((O2Sat <= 74.245 & SBP >= 82.156) & MAP <= 103.492)
",-82.156,-82.156,0.000,0.000,1.000,20,0,0,3,23,0,20,3,0.8695652173913043,0.0,0.0,1.0,0.8695652173913043,0.13043478260869568,-1
"F[0,0]((BaseExcess >= -5.077 -> SaO2 >= 11.247) & Glucose >= 9.845)
",-2.610,-12.260,0.000,0.000,1.000,20,0,0,3,23,0,20,3,0.8695652173913043,0.0,0.0,1.0,0.8695652173913043,0.13043478260869568,-1
"G[0,1](Alkalinephos <= 84.641 -> Chloride <= 53.996)
",9999999.000,9999999.000,0.000,1.000,0.000,20,0,0,3,23,0,20,3,0.8695652173913043,0.0,0.0,1.0,0.8695652173913043,0.13043478260869568,1
"F[0,0]((EtCO2 >= 0.000 & Resp >= 7.908) & Temp >= 6.170)
",0.286,3.987,0.000,0.000,1.000,20,0,0,3,23,0,20,3,0.8695652173913043,0.0,0.0,1.0,0.8695652173913043,0.13043478260869568,-1
"G[0,0](((Glucose <= 86.603 | DBP >= 2.822) & TroponinI <= 32.364) | SepsisLabel >= 14.013)
",0.669,76.619,0.000,1.000,0.000,20,0,0,3,23,0,20,3,0.8695652173913043,0.0,0.0,1.0,0.8695652173913043,0.13043478260869568,1
"((Bilirubin_total >= 0.002) U[1,2] (Resp >= 9.343))
",-9999999.000,-9999999.000,0.000,0.000,1.000,19,0,0,4,23,0,19,4,0.8260869565217391,0.0,0.0,1.0,0.8260869565217391,0.17391304347826086,-1
"F[1,1](FiO2 >= 0.019 & SaO2 >= 24.219)
",-24.219,-24.219,0.000,0.000,1.000,19,0,0,4,23,0,19,4,0.8260869565217391,0.0,0.0,1.0,0.8260869565217391,0.17391304347826086,-1
"G[0,0](Fibrinogen <= 130.488 & Resp <= 24.454)
",0.060,1.562,0.000,1.000,0.000,19,0,0,4,23,0,19,4,0.8260869565217391,0.0,0.0,1.0,0.8260869565217391,0.17391304347826086,1
"G[0,1](((Alkalinephos <= 110.574 & Bilirubin_total >= 0.011) | Phosphate <= 0.215) -> Platelets <= 0.279)
",9999999.000,9999999.000,0.000,1.000,0.000,19,0,0,4,23,0,19,4,0.8260869565217391,0.0,0.0,1.0,0.8260869565217391,0.17391304347826086,1
"G[0,1](((Creatinine <= 1.015 | PTT >= 0.496) | Phosphate >= 0.082) & Hgb <= 5.281)
",9999999.000,9999999.000,0.000,1.000,0.000,19,0,0,4,23,0,19,4,0.8260869565217391,0.0,0.0,1.0,0.8260869565217391,0.17391304347826086,1
"G[0,1](((Hgb >= 0.087 -> Chloride <= 44.738) & EtCO2 <= 87.909) | Potassium >= 5.816)
",9999999.000,9999999.000,0.000,1.000,0.000,19,0,0,4,23,0,19,4,0.8260869565217391,0.0,0.0,1.0,0.8260869565217391,0.17391304347826086,1
"F[0,1](Creatinine >= 0.074 & Calcium >= 0.000)
",-9999999.000,-9999999.000,0.000,0.000,1.000,19,0,0,4,23,0,19,4,0.8260869565217391,0.0,0.0,1.0,0.8260869565217391,0.17391304347826086,-1
"((Hct >= 1.120) U[1,2] (Potassium <= 4.795))
",-9999999.000,-9999999.000,0.000,0.000,1.000,19,0,0,4,23,0,19,4,0.8260869565217391,0.0,0.0,1.0,0.8260869565217391,0.17391304347826086,-1
"F[1,1](Alkalinephos <= 53.988 -> HCO3 >= 1.940)
",-53.988,-53.988,0.000,0.000,1.000,19,0,0,4,23,0,19,4,0.8260869565217391,0.0,0.0,1.0,0.8260869565217391,0.17391304347826086,-1
"F[0,0](((AST >= 1.145 | Glucose >= 1.244) | SepsisLabel <= 36.749) -> Hct >= 1.551)
",-1.645,-51.530,0.000,0.000,1.000,19,0,0,4,23,0,19,4,0.8260869565217391,0.0,0.0,1.0,0.8260869565217391,0.17391304347826086,-1
"F[0,0]((TroponinI <= 0.000 -> WBC >= 0.174) & EtCO2 <= 2.879)
",-1.631,-14.190,0.000,0.000,1.000,19,0,0,4,23,0,19,4,0.8260869565217391,0.0,0.0,1.0,0.8260869565217391,0.17391304347826086,-1
"F[1,1](((AST <= 23.852 & Creatinine >= 0.083) & Magnesium >= 0.001) | Chloride >= 0.001)
",-2740145951829970.000,-0.001,0.000,0.000,1.000,19,0,0,4,23,0,19,4,0.8260869565217391,0.0,0.0,1.0,0.8260869565217391,0.17391304347826086,-1
"F[1,1]((Bilirubin_total >= 0.005 | BUN <= 13.884) -> AST >= 2.088)
",-13.884,-13.884,0.000,0.000,1.000,19,0,0,4,23,0,19,4,0.8260869565217391,0.0,0.0,1.0,0.8260869565217391,0.17391304347826086,-1
"((Platelets >= 0.852) U[1,2] (SepsisLabel = 0.000))
",-9999999.000,-9999999.000,0.000,0.000,1.000,19,0,0,4,23,0,19,4,0.8260869565217391,0.0,0.0,1.0,0.8260869565217391,0.17391304347826086,-1
"G[0,1](Hct <= 23.959 | Hgb <= 6.392)
",9999999.000,9999999.000,0.000,1.000,0.000,19,0,0,4,23,0,19,4,0.8260869565217391,0.0,0.0,1.0,0.8260869565217391,0.17391304347826086,1
"F[0,1](Platelets >= 17.508 & SepsisLabel = 0.000)
",-9999999.000,-9999999.000,0.000,0.000,1.000,19,0,0,4,23,0,19,4,0.8260869565217391,0.0,0.0,1.0,0.8260869565217391,0.17391304347826086,-1
"G[0,0](BaseExcess >= -4.428 & BUN <= 5.581)
",0.491,3.087,0.000,1.000,0.000,18,0,0,5,23,0,18,5,0.782608695652174,0.0,0.0,1.0,0.782608695652174,0.21739130434782605,1
"G[1,1]((BaseExcess >= -5.168 -> WBC >= 0.789) -> BaseExcess >= 0.649)
",5848582726450449.000,0.649,0.000,1.000,0.000,18,0,0,5,23,0,18,5,0.782608695652174,0.0,0.0,1.0,0.782608695652174,0.21739130434782605,1
"G[1,1](MAP >= 31.119 | SBP >= 40.647)
",-2919746433446947.500,-31.119,0.000,1.000,0.000,18,0,0,5,23,0,18,5,0.782608695652174,0.0,0.0,1.0,0.782608695652174,0.21739130434782605,1
"F[0,1](PaCO2 >= 4.204 & Platelets <= 250.545)
",-9999999.000,-9999999.000,0.000,0.000,1.000,17,0,0,6,23,0,17,6,0.7391304347826086,0.0,0.0,1.0,0.7391304347826086,0.26086956521739135,-1
"F[0,1](AST <= 25.473 & FiO2 >= 0.069)
",-9999999.000,-9999999.000,0.000,0.000,1.000,17,0,0,6,23,0,17,6,0.7391304347826086,0.0,0.0,1.0,0.7391304347826086,0.26086956521739135,-1
"G[0,1](((Fibrinogen <= 266.540 | Hct <= 10.980) & Potassium >= 3.008) -> Creatinine >= 1.224)
",9999999.000,9999999.000,0.000,1.000,0.000,17,0,0,6,23,0,17,6,0.7391304347826086,0.0,0.0,1.0,0.7391304347826086,0.26086956521739135,1
"((Fibrinogen >= 21.169) U[0,1] (FiO2 >= 0.123))
",-9999999.000,-9999999.000,0.000,0.000,1.000,17,0,0,6,23,0,17,6,0.7391304347826086,0.0,0.0,1.0,0.7391304347826086,0.26086956521739135,-1
"F[0,1](((AST <= 7.567 | Temp <= 11.964) | SBP <= 33.690) -> SBP <= 11.942)
",-9999999.000,-9999999.000,0.000,0.000,1.000,16,0,0,7,23,0,16,7,0.6956521739130435,0.0,0.0,1.0,0.6956521739130435,0.30434782608695654,-1
"G[0,1](Fibrinogen <= 580.862 & HR >= 4.990)
",9999999.000,9999999.000,0.000,1.000,0.000,16,0,0,7,23,0,16,7,0.6956521739130435,0.0,0.0,1.0,0.6956521739130435,0.30434782608695654,1
"G[0,1]((Hct <= 8.932 & SBP <= 121.349) -> SBP <= 112.661)
",9999999.000,9999999.000,0.000,1.000,0.000,16,0,0,7,23,0,16,7,0.6956521739130435,0.0,0.0,1.0,0.6956521739130435,0.30434782608695654,1
"F[1,1](Temp >= 5.156 & WBC <= 2.979)
",-5804710331441889.000,-5.156,0.000,0.000,1.000,15,0,0,8,23,0,15,8,0.6521739130434783,0.0,0.0,1.0,0.6521739130434783,0.34782608695652173,-1
"G[0,0](Hct >= 3.960 | O2Sat >= 19.236)
",1.462,49.053,0.000,1.000,0.000,15,0,0,8,23,0,15,8,0.6521739130434783,0.0,0.0,1.0,0.6521739130434783,0.34782608695652173,1
"G[0,0](FiO2 <= 0.247 & HR <= 96.309)
",-14872.691,-14872.691,0.000,1.000,0.000,15,0,0,8,23,0,15,8,0.6521739130434783,0.0,0.0,1.0,0.6521739130434783,0.34782608695652173,1
"F[0,0](((Phosphate <= 0.000 | Hct >= 2.718) & Chloride <= 22.887) -> SaO2 >= 0.508)
",-0.525,-6.890,0.000,0.000,1.000,14,0,0,9,23,0,14,9,0.6086956521739131,0.0,0.0,1.0,0.6086956521739131,0.3913043478260869,-1
"G[0,0](((EtCO2 <= 0.000 -> Alkalinephos <= 89.891) | Chloride <= 33.329) -> O2Sat >= 3.931)
",-2.836,-70.094,0.000,1.000,0.000,14,0,0,9,23,0,14,9,0.6086956521739131,0.0,0.0,1.0,0.6086956521739131,0.3913043478260869,1
"G[0,0](MAP <= 69.671 -> PaCO2 >= 2.008)
",-0.712,-22.382,0.000,1.000,0.000,14,0,0,9,23,0,14,9,0.6086956521739131,0.0,0.0,1.0,0.6086956521739131,0.3913043478260869,1
"F[1,1](Creatinine <= 0.989 & HR <= 77.001)
",2227702248383482.750,0.989,0.000,0.000,1.000,13,0,0,10,23,0,13,10,0.5652173913043478,0.0,0.0,1.0,0.5652173913043478,0.4347826086956522,-1
"G[1,1](((O2Sat >= 29.015 & SaO2 <= 90.022) -> Phosphate >= 19.433) | FiO2 >= 20.812)
",19.433,19.433,0.000,1.000,0.000,13,0,0,10,23,0,13,10,0.5652173913043478,0.0,0.0,1.0,0.5652173913043478,0.4347826086956522,1
"F[0,1]((Hct >= 1.624 -> WBC >= 0.360) -> DBP >= 1.141)
",-9999999.000,-9999999.000,0.000,0.000,1.000,13,0,0,10,23,0,13,10,0.5652173913043478,0.0,0.0,1.0,0.5652173913043478,0.4347826086956522,-1
"F[1,1](((Hct >= 3.085 | MAP <= 93.650) & BUN <= 84.170) & Temp >= 24.866)
",-6999131605039915.000,-24.866,0.000,0.000,1.000,13,0,0,10,23,0,13,10,0.5652173913043478,0.0,0.0,1.0,0.5652173913043478,0.4347826086956522,-1
"G[0,0]((BUN <= 16.207 & Fibrinogen <= 272.588) & MAP >= 11.895)
",0.567,7.485,0.000,1.000,0.000,13,0,0,10,23,0,13,10,0.5652173913043478,0.0,0.0,1.0,0.5652173913043478,0.4347826086956522,1
"((Alkalinephos <= 24.610) U[1,1] (DBP >= 21.643))
",3463496790317054.000,24.610,0.000,0.000,1.000,13,0,0,10,23,0,13,10,0.5652173913043478,0.0,0.0,1.0,0.5652173913043478,0.4347826086956522,-1
"G[0,1]((Fibrinogen >= 17.544 -> Hgb <= 7.190) & DBP <= 2.196)
",9999999.000,9999999.000,0.000,1.000,0.000,12,0,0,11,23,0,12,11,0.5217391304347826,0.0,0.0,1.0,0.5217391304347826,0.4782608695652174,1
"G[0,1](((Chloride <= 80.477 & EtCO2 >= 0.000) & pH <= 0.000) & Fibrinogen <= 0.000)
",9999999.000,9999999.000,0.000,1.000,0.000,12,0,0,11,23,0,12,11,0.5217391304347826,0.0,0.0,1.0,0.5217391304347826,0.4782608695652174,1
"F[0,0](Chloride <= 108.515 -> MAP <= 62.680)
",-3818019483911614.500,-108.515,0.000,0.000,1.000,12,0,0,11,23,0,12,11,0.5217391304347826,0.0,0.0,1.0,0.5217391304347826,0.4782608695652174,-1
"((MAP >= 29.647) U[0,1] (SBP <= 106.415))
",-9999999.000,-9999999.000,0.000,0.000,1.000,12,0,0,11,23,0,12,11,0.5217391304347826,0.0,0.0,1.0,0.5217391304347826,0.4782608695652174,-1
"F[0,1](Chloride >= 3.876 | Temp >= 3.974)
",-9999999.000,-9999999.000,0.000,0.000,1.000,11,0,0,12,23,0,11,12,0.4782608695652174,0.0,0.0,1.0,0.4782608695652174,0.5217391304347826,-1
"F[1,1]((BaseExcess >= -1.437 -> DBP >= 10.664) | Chloride >= 2.905)
",-6473079602823662.000,-1.437,0.000,0.000,1.000,11,0,0,12,23,0,11,12,0.4782608695652174,0.0,0.0,1.0,0.4782608695652174,0.5217391304347826,-1
"((BUN <= 10.725) U[0,1] (O2Sat <= 92.161))
",-9999999.000,-9999999.000,0.000,0.000,1.000,11,0,0,12,23,0,11,12,0.4782608695652174,0.0,0.0,1.0,0.4782608695652174,0.5217391304347826,-1
"((Glucose <= 66.354) U[1,1] (Potassium <= 1.755))
",2334628301532642.500,66.354,0.000,0.000,1.000,10,0,0,13,23,0,10,13,0.43478260869565216,0.0,0.0,1.0,0.43478260869565216,0.5652173913043479,-1
"((DBP <= 25.344) U[1,2] (MAP >= 42.658))
",-9999999.000,-9999999.000,0.000,0.000,1.000,10,0,0,13,23,0,10,13,0.43478260869565216,0.0,0.0,1.0,0.43478260869565216,0.5652173913043479,-1
"G[0,0]((Alkalinephos <= 73.574 & Resp >= 13.128) & PaCO2 <= 24.974)
",0.054,0.864,0.000,1.000,0.000,10,0,0,13,23,0,10,13,0.43478260869565216,0.0,0.0,1.0,0.43478260869565216,0.5652173913043479,1
"G[0,1](((Phosphate >= 0.000 -> DBP >= 5.938) -> PTT >= 3.628) -> DBP >= 17.192)
",9999999.000,9999999.000,0.000,1.000,0.000,10,0,0,13,23,0,10,13,0.43478260869565216,0.0,0.0,1.0,0.43478260869565216,0.5652173913043479,1
"((Hgb >= 1.347) U[1,2] (HR <= 81.192))
",-9999999.000,-9999999.000,0.000,0.000,1.000,10,0,0,13,23,0,10,13,0.43478260869565216,0.0,0.0,1.0,0.43478260869565216,0.5652173913043479,-1
"F[1,1]((DBP >= 11.918 -> SBP <= 87.581) | Hct >= 64.836)
",-2281200974076901.500,-64.836,0.000,0.000,1.000,10,0,0,13,23,0,10,13,0.43478260869565216,0.0,0.0,1.0,0.43478260869565216,0.5652173913043479,-1
"F[0,1]((O2Sat >= 36.298 -> PaCO2 <= 26.243) & DBP <= 33.728)
",-9999999.000,-9999999.000,0.000,0.000,1.000,10,0,0,13,23,0,10,13,0.43478260869565216,0.0,0.0,1.0,0.43478260869565216,0.5652173913043479,-1
"G[0,1](pH >= 1.289 | Potassium >= 0.671)
",9999999.000,9999999.000,0.000,1.000,0.000,9,0,0,14,23,0,9,14,0.391304347826087,0.0,0.0,1.0,0.391304347826087,0.6086956521739131,1
"F[0,1](Glucose >= 18.095 | Temp >= 2.748)
",-9999999.000,-9999999.000,0.000,0.000,1.000,9,0,0,14,23,0,9,14,0.391304347826087,0.0,0.0,1.0,0.391304347826087,0.6086956521739131,-1
"F[0,0](((Chloride >= 10.984 | Potassium <= 1.648) -> Bilirubin_total <= 1.899) & Glucose <= 1.961)
",-17.838,-1.844,0.000,0.000,1.000,9,0,0,14,23,0,9,14,0.391304347826087,0.0,0.0,1.0,0.391304347826087,0.6086956521739131,-1
"F[0,1](Bilirubin_total <= 0.156 & pH <= 7.092)
",-9999999.000,-9999999.000,0.000,0.000,1.000,8,0,0,15,23,0,8,15,0.34782608695652173,0.0,0.0,1.0,0.34782608695652173,0.6521739130434783,-1
"F[1,1]((Chloride >= 13.202 -> O2Sat <= 88.110) & SaO2 <= 83.508)
",-6200221771723089.000,-88.110,0.000,0.000,1.000,8,0,0,15,23,0,8,15,0.34782608695652173,0.0,0.0,1.0,0.34782608695652173,0.6521739130434783,-1
"G[0,0](((TroponinI >= 0.000 -> Hct <= 20.285) -> SBP <= 16.160) & O2Sat <= 19.091)
",-2.134,-54.409,0.000,1.000,0.000,8,0,0,15,23,0,8,15,0.34782608695652173,0.0,0.0,1.0,0.34782608695652173,0.6521739130434783,1
"G[0,1](((Resp >= 0.501 & SBP >= 21.881) -> Hct >= 8.436) & Magnesium <= 123.866)
",9999999.000,9999999.000,0.000,1.000,0.000,8,0,0,15,23,0,8,15,0.34782608695652173,0.0,0.0,1.0,0.34782608695652173,0.6521739130434783,1
"((pH <= 4.430) U[1,2] (SepsisLabel = 0.000))
",-9999999.000,-9999999.000,0.000,0.000,1.000,8,0,0,15,23,0,8,15,0.34782608695652173,0.0,0.0,1.0,0.34782608695652173,0.6521739130434783,-1
"((Creatinine <= 0.941) U[1,1] (SBP >= 61.607))
",8475745141505439.000,0.941,0.000,0.000,1.000,8,0,0,15,23,0,8,15,0.34782608695652173,0.0,0.0,1.0,0.34782608695652173,0.6521739130434783,-1
"F[1,1]((SaO2 <= 37.185 & WBC <= 10.973) & Magnesium <= 1.998)
",3000067543653657.000,1.998,0.000,0.000,1.000,7,0,0,16,23,0,7,16,0.30434782608695654,0.0,0.0,1.0,0.30434782608695654,0.6956521739130435,-1
"((Creatinine >= 0.012) U[0,0] (Potassium <= 1.838))
",0.438,15.945,0.000,0.000,1.000,7,0,0,16,23,0,7,16,0.30434782608695654,0.0,0.0,1.0,0.30434782608695654,0.6956521739130435,-1
"G[0,0](((AST >= 0.292 & AST <= 28.280) -> Hct >= 1.254) & MAP <= 6.601)
",-1.488,-74.580,0.000,1.000,0.000,7,0,0,16,23,0,7,16,0.30434782608695654,0.0,0.0,1.0,0.30434782608695654,0.6956521739130435,1
"G[0,0]((BaseExcess >= -4.966 & Temp <= 14.710) & SBP <= 10.757)
",-1.128,-47.386,0.000,1.000,0.000,7,0,0,16,23,0,7,16,0.30434782608695654,0.0,0.0,1.0,0.30434782608695654,0.6956521739130435,1
"G[0,1](((FiO2 >= 0.041 -> Lactate <= 1.488) & Resp <= 1.303) | Chloride >= 0.029)
",9999999.000,9999999.000,0.000,1.000,0.000,7,0,0,16,23,0,7,16,0.30434782608695654,0.0,0.0,1.0,0.30434782608695654,0.6956521739130435,1
"G[1,1]((Platelets >= 30.217 | O2Sat <= 89.660) | Phosphate >= 40.431)
",6309229885766737.000,89.660,0.000,1.000,0.000,7,0,0,16,23,0,7,16,0.30434782608695654,0.0,0.0,1.0,0.30434782608695654,0.6956521739130435,1
"G[0,0](((Creatinine <= 0.159 & Glucose <= 114.500) & SaO2 >= 17.060) | Temp >= 12.259)
",0.984,46.023,0.000,1.000,0.000,7,0,0,16,23,0,7,16,0.30434782608695654,0.0,0.0,1.0,0.30434782608695654,0.6956521739130435,1
"G[0,0](MAP <= 98.143 & SaO2 >= 22.732)
",-2.535,-20.863,0.000,1.000,0.000,6,0,0,17,23,0,6,17,0.2608695652173913,0.0,0.0,1.0,0.2608695652173913,0.7391304347826086,1
"F[0,0]((Calcium <= 0.000 & Potassium <= 3.835) & Magnesium >= 0.000)
",-0.213,-5.217,0.000,0.000,1.000,6,0,0,17,23,0,6,17,0.2608695652173913,0.0,0.0,1.0,0.2608695652173913,0.7391304347826086,-1
"((SBP >= 41.371) U[1,2] (WBC <= 3.285))
",-9999999.000,-9999999.000,0.000,0.000,1.000,6,0,0,17,23,0,6,17,0.2608695652173913,0.0,0.0,1.0,0.2608695652173913,0.7391304347826086,-1
"((MAP >= 26.111) U[1,2] (SBP <= 116.509))
",-9999999.000,-9999999.000,0.000,0.000,1.000,6,0,0,17,23,0,6,17,0.2608695652173913,0.0,0.0,1.0,0.2608695652173913,0.7391304347826086,-1
"F[1,1](((Creatinine <= 0.131 | MAP >= 18.527) & BaseExcess <= 84.041) -> SaO2 <= 58.680)
",-8258461158740383.000,-58.680,0.000,0.000,1.000,6,0,0,17,23,0,6,17,0.2608695652173913,0.0,0.0,1.0,0.2608695652173913,0.7391304347826086,-1
"((HR >= 60.109) U[1,2] (pH <= 3.429))
",-9999999.000,-9999999.000,0.000,0.000,1.000,5,0,0,18,23,0,5,18,0.21739130434782608,0.0,0.0,1.0,0.21739130434782608,0.782608695652174,-1
"((Fibrinogen >= 7.277) U[0,1] (SBP >= 84.762))
",-9999999.000,-9999999.000,0.000,0.000,1.000,5,0,0,18,23,0,5,18,0.21739130434782608,0.0,0.0,1.0,0.21739130434782608,0.782608695652174,-1
"F[0,1]((PaCO2 >= 0.269 -> Temp <= 15.311) & MAP >= 7.826)
",-9999999.000,-9999999.000,0.000,0.000,1.000,5,0,0,18,23,0,5,18,0.21739130434782608,0.0,0.0,1.0,0.21739130434782608,0.782608695652174,-1
"G[0,1]((BaseExcess <= -1.189 & MAP <= 59.869) | MAP <= 60.530)
",9999999.000,9999999.000,0.000,1.000,0.000,5,0,0,18,23,0,5,18,0.21739130434782608,0.0,0.0,1.0,0.21739130434782608,0.782608695652174,1
"F[0,1]((DBP <= 39.123 | SaO2 <= 83.990) & BUN <= 51.537)
",-9999999.000,-9999999.000,0.000,0.000,1.000,5,0,0,18,23,0,5,18,0.21739130434782608,0.0,0.0,1.0,0.21739130434782608,0.782608695652174,-1
"G[0,0]((Bilirubin_total >= 0.011 | FiO2 >= 0.019) & Fibrinogen <= 0.622)
",-0.366,-0.938,0.000,1.000,0.000,4,0,0,19,23,0,4,19,0.17391304347826086,0.0,0.0,1.0,0.17391304347826086,0.8260869565217391,1
"F[0,1](Hgb <= 6.485 | Hct <= 19.556)
",-9999999.000,-9999999.000,0.000,0.000,1.000,4,0,0,19,23,0,4,19,0.17391304347826086,0.0,0.0,1.0,0.17391304347826086,0.8260869565217391,-1
"F[1,1]((Calcium <= 0.000 & Potassium <= 1.732) & Magnesium >= 0.000)
",0.000,0.000,0.000,0.000,1.000,4,0,0,19,23,0,4,19,0.17391304347826086,0.0,0.0,1.0,0.17391304347826086,0.8260869565217391,-1
"F[1,1](Hgb >= 1.438 | SBP >= 75.806)
",-6476961370869262.000,-1.438,0.000,0.000,1.000,4,0,0,19,23,0,4,19,0.17391304347826086,0.0,0.0,1.0,0.17391304347826086,0.8260869565217391,-1
"F[1,1](Hgb <= 1.729 | Hct <= 7.893)
",7.893,7.893,0.000,0.000,1.000,4,0,0,19,23,0,4,19,0.17391304347826086,0.0,0.0,1.0,0.17391304347826086,0.8260869565217391,-1
"((Creatinine < 0.868) U[1,2] (SepsisLabel = 0.000))
",-9999999.000,-9999999.000,0.000,0.000,1.000,4,0,0,19,23,0,4,19,0.17391304347826086,0.0,0.0,1.0,0.17391304347826086,0.8260869565217391,-1
"G[0,1](Chloride >= 7.765 & HCO3 >= 0.975)
",9999999.000,9999999.000,0.000,1.000,0.000,4,0,0,19,23,0,4,19,0.17391304347826086,0.0,0.0,1.0,0.17391304347826086,0.8260869565217391,1
"F[0,0](Glucose <= 49.862 | PaCO2 >= 1.765)
",7017466439212223.000,49.862,0.000,0.000,1.000,4,0,0,19,23,0,4,19,0.17391304347826086,0.0,0.0,1.0,0.17391304347826086,0.8260869565217391,-1
"G[0,1]((DBP >= 6.819 & WBC >= 0.663) | Hct >= 0.779)
",9999999.000,9999999.000,0.000,1.000,0.000,4,0,0,19,23,0,4,19,0.17391304347826086,0.0,0.0,1.0,0.17391304347826086,0.8260869565217391,1
"F[0,1](HCO3 <= 9.141 & SepsisLabel = 0.000)
",-9999999.000,-9999999.000,0.000,0.000,1.000,4,0,0,19,23,0,4,19,0.17391304347826086,0.0,0.0,1.0,0.17391304347826086,0.8260869565217391,-1
"((Hct <= 24.569) U[1,2] (SepsisLabel = 0.000))
",-9999999.000,-9999999.000,0.000,0.000,1.000,4,0,0,19,23,0,4,19,0.17391304347826086,0.0,0.0,1.0,0.17391304347826086,0.8260869565217391,-1
"F[0,1](Hgb <= 2.212 & SepsisLabel = 0.000)
",-9999999.000,-9999999.000,0.000,0.000,1.000,4,0,0,19,23,0,4,19,0.17391304347826086,0.0,0.0,1.0,0.17391304347826086,0.8260869565217391,-1
"F[0,1](((HCO3 <= 9.520 -> MAP >= 31.357) -> FiO2 >= 10.248) -> Hct >= 15.109)
",-9999999.000,-9999999.000,0.000,0.000,1.000,4,0,0,19,23,0,4,19,0.17391304347826086,0.0,0.0,1.0,0.17391304347826086,0.8260869565217391,-1
"F[0,0](Hgb <= 3.832 | Hct <= 11.725)
",3300179265968946.000,11.725,0.000,0.000,1.000,4,0,0,19,23,0,4,19,0.17391304347826086,0.0,0.0,1.0,0.17391304347826086,0.8260869565217391,-1
"G[1,1](Chloride >= 12.244 & HCO3 >= 2.199)
",-6892654279658660.000,-12.244,0.000,1.000,0.000,4,0,0,19,23,0,4,19,0.17391304347826086,0.0,0.0,1.0,0.17391304347826086,0.8260869565217391,1
"G[1,1](Platelets <= 116.183 -> WBC >= 1.306)
",-8175628310188033.000,-116.183,0.000,1.000,0.000,4,0,0,19,23,0,4,19,0.17391304347826086,0.0,0.0,1.0,0.17391304347826086,0.8260869565217391,1
"G[0,1](Platelets <= 152.960 -> WBC >= 1.215)
",9999999.000,9999999.000,0.000,1.000,0.000,4,0,0,19,23,0,4,19,0.17391304347826086,0.0,0.0,1.0,0.17391304347826086,0.8260869565217391,1
"G[0,1](Chloride >= 2.317 & HCO3 >= 2.337)
",9999999.000,9999999.000,0.000,1.000,0.000,4,0,0,19,23,0,4,19,0.17391304347826086,0.0,0.0,1.0,0.17391304347826086,0.8260869565217391,1
"G[0,1](Platelets <= 309.038 -> WBC >= 1.360)
",9999999.000,9999999.000,0.000,1.000,0.000,4,0,0,19,23,0,4,19,0.17391304347826086,0.0,0.0,1.0,0.17391304347826086,0.8260869565217391,1
"G[0,0](((Hgb <= 7.332 | Hct <= 21.897) -> WBC >= 1.382) & Platelets >= 19.499)
",-27.264,-22.146,0.000,1.000,0.000,4,0,0,19,23,0,4,19,0.17391304347826086,0.0,0.0,1.0,0.17391304347826086,0.8260869565217391,1
"G[0,0](Chloride >= 2.515 & HCO3 >= 3.307)
",-2.306,-4.699,0.000,1.000,0.000,4,0,0,19,23,0,4,19,0.17391304347826086,0.0,0.0,1.0,0.17391304347826086,0.8260869565217391,1
"F[1,1]((Calcium <= 0.000 & Potassium <= 3.354) & Magnesium >= 0.000)
",0.000,0.000,0.000,0.000,1.000,4,0,0,19,23,0,4,19,0.17391304347826086,0.0,0.0,1.0,0.17391304347826086,0.8260869565217391,-1
"F[1,1](Hgb <= 8.608 | Hct <= 5.464)
",4845688698544465.000,8.608,0.000,0.000,1.000,3,0,0,20,23,0,3,20,0.13043478260869565,0.0,0.0,1.0,0.13043478260869565,0.8695652173913043,-1
"F[0,1]((Calcium <= 0.000 & Potassium <= 1.813) & Magnesium >= 0.000)
",-9999999.000,-9999999.000,0.000,0.000,1.000,3,0,0,20,23,0,3,20,0.13043478260869565,0.0,0.0,1.0,0.13043478260869565,0.8695652173913043,-1
"F[0,1]((Calcium <= 0.000 & Potassium <= 2.436) & Magnesium >= 0.000)
",-9999999.000,-9999999.000,0.000,0.000,1.000,3,0,0,20,23,0,3,20,0.13043478260869565,0.0,0.0,1.0,0.13043478260869565,0.8695652173913043,-1
"((BUN <= 22.312) U[1,2] (MAP >= 55.039))
",-9999999.000,-9999999.000,0.000,0.000,1.000,3,0,0,20,23,0,3,20,0.13043478260869565,0.0,0.0,1.0,0.13043478260869565,0.8695652173913043,-1
"((Creatinine <= 0.815) U[0,1] (Potassium <= 4.367))
",-9999999.000,-9999999.000,0.000,0.000,1.000,3,0,0,20,23,0,3,20,0.13043478260869565,0.0,0.0,1.0,0.13043478260869565,0.8695652173913043,-1
"G[0,1]((Bilirubin_total <= 0.108 | Hct <= 15.096) & Temp >= 0.273)
",9999999.000,9999999.000,0.000,1.000,0.000,3,0,0,20,23,0,3,20,0.13043478260869565,0.0,0.0,1.0,0.13043478260869565,0.8695652173913043,1
"G[0,1]((AST >= 0.170 | O2Sat >= 55.026) & HCO3 >= 16.531)
",9999999.000,9999999.000,0.000,1.000,0.000,3,0,0,20,23,0,3,20,0.13043478260869565,0.0,0.0,1.0,0.13043478260869565,0.8695652173913043,1
"F[0,1](Chloride <= 32.304 | SaO2 >= 24.422)
",-9999999.000,-9999999.000,0.000,0.000,1.000,3,0,0,20,23,0,3,20,0.13043478260869565,0.0,0.0,1.0,0.13043478260869565,0.8695652173913043,-1
"G[0,0](BUN >= 1.076 & pH >= 0.472)
",-8.526,-1.050,0.000,1.000,0.000,2,0,0,21,23,0,2,21,0.08695652173913043,0.0,0.0,1.0,0.08695652173913043,0.9130434782608696,1
"G[0,0]((PaCO2 >= 2.923 & Potassium <= 2.106) & Potassium <= 4.781)
",-0.389,-0.955,0.000,1.000,0.000,2,0,0,21,23,0,2,21,0.08695652173913043,0.0,0.0,1.0,0.08695652173913043,0.9130434782608696,1
"((BUN <= 24.524) U[1,2] (SepsisLabel = 0.000))
",-9999999.000,-9999999.000,0.000,0.000,1.000,2,0,0,21,23,0,2,21,0.08695652173913043,0.0,0.0,1.0,0.08695652173913043,0.9130434782608696,-1
"F[0,1](Hgb <= 2.542 | Hct <= 27.704)
",-9999999.000,-9999999.000,0.000,0.000,1.000,2,0,0,21,23,0,2,21,0.08695652173913043,0.0,0.0,1.0,0.08695652173913043,0.9130434782608696,-1
"((BaseExcess >= -4.553) U[1,2] (SepsisLabel = 0.000))
",-9999999.000,-9999999.000,0.000,0.000,1.000,2,0,0,21,23,0,2,21,0.08695652173913043,0.0,0.0,1.0,0.08695652173913043,0.9130434782608696,-1
"F[0,0]((HCO3 >= 1.272 | PTT >= 1.070) -> PTT >= 0.264)
",-0.303,-0.952,0.000,0.000,1.000,2,0,0,21,23,0,2,21,0.08695652173913043,0.0,0.0,1.0,0.08695652173913043,0.9130434782608696,-1
"F[0,1](pH <= 3.110 | SaO2 >= 8.919)
",-9999999.000,-9999999.000,0.000,0.000,1.000,2,0,0,21,23,0,2,21,0.08695652173913043,0.0,0.0,1.0,0.08695652173913043,0.9130434782608696,-1
"F[0,0](TroponinI >= 0.000 & BUN <= 25.152)
",-0.213,-0.298,0.000,0.000,1.000,2,0,0,21,23,0,2,21,0.08695652173913043,0.0,0.0,1.0,0.08695652173913043,0.9130434782608696,-1
"((Creatinine <= 0.323) U[1,2] (Temp >= 9.553))
",-9999999.000,-9999999.000,0.000,0.000,1.000,2,0,0,21,23,0,2,21,0.08695652173913043,0.0,0.0,1.0,0.08695652173913043,0.9130434782608696,-1
"((PTT <= 25.367) U[1,2] (FiO2 <= 0.841))
",-9999999.000,-9999999.000,0.000,0.000,1.000,2,0,0,21,23,0,2,21,0.08695652173913043,0.0,0.0,1.0,0.08695652173913043,0.9130434782608696,-1
"F[1,1](HR >= 6.198 -> PaCO2 <= 6.641)
",-6.641,-6.641,0.000,0.000,1.000,1,0,0,22,23,0,1,22,0.043478260869565216,0.0,0.0,1.0,0.043478260869565216,0.9565217391304348,-1
"F[0,0]((Phosphate <= 0.000 & AST <= 30.401) & Potassium <= 26.428)
",-0.661,-20.356,0.000,0.000,1.000,1,0,0,22,23,0,1,22,0.043478260869565216,0.0,0.0,1.0,0.043478260869565216,0.9565217391304348,-1
"((Alkalinephos <= 104.886) U[1,2] (SepsisLabel = 0.000))
",-9999999.000,-9999999.000,0.000,0.000,1.000,1,0,0,22,23,0,1,22,0.043478260869565216,0.0,0.0,1.0,0.043478260869565216,0.9565217391304348,-1
"((Phosphate <= 0.000) U[1,1] (PTT <= 23.971))
",6747167551874674.000,23.971,0.000,0.000,1.000,1,0,0,22,23,0,1,22,0.043478260869565216,0.0,0.0,1.0,0.043478260869565216,0.9565217391304348,-1
"G[0,1](((Hgb <= 5.434 | Hct <= 26.438) -> WBC >= 0.782) & Platelets >= 1.559)
",9999999.000,9999999.000,0.000,1.000,0.000,1,0,0,22,23,0,1,22,0.043478260869565216,0.0,0.0,1.0,0.043478260869565216,0.9565217391304348,1
"G[1,1]((Hgb >= 1.212 | WBC <= 5.605) & Fibrinogen >= 1.314)
",-5919384179446161.000,-1.314,0.000,1.000,0.000,1,0,0,22,23,0,1,22,0.043478260869565216,0.0,0.0,1.0,0.043478260869565216,0.9565217391304348,1
"G[0,1](((Hgb <= 3.252 | Hct <= 11.443) -> WBC >= 0.110) & Platelets >= 15.346)
",9999999.000,9999999.000,0.000,1.000,0.000,1,0,0,22,23,0,1,22,0.043478260869565216,0.0,0.0,1.0,0.043478260869565216,0.9565217391304348,1
"G[0,0]((WBC <= 6.870 | HCO3 >= 1.285) -> AST >= 0.410)
",-0.803,-33.630,0.000,1.000,0.000,1,0,0,22,23,0,1,22,0.043478260869565216,0.0,0.0,1.0,0.043478260869565216,0.9565217391304348,1
"G[0,0](AST >= 0.107 & Fibrinogen <= 306.217)
",0.659,29.502,0.000,1.000,0.000,1,0,0,22,23,0,1,22,0.043478260869565216,0.0,0.0,1.0,0.043478260869565216,0.9565217391304348,1
"G[0,1](((Hgb <= 7.726 | Hct <= 16.258) -> WBC >= 0.244) & Platelets >= 6.659)
",9999999.000,9999999.000,0.000,1.000,0.000,1,0,0,22,23,0,1,22,0.043478260869565216,0.0,0.0,1.0,0.043478260869565216,0.9565217391304348,1
"F[1,1](Chloride <= 25.234 | Resp >= 8.493)
",25.234,25.234,0.000,0.000,1.000,1,0,0,22,23,0,1,22,0.043478260869565216,0.0,0.0,1.0,0.043478260869565216,0.9565217391304348,-1
"G[0,0](MAP <= 79.296 & PTT >= 1.004)
",-1.335,-23.998,0.000,1.000,0.000,1,0,0,22,23,0,1,22,0.043478260869565216,0.0,0.0,1.0,0.043478260869565216,0.9565217391304348,1
"F[0,1](((HR >= 37.698 & Platelets >= 25.093) -> SBP >= 31.347) & Platelets <= 325.735)
",-9999999.000,-9999999.000,0.000,0.000,1.000,1,0,0,22,23,0,1,22,0.043478260869565216,0.0,0.0,1.0,0.043478260869565216,0.9565217391304348,-1
"F[0,1](((Chloride >= 7.712 -> Lactate <= 0.650) -> Alkalinephos <= 0.079) & Fibrinogen <= 1.019)
",-9999999.000,-9999999.000,0.000,0.000,1.000,1,0,0,22,23,0,1,22,0.043478260869565216,0.0,0.0,1.0,0.043478260869565216,0.9565217391304348,-1
"F[1,1](((Platelets <= 334.542 | SaO2 >= 8.976) -> Platelets >= 18.124) -> EtCO2 >= 23.753)
",23.753,23.753,0.000,0.000,1.000,1,0,0,22,23,0,1,22,0.043478260869565216,0.0,0.0,1.0,0.043478260869565216,0.9565217391304348,-1
"F[0,1](BaseExcess <= -1.248 -> Chloride <= 36.909)
",-9999999.000,-9999999.000,0.000,0.000,1.000,1,0,0,22,23,0,1,22,0.043478260869565216,0.0,0.0,1.0,0.043478260869565216,0.9565217391304348,-1
"((BaseExcess <= -1.152) U[0,0] (Bilirubin_total <= 0.306))
",-0.018,-0.011,0.000,0.000,1.000,1,0,0,22,23,0,1,22,0.043478260869565216,0.0,0.0,1.0,0.043478260869565216,0.9565217391304348,-1
"F[0,1](DBP >= 6.162 | Glucose <= 91.483)
",-9999999.000,-9999999.000,0.000,0.000,1.000,1,0,0,22,23,0,1,22,0.043478260869565216,0.0,0.0,1.0,0.043478260869565216,0.9565217391304348,-1
"F[1,1](((Bilirubin_total >= 0.007 | Platelets >= 8.179) -> Hct >= 33.348) | Fibrinogen <= 340.364)
",2993869311274542.000,340.364,0.000,0.000,1.000,1,0,0,22,23,0,1,22,0.043478260869565216,0.0,0.0,1.0,0.043478260869565216,0.9565217391304348,-1
"F[1,1]((HCO3 <= 9.319 | Lactate <= 0.142) | TroponinI >= 0.061)
",5246379937361089.000,9.319,0.000,0.000,1.000,1,0,0,22,23,0,1,22,0.043478260869565216,0.0,0.0,1.0,0.043478260869565216,0.9565217391304348,-1
"F[0,0]((BUN >= 2.580 & PTT <= 3.368) -> O2Sat <= 17.016)
",-0.254,-2.241,0.000,0.000,1.000,1,0,0,22,23,0,1,22,0.043478260869565216,0.0,0.0,1.0,0.043478260869565216,0.9565217391304348,-1
"F[0,2]((PTT >= 1.165 -> Lactate >= 0.039) | Potassium >= 0.018)
",-9999999.000,-9999999.000,0.000,0.000,1.000,0,0,0,23,23,0,0,23,0.0,0.0,0.0,0.0,0.0,1.0,-1
"F[1,2](((Potassium >= 0.574 & SBP >= 49.822) & Chloride >= 39.629) | Chloride >= 0.002)
",-9999999.000,-9999999.000,0.000,0.000,1.000,0,0,0,23,23,0,0,23,0.0,0.0,0.0,0.0,0.0,1.0,-1
"F[0,2]((BaseExcess >= -4.359 & Resp <= 20.657) -> PaCO2 >= 6.763)
",-9999999.000,-9999999.000,0.000,0.000,1.000,0,0,0,23,23,0,0,23,0.0,0.0,0.0,0.0,0.0,1.0,-1
"F[0,1]((pH <= 4.330 | HR >= 5.396) & Hgb <= 72.615)
",-9999999.000,-9999999.000,0.000,0.000,1.000,0,0,0,23,23,0,0,23,0.0,0.0,0.0,0.0,0.0,1.0,-1
"F[2,2]((Potassium >= 0.337 -> HCO3 <= 9.847) -> Hgb >= 2.872)
",2.872,2.872,0.000,0.000,1.000,0,0,0,23,23,0,0,23,0.0,0.0,0.0,0.0,0.0,1.0,-1
"F[1,1]((Platelets <= 77.412 -> Calcium <= 0.000) | Fibrinogen <= 0.000)
",0.000,0.000,0.000,0.000,1.000,0,0,0,23,23,0,0,23,0.0,0.0,0.0,0.0,0.0,1.0,-1
"F[1,2]((HCO3 >= 0.499 | AST >= 0.599) -> Chloride <= 21.130)
",-9999999.000,-9999999.000,0.000,0.000,1.000,0,0,0,23,23,0,0,23,0.0,0.0,0.0,0.0,0.0,1.0,-1
"F[1,2](((MAP <= 69.663 | Potassium <= 4.186) -> Phosphate <= 3.425) -> TroponinI <= 1.485)
",-9999999.000,-9999999.000,0.000,0.000,1.000,0,0,0,23,23,0,0,23,0.0,0.0,0.0,0.0,0.0,1.0,-1
"F[2,2](((Potassium <= 1.372 & Glucose >= 3.606) -> SepsisLabel <= 106.727) | Fibrinogen >= 5.785)
",-6513255595578753.000,-5.785,0.000,0.000,1.000,0,0,0,23,23,0,0,23,0.0,0.0,0.0,0.0,0.0,1.0,-1
"F[0,2](((Hct >= 0.572 -> SBP >= 58.401) & MAP <= 118.203) | Calcium <= 118.500)
",-9999999.000,-9999999.000,0.000,0.000,1.000,0,0,0,23,23,0,0,23,0.0,0.0,0.0,0.0,0.0,1.0,-1
"F[1,2](MAP <= 95.566 & WBC <= 7.872)
",-9999999.000,-9999999.000,0.000,0.000,1.000,0,0,0,23,23,0,0,23,0.0,0.0,0.0,0.0,0.0,1.0,-1
"F[0,2](FiO2 >= 0.016 | Magnesium >= 0.000)
",-9999999.000,-9999999.000,0.000,0.000,1.000,0,0,0,23,23,0,0,23,0.0,0.0,0.0,0.0,0.0,1.0,-1
"F[1,2](Magnesium <= 0.000 -> Alkalinephos >= 0.691)
",-9999999.000,-9999999.000,0.000,0.000,1.000,0,0,0,23,23,0,0,23,0.0,0.0,0.0,0.0,0.0,1.0,-1
"F[0,2]((Chloride >= 2.787 & Potassium >= 0.187) & O2Sat <= 3.805)
",-9999999.000,-9999999.000,0.000,0.000,1.000,0,0,0,23,23,0,0,23,0.0,0.0,0.0,0.0,0.0,1.0,-1
"F[0,2](Potassium <= 2.916 & Temp <= 20.769)
",-9999999.000,-9999999.000,0.000,0.000,1.000,0,0,0,23,23,0,0,23,0.0,0.0,0.0,0.0,0.0,1.0,-1
"F[0,2](MAP <= 97.545 | HCO3 >= 1.717)
",-9999999.000,-9999999.000,0.000,0.000,1.000,0,0,0,23,23,0,0,23,0.0,0.0,0.0,0.0,0.0,1.0,-1
"F[0,1](BaseExcess <= -0.909 | Alkalinephos <= 76.423)
",-9999999.000,-9999999.000,0.000,0.000,1.000,0,0,0,23,23,0,0,23,0.0,0.0,0.0,0.0,0.0,1.0,-1
"F[1,2](Resp <= 21.779 -> Temp <= 21.281)
",-9999999.000,-9999999.000,0.000,0.000,1.000,0,0,0,23,23,0,0,23,0.0,0.0,0.0,0.0,0.0,1.0,-1
"F[2,2]((Phosphate >= 0.000 & Temp >= 1.567) & HCO3 >= 9.728)
",-2738127729305830.000,-9.728,0.000,0.000,1.000,0,0,0,23,23,0,0,23,0.0,0.0,0.0,0.0,0.0,1.0,-1
"((Bilirubin_total >= 0.003) U[2,2] (PTT >= 1.619))
",-6705665577036132.000,-0.003,0.000,0.000,1.000,0,0,0,23,23,0,0,23,0.0,0.0,0.0,0.0,0.0,1.0,-1
"F[2,2](((Platelets >= 17.835 -> SBP <= 99.563) -> Fibrinogen >= 39.232) | DBP >= 24.617)
",2760700198375597.000,39.232,0.000,0.000,1.000,0,0,0,23,23,0,0,23,0.0,0.0,0.0,0.0,0.0,1.0,-1
"F[0,2]((O2Sat <= 89.513 & WBC >= 0.521) -> Hct <= 7.192)
",-9999999.000,-9999999.000,0.000,0.000,1.000,0,0,0,23,23,0,0,23,0.0,0.0,0.0,0.0,0.0,1.0,-1
"F[1,2]((FiO2 >= 0.056 & Platelets <= 398.261) & Hgb <= 286.574)
",-9999999.000,-9999999.000,0.000,0.000,1.000,0,0,0,23,23,0,0,23,0.0,0.0,0.0,0.0,0.0,1.0,-1
"F[2,2](Fibrinogen <= 160.719 & O2Sat >= 26.925)
",-7578608034920139.000,-26.925,0.000,0.000,1.000,0,0,0,23,23,0,0,23,0.0,0.0,0.0,0.0,0.0,1.0,-1
"F[0,2](HCO3 >= 1.489 & PaCO2 >= 0.075)
",-9999999.000,-9999999.000,0.000,0.000,1.000,0,0,0,23,23,0,0,23,0.0,0.0,0.0,0.0,0.0,1.0,-1
"F[0,2](Glucose >= 8.486 -> PTT <= 10.551)
",-9999999.000,-9999999.000,0.000,0.000,1.000,0,0,0,23,23,0,0,23,0.0,0.0,0.0,0.0,0.0,1.0,-1
"F[0,0]((SepsisLabel >= 0.000 & BUN <= 13.110) -> Phosphate <= 17.734)
",-17.734,-17.734,0.000,0.000,1.000,0,0,0,23,23,0,0,23,0.0,0.0,0.0,0.0,0.0,1.0,-1
"F[2,2]((Potassium <= 3.912 & Temp >= 3.387) & BUN <= 27.203)
",-7627412084689187.000,-3.387,0.000,0.000,1.000,0,0,0,23,23,0,0,23,0.0,0.0,0.0,0.0,0.0,1.0,-1
"F[0,0](AST >= 0.819 -> Bilirubin_direct <= 0.000)
",-0.660,-29.324,0.000,0.000,1.000,0,0,0,23,23,0,0,23,0.0,0.0,0.0,0.0,0.0,1.0,-1
"((Magnesium >= 0.000) U[0,2] (Fibrinogen <= 89.362))
",-9999999.000,-9999999.000,0.000,0.000,1.000,0,0,0,23,23,0,0,23,0.0,0.0,0.0,0.0,0.0,1.0,-1
"F[0,1]((Magnesium >= 0.000 -> HCO3 <= 6.307) | Glucose >= 3.082)
",-9999999.000,-9999999.000,0.000,0.000,1.000,0,0,0,23,23,0,0,23,0.0,0.0,0.0,0.0,0.0,1.0,-1
"F[0,1]((O2Sat >= 1.865 | TroponinI <= 0.000) | BaseExcess <= 0.000)
",-9999999.000,-9999999.000,0.000,0.000,1.000,0,0,0,23,23,0,0,23,0.0,0.0,0.0,0.0,0.0,1.0,-1
"F[1,2](((DBP >= 21.046 | HCO3 <= 5.908) | WBC >= 0.335) | PTT <= 5.343)
",-9999999.000,-9999999.000,0.000,0.000,1.000,0,0,0,23,23,0,0,23,0.0,0.0,0.0,0.0,0.0,1.0,-1
"F[0,2](Calcium <= 0.000 -> Chloride >= 2.165)
",-9999999.000,-9999999.000,0.000,0.000,1.000,0,0,0,23,23,0,0,23,0.0,0.0,0.0,0.0,0.0,1.0,-1
"F[0,1]((HR <= 104.413 | Lactate >= 0.017) | O2Sat <= 0.941)
",-9999999.000,-9999999.000,0.000,0.000,1.000,0,0,0,23,23,0,0,23,0.0,0.0,0.0,0.0,0.0,1.0,-1
"((BaseExcess >= -4.792) U[0,1] (Creatinine <= 1.020))
",-9999999.000,-9999999.000,0.000,0.000,1.000,0,0,0,23,23,0,0,23,0.0,0.0,0.0,0.0,0.0,1.0,-1
"F[1,1](Fibrinogen >= 20.542 | EtCO2 >= 0.000)
",0.000,0.000,0.000,0.000,1.000,0,0,0,23,23,0,0,23,0.0,0.0,0.0,0.0,0.0,1.0,-1
"F[0,2](HR >= 24.184 | WBC <= 4.033)
",-9999999.000,-9999999.000,0.000,0.000,1.000,0,0,0,23,23,0,0,23,0.0,0.0,0.0,0.0,0.0,1.0,-1
"F[1,2]((HCO3 <= 17.636 & SaO2 <= 42.808) & SaO2 >= 25.085)
",-9999999.000,-9999999.000,0.000,0.000,1.000,0,0,0,23,23,0,0,23,0.0,0.0,0.0,0.0,0.0,1.0,-1
"F[0,2]((HR >= 17.308 | FiO2 <= 0.191) & Creatinine >= 0.020)
",-9999999.000,-9999999.000,0.000,0.000,1.000,0,0,0,23,23,0,0,23,0.0,0.0,0.0,0.0,0.0,1.0,-1
"((Phosphate <= 0.000) U[0,2] (Creatinine <= 1.225))
",-9999999.000,-9999999.000,0.000,0.000,1.000,0,0,0,23,23,0,0,23,0.0,0.0,0.0,0.0,0.0,1.0,-1
"F[1,2](((DBP >= 4.915 | PTT >= 0.076) -> Hgb >= 0.823) -> Bilirubin_total <= 14.294)
",-9999999.000,-9999999.000,0.000,0.000,1.000,0,0,0,23,23,0,0,23,0.0,0.0,0.0,0.0,0.0,1.0,-1
"F[0,2](BUN >= 3.519 | SBP <= 133.598)
",-9999999.000,-9999999.000,0.000,0.000,1.000,0,0,0,23,23,0,0,23,0.0,0.0,0.0,0.0,0.0,1.0,-1
"F[1,2](EtCO2 <= 0.000 & EtCO2 >= 0.000)
",-9999999.000,-9999999.000,0.000,0.000,1.000,0,0,0,23,23,0,0,23,0.0,0.0,0.0,0.0,0.0,1.0,-1
"F[0,1](PTT >= 1.466 -> SBP <= 138.987)
",-9999999.000,-9999999.000,0.000,0.000,1.000,0,0,0,23,23,0,0,23,0.0,0.0,0.0,0.0,0.0,1.0,-1
"F[0,1]((Hct <= 11.901 -> SepsisLabel <= 0.000) | Bilirubin_total <= 0.000)
",-9999999.000,-9999999.000,0.000,0.000,1.000,0,0,0,23,23,0,0,23,0.0,0.0,0.0,0.0,0.0,1.0,-1
"F[1,2](((HR >= 57.962 & SBP >= 3.402) -> Glucose <= 108.921) -> DBP >= 10.640)
",-9999999.000,-9999999.000,0.000,0.000,1.000,0,0,0,23,23,0,0,23,0.0,0.0,0.0,0.0,0.0,1.0,-1
"F[2,2](Lactate <= 0.372 & O2Sat <= 85.537)
",3348932997132690.000,0.372,0.000,0.000,1.000,0,0,0,23,23,0,0,23,0.0,0.0,0.0,0.0,0.0,1.0,-1
"F[0,2]((Alkalinephos <= 98.848 | Magnesium >= 0.000) & BUN <= 0.000)
",-9999999.000,-9999999.000,0.000,0.000,1.000,0,0,0,23,23,0,0,23,0.0,0.0,0.0,0.0,0.0,1.0,-1
"((Calcium >= 0.000) U[0,1] (Creatinine <= 0.480))
",-9999999.000,-9999999.000,0.000,0.000,1.000,0,0,0,23,23,0,0,23,0.0,0.0,0.0,0.0,0.0,1.0,-1
"F[0,2]((Creatinine >= 0.102 -> SaO2 >= 9.304) -> PTT >= 13.596)
",-9999999.000,-9999999.000,0.000,0.000,1.000,0,0,0,23,23,0,0,23,0.0,0.0,0.0,0.0,0.0,1.0,-1
"F[1,2](((Resp >= 11.176 -> Creatinine >= 0.060) | Potassium >= 0.101) | TroponinI >= 0.071)
",-9999999.000,-9999999.000,0.000,0.000,1.000,0,0,0,23,23,0,0,23,0.0,0.0,0.0,0.0,0.0,1.0,-1
"F[0,0](((BaseExcess <= -1.130 | Hgb >= 0.717) -> Resp >= 0.839) -> Magnesium <= 5.164)
",-16.669,-5.099,0.000,0.000,1.000,0,0,0,23,23,0,0,23,0.0,0.0,0.0,0.0,0.0,1.0,-1
"F[0,2](((Chloride <= 71.759 | Glucose >= 24.865) | TroponinI >= 25.827) | Lactate <= 72.667)
",-9999999.000,-9999999.000,0.000,0.000,1.000,0,0,0,23,23,0,0,23,0.0,0.0,0.0,0.0,0.0,1.0,-1
"F[2,2](((Glucose >= 5.708 | WBC <= 8.776) | Lactate >= 0.623) -> Chloride >= 0.379)
",-2470325951330405.500,-8.776,0.000,0.000,1.000,0,0,0,23,23,0,0,23,0.0,0.0,0.0,0.0,0.0,1.0,-1
"F[0,2]((Chloride >= 4.581 | FiO2 >= 0.079) | BaseExcess >= 0.089)
",-9999999.000,-9999999.000,0.000,0.000,1.000,0,0,0,23,23,0,0,23,0.0,0.0,0.0,0.0,0.0,1.0,-1
"F[1,2](((FiO2 <= 0.507 -> Glucose <= 53.757) & BaseExcess <= 79.108) -> HCO3 >= 5.191)
",-9999999.000,-9999999.000,0.000,0.000,1.000,0,0,0,23,23,0,0,23,0.0,0.0,0.0,0.0,0.0,1.0,-1
"F[0,0]((BUN >= 3.307 & Glucose >= 10.794) -> Phosphate <= 137.111)
",-2412086821362525.500,-137.111,0.000,0.000,1.000,0,0,0,23,23,0,0,23,0.0,0.0,0.0,0.0,0.0,1.0,-1
"F[0,2]((FiO2 <= 0.639 -> PTT >= 0.637) & Magnesium <= 24.654)
",-9999999.000,-9999999.000,0.000,0.000,1.000,0,0,0,23,23,0,0,23,0.0,0.0,0.0,0.0,0.0,1.0,-1
"F[0,2](((DBP >= 0.072 & Potassium >= 0.669) & WBC >= 0.253) -> Platelets <= 4.886)
",-9999999.000,-9999999.000,0.000,0.000,1.000,0,0,0,23,23,0,0,23,0.0,0.0,0.0,0.0,0.0,1.0,-1
"F[0,2]((BaseExcess <= -0.725 -> BUN <= 11.324) | SaO2 >= 3.697)
",-9999999.000,-9999999.000,0.000,0.000,1.000,0,0,0,23,23,0,0,23,0.0,0.0,0.0,0.0,0.0,1.0,-1
"F[0,2](Alkalinephos <= 52.339 -> PTT <= 13.204)
",-9999999.000,-9999999.000,0.000,0.000,1.000,0,0,0,23,23,0,0,23,0.0,0.0,0.0,0.0,0.0,1.0,-1
"F[1,2](BaseExcess >= -1.452 | HCO3 <= 20.224)
",-9999999.000,-9999999.000,0.000,0.000,1.000,0,0,0,23,23,0,0,23,0.0,0.0,0.0,0.0,0.0,1.0,-1
"F[0,1](Bilirubin_total >= 0.004 -> Glucose <= 52.699)
",-9999999.000,-9999999.000,0.000,0.000,1.000,0,0,0,23,23,0,0,23,0.0,0.0,0.0,0.0,0.0,1.0,-1
"F[0,1]((Hct <= 26.430 | pH >= 2.096) | TroponinI <= 6.251)
",-9999999.000,-9999999.000,0.000,0.000,1.000,0,0,0,23,23,0,0,23,0.0,0.0,0.0,0.0,0.0,1.0,-1
"F[1,2](BaseExcess <= -0.109 & HR <= 93.043)
",-9999999.000,-9999999.000,0.000,0.000,1.000,0,0,0,23,23,0,0,23,0.0,0.0,0.0,0.0,0.0,1.0,-1
"((Creatinine <= 1.569) U[0,1] (PaCO2 <= 6.841))
",-9999999.000,-9999999.000,0.000,0.000,1.000,0,0,0,23,23,0,0,23,0.0,0.0,0.0,0.0,0.0,1.0,-1
"F[1,2]((Chloride >= 6.293 -> pH <= 3.614) | SepsisLabel >= 0.661)
",-9999999.000,-9999999.000,0.000,0.000,1.000,0,0,0,23,23,0,0,23,0.0,0.0,0.0,0.0,0.0,1.0,-1
"F[1,2](Hct <= 25.734 & PaCO2 >= 2.968)
",-9999999.000,-9999999.000,0.000,0.000,1.000,0,0,0,23,23,0,0,23,0.0,0.0,0.0,0.0,0.0,1.0,-1
"F[0,2](((Glucose >= 3.345 -> HCO3 <= 5.962) & MAP >= 1.435) | Resp >= 1.842)
",-9999999.000,-9999999.000,0.000,0.000,1.000,0,0,0,23,23,0,0,23,0.0,0.0,0.0,0.0,0.0,1.0,-1
"F[0,2](((Alkalinephos >= 1.183 & SBP >= 11.630) | WBC >= 20.612) | Bilirubin_direct >= 14.977)
",-9999999.000,-9999999.000,0.000,0.000,1.000,0,0,0,23,23,0,0,23,0.0,0.0,0.0,0.0,0.0,1.0,-1
"F[2,2]((Chloride >= 3.664 | PaCO2 >= 4.351) & Magnesium <= 19.917)
",-4124987618268327.000,-3.664,0.000,0.000,1.000,0,0,0,23,23,0,0,23,0.0,0.0,0.0,0.0,0.0,1.0,-1
"F[2,2](((Alkalinephos <= 28.364 -> MAP <= 86.359) -> SBP >= 19.598) -> Calcium <= 69.790)
",-4911058014547201.000,-69.790,0.000,0.000,1.000,0,0,0,23,23,0,0,23,0.0,0.0,0.0,0.0,0.0,1.0,-1
"((MAP >= 44.070) U[0,2] (SBP <= 127.979))
",-9999999.000,-9999999.000,0.000,0.000,1.000,0,0,0,23,23,0,0,23,0.0,0.0,0.0,0.0,0.0,1.0,-1
"F[1,2]((Phosphate >= 0.000 & Magnesium > 0.000) -> Calcium < 0.000)
",-9999999.000,-9999999.000,0.000,0.000,1.000,0,0,0,23,23,0,0,23,0.0,0.0,0.0,0.0,0.0,1.0,-1
"((MAP >= 4.562) U[0,2] (SBP <= 115.795))
",-9999999.000,-9999999.000,0.000,0.000,1.000,0,0,0,23,23,0,0,23,0.0,0.0,0.0,0.0,0.0,1.0,-1
"F[0,1]((Phosphate >= 0.000 & Magnesium > 0.000) -> Calcium < 0.000)
",-9999999.000,-9999999.000,0.000,0.000,1.000,0,0,0,23,23,0,0,23,0.0,0.0,0.0,0.0,0.0,1.0,-1
"((AST >= 0.129) U[2,2] (Bilirubin_total <= 0.406))
",3656373496788510.500,0.406,0.000,0.000,1.000,0,0,0,23,23,0,0,23,0.0,0.0,0.0,0.0,0.0,1.0,-1
"F[0,0](((DBP <= 34.210 -> O2Sat >= 14.677) | Alkalinephos <= 99.397) | MAP <= 98.431)
",13.468,97.137,0.000,0.000,1.000,0,0,0,23,23,0,0,23,0.0,0.0,0.0,0.0,0.0,1.0,-1
"((BUN >= 1.304) U[0,2] (Creatinine <= 0.408))
",-9999999.000,-9999999.000,0.000,0.000,1.000,0,0,0,23,23,0,0,23,0.0,0.0,0.0,0.0,0.0,1.0,-1
"F[2,2](((Bilirubin_total >= 0.005 & Potassium <= 1.484) -> DBP <= 3.773) | Bilirubin_total <= 1.403)
",6320772252087519.000,1.403,0.000,0.000,1.000,0,0,0,23,23,0,0,23,0.0,0.0,0.0,0.0,0.0,1.0,-1
"F[1,2](((AST >= 0.403 | Resp <= 18.546) & Potassium <= 31.133) & Hgb <= 29.560)
",-9999999.000,-9999999.000,0.000,0.000,1.000,0,0,0,23,23,0,0,23,0.0,0.0,0.0,0.0,0.0,1.0,-1
"F[0,2](BaseExcess >= -2.239 | Potassium >= 0.580)
",-9999999.000,-9999999.000,0.000,0.000,1.000,0,0,0,23,23,0,0,23,0.0,0.0,0.0,0.0,0.0,1.0,-1
"((BaseExcess >= -3.281) U[0,2] (Glucose <= 87.388))
",-9999999.000,-9999999.000,0.000,0.000,1.000,0,0,0,23,23,0,0,23,0.0,0.0,0.0,0.0,0.0,1.0,-1
"F[1,2](((Bilirubin_total <= 0.219 & Chloride >= 7.492) | O2Sat >= 10.742) | SepsisLabel >= 11.805)
",-9999999.000,-9999999.000,0.000,0.000,1.000,0,0,0,23,23,0,0,23,0.0,0.0,0.0,0.0,0.0,1.0,-1
"F[1,2](pH >= 2.408 & SBP >= 51.484)
",-9999999.000,-9999999.000,0.000,0.000,1.000,0,0,0,23,23,0,0,23,0.0,0.0,0.0,0.0,0.0,1.0,-1
"F[2,2]((Potassium >= 1.079 | SaO2 >= 6.104) | SaO2 >= 24.429)
",-4859011879504449.000,-1.079,0.000,0.000,1.000,0,0,0,23,23,0,0,23,0.0,0.0,0.0,0.0,0.0,1.0,-1
"F[0,1]((AST <= 28.673 -> MAP >= 19.497) -> Potassium <= 58.056)
",-9999999.000,-9999999.000,0.000,0.000,1.000,0,0,0,23,23,0,0,23,0.0,0.0,0.0,0.0,0.0,1.0,-1
"F[1,2](((Fibrinogen <= 404.896 -> pH <= 7.392) -> SBP <= 2.824) & Potassium <= 4.379)
",-9999999.000,-9999999.000,0.000,0.000,1.000,0,0,0,23,23,0,0,23,0.0,0.0,0.0,0.0,0.0,1.0,-1
"F[2,2](((BUN >= 2.399 -> FiO2 <= 0.272) & pH <= 0.430) & pH >= 0.013)
",-4894115253663521.000,-0.272,0.000,0.000,1.000,0,0,0,23,23,0,0,23,0.0,0.0,0.0,0.0,0.0,1.0,-1
"((FiO2 <= 0.737) U[0,2] (Hct <= 20.399))
",-9999999.000,-9999999.000,0.000,0.000,1.000,0,0,0,23,23,0,0,23,0.0,0.0,0.0,0.0,0.0,1.0,-1
"F[1,2]((FiO2 >= 0.056 & HCO3 <= 10.268) | MAP >= 3.508)
",-9999999.000,-9999999.000,0.000,0.000,1.000,0,0,0,23,23,0,0,23,0.0,0.0,0.0,0.0,0.0,1.0,-1
"F[1,2]((PaCO2 <= 21.290 & SaO2 <= 46.403) | Platelets >= 24.759)
",-9999999.000,-9999999.000,0.000,0.000,1.000,0,0,0,23,23,0,0,23,0.0,0.0,0.0,0.0,0.0,1.0,-1
"F[1,2]((AST <= 31.171 & HR <= 67.304) | Lactate <= 92.918)
",-9999999.000,-9999999.000,0.000,0.000,1.000,0,0,0,23,23,0,0,23,0.0,0.0,0.0,0.0,0.0,1.0,-1
"((AST >= 0.396) U[0,2] (WBC <= 4.309))
",-9999999.000,-9999999.000,0.000,0.000,1.000,0,0,0,23,23,0,0,23,0.0,0.0,0.0,0.0,0.0,1.0,-1
"F[0,2](FiO2 >= 0.112 -> Potassium <= 2.052)
",-9999999.000,-9999999.000,0.000,0.000,1.000,0,0,0,23,23,0,0,23,0.0,0.0,0.0,0.0,0.0,1.0,-1
"F[1,2](((Glucose >= 16.299 | Lactate >= 0.035) | Glucose <= 0.895) -> Hct >= 0.028)
",-9999999.000,-9999999.000,0.000,0.000,1.000,0,0,0,23,23,0,0,23,0.0,0.0,0.0,0.0,0.0,1.0,-1
"F[1,2]((Fibrinogen <= 484.288 & Glucose <= 131.106) | TroponinI >= 19.227)
",-9999999.000,-9999999.000,0.000,0.000,1.000,0,0,0,23,23,0,0,23,0.0,0.0,0.0,0.0,0.0,1.0,-1
"F[0,1](((Alkalinephos <= 16.263 | Potassium >= 0.642) -> Alkalinephos >= 0.444) -> SBP <= 3.728)
",-9999999.000,-9999999.000,0.000,0.000,1.000,0,0,0,23,23,0,0,23,0.0,0.0,0.0,0.0,0.0,1.0,-1
"F[2,2]((AST >= 0.868 | Potassium <= 4.162) -> HCO3 <= 2.267)
",-2342725703045875.000,-4.162,0.000,0.000,1.000,0,0,0,23,23,0,0,23,0.0,0.0,0.0,0.0,0.0,1.0,-1
"F[0,2]((BaseExcess >= -2.430 -> Fibrinogen >= 20.231) & Bilirubin_total >= 3.516)
",-9999999.000,-9999999.000,0.000,0.000,1.000,0,0,0,23,23,0,0,23,0.0,0.0,0.0,0.0,0.0,1.0,-1
"F[1,2](((Fibrinogen <= 145.660 | PaCO2 >= 1.027) -> Chloride <= 9.924) & Temp <= 15.559)
",-9999999.000,-9999999.000,0.000,0.000,1.000,0,0,0,23,23,0,0,23,0.0,0.0,0.0,0.0,0.0,1.0,-1
"F[0,1](Lactate >= 0.007 -> WBC >= 0.298)
",-9999999.000,-9999999.000,0.000,0.000,1.000,0,0,0,23,23,0,0,23,0.0,0.0,0.0,0.0,0.0,1.0,-1
"F[1,2](((DBP <= 53.743 | PaCO2 <= 13.327) | Fibrinogen >= 5.585) & Chloride >= 2.501)
",-9999999.000,-9999999.000,0.000,0.000,1.000,0,0,0,23,23,0,0,23,0.0,0.0,0.0,0.0,0.0,1.0,-1
"F[0,2](((AST <= 5.585 & Chloride <= 31.002) | MAP <= 60.195) -> Alkalinephos >= 8.900)
",-9999999.000,-9999999.000,0.000,0.000,1.000,0,0,0,23,23,0,0,23,0.0,0.0,0.0,0.0,0.0,1.0,-1
"F[0,2](((Fibrinogen <= 115.385 & HCO3 <= 11.644) & O2Sat >= 0.438) & PaCO2 <= 16.830)
",-9999999.000,-9999999.000,0.000,0.000,1.000,0,0,0,23,23,0,0,23,0.0,0.0,0.0,0.0,0.0,1.0,-1
"((FiO2 <= 0.718) U[2,2] (PaCO2 >= 3.827))
",6468351056641491.000,0.718,0.000,0.000,1.000,0,0,0,23,23,0,0,23,0.0,0.0,0.0,0.0,0.0,1.0,-1
"F[2,2]((Glucose <= 38.502 | PTT >= 0.977) & Temp >= 1.238)
",-2787694048440049.500,-1.238,0.000,0.000,1.000,0,0,0,23,23,0,0,23,0.0,0.0,0.0,0.0,0.0,1.0,-1
"F[0,0](((Potassium <= 1.382 & PTT >= 1.106) & SaO2 >= 1.213) -> Magnesium <= 27.019)
",-88.114,-26.954,0.000,0.000,1.000,0,0,0,23,23,0,0,23,0.0,0.0,0.0,0.0,0.0,1.0,-1
"F[1,2](((AST >= 1.072 & BUN >= 2.658) & MAP <= 5.970) & SepsisLabel >= 3.099)
",-9999999.000,-9999999.000,0.000,0.000,1.000,0,0,0,23,23,0,0,23,0.0,0.0,0.0,0.0,0.0,1.0,-1
"F[0,2](((Creatinine >= 0.094 | WBC >= 0.210) | TroponinI >= 1.452) -> WBC >= 1.129)
",-9999999.000,-9999999.000,0.000,0.000,1.000,0,0,0,23,23,0,0,23,0.0,0.0,0.0,0.0,0.0,1.0,-1
"F[0,1](((PaCO2 >= 5.638 -> WBC <= 3.508) & PTT >= 1.286) -> Hct >= 0.899)
",-9999999.000,-9999999.000,0.000,0.000,1.000,0,0,0,23,23,0,0,23,0.0,0.0,0.0,0.0,0.0,1.0,-1
"F[2,2]((Chloride >= 10.064 | PTT >= 0.557) | HCO3 <= 23.395)
",6585222740162930.000,23.395,0.000,0.000,1.000,0,0,0,23,23,0,0,23,0.0,0.0,0.0,0.0,0.0,1.0,-1
"((Glucose >= 9.195) U[2,2] (Hct <= 21.212))
",2985287164314770.000,21.212,0.000,0.000,1.000,0,0,0,23,23,0,0,23,0.0,0.0,0.0,0.0,0.0,1.0,-1
"F[0,1](((Lactate >= 0.032 -> Potassium <= 1.460) | Calcium <= 4.536) | Hgb >= 1.041)
",-9999999.000,-9999999.000,0.000,0.000,1.000,0,0,0,23,23,0,0,23,0.0,0.0,0.0,0.0,0.0,1.0,-1
"F[1,2]((Creatinine <= 1.540 & Hgb <= 5.961) -> Platelets >= 0.156)
",-9999999.000,-9999999.000,0.000,0.000,1.000,0,0,0,23,23,0,0,23,0.0,0.0,0.0,0.0,0.0,1.0,-1
"F[1,2](Hct >= 1.766 | PTT >= 0.070)
",-9999999.000,-9999999.000,0.000,0.000,1.000,0,0,0,23,23,0,0,23,0.0,0.0,0.0,0.0,0.0,1.0,-1
"F[0,2](((Bilirubin_total >= 0.005 & Creatinine >= 0.008) | MAP <= 1.656) -> Potassium >= 0.083)
",-9999999.000,-9999999.000,0.000,0.000,1.000,0,0,0,23,23,0,0,23,0.0,0.0,0.0,0.0,0.0,1.0,-1
"F[0,2](((DBP >= 12.220 & FiO2 <= 0.136) & Bilirubin_direct >= 0.072) | Lactate <= 0.582)
",-9999999.000,-9999999.000,0.000,0.000,1.000,0,0,0,23,23,0,0,23,0.0,0.0,0.0,0.0,0.0,1.0,-1
"F[0,0](((BaseExcess >= -2.932 & PaCO2 >= 1.699) -> PTT >= 0.154) | Glucose >= 2.244)
",-0.747,-0.889,0.000,0.000,1.000,0,0,0,23,23,0,0,23,0.0,0.0,0.0,0.0,0.0,1.0,-1
"F[2,2]((PTT >= 0.105 | WBC >= 1.188) & MAP <= 10.558)
",-3766895146681777.500,-0.105,0.000,0.000,1.000,0,0,0,23,23,0,0,23,0.0,0.0,0.0,0.0,0.0,1.0,-1
"F[0,1](Chloride >= 9.448 -> Creatinine >= 0.034)
",-9999999.000,-9999999.000,0.000,0.000,1.000,0,0,0,23,23,0,0,23,0.0,0.0,0.0,0.0,0.0,1.0,-1
"F[1,1](((Fibrinogen >= 5.801 & Platelets >= 22.908) -> Platelets >= 38.023) | HCO3 <= 306.492)
",2695930545823494.000,306.492,0.000,0.000,1.000,0,0,0,23,23,0,0,23,0.0,0.0,0.0,0.0,0.0,1.0,-1
"F[1,2]((FiO2 >= 0.118 & pH <= 3.200) & Temp >= 2.283)
",-9999999.000,-9999999.000,0.000,0.000,1.000,0,0,0,23,23,0,0,23,0.0,0.0,0.0,0.0,0.0,1.0,-1
"((O2Sat >= 2.348) U[2,2] (pH <= 4.061))
",4572303490961375.000,4.061,0.000,0.000,1.000,0,0,0,23,23,0,0,23,0.0,0.0,0.0,0.0,0.0,1.0,-1
"F[1,2](((AST >= 1.035 -> Platelets >= 39.144) & Magnesium >= 27.039) -> PaCO2 >= 3.641)
",-9999999.000,-9999999.000,0.000,0.000,1.000,0,0,0,23,23,0,0,23,0.0,0.0,0.0,0.0,0.0,1.0,-1
"F[0,2]((Alkalinephos >= 2.128 & Platelets >= 7.992) | Hct >= 35.932)
",-9999999.000,-9999999.000,0.000,0.000,1.000,0,0,0,23,23,0,0,23,0.0,0.0,0.0,0.0,0.0,1.0,-1
"F[0,1]((Platelets <= 106.334 -> Potassium >= 0.436) -> SepsisLabel <= 1.855)
",-9999999.000,-9999999.000,0.000,0.000,1.000,0,0,0,23,23,0,0,23,0.0,0.0,0.0,0.0,0.0,1.0,-1
"F[1,2](Creatinine >= 0.008 -> HCO3 >= 3.288)
",-9999999.000,-9999999.000,0.000,0.000,1.000,0,0,0,23,23,0,0,23,0.0,0.0,0.0,0.0,0.0,1.0,-1
"F[1,1]((Phosphate >= 0.000 & Magnesium > 0.000) -> Calcium < 0.000)
",0.000,0.000,0.000,0.000,1.000,0,0,0,23,23,0,0,23,0.0,0.0,0.0,0.0,0.0,1.0,-1
"F[1,2](Hgb <= 3.304 | Hct <= 28.893)
",-9999999.000,-9999999.000,0.000,0.000,1.000,0,0,0,23,23,0,0,23,0.0,0.0,0.0,0.0,0.0,1.0,-1
"F[2,2](((Calcium < 0.000 & Potassium < 2.734) & Magnesium < 0.000) & Phosphate < 0.000)
",0.000,0.000,0.000,0.000,1.000,0,0,0,23,23,0,0,23,0.0,0.0,0.0,0.0,0.0,1.0,-1
"((Phosphate > 0.000) U[0,2] (SepsisLabel = 0.000))
",-9999999.000,-9999999.000,0.000,0.000,1.000,0,0,0,23,23,0,0,23,0.0,0.0,0.0,0.0,0.0,1.0,-1
"F[0,2](SepsisLabel > 0.000 & SepsisLabel = 0.000)
",-9999999.000,-9999999.000,0.000,0.000,1.000,0,0,0,23,23,0,0,23,0.0,0.0,0.0,0.0,0.0,1.0,-1
"F[0,0](Calcium >= 0.000 & SepsisLabel = 0.000)
",-0.387,-50.304,0.000,0.000,1.000,0,0,0,23,23,0,0,23,0.0,0.0,0.0,0.0,0.0,1.0,-1
"F[0,2](HCO3 > 3.098 -> SepsisLabel = 0.000)
",-9999999.000,-9999999.000,0.000,0.000,1.000,0,0,0,23,23,0,0,23,0.0,0.0,0.0,0.0,0.0,1.0,-1
"F[0,2](Resp < 21.834 & SepsisLabel = 0.000)
",-9999999.000,-9999999.000,0.000,0.000,1.000,0,0,0,23,23,0,0,23,0.0,0.0,0.0,0.0,0.0,1.0,-1
"F[0,2](Temp < 27.077 & SepsisLabel = 0.000)
",-9999999.000,-9999999.000,0.000,0.000,1.000,0,0,0,23,23,0,0,23,0.0,0.0,0.0,0.0,0.0,1.0,-1
"F[1,1](SepsisLabel >= 0.000 -> SepsisLabel = 0.000)
",0.000,0.000,0.000,0.000,1.000,0,0,0,23,23,0,0,23,0.0,0.0,0.0,0.0,0.0,1.0,-1
"F[0,1](SBP <= 98.027 -> SepsisLabel = 0.000)
",-9999999.000,-9999999.000,0.000,0.000,1.000,0,0,0,23,23,0,0,23,0.0,0.0,0.0,0.0,0.0,1.0,-1
"F[0,2](BUN < 12.013 -> SepsisLabel = 0.000)
",-9999999.000,-9999999.000,0.000,0.000,1.000,0,0,0,23,23,0,0,23,0.0,0.0,0.0,0.0,0.0,1.0,-1
"((O2Sat >= 1.420) U[0,2] (SepsisLabel = 0.000))
",-9999999.000,-9999999.000,0.000,0.000,1.000,0,0,0,23,23,0,0,23,0.0,0.0,0.0,0.0,0.0,1.0,-1
"F[0,2](Hct > 3.455 & SepsisLabel = 0.000)
",-9999999.000,-9999999.000,0.000,0.000,1.000,0,0,0,23,23,0,0,23,0.0,0.0,0.0,0.0,0.0,1.0,-1
"F[1,2](((Alkalinephos <= 111.931 -> AST <= 22.228) | SBP <= 10.865) -> BaseExcess <= 9.070)
",-9999999.000,-9999999.000,0.000,0.000,1.000,0,0,0,23,23,0,0,23,0.0,0.0,0.0,0.0,0.0,1.0,-1
"F[1,2]((HCO3 <= 8.835 & Hct <= 6.868) | EtCO2 <= 14.497)
",-9999999.000,-9999999.000,0.000,0.000,1.000,0,0,0,23,23,0,0,23,0.0,0.0,0.0,0.0,0.0,1.0,-1
"((HCO3 >= 2.501) U[0,2] (Platelets >= 14.346))
",-9999999.000,-9999999.000,0.000,0.000,1.000,0,0,0,23,23,0,0,23,0.0,0.0,0.0,0.0,0.0,1.0,-1
"((MAP >= 10.116) U[0,1] (Resp <= 29.986))
",-9999999.000,-9999999.000,0.000,0.000,1.000,0,0,0,23,23,0,0,23,0.0,0.0,0.0,0.0,0.0,1.0,-1
"F[1,2](((Platelets <= 292.304 & WBC >= 0.380) & SepsisLabel <= 9.834) | Potassium <= 3.375)
",-9999999.000,-9999999.000,0.000,0.000,1.000,0,0,0,23,23,0,0,23,0.0,0.0,0.0,0.0,0.0,1.0,-1
"F[0,1]((BUN >= 4.384 -> Potassium <= 2.716) | WBC >= 0.996)
",-9999999.000,-9999999.000,0.000,0.000,1.000,0,0,0,23,23,0,0,23,0.0,0.0,0.0,0.0,0.0,1.0,-1
"F[0,1](PTT >= 1.678 -> SepsisLabel = 0.000)
",-9999999.000,-9999999.000,0.000,0.000,1.000,0,0,0,23,23,0,0,23,0.0,0.0,0.0,0.0,0.0,1.0,-1
"F[1,1](Fibrinogen >= 23.924 -> SepsisLabel = 0.000)
",0.000,0.000,0.000,0.000,1.000,0,0,0,23,23,0,0,23,0.0,0.0,0.0,0.0,0.0,1.0,-1
"F[1,2]((Calcium <= 0.000 & Potassium <= 1.886) & Magnesium >= 0.000)
",-9999999.000,-9999999.000,0.000,0.000,1.000,0,0,0,23,23,0,0,23,0.0,0.0,0.0,0.0,0.0,1.0,-1
"F[1,2](((MAP <= 63.200 & EtCO2 >= 0.000) & Temp >= 0.000) -> HCO3 <= 0.000)
",-9999999.000,-9999999.000,0.000,0.000,1.000,0,0,0,23,23,0,0,23,0.0,0.0,0.0,0.0,0.0,1.0,-1
"((MAP <= 57.543) U[1,2] (Lactate >= 0.055))
",-9999999.000,-9999999.000,0.000,0.000,1.000,0,0,0,23,23,0,0,23,0.0,0.0,0.0,0.0,0.0,1.0,-1
"F[0,1](Bilirubin_total <= 0.076 -> Fibrinogen <= 245.149)
",-9999999.000,-9999999.000,0.000,0.000,1.000,0,0,0,23,23,0,0,23,0.0,0.0,0.0,0.0,0.0,1.0,-1
"F[0,1]((HCO3 >= 1.756 -> HR >= 40.724) -> Lactate <= 104.179)
",-9999999.000,-9999999.000,0.000,0.000,1.000,0,0,0,23,23,0,0,23,0.0,0.0,0.0,0.0,0.0,1.0,-1
"F[0,1](((Bilirubin_direct <= 0.000 -> Alkalinephos >= 2.866) -> Hgb >= 5.098) -> PTT <= 82.636)
",-9999999.000,-9999999.000,0.000,0.000,1.000,0,0,0,23,23,0,0,23,0.0,0.0,0.0,0.0,0.0,1.0,-1
"F[1,1](((Chloride >= 14.202 | HR <= 86.843) -> Potassium >= 31.331) -> Bilirubin_total <= 97.343)
",-6849892683728750.000,-97.343,0.000,0.000,1.000,0,0,0,23,23,0,0,23,0.0,0.0,0.0,0.0,0.0,1.0,-1
"F[0,2]((SepsisLabel >= 0.000 & EtCO2 >= 0.000) & Temp >= 0.000)
",-9999999.000,-9999999.000,0.000,0.000,1.000,0,0,0,23,23,0,0,23,0.0,0.0,0.0,0.0,0.0,1.0,-1
"F[0,2](((DBP <= 58.470 -> Hgb <= 7.904) & pH >= 0.191) & PTT <= 5.570)
",-9999999.000,-9999999.000,0.000,0.000,1.000,0,0,0,23,23,0,0,23,0.0,0.0,0.0,0.0,0.0,1.0,-1
"F[0,1]((Fibrinogen <= 200.398 | Phosphate >= 0.000) | PaCO2 >= 0.000)
",-9999999.000,-9999999.000,0.000,0.000,1.000,0,0,0,23,23,0,0,23,0.0,0.0,0.0,0.0,0.0,1.0,-1
"((AST > 0.987) U[0,1] (SepsisLabel = 0.000))
",-9999999.000,-9999999.000,0.000,0.000,1.000,0,0,0,23,23,0,0,23,0.0,0.0,0.0,0.0,0.0,1.0,-1
"F[0,2]((Hgb >= 1.198 -> O2Sat >= 3.047) -> Phosphate <= 78.767)
",-9999999.000,-9999999.000,0.000,0.000,1.000,0,0,0,23,23,0,0,23,0.0,0.0,0.0,0.0,0.0,1.0,-1
"F[0,1](((O2Sat <= 91.277 | Chloride >= 4.195) | BUN <= 31.768) | Resp <= 43.627)
",-9999999.000,-9999999.000,0.000,0.000,1.000,0,0,0,23,23,0,0,23,0.0,0.0,0.0,0.0,0.0,1.0,-1
"F[2,2](Hgb <= 7.163 | Hct <= 23.412)
",23.412,23.412,0.000,0.000,1.000,0,0,0,23,23,0,0,23,0.0,0.0,0.0,0.0,0.0,1.0,-1
"((HCO3 <= 6.389) U[0,2] (Resp >= 3.542))
",-9999999.000,-9999999.000,0.000,0.000,1.000,0,0,0,23,23,0,0,23,0.0,0.0,0.0,0.0,0.0,1.0,-1
"F[0,2](((pH >= 1.066 | Resp >= 7.935) | Hct <= 26.926) & Lactate >= 8.841)
",-9999999.000,-9999999.000,0.000,0.000,1.000,0,0,0,23,23,0,0,23,0.0,0.0,0.0,0.0,0.0,1.0,-1
"F[2,2](Hct >= 1.604 & SepsisLabel = 0.000)
",-7221902639780225.000,-1.604,0.000,0.000,1.000,0,0,0,23,23,0,0,23,0.0,0.0,0.0,0.0,0.0,1.0,-1
"F[0,2](Hct > 2.764 & SepsisLabel = 0.000)
",-9999999.000,-9999999.000,0.000,0.000,1.000,0,0,0,23,23,0,0,23,0.0,0.0,0.0,0.0,0.0,1.0,-1
"((Hgb <= 2.942) U[2,2] (Potassium <= 1.203))
",6625433330458017.000,2.942,0.000,0.000,1.000,0,0,0,23,23,0,0,23,0.0,0.0,0.0,0.0,0.0,1.0,-1
"F[0,0](HR >= 51.610 | O2Sat <= 74.673)
",14917.390,14917.390,0.000,0.000,1.000,0,0,0,23,23,0,0,23,0.0,0.0,0.0,0.0,0.0,1.0,-1
"((Platelets >= 25.697) U[0,2] (PTT <= 17.841))
",-9999999.000,-9999999.000,0.000,0.000,1.000,0,0,0,23,23,0,0,23,0.0,0.0,0.0,0.0,0.0,1.0,-1
"F[0,2](Hgb <= 5.702 | Hct <= 28.951)
",-9999999.000,-9999999.000,0.000,0.000,1.000,0,0,0,23,23,0,0,23,0.0,0.0,0.0,0.0,0.0,1.0,-1
"F[0,2]((Calcium <= 0.000 & Potassium <= 3.115) & Magnesium >= 0.000)
",-9999999.000,-9999999.000,0.000,0.000,1.000,0,0,0,23,23,0,0,23,0.0,0.0,0.0,0.0,0.0,1.0,-1
"F[0,2]((Phosphate >= 0.000 & Magnesium > 0.000) -> Calcium < 0.000)
",-9999999.000,-9999999.000,0.000,0.000,1.000,0,0,0,23,23,0,0,23,0.0,0.0,0.0,0.0,0.0,1.0,-1
"F[0,2]((Calcium <= 0.000 & Potassium <= 1.588) & Magnesium >= 0.000)
",-9999999.000,-9999999.000,0.000,0.000,1.000,0,0,0,23,23,0,0,23,0.0,0.0,0.0,0.0,0.0,1.0,-1
"((MAP >= 38.266) U[0,2] (SBP <= 92.866))
",-9999999.000,-9999999.000,0.000,0.000,1.000,0,0,0,23,23,0,0,23,0.0,0.0,0.0,0.0,0.0,1.0,-1
"F[0,2]((Phosphate >= 0.000 & Magnesium > 0.000) -> Calcium < 0.000)
",-9999999.000,-9999999.000,0.000,0.000,1.000,0,0,0,23,23,0,0,23,0.0,0.0,0.0,0.0,0.0,1.0,-1
"F[0,2](((Calcium < 0.000 & Potassium < 3.272) & Magnesium < 0.000) & Phosphate < 0.000)
",-9999999.000,-9999999.000,0.000,0.000,1.000,0,0,0,23,23,0,0,23,0.0,0.0,0.0,0.0,0.0,1.0,-1
"F[1,1]((Phosphate >= 0.000 & Magnesium > 0.000) -> Calcium < 0.000)
",0.000,0.000,0.000,0.000,1.000,0,0,0,23,23,0,0,23,0.0,0.0,0.0,0.0,0.0,1.0,-1
"((MAP >= 1.662) U[0,2] (SBP <= 138.479))
",-9999999.000,-9999999.000,0.000,0.000,1.000,0,0,0,23,23,0,0,23,0.0,0.0,0.0,0.0,0.0,1.0,-1
"F[0,2](((Lactate <= 0.347 | PTT >= 1.299) & Glucose >= 1.123) | HR <= 27.232)
",-9999999.000,-9999999.000,0.000,0.000,1.000,0,0,0,23,23,0,0,23,0.0,0.0,0.0,0.0,0.0,1.0,-1
"F[1,2](((Calcium < 0.000 & Potassium < 2.504) & Magnesium < 0.000) & Phosphate < 0.000)
",-9999999.000,-9999999.000,0.000,0.000,1.000,0,0,0,23,23,0,0,23,0.0,0.0,0.0,0.0,0.0,1.0,-1
"F[0,2]((Phosphate >= 0.000 & Magnesium > 0.000) -> Calcium < 0.000)
",-9999999.000,-9999999.000,0.000,0.000,1.000,0,0,0,23,23,0,0,23,0.0,0.0,0.0,0.0,0.0,1.0,-1
"F[2,2](((Calcium < 0.000 & Potassium < 2.623) & Magnesium < 0.000) & Phosphate < 0.000)
",0.000,0.000,0.000,0.000,1.000,0,0,0,23,23,0,0,23,0.0,0.0,0.0,0.0,0.0,1.0,-1
"F[1,2]((Calcium <= 0.000 & Potassium <= 2.567) & Magnesium >= 0.000)
",-9999999.000,-9999999.000,0.000,0.000,1.000,0,0,0,23,23,0,0,23,0.0,0.0,0.0,0.0,0.0,1.0,-1
"F[1,2](Hgb <= 6.392 | Hct <= 22.892)
",-9999999.000,-9999999.000,0.000,0.000,1.000,0,0,0,23,23,0,0,23,0.0,0.0,0.0,0.0,0.0,1.0,-1
"((MAP >= 39.984) U[0,2] (SBP <= 87.197))
",-9999999.000,-9999999.000,0.000,0.000,1.000,0,0,0,23,23,0,0,23,0.0,0.0,0.0,0.0,0.0,1.0,-1
"F[2,2]((Phosphate >= 0.000 & Magnesium > 0.000) -> Calcium < 0.000)
",0.000,0.000,0.000,0.000,1.000,0,0,0,23,23,0,0,23,0.0,0.0,0.0,0.0,0.0,1.0,-1
"((MAP >= 34.563) U[2,2] (SBP <= 102.480))
",102.480,102.480,0.000,0.000,1.000,0,0,0,23,23,0,0,23,0.0,0.0,0.0,0.0,0.0,1.0,-1
"F[0,2]((Phosphate >= 0.000 & Magnesium > 0.000) -> Calcium < 0.000)
",-9999999.000,-9999999.000,0.000,0.000,1.000,0,0,0,23,23,0,0,23,0.0,0.0,0.0,0.0,0.0,1.0,-1
"F[0,2](Hgb <= 5.910 | Hct <= 7.964)
",-9999999.000,-9999999.000,0.000,0.000,1.000,0,0,0,23,23,0,0,23,0.0,0.0,0.0,0.0,0.0,1.0,-1
"F[2,2]((Calcium <= 0.000 & Potassium <= 3.163) & Magnesium >= 0.000)
",0.000,0.000,0.000,0.000,1.000,0,0,0,23,23,0,0,23,0.0,0.0,0.0,0.0,0.0,1.0,-1
"F[2,2]((BUN <= 11.884 -> Chloride >= 3.944) & TroponinI >= 15.799)
",-8893968665941569.000,-15.799,0.000,0.000,1.000,0,0,0,23,23,0,0,23,0.0,0.0,0.0,0.0,0.0,1.0,-1
"F[0,2]((Fibrinogen >= 17.405 -> PTT <= 20.096) | Alkalinephos >= 1.307)
",-9999999.000,-9999999.000,0.000,0.000,1.000,0,0,0,23,23,0,0,23,0.0,0.0,0.0,0.0,0.0,1.0,-1
"F[0,2](((BaseExcess <= -0.424 & pH <= 4.008) | pH <= 3.347) | Resp >= 1.784)
",-9999999.000,-9999999.000,0.000,0.000,1.000,0,0,0,23,23,0,0,23,0.0,0.0,0.0,0.0,0.0,1.0,-1
"F[0,2]((HR <= 87.706 | MAP >= 21.715) -> PaCO2 >= 30.103)
",-9999999.000,-9999999.000,0.000,0.000,1.000,0,0,0,23,23,0,0,23,0.0,0.0,0.0,0.0,0.0,1.0,-1
"F[1,1]((BUN <= 9.912 -> WBC <= 6.091) -> Bilirubin_total <= 4.205)
",-4734484442351441.000,-4.205,0.000,0.000,1.000,0,0,0,23,23,0,0,23,0.0,0.0,0.0,0.0,0.0,1.0,-1
"F[0,2]((HCO3 <= 20.172 & WBC >= 0.410) -> Alkalinephos >= 0.153)
",-9999999.000,-9999999.000,0.000,0.000,1.000,0,0,0,23,23,0,0,23,0.0,0.0,0.0,0.0,0.0,1.0,-1
"((BUN >= 2.042) U[0,2] (HCO3 <= 14.200))
",-9999999.000,-9999999.000,0.000,0.000,1.000,0,0,0,23,23,0,0,23,0.0,0.0,0.0,0.0,0.0,1.0,-1
"((Potassium > 0.523) U[0,2] (SepsisLabel = 0.000))
",-9999999.000,-9999999.000,0.000,0.000,1.000,0,0,0,23,23,0,0,23,0.0,0.0,0.0,0.0,0.0,1.0,-1
"((SepsisLabel > 0.000) U[0,2] (SepsisLabel = 0.000))
",-9999999.000,-9999999.000,0.000,0.000,1.000,0,0,0,23,23,0,0,23,0.0,0.0,0.0,0.0,0.0,1.0,-1
"F[0,2](DBP < 26.658 -> SepsisLabel = 0.000)
",-9999999.000,-9999999.000,0.000,0.000,1.000,0,0,0,23,23,0,0,23,0.0,0.0,0.0,0.0,0.0,1.0,-1
"((MAP >= 0.680) U[0,2] (SBP <= 103.710))
",-9999999.000,-9999999.000,0.000,0.000,1.000,0,0,0,23,23,0,0,23,0.0,0.0,0.0,0.0,0.0,1.0,-1
"F[1,2](((Calcium < 0.000 & Potassium < 3.634) & Magnesium < 0.000) & Phosphate < 0.000)
",-9999999.000,-9999999.000,0.000,0.000,1.000,0,0,0,23,23,0,0,23,0.0,0.0,0.0,0.0,0.0,1.0,-1
"((MAP >= 26.136) U[2,2] (SBP <= 125.155))
",2201749765376994.750,125.155,0.000,0.000,1.000,0,0,0,23,23,0,0,23,0.0,0.0,0.0,0.0,0.0,1.0,-1
"F[0,1]((Phosphate >= 0.000 & Magnesium > 0.000) -> Calcium < 0.000)
",-9999999.000,-9999999.000,0.000,0.000,1.000,0,0,0,23,23,0,0,23,0.0,0.0,0.0,0.0,0.0,1.0,-1
"F[1,2](((Calcium < 0.000 & Potassium < 4.999) & Magnesium < 0.000) & Phosphate < 0.000)
",-9999999.000,-9999999.000,0.000,0.000,1.000,0,0,0,23,23,0,0,23,0.0,0.0,0.0,0.0,0.0,1.0,-1
"F[0,2](EtCO2 >= 0.000 | MAP <= 82.697)
",-9999999.000,-9999999.000,0.000,0.000,1.000,0,0,0,23,23,0,0,23,0.0,0.0,0.0,0.0,0.0,1.0,-1
"G[1,2](((FiO2 <= 0.329 -> Resp >= 9.062) | BaseExcess <= 18.801) & PaCO2 >= 1.521)
",9999999.000,9999999.000,0.000,1.000,0.000,0,0,2,21,21,2,2,21,0.0,0.0,1.0,0.0,0.0,1.0,1
"F[1,2]((Glucose <= 58.642 -> SBP <= 96.437) & Potassium >= 30.957)
",-9999999.000,-9999999.000,0.000,0.000,1.000,0,0,0,23,23,0,0,23,0.0,0.0,0.0,0.0,0.0,1.0,-1
"G[0,2](Hgb >= 0.299 | MAP <= 83.814)
",9999999.000,9999999.000,0.000,1.000,0.000,0,0,19,4,4,19,19,4,0.0,0.0,1.0,0.0,0.0,1.0,1
"G[1,2](((Glucose >= 27.079 -> Hgb <= 8.328) & MAP >= 1.321) | pH <= 5.398)
",9999999.000,9999999.000,0.000,1.000,0.000,0,0,22,1,1,22,22,1,0.0,0.0,1.0,0.0,0.0,1.0,1
"G[1,2](((FiO2 <= 0.689 & O2Sat >= 44.453) | SBP <= 65.097) | Fibrinogen <= 71.321)
",9999999.000,9999999.000,0.000,1.000,0.000,0,0,23,0,0,23,23,0,0.0,0.0,1.0,0.0,0.0,1.0,1
"G[1,2]((Creatinine <= 0.485 & Platelets >= 10.324) | Platelets <= 123.922)
",9999999.000,9999999.000,0.000,1.000,0.000,0,0,23,0,0,23,23,0,0.0,0.0,1.0,0.0,0.0,1.0,1
"G[1,2]((Fibrinogen <= 282.724 -> Potassium <= 1.756) & Bilirubin_total >= 0.949)
",9999999.000,9999999.000,0.000,1.000,0.000,0,0,0,23,23,0,0,23,0.0,0.0,0.0,0.0,0.0,1.0,1
"G[0,2]((Alkalinephos >= 4.404 | WBC <= 6.820) | Alkalinephos >= 1.008)
",9999999.000,9999999.000,0.000,1.000,0.000,0,0,20,3,3,20,20,3,0.0,0.0,1.0,0.0,0.0,1.0,1
"G[0,2](((Alkalinephos >= 5.097 -> PaCO2 <= 34.502) -> SaO2 >= 1.747) | Phosphate <= 19.518)
",9999999.000,9999999.000,0.000,1.000,0.000,0,0,23,0,0,23,23,0,0.0,0.0,1.0,0.0,0.0,1.0,1
"G[1,2]((O2Sat >= 35.783 -> PTT >= 0.206) | FiO2 <= 15.221)
",9999999.000,9999999.000,0.000,1.000,0.000,0,0,23,0,0,23,23,0,0.0,0.0,1.0,0.0,0.0,1.0,1
"G[1,2]((MAP <= 60.448 -> PaCO2 <= 10.463) & Chloride >= 0.977)
",9999999.000,9999999.000,0.000,1.000,0.000,0,0,3,20,20,3,3,20,0.0,0.0,1.0,0.0,0.0,1.0,1
"G[1,2]((PaCO2 >= 5.411 | Fibrinogen <= 425.353) | Bilirubin_total <= 161.813)
",9999999.000,9999999.000,0.000,1.000,0.000,0,0,23,0,0,23,23,0,0.0,0.0,1.0,0.0,0.0,1.0,1
"G[1,1](BUN <= 13.828 & Creatinine >= 0.034)
",-4891369503954641.000,-0.034,0.000,1.000,0.000,0,0,0,23,23,0,0,23,0.0,0.0,0.0,0.0,0.0,1.0,1
"G[2,2](((Alkalinephos <= 48.592 | Temp <= 21.029) -> Bilirubin_direct >= 3.056) & Alkalinephos <= 31.293)
",-48.592,-48.592,0.000,1.000,0.000,0,0,23,0,0,23,23,0,0.0,0.0,1.0,0.0,0.0,1.0,1
"G[0,2](Phosphate <= 0.000 & DBP <= 44.490)
",9999999.000,9999999.000,0.000,1.000,0.000,0,0,13,10,10,13,13,10,0.0,0.0,1.0,0.0,0.0,1.0,1
"G[1,2](Chloride >= 14.974 & HCO3 >= 3.081)
",9999999.000,9999999.000,0.000,1.000,0.000,0,0,4,19,19,4,4,19,0.0,0.0,1.0,0.0,0.0,1.0,1
"G[0,2](Platelets <= 74.935 -> WBC >= 0.989)
",9999999.000,9999999.000,0.000,1.000,0.000,0,0,4,19,19,4,4,19,0.0,0.0,1.0,0.0,0.0,1.0,1
"G[0,2](((Hgb <= 6.496 | Hct <= 19.503) -> WBC >= 0.046) & Platelets >= 8.235)
",9999999.000,9999999.000,0.000,1.000,0.000,0,0,1,22,22,1,1,22,0.0,0.0,1.0,0.0,0.0,1.0,1
"G[0,2](BUN <= 25.157 & Creatinine >= 0.111)
",9999999.000,9999999.000,0.000,1.000,0.000,0,0,0,23,23,0,0,23,0.0,0.0,0.0,0.0,0.0,1.0,1
"G[0,2](((TroponinI >= 0.000 -> DBP >= 17.859) | PaCO2 >= 11.773) | Glucose <= 60.032)
",9999999.000,9999999.000,0.000,1.000,0.000,0,0,20,3,3,20,20,3,0.0,0.0,1.0,0.0,0.0,1.0,1
"G[0,2](((TroponinI >= 0.000 | Platelets >= 28.115) -> Alkalinephos <= 226.801) & FiO2 >= 12.941)
",9999999.000,9999999.000,0.000,1.000,0.000,0,0,0,23,23,0,0,23,0.0,0.0,0.0,0.0,0.0,1.0,1
"G[1,2](BUN <= 6.911 & Creatinine <= 0.900)
",9999999.000,9999999.000,0.000,1.000,0.000,0,0,19,4,4,19,19,4,0.0,0.0,1.0,0.0,0.0,1.0,1
"G[1,2](O2Sat >= 7.560 | SaO2 <= 85.052)
",9999999.000,9999999.000,0.000,1.000,0.000,0,0,23,0,0,23,23,0,0.0,0.0,1.0,0.0,0.0,1.0,1
"G[2,2](((Platelets <= 217.848 | Chloride <= 85.751) -> FiO2 >= 15.934) | Hct <= 73.098)
",5143839770951791.000,73.098,0.000,1.000,0.000,0,0,23,0,0,23,23,0,0.0,0.0,1.0,0.0,0.0,1.0,1
"G[1,2](Platelets <= 204.714 -> WBC >= 0.835)
",9999999.000,9999999.000,0.000,1.000,0.000,0,0,4,19,19,4,4,19,0.0,0.0,1.0,0.0,0.0,1.0,1
"G[0,2]((SBP <= 138.100 | MAP >= 52.507) & Glucose >= 46.336)
",9999999.000,9999999.000,0.000,1.000,0.000,0,0,2,21,21,2,2,21,0.0,0.0,1.0,0.0,0.0,1.0,1
"G[0,1](AST <= 6.036 & PTT >= 1.192)
",9999999.000,9999999.000,0.000,1.000,0.000,0,0,0,23,23,0,0,23,0.0,0.0,0.0,0.0,0.0,1.0,1
"G[0,2]((FiO2 >= 0.115 | Temp >= 2.055) | Temp >= 9.757)
",9999999.000,9999999.000,0.000,1.000,0.000,0,0,5,18,18,5,5,18,0.0,0.0,1.0,0.0,0.0,1.0,1
"G[1,2]((AST <= 22.408 | SBP >= 45.449) | BaseExcess >= 23.963)
",9999999.000,9999999.000,0.000,1.000,0.000,0,0,22,1,1,22,22,1,0.0,0.0,1.0,0.0,0.0,1.0,1
"G[0,2](((HR >= 35.934 & SBP >= 51.953) & Calcium <= 123.015) -> Magnesium <= 124.582)
",9999999.000,9999999.000,0.000,1.000,0.000,0,0,23,0,0,23,23,0,0.0,0.0,1.0,0.0,0.0,1.0,1
"G[2,2](((AST <= 1.452 -> Hct >= 1.885) | Hct >= 0.927) -> SaO2 >= 2.136)
",4176873316831035.000,0.927,0.000,1.000,0.000,0,0,23,0,0,23,23,0,0.0,0.0,1.0,0.0,0.0,1.0,1
"G[0,2](((DBP <= 33.347 & HR <= 105.383) | SepsisLabel >= 41.469) -> Hct <= 78.970)
",9999999.000,9999999.000,0.000,1.000,0.000,0,0,23,0,0,23,23,0,0.0,0.0,1.0,0.0,0.0,1.0,1
"G[1,2](((Fibrinogen >= 16.418 -> WBC <= 2.094) & Bilirubin_total <= 7.485) | Platelets >= 0.253)
",9999999.000,9999999.000,0.000,1.000,0.000,0,0,23,0,0,23,23,0,0.0,0.0,1.0,0.0,0.0,1.0,1
"G[2,2](((Lactate <= 1.443 & PaCO2 >= 3.155) -> HCO3 <= 12.138) | PaCO2 <= 31.256)
",4398913167865889.500,31.256,0.000,1.000,0.000,0,0,23,0,0,23,23,0,0.0,0.0,1.0,0.0,0.0,1.0,1
"G[0,2]((O2Sat <= 82.019 -> Resp >= 11.338) -> Chloride <= 30.002)
",9999999.000,9999999.000,0.000,1.000,0.000,0,0,20,3,3,20,20,3,0.0,0.0,1.0,0.0,0.0,1.0,1
"G[1,2](((PaCO2 >= 3.419 | pH <= 2.863) | DBP <= 3.582) -> Hct >= 2.150)
",9999999.000,9999999.000,0.000,1.000,0.000,0,0,9,14,14,9,9,14,0.0,0.0,1.0,0.0,0.0,1.0,1
"G[0,2]((Glucose <= 91.698 | Platelets <= 51.065) | Chloride <= 261.688)
",9999999.000,9999999.000,0.000,1.000,0.000,0,0,23,0,0,23,23,0,0.0,0.0,1.0,0.0,0.0,1.0,1
"G[2,2]((DBP <= 58.383 & pH >= 1.550) -> EtCO2 <= 6.823)
",-3841260526107537.500,-6.823,0.000,1.000,0.000,0,0,23,0,0,23,23,0,0.0,0.0,1.0,0.0,0.0,1.0,1
"G[2,2](Fibrinogen >= 11.793 -> SepsisLabel = 0.000)
",0.000,0.000,0.000,1.000,0.000,0,0,23,0,0,23,23,0,0.0,0.0,1.0,0.0,0.0,1.0,1
"G[2,2]((BaseExcess <= -0.382 | Lactate >= 0.012) | Calcium <= 1.098)
",2472200895079661.000,1.098,0.000,1.000,0.000,0,0,23,0,0,23,23,0,0.0,0.0,1.0,0.0,0.0,1.0,1
"G[0,2](((BUN <= 20.565 -> Hct >= 4.528) & EtCO2 >= 0.163) -> Bilirubin_total >= 4.570)
",9999999.000,9999999.000,0.000,1.000,0.000,0,0,23,0,0,23,23,0,0.0,0.0,1.0,0.0,0.0,1.0,1
"G[2,2](((Chloride >= 9.138 | WBC >= 1.284) | Resp <= 3.985) -> Phosphate <= 10.771)
",-3031900767019105.500,-10.771,0.000,1.000,0.000,0,0,23,0,0,23,23,0,0.0,0.0,1.0,0.0,0.0,1.0,1
"G[0,2](((SBP <= 118.220 | Temp <= 28.573) & Platelets >= 2.052) | PaCO2 <= 17.742)
",9999999.000,9999999.000,0.000,1.000,0.000,0,0,16,7,7,16,16,7,0.0,0.0,1.0,0.0,0.0,1.0,1
"G[1,2](((Bilirubin_total <= 0.350 & HCO3 <= 18.964) & Chloride >= 2.998) -> BaseExcess >= 0.029)
",9999999.000,9999999.000,0.000,1.000,0.000,0,0,23,0,0,23,23,0,0.0,0.0,1.0,0.0,0.0,1.0,1
"G[1,2](((Bilirubin_total >= 0.010 & WBC <= 10.391) & Bilirubin_total <= 5.263) & BUN >= 0.893)
",9999999.000,9999999.000,0.000,1.000,0.000,0,0,0,23,23,0,0,23,0.0,0.0,0.0,0.0,0.0,1.0,1
"G[2,2]((Chloride >= 11.173 & Hct >= 0.318) | Calcium <= 15.181)
",8546175785222881.000,15.181,0.000,1.000,0.000,0,0,23,0,0,23,23,0,0.0,0.0,1.0,0.0,0.0,1.0,1
"G[1,2](Alkalinephos >= 4.119 | Creatinine >= 0.117)
",9999999.000,9999999.000,0.000,1.000,0.000,0,0,1,22,22,1,1,22,0.0,0.0,1.0,0.0,0.0,1.0,1
"G[1,2](((Bilirubin_total >= 0.008 & Hgb >= 0.599) -> Bilirubin_total >= 0.324) | SepsisLabel <= 2.832)
",9999999.000,9999999.000,0.000,1.000,0.000,0,0,23,0,0,23,23,0,0.0,0.0,1.0,0.0,0.0,1.0,1
"G[1,2](DBP >= 2.519 | Temp >= 0.013)
",9999999.000,9999999.000,0.000,1.000,0.000,0,0,14,9,9,14,14,9,0.0,0.0,1.0,0.0,0.0,1.0,1
"G[2,2]((HR >= 29.865 | Temp <= 13.550) & SepsisLabel <= 23.664)
",3813954064725573.000,13.550,0.000,1.000,0.000,0,0,23,0,0,23,23,0,0.0,0.0,1.0,0.0,0.0,1.0,1
"G[1,2](SaO2 <= 70.201 & SBP <= 113.903)
",9999999.000,9999999.000,0.000,1.000,0.000,0,0,10,13,13,10,10,13,0.0,0.0,1.0,0.0,0.0,1.0,1
"G[0,2](HCO3 <= 7.501 -> Hgb <= 9.620)
",9999999.000,9999999.000,0.000,1.000,0.000,0,0,23,0,0,23,23,0,0.0,0.0,1.0,0.0,0.0,1.0,1
"G[1,2](Alkalinephos <= 69.719 -> Temp <= 21.535)
",9999999.000,9999999.000,0.000,1.000,0.000,0,0,13,10,10,13,13,10,0.0,0.0,1.0,0.0,0.0,1.0,1
"G[2,2](BUN <= 18.294 -> MAP <= 75.101)
",-2642398672202786.000,-75.101,0.000,1.000,0.000,0,0,23,0,0,23,23,0,0.0,0.0,1.0,0.0,0.0,1.0,1
"F[2,2](Phosphate >= 0.000 | Hct >= 3.555)
",0.000,0.000,0.000,0.000,1.000,0,0,0,23,23,0,0,23,0.0,0.0,0.0,0.0,0.0,1.0,-1
"G[2,2](((TroponinI <= 0.000 | pH <= 5.001) | TroponinI <= 5.878) -> pH <= 5.313)
",-5.878,-5.878,0.000,1.000,0.000,0,0,23,0,0,23,23,0,0.0,0.0,1.0,0.0,0.0,1.0,1
"G[1,1](((Potassium >= 0.289 | Resp >= 11.566) & Creatinine >= 10.794) | Creatinine >= 7.851)
",-2209967538784461.250,-7.851,0.000,1.000,0.000,0,0,0,23,23,0,0,23,0.0,0.0,0.0,0.0,0.0,1.0,1
"G[1,2](Platelets <= 179.109 -> WBC >= 0.890)
",9999999.000,9999999.000,0.000,1.000,0.000,0,0,4,19,19,4,4,19,0.0,0.0,1.0,0.0,0.0,1.0,1
"G[1,2](((Hgb >= 1.320 & Temp >= 0.539) & Phosphate >= 4.064) | BUN >= 7.552)
",9999999.000,9999999.000,0.000,1.000,0.000,0,0,4,19,19,4,4,19,0.0,0.0,1.0,0.0,0.0,1.0,1
"G[1,2]((Glucose <= 85.253 | SaO2 <= 75.178) | DBP <= 48.651)
",9999999.000,9999999.000,0.000,1.000,0.000,0,0,22,1,1,22,22,1,0.0,0.0,1.0,0.0,0.0,1.0,1
"G[1,2](((Hct <= 10.300 & Temp >= 9.110) & EtCO2 <= 15.004) -> DBP <= 28.895)
",9999999.000,9999999.000,0.000,1.000,0.000,0,0,19,4,4,19,19,4,0.0,0.0,1.0,0.0,0.0,1.0,1
"G[1,2](((Fibrinogen <= 308.871 -> MAP <= 86.930) & O2Sat <= 91.481) | Hct <= 77.163)
",9999999.000,9999999.000,0.000,1.000,0.000,0,0,23,0,0,23,23,0,0.0,0.0,1.0,0.0,0.0,1.0,1
"G[0,2]((Platelets <= 114.738 | Temp >= 8.216) & Magnesium >= 8.388)
",9999999.000,9999999.000,0.000,1.000,0.000,0,0,0,23,23,0,0,23,0.0,0.0,0.0,0.0,0.0,1.0,1
"G[0,2](Bilirubin_total >= 0.005 -> Temp >= 7.289)
",9999999.000,9999999.000,0.000,1.000,0.000,0,0,22,1,1,22,22,1,0.0,0.0,1.0,0.0,0.0,1.0,1
"G[1,2](((Hgb <= 9.469 | Hct <= 8.601) -> WBC >= 0.104) & Platelets >= 3.082)
",9999999.000,9999999.000,0.000,1.000,0.000,0,0,1,22,22,1,1,22,0.0,0.0,1.0,0.0,0.0,1.0,1
"G[2,2](BUN <= 5.978 & Creatinine >= 0.084)
",-6044719865042431.000,-0.084,0.000,1.000,0.000,0,0,23,0,0,23,23,0,0.0,0.0,1.0,0.0,0.0,1.0,1
"G[2,2]((Glucose <= 71.579 -> MAP <= 78.876) | EtCO2 >= 28.840)
",-4058925875504453.000,-28.840,0.000,1.000,0.000,0,0,23,0,0,23,23,0,0.0,0.0,1.0,0.0,0.0,1.0,1
"G[1,2](Chloride >= 3.873 & HCO3 >= 2.954)
",9999999.000,9999999.000,0.000,1.000,0.000,0,0,4,19,19,4,4,19,0.0,0.0,1.0,0.0,0.0,1.0,1
"G[1,2]((Fibrinogen >= 13.463 -> Temp <= 17.311) & DBP <= 20.520)
",9999999.000,9999999.000,0.000,1.000,0.000,0,0,13,10,10,13,13,10,0.0,0.0,1.0,0.0,0.0,1.0,1
"G[2,2]((HR >= 31.384 & Lactate >= 0.049) -> BaseExcess >= 0.007)
",0.007,0.007,0.000,1.000,0.000,0,0,23,0,0,23,23,0,0.0,0.0,1.0,0.0,0.0,1.0,1
"G[2,2](((Creatinine <= 0.783 -> O2Sat <= 70.335) -> Alkalinephos <= 69.868) | Magnesium <= 84.607)
",5953697872259921.000,84.607,0.000,1.000,0.000,0,0,23,0,0,23,23,0,0.0,0.0,1.0,0.0,0.0,1.0,1
"G[1,2](((Hgb <= 4.803 | Hct <= 23.670) -> WBC >= 0.423) & Platelets >= 6.705)
",9999999.000,9999999.000,0.000,1.000,0.000,0,0,1,22,22,1,1,22,0.0,0.0,1.0,0.0,0.0,1.0,1
"G[1,2]((Fibrinogen >= 8.634 -> SaO2 >= 17.029) -> AST >= 4.148)
",9999999.000,9999999.000,0.000,1.000,0.000,0,0,1,22,22,1,1,22,0.0,0.0,1.0,0.0,0.0,1.0,1
"G[2,2](((Bilirubin_total >= 0.008 -> DBP >= 23.122) | pH >= 0.237) & HCO3 <= 59.159)
",4699331304318911.000,0.008,0.000,1.000,0.000,0,0,23,0,0,23,23,0,0.0,0.0,1.0,0.0,0.0,1.0,1
"G[0,2](Chloride >= 9.052 & HCO3 >= 1.173)
",9999999.000,9999999.000,0.000,1.000,0.000,0,0,4,19,19,4,4,19,0.0,0.0,1.0,0.0,0.0,1.0,1
"G[0,2](BUN <= 11.520 -> HR <= 105.330)
",9999999.000,9999999.000,0.000,1.000,0.000,0,0,22,1,1,22,22,1,0.0,0.0,1.0,0.0,0.0,1.0,1
"G[0,2](((Hgb <= 2.192 & PTT >= 0.905) & SepsisLabel >= 0.264) & PTT <= 6.815)
",9999999.000,9999999.000,0.000,1.000,0.000,0,0,0,23,23,0,0,23,0.0,0.0,0.0,0.0,0.0,1.0,1
"G[0,2](((Hgb <= 4.907 | Hct <= 22.157) -> WBC >= 0.218) & Platelets >= 39.687)
",9999999.000,9999999.000,0.000,1.000,0.000,0,0,1,22,22,1,1,22,0.0,0.0,1.0,0.0,0.0,1.0,1
"G[0,2](((Bilirubin_total >= 0.005 -> Lactate >= 0.007) | SepsisLabel <= 1.123) & Alkalinephos >= 0.019)
",9999999.000,9999999.000,0.000,1.000,0.000,0,0,1,22,22,1,1,22,0.0,0.0,1.0,0.0,0.0,1.0,1
"G[2,2](PaCO2 >= 2.158 -> Resp >= 9.326)
",4859474267144639.000,2.158,0.000,1.000,0.000,0,0,23,0,0,23,23,0,0.0,0.0,1.0,0.0,0.0,1.0,1
"G[1,2](((Creatinine >= 0.130 -> DBP <= 29.792) & Alkalinephos <= 55.298) & TroponinI <= 34.356)
",9999999.000,9999999.000,0.000,1.000,0.000,0,0,22,1,1,22,22,1,0.0,0.0,1.0,0.0,0.0,1.0,1
"G[1,2]((EtCO2 >= 0.000 & HR >= 48.305) | MAP >= 4.554)
",9999999.000,9999999.000,0.000,1.000,0.000,0,0,19,4,4,19,19,4,0.0,0.0,1.0,0.0,0.0,1.0,1
"G[1,2](Platelets <= 265.494 -> WBC >= 1.028)
",9999999.000,9999999.000,0.000,1.000,0.000,0,0,4,19,19,4,4,19,0.0,0.0,1.0,0.0,0.0,1.0,1
"G[1,2](HCO3 <= 13.639 -> O2Sat >= 17.823)
",9999999.000,9999999.000,0.000,1.000,0.000,0,0,17,6,6,17,17,6,0.0,0.0,1.0,0.0,0.0,1.0,1
"G[0,2](Magnesium <= 0.000 -> HCO3 >= 0.633)
",9999999.000,9999999.000,0.000,1.000,0.000,0,0,4,19,19,4,4,19,0.0,0.0,1.0,0.0,0.0,1.0,1
"G[1,2](Platelets <= 213.117 -> WBC >= 1.493)
",9999999.000,9999999.000,0.000,1.000,0.000,0,0,4,19,19,4,4,19,0.0,0.0,1.0,0.0,0.0,1.0,1
"G[0,2]((HCO3 <= 11.759 | MAP >= 4.302) | O2Sat >= 1.895)
",9999999.000,9999999.000,0.000,1.000,0.000,0,0,22,1,1,22,22,1,0.0,0.0,1.0,0.0,0.0,1.0,1
"G[0,2](BUN <= 22.484 & Creatinine >= 0.014)
",9999999.000,9999999.000,0.000,1.000,0.000,0,0,0,23,23,0,0,23,0.0,0.0,0.0,0.0,0.0,1.0,1
"G[1,2](Chloride >= 15.171 & HCO3 >= 3.073)
",9999999.000,9999999.000,0.000,1.000,0.000,0,0,4,19,19,4,4,19,0.0,0.0,1.0,0.0,0.0,1.0,1
"G[0,2](((SepsisLabel >= 0.000 -> SaO2 <= 51.466) -> MAP <= 33.310) | O2Sat >= 25.196)
",9999999.000,9999999.000,0.000,1.000,0.000,0,0,17,6,6,17,17,6,0.0,0.0,1.0,0.0,0.0,1.0,1
"G[0,2](BUN >= 2.062 & Fibrinogen >= 12.590)
",9999999.000,9999999.000,0.000,1.000,0.000,0,0,0,23,23,0,0,23,0.0,0.0,0.0,0.0,0.0,1.0,1
"G[0,2](((Hgb <= 2.070 | Hct <= 21.484) -> WBC >= 0.421) & Platelets >= 38.170)
",9999999.000,9999999.000,0.000,1.000,0.000,0,0,1,22,22,1,1,22,0.0,0.0,1.0,0.0,0.0,1.0,1
"G[2,2](BUN <= 25.941 & Creatinine >= 0.104)
",-7525232810172789.000,-0.104,0.000,1.000,0.000,0,0,23,0,0,23,23,0,0.0,0.0,1.0,0.0,0.0,1.0,1
"G[1,2](((HR >= 15.655 & Hgb >= 0.379) | MAP >= 1.370) | BUN >= 0.063)
",9999999.000,9999999.000,0.000,1.000,0.000,0,0,19,4,4,19,19,4,0.0,0.0,1.0,0.0,0.0,1.0,1
"G[1,2](((BUN <= 10.497 & DBP >= 18.703) | Bilirubin_direct <= 34.195) -> Hgb <= 57.318)
",9999999.000,9999999.000,0.000,1.000,0.000,0,0,23,0,0,23,23,0,0.0,0.0,1.0,0.0,0.0,1.0,1
"G[2,2](((Hgb <= 8.935 | Hct <= 8.341) -> WBC >= 0.179) & Platelets >= 18.239)
",-2566946085728950.000,-18.239,0.000,1.000,0.000,0,0,23,0,0,23,23,0,0.0,0.0,1.0,0.0,0.0,1.0,1
"G[1,2](((Phosphate <= 0.000 & Bilirubin_direct >= 0.000) -> MAP >= 0.000) -> AST >= 0.000)
",9999999.000,9999999.000,0.000,1.000,0.000,0,0,23,0,0,23,23,0,0.0,0.0,1.0,0.0,0.0,1.0,1
"G[1,2]((WBC <= 7.663 -> Hct <= 27.104) | FiO2 >= 3.454)
",9999999.000,9999999.000,0.000,1.000,0.000,0,0,23,0,0,23,23,0,0.0,0.0,1.0,0.0,0.0,1.0,1
"G[0,2]((PaCO2 <= 39.473 -> Chloride >= 6.147) & PTT >= 16.746)
",9999999.000,9999999.000,0.000,1.000,0.000,0,0,0,23,23,0,0,23,0.0,0.0,0.0,0.0,0.0,1.0,1
"G[0,2](((SaO2 <= 42.041 -> Bilirubin_total <= 0.405) | MAP <= 0.227) & WBC <= 0.434)
",9999999.000,9999999.000,0.000,1.000,0.000,0,0,19,4,4,19,19,4,0.0,0.0,1.0,0.0,0.0,1.0,1
"G[1,2](Chloride >= 4.052 & HCO3 >= 1.674)
",9999999.000,9999999.000,0.000,1.000,0.000,0,0,4,19,19,4,4,19,0.0,0.0,1.0,0.0,0.0,1.0,1
"G[0,2](((Alkalinephos <= 90.436 & HR >= 7.156) & O2Sat >= 50.740) & pH <= 73.405)
",9999999.000,9999999.000,0.000,1.000,0.000,0,0,12,11,11,12,12,11,0.0,0.0,1.0,0.0,0.0,1.0,1
"G[1,2]((Phosphate >= 0.000 & EtCO2 <= 0.000) & SepsisLabel >= 0.000)
",9999999.000,9999999.000,0.000,1.000,0.000,0,0,23,0,0,23,23,0,0.0,0.0,1.0,0.0,0.0,1.0,1
"G[2,2]((SaO2 >= 11.464 | Magnesium >= 0.000) | WBC >= 0.000)
",0.000,0.000,0.000,1.000,0.000,0,0,23,0,0,23,23,0,0.0,0.0,1.0,0.0,0.0,1.0,1
"G[2,2](BUN <= 6.186 & Creatinine >= 0.108)
",-7805467404544701.000,-0.108,0.000,1.000,0.000,0,0,23,0,0,23,23,0,0.0,0.0,1.0,0.0,0.0,1.0,1
"G[0,2](((Alkalinephos >= 3.912 | Hgb <= 3.731) | Resp >= 0.209) -> Bilirubin_total >= 1.504)
",9999999.000,9999999.000,0.000,1.000,0.000,0,0,0,23,23,0,0,23,0.0,0.0,0.0,0.0,0.0,1.0,1
"G[2,2](((AST >= 0.805 | Hgb >= 0.312) -> SBP <= 5.927) & HCO3 <= 8.309)
",-6673211605990367.000,-5.927,0.000,1.000,0.000,0,0,23,0,0,23,23,0,0.0,0.0,1.0,0.0,0.0,1.0,1
"G[0,2]((Creatinine <= 1.665 & Hct <= 8.292) | Lactate <= 15.498)
",9999999.000,9999999.000,0.000,1.000,0.000,0,0,23,0,0,23,23,0,0.0,0.0,1.0,0.0,0.0,1.0,1
"G[2,2](((AST >= 0.216 | Lactate <= 0.426) -> O2Sat >= 0.058) -> Glucose <= 0.601)
",-5414923509111663.000,-0.601,0.000,1.000,0.000,0,0,23,0,0,23,23,0,0.0,0.0,1.0,0.0,0.0,1.0,1
"F[0,2](((Glucose >= 6.880 -> Creatinine <= 0.133) -> AST >= 0.061) & HCO3 <= 0.964)
",-9999999.000,-9999999.000,0.000,0.000,1.000,0,0,0,23,23,0,0,23,0.0,0.0,0.0,0.0,0.0,1.0,-1
"F[0,1]((Fibrinogen <= 44.347 -> Calcium >= 0.000) -> EtCO2 >= 0.000)
",-9999999.000,-9999999.000,0.000,0.000,1.000,0,0,0,23,23,0,0,23,0.0,0.0,0.0,0.0,0.0,1.0,-1
"F[0,2]((Lactate >= 0.054 & MAP <= 87.083) -> EtCO2 <= 59.000)
",-9999999.000,-9999999.000,0.000,0.000,1.000,0,0,0,23,23,0,0,23,0.0,0.0,0.0,0.0,0.0,1.0,-1
"F[0,2](Bilirubin_total >= 0.010 & SaO2 <= 63.606)
",-9999999.000,-9999999.000,0.000,0.000,1.000,0,0,0,23,23,0,0,23,0.0,0.0,0.0,0.0,0.0,1.0,-1
"F[1,2](((HR <= 86.801 -> PTT >= 1.116) & AST >= 0.791) & Magnesium >= 1.155)
",-9999999.000,-9999999.000,0.000,0.000,1.000,0,0,0,23,23,0,0,23,0.0,0.0,0.0,0.0,0.0,1.0,-1
"F[1,2](((Creatinine <= 0.825 | pH <= 6.797) -> Creatinine <= 3.857) & TroponinI <= 4.581)
",-9999999.000,-9999999.000,0.000,0.000,1.000,0,0,0,23,23,0,0,23,0.0,0.0,0.0,0.0,0.0,1.0,-1
"F[1,2](DBP <= 51.437 | TroponinI <= 0.000)
",-9999999.000,-9999999.000,0.000,0.000,1.000,0,0,0,23,23,0,0,23,0.0,0.0,0.0,0.0,0.0,1.0,-1
"F[0,1](SBP <= 135.988 -> PTT <= 10.098)
",-9999999.000,-9999999.000,0.000,0.000,1.000,0,0,0,23,23,0,0,23,0.0,0.0,0.0,0.0,0.0,1.0,-1
"((Bilirubin_total <= 0.401) U[0,2] (PaCO2 <= 34.592))
",-9999999.000,-9999999.000,0.000,0.000,1.000,0,0,0,23,23,0,0,23,0.0,0.0,0.0,0.0,0.0,1.0,-1
"F[1,1](Bilirubin_total >= 0.002 -> Resp >= 2.133)
",4333108951351476.000,0.002,0.000,0.000,1.000,0,0,0,23,23,0,0,23,0.0,0.0,0.0,0.0,0.0,1.0,-1
"G[0,2](HCO3 >= 0.462 | SBP >= 86.544)
",9999999.000,9999999.000,0.000,1.000,0.000,0,0,17,6,6,17,17,6,0.0,0.0,1.0,0.0,0.0,1.0,1
"G[0,0]((SaO2 >= 23.098 & Temp >= 4.372) | Bilirubin_direct >= 1.385)
",0.143,0.608,0.000,1.000,0.000,0,0,0,23,23,0,0,23,0.0,0.0,0.0,0.0,0.0,1.0,1
"G[1,2]((DBP >= 15.505 & Hct >= 3.473) & Phosphate >= 3.435)
",9999999.000,9999999.000,0.000,1.000,0.000,0,0,0,23,23,0,0,23,0.0,0.0,0.0,0.0,0.0,1.0,1
"G[1,2](((Hct <= 12.246 | SaO2 >= 21.141) | AST >= 1.578) & FiO2 <= 86.600)
",9999999.000,9999999.000,0.000,1.000,0.000,0,0,21,2,2,21,21,2,0.0,0.0,1.0,0.0,0.0,1.0,1
"G[1,2](Chloride >= 2.804 & HCO3 >= 3.416)
",9999999.000,9999999.000,0.000,1.000,0.000,0,0,4,19,19,4,4,19,0.0,0.0,1.0,0.0,0.0,1.0,1
"G[1,2](BUN <= 12.678 & Creatinine >= 0.018)
",9999999.000,9999999.000,0.000,1.000,0.000,0,0,0,23,23,0,0,23,0.0,0.0,0.0,0.0,0.0,1.0,1
"G[2,2]((PTT <= 9.173 | Temp <= 32.810) -> SaO2 >= 1.246)
",-4617537493920689.000,-32.810,0.000,1.000,0.000,0,0,23,0,0,23,23,0,0.0,0.0,1.0,0.0,0.0,1.0,1
"G[2,2](BUN <= 21.948 & Creatinine >= 0.119)
",-2852249885645593.000,-0.119,0.000,1.000,0.000,0,0,23,0,0,23,23,0,0.0,0.0,1.0,0.0,0.0,1.0,1
"G[0,2](BUN <= 10.968 & Creatinine >= 0.122)
",9999999.000,9999999.000,0.000,1.000,0.000,0,0,0,23,23,0,0,23,0.0,0.0,0.0,0.0,0.0,1.0,1
"G[0,2](Platelets <= 280.456 -> WBC >= 0.241)
",9999999.000,9999999.000,0.000,1.000,0.000,0,0,4,19,19,4,4,19,0.0,0.0,1.0,0.0,0.0,1.0,1
"G[1,2](Creatinine <= 0.899 -> Lactate <= 1.076)
",9999999.000,9999999.000,0.000,1.000,0.000,0,0,22,1,1,22,22,1,0.0,0.0,1.0,0.0,0.0,1.0,1
"G[1,2](MAP < 76.598 & SepsisLabel = 0.000)
",9999999.000,9999999.000,0.000,1.000,0.000,0,0,16,7,7,16,16,7,0.0,0.0,1.0,0.0,0.0,1.0,1
"G[1,2]((HCO3 >= 2.332 & pH >= 2.176) | Lactate <= 4.477)
",9999999.000,9999999.000,0.000,1.000,0.000,0,0,23,0,0,23,23,0,0.0,0.0,1.0,0.0,0.0,1.0,1
"F[1,2]((AST <= 27.789 | Magnesium <= 0.000) & Hct <= 0.000)
",-9999999.000,-9999999.000,0.000,0.000,1.000,0,0,0,23,23,0,0,23,0.0,0.0,0.0,0.0,0.0,1.0,-1
"F[0,2](((Lactate <= 0.872 -> SBP >= 14.212) & Potassium >= 68.963) & SBP >= 73.310)
",-9999999.000,-9999999.000,0.000,0.000,1.000,0,0,0,23,23,0,0,23,0.0,0.0,0.0,0.0,0.0,1.0,-1
"F[1,2](((Calcium >= 0.000 | Phosphate <= 0.000) | Creatinine >= 0.000) & FiO2 <= 0.000)
",-9999999.000,-9999999.000,0.000,0.000,1.000,0,0,0,23,23,0,0,23,0.0,0.0,0.0,0.0,0.0,1.0,-1
"F[2,2](Glucose >= 23.952 -> Resp >= 10.295)
",5795534925610673.000,10.295,0.000,0.000,1.000,0,0,0,23,23,0,0,23,0.0,0.0,0.0,0.0,0.0,1.0,-1
"F[1,2](MAP >= 42.951 & Platelets <= 372.659)
",-9999999.000,-9999999.000,0.000,0.000,1.000,0,0,0,23,23,0,0,23,0.0,0.0,0.0,0.0,0.0,1.0,-1
"F[0,2](Lactate <= 0.780 | SaO2 <= 28.657)
",-9999999.000,-9999999.000,0.000,0.000,1.000,0,0,0,23,23,0,0,23,0.0,0.0,0.0,0.0,0.0,1.0,-1
"F[0,2]((Creatinine <= 0.591 -> FiO2 >= 0.041) -> Hct >= 0.038)
",-9999999.000,-9999999.000,0.000,0.000,1.000,0,0,0,23,23,0,0,23,0.0,0.0,0.0,0.0,0.0,1.0,-1
"F[2,2](HCO3 >= 0.982 & SBP >= 43.836)
",-3084658680163089.500,-43.836,0.000,0.000,1.000,0,0,0,23,23,0,0,23,0.0,0.0,0.0,0.0,0.0,1.0,-1
"F[0,2](((Glucose <= 145.528 | Glucose >= 12.699) | AST >= 19.650) | pH >= 4.360)
",-9999999.000,-9999999.000,0.000,0.000,1.000,0,0,0,23,23,0,0,23,0.0,0.0,0.0,0.0,0.0,1.0,-1
"((MAP >= 48.747) U[0,2] (Magnesium >= 0.000))
",-9999999.000,-9999999.000,0.000,0.000,1.000,0,0,0,23,23,0,0,23,0.0,0.0,0.0,0.0,0.0,1.0,-1
"F[0,0]((SaO2 <= 76.601 & SaO2 <= 72.582) | Bilirubin_total <= 45.848)
",5.411,66.152,0.000,0.000,1.000,0,0,0,23,23,0,0,23,0.0,0.0,0.0,0.0,0.0,1.0,-1
"F[0,2](((Hgb <= 3.081 | BUN >= 2.882) & SaO2 <= 14.287) -> SepsisLabel <= 18.511)
",-9999999.000,-9999999.000,0.000,0.000,1.000,0,0,0,23,23,0,0,23,0.0,0.0,0.0,0.0,0.0,1.0,-1
"F[1,2](((AST <= 3.581 | PaCO2 <= 12.147) -> BUN <= 34.476) | WBC <= 25.023)
",-9999999.000,-9999999.000,0.000,0.000,1.000,0,0,0,23,23,0,0,23,0.0,0.0,0.0,0.0,0.0,1.0,-1
"F[0,1](((BUN >= 4.412 & TroponinI >= 0.000) & HCO3 >= 0.000) -> SBP >= 0.000)
",-9999999.000,-9999999.000,0.000,0.000,1.000,0,0,0,23,23,0,0,23,0.0,0.0,0.0,0.0,0.0,1.0,-1
"F[1,2]((BUN >= 3.029 -> O2Sat <= 61.861) -> Bilirubin_total <= 94.885)
",-9999999.000,-9999999.000,0.000,0.000,1.000,0,0,0,23,23,0,0,23,0.0,0.0,0.0,0.0,0.0,1.0,-1
"F[1,2](BUN <= 6.583 & Temp <= 10.387)
",-9999999.000,-9999999.000,0.000,0.000,1.000,0,0,0,23,23,0,0,23,0.0,0.0,0.0,0.0,0.0,1.0,-1
"F[1,2]((SBP <= 136.130 | FiO2 <= 0.602) | Glucose <= 0.782)
",-9999999.000,-9999999.000,0.000,0.000,1.000,0,0,0,23,23,0,0,23,0.0,0.0,0.0,0.0,0.0,1.0,-1
"F[1,1](((Alkalinephos <= 108.106 | BUN <= 27.677) | Creatinine <= 11.574) -> pH <= 16.183)
",-7607299689102410.000,-108.106,0.000,0.000,1.000,0,0,0,23,23,0,0,23,0.0,0.0,0.0,0.0,0.0,1.0,-1
"F[1,2]((AST >= 1.028 -> pH >= 1.527) -> SepsisLabel <= 5.941)
",-9999999.000,-9999999.000,0.000,0.000,1.000,0,0,0,23,23,0,0,23,0.0,0.0,0.0,0.0,0.0,1.0,-1
"F[0,2](DBP >= 23.111 | HCO3 <= 13.157)
",-9999999.000,-9999999.000,0.000,0.000,1.000,0,0,0,23,23,0,0,23,0.0,0.0,0.0,0.0,0.0,1.0,-1
"F[1,2](((DBP <= 35.894 & Fibrinogen >= 15.022) -> Hct <= 173.380) -> Chloride >= 17.343)
",-9999999.000,-9999999.000,0.000,0.000,1.000,0,0,0,23,23,0,0,23,0.0,0.0,0.0,0.0,0.0,1.0,-1
"F[0,0](((Glucose >= 19.188 -> HR >= 4.616) | Lactate <= 78.229) | PTT <= 99.372)
",31.249,98.157,0.000,0.000,1.000,0,0,0,23,23,0,0,23,0.0,0.0,0.0,0.0,0.0,1.0,-1
"F[0,2](FiO2 >= 0.075 | Platelets >= 22.055)
",-9999999.000,-9999999.000,0.000,0.000,1.000,0,0,0,23,23,0,0,23,0.0,0.0,0.0,0.0,0.0,1.0,-1
"F[2,2](((HCO3 >= 3.363 -> AST >= 0.530) & Calcium <= 28.337) & DBP <= 1.773)
",4771444132668623.000,0.530,0.000,0.000,1.000,0,0,0,23,23,0,0,23,0.0,0.0,0.0,0.0,0.0,1.0,-1
"((MAP <= 97.208) U[0,2] (DBP >= 6.707))
",-9999999.000,-9999999.000,0.000,0.000,1.000,0,0,0,23,23,0,0,23,0.0,0.0,0.0,0.0,0.0,1.0,-1
"F[1,2]((O2Sat >= 59.362 & Potassium >= 0.145) -> AST >= 0.794)
",-9999999.000,-9999999.000,0.000,0.000,1.000,0,0,0,23,23,0,0,23,0.0,0.0,0.0,0.0,0.0,1.0,-1
"G[0,2](((Lactate <= 1.056 & Resp >= 2.631) & Potassium <= 26.494) | Calcium >= 11.397)
",9999999.000,9999999.000,0.000,1.000,0.000,0,0,16,7,7,16,16,7,0.0,0.0,1.0,0.0,0.0,1.0,1
"G[0,0](Phosphate > 0.000 & SepsisLabel = 0.000)
",-0.387,-50.304,0.000,1.000,0.000,0,0,0,23,23,0,0,23,0.0,0.0,0.0,0.0,0.0,1.0,1
"G[2,2](((Bilirubin_total <= 0.403 | SBP >= 63.453) & EtCO2 >= 62.553) -> EtCO2 <= 98.702)
",-98.702,-98.702,0.000,1.000,0.000,0,0,23,0,0,23,23,0,0.0,0.0,1.0,0.0,0.0,1.0,1
"G[2,2](((BaseExcess <= -0.853 -> SBP <= 92.521) & Temp <= 128.373) | O2Sat >= 69.574)
",-2447924986429474.500,-69.574,0.000,1.000,0.000,0,0,23,0,0,23,23,0,0.0,0.0,1.0,0.0,0.0,1.0,1
"G[1,2](PaCO2 <= 14.668 | SBP <= 129.253)
",9999999.000,9999999.000,0.000,1.000,0.000,0,0,23,0,0,23,23,0,0.0,0.0,1.0,0.0,0.0,1.0,1
"G[0,2]((BaseExcess <= -0.094 & Platelets >= 14.607) | MAP >= 30.929)
",9999999.000,9999999.000,0.000,1.000,0.000,0,0,16,7,7,16,16,7,0.0,0.0,1.0,0.0,0.0,1.0,1
"G[0,2](FiO2 <= 0.982 -> SepsisLabel = 0.000)
",9999999.000,9999999.000,0.000,1.000,0.000,0,0,23,0,0,23,23,0,0.0,0.0,1.0,0.0,0.0,1.0,1
"G[1,1]((Alkalinephos <= 89.370 | BaseExcess >= -2.698) & TroponinI <= -0.458)
",-2748331248418375.000,-0.458,0.000,1.000,0.000,0,0,0,23,23,0,0,23,0.0,0.0,0.0,0.0,0.0,1.0,1
"G[2,2](((AST <= 23.698 -> DBP >= 1.201) & TroponinI >= 21.369) -> Potassium >= 7.543)
",2830860828640796.500,7.543,0.000,1.000,0.000,0,0,23,0,0,23,23,0,0.0,0.0,1.0,0.0,0.0,1.0,1
"G[1,2](Hgb <= 4.974 -> SepsisLabel = 0.000)
",9999999.000,9999999.000,0.000,1.000,0.000,0,0,23,0,0,23,23,0,0.0,0.0,1.0,0.0,0.0,1.0,1
"G[0,2](((PTT >= 0.974 | Resp <= 23.768) -> O2Sat >= 12.931) | HCO3 >= 7.851)
",9999999.000,9999999.000,0.000,1.000,0.000,0,0,15,8,8,15,15,8,0.0,0.0,1.0,0.0,0.0,1.0,1
"G[0,2](Fibrinogen > 1.675 -> SepsisLabel = 0.000)
",9999999.000,9999999.000,0.000,1.000,0.000,0,0,23,0,0,23,23,0,0.0,0.0,1.0,0.0,0.0,1.0,1
"G[2,2]((BaseExcess >= -4.505 | Hct <= 28.686) -> EtCO2 >= 3.792)
",-8074381957330433.000,-28.686,0.000,1.000,0.000,0,0,23,0,0,23,23,0,0.0,0.0,1.0,0.0,0.0,1.0,1
"G[1,2](Hgb >= 0.424 -> pH >= 0.656)
",9999999.000,9999999.000,0.000,1.000,0.000,0,0,22,1,1,22,22,1,0.0,0.0,1.0,0.0,0.0,1.0,1
"G[0,2](((Creatinine >= 0.130 | Resp >= 8.290) & pH >= 1.951) | BUN <= 31.637)
",9999999.000,9999999.000,0.000,1.000,0.000,0,0,23,0,0,23,23,0,0.0,0.0,1.0,0.0,0.0,1.0,1
"G[1,2](((BUN >= 0.126 | Resp <= 31.463) & SaO2 >= 1.571) | Fibrinogen <= 22.117)
",9999999.000,9999999.000,0.000,1.000,0.000,0,0,22,1,1,22,22,1,0.0,0.0,1.0,0.0,0.0,1.0,1
"G[0,2](Resp >= 11.626 | SaO2 <= 38.515)
",9999999.000,9999999.000,0.000,1.000,0.000,0,0,23,0,0,23,23,0,0.0,0.0,1.0,0.0,0.0,1.0,1
"G[0,2](((BUN <= 20.242 & BUN >= 0.309) -> Glucose >= 3.270) | DBP <= 22.028)
",9999999.000,9999999.000,0.000,1.000,0.000,0,0,23,0,0,23,23,0,0.0,0.0,1.0,0.0,0.0,1.0,1
"G[1,2](((Hgb >= 0.673 -> Platelets >= 39.336) -> Glucose >= 16.997) | SepsisLabel <= 326.467)
",9999999.000,9999999.000,0.000,1.000,0.000,0,0,23,0,0,23,23,0,0.0,0.0,1.0,0.0,0.0,1.0,1
"G[2,2]((AST <= 13.849 -> HCO3 <= 20.310) | Platelets >= 2.705)
",-3045281785929830.500,-2.705,0.000,1.000,0.000,0,0,23,0,0,23,23,0,0.0,0.0,1.0,0.0,0.0,1.0,1
"G[0,2](((Hct >= 0.920 & Platelets >= 32.133) & SepsisLabel <= 208.544) -> Platelets <= 262.548)
",9999999.000,9999999.000,0.000,1.000,0.000,0,0,19,4,4,19,19,4,0.0,0.0,1.0,0.0,0.0,1.0,1
"G[0,1](((HCO3 <= 14.379 & Potassium <= 1.184) & Creatinine >= 0.273) & SepsisLabel >= 0.252)
",9999999.000,9999999.000,0.000,1.000,0.000,0,0,0,23,23,0,0,23,0.0,0.0,0.0,0.0,0.0,1.0,1
"G[0,2](((Hct <= 6.724 | Lactate <= 1.219) & Glucose >= 0.059) | SBP >= 0.038)
",9999999.000,9999999.000,0.000,1.000,0.000,0,0,16,7,7,16,16,7,0.0,0.0,1.0,0.0,0.0,1.0,1
"G[2,2](((Potassium <= 3.457 | WBC >= 1.522) | TroponinI <= 2.695) & Glucose >= 0.272)
",-4895174872894991.000,-0.272,0.000,1.000,0.000,0,0,23,0,0,23,23,0,0.0,0.0,1.0,0.0,0.0,1.0,1
"G[0,2](((BaseExcess <= -0.030 | FiO2 >= 0.005) -> pH >= 0.053) -> Phosphate >= 0.007)
",9999999.000,9999999.000,0.000,1.000,0.000,0,0,0,23,23,0,0,23,0.0,0.0,0.0,0.0,0.0,1.0,1
"G[0,2](BUN >= 1.033 & Lactate <= 0.304)
",9999999.000,9999999.000,0.000,1.000,0.000,0,0,2,21,21,2,2,21,0.0,0.0,1.0,0.0,0.0,1.0,1
"G[0,2]((Glucose >= 6.817 | O2Sat >= 8.127) -> pH >= 40.564)
",9999999.000,9999999.000,0.000,1.000,0.000,0,0,5,18,18,5,5,18,0.0,0.0,1.0,0.0,0.0,1.0,1
"G[0,2](PTT >= 0.165 | SaO2 <= 39.218)
",9999999.000,9999999.000,0.000,1.000,0.000,0,0,16,7,7,16,16,7,0.0,0.0,1.0,0.0,0.0,1.0,1
"G[1,2](((HCO3 >= 3.502 -> PaCO2 <= 28.147) & WBC >= 6.358) -> Potassium <= 16.136)
",9999999.000,9999999.000,0.000,1.000,0.000,0,0,23,0,0,23,23,0,0.0,0.0,1.0,0.0,0.0,1.0,1
"G[0,2](Platelets <= 174.404 -> WBC >= 1.367)
",9999999.000,9999999.000,0.000,1.000,0.000,0,0,4,19,19,4,4,19,0.0,0.0,1.0,0.0,0.0,1.0,1
"G[2,2](Potassium >= 0.078 -> SepsisLabel = 0.000)
",0.000,0.000,0.000,1.000,0.000,0,0,23,0,0,23,23,0,0.0,0.0,1.0,0.0,0.0,1.0,1
"G[2,2](FiO2 <= 0.689 -> Hgb >= 0.998)
",-6207355628260209.000,-0.689,0.000,1.000,0.000,0,0,23,0,0,23,23,0,0.0,0.0,1.0,0.0,0.0,1.0,1
"G[1,2](pH <= 5.141 | WBC >= 1.326)
",9999999.000,9999999.000,0.000,1.000,0.000,0,0,17,6,6,17,17,6,0.0,0.0,1.0,0.0,0.0,1.0,1
"G[1,2](Chloride > 5.504 & SepsisLabel = 0.000)
",9999999.000,9999999.000,0.000,1.000,0.000,0,0,4,19,19,4,4,19,0.0,0.0,1.0,0.0,0.0,1.0,1
"G[2,2](Potassium >= 0.306 & SepsisLabel = 0.000)
",-5506271837987535.000,-0.306,0.000,1.000,0.000,0,0,23,0,0,23,23,0,0.0,0.0,1.0,0.0,0.0,1.0,1
"G[0,2](((Bilirubin_total <= 0.217 & HR <= 81.162) & Bilirubin_direct >= 36.867) -> Chloride <= 66.910)
",9999999.000,9999999.000,0.000,1.000,0.000,0,0,23,0,0,23,23,0,0.0,0.0,1.0,0.0,0.0,1.0,1
"G[1,1](((MAP <= 72.063 -> pH <= 3.835) | PaCO2 <= 4.678) & Phosphate >= 1.710)
",-2567303564932817.000,-1.710,0.000,1.000,0.000,0,0,0,23,23,0,0,23,0.0,0.0,0.0,0.0,0.0,1.0,1
"G[0,0]((Lactate >= 0.060 | pH <= 4.410) & EtCO2 >= 1.490)
",0.879,5.953,0.000,1.000,0.000,0,0,0,23,23,0,0,23,0.0,0.0,0.0,0.0,0.0,1.0,1
"G[0,2](((Glucose <= 99.934 & pH >= 0.007) -> Chloride >= 2.655) & Creatinine <= 6.717)
",9999999.000,9999999.000,0.000,1.000,0.000,0,0,17,6,6,17,17,6,0.0,0.0,1.0,0.0,0.0,1.0,1
"G[0,2](HCO3 <= 16.523 & SepsisLabel = 0.000)
",9999999.000,9999999.000,0.000,1.000,0.000,0,0,19,4,4,19,19,4,0.0,0.0,1.0,0.0,0.0,1.0,1
"G[1,2](FiO2 <= 0.399 & HCO3 >= 0.489)
",9999999.000,9999999.000,0.000,1.000,0.000,0,0,2,21,21,2,2,21,0.0,0.0,1.0,0.0,0.0,1.0,1
"G[0,2]((Hct >= 4.238 | Resp >= 6.071) | Resp <= 19.815)
",9999999.000,9999999.000,0.000,1.000,0.000,0,0,23,0,0,23,23,0,0.0,0.0,1.0,0.0,0.0,1.0,1
"G[0,2](((DBP >= 19.127 | Resp >= 5.985) | Fibrinogen >= 7.095) -> HR <= 24.649)
",9999999.000,9999999.000,0.000,1.000,0.000,0,0,4,19,19,4,4,19,0.0,0.0,1.0,0.0,0.0,1.0,1
"G[1,2]((Platelets <= 61.156 & Resp >= 14.210) | Calcium <= 25.467)
",9999999.000,9999999.000,0.000,1.000,0.000,0,0,23,0,0,23,23,0,0.0,0.0,1.0,0.0,0.0,1.0,1
"G[0,2](HR <= 93.902 & SepsisLabel = 0.000)
",9999999.000,9999999.000,0.000,1.000,0.000,0,0,16,7,7,16,16,7,0.0,0.0,1.0,0.0,0.0,1.0,1
"G[0,2](((BUN >= 0.547 | PaCO2 <= 8.218) -> MAP <= 13.147) | Glucose <= 33.692)
",9999999.000,9999999.000,0.000,1.000,0.000,0,0,18,5,5,18,18,5,0.0,0.0,1.0,0.0,0.0,1.0,1
"G[2,2](((FiO2 <= 0.925 | MAP <= 81.612) & DBP <= 87.080) & WBC <= 89.524)
",5742946150873487.000,81.612,0.000,1.000,0.000,0,0,23,0,0,23,23,0,0.0,0.0,1.0,0.0,0.0,1.0,1
"G[0,0]((Lactate >= 0.059 -> Platelets <= 92.678) & Creatinine >= 11.974)
",-7.303,-97.627,0.000,1.000,0.000,0,0,0,23,23,0,0,23,0.0,0.0,0.0,0.0,0.0,1.0,1
"G[0,2](BUN <= 13.720 & Creatinine >= 0.025)
",9999999.000,9999999.000,0.000,1.000,0.000,0,0,0,23,23,0,0,23,0.0,0.0,0.0,0.0,0.0,1.0,1
"G[1,2](((pH >= 1.019 & Platelets >= 30.541) | Bilirubin_direct <= 178.810) -> Bilirubin_total <= 66.427)
",9999999.000,9999999.000,0.000,1.000,0.000,0,0,23,0,0,23,23,0,0.0,0.0,1.0,0.0,0.0,1.0,1
"G[0,2]((Hgb >= 0.951 -> Resp <= 31.128) & Glucose <= 22.772)
",9999999.000,9999999.000,0.000,1.000,0.000,0,0,13,10,10,13,13,10,0.0,0.0,1.0,0.0,0.0,1.0,1
"G[1,2]((Resp <= 17.317 -> WBC >= 1.180) -> HR >= 0.598)
",9999999.000,9999999.000,0.000,1.000,0.000,0,0,22,1,1,22,22,1,0.0,0.0,1.0,0.0,0.0,1.0,1
"F[0,1]((Hct >= 0.316 & SaO2 <= 80.634) -> Hct <= 55.289)
",-9999999.000,-9999999.000,0.000,0.000,1.000,0,0,0,23,23,0,0,23,0.0,0.0,0.0,0.0,0.0,1.0,-1
