Rule,Discrimination Score,Pos Robustness,Neg Robustness,Percent Class +,Percent Class -,TP,TN,FP,FN,Actual Yes,Actual No,Predicted Yes,Predicted No,TPR/Sens,TNR/Spec,FPR,Precision,Accuracy,MCR,Class
"G[0,1](((Bilirubin_total <= 0.000 | HCO3 <= 13.338) | MAP >= 0.560) & SepsisLabel <= 17.984)
",9999999.000,9999999.000,0.000,1.000,0.000,10,0,0,0,10,0,10,0,1.0,0.0,0.0,1.0,1.0,0.0,1
"F[1,1]((Calcium <= 1.185 & Potassium <= 1.248) & Magnesium >= 0.099)
",-7160582818726610.000,-0.099,0.000,0.000,1.000,10,0,0,0,10,0,10,0,1.0,0.0,0.0,1.0,1.0,0.0,-1
"G[0,1]((FiO2 <= 0.184 | DBP <= 0.000) -> BaseExcess >= 0.000)
",9999999.000,9999999.000,0.000,1.000,0.000,10,0,0,0,10,0,10,0,1.0,0.0,0.0,1.0,1.0,0.0,1
"G[0,1]((HR <= 105.935 -> TroponinI >= 0.000) | Creatinine >= 0.000)
",9999999.000,9999999.000,0.000,1.000,0.000,10,0,0,0,10,0,10,0,1.0,0.0,0.0,1.0,1.0,0.0,1
"G[0,1](((Resp <= 16.920 | MAP >= 51.735) & Fibrinogen <= 71.545) & Bilirubin_direct <= 71.315)
",9999999.000,9999999.000,0.000,1.000,0.000,10,0,0,0,10,0,10,0,1.0,0.0,0.0,1.0,1.0,0.0,1
"G[1,1](((SBP >= 36.615 -> SBP >= 61.194) | Hgb <= 140.655) | Temp >= 63.447)
",140.655,140.655,0.000,1.000,0.000,10,0,0,0,10,0,10,0,1.0,0.0,0.0,1.0,1.0,0.0,1
"G[0,1]((Fibrinogen >= 0.000 | Resp <= 14.853) | BaseExcess >= 13.061)
",9999999.000,9999999.000,0.000,1.000,0.000,10,0,0,0,10,0,10,0,1.0,0.0,0.0,1.0,1.0,0.0,1
"G[0,1](((Glucose <= 123.868 | HR <= 99.847) | Chloride >= 58.314) | PaCO2 >= 55.421)
",9999999.000,9999999.000,0.000,1.000,0.000,10,0,0,0,10,0,10,0,1.0,0.0,0.0,1.0,1.0,0.0,1
"G[0,1](Bilirubin_direct <= 0.000 & Alkalinephos >= 0.000)
",9999999.000,9999999.000,0.000,1.000,0.000,10,0,0,0,10,0,10,0,1.0,0.0,0.0,1.0,1.0,0.0,1
"G[0,1](((Lactate <= 0.000 -> HR <= 94.586) -> Bilirubin_total <= 91.966) -> MAP <= 123.529)
",9999999.000,9999999.000,0.000,1.000,0.000,10,0,0,0,10,0,10,0,1.0,0.0,0.0,1.0,1.0,0.0,1
"G[0,0](((Platelets <= 94.591 & TroponinI >= 0.000) | Alkalinephos >= 0.000) -> FiO2 <= 0.000)
",-0.333,-1.000,0.000,1.000,0.000,10,0,0,0,10,0,10,0,1.0,0.0,0.0,1.0,1.0,0.0,1
"G[0,0](SaO2 < 0.000 -> SepsisLabel = 0.000)
",0.000,0.000,0.000,1.000,0.000,10,0,0,0,10,0,10,0,1.0,0.0,0.0,1.0,1.0,0.0,1
"F[0,0](((Hgb >= 0.072 -> Potassium >= 0.179) & PTT >= 0.002) & Resp >= 0.036)
",-0.336,-4.316,0.000,0.000,1.000,10,0,0,0,10,0,10,0,1.0,0.0,0.0,1.0,1.0,0.0,-1
"G[0,1](((Bilirubin_direct >= 0.000 | Lactate >= 0.000) & O2Sat <= 0.000) -> BaseExcess <= 0.000)
",9999999.000,9999999.000,0.000,1.000,0.000,10,0,0,0,10,0,10,0,1.0,0.0,0.0,1.0,1.0,0.0,1
"F[0,0](Calcium <= 4.080 & HCO3 >= 0.391)
",-0.391,-0.391,0.000,0.000,1.000,10,0,0,0,10,0,10,0,1.0,0.0,0.0,1.0,1.0,0.0,-1
"F[0,1]((Calcium <= 6.926 & Potassium <= 1.375) & Magnesium >= 0.043)
",-9999999.000,-9999999.000,0.000,0.000,1.000,10,0,0,0,10,0,10,0,1.0,0.0,0.0,1.0,1.0,0.0,-1
"G[1,1]((Calcium <= 0.789 -> Platelets >= 0.957) | Resp <= 23.443)
",23.443,23.443,0.000,1.000,0.000,10,0,0,0,10,0,10,0,1.0,0.0,0.0,1.0,1.0,0.0,1
"F[0,0](Glucose >= 4.142 & Phosphate <= 2.856)
",-4.142,-4.142,0.000,0.000,1.000,10,0,0,0,10,0,10,0,1.0,0.0,0.0,1.0,1.0,0.0,-1
"F[0,1]((Calcium <= 7.840 & Potassium <= 0.298) & Magnesium >= 0.082)
",-9999999.000,-9999999.000,0.000,0.000,1.000,10,0,0,0,10,0,10,0,1.0,0.0,0.0,1.0,1.0,0.0,-1
"F[1,1](((MAP >= 46.321 -> MAP >= 31.617) -> BaseExcess >= 50.175) & SepsisLabel <= 70.226)
",-4449650722238179.000,-31.617,0.000,0.000,1.000,10,0,0,0,10,0,10,0,1.0,0.0,0.0,1.0,1.0,0.0,-1
"F[0,0]((Calcium <= 3.104 & Potassium <= 2.671) & Magnesium >= 0.054)
",-0.818,-0.092,0.000,0.000,1.000,10,0,0,0,10,0,10,0,1.0,0.0,0.0,1.0,1.0,0.0,-1
"F[0,0]((Calcium <= 0.520 & Potassium <= 2.896) & Magnesium >= 0.054)
",-1.519,-0.069,0.000,0.000,1.000,10,0,0,0,10,0,10,0,1.0,0.0,0.0,1.0,1.0,0.0,-1
"((Magnesium >= 0.018) U[1,1] (Resp >= 13.304))
",-5101500981265454.000,-0.018,0.000,0.000,1.000,10,0,0,0,10,0,10,0,1.0,0.0,0.0,1.0,1.0,0.0,-1
"F[0,1]((Calcium <= 4.284 & Potassium <= 3.582) & Magnesium >= 0.089)
",-9999999.000,-9999999.000,0.000,0.000,1.000,10,0,0,0,10,0,10,0,1.0,0.0,0.0,1.0,1.0,0.0,-1
"F[0,1](((Temp <= 28.134 & HCO3 >= 1.407) -> Temp >= 0.286) & Lactate >= 0.632)
",-9999999.000,-9999999.000,0.000,0.000,1.000,10,0,0,0,10,0,10,0,1.0,0.0,0.0,1.0,1.0,0.0,-1
"F[0,0](Bilirubin_direct > 0.000 & SepsisLabel = 0.000)
",-0.333,-17.300,0.000,0.000,1.000,10,0,0,0,10,0,10,0,1.0,0.0,0.0,1.0,1.0,0.0,-1
"F[0,0]((Alkalinephos <= 0.000 -> FiO2 >= 0.048) | Phosphate >= 0.086)
",0.333,0.191,0.000,0.000,1.000,10,0,0,0,10,0,10,0,1.0,0.0,0.0,1.0,1.0,0.0,-1
"F[1,1](AST < 0.000 & SepsisLabel = 0.000)
",0.000,0.000,0.000,0.000,1.000,10,0,0,0,10,0,10,0,1.0,0.0,0.0,1.0,1.0,0.0,-1
"F[0,0](((WBC <= 9.500 | BUN >= 0.034) & SBP <= 4.580) & Lactate >= 0.486)
",-0.841,-13.736,0.000,0.000,1.000,10,0,0,0,10,0,10,0,1.0,0.0,0.0,1.0,1.0,0.0,-1
"F[0,0](DBP < 0.000 & SepsisLabel = 0.000)
",-1.911,-75.150,0.000,0.000,1.000,10,0,0,0,10,0,10,0,1.0,0.0,0.0,1.0,1.0,0.0,-1
"G[0,0](((Temp <= 25.505 -> Lactate >= 0.000) | Hgb <= 0.000) -> Glucose <= 0.000)
",0.000,0.000,0.000,1.000,0.000,10,0,0,0,10,0,10,0,1.0,0.0,0.0,1.0,1.0,0.0,1
"F[0,0]((Alkalinephos >= 0.000 | Phosphate >= 0.091) & HCO3 >= 0.083)
",-0.083,-0.083,0.000,0.000,1.000,10,0,0,0,10,0,10,0,1.0,0.0,0.0,1.0,1.0,0.0,-1
"G[1,1](Phosphate >= 0.099 -> Fibrinogen >= 0.000)
",0.000,0.000,0.000,1.000,0.000,10,0,0,0,10,0,10,0,1.0,0.0,0.0,1.0,1.0,0.0,1
"G[1,1](((O2Sat >= 8.436 -> Platelets <= 48.210) | Fibrinogen <= 74.861) | SepsisLabel >= 2.829)
",5267840395952221.000,74.861,0.000,1.000,0.000,10,0,0,0,10,0,10,0,1.0,0.0,0.0,1.0,1.0,0.0,1
"G[0,1](Creatinine >= 0.005 | SepsisLabel <= 0.000)
",9999999.000,9999999.000,0.000,1.000,0.000,10,0,0,0,10,0,10,0,1.0,0.0,0.0,1.0,1.0,0.0,1
"G[0,1](Magnesium > 0.041 -> SepsisLabel = 0.000)
",9999999.000,9999999.000,0.000,1.000,0.000,10,0,0,0,10,0,10,0,1.0,0.0,0.0,1.0,1.0,0.0,1
"G[1,1]((Phosphate >= 0.120 & SaO2 >= 0.000) -> Resp >= 0.000)
",0.000,0.000,0.000,1.000,0.000,10,0,0,0,10,0,10,0,1.0,0.0,0.0,1.0,1.0,0.0,1
"G[0,1]((TroponinI <= 0.000 | Hgb >= 0.625) | SaO2 <= 2.147)
",9999999.000,9999999.000,0.000,1.000,0.000,10,0,0,0,10,0,10,0,1.0,0.0,0.0,1.0,1.0,0.0,1
"G[0,1](((pH >= 0.000 -> AST <= 0.000) & Lactate <= 0.000) | pH >= 0.000)
",9999999.000,9999999.000,0.000,1.000,0.000,10,0,0,0,10,0,10,0,1.0,0.0,0.0,1.0,1.0,0.0,1
"G[0,1](((WBC >= 0.234 | Bilirubin_direct >= 0.000) & Chloride <= 0.000) -> Creatinine <= 0.000)
",9999999.000,9999999.000,0.000,1.000,0.000,10,0,0,0,10,0,10,0,1.0,0.0,0.0,1.0,1.0,0.0,1
"G[1,1](((Glucose <= 137.366 -> Resp >= 3.117) | SaO2 <= 14.600) & WBC <= 14.736)
",8218969523424470.000,14.600,0.000,1.000,0.000,10,0,0,0,10,0,10,0,1.0,0.0,0.0,1.0,1.0,0.0,1
"G[1,1](((BaseExcess >= 0.000 & pH >= 0.000) -> Hct <= 0.000) | Bilirubin_total <= 0.000)
",0.000,0.000,0.000,1.000,0.000,10,0,0,0,10,0,10,0,1.0,0.0,0.0,1.0,1.0,0.0,1
"G[0,1](Phosphate < 1.363 -> SepsisLabel = 0.000)
",9999999.000,9999999.000,0.000,1.000,0.000,10,0,0,0,10,0,10,0,1.0,0.0,0.0,1.0,1.0,0.0,1
"G[0,0](((BaseExcess >= 0.000 & FiO2 <= 0.187) & Lactate <= 0.661) | Fibrinogen >= 0.020)
",0.333,1.018,0.000,1.000,0.000,10,0,0,0,10,0,10,0,1.0,0.0,0.0,1.0,1.0,0.0,1
"G[0,1]((Glucose >= 4.882 -> Bilirubin_total >= 0.000) & Glucose >= 0.000)
",9999999.000,9999999.000,0.000,1.000,0.000,10,0,0,0,10,0,10,0,1.0,0.0,0.0,1.0,1.0,0.0,1
"G[0,1](Calcium < 2.559 -> SepsisLabel = 0.000)
",9999999.000,9999999.000,0.000,1.000,0.000,10,0,0,0,10,0,10,0,1.0,0.0,0.0,1.0,1.0,0.0,1
"G[0,1](Platelets > 0.929 -> SepsisLabel = 0.000)
",9999999.000,9999999.000,0.000,1.000,0.000,10,0,0,0,10,0,10,0,1.0,0.0,0.0,1.0,1.0,0.0,1
"G[1,1](((DBP <= 0.000 -> Glucose >= 8.591) & Potassium <= 114.228) | Chloride <= 86.763)
",6105436474364618.000,86.763,0.000,1.000,0.000,10,0,0,0,10,0,10,0,1.0,0.0,0.0,1.0,1.0,0.0,1
"G[1,1](Platelets <= 52.006 | Hgb >= 0.743)
",7319183234401218.000,52.006,0.000,1.000,0.000,10,0,0,0,10,0,10,0,1.0,0.0,0.0,1.0,1.0,0.0,1
"G[0,0](((WBC >= 0.368 & Creatinine >= 0.043) | FiO2 <= 0.223) | Chloride <= 0.528)
",0.415,2.679,0.000,1.000,0.000,10,0,0,0,10,0,10,0,1.0,0.0,0.0,1.0,1.0,0.0,1
"G[1,1](((TroponinI >= 0.000 | HCO3 >= 0.725) & pH >= 1.304) | Phosphate <= 4.868)
",5480563116273022.000,4.868,0.000,1.000,0.000,10,0,0,0,10,0,10,0,1.0,0.0,0.0,1.0,1.0,0.0,1
"G[1,1](((PTT >= 0.993 | Temp <= 37.682) | Potassium <= 37.382) | SBP >= 2.583)
",5303298900269501.000,37.682,0.000,1.000,0.000,10,0,0,0,10,0,10,0,1.0,0.0,0.0,1.0,1.0,0.0,1
"G[0,0](Hct >= 0.999 -> Alkalinephos <= 0.000)
",0.333,0.100,0.000,1.000,0.000,10,0,0,0,10,0,10,0,1.0,0.0,0.0,1.0,1.0,0.0,1
"G[0,1]((Phosphate <= 1.488 -> MAP <= 69.476) | HCO3 <= 71.815)
",9999999.000,9999999.000,0.000,1.000,0.000,10,0,0,0,10,0,10,0,1.0,0.0,0.0,1.0,1.0,0.0,1
"G[0,0](((SBP >= 47.419 & Creatinine >= 0.013) -> SepsisLabel <= 0.445) | HR <= 0.299)
",0.302,4.342,0.000,1.000,0.000,10,0,0,0,10,0,10,0,1.0,0.0,0.0,1.0,1.0,0.0,1
"G[0,0]((FiO2 <= 0.239 -> HCO3 >= 0.198) | PaCO2 <= 19.038)
",5358669567584510.000,19.038,0.000,1.000,0.000,10,0,0,0,10,0,10,0,1.0,0.0,0.0,1.0,1.0,0.0,1
"G[0,0]((O2Sat <= 99.185 | Creatinine >= 0.030) | MAP >= 0.006)
",7.754,123.313,0.000,1.000,0.000,10,0,0,0,10,0,10,0,1.0,0.0,0.0,1.0,1.0,0.0,1
"G[0,1](Magnesium > 0.006 -> SepsisLabel = 0.000)
",9999999.000,9999999.000,0.000,1.000,0.000,10,0,0,0,10,0,10,0,1.0,0.0,0.0,1.0,1.0,0.0,1
"G[0,1](((AST >= 0.000 -> DBP >= 0.000) -> BaseExcess <= 0.000) -> Fibrinogen <= 0.000)
",9999999.000,9999999.000,0.000,1.000,0.000,10,0,0,0,10,0,10,0,1.0,0.0,0.0,1.0,1.0,0.0,1
"G[0,1](((SBP <= 122.876 & BaseExcess >= 0.000) | Fibrinogen <= 0.000) | BUN >= 0.000)
",9999999.000,9999999.000,0.000,1.000,0.000,10,0,0,0,10,0,10,0,1.0,0.0,0.0,1.0,1.0,0.0,1
"G[1,1](((SBP <= 119.587 & SBP <= 129.287) | Alkalinephos <= 140.801) | Platelets <= 139.403)
",4954000975695869.000,140.801,0.000,1.000,0.000,10,0,0,0,10,0,10,0,1.0,0.0,0.0,1.0,1.0,0.0,1
"G[1,1](pH >= 0.000 & BaseExcess <= 0.000)
",0.000,0.000,0.000,1.000,0.000,10,0,0,0,10,0,10,0,1.0,0.0,0.0,1.0,1.0,0.0,1
"((FiO2 >= 0.079) U[1,2] (Hgb <= 2.971))
",-9999999.000,-9999999.000,0.000,0.000,1.000,9,0,0,1,10,0,9,1,0.9,0.0,0.0,1.0,0.9,0.09999999999999998,-1
"G[1,1]((SepsisLabel >= 0.000 -> FiO2 >= 0.146) | HR >= 0.025)
",0.000,0.000,0.000,1.000,0.000,9,0,0,1,10,0,9,1,0.9,0.0,0.0,1.0,0.9,0.09999999999999998,1
"((Hgb >= 0.548) U[1,2] (Creatinine <= 0.464))
",-9999999.000,-9999999.000,0.000,0.000,1.000,9,0,0,1,10,0,9,1,0.9,0.0,0.0,1.0,0.9,0.09999999999999998,-1
"F[1,1]((HCO3 >= 0.900 | HCO3 <= 3.133) & HR <= 6.658)
",3.133,3.133,0.000,0.000,1.000,9,0,0,1,10,0,9,1,0.9,0.0,0.0,1.0,0.9,0.09999999999999998,-1
"F[1,1](((Glucose <= 133.966 | Platelets >= 5.450) | Magnesium <= 117.349) -> Phosphate >= 0.440)
",-133.966,-133.966,0.000,0.000,1.000,9,0,0,1,10,0,9,1,0.9,0.0,0.0,1.0,0.9,0.09999999999999998,-1
"F[0,1](((PTT <= 20.114 -> Resp <= 15.839) & Glucose >= 3.268) & Hct >= 9.702)
",-9999999.000,-9999999.000,0.000,0.000,1.000,9,0,0,1,10,0,9,1,0.9,0.0,0.0,1.0,0.9,0.09999999999999998,-1
"((pH <= 0.000) U[0,1] (Platelets >= 0.780))
",-9999999.000,-9999999.000,0.000,0.000,1.000,9,0,0,1,10,0,9,1,0.9,0.0,0.0,1.0,0.9,0.09999999999999998,-1
"F[0,1]((Hct >= 0.154 & BaseExcess <= 0.000) & Potassium >= 0.000)
",-9999999.000,-9999999.000,0.000,0.000,1.000,9,0,0,1,10,0,9,1,0.9,0.0,0.0,1.0,0.9,0.09999999999999998,-1
"((BaseExcess >= 0.000) U[0,1] (HCO3 >= 0.405))
",-9999999.000,-9999999.000,0.000,0.000,1.000,9,0,0,1,10,0,9,1,0.9,0.0,0.0,1.0,0.9,0.09999999999999998,-1
"((AST <= 0.000) U[0,1] (Hgb >= 0.630))
",-9999999.000,-9999999.000,0.000,0.000,1.000,9,0,0,1,10,0,9,1,0.9,0.0,0.0,1.0,0.9,0.09999999999999998,-1
"F[0,1](((SaO2 >= 0.000 | WBC <= 9.011) -> Calcium <= 6.354) -> Magnesium >= 0.121)
",-9999999.000,-9999999.000,0.000,0.000,1.000,9,0,0,1,10,0,9,1,0.9,0.0,0.0,1.0,0.9,0.09999999999999998,-1
"G[0,1]((DBP <= 0.000 -> Bilirubin_total >= 0.000) & Phosphate <= 0.000)
",9999999.000,9999999.000,0.000,1.000,0.000,9,0,0,1,10,0,9,1,0.9,0.0,0.0,1.0,0.9,0.09999999999999998,1
"((HCO3 <= 17.530) U[1,1] (Phosphate >= 0.103))
",17.530,17.530,0.000,0.000,1.000,9,0,0,1,10,0,9,1,0.9,0.0,0.0,1.0,0.9,0.09999999999999998,-1
"G[0,0]((DBP <= 0.000 & O2Sat >= 6.528) | Creatinine >= 64.032)
",-1.384,-47.681,0.000,1.000,0.000,9,0,0,1,10,0,9,1,0.9,0.0,0.0,1.0,0.9,0.09999999999999998,1
"G[1,1](((PaCO2 >= 0.000 -> FiO2 >= 0.062) & Hgb <= 0.936) | Calcium <= 0.363)
",0.363,0.363,0.000,1.000,0.000,9,0,0,1,10,0,9,1,0.9,0.0,0.0,1.0,0.9,0.09999999999999998,1
"G[0,1](((Hgb >= 0.200 & Potassium >= 0.046) & SBP >= 0.148) -> Bilirubin_total >= 0.170)
",9999999.000,9999999.000,0.000,1.000,0.000,9,0,0,1,10,0,9,1,0.9,0.0,0.0,1.0,0.9,0.09999999999999998,1
"G[0,1](((HR >= 41.093 | Phosphate <= 0.393) -> SepsisLabel <= 0.336) & BUN <= 0.656)
",9999999.000,9999999.000,0.000,1.000,0.000,9,0,0,1,10,0,9,1,0.9,0.0,0.0,1.0,0.9,0.09999999999999998,1
"G[0,1]((HR >= 53.777 -> Potassium <= 2.994) & BUN <= 1.558)
",9999999.000,9999999.000,0.000,1.000,0.000,9,0,0,1,10,0,9,1,0.9,0.0,0.0,1.0,0.9,0.09999999999999998,1
"F[0,1](WBC > 0.074 & SepsisLabel = 0.000)
",-9999999.000,-9999999.000,0.000,0.000,1.000,9,0,0,1,10,0,9,1,0.9,0.0,0.0,1.0,0.9,0.09999999999999998,-1
"G[0,1](Calcium <= 1.651 & Lactate <= 0.000)
",9999999.000,9999999.000,0.000,1.000,0.000,9,0,0,1,10,0,9,1,0.9,0.0,0.0,1.0,0.9,0.09999999999999998,1
"G[1,1](Magnesium >= 0.052 -> Temp >= 3.792)
",0.052,0.052,0.000,1.000,0.000,9,0,0,1,10,0,9,1,0.9,0.0,0.0,1.0,0.9,0.09999999999999998,1
"G[0,1](Calcium <= 7.534 | Creatinine <= 0.340)
",9999999.000,9999999.000,0.000,1.000,0.000,9,0,0,1,10,0,9,1,0.9,0.0,0.0,1.0,0.9,0.09999999999999998,1
"G[0,1]((Bilirubin_direct <= 0.000 & Glucose >= 2.138) -> BaseExcess >= 1.539)
",9999999.000,9999999.000,0.000,1.000,0.000,9,0,0,1,10,0,9,1,0.9,0.0,0.0,1.0,0.9,0.09999999999999998,1
"F[0,1]((BUN <= 7.515 | BaseExcess >= 0.000) -> O2Sat <= 0.000)
",-9999999.000,-9999999.000,0.000,0.000,1.000,8,0,0,2,10,0,8,2,0.8,0.0,0.0,1.0,0.8,0.19999999999999996,-1
"G[0,0]((MAP >= 52.408 -> O2Sat >= 66.087) & Alkalinephos <= 89.574)
",-1.517,-60.992,0.000,1.000,0.000,8,0,0,2,10,0,8,2,0.8,0.0,0.0,1.0,0.8,0.19999999999999996,1
"G[0,1]((Calcium <= 8.967 & MAP <= 73.348) -> HR >= 55.937)
",9999999.000,9999999.000,0.000,1.000,0.000,8,0,0,2,10,0,8,2,0.8,0.0,0.0,1.0,0.8,0.19999999999999996,1
"((HR <= 95.687) U[0,0] (Resp <= 15.842))
",15.842,15.842,0.000,0.000,1.000,8,0,0,2,10,0,8,2,0.8,0.0,0.0,1.0,0.8,0.19999999999999996,-1
"F[0,1](((Bilirubin_total >= 0.000 & Lactate >= 0.000) -> Magnesium >= 0.000) & HR <= 0.000)
",-9999999.000,-9999999.000,0.000,0.000,1.000,8,0,0,2,10,0,8,2,0.8,0.0,0.0,1.0,0.8,0.19999999999999996,-1
"F[1,1](((Phosphate <= 2.502 & DBP <= 0.000) -> Resp <= 0.000) & BaseExcess <= 0.000)
",0.000,0.000,0.000,0.000,1.000,8,0,0,2,10,0,8,2,0.8,0.0,0.0,1.0,0.8,0.19999999999999996,-1
"((BUN >= 0.074) U[1,2] (O2Sat >= 77.392))
",-9999999.000,-9999999.000,0.000,0.000,1.000,8,0,0,2,10,0,8,2,0.8,0.0,0.0,1.0,0.8,0.19999999999999996,-1
"F[0,1](((HCO3 <= 20.213 -> Temp <= 13.894) | Phosphate <= 19.933) & SBP <= 36.516)
",-9999999.000,-9999999.000,0.000,0.000,1.000,8,0,0,2,10,0,8,2,0.8,0.0,0.0,1.0,0.8,0.19999999999999996,-1
"F[0,0](((O2Sat >= 18.737 & Resp >= 1.293) | TroponinI <= 15.013) & Temp >= 10.371)
",1.638,12.474,0.000,0.000,1.000,8,0,0,2,10,0,8,2,0.8,0.0,0.0,1.0,0.8,0.19999999999999996,-1
"((MAP >= 5.769) U[0,0] (SBP <= 119.098))
",9.478,121.504,0.000,0.000,1.000,7,0,0,3,10,0,7,3,0.7,0.0,0.0,1.0,0.7,0.30000000000000004,-1
"F[1,1](HR < 90.808 & SepsisLabel = 0.000)
",0.000,0.000,0.000,0.000,1.000,7,0,0,3,10,0,7,3,0.7,0.0,0.0,1.0,0.7,0.30000000000000004,-1
"F[0,0](HR >= 67.531 -> O2Sat <= 88.242)
",-8332906527273006.000,-15157.469,0.000,0.000,1.000,7,0,0,3,10,0,7,3,0.7,0.0,0.0,1.0,0.7,0.30000000000000004,-1
"F[0,0](Hgb <= 4.022 & O2Sat <= 87.969)
",-1.056,-16.455,0.000,0.000,1.000,7,0,0,3,10,0,7,3,0.7,0.0,0.0,1.0,0.7,0.30000000000000004,-1
"G[0,1]((Glucose <= 165.720 -> MAP <= 77.277) & Fibrinogen <= 77.961)
",9999999.000,9999999.000,0.000,1.000,0.000,7,0,0,3,10,0,7,3,0.7,0.0,0.0,1.0,0.7,0.30000000000000004,1
"((WBC <= 9.151) U[0,0] (O2Sat <= 80.847))
",0.606,14.081,0.000,0.000,1.000,7,0,0,3,10,0,7,3,0.7,0.0,0.0,1.0,0.7,0.30000000000000004,-1
"F[1,1]((Chloride <= 29.519 & MAP <= 72.851) | Lactate >= 42.477)
",29.519,29.519,0.000,0.000,1.000,6,0,0,4,10,0,6,4,0.6,0.0,0.0,1.0,0.6,0.4,-1
"G[0,1]((PTT <= 13.118 -> pH <= 0.000) -> Temp <= 0.000)
",9999999.000,9999999.000,0.000,1.000,0.000,6,0,0,4,10,0,6,4,0.6,0.0,0.0,1.0,0.6,0.4,1
"G[1,1](((Fibrinogen >= 0.000 -> BaseExcess >= 0.000) | pH <= 0.000) & FiO2 <= 0.000)
",0.000,0.000,0.000,1.000,0.000,6,0,0,4,10,0,6,4,0.6,0.0,0.0,1.0,0.6,0.4,1
"F[0,1](Phosphate <= 1.566 -> FiO2 >= 0.088)
",-9999999.000,-9999999.000,0.000,0.000,1.000,6,0,0,4,10,0,6,4,0.6,0.0,0.0,1.0,0.6,0.4,-1
"F[1,1](((Potassium <= 3.462 -> BUN >= 0.162) | BUN <= 4.262) & FiO2 >= 0.289)
",-5203018874827187.000,-0.289,0.000,0.000,1.000,6,0,0,4,10,0,6,4,0.6,0.0,0.0,1.0,0.6,0.4,-1
"F[0,1](((BUN >= 0.194 -> Glucose >= 6.421) -> Temp >= 3.046) & Potassium <= 61.799)
",-9999999.000,-9999999.000,0.000,0.000,1.000,6,0,0,4,10,0,6,4,0.6,0.0,0.0,1.0,0.6,0.4,-1
"F[0,1](HR <= 122.322 & SBP <= 127.816)
",-9999999.000,-9999999.000,0.000,0.000,1.000,5,0,0,5,10,0,5,5,0.5,0.0,0.0,1.0,0.5,0.5,-1
"((Calcium <= 4.655) U[0,1] (HR <= 92.083))
",-9999999.000,-9999999.000,0.000,0.000,1.000,5,0,0,5,10,0,5,5,0.5,0.0,0.0,1.0,0.5,0.5,-1
"((Platelets >= 3.378) U[0,1] (MAP <= 70.181))
",-9999999.000,-9999999.000,0.000,0.000,1.000,5,0,0,5,10,0,5,5,0.5,0.0,0.0,1.0,0.5,0.5,-1
"((MAP >= 29.485) U[1,1] (SBP <= 129.743))
",4564932017957149.000,129.743,0.000,0.000,1.000,5,0,0,5,10,0,5,5,0.5,0.0,0.0,1.0,0.5,0.5,-1
"F[1,1](((O2Sat <= 96.718 & SBP >= 13.708) & MAP >= 98.342) | MAP >= 69.485)
",-69.485,-69.485,0.000,0.000,1.000,4,0,0,6,10,0,4,6,0.4,0.0,0.0,1.0,0.4,0.6,-1
"G[1,1](Temp >= 6.459 | BUN >= 0.012)
",-0.012,-0.012,0.000,1.000,0.000,3,0,0,7,10,0,3,7,0.3,0.0,0.0,1.0,0.3,0.7,1
"((MAP >= 39.259) U[0,1] (SBP <= 136.677))
",-9999999.000,-9999999.000,0.000,0.000,1.000,2,0,0,8,10,0,2,8,0.2,0.0,0.0,1.0,0.2,0.8,-1
"F[1,1]((MAP >= 64.652 -> SBP >= 68.604) & SBP >= 106.356)
",-7484142202253778.000,-106.356,0.000,0.000,1.000,2,0,0,8,10,0,2,8,0.2,0.0,0.0,1.0,0.2,0.8,-1
"((Calcium <= 7.822) U[1,1] (Hct <= 33.439))
",4706191197469466.000,33.439,0.000,0.000,1.000,1,0,0,9,10,0,1,9,0.1,0.0,0.0,1.0,0.1,0.9,-1
"F[1,1]((Calcium <= 3.911 -> Resp >= 13.767) | SepsisLabel >= 3.600)
",-3.600,-3.600,0.000,0.000,1.000,1,0,0,9,10,0,1,9,0.1,0.0,0.0,1.0,0.1,0.9,-1
"((MAP >= 61.567) U[1,2] (SBP <= 140.633))
",-9999999.000,-9999999.000,0.000,0.000,1.000,1,0,0,9,10,0,1,9,0.1,0.0,0.0,1.0,0.1,0.9,-1
"((MAP >= 39.010) U[1,2] (SBP <= 135.459))
",-9999999.000,-9999999.000,0.000,0.000,1.000,1,0,0,9,10,0,1,9,0.1,0.0,0.0,1.0,0.1,0.9,-1
"F[1,1](Phosphate <= 1.013 | Calcium <= 5.766)
",6491767357188627.000,5.766,0.000,0.000,1.000,1,0,0,9,10,0,1,9,0.1,0.0,0.0,1.0,0.1,0.9,-1
"((Chloride >= 4.673) U[1,2] (Resp <= 14.478))
",-9999999.000,-9999999.000,0.000,0.000,1.000,1,0,0,9,10,0,1,9,0.1,0.0,0.0,1.0,0.1,0.9,-1
"F[1,1](AST >= 0.000 -> Calcium <= 8.783)
",-8.783,-8.783,0.000,0.000,1.000,1,0,0,9,10,0,1,9,0.1,0.0,0.0,1.0,0.1,0.9,-1
"F[1,1]((Phosphate >= 0.030 & Magnesium > 0.056) -> Calcium < 6.704)
",-6.704,-6.704,0.000,0.000,1.000,1,0,0,9,10,0,1,9,0.1,0.0,0.0,1.0,0.1,0.9,-1
"F[1,1](((MAP <= 72.940 & DBP >= 0.000) | Fibrinogen <= 0.000) & BUN <= 0.000)
",0.000,0.000,0.000,0.000,1.000,1,0,0,9,10,0,1,9,0.1,0.0,0.0,1.0,0.1,0.9,-1
"F[1,1](Hgb <= 1.320 | Hct <= 24.829)
",24.829,24.829,0.000,0.000,1.000,1,0,0,9,10,0,1,9,0.1,0.0,0.0,1.0,0.1,0.9,-1
"F[1,1]((Bilirubin_direct >= 0.000 & Chloride <= 33.572) & AST <= 68.799)
",0.000,0.000,0.000,0.000,1.000,1,0,0,9,10,0,1,9,0.1,0.0,0.0,1.0,0.1,0.9,-1
"((Fibrinogen <= 0.000) U[0,0] (MAP <= 78.280))
",0.283,6.808,0.000,0.000,1.000,1,0,0,9,10,0,1,9,0.1,0.0,0.0,1.0,0.1,0.9,-1
"F[1,1](((Hct <= 12.292 -> HR <= 112.885) | HCO3 >= 64.415) | Phosphate >= 54.301)
",-7642139520930270.000,-54.301,0.000,0.000,1.000,1,0,0,9,10,0,1,9,0.1,0.0,0.0,1.0,0.1,0.9,-1
"((O2Sat > 23.079) U[1,2] (SepsisLabel = 0.000))
",-9999999.000,-9999999.000,0.000,0.000,1.000,1,0,0,9,10,0,1,9,0.1,0.0,0.0,1.0,0.1,0.9,-1
"G[0,1]((Glucose >= 1.772 & Hct >= 2.119) | Temp >= 0.400)
",9999999.000,9999999.000,0.000,1.000,0.000,1,0,0,9,10,0,1,9,0.1,0.0,0.0,1.0,0.1,0.9,1
"G[1,1]((Phosphate <= 1.985 -> DBP <= 0.000) -> MAP <= 0.000)
",0.000,0.000,0.000,1.000,0.000,1,0,0,9,10,0,1,9,0.1,0.0,0.0,1.0,0.1,0.9,1
"G[1,1](Phosphate >= 0.018 & Bilirubin_direct <= 0.000)
",-0.018,-0.018,0.000,1.000,0.000,1,0,0,9,10,0,1,9,0.1,0.0,0.0,1.0,0.1,0.9,1
"G[1,1](Bilirubin_total >= 0.000 -> BUN >= 0.204)
",0.000,0.000,0.000,1.000,0.000,1,0,0,9,10,0,1,9,0.1,0.0,0.0,1.0,0.1,0.9,1
"G[1,1](Platelets <= 125.448 -> WBC >= 0.445)
",-4413792307188563.000,-125.448,0.000,1.000,0.000,1,0,0,9,10,0,1,9,0.1,0.0,0.0,1.0,0.1,0.9,1
"G[1,1](Magnesium <= 0.902 -> Magnesium >= 0.067)
",-8126889341455142.000,-0.902,0.000,1.000,0.000,1,0,0,9,10,0,1,9,0.1,0.0,0.0,1.0,0.1,0.9,1
"G[1,1](Platelets <= 36.397 -> WBC >= 0.211)
",-36.397,-36.397,0.000,1.000,0.000,1,0,0,9,10,0,1,9,0.1,0.0,0.0,1.0,0.1,0.9,1
"G[1,1]((PaCO2 <= 0.000 -> Platelets >= 0.074) | Chloride >= 2.217)
",0.000,0.000,0.000,1.000,0.000,1,0,0,9,10,0,1,9,0.1,0.0,0.0,1.0,0.1,0.9,1
"G[1,1](((WBC >= 0.402 & Phosphate >= 0.134) & Fibrinogen <= 0.569) | SaO2 >= 0.139)
",-5020118457067773.000,-0.139,0.000,1.000,0.000,1,0,0,9,10,0,1,9,0.1,0.0,0.0,1.0,0.1,0.9,1
"G[1,1](Chloride >= 2.790 & HCO3 >= 0.679)
",-2.790,-2.790,0.000,1.000,0.000,1,0,0,9,10,0,1,9,0.1,0.0,0.0,1.0,0.1,0.9,1
"G[0,0]((O2Sat <= 80.402 & Temp >= 6.663) | MAP <= 35.524)
",-0.788,-17.436,0.000,1.000,0.000,1,0,0,9,10,0,1,9,0.1,0.0,0.0,1.0,0.1,0.9,1
"F[0,0](((Temp >= 5.671 -> Alkalinephos <= 0.000) -> Temp >= 0.000) | AST >= 0.000)
",0.000,0.000,0.000,0.000,1.000,0,0,0,10,10,0,0,10,0.0,0.0,0.0,0.0,0.0,1.0,-1
"F[0,2](((WBC >= 0.078 | Magnesium <= 1.364) | HCO3 >= 0.061) | Hct <= 1.282)
",-9999999.000,-9999999.000,0.000,0.000,1.000,0,0,0,10,10,0,0,10,0.0,0.0,0.0,0.0,0.0,1.0,-1
"((pH <= 0.000) U[0,2] (Phosphate >= 0.112))
",-9999999.000,-9999999.000,0.000,0.000,1.000,0,0,0,10,10,0,0,10,0.0,0.0,0.0,0.0,0.0,1.0,-1
"F[0,2](((FiO2 >= 0.096 | Calcium <= 5.233) & DBP >= 0.175) & Platelets >= 0.255)
",-9999999.000,-9999999.000,0.000,0.000,1.000,0,0,0,10,10,0,0,10,0.0,0.0,0.0,0.0,0.0,1.0,-1
"((Phosphate >= 0.106) U[0,2] (Lactate <= 0.000))
",-9999999.000,-9999999.000,0.000,0.000,1.000,0,0,0,10,10,0,0,10,0.0,0.0,0.0,0.0,0.0,1.0,-1
"F[0,2]((Lactate <= 0.000 | Creatinine >= 0.019) -> Hct >= 0.043)
",-9999999.000,-9999999.000,0.000,0.000,1.000,0,0,0,10,10,0,0,10,0.0,0.0,0.0,0.0,0.0,1.0,-1
"F[1,2](((O2Sat <= 87.912 | Bilirubin_direct >= 0.000) & O2Sat >= 0.000) | Calcium >= 0.000)
",-9999999.000,-9999999.000,0.000,0.000,1.000,0,0,0,10,10,0,0,10,0.0,0.0,0.0,0.0,0.0,1.0,-1
"F[1,2]((Creatinine <= 0.965 -> pH <= 0.000) | WBC >= 0.000)
",-9999999.000,-9999999.000,0.000,0.000,1.000,0,0,0,10,10,0,0,10,0.0,0.0,0.0,0.0,0.0,1.0,-1
"F[1,1]((Temp >= 1.432 -> DBP >= 0.000) & SaO2 <= 0.000)
",0.000,0.000,0.000,0.000,1.000,0,0,0,10,10,0,0,10,0.0,0.0,0.0,0.0,0.0,1.0,-1
"F[0,0](((Hct >= 0.598 -> pH >= 0.000) | Potassium >= 0.000) & HCO3 <= 0.000)
",0.000,0.000,0.000,0.000,1.000,0,0,0,10,10,0,0,10,0.0,0.0,0.0,0.0,0.0,1.0,-1
"F[0,2](((Bilirubin_total <= 0.000 -> Temp >= 4.350) -> Magnesium >= 6.733) -> Fibrinogen <= 33.371)
",-9999999.000,-9999999.000,0.000,0.000,1.000,0,0,0,10,10,0,0,10,0.0,0.0,0.0,0.0,0.0,1.0,-1
"F[0,1]((Hgb <= 2.568 -> Bilirubin_direct <= 0.000) | Hgb <= 0.000)
",-9999999.000,-9999999.000,0.000,0.000,1.000,0,0,0,10,10,0,0,10,0.0,0.0,0.0,0.0,0.0,1.0,-1
"((Fibrinogen >= 0.000) U[0,1] (FiO2 <= 0.390))
",-9999999.000,-9999999.000,0.000,0.000,1.000,0,0,0,10,10,0,0,10,0.0,0.0,0.0,0.0,0.0,1.0,-1
"((O2Sat >= 64.711) U[0,0] (Bilirubin_direct >= 0.000))
",1.978,35.110,0.000,0.000,1.000,0,0,0,10,10,0,0,10,0.0,0.0,0.0,0.0,0.0,1.0,-1
"F[0,1]((Hgb <= 7.686 & BUN >= 0.479) | Hct <= 7.822)
",-9999999.000,-9999999.000,0.000,0.000,1.000,0,0,0,10,10,0,0,10,0.0,0.0,0.0,0.0,0.0,1.0,-1
"F[0,2]((Hct <= 19.198 & Chloride <= 15.604) -> Lactate <= 55.692)
",-9999999.000,-9999999.000,0.000,0.000,1.000,0,0,0,10,10,0,0,10,0.0,0.0,0.0,0.0,0.0,1.0,-1
"F[0,1]((Potassium <= 3.640 & Magnesium >= 0.022) -> Resp >= 0.019)
",-9999999.000,-9999999.000,0.000,0.000,1.000,0,0,0,10,10,0,0,10,0.0,0.0,0.0,0.0,0.0,1.0,-1
"F[0,2]((EtCO2 >= 0.000 -> Resp <= 17.296) -> Hgb <= 16.970)
",-9999999.000,-9999999.000,0.000,0.000,1.000,0,0,0,10,10,0,0,10,0.0,0.0,0.0,0.0,0.0,1.0,-1
"F[1,2]((Temp <= 36.881 & EtCO2 >= 0.000) & Platelets <= 0.000)
",-9999999.000,-9999999.000,0.000,0.000,1.000,0,0,0,10,10,0,0,10,0.0,0.0,0.0,0.0,0.0,1.0,-1
"F[1,2]((Temp <= 19.076 & Potassium <= 2.190) | TroponinI <= 0.946)
",-9999999.000,-9999999.000,0.000,0.000,1.000,0,0,0,10,10,0,0,10,0.0,0.0,0.0,0.0,0.0,1.0,-1
"((DBP <= 0.000) U[2,2] (DBP >= 0.000))
",0.000,0.000,0.000,0.000,1.000,0,0,0,10,10,0,0,10,0.0,0.0,0.0,0.0,0.0,1.0,-1
"F[0,1](((Calcium >= 0.252 -> Alkalinephos <= 0.000) -> AST <= 0.000) -> Fibrinogen <= 0.000)
",-9999999.000,-9999999.000,0.000,0.000,1.000,0,0,0,10,10,0,0,10,0.0,0.0,0.0,0.0,0.0,1.0,-1
"F[0,2](TroponinI <= 0.000 & HR <= 94.445)
",-9999999.000,-9999999.000,0.000,0.000,1.000,0,0,0,10,10,0,0,10,0.0,0.0,0.0,0.0,0.0,1.0,-1
"F[1,2]((TroponinI >= 0.000 & Alkalinephos >= 0.000) & PaCO2 <= 0.000)
",-9999999.000,-9999999.000,0.000,0.000,1.000,0,0,0,10,10,0,0,10,0.0,0.0,0.0,0.0,0.0,1.0,-1
"((PTT < 11.148) U[2,2] (SepsisLabel = 0.000))
",6275893483161965.000,11.148,0.000,0.000,1.000,0,0,0,10,10,0,0,10,0.0,0.0,0.0,0.0,0.0,1.0,-1
"((EtCO2 < 0.000) U[0,2] (SepsisLabel = 0.000))
",-9999999.000,-9999999.000,0.000,0.000,1.000,0,0,0,10,10,0,0,10,0.0,0.0,0.0,0.0,0.0,1.0,-1
"F[0,1](FiO2 <= 0.427 -> SBP >= 6.899)
",-9999999.000,-9999999.000,0.000,0.000,1.000,0,0,0,10,10,0,0,10,0.0,0.0,0.0,0.0,0.0,1.0,-1
"((Platelets < 153.593) U[0,0] (SepsisLabel = 0.000))
",5404072243859734.000,153.593,0.000,0.000,1.000,0,0,0,10,10,0,0,10,0.0,0.0,0.0,0.0,0.0,1.0,-1
"F[0,1](Bilirubin_total > 0.000 -> SepsisLabel = 0.000)
",-9999999.000,-9999999.000,0.000,0.000,1.000,0,0,0,10,10,0,0,10,0.0,0.0,0.0,0.0,0.0,1.0,-1
"F[0,2]((SBP >= 110.118 -> WBC <= 6.732) -> Chloride <= 4.020)
",-9999999.000,-9999999.000,0.000,0.000,1.000,0,0,0,10,10,0,0,10,0.0,0.0,0.0,0.0,0.0,1.0,-1
"F[0,2]((FiO2 <= 0.814 -> Resp <= 17.308) | BaseExcess <= 15.983)
",-9999999.000,-9999999.000,0.000,0.000,1.000,0,0,0,10,10,0,0,10,0.0,0.0,0.0,0.0,0.0,1.0,-1
"F[0,2]((HR >= 66.985 & Temp >= 4.755) & Creatinine <= 14.445)
",-9999999.000,-9999999.000,0.000,0.000,1.000,0,0,0,10,10,0,0,10,0.0,0.0,0.0,0.0,0.0,1.0,-1
"((FiO2 <= 0.469) U[2,2] (MAP >= 9.286))
",8449613544736930.000,0.469,0.000,0.000,1.000,0,0,0,10,10,0,0,10,0.0,0.0,0.0,0.0,0.0,1.0,-1
"F[1,2]((FiO2 <= 0.286 -> Hgb >= 0.181) & SaO2 <= 5.402)
",-9999999.000,-9999999.000,0.000,0.000,1.000,0,0,0,10,10,0,0,10,0.0,0.0,0.0,0.0,0.0,1.0,-1
"F[0,2](FiO2 < 0.623 & SepsisLabel = 0.000)
",-9999999.000,-9999999.000,0.000,0.000,1.000,0,0,0,10,10,0,0,10,0.0,0.0,0.0,0.0,0.0,1.0,-1
"F[1,2](((FiO2 >= 0.063 -> HCO3 <= 9.142) -> WBC <= 8.040) | Phosphate <= 16.826)
",-9999999.000,-9999999.000,0.000,0.000,1.000,0,0,0,10,10,0,0,10,0.0,0.0,0.0,0.0,0.0,1.0,-1
"((HR <= 123.903) U[0,2] (MAP <= 74.868))
",-9999999.000,-9999999.000,0.000,0.000,1.000,0,0,0,10,10,0,0,10,0.0,0.0,0.0,0.0,0.0,1.0,-1
"F[0,1](((HR <= 119.412 | Resp >= 1.958) & Magnesium >= 11.992) -> Platelets >= 9.639)
",-9999999.000,-9999999.000,0.000,0.000,1.000,0,0,0,10,10,0,0,10,0.0,0.0,0.0,0.0,0.0,1.0,-1
"F[1,2](BUN >= 0.455 & Glucose >= 2.547)
",-9999999.000,-9999999.000,0.000,0.000,1.000,0,0,0,10,10,0,0,10,0.0,0.0,0.0,0.0,0.0,1.0,-1
"((Chloride >= 4.100) U[0,1] (Hgb <= 12.401))
",-9999999.000,-9999999.000,0.000,0.000,1.000,0,0,0,10,10,0,0,10,0.0,0.0,0.0,0.0,0.0,1.0,-1
"F[1,2]((Temp >= 5.473 & Temp >= 0.503) | HCO3 >= 4.684)
",-9999999.000,-9999999.000,0.000,0.000,1.000,0,0,0,10,10,0,0,10,0.0,0.0,0.0,0.0,0.0,1.0,-1
"F[1,2](Potassium <= 2.441 & SepsisLabel = 0.000)
",-9999999.000,-9999999.000,0.000,0.000,1.000,0,0,0,10,10,0,0,10,0.0,0.0,0.0,0.0,0.0,1.0,-1
"((SepsisLabel > 0.000) U[0,2] (SepsisLabel = 0.000))
",-9999999.000,-9999999.000,0.000,0.000,1.000,0,0,0,10,10,0,0,10,0.0,0.0,0.0,0.0,0.0,1.0,-1
"((Potassium >= 0.165) U[0,1] (SepsisLabel = 0.000))
",-9999999.000,-9999999.000,0.000,0.000,1.000,0,0,0,10,10,0,0,10,0.0,0.0,0.0,0.0,0.0,1.0,-1
"((Hct >= 0.810) U[0,1] (SepsisLabel = 0.000))
",-9999999.000,-9999999.000,0.000,0.000,1.000,0,0,0,10,10,0,0,10,0.0,0.0,0.0,0.0,0.0,1.0,-1
"F[0,0](Calcium < 6.018 & SepsisLabel = 0.000)
",-0.333,-17.300,0.000,0.000,1.000,0,0,0,10,10,0,0,10,0.0,0.0,0.0,0.0,0.0,1.0,-1
"F[0,1](HCO3 < 3.245 -> SepsisLabel = 0.000)
",-9999999.000,-9999999.000,0.000,0.000,1.000,0,0,0,10,10,0,0,10,0.0,0.0,0.0,0.0,0.0,1.0,-1
"((Magnesium < 1.572) U[1,2] (SepsisLabel = 0.000))
",-9999999.000,-9999999.000,0.000,0.000,1.000,0,0,0,10,10,0,0,10,0.0,0.0,0.0,0.0,0.0,1.0,-1
"F[1,2](Phosphate < 0.684 -> SepsisLabel = 0.000)
",-9999999.000,-9999999.000,0.000,0.000,1.000,0,0,0,10,10,0,0,10,0.0,0.0,0.0,0.0,0.0,1.0,-1
"F[0,1](MAP > 47.825 -> SepsisLabel = 0.000)
",-9999999.000,-9999999.000,0.000,0.000,1.000,0,0,0,10,10,0,0,10,0.0,0.0,0.0,0.0,0.0,1.0,-1
"((SepsisLabel <= 0.000) U[0,2] (SepsisLabel = 0.000))
",-9999999.000,-9999999.000,0.000,0.000,1.000,0,0,0,10,10,0,0,10,0.0,0.0,0.0,0.0,0.0,1.0,-1
"F[0,2](Hgb <= 4.870 -> SepsisLabel = 0.000)
",-9999999.000,-9999999.000,0.000,0.000,1.000,0,0,0,10,10,0,0,10,0.0,0.0,0.0,0.0,0.0,1.0,-1
"((BaseExcess < 0.000) U[0,0] (SepsisLabel = 0.000))
",0.000,0.000,0.000,0.000,1.000,0,0,0,10,10,0,0,10,0.0,0.0,0.0,0.0,0.0,1.0,-1
"F[0,0](Calcium > 0.199 -> SepsisLabel = 0.000)
",0.333,0.020,0.000,0.000,1.000,0,0,0,10,10,0,0,10,0.0,0.0,0.0,0.0,0.0,1.0,-1
"F[0,1](Resp > 7.397 & SepsisLabel = 0.000)
",-9999999.000,-9999999.000,0.000,0.000,1.000,0,0,0,10,10,0,0,10,0.0,0.0,0.0,0.0,0.0,1.0,-1
"F[1,2](AST >= 0.000 & SepsisLabel = 0.000)
",-9999999.000,-9999999.000,0.000,0.000,1.000,0,0,0,10,10,0,0,10,0.0,0.0,0.0,0.0,0.0,1.0,-1
"((SepsisLabel <= 0.000) U[1,2] (SepsisLabel = 0.000))
",-9999999.000,-9999999.000,0.000,0.000,1.000,0,0,0,10,10,0,0,10,0.0,0.0,0.0,0.0,0.0,1.0,-1
"((Resp >= 9.144) U[0,1] (SepsisLabel = 0.000))
",-9999999.000,-9999999.000,0.000,0.000,1.000,0,0,0,10,10,0,0,10,0.0,0.0,0.0,0.0,0.0,1.0,-1
"((SaO2 <= 0.000) U[0,1] (SaO2 <= 0.000))
",-9999999.000,-9999999.000,0.000,0.000,1.000,0,0,0,10,10,0,0,10,0.0,0.0,0.0,0.0,0.0,1.0,-1
"G[1,1]((WBC >= 0.046 & Potassium <= 1.171) & Lactate <= 1.758)
",-0.046,-0.046,0.000,1.000,0.000,0,0,0,10,10,0,0,10,0.0,0.0,0.0,0.0,0.0,1.0,1
"F[0,1](((Magnesium >= 0.085 & SaO2 <= 0.000) & SBP >= 0.000) -> PTT >= 0.000)
",-9999999.000,-9999999.000,0.000,0.000,1.000,0,0,0,10,10,0,0,10,0.0,0.0,0.0,0.0,0.0,1.0,-1
"((TroponinI <= 0.000) U[0,2] (SaO2 >= 0.000))
",-9999999.000,-9999999.000,0.000,0.000,1.000,0,0,0,10,10,0,0,10,0.0,0.0,0.0,0.0,0.0,1.0,-1
"F[1,1](Alkalinephos <= 0.000 | Bilirubin_direct >= 0.000)
",0.000,0.000,0.000,0.000,1.000,0,0,0,10,10,0,0,10,0.0,0.0,0.0,0.0,0.0,1.0,-1
"((Lactate <= 0.000) U[0,2] (SBP >= 30.098))
",-9999999.000,-9999999.000,0.000,0.000,1.000,0,0,0,10,10,0,0,10,0.0,0.0,0.0,0.0,0.0,1.0,-1
"F[0,2]((Resp <= 16.880 | HR >= 21.119) -> BaseExcess >= 48.117)
",-9999999.000,-9999999.000,0.000,0.000,1.000,0,0,0,10,10,0,0,10,0.0,0.0,0.0,0.0,0.0,1.0,-1
"F[0,2](FiO2 <= 0.629 & Bilirubin_total >= 0.000)
",-9999999.000,-9999999.000,0.000,0.000,1.000,0,0,0,10,10,0,0,10,0.0,0.0,0.0,0.0,0.0,1.0,-1
"F[1,2](((Hct <= 28.689 & BaseExcess <= 0.000) -> Magnesium <= 0.000) & Calcium <= 0.000)
",-9999999.000,-9999999.000,0.000,0.000,1.000,0,0,0,10,10,0,0,10,0.0,0.0,0.0,0.0,0.0,1.0,-1
"F[2,2](O2Sat >= 48.566 | Temp <= 25.088)
",25.088,25.088,0.000,0.000,1.000,0,0,0,10,10,0,0,10,0.0,0.0,0.0,0.0,0.0,1.0,-1
"F[1,1]((AST <= 0.000 & BUN >= 0.498) -> pH <= 3.574)
",-3.574,-3.574,0.000,0.000,1.000,0,0,0,10,10,0,0,10,0.0,0.0,0.0,0.0,0.0,1.0,-1
"F[1,2](((HCO3 >= 0.102 | SaO2 <= 0.000) | BUN <= 0.000) -> Bilirubin_total >= 0.000)
",-9999999.000,-9999999.000,0.000,0.000,1.000,0,0,0,10,10,0,0,10,0.0,0.0,0.0,0.0,0.0,1.0,-1
"F[2,2](((Calcium <= 8.364 -> BUN >= 0.019) -> pH <= 9.941) | pH >= 0.495)
",-0.495,-0.495,0.000,0.000,1.000,0,0,0,10,10,0,0,10,0.0,0.0,0.0,0.0,0.0,1.0,-1
"((PTT <= 19.975) U[1,2] (Hgb <= 4.796))
",-9999999.000,-9999999.000,0.000,0.000,1.000,0,0,0,10,10,0,0,10,0.0,0.0,0.0,0.0,0.0,1.0,-1
"F[1,1](((MAP <= 72.954 | BaseExcess >= 0.000) -> Phosphate >= 0.000) | WBC <= 0.000)
",0.000,0.000,0.000,0.000,1.000,0,0,0,10,10,0,0,10,0.0,0.0,0.0,0.0,0.0,1.0,-1
"((Glucose <= 114.861) U[1,2] (HR <= 115.516))
",-9999999.000,-9999999.000,0.000,0.000,1.000,0,0,0,10,10,0,0,10,0.0,0.0,0.0,0.0,0.0,1.0,-1
"F[0,1](((Chloride >= 5.026 | Lactate <= 0.000) | Chloride >= 0.000) | DBP <= 0.000)
",-9999999.000,-9999999.000,0.000,0.000,1.000,0,0,0,10,10,0,0,10,0.0,0.0,0.0,0.0,0.0,1.0,-1
"F[0,1]((PTT <= 19.075 & Resp >= 2.155) & EtCO2 <= 16.236)
",-9999999.000,-9999999.000,0.000,0.000,1.000,0,0,0,10,10,0,0,10,0.0,0.0,0.0,0.0,0.0,1.0,-1
"F[1,2](((Bilirubin_direct >= 0.000 | EtCO2 <= 0.000) -> SepsisLabel >= 0.000) -> Temp >= 0.000)
",-9999999.000,-9999999.000,0.000,0.000,1.000,0,0,0,10,10,0,0,10,0.0,0.0,0.0,0.0,0.0,1.0,-1
"F[0,2]((HR >= 20.082 -> PTT >= 1.028) -> BaseExcess >= 0.714)
",-9999999.000,-9999999.000,0.000,0.000,1.000,0,0,0,10,10,0,0,10,0.0,0.0,0.0,0.0,0.0,1.0,-1
"F[2,2](((pH >= 0.000 & pH <= 0.000) & Bilirubin_total >= 0.000) & DBP >= 0.000)
",0.000,0.000,0.000,0.000,1.000,0,0,0,10,10,0,0,10,0.0,0.0,0.0,0.0,0.0,1.0,-1
"((AST <= 0.000) U[0,2] (Hgb >= 0.346))
",-9999999.000,-9999999.000,0.000,0.000,1.000,0,0,0,10,10,0,0,10,0.0,0.0,0.0,0.0,0.0,1.0,-1
"F[0,1](Hgb <= 8.437 | Resp <= 16.482)
",-9999999.000,-9999999.000,0.000,0.000,1.000,0,0,0,10,10,0,0,10,0.0,0.0,0.0,0.0,0.0,1.0,-1
"F[0,1]((Calcium >= 0.401 | AST >= 0.000) & HCO3 <= 0.000)
",-9999999.000,-9999999.000,0.000,0.000,1.000,0,0,0,10,10,0,0,10,0.0,0.0,0.0,0.0,0.0,1.0,-1
"((SepsisLabel >= 0.000) U[1,2] (Alkalinephos <= 0.000))
",-9999999.000,-9999999.000,0.000,0.000,1.000,0,0,0,10,10,0,0,10,0.0,0.0,0.0,0.0,0.0,1.0,-1
"F[0,1](Alkalinephos >= 0.000 & Resp >= 3.997)
",-9999999.000,-9999999.000,0.000,0.000,1.000,0,0,0,10,10,0,0,10,0.0,0.0,0.0,0.0,0.0,1.0,-1
"F[0,1](((Creatinine >= 0.047 -> PaCO2 <= 0.000) -> Phosphate >= 0.000) | Chloride <= 0.000)
",-9999999.000,-9999999.000,0.000,0.000,1.000,0,0,0,10,10,0,0,10,0.0,0.0,0.0,0.0,0.0,1.0,-1
"F[0,0](((EtCO2 >= 0.000 & BUN <= 1.386) -> WBC >= 0.029) -> FiO2 >= 0.106)
",-0.322,-2.804,0.000,0.000,1.000,0,0,0,10,10,0,0,10,0.0,0.0,0.0,0.0,0.0,1.0,-1
"F[1,2]((Glucose <= 157.422 | AST >= 0.000) | Potassium >= 0.000)
",-9999999.000,-9999999.000,0.000,0.000,1.000,0,0,0,10,10,0,0,10,0.0,0.0,0.0,0.0,0.0,1.0,-1
"F[1,2](((SBP >= 87.432 & Magnesium <= 1.220) & AST >= 0.040) | WBC >= 0.005)
",-9999999.000,-9999999.000,0.000,0.000,1.000,0,0,0,10,10,0,0,10,0.0,0.0,0.0,0.0,0.0,1.0,-1
"F[0,1](((Alkalinephos <= 0.000 | Bilirubin_total >= 0.000) | Hct >= 0.000) -> TroponinI >= 0.000)
",-9999999.000,-9999999.000,0.000,0.000,1.000,0,0,0,10,10,0,0,10,0.0,0.0,0.0,0.0,0.0,1.0,-1
"F[0,1]((pH <= 0.000 -> BaseExcess >= 0.000) | Lactate >= 0.000)
",-9999999.000,-9999999.000,0.000,0.000,1.000,0,0,0,10,10,0,0,10,0.0,0.0,0.0,0.0,0.0,1.0,-1
"F[0,0]((PTT <= 8.328 -> PaCO2 <= 0.000) | Potassium <= 0.000)
",0.000,0.000,0.000,0.000,1.000,0,0,0,10,10,0,0,10,0.0,0.0,0.0,0.0,0.0,1.0,-1
"F[0,0](TroponinI <= 0.000 -> AST <= 0.000)
",0.000,0.000,0.000,0.000,1.000,0,0,0,10,10,0,0,10,0.0,0.0,0.0,0.0,0.0,1.0,-1
"F[2,2](Fibrinogen <= 0.000 | SaO2 >= 0.000)
",0.000,0.000,0.000,0.000,1.000,0,0,0,10,10,0,0,10,0.0,0.0,0.0,0.0,0.0,1.0,-1
"F[1,1](Calcium >= 0.377 | Hgb <= 12.578)
",7080848942315443.000,12.578,0.000,0.000,1.000,0,0,0,10,10,0,0,10,0.0,0.0,0.0,0.0,0.0,1.0,-1
"F[0,1](((EtCO2 <= 0.000 | SepsisLabel <= 0.000) -> Lactate >= 0.000) -> Bilirubin_total <= 0.000)
",-9999999.000,-9999999.000,0.000,0.000,1.000,0,0,0,10,10,0,0,10,0.0,0.0,0.0,0.0,0.0,1.0,-1
"F[0,1](((Resp >= 2.763 & Glucose <= 27.087) | TroponinI >= 1.694) | Chloride <= 42.682)
",-9999999.000,-9999999.000,0.000,0.000,1.000,0,0,0,10,10,0,0,10,0.0,0.0,0.0,0.0,0.0,1.0,-1
"((Hct >= 2.043) U[2,2] (pH <= 0.000))
",0.000,0.000,0.000,0.000,1.000,0,0,0,10,10,0,0,10,0.0,0.0,0.0,0.0,0.0,1.0,-1
"F[2,2]((Resp <= 15.378 & MAP <= 72.775) -> SaO2 <= 69.782)
",-69.782,-69.782,0.000,0.000,1.000,0,0,0,10,10,0,0,10,0.0,0.0,0.0,0.0,0.0,1.0,-1
"F[0,2](((Creatinine <= 0.081 | Alkalinephos <= 0.000) & PaCO2 >= 0.000) & AST >= 0.000)
",-9999999.000,-9999999.000,0.000,0.000,1.000,0,0,0,10,10,0,0,10,0.0,0.0,0.0,0.0,0.0,1.0,-1
"F[0,1](WBC >= 0.429 -> TroponinI >= 0.000)
",-9999999.000,-9999999.000,0.000,0.000,1.000,0,0,0,10,10,0,0,10,0.0,0.0,0.0,0.0,0.0,1.0,-1
"F[0,2](((Resp <= 15.684 & Hct <= 2.633) & O2Sat >= 0.012) & Bilirubin_direct >= 1.237)
",-9999999.000,-9999999.000,0.000,0.000,1.000,0,0,0,10,10,0,0,10,0.0,0.0,0.0,0.0,0.0,1.0,-1
"F[1,2](((Lactate >= 0.000 -> Potassium <= 2.796) & Lactate <= 1.315) | Hct <= 2.970)
",-9999999.000,-9999999.000,0.000,0.000,1.000,0,0,0,10,10,0,0,10,0.0,0.0,0.0,0.0,0.0,1.0,-1
"F[2,2]((Phosphate <= 2.708 | Glucose >= 3.226) | BUN >= 2.039)
",2.708,2.708,0.000,0.000,1.000,0,0,0,10,10,0,0,10,0.0,0.0,0.0,0.0,0.0,1.0,-1
"F[1,1](((WBC >= 0.115 -> TroponinI >= 0.000) | pH <= 0.000) | Magnesium <= 0.000)
",0.000,0.000,0.000,0.000,1.000,0,0,0,10,10,0,0,10,0.0,0.0,0.0,0.0,0.0,1.0,-1
"F[1,1]((BaseExcess <= 0.000 & MAP >= 32.194) -> HR >= 24.880)
",24.880,24.880,0.000,0.000,1.000,0,0,0,10,10,0,0,10,0.0,0.0,0.0,0.0,0.0,1.0,-1
"((Hct <= 7.722) U[0,2] (Hct >= 0.715))
",-9999999.000,-9999999.000,0.000,0.000,1.000,0,0,0,10,10,0,0,10,0.0,0.0,0.0,0.0,0.0,1.0,-1
"F[1,2]((BUN <= 0.728 -> PaCO2 >= 0.000) & Bilirubin_total >= 0.000)
",-9999999.000,-9999999.000,0.000,0.000,1.000,0,0,0,10,10,0,0,10,0.0,0.0,0.0,0.0,0.0,1.0,-1
"F[1,1](HR >= 68.084 -> DBP <= 0.000)
",0.000,0.000,0.000,0.000,1.000,0,0,0,10,10,0,0,10,0.0,0.0,0.0,0.0,0.0,1.0,-1
"F[0,2](Platelets >= 3.383 & Platelets <= 50.028)
",-9999999.000,-9999999.000,0.000,0.000,1.000,0,0,0,10,10,0,0,10,0.0,0.0,0.0,0.0,0.0,1.0,-1
"F[0,0]((SaO2 <= 0.000 | Creatinine >= 0.022) | Potassium >= 0.046)
",0.333,10.598,0.000,0.000,1.000,0,0,0,10,10,0,0,10,0.0,0.0,0.0,0.0,0.0,1.0,-1
"F[0,2](((O2Sat >= 76.162 -> Hgb <= 3.837) -> O2Sat <= 14.414) & MAP >= 0.084)
",-9999999.000,-9999999.000,0.000,0.000,1.000,0,0,0,10,10,0,0,10,0.0,0.0,0.0,0.0,0.0,1.0,-1
"F[0,2]((PaCO2 >= 0.000 -> MAP <= 75.345) -> SaO2 >= 45.838)
",-9999999.000,-9999999.000,0.000,0.000,1.000,0,0,0,10,10,0,0,10,0.0,0.0,0.0,0.0,0.0,1.0,-1
"F[0,2](PaCO2 <= 0.000 -> Hgb <= 11.016)
",-9999999.000,-9999999.000,0.000,0.000,1.000,0,0,0,10,10,0,0,10,0.0,0.0,0.0,0.0,0.0,1.0,-1
"((O2Sat <= 93.786) U[0,2] (AST >= 0.000))
",-9999999.000,-9999999.000,0.000,0.000,1.000,0,0,0,10,10,0,0,10,0.0,0.0,0.0,0.0,0.0,1.0,-1
"F[1,1](TroponinI >= 0.000 | Hgb <= 2.104)
",2.104,2.104,0.000,0.000,1.000,0,0,0,10,10,0,0,10,0.0,0.0,0.0,0.0,0.0,1.0,-1
"F[1,2]((SBP <= 128.063 -> Potassium >= 0.119) -> Glucose <= 1.366)
",-9999999.000,-9999999.000,0.000,0.000,1.000,0,0,0,10,10,0,0,10,0.0,0.0,0.0,0.0,0.0,1.0,-1
"F[1,2](((DBP <= 0.000 & Bilirubin_direct <= 0.000) & BUN >= 0.000) -> AST >= 0.000)
",-9999999.000,-9999999.000,0.000,0.000,1.000,0,0,0,10,10,0,0,10,0.0,0.0,0.0,0.0,0.0,1.0,-1
"F[0,2](EtCO2 <= 0.000 -> EtCO2 >= 0.000)
",-9999999.000,-9999999.000,0.000,0.000,1.000,0,0,0,10,10,0,0,10,0.0,0.0,0.0,0.0,0.0,1.0,-1
"F[1,2]((Glucose >= 0.116 -> Platelets >= 6.269) -> Lactate >= 4.187)
",-9999999.000,-9999999.000,0.000,0.000,1.000,0,0,0,10,10,0,0,10,0.0,0.0,0.0,0.0,0.0,1.0,-1
"F[1,2](Chloride <= 68.379 -> Glucose <= 93.045)
",-9999999.000,-9999999.000,0.000,0.000,1.000,0,0,0,10,10,0,0,10,0.0,0.0,0.0,0.0,0.0,1.0,-1
"((BaseExcess <= 0.000) U[2,2] (SepsisLabel = 0.000))
",0.000,0.000,0.000,0.000,1.000,0,0,0,10,10,0,0,10,0.0,0.0,0.0,0.0,0.0,1.0,-1
"F[2,2](Hgb <= 10.882 & Lactate >= 0.000)
",0.000,0.000,0.000,0.000,1.000,0,0,0,10,10,0,0,10,0.0,0.0,0.0,0.0,0.0,1.0,-1
"F[0,2]((FiO2 <= 0.346 | Temp <= 35.733) -> AST >= 3.217)
",-9999999.000,-9999999.000,0.000,0.000,1.000,0,0,0,10,10,0,0,10,0.0,0.0,0.0,0.0,0.0,1.0,-1
"F[0,2](((DBP <= 0.000 & HR >= 7.046) & Temp >= 38.151) -> Resp <= 123.222)
",-9999999.000,-9999999.000,0.000,0.000,1.000,0,0,0,10,10,0,0,10,0.0,0.0,0.0,0.0,0.0,1.0,-1
"F[1,2](Calcium >= 0.244 | Creatinine <= 0.319)
",-9999999.000,-9999999.000,0.000,0.000,1.000,0,0,0,10,10,0,0,10,0.0,0.0,0.0,0.0,0.0,1.0,-1
"((Creatinine >= 0.010) U[2,2] (BaseExcess >= 0.000))
",0.000,0.000,0.000,0.000,1.000,0,0,0,10,10,0,0,10,0.0,0.0,0.0,0.0,0.0,1.0,-1
"F[0,2]((HR >= 26.893 & BUN >= 0.279) | BUN <= 5.980)
",-9999999.000,-9999999.000,0.000,0.000,1.000,0,0,0,10,10,0,0,10,0.0,0.0,0.0,0.0,0.0,1.0,-1
"F[1,2](((TroponinI >= 0.000 -> DBP >= 0.000) | MAP >= 0.000) & Chloride <= 0.000)
",-9999999.000,-9999999.000,0.000,0.000,1.000,0,0,0,10,10,0,0,10,0.0,0.0,0.0,0.0,0.0,1.0,-1
"F[0,2]((MAP >= 36.762 | BaseExcess >= 0.000) -> Hct <= 0.000)
",-9999999.000,-9999999.000,0.000,0.000,1.000,0,0,0,10,10,0,0,10,0.0,0.0,0.0,0.0,0.0,1.0,-1
"F[0,2](((HR <= 102.649 -> O2Sat <= 83.202) -> EtCO2 >= 2.208) | MAP <= 89.500)
",-9999999.000,-9999999.000,0.000,0.000,1.000,0,0,0,10,10,0,0,10,0.0,0.0,0.0,0.0,0.0,1.0,-1
"F[0,1](Alkalinephos >= 0.000 | Platelets <= 156.202)
",-9999999.000,-9999999.000,0.000,0.000,1.000,0,0,0,10,10,0,0,10,0.0,0.0,0.0,0.0,0.0,1.0,-1
"F[0,2](((AST <= 0.000 & SBP >= 36.058) & Bilirubin_total <= 125.452) -> BaseExcess <= 141.122)
",-9999999.000,-9999999.000,0.000,0.000,1.000,0,0,0,10,10,0,0,10,0.0,0.0,0.0,0.0,0.0,1.0,-1
"F[1,2]((AST <= 0.000 & O2Sat >= 36.550) -> DBP <= 94.264)
",-9999999.000,-9999999.000,0.000,0.000,1.000,0,0,0,10,10,0,0,10,0.0,0.0,0.0,0.0,0.0,1.0,-1
"F[0,1](TroponinI <= 0.000 & PaCO2 >= 0.000)
",-9999999.000,-9999999.000,0.000,0.000,1.000,0,0,0,10,10,0,0,10,0.0,0.0,0.0,0.0,0.0,1.0,-1
"F[0,1]((MAP >= 23.343 & SBP >= 8.087) | EtCO2 >= 26.352)
",-9999999.000,-9999999.000,0.000,0.000,1.000,0,0,0,10,10,0,0,10,0.0,0.0,0.0,0.0,0.0,1.0,-1
"F[1,2](((Fibrinogen >= 0.000 -> O2Sat >= 45.730) -> SepsisLabel >= 53.171) & PTT >= 50.404)
",-9999999.000,-9999999.000,0.000,0.000,1.000,0,0,0,10,10,0,0,10,0.0,0.0,0.0,0.0,0.0,1.0,-1
"F[0,1](((BaseExcess >= 0.000 | Potassium >= 0.025) -> SepsisLabel <= 3.383) -> Bilirubin_total <= 2.841)
",-9999999.000,-9999999.000,0.000,0.000,1.000,0,0,0,10,10,0,0,10,0.0,0.0,0.0,0.0,0.0,1.0,-1
"F[0,0](((FiO2 <= 0.397 | AST >= 0.000) | Fibrinogen <= 0.000) -> Hgb >= 0.000)
",-0.364,-4.647,0.000,0.000,1.000,0,0,0,10,10,0,0,10,0.0,0.0,0.0,0.0,0.0,1.0,-1
"F[0,1](((Creatinine >= 0.011 & SepsisLabel <= 0.000) -> Hgb >= 0.000) & Creatinine >= 0.000)
",-9999999.000,-9999999.000,0.000,0.000,1.000,0,0,0,10,10,0,0,10,0.0,0.0,0.0,0.0,0.0,1.0,-1
"F[1,1](((BaseExcess >= 0.000 | Bilirubin_total <= 0.000) | Hgb <= 0.000) | TroponinI >= 0.000)
",0.000,0.000,0.000,0.000,1.000,0,0,0,10,10,0,0,10,0.0,0.0,0.0,0.0,0.0,1.0,-1
"F[1,2](((EtCO2 <= 0.000 & Phosphate <= 2.593) | Potassium >= 0.106) | MAP <= 2.795)
",-9999999.000,-9999999.000,0.000,0.000,1.000,0,0,0,10,10,0,0,10,0.0,0.0,0.0,0.0,0.0,1.0,-1
"F[0,1]((Lactate >= 0.000 & EtCO2 <= 0.000) -> Lactate >= 0.000)
",-9999999.000,-9999999.000,0.000,0.000,1.000,0,0,0,10,10,0,0,10,0.0,0.0,0.0,0.0,0.0,1.0,-1
"F[1,2](Resp <= 14.961 | Lactate >= 0.000)
",-9999999.000,-9999999.000,0.000,0.000,1.000,0,0,0,10,10,0,0,10,0.0,0.0,0.0,0.0,0.0,1.0,-1
"((Chloride <= 66.005) U[0,1] (BaseExcess >= 0.000))
",-9999999.000,-9999999.000,0.000,0.000,1.000,0,0,0,10,10,0,0,10,0.0,0.0,0.0,0.0,0.0,1.0,-1
"F[0,2](((Bilirubin_direct >= 0.000 -> DBP <= 0.000) & FiO2 <= 0.000) | FiO2 <= 0.000)
",-9999999.000,-9999999.000,0.000,0.000,1.000,0,0,0,10,10,0,0,10,0.0,0.0,0.0,0.0,0.0,1.0,-1
"F[1,2](((SBP >= 88.176 | SepsisLabel <= 0.000) & DBP >= 0.000) | Creatinine <= 0.000)
",-9999999.000,-9999999.000,0.000,0.000,1.000,0,0,0,10,10,0,0,10,0.0,0.0,0.0,0.0,0.0,1.0,-1
"F[1,2](((Glucose <= 28.456 | EtCO2 >= 0.000) & TroponinI <= 0.000) | Phosphate <= 0.000)
",-9999999.000,-9999999.000,0.000,0.000,1.000,0,0,0,10,10,0,0,10,0.0,0.0,0.0,0.0,0.0,1.0,-1
"((Hgb <= 1.898) U[2,2] (HR >= 76.236))
",1.898,1.898,0.000,0.000,1.000,0,0,0,10,10,0,0,10,0.0,0.0,0.0,0.0,0.0,1.0,-1
"F[0,0](Platelets >= 2.592 | Magnesium <= 0.200)
",0.200,0.200,0.000,0.000,1.000,0,0,0,10,10,0,0,10,0.0,0.0,0.0,0.0,0.0,1.0,-1
"((Platelets <= 133.732) U[1,2] (SBP <= 130.134))
",-9999999.000,-9999999.000,0.000,0.000,1.000,0,0,0,10,10,0,0,10,0.0,0.0,0.0,0.0,0.0,1.0,-1
"F[2,2](((Platelets >= 4.478 | Potassium <= 2.017) -> WBC <= 3.588) -> SaO2 <= 0.914)
",-0.914,-0.914,0.000,0.000,1.000,0,0,0,10,10,0,0,10,0.0,0.0,0.0,0.0,0.0,1.0,-1
"F[1,1](Phosphate >= 0.151 -> Resp >= 8.091)
",0.151,0.151,0.000,0.000,1.000,0,0,0,10,10,0,0,10,0.0,0.0,0.0,0.0,0.0,1.0,-1
"F[2,2]((PTT <= 12.222 | Resp <= 16.088) -> AST >= 5.045)
",-16.088,-16.088,0.000,0.000,1.000,0,0,0,10,10,0,0,10,0.0,0.0,0.0,0.0,0.0,1.0,-1
"F[1,2](((MAP >= 15.190 & Temp <= 30.867) & Hct >= 2.563) | Hct <= 33.648)
",-9999999.000,-9999999.000,0.000,0.000,1.000,0,0,0,10,10,0,0,10,0.0,0.0,0.0,0.0,0.0,1.0,-1
"F[0,0](Bilirubin_direct <= 0.000 & pH <= 0.000)
",-0.469,-0.150,0.000,0.000,1.000,0,0,0,10,10,0,0,10,0.0,0.0,0.0,0.0,0.0,1.0,-1
"F[2,2]((Lactate >= 0.000 | MAP <= 71.248) & FiO2 <= 73.658)
",5013597137772622.000,71.248,0.000,0.000,1.000,0,0,0,10,10,0,0,10,0.0,0.0,0.0,0.0,0.0,1.0,-1
"F[1,1](((Temp >= 0.110 -> Fibrinogen >= 0.000) & SepsisLabel >= 0.000) -> O2Sat >= 0.000)
",0.000,0.000,0.000,0.000,1.000,0,0,0,10,10,0,0,10,0.0,0.0,0.0,0.0,0.0,1.0,-1
"F[0,0](((Lactate <= 0.000 | Alkalinephos <= 0.000) & Phosphate <= 0.000) -> HCO3 >= 0.000)
",0.000,0.000,0.000,0.000,1.000,0,0,0,10,10,0,0,10,0.0,0.0,0.0,0.0,0.0,1.0,-1
"F[0,1]((TroponinI >= 0.000 & Temp <= 9.878) | Phosphate >= 7.530)
",-9999999.000,-9999999.000,0.000,0.000,1.000,0,0,0,10,10,0,0,10,0.0,0.0,0.0,0.0,0.0,1.0,-1
"F[2,2]((SepsisLabel >= 0.000 -> HR <= 120.134) -> HR <= 125.895)
",-4429525387475603.000,-125.895,0.000,0.000,1.000,0,0,0,10,10,0,0,10,0.0,0.0,0.0,0.0,0.0,1.0,-1
"F[0,1]((Alkalinephos <= 0.000 | Hct <= 10.347) | WBC >= 1.729)
",-9999999.000,-9999999.000,0.000,0.000,1.000,0,0,0,10,10,0,0,10,0.0,0.0,0.0,0.0,0.0,1.0,-1
"F[0,2](((Alkalinephos <= 0.000 | PaCO2 >= 0.000) & Temp >= 0.000) -> BUN <= 0.000)
",-9999999.000,-9999999.000,0.000,0.000,1.000,0,0,0,10,10,0,0,10,0.0,0.0,0.0,0.0,0.0,1.0,-1
"F[1,1](((SBP >= 87.402 | BUN <= 4.950) & BaseExcess <= 4.835) -> pH <= 3.414)
",-5444274114142381.000,-4.835,0.000,0.000,1.000,0,0,0,10,10,0,0,10,0.0,0.0,0.0,0.0,0.0,1.0,-1
"F[2,2]((DBP >= 0.000 & PTT <= 12.656) -> Phosphate >= 0.546)
",0.000,0.000,0.000,0.000,1.000,0,0,0,10,10,0,0,10,0.0,0.0,0.0,0.0,0.0,1.0,-1
"F[0,1](HR <= 92.274 | AST >= 0.000)
",-9999999.000,-9999999.000,0.000,0.000,1.000,0,0,0,10,10,0,0,10,0.0,0.0,0.0,0.0,0.0,1.0,-1
"F[0,0](((MAP >= 10.805 & EtCO2 <= 0.000) -> PTT <= 0.000) & HCO3 >= 0.000)
",0.000,0.000,0.000,0.000,1.000,0,0,0,10,10,0,0,10,0.0,0.0,0.0,0.0,0.0,1.0,-1
"((Hct <= 39.126) U[0,2] (Phosphate <= 1.433))
",-9999999.000,-9999999.000,0.000,0.000,1.000,0,0,0,10,10,0,0,10,0.0,0.0,0.0,0.0,0.0,1.0,-1
"F[0,0](((SBP >= 24.503 & Bilirubin_direct <= 0.000) -> BaseExcess <= 0.000) | SBP >= 0.000)
",0.816,15.322,0.000,0.000,1.000,0,0,0,10,10,0,0,10,0.0,0.0,0.0,0.0,0.0,1.0,-1
"F[2,2](((HR <= 117.966 | Bilirubin_direct >= 0.000) & PTT <= 0.000) & PaCO2 <= 0.000)
",0.000,0.000,0.000,0.000,1.000,0,0,0,10,10,0,0,10,0.0,0.0,0.0,0.0,0.0,1.0,-1
"F[0,0](Glucose >= 7.501 -> MAP <= 68.723)
",-0.005,-0.121,0.000,0.000,1.000,0,0,0,10,10,0,0,10,0.0,0.0,0.0,0.0,0.0,1.0,-1
"F[1,2](((HCO3 >= 0.816 | Creatinine <= 0.599) | Temp <= 0.272) -> Calcium >= 0.020)
",-9999999.000,-9999999.000,0.000,0.000,1.000,0,0,0,10,10,0,0,10,0.0,0.0,0.0,0.0,0.0,1.0,-1
"F[0,1](BUN <= 9.180 | Platelets <= 163.808)
",-9999999.000,-9999999.000,0.000,0.000,1.000,0,0,0,10,10,0,0,10,0.0,0.0,0.0,0.0,0.0,1.0,-1
"((Alkalinephos <= 0.000) U[0,1] (EtCO2 <= 0.000))
",-9999999.000,-9999999.000,0.000,0.000,1.000,0,0,0,10,10,0,0,10,0.0,0.0,0.0,0.0,0.0,1.0,-1
"F[1,2](MAP <= 74.452 | Chloride <= 71.094)
",-9999999.000,-9999999.000,0.000,0.000,1.000,0,0,0,10,10,0,0,10,0.0,0.0,0.0,0.0,0.0,1.0,-1
"((Resp <= 17.138) U[1,2] (AST <= 0.000))
",-9999999.000,-9999999.000,0.000,0.000,1.000,0,0,0,10,10,0,0,10,0.0,0.0,0.0,0.0,0.0,1.0,-1
"F[1,1](((BUN <= 3.374 -> SBP >= 19.054) | PaCO2 <= 120.857) -> BaseExcess <= 117.503)
",-120.857,-120.857,0.000,0.000,1.000,0,0,0,10,10,0,0,10,0.0,0.0,0.0,0.0,0.0,1.0,-1
"F[2,2]((BUN <= 4.348 & HR >= 24.228) | WBC <= 117.997)
",8303273500242082.000,117.997,0.000,0.000,1.000,0,0,0,10,10,0,0,10,0.0,0.0,0.0,0.0,0.0,1.0,-1
"F[1,1](((Chloride <= 73.512 -> HR >= 77.230) | WBC <= 90.494) | FiO2 >= 36.017)
",90.494,90.494,0.000,0.000,1.000,0,0,0,10,10,0,0,10,0.0,0.0,0.0,0.0,0.0,1.0,-1
"F[0,2]((Platelets >= 4.793 | Temp <= 34.182) | HCO3 <= 13.828)
",-9999999.000,-9999999.000,0.000,0.000,1.000,0,0,0,10,10,0,0,10,0.0,0.0,0.0,0.0,0.0,1.0,-1
"F[1,2]((Calcium <= 4.457 -> Temp <= 23.636) | Lactate <= 36.130)
",-9999999.000,-9999999.000,0.000,0.000,1.000,0,0,0,10,10,0,0,10,0.0,0.0,0.0,0.0,0.0,1.0,-1
"F[0,0](((Temp >= 6.506 -> WBC <= 9.322) | Resp <= 7.925) | Bilirubin_direct >= 0.080)
",8923202366845734.000,7.925,0.000,0.000,1.000,0,0,0,10,10,0,0,10,0.0,0.0,0.0,0.0,0.0,1.0,-1
"F[0,2](HCO3 <= 10.850 & MAP >= 24.895)
",-9999999.000,-9999999.000,0.000,0.000,1.000,0,0,0,10,10,0,0,10,0.0,0.0,0.0,0.0,0.0,1.0,-1
"F[0,1](((Creatinine <= 0.196 -> MAP <= 71.351) | SaO2 <= 78.996) | BaseExcess >= 14.481)
",-9999999.000,-9999999.000,0.000,0.000,1.000,0,0,0,10,10,0,0,10,0.0,0.0,0.0,0.0,0.0,1.0,-1
"F[0,1](((SBP >= 90.513 | Lactate >= 0.000) & Hgb <= 0.000) & DBP >= 0.000)
",-9999999.000,-9999999.000,0.000,0.000,1.000,0,0,0,10,10,0,0,10,0.0,0.0,0.0,0.0,0.0,1.0,-1
"F[0,1](((BUN >= 0.489 | O2Sat >= 2.340) -> TroponinI >= 61.938) -> Bilirubin_direct <= 99.917)
",-9999999.000,-9999999.000,0.000,0.000,1.000,0,0,0,10,10,0,0,10,0.0,0.0,0.0,0.0,0.0,1.0,-1
"F[1,1](BaseExcess >= 0.000 -> SepsisLabel = 0.000)
",0.000,0.000,0.000,0.000,1.000,0,0,0,10,10,0,0,10,0.0,0.0,0.0,0.0,0.0,1.0,-1
"F[0,1](AST <= 0.000 & DBP >= 0.000)
",-9999999.000,-9999999.000,0.000,0.000,1.000,0,0,0,10,10,0,0,10,0.0,0.0,0.0,0.0,0.0,1.0,-1
"F[0,2]((Phosphate >= 0.113 & Magnesium > 0.055) -> Calcium < 1.108)
",-9999999.000,-9999999.000,0.000,0.000,1.000,0,0,0,10,10,0,0,10,0.0,0.0,0.0,0.0,0.0,1.0,-1
"F[1,2](PTT < 5.022 -> SepsisLabel = 0.000)
",-9999999.000,-9999999.000,0.000,0.000,1.000,0,0,0,10,10,0,0,10,0.0,0.0,0.0,0.0,0.0,1.0,-1
"F[0,1](SepsisLabel > 0.000 -> SepsisLabel = 0.000)
",-9999999.000,-9999999.000,0.000,0.000,1.000,0,0,0,10,10,0,0,10,0.0,0.0,0.0,0.0,0.0,1.0,-1
"((MAP >= 8.703) U[0,2] (SBP <= 120.735))
",-9999999.000,-9999999.000,0.000,0.000,1.000,0,0,0,10,10,0,0,10,0.0,0.0,0.0,0.0,0.0,1.0,-1
"F[1,2](Temp < 14.704 -> SepsisLabel = 0.000)
",-9999999.000,-9999999.000,0.000,0.000,1.000,0,0,0,10,10,0,0,10,0.0,0.0,0.0,0.0,0.0,1.0,-1
"F[0,0](((Calcium < 4.371 & Potassium < 1.027) & Magnesium < 1.521) & Phosphate < 3.086)
",0.771,0.717,0.000,0.000,1.000,0,0,0,10,10,0,0,10,0.0,0.0,0.0,0.0,0.0,1.0,-1
"F[0,2](Hgb <= 8.405 | Hct <= 21.662)
",-9999999.000,-9999999.000,0.000,0.000,1.000,0,0,0,10,10,0,0,10,0.0,0.0,0.0,0.0,0.0,1.0,-1
"F[0,2](((Calcium < 7.872 & Potassium < 1.798) & Magnesium < 0.756) & Phosphate < 2.133)
",-9999999.000,-9999999.000,0.000,0.000,1.000,0,0,0,10,10,0,0,10,0.0,0.0,0.0,0.0,0.0,1.0,-1
"F[0,2]((Phosphate >= 0.153 & Magnesium > 0.086) -> Calcium < 4.312)
",-9999999.000,-9999999.000,0.000,0.000,1.000,0,0,0,10,10,0,0,10,0.0,0.0,0.0,0.0,0.0,1.0,-1
"F[1,2](Hgb <= 1.675 | Hct <= 18.262)
",-9999999.000,-9999999.000,0.000,0.000,1.000,0,0,0,10,10,0,0,10,0.0,0.0,0.0,0.0,0.0,1.0,-1
"F[0,2](((Calcium < 0.852 & Potassium < 2.586) & Magnesium < 0.245) & Phosphate < 2.954)
",-9999999.000,-9999999.000,0.000,0.000,1.000,0,0,0,10,10,0,0,10,0.0,0.0,0.0,0.0,0.0,1.0,-1
"F[0,2]((Phosphate >= 0.008 & Magnesium > 0.033) -> Calcium < 2.036)
",-9999999.000,-9999999.000,0.000,0.000,1.000,0,0,0,10,10,0,0,10,0.0,0.0,0.0,0.0,0.0,1.0,-1
"F[0,1](Hgb <= 2.904 | Hct <= 39.610)
",-9999999.000,-9999999.000,0.000,0.000,1.000,0,0,0,10,10,0,0,10,0.0,0.0,0.0,0.0,0.0,1.0,-1
"F[0,2](((Calcium < 9.530 & Potassium < 2.287) & Magnesium < 0.369) & Phosphate < 2.613)
",-9999999.000,-9999999.000,0.000,0.000,1.000,0,0,0,10,10,0,0,10,0.0,0.0,0.0,0.0,0.0,1.0,-1
"F[0,2]((Phosphate >= 0.027 & Magnesium > 0.021) -> Calcium < 3.121)
",-9999999.000,-9999999.000,0.000,0.000,1.000,0,0,0,10,10,0,0,10,0.0,0.0,0.0,0.0,0.0,1.0,-1
"F[2,2](Hgb <= 11.564 | Hct <= 35.411)
",35.411,35.411,0.000,0.000,1.000,0,0,0,10,10,0,0,10,0.0,0.0,0.0,0.0,0.0,1.0,-1
"F[0,2]((Calcium <= 6.607 & Potassium <= 2.103) & Magnesium >= 0.025)
",-9999999.000,-9999999.000,0.000,0.000,1.000,0,0,0,10,10,0,0,10,0.0,0.0,0.0,0.0,0.0,1.0,-1
"F[1,2](((Calcium < 3.115 & Potassium < 2.522) & Magnesium < 0.804) & Phosphate < 1.100)
",-9999999.000,-9999999.000,0.000,0.000,1.000,0,0,0,10,10,0,0,10,0.0,0.0,0.0,0.0,0.0,1.0,-1
"F[0,1]((Phosphate >= 0.016 & Magnesium > 0.050) -> Calcium < 1.556)
",-9999999.000,-9999999.000,0.000,0.000,1.000,0,0,0,10,10,0,0,10,0.0,0.0,0.0,0.0,0.0,1.0,-1
"((MAP >= 25.959) U[1,2] (SBP <= 113.330))
",-9999999.000,-9999999.000,0.000,0.000,1.000,0,0,0,10,10,0,0,10,0.0,0.0,0.0,0.0,0.0,1.0,-1
"F[2,2]((Calcium <= 9.292 & Potassium <= 0.857) & Magnesium >= 0.091)
",-6547308260497806.000,-0.091,0.000,0.000,1.000,0,0,0,10,10,0,0,10,0.0,0.0,0.0,0.0,0.0,1.0,-1
"F[0,1](((Calcium < 8.853 & Potassium < 1.241) & Magnesium < 0.995) & Phosphate < 1.114)
",-9999999.000,-9999999.000,0.000,0.000,1.000,0,0,0,10,10,0,0,10,0.0,0.0,0.0,0.0,0.0,1.0,-1
"F[0,2]((Phosphate >= 0.008 & Magnesium > 0.084) -> Calcium < 9.227)
",-9999999.000,-9999999.000,0.000,0.000,1.000,0,0,0,10,10,0,0,10,0.0,0.0,0.0,0.0,0.0,1.0,-1
"((MAP >= 10.713) U[0,2] (SBP <= 119.718))
",-9999999.000,-9999999.000,0.000,0.000,1.000,0,0,0,10,10,0,0,10,0.0,0.0,0.0,0.0,0.0,1.0,-1
"F[2,2]((Calcium <= 4.412 & Potassium <= 0.666) & Magnesium >= 0.038)
",-0.038,-0.038,0.000,0.000,1.000,0,0,0,10,10,0,0,10,0.0,0.0,0.0,0.0,0.0,1.0,-1
"F[0,2](((O2Sat >= 43.243 | HR <= 99.360) -> HR <= 120.015) | Bilirubin_direct >= 18.782)
",-9999999.000,-9999999.000,0.000,0.000,1.000,0,0,0,10,10,0,0,10,0.0,0.0,0.0,0.0,0.0,1.0,-1
"F[1,2](BaseExcess > 0.000 & SepsisLabel = 0.000)
",-9999999.000,-9999999.000,0.000,0.000,1.000,0,0,0,10,10,0,0,10,0.0,0.0,0.0,0.0,0.0,1.0,-1
"((DBP <= 0.000) U[0,2] (SepsisLabel = 0.000))
",-9999999.000,-9999999.000,0.000,0.000,1.000,0,0,0,10,10,0,0,10,0.0,0.0,0.0,0.0,0.0,1.0,-1
"((HR > 40.731) U[0,2] (SepsisLabel = 0.000))
",-9999999.000,-9999999.000,0.000,0.000,1.000,0,0,0,10,10,0,0,10,0.0,0.0,0.0,0.0,0.0,1.0,-1
"F[0,2](((Calcium < 2.534 & Potassium < 2.563) & Magnesium < 1.142) & Phosphate < 1.661)
",-9999999.000,-9999999.000,0.000,0.000,1.000,0,0,0,10,10,0,0,10,0.0,0.0,0.0,0.0,0.0,1.0,-1
"F[2,2](Hgb <= 12.013 | Hct <= 8.989)
",6762517771377486.000,12.013,0.000,0.000,1.000,0,0,0,10,10,0,0,10,0.0,0.0,0.0,0.0,0.0,1.0,-1
"((MAP >= 61.434) U[0,2] (SBP <= 129.907))
",-9999999.000,-9999999.000,0.000,0.000,1.000,0,0,0,10,10,0,0,10,0.0,0.0,0.0,0.0,0.0,1.0,-1
"F[1,2](((Phosphate <= 0.164 -> BUN <= 7.544) | O2Sat <= 4.021) -> PaCO2 <= 1.089)
",-9999999.000,-9999999.000,0.000,0.000,1.000,0,0,0,10,10,0,0,10,0.0,0.0,0.0,0.0,0.0,1.0,-1
"F[1,1](((HR >= 78.067 | EtCO2 >= 0.000) | Bilirubin_total >= 0.000) | pH >= 0.000)
",0.000,0.000,0.000,0.000,1.000,0,0,0,10,10,0,0,10,0.0,0.0,0.0,0.0,0.0,1.0,-1
"F[0,1](((HR >= 87.290 & Calcium >= 0.242) & HCO3 >= 0.099) -> Phosphate >= 0.141)
",-9999999.000,-9999999.000,0.000,0.000,1.000,0,0,0,10,10,0,0,10,0.0,0.0,0.0,0.0,0.0,1.0,-1
"F[0,0]((SepsisLabel <= 0.000 -> BUN <= 2.198) | O2Sat <= 7.906)
",-0.392,-1.188,0.000,0.000,1.000,0,0,0,10,10,0,0,10,0.0,0.0,0.0,0.0,0.0,1.0,-1
"((Hgb >= 0.463) U[0,1] (SaO2 <= 0.000))
",-9999999.000,-9999999.000,0.000,0.000,1.000,0,0,0,10,10,0,0,10,0.0,0.0,0.0,0.0,0.0,1.0,-1
"F[0,0](Glucose <= 177.352 | Magnesium <= 1.852)
",6240009261969654.000,177.352,0.000,0.000,1.000,0,0,0,10,10,0,0,10,0.0,0.0,0.0,0.0,0.0,1.0,-1
"F[0,2](O2Sat <= 87.511 | AST <= 0.000)
",-9999999.000,-9999999.000,0.000,0.000,1.000,0,0,0,10,10,0,0,10,0.0,0.0,0.0,0.0,0.0,1.0,-1
"F[0,1](((Chloride <= 50.833 -> BaseExcess <= 0.000) -> Bilirubin_total <= 0.000) | DBP >= 0.000)
",-9999999.000,-9999999.000,0.000,0.000,1.000,0,0,0,10,10,0,0,10,0.0,0.0,0.0,0.0,0.0,1.0,-1
"F[0,2](Phosphate <= 0.604 & SepsisLabel >= 0.000)
",-9999999.000,-9999999.000,0.000,0.000,1.000,0,0,0,10,10,0,0,10,0.0,0.0,0.0,0.0,0.0,1.0,-1
"F[0,2](((Phosphate <= 1.755 -> O2Sat >= 15.883) & Fibrinogen >= 40.215) & Phosphate >= 57.519)
",-9999999.000,-9999999.000,0.000,0.000,1.000,0,0,0,10,10,0,0,10,0.0,0.0,0.0,0.0,0.0,1.0,-1
"((Bilirubin_direct <= 0.000) U[1,2] (TroponinI >= 0.000))
",-9999999.000,-9999999.000,0.000,0.000,1.000,0,0,0,10,10,0,0,10,0.0,0.0,0.0,0.0,0.0,1.0,-1
"F[1,2](SaO2 <= 0.000 | AST <= 0.000)
",-9999999.000,-9999999.000,0.000,0.000,1.000,0,0,0,10,10,0,0,10,0.0,0.0,0.0,0.0,0.0,1.0,-1
"((pH <= 0.000) U[0,1] (Alkalinephos <= 0.000))
",-9999999.000,-9999999.000,0.000,0.000,1.000,0,0,0,10,10,0,0,10,0.0,0.0,0.0,0.0,0.0,1.0,-1
"F[0,1](O2Sat <= 99.047 -> Platelets <= 128.769)
",-9999999.000,-9999999.000,0.000,0.000,1.000,0,0,0,10,10,0,0,10,0.0,0.0,0.0,0.0,0.0,1.0,-1
"((EtCO2 <= 0.000) U[0,1] (BaseExcess >= 0.000))
",-9999999.000,-9999999.000,0.000,0.000,1.000,0,0,0,10,10,0,0,10,0.0,0.0,0.0,0.0,0.0,1.0,-1
"F[1,2]((Phosphate >= 0.064 & Magnesium > 0.023) -> Calcium < 8.134)
",-9999999.000,-9999999.000,0.000,0.000,1.000,0,0,0,10,10,0,0,10,0.0,0.0,0.0,0.0,0.0,1.0,-1
"F[0,0]((Hct >= 2.021 & SBP <= 128.342) -> Bilirubin_total >= 13.318)
",2.021,2.021,0.000,0.000,1.000,0,0,0,10,10,0,0,10,0.0,0.0,0.0,0.0,0.0,1.0,-1
"((Phosphate <= 0.186) U[2,2] (SBP >= 105.277))
",6699967527241274.000,0.186,0.000,0.000,1.000,0,0,0,10,10,0,0,10,0.0,0.0,0.0,0.0,0.0,1.0,-1
"((PTT >= 0.668) U[0,1] (SBP >= 34.936))
",-9999999.000,-9999999.000,0.000,0.000,1.000,0,0,0,10,10,0,0,10,0.0,0.0,0.0,0.0,0.0,1.0,-1
"F[0,1](Hgb <= 7.721 | Hct <= 3.866)
",-9999999.000,-9999999.000,0.000,0.000,1.000,0,0,0,10,10,0,0,10,0.0,0.0,0.0,0.0,0.0,1.0,-1
"F[0,2](((Calcium < 9.184 & Potassium < 1.491) & Magnesium < 1.978) & Phosphate < 2.899)
",-9999999.000,-9999999.000,0.000,0.000,1.000,0,0,0,10,10,0,0,10,0.0,0.0,0.0,0.0,0.0,1.0,-1
"F[1,2]((Phosphate >= 0.085 & Magnesium > 0.073) -> Calcium < 2.989)
",-9999999.000,-9999999.000,0.000,0.000,1.000,0,0,0,10,10,0,0,10,0.0,0.0,0.0,0.0,0.0,1.0,-1
"((MAP >= 27.364) U[1,2] (SBP <= 120.992))
",-9999999.000,-9999999.000,0.000,0.000,1.000,0,0,0,10,10,0,0,10,0.0,0.0,0.0,0.0,0.0,1.0,-1
"F[0,1](Hgb <= 9.399 | Hct <= 40.841)
",-9999999.000,-9999999.000,0.000,0.000,1.000,0,0,0,10,10,0,0,10,0.0,0.0,0.0,0.0,0.0,1.0,-1
"F[0,1](((Calcium < 8.713 & Potassium < 3.584) & Magnesium < 1.340) & Phosphate < 1.069)
",-9999999.000,-9999999.000,0.000,0.000,1.000,0,0,0,10,10,0,0,10,0.0,0.0,0.0,0.0,0.0,1.0,-1
"F[2,2]((Phosphate >= 0.112 & Magnesium > 0.072) -> Calcium < 8.567)
",-8.567,-8.567,0.000,0.000,1.000,0,0,0,10,10,0,0,10,0.0,0.0,0.0,0.0,0.0,1.0,-1
"F[0,0](Hgb <= 14.387 | Hct <= 39.533)
",5563740755552595.000,39.533,0.000,0.000,1.000,0,0,0,10,10,0,0,10,0.0,0.0,0.0,0.0,0.0,1.0,-1
"F[1,2]((Calcium <= 9.097 & Potassium <= 0.372) & Magnesium >= 0.019)
",-9999999.000,-9999999.000,0.000,0.000,1.000,0,0,0,10,10,0,0,10,0.0,0.0,0.0,0.0,0.0,1.0,-1
"F[0,1](((Calcium < 1.657 & Potassium < 2.452) & Magnesium < 1.953) & Phosphate < 0.159)
",-9999999.000,-9999999.000,0.000,0.000,1.000,0,0,0,10,10,0,0,10,0.0,0.0,0.0,0.0,0.0,1.0,-1
"F[0,2]((Hct <= 23.224 | Magnesium >= 0.005) & DBP >= 0.040)
",-9999999.000,-9999999.000,0.000,0.000,1.000,0,0,0,10,10,0,0,10,0.0,0.0,0.0,0.0,0.0,1.0,-1
"F[0,1]((Bilirubin_total <= 0.000 & PaCO2 <= 0.000) & PaCO2 <= 0.000)
",-9999999.000,-9999999.000,0.000,0.000,1.000,0,0,0,10,10,0,0,10,0.0,0.0,0.0,0.0,0.0,1.0,-1
"F[0,2]((Potassium <= 1.809 & SepsisLabel <= 0.000) -> SBP <= 0.000)
",-9999999.000,-9999999.000,0.000,0.000,1.000,0,0,0,10,10,0,0,10,0.0,0.0,0.0,0.0,0.0,1.0,-1
"G[0,1](Chloride >= 1.312 & HCO3 >= 0.040)
",9999999.000,9999999.000,0.000,1.000,0.000,0,0,0,10,10,0,0,10,0.0,0.0,0.0,0.0,0.0,1.0,1
"G[1,2](HCO3 <= 16.163 | PTT >= 1.022)
",9999999.000,9999999.000,0.000,1.000,0.000,0,0,10,0,0,10,10,0,0.0,0.0,1.0,0.0,0.0,1.0,1
"G[1,2]((pH >= 0.000 -> HCO3 <= 10.903) -> PaCO2 <= 24.943)
",9999999.000,9999999.000,0.000,1.000,0.000,0,0,10,0,0,10,10,0,0.0,0.0,1.0,0.0,0.0,1.0,1
"G[0,2](Resp >= 6.586 | HCO3 >= 0.112)
",9999999.000,9999999.000,0.000,1.000,0.000,0,0,8,2,2,8,8,2,0.0,0.0,1.0,0.0,0.0,1.0,1
"G[0,1](WBC >= 0.372 & BaseExcess <= 0.000)
",9999999.000,9999999.000,0.000,1.000,0.000,0,0,0,10,10,0,0,10,0.0,0.0,0.0,0.0,0.0,1.0,1
"G[1,2](Creatinine >= 0.019 & Glucose <= 75.450)
",9999999.000,9999999.000,0.000,1.000,0.000,0,0,0,10,10,0,0,10,0.0,0.0,0.0,0.0,0.0,1.0,1
"G[0,2](((MAP >= 45.866 & Chloride >= 4.930) & PTT <= 17.579) | Potassium <= 81.998)
",9999999.000,9999999.000,0.000,1.000,0.000,0,0,10,0,0,10,10,0,0.0,0.0,1.0,0.0,0.0,1.0,1
"G[0,2](((MAP <= 72.253 -> PaCO2 <= 0.000) | WBC <= 0.000) -> Creatinine <= 0.000)
",9999999.000,9999999.000,0.000,1.000,0.000,0,0,9,1,1,9,9,1,0.0,0.0,1.0,0.0,0.0,1.0,1
"G[0,2](((Magnesium >= 0.035 | Resp <= 15.560) & Hct <= 17.296) & Lactate >= 0.675)
",9999999.000,9999999.000,0.000,1.000,0.000,0,0,0,10,10,0,0,10,0.0,0.0,0.0,0.0,0.0,1.0,1
"G[1,2](Hct >= 1.071 & pH <= 0.000)
",9999999.000,9999999.000,0.000,1.000,0.000,0,0,1,9,9,1,1,9,0.0,0.0,1.0,0.0,0.0,1.0,1
"G[1,2](PaCO2 <= 0.000 & Calcium <= 8.460)
",9999999.000,9999999.000,0.000,1.000,0.000,0,0,9,1,1,9,9,1,0.0,0.0,1.0,0.0,0.0,1.0,1
"G[1,2]((HR >= 83.043 & Calcium >= 0.425) & Temp <= 7.724)
",9999999.000,9999999.000,0.000,1.000,0.000,0,0,1,9,9,1,1,9,0.0,0.0,1.0,0.0,0.0,1.0,1
"G[0,2](((Chloride >= 0.561 | SBP <= 131.356) -> BUN >= 107.876) & DBP <= 118.667)
",9999999.000,9999999.000,0.000,1.000,0.000,0,0,2,8,8,2,2,8,0.0,0.0,1.0,0.0,0.0,1.0,1
"G[1,2](FiO2 >= 0.091 | Hct >= 1.292)
",9999999.000,9999999.000,0.000,1.000,0.000,0,0,4,6,6,4,4,6,0.0,0.0,1.0,0.0,0.0,1.0,1
"G[0,2](BUN <= 5.824 & Creatinine >= 0.003)
",9999999.000,9999999.000,0.000,1.000,0.000,0,0,0,10,10,0,0,10,0.0,0.0,0.0,0.0,0.0,1.0,1
"G[1,1](((BUN >= 0.221 -> Resp >= 3.944) & PaCO2 <= 15.973) -> SaO2 >= 0.717)
",-0.221,-0.221,0.000,1.000,0.000,0,0,0,10,10,0,0,10,0.0,0.0,0.0,0.0,0.0,1.0,1
"G[0,1](((Hgb <= 8.994 | Hct <= 16.958) -> WBC >= 0.251) & Platelets >= 7.973)
",9999999.000,9999999.000,0.000,1.000,0.000,0,0,0,10,10,0,0,10,0.0,0.0,0.0,0.0,0.0,1.0,1
"G[2,2](Platelets <= 112.043 -> WBC >= 0.226)
",-112.043,-112.043,0.000,1.000,0.000,0,0,10,0,0,10,10,0,0.0,0.0,1.0,0.0,0.0,1.0,1
"G[0,1](Chloride >= 2.450 & HCO3 >= 0.773)
",9999999.000,9999999.000,0.000,1.000,0.000,0,0,0,10,10,0,0,10,0.0,0.0,0.0,0.0,0.0,1.0,1
"G[1,2](BUN <= 6.127 & Creatinine >= 0.048)
",9999999.000,9999999.000,0.000,1.000,0.000,0,0,0,10,10,0,0,10,0.0,0.0,0.0,0.0,0.0,1.0,1
"G[0,2](((Hgb <= 2.001 | Hct <= 3.546) -> WBC >= 0.228) & Platelets >= 8.440)
",9999999.000,9999999.000,0.000,1.000,0.000,0,0,0,10,10,0,0,10,0.0,0.0,0.0,0.0,0.0,1.0,1
"G[0,2](Platelets <= 43.201 -> WBC >= 0.023)
",9999999.000,9999999.000,0.000,1.000,0.000,0,0,0,10,10,0,0,10,0.0,0.0,0.0,0.0,0.0,1.0,1
"G[0,0](Chloride >= 1.268 & HCO3 >= 0.432)
",-4.725,-1.184,0.000,1.000,0.000,0,0,0,10,10,0,0,10,0.0,0.0,0.0,0.0,0.0,1.0,1
"G[0,1](BUN <= 0.966 & Creatinine >= 0.018)
",9999999.000,9999999.000,0.000,1.000,0.000,0,0,0,10,10,0,0,10,0.0,0.0,0.0,0.0,0.0,1.0,1
"G[0,2](((Hgb <= 12.109 | Hct <= 13.819) -> WBC >= 0.137) & Platelets >= 5.347)
",9999999.000,9999999.000,0.000,1.000,0.000,0,0,0,10,10,0,0,10,0.0,0.0,0.0,0.0,0.0,1.0,1
"G[0,2](Chloride >= 2.949 & HCO3 >= 0.488)
",9999999.000,9999999.000,0.000,1.000,0.000,0,0,0,10,10,0,0,10,0.0,0.0,0.0,0.0,0.0,1.0,1
"G[0,1](BUN <= 7.985 & Creatinine >= 0.024)
",9999999.000,9999999.000,0.000,1.000,0.000,0,0,0,10,10,0,0,10,0.0,0.0,0.0,0.0,0.0,1.0,1
"G[0,2](((Hgb <= 13.265 | Hct <= 9.813) -> WBC >= 0.227) & Platelets >= 4.885)
",9999999.000,9999999.000,0.000,1.000,0.000,0,0,0,10,10,0,0,10,0.0,0.0,0.0,0.0,0.0,1.0,1
"G[0,0](Chloride >= 5.243 & HCO3 >= 0.786)
",-3.588,-4.797,0.000,1.000,0.000,0,0,0,10,10,0,0,10,0.0,0.0,0.0,0.0,0.0,1.0,1
"G[2,2](((EtCO2 <= 0.000 | FiO2 <= 0.545) -> TroponinI <= 0.854) -> Alkalinephos >= 0.032)
",0.032,0.032,0.000,1.000,0.000,0,0,10,0,0,10,10,0,0.0,0.0,1.0,0.0,0.0,1.0,1
"G[1,2]((HCO3 >= 0.107 & Potassium >= 0.030) | O2Sat <= 2.849)
",9999999.000,9999999.000,0.000,1.000,0.000,0,0,2,8,8,2,2,8,0.0,0.0,1.0,0.0,0.0,1.0,1
"G[1,2](((SaO2 >= 0.000 | Lactate <= 0.000) | Calcium >= 0.000) | TroponinI <= 0.000)
",9999999.000,9999999.000,0.000,1.000,0.000,0,0,10,0,0,10,10,0,0.0,0.0,1.0,0.0,0.0,1.0,1
"G[0,1](Platelets <= 23.267 -> WBC >= 0.036)
",9999999.000,9999999.000,0.000,1.000,0.000,0,0,0,10,10,0,0,10,0.0,0.0,0.0,0.0,0.0,1.0,1
"G[1,1]((FiO2 >= 0.097 | HR >= 38.984) & Bilirubin_total >= 54.169)
",-7623618099355338.000,-54.169,0.000,1.000,0.000,0,0,0,10,10,0,0,10,0.0,0.0,0.0,0.0,0.0,1.0,1
"G[1,2](MAP >= 1.997 -> Phosphate <= 2.897)
",9999999.000,9999999.000,0.000,1.000,0.000,0,0,9,1,1,9,9,1,0.0,0.0,1.0,0.0,0.0,1.0,1
"G[2,2](((Hct >= 0.552 -> MAP <= 68.558) & MAP >= 18.432) & SepsisLabel <= 74.452)
",-68.558,-68.558,0.000,1.000,0.000,0,0,10,0,0,10,10,0,0.0,0.0,1.0,0.0,0.0,1.0,1
"G[0,2]((MAP >= 3.691 | Potassium <= 3.644) & BUN >= 0.131)
",9999999.000,9999999.000,0.000,1.000,0.000,0,0,0,10,10,0,0,10,0.0,0.0,0.0,0.0,0.0,1.0,1
"G[2,2](((Hgb >= 0.644 | Temp <= 34.998) & HCO3 >= 5.259) | EtCO2 >= 2.907)
",-2.907,-2.907,0.000,1.000,0.000,0,0,10,0,0,10,10,0,0.0,0.0,1.0,0.0,0.0,1.0,1
"G[0,2](((Hct <= 14.935 & Temp >= 1.956) & Resp <= 30.894) | TroponinI <= 34.973)
",9999999.000,9999999.000,0.000,1.000,0.000,0,0,10,0,0,10,10,0,0.0,0.0,1.0,0.0,0.0,1.0,1
"G[1,2](Potassium >= 0.073 -> Temp <= 14.593)
",9999999.000,9999999.000,0.000,1.000,0.000,0,0,10,0,0,10,10,0,0.0,0.0,1.0,0.0,0.0,1.0,1
"G[2,2](((HR <= 126.716 -> PTT >= 0.688) & WBC <= 12.118) | AST >= 1.046)
",-1.046,-1.046,0.000,1.000,0.000,0,0,10,0,0,10,10,0,0.0,0.0,1.0,0.0,0.0,1.0,1
"G[0,2]((Creatinine >= 0.002 | HR <= 90.854) | Fibrinogen <= 111.311)
",9999999.000,9999999.000,0.000,1.000,0.000,0,0,10,0,0,10,10,0,0.0,0.0,1.0,0.0,0.0,1.0,1
"G[0,2]((Calcium <= 0.682 -> O2Sat >= 59.488) -> Phosphate <= 91.100)
",9999999.000,9999999.000,0.000,1.000,0.000,0,0,10,0,0,10,10,0,0.0,0.0,1.0,0.0,0.0,1.0,1
"G[0,2](((Glucose <= 39.900 & O2Sat >= 10.724) & pH <= 91.929) & BaseExcess <= 90.522)
",9999999.000,9999999.000,0.000,1.000,0.000,0,0,7,3,3,7,7,3,0.0,0.0,1.0,0.0,0.0,1.0,1
"G[1,2](((O2Sat <= 98.946 | PaCO2 >= 0.000) & MAP >= 0.000) -> Phosphate <= 0.000)
",9999999.000,9999999.000,0.000,1.000,0.000,0,0,9,1,1,9,9,1,0.0,0.0,1.0,0.0,0.0,1.0,1
"G[2,2](O2Sat <= 99.054 & WBC <= 0.790)
",0.790,0.790,0.000,1.000,0.000,0,0,10,0,0,10,10,0,0.0,0.0,1.0,0.0,0.0,1.0,1
"G[0,2]((Calcium >= 0.410 & Potassium <= 0.320) -> Fibrinogen <= 0.202)
",9999999.000,9999999.000,0.000,1.000,0.000,0,0,10,0,0,10,10,0,0.0,0.0,1.0,0.0,0.0,1.0,1
"G[2,2]((pH >= 0.000 | Phosphate <= 1.798) | Phosphate >= 0.033)
",8095676254487394.000,1.798,0.000,1.000,0.000,0,0,10,0,0,10,10,0,0.0,0.0,1.0,0.0,0.0,1.0,1
"G[1,2]((SepsisLabel >= 0.000 -> FiO2 >= 0.035) | TroponinI <= 0.576)
",9999999.000,9999999.000,0.000,1.000,0.000,0,0,10,0,0,10,10,0,0.0,0.0,1.0,0.0,0.0,1.0,1
"G[1,2](Bilirubin_total >= 0.000 | BUN <= 3.221)
",9999999.000,9999999.000,0.000,1.000,0.000,0,0,10,0,0,10,10,0,0.0,0.0,1.0,0.0,0.0,1.0,1
"G[0,2](((EtCO2 >= 0.000 & Hgb <= 4.576) -> TroponinI <= 10.619) -> Calcium <= 7.647)
",9999999.000,9999999.000,0.000,1.000,0.000,0,0,9,1,1,9,9,1,0.0,0.0,1.0,0.0,0.0,1.0,1
"G[0,2](Alkalinephos >= 0.000 -> AST >= 0.000)
",9999999.000,9999999.000,0.000,1.000,0.000,0,0,10,0,0,10,10,0,0.0,0.0,1.0,0.0,0.0,1.0,1
"G[1,2](((SBP >= 90.458 | Resp >= 4.932) | O2Sat >= 0.871) -> Magnesium <= 15.680)
",9999999.000,9999999.000,0.000,1.000,0.000,0,0,10,0,0,10,10,0,0.0,0.0,1.0,0.0,0.0,1.0,1
"G[0,2](((PTT <= 8.827 | pH <= 0.000) | Alkalinephos <= 0.000) & Calcium >= 0.000)
",9999999.000,9999999.000,0.000,1.000,0.000,0,0,10,0,0,10,10,0,0.0,0.0,1.0,0.0,0.0,1.0,1
"G[0,2](((Magnesium <= 0.286 -> Hgb >= 0.255) & Hct >= 0.266) | Bilirubin_direct >= 0.258)
",9999999.000,9999999.000,0.000,1.000,0.000,0,0,0,10,10,0,0,10,0.0,0.0,0.0,0.0,0.0,1.0,1
"G[0,2](Fibrinogen <= 0.000 | Hct >= 0.377)
",9999999.000,9999999.000,0.000,1.000,0.000,0,0,10,0,0,10,10,0,0.0,0.0,1.0,0.0,0.0,1.0,1
"G[0,1]((DBP <= 0.000 & Platelets <= 60.721) & Glucose >= 3.203)
",9999999.000,9999999.000,0.000,1.000,0.000,0,0,0,10,10,0,0,10,0.0,0.0,0.0,0.0,0.0,1.0,1
"G[0,2](PTT >= 0.156 -> TroponinI <= 0.000)
",9999999.000,9999999.000,0.000,1.000,0.000,0,0,10,0,0,10,10,0,0.0,0.0,1.0,0.0,0.0,1.0,1
"G[1,2]((PaCO2 <= 0.000 -> Temp <= 36.724) | Fibrinogen >= 4.233)
",9999999.000,9999999.000,0.000,1.000,0.000,0,0,8,2,2,8,8,2,0.0,0.0,1.0,0.0,0.0,1.0,1
"G[1,2](((Creatinine >= 0.019 | Chloride <= 33.828) | Bilirubin_total <= 103.040) -> AST <= 63.889)
",9999999.000,9999999.000,0.000,1.000,0.000,0,0,10,0,0,10,10,0,0.0,0.0,1.0,0.0,0.0,1.0,1
"G[1,2](BUN <= 9.306 & Creatinine >= 0.046)
",9999999.000,9999999.000,0.000,1.000,0.000,0,0,0,10,10,0,0,10,0.0,0.0,0.0,0.0,0.0,1.0,1
"G[1,2](((Hgb <= 1.534 | Hct <= 9.623) -> WBC >= 0.437) & Platelets >= 4.334)
",9999999.000,9999999.000,0.000,1.000,0.000,0,0,1,9,9,1,1,9,0.0,0.0,1.0,0.0,0.0,1.0,1
"G[1,2](Platelets <= 11.019 -> WBC >= 0.276)
",9999999.000,9999999.000,0.000,1.000,0.000,0,0,1,9,9,1,1,9,0.0,0.0,1.0,0.0,0.0,1.0,1
"G[0,1](BUN <= 7.428 & Creatinine >= 0.033)
",9999999.000,9999999.000,0.000,1.000,0.000,0,0,0,10,10,0,0,10,0.0,0.0,0.0,0.0,0.0,1.0,1
"G[1,2](Platelets <= 95.753 -> WBC >= 0.449)
",9999999.000,9999999.000,0.000,1.000,0.000,0,0,1,9,9,1,1,9,0.0,0.0,1.0,0.0,0.0,1.0,1
"G[0,1](BUN <= 0.978 & Creatinine >= 0.037)
",9999999.000,9999999.000,0.000,1.000,0.000,0,0,0,10,10,0,0,10,0.0,0.0,0.0,0.0,0.0,1.0,1
"G[2,2](((Hgb <= 6.202 | Hct <= 4.137) -> WBC >= 0.298) & Platelets >= 1.994)
",-6.202,-6.202,0.000,1.000,0.000,0,0,10,0,0,10,10,0,0.0,0.0,1.0,0.0,0.0,1.0,1
"G[1,2](Platelets <= 39.612 -> WBC >= 0.475)
",9999999.000,9999999.000,0.000,1.000,0.000,0,0,1,9,9,1,1,9,0.0,0.0,1.0,0.0,0.0,1.0,1
"G[1,2](BUN <= 4.344 & Creatinine >= 0.019)
",9999999.000,9999999.000,0.000,1.000,0.000,0,0,0,10,10,0,0,10,0.0,0.0,0.0,0.0,0.0,1.0,1
"G[0,2](HCO3 >= 1.401 | SBP <= 135.398)
",9999999.000,9999999.000,0.000,1.000,0.000,0,0,6,4,4,6,6,4,0.0,0.0,1.0,0.0,0.0,1.0,1
"G[1,2](Chloride >= 2.266 & HCO3 >= 1.379)
",9999999.000,9999999.000,0.000,1.000,0.000,0,0,1,9,9,1,1,9,0.0,0.0,1.0,0.0,0.0,1.0,1
"G[0,2](HCO3 <= 19.411 | Alkalinephos <= 0.000)
",9999999.000,9999999.000,0.000,1.000,0.000,0,0,10,0,0,10,10,0,0.0,0.0,1.0,0.0,0.0,1.0,1
"G[1,2]((Platelets >= 5.598 -> DBP <= 0.000) | Fibrinogen >= 0.000)
",9999999.000,9999999.000,0.000,1.000,0.000,0,0,10,0,0,10,10,0,0.0,0.0,1.0,0.0,0.0,1.0,1
"G[0,2](((pH >= 0.000 -> HR >= 8.363) | Temp <= 93.522) -> PaCO2 >= 58.269)
",9999999.000,9999999.000,0.000,1.000,0.000,0,0,0,10,10,0,0,10,0.0,0.0,0.0,0.0,0.0,1.0,1
"G[1,2]((Resp <= 14.399 | BaseExcess <= 0.000) & Hgb >= 0.000)
",9999999.000,9999999.000,0.000,1.000,0.000,0,0,10,0,0,10,10,0,0.0,0.0,1.0,0.0,0.0,1.0,1
"G[0,2](Alkalinephos >= 0.000 & BaseExcess >= 0.000)
",9999999.000,9999999.000,0.000,1.000,0.000,0,0,10,0,0,10,10,0,0.0,0.0,1.0,0.0,0.0,1.0,1
"G[2,2](Phosphate <= 0.839 | Alkalinephos <= 0.000)
",7560583348194578.000,0.839,0.000,1.000,0.000,0,0,10,0,0,10,10,0,0.0,0.0,1.0,0.0,0.0,1.0,1
"G[0,1]((Chloride <= 60.349 & Glucose <= 167.717) -> EtCO2 >= 0.355)
",9999999.000,9999999.000,0.000,1.000,0.000,0,0,0,10,10,0,0,10,0.0,0.0,0.0,0.0,0.0,1.0,1
"G[1,2]((PTT >= 0.811 -> SBP >= 56.897) & BUN >= 45.329)
",9999999.000,9999999.000,0.000,1.000,0.000,0,0,0,10,10,0,0,10,0.0,0.0,0.0,0.0,0.0,1.0,1
"G[2,2](((Resp >= 1.398 | Lactate <= 0.000) | Phosphate >= 0.000) -> Fibrinogen <= 0.000)
",0.000,0.000,0.000,1.000,0.000,0,0,10,0,0,10,10,0,0.0,0.0,1.0,0.0,0.0,1.0,1
"G[1,2](MAP >= 9.836 & O2Sat >= 37.913)
",9999999.000,9999999.000,0.000,1.000,0.000,0,0,8,2,2,8,8,2,0.0,0.0,1.0,0.0,0.0,1.0,1
"G[1,2](((O2Sat >= 51.756 -> Magnesium <= 1.353) -> Chloride >= 0.077) & TroponinI <= 1.596)
",9999999.000,9999999.000,0.000,1.000,0.000,0,0,1,9,9,1,1,9,0.0,0.0,1.0,0.0,0.0,1.0,1
"G[0,2](((WBC >= 0.483 -> Creatinine <= 0.370) & Bilirubin_total <= 0.275) | DBP >= 0.026)
",9999999.000,9999999.000,0.000,1.000,0.000,0,0,9,1,1,9,9,1,0.0,0.0,1.0,0.0,0.0,1.0,1
"G[1,2](((Magnesium >= 0.066 -> BaseExcess >= 0.000) -> BUN <= 0.000) & Glucose <= 0.000)
",9999999.000,9999999.000,0.000,1.000,0.000,0,0,9,1,1,9,9,1,0.0,0.0,1.0,0.0,0.0,1.0,1
"G[0,2](((Temp >= 0.273 -> Magnesium <= 1.280) | Creatinine >= 0.058) | SaO2 <= 0.642)
",9999999.000,9999999.000,0.000,1.000,0.000,0,0,10,0,0,10,10,0,0.0,0.0,1.0,0.0,0.0,1.0,1
"G[0,2](((Phosphate <= 0.769 | Temp >= 6.498) | PTT <= 12.642) & HR >= 4.714)
",9999999.000,9999999.000,0.000,1.000,0.000,0,0,7,3,3,7,7,3,0.0,0.0,1.0,0.0,0.0,1.0,1
"G[1,2](((Magnesium >= 0.046 | DBP >= 0.000) & MAP >= 0.000) | DBP <= 0.000)
",9999999.000,9999999.000,0.000,1.000,0.000,0,0,10,0,0,10,10,0,0.0,0.0,1.0,0.0,0.0,1.0,1
"G[1,2](AST <= 0.000 | MAP <= 78.000)
",9999999.000,9999999.000,0.000,1.000,0.000,0,0,10,0,0,10,10,0,0.0,0.0,1.0,0.0,0.0,1.0,1
"G[2,2]((Hct <= 5.194 | BUN <= 8.080) -> pH <= 0.807)
",-8.080,-8.080,0.000,1.000,0.000,0,0,10,0,0,10,10,0,0.0,0.0,1.0,0.0,0.0,1.0,1
"G[1,2]((PaCO2 <= 0.000 & Bilirubin_total >= 0.000) & Phosphate <= 0.000)
",9999999.000,9999999.000,0.000,1.000,0.000,0,0,9,1,1,9,9,1,0.0,0.0,1.0,0.0,0.0,1.0,1
"G[0,2](EtCO2 <= 0.000 -> EtCO2 >= 0.000)
",9999999.000,9999999.000,0.000,1.000,0.000,0,0,10,0,0,10,10,0,0.0,0.0,1.0,0.0,0.0,1.0,1
"G[0,1](((Hgb <= 2.247 | Hct <= 2.404) -> WBC >= 0.232) & Platelets >= 1.297)
",9999999.000,9999999.000,0.000,1.000,0.000,0,0,0,10,10,0,0,10,0.0,0.0,0.0,0.0,0.0,1.0,1
"G[1,2](Bilirubin_direct <= 0.000 -> SepsisLabel = 0.000)
",9999999.000,9999999.000,0.000,1.000,0.000,0,0,10,0,0,10,10,0,0.0,0.0,1.0,0.0,0.0,1.0,1
"G[0,2](Chloride >= 0.200 & HCO3 >= 0.579)
",9999999.000,9999999.000,0.000,1.000,0.000,0,0,0,10,10,0,0,10,0.0,0.0,0.0,0.0,0.0,1.0,1
"G[1,2](BUN < 6.259 & SepsisLabel = 0.000)
",9999999.000,9999999.000,0.000,1.000,0.000,0,0,9,1,1,9,9,1,0.0,0.0,1.0,0.0,0.0,1.0,1
"G[2,2](BUN <= 5.349 & Creatinine >= 0.024)
",-0.024,-0.024,0.000,1.000,0.000,0,0,10,0,0,10,10,0,0.0,0.0,1.0,0.0,0.0,1.0,1
"G[2,2](((Hgb <= 13.422 | Hct <= 32.223) -> WBC >= 0.130) & Platelets >= 2.378)
",-32.223,-32.223,0.000,1.000,0.000,0,0,10,0,0,10,10,0,0.0,0.0,1.0,0.0,0.0,1.0,1
"G[0,2](Platelets <= 10.065 -> WBC >= 0.195)
",9999999.000,9999999.000,0.000,1.000,0.000,0,0,0,10,10,0,0,10,0.0,0.0,0.0,0.0,0.0,1.0,1
"G[1,2](Chloride >= 4.991 & HCO3 >= 0.319)
",9999999.000,9999999.000,0.000,1.000,0.000,0,0,1,9,9,1,1,9,0.0,0.0,1.0,0.0,0.0,1.0,1
"G[1,1](BUN <= 4.621 & Creatinine >= 0.034)
",-0.034,-0.034,0.000,1.000,0.000,0,0,0,10,10,0,0,10,0.0,0.0,0.0,0.0,0.0,1.0,1
"G[1,2](((Hgb <= 5.367 | Hct <= 26.860) -> WBC >= 0.299) & Platelets >= 3.268)
",9999999.000,9999999.000,0.000,1.000,0.000,0,0,1,9,9,1,1,9,0.0,0.0,1.0,0.0,0.0,1.0,1
"G[0,1](Platelets <= 32.472 -> WBC >= 0.174)
",9999999.000,9999999.000,0.000,1.000,0.000,0,0,0,10,10,0,0,10,0.0,0.0,0.0,0.0,0.0,1.0,1
"G[1,2](((Resp <= 15.692 -> Temp >= 3.615) | EtCO2 <= 13.113) & BUN <= 21.227)
",9999999.000,9999999.000,0.000,1.000,0.000,0,0,10,0,0,10,10,0,0.0,0.0,1.0,0.0,0.0,1.0,1
"G[0,2](((Hgb <= 13.784 | Hct <= 18.702) -> WBC >= 0.055) & Platelets >= 3.292)
",9999999.000,9999999.000,0.000,1.000,0.000,0,0,0,10,10,0,0,10,0.0,0.0,0.0,0.0,0.0,1.0,1
"G[0,1](Chloride >= 2.222 & HCO3 >= 0.007)
",9999999.000,9999999.000,0.000,1.000,0.000,0,0,0,10,10,0,0,10,0.0,0.0,0.0,0.0,0.0,1.0,1
"G[0,2]((FiO2 <= 0.524 & Platelets <= 67.136) & WBC <= 49.999)
",9999999.000,9999999.000,0.000,1.000,0.000,0,0,7,3,3,7,7,3,0.0,0.0,1.0,0.0,0.0,1.0,1
"G[1,2](Chloride >= 3.424 & FiO2 >= 0.145)
",9999999.000,9999999.000,0.000,1.000,0.000,0,0,1,9,9,1,1,9,0.0,0.0,1.0,0.0,0.0,1.0,1
"G[0,2]((FiO2 <= 0.414 & O2Sat >= 46.097) | Alkalinephos >= 49.149)
",9999999.000,9999999.000,0.000,1.000,0.000,0,0,4,6,6,4,4,6,0.0,0.0,1.0,0.0,0.0,1.0,1
"G[2,2](((Resp >= 8.941 | SBP <= 129.994) -> Fibrinogen <= 135.349) | Hct >= 37.082)
",-37.082,-37.082,0.000,1.000,0.000,0,0,10,0,0,10,10,0,0.0,0.0,1.0,0.0,0.0,1.0,1
"G[1,2]((MAP >= 54.062 | Resp >= 0.323) & DBP <= 17.418)
",9999999.000,9999999.000,0.000,1.000,0.000,0,0,9,1,1,9,9,1,0.0,0.0,1.0,0.0,0.0,1.0,1
"G[0,0](BUN <= 0.962 -> Calcium >= 0.257)
",-0.962,-0.962,0.000,1.000,0.000,0,0,0,10,10,0,0,10,0.0,0.0,0.0,0.0,0.0,1.0,1
"G[2,2]((Phosphate >= 0.006 & PTT <= 3.776) & BUN >= 0.471)
",-0.471,-0.471,0.000,1.000,0.000,0,0,10,0,0,10,10,0,0.0,0.0,1.0,0.0,0.0,1.0,1
"G[1,2](Creatinine >= 0.024 -> Glucose >= 2.101)
",9999999.000,9999999.000,0.000,1.000,0.000,0,0,10,0,0,10,10,0,0.0,0.0,1.0,0.0,0.0,1.0,1
"G[2,2](((Platelets >= 7.219 | Potassium <= 1.192) -> FiO2 >= 0.146) | PTT <= 1.355)
",1.355,1.355,0.000,1.000,0.000,0,0,10,0,0,10,10,0,0.0,0.0,1.0,0.0,0.0,1.0,1
"G[0,1](((BUN >= 0.428 | WBC >= 0.225) & BaseExcess <= 6.237) & Lactate <= 4.995)
",9999999.000,9999999.000,0.000,1.000,0.000,0,0,0,10,10,0,0,10,0.0,0.0,0.0,0.0,0.0,1.0,1
"G[0,2](((Glucose <= 178.510 -> Potassium >= 0.150) -> FiO2 >= 0.059) | AST >= 0.100)
",9999999.000,9999999.000,0.000,1.000,0.000,0,0,10,0,0,10,10,0,0.0,0.0,1.0,0.0,0.0,1.0,1
"G[0,1](Chloride >= 3.951 & PTT >= 0.246)
",9999999.000,9999999.000,0.000,1.000,0.000,0,0,0,10,10,0,0,10,0.0,0.0,0.0,0.0,0.0,1.0,1
"G[1,2](Calcium > 0.125 & SepsisLabel = 0.000)
",9999999.000,9999999.000,0.000,1.000,0.000,0,0,1,9,9,1,1,9,0.0,0.0,1.0,0.0,0.0,1.0,1
"G[0,2](Magnesium >= 0.054 -> SepsisLabel = 0.000)
",9999999.000,9999999.000,0.000,1.000,0.000,0,0,10,0,0,10,10,0,0.0,0.0,1.0,0.0,0.0,1.0,1
"G[0,2](Bilirubin_direct > 0.000 & SepsisLabel = 0.000)
",9999999.000,9999999.000,0.000,1.000,0.000,0,0,0,10,10,0,0,10,0.0,0.0,0.0,0.0,0.0,1.0,1
"G[0,2](AST > 0.000 -> SepsisLabel = 0.000)
",9999999.000,9999999.000,0.000,1.000,0.000,0,0,10,0,0,10,10,0,0.0,0.0,1.0,0.0,0.0,1.0,1
"G[1,2](FiO2 < 0.834 -> SepsisLabel = 0.000)
",9999999.000,9999999.000,0.000,1.000,0.000,0,0,10,0,0,10,10,0,0.0,0.0,1.0,0.0,0.0,1.0,1
"G[1,1]((SBP <= 133.192 | Temp <= 26.956) & SaO2 >= 4.977)
",-4.977,-4.977,0.000,1.000,0.000,0,0,0,10,10,0,0,10,0.0,0.0,0.0,0.0,0.0,1.0,1
"G[1,2](Phosphate >= 0.121 -> HCO3 >= 1.336)
",9999999.000,9999999.000,0.000,1.000,0.000,0,0,10,0,0,10,10,0,0.0,0.0,1.0,0.0,0.0,1.0,1
"F[1,1](((Resp >= 3.094 & AST >= 0.000) -> Temp <= 0.000) -> AST <= 0.000)
",0.000,0.000,0.000,0.000,1.000,0,0,0,10,10,0,0,10,0.0,0.0,0.0,0.0,0.0,1.0,-1
"((Calcium <= 5.243) U[1,2] (EtCO2 >= 0.000))
",-9999999.000,-9999999.000,0.000,0.000,1.000,0,0,0,10,10,0,0,10,0.0,0.0,0.0,0.0,0.0,1.0,-1
"F[0,1](((Phosphate <= 2.854 -> Hct >= 0.557) & PTT >= 1.158) -> EtCO2 >= 0.081)
",-9999999.000,-9999999.000,0.000,0.000,1.000,0,0,0,10,10,0,0,10,0.0,0.0,0.0,0.0,0.0,1.0,-1
"F[1,2](SBP <= 114.288 -> Alkalinephos <= 0.000)
",-9999999.000,-9999999.000,0.000,0.000,1.000,0,0,0,10,10,0,0,10,0.0,0.0,0.0,0.0,0.0,1.0,-1
"F[0,0](Hgb <= 0.801 | Hct <= 24.684)
",6947872710483366.000,24.684,0.000,0.000,1.000,0,0,0,10,10,0,0,10,0.0,0.0,0.0,0.0,0.0,1.0,-1
"F[0,2](((BUN >= 0.391 -> Potassium <= 3.597) & Platelets <= 0.977) & HCO3 <= 3.004)
",-9999999.000,-9999999.000,0.000,0.000,1.000,0,0,0,10,10,0,0,10,0.0,0.0,0.0,0.0,0.0,1.0,-1
"((TroponinI >= 0.000) U[0,1] (BUN <= 4.932))
",-9999999.000,-9999999.000,0.000,0.000,1.000,0,0,0,10,10,0,0,10,0.0,0.0,0.0,0.0,0.0,1.0,-1
"F[2,2](((BUN >= 0.493 | TroponinI <= 0.000) | SBP >= 0.000) & FiO2 <= 0.000)
",0.000,0.000,0.000,0.000,1.000,0,0,0,10,10,0,0,10,0.0,0.0,0.0,0.0,0.0,1.0,-1
"((WBC >= 0.355) U[0,1] (BaseExcess >= 0.000))
",-9999999.000,-9999999.000,0.000,0.000,1.000,0,0,0,10,10,0,0,10,0.0,0.0,0.0,0.0,0.0,1.0,-1
"F[1,1]((EtCO2 >= 0.000 | SepsisLabel >= 0.000) & Creatinine >= 0.000)
",0.000,0.000,0.000,0.000,1.000,0,0,0,10,10,0,0,10,0.0,0.0,0.0,0.0,0.0,1.0,-1
"F[1,2]((SBP <= 141.633 -> PaCO2 <= 0.000) -> EtCO2 >= 0.000)
",-9999999.000,-9999999.000,0.000,0.000,1.000,0,0,0,10,10,0,0,10,0.0,0.0,0.0,0.0,0.0,1.0,-1
"((Bilirubin_direct >= 0.000) U[1,2] (Resp <= 14.784))
",-9999999.000,-9999999.000,0.000,0.000,1.000,0,0,0,10,10,0,0,10,0.0,0.0,0.0,0.0,0.0,1.0,-1
"F[2,2](Platelets >= 6.283 | Alkalinephos >= 0.000)
",0.000,0.000,0.000,0.000,1.000,0,0,0,10,10,0,0,10,0.0,0.0,0.0,0.0,0.0,1.0,-1
"F[1,2]((PTT <= 22.180 & Platelets >= 1.340) | Alkalinephos >= 1.507)
",-9999999.000,-9999999.000,0.000,0.000,1.000,0,0,0,10,10,0,0,10,0.0,0.0,0.0,0.0,0.0,1.0,-1
"F[0,2](SepsisLabel >= 0.000 -> EtCO2 >= 0.000)
",-9999999.000,-9999999.000,0.000,0.000,1.000,0,0,0,10,10,0,0,10,0.0,0.0,0.0,0.0,0.0,1.0,-1
"F[2,2](((O2Sat >= 75.443 | Lactate >= 0.000) -> Creatinine <= 0.000) & DBP <= 0.000)
",0.000,0.000,0.000,0.000,1.000,0,0,0,10,10,0,0,10,0.0,0.0,0.0,0.0,0.0,1.0,-1
"G[1,2]((AST >= 0.000 & TroponinI <= 0.000) | HR <= 0.000)
",9999999.000,9999999.000,0.000,1.000,0.000,0,0,10,0,0,10,10,0,0.0,0.0,1.0,0.0,0.0,1.0,1
"F[0,1](((Bilirubin_total <= 0.000 -> SaO2 >= 0.000) | Creatinine <= 0.000) & Potassium >= 0.000)
",-9999999.000,-9999999.000,0.000,0.000,1.000,0,0,0,10,10,0,0,10,0.0,0.0,0.0,0.0,0.0,1.0,-1
"F[1,2](((FiO2 >= 0.116 & Bilirubin_direct <= 0.000) | Creatinine >= 0.000) -> HCO3 <= 0.000)
",-9999999.000,-9999999.000,0.000,0.000,1.000,0,0,0,10,10,0,0,10,0.0,0.0,0.0,0.0,0.0,1.0,-1
"F[0,2](Fibrinogen >= 0.000 & BaseExcess >= 0.000)
",-9999999.000,-9999999.000,0.000,0.000,1.000,0,0,0,10,10,0,0,10,0.0,0.0,0.0,0.0,0.0,1.0,-1
"F[0,0](Phosphate <= 1.063 -> DBP >= 0.000)
",-2.991,-65.556,0.000,0.000,1.000,0,0,0,10,10,0,0,10,0.0,0.0,0.0,0.0,0.0,1.0,-1
"F[0,1](Bilirubin_total <= 0.000 | SBP >= 81.507)
",-9999999.000,-9999999.000,0.000,0.000,1.000,0,0,0,10,10,0,0,10,0.0,0.0,0.0,0.0,0.0,1.0,-1
"((PaCO2 <= 0.000) U[2,2] (SepsisLabel <= 0.000))
",0.000,0.000,0.000,0.000,1.000,0,0,0,10,10,0,0,10,0.0,0.0,0.0,0.0,0.0,1.0,-1
"F[0,2](((Platelets >= 3.694 & SBP <= 127.373) -> Bilirubin_direct <= 114.974) & PaCO2 <= 136.933)
",-9999999.000,-9999999.000,0.000,0.000,1.000,0,0,0,10,10,0,0,10,0.0,0.0,0.0,0.0,0.0,1.0,-1
"F[0,2](Resp <= 15.251 | SBP >= 88.922)
",-9999999.000,-9999999.000,0.000,0.000,1.000,0,0,0,10,10,0,0,10,0.0,0.0,0.0,0.0,0.0,1.0,-1
"G[1,2](Resp >= 10.625 & Platelets <= 11.083)
",9999999.000,9999999.000,0.000,1.000,0.000,0,0,8,2,2,8,8,2,0.0,0.0,1.0,0.0,0.0,1.0,1
"G[1,2]((Hgb <= 13.586 -> MAP <= 75.609) -> Creatinine >= 37.240)
",9999999.000,9999999.000,0.000,1.000,0.000,0,0,3,7,7,3,3,7,0.0,0.0,1.0,0.0,0.0,1.0,1
"G[0,2]((EtCO2 >= 0.000 | Alkalinephos >= 0.000) | Bilirubin_total >= 0.000)
",9999999.000,9999999.000,0.000,1.000,0.000,0,0,10,0,0,10,10,0,0.0,0.0,1.0,0.0,0.0,1.0,1
"G[0,2](((Glucose >= 3.458 -> Resp >= 6.140) & Hgb >= 9.781) | MAP <= 16.580)
",9999999.000,9999999.000,0.000,1.000,0.000,0,0,0,10,10,0,0,10,0.0,0.0,0.0,0.0,0.0,1.0,1
"G[0,1]((Hct <= 35.726 & PTT <= 5.556) & WBC >= 0.330)
",9999999.000,9999999.000,0.000,1.000,0.000,0,0,0,10,10,0,0,10,0.0,0.0,0.0,0.0,0.0,1.0,1
"F[0,1](((Hct <= 16.981 | Resp <= 15.289) & PTT <= 15.054) | Resp >= 11.741)
",-9999999.000,-9999999.000,0.000,0.000,1.000,0,0,0,10,10,0,0,10,0.0,0.0,0.0,0.0,0.0,1.0,-1
"F[0,0]((SepsisLabel <= 0.000 & Bilirubin_total >= 0.000) & Platelets >= 0.000)
",-0.333,-17.300,0.000,0.000,1.000,0,0,0,10,10,0,0,10,0.0,0.0,0.0,0.0,0.0,1.0,-1
"F[0,1](((EtCO2 >= 0.000 -> Resp >= 7.254) -> Fibrinogen <= 17.220) & Alkalinephos <= 17.113)
",-9999999.000,-9999999.000,0.000,0.000,1.000,0,0,0,10,10,0,0,10,0.0,0.0,0.0,0.0,0.0,1.0,-1
"F[1,2](((HCO3 <= 21.650 & HR <= 110.412) | Fibrinogen <= 128.896) & SepsisLabel <= 118.139)
",-9999999.000,-9999999.000,0.000,0.000,1.000,0,0,0,10,10,0,0,10,0.0,0.0,0.0,0.0,0.0,1.0,-1
"F[1,1]((pH >= 0.000 & Hct <= 5.530) | BUN <= 21.948)
",21.948,21.948,0.000,0.000,1.000,0,0,0,10,10,0,0,10,0.0,0.0,0.0,0.0,0.0,1.0,-1
"F[0,0](((pH >= 0.000 & Potassium >= 0.108) | Glucose <= 0.612) -> HCO3 <= 0.927)
",-8349385006047542.000,-0.927,0.000,0.000,1.000,0,0,0,10,10,0,0,10,0.0,0.0,0.0,0.0,0.0,1.0,-1
"F[1,2]((Phosphate <= 0.400 -> SaO2 <= 0.000) | MAP >= 0.000)
",-9999999.000,-9999999.000,0.000,0.000,1.000,0,0,0,10,10,0,0,10,0.0,0.0,0.0,0.0,0.0,1.0,-1
"G[2,2](((Alkalinephos >= 0.000 | Phosphate <= 2.403) | Hgb <= 0.860) -> Resp >= 0.111)
",-2.403,-2.403,0.000,1.000,0.000,0,0,10,0,0,10,10,0,0.0,0.0,1.0,0.0,0.0,1.0,1
"F[0,1]((Phosphate <= 0.234 | Potassium <= 0.378) | Chloride >= 0.100)
",-9999999.000,-9999999.000,0.000,0.000,1.000,0,0,0,10,10,0,0,10,0.0,0.0,0.0,0.0,0.0,1.0,-1
"F[1,2](((Glucose <= 161.612 -> Glucose <= 15.328) -> Resp >= 4.791) -> O2Sat >= 5.555)
",-9999999.000,-9999999.000,0.000,0.000,1.000,0,0,0,10,10,0,0,10,0.0,0.0,0.0,0.0,0.0,1.0,-1
"F[0,1](EtCO2 >= 0.000 & Fibrinogen <= 0.000)
",-9999999.000,-9999999.000,0.000,0.000,1.000,0,0,0,10,10,0,0,10,0.0,0.0,0.0,0.0,0.0,1.0,-1
"F[1,2](((Creatinine >= 0.040 | Glucose <= 21.962) & Platelets <= 112.430) | Bilirubin_direct <= 56.545)
",-9999999.000,-9999999.000,0.000,0.000,1.000,0,0,0,10,10,0,0,10,0.0,0.0,0.0,0.0,0.0,1.0,-1
"F[0,2](((Glucose <= 22.211 -> SBP >= 103.238) | SaO2 <= 120.919) | Calcium >= 96.839)
",-9999999.000,-9999999.000,0.000,0.000,1.000,0,0,0,10,10,0,0,10,0.0,0.0,0.0,0.0,0.0,1.0,-1
"F[0,0]((Lactate >= 0.000 | SaO2 >= 0.000) -> Hct >= 0.000)
",-0.333,-17.900,0.000,0.000,1.000,0,0,0,10,10,0,0,10,0.0,0.0,0.0,0.0,0.0,1.0,-1
"F[0,0](Fibrinogen >= 0.000 & Magnesium <= 0.716)
",0.333,0.072,0.000,0.000,1.000,0,0,0,10,10,0,0,10,0.0,0.0,0.0,0.0,0.0,1.0,-1
"F[1,2](((BaseExcess >= 0.000 -> Alkalinephos <= 0.000) & Bilirubin_direct >= 0.000) & O2Sat >= 0.000)
",-9999999.000,-9999999.000,0.000,0.000,1.000,0,0,0,10,10,0,0,10,0.0,0.0,0.0,0.0,0.0,1.0,-1
"F[1,1]((HCO3 >= 0.677 -> Bilirubin_total >= 0.000) & Calcium >= 0.000)
",0.000,0.000,0.000,0.000,1.000,0,0,0,10,10,0,0,10,0.0,0.0,0.0,0.0,0.0,1.0,-1
"F[1,2](((AST >= 0.000 & Temp <= 32.460) -> O2Sat <= 13.948) & Potassium >= 2.633)
",-9999999.000,-9999999.000,0.000,0.000,1.000,0,0,0,10,10,0,0,10,0.0,0.0,0.0,0.0,0.0,1.0,-1
"F[1,2]((EtCO2 <= 0.000 -> Platelets >= 3.242) -> PaCO2 >= 8.599)
",-9999999.000,-9999999.000,0.000,0.000,1.000,0,0,0,10,10,0,0,10,0.0,0.0,0.0,0.0,0.0,1.0,-1
"((SaO2 >= 0.000) U[0,1] (pH <= 0.000))
",-9999999.000,-9999999.000,0.000,0.000,1.000,0,0,0,10,10,0,0,10,0.0,0.0,0.0,0.0,0.0,1.0,-1
"F[0,1](BaseExcess >= 0.000 & O2Sat >= 11.104)
",-9999999.000,-9999999.000,0.000,0.000,1.000,0,0,0,10,10,0,0,10,0.0,0.0,0.0,0.0,0.0,1.0,-1
"F[0,2]((Hct <= 34.250 & MAP <= 67.789) & Glucose <= 76.038)
",-9999999.000,-9999999.000,0.000,0.000,1.000,0,0,0,10,10,0,0,10,0.0,0.0,0.0,0.0,0.0,1.0,-1
"F[0,2](Potassium <= 0.445 | Temp <= 30.672)
",-9999999.000,-9999999.000,0.000,0.000,1.000,0,0,0,10,10,0,0,10,0.0,0.0,0.0,0.0,0.0,1.0,-1
"F[0,1](((SaO2 <= 0.000 -> TroponinI <= 0.000) & pH <= 0.000) | BaseExcess >= 0.000)
",-9999999.000,-9999999.000,0.000,0.000,1.000,0,0,0,10,10,0,0,10,0.0,0.0,0.0,0.0,0.0,1.0,-1
"((SepsisLabel >= 0.000) U[0,2] (PaCO2 <= 0.000))
",-9999999.000,-9999999.000,0.000,0.000,1.000,0,0,0,10,10,0,0,10,0.0,0.0,0.0,0.0,0.0,1.0,-1
"((Calcium <= 5.717) U[1,2] (SaO2 <= 0.000))
",-9999999.000,-9999999.000,0.000,0.000,1.000,0,0,0,10,10,0,0,10,0.0,0.0,0.0,0.0,0.0,1.0,-1
"F[0,1]((Fibrinogen <= 0.000 & Calcium <= 5.788) -> TroponinI <= 2.763)
",-9999999.000,-9999999.000,0.000,0.000,1.000,0,0,0,10,10,0,0,10,0.0,0.0,0.0,0.0,0.0,1.0,-1
"F[0,0]((BUN >= 0.096 | TroponinI >= 0.000) & Hct <= 0.000)
",0.000,0.000,0.000,0.000,1.000,0,0,0,10,10,0,0,10,0.0,0.0,0.0,0.0,0.0,1.0,-1
"F[0,0]((Chloride >= 3.227 -> Alkalinephos >= 0.000) | WBC <= 0.000)
",-0.333,-1.000,0.000,0.000,1.000,0,0,0,10,10,0,0,10,0.0,0.0,0.0,0.0,0.0,1.0,-1
"F[1,2]((BUN >= 0.222 & SepsisLabel >= 0.000) | BUN >= 0.000)
",-9999999.000,-9999999.000,0.000,0.000,1.000,0,0,0,10,10,0,0,10,0.0,0.0,0.0,0.0,0.0,1.0,-1
"F[1,2]((Calcium <= 0.859 & Temp >= 3.994) & BaseExcess >= 3.950)
",-9999999.000,-9999999.000,0.000,0.000,1.000,0,0,0,10,10,0,0,10,0.0,0.0,0.0,0.0,0.0,1.0,-1
"G[2,2](BUN <= 4.365 & Bilirubin_direct <= 0.000)
",0.000,0.000,0.000,1.000,0.000,0,0,10,0,0,10,10,0,0.0,0.0,1.0,0.0,0.0,1.0,1
"G[1,2]((Phosphate <= 0.854 -> SBP <= 139.086) | HCO3 >= 69.551)
",9999999.000,9999999.000,0.000,1.000,0.000,0,0,8,2,2,8,8,2,0.0,0.0,1.0,0.0,0.0,1.0,1
"G[0,2]((EtCO2 >= 0.000 | SepsisLabel >= 0.000) | Fibrinogen <= 0.000)
",9999999.000,9999999.000,0.000,1.000,0.000,0,0,10,0,0,10,10,0,0.0,0.0,1.0,0.0,0.0,1.0,1
"G[1,2](((Resp <= 15.925 | SaO2 >= 0.000) -> EtCO2 <= 0.000) & Bilirubin_total >= 0.000)
",9999999.000,9999999.000,0.000,1.000,0.000,0,0,10,0,0,10,10,0,0.0,0.0,1.0,0.0,0.0,1.0,1
"G[1,2](((Fibrinogen >= 0.000 & Temp >= 0.683) -> O2Sat <= 18.970) -> EtCO2 >= 3.840)
",9999999.000,9999999.000,0.000,1.000,0.000,0,0,2,8,8,2,2,8,0.0,0.0,1.0,0.0,0.0,1.0,1
"G[0,1]((TroponinI >= 0.000 -> Calcium <= 5.386) & TroponinI >= 0.391)
",9999999.000,9999999.000,0.000,1.000,0.000,0,0,0,10,10,0,0,10,0.0,0.0,0.0,0.0,0.0,1.0,1
"G[1,2](Temp <= 33.633 -> DBP >= 0.000)
",9999999.000,9999999.000,0.000,1.000,0.000,0,0,10,0,0,10,10,0,0.0,0.0,1.0,0.0,0.0,1.0,1
"G[0,2]((HCO3 >= 1.273 & Glucose <= 91.354) | Bilirubin_total <= 36.182)
",9999999.000,9999999.000,0.000,1.000,0.000,0,0,10,0,0,10,10,0,0.0,0.0,1.0,0.0,0.0,1.0,1
"G[0,2](((FiO2 <= 0.164 -> SepsisLabel >= 0.000) | TroponinI >= 0.000) | EtCO2 >= 0.000)
",9999999.000,9999999.000,0.000,1.000,0.000,0,0,10,0,0,10,10,0,0.0,0.0,1.0,0.0,0.0,1.0,1
"G[1,2](((EtCO2 <= 0.000 | Temp >= 2.145) & Bilirubin_total >= 4.552) | EtCO2 >= 1.216)
",9999999.000,9999999.000,0.000,1.000,0.000,0,0,0,10,10,0,0,10,0.0,0.0,0.0,0.0,0.0,1.0,1
"G[2,2]((BUN <= 5.564 | WBC >= 0.499) -> AST <= 6.656)
",-6.656,-6.656,0.000,1.000,0.000,0,0,10,0,0,10,10,0,0.0,0.0,1.0,0.0,0.0,1.0,1
"G[2,2](((Magnesium <= 1.541 | PaCO2 >= 0.000) -> PaCO2 <= 0.000) | Chloride >= 0.000)
",0.000,0.000,0.000,1.000,0.000,0,0,10,0,0,10,10,0,0.0,0.0,1.0,0.0,0.0,1.0,1
"G[0,2]((Calcium >= 0.177 | Phosphate <= 0.884) | pH >= 0.062)
",9999999.000,9999999.000,0.000,1.000,0.000,0,0,10,0,0,10,10,0,0.0,0.0,1.0,0.0,0.0,1.0,1
"G[0,0](((Alkalinephos <= 0.000 | HCO3 >= 0.131) & Hct >= 0.942) | Hgb >= 1.075)
",0.260,3.334,0.000,1.000,0.000,0,0,0,10,10,0,0,10,0.0,0.0,0.0,0.0,0.0,1.0,1
"G[1,2](((BUN >= 0.115 -> Fibrinogen <= 0.000) -> SaO2 >= 0.000) -> Potassium <= 0.000)
",9999999.000,9999999.000,0.000,1.000,0.000,0,0,9,1,1,9,9,1,0.0,0.0,1.0,0.0,0.0,1.0,1
"G[1,2]((Fibrinogen <= 0.000 | Lactate >= 0.000) | Lactate >= 0.000)
",9999999.000,9999999.000,0.000,1.000,0.000,0,0,10,0,0,10,10,0,0.0,0.0,1.0,0.0,0.0,1.0,1
"G[1,2](((Glucose <= 17.834 & Alkalinephos <= 0.000) -> Hct <= 0.000) | SaO2 <= 0.000)
",9999999.000,9999999.000,0.000,1.000,0.000,0,0,10,0,0,10,10,0,0.0,0.0,1.0,0.0,0.0,1.0,1
"G[1,2](((Bilirubin_total <= 0.000 | Alkalinephos <= 0.000) | Platelets >= 0.000) | Glucose >= 0.000)
",9999999.000,9999999.000,0.000,1.000,0.000,0,0,10,0,0,10,10,0,0.0,0.0,1.0,0.0,0.0,1.0,1
"G[1,2](((EtCO2 >= 0.000 & Resp <= 16.041) & Lactate >= 4.863) | EtCO2 <= 14.832)
",9999999.000,9999999.000,0.000,1.000,0.000,0,0,10,0,0,10,10,0,0.0,0.0,1.0,0.0,0.0,1.0,1
"G[0,0]((Temp <= 16.573 & Glucose >= 6.347) & Platelets >= 4.861)
",-1.836,-61.419,0.000,1.000,0.000,0,0,0,10,10,0,0,10,0.0,0.0,0.0,0.0,0.0,1.0,1
"G[0,2]((WBC <= 7.616 | Lactate >= 0.000) -> Phosphate >= 0.000)
",9999999.000,9999999.000,0.000,1.000,0.000,0,0,10,0,0,10,10,0,0.0,0.0,1.0,0.0,0.0,1.0,1
"G[1,2](((Potassium <= 2.270 & Fibrinogen <= 0.000) -> Resp >= 0.000) -> EtCO2 >= 0.000)
",9999999.000,9999999.000,0.000,1.000,0.000,0,0,10,0,0,10,10,0,0.0,0.0,1.0,0.0,0.0,1.0,1
"G[1,2]((SBP >= 15.556 & BaseExcess <= 0.000) | PaCO2 >= 0.000)
",9999999.000,9999999.000,0.000,1.000,0.000,0,0,10,0,0,10,10,0,0.0,0.0,1.0,0.0,0.0,1.0,1
"G[1,2](Bilirubin_total <= 0.000 & Bilirubin_total <= 0.000)
",9999999.000,9999999.000,0.000,1.000,0.000,0,0,10,0,0,10,10,0,0.0,0.0,1.0,0.0,0.0,1.0,1
"G[0,2](((Calcium <= 6.533 | pH >= 0.000) | TroponinI <= 0.000) & Temp >= 0.000)
",9999999.000,9999999.000,0.000,1.000,0.000,0,0,10,0,0,10,10,0,0.0,0.0,1.0,0.0,0.0,1.0,1
"G[2,2]((Fibrinogen <= 0.000 -> SBP >= 20.437) -> BUN >= 108.971)
",0.000,0.000,0.000,1.000,0.000,0,0,10,0,0,10,10,0,0.0,0.0,1.0,0.0,0.0,1.0,1
"G[0,1]((Magnesium >= 0.013 & Temp <= 32.092) | Hct >= 7.227)
",9999999.000,9999999.000,0.000,1.000,0.000,0,0,0,10,10,0,0,10,0.0,0.0,0.0,0.0,0.0,1.0,1
"G[2,2]((BUN <= 9.516 | Creatinine >= 0.019) | BaseExcess <= 0.838)
",9.516,9.516,0.000,1.000,0.000,0,0,10,0,0,10,10,0,0.0,0.0,1.0,0.0,0.0,1.0,1
"G[0,2](((HR <= 91.880 & BUN >= 0.393) | FiO2 <= 3.101) & WBC >= 0.109)
",9999999.000,9999999.000,0.000,1.000,0.000,0,0,0,10,10,0,0,10,0.0,0.0,0.0,0.0,0.0,1.0,1
"G[1,2](((Bilirubin_total >= 0.000 | Lactate >= 0.000) | Phosphate >= 0.000) | Calcium <= 0.000)
",9999999.000,9999999.000,0.000,1.000,0.000,0,0,10,0,0,10,10,0,0.0,0.0,1.0,0.0,0.0,1.0,1
"G[0,2](((O2Sat >= 14.911 & Temp <= 12.534) | Magnesium <= 17.243) -> BaseExcess >= 0.639)
",9999999.000,9999999.000,0.000,1.000,0.000,0,0,0,10,10,0,0,10,0.0,0.0,0.0,0.0,0.0,1.0,1
"G[1,2]((Lactate >= 0.000 | PaCO2 >= 0.000) & pH <= 0.000)
",9999999.000,9999999.000,0.000,1.000,0.000,0,0,10,0,0,10,10,0,0.0,0.0,1.0,0.0,0.0,1.0,1
"G[0,2]((BaseExcess >= 0.000 & SaO2 <= 0.000) -> Platelets >= 0.000)
",9999999.000,9999999.000,0.000,1.000,0.000,0,0,10,0,0,10,10,0,0.0,0.0,1.0,0.0,0.0,1.0,1
"G[0,2](((pH <= 0.000 -> Resp >= 13.188) -> Creatinine <= 16.568) | Glucose <= 14.546)
",9999999.000,9999999.000,0.000,1.000,0.000,0,0,10,0,0,10,10,0,0.0,0.0,1.0,0.0,0.0,1.0,1
"G[0,2]((BUN <= 9.726 -> Creatinine >= 0.032) & DBP >= 0.031)
",9999999.000,9999999.000,0.000,1.000,0.000,0,0,0,10,10,0,0,10,0.0,0.0,0.0,0.0,0.0,1.0,1
"G[0,1](EtCO2 >= 0.000 -> PTT >= 0.273)
",9999999.000,9999999.000,0.000,1.000,0.000,0,0,0,10,10,0,0,10,0.0,0.0,0.0,0.0,0.0,1.0,1
"G[1,2]((HCO3 >= 0.271 | MAP >= 47.514) | Phosphate >= 16.669)
",9999999.000,9999999.000,0.000,1.000,0.000,0,0,9,1,1,9,9,1,0.0,0.0,1.0,0.0,0.0,1.0,1
"G[1,2](((FiO2 >= 7.514608002724965e-05 | HR <= 128.584) -> Fibrinogen <= 102.138) | Creatinine >= 36.418)
",9999999.000,9999999.000,0.000,1.000,0.000,0,0,10,0,0,10,10,0,0.0,0.0,1.0,0.0,0.0,1.0,1
"G[2,2]((pH >= 0.000 & Bilirubin_direct <= 0.000) -> TroponinI <= 0.000)
",0.000,0.000,0.000,1.000,0.000,0,0,10,0,0,10,10,0,0.0,0.0,1.0,0.0,0.0,1.0,1
"G[2,2](BUN <= 2.830 & Chloride >= 3.234)
",-7282312083441490.000,-3.234,0.000,1.000,0.000,0,0,10,0,0,10,10,0,0.0,0.0,1.0,0.0,0.0,1.0,1
"G[0,2](((Alkalinephos <= 0.000 -> Lactate <= 0.000) | PaCO2 >= 0.000) -> HCO3 >= 0.000)
",9999999.000,9999999.000,0.000,1.000,0.000,0,0,10,0,0,10,10,0,0.0,0.0,1.0,0.0,0.0,1.0,1
"G[0,2](((Potassium <= 2.525 & EtCO2 <= 0.000) -> Bilirubin_direct <= 0.000) & Hgb <= 0.000)
",9999999.000,9999999.000,0.000,1.000,0.000,0,0,9,1,1,9,9,1,0.0,0.0,1.0,0.0,0.0,1.0,1
"G[2,2]((Calcium >= 0.442 & Platelets <= 29.385) & HCO3 <= 65.035)
",-7956816592630830.000,-0.442,0.000,1.000,0.000,0,0,10,0,0,10,10,0,0.0,0.0,1.0,0.0,0.0,1.0,1
"G[0,1]((SaO2 >= 0.000 | Hct <= 19.192) & DBP >= 0.588)
",9999999.000,9999999.000,0.000,1.000,0.000,0,0,0,10,10,0,0,10,0.0,0.0,0.0,0.0,0.0,1.0,1
"G[0,2](((BaseExcess >= 0.000 | Glucose <= 177.346) & Chloride >= 1.264) & Chloride >= 7.644)
",9999999.000,9999999.000,0.000,1.000,0.000,0,0,0,10,10,0,0,10,0.0,0.0,0.0,0.0,0.0,1.0,1
"G[2,2](((PaCO2 <= 0.000 | Phosphate <= 1.494) & HCO3 >= 0.043) | SaO2 >= 0.033)
",-0.033,-0.033,0.000,1.000,0.000,0,0,10,0,0,10,10,0,0.0,0.0,1.0,0.0,0.0,1.0,1
"G[0,2]((PaCO2 <= 0.000 & Magnesium <= 0.522) | SBP >= 0.040)
",9999999.000,9999999.000,0.000,1.000,0.000,0,0,10,0,0,10,10,0,0.0,0.0,1.0,0.0,0.0,1.0,1
"G[0,2]((PaCO2 <= 0.000 -> WBC >= 0.090) & pH >= 0.165)
",9999999.000,9999999.000,0.000,1.000,0.000,0,0,0,10,10,0,0,10,0.0,0.0,0.0,0.0,0.0,1.0,1
"G[2,2]((BUN <= 9.292 -> O2Sat <= 87.445) -> Bilirubin_direct <= 83.615)
",-83.615,-83.615,0.000,1.000,0.000,0,0,10,0,0,10,10,0,0.0,0.0,1.0,0.0,0.0,1.0,1
"G[2,2]((SBP >= 61.888 & AST <= 0.000) & Calcium <= 0.000)
",-8709977802728582.000,-61.888,0.000,1.000,0.000,0,0,10,0,0,10,10,0,0.0,0.0,1.0,0.0,0.0,1.0,1
"G[0,2](((Bilirubin_direct <= 0.000 -> Glucose <= 99.813) -> Alkalinephos >= 1.845) | BaseExcess <= 137.714)
",9999999.000,9999999.000,0.000,1.000,0.000,0,0,10,0,0,10,10,0,0.0,0.0,1.0,0.0,0.0,1.0,1
"G[0,1](((BUN >= 0.042 & Fibrinogen >= 0.000) & Bilirubin_total >= 0.000) & Bilirubin_direct >= 0.000)
",9999999.000,9999999.000,0.000,1.000,0.000,0,0,0,10,10,0,0,10,0.0,0.0,0.0,0.0,0.0,1.0,1
"G[2,2]((HR >= 82.781 | Resp <= 16.375) & Platelets <= 17.221)
",16.375,16.375,0.000,1.000,0.000,0,0,10,0,0,10,10,0,0.0,0.0,1.0,0.0,0.0,1.0,1
"G[0,2]((Potassium <= 3.487 -> HCO3 >= 0.966) | Hct <= 23.773)
",9999999.000,9999999.000,0.000,1.000,0.000,0,0,10,0,0,10,10,0,0.0,0.0,1.0,0.0,0.0,1.0,1
"G[0,2]((PaCO2 >= 0.000 -> Fibrinogen <= 0.000) -> Hct >= 0.000)
",9999999.000,9999999.000,0.000,1.000,0.000,0,0,10,0,0,10,10,0,0.0,0.0,1.0,0.0,0.0,1.0,1
"G[2,2](Platelets <= 51.845 -> MAP <= 75.484)
",-5311726274466781.000,-75.484,0.000,1.000,0.000,0,0,10,0,0,10,10,0,0.0,0.0,1.0,0.0,0.0,1.0,1
"G[0,1]((Creatinine >= 0.029 | HR >= 60.346) -> AST >= 45.755)
",9999999.000,9999999.000,0.000,1.000,0.000,0,0,0,10,10,0,0,10,0.0,0.0,0.0,0.0,0.0,1.0,1
"G[0,2](((EtCO2 <= 0.000 & BaseExcess <= 0.000) | BUN <= 0.000) -> AST <= 0.000)
",9999999.000,9999999.000,0.000,1.000,0.000,0,0,10,0,0,10,10,0,0.0,0.0,1.0,0.0,0.0,1.0,1
"G[0,1]((Chloride <= 18.109 & Creatinine >= 0.039) & Hct >= 0.015)
",9999999.000,9999999.000,0.000,1.000,0.000,0,0,0,10,10,0,0,10,0.0,0.0,0.0,0.0,0.0,1.0,1
"G[1,2](Lactate <= 0.000 | Hgb >= 0.649)
",9999999.000,9999999.000,0.000,1.000,0.000,0,0,10,0,0,10,10,0,0.0,0.0,1.0,0.0,0.0,1.0,1
"G[0,2]((Bilirubin_direct >= 0.000 | Chloride <= 56.279) & DBP >= 0.955)
",9999999.000,9999999.000,0.000,1.000,0.000,0,0,0,10,10,0,0,10,0.0,0.0,0.0,0.0,0.0,1.0,1
"G[0,1](Chloride >= 3.327 & MAP <= 74.806)
",9999999.000,9999999.000,0.000,1.000,0.000,0,0,0,10,10,0,0,10,0.0,0.0,0.0,0.0,0.0,1.0,1
"F[1,1](((Lactate >= 0.000 | Fibrinogen >= 0.000) -> O2Sat >= 0.000) -> SaO2 >= 0.000)
",0.000,0.000,0.000,0.000,1.000,0,0,0,10,10,0,0,10,0.0,0.0,0.0,0.0,0.0,1.0,-1
