Rule,Discrimination Score,Pos Robustness,Neg Robustness,Percent Class +,Percent Class -,TP,TN,FP,FN,Actual Yes,Actual No,Predicted Yes,Predicted No,TPR/Sens,TNR/Spec,FPR,Precision,Accuracy,MCR
"G[0,1](((DBP >= 8.858 -> Lactate >= 7.679246595173002e-05) -> Fibrinogen <= 0.276) | Hgb <= 0.696)
",9999999.000,9999999.000,0.000,1.000,0.000,23,0,0,0,23,0,23,0,1.0,0.0,0.0,1.0,1.0,0.0
"G[1,1]((Platelets <= 198.538 -> Temp <= 24.898) -> Fibrinogen <= 35.073)
",-4936100975270447.000,-35.073,0.000,1.000,0.000,23,0,0,0,23,0,23,0,1.0,0.0,0.0,1.0,1.0,0.0
"G[0,1](((BaseExcess <= 0.700 & BUN >= 1.410) | Phosphate <= 12.639) | O2Sat <= 9.195)
",9999999.000,9999999.000,0.000,1.000,0.000,23,0,0,0,23,0,23,0,1.0,0.0,0.0,1.0,1.0,0.0
"G[0,1](((Hct >= 6.318 & SBP <= 107.163) | SBP >= 13.602) | FiO2 <= 31.999)
",9999999.000,9999999.000,0.000,1.000,0.000,23,0,0,0,23,0,23,0,1.0,0.0,0.0,1.0,1.0,0.0
"G[0,0](((AST <= 11.554 | BaseExcess >= -2.224) | Resp <= -0.535) | Hgb >= -3.685)
",1.334,17.063,0.000,1.000,0.000,23,0,0,0,23,0,23,0,1.0,0.0,0.0,1.0,1.0,0.0
"G[0,0](((BaseExcess >= -2.964 | SBP <= 111.007) & Magnesium <= 63.169) & Calcium <= 74.939)
",3.600,59.637,0.000,1.000,0.000,23,0,0,0,23,0,23,0,1.0,0.0,0.0,1.0,1.0,0.0
"G[0,0]((Alkalinephos <= 42.415 | PaCO2 <= 31.895) | Phosphate >= 3.860)
",8.157,39.565,0.000,1.000,0.000,23,0,0,0,23,0,23,0,1.0,0.0,0.0,1.0,1.0,0.0
"G[1,1]((DBP >= 12.115 -> PTT <= 28.529) -> Lactate <= 23.072)
",-23.072,-23.072,0.000,1.000,0.000,23,0,0,0,23,0,23,0,1.0,0.0,0.0,1.0,1.0,0.0
"G[0,1](((Alkalinephos >= 0.083 & Temp <= 13.519) -> BUN >= 5.139) | Bilirubin_total >= 8.516)
",9999999.000,9999999.000,0.000,1.000,0.000,23,0,0,0,23,0,23,0,1.0,0.0,0.0,1.0,1.0,0.0
"G[1,1](((FiO2 <= 0.976 | SaO2 <= 41.090) & pH >= 8.734) -> PTT >= 6.631)
",7466142697085547.000,6.631,0.000,1.000,0.000,23,0,0,0,23,0,23,0,1.0,0.0,0.0,1.0,1.0,0.0
"G[0,0]((AST <= 7.368 | HR <= 128.857) | Bilirubin_total <= 131.819)
",72.470,130.754,0.000,1.000,0.000,23,0,0,0,23,0,23,0,1.0,0.0,0.0,1.0,1.0,0.0
"G[1,1]((FiO2 >= 0.038 & Lactate >= 0.038) -> Temp >= 0.055)
",2741207059669955.000,0.038,0.000,1.000,0.000,23,0,0,0,23,0,23,0,1.0,0.0,0.0,1.0,1.0,0.0
"G[0,1](((DBP >= 17.705 & Resp <= 26.234) -> MAP >= 2.317) | HR >= 8.706)
",9999999.000,9999999.000,0.000,1.000,0.000,23,0,0,0,23,0,23,0,1.0,0.0,0.0,1.0,1.0,0.0
"G[0,1]((BaseExcess >= -5.843 -> PTT <= 22.131) | HCO3 >= 0.649)
",9999999.000,9999999.000,0.000,1.000,0.000,23,0,0,0,23,0,23,0,1.0,0.0,0.0,1.0,1.0,0.0
"G[0,1](((HR >= 70.096 | Platelets <= 43.081) | Glucose <= 68.009) | PTT >= 24.624)
",9999999.000,9999999.000,0.000,1.000,0.000,23,0,0,0,23,0,23,0,1.0,0.0,0.0,1.0,1.0,0.0
"G[0,1]((HCO3 <= 9.086 & Platelets >= 11.337) | PTT <= 69.894)
",9999999.000,9999999.000,0.000,1.000,0.000,23,0,0,0,23,0,23,0,1.0,0.0,0.0,1.0,1.0,0.0
"G[0,1](BaseExcess <= 0.361 | Temp <= 22.819)
",9999999.000,9999999.000,0.000,1.000,0.000,23,0,0,0,23,0,23,0,1.0,0.0,0.0,1.0,1.0,0.0
"G[0,1](((Glucose <= 141.668 | HR <= 121.572) & SepsisLabel <= 126.412) | Hgb <= 126.347)
",9999999.000,9999999.000,0.000,1.000,0.000,23,0,0,0,23,0,23,0,1.0,0.0,0.0,1.0,1.0,0.0
"G[0,0](SaO2 <= 35.782 -> SepsisLabel = 0.000)
",-3.240,-32.670,0.000,1.000,0.000,23,0,0,0,23,0,23,0,1.0,0.0,0.0,1.0,1.0,0.0
"G[0,1](Platelets < 109.330 -> SepsisLabel = 0.000)
",9999999.000,9999999.000,0.000,1.000,0.000,23,0,0,0,23,0,23,0,1.0,0.0,0.0,1.0,1.0,0.0
"G[0,0](((Creatinine <= 0.139 -> Hgb <= 9.106) -> AST <= 3.972) -> Alkalinephos <= 5.003)
",-0.448,-2.629,0.000,1.000,0.000,23,0,0,0,23,0,23,0,1.0,0.0,0.0,1.0,1.0,0.0
"G[0,0](((PaCO2 >= 0.717 -> pH >= 0.905) & Alkalinephos <= 4.007) | Alkalinephos >= 1.718)
",0.606,2.745,0.000,1.000,0.000,23,0,0,0,23,0,23,0,1.0,0.0,0.0,1.0,1.0,0.0
"G[0,1]((FiO2 <= 0.371 -> MAP <= 85.474) -> PTT <= 95.893)
",9999999.000,9999999.000,0.000,1.000,0.000,23,0,0,0,23,0,23,0,1.0,0.0,0.0,1.0,1.0,0.0
"G[1,1](((PTT >= 1.783 | Resp >= 12.585) & Bilirubin_total <= 25.317) -> BaseExcess <= 24.306)
",-6841585403887339.000,-24.306,0.000,1.000,0.000,23,0,0,0,23,0,23,0,1.0,0.0,0.0,1.0,1.0,0.0
"G[0,0](TroponinI <= 0.000 | Potassium <= 3.437)
",4.787,3.233,0.000,1.000,0.000,23,0,0,0,23,0,23,0,1.0,0.0,0.0,1.0,1.0,0.0
"G[0,1]((HCO3 >= 0.067 | Hct <= 15.678) | Platelets <= 30.146)
",9999999.000,9999999.000,0.000,1.000,0.000,23,0,0,0,23,0,23,0,1.0,0.0,0.0,1.0,1.0,0.0
"G[1,1](((Glucose >= 10.491 | Lactate <= 0.490) | Fibrinogen >= 0.002) | O2Sat >= 0.010)
",8834493271044797.000,0.490,0.000,1.000,0.000,23,0,0,0,23,0,23,0,1.0,0.0,0.0,1.0,1.0,0.0
"G[1,1]((Calcium <= 2.629 | WBC >= 1.920) -> Magnesium <= 9.807)
",-5521060269200687.000,-9.807,0.000,1.000,0.000,23,0,0,0,23,0,23,0,1.0,0.0,0.0,1.0,1.0,0.0
"G[0,1]((Platelets >= 4.655 & SaO2 <= 58.074) | PTT <= 62.127)
",9999999.000,9999999.000,0.000,1.000,0.000,23,0,0,0,23,0,23,0,1.0,0.0,0.0,1.0,1.0,0.0
"G[0,1]((Hct <= 32.677 | Phosphate <= 0.428) | Alkalinephos <= 1.190)
",9999999.000,9999999.000,0.000,1.000,0.000,23,0,0,0,23,0,23,0,1.0,0.0,0.0,1.0,1.0,0.0
"G[0,1](((DBP <= 57.493 | pH >= 1.736) & PaCO2 >= 1.032) -> PaCO2 >= 1.692)
",9999999.000,9999999.000,0.000,1.000,0.000,23,0,0,0,23,0,23,0,1.0,0.0,0.0,1.0,1.0,0.0
"G[1,1](((SaO2 >= 0.220 -> SBP >= 22.876) | O2Sat <= 114.205) & Temp <= 107.846)
",3794486486534526.000,107.846,0.000,1.000,0.000,23,0,0,0,23,0,23,0,1.0,0.0,0.0,1.0,1.0,0.0
"G[1,1]((MAP >= 34.478 | Potassium <= 1.090) | EtCO2 <= 4.357)
",4905784227485521.000,4.357,0.000,1.000,0.000,23,0,0,0,23,0,23,0,1.0,0.0,0.0,1.0,1.0,0.0
"G[0,1](Lactate >= 0.021 -> Platelets <= 119.546)
",9999999.000,9999999.000,0.000,1.000,0.000,22,0,0,1,23,0,22,1,0.9565217391304348,0.0,0.0,1.0,0.9565217391304348,0.04347826086956519
"G[0,1](Phosphate <= 0.753 | Potassium <= 4.358)
",9999999.000,9999999.000,0.000,1.000,0.000,22,0,0,1,23,0,22,1,0.9565217391304348,0.0,0.0,1.0,0.9565217391304348,0.04347826086956519
"G[0,1](DBP <= 22.339 | FiO2 <= 0.578)
",9999999.000,9999999.000,0.000,1.000,0.000,22,0,0,1,23,0,22,1,0.9565217391304348,0.0,0.0,1.0,0.9565217391304348,0.04347826086956519
"G[0,1](O2Sat <= 98.000 | SaO2 >= 4.439)
",9999999.000,9999999.000,0.000,1.000,0.000,22,0,0,1,23,0,22,1,0.9565217391304348,0.0,0.0,1.0,0.9565217391304348,0.04347826086956519
"G[0,0](PTT < 27.178 & SepsisLabel = 0.000)
",-0.385,-33.130,0.000,1.000,0.000,22,0,0,1,23,0,22,1,0.9565217391304348,0.0,0.0,1.0,0.9565217391304348,0.04347826086956519
"G[0,1](((Chloride >= 1.241 -> Creatinine <= 0.443) -> Hct >= 0.011) -> AST <= 0.133)
",9999999.000,9999999.000,0.000,1.000,0.000,22,0,0,1,23,0,22,1,0.9565217391304348,0.0,0.0,1.0,0.9565217391304348,0.04347826086956519
"G[0,1]((Hct >= 4.852 & SaO2 >= 1.036) -> pH >= 15.856)
",9999999.000,9999999.000,0.000,1.000,0.000,22,0,0,1,23,0,22,1,0.9565217391304348,0.0,0.0,1.0,0.9565217391304348,0.04347826086956519
"G[0,1](((HCO3 <= 9.474 & PaCO2 <= 47.877) & Phosphate >= 5.355) | Alkalinephos <= 46.857)
",9999999.000,9999999.000,0.000,1.000,0.000,22,0,0,1,23,0,22,1,0.9565217391304348,0.0,0.0,1.0,0.9565217391304348,0.04347826086956519
"G[0,0]((HR >= 103.283 -> BUN <= 13.050) | DBP <= 5.545)
",-3.888,-74.129,0.000,1.000,0.000,22,0,0,1,23,0,22,1,0.9565217391304348,0.0,0.0,1.0,0.9565217391304348,0.04347826086956519
"G[0,1](((Bilirubin_total <= 0.326 & PaCO2 >= 6.844) -> Temp <= 49.884) & Alkalinephos <= 33.119)
",9999999.000,9999999.000,0.000,1.000,0.000,22,0,0,1,23,0,22,1,0.9565217391304348,0.0,0.0,1.0,0.9565217391304348,0.04347826086956519
"G[0,1](HCO3 <= 10.768 | O2Sat >= 77.511)
",9999999.000,9999999.000,0.000,1.000,0.000,22,0,0,1,23,0,22,1,0.9565217391304348,0.0,0.0,1.0,0.9565217391304348,0.04347826086956519
"G[0,0](Phosphate <= 0.604 | SBP >= 9.879)
",0.668,8.318,0.000,1.000,0.000,22,0,0,1,23,0,22,1,0.9565217391304348,0.0,0.0,1.0,0.9565217391304348,0.04347826086956519
"G[1,1](MAP <= 91.304 | Platelets >= 1.741)
",91.304,91.304,0.000,1.000,0.000,21,0,0,2,23,0,21,2,0.9130434782608695,0.0,0.0,1.0,0.9130434782608695,0.08695652173913049
"G[0,1]((Lactate <= 0.350 | Magnesium >= 0.125) & Fibrinogen <= 1.169)
",9999999.000,9999999.000,0.000,1.000,0.000,21,0,0,2,23,0,21,2,0.9130434782608695,0.0,0.0,1.0,0.9130434782608695,0.08695652173913049
"G[1,1](O2Sat > 82.229 & SepsisLabel = 0.000)
",-82.229,-82.229,0.000,1.000,0.000,21,0,0,2,23,0,21,2,0.9130434782608695,0.0,0.0,1.0,0.9130434782608695,0.08695652173913049
"G[0,1](((Alkalinephos <= 73.985 -> BaseExcess >= -4.738) | Temp <= 0.771) & Alkalinephos <= 0.028)
",9999999.000,9999999.000,0.000,1.000,0.000,21,0,0,2,23,0,21,2,0.9130434782608695,0.0,0.0,1.0,0.9130434782608695,0.08695652173913049
"G[0,1]((BUN <= 11.406 | PTT >= 2.146) | PaCO2 >= 1.922)
",9999999.000,9999999.000,0.000,1.000,0.000,21,0,0,2,23,0,21,2,0.9130434782608695,0.0,0.0,1.0,0.9130434782608695,0.08695652173913049
"G[0,1](BUN <= 9.821 -> O2Sat >= 38.209)
",9999999.000,9999999.000,0.000,1.000,0.000,21,0,0,2,23,0,21,2,0.9130434782608695,0.0,0.0,1.0,0.9130434782608695,0.08695652173913049
"G[1,1](MAP > 44.177 & SepsisLabel = 0.000)
",-3108654562426738.000,-44.177,0.000,1.000,0.000,21,0,0,2,23,0,21,2,0.9130434782608695,0.0,0.0,1.0,0.9130434782608695,0.08695652173913049
"G[0,1](Platelets <= 121.749 | PTT <= 25.460)
",9999999.000,9999999.000,0.000,1.000,0.000,20,0,0,3,23,0,20,3,0.8695652173913043,0.0,0.0,1.0,0.8695652173913043,0.13043478260869568
"G[0,1](PTT <= 5.501 | Bilirubin_total >= 0.009)
",9999999.000,9999999.000,0.000,1.000,0.000,20,0,0,3,23,0,20,3,0.8695652173913043,0.0,0.0,1.0,0.8695652173913043,0.13043478260869568
"G[0,1](((Potassium >= 0.716 -> Resp <= 29.775) -> HR <= 33.203) -> Potassium >= 17.775)
",9999999.000,9999999.000,0.000,1.000,0.000,20,0,0,3,23,0,20,3,0.8695652173913043,0.0,0.0,1.0,0.8695652173913043,0.13043478260869568
"G[1,1]((Bilirubin_total <= 0.161 & FiO2 >= 0.067) -> Temp <= 0.151)
",-5429256593628881.000,-0.151,0.000,1.000,0.000,20,0,0,3,23,0,20,3,0.8695652173913043,0.0,0.0,1.0,0.8695652173913043,0.13043478260869568
"G[0,1]((Lactate <= 0.875 -> Phosphate <= 0.395) -> Magnesium <= 1.641)
",9999999.000,9999999.000,0.000,1.000,0.000,20,0,0,3,23,0,20,3,0.8695652173913043,0.0,0.0,1.0,0.8695652173913043,0.13043478260869568
"G[0,0]((Bilirubin_total >= 0.013 | Chloride <= 71.713) & Hgb <= 69.076)
",3.985,60.146,0.000,1.000,0.000,19,0,0,4,23,0,19,4,0.8260869565217391,0.0,0.0,1.0,0.8260869565217391,0.17391304347826086
"G[1,1](((Bilirubin_direct >= 0.003 -> Lactate <= 0.094) -> HCO3 <= 0.696) -> PaCO2 <= 0.209)
",-0.209,-0.209,0.000,1.000,0.000,18,0,0,5,23,0,18,5,0.782608695652174,0.0,0.0,1.0,0.782608695652174,0.21739130434782605
"G[0,1](Glucose >= 10.754 -> Platelets >= 4.843)
",9999999.000,9999999.000,0.000,1.000,0.000,18,0,0,5,23,0,18,5,0.782608695652174,0.0,0.0,1.0,0.782608695652174,0.21739130434782605
"G[0,1](BaseExcess >= -4.062 & Resp <= 37.328)
",9999999.000,9999999.000,0.000,1.000,0.000,18,0,0,5,23,0,18,5,0.782608695652174,0.0,0.0,1.0,0.782608695652174,0.21739130434782605
"G[1,1](MAP <= 85.188 & SepsisLabel = 0.000)
",0.000,0.000,0.000,1.000,0.000,17,0,0,6,23,0,17,6,0.7391304347826086,0.0,0.0,1.0,0.7391304347826086,0.26086956521739135
"G[0,1](Potassium <= 3.674 | Alkalinephos >= 0.888)
",9999999.000,9999999.000,0.000,1.000,0.000,16,0,0,7,23,0,16,7,0.6956521739130435,0.0,0.0,1.0,0.6956521739130435,0.30434782608695654
"G[0,1](((AST >= 0.039 & Creatinine >= 0.051) -> TroponinI <= 0.116) -> pH <= 0.438)
",9999999.000,9999999.000,0.000,1.000,0.000,15,0,0,8,23,0,15,8,0.6521739130434783,0.0,0.0,1.0,0.6521739130434783,0.34782608695652173
"G[0,0](HR <= 118.862 -> Phosphate >= 0.022)
",-0.430,-0.334,0.000,1.000,0.000,15,0,0,8,23,0,15,8,0.6521739130434783,0.0,0.0,1.0,0.6521739130434783,0.34782608695652173
"G[0,1]((Magnesium <= 0.508 -> WBC <= 4.653) -> SBP <= 11.639)
",9999999.000,9999999.000,0.000,1.000,0.000,15,0,0,8,23,0,15,8,0.6521739130434783,0.0,0.0,1.0,0.6521739130434783,0.34782608695652173
"G[0,1](Chloride <= 55.881 -> DBP <= 49.418)
",9999999.000,9999999.000,0.000,1.000,0.000,15,0,0,8,23,0,15,8,0.6521739130434783,0.0,0.0,1.0,0.6521739130434783,0.34782608695652173
"G[0,1]((Calcium >= 0.117 & HCO3 <= 9.962) | Hct <= 11.971)
",9999999.000,9999999.000,0.000,1.000,0.000,15,0,0,8,23,0,15,8,0.6521739130434783,0.0,0.0,1.0,0.6521739130434783,0.34782608695652173
"G[1,1](Bilirubin_total >= 0.017 | MAP <= 83.609)
",2941736368553670.000,83.609,0.000,1.000,0.000,14,0,0,9,23,0,14,9,0.6086956521739131,0.0,0.0,1.0,0.6086956521739131,0.3913043478260869
"G[0,1](((Creatinine <= 0.482 & HR <= 121.249) -> TroponinI >= 74.441) -> Platelets >= 20.222)
",9999999.000,9999999.000,0.000,1.000,0.000,10,0,0,13,23,0,10,13,0.43478260869565216,0.0,0.0,1.0,0.43478260869565216,0.5652173913043479
"G[0,1](((DBP >= 8.776 & Magnesium <= 1.017) -> HR <= 1.539) & Chloride <= 0.385)
",9999999.000,9999999.000,0.000,1.000,0.000,10,0,0,13,23,0,10,13,0.43478260869565216,0.0,0.0,1.0,0.43478260869565216,0.5652173913043479
"G[0,0]((Creatinine >= 0.013 | pH <= 5.468) -> Chloride >= 1.248)
",-0.722,-30.564,0.000,1.000,0.000,10,0,0,13,23,0,10,13,0.43478260869565216,0.0,0.0,1.0,0.43478260869565216,0.5652173913043479
"G[1,1]((Calcium >= 0.136 | Glucose >= 27.637) & Phosphate <= 139.235)
",-2450521497278602.500,-0.136,0.000,1.000,0.000,7,0,0,16,23,0,7,16,0.30434782608695654,0.0,0.0,1.0,0.30434782608695654,0.6956521739130435
"G[0,1]((Hgb <= 8.388 & Resp <= 30.975) -> Hgb >= 8.865)
",9999999.000,9999999.000,0.000,1.000,0.000,6,0,0,17,23,0,6,17,0.2608695652173913,0.0,0.0,1.0,0.2608695652173913,0.7391304347826086
"G[0,0](((DBP >= 1.265 & HR <= 129.076) | Lactate >= 19.543) & SBP <= 112.950)
",0.102,4.777,0.000,1.000,0.000,6,0,0,17,23,0,6,17,0.2608695652173913,0.0,0.0,1.0,0.2608695652173913,0.7391304347826086
"G[0,1](Magnesium <= 0.289 & SBP >= 15.558)
",9999999.000,9999999.000,0.000,1.000,0.000,5,0,0,18,23,0,5,18,0.21739130434782608,0.0,0.0,1.0,0.21739130434782608,0.782608695652174
"G[0,0](((Alkalinephos >= 0.862 & MAP >= 56.781) -> TroponinI <= 79.444) -> SaO2 >= 9.965)
",0.634,6.704,0.000,1.000,0.000,5,0,0,18,23,0,5,18,0.21739130434782608,0.0,0.0,1.0,0.21739130434782608,0.782608695652174
"G[0,0]((AST >= 0.085 | Phosphate <= 2.613) & BUN >= 0.135)
",-0.027,-0.015,0.000,1.000,0.000,5,0,0,18,23,0,5,18,0.21739130434782608,0.0,0.0,1.0,0.21739130434782608,0.782608695652174
"G[0,0]((DBP >= 20.116 -> Calcium <= 3.670) -> Chloride >= 0.215)
",-0.304,-1.417,0.000,1.000,0.000,5,0,0,18,23,0,5,18,0.21739130434782608,0.0,0.0,1.0,0.21739130434782608,0.782608695652174
"G[0,0](Chloride <= 44.330 & Resp <= 23.908)
",-0.001,-0.049,0.000,1.000,0.000,5,0,0,18,23,0,5,18,0.21739130434782608,0.0,0.0,1.0,0.21739130434782608,0.782608695652174
"G[0,0]((WBC >= 0.612 -> Glucose >= 21.800) -> PTT >= 1.900)
",-0.749,-2.883,0.000,1.000,0.000,5,0,0,18,23,0,5,18,0.21739130434782608,0.0,0.0,1.0,0.21739130434782608,0.782608695652174
"G[0,0](Chloride >= 3.944 & HCO3 >= 2.809)
",-2.928,-4.387,0.000,1.000,0.000,5,0,0,18,23,0,5,18,0.21739130434782608,0.0,0.0,1.0,0.21739130434782608,0.782608695652174
"G[0,0](Platelets <= 113.946 -> WBC >= 1.254)
",-4009124788996881.500,-113.946,0.000,1.000,0.000,5,0,0,18,23,0,5,18,0.21739130434782608,0.0,0.0,1.0,0.21739130434782608,0.782608695652174
"G[0,0](Platelets <= 264.193 -> WBC >= 1.872)
",-4647724242020399.000,-264.193,0.000,1.000,0.000,5,0,0,18,23,0,5,18,0.21739130434782608,0.0,0.0,1.0,0.21739130434782608,0.782608695652174
"G[0,0](Platelets <= 85.894 -> WBC >= 1.434)
",-85.894,-85.894,0.000,1.000,0.000,5,0,0,18,23,0,5,18,0.21739130434782608,0.0,0.0,1.0,0.21739130434782608,0.782608695652174
"G[0,0](Chloride >= 4.256 & HCO3 >= 2.734)
",-3.236,-4.598,0.000,1.000,0.000,5,0,0,18,23,0,5,18,0.21739130434782608,0.0,0.0,1.0,0.21739130434782608,0.782608695652174
"G[0,0](Platelets <= 92.058 -> WBC >= 0.572)
",-6478024614835167.000,-92.058,0.000,1.000,0.000,5,0,0,18,23,0,5,18,0.21739130434782608,0.0,0.0,1.0,0.21739130434782608,0.782608695652174
"G[0,0](Platelets <= 174.717 -> WBC >= 1.007)
",-6147321762038703.000,-174.717,0.000,1.000,0.000,5,0,0,18,23,0,5,18,0.21739130434782608,0.0,0.0,1.0,0.21739130434782608,0.782608695652174
"G[0,0](BaseExcess >= -4.014 & Chloride >= 7.943)
",-2.967,-7.195,0.000,1.000,0.000,4,0,0,19,23,0,4,19,0.17391304347826086,0.0,0.0,1.0,0.17391304347826086,0.8260869565217391
"G[1,1](Chloride >= 2.087 & HCO3 >= 2.594)
",-5841473990846193.000,-2.594,0.000,1.000,0.000,4,0,0,19,23,0,4,19,0.17391304347826086,0.0,0.0,1.0,0.17391304347826086,0.8260869565217391
"G[0,1](Chloride <= 49.068 -> FiO2 >= 0.043)
",9999999.000,9999999.000,0.000,1.000,0.000,4,0,0,19,23,0,4,19,0.17391304347826086,0.0,0.0,1.0,0.17391304347826086,0.8260869565217391
"G[0,0]((BUN >= 1.401 | Lactate >= 0.010) & PTT <= 0.072)
",-0.592,-2.908,0.000,1.000,0.000,4,0,0,19,23,0,4,19,0.17391304347826086,0.0,0.0,1.0,0.17391304347826086,0.8260869565217391
"G[1,1](((Chloride >= 16.133 -> PaCO2 >= 5.208) -> WBC <= 28.867) -> BUN >= 4.853)
",2732022357225842.000,4.853,0.000,1.000,0.000,4,0,0,19,23,0,4,19,0.17391304347826086,0.0,0.0,1.0,0.17391304347826086,0.8260869565217391
"G[0,1](((Magnesium >= 0.013 | Phosphate <= 1.864) -> O2Sat >= 0.084) -> pH >= 0.099)
",9999999.000,9999999.000,0.000,1.000,0.000,4,0,0,19,23,0,4,19,0.17391304347826086,0.0,0.0,1.0,0.17391304347826086,0.8260869565217391
"G[0,1](((pH <= 2.699 & BaseExcess >= -5.165) & Alkalinephos >= -5.912) -> TroponinI <= -0.056)
",9999999.000,9999999.000,0.000,1.000,0.000,4,0,0,19,23,0,4,19,0.17391304347826086,0.0,0.0,1.0,0.17391304347826086,0.8260869565217391
"G[1,1]((Creatinine >= 0.039 | MAP >= 32.754) -> PTT >= 1.928)
",2840844776207809.500,0.039,0.000,1.000,0.000,3,0,0,20,23,0,3,20,0.13043478260869565,0.0,0.0,1.0,0.13043478260869565,0.8695652173913043
"G[0,1](Magnesium <= 0.430 & SaO2 >= 20.456)
",9999999.000,9999999.000,0.000,1.000,0.000,3,0,0,20,23,0,3,20,0.13043478260869565,0.0,0.0,1.0,0.13043478260869565,0.8695652173913043
"G[1,1](((Hgb <= 6.256 | Hct <= 22.962) -> WBC >= 1.508) & Platelets >= 9.297)
",-22.962,-22.962,0.000,1.000,0.000,3,0,0,20,23,0,3,20,0.13043478260869565,0.0,0.0,1.0,0.13043478260869565,0.8695652173913043
"G[0,1]((Hgb >= 0.104 -> Temp >= 1.900) -> Lactate >= 2.276)
",9999999.000,9999999.000,0.000,1.000,0.000,2,0,0,21,23,0,2,21,0.08695652173913043,0.0,0.0,1.0,0.08695652173913043,0.9130434782608696
"G[0,1](((BUN <= 3.949 -> Chloride >= 11.187) | MAP >= 7.453) & SaO2 >= 15.471)
",9999999.000,9999999.000,0.000,1.000,0.000,2,0,0,21,23,0,2,21,0.08695652173913043,0.0,0.0,1.0,0.08695652173913043,0.9130434782608696
"G[1,1](Hct <= 34.748 & Lactate >= 0.021)
",-6023307569235409.000,-0.021,0.000,1.000,0.000,2,0,0,21,23,0,2,21,0.08695652173913043,0.0,0.0,1.0,0.08695652173913043,0.9130434782608696
"G[1,1]((Calcium >= 0.115 | Hgb <= 4.179) -> Fibrinogen >= 2.115)
",-2352597244001741.500,-4.179,0.000,1.000,0.000,2,0,0,21,23,0,2,21,0.08695652173913043,0.0,0.0,1.0,0.08695652173913043,0.9130434782608696
"G[0,0](BUN <= 12.893 & Creatinine >= 0.033)
",0.530,2.817,0.000,1.000,0.000,1,0,0,22,23,0,1,22,0.043478260869565216,0.0,0.0,1.0,0.043478260869565216,0.9565217391304348
"G[0,1](((Calcium <= 1.574 | Hct >= 0.043) -> Temp <= 23.426) -> Creatinine >= 3.103)
",9999999.000,9999999.000,0.000,1.000,0.000,1,0,0,22,23,0,1,22,0.043478260869565216,0.0,0.0,1.0,0.043478260869565216,0.9565217391304348
"G[0,1](Chloride >= 17.947 & HCO3 >= 2.613)
",9999999.000,9999999.000,0.000,1.000,0.000,1,0,0,22,23,0,1,22,0.043478260869565216,0.0,0.0,1.0,0.043478260869565216,0.9565217391304348
"G[0,1](((Lactate >= 0.049 & Resp >= 16.105) | HCO3 >= 10.739) | Bilirubin_total >= 5.480)
",9999999.000,9999999.000,0.000,1.000,0.000,1,0,0,22,23,0,1,22,0.043478260869565216,0.0,0.0,1.0,0.043478260869565216,0.9565217391304348
"G[0,1](Chloride >= 17.025 & HCO3 >= 2.110)
",9999999.000,9999999.000,0.000,1.000,0.000,1,0,0,22,23,0,1,22,0.043478260869565216,0.0,0.0,1.0,0.043478260869565216,0.9565217391304348
"G[0,1](Chloride >= 11.569 & HCO3 >= 1.216)
",9999999.000,9999999.000,0.000,1.000,0.000,1,0,0,22,23,0,1,22,0.043478260869565216,0.0,0.0,1.0,0.043478260869565216,0.9565217391304348
"G[0,1](Chloride >= 17.224 & HCO3 >= 0.937)
",9999999.000,9999999.000,0.000,1.000,0.000,1,0,0,22,23,0,1,22,0.043478260869565216,0.0,0.0,1.0,0.043478260869565216,0.9565217391304348
"G[0,1](PTT <= 15.436 -> WBC >= 0.566)
",9999999.000,9999999.000,0.000,1.000,0.000,1,0,0,22,23,0,1,22,0.043478260869565216,0.0,0.0,1.0,0.043478260869565216,0.9565217391304348
"G[0,0](((FiO2 >= 0.075 | pH >= 0.956) | Calcium >= 0.573) & PTT >= 0.758)
",0.438,2.168,0.000,1.000,0.000,1,0,0,22,23,0,1,22,0.043478260869565216,0.0,0.0,1.0,0.043478260869565216,0.9565217391304348
"G[0,1](((Creatinine >= 0.021 & FiO2 <= 0.738) | Hgb >= 0.053) & MAP >= 0.068)
",9999999.000,9999999.000,0.000,1.000,0.000,1,0,0,22,23,0,1,22,0.043478260869565216,0.0,0.0,1.0,0.043478260869565216,0.9565217391304348
"G[1,1]((BaseExcess <= 0.235 & Glucose >= 13.533) & O2Sat <= 49.122)
",-13.533,-13.533,0.000,1.000,0.000,1,0,0,22,23,0,1,22,0.043478260869565216,0.0,0.0,1.0,0.043478260869565216,0.9565217391304348
"G[0,1](((Magnesium >= 0.247 | Temp >= 5.160) | Bilirubin_total <= 22.606) -> BUN >= 9.454)
",9999999.000,9999999.000,0.000,1.000,0.000,1,0,0,22,23,0,1,22,0.043478260869565216,0.0,0.0,1.0,0.043478260869565216,0.9565217391304348
"G[0,2](BUN <= 3.029 & Creatinine >= 0.017)
",9999999.000,9999999.000,0.000,1.000,0.000,0,0,0,23,23,0,0,23,0.0,0.0,0.0,0.0,0.0,1.0
"G[0,2](Hct >= 5.896 | Temp >= 0.874)
",9999999.000,9999999.000,0.000,1.000,0.000,0,0,5,18,18,5,5,18,0.0,0.0,1.0,0.0,0.0,1.0
"G[0,2](((Alkalinephos <= 81.428 -> Magnesium <= 0.467) | SepsisLabel >= 0.172) | BaseExcess <= 1.482)
",9999999.000,9999999.000,0.000,1.000,0.000,0,0,23,0,0,23,23,0,0.0,0.0,1.0,0.0,0.0,1.0
"G[0,2]((O2Sat >= 50.892 & Potassium >= 0.207) & Resp <= 4.152)
",9999999.000,9999999.000,0.000,1.000,0.000,0,0,0,23,23,0,0,23,0.0,0.0,0.0,0.0,0.0,1.0
"G[0,1](((Hgb <= 9.404 | Hct <= 36.772) -> WBC >= 1.760) & Platelets >= 7.824)
",9999999.000,9999999.000,0.000,1.000,0.000,0,0,0,23,23,0,0,23,0.0,0.0,0.0,0.0,0.0,1.0
"G[1,2](((BUN >= 0.695 | PaCO2 <= 34.026) | WBC <= 24.363) -> Potassium <= 19.678)
",9999999.000,9999999.000,0.000,1.000,0.000,0,0,23,0,0,23,23,0,0.0,0.0,1.0,0.0,0.0,1.0
"G[0,2](AST >= 0.255 | PaCO2 >= 0.014)
",9999999.000,9999999.000,0.000,1.000,0.000,0,0,2,21,21,2,2,21,0.0,0.0,1.0,0.0,0.0,1.0
"G[1,2](((BaseExcess >= -5.686 -> Phosphate >= 0.119) & Alkalinephos >= 0.046) | Fibrinogen <= 0.908)
",9999999.000,9999999.000,0.000,1.000,0.000,0,0,23,0,0,23,23,0,0.0,0.0,1.0,0.0,0.0,1.0
"G[1,2](((Hgb <= 6.196 | Hct <= 8.546) -> WBC >= 0.534) & Platelets >= 23.985)
",9999999.000,9999999.000,0.000,1.000,0.000,0,0,3,20,20,3,3,20,0.0,0.0,1.0,0.0,0.0,1.0
"G[1,2](Calcium >= 0.150 & MAP >= 11.078)
",9999999.000,9999999.000,0.000,1.000,0.000,0,0,2,21,21,2,2,21,0.0,0.0,1.0,0.0,0.0,1.0
"G[1,2](((Alkalinephos <= 17.100 & DBP <= 29.755) & Creatinine >= 8.539) & Hct <= 29.046)
",9999999.000,9999999.000,0.000,1.000,0.000,0,0,0,23,23,0,0,23,0.0,0.0,0.0,0.0,0.0,1.0
"G[0,2]((Bilirubin_direct <= 0.340 | Temp >= 3.537) -> HR >= 0.105)
",9999999.000,9999999.000,0.000,1.000,0.000,0,0,21,2,2,21,21,2,0.0,0.0,1.0,0.0,0.0,1.0
"G[0,2](Platelets <= 236.254 -> WBC >= 0.628)
",9999999.000,9999999.000,0.000,1.000,0.000,0,0,1,22,22,1,1,22,0.0,0.0,1.0,0.0,0.0,1.0
"G[0,2](((Alkalinephos <= 16.431 & SBP >= 15.205) -> Temp >= 28.110) & Bilirubin_direct <= 119.339)
",9999999.000,9999999.000,0.000,1.000,0.000,0,0,16,7,7,16,16,7,0.0,0.0,1.0,0.0,0.0,1.0
"G[1,2](((Hgb <= 6.721 | Hct <= 36.431) -> WBC >= 1.202) & Platelets >= 21.285)
",9999999.000,9999999.000,0.000,1.000,0.000,0,0,3,20,20,3,3,20,0.0,0.0,1.0,0.0,0.0,1.0
"G[1,2](((pH <= 2.463 -> Potassium <= 1.905) & MAP >= 0.671) -> HCO3 <= 4.190)
",9999999.000,9999999.000,0.000,1.000,0.000,0,0,23,0,0,23,23,0,0.0,0.0,1.0,0.0,0.0,1.0
"G[1,2]((HCO3 >= 0.669 | HR >= 96.418) | Bilirubin_direct <= 121.087)
",9999999.000,9999999.000,0.000,1.000,0.000,0,0,23,0,0,23,23,0,0.0,0.0,1.0,0.0,0.0,1.0
"G[0,2](((Temp <= 37.087 -> WBC >= 1.272) -> Bilirubin_direct >= 0.236) & Creatinine <= 5.608)
",9999999.000,9999999.000,0.000,1.000,0.000,0,0,12,11,11,12,12,11,0.0,0.0,1.0,0.0,0.0,1.0
"G[0,2]((Hgb >= 0.319 & PaCO2 <= 13.390) | Calcium <= 49.879)
",9999999.000,9999999.000,0.000,1.000,0.000,0,0,23,0,0,23,23,0,0.0,0.0,1.0,0.0,0.0,1.0
"G[2,2](FiO2 <= 0.779 -> WBC <= 6.643)
",-7479581493689005.000,-6.643,0.000,1.000,0.000,0,0,23,0,0,23,23,0,0.0,0.0,1.0,0.0,0.0,1.0
"G[0,2](HCO3 >= 0.312 & pH >= 1.138)
",9999999.000,9999999.000,0.000,1.000,0.000,0,0,0,23,23,0,0,23,0.0,0.0,0.0,0.0,0.0,1.0
"G[1,2](Chloride >= 3.335 & HCO3 >= 3.179)
",9999999.000,9999999.000,0.000,1.000,0.000,0,0,4,19,19,4,4,19,0.0,0.0,1.0,0.0,0.0,1.0
"G[0,0](AST >= 0.144 & pH >= 1.482)
",-5.996,-1.400,0.000,1.000,0.000,0,0,0,23,23,0,0,23,0.0,0.0,0.0,0.0,0.0,1.0
"G[2,2](Magnesium >= 0.156 & O2Sat <= 96.165)
",-2808992419171310.000,-0.156,0.000,1.000,0.000,0,0,23,0,0,23,23,0,0.0,0.0,1.0,0.0,0.0,1.0
"G[2,2](Alkalinephos <= 50.267 | HR >= 21.604)
",3537245607399938.000,50.267,0.000,1.000,0.000,0,0,23,0,0,23,23,0,0.0,0.0,1.0,0.0,0.0,1.0
"G[1,2](BUN <= 9.070 & Creatinine >= 0.013)
",9999999.000,9999999.000,0.000,1.000,0.000,0,0,0,23,23,0,0,23,0.0,0.0,0.0,0.0,0.0,1.0
"G[0,2](DBP <= 54.056 & Platelets <= 272.949)
",9999999.000,9999999.000,0.000,1.000,0.000,0,0,14,9,9,14,14,9,0.0,0.0,1.0,0.0,0.0,1.0
"G[0,2](((Hgb >= 0.442 -> SBP >= 23.573) -> Temp >= 2.648) -> Bilirubin_total <= 75.306)
",9999999.000,9999999.000,0.000,1.000,0.000,0,0,23,0,0,23,23,0,0.0,0.0,1.0,0.0,0.0,1.0
"G[0,2](BUN <= 3.052 & Creatinine >= 0.049)
",9999999.000,9999999.000,0.000,1.000,0.000,0,0,0,23,23,0,0,23,0.0,0.0,0.0,0.0,0.0,1.0
"G[0,2](((Potassium >= 0.084 -> Temp >= 1.811) & FiO2 >= 0.634) | Calcium <= 22.858)
",9999999.000,9999999.000,0.000,1.000,0.000,0,0,23,0,0,23,23,0,0.0,0.0,1.0,0.0,0.0,1.0
"G[2,2](Platelets <= 130.315 -> WBC >= 0.873)
",-4585042356779073.000,-130.315,0.000,1.000,0.000,0,0,23,0,0,23,23,0,0.0,0.0,1.0,0.0,0.0,1.0
"G[1,2](((Bilirubin_direct <= 0.027 & PTT <= 11.017) | FiO2 <= 11.647) & Lactate <= 13.208)
",9999999.000,9999999.000,0.000,1.000,0.000,0,0,23,0,0,23,23,0,0.0,0.0,1.0,0.0,0.0,1.0
"G[2,2](((AST >= 0.252 & Platelets <= 80.156) | WBC >= 22.132) -> HR <= 237.754)
",-8365233015390077.000,-237.754,0.000,1.000,0.000,0,0,23,0,0,23,23,0,0.0,0.0,1.0,0.0,0.0,1.0
"G[1,2](((SBP >= 28.424 & SBP >= 11.000) | BUN >= 30.028) | Bilirubin_direct <= 48.566)
",9999999.000,9999999.000,0.000,1.000,0.000,0,0,23,0,0,23,23,0,0.0,0.0,1.0,0.0,0.0,1.0
"G[1,2](SBP >= 15.225 | Lactate >= 0.011)
",9999999.000,9999999.000,0.000,1.000,0.000,0,0,9,14,14,9,9,14,0.0,0.0,1.0,0.0,0.0,1.0
"G[1,2]((BUN >= 2.101 | Hgb <= 6.175) | SBP <= 3.886)
",9999999.000,9999999.000,0.000,1.000,0.000,0,0,23,0,0,23,23,0,0.0,0.0,1.0,0.0,0.0,1.0
"G[2,2](((WBC >= 1.690 | WBC >= 1.048) & EtCO2 >= 1.987) | EtCO2 >= 0.783)
",-3526135162583854.000,-0.783,0.000,1.000,0.000,0,0,23,0,0,23,23,0,0.0,0.0,1.0,0.0,0.0,1.0
"G[2,2]((SBP >= 13.966 | SepsisLabel >= 0.000) -> BUN <= 0.000)
",0.000,0.000,0.000,1.000,0.000,0,0,23,0,0,23,23,0,0.0,0.0,1.0,0.0,0.0,1.0
"G[0,2]((BUN <= 3.874 & Hgb >= 1.785) & HR >= 0.938)
",9999999.000,9999999.000,0.000,1.000,0.000,0,0,0,23,23,0,0,23,0.0,0.0,0.0,0.0,0.0,1.0
"G[0,2](((Alkalinephos <= 58.843 | O2Sat <= 95.221) & HR <= 92.383) -> TroponinI >= 50.426)
",9999999.000,9999999.000,0.000,1.000,0.000,0,0,21,2,2,21,21,2,0.0,0.0,1.0,0.0,0.0,1.0
"G[0,2](((TroponinI <= 0.000 -> Phosphate <= 1.729) | Platelets >= 0.006) | Phosphate <= 2.329)
",9999999.000,9999999.000,0.000,1.000,0.000,0,0,23,0,0,23,23,0,0.0,0.0,1.0,0.0,0.0,1.0
"G[2,2](BUN <= 5.481 & Creatinine >= 0.016)
",-4750076211195007.000,-0.016,0.000,1.000,0.000,0,0,23,0,0,23,23,0,0.0,0.0,1.0,0.0,0.0,1.0
"G[1,2](((MAP <= 84.696 -> Magnesium >= 0.251) & PaCO2 >= 0.205) -> Fibrinogen <= 1.937)
",9999999.000,9999999.000,0.000,1.000,0.000,0,0,23,0,0,23,23,0,0.0,0.0,1.0,0.0,0.0,1.0
"G[1,2]((PaCO2 >= 0.463 | Chloride >= 18.893) | Lactate >= 6.845)
",9999999.000,9999999.000,0.000,1.000,0.000,0,0,9,14,14,9,9,14,0.0,0.0,1.0,0.0,0.0,1.0
"G[1,2](((Hgb <= 7.773 | Hct <= 36.715) -> WBC >= 0.832) & Platelets >= 22.813)
",9999999.000,9999999.000,0.000,1.000,0.000,0,0,3,20,20,3,3,20,0.0,0.0,1.0,0.0,0.0,1.0
"G[2,2](Chloride >= 1.357 & HCO3 >= 2.337)
",-2631485083948886.000,-2.337,0.000,1.000,0.000,0,0,23,0,0,23,23,0,0.0,0.0,1.0,0.0,0.0,1.0
"G[1,2](Temp <= 15.523 -> Creatinine <= 0.120)
",9999999.000,9999999.000,0.000,1.000,0.000,0,0,21,2,2,21,21,2,0.0,0.0,1.0,0.0,0.0,1.0
"G[2,2](BUN <= 5.000 & Creatinine >= 0.005)
",-2603281361094638.000,-0.005,0.000,1.000,0.000,0,0,23,0,0,23,23,0,0.0,0.0,1.0,0.0,0.0,1.0
"G[0,2](((Hgb <= 11.440 | Hct <= 16.078) -> WBC >= 0.470) & Platelets >= 25.116)
",9999999.000,9999999.000,0.000,1.000,0.000,0,0,0,23,23,0,0,23,0.0,0.0,0.0,0.0,0.0,1.0
"G[0,1](((Bilirubin_direct <= 0.384 -> HCO3 <= 5.629) -> Resp <= 17.572) & Platelets <= 22.843)
",9999999.000,9999999.000,0.000,1.000,0.000,0,0,0,23,23,0,0,23,0.0,0.0,0.0,0.0,0.0,1.0
"G[0,2](Platelets <= 59.402 -> WBC >= 0.987)
",9999999.000,9999999.000,0.000,1.000,0.000,0,0,1,22,22,1,1,22,0.0,0.0,1.0,0.0,0.0,1.0
"G[1,2](((Hgb <= 10.169 | Hct <= 23.031) -> WBC >= 1.155) & Platelets >= 22.056)
",9999999.000,9999999.000,0.000,1.000,0.000,0,0,3,20,20,3,3,20,0.0,0.0,1.0,0.0,0.0,1.0
"G[1,2]((Chloride <= 69.671 & SBP >= 2.672) -> Chloride <= 122.121)
",9999999.000,9999999.000,0.000,1.000,0.000,0,0,23,0,0,23,23,0,0.0,0.0,1.0,0.0,0.0,1.0
"G[1,2](((FiO2 >= 0.055 | Glucose >= 28.258) -> DBP <= 128.587) -> FiO2 >= 28.271)
",9999999.000,9999999.000,0.000,1.000,0.000,0,0,0,23,23,0,0,23,0.0,0.0,0.0,0.0,0.0,1.0
"G[2,2](pH <= 3.767 -> WBC >= 1.066)
",-3.767,-3.767,0.000,1.000,0.000,0,0,23,0,0,23,23,0,0.0,0.0,1.0,0.0,0.0,1.0
"G[0,2](((Hgb <= 7.806 & pH >= 0.397) -> Bilirubin_total <= 3.349) & BaseExcess >= 1.321)
",9999999.000,9999999.000,0.000,1.000,0.000,0,0,0,23,23,0,0,23,0.0,0.0,0.0,0.0,0.0,1.0
"G[0,2](((Alkalinephos <= 47.692 | Lactate <= 0.416) -> SaO2 >= 0.021) | SepsisLabel >= 0.004)
",9999999.000,9999999.000,0.000,1.000,0.000,0,0,3,20,20,3,3,20,0.0,0.0,1.0,0.0,0.0,1.0
"G[1,2]((Chloride <= 25.690 -> HR <= 112.349) | Hct <= 125.625)
",9999999.000,9999999.000,0.000,1.000,0.000,0,0,23,0,0,23,23,0,0.0,0.0,1.0,0.0,0.0,1.0
"G[0,2]((Bilirubin_total >= 0.001 | Phosphate >= 0.129) & Chloride >= 0.014)
",9999999.000,9999999.000,0.000,1.000,0.000,0,0,0,23,23,0,0,23,0.0,0.0,0.0,0.0,0.0,1.0
"G[0,1](((Hgb <= 4.035 | Hct <= 9.421) -> WBC >= 1.029) & Platelets >= 17.479)
",9999999.000,9999999.000,0.000,1.000,0.000,0,0,0,23,23,0,0,23,0.0,0.0,0.0,0.0,0.0,1.0
"G[0,2]((DBP >= 13.731 | Hct <= 27.162) -> O2Sat <= 31.995)
",9999999.000,9999999.000,0.000,1.000,0.000,0,0,3,20,20,3,3,20,0.0,0.0,1.0,0.0,0.0,1.0
"G[0,2](Resp <= 31.178 | Temp >= 7.735)
",9999999.000,9999999.000,0.000,1.000,0.000,0,0,16,7,7,16,16,7,0.0,0.0,1.0,0.0,0.0,1.0
"G[0,1](((Hgb >= 0.727 | SaO2 <= 22.299) | SBP <= 23.300) & Lactate >= 15.837)
",9999999.000,9999999.000,0.000,1.000,0.000,0,0,0,23,23,0,0,23,0.0,0.0,0.0,0.0,0.0,1.0
"G[2,2](BUN <= 3.738 & Creatinine >= 0.015)
",-8812452137825251.000,-0.015,0.000,1.000,0.000,0,0,23,0,0,23,23,0,0.0,0.0,1.0,0.0,0.0,1.0
"G[2,2](BUN <= 8.434 & Creatinine >= 0.018)
",-2591498001679169.500,-0.018,0.000,1.000,0.000,0,0,23,0,0,23,23,0,0.0,0.0,1.0,0.0,0.0,1.0
"G[1,2]((HR >= 90.192 -> SBP <= 57.389) -> Alkalinephos <= 75.161)
",9999999.000,9999999.000,0.000,1.000,0.000,0,0,23,0,0,23,23,0,0.0,0.0,1.0,0.0,0.0,1.0
"G[1,2](((Calcium <= 3.486 & HR >= 30.736) & Magnesium <= 117.839) & PaCO2 >= 59.164)
",9999999.000,9999999.000,0.000,1.000,0.000,0,0,0,23,23,0,0,23,0.0,0.0,0.0,0.0,0.0,1.0
"G[0,0](((PaCO2 >= 1.168 & Platelets >= 7.785) & DBP <= 123.776) & WBC <= 166.156)
",-4382653829773646.500,-7.785,0.000,1.000,0.000,0,0,0,23,23,0,0,23,0.0,0.0,0.0,0.0,0.0,1.0
"G[1,2](BUN >= 1.529 -> SBP <= 32.435)
",9999999.000,9999999.000,0.000,1.000,0.000,0,0,22,1,1,22,22,1,0.0,0.0,1.0,0.0,0.0,1.0
"G[1,2](((Hgb <= 9.311 | Hct <= 28.211) -> WBC >= 1.478) & Platelets >= 23.781)
",9999999.000,9999999.000,0.000,1.000,0.000,0,0,3,20,20,3,3,20,0.0,0.0,1.0,0.0,0.0,1.0
"G[0,2](Platelets <= 67.535 -> WBC >= 0.699)
",9999999.000,9999999.000,0.000,1.000,0.000,0,0,1,22,22,1,1,22,0.0,0.0,1.0,0.0,0.0,1.0
"G[0,2]((Phosphate >= 0.042 & Temp <= 17.270) -> MAP <= 31.327)
",9999999.000,9999999.000,0.000,1.000,0.000,0,0,21,2,2,21,21,2,0.0,0.0,1.0,0.0,0.0,1.0
"G[0,1](BUN <= 2.746 & Creatinine >= 0.046)
",9999999.000,9999999.000,0.000,1.000,0.000,0,0,0,23,23,0,0,23,0.0,0.0,0.0,0.0,0.0,1.0
"G[0,1](((BUN <= 5.011 & Creatinine <= 0.301) & MAP >= 0.009) & MAP <= 0.539)
",9999999.000,9999999.000,0.000,1.000,0.000,0,0,0,23,23,0,0,23,0.0,0.0,0.0,0.0,0.0,1.0
"G[1,2](((MAP <= 86.079 | Phosphate <= 1.356) & Hgb <= 1.411) & PaCO2 >= 0.002)
",9999999.000,9999999.000,0.000,1.000,0.000,0,0,5,18,18,5,5,18,0.0,0.0,1.0,0.0,0.0,1.0
"G[0,2](Fibrinogen <= 0.000 & SepsisLabel = 0.000)
",9999999.000,9999999.000,0.000,1.000,0.000,0,0,23,0,0,23,23,0,0.0,0.0,1.0,0.0,0.0,1.0
"G[0,1](Alkalinephos >= 1.464 & Platelets <= 87.476)
",9999999.000,9999999.000,0.000,1.000,0.000,0,0,0,23,23,0,0,23,0.0,0.0,0.0,0.0,0.0,1.0
"G[0,2](((DBP <= 44.481 | SBP >= 17.518) & Phosphate >= 11.659) | SepsisLabel >= 17.004)
",9999999.000,9999999.000,0.000,1.000,0.000,0,0,0,23,23,0,0,23,0.0,0.0,0.0,0.0,0.0,1.0
"G[2,2](((FiO2 <= 0.622 | SBP <= 85.059) -> pH <= 83.491) | SaO2 >= 2.771)
",-2.771,-2.771,0.000,1.000,0.000,0,0,23,0,0,23,23,0,0.0,0.0,1.0,0.0,0.0,1.0
"G[0,2](((Creatinine <= 0.528 -> Magnesium >= 0.168) & Temp <= 1.869) & Hgb >= 0.265)
",9999999.000,9999999.000,0.000,1.000,0.000,0,0,1,22,22,1,1,22,0.0,0.0,1.0,0.0,0.0,1.0
"G[0,2]((BaseExcess <= -0.380 & FiO2 <= 0.869) -> Temp <= 0.644)
",9999999.000,9999999.000,0.000,1.000,0.000,0,0,19,4,4,19,19,4,0.0,0.0,1.0,0.0,0.0,1.0
"G[0,2](((HCO3 >= 1.160 & Potassium <= 2.332) & Potassium <= 2.127) & Creatinine >= 0.639)
",9999999.000,9999999.000,0.000,1.000,0.000,0,0,0,23,23,0,0,23,0.0,0.0,0.0,0.0,0.0,1.0
"G[1,2](Glucose <= 117.471 & Hgb >= 0.772)
",9999999.000,9999999.000,0.000,1.000,0.000,0,0,3,20,20,3,3,20,0.0,0.0,1.0,0.0,0.0,1.0
"G[2,2](((Calcium >= 0.069 & Phosphate >= 0.087) & Potassium <= 0.566) | Temp >= 0.121)
",-6259488155710511.000,-0.087,0.000,1.000,0.000,0,0,23,0,0,23,23,0,0.0,0.0,1.0,0.0,0.0,1.0
"G[1,2]((DBP <= 46.998 & SaO2 >= 17.174) & HCO3 <= 47.471)
",9999999.000,9999999.000,0.000,1.000,0.000,0,0,2,21,21,2,2,21,0.0,0.0,1.0,0.0,0.0,1.0
"G[2,2](Phosphate < 1.651 & SepsisLabel = 0.000)
",0.000,0.000,0.000,1.000,0.000,0,0,23,0,0,23,23,0,0.0,0.0,1.0,0.0,0.0,1.0
"G[1,2]((FiO2 >= 0.013 | O2Sat <= 91.334) | Magnesium <= 97.173)
",9999999.000,9999999.000,0.000,1.000,0.000,0,0,23,0,0,23,23,0,0.0,0.0,1.0,0.0,0.0,1.0
"G[2,2](MAP >= 44.440 & SepsisLabel = 0.000)
",-6254324830468911.000,-44.440,0.000,1.000,0.000,0,0,23,0,0,23,23,0,0.0,0.0,1.0,0.0,0.0,1.0
"G[1,2](((AST <= 0.883 | MAP <= 74.444) -> Lactate >= 0.344) -> TroponinI >= 65.720)
",9999999.000,9999999.000,0.000,1.000,0.000,0,0,21,2,2,21,21,2,0.0,0.0,1.0,0.0,0.0,1.0
"G[1,2](((Alkalinephos >= 1.978 -> WBC <= 9.078) | SepsisLabel <= 9.750) -> PTT <= 9.643)
",9999999.000,9999999.000,0.000,1.000,0.000,0,0,21,2,2,21,21,2,0.0,0.0,1.0,0.0,0.0,1.0
"G[0,0]((O2Sat >= 7.090 -> PaCO2 >= 0.169) & Alkalinephos >= 1.865)
",-10.698,-113.476,0.000,1.000,0.000,0,0,0,23,23,0,0,23,0.0,0.0,0.0,0.0,0.0,1.0
"G[0,2](HR >= 71.971 -> PaCO2 <= 11.511)
",9999999.000,9999999.000,0.000,1.000,0.000,0,0,18,5,5,18,18,5,0.0,0.0,1.0,0.0,0.0,1.0
"G[1,2](O2Sat <= 89.524 & SepsisLabel = 0.000)
",9999999.000,9999999.000,0.000,1.000,0.000,0,0,3,20,20,3,3,20,0.0,0.0,1.0,0.0,0.0,1.0
"G[0,2](((Glucose >= 19.042 & Phosphate >= 0.115) | Fibrinogen >= 0.095) | SaO2 <= 2.788)
",9999999.000,9999999.000,0.000,1.000,0.000,0,0,16,7,7,16,16,7,0.0,0.0,1.0,0.0,0.0,1.0
"G[0,2](MAP > 3.081 & SepsisLabel = 0.000)
",9999999.000,9999999.000,0.000,1.000,0.000,0,0,20,3,3,20,20,3,0.0,0.0,1.0,0.0,0.0,1.0
"G[0,2]((Glucose <= 65.976 -> WBC >= 1.207) -> HCO3 >= 1.328)
",9999999.000,9999999.000,0.000,1.000,0.000,0,0,18,5,5,18,18,5,0.0,0.0,1.0,0.0,0.0,1.0
"G[2,2](((Glucose >= 11.525 | Resp >= 1.062) -> MAP >= 19.697) & HCO3 >= 4.581)
",-4.581,-4.581,0.000,1.000,0.000,0,0,23,0,0,23,23,0,0.0,0.0,1.0,0.0,0.0,1.0
"G[0,2]((BUN <= 13.744 -> HCO3 <= 22.117) | SaO2 >= 3.969)
",9999999.000,9999999.000,0.000,1.000,0.000,0,0,20,3,3,20,20,3,0.0,0.0,1.0,0.0,0.0,1.0
"G[1,2](((BUN <= 4.921 | Potassium >= 0.316) & Creatinine <= 1.425) -> Bilirubin_direct >= 0.469)
",9999999.000,9999999.000,0.000,1.000,0.000,0,0,0,23,23,0,0,23,0.0,0.0,0.0,0.0,0.0,1.0
"G[1,2](((HR <= 113.130 & O2Sat <= 95.501) & DBP <= 93.319) & Resp >= 51.286)
",9999999.000,9999999.000,0.000,1.000,0.000,0,0,0,23,23,0,0,23,0.0,0.0,0.0,0.0,0.0,1.0
"G[1,2](((Platelets >= 17.981 -> Potassium >= 0.289) -> Hgb <= 1.494) & Fibrinogen <= 2.268)
",9999999.000,9999999.000,0.000,1.000,0.000,0,0,19,4,4,19,19,4,0.0,0.0,1.0,0.0,0.0,1.0
"G[0,1](((BUN >= 0.924 | Platelets <= 195.731) | MAP >= 0.808) & Bilirubin_direct >= 5.861)
",9999999.000,9999999.000,0.000,1.000,0.000,0,0,0,23,23,0,0,23,0.0,0.0,0.0,0.0,0.0,1.0
"G[0,2]((Creatinine <= 0.247 & Potassium <= 1.967) -> Glucose >= 0.382)
",9999999.000,9999999.000,0.000,1.000,0.000,0,0,4,19,19,4,4,19,0.0,0.0,1.0,0.0,0.0,1.0
"G[1,1](((Hgb <= 7.899 | Magnesium <= 1.106) -> EtCO2 <= 1.281) -> TroponinI >= 0.084)
",3039701330213481.500,0.084,0.000,1.000,0.000,0,0,0,23,23,0,0,23,0.0,0.0,0.0,0.0,0.0,1.0
"G[2,2]((Lactate >= 0.031 | O2Sat >= 43.339) -> SaO2 <= 88.698)
",-88.698,-88.698,0.000,1.000,0.000,0,0,23,0,0,23,23,0,0.0,0.0,1.0,0.0,0.0,1.0
"G[0,2]((pH >= 0.418 -> SaO2 <= 27.679) & Hgb >= 6.686)
",9999999.000,9999999.000,0.000,1.000,0.000,0,0,1,22,22,1,1,22,0.0,0.0,1.0,0.0,0.0,1.0
"G[1,2]((BaseExcess >= -6.933 | PaCO2 <= 30.588) -> Platelets <= 45.534)
",9999999.000,9999999.000,0.000,1.000,0.000,0,0,20,3,3,20,20,3,0.0,0.0,1.0,0.0,0.0,1.0
"G[0,2]((Chloride >= 7.579 & PTT >= 1.171) | WBC <= 28.655)
",9999999.000,9999999.000,0.000,1.000,0.000,0,0,23,0,0,23,23,0,0.0,0.0,1.0,0.0,0.0,1.0
"G[1,2]((HR >= 2.173 -> Lactate >= 0.035) -> SaO2 <= 0.794)
",9999999.000,9999999.000,0.000,1.000,0.000,0,0,22,1,1,22,22,1,0.0,0.0,1.0,0.0,0.0,1.0
"G[1,2](((BUN >= 0.057 | Hgb >= 2.175) & Potassium <= 10.839) & FiO2 <= 10.962)
",9999999.000,9999999.000,0.000,1.000,0.000,0,0,4,19,19,4,4,19,0.0,0.0,1.0,0.0,0.0,1.0
"G[0,2](((HCO3 <= 11.211 -> Phosphate <= 1.692) | WBC >= 0.045) | Calcium >= 0.112)
",9999999.000,9999999.000,0.000,1.000,0.000,0,0,23,0,0,23,23,0,0.0,0.0,1.0,0.0,0.0,1.0
"G[0,2]((Alkalinephos <= 43.237 -> PTT <= 12.242) -> Chloride <= 4.901)
",9999999.000,9999999.000,0.000,1.000,0.000,0,0,17,6,6,17,17,6,0.0,0.0,1.0,0.0,0.0,1.0
"G[0,1](((AST <= 5.118 | PTT >= 0.946) | WBC <= 10.948) -> BaseExcess >= 1.251)
",9999999.000,9999999.000,0.000,1.000,0.000,0,0,0,23,23,0,0,23,0.0,0.0,0.0,0.0,0.0,1.0
"G[1,2](((Chloride >= 9.904 | Hgb <= 10.231) -> HR <= 11.819) | MAP >= 1.049)
",9999999.000,9999999.000,0.000,1.000,0.000,0,0,23,0,0,23,23,0,0.0,0.0,1.0,0.0,0.0,1.0
"G[0,2]((Calcium <= 7.406 -> PTT >= 0.077) | MAP >= 1.479)
",9999999.000,9999999.000,0.000,1.000,0.000,0,0,20,3,3,20,20,3,0.0,0.0,1.0,0.0,0.0,1.0
"G[1,2]((Chloride >= 15.017 & Phosphate <= 0.404) -> Resp >= 0.014)
",9999999.000,9999999.000,0.000,1.000,0.000,0,0,22,1,1,22,22,1,0.0,0.0,1.0,0.0,0.0,1.0
"G[0,1]((Glucose >= 6.713 -> pH >= 1.156) -> BaseExcess >= 0.028)
",9999999.000,9999999.000,0.000,1.000,0.000,0,0,0,23,23,0,0,23,0.0,0.0,0.0,0.0,0.0,1.0
"G[2,2](((Glucose <= 103.090 & PTT <= 3.669) | Lactate >= 1.170) & FiO2 <= 27.916)
",3.669,3.669,0.000,1.000,0.000,0,0,23,0,0,23,23,0,0.0,0.0,1.0,0.0,0.0,1.0
"G[0,1](((Hct <= 37.045 -> WBC <= 8.438) & Fibrinogen <= 8.725) -> Alkalinephos >= 1.464)
",9999999.000,9999999.000,0.000,1.000,0.000,0,0,0,23,23,0,0,23,0.0,0.0,0.0,0.0,0.0,1.0
"G[0,2]((HR >= 30.914 & SaO2 >= 11.568) & Lactate >= 11.455)
",9999999.000,9999999.000,0.000,1.000,0.000,0,0,0,23,23,0,0,23,0.0,0.0,0.0,0.0,0.0,1.0
"G[1,2]((Magnesium >= 0.119 & PTT <= 30.544) -> Bilirubin_total >= 2.300)
",9999999.000,9999999.000,0.000,1.000,0.000,0,0,20,3,3,20,20,3,0.0,0.0,1.0,0.0,0.0,1.0
"G[2,2]((Alkalinephos <= 77.924 & HCO3 <= 14.676) -> Alkalinephos >= 4.026)
",-4130995884464885.500,-14.676,0.000,1.000,0.000,0,0,23,0,0,23,23,0,0.0,0.0,1.0,0.0,0.0,1.0
"G[0,2](HR < 129.153 & SepsisLabel = 0.000)
",9999999.000,9999999.000,0.000,1.000,0.000,0,0,17,6,6,17,17,6,0.0,0.0,1.0,0.0,0.0,1.0
"G[1,2](Glucose > 24.416 & SepsisLabel = 0.000)
",9999999.000,9999999.000,0.000,1.000,0.000,0,0,7,16,16,7,7,16,0.0,0.0,1.0,0.0,0.0,1.0
"G[2,2](Hct >= 0.684 -> SepsisLabel = 0.000)
",0.000,0.000,0.000,1.000,0.000,0,0,23,0,0,23,23,0,0.0,0.0,1.0,0.0,0.0,1.0
"G[1,2](((Chloride >= 6.203 & MAP >= 53.159) | Resp >= 26.294) | HCO3 <= 93.706)
",9999999.000,9999999.000,0.000,1.000,0.000,0,0,23,0,0,23,23,0,0.0,0.0,1.0,0.0,0.0,1.0
"G[0,2](PTT <= 10.352 | Temp <= 12.170)
",9999999.000,9999999.000,0.000,1.000,0.000,0,0,23,0,0,23,23,0,0.0,0.0,1.0,0.0,0.0,1.0
"G[0,2](((Creatinine <= 0.566 & O2Sat >= 54.926) & Chloride <= 91.976) -> SepsisLabel >= 18.511)
",9999999.000,9999999.000,0.000,1.000,0.000,0,0,3,20,20,3,3,20,0.0,0.0,1.0,0.0,0.0,1.0
"G[1,2](TroponinI < 0.000 & SepsisLabel = 0.000)
",9999999.000,9999999.000,0.000,1.000,0.000,0,0,0,23,23,0,0,23,0.0,0.0,0.0,0.0,0.0,1.0
"G[1,2](((Resp <= 37.142 | SBP >= 3.735) | HR <= 81.724) | Lactate <= 67.563)
",9999999.000,9999999.000,0.000,1.000,0.000,0,0,23,0,0,23,23,0,0.0,0.0,1.0,0.0,0.0,1.0
"G[1,1](BUN <= 5.782 & Creatinine >= 0.023)
",-6602606541834610.000,-0.023,0.000,1.000,0.000,0,0,0,23,23,0,0,23,0.0,0.0,0.0,0.0,0.0,1.0
"G[0,1](((Hgb <= 4.924 | Hct <= 23.377) -> WBC >= 1.359) & Platelets >= 2.131)
",9999999.000,9999999.000,0.000,1.000,0.000,0,0,0,23,23,0,0,23,0.0,0.0,0.0,0.0,0.0,1.0
"G[2,2](((BaseExcess >= -0.859 & Magnesium <= 1.121) & Fibrinogen <= 1.877) -> WBC <= 1.445)
",-3253667030919278.000,-1.445,0.000,1.000,0.000,0,0,23,0,0,23,23,0,0.0,0.0,1.0,0.0,0.0,1.0
"G[1,2](Calcium >= 0.329 & pH >= 0.765)
",9999999.000,9999999.000,0.000,1.000,0.000,0,0,0,23,23,0,0,23,0.0,0.0,0.0,0.0,0.0,1.0
"G[2,2](((FiO2 >= 0.023 & PaCO2 <= 35.269) -> Fibrinogen <= 51.711) -> O2Sat <= 28.572)
",-2680797737192056.500,-28.572,0.000,1.000,0.000,0,0,23,0,0,23,23,0,0.0,0.0,1.0,0.0,0.0,1.0
"G[0,2](((Potassium <= 3.195 -> SaO2 >= 14.064) & Potassium <= 78.470) | Resp <= 49.997)
",9999999.000,9999999.000,0.000,1.000,0.000,0,0,23,0,0,23,23,0,0.0,0.0,1.0,0.0,0.0,1.0
"G[0,2](BUN >= 0.733 | FiO2 <= 0.772)
",9999999.000,9999999.000,0.000,1.000,0.000,0,0,23,0,0,23,23,0,0.0,0.0,1.0,0.0,0.0,1.0
"G[1,2]((BUN >= 0.706 & Magnesium <= 0.945) | Calcium <= 1.785)
",9999999.000,9999999.000,0.000,1.000,0.000,0,0,21,2,2,21,21,2,0.0,0.0,1.0,0.0,0.0,1.0
"G[0,2]((Chloride <= 99.538 | SaO2 <= 45.287) -> Temp <= 84.117)
",9999999.000,9999999.000,0.000,1.000,0.000,0,0,23,0,0,23,23,0,0.0,0.0,1.0,0.0,0.0,1.0
"G[2,2]((BUN >= 1.079 -> HR >= 28.123) -> Temp >= 81.300)
",-4861263784396897.000,-1.079,0.000,1.000,0.000,0,0,23,0,0,23,23,0,0.0,0.0,1.0,0.0,0.0,1.0
"G[0,2]((Creatinine <= 0.204 -> DBP >= 9.906) | BUN <= 26.101)
",9999999.000,9999999.000,0.000,1.000,0.000,0,0,23,0,0,23,23,0,0.0,0.0,1.0,0.0,0.0,1.0
"G[0,2](PaCO2 <= 42.066 & Phosphate >= 0.119)
",9999999.000,9999999.000,0.000,1.000,0.000,0,0,0,23,23,0,0,23,0.0,0.0,0.0,0.0,0.0,1.0
"G[1,2](((MAP >= 16.793 & Temp >= 5.347) -> MAP <= 26.236) | TroponinI >= 2.616)
",9999999.000,9999999.000,0.000,1.000,0.000,0,0,14,9,9,14,14,9,0.0,0.0,1.0,0.0,0.0,1.0
"G[1,2]((Lactate <= 0.779 -> PTT >= 2.287) & BaseExcess >= 1.079)
",9999999.000,9999999.000,0.000,1.000,0.000,0,0,0,23,23,0,0,23,0.0,0.0,0.0,0.0,0.0,1.0
"G[1,2](SepsisLabel >= 0.000 & SepsisLabel = 0.000)
",9999999.000,9999999.000,0.000,1.000,0.000,0,0,23,0,0,23,23,0,0.0,0.0,1.0,0.0,0.0,1.0
"G[0,2]((MAP <= 77.083 -> WBC >= 1.306) | Platelets >= 0.984)
",9999999.000,9999999.000,0.000,1.000,0.000,0,0,11,12,12,11,11,12,0.0,0.0,1.0,0.0,0.0,1.0
"G[1,2](Glucose <= 82.299 | HCO3 <= 19.829)
",9999999.000,9999999.000,0.000,1.000,0.000,0,0,21,2,2,21,21,2,0.0,0.0,1.0,0.0,0.0,1.0
"G[0,1]((Chloride <= 62.944 -> Glucose >= 18.224) & FiO2 >= 1.420)
",9999999.000,9999999.000,0.000,1.000,0.000,0,0,0,23,23,0,0,23,0.0,0.0,0.0,0.0,0.0,1.0
"G[0,2](Platelets <= 203.725 -> WBC >= 0.242)
",9999999.000,9999999.000,0.000,1.000,0.000,0,0,1,22,22,1,1,22,0.0,0.0,1.0,0.0,0.0,1.0
"G[0,2]((Glucose >= 22.747 -> Potassium >= 0.449) & FiO2 >= 0.115)
",9999999.000,9999999.000,0.000,1.000,0.000,0,0,0,23,23,0,0,23,0.0,0.0,0.0,0.0,0.0,1.0
"G[1,2](Alkalinephos <= 65.133 & Hct <= 23.956)
",9999999.000,9999999.000,0.000,1.000,0.000,0,0,19,4,4,19,19,4,0.0,0.0,1.0,0.0,0.0,1.0
"G[1,2](HR > 30.159 -> SepsisLabel = 0.000)
",9999999.000,9999999.000,0.000,1.000,0.000,0,0,23,0,0,23,23,0,0.0,0.0,1.0,0.0,0.0,1.0
"G[1,2](BaseExcess <= 0.094 -> HR >= 92.857)
",9999999.000,9999999.000,0.000,1.000,0.000,0,0,21,2,2,21,21,2,0.0,0.0,1.0,0.0,0.0,1.0
"G[1,2]((Glucose <= 94.557 & O2Sat >= 54.995) & Creatinine <= 88.346)
",9999999.000,9999999.000,0.000,1.000,0.000,0,0,15,8,8,15,15,8,0.0,0.0,1.0,0.0,0.0,1.0
"G[0,2](Fibrinogen < 0.000 & SepsisLabel = 0.000)
",9999999.000,9999999.000,0.000,1.000,0.000,0,0,0,23,23,0,0,23,0.0,0.0,0.0,0.0,0.0,1.0
"G[0,2](Hct <= 20.562 & HR >= 65.574)
",9999999.000,9999999.000,0.000,1.000,0.000,0,0,15,8,8,15,15,8,0.0,0.0,1.0,0.0,0.0,1.0
"G[2,2]((Lactate >= 0.024 -> SaO2 >= 19.197) | HCO3 <= 25.933)
",3649740191864470.500,25.933,0.000,1.000,0.000,0,0,23,0,0,23,23,0,0.0,0.0,1.0,0.0,0.0,1.0
"G[1,2](Bilirubin_total >= 0.013 & SepsisLabel = 0.000)
",9999999.000,9999999.000,0.000,1.000,0.000,0,0,0,23,23,0,0,23,0.0,0.0,0.0,0.0,0.0,1.0
"G[1,2](SBP <= 73.843 | Temp <= 21.238)
",9999999.000,9999999.000,0.000,1.000,0.000,0,0,18,5,5,18,18,5,0.0,0.0,1.0,0.0,0.0,1.0
"G[1,2](Fibrinogen < 0.000 -> SepsisLabel = 0.000)
",9999999.000,9999999.000,0.000,1.000,0.000,0,0,23,0,0,23,23,0,0.0,0.0,1.0,0.0,0.0,1.0
"G[1,2](pH > 1.343 & SepsisLabel = 0.000)
",9999999.000,9999999.000,0.000,1.000,0.000,0,0,6,17,17,6,6,17,0.0,0.0,1.0,0.0,0.0,1.0
"G[2,2]((AST <= 8.998 & Glucose <= 137.693) | O2Sat >= 14.965)
",5065546416622687.000,8.998,0.000,1.000,0.000,0,0,23,0,0,23,23,0,0.0,0.0,1.0,0.0,0.0,1.0
"G[1,2](Alkalinephos >= 0.804 & SepsisLabel = 0.000)
",9999999.000,9999999.000,0.000,1.000,0.000,0,0,0,23,23,0,0,23,0.0,0.0,0.0,0.0,0.0,1.0
"G[1,2](((O2Sat >= 27.297 -> pH >= 0.515) -> Alkalinephos >= 0.475) -> BaseExcess >= 0.050)
",9999999.000,9999999.000,0.000,1.000,0.000,0,0,7,16,16,7,7,16,0.0,0.0,1.0,0.0,0.0,1.0
"G[0,2](Magnesium > 0.041 & SepsisLabel = 0.000)
",9999999.000,9999999.000,0.000,1.000,0.000,0,0,1,22,22,1,1,22,0.0,0.0,1.0,0.0,0.0,1.0
"G[1,2](Chloride >= 7.043 & HCO3 >= 0.890)
",9999999.000,9999999.000,0.000,1.000,0.000,0,0,4,19,19,4,4,19,0.0,0.0,1.0,0.0,0.0,1.0
