Rule,Discrimination Score,Pos Robustness,Neg Robustness,Percent Class +,Percent Class -,TP,TN,FP,FN,Actual Yes,Actual No,Predicted Yes,Predicted No,TPR/Sens,TNR/Spec,FPR,Precision,Accuracy,MCR
"F[0,0](((Glucose <= 24.124 & SBP >= 101.777) -> Lactate <= 143.675) & Hgb >= 95.977)
",-8.779,-140.342,0.000,0.000,1.000,24,0,0,0,24,0,24,0,1.0,0,0,1.0,1.0,0.0
"F[0,1]((Calcium <= 3.981 & Potassium <= 3.127) & Magnesium >= 0.029)
",-9999999.000,-9999999.000,0.000,0.000,1.000,24,0,0,0,24,0,24,0,1.0,0,0,1.0,1.0,0.0
"F[0,1]((BaseExcess <= 1.013 | Hgb >= 0.047) & EtCO2 >= 0.045)
",-9999999.000,-9999999.000,0.000,0.000,1.000,24,0,0,0,24,0,24,0,1.0,0,0,1.0,1.0,0.0
"F[0,0]((BUN >= 0.641 -> Calcium >= 0.264) & EtCO2 >= 0.144)
",0.264,0.264,0.000,0.000,1.000,24,0,0,0,24,0,24,0,1.0,0,0,1.0,1.0,0.0
"F[0,1]((Calcium <= 3.402 & Potassium <= 4.366) & Magnesium >= 0.085)
",-9999999.000,-9999999.000,0.000,0.000,1.000,24,0,0,0,24,0,24,0,1.0,0,0,1.0,1.0,0.0
"F[1,1](BaseExcess >= 0.106 & SaO2 >= 1.885)
",-1.885,-1.885,0.000,0.000,1.000,24,0,0,0,24,0,24,0,1.0,0,0,1.0,1.0,0.0
"F[1,1]((Calcium <= 5.938 & Potassium <= 3.836) & Magnesium >= 0.034)
",-0.034,-0.034,0.000,0.000,1.000,24,0,0,0,24,0,24,0,1.0,0,0,1.0,1.0,0.0
"F[0,1](((BaseExcess >= 0.030 & MAP <= 83.912) | SBP >= 77.380) -> Lactate >= 52.791)
",-9999999.000,-9999999.000,0.000,0.000,1.000,24,0,0,0,24,0,24,0,1.0,0,0,1.0,1.0,0.0
"F[1,1]((PaCO2 <= 23.093 & pH <= 3.904) -> BaseExcess >= 0.380)
",-3.904,-3.904,0.000,0.000,1.000,24,0,0,0,24,0,24,0,1.0,0,0,1.0,1.0,0.0
"F[0,1](((Hgb <= 9.741 | SBP >= 100.126) | TroponinI >= 116.914) & Alkalinephos >= 101.666)
",-9999999.000,-9999999.000,0.000,0.000,1.000,24,0,0,0,24,0,24,0,1.0,0,0,1.0,1.0,0.0
"F[1,1](((SBP >= 106.533 & Magnesium >= 0.009) & Temp >= 0.003) & Fibrinogen <= 0.889)
",-106.533,-106.533,0.000,0.000,1.000,24,0,0,0,24,0,24,0,1.0,0,0,1.0,1.0,0.0
"F[0,0]((Calcium <= 5.741 & Potassium <= 0.705) & Magnesium >= 0.015)
",-0.235,-0.135,0.000,0.000,1.000,24,0,0,0,24,0,24,0,1.0,0,0,1.0,1.0,0.0
"F[0,0]((PTT >= 0.032 & Resp <= 21.976) & Creatinine >= 13.894)
",-1.564,-26.984,0.000,0.000,1.000,24,0,0,0,24,0,24,0,1.0,0,0,1.0,1.0,0.0
"F[0,1](((HCO3 >= 0.593 | Phosphate >= 0.049) & DBP <= 1.650) & Bilirubin_direct >= 0.091)
",-9999999.000,-9999999.000,0.000,0.000,1.000,24,0,0,0,24,0,24,0,1.0,0,0,1.0,1.0,0.0
"((Platelets >= 8.079) U[0,1] (Lactate >= 0.003))
",-9999999.000,-9999999.000,0.000,0.000,1.000,23,0,0,1,24,0,23,1,0.9583333333333334,0,0,1.0,0.9583333333333334,0.04166666666666663
"F[0,1](((Bilirubin_direct <= 0.000 | pH >= 0.405) -> SaO2 <= 1.520) -> Bilirubin_total >= 0.453)
",-9999999.000,-9999999.000,0.000,0.000,1.000,23,0,0,1,24,0,23,1,0.9583333333333334,0,0,1.0,0.9583333333333334,0.04166666666666663
"((MAP >= 56.714) U[0,0] (Potassium >= 0.081))
",4.833,67.848,0.000,0.000,1.000,23,0,0,1,24,0,23,1,0.9583333333333334,0,0,1.0,0.9583333333333334,0.04166666666666663
"F[0,1](((O2Sat <= 99.616 | Calcium >= 0.090) & PaCO2 >= 0.231) & Creatinine >= 0.162)
",-9999999.000,-9999999.000,0.000,0.000,1.000,23,0,0,1,24,0,23,1,0.9583333333333334,0,0,1.0,0.9583333333333334,0.04166666666666663
"F[0,0]((Platelets >= 16.374 | Temp >= 6.699) & pH >= 7.147)
",-20.932,-6.899,0.000,0.000,1.000,23,0,0,1,24,0,23,1,0.9583333333333334,0,0,1.0,0.9583333333333334,0.04166666666666663
"F[0,0](((Phosphate >= 0.033 & Potassium <= 0.563) -> PaCO2 <= 2.246) -> Creatinine >= 0.039)
",-0.207,-4.217,0.000,0.000,1.000,23,0,0,1,24,0,23,1,0.9583333333333334,0,0,1.0,0.9583333333333334,0.04166666666666663
"((Creatinine >= 0.005) U[0,1] (SaO2 >= 1.772))
",-9999999.000,-9999999.000,0.000,0.000,1.000,23,0,0,1,24,0,23,1,0.9583333333333334,0,0,1.0,0.9583333333333334,0.04166666666666663
"((DBP >= 22.181) U[0,0] (Potassium >= 0.114))
",6.285,61.735,0.000,0.000,1.000,23,0,0,1,24,0,23,1,0.9583333333333334,0,0,1.0,0.9583333333333334,0.04166666666666663
"F[0,0](Hgb >= 0.371 & PTT >= 0.094)
",0.052,0.124,0.000,0.000,1.000,23,0,0,1,24,0,23,1,0.9583333333333334,0,0,1.0,0.9583333333333334,0.04166666666666663
"((BaseExcess >= 0.141) U[0,0] (Potassium >= 0.072))
",0.108,0.078,0.000,0.000,1.000,23,0,0,1,24,0,23,1,0.9583333333333334,0,0,1.0,0.9583333333333334,0.04166666666666663
"F[0,0](Chloride >= 4.024 & Glucose >= 1.201)
",-6.924,-3.906,0.000,0.000,1.000,23,0,0,1,24,0,23,1,0.9583333333333334,0,0,1.0,0.9583333333333334,0.04166666666666663
"((Chloride >= 1.668) U[1,2] (O2Sat <= 99.035))
",-9999999.000,-9999999.000,0.000,0.000,1.000,23,0,0,1,24,0,23,1,0.9583333333333334,0,0,1.0,0.9583333333333334,0.04166666666666663
"((HCO3 >= 0.998) U[1,2] (Potassium <= 1.610))
",-9999999.000,-9999999.000,0.000,0.000,1.000,22,0,0,2,24,0,22,2,0.9166666666666666,0,0,1.0,0.9166666666666666,0.08333333333333337
"((Calcium >= 0.088) U[0,1] (Phosphate >= 0.117))
",-9999999.000,-9999999.000,0.000,0.000,1.000,22,0,0,2,24,0,22,2,0.9166666666666666,0,0,1.0,0.9166666666666666,0.08333333333333337
"((Hct >= 1.193) U[0,1] (PTT >= 0.530))
",-9999999.000,-9999999.000,0.000,0.000,1.000,22,0,0,2,24,0,22,2,0.9166666666666666,0,0,1.0,0.9166666666666666,0.08333333333333337
"F[0,1](BUN <= 12.517 -> Platelets >= 7.061)
",-9999999.000,-9999999.000,0.000,0.000,1.000,22,0,0,2,24,0,22,2,0.9166666666666666,0,0,1.0,0.9166666666666666,0.08333333333333337
"F[0,0]((BaseExcess <= 2.797 | DBP <= 50.418) -> Glucose >= 18.215)
",-6298691471852932.000,-2.797,0.000,0.000,1.000,21,0,0,3,24,0,21,3,0.875,0,0,1.0,0.875,0.125
"F[0,0]((Creatinine >= 0.032 -> Glucose <= 214.562) & PaCO2 >= 9.874)
",-214.562,-214.562,0.000,0.000,1.000,20,0,0,4,24,0,20,4,0.8333333333333334,0,0,1.0,0.8333333333333334,0.16666666666666663
"((Calcium >= 0.144) U[0,0] (PaCO2 >= 1.460))
",0.307,0.623,0.000,0.000,1.000,20,0,0,4,24,0,20,4,0.8333333333333334,0,0,1.0,0.8333333333333334,0.16666666666666663
"F[0,1](BaseExcess >= 0.101 & Glucose <= 346.079)
",-9999999.000,-9999999.000,0.000,0.000,1.000,20,0,0,4,24,0,20,4,0.8333333333333334,0,0,1.0,0.8333333333333334,0.16666666666666663
"F[1,1]((O2Sat <= 97.405 -> BUN >= 0.080) | Potassium >= 0.267)
",-0.267,-0.267,0.000,0.000,1.000,16,0,0,8,24,0,16,8,0.6666666666666666,0,0,1.0,0.6666666666666666,0.33333333333333337
"((FiO2 > 0.112) U[1,2] (SepsisLabel = 0.000))
",-9999999.000,-9999999.000,0.000,0.000,1.000,15,0,0,9,24,0,15,9,0.625,0,0,1.0,0.625,0.375
"((SBP >= 109.089) U[0,1] (DBP >= 19.394))
",-9999999.000,-9999999.000,0.000,0.000,1.000,13,0,0,11,24,0,13,11,0.5416666666666666,0,0,1.0,0.5416666666666666,0.45833333333333337
"((BUN >= 0.393) U[0,0] (DBP >= 14.238))
",7.094,69.677,0.000,0.000,1.000,13,0,0,11,24,0,13,11,0.5416666666666666,0,0,1.0,0.5416666666666666,0.45833333333333337
"((DBP >= 12.018) U[1,2] (Resp >= 13.389))
",-9999999.000,-9999999.000,0.000,0.000,1.000,13,0,0,11,24,0,13,11,0.5416666666666666,0,0,1.0,0.5416666666666666,0.45833333333333337
"((Chloride <= 55.970) U[1,1] (Temp <= 23.071))
",7877078985770487.000,55.970,0.000,0.000,1.000,12,0,0,12,24,0,12,12,0.5,0,0,1.0,0.5,0.5
"F[1,1]((Temp <= 35.185 -> WBC >= 0.285) | HCO3 >= 0.399)
",-0.399,-0.399,0.000,0.000,1.000,12,0,0,12,24,0,12,12,0.5,0,0,1.0,0.5,0.5
"F[1,1](((Glucose >= 8.854 -> PaCO2 >= 1.859) | SBP <= 38.479) -> Temp <= 16.158)
",-38.479,-38.479,0.000,0.000,1.000,11,0,0,13,24,0,11,13,0.4583333333333333,0,0,1.0,0.4583333333333333,0.5416666666666667
"F[0,0](((DBP >= 22.349 & HR <= 110.116) | Calcium >= 85.891) -> PTT >= 69.795)
",29.902,69.311,0.000,0.000,1.000,11,0,0,13,24,0,11,13,0.4583333333333333,0,0,1.0,0.4583333333333333,0.5416666666666667
"((Magnesium >= 0.064) U[0,1] (Temp >= 8.548))
",-9999999.000,-9999999.000,0.000,0.000,1.000,11,0,0,13,24,0,11,13,0.4583333333333333,0,0,1.0,0.4583333333333333,0.5416666666666667
"F[1,1](Lactate <= 2.435 & O2Sat <= 96.666)
",2.435,2.435,0.000,0.000,1.000,11,0,0,13,24,0,11,13,0.4583333333333333,0,0,1.0,0.4583333333333333,0.5416666666666667
"F[1,1](((Phosphate <= 0.497 -> PTT <= 12.843) & AST <= 14.495) & DBP <= 1.084)
",-12.843,-12.843,0.000,0.000,1.000,10,0,0,14,24,0,10,14,0.4166666666666667,0,0,1.0,0.4166666666666667,0.5833333333333333
"F[0,1](((MAP <= 79.322 -> pH <= 2.831) | Lactate <= 6.943) -> DBP <= 6.227)
",-9999999.000,-9999999.000,0.000,0.000,1.000,10,0,0,14,24,0,10,14,0.4166666666666667,0,0,1.0,0.4166666666666667,0.5833333333333333
"F[1,1](Potassium <= 1.725 -> Temp <= 37.654)
",-37.654,-37.654,0.000,0.000,1.000,9,0,0,15,24,0,9,15,0.375,0,0,1.0,0.375,0.625
"F[0,1](FiO2 >= 0.180 & SepsisLabel = 0.000)
",-9999999.000,-9999999.000,0.000,0.000,1.000,9,0,0,15,24,0,9,15,0.375,0,0,1.0,0.375,0.625
"((MAP >= 15.519) U[0,1] (SBP <= 121.425))
",-9999999.000,-9999999.000,0.000,0.000,1.000,8,0,0,16,24,0,8,16,0.3333333333333333,0,0,1.0,0.3333333333333333,0.6666666666666667
"((BUN <= 4.858) U[0,1] (MAP <= 80.995))
",-9999999.000,-9999999.000,0.000,0.000,1.000,8,0,0,16,24,0,8,16,0.3333333333333333,0,0,1.0,0.3333333333333333,0.6666666666666667
"((MAP >= 38.438) U[1,1] (SBP <= 136.387))
",136.387,136.387,0.000,0.000,1.000,6,0,0,18,24,0,6,18,0.25,0,0,1.0,0.25,0.75
"((MAP >= 53.757) U[0,1] (SBP <= 124.705))
",-9999999.000,-9999999.000,0.000,0.000,1.000,5,0,0,19,24,0,5,19,0.20833333333333334,0,0,1.0,0.20833333333333334,0.7916666666666666
"F[1,1](O2Sat <= 98.112 | Phosphate >= 0.087)
",98.112,98.112,0.000,0.000,1.000,5,0,0,19,24,0,5,19,0.20833333333333334,0,0,1.0,0.20833333333333334,0.7916666666666666
"((O2Sat >= 93.286) U[1,1] (PaCO2 <= 25.221))
",25.221,25.221,0.000,0.000,1.000,4,0,0,20,24,0,4,20,0.16666666666666666,0,0,1.0,0.16666666666666666,0.8333333333333334
"((MAP >= 10.933) U[0,0] (SBP <= 131.206))
",15.334,128.755,0.000,0.000,1.000,4,0,0,20,24,0,4,20,0.16666666666666666,0,0,1.0,0.16666666666666666,0.8333333333333334
"F[0,0](BUN <= 15.079 & Resp <= 20.866)
",-0.294,-9.292,0.000,0.000,1.000,2,0,0,22,24,0,2,22,0.08333333333333333,0,0,1.0,0.08333333333333333,0.9166666666666666
"F[0,1](Platelets <= 139.223 -> Resp <= 17.549)
",-9999999.000,-9999999.000,0.000,0.000,1.000,2,0,0,22,24,0,2,22,0.08333333333333333,0,0,1.0,0.08333333333333333,0.9166666666666666
"((BaseExcess <= 4.515) U[1,1] (WBC <= 10.545))
",10.545,10.545,0.000,0.000,1.000,2,0,0,22,24,0,2,22,0.08333333333333333,0,0,1.0,0.08333333333333333,0.9166666666666666
"((BUN <= 12.539) U[0,0] (WBC <= 9.050))
",12.539,12.539,0.000,0.000,1.000,1,0,0,23,24,0,1,23,0.041666666666666664,0,0,1.0,0.041666666666666664,0.9583333333333334
"((Hgb <= 2.101) U[0,0] (SaO2 <= 48.014))
",3.024,42.681,0.000,0.000,1.000,1,0,0,23,24,0,1,23,0.041666666666666664,0,0,1.0,0.041666666666666664,0.9583333333333334
"F[0,0]((Hct >= 0.602 -> SaO2 <= 16.806) & Potassium <= 26.192)
",-2.541,-14.630,0.000,0.000,1.000,1,0,0,23,24,0,1,23,0.041666666666666664,0,0,1.0,0.041666666666666664,0.9583333333333334
"((Hct <= 13.804) U[1,2] (Phosphate <= 1.900))
",-9999999.000,-9999999.000,0.000,0.000,1.000,1,0,0,23,24,0,1,23,0.041666666666666664,0,0,1.0,0.041666666666666664,0.9583333333333334
"F[0,0](((DBP >= 19.835 | Chloride <= 49.288) | SBP <= 13.875) & SaO2 <= 32.044)
",1.892,26.711,0.000,0.000,1.000,1,0,0,23,24,0,1,23,0.041666666666666664,0,0,1.0,0.041666666666666664,0.9583333333333334
"F[0,0](Creatinine >= 0.010 -> Lactate <= 2.296)
",-0.324,-6.450,0.000,0.000,1.000,1,0,0,23,24,0,1,23,0.041666666666666664,0,0,1.0,0.041666666666666664,0.9583333333333334
"F[1,1]((Phosphate <= 3.419 & Fibrinogen >= 0.000) & pH >= 0.000)
",0.000,0.000,0.000,0.000,1.000,1,0,0,23,24,0,1,23,0.041666666666666664,0,0,1.0,0.041666666666666664,0.9583333333333334
"((BUN <= 1.917) U[1,2] (pH <= 2.240))
",-9999999.000,-9999999.000,0.000,0.000,1.000,1,0,0,23,24,0,1,23,0.041666666666666664,0,0,1.0,0.041666666666666664,0.9583333333333334
"((MAP >= 13.636) U[1,2] (SBP <= 137.685))
",-9999999.000,-9999999.000,0.000,0.000,1.000,1,0,0,23,24,0,1,23,0.041666666666666664,0,0,1.0,0.041666666666666664,0.9583333333333334
"F[0,0](((Calcium < 5.296 & Potassium < 2.852) & Magnesium < 0.703) & Phosphate < 0.212)
",0.231,0.111,0.000,0.000,1.000,1,0,0,23,24,0,1,23,0.041666666666666664,0,0,1.0,0.041666666666666664,0.9583333333333334
"((Glucose <= 68.274) U[1,2] (SepsisLabel = 0.000))
",-9999999.000,-9999999.000,0.000,0.000,1.000,1,0,0,23,24,0,1,23,0.041666666666666664,0,0,1.0,0.041666666666666664,0.9583333333333334
"((Chloride <= 87.521) U[1,2] (Resp <= 17.423))
",-9999999.000,-9999999.000,0.000,0.000,1.000,1,0,0,23,24,0,1,23,0.041666666666666664,0,0,1.0,0.041666666666666664,0.9583333333333334
"F[0,0](Hgb <= 0.713 | Hct <= 19.260)
",19.260,19.260,0.000,0.000,1.000,1,0,0,23,24,0,1,23,0.041666666666666664,0,0,1.0,0.041666666666666664,0.9583333333333334
"F[1,1](((Platelets <= 261.709 | EtCO2 <= 0.000) -> BUN <= 0.000) & PTT >= 0.000)
",-261.709,-261.709,0.000,0.000,1.000,1,0,0,23,24,0,1,23,0.041666666666666664,0,0,1.0,0.041666666666666664,0.9583333333333334
"F[0,2](Calcium >= 0.281 -> Temp <= 13.237)
",-9999999.000,-9999999.000,0.000,0.000,1.000,0,0,0,24,24,0,0,24,0.0,0,0,0.0,0.0,1.0
"F[1,2](Chloride <= 73.315 -> SBP >= 104.882)
",-9999999.000,-9999999.000,0.000,0.000,1.000,0,0,0,24,24,0,0,24,0.0,0,0,0.0,0.0,1.0
"F[0,2](((PTT >= 0.289 | SBP >= 111.339) -> Fibrinogen <= 136.737) -> Bilirubin_total <= 141.067)
",-9999999.000,-9999999.000,0.000,0.000,1.000,0,0,0,24,24,0,0,24,0.0,0,0,0.0,0.0,1.0
"F[0,2](((HCO3 >= 0.182 & SBP >= 119.044) -> Platelets >= 115.463) -> Chloride <= 121.770)
",-9999999.000,-9999999.000,0.000,0.000,1.000,0,0,0,24,24,0,0,24,0.0,0,0,0.0,0.0,1.0
"F[0,1](DBP >= 2.473 -> WBC <= 10.676)
",-9999999.000,-9999999.000,0.000,0.000,1.000,0,0,0,24,24,0,0,24,0.0,0,0,0.0,0.0,1.0
"F[1,2](BUN <= 14.458 | O2Sat >= 93.439)
",-9999999.000,-9999999.000,0.000,0.000,1.000,0,0,0,24,24,0,0,24,0.0,0,0,0.0,0.0,1.0
"F[1,2]((Hct <= 19.259 & HR <= 102.803) -> SBP >= 80.751)
",-9999999.000,-9999999.000,0.000,0.000,1.000,0,0,0,24,24,0,0,24,0.0,0,0,0.0,0.0,1.0
"F[1,2](((Potassium >= 0.061 -> SBP >= 110.332) -> Chloride <= 152.940) & Calcium >= 105.342)
",-9999999.000,-9999999.000,0.000,0.000,1.000,0,0,0,24,24,0,0,24,0.0,0,0,0.0,0.0,1.0
"((Platelets >= 12.003) U[0,2] (SBP >= 115.388))
",-9999999.000,-9999999.000,0.000,0.000,1.000,0,0,0,24,24,0,0,24,0.0,0,0,0.0,0.0,1.0
"((Calcium <= 6.712) U[1,2] (SBP <= 123.060))
",-9999999.000,-9999999.000,0.000,0.000,1.000,0,0,0,24,24,0,0,24,0.0,0,0,0.0,0.0,1.0
"F[2,2](((pH <= 6.658 | SBP >= 110.546) & Lactate <= 126.103) | Calcium <= 131.313)
",131.313,131.313,0.000,0.000,1.000,0,0,0,24,24,0,0,24,0.0,0,0,0.0,0.0,1.0
"F[2,2](((Calcium >= 0.112 | DBP >= 1.084) & HR <= 67.618) -> O2Sat <= 81.325)
",-81.325,-81.325,0.000,0.000,1.000,0,0,0,24,24,0,0,24,0.0,0,0,0.0,0.0,1.0
"F[0,2](((O2Sat >= 96.147 -> PTT >= 0.059) -> Potassium <= 7.408) | AST >= 0.408)
",-9999999.000,-9999999.000,0.000,0.000,1.000,0,0,0,24,24,0,0,24,0.0,0,0,0.0,0.0,1.0
"((Chloride <= 57.712) U[0,2] (HR >= 74.595))
",-9999999.000,-9999999.000,0.000,0.000,1.000,0,0,0,24,24,0,0,24,0.0,0,0,0.0,0.0,1.0
"((HCO3 >= 0.795) U[0,2] (O2Sat >= 92.953))
",-9999999.000,-9999999.000,0.000,0.000,1.000,0,0,0,24,24,0,0,24,0.0,0,0,0.0,0.0,1.0
"F[1,1](Creatinine >= 0.027 -> SBP >= 95.421)
",7667440936131363.000,0.027,0.000,0.000,1.000,0,0,0,24,24,0,0,24,0.0,0,0,0.0,0.0,1.0
"F[0,2](((DBP <= 37.292 -> pH >= 0.591) | EtCO2 >= 0.511) & TroponinI <= 1.596)
",-9999999.000,-9999999.000,0.000,0.000,1.000,0,0,0,24,24,0,0,24,0.0,0,0,0.0,0.0,1.0
"((Calcium <= 5.899) U[0,2] (O2Sat <= 96.958))
",-9999999.000,-9999999.000,0.000,0.000,1.000,0,0,0,24,24,0,0,24,0.0,0,0,0.0,0.0,1.0
"((HCO3 >= 0.388) U[0,1] (HR >= 68.117))
",-9999999.000,-9999999.000,0.000,0.000,1.000,0,0,0,24,24,0,0,24,0.0,0,0,0.0,0.0,1.0
"F[1,2](((Phosphate >= 0.093 & SBP >= 97.545) | Glucose >= 115.271) | Chloride <= 125.885)
",-9999999.000,-9999999.000,0.000,0.000,1.000,0,0,0,24,24,0,0,24,0.0,0,0,0.0,0.0,1.0
"F[0,1](Hct >= 1.050 -> MAP >= 60.246)
",-9999999.000,-9999999.000,0.000,0.000,1.000,0,0,0,24,24,0,0,24,0.0,0,0,0.0,0.0,1.0
"F[0,2](((BUN >= 0.102 & SBP >= 116.779) -> PaCO2 >= 107.692) -> AST <= 135.596)
",-9999999.000,-9999999.000,0.000,0.000,1.000,0,0,0,24,24,0,0,24,0.0,0,0,0.0,0.0,1.0
"F[0,1]((pH <= 1.580 -> Resp <= 20.775) & HCO3 <= 21.205)
",-9999999.000,-9999999.000,0.000,0.000,1.000,0,0,0,24,24,0,0,24,0.0,0,0,0.0,0.0,1.0
"F[1,2]((Lactate <= 1.172 | Resp <= 20.665) -> Hgb >= 13.931)
",-9999999.000,-9999999.000,0.000,0.000,1.000,0,0,0,24,24,0,0,24,0.0,0,0,0.0,0.0,1.0
"F[1,2](((Creatinine >= 0.019 -> MAP >= 59.189) -> Bilirubin_direct >= 48.279) & Resp >= 13.425)
",-9999999.000,-9999999.000,0.000,0.000,1.000,0,0,0,24,24,0,0,24,0.0,0,0,0.0,0.0,1.0
"F[0,0](((FiO2 <= 0.357 -> O2Sat >= 92.634) -> EtCO2 <= 98.642) | Phosphate <= 98.863)
",224.676,98.772,0.000,0.000,1.000,0,0,0,24,24,0,0,24,0.0,0,0,0.0,0.0,1.0
"F[1,2](((DBP >= 24.750 & FiO2 <= 0.975) | Temp >= 0.105) -> Bilirubin_total <= 0.822)
",-9999999.000,-9999999.000,0.000,0.000,1.000,0,0,0,24,24,0,0,24,0.0,0,0,0.0,0.0,1.0
"F[0,2](Hct <= 4.247 | Resp >= 11.075)
",-9999999.000,-9999999.000,0.000,0.000,1.000,0,0,0,24,24,0,0,24,0.0,0,0,0.0,0.0,1.0
"F[1,2]((Phosphate <= 2.902 & Resp <= 16.742) -> Alkalinephos <= 21.558)
",-9999999.000,-9999999.000,0.000,0.000,1.000,0,0,0,24,24,0,0,24,0.0,0,0,0.0,0.0,1.0
"F[2,2](Potassium <= 1.208 | Resp >= 12.231)
",1.208,1.208,0.000,0.000,1.000,0,0,0,24,24,0,0,24,0.0,0,0,0.0,0.0,1.0
"F[2,2](Phosphate <= 1.672 | Temp <= 33.495)
",33.495,33.495,0.000,0.000,1.000,0,0,0,24,24,0,0,24,0.0,0,0,0.0,0.0,1.0
"F[0,1]((Calcium >= 0.273 | Resp >= 13.764) | FiO2 <= 20.186)
",-9999999.000,-9999999.000,0.000,0.000,1.000,0,0,0,24,24,0,0,24,0.0,0,0,0.0,0.0,1.0
"F[1,2]((DBP >= 1.164 -> SBP >= 118.460) -> SepsisLabel >= 117.811)
",-9999999.000,-9999999.000,0.000,0.000,1.000,0,0,0,24,24,0,0,24,0.0,0,0,0.0,0.0,1.0
"F[0,2]((Potassium <= 0.859 -> Temp <= 12.420) | Bilirubin_total <= 34.549)
",-9999999.000,-9999999.000,0.000,0.000,1.000,0,0,0,24,24,0,0,24,0.0,0,0,0.0,0.0,1.0
"F[1,2](Resp <= 16.234 | WBC >= 0.342)
",-9999999.000,-9999999.000,0.000,0.000,1.000,0,0,0,24,24,0,0,24,0.0,0,0,0.0,0.0,1.0
"F[0,2](HCO3 >= 0.887 | MAP >= 37.557)
",-9999999.000,-9999999.000,0.000,0.000,1.000,0,0,0,24,24,0,0,24,0.0,0,0,0.0,0.0,1.0
"F[0,2]((Hgb <= 4.939 | Resp >= 14.308) | TroponinI >= 10.401)
",-9999999.000,-9999999.000,0.000,0.000,1.000,0,0,0,24,24,0,0,24,0.0,0,0,0.0,0.0,1.0
"((Glucose >= 1.057) U[0,1] (pH <= 6.380))
",-9999999.000,-9999999.000,0.000,0.000,1.000,0,0,0,24,24,0,0,24,0.0,0,0,0.0,0.0,1.0
"((Chloride <= 66.747) U[0,2] (MAP >= 45.785))
",-9999999.000,-9999999.000,0.000,0.000,1.000,0,0,0,24,24,0,0,24,0.0,0,0,0.0,0.0,1.0
"((MAP >= 20.181) U[0,1] (Phosphate <= 1.660))
",-9999999.000,-9999999.000,0.000,0.000,1.000,0,0,0,24,24,0,0,24,0.0,0,0,0.0,0.0,1.0
"F[1,2](((O2Sat <= 98.055 -> Resp <= 16.800) | Hgb <= 20.793) & PTT <= 19.100)
",-9999999.000,-9999999.000,0.000,0.000,1.000,0,0,0,24,24,0,0,24,0.0,0,0,0.0,0.0,1.0
"F[1,2](Glucose >= 7.676 | O2Sat >= 92.198)
",-9999999.000,-9999999.000,0.000,0.000,1.000,0,0,0,24,24,0,0,24,0.0,0,0,0.0,0.0,1.0
"F[2,2](((DBP <= 61.327 & MAP >= 60.078) -> FiO2 <= 93.547) -> Platelets >= 12.929)
",12.929,12.929,0.000,0.000,1.000,0,0,0,24,24,0,0,24,0.0,0,0,0.0,0.0,1.0
"F[0,2](Hgb <= 0.762 | Hct <= 29.293)
",-9999999.000,-9999999.000,0.000,0.000,1.000,0,0,0,24,24,0,0,24,0.0,0,0,0.0,0.0,1.0
"F[0,2]((Glucose >= 1.516 | MAP <= 88.587) & O2Sat <= 98.797)
",-9999999.000,-9999999.000,0.000,0.000,1.000,0,0,0,24,24,0,0,24,0.0,0,0,0.0,0.0,1.0
"F[0,1]((MAP >= 27.350 | Temp >= 0.352) | SepsisLabel >= 1.741)
",-9999999.000,-9999999.000,0.000,0.000,1.000,0,0,0,24,24,0,0,24,0.0,0,0,0.0,0.0,1.0
"F[0,1]((Phosphate >= 0.089 | FiO2 <= 0.587) | PTT <= 0.311)
",-9999999.000,-9999999.000,0.000,0.000,1.000,0,0,0,24,24,0,0,24,0.0,0,0,0.0,0.0,1.0
"F[0,1](((Fibrinogen <= 0.000 | TroponinI <= 0.000) -> Platelets <= 0.000) & Platelets >= 0.000)
",-9999999.000,-9999999.000,0.000,0.000,1.000,0,0,0,24,24,0,0,24,0.0,0,0,0.0,0.0,1.0
"F[1,2]((EtCO2 <= 0.000 & AST >= 0.000) | SaO2 >= 0.000)
",-9999999.000,-9999999.000,0.000,0.000,1.000,0,0,0,24,24,0,0,24,0.0,0,0,0.0,0.0,1.0
"F[0,2](((HR >= 86.508 & Alkalinephos <= 0.000) | PaCO2 <= 0.000) -> PTT <= 0.000)
",-9999999.000,-9999999.000,0.000,0.000,1.000,0,0,0,24,24,0,0,24,0.0,0,0,0.0,0.0,1.0
"F[1,2](((MAP >= 68.606 & Magnesium >= 0.048) -> Glucose <= 1.864) -> Temp <= 1.674)
",-9999999.000,-9999999.000,0.000,0.000,1.000,0,0,0,24,24,0,0,24,0.0,0,0,0.0,0.0,1.0
"F[2,2](((Phosphate <= 3.217 | Lactate <= 2.493) -> WBC <= 0.249) & Creatinine <= 2.146)
",-7243900625083980.000,-3.217,0.000,0.000,1.000,0,0,0,24,24,0,0,24,0.0,0,0,0.0,0.0,1.0
"F[1,2](((BaseExcess <= 2.946 | HCO3 <= 7.653) -> Temp <= 22.997) | Glucose >= 0.690)
",-9999999.000,-9999999.000,0.000,0.000,1.000,0,0,0,24,24,0,0,24,0.0,0,0,0.0,0.0,1.0
"F[0,2](EtCO2 <= 0.000 -> Chloride <= 19.406)
",-9999999.000,-9999999.000,0.000,0.000,1.000,0,0,0,24,24,0,0,24,0.0,0,0,0.0,0.0,1.0
"F[0,2](((Phosphate >= 0.072 & BaseExcess <= 1.775) | FiO2 >= 0.052) & TroponinI >= 0.308)
",-9999999.000,-9999999.000,0.000,0.000,1.000,0,0,0,24,24,0,0,24,0.0,0,0,0.0,0.0,1.0
"F[1,2]((pH >= 0.405 | WBC >= 0.022) & Phosphate <= 6.214)
",-9999999.000,-9999999.000,0.000,0.000,1.000,0,0,0,24,24,0,0,24,0.0,0,0,0.0,0.0,1.0
"F[0,2]((Alkalinephos <= 0.000 & Bilirubin_direct >= 0.000) | BUN >= 0.000)
",-9999999.000,-9999999.000,0.000,0.000,1.000,0,0,0,24,24,0,0,24,0.0,0,0,0.0,0.0,1.0
"((BaseExcess <= 0.806) U[2,2] (DBP <= 81.407))
",81.407,81.407,0.000,0.000,1.000,0,0,0,24,24,0,0,24,0.0,0,0,0.0,0.0,1.0
"F[2,2](((O2Sat <= 98.772 | PTT >= 0.015) & Fibrinogen >= 0.377) -> BaseExcess <= 10.895)
",-10.895,-10.895,0.000,0.000,1.000,0,0,0,24,24,0,0,24,0.0,0,0,0.0,0.0,1.0
"F[0,1](((HCO3 <= 12.993 & Hgb >= 0.162) & EtCO2 >= 0.117) -> PaCO2 <= 9.680)
",-9999999.000,-9999999.000,0.000,0.000,1.000,0,0,0,24,24,0,0,24,0.0,0,0,0.0,0.0,1.0
"F[1,2](FiO2 >= 0.007 | FiO2 <= 0.434)
",-9999999.000,-9999999.000,0.000,0.000,1.000,0,0,0,24,24,0,0,24,0.0,0,0,0.0,0.0,1.0
"F[0,1]((Resp >= 14.388 & TroponinI <= 0.000) | PaCO2 <= 0.000)
",-9999999.000,-9999999.000,0.000,0.000,1.000,0,0,0,24,24,0,0,24,0.0,0,0,0.0,0.0,1.0
"F[1,1]((PTT <= 8.639 | Platelets >= 13.516) & EtCO2 <= 313.601)
",8.639,8.639,0.000,0.000,1.000,0,0,0,24,24,0,0,24,0.0,0,0,0.0,0.0,1.0
"((Creatinine <= 0.566) U[0,0] (EtCO2 <= 0.000))
",-0.014,-0.041,0.000,0.000,1.000,0,0,0,24,24,0,0,24,0.0,0,0,0.0,0.0,1.0
"F[1,1](SepsisLabel <= 0.000 | SaO2 <= 60.220)
",60.220,60.220,0.000,0.000,1.000,0,0,0,24,24,0,0,24,0.0,0,0,0.0,0.0,1.0
"F[0,2](Hgb >= 0.233 & Alkalinephos >= 0.000)
",-9999999.000,-9999999.000,0.000,0.000,1.000,0,0,0,24,24,0,0,24,0.0,0,0,0.0,0.0,1.0
"((Potassium >= 0.112) U[0,2] (Hgb <= 4.257))
",-9999999.000,-9999999.000,0.000,0.000,1.000,0,0,0,24,24,0,0,24,0.0,0,0,0.0,0.0,1.0
"F[2,2]((MAP <= 79.639 & HR >= 76.664) & Platelets >= 90.550)
",-90.550,-90.550,0.000,0.000,1.000,0,0,0,24,24,0,0,24,0.0,0,0,0.0,0.0,1.0
"F[0,1](Hgb <= 11.559 | Hgb >= 0.251)
",-9999999.000,-9999999.000,0.000,0.000,1.000,0,0,0,24,24,0,0,24,0.0,0,0,0.0,0.0,1.0
"F[0,0]((WBC >= 0.088 & O2Sat >= 95.144) -> Calcium <= 99.387)
",-99.387,-99.387,0.000,0.000,1.000,0,0,0,24,24,0,0,24,0.0,0,0,0.0,0.0,1.0
"F[0,0]((SepsisLabel >= 0.000 -> Glucose <= 84.066) | FiO2 <= 255.470)
",45.451,254.303,0.000,0.000,1.000,0,0,0,24,24,0,0,24,0.0,0,0,0.0,0.0,1.0
"((MAP <= 100.707) U[0,2] (HR <= 105.207))
",-9999999.000,-9999999.000,0.000,0.000,1.000,0,0,0,24,24,0,0,24,0.0,0,0,0.0,0.0,1.0
"((Chloride >= 1.709) U[2,2] (SBP >= 107.989))
",-1.709,-1.709,0.000,0.000,1.000,0,0,0,24,24,0,0,24,0.0,0,0,0.0,0.0,1.0
"((Magnesium >= 0.021) U[0,1] (Hgb <= 10.047))
",-9999999.000,-9999999.000,0.000,0.000,1.000,0,0,0,24,24,0,0,24,0.0,0,0,0.0,0.0,1.0
"((SBP >= 116.521) U[0,0] (Bilirubin_direct >= 0.000))
",0.209,0.037,0.000,0.000,1.000,0,0,0,24,24,0,0,24,0.0,0,0,0.0,0.0,1.0
"F[0,1](((HCO3 >= 0.690 | Hgb >= 0.426) -> Glucose >= 0.401) | Temp <= 3.899)
",-9999999.000,-9999999.000,0.000,0.000,1.000,0,0,0,24,24,0,0,24,0.0,0,0,0.0,0.0,1.0
"F[0,2](((pH >= 0.114 -> O2Sat <= 98.020) & Resp <= 97.367) -> PTT >= 92.752)
",-9999999.000,-9999999.000,0.000,0.000,1.000,0,0,0,24,24,0,0,24,0.0,0,0,0.0,0.0,1.0
"F[0,2](((Alkalinephos >= 0.000 & Potassium <= 3.536) & Lactate >= 0.043) | MAP <= 2.711)
",-9999999.000,-9999999.000,0.000,0.000,1.000,0,0,0,24,24,0,0,24,0.0,0,0,0.0,0.0,1.0
"F[0,2]((PTT >= 0.014 | Calcium >= 0.120) -> WBC >= 0.301)
",-9999999.000,-9999999.000,0.000,0.000,1.000,0,0,0,24,24,0,0,24,0.0,0,0,0.0,0.0,1.0
"F[1,2](HCO3 >= 1.048 | Phosphate <= 3.430)
",-9999999.000,-9999999.000,0.000,0.000,1.000,0,0,0,24,24,0,0,24,0.0,0,0,0.0,0.0,1.0
"F[1,2]((HR >= 73.732 | Alkalinephos <= 0.000) -> Temp <= 0.000)
",-9999999.000,-9999999.000,0.000,0.000,1.000,0,0,0,24,24,0,0,24,0.0,0,0,0.0,0.0,1.0
"((Alkalinephos >= 0.000) U[2,2] (SaO2 >= 0.996))
",0.000,0.000,0.000,0.000,1.000,0,0,0,24,24,0,0,24,0.0,0,0,0.0,0.0,1.0
"F[2,2]((Hct <= 28.540 | SaO2 >= 1.897) -> SepsisLabel <= 48.256)
",-48.256,-48.256,0.000,0.000,1.000,0,0,0,24,24,0,0,24,0.0,0,0,0.0,0.0,1.0
"((O2Sat >= 95.171) U[2,2] (TroponinI <= 0.000))
",0.000,0.000,0.000,0.000,1.000,0,0,0,24,24,0,0,24,0.0,0,0,0.0,0.0,1.0
"((HR <= 104.235) U[0,2] (Bilirubin_direct <= 0.000))
",-9999999.000,-9999999.000,0.000,0.000,1.000,0,0,0,24,24,0,0,24,0.0,0,0,0.0,0.0,1.0
"F[0,1](((HR >= 70.670 & Platelets >= 14.191) & Temp <= 214.902) | Resp <= 195.791)
",-9999999.000,-9999999.000,0.000,0.000,1.000,0,0,0,24,24,0,0,24,0.0,0,0,0.0,0.0,1.0
"F[0,0](HR >= 76.646 | O2Sat >= 92.334)
",8540651334781192.000,15535.354,0.000,0.000,1.000,0,0,0,24,24,0,0,24,0.0,0,0,0.0,0.0,1.0
"F[0,2]((FiO2 <= 0.945 & pH <= 2.021) & SepsisLabel >= 0.619)
",-9999999.000,-9999999.000,0.000,0.000,1.000,0,0,0,24,24,0,0,24,0.0,0,0,0.0,0.0,1.0
"F[2,2](((Glucose >= 1.415 & Bilirubin_total <= 0.000) | BaseExcess <= 0.000) -> Bilirubin_direct >= 0.000)
",0.000,0.000,0.000,0.000,1.000,0,0,0,24,24,0,0,24,0.0,0,0,0.0,0.0,1.0
"F[0,2]((Alkalinephos >= 0.000 | MAP >= 76.349) | Potassium <= 83.082)
",-9999999.000,-9999999.000,0.000,0.000,1.000,0,0,0,24,24,0,0,24,0.0,0,0,0.0,0.0,1.0
"F[0,1](SaO2 >= 0.514 -> Bilirubin_total <= 0.000)
",-9999999.000,-9999999.000,0.000,0.000,1.000,0,0,0,24,24,0,0,24,0.0,0,0,0.0,0.0,1.0
"F[2,2]((O2Sat >= 92.630 -> Bilirubin_total <= 0.000) | MAP >= 0.000)
",0.000,0.000,0.000,0.000,1.000,0,0,0,24,24,0,0,24,0.0,0,0,0.0,0.0,1.0
"F[0,1]((pH >= 0.396 & HR <= 108.090) | Magnesium <= 99.234)
",-9999999.000,-9999999.000,0.000,0.000,1.000,0,0,0,24,24,0,0,24,0.0,0,0,0.0,0.0,1.0
"F[0,0](((O2Sat >= 94.168 -> Platelets >= 1.355) -> Creatinine <= 334.718) -> Chloride <= 128.113)
",-71.828,-127.742,0.000,0.000,1.000,0,0,0,24,24,0,0,24,0.0,0,0,0.0,0.0,1.0
"F[1,2](((BaseExcess <= 5.935 -> O2Sat >= 94.452) & Alkalinephos <= 97.076) -> Phosphate <= 99.000)
",-9999999.000,-9999999.000,0.000,0.000,1.000,0,0,0,24,24,0,0,24,0.0,0,0,0.0,0.0,1.0
"F[0,0](((Glucose <= 344.092 & HCO3 <= 14.425) | Temp >= 0.262) & BaseExcess <= 17.573)
",17.573,17.573,0.000,0.000,1.000,0,0,0,24,24,0,0,24,0.0,0,0,0.0,0.0,1.0
"F[1,2](MAP >= 46.659 | O2Sat >= 93.321)
",-9999999.000,-9999999.000,0.000,0.000,1.000,0,0,0,24,24,0,0,24,0.0,0,0,0.0,0.0,1.0
"F[1,2](((pH >= 0.129 & Temp <= 21.001) | Phosphate >= 2.177) | PTT <= 20.481)
",-9999999.000,-9999999.000,0.000,0.000,1.000,0,0,0,24,24,0,0,24,0.0,0,0,0.0,0.0,1.0
"((FiO2 <= 0.532) U[2,2] (Temp >= 1.070))
",0.532,0.532,0.000,0.000,1.000,0,0,0,24,24,0,0,24,0.0,0,0,0.0,0.0,1.0
"F[0,1](((Creatinine >= 0.012 & HR <= 103.973) -> SBP <= 103.601) | TroponinI <= 100.612)
",-9999999.000,-9999999.000,0.000,0.000,1.000,0,0,0,24,24,0,0,24,0.0,0,0,0.0,0.0,1.0
"F[0,2](((DBP <= 71.129 -> Magnesium >= 0.082) & Bilirubin_total >= 0.069) & PTT >= 0.039)
",-9999999.000,-9999999.000,0.000,0.000,1.000,0,0,0,24,24,0,0,24,0.0,0,0,0.0,0.0,1.0
"((Hgb >= 0.394) U[0,2] (HR <= 108.185))
",-9999999.000,-9999999.000,0.000,0.000,1.000,0,0,0,24,24,0,0,24,0.0,0,0,0.0,0.0,1.0
"((DBP <= 78.356) U[0,2] (Phosphate >= 0.066))
",-9999999.000,-9999999.000,0.000,0.000,1.000,0,0,0,24,24,0,0,24,0.0,0,0,0.0,0.0,1.0
"F[1,1](((HCO3 >= 0.856 & Hgb >= 0.393) & Fibrinogen <= 3.431) -> WBC >= 0.403)
",0.403,0.403,0.000,0.000,1.000,0,0,0,24,24,0,0,24,0.0,0,0,0.0,0.0,1.0
"F[2,2]((Resp <= 19.778 | Phosphate >= 0.073) -> Lactate >= 0.088)
",-19.778,-19.778,0.000,0.000,1.000,0,0,0,24,24,0,0,24,0.0,0,0,0.0,0.0,1.0
"F[1,1]((SaO2 <= 16.420 -> Magnesium <= 0.572) | Resp >= 0.011)
",-0.011,-0.011,0.000,0.000,1.000,0,0,0,24,24,0,0,24,0.0,0,0,0.0,0.0,1.0
"F[0,0](Glucose >= 1.901 | BUN <= 13.798)
",13.798,13.798,0.000,0.000,1.000,0,0,0,24,24,0,0,24,0.0,0,0,0.0,0.0,1.0
"F[0,1]((DBP <= 62.744 | Creatinine <= 0.185) | Calcium <= 0.490)
",-9999999.000,-9999999.000,0.000,0.000,1.000,0,0,0,24,24,0,0,24,0.0,0,0,0.0,0.0,1.0
"F[1,2](((Lactate >= 0.034 | SepsisLabel <= 0.000) & PTT >= 0.000) & Creatinine >= 0.000)
",-9999999.000,-9999999.000,0.000,0.000,1.000,0,0,0,24,24,0,0,24,0.0,0,0,0.0,0.0,1.0
"F[1,2](((HCO3 >= 0.385 & pH >= 0.568) | MAP >= 0.002) -> SaO2 <= 2.563)
",-9999999.000,-9999999.000,0.000,0.000,1.000,0,0,0,24,24,0,0,24,0.0,0,0,0.0,0.0,1.0
"F[1,1](((MAP <= 88.271 -> Potassium <= 1.632) & Phosphate <= 2.366) | TroponinI <= 1.010)
",1.010,1.010,0.000,0.000,1.000,0,0,0,24,24,0,0,24,0.0,0,0,0.0,0.0,1.0
"F[0,2]((HCO3 >= 0.214 & Platelets <= 33.668) & Bilirubin_direct >= 14.184)
",-9999999.000,-9999999.000,0.000,0.000,1.000,0,0,0,24,24,0,0,24,0.0,0,0,0.0,0.0,1.0
"F[2,2](Chloride <= 67.741 -> PaCO2 >= 3.004)
",-67.741,-67.741,0.000,0.000,1.000,0,0,0,24,24,0,0,24,0.0,0,0,0.0,0.0,1.0
"F[1,2](Platelets <= 425.663 -> Hct >= 0.919)
",-9999999.000,-9999999.000,0.000,0.000,1.000,0,0,0,24,24,0,0,24,0.0,0,0,0.0,0.0,1.0
"((Platelets >= 8.559) U[0,2] (Potassium <= 1.285))
",-9999999.000,-9999999.000,0.000,0.000,1.000,0,0,0,24,24,0,0,24,0.0,0,0,0.0,0.0,1.0
"F[1,2]((Glucose <= 109.185 | Bilirubin_total >= 0.000) & SaO2 >= 0.000)
",-9999999.000,-9999999.000,0.000,0.000,1.000,0,0,0,24,24,0,0,24,0.0,0,0,0.0,0.0,1.0
"F[0,1](((WBC >= 0.424 | MAP >= 57.675) | BUN >= 5.809) -> HCO3 <= 83.090)
",-9999999.000,-9999999.000,0.000,0.000,1.000,0,0,0,24,24,0,0,24,0.0,0,0,0.0,0.0,1.0
"F[1,2](((Calcium >= 0.059 | Lactate >= 0.038) & Resp <= 1.022) & Alkalinephos <= 1.957)
",-9999999.000,-9999999.000,0.000,0.000,1.000,0,0,0,24,24,0,0,24,0.0,0,0,0.0,0.0,1.0
"((Calcium <= 7.174) U[0,2] (Glucose >= 2.441))
",-9999999.000,-9999999.000,0.000,0.000,1.000,0,0,0,24,24,0,0,24,0.0,0,0,0.0,0.0,1.0
"F[1,2](AST >= 0.000 & Lactate >= 0.046)
",-9999999.000,-9999999.000,0.000,0.000,1.000,0,0,0,24,24,0,0,24,0.0,0,0,0.0,0.0,1.0
"F[0,2](BaseExcess >= 0.322 | pH >= 0.044)
",-9999999.000,-9999999.000,0.000,0.000,1.000,0,0,0,24,24,0,0,24,0.0,0,0,0.0,0.0,1.0
"F[2,2]((PaCO2 >= 0.955 -> PTT >= 0.406) & Hgb >= 0.330)
",-0.330,-0.330,0.000,0.000,1.000,0,0,0,24,24,0,0,24,0.0,0,0,0.0,0.0,1.0
"F[1,1](((AST >= 0.000 & PTT <= 19.614) -> Alkalinephos >= 0.399) | PaCO2 <= 7.473)
",7.473,7.473,0.000,0.000,1.000,0,0,0,24,24,0,0,24,0.0,0,0,0.0,0.0,1.0
"F[0,2](BaseExcess <= 1.638 & HR >= 83.935)
",-9999999.000,-9999999.000,0.000,0.000,1.000,0,0,0,24,24,0,0,24,0.0,0,0,0.0,0.0,1.0
"F[0,2]((HR <= 97.708 & Resp >= 10.869) & Glucose <= 16.783)
",-9999999.000,-9999999.000,0.000,0.000,1.000,0,0,0,24,24,0,0,24,0.0,0,0,0.0,0.0,1.0
"F[0,2](((Hgb <= 7.110 -> O2Sat >= 94.068) -> Bilirubin_direct >= 94.271) & HCO3 <= 98.066)
",-9999999.000,-9999999.000,0.000,0.000,1.000,0,0,0,24,24,0,0,24,0.0,0,0,0.0,0.0,1.0
"((HCO3 > 0.807) U[0,1] (SepsisLabel = 0.000))
",-9999999.000,-9999999.000,0.000,0.000,1.000,0,0,0,24,24,0,0,24,0.0,0,0,0.0,0.0,1.0
"((Potassium >= 0.072) U[0,2] (SepsisLabel = 0.000))
",-9999999.000,-9999999.000,0.000,0.000,1.000,0,0,0,24,24,0,0,24,0.0,0,0,0.0,0.0,1.0
"F[1,2](BUN >= 0.487 & SepsisLabel = 0.000)
",-9999999.000,-9999999.000,0.000,0.000,1.000,0,0,0,24,24,0,0,24,0.0,0,0,0.0,0.0,1.0
"F[2,2](Magnesium <= 1.453 -> SepsisLabel = 0.000)
",-1.453,-1.453,0.000,0.000,1.000,0,0,0,24,24,0,0,24,0.0,0,0,0.0,0.0,1.0
"((EtCO2 > 0.000) U[0,0] (SepsisLabel = 0.000))
",6.244,15.875,0.000,0.000,1.000,0,0,0,24,24,0,0,24,0.0,0,0,0.0,0.0,1.0
"F[2,2](Fibrinogen < 0.000 -> SepsisLabel = 0.000)
",0.000,0.000,0.000,0.000,1.000,0,0,0,24,24,0,0,24,0.0,0,0,0.0,0.0,1.0
"((BUN >= 0.197) U[2,2] (SepsisLabel = 0.000))
",0.000,0.000,0.000,0.000,1.000,0,0,0,24,24,0,0,24,0.0,0,0,0.0,0.0,1.0
"F[0,1](Phosphate <= 0.363 -> SepsisLabel = 0.000)
",-9999999.000,-9999999.000,0.000,0.000,1.000,0,0,0,24,24,0,0,24,0.0,0,0,0.0,0.0,1.0
"((Alkalinephos <= 0.000) U[1,2] (SepsisLabel = 0.000))
",-9999999.000,-9999999.000,0.000,0.000,1.000,0,0,0,24,24,0,0,24,0.0,0,0,0.0,0.0,1.0
"F[2,2](SepsisLabel < 0.000 -> SepsisLabel = 0.000)
",0.000,0.000,0.000,0.000,1.000,0,0,0,24,24,0,0,24,0.0,0,0,0.0,0.0,1.0
"F[0,1](WBC < 2.120 & SepsisLabel = 0.000)
",-9999999.000,-9999999.000,0.000,0.000,1.000,0,0,0,24,24,0,0,24,0.0,0,0,0.0,0.0,1.0
"((Creatinine >= 0.001) U[0,0] (SepsisLabel = 0.000))
",0.209,4.250,0.000,0.000,1.000,0,0,0,24,24,0,0,24,0.0,0,0,0.0,0.0,1.0
"F[0,1](O2Sat < 97.462 -> SepsisLabel = 0.000)
",-9999999.000,-9999999.000,0.000,0.000,1.000,0,0,0,24,24,0,0,24,0.0,0,0,0.0,0.0,1.0
"F[1,1](BaseExcess < 5.321 & SepsisLabel = 0.000)
",0.000,0.000,0.000,0.000,1.000,0,0,0,24,24,0,0,24,0.0,0,0,0.0,0.0,1.0
"((Resp < 19.548) U[0,2] (SepsisLabel = 0.000))
",-9999999.000,-9999999.000,0.000,0.000,1.000,0,0,0,24,24,0,0,24,0.0,0,0,0.0,0.0,1.0
"((Chloride < 9.914) U[0,2] (SepsisLabel = 0.000))
",-9999999.000,-9999999.000,0.000,0.000,1.000,0,0,0,24,24,0,0,24,0.0,0,0,0.0,0.0,1.0
"F[1,2](Glucose > 9.455 -> SepsisLabel = 0.000)
",-9999999.000,-9999999.000,0.000,0.000,1.000,0,0,0,24,24,0,0,24,0.0,0,0,0.0,0.0,1.0
"F[2,2](pH <= 3.279 & SepsisLabel = 0.000)
",0.000,0.000,0.000,0.000,1.000,0,0,0,24,24,0,0,24,0.0,0,0,0.0,0.0,1.0
"((Fibrinogen <= 0.000) U[1,2] (SepsisLabel = 0.000))
",-9999999.000,-9999999.000,0.000,0.000,1.000,0,0,0,24,24,0,0,24,0.0,0,0,0.0,0.0,1.0
"F[0,2](((Chloride >= 2.162 -> Magnesium <= 0.807) -> HCO3 >= 0.053) -> HR <= 0.728)
",-9999999.000,-9999999.000,0.000,0.000,1.000,0,0,0,24,24,0,0,24,0.0,0,0,0.0,0.0,1.0
"F[1,2](((Chloride <= 46.325 & HCO3 <= 5.189) -> AST <= 3.061) -> BUN <= 15.409)
",-9999999.000,-9999999.000,0.000,0.000,1.000,0,0,0,24,24,0,0,24,0.0,0,0,0.0,0.0,1.0
"F[0,1](((Creatinine <= 0.353 & WBC >= 0.084) & Bilirubin_total <= 1.535) -> Alkalinephos >= 0.202)
",-9999999.000,-9999999.000,0.000,0.000,1.000,0,0,0,24,24,0,0,24,0.0,0,0,0.0,0.0,1.0
"F[0,0](((BUN >= 0.337 | PTT >= 0.258) -> FiO2 >= 0.238) | SaO2 >= 0.002)
",0.395,5.541,0.000,0.000,1.000,0,0,0,24,24,0,0,24,0.0,0,0,0.0,0.0,1.0
"F[1,2](((BUN >= 0.179 & Chloride >= 1.128) | Glucose >= 2.447) | Resp <= 23.972)
",-9999999.000,-9999999.000,0.000,0.000,1.000,0,0,0,24,24,0,0,24,0.0,0,0,0.0,0.0,1.0
"F[1,2]((Hgb >= 0.283 | WBC <= 11.196) -> Hgb <= 8.241)
",-9999999.000,-9999999.000,0.000,0.000,1.000,0,0,0,24,24,0,0,24,0.0,0,0,0.0,0.0,1.0
"((HCO3 <= 4.222) U[0,2] (Phosphate >= 0.060))
",-9999999.000,-9999999.000,0.000,0.000,1.000,0,0,0,24,24,0,0,24,0.0,0,0,0.0,0.0,1.0
"((Magnesium <= 0.653) U[0,2] (Phosphate >= 0.003))
",-9999999.000,-9999999.000,0.000,0.000,1.000,0,0,0,24,24,0,0,24,0.0,0,0,0.0,0.0,1.0
"F[0,1]((Platelets <= 262.443 -> Potassium >= 0.095) -> Bilirubin_total <= 1.442)
",-9999999.000,-9999999.000,0.000,0.000,1.000,0,0,0,24,24,0,0,24,0.0,0,0,0.0,0.0,1.0
"F[1,1](((Platelets <= 270.124 & WBC >= 0.385) | SepsisLabel >= 0.300) -> SepsisLabel <= 9.112)
",-9.112,-9.112,0.000,0.000,1.000,0,0,0,24,24,0,0,24,0.0,0,0,0.0,0.0,1.0
"F[0,1](EtCO2 <= 0.000 & SepsisLabel = 0.000)
",-9999999.000,-9999999.000,0.000,0.000,1.000,0,0,0,24,24,0,0,24,0.0,0,0,0.0,0.0,1.0
"((Calcium <= 8.646) U[0,2] (Potassium >= 0.104))
",-9999999.000,-9999999.000,0.000,0.000,1.000,0,0,0,24,24,0,0,24,0.0,0,0,0.0,0.0,1.0
"F[1,2]((Chloride <= 99.357 & PTT <= 19.277) -> Chloride <= 8.232)
",-9999999.000,-9999999.000,0.000,0.000,1.000,0,0,0,24,24,0,0,24,0.0,0,0,0.0,0.0,1.0
"((SepsisLabel >= 0.000) U[0,1] (SepsisLabel = 0.000))
",-9999999.000,-9999999.000,0.000,0.000,1.000,0,0,0,24,24,0,0,24,0.0,0,0,0.0,0.0,1.0
"F[0,2](PaCO2 > 0.479 & SepsisLabel = 0.000)
",-9999999.000,-9999999.000,0.000,0.000,1.000,0,0,0,24,24,0,0,24,0.0,0,0,0.0,0.0,1.0
"F[0,1](Glucose <= 48.338 -> SepsisLabel = 0.000)
",-9999999.000,-9999999.000,0.000,0.000,1.000,0,0,0,24,24,0,0,24,0.0,0,0,0.0,0.0,1.0
"F[0,0](Alkalinephos <= 0.000 -> SepsisLabel = 0.000)
",0.209,0.708,0.000,0.000,1.000,0,0,0,24,24,0,0,24,0.0,0,0,0.0,0.0,1.0
"F[0,2](AST >= 0.000 -> SepsisLabel = 0.000)
",-9999999.000,-9999999.000,0.000,0.000,1.000,0,0,0,24,24,0,0,24,0.0,0,0,0.0,0.0,1.0
"F[0,2](Glucose > 8.699 & SepsisLabel = 0.000)
",-9999999.000,-9999999.000,0.000,0.000,1.000,0,0,0,24,24,0,0,24,0.0,0,0,0.0,0.0,1.0
"((BUN >= 0.621) U[0,1] (SepsisLabel = 0.000))
",-9999999.000,-9999999.000,0.000,0.000,1.000,0,0,0,24,24,0,0,24,0.0,0,0,0.0,0.0,1.0
"F[0,2]((Phosphate >= 0.030 & Magnesium > 0.021) -> Calcium < 2.157)
",-9999999.000,-9999999.000,0.000,0.000,1.000,0,0,0,24,24,0,0,24,0.0,0,0,0.0,0.0,1.0
"F[1,2]((Phosphate >= 0.003 & Magnesium > 0.037) -> Calcium < 8.900)
",-9999999.000,-9999999.000,0.000,0.000,1.000,0,0,0,24,24,0,0,24,0.0,0,0,0.0,0.0,1.0
"F[0,2](Hgb <= 3.467 | Hct <= 30.310)
",-9999999.000,-9999999.000,0.000,0.000,1.000,0,0,0,24,24,0,0,24,0.0,0,0,0.0,0.0,1.0
"F[0,2]((Phosphate >= 0.073 & Magnesium > 0.039) -> Calcium < 3.589)
",-9999999.000,-9999999.000,0.000,0.000,1.000,0,0,0,24,24,0,0,24,0.0,0,0,0.0,0.0,1.0
"F[0,2](((Calcium < 6.300 & Potassium < 2.903) & Magnesium < 1.000) & Phosphate < 1.410)
",-9999999.000,-9999999.000,0.000,0.000,1.000,0,0,0,24,24,0,0,24,0.0,0,0,0.0,0.0,1.0
"F[0,2](Hgb <= 6.353 | Hct <= 7.232)
",-9999999.000,-9999999.000,0.000,0.000,1.000,0,0,0,24,24,0,0,24,0.0,0,0,0.0,0.0,1.0
"F[0,2]((Phosphate >= 0.053 & Magnesium > 0.079) -> Calcium < 7.822)
",-9999999.000,-9999999.000,0.000,0.000,1.000,0,0,0,24,24,0,0,24,0.0,0,0,0.0,0.0,1.0
"F[0,2](((Calcium < 3.911 & Potassium < 4.223) & Magnesium < 0.232) & Phosphate < 0.306)
",-9999999.000,-9999999.000,0.000,0.000,1.000,0,0,0,24,24,0,0,24,0.0,0,0,0.0,0.0,1.0
"((MAP >= 7.515) U[0,2] (SBP <= 132.864))
",-9999999.000,-9999999.000,0.000,0.000,1.000,0,0,0,24,24,0,0,24,0.0,0,0,0.0,0.0,1.0
"F[0,2](((Calcium < 4.290 & Potassium < 3.497) & Magnesium < 1.214) & Phosphate < 3.037)
",-9999999.000,-9999999.000,0.000,0.000,1.000,0,0,0,24,24,0,0,24,0.0,0,0,0.0,0.0,1.0
"F[2,2](((Calcium < 6.854 & Potassium < 4.255) & Magnesium < 0.656) & Phosphate < 2.011)
",0.656,0.656,0.000,0.000,1.000,0,0,0,24,24,0,0,24,0.0,0,0,0.0,0.0,1.0
"F[0,2]((Calcium <= 5.196 & Potassium <= 2.436) & Magnesium >= 0.058)
",-9999999.000,-9999999.000,0.000,0.000,1.000,0,0,0,24,24,0,0,24,0.0,0,0,0.0,0.0,1.0
"F[0,2](Hgb <= 5.978 | Hct <= 7.884)
",-9999999.000,-9999999.000,0.000,0.000,1.000,0,0,0,24,24,0,0,24,0.0,0,0,0.0,0.0,1.0
"F[2,2]((Phosphate >= 0.027 & Magnesium > 0.045) -> Calcium < 8.388)
",-8.388,-8.388,0.000,0.000,1.000,0,0,0,24,24,0,0,24,0.0,0,0,0.0,0.0,1.0
"F[0,1](((Calcium < 6.005 & Potassium < 1.845) & Magnesium < 0.406) & Phosphate < 2.688)
",-9999999.000,-9999999.000,0.000,0.000,1.000,0,0,0,24,24,0,0,24,0.0,0,0,0.0,0.0,1.0
"F[0,1](Hgb <= 9.369 | Hct <= 25.900)
",-9999999.000,-9999999.000,0.000,0.000,1.000,0,0,0,24,24,0,0,24,0.0,0,0,0.0,0.0,1.0
"F[2,2]((Phosphate >= 0.047 & Magnesium > 0.063) -> Calcium < 6.036)
",-6.036,-6.036,0.000,0.000,1.000,0,0,0,24,24,0,0,24,0.0,0,0,0.0,0.0,1.0
"F[2,2](((Calcium < 4.127 & Potassium < 2.907) & Magnesium < 0.840) & Phosphate < 1.498)
",0.840,0.840,0.000,0.000,1.000,0,0,0,24,24,0,0,24,0.0,0,0,0.0,0.0,1.0
"F[0,2]((Calcium <= 7.811 & Potassium <= 3.792) & Magnesium >= 0.001)
",-9999999.000,-9999999.000,0.000,0.000,1.000,0,0,0,24,24,0,0,24,0.0,0,0,0.0,0.0,1.0
"F[1,2](((Calcium < 6.831 & Potassium < 3.172) & Magnesium < 0.504) & Phosphate < 3.270)
",-9999999.000,-9999999.000,0.000,0.000,1.000,0,0,0,24,24,0,0,24,0.0,0,0,0.0,0.0,1.0
"F[1,2]((Phosphate >= 0.089 & Magnesium > 0.089) -> Calcium < 0.417)
",-9999999.000,-9999999.000,0.000,0.000,1.000,0,0,0,24,24,0,0,24,0.0,0,0,0.0,0.0,1.0
"((MAP >= 38.066) U[0,2] (SBP <= 137.633))
",-9999999.000,-9999999.000,0.000,0.000,1.000,0,0,0,24,24,0,0,24,0.0,0,0,0.0,0.0,1.0
"F[0,2]((Calcium <= 1.022 & Potassium <= 0.230) & Magnesium >= 0.057)
",-9999999.000,-9999999.000,0.000,0.000,1.000,0,0,0,24,24,0,0,24,0.0,0,0,0.0,0.0,1.0
"F[1,2](Hgb <= 11.448 | Hct <= 10.647)
",-9999999.000,-9999999.000,0.000,0.000,1.000,0,0,0,24,24,0,0,24,0.0,0,0,0.0,0.0,1.0
"((MAP >= 35.244) U[0,2] (SBP <= 132.163))
",-9999999.000,-9999999.000,0.000,0.000,1.000,0,0,0,24,24,0,0,24,0.0,0,0,0.0,0.0,1.0
"F[1,2]((Phosphate >= 0.066 & Magnesium > 0.003) -> Calcium < 1.564)
",-9999999.000,-9999999.000,0.000,0.000,1.000,0,0,0,24,24,0,0,24,0.0,0,0,0.0,0.0,1.0
"F[1,2](((Calcium < 0.353 & Potassium < 2.645) & Magnesium < 1.091) & Phosphate < 1.677)
",-9999999.000,-9999999.000,0.000,0.000,1.000,0,0,0,24,24,0,0,24,0.0,0,0,0.0,0.0,1.0
"F[0,2]((Calcium <= 8.368 & Potassium <= 2.907) & Magnesium >= 0.086)
",-9999999.000,-9999999.000,0.000,0.000,1.000,0,0,0,24,24,0,0,24,0.0,0,0,0.0,0.0,1.0
"F[0,1](Hgb <= 1.090 | Hct <= 11.538)
",-9999999.000,-9999999.000,0.000,0.000,1.000,0,0,0,24,24,0,0,24,0.0,0,0,0.0,0.0,1.0
"((MAP >= 37.353) U[0,2] (SBP <= 141.823))
",-9999999.000,-9999999.000,0.000,0.000,1.000,0,0,0,24,24,0,0,24,0.0,0,0,0.0,0.0,1.0
"F[0,1]((Phosphate >= 0.084 & Magnesium > 0.093) -> Calcium < 7.447)
",-9999999.000,-9999999.000,0.000,0.000,1.000,0,0,0,24,24,0,0,24,0.0,0,0,0.0,0.0,1.0
"F[1,2](((Calcium < 4.358 & Potassium < 0.896) & Magnesium < 1.473) & Phosphate < 0.291)
",-9999999.000,-9999999.000,0.000,0.000,1.000,0,0,0,24,24,0,0,24,0.0,0,0,0.0,0.0,1.0
"F[0,2](Hgb <= 2.396 | Hct <= 22.877)
",-9999999.000,-9999999.000,0.000,0.000,1.000,0,0,0,24,24,0,0,24,0.0,0,0,0.0,0.0,1.0
"((MAP >= 4.388) U[0,2] (SBP <= 133.474))
",-9999999.000,-9999999.000,0.000,0.000,1.000,0,0,0,24,24,0,0,24,0.0,0,0,0.0,0.0,1.0
"F[0,2]((Phosphate >= 0.061 & Magnesium > 0.062) -> Calcium < 5.680)
",-9999999.000,-9999999.000,0.000,0.000,1.000,0,0,0,24,24,0,0,24,0.0,0,0,0.0,0.0,1.0
"F[1,2]((Calcium <= 0.888 & Potassium <= 0.479) & Magnesium >= 0.056)
",-9999999.000,-9999999.000,0.000,0.000,1.000,0,0,0,24,24,0,0,24,0.0,0,0,0.0,0.0,1.0
"F[0,2](Hgb <= 5.256 | Hct <= 20.250)
",-9999999.000,-9999999.000,0.000,0.000,1.000,0,0,0,24,24,0,0,24,0.0,0,0,0.0,0.0,1.0
"F[0,2](BUN <= 10.394 -> HCO3 >= 1.108)
",-9999999.000,-9999999.000,0.000,0.000,1.000,0,0,0,24,24,0,0,24,0.0,0,0,0.0,0.0,1.0
"F[1,2](((Magnesium >= 0.087 -> PTT <= 2.007) & Lactate <= 12.589) | EtCO2 <= 17.375)
",-9999999.000,-9999999.000,0.000,0.000,1.000,0,0,0,24,24,0,0,24,0.0,0,0,0.0,0.0,1.0
"F[1,2]((BUN <= 8.789 -> FiO2 <= 0.668) | Chloride >= 0.091)
",-9999999.000,-9999999.000,0.000,0.000,1.000,0,0,0,24,24,0,0,24,0.0,0,0,0.0,0.0,1.0
"F[2,2]((HCO3 >= 0.715 & PaCO2 <= 4.091) | EtCO2 >= 0.388)
",-0.388,-0.388,0.000,0.000,1.000,0,0,0,24,24,0,0,24,0.0,0,0,0.0,0.0,1.0
"((Hct <= 25.719) U[0,2] (O2Sat <= 97.960))
",-9999999.000,-9999999.000,0.000,0.000,1.000,0,0,0,24,24,0,0,24,0.0,0,0,0.0,0.0,1.0
"F[1,2](pH <= 5.149 -> Phosphate >= 0.048)
",-9999999.000,-9999999.000,0.000,0.000,1.000,0,0,0,24,24,0,0,24,0.0,0,0,0.0,0.0,1.0
"F[0,2]((Magnesium <= 0.745 -> PaCO2 >= 2.684) -> Resp <= 28.328)
",-9999999.000,-9999999.000,0.000,0.000,1.000,0,0,0,24,24,0,0,24,0.0,0,0,0.0,0.0,1.0
"F[0,2](((pH <= 4.692 | PTT >= 0.722) | MAP <= 18.967) -> SBP <= 8.994)
",-9999999.000,-9999999.000,0.000,0.000,1.000,0,0,0,24,24,0,0,24,0.0,0,0,0.0,0.0,1.0
"((HCO3 >= 0.851) U[2,2] (pH <= 4.509))
",4.509,4.509,0.000,0.000,1.000,0,0,0,24,24,0,0,24,0.0,0,0,0.0,0.0,1.0
"((O2Sat >= 95.390) U[0,2] (Temp <= 37.848))
",-9999999.000,-9999999.000,0.000,0.000,1.000,0,0,0,24,24,0,0,24,0.0,0,0,0.0,0.0,1.0
"F[0,2](((PaCO2 <= 21.955 & PTT >= 0.437) & HCO3 >= 0.470) -> FiO2 <= 20.687)
",-9999999.000,-9999999.000,0.000,0.000,1.000,0,0,0,24,24,0,0,24,0.0,0,0,0.0,0.0,1.0
"F[2,2]((Calcium <= 7.006 -> pH >= 0.082) -> BaseExcess >= 0.330)
",0.330,0.330,0.000,0.000,1.000,0,0,0,24,24,0,0,24,0.0,0,0,0.0,0.0,1.0
"F[0,2](((Magnesium <= 1.591 | pH <= 3.650) & EtCO2 >= 0.504) & Hct >= 0.055)
",-9999999.000,-9999999.000,0.000,0.000,1.000,0,0,0,24,24,0,0,24,0.0,0,0,0.0,0.0,1.0
"F[0,2](((pH <= 5.625 | Platelets <= 320.047) | EtCO2 <= 251.268) -> Chloride <= 21.223)
",-9999999.000,-9999999.000,0.000,0.000,1.000,0,0,0,24,24,0,0,24,0.0,0,0,0.0,0.0,1.0
"F[0,2]((pH <= 3.807 & WBC <= 9.492) & SBP <= 5.417)
",-9999999.000,-9999999.000,0.000,0.000,1.000,0,0,0,24,24,0,0,24,0.0,0,0,0.0,0.0,1.0
"F[2,2](Hgb >= 0.248 | pH <= 7.227)
",7.227,7.227,0.000,0.000,1.000,0,0,0,24,24,0,0,24,0.0,0,0,0.0,0.0,1.0
"F[0,1](((Glucose <= 57.004 | Lactate <= 1.785) -> O2Sat >= 0.032) | Lactate >= 0.029)
",-9999999.000,-9999999.000,0.000,0.000,1.000,0,0,0,24,24,0,0,24,0.0,0,0,0.0,0.0,1.0
"F[1,2]((Glucose >= 0.651 -> SaO2 >= 0.991) & HCO3 >= 1.222)
",-9999999.000,-9999999.000,0.000,0.000,1.000,0,0,0,24,24,0,0,24,0.0,0,0,0.0,0.0,1.0
"F[0,2](((HR >= 83.461 | MAP >= 33.415) & HR >= 34.447) | O2Sat >= 10.123)
",-9999999.000,-9999999.000,0.000,0.000,1.000,0,0,0,24,24,0,0,24,0.0,0,0,0.0,0.0,1.0
"F[0,1](((HR <= 105.764 & SBP >= 104.935) | Bilirubin_total >= 95.112) -> Bilirubin_total <= 141.688)
",-9999999.000,-9999999.000,0.000,0.000,1.000,0,0,0,24,24,0,0,24,0.0,0,0,0.0,0.0,1.0
"F[0,1](((FiO2 <= 0.587 | SBP >= 95.333) & Chloride <= 129.831) -> SaO2 <= 141.032)
",-9999999.000,-9999999.000,0.000,0.000,1.000,0,0,0,24,24,0,0,24,0.0,0,0,0.0,0.0,1.0
"F[0,2]((FiO2 <= 0.981 | pH >= 0.571) & Creatinine <= 2.015)
",-9999999.000,-9999999.000,0.000,0.000,1.000,0,0,0,24,24,0,0,24,0.0,0,0,0.0,0.0,1.0
"F[1,1](Potassium >= 0.046 | PTT <= 1.407)
",1.407,1.407,0.000,0.000,1.000,0,0,0,24,24,0,0,24,0.0,0,0,0.0,0.0,1.0
"F[0,1](((FiO2 <= 0.941 -> HCO3 >= 0.696) & DBP >= 0.490) | EtCO2 <= 1.295)
",-9999999.000,-9999999.000,0.000,0.000,1.000,0,0,0,24,24,0,0,24,0.0,0,0,0.0,0.0,1.0
"F[0,2]((FiO2 <= 0.547 | Phosphate >= 0.126) | HCO3 >= 0.011)
",-9999999.000,-9999999.000,0.000,0.000,1.000,0,0,0,24,24,0,0,24,0.0,0,0,0.0,0.0,1.0
"F[0,2]((O2Sat >= 93.087 & SBP >= 100.588) -> Resp >= 97.099)
",-9999999.000,-9999999.000,0.000,0.000,1.000,0,0,0,24,24,0,0,24,0.0,0,0,0.0,0.0,1.0
"F[0,2](((SaO2 >= 1.421 | Temp >= 2.039) | SaO2 <= 13.075) & BaseExcess <= 36.844)
",-9999999.000,-9999999.000,0.000,0.000,1.000,0,0,0,24,24,0,0,24,0.0,0,0,0.0,0.0,1.0
"F[1,2]((BaseExcess >= 0.246 -> Magnesium >= 0.044) -> TroponinI >= 0.005)
",-9999999.000,-9999999.000,0.000,0.000,1.000,0,0,0,24,24,0,0,24,0.0,0,0,0.0,0.0,1.0
"F[0,2](((BaseExcess >= 0.356 -> BUN <= 16.922) -> Hgb >= 0.149) | Hct <= 16.568)
",-9999999.000,-9999999.000,0.000,0.000,1.000,0,0,0,24,24,0,0,24,0.0,0,0,0.0,0.0,1.0
"F[1,2](Chloride >= 1.116 -> FiO2 <= 0.273)
",-9999999.000,-9999999.000,0.000,0.000,1.000,0,0,0,24,24,0,0,24,0.0,0,0,0.0,0.0,1.0
"F[0,2]((Hct <= 31.661 & Temp >= 9.888) | EtCO2 <= 20.424)
",-9999999.000,-9999999.000,0.000,0.000,1.000,0,0,0,24,24,0,0,24,0.0,0,0,0.0,0.0,1.0
"F[2,2](((Calcium <= 6.862 & FiO2 <= 0.520) & Glucose >= 0.172) -> SepsisLabel >= 0.022)
",0.022,0.022,0.000,0.000,1.000,0,0,0,24,24,0,0,24,0.0,0,0,0.0,0.0,1.0
"F[0,2](BaseExcess <= 0.942 | Creatinine <= 0.866)
",-9999999.000,-9999999.000,0.000,0.000,1.000,0,0,0,24,24,0,0,24,0.0,0,0,0.0,0.0,1.0
"F[0,1](((FiO2 <= 0.515 -> Platelets <= 404.226) & DBP >= 0.454) -> Resp >= 6.873)
",-9999999.000,-9999999.000,0.000,0.000,1.000,0,0,0,24,24,0,0,24,0.0,0,0,0.0,0.0,1.0
"F[1,2]((BaseExcess >= 0.252 & Calcium >= 0.020) -> Bilirubin_direct <= 0.924)
",-9999999.000,-9999999.000,0.000,0.000,1.000,0,0,0,24,24,0,0,24,0.0,0,0,0.0,0.0,1.0
"F[1,2](((Hct >= 0.149 | pH <= 6.919) & Creatinine >= 0.488) & Chloride >= 0.569)
",-9999999.000,-9999999.000,0.000,0.000,1.000,0,0,0,24,24,0,0,24,0.0,0,0,0.0,0.0,1.0
"F[1,2](((BaseExcess >= 0.246 | FiO2 >= 0.095) | AST >= 0.039) | Temp <= 0.314)
",-9999999.000,-9999999.000,0.000,0.000,1.000,0,0,0,24,24,0,0,24,0.0,0,0,0.0,0.0,1.0
"((FiO2 <= 0.295) U[2,2] (Hgb >= 0.291))
",0.295,0.295,0.000,0.000,1.000,0,0,0,24,24,0,0,24,0.0,0,0,0.0,0.0,1.0
"F[1,2]((Calcium <= 3.765 & Potassium <= 2.364) & Magnesium >= 0.052)
",-9999999.000,-9999999.000,0.000,0.000,1.000,0,0,0,24,24,0,0,24,0.0,0,0,0.0,0.0,1.0
"((Hct <= 29.041) U[0,1] (PaCO2 <= 6.074))
",-9999999.000,-9999999.000,0.000,0.000,1.000,0,0,0,24,24,0,0,24,0.0,0,0,0.0,0.0,1.0
"F[0,2](FiO2 >= 0.141 | Lactate >= 0.020)
",-9999999.000,-9999999.000,0.000,0.000,1.000,0,0,0,24,24,0,0,24,0.0,0,0,0.0,0.0,1.0
"F[0,2](FiO2 <= 0.908 | SaO2 <= 28.627)
",-9999999.000,-9999999.000,0.000,0.000,1.000,0,0,0,24,24,0,0,24,0.0,0,0,0.0,0.0,1.0
"F[1,1]((Lactate <= 2.384 -> pH <= 0.932) | pH >= 0.356)
",-0.356,-0.356,0.000,0.000,1.000,0,0,0,24,24,0,0,24,0.0,0,0,0.0,0.0,1.0
"F[2,2]((Creatinine >= 0.022 | HCO3 <= 16.417) -> SBP >= 0.056)
",-16.417,-16.417,0.000,0.000,1.000,0,0,0,24,24,0,0,24,0.0,0,0,0.0,0.0,1.0
"F[1,2](((Creatinine >= 0.018 -> Magnesium >= 0.025) | Creatinine >= 0.023) | WBC >= 0.030)
",-9999999.000,-9999999.000,0.000,0.000,1.000,0,0,0,24,24,0,0,24,0.0,0,0,0.0,0.0,1.0
"((Hgb >= 0.035) U[0,1] (Magnesium <= 0.664))
",-9999999.000,-9999999.000,0.000,0.000,1.000,0,0,0,24,24,0,0,24,0.0,0,0,0.0,0.0,1.0
"((BUN >= 0.666) U[0,1] (Creatinine <= 0.102))
",-9999999.000,-9999999.000,0.000,0.000,1.000,0,0,0,24,24,0,0,24,0.0,0,0,0.0,0.0,1.0
"F[1,2](((Creatinine >= 0.030 & Phosphate >= 0.087) & EtCO2 <= 2.857) & TroponinI >= 0.003)
",-9999999.000,-9999999.000,0.000,0.000,1.000,0,0,0,24,24,0,0,24,0.0,0,0,0.0,0.0,1.0
"F[0,0](Magnesium <= 1.349 -> WBC <= 7.772)
",-3.963,-7.384,0.000,0.000,1.000,0,0,0,24,24,0,0,24,0.0,0,0,0.0,0.0,1.0
"F[1,2](Chloride >= 2.635 & Creatinine <= 0.217)
",-9999999.000,-9999999.000,0.000,0.000,1.000,0,0,0,24,24,0,0,24,0.0,0,0,0.0,0.0,1.0
"F[0,1]((Chloride <= 10.979 & Hgb >= 0.045) -> Phosphate >= 0.053)
",-9999999.000,-9999999.000,0.000,0.000,1.000,0,0,0,24,24,0,0,24,0.0,0,0,0.0,0.0,1.0
"((Magnesium <= 2.053) U[2,2] (Potassium <= 2.300))
",2.300,2.300,0.000,0.000,1.000,0,0,0,24,24,0,0,24,0.0,0,0,0.0,0.0,1.0
"((PaCO2 <= 14.792) U[1,2] (SaO2 >= 1.254))
",-9999999.000,-9999999.000,0.000,0.000,1.000,0,0,0,24,24,0,0,24,0.0,0,0,0.0,0.0,1.0
"F[0,2](((Phosphate <= 0.252 -> WBC <= 10.860) -> HR <= 9.518) | TroponinI >= 0.046)
",-9999999.000,-9999999.000,0.000,0.000,1.000,0,0,0,24,24,0,0,24,0.0,0,0,0.0,0.0,1.0
"F[0,1]((Chloride <= 65.892 -> WBC <= 4.519) | pH <= 9.830)
",-9999999.000,-9999999.000,0.000,0.000,1.000,0,0,0,24,24,0,0,24,0.0,0,0,0.0,0.0,1.0
"F[1,2](Chloride >= 2.011 | Platelets >= 16.012)
",-9999999.000,-9999999.000,0.000,0.000,1.000,0,0,0,24,24,0,0,24,0.0,0,0,0.0,0.0,1.0
"F[1,2](((Creatinine <= 0.349 | Potassium >= 0.036) & Bilirubin_direct <= 1.499) | Hct <= 4.255)
",-9999999.000,-9999999.000,0.000,0.000,1.000,0,0,0,24,24,0,0,24,0.0,0,0,0.0,0.0,1.0
"F[2,2](((HCO3 >= 0.535 -> Platelets >= 8.872) -> Glucose >= 7.142) | Bilirubin_total <= 335.937)
",335.937,335.937,0.000,0.000,1.000,0,0,0,24,24,0,0,24,0.0,0,0,0.0,0.0,1.0
"F[0,2](((Chloride >= 1.832 | Potassium <= 2.366) & Magnesium >= 0.063) | Temp >= 0.116)
",-9999999.000,-9999999.000,0.000,0.000,1.000,0,0,0,24,24,0,0,24,0.0,0,0,0.0,0.0,1.0
"F[1,2](Calcium >= 0.140 -> Hgb <= 4.349)
",-9999999.000,-9999999.000,0.000,0.000,1.000,0,0,0,24,24,0,0,24,0.0,0,0,0.0,0.0,1.0
"F[1,2](((Glucose <= 61.319 & Magnesium >= 0.034) | WBC >= 0.029) -> SBP <= 0.434)
",-9999999.000,-9999999.000,0.000,0.000,1.000,0,0,0,24,24,0,0,24,0.0,0,0,0.0,0.0,1.0
"F[0,2](BUN >= 0.231 -> Glucose >= 4.474)
",-9999999.000,-9999999.000,0.000,0.000,1.000,0,0,0,24,24,0,0,24,0.0,0,0,0.0,0.0,1.0
"F[0,2](Calcium <= 5.486 & Glucose <= 373.043)
",-9999999.000,-9999999.000,0.000,0.000,1.000,0,0,0,24,24,0,0,24,0.0,0,0,0.0,0.0,1.0
"F[0,1](((Hct >= 1.251 -> WBC >= 0.120) | Chloride <= 6.870) | HR <= 7.729)
",-9999999.000,-9999999.000,0.000,0.000,1.000,0,0,0,24,24,0,0,24,0.0,0,0,0.0,0.0,1.0
"F[0,2](MAP >= 25.647 | SBP >= 100.568)
",-9999999.000,-9999999.000,0.000,0.000,1.000,0,0,0,24,24,0,0,24,0.0,0,0,0.0,0.0,1.0
"F[2,2](((Hct >= 0.678 & Lactate <= 1.499) & SepsisLabel <= 0.822) & TroponinI <= 2.559)
",-0.678,-0.678,0.000,0.000,1.000,0,0,0,24,24,0,0,24,0.0,0,0,0.0,0.0,1.0
"F[0,2](((Magnesium <= 1.690 & SaO2 >= 2.040) & Glucose >= 1.378) -> PTT >= 0.267)
",-9999999.000,-9999999.000,0.000,0.000,1.000,0,0,0,24,24,0,0,24,0.0,0,0,0.0,0.0,1.0
"F[0,1](BUN <= 16.846 | Lactate <= 2.479)
",-9999999.000,-9999999.000,0.000,0.000,1.000,0,0,0,24,24,0,0,24,0.0,0,0,0.0,0.0,1.0
"F[0,2](Lactate >= 0.007 -> Phosphate <= 1.627)
",-9999999.000,-9999999.000,0.000,0.000,1.000,0,0,0,24,24,0,0,24,0.0,0,0,0.0,0.0,1.0
"F[1,2](((Chloride <= 64.668 | Lactate <= 1.235) & Calcium <= 0.225) -> Magnesium <= 2.530)
",-9999999.000,-9999999.000,0.000,0.000,1.000,0,0,0,24,24,0,0,24,0.0,0,0,0.0,0.0,1.0
"F[2,2](Lactate <= 0.324 | PTT <= 10.743)
",10.743,10.743,0.000,0.000,1.000,0,0,0,24,24,0,0,24,0.0,0,0,0.0,0.0,1.0
"F[0,1](HCO3 >= 0.941 -> Lactate >= 0.009)
",-9999999.000,-9999999.000,0.000,0.000,1.000,0,0,0,24,24,0,0,24,0.0,0,0,0.0,0.0,1.0
"F[0,2](Lactate <= 0.416 -> Potassium <= 2.121)
",-9999999.000,-9999999.000,0.000,0.000,1.000,0,0,0,24,24,0,0,24,0.0,0,0,0.0,0.0,1.0
"F[0,2]((Calcium <= 8.536 -> Lactate >= 0.038) & AST >= 0.008)
",-9999999.000,-9999999.000,0.000,0.000,1.000,0,0,0,24,24,0,0,24,0.0,0,0,0.0,0.0,1.0
"F[0,2]((Lactate >= 0.052 & Platelets <= 237.400) | Hct <= 363.230)
",-9999999.000,-9999999.000,0.000,0.000,1.000,0,0,0,24,24,0,0,24,0.0,0,0,0.0,0.0,1.0
"F[0,2]((Platelets >= 16.206 | SaO2 <= 66.597) & Fibrinogen >= 0.066)
",-9999999.000,-9999999.000,0.000,0.000,1.000,0,0,0,24,24,0,0,24,0.0,0,0,0.0,0.0,1.0
"F[0,0](((SaO2 <= 5.387 & WBC <= 7.397) & PTT <= 9.685) | Magnesium >= 0.008)
",3.134,4.833,0.000,0.000,1.000,0,0,0,24,24,0,0,24,0.0,0,0,0.0,0.0,1.0
"((BUN >= 0.706) U[0,1] (Hct <= 12.690))
",-9999999.000,-9999999.000,0.000,0.000,1.000,0,0,0,24,24,0,0,24,0.0,0,0,0.0,0.0,1.0
"F[0,2](((Chloride <= 100.928 -> Hct <= 19.628) -> FiO2 >= 0.070) -> SepsisLabel <= 2.017)
",-9999999.000,-9999999.000,0.000,0.000,1.000,0,0,0,24,24,0,0,24,0.0,0,0,0.0,0.0,1.0
"F[1,2]((Potassium <= 1.840 | BUN <= 14.003) | PaCO2 <= 8.984)
",-9999999.000,-9999999.000,0.000,0.000,1.000,0,0,0,24,24,0,0,24,0.0,0,0,0.0,0.0,1.0
