Rule,Discrimination Score,Pos Robustness,Neg Robustness,Percent Class +,Percent Class -,TP,TN,FP,FN,Actual Yes,Actual No,Predicted Yes,Predicted No,TPR/Sens,TNR/Spec,FPR,Precision,Accuracy,MCR,Class
"G[1,1]((BUN <= 8.312 | Magnesium >= 0.099) | TroponinI <= 0.925)
",4679412127112041.000,8.312,0.000,1.000,0.000,12,0,0,0,12,0,12,0,1.0,0.0,0.0,1.0,1.0,0.0,1
"G[0,0]((Creatinine >= 0.037 -> PaCO2 <= 0.000) & EtCO2 <= 0.000)
",-0.808,-20.414,0.000,1.000,0.000,12,0,0,0,12,0,12,0,1.0,0.0,0.0,1.0,1.0,0.0,1
"G[0,1]((FiO2 >= 0.000 | Lactate <= 0.000) & Temp >= 0.000)
",9999999.000,9999999.000,0.000,1.000,0.000,12,0,0,0,12,0,12,0,1.0,0.0,0.0,1.0,1.0,0.0,1
"G[0,0](Alkalinephos >= 1.800 -> AST >= 6.622)
",0.513,1.134,0.000,1.000,0.000,12,0,0,0,12,0,12,0,1.0,0.0,0.0,1.0,1.0,0.0,1
"G[0,1](((Creatinine <= 0.651 | HCO3 <= 18.228) | HCO3 >= 0.142) | HR <= 17.581)
",9999999.000,9999999.000,0.000,1.000,0.000,12,0,0,0,12,0,12,0,1.0,0.0,0.0,1.0,1.0,0.0,1
"G[0,1](Bilirubin_direct <= 0.000 & DBP >= 0.000)
",9999999.000,9999999.000,0.000,1.000,0.000,12,0,0,0,12,0,12,0,1.0,0.0,0.0,1.0,1.0,0.0,1
"G[0,0](((HR <= 87.361 -> Temp >= 1.958) -> FiO2 >= 3.923) | pH <= 27.032)
",7608750996858929.000,27.032,0.000,1.000,0.000,12,0,0,0,12,0,12,0,1.0,0.0,0.0,1.0,1.0,0.0,1
"G[0,1]((Glucose >= 1.669 | Hgb <= 1.413) & Magnesium <= 7.102)
",9999999.000,9999999.000,0.000,1.000,0.000,12,0,0,0,12,0,12,0,1.0,0.0,0.0,1.0,1.0,0.0,1
"G[0,1]((Potassium >= 0.022 & Resp >= 4.915) -> Creatinine <= 14.930)
",9999999.000,9999999.000,0.000,1.000,0.000,12,0,0,0,12,0,12,0,1.0,0.0,0.0,1.0,1.0,0.0,1
"G[0,1](((Calcium <= 6.558 -> Creatinine <= 0.750) | Phosphate >= 0.022) -> SaO2 <= 0.254)
",9999999.000,9999999.000,0.000,1.000,0.000,12,0,0,0,12,0,12,0,1.0,0.0,0.0,1.0,1.0,0.0,1
"G[0,1](AST <= 303.461 | Bilirubin_total <= 0.834)
",9999999.000,9999999.000,0.000,1.000,0.000,12,0,0,0,12,0,12,0,1.0,0.0,0.0,1.0,1.0,0.0,1
"G[1,1](((AST <= 302.348 -> FiO2 >= 0.000) -> Platelets >= 0.000) -> Glucose >= 0.000)
",0.000,0.000,0.000,1.000,0.000,12,0,0,0,12,0,12,0,1.0,0.0,0.0,1.0,1.0,0.0,1
"G[0,1](((Calcium <= 1.030 | Fibrinogen <= 0.000) -> PTT <= 0.000) -> Potassium <= 0.000)
",9999999.000,9999999.000,0.000,1.000,0.000,12,0,0,0,12,0,12,0,1.0,0.0,0.0,1.0,1.0,0.0,1
"F[0,1]((Calcium <= 8.200 & Potassium <= 0.992) & Magnesium >= 0.132)
",-9999999.000,-9999999.000,0.000,0.000,1.000,12,0,0,0,12,0,12,0,1.0,0.0,0.0,1.0,1.0,0.0,-1
"G[0,1](SepsisLabel >= 0.000 & DBP <= 0.000)
",9999999.000,9999999.000,0.000,1.000,0.000,12,0,0,0,12,0,12,0,1.0,0.0,0.0,1.0,1.0,0.0,1
"F[0,0]((Calcium <= 1.477 & Potassium <= 2.107) & Magnesium >= 0.123)
",-0.627,-0.238,0.000,0.000,1.000,12,0,0,0,12,0,12,0,1.0,0.0,0.0,1.0,1.0,0.0,-1
"F[0,1]((Bilirubin_total >= 0.037 & Temp <= 8.361) & SBP <= 22.840)
",-9999999.000,-9999999.000,0.000,0.000,1.000,12,0,0,0,12,0,12,0,1.0,0.0,0.0,1.0,1.0,0.0,-1
"((Glucose >= 8.418) U[1,1] (HR <= 88.201))
",88.201,88.201,0.000,0.000,1.000,12,0,0,0,12,0,12,0,1.0,0.0,0.0,1.0,1.0,0.0,-1
"F[0,0](((MAP >= 77.352 & Phosphate <= 3.900) & Platelets <= 2.207) & Potassium >= 0.071)
",-0.295,-6.322,0.000,0.000,1.000,12,0,0,0,12,0,12,0,1.0,0.0,0.0,1.0,1.0,0.0,-1
"((Platelets >= 1.655) U[1,1] (Hgb >= 0.349))
",-0.349,-0.349,0.000,0.000,1.000,12,0,0,0,12,0,12,0,1.0,0.0,0.0,1.0,1.0,0.0,-1
"F[0,1](HCO3 >= 0.832 & WBC <= 4.275)
",-9999999.000,-9999999.000,0.000,0.000,1.000,12,0,0,0,12,0,12,0,1.0,0.0,0.0,1.0,1.0,0.0,-1
"((Hgb > 0.364) U[1,1] (SepsisLabel = 0.000))
",0.000,0.000,0.000,0.000,1.000,12,0,0,0,12,0,12,0,1.0,0.0,0.0,1.0,1.0,0.0,-1
"F[1,1](Chloride >= 2.527 & Hct <= 31.006)
",-5690796770287175.000,-2.527,0.000,0.000,1.000,12,0,0,0,12,0,12,0,1.0,0.0,0.0,1.0,1.0,0.0,-1
"F[0,1]((Calcium <= 2.748 & Potassium <= 2.386) & Magnesium >= 0.043)
",-9999999.000,-9999999.000,0.000,0.000,1.000,12,0,0,0,12,0,12,0,1.0,0.0,0.0,1.0,1.0,0.0,-1
"F[1,1](((WBC <= 0.571 | Alkalinephos <= 77.305) -> SaO2 <= 62.362) & FiO2 >= 0.403)
",-5439835322985366.000,-77.305,0.000,0.000,1.000,12,0,0,0,12,0,12,0,1.0,0.0,0.0,1.0,1.0,0.0,-1
"F[0,1]((Phosphate >= 0.222 & Potassium <= 3.112) & O2Sat >= 0.235)
",-9999999.000,-9999999.000,0.000,0.000,1.000,12,0,0,0,12,0,12,0,1.0,0.0,0.0,1.0,1.0,0.0,-1
"F[1,1](((SBP <= 115.908 | Temp <= 27.540) | Fibrinogen <= 32.096) & Bilirubin_direct >= 6.666)
",-3752676465473010.500,-6.666,0.000,0.000,1.000,12,0,0,0,12,0,12,0,1.0,0.0,0.0,1.0,1.0,0.0,-1
"F[1,1]((Calcium <= 1.121 & Potassium <= 1.861) & Magnesium >= 0.125)
",-0.125,-0.125,0.000,0.000,1.000,12,0,0,0,12,0,12,0,1.0,0.0,0.0,1.0,1.0,0.0,-1
"F[0,1](((PTT >= 1.725 & BUN <= 5.533) & Platelets <= 9.049) | TroponinI >= 0.548)
",-9999999.000,-9999999.000,0.000,0.000,1.000,12,0,0,0,12,0,12,0,1.0,0.0,0.0,1.0,1.0,0.0,-1
"G[1,1](Alkalinephos >= 1.901 -> Chloride >= 6.064)
",1.901,1.901,0.000,1.000,0.000,12,0,0,0,12,0,12,0,1.0,0.0,0.0,1.0,1.0,0.0,1
"F[0,1]((Calcium <= 6.878 & Potassium <= 1.680) & Magnesium >= 0.104)
",-9999999.000,-9999999.000,0.000,0.000,1.000,12,0,0,0,12,0,12,0,1.0,0.0,0.0,1.0,1.0,0.0,-1
"G[0,1]((AST >= 14.402 -> PaCO2 >= 0.000) | MAP <= 0.000)
",9999999.000,9999999.000,0.000,1.000,0.000,12,0,0,0,12,0,12,0,1.0,0.0,0.0,1.0,1.0,0.0,1
"G[1,1]((Potassium >= 0.130 | PTT <= 8.218) | Phosphate >= 0.362)
",4626451958815135.000,8.218,0.000,1.000,0.000,12,0,0,0,12,0,12,0,1.0,0.0,0.0,1.0,1.0,0.0,1
"G[1,1]((Magnesium >= 0.047 | Calcium <= 2.021) -> SepsisLabel <= 5.780)
",-5.780,-5.780,0.000,1.000,0.000,12,0,0,0,12,0,12,0,1.0,0.0,0.0,1.0,1.0,0.0,1
"G[0,1](((Calcium <= 2.651 | Bilirubin_total <= 0.976) -> Fibrinogen <= 1.061) | Fibrinogen >= 0.065)
",9999999.000,9999999.000,0.000,1.000,0.000,12,0,0,0,12,0,12,0,1.0,0.0,0.0,1.0,1.0,0.0,1
"G[0,1](((HR >= 59.436 & Magnesium >= 0.041) -> O2Sat <= 0.488) -> Glucose <= 1.312)
",9999999.000,9999999.000,0.000,1.000,0.000,12,0,0,0,12,0,12,0,1.0,0.0,0.0,1.0,1.0,0.0,1
"G[0,0]((Magnesium <= 0.903 | DBP <= 0.000) | Magnesium >= 0.000)
",8132119553485732.000,0.903,0.000,1.000,0.000,12,0,0,0,12,0,12,0,1.0,0.0,0.0,1.0,1.0,0.0,1
"G[0,1](((SepsisLabel <= 0.000 | DBP >= 0.000) -> Bilirubin_total <= 0.000) -> Creatinine >= 0.000)
",9999999.000,9999999.000,0.000,1.000,0.000,12,0,0,0,12,0,12,0,1.0,0.0,0.0,1.0,1.0,0.0,1
"G[0,1]((Fibrinogen >= 0.000 & SaO2 >= 0.000) -> Chloride >= 0.000)
",9999999.000,9999999.000,0.000,1.000,0.000,12,0,0,0,12,0,12,0,1.0,0.0,0.0,1.0,1.0,0.0,1
"G[0,1]((Calcium <= 3.721 -> EtCO2 <= 0.000) -> SBP >= 0.000)
",9999999.000,9999999.000,0.000,1.000,0.000,12,0,0,0,12,0,12,0,1.0,0.0,0.0,1.0,1.0,0.0,1
"G[0,1]((SepsisLabel <= 0.000 -> Fibrinogen <= 0.000) & WBC >= 0.000)
",9999999.000,9999999.000,0.000,1.000,0.000,12,0,0,0,12,0,12,0,1.0,0.0,0.0,1.0,1.0,0.0,1
"G[0,0]((AST <= 31.684 -> HCO3 >= 1.465) -> Lactate <= 18.702)
",-1.041,-14.503,0.000,1.000,0.000,12,0,0,0,12,0,12,0,1.0,0.0,0.0,1.0,1.0,0.0,1
"G[1,1](Resp <= 12.498 -> pH <= 0.000)
",-7035631583530937.000,-12.498,0.000,1.000,0.000,12,0,0,0,12,0,12,0,1.0,0.0,0.0,1.0,1.0,0.0,1
"G[0,1](Chloride <= 42.080 | Creatinine >= 0.016)
",9999999.000,9999999.000,0.000,1.000,0.000,12,0,0,0,12,0,12,0,1.0,0.0,0.0,1.0,1.0,0.0,1
"G[1,1](((Hct >= 4.260 & Creatinine <= 0.429) & Bilirubin_direct >= 0.026) -> TroponinI <= 0.113)
",-0.113,-0.113,0.000,1.000,0.000,12,0,0,0,12,0,12,0,1.0,0.0,0.0,1.0,1.0,0.0,1
"G[0,0]((AST <= 38.447 & BaseExcess <= 0.000) -> BaseExcess >= 0.000)
",0.000,0.000,0.000,1.000,0.000,12,0,0,0,12,0,12,0,1.0,0.0,0.0,1.0,1.0,0.0,1
"G[1,1]((DBP >= 0.000 -> SaO2 >= 0.000) | PTT >= 0.000)
",0.000,0.000,0.000,1.000,0.000,12,0,0,0,12,0,12,0,1.0,0.0,0.0,1.0,1.0,0.0,1
"G[0,1]((BaseExcess >= 0.000 & HCO3 <= 16.271) | FiO2 <= 16.936)
",9999999.000,9999999.000,0.000,1.000,0.000,12,0,0,0,12,0,12,0,1.0,0.0,0.0,1.0,1.0,0.0,1
"G[0,1](Hgb >= 0.216 -> O2Sat >= 14.667)
",9999999.000,9999999.000,0.000,1.000,0.000,12,0,0,0,12,0,12,0,1.0,0.0,0.0,1.0,1.0,0.0,1
"G[0,0]((Bilirubin_total <= 0.352 | Resp <= 15.710) -> TroponinI <= 14.903)
",-8844200462332593.000,-15.710,0.000,1.000,0.000,12,0,0,0,12,0,12,0,1.0,0.0,0.0,1.0,1.0,0.0,1
"G[1,1](((Calcium >= 0.235 | Alkalinephos >= 1.982) | pH <= 56.582) | DBP <= 33.665)
",56.582,56.582,0.000,1.000,0.000,12,0,0,0,12,0,12,0,1.0,0.0,0.0,1.0,1.0,0.0,1
"G[0,1]((Alkalinephos <= 77.983 & Lactate <= 0.000) -> Potassium >= 0.000)
",9999999.000,9999999.000,0.000,1.000,0.000,12,0,0,0,12,0,12,0,1.0,0.0,0.0,1.0,1.0,0.0,1
"G[0,1](((BUN >= 0.555 | Hct >= 4.183) -> Bilirubin_total <= 27.116) | TroponinI <= 20.665)
",9999999.000,9999999.000,0.000,1.000,0.000,12,0,0,0,12,0,12,0,1.0,0.0,0.0,1.0,1.0,0.0,1
"G[0,1](((PaCO2 >= 0.000 -> AST <= 162.115) -> AST >= 24.598) -> BUN <= 180.481)
",9999999.000,9999999.000,0.000,1.000,0.000,12,0,0,0,12,0,12,0,1.0,0.0,0.0,1.0,1.0,0.0,1
"G[1,1]((Alkalinephos <= 38.528 & Phosphate >= 0.023) -> Bilirubin_direct <= 3.993)
",-8991637228304703.000,-3.993,0.000,1.000,0.000,12,0,0,0,12,0,12,0,1.0,0.0,0.0,1.0,1.0,0.0,1
"G[0,1](((FiO2 <= 0.000 & PaCO2 <= 0.000) | PTT >= 0.000) | Calcium <= 0.000)
",9999999.000,9999999.000,0.000,1.000,0.000,12,0,0,0,12,0,12,0,1.0,0.0,0.0,1.0,1.0,0.0,1
"G[0,1](((Resp >= 0.684 | TroponinI >= 0.000) -> Lactate <= 0.000) | MAP >= 0.000)
",9999999.000,9999999.000,0.000,1.000,0.000,12,0,0,0,12,0,12,0,1.0,0.0,0.0,1.0,1.0,0.0,1
"G[0,1]((Calcium <= 1.142 -> Bilirubin_direct <= 0.000) | Hgb >= 0.000)
",9999999.000,9999999.000,0.000,1.000,0.000,12,0,0,0,12,0,12,0,1.0,0.0,0.0,1.0,1.0,0.0,1
"G[1,1]((Bilirubin_total <= 0.425 -> FiO2 >= 0.000) | pH <= 0.000)
",0.000,0.000,0.000,1.000,0.000,12,0,0,0,12,0,12,0,1.0,0.0,0.0,1.0,1.0,0.0,1
"G[0,1](((Chloride >= 5.781 & Magnesium >= 0.056) | Phosphate >= 0.098) | Platelets <= 1.222)
",9999999.000,9999999.000,0.000,1.000,0.000,12,0,0,0,12,0,12,0,1.0,0.0,0.0,1.0,1.0,0.0,1
"F[0,0]((Glucose >= 8.222 | Potassium >= 0.288) & Bilirubin_total <= 2.854)
",-1.884,-0.343,0.000,0.000,1.000,11,0,0,1,12,0,11,1,0.9166666666666666,0.0,0.0,1.0,0.9166666666666666,0.08333333333333337,-1
"((Phosphate >= 0.297) U[1,1] (Bilirubin_direct >= 0.000))
",0.000,0.000,0.000,0.000,1.000,11,0,0,1,12,0,11,1,0.9166666666666666,0.0,0.0,1.0,0.9166666666666666,0.08333333333333337,-1
"((Alkalinephos <= 35.196) U[0,0] (O2Sat <= 95.848))
",2.314,39.583,0.000,0.000,1.000,11,0,0,1,12,0,11,1,0.9166666666666666,0.0,0.0,1.0,0.9166666666666666,0.08333333333333337,-1
"F[0,0](PTT >= 0.084 & SepsisLabel = 0.000)
",-0.303,-18.327,0.000,0.000,1.000,11,0,0,1,12,0,11,1,0.9166666666666666,0.0,0.0,1.0,0.9166666666666666,0.08333333333333337,-1
"F[1,1]((O2Sat >= 25.738 & Calcium >= 0.710) & Magnesium <= 1.898)
",-25.738,-25.738,0.000,0.000,1.000,11,0,0,1,12,0,11,1,0.9166666666666666,0.0,0.0,1.0,0.9166666666666666,0.08333333333333337,-1
"F[0,1]((PTT >= 0.079 | Hgb >= 0.018) & Alkalinephos >= 0.016)
",-9999999.000,-9999999.000,0.000,0.000,1.000,11,0,0,1,12,0,11,1,0.9166666666666666,0.0,0.0,1.0,0.9166666666666666,0.08333333333333337,-1
"F[1,1]((Potassium >= 0.058 & WBC >= 0.173) | Phosphate >= 0.160)
",-5748576677069751.000,-0.160,0.000,0.000,1.000,11,0,0,1,12,0,11,1,0.9166666666666666,0.0,0.0,1.0,0.9166666666666666,0.08333333333333337,-1
"F[1,1](Platelets <= 232.792 & WBC >= 0.425)
",-7655590473351829.000,-0.425,0.000,0.000,1.000,11,0,0,1,12,0,11,1,0.9166666666666666,0.0,0.0,1.0,0.9166666666666666,0.08333333333333337,-1
"((MAP >= 18.341) U[0,0] (SBP <= 122.077))
",42.095,121.209,0.000,0.000,1.000,11,0,0,1,12,0,11,1,0.9166666666666666,0.0,0.0,1.0,0.9166666666666666,0.08333333333333337,-1
"F[0,0](BUN >= 0.077 | WBC >= 0.314)
",0.300,17.673,0.000,0.000,1.000,11,0,0,1,12,0,11,1,0.9166666666666666,0.0,0.0,1.0,0.9166666666666666,0.08333333333333337,-1
"F[0,1]((Bilirubin_total <= 0.742 & Hgb >= 0.353) | Alkalinephos >= 0.385)
",-9999999.000,-9999999.000,0.000,0.000,1.000,11,0,0,1,12,0,11,1,0.9166666666666666,0.0,0.0,1.0,0.9166666666666666,0.08333333333333337,-1
"F[0,0](((HR >= 28.559 & Platelets >= 10.293) & FiO2 <= 35.157) & WBC <= 105.747)
",-10.293,-10.293,0.000,0.000,1.000,11,0,0,1,12,0,11,1,0.9166666666666666,0.0,0.0,1.0,0.9166666666666666,0.08333333333333337,-1
"G[0,0](AST >= 14.939 | SBP <= 136.982)
",13.401,133.968,0.000,1.000,0.000,11,0,0,1,12,0,11,1,0.9166666666666666,0.0,0.0,1.0,0.9166666666666666,0.08333333333333337,1
"F[0,0]((Calcium >= 0.053 | MAP >= 7.992) -> Creatinine >= 19.561)
",-3.286,-112.169,0.000,0.000,1.000,11,0,0,1,12,0,11,1,0.9166666666666666,0.0,0.0,1.0,0.9166666666666666,0.08333333333333337,-1
"((Bilirubin_total > 0.025) U[1,1] (SepsisLabel = 0.000))
",0.000,0.000,0.000,0.000,1.000,11,0,0,1,12,0,11,1,0.9166666666666666,0.0,0.0,1.0,0.9166666666666666,0.08333333333333337,-1
"G[0,1](Fibrinogen >= 0.000 -> Bilirubin_total <= 0.608)
",9999999.000,9999999.000,0.000,1.000,0.000,11,0,0,1,12,0,11,1,0.9166666666666666,0.0,0.0,1.0,0.9166666666666666,0.08333333333333337,1
"G[0,0]((Calcium <= 1.192 -> Chloride <= 89.011) & Chloride <= 91.478)
",-36.296,-88.278,0.000,1.000,0.000,11,0,0,1,12,0,11,1,0.9166666666666666,0.0,0.0,1.0,0.9166666666666666,0.08333333333333337,1
"G[1,1]((Magnesium <= 0.472 & Temp >= 6.447) -> Hgb >= 7.214)
",7258477309441259.000,6.447,0.000,1.000,0.000,11,0,0,1,12,0,11,1,0.9166666666666666,0.0,0.0,1.0,0.9166666666666666,0.08333333333333337,1
"G[0,0]((MAP >= 76.079 -> BaseExcess <= 0.000) -> Alkalinephos <= 0.000)
",0.302,0.667,0.000,1.000,0.000,11,0,0,1,12,0,11,1,0.9166666666666666,0.0,0.0,1.0,0.9166666666666666,0.08333333333333337,1
"G[1,1]((AST <= 271.059 -> Magnesium <= 0.391) | Potassium <= 1.672)
",7531316059963931.000,1.672,0.000,1.000,0.000,11,0,0,1,12,0,11,1,0.9166666666666666,0.0,0.0,1.0,0.9166666666666666,0.08333333333333337,1
"G[0,0]((PTT <= 10.074 & pH >= 0.000) & Potassium >= 0.000)
",-0.302,-0.069,0.000,1.000,0.000,11,0,0,1,12,0,11,1,0.9166666666666666,0.0,0.0,1.0,0.9166666666666666,0.08333333333333337,1
"G[0,0]((HCO3 >= 1.104 & Hct >= 4.970) -> PaCO2 >= 2.391)
",5383842445734159.000,2.391,0.000,1.000,0.000,11,0,0,1,12,0,11,1,0.9166666666666666,0.0,0.0,1.0,0.9166666666666666,0.08333333333333337,1
"G[0,0](((Bilirubin_direct >= 0.000 & BUN <= 10.106) & Resp <= 11.699) | Glucose <= 4.360)
",4.360,4.360,0.000,1.000,0.000,11,0,0,1,12,0,11,1,0.9166666666666666,0.0,0.0,1.0,0.9166666666666666,0.08333333333333337,1
"G[0,1](FiO2 <= 0.000 & Magnesium <= 1.690)
",9999999.000,9999999.000,0.000,1.000,0.000,11,0,0,1,12,0,11,1,0.9166666666666666,0.0,0.0,1.0,0.9166666666666666,0.08333333333333337,1
"F[0,1](((BUN <= 4.896 | HCO3 >= 0.262) & Glucose >= 0.724) | WBC >= 0.270)
",-9999999.000,-9999999.000,0.000,0.000,1.000,10,0,0,2,12,0,10,2,0.8333333333333334,0.0,0.0,1.0,0.8333333333333334,0.16666666666666663,-1
"((Creatinine >= 0.025) U[0,1] (Magnesium >= 0.086))
",-9999999.000,-9999999.000,0.000,0.000,1.000,10,0,0,2,12,0,10,2,0.8333333333333334,0.0,0.0,1.0,0.8333333333333334,0.16666666666666663,-1
"G[0,1](HCO3 <= 10.276 & Magnesium <= 1.118)
",9999999.000,9999999.000,0.000,1.000,0.000,10,0,0,2,12,0,10,2,0.8333333333333334,0.0,0.0,1.0,0.8333333333333334,0.16666666666666663,1
"F[0,1]((BUN >= 0.185 & WBC <= 3.519) | Calcium >= 0.078)
",-9999999.000,-9999999.000,0.000,0.000,1.000,10,0,0,2,12,0,10,2,0.8333333333333334,0.0,0.0,1.0,0.8333333333333334,0.16666666666666663,-1
"G[0,1](PaCO2 >= 0.000 & WBC <= 4.802)
",9999999.000,9999999.000,0.000,1.000,0.000,10,0,0,2,12,0,10,2,0.8333333333333334,0.0,0.0,1.0,0.8333333333333334,0.16666666666666663,1
"G[0,1](Hct <= 7.069 | WBC <= 4.643)
",9999999.000,9999999.000,0.000,1.000,0.000,10,0,0,2,12,0,10,2,0.8333333333333334,0.0,0.0,1.0,0.8333333333333334,0.16666666666666663,1
"G[0,1](((Chloride <= 11.197 | Lactate >= 0.000) -> Magnesium <= 0.000) & Fibrinogen <= 0.000)
",9999999.000,9999999.000,0.000,1.000,0.000,10,0,0,2,12,0,10,2,0.8333333333333334,0.0,0.0,1.0,0.8333333333333334,0.16666666666666663,1
"((Hgb >= 0.146) U[0,1] (Potassium >= 0.151))
",-9999999.000,-9999999.000,0.000,0.000,1.000,10,0,0,2,12,0,10,2,0.8333333333333334,0.0,0.0,1.0,0.8333333333333334,0.16666666666666663,-1
"G[0,1]((Phosphate <= 2.099 & Bilirubin_direct <= 0.000) | HR <= 0.000)
",9999999.000,9999999.000,0.000,1.000,0.000,10,0,0,2,12,0,10,2,0.8333333333333334,0.0,0.0,1.0,0.8333333333333334,0.16666666666666663,1
"G[1,1](Phosphate <= 3.749 & HR >= 48.179)
",-6780614789101369.000,-48.179,0.000,1.000,0.000,10,0,0,2,12,0,10,2,0.8333333333333334,0.0,0.0,1.0,0.8333333333333334,0.16666666666666663,1
"G[0,0](((Calcium <= 6.590 & Potassium <= 3.128) | HCO3 <= 3.086) & Resp >= 0.067)
",-0.067,-0.067,0.000,1.000,0.000,10,0,0,2,12,0,10,2,0.8333333333333334,0.0,0.0,1.0,0.8333333333333334,0.16666666666666663,1
"G[0,1]((O2Sat >= 54.105 | Platelets <= 207.718) & Chloride <= 89.843)
",9999999.000,9999999.000,0.000,1.000,0.000,10,0,0,2,12,0,10,2,0.8333333333333334,0.0,0.0,1.0,0.8333333333333334,0.16666666666666663,1
"G[1,1]((Phosphate <= 3.533 | Platelets >= 6.584) & SBP >= 5.704)
",-5.704,-5.704,0.000,1.000,0.000,10,0,0,2,12,0,10,2,0.8333333333333334,0.0,0.0,1.0,0.8333333333333334,0.16666666666666663,1
"F[0,1](PTT > 0.362 & SepsisLabel = 0.000)
",-9999999.000,-9999999.000,0.000,0.000,1.000,10,0,0,2,12,0,10,2,0.8333333333333334,0.0,0.0,1.0,0.8333333333333334,0.16666666666666663,-1
"((HR <= 80.271) U[1,1] (SBP >= 29.636))
",80.271,80.271,0.000,0.000,1.000,9,0,0,3,12,0,9,3,0.75,0.0,0.0,1.0,0.75,0.25,-1
"((DBP <= 0.000) U[0,0] (Temp >= 6.174))
",3.316,85.841,0.000,0.000,1.000,9,0,0,3,12,0,9,3,0.75,0.0,0.0,1.0,0.75,0.25,-1
"((pH >= 0.000) U[0,0] (Temp >= 5.273))
",3.316,86.667,0.000,0.000,1.000,9,0,0,3,12,0,9,3,0.75,0.0,0.0,1.0,0.75,0.25,-1
"F[0,1](((BaseExcess <= 0.000 | PTT >= 1.011) | Alkalinephos >= 0.146) & SBP <= 19.511)
",-9999999.000,-9999999.000,0.000,0.000,1.000,9,0,0,3,12,0,9,3,0.75,0.0,0.0,1.0,0.75,0.25,-1
"((Potassium >= 0.121) U[1,2] (Temp <= 8.247))
",-9999999.000,-9999999.000,0.000,0.000,1.000,9,0,0,3,12,0,9,3,0.75,0.0,0.0,1.0,0.75,0.25,-1
"((MAP >= 72.311) U[0,1] (SBP <= 116.880))
",-9999999.000,-9999999.000,0.000,0.000,1.000,9,0,0,3,12,0,9,3,0.75,0.0,0.0,1.0,0.75,0.25,-1
"((Hct > 1.943) U[1,2] (SepsisLabel = 0.000))
",-9999999.000,-9999999.000,0.000,0.000,1.000,9,0,0,3,12,0,9,3,0.75,0.0,0.0,1.0,0.75,0.25,-1
"G[0,1](((pH <= 0.000 -> SBP >= 106.973) & Temp <= 117.003) | Platelets >= 17.236)
",9999999.000,9999999.000,0.000,1.000,0.000,9,0,0,3,12,0,9,3,0.75,0.0,0.0,1.0,0.75,0.25,1
"G[0,1](((FiO2 >= 0.000 -> HCO3 >= 1.958) | PaCO2 <= 14.969) -> O2Sat >= 0.140)
",9999999.000,9999999.000,0.000,1.000,0.000,9,0,0,3,12,0,9,3,0.75,0.0,0.0,1.0,0.75,0.25,1
"G[0,1](WBC <= 3.107 -> MAP >= 34.111)
",9999999.000,9999999.000,0.000,1.000,0.000,9,0,0,3,12,0,9,3,0.75,0.0,0.0,1.0,0.75,0.25,1
"((MAP >= 66.673) U[0,0] (SBP <= 126.696))
",12.372,123.682,0.000,0.000,1.000,8,0,0,4,12,0,8,4,0.6666666666666666,0.0,0.0,1.0,0.6666666666666666,0.33333333333333337,-1
"G[0,1](((Platelets <= 176.879 & Temp <= 29.725) & Platelets <= 12.402) | Platelets >= 0.369)
",9999999.000,9999999.000,0.000,1.000,0.000,8,0,0,4,12,0,8,4,0.6666666666666666,0.0,0.0,1.0,0.6666666666666666,0.33333333333333337,1
"((MAP >= 52.449) U[0,0] (SBP <= 127.447))
",12.447,124.433,0.000,0.000,1.000,8,0,0,4,12,0,8,4,0.6666666666666666,0.0,0.0,1.0,0.6666666666666666,0.33333333333333337,-1
"F[0,0](Creatinine >= 0.014 | Temp >= 6.126)
",3.300,86.642,0.000,0.000,1.000,8,0,0,4,12,0,8,4,0.6666666666666666,0.0,0.0,1.0,0.6666666666666666,0.33333333333333337,-1
"G[0,1](O2Sat <= 87.880 | Resp <= 15.067)
",9999999.000,9999999.000,0.000,1.000,0.000,7,0,0,5,12,0,7,5,0.5833333333333334,0.0,0.0,1.0,0.5833333333333334,0.41666666666666663,1
"G[0,1]((Bilirubin_total <= 0.378 & O2Sat >= 70.049) & pH <= 96.194)
",9999999.000,9999999.000,0.000,1.000,0.000,7,0,0,5,12,0,7,5,0.5833333333333334,0.0,0.0,1.0,0.5833333333333334,0.41666666666666663,1
"F[0,1]((SBP >= 97.626 | WBC >= 0.471) -> AST >= 0.237)
",-9999999.000,-9999999.000,0.000,0.000,1.000,7,0,0,5,12,0,7,5,0.5833333333333334,0.0,0.0,1.0,0.5833333333333334,0.41666666666666663,-1
"G[0,1](((Potassium >= 0.161 | Hct >= 6.519) -> pH <= 13.619) & Temp <= 8.868)
",9999999.000,9999999.000,0.000,1.000,0.000,7,0,0,5,12,0,7,5,0.5833333333333334,0.0,0.0,1.0,0.5833333333333334,0.41666666666666663,1
"F[0,0](((HCO3 >= 2.058 | SBP <= 132.266) -> Bilirubin_direct >= 110.979) -> Alkalinephos >= 86.325)
",38.740,85.658,0.000,0.000,1.000,5,0,0,7,12,0,5,7,0.4166666666666667,0.0,0.0,1.0,0.4166666666666667,0.5833333333333333,-1
"F[0,0](HR <= 83.923 | HCO3 >= 1.863)
",-8391300961560543.000,-1.863,0.000,0.000,1.000,5,0,0,7,12,0,5,7,0.4166666666666667,0.0,0.0,1.0,0.4166666666666667,0.5833333333333333,-1
"G[1,1](((BaseExcess <= 0.000 -> HCO3 >= 0.772) & BaseExcess <= 4.899) | Resp <= 12.716)
",7158374810021127.000,12.716,0.000,1.000,0.000,4,0,0,8,12,0,4,8,0.3333333333333333,0.0,0.0,1.0,0.3333333333333333,0.6666666666666667,1
"G[0,0](((Potassium <= 3.113 | Chloride <= 51.977) & Temp >= 0.030) | PTT >= 8.550)
",3.267,46.909,0.000,1.000,0.000,4,0,0,8,12,0,4,8,0.3333333333333333,0.0,0.0,1.0,0.3333333333333333,0.6666666666666667,1
"((Creatinine <= 0.103) U[1,1] (SBP >= 52.702))
",0.103,0.103,0.000,0.000,1.000,3,0,0,9,12,0,3,9,0.25,0.0,0.0,1.0,0.25,0.75,-1
"F[1,1](HR <= 75.706 -> Calcium >= 0.207)
",-75.706,-75.706,0.000,0.000,1.000,3,0,0,9,12,0,3,9,0.25,0.0,0.0,1.0,0.25,0.75,-1
"G[1,1]((Creatinine >= 0.031 -> Hgb >= 0.421) -> MAP <= 4.927)
",-4.927,-4.927,0.000,1.000,0.000,2,0,0,10,12,0,2,10,0.16666666666666666,0.0,0.0,1.0,0.16666666666666666,0.8333333333333334,1
"F[1,1](((Calcium >= 0.309 | SBP >= 106.342) -> Hct >= 85.672) -> Calcium >= 103.241)
",-5567653640605539.000,-0.309,0.000,0.000,1.000,2,0,0,10,12,0,2,10,0.16666666666666666,0.0,0.0,1.0,0.16666666666666666,0.8333333333333334,-1
"F[1,1]((Bilirubin_total <= 0.874 -> Potassium >= 0.153) -> TroponinI >= 0.054)
",7834100542660075.000,0.054,0.000,0.000,1.000,1,0,0,11,12,0,1,11,0.08333333333333333,0.0,0.0,1.0,0.08333333333333333,0.9166666666666666,-1
"F[0,0](Glucose <= 40.304 | Alkalinephos <= 37.314)
",5672306438543570.000,40.304,0.000,0.000,1.000,1,0,0,11,12,0,1,11,0.08333333333333333,0.0,0.0,1.0,0.08333333333333333,0.9166666666666666,-1
"((MAP >= 50.960) U[1,2] (SBP <= 128.300))
",-9999999.000,-9999999.000,0.000,0.000,1.000,1,0,0,11,12,0,1,11,0.08333333333333333,0.0,0.0,1.0,0.08333333333333333,0.9166666666666666,-1
"F[1,1](((O2Sat >= 68.045 -> WBC >= 0.453) & pH >= 0.271) | Calcium <= 2.071)
",4662459751601218.000,2.071,0.000,0.000,1.000,1,0,0,11,12,0,1,11,0.08333333333333333,0.0,0.0,1.0,0.08333333333333333,0.9166666666666666,-1
"F[0,0](((O2Sat <= 96.892 & Phosphate <= 2.374) | Bilirubin_direct >= 0.341) -> Calcium >= 0.302)
",-1.376,-1.579,0.000,0.000,1.000,1,0,0,11,12,0,1,11,0.08333333333333333,0.0,0.0,1.0,0.08333333333333333,0.9166666666666666,-1
"((SepsisLabel >= 0.000) U[1,1] (HCO3 <= 3.280))
",3.280,3.280,0.000,0.000,1.000,1,0,0,11,12,0,1,11,0.08333333333333333,0.0,0.0,1.0,0.08333333333333333,0.9166666666666666,-1
"((BUN < 3.766) U[1,2] (SepsisLabel = 0.000))
",-9999999.000,-9999999.000,0.000,0.000,1.000,1,0,0,11,12,0,1,11,0.08333333333333333,0.0,0.0,1.0,0.08333333333333333,0.9166666666666666,-1
"F[1,1](((Calcium < 7.724 & Potassium < 0.503) & Magnesium < 0.251) & Phosphate < 3.062)
",4518581199049927.000,0.251,0.000,0.000,1.000,1,0,0,11,12,0,1,11,0.08333333333333333,0.0,0.0,1.0,0.08333333333333333,0.9166666666666666,-1
"F[1,1]((Creatinine >= 0.014 | pH <= 0.000) & Platelets <= 0.000)
",0.000,0.000,0.000,0.000,1.000,1,0,0,11,12,0,1,11,0.08333333333333333,0.0,0.0,1.0,0.08333333333333333,0.9166666666666666,-1
"F[0,0](((Calcium < 1.672 & Potassium < 0.765) & Magnesium < 1.208) & Phosphate < 1.408)
",0.467,0.465,0.000,0.000,1.000,1,0,0,11,12,0,1,11,0.08333333333333333,0.0,0.0,1.0,0.08333333333333333,0.9166666666666666,-1
"((WBC <= 2.696) U[1,2] (SepsisLabel = 0.000))
",-9999999.000,-9999999.000,0.000,0.000,1.000,1,0,0,11,12,0,1,11,0.08333333333333333,0.0,0.0,1.0,0.08333333333333333,0.9166666666666666,-1
"((Alkalinephos < 52.413) U[1,2] (SepsisLabel = 0.000))
",-9999999.000,-9999999.000,0.000,0.000,1.000,1,0,0,11,12,0,1,11,0.08333333333333333,0.0,0.0,1.0,0.08333333333333333,0.9166666666666666,-1
"F[1,1](Hgb <= 3.193 | Hct <= 8.593)
",4837356858445907.000,8.593,0.000,0.000,1.000,1,0,0,11,12,0,1,11,0.08333333333333333,0.0,0.0,1.0,0.08333333333333333,0.9166666666666666,-1
"F[0,0](((Calcium < 3.326 & Potassium < 3.790) & Magnesium < 0.346) & Phosphate < 2.714)
",7.703,0.333,0.000,0.000,1.000,1,0,0,11,12,0,1,11,0.08333333333333333,0.0,0.0,1.0,0.08333333333333333,0.9166666666666666,-1
"((Bilirubin_total >= 0.069) U[0,1] (HR <= 89.773))
",-9999999.000,-9999999.000,0.000,0.000,1.000,1,0,0,11,12,0,1,11,0.08333333333333333,0.0,0.0,1.0,0.08333333333333333,0.9166666666666666,-1
"((Chloride <= 42.306) U[0,0] (MAP >= 2.962))
",5.024,120.311,0.000,0.000,1.000,1,0,0,11,12,0,1,11,0.08333333333333333,0.0,0.0,1.0,0.08333333333333333,0.9166666666666666,-1
"F[1,1](((Calcium < 2.459 & Potassium < 2.214) & Magnesium < 0.527) & Phosphate < 2.481)
",4743997138788723.000,0.527,0.000,0.000,1.000,1,0,0,11,12,0,1,11,0.08333333333333333,0.0,0.0,1.0,0.08333333333333333,0.9166666666666666,-1
"((MAP >= 12.570) U[0,1] (SBP <= 135.347))
",-9999999.000,-9999999.000,0.000,0.000,1.000,1,0,0,11,12,0,1,11,0.08333333333333333,0.0,0.0,1.0,0.08333333333333333,0.9166666666666666,-1
"F[0,0](((Calcium < 5.506 & Potassium < 3.167) & Magnesium < 1.369) & Phosphate < 3.434)
",2.447,1.218,0.000,0.000,1.000,1,0,0,11,12,0,1,11,0.08333333333333333,0.0,0.0,1.0,0.08333333333333333,0.9166666666666666,-1
"F[0,0](((pH >= 0.000 -> Resp >= 2.534) & DBP <= 16.386) | Calcium >= 6.675)
",-3.317,-6.118,0.000,0.000,1.000,1,0,0,11,12,0,1,11,0.08333333333333333,0.0,0.0,1.0,0.08333333333333333,0.9166666666666666,-1
"F[1,1](((Calcium < 5.381 & Potassium < 2.962) & Magnesium < 0.419) & Phosphate < 0.482)
",7553562109599903.000,0.419,0.000,0.000,1.000,1,0,0,11,12,0,1,11,0.08333333333333333,0.0,0.0,1.0,0.08333333333333333,0.9166666666666666,-1
"((MAP >= 33.921) U[1,2] (SBP <= 126.599))
",-9999999.000,-9999999.000,0.000,0.000,1.000,1,0,0,11,12,0,1,11,0.08333333333333333,0.0,0.0,1.0,0.08333333333333333,0.9166666666666666,-1
"((MAP >= 75.115) U[0,1] (SBP <= 135.847))
",-9999999.000,-9999999.000,0.000,0.000,1.000,1,0,0,11,12,0,1,11,0.08333333333333333,0.0,0.0,1.0,0.08333333333333333,0.9166666666666666,-1
"G[0,0](((Alkalinephos >= 0.864 -> Bilirubin_total >= 0.025) & WBC >= 0.046) & Chloride >= 0.067)
",-0.336,-0.656,0.000,1.000,0.000,1,0,0,11,12,0,1,11,0.08333333333333333,0.0,0.0,1.0,0.08333333333333333,0.9166666666666666,1
"G[1,1](((AST <= 296.542 -> Phosphate <= 2.953) -> PaCO2 >= 0.034) | AST >= 0.200)
",4954417316247379.000,0.034,0.000,1.000,0.000,1,0,0,11,12,0,1,11,0.08333333333333333,0.0,0.0,1.0,0.08333333333333333,0.9166666666666666,1
"((AST >= 4.815) U[1,2] (Hgb >= 0.218))
",-9999999.000,-9999999.000,0.000,0.000,1.000,1,0,0,11,12,0,1,11,0.08333333333333333,0.0,0.0,1.0,0.08333333333333333,0.9166666666666666,-1
"F[1,1]((Alkalinephos <= 53.752 -> Hgb <= 1.432) | Temp <= 4.602)
",5181600125535283.000,4.602,0.000,0.000,1.000,1,0,0,11,12,0,1,11,0.08333333333333333,0.0,0.0,1.0,0.08333333333333333,0.9166666666666666,-1
"F[1,1]((Bilirubin_direct <= 0.000 & HCO3 >= 1.248) -> Magnesium >= 1.980)
",1.248,1.248,0.000,0.000,1.000,1,0,0,11,12,0,1,11,0.08333333333333333,0.0,0.0,1.0,0.08333333333333333,0.9166666666666666,-1
"((Alkalinephos <= 49.503) U[0,0] (PTT <= 5.106))
",22.087,48.836,0.000,0.000,1.000,1,0,0,11,12,0,1,11,0.08333333333333333,0.0,0.0,1.0,0.08333333333333333,0.9166666666666666,-1
"F[0,0](Glucose <= 82.495 | Platelets <= 115.719)
",8143016769128801.000,115.719,0.000,0.000,1.000,1,0,0,11,12,0,1,11,0.08333333333333333,0.0,0.0,1.0,0.08333333333333333,0.9166666666666666,-1
"((Calcium >= 0.609) U[1,2] (PTT >= 0.501))
",-9999999.000,-9999999.000,0.000,0.000,1.000,1,0,0,11,12,0,1,11,0.08333333333333333,0.0,0.0,1.0,0.08333333333333333,0.9166666666666666,-1
"F[0,0](((Magnesium <= 1.205 -> Resp <= 12.973) -> PTT <= 16.696) & Phosphate <= 13.409)
",-5.241,-15.788,0.000,0.000,1.000,1,0,0,11,12,0,1,11,0.08333333333333333,0.0,0.0,1.0,0.08333333333333333,0.9166666666666666,-1
"((HR > 29.175) U[1,2] (SepsisLabel = 0.000))
",-9999999.000,-9999999.000,0.000,0.000,1.000,1,0,0,11,12,0,1,11,0.08333333333333333,0.0,0.0,1.0,0.08333333333333333,0.9166666666666666,-1
"F[1,1]((HCO3 <= 4.759 -> DBP >= 0.000) -> HCO3 <= 0.000)
",0.000,0.000,0.000,0.000,1.000,1,0,0,11,12,0,1,11,0.08333333333333333,0.0,0.0,1.0,0.08333333333333333,0.9166666666666666,-1
"F[0,0](((Creatinine <= 0.516 & Calcium >= 0.297) -> Hct >= 0.280) & Glucose <= 0.882)
",0.280,0.280,0.000,0.000,1.000,1,0,0,11,12,0,1,11,0.08333333333333333,0.0,0.0,1.0,0.08333333333333333,0.9166666666666666,-1
"F[1,1]((PTT <= 2.541 & DBP >= 0.000) & HR >= 0.000)
",0.000,0.000,0.000,0.000,1.000,1,0,0,11,12,0,1,11,0.08333333333333333,0.0,0.0,1.0,0.08333333333333333,0.9166666666666666,-1
"((AST <= 147.180) U[1,2] (Platelets <= 244.821))
",-9999999.000,-9999999.000,0.000,0.000,1.000,1,0,0,11,12,0,1,11,0.08333333333333333,0.0,0.0,1.0,0.08333333333333333,0.9166666666666666,-1
"G[1,1]((Glucose >= 0.803 | WBC <= 4.514) -> Potassium >= 0.462)
",-4.514,-4.514,0.000,1.000,0.000,1,0,0,11,12,0,1,11,0.08333333333333333,0.0,0.0,1.0,0.08333333333333333,0.9166666666666666,1
"G[0,0](Chloride >= 8.404 & HCO3 >= 1.043)
",-3.829,-7.791,0.000,1.000,0.000,1,0,0,11,12,0,1,11,0.08333333333333333,0.0,0.0,1.0,0.08333333333333333,0.9166666666666666,1
"F[0,0](((Calcium < 3.343 & Potassium < 1.612) & Magnesium < 0.821) & Phosphate < 4.540)
",0.756,0.587,0.000,0.000,1.000,1,0,0,11,12,0,1,11,0.08333333333333333,0.0,0.0,1.0,0.08333333333333333,0.9166666666666666,-1
"G[0,0](((Hgb <= 5.885 | Hct <= 21.969) -> WBC >= 0.005) & Platelets >= 15.975)
",-70.930,-22.063,0.000,1.000,0.000,1,0,0,11,12,0,1,11,0.08333333333333333,0.0,0.0,1.0,0.08333333333333333,0.9166666666666666,1
"G[0,0](((Hgb <= 7.624 | Hct <= 19.974) -> WBC >= 0.322) & Platelets >= 10.782)
",-26.079,-20.208,0.000,1.000,0.000,1,0,0,11,12,0,1,11,0.08333333333333333,0.0,0.0,1.0,0.08333333333333333,0.9166666666666666,1
"G[1,1](((Hgb <= 8.368 | Hct <= 25.700) -> WBC >= 0.394) & Platelets >= 6.214)
",-7233947931370491.000,-25.700,0.000,1.000,0.000,1,0,0,11,12,0,1,11,0.08333333333333333,0.0,0.0,1.0,0.08333333333333333,0.9166666666666666,1
"G[1,1](((Platelets >= 17.612 & Resp >= 5.285) | WBC >= 12.299) | Platelets >= 5.027)
",-5660104853571114.000,-5.027,0.000,1.000,0.000,1,0,0,11,12,0,1,11,0.08333333333333333,0.0,0.0,1.0,0.08333333333333333,0.9166666666666666,1
"G[1,1](((Hgb <= 1.881 | Hct <= 8.564) -> WBC >= 0.458) & Platelets >= 9.298)
",-5234338550973655.000,-9.298,0.000,1.000,0.000,1,0,0,11,12,0,1,11,0.08333333333333333,0.0,0.0,1.0,0.08333333333333333,0.9166666666666666,1
"G[0,0](Chloride >= 2.853 & HCO3 >= 0.055)
",-3.388,-2.619,0.000,1.000,0.000,1,0,0,11,12,0,1,11,0.08333333333333333,0.0,0.0,1.0,0.08333333333333333,0.9166666666666666,1
"G[1,1](Platelets <= 221.845 -> WBC >= 0.482)
",-7805468421757633.000,-221.845,0.000,1.000,0.000,1,0,0,11,12,0,1,11,0.08333333333333333,0.0,0.0,1.0,0.08333333333333333,0.9166666666666666,1
"G[0,0](Platelets <= 225.643 -> WBC >= 0.212)
",-225.643,-225.643,0.000,1.000,0.000,1,0,0,11,12,0,1,11,0.08333333333333333,0.0,0.0,1.0,0.08333333333333333,0.9166666666666666,1
"G[0,0](Chloride >= 5.062 & HCO3 >= 0.356)
",-3.590,-4.670,0.000,1.000,0.000,1,0,0,11,12,0,1,11,0.08333333333333333,0.0,0.0,1.0,0.08333333333333333,0.9166666666666666,1
"G[1,1](Platelets <= 122.717 -> WBC >= 0.418)
",-122.717,-122.717,0.000,1.000,0.000,1,0,0,11,12,0,1,11,0.08333333333333333,0.0,0.0,1.0,0.08333333333333333,0.9166666666666666,1
"G[1,1](Magnesium <= 0.348 -> Platelets >= 5.249)
",-6275056588264871.000,-0.348,0.000,1.000,0.000,1,0,0,11,12,0,1,11,0.08333333333333333,0.0,0.0,1.0,0.08333333333333333,0.9166666666666666,1
"G[0,0](Calcium <= 2.991 -> Magnesium >= 0.129)
",-6734777167452067.000,-2.991,0.000,1.000,0.000,1,0,0,11,12,0,1,11,0.08333333333333333,0.0,0.0,1.0,0.08333333333333333,0.9166666666666666,1
"((SBP < 119.602) U[0,2] (SepsisLabel = 0.000))
",-9999999.000,-9999999.000,0.000,0.000,1.000,0,0,0,12,12,0,0,12,0.0,0.0,0.0,0.0,0.0,1.0,-1
"((Magnesium < 0.742) U[0,1] (SepsisLabel = 0.000))
",-9999999.000,-9999999.000,0.000,0.000,1.000,0,0,0,12,12,0,0,12,0.0,0.0,0.0,0.0,0.0,1.0,-1
"F[2,2](EtCO2 <= 0.000 & MAP <= 80.639)
",0.000,0.000,0.000,0.000,1.000,0,0,0,12,12,0,0,12,0.0,0.0,0.0,0.0,0.0,1.0,-1
"F[2,2]((FiO2 <= 0.000 | HR <= 102.664) | SepsisLabel >= 59.744)
",102.664,102.664,0.000,0.000,1.000,0,0,0,12,12,0,0,12,0.0,0.0,0.0,0.0,0.0,1.0,-1
"F[0,1](((SepsisLabel >= 0.000 | HR <= 81.261) & AST >= 5.958) -> AST <= 105.697)
",-9999999.000,-9999999.000,0.000,0.000,1.000,0,0,0,12,12,0,0,12,0.0,0.0,0.0,0.0,0.0,1.0,-1
"((PTT <= 19.164) U[0,2] (Platelets <= 214.434))
",-9999999.000,-9999999.000,0.000,0.000,1.000,0,0,0,12,12,0,0,12,0.0,0.0,0.0,0.0,0.0,1.0,-1
"F[1,2]((SepsisLabel >= 0.000 & Hct >= 1.121) | EtCO2 >= 6.237)
",-9999999.000,-9999999.000,0.000,0.000,1.000,0,0,0,12,12,0,0,12,0.0,0.0,0.0,0.0,0.0,1.0,-1
"F[0,2]((MAP <= 89.582 -> Potassium >= 0.041) -> PTT >= 0.163)
",-9999999.000,-9999999.000,0.000,0.000,1.000,0,0,0,12,12,0,0,12,0.0,0.0,0.0,0.0,0.0,1.0,-1
"F[1,2]((HR >= 36.879 & Phosphate <= 2.057) | DBP <= 4.313)
",-9999999.000,-9999999.000,0.000,0.000,1.000,0,0,0,12,12,0,0,12,0.0,0.0,0.0,0.0,0.0,1.0,-1
"F[0,1](((Magnesium >= 0.116 | MAP <= 99.339) -> Creatinine <= 81.205) & SBP >= 59.834)
",-9999999.000,-9999999.000,0.000,0.000,1.000,0,0,0,12,12,0,0,12,0.0,0.0,0.0,0.0,0.0,1.0,-1
"((HCO3 >= 1.494) U[0,2] (WBC <= 3.574))
",-9999999.000,-9999999.000,0.000,0.000,1.000,0,0,0,12,12,0,0,12,0.0,0.0,0.0,0.0,0.0,1.0,-1
"F[1,2](O2Sat > 1.447 -> SepsisLabel = 0.000)
",-9999999.000,-9999999.000,0.000,0.000,1.000,0,0,0,12,12,0,0,12,0.0,0.0,0.0,0.0,0.0,1.0,-1
"F[1,2](Calcium <= 3.278 & SepsisLabel = 0.000)
",-9999999.000,-9999999.000,0.000,0.000,1.000,0,0,0,12,12,0,0,12,0.0,0.0,0.0,0.0,0.0,1.0,-1
"((Magnesium < 0.830) U[0,2] (SepsisLabel = 0.000))
",-9999999.000,-9999999.000,0.000,0.000,1.000,0,0,0,12,12,0,0,12,0.0,0.0,0.0,0.0,0.0,1.0,-1
"F[1,2](SBP >= 100.976 -> SepsisLabel = 0.000)
",-9999999.000,-9999999.000,0.000,0.000,1.000,0,0,0,12,12,0,0,12,0.0,0.0,0.0,0.0,0.0,1.0,-1
"F[2,2](Lactate >= 0.000 -> SepsisLabel = 0.000)
",0.000,0.000,0.000,0.000,1.000,0,0,0,12,12,0,0,12,0.0,0.0,0.0,0.0,0.0,1.0,-1
"((pH <= 0.000) U[1,2] (SepsisLabel = 0.000))
",-9999999.000,-9999999.000,0.000,0.000,1.000,0,0,0,12,12,0,0,12,0.0,0.0,0.0,0.0,0.0,1.0,-1
"((SepsisLabel >= 0.000) U[2,2] (Resp <= 15.466))
",8706856174444481.000,15.466,0.000,0.000,1.000,0,0,0,12,12,0,0,12,0.0,0.0,0.0,0.0,0.0,1.0,-1
"F[1,1](((Hgb <= 3.989 & DBP >= 0.000) -> pH >= 0.000) & EtCO2 <= 0.000)
",0.000,0.000,0.000,0.000,1.000,0,0,0,12,12,0,0,12,0.0,0.0,0.0,0.0,0.0,1.0,-1
"F[2,2]((Phosphate <= 2.291 | SepsisLabel <= 0.000) | PaCO2 >= 0.000)
",5158370482255639.000,2.291,0.000,0.000,1.000,0,0,0,12,12,0,0,12,0.0,0.0,0.0,0.0,0.0,1.0,-1
"F[0,2]((pH <= 0.000 & Alkalinephos <= 20.843) & Potassium >= 2.918)
",-9999999.000,-9999999.000,0.000,0.000,1.000,0,0,0,12,12,0,0,12,0.0,0.0,0.0,0.0,0.0,1.0,-1
"F[1,2](((Alkalinephos >= 1.280 -> pH >= 0.000) | Calcium <= 0.000) | Calcium >= 0.000)
",-9999999.000,-9999999.000,0.000,0.000,1.000,0,0,0,12,12,0,0,12,0.0,0.0,0.0,0.0,0.0,1.0,-1
"F[0,2]((SBP <= 130.100 -> Lactate <= 0.000) | WBC <= 0.000)
",-9999999.000,-9999999.000,0.000,0.000,1.000,0,0,0,12,12,0,0,12,0.0,0.0,0.0,0.0,0.0,1.0,-1
"F[1,2]((PTT >= 1.026 -> BUN <= 5.904) & Bilirubin_direct >= 0.955)
",-9999999.000,-9999999.000,0.000,0.000,1.000,0,0,0,12,12,0,0,12,0.0,0.0,0.0,0.0,0.0,1.0,-1
"((HR >= 71.194) U[1,2] (Potassium >= 0.116))
",-9999999.000,-9999999.000,0.000,0.000,1.000,0,0,0,12,12,0,0,12,0.0,0.0,0.0,0.0,0.0,1.0,-1
"F[1,2](((SaO2 <= 0.000 & Lactate <= 0.000) & BUN <= 0.000) | Fibrinogen <= 0.000)
",-9999999.000,-9999999.000,0.000,0.000,1.000,0,0,0,12,12,0,0,12,0.0,0.0,0.0,0.0,0.0,1.0,-1
"F[1,2](((AST >= 12.214 | Bilirubin_direct >= 0.000) | Magnesium >= 0.000) & O2Sat >= 0.000)
",-9999999.000,-9999999.000,0.000,0.000,1.000,0,0,0,12,12,0,0,12,0.0,0.0,0.0,0.0,0.0,1.0,-1
"F[0,1](((FiO2 >= 0.000 & Lactate >= 0.000) | PaCO2 >= 0.000) & Bilirubin_direct >= 0.000)
",-9999999.000,-9999999.000,0.000,0.000,1.000,0,0,0,12,12,0,0,12,0.0,0.0,0.0,0.0,0.0,1.0,-1
"F[0,2](pH >= 0.000 & Hct >= 4.908)
",-9999999.000,-9999999.000,0.000,0.000,1.000,0,0,0,12,12,0,0,12,0.0,0.0,0.0,0.0,0.0,1.0,-1
"F[1,2]((Magnesium >= 0.102 & Hgb <= 10.175) | SepsisLabel <= 8.070)
",-9999999.000,-9999999.000,0.000,0.000,1.000,0,0,0,12,12,0,0,12,0.0,0.0,0.0,0.0,0.0,1.0,-1
"F[0,0](((HR >= 67.774 -> Chloride <= 100.367) & PTT <= 102.927) -> pH <= 81.089)
",-5706133881594547.000,-81.089,0.000,0.000,1.000,0,0,0,12,12,0,0,12,0.0,0.0,0.0,0.0,0.0,1.0,-1
"F[0,2](((Alkalinephos <= 29.521 | SaO2 >= 0.000) -> PTT >= 0.000) -> Magnesium >= 0.000)
",-9999999.000,-9999999.000,0.000,0.000,1.000,0,0,0,12,12,0,0,12,0.0,0.0,0.0,0.0,0.0,1.0,-1
"F[1,2](((Lactate <= 0.000 -> PaCO2 >= 0.000) | PTT >= 0.000) -> DBP >= 0.000)
",-9999999.000,-9999999.000,0.000,0.000,1.000,0,0,0,12,12,0,0,12,0.0,0.0,0.0,0.0,0.0,1.0,-1
"F[1,2]((AST <= 182.091 -> Magnesium <= 1.020) & Temp >= 0.088)
",-9999999.000,-9999999.000,0.000,0.000,1.000,0,0,0,12,12,0,0,12,0.0,0.0,0.0,0.0,0.0,1.0,-1
"F[0,2]((BUN >= 0.008 | BaseExcess >= 0.000) & Magnesium <= 0.000)
",-9999999.000,-9999999.000,0.000,0.000,1.000,0,0,0,12,12,0,0,12,0.0,0.0,0.0,0.0,0.0,1.0,-1
"((BaseExcess >= 0.000) U[2,2] (PaCO2 >= 0.000))
",0.000,0.000,0.000,0.000,1.000,0,0,0,12,12,0,0,12,0.0,0.0,0.0,0.0,0.0,1.0,-1
"G[1,2](EtCO2 >= 0.000 & WBC >= 0.002)
",9999999.000,9999999.000,0.000,1.000,0.000,0,0,1,11,11,1,1,11,0.0,0.0,1.0,0.0,0.0,1.0,1
"F[0,1](Chloride < 74.589 -> SepsisLabel = 0.000)
",-9999999.000,-9999999.000,0.000,0.000,1.000,0,0,0,12,12,0,0,12,0.0,0.0,0.0,0.0,0.0,1.0,-1
"F[0,2](((Glucose <= 37.761 & MAP >= 50.311) -> O2Sat >= 47.018) & DBP <= 79.073)
",-9999999.000,-9999999.000,0.000,0.000,1.000,0,0,0,12,12,0,0,12,0.0,0.0,0.0,0.0,0.0,1.0,-1
"F[2,2](WBC <= 1.565 | AST <= 309.567)
",309.567,309.567,0.000,0.000,1.000,0,0,0,12,12,0,0,12,0.0,0.0,0.0,0.0,0.0,1.0,-1
"((O2Sat >= 47.870) U[0,1] (Temp <= 25.536))
",-9999999.000,-9999999.000,0.000,0.000,1.000,0,0,0,12,12,0,0,12,0.0,0.0,0.0,0.0,0.0,1.0,-1
"F[2,2](((O2Sat <= 89.181 -> FiO2 >= 0.000) & WBC >= 0.000) & SaO2 >= 0.000)
",-89.181,-89.181,0.000,0.000,1.000,0,0,0,12,12,0,0,12,0.0,0.0,0.0,0.0,0.0,1.0,-1
"((PTT <= 14.955) U[0,2] (Resp <= 16.861))
",-9999999.000,-9999999.000,0.000,0.000,1.000,0,0,0,12,12,0,0,12,0.0,0.0,0.0,0.0,0.0,1.0,-1
"F[2,2]((TroponinI >= 0.000 & DBP <= 0.000) | Chloride <= 0.000)
",0.000,0.000,0.000,0.000,1.000,0,0,0,12,12,0,0,12,0.0,0.0,0.0,0.0,0.0,1.0,-1
"F[0,2](((WBC >= 0.138 | Potassium >= 0.233) & AST >= 0.054) -> Glucose >= 0.093)
",-9999999.000,-9999999.000,0.000,0.000,1.000,0,0,0,12,12,0,0,12,0.0,0.0,0.0,0.0,0.0,1.0,-1
"F[0,1](BUN >= 0.518 -> PaCO2 >= 0.000)
",-9999999.000,-9999999.000,0.000,0.000,1.000,0,0,0,12,12,0,0,12,0.0,0.0,0.0,0.0,0.0,1.0,-1
"F[1,2](((Hct <= 23.564 | HCO3 <= 11.495) & TroponinI >= 1.096) -> pH <= 12.990)
",-9999999.000,-9999999.000,0.000,0.000,1.000,0,0,0,12,12,0,0,12,0.0,0.0,0.0,0.0,0.0,1.0,-1
"F[1,2](((Hgb >= 0.110 -> PaCO2 >= 0.000) | Potassium >= 0.000) & O2Sat <= 0.000)
",-9999999.000,-9999999.000,0.000,0.000,1.000,0,0,0,12,12,0,0,12,0.0,0.0,0.0,0.0,0.0,1.0,-1
"F[0,2](((Hgb <= 0.769 -> Creatinine >= 0.032) & TroponinI <= 0.187) & Hgb >= 0.034)
",-9999999.000,-9999999.000,0.000,0.000,1.000,0,0,0,12,12,0,0,12,0.0,0.0,0.0,0.0,0.0,1.0,-1
"F[2,2]((WBC <= 2.779 & SepsisLabel <= 0.000) & AST <= 0.000)
",0.000,0.000,0.000,0.000,1.000,0,0,0,12,12,0,0,12,0.0,0.0,0.0,0.0,0.0,1.0,-1
"F[1,1]((PaCO2 >= 0.000 & FiO2 >= 0.000) & FiO2 >= 0.000)
",0.000,0.000,0.000,0.000,1.000,0,0,0,12,12,0,0,12,0.0,0.0,0.0,0.0,0.0,1.0,-1
"F[0,2](Fibrinogen >= 0.000 -> PTT >= 0.497)
",-9999999.000,-9999999.000,0.000,0.000,1.000,0,0,0,12,12,0,0,12,0.0,0.0,0.0,0.0,0.0,1.0,-1
"F[0,0](((BUN <= 2.466 | AST <= 391.407) | Calcium >= 3.939) & Glucose <= 337.141)
",5931048157898058.000,337.141,0.000,0.000,1.000,0,0,0,12,12,0,0,12,0.0,0.0,0.0,0.0,0.0,1.0,-1
"F[1,2](DBP <= 0.000 | Platelets <= 82.224)
",-9999999.000,-9999999.000,0.000,0.000,1.000,0,0,0,12,12,0,0,12,0.0,0.0,0.0,0.0,0.0,1.0,-1
"F[1,2](Fibrinogen >= 0.000 & Resp >= 0.621)
",-9999999.000,-9999999.000,0.000,0.000,1.000,0,0,0,12,12,0,0,12,0.0,0.0,0.0,0.0,0.0,1.0,-1
"F[0,2]((pH <= 0.000 | Calcium >= 0.716) & Potassium >= 0.069)
",-9999999.000,-9999999.000,0.000,0.000,1.000,0,0,0,12,12,0,0,12,0.0,0.0,0.0,0.0,0.0,1.0,-1
"F[0,2]((Resp <= 12.475 -> Calcium <= 1.881) | DBP <= 2.662)
",-9999999.000,-9999999.000,0.000,0.000,1.000,0,0,0,12,12,0,0,12,0.0,0.0,0.0,0.0,0.0,1.0,-1
"F[0,2](((Hgb <= 8.617 & BUN >= 0.614) | Temp >= 0.596) & Platelets >= 0.883)
",-9999999.000,-9999999.000,0.000,0.000,1.000,0,0,0,12,12,0,0,12,0.0,0.0,0.0,0.0,0.0,1.0,-1
"F[0,1](Chloride >= 3.271 | AST <= 107.076)
",-9999999.000,-9999999.000,0.000,0.000,1.000,0,0,0,12,12,0,0,12,0.0,0.0,0.0,0.0,0.0,1.0,-1
"F[0,2](((TroponinI >= 0.000 -> Alkalinephos >= 0.860) & Glucose >= 2.319) & Bilirubin_direct <= 23.383)
",-9999999.000,-9999999.000,0.000,0.000,1.000,0,0,0,12,12,0,0,12,0.0,0.0,0.0,0.0,0.0,1.0,-1
"F[0,1](((HR <= 85.059 -> Potassium >= 0.184) & BaseExcess >= 0.053) -> BUN >= 0.146)
",-9999999.000,-9999999.000,0.000,0.000,1.000,0,0,0,12,12,0,0,12,0.0,0.0,0.0,0.0,0.0,1.0,-1
"F[0,2](Calcium >= 0.211 & SBP >= 80.974)
",-9999999.000,-9999999.000,0.000,0.000,1.000,0,0,0,12,12,0,0,12,0.0,0.0,0.0,0.0,0.0,1.0,-1
"F[1,2](((SaO2 >= 0.000 & TroponinI <= 0.000) -> Resp >= 0.000) | WBC <= 0.000)
",-9999999.000,-9999999.000,0.000,0.000,1.000,0,0,0,12,12,0,0,12,0.0,0.0,0.0,0.0,0.0,1.0,-1
"((Chloride <= 105.106) U[0,0] (BaseExcess >= 0.000))
",42.913,104.372,0.000,0.000,1.000,0,0,0,12,12,0,0,12,0.0,0.0,0.0,0.0,0.0,1.0,-1
"F[1,2](((Resp <= 14.289 & Potassium >= 0.174) & Platelets <= 0.679) -> AST <= 2.851)
",-9999999.000,-9999999.000,0.000,0.000,1.000,0,0,0,12,12,0,0,12,0.0,0.0,0.0,0.0,0.0,1.0,-1
"((EtCO2 >= 0.000) U[1,2] (Glucose >= 6.037))
",-9999999.000,-9999999.000,0.000,0.000,1.000,0,0,0,12,12,0,0,12,0.0,0.0,0.0,0.0,0.0,1.0,-1
"F[2,2](FiO2 >= 0.000 & Bilirubin_direct <= 0.000)
",0.000,0.000,0.000,0.000,1.000,0,0,0,12,12,0,0,12,0.0,0.0,0.0,0.0,0.0,1.0,-1
"F[0,1]((O2Sat <= 89.236 -> Temp <= 21.584) | Bilirubin_direct <= 28.594)
",-9999999.000,-9999999.000,0.000,0.000,1.000,0,0,0,12,12,0,0,12,0.0,0.0,0.0,0.0,0.0,1.0,-1
"((Potassium >= 0.301) U[2,2] (HR <= 108.677))
",3823714651281514.500,108.677,0.000,0.000,1.000,0,0,0,12,12,0,0,12,0.0,0.0,0.0,0.0,0.0,1.0,-1
"F[0,0](((PaCO2 >= 0.000 -> SaO2 <= 0.000) | HCO3 <= 0.000) | TroponinI >= 0.000)
",0.302,0.100,0.000,0.000,1.000,0,0,0,12,12,0,0,12,0.0,0.0,0.0,0.0,0.0,1.0,-1
"F[0,1](PaCO2 >= 0.000 | AST >= 7.163)
",-9999999.000,-9999999.000,0.000,0.000,1.000,0,0,0,12,12,0,0,12,0.0,0.0,0.0,0.0,0.0,1.0,-1
"F[0,1](Resp >= 11.819 | Bilirubin_total >= 0.033)
",-9999999.000,-9999999.000,0.000,0.000,1.000,0,0,0,12,12,0,0,12,0.0,0.0,0.0,0.0,0.0,1.0,-1
"F[1,2](Calcium <= 8.280 | TroponinI <= 0.000)
",-9999999.000,-9999999.000,0.000,0.000,1.000,0,0,0,12,12,0,0,12,0.0,0.0,0.0,0.0,0.0,1.0,-1
"F[0,1](EtCO2 <= 0.000 -> Magnesium <= 0.654)
",-9999999.000,-9999999.000,0.000,0.000,1.000,0,0,0,12,12,0,0,12,0.0,0.0,0.0,0.0,0.0,1.0,-1
"F[1,1](Lactate <= 0.000 & EtCO2 <= 0.000)
",0.000,0.000,0.000,0.000,1.000,0,0,0,12,12,0,0,12,0.0,0.0,0.0,0.0,0.0,1.0,-1
"F[0,1](((PaCO2 <= 0.000 & FiO2 >= 0.000) & Hct >= 0.000) -> PaCO2 >= 0.000)
",-9999999.000,-9999999.000,0.000,0.000,1.000,0,0,0,12,12,0,0,12,0.0,0.0,0.0,0.0,0.0,1.0,-1
"F[0,2](((Bilirubin_total >= 0.004 & Creatinine <= 0.314) | AST <= 0.180) & Bilirubin_direct <= 0.724)
",-9999999.000,-9999999.000,0.000,0.000,1.000,0,0,0,12,12,0,0,12,0.0,0.0,0.0,0.0,0.0,1.0,-1
"F[0,2]((Bilirubin_total >= 0.004 -> Temp >= 6.497) -> O2Sat <= 30.411)
",-9999999.000,-9999999.000,0.000,0.000,1.000,0,0,0,12,12,0,0,12,0.0,0.0,0.0,0.0,0.0,1.0,-1
"((Glucose <= 22.438) U[2,2] (FiO2 >= 0.000))
",6315719230688819.000,22.438,0.000,0.000,1.000,0,0,0,12,12,0,0,12,0.0,0.0,0.0,0.0,0.0,1.0,-1
"F[1,2]((Creatinine >= 0.021 -> Platelets <= 76.340) -> WBC <= 72.334)
",-9999999.000,-9999999.000,0.000,0.000,1.000,0,0,0,12,12,0,0,12,0.0,0.0,0.0,0.0,0.0,1.0,-1
"F[0,2](((Hct <= 20.204 | SBP >= 83.044) & DBP <= 137.090) | MAP >= 55.847)
",-9999999.000,-9999999.000,0.000,0.000,1.000,0,0,0,12,12,0,0,12,0.0,0.0,0.0,0.0,0.0,1.0,-1
"F[0,2](((SaO2 >= 0.000 & PaCO2 <= 0.000) -> Alkalinephos >= 0.000) | HR >= 0.000)
",-9999999.000,-9999999.000,0.000,0.000,1.000,0,0,0,12,12,0,0,12,0.0,0.0,0.0,0.0,0.0,1.0,-1
"F[1,1](((O2Sat >= 33.728 & BaseExcess >= 0.000) | EtCO2 >= 0.000) & Bilirubin_total >= 0.000)
",0.000,0.000,0.000,0.000,1.000,0,0,0,12,12,0,0,12,0.0,0.0,0.0,0.0,0.0,1.0,-1
"F[0,2](((Phosphate >= 0.323 -> BUN >= 0.588) & BaseExcess <= 10.938) | HR >= 0.467)
",-9999999.000,-9999999.000,0.000,0.000,1.000,0,0,0,12,12,0,0,12,0.0,0.0,0.0,0.0,0.0,1.0,-1
"F[2,2]((Calcium <= 2.137 -> Creatinine <= 0.506) | Alkalinephos <= 0.389)
",7004924909427613.000,0.389,0.000,0.000,1.000,0,0,0,12,12,0,0,12,0.0,0.0,0.0,0.0,0.0,1.0,-1
"((SBP > 45.220) U[0,0] (SepsisLabel = 0.000))
",-0.302,-0.754,0.000,0.000,1.000,0,0,0,12,12,0,0,12,0.0,0.0,0.0,0.0,0.0,1.0,-1
"((Glucose > 7.768) U[0,2] (SepsisLabel = 0.000))
",-9999999.000,-9999999.000,0.000,0.000,1.000,0,0,0,12,12,0,0,12,0.0,0.0,0.0,0.0,0.0,1.0,-1
"F[2,2]((Phosphate <= 3.859 | EtCO2 <= 0.000) & Bilirubin_total >= 0.000)
",0.000,0.000,0.000,0.000,1.000,0,0,0,12,12,0,0,12,0.0,0.0,0.0,0.0,0.0,1.0,-1
"F[0,1](BUN < 14.432 -> SepsisLabel = 0.000)
",-9999999.000,-9999999.000,0.000,0.000,1.000,0,0,0,12,12,0,0,12,0.0,0.0,0.0,0.0,0.0,1.0,-1
"F[0,2](((O2Sat <= 89.005 -> PTT >= 0.399) -> Phosphate >= 1.814) | FiO2 >= 0.281)
",-9999999.000,-9999999.000,0.000,0.000,1.000,0,0,0,12,12,0,0,12,0.0,0.0,0.0,0.0,0.0,1.0,-1
"F[1,2](((Chloride <= 46.274 | O2Sat >= 48.692) | FiO2 >= 61.830) & Chloride <= 88.227)
",-9999999.000,-9999999.000,0.000,0.000,1.000,0,0,0,12,12,0,0,12,0.0,0.0,0.0,0.0,0.0,1.0,-1
"F[2,2]((Calcium >= 0.055 | O2Sat >= 57.083) & Hgb <= 88.245)
",-7991599476823637.000,-0.055,0.000,0.000,1.000,0,0,0,12,12,0,0,12,0.0,0.0,0.0,0.0,0.0,1.0,-1
"F[0,2](((Alkalinephos <= 63.190 & Resp >= 5.988) | Phosphate <= 15.183) -> SaO2 <= 13.446)
",-9999999.000,-9999999.000,0.000,0.000,1.000,0,0,0,12,12,0,0,12,0.0,0.0,0.0,0.0,0.0,1.0,-1
"F[1,1](Phosphate >= 0.033 -> Temp >= 5.143)
",0.033,0.033,0.000,0.000,1.000,0,0,0,12,12,0,0,12,0.0,0.0,0.0,0.0,0.0,1.0,-1
"F[0,2](Temp >= 5.791 | WBC >= 0.187)
",-9999999.000,-9999999.000,0.000,0.000,1.000,0,0,0,12,12,0,0,12,0.0,0.0,0.0,0.0,0.0,1.0,-1
"F[0,1]((HR <= 88.973 | PTT >= 1.872) | O2Sat >= 0.418)
",-9999999.000,-9999999.000,0.000,0.000,1.000,0,0,0,12,12,0,0,12,0.0,0.0,0.0,0.0,0.0,1.0,-1
"F[0,2]((Calcium >= 0.582 | HR >= 46.609) & Platelets <= 83.162)
",-9999999.000,-9999999.000,0.000,0.000,1.000,0,0,0,12,12,0,0,12,0.0,0.0,0.0,0.0,0.0,1.0,-1
"F[0,0](((Hct <= 31.241 -> O2Sat <= 87.616) -> HR >= 30.122) | Bilirubin_direct <= 94.726)
",489.314,94.667,0.000,0.000,1.000,0,0,0,12,12,0,0,12,0.0,0.0,0.0,0.0,0.0,1.0,-1
"F[0,2](((Glucose <= 67.906 & Temp >= 5.525) | TroponinI <= 32.924) | Magnesium >= 3.315)
",-9999999.000,-9999999.000,0.000,0.000,1.000,0,0,0,12,12,0,0,12,0.0,0.0,0.0,0.0,0.0,1.0,-1
"F[1,1](((Chloride <= 84.371 | HR <= 97.911) & Hgb <= 100.932) -> Potassium <= 84.581)
",-6889841925089289.000,-97.911,0.000,0.000,1.000,0,0,0,12,12,0,0,12,0.0,0.0,0.0,0.0,0.0,1.0,-1
"F[2,2](HR >= 49.423 -> WBC <= 3.830)
",-3.830,-3.830,0.000,0.000,1.000,0,0,0,12,12,0,0,12,0.0,0.0,0.0,0.0,0.0,1.0,-1
"F[0,0](Hgb <= 6.321 | WBC >= 0.401)
",1.412,7.126,0.000,0.000,1.000,0,0,0,12,12,0,0,12,0.0,0.0,0.0,0.0,0.0,1.0,-1
"F[0,2]((Alkalinephos >= 1.610 -> HCO3 >= 0.057) -> DBP <= 12.809)
",-9999999.000,-9999999.000,0.000,0.000,1.000,0,0,0,12,12,0,0,12,0.0,0.0,0.0,0.0,0.0,1.0,-1
"F[0,2](HCO3 >= 1.271 & Platelets <= 245.689)
",-9999999.000,-9999999.000,0.000,0.000,1.000,0,0,0,12,12,0,0,12,0.0,0.0,0.0,0.0,0.0,1.0,-1
"((Magnesium <= 1.632) U[0,1] (O2Sat >= 80.254))
",-9999999.000,-9999999.000,0.000,0.000,1.000,0,0,0,12,12,0,0,12,0.0,0.0,0.0,0.0,0.0,1.0,-1
"F[1,2]((AST >= 5.474 -> O2Sat <= 99.690) -> Potassium >= 10.108)
",-9999999.000,-9999999.000,0.000,0.000,1.000,0,0,0,12,12,0,0,12,0.0,0.0,0.0,0.0,0.0,1.0,-1
"F[0,0](Alkalinephos >= 0.270 -> Temp <= 29.899)
",-0.345,-2.911,0.000,0.000,1.000,0,0,0,12,12,0,0,12,0.0,0.0,0.0,0.0,0.0,1.0,-1
"F[0,2](Glucose >= 5.101 | Hct <= 7.077)
",-9999999.000,-9999999.000,0.000,0.000,1.000,0,0,0,12,12,0,0,12,0.0,0.0,0.0,0.0,0.0,1.0,-1
"((Hgb >= 0.414) U[2,2] (Temp >= 2.365))
",-0.414,-0.414,0.000,0.000,1.000,0,0,0,12,12,0,0,12,0.0,0.0,0.0,0.0,0.0,1.0,-1
"F[0,2](Hct >= 3.042 | Temp >= 7.265)
",-9999999.000,-9999999.000,0.000,0.000,1.000,0,0,0,12,12,0,0,12,0.0,0.0,0.0,0.0,0.0,1.0,-1
"F[2,2](((Bilirubin_total >= 0.040 -> Hct >= 1.836) | Temp <= 22.215) & MAP >= 2.561)
",-5766412073102963.000,-2.561,0.000,0.000,1.000,0,0,0,12,12,0,0,12,0.0,0.0,0.0,0.0,0.0,1.0,-1
"((Creatinine <= 0.220) U[2,2] (Hgb <= 0.958))
",0.958,0.958,0.000,0.000,1.000,0,0,0,12,12,0,0,12,0.0,0.0,0.0,0.0,0.0,1.0,-1
"((Hct <= 22.888) U[0,1] (Platelets <= 79.819))
",-9999999.000,-9999999.000,0.000,0.000,1.000,0,0,0,12,12,0,0,12,0.0,0.0,0.0,0.0,0.0,1.0,-1
"F[1,2]((Creatinine <= 0.144 -> Hct >= 1.820) & PaCO2 <= 15.036)
",-9999999.000,-9999999.000,0.000,0.000,1.000,0,0,0,12,12,0,0,12,0.0,0.0,0.0,0.0,0.0,1.0,-1
"F[0,1](((Hct <= 24.461 | PTT >= 0.787) & DBP <= 19.854) & Hct <= 12.678)
",-9999999.000,-9999999.000,0.000,0.000,1.000,0,0,0,12,12,0,0,12,0.0,0.0,0.0,0.0,0.0,1.0,-1
"F[0,1]((MAP <= 96.586 -> Temp >= 1.553) | Hgb <= 21.714)
",-9999999.000,-9999999.000,0.000,0.000,1.000,0,0,0,12,12,0,0,12,0.0,0.0,0.0,0.0,0.0,1.0,-1
"F[0,2]((Hct <= 13.331 & Potassium >= 0.250) -> PTT >= 0.026)
",-9999999.000,-9999999.000,0.000,0.000,1.000,0,0,0,12,12,0,0,12,0.0,0.0,0.0,0.0,0.0,1.0,-1
"F[1,2](((Calcium <= 3.345 | Hct >= 0.458) | TroponinI <= 7.962) | Calcium <= 14.938)
",-9999999.000,-9999999.000,0.000,0.000,1.000,0,0,0,12,12,0,0,12,0.0,0.0,0.0,0.0,0.0,1.0,-1
"F[1,2]((Hgb >= 0.278 -> Phosphate >= 0.086) -> TroponinI >= 0.283)
",-9999999.000,-9999999.000,0.000,0.000,1.000,0,0,0,12,12,0,0,12,0.0,0.0,0.0,0.0,0.0,1.0,-1
"F[0,1]((AST <= 29.764 | HR >= 58.472) | BUN >= 21.590)
",-9999999.000,-9999999.000,0.000,0.000,1.000,0,0,0,12,12,0,0,12,0.0,0.0,0.0,0.0,0.0,1.0,-1
"F[0,1](((Calcium >= 0.489 -> Temp <= 30.165) -> Alkalinephos <= 28.183) & Bilirubin_direct <= 36.300)
",-9999999.000,-9999999.000,0.000,0.000,1.000,0,0,0,12,12,0,0,12,0.0,0.0,0.0,0.0,0.0,1.0,-1
"F[1,2]((Calcium <= 3.117 & Potassium <= 3.654) & Magnesium >= 0.072)
",-9999999.000,-9999999.000,0.000,0.000,1.000,0,0,0,12,12,0,0,12,0.0,0.0,0.0,0.0,0.0,1.0,-1
"((AST <= 167.584) U[0,2] (Glucose >= 5.011))
",-9999999.000,-9999999.000,0.000,0.000,1.000,0,0,0,12,12,0,0,12,0.0,0.0,0.0,0.0,0.0,1.0,-1
"F[2,2](BUN <= 4.974 -> Chloride >= 7.807)
",-4.974,-4.974,0.000,0.000,1.000,0,0,0,12,12,0,0,12,0.0,0.0,0.0,0.0,0.0,1.0,-1
"F[0,2]((Bilirubin_total <= 1.118 & PTT <= 15.533) & Chloride <= 19.904)
",-9999999.000,-9999999.000,0.000,0.000,1.000,0,0,0,12,12,0,0,12,0.0,0.0,0.0,0.0,0.0,1.0,-1
"F[0,1](((Bilirubin_total <= 0.126 | BUN <= 14.867) & DBP >= 0.782) -> BUN <= 9.356)
",-9999999.000,-9999999.000,0.000,0.000,1.000,0,0,0,12,12,0,0,12,0.0,0.0,0.0,0.0,0.0,1.0,-1
"F[0,2](Alkalinephos <= 7.172 -> Calcium >= 0.096)
",-9999999.000,-9999999.000,0.000,0.000,1.000,0,0,0,12,12,0,0,12,0.0,0.0,0.0,0.0,0.0,1.0,-1
"F[2,2](Alkalinephos >= 3.156 | Potassium <= 1.116)
",1.116,1.116,0.000,0.000,1.000,0,0,0,12,12,0,0,12,0.0,0.0,0.0,0.0,0.0,1.0,-1
"F[1,2](((Calcium >= 0.515 & Hgb <= 1.829) | Alkalinephos >= 0.367) -> TroponinI <= 1.475)
",-9999999.000,-9999999.000,0.000,0.000,1.000,0,0,0,12,12,0,0,12,0.0,0.0,0.0,0.0,0.0,1.0,-1
"F[0,2](((Hgb >= 0.442 & Magnesium <= 1.169) -> HCO3 <= 0.743) | Magnesium >= 0.083)
",-9999999.000,-9999999.000,0.000,0.000,1.000,0,0,0,12,12,0,0,12,0.0,0.0,0.0,0.0,0.0,1.0,-1
"F[0,2](((Alkalinephos <= 63.892 | Glucose >= 2.604) & BaseExcess <= 89.578) & HR <= 51.296)
",-9999999.000,-9999999.000,0.000,0.000,1.000,0,0,0,12,12,0,0,12,0.0,0.0,0.0,0.0,0.0,1.0,-1
"F[1,1](Alkalinephos >= 1.702 -> Creatinine <= 0.731)
",-0.731,-0.731,0.000,0.000,1.000,0,0,0,12,12,0,0,12,0.0,0.0,0.0,0.0,0.0,1.0,-1
"F[1,2](((AST <= 253.054 | Bilirubin_total >= 0.050) -> Temp <= 0.402) -> FiO2 >= 0.012)
",-9999999.000,-9999999.000,0.000,0.000,1.000,0,0,0,12,12,0,0,12,0.0,0.0,0.0,0.0,0.0,1.0,-1
"F[1,2]((HR >= 26.925 | MAP <= 94.779) & PTT >= 30.288)
",-9999999.000,-9999999.000,0.000,0.000,1.000,0,0,0,12,12,0,0,12,0.0,0.0,0.0,0.0,0.0,1.0,-1
"F[0,2]((HR >= 67.003 & Resp <= 14.657) | Bilirubin_total <= 15.148)
",-9999999.000,-9999999.000,0.000,0.000,1.000,0,0,0,12,12,0,0,12,0.0,0.0,0.0,0.0,0.0,1.0,-1
"F[1,2]((Alkalinephos <= 41.219 -> AST <= 171.168) & Resp <= 325.942)
",-9999999.000,-9999999.000,0.000,0.000,1.000,0,0,0,12,12,0,0,12,0.0,0.0,0.0,0.0,0.0,1.0,-1
"F[2,2]((Alkalinephos >= 2.720 & BUN <= 9.215) & WBC >= 0.501)
",-6125832497784295.000,-2.720,0.000,0.000,1.000,0,0,0,12,12,0,0,12,0.0,0.0,0.0,0.0,0.0,1.0,-1
"F[0,2](((Bilirubin_total <= 0.802 & Platelets <= 78.251) | TroponinI >= 6.561) | Hct <= 135.507)
",-9999999.000,-9999999.000,0.000,0.000,1.000,0,0,0,12,12,0,0,12,0.0,0.0,0.0,0.0,0.0,1.0,-1
"F[0,2](Resp >= 1.320 & SBP >= 76.067)
",-9999999.000,-9999999.000,0.000,0.000,1.000,0,0,0,12,12,0,0,12,0.0,0.0,0.0,0.0,0.0,1.0,-1
"F[0,2](((Bilirubin_total >= 0.070 -> Creatinine <= 0.770) | Bilirubin_total <= 0.095) -> AST >= 0.053)
",-9999999.000,-9999999.000,0.000,0.000,1.000,0,0,0,12,12,0,0,12,0.0,0.0,0.0,0.0,0.0,1.0,-1
"F[0,2](Chloride >= 2.236 & Hgb >= 0.056)
",-9999999.000,-9999999.000,0.000,0.000,1.000,0,0,0,12,12,0,0,12,0.0,0.0,0.0,0.0,0.0,1.0,-1
"((AST <= 59.969) U[2,2] (PTT <= 7.900))
",59.969,59.969,0.000,0.000,1.000,0,0,0,12,12,0,0,12,0.0,0.0,0.0,0.0,0.0,1.0,-1
"F[1,2]((AST <= 123.300 -> Chloride <= 62.401) -> FiO2 >= 0.158)
",-9999999.000,-9999999.000,0.000,0.000,1.000,0,0,0,12,12,0,0,12,0.0,0.0,0.0,0.0,0.0,1.0,-1
"F[0,2](((BUN >= 0.257 & Phosphate <= 1.121) & Lactate >= 0.209) | Creatinine <= 3.776)
",-9999999.000,-9999999.000,0.000,0.000,1.000,0,0,0,12,12,0,0,12,0.0,0.0,0.0,0.0,0.0,1.0,-1
"F[0,2]((Bilirubin_total <= 0.309 & Magnesium <= 0.206) | Bilirubin_direct >= 0.096)
",-9999999.000,-9999999.000,0.000,0.000,1.000,0,0,0,12,12,0,0,12,0.0,0.0,0.0,0.0,0.0,1.0,-1
"F[2,2](((BUN >= 0.215 & Glucose >= 2.553) | DBP <= 33.051) & BaseExcess >= 3.822)
",-8606000659563908.000,-3.822,0.000,0.000,1.000,0,0,0,12,12,0,0,12,0.0,0.0,0.0,0.0,0.0,1.0,-1
"F[0,2]((Bilirubin_total >= 0.046 -> HCO3 >= 1.864) & BaseExcess <= 19.319)
",-9999999.000,-9999999.000,0.000,0.000,1.000,0,0,0,12,12,0,0,12,0.0,0.0,0.0,0.0,0.0,1.0,-1
"((HR >= 41.208) U[0,2] (O2Sat >= 85.084))
",-9999999.000,-9999999.000,0.000,0.000,1.000,0,0,0,12,12,0,0,12,0.0,0.0,0.0,0.0,0.0,1.0,-1
"F[2,2](BUN <= 4.359 & Platelets >= 19.638)
",-19.638,-19.638,0.000,0.000,1.000,0,0,0,12,12,0,0,12,0.0,0.0,0.0,0.0,0.0,1.0,-1
"F[1,2]((Alkalinephos >= 0.855 -> Magnesium <= 0.907) -> SepsisLabel <= 1.119)
",-9999999.000,-9999999.000,0.000,0.000,1.000,0,0,0,12,12,0,0,12,0.0,0.0,0.0,0.0,0.0,1.0,-1
"F[0,1](AST >= 3.109 -> WBC <= 5.510)
",-9999999.000,-9999999.000,0.000,0.000,1.000,0,0,0,12,12,0,0,12,0.0,0.0,0.0,0.0,0.0,1.0,-1
"F[1,2](((BUN >= 0.352 -> Potassium >= 0.309) | PTT <= 3.397) | PaCO2 >= 0.012)
",-9999999.000,-9999999.000,0.000,0.000,1.000,0,0,0,12,12,0,0,12,0.0,0.0,0.0,0.0,0.0,1.0,-1
"F[0,0]((HCO3 >= 0.356 | Phosphate >= 0.141) | DBP <= 4.347)
",0.291,0.375,0.000,0.000,1.000,0,0,0,12,12,0,0,12,0.0,0.0,0.0,0.0,0.0,1.0,-1
"((MAP <= 93.865) U[0,1] (O2Sat >= 60.223))
",-9999999.000,-9999999.000,0.000,0.000,1.000,0,0,0,12,12,0,0,12,0.0,0.0,0.0,0.0,0.0,1.0,-1
"F[0,2](((Phosphate <= 2.744 | PTT <= 10.487) | Bilirubin_direct >= 0.476) -> Alkalinephos >= 1.307)
",-9999999.000,-9999999.000,0.000,0.000,1.000,0,0,0,12,12,0,0,12,0.0,0.0,0.0,0.0,0.0,1.0,-1
"F[1,2](((PTT <= 7.732 & WBC <= 4.702) & Alkalinephos >= 0.036) -> Lactate <= 2.234)
",-9999999.000,-9999999.000,0.000,0.000,1.000,0,0,0,12,12,0,0,12,0.0,0.0,0.0,0.0,0.0,1.0,-1
"((Calcium <= 8.671) U[0,2] (WBC >= 0.029))
",-9999999.000,-9999999.000,0.000,0.000,1.000,0,0,0,12,12,0,0,12,0.0,0.0,0.0,0.0,0.0,1.0,-1
"F[0,1]((Bilirubin_total <= 0.099 -> Calcium <= 5.020) | Hct <= 1.182)
",-9999999.000,-9999999.000,0.000,0.000,1.000,0,0,0,12,12,0,0,12,0.0,0.0,0.0,0.0,0.0,1.0,-1
"F[1,2](((Alkalinephos >= 1.846 -> Hct <= 20.923) | Glucose <= 31.938) -> MAP <= 17.114)
",-9999999.000,-9999999.000,0.000,0.000,1.000,0,0,0,12,12,0,0,12,0.0,0.0,0.0,0.0,0.0,1.0,-1
"F[1,2](Resp <= 14.947 | Temp <= 34.396)
",-9999999.000,-9999999.000,0.000,0.000,1.000,0,0,0,12,12,0,0,12,0.0,0.0,0.0,0.0,0.0,1.0,-1
"F[0,1]((Alkalinephos <= 54.527 | HR <= 94.215) & BaseExcess <= 82.345)
",-9999999.000,-9999999.000,0.000,0.000,1.000,0,0,0,12,12,0,0,12,0.0,0.0,0.0,0.0,0.0,1.0,-1
"((Glucose <= 53.258) U[0,2] (SepsisLabel = 0.000))
",-9999999.000,-9999999.000,0.000,0.000,1.000,0,0,0,12,12,0,0,12,0.0,0.0,0.0,0.0,0.0,1.0,-1
"F[0,2](Chloride >= 7.070 & HCO3 >= 1.625)
",-9999999.000,-9999999.000,0.000,0.000,1.000,0,0,0,12,12,0,0,12,0.0,0.0,0.0,0.0,0.0,1.0,-1
"F[0,1](((Creatinine <= 0.162 & WBC >= 0.389) -> SBP >= 0.179) -> PTT <= 4.255)
",-9999999.000,-9999999.000,0.000,0.000,1.000,0,0,0,12,12,0,0,12,0.0,0.0,0.0,0.0,0.0,1.0,-1
"F[0,1](Chloride >= 6.766 | PTT <= 6.368)
",-9999999.000,-9999999.000,0.000,0.000,1.000,0,0,0,12,12,0,0,12,0.0,0.0,0.0,0.0,0.0,1.0,-1
"F[1,2](((Glucose <= 89.167 -> Potassium <= 3.454) & O2Sat >= 0.163) | HR >= 0.046)
",-9999999.000,-9999999.000,0.000,0.000,1.000,0,0,0,12,12,0,0,12,0.0,0.0,0.0,0.0,0.0,1.0,-1
"F[0,1](Potassium <= 2.802 | PTT >= 0.666)
",-9999999.000,-9999999.000,0.000,0.000,1.000,0,0,0,12,12,0,0,12,0.0,0.0,0.0,0.0,0.0,1.0,-1
"F[1,2](Calcium >= 0.046 | Magnesium >= 0.102)
",-9999999.000,-9999999.000,0.000,0.000,1.000,0,0,0,12,12,0,0,12,0.0,0.0,0.0,0.0,0.0,1.0,-1
"F[0,1](HCO3 < 17.463 & SepsisLabel = 0.000)
",-9999999.000,-9999999.000,0.000,0.000,1.000,0,0,0,12,12,0,0,12,0.0,0.0,0.0,0.0,0.0,1.0,-1
"F[1,2](Chloride <= 36.824 & Platelets <= 31.700)
",-9999999.000,-9999999.000,0.000,0.000,1.000,0,0,0,12,12,0,0,12,0.0,0.0,0.0,0.0,0.0,1.0,-1
"F[0,2](((Creatinine <= 0.617 & Magnesium >= 0.115) | Fibrinogen >= 0.087) | Potassium <= 0.838)
",-9999999.000,-9999999.000,0.000,0.000,1.000,0,0,0,12,12,0,0,12,0.0,0.0,0.0,0.0,0.0,1.0,-1
"F[2,2]((Calcium <= 3.577 & Potassium <= 1.405) & Magnesium >= 0.068)
",-4866853078629113.000,-0.068,0.000,0.000,1.000,0,0,0,12,12,0,0,12,0.0,0.0,0.0,0.0,0.0,1.0,-1
"F[0,1]((Phosphate >= 0.260 & Magnesium > 0.110) -> Calcium < 4.745)
",-9999999.000,-9999999.000,0.000,0.000,1.000,0,0,0,12,12,0,0,12,0.0,0.0,0.0,0.0,0.0,1.0,-1
"F[0,1](((Calcium < 3.550 & Potassium < 1.212) & Magnesium < 1.287) & Phosphate < 4.390)
",-9999999.000,-9999999.000,0.000,0.000,1.000,0,0,0,12,12,0,0,12,0.0,0.0,0.0,0.0,0.0,1.0,-1
"F[0,0](Hgb <= 3.930 | Hct <= 23.150)
",6516103581245441.000,23.150,0.000,0.000,1.000,0,0,0,12,12,0,0,12,0.0,0.0,0.0,0.0,0.0,1.0,-1
"F[0,1]((Phosphate >= 0.201 & Magnesium > 0.019) -> Calcium < 5.160)
",-9999999.000,-9999999.000,0.000,0.000,1.000,0,0,0,12,12,0,0,12,0.0,0.0,0.0,0.0,0.0,1.0,-1
"((Glucose <= 76.789) U[0,2] (PTT >= 1.556))
",-9999999.000,-9999999.000,0.000,0.000,1.000,0,0,0,12,12,0,0,12,0.0,0.0,0.0,0.0,0.0,1.0,-1
"F[0,2](((Creatinine >= 0.008 -> Phosphate <= 4.224) & SaO2 <= 2.725) & EtCO2 >= 0.205)
",-9999999.000,-9999999.000,0.000,0.000,1.000,0,0,0,12,12,0,0,12,0.0,0.0,0.0,0.0,0.0,1.0,-1
"F[0,2]((Phosphate >= 0.113 & Magnesium > 0.090) -> Calcium < 6.426)
",-9999999.000,-9999999.000,0.000,0.000,1.000,0,0,0,12,12,0,0,12,0.0,0.0,0.0,0.0,0.0,1.0,-1
"F[0,0]((Phosphate <= 1.563 | WBC >= 0.212) -> Hgb <= 5.698)
",-1.361,-6.786,0.000,0.000,1.000,0,0,0,12,12,0,0,12,0.0,0.0,0.0,0.0,0.0,1.0,-1
"F[1,2](pH > 0.000 -> SepsisLabel = 0.000)
",-9999999.000,-9999999.000,0.000,0.000,1.000,0,0,0,12,12,0,0,12,0.0,0.0,0.0,0.0,0.0,1.0,-1
"((Potassium <= 2.340) U[0,0] (SepsisLabel = 0.000))
",2.050,2.040,0.000,0.000,1.000,0,0,0,12,12,0,0,12,0.0,0.0,0.0,0.0,0.0,1.0,-1
"F[0,1](pH > 0.000 -> SepsisLabel = 0.000)
",-9999999.000,-9999999.000,0.000,0.000,1.000,0,0,0,12,12,0,0,12,0.0,0.0,0.0,0.0,0.0,1.0,-1
"((pH <= 0.000) U[0,0] (SepsisLabel = 0.000))
",0.000,0.000,0.000,0.000,1.000,0,0,0,12,12,0,0,12,0.0,0.0,0.0,0.0,0.0,1.0,-1
"((Bilirubin_total <= 0.420) U[0,1] (SepsisLabel = 0.000))
",-9999999.000,-9999999.000,0.000,0.000,1.000,0,0,0,12,12,0,0,12,0.0,0.0,0.0,0.0,0.0,1.0,-1
"((Creatinine <= 0.221) U[2,2] (Platelets >= 15.596))
",0.221,0.221,0.000,0.000,1.000,0,0,0,12,12,0,0,12,0.0,0.0,0.0,0.0,0.0,1.0,-1
"((Chloride <= 22.964) U[0,2] (Potassium >= 0.139))
",-9999999.000,-9999999.000,0.000,0.000,1.000,0,0,0,12,12,0,0,12,0.0,0.0,0.0,0.0,0.0,1.0,-1
"F[0,2](Creatinine >= 0.006 & Potassium >= 0.303)
",-9999999.000,-9999999.000,0.000,0.000,1.000,0,0,0,12,12,0,0,12,0.0,0.0,0.0,0.0,0.0,1.0,-1
"F[0,2](AST <= 171.518 | BUN <= 15.357)
",-9999999.000,-9999999.000,0.000,0.000,1.000,0,0,0,12,12,0,0,12,0.0,0.0,0.0,0.0,0.0,1.0,-1
"F[2,2](MAP >= 27.412 -> SBP <= 123.390)
",-8682808275996385.000,-123.390,0.000,0.000,1.000,0,0,0,12,12,0,0,12,0.0,0.0,0.0,0.0,0.0,1.0,-1
"F[1,2](((Creatinine <= 0.172 -> PTT >= 0.698) & Hct <= 12.889) | Temp >= 0.751)
",-9999999.000,-9999999.000,0.000,0.000,1.000,0,0,0,12,12,0,0,12,0.0,0.0,0.0,0.0,0.0,1.0,-1
"F[0,2](((Calcium <= 7.662 | Platelets <= 45.806) | EtCO2 >= 1.952) | EtCO2 <= 69.612)
",-9999999.000,-9999999.000,0.000,0.000,1.000,0,0,0,12,12,0,0,12,0.0,0.0,0.0,0.0,0.0,1.0,-1
"F[0,2](((Glucose <= 39.376 | HCO3 <= 7.204) | Resp >= 0.736) -> SBP <= 4.173)
",-9999999.000,-9999999.000,0.000,0.000,1.000,0,0,0,12,12,0,0,12,0.0,0.0,0.0,0.0,0.0,1.0,-1
"F[1,2](((Glucose >= 7.383 -> Magnesium <= 0.561) & Bilirubin_direct <= 1.241) & Magnesium >= 0.113)
",-9999999.000,-9999999.000,0.000,0.000,1.000,0,0,0,12,12,0,0,12,0.0,0.0,0.0,0.0,0.0,1.0,-1
"F[1,2](Hgb <= 7.684 | Hct <= 29.682)
",-9999999.000,-9999999.000,0.000,0.000,1.000,0,0,0,12,12,0,0,12,0.0,0.0,0.0,0.0,0.0,1.0,-1
"F[1,2](((Calcium < 2.032 & Potassium < 2.684) & Magnesium < 1.661) & Phosphate < 4.333)
",-9999999.000,-9999999.000,0.000,0.000,1.000,0,0,0,12,12,0,0,12,0.0,0.0,0.0,0.0,0.0,1.0,-1
"F[0,0](((Hct <= 17.822 | HR <= 88.307) & Alkalinephos >= 43.529) | Magnesium <= 108.865)
",108.865,108.865,0.000,0.000,1.000,0,0,0,12,12,0,0,12,0.0,0.0,0.0,0.0,0.0,1.0,-1
"F[0,2]((Phosphate >= 0.268 & Magnesium > 0.107) -> Calcium < 5.609)
",-9999999.000,-9999999.000,0.000,0.000,1.000,0,0,0,12,12,0,0,12,0.0,0.0,0.0,0.0,0.0,1.0,-1
"((Phosphate >= 0.132) U[0,1] (SepsisLabel = 0.000))
",-9999999.000,-9999999.000,0.000,0.000,1.000,0,0,0,12,12,0,0,12,0.0,0.0,0.0,0.0,0.0,1.0,-1
"F[0,2](Resp > 11.197 & SepsisLabel = 0.000)
",-9999999.000,-9999999.000,0.000,0.000,1.000,0,0,0,12,12,0,0,12,0.0,0.0,0.0,0.0,0.0,1.0,-1
"((MAP >= 20.686) U[0,2] (SBP <= 121.825))
",-9999999.000,-9999999.000,0.000,0.000,1.000,0,0,0,12,12,0,0,12,0.0,0.0,0.0,0.0,0.0,1.0,-1
"F[1,2]((Phosphate >= 0.134 & Magnesium > 0.056) -> Calcium < 8.501)
",-9999999.000,-9999999.000,0.000,0.000,1.000,0,0,0,12,12,0,0,12,0.0,0.0,0.0,0.0,0.0,1.0,-1
"F[0,2](Hgb <= 8.347 | Hct <= 15.901)
",-9999999.000,-9999999.000,0.000,0.000,1.000,0,0,0,12,12,0,0,12,0.0,0.0,0.0,0.0,0.0,1.0,-1
"((MAP >= 51.878) U[2,2] (SBP <= 132.523))
",4662749895614702.000,132.523,0.000,0.000,1.000,0,0,0,12,12,0,0,12,0.0,0.0,0.0,0.0,0.0,1.0,-1
"F[2,2]((Calcium <= 7.085 & Potassium <= 3.044) & Magnesium >= 0.137)
",-4928723739910785.000,-0.137,0.000,0.000,1.000,0,0,0,12,12,0,0,12,0.0,0.0,0.0,0.0,0.0,1.0,-1
"((SepsisLabel < 0.000) U[0,1] (SepsisLabel = 0.000))
",-9999999.000,-9999999.000,0.000,0.000,1.000,0,0,0,12,12,0,0,12,0.0,0.0,0.0,0.0,0.0,1.0,-1
"F[0,1](Hgb <= 5.288 | Hct <= 12.557)
",-9999999.000,-9999999.000,0.000,0.000,1.000,0,0,0,12,12,0,0,12,0.0,0.0,0.0,0.0,0.0,1.0,-1
"F[0,2]((Glucose >= 7.798 & Phosphate <= 4.321) & SaO2 >= 0.326)
",-9999999.000,-9999999.000,0.000,0.000,1.000,0,0,0,12,12,0,0,12,0.0,0.0,0.0,0.0,0.0,1.0,-1
"((Chloride <= 84.337) U[0,2] (Phosphate <= 3.189))
",-9999999.000,-9999999.000,0.000,0.000,1.000,0,0,0,12,12,0,0,12,0.0,0.0,0.0,0.0,0.0,1.0,-1
"F[1,2](Hgb <= 5.651 & Resp >= 2.984)
",-9999999.000,-9999999.000,0.000,0.000,1.000,0,0,0,12,12,0,0,12,0.0,0.0,0.0,0.0,0.0,1.0,-1
"F[0,2]((AST <= 280.908 & Hct <= 17.059) | Glucose >= 3.594)
",-9999999.000,-9999999.000,0.000,0.000,1.000,0,0,0,12,12,0,0,12,0.0,0.0,0.0,0.0,0.0,1.0,-1
"F[1,2]((BUN >= 0.428 | HR >= 18.149) | Glucose <= 94.792)
",-9999999.000,-9999999.000,0.000,0.000,1.000,0,0,0,12,12,0,0,12,0.0,0.0,0.0,0.0,0.0,1.0,-1
"F[0,2](PaCO2 < 0.000 -> SepsisLabel = 0.000)
",-9999999.000,-9999999.000,0.000,0.000,1.000,0,0,0,12,12,0,0,12,0.0,0.0,0.0,0.0,0.0,1.0,-1
"F[0,0](WBC < 0.612 -> SepsisLabel = 0.000)
",0.206,1.313,0.000,0.000,1.000,0,0,0,12,12,0,0,12,0.0,0.0,0.0,0.0,0.0,1.0,-1
"F[1,2](Hgb <= 2.890 | Hct <= 25.690)
",-9999999.000,-9999999.000,0.000,0.000,1.000,0,0,0,12,12,0,0,12,0.0,0.0,0.0,0.0,0.0,1.0,-1
"F[0,0](Hgb <= 3.912 | Hct <= 32.992)
",4643274441504637.000,32.992,0.000,0.000,1.000,0,0,0,12,12,0,0,12,0.0,0.0,0.0,0.0,0.0,1.0,-1
"F[1,1](FiO2 >= 0.000 & SepsisLabel = 0.000)
",0.000,0.000,0.000,0.000,1.000,0,0,0,12,12,0,0,12,0.0,0.0,0.0,0.0,0.0,1.0,-1
"F[1,2]((Phosphate >= 0.061 & Magnesium > 0.060) -> Calcium < 3.872)
",-9999999.000,-9999999.000,0.000,0.000,1.000,0,0,0,12,12,0,0,12,0.0,0.0,0.0,0.0,0.0,1.0,-1
"F[1,2]((Calcium <= 7.810 & Potassium <= 1.006) & Magnesium >= 0.064)
",-9999999.000,-9999999.000,0.000,0.000,1.000,0,0,0,12,12,0,0,12,0.0,0.0,0.0,0.0,0.0,1.0,-1
"F[1,2](Hgb <= 8.045 | Hct <= 7.075)
",-9999999.000,-9999999.000,0.000,0.000,1.000,0,0,0,12,12,0,0,12,0.0,0.0,0.0,0.0,0.0,1.0,-1
"F[1,2]((Phosphate >= 0.313 & Magnesium > 0.019) -> Calcium < 1.004)
",-9999999.000,-9999999.000,0.000,0.000,1.000,0,0,0,12,12,0,0,12,0.0,0.0,0.0,0.0,0.0,1.0,-1
"F[2,2]((Calcium <= 2.740 & Potassium <= 2.206) & Magnesium >= 0.028)
",-3980443667578202.500,-0.028,0.000,0.000,1.000,0,0,0,12,12,0,0,12,0.0,0.0,0.0,0.0,0.0,1.0,-1
"F[0,2]((Phosphate >= 0.006 & Magnesium > 0.087) -> Calcium < 5.467)
",-9999999.000,-9999999.000,0.000,0.000,1.000,0,0,0,12,12,0,0,12,0.0,0.0,0.0,0.0,0.0,1.0,-1
"F[1,2](Lactate < 0.000 -> SepsisLabel = 0.000)
",-9999999.000,-9999999.000,0.000,0.000,1.000,0,0,0,12,12,0,0,12,0.0,0.0,0.0,0.0,0.0,1.0,-1
"F[1,2](Hgb <= 6.338 | Hct <= 6.943)
",-9999999.000,-9999999.000,0.000,0.000,1.000,0,0,0,12,12,0,0,12,0.0,0.0,0.0,0.0,0.0,1.0,-1
"F[1,2](((Calcium < 2.583 & Potassium < 2.340) & Magnesium < 0.413) & Phosphate < 2.874)
",-9999999.000,-9999999.000,0.000,0.000,1.000,0,0,0,12,12,0,0,12,0.0,0.0,0.0,0.0,0.0,1.0,-1
"F[1,2]((Phosphate >= 0.050 & Magnesium > 0.047) -> Calcium < 1.380)
",-9999999.000,-9999999.000,0.000,0.000,1.000,0,0,0,12,12,0,0,12,0.0,0.0,0.0,0.0,0.0,1.0,-1
"F[0,1]((Phosphate >= 0.080 & Magnesium > 0.120) -> Calcium < 2.308)
",-9999999.000,-9999999.000,0.000,0.000,1.000,0,0,0,12,12,0,0,12,0.0,0.0,0.0,0.0,0.0,1.0,-1
"F[0,0](Platelets >= 17.218 -> SepsisLabel = 0.000)
",0.302,1.435,0.000,0.000,1.000,0,0,0,12,12,0,0,12,0.0,0.0,0.0,0.0,0.0,1.0,-1
"((Creatinine >= 0.037) U[2,2] (SepsisLabel = 0.000))
",0.000,0.000,0.000,0.000,1.000,0,0,0,12,12,0,0,12,0.0,0.0,0.0,0.0,0.0,1.0,-1
"F[0,1]((Platelets >= 10.663 -> DBP <= 0.000) -> Hct <= 0.000)
",-9999999.000,-9999999.000,0.000,0.000,1.000,0,0,0,12,12,0,0,12,0.0,0.0,0.0,0.0,0.0,1.0,-1
"F[0,2]((Potassium >= 0.056 | SBP <= 139.035) -> Platelets >= 99.546)
",-9999999.000,-9999999.000,0.000,0.000,1.000,0,0,0,12,12,0,0,12,0.0,0.0,0.0,0.0,0.0,1.0,-1
"F[2,2]((PTT <= 15.403 -> AST <= 36.325) & BaseExcess >= 10.877)
",-5112287049200303.000,-36.325,0.000,0.000,1.000,0,0,0,12,12,0,0,12,0.0,0.0,0.0,0.0,0.0,1.0,-1
"G[2,2](((Hgb <= 9.829 | Hct <= 30.367) -> WBC >= 0.351) & Platelets >= 4.446)
",-8547433466352468.000,-30.367,0.000,1.000,0.000,0,0,12,0,0,12,12,0,0.0,0.0,1.0,0.0,0.0,1.0,1
"G[0,2](Chloride >= 7.644 & HCO3 >= 1.006)
",9999999.000,9999999.000,0.000,1.000,0.000,0,0,0,12,12,0,0,12,0.0,0.0,0.0,0.0,0.0,1.0,1
"G[0,1](Platelets <= 135.326 -> WBC >= 0.369)
",9999999.000,9999999.000,0.000,1.000,0.000,0,0,0,12,12,0,0,12,0.0,0.0,0.0,0.0,0.0,1.0,1
"G[2,2](Chloride >= 0.605 & HCO3 >= 1.824)
",-1.824,-1.824,0.000,1.000,0.000,0,0,12,0,0,12,12,0,0.0,0.0,1.0,0.0,0.0,1.0,1
"G[1,2](BUN <= 6.388 & Creatinine >= 0.029)
",9999999.000,9999999.000,0.000,1.000,0.000,0,0,0,12,12,0,0,12,0.0,0.0,0.0,0.0,0.0,1.0,1
"G[1,2](((Hgb <= 5.330 | Hct <= 29.539) -> WBC >= 0.063) & Platelets >= 19.434)
",9999999.000,9999999.000,0.000,1.000,0.000,0,0,1,11,11,1,1,11,0.0,0.0,1.0,0.0,0.0,1.0,1
"G[0,1](Platelets <= 20.195 -> WBC >= 0.298)
",9999999.000,9999999.000,0.000,1.000,0.000,0,0,0,12,12,0,0,12,0.0,0.0,0.0,0.0,0.0,1.0,1
"G[0,1](Chloride >= 1.905 & HCO3 >= 1.749)
",9999999.000,9999999.000,0.000,1.000,0.000,0,0,0,12,12,0,0,12,0.0,0.0,0.0,0.0,0.0,1.0,1
"G[0,0](BUN <= 12.025 & Creatinine >= 0.061)
",-0.303,-16.804,0.000,1.000,0.000,0,0,0,12,12,0,0,12,0.0,0.0,0.0,0.0,0.0,1.0,1
"G[1,2](((Hgb <= 5.771 | Hct <= 9.023) -> WBC >= 0.050) & Platelets >= 9.098)
",9999999.000,9999999.000,0.000,1.000,0.000,0,0,1,11,11,1,1,11,0.0,0.0,1.0,0.0,0.0,1.0,1
"G[0,2](Platelets <= 194.202 -> WBC >= 0.004)
",9999999.000,9999999.000,0.000,1.000,0.000,0,0,0,12,12,0,0,12,0.0,0.0,0.0,0.0,0.0,1.0,1
"G[0,1](Chloride >= 6.886 & HCO3 >= 2.012)
",9999999.000,9999999.000,0.000,1.000,0.000,0,0,0,12,12,0,0,12,0.0,0.0,0.0,0.0,0.0,1.0,1
"G[0,0](BUN <= 1.012 & Creatinine >= 0.006)
",-0.302,-17.671,0.000,1.000,0.000,0,0,0,12,12,0,0,12,0.0,0.0,0.0,0.0,0.0,1.0,1
"G[1,2](BUN <= 10.132 & Creatinine >= 0.023)
",9999999.000,9999999.000,0.000,1.000,0.000,0,0,1,11,11,1,1,11,0.0,0.0,1.0,0.0,0.0,1.0,1
"G[1,2](BUN <= 11.629 & Creatinine >= 0.016)
",9999999.000,9999999.000,0.000,1.000,0.000,0,0,1,11,11,1,1,11,0.0,0.0,1.0,0.0,0.0,1.0,1
"G[0,1](Chloride >= 6.361 & HCO3 >= 1.845)
",9999999.000,9999999.000,0.000,1.000,0.000,0,0,0,12,12,0,0,12,0.0,0.0,0.0,0.0,0.0,1.0,1
"G[0,1](((Hgb <= 5.891 | Hct <= 12.337) -> WBC >= 0.277) & Platelets >= 13.430)
",9999999.000,9999999.000,0.000,1.000,0.000,0,0,0,12,12,0,0,12,0.0,0.0,0.0,0.0,0.0,1.0,1
"G[0,2]((O2Sat <= 89.994 | SBP >= 38.336) -> Creatinine <= 139.934)
",9999999.000,9999999.000,0.000,1.000,0.000,0,0,12,0,0,12,12,0,0.0,0.0,1.0,0.0,0.0,1.0,1
"G[2,2]((Chloride <= 27.145 & WBC <= 2.759) | HR <= 3.403)
",7661904652094427.000,3.403,0.000,1.000,0.000,0,0,12,0,0,12,12,0,0.0,0.0,1.0,0.0,0.0,1.0,1
"G[2,2](((Platelets <= 172.247 | PTT <= 8.375) | TroponinI <= 19.280) -> Hct <= 1.898)
",-6060391850902541.000,-172.247,0.000,1.000,0.000,0,0,12,0,0,12,12,0,0.0,0.0,1.0,0.0,0.0,1.0,1
"G[1,2](Platelets >= 16.368 | Potassium >= 0.058)
",9999999.000,9999999.000,0.000,1.000,0.000,0,0,1,11,11,1,1,11,0.0,0.0,1.0,0.0,0.0,1.0,1
"G[1,2]((Calcium <= 3.571 & Glucose <= 26.501) & FiO2 <= 107.156)
",9999999.000,9999999.000,0.000,1.000,0.000,0,0,11,1,1,11,11,1,0.0,0.0,1.0,0.0,0.0,1.0,1
"G[0,2](HCO3 <= 24.533 & Potassium >= 0.089)
",9999999.000,9999999.000,0.000,1.000,0.000,0,0,0,12,12,0,0,12,0.0,0.0,0.0,0.0,0.0,1.0,1
"G[2,2](Magnesium >= 0.124 | Potassium <= 3.329)
",7495189368280463.000,3.329,0.000,1.000,0.000,0,0,12,0,0,12,12,0,0.0,0.0,1.0,0.0,0.0,1.0,1
"G[2,2](Creatinine >= 0.053 & Glucose <= 12.628)
",-7603259948357151.000,-0.053,0.000,1.000,0.000,0,0,12,0,0,12,12,0,0.0,0.0,1.0,0.0,0.0,1.0,1
"G[0,0](((Calcium <= 2.214 | HCO3 >= 0.415) -> Chloride <= 24.938) & BUN >= 0.128)
",-9.952,-24.205,0.000,1.000,0.000,0,0,0,12,12,0,0,12,0.0,0.0,0.0,0.0,0.0,1.0,1
"G[0,1](((Hgb <= 1.757 | Hct <= 7.808) -> WBC >= 0.270) & Platelets >= 14.975)
",9999999.000,9999999.000,0.000,1.000,0.000,0,0,0,12,12,0,0,12,0.0,0.0,0.0,0.0,0.0,1.0,1
"G[0,2](BUN <= 10.755 & Creatinine >= 0.026)
",9999999.000,9999999.000,0.000,1.000,0.000,0,0,0,12,12,0,0,12,0.0,0.0,0.0,0.0,0.0,1.0,1
"G[2,2](((HCO3 <= 19.146 | PTT >= 0.978) | FiO2 >= 0.103) & Magnesium >= 1.406)
",-6332511240245907.000,-1.406,0.000,1.000,0.000,0,0,12,0,0,12,12,0,0.0,0.0,1.0,0.0,0.0,1.0,1
"G[0,1](Platelets <= 248.490 -> WBC >= 0.050)
",9999999.000,9999999.000,0.000,1.000,0.000,0,0,0,12,12,0,0,12,0.0,0.0,0.0,0.0,0.0,1.0,1
"G[2,2](O2Sat >= 53.623 -> Temp >= 4.683)
",4.683,4.683,0.000,1.000,0.000,0,0,12,0,0,12,12,0,0.0,0.0,1.0,0.0,0.0,1.0,1
"G[1,2]((Phosphate >= 0.213 -> SBP >= 39.217) -> Fibrinogen <= 125.669)
",9999999.000,9999999.000,0.000,1.000,0.000,0,0,12,0,0,12,12,0,0.0,0.0,1.0,0.0,0.0,1.0,1
"G[0,0]((Creatinine >= 0.047 -> MAP >= 65.755) & EtCO2 >= 26.484)
",-3.979,-64.658,0.000,1.000,0.000,0,0,0,12,12,0,0,12,0.0,0.0,0.0,0.0,0.0,1.0,1
"G[0,1]((MAP >= 73.551 & PTT <= 16.778) & BaseExcess >= 0.828)
",9999999.000,9999999.000,0.000,1.000,0.000,0,0,0,12,12,0,0,12,0.0,0.0,0.0,0.0,0.0,1.0,1
"G[0,2]((HCO3 <= 14.355 -> MAP >= 48.738) | WBC <= 80.793)
",9999999.000,9999999.000,0.000,1.000,0.000,0,0,12,0,0,12,12,0,0.0,0.0,1.0,0.0,0.0,1.0,1
"G[1,2]((BUN >= 0.587 | O2Sat <= 98.689) | Resp >= 44.422)
",9999999.000,9999999.000,0.000,1.000,0.000,0,0,3,9,9,3,3,9,0.0,0.0,1.0,0.0,0.0,1.0,1
"G[1,2](Bilirubin_total <= 0.401 | MAP <= 80.452)
",9999999.000,9999999.000,0.000,1.000,0.000,0,0,11,1,1,11,11,1,0.0,0.0,1.0,0.0,0.0,1.0,1
"G[0,2]((Creatinine >= 0.040 | O2Sat >= 66.074) -> BaseExcess <= 96.908)
",9999999.000,9999999.000,0.000,1.000,0.000,0,0,12,0,0,12,12,0,0.0,0.0,1.0,0.0,0.0,1.0,1
"G[0,1](HCO3 <= 12.752 & O2Sat <= 88.143)
",9999999.000,9999999.000,0.000,1.000,0.000,0,0,0,12,12,0,0,12,0.0,0.0,0.0,0.0,0.0,1.0,1
"G[0,1](Glucose >= 7.977 & O2Sat <= 89.554)
",9999999.000,9999999.000,0.000,1.000,0.000,0,0,0,12,12,0,0,12,0.0,0.0,0.0,0.0,0.0,1.0,1
"G[0,1](((O2Sat <= 93.185 | Potassium >= 0.089) | SaO2 <= 1.816) -> Phosphate >= 0.191)
",9999999.000,9999999.000,0.000,1.000,0.000,0,0,0,12,12,0,0,12,0.0,0.0,0.0,0.0,0.0,1.0,1
"G[1,2]((Hct >= 3.988 & SBP >= 101.479) & BaseExcess <= 125.875)
",9999999.000,9999999.000,0.000,1.000,0.000,0,0,2,10,10,2,2,10,0.0,0.0,1.0,0.0,0.0,1.0,1
"G[0,2](((Hct <= 19.596 | MAP <= 94.286) & EtCO2 >= 14.185) -> Potassium >= 67.093)
",9999999.000,9999999.000,0.000,1.000,0.000,0,0,12,0,0,12,12,0,0.0,0.0,1.0,0.0,0.0,1.0,1
"G[0,2](Chloride >= 2.963 -> SBP >= 82.620)
",9999999.000,9999999.000,0.000,1.000,0.000,0,0,12,0,0,12,12,0,0.0,0.0,1.0,0.0,0.0,1.0,1
"G[2,2]((HCO3 >= 1.903 -> WBC >= 0.082) & Bilirubin_direct <= 2.490)
",5882548531333101.000,0.082,0.000,1.000,0.000,0,0,12,0,0,12,12,0,0.0,0.0,1.0,0.0,0.0,1.0,1
"G[0,1](((Magnesium <= 1.243 & WBC >= 0.204) -> Resp <= 5.084) -> Temp >= 0.452)
",9999999.000,9999999.000,0.000,1.000,0.000,0,0,0,12,12,0,0,12,0.0,0.0,0.0,0.0,0.0,1.0,1
"G[1,2](((Calcium <= 4.183 & Phosphate <= 1.921) & PaCO2 >= 0.106) -> Hct <= 2.719)
",9999999.000,9999999.000,0.000,1.000,0.000,0,0,12,0,0,12,12,0,0.0,0.0,1.0,0.0,0.0,1.0,1
"G[0,2](Platelets <= 184.250 -> WBC >= 0.414)
",9999999.000,9999999.000,0.000,1.000,0.000,0,0,0,12,12,0,0,12,0.0,0.0,0.0,0.0,0.0,1.0,1
"G[0,2](BUN <= 13.424 & Creatinine >= 0.018)
",9999999.000,9999999.000,0.000,1.000,0.000,0,0,0,12,12,0,0,12,0.0,0.0,0.0,0.0,0.0,1.0,1
"G[0,1](Platelets <= 128.196 -> WBC >= 0.437)
",9999999.000,9999999.000,0.000,1.000,0.000,0,0,0,12,12,0,0,12,0.0,0.0,0.0,0.0,0.0,1.0,1
"G[0,1](Chloride >= 6.960 & HCO3 >= 1.268)
",9999999.000,9999999.000,0.000,1.000,0.000,0,0,0,12,12,0,0,12,0.0,0.0,0.0,0.0,0.0,1.0,1
"G[0,1](BUN <= 1.308 & Creatinine >= 0.013)
",9999999.000,9999999.000,0.000,1.000,0.000,0,0,0,12,12,0,0,12,0.0,0.0,0.0,0.0,0.0,1.0,1
"G[0,1](Platelets <= 216.795 -> WBC >= 0.092)
",9999999.000,9999999.000,0.000,1.000,0.000,0,0,0,12,12,0,0,12,0.0,0.0,0.0,0.0,0.0,1.0,1
"G[1,1](BUN <= 6.205 & Creatinine >= 0.056)
",-8009823137971231.000,-0.056,0.000,1.000,0.000,0,0,0,12,12,0,0,12,0.0,0.0,0.0,0.0,0.0,1.0,1
"G[0,1](((Hgb <= 5.429 | Hct <= 28.706) -> WBC >= 0.018) & Platelets >= 16.962)
",9999999.000,9999999.000,0.000,1.000,0.000,0,0,0,12,12,0,0,12,0.0,0.0,0.0,0.0,0.0,1.0,1
"G[0,2](Chloride <= 81.152 & Glucose <= 98.755)
",9999999.000,9999999.000,0.000,1.000,0.000,0,0,10,2,2,10,10,2,0.0,0.0,1.0,0.0,0.0,1.0,1
"G[0,0](((Magnesium >= 0.102 | PTT >= 0.559) -> Temp <= 4.282) & BaseExcess >= 0.632)
",-0.628,-1.746,0.000,1.000,0.000,0,0,0,12,12,0,0,12,0.0,0.0,0.0,0.0,0.0,1.0,1
"F[1,2](Hgb <= 8.453 | Hct <= 31.762)
",-9999999.000,-9999999.000,0.000,0.000,1.000,0,0,0,12,12,0,0,12,0.0,0.0,0.0,0.0,0.0,1.0,-1
"G[0,2](((HR <= 77.141 -> SBP >= 8.627) -> Fibrinogen >= 46.683) | O2Sat >= 39.855)
",9999999.000,9999999.000,0.000,1.000,0.000,0,0,12,0,0,12,12,0,0.0,0.0,1.0,0.0,0.0,1.0,1
"G[0,1]((HCO3 >= 1.967 & O2Sat <= 88.911) & Lactate <= 96.296)
",9999999.000,9999999.000,0.000,1.000,0.000,0,0,0,12,12,0,0,12,0.0,0.0,0.0,0.0,0.0,1.0,1
"G[1,2]((SBP <= 136.042 & Temp <= 17.797) -> Alkalinephos >= 3.775)
",9999999.000,9999999.000,0.000,1.000,0.000,0,0,3,9,9,3,3,9,0.0,0.0,1.0,0.0,0.0,1.0,1
"G[0,2](Magnesium >= 0.090 | O2Sat >= 36.598)
",9999999.000,9999999.000,0.000,1.000,0.000,0,0,9,3,3,9,9,3,0.0,0.0,1.0,0.0,0.0,1.0,1
"G[1,2]((Phosphate >= 0.297 | SepsisLabel <= 0.000) | TroponinI <= 0.000)
",9999999.000,9999999.000,0.000,1.000,0.000,0,0,12,0,0,12,12,0,0.0,0.0,1.0,0.0,0.0,1.0,1
"G[1,2](((FiO2 <= 0.000 -> Glucose >= 4.274) -> HCO3 <= 22.633) & PTT <= 34.815)
",9999999.000,9999999.000,0.000,1.000,0.000,0,0,11,1,1,11,11,1,0.0,0.0,1.0,0.0,0.0,1.0,1
"G[2,2]((Lactate >= 0.000 & PaCO2 <= 0.000) | Magnesium >= 0.000)
",0.000,0.000,0.000,1.000,0.000,0,0,12,0,0,12,12,0,0.0,0.0,1.0,0.0,0.0,1.0,1
"G[1,2](((Platelets <= 122.494 & SaO2 <= 0.000) -> BaseExcess >= 0.000) -> Bilirubin_total >= 0.000)
",9999999.000,9999999.000,0.000,1.000,0.000,0,0,12,0,0,12,12,0,0.0,0.0,1.0,0.0,0.0,1.0,1
"G[0,2]((DBP >= 0.000 & WBC <= 4.595) & Glucose >= 0.393)
",9999999.000,9999999.000,0.000,1.000,0.000,0,0,0,12,12,0,0,12,0.0,0.0,0.0,0.0,0.0,1.0,1
"G[0,2](((BUN <= 13.354 -> Glucose >= 6.279) | BUN >= 7.065) & Hgb >= 5.440)
",9999999.000,9999999.000,0.000,1.000,0.000,0,0,0,12,12,0,0,12,0.0,0.0,0.0,0.0,0.0,1.0,1
"G[1,2](((Platelets >= 18.620 -> Fibrinogen <= 0.000) -> Lactate <= 0.000) -> WBC >= 0.000)
",9999999.000,9999999.000,0.000,1.000,0.000,0,0,12,0,0,12,12,0,0.0,0.0,1.0,0.0,0.0,1.0,1
"G[1,2]((Platelets <= 81.755 & BaseExcess <= 0.000) | DBP >= 0.000)
",9999999.000,9999999.000,0.000,1.000,0.000,0,0,12,0,0,12,12,0,0.0,0.0,1.0,0.0,0.0,1.0,1
"G[0,1](SepsisLabel >= 0.000 -> Magnesium >= 0.082)
",9999999.000,9999999.000,0.000,1.000,0.000,0,0,0,12,12,0,0,12,0.0,0.0,0.0,0.0,0.0,1.0,1
"G[1,2](Hgb >= 0.334 & Alkalinephos <= 52.626)
",9999999.000,9999999.000,0.000,1.000,0.000,0,0,1,11,11,1,1,11,0.0,0.0,1.0,0.0,0.0,1.0,1
"G[1,2](((Hgb >= 0.226 -> AST <= 143.747) | Hct <= 317.249) | SaO2 <= 148.047)
",9999999.000,9999999.000,0.000,1.000,0.000,0,0,12,0,0,12,12,0,0.0,0.0,1.0,0.0,0.0,1.0,1
"G[1,2](((Glucose <= 75.677 -> Glucose <= 79.886) | HR >= 1.661) | SBP >= 7.653)
",9999999.000,9999999.000,0.000,1.000,0.000,0,0,12,0,0,12,12,0,0.0,0.0,1.0,0.0,0.0,1.0,1
"G[2,2](BUN <= 1.797 | Magnesium <= 1.454)
",1.797,1.797,0.000,1.000,0.000,0,0,12,0,0,12,12,0,0.0,0.0,1.0,0.0,0.0,1.0,1
"G[0,2](((Hct <= 28.858 -> FiO2 <= 0.000) | Bilirubin_direct <= 0.000) -> BUN >= 0.000)
",9999999.000,9999999.000,0.000,1.000,0.000,0,0,12,0,0,12,12,0,0.0,0.0,1.0,0.0,0.0,1.0,1
"G[0,2](Creatinine <= 0.349 -> AST >= 0.280)
",9999999.000,9999999.000,0.000,1.000,0.000,0,0,0,12,12,0,0,12,0.0,0.0,0.0,0.0,0.0,1.0,1
"G[1,2](((SaO2 >= 0.000 -> pH >= 0.000) -> Bilirubin_direct >= 0.000) -> SepsisLabel >= 0.000)
",9999999.000,9999999.000,0.000,1.000,0.000,0,0,12,0,0,12,12,0,0.0,0.0,1.0,0.0,0.0,1.0,1
"G[0,2]((Potassium >= 0.221 | BUN <= 14.948) | Resp >= 0.835)
",9999999.000,9999999.000,0.000,1.000,0.000,0,0,12,0,0,12,12,0,0.0,0.0,1.0,0.0,0.0,1.0,1
"G[0,2](((Creatinine >= 0.058 | HCO3 >= 1.721) & SaO2 <= 12.365) -> Calcium <= 10.562)
",9999999.000,9999999.000,0.000,1.000,0.000,0,0,12,0,0,12,12,0,0.0,0.0,1.0,0.0,0.0,1.0,1
"G[2,2](((Hct >= 4.102 & Lactate <= 0.000) -> Calcium <= 0.000) & Temp >= 0.000)
",0.000,0.000,0.000,1.000,0.000,0,0,12,0,0,12,12,0,0.0,0.0,1.0,0.0,0.0,1.0,1
"G[0,2](SBP >= 77.526 | Creatinine <= 0.537)
",9999999.000,9999999.000,0.000,1.000,0.000,0,0,12,0,0,12,12,0,0.0,0.0,1.0,0.0,0.0,1.0,1
"G[2,2]((Platelets >= 15.765 -> O2Sat <= 88.622) -> BUN >= 30.364)
",4273285655552522.500,30.364,0.000,1.000,0.000,0,0,12,0,0,12,12,0,0.0,0.0,1.0,0.0,0.0,1.0,1
"G[0,2]((FiO2 >= 0.000 | BUN >= 0.685) -> Platelets >= 0.343)
",9999999.000,9999999.000,0.000,1.000,0.000,0,0,0,12,12,0,0,12,0.0,0.0,0.0,0.0,0.0,1.0,1
"G[0,2](SepsisLabel >= 0.000 -> Phosphate <= 0.855)
",9999999.000,9999999.000,0.000,1.000,0.000,0,0,10,2,2,10,10,2,0.0,0.0,1.0,0.0,0.0,1.0,1
"G[1,2](((Bilirubin_total >= 0.065 & BUN <= 14.638) -> Phosphate <= 5.333) -> Creatinine <= 13.929)
",9999999.000,9999999.000,0.000,1.000,0.000,0,0,12,0,0,12,12,0,0.0,0.0,1.0,0.0,0.0,1.0,1
"G[2,2](HCO3 >= 1.936 & SepsisLabel = 0.000)
",-8717449291435393.000,-1.936,0.000,1.000,0.000,0,0,12,0,0,12,12,0,0.0,0.0,1.0,0.0,0.0,1.0,1
"G[0,2]((Calcium >= 0.531 | FiO2 >= 0.000) | EtCO2 >= 0.000)
",9999999.000,9999999.000,0.000,1.000,0.000,0,0,12,0,0,12,12,0,0.0,0.0,1.0,0.0,0.0,1.0,1
"G[0,2](BUN >= 0.905 -> SepsisLabel = 0.000)
",9999999.000,9999999.000,0.000,1.000,0.000,0,0,12,0,0,12,12,0,0.0,0.0,1.0,0.0,0.0,1.0,1
"G[1,2](Calcium <= 3.057 & SepsisLabel = 0.000)
",9999999.000,9999999.000,0.000,1.000,0.000,0,0,11,1,1,11,11,1,0.0,0.0,1.0,0.0,0.0,1.0,1
"G[0,2](Creatinine <= 0.162 -> SepsisLabel = 0.000)
",9999999.000,9999999.000,0.000,1.000,0.000,0,0,12,0,0,12,12,0,0.0,0.0,1.0,0.0,0.0,1.0,1
"G[0,2](Fibrinogen > 0.000 -> SepsisLabel = 0.000)
",9999999.000,9999999.000,0.000,1.000,0.000,0,0,12,0,0,12,12,0,0.0,0.0,1.0,0.0,0.0,1.0,1
"G[1,2](PTT > 0.666 -> SepsisLabel = 0.000)
",9999999.000,9999999.000,0.000,1.000,0.000,0,0,12,0,0,12,12,0,0.0,0.0,1.0,0.0,0.0,1.0,1
"G[0,2](Alkalinephos <= 16.014 & SepsisLabel = 0.000)
",9999999.000,9999999.000,0.000,1.000,0.000,0,0,11,1,1,11,11,1,0.0,0.0,1.0,0.0,0.0,1.0,1
"G[1,2](AST >= 9.862 -> SepsisLabel = 0.000)
",9999999.000,9999999.000,0.000,1.000,0.000,0,0,12,0,0,12,12,0,0.0,0.0,1.0,0.0,0.0,1.0,1
"G[1,2](Glucose < 11.168 -> SepsisLabel = 0.000)
",9999999.000,9999999.000,0.000,1.000,0.000,0,0,12,0,0,12,12,0,0.0,0.0,1.0,0.0,0.0,1.0,1
"G[0,1](Lactate > 0.000 & SepsisLabel = 0.000)
",9999999.000,9999999.000,0.000,1.000,0.000,0,0,0,12,12,0,0,12,0.0,0.0,0.0,0.0,0.0,1.0,1
"G[1,2](Potassium <= 2.295 & SepsisLabel = 0.000)
",9999999.000,9999999.000,0.000,1.000,0.000,0,0,11,1,1,11,11,1,0.0,0.0,1.0,0.0,0.0,1.0,1
"G[0,2](Resp >= 5.282 -> SepsisLabel = 0.000)
",9999999.000,9999999.000,0.000,1.000,0.000,0,0,12,0,0,12,12,0,0.0,0.0,1.0,0.0,0.0,1.0,1
"G[0,0](BUN <= 9.035 & Creatinine >= 0.048)
",-0.302,-17.041,0.000,1.000,0.000,0,0,0,12,12,0,0,12,0.0,0.0,0.0,0.0,0.0,1.0,1
"G[1,2](pH <= 0.000 & Bilirubin_total >= 0.043)
",9999999.000,9999999.000,0.000,1.000,0.000,0,0,1,11,11,1,1,11,0.0,0.0,1.0,0.0,0.0,1.0,1
"G[0,2]((Hct >= 0.359 -> EtCO2 <= 0.000) | Magnesium >= 0.000)
",9999999.000,9999999.000,0.000,1.000,0.000,0,0,12,0,0,12,12,0,0.0,0.0,1.0,0.0,0.0,1.0,1
"G[2,2](Glucose >= 1.690 -> SBP <= 130.201)
",-130.201,-130.201,0.000,1.000,0.000,0,0,12,0,0,12,12,0,0.0,0.0,1.0,0.0,0.0,1.0,1
"G[0,2]((MAP >= 18.338 | pH <= 0.000) | Creatinine <= 0.000)
",9999999.000,9999999.000,0.000,1.000,0.000,0,0,12,0,0,12,12,0,0.0,0.0,1.0,0.0,0.0,1.0,1
"G[2,2](Resp >= 3.953 & AST <= 407.838)
",-3.953,-3.953,0.000,1.000,0.000,0,0,12,0,0,12,12,0,0.0,0.0,1.0,0.0,0.0,1.0,1
"G[0,2](AST >= 10.073 | SepsisLabel <= 0.000)
",9999999.000,9999999.000,0.000,1.000,0.000,0,0,12,0,0,12,12,0,0.0,0.0,1.0,0.0,0.0,1.0,1
"G[1,2](((HCO3 >= 0.153 -> Potassium >= 0.277) | FiO2 >= 0.060) & Lactate >= 0.246)
",9999999.000,9999999.000,0.000,1.000,0.000,0,0,0,12,12,0,0,12,0.0,0.0,0.0,0.0,0.0,1.0,1
"G[0,2](((DBP <= 0.000 & SBP <= 139.080) | HR <= 136.731) -> Hgb <= 130.480)
",9999999.000,9999999.000,0.000,1.000,0.000,0,0,12,0,0,12,12,0,0.0,0.0,1.0,0.0,0.0,1.0,1
"G[1,2](((Temp <= 10.392 | Bilirubin_total <= 1.082) | Calcium >= 0.051) -> Potassium <= 1.139)
",9999999.000,9999999.000,0.000,1.000,0.000,0,0,11,1,1,11,11,1,0.0,0.0,1.0,0.0,0.0,1.0,1
"G[0,2]((Phosphate <= 2.661 & HCO3 >= 0.159) -> AST <= 14.243)
",9999999.000,9999999.000,0.000,1.000,0.000,0,0,12,0,0,12,12,0,0.0,0.0,1.0,0.0,0.0,1.0,1
"G[0,2](((MAP <= 80.314 & PTT >= 1.863) | Magnesium <= 9.691) -> Resp <= 22.144)
",9999999.000,9999999.000,0.000,1.000,0.000,0,0,12,0,0,12,12,0,0.0,0.0,1.0,0.0,0.0,1.0,1
"G[1,2](Hgb >= 0.427 & PTT >= 0.538)
",9999999.000,9999999.000,0.000,1.000,0.000,0,0,1,11,11,1,1,11,0.0,0.0,1.0,0.0,0.0,1.0,1
"G[0,2]((SepsisLabel <= 0.000 | Calcium >= 0.386) & HR >= 0.202)
",9999999.000,9999999.000,0.000,1.000,0.000,0,0,9,3,3,9,9,3,0.0,0.0,1.0,0.0,0.0,1.0,1
"G[2,2](AST <= 243.501 & Resp <= 15.696)
",2945419174522476.500,15.696,0.000,1.000,0.000,0,0,12,0,0,12,12,0,0.0,0.0,1.0,0.0,0.0,1.0,1
"G[2,2]((Phosphate <= 3.272 -> Resp <= 16.979) -> SepsisLabel <= 12.988)
",-12.988,-12.988,0.000,1.000,0.000,0,0,12,0,0,12,12,0,0.0,0.0,1.0,0.0,0.0,1.0,1
"G[1,2](((Resp <= 15.874 | WBC >= 0.235) & Hct >= 0.458) | Glucose >= 0.009)
",9999999.000,9999999.000,0.000,1.000,0.000,0,0,2,10,10,2,2,10,0.0,0.0,1.0,0.0,0.0,1.0,1
"F[1,2]((Hgb >= 0.357 -> FiO2 <= 0.000) | SaO2 <= 0.000)
",-9999999.000,-9999999.000,0.000,0.000,1.000,0,0,0,12,12,0,0,12,0.0,0.0,0.0,0.0,0.0,1.0,-1
"F[1,2](((HR <= 75.680 -> Temp >= 2.086) & Bilirubin_direct <= 33.022) & pH <= 10.441)
",-9999999.000,-9999999.000,0.000,0.000,1.000,0,0,0,12,12,0,0,12,0.0,0.0,0.0,0.0,0.0,1.0,-1
"((PaCO2 <= 0.000) U[0,1] (SaO2 <= 0.000))
",-9999999.000,-9999999.000,0.000,0.000,1.000,0,0,0,12,12,0,0,12,0.0,0.0,0.0,0.0,0.0,1.0,-1
"F[1,1]((Hgb >= 0.243 -> MAP >= 14.970) -> Lactate <= 98.073)
",-6901275658300349.000,-98.073,0.000,0.000,1.000,0,0,0,12,12,0,0,12,0.0,0.0,0.0,0.0,0.0,1.0,-1
"F[2,2]((Fibrinogen >= 0.000 -> HCO3 <= 2.631) | Glucose <= 2.291)
",5158952853418573.000,2.291,0.000,0.000,1.000,0,0,0,12,12,0,0,12,0.0,0.0,0.0,0.0,0.0,1.0,-1
"F[0,1]((Platelets >= 13.444 -> SBP <= 122.786) | Phosphate <= 115.929)
",-9999999.000,-9999999.000,0.000,0.000,1.000,0,0,0,12,12,0,0,12,0.0,0.0,0.0,0.0,0.0,1.0,-1
"((Glucose >= 6.286) U[2,2] (MAP <= 97.433))
",97.433,97.433,0.000,0.000,1.000,0,0,0,12,12,0,0,12,0.0,0.0,0.0,0.0,0.0,1.0,-1
"F[0,1]((MAP >= 51.250 & Platelets <= 195.593) | Glucose <= 214.361)
",-9999999.000,-9999999.000,0.000,0.000,1.000,0,0,0,12,12,0,0,12,0.0,0.0,0.0,0.0,0.0,1.0,-1
"F[0,1](((HCO3 >= 0.043 | Platelets <= 102.074) -> MAP >= 2.714) & DBP <= 254.570)
",-9999999.000,-9999999.000,0.000,0.000,1.000,0,0,0,12,12,0,0,12,0.0,0.0,0.0,0.0,0.0,1.0,-1
"F[1,2](BaseExcess >= 0.000 | O2Sat <= 92.226)
",-9999999.000,-9999999.000,0.000,0.000,1.000,0,0,0,12,12,0,0,12,0.0,0.0,0.0,0.0,0.0,1.0,-1
"F[1,1](((Magnesium >= 0.027 -> SBP <= 124.116) | HR <= 132.875) | Hgb <= 115.288)
",132.875,132.875,0.000,0.000,1.000,0,0,0,12,12,0,0,12,0.0,0.0,0.0,0.0,0.0,1.0,-1
"F[0,1]((Calcium >= 0.204 | DBP >= 0.000) -> PTT >= 0.000)
",-9999999.000,-9999999.000,0.000,0.000,1.000,0,0,0,12,12,0,0,12,0.0,0.0,0.0,0.0,0.0,1.0,-1
"((PTT >= 1.266) U[0,2] (SBP <= 135.580))
",-9999999.000,-9999999.000,0.000,0.000,1.000,0,0,0,12,12,0,0,12,0.0,0.0,0.0,0.0,0.0,1.0,-1
"F[0,2]((Hct <= 7.182 | Calcium <= 1.148) | MAP >= 0.437)
",-9999999.000,-9999999.000,0.000,0.000,1.000,0,0,0,12,12,0,0,12,0.0,0.0,0.0,0.0,0.0,1.0,-1
"F[2,2]((Magnesium >= 0.078 -> HCO3 >= 0.576) | BaseExcess >= 0.002)
",5655566492608787.000,0.078,0.000,0.000,1.000,0,0,0,12,12,0,0,12,0.0,0.0,0.0,0.0,0.0,1.0,-1
"F[0,1](((Lactate >= 0.000 | FiO2 <= 0.000) -> Temp >= 0.000) -> Magnesium >= 0.000)
",-9999999.000,-9999999.000,0.000,0.000,1.000,0,0,0,12,12,0,0,12,0.0,0.0,0.0,0.0,0.0,1.0,-1
"F[2,2]((Potassium <= 2.636 & MAP >= 23.599) -> BaseExcess >= 58.139)
",23.599,23.599,0.000,0.000,1.000,0,0,0,12,12,0,0,12,0.0,0.0,0.0,0.0,0.0,1.0,-1
"F[0,1]((AST <= 78.308 & MAP <= 88.805) | Temp <= 90.407)
",-9999999.000,-9999999.000,0.000,0.000,1.000,0,0,0,12,12,0,0,12,0.0,0.0,0.0,0.0,0.0,1.0,-1
"G[2,2](((Temp <= 19.644 -> Resp <= 15.327) & Calcium >= 9.274) -> Fibrinogen <= 14.568)
",-8201056816193409.000,-14.568,0.000,1.000,0.000,0,0,12,0,0,12,12,0,0.0,0.0,1.0,0.0,0.0,1.0,1
"G[0,2]((Calcium <= 1.432 -> Alkalinephos <= 57.085) | AST <= 74.454)
",9999999.000,9999999.000,0.000,1.000,0.000,0,0,12,0,0,12,12,0,0.0,0.0,1.0,0.0,0.0,1.0,1
"G[2,2](((DBP <= 0.000 -> SepsisLabel <= 0.000) & FiO2 >= 0.000) | Creatinine >= 0.000)
",0.000,0.000,0.000,1.000,0.000,0,0,12,0,0,12,12,0,0.0,0.0,1.0,0.0,0.0,1.0,1
"G[2,2](SepsisLabel >= 0.000 & Calcium >= 0.637)
",-0.637,-0.637,0.000,1.000,0.000,0,0,12,0,0,12,12,0,0.0,0.0,1.0,0.0,0.0,1.0,1
"G[2,2](SepsisLabel >= 0.000 | WBC <= 3.306)
",3722175875075730.500,3.306,0.000,1.000,0.000,0,0,12,0,0,12,12,0,0.0,0.0,1.0,0.0,0.0,1.0,1
"G[0,2]((Lactate >= 0.000 & DBP <= 0.000) | PaCO2 >= 0.000)
",9999999.000,9999999.000,0.000,1.000,0.000,0,0,12,0,0,12,12,0,0.0,0.0,1.0,0.0,0.0,1.0,1
"G[0,2]((TroponinI <= 0.000 & HCO3 <= 5.342) | Fibrinogen >= 0.841)
",9999999.000,9999999.000,0.000,1.000,0.000,0,0,10,2,2,10,10,2,0.0,0.0,1.0,0.0,0.0,1.0,1
"G[0,2](Creatinine <= 0.533 -> Fibrinogen <= 0.000)
",9999999.000,9999999.000,0.000,1.000,0.000,0,0,12,0,0,12,12,0,0.0,0.0,1.0,0.0,0.0,1.0,1
"((Calcium <= 3.249) U[0,2] (SBP <= 135.307))
",-9999999.000,-9999999.000,0.000,0.000,1.000,0,0,0,12,12,0,0,12,0.0,0.0,0.0,0.0,0.0,1.0,-1
"G[1,2]((DBP <= 0.000 -> Chloride >= 2.777) | Magnesium >= 0.678)
",9999999.000,9999999.000,0.000,1.000,0.000,0,0,1,11,11,1,1,11,0.0,0.0,1.0,0.0,0.0,1.0,1
"G[1,2](Alkalinephos >= 1.324 | MAP >= 19.477)
",9999999.000,9999999.000,0.000,1.000,0.000,0,0,10,2,2,10,10,2,0.0,0.0,1.0,0.0,0.0,1.0,1
"F[1,1](((DBP <= 0.000 & SepsisLabel <= 0.000) | WBC <= 0.000) | BaseExcess >= 0.000)
",0.000,0.000,0.000,0.000,1.000,0,0,0,12,12,0,0,12,0.0,0.0,0.0,0.0,0.0,1.0,-1
"F[0,2]((BUN <= 12.128 & DBP >= 0.000) & BUN <= 0.000)
",-9999999.000,-9999999.000,0.000,0.000,1.000,0,0,0,12,12,0,0,12,0.0,0.0,0.0,0.0,0.0,1.0,-1
"F[0,2]((Bilirubin_direct <= 0.000 | FiO2 >= 0.000) & Resp >= 0.000)
",-9999999.000,-9999999.000,0.000,0.000,1.000,0,0,0,12,12,0,0,12,0.0,0.0,0.0,0.0,0.0,1.0,-1
"F[2,2]((BUN <= 4.489 | Resp <= 12.991) & MAP >= 8.704)
",-4900028304576150.000,-8.704,0.000,0.000,1.000,0,0,0,12,12,0,0,12,0.0,0.0,0.0,0.0,0.0,1.0,-1
"F[0,1](FiO2 <= 0.000 & PaCO2 >= 0.000)
",-9999999.000,-9999999.000,0.000,0.000,1.000,0,0,0,12,12,0,0,12,0.0,0.0,0.0,0.0,0.0,1.0,-1
"F[0,2](MAP <= 89.312 -> WBC >= 0.093)
",-9999999.000,-9999999.000,0.000,0.000,1.000,0,0,0,12,12,0,0,12,0.0,0.0,0.0,0.0,0.0,1.0,-1
"F[1,2](((Creatinine <= 0.202 & BaseExcess >= 0.000) -> FiO2 >= 0.000) & Lactate >= 0.000)
",-9999999.000,-9999999.000,0.000,0.000,1.000,0,0,0,12,12,0,0,12,0.0,0.0,0.0,0.0,0.0,1.0,-1
"F[0,1](((SaO2 >= 0.000 -> Hct >= 1.969) | Chloride <= 29.637) & Fibrinogen <= 12.151)
",-9999999.000,-9999999.000,0.000,0.000,1.000,0,0,0,12,12,0,0,12,0.0,0.0,0.0,0.0,0.0,1.0,-1
"((O2Sat <= 99.011) U[0,2] (SBP >= 70.190))
",-9999999.000,-9999999.000,0.000,0.000,1.000,0,0,0,12,12,0,0,12,0.0,0.0,0.0,0.0,0.0,1.0,-1
"((Bilirubin_direct >= 0.000) U[2,2] (AST <= 348.948))
",348.948,348.948,0.000,0.000,1.000,0,0,0,12,12,0,0,12,0.0,0.0,0.0,0.0,0.0,1.0,-1
"F[1,2]((Bilirubin_total >= 0.067 | SBP >= 43.936) -> O2Sat >= 113.792)
",-9999999.000,-9999999.000,0.000,0.000,1.000,0,0,0,12,12,0,0,12,0.0,0.0,0.0,0.0,0.0,1.0,-1
"F[1,2](Alkalinephos >= 0.269 & DBP <= 0.000)
",-9999999.000,-9999999.000,0.000,0.000,1.000,0,0,0,12,12,0,0,12,0.0,0.0,0.0,0.0,0.0,1.0,-1
"F[1,2](((Calcium <= 1.928 | pH <= 0.000) | DBP <= 0.000) & Potassium >= 0.000)
",-9999999.000,-9999999.000,0.000,0.000,1.000,0,0,0,12,12,0,0,12,0.0,0.0,0.0,0.0,0.0,1.0,-1
"F[1,1](((Creatinine >= 0.014 -> SBP >= 99.666) & Hct <= 135.884) | Hct <= 122.664)
",8631717780545759.000,122.664,0.000,0.000,1.000,0,0,0,12,12,0,0,12,0.0,0.0,0.0,0.0,0.0,1.0,-1
"F[0,2](((PTT >= 0.050 -> SBP <= 123.690) & SBP >= 5.531) | HR >= 104.349)
",-9999999.000,-9999999.000,0.000,0.000,1.000,0,0,0,12,12,0,0,12,0.0,0.0,0.0,0.0,0.0,1.0,-1
"F[0,2](Platelets <= 83.189 & SBP <= 128.373)
",-9999999.000,-9999999.000,0.000,0.000,1.000,0,0,0,12,12,0,0,12,0.0,0.0,0.0,0.0,0.0,1.0,-1
"F[0,0](HCO3 <= 21.831 | Resp <= 16.444)
",6144773655268317.000,21.831,0.000,0.000,1.000,0,0,0,12,12,0,0,12,0.0,0.0,0.0,0.0,0.0,1.0,-1
"F[1,2](((PTT <= 3.237 -> Resp >= 7.403) & BUN <= 13.341) | Magnesium <= 12.931)
",-9999999.000,-9999999.000,0.000,0.000,1.000,0,0,0,12,12,0,0,12,0.0,0.0,0.0,0.0,0.0,1.0,-1
"F[1,2]((AST >= 5.757 & Temp >= 6.642) -> Phosphate >= 0.808)
",-9999999.000,-9999999.000,0.000,0.000,1.000,0,0,0,12,12,0,0,12,0.0,0.0,0.0,0.0,0.0,1.0,-1
"F[2,2](((Glucose >= 0.141 -> Resp <= 14.005) | Magnesium <= 16.767) | Phosphate <= 16.613)
",4719519227695577.000,16.767,0.000,0.000,1.000,0,0,0,12,12,0,0,12,0.0,0.0,0.0,0.0,0.0,1.0,-1
"F[1,2](BUN <= 4.576 | SBP >= 57.152)
",-9999999.000,-9999999.000,0.000,0.000,1.000,0,0,0,12,12,0,0,12,0.0,0.0,0.0,0.0,0.0,1.0,-1
"F[1,1]((Alkalinephos >= 3.014 & SBP >= 3.479) | Bilirubin_total <= 136.026)
",4785999077662338.000,136.026,0.000,0.000,1.000,0,0,0,12,12,0,0,12,0.0,0.0,0.0,0.0,0.0,1.0,-1
"F[0,0]((Hgb <= 7.126 & SBP <= 130.475) -> Bilirubin_total <= 129.286)
",-122.797,-128.970,0.000,0.000,1.000,0,0,0,12,12,0,0,12,0.0,0.0,0.0,0.0,0.0,1.0,-1
"F[0,2](((BUN >= 0.918 -> Temp <= 10.089) | SBP >= 2.649) & Resp >= 1.634)
",-9999999.000,-9999999.000,0.000,0.000,1.000,0,0,0,12,12,0,0,12,0.0,0.0,0.0,0.0,0.0,1.0,-1
"F[0,1]((DBP <= 0.000 -> TroponinI >= 0.000) | Hct <= 0.000)
",-9999999.000,-9999999.000,0.000,0.000,1.000,0,0,0,12,12,0,0,12,0.0,0.0,0.0,0.0,0.0,1.0,-1
"F[2,2]((BUN >= 0.535 & MAP <= 91.423) -> WBC >= 29.744)
",0.535,0.535,0.000,0.000,1.000,0,0,0,12,12,0,0,12,0.0,0.0,0.0,0.0,0.0,1.0,-1
"G[1,2](Chloride <= 36.458 -> Phosphate <= 3.192)
",9999999.000,9999999.000,0.000,1.000,0.000,0,0,12,0,0,12,12,0,0.0,0.0,1.0,0.0,0.0,1.0,1
"G[0,1]((SepsisLabel >= 0.000 | Potassium >= 0.245) -> Temp >= 0.176)
",9999999.000,9999999.000,0.000,1.000,0.000,0,0,0,12,12,0,0,12,0.0,0.0,0.0,0.0,0.0,1.0,1
"G[0,1]((Alkalinephos <= 15.377 -> MAP <= 90.977) & Calcium >= 52.703)
",9999999.000,9999999.000,0.000,1.000,0.000,0,0,0,12,12,0,0,12,0.0,0.0,0.0,0.0,0.0,1.0,1
"G[0,2](((FiO2 <= 0.000 | Phosphate <= 3.730) | Bilirubin_direct <= 3.113) & MAP >= 0.204)
",9999999.000,9999999.000,0.000,1.000,0.000,0,0,9,3,3,9,9,3,0.0,0.0,1.0,0.0,0.0,1.0,1
"G[1,2](((HCO3 <= 3.258 & Hgb <= 4.686) & Bilirubin_total <= 8.266) & SBP <= 5.601)
",9999999.000,9999999.000,0.000,1.000,0.000,0,0,2,10,10,2,2,10,0.0,0.0,1.0,0.0,0.0,1.0,1
"G[0,2](((HR <= 92.840 | Potassium <= 0.988) & EtCO2 >= 0.085) -> Temp >= 0.223)
",9999999.000,9999999.000,0.000,1.000,0.000,0,0,12,0,0,12,12,0,0.0,0.0,1.0,0.0,0.0,1.0,1
"G[0,2](((Alkalinephos >= 2.596 & Platelets <= 137.739) & PaCO2 >= 11.175) & HCO3 <= 178.714)
",9999999.000,9999999.000,0.000,1.000,0.000,0,0,0,12,12,0,0,12,0.0,0.0,0.0,0.0,0.0,1.0,1
"G[1,2](((Bilirubin_total <= 1.116 & Phosphate <= 0.624) | Calcium >= 0.184) & FiO2 <= 0.726)
",9999999.000,9999999.000,0.000,1.000,0.000,0,0,12,0,0,12,12,0,0.0,0.0,1.0,0.0,0.0,1.0,1
"G[2,2](Bilirubin_total <= 0.535 -> WBC <= 4.581)
",-5158107904540505.000,-4.581,0.000,1.000,0.000,0,0,12,0,0,12,12,0,0.0,0.0,1.0,0.0,0.0,1.0,1
"G[1,2](((MAP <= 84.133 & Resp >= 9.997) -> Platelets <= 13.251) | Temp >= 2.153)
",9999999.000,9999999.000,0.000,1.000,0.000,0,0,12,0,0,12,12,0,0.0,0.0,1.0,0.0,0.0,1.0,1
"G[2,2]((Bilirubin_total >= 0.064 -> Glucose <= 76.264) & O2Sat >= 5.698)
",-5366581071098733.000,-76.264,0.000,1.000,0.000,0,0,12,0,0,12,12,0,0.0,0.0,1.0,0.0,0.0,1.0,1
"G[0,2](BUN <= 1.814 | PTT >= 0.087)
",9999999.000,9999999.000,0.000,1.000,0.000,0,0,12,0,0,12,12,0,0.0,0.0,1.0,0.0,0.0,1.0,1
"G[1,2]((Bilirubin_total >= 0.009 -> Chloride <= 90.738) | DBP <= 29.252)
",9999999.000,9999999.000,0.000,1.000,0.000,0,0,12,0,0,12,12,0,0.0,0.0,1.0,0.0,0.0,1.0,1
"G[1,2](((BUN >= 0.937 -> Calcium >= 0.153) | SBP <= 3.012) & SBP >= 0.191)
",9999999.000,9999999.000,0.000,1.000,0.000,0,0,10,2,2,10,10,2,0.0,0.0,1.0,0.0,0.0,1.0,1
"G[1,2](((AST >= 11.022 -> Calcium >= 0.103) | Calcium <= 3.345) | HR >= 0.368)
",9999999.000,9999999.000,0.000,1.000,0.000,0,0,12,0,0,12,12,0,0.0,0.0,1.0,0.0,0.0,1.0,1
"G[0,0]((AST >= 12.957 -> Potassium <= 2.906) & Hgb >= 0.045)
",-2.619,-2.606,0.000,1.000,0.000,0,0,0,12,12,0,0,12,0.0,0.0,0.0,0.0,0.0,1.0,1
"G[2,2]((BUN >= 0.967 -> Creatinine >= 0.049) & Potassium <= 0.332)
",0.049,0.049,0.000,1.000,0.000,0,0,12,0,0,12,12,0,0.0,0.0,1.0,0.0,0.0,1.0,1
"G[1,2](((AST >= 20.738 & Creatinine <= 0.562) -> FiO2 <= 0.587) & Hgb <= 0.143)
",9999999.000,9999999.000,0.000,1.000,0.000,0,0,11,1,1,11,11,1,0.0,0.0,1.0,0.0,0.0,1.0,1
"G[0,0]((Alkalinephos >= 1.009 & WBC <= 0.933) & SepsisLabel <= 0.774)
",-0.318,-19.110,0.000,1.000,0.000,0,0,0,12,12,0,0,12,0.0,0.0,0.0,0.0,0.0,1.0,1
"G[0,2](Magnesium <= 1.679 -> Phosphate <= 0.473)
",9999999.000,9999999.000,0.000,1.000,0.000,0,0,11,1,1,11,11,1,0.0,0.0,1.0,0.0,0.0,1.0,1
"G[0,2]((Hct <= 22.059 -> Resp >= 8.314) & Fibrinogen <= 13.443)
",9999999.000,9999999.000,0.000,1.000,0.000,0,0,9,3,3,9,9,3,0.0,0.0,1.0,0.0,0.0,1.0,1
"G[2,2](((HCO3 <= 3.024 & HR <= 95.864) & pH >= 52.560) & DBP <= 108.449)
",-52.560,-52.560,0.000,1.000,0.000,0,0,12,0,0,12,12,0,0.0,0.0,1.0,0.0,0.0,1.0,1
"G[0,2](TroponinI <= 0.000 -> Phosphate <= 2.293)
",9999999.000,9999999.000,0.000,1.000,0.000,0,0,10,2,2,10,10,2,0.0,0.0,1.0,0.0,0.0,1.0,1
"G[0,2]((DBP <= 0.000 | EtCO2 <= 0.000) | EtCO2 >= 0.000)
",9999999.000,9999999.000,0.000,1.000,0.000,0,0,12,0,0,12,12,0,0.0,0.0,1.0,0.0,0.0,1.0,1
"G[1,2]((DBP <= 0.000 | HR <= 96.053) & pH >= 52.711)
",9999999.000,9999999.000,0.000,1.000,0.000,0,0,0,12,12,0,0,12,0.0,0.0,0.0,0.0,0.0,1.0,1
"G[1,2](((Calcium >= 0.721 -> Resp <= 13.947) & Phosphate <= 13.690) & Phosphate >= 7.748)
",9999999.000,9999999.000,0.000,1.000,0.000,0,0,0,12,12,0,0,12,0.0,0.0,0.0,0.0,0.0,1.0,1
"G[0,0](((Chloride <= 103.631 -> Resp <= 14.536) | pH <= 16.335) -> Creatinine >= 11.145)
",-1.084,-22.628,0.000,1.000,0.000,0,0,0,12,12,0,0,12,0.0,0.0,0.0,0.0,0.0,1.0,1
"G[1,2](Hgb <= 2.649 & HR >= 70.748)
",9999999.000,9999999.000,0.000,1.000,0.000,0,0,9,3,3,9,9,3,0.0,0.0,1.0,0.0,0.0,1.0,1
"G[0,1](((Creatinine <= 0.302 -> Resp >= 5.078) & SaO2 >= 4.610) & Phosphate <= 14.574)
",9999999.000,9999999.000,0.000,1.000,0.000,0,0,0,12,12,0,0,12,0.0,0.0,0.0,0.0,0.0,1.0,1
"G[2,2](Hgb <= 5.562 -> PTT <= 21.760)
",-21.760,-21.760,0.000,1.000,0.000,0,0,12,0,0,12,12,0,0.0,0.0,1.0,0.0,0.0,1.0,1
"G[0,2](((Hgb >= 0.100 | Platelets >= 14.176) | SBP >= 13.577) & Platelets >= 7.038)
",9999999.000,9999999.000,0.000,1.000,0.000,0,0,0,12,12,0,0,12,0.0,0.0,0.0,0.0,0.0,1.0,1
"G[1,2]((Hct >= 4.989 | Magnesium <= 1.360) | Lactate >= 0.110)
",9999999.000,9999999.000,0.000,1.000,0.000,0,0,12,0,0,12,12,0,0.0,0.0,1.0,0.0,0.0,1.0,1
"G[1,2]((Calcium <= 3.033 -> WBC <= 1.657) -> SepsisLabel >= 0.201)
",9999999.000,9999999.000,0.000,1.000,0.000,0,0,0,12,12,0,0,12,0.0,0.0,0.0,0.0,0.0,1.0,1
"G[1,2]((Bilirubin_total <= 0.440 | Magnesium <= 1.356) | FiO2 <= 0.424)
",9999999.000,9999999.000,0.000,1.000,0.000,0,0,12,0,0,12,12,0,0.0,0.0,1.0,0.0,0.0,1.0,1
"G[1,2]((pH <= 0.000 -> pH >= 0.000) | Creatinine <= 0.000)
",9999999.000,9999999.000,0.000,1.000,0.000,0,0,12,0,0,12,12,0,0.0,0.0,1.0,0.0,0.0,1.0,1
"G[1,2]((Phosphate <= 0.383 -> WBC <= 1.591) & FiO2 <= 0.983)
",9999999.000,9999999.000,0.000,1.000,0.000,0,0,12,0,0,12,12,0,0.0,0.0,1.0,0.0,0.0,1.0,1
"G[2,2]((EtCO2 >= 0.000 -> PTT >= 1.753) & Temp >= 1.752)
",-7890182205821889.000,-1.752,0.000,1.000,0.000,0,0,12,0,0,12,12,0,0.0,0.0,1.0,0.0,0.0,1.0,1
"G[0,1]((Creatinine <= 0.295 & Alkalinephos <= 17.552) -> BaseExcess >= 2.396)
",9999999.000,9999999.000,0.000,1.000,0.000,0,0,0,12,12,0,0,12,0.0,0.0,0.0,0.0,0.0,1.0,1
"G[0,2](((EtCO2 <= 0.000 | Bilirubin_total >= 0.065) & Magnesium <= 0.878) -> DBP <= 0.547)
",9999999.000,9999999.000,0.000,1.000,0.000,0,0,12,0,0,12,12,0,0.0,0.0,1.0,0.0,0.0,1.0,1
"G[1,2](PTT <= 14.594 | AST >= 6.927)
",9999999.000,9999999.000,0.000,1.000,0.000,0,0,12,0,0,12,12,0,0.0,0.0,1.0,0.0,0.0,1.0,1
"G[0,2](Chloride >= 7.233 & HCO3 >= 1.847)
",9999999.000,9999999.000,0.000,1.000,0.000,0,0,0,12,12,0,0,12,0.0,0.0,0.0,0.0,0.0,1.0,1
"G[1,2](((AST >= 20.142 -> TroponinI <= 0.000) | PaCO2 <= 0.000) | WBC >= 0.000)
",9999999.000,9999999.000,0.000,1.000,0.000,0,0,12,0,0,12,12,0,0.0,0.0,1.0,0.0,0.0,1.0,1
"G[0,2](((Lactate >= 0.000 & BUN >= 0.534) & Creatinine >= 0.496) | Phosphate <= 2.800)
",9999999.000,9999999.000,0.000,1.000,0.000,0,0,12,0,0,12,12,0,0.0,0.0,1.0,0.0,0.0,1.0,1
"G[0,2](((AST <= 254.899 -> Potassium <= 1.828) | Glucose <= 0.976) -> MAP <= 1.613)
",9999999.000,9999999.000,0.000,1.000,0.000,0,0,0,12,12,0,0,12,0.0,0.0,0.0,0.0,0.0,1.0,1
"G[2,2]((pH >= 0.000 -> Bilirubin_direct >= 0.000) | Phosphate >= 0.000)
",0.000,0.000,0.000,1.000,0.000,0,0,12,0,0,12,12,0,0.0,0.0,1.0,0.0,0.0,1.0,1
"G[0,1](((Hct >= 4.540 -> Phosphate >= 0.091) | O2Sat <= 2.718) -> DBP >= 0.335)
",9999999.000,9999999.000,0.000,1.000,0.000,0,0,0,12,12,0,0,12,0.0,0.0,0.0,0.0,0.0,1.0,1
"G[0,1]((pH <= 0.000 | BUN >= 0.394) -> SaO2 >= 0.380)
",9999999.000,9999999.000,0.000,1.000,0.000,0,0,0,12,12,0,0,12,0.0,0.0,0.0,0.0,0.0,1.0,1
"G[1,2](((PTT <= 12.589 -> Lactate <= 0.000) | Glucose <= 0.000) | Alkalinephos <= 0.000)
",9999999.000,9999999.000,0.000,1.000,0.000,0,0,12,0,0,12,12,0,0.0,0.0,1.0,0.0,0.0,1.0,1
"G[1,2](DBP >= 0.000 | FiO2 >= 0.000)
",9999999.000,9999999.000,0.000,1.000,0.000,0,0,12,0,0,12,12,0,0.0,0.0,1.0,0.0,0.0,1.0,1
"G[0,2]((Hgb >= 0.385 | Hct <= 18.156) | PaCO2 >= 2.333)
",9999999.000,9999999.000,0.000,1.000,0.000,0,0,8,4,4,8,8,4,0.0,0.0,1.0,0.0,0.0,1.0,1
"G[1,2]((SepsisLabel <= 0.000 & Glucose <= 79.376) | Calcium <= 77.236)
",9999999.000,9999999.000,0.000,1.000,0.000,0,0,12,0,0,12,12,0,0.0,0.0,1.0,0.0,0.0,1.0,1
"G[2,2]((Creatinine >= 0.053 -> HR >= 62.090) & Alkalinephos >= 20.894)
",-20.894,-20.894,0.000,1.000,0.000,0,0,12,0,0,12,12,0,0.0,0.0,1.0,0.0,0.0,1.0,1
"G[0,1](((Chloride <= 77.258 -> Temp <= 29.683) -> Hct >= 2.239) | Bilirubin_total >= 4.930)
",9999999.000,9999999.000,0.000,1.000,0.000,0,0,0,12,12,0,0,12,0.0,0.0,0.0,0.0,0.0,1.0,1
"G[0,2](((PTT <= 3.177 | Temp <= 12.296) & Temp >= 7.525) -> Phosphate <= 8.866)
",9999999.000,9999999.000,0.000,1.000,0.000,0,0,12,0,0,12,12,0,0.0,0.0,1.0,0.0,0.0,1.0,1
"G[0,1](((HCO3 <= 12.698 -> Temp <= 27.782) & TroponinI >= 2.155) & PaCO2 >= 5.189)
",9999999.000,9999999.000,0.000,1.000,0.000,0,0,0,12,12,0,0,12,0.0,0.0,0.0,0.0,0.0,1.0,1
"G[1,2](Hct >= 6.465 -> Hgb <= 1.356)
",9999999.000,9999999.000,0.000,1.000,0.000,0,0,11,1,1,11,11,1,0.0,0.0,1.0,0.0,0.0,1.0,1
"G[1,2](((BUN >= 0.192 | Hgb >= 0.355) & Bilirubin_total >= 0.196) | Phosphate <= 0.694)
",9999999.000,9999999.000,0.000,1.000,0.000,0,0,12,0,0,12,12,0,0.0,0.0,1.0,0.0,0.0,1.0,1
"F[0,1]((Hct <= 18.483 | Alkalinephos >= 2.393) -> SaO2 <= 12.550)
",-9999999.000,-9999999.000,0.000,0.000,1.000,0,0,0,12,12,0,0,12,0.0,0.0,0.0,0.0,0.0,1.0,-1
