Rule,Discrimination Score,Pos Robustness,Neg Robustness,Percent Class +,Percent Class -,TP,TN,FP,FN,Actual Yes,Actual No,Predicted Yes,Predicted No,TPR/Sens,TNR/Spec,FPR,Precision,Accuracy,MCR,Class
"G[0,1]((EtCO2 >= 0.000 | Chloride <= 58.549) | Potassium <= 91.169)
",9999999.000,9999999.000,0.000,1.000,0.000,20,0,0,0,20,0,20,0,1.0,0.0,0.0,1.0,1.0,0.0,1
"F[0,1](((MAP <= 83.364 | Bilirubin_total >= 0.000) & Bilirubin_direct <= 0.000) -> Resp <= 0.000)
",-9999999.000,-9999999.000,0.000,0.000,1.000,20,0,0,0,20,0,20,0,1.0,0.0,0.0,1.0,1.0,0.0,-1
"G[0,0]((Creatinine <= 0.771 | Potassium >= 0.031) -> Temp >= 0.054)
",-59.172,-98.071,0.000,1.000,0.000,20,0,0,0,20,0,20,0,1.0,0.0,0.0,1.0,1.0,0.0,1
"G[1,1](((Magnesium >= 0.081 | Resp <= 17.265) & SepsisLabel <= 26.021) -> BaseExcess <= 16.928)
",-4859797065239270.000,-17.265,0.000,1.000,0.000,20,0,0,0,20,0,20,0,1.0,0.0,0.0,1.0,1.0,0.0,1
"G[1,1]((Creatinine <= 1.518 & SepsisLabel >= 0.000) | DBP <= 0.000)
",0.000,0.000,0.000,1.000,0.000,20,0,0,0,20,0,20,0,1.0,0.0,0.0,1.0,1.0,0.0,1
"G[0,1](((DBP <= 57.867 | Lactate <= 0.000) -> HCO3 <= 0.000) -> Phosphate <= 0.000)
",9999999.000,9999999.000,0.000,1.000,0.000,20,0,0,0,20,0,20,0,1.0,0.0,0.0,1.0,1.0,0.0,1
"G[0,1]((HCO3 <= 20.878 | O2Sat >= 31.382) | EtCO2 <= 97.708)
",9999999.000,9999999.000,0.000,1.000,0.000,20,0,0,0,20,0,20,0,1.0,0.0,0.0,1.0,1.0,0.0,1
"G[0,1](((BUN >= 0.913 -> SBP >= 102.633) -> Phosphate <= 116.995) | WBC >= 106.531)
",9999999.000,9999999.000,0.000,1.000,0.000,20,0,0,0,20,0,20,0,1.0,0.0,0.0,1.0,1.0,0.0,1
"G[0,0]((Chloride <= 96.351 -> Glucose >= 24.373) | Resp <= 186.672)
",30.977,130.922,0.000,1.000,0.000,20,0,0,0,20,0,20,0,1.0,0.0,0.0,1.0,1.0,0.0,1
"G[0,1]((BUN >= 0.753 -> MAP >= 69.569) | MAP <= 78.748)
",9999999.000,9999999.000,0.000,1.000,0.000,20,0,0,0,20,0,20,0,1.0,0.0,0.0,1.0,1.0,0.0,1
"G[1,1](((BaseExcess <= 1.411 | MAP <= 85.316) | pH <= 77.165) | BUN >= 74.783)
",3001803562883677.500,85.316,0.000,1.000,0.000,20,0,0,0,20,0,20,0,1.0,0.0,0.0,1.0,1.0,0.0,1
"((Bilirubin_direct > 0.000) U[1,2] (SepsisLabel = 0.000))
",-9999999.000,-9999999.000,0.000,0.000,1.000,20,0,0,0,20,0,20,0,1.0,0.0,0.0,1.0,1.0,0.0,-1
"F[0,0](((Calcium >= 0.186 & Resp >= 14.322) & Phosphate <= 24.497) & TroponinI >= 10.002)
",-5630432097300238.000,-10.002,0.000,0.000,1.000,20,0,0,0,20,0,20,0,1.0,0.0,0.0,1.0,1.0,0.0,-1
"G[0,0](((Chloride <= 26.327 | Magnesium >= 0.067) & SepsisLabel <= 1.644) | SaO2 <= 2.394)
",-0.241,-3.343,0.000,1.000,0.000,20,0,0,0,20,0,20,0,1.0,0.0,0.0,1.0,1.0,0.0,1
"((HCO3 >= 0.013) U[1,1] (PTT >= 3.058))
",-0.013,-0.013,0.000,0.000,1.000,20,0,0,0,20,0,20,0,1.0,0.0,0.0,1.0,1.0,0.0,-1
"F[0,0](((Hgb <= 2.075 & PaCO2 <= 12.905) -> Alkalinephos <= 31.234) -> Bilirubin_direct >= 1.191)
",3.187,1.111,0.000,0.000,1.000,20,0,0,0,20,0,20,0,1.0,0.0,0.0,1.0,1.0,0.0,-1
"F[0,1]((Hct <= 5.116 & Platelets >= 10.441) & Calcium <= 44.198)
",-9999999.000,-9999999.000,0.000,0.000,1.000,20,0,0,0,20,0,20,0,1.0,0.0,0.0,1.0,1.0,0.0,-1
"F[0,0](((SepsisLabel <= 0.000 | AST <= 0.000) | Bilirubin_direct <= 0.000) & MAP <= 0.000)
",-10.600,-116.900,0.000,0.000,1.000,20,0,0,0,20,0,20,0,1.0,0.0,0.0,1.0,1.0,0.0,-1
"F[0,1]((pH >= 1.293 -> WBC >= 0.226) & DBP <= 7.444)
",-9999999.000,-9999999.000,0.000,0.000,1.000,20,0,0,0,20,0,20,0,1.0,0.0,0.0,1.0,1.0,0.0,-1
"F[0,1]((PTT <= 83.719 -> FiO2 >= 0.172) & SepsisLabel >= 0.120)
",-9999999.000,-9999999.000,0.000,0.000,1.000,20,0,0,0,20,0,20,0,1.0,0.0,0.0,1.0,1.0,0.0,-1
"F[0,0]((Potassium >= 0.217 | PTT <= 64.065) & AST >= 2.556)
",0.185,3.186,0.000,0.000,1.000,20,0,0,0,20,0,20,0,1.0,0.0,0.0,1.0,1.0,0.0,-1
"F[0,1](Bilirubin_direct > 0.000 & SepsisLabel = 0.000)
",-9999999.000,-9999999.000,0.000,0.000,1.000,20,0,0,0,20,0,20,0,1.0,0.0,0.0,1.0,1.0,0.0,-1
"F[0,0]((SBP >= 108.324 & WBC >= 0.200) & Temp <= 5.405)
",-55.944,-92.720,0.000,0.000,1.000,20,0,0,0,20,0,20,0,1.0,0.0,0.0,1.0,1.0,0.0,-1
"F[1,1](((Magnesium <= 0.247 -> MAP <= 77.295) | Creatinine <= 81.526) -> Hgb >= 70.939)
",-5736901947891819.000,-81.526,0.000,0.000,1.000,20,0,0,0,20,0,20,0,1.0,0.0,0.0,1.0,1.0,0.0,-1
"G[1,1](((SepsisLabel >= 0.000 | Bilirubin_direct >= 0.000) | Potassium >= 0.000) -> AST <= 0.000)
",0.000,0.000,0.000,1.000,0.000,20,0,0,0,20,0,20,0,1.0,0.0,0.0,1.0,1.0,0.0,1
"F[0,1]((Creatinine >= 0.022 & SaO2 >= 7.206) & HR <= 45.310)
",-9999999.000,-9999999.000,0.000,0.000,1.000,20,0,0,0,20,0,20,0,1.0,0.0,0.0,1.0,1.0,0.0,-1
"G[0,0](((PaCO2 <= 22.634 & HCO3 >= 0.376) -> Temp >= 1.037) | BaseExcess >= 1.205)
",-1.205,-1.205,0.000,1.000,0.000,20,0,0,0,20,0,20,0,1.0,0.0,0.0,1.0,1.0,0.0,1
"G[0,1](((FiO2 >= 0.044 -> HR <= 106.381) & WBC >= 79.180) -> Bilirubin_direct >= 80.618)
",9999999.000,9999999.000,0.000,1.000,0.000,20,0,0,0,20,0,20,0,1.0,0.0,0.0,1.0,1.0,0.0,1
"G[0,1]((Hct <= 29.466 -> PaCO2 >= 6.540) -> PaCO2 >= 3.772)
",9999999.000,9999999.000,0.000,1.000,0.000,20,0,0,0,20,0,20,0,1.0,0.0,0.0,1.0,1.0,0.0,1
"G[0,1](SBP > 110.725 -> SepsisLabel = 0.000)
",9999999.000,9999999.000,0.000,1.000,0.000,20,0,0,0,20,0,20,0,1.0,0.0,0.0,1.0,1.0,0.0,1
"G[0,1](((Potassium >= 0.361 & AST <= 0.000) -> Fibrinogen >= 0.000) & Hgb >= 0.000)
",9999999.000,9999999.000,0.000,1.000,0.000,20,0,0,0,20,0,20,0,1.0,0.0,0.0,1.0,1.0,0.0,1
"G[0,1]((Resp <= 18.359 & WBC >= 0.008) -> Creatinine <= 5.640)
",9999999.000,9999999.000,0.000,1.000,0.000,20,0,0,0,20,0,20,0,1.0,0.0,0.0,1.0,1.0,0.0,1
"G[0,0](Potassium <= 3.777 -> SepsisLabel = 0.000)
",-2.980,-3.507,0.000,1.000,0.000,20,0,0,0,20,0,20,0,1.0,0.0,0.0,1.0,1.0,0.0,1
"G[1,1]((BUN <= 13.835 -> DBP <= 62.027) | pH <= 63.851)
",8986228607362901.000,63.851,0.000,1.000,0.000,20,0,0,0,20,0,20,0,1.0,0.0,0.0,1.0,1.0,0.0,1
"G[0,1](((AST <= 0.000 | PTT <= 62.605) & PTT <= 22.568) | FiO2 <= 20.210)
",9999999.000,9999999.000,0.000,1.000,0.000,20,0,0,0,20,0,20,0,1.0,0.0,0.0,1.0,1.0,0.0,1
"G[0,1]((Glucose >= 11.078 | EtCO2 >= 0.000) & HR >= 0.000)
",9999999.000,9999999.000,0.000,1.000,0.000,20,0,0,0,20,0,20,0,1.0,0.0,0.0,1.0,1.0,0.0,1
"G[1,1]((Glucose <= 112.473 | Magnesium >= 0.114) | Chloride <= 1.786)
",7914583813236747.000,112.473,0.000,1.000,0.000,20,0,0,0,20,0,20,0,1.0,0.0,0.0,1.0,1.0,0.0,1
"G[0,0]((PaCO2 <= 40.596 & pH <= 2.265) | AST <= 6.914)
",3.747,6.350,0.000,1.000,0.000,20,0,0,0,20,0,20,0,1.0,0.0,0.0,1.0,1.0,0.0,1
"G[1,1]((MAP >= 71.392 -> Bilirubin_direct >= 0.000) | Magnesium >= 0.000)
",0.000,0.000,0.000,1.000,0.000,20,0,0,0,20,0,20,0,1.0,0.0,0.0,1.0,1.0,0.0,1
"G[0,1](Creatinine <= 0.220 -> SepsisLabel = 0.000)
",9999999.000,9999999.000,0.000,1.000,0.000,20,0,0,0,20,0,20,0,1.0,0.0,0.0,1.0,1.0,0.0,1
"G[0,0](HCO3 > 0.944 -> SepsisLabel = 0.000)
",0.172,0.242,0.000,1.000,0.000,20,0,0,0,20,0,20,0,1.0,0.0,0.0,1.0,1.0,0.0,1
"G[1,1](((Glucose >= 18.272 -> Temp <= 38.217) | BUN <= 38.491) & Hgb <= 38.697)
",5417064843945394.000,38.491,0.000,1.000,0.000,20,0,0,0,20,0,20,0,1.0,0.0,0.0,1.0,1.0,0.0,1
"G[0,0]((Alkalinephos <= 0.000 -> Temp <= 38.482) | FiO2 <= 38.277)
",12.998,37.614,0.000,1.000,0.000,20,0,0,0,20,0,20,0,1.0,0.0,0.0,1.0,1.0,0.0,1
"G[1,1]((HCO3 >= 0.606 -> SBP >= 111.271) -> HCO3 <= 122.562)
",-8624550513889570.000,-122.562,0.000,1.000,0.000,20,0,0,0,20,0,20,0,1.0,0.0,0.0,1.0,1.0,0.0,1
"G[1,1](Phosphate <= 4.656 & PTT <= 61.699)
",5241726773011554.000,4.656,0.000,1.000,0.000,20,0,0,0,20,0,20,0,1.0,0.0,0.0,1.0,1.0,0.0,1
"G[1,1](PaCO2 >= 5.267 | BaseExcess <= 0.832)
",3747118262557533.500,0.832,0.000,1.000,0.000,20,0,0,0,20,0,20,0,1.0,0.0,0.0,1.0,1.0,0.0,1
"G[1,1](Magnesium <= 1.783 | Hgb >= 0.639)
",4014625095861174.500,1.783,0.000,1.000,0.000,20,0,0,0,20,0,20,0,1.0,0.0,0.0,1.0,1.0,0.0,1
"G[1,1]((Alkalinephos <= 0.000 | Phosphate >= 0.094) | EtCO2 <= 2.978)
",6704896777376354.000,2.978,0.000,1.000,0.000,20,0,0,0,20,0,20,0,1.0,0.0,0.0,1.0,1.0,0.0,1
"G[1,1]((MAP <= 83.651 | O2Sat >= 94.418) & Calcium <= 96.506)
",5886413670159858.000,83.651,0.000,1.000,0.000,20,0,0,0,20,0,20,0,1.0,0.0,0.0,1.0,1.0,0.0,1
"F[0,0]((Creatinine <= 0.175 -> HCO3 >= 0.794) & Glucose >= 0.156)
",-0.625,-0.277,0.000,0.000,1.000,19,0,0,1,20,0,19,1,0.95,0.0,0.0,1.0,0.95,0.050000000000000044,-1
"G[0,0](((Magnesium >= 0.067 -> Temp >= 37.249) & BUN <= 38.027) | Resp >= 35.636)
",4.759,20.114,0.000,1.000,0.000,19,0,0,1,20,0,19,1,0.95,0.0,0.0,1.0,0.95,0.050000000000000044,1
"F[0,1](Calcium >= 0.112 & Hct <= 27.236)
",-9999999.000,-9999999.000,0.000,0.000,1.000,19,0,0,1,20,0,19,1,0.95,0.0,0.0,1.0,0.95,0.050000000000000044,-1
"((BUN <= 16.588) U[0,0] (Chloride >= 0.736))
",4669204591433422.000,16.588,0.000,0.000,1.000,19,0,0,1,20,0,19,1,0.95,0.0,0.0,1.0,0.95,0.050000000000000044,-1
"((BaseExcess <= 1.367) U[0,0] (Chloride >= 0.046))
",1.197,1.692,0.000,0.000,1.000,19,0,0,1,20,0,19,1,0.95,0.0,0.0,1.0,0.95,0.050000000000000044,-1
"F[0,0]((FiO2 >= 0.008 -> Hgb >= 0.528) -> Fibrinogen >= 1.097)
",-0.135,-0.337,0.000,0.000,1.000,19,0,0,1,20,0,19,1,0.95,0.0,0.0,1.0,0.95,0.050000000000000044,-1
"((Phosphate > 0.010) U[1,1] (SepsisLabel = 0.000))
",0.000,0.000,0.000,0.000,1.000,19,0,0,1,20,0,19,1,0.95,0.0,0.0,1.0,0.95,0.050000000000000044,-1
"F[0,0]((Calcium <= 2.302 & Potassium <= 3.267) & Magnesium >= 0.108)
",-0.474,-0.209,0.000,0.000,1.000,19,0,0,1,20,0,19,1,0.95,0.0,0.0,1.0,0.95,0.050000000000000044,-1
"G[1,1](((Chloride >= 2.632 -> Temp <= 38.031) -> Chloride >= 35.780) -> pH >= 37.794)
",-5035566186175262.000,-35.780,0.000,1.000,0.000,19,0,0,1,20,0,19,1,0.95,0.0,0.0,1.0,0.95,0.050000000000000044,1
"G[1,1](O2Sat >= 59.844 & SepsisLabel = 0.000)
",-59.844,-59.844,0.000,1.000,0.000,19,0,0,1,20,0,19,1,0.95,0.0,0.0,1.0,0.95,0.050000000000000044,1
"F[0,1](Calcium <= 0.586 & WBC >= 0.431)
",-9999999.000,-9999999.000,0.000,0.000,1.000,19,0,0,1,20,0,19,1,0.95,0.0,0.0,1.0,0.95,0.050000000000000044,-1
"G[1,1]((Magnesium <= 1.546 & PaCO2 <= 25.602) | Platelets <= 40.642)
",40.642,40.642,0.000,1.000,0.000,19,0,0,1,20,0,19,1,0.95,0.0,0.0,1.0,0.95,0.050000000000000044,1
"G[1,1](((BaseExcess <= 1.356 | O2Sat >= 52.840) & Chloride <= 98.976) & SaO2 <= 99.295)
",6107477158884335.000,1.356,0.000,1.000,0.000,19,0,0,1,20,0,19,1,0.95,0.0,0.0,1.0,0.95,0.050000000000000044,1
"G[1,1](Creatinine <= 0.287 & AST <= 0.000)
",0.000,0.000,0.000,1.000,0.000,19,0,0,1,20,0,19,1,0.95,0.0,0.0,1.0,0.95,0.050000000000000044,1
"G[1,1](((pH >= 1.642 & Bilirubin_total >= 0.000) | MAP <= 0.000) | WBC <= 0.000)
",0.000,0.000,0.000,1.000,0.000,19,0,0,1,20,0,19,1,0.95,0.0,0.0,1.0,0.95,0.050000000000000044,1
"G[0,1](Glucose >= 1.256 -> PaCO2 >= 2.057)
",9999999.000,9999999.000,0.000,1.000,0.000,18,0,0,2,20,0,18,2,0.9,0.0,0.0,1.0,0.9,0.09999999999999998,1
"G[0,0]((SaO2 <= 55.749 | DBP >= 52.646) | PaCO2 >= 50.582)
",4.815,50.510,0.000,1.000,0.000,18,0,0,2,20,0,18,2,0.9,0.0,0.0,1.0,0.9,0.09999999999999998,1
"F[0,1]((Calcium <= 4.190 & Potassium <= 2.668) & Magnesium >= 0.062)
",-9999999.000,-9999999.000,0.000,0.000,1.000,18,0,0,2,20,0,18,2,0.9,0.0,0.0,1.0,0.9,0.09999999999999998,-1
"F[0,1]((Calcium <= 0.633 & Potassium <= 1.584) & Magnesium >= 0.124)
",-9999999.000,-9999999.000,0.000,0.000,1.000,18,0,0,2,20,0,18,2,0.9,0.0,0.0,1.0,0.9,0.09999999999999998,-1
"((Temp <= 38.349) U[0,1] (BUN >= 0.058))
",-9999999.000,-9999999.000,0.000,0.000,1.000,18,0,0,2,20,0,18,2,0.9,0.0,0.0,1.0,0.9,0.09999999999999998,-1
"F[1,1](AST >= 0.000 -> PTT >= 3.241)
",0.000,0.000,0.000,0.000,1.000,18,0,0,2,20,0,18,2,0.9,0.0,0.0,1.0,0.9,0.09999999999999998,-1
"((Creatinine <= 0.819) U[1,1] (PaCO2 >= 4.345))
",0.819,0.819,0.000,0.000,1.000,18,0,0,2,20,0,18,2,0.9,0.0,0.0,1.0,0.9,0.09999999999999998,-1
"G[0,0](Hct >= 1.306 -> Magnesium >= 0.079)
",5667259656149973.000,0.079,0.000,1.000,0.000,18,0,0,2,20,0,18,2,0.9,0.0,0.0,1.0,0.9,0.09999999999999998,1
"F[0,1]((HR >= 79.872 & PTT >= 3.638) & TroponinI <= 66.449)
",-9999999.000,-9999999.000,0.000,0.000,1.000,17,0,0,3,20,0,17,3,0.85,0.0,0.0,1.0,0.85,0.15000000000000002,-1
"G[0,0](Chloride >= 2.946 | Hgb <= 4.721)
",1.041,3.199,0.000,1.000,0.000,17,0,0,3,20,0,17,3,0.85,0.0,0.0,1.0,0.85,0.15000000000000002,1
"G[0,1](Chloride <= 33.097 & Magnesium <= 2.273)
",9999999.000,9999999.000,0.000,1.000,0.000,17,0,0,3,20,0,17,3,0.85,0.0,0.0,1.0,0.85,0.15000000000000002,1
"G[0,0](((Calcium >= 0.029 | Platelets >= 2.757) & SBP <= 147.615) -> Bilirubin_total >= 16.118)
",0.029,0.029,0.000,1.000,0.000,17,0,0,3,20,0,17,3,0.85,0.0,0.0,1.0,0.85,0.15000000000000002,1
"F[0,1](((Lactate >= 0.000 & PTT >= 1.033) -> O2Sat <= 68.932) -> Lactate >= 2.639)
",-9999999.000,-9999999.000,0.000,0.000,1.000,17,0,0,3,20,0,17,3,0.85,0.0,0.0,1.0,0.85,0.15000000000000002,-1
"((HCO3 <= 25.140) U[1,1] (Hgb >= 1.488))
",25.140,25.140,0.000,0.000,1.000,17,0,0,3,20,0,17,3,0.85,0.0,0.0,1.0,0.85,0.15000000000000002,-1
"((Glucose >= 8.911) U[1,1] (HR >= 76.512))
",-8.911,-8.911,0.000,0.000,1.000,17,0,0,3,20,0,17,3,0.85,0.0,0.0,1.0,0.85,0.15000000000000002,-1
"((Potassium > 0.235) U[1,2] (SepsisLabel = 0.000))
",-9999999.000,-9999999.000,0.000,0.000,1.000,17,0,0,3,20,0,17,3,0.85,0.0,0.0,1.0,0.85,0.15000000000000002,-1
"((Bilirubin_direct <= 0.000) U[0,1] (Magnesium >= 0.180))
",-9999999.000,-9999999.000,0.000,0.000,1.000,16,0,0,4,20,0,16,4,0.8,0.0,0.0,1.0,0.8,0.19999999999999996,-1
"G[0,0](BUN >= 0.501 | FiO2 <= 0.195)
",1.057,0.160,0.000,1.000,0.000,16,0,0,4,20,0,16,4,0.8,0.0,0.0,1.0,0.8,0.19999999999999996,1
"G[1,1](((HCO3 <= 18.735 & Magnesium >= 0.172) | Hct >= 0.117) -> Temp <= 1.580)
",-1.580,-1.580,0.000,1.000,0.000,16,0,0,4,20,0,16,4,0.8,0.0,0.0,1.0,0.8,0.19999999999999996,1
"G[1,1]((Creatinine <= 0.666 | O2Sat >= 28.403) & Glucose <= 96.393)
",0.666,0.666,0.000,1.000,0.000,16,0,0,4,20,0,16,4,0.8,0.0,0.0,1.0,0.8,0.19999999999999996,1
"F[0,0](((O2Sat <= 96.647 & Potassium <= 3.652) & Magnesium <= 2.858) | WBC >= 0.210)
",0.447,8.436,0.000,0.000,1.000,16,0,0,4,20,0,16,4,0.8,0.0,0.0,1.0,0.8,0.19999999999999996,-1
"F[0,1]((Glucose >= 5.100 & PTT >= 4.491) | EtCO2 >= 4.263)
",-9999999.000,-9999999.000,0.000,0.000,1.000,16,0,0,4,20,0,16,4,0.8,0.0,0.0,1.0,0.8,0.19999999999999996,-1
"F[0,0]((BaseExcess >= -4.860 | WBC >= 0.323) -> FiO2 >= 0.378)
",-0.559,-10.227,0.000,0.000,1.000,16,0,0,4,20,0,16,4,0.8,0.0,0.0,1.0,0.8,0.19999999999999996,-1
"((HR >= 78.118) U[0,1] (Magnesium >= 0.016))
",-9999999.000,-9999999.000,0.000,0.000,1.000,16,0,0,4,20,0,16,4,0.8,0.0,0.0,1.0,0.8,0.19999999999999996,-1
"G[0,1]((BaseExcess >= -0.218 | FiO2 <= 0.803) -> Platelets <= 0.258)
",9999999.000,9999999.000,0.000,1.000,0.000,16,0,0,4,20,0,16,4,0.8,0.0,0.0,1.0,0.8,0.19999999999999996,1
"((FiO2 >= 0.030) U[0,1] (Potassium >= 0.161))
",-9999999.000,-9999999.000,0.000,0.000,1.000,16,0,0,4,20,0,16,4,0.8,0.0,0.0,1.0,0.8,0.19999999999999996,-1
"F[0,1](BUN <= 4.131 -> PTT >= 2.405)
",-9999999.000,-9999999.000,0.000,0.000,1.000,16,0,0,4,20,0,16,4,0.8,0.0,0.0,1.0,0.8,0.19999999999999996,-1
"((SaO2 > 1.323) U[1,2] (SepsisLabel = 0.000))
",-9999999.000,-9999999.000,0.000,0.000,1.000,16,0,0,4,20,0,16,4,0.8,0.0,0.0,1.0,0.8,0.19999999999999996,-1
"F[0,1](Potassium >= 0.202 | WBC >= 0.453)
",-9999999.000,-9999999.000,0.000,0.000,1.000,16,0,0,4,20,0,16,4,0.8,0.0,0.0,1.0,0.8,0.19999999999999996,-1
"((Hct >= 0.807) U[1,2] (SBP >= 98.714))
",-9999999.000,-9999999.000,0.000,0.000,1.000,15,0,0,5,20,0,15,5,0.75,0.0,0.0,1.0,0.75,0.25,-1
"G[0,1](((PaCO2 <= 18.878 & SaO2 >= 7.179) -> WBC >= 9.068) -> SaO2 <= 72.062)
",9999999.000,9999999.000,0.000,1.000,0.000,15,0,0,5,20,0,15,5,0.75,0.0,0.0,1.0,0.75,0.25,1
"G[0,1]((Platelets <= 69.425 & Platelets <= 88.109) | DBP <= 34.492)
",9999999.000,9999999.000,0.000,1.000,0.000,15,0,0,5,20,0,15,5,0.75,0.0,0.0,1.0,0.75,0.25,1
"F[0,1](Platelets >= 7.578 & SepsisLabel = 0.000)
",-9999999.000,-9999999.000,0.000,0.000,1.000,15,0,0,5,20,0,15,5,0.75,0.0,0.0,1.0,0.75,0.25,-1
"((Hct >= 4.346) U[0,1] (SaO2 >= 2.481))
",-9999999.000,-9999999.000,0.000,0.000,1.000,15,0,0,5,20,0,15,5,0.75,0.0,0.0,1.0,0.75,0.25,-1
"((pH >= 0.805) U[0,0] (PaCO2 >= 5.698))
",-0.115,-0.123,0.000,0.000,1.000,14,0,0,6,20,0,14,6,0.7,0.0,0.0,1.0,0.7,0.30000000000000004,-1
"G[0,0](DBP >= 52.094 & O2Sat >= 72.789)
",0.838,6.066,0.000,1.000,0.000,13,0,0,7,20,0,13,7,0.65,0.0,0.0,1.0,0.65,0.35,1
"G[0,1](((Magnesium >= 0.141 | Temp <= 38.446) | Calcium >= 37.690) | SBP <= 38.227)
",9999999.000,9999999.000,0.000,1.000,0.000,13,0,0,7,20,0,13,7,0.65,0.0,0.0,1.0,0.65,0.35,1
"F[1,1]((Calcium >= 0.005 | FiO2 <= 0.688) & FiO2 >= 0.189)
",-6817849060046753.000,-0.189,0.000,0.000,1.000,12,0,0,8,20,0,12,8,0.6,0.0,0.0,1.0,0.6,0.4,-1
"((Calcium <= 6.330) U[0,1] (HR >= 80.692))
",-9999999.000,-9999999.000,0.000,0.000,1.000,11,0,0,9,20,0,11,9,0.55,0.0,0.0,1.0,0.55,0.44999999999999996,-1
"F[0,1]((SBP <= 130.040 -> Hgb >= 0.427) | HR <= 9.082)
",-9999999.000,-9999999.000,0.000,0.000,1.000,11,0,0,9,20,0,11,9,0.55,0.0,0.0,1.0,0.55,0.44999999999999996,-1
"((Calcium <= 7.457) U[0,1] (Temp <= 38.295))
",-9999999.000,-9999999.000,0.000,0.000,1.000,11,0,0,9,20,0,11,9,0.55,0.0,0.0,1.0,0.55,0.44999999999999996,-1
"G[0,1](SBP >= 109.749 & SepsisLabel = 0.000)
",9999999.000,9999999.000,0.000,1.000,0.000,11,0,0,9,20,0,11,9,0.55,0.0,0.0,1.0,0.55,0.44999999999999996,1
"((O2Sat <= 98.904) U[1,1] (PaCO2 <= 17.091))
",6959759506615889.000,98.904,0.000,0.000,1.000,10,0,0,10,20,0,10,10,0.5,0.0,0.0,1.0,0.5,0.5,-1
"F[1,1]((Bilirubin_direct <= 0.000 -> MAP <= 78.458) & Phosphate <= 82.724)
",-78.458,-78.458,0.000,0.000,1.000,8,0,0,12,20,0,8,12,0.4,0.0,0.0,1.0,0.4,0.6,-1
"((pH <= 5.573) U[1,1] (SaO2 <= 45.660))
",6426120394929006.000,45.660,0.000,0.000,1.000,8,0,0,12,20,0,8,12,0.4,0.0,0.0,1.0,0.4,0.6,-1
"((MAP <= 77.499) U[1,2] (WBC <= 5.017))
",-9999999.000,-9999999.000,0.000,0.000,1.000,8,0,0,12,20,0,8,12,0.4,0.0,0.0,1.0,0.4,0.6,-1
"F[0,1](Resp <= 17.071 & Bilirubin_total <= 0.000)
",-9999999.000,-9999999.000,0.000,0.000,1.000,7,0,0,13,20,0,7,13,0.35,0.0,0.0,1.0,0.35,0.65,-1
"((pH < 2.467) U[1,1] (SepsisLabel = 0.000))
",5555357286813298.000,2.467,0.000,0.000,1.000,7,0,0,13,20,0,7,13,0.35,0.0,0.0,1.0,0.35,0.65,-1
"F[0,1]((O2Sat >= 41.669 & Resp <= 17.136) -> Potassium >= 10.005)
",-9999999.000,-9999999.000,0.000,0.000,1.000,7,0,0,13,20,0,7,13,0.35,0.0,0.0,1.0,0.35,0.65,-1
"F[0,1](((Chloride <= 11.101 & Resp >= 14.998) & BUN <= 17.747) | FiO2 >= 11.344)
",-9999999.000,-9999999.000,0.000,0.000,1.000,6,0,0,14,20,0,6,14,0.3,0.0,0.0,1.0,0.3,0.7,-1
"((MAP >= 72.563) U[0,1] (SBP <= 120.346))
",-9999999.000,-9999999.000,0.000,0.000,1.000,6,0,0,14,20,0,6,14,0.3,0.0,0.0,1.0,0.3,0.7,-1
"((Bilirubin_total >= 0.000) U[0,1] (MAP >= 75.064))
",-9999999.000,-9999999.000,0.000,0.000,1.000,5,0,0,15,20,0,5,15,0.25,0.0,0.0,1.0,0.25,0.75,-1
"F[0,1](O2Sat < 99.869 & SepsisLabel = 0.000)
",-9999999.000,-9999999.000,0.000,0.000,1.000,5,0,0,15,20,0,5,15,0.25,0.0,0.0,1.0,0.25,0.75,-1
"G[0,0]((Platelets <= 60.304 -> SBP <= 133.507) -> Platelets >= 99.642)
",110.741,95.480,0.000,1.000,0.000,4,0,0,16,20,0,4,16,0.2,0.0,0.0,1.0,0.2,0.8,1
"G[0,0](((Bilirubin_direct <= 0.000 | Glucose >= 17.340) -> pH >= 5.129) & Glucose >= 3.736)
",-4206052016965334.500,-3.736,0.000,1.000,0.000,4,0,0,16,20,0,4,16,0.2,0.0,0.0,1.0,0.2,0.8,1
"((MAP >= 70.144) U[1,1] (O2Sat >= 10.870))
",-6119280076017836.000,-10.870,0.000,0.000,1.000,4,0,0,16,20,0,4,16,0.2,0.0,0.0,1.0,0.2,0.8,-1
"((MAP >= 70.385) U[1,2] (SBP <= 129.616))
",-9999999.000,-9999999.000,0.000,0.000,1.000,4,0,0,16,20,0,4,16,0.2,0.0,0.0,1.0,0.2,0.8,-1
"F[0,0](((Calcium < 5.472 & Potassium < 3.248) & Magnesium < 0.267) & Phosphate < 1.700)
",0.124,0.070,0.000,0.000,1.000,4,0,0,16,20,0,4,16,0.2,0.0,0.0,1.0,0.2,0.8,-1
"((MAP >= 69.614) U[1,2] (SBP <= 127.443))
",-9999999.000,-9999999.000,0.000,0.000,1.000,3,0,0,17,20,0,3,17,0.15,0.0,0.0,1.0,0.15,0.85,-1
"F[0,1]((HR <= 99.839 | O2Sat <= 96.076) & MAP >= 74.572)
",-9999999.000,-9999999.000,0.000,0.000,1.000,3,0,0,17,20,0,3,17,0.15,0.0,0.0,1.0,0.15,0.85,-1
"F[0,0](((Calcium < 6.814 & Potassium < 3.796) & Magnesium < 2.121) & Phosphate < 1.784)
",1.462,1.395,0.000,0.000,1.000,3,0,0,17,20,0,3,17,0.15,0.0,0.0,1.0,0.15,0.85,-1
"F[1,1](Hgb <= 7.169 | Hct <= 5.827)
",8071923058029325.000,7.169,0.000,0.000,1.000,3,0,0,17,20,0,3,17,0.15,0.0,0.0,1.0,0.15,0.85,-1
"F[0,0](((Calcium < 4.145 & Potassium < 3.980) & Magnesium < 1.165) & Phosphate < 1.703)
",1.198,0.869,0.000,0.000,1.000,3,0,0,17,20,0,3,17,0.15,0.0,0.0,1.0,0.15,0.85,-1
"((Platelets < 55.328) U[1,1] (SepsisLabel = 0.000))
",7786714367665085.000,55.328,0.000,0.000,1.000,3,0,0,17,20,0,3,17,0.15,0.0,0.0,1.0,0.15,0.85,-1
"F[1,1](Hgb <= 1.665 | Hct <= 9.450)
",2660018002477549.000,9.450,0.000,0.000,1.000,3,0,0,17,20,0,3,17,0.15,0.0,0.0,1.0,0.15,0.85,-1
"F[0,0](Platelets <= 22.667 & WBC <= 8.493)
",0.132,2.608,0.000,0.000,1.000,3,0,0,17,20,0,3,17,0.15,0.0,0.0,1.0,0.15,0.85,-1
"F[1,1](TroponinI <= 0.000 -> Hgb <= 7.340)
",-7.340,-7.340,0.000,0.000,1.000,3,0,0,17,20,0,3,17,0.15,0.0,0.0,1.0,0.15,0.85,-1
"F[0,0]((Phosphate >= 0.062 | Platelets >= 1.958) -> TroponinI >= 0.796)
",-0.336,-0.253,0.000,0.000,1.000,3,0,0,17,20,0,3,17,0.15,0.0,0.0,1.0,0.15,0.85,-1
"F[0,1]((Fibrinogen >= 0.000 -> FiO2 <= 0.471) & Chloride <= 0.953)
",-9999999.000,-9999999.000,0.000,0.000,1.000,3,0,0,17,20,0,3,17,0.15,0.0,0.0,1.0,0.15,0.85,-1
"F[0,0](((PTT <= 17.840 -> pH <= 7.398) & WBC <= 1.772) | Phosphate >= 0.170)
",0.192,0.145,0.000,0.000,1.000,3,0,0,17,20,0,3,17,0.15,0.0,0.0,1.0,0.15,0.85,-1
"G[0,0](FiO2 >= 0.149 & Magnesium <= 1.533)
",-0.176,-0.065,0.000,1.000,0.000,3,0,0,17,20,0,3,17,0.15,0.0,0.0,1.0,0.15,0.85,1
"G[0,0](MAP >= 69.682 & Potassium >= 0.371)
",-0.086,-0.101,0.000,1.000,0.000,3,0,0,17,20,0,3,17,0.15,0.0,0.0,1.0,0.15,0.85,1
"G[0,0](Platelets <= 67.094 -> WBC >= 0.457)
",-16.562,-68.036,0.000,1.000,0.000,3,0,0,17,20,0,3,17,0.15,0.0,0.0,1.0,0.15,0.85,1
"G[0,0](((Hgb <= 10.145 | Hct <= 9.121) -> WBC >= 0.145) & Platelets >= 10.310)
",-0.895,-15.150,0.000,1.000,0.000,2,0,0,18,20,0,2,18,0.1,0.0,0.0,1.0,0.1,0.9,1
"G[1,1](((Hgb <= 5.623 | Hct <= 20.645) -> WBC >= 0.449) & Platelets >= 15.605)
",-2905545229084589.500,-20.645,0.000,1.000,0.000,2,0,0,18,20,0,2,18,0.1,0.0,0.0,1.0,0.1,0.9,1
"G[1,1](Platelets <= 107.749 -> WBC >= 0.337)
",-7582188599934350.000,-107.749,0.000,1.000,0.000,2,0,0,18,20,0,2,18,0.1,0.0,0.0,1.0,0.1,0.9,1
"G[1,1](((Hgb <= 7.201 | Hct <= 7.264) -> WBC >= 0.424) & Platelets >= 15.949)
",-15.949,-15.949,0.000,1.000,0.000,2,0,0,18,20,0,2,18,0.1,0.0,0.0,1.0,0.1,0.9,1
"F[0,1]((Hgb <= 1.911 & MAP >= 70.168) & Bilirubin_direct <= 80.875)
",-9999999.000,-9999999.000,0.000,0.000,1.000,2,0,0,18,20,0,2,18,0.1,0.0,0.0,1.0,0.1,0.9,-1
"F[1,1](((Calcium < 3.142 & Potassium < 1.418) & Magnesium < 1.379) & Phosphate < 5.084)
",1.379,1.379,0.000,0.000,1.000,2,0,0,18,20,0,2,18,0.1,0.0,0.0,1.0,0.1,0.9,-1
"((MAP >= 70.502) U[0,1] (SBP <= 125.287))
",-9999999.000,-9999999.000,0.000,0.000,1.000,2,0,0,18,20,0,2,18,0.1,0.0,0.0,1.0,0.1,0.9,-1
"F[0,0]((Creatinine <= 0.525 & Platelets >= 16.089) -> pH >= 7.713)
",22.864,7.535,0.000,0.000,1.000,2,0,0,18,20,0,2,18,0.1,0.0,0.0,1.0,0.1,0.9,-1
"F[0,0](((Phosphate >= 0.010 -> HCO3 <= 8.610) & Hct <= 18.620) | Potassium >= 0.502)
",-0.197,-0.232,0.000,0.000,1.000,2,0,0,18,20,0,2,18,0.1,0.0,0.0,1.0,0.1,0.9,-1
"((Glucose <= 198.141) U[1,1] (HCO3 <= 15.727))
",6971475303748353.000,198.141,0.000,0.000,1.000,2,0,0,18,20,0,2,18,0.1,0.0,0.0,1.0,0.1,0.9,-1
"F[1,1](((Hct >= 4.276 | Temp >= 37.021) | Potassium >= 37.270) | SBP <= 38.089)
",5360589719080622.000,38.089,0.000,0.000,1.000,2,0,0,18,20,0,2,18,0.1,0.0,0.0,1.0,0.1,0.9,-1
"G[1,1](Platelets <= 46.203 -> WBC >= 0.372)
",-46.203,-46.203,0.000,1.000,0.000,2,0,0,18,20,0,2,18,0.1,0.0,0.0,1.0,0.1,0.9,1
"G[0,0](Chloride >= 0.300 & HCO3 >= 0.951)
",-0.808,-1.051,0.000,1.000,0.000,1,0,0,19,20,0,1,19,0.05,0.0,0.0,1.0,0.05,0.95,1
"G[0,0](((Hgb <= 7.469 -> SBP >= 93.309) | EtCO2 >= 113.404) -> SaO2 >= 103.112)
",0.100,1.111,0.000,1.000,0.000,1,0,0,19,20,0,1,19,0.05,0.0,0.0,1.0,0.05,0.95,1
"F[1,1](((BUN >= 0.608 | Magnesium <= 1.171) -> DBP <= 0.372) -> AST >= 0.191)
",6869840582966334.000,0.191,0.000,0.000,1.000,1,0,0,19,20,0,1,19,0.05,0.0,0.0,1.0,0.05,0.95,-1
"((Magnesium <= 2.237) U[1,2] (Platelets <= 117.552))
",-9999999.000,-9999999.000,0.000,0.000,1.000,1,0,0,19,20,0,1,19,0.05,0.0,0.0,1.0,0.05,0.95,-1
"F[0,1](((BUN >= 1.059 | Resp >= 16.201) -> Lactate <= 16.424) -> Resp >= 10.523)
",-9999999.000,-9999999.000,0.000,0.000,1.000,1,0,0,19,20,0,1,19,0.05,0.0,0.0,1.0,0.05,0.95,-1
"F[1,1]((Calcium >= 0.004 | SBP >= 93.463) & Fibrinogen <= 129.135)
",-0.004,-0.004,0.000,0.000,1.000,1,0,0,19,20,0,1,19,0.05,0.0,0.0,1.0,0.05,0.95,-1
"((Resp <= 21.573) U[1,2] (Temp >= 36.559))
",-9999999.000,-9999999.000,0.000,0.000,1.000,1,0,0,19,20,0,1,19,0.05,0.0,0.0,1.0,0.05,0.95,-1
"F[0,0](Calcium <= 5.852 | SBP <= 117.207)
",91.835,79.179,0.000,0.000,1.000,1,0,0,19,20,0,1,19,0.05,0.0,0.0,1.0,0.05,0.95,-1
"F[0,0](((DBP >= 50.396 -> BUN <= 1.608) & DBP >= 0.641) & FiO2 <= 21.999)
",-5.145,-25.979,0.000,0.000,1.000,1,0,0,19,20,0,1,19,0.05,0.0,0.0,1.0,0.05,0.95,-1
"F[0,1](BUN <= 16.634 & PaCO2 <= 14.184)
",-9999999.000,-9999999.000,0.000,0.000,1.000,1,0,0,19,20,0,1,19,0.05,0.0,0.0,1.0,0.05,0.95,-1
"((Calcium <= 0.647) U[0,0] (Hgb <= 8.858))
",1.914,6.806,0.000,0.000,1.000,1,0,0,19,20,0,1,19,0.05,0.0,0.0,1.0,0.05,0.95,-1
"F[0,0](Hgb <= 7.927 | Hct <= 29.065)
",8181103060075219.000,29.065,0.000,0.000,1.000,1,0,0,19,20,0,1,19,0.05,0.0,0.0,1.0,0.05,0.95,-1
"F[1,1](DBP >= 47.892 | Potassium >= 0.231)
",-0.231,-0.231,0.000,0.000,1.000,1,0,0,19,20,0,1,19,0.05,0.0,0.0,1.0,0.05,0.95,-1
"F[0,0]((Phosphate >= 0.046 & Magnesium > 0.159) -> Calcium < 4.453)
",-4.453,-4.453,0.000,0.000,1.000,1,0,0,19,20,0,1,19,0.05,0.0,0.0,1.0,0.05,0.95,-1
"G[0,0](Chloride >= 0.541 & HCO3 >= 0.758)
",-0.660,-0.858,0.000,1.000,0.000,1,0,0,19,20,0,1,19,0.05,0.0,0.0,1.0,0.05,0.95,1
"((O2Sat >= 41.634) U[0,1] (SBP >= 99.530))
",-9999999.000,-9999999.000,0.000,0.000,1.000,1,0,0,19,20,0,1,19,0.05,0.0,0.0,1.0,0.05,0.95,-1
"G[0,0](BUN >= 0.181 & Glucose >= 12.348)
",-6951377389800300.000,-12.348,0.000,1.000,0.000,1,0,0,19,20,0,1,19,0.05,0.0,0.0,1.0,0.05,0.95,1
"G[1,1](((Hgb <= 10.166 | Hct <= 12.202) -> WBC >= 0.114) & Platelets >= 10.866)
",-6869187210314812.000,-12.202,0.000,1.000,0.000,1,0,0,19,20,0,1,19,0.05,0.0,0.0,1.0,0.05,0.95,1
"G[0,0](((DBP <= 64.444 -> PTT >= 4.472) -> Calcium <= 9.726) -> Calcium >= 4.370)
",4.370,4.370,0.000,1.000,0.000,1,0,0,19,20,0,1,19,0.05,0.0,0.0,1.0,0.05,0.95,1
"G[0,0](Chloride >= 3.666 & HCO3 >= 0.883)
",-2.539,-3.488,0.000,1.000,0.000,1,0,0,19,20,0,1,19,0.05,0.0,0.0,1.0,0.05,0.95,1
"F[0,1](Resp < 21.926 -> SepsisLabel = 0.000)
",-9999999.000,-9999999.000,0.000,0.000,1.000,0,0,0,20,20,0,0,20,0.0,0.0,0.0,0.0,0.0,1.0,-1
"F[2,2](Platelets >= 4.779 -> Phosphate <= 5.009)
",-5.009,-5.009,0.000,0.000,1.000,0,0,0,20,20,0,0,20,0.0,0.0,0.0,0.0,0.0,1.0,-1
"F[0,0]((BaseExcess <= 0.174 -> Temp <= 38.452) -> Hgb <= 38.252)
",-2.870,-31.894,0.000,0.000,1.000,0,0,0,20,20,0,0,20,0.0,0.0,0.0,0.0,0.0,1.0,-1
"F[2,2](((HCO3 >= 0.792 & Temp <= 38.614) & MAP <= 38.600) -> Lactate >= 37.020)
",0.792,0.792,0.000,0.000,1.000,0,0,0,20,20,0,0,20,0.0,0.0,0.0,0.0,0.0,1.0,-1
"F[0,2](((HR >= 73.134 -> pH <= 7.246) | HCO3 <= 3.134) -> BaseExcess <= 4.653)
",-9999999.000,-9999999.000,0.000,0.000,1.000,0,0,0,20,20,0,0,20,0.0,0.0,0.0,0.0,0.0,1.0,-1
"F[0,1](((Magnesium <= 2.322 | SaO2 <= 28.604) | PTT <= 63.974) & pH <= 27.629)
",-9999999.000,-9999999.000,0.000,0.000,1.000,0,0,0,20,20,0,0,20,0.0,0.0,0.0,0.0,0.0,1.0,-1
"((SBP >= 105.347) U[0,2] (SepsisLabel = 0.000))
",-9999999.000,-9999999.000,0.000,0.000,1.000,0,0,0,20,20,0,0,20,0.0,0.0,0.0,0.0,0.0,1.0,-1
"F[0,2](Calcium > 0.046 -> SepsisLabel = 0.000)
",-9999999.000,-9999999.000,0.000,0.000,1.000,0,0,0,20,20,0,0,20,0.0,0.0,0.0,0.0,0.0,1.0,-1
"((Resp <= 19.014) U[0,0] (SepsisLabel = 0.000))
",-0.413,-5.698,0.000,0.000,1.000,0,0,0,20,20,0,0,20,0.0,0.0,0.0,0.0,0.0,1.0,-1
"((WBC > 0.223) U[0,2] (SepsisLabel = 0.000))
",-9999999.000,-9999999.000,0.000,0.000,1.000,0,0,0,20,20,0,0,20,0.0,0.0,0.0,0.0,0.0,1.0,-1
"((Bilirubin_direct >= 0.000) U[2,2] (SepsisLabel = 0.000))
",0.000,0.000,0.000,0.000,1.000,0,0,0,20,20,0,0,20,0.0,0.0,0.0,0.0,0.0,1.0,-1
"((PaCO2 <= 27.514) U[0,2] (SepsisLabel = 0.000))
",-9999999.000,-9999999.000,0.000,0.000,1.000,0,0,0,20,20,0,0,20,0.0,0.0,0.0,0.0,0.0,1.0,-1
"((AST > 0.000) U[0,2] (SepsisLabel = 0.000))
",-9999999.000,-9999999.000,0.000,0.000,1.000,0,0,0,20,20,0,0,20,0.0,0.0,0.0,0.0,0.0,1.0,-1
"((Phosphate >= 0.110) U[2,2] (SepsisLabel = 0.000))
",0.000,0.000,0.000,0.000,1.000,0,0,0,20,20,0,0,20,0.0,0.0,0.0,0.0,0.0,1.0,-1
"F[1,2](Lactate > 0.000 -> SepsisLabel = 0.000)
",-9999999.000,-9999999.000,0.000,0.000,1.000,0,0,0,20,20,0,0,20,0.0,0.0,0.0,0.0,0.0,1.0,-1
"((WBC < 5.063) U[0,2] (SepsisLabel = 0.000))
",-9999999.000,-9999999.000,0.000,0.000,1.000,0,0,0,20,20,0,0,20,0.0,0.0,0.0,0.0,0.0,1.0,-1
"F[1,2](HCO3 < 6.244 -> SepsisLabel = 0.000)
",-9999999.000,-9999999.000,0.000,0.000,1.000,0,0,0,20,20,0,0,20,0.0,0.0,0.0,0.0,0.0,1.0,-1
"F[1,1](Lactate > 0.000 -> SepsisLabel = 0.000)
",0.000,0.000,0.000,0.000,1.000,0,0,0,20,20,0,0,20,0.0,0.0,0.0,0.0,0.0,1.0,-1
"F[1,1]((O2Sat <= 97.816 -> EtCO2 <= 0.000) & Bilirubin_total >= 0.000)
",-6883200382623500.000,-97.816,0.000,0.000,1.000,0,0,0,20,20,0,0,20,0.0,0.0,0.0,0.0,0.0,1.0,-1
"F[1,1](BaseExcess >= -0.148 -> SepsisLabel = 0.000)
",-0.148,-0.148,0.000,0.000,1.000,0,0,0,20,20,0,0,20,0.0,0.0,0.0,0.0,0.0,1.0,-1
"F[0,2]((Glucose >= 15.938 | Resp >= 14.153) | BUN >= 10.325)
",-9999999.000,-9999999.000,0.000,0.000,1.000,0,0,0,20,20,0,0,20,0.0,0.0,0.0,0.0,0.0,1.0,-1
"F[0,2]((BUN >= 0.675 -> Glucose <= 91.681) | Magnesium >= 20.238)
",-9999999.000,-9999999.000,0.000,0.000,1.000,0,0,0,20,20,0,0,20,0.0,0.0,0.0,0.0,0.0,1.0,-1
"((Temp <= 38.677) U[0,2] (BaseExcess <= 1.722))
",-9999999.000,-9999999.000,0.000,0.000,1.000,0,0,0,20,20,0,0,20,0.0,0.0,0.0,0.0,0.0,1.0,-1
"F[0,2](Alkalinephos <= 0.000 -> Resp >= 15.714)
",-9999999.000,-9999999.000,0.000,0.000,1.000,0,0,0,20,20,0,0,20,0.0,0.0,0.0,0.0,0.0,1.0,-1
"F[1,2](Creatinine >= 0.004 | Magnesium >= 0.018)
",-9999999.000,-9999999.000,0.000,0.000,1.000,0,0,0,20,20,0,0,20,0.0,0.0,0.0,0.0,0.0,1.0,-1
"F[1,2]((SaO2 <= 28.966 & BaseExcess <= 2.207) | Bilirubin_direct >= -1.883)
",-9999999.000,-9999999.000,0.000,0.000,1.000,0,0,0,20,20,0,0,20,0.0,0.0,0.0,0.0,0.0,1.0,-1
"F[2,2](((Lactate <= 0.000 -> Phosphate >= 0.006) | Temp >= 0.096) | TroponinI <= 4.890)
",5505742129515067.000,4.890,0.000,0.000,1.000,0,0,0,20,20,0,0,20,0.0,0.0,0.0,0.0,0.0,1.0,-1
"F[0,2](((SepsisLabel >= 0.000 | SepsisLabel <= 0.000) & Platelets >= 0.000) -> pH >= 0.000)
",-9999999.000,-9999999.000,0.000,0.000,1.000,0,0,0,20,20,0,0,20,0.0,0.0,0.0,0.0,0.0,1.0,-1
"F[0,1]((Hgb >= 0.246 -> BaseExcess >= -3.998) | Magnesium <= 0.090)
",-9999999.000,-9999999.000,0.000,0.000,1.000,0,0,0,20,20,0,0,20,0.0,0.0,0.0,0.0,0.0,1.0,-1
"F[0,1]((BUN >= 0.464 & BaseExcess >= -4.795) -> BUN >= -0.216)
",-9999999.000,-9999999.000,0.000,0.000,1.000,0,0,0,20,20,0,0,20,0.0,0.0,0.0,0.0,0.0,1.0,-1
"F[1,2](((PaCO2 >= 4.850 -> TroponinI >= 0.000) | SepsisLabel <= 0.000) & Platelets >= 0.000)
",-9999999.000,-9999999.000,0.000,0.000,1.000,0,0,0,20,20,0,0,20,0.0,0.0,0.0,0.0,0.0,1.0,-1
"F[1,2]((AST >= 0.000 -> EtCO2 <= 0.000) | SBP >= 0.000)
",-9999999.000,-9999999.000,0.000,0.000,1.000,0,0,0,20,20,0,0,20,0.0,0.0,0.0,0.0,0.0,1.0,-1
"F[0,2](((pH <= 2.446 -> Temp >= 37.688) & HR <= 38.152) | Bilirubin_direct <= 38.219)
",-9999999.000,-9999999.000,0.000,0.000,1.000,0,0,0,20,20,0,0,20,0.0,0.0,0.0,0.0,0.0,1.0,-1
"((Calcium >= 0.050) U[2,2] (Phosphate >= 0.038))
",-0.038,-0.038,0.000,0.000,1.000,0,0,0,20,20,0,0,20,0.0,0.0,0.0,0.0,0.0,1.0,-1
"((AST >= 0.000) U[2,2] (SaO2 >= 5.479))
",0.000,0.000,0.000,0.000,1.000,0,0,0,20,20,0,0,20,0.0,0.0,0.0,0.0,0.0,1.0,-1
"F[0,2](((Temp >= 35.684 & DBP <= 59.535) & DBP >= 49.607) | Temp >= 48.277)
",-9999999.000,-9999999.000,0.000,0.000,1.000,0,0,0,20,20,0,0,20,0.0,0.0,0.0,0.0,0.0,1.0,-1
"((SepsisLabel >= 0.000) U[1,2] (Fibrinogen >= 0.000))
",-9999999.000,-9999999.000,0.000,0.000,1.000,0,0,0,20,20,0,0,20,0.0,0.0,0.0,0.0,0.0,1.0,-1
"F[0,2](HR >= 74.069 | SaO2 <= 46.433)
",-9999999.000,-9999999.000,0.000,0.000,1.000,0,0,0,20,20,0,0,20,0.0,0.0,0.0,0.0,0.0,1.0,-1
"F[2,2](FiO2 >= 0.049 -> FiO2 >= 0.034)
",0.034,0.034,0.000,0.000,1.000,0,0,0,20,20,0,0,20,0.0,0.0,0.0,0.0,0.0,1.0,-1
"F[1,2]((MAP >= 74.878 -> Glucose >= 19.581) | Bilirubin_direct <= 162.556)
",-9999999.000,-9999999.000,0.000,0.000,1.000,0,0,0,20,20,0,0,20,0.0,0.0,0.0,0.0,0.0,1.0,-1
"F[1,2](((Hct >= 1.855 | Bilirubin_total <= 0.000) | Creatinine >= 0.000) | Bilirubin_direct >= 0.000)
",-9999999.000,-9999999.000,0.000,0.000,1.000,0,0,0,20,20,0,0,20,0.0,0.0,0.0,0.0,0.0,1.0,-1
"G[1,1]((Calcium >= 0.136 | MAP <= 80.793) & Fibrinogen >= 69.049)
",-4858908768250230.000,-69.049,0.000,1.000,0.000,0,0,0,20,20,0,0,20,0.0,0.0,0.0,0.0,0.0,1.0,1
"((Platelets <= 17.998) U[2,2] (SaO2 <= 19.155))
",5391594443757428.000,19.155,0.000,0.000,1.000,0,0,0,20,20,0,0,20,0.0,0.0,0.0,0.0,0.0,1.0,-1
"F[0,2](((AST <= 0.000 | TroponinI <= 0.000) | Temp >= 0.000) | Phosphate <= 0.000)
",-9999999.000,-9999999.000,0.000,0.000,1.000,0,0,0,20,20,0,0,20,0.0,0.0,0.0,0.0,0.0,1.0,-1
"((HCO3 >= 1.177) U[0,2] (PaCO2 >= 7.371))
",-9999999.000,-9999999.000,0.000,0.000,1.000,0,0,0,20,20,0,0,20,0.0,0.0,0.0,0.0,0.0,1.0,-1
"F[0,0]((Potassium <= 2.096 -> Creatinine <= 0.287) & Alkalinephos <= 1.391)
",-0.676,-3.172,0.000,0.000,1.000,0,0,0,20,20,0,0,20,0.0,0.0,0.0,0.0,0.0,1.0,-1
"((Calcium <= 2.851) U[0,2] (BUN >= 0.712))
",-9999999.000,-9999999.000,0.000,0.000,1.000,0,0,0,20,20,0,0,20,0.0,0.0,0.0,0.0,0.0,1.0,-1
"F[0,2](((SBP <= 125.447 -> Bilirubin_direct <= 0.000) & TroponinI <= 0.000) -> HR <= 0.000)
",-9999999.000,-9999999.000,0.000,0.000,1.000,0,0,0,20,20,0,0,20,0.0,0.0,0.0,0.0,0.0,1.0,-1
"F[0,2]((DBP >= 52.787 -> Platelets >= 15.818) & HCO3 <= 55.062)
",-9999999.000,-9999999.000,0.000,0.000,1.000,0,0,0,20,20,0,0,20,0.0,0.0,0.0,0.0,0.0,1.0,-1
"F[0,2](((SaO2 >= 9.131 | DBP <= 61.011) | Calcium >= 52.068) | pH >= 47.448)
",-9999999.000,-9999999.000,0.000,0.000,1.000,0,0,0,20,20,0,0,20,0.0,0.0,0.0,0.0,0.0,1.0,-1
"F[0,2]((EtCO2 <= 0.000 | Magnesium >= 0.002) -> TroponinI <= 1.130)
",-9999999.000,-9999999.000,0.000,0.000,1.000,0,0,0,20,20,0,0,20,0.0,0.0,0.0,0.0,0.0,1.0,-1
"F[1,1]((Platelets <= 125.805 | FiO2 <= 0.299) | AST <= 0.912)
",8852772339399683.000,125.805,0.000,0.000,1.000,0,0,0,20,20,0,0,20,0.0,0.0,0.0,0.0,0.0,1.0,-1
"F[1,2]((Platelets <= 50.344 -> Alkalinephos <= 0.000) -> HR <= 0.000)
",-9999999.000,-9999999.000,0.000,0.000,1.000,0,0,0,20,20,0,0,20,0.0,0.0,0.0,0.0,0.0,1.0,-1
"F[1,2]((PaCO2 >= 7.692 & Creatinine >= 0.027) | Bilirubin_direct <= 0.639)
",-9999999.000,-9999999.000,0.000,0.000,1.000,0,0,0,20,20,0,0,20,0.0,0.0,0.0,0.0,0.0,1.0,-1
"((SepsisLabel <= 0.000) U[0,2] (Creatinine >= 0.032))
",-9999999.000,-9999999.000,0.000,0.000,1.000,0,0,0,20,20,0,0,20,0.0,0.0,0.0,0.0,0.0,1.0,-1
"F[1,1](Bilirubin_total <= 0.000 | Glucose <= 121.352)
",121.352,121.352,0.000,0.000,1.000,0,0,0,20,20,0,0,20,0.0,0.0,0.0,0.0,0.0,1.0,-1
"F[0,2](Platelets <= 141.302 & Resp <= 26.296)
",-9999999.000,-9999999.000,0.000,0.000,1.000,0,0,0,20,20,0,0,20,0.0,0.0,0.0,0.0,0.0,1.0,-1
"F[0,2](((Calcium >= 0.071 & Bilirubin_direct >= 0.000) -> Hgb <= 0.000) -> Bilirubin_direct <= 0.000)
",-9999999.000,-9999999.000,0.000,0.000,1.000,0,0,0,20,20,0,0,20,0.0,0.0,0.0,0.0,0.0,1.0,-1
"F[0,2]((Hgb >= 1.249 | O2Sat <= 96.270) | SaO2 <= 99.078)
",-9999999.000,-9999999.000,0.000,0.000,1.000,0,0,0,20,20,0,0,20,0.0,0.0,0.0,0.0,0.0,1.0,-1
"F[1,2](((Alkalinephos >= 0.000 | FiO2 >= 0.101) & Bilirubin_direct >= 0.098) | Calcium <= 0.569)
",-9999999.000,-9999999.000,0.000,0.000,1.000,0,0,0,20,20,0,0,20,0.0,0.0,0.0,0.0,0.0,1.0,-1
"((Magnesium <= 2.155) U[0,0] (AST <= 0.000))
",2.155,2.155,0.000,0.000,1.000,0,0,0,20,20,0,0,20,0.0,0.0,0.0,0.0,0.0,1.0,-1
"((Calcium >= 0.170) U[0,1] (Lactate >= 0.000))
",-9999999.000,-9999999.000,0.000,0.000,1.000,0,0,0,20,20,0,0,20,0.0,0.0,0.0,0.0,0.0,1.0,-1
"F[2,2](((Alkalinephos >= 0.000 -> Glucose <= 155.797) -> Temp >= 0.946) & TroponinI >= 24.615)
",-24.615,-24.615,0.000,0.000,1.000,0,0,0,20,20,0,0,20,0.0,0.0,0.0,0.0,0.0,1.0,-1
"F[1,2](((Potassium <= 3.042 & Resp <= 24.121) & FiO2 <= 20.202) & SaO2 >= 14.377)
",-9999999.000,-9999999.000,0.000,0.000,1.000,0,0,0,20,20,0,0,20,0.0,0.0,0.0,0.0,0.0,1.0,-1
"F[0,2](((Phosphate <= 0.158 -> Temp >= 37.532) -> SaO2 <= 38.539) & Glucose >= 36.254)
",-9999999.000,-9999999.000,0.000,0.000,1.000,0,0,0,20,20,0,0,20,0.0,0.0,0.0,0.0,0.0,1.0,-1
"F[0,0](((BUN >= 0.739 & TroponinI >= 0.000) -> Resp <= 0.000) | Calcium >= 0.000)
",6653998186428161.000,0.739,0.000,0.000,1.000,0,0,0,20,20,0,0,20,0.0,0.0,0.0,0.0,0.0,1.0,-1
"F[0,2](SaO2 >= 0.180 -> BaseExcess >= -0.344)
",-9999999.000,-9999999.000,0.000,0.000,1.000,0,0,0,20,20,0,0,20,0.0,0.0,0.0,0.0,0.0,1.0,-1
"((Potassium >= 0.137) U[0,0] (Bilirubin_total >= 0.000))
",0.414,0.673,0.000,0.000,1.000,0,0,0,20,20,0,0,20,0.0,0.0,0.0,0.0,0.0,1.0,-1
"F[0,1](((Bilirubin_direct >= 0.000 | pH >= 1.434) & Fibrinogen >= 1.079) -> TroponinI >= 0.957)
",-9999999.000,-9999999.000,0.000,0.000,1.000,0,0,0,20,20,0,0,20,0.0,0.0,0.0,0.0,0.0,1.0,-1
"((Phosphate <= 4.835) U[1,2] (Chloride >= 1.274))
",-9999999.000,-9999999.000,0.000,0.000,1.000,0,0,0,20,20,0,0,20,0.0,0.0,0.0,0.0,0.0,1.0,-1
"F[0,1]((WBC <= 10.845 | Creatinine >= 0.067) & SBP >= 0.003)
",-9999999.000,-9999999.000,0.000,0.000,1.000,0,0,0,20,20,0,0,20,0.0,0.0,0.0,0.0,0.0,1.0,-1
"F[2,2](((SBP <= 125.884 | Creatinine <= 0.281) -> Creatinine >= 0.032) -> Bilirubin_total >= 0.015)
",8475137390069771.000,0.015,0.000,0.000,1.000,0,0,0,20,20,0,0,20,0.0,0.0,0.0,0.0,0.0,1.0,-1
"F[1,2]((SaO2 >= 6.110 & Bilirubin_total >= 0.000) | Alkalinephos >= 0.000)
",-9999999.000,-9999999.000,0.000,0.000,1.000,0,0,0,20,20,0,0,20,0.0,0.0,0.0,0.0,0.0,1.0,-1
"F[1,2]((Lactate <= 0.000 -> Bilirubin_total <= 0.000) | Glucose >= 0.000)
",-9999999.000,-9999999.000,0.000,0.000,1.000,0,0,0,20,20,0,0,20,0.0,0.0,0.0,0.0,0.0,1.0,-1
"((Resp >= 13.258) U[0,2] (Magnesium >= 0.067))
",-9999999.000,-9999999.000,0.000,0.000,1.000,0,0,0,20,20,0,0,20,0.0,0.0,0.0,0.0,0.0,1.0,-1
"F[0,2](((Bilirubin_total >= 0.000 -> FiO2 >= 0.124) & BaseExcess >= 0.119) & Fibrinogen <= 0.434)
",-9999999.000,-9999999.000,0.000,0.000,1.000,0,0,0,20,20,0,0,20,0.0,0.0,0.0,0.0,0.0,1.0,-1
"F[1,2](((Magnesium <= 2.214 | Bilirubin_direct <= 0.000) -> Temp <= 0.000) | Platelets >= 0.000)
",-9999999.000,-9999999.000,0.000,0.000,1.000,0,0,0,20,20,0,0,20,0.0,0.0,0.0,0.0,0.0,1.0,-1
"F[0,0](((HR >= 79.904 -> Potassium <= 4.655) | Potassium >= 0.149) | O2Sat >= 0.335)
",9.121,79.090,0.000,0.000,1.000,0,0,0,20,20,0,0,20,0.0,0.0,0.0,0.0,0.0,1.0,-1
"F[1,2](BaseExcess <= 2.931 & Platelets <= 93.179)
",-9999999.000,-9999999.000,0.000,0.000,1.000,0,0,0,20,20,0,0,20,0.0,0.0,0.0,0.0,0.0,1.0,-1
"F[0,1]((Lactate >= 0.000 | Phosphate <= 0.756) & PaCO2 <= 2.998)
",-9999999.000,-9999999.000,0.000,0.000,1.000,0,0,0,20,20,0,0,20,0.0,0.0,0.0,0.0,0.0,1.0,-1
"((Hct >= 0.385) U[0,2] (Resp <= 26.051))
",-9999999.000,-9999999.000,0.000,0.000,1.000,0,0,0,20,20,0,0,20,0.0,0.0,0.0,0.0,0.0,1.0,-1
"((Calcium >= 0.192) U[0,1] (TroponinI >= 0.000))
",-9999999.000,-9999999.000,0.000,0.000,1.000,0,0,0,20,20,0,0,20,0.0,0.0,0.0,0.0,0.0,1.0,-1
"((MAP >= 67.122) U[0,1] (SepsisLabel >= 0.000))
",-9999999.000,-9999999.000,0.000,0.000,1.000,0,0,0,20,20,0,0,20,0.0,0.0,0.0,0.0,0.0,1.0,-1
"F[0,1](((O2Sat >= 16.394 | PaCO2 <= 33.607) | Calcium <= 24.722) | SBP >= 4.774)
",-9999999.000,-9999999.000,0.000,0.000,1.000,0,0,0,20,20,0,0,20,0.0,0.0,0.0,0.0,0.0,1.0,-1
"F[1,2](((O2Sat <= 96.221 & Platelets <= 19.406) & HR >= 15.576) -> SBP <= 58.282)
",-9999999.000,-9999999.000,0.000,0.000,1.000,0,0,0,20,20,0,0,20,0.0,0.0,0.0,0.0,0.0,1.0,-1
"F[1,2]((Potassium <= 3.271 -> Fibrinogen <= 0.000) & PaCO2 >= 0.000)
",-9999999.000,-9999999.000,0.000,0.000,1.000,0,0,0,20,20,0,0,20,0.0,0.0,0.0,0.0,0.0,1.0,-1
"F[0,0]((Alkalinephos <= 0.000 | Lactate <= 0.000) | TroponinI <= 0.000)
",0.000,0.000,0.000,0.000,1.000,0,0,0,20,20,0,0,20,0.0,0.0,0.0,0.0,0.0,1.0,-1
"((BaseExcess <= 1.097) U[0,1] (Fibrinogen <= 0.000))
",-9999999.000,-9999999.000,0.000,0.000,1.000,0,0,0,20,20,0,0,20,0.0,0.0,0.0,0.0,0.0,1.0,-1
"((Fibrinogen <= 0.000) U[0,2] (Bilirubin_direct <= 0.000))
",-9999999.000,-9999999.000,0.000,0.000,1.000,0,0,0,20,20,0,0,20,0.0,0.0,0.0,0.0,0.0,1.0,-1
"F[1,2](((Hct >= 4.512 -> Platelets >= 10.333) -> Fibrinogen <= 146.703) | Hgb <= 21.747)
",-9999999.000,-9999999.000,0.000,0.000,1.000,0,0,0,20,20,0,0,20,0.0,0.0,0.0,0.0,0.0,1.0,-1
"F[0,2](DBP < 55.380 -> SepsisLabel = 0.000)
",-9999999.000,-9999999.000,0.000,0.000,1.000,0,0,0,20,20,0,0,20,0.0,0.0,0.0,0.0,0.0,1.0,-1
"F[0,2](Glucose > 2.699 -> SepsisLabel = 0.000)
",-9999999.000,-9999999.000,0.000,0.000,1.000,0,0,0,20,20,0,0,20,0.0,0.0,0.0,0.0,0.0,1.0,-1
"F[0,1](PTT <= 34.293 -> SepsisLabel = 0.000)
",-9999999.000,-9999999.000,0.000,0.000,1.000,0,0,0,20,20,0,0,20,0.0,0.0,0.0,0.0,0.0,1.0,-1
"F[2,2](((Glucose >= 11.970 | Phosphate >= 0.020) | Magnesium <= 1.092) & TroponinI <= 0.663)
",5969099001925586.000,0.663,0.000,0.000,1.000,0,0,0,20,20,0,0,20,0.0,0.0,0.0,0.0,0.0,1.0,-1
"F[1,1]((DBP >= 49.737 | HR <= 96.864) -> Temp <= 93.786)
",-6816224455196420.000,-96.864,0.000,0.000,1.000,0,0,0,20,20,0,0,20,0.0,0.0,0.0,0.0,0.0,1.0,-1
"F[0,0](((HCO3 >= 1.166 & PaCO2 >= 1.117) | SBP <= 28.688) -> pH <= 14.396)
",-43.144,-14.219,0.000,0.000,1.000,0,0,0,20,20,0,0,20,0.0,0.0,0.0,0.0,0.0,1.0,-1
"F[0,2](((PaCO2 >= 5.580 -> Temp >= 37.927) & Resp <= 38.585) | Bilirubin_total <= 38.239)
",-9999999.000,-9999999.000,0.000,0.000,1.000,0,0,0,20,20,0,0,20,0.0,0.0,0.0,0.0,0.0,1.0,-1
"F[0,2](FiO2 <= 0.375 | MAP >= 71.051)
",-9999999.000,-9999999.000,0.000,0.000,1.000,0,0,0,20,20,0,0,20,0.0,0.0,0.0,0.0,0.0,1.0,-1
"F[0,1](((Magnesium >= 0.206 | PTT >= 2.800) & Glucose <= 52.572) | DBP >= 0.199)
",-9999999.000,-9999999.000,0.000,0.000,1.000,0,0,0,20,20,0,0,20,0.0,0.0,0.0,0.0,0.0,1.0,-1
"((Hct <= 24.845) U[0,2] (HR <= 102.895))
",-9999999.000,-9999999.000,0.000,0.000,1.000,0,0,0,20,20,0,0,20,0.0,0.0,0.0,0.0,0.0,1.0,-1
"F[2,2](((MAP <= 76.987 & Phosphate >= 0.085) -> Hgb >= 0.051) & Alkalinephos <= 3.451)
",0.051,0.051,0.000,0.000,1.000,0,0,0,20,20,0,0,20,0.0,0.0,0.0,0.0,0.0,1.0,-1
"F[0,2](((pH >= 0.142 | Potassium <= 1.254) & AST <= 3.706) & BaseExcess >= 0.305)
",-9999999.000,-9999999.000,0.000,0.000,1.000,0,0,0,20,20,0,0,20,0.0,0.0,0.0,0.0,0.0,1.0,-1
"F[2,2](PaCO2 >= 1.253 -> SBP >= 110.292)
",5643999876073060.000,1.253,0.000,0.000,1.000,0,0,0,20,20,0,0,20,0.0,0.0,0.0,0.0,0.0,1.0,-1
"F[0,2]((MAP <= 82.900 | Temp <= 38.130) | Temp >= 37.745)
",-9999999.000,-9999999.000,0.000,0.000,1.000,0,0,0,20,20,0,0,20,0.0,0.0,0.0,0.0,0.0,1.0,-1
"F[0,2](Chloride <= 62.473 | DBP >= 51.841)
",-9999999.000,-9999999.000,0.000,0.000,1.000,0,0,0,20,20,0,0,20,0.0,0.0,0.0,0.0,0.0,1.0,-1
"F[1,2](((PTT >= 4.274 | Temp >= 37.791) -> Fibrinogen <= 38.409) | Hct >= 35.912)
",-9999999.000,-9999999.000,0.000,0.000,1.000,0,0,0,20,20,0,0,20,0.0,0.0,0.0,0.0,0.0,1.0,-1
"F[1,2]((Chloride >= 5.066 & O2Sat <= 99.839) -> pH <= 96.230)
",-9999999.000,-9999999.000,0.000,0.000,1.000,0,0,0,20,20,0,0,20,0.0,0.0,0.0,0.0,0.0,1.0,-1
"F[1,2](Hgb <= 6.239 & pH <= 3.415)
",-9999999.000,-9999999.000,0.000,0.000,1.000,0,0,0,20,20,0,0,20,0.0,0.0,0.0,0.0,0.0,1.0,-1
"F[2,2]((BUN >= 0.926 -> pH >= 1.162) & FiO2 >= 0.146)
",-5260486444809717.000,-0.146,0.000,0.000,1.000,0,0,0,20,20,0,0,20,0.0,0.0,0.0,0.0,0.0,1.0,-1
"F[1,1]((O2Sat <= 98.728 -> Temp >= 36.374) | PaCO2 >= 37.711)
",-5307364188714331.000,-37.711,0.000,0.000,1.000,0,0,0,20,20,0,0,20,0.0,0.0,0.0,0.0,0.0,1.0,-1
"F[2,2](((PaCO2 <= 30.249 & PTT >= 0.932) -> EtCO2 <= 21.554) & Potassium <= 33.132)
",-6066846392258284.000,-21.554,0.000,0.000,1.000,0,0,0,20,20,0,0,20,0.0,0.0,0.0,0.0,0.0,1.0,-1
"F[1,2](((BaseExcess >= -3.362 & BUN <= 20.535) -> Bilirubin_direct >= 0.224) | Glucose >= 0.092)
",-9999999.000,-9999999.000,0.000,0.000,1.000,0,0,0,20,20,0,0,20,0.0,0.0,0.0,0.0,0.0,1.0,-1
"((Hgb >= 0.443) U[0,2] (HR >= 74.114))
",-9999999.000,-9999999.000,0.000,0.000,1.000,0,0,0,20,20,0,0,20,0.0,0.0,0.0,0.0,0.0,1.0,-1
"F[1,2](((PaCO2 >= 1.811 & Phosphate <= 2.485) & BaseExcess >= 0.059) | Bilirubin_total >= 0.116)
",-9999999.000,-9999999.000,0.000,0.000,1.000,0,0,0,20,20,0,0,20,0.0,0.0,0.0,0.0,0.0,1.0,-1
"F[1,2](((Calcium <= 6.401 & PaCO2 >= 1.231) & O2Sat <= 11.363) -> MAP <= 35.497)
",-9999999.000,-9999999.000,0.000,0.000,1.000,0,0,0,20,20,0,0,20,0.0,0.0,0.0,0.0,0.0,1.0,-1
"F[0,1]((Calcium <= 6.378 -> Platelets >= 11.268) -> HR >= 14.513)
",-9999999.000,-9999999.000,0.000,0.000,1.000,0,0,0,20,20,0,0,20,0.0,0.0,0.0,0.0,0.0,1.0,-1
"F[2,2](FiO2 <= 0.492 & SaO2 >= 10.365)
",-5834738598189307.000,-10.365,0.000,0.000,1.000,0,0,0,20,20,0,0,20,0.0,0.0,0.0,0.0,0.0,1.0,-1
"F[1,2](((BaseExcess >= -3.997 | Magnesium >= 0.109) | WBC <= 0.261) & pH <= 0.763)
",-9999999.000,-9999999.000,0.000,0.000,1.000,0,0,0,20,20,0,0,20,0.0,0.0,0.0,0.0,0.0,1.0,-1
"((DBP <= 57.451) U[0,2] (WBC <= 2.107))
",-9999999.000,-9999999.000,0.000,0.000,1.000,0,0,0,20,20,0,0,20,0.0,0.0,0.0,0.0,0.0,1.0,-1
"F[1,2](((Creatinine >= 0.043 | pH <= 2.675) & Calcium <= 1.828) | Calcium <= 5.925)
",-9999999.000,-9999999.000,0.000,0.000,1.000,0,0,0,20,20,0,0,20,0.0,0.0,0.0,0.0,0.0,1.0,-1
"F[2,2]((Calcium <= 6.546 & Potassium <= 0.472) & Magnesium >= 0.140)
",-5043293906489358.000,-0.140,0.000,0.000,1.000,0,0,0,20,20,0,0,20,0.0,0.0,0.0,0.0,0.0,1.0,-1
"F[1,2](((MAP <= 83.872 -> Platelets <= 125.448) & Bilirubin_total <= 152.069) -> Platelets <= 63.591)
",-9999999.000,-9999999.000,0.000,0.000,1.000,0,0,0,20,20,0,0,20,0.0,0.0,0.0,0.0,0.0,1.0,-1
"F[0,2](((DBP <= 55.988 | HCO3 >= 0.146) & Temp <= 9.090) | FiO2 >= 0.743)
",-9999999.000,-9999999.000,0.000,0.000,1.000,0,0,0,20,20,0,0,20,0.0,0.0,0.0,0.0,0.0,1.0,-1
"F[0,1](Chloride <= 81.351 | PaCO2 <= 36.096)
",-9999999.000,-9999999.000,0.000,0.000,1.000,0,0,0,20,20,0,0,20,0.0,0.0,0.0,0.0,0.0,1.0,-1
"F[1,2](((Phosphate >= 0.011 | Resp >= 15.726) -> Glucose >= 15.846) & PTT >= 13.608)
",-9999999.000,-9999999.000,0.000,0.000,1.000,0,0,0,20,20,0,0,20,0.0,0.0,0.0,0.0,0.0,1.0,-1
"F[1,2](((Creatinine <= 0.775 | MAP <= 76.851) | Magnesium <= 78.521) -> Creatinine <= 77.654)
",-9999999.000,-9999999.000,0.000,0.000,1.000,0,0,0,20,20,0,0,20,0.0,0.0,0.0,0.0,0.0,1.0,-1
"F[1,1](((Calcium >= 0.182 | Potassium <= 0.962) -> Potassium >= 0.142) -> Fibrinogen <= 1.760)
",-7926267924700882.000,-1.760,0.000,0.000,1.000,0,0,0,20,20,0,0,20,0.0,0.0,0.0,0.0,0.0,1.0,-1
"F[0,2](((Glucose <= 150.223 | SaO2 >= 7.644) & Temp <= 57.918) & Phosphate <= 22.229)
",-9999999.000,-9999999.000,0.000,0.000,1.000,0,0,0,20,20,0,0,20,0.0,0.0,0.0,0.0,0.0,1.0,-1
"F[1,2](Temp > 37.432 -> SepsisLabel = 0.000)
",-9999999.000,-9999999.000,0.000,0.000,1.000,0,0,0,20,20,0,0,20,0.0,0.0,0.0,0.0,0.0,1.0,-1
"F[0,2]((Platelets <= 91.813 | Temp <= 38.200) | Calcium <= 38.649)
",-9999999.000,-9999999.000,0.000,0.000,1.000,0,0,0,20,20,0,0,20,0.0,0.0,0.0,0.0,0.0,1.0,-1
"F[0,2](((Hct >= 3.087 & Potassium <= 2.367) -> Magnesium <= 1.112) -> BUN <= 3.412)
",-9999999.000,-9999999.000,0.000,0.000,1.000,0,0,0,20,20,0,0,20,0.0,0.0,0.0,0.0,0.0,1.0,-1
"F[1,2]((BaseExcess >= -4.346 & Temp >= 36.947) | Glucose <= 38.376)
",-9999999.000,-9999999.000,0.000,0.000,1.000,0,0,0,20,20,0,0,20,0.0,0.0,0.0,0.0,0.0,1.0,-1
"F[1,2](((FiO2 <= 0.902 -> SBP <= 124.317) | Glucose >= 110.609) -> HCO3 <= 126.273)
",-9999999.000,-9999999.000,0.000,0.000,1.000,0,0,0,20,20,0,0,20,0.0,0.0,0.0,0.0,0.0,1.0,-1
"F[1,2]((Hct >= 3.965 | WBC <= 1.265) & AST >= 0.015)
",-9999999.000,-9999999.000,0.000,0.000,1.000,0,0,0,20,20,0,0,20,0.0,0.0,0.0,0.0,0.0,1.0,-1
"F[1,2](DBP <= 58.596 -> Temp >= 36.258)
",-9999999.000,-9999999.000,0.000,0.000,1.000,0,0,0,20,20,0,0,20,0.0,0.0,0.0,0.0,0.0,1.0,-1
"F[1,2]((Creatinine <= 0.871 -> Hct <= 10.493) | MAP >= 2.417)
",-9999999.000,-9999999.000,0.000,0.000,1.000,0,0,0,20,20,0,0,20,0.0,0.0,0.0,0.0,0.0,1.0,-1
"F[1,2](Magnesium >= 0.164 & Potassium >= 0.137)
",-9999999.000,-9999999.000,0.000,0.000,1.000,0,0,0,20,20,0,0,20,0.0,0.0,0.0,0.0,0.0,1.0,-1
"F[0,2](((Hgb <= 2.147 & Temp <= 38.251) | WBC <= 38.682) & Phosphate >= 37.984)
",-9999999.000,-9999999.000,0.000,0.000,1.000,0,0,0,20,20,0,0,20,0.0,0.0,0.0,0.0,0.0,1.0,-1
"((Magnesium <= 0.541) U[2,2] (pH >= 0.154))
",4871692781792107.000,0.541,0.000,0.000,1.000,0,0,0,20,20,0,0,20,0.0,0.0,0.0,0.0,0.0,1.0,-1
"F[0,1](Creatinine <= 0.601 & PTT <= 49.772)
",-9999999.000,-9999999.000,0.000,0.000,1.000,0,0,0,20,20,0,0,20,0.0,0.0,0.0,0.0,0.0,1.0,-1
"F[0,1](((HR >= 74.239 & Temp <= 38.057) | Temp >= 36.117) | Platelets <= 38.682)
",-9999999.000,-9999999.000,0.000,0.000,1.000,0,0,0,20,20,0,0,20,0.0,0.0,0.0,0.0,0.0,1.0,-1
"F[0,1](((BaseExcess >= -2.064 & PTT >= 0.414) -> SBP <= 70.832) & Alkalinephos <= 48.724)
",-9999999.000,-9999999.000,0.000,0.000,1.000,0,0,0,20,20,0,0,20,0.0,0.0,0.0,0.0,0.0,1.0,-1
"F[0,1](BaseExcess >= -3.916 | Phosphate >= 0.063)
",-9999999.000,-9999999.000,0.000,0.000,1.000,0,0,0,20,20,0,0,20,0.0,0.0,0.0,0.0,0.0,1.0,-1
"F[1,2](Glucose <= 63.348 | Potassium <= 4.140)
",-9999999.000,-9999999.000,0.000,0.000,1.000,0,0,0,20,20,0,0,20,0.0,0.0,0.0,0.0,0.0,1.0,-1
"F[0,0]((Resp >= 12.667 -> SaO2 <= 85.917) -> Hgb <= 68.873)
",-5.626,-62.515,0.000,0.000,1.000,0,0,0,20,20,0,0,20,0.0,0.0,0.0,0.0,0.0,1.0,-1
"F[0,1]((PTT <= 17.440 | WBC <= 7.153) & FiO2 <= 9.955)
",-9999999.000,-9999999.000,0.000,0.000,1.000,0,0,0,20,20,0,0,20,0.0,0.0,0.0,0.0,0.0,1.0,-1
"F[2,2](((O2Sat <= 96.492 & Potassium <= 0.765) | Bilirubin_direct >= 0.337) -> Fibrinogen >= 0.237)
",-6893035116224732.000,-0.765,0.000,0.000,1.000,0,0,0,20,20,0,0,20,0.0,0.0,0.0,0.0,0.0,1.0,-1
"((Chloride <= 80.344) U[0,1] (Platelets <= 112.100))
",-9999999.000,-9999999.000,0.000,0.000,1.000,0,0,0,20,20,0,0,20,0.0,0.0,0.0,0.0,0.0,1.0,-1
"F[1,2]((FiO2 >= 0.010 -> Platelets <= 119.930) | HCO3 <= 130.371)
",-9999999.000,-9999999.000,0.000,0.000,1.000,0,0,0,20,20,0,0,20,0.0,0.0,0.0,0.0,0.0,1.0,-1
"F[1,1]((O2Sat <= 96.482 | WBC <= 4.580) | pH >= 0.348)
",6789291761873649.000,96.482,0.000,0.000,1.000,0,0,0,20,20,0,0,20,0.0,0.0,0.0,0.0,0.0,1.0,-1
"F[0,1](pH <= 6.594 -> Platelets <= 116.151)
",-9999999.000,-9999999.000,0.000,0.000,1.000,0,0,0,20,20,0,0,20,0.0,0.0,0.0,0.0,0.0,1.0,-1
"((BUN >= 0.944) U[0,2] (Platelets <= 145.208))
",-9999999.000,-9999999.000,0.000,0.000,1.000,0,0,0,20,20,0,0,20,0.0,0.0,0.0,0.0,0.0,1.0,-1
"F[0,1]((FiO2 >= 0.095 | Hct >= 1.866) | SBP >= 4.324)
",-9999999.000,-9999999.000,0.000,0.000,1.000,0,0,0,20,20,0,0,20,0.0,0.0,0.0,0.0,0.0,1.0,-1
"((HCO3 >= 0.160) U[0,1] (Platelets <= 79.384))
",-9999999.000,-9999999.000,0.000,0.000,1.000,0,0,0,20,20,0,0,20,0.0,0.0,0.0,0.0,0.0,1.0,-1
"((Hct >= 0.948) U[0,2] (PTT <= 29.248))
",-9999999.000,-9999999.000,0.000,0.000,1.000,0,0,0,20,20,0,0,20,0.0,0.0,0.0,0.0,0.0,1.0,-1
"F[0,1](((HR <= 92.008 & PaCO2 <= 17.191) & BUN >= 7.793) | Hct <= 32.877)
",-9999999.000,-9999999.000,0.000,0.000,1.000,0,0,0,20,20,0,0,20,0.0,0.0,0.0,0.0,0.0,1.0,-1
"F[0,2](Platelets <= 141.159 -> Potassium >= 0.342)
",-9999999.000,-9999999.000,0.000,0.000,1.000,0,0,0,20,20,0,0,20,0.0,0.0,0.0,0.0,0.0,1.0,-1
"F[2,2]((HR <= 92.177 -> SBP >= 100.965) -> Creatinine >= 111.314)
",6486388045923614.000,92.177,0.000,0.000,1.000,0,0,0,20,20,0,0,20,0.0,0.0,0.0,0.0,0.0,1.0,-1
"F[1,2]((Resp >= 14.420 -> SBP <= 117.546) & Lactate >= 105.017)
",-9999999.000,-9999999.000,0.000,0.000,1.000,0,0,0,20,20,0,0,20,0.0,0.0,0.0,0.0,0.0,1.0,-1
"F[0,1](((Hgb >= 1.284 | PTT <= 15.179) & Calcium >= 3.562) | TroponinI <= 77.346)
",-9999999.000,-9999999.000,0.000,0.000,1.000,0,0,0,20,20,0,0,20,0.0,0.0,0.0,0.0,0.0,1.0,-1
"F[2,2](((DBP >= 47.060 | MAP <= 79.772) -> Calcium >= 68.922) & TroponinI <= 80.027)
",-5613453164286555.000,-79.772,0.000,0.000,1.000,0,0,0,20,20,0,0,20,0.0,0.0,0.0,0.0,0.0,1.0,-1
"F[1,2](BUN <= 13.789 & Hgb <= 9.081)
",-9999999.000,-9999999.000,0.000,0.000,1.000,0,0,0,20,20,0,0,20,0.0,0.0,0.0,0.0,0.0,1.0,-1
"F[2,2](SaO2 >= 0.492 & SBP <= 133.552)
",-0.492,-0.492,0.000,0.000,1.000,0,0,0,20,20,0,0,20,0.0,0.0,0.0,0.0,0.0,1.0,-1
"F[0,1]((FiO2 >= 0.157 | pH >= 1.571) -> Phosphate <= 3.151)
",-9999999.000,-9999999.000,0.000,0.000,1.000,0,0,0,20,20,0,0,20,0.0,0.0,0.0,0.0,0.0,1.0,-1
"F[0,1](((pH >= 0.535 | Temp >= 37.445) | Fibrinogen <= 38.257) & Chloride <= 38.366)
",-9999999.000,-9999999.000,0.000,0.000,1.000,0,0,0,20,20,0,0,20,0.0,0.0,0.0,0.0,0.0,1.0,-1
"F[2,2]((Calcium <= 3.411 & Potassium <= 2.580) & Magnesium >= 0.132)
",-4767797463536222.000,-0.132,0.000,0.000,1.000,0,0,0,20,20,0,0,20,0.0,0.0,0.0,0.0,0.0,1.0,-1
"F[0,0](Resp < 16.729 -> SepsisLabel = 0.000)
",0.414,6.041,0.000,0.000,1.000,0,0,0,20,20,0,0,20,0.0,0.0,0.0,0.0,0.0,1.0,-1
"F[2,2](DBP <= 60.411 -> SepsisLabel = 0.000)
",-60.411,-60.411,0.000,0.000,1.000,0,0,0,20,20,0,0,20,0.0,0.0,0.0,0.0,0.0,1.0,-1
"((pH >= 0.224) U[0,2] (SepsisLabel = 0.000))
",-9999999.000,-9999999.000,0.000,0.000,1.000,0,0,0,20,20,0,0,20,0.0,0.0,0.0,0.0,0.0,1.0,-1
"F[1,2]((HCO3 <= 6.297 -> Phosphate >= 0.030) & HR <= 2.360)
",-9999999.000,-9999999.000,0.000,0.000,1.000,0,0,0,20,20,0,0,20,0.0,0.0,0.0,0.0,0.0,1.0,-1
"F[1,2]((Phosphate >= 0.122 & Magnesium > 0.041) -> Calcium < 7.142)
",-9999999.000,-9999999.000,0.000,0.000,1.000,0,0,0,20,20,0,0,20,0.0,0.0,0.0,0.0,0.0,1.0,-1
"F[0,2](((Calcium < 7.856 & Potassium < 3.431) & Magnesium < 1.318) & Phosphate < 4.212)
",-9999999.000,-9999999.000,0.000,0.000,1.000,0,0,0,20,20,0,0,20,0.0,0.0,0.0,0.0,0.0,1.0,-1
"F[0,1](Hgb <= 4.001 | Hct <= 25.302)
",-9999999.000,-9999999.000,0.000,0.000,1.000,0,0,0,20,20,0,0,20,0.0,0.0,0.0,0.0,0.0,1.0,-1
"F[0,1]((BUN >= 0.604 -> WBC <= 9.601) -> MAP >= 0.335)
",-9999999.000,-9999999.000,0.000,0.000,1.000,0,0,0,20,20,0,0,20,0.0,0.0,0.0,0.0,0.0,1.0,-1
"((MAP >= 74.552) U[0,1] (SBP <= 132.436))
",-9999999.000,-9999999.000,0.000,0.000,1.000,0,0,0,20,20,0,0,20,0.0,0.0,0.0,0.0,0.0,1.0,-1
"F[0,1]((Phosphate >= 0.070 & Magnesium > 0.059) -> Calcium < 6.041)
",-9999999.000,-9999999.000,0.000,0.000,1.000,0,0,0,20,20,0,0,20,0.0,0.0,0.0,0.0,0.0,1.0,-1
"F[0,1](((Calcium < 7.477 & Potassium < 4.534) & Magnesium < 0.820) & Phosphate < 0.556)
",-9999999.000,-9999999.000,0.000,0.000,1.000,0,0,0,20,20,0,0,20,0.0,0.0,0.0,0.0,0.0,1.0,-1
"F[1,2](Hgb <= 5.128 | Hct <= 15.238)
",-9999999.000,-9999999.000,0.000,0.000,1.000,0,0,0,20,20,0,0,20,0.0,0.0,0.0,0.0,0.0,1.0,-1
"F[1,2](((Calcium < 0.416 & Potassium < 2.033) & Magnesium < 0.765) & Phosphate < 4.027)
",-9999999.000,-9999999.000,0.000,0.000,1.000,0,0,0,20,20,0,0,20,0.0,0.0,0.0,0.0,0.0,1.0,-1
"((MAP >= 75.505) U[0,2] (SBP <= 116.407))
",-9999999.000,-9999999.000,0.000,0.000,1.000,0,0,0,20,20,0,0,20,0.0,0.0,0.0,0.0,0.0,1.0,-1
"F[0,2](MAP < 82.198 & SepsisLabel = 0.000)
",-9999999.000,-9999999.000,0.000,0.000,1.000,0,0,0,20,20,0,0,20,0.0,0.0,0.0,0.0,0.0,1.0,-1
"F[0,2](((BUN <= 19.416 -> HCO3 <= 21.269) -> HR <= 15.448) & Platelets <= 15.526)
",-9999999.000,-9999999.000,0.000,0.000,1.000,0,0,0,20,20,0,0,20,0.0,0.0,0.0,0.0,0.0,1.0,-1
"F[1,2]((HR >= 77.551 & SaO2 <= 67.257) & Hct <= 44.830)
",-9999999.000,-9999999.000,0.000,0.000,1.000,0,0,0,20,20,0,0,20,0.0,0.0,0.0,0.0,0.0,1.0,-1
"((BUN >= 0.702) U[1,2] (Phosphate >= 0.028))
",-9999999.000,-9999999.000,0.000,0.000,1.000,0,0,0,20,20,0,0,20,0.0,0.0,0.0,0.0,0.0,1.0,-1
"F[2,2](Creatinine > 0.035 -> SepsisLabel = 0.000)
",0.000,0.000,0.000,0.000,1.000,0,0,0,20,20,0,0,20,0.0,0.0,0.0,0.0,0.0,1.0,-1
"((BUN < 15.903) U[2,2] (SepsisLabel = 0.000))
",8952467374474077.000,15.903,0.000,0.000,1.000,0,0,0,20,20,0,0,20,0.0,0.0,0.0,0.0,0.0,1.0,-1
"F[0,0](((Hct <= 18.081 | Hgb >= 1.407) & Temp <= 6.927) -> Lactate <= 3.175)
",0.501,20.737,0.000,0.000,1.000,0,0,0,20,20,0,0,20,0.0,0.0,0.0,0.0,0.0,1.0,-1
"F[0,2]((Chloride >= 4.643 & Potassium <= 2.298) -> Fibrinogen >= 0.045)
",-9999999.000,-9999999.000,0.000,0.000,1.000,0,0,0,20,20,0,0,20,0.0,0.0,0.0,0.0,0.0,1.0,-1
"F[1,2](Calcium >= 0.008 | Creatinine >= 0.005)
",-9999999.000,-9999999.000,0.000,0.000,1.000,0,0,0,20,20,0,0,20,0.0,0.0,0.0,0.0,0.0,1.0,-1
"F[1,2](Creatinine <= 1.457 | Phosphate >= 0.037)
",-9999999.000,-9999999.000,0.000,0.000,1.000,0,0,0,20,20,0,0,20,0.0,0.0,0.0,0.0,0.0,1.0,-1
"F[2,2]((Glucose >= 7.645 -> Platelets >= 6.285) | Alkalinephos >= 4.697)
",6.285,6.285,0.000,0.000,1.000,0,0,0,20,20,0,0,20,0.0,0.0,0.0,0.0,0.0,1.0,-1
"F[0,0]((Creatinine >= 0.031 -> WBC <= 5.642) | Hgb >= 0.001)
",0.572,6.356,0.000,0.000,1.000,0,0,0,20,20,0,0,20,0.0,0.0,0.0,0.0,0.0,1.0,-1
"F[0,0](((Hgb >= 1.366 & Platelets >= 3.543) | Bilirubin_direct <= 20.694) & Phosphate <= 74.834)
",59.115,20.614,0.000,0.000,1.000,0,0,0,20,20,0,0,20,0.0,0.0,0.0,0.0,0.0,1.0,-1
"F[2,2](Glucose <= 108.241 & Hgb <= 2.337)
",5262131368429300.000,2.337,0.000,0.000,1.000,0,0,0,20,20,0,0,20,0.0,0.0,0.0,0.0,0.0,1.0,-1
"F[1,2]((Glucose <= 96.610 -> Hct >= 3.500) -> SBP <= 15.814)
",-9999999.000,-9999999.000,0.000,0.000,1.000,0,0,0,20,20,0,0,20,0.0,0.0,0.0,0.0,0.0,1.0,-1
"F[1,1](Hct <= 30.891 & SepsisLabel = 0.000)
",0.000,0.000,0.000,0.000,1.000,0,0,0,20,20,0,0,20,0.0,0.0,0.0,0.0,0.0,1.0,-1
"F[0,2]((Chloride <= 86.419 | WBC <= 8.329) & SepsisLabel >= 0.156)
",-9999999.000,-9999999.000,0.000,0.000,1.000,0,0,0,20,20,0,0,20,0.0,0.0,0.0,0.0,0.0,1.0,-1
"F[1,2](HCO3 >= 0.156 & WBC >= 0.141)
",-9999999.000,-9999999.000,0.000,0.000,1.000,0,0,0,20,20,0,0,20,0.0,0.0,0.0,0.0,0.0,1.0,-1
"((MAP >= 67.203) U[2,2] (SBP <= 122.820))
",8642689196819037.000,122.820,0.000,0.000,1.000,0,0,0,20,20,0,0,20,0.0,0.0,0.0,0.0,0.0,1.0,-1
"F[1,1]((Phosphate >= 0.121 & Magnesium > 0.147) -> Calcium < 4.701)
",-4.701,-4.701,0.000,0.000,1.000,0,0,0,20,20,0,0,20,0.0,0.0,0.0,0.0,0.0,1.0,-1
"F[1,2]((Calcium <= 0.528 & Potassium <= 3.080) & Magnesium >= 0.145)
",-9999999.000,-9999999.000,0.000,0.000,1.000,0,0,0,20,20,0,0,20,0.0,0.0,0.0,0.0,0.0,1.0,-1
"F[1,1]((Calcium >= 0.106 | HCO3 <= 2.747) | HR >= 0.072)
",6185111288874066.000,2.747,0.000,0.000,1.000,0,0,0,20,20,0,0,20,0.0,0.0,0.0,0.0,0.0,1.0,-1
"F[1,1]((Phosphate >= 0.031 & Magnesium > 0.043) -> Calcium < 2.275)
",-5123092708794022.000,-2.275,0.000,0.000,1.000,0,0,0,20,20,0,0,20,0.0,0.0,0.0,0.0,0.0,1.0,-1
"F[0,2](((Calcium < 4.089 & Potassium < 3.225) & Magnesium < 0.773) & Phosphate < 4.106)
",-9999999.000,-9999999.000,0.000,0.000,1.000,0,0,0,20,20,0,0,20,0.0,0.0,0.0,0.0,0.0,1.0,-1
"F[0,2]((Calcium <= 3.650 & Potassium <= 4.300) & Magnesium >= 0.165)
",-9999999.000,-9999999.000,0.000,0.000,1.000,0,0,0,20,20,0,0,20,0.0,0.0,0.0,0.0,0.0,1.0,-1
"F[1,2](Hgb <= 5.053 | Hct <= 8.178)
",-9999999.000,-9999999.000,0.000,0.000,1.000,0,0,0,20,20,0,0,20,0.0,0.0,0.0,0.0,0.0,1.0,-1
"F[0,1]((Phosphate >= 0.038 & Magnesium > 0.209) -> Calcium < 2.645)
",-9999999.000,-9999999.000,0.000,0.000,1.000,0,0,0,20,20,0,0,20,0.0,0.0,0.0,0.0,0.0,1.0,-1
"F[2,2](((Calcium < 5.446 & Potassium < 0.803) & Magnesium < 1.098) & Phosphate < 2.849)
",0.803,0.803,0.000,0.000,1.000,0,0,0,20,20,0,0,20,0.0,0.0,0.0,0.0,0.0,1.0,-1
"F[1,2](DBP >= 53.120 & SBP <= 115.438)
",-9999999.000,-9999999.000,0.000,0.000,1.000,0,0,0,20,20,0,0,20,0.0,0.0,0.0,0.0,0.0,1.0,-1
"F[1,2](Hgb <= 3.873 | Hct <= 18.608)
",-9999999.000,-9999999.000,0.000,0.000,1.000,0,0,0,20,20,0,0,20,0.0,0.0,0.0,0.0,0.0,1.0,-1
"F[0,2](((Chloride <= 64.887 | SBP >= 108.776) -> Fibrinogen <= 135.623) & BaseExcess <= 130.027)
",-9999999.000,-9999999.000,0.000,0.000,1.000,0,0,0,20,20,0,0,20,0.0,0.0,0.0,0.0,0.0,1.0,-1
"F[1,1](O2Sat >= 19.698 | PTT <= 73.501)
",73.501,73.501,0.000,0.000,1.000,0,0,0,20,20,0,0,20,0.0,0.0,0.0,0.0,0.0,1.0,-1
"F[1,1]((Creatinine <= 0.646 -> Magnesium <= 1.034) | Chloride <= 1.436)
",6466991160521996.000,1.436,0.000,0.000,1.000,0,0,0,20,20,0,0,20,0.0,0.0,0.0,0.0,0.0,1.0,-1
"F[0,0]((HR <= 91.553 -> Platelets <= 104.848) -> Resp <= 89.835)
",-8.065,-34.085,0.000,0.000,1.000,0,0,0,20,20,0,0,20,0.0,0.0,0.0,0.0,0.0,1.0,-1
"F[2,2](((pH >= 0.331 | Phosphate <= 3.985) & Lactate <= 5.285) & Hct <= 0.236)
",0.236,0.236,0.000,0.000,1.000,0,0,0,20,20,0,0,20,0.0,0.0,0.0,0.0,0.0,1.0,-1
"F[2,2](PTT <= 7.447 & SaO2 >= 2.093)
",-2.093,-2.093,0.000,0.000,1.000,0,0,0,20,20,0,0,20,0.0,0.0,0.0,0.0,0.0,1.0,-1
"((MAP >= 71.897) U[0,2] (SBP <= 119.155))
",-9999999.000,-9999999.000,0.000,0.000,1.000,0,0,0,20,20,0,0,20,0.0,0.0,0.0,0.0,0.0,1.0,-1
"F[0,2]((Calcium <= 0.313 & Potassium <= 2.312) & Magnesium >= 0.038)
",-9999999.000,-9999999.000,0.000,0.000,1.000,0,0,0,20,20,0,0,20,0.0,0.0,0.0,0.0,0.0,1.0,-1
"F[2,2]((Calcium <= 5.649 & Potassium <= 2.921) & Magnesium >= 0.056)
",-8139379801200203.000,-0.056,0.000,0.000,1.000,0,0,0,20,20,0,0,20,0.0,0.0,0.0,0.0,0.0,1.0,-1
"F[2,2]((Phosphate >= 0.031 & Magnesium > 0.121) -> Calcium < 2.819)
",-6348808890079492.000,-2.819,0.000,0.000,1.000,0,0,0,20,20,0,0,20,0.0,0.0,0.0,0.0,0.0,1.0,-1
"((MAP >= 72.957) U[0,2] (SBP <= 121.805))
",-9999999.000,-9999999.000,0.000,0.000,1.000,0,0,0,20,20,0,0,20,0.0,0.0,0.0,0.0,0.0,1.0,-1
"F[0,2](Hgb <= 7.953 | Hct <= 15.192)
",-9999999.000,-9999999.000,0.000,0.000,1.000,0,0,0,20,20,0,0,20,0.0,0.0,0.0,0.0,0.0,1.0,-1
"F[1,2]((Calcium <= 4.069 & Potassium <= 3.925) & Magnesium >= 0.025)
",-9999999.000,-9999999.000,0.000,0.000,1.000,0,0,0,20,20,0,0,20,0.0,0.0,0.0,0.0,0.0,1.0,-1
"F[1,2]((Phosphate >= 0.077 & Magnesium > 0.077) -> Calcium < 2.754)
",-9999999.000,-9999999.000,0.000,0.000,1.000,0,0,0,20,20,0,0,20,0.0,0.0,0.0,0.0,0.0,1.0,-1
"F[1,2](BUN < 20.263 & SepsisLabel = 0.000)
",-9999999.000,-9999999.000,0.000,0.000,1.000,0,0,0,20,20,0,0,20,0.0,0.0,0.0,0.0,0.0,1.0,-1
"F[0,2](MAP < 77.304 & SepsisLabel = 0.000)
",-9999999.000,-9999999.000,0.000,0.000,1.000,0,0,0,20,20,0,0,20,0.0,0.0,0.0,0.0,0.0,1.0,-1
"F[2,2](((Calcium < 0.359 & Potassium < 1.483) & Magnesium < 1.560) & Phosphate < 4.387)
",0.359,0.359,0.000,0.000,1.000,0,0,0,20,20,0,0,20,0.0,0.0,0.0,0.0,0.0,1.0,-1
"F[0,2](HR > 76.714 -> SepsisLabel = 0.000)
",-9999999.000,-9999999.000,0.000,0.000,1.000,0,0,0,20,20,0,0,20,0.0,0.0,0.0,0.0,0.0,1.0,-1
"F[0,2](Hgb <= 3.882 | Hct <= 13.724)
",-9999999.000,-9999999.000,0.000,0.000,1.000,0,0,0,20,20,0,0,20,0.0,0.0,0.0,0.0,0.0,1.0,-1
"F[1,2]((Phosphate >= 0.021 & Magnesium > 0.188) -> Calcium < 2.409)
",-9999999.000,-9999999.000,0.000,0.000,1.000,0,0,0,20,20,0,0,20,0.0,0.0,0.0,0.0,0.0,1.0,-1
"F[0,2]((Phosphate >= 0.025 & Magnesium > 0.120) -> Calcium < 0.316)
",-9999999.000,-9999999.000,0.000,0.000,1.000,0,0,0,20,20,0,0,20,0.0,0.0,0.0,0.0,0.0,1.0,-1
"F[0,2](Hgb <= 5.129 | Hct <= 28.901)
",-9999999.000,-9999999.000,0.000,0.000,1.000,0,0,0,20,20,0,0,20,0.0,0.0,0.0,0.0,0.0,1.0,-1
"((MAP >= 75.983) U[2,2] (SBP <= 131.144))
",4614227210396322.000,131.144,0.000,0.000,1.000,0,0,0,20,20,0,0,20,0.0,0.0,0.0,0.0,0.0,1.0,-1
"F[0,1](((DBP <= 59.449 & SaO2 >= 6.585) & pH <= 23.521) -> SBP >= 10.478)
",-9999999.000,-9999999.000,0.000,0.000,1.000,0,0,0,20,20,0,0,20,0.0,0.0,0.0,0.0,0.0,1.0,-1
"F[0,1](((FiO2 <= 0.644 | O2Sat >= 63.297) | FiO2 >= 28.193) & HR <= 97.706)
",-9999999.000,-9999999.000,0.000,0.000,1.000,0,0,0,20,20,0,0,20,0.0,0.0,0.0,0.0,0.0,1.0,-1
"F[1,1](((Potassium <= 0.609 | SaO2 >= 8.424) -> EtCO2 <= 15.154) | Magnesium >= 0.172)
",-0.172,-0.172,0.000,0.000,1.000,0,0,0,20,20,0,0,20,0.0,0.0,0.0,0.0,0.0,1.0,-1
"G[0,2](Chloride >= 0.627 & HCO3 >= 0.177)
",9999999.000,9999999.000,0.000,1.000,0.000,0,0,0,20,20,0,0,20,0.0,0.0,0.0,0.0,0.0,1.0,1
"G[1,2](((Hgb <= 9.550 | Hct <= 29.441) -> WBC >= 0.043) & Platelets >= 10.544)
",9999999.000,9999999.000,0.000,1.000,0.000,0,0,1,19,19,1,1,19,0.0,0.0,1.0,0.0,0.0,1.0,1
"G[0,2](Platelets <= 48.597 -> WBC >= 0.156)
",9999999.000,9999999.000,0.000,1.000,0.000,0,0,0,20,20,0,0,20,0.0,0.0,0.0,0.0,0.0,1.0,1
"G[0,2](BUN <= 16.292 & Creatinine >= 0.069)
",9999999.000,9999999.000,0.000,1.000,0.000,0,0,0,20,20,0,0,20,0.0,0.0,0.0,0.0,0.0,1.0,1
"G[0,2](((Hgb <= 6.507 | Hct <= 20.113) -> WBC >= 0.343) & Platelets >= 1.473)
",9999999.000,9999999.000,0.000,1.000,0.000,0,0,0,20,20,0,0,20,0.0,0.0,0.0,0.0,0.0,1.0,1
"G[1,2](Platelets <= 86.958 -> WBC >= 0.031)
",9999999.000,9999999.000,0.000,1.000,0.000,0,0,2,18,18,2,2,18,0.0,0.0,1.0,0.0,0.0,1.0,1
"G[0,1](Chloride >= 0.742 & HCO3 >= 0.654)
",9999999.000,9999999.000,0.000,1.000,0.000,0,0,0,20,20,0,0,20,0.0,0.0,0.0,0.0,0.0,1.0,1
"G[2,2](BUN <= 2.951 & Creatinine >= 0.047)
",-6747217184390996.000,-0.047,0.000,1.000,0.000,0,0,20,0,0,20,20,0,0.0,0.0,1.0,0.0,0.0,1.0,1
"G[0,1](((Hgb <= 3.362 | Hct <= 12.395) -> WBC >= 0.442) & Platelets >= 1.951)
",9999999.000,9999999.000,0.000,1.000,0.000,0,0,0,20,20,0,0,20,0.0,0.0,0.0,0.0,0.0,1.0,1
"G[2,2](Platelets <= 46.293 -> WBC >= 0.042)
",-6515094321044844.000,-46.293,0.000,1.000,0.000,0,0,20,0,0,20,20,0,0.0,0.0,1.0,0.0,0.0,1.0,1
"G[0,2](Chloride >= 2.936 & HCO3 >= 0.769)
",9999999.000,9999999.000,0.000,1.000,0.000,0,0,0,20,20,0,0,20,0.0,0.0,0.0,0.0,0.0,1.0,1
"G[0,2](BUN <= 13.917 & Creatinine >= 0.030)
",9999999.000,9999999.000,0.000,1.000,0.000,0,0,0,20,20,0,0,20,0.0,0.0,0.0,0.0,0.0,1.0,1
"G[1,2](Platelets <= 58.447 -> WBC >= 0.165)
",9999999.000,9999999.000,0.000,1.000,0.000,0,0,2,18,18,2,2,18,0.0,0.0,1.0,0.0,0.0,1.0,1
"G[0,2](BUN <= 9.073 & Creatinine >= 0.030)
",9999999.000,9999999.000,0.000,1.000,0.000,0,0,0,20,20,0,0,20,0.0,0.0,0.0,0.0,0.0,1.0,1
"G[0,1]((FiO2 <= 0.824 | Glucose <= 82.256) -> TroponinI >= 19.618)
",9999999.000,9999999.000,0.000,1.000,0.000,0,0,0,20,20,0,0,20,0.0,0.0,0.0,0.0,0.0,1.0,1
"G[0,2](Platelets <= 141.547 -> WBC >= 0.382)
",9999999.000,9999999.000,0.000,1.000,0.000,0,0,0,20,20,0,0,20,0.0,0.0,0.0,0.0,0.0,1.0,1
"G[1,2](BUN <= 20.846 & Creatinine >= 0.053)
",9999999.000,9999999.000,0.000,1.000,0.000,0,0,1,19,19,1,1,19,0.0,0.0,1.0,0.0,0.0,1.0,1
"G[1,2](Chloride >= 1.106 & HCO3 >= 0.114)
",9999999.000,9999999.000,0.000,1.000,0.000,0,0,1,19,19,1,1,19,0.0,0.0,1.0,0.0,0.0,1.0,1
"G[2,2](BUN <= 20.350 & Creatinine >= 0.034)
",-4871383692785147.000,-0.034,0.000,1.000,0.000,0,0,20,0,0,20,20,0,0.0,0.0,1.0,0.0,0.0,1.0,1
"G[0,1](((Hgb <= 6.567 | Hct <= 9.954) -> WBC >= 0.461) & Platelets >= 8.970)
",9999999.000,9999999.000,0.000,1.000,0.000,0,0,0,20,20,0,0,20,0.0,0.0,0.0,0.0,0.0,1.0,1
"G[0,2](Platelets <= 137.884 -> WBC >= 0.254)
",9999999.000,9999999.000,0.000,1.000,0.000,0,0,0,20,20,0,0,20,0.0,0.0,0.0,0.0,0.0,1.0,1
"G[1,2](Chloride >= 4.378 & HCO3 >= 0.523)
",9999999.000,9999999.000,0.000,1.000,0.000,0,0,1,19,19,1,1,19,0.0,0.0,1.0,0.0,0.0,1.0,1
"G[0,0](BUN <= 23.028 & Creatinine >= 0.064)
",0.217,1.091,0.000,1.000,0.000,0,0,0,20,20,0,0,20,0.0,0.0,0.0,0.0,0.0,1.0,1
"G[0,2](((Hgb <= 3.463 | Hct <= 9.106) -> WBC >= 0.327) & Platelets >= 8.342)
",9999999.000,9999999.000,0.000,1.000,0.000,0,0,0,20,20,0,0,20,0.0,0.0,0.0,0.0,0.0,1.0,1
"G[0,0](BUN <= 5.741 & Creatinine >= 0.024)
",0.211,0.265,0.000,1.000,0.000,0,0,0,20,20,0,0,20,0.0,0.0,0.0,0.0,0.0,1.0,1
"G[0,1](Chloride >= 1.783 & HCO3 >= 0.177)
",9999999.000,9999999.000,0.000,1.000,0.000,0,0,0,20,20,0,0,20,0.0,0.0,0.0,0.0,0.0,1.0,1
"G[1,2](BUN <= 22.776 & Creatinine >= 0.004)
",9999999.000,9999999.000,0.000,1.000,0.000,0,0,1,19,19,1,1,19,0.0,0.0,1.0,0.0,0.0,1.0,1
"G[0,2]((Hgb >= 0.338 -> Magnesium <= 0.767) | HR >= 0.183)
",9999999.000,9999999.000,0.000,1.000,0.000,0,0,20,0,0,20,20,0,0.0,0.0,1.0,0.0,0.0,1.0,1
"G[1,2](((Phosphate <= 2.469 | Potassium >= 0.022) | Platelets <= 4.149) -> FiO2 <= 0.488)
",9999999.000,9999999.000,0.000,1.000,0.000,0,0,15,5,5,15,15,5,0.0,0.0,1.0,0.0,0.0,1.0,1
"G[0,2](((HCO3 >= 0.236 -> MAP <= 84.421) -> Temp >= 71.519) -> Temp <= 83.868)
",9999999.000,9999999.000,0.000,1.000,0.000,0,0,20,0,0,20,20,0,0.0,0.0,1.0,0.0,0.0,1.0,1
"G[0,2]((PaCO2 <= 30.097 | WBC >= 0.200) | Glucose >= 0.210)
",9999999.000,9999999.000,0.000,1.000,0.000,0,0,18,2,2,18,18,2,0.0,0.0,1.0,0.0,0.0,1.0,1
"G[0,2](((Phosphate >= 0.020 & SBP >= 110.415) & SBP <= 134.308) & O2Sat >= 112.674)
",9999999.000,9999999.000,0.000,1.000,0.000,0,0,0,20,20,0,0,20,0.0,0.0,0.0,0.0,0.0,1.0,1
"G[0,2](((Hct <= 14.115 -> MAP <= 79.073) -> MAP >= 73.420) | WBC <= 81.603)
",9999999.000,9999999.000,0.000,1.000,0.000,0,0,20,0,0,20,20,0,0.0,0.0,1.0,0.0,0.0,1.0,1
"G[0,0]((Glucose >= 13.438 & Resp <= 24.999) & Potassium >= 10.247)
",-7.276,-30.751,0.000,1.000,0.000,0,0,0,20,20,0,0,20,0.0,0.0,0.0,0.0,0.0,1.0,1
"G[1,2]((BaseExcess >= -3.474 -> SaO2 <= 67.698) -> PTT >= 2.696)
",9999999.000,9999999.000,0.000,1.000,0.000,0,0,3,17,17,3,3,17,0.0,0.0,1.0,0.0,0.0,1.0,1
"G[1,2](((Platelets >= 1.720 -> Resp >= 11.071) & HCO3 >= 10.427) & BaseExcess >= 15.930)
",9999999.000,9999999.000,0.000,1.000,0.000,0,0,0,20,20,0,0,20,0.0,0.0,0.0,0.0,0.0,1.0,1
"G[0,2](Creatinine <= 1.220 | SBP <= 125.867)
",9999999.000,9999999.000,0.000,1.000,0.000,0,0,19,1,1,19,19,1,0.0,0.0,1.0,0.0,0.0,1.0,1
"G[1,2](((Glucose <= 169.808 & O2Sat <= 99.648) -> Magnesium <= 99.523) & Magnesium <= 96.419)
",9999999.000,9999999.000,0.000,1.000,0.000,0,0,20,0,0,20,20,0,0.0,0.0,1.0,0.0,0.0,1.0,1
"G[1,1]((PTT >= 1.953 | Resp >= 13.558) & SepsisLabel >= 11.253)
",-6334699641549948.000,-11.253,0.000,1.000,0.000,0,0,0,20,20,0,0,20,0.0,0.0,0.0,0.0,0.0,1.0,1
"G[1,2](Glucose <= 101.562 -> MAP <= 80.604)
",9999999.000,9999999.000,0.000,1.000,0.000,0,0,17,3,3,17,17,3,0.0,0.0,1.0,0.0,0.0,1.0,1
"G[1,2](Calcium <= 0.217 & MAP >= 68.454)
",9999999.000,9999999.000,0.000,1.000,0.000,0,0,18,2,2,18,18,2,0.0,0.0,1.0,0.0,0.0,1.0,1
"G[1,2](DBP <= 55.949 & Resp >= 12.879)
",9999999.000,9999999.000,0.000,1.000,0.000,0,0,6,14,14,6,6,14,0.0,0.0,1.0,0.0,0.0,1.0,1
"G[0,2](MAP >= 67.958 & PTT <= 23.222)
",9999999.000,9999999.000,0.000,1.000,0.000,0,0,14,6,6,14,14,6,0.0,0.0,1.0,0.0,0.0,1.0,1
"G[0,1](((Chloride <= 56.169 -> Hgb >= 0.784) -> Temp <= 3.376) -> Phosphate >= 0.476)
",9999999.000,9999999.000,0.000,1.000,0.000,0,0,0,20,20,0,0,20,0.0,0.0,0.0,0.0,0.0,1.0,1
"G[0,1](PaCO2 >= 3.233 & Potassium >= 0.142)
",9999999.000,9999999.000,0.000,1.000,0.000,0,0,0,20,20,0,0,20,0.0,0.0,0.0,0.0,0.0,1.0,1
"G[1,2](Platelets <= 59.808 -> WBC >= 0.035)
",9999999.000,9999999.000,0.000,1.000,0.000,0,0,2,18,18,2,2,18,0.0,0.0,1.0,0.0,0.0,1.0,1
"G[2,2](Chloride >= 0.649 | Magnesium >= 0.200)
",-7201684400147148.000,-0.200,0.000,1.000,0.000,0,0,20,0,0,20,20,0,0.0,0.0,1.0,0.0,0.0,1.0,1
"G[0,2](DBP >= 53.057 | Phosphate >= 0.042)
",9999999.000,9999999.000,0.000,1.000,0.000,0,0,11,9,9,11,11,9,0.0,0.0,1.0,0.0,0.0,1.0,1
"G[1,2]((Calcium >= 0.165 | DBP >= 54.643) & Fibrinogen >= 53.315)
",9999999.000,9999999.000,0.000,1.000,0.000,0,0,0,20,20,0,0,20,0.0,0.0,0.0,0.0,0.0,1.0,1
"G[2,2](Hct >= 4.019 & O2Sat <= 97.276)
",-2262658764699667.000,-4.019,0.000,1.000,0.000,0,0,20,0,0,20,20,0,0.0,0.0,1.0,0.0,0.0,1.0,1
"G[0,2](((FiO2 <= 0.791 | Resp <= 19.984) | AST >= 11.198) | Lactate <= 24.099)
",9999999.000,9999999.000,0.000,1.000,0.000,0,0,20,0,0,20,20,0,0.0,0.0,1.0,0.0,0.0,1.0,1
"G[1,2](Hct <= 15.818 & Phosphate >= 0.095)
",9999999.000,9999999.000,0.000,1.000,0.000,0,0,0,20,20,0,0,20,0.0,0.0,0.0,0.0,0.0,1.0,1
"G[1,2](pH >= 1.455 -> SBP >= 110.443)
",9999999.000,9999999.000,0.000,1.000,0.000,0,0,20,0,0,20,20,0,0.0,0.0,1.0,0.0,0.0,1.0,1
"G[2,2]((BaseExcess <= 0.979 | Glucose >= 3.349) | BUN <= 135.593)
",4770746600856950.000,135.593,0.000,1.000,0.000,0,0,20,0,0,20,20,0,0.0,0.0,1.0,0.0,0.0,1.0,1
"G[1,2]((BaseExcess >= -3.575 -> HR <= 85.182) -> Phosphate <= 97.038)
",9999999.000,9999999.000,0.000,1.000,0.000,0,0,20,0,0,20,20,0,0.0,0.0,1.0,0.0,0.0,1.0,1
"G[2,2](((DBP >= 50.198 & FiO2 >= 0.007) | BaseExcess <= 0.701) | Temp <= 0.282)
",0.701,0.701,0.000,1.000,0.000,0,0,20,0,0,20,20,0,0.0,0.0,1.0,0.0,0.0,1.0,1
"G[0,1](Chloride >= 1.635 & HCO3 >= 0.372)
",9999999.000,9999999.000,0.000,1.000,0.000,0,0,0,20,20,0,0,20,0.0,0.0,0.0,0.0,0.0,1.0,1
"G[0,2](MAP <= 76.622 -> SBP >= 105.019)
",9999999.000,9999999.000,0.000,1.000,0.000,0,0,14,6,6,14,14,6,0.0,0.0,1.0,0.0,0.0,1.0,1
"F[0,1](TroponinI >= 0.000 & Fibrinogen >= 0.000)
",-9999999.000,-9999999.000,0.000,0.000,1.000,0,0,0,20,20,0,0,20,0.0,0.0,0.0,0.0,0.0,1.0,-1
"G[1,2]((Magnesium >= 0.093 | O2Sat <= 96.750) & Magnesium <= 99.284)
",9999999.000,9999999.000,0.000,1.000,0.000,0,0,2,18,18,2,2,18,0.0,0.0,1.0,0.0,0.0,1.0,1
"G[0,2](BUN >= 0.748 & PaCO2 <= 27.309)
",9999999.000,9999999.000,0.000,1.000,0.000,0,0,0,20,20,0,0,20,0.0,0.0,0.0,0.0,0.0,1.0,1
"G[2,2]((Magnesium >= 0.085 & Calcium <= 2.499) | PTT <= 1.145)
",1.145,1.145,0.000,1.000,0.000,0,0,20,0,0,20,20,0,0.0,0.0,1.0,0.0,0.0,1.0,1
"G[0,2](((Platelets <= 52.994 | BUN >= 0.742) & Alkalinephos <= 15.947) -> PTT <= 19.782)
",9999999.000,9999999.000,0.000,1.000,0.000,0,0,18,2,2,18,18,2,0.0,0.0,1.0,0.0,0.0,1.0,1
"G[0,2](SaO2 <= 64.253 -> Fibrinogen >= 0.000)
",9999999.000,9999999.000,0.000,1.000,0.000,0,0,20,0,0,20,20,0,0.0,0.0,1.0,0.0,0.0,1.0,1
"G[0,2](WBC <= 7.945 | Fibrinogen <= 0.000)
",9999999.000,9999999.000,0.000,1.000,0.000,0,0,20,0,0,20,20,0,0.0,0.0,1.0,0.0,0.0,1.0,1
"G[0,2](((HCO3 <= 21.415 -> pH >= 0.528) | O2Sat >= 1.425) -> Potassium >= 0.746)
",9999999.000,9999999.000,0.000,1.000,0.000,0,0,0,20,20,0,0,20,0.0,0.0,0.0,0.0,0.0,1.0,1
"G[1,2](((Hgb >= 0.807 -> Chloride >= 1.433) | EtCO2 >= 0.752) -> WBC <= 80.224)
",9999999.000,9999999.000,0.000,1.000,0.000,0,0,20,0,0,20,20,0,0.0,0.0,1.0,0.0,0.0,1.0,1
"G[1,2]((BUN >= 0.539 -> Potassium <= 3.311) & SBP >= 0.380)
",9999999.000,9999999.000,0.000,1.000,0.000,0,0,19,1,1,19,19,1,0.0,0.0,1.0,0.0,0.0,1.0,1
"G[2,2]((PTT <= 24.636 | AST >= 0.000) -> TroponinI >= 0.000)
",-6934280064020044.000,-24.636,0.000,1.000,0.000,0,0,20,0,0,20,20,0,0.0,0.0,1.0,0.0,0.0,1.0,1
"G[2,2](((Chloride >= 2.583 -> MAP <= 78.373) & WBC >= 73.553) -> Temp <= 82.669)
",-5817305003093036.000,-82.669,0.000,1.000,0.000,0,0,20,0,0,20,20,0,0.0,0.0,1.0,0.0,0.0,1.0,1
"G[2,2](((EtCO2 <= 0.000 & Temp >= 36.579) -> PTT <= 38.507) & Temp <= 38.476)
",-5419410692786914.000,-38.507,0.000,1.000,0.000,0,0,20,0,0,20,20,0,0.0,0.0,1.0,0.0,0.0,1.0,1
"G[1,2](((SepsisLabel >= 0.000 | Temp <= 38.008) -> Temp <= 38.461) -> Hgb >= 36.863)
",9999999.000,9999999.000,0.000,1.000,0.000,0,0,4,16,16,4,4,16,0.0,0.0,1.0,0.0,0.0,1.0,1
"G[1,2](Creatinine >= 0.032 & Creatinine <= 1.045)
",9999999.000,9999999.000,0.000,1.000,0.000,0,0,0,20,20,0,0,20,0.0,0.0,0.0,0.0,0.0,1.0,1
"G[1,2]((BUN <= 5.447 & O2Sat >= 81.466) | Temp >= 49.722)
",9999999.000,9999999.000,0.000,1.000,0.000,0,0,19,1,1,19,19,1,0.0,0.0,1.0,0.0,0.0,1.0,1
"G[0,2]((Bilirubin_total >= 0.000 -> PTT >= 4.605) -> HCO3 >= 3.902)
",9999999.000,9999999.000,0.000,1.000,0.000,0,0,18,2,2,18,18,2,0.0,0.0,1.0,0.0,0.0,1.0,1
"G[0,2](((HR <= 104.847 -> Hgb >= 0.398) -> PaCO2 >= 1.495) | WBC <= 6.504)
",9999999.000,9999999.000,0.000,1.000,0.000,0,0,19,1,1,19,19,1,0.0,0.0,1.0,0.0,0.0,1.0,1
"G[1,2](HCO3 >= 0.632 | Bilirubin_total <= 0.000)
",9999999.000,9999999.000,0.000,1.000,0.000,0,0,20,0,0,20,20,0,0.0,0.0,1.0,0.0,0.0,1.0,1
"G[1,2](((FiO2 <= 0.599 | TroponinI <= 0.000) -> FiO2 <= 0.000) -> BaseExcess >= 0.000)
",9999999.000,9999999.000,0.000,1.000,0.000,0,0,20,0,0,20,20,0,0.0,0.0,1.0,0.0,0.0,1.0,1
"G[1,2]((BUN >= 0.500 -> SBP >= 92.246) | DBP >= 108.538)
",9999999.000,9999999.000,0.000,1.000,0.000,0,0,20,0,0,20,20,0,0.0,0.0,1.0,0.0,0.0,1.0,1
"G[2,2]((HR <= 92.366 -> Phosphate >= 0.108) -> SepsisLabel <= 3.546)
",-7984570166300003.000,-3.546,0.000,1.000,0.000,0,0,20,0,0,20,20,0,0.0,0.0,1.0,0.0,0.0,1.0,1
"G[0,2]((BaseExcess >= 0.069 & Platelets >= 12.569) & Alkalinephos >= 4.081)
",9999999.000,9999999.000,0.000,1.000,0.000,0,0,0,20,20,0,0,20,0.0,0.0,0.0,0.0,0.0,1.0,1
"G[0,2]((Lactate <= 0.000 -> Hgb >= 1.079) & SaO2 >= 0.821)
",9999999.000,9999999.000,0.000,1.000,0.000,0,0,0,20,20,0,0,20,0.0,0.0,0.0,0.0,0.0,1.0,1
"G[0,1](((SepsisLabel >= 0.000 | PTT >= 3.299) & BaseExcess >= 1.060) & Hgb <= 39.681)
",9999999.000,9999999.000,0.000,1.000,0.000,0,0,0,20,20,0,0,20,0.0,0.0,0.0,0.0,0.0,1.0,1
"G[0,2](Potassium <= 1.112 | Fibrinogen <= 0.000)
",9999999.000,9999999.000,0.000,1.000,0.000,0,0,20,0,0,20,20,0,0.0,0.0,1.0,0.0,0.0,1.0,1
"G[0,2](((pH <= 6.497 | SBP <= 124.796) | Lactate >= 96.574) | SBP <= 126.830)
",9999999.000,9999999.000,0.000,1.000,0.000,0,0,19,1,1,19,19,1,0.0,0.0,1.0,0.0,0.0,1.0,1
"G[0,2](O2Sat <= 98.814 -> Fibrinogen <= 0.000)
",9999999.000,9999999.000,0.000,1.000,0.000,0,0,20,0,0,20,20,0,0.0,0.0,1.0,0.0,0.0,1.0,1
"G[0,2]((Resp <= 25.166 -> Hct >= 1.324) -> EtCO2 <= 6.015)
",9999999.000,9999999.000,0.000,1.000,0.000,0,0,20,0,0,20,20,0,0.0,0.0,1.0,0.0,0.0,1.0,1
"G[1,2](((WBC <= 9.464 -> PTT <= 12.474) -> Calcium >= 3.774) | Magnesium >= 2.328)
",9999999.000,9999999.000,0.000,1.000,0.000,0,0,2,18,18,2,2,18,0.0,0.0,1.0,0.0,0.0,1.0,1
"G[1,1]((Magnesium >= 0.071 & MAP <= 77.706) | TroponinI >= 72.901)
",-0.071,-0.071,0.000,1.000,0.000,0,0,0,20,20,0,0,20,0.0,0.0,0.0,0.0,0.0,1.0,1
"G[0,2](((WBC <= 11.401 -> Potassium <= 3.201) | BUN >= 0.102) | HCO3 <= 3.488)
",9999999.000,9999999.000,0.000,1.000,0.000,0,0,20,0,0,20,20,0,0.0,0.0,1.0,0.0,0.0,1.0,1
"G[1,2](((Hct <= 24.683 & PaCO2 >= 4.468) & BaseExcess <= 31.558) & HCO3 >= 0.418)
",9999999.000,9999999.000,0.000,1.000,0.000,0,0,0,20,20,0,0,20,0.0,0.0,0.0,0.0,0.0,1.0,1
"G[0,1](((Hct >= 2.003 & pH >= 0.614) | TroponinI <= 4.554) & HR <= 5.162)
",9999999.000,9999999.000,0.000,1.000,0.000,0,0,0,20,20,0,0,20,0.0,0.0,0.0,0.0,0.0,1.0,1
"G[1,2](((Glucose >= 11.265 & pH <= 6.660) & Bilirubin_total <= 4.405) | Temp >= 0.267)
",9999999.000,9999999.000,0.000,1.000,0.000,0,0,20,0,0,20,20,0,0.0,0.0,1.0,0.0,0.0,1.0,1
"G[0,2](HR <= 100.136 | Resp <= 20.225)
",9999999.000,9999999.000,0.000,1.000,0.000,0,0,20,0,0,20,20,0,0.0,0.0,1.0,0.0,0.0,1.0,1
"G[2,2](((Chloride <= 31.217 | Phosphate <= 3.473) -> FiO2 >= 0.021) | AST <= 4.218)
",4749195189042666.000,4.218,0.000,1.000,0.000,0,0,20,0,0,20,20,0,0.0,0.0,1.0,0.0,0.0,1.0,1
"G[0,1](((BUN <= 3.750 & Potassium >= 0.197) -> Bilirubin_direct <= 2.117) -> HR <= 3.690)
",9999999.000,9999999.000,0.000,1.000,0.000,0,0,0,20,20,0,0,20,0.0,0.0,0.0,0.0,0.0,1.0,1
"G[0,1](HCO3 >= 0.195 & Potassium <= 1.700)
",9999999.000,9999999.000,0.000,1.000,0.000,0,0,0,20,20,0,0,20,0.0,0.0,0.0,0.0,0.0,1.0,1
"G[0,1](Platelets <= 50.444 & PTT >= 0.122)
",9999999.000,9999999.000,0.000,1.000,0.000,0,0,0,20,20,0,0,20,0.0,0.0,0.0,0.0,0.0,1.0,1
"G[0,1](((PaCO2 >= 6.030 | Platelets <= 139.916) & Bilirubin_total <= 148.630) & Hgb >= 2.895)
",9999999.000,9999999.000,0.000,1.000,0.000,0,0,0,20,20,0,0,20,0.0,0.0,0.0,0.0,0.0,1.0,1
"G[0,2](BUN <= 1.884 -> Calcium <= 2.911)
",9999999.000,9999999.000,0.000,1.000,0.000,0,0,20,0,0,20,20,0,0.0,0.0,1.0,0.0,0.0,1.0,1
"G[1,2](((Chloride <= 24.285 | Creatinine <= 0.746) | PTT >= 0.062) | AST >= 0.064)
",9999999.000,9999999.000,0.000,1.000,0.000,0,0,20,0,0,20,20,0,0.0,0.0,1.0,0.0,0.0,1.0,1
"G[1,2]((BUN >= 0.110 -> Creatinine >= 0.073) | pH >= 0.015)
",9999999.000,9999999.000,0.000,1.000,0.000,0,0,20,0,0,20,20,0,0.0,0.0,1.0,0.0,0.0,1.0,1
"G[2,2]((Chloride <= 82.434 & HCO3 <= 13.687) -> Calcium >= 0.726)
",-7705283525419982.000,-13.687,0.000,1.000,0.000,0,0,20,0,0,20,20,0,0.0,0.0,1.0,0.0,0.0,1.0,1
"G[1,2](Bilirubin_direct <= 0.000 -> SepsisLabel = 0.000)
",9999999.000,9999999.000,0.000,1.000,0.000,0,0,20,0,0,20,20,0,0.0,0.0,1.0,0.0,0.0,1.0,1
"G[0,2](HR >= 74.119 -> SepsisLabel = 0.000)
",9999999.000,9999999.000,0.000,1.000,0.000,0,0,20,0,0,20,20,0,0.0,0.0,1.0,0.0,0.0,1.0,1
"G[1,2](Lactate > 0.000 -> SepsisLabel = 0.000)
",9999999.000,9999999.000,0.000,1.000,0.000,0,0,20,0,0,20,20,0,0.0,0.0,1.0,0.0,0.0,1.0,1
"G[0,2](PTT < 17.998 & SepsisLabel = 0.000)
",9999999.000,9999999.000,0.000,1.000,0.000,0,0,16,4,4,16,16,4,0.0,0.0,1.0,0.0,0.0,1.0,1
"G[2,2](EtCO2 > 0.000 -> SepsisLabel = 0.000)
",0.000,0.000,0.000,1.000,0.000,0,0,20,0,0,20,20,0,0.0,0.0,1.0,0.0,0.0,1.0,1
"G[0,2](Magnesium < 2.286 & SepsisLabel = 0.000)
",9999999.000,9999999.000,0.000,1.000,0.000,0,0,19,1,1,19,19,1,0.0,0.0,1.0,0.0,0.0,1.0,1
"G[0,1](BUN <= 7.559 & Creatinine >= 0.008)
",9999999.000,9999999.000,0.000,1.000,0.000,0,0,0,20,20,0,0,20,0.0,0.0,0.0,0.0,0.0,1.0,1
"G[0,1](((Hgb <= 7.164 | Hct <= 28.789) -> WBC >= 0.348) & Platelets >= 5.720)
",9999999.000,9999999.000,0.000,1.000,0.000,0,0,0,20,20,0,0,20,0.0,0.0,0.0,0.0,0.0,1.0,1
"G[1,2](((FiO2 >= 0.188 -> Temp >= 35.655) & Hct >= 37.411) -> FiO2 >= 36.449)
",9999999.000,9999999.000,0.000,1.000,0.000,0,0,20,0,0,20,20,0,0.0,0.0,1.0,0.0,0.0,1.0,1
"G[1,1]((HCO3 >= 0.577 & pH <= 4.352) & EtCO2 >= 0.595)
",-0.595,-0.595,0.000,1.000,0.000,0,0,0,20,20,0,0,20,0.0,0.0,0.0,0.0,0.0,1.0,1
"G[0,2]((Hgb <= 7.933 | SaO2 <= 91.043) & HR <= 34.992)
",9999999.000,9999999.000,0.000,1.000,0.000,0,0,0,20,20,0,0,20,0.0,0.0,0.0,0.0,0.0,1.0,1
"G[1,2](Chloride <= 32.282 -> pH >= 1.574)
",9999999.000,9999999.000,0.000,1.000,0.000,0,0,3,17,17,3,3,17,0.0,0.0,1.0,0.0,0.0,1.0,1
"G[0,2](((SaO2 >= 8.323 | Temp >= 36.313) -> Chloride <= 38.388) & Hct >= 35.973)
",9999999.000,9999999.000,0.000,1.000,0.000,0,0,0,20,20,0,0,20,0.0,0.0,0.0,0.0,0.0,1.0,1
"G[0,2]((Calcium >= 0.193 -> Hgb <= 3.802) -> FiO2 <= 7.457)
",9999999.000,9999999.000,0.000,1.000,0.000,0,0,20,0,0,20,20,0,0.0,0.0,1.0,0.0,0.0,1.0,1
"G[2,2](((FiO2 >= 0.161 & PaCO2 >= 4.662) & Bilirubin_direct <= 38.231) | Bilirubin_direct >= 5.886)
",-4.662,-4.662,0.000,1.000,0.000,0,0,20,0,0,20,20,0,0.0,0.0,1.0,0.0,0.0,1.0,1
"F[1,1](BUN <= 4.245 | HR >= 75.681)
",4779522173345026.000,4.245,0.000,0.000,1.000,0,0,0,20,20,0,0,20,0.0,0.0,0.0,0.0,0.0,1.0,-1
"F[0,1](HR <= 102.272 -> MAP <= 82.713)
",-9999999.000,-9999999.000,0.000,0.000,1.000,0,0,0,20,20,0,0,20,0.0,0.0,0.0,0.0,0.0,1.0,-1
"F[0,2]((FiO2 <= 0.827 -> WBC >= 0.222) & FiO2 <= 4.695)
",-9999999.000,-9999999.000,0.000,0.000,1.000,0,0,0,20,20,0,0,20,0.0,0.0,0.0,0.0,0.0,1.0,-1
"F[0,1](((BaseExcess >= -3.360 & Hgb >= 0.296) -> TroponinI <= 3.866) -> AST <= 9.240)
",-9999999.000,-9999999.000,0.000,0.000,1.000,0,0,0,20,20,0,0,20,0.0,0.0,0.0,0.0,0.0,1.0,-1
"F[2,2]((HCO3 >= 0.493 | Resp <= 25.023) & Glucose >= 13.780)
",-13.780,-13.780,0.000,0.000,1.000,0,0,0,20,20,0,0,20,0.0,0.0,0.0,0.0,0.0,1.0,-1
"F[0,2](DBP >= 49.069 | PaCO2 <= 43.132)
",-9999999.000,-9999999.000,0.000,0.000,1.000,0,0,0,20,20,0,0,20,0.0,0.0,0.0,0.0,0.0,1.0,-1
"F[0,1](((DBP >= 53.533 | Hgb >= 0.219) | HR >= 0.586) & Calcium <= 2.643)
",-9999999.000,-9999999.000,0.000,0.000,1.000,0,0,0,20,20,0,0,20,0.0,0.0,0.0,0.0,0.0,1.0,-1
"F[1,2]((Glucose <= 161.957 | Calcium >= 0.142) & FiO2 <= 6.317)
",-9999999.000,-9999999.000,0.000,0.000,1.000,0,0,0,20,20,0,0,20,0.0,0.0,0.0,0.0,0.0,1.0,-1
"F[0,2](((Alkalinephos >= 0.000 -> Magnesium <= 2.149) | Hgb <= 0.479) & Platelets >= 0.020)
",-9999999.000,-9999999.000,0.000,0.000,1.000,0,0,0,20,20,0,0,20,0.0,0.0,0.0,0.0,0.0,1.0,-1
"F[1,1](((DBP <= 55.673 -> Fibrinogen >= 0.000) | Hct <= 0.000) | Resp <= 0.000)
",0.000,0.000,0.000,0.000,1.000,0,0,0,20,20,0,0,20,0.0,0.0,0.0,0.0,0.0,1.0,-1
"F[1,2](((Magnesium >= 0.181 & Resp <= 23.636) | Alkalinephos >= 14.100) & Glucose >= 13.305)
",-9999999.000,-9999999.000,0.000,0.000,1.000,0,0,0,20,20,0,0,20,0.0,0.0,0.0,0.0,0.0,1.0,-1
"F[1,2](((PTT <= 10.389 -> SBP <= 123.062) -> Potassium >= 106.802) & SepsisLabel <= 122.362)
",-9999999.000,-9999999.000,0.000,0.000,1.000,0,0,0,20,20,0,0,20,0.0,0.0,0.0,0.0,0.0,1.0,-1
"F[0,1](((MAP >= 71.986 & pH >= 1.061) | FiO2 <= 3.366) -> Temp >= 0.641)
",-9999999.000,-9999999.000,0.000,0.000,1.000,0,0,0,20,20,0,0,20,0.0,0.0,0.0,0.0,0.0,1.0,-1
"F[0,2](((HR >= 74.537 | WBC >= 0.277) & SepsisLabel <= 6.292) -> TroponinI >= 0.159)
",-9999999.000,-9999999.000,0.000,0.000,1.000,0,0,0,20,20,0,0,20,0.0,0.0,0.0,0.0,0.0,1.0,-1
"G[0,1]((Creatinine <= 0.531 | Hgb <= 9.076) & Magnesium >= 0.127)
",9999999.000,9999999.000,0.000,1.000,0.000,0,0,0,20,20,0,0,20,0.0,0.0,0.0,0.0,0.0,1.0,1
"F[0,2](((Chloride <= 33.257 & FiO2 <= 0.597) | Calcium <= 0.276) -> Bilirubin_total >= 0.005)
",-9999999.000,-9999999.000,0.000,0.000,1.000,0,0,0,20,20,0,0,20,0.0,0.0,0.0,0.0,0.0,1.0,-1
"F[1,2](Creatinine >= 0.031 & FiO2 >= 0.125)
",-9999999.000,-9999999.000,0.000,0.000,1.000,0,0,0,20,20,0,0,20,0.0,0.0,0.0,0.0,0.0,1.0,-1
"F[2,2](DBP <= 55.978 & Hct <= 26.165)
",7364679302213906.000,26.165,0.000,0.000,1.000,0,0,0,20,20,0,0,20,0.0,0.0,0.0,0.0,0.0,1.0,-1
"F[1,2]((BaseExcess <= 1.052 & Resp >= 13.665) -> BaseExcess <= 25.100)
",-9999999.000,-9999999.000,0.000,0.000,1.000,0,0,0,20,20,0,0,20,0.0,0.0,0.0,0.0,0.0,1.0,-1
"G[0,2](Chloride <= 32.040 & HR <= 98.383)
",9999999.000,9999999.000,0.000,1.000,0.000,0,0,17,3,3,17,17,3,0.0,0.0,1.0,0.0,0.0,1.0,1
"G[1,2]((O2Sat <= 99.002 | Phosphate <= 4.256) -> PTT <= 2.541)
",9999999.000,9999999.000,0.000,1.000,0.000,0,0,18,2,2,18,18,2,0.0,0.0,1.0,0.0,0.0,1.0,1
"G[1,2](((BaseExcess >= -0.329 -> PaCO2 <= 39.490) & Hct <= 39.990) -> Magnesium >= 4.444)
",9999999.000,9999999.000,0.000,1.000,0.000,0,0,2,18,18,2,2,18,0.0,0.0,1.0,0.0,0.0,1.0,1
"G[0,2]((Lactate >= 0.000 & Fibrinogen >= 0.000) & DBP >= 0.000)
",9999999.000,9999999.000,0.000,1.000,0.000,0,0,20,0,0,20,20,0,0.0,0.0,1.0,0.0,0.0,1.0,1
"G[0,1](((BaseExcess >= -4.674 | pH <= 5.372) & BaseExcess <= 6.367) & PaCO2 >= 1.164)
",9999999.000,9999999.000,0.000,1.000,0.000,0,0,0,20,20,0,0,20,0.0,0.0,0.0,0.0,0.0,1.0,1
"G[1,2](BUN >= 1.082 | Temp >= 36.902)
",9999999.000,9999999.000,0.000,1.000,0.000,0,0,18,2,2,18,18,2,0.0,0.0,1.0,0.0,0.0,1.0,1
"G[1,2](((O2Sat <= 96.491 & DBP <= 64.008) | Hct <= 60.158) & Magnesium <= 60.286)
",9999999.000,9999999.000,0.000,1.000,0.000,0,0,20,0,0,20,20,0,0.0,0.0,1.0,0.0,0.0,1.0,1
"G[2,2](((Calcium <= 1.029 -> O2Sat <= 98.125) | Temp <= 97.976) -> FiO2 <= 98.336)
",-3459896473784989.500,-98.336,0.000,1.000,0.000,0,0,20,0,0,20,20,0,0.0,0.0,1.0,0.0,0.0,1.0,1
"F[0,2](((Creatinine >= 0.036 & HR <= 98.608) | Calcium <= 101.849) & Resp <= 108.793)
",-9999999.000,-9999999.000,0.000,0.000,1.000,0,0,0,20,20,0,0,20,0.0,0.0,0.0,0.0,0.0,1.0,-1
"F[1,2](((Fibrinogen >= 0.000 -> MAP >= 70.018) -> Potassium >= 75.052) & PaCO2 <= 77.555)
",-9999999.000,-9999999.000,0.000,0.000,1.000,0,0,0,20,20,0,0,20,0.0,0.0,0.0,0.0,0.0,1.0,-1
"F[0,1](FiO2 >= 0.059 -> HCO3 <= 13.407)
",-9999999.000,-9999999.000,0.000,0.000,1.000,0,0,0,20,20,0,0,20,0.0,0.0,0.0,0.0,0.0,1.0,-1
"F[0,1](((Magnesium >= 0.147 & SBP <= 134.032) | Temp <= 122.910) | Potassium >= 106.829)
",-9999999.000,-9999999.000,0.000,0.000,1.000,0,0,0,20,20,0,0,20,0.0,0.0,0.0,0.0,0.0,1.0,-1
"F[0,2](((AST >= 0.000 -> Alkalinephos >= 0.000) -> EtCO2 <= 0.000) & SBP <= 0.000)
",-9999999.000,-9999999.000,0.000,0.000,1.000,0,0,0,20,20,0,0,20,0.0,0.0,0.0,0.0,0.0,1.0,-1
"F[0,1]((SaO2 <= 54.543 -> Bilirubin_direct <= 0.000) | SBP >= 0.000)
",-9999999.000,-9999999.000,0.000,0.000,1.000,0,0,0,20,20,0,0,20,0.0,0.0,0.0,0.0,0.0,1.0,-1
"((BUN >= 0.317) U[0,2] (SaO2 <= 95.029))
",-9999999.000,-9999999.000,0.000,0.000,1.000,0,0,0,20,20,0,0,20,0.0,0.0,0.0,0.0,0.0,1.0,-1
"F[2,2]((Potassium >= 0.343 -> Temp <= 38.236) | EtCO2 <= 38.400)
",5404313442708786.000,38.400,0.000,0.000,1.000,0,0,0,20,20,0,0,20,0.0,0.0,0.0,0.0,0.0,1.0,-1
"F[1,2](SaO2 >= 0.849 | Creatinine <= 0.182)
",-9999999.000,-9999999.000,0.000,0.000,1.000,0,0,0,20,20,0,0,20,0.0,0.0,0.0,0.0,0.0,1.0,-1
"F[0,1]((O2Sat >= 74.830 -> SaO2 >= 12.203) -> BUN <= 57.588)
",-9999999.000,-9999999.000,0.000,0.000,1.000,0,0,0,20,20,0,0,20,0.0,0.0,0.0,0.0,0.0,1.0,-1
"F[0,1]((BaseExcess >= -2.866 & Potassium <= 1.955) -> Chloride <= 0.461)
",-9999999.000,-9999999.000,0.000,0.000,1.000,0,0,0,20,20,0,0,20,0.0,0.0,0.0,0.0,0.0,1.0,-1
"F[1,2]((BaseExcess <= 2.155 | SBP >= 109.073) & HR <= 125.248)
",-9999999.000,-9999999.000,0.000,0.000,1.000,0,0,0,20,20,0,0,20,0.0,0.0,0.0,0.0,0.0,1.0,-1
"F[1,2](MAP <= 82.010 & Resp <= 24.302)
",-9999999.000,-9999999.000,0.000,0.000,1.000,0,0,0,20,20,0,0,20,0.0,0.0,0.0,0.0,0.0,1.0,-1
"F[1,2]((Lactate <= 0.000 & Magnesium <= 0.618) | Calcium >= 0.088)
",-9999999.000,-9999999.000,0.000,0.000,1.000,0,0,0,20,20,0,0,20,0.0,0.0,0.0,0.0,0.0,1.0,-1
"F[0,2]((pH >= 0.611 & Platelets <= 140.197) & WBC <= 44.870)
",-9999999.000,-9999999.000,0.000,0.000,1.000,0,0,0,20,20,0,0,20,0.0,0.0,0.0,0.0,0.0,1.0,-1
"F[0,2]((Potassium <= 2.513 -> SBP >= 108.392) -> HR <= 128.306)
",-9999999.000,-9999999.000,0.000,0.000,1.000,0,0,0,20,20,0,0,20,0.0,0.0,0.0,0.0,0.0,1.0,-1
"F[2,2](((HCO3 >= 0.218 & SaO2 >= 9.951) | SBP >= 0.422) | SBP >= 4.068)
",-0.422,-0.422,0.000,0.000,1.000,0,0,0,20,20,0,0,20,0.0,0.0,0.0,0.0,0.0,1.0,-1
"F[0,2]((Hgb >= 0.993 & Bilirubin_direct >= 0.000) -> HR >= 0.000)
",-9999999.000,-9999999.000,0.000,0.000,1.000,0,0,0,20,20,0,0,20,0.0,0.0,0.0,0.0,0.0,1.0,-1
"F[2,2](((O2Sat <= 97.229 | pH <= 6.351) | SaO2 <= 5.859) -> Potassium <= 3.904)
",-3420935623404690.500,-97.229,0.000,0.000,1.000,0,0,0,20,20,0,0,20,0.0,0.0,0.0,0.0,0.0,1.0,-1
"F[0,2]((Glucose <= 62.613 | SBP >= 114.074) -> BaseExcess <= 130.252)
",-9999999.000,-9999999.000,0.000,0.000,1.000,0,0,0,20,20,0,0,20,0.0,0.0,0.0,0.0,0.0,1.0,-1
"F[0,2](((DBP <= 56.866 -> pH <= 3.202) & Lactate >= 1.344) & SaO2 <= 3.547)
",-9999999.000,-9999999.000,0.000,0.000,1.000,0,0,0,20,20,0,0,20,0.0,0.0,0.0,0.0,0.0,1.0,-1
"F[1,2](((BUN >= 1.005 & O2Sat <= 98.006) -> Alkalinephos >= 82.880) | pH <= 96.655)
",-9999999.000,-9999999.000,0.000,0.000,1.000,0,0,0,20,20,0,0,20,0.0,0.0,0.0,0.0,0.0,1.0,-1
"F[0,1](((Temp <= 38.192 & WBC <= 4.235) | HR >= 0.070) -> Fibrinogen <= 9.260)
",-9999999.000,-9999999.000,0.000,0.000,1.000,0,0,0,20,20,0,0,20,0.0,0.0,0.0,0.0,0.0,1.0,-1
"F[0,2]((PTT >= 0.255 | Alkalinephos <= 0.000) -> AST <= 0.000)
",-9999999.000,-9999999.000,0.000,0.000,1.000,0,0,0,20,20,0,0,20,0.0,0.0,0.0,0.0,0.0,1.0,-1
"F[2,2]((Hgb >= 0.717 -> MAP <= 80.619) -> HCO3 <= 78.673)
",-5536144074784930.000,-78.673,0.000,0.000,1.000,0,0,0,20,20,0,0,20,0.0,0.0,0.0,0.0,0.0,1.0,-1
"F[0,1](((Creatinine >= 0.050 -> Temp >= 37.559) -> Lactate <= 38.230) | SepsisLabel <= 38.564)
",-9999999.000,-9999999.000,0.000,0.000,1.000,0,0,0,20,20,0,0,20,0.0,0.0,0.0,0.0,0.0,1.0,-1
"F[0,2]((Phosphate >= 0.057 | BUN >= 0.009) & Fibrinogen <= 11.284)
",-9999999.000,-9999999.000,0.000,0.000,1.000,0,0,0,20,20,0,0,20,0.0,0.0,0.0,0.0,0.0,1.0,-1
"F[2,2](((PaCO2 >= 0.159 & BaseExcess >= -0.616) & PaCO2 <= 0.361) | Glucose <= 2.006)
",2.006,2.006,0.000,0.000,1.000,0,0,0,20,20,0,0,20,0.0,0.0,0.0,0.0,0.0,1.0,-1
"G[2,2](Hgb <= 4.517 & Potassium <= 2.199)
",4952609432556954.000,2.199,0.000,1.000,0.000,0,0,20,0,0,20,20,0,0.0,0.0,1.0,0.0,0.0,1.0,1
"G[0,2](((Hct <= 18.199 & Resp >= 15.263) & Creatinine >= 13.379) & PTT <= 18.973)
",9999999.000,9999999.000,0.000,1.000,0.000,0,0,0,20,20,0,0,20,0.0,0.0,0.0,0.0,0.0,1.0,1
"G[0,2](((Creatinine <= 0.268 -> Resp <= 20.083) -> MAP <= 25.899) & Temp <= 24.711)
",9999999.000,9999999.000,0.000,1.000,0.000,0,0,0,20,20,0,0,20,0.0,0.0,0.0,0.0,0.0,1.0,1
"G[1,2]((DBP >= 52.584 | Platelets <= 101.164) | Resp <= 31.423)
",9999999.000,9999999.000,0.000,1.000,0.000,0,0,20,0,0,20,20,0,0.0,0.0,1.0,0.0,0.0,1.0,1
"G[1,2](((TroponinI >= 0.000 | Fibrinogen <= 0.000) & Hct <= 0.000) | EtCO2 <= 0.000)
",9999999.000,9999999.000,0.000,1.000,0.000,0,0,20,0,0,20,20,0,0.0,0.0,1.0,0.0,0.0,1.0,1
"G[0,2]((pH >= 0.693 & Resp <= 25.413) & Resp <= 22.025)
",9999999.000,9999999.000,0.000,1.000,0.000,0,0,0,20,20,0,0,20,0.0,0.0,0.0,0.0,0.0,1.0,1
"G[2,2](((MAP >= 70.680 | TroponinI >= 0.000) -> BaseExcess <= 0.000) -> O2Sat >= 0.000)
",0.000,0.000,0.000,1.000,0.000,0,0,20,0,0,20,20,0,0.0,0.0,1.0,0.0,0.0,1.0,1
"G[0,2]((O2Sat >= 19.758 -> BUN >= 0.666) & Alkalinephos >= 0.087)
",9999999.000,9999999.000,0.000,1.000,0.000,0,0,0,20,20,0,0,20,0.0,0.0,0.0,0.0,0.0,1.0,1
"G[0,2]((Glucose <= 84.613 -> WBC <= 0.745) -> Alkalinephos >= 0.000)
",9999999.000,9999999.000,0.000,1.000,0.000,0,0,20,0,0,20,20,0,0.0,0.0,1.0,0.0,0.0,1.0,1
"G[1,2]((BaseExcess >= -3.357 | HCO3 >= 1.215) & Platelets <= 9.351)
",9999999.000,9999999.000,0.000,1.000,0.000,0,0,18,2,2,18,18,2,0.0,0.0,1.0,0.0,0.0,1.0,1
"G[0,2](((Creatinine <= 0.477 | Glucose <= 119.629) & Creatinine >= 15.014) -> Potassium >= 3.920)
",9999999.000,9999999.000,0.000,1.000,0.000,0,0,20,0,0,20,20,0,0.0,0.0,1.0,0.0,0.0,1.0,1
"G[0,2]((Hgb <= 7.797 -> O2Sat <= 96.761) -> TroponinI >= 46.202)
",9999999.000,9999999.000,0.000,1.000,0.000,0,0,10,10,10,10,10,10,0.0,0.0,1.0,0.0,0.0,1.0,1
"G[2,2](((Magnesium >= 0.027 | WBC >= 0.215) -> Resp <= 5.593) & AST >= 0.041)
",-6297117107935500.000,-5.593,0.000,1.000,0.000,0,0,20,0,0,20,20,0,0.0,0.0,1.0,0.0,0.0,1.0,1
"G[0,2]((BaseExcess <= 2.151 -> Creatinine <= 1.158) -> Calcium >= 0.054)
",9999999.000,9999999.000,0.000,1.000,0.000,0,0,0,20,20,0,0,20,0.0,0.0,0.0,0.0,0.0,1.0,1
"G[0,2]((Creatinine <= 1.242 | DBP >= 54.867) & HCO3 >= 49.189)
",9999999.000,9999999.000,0.000,1.000,0.000,0,0,0,20,20,0,0,20,0.0,0.0,0.0,0.0,0.0,1.0,1
"G[1,2]((Platelets <= 97.206 | SaO2 >= 10.949) -> PaCO2 <= 30.132)
",9999999.000,9999999.000,0.000,1.000,0.000,0,0,19,1,1,19,19,1,0.0,0.0,1.0,0.0,0.0,1.0,1
"G[2,2](((SBP >= 113.814 | Temp <= 38.652) -> Phosphate <= 38.528) -> Platelets >= 37.633)
",5296428012518156.000,37.633,0.000,1.000,0.000,0,0,20,0,0,20,20,0,0.0,0.0,1.0,0.0,0.0,1.0,1
"G[1,2](pH >= 0.872 -> Resp <= 25.263)
",9999999.000,9999999.000,0.000,1.000,0.000,0,0,20,0,0,20,20,0,0.0,0.0,1.0,0.0,0.0,1.0,1
"G[0,2](((O2Sat <= 96.134 -> Platelets >= 12.257) | FiO2 <= 153.616) & Glucose >= 14.509)
",9999999.000,9999999.000,0.000,1.000,0.000,0,0,0,20,20,0,0,20,0.0,0.0,0.0,0.0,0.0,1.0,1
"G[1,2]((pH <= 3.510 -> PTT >= 0.989) | PTT <= 14.486)
",9999999.000,9999999.000,0.000,1.000,0.000,0,0,20,0,0,20,20,0,0.0,0.0,1.0,0.0,0.0,1.0,1
"G[0,2](((FiO2 >= 0.152 & PTT <= 26.994) & SaO2 <= 35.080) & Resp >= 2.757)
",9999999.000,9999999.000,0.000,1.000,0.000,0,0,2,18,18,2,2,18,0.0,0.0,1.0,0.0,0.0,1.0,1
"G[1,1](((PaCO2 <= 13.357 & Resp <= 16.756) & PTT >= 15.629) & SBP <= 21.333)
",-8798447094058411.000,-15.629,0.000,1.000,0.000,0,0,0,20,20,0,0,20,0.0,0.0,0.0,0.0,0.0,1.0,1
"G[0,2](BUN >= 1.022 | Hct <= 20.240)
",9999999.000,9999999.000,0.000,1.000,0.000,0,0,14,6,6,14,14,6,0.0,0.0,1.0,0.0,0.0,1.0,1
"G[0,2](((Magnesium >= 0.010 -> Phosphate >= 0.078) -> Potassium <= 0.966) -> DBP >= 0.096)
",9999999.000,9999999.000,0.000,1.000,0.000,0,0,20,0,0,20,20,0,0.0,0.0,1.0,0.0,0.0,1.0,1
"G[1,2](((HCO3 >= 0.323 -> Hct <= 12.029) -> TroponinI >= 2.745) & Chloride >= 0.543)
",9999999.000,9999999.000,0.000,1.000,0.000,0,0,1,19,19,1,1,19,0.0,0.0,1.0,0.0,0.0,1.0,1
"G[0,1](Chloride >= 5.076 | Hct >= 1.821)
",9999999.000,9999999.000,0.000,1.000,0.000,0,0,0,20,20,0,0,20,0.0,0.0,0.0,0.0,0.0,1.0,1
"G[0,2](Chloride >= 3.700 -> PTT <= 36.322)
",9999999.000,9999999.000,0.000,1.000,0.000,0,0,19,1,1,19,19,1,0.0,0.0,1.0,0.0,0.0,1.0,1
"G[0,2]((BaseExcess <= 2.886 -> Calcium >= 0.102) | TroponinI <= 1.592)
",9999999.000,9999999.000,0.000,1.000,0.000,0,0,20,0,0,20,20,0,0.0,0.0,1.0,0.0,0.0,1.0,1
"G[1,2]((Hgb <= 4.970 & Potassium <= 4.176) | SepsisLabel >= 0.281)
",9999999.000,9999999.000,0.000,1.000,0.000,0,0,17,3,3,17,17,3,0.0,0.0,1.0,0.0,0.0,1.0,1
"G[0,2]((Hgb >= 0.098 | WBC >= 0.463) | FiO2 >= 0.273)
",9999999.000,9999999.000,0.000,1.000,0.000,0,0,4,16,16,4,4,16,0.0,0.0,1.0,0.0,0.0,1.0,1
"G[1,2](SaO2 >= 6.218 & Bilirubin_total <= 0.000)
",9999999.000,9999999.000,0.000,1.000,0.000,0,0,1,19,19,1,1,19,0.0,0.0,1.0,0.0,0.0,1.0,1
"G[0,2]((SepsisLabel <= 0.000 -> Fibrinogen <= 0.000) -> Hct <= 0.000)
",9999999.000,9999999.000,0.000,1.000,0.000,0,0,12,8,8,12,12,8,0.0,0.0,1.0,0.0,0.0,1.0,1
"G[1,2]((BaseExcess >= -1.439 -> Platelets <= 28.004) | Potassium >= 16.135)
",9999999.000,9999999.000,0.000,1.000,0.000,0,0,18,2,2,18,18,2,0.0,0.0,1.0,0.0,0.0,1.0,1
"G[1,2]((Calcium <= 6.212 & SaO2 <= 83.758) | Bilirubin_total <= 28.977)
",9999999.000,9999999.000,0.000,1.000,0.000,0,0,20,0,0,20,20,0,0.0,0.0,1.0,0.0,0.0,1.0,1
"G[2,2]((Chloride >= 0.338 | SaO2 >= 6.120) -> Magnesium >= 10.134)
",6080047868956876.000,0.338,0.000,1.000,0.000,0,0,20,0,0,20,20,0,0.0,0.0,1.0,0.0,0.0,1.0,1
"G[1,2](EtCO2 >= 0.000 | HR >= 75.853)
",9999999.000,9999999.000,0.000,1.000,0.000,0,0,20,0,0,20,20,0,0.0,0.0,1.0,0.0,0.0,1.0,1
"G[0,2]((HCO3 >= 1.196 -> SaO2 >= 3.475) | Bilirubin_total <= 26.008)
",9999999.000,9999999.000,0.000,1.000,0.000,0,0,20,0,0,20,20,0,0.0,0.0,1.0,0.0,0.0,1.0,1
"G[2,2](FiO2 <= 0.679 -> HCO3 >= 0.288)
",-6115741776562980.000,-0.679,0.000,1.000,0.000,0,0,20,0,0,20,20,0,0.0,0.0,1.0,0.0,0.0,1.0,1
"G[0,2](((BaseExcess >= -3.853 -> Hct <= 5.851) & Hct <= 12.486) & HR >= 4.088)
",9999999.000,9999999.000,0.000,1.000,0.000,0,0,12,8,8,12,12,8,0.0,0.0,1.0,0.0,0.0,1.0,1
"G[0,2](((HCO3 >= 0.132 | HR >= 76.844) & Bilirubin_direct >= 81.422) -> Calcium <= 88.758)
",9999999.000,9999999.000,0.000,1.000,0.000,0,0,20,0,0,20,20,0,0.0,0.0,1.0,0.0,0.0,1.0,1
"G[1,2](SaO2 >= 7.451 & WBC >= 0.191)
",9999999.000,9999999.000,0.000,1.000,0.000,0,0,0,20,20,0,0,20,0.0,0.0,0.0,0.0,0.0,1.0,1
"G[0,2]((Magnesium >= 0.181 | O2Sat >= 90.854) -> Resp <= 96.428)
",9999999.000,9999999.000,0.000,1.000,0.000,0,0,20,0,0,20,20,0,0.0,0.0,1.0,0.0,0.0,1.0,1
"G[0,2]((DBP >= 50.533 -> Glucose >= 5.302) | Temp <= 74.968)
",9999999.000,9999999.000,0.000,1.000,0.000,0,0,20,0,0,20,20,0,0.0,0.0,1.0,0.0,0.0,1.0,1
"G[0,0]((BaseExcess <= 1.943 -> DBP >= 48.716) & Magnesium >= 47.821)
",-6730230773526402.000,-47.821,0.000,1.000,0.000,0,0,0,20,20,0,0,20,0.0,0.0,0.0,0.0,0.0,1.0,1
"G[1,2](((Calcium >= 0.177 & SaO2 >= 0.222) -> HCO3 >= 9.884) -> O2Sat >= 3.054)
",9999999.000,9999999.000,0.000,1.000,0.000,0,0,19,1,1,19,19,1,0.0,0.0,1.0,0.0,0.0,1.0,1
"G[2,2](((Hgb <= 2.811 -> Resp <= 26.804) | Resp <= 25.422) | BUN >= 13.296)
",25.422,25.422,0.000,1.000,0.000,0,0,20,0,0,20,20,0,0.0,0.0,1.0,0.0,0.0,1.0,1
"G[1,2](((DBP <= 60.624 & Magnesium >= 0.203) & EtCO2 <= 1.976) | TroponinI >= 0.180)
",9999999.000,9999999.000,0.000,1.000,0.000,0,0,1,19,19,1,1,19,0.0,0.0,1.0,0.0,0.0,1.0,1
"G[0,1](MAP <= 77.129 & SaO2 >= 10.652)
",9999999.000,9999999.000,0.000,1.000,0.000,0,0,0,20,20,0,0,20,0.0,0.0,0.0,0.0,0.0,1.0,1
"G[1,2](((BUN <= 1.870 -> FiO2 >= 0.045) -> Fibrinogen >= 0.104) -> Alkalinephos >= 0.107)
",9999999.000,9999999.000,0.000,1.000,0.000,0,0,9,11,11,9,9,11,0.0,0.0,1.0,0.0,0.0,1.0,1
"G[2,2](((MAP <= 79.817 & PaCO2 >= 3.659) | SaO2 <= 44.255) & WBC >= 2.969)
",-6684782639332292.000,-2.969,0.000,1.000,0.000,0,0,20,0,0,20,20,0,0.0,0.0,1.0,0.0,0.0,1.0,1
"G[0,2]((Resp <= 18.869 | SepsisLabel <= 0.000) & Lactate <= 0.000)
",9999999.000,9999999.000,0.000,1.000,0.000,0,0,20,0,0,20,20,0,0.0,0.0,1.0,0.0,0.0,1.0,1
"G[1,2](((DBP >= 50.753 -> pH >= 0.163) & Chloride >= 1.057) -> Platelets <= 3.499)
",9999999.000,9999999.000,0.000,1.000,0.000,0,0,20,0,0,20,20,0,0.0,0.0,1.0,0.0,0.0,1.0,1
"G[0,2]((WBC <= 4.129 -> FiO2 >= 0.095) | BaseExcess <= 0.708)
",9999999.000,9999999.000,0.000,1.000,0.000,0,0,18,2,2,18,18,2,0.0,0.0,1.0,0.0,0.0,1.0,1
"G[1,2](((Temp >= 37.519 -> Creatinine <= 1.296) | Fibrinogen <= 0.750) & Chloride >= 0.050)
",9999999.000,9999999.000,0.000,1.000,0.000,0,0,1,19,19,1,1,19,0.0,0.0,1.0,0.0,0.0,1.0,1
"G[1,2]((Potassium >= 0.173 & HCO3 <= 23.645) -> Fibrinogen <= 5.539)
",9999999.000,9999999.000,0.000,1.000,0.000,0,0,20,0,0,20,20,0,0.0,0.0,1.0,0.0,0.0,1.0,1
"G[1,2](SepsisLabel <= 0.000 & Platelets >= 8.887)
",9999999.000,9999999.000,0.000,1.000,0.000,0,0,2,18,18,2,2,18,0.0,0.0,1.0,0.0,0.0,1.0,1
"G[0,2]((pH <= 7.192 | EtCO2 >= 0.000) -> TroponinI <= 0.000)
",9999999.000,9999999.000,0.000,1.000,0.000,0,0,20,0,0,20,20,0,0.0,0.0,1.0,0.0,0.0,1.0,1
"G[0,1](Chloride >= 4.659 & Potassium >= 0.283)
",9999999.000,9999999.000,0.000,1.000,0.000,0,0,0,20,20,0,0,20,0.0,0.0,0.0,0.0,0.0,1.0,1
"G[1,2]((Potassium <= 2.959 & Alkalinephos <= 0.000) -> TroponinI >= 0.000)
",9999999.000,9999999.000,0.000,1.000,0.000,0,0,20,0,0,20,20,0,0.0,0.0,1.0,0.0,0.0,1.0,1
"F[1,2](Resp <= 20.527 -> Hct <= 30.664)
",-9999999.000,-9999999.000,0.000,0.000,1.000,0,0,0,20,20,0,0,20,0.0,0.0,0.0,0.0,0.0,1.0,-1
