Rule,Discrimination Score,Pos Robustness,Neg Robustness,Percent Class +,Percent Class -,TP,TN,FP,FN,Actual Yes,Actual No,Predicted Yes,Predicted No,TPR/Sens,TNR/Spec,FPR,Precision,Accuracy,MCR
"G[0,0](Lactate < 0.000 -> SepsisLabel = 0.000)
",0.200,3.731,0.000,1.000,0.000,27,0,0,0,27,0,27,0,1.0,0.0,0.0,1.0,1.0188679245283019,-0.018867924528301883
"G[0,0](MAP <= 106.271 | FiO2 >= 0.000)
",0.245,5.126,0.000,1.000,0.000,27,0,0,0,27,0,27,0,1.0,0.0,0.0,1.0,1.0188679245283019,-0.018867924528301883
"G[0,0]((Calcium >= 0.009 | FiO2 <= 0.000) | DBP >= 0.000)
",4.431,85.462,0.000,1.000,0.000,27,0,0,0,27,0,27,0,1.0,0.0,0.0,1.0,1.0188679245283019,-0.018867924528301883
"G[0,0](Hct >= 1.457 -> SepsisLabel = 0.000)
",0.200,0.056,0.000,1.000,0.000,27,0,0,0,27,0,27,0,1.0,0.0,0.0,1.0,1.0188679245283019,-0.018867924528301883
"G[0,0]((Magnesium >= 0.075 | pH <= 0.000) & Lactate <= 0.000)
",-0.200,-3.731,0.000,1.000,0.000,27,0,0,0,27,0,27,0,1.0,0.0,0.0,1.0,1.0188679245283019,-0.018867924528301883
"G[0,0](((BUN >= 0.773 -> Platelets <= 367.976) & Lactate >= 13.409) -> EtCO2 <= 33.396)
",-5.863,-19.088,0.000,1.000,0.000,27,0,0,0,27,0,27,0,1.0,0.0,0.0,1.0,1.0188679245283019,-0.018867924528301883
"G[0,0]((BUN >= 0.384 & Calcium <= 1.272) -> BUN >= 0.095)
",0.095,0.095,0.000,1.000,0.000,27,0,0,0,27,0,27,0,1.0,0.0,0.0,1.0,1.0188679245283019,-0.018867924528301883
"G[0,0](((Platelets <= 222.400 & BUN >= 0.120) -> Platelets <= 2.207) & PaCO2 <= 1.754)
",-2.207,-2.207,0.000,1.000,0.000,27,0,0,0,27,0,27,0,1.0,0.0,0.0,1.0,1.0188679245283019,-0.018867924528301883
"G[0,0](((Resp >= 1.551 -> Temp >= 3.924) | Chloride <= 10.906) | Potassium <= 33.085)
",36.404,32.904,0.000,1.000,0.000,27,0,0,0,27,0,27,0,1.0,0.0,0.0,1.0,1.0188679245283019,-0.018867924528301883
"G[0,0]((EtCO2 >= 0.000 | Fibrinogen >= 0.000) -> TroponinI >= 0.000)
",-4.395,-14.308,0.000,1.000,0.000,27,0,0,0,27,0,27,0,1.0,0.0,0.0,1.0,1.0188679245283019,-0.018867924528301883
"G[0,0](PaCO2 >= 0.000 & TroponinI <= 0.000)
",0.000,0.000,0.000,1.000,0.000,27,0,0,0,27,0,27,0,1.0,0.0,0.0,1.0,1.0188679245283019,-0.018867924528301883
"G[0,0](((Hct >= 2.435 & Hgb <= 6.262) | Bilirubin_direct >= 0.562) -> Hct >= 0.864)
",3.973,0.535,0.000,1.000,0.000,27,0,0,0,27,0,27,0,1.0,0.0,0.0,1.0,1.0188679245283019,-0.018867924528301883
"G[0,0](PTT <= 0.000 | Bilirubin_total <= 0.000)
",-0.200,-0.158,0.000,1.000,0.000,27,0,0,0,27,0,27,0,1.0,0.0,0.0,1.0,1.0188679245283019,-0.018867924528301883
"G[0,0](Alkalinephos <= 0.000 -> SepsisLabel = 0.000)
",0.200,0.423,0.000,1.000,0.000,27,0,0,0,27,0,27,0,1.0,0.0,0.0,1.0,1.0188679245283019,-0.018867924528301883
"G[0,1](((Calcium >= 0.077 | Platelets >= 2.558) | HR <= 208.147) & pH <= 365.496)
",9999999.000,9999999.000,0.000,1.000,0.000,26,0,1,0,26,1,27,0,1.0,0.0,1.0,0.9629629629629629,0.9811320754716981,0.018867924528301883
"G[1,1](HCO3 >= 0.974 -> Hgb >= 0.193)
",0.193,0.193,0.000,1.000,0.000,26,0,1,0,26,1,27,0,1.0,0.0,1.0,0.9629629629629629,0.9811320754716981,0.018867924528301883
"G[0,1]((Magnesium <= 0.152 | Resp <= 27.088) -> PaCO2 <= 17.670)
",9999999.000,9999999.000,0.000,1.000,0.000,26,0,1,0,26,1,27,0,1.0,0.0,1.0,0.9629629629629629,0.9811320754716981,0.018867924528301883
"G[0,1](Hct <= 20.005 | Magnesium >= 0.139)
",9999999.000,9999999.000,0.000,1.000,0.000,26,0,1,0,26,1,27,0,1.0,0.0,1.0,0.9629629629629629,0.9811320754716981,0.018867924528301883
"G[0,1](((Calcium >= 0.242 -> Potassium >= 0.045) | Lactate >= 0.027) & Bilirubin_direct <= 2.456)
",9999999.000,9999999.000,0.000,1.000,0.000,26,0,1,0,26,1,27,0,1.0,0.0,1.0,0.9629629629629629,0.9811320754716981,0.018867924528301883
"G[1,1]((Alkalinephos <= 0.000 | pH >= 0.000) -> Fibrinogen <= 0.000)
",0.000,0.000,0.000,1.000,0.000,26,0,1,0,26,1,27,0,1.0,0.0,1.0,0.9629629629629629,0.9811320754716981,0.018867924528301883
"G[1,1](Glucose <= 22.407 -> WBC <= 4.956)
",-22.407,-22.407,0.000,1.000,0.000,26,0,1,0,26,1,27,0,1.0,0.0,1.0,0.9629629629629629,0.9811320754716981,0.018867924528301883
"G[1,1]((BUN <= 1.318 & Glucose >= 3.506) -> PaCO2 >= 3.431)
",3.431,3.431,0.000,1.000,0.000,26,0,1,0,26,1,27,0,1.0,0.0,1.0,0.9629629629629629,0.9811320754716981,0.018867924528301883
"G[0,1](((Temp <= 8.028 & pH <= 0.000) -> Phosphate <= 0.000) -> O2Sat >= 0.000)
",9999999.000,9999999.000,0.000,1.000,0.000,26,0,1,0,26,1,27,0,1.0,0.0,1.0,0.9629629629629629,0.9811320754716981,0.018867924528301883
"G[1,1](SBP >= 69.820 | Hgb <= 12.617)
",7102579436173988.000,12.617,0.000,1.000,0.000,26,0,1,0,26,1,27,0,1.0,0.0,1.0,0.9629629629629629,0.9811320754716981,0.018867924528301883
"G[0,1](FiO2 <= 0.000 | SepsisLabel <= 0.000)
",9999999.000,9999999.000,0.000,1.000,0.000,26,0,1,0,26,1,27,0,1.0,0.0,1.0,0.9629629629629629,0.9811320754716981,0.018867924528301883
"G[0,1](Potassium <= 0.882 | Resp >= 7.777)
",9999999.000,9999999.000,0.000,1.000,0.000,26,0,1,0,26,1,27,0,1.0,0.0,1.0,0.9629629629629629,0.9811320754716981,0.018867924528301883
"G[0,1](BaseExcess >= 0.000 | DBP >= 0.000)
",9999999.000,9999999.000,0.000,1.000,0.000,26,0,1,0,26,1,27,0,1.0,0.0,1.0,0.9629629629629629,0.9811320754716981,0.018867924528301883
"G[1,1](Calcium >= 0.041 -> Resp >= 1.316)
",5845618007598833.000,0.041,0.000,1.000,0.000,26,0,1,0,26,1,27,0,1.0,0.0,1.0,0.9629629629629629,0.9811320754716981,0.018867924528301883
"G[1,1](((Hgb <= 4.560 | HR >= 62.796) -> EtCO2 >= 23.606) -> Hct <= 88.953)
",-6259495245173060.000,-88.953,0.000,1.000,0.000,26,0,1,0,26,1,27,0,1.0,0.0,1.0,0.9629629629629629,0.9811320754716981,0.018867924528301883
"G[0,1](Creatinine <= 0.192 | Bilirubin_direct >= 0.000)
",9999999.000,9999999.000,0.000,1.000,0.000,26,0,1,0,26,1,27,0,1.0,0.0,1.0,0.9629629629629629,0.9811320754716981,0.018867924528301883
"G[0,1](((Calcium >= 0.171 -> MAP <= 112.699) | WBC <= 85.688) | Hgb <= 99.643)
",9999999.000,9999999.000,0.000,1.000,0.000,26,0,1,0,26,1,27,0,1.0,0.0,1.0,0.9629629629629629,0.9811320754716981,0.018867924528301883
"G[1,1]((MAP <= 90.957 | Phosphate >= 0.122) -> Alkalinephos <= 1.465)
",-6400502484713348.000,-90.957,0.000,1.000,0.000,26,0,1,0,26,1,27,0,1.0,0.0,1.0,0.9629629629629629,0.9811320754716981,0.018867924528301883
"G[1,1]((Chloride >= 6.040 -> MAP >= 75.440) -> PaCO2 <= 90.072)
",-90.072,-90.072,0.000,1.000,0.000,26,0,1,0,26,1,27,0,1.0,0.0,1.0,0.9629629629629629,0.9811320754716981,0.018867924528301883
"G[0,1](((WBC >= 0.534 & Bilirubin_total <= 0.000) | PTT <= 0.000) | FiO2 <= 0.000)
",9999999.000,9999999.000,0.000,1.000,0.000,26,0,1,0,26,1,27,0,1.0,0.0,1.0,0.9629629629629629,0.9811320754716981,0.018867924528301883
"G[0,1](TroponinI >= 0.000 -> Bilirubin_direct >= 0.000)
",9999999.000,9999999.000,0.000,1.000,0.000,26,0,1,0,26,1,27,0,1.0,0.0,1.0,0.9629629629629629,0.9811320754716981,0.018867924528301883
"G[1,1](((Phosphate >= 0.027 | BaseExcess <= 0.000) -> Temp >= 0.000) -> TroponinI <= 0.000)
",0.000,0.000,0.000,1.000,0.000,26,0,1,0,26,1,27,0,1.0,0.0,1.0,0.9629629629629629,0.9811320754716981,0.018867924528301883
"G[0,1](Magnesium >= 0.109 -> PTT <= 0.000)
",9999999.000,9999999.000,0.000,1.000,0.000,26,0,1,0,26,1,27,0,1.0,0.0,1.0,0.9629629629629629,0.9811320754716981,0.018867924528301883
"G[1,1]((TroponinI >= 0.000 & DBP <= 0.000) | O2Sat <= 0.000)
",0.000,0.000,0.000,1.000,0.000,26,0,1,0,26,1,27,0,1.0,0.0,1.0,0.9629629629629629,0.9811320754716981,0.018867924528301883
"G[1,1](((Hct >= 1.173 & Calcium <= 0.412) -> Potassium >= 0.140) | WBC <= 7.456)
",7.456,7.456,0.000,1.000,0.000,26,0,1,0,26,1,27,0,1.0,0.0,1.0,0.9629629629629629,0.9811320754716981,0.018867924528301883
"G[0,1]((AST <= 0.000 & TroponinI <= 0.000) & Lactate >= 0.000)
",9999999.000,9999999.000,0.000,1.000,0.000,26,0,1,0,26,1,27,0,1.0,0.0,1.0,0.9629629629629629,0.9811320754716981,0.018867924528301883
"G[0,1](((Potassium <= 4.068 | HR <= 81.079) -> Lactate <= 75.048) -> Lactate <= 97.854)
",9999999.000,9999999.000,0.000,1.000,0.000,26,0,1,0,26,1,27,0,1.0,0.0,1.0,0.9629629629629629,0.9811320754716981,0.018867924528301883
"G[0,1]((SepsisLabel >= 0.000 | Chloride <= 100.733) | Hgb >= 3.028)
",9999999.000,9999999.000,0.000,1.000,0.000,26,0,1,0,26,1,27,0,1.0,0.0,1.0,0.9629629629629629,0.9811320754716981,0.018867924528301883
"G[1,1]((HCO3 >= 1.821 -> Lactate >= 0.000) & Hct >= 0.000)
",0.000,0.000,0.000,1.000,0.000,26,0,1,0,26,1,27,0,1.0,0.0,1.0,0.9629629629629629,0.9811320754716981,0.018867924528301883
"G[0,1](PaCO2 <= 0.000 & Bilirubin_direct <= 0.000)
",9999999.000,9999999.000,0.000,1.000,0.000,26,0,1,0,26,1,27,0,1.0,0.0,1.0,0.9629629629629629,0.9811320754716981,0.018867924528301883
"G[0,1](Resp <= 27.312 | Bilirubin_total >= 0.000)
",9999999.000,9999999.000,0.000,1.000,0.000,26,0,1,0,26,1,27,0,1.0,0.0,1.0,0.9629629629629629,0.9811320754716981,0.018867924528301883
"G[0,1]((MAP >= 58.132 & Glucose <= 13.293) | Hct <= 77.198)
",9999999.000,9999999.000,0.000,1.000,0.000,26,0,1,0,26,1,27,0,1.0,0.0,1.0,0.9629629629629629,0.9811320754716981,0.018867924528301883
"G[0,1](BUN >= 0.682 | BUN <= 1.851)
",9999999.000,9999999.000,0.000,1.000,0.000,26,0,1,0,26,1,27,0,1.0,0.0,1.0,0.9629629629629629,0.9811320754716981,0.018867924528301883
"G[0,1]((Glucose >= 1.626 | SepsisLabel >= 0.000) | Glucose >= 0.000)
",9999999.000,9999999.000,0.000,1.000,0.000,26,0,1,0,26,1,27,0,1.0,0.0,1.0,0.9629629629629629,0.9811320754716981,0.018867924528301883
"G[0,1](((Hct >= 0.353 & PaCO2 >= 0.000) | SepsisLabel <= 0.000) -> PaCO2 <= 0.000)
",9999999.000,9999999.000,0.000,1.000,0.000,26,0,1,0,26,1,27,0,1.0,0.0,1.0,0.9629629629629629,0.9811320754716981,0.018867924528301883
"G[0,1]((Calcium >= 0.084 & WBC <= 2.794) -> BaseExcess <= 6.435)
",9999999.000,9999999.000,0.000,1.000,0.000,26,0,1,0,26,1,27,0,1.0,0.0,1.0,0.9629629629629629,0.9811320754716981,0.018867924528301883
"G[0,1]((Temp >= 6.343 | AST >= 0.000) & PaCO2 >= 0.000)
",9999999.000,9999999.000,0.000,1.000,0.000,26,0,1,0,26,1,27,0,1.0,0.0,1.0,0.9629629629629629,0.9811320754716981,0.018867924528301883
"G[0,0]((BUN >= 0.161 -> Temp >= 3.414) & BUN <= 31.674)
",-1.821,-70.991,0.000,1.000,0.000,25,0,0,2,27,0,25,2,0.9259259259259259,0.0,0.0,1.0,0.9433962264150944,0.05660377358490565
"G[1,1](Potassium >= 0.091 | Temp <= 35.122)
",4943020978187516.000,35.122,0.000,1.000,0.000,25,0,1,1,26,1,26,1,0.9615384615384616,0.0,1.0,0.9615384615384616,0.9433962264150944,0.05660377358490565
"G[0,0](Platelets <= 309.386 & Potassium <= 1.779)
",1.768,1.598,0.000,1.000,0.000,25,0,0,2,27,0,25,2,0.9259259259259259,0.0,0.0,1.0,0.9433962264150944,0.05660377358490565
"G[0,0](pH <= 0.000 & HR >= 42.753)
",0.000,0.000,0.000,1.000,0.000,25,0,0,2,27,0,25,2,0.9259259259259259,0.0,0.0,1.0,0.9433962264150944,0.05660377358490565
"G[0,0](WBC < 0.746 & SepsisLabel = 0.000)
",-0.200,-14.615,0.000,1.000,0.000,25,0,0,2,27,0,25,2,0.9259259259259259,0.0,0.0,1.0,0.9433962264150944,0.05660377358490565
"G[1,1](((Alkalinephos <= 0.000 -> Calcium <= 5.012) -> AST >= 0.132) | Temp <= 2.305)
",2.305,2.305,0.000,1.000,0.000,25,0,1,1,26,1,26,1,0.9615384615384616,0.0,1.0,0.9615384615384616,0.9433962264150944,0.05660377358490565
"G[1,1]((Lactate <= 0.000 -> Resp <= 23.337) | HR <= 15.698)
",15.698,15.698,0.000,1.000,0.000,25,0,1,1,26,1,26,1,0.9615384615384616,0.0,1.0,0.9615384615384616,0.9433962264150944,0.05660377358490565
"G[0,0](((Phosphate <= 1.647 & BUN >= 0.820) -> SaO2 <= 7.039) & Hct <= 8.884)
",-7925399177256034.000,-7.039,0.000,1.000,0.000,25,0,0,2,27,0,25,2,0.9259259259259259,0.0,0.0,1.0,0.9433962264150944,0.05660377358490565
"G[1,1](((Fibrinogen >= 0.000 -> DBP <= 0.000) | Alkalinephos <= 0.000) -> Temp <= 0.000)
",0.000,0.000,0.000,1.000,0.000,24,0,1,2,26,1,25,2,0.9230769230769231,0.0,1.0,0.96,0.9056603773584906,0.09433962264150941
"G[0,1](Creatinine <= 0.529 -> Hct <= 7.799)
",9999999.000,9999999.000,0.000,1.000,0.000,24,0,1,2,26,1,25,2,0.9230769230769231,0.0,1.0,0.96,0.9056603773584906,0.09433962264150941
"G[0,1](((Fibrinogen <= 0.000 & Potassium >= 0.144) & DBP <= 0.447) -> O2Sat <= 2.411)
",9999999.000,9999999.000,0.000,1.000,0.000,24,0,1,2,26,1,25,2,0.9230769230769231,0.0,1.0,0.96,0.9056603773584906,0.09433962264150941
"G[1,1](SBP >= 23.873 & Bilirubin_total >= 0.000)
",-6719752413697708.000,-23.873,0.000,1.000,0.000,24,0,1,2,26,1,25,2,0.9230769230769231,0.0,1.0,0.96,0.9056603773584906,0.09433962264150941
"G[1,1](((WBC <= 5.403 | Creatinine >= 2.9065642785967245e-05) & Hgb <= 0.200) & Platelets <= 0.682)
",7194615544973516.000,0.200,0.000,1.000,0.000,24,0,1,2,26,1,25,2,0.9230769230769231,0.0,1.0,0.96,0.9056603773584906,0.09433962264150941
"G[0,0](MAP <= 102.633 & Magnesium <= 0.322)
",-2.493,-42.764,0.000,1.000,0.000,23,0,0,4,27,0,23,4,0.8518518518518519,0.0,0.0,1.0,0.8679245283018868,0.13207547169811318
"G[0,0](((Resp <= 22.853 & SBP >= 83.587) -> Chloride >= 52.707) -> SepsisLabel >= 129.085)
",-1.542,-59.231,0.000,1.000,0.000,23,0,0,4,27,0,23,4,0.8518518518518519,0.0,0.0,1.0,0.8679245283018868,0.13207547169811318
"G[0,1](((Resp >= 8.003 & WBC <= 4.298) -> FiO2 >= 0.535) -> HCO3 >= 0.179)
",9999999.000,9999999.000,0.000,1.000,0.000,23,0,0,4,27,0,23,4,0.8518518518518519,0.0,0.0,1.0,0.8679245283018868,0.13207547169811318
"G[0,1](MAP >= 28.252 & pH >= 0.000)
",9999999.000,9999999.000,0.000,1.000,0.000,22,0,1,4,26,1,23,4,0.8461538461538461,0.0,1.0,0.9565217391304348,0.8301886792452831,0.16981132075471694
"G[0,1](((HR <= 87.950 -> Platelets >= 3.857) -> SBP >= 6.964) & HR >= 0.679)
",9999999.000,9999999.000,0.000,1.000,0.000,22,0,0,5,27,0,22,5,0.8148148148148148,0.0,0.0,1.0,0.8301886792452831,0.16981132075471694
"G[0,1]((BUN >= 0.217 -> Creatinine <= 0.628) & Chloride <= 0.107)
",9999999.000,9999999.000,0.000,1.000,0.000,22,0,1,4,26,1,23,4,0.8461538461538461,0.0,1.0,0.9565217391304348,0.8301886792452831,0.16981132075471694
"G[0,1]((O2Sat >= 45.754 -> Resp <= 17.623) & Bilirubin_total <= 23.219)
",9999999.000,9999999.000,0.000,1.000,0.000,20,0,1,6,26,1,21,6,0.7692307692307693,0.0,1.0,0.9523809523809523,0.7547169811320755,0.24528301886792447
"G[0,1]((FiO2 >= 0.000 -> Creatinine <= 0.124) & SBP >= 0.022)
",9999999.000,9999999.000,0.000,1.000,0.000,20,0,1,6,26,1,21,6,0.7692307692307693,0.0,1.0,0.9523809523809523,0.7547169811320755,0.24528301886792447
"G[0,0](((SaO2 >= 0.000 | EtCO2 >= 0.000) & Hgb >= 0.000) & Temp <= 0.000)
",-1.825,-73.654,0.000,1.000,0.000,19,0,0,8,27,0,19,8,0.7037037037037037,0.0,0.0,1.0,0.7169811320754716,0.28301886792452835
"G[0,0](((PTT >= 0.000 | BUN <= 2.504) & Temp >= 0.369) -> HCO3 >= 0.483)
",-0.925,-2.233,0.000,1.000,0.000,19,0,0,8,27,0,19,8,0.7037037037037037,0.0,0.0,1.0,0.7169811320754716,0.28301886792452835
"G[0,1]((HR >= 49.676 -> Magnesium >= 0.024) | O2Sat >= 0.053)
",9999999.000,9999999.000,0.000,1.000,0.000,18,0,1,8,26,1,19,8,0.6923076923076923,0.0,1.0,0.9473684210526315,0.6792452830188679,0.3207547169811321
"G[1,1](O2Sat <= 81.966 -> BUN >= 0.758)
",-81.966,-81.966,0.000,1.000,0.000,17,0,1,9,26,1,18,9,0.6538461538461539,0.0,1.0,0.9444444444444444,0.6415094339622641,0.3584905660377359
"G[0,0](HR <= 80.349 & Bilirubin_direct <= 0.000)
",-16004.651,-16004.651,0.000,1.000,0.000,17,0,0,10,27,0,17,10,0.6296296296296297,0.0,0.0,1.0,0.6415094339622641,0.3584905660377359
"G[0,1](Chloride >= 6.799 | Temp <= 24.582)
",9999999.000,9999999.000,0.000,1.000,0.000,17,0,1,9,26,1,18,9,0.6538461538461539,0.0,1.0,0.9444444444444444,0.6415094339622641,0.3584905660377359
"G[0,1]((HCO3 <= 10.323 -> Temp <= 8.171) | Alkalinephos >= 6.570)
",9999999.000,9999999.000,0.000,1.000,0.000,17,0,1,9,26,1,18,9,0.6538461538461539,0.0,1.0,0.9444444444444444,0.6415094339622641,0.3584905660377359
"G[1,1](Alkalinephos <= 0.000 & O2Sat >= 12.544)
",-12.544,-12.544,0.000,1.000,0.000,16,0,1,10,26,1,17,10,0.6153846153846154,0.0,1.0,0.9411764705882353,0.6037735849056604,0.39622641509433965
"G[1,1]((WBC <= 0.792 & Resp <= 16.559) | Bilirubin_total >= 3.953)
",7134180520514684.000,0.792,0.000,1.000,0.000,15,0,1,11,26,1,16,11,0.5769230769230769,0.0,1.0,0.9375,0.5660377358490566,0.4339622641509434
"G[1,1]((HR <= 96.941 & Potassium <= 2.420) & O2Sat >= 0.070)
",-5024205890665211.000,-0.070,0.000,1.000,0.000,14,0,1,12,26,1,15,12,0.5384615384615384,0.0,1.0,0.9333333333333333,0.5283018867924528,0.4716981132075472
"G[0,1]((Chloride <= 45.099 -> O2Sat >= 44.057) -> EtCO2 >= 24.493)
",9999999.000,9999999.000,0.000,1.000,0.000,3,0,1,23,26,1,4,23,0.11538461538461539,0.0,1.0,0.75,0.11320754716981132,0.8867924528301887
"G[1,1](((Chloride >= 5.716 & WBC <= 3.895) -> Bilirubin_direct <= 5.395) & Potassium >= 0.520)
",-6074453095553195.000,-5.395,0.000,1.000,0.000,2,0,1,24,26,1,3,24,0.07692307692307693,0.0,1.0,0.6666666666666666,0.07547169811320754,0.9245283018867925
"G[0,0]((SepsisLabel <= 0.000 & Resp <= 18.220) & HCO3 >= 4.284)
",-0.259,-18.735,0.000,1.000,0.000,2,0,0,25,27,0,2,25,0.07407407407407407,0.0,0.0,1.0,0.07547169811320754,0.9245283018867925
"G[1,1](((Hgb <= 8.275 | Hct <= 4.418) -> WBC >= 0.248) & Platelets >= 6.679)
",-8.275,-8.275,0.000,1.000,0.000,2,0,1,24,26,1,3,24,0.07692307692307693,0.0,1.0,0.6666666666666666,0.07547169811320754,0.9245283018867925
"G[1,1](Platelets <= 274.271 -> WBC >= 0.514)
",-4825028407864465.000,-274.271,0.000,1.000,0.000,2,0,1,24,26,1,3,24,0.07692307692307693,0.0,1.0,0.6666666666666666,0.07547169811320754,0.9245283018867925
"G[1,1](Platelets <= 97.430 -> WBC >= 0.354)
",-97.430,-97.430,0.000,1.000,0.000,2,0,1,24,26,1,3,24,0.07692307692307693,0.0,1.0,0.6666666666666666,0.07547169811320754,0.9245283018867925
"G[0,1]((SBP >= 118.057 & SBP <= 177.990) -> SaO2 >= 7.970)
",9999999.000,9999999.000,0.000,1.000,0.000,2,0,0,25,27,0,2,25,0.07407407407407407,0.0,0.0,1.0,0.07547169811320754,0.9245283018867925
"G[0,0](Fibrinogen >= 0.000 -> Hct >= 1.227)
",-0.200,-0.292,0.000,1.000,0.000,2,0,0,25,27,0,2,25,0.07407407407407407,0.0,0.0,1.0,0.07547169811320754,0.9245283018867925
"G[0,0](((Glucose >= 1.066 -> PaCO2 <= 0.000) | Hgb <= 0.000) -> SBP <= 0.000)
",0.000,0.000,0.000,1.000,0.000,2,0,0,25,27,0,2,25,0.07407407407407407,0.0,0.0,1.0,0.07547169811320754,0.9245283018867925
"G[1,1](Chloride >= 5.467 & HCO3 >= 0.700)
",-5.467,-5.467,0.000,1.000,0.000,2,0,1,24,26,1,3,24,0.07692307692307693,0.0,1.0,0.6666666666666666,0.07547169811320754,0.9245283018867925
"G[1,1](((Magnesium <= 1.992 | Platelets <= 123.764) & BUN <= 203.159) & Calcium >= 8.766)
",-8.766,-8.766,0.000,1.000,0.000,1,0,1,25,26,1,2,25,0.038461538461538464,0.0,1.0,0.5,0.03773584905660377,0.9622641509433962
"G[1,1](((PTT <= 0.000 & Phosphate >= 0.051) & Alkalinephos >= 0.011) | Bilirubin_direct >= 0.077)
",-7338476846302133.000,-0.051,0.000,1.000,0.000,0,0,1,26,26,1,1,26,0.0,0.0,1.0,0.0,0.0,1.0
"G[1,2]((DBP <= 0.000 & Potassium >= 0.150) -> DBP >= 0.004)
",9999999.000,9999999.000,0.000,1.000,0.000,0,0,25,2,2,25,25,2,0.0,0.0,1.0,0.0,0.0,1.0
"G[2,2](HR <= 91.210 & PaCO2 <= 0.000)
",0.000,0.000,0.000,1.000,0.000,0,0,27,0,0,27,27,0,0.0,0.0,1.0,0.0,0.0,1.0
"G[0,2](((pH <= 0.000 | HR >= 47.928) & Platelets <= 75.816) & Temp >= 40.698)
",9999999.000,9999999.000,0.000,1.000,0.000,0,0,0,27,27,0,0,27,0.0,0.0,0.0,0.0,0.0,1.0
"G[1,2]((PaCO2 >= 0.000 | PTT <= 0.000) & SaO2 <= 0.000)
",9999999.000,9999999.000,0.000,1.000,0.000,0,0,27,0,0,27,27,0,0.0,0.0,1.0,0.0,0.0,1.0
"G[1,2](((Platelets <= 325.183 & BUN >= 0.400) -> HR >= 0.420) | Temp >= 0.101)
",9999999.000,9999999.000,0.000,1.000,0.000,0,0,27,0,0,27,27,0,0.0,0.0,1.0,0.0,0.0,1.0
"G[0,2](Hct >= 0.849 -> pH >= 0.000)
",9999999.000,9999999.000,0.000,1.000,0.000,0,0,27,0,0,27,27,0,0.0,0.0,1.0,0.0,0.0,1.0
"G[0,1](((Phosphate <= 1.699 -> Creatinine >= 0.013) | WBC >= 0.011) & Glucose <= 0.326)
",9999999.000,9999999.000,0.000,1.000,0.000,0,0,0,27,27,0,0,27,0.0,0.0,0.0,0.0,0.0,1.0
"G[0,2](SaO2 >= 0.000 -> HR <= 86.702)
",9999999.000,9999999.000,0.000,1.000,0.000,0,0,21,6,6,21,21,6,0.0,0.0,1.0,0.0,0.0,1.0
"G[0,1]((HR >= 11.488 & Calcium <= 6.490) & Chloride >= 0.171)
",9999999.000,9999999.000,0.000,1.000,0.000,0,0,0,27,27,0,0,27,0.0,0.0,0.0,0.0,0.0,1.0
"G[0,0]((SepsisLabel >= 0.000 | O2Sat >= 31.004) & Creatinine >= 57.193)
",-2.528,-53.000,0.000,1.000,0.000,0,0,0,27,27,0,0,27,0.0,0.0,0.0,0.0,0.0,1.0
"G[0,2](((Magnesium >= 0.117 -> Fibrinogen <= 0.000) | PaCO2 >= 0.000) | Phosphate <= 0.000)
",9999999.000,9999999.000,0.000,1.000,0.000,0,0,27,0,0,27,27,0,0.0,0.0,1.0,0.0,0.0,1.0
"G[2,2](((Phosphate >= 0.129 & Lactate >= 0.000) & SepsisLabel >= 0.000) -> SBP <= 0.000)
",0.000,0.000,0.000,1.000,0.000,0,0,27,0,0,27,27,0,0.0,0.0,1.0,0.0,0.0,1.0
"G[0,2](((Resp <= 27.554 -> Hgb <= 9.772) & SBP <= 8.880) & O2Sat <= 6.688)
",9999999.000,9999999.000,0.000,1.000,0.000,0,0,0,27,27,0,0,27,0.0,0.0,0.0,0.0,0.0,1.0
"G[0,2](PTT >= 0.000 & PaCO2 <= 0.000)
",9999999.000,9999999.000,0.000,1.000,0.000,0,0,27,0,0,27,27,0,0.0,0.0,1.0,0.0,0.0,1.0
"G[1,2](((Phosphate >= 0.050 -> Temp >= 1.474) -> pH >= 3.364) -> O2Sat >= 3.018)
",9999999.000,9999999.000,0.000,1.000,0.000,0,0,27,0,0,27,27,0,0.0,0.0,1.0,0.0,0.0,1.0
"G[0,1](Temp <= 27.309 & Chloride >= 1.329)
",9999999.000,9999999.000,0.000,1.000,0.000,0,0,0,27,27,0,0,27,0.0,0.0,0.0,0.0,0.0,1.0
"G[0,2]((Alkalinephos <= 0.000 -> AST >= 0.000) | pH >= 0.000)
",9999999.000,9999999.000,0.000,1.000,0.000,0,0,27,0,0,27,27,0,0.0,0.0,1.0,0.0,0.0,1.0
"G[1,2]((Bilirubin_total >= 0.000 -> Phosphate >= 0.033) | Resp >= 0.122)
",9999999.000,9999999.000,0.000,1.000,0.000,0,0,25,2,2,25,25,2,0.0,0.0,1.0,0.0,0.0,1.0
"G[1,2](((PaCO2 >= 0.000 -> DBP >= 0.000) -> Resp >= 0.000) | TroponinI >= 0.000)
",9999999.000,9999999.000,0.000,1.000,0.000,0,0,27,0,0,27,27,0,0.0,0.0,1.0,0.0,0.0,1.0
"G[0,1](EtCO2 >= 0.000 & HCO3 >= 0.191)
",9999999.000,9999999.000,0.000,1.000,0.000,0,0,0,27,27,0,0,27,0.0,0.0,0.0,0.0,0.0,1.0
"G[1,2]((Creatinine <= 0.421 & BaseExcess >= 0.000) & Glucose >= 0.000)
",9999999.000,9999999.000,0.000,1.000,0.000,0,0,25,2,2,25,25,2,0.0,0.0,1.0,0.0,0.0,1.0
"G[1,2]((MAP <= 111.494 | DBP <= 0.000) | TroponinI <= 0.000)
",9999999.000,9999999.000,0.000,1.000,0.000,0,0,27,0,0,27,27,0,0.0,0.0,1.0,0.0,0.0,1.0
"G[0,2](Fibrinogen >= 0.000 & PaCO2 >= 0.000)
",9999999.000,9999999.000,0.000,1.000,0.000,0,0,27,0,0,27,27,0,0.0,0.0,1.0,0.0,0.0,1.0
"G[1,2](((Bilirubin_direct >= 0.000 & SBP >= 64.939) & FiO2 <= 155.214) -> DBP <= 154.811)
",9999999.000,9999999.000,0.000,1.000,0.000,0,0,27,0,0,27,27,0,0.0,0.0,1.0,0.0,0.0,1.0
"G[0,2]((O2Sat >= 37.275 & FiO2 <= 0.000) | pH >= 0.000)
",9999999.000,9999999.000,0.000,1.000,0.000,0,0,27,0,0,27,27,0,0.0,0.0,1.0,0.0,0.0,1.0
"G[0,2](((Magnesium <= 0.573 -> DBP <= 0.000) -> SBP <= 0.000) | Resp >= 0.000)
",9999999.000,9999999.000,0.000,1.000,0.000,0,0,27,0,0,27,27,0,0.0,0.0,1.0,0.0,0.0,1.0
"G[2,2](((HR >= 6.952 | Alkalinephos >= 0.000) | Resp <= 0.000) & Potassium <= 0.000)
",0.000,0.000,0.000,1.000,0.000,0,0,27,0,0,27,27,0,0.0,0.0,1.0,0.0,0.0,1.0
"G[0,2]((Magnesium >= 0.027 -> BaseExcess >= 0.000) -> Resp <= 0.000)
",9999999.000,9999999.000,0.000,1.000,0.000,0,0,1,26,26,1,1,26,0.0,0.0,1.0,0.0,0.0,1.0
"G[0,2](((Glucose <= 117.803 & Resp >= 6.074) & Glucose >= 11.133) -> Magnesium <= 19.822)
",9999999.000,9999999.000,0.000,1.000,0.000,0,0,27,0,0,27,27,0,0.0,0.0,1.0,0.0,0.0,1.0
"G[0,1]((Hgb >= 0.882 | SaO2 >= 0.000) -> SBP <= 0.000)
",9999999.000,9999999.000,0.000,1.000,0.000,0,0,0,27,27,0,0,27,0.0,0.0,0.0,0.0,0.0,1.0
"G[1,2]((HCO3 >= 1.276 & Lactate <= 0.000) | MAP <= 0.000)
",9999999.000,9999999.000,0.000,1.000,0.000,0,0,5,22,22,5,5,22,0.0,0.0,1.0,0.0,0.0,1.0
"G[0,2](Potassium <= 3.378 -> Magnesium >= 0.135)
",9999999.000,9999999.000,0.000,1.000,0.000,0,0,0,27,27,0,0,27,0.0,0.0,0.0,0.0,0.0,1.0
"G[0,2]((Glucose >= 0.632 | pH <= 0.000) | Bilirubin_direct >= 0.000)
",9999999.000,9999999.000,0.000,1.000,0.000,0,0,27,0,0,27,27,0,0.0,0.0,1.0,0.0,0.0,1.0
"G[0,2](((BUN >= 0.581 | FiO2 >= 0.000) | Resp <= 0.000) & Phosphate <= 0.000)
",9999999.000,9999999.000,0.000,1.000,0.000,0,0,25,2,2,25,25,2,0.0,0.0,1.0,0.0,0.0,1.0
"G[2,2](((Chloride <= 70.478 -> HCO3 <= 26.163) | Resp >= 0.861) -> PaCO2 >= 0.092)
",6649247664236081.000,0.092,0.000,1.000,0.000,0,0,27,0,0,27,27,0,0.0,0.0,1.0,0.0,0.0,1.0
"G[0,1](((Hct <= 20.497 & Chloride <= 62.013) | HR >= 5.392) -> Temp >= 2.146)
",9999999.000,9999999.000,0.000,1.000,0.000,0,0,0,27,27,0,0,27,0.0,0.0,0.0,0.0,0.0,1.0
"G[1,2]((TroponinI >= 0.000 | Bilirubin_direct >= 0.000) & EtCO2 <= 0.000)
",9999999.000,9999999.000,0.000,1.000,0.000,0,0,27,0,0,27,27,0,0.0,0.0,1.0,0.0,0.0,1.0
"G[0,2]((Temp >= 2.881 -> Potassium >= 0.040) | TroponinI >= 0.220)
",9999999.000,9999999.000,0.000,1.000,0.000,0,0,18,9,9,18,18,9,0.0,0.0,1.0,0.0,0.0,1.0
"G[1,2]((SepsisLabel <= 0.000 -> BUN >= 0.071) | Calcium <= 4.389)
",9999999.000,9999999.000,0.000,1.000,0.000,0,0,27,0,0,27,27,0,0.0,0.0,1.0,0.0,0.0,1.0
"G[1,1](((BaseExcess <= 0.000 & Hct >= 1.158) -> Temp <= 29.292) & TroponinI >= 0.243)
",-29.292,-29.292,0.000,1.000,0.000,0,0,1,26,26,1,1,26,0.0,0.0,1.0,0.0,0.0,1.0
"G[1,2]((PaCO2 <= 0.000 -> O2Sat >= 17.233) -> Magnesium <= 74.600)
",9999999.000,9999999.000,0.000,1.000,0.000,0,0,27,0,0,27,27,0,0.0,0.0,1.0,0.0,0.0,1.0
"G[2,2](((Alkalinephos >= 0.000 & HCO3 <= 10.039) -> SepsisLabel >= 1.055) -> Calcium <= 11.780)
",-3315864487920646.000,-11.780,0.000,1.000,0.000,0,0,27,0,0,27,27,0,0.0,0.0,1.0,0.0,0.0,1.0
"G[1,2]((Bilirubin_direct <= 0.000 | Potassium <= 2.758) & Magnesium <= 1.090)
",9999999.000,9999999.000,0.000,1.000,0.000,0,0,25,2,2,25,25,2,0.0,0.0,1.0,0.0,0.0,1.0
"G[0,1]((Creatinine >= 0.005 & Alkalinephos <= 0.000) & Platelets <= 0.000)
",9999999.000,9999999.000,0.000,1.000,0.000,0,0,0,27,27,0,0,27,0.0,0.0,0.0,0.0,0.0,1.0
"G[1,2]((Lactate <= 0.000 -> O2Sat >= 34.803) -> Glucose >= 0.102)
",9999999.000,9999999.000,0.000,1.000,0.000,0,0,12,15,15,12,12,15,0.0,0.0,1.0,0.0,0.0,1.0
"G[0,2](((MAP <= 102.397 | Bilirubin_total >= 0.000) -> Glucose >= 0.000) & Glucose >= 0.000)
",9999999.000,9999999.000,0.000,1.000,0.000,0,0,27,0,0,27,27,0,0.0,0.0,1.0,0.0,0.0,1.0
"G[1,2](((Creatinine >= 0.009 | MAP >= 33.992) | Creatinine <= 104.178) & SaO2 <= 87.772)
",9999999.000,9999999.000,0.000,1.000,0.000,0,0,27,0,0,27,27,0,0.0,0.0,1.0,0.0,0.0,1.0
"G[0,2]((Fibrinogen >= 0.000 -> PaCO2 >= 0.000) | HCO3 <= 0.000)
",9999999.000,9999999.000,0.000,1.000,0.000,0,0,27,0,0,27,27,0,0.0,0.0,1.0,0.0,0.0,1.0
"G[2,2](Resp >= 2.866 | Temp >= 6.676)
",-6454668079846132.000,-2.866,0.000,1.000,0.000,0,0,27,0,0,27,27,0,0.0,0.0,1.0,0.0,0.0,1.0
"G[0,1](((Platelets >= 7.895 | Phosphate >= 0.019) | PaCO2 <= 2.947) & Fibrinogen >= 0.153)
",9999999.000,9999999.000,0.000,1.000,0.000,0,0,0,27,27,0,0,27,0.0,0.0,0.0,0.0,0.0,1.0
"G[2,2](Magnesium >= 0.099 & Resp <= 26.590)
",-7109913507764812.000,-0.099,0.000,1.000,0.000,0,0,27,0,0,27,27,0,0.0,0.0,1.0,0.0,0.0,1.0
"G[1,2](((PaCO2 <= 0.000 | Creatinine >= 0.010) & Hgb <= 0.404) & pH >= 0.004)
",9999999.000,9999999.000,0.000,1.000,0.000,0,0,1,26,26,1,1,26,0.0,0.0,1.0,0.0,0.0,1.0
"G[0,2]((Resp <= 18.549 | HR >= 67.325) -> Bilirubin_direct >= 52.140)
",9999999.000,9999999.000,0.000,1.000,0.000,0,0,0,27,27,0,0,27,0.0,0.0,0.0,0.0,0.0,1.0
"G[0,2]((SaO2 <= 0.000 -> PaCO2 >= 0.000) & O2Sat <= 0.000)
",9999999.000,9999999.000,0.000,1.000,0.000,0,0,5,22,22,5,5,22,0.0,0.0,1.0,0.0,0.0,1.0
"G[2,2](((O2Sat >= 19.240 & BaseExcess <= 0.000) | TroponinI >= 0.000) -> Chloride <= 0.000)
",0.000,0.000,0.000,1.000,0.000,0,0,27,0,0,27,27,0,0.0,0.0,1.0,0.0,0.0,1.0
"G[2,2]((O2Sat <= 76.452 | BaseExcess >= 0.000) -> Chloride >= 0.000)
",-76.452,-76.452,0.000,1.000,0.000,0,0,27,0,0,27,27,0,0.0,0.0,1.0,0.0,0.0,1.0
"G[0,0]((WBC >= 0.063 -> Hgb >= 0.528) -> SaO2 >= 0.305)
",-0.688,-0.049,0.000,1.000,0.000,0,0,0,27,27,0,0,27,0.0,0.0,0.0,0.0,0.0,1.0
"G[2,2](((PTT >= 0.000 | SepsisLabel <= 0.000) | MAP >= 0.000) | PaCO2 >= 0.000)
",0.000,0.000,0.000,1.000,0.000,0,0,27,0,0,27,27,0,0.0,0.0,1.0,0.0,0.0,1.0
"G[1,2](((Bilirubin_direct <= 0.000 | DBP <= 0.000) & FiO2 <= 0.000) & Calcium >= 0.000)
",9999999.000,9999999.000,0.000,1.000,0.000,0,0,27,0,0,27,27,0,0.0,0.0,1.0,0.0,0.0,1.0
"G[0,2](Resp <= 15.515 -> HR >= 5.302)
",9999999.000,9999999.000,0.000,1.000,0.000,0,0,23,4,4,23,23,4,0.0,0.0,1.0,0.0,0.0,1.0
"G[0,2]((BUN >= 0.296 -> Chloride >= 5.193) | TroponinI >= 0.578)
",9999999.000,9999999.000,0.000,1.000,0.000,0,0,27,0,0,27,27,0,0.0,0.0,1.0,0.0,0.0,1.0
"G[0,2]((BUN >= 0.570 -> Bilirubin_direct <= 0.000) | Magnesium >= 0.000)
",9999999.000,9999999.000,0.000,1.000,0.000,0,0,27,0,0,27,27,0,0.0,0.0,1.0,0.0,0.0,1.0
"G[0,2](Potassium >= 0.055 | HCO3 <= 16.761)
",9999999.000,9999999.000,0.000,1.000,0.000,0,0,27,0,0,27,27,0,0.0,0.0,1.0,0.0,0.0,1.0
"G[0,2]((Bilirubin_total <= 0.000 & BUN <= 10.490) -> Alkalinephos >= 0.511)
",9999999.000,9999999.000,0.000,1.000,0.000,0,0,0,27,27,0,0,27,0.0,0.0,0.0,0.0,0.0,1.0
"G[1,2]((BUN <= 7.148 & O2Sat <= 85.383) -> Chloride <= 89.702)
",9999999.000,9999999.000,0.000,1.000,0.000,0,0,27,0,0,27,27,0,0.0,0.0,1.0,0.0,0.0,1.0
"G[0,1](((PaCO2 >= 0.000 | FiO2 <= 0.000) | Chloride >= 0.000) -> HR <= 0.000)
",9999999.000,9999999.000,0.000,1.000,0.000,0,0,1,26,26,1,1,26,0.0,0.0,1.0,0.0,0.0,1.0
"G[1,2](SBP >= 122.423 -> Potassium <= 3.793)
",9999999.000,9999999.000,0.000,1.000,0.000,0,0,25,2,2,25,25,2,0.0,0.0,1.0,0.0,0.0,1.0
"G[1,2](((pH >= 0.000 & Creatinine >= 0.024) | HCO3 <= 0.089) | MAP <= 0.214)
",9999999.000,9999999.000,0.000,1.000,0.000,0,0,27,0,0,27,27,0,0.0,0.0,1.0,0.0,0.0,1.0
"G[0,1](Chloride >= 0.919 & HCO3 >= 0.892)
",9999999.000,9999999.000,0.000,1.000,0.000,0,0,0,27,27,0,0,27,0.0,0.0,0.0,0.0,0.0,1.0
"G[0,0]((Chloride <= 62.684 | Calcium >= 0.068) & Phosphate >= 0.246)
",-0.410,-0.166,0.000,1.000,0.000,0,0,0,27,27,0,0,27,0.0,0.0,0.0,0.0,0.0,1.0
"G[1,2](BUN <= 9.010 & Creatinine >= 0.024)
",9999999.000,9999999.000,0.000,1.000,0.000,0,0,1,26,26,1,1,26,0.0,0.0,1.0,0.0,0.0,1.0
"G[0,1](Platelets <= 40.413 -> WBC >= 0.154)
",9999999.000,9999999.000,0.000,1.000,0.000,0,0,0,27,27,0,0,27,0.0,0.0,0.0,0.0,0.0,1.0
"G[0,0](((Hgb <= 2.544 | Hct <= 10.924) -> WBC >= 0.380) & Platelets >= 6.339)
",-6149901712851836.000,-10.924,0.000,1.000,0.000,0,0,0,27,27,0,0,27,0.0,0.0,0.0,0.0,0.0,1.0
"G[0,2](BUN <= 6.496 & Creatinine >= 0.012)
",9999999.000,9999999.000,0.000,1.000,0.000,0,0,0,27,27,0,0,27,0.0,0.0,0.0,0.0,0.0,1.0
"G[0,1](Chloride >= 7.005 & HCO3 >= 0.101)
",9999999.000,9999999.000,0.000,1.000,0.000,0,0,0,27,27,0,0,27,0.0,0.0,0.0,0.0,0.0,1.0
"G[0,0](BUN <= 8.646 & Creatinine >= 0.023)
",0.186,0.310,0.000,1.000,0.000,0,0,0,27,27,0,0,27,0.0,0.0,0.0,0.0,0.0,1.0
"G[0,2](SBP >= 93.594 & SepsisLabel = 0.000)
",9999999.000,9999999.000,0.000,1.000,0.000,0,0,23,4,4,23,23,4,0.0,0.0,1.0,0.0,0.0,1.0
"G[0,2](O2Sat >= 41.044 -> SepsisLabel = 0.000)
",9999999.000,9999999.000,0.000,1.000,0.000,0,0,27,0,0,27,27,0,0.0,0.0,1.0,0.0,0.0,1.0
"G[1,2](SepsisLabel < 0.000 & SepsisLabel = 0.000)
",9999999.000,9999999.000,0.000,1.000,0.000,0,0,1,26,26,1,1,26,0.0,0.0,1.0,0.0,0.0,1.0
"G[0,2](Bilirubin_total >= 0.000 & SepsisLabel = 0.000)
",9999999.000,9999999.000,0.000,1.000,0.000,0,0,27,0,0,27,27,0,0.0,0.0,1.0,0.0,0.0,1.0
"G[2,2](Calcium < 5.054 -> SepsisLabel = 0.000)
",-5.054,-5.054,0.000,1.000,0.000,0,0,27,0,0,27,27,0,0.0,0.0,1.0,0.0,0.0,1.0
"G[0,2](Fibrinogen >= 0.000 -> SepsisLabel = 0.000)
",9999999.000,9999999.000,0.000,1.000,0.000,0,0,27,0,0,27,27,0,0.0,0.0,1.0,0.0,0.0,1.0
"G[0,2](Chloride <= 83.129 -> SepsisLabel = 0.000)
",9999999.000,9999999.000,0.000,1.000,0.000,0,0,27,0,0,27,27,0,0.0,0.0,1.0,0.0,0.0,1.0
"G[0,2](EtCO2 >= 0.000 & SepsisLabel = 0.000)
",9999999.000,9999999.000,0.000,1.000,0.000,0,0,27,0,0,27,27,0,0.0,0.0,1.0,0.0,0.0,1.0
"G[0,2](Bilirubin_total >= 0.000 & SepsisLabel = 0.000)
",9999999.000,9999999.000,0.000,1.000,0.000,0,0,27,0,0,27,27,0,0.0,0.0,1.0,0.0,0.0,1.0
"G[0,2](Alkalinephos <= 0.000 & SepsisLabel = 0.000)
",9999999.000,9999999.000,0.000,1.000,0.000,0,0,27,0,0,27,27,0,0.0,0.0,1.0,0.0,0.0,1.0
"G[2,2](O2Sat < 93.157 -> SepsisLabel = 0.000)
",-93.157,-93.157,0.000,1.000,0.000,0,0,27,0,0,27,27,0,0.0,0.0,1.0,0.0,0.0,1.0
"G[2,2]((Phosphate <= 3.401 | Platelets <= 49.946) & Bilirubin_direct <= 215.846)
",49.946,49.946,0.000,1.000,0.000,0,0,27,0,0,27,27,0,0.0,0.0,1.0,0.0,0.0,1.0
"G[2,2]((BUN >= 0.221 -> Chloride >= 6.058) | Magnesium <= 95.450)
",95.450,95.450,0.000,1.000,0.000,0,0,27,0,0,27,27,0,0.0,0.0,1.0,0.0,0.0,1.0
"G[2,2]((BUN >= 0.356 -> Potassium <= 0.449) | BUN <= 1.763)
",3971002533800245.500,1.763,0.000,1.000,0.000,0,0,27,0,0,27,27,0,0.0,0.0,1.0,0.0,0.0,1.0
"G[0,2](((HCO3 >= 0.137 | Hct <= 31.724) -> Hct <= 15.382) | BaseExcess <= 33.552)
",9999999.000,9999999.000,0.000,1.000,0.000,0,0,27,0,0,27,27,0,0.0,0.0,1.0,0.0,0.0,1.0
"G[2,2]((Chloride >= 1.827 -> HCO3 >= 0.559) & HR >= 1.228)
",-1.228,-1.228,0.000,1.000,0.000,0,0,27,0,0,27,27,0,0.0,0.0,1.0,0.0,0.0,1.0
"G[0,0](((Hgb >= 0.066 | WBC <= 1.637) & Bilirubin_total <= 1.106) & Bilirubin_total >= 0.568)
",-1.416,-0.661,0.000,1.000,0.000,0,0,0,27,27,0,0,27,0.0,0.0,0.0,0.0,0.0,1.0
"G[0,2]((Hct >= 0.236 & WBC >= 0.184) | Temp >= 0.531)
",9999999.000,9999999.000,0.000,1.000,0.000,0,0,1,26,26,1,1,26,0.0,0.0,1.0,0.0,0.0,1.0
"G[0,2](((BUN <= 10.138 -> WBC >= 0.281) & Lactate >= 0.590) | Potassium <= 4.257)
",9999999.000,9999999.000,0.000,1.000,0.000,0,0,27,0,0,27,27,0,0.0,0.0,1.0,0.0,0.0,1.0
"G[1,1]((Creatinine >= 0.013 & Phosphate <= 1.347) & SepsisLabel <= 1.039)
",-0.013,-0.013,0.000,1.000,0.000,0,0,1,26,26,1,1,26,0.0,0.0,1.0,0.0,0.0,1.0
"G[0,2](Chloride >= 4.186 & HCO3 >= 1.358)
",9999999.000,9999999.000,0.000,1.000,0.000,0,0,0,27,27,0,0,27,0.0,0.0,0.0,0.0,0.0,1.0
"G[1,2](((Hgb <= 1.684 | Hct <= 19.149) -> WBC >= 0.512) & Platelets >= 10.868)
",9999999.000,9999999.000,0.000,1.000,0.000,0,0,3,24,24,3,3,24,0.0,0.0,1.0,0.0,0.0,1.0
"G[0,2](((HCO3 >= 1.256 & WBC >= 0.432) -> HCO3 <= 4.904) -> Calcium <= 5.376)
",9999999.000,9999999.000,0.000,1.000,0.000,0,0,27,0,0,27,27,0,0.0,0.0,1.0,0.0,0.0,1.0
"G[1,2](Platelets <= 79.529 -> WBC >= 0.467)
",9999999.000,9999999.000,0.000,1.000,0.000,0,0,3,24,24,3,3,24,0.0,0.0,1.0,0.0,0.0,1.0
"G[0,1](((Hgb <= 2.768 | Hct <= 7.031) -> WBC >= 0.236) & Platelets >= 1.023)
",9999999.000,9999999.000,0.000,1.000,0.000,0,0,0,27,27,0,0,27,0.0,0.0,0.0,0.0,0.0,1.0
"G[0,2](BUN <= 10.869 & Creatinine >= 0.002)
",9999999.000,9999999.000,0.000,1.000,0.000,0,0,0,27,27,0,0,27,0.0,0.0,0.0,0.0,0.0,1.0
"G[1,2](Chloride >= 8.033 & HCO3 >= 0.282)
",9999999.000,9999999.000,0.000,1.000,0.000,0,0,3,24,24,3,3,24,0.0,0.0,1.0,0.0,0.0,1.0
"G[0,2](((Hgb <= 11.198 | Hct <= 12.889) -> WBC >= 0.177) & Platelets >= 5.381)
",9999999.000,9999999.000,0.000,1.000,0.000,0,0,0,27,27,0,0,27,0.0,0.0,0.0,0.0,0.0,1.0
"G[0,0](BUN <= 9.578 & Creatinine >= 0.026)
",0.186,0.344,0.000,1.000,0.000,0,0,0,27,27,0,0,27,0.0,0.0,0.0,0.0,0.0,1.0
"G[0,1](Chloride >= 2.520 & HCO3 >= 0.002)
",9999999.000,9999999.000,0.000,1.000,0.000,0,0,0,27,27,0,0,27,0.0,0.0,0.0,0.0,0.0,1.0
"G[2,2](Platelets <= 345.554 -> WBC >= 0.333)
",-6079050968802926.000,-345.554,0.000,1.000,0.000,0,0,27,0,0,27,27,0,0.0,0.0,1.0,0.0,0.0,1.0
"G[2,2](((Hgb <= 5.841 | Hct <= 15.087) -> WBC >= 0.061) & Platelets >= 7.450)
",-15.087,-15.087,0.000,1.000,0.000,0,0,27,0,0,27,27,0,0.0,0.0,1.0,0.0,0.0,1.0
"G[1,2](BUN <= 5.195 & Creatinine >= 0.004)
",9999999.000,9999999.000,0.000,1.000,0.000,0,0,1,26,26,1,1,26,0.0,0.0,1.0,0.0,0.0,1.0
"G[1,2](Chloride >= 7.091 & HCO3 >= 1.003)
",9999999.000,9999999.000,0.000,1.000,0.000,0,0,3,24,24,3,3,24,0.0,0.0,1.0,0.0,0.0,1.0
"G[1,2](Platelets <= 89.894 -> WBC >= 0.399)
",9999999.000,9999999.000,0.000,1.000,0.000,0,0,3,24,24,3,3,24,0.0,0.0,1.0,0.0,0.0,1.0
"G[0,1](((Hgb <= 9.766 | Hct <= 28.704) -> WBC >= 0.427) & Platelets >= 9.630)
",9999999.000,9999999.000,0.000,1.000,0.000,0,0,0,27,27,0,0,27,0.0,0.0,0.0,0.0,0.0,1.0
"G[2,2](BUN <= 4.043 & Creatinine >= 0.015)
",-0.015,-0.015,0.000,1.000,0.000,0,0,27,0,0,27,27,0,0.0,0.0,1.0,0.0,0.0,1.0
"G[1,2](Chloride >= 2.420 & HCO3 >= 0.068)
",9999999.000,9999999.000,0.000,1.000,0.000,0,0,3,24,24,3,3,24,0.0,0.0,1.0,0.0,0.0,1.0
"G[1,2](Platelets <= 371.562 -> WBC >= 0.471)
",9999999.000,9999999.000,0.000,1.000,0.000,0,0,3,24,24,3,3,24,0.0,0.0,1.0,0.0,0.0,1.0
"G[2,2](((Hgb <= 1.716 | Hct <= 14.690) -> WBC >= 0.307) & Platelets >= 0.274)
",-8269818973194198.000,-14.690,0.000,1.000,0.000,0,0,27,0,0,27,27,0,0.0,0.0,1.0,0.0,0.0,1.0
"G[0,2](BUN <= 5.721 & Creatinine >= 0.000)
",9999999.000,9999999.000,0.000,1.000,0.000,0,0,23,4,4,23,23,4,0.0,0.0,1.0,0.0,0.0,1.0
"G[0,2](Chloride >= 0.436 & HCO3 >= 1.838)
",9999999.000,9999999.000,0.000,1.000,0.000,0,0,0,27,27,0,0,27,0.0,0.0,0.0,0.0,0.0,1.0
"G[0,2](Platelets <= 310.246 -> WBC >= 0.115)
",9999999.000,9999999.000,0.000,1.000,0.000,0,0,0,27,27,0,0,27,0.0,0.0,0.0,0.0,0.0,1.0
"G[0,2](((Hgb <= 6.546 | Hct <= 16.996) -> WBC >= 0.168) & Platelets >= 5.968)
",9999999.000,9999999.000,0.000,1.000,0.000,0,0,0,27,27,0,0,27,0.0,0.0,0.0,0.0,0.0,1.0
"G[0,1](BUN <= 8.381 & Creatinine >= 0.005)
",9999999.000,9999999.000,0.000,1.000,0.000,0,0,0,27,27,0,0,27,0.0,0.0,0.0,0.0,0.0,1.0
"G[0,2](Platelets <= 343.212 -> WBC >= 0.491)
",9999999.000,9999999.000,0.000,1.000,0.000,0,0,0,27,27,0,0,27,0.0,0.0,0.0,0.0,0.0,1.0
"G[0,1](((Hgb <= 7.070 | Hct <= 14.078) -> WBC >= 0.137) & Platelets >= 5.049)
",9999999.000,9999999.000,0.000,1.000,0.000,0,0,0,27,27,0,0,27,0.0,0.0,0.0,0.0,0.0,1.0
"G[0,2](BUN <= 8.490 & Creatinine >= 0.026)
",9999999.000,9999999.000,0.000,1.000,0.000,0,0,0,27,27,0,0,27,0.0,0.0,0.0,0.0,0.0,1.0
"G[0,2](Chloride >= 7.037 & HCO3 >= 1.373)
",9999999.000,9999999.000,0.000,1.000,0.000,0,0,0,27,27,0,0,27,0.0,0.0,0.0,0.0,0.0,1.0
"G[0,1](BUN >= 0.358 & Magnesium >= 0.138)
",9999999.000,9999999.000,0.000,1.000,0.000,0,0,0,27,27,0,0,27,0.0,0.0,0.0,0.0,0.0,1.0
"G[0,1]((Chloride <= 30.724 | Magnesium >= 0.122) -> Magnesium >= 0.069)
",9999999.000,9999999.000,0.000,1.000,0.000,0,0,0,27,27,0,0,27,0.0,0.0,0.0,0.0,0.0,1.0
"G[1,2]((PTT <= 0.000 & BaseExcess >= 0.000) | Temp <= 0.000)
",9999999.000,9999999.000,0.000,1.000,0.000,0,0,27,0,0,27,27,0,0.0,0.0,1.0,0.0,0.0,1.0
"G[1,2]((Creatinine <= 0.510 -> Resp <= 19.252) -> Platelets >= 12.364)
",9999999.000,9999999.000,0.000,1.000,0.000,0,0,4,23,23,4,4,23,0.0,0.0,1.0,0.0,0.0,1.0
"G[1,2]((Magnesium <= 1.577 -> Temp >= 2.897) & pH <= 35.149)
",9999999.000,9999999.000,0.000,1.000,0.000,0,0,4,23,23,4,4,23,0.0,0.0,1.0,0.0,0.0,1.0
"G[0,2]((Creatinine <= 0.670 & HR >= 73.730) -> Lactate <= 96.787)
",9999999.000,9999999.000,0.000,1.000,0.000,0,0,27,0,0,27,27,0,0.0,0.0,1.0,0.0,0.0,1.0
"G[1,2]((Calcium <= 4.771 | HR >= 60.341) | Glucose >= 26.855)
",9999999.000,9999999.000,0.000,1.000,0.000,0,0,27,0,0,27,27,0,0.0,0.0,1.0,0.0,0.0,1.0
"G[0,2]((HR >= 10.827 & Phosphate <= 3.537) -> pH <= 0.729)
",9999999.000,9999999.000,0.000,1.000,0.000,0,0,27,0,0,27,27,0,0.0,0.0,1.0,0.0,0.0,1.0
"G[0,2](((HR >= 21.648 | WBC >= 0.001) -> Bilirubin_total <= 7.324) | Magnesium >= 0.294)
",9999999.000,9999999.000,0.000,1.000,0.000,0,0,27,0,0,27,27,0,0.0,0.0,1.0,0.0,0.0,1.0
"G[0,2](Chloride >= 0.166 -> HR <= 97.398)
",9999999.000,9999999.000,0.000,1.000,0.000,0,0,27,0,0,27,27,0,0.0,0.0,1.0,0.0,0.0,1.0
"G[1,2]((Hct <= 13.849 | HR >= 6.050) -> DBP >= 51.041)
",9999999.000,9999999.000,0.000,1.000,0.000,0,0,1,26,26,1,1,26,0.0,0.0,1.0,0.0,0.0,1.0
"G[0,1](((MAP <= 92.445 | Temp >= 2.102) | MAP <= 20.162) & PaCO2 >= 3.188)
",9999999.000,9999999.000,0.000,1.000,0.000,0,0,0,27,27,0,0,27,0.0,0.0,0.0,0.0,0.0,1.0
"G[0,0](((DBP >= 0.000 -> HR >= 8.101) & TroponinI <= 91.026) & BUN >= 59.717)
",-8838368769012766.000,-16076.899,0.000,1.000,0.000,0,0,0,27,27,0,0,27,0.0,0.0,0.0,0.0,0.0,1.0
"G[0,2](DBP <= 0.000 & FiO2 >= 0.000)
",9999999.000,9999999.000,0.000,1.000,0.000,0,0,27,0,0,27,27,0,0.0,0.0,1.0,0.0,0.0,1.0
"G[2,2](((DBP <= 0.000 & pH >= 0.000) & SBP <= 0.000) | AST >= 0.000)
",0.000,0.000,0.000,1.000,0.000,0,0,27,0,0,27,27,0,0.0,0.0,1.0,0.0,0.0,1.0
"G[1,2](((Bilirubin_total >= 0.000 | PaCO2 <= 0.000) & Platelets <= 0.000) & Hgb >= 0.000)
",9999999.000,9999999.000,0.000,1.000,0.000,0,0,25,2,2,25,25,2,0.0,0.0,1.0,0.0,0.0,1.0
"G[1,2]((EtCO2 >= 0.000 & Resp >= 5.723) -> Calcium >= 4.145)
",9999999.000,9999999.000,0.000,1.000,0.000,0,0,5,22,22,5,5,22,0.0,0.0,1.0,0.0,0.0,1.0
"G[1,2](Platelets <= 42.250 -> WBC >= 0.052)
",9999999.000,9999999.000,0.000,1.000,0.000,0,0,3,24,24,3,3,24,0.0,0.0,1.0,0.0,0.0,1.0
"G[1,2](((Chloride >= 7.923 -> Chloride >= 4.293) | HCO3 <= 50.082) | Hct <= 22.892)
",9999999.000,9999999.000,0.000,1.000,0.000,0,0,27,0,0,27,27,0,0.0,0.0,1.0,0.0,0.0,1.0
"G[0,2](((Alkalinephos >= 0.000 -> SBP >= 49.975) & PaCO2 <= 154.539) & PTT <= 171.534)
",9999999.000,9999999.000,0.000,1.000,0.000,0,0,23,4,4,23,23,4,0.0,0.0,1.0,0.0,0.0,1.0
"G[2,2]((DBP <= 0.000 & WBC >= 0.276) | Potassium >= 0.355)
",-0.276,-0.276,0.000,1.000,0.000,0,0,27,0,0,27,27,0,0.0,0.0,1.0,0.0,0.0,1.0
"G[0,2](((HCO3 <= 3.541 | Lactate >= 0.000) -> TroponinI >= 0.000) -> Alkalinephos >= 0.000)
",9999999.000,9999999.000,0.000,1.000,0.000,0,0,27,0,0,27,27,0,0.0,0.0,1.0,0.0,0.0,1.0
"G[0,2](((MAP <= 89.719 | pH >= 0.000) & SBP >= 0.000) & BUN <= 0.000)
",9999999.000,9999999.000,0.000,1.000,0.000,0,0,23,4,4,23,23,4,0.0,0.0,1.0,0.0,0.0,1.0
"G[0,2](SaO2 <= 0.000 & HCO3 <= 16.742)
",9999999.000,9999999.000,0.000,1.000,0.000,0,0,23,4,4,23,23,4,0.0,0.0,1.0,0.0,0.0,1.0
"G[0,2]((PTT >= 0.000 -> Phosphate >= 0.047) -> Lactate >= 0.008)
",9999999.000,9999999.000,0.000,1.000,0.000,0,0,25,2,2,25,25,2,0.0,0.0,1.0,0.0,0.0,1.0
"G[0,2]((Creatinine <= 0.552 & pH <= 0.000) | FiO2 >= 0.000)
",9999999.000,9999999.000,0.000,1.000,0.000,0,0,27,0,0,27,27,0,0.0,0.0,1.0,0.0,0.0,1.0
"G[0,1]((HCO3 >= 0.512 -> BUN >= 0.779) & Platelets >= 0.661)
",9999999.000,9999999.000,0.000,1.000,0.000,0,0,0,27,27,0,0,27,0.0,0.0,0.0,0.0,0.0,1.0
"G[1,2](((Creatinine <= 0.036 -> Hct >= 0.339) | Platelets <= 25.134) & Potassium <= 31.102)
",9999999.000,9999999.000,0.000,1.000,0.000,0,0,27,0,0,27,27,0,0.0,0.0,1.0,0.0,0.0,1.0
"G[1,2](((Creatinine <= 0.049 & Magnesium <= 1.441) -> DBP >= 0.124) | Hgb <= 2.053)
",9999999.000,9999999.000,0.000,1.000,0.000,0,0,27,0,0,27,27,0,0.0,0.0,1.0,0.0,0.0,1.0
"G[1,2](((Glucose >= 3.356 -> HR <= 84.902) -> Creatinine >= 33.745) | HR <= 92.754)
",9999999.000,9999999.000,0.000,1.000,0.000,0,0,26,1,1,26,26,1,0.0,0.0,1.0,0.0,0.0,1.0
"G[0,2](((Platelets >= 0.427 & Resp >= 6.509) & Bilirubin_total >= 8.576) -> Platelets >= 2.645)
",9999999.000,9999999.000,0.000,1.000,0.000,0,0,27,0,0,27,27,0,0.0,0.0,1.0,0.0,0.0,1.0
"G[1,2](((Creatinine >= 0.026 | Glucose >= 2.458) | EtCO2 >= 2.961) & Temp <= 86.127)
",9999999.000,9999999.000,0.000,1.000,0.000,0,0,3,24,24,3,3,24,0.0,0.0,1.0,0.0,0.0,1.0
"G[0,1]((O2Sat <= 90.301 & Phosphate >= 0.021) & SaO2 >= 0.088)
",9999999.000,9999999.000,0.000,1.000,0.000,0,0,0,27,27,0,0,27,0.0,0.0,0.0,0.0,0.0,1.0
"G[0,1](Calcium >= 0.046 & Glucose >= 1.901)
",9999999.000,9999999.000,0.000,1.000,0.000,0,0,0,27,27,0,0,27,0.0,0.0,0.0,0.0,0.0,1.0
"G[2,2](MAP >= 0.143 | SBP >= 19.854)
",-0.143,-0.143,0.000,1.000,0.000,0,0,27,0,0,27,27,0,0.0,0.0,1.0,0.0,0.0,1.0
"G[1,2](((Creatinine >= 0.024 | Hgb <= 6.675) & SepsisLabel >= 0.262) | Chloride <= 10.424)
",9999999.000,9999999.000,0.000,1.000,0.000,0,0,25,2,2,25,25,2,0.0,0.0,1.0,0.0,0.0,1.0
"G[2,2](((Chloride <= 25.968 | Creatinine >= 0.019) -> WBC >= 0.012) | pH <= 0.110)
",3947978179583914.500,0.110,0.000,1.000,0.000,0,0,27,0,0,27,27,0,0.0,0.0,1.0,0.0,0.0,1.0
"G[0,2](HCO3 <= 12.241 -> Platelets >= 12.615)
",9999999.000,9999999.000,0.000,1.000,0.000,0,0,0,27,27,0,0,27,0.0,0.0,0.0,0.0,0.0,1.0
"G[0,2]((Calcium >= 0.159 -> Hct <= 31.312) -> Resp >= 1.600)
",9999999.000,9999999.000,0.000,1.000,0.000,0,0,23,4,4,23,23,4,0.0,0.0,1.0,0.0,0.0,1.0
"G[1,2]((Calcium >= 0.317 -> Chloride >= 1.450) | SepsisLabel <= 77.349)
",9999999.000,9999999.000,0.000,1.000,0.000,0,0,27,0,0,27,27,0,0.0,0.0,1.0,0.0,0.0,1.0
"G[1,2](((Phosphate >= 0.023 | Potassium >= 0.289) -> HR >= 0.245) & FiO2 <= 2.405)
",9999999.000,9999999.000,0.000,1.000,0.000,0,0,27,0,0,27,27,0,0.0,0.0,1.0,0.0,0.0,1.0
"G[1,2](((Creatinine >= 0.025 -> WBC >= 0.522) | Glucose >= 0.386) -> Hgb >= 0.413)
",9999999.000,9999999.000,0.000,1.000,0.000,0,0,3,24,24,3,3,24,0.0,0.0,1.0,0.0,0.0,1.0
"G[1,2](BUN <= 8.028 -> Phosphate >= 0.068)
",9999999.000,9999999.000,0.000,1.000,0.000,0,0,3,24,24,3,3,24,0.0,0.0,1.0,0.0,0.0,1.0
"G[1,2](Chloride >= 6.941 | Platelets <= 356.376)
",9999999.000,9999999.000,0.000,1.000,0.000,0,0,27,0,0,27,27,0,0.0,0.0,1.0,0.0,0.0,1.0
"G[1,2](Calcium <= 1.737 | Magnesium >= 0.045)
",9999999.000,9999999.000,0.000,1.000,0.000,0,0,27,0,0,27,27,0,0.0,0.0,1.0,0.0,0.0,1.0
"G[0,1](((Chloride <= 90.279 -> Glucose >= 2.094) | Glucose <= 30.453) -> WBC >= 0.368)
",9999999.000,9999999.000,0.000,1.000,0.000,0,0,0,27,27,0,0,27,0.0,0.0,0.0,0.0,0.0,1.0
"G[1,2](((Glucose >= 1.410 -> Hgb <= 4.269) -> BUN >= 0.218) | FiO2 >= 0.441)
",9999999.000,9999999.000,0.000,1.000,0.000,0,0,3,24,24,3,3,24,0.0,0.0,1.0,0.0,0.0,1.0
"G[0,2](Glucose <= 119.437 & Magnesium <= 1.001)
",9999999.000,9999999.000,0.000,1.000,0.000,0,0,23,4,4,23,23,4,0.0,0.0,1.0,0.0,0.0,1.0
"G[1,1](((HR >= 30.978 & MAP <= 86.713) | Lactate >= 80.016) & SaO2 >= 11.587)
",-30.978,-30.978,0.000,1.000,0.000,0,0,1,26,26,1,1,26,0.0,0.0,1.0,0.0,0.0,1.0
"G[0,2]((HR <= 80.240 & O2Sat >= 32.147) & Alkalinephos >= 51.124)
",9999999.000,9999999.000,0.000,1.000,0.000,0,0,0,27,27,0,0,27,0.0,0.0,0.0,0.0,0.0,1.0
"G[0,1](Glucose >= 3.732 & Temp <= 28.254)
",9999999.000,9999999.000,0.000,1.000,0.000,0,0,0,27,27,0,0,27,0.0,0.0,0.0,0.0,0.0,1.0
"G[1,2]((Phosphate >= 0.118 & Temp >= 3.389) -> Chloride <= 26.609)
",9999999.000,9999999.000,0.000,1.000,0.000,0,0,26,1,1,26,26,1,0.0,0.0,1.0,0.0,0.0,1.0
"G[1,2](Hgb <= 4.226 | O2Sat >= 3.124)
",9999999.000,9999999.000,0.000,1.000,0.000,0,0,26,1,1,26,26,1,0.0,0.0,1.0,0.0,0.0,1.0
"G[0,2]((HCO3 <= 7.468 | O2Sat >= 35.750) | BaseExcess <= 79.244)
",9999999.000,9999999.000,0.000,1.000,0.000,0,0,27,0,0,27,27,0,0.0,0.0,1.0,0.0,0.0,1.0
"G[2,2](((HR >= 23.026 | Temp >= 5.083) & SepsisLabel <= 31.947) | SaO2 <= 24.822)
",6986638598626684.000,24.822,0.000,1.000,0.000,0,0,27,0,0,27,27,0,0.0,0.0,1.0,0.0,0.0,1.0
"G[1,2](((Hgb <= 1.381 -> Resp <= 20.822) | Resp <= 16.516) -> Temp <= 23.585)
",9999999.000,9999999.000,0.000,1.000,0.000,0,0,25,2,2,25,25,2,0.0,0.0,1.0,0.0,0.0,1.0
"G[1,2]((Chloride >= 0.653 -> Resp <= 15.612) & Platelets <= 27.431)
",9999999.000,9999999.000,0.000,1.000,0.000,0,0,25,2,2,25,25,2,0.0,0.0,1.0,0.0,0.0,1.0
"G[0,2](O2Sat <= 84.983 & Platelets >= 13.562)
",9999999.000,9999999.000,0.000,1.000,0.000,0,0,0,27,27,0,0,27,0.0,0.0,0.0,0.0,0.0,1.0
"G[0,2](HR >= 20.399 -> Magnesium >= 0.119)
",9999999.000,9999999.000,0.000,1.000,0.000,0,0,1,26,26,1,1,26,0.0,0.0,1.0,0.0,0.0,1.0
