Rule,Discrimination Score,Pos Robustness,Neg Robustness,Percent Class +,Percent Class -,TP,TN,FP,FN,Actual Yes,Actual No,Predicted Yes,Predicted No,TPR/Sens,TNR/Spec,FPR,Precision,Accuracy,MCR,Class
"G[0,1](((Lactate <= 0.218 | pH <= 5.870) | Calcium >= 0.173) | FiO2 <= 3.508)
",9999999.000,9999999.000,0.000,1.000,0.000,19,0,0,0,19,0,19,0,1.0,0.0,0.0,1.0,1.0,0.0,1
"G[1,1](Potassium <= 1.557 | SepsisLabel >= 0.000)
",7012760964022716.000,1.557,0.000,1.000,0.000,19,0,0,0,19,0,19,0,1.0,0.0,0.0,1.0,1.0,0.0,1
"G[1,1](Fibrinogen <= 0.000 | pH >= 0.202)
",0.000,0.000,0.000,1.000,0.000,19,0,0,0,19,0,19,0,1.0,0.0,0.0,1.0,1.0,0.0,1
"G[0,1](((Temp <= 36.709 | DBP <= 76.026) & HCO3 >= 31.224) | BUN <= 59.738)
",9999999.000,9999999.000,0.000,1.000,0.000,19,0,0,0,19,0,19,0,1.0,0.0,0.0,1.0,1.0,0.0,1
"G[0,1](MAP >= 57.371 | MAP <= 93.946)
",9999999.000,9999999.000,0.000,1.000,0.000,19,0,0,0,19,0,19,0,1.0,0.0,0.0,1.0,1.0,0.0,1
"G[0,0](((BUN >= 0.892 -> Potassium >= 0.075) -> TroponinI >= 0.395) -> Calcium <= 1.902)
",-8567664946718164.000,-1.902,0.000,1.000,0.000,19,0,0,0,19,0,19,0,1.0,0.0,0.0,1.0,1.0,0.0,1
"F[1,1]((Calcium <= 2.107 & Potassium <= 3.974) & Magnesium >= 0.063)
",-0.063,-0.063,0.000,0.000,1.000,19,0,0,0,19,0,19,0,1.0,0.0,0.0,1.0,1.0,0.0,-1
"G[1,1](((Platelets <= 202.249 & Resp <= 18.590) & AST >= 10.500) | TroponinI <= 15.969)
",4494941427928745.500,15.969,0.000,1.000,0.000,19,0,0,0,19,0,19,0,1.0,0.0,0.0,1.0,1.0,0.0,1
"((TroponinI < 0.000) U[1,2] (SepsisLabel = 0.000))
",-9999999.000,-9999999.000,0.000,0.000,1.000,19,0,0,0,19,0,19,0,1.0,0.0,0.0,1.0,1.0,0.0,-1
"F[1,1]((BUN >= 0.111 & O2Sat <= 88.084) & Calcium >= 25.277)
",-25.277,-25.277,0.000,0.000,1.000,19,0,0,0,19,0,19,0,1.0,0.0,0.0,1.0,1.0,0.0,-1
"((BaseExcess <= -0.146) U[1,1] (Chloride >= 1.289))
",-5256996529996418.000,-0.146,0.000,0.000,1.000,19,0,0,0,19,0,19,0,1.0,0.0,0.0,1.0,1.0,0.0,-1
"F[0,0]((Calcium <= 1.276 & Potassium <= 3.562) & Magnesium >= 0.183)
",-0.650,-0.384,0.000,0.000,1.000,19,0,0,0,19,0,19,0,1.0,0.0,0.0,1.0,1.0,0.0,-1
"F[1,1]((Calcium <= 4.333 & Potassium <= 1.209) & Magnesium >= 0.120)
",-4331471095856363.000,-0.120,0.000,0.000,1.000,19,0,0,0,19,0,19,0,1.0,0.0,0.0,1.0,1.0,0.0,-1
"((Hgb > 0.253) U[1,1] (SepsisLabel = 0.000))
",0.000,0.000,0.000,0.000,1.000,19,0,0,0,19,0,19,0,1.0,0.0,0.0,1.0,1.0,0.0,-1
"((HR >= 30.695) U[0,0] (Lactate >= 0.007))
",16351.305,16351.305,0.000,0.000,1.000,19,0,0,0,19,0,19,0,1.0,0.0,0.0,1.0,1.0,0.0,-1
"F[0,1]((Creatinine <= 0.573 -> Lactate >= 0.014) & SepsisLabel >= 0.020)
",-9999999.000,-9999999.000,0.000,0.000,1.000,19,0,0,0,19,0,19,0,1.0,0.0,0.0,1.0,1.0,0.0,-1
"F[0,0]((Calcium <= 1.215 & Potassium <= 2.688) & Magnesium >= 0.063)
",-0.412,-0.368,0.000,0.000,1.000,19,0,0,0,19,0,19,0,1.0,0.0,0.0,1.0,1.0,0.0,-1
"F[1,1](((MAP <= 76.701 -> PaCO2 <= 21.217) -> Phosphate <= 13.015) -> Bilirubin_total >= 4.926)
",5546533756341995.000,4.926,0.000,0.000,1.000,19,0,0,0,19,0,19,0,1.0,0.0,0.0,1.0,1.0,0.0,-1
"((WBC > 0.444) U[1,2] (SepsisLabel = 0.000))
",-9999999.000,-9999999.000,0.000,0.000,1.000,19,0,0,0,19,0,19,0,1.0,0.0,0.0,1.0,1.0,0.0,-1
"F[1,1](((Creatinine <= 0.501 -> Glucose >= 2.308) | DBP <= 172.293) -> BaseExcess >= 21.159)
",-172.293,-172.293,0.000,0.000,1.000,19,0,0,0,19,0,19,0,1.0,0.0,0.0,1.0,1.0,0.0,-1
"F[0,0](Bilirubin_total <= 0.000 -> Lactate >= 0.004)
",-0.341,-12.894,0.000,0.000,1.000,19,0,0,0,19,0,19,0,1.0,0.0,0.0,1.0,1.0,0.0,-1
"F[0,1](((Hct <= 21.413 & WBC >= 0.147) & MAP >= 0.102) & PaCO2 <= 10.615)
",-9999999.000,-9999999.000,0.000,0.000,1.000,19,0,0,0,19,0,19,0,1.0,0.0,0.0,1.0,1.0,0.0,-1
"((pH >= 0.506) U[1,1] (Phosphate >= 0.488))
",-4394275740887382.500,-0.488,0.000,0.000,1.000,19,0,0,0,19,0,19,0,1.0,0.0,0.0,1.0,1.0,0.0,-1
"F[0,1](((HR >= 2.053 & Resp >= 2.344) & SBP <= 13.690) & HCO3 <= 16.636)
",-9999999.000,-9999999.000,0.000,0.000,1.000,19,0,0,0,19,0,19,0,1.0,0.0,0.0,1.0,1.0,0.0,-1
"F[1,1]((Calcium <= 7.483 & Potassium <= 3.415) & Magnesium >= 0.003)
",-6736503036875388.000,-0.003,0.000,0.000,1.000,19,0,0,0,19,0,19,0,1.0,0.0,0.0,1.0,1.0,0.0,-1
"F[0,1]((Hgb <= 3.936 & PTT >= 0.167) & Fibrinogen <= 9.706)
",-9999999.000,-9999999.000,0.000,0.000,1.000,19,0,0,0,19,0,19,0,1.0,0.0,0.0,1.0,1.0,0.0,-1
"F[0,0]((Phosphate >= 0.422 & HR >= 22.592) & Fibrinogen >= 27.034)
",-9.373,-26.371,0.000,0.000,1.000,19,0,0,0,19,0,19,0,1.0,0.0,0.0,1.0,1.0,0.0,-1
"G[1,1](PTT <= 19.032 | FiO2 <= 0.614)
",5356965022399467.000,19.032,0.000,1.000,0.000,19,0,0,0,19,0,19,0,1.0,0.0,0.0,1.0,1.0,0.0,1
"F[1,1]((Magnesium <= 2.207 & PTT >= 0.834) & BUN <= 2.449)
",-7510251350906227.000,-0.834,0.000,0.000,1.000,19,0,0,0,19,0,19,0,1.0,0.0,0.0,1.0,1.0,0.0,-1
"G[1,1]((SaO2 <= 0.000 & Calcium <= 4.695) | SepsisLabel <= 6.132)
",6904565617037012.000,6.132,0.000,1.000,0.000,19,0,0,0,19,0,19,0,1.0,0.0,0.0,1.0,1.0,0.0,1
"G[1,1](((BaseExcess >= -7.020 -> MAP >= 11.748) & Bilirubin_total >= 2.345) -> Chloride >= 9.849)
",7903737105057725.000,7.020,0.000,1.000,0.000,19,0,0,0,19,0,19,0,1.0,0.0,0.0,1.0,1.0,0.0,1
"G[0,0]((Hgb <= 0.777 & O2Sat <= 83.574) | Calcium <= 85.929)
",85.929,85.929,0.000,1.000,0.000,19,0,0,0,19,0,19,0,1.0,0.0,0.0,1.0,1.0,0.0,1
"G[0,1](((DBP <= 57.687 | FiO2 >= 0.007) -> Alkalinephos >= 0.044) -> Bilirubin_direct <= 0.440)
",9999999.000,9999999.000,0.000,1.000,0.000,19,0,0,0,19,0,19,0,1.0,0.0,0.0,1.0,1.0,0.0,1
"G[0,1]((Glucose >= 21.716 | SBP <= 111.117) | Temp <= 120.721)
",9999999.000,9999999.000,0.000,1.000,0.000,19,0,0,0,19,0,19,0,1.0,0.0,0.0,1.0,1.0,0.0,1
"G[0,0](((BaseExcess <= -0.509 | DBP >= 12.243) | Fibrinogen <= 65.792) -> SepsisLabel <= 63.984)
",-10.290,-69.011,0.000,1.000,0.000,19,0,0,0,19,0,19,0,1.0,0.0,0.0,1.0,1.0,0.0,1
"G[0,1](((Chloride >= 11.683 | WBC >= 0.209) | SaO2 <= 2.880) | Glucose <= 1.475)
",9999999.000,9999999.000,0.000,1.000,0.000,19,0,0,0,19,0,19,0,1.0,0.0,0.0,1.0,1.0,0.0,1
"G[1,1](Magnesium >= 0.028 -> O2Sat >= 76.612)
",8192842626657731.000,0.028,0.000,1.000,0.000,19,0,0,0,19,0,19,0,1.0,0.0,0.0,1.0,1.0,0.0,1
"G[0,1](DBP >= 3.626 | O2Sat <= 86.503)
",9999999.000,9999999.000,0.000,1.000,0.000,19,0,0,0,19,0,19,0,1.0,0.0,0.0,1.0,1.0,0.0,1
"G[0,1](SaO2 < 0.000 -> SepsisLabel = 0.000)
",9999999.000,9999999.000,0.000,1.000,0.000,19,0,0,0,19,0,19,0,1.0,0.0,0.0,1.0,1.0,0.0,1
"G[0,0](((Glucose <= 118.397 & Potassium >= 0.497) | Phosphate <= 3.228) | Lactate >= 0.232)
",0.428,15.759,0.000,1.000,0.000,19,0,0,0,19,0,19,0,1.0,0.0,0.0,1.0,1.0,0.0,1
"G[0,1](((pH <= 1.975 | SBP >= 37.871) | Phosphate >= 62.988) | Platelets <= 113.792)
",9999999.000,9999999.000,0.000,1.000,0.000,19,0,0,0,19,0,19,0,1.0,0.0,0.0,1.0,1.0,0.0,1
"G[0,0]((Calcium <= 7.270 -> Temp <= 27.812) -> BUN <= 34.729)
",-34.729,-34.729,0.000,1.000,0.000,19,0,0,0,19,0,19,0,1.0,0.0,0.0,1.0,1.0,0.0,1
"G[1,1](Potassium > 0.150 -> SepsisLabel = 0.000)
",0.000,0.000,0.000,1.000,0.000,19,0,0,0,19,0,19,0,1.0,0.0,0.0,1.0,1.0,0.0,1
"G[0,1]((Potassium <= 1.726 -> WBC <= 6.249) & TroponinI <= 5.693)
",9999999.000,9999999.000,0.000,1.000,0.000,19,0,0,0,19,0,19,0,1.0,0.0,0.0,1.0,1.0,0.0,1
"G[0,0]((Hgb <= 5.757 & Fibrinogen >= 0.000) & Magnesium >= 0.000)
",-0.343,-3.036,0.000,1.000,0.000,19,0,0,0,19,0,19,0,1.0,0.0,0.0,1.0,1.0,0.0,1
"G[1,1]((Calcium <= 3.722 -> Chloride <= 16.941) | O2Sat <= 26.327)
",7410427177188275.000,26.327,0.000,1.000,0.000,19,0,0,0,19,0,19,0,1.0,0.0,0.0,1.0,1.0,0.0,1
"G[1,1](Glucose >= 12.981 -> SepsisLabel = 0.000)
",0.000,0.000,0.000,1.000,0.000,19,0,0,0,19,0,19,0,1.0,0.0,0.0,1.0,1.0,0.0,1
"G[0,1]((HCO3 >= 0.593 -> Magnesium >= 0.133) | Lactate <= 1.204)
",9999999.000,9999999.000,0.000,1.000,0.000,19,0,0,0,19,0,19,0,1.0,0.0,0.0,1.0,1.0,0.0,1
"G[1,1](((pH >= 0.049 -> Platelets <= 29.287) -> SepsisLabel >= 6.332) -> BaseExcess <= 147.001)
",-5172120591756315.000,-147.001,0.000,1.000,0.000,19,0,0,0,19,0,19,0,1.0,0.0,0.0,1.0,1.0,0.0,1
"G[0,0](((MAP >= 9.477 & Platelets >= 10.083) | Creatinine <= 113.661) | Creatinine >= 8.329)
",28.076,112.294,0.000,1.000,0.000,19,0,0,0,19,0,19,0,1.0,0.0,0.0,1.0,1.0,0.0,1
"G[0,0](((Platelets >= 7.232 -> SBP >= 32.794) | Chloride >= 61.480) -> PaCO2 <= 106.517)
",-47.008,-105.746,0.000,1.000,0.000,19,0,0,0,19,0,19,0,1.0,0.0,0.0,1.0,1.0,0.0,1
"G[0,0](((DBP >= 8.213 & MAP <= 78.116) -> HCO3 <= 89.047) -> Bilirubin_direct <= 98.557)
",-337.182,-98.457,0.000,1.000,0.000,19,0,0,0,19,0,19,0,1.0,0.0,0.0,1.0,1.0,0.0,1
"G[0,1]((Magnesium <= 0.584 & Resp <= 17.767) | FiO2 <= 22.346)
",9999999.000,9999999.000,0.000,1.000,0.000,19,0,0,0,19,0,19,0,1.0,0.0,0.0,1.0,1.0,0.0,1
"G[1,1](DBP <= 86.790 | Hgb <= 7.277)
",86.790,86.790,0.000,1.000,0.000,19,0,0,0,19,0,19,0,1.0,0.0,0.0,1.0,1.0,0.0,1
"G[0,1](((Creatinine >= 0.030 -> Platelets >= 8.715) -> O2Sat <= 75.615) | SepsisLabel <= 23.804)
",9999999.000,9999999.000,0.000,1.000,0.000,19,0,0,0,19,0,19,0,1.0,0.0,0.0,1.0,1.0,0.0,1
"G[0,0](Chloride <= 79.879 & TroponinI >= 0.000)
",0.000,0.000,0.000,1.000,0.000,18,0,0,1,19,0,18,1,0.9473684210526315,0.0,0.0,1.0,0.9473684210526315,0.052631578947368474,1
"F[0,0](Lactate <= 0.890 & Potassium >= 0.463)
",-0.353,-13.216,0.000,0.000,1.000,18,0,0,1,19,0,18,1,0.9473684210526315,0.0,0.0,1.0,0.9473684210526315,0.052631578947368474,-1
"G[0,0](Creatinine >= 0.019 -> MAP <= 69.640)
",-0.655,-26.119,0.000,1.000,0.000,18,0,0,1,19,0,18,1,0.9473684210526315,0.0,0.0,1.0,0.9473684210526315,0.052631578947368474,1
"G[0,1](BaseExcess >= -7.377 | Glucose >= 17.752)
",9999999.000,9999999.000,0.000,1.000,0.000,18,0,0,1,19,0,18,1,0.9473684210526315,0.0,0.0,1.0,0.9473684210526315,0.052631578947368474,1
"((BaseExcess < -0.418) U[1,1] (SepsisLabel = 0.000))
",0.000,0.000,0.000,0.000,1.000,18,0,0,1,19,0,18,1,0.9473684210526315,0.0,0.0,1.0,0.9473684210526315,0.052631578947368474,-1
"F[0,1](((Calcium >= 0.106 & Hct >= 1.431) & Temp <= 13.892) & Temp <= 8.554)
",-9999999.000,-9999999.000,0.000,0.000,1.000,18,0,0,1,19,0,18,1,0.9473684210526315,0.0,0.0,1.0,0.9473684210526315,0.052631578947368474,-1
"((HCO3 > 1.323) U[1,1] (SepsisLabel = 0.000))
",0.000,0.000,0.000,0.000,1.000,18,0,0,1,19,0,18,1,0.9473684210526315,0.0,0.0,1.0,0.9473684210526315,0.052631578947368474,-1
"((BUN >= 0.133) U[0,0] (Potassium >= 0.234))
",0.265,0.451,0.000,0.000,1.000,18,0,0,1,19,0,18,1,0.9473684210526315,0.0,0.0,1.0,0.9473684210526315,0.052631578947368474,-1
"((Potassium >= 0.306) U[1,1] (SBP <= 130.431))
",130.431,130.431,0.000,0.000,1.000,18,0,0,1,19,0,18,1,0.9473684210526315,0.0,0.0,1.0,0.9473684210526315,0.052631578947368474,-1
"((Lactate <= 0.369) U[1,1] (Lactate >= 0.003))
",6647076022884836.000,0.369,0.000,0.000,1.000,18,0,0,1,19,0,18,1,0.9473684210526315,0.0,0.0,1.0,0.9473684210526315,0.052631578947368474,-1
"F[0,0](((Bilirubin_total >= 0.000 -> Phosphate >= 0.284) -> Phosphate <= 2.011) -> Bilirubin_direct >= 0.521)
",1.443,0.421,0.000,0.000,1.000,18,0,0,1,19,0,18,1,0.9473684210526315,0.0,0.0,1.0,0.9473684210526315,0.052631578947368474,-1
"F[1,1](((FiO2 <= 0.690 -> Hgb >= 0.111) -> SBP <= 9.376) & Lactate >= 0.200)
",-9.376,-9.376,0.000,0.000,1.000,18,0,0,1,19,0,18,1,0.9473684210526315,0.0,0.0,1.0,0.9473684210526315,0.052631578947368474,-1
"((FiO2 <= 0.324) U[1,1] (Lactate >= 0.025))
",0.324,0.324,0.000,0.000,1.000,18,0,0,1,19,0,18,1,0.9473684210526315,0.0,0.0,1.0,0.9473684210526315,0.052631578947368474,-1
"F[0,1](Hgb >= 0.416 & MAP <= 84.655)
",-9999999.000,-9999999.000,0.000,0.000,1.000,18,0,0,1,19,0,18,1,0.9473684210526315,0.0,0.0,1.0,0.9473684210526315,0.052631578947368474,-1
"G[1,1](FiO2 >= 0.009 -> Temp >= 0.326)
",0.009,0.009,0.000,1.000,0.000,18,0,0,1,19,0,18,1,0.9473684210526315,0.0,0.0,1.0,0.9473684210526315,0.052631578947368474,1
"F[0,1](((Resp <= 18.459 | Temp >= 0.329) -> Fibrinogen >= 6.269) | AST >= 5.573)
",-9999999.000,-9999999.000,0.000,0.000,1.000,18,0,0,1,19,0,18,1,0.9473684210526315,0.0,0.0,1.0,0.9473684210526315,0.052631578947368474,-1
"((Creatinine <= 0.180) U[0,0] (Magnesium >= 0.017))
",2.634,0.159,0.000,0.000,1.000,18,0,0,1,19,0,18,1,0.9473684210526315,0.0,0.0,1.0,0.9473684210526315,0.052631578947368474,-1
"G[0,0](((BUN >= 0.575 | BUN >= 1.055) -> Glucose <= 5.703) | Bilirubin_total >= 0.006)
",0.338,0.420,0.000,1.000,0.000,18,0,0,1,19,0,18,1,0.9473684210526315,0.0,0.0,1.0,0.9473684210526315,0.052631578947368474,1
"G[0,1](FiO2 <= 0.669 & Alkalinephos >= 0.000)
",9999999.000,9999999.000,0.000,1.000,0.000,18,0,0,1,19,0,18,1,0.9473684210526315,0.0,0.0,1.0,0.9473684210526315,0.052631578947368474,1
"G[0,1]((Creatinine >= 0.072 & FiO2 >= 0.003) | Hct <= 0.567)
",9999999.000,9999999.000,0.000,1.000,0.000,18,0,0,1,19,0,18,1,0.9473684210526315,0.0,0.0,1.0,0.9473684210526315,0.052631578947368474,1
"G[0,1]((Phosphate <= 2.175 & Potassium >= 0.249) -> DBP <= 1.428)
",9999999.000,9999999.000,0.000,1.000,0.000,18,0,0,1,19,0,18,1,0.9473684210526315,0.0,0.0,1.0,0.9473684210526315,0.052631578947368474,1
"G[0,0](Glucose >= 13.596 -> Magnesium >= 0.114)
",8180961217120116.000,0.114,0.000,1.000,0.000,18,0,0,1,19,0,18,1,0.9473684210526315,0.0,0.0,1.0,0.9473684210526315,0.052631578947368474,1
"G[0,0](Platelets <= 56.711 -> Magnesium <= 0.708)
",-56.711,-56.711,0.000,1.000,0.000,18,0,0,1,19,0,18,1,0.9473684210526315,0.0,0.0,1.0,0.9473684210526315,0.052631578947368474,1
"G[0,1](((BaseExcess >= -1.720 | PaCO2 >= 3.506) & WBC >= 2.249) -> Temp <= 9.180)
",9999999.000,9999999.000,0.000,1.000,0.000,18,0,0,1,19,0,18,1,0.9473684210526315,0.0,0.0,1.0,0.9473684210526315,0.052631578947368474,1
"G[0,0]((BUN <= 5.531 | Fibrinogen <= 0.000) -> Magnesium <= 0.000)
",-5.531,-5.531,0.000,1.000,0.000,18,0,0,1,19,0,18,1,0.9473684210526315,0.0,0.0,1.0,0.9473684210526315,0.052631578947368474,1
"G[1,1](O2Sat >= 11.672 & SepsisLabel = 0.000)
",-6570780098495756.000,-11.672,0.000,1.000,0.000,18,0,0,1,19,0,18,1,0.9473684210526315,0.0,0.0,1.0,0.9473684210526315,0.052631578947368474,1
"F[0,0]((Glucose <= 143.757 & Calcium <= 2.785) -> Creatinine >= 0.499)
",-0.429,-13.913,0.000,0.000,1.000,18,0,0,1,19,0,18,1,0.9473684210526315,0.0,0.0,1.0,0.9473684210526315,0.052631578947368474,-1
"F[1,1]((O2Sat <= 87.783 | SBP >= 44.296) -> Platelets >= 54.376)
",-6177193885742932.000,-87.783,0.000,0.000,1.000,17,0,0,2,19,0,17,2,0.8947368421052632,0.0,0.0,1.0,0.8947368421052632,0.10526315789473684,-1
"F[0,1]((SBP <= 146.742 | WBC <= 5.493) -> WBC >= 0.172)
",-9999999.000,-9999999.000,0.000,0.000,1.000,17,0,0,2,19,0,17,2,0.8947368421052632,0.0,0.0,1.0,0.8947368421052632,0.10526315789473684,-1
"((Hgb >= 0.072) U[0,0] (PaCO2 >= 7.293))
",0.336,3.570,0.000,0.000,1.000,17,0,0,2,19,0,17,2,0.8947368421052632,0.0,0.0,1.0,0.8947368421052632,0.10526315789473684,-1
"G[0,0](((Resp >= 11.530 | WBC <= 5.954) & PaCO2 <= 5.123) | TroponinI >= 0.527)
",2.612,4.528,0.000,1.000,0.000,17,0,0,2,19,0,17,2,0.8947368421052632,0.0,0.0,1.0,0.8947368421052632,0.10526315789473684,1
"G[1,1](((Hgb <= 1.984 & Resp >= 8.706) -> SBP >= 10.349) -> PTT <= 15.212)
",-8563798705123875.000,-15.212,0.000,1.000,0.000,17,0,0,2,19,0,17,2,0.8947368421052632,0.0,0.0,1.0,0.8947368421052632,0.10526315789473684,1
"F[0,0](((HR >= 37.945 -> Temp <= 31.805) & HCO3 <= 16.742) -> Temp >= 1.378)
",-1.901,-75.675,0.000,0.000,1.000,16,0,0,3,19,0,16,3,0.8421052631578947,0.0,0.0,1.0,0.8421052631578947,0.1578947368421053,-1
"((Calcium >= 0.175) U[0,0] (pH >= 0.909))
",-6306878320779948.000,-0.175,0.000,0.000,1.000,16,0,0,3,19,0,16,3,0.8421052631578947,0.0,0.0,1.0,0.8421052631578947,0.1578947368421053,-1
"((PaCO2 <= 34.770) U[0,0] (pH >= 1.424))
",15.114,33.999,0.000,0.000,1.000,16,0,0,3,19,0,16,3,0.8421052631578947,0.0,0.0,1.0,0.8421052631578947,0.1578947368421053,-1
"((DBP <= 64.956) U[1,1] (PaCO2 >= 3.073))
",64.956,64.956,0.000,0.000,1.000,16,0,0,3,19,0,16,3,0.8421052631578947,0.0,0.0,1.0,0.8421052631578947,0.1578947368421053,-1
"G[1,1]((Calcium <= 4.650 | PaCO2 <= 16.086) & O2Sat >= 4.004)
",-4.004,-4.004,0.000,1.000,0.000,16,0,0,3,19,0,16,3,0.8421052631578947,0.0,0.0,1.0,0.8421052631578947,0.1578947368421053,1
"G[1,1](Hct <= 15.851 & Fibrinogen >= 0.000)
",0.000,0.000,0.000,1.000,0.000,16,0,0,3,19,0,16,3,0.8421052631578947,0.0,0.0,1.0,0.8421052631578947,0.1578947368421053,1
"G[0,1]((Magnesium >= 0.033 -> Platelets >= 3.599) & Bilirubin_direct <= 26.505)
",9999999.000,9999999.000,0.000,1.000,0.000,16,0,0,3,19,0,16,3,0.8421052631578947,0.0,0.0,1.0,0.8421052631578947,0.1578947368421053,1
"G[0,1](((pH <= 2.779 & Lactate <= 0.226) | Calcium <= 0.928) | Creatinine <= 0.035)
",9999999.000,9999999.000,0.000,1.000,0.000,16,0,0,3,19,0,16,3,0.8421052631578947,0.0,0.0,1.0,0.8421052631578947,0.1578947368421053,1
"F[1,1](pH >= 1.384 & BUN <= 11.678)
",-6233927580736322.000,-1.384,0.000,0.000,1.000,15,0,0,4,19,0,15,4,0.7894736842105263,0.0,0.0,1.0,0.7894736842105263,0.21052631578947367,-1
"((Hgb >= 0.456) U[1,2] (Magnesium <= 1.706))
",-9999999.000,-9999999.000,0.000,0.000,1.000,15,0,0,4,19,0,15,4,0.7894736842105263,0.0,0.0,1.0,0.7894736842105263,0.21052631578947367,-1
"((BUN <= 3.065) U[0,1] (FiO2 >= 0.018))
",-9999999.000,-9999999.000,0.000,0.000,1.000,15,0,0,4,19,0,15,4,0.7894736842105263,0.0,0.0,1.0,0.7894736842105263,0.21052631578947367,-1
"F[0,1]((FiO2 <= 0.080 -> Resp <= 14.778) & HCO3 >= 1.927)
",-9999999.000,-9999999.000,0.000,0.000,1.000,15,0,0,4,19,0,15,4,0.7894736842105263,0.0,0.0,1.0,0.7894736842105263,0.21052631578947367,-1
"F[1,1](((BaseExcess >= -6.808 | Hct >= 0.011) & Potassium >= 2.550) & Creatinine <= 9.442)
",-5741296743229675.000,-2.550,0.000,0.000,1.000,15,0,0,4,19,0,15,4,0.7894736842105263,0.0,0.0,1.0,0.7894736842105263,0.21052631578947367,-1
"G[1,1](((Creatinine <= 0.916 -> DBP <= 70.592) | EtCO2 >= 29.688) & WBC <= 83.627)
",-8356338984315549.000,-29.688,0.000,1.000,0.000,15,0,0,4,19,0,15,4,0.7894736842105263,0.0,0.0,1.0,0.7894736842105263,0.21052631578947367,1
"G[0,0](((Chloride <= 98.502 -> PaCO2 >= 5.958) & Fibrinogen <= 20.186) | HR >= 2.568)
",3001562670754385.000,16379.432,0.000,1.000,0.000,15,0,0,4,19,0,15,4,0.7894736842105263,0.0,0.0,1.0,0.7894736842105263,0.21052631578947367,1
"G[0,0](((Hct <= 32.293 & HR >= 40.017) | PaCO2 >= 58.713) & MAP >= 26.695)
",0.826,19.874,0.000,1.000,0.000,15,0,0,4,19,0,15,4,0.7894736842105263,0.0,0.0,1.0,0.7894736842105263,0.21052631578947367,1
"F[0,1](Magnesium <= 1.616 -> Phosphate >= 0.557)
",-9999999.000,-9999999.000,0.000,0.000,1.000,14,0,0,5,19,0,14,5,0.7368421052631579,0.0,0.0,1.0,0.7368421052631579,0.26315789473684215,-1
"F[0,0](((Hct <= 22.557 -> PTT >= 0.135) -> PTT >= 0.764) -> O2Sat <= 18.592)
",-0.493,-3.928,0.000,0.000,1.000,14,0,0,5,19,0,14,5,0.7368421052631579,0.0,0.0,1.0,0.7368421052631579,0.26315789473684215,-1
"((Hct <= 21.933) U[0,1] (Chloride >= 8.722))
",-9999999.000,-9999999.000,0.000,0.000,1.000,14,0,0,5,19,0,14,5,0.7368421052631579,0.0,0.0,1.0,0.7368421052631579,0.26315789473684215,-1
"G[0,1]((Hgb <= 1.735 -> Potassium <= 1.556) -> HR >= 0.511)
",9999999.000,9999999.000,0.000,1.000,0.000,14,0,0,5,19,0,14,5,0.7368421052631579,0.0,0.0,1.0,0.7368421052631579,0.26315789473684215,1
"G[0,1](((TroponinI <= 0.000 | Potassium >= 0.206) | Calcium >= 0.215) & Calcium <= 1.658)
",9999999.000,9999999.000,0.000,1.000,0.000,14,0,0,5,19,0,14,5,0.7368421052631579,0.0,0.0,1.0,0.7368421052631579,0.26315789473684215,1
"G[0,1](Calcium <= 4.539 & Bilirubin_total >= 0.000)
",9999999.000,9999999.000,0.000,1.000,0.000,14,0,0,5,19,0,14,5,0.7368421052631579,0.0,0.0,1.0,0.7368421052631579,0.26315789473684215,1
"G[0,1](((MAP >= 7.384 | EtCO2 >= 0.000) | Hct <= 0.000) & Potassium <= 0.000)
",9999999.000,9999999.000,0.000,1.000,0.000,14,0,0,5,19,0,14,5,0.7368421052631579,0.0,0.0,1.0,0.7368421052631579,0.26315789473684215,1
"G[0,0]((Calcium >= 0.145 -> Temp >= 0.139) & SBP >= 3.784)
",-2.035,-77.739,0.000,1.000,0.000,14,0,0,5,19,0,14,5,0.7368421052631579,0.0,0.0,1.0,0.7368421052631579,0.26315789473684215,1
"G[0,1]((PaCO2 >= 2.158 -> SBP <= 119.725) & PaCO2 <= 131.450)
",9999999.000,9999999.000,0.000,1.000,0.000,14,0,0,5,19,0,14,5,0.7368421052631579,0.0,0.0,1.0,0.7368421052631579,0.26315789473684215,1
"G[0,1]((Hgb >= 0.184 -> Platelets <= 109.405) & Chloride <= 96.919)
",9999999.000,9999999.000,0.000,1.000,0.000,14,0,0,5,19,0,14,5,0.7368421052631579,0.0,0.0,1.0,0.7368421052631579,0.26315789473684215,1
"((BUN >= 0.555) U[0,1] (Chloride >= 9.366))
",-9999999.000,-9999999.000,0.000,0.000,1.000,14,0,0,5,19,0,14,5,0.7368421052631579,0.0,0.0,1.0,0.7368421052631579,0.26315789473684215,-1
"F[1,1](Calcium >= 0.375 | Lactate >= 0.001)
",-5754661660036661.000,-0.001,0.000,0.000,1.000,14,0,0,5,19,0,14,5,0.7368421052631579,0.0,0.0,1.0,0.7368421052631579,0.26315789473684215,-1
"((Hct <= 25.348) U[0,1] (Magnesium >= 0.112))
",-9999999.000,-9999999.000,0.000,0.000,1.000,14,0,0,5,19,0,14,5,0.7368421052631579,0.0,0.0,1.0,0.7368421052631579,0.26315789473684215,-1
"((DBP >= 30.801) U[0,1] (HCO3 >= 2.763))
",-9999999.000,-9999999.000,0.000,0.000,1.000,14,0,0,5,19,0,14,5,0.7368421052631579,0.0,0.0,1.0,0.7368421052631579,0.26315789473684215,-1
"F[0,1]((DBP >= 43.324 -> TroponinI >= 0.000) -> HR <= 0.000)
",-9999999.000,-9999999.000,0.000,0.000,1.000,14,0,0,5,19,0,14,5,0.7368421052631579,0.0,0.0,1.0,0.7368421052631579,0.26315789473684215,-1
"F[0,1](Chloride <= 42.592 -> Platelets >= 7.570)
",-9999999.000,-9999999.000,0.000,0.000,1.000,14,0,0,5,19,0,14,5,0.7368421052631579,0.0,0.0,1.0,0.7368421052631579,0.26315789473684215,-1
"G[1,1]((DBP >= 26.790 & pH <= 6.678) & SepsisLabel <= 6.293)
",-7540832572529405.000,-26.790,0.000,1.000,0.000,13,0,0,6,19,0,13,6,0.6842105263157895,0.0,0.0,1.0,0.6842105263157895,0.3157894736842105,1
"G[0,1](((Calcium <= 1.438 -> Lactate >= 0.015) & DBP >= 0.012) -> HR <= 0.449)
",9999999.000,9999999.000,0.000,1.000,0.000,13,0,0,6,19,0,13,6,0.6842105263157895,0.0,0.0,1.0,0.6842105263157895,0.3157894736842105,1
"((pH <= 7.090) U[1,1] (Temp >= 0.758))
",7.090,7.090,0.000,0.000,1.000,13,0,0,6,19,0,13,6,0.6842105263157895,0.0,0.0,1.0,0.6842105263157895,0.3157894736842105,-1
"((Calcium <= 2.127) U[0,1] (HR <= 61.373))
",-9999999.000,-9999999.000,0.000,0.000,1.000,13,0,0,6,19,0,13,6,0.6842105263157895,0.0,0.0,1.0,0.6842105263157895,0.3157894736842105,-1
"G[1,1](BaseExcess >= -3.258 & Potassium <= 0.648)
",0.648,0.648,0.000,1.000,0.000,13,0,0,6,19,0,13,6,0.6842105263157895,0.0,0.0,1.0,0.6842105263157895,0.3157894736842105,1
"G[0,0](((Magnesium <= 0.416 & pH <= 2.163) | DBP <= 4.421) & Resp >= 1.072)
",0.169,0.103,0.000,1.000,0.000,12,0,0,7,19,0,12,7,0.631578947368421,0.0,0.0,1.0,0.631578947368421,0.368421052631579,1
"F[1,1](O2Sat <= 97.693 & SepsisLabel = 0.000)
",0.000,0.000,0.000,0.000,1.000,12,0,0,7,19,0,12,7,0.631578947368421,0.0,0.0,1.0,0.631578947368421,0.368421052631579,-1
"F[1,1]((HR >= 39.962 & pH <= 4.267) -> Hct >= 0.562)
",5064383056149262.000,0.562,0.000,0.000,1.000,12,0,0,7,19,0,12,7,0.631578947368421,0.0,0.0,1.0,0.631578947368421,0.368421052631579,-1
"((Hgb >= 0.214) U[0,1] (pH >= 0.470))
",-9999999.000,-9999999.000,0.000,0.000,1.000,11,0,0,8,19,0,11,8,0.5789473684210527,0.0,0.0,1.0,0.5789473684210527,0.42105263157894735,-1
"((BaseExcess <= -0.632) U[1,2] (Resp <= 14.093))
",-9999999.000,-9999999.000,0.000,0.000,1.000,11,0,0,8,19,0,11,8,0.5789473684210527,0.0,0.0,1.0,0.5789473684210527,0.42105263157894735,-1
"F[0,1](BaseExcess <= -0.527 | Phosphate >= 0.008)
",-9999999.000,-9999999.000,0.000,0.000,1.000,11,0,0,8,19,0,11,8,0.5789473684210527,0.0,0.0,1.0,0.5789473684210527,0.42105263157894735,-1
"F[0,1]((EtCO2 >= 0.000 -> Temp >= 2.333) & HR >= 2.490)
",-9999999.000,-9999999.000,0.000,0.000,1.000,10,0,0,9,19,0,10,9,0.5263157894736842,0.0,0.0,1.0,0.5263157894736842,0.4736842105263158,-1
"F[0,1]((FiO2 <= 0.379 & Potassium <= 0.836) -> Glucose >= 0.068)
",-9999999.000,-9999999.000,0.000,0.000,1.000,10,0,0,9,19,0,10,9,0.5263157894736842,0.0,0.0,1.0,0.5263157894736842,0.4736842105263158,-1
"F[0,1](((O2Sat >= 35.669 -> Phosphate <= 2.782) -> Lactate >= 0.506) | Temp >= 0.421)
",-9999999.000,-9999999.000,0.000,0.000,1.000,9,0,0,10,19,0,9,10,0.47368421052631576,0.0,0.0,1.0,0.47368421052631576,0.5263157894736843,-1
"F[0,1](MAP <= 94.514 -> Temp >= 6.950)
",-9999999.000,-9999999.000,0.000,0.000,1.000,9,0,0,10,19,0,9,10,0.47368421052631576,0.0,0.0,1.0,0.47368421052631576,0.5263157894736843,-1
"F[0,0](((WBC >= 0.423 & HCO3 <= 13.968) | Resp <= 13.168) | PaCO2 >= 0.170)
",0.631,3.873,0.000,0.000,1.000,9,0,0,10,19,0,9,10,0.47368421052631576,0.0,0.0,1.0,0.47368421052631576,0.5263157894736843,-1
"((DBP <= 72.138) U[1,1] (Potassium <= 0.834))
",72.138,72.138,0.000,0.000,1.000,9,0,0,10,19,0,9,10,0.47368421052631576,0.0,0.0,1.0,0.47368421052631576,0.5263157894736843,-1
"G[0,1](((BaseExcess >= -1.037 & O2Sat <= 97.174) -> Glucose >= 33.848) | Phosphate >= 43.629)
",9999999.000,9999999.000,0.000,1.000,0.000,8,0,0,11,19,0,8,11,0.42105263157894735,0.0,0.0,1.0,0.42105263157894735,0.5789473684210527,1
"F[1,1](((Platelets <= 101.276 & Hct <= 8.679) & Temp <= 8.420) & Lactate <= 13.050)
",8.420,8.420,0.000,0.000,1.000,8,0,0,11,19,0,8,11,0.42105263157894735,0.0,0.0,1.0,0.42105263157894735,0.5789473684210527,-1
"G[0,1]((Phosphate <= 3.120 -> O2Sat <= 97.659) | Resp >= 78.024)
",9999999.000,9999999.000,0.000,1.000,0.000,8,0,0,11,19,0,8,11,0.42105263157894735,0.0,0.0,1.0,0.42105263157894735,0.5789473684210527,1
"F[0,1](Glucose >= 4.653 | Temp >= 2.524)
",-9999999.000,-9999999.000,0.000,0.000,1.000,8,0,0,11,19,0,8,11,0.42105263157894735,0.0,0.0,1.0,0.42105263157894735,0.5789473684210527,-1
"((MAP >= 7.164) U[0,1] (SBP <= 110.790))
",-9999999.000,-9999999.000,0.000,0.000,1.000,7,0,0,12,19,0,7,12,0.3684210526315789,0.0,0.0,1.0,0.3684210526315789,0.631578947368421,-1
"F[0,0]((HCO3 >= 1.984 | MAP >= 63.513) & O2Sat >= 38.621)
",0.537,15.011,0.000,0.000,1.000,7,0,0,12,19,0,7,12,0.3684210526315789,0.0,0.0,1.0,0.3684210526315789,0.631578947368421,-1
"((Calcium >= 0.160) U[1,2] (DBP <= 60.541))
",-9999999.000,-9999999.000,0.000,0.000,1.000,7,0,0,12,19,0,7,12,0.3684210526315789,0.0,0.0,1.0,0.3684210526315789,0.631578947368421,-1
"((HR >= 14.068) U[1,1] (Phosphate <= 4.062))
",4.062,4.062,0.000,0.000,1.000,6,0,0,13,19,0,6,13,0.3157894736842105,0.0,0.0,1.0,0.3157894736842105,0.6842105263157895,-1
"G[0,0]((O2Sat <= 90.162 | Potassium >= 0.281) & Bilirubin_total <= 2.072)
",1.324,1.646,0.000,1.000,0.000,6,0,0,13,19,0,6,13,0.3157894736842105,0.0,0.0,1.0,0.3157894736842105,0.6842105263157895,1
"((Lactate >= 0.021) U[1,2] (SBP <= 104.934))
",-9999999.000,-9999999.000,0.000,0.000,1.000,6,0,0,13,19,0,6,13,0.3157894736842105,0.0,0.0,1.0,0.3157894736842105,0.6842105263157895,-1
"G[1,1](((Bilirubin_total <= 0.000 -> PaCO2 <= 37.894) | Resp >= 4.120) & PaCO2 >= 0.063)
",-4638507732043723.000,-4.120,0.000,1.000,0.000,5,0,0,14,19,0,5,14,0.2631578947368421,0.0,0.0,1.0,0.2631578947368421,0.736842105263158,1
"G[0,1](MAP <= 77.458 -> Temp >= 3.058)
",9999999.000,9999999.000,0.000,1.000,0.000,5,0,0,14,19,0,5,14,0.2631578947368421,0.0,0.0,1.0,0.2631578947368421,0.736842105263158,1
"F[1,1](Chloride <= 49.131 & FiO2 <= 0.634)
",5712445791193604.000,0.634,0.000,0.000,1.000,5,0,0,14,19,0,5,14,0.2631578947368421,0.0,0.0,1.0,0.2631578947368421,0.736842105263158,-1
"F[0,0](((WBC <= 12.323 -> Phosphate >= 0.080) -> WBC >= 0.331) & SBP >= 0.027)
",-0.228,-1.465,0.000,0.000,1.000,5,0,0,14,19,0,5,14,0.2631578947368421,0.0,0.0,1.0,0.2631578947368421,0.736842105263158,-1
"F[1,1](PaCO2 <= 27.596 | DBP <= 60.887)
",8569093312844547.000,60.887,0.000,0.000,1.000,5,0,0,14,19,0,5,14,0.2631578947368421,0.0,0.0,1.0,0.2631578947368421,0.736842105263158,-1
"((MAP >= 60.159) U[0,0] (SBP <= 134.619))
",8.492,126.902,0.000,0.000,1.000,5,0,0,14,19,0,5,14,0.2631578947368421,0.0,0.0,1.0,0.2631578947368421,0.736842105263158,-1
"((Chloride <= 51.271) U[0,1] (HR <= 68.074))
",-9999999.000,-9999999.000,0.000,0.000,1.000,5,0,0,14,19,0,5,14,0.2631578947368421,0.0,0.0,1.0,0.2631578947368421,0.736842105263158,-1
"F[0,0](((MAP >= 25.860 | O2Sat >= 58.854) -> SepsisLabel >= 20.472) -> AST >= 49.855)
",1.222,35.049,0.000,0.000,1.000,4,0,0,15,19,0,4,15,0.21052631578947367,0.0,0.0,1.0,0.21052631578947367,0.7894736842105263,-1
"F[0,0](((DBP <= 84.970 | WBC <= 6.331) & SBP >= 0.488) | Potassium >= 0.200)
",0.468,2.430,0.000,0.000,1.000,4,0,0,15,19,0,4,15,0.21052631578947367,0.0,0.0,1.0,0.21052631578947367,0.7894736842105263,-1
"((MAP >= 57.293) U[1,2] (Alkalinephos <= 0.000))
",-9999999.000,-9999999.000,0.000,0.000,1.000,4,0,0,15,19,0,4,15,0.21052631578947367,0.0,0.0,1.0,0.21052631578947367,0.7894736842105263,-1
"((Magnesium <= 1.598) U[0,0] (MAP >= 17.515))
",1.868,80.969,0.000,0.000,1.000,4,0,0,15,19,0,4,15,0.21052631578947367,0.0,0.0,1.0,0.21052631578947367,0.7894736842105263,-1
"((MAP >= 7.205) U[1,2] (SBP <= 143.150))
",-9999999.000,-9999999.000,0.000,0.000,1.000,4,0,0,15,19,0,4,15,0.21052631578947367,0.0,0.0,1.0,0.21052631578947367,0.7894736842105263,-1
"((HR >= 2.126) U[1,2] (EtCO2 <= 0.000))
",-9999999.000,-9999999.000,0.000,0.000,1.000,4,0,0,15,19,0,4,15,0.21052631578947367,0.0,0.0,1.0,0.21052631578947367,0.7894736842105263,-1
"((MAP >= 2.457) U[1,2] (SBP <= 140.017))
",-9999999.000,-9999999.000,0.000,0.000,1.000,4,0,0,15,19,0,4,15,0.21052631578947367,0.0,0.0,1.0,0.21052631578947367,0.7894736842105263,-1
"F[0,0]((HR >= 57.141 & WBC <= 5.925) | pH >= 0.489)
",3.901,5.588,0.000,0.000,1.000,4,0,0,15,19,0,4,15,0.21052631578947367,0.0,0.0,1.0,0.21052631578947367,0.7894736842105263,-1
"G[1,1](Chloride >= 0.947 & HCO3 >= 0.577)
",-8526095582488637.000,-0.947,0.000,1.000,0.000,4,0,0,15,19,0,4,15,0.21052631578947367,0.0,0.0,1.0,0.21052631578947367,0.7894736842105263,1
"G[1,1](Creatinine >= 0.085 | HCO3 >= 0.479)
",-6120252932932660.000,-0.085,0.000,1.000,0.000,4,0,0,15,19,0,4,15,0.21052631578947367,0.0,0.0,1.0,0.21052631578947367,0.7894736842105263,1
"G[1,1](((Chloride >= 0.838 & Resp >= 0.020) & BaseExcess <= 17.769) & Bilirubin_total <= 17.209)
",-0.838,-0.838,0.000,1.000,0.000,4,0,0,15,19,0,4,15,0.21052631578947367,0.0,0.0,1.0,0.21052631578947367,0.7894736842105263,1
"G[1,1](((PTT >= 1.366 & O2Sat >= 51.215) | Glucose <= 92.181) -> Magnesium >= 37.509)
",-6486687236559892.000,-92.181,0.000,1.000,0.000,3,0,0,16,19,0,3,16,0.15789473684210525,0.0,0.0,1.0,0.15789473684210525,0.8421052631578947,1
"G[0,0]((MAP <= 93.668 & pH >= 0.602) & HR >= 0.704)
",-1.178,-20.639,0.000,1.000,0.000,3,0,0,16,19,0,3,16,0.15789473684210525,0.0,0.0,1.0,0.15789473684210525,0.8421052631578947,1
"G[1,1]((BUN <= 8.472 -> PTT >= 1.105) & Calcium >= 1.491)
",-4769272923584930.000,-8.472,0.000,1.000,0.000,3,0,0,16,19,0,3,16,0.15789473684210525,0.0,0.0,1.0,0.15789473684210525,0.8421052631578947,1
"((MAP >= 35.156) U[0,0] (SBP <= 141.219))
",9.197,133.715,0.000,0.000,1.000,3,0,0,16,19,0,3,16,0.15789473684210525,0.0,0.0,1.0,0.15789473684210525,0.8421052631578947,-1
"F[1,1]((Phosphate >= 0.503 & Magnesium > 0.208) -> Calcium < 2.913)
",-6559325705134309.000,-2.913,0.000,0.000,1.000,3,0,0,16,19,0,3,16,0.15789473684210525,0.0,0.0,1.0,0.15789473684210525,0.8421052631578947,-1
"F[1,1]((Phosphate >= 0.046 & Magnesium > 0.074) -> Calcium < 4.054)
",-4564734924834602.000,-4.054,0.000,0.000,1.000,3,0,0,16,19,0,3,16,0.15789473684210525,0.0,0.0,1.0,0.15789473684210525,0.8421052631578947,-1
"F[1,1]((Hct <= 12.576 -> PaCO2 <= 8.134) & Bilirubin_total <= 21.112)
",-7079488288182132.000,-12.576,0.000,0.000,1.000,3,0,0,16,19,0,3,16,0.15789473684210525,0.0,0.0,1.0,0.15789473684210525,0.8421052631578947,-1
"((MAP >= 60.188) U[0,1] (SBP <= 128.169))
",-9999999.000,-9999999.000,0.000,0.000,1.000,2,0,0,17,19,0,2,17,0.10526315789473684,0.0,0.0,1.0,0.10526315789473684,0.8947368421052632,-1
"G[0,0](BaseExcess >= -1.490 -> BUN >= 0.031)
",-6711211796576802.000,-1.490,0.000,1.000,0.000,2,0,0,17,19,0,2,17,0.10526315789473684,0.0,0.0,1.0,0.10526315789473684,0.8947368421052632,1
"G[1,1](Platelets <= 91.128 -> WBC >= 0.241)
",-6412587026649724.000,-91.128,0.000,1.000,0.000,2,0,0,17,19,0,2,17,0.10526315789473684,0.0,0.0,1.0,0.10526315789473684,0.8947368421052632,1
"F[1,1](Hgb <= 1.703 | Hct <= 3.582)
",8065951140884573.000,3.582,0.000,0.000,1.000,2,0,0,17,19,0,2,17,0.10526315789473684,0.0,0.0,1.0,0.10526315789473684,0.8947368421052632,-1
"((Glucose <= 33.872) U[1,2] (SepsisLabel = 0.000))
",-9999999.000,-9999999.000,0.000,0.000,1.000,2,0,0,17,19,0,2,17,0.10526315789473684,0.0,0.0,1.0,0.10526315789473684,0.8947368421052632,-1
"((HR <= 76.716) U[1,2] (SepsisLabel = 0.000))
",-9999999.000,-9999999.000,0.000,0.000,1.000,2,0,0,17,19,0,2,17,0.10526315789473684,0.0,0.0,1.0,0.10526315789473684,0.8947368421052632,-1
"F[0,1]((BaseExcess >= -6.714 -> Temp <= 30.075) & MAP >= 8.434)
",-9999999.000,-9999999.000,0.000,0.000,1.000,2,0,0,17,19,0,2,17,0.10526315789473684,0.0,0.0,1.0,0.10526315789473684,0.8947368421052632,-1
"F[0,0](Hgb >= 0.010 | Temp <= 29.421)
",0.676,9.828,0.000,0.000,1.000,2,0,0,17,19,0,2,17,0.10526315789473684,0.0,0.0,1.0,0.10526315789473684,0.8947368421052632,-1
"((EtCO2 >= 0.000) U[0,0] (HR <= 77.941))
",1.751,11.053,0.000,0.000,1.000,2,0,0,17,19,0,2,17,0.10526315789473684,0.0,0.0,1.0,0.10526315789473684,0.8947368421052632,-1
"F[1,1](Hgb <= 2.275 | Hct <= 27.490)
",27.490,27.490,0.000,0.000,1.000,2,0,0,17,19,0,2,17,0.10526315789473684,0.0,0.0,1.0,0.10526315789473684,0.8947368421052632,-1
"((BaseExcess > -6.856) U[1,2] (SepsisLabel = 0.000))
",-9999999.000,-9999999.000,0.000,0.000,1.000,1,0,0,18,19,0,1,18,0.05263157894736842,0.0,0.0,1.0,0.05263157894736842,0.9473684210526316,-1
"G[0,0](((BUN <= 1.645 & Hct <= 8.964) & Alkalinephos >= 2.068) | BUN >= 1.233)
",-1.053,-0.930,0.000,1.000,0.000,1,0,0,18,19,0,1,18,0.05263157894736842,0.0,0.0,1.0,0.05263157894736842,0.9473684210526316,1
"G[1,1](BUN <= 9.735 & Creatinine >= 0.011)
",-0.011,-0.011,0.000,1.000,0.000,1,0,0,18,19,0,1,18,0.05263157894736842,0.0,0.0,1.0,0.05263157894736842,0.9473684210526316,1
"G[1,1]((Calcium <= 3.930 & O2Sat <= 93.877) & SBP <= 85.917)
",4425208765338406.500,3.930,0.000,1.000,0.000,1,0,0,18,19,0,1,18,0.05263157894736842,0.0,0.0,1.0,0.05263157894736842,0.9473684210526316,1
"G[0,0](HCO3 <= 8.359 -> Hct >= 0.881)
",-10.995,-8.622,0.000,1.000,0.000,1,0,0,18,19,0,1,18,0.05263157894736842,0.0,0.0,1.0,0.05263157894736842,0.9473684210526316,1
"G[0,0]((HCO3 <= 18.786 -> PaCO2 <= 25.917) & PaCO2 >= 6.049)
",-17.779,-25.429,0.000,1.000,0.000,1,0,0,18,19,0,1,18,0.05263157894736842,0.0,0.0,1.0,0.05263157894736842,0.9473684210526316,1
"F[1,1]((SBP <= 108.428 & Resp <= 22.105) -> PTT <= 18.849)
",-22.105,-22.105,0.000,0.000,1.000,1,0,0,18,19,0,1,18,0.05263157894736842,0.0,0.0,1.0,0.05263157894736842,0.9473684210526316,-1
"F[1,1](DBP >= 38.880 & SepsisLabel = 0.000)
",-5471865304073788.000,-38.880,0.000,0.000,1.000,1,0,0,18,19,0,1,18,0.05263157894736842,0.0,0.0,1.0,0.05263157894736842,0.9473684210526316,-1
"G[0,0](Chloride >= 8.632 & HCO3 >= 2.750)
",-7.877,-8.276,0.000,1.000,0.000,1,0,0,18,19,0,1,18,0.05263157894736842,0.0,0.0,1.0,0.05263157894736842,0.9473684210526316,1
"F[0,1]((Chloride >= 0.015 | MAP <= 91.898) | Hct >= 32.057)
",-9999999.000,-9999999.000,0.000,0.000,1.000,1,0,0,18,19,0,1,18,0.05263157894736842,0.0,0.0,1.0,0.05263157894736842,0.9473684210526316,-1
"F[1,1](((FiO2 >= 0.024 | PTT >= 1.495) | Creatinine >= 1.235) -> Calcium >= 0.843)
",6988267891958252.000,0.024,0.000,0.000,1.000,1,0,0,18,19,0,1,18,0.05263157894736842,0.0,0.0,1.0,0.05263157894736842,0.9473684210526316,-1
"((BUN <= 5.890) U[1,2] (pH <= 5.138))
",-9999999.000,-9999999.000,0.000,0.000,1.000,1,0,0,18,19,0,1,18,0.05263157894736842,0.0,0.0,1.0,0.05263157894736842,0.9473684210526316,-1
"F[0,0](O2Sat <= 95.031 | SBP <= 140.344)
",8.875,132.627,0.000,0.000,1.000,1,0,0,18,19,0,1,18,0.05263157894736842,0.0,0.0,1.0,0.05263157894736842,0.9473684210526316,-1
"F[1,1](Glucose <= 141.112 | PTT <= 3.791)
",4964934863134262.000,141.112,0.000,0.000,1.000,1,0,0,18,19,0,1,18,0.05263157894736842,0.0,0.0,1.0,0.05263157894736842,0.9473684210526316,-1
"F[1,1](FiO2 < 0.640 & SepsisLabel = 0.000)
",0.000,0.000,0.000,0.000,1.000,1,0,0,18,19,0,1,18,0.05263157894736842,0.0,0.0,1.0,0.05263157894736842,0.9473684210526316,-1
"F[1,1]((BUN <= 5.044 -> HR >= 36.650) | Hgb >= 17.867)
",-5679463669357794.000,-5.044,0.000,0.000,1.000,1,0,0,18,19,0,1,18,0.05263157894736842,0.0,0.0,1.0,0.05263157894736842,0.9473684210526316,-1
"F[0,1](HR >= 23.010 & WBC <= 8.755)
",-9999999.000,-9999999.000,0.000,0.000,1.000,1,0,0,18,19,0,1,18,0.05263157894736842,0.0,0.0,1.0,0.05263157894736842,0.9473684210526316,-1
"F[1,1]((EtCO2 >= 0.000 & pH <= 5.243) -> WBC <= 5.640)
",-5.640,-5.640,0.000,0.000,1.000,1,0,0,18,19,0,1,18,0.05263157894736842,0.0,0.0,1.0,0.05263157894736842,0.9473684210526316,-1
"F[1,2](((Lactate >= 0.020 & MAP <= 81.597) & O2Sat >= 39.809) | Calcium <= 72.609)
",-9999999.000,-9999999.000,0.000,0.000,1.000,0,0,0,19,19,0,0,19,0.0,0.0,0.0,0.0,0.0,1.0,-1
"F[1,1]((Platelets <= 97.298 | Alkalinephos <= 0.000) & HCO3 >= 0.000)
",0.000,0.000,0.000,0.000,1.000,0,0,0,19,19,0,0,19,0.0,0.0,0.0,0.0,0.0,1.0,-1
"F[1,2](HCO3 >= 0.691 & WBC >= 0.188)
",-9999999.000,-9999999.000,0.000,0.000,1.000,0,0,0,19,19,0,0,19,0.0,0.0,0.0,0.0,0.0,1.0,-1
"F[0,1](Alkalinephos <= 0.000 -> PTT <= 25.849)
",-9999999.000,-9999999.000,0.000,0.000,1.000,0,0,0,19,19,0,0,19,0.0,0.0,0.0,0.0,0.0,1.0,-1
"F[1,2]((Creatinine <= 0.381 & Phosphate >= 0.297) | Calcium <= 5.256)
",-9999999.000,-9999999.000,0.000,0.000,1.000,0,0,0,19,19,0,0,19,0.0,0.0,0.0,0.0,0.0,1.0,-1
"F[2,2]((EtCO2 <= 0.000 | pH <= 2.584) -> PTT <= 6.271)
",-6.271,-6.271,0.000,0.000,1.000,0,0,0,19,19,0,0,19,0.0,0.0,0.0,0.0,0.0,1.0,-1
"F[2,2](Chloride >= 5.218 -> SepsisLabel <= 0.000)
",0.000,0.000,0.000,0.000,1.000,0,0,0,19,19,0,0,19,0.0,0.0,0.0,0.0,0.0,1.0,-1
"F[0,0]((Lactate >= 0.004 & O2Sat >= 7.292) -> BUN >= 49.108)
",-0.251,-4.905,0.000,0.000,1.000,0,0,0,19,19,0,0,19,0.0,0.0,0.0,0.0,0.0,1.0,-1
"((Glucose <= 84.844) U[2,2] (Resp >= 8.736))
",84.844,84.844,0.000,0.000,1.000,0,0,0,19,19,0,0,19,0.0,0.0,0.0,0.0,0.0,1.0,-1
"F[1,2]((Hct >= 0.131 | Bilirubin_direct <= 0.000) & Platelets <= 0.000)
",-9999999.000,-9999999.000,0.000,0.000,1.000,0,0,0,19,19,0,0,19,0.0,0.0,0.0,0.0,0.0,1.0,-1
"((Bilirubin_direct >= 0.000) U[0,2] (Bilirubin_direct <= 0.000))
",-9999999.000,-9999999.000,0.000,0.000,1.000,0,0,0,19,19,0,0,19,0.0,0.0,0.0,0.0,0.0,1.0,-1
"F[1,2](((SepsisLabel <= 0.000 & Glucose <= 126.518) & Resp <= 70.320) | Hgb >= 15.884)
",-9999999.000,-9999999.000,0.000,0.000,1.000,0,0,0,19,19,0,0,19,0.0,0.0,0.0,0.0,0.0,1.0,-1
"F[2,2]((HCO3 <= 3.829 & Bilirubin_total <= 0.000) | Resp <= 0.000)
",0.000,0.000,0.000,0.000,1.000,0,0,0,19,19,0,0,19,0.0,0.0,0.0,0.0,0.0,1.0,-1
"F[0,2]((Lactate >= 0.010 & PTT >= 1.166) | EtCO2 >= 0.520)
",-9999999.000,-9999999.000,0.000,0.000,1.000,0,0,0,19,19,0,0,19,0.0,0.0,0.0,0.0,0.0,1.0,-1
"F[0,2](((AST <= 0.000 | Resp >= 5.241) & Glucose >= 10.111) & Alkalinephos <= 22.715)
",-9999999.000,-9999999.000,0.000,0.000,1.000,0,0,0,19,19,0,0,19,0.0,0.0,0.0,0.0,0.0,1.0,-1
"F[1,2](BUN <= 10.392 & Resp >= 5.396)
",-9999999.000,-9999999.000,0.000,0.000,1.000,0,0,0,19,19,0,0,19,0.0,0.0,0.0,0.0,0.0,1.0,-1
"F[1,2]((PTT >= 1.332 | Resp <= 19.062) | BUN <= 17.156)
",-9999999.000,-9999999.000,0.000,0.000,1.000,0,0,0,19,19,0,0,19,0.0,0.0,0.0,0.0,0.0,1.0,-1
"F[1,2](Phosphate >= 0.142 & Resp <= 13.321)
",-9999999.000,-9999999.000,0.000,0.000,1.000,0,0,0,19,19,0,0,19,0.0,0.0,0.0,0.0,0.0,1.0,-1
"F[1,2](Lactate >= 0.008 | WBC >= 0.330)
",-9999999.000,-9999999.000,0.000,0.000,1.000,0,0,0,19,19,0,0,19,0.0,0.0,0.0,0.0,0.0,1.0,-1
"F[0,2]((Potassium >= 0.377 & SepsisLabel >= 0.000) -> Chloride <= 0.000)
",-9999999.000,-9999999.000,0.000,0.000,1.000,0,0,0,19,19,0,0,19,0.0,0.0,0.0,0.0,0.0,1.0,-1
"F[1,1]((Lactate <= 0.183 -> Platelets <= 23.101) | Bilirubin_total <= 127.809)
",8993724442804482.000,127.809,0.000,0.000,1.000,0,0,0,19,19,0,0,19,0.0,0.0,0.0,0.0,0.0,1.0,-1
"((Bilirubin_total <= 0.000) U[1,2] (Resp <= 22.454))
",-9999999.000,-9999999.000,0.000,0.000,1.000,0,0,0,19,19,0,0,19,0.0,0.0,0.0,0.0,0.0,1.0,-1
"F[0,0]((Glucose <= 165.911 | BUN <= 5.849) | HR <= 12.682)
",165.911,165.911,0.000,0.000,1.000,0,0,0,19,19,0,0,19,0.0,0.0,0.0,0.0,0.0,1.0,-1
"F[1,2]((PTT >= 1.227 -> PTT <= 10.355) & DBP >= 0.684)
",-9999999.000,-9999999.000,0.000,0.000,1.000,0,0,0,19,19,0,0,19,0.0,0.0,0.0,0.0,0.0,1.0,-1
"F[1,2](WBC <= 4.172 | Bilirubin_direct <= 0.000)
",-9999999.000,-9999999.000,0.000,0.000,1.000,0,0,0,19,19,0,0,19,0.0,0.0,0.0,0.0,0.0,1.0,-1
"F[0,2](Hgb <= 8.044 | EtCO2 <= 0.000)
",-9999999.000,-9999999.000,0.000,0.000,1.000,0,0,0,19,19,0,0,19,0.0,0.0,0.0,0.0,0.0,1.0,-1
"F[1,2](((EtCO2 >= 0.000 & Creatinine >= 0.085) -> EtCO2 <= 0.376) -> PTT <= 0.459)
",-9999999.000,-9999999.000,0.000,0.000,1.000,0,0,0,19,19,0,0,19,0.0,0.0,0.0,0.0,0.0,1.0,-1
"F[2,2](HR >= 55.240 & SaO2 <= 0.000)
",-7774319818779397.000,-55.240,0.000,0.000,1.000,0,0,0,19,19,0,0,19,0.0,0.0,0.0,0.0,0.0,1.0,-1
"F[2,2]((Hgb <= 10.561 -> Lactate >= 0.002) -> Resp >= 0.020)
",5893068141082052.000,0.020,0.000,0.000,1.000,0,0,0,19,19,0,0,19,0.0,0.0,0.0,0.0,0.0,1.0,-1
"F[1,2](((Chloride <= 68.556 & SepsisLabel >= 0.000) | Calcium <= 0.000) -> Bilirubin_direct >= 0.000)
",-9999999.000,-9999999.000,0.000,0.000,1.000,0,0,0,19,19,0,0,19,0.0,0.0,0.0,0.0,0.0,1.0,-1
"F[0,2](((Fibrinogen >= 0.000 | Phosphate >= 0.458) & O2Sat <= 2.589) | BUN <= 2.115)
",-9999999.000,-9999999.000,0.000,0.000,1.000,0,0,0,19,19,0,0,19,0.0,0.0,0.0,0.0,0.0,1.0,-1
"F[1,2]((Lactate >= 0.005 -> FiO2 <= 0.647) & Phosphate <= 0.497)
",-9999999.000,-9999999.000,0.000,0.000,1.000,0,0,0,19,19,0,0,19,0.0,0.0,0.0,0.0,0.0,1.0,-1
"F[1,2](EtCO2 <= 0.000 | HCO3 >= 2.113)
",-9999999.000,-9999999.000,0.000,0.000,1.000,0,0,0,19,19,0,0,19,0.0,0.0,0.0,0.0,0.0,1.0,-1
"F[1,2]((Calcium <= 2.221 | PTT >= 0.206) -> FiO2 >= 0.492)
",-9999999.000,-9999999.000,0.000,0.000,1.000,0,0,0,19,19,0,0,19,0.0,0.0,0.0,0.0,0.0,1.0,-1
"F[0,2]((BUN >= 1.085 | pH >= 0.009) & Alkalinephos >= 1.162)
",-9999999.000,-9999999.000,0.000,0.000,1.000,0,0,0,19,19,0,0,19,0.0,0.0,0.0,0.0,0.0,1.0,-1
"F[0,1](((Lactate >= 0.019 | pH >= 0.933) & BUN <= 4.601) -> O2Sat <= 6.952)
",-9999999.000,-9999999.000,0.000,0.000,1.000,0,0,0,19,19,0,0,19,0.0,0.0,0.0,0.0,0.0,1.0,-1
"F[0,2]((EtCO2 <= 0.000 | SaO2 <= 0.000) -> Chloride >= 0.000)
",-9999999.000,-9999999.000,0.000,0.000,1.000,0,0,0,19,19,0,0,19,0.0,0.0,0.0,0.0,0.0,1.0,-1
"((Bilirubin_total >= 0.000) U[0,2] (Resp >= 12.159))
",-9999999.000,-9999999.000,0.000,0.000,1.000,0,0,0,19,19,0,0,19,0.0,0.0,0.0,0.0,0.0,1.0,-1
"((Chloride >= 4.698) U[0,2] (Hgb <= 8.869))
",-9999999.000,-9999999.000,0.000,0.000,1.000,0,0,0,19,19,0,0,19,0.0,0.0,0.0,0.0,0.0,1.0,-1
"((Resp >= 4.686) U[0,1] (SaO2 >= 0.000))
",-9999999.000,-9999999.000,0.000,0.000,1.000,0,0,0,19,19,0,0,19,0.0,0.0,0.0,0.0,0.0,1.0,-1
"F[0,0]((SepsisLabel >= 0.000 & Hgb >= 0.426) -> EtCO2 >= 0.390)
",-1.446,-11.840,0.000,0.000,1.000,0,0,0,19,19,0,0,19,0.0,0.0,0.0,0.0,0.0,1.0,-1
"F[0,1]((SBP >= 61.617 & BUN >= 0.413) -> O2Sat <= 3.552)
",-9999999.000,-9999999.000,0.000,0.000,1.000,0,0,0,19,19,0,0,19,0.0,0.0,0.0,0.0,0.0,1.0,-1
"F[0,1]((O2Sat >= 80.908 -> Chloride <= 109.116) & AST <= 38.146)
",-9999999.000,-9999999.000,0.000,0.000,1.000,0,0,0,19,19,0,0,19,0.0,0.0,0.0,0.0,0.0,1.0,-1
"F[1,2](Chloride <= 101.547 | PTT <= 21.378)
",-9999999.000,-9999999.000,0.000,0.000,1.000,0,0,0,19,19,0,0,19,0.0,0.0,0.0,0.0,0.0,1.0,-1
"F[0,2](Bilirubin_total <= 0.000 & BaseExcess <= -0.583)
",-9999999.000,-9999999.000,0.000,0.000,1.000,0,0,0,19,19,0,0,19,0.0,0.0,0.0,0.0,0.0,1.0,-1
"F[0,1](((DBP >= 10.476 & Platelets <= 90.332) | Bilirubin_direct <= 65.327) & Magnesium <= 32.322)
",-9999999.000,-9999999.000,0.000,0.000,1.000,0,0,0,19,19,0,0,19,0.0,0.0,0.0,0.0,0.0,1.0,-1
"F[0,1](((Calcium <= 1.102 & O2Sat <= 95.925) | TroponinI <= 84.566) -> SBP >= 41.990)
",-9999999.000,-9999999.000,0.000,0.000,1.000,0,0,0,19,19,0,0,19,0.0,0.0,0.0,0.0,0.0,1.0,-1
"F[1,2]((BaseExcess <= -0.445 -> Calcium >= 0.617) -> SepsisLabel <= 6.802)
",-9999999.000,-9999999.000,0.000,0.000,1.000,0,0,0,19,19,0,0,19,0.0,0.0,0.0,0.0,0.0,1.0,-1
"F[0,2](((EtCO2 >= 0.000 -> PaCO2 >= 3.116) | Resp <= 38.659) & EtCO2 <= 31.838)
",-9999999.000,-9999999.000,0.000,0.000,1.000,0,0,0,19,19,0,0,19,0.0,0.0,0.0,0.0,0.0,1.0,-1
"F[0,1](((BaseExcess <= -0.270 | HCO3 >= 1.508) & SepsisLabel <= 16.618) | Bilirubin_direct <= 3.204)
",-9999999.000,-9999999.000,0.000,0.000,1.000,0,0,0,19,19,0,0,19,0.0,0.0,0.0,0.0,0.0,1.0,-1
"F[1,2]((EtCO2 <= 0.000 -> MAP <= 67.044) & Temp <= 95.643)
",-9999999.000,-9999999.000,0.000,0.000,1.000,0,0,0,19,19,0,0,19,0.0,0.0,0.0,0.0,0.0,1.0,-1
"F[0,1](((pH >= 1.365 | Resp >= 12.400) -> BUN >= 9.760) -> Bilirubin_direct <= 17.139)
",-9999999.000,-9999999.000,0.000,0.000,1.000,0,0,0,19,19,0,0,19,0.0,0.0,0.0,0.0,0.0,1.0,-1
"F[1,1]((DBP <= 80.342 | Phosphate <= 5.506) | HCO3 >= 0.127)
",5653594708430533.000,80.342,0.000,0.000,1.000,0,0,0,19,19,0,0,19,0.0,0.0,0.0,0.0,0.0,1.0,-1
"F[1,2]((Bilirubin_total <= 0.000 | Resp <= 17.909) -> Platelets <= 17.885)
",-9999999.000,-9999999.000,0.000,0.000,1.000,0,0,0,19,19,0,0,19,0.0,0.0,0.0,0.0,0.0,1.0,-1
"F[0,1](MAP <= 72.840 | WBC <= 2.730)
",-9999999.000,-9999999.000,0.000,0.000,1.000,0,0,0,19,19,0,0,19,0.0,0.0,0.0,0.0,0.0,1.0,-1
"F[0,0](((EtCO2 >= 0.000 -> WBC <= 8.271) & SepsisLabel >= 0.124) -> Chloride <= 7.795)
",-2.870,-6.964,0.000,0.000,1.000,0,0,0,19,19,0,0,19,0.0,0.0,0.0,0.0,0.0,1.0,-1
"F[1,2]((Creatinine >= 0.027 -> HR >= 49.215) & Bilirubin_direct <= 67.362)
",-9999999.000,-9999999.000,0.000,0.000,1.000,0,0,0,19,19,0,0,19,0.0,0.0,0.0,0.0,0.0,1.0,-1
"((Creatinine <= 0.336) U[0,1] (DBP >= 34.510))
",-9999999.000,-9999999.000,0.000,0.000,1.000,0,0,0,19,19,0,0,19,0.0,0.0,0.0,0.0,0.0,1.0,-1
"F[1,2]((PaCO2 >= 2.418 -> Resp <= 17.229) & MAP <= 19.361)
",-9999999.000,-9999999.000,0.000,0.000,1.000,0,0,0,19,19,0,0,19,0.0,0.0,0.0,0.0,0.0,1.0,-1
"F[1,2]((Hct >= 1.701 & Resp >= 0.048) | Magnesium <= 12.530)
",-9999999.000,-9999999.000,0.000,0.000,1.000,0,0,0,19,19,0,0,19,0.0,0.0,0.0,0.0,0.0,1.0,-1
"F[2,2]((EtCO2 <= 0.000 | pH >= 1.263) -> Lactate >= 1.324)
",0.000,0.000,0.000,0.000,1.000,0,0,0,19,19,0,0,19,0.0,0.0,0.0,0.0,0.0,1.0,-1
"F[1,1]((HCO3 >= 0.195 & BaseExcess >= -4.565) | Glucose >= -7.209)
",8116990186313533.000,7.209,0.000,0.000,1.000,0,0,0,19,19,0,0,19,0.0,0.0,0.0,0.0,0.0,1.0,-1
"F[0,2](((Hct >= 1.188 | O2Sat <= 88.898) -> PaCO2 <= 99.387) -> Phosphate <= 90.795)
",-9999999.000,-9999999.000,0.000,0.000,1.000,0,0,0,19,19,0,0,19,0.0,0.0,0.0,0.0,0.0,1.0,-1
"F[1,2](((Resp <= 17.102 & Temp >= 1.751) -> Glucose >= 2.060) | Phosphate >= 2.384)
",-9999999.000,-9999999.000,0.000,0.000,1.000,0,0,0,19,19,0,0,19,0.0,0.0,0.0,0.0,0.0,1.0,-1
"F[2,2](((Chloride >= 7.477 & SBP <= 122.321) & AST >= 17.344) | BUN >= 39.695)
",-17.344,-17.344,0.000,0.000,1.000,0,0,0,19,19,0,0,19,0.0,0.0,0.0,0.0,0.0,1.0,-1
"F[2,2]((BUN <= 4.392 -> MAP >= 51.607) | DBP >= 22.098)
",-4.392,-4.392,0.000,0.000,1.000,0,0,0,19,19,0,0,19,0.0,0.0,0.0,0.0,0.0,1.0,-1
"F[0,1]((Creatinine <= 0.610 & SBP >= 39.378) & Bilirubin_direct <= 147.852)
",-9999999.000,-9999999.000,0.000,0.000,1.000,0,0,0,19,19,0,0,19,0.0,0.0,0.0,0.0,0.0,1.0,-1
"F[1,1](((Phosphate <= 4.971 -> SBP >= 37.464) & WBC >= 65.482) -> O2Sat <= 147.481)
",-147.481,-147.481,0.000,0.000,1.000,0,0,0,19,19,0,0,19,0.0,0.0,0.0,0.0,0.0,1.0,-1
"F[0,1]((BaseExcess <= -0.120 -> HR <= 89.542) | SBP <= 87.181)
",-9999999.000,-9999999.000,0.000,0.000,1.000,0,0,0,19,19,0,0,19,0.0,0.0,0.0,0.0,0.0,1.0,-1
"F[2,2]((Chloride <= 24.038 & DBP <= 66.589) | AST <= 78.732)
",78.732,78.732,0.000,0.000,1.000,0,0,0,19,19,0,0,19,0.0,0.0,0.0,0.0,0.0,1.0,-1
"F[0,2]((BUN >= 0.017 | Temp <= 32.190) -> Hct <= 12.842)
",-9999999.000,-9999999.000,0.000,0.000,1.000,0,0,0,19,19,0,0,19,0.0,0.0,0.0,0.0,0.0,1.0,-1
"F[2,2]((PaCO2 <= 42.646 -> PTT <= 23.588) & MAP >= 0.519)
",-6001943052365205.000,-42.646,0.000,0.000,1.000,0,0,0,19,19,0,0,19,0.0,0.0,0.0,0.0,0.0,1.0,-1
"F[0,1](HR >= 9.092 | Magnesium <= 1.149)
",-9999999.000,-9999999.000,0.000,0.000,1.000,0,0,0,19,19,0,0,19,0.0,0.0,0.0,0.0,0.0,1.0,-1
"F[2,2](PTT >= 0.464 -> Temp >= 3.143)
",8360551859987683.000,0.464,0.000,0.000,1.000,0,0,0,19,19,0,0,19,0.0,0.0,0.0,0.0,0.0,1.0,-1
"F[1,2](HCO3 >= 0.063 -> HR >= 26.599)
",-9999999.000,-9999999.000,0.000,0.000,1.000,0,0,0,19,19,0,0,19,0.0,0.0,0.0,0.0,0.0,1.0,-1
"F[2,2]((MAP >= 35.469 | Potassium <= 0.680) | Hct >= 0.164)
",6128354832099602.000,0.680,0.000,0.000,1.000,0,0,0,19,19,0,0,19,0.0,0.0,0.0,0.0,0.0,1.0,-1
"F[1,2](HR >= 11.070 & Potassium <= 1.344)
",-9999999.000,-9999999.000,0.000,0.000,1.000,0,0,0,19,19,0,0,19,0.0,0.0,0.0,0.0,0.0,1.0,-1
"F[1,1]((FiO2 >= 0.005 | O2Sat <= 95.270) | PTT <= 92.697)
",95.270,95.270,0.000,0.000,1.000,0,0,0,19,19,0,0,19,0.0,0.0,0.0,0.0,0.0,1.0,-1
"F[1,2](MAP <= 86.992 & Phosphate >= 0.328)
",-9999999.000,-9999999.000,0.000,0.000,1.000,0,0,0,19,19,0,0,19,0.0,0.0,0.0,0.0,0.0,1.0,-1
"F[2,2](FiO2 <= 0.633 | MAP <= 78.265)
",5507404776160203.000,78.265,0.000,0.000,1.000,0,0,0,19,19,0,0,19,0.0,0.0,0.0,0.0,0.0,1.0,-1
"F[0,1]((PaCO2 <= 9.598 & Platelets <= 50.995) | Bilirubin_direct >= 1.776)
",-9999999.000,-9999999.000,0.000,0.000,1.000,0,0,0,19,19,0,0,19,0.0,0.0,0.0,0.0,0.0,1.0,-1
"F[0,2](Glucose <= 119.574 | HR >= 27.810)
",-9999999.000,-9999999.000,0.000,0.000,1.000,0,0,0,19,19,0,0,19,0.0,0.0,0.0,0.0,0.0,1.0,-1
"((O2Sat >= 74.792) U[0,2] (Potassium <= 3.371))
",-9999999.000,-9999999.000,0.000,0.000,1.000,0,0,0,19,19,0,0,19,0.0,0.0,0.0,0.0,0.0,1.0,-1
"F[0,2]((Phosphate >= 0.105 & Magnesium > 0.134) -> Calcium < 1.655)
",-9999999.000,-9999999.000,0.000,0.000,1.000,0,0,0,19,19,0,0,19,0.0,0.0,0.0,0.0,0.0,1.0,-1
"F[0,2](((Calcium < 6.618 & Potassium < 3.822) & Magnesium < 1.362) & Phosphate < 4.004)
",-9999999.000,-9999999.000,0.000,0.000,1.000,0,0,0,19,19,0,0,19,0.0,0.0,0.0,0.0,0.0,1.0,-1
"F[1,2]((Calcium >= 0.360 -> Phosphate <= 5.107) | Bilirubin_total >= 0.555)
",-9999999.000,-9999999.000,0.000,0.000,1.000,0,0,0,19,19,0,0,19,0.0,0.0,0.0,0.0,0.0,1.0,-1
"F[0,1](Calcium <= 3.258 & Creatinine <= 0.401)
",-9999999.000,-9999999.000,0.000,0.000,1.000,0,0,0,19,19,0,0,19,0.0,0.0,0.0,0.0,0.0,1.0,-1
"((DBP <= 62.636) U[0,2] (Magnesium >= 0.228))
",-9999999.000,-9999999.000,0.000,0.000,1.000,0,0,0,19,19,0,0,19,0.0,0.0,0.0,0.0,0.0,1.0,-1
"((FiO2 >= 0.055) U[0,2] (Platelets >= 2.026))
",-9999999.000,-9999999.000,0.000,0.000,1.000,0,0,0,19,19,0,0,19,0.0,0.0,0.0,0.0,0.0,1.0,-1
"F[0,2]((HCO3 >= 2.458 & O2Sat <= 99.191) & HCO3 >= 50.400)
",-9999999.000,-9999999.000,0.000,0.000,1.000,0,0,0,19,19,0,0,19,0.0,0.0,0.0,0.0,0.0,1.0,-1
"F[2,2]((Calcium <= 6.657 & Potassium <= 3.424) & Magnesium >= 0.122)
",-8809128135966654.000,-0.122,0.000,0.000,1.000,0,0,0,19,19,0,0,19,0.0,0.0,0.0,0.0,0.0,1.0,-1
"F[2,2]((O2Sat <= 83.247 & pH <= 5.361) -> PTT <= 2.585)
",-6035778880961412.000,-5.361,0.000,0.000,1.000,0,0,0,19,19,0,0,19,0.0,0.0,0.0,0.0,0.0,1.0,-1
"((pH <= 2.452) U[0,2] (PTT <= 24.521))
",-9999999.000,-9999999.000,0.000,0.000,1.000,0,0,0,19,19,0,0,19,0.0,0.0,0.0,0.0,0.0,1.0,-1
"F[1,1](((HCO3 >= 2.519 -> SBP >= 37.268) | BUN >= 90.998) | AST <= 106.461)
",7491508736693087.000,106.461,0.000,0.000,1.000,0,0,0,19,19,0,0,19,0.0,0.0,0.0,0.0,0.0,1.0,-1
"F[0,0](FiO2 >= 0.019 -> SBP >= 10.198)
",-0.595,-6.765,0.000,0.000,1.000,0,0,0,19,19,0,0,19,0.0,0.0,0.0,0.0,0.0,1.0,-1
"F[0,1]((BaseExcess >= -4.653 & SBP <= 145.987) -> Hgb <= 142.343)
",-9999999.000,-9999999.000,0.000,0.000,1.000,0,0,0,19,19,0,0,19,0.0,0.0,0.0,0.0,0.0,1.0,-1
"F[0,0]((Glucose <= 75.553 | O2Sat >= 22.452) -> pH <= 83.154)
",-744.549,-83.128,0.000,0.000,1.000,0,0,0,19,19,0,0,19,0.0,0.0,0.0,0.0,0.0,1.0,-1
"F[0,2]((O2Sat <= 95.540 | PaCO2 <= 33.031) & SBP <= 41.632)
",-9999999.000,-9999999.000,0.000,0.000,1.000,0,0,0,19,19,0,0,19,0.0,0.0,0.0,0.0,0.0,1.0,-1
"F[0,2](((SBP <= 109.273 & Temp >= 7.709) | DBP >= 3.036) | MAP <= 28.661)
",-9999999.000,-9999999.000,0.000,0.000,1.000,0,0,0,19,19,0,0,19,0.0,0.0,0.0,0.0,0.0,1.0,-1
"F[0,2](((Chloride >= 2.548 | MAP <= 80.002) & WBC <= 81.152) | Bilirubin_direct <= 76.619)
",-9999999.000,-9999999.000,0.000,0.000,1.000,0,0,0,19,19,0,0,19,0.0,0.0,0.0,0.0,0.0,1.0,-1
"F[0,1]((Calcium <= 2.067 | MAP <= 74.996) -> Chloride <= 92.430)
",-9999999.000,-9999999.000,0.000,0.000,1.000,0,0,0,19,19,0,0,19,0.0,0.0,0.0,0.0,0.0,1.0,-1
"F[0,1](Bilirubin_direct <= 0.000 -> Hct <= 16.985)
",-9999999.000,-9999999.000,0.000,0.000,1.000,0,0,0,19,19,0,0,19,0.0,0.0,0.0,0.0,0.0,1.0,-1
"F[0,0](((pH >= 0.472 | Potassium <= 2.211) -> Hgb >= 0.253) -> O2Sat <= 3.547)
",0.416,4.382,0.000,0.000,1.000,0,0,0,19,19,0,0,19,0.0,0.0,0.0,0.0,0.0,1.0,-1
"F[0,0]((Calcium <= 3.545 & PTT <= 26.244) | Potassium >= 1.140)
",11.884,3.647,0.000,0.000,1.000,0,0,0,19,19,0,0,19,0.0,0.0,0.0,0.0,0.0,1.0,-1
"F[0,2](((BaseExcess >= -5.784 | Lactate <= 0.309) | Hct >= 0.020) & Fibrinogen >= 0.021)
",-9999999.000,-9999999.000,0.000,0.000,1.000,0,0,0,19,19,0,0,19,0.0,0.0,0.0,0.0,0.0,1.0,-1
"F[0,1](((Lactate >= 0.021 -> pH >= 0.444) & Fibrinogen <= 3.343) | HCO3 >= 1.176)
",-9999999.000,-9999999.000,0.000,0.000,1.000,0,0,0,19,19,0,0,19,0.0,0.0,0.0,0.0,0.0,1.0,-1
"F[1,2]((Chloride <= 104.681 | FiO2 <= 0.183) -> PaCO2 >= 0.011)
",-9999999.000,-9999999.000,0.000,0.000,1.000,0,0,0,19,19,0,0,19,0.0,0.0,0.0,0.0,0.0,1.0,-1
"F[0,1]((Potassium >= 0.220 -> Temp <= 10.736) -> O2Sat >= 8.165)
",-9999999.000,-9999999.000,0.000,0.000,1.000,0,0,0,19,19,0,0,19,0.0,0.0,0.0,0.0,0.0,1.0,-1
"F[1,2](((Hct >= 1.956 & pH >= 0.095) & HR >= 0.333) & Glucose >= 0.591)
",-9999999.000,-9999999.000,0.000,0.000,1.000,0,0,0,19,19,0,0,19,0.0,0.0,0.0,0.0,0.0,1.0,-1
"F[1,2](((Chloride >= 0.829 | pH <= 4.719) & O2Sat >= 1.194) & Glucose <= 3.591)
",-9999999.000,-9999999.000,0.000,0.000,1.000,0,0,0,19,19,0,0,19,0.0,0.0,0.0,0.0,0.0,1.0,-1
"F[0,1](((FiO2 <= 0.677 & pH >= 0.988) | SBP <= 5.225) -> Bilirubin_direct <= 4.517)
",-9999999.000,-9999999.000,0.000,0.000,1.000,0,0,0,19,19,0,0,19,0.0,0.0,0.0,0.0,0.0,1.0,-1
"F[2,2]((BUN <= 8.025 -> Hgb <= 8.634) | Bilirubin_direct >= 0.252)
",-0.252,-0.252,0.000,0.000,1.000,0,0,0,19,19,0,0,19,0.0,0.0,0.0,0.0,0.0,1.0,-1
"F[1,2]((Calcium <= 5.037 -> WBC >= 0.443) | FiO2 <= 1.134)
",-9999999.000,-9999999.000,0.000,0.000,1.000,0,0,0,19,19,0,0,19,0.0,0.0,0.0,0.0,0.0,1.0,-1
"((HCO3 <= 5.455) U[0,2] (PaCO2 <= 43.419))
",-9999999.000,-9999999.000,0.000,0.000,1.000,0,0,0,19,19,0,0,19,0.0,0.0,0.0,0.0,0.0,1.0,-1
"F[1,2](((Creatinine >= 0.074 & pH >= 0.113) | PaCO2 <= 2.186) -> Hgb <= 3.890)
",-9999999.000,-9999999.000,0.000,0.000,1.000,0,0,0,19,19,0,0,19,0.0,0.0,0.0,0.0,0.0,1.0,-1
"F[2,2]((PaCO2 <= 9.693 -> Phosphate >= 0.558) | Potassium >= 0.090)
",-6469277110427746.000,-0.090,0.000,0.000,1.000,0,0,0,19,19,0,0,19,0.0,0.0,0.0,0.0,0.0,1.0,-1
"F[0,0](HCO3 <= 23.247 | Platelets <= 127.621)
",2993502999816102.500,127.621,0.000,0.000,1.000,0,0,0,19,19,0,0,19,0.0,0.0,0.0,0.0,0.0,1.0,-1
"F[2,2]((Chloride >= 13.477 | Hgb >= 0.477) & BaseExcess >= 0.385)
",-8588048622505699.000,-0.477,0.000,0.000,1.000,0,0,0,19,19,0,0,19,0.0,0.0,0.0,0.0,0.0,1.0,-1
"F[2,2]((Chloride >= 9.859 | PTT <= 28.816) -> Fibrinogen >= 0.502)
",-8110940572823869.000,-28.816,0.000,0.000,1.000,0,0,0,19,19,0,0,19,0.0,0.0,0.0,0.0,0.0,1.0,-1
"F[0,2](((Calcium >= 0.589 & Hgb <= 2.500) -> MAP >= 0.236) -> Magnesium >= 0.494)
",-9999999.000,-9999999.000,0.000,0.000,1.000,0,0,0,19,19,0,0,19,0.0,0.0,0.0,0.0,0.0,1.0,-1
"((BUN <= 10.153) U[0,2] (Potassium >= 0.070))
",-9999999.000,-9999999.000,0.000,0.000,1.000,0,0,0,19,19,0,0,19,0.0,0.0,0.0,0.0,0.0,1.0,-1
"F[1,2](((O2Sat <= 94.909 -> Temp >= 8.328) & Fibrinogen <= 24.049) & EtCO2 >= 6.703)
",-9999999.000,-9999999.000,0.000,0.000,1.000,0,0,0,19,19,0,0,19,0.0,0.0,0.0,0.0,0.0,1.0,-1
"F[0,2](Phosphate >= 0.533 & WBC <= 6.155)
",-9999999.000,-9999999.000,0.000,0.000,1.000,0,0,0,19,19,0,0,19,0.0,0.0,0.0,0.0,0.0,1.0,-1
"F[1,1]((FiO2 <= 0.590 | HCO3 <= 9.029) | O2Sat <= 6.512)
",5082817522054507.000,9.029,0.000,0.000,1.000,0,0,0,19,19,0,0,19,0.0,0.0,0.0,0.0,0.0,1.0,-1
"F[0,2](BUN >= 0.943 & Chloride >= 9.114)
",-9999999.000,-9999999.000,0.000,0.000,1.000,0,0,0,19,19,0,0,19,0.0,0.0,0.0,0.0,0.0,1.0,-1
"F[0,2](((Lactate <= 0.623 | PaCO2 >= 4.372) -> Temp <= 29.478) & Lactate >= 7.487)
",-9999999.000,-9999999.000,0.000,0.000,1.000,0,0,0,19,19,0,0,19,0.0,0.0,0.0,0.0,0.0,1.0,-1
"F[1,2](Creatinine <= 0.800 | PTT <= 1.991)
",-9999999.000,-9999999.000,0.000,0.000,1.000,0,0,0,19,19,0,0,19,0.0,0.0,0.0,0.0,0.0,1.0,-1
"F[0,2](BUN >= 0.241 | WBC <= 8.109)
",-9999999.000,-9999999.000,0.000,0.000,1.000,0,0,0,19,19,0,0,19,0.0,0.0,0.0,0.0,0.0,1.0,-1
"F[0,2](((Creatinine <= 0.886 & Hgb >= 0.012) | BaseExcess <= 3.447) | pH >= 0.094)
",-9999999.000,-9999999.000,0.000,0.000,1.000,0,0,0,19,19,0,0,19,0.0,0.0,0.0,0.0,0.0,1.0,-1
"F[0,2](((Glucose >= 18.904 | Hct >= 1.621) & O2Sat >= 2.104) & Magnesium >= 2.284)
",-9999999.000,-9999999.000,0.000,0.000,1.000,0,0,0,19,19,0,0,19,0.0,0.0,0.0,0.0,0.0,1.0,-1
"F[0,1](BaseExcess >= -7.070 | pH >= 0.176)
",-9999999.000,-9999999.000,0.000,0.000,1.000,0,0,0,19,19,0,0,19,0.0,0.0,0.0,0.0,0.0,1.0,-1
"F[0,1](BUN <= 2.156 | Magnesium >= 0.017)
",-9999999.000,-9999999.000,0.000,0.000,1.000,0,0,0,19,19,0,0,19,0.0,0.0,0.0,0.0,0.0,1.0,-1
"F[1,2]((Calcium >= 0.015 | Hct <= 10.049) & HCO3 <= 22.286)
",-9999999.000,-9999999.000,0.000,0.000,1.000,0,0,0,19,19,0,0,19,0.0,0.0,0.0,0.0,0.0,1.0,-1
"F[0,1](((Chloride <= 54.916 -> Hct >= 1.817) & FiO2 <= 28.720) -> Resp <= 21.952)
",-9999999.000,-9999999.000,0.000,0.000,1.000,0,0,0,19,19,0,0,19,0.0,0.0,0.0,0.0,0.0,1.0,-1
"((Hct <= 11.562) U[0,1] (Potassium <= 2.358))
",-9999999.000,-9999999.000,0.000,0.000,1.000,0,0,0,19,19,0,0,19,0.0,0.0,0.0,0.0,0.0,1.0,-1
"((Hct >= 0.322) U[0,2] (Platelets >= 8.046))
",-9999999.000,-9999999.000,0.000,0.000,1.000,0,0,0,19,19,0,0,19,0.0,0.0,0.0,0.0,0.0,1.0,-1
"((Hct >= 1.949) U[0,1] (Hgb <= 9.091))
",-9999999.000,-9999999.000,0.000,0.000,1.000,0,0,0,19,19,0,0,19,0.0,0.0,0.0,0.0,0.0,1.0,-1
"F[2,2]((HR >= 35.374 -> O2Sat <= 93.422) & Potassium >= 71.608)
",-93.422,-93.422,0.000,0.000,1.000,0,0,0,19,19,0,0,19,0.0,0.0,0.0,0.0,0.0,1.0,-1
"F[0,1]((Chloride <= 50.036 | Glucose >= 10.854) | Calcium <= 69.416)
",-9999999.000,-9999999.000,0.000,0.000,1.000,0,0,0,19,19,0,0,19,0.0,0.0,0.0,0.0,0.0,1.0,-1
"F[0,0](Hgb <= 7.995 | Hct <= 11.297)
",6359630019527892.000,11.297,0.000,0.000,1.000,0,0,0,19,19,0,0,19,0.0,0.0,0.0,0.0,0.0,1.0,-1
"F[1,2]((Calcium <= 2.673 & Potassium <= 1.149) & Magnesium >= 0.202)
",-9999999.000,-9999999.000,0.000,0.000,1.000,0,0,0,19,19,0,0,19,0.0,0.0,0.0,0.0,0.0,1.0,-1
"F[0,2](((Calcium < 6.273 & Potassium < 3.957) & Magnesium < 1.459) & Phosphate < 3.492)
",-9999999.000,-9999999.000,0.000,0.000,1.000,0,0,0,19,19,0,0,19,0.0,0.0,0.0,0.0,0.0,1.0,-1
"F[0,1](Potassium < 1.432 -> SepsisLabel = 0.000)
",-9999999.000,-9999999.000,0.000,0.000,1.000,0,0,0,19,19,0,0,19,0.0,0.0,0.0,0.0,0.0,1.0,-1
"((PaCO2 >= 1.137) U[0,0] (SepsisLabel = 0.000))
",0.343,0.652,0.000,0.000,1.000,0,0,0,19,19,0,0,19,0.0,0.0,0.0,0.0,0.0,1.0,-1
"F[2,2](Magnesium <= 1.215 -> SepsisLabel = 0.000)
",-1.215,-1.215,0.000,0.000,1.000,0,0,0,19,19,0,0,19,0.0,0.0,0.0,0.0,0.0,1.0,-1
"F[1,2](DBP <= 59.949 -> SepsisLabel = 0.000)
",-9999999.000,-9999999.000,0.000,0.000,1.000,0,0,0,19,19,0,0,19,0.0,0.0,0.0,0.0,0.0,1.0,-1
"F[0,2](BUN < 1.467 -> SepsisLabel = 0.000)
",-9999999.000,-9999999.000,0.000,0.000,1.000,0,0,0,19,19,0,0,19,0.0,0.0,0.0,0.0,0.0,1.0,-1
"F[0,1](Calcium <= 6.506 -> SepsisLabel = 0.000)
",-9999999.000,-9999999.000,0.000,0.000,1.000,0,0,0,19,19,0,0,19,0.0,0.0,0.0,0.0,0.0,1.0,-1
"F[1,2](EtCO2 < 0.000 & SepsisLabel = 0.000)
",-9999999.000,-9999999.000,0.000,0.000,1.000,0,0,0,19,19,0,0,19,0.0,0.0,0.0,0.0,0.0,1.0,-1
"((MAP > 8.620) U[0,2] (SepsisLabel = 0.000))
",-9999999.000,-9999999.000,0.000,0.000,1.000,0,0,0,19,19,0,0,19,0.0,0.0,0.0,0.0,0.0,1.0,-1
"((Hgb <= 3.245) U[0,1] (SepsisLabel = 0.000))
",-9999999.000,-9999999.000,0.000,0.000,1.000,0,0,0,19,19,0,0,19,0.0,0.0,0.0,0.0,0.0,1.0,-1
"F[0,1](BaseExcess > -3.274 & SepsisLabel = 0.000)
",-9999999.000,-9999999.000,0.000,0.000,1.000,0,0,0,19,19,0,0,19,0.0,0.0,0.0,0.0,0.0,1.0,-1
"((DBP >= 37.739) U[0,2] (SBP <= 115.251))
",-9999999.000,-9999999.000,0.000,0.000,1.000,0,0,0,19,19,0,0,19,0.0,0.0,0.0,0.0,0.0,1.0,-1
"F[0,2](((BUN <= 9.091 & HCO3 <= 23.097) -> Alkalinephos >= 2.878) | Calcium <= 4.987)
",-9999999.000,-9999999.000,0.000,0.000,1.000,0,0,0,19,19,0,0,19,0.0,0.0,0.0,0.0,0.0,1.0,-1
"F[1,2]((Chloride <= 48.262 & Phosphate >= 0.134) | PTT <= 3.773)
",-9999999.000,-9999999.000,0.000,0.000,1.000,0,0,0,19,19,0,0,19,0.0,0.0,0.0,0.0,0.0,1.0,-1
"((HCO3 <= 20.810) U[2,2] (Phosphate <= 4.629))
",5857602041279877.000,20.810,0.000,0.000,1.000,0,0,0,19,19,0,0,19,0.0,0.0,0.0,0.0,0.0,1.0,-1
"F[2,2](((HR >= 54.418 & MAP <= 88.273) & AST >= 44.606) -> Alkalinephos >= 52.989)
",7457489336860443.000,52.989,0.000,0.000,1.000,0,0,0,19,19,0,0,19,0.0,0.0,0.0,0.0,0.0,1.0,-1
"F[1,2](HR <= 72.399 | SBP >= 38.966)
",-9999999.000,-9999999.000,0.000,0.000,1.000,0,0,0,19,19,0,0,19,0.0,0.0,0.0,0.0,0.0,1.0,-1
"F[0,0]((MAP >= 17.463 | SBP >= 22.815) -> Fibrinogen <= 147.433)
",-52.166,-146.770,0.000,0.000,1.000,0,0,0,19,19,0,0,19,0.0,0.0,0.0,0.0,0.0,1.0,-1
"F[1,2](AST >= 0.000 & SepsisLabel = 0.000)
",-9999999.000,-9999999.000,0.000,0.000,1.000,0,0,0,19,19,0,0,19,0.0,0.0,0.0,0.0,0.0,1.0,-1
"((Resp >= 10.209) U[2,2] (SepsisLabel = 0.000))
",0.000,0.000,0.000,0.000,1.000,0,0,0,19,19,0,0,19,0.0,0.0,0.0,0.0,0.0,1.0,-1
"F[1,2]((Phosphate >= 0.382 & Magnesium > 0.232) -> Calcium < 8.038)
",-9999999.000,-9999999.000,0.000,0.000,1.000,0,0,0,19,19,0,0,19,0.0,0.0,0.0,0.0,0.0,1.0,-1
"((Hgb >= 0.048) U[0,2] (BUN <= 12.436))
",-9999999.000,-9999999.000,0.000,0.000,1.000,0,0,0,19,19,0,0,19,0.0,0.0,0.0,0.0,0.0,1.0,-1
"F[0,2](((Temp <= 16.427 | Creatinine >= 0.076) | Creatinine >= 0.036) -> pH >= 0.053)
",-9999999.000,-9999999.000,0.000,0.000,1.000,0,0,0,19,19,0,0,19,0.0,0.0,0.0,0.0,0.0,1.0,-1
"F[2,2](((SBP >= 15.007 -> TroponinI >= 0.000) & Resp <= 0.000) -> SBP <= 0.000)
",0.000,0.000,0.000,0.000,1.000,0,0,0,19,19,0,0,19,0.0,0.0,0.0,0.0,0.0,1.0,-1
"F[0,2]((Hct <= 13.529 & Chloride >= 13.748) & Lactate <= 15.513)
",-9999999.000,-9999999.000,0.000,0.000,1.000,0,0,0,19,19,0,0,19,0.0,0.0,0.0,0.0,0.0,1.0,-1
"F[0,2]((Creatinine >= 0.011 & BaseExcess >= -1.903) -> Temp >= -0.660)
",-9999999.000,-9999999.000,0.000,0.000,1.000,0,0,0,19,19,0,0,19,0.0,0.0,0.0,0.0,0.0,1.0,-1
"F[0,2](((TroponinI <= 0.000 -> HR <= 75.969) & FiO2 <= 80.396) -> Platelets <= 64.411)
",-9999999.000,-9999999.000,0.000,0.000,1.000,0,0,0,19,19,0,0,19,0.0,0.0,0.0,0.0,0.0,1.0,-1
"F[2,2](TroponinI >= 0.000 & HCO3 <= 11.394)
",0.000,0.000,0.000,0.000,1.000,0,0,0,19,19,0,0,19,0.0,0.0,0.0,0.0,0.0,1.0,-1
"F[0,2](FiO2 >= 0.030 | Bilirubin_direct >= 0.000)
",-9999999.000,-9999999.000,0.000,0.000,1.000,0,0,0,19,19,0,0,19,0.0,0.0,0.0,0.0,0.0,1.0,-1
"F[1,2](Hgb <= 10.158 | Hct <= 23.729)
",-9999999.000,-9999999.000,0.000,0.000,1.000,0,0,0,19,19,0,0,19,0.0,0.0,0.0,0.0,0.0,1.0,-1
"((SBP < 114.529) U[2,2] (SepsisLabel = 0.000))
",114.529,114.529,0.000,0.000,1.000,0,0,0,19,19,0,0,19,0.0,0.0,0.0,0.0,0.0,1.0,-1
"F[1,2](Hct <= 25.125 | SBP >= 94.903)
",-9999999.000,-9999999.000,0.000,0.000,1.000,0,0,0,19,19,0,0,19,0.0,0.0,0.0,0.0,0.0,1.0,-1
"F[0,2](Calcium < 6.360 -> SepsisLabel = 0.000)
",-9999999.000,-9999999.000,0.000,0.000,1.000,0,0,0,19,19,0,0,19,0.0,0.0,0.0,0.0,0.0,1.0,-1
"((O2Sat <= 96.278) U[0,2] (SepsisLabel = 0.000))
",-9999999.000,-9999999.000,0.000,0.000,1.000,0,0,0,19,19,0,0,19,0.0,0.0,0.0,0.0,0.0,1.0,-1
"((HR <= 77.800) U[0,2] (SepsisLabel = 0.000))
",-9999999.000,-9999999.000,0.000,0.000,1.000,0,0,0,19,19,0,0,19,0.0,0.0,0.0,0.0,0.0,1.0,-1
"F[0,1](BaseExcess < -0.073 -> SepsisLabel = 0.000)
",-9999999.000,-9999999.000,0.000,0.000,1.000,0,0,0,19,19,0,0,19,0.0,0.0,0.0,0.0,0.0,1.0,-1
"F[0,2](WBC < 8.422 -> SepsisLabel = 0.000)
",-9999999.000,-9999999.000,0.000,0.000,1.000,0,0,0,19,19,0,0,19,0.0,0.0,0.0,0.0,0.0,1.0,-1
"F[0,0](Bilirubin_direct <= 0.000 & SepsisLabel = 0.000)
",-0.237,-10.995,0.000,0.000,1.000,0,0,0,19,19,0,0,19,0.0,0.0,0.0,0.0,0.0,1.0,-1
"F[2,2]((Platelets <= 91.587 & WBC <= 10.203) & Lactate <= 5.959)
",5.959,5.959,0.000,0.000,1.000,0,0,0,19,19,0,0,19,0.0,0.0,0.0,0.0,0.0,1.0,-1
"((HCO3 >= 1.261) U[0,2] (SepsisLabel = 0.000))
",-9999999.000,-9999999.000,0.000,0.000,1.000,0,0,0,19,19,0,0,19,0.0,0.0,0.0,0.0,0.0,1.0,-1
"F[0,2](((BUN >= 1.086 | Creatinine >= 0.057) & SBP <= 0.306) & EtCO2 >= 0.009)
",-9999999.000,-9999999.000,0.000,0.000,1.000,0,0,0,19,19,0,0,19,0.0,0.0,0.0,0.0,0.0,1.0,-1
"F[0,2]((Calcium <= 2.926 & Potassium <= 3.009) & Magnesium >= 0.080)
",-9999999.000,-9999999.000,0.000,0.000,1.000,0,0,0,19,19,0,0,19,0.0,0.0,0.0,0.0,0.0,1.0,-1
"F[0,2]((Phosphate >= 0.244 & Magnesium > 0.208) -> Calcium < 3.080)
",-9999999.000,-9999999.000,0.000,0.000,1.000,0,0,0,19,19,0,0,19,0.0,0.0,0.0,0.0,0.0,1.0,-1
"F[0,2](((Calcium < 3.138 & Potassium < 2.379) & Magnesium < 0.852) & Phosphate < 2.469)
",-9999999.000,-9999999.000,0.000,0.000,1.000,0,0,0,19,19,0,0,19,0.0,0.0,0.0,0.0,0.0,1.0,-1
"F[0,2](Hgb <= 8.101 | Hct <= 27.424)
",-9999999.000,-9999999.000,0.000,0.000,1.000,0,0,0,19,19,0,0,19,0.0,0.0,0.0,0.0,0.0,1.0,-1
"F[2,2](((Calcium < 4.071 & Potassium < 3.855) & Magnesium < 0.929) & Phosphate < 3.563)
",8371342195321571.000,0.929,0.000,0.000,1.000,0,0,0,19,19,0,0,19,0.0,0.0,0.0,0.0,0.0,1.0,-1
"F[1,2]((Calcium <= 4.748 & Potassium <= 3.962) & Magnesium >= 0.156)
",-9999999.000,-9999999.000,0.000,0.000,1.000,0,0,0,19,19,0,0,19,0.0,0.0,0.0,0.0,0.0,1.0,-1
"F[0,2](((Calcium < 6.333 & Potassium < 2.188) & Magnesium < 1.130) & Phosphate < 0.905)
",-9999999.000,-9999999.000,0.000,0.000,1.000,0,0,0,19,19,0,0,19,0.0,0.0,0.0,0.0,0.0,1.0,-1
"F[1,2](Hgb <= 2.410 | Hct <= 5.438)
",-9999999.000,-9999999.000,0.000,0.000,1.000,0,0,0,19,19,0,0,19,0.0,0.0,0.0,0.0,0.0,1.0,-1
"((MAP >= 54.064) U[0,2] (SBP <= 121.991))
",-9999999.000,-9999999.000,0.000,0.000,1.000,0,0,0,19,19,0,0,19,0.0,0.0,0.0,0.0,0.0,1.0,-1
"F[2,2](((Hgb >= 0.255 -> WBC <= 5.546) | MAP >= 0.280) | O2Sat >= 0.233)
",-8389910736908973.000,-0.233,0.000,0.000,1.000,0,0,0,19,19,0,0,19,0.0,0.0,0.0,0.0,0.0,1.0,-1
"F[2,2]((Phosphate >= 0.199 & Magnesium > 0.094) -> Calcium < 7.511)
",-7.511,-7.511,0.000,0.000,1.000,0,0,0,19,19,0,0,19,0.0,0.0,0.0,0.0,0.0,1.0,-1
"F[0,1](((Calcium < 7.729 & Potassium < 2.166) & Magnesium < 2.052) & Phosphate < 1.260)
",-9999999.000,-9999999.000,0.000,0.000,1.000,0,0,0,19,19,0,0,19,0.0,0.0,0.0,0.0,0.0,1.0,-1
"((MAP >= 42.576) U[2,2] (SBP <= 131.134))
",4613879572162873.000,131.134,0.000,0.000,1.000,0,0,0,19,19,0,0,19,0.0,0.0,0.0,0.0,0.0,1.0,-1
"F[1,2]((Phosphate >= 0.083 & Magnesium > 0.091) -> Calcium < 5.951)
",-9999999.000,-9999999.000,0.000,0.000,1.000,0,0,0,19,19,0,0,19,0.0,0.0,0.0,0.0,0.0,1.0,-1
"F[0,2](((Calcium < 3.346 & Potassium < 1.086) & Magnesium < 1.071) & Phosphate < 0.992)
",-9999999.000,-9999999.000,0.000,0.000,1.000,0,0,0,19,19,0,0,19,0.0,0.0,0.0,0.0,0.0,1.0,-1
"F[2,2](Hgb <= 6.875 | Hct <= 21.252)
",21.252,21.252,0.000,0.000,1.000,0,0,0,19,19,0,0,19,0.0,0.0,0.0,0.0,0.0,1.0,-1
"F[1,2]((Calcium <= 5.121 & Potassium <= 1.350) & Magnesium >= 0.078)
",-9999999.000,-9999999.000,0.000,0.000,1.000,0,0,0,19,19,0,0,19,0.0,0.0,0.0,0.0,0.0,1.0,-1
"F[0,0](Hgb <= 1.114 | Hct <= 30.803)
",8670350315152148.000,30.803,0.000,0.000,1.000,0,0,0,19,19,0,0,19,0.0,0.0,0.0,0.0,0.0,1.0,-1
"F[1,2](((Calcium < 2.326 & Potassium < 2.158) & Magnesium < 1.542) & Phosphate < 0.807)
",-9999999.000,-9999999.000,0.000,0.000,1.000,0,0,0,19,19,0,0,19,0.0,0.0,0.0,0.0,0.0,1.0,-1
"F[2,2]((Phosphate >= 0.097 & Magnesium > 0.150) -> Calcium < 2.624)
",-5907891231780946.000,-2.624,0.000,0.000,1.000,0,0,0,19,19,0,0,19,0.0,0.0,0.0,0.0,0.0,1.0,-1
"((MAP >= 58.042) U[0,2] (SBP <= 141.165))
",-9999999.000,-9999999.000,0.000,0.000,1.000,0,0,0,19,19,0,0,19,0.0,0.0,0.0,0.0,0.0,1.0,-1
"((Chloride >= 8.574) U[2,2] (Magnesium >= 0.052))
",-7548679849226659.000,-0.052,0.000,0.000,1.000,0,0,0,19,19,0,0,19,0.0,0.0,0.0,0.0,0.0,1.0,-1
"F[0,2](((Calcium <= 6.775 & Potassium >= 0.496) & WBC <= 1.751) | BUN <= 1.214)
",-9999999.000,-9999999.000,0.000,0.000,1.000,0,0,0,19,19,0,0,19,0.0,0.0,0.0,0.0,0.0,1.0,-1
"F[2,2]((Chloride <= 27.554 & Potassium >= 0.239) | PTT <= 0.862)
",7767384237167473.000,0.862,0.000,0.000,1.000,0,0,0,19,19,0,0,19,0.0,0.0,0.0,0.0,0.0,1.0,-1
"((pH > 1.121) U[0,0] (SepsisLabel = 0.000))
",-0.236,-0.059,0.000,0.000,1.000,0,0,0,19,19,0,0,19,0.0,0.0,0.0,0.0,0.0,1.0,-1
"((BUN >= 0.605) U[0,0] (SepsisLabel = 0.000))
",-0.236,-0.032,0.000,0.000,1.000,0,0,0,19,19,0,0,19,0.0,0.0,0.0,0.0,0.0,1.0,-1
"F[0,2](Phosphate > 0.505 & SepsisLabel = 0.000)
",-9999999.000,-9999999.000,0.000,0.000,1.000,0,0,0,19,19,0,0,19,0.0,0.0,0.0,0.0,0.0,1.0,-1
"F[0,2]((Hct >= 0.549 | Phosphate >= 0.442) | Glucose >= 0.264)
",-9999999.000,-9999999.000,0.000,0.000,1.000,0,0,0,19,19,0,0,19,0.0,0.0,0.0,0.0,0.0,1.0,-1
"F[0,2](Alkalinephos <= 0.000 -> SepsisLabel = 0.000)
",-9999999.000,-9999999.000,0.000,0.000,1.000,0,0,0,19,19,0,0,19,0.0,0.0,0.0,0.0,0.0,1.0,-1
"F[0,1](Hgb <= 7.050 | Hct <= 26.094)
",-9999999.000,-9999999.000,0.000,0.000,1.000,0,0,0,19,19,0,0,19,0.0,0.0,0.0,0.0,0.0,1.0,-1
"F[2,2]((Phosphate >= 0.159 & Magnesium > 0.151) -> Calcium < 4.316)
",-4.316,-4.316,0.000,0.000,1.000,0,0,0,19,19,0,0,19,0.0,0.0,0.0,0.0,0.0,1.0,-1
"F[1,2](((Calcium < 2.051 & Potassium < 3.644) & Magnesium < 1.372) & Phosphate < 5.827)
",-9999999.000,-9999999.000,0.000,0.000,1.000,0,0,0,19,19,0,0,19,0.0,0.0,0.0,0.0,0.0,1.0,-1
"F[0,2](Hgb <= 3.434 | Hct <= 23.198)
",-9999999.000,-9999999.000,0.000,0.000,1.000,0,0,0,19,19,0,0,19,0.0,0.0,0.0,0.0,0.0,1.0,-1
"((MAP >= 7.163) U[0,2] (SBP <= 130.917))
",-9999999.000,-9999999.000,0.000,0.000,1.000,0,0,0,19,19,0,0,19,0.0,0.0,0.0,0.0,0.0,1.0,-1
"F[1,2]((Phosphate >= 0.438 & Magnesium > 0.143) -> Calcium < 7.632)
",-9999999.000,-9999999.000,0.000,0.000,1.000,0,0,0,19,19,0,0,19,0.0,0.0,0.0,0.0,0.0,1.0,-1
"F[0,1](((Calcium < 5.434 & Potassium < 2.206) & Magnesium < 2.270) & Phosphate < 5.365)
",-9999999.000,-9999999.000,0.000,0.000,1.000,0,0,0,19,19,0,0,19,0.0,0.0,0.0,0.0,0.0,1.0,-1
"F[1,2]((Platelets <= 77.587 | TroponinI <= 0.000) & BaseExcess >= 0.000)
",-9999999.000,-9999999.000,0.000,0.000,1.000,0,0,0,19,19,0,0,19,0.0,0.0,0.0,0.0,0.0,1.0,-1
"G[1,2](BUN <= 2.610 & Creatinine >= 0.025)
",9999999.000,9999999.000,0.000,1.000,0.000,0,0,0,19,19,0,0,19,0.0,0.0,0.0,0.0,0.0,1.0,1
"F[1,2](((BUN <= 1.297 -> WBC >= 0.007) | Bilirubin_direct <= 3.311) -> Temp >= 0.338)
",-9999999.000,-9999999.000,0.000,0.000,1.000,0,0,0,19,19,0,0,19,0.0,0.0,0.0,0.0,0.0,1.0,-1
"G[1,2](((Temp <= 36.277 -> EtCO2 <= 0.000) | Bilirubin_direct >= 0.000) | Platelets <= 0.000)
",9999999.000,9999999.000,0.000,1.000,0.000,0,0,19,0,0,19,19,0,0.0,0.0,1.0,0.0,0.0,1.0,1
"G[0,1](PaCO2 > 6.891 & SepsisLabel = 0.000)
",9999999.000,9999999.000,0.000,1.000,0.000,0,0,0,19,19,0,0,19,0.0,0.0,0.0,0.0,0.0,1.0,1
"G[2,2](((BUN <= 1.731 | Platelets <= 32.625) -> Magnesium >= 8.332) -> Bilirubin_direct <= 130.111)
",-4577870681517510.000,-130.111,0.000,1.000,0.000,0,0,19,0,0,19,19,0,0.0,0.0,1.0,0.0,0.0,1.0,1
"G[1,2]((BUN >= 0.465 -> PTT >= 1.351) & Hct >= 1.351)
",9999999.000,9999999.000,0.000,1.000,0.000,0,0,2,17,17,2,2,17,0.0,0.0,1.0,0.0,0.0,1.0,1
"G[0,0](TroponinI < 0.000 & SepsisLabel = 0.000)
",-0.236,-10.947,0.000,1.000,0.000,0,0,0,19,19,0,0,19,0.0,0.0,0.0,0.0,0.0,1.0,1
"G[0,1](FiO2 >= 0.032 & SepsisLabel = 0.000)
",9999999.000,9999999.000,0.000,1.000,0.000,0,0,0,19,19,0,0,19,0.0,0.0,0.0,0.0,0.0,1.0,1
"G[0,2]((BUN >= 1.081 | DBP >= 47.518) | Lactate >= 56.942)
",9999999.000,9999999.000,0.000,1.000,0.000,0,0,14,5,5,14,14,5,0.0,0.0,1.0,0.0,0.0,1.0,1
"G[1,2]((O2Sat >= 57.228 & Platelets <= 182.478) | Chloride >= 3.458)
",9999999.000,9999999.000,0.000,1.000,0.000,0,0,18,1,1,18,18,1,0.0,0.0,1.0,0.0,0.0,1.0,1
"G[1,2](((Potassium >= 0.114 & Resp >= 3.448) | pH <= 12.991) | SBP <= 15.853)
",9999999.000,9999999.000,0.000,1.000,0.000,0,0,19,0,0,19,19,0,0.0,0.0,1.0,0.0,0.0,1.0,1
"G[0,2](BUN <= 5.285 & Creatinine >= 0.031)
",9999999.000,9999999.000,0.000,1.000,0.000,0,0,0,19,19,0,0,19,0.0,0.0,0.0,0.0,0.0,1.0,1
"G[0,2](Temp >= 6.957 & O2Sat <= 95.495)
",9999999.000,9999999.000,0.000,1.000,0.000,0,0,0,19,19,0,0,19,0.0,0.0,0.0,0.0,0.0,1.0,1
"G[2,2](Fibrinogen >= 0.000 -> O2Sat <= 83.434)
",-5871156164326155.000,-83.434,0.000,1.000,0.000,0,0,19,0,0,19,19,0,0.0,0.0,1.0,0.0,0.0,1.0,1
"G[2,2](Chloride >= 4.009 & HCO3 >= 2.532)
",-4514284803129689.000,-4.009,0.000,1.000,0.000,0,0,19,0,0,19,19,0,0.0,0.0,1.0,0.0,0.0,1.0,1
"G[1,2](BUN <= 10.621 & Creatinine >= 0.029)
",9999999.000,9999999.000,0.000,1.000,0.000,0,0,2,17,17,2,2,17,0.0,0.0,1.0,0.0,0.0,1.0,1
"G[0,0](Platelets <= 177.351 -> WBC >= 0.231)
",-6239969254262028.000,-177.351,0.000,1.000,0.000,0,0,0,19,19,0,0,19,0.0,0.0,0.0,0.0,0.0,1.0,1
"G[0,2](((Hgb <= 0.639 | Hct <= 23.614) -> WBC >= 0.006) & Platelets >= 10.472)
",9999999.000,9999999.000,0.000,1.000,0.000,0,0,0,19,19,0,0,19,0.0,0.0,0.0,0.0,0.0,1.0,1
"G[1,2]((EtCO2 <= 0.000 -> AST >= 0.000) | Calcium >= 0.000)
",9999999.000,9999999.000,0.000,1.000,0.000,0,0,19,0,0,19,19,0,0.0,0.0,1.0,0.0,0.0,1.0,1
"G[2,2](((Hgb <= 1.973 & WBC <= 6.268) | Platelets >= 0.198) & O2Sat <= 0.952)
",8576649963990338.000,0.952,0.000,1.000,0.000,0,0,19,0,0,19,19,0,0.0,0.0,1.0,0.0,0.0,1.0,1
"G[1,1]((Phosphate <= 3.678 & Glucose <= 156.511) & WBC >= 11.872)
",-6683076160059085.000,-11.872,0.000,1.000,0.000,0,0,0,19,19,0,0,19,0.0,0.0,0.0,0.0,0.0,1.0,1
"G[0,2]((DBP <= 57.772 -> O2Sat >= 8.269) & AST <= 91.131)
",9999999.000,9999999.000,0.000,1.000,0.000,0,0,14,5,5,14,14,5,0.0,0.0,1.0,0.0,0.0,1.0,1
"G[0,2](BUN <= 10.455 & Creatinine >= 0.044)
",9999999.000,9999999.000,0.000,1.000,0.000,0,0,0,19,19,0,0,19,0.0,0.0,0.0,0.0,0.0,1.0,1
"G[0,2]((Creatinine >= 0.060 | Platelets <= 49.714) | Hgb <= 173.453)
",9999999.000,9999999.000,0.000,1.000,0.000,0,0,19,0,0,19,19,0,0.0,0.0,1.0,0.0,0.0,1.0,1
"G[2,2]((FiO2 <= 0.235 & Alkalinephos <= 0.000) -> Bilirubin_total >= 0.000)
",0.000,0.000,0.000,1.000,0.000,0,0,19,0,0,19,19,0,0.0,0.0,1.0,0.0,0.0,1.0,1
"G[0,2]((FiO2 <= 0.422 & FiO2 <= 0.115) & HCO3 <= 0.282)
",9999999.000,9999999.000,0.000,1.000,0.000,0,0,12,7,7,12,12,7,0.0,0.0,1.0,0.0,0.0,1.0,1
"G[0,2](((Hgb <= 9.903 | Hct <= 20.998) -> WBC >= 0.000) & Platelets >= 9.453)
",9999999.000,9999999.000,0.000,1.000,0.000,0,0,0,19,19,0,0,19,0.0,0.0,0.0,0.0,0.0,1.0,1
"G[0,2]((Magnesium <= 0.392 & WBC <= 4.814) | Creatinine >= 0.179)
",9999999.000,9999999.000,0.000,1.000,0.000,0,0,18,1,1,18,18,1,0.0,0.0,1.0,0.0,0.0,1.0,1
"G[1,2](((BUN <= 2.946 | PaCO2 <= 7.773) | SBP >= 4.915) | Hgb >= 5.015)
",9999999.000,9999999.000,0.000,1.000,0.000,0,0,19,0,0,19,19,0,0.0,0.0,1.0,0.0,0.0,1.0,1
"G[0,2](Calcium <= 5.751 & Platelets >= 3.212)
",9999999.000,9999999.000,0.000,1.000,0.000,0,0,0,19,19,0,0,19,0.0,0.0,0.0,0.0,0.0,1.0,1
"G[0,2](((Creatinine >= 0.066 & PaCO2 >= 0.951) | HCO3 <= 33.697) & SepsisLabel >= 5.678)
",9999999.000,9999999.000,0.000,1.000,0.000,0,0,0,19,19,0,0,19,0.0,0.0,0.0,0.0,0.0,1.0,1
"G[1,2](DBP <= 65.929 -> Resp <= 16.129)
",9999999.000,9999999.000,0.000,1.000,0.000,0,0,19,0,0,19,19,0,0.0,0.0,1.0,0.0,0.0,1.0,1
"G[1,2](((DBP <= 66.260 | HR <= 71.183) & Alkalinephos <= 82.986) & Glucose <= 64.313)
",9999999.000,9999999.000,0.000,1.000,0.000,0,0,12,7,7,12,12,7,0.0,0.0,1.0,0.0,0.0,1.0,1
"G[1,2](((Magnesium <= 0.606 | Potassium <= 3.342) | Creatinine >= 0.446) & Lactate >= 0.147)
",9999999.000,9999999.000,0.000,1.000,0.000,0,0,1,18,18,1,1,18,0.0,0.0,1.0,0.0,0.0,1.0,1
"G[2,2]((BUN <= 3.370 -> Phosphate <= 2.788) & EtCO2 >= 0.261)
",-7588306126102525.000,-3.370,0.000,1.000,0.000,0,0,19,0,0,19,19,0,0.0,0.0,1.0,0.0,0.0,1.0,1
"G[2,2](((PTT <= 15.204 -> WBC <= 4.045) -> pH <= 1.562) & Potassium <= 8.064)
",-1.562,-1.562,0.000,1.000,0.000,0,0,19,0,0,19,19,0,0.0,0.0,1.0,0.0,0.0,1.0,1
"G[0,0](((Creatinine <= 0.776 | Potassium <= 3.318) & Platelets >= 0.306) & SepsisLabel >= 0.454)
",-1.121,-0.652,0.000,1.000,0.000,0,0,0,19,19,0,0,19,0.0,0.0,0.0,0.0,0.0,1.0,1
"G[1,2](((Hgb <= 2.072 | Hct <= 15.322) -> WBC >= 0.217) & Platelets >= 10.495)
",9999999.000,9999999.000,0.000,1.000,0.000,0,0,2,17,17,2,2,17,0.0,0.0,1.0,0.0,0.0,1.0,1
"G[1,2]((Creatinine <= 0.365 -> WBC >= 0.142) & O2Sat <= 4.824)
",9999999.000,9999999.000,0.000,1.000,0.000,0,0,0,19,19,0,0,19,0.0,0.0,0.0,0.0,0.0,1.0,1
"G[0,2]((BUN >= 0.280 | Glucose >= 5.272) & BUN >= 17.136)
",9999999.000,9999999.000,0.000,1.000,0.000,0,0,0,19,19,0,0,19,0.0,0.0,0.0,0.0,0.0,1.0,1
"G[0,2]((PaCO2 <= 40.314 -> Potassium >= 0.341) & DBP >= 0.317)
",9999999.000,9999999.000,0.000,1.000,0.000,0,0,0,19,19,0,0,19,0.0,0.0,0.0,0.0,0.0,1.0,1
"G[1,2]((FiO2 <= 0.571 & PaCO2 <= 41.124) & Temp <= 19.671)
",9999999.000,9999999.000,0.000,1.000,0.000,0,0,10,9,9,10,10,9,0.0,0.0,1.0,0.0,0.0,1.0,1
"G[0,2](Glucose >= 16.463 & pH >= 1.099)
",9999999.000,9999999.000,0.000,1.000,0.000,0,0,0,19,19,0,0,19,0.0,0.0,0.0,0.0,0.0,1.0,1
"G[1,2](((Glucose >= 12.333 & WBC <= 3.199) -> pH >= 0.468) -> Chloride >= 0.203)
",9999999.000,9999999.000,0.000,1.000,0.000,0,0,4,15,15,4,4,15,0.0,0.0,1.0,0.0,0.0,1.0,1
"G[1,2](((Glucose <= 82.784 & Hgb <= 1.919) & HCO3 <= 1.858) -> Hct >= 0.200)
",9999999.000,9999999.000,0.000,1.000,0.000,0,0,5,14,14,5,5,14,0.0,0.0,1.0,0.0,0.0,1.0,1
"G[0,2]((Glucose >= 6.511 -> Platelets <= 155.437) & pH <= 167.897)
",9999999.000,9999999.000,0.000,1.000,0.000,0,0,17,2,2,17,17,2,0.0,0.0,1.0,0.0,0.0,1.0,1
"G[1,2](((HCO3 <= 4.403 | WBC >= 0.501) & Temp <= 10.710) -> HR <= 1.466)
",9999999.000,9999999.000,0.000,1.000,0.000,0,0,8,11,11,8,8,11,0.0,0.0,1.0,0.0,0.0,1.0,1
"G[1,2](((HCO3 >= 1.582 | PTT >= 0.483) | HCO3 <= 3.990) | PaCO2 <= 21.676)
",9999999.000,9999999.000,0.000,1.000,0.000,0,0,19,0,0,19,19,0,0.0,0.0,1.0,0.0,0.0,1.0,1
"G[1,2](HCO3 <= 19.821 & Hgb <= 4.392)
",9999999.000,9999999.000,0.000,1.000,0.000,0,0,15,4,4,15,15,4,0.0,0.0,1.0,0.0,0.0,1.0,1
"G[0,2](PTT >= 1.366 & SepsisLabel = 0.000)
",9999999.000,9999999.000,0.000,1.000,0.000,0,0,0,19,19,0,0,19,0.0,0.0,0.0,0.0,0.0,1.0,1
"G[0,2](BaseExcess >= -1.367 -> FiO2 >= 0.045)
",9999999.000,9999999.000,0.000,1.000,0.000,0,0,0,19,19,0,0,19,0.0,0.0,0.0,0.0,0.0,1.0,1
"G[2,2](TroponinI <= 0.000 & SepsisLabel = 0.000)
",0.000,0.000,0.000,1.000,0.000,0,0,19,0,0,19,19,0,0.0,0.0,1.0,0.0,0.0,1.0,1
"G[1,2]((Platelets <= 35.543 -> Potassium <= 2.769) & DBP <= 4.014)
",9999999.000,9999999.000,0.000,1.000,0.000,0,0,1,18,18,1,1,18,0.0,0.0,1.0,0.0,0.0,1.0,1
"G[2,2]((Potassium >= 0.140 | PTT >= 0.960) -> Bilirubin_total <= 8.102)
",-8.102,-8.102,0.000,1.000,0.000,0,0,19,0,0,19,19,0,0.0,0.0,1.0,0.0,0.0,1.0,1
"G[0,2]((Potassium >= 0.394 -> SepsisLabel >= 0.000) | EtCO2 >= 0.000)
",9999999.000,9999999.000,0.000,1.000,0.000,0,0,19,0,0,19,19,0,0.0,0.0,1.0,0.0,0.0,1.0,1
"G[1,2](Platelets >= 1.509 & Fibrinogen <= 0.000)
",9999999.000,9999999.000,0.000,1.000,0.000,0,0,2,17,17,2,2,17,0.0,0.0,1.0,0.0,0.0,1.0,1
"G[1,2](((MAP <= 93.361 | Resp >= 3.827) & Potassium <= 19.817) -> SepsisLabel <= 20.892)
",9999999.000,9999999.000,0.000,1.000,0.000,0,0,19,0,0,19,19,0,0.0,0.0,1.0,0.0,0.0,1.0,1
"G[0,1]((PaCO2 >= 5.258 -> Temp >= 8.594) & Alkalinephos >= 5.435)
",9999999.000,9999999.000,0.000,1.000,0.000,0,0,0,19,19,0,0,19,0.0,0.0,0.0,0.0,0.0,1.0,1
"G[0,2](((SaO2 <= 0.000 | Temp <= 25.502) -> WBC >= 4.710) | Alkalinephos <= 33.790)
",9999999.000,9999999.000,0.000,1.000,0.000,0,0,19,0,0,19,19,0,0.0,0.0,1.0,0.0,0.0,1.0,1
"G[1,2](((WBC >= 0.318 -> Magnesium >= 0.196) -> Hgb <= 0.382) | WBC <= 2.276)
",9999999.000,9999999.000,0.000,1.000,0.000,0,0,17,2,2,17,17,2,0.0,0.0,1.0,0.0,0.0,1.0,1
"G[0,1](Chloride >= 3.561 & HCO3 >= 1.617)
",9999999.000,9999999.000,0.000,1.000,0.000,0,0,0,19,19,0,0,19,0.0,0.0,0.0,0.0,0.0,1.0,1
"G[1,2](Chloride >= 2.654 & HCO3 >= 2.986)
",9999999.000,9999999.000,0.000,1.000,0.000,0,0,4,15,15,4,4,15,0.0,0.0,1.0,0.0,0.0,1.0,1
"G[0,2](((Chloride >= 0.603 -> Hct <= 32.153) & AST >= 0.371) -> O2Sat <= 10.821)
",9999999.000,9999999.000,0.000,1.000,0.000,0,0,19,0,0,19,19,0,0.0,0.0,1.0,0.0,0.0,1.0,1
"G[0,0](((Hgb <= 8.129 | Hct <= 28.053) -> WBC >= 0.201) & Platelets >= 6.599)
",-148.782,-28.098,0.000,1.000,0.000,0,0,0,19,19,0,0,19,0.0,0.0,0.0,0.0,0.0,1.0,1
"G[0,2]((PTT <= 27.818 & SBP >= 52.206) | TroponinI <= 111.889)
",9999999.000,9999999.000,0.000,1.000,0.000,0,0,19,0,0,19,19,0,0.0,0.0,1.0,0.0,0.0,1.0,1
"G[0,1](((Hgb >= 0.210 & SBP <= 140.348) & MAP >= 4.435) & Lactate <= 112.026)
",9999999.000,9999999.000,0.000,1.000,0.000,0,0,0,19,19,0,0,19,0.0,0.0,0.0,0.0,0.0,1.0,1
"G[1,2]((DBP <= 80.258 -> PTT <= 15.275) | SaO2 >= 1.372)
",9999999.000,9999999.000,0.000,1.000,0.000,0,0,17,2,2,17,17,2,0.0,0.0,1.0,0.0,0.0,1.0,1
"G[1,2]((HR <= 71.570 & PTT >= 0.024) -> BUN <= 13.571)
",9999999.000,9999999.000,0.000,1.000,0.000,0,0,19,0,0,19,19,0,0.0,0.0,1.0,0.0,0.0,1.0,1
"G[1,2](BUN <= 10.027 & Creatinine >= 0.082)
",9999999.000,9999999.000,0.000,1.000,0.000,0,0,2,17,17,2,2,17,0.0,0.0,1.0,0.0,0.0,1.0,1
"G[0,2](DBP <= 82.288 & Lactate >= 0.004)
",9999999.000,9999999.000,0.000,1.000,0.000,0,0,0,19,19,0,0,19,0.0,0.0,0.0,0.0,0.0,1.0,1
"G[2,2](SaO2 <= 0.000 -> AST <= 0.000)
",0.000,0.000,0.000,1.000,0.000,0,0,19,0,0,19,19,0,0.0,0.0,1.0,0.0,0.0,1.0,1
"G[0,2]((BaseExcess <= -0.458 & PTT <= 20.238) & HCO3 >= 0.274)
",9999999.000,9999999.000,0.000,1.000,0.000,0,0,0,19,19,0,0,19,0.0,0.0,0.0,0.0,0.0,1.0,1
"G[1,1]((BUN <= 2.000 | Lactate >= 0.005) & Platelets >= 0.020)
",-0.020,-0.020,0.000,1.000,0.000,0,0,0,19,19,0,0,19,0.0,0.0,0.0,0.0,0.0,1.0,1
"G[1,2]((DBP <= 79.890 | Hct >= 0.201) -> SBP >= 1.278)
",9999999.000,9999999.000,0.000,1.000,0.000,0,0,18,1,1,18,18,1,0.0,0.0,1.0,0.0,0.0,1.0,1
"G[1,2]((HCO3 >= 0.855 & Lactate <= 0.821) & Temp >= 0.022)
",9999999.000,9999999.000,0.000,1.000,0.000,0,0,3,16,16,3,3,16,0.0,0.0,1.0,0.0,0.0,1.0,1
"G[1,2](BaseExcess >= -3.987 & Magnesium >= 0.252)
",9999999.000,9999999.000,0.000,1.000,0.000,0,0,4,15,15,4,4,15,0.0,0.0,1.0,0.0,0.0,1.0,1
"G[0,1](Platelets <= 151.622 -> WBC >= 0.308)
",9999999.000,9999999.000,0.000,1.000,0.000,0,0,0,19,19,0,0,19,0.0,0.0,0.0,0.0,0.0,1.0,1
"G[0,1]((Lactate >= 0.025 & O2Sat >= 73.424) & EtCO2 <= 86.823)
",9999999.000,9999999.000,0.000,1.000,0.000,0,0,0,19,19,0,0,19,0.0,0.0,0.0,0.0,0.0,1.0,1
"G[0,1](Lactate >= 0.011 | Temp >= 5.060)
",9999999.000,9999999.000,0.000,1.000,0.000,0,0,0,19,19,0,0,19,0.0,0.0,0.0,0.0,0.0,1.0,1
"G[0,2](Temp <= 18.449 -> WBC <= 0.628)
",9999999.000,9999999.000,0.000,1.000,0.000,0,0,18,1,1,18,18,1,0.0,0.0,1.0,0.0,0.0,1.0,1
"G[1,2](((HCO3 <= 13.035 & Resp <= 12.498) | Temp <= 21.493) & Hct >= 10.819)
",9999999.000,9999999.000,0.000,1.000,0.000,0,0,1,18,18,1,1,18,0.0,0.0,1.0,0.0,0.0,1.0,1
"G[0,2](((O2Sat >= 23.355 | WBC >= 0.424) | Resp >= 0.300) -> Calcium >= 0.475)
",9999999.000,9999999.000,0.000,1.000,0.000,0,0,1,18,18,1,1,18,0.0,0.0,1.0,0.0,0.0,1.0,1
"G[0,0](((Hgb <= 3.032 | Hct <= 7.865) -> WBC >= 0.094) & Platelets >= 3.037)
",-1.902,-8.978,0.000,1.000,0.000,0,0,0,19,19,0,0,19,0.0,0.0,0.0,0.0,0.0,1.0,1
"G[0,0](((pH <= 6.247 | HCO3 <= 12.749) -> Creatinine >= 1.118) & O2Sat <= 11.897)
",-2.008,-52.321,0.000,1.000,0.000,0,0,0,19,19,0,0,19,0.0,0.0,0.0,0.0,0.0,1.0,1
"G[2,2](Bilirubin_total <= 0.000 | Bilirubin_total >= 0.000)
",0.000,0.000,0.000,1.000,0.000,0,0,19,0,0,19,19,0,0.0,0.0,1.0,0.0,0.0,1.0,1
"G[0,2](Platelets <= 64.072 -> WBC >= 0.387)
",9999999.000,9999999.000,0.000,1.000,0.000,0,0,0,19,19,0,0,19,0.0,0.0,0.0,0.0,0.0,1.0,1
"G[1,2](((Fibrinogen >= 0.000 -> SepsisLabel >= 0.000) & SepsisLabel <= 0.000) -> Magnesium >= 0.000)
",9999999.000,9999999.000,0.000,1.000,0.000,0,0,19,0,0,19,19,0,0.0,0.0,1.0,0.0,0.0,1.0,1
"G[0,2](((Chloride <= 82.459 | Bilirubin_total <= 0.000) & Temp <= 0.000) & HR >= 0.000)
",9999999.000,9999999.000,0.000,1.000,0.000,0,0,10,9,9,10,10,9,0.0,0.0,1.0,0.0,0.0,1.0,1
"G[0,2]((DBP <= 78.184 | BaseExcess >= -6.716) -> Potassium <= -0.052)
",9999999.000,9999999.000,0.000,1.000,0.000,0,0,0,19,19,0,0,19,0.0,0.0,0.0,0.0,0.0,1.0,1
"G[1,2](((Chloride >= 9.425 & Temp <= 15.904) -> MAP >= 1.642) & BUN <= 27.525)
",9999999.000,9999999.000,0.000,1.000,0.000,0,0,19,0,0,19,19,0,0.0,0.0,1.0,0.0,0.0,1.0,1
"G[1,2](((FiO2 <= 0.612 | SBP <= 130.036) -> PaCO2 <= 131.042) | Bilirubin_total <= 118.751)
",9999999.000,9999999.000,0.000,1.000,0.000,0,0,19,0,0,19,19,0,0.0,0.0,1.0,0.0,0.0,1.0,1
"G[0,0](Glucose <= 80.524 & Glucose >= 10.621)
",-10.621,-10.621,0.000,1.000,0.000,0,0,0,19,19,0,0,19,0.0,0.0,0.0,0.0,0.0,1.0,1
"G[0,2](((Temp <= 13.272 | Alkalinephos >= 0.000) | EtCO2 >= 0.000) & EtCO2 <= 0.000)
",9999999.000,9999999.000,0.000,1.000,0.000,0,0,19,0,0,19,19,0,0.0,0.0,1.0,0.0,0.0,1.0,1
"G[0,2](((Chloride <= 56.972 | MAP >= 9.117) -> SaO2 <= 86.706) -> DBP >= 53.693)
",9999999.000,9999999.000,0.000,1.000,0.000,0,0,13,6,6,13,13,6,0.0,0.0,1.0,0.0,0.0,1.0,1
"G[0,2]((pH <= 3.228 -> WBC >= 0.069) -> EtCO2 <= 1.023)
",9999999.000,9999999.000,0.000,1.000,0.000,0,0,19,0,0,19,19,0,0.0,0.0,1.0,0.0,0.0,1.0,1
"G[1,2](EtCO2 >= 0.000 | MAP <= 104.890)
",9999999.000,9999999.000,0.000,1.000,0.000,0,0,19,0,0,19,19,0,0.0,0.0,1.0,0.0,0.0,1.0,1
"G[0,2]((Hgb >= 0.326 -> Alkalinephos >= 0.000) | SBP <= 0.000)
",9999999.000,9999999.000,0.000,1.000,0.000,0,0,19,0,0,19,19,0,0.0,0.0,1.0,0.0,0.0,1.0,1
"G[0,2](((pH <= 1.882 -> Fibrinogen <= 0.000) & Temp <= 0.000) -> AST >= 0.000)
",9999999.000,9999999.000,0.000,1.000,0.000,0,0,19,0,0,19,19,0,0.0,0.0,1.0,0.0,0.0,1.0,1
"G[0,2]((HR >= 44.293 | Resp <= 17.879) | Calcium <= 15.693)
",9999999.000,9999999.000,0.000,1.000,0.000,0,0,19,0,0,19,19,0,0.0,0.0,1.0,0.0,0.0,1.0,1
"G[2,2](((Chloride <= 30.213 | DBP <= 57.062) & SepsisLabel <= 75.036) -> MAP >= 26.441)
",-8030705617178227.000,-57.062,0.000,1.000,0.000,0,0,19,0,0,19,19,0,0.0,0.0,1.0,0.0,0.0,1.0,1
"G[1,2](((HR >= 24.472 & MAP >= 60.773) & Calcium <= 86.287) & Hct >= 40.450)
",9999999.000,9999999.000,0.000,1.000,0.000,0,0,0,19,19,0,0,19,0.0,0.0,0.0,0.0,0.0,1.0,1
"G[0,2](((Hgb <= 10.045 | Hct <= 14.718) -> WBC >= 0.537) & Platelets >= 5.413)
",9999999.000,9999999.000,0.000,1.000,0.000,0,0,0,19,19,0,0,19,0.0,0.0,0.0,0.0,0.0,1.0,1
"G[1,2](HCO3 >= 1.833 -> Creatinine >= 0.080)
",9999999.000,9999999.000,0.000,1.000,0.000,0,0,18,1,1,18,18,1,0.0,0.0,1.0,0.0,0.0,1.0,1
"G[2,2](pH >= 0.031 -> Bilirubin_direct >= 0.000)
",0.000,0.000,0.000,1.000,0.000,0,0,19,0,0,19,19,0,0.0,0.0,1.0,0.0,0.0,1.0,1
"G[0,2](Chloride >= 1.153 & HCO3 >= 2.758)
",9999999.000,9999999.000,0.000,1.000,0.000,0,0,0,19,19,0,0,19,0.0,0.0,0.0,0.0,0.0,1.0,1
"G[0,2](Calcium >= 0.215 -> Hct >= 1.146)
",9999999.000,9999999.000,0.000,1.000,0.000,0,0,17,2,2,17,17,2,0.0,0.0,1.0,0.0,0.0,1.0,1
"G[1,2](HR <= 87.381 | Alkalinephos <= 0.000)
",9999999.000,9999999.000,0.000,1.000,0.000,0,0,19,0,0,19,19,0,0.0,0.0,1.0,0.0,0.0,1.0,1
"G[0,2]((Lactate <= 0.551 -> Bilirubin_total >= 0.000) -> Alkalinephos <= 0.000)
",9999999.000,9999999.000,0.000,1.000,0.000,0,0,19,0,0,19,19,0,0.0,0.0,1.0,0.0,0.0,1.0,1
"G[1,2](((Hgb >= 0.520 -> SBP >= 54.908) | MAP >= 60.700) -> Creatinine >= 75.261)
",9999999.000,9999999.000,0.000,1.000,0.000,0,0,0,19,19,0,0,19,0.0,0.0,0.0,0.0,0.0,1.0,1
"G[0,0](((Resp >= 4.596 | SBP <= 103.902) | Temp <= 140.091) & Fibrinogen >= 66.836)
",-23.519,-66.172,0.000,1.000,0.000,0,0,0,19,19,0,0,19,0.0,0.0,0.0,0.0,0.0,1.0,1
"G[0,1](((Magnesium >= 0.220 | Phosphate >= 0.025) -> Hgb <= 5.766) -> Phosphate >= 0.260)
",9999999.000,9999999.000,0.000,1.000,0.000,0,0,0,19,19,0,0,19,0.0,0.0,0.0,0.0,0.0,1.0,1
"F[0,1]((Calcium <= 7.219 | Resp <= 21.933) | Glucose <= 18.577)
",-9999999.000,-9999999.000,0.000,0.000,1.000,0,0,0,19,19,0,0,19,0.0,0.0,0.0,0.0,0.0,1.0,-1
"G[0,1](Platelets <= 98.926 -> WBC >= 0.095)
",9999999.000,9999999.000,0.000,1.000,0.000,0,0,0,19,19,0,0,19,0.0,0.0,0.0,0.0,0.0,1.0,1
"G[0,1]((EtCO2 <= 0.000 | Lactate <= 0.403) -> PTT >= 0.022)
",9999999.000,9999999.000,0.000,1.000,0.000,0,0,0,19,19,0,0,19,0.0,0.0,0.0,0.0,0.0,1.0,1
"G[0,2](Chloride >= 7.665 & HCO3 >= 1.165)
",9999999.000,9999999.000,0.000,1.000,0.000,0,0,0,19,19,0,0,19,0.0,0.0,0.0,0.0,0.0,1.0,1
"G[0,2]((Calcium <= 3.029 -> Magnesium >= 0.233) & O2Sat >= 0.118)
",9999999.000,9999999.000,0.000,1.000,0.000,0,0,0,19,19,0,0,19,0.0,0.0,0.0,0.0,0.0,1.0,1
"G[0,1](BUN <= 2.821 & Creatinine >= 0.020)
",9999999.000,9999999.000,0.000,1.000,0.000,0,0,0,19,19,0,0,19,0.0,0.0,0.0,0.0,0.0,1.0,1
"G[1,2]((SaO2 >= 0.000 -> Creatinine <= 0.931) | BUN <= 0.901)
",9999999.000,9999999.000,0.000,1.000,0.000,0,0,18,1,1,18,18,1,0.0,0.0,1.0,0.0,0.0,1.0,1
"G[1,2]((Hct <= 17.736 & SBP <= 115.146) -> Glucose >= 75.725)
",9999999.000,9999999.000,0.000,1.000,0.000,0,0,9,10,10,9,9,10,0.0,0.0,1.0,0.0,0.0,1.0,1
"G[0,1]((SaO2 <= 0.000 & DBP >= 49.345) -> pH >= 22.310)
",9999999.000,9999999.000,0.000,1.000,0.000,0,0,0,19,19,0,0,19,0.0,0.0,0.0,0.0,0.0,1.0,1
"G[0,0](((Hgb <= 5.502 | Hct <= 5.039) -> WBC >= 0.055) & Platelets >= 7.995)
",-1.936,-9.102,0.000,1.000,0.000,0,0,0,19,19,0,0,19,0.0,0.0,0.0,0.0,0.0,1.0,1
"G[1,2](((O2Sat >= 54.669 & MAP >= 55.726) & TroponinI <= 82.611) -> Bilirubin_direct <= 75.079)
",9999999.000,9999999.000,0.000,1.000,0.000,0,0,19,0,0,19,19,0,0.0,0.0,1.0,0.0,0.0,1.0,1
"G[0,2](((Hgb <= 5.669 | Hct <= 23.880) -> WBC >= 0.392) & Platelets >= 1.581)
",9999999.000,9999999.000,0.000,1.000,0.000,0,0,0,19,19,0,0,19,0.0,0.0,0.0,0.0,0.0,1.0,1
"G[0,2]((pH >= 0.859 | FiO2 >= 0.023) | Phosphate <= 0.623)
",9999999.000,9999999.000,0.000,1.000,0.000,0,0,19,0,0,19,19,0,0.0,0.0,1.0,0.0,0.0,1.0,1
"G[0,0](Platelets <= 61.793 -> WBC >= 0.556)
",-4348323890338187.000,-61.793,0.000,1.000,0.000,0,0,0,19,19,0,0,19,0.0,0.0,0.0,0.0,0.0,1.0,1
"G[0,2](Creatinine <= 0.093 -> SepsisLabel = 0.000)
",9999999.000,9999999.000,0.000,1.000,0.000,0,0,19,0,0,19,19,0,0.0,0.0,1.0,0.0,0.0,1.0,1
"G[1,2](Platelets <= 67.339 -> WBC >= 0.093)
",9999999.000,9999999.000,0.000,1.000,0.000,0,0,2,17,17,2,2,17,0.0,0.0,1.0,0.0,0.0,1.0,1
"G[0,1](Chloride >= 8.289 & HCO3 >= 0.046)
",9999999.000,9999999.000,0.000,1.000,0.000,0,0,0,19,19,0,0,19,0.0,0.0,0.0,0.0,0.0,1.0,1
"G[0,2]((pH <= 4.240 -> WBC <= 6.999) | Hgb <= 5.336)
",9999999.000,9999999.000,0.000,1.000,0.000,0,0,18,1,1,18,18,1,0.0,0.0,1.0,0.0,0.0,1.0,1
"G[1,2](((Hgb <= 3.508 | Hct <= 10.739) -> WBC >= 0.471) & Platelets >= 2.602)
",9999999.000,9999999.000,0.000,1.000,0.000,0,0,2,17,17,2,2,17,0.0,0.0,1.0,0.0,0.0,1.0,1
"G[1,2](BUN <= 3.512 & Creatinine >= 0.077)
",9999999.000,9999999.000,0.000,1.000,0.000,0,0,0,19,19,0,0,19,0.0,0.0,0.0,0.0,0.0,1.0,1
"G[0,2](Bilirubin_direct > 0.000 -> SepsisLabel = 0.000)
",9999999.000,9999999.000,0.000,1.000,0.000,0,0,19,0,0,19,19,0,0.0,0.0,1.0,0.0,0.0,1.0,1
"G[0,1](Platelets <= 24.043 -> WBC >= 0.546)
",9999999.000,9999999.000,0.000,1.000,0.000,0,0,0,19,19,0,0,19,0.0,0.0,0.0,0.0,0.0,1.0,1
"G[1,2](((PaCO2 <= 12.578 & WBC <= 4.226) | Resp >= 0.196) -> Calcium <= 8.814)
",9999999.000,9999999.000,0.000,1.000,0.000,0,0,19,0,0,19,19,0,0.0,0.0,1.0,0.0,0.0,1.0,1
"G[1,2]((Hct <= 24.839 | Temp <= 30.415) | SaO2 >= 2.243)
",9999999.000,9999999.000,0.000,1.000,0.000,0,0,17,2,2,17,17,2,0.0,0.0,1.0,0.0,0.0,1.0,1
"G[0,2](Calcium <= 3.268 | FiO2 >= 0.033)
",9999999.000,9999999.000,0.000,1.000,0.000,0,0,16,3,3,16,16,3,0.0,0.0,1.0,0.0,0.0,1.0,1
"G[0,2](HCO3 >= 0.891 & Temp <= 10.880)
",9999999.000,9999999.000,0.000,1.000,0.000,0,0,0,19,19,0,0,19,0.0,0.0,0.0,0.0,0.0,1.0,1
"G[1,2]((Creatinine >= 0.006 & Resp <= 22.685) & BaseExcess >= 3.061)
",9999999.000,9999999.000,0.000,1.000,0.000,0,0,0,19,19,0,0,19,0.0,0.0,0.0,0.0,0.0,1.0,1
"F[0,2]((BaseExcess <= -0.153 | Platelets <= 39.653) | SaO2 <= 40.556)
",-9999999.000,-9999999.000,0.000,0.000,1.000,0,0,0,19,19,0,0,19,0.0,0.0,0.0,0.0,0.0,1.0,-1
"((Creatinine >= 0.069) U[0,1] (Hct <= 24.917))
",-9999999.000,-9999999.000,0.000,0.000,1.000,0,0,0,19,19,0,0,19,0.0,0.0,0.0,0.0,0.0,1.0,-1
"F[0,2](((Bilirubin_total <= 0.000 -> Temp <= 15.321) | O2Sat <= 35.371) & Magnesium <= 34.295)
",-9999999.000,-9999999.000,0.000,0.000,1.000,0,0,0,19,19,0,0,19,0.0,0.0,0.0,0.0,0.0,1.0,-1
"F[1,2](((Glucose <= 149.602 -> MAP <= 75.201) & Calcium >= 60.617) & Magnesium >= 35.060)
",-9999999.000,-9999999.000,0.000,0.000,1.000,0,0,0,19,19,0,0,19,0.0,0.0,0.0,0.0,0.0,1.0,-1
"F[0,0]((Fibrinogen >= 0.000 | Glucose <= 147.722) & HCO3 <= 80.301)
",102.735,80.564,0.000,0.000,1.000,0,0,0,19,19,0,0,19,0.0,0.0,0.0,0.0,0.0,1.0,-1
"F[2,2]((Potassium >= 0.478 | Alkalinephos <= 0.000) & EtCO2 <= 0.000)
",0.000,0.000,0.000,0.000,1.000,0,0,0,19,19,0,0,19,0.0,0.0,0.0,0.0,0.0,1.0,-1
"F[1,2](((FiO2 >= 0.017 & HR >= 33.068) -> Magnesium >= 47.855) & Lactate <= 65.608)
",-9999999.000,-9999999.000,0.000,0.000,1.000,0,0,0,19,19,0,0,19,0.0,0.0,0.0,0.0,0.0,1.0,-1
"F[2,2](((MAP <= 69.704 | PTT >= 0.775) -> Hct >= 0.502) & SaO2 >= 1.124)
",-4904976677049538.000,-69.704,0.000,0.000,1.000,0,0,0,19,19,0,0,19,0.0,0.0,0.0,0.0,0.0,1.0,-1
"F[2,2]((BaseExcess <= -0.151 -> WBC >= 0.418) & Glucose <= 4.712)
",0.151,0.151,0.000,0.000,1.000,0,0,0,19,19,0,0,19,0.0,0.0,0.0,0.0,0.0,1.0,-1
"F[0,2]((WBC >= 0.129 -> Phosphate >= 0.110) & O2Sat <= 3.856)
",-9999999.000,-9999999.000,0.000,0.000,1.000,0,0,0,19,19,0,0,19,0.0,0.0,0.0,0.0,0.0,1.0,-1
"F[0,2](((Creatinine >= 0.010 & Lactate >= 0.012) -> Hgb >= 0.015) -> Bilirubin_total <= 0.290)
",-9999999.000,-9999999.000,0.000,0.000,1.000,0,0,0,19,19,0,0,19,0.0,0.0,0.0,0.0,0.0,1.0,-1
"F[0,1]((Hct <= 27.129 -> Lactate <= 0.915) & Chloride <= 0.326)
",-9999999.000,-9999999.000,0.000,0.000,1.000,0,0,0,19,19,0,0,19,0.0,0.0,0.0,0.0,0.0,1.0,-1
"F[2,2](Hgb <= 2.774 -> HR <= 64.807)
",-64.807,-64.807,0.000,0.000,1.000,0,0,0,19,19,0,0,19,0.0,0.0,0.0,0.0,0.0,1.0,-1
"F[2,2](((Chloride >= 5.361 & Lactate >= 0.003) & Resp <= 0.269) -> Phosphate >= 0.007)
",7766757854110100.000,0.007,0.000,0.000,1.000,0,0,0,19,19,0,0,19,0.0,0.0,0.0,0.0,0.0,1.0,-1
"F[0,0](TroponinI >= 0.000 | pH <= 4.079)
",36.298,4.053,0.000,0.000,1.000,0,0,0,19,19,0,0,19,0.0,0.0,0.0,0.0,0.0,1.0,-1
"((DBP >= 27.750) U[0,2] (AST >= 0.000))
",-9999999.000,-9999999.000,0.000,0.000,1.000,0,0,0,19,19,0,0,19,0.0,0.0,0.0,0.0,0.0,1.0,-1
"F[0,2](((Hct >= 0.232 | BaseExcess >= -7.955) & Bilirubin_total >= -3.261) & Hct >= -7.306)
",-9999999.000,-9999999.000,0.000,0.000,1.000,0,0,0,19,19,0,0,19,0.0,0.0,0.0,0.0,0.0,1.0,-1
"F[0,2]((Creatinine >= 0.010 | WBC <= 7.529) & Alkalinephos >= 0.561)
",-9999999.000,-9999999.000,0.000,0.000,1.000,0,0,0,19,19,0,0,19,0.0,0.0,0.0,0.0,0.0,1.0,-1
"F[0,1]((Glucose <= 28.072 | AST <= 0.000) | HCO3 <= 0.000)
",-9999999.000,-9999999.000,0.000,0.000,1.000,0,0,0,19,19,0,0,19,0.0,0.0,0.0,0.0,0.0,1.0,-1
"F[1,2]((BaseExcess >= -1.069 & Hgb >= 0.008) -> DBP <= 2.433)
",-9999999.000,-9999999.000,0.000,0.000,1.000,0,0,0,19,19,0,0,19,0.0,0.0,0.0,0.0,0.0,1.0,-1
"((Alkalinephos >= 0.000) U[2,2] (DBP <= 82.753))
",82.753,82.753,0.000,0.000,1.000,0,0,0,19,19,0,0,19,0.0,0.0,0.0,0.0,0.0,1.0,-1
"F[0,2](((Lactate >= 0.004 | Phosphate >= 0.487) -> PTT >= 0.447) | Chloride >= 0.484)
",-9999999.000,-9999999.000,0.000,0.000,1.000,0,0,0,19,19,0,0,19,0.0,0.0,0.0,0.0,0.0,1.0,-1
"F[2,2](((HR >= 40.351 | Platelets >= 4.852) & Potassium <= 69.959) | Hgb >= 0.635)
",-5718953410777202.000,-0.635,0.000,0.000,1.000,0,0,0,19,19,0,0,19,0.0,0.0,0.0,0.0,0.0,1.0,-1
"F[0,1]((Fibrinogen >= 0.000 -> HR >= 19.595) -> PTT <= 80.245)
",-9999999.000,-9999999.000,0.000,0.000,1.000,0,0,0,19,19,0,0,19,0.0,0.0,0.0,0.0,0.0,1.0,-1
"F[2,2](((DBP >= 31.860 -> Phosphate >= 0.399) | TroponinI <= 1.465) | Phosphate <= 3.851)
",4335936633782406.500,3.851,0.000,0.000,1.000,0,0,0,19,19,0,0,19,0.0,0.0,0.0,0.0,0.0,1.0,-1
"F[0,2]((Lactate >= 0.021 | Magnesium >= 0.113) -> SBP >= 0.213)
",-9999999.000,-9999999.000,0.000,0.000,1.000,0,0,0,19,19,0,0,19,0.0,0.0,0.0,0.0,0.0,1.0,-1
"G[0,2](FiO2 >= 0.022 & Glucose <= 98.409)
",9999999.000,9999999.000,0.000,1.000,0.000,0,0,0,19,19,0,0,19,0.0,0.0,0.0,0.0,0.0,1.0,1
"G[0,2](Creatinine >= 0.077 | FiO2 >= 0.050)
",9999999.000,9999999.000,0.000,1.000,0.000,0,0,0,19,19,0,0,19,0.0,0.0,0.0,0.0,0.0,1.0,1
"G[0,2](Calcium >= 0.644 & HCO3 <= 11.901)
",9999999.000,9999999.000,0.000,1.000,0.000,0,0,0,19,19,0,0,19,0.0,0.0,0.0,0.0,0.0,1.0,1
"G[2,2](Phosphate <= 1.713 & PTT <= 17.531)
",1.713,1.713,0.000,1.000,0.000,0,0,19,0,0,19,19,0,0.0,0.0,1.0,0.0,0.0,1.0,1
"G[0,0](((Hgb <= 10.688 | Hct <= 24.680) -> WBC >= 0.556) & Platelets >= 0.843)
",-28.839,-24.883,0.000,1.000,0.000,0,0,0,19,19,0,0,19,0.0,0.0,0.0,0.0,0.0,1.0,1
"G[0,2](BUN <= 5.597 & Creatinine >= 0.070)
",9999999.000,9999999.000,0.000,1.000,0.000,0,0,0,19,19,0,0,19,0.0,0.0,0.0,0.0,0.0,1.0,1
"G[1,2](((Calcium <= 7.391 -> SBP <= 145.902) | Creatinine >= 84.492) -> Potassium >= 101.583)
",9999999.000,9999999.000,0.000,1.000,0.000,0,0,1,18,18,1,1,18,0.0,0.0,1.0,0.0,0.0,1.0,1
"G[0,1](Chloride >= 11.680 & HCO3 >= 1.995)
",9999999.000,9999999.000,0.000,1.000,0.000,0,0,0,19,19,0,0,19,0.0,0.0,0.0,0.0,0.0,1.0,1
"G[0,0](((Calcium <= 5.748 | O2Sat >= 15.802) | Glucose <= 94.380) -> Magnesium >= 8.281)
",-94.380,-94.380,0.000,1.000,0.000,0,0,0,19,19,0,0,19,0.0,0.0,0.0,0.0,0.0,1.0,1
"G[0,2](((Chloride <= 88.573 -> O2Sat >= 36.713) & Bilirubin_total >= 70.154) | Fibrinogen <= 88.250)
",9999999.000,9999999.000,0.000,1.000,0.000,0,0,19,0,0,19,19,0,0.0,0.0,1.0,0.0,0.0,1.0,1
"G[0,1](Platelets <= 207.131 -> WBC >= 0.495)
",9999999.000,9999999.000,0.000,1.000,0.000,0,0,0,19,19,0,0,19,0.0,0.0,0.0,0.0,0.0,1.0,1
"G[0,2]((HR >= 39.320 & pH >= 1.355) | Temp <= 4.914)
",9999999.000,9999999.000,0.000,1.000,0.000,0,0,12,7,7,12,12,7,0.0,0.0,1.0,0.0,0.0,1.0,1
"G[0,1](Bilirubin_total > 0.000 & SepsisLabel = 0.000)
",9999999.000,9999999.000,0.000,1.000,0.000,0,0,0,19,19,0,0,19,0.0,0.0,0.0,0.0,0.0,1.0,1
"G[1,2]((pH >= 1.101 | Phosphate >= 0.367) & HR >= 0.023)
",9999999.000,9999999.000,0.000,1.000,0.000,0,0,6,13,13,6,6,13,0.0,0.0,1.0,0.0,0.0,1.0,1
"G[1,2](O2Sat > 34.195 & SepsisLabel = 0.000)
",9999999.000,9999999.000,0.000,1.000,0.000,0,0,18,1,1,18,18,1,0.0,0.0,1.0,0.0,0.0,1.0,1
"G[0,2]((Hgb <= 4.172 -> Phosphate >= 0.018) -> FiO2 >= 0.066)
",9999999.000,9999999.000,0.000,1.000,0.000,0,0,17,2,2,17,17,2,0.0,0.0,1.0,0.0,0.0,1.0,1
"G[1,2](((Chloride <= 49.383 | Temp <= 14.285) | Hct >= 0.910) | Platelets >= 7.752)
",9999999.000,9999999.000,0.000,1.000,0.000,0,0,18,1,1,18,18,1,0.0,0.0,1.0,0.0,0.0,1.0,1
"G[0,2]((Glucose <= 155.666 | Phosphate >= 0.346) -> Calcium >= 0.342)
",9999999.000,9999999.000,0.000,1.000,0.000,0,0,0,19,19,0,0,19,0.0,0.0,0.0,0.0,0.0,1.0,1
"G[0,2]((Platelets <= 125.160 & PTT <= 2.711) | Chloride >= 1.191)
",9999999.000,9999999.000,0.000,1.000,0.000,0,0,19,0,0,19,19,0,0.0,0.0,1.0,0.0,0.0,1.0,1
"G[0,2](((O2Sat <= 98.023 & Resp <= 17.366) & BUN >= 0.717) | FiO2 <= 17.594)
",9999999.000,9999999.000,0.000,1.000,0.000,0,0,19,0,0,19,19,0,0.0,0.0,1.0,0.0,0.0,1.0,1
"G[1,2](((Glucose >= 1.866 & HCO3 <= 4.810) | Fibrinogen >= 2.644) & PTT <= 6.826)
",9999999.000,9999999.000,0.000,1.000,0.000,0,0,1,18,18,1,1,18,0.0,0.0,1.0,0.0,0.0,1.0,1
"G[0,2](Calcium >= 0.053 -> Glucose <= 142.365)
",9999999.000,9999999.000,0.000,1.000,0.000,0,0,18,1,1,18,18,1,0.0,0.0,1.0,0.0,0.0,1.0,1
"G[0,1]((Chloride >= 6.031 & HCO3 <= 4.249) & SBP <= 23.024)
",9999999.000,9999999.000,0.000,1.000,0.000,0,0,0,19,19,0,0,19,0.0,0.0,0.0,0.0,0.0,1.0,1
"G[0,2](((HCO3 >= 2.133 | Potassium <= 3.087) | Temp <= 3.149) -> DBP <= 2.304)
",9999999.000,9999999.000,0.000,1.000,0.000,0,0,0,19,19,0,0,19,0.0,0.0,0.0,0.0,0.0,1.0,1
"G[1,2](BUN <= 9.889 & Calcium >= 0.734)
",9999999.000,9999999.000,0.000,1.000,0.000,0,0,2,17,17,2,2,17,0.0,0.0,1.0,0.0,0.0,1.0,1
"G[0,2]((Phosphate >= 0.197 & Platelets <= 128.761) | TroponinI <= 67.057)
",9999999.000,9999999.000,0.000,1.000,0.000,0,0,19,0,0,19,19,0,0.0,0.0,1.0,0.0,0.0,1.0,1
"G[2,2]((Creatinine >= 0.060 & Hct >= 0.651) -> Magnesium >= 0.636)
",0.636,0.636,0.000,1.000,0.000,0,0,19,0,0,19,19,0,0.0,0.0,1.0,0.0,0.0,1.0,1
"G[0,2]((Chloride >= 13.320 -> Creatinine >= 0.022) -> Fibrinogen >= 0.076)
",9999999.000,9999999.000,0.000,1.000,0.000,0,0,0,19,19,0,0,19,0.0,0.0,0.0,0.0,0.0,1.0,1
"G[0,2](Platelets <= 34.195 -> WBC >= 0.555)
",9999999.000,9999999.000,0.000,1.000,0.000,0,0,0,19,19,0,0,19,0.0,0.0,0.0,0.0,0.0,1.0,1
"G[0,1](((Magnesium <= 0.428 & SBP >= 44.967) -> SepsisLabel <= 146.777) -> Magnesium >= 46.378)
",9999999.000,9999999.000,0.000,1.000,0.000,0,0,0,19,19,0,0,19,0.0,0.0,0.0,0.0,0.0,1.0,1
"G[0,2](((BUN <= 10.028 & SBP <= 133.094) & HR >= 5.580) -> EtCO2 <= 118.500)
",9999999.000,9999999.000,0.000,1.000,0.000,0,0,19,0,0,19,19,0,0.0,0.0,1.0,0.0,0.0,1.0,1
"G[1,2](BaseExcess <= -0.280 | Creatinine <= 0.318)
",9999999.000,9999999.000,0.000,1.000,0.000,0,0,18,1,1,18,18,1,0.0,0.0,1.0,0.0,0.0,1.0,1
"G[0,0](SaO2 < 0.000 & SepsisLabel = 0.000)
",-0.282,-13.211,0.000,1.000,0.000,0,0,0,19,19,0,0,19,0.0,0.0,0.0,0.0,0.0,1.0,1
"G[1,2](((FiO2 <= 0.166 & Magnesium >= 0.080) & SepsisLabel >= 0.219) | Fibrinogen >= 0.001)
",9999999.000,9999999.000,0.000,1.000,0.000,0,0,0,19,19,0,0,19,0.0,0.0,0.0,0.0,0.0,1.0,1
"G[0,2](Magnesium >= 0.165 & Temp <= 34.577)
",9999999.000,9999999.000,0.000,1.000,0.000,0,0,0,19,19,0,0,19,0.0,0.0,0.0,0.0,0.0,1.0,1
"G[0,1]((Glucose <= 162.306 & Lactate >= 0.021) | PTT >= 0.006)
",9999999.000,9999999.000,0.000,1.000,0.000,0,0,0,19,19,0,0,19,0.0,0.0,0.0,0.0,0.0,1.0,1
"G[2,2](FiO2 <= 0.302 & Phosphate <= 4.165)
",5439894102399557.000,0.302,0.000,1.000,0.000,0,0,19,0,0,19,19,0,0.0,0.0,1.0,0.0,0.0,1.0,1
"G[1,2]((HCO3 >= 2.303 & pH <= 5.264) | DBP <= 6.203)
",9999999.000,9999999.000,0.000,1.000,0.000,0,0,3,16,16,3,3,16,0.0,0.0,1.0,0.0,0.0,1.0,1
"G[0,2](((Magnesium <= 1.959 -> PaCO2 >= 6.842) & O2Sat >= 4.013) -> BUN >= 6.706)
",9999999.000,9999999.000,0.000,1.000,0.000,0,0,14,5,5,14,14,5,0.0,0.0,1.0,0.0,0.0,1.0,1
"G[1,2](Glucose <= 170.762 -> PaCO2 <= 27.008)
",9999999.000,9999999.000,0.000,1.000,0.000,0,0,14,5,5,14,14,5,0.0,0.0,1.0,0.0,0.0,1.0,1
"G[0,2](((DBP >= 14.328 & Temp >= 3.099) | Alkalinephos <= 27.901) -> Hct >= 8.451)
",9999999.000,9999999.000,0.000,1.000,0.000,0,0,0,19,19,0,0,19,0.0,0.0,0.0,0.0,0.0,1.0,1
"G[1,2]((Phosphate <= 0.975 | Temp >= 8.459) & PTT <= 33.573)
",9999999.000,9999999.000,0.000,1.000,0.000,0,0,18,1,1,18,18,1,0.0,0.0,1.0,0.0,0.0,1.0,1
"G[0,2](FiO2 >= 0.040 & WBC <= 7.190)
",9999999.000,9999999.000,0.000,1.000,0.000,0,0,0,19,19,0,0,19,0.0,0.0,0.0,0.0,0.0,1.0,1
"G[1,2](((Creatinine <= 0.386 & Temp <= 25.015) -> WBC >= 5.154) -> Bilirubin_direct >= 5.388)
",9999999.000,9999999.000,0.000,1.000,0.000,0,0,11,8,8,11,11,8,0.0,0.0,1.0,0.0,0.0,1.0,1
"G[0,2](BUN <= 3.688 & Creatinine >= 0.030)
",9999999.000,9999999.000,0.000,1.000,0.000,0,0,0,19,19,0,0,19,0.0,0.0,0.0,0.0,0.0,1.0,1
"G[0,1]((Lactate >= 0.000 & Resp <= 21.911) & HCO3 >= 4.802)
",9999999.000,9999999.000,0.000,1.000,0.000,0,0,0,19,19,0,0,19,0.0,0.0,0.0,0.0,0.0,1.0,1
"G[0,2]((O2Sat <= 88.514 & PTT <= 3.116) -> BUN >= 1.105)
",9999999.000,9999999.000,0.000,1.000,0.000,0,0,13,6,6,13,13,6,0.0,0.0,1.0,0.0,0.0,1.0,1
"G[0,2](((Creatinine <= 0.219 & Phosphate >= 0.207) & Platelets >= 0.380) | Fibrinogen >= 0.344)
",9999999.000,9999999.000,0.000,1.000,0.000,0,0,0,19,19,0,0,19,0.0,0.0,0.0,0.0,0.0,1.0,1
"G[0,2](Chloride >= 6.835 & HCO3 >= 0.686)
",9999999.000,9999999.000,0.000,1.000,0.000,0,0,0,19,19,0,0,19,0.0,0.0,0.0,0.0,0.0,1.0,1
"G[0,2]((DBP >= 52.496 | Glucose >= 21.184) -> pH <= 135.868)
",9999999.000,9999999.000,0.000,1.000,0.000,0,0,19,0,0,19,19,0,0.0,0.0,1.0,0.0,0.0,1.0,1
"G[1,2](Hct <= 3.446 | MAP <= 100.787)
",9999999.000,9999999.000,0.000,1.000,0.000,0,0,19,0,0,19,19,0,0.0,0.0,1.0,0.0,0.0,1.0,1
"G[2,2](((HR <= 59.669 & PaCO2 <= 40.559) | Temp <= 41.558) -> Hct <= 44.930)
",-44.930,-44.930,0.000,1.000,0.000,0,0,19,0,0,19,19,0,0.0,0.0,1.0,0.0,0.0,1.0,1
"G[0,0]((Platelets >= 7.337 & Temp >= 4.417) & SaO2 <= 33.466)
",-7.426,-7.673,0.000,1.000,0.000,0,0,0,19,19,0,0,19,0.0,0.0,0.0,0.0,0.0,1.0,1
"G[1,2]((Creatinine <= 0.659 -> O2Sat >= 52.481) & Potassium <= 92.685)
",9999999.000,9999999.000,0.000,1.000,0.000,0,0,18,1,1,18,18,1,0.0,0.0,1.0,0.0,0.0,1.0,1
"G[0,2]((FiO2 >= 0.050 & Hct <= 33.745) -> AST >= 0.990)
",9999999.000,9999999.000,0.000,1.000,0.000,0,0,16,3,3,16,16,3,0.0,0.0,1.0,0.0,0.0,1.0,1
"F[1,2]((PaCO2 >= 2.822 & SepsisLabel >= 0.000) | Magnesium >= 0.000)
",-9999999.000,-9999999.000,0.000,0.000,1.000,0,0,0,19,19,0,0,19,0.0,0.0,0.0,0.0,0.0,1.0,-1
