Rule,Discrimination Score,Pos Robustness,Neg Robustness,Percent Class +,Percent Class -,TP,TN,FP,FN,Actual Yes,Actual No,Predicted Yes,Predicted No,TPR/Sens,TNR/Spec,FPR,Precision,Accuracy,MCR
"G[0,0](Bilirubin_total >= 0.000 -> SepsisLabel >= 0.000)
",-0.378,-32.062,0.000,1.000,0.000,17,0,0,0,17,0,17,0,1.0,0.0,0.0,1.0,1.0303030303030303,-0.030303030303030276
"G[0,0](HR >= 38.988 | SepsisLabel <= 0.000)
",16361.012,16361.012,0.000,1.000,0.000,17,0,0,0,17,0,17,0,1.0,0.0,0.0,1.0,1.0303030303030303,-0.030303030303030276
"G[0,0](PaCO2 <= 0.000 & SepsisLabel = 0.000)
",-0.378,-32.062,0.000,1.000,0.000,17,0,0,0,17,0,17,0,1.0,0.0,0.0,1.0,1.0303030303030303,-0.030303030303030276
"G[0,0](((Chloride >= 4.990 & Creatinine <= 0.518) | Chloride >= 0.005) | Bilirubin_direct <= 0.134)
",0.307,0.792,0.000,1.000,0.000,17,0,0,0,17,0,17,0,1.0,0.0,0.0,1.0,1.0303030303030303,-0.030303030303030276
"G[0,0](((Calcium <= 6.639 & Glucose <= 24.563) | TroponinI >= 1.641) -> BUN <= 97.109)
",-97.109,-97.109,0.000,1.000,0.000,17,0,0,0,17,0,17,0,1.0,0.0,0.0,1.0,1.0303030303030303,-0.030303030303030276
"G[0,0]((Platelets >= 2.210 | PTT <= 11.682) | Platelets >= 0.248)
",2.675,10.236,0.000,1.000,0.000,17,0,0,0,17,0,17,0,1.0,0.0,0.0,1.0,1.0303030303030303,-0.030303030303030276
"G[0,0]((HR <= 72.925 -> Resp <= 17.585) -> Magnesium <= 24.536)
",-24.536,-24.536,0.000,1.000,0.000,17,0,0,0,17,0,17,0,1.0,0.0,0.0,1.0,1.0303030303030303,-0.030303030303030276
"G[0,0](TroponinI <= 0.000 -> SepsisLabel = 0.000)
",0.000,0.000,0.000,1.000,0.000,17,0,0,0,17,0,17,0,1.0,0.0,0.0,1.0,1.0303030303030303,-0.030303030303030276
"G[0,1](((SBP >= 42.303 | AST >= 0.000) & FiO2 <= 0.000) | Hct <= 0.000)
",9999999.000,9999999.000,0.000,1.000,0.000,16,0,1,0,16,1,17,0,1.0,0.0,1.0,0.9411764705882353,0.9696969696969697,0.030303030303030276
"G[0,1](((Hct <= 34.541 & Resp <= 19.769) | SBP >= 11.884) -> TroponinI <= 23.708)
",9999999.000,9999999.000,0.000,1.000,0.000,16,0,1,0,16,1,17,0,1.0,0.0,1.0,0.9411764705882353,0.9696969696969697,0.030303030303030276
"G[0,0]((Bilirubin_direct >= 0.000 & PTT <= 3.023) | AST >= 0.087)
",-0.378,-0.011,0.000,1.000,0.000,16,0,0,1,17,0,16,1,0.9411764705882353,0.0,0.0,1.0,0.9696969696969697,0.030303030303030276
"G[0,1]((Platelets <= 104.712 -> HCO3 >= 0.685) -> HCO3 >= 0.820)
",9999999.000,9999999.000,0.000,1.000,0.000,16,0,1,0,16,1,17,0,1.0,0.0,1.0,0.9411764705882353,0.9696969696969697,0.030303030303030276
"G[0,1](SBP < 150.917 -> SepsisLabel = 0.000)
",9999999.000,9999999.000,0.000,1.000,0.000,16,0,1,0,16,1,17,0,1.0,0.0,1.0,0.9411764705882353,0.9696969696969697,0.030303030303030276
"G[0,1]((Potassium >= 0.133 | Temp <= 27.073) | SepsisLabel <= 33.766)
",9999999.000,9999999.000,0.000,1.000,0.000,16,0,1,0,16,1,17,0,1.0,0.0,1.0,0.9411764705882353,0.9696969696969697,0.030303030303030276
"G[0,1]((WBC >= 0.353 | PTT >= 0.556) | Alkalinephos <= 19.315)
",9999999.000,9999999.000,0.000,1.000,0.000,16,0,1,0,16,1,17,0,1.0,0.0,1.0,0.9411764705882353,0.9696969696969697,0.030303030303030276
"G[1,1](((Chloride <= 38.908 | Platelets >= 11.770) -> Bilirubin_total <= 261.161) | Resp >= 0.202)
",-0.202,-0.202,0.000,1.000,0.000,16,0,1,0,16,1,17,0,1.0,0.0,1.0,0.9411764705882353,0.9696969696969697,0.030303030303030276
"G[0,1](((HCO3 >= 0.141 | WBC >= 0.387) | BaseExcess <= 3.918) & SepsisLabel <= 6.846)
",9999999.000,9999999.000,0.000,1.000,0.000,16,0,1,0,16,1,17,0,1.0,0.0,1.0,0.9411764705882353,0.9696969696969697,0.030303030303030276
"G[1,1](((HCO3 >= 0.027 | Hct <= 20.273) -> SaO2 >= 0.081) -> Magnesium >= 0.582)
",0.582,0.582,0.000,1.000,0.000,16,0,1,0,16,1,17,0,1.0,0.0,1.0,0.9411764705882353,0.9696969696969697,0.030303030303030276
"G[0,1]((Creatinine >= 0.014 -> HCO3 <= 4.045) | EtCO2 <= 1.882)
",9999999.000,9999999.000,0.000,1.000,0.000,16,0,1,0,16,1,17,0,1.0,0.0,1.0,0.9411764705882353,0.9696969696969697,0.030303030303030276
"G[0,1]((pH >= 0.000 | Platelets >= 7.033) & HCO3 <= 137.619)
",9999999.000,9999999.000,0.000,1.000,0.000,16,0,1,0,16,1,17,0,1.0,0.0,1.0,0.9411764705882353,0.9696969696969697,0.030303030303030276
"G[0,1](((HCO3 >= 0.159 | Phosphate <= 0.542) | WBC <= 1.630) & FiO2 <= 1.260)
",9999999.000,9999999.000,0.000,1.000,0.000,16,0,1,0,16,1,17,0,1.0,0.0,1.0,0.9411764705882353,0.9696969696969697,0.030303030303030276
"G[0,1](Bilirubin_total >= 0.000 | Glucose <= 44.054)
",9999999.000,9999999.000,0.000,1.000,0.000,16,0,1,0,16,1,17,0,1.0,0.0,1.0,0.9411764705882353,0.9696969696969697,0.030303030303030276
"G[1,1]((Glucose >= 4.994 & Phosphate >= 0.064) -> PTT <= 2.884)
",-2.884,-2.884,0.000,1.000,0.000,16,0,1,0,16,1,17,0,1.0,0.0,1.0,0.9411764705882353,0.9696969696969697,0.030303030303030276
"G[0,1](((Bilirubin_total >= 0.000 | DBP >= 0.000) & Lactate <= 0.000) -> Temp >= 0.000)
",9999999.000,9999999.000,0.000,1.000,0.000,16,0,1,0,16,1,17,0,1.0,0.0,1.0,0.9411764705882353,0.9696969696969697,0.030303030303030276
"G[1,1]((Glucose <= 141.454 & Lactate <= 0.000) | Glucose >= 0.000)
",0.000,0.000,0.000,1.000,0.000,16,0,1,0,16,1,17,0,1.0,0.0,1.0,0.9411764705882353,0.9696969696969697,0.030303030303030276
"G[0,1]((Magnesium <= 0.595 -> WBC <= 6.617) | Temp >= 0.129)
",9999999.000,9999999.000,0.000,1.000,0.000,16,0,1,0,16,1,17,0,1.0,0.0,1.0,0.9411764705882353,0.9696969696969697,0.030303030303030276
"G[0,0](((Phosphate <= 1.350 & BaseExcess <= 0.000) -> HCO3 >= 0.000) -> PTT <= 0.000)
",0.000,0.000,0.000,1.000,0.000,16,0,0,1,17,0,16,1,0.9411764705882353,0.0,0.0,1.0,0.9696969696969697,0.030303030303030276
"G[1,1]((HCO3 >= 0.628 | MAP <= 83.341) -> PaCO2 <= 85.938)
",-85.938,-85.938,0.000,1.000,0.000,16,0,1,0,16,1,17,0,1.0,0.0,1.0,0.9411764705882353,0.9696969696969697,0.030303030303030276
"G[0,1](Lactate >= 0.000 | Lactate >= 0.000)
",9999999.000,9999999.000,0.000,1.000,0.000,16,0,1,0,16,1,17,0,1.0,0.0,1.0,0.9411764705882353,0.9696969696969697,0.030303030303030276
"G[0,1](BaseExcess <= 0.000 -> SepsisLabel = 0.000)
",9999999.000,9999999.000,0.000,1.000,0.000,16,0,1,0,16,1,17,0,1.0,0.0,1.0,0.9411764705882353,0.9696969696969697,0.030303030303030276
"G[1,1](Creatinine <= 0.142 & Fibrinogen >= 0.000)
",0.000,0.000,0.000,1.000,0.000,16,0,1,0,16,1,17,0,1.0,0.0,1.0,0.9411764705882353,0.9696969696969697,0.030303030303030276
"G[1,1]((Potassium <= 1.675 | PTT <= 1.955) & Calcium <= 17.268)
",1.955,1.955,0.000,1.000,0.000,16,0,1,0,16,1,17,0,1.0,0.0,1.0,0.9411764705882353,0.9696969696969697,0.030303030303030276
"G[0,1](((O2Sat >= 19.414 -> HCO3 >= 0.861) -> Temp <= 1.758) | Potassium >= 0.197)
",9999999.000,9999999.000,0.000,1.000,0.000,16,0,1,0,16,1,17,0,1.0,0.0,1.0,0.9411764705882353,0.9696969696969697,0.030303030303030276
"G[0,1](((HCO3 <= 6.971 | MAP >= 29.565) & HR <= 80.323) | FiO2 <= 79.800)
",9999999.000,9999999.000,0.000,1.000,0.000,16,0,1,0,16,1,17,0,1.0,0.0,1.0,0.9411764705882353,0.9696969696969697,0.030303030303030276
"G[0,1](((SaO2 <= 0.000 | Lactate >= 0.000) | Hct >= 0.000) -> Temp >= 0.000)
",9999999.000,9999999.000,0.000,1.000,0.000,16,0,1,0,16,1,17,0,1.0,0.0,1.0,0.9411764705882353,0.9696969696969697,0.030303030303030276
"G[0,1](Hgb <= 11.542 | MAP <= 75.862)
",9999999.000,9999999.000,0.000,1.000,0.000,16,0,1,0,16,1,17,0,1.0,0.0,1.0,0.9411764705882353,0.9696969696969697,0.030303030303030276
"G[1,1]((O2Sat >= 93.714 -> Fibrinogen <= 0.000) & Fibrinogen >= 0.000)
",0.000,0.000,0.000,1.000,0.000,16,0,1,0,16,1,17,0,1.0,0.0,1.0,0.9411764705882353,0.9696969696969697,0.030303030303030276
"G[0,0]((MAP <= 93.529 & MAP >= 3.766) | Potassium >= 26.531)
",-2.740,-21.975,0.000,1.000,0.000,16,0,0,1,17,0,16,1,0.9411764705882353,0.0,0.0,1.0,0.9696969696969697,0.030303030303030276
"G[1,1](Bilirubin_direct <= 0.000 | Bilirubin_direct <= 0.000)
",0.000,0.000,0.000,1.000,0.000,16,0,1,0,16,1,17,0,1.0,0.0,1.0,0.9411764705882353,0.9696969696969697,0.030303030303030276
"G[1,1](((Magnesium <= 1.690 -> SBP >= 105.191) & SBP <= 158.500) | pH <= 153.131)
",153.131,153.131,0.000,1.000,0.000,16,0,1,0,16,1,17,0,1.0,0.0,1.0,0.9411764705882353,0.9696969696969697,0.030303030303030276
"G[0,1](Potassium <= 1.045 | Hgb >= 0.701)
",9999999.000,9999999.000,0.000,1.000,0.000,16,0,1,0,16,1,17,0,1.0,0.0,1.0,0.9411764705882353,0.9696969696969697,0.030303030303030276
"G[1,1](((BUN >= 0.167 & Resp >= 7.808) -> MAP >= 1.366) | Alkalinephos <= 20.024)
",20.024,20.024,0.000,1.000,0.000,16,0,1,0,16,1,17,0,1.0,0.0,1.0,0.9411764705882353,0.9696969696969697,0.030303030303030276
"G[0,1](Phosphate >= 0.050 | Bilirubin_direct <= 0.000)
",9999999.000,9999999.000,0.000,1.000,0.000,16,0,1,0,16,1,17,0,1.0,0.0,1.0,0.9411764705882353,0.9696969696969697,0.030303030303030276
"G[0,0](((Bilirubin_direct <= 0.000 -> Glucose <= 17.223) -> PaCO2 >= 1.393) | HR >= 5.307)
",16394.693,16394.693,0.000,1.000,0.000,16,0,0,1,17,0,16,1,0.9411764705882353,0.0,0.0,1.0,0.9696969696969697,0.030303030303030276
"G[1,1](((Phosphate >= 0.075 & Bilirubin_total <= 0.000) & Hgb <= 0.000) -> Magnesium <= 0.000)
",0.000,0.000,0.000,1.000,0.000,16,0,1,0,16,1,17,0,1.0,0.0,1.0,0.9411764705882353,0.9696969696969697,0.030303030303030276
"G[0,1]((Phosphate >= 0.038 -> AST >= 0.000) & MAP >= 0.000)
",9999999.000,9999999.000,0.000,1.000,0.000,16,0,1,0,16,1,17,0,1.0,0.0,1.0,0.9411764705882353,0.9696969696969697,0.030303030303030276
"G[1,1]((Fibrinogen >= 0.000 & AST <= 0.000) | pH >= 0.000)
",0.000,0.000,0.000,1.000,0.000,16,0,1,0,16,1,17,0,1.0,0.0,1.0,0.9411764705882353,0.9696969696969697,0.030303030303030276
"G[0,0](Hgb <= 7.850 & SepsisLabel = 0.000)
",-0.378,-32.062,0.000,1.000,0.000,15,0,0,2,17,0,15,2,0.8823529411764706,0.0,0.0,1.0,0.9090909090909091,0.09090909090909094
"G[0,1](Potassium >= 0.057 -> PTT >= 0.449)
",9999999.000,9999999.000,0.000,1.000,0.000,15,0,1,1,16,1,16,1,0.9375,0.0,1.0,0.9375,0.9090909090909091,0.09090909090909094
"G[0,1]((FiO2 <= 0.000 | Alkalinephos >= 0.000) -> Magnesium <= 0.000)
",9999999.000,9999999.000,0.000,1.000,0.000,15,0,1,1,16,1,16,1,0.9375,0.0,1.0,0.9375,0.9090909090909091,0.09090909090909094
"G[0,1](Calcium <= 5.203 | HCO3 <= 16.463)
",9999999.000,9999999.000,0.000,1.000,0.000,15,0,1,1,16,1,16,1,0.9375,0.0,1.0,0.9375,0.9090909090909091,0.09090909090909094
"G[0,1]((Phosphate <= 2.068 & AST <= 0.000) & TroponinI <= 0.000)
",9999999.000,9999999.000,0.000,1.000,0.000,15,0,1,1,16,1,16,1,0.9375,0.0,1.0,0.9375,0.9090909090909091,0.09090909090909094
"G[0,1]((Glucose <= 90.560 | Phosphate >= 0.070) & Bilirubin_direct <= 0.710)
",9999999.000,9999999.000,0.000,1.000,0.000,15,0,1,1,16,1,16,1,0.9375,0.0,1.0,0.9375,0.9090909090909091,0.09090909090909094
"G[0,1]((BaseExcess <= 0.000 | Resp <= 22.206) -> O2Sat >= 0.002)
",9999999.000,9999999.000,0.000,1.000,0.000,15,0,1,1,16,1,16,1,0.9375,0.0,1.0,0.9375,0.9090909090909091,0.09090909090909094
"G[0,0]((Platelets <= 178.276 & Potassium <= 3.651) & SepsisLabel <= 1.696)
",-0.358,-30.366,0.000,1.000,0.000,15,0,0,2,17,0,15,2,0.8823529411764706,0.0,0.0,1.0,0.9090909090909091,0.09090909090909094
"G[0,0](((BUN <= 6.545 -> Bilirubin_direct <= 0.000) & AST <= 0.000) & HCO3 <= 0.000)
",-6.545,-6.545,0.000,1.000,0.000,15,0,0,2,17,0,15,2,0.8823529411764706,0.0,0.0,1.0,0.9090909090909091,0.09090909090909094
"G[0,1](((MAP >= 39.217 | HCO3 >= 0.196) | Phosphate >= 0.823) | PTT >= 0.974)
",9999999.000,9999999.000,0.000,1.000,0.000,14,0,1,2,16,1,15,2,0.875,0.0,1.0,0.9333333333333333,0.8484848484848485,0.1515151515151515
"G[0,1](((HCO3 <= 13.721 | Magnesium <= 0.560) -> MAP >= 0.031) -> Chloride <= 0.554)
",9999999.000,9999999.000,0.000,1.000,0.000,14,0,1,2,16,1,15,2,0.875,0.0,1.0,0.9333333333333333,0.8484848484848485,0.1515151515151515
"G[1,1](Resp <= 23.693 | Magnesium >= 0.020)
",23.693,23.693,0.000,1.000,0.000,14,0,1,2,16,1,15,2,0.875,0.0,1.0,0.9333333333333333,0.8484848484848485,0.1515151515151515
"G[0,1](Bilirubin_direct >= 0.000 & WBC <= 8.633)
",9999999.000,9999999.000,0.000,1.000,0.000,14,0,1,2,16,1,15,2,0.875,0.0,1.0,0.9333333333333333,0.8484848484848485,0.1515151515151515
"G[0,1](Platelets <= 164.781 & SepsisLabel = 0.000)
",9999999.000,9999999.000,0.000,1.000,0.000,14,0,1,2,16,1,15,2,0.875,0.0,1.0,0.9333333333333333,0.8484848484848485,0.1515151515151515
"G[0,1]((HR <= 73.856 & SBP <= 140.163) & Calcium <= 138.096)
",9999999.000,9999999.000,0.000,1.000,0.000,5,0,1,11,16,1,6,11,0.3125,0.0,1.0,0.8333333333333334,0.30303030303030304,0.696969696969697
"G[0,1](DBP <= 0.000 & Resp >= 15.511)
",9999999.000,9999999.000,0.000,1.000,0.000,3,0,0,14,17,0,3,14,0.17647058823529413,0.0,0.0,1.0,0.18181818181818182,0.8181818181818181
"G[0,0](Hgb >= 0.410 & SepsisLabel = 0.000)
",-0.382,-32.421,0.000,1.000,0.000,2,0,0,15,17,0,2,15,0.11764705882352941,0.0,0.0,1.0,0.12121212121212122,0.8787878787878788
"G[0,0](((Creatinine <= 0.249 & Phosphate >= 0.076) -> MAP <= 1.696) -> Creatinine >= 0.037)
",-0.380,-13.492,0.000,1.000,0.000,2,0,0,15,17,0,2,15,0.11764705882352941,0.0,0.0,1.0,0.12121212121212122,0.8787878787878788
"G[0,0](Platelets <= 232.447 -> WBC >= 0.280)
",-232.447,-232.447,0.000,1.000,0.000,2,0,0,15,17,0,2,15,0.11764705882352941,0.0,0.0,1.0,0.12121212121212122,0.8787878787878788
"G[0,0](((Hgb <= 10.223 | Hct <= 24.533) -> WBC >= 0.363) & Platelets >= 7.852)
",-24.533,-24.533,0.000,1.000,0.000,2,0,0,15,17,0,2,15,0.11764705882352941,0.0,0.0,1.0,0.12121212121212122,0.8787878787878788
"G[0,0](Glucose <= 114.679 -> Magnesium >= 0.051)
",-114.679,-114.679,0.000,1.000,0.000,2,0,0,15,17,0,2,15,0.11764705882352941,0.0,0.0,1.0,0.12121212121212122,0.8787878787878788
"G[0,0](Platelets <= 65.173 -> WBC >= 0.510)
",-65.173,-65.173,0.000,1.000,0.000,2,0,0,15,17,0,2,15,0.11764705882352941,0.0,0.0,1.0,0.12121212121212122,0.8787878787878788
"G[0,0](WBC >= 0.448 & WBC >= 0.167)
",0.178,0.989,0.000,1.000,0.000,2,0,0,15,17,0,2,15,0.11764705882352941,0.0,0.0,1.0,0.12121212121212122,0.8787878787878788
"G[0,0](Chloride >= 4.804 & HCO3 >= 1.091)
",-5.087,-4.572,0.000,1.000,0.000,2,0,0,15,17,0,2,15,0.11764705882352941,0.0,0.0,1.0,0.12121212121212122,0.8787878787878788
"G[1,1]((BUN >= 0.139 | Creatinine >= 0.032) | Temp >= 0.003)
",-0.003,-0.003,0.000,1.000,0.000,1,0,1,15,16,1,2,15,0.0625,0.0,1.0,0.5,0.06060606060606061,0.9393939393939394
"G[2,2]((PaCO2 <= 0.000 | SepsisLabel >= 0.000) | Potassium <= 0.000)
",0.000,0.000,0.000,1.000,0.000,0,0,17,0,0,17,17,0,0.0,0.0,1.0,0.0,0.0,1.0
"G[2,2](((PTT >= 0.330 | WBC >= 0.077) & PaCO2 <= 4.880) -> SBP >= 0.222)
",0.077,0.077,0.000,1.000,0.000,0,0,17,0,0,17,17,0,0.0,0.0,1.0,0.0,0.0,1.0
"G[2,2](Chloride <= 29.621 -> Bilirubin_direct >= 0.000)
",-29.621,-29.621,0.000,1.000,0.000,0,0,17,0,0,17,17,0,0.0,0.0,1.0,0.0,0.0,1.0
"G[2,2](((SBP <= 132.570 | EtCO2 <= 0.000) -> Hgb >= 0.000) -> SBP <= 0.000)
",0.000,0.000,0.000,1.000,0.000,0,0,17,0,0,17,17,0,0.0,0.0,1.0,0.0,0.0,1.0
"G[0,2](((Phosphate <= 0.114 & SepsisLabel >= 0.000) -> PaCO2 <= 0.000) | Bilirubin_total >= 0.000)
",9999999.000,9999999.000,0.000,1.000,0.000,0,0,17,0,0,17,17,0,0.0,0.0,1.0,0.0,0.0,1.0
"G[0,2]((Lactate >= 0.000 & Bilirubin_total <= 0.000) -> BaseExcess <= 0.000)
",9999999.000,9999999.000,0.000,1.000,0.000,0,0,17,0,0,17,17,0,0.0,0.0,1.0,0.0,0.0,1.0
"G[2,2](SepsisLabel <= 0.000 & pH >= 0.000)
",0.000,0.000,0.000,1.000,0.000,0,0,17,0,0,17,17,0,0.0,0.0,1.0,0.0,0.0,1.0
"G[0,2](Resp <= 18.282 & Platelets >= 8.405)
",9999999.000,9999999.000,0.000,1.000,0.000,0,0,0,17,17,0,0,17,0.0,0.0,0.0,0.0,0.0,1.0
"G[2,2](Platelets <= 213.635 & EtCO2 <= 0.000)
",0.000,0.000,0.000,1.000,0.000,0,0,17,0,0,17,17,0,0.0,0.0,1.0,0.0,0.0,1.0
"G[0,2](AST <= 0.000 & Fibrinogen >= 0.000)
",9999999.000,9999999.000,0.000,1.000,0.000,0,0,17,0,0,17,17,0,0.0,0.0,1.0,0.0,0.0,1.0
"G[0,2](EtCO2 <= 0.000 & Hct >= 1.286)
",9999999.000,9999999.000,0.000,1.000,0.000,0,0,0,17,17,0,0,17,0.0,0.0,0.0,0.0,0.0,1.0
"G[2,2]((SepsisLabel <= 0.000 & DBP <= 0.000) & Potassium >= 0.000)
",0.000,0.000,0.000,1.000,0.000,0,0,17,0,0,17,17,0,0.0,0.0,1.0,0.0,0.0,1.0
"G[1,2]((Resp <= 17.482 -> Hgb <= 3.931) & BUN >= 0.217)
",9999999.000,9999999.000,0.000,1.000,0.000,0,0,1,16,16,1,1,16,0.0,0.0,1.0,0.0,0.0,1.0
"G[2,2](Hct <= 6.217 & Creatinine <= 0.373)
",0.373,0.373,0.000,1.000,0.000,0,0,17,0,0,17,17,0,0.0,0.0,1.0,0.0,0.0,1.0
"G[0,2]((FiO2 <= 0.000 -> DBP <= 0.000) & Phosphate <= 0.000)
",9999999.000,9999999.000,0.000,1.000,0.000,0,0,16,1,1,16,16,1,0.0,0.0,1.0,0.0,0.0,1.0
"G[1,1](((TroponinI >= 0.000 -> SBP >= 106.906) | PaCO2 >= 118.995) & Bilirubin_total >= 79.452)
",-79.452,-79.452,0.000,1.000,0.000,0,0,1,16,16,1,1,16,0.0,0.0,1.0,0.0,0.0,1.0
"G[1,2]((PaCO2 >= 0.000 -> HR <= 74.117) & WBC >= 40.093)
",9999999.000,9999999.000,0.000,1.000,0.000,0,0,1,16,16,1,1,16,0.0,0.0,1.0,0.0,0.0,1.0
"G[0,2](((Bilirubin_total <= 0.000 & Platelets <= 143.086) & Temp >= 10.053) -> Bilirubin_direct >= 4.375)
",9999999.000,9999999.000,0.000,1.000,0.000,0,0,7,10,10,7,7,10,0.0,0.0,1.0,0.0,0.0,1.0
"G[2,2]((HR >= 3.201 & SBP <= 148.900) & Calcium <= 151.870)
",-3.201,-3.201,0.000,1.000,0.000,0,0,17,0,0,17,17,0,0.0,0.0,1.0,0.0,0.0,1.0
"G[1,2](Bilirubin_total >= 0.000 & BaseExcess <= 0.000)
",9999999.000,9999999.000,0.000,1.000,0.000,0,0,17,0,0,17,17,0,0.0,0.0,1.0,0.0,0.0,1.0
"G[1,2](((MAP >= 5.520 & Potassium <= 0.780) | Bilirubin_direct >= 0.184) & SepsisLabel >= 0.110)
",9999999.000,9999999.000,0.000,1.000,0.000,0,0,1,16,16,1,1,16,0.0,0.0,1.0,0.0,0.0,1.0
"G[1,2](((SepsisLabel <= 0.000 & O2Sat >= 67.907) | SBP >= 69.299) | HR >= 74.295)
",9999999.000,9999999.000,0.000,1.000,0.000,0,0,17,0,0,17,17,0,0.0,0.0,1.0,0.0,0.0,1.0
"G[0,2](((DBP <= 0.000 | Bilirubin_direct <= 0.000) & Fibrinogen >= 0.000) -> SBP >= 0.000)
",9999999.000,9999999.000,0.000,1.000,0.000,0,0,17,0,0,17,17,0,0.0,0.0,1.0,0.0,0.0,1.0
"G[1,2]((FiO2 <= 0.000 & MAP <= 83.655) & Resp >= 45.768)
",9999999.000,9999999.000,0.000,1.000,0.000,0,0,1,16,16,1,1,16,0.0,0.0,1.0,0.0,0.0,1.0
"G[1,2]((PaCO2 >= 0.000 -> O2Sat >= 9.353) & TroponinI <= 98.824)
",9999999.000,9999999.000,0.000,1.000,0.000,0,0,17,0,0,17,17,0,0.0,0.0,1.0,0.0,0.0,1.0
"G[0,2](Platelets >= 7.905 | Alkalinephos <= 0.000)
",9999999.000,9999999.000,0.000,1.000,0.000,0,0,17,0,0,17,17,0,0.0,0.0,1.0,0.0,0.0,1.0
"G[2,2](((BUN >= 0.560 | WBC <= 2.045) & Potassium <= 2.873) | Bilirubin_total >= 0.530)
",2.045,2.045,0.000,1.000,0.000,0,0,17,0,0,17,17,0,0.0,0.0,1.0,0.0,0.0,1.0
"G[0,2]((Temp >= 10.371 | Temp <= 33.774) & MAP <= 33.759)
",9999999.000,9999999.000,0.000,1.000,0.000,0,0,0,17,17,0,0,17,0.0,0.0,0.0,0.0,0.0,1.0
"G[0,2](Bilirubin_total >= 0.000 -> BUN >= 0.465)
",9999999.000,9999999.000,0.000,1.000,0.000,0,0,0,17,17,0,0,17,0.0,0.0,0.0,0.0,0.0,1.0
"G[1,2](Calcium <= 10.593 | DBP >= 0.000)
",9999999.000,9999999.000,0.000,1.000,0.000,0,0,17,0,0,17,17,0,0.0,0.0,1.0,0.0,0.0,1.0
"G[1,2](AST <= 0.000 | Bilirubin_total <= 0.000)
",9999999.000,9999999.000,0.000,1.000,0.000,0,0,17,0,0,17,17,0,0.0,0.0,1.0,0.0,0.0,1.0
"G[0,2](((DBP <= 0.000 & PaCO2 >= 0.000) & DBP >= 0.000) & TroponinI >= 0.000)
",9999999.000,9999999.000,0.000,1.000,0.000,0,0,17,0,0,17,17,0,0.0,0.0,1.0,0.0,0.0,1.0
"G[0,1](((DBP <= 0.000 & Creatinine <= 0.157) & Chloride >= 0.013) & Lactate >= 0.009)
",9999999.000,9999999.000,0.000,1.000,0.000,0,0,0,17,17,0,0,17,0.0,0.0,0.0,0.0,0.0,1.0
"G[0,2](((BaseExcess >= 0.000 & BaseExcess <= 0.000) | PaCO2 >= 0.000) -> Chloride >= 0.000)
",9999999.000,9999999.000,0.000,1.000,0.000,0,0,17,0,0,17,17,0,0.0,0.0,1.0,0.0,0.0,1.0
"G[0,2](((BaseExcess <= 0.000 & WBC >= 0.613) & Chloride <= 11.725) | SBP <= 7.683)
",9999999.000,9999999.000,0.000,1.000,0.000,0,0,0,17,17,0,0,17,0.0,0.0,0.0,0.0,0.0,1.0
"G[0,2](PTT <= 19.111 & FiO2 <= 0.000)
",9999999.000,9999999.000,0.000,1.000,0.000,0,0,16,1,1,16,16,1,0.0,0.0,1.0,0.0,0.0,1.0
"G[1,2]((FiO2 >= 0.000 & PaCO2 <= 0.000) | DBP >= 0.000)
",9999999.000,9999999.000,0.000,1.000,0.000,0,0,17,0,0,17,17,0,0.0,0.0,1.0,0.0,0.0,1.0
"G[0,1]((pH >= 0.000 -> BaseExcess <= 0.000) -> Resp <= 0.000)
",9999999.000,9999999.000,0.000,1.000,0.000,0,0,0,17,17,0,0,17,0.0,0.0,0.0,0.0,0.0,1.0
"G[0,2](((Temp >= 10.942 -> Hgb >= 0.669) | Hct <= 3.303) & Potassium <= 1.357)
",9999999.000,9999999.000,0.000,1.000,0.000,0,0,15,2,2,15,15,2,0.0,0.0,1.0,0.0,0.0,1.0
"G[1,2](((WBC <= 3.064 -> Chloride <= 81.618) | Temp <= 41.287) & WBC >= 4.162)
",9999999.000,9999999.000,0.000,1.000,0.000,0,0,1,16,16,1,1,16,0.0,0.0,1.0,0.0,0.0,1.0
"G[2,2](((SepsisLabel <= 0.000 -> Potassium <= 2.569) & AST <= 3.776) & SBP >= 0.138)
",-2.569,-2.569,0.000,1.000,0.000,0,0,17,0,0,17,17,0,0.0,0.0,1.0,0.0,0.0,1.0
"G[0,1](O2Sat >= 62.008 -> Chloride >= 0.330)
",9999999.000,9999999.000,0.000,1.000,0.000,0,0,0,17,17,0,0,17,0.0,0.0,0.0,0.0,0.0,1.0
"G[0,2]((MAP <= 88.161 & Lactate >= 0.000) -> PTT >= 0.000)
",9999999.000,9999999.000,0.000,1.000,0.000,0,0,17,0,0,17,17,0,0.0,0.0,1.0,0.0,0.0,1.0
"G[1,2]((Glucose <= 144.773 -> SBP >= 51.004) | Platelets <= 121.657)
",9999999.000,9999999.000,0.000,1.000,0.000,0,0,17,0,0,17,17,0,0.0,0.0,1.0,0.0,0.0,1.0
"G[1,2](((Hgb <= 3.482 | Chloride <= 93.250) & pH >= 2.530) -> EtCO2 >= 5.231)
",9999999.000,9999999.000,0.000,1.000,0.000,0,0,17,0,0,17,17,0,0.0,0.0,1.0,0.0,0.0,1.0
"G[2,2]((BaseExcess <= 0.000 | SepsisLabel <= 0.000) & SaO2 >= 0.000)
",0.000,0.000,0.000,1.000,0.000,0,0,17,0,0,17,17,0,0.0,0.0,1.0,0.0,0.0,1.0
"G[0,2](AST >= 0.000 & MAP >= 8.965)
",9999999.000,9999999.000,0.000,1.000,0.000,0,0,15,2,2,15,15,2,0.0,0.0,1.0,0.0,0.0,1.0
"G[1,2]((Resp <= 23.565 -> BUN <= 1.287) -> SaO2 >= 0.319)
",9999999.000,9999999.000,0.000,1.000,0.000,0,0,1,16,16,1,1,16,0.0,0.0,1.0,0.0,0.0,1.0
"G[2,2](((EtCO2 >= 0.000 | Alkalinephos >= 0.000) | Bilirubin_total >= 0.000) & BaseExcess >= 0.000)
",0.000,0.000,0.000,1.000,0.000,0,0,17,0,0,17,17,0,0.0,0.0,1.0,0.0,0.0,1.0
"G[1,2](Lactate <= 0.000 | AST <= 0.000)
",9999999.000,9999999.000,0.000,1.000,0.000,0,0,17,0,0,17,17,0,0.0,0.0,1.0,0.0,0.0,1.0
"G[0,2](((Hgb >= 0.308 & HR <= 74.847) | SaO2 >= 21.110) -> Bilirubin_direct <= 75.584)
",9999999.000,9999999.000,0.000,1.000,0.000,0,0,17,0,0,17,17,0,0.0,0.0,1.0,0.0,0.0,1.0
"G[1,2](((Temp <= 24.297 -> FiO2 >= 0.000) & PaCO2 <= 0.000) & Chloride <= 0.000)
",9999999.000,9999999.000,0.000,1.000,0.000,0,0,17,0,0,17,17,0,0.0,0.0,1.0,0.0,0.0,1.0
"G[2,2]((SBP <= 150.511 | Calcium >= 0.101) -> Lactate <= 9.050)
",-150.511,-150.511,0.000,1.000,0.000,0,0,17,0,0,17,17,0,0.0,0.0,1.0,0.0,0.0,1.0
"G[1,2]((Bilirubin_direct <= 0.000 -> Bilirubin_total >= 0.000) | Magnesium <= 0.000)
",9999999.000,9999999.000,0.000,1.000,0.000,0,0,17,0,0,17,17,0,0.0,0.0,1.0,0.0,0.0,1.0
"G[0,2](Lactate <= 0.000 | Chloride <= 52.452)
",9999999.000,9999999.000,0.000,1.000,0.000,0,0,17,0,0,17,17,0,0.0,0.0,1.0,0.0,0.0,1.0
"G[2,2]((pH >= 0.000 | WBC >= 0.564) & Alkalinephos <= 5.546)
",0.000,0.000,0.000,1.000,0.000,0,0,17,0,0,17,17,0,0.0,0.0,1.0,0.0,0.0,1.0
"G[0,0]((SaO2 <= 0.000 | Creatinine <= 0.166) -> Bilirubin_total >= 0.023)
",-0.491,-0.711,0.000,1.000,0.000,0,0,0,17,17,0,0,17,0.0,0.0,0.0,0.0,0.0,1.0
"G[0,2](MAP <= 73.159 & FiO2 >= 0.000)
",9999999.000,9999999.000,0.000,1.000,0.000,0,0,7,10,10,7,7,10,0.0,0.0,1.0,0.0,0.0,1.0
"G[1,2](Bilirubin_total >= 0.000 | SaO2 >= 0.000)
",9999999.000,9999999.000,0.000,1.000,0.000,0,0,17,0,0,17,17,0,0.0,0.0,1.0,0.0,0.0,1.0
"G[1,2]((Calcium <= 8.238 | HCO3 >= 1.046) -> PaCO2 <= 13.497)
",9999999.000,9999999.000,0.000,1.000,0.000,0,0,17,0,0,17,17,0,0.0,0.0,1.0,0.0,0.0,1.0
"G[0,2]((BaseExcess >= 0.000 & Resp <= 19.138) & HR <= 16.841)
",9999999.000,9999999.000,0.000,1.000,0.000,0,0,0,17,17,0,0,17,0.0,0.0,0.0,0.0,0.0,1.0
"G[1,2](((BUN <= 2.973 & Fibrinogen <= 0.000) -> Glucose >= 0.000) -> HCO3 >= 0.000)
",9999999.000,9999999.000,0.000,1.000,0.000,0,0,17,0,0,17,17,0,0.0,0.0,1.0,0.0,0.0,1.0
"G[1,2](((pH >= 0.000 & Temp >= 3.189) & Lactate <= 35.875) & EtCO2 >= 1.932)
",9999999.000,9999999.000,0.000,1.000,0.000,0,0,1,16,16,1,1,16,0.0,0.0,1.0,0.0,0.0,1.0
"G[1,2](BUN >= 0.563 | BUN <= 7.735)
",9999999.000,9999999.000,0.000,1.000,0.000,0,0,17,0,0,17,17,0,0.0,0.0,1.0,0.0,0.0,1.0
"G[0,2](((SaO2 >= 0.000 -> Platelets >= 10.384) & Bilirubin_direct >= 6.194) | Potassium >= 10.408)
",9999999.000,9999999.000,0.000,1.000,0.000,0,0,0,17,17,0,0,17,0.0,0.0,0.0,0.0,0.0,1.0
"G[1,2](((EtCO2 <= 0.000 -> FiO2 >= 0.000) -> SBP >= 0.000) | SBP <= 0.000)
",9999999.000,9999999.000,0.000,1.000,0.000,0,0,17,0,0,17,17,0,0.0,0.0,1.0,0.0,0.0,1.0
"G[0,2](((SBP <= 140.702 -> Bilirubin_direct >= 0.000) | Bilirubin_direct >= 0.000) & BUN <= 0.000)
",9999999.000,9999999.000,0.000,1.000,0.000,0,0,15,2,2,15,15,2,0.0,0.0,1.0,0.0,0.0,1.0
"G[0,2](((Creatinine <= 0.402 -> EtCO2 >= 0.000) -> Bilirubin_total <= 0.000) & BaseExcess >= 0.000)
",9999999.000,9999999.000,0.000,1.000,0.000,0,0,17,0,0,17,17,0,0.0,0.0,1.0,0.0,0.0,1.0
"G[1,2](((MAP <= 72.788 | Alkalinephos <= 0.000) | Lactate >= 0.000) -> WBC <= 0.000)
",9999999.000,9999999.000,0.000,1.000,0.000,0,0,17,0,0,17,17,0,0.0,0.0,1.0,0.0,0.0,1.0
"G[2,2]((BUN <= 4.256 | EtCO2 >= 0.000) & BUN >= 0.000)
",0.000,0.000,0.000,1.000,0.000,0,0,17,0,0,17,17,0,0.0,0.0,1.0,0.0,0.0,1.0
"G[0,2](((Potassium >= 0.155 & Hgb <= 0.744) -> DBP <= 0.905) | HR <= 1.756)
",9999999.000,9999999.000,0.000,1.000,0.000,0,0,17,0,0,17,17,0,0.0,0.0,1.0,0.0,0.0,1.0
"G[1,2](((Magnesium <= 1.917 & HCO3 <= 16.430) | SaO2 >= 1.120) | PaCO2 >= 0.476)
",9999999.000,9999999.000,0.000,1.000,0.000,0,0,17,0,0,17,17,0,0.0,0.0,1.0,0.0,0.0,1.0
"G[1,2](((DBP <= 0.000 | O2Sat >= 76.762) | DBP <= 98.337) & MAP >= 0.180)
",9999999.000,9999999.000,0.000,1.000,0.000,0,0,16,1,1,16,16,1,0.0,0.0,1.0,0.0,0.0,1.0
"G[1,2]((Hgb <= 3.570 & BUN >= 0.197) -> WBC <= 2.283)
",9999999.000,9999999.000,0.000,1.000,0.000,0,0,17,0,0,17,17,0,0.0,0.0,1.0,0.0,0.0,1.0
"G[1,2]((Hct <= 11.093 & FiO2 >= 0.000) & HR >= 0.000)
",9999999.000,9999999.000,0.000,1.000,0.000,0,0,17,0,0,17,17,0,0.0,0.0,1.0,0.0,0.0,1.0
"G[1,2](((Lactate >= 0.000 -> Temp >= 8.246) & Potassium <= 33.228) -> SepsisLabel >= 1.493)
",9999999.000,9999999.000,0.000,1.000,0.000,0,0,16,1,1,16,16,1,0.0,0.0,1.0,0.0,0.0,1.0
"G[2,2](((O2Sat <= 96.339 & TroponinI >= 0.000) | AST <= 0.000) | HR <= 0.000)
",0.000,0.000,0.000,1.000,0.000,0,0,17,0,0,17,17,0,0.0,0.0,1.0,0.0,0.0,1.0
"G[2,2](((Temp >= 1.464 -> Bilirubin_total <= 0.000) -> TroponinI >= 0.000) -> pH <= 0.000)
",0.000,0.000,0.000,1.000,0.000,0,0,17,0,0,17,17,0,0.0,0.0,1.0,0.0,0.0,1.0
"G[0,1](Chloride >= 1.980 & HCO3 >= 0.103)
",9999999.000,9999999.000,0.000,1.000,0.000,0,0,0,17,17,0,0,17,0.0,0.0,0.0,0.0,0.0,1.0
"G[0,2](((Hct <= 20.397 & pH >= 0.000) | FiO2 >= 0.000) & Bilirubin_total <= 0.000)
",9999999.000,9999999.000,0.000,1.000,0.000,0,0,17,0,0,17,17,0,0.0,0.0,1.0,0.0,0.0,1.0
"G[1,1](Chloride >= 3.479 & HCO3 >= 0.903)
",-3.479,-3.479,0.000,1.000,0.000,0,0,1,16,16,1,1,16,0.0,0.0,1.0,0.0,0.0,1.0
"G[1,2](((Hgb <= 9.645 | Hct <= 35.728) -> WBC >= 0.175) & Platelets >= 14.426)
",9999999.000,9999999.000,0.000,1.000,0.000,0,0,1,16,16,1,1,16,0.0,0.0,1.0,0.0,0.0,1.0
"G[1,1](BUN <= 3.192 & Creatinine >= 0.016)
",-0.016,-0.016,0.000,1.000,0.000,0,0,1,16,16,1,1,16,0.0,0.0,1.0,0.0,0.0,1.0
"G[0,2](Chloride >= 4.676 & HCO3 >= 0.902)
",9999999.000,9999999.000,0.000,1.000,0.000,0,0,0,17,17,0,0,17,0.0,0.0,0.0,0.0,0.0,1.0
"G[1,1](((Hgb <= 4.063 | Hct <= 17.338) -> WBC >= 0.334) & Platelets >= 7.059)
",-17.338,-17.338,0.000,1.000,0.000,0,0,1,16,16,1,1,16,0.0,0.0,1.0,0.0,0.0,1.0
"G[0,1](BUN <= 9.783 & Creatinine >= 0.035)
",9999999.000,9999999.000,0.000,1.000,0.000,0,0,0,17,17,0,0,17,0.0,0.0,0.0,0.0,0.0,1.0
"G[1,2](Potassium >= 0.120 -> SepsisLabel = 0.000)
",9999999.000,9999999.000,0.000,1.000,0.000,0,0,17,0,0,17,17,0,0.0,0.0,1.0,0.0,0.0,1.0
"G[2,2](Alkalinephos <= 0.000 & SepsisLabel = 0.000)
",0.000,0.000,0.000,1.000,0.000,0,0,17,0,0,17,17,0,0.0,0.0,1.0,0.0,0.0,1.0
"G[2,2](Phosphate > 0.076 & SepsisLabel = 0.000)
",-0.076,-0.076,0.000,1.000,0.000,0,0,17,0,0,17,17,0,0.0,0.0,1.0,0.0,0.0,1.0
"G[0,2](Phosphate <= 2.406 & SepsisLabel = 0.000)
",9999999.000,9999999.000,0.000,1.000,0.000,0,0,16,1,1,16,16,1,0.0,0.0,1.0,0.0,0.0,1.0
"G[0,2](PaCO2 > 0.000 & SepsisLabel = 0.000)
",9999999.000,9999999.000,0.000,1.000,0.000,0,0,0,17,17,0,0,17,0.0,0.0,0.0,0.0,0.0,1.0
"G[1,2](AST < 0.000 & SepsisLabel = 0.000)
",9999999.000,9999999.000,0.000,1.000,0.000,0,0,1,16,16,1,1,16,0.0,0.0,1.0,0.0,0.0,1.0
"G[1,2](Lactate > 0.000 -> SepsisLabel = 0.000)
",9999999.000,9999999.000,0.000,1.000,0.000,0,0,17,0,0,17,17,0,0.0,0.0,1.0,0.0,0.0,1.0
"G[1,1](BUN > 0.308 & SepsisLabel = 0.000)
",-0.308,-0.308,0.000,1.000,0.000,0,0,1,16,16,1,1,16,0.0,0.0,1.0,0.0,0.0,1.0
"G[2,2](BaseExcess >= 0.000 -> SepsisLabel = 0.000)
",0.000,0.000,0.000,1.000,0.000,0,0,17,0,0,17,17,0,0.0,0.0,1.0,0.0,0.0,1.0
"G[0,2](((Calcium <= 8.621 | Calcium <= 9.698) & Glucose >= 0.091) & HR <= 7.503)
",9999999.000,9999999.000,0.000,1.000,0.000,0,0,0,17,17,0,0,17,0.0,0.0,0.0,0.0,0.0,1.0
"G[2,2](((Hct >= 1.097 & Platelets <= 18.850) & Chloride >= 12.556) -> Alkalinephos >= 14.952)
",12.556,12.556,0.000,1.000,0.000,0,0,17,0,0,17,17,0,0.0,0.0,1.0,0.0,0.0,1.0
"G[1,2](Glucose <= 13.377 & Hgb <= 0.755)
",9999999.000,9999999.000,0.000,1.000,0.000,0,0,17,0,0,17,17,0,0.0,0.0,1.0,0.0,0.0,1.0
"G[2,2]((Glucose >= 7.355 -> HCO3 <= 12.154) | BaseExcess >= 0.896)
",-0.896,-0.896,0.000,1.000,0.000,0,0,17,0,0,17,17,0,0.0,0.0,1.0,0.0,0.0,1.0
"G[0,2](BUN <= 2.010 | Hct <= 7.116)
",9999999.000,9999999.000,0.000,1.000,0.000,0,0,15,2,2,15,15,2,0.0,0.0,1.0,0.0,0.0,1.0
"G[0,2](HCO3 <= 6.197 | Platelets >= 0.243)
",9999999.000,9999999.000,0.000,1.000,0.000,0,0,17,0,0,17,17,0,0.0,0.0,1.0,0.0,0.0,1.0
"G[0,1](((BUN <= 3.196 | Glucose <= 72.913) -> Platelets >= 0.781) | Magnesium >= 2.407)
",9999999.000,9999999.000,0.000,1.000,0.000,0,0,0,17,17,0,0,17,0.0,0.0,0.0,0.0,0.0,1.0
"G[0,2]((BUN >= 0.009 | Potassium <= 0.623) | Platelets >= 0.010)
",9999999.000,9999999.000,0.000,1.000,0.000,0,0,17,0,0,17,17,0,0.0,0.0,1.0,0.0,0.0,1.0
"G[0,2](BUN >= 0.288 | HCO3 <= 7.113)
",9999999.000,9999999.000,0.000,1.000,0.000,0,0,17,0,0,17,17,0,0.0,0.0,1.0,0.0,0.0,1.0
"G[0,2](((Hgb <= 2.043 & Potassium <= 1.102) | AST >= 0.267) | PaCO2 >= 0.116)
",9999999.000,9999999.000,0.000,1.000,0.000,0,0,15,2,2,15,15,2,0.0,0.0,1.0,0.0,0.0,1.0
"G[1,2]((Hct <= 17.394 -> Potassium >= 0.159) & DBP >= 0.199)
",9999999.000,9999999.000,0.000,1.000,0.000,0,0,1,16,16,1,1,16,0.0,0.0,1.0,0.0,0.0,1.0
"G[0,1](Platelets <= 201.943 -> WBC >= 0.540)
",9999999.000,9999999.000,0.000,1.000,0.000,0,0,0,17,17,0,0,17,0.0,0.0,0.0,0.0,0.0,1.0
"G[1,2](BUN <= 9.479 & Creatinine >= 0.017)
",9999999.000,9999999.000,0.000,1.000,0.000,0,0,1,16,16,1,1,16,0.0,0.0,1.0,0.0,0.0,1.0
"G[1,2]((BUN <= 3.450 & Alkalinephos <= 0.000) | MAP <= 0.000)
",9999999.000,9999999.000,0.000,1.000,0.000,0,0,17,0,0,17,17,0,0.0,0.0,1.0,0.0,0.0,1.0
"G[1,1](((Hgb <= 8.033 | Hct <= 14.829) -> WBC >= 0.446) & Platelets >= 0.234)
",-14.829,-14.829,0.000,1.000,0.000,0,0,1,16,16,1,1,16,0.0,0.0,1.0,0.0,0.0,1.0
"G[1,2](((Hgb <= 3.517 | Hct <= 9.184) -> WBC >= 0.312) & Platelets >= 5.434)
",9999999.000,9999999.000,0.000,1.000,0.000,0,0,1,16,16,1,1,16,0.0,0.0,1.0,0.0,0.0,1.0
"G[0,1](BUN <= 4.715 & Creatinine >= 0.018)
",9999999.000,9999999.000,0.000,1.000,0.000,0,0,0,17,17,0,0,17,0.0,0.0,0.0,0.0,0.0,1.0
"G[1,2](Chloride >= 0.107 & HCO3 >= 0.715)
",9999999.000,9999999.000,0.000,1.000,0.000,0,0,1,16,16,1,1,16,0.0,0.0,1.0,0.0,0.0,1.0
"G[0,2](Platelets <= 109.790 -> WBC >= 0.176)
",9999999.000,9999999.000,0.000,1.000,0.000,0,0,0,17,17,0,0,17,0.0,0.0,0.0,0.0,0.0,1.0
"G[0,2](BUN <= 1.295 & Creatinine >= 0.010)
",9999999.000,9999999.000,0.000,1.000,0.000,0,0,0,17,17,0,0,17,0.0,0.0,0.0,0.0,0.0,1.0
"G[1,1](Chloride >= 0.962 & HCO3 >= 0.530)
",-0.962,-0.962,0.000,1.000,0.000,0,0,1,16,16,1,1,16,0.0,0.0,1.0,0.0,0.0,1.0
"G[0,1](Platelets <= 136.431 -> WBC >= 0.547)
",9999999.000,9999999.000,0.000,1.000,0.000,0,0,0,17,17,0,0,17,0.0,0.0,0.0,0.0,0.0,1.0
"G[0,2](((Hgb <= 8.527 | Hct <= 27.860) -> WBC >= 0.248) & Platelets >= 12.125)
",9999999.000,9999999.000,0.000,1.000,0.000,0,0,0,17,17,0,0,17,0.0,0.0,0.0,0.0,0.0,1.0
"G[1,1](BUN <= 0.773 & Creatinine >= 0.022)
",-0.022,-0.022,0.000,1.000,0.000,0,0,1,16,16,1,1,16,0.0,0.0,1.0,0.0,0.0,1.0
"G[0,1](Platelets <= 60.358 -> WBC >= 0.324)
",9999999.000,9999999.000,0.000,1.000,0.000,0,0,0,17,17,0,0,17,0.0,0.0,0.0,0.0,0.0,1.0
"G[2,2](((Hgb <= 1.412 | Hct <= 28.758) -> WBC >= 0.207) & Platelets >= 8.995)
",-28.758,-28.758,0.000,1.000,0.000,0,0,17,0,0,17,17,0,0.0,0.0,1.0,0.0,0.0,1.0
"G[2,2](BUN <= 1.660 & Creatinine >= 0.003)
",-0.003,-0.003,0.000,1.000,0.000,0,0,17,0,0,17,17,0,0.0,0.0,1.0,0.0,0.0,1.0
"G[0,1](Chloride >= 0.969 & HCO3 >= 0.499)
",9999999.000,9999999.000,0.000,1.000,0.000,0,0,0,17,17,0,0,17,0.0,0.0,0.0,0.0,0.0,1.0
"G[1,1](((Hgb <= 8.232 | Hct <= 30.445) -> WBC >= 0.214) & Platelets >= 8.516)
",-30.445,-30.445,0.000,1.000,0.000,0,0,1,16,16,1,1,16,0.0,0.0,1.0,0.0,0.0,1.0
"G[2,2](BUN <= 1.011 & Creatinine >= 0.012)
",-0.012,-0.012,0.000,1.000,0.000,0,0,17,0,0,17,17,0,0.0,0.0,1.0,0.0,0.0,1.0
"G[0,1](Chloride >= 6.286 & HCO3 >= 1.072)
",9999999.000,9999999.000,0.000,1.000,0.000,0,0,0,17,17,0,0,17,0.0,0.0,0.0,0.0,0.0,1.0
"G[0,1](Platelets <= 47.484 -> WBC >= 0.272)
",9999999.000,9999999.000,0.000,1.000,0.000,0,0,0,17,17,0,0,17,0.0,0.0,0.0,0.0,0.0,1.0
"G[2,2](((Hgb <= 10.567 | Hct <= 24.574) -> WBC >= 0.524) & Platelets >= 7.604)
",-24.574,-24.574,0.000,1.000,0.000,0,0,17,0,0,17,17,0,0.0,0.0,1.0,0.0,0.0,1.0
"G[0,1](BUN <= 4.915 & Creatinine >= 0.034)
",9999999.000,9999999.000,0.000,1.000,0.000,0,0,0,17,17,0,0,17,0.0,0.0,0.0,0.0,0.0,1.0
"G[1,2](Chloride >= 1.866 & HCO3 >= 0.976)
",9999999.000,9999999.000,0.000,1.000,0.000,0,0,1,16,16,1,1,16,0.0,0.0,1.0,0.0,0.0,1.0
"G[0,1](Platelets <= 67.880 -> WBC >= 0.071)
",9999999.000,9999999.000,0.000,1.000,0.000,0,0,0,17,17,0,0,17,0.0,0.0,0.0,0.0,0.0,1.0
"G[0,1](((Hgb <= 1.609 | Hct <= 19.561) -> WBC >= 0.500) & Platelets >= 7.945)
",9999999.000,9999999.000,0.000,1.000,0.000,0,0,0,17,17,0,0,17,0.0,0.0,0.0,0.0,0.0,1.0
"G[1,1](BUN <= 5.887 & Creatinine >= 0.010)
",-0.010,-0.010,0.000,1.000,0.000,0,0,1,16,16,1,1,16,0.0,0.0,1.0,0.0,0.0,1.0
"G[1,1](Chloride >= 5.125 & HCO3 >= 0.325)
",-5.125,-5.125,0.000,1.000,0.000,0,0,1,16,16,1,1,16,0.0,0.0,1.0,0.0,0.0,1.0
"G[0,2](Platelets <= 187.354 -> WBC >= 0.108)
",9999999.000,9999999.000,0.000,1.000,0.000,0,0,0,17,17,0,0,17,0.0,0.0,0.0,0.0,0.0,1.0
"G[0,2]((Potassium >= 0.157 & WBC >= 0.628) | EtCO2 >= 0.342)
",9999999.000,9999999.000,0.000,1.000,0.000,0,0,0,17,17,0,0,17,0.0,0.0,0.0,0.0,0.0,1.0
"G[0,1]((HR >= 1.913 | O2Sat <= 96.385) & SBP <= 96.874)
",9999999.000,9999999.000,0.000,1.000,0.000,0,0,0,17,17,0,0,17,0.0,0.0,0.0,0.0,0.0,1.0
"G[2,2](HCO3 >= 0.182 -> PTT >= 0.043)
",0.043,0.043,0.000,1.000,0.000,0,0,17,0,0,17,17,0,0.0,0.0,1.0,0.0,0.0,1.0
"G[0,1](((Glucose >= 7.366 & PTT >= 0.195) & Bilirubin_total <= 15.400) | FiO2 >= 0.172)
",9999999.000,9999999.000,0.000,1.000,0.000,0,0,0,17,17,0,0,17,0.0,0.0,0.0,0.0,0.0,1.0
"G[0,1]((O2Sat >= 71.916 & Potassium >= 0.013) & Alkalinephos <= 2.759)
",9999999.000,9999999.000,0.000,1.000,0.000,0,0,0,17,17,0,0,17,0.0,0.0,0.0,0.0,0.0,1.0
"G[0,2](Chloride >= 1.024 | O2Sat >= 44.035)
",9999999.000,9999999.000,0.000,1.000,0.000,0,0,16,1,1,16,16,1,0.0,0.0,1.0,0.0,0.0,1.0
"G[0,2](((Creatinine <= 0.271 & O2Sat <= 96.951) & SaO2 <= 97.842) & HCO3 >= 93.480)
",9999999.000,9999999.000,0.000,1.000,0.000,0,0,0,17,17,0,0,17,0.0,0.0,0.0,0.0,0.0,1.0
"G[0,1](((Hgb >= 0.141 | O2Sat <= 99.598) | Bilirubin_total >= 20.466) & Temp >= 0.612)
",9999999.000,9999999.000,0.000,1.000,0.000,0,0,1,16,16,1,1,16,0.0,0.0,1.0,0.0,0.0,1.0
"G[1,2](((Hct >= 0.134 | O2Sat >= 39.068) -> PTT >= 20.375) | SepsisLabel >= 81.893)
",9999999.000,9999999.000,0.000,1.000,0.000,0,0,1,16,16,1,1,16,0.0,0.0,1.0,0.0,0.0,1.0
"G[1,2](HCO3 >= 0.242 & O2Sat <= 95.815)
",9999999.000,9999999.000,0.000,1.000,0.000,0,0,1,16,16,1,1,16,0.0,0.0,1.0,0.0,0.0,1.0
"G[2,2](((MAP >= 19.484 -> Temp <= 19.782) & MAP <= 35.453) & Hgb <= 28.906)
",-19.782,-19.782,0.000,1.000,0.000,0,0,17,0,0,17,17,0,0.0,0.0,1.0,0.0,0.0,1.0
"G[2,2]((HR <= 78.290 & Temp >= 10.419) -> FiO2 <= 31.182)
",-31.182,-31.182,0.000,1.000,0.000,0,0,17,0,0,17,17,0,0.0,0.0,1.0,0.0,0.0,1.0
"G[0,2](HR <= 82.315 | Magnesium >= 0.059)
",9999999.000,9999999.000,0.000,1.000,0.000,0,0,13,4,4,13,13,4,0.0,0.0,1.0,0.0,0.0,1.0
"G[1,2]((PTT >= 0.206 & SBP <= 148.352) | Lactate <= 121.650)
",9999999.000,9999999.000,0.000,1.000,0.000,0,0,17,0,0,17,17,0,0.0,0.0,1.0,0.0,0.0,1.0
"G[0,2](((Glucose <= 32.260 & SBP <= 158.818) & SBP >= 81.102) | Glucose <= 150.050)
",9999999.000,9999999.000,0.000,1.000,0.000,0,0,16,1,1,16,16,1,0.0,0.0,1.0,0.0,0.0,1.0
"G[1,2](((Chloride >= 4.810 & SBP >= 77.455) | FiO2 >= 102.337) -> EtCO2 <= 120.710)
",9999999.000,9999999.000,0.000,1.000,0.000,0,0,17,0,0,17,17,0,0.0,0.0,1.0,0.0,0.0,1.0
"G[1,2](Magnesium >= 0.060 | O2Sat <= 97.875)
",9999999.000,9999999.000,0.000,1.000,0.000,0,0,2,15,15,2,2,15,0.0,0.0,1.0,0.0,0.0,1.0
"G[0,2](O2Sat <= 96.593 & PTT <= 10.744)
",9999999.000,9999999.000,0.000,1.000,0.000,0,0,0,17,17,0,0,17,0.0,0.0,0.0,0.0,0.0,1.0
"G[1,2](Platelets <= 234.960 -> WBC >= 0.409)
",9999999.000,9999999.000,0.000,1.000,0.000,0,0,1,16,16,1,1,16,0.0,0.0,1.0,0.0,0.0,1.0
"G[0,1]((Alkalinephos >= 0.000 & FiO2 <= 0.000) -> SBP <= 0.000)
",9999999.000,9999999.000,0.000,1.000,0.000,0,0,0,17,17,0,0,17,0.0,0.0,0.0,0.0,0.0,1.0
"G[0,2](((SepsisLabel <= 0.000 | BaseExcess <= 0.000) & O2Sat <= 0.000) -> SaO2 >= 0.000)
",9999999.000,9999999.000,0.000,1.000,0.000,0,0,17,0,0,17,17,0,0.0,0.0,1.0,0.0,0.0,1.0
"G[0,2]((BUN >= 0.395 -> HCO3 >= 0.625) -> MAP >= 0.991)
",9999999.000,9999999.000,0.000,1.000,0.000,0,0,15,2,2,15,15,2,0.0,0.0,1.0,0.0,0.0,1.0
"G[0,2]((AST <= 0.000 & Phosphate >= 0.027) & pH <= 1.208)
",9999999.000,9999999.000,0.000,1.000,0.000,0,0,0,17,17,0,0,17,0.0,0.0,0.0,0.0,0.0,1.0
"G[1,2](((MAP <= 70.405 | Calcium <= 0.669) -> DBP >= 0.159) & HCO3 <= 9.140)
",9999999.000,9999999.000,0.000,1.000,0.000,0,0,1,16,16,1,1,16,0.0,0.0,1.0,0.0,0.0,1.0
"G[1,2](((Hgb <= 2.769 | HCO3 >= 0.222) & SBP <= 7.984) & FiO2 >= 1.084)
",9999999.000,9999999.000,0.000,1.000,0.000,0,0,1,16,16,1,1,16,0.0,0.0,1.0,0.0,0.0,1.0
"G[2,2]((Resp <= 21.500 -> Resp <= 16.514) -> Resp >= 9.836)
",9.836,9.836,0.000,1.000,0.000,0,0,17,0,0,17,17,0,0.0,0.0,1.0,0.0,0.0,1.0
"G[0,2](SaO2 <= 0.000 -> WBC >= 0.627)
",9999999.000,9999999.000,0.000,1.000,0.000,0,0,0,17,17,0,0,17,0.0,0.0,0.0,0.0,0.0,1.0
"G[0,2](Resp <= 20.788 -> Hgb >= 0.304)
",9999999.000,9999999.000,0.000,1.000,0.000,0,0,1,16,16,1,1,16,0.0,0.0,1.0,0.0,0.0,1.0
"G[0,2](((BaseExcess >= 0.000 -> MAP <= 75.290) | MAP >= 27.146) | pH <= 94.054)
",9999999.000,9999999.000,0.000,1.000,0.000,0,0,17,0,0,17,17,0,0.0,0.0,1.0,0.0,0.0,1.0
"G[0,2](Glucose <= 26.873 -> Temp >= 9.207)
",9999999.000,9999999.000,0.000,1.000,0.000,0,0,1,16,16,1,1,16,0.0,0.0,1.0,0.0,0.0,1.0
"G[1,1]((Hgb <= 7.728 & Temp >= 5.816) & Resp <= 12.266)
",-5.816,-5.816,0.000,1.000,0.000,0,0,1,16,16,1,1,16,0.0,0.0,1.0,0.0,0.0,1.0
"G[0,1]((Creatinine >= 0.006 | Temp <= 25.257) -> HCO3 >= 8.114)
",9999999.000,9999999.000,0.000,1.000,0.000,0,0,1,16,16,1,1,16,0.0,0.0,1.0,0.0,0.0,1.0
"G[0,2]((Chloride <= 33.911 | PTT <= 9.357) & Potassium <= 3.425)
",9999999.000,9999999.000,0.000,1.000,0.000,0,0,15,2,2,15,15,2,0.0,0.0,1.0,0.0,0.0,1.0
"G[2,2]((Magnesium >= 0.053 -> WBC <= 4.889) | Temp >= 0.003)
",-0.003,-0.003,0.000,1.000,0.000,0,0,17,0,0,17,17,0,0.0,0.0,1.0,0.0,0.0,1.0
"G[2,2](((Phosphate <= 0.336 -> WBC <= 7.437) & Glucose >= 0.236) | Lactate >= 0.495)
",-0.495,-0.495,0.000,1.000,0.000,0,0,17,0,0,17,17,0,0.0,0.0,1.0,0.0,0.0,1.0
"G[0,1](((Calcium <= 2.488 | WBC <= 1.024) -> Calcium >= 0.181) & BUN >= 0.261)
",9999999.000,9999999.000,0.000,1.000,0.000,0,0,0,17,17,0,0,17,0.0,0.0,0.0,0.0,0.0,1.0
"G[1,2](Hct <= 31.645 -> PTT >= 0.535)
",9999999.000,9999999.000,0.000,1.000,0.000,0,0,1,16,16,1,1,16,0.0,0.0,1.0,0.0,0.0,1.0
"G[1,2](((Magnesium <= 0.871 & Platelets >= 9.808) & Bilirubin_direct <= 228.464) -> Hgb <= 23.995)
",9999999.000,9999999.000,0.000,1.000,0.000,0,0,17,0,0,17,17,0,0.0,0.0,1.0,0.0,0.0,1.0
"G[0,2]((Calcium >= 0.316 & Hgb >= 0.119) -> Temp >= 0.482)
",9999999.000,9999999.000,0.000,1.000,0.000,0,0,16,1,1,16,16,1,0.0,0.0,1.0,0.0,0.0,1.0
"G[0,1](Hgb <= 1.627 & Magnesium >= 0.022)
",9999999.000,9999999.000,0.000,1.000,0.000,0,0,0,17,17,0,0,17,0.0,0.0,0.0,0.0,0.0,1.0
"G[1,2]((Hgb <= 11.060 | Phosphate >= 0.060) & Glucose >= 0.010)
",9999999.000,9999999.000,0.000,1.000,0.000,0,0,1,16,16,1,1,16,0.0,0.0,1.0,0.0,0.0,1.0
"G[1,2](Calcium >= 0.106 | Creatinine <= 0.459)
",9999999.000,9999999.000,0.000,1.000,0.000,0,0,17,0,0,17,17,0,0.0,0.0,1.0,0.0,0.0,1.0
"G[0,1](((BUN >= 0.077 -> Phosphate <= 2.845) | HCO3 >= 0.075) -> Lactate >= 0.044)
",9999999.000,9999999.000,0.000,1.000,0.000,0,0,0,17,17,0,0,17,0.0,0.0,0.0,0.0,0.0,1.0
"G[0,0](BUN <= 1.205 & Magnesium >= 0.055)
",-0.055,-0.055,0.000,1.000,0.000,0,0,0,17,17,0,0,17,0.0,0.0,0.0,0.0,0.0,1.0
"G[0,1](((O2Sat <= 95.703 & Resp <= 23.562) | Glucose >= 7.721) & FiO2 <= 21.981)
",9999999.000,9999999.000,0.000,1.000,0.000,0,0,0,17,17,0,0,17,0.0,0.0,0.0,0.0,0.0,1.0
"G[2,2](((BUN <= 5.419 | Temp <= 28.870) & Magnesium <= 14.709) | Creatinine <= 33.026)
",33.026,33.026,0.000,1.000,0.000,0,0,17,0,0,17,17,0,0.0,0.0,1.0,0.0,0.0,1.0
"G[2,2]((MAP <= 83.908 & O2Sat >= 3.826) | WBC >= 14.631)
",-3.826,-3.826,0.000,1.000,0.000,0,0,17,0,0,17,17,0,0.0,0.0,1.0,0.0,0.0,1.0
"G[0,2](SBP >= 5.363 & Temp >= 2.744)
",9999999.000,9999999.000,0.000,1.000,0.000,0,0,1,16,16,1,1,16,0.0,0.0,1.0,0.0,0.0,1.0
"G[2,2](((Phosphate >= 0.010 | Temp >= 8.582) | HR >= 5.091) | Magnesium <= 27.597)
",27.597,27.597,0.000,1.000,0.000,0,0,17,0,0,17,17,0,0.0,0.0,1.0,0.0,0.0,1.0
"G[0,2](HR <= 86.917 & Potassium >= 0.049)
",9999999.000,9999999.000,0.000,1.000,0.000,0,0,0,17,17,0,0,17,0.0,0.0,0.0,0.0,0.0,1.0
"G[1,2](Resp <= 21.786 | Temp >= 3.626)
",9999999.000,9999999.000,0.000,1.000,0.000,0,0,14,3,3,14,14,3,0.0,0.0,1.0,0.0,0.0,1.0
"G[1,2](((Glucose <= 73.222 & MAP <= 70.947) | O2Sat >= 32.115) -> Fibrinogen >= 23.420)
",9999999.000,9999999.000,0.000,1.000,0.000,0,0,1,16,16,1,1,16,0.0,0.0,1.0,0.0,0.0,1.0
"G[0,2]((Magnesium <= 0.739 | Resp >= 12.474) -> Lactate >= 11.879)
",9999999.000,9999999.000,0.000,1.000,0.000,0,0,0,17,17,0,0,17,0.0,0.0,0.0,0.0,0.0,1.0
"G[1,2](((Calcium <= 4.565 & Resp >= 13.011) | Hgb <= 18.750) | Lactate >= 15.310)
",9999999.000,9999999.000,0.000,1.000,0.000,0,0,17,0,0,17,17,0,0.0,0.0,1.0,0.0,0.0,1.0
"G[1,2](((MAP <= 82.594 | Platelets <= 56.549) -> SBP >= 0.568) -> Alkalinephos >= 9.551)
",9999999.000,9999999.000,0.000,1.000,0.000,0,0,2,15,15,2,2,15,0.0,0.0,1.0,0.0,0.0,1.0
"G[1,2]((Creatinine >= 0.002 | MAP <= 74.208) -> Lactate <= 90.388)
",9999999.000,9999999.000,0.000,1.000,0.000,0,0,17,0,0,17,17,0,0.0,0.0,1.0,0.0,0.0,1.0
"G[1,2](((Hct >= 0.279 -> HR <= 84.727) -> O2Sat >= 48.979) -> Potassium <= 81.964)
",9999999.000,9999999.000,0.000,1.000,0.000,0,0,17,0,0,17,17,0,0.0,0.0,1.0,0.0,0.0,1.0
"G[1,2]((FiO2 >= 0.000 -> Creatinine <= 0.556) | Fibrinogen <= 0.310)
",9999999.000,9999999.000,0.000,1.000,0.000,0,0,17,0,0,17,17,0,0.0,0.0,1.0,0.0,0.0,1.0
