Rule,Discrimination Score,Pos Robustness,Neg Robustness,Percent Class +,Percent Class -,TP,TN,FP,FN,Actual Yes,Actual No,Predicted Yes,Predicted No,TPR/Sens,TNR/Spec,FPR,Precision,Accuracy,MCR
"F[0,0]((Calcium <= 7.750 & Potassium <= 4.063) & Magnesium >= 0.028)
",-0.028,-0.028,0.000,0.000,1.000,27,0,0,0,27,0,27,0,1.0,0,0,1.0,1.0188679245283019,-0.018867924528301883
"F[0,0]((Bilirubin_total <= 0.000 & HCO3 <= 13.720) -> Phosphate >= 0.034)
",0.289,0.003,0.000,0.000,1.000,27,0,0,0,27,0,27,0,1.0,0,0,1.0,1.0188679245283019,-0.018867924528301883
"F[0,0](((SepsisLabel >= 0.000 -> PTT <= 13.499) | Temp >= 1.128) & Creatinine >= 1.418)
",0.121,2.170,0.000,0.000,1.000,27,0,0,0,27,0,27,0,1.0,0,0,1.0,1.0188679245283019,-0.018867924528301883
"F[0,0](((Potassium <= 4.616 -> SBP >= 24.309) & AST >= 50.706) & Hgb >= 98.985)
",-18.654,-97.935,0.000,0.000,1.000,27,0,0,0,27,0,27,0,1.0,0,0,1.0,1.0188679245283019,-0.018867924528301883
"((Potassium <= 2.383) U[0,0] (PTT >= 0.072))
",2.093,2.635,0.000,0.000,1.000,27,0,0,0,27,0,27,0,1.0,0,0,1.0,1.0188679245283019,-0.018867924528301883
"F[0,0](((Glucose >= 6.930 & Potassium <= 3.259) -> EtCO2 <= 4.428) -> Magnesium >= 0.024)
",-4.982,-6.663,0.000,0.000,1.000,27,0,0,0,27,0,27,0,1.0,0,0,1.0,1.0188679245283019,-0.018867924528301883
"F[0,0](((MAP <= 80.196 & PTT >= 1.716) | Bilirubin_direct >= 0.045) & Potassium <= 3.243)
",0.129,0.082,0.000,0.000,1.000,27,0,0,0,27,0,27,0,1.0,0,0,1.0,1.0188679245283019,-0.018867924528301883
"F[0,0](Phosphate <= 2.748 & Platelets >= 3.560)
",-8016302640564074.000,-3.560,0.000,0.000,1.000,27,0,0,0,27,0,27,0,1.0,0,0,1.0,1.0188679245283019,-0.018867924528301883
"((FiO2 >= 0.108) U[0,0] (Calcium >= 0.004))
",0.199,0.953,0.000,0.000,1.000,27,0,0,0,27,0,27,0,1.0,0,0,1.0,1.0188679245283019,-0.018867924528301883
"F[0,0]((Calcium <= 0.853 & Potassium <= 1.998) & Magnesium >= 0.024)
",-0.024,-0.024,0.000,0.000,1.000,27,0,0,0,27,0,27,0,1.0,0,0,1.0,1.0188679245283019,-0.018867924528301883
"F[0,0](((FiO2 <= 0.298 & Magnesium >= 0.062) & Phosphate <= 1.721) & SaO2 >= 0.017)
",-0.213,-1.010,0.000,0.000,1.000,27,0,0,0,27,0,27,0,1.0,0,0,1.0,1.0188679245283019,-0.018867924528301883
"F[1,1](((Resp <= 32.053 & Resp >= 4.273) | Potassium >= 18.194) & EtCO2 >= 8.639)
",-8.639,-8.639,0.000,0.000,1.000,26,0,0,1,27,0,26,1,0.9629629629629629,0,0,1.0,0.9811320754716981,0.018867924528301883
"F[0,1](((Magnesium <= 1.926 | Potassium >= 0.019) | SBP >= 0.300) -> Fibrinogen >= 0.196)
",-9999999.000,-9999999.000,0.000,0.000,1.000,26,0,0,1,27,0,26,1,0.9629629629629629,0,0,1.0,0.9811320754716981,0.018867924528301883
"F[0,1](((Resp >= 17.324 -> O2Sat >= 5.521) & pH <= 98.698) -> BaseExcess >= 25.714)
",-9999999.000,-9999999.000,0.000,0.000,1.000,26,0,0,1,27,0,26,1,0.9629629629629629,0,0,1.0,0.9811320754716981,0.018867924528301883
"F[0,1](((Hct >= 0.198 | Resp >= 8.189) & PaCO2 >= 14.605) & pH >= 1.972)
",-9999999.000,-9999999.000,0.000,0.000,1.000,26,0,0,1,27,0,26,1,0.9629629629629629,0,0,1.0,0.9811320754716981,0.018867924528301883
"F[0,1](Creatinine >= 0.087 & PTT <= 17.879)
",-9999999.000,-9999999.000,0.000,0.000,1.000,26,0,0,1,27,0,26,1,0.9629629629629629,0,0,1.0,0.9811320754716981,0.018867924528301883
"((WBC >= 0.401) U[1,1] (WBC <= 4.502))
",4.502,4.502,0.000,0.000,1.000,26,0,0,1,27,0,26,1,0.9629629629629629,0,0,1.0,0.9811320754716981,0.018867924528301883
"((Fibrinogen > 0.000) U[1,2] (SepsisLabel = 0.000))
",-9999999.000,-9999999.000,0.000,0.000,1.000,26,0,0,1,27,0,26,1,0.9629629629629629,0,0,1.0,0.9811320754716981,0.018867924528301883
"((Chloride >= 4.632) U[1,2] (PaCO2 <= 0.000))
",-9999999.000,-9999999.000,0.000,0.000,1.000,26,0,0,1,27,0,26,1,0.9629629629629629,0,0,1.0,0.9811320754716981,0.018867924528301883
"((EtCO2 < 0.000) U[1,2] (SepsisLabel = 0.000))
",-9999999.000,-9999999.000,0.000,0.000,1.000,26,0,0,1,27,0,26,1,0.9629629629629629,0,0,1.0,0.9811320754716981,0.018867924528301883
"F[0,0]((Potassium >= 0.143 & Chloride <= 71.028) & Creatinine <= 36.457)
",-0.212,-2.543,0.000,0.000,1.000,26,0,0,1,27,0,26,1,0.9629629629629629,0,0,1.0,0.9811320754716981,0.018867924528301883
"((Hgb >= 0.481) U[1,1] (SepsisLabel = 0.000))
",0.000,0.000,0.000,0.000,1.000,26,0,0,1,27,0,26,1,0.9629629629629629,0,0,1.0,0.9811320754716981,0.018867924528301883
"((Magnesium >= 0.041) U[1,1] (Bilirubin_total >= 0.000))
",0.000,0.000,0.000,0.000,1.000,26,0,0,1,27,0,26,1,0.9629629629629629,0,0,1.0,0.9811320754716981,0.018867924528301883
"((BUN > 1.807) U[1,2] (SepsisLabel = 0.000))
",-9999999.000,-9999999.000,0.000,0.000,1.000,26,0,0,1,27,0,26,1,0.9629629629629629,0,0,1.0,0.9811320754716981,0.018867924528301883
"F[0,1](((MAP <= 85.566 | pH <= 2.197) & Resp >= 0.070) & AST >= 0.141)
",-9999999.000,-9999999.000,0.000,0.000,1.000,26,0,0,1,27,0,26,1,0.9629629629629629,0,0,1.0,0.9811320754716981,0.018867924528301883
"F[1,1](BaseExcess < 0.000 & SepsisLabel = 0.000)
",0.000,0.000,0.000,0.000,1.000,26,0,0,1,27,0,26,1,0.9629629629629629,0,0,1.0,0.9811320754716981,0.018867924528301883
"((Lactate < 0.000) U[1,2] (SepsisLabel = 0.000))
",-9999999.000,-9999999.000,0.000,0.000,1.000,26,0,0,1,27,0,26,1,0.9629629629629629,0,0,1.0,0.9811320754716981,0.018867924528301883
"F[0,1](((BUN >= 1.163 | Magnesium >= 0.013) | EtCO2 >= 0.063) & HCO3 <= 1.663)
",-9999999.000,-9999999.000,0.000,0.000,1.000,26,0,0,1,27,0,26,1,0.9629629629629629,0,0,1.0,0.9811320754716981,0.018867924528301883
"((Magnesium > 0.020) U[1,1] (SepsisLabel = 0.000))
",0.000,0.000,0.000,0.000,1.000,26,0,0,1,27,0,26,1,0.9629629629629629,0,0,1.0,0.9811320754716981,0.018867924528301883
"F[1,1]((O2Sat <= 95.382 | WBC >= 0.208) & Fibrinogen >= 0.313)
",-0.313,-0.313,0.000,0.000,1.000,26,0,0,1,27,0,26,1,0.9629629629629629,0,0,1.0,0.9811320754716981,0.018867924528301883
"F[1,1](Potassium <= 4.307 & WBC >= 0.361)
",-6507503279434700.000,-0.361,0.000,0.000,1.000,26,0,0,1,27,0,26,1,0.9629629629629629,0,0,1.0,0.9811320754716981,0.018867924528301883
"F[0,0]((HR <= 103.464 | Platelets >= 0.940) & pH >= 1.397)
",-5.931,-1.221,0.000,0.000,1.000,26,0,0,1,27,0,26,1,0.9629629629629629,0,0,1.0,0.9811320754716981,0.018867924528301883
"F[0,0]((SBP >= 97.818 -> Creatinine >= 0.097) & MAP <= 0.226)
",-4.190,-101.784,0.000,0.000,1.000,26,0,0,1,27,0,26,1,0.9629629629629629,0,0,1.0,0.9811320754716981,0.018867924528301883
"F[1,1](((Potassium >= 0.076 -> Resp <= 26.998) & TroponinI <= 21.317) -> Creatinine >= 13.417)
",13.417,13.417,0.000,0.000,1.000,26,0,0,1,27,0,26,1,0.9629629629629629,0,0,1.0,0.9811320754716981,0.018867924528301883
"F[0,1](((BUN <= 6.511 & Hgb >= 0.144) & Magnesium >= 0.398) & MAP >= 0.122)
",-9999999.000,-9999999.000,0.000,0.000,1.000,26,0,0,1,27,0,26,1,0.9629629629629629,0,0,1.0,0.9811320754716981,0.018867924528301883
"((HCO3 >= 0.223) U[1,1] (Calcium <= 7.095))
",7988102678584971.000,7.095,0.000,0.000,1.000,26,0,0,1,27,0,26,1,0.9629629629629629,0,0,1.0,0.9811320754716981,0.018867924528301883
"F[0,1]((Calcium <= 6.781 & Potassium <= 1.831) & Magnesium >= 0.018)
",-9999999.000,-9999999.000,0.000,0.000,1.000,26,0,0,1,27,0,26,1,0.9629629629629629,0,0,1.0,0.9811320754716981,0.018867924528301883
"((Resp >= 8.422) U[0,1] (Calcium >= 0.024))
",-9999999.000,-9999999.000,0.000,0.000,1.000,25,0,0,2,27,0,25,2,0.9259259259259259,0,0,1.0,0.9433962264150944,0.05660377358490565
"F[0,0](Glucose >= 5.125 | Glucose >= 2.873)
",-6469698610504853.000,-2.873,0.000,0.000,1.000,25,0,0,2,27,0,25,2,0.9259259259259259,0,0,1.0,0.9433962264150944,0.05660377358490565
"F[0,1]((Hct <= 14.284 -> Potassium >= 0.270) & Temp >= 0.243)
",-9999999.000,-9999999.000,0.000,0.000,1.000,25,0,0,2,27,0,25,2,0.9259259259259259,0,0,1.0,0.9433962264150944,0.05660377358490565
"F[0,1](HR >= 17.959 & pH >= 0.199)
",-9999999.000,-9999999.000,0.000,0.000,1.000,24,0,0,3,27,0,24,3,0.8888888888888888,0,0,1.0,0.9056603773584906,0.09433962264150941
"((pH >= 0.048) U[0,1] (Magnesium >= 0.014))
",-9999999.000,-9999999.000,0.000,0.000,1.000,24,0,0,3,27,0,24,3,0.8888888888888888,0,0,1.0,0.9056603773584906,0.09433962264150941
"F[0,1]((FiO2 <= 0.487 -> Resp <= 22.579) & Platelets >= 14.190)
",-9999999.000,-9999999.000,0.000,0.000,1.000,24,0,0,3,27,0,24,3,0.8888888888888888,0,0,1.0,0.9056603773584906,0.09433962264150941
"((Chloride <= 14.379) U[0,1] (pH >= 0.265))
",-9999999.000,-9999999.000,0.000,0.000,1.000,24,0,0,3,27,0,24,3,0.8888888888888888,0,0,1.0,0.9056603773584906,0.09433962264150941
"F[0,1](BaseExcess >= 0.000 & Phosphate >= 0.062)
",-9999999.000,-9999999.000,0.000,0.000,1.000,24,0,0,3,27,0,24,3,0.8888888888888888,0,0,1.0,0.9056603773584906,0.09433962264150941
"F[1,1](((Glucose <= 57.031 | SBP >= 99.004) & Temp >= 30.541) & Platelets <= 136.182)
",-8596418717232778.000,-30.541,0.000,0.000,1.000,24,0,0,3,27,0,24,3,0.8888888888888888,0,0,1.0,0.9056603773584906,0.09433962264150941
"F[0,1]((Creatinine <= 1.109 -> HCO3 >= 0.405) | SepsisLabel >= 1.310)
",-9999999.000,-9999999.000,0.000,0.000,1.000,23,0,0,4,27,0,23,4,0.8518518518518519,0,0,1.0,0.8679245283018868,0.13207547169811318
"F[0,1](AST >= 0.000 -> WBC >= 0.499)
",-9999999.000,-9999999.000,0.000,0.000,1.000,23,0,0,4,27,0,23,4,0.8518518518518519,0,0,1.0,0.8679245283018868,0.13207547169811318
"F[1,1](((Phosphate <= 1.517 -> pH >= 0.243) & Alkalinephos <= 0.813) | WBC >= 0.108)
",-0.108,-0.108,0.000,0.000,1.000,23,0,0,4,27,0,23,4,0.8518518518518519,0,0,1.0,0.8679245283018868,0.13207547169811318
"F[0,1](((Creatinine >= 0.048 | Glucose <= 96.166) & Platelets >= 5.184) | Bilirubin_total >= 7.477)
",-9999999.000,-9999999.000,0.000,0.000,1.000,23,0,0,4,27,0,23,4,0.8518518518518519,0,0,1.0,0.8679245283018868,0.13207547169811318
"F[1,1](((WBC >= 0.466 & EtCO2 >= 0.000) & FiO2 >= 0.000) & SepsisLabel >= 0.000)
",-0.466,-0.466,0.000,0.000,1.000,23,0,0,4,27,0,23,4,0.8518518518518519,0,0,1.0,0.8679245283018868,0.13207547169811318
"F[1,1](BUN <= 34.911 -> Platelets >= 1.499)
",-34.911,-34.911,0.000,0.000,1.000,23,0,0,4,27,0,23,4,0.8518518518518519,0,0,1.0,0.8679245283018868,0.13207547169811318
"((BaseExcess >= 0.000) U[1,1] (Hct >= 0.395))
",0.000,0.000,0.000,0.000,1.000,23,0,0,4,27,0,23,4,0.8518518518518519,0,0,1.0,0.8679245283018868,0.13207547169811318
"F[1,1]((Hct >= 1.354 | Chloride >= 1.951) & MAP <= 99.615)
",-6098987691445998.000,-1.354,0.000,0.000,1.000,23,0,0,4,27,0,23,4,0.8518518518518519,0,0,1.0,0.8679245283018868,0.13207547169811318
"((Potassium <= 0.513) U[0,1] (Hct >= 1.661))
",-9999999.000,-9999999.000,0.000,0.000,1.000,23,0,0,4,27,0,23,4,0.8518518518518519,0,0,1.0,0.8679245283018868,0.13207547169811318
"F[0,1](DBP <= 0.000 & Hct >= 1.597)
",-9999999.000,-9999999.000,0.000,0.000,1.000,23,0,0,4,27,0,23,4,0.8518518518518519,0,0,1.0,0.8679245283018868,0.13207547169811318
"F[0,1]((BUN >= 1.633 & TroponinI >= 0.000) & HCO3 >= 0.000)
",-9999999.000,-9999999.000,0.000,0.000,1.000,23,0,0,4,27,0,23,4,0.8518518518518519,0,0,1.0,0.8679245283018868,0.13207547169811318
"F[0,1](Platelets <= 102.128 -> Potassium >= 0.063)
",-9999999.000,-9999999.000,0.000,0.000,1.000,22,0,0,5,27,0,22,5,0.8148148148148148,0,0,1.0,0.8301886792452831,0.16981132075471694
"F[0,1]((SepsisLabel <= 0.000 & MAP >= 63.467) -> Fibrinogen >= 28.265)
",-9999999.000,-9999999.000,0.000,0.000,1.000,20,0,0,7,27,0,20,7,0.7407407407407407,0,0,1.0,0.7547169811320755,0.24528301886792447
"F[0,0]((Hct <= 6.899 | Platelets >= 4.356) -> Temp >= 3.342)
",-3.710,-87.176,0.000,0.000,1.000,18,0,0,9,27,0,18,9,0.6666666666666666,0,0,1.0,0.6792452830188679,0.3207547169811321
"((Temp > 3.778) U[1,2] (SepsisLabel = 0.000))
",-9999999.000,-9999999.000,0.000,0.000,1.000,18,0,0,9,27,0,18,9,0.6666666666666666,0,0,1.0,0.6792452830188679,0.3207547169811321
"F[0,1]((Glucose <= 22.432 & O2Sat <= 94.448) & BUN <= 96.350)
",-9999999.000,-9999999.000,0.000,0.000,1.000,17,0,0,10,27,0,17,10,0.6296296296296297,0,0,1.0,0.6415094339622641,0.3584905660377359
"F[0,1](Temp <= 24.766 -> Hgb >= 0.281)
",-9999999.000,-9999999.000,0.000,0.000,1.000,14,0,0,13,27,0,14,13,0.5185185185185185,0,0,1.0,0.5283018867924528,0.4716981132075472
"((MAP >= 60.769) U[0,0] (SBP <= 105.410))
",6.286,96.963,0.000,0.000,1.000,13,0,0,14,27,0,13,14,0.48148148148148145,0,0,1.0,0.49056603773584906,0.5094339622641509
"((AST <= 0.000) U[0,1] (FiO2 >= 0.095))
",-9999999.000,-9999999.000,0.000,0.000,1.000,12,0,0,15,27,0,12,15,0.4444444444444444,0,0,1.0,0.4528301886792453,0.5471698113207547
"((FiO2 <= 0.192) U[1,2] (TroponinI >= 0.000))
",-9999999.000,-9999999.000,0.000,0.000,1.000,10,0,0,17,27,0,10,17,0.37037037037037035,0,0,1.0,0.37735849056603776,0.6226415094339622
"((Hgb <= 6.053) U[0,0] (Temp <= 35.279))
",0.752,7.252,0.000,0.000,1.000,9,0,0,18,27,0,9,18,0.3333333333333333,0,0,1.0,0.33962264150943394,0.6603773584905661
"F[0,1](HR <= 102.498 -> Magnesium >= 0.058)
",-9999999.000,-9999999.000,0.000,0.000,1.000,9,0,0,18,27,0,9,18,0.3333333333333333,0,0,1.0,0.33962264150943394,0.6603773584905661
"((FiO2 <= 0.233) U[1,2] (HR >= 90.531))
",-9999999.000,-9999999.000,0.000,0.000,1.000,8,0,0,19,27,0,8,19,0.2962962962962963,0,0,1.0,0.3018867924528302,0.6981132075471699
"((Chloride <= 37.627) U[0,0] (O2Sat <= 99.737))
",3.350,40.016,0.000,0.000,1.000,8,0,0,19,27,0,8,19,0.2962962962962963,0,0,1.0,0.3018867924528302,0.6981132075471699
"((Chloride <= 49.502) U[0,1] (Resp >= 16.592))
",-9999999.000,-9999999.000,0.000,0.000,1.000,6,0,0,21,27,0,6,21,0.2222222222222222,0,0,1.0,0.22641509433962265,0.7735849056603774
"F[1,1](O2Sat >= 1.691 & Chloride <= 19.889)
",-1.691,-1.691,0.000,0.000,1.000,4,0,0,23,27,0,4,23,0.14814814814814814,0,0,1.0,0.1509433962264151,0.8490566037735849
"((Calcium >= 0.129) U[0,1] (MAP <= 83.628))
",-9999999.000,-9999999.000,0.000,0.000,1.000,4,0,0,23,27,0,4,23,0.14814814814814814,0,0,1.0,0.1509433962264151,0.8490566037735849
"((O2Sat >= 88.791) U[1,2] (Glucose <= 95.345))
",-9999999.000,-9999999.000,0.000,0.000,1.000,3,0,0,24,27,0,3,24,0.1111111111111111,0,0,1.0,0.11320754716981132,0.8867924528301887
"((Platelets >= 5.990) U[1,2] (WBC >= 0.612))
",-9999999.000,-9999999.000,0.000,0.000,1.000,3,0,0,24,27,0,3,24,0.1111111111111111,0,0,1.0,0.11320754716981132,0.8867924528301887
"F[1,1](((HCO3 <= 2.571 -> Phosphate <= 0.348) -> Chloride >= 0.096) -> Hgb <= 0.199)
",-7175787830493260.000,-0.199,0.000,0.000,1.000,3,0,0,24,27,0,3,24,0.1111111111111111,0,0,1.0,0.11320754716981132,0.8867924528301887
"F[1,1](((WBC <= 10.530 -> BaseExcess <= 0.000) | Magnesium <= 0.000) -> BUN <= 0.000)
",0.000,0.000,0.000,0.000,1.000,3,0,0,24,27,0,3,24,0.1111111111111111,0,0,1.0,0.11320754716981132,0.8867924528301887
"F[0,1](((Calcium <= 3.175 & FiO2 >= 0.013) -> EtCO2 >= 0.039) | Chloride >= 0.117)
",-9999999.000,-9999999.000,0.000,0.000,1.000,3,0,0,24,27,0,3,24,0.1111111111111111,0,0,1.0,0.11320754716981132,0.8867924528301887
"F[1,1](Hgb <= 3.663 | Hct <= 18.192)
",5120731795465796.000,18.192,0.000,0.000,1.000,3,0,0,24,27,0,3,24,0.1111111111111111,0,0,1.0,0.11320754716981132,0.8867924528301887
"((MAP >= 32.078) U[0,1] (SBP <= 116.748))
",-9999999.000,-9999999.000,0.000,0.000,1.000,3,0,0,24,27,0,3,24,0.1111111111111111,0,0,1.0,0.11320754716981132,0.8867924528301887
"F[1,1](((Calcium < 2.170 & Potassium < 4.227) & Magnesium < 0.909) & Phosphate < 3.667)
",8185324751368449.000,0.909,0.000,0.000,1.000,3,0,0,24,27,0,3,24,0.1111111111111111,0,0,1.0,0.11320754716981132,0.8867924528301887
"((WBC <= 11.230) U[1,1] (PTT <= 11.911))
",6705332870199183.000,11.911,0.000,0.000,1.000,3,0,0,24,27,0,3,24,0.1111111111111111,0,0,1.0,0.11320754716981132,0.8867924528301887
"F[0,0](((Calcium <= 8.357 -> Resp <= 25.756) | Lactate >= 0.329) | Fibrinogen >= 7.029)
",0.395,15.671,0.000,0.000,1.000,3,0,0,24,27,0,3,24,0.1111111111111111,0,0,1.0,0.11320754716981132,0.8867924528301887
"F[1,1](Creatinine < 0.613 & SepsisLabel = 0.000)
",0.000,0.000,0.000,0.000,1.000,3,0,0,24,27,0,3,24,0.1111111111111111,0,0,1.0,0.11320754716981132,0.8867924528301887
"F[1,1](((Calcium < 1.371 & Potassium < 3.636) & Magnesium < 0.882) & Phosphate < 2.872)
",7942904563983831.000,0.882,0.000,0.000,1.000,3,0,0,24,27,0,3,24,0.1111111111111111,0,0,1.0,0.11320754716981132,0.8867924528301887
"F[1,1](((Platelets <= 13.729 | DBP <= 0.000) -> DBP >= 0.000) -> Phosphate <= 0.000)
",0.000,0.000,0.000,0.000,1.000,2,0,0,25,27,0,2,25,0.07407407407407407,0,0,1.0,0.07547169811320754,0.9245283018867925
"((Glucose <= 35.335) U[1,2] (Lactate >= 0.000))
",-9999999.000,-9999999.000,0.000,0.000,1.000,2,0,0,25,27,0,2,25,0.07407407407407407,0,0,1.0,0.07547169811320754,0.9245283018867925
"((FiO2 <= 0.331) U[1,2] (Platelets >= 4.969))
",-9999999.000,-9999999.000,0.000,0.000,1.000,2,0,0,25,27,0,2,25,0.07407407407407407,0,0,1.0,0.07547169811320754,0.9245283018867925
"F[1,1](((Glucose <= 91.950 & Bilirubin_total <= 0.000) -> WBC <= 0.000) & Phosphate <= 0.000)
",0.000,0.000,0.000,0.000,1.000,2,0,0,25,27,0,2,25,0.07407407407407407,0,0,1.0,0.07547169811320754,0.9245283018867925
"((FiO2 <= 0.223) U[1,2] (HCO3 >= 1.065))
",-9999999.000,-9999999.000,0.000,0.000,1.000,2,0,0,25,27,0,2,25,0.07407407407407407,0,0,1.0,0.07547169811320754,0.9245283018867925
"((Glucose <= 93.823) U[1,2] (HR >= 8.030))
",-9999999.000,-9999999.000,0.000,0.000,1.000,2,0,0,25,27,0,2,25,0.07407407407407407,0,0,1.0,0.07547169811320754,0.9245283018867925
"F[0,0](Chloride >= 2.418 | SBP <= 125.095)
",7.562,116.648,0.000,0.000,1.000,2,0,0,25,27,0,2,25,0.07407407407407407,0,0,1.0,0.07547169811320754,0.9245283018867925
"((MAP >= 2.338) U[1,1] (SBP <= 139.271))
",139.271,139.271,0.000,0.000,1.000,2,0,0,25,27,0,2,25,0.07407407407407407,0,0,1.0,0.07547169811320754,0.9245283018867925
"F[0,1]((Bilirubin_total >= 0.000 & SBP <= 129.273) | EtCO2 >= 50.299)
",-9999999.000,-9999999.000,0.000,0.000,1.000,1,0,0,26,27,0,1,26,0.037037037037037035,0,0,1.0,0.03773584905660377,0.9622641509433962
"F[1,1]((Phosphate >= 0.033 & Magnesium > 0.030) -> Calcium < 0.200)
",-0.200,-0.200,0.000,0.000,1.000,1,0,0,26,27,0,1,26,0.037037037037037035,0,0,1.0,0.03773584905660377,0.9622641509433962
"((MAP >= 3.184) U[1,2] (SBP <= 131.261))
",-9999999.000,-9999999.000,0.000,0.000,1.000,1,0,0,26,27,0,1,26,0.037037037037037035,0,0,1.0,0.03773584905660377,0.9622641509433962
"((MAP >= 6.663) U[1,2] (SBP <= 116.559))
",-9999999.000,-9999999.000,0.000,0.000,1.000,1,0,0,26,27,0,1,26,0.037037037037037035,0,0,1.0,0.03773584905660377,0.9622641509433962
"F[0,0](((O2Sat <= 98.581 | Platelets <= 78.683) & Alkalinephos >= 6.028) | SBP >= 0.676)
",0.561,8.834,0.000,0.000,1.000,1,0,0,26,27,0,1,26,0.037037037037037035,0,0,1.0,0.03773584905660377,0.9622641509433962
"F[1,1](((Resp <= 30.727 -> Magnesium <= 0.351) & Lactate <= 0.324) -> Hct <= 1.769)
",-1.769,-1.769,0.000,0.000,1.000,1,0,0,26,27,0,1,26,0.037037037037037035,0,0,1.0,0.03773584905660377,0.9622641509433962
"F[1,1](Chloride >= 1.347 -> MAP >= 51.709)
",6068240230033281.000,1.347,0.000,0.000,1.000,1,0,0,26,27,0,1,26,0.037037037037037035,0,0,1.0,0.03773584905660377,0.9622641509433962
"((Calcium <= 0.746) U[1,1] (pH <= 4.145))
",4.145,4.145,0.000,0.000,1.000,1,0,0,26,27,0,1,26,0.037037037037037035,0,0,1.0,0.03773584905660377,0.9622641509433962
"F[0,0]((Creatinine <= 0.229 & Resp <= 32.234) | Calcium >= 12.773)
",-0.108,-0.271,0.000,0.000,1.000,1,0,0,26,27,0,1,26,0.037037037037037035,0,0,1.0,0.03773584905660377,0.9622641509433962
"F[0,0](HR <= 115.047 | Temp <= 16.832)
",-2.783,-72.899,0.000,0.000,1.000,1,0,0,26,27,0,1,26,0.037037037037037035,0,0,1.0,0.03773584905660377,0.9622641509433962
"((EtCO2 >= 0.000) U[1,2] (Resp >= 6.876))
",-9999999.000,-9999999.000,0.000,0.000,1.000,0,0,0,27,27,0,0,27,0.0,0,0,0.0,0.0,1.0
"F[0,1](SBP <= 114.998 -> SepsisLabel <= 0.000)
",-9999999.000,-9999999.000,0.000,0.000,1.000,0,0,0,27,27,0,0,27,0.0,0,0,0.0,0.0,1.0
"F[1,2]((Potassium <= 5.105 & PaCO2 <= 0.000) & pH >= 0.000)
",-9999999.000,-9999999.000,0.000,0.000,1.000,0,0,0,27,27,0,0,27,0.0,0,0,0.0,0.0,1.0
"F[1,2](BaseExcess >= 0.000 -> PTT >= 1.857)
",-9999999.000,-9999999.000,0.000,0.000,1.000,0,0,0,27,27,0,0,27,0.0,0,0,0.0,0.0,1.0
"F[1,2]((Hgb <= 6.022 | O2Sat <= 96.298) -> WBC <= 93.895)
",-9999999.000,-9999999.000,0.000,0.000,1.000,0,0,0,27,27,0,0,27,0.0,0,0,0.0,0.0,1.0
"F[0,1](((MAP <= 92.711 -> Platelets <= 97.401) & Fibrinogen >= 2.259) -> FiO2 <= 93.305)
",-9999999.000,-9999999.000,0.000,0.000,1.000,0,0,0,27,27,0,0,27,0.0,0,0,0.0,0.0,1.0
"F[0,2](TroponinI >= 0.000 & Fibrinogen >= 0.000)
",-9999999.000,-9999999.000,0.000,0.000,1.000,0,0,0,27,27,0,0,27,0.0,0,0,0.0,0.0,1.0
"((SepsisLabel <= 0.000) U[1,2] (Creatinine <= 0.298))
",-9999999.000,-9999999.000,0.000,0.000,1.000,0,0,0,27,27,0,0,27,0.0,0,0,0.0,0.0,1.0
"((Platelets >= 3.731) U[0,2] (Resp >= 3.969))
",-9999999.000,-9999999.000,0.000,0.000,1.000,0,0,0,27,27,0,0,27,0.0,0,0,0.0,0.0,1.0
"F[1,2](((HCO3 <= 13.822 | Resp <= 27.944) & BUN <= 26.625) -> Glucose <= 31.850)
",-9999999.000,-9999999.000,0.000,0.000,1.000,0,0,0,27,27,0,0,27,0.0,0,0,0.0,0.0,1.0
"F[0,2](Resp >= 2.477 -> Bilirubin_total >= 0.000)
",-9999999.000,-9999999.000,0.000,0.000,1.000,0,0,0,27,27,0,0,27,0.0,0,0,0.0,0.0,1.0
"F[0,2]((Lactate <= 0.000 & Calcium <= 5.029) & HR <= 8.036)
",-9999999.000,-9999999.000,0.000,0.000,1.000,0,0,0,27,27,0,0,27,0.0,0,0,0.0,0.0,1.0
"((SaO2 <= 0.000) U[1,2] (PaCO2 <= 0.000))
",-9999999.000,-9999999.000,0.000,0.000,1.000,0,0,0,27,27,0,0,27,0.0,0,0,0.0,0.0,1.0
"F[0,2](((Bilirubin_direct <= 0.000 | FiO2 <= 0.377) -> Fibrinogen <= 0.163) -> EtCO2 >= 0.083)
",-9999999.000,-9999999.000,0.000,0.000,1.000,0,0,0,27,27,0,0,27,0.0,0,0,0.0,0.0,1.0
"F[0,1](((HCO3 <= 13.890 -> Bilirubin_direct <= 0.000) | DBP >= 0.000) -> Lactate >= 0.000)
",-9999999.000,-9999999.000,0.000,0.000,1.000,0,0,0,27,27,0,0,27,0.0,0,0,0.0,0.0,1.0
"F[1,2](Alkalinephos <= 0.000 | SaO2 >= 0.000)
",-9999999.000,-9999999.000,0.000,0.000,1.000,0,0,0,27,27,0,0,27,0.0,0,0,0.0,0.0,1.0
"F[1,2](HCO3 <= 6.323 -> PTT >= 1.290)
",-9999999.000,-9999999.000,0.000,0.000,1.000,0,0,0,27,27,0,0,27,0.0,0,0,0.0,0.0,1.0
"F[0,2]((Bilirubin_direct >= 0.000 & Alkalinephos >= 0.000) & Alkalinephos <= 0.000)
",-9999999.000,-9999999.000,0.000,0.000,1.000,0,0,0,27,27,0,0,27,0.0,0,0,0.0,0.0,1.0
"((EtCO2 >= 0.000) U[0,2] (HCO3 <= 11.472))
",-9999999.000,-9999999.000,0.000,0.000,1.000,0,0,0,27,27,0,0,27,0.0,0,0,0.0,0.0,1.0
"((O2Sat >= 74.184) U[2,2] (HR >= 77.129))
",-74.184,-74.184,0.000,0.000,1.000,0,0,0,27,27,0,0,27,0.0,0,0,0.0,0.0,1.0
"F[2,2]((DBP >= 0.000 -> Resp >= 15.774) | Hgb <= 24.353)
",6854659188762636.000,24.353,0.000,0.000,1.000,0,0,0,27,27,0,0,27,0.0,0,0,0.0,0.0,1.0
"F[0,2](((Lactate <= 0.000 | O2Sat >= 56.750) -> PaCO2 <= 96.311) -> Bilirubin_total >= 1.891)
",-9999999.000,-9999999.000,0.000,0.000,1.000,0,0,0,27,27,0,0,27,0.0,0,0,0.0,0.0,1.0
"F[0,2](((BUN <= 3.115 | SepsisLabel >= 0.000) & Magnesium >= 0.000) | MAP >= 0.000)
",-9999999.000,-9999999.000,0.000,0.000,1.000,0,0,0,27,27,0,0,27,0.0,0,0,0.0,0.0,1.0
"F[0,1](((Hct >= 0.366 | SaO2 >= 0.000) -> O2Sat >= 0.000) | Platelets >= 0.000)
",-9999999.000,-9999999.000,0.000,0.000,1.000,0,0,0,27,27,0,0,27,0.0,0,0,0.0,0.0,1.0
"((FiO2 <= 0.354) U[0,1] (MAP >= 4.047))
",-9999999.000,-9999999.000,0.000,0.000,1.000,0,0,0,27,27,0,0,27,0.0,0,0,0.0,0.0,1.0
"F[0,2]((pH >= 0.256 | Creatinine <= 1.381) -> DBP <= 0.172)
",-9999999.000,-9999999.000,0.000,0.000,1.000,0,0,0,27,27,0,0,27,0.0,0,0,0.0,0.0,1.0
"F[0,1](((AST >= 0.000 & TroponinI <= 0.000) -> Bilirubin_direct <= 0.000) -> Creatinine <= 0.000)
",-9999999.000,-9999999.000,0.000,0.000,1.000,0,0,0,27,27,0,0,27,0.0,0,0,0.0,0.0,1.0
"F[0,1](((Bilirubin_direct <= 0.000 -> EtCO2 >= 0.000) | Creatinine <= 0.000) & DBP <= 0.000)
",-9999999.000,-9999999.000,0.000,0.000,1.000,0,0,0,27,27,0,0,27,0.0,0,0,0.0,0.0,1.0
"F[0,1](Chloride >= 3.522 | Creatinine <= 0.309)
",-9999999.000,-9999999.000,0.000,0.000,1.000,0,0,0,27,27,0,0,27,0.0,0,0,0.0,0.0,1.0
"F[1,1](((PaCO2 <= 0.000 | HCO3 <= 5.331) -> FiO2 <= 5.565) | MAP >= 0.414)
",-3725634366446869.500,-0.414,0.000,0.000,1.000,0,0,0,27,27,0,0,27,0.0,0,0,0.0,0.0,1.0
"F[2,2](((Chloride <= 65.914 -> Bilirubin_total >= 0.000) -> Fibrinogen >= 0.000) | Bilirubin_total <= 0.000)
",0.000,0.000,0.000,0.000,1.000,0,0,0,27,27,0,0,27,0.0,0,0,0.0,0.0,1.0
"((Bilirubin_total >= 0.000) U[1,2] (pH >= 0.202))
",-9999999.000,-9999999.000,0.000,0.000,1.000,0,0,0,27,27,0,0,27,0.0,0,0,0.0,0.0,1.0
"((Magnesium >= 0.058) U[0,1] (SaO2 >= 0.000))
",-9999999.000,-9999999.000,0.000,0.000,1.000,0,0,0,27,27,0,0,27,0.0,0,0,0.0,0.0,1.0
"((Fibrinogen >= 0.000) U[2,2] (Bilirubin_direct <= 0.000))
",0.000,0.000,0.000,0.000,1.000,0,0,0,27,27,0,0,27,0.0,0,0,0.0,0.0,1.0
"F[0,2](((Chloride >= 0.283 -> Creatinine >= 0.010) | Creatinine <= 0.433) -> SaO2 <= 1.668)
",-9999999.000,-9999999.000,0.000,0.000,1.000,0,0,0,27,27,0,0,27,0.0,0,0,0.0,0.0,1.0
"F[1,2]((MAP <= 93.067 -> Resp >= 9.559) & Fibrinogen <= 25.126)
",-9999999.000,-9999999.000,0.000,0.000,1.000,0,0,0,27,27,0,0,27,0.0,0,0,0.0,0.0,1.0
"F[2,2](PaCO2 >= 0.000 -> Temp <= 16.631)
",-16.631,-16.631,0.000,0.000,1.000,0,0,0,27,27,0,0,27,0.0,0,0,0.0,0.0,1.0
"((SepsisLabel <= 0.000) U[1,2] (Alkalinephos >= 0.000))
",-9999999.000,-9999999.000,0.000,0.000,1.000,0,0,0,27,27,0,0,27,0.0,0,0,0.0,0.0,1.0
"F[0,0](((Temp >= 2.374 & SaO2 >= 0.000) & TroponinI >= 0.000) -> Bilirubin_direct >= 0.000)
",-0.200,-0.065,0.000,0.000,1.000,0,0,0,27,27,0,0,27,0.0,0,0,0.0,0.0,1.0
"((HR <= 100.197) U[2,2] (pH >= 0.124))
",7050756498250612.000,100.197,0.000,0.000,1.000,0,0,0,27,27,0,0,27,0.0,0,0,0.0,0.0,1.0
"F[0,2](MAP >= 71.140 -> Bilirubin_direct >= 0.000)
",-9999999.000,-9999999.000,0.000,0.000,1.000,0,0,0,27,27,0,0,27,0.0,0,0,0.0,0.0,1.0
"F[0,2](((PaCO2 <= 0.000 & AST <= 0.000) & PTT <= 0.000) -> Glucose <= 0.000)
",-9999999.000,-9999999.000,0.000,0.000,1.000,0,0,0,27,27,0,0,27,0.0,0,0,0.0,0.0,1.0
"F[1,2]((DBP <= 0.000 -> Hgb >= 0.178) & Resp <= 3.424)
",-9999999.000,-9999999.000,0.000,0.000,1.000,0,0,0,27,27,0,0,27,0.0,0,0,0.0,0.0,1.0
"((FiO2 >= 0.118) U[0,2] (Bilirubin_direct >= 0.000))
",-9999999.000,-9999999.000,0.000,0.000,1.000,0,0,0,27,27,0,0,27,0.0,0,0,0.0,0.0,1.0
"F[1,1](BaseExcess >= 0.000 | Alkalinephos >= 0.000)
",0.000,0.000,0.000,0.000,1.000,0,0,0,27,27,0,0,27,0.0,0,0,0.0,0.0,1.0
"F[0,0](Chloride >= 1.416 -> FiO2 <= 0.309)
",-0.732,-0.243,0.000,0.000,1.000,0,0,0,27,27,0,0,27,0.0,0,0,0.0,0.0,1.0
"F[0,1]((Magnesium <= 1.937 -> Chloride <= 39.186) -> Lactate <= 59.241)
",-9999999.000,-9999999.000,0.000,0.000,1.000,0,0,0,27,27,0,0,27,0.0,0,0,0.0,0.0,1.0
"F[0,1](((SepsisLabel >= 0.000 & Platelets <= 90.042) | AST >= 3.985) & AST <= 60.973)
",-9999999.000,-9999999.000,0.000,0.000,1.000,0,0,0,27,27,0,0,27,0.0,0,0,0.0,0.0,1.0
"F[0,1]((Magnesium <= 1.879 & PTT <= 2.606) & Magnesium <= 25.771)
",-9999999.000,-9999999.000,0.000,0.000,1.000,0,0,0,27,27,0,0,27,0.0,0,0,0.0,0.0,1.0
"((HCO3 <= 14.824) U[1,2] (WBC >= 0.383))
",-9999999.000,-9999999.000,0.000,0.000,1.000,0,0,0,27,27,0,0,27,0.0,0,0,0.0,0.0,1.0
"F[2,2](((PaCO2 <= 0.000 -> AST >= 0.000) | Hgb <= 0.000) -> SaO2 <= 0.000)
",0.000,0.000,0.000,0.000,1.000,0,0,0,27,27,0,0,27,0.0,0,0,0.0,0.0,1.0
"F[0,2](((WBC >= 0.383 -> Lactate <= 0.000) & HR <= 0.000) | Bilirubin_total <= 0.000)
",-9999999.000,-9999999.000,0.000,0.000,1.000,0,0,0,27,27,0,0,27,0.0,0,0,0.0,0.0,1.0
"F[1,2](((Calcium >= 0.064 & Temp >= 3.890) | DBP >= 4.258) | Resp <= 8.138)
",-9999999.000,-9999999.000,0.000,0.000,1.000,0,0,0,27,27,0,0,27,0.0,0,0,0.0,0.0,1.0
"((Potassium <= 1.107) U[0,2] (SepsisLabel <= 0.000))
",-9999999.000,-9999999.000,0.000,0.000,1.000,0,0,0,27,27,0,0,27,0.0,0,0,0.0,0.0,1.0
"((pH <= 2.565) U[0,1] (SBP >= 78.518))
",-9999999.000,-9999999.000,0.000,0.000,1.000,0,0,0,27,27,0,0,27,0.0,0,0,0.0,0.0,1.0
"((FiO2 <= 0.368) U[0,0] (PaCO2 >= 0.000))
",0.462,0.622,0.000,0.000,1.000,0,0,0,27,27,0,0,27,0.0,0,0,0.0,0.0,1.0
"F[0,1]((EtCO2 >= 0.000 & EtCO2 <= 0.000) & HCO3 <= 0.000)
",-9999999.000,-9999999.000,0.000,0.000,1.000,0,0,0,27,27,0,0,27,0.0,0,0,0.0,0.0,1.0
"F[2,2](((EtCO2 >= 0.000 & HCO3 >= 0.773) & Phosphate <= 5.405) -> Magnesium >= 0.519)
",0.519,0.519,0.000,0.000,1.000,0,0,0,27,27,0,0,27,0.0,0,0,0.0,0.0,1.0
"F[0,1](Resp >= 18.311 | DBP <= 0.000)
",-9999999.000,-9999999.000,0.000,0.000,1.000,0,0,0,27,27,0,0,27,0.0,0,0,0.0,0.0,1.0
"((Bilirubin_direct <= 0.000) U[0,2] (Creatinine >= 0.057))
",-9999999.000,-9999999.000,0.000,0.000,1.000,0,0,0,27,27,0,0,27,0.0,0,0,0.0,0.0,1.0
"F[2,2](((pH <= 0.772 | DBP >= 0.000) | Glucose <= 0.000) -> Temp <= 0.000)
",-6951405359570660.000,-0.772,0.000,0.000,1.000,0,0,0,27,27,0,0,27,0.0,0,0,0.0,0.0,1.0
"F[0,1](((Platelets >= 1.610 | Bilirubin_direct >= 0.000) | DBP >= 0.000) | Hct >= 0.000)
",-9999999.000,-9999999.000,0.000,0.000,1.000,0,0,0,27,27,0,0,27,0.0,0,0,0.0,0.0,1.0
"F[2,2](Creatinine <= 0.994 | SaO2 <= 0.000)
",8953270102047807.000,0.994,0.000,0.000,1.000,0,0,0,27,27,0,0,27,0.0,0,0,0.0,0.0,1.0
"F[0,1](Calcium <= 5.976 | Lactate <= 0.000)
",-9999999.000,-9999999.000,0.000,0.000,1.000,0,0,0,27,27,0,0,27,0.0,0,0,0.0,0.0,1.0
"F[1,2](((SaO2 <= 0.000 & Bilirubin_direct <= 0.000) -> PTT <= 0.000) & BaseExcess <= 0.000)
",-9999999.000,-9999999.000,0.000,0.000,1.000,0,0,0,27,27,0,0,27,0.0,0,0,0.0,0.0,1.0
"((FiO2 <= 0.351) U[0,0] (Bilirubin_total <= 0.000))
",0.097,0.115,0.000,0.000,1.000,0,0,0,27,27,0,0,27,0.0,0,0,0.0,0.0,1.0
"F[0,2](((DBP >= 0.000 | PaCO2 >= 0.000) | Temp <= 0.000) | Glucose <= 0.000)
",-9999999.000,-9999999.000,0.000,0.000,1.000,0,0,0,27,27,0,0,27,0.0,0,0,0.0,0.0,1.0
"((BUN <= 28.070) U[1,2] (AST >= 0.000))
",-9999999.000,-9999999.000,0.000,0.000,1.000,0,0,0,27,27,0,0,27,0.0,0,0,0.0,0.0,1.0
"F[1,2](MAP >= 44.824 | Magnesium >= 0.003)
",-9999999.000,-9999999.000,0.000,0.000,1.000,0,0,0,27,27,0,0,27,0.0,0,0,0.0,0.0,1.0
"F[0,2](SepsisLabel >= 0.000 -> PaCO2 >= 0.000)
",-9999999.000,-9999999.000,0.000,0.000,1.000,0,0,0,27,27,0,0,27,0.0,0,0,0.0,0.0,1.0
"F[2,2]((EtCO2 <= 0.000 -> SaO2 >= 0.000) -> pH <= 0.000)
",0.000,0.000,0.000,0.000,1.000,0,0,0,27,27,0,0,27,0.0,0,0,0.0,0.0,1.0
"F[1,2](PTT >= 0.819 & Bilirubin_direct >= 0.000)
",-9999999.000,-9999999.000,0.000,0.000,1.000,0,0,0,27,27,0,0,27,0.0,0,0,0.0,0.0,1.0
"((Bilirubin_total <= 0.000) U[0,2] (HR <= 117.144))
",-9999999.000,-9999999.000,0.000,0.000,1.000,0,0,0,27,27,0,0,27,0.0,0,0,0.0,0.0,1.0
"F[1,2](((Creatinine <= 0.128 -> Creatinine >= 0.042) -> Alkalinephos >= 0.027) & PaCO2 >= 0.090)
",-9999999.000,-9999999.000,0.000,0.000,1.000,0,0,0,27,27,0,0,27,0.0,0,0,0.0,0.0,1.0
"F[0,1]((Glucose <= 103.178 | Bilirubin_direct >= 0.000) | Chloride >= 0.000)
",-9999999.000,-9999999.000,0.000,0.000,1.000,0,0,0,27,27,0,0,27,0.0,0,0,0.0,0.0,1.0
"F[2,2]((pH >= 0.123 -> HCO3 >= 0.071) -> Bilirubin_direct <= 9.226)
",-5193620251171931.000,-9.226,0.000,0.000,1.000,0,0,0,27,27,0,0,27,0.0,0,0,0.0,0.0,1.0
"F[2,2]((FiO2 <= 0.376 -> Temp <= 19.521) -> Glucose <= 36.839)
",-5184698672416411.000,-36.839,0.000,0.000,1.000,0,0,0,27,27,0,0,27,0.0,0,0,0.0,0.0,1.0
"((HCO3 >= 0.251) U[0,2] (Hgb <= 1.169))
",-9999999.000,-9999999.000,0.000,0.000,1.000,0,0,0,27,27,0,0,27,0.0,0,0,0.0,0.0,1.0
"F[0,2]((Bilirubin_total >= 0.000 | O2Sat >= 47.028) | Hgb >= 86.688)
",-9999999.000,-9999999.000,0.000,0.000,1.000,0,0,0,27,27,0,0,27,0.0,0,0,0.0,0.0,1.0
"F[0,0](((Hgb >= 0.343 | Bilirubin_total <= 0.000) | Alkalinephos <= 0.000) -> PTT >= 0.000)
",-0.200,-1.037,0.000,0.000,1.000,0,0,0,27,27,0,0,27,0.0,0,0,0.0,0.0,1.0
"F[1,1](((Potassium <= 4.417 | Creatinine >= 0.073) | Creatinine >= 0.054) | Chloride >= 0.044)
",4.417,4.417,0.000,0.000,1.000,0,0,0,27,27,0,0,27,0.0,0,0,0.0,0.0,1.0
"F[1,1]((Bilirubin_total >= 0.000 | Resp <= 30.603) | DBP >= 7.767)
",8613852073408022.000,30.603,0.000,0.000,1.000,0,0,0,27,27,0,0,27,0.0,0,0,0.0,0.0,1.0
"F[0,1](((Hct >= 0.547 -> MAP >= 49.861) & Resp <= 96.860) & Platelets <= 97.710)
",-9999999.000,-9999999.000,0.000,0.000,1.000,0,0,0,27,27,0,0,27,0.0,0,0,0.0,0.0,1.0
"F[0,1]((Bilirubin_total <= 0.000 | Fibrinogen <= 0.000) & AST >= 0.000)
",-9999999.000,-9999999.000,0.000,0.000,1.000,0,0,0,27,27,0,0,27,0.0,0,0,0.0,0.0,1.0
"F[0,0]((Glucose <= 40.960 | Bilirubin_total >= 0.000) & DBP <= 0.000)
",-3.768,-73.013,0.000,0.000,1.000,0,0,0,27,27,0,0,27,0.0,0,0,0.0,0.0,1.0
"F[2,2]((Potassium <= 0.785 | Lactate <= 0.000) & Calcium <= 0.000)
",0.000,0.000,0.000,0.000,1.000,0,0,0,27,27,0,0,27,0.0,0,0,0.0,0.0,1.0
"F[0,0]((SepsisLabel <= 0.000 | Glucose >= 14.062) | pH <= 154.744)
",725.408,154.564,0.000,0.000,1.000,0,0,0,27,27,0,0,27,0.0,0,0,0.0,0.0,1.0
"F[1,2]((AST >= 0.000 -> TroponinI <= 0.000) | AST >= 0.000)
",-9999999.000,-9999999.000,0.000,0.000,1.000,0,0,0,27,27,0,0,27,0.0,0,0,0.0,0.0,1.0
"F[0,1]((BUN >= 1.415 | SBP >= 62.769) | Creatinine <= 110.858)
",-9999999.000,-9999999.000,0.000,0.000,1.000,0,0,0,27,27,0,0,27,0.0,0,0,0.0,0.0,1.0
"F[1,2](((pH >= 0.096 | Lactate <= 0.000) -> SBP <= 0.000) -> FiO2 >= 0.000)
",-9999999.000,-9999999.000,0.000,0.000,1.000,0,0,0,27,27,0,0,27,0.0,0,0,0.0,0.0,1.0
"((Hgb >= 0.469) U[0,1] (PaCO2 <= 0.000))
",-9999999.000,-9999999.000,0.000,0.000,1.000,0,0,0,27,27,0,0,27,0.0,0,0,0.0,0.0,1.0
"F[1,2](((BaseExcess >= 0.000 & Chloride <= 96.812) -> Potassium <= 25.343) -> Magnesium <= 73.149)
",-9999999.000,-9999999.000,0.000,0.000,1.000,0,0,0,27,27,0,0,27,0.0,0,0,0.0,0.0,1.0
"F[0,2](((BUN >= 0.357 & SBP >= 54.793) -> Hgb >= 63.172) | Resp <= 125.075)
",-9999999.000,-9999999.000,0.000,0.000,1.000,0,0,0,27,27,0,0,27,0.0,0,0,0.0,0.0,1.0
"F[1,2](BaseExcess <= 0.000 & Temp >= 5.958)
",-9999999.000,-9999999.000,0.000,0.000,1.000,0,0,0,27,27,0,0,27,0.0,0,0,0.0,0.0,1.0
"F[0,1]((Temp >= 1.982 | Phosphate <= 3.620) & MAP >= 0.065)
",-9999999.000,-9999999.000,0.000,0.000,1.000,0,0,0,27,27,0,0,27,0.0,0,0,0.0,0.0,1.0
"F[0,1]((FiO2 >= 0.078 -> SBP <= 111.264) -> Creatinine <= 106.564)
",-9999999.000,-9999999.000,0.000,0.000,1.000,0,0,0,27,27,0,0,27,0.0,0,0,0.0,0.0,1.0
"F[1,2](SepsisLabel >= 0.000 & Lactate <= 0.000)
",-9999999.000,-9999999.000,0.000,0.000,1.000,0,0,0,27,27,0,0,27,0.0,0,0,0.0,0.0,1.0
"F[0,2]((Alkalinephos <= 0.000 | FiO2 <= 0.166) | SepsisLabel <= 0.270)
",-9999999.000,-9999999.000,0.000,0.000,1.000,0,0,0,27,27,0,0,27,0.0,0,0,0.0,0.0,1.0
"F[1,2](((Chloride <= 60.566 -> Potassium >= 0.373) | PTT >= 0.190) -> Calcium >= 0.077)
",-9999999.000,-9999999.000,0.000,0.000,1.000,0,0,0,27,27,0,0,27,0.0,0,0,0.0,0.0,1.0
"((BaseExcess >= 0.000) U[0,1] (Chloride <= 38.257))
",-9999999.000,-9999999.000,0.000,0.000,1.000,0,0,0,27,27,0,0,27,0.0,0,0,0.0,0.0,1.0
"F[1,2](WBC <= 8.867 & Platelets >= 1.411)
",-9999999.000,-9999999.000,0.000,0.000,1.000,0,0,0,27,27,0,0,27,0.0,0,0,0.0,0.0,1.0
"F[0,2]((Bilirubin_total >= 0.000 -> PTT >= 0.763) & HCO3 <= 10.363)
",-9999999.000,-9999999.000,0.000,0.000,1.000,0,0,0,27,27,0,0,27,0.0,0,0,0.0,0.0,1.0
"F[0,2]((MAP >= 52.891 | Potassium >= 0.101) -> Phosphate >= 0.404)
",-9999999.000,-9999999.000,0.000,0.000,1.000,0,0,0,27,27,0,0,27,0.0,0,0,0.0,0.0,1.0
"F[0,1]((SaO2 <= 0.000 -> PaCO2 <= 0.000) & HR >= 0.000)
",-9999999.000,-9999999.000,0.000,0.000,1.000,0,0,0,27,27,0,0,27,0.0,0,0,0.0,0.0,1.0
"((Hgb <= 5.131) U[1,2] (BaseExcess >= 0.000))
",-9999999.000,-9999999.000,0.000,0.000,1.000,0,0,0,27,27,0,0,27,0.0,0,0,0.0,0.0,1.0
"F[0,2](Resp <= 29.393 | WBC <= 10.600)
",-9999999.000,-9999999.000,0.000,0.000,1.000,0,0,0,27,27,0,0,27,0.0,0,0,0.0,0.0,1.0
"F[0,2](Hgb <= 1.492 | Hct <= 13.158)
",-9999999.000,-9999999.000,0.000,0.000,1.000,0,0,0,27,27,0,0,27,0.0,0,0,0.0,0.0,1.0
"F[0,2](((Hgb >= 0.055 & Resp <= 30.610) -> FiO2 <= 25.100) & Calcium >= 13.927)
",-9999999.000,-9999999.000,0.000,0.000,1.000,0,0,0,27,27,0,0,27,0.0,0,0,0.0,0.0,1.0
"F[1,2](BUN >= 0.672 -> SepsisLabel = 0.000)
",-9999999.000,-9999999.000,0.000,0.000,1.000,0,0,0,27,27,0,0,27,0.0,0,0,0.0,0.0,1.0
"((Platelets <= 94.121) U[0,0] (SepsisLabel = 0.000))
",94.121,94.121,0.000,0.000,1.000,0,0,0,27,27,0,0,27,0.0,0,0,0.0,0.0,1.0
"((SBP > 27.236) U[0,1] (SepsisLabel = 0.000))
",-9999999.000,-9999999.000,0.000,0.000,1.000,0,0,0,27,27,0,0,27,0.0,0,0,0.0,0.0,1.0
"F[0,2](Chloride < 64.594 & SepsisLabel = 0.000)
",-9999999.000,-9999999.000,0.000,0.000,1.000,0,0,0,27,27,0,0,27,0.0,0,0,0.0,0.0,1.0
"F[0,2](BaseExcess > 0.000 & SepsisLabel = 0.000)
",-9999999.000,-9999999.000,0.000,0.000,1.000,0,0,0,27,27,0,0,27,0.0,0,0,0.0,0.0,1.0
"((Phosphate < 3.186) U[0,2] (SepsisLabel = 0.000))
",-9999999.000,-9999999.000,0.000,0.000,1.000,0,0,0,27,27,0,0,27,0.0,0,0,0.0,0.0,1.0
"F[1,2](FiO2 > 0.125 -> SepsisLabel = 0.000)
",-9999999.000,-9999999.000,0.000,0.000,1.000,0,0,0,27,27,0,0,27,0.0,0,0,0.0,0.0,1.0
"((Creatinine >= 0.087) U[2,2] (SepsisLabel = 0.000))
",0.000,0.000,0.000,0.000,1.000,0,0,0,27,27,0,0,27,0.0,0,0,0.0,0.0,1.0
"F[0,1](Magnesium <= 0.878 -> SepsisLabel = 0.000)
",-9999999.000,-9999999.000,0.000,0.000,1.000,0,0,0,27,27,0,0,27,0.0,0,0,0.0,0.0,1.0
"F[1,2](EtCO2 <= 0.000 & SepsisLabel = 0.000)
",-9999999.000,-9999999.000,0.000,0.000,1.000,0,0,0,27,27,0,0,27,0.0,0,0,0.0,0.0,1.0
"F[1,2](Platelets >= 5.924 & SepsisLabel = 0.000)
",-9999999.000,-9999999.000,0.000,0.000,1.000,0,0,0,27,27,0,0,27,0.0,0,0,0.0,0.0,1.0
"((Chloride >= 4.123) U[0,1] (SepsisLabel = 0.000))
",-9999999.000,-9999999.000,0.000,0.000,1.000,0,0,0,27,27,0,0,27,0.0,0,0,0.0,0.0,1.0
"F[1,2](Calcium > 0.053 -> SepsisLabel = 0.000)
",-9999999.000,-9999999.000,0.000,0.000,1.000,0,0,0,27,27,0,0,27,0.0,0,0,0.0,0.0,1.0
"((Phosphate >= 0.154) U[0,1] (SepsisLabel = 0.000))
",-9999999.000,-9999999.000,0.000,0.000,1.000,0,0,0,27,27,0,0,27,0.0,0,0,0.0,0.0,1.0
"((Chloride <= 51.044) U[1,2] (SepsisLabel = 0.000))
",-9999999.000,-9999999.000,0.000,0.000,1.000,0,0,0,27,27,0,0,27,0.0,0,0,0.0,0.0,1.0
"((PaCO2 >= 0.000) U[0,2] (SepsisLabel = 0.000))
",-9999999.000,-9999999.000,0.000,0.000,1.000,0,0,0,27,27,0,0,27,0.0,0,0,0.0,0.0,1.0
"F[0,2](Calcium < 4.829 -> SepsisLabel = 0.000)
",-9999999.000,-9999999.000,0.000,0.000,1.000,0,0,0,27,27,0,0,27,0.0,0,0,0.0,0.0,1.0
"F[0,2](FiO2 <= 0.408 & SepsisLabel = 0.000)
",-9999999.000,-9999999.000,0.000,0.000,1.000,0,0,0,27,27,0,0,27,0.0,0,0,0.0,0.0,1.0
"F[0,1](((HCO3 >= 1.148 & Hgb >= 0.204) | MAP <= 4.338) | Phosphate <= 5.423)
",-9999999.000,-9999999.000,0.000,0.000,1.000,0,0,0,27,27,0,0,27,0.0,0,0,0.0,0.0,1.0
"((PaCO2 > 0.000) U[0,0] (SepsisLabel = 0.000))
",0.200,0.283,0.000,0.000,1.000,0,0,0,27,27,0,0,27,0.0,0,0,0.0,0.0,1.0
"F[2,2]((Hct <= 25.889 | PTT >= 1.379) | HCO3 <= 3.888)
",25.889,25.889,0.000,0.000,1.000,0,0,0,27,27,0,0,27,0.0,0,0,0.0,0.0,1.0
"F[1,2](BUN >= 0.089 -> PTT >= 1.020)
",-9999999.000,-9999999.000,0.000,0.000,1.000,0,0,0,27,27,0,0,27,0.0,0,0,0.0,0.0,1.0
"F[0,2]((Platelets <= 64.655 & PTT <= 10.725) | Alkalinephos >= 0.701)
",-9999999.000,-9999999.000,0.000,0.000,1.000,0,0,0,27,27,0,0,27,0.0,0,0,0.0,0.0,1.0
"((Chloride <= 38.579) U[2,2] (Hct <= 3.309))
",38.579,38.579,0.000,0.000,1.000,0,0,0,27,27,0,0,27,0.0,0,0,0.0,0.0,1.0
"F[0,1]((Creatinine <= 0.958 -> Hgb >= 0.180) -> Calcium >= 0.479)
",-9999999.000,-9999999.000,0.000,0.000,1.000,0,0,0,27,27,0,0,27,0.0,0,0,0.0,0.0,1.0
"((Hct <= 19.771) U[0,1] (WBC <= 2.716))
",-9999999.000,-9999999.000,0.000,0.000,1.000,0,0,0,27,27,0,0,27,0.0,0,0,0.0,0.0,1.0
"F[1,2]((Hgb <= 2.114 & WBC >= 0.513) -> Creatinine >= 0.053)
",-9999999.000,-9999999.000,0.000,0.000,1.000,0,0,0,27,27,0,0,27,0.0,0,0,0.0,0.0,1.0
"F[2,2](((Chloride >= 1.167 & Platelets >= 1.819) & MAP >= 0.092) | DBP >= 3.825)
",-8191463770797473.000,-1.819,0.000,0.000,1.000,0,0,0,27,27,0,0,27,0.0,0,0,0.0,0.0,1.0
"F[1,2](((Creatinine >= 0.009 -> Hct >= 0.899) | TroponinI <= 23.232) | FiO2 >= 1.632)
",-9999999.000,-9999999.000,0.000,0.000,1.000,0,0,0,27,27,0,0,27,0.0,0,0,0.0,0.0,1.0
"F[1,2](BUN >= 0.988 & Creatinine <= 0.470)
",-9999999.000,-9999999.000,0.000,0.000,1.000,0,0,0,27,27,0,0,27,0.0,0,0,0.0,0.0,1.0
"F[0,2]((BUN >= 0.828 | WBC >= 0.380) & HR <= 4.008)
",-9999999.000,-9999999.000,0.000,0.000,1.000,0,0,0,27,27,0,0,27,0.0,0,0,0.0,0.0,1.0
"F[0,2]((Hct >= 0.031 | Hgb <= 2.221) & Hct >= 0.078)
",-9999999.000,-9999999.000,0.000,0.000,1.000,0,0,0,27,27,0,0,27,0.0,0,0,0.0,0.0,1.0
"F[0,0]((Creatinine <= 0.619 & Platelets <= 94.991) | Magnesium <= 8.879)
",8.879,8.879,0.000,0.000,1.000,0,0,0,27,27,0,0,27,0.0,0,0,0.0,0.0,1.0
"((Phosphate < 4.198) U[0,0] (SepsisLabel = 0.000))
",4.198,4.198,0.000,0.000,1.000,0,0,0,27,27,0,0,27,0.0,0,0,0.0,0.0,1.0
"F[1,2](pH < 4.084 & SepsisLabel = 0.000)
",-9999999.000,-9999999.000,0.000,0.000,1.000,0,0,0,27,27,0,0,27,0.0,0,0,0.0,0.0,1.0
"F[0,2](Magnesium > 0.029 -> SepsisLabel = 0.000)
",-9999999.000,-9999999.000,0.000,0.000,1.000,0,0,0,27,27,0,0,27,0.0,0,0,0.0,0.0,1.0
"F[2,2]((Phosphate >= 0.125 & Magnesium > 0.039) -> Calcium < 4.863)
",-4.863,-4.863,0.000,0.000,1.000,0,0,0,27,27,0,0,27,0.0,0,0,0.0,0.0,1.0
"F[0,2](((Calcium < 1.218 & Potassium < 3.011) & Magnesium < 1.251) & Phosphate < 1.392)
",-9999999.000,-9999999.000,0.000,0.000,1.000,0,0,0,27,27,0,0,27,0.0,0,0,0.0,0.0,1.0
"F[0,2]((Calcium <= 7.016 & Potassium <= 0.807) & Magnesium >= 0.047)
",-9999999.000,-9999999.000,0.000,0.000,1.000,0,0,0,27,27,0,0,27,0.0,0,0,0.0,0.0,1.0
"F[0,0]((Phosphate >= 0.080 & Magnesium > 0.053) -> Calcium < 3.496)
",-3936168983447322.500,-3.496,0.000,0.000,1.000,0,0,0,27,27,0,0,27,0.0,0,0,0.0,0.0,1.0
"F[1,2](((Calcium < 1.599 & Potassium < 5.598) & Magnesium < 1.036) & Phosphate < 2.602)
",-9999999.000,-9999999.000,0.000,0.000,1.000,0,0,0,27,27,0,0,27,0.0,0,0,0.0,0.0,1.0
"F[1,2]((Calcium <= 1.956 & Potassium <= 1.940) & Magnesium >= 0.013)
",-9999999.000,-9999999.000,0.000,0.000,1.000,0,0,0,27,27,0,0,27,0.0,0,0,0.0,0.0,1.0
"F[1,2](Hgb <= 2.849 | Hct <= 29.576)
",-9999999.000,-9999999.000,0.000,0.000,1.000,0,0,0,27,27,0,0,27,0.0,0,0,0.0,0.0,1.0
"((MAP >= 11.267) U[0,2] (SBP <= 141.138))
",-9999999.000,-9999999.000,0.000,0.000,1.000,0,0,0,27,27,0,0,27,0.0,0,0,0.0,0.0,1.0
"F[1,2]((Phosphate >= 0.042 & Magnesium > 0.048) -> Calcium < 0.346)
",-9999999.000,-9999999.000,0.000,0.000,1.000,0,0,0,27,27,0,0,27,0.0,0,0,0.0,0.0,1.0
"F[1,2](((Calcium < 7.999 & Potassium < 5.494) & Magnesium < 0.989) & Phosphate < 0.167)
",-9999999.000,-9999999.000,0.000,0.000,1.000,0,0,0,27,27,0,0,27,0.0,0,0,0.0,0.0,1.0
"F[1,2](Hgb <= 7.626 | Hct <= 15.232)
",-9999999.000,-9999999.000,0.000,0.000,1.000,0,0,0,27,27,0,0,27,0.0,0,0,0.0,0.0,1.0
"((MAP >= 28.278) U[2,2] (SBP <= 103.773))
",103.773,103.773,0.000,0.000,1.000,0,0,0,27,27,0,0,27,0.0,0,0,0.0,0.0,1.0
"F[0,2]((Phosphate >= 0.020 & Magnesium > 0.003) -> Calcium < 7.526)
",-9999999.000,-9999999.000,0.000,0.000,1.000,0,0,0,27,27,0,0,27,0.0,0,0,0.0,0.0,1.0
"F[1,2](((Calcium < 3.769 & Potassium < 5.646) & Magnesium < 1.782) & Phosphate < 3.000)
",-9999999.000,-9999999.000,0.000,0.000,1.000,0,0,0,27,27,0,0,27,0.0,0,0,0.0,0.0,1.0
"F[2,2]((Calcium <= 7.158 & Potassium <= 5.361) & Magnesium >= 0.005)
",-0.005,-0.005,0.000,0.000,1.000,0,0,0,27,27,0,0,27,0.0,0,0,0.0,0.0,1.0
"F[0,2](Hgb <= 7.062 | Hct <= 16.280)
",-9999999.000,-9999999.000,0.000,0.000,1.000,0,0,0,27,27,0,0,27,0.0,0,0,0.0,0.0,1.0
"F[0,2]((Phosphate >= 0.099 & Magnesium > 0.078) -> Calcium < 6.340)
",-9999999.000,-9999999.000,0.000,0.000,1.000,0,0,0,27,27,0,0,27,0.0,0,0,0.0,0.0,1.0
"F[0,2](((Calcium < 3.293 & Potassium < 0.876) & Magnesium < 0.092) & Phosphate < 1.428)
",-9999999.000,-9999999.000,0.000,0.000,1.000,0,0,0,27,27,0,0,27,0.0,0,0,0.0,0.0,1.0
"((MAP >= 23.620) U[0,1] (SBP <= 140.940))
",-9999999.000,-9999999.000,0.000,0.000,1.000,0,0,0,27,27,0,0,27,0.0,0,0,0.0,0.0,1.0
"F[1,2](Hgb <= 10.699 | Hct <= 5.593)
",-9999999.000,-9999999.000,0.000,0.000,1.000,0,0,0,27,27,0,0,27,0.0,0,0,0.0,0.0,1.0
"F[0,0]((Phosphate >= 0.046 & Magnesium > 0.050) -> Calcium < 0.503)
",-0.503,-0.503,0.000,0.000,1.000,0,0,0,27,27,0,0,27,0.0,0,0,0.0,0.0,1.0
"F[2,2](((Calcium < 3.475 & Potassium < 4.273) & Magnesium < 1.986) & Phosphate < 0.899)
",8093903609014014.000,0.899,0.000,0.000,1.000,0,0,0,27,27,0,0,27,0.0,0,0,0.0,0.0,1.0
"F[0,1](Hgb <= 1.500 | Hct <= 8.559)
",-9999999.000,-9999999.000,0.000,0.000,1.000,0,0,0,27,27,0,0,27,0.0,0,0,0.0,0.0,1.0
"F[2,2]((Phosphate >= 0.124 & Magnesium > 0.044) -> Calcium < 5.026)
",-5658681343708543.000,-5.026,0.000,0.000,1.000,0,0,0,27,27,0,0,27,0.0,0,0,0.0,0.0,1.0
"F[1,2]((Calcium <= 1.738 & Potassium <= 1.884) & Magnesium >= 0.054)
",-9999999.000,-9999999.000,0.000,0.000,1.000,0,0,0,27,27,0,0,27,0.0,0,0,0.0,0.0,1.0
"F[0,2](Hgb <= 8.497 | Hct <= 13.610)
",-9999999.000,-9999999.000,0.000,0.000,1.000,0,0,0,27,27,0,0,27,0.0,0,0,0.0,0.0,1.0
"((MAP >= 9.618) U[2,2] (SBP <= 104.284))
",3669167364093157.500,104.284,0.000,0.000,1.000,0,0,0,27,27,0,0,27,0.0,0,0,0.0,0.0,1.0
"F[0,1]((Phosphate >= 0.046 & Magnesium > 0.045) -> Calcium < 5.347)
",-9999999.000,-9999999.000,0.000,0.000,1.000,0,0,0,27,27,0,0,27,0.0,0,0,0.0,0.0,1.0
"F[1,2]((Calcium <= 5.570 & Potassium <= 3.298) & Magnesium >= 0.036)
",-9999999.000,-9999999.000,0.000,0.000,1.000,0,0,0,27,27,0,0,27,0.0,0,0,0.0,0.0,1.0
"F[0,0](Hgb <= 3.585 | Hct <= 11.188)
",11.188,11.188,0.000,0.000,1.000,0,0,0,27,27,0,0,27,0.0,0,0,0.0,0.0,1.0
"((MAP >= 14.947) U[2,2] (SBP <= 126.836))
",8925297387159766.000,126.836,0.000,0.000,1.000,0,0,0,27,27,0,0,27,0.0,0,0,0.0,0.0,1.0
"F[0,1](((Calcium < 0.895 & Potassium < 0.676) & Magnesium < 0.533) & Phosphate < 2.816)
",-9999999.000,-9999999.000,0.000,0.000,1.000,0,0,0,27,27,0,0,27,0.0,0,0,0.0,0.0,1.0
"F[1,2]((Calcium <= 5.282 & Potassium <= 2.611) & Magnesium >= 0.059)
",-9999999.000,-9999999.000,0.000,0.000,1.000,0,0,0,27,27,0,0,27,0.0,0,0,0.0,0.0,1.0
"F[0,2](Hgb <= 5.227 | Hct <= 9.801)
",-9999999.000,-9999999.000,0.000,0.000,1.000,0,0,0,27,27,0,0,27,0.0,0,0,0.0,0.0,1.0
"F[0,1]((Phosphate >= 0.027 & Magnesium > 0.053) -> Calcium < 3.694)
",-9999999.000,-9999999.000,0.000,0.000,1.000,0,0,0,27,27,0,0,27,0.0,0,0,0.0,0.0,1.0
"F[0,2](((Calcium < 2.277 & Potassium < 4.305) & Magnesium < 1.844) & Phosphate < 1.615)
",-9999999.000,-9999999.000,0.000,0.000,1.000,0,0,0,27,27,0,0,27,0.0,0,0,0.0,0.0,1.0
"F[0,2](((HCO3 <= 12.345 & WBC <= 10.804) & Fibrinogen <= 8.458) & Potassium <= 4.641)
",-9999999.000,-9999999.000,0.000,0.000,1.000,0,0,0,27,27,0,0,27,0.0,0,0,0.0,0.0,1.0
"F[0,0]((PTT <= 6.987 & WBC <= 2.261) -> WBC <= 1.920)
",-0.144,-0.946,0.000,0.000,1.000,0,0,0,27,27,0,0,27,0.0,0,0,0.0,0.0,1.0
"((O2Sat >= 58.615) U[0,2] (pH <= 5.651))
",-9999999.000,-9999999.000,0.000,0.000,1.000,0,0,0,27,27,0,0,27,0.0,0,0,0.0,0.0,1.0
"((Resp <= 28.569) U[0,1] (Temp <= 8.500))
",-9999999.000,-9999999.000,0.000,0.000,1.000,0,0,0,27,27,0,0,27,0.0,0,0,0.0,0.0,1.0
"F[0,2]((Calcium <= 4.019 & Potassium <= 1.001) & Magnesium >= 0.003)
",-9999999.000,-9999999.000,0.000,0.000,1.000,0,0,0,27,27,0,0,27,0.0,0,0,0.0,0.0,1.0
"((Calcium <= 4.889) U[1,2] (Temp <= 16.260))
",-9999999.000,-9999999.000,0.000,0.000,1.000,0,0,0,27,27,0,0,27,0.0,0,0,0.0,0.0,1.0
"F[0,2](((Magnesium >= 0.028 & MAP >= 67.240) | DBP >= 24.268) -> PTT >= 62.793)
",-9999999.000,-9999999.000,0.000,0.000,1.000,0,0,0,27,27,0,0,27,0.0,0,0,0.0,0.0,1.0
"F[0,1](Glucose <= 92.349 | MAP <= 101.364)
",-9999999.000,-9999999.000,0.000,0.000,1.000,0,0,0,27,27,0,0,27,0.0,0,0,0.0,0.0,1.0
"F[1,2]((Creatinine <= 1.347 & MAP >= 54.264) -> Bilirubin_total <= 89.130)
",-9999999.000,-9999999.000,0.000,0.000,1.000,0,0,0,27,27,0,0,27,0.0,0,0,0.0,0.0,1.0
"F[1,2](((MAP >= 46.799 & Platelets <= 84.009) -> AST <= 10.524) -> Calcium <= 67.632)
",-9999999.000,-9999999.000,0.000,0.000,1.000,0,0,0,27,27,0,0,27,0.0,0,0,0.0,0.0,1.0
"F[1,2]((HR >= 11.385 & Phosphate >= 0.126) | MAP <= 2.464)
",-9999999.000,-9999999.000,0.000,0.000,1.000,0,0,0,27,27,0,0,27,0.0,0,0,0.0,0.0,1.0
"F[1,1](((Magnesium >= 0.067 -> Temp <= 19.112) -> Temp <= 32.516) -> FiO2 <= 26.150)
",-26.150,-26.150,0.000,0.000,1.000,0,0,0,27,27,0,0,27,0.0,0,0,0.0,0.0,1.0
"F[0,2](Phosphate <= 3.083 & Temp <= 15.204)
",-9999999.000,-9999999.000,0.000,0.000,1.000,0,0,0,27,27,0,0,27,0.0,0,0,0.0,0.0,1.0
"((Calcium <= 7.411) U[0,1] (SBP >= 49.056))
",-9999999.000,-9999999.000,0.000,0.000,1.000,0,0,0,27,27,0,0,27,0.0,0,0,0.0,0.0,1.0
"((Platelets >= 2.775) U[2,2] (Temp >= 2.209))
",-2.209,-2.209,0.000,0.000,1.000,0,0,0,27,27,0,0,27,0.0,0,0,0.0,0.0,1.0
"((PTT >= 1.730) U[2,2] (Temp >= 4.353))
",-7790022791523202.000,-1.730,0.000,0.000,1.000,0,0,0,27,27,0,0,27,0.0,0,0,0.0,0.0,1.0
"F[0,2]((Creatinine <= 0.267 -> Temp <= 29.151) -> Calcium >= 0.365)
",-9999999.000,-9999999.000,0.000,0.000,1.000,0,0,0,27,27,0,0,27,0.0,0,0,0.0,0.0,1.0
"F[0,2]((HCO3 <= 3.866 -> Temp <= 35.089) & Creatinine <= 14.446)
",-9999999.000,-9999999.000,0.000,0.000,1.000,0,0,0,27,27,0,0,27,0.0,0,0,0.0,0.0,1.0
"((FiO2 >= 0.123) U[2,2] (O2Sat <= 96.274))
",96.274,96.274,0.000,0.000,1.000,0,0,0,27,27,0,0,27,0.0,0,0,0.0,0.0,1.0
"F[1,2](((PTT >= 1.372 & SBP >= 33.758) & BUN >= 81.282) | Bilirubin_direct <= 125.383)
",-9999999.000,-9999999.000,0.000,0.000,1.000,0,0,0,27,27,0,0,27,0.0,0,0,0.0,0.0,1.0
"F[1,2](((Phosphate <= 2.989 -> Resp <= 31.535) -> Bilirubin_direct >= 15.538) | SaO2 <= 26.235)
",-9999999.000,-9999999.000,0.000,0.000,1.000,0,0,0,27,27,0,0,27,0.0,0,0,0.0,0.0,1.0
"F[1,2](((Hgb <= 5.555 -> PTT <= 5.862) -> Bilirubin_total >= 1.228) -> DBP <= 3.061)
",-9999999.000,-9999999.000,0.000,0.000,1.000,0,0,0,27,27,0,0,27,0.0,0,0,0.0,0.0,1.0
"F[1,2](FiO2 >= 0.002 | pH <= 0.698)
",-9999999.000,-9999999.000,0.000,0.000,1.000,0,0,0,27,27,0,0,27,0.0,0,0,0.0,0.0,1.0
"F[1,2](HR <= 96.882 | Potassium <= 5.295)
",-9999999.000,-9999999.000,0.000,0.000,1.000,0,0,0,27,27,0,0,27,0.0,0,0,0.0,0.0,1.0
"F[0,2](((HCO3 <= 10.224 -> O2Sat <= 98.113) & Lactate <= 99.996) & Bilirubin_total >= 10.897)
",-9999999.000,-9999999.000,0.000,0.000,1.000,0,0,0,27,27,0,0,27,0.0,0,0,0.0,0.0,1.0
"F[1,1](((Creatinine <= 0.713 | O2Sat >= 71.138) | SBP >= 59.705) | Bilirubin_direct >= 58.800)
",0.713,0.713,0.000,0.000,1.000,0,0,0,27,27,0,0,27,0.0,0,0,0.0,0.0,1.0
"F[1,2]((O2Sat <= 93.875 | Phosphate >= 0.003) & DBP >= 0.041)
",-9999999.000,-9999999.000,0.000,0.000,1.000,0,0,0,27,27,0,0,27,0.0,0,0,0.0,0.0,1.0
"F[0,1](((BUN <= 15.397 & O2Sat <= 94.893) -> SepsisLabel <= 98.999) -> HR >= 6.868)
",-9999999.000,-9999999.000,0.000,0.000,1.000,0,0,0,27,27,0,0,27,0.0,0,0,0.0,0.0,1.0
"F[1,2](Hct <= 21.474 & HR >= 68.350)
",-9999999.000,-9999999.000,0.000,0.000,1.000,0,0,0,27,27,0,0,27,0.0,0,0,0.0,0.0,1.0
"F[2,2]((HR >= 7.186 & WBC >= 0.219) | pH <= 6.499)
",6.499,6.499,0.000,0.000,1.000,0,0,0,27,27,0,0,27,0.0,0,0,0.0,0.0,1.0
"F[1,2]((pH <= 2.305 -> Resp <= 29.844) -> Hct <= 22.765)
",-9999999.000,-9999999.000,0.000,0.000,1.000,0,0,0,27,27,0,0,27,0.0,0,0,0.0,0.0,1.0
"F[0,1]((Hgb <= 8.296 | HR <= 110.767) -> BaseExcess <= 111.315)
",-9999999.000,-9999999.000,0.000,0.000,1.000,0,0,0,27,27,0,0,27,0.0,0,0,0.0,0.0,1.0
"((SBP >= 62.526) U[0,1] (WBC <= 9.550))
",-9999999.000,-9999999.000,0.000,0.000,1.000,0,0,0,27,27,0,0,27,0.0,0,0,0.0,0.0,1.0
"F[0,1]((FiO2 >= 0.030 -> Potassium <= 5.003) | Resp <= 1.926)
",-9999999.000,-9999999.000,0.000,0.000,1.000,0,0,0,27,27,0,0,27,0.0,0,0,0.0,0.0,1.0
"F[0,2]((Hct >= 0.755 & SBP >= 19.650) & Hgb <= 124.495)
",-9999999.000,-9999999.000,0.000,0.000,1.000,0,0,0,27,27,0,0,27,0.0,0,0,0.0,0.0,1.0
"F[2,2](((Creatinine <= 0.299 & SBP >= 3.962) | Chloride <= 115.342) | Hgb >= 1.132)
",8116460200039766.000,115.342,0.000,0.000,1.000,0,0,0,27,27,0,0,27,0.0,0,0,0.0,0.0,1.0
"F[0,0](((Magnesium >= 0.006 & SBP >= 48.223) & TroponinI <= 123.952) -> Calcium >= 8.551)
",8.551,8.551,0.000,0.000,1.000,0,0,0,27,27,0,0,27,0.0,0,0,0.0,0.0,1.0
"((Platelets <= 17.395) U[0,1] (SBP >= 7.641))
",-9999999.000,-9999999.000,0.000,0.000,1.000,0,0,0,27,27,0,0,27,0.0,0,0,0.0,0.0,1.0
"F[0,2](((FiO2 <= 0.314 & Hgb <= 5.911) & PTT >= 0.505) & SepsisLabel >= 0.083)
",-9999999.000,-9999999.000,0.000,0.000,1.000,0,0,0,27,27,0,0,27,0.0,0,0,0.0,0.0,1.0
"F[0,2]((FiO2 >= 0.067 -> WBC >= 0.574) & FiO2 >= 0.331)
",-9999999.000,-9999999.000,0.000,0.000,1.000,0,0,0,27,27,0,0,27,0.0,0,0,0.0,0.0,1.0
"F[2,2](FiO2 >= 0.130 -> PTT <= 10.797)
",-10.797,-10.797,0.000,0.000,1.000,0,0,0,27,27,0,0,27,0.0,0,0,0.0,0.0,1.0
"F[0,0](((Chloride >= 0.193 | FiO2 >= 0.024) | Resp >= 0.049) -> MAP >= 0.112)
",-4.039,-100.853,0.000,0.000,1.000,0,0,0,27,27,0,0,27,0.0,0,0,0.0,0.0,1.0
"F[1,2](Phosphate <= 4.208 -> Potassium <= 1.667)
",-9999999.000,-9999999.000,0.000,0.000,1.000,0,0,0,27,27,0,0,27,0.0,0,0,0.0,0.0,1.0
"F[0,1]((pH <= 2.292 & Potassium <= 3.356) | Creatinine >= 0.405)
",-9999999.000,-9999999.000,0.000,0.000,1.000,0,0,0,27,27,0,0,27,0.0,0,0,0.0,0.0,1.0
"F[1,2]((Calcium <= 7.105 | Magnesium <= 0.590) -> Glucose >= 0.057)
",-9999999.000,-9999999.000,0.000,0.000,1.000,0,0,0,27,27,0,0,27,0.0,0,0,0.0,0.0,1.0
"F[1,1]((HR >= 75.155 -> O2Sat <= 93.971) -> FiO2 <= 99.459)
",-99.459,-99.459,0.000,0.000,1.000,0,0,0,27,27,0,0,27,0.0,0,0,0.0,0.0,1.0
"F[2,2](Chloride >= 0.343 | Magnesium >= 0.064)
",-0.064,-0.064,0.000,0.000,1.000,0,0,0,27,27,0,0,27,0.0,0,0,0.0,0.0,1.0
"F[1,2]((Magnesium <= 0.468 -> Platelets >= 1.223) & Temp <= 111.339)
",-9999999.000,-9999999.000,0.000,0.000,1.000,0,0,0,27,27,0,0,27,0.0,0,0,0.0,0.0,1.0
"F[2,2](((Creatinine >= 0.081 & Magnesium >= 0.014) & Fibrinogen <= 1.502) | BaseExcess <= 1.076)
",1.076,1.076,0.000,0.000,1.000,0,0,0,27,27,0,0,27,0.0,0,0,0.0,0.0,1.0
"F[0,1]((Creatinine <= 0.920 | Phosphate >= 0.110) -> BUN <= 0.227)
",-9999999.000,-9999999.000,0.000,0.000,1.000,0,0,0,27,27,0,0,27,0.0,0,0,0.0,0.0,1.0
"F[0,2](Hgb <= 10.028 | Potassium <= 3.487)
",-9999999.000,-9999999.000,0.000,0.000,1.000,0,0,0,27,27,0,0,27,0.0,0,0,0.0,0.0,1.0
"F[0,1](((BUN >= 0.500 -> Potassium <= 3.124) | MAP >= 0.147) | HR <= 4.613)
",-9999999.000,-9999999.000,0.000,0.000,1.000,0,0,0,27,27,0,0,27,0.0,0,0,0.0,0.0,1.0
"((Creatinine <= 1.418) U[0,2] (Potassium >= 0.112))
",-9999999.000,-9999999.000,0.000,0.000,1.000,0,0,0,27,27,0,0,27,0.0,0,0,0.0,0.0,1.0
"F[1,1](HCO3 <= 20.342 -> Potassium <= 2.476)
",-5725823253729588.000,-20.342,0.000,0.000,1.000,0,0,0,27,27,0,0,27,0.0,0,0,0.0,0.0,1.0
"F[1,2]((Hct <= 24.739 & Phosphate <= 3.767) & TroponinI <= 2.292)
",-9999999.000,-9999999.000,0.000,0.000,1.000,0,0,0,27,27,0,0,27,0.0,0,0,0.0,0.0,1.0
"F[1,1](((Hgb <= 9.051 | Magnesium <= 2.217) | Calcium >= 0.001) -> Bilirubin_direct <= 0.366)
",-5095132037389439.000,-9.051,0.000,0.000,1.000,0,0,0,27,27,0,0,27,0.0,0,0,0.0,0.0,1.0
"F[1,2](((Hgb >= 0.309 & Phosphate <= 1.278) | Potassium <= 0.937) -> MAP >= 0.109)
",-9999999.000,-9999999.000,0.000,0.000,1.000,0,0,0,27,27,0,0,27,0.0,0,0,0.0,0.0,1.0
"F[1,2]((Magnesium >= 0.060 -> Potassium <= 5.393) | Calcium >= 0.024)
",-9999999.000,-9999999.000,0.000,0.000,1.000,0,0,0,27,27,0,0,27,0.0,0,0,0.0,0.0,1.0
"F[0,2](((Calcium >= 0.033 | WBC >= 0.087) -> Potassium >= 0.563) | Potassium >= 0.289)
",-9999999.000,-9999999.000,0.000,0.000,1.000,0,0,0,27,27,0,0,27,0.0,0,0,0.0,0.0,1.0
"F[0,2](((Resp <= 31.577 -> SBP <= 103.317) | Resp <= 134.539) & SaO2 <= 109.544)
",-9999999.000,-9999999.000,0.000,0.000,1.000,0,0,0,27,27,0,0,27,0.0,0,0,0.0,0.0,1.0
"F[0,2]((pH >= 0.040 -> PTT <= 25.213) | pH <= 23.550)
",-9999999.000,-9999999.000,0.000,0.000,1.000,0,0,0,27,27,0,0,27,0.0,0,0,0.0,0.0,1.0
"F[0,2](((Glucose >= 3.300 -> Hct <= 17.683) & pH >= 0.456) | WBC >= 1.554)
",-9999999.000,-9999999.000,0.000,0.000,1.000,0,0,0,27,27,0,0,27,0.0,0,0,0.0,0.0,1.0
"F[0,0]((Glucose >= 11.242 -> WBC <= 3.278) & FiO2 <= 9.210)
",-1.562,-3.759,0.000,0.000,1.000,0,0,0,27,27,0,0,27,0.0,0,0,0.0,0.0,1.0
"F[0,1](((FiO2 >= 0.088 -> Temp <= 17.019) -> Magnesium <= 21.835) | MAP >= 5.376)
",-9999999.000,-9999999.000,0.000,0.000,1.000,0,0,0,27,27,0,0,27,0.0,0,0,0.0,0.0,1.0
"F[1,2]((BUN >= 0.165 | Glucose >= 1.337) & EtCO2 >= 7.439)
",-9999999.000,-9999999.000,0.000,0.000,1.000,0,0,0,27,27,0,0,27,0.0,0,0,0.0,0.0,1.0
"F[0,2]((Chloride <= 65.340 & Glucose >= 4.858) -> Potassium <= 92.765)
",-9999999.000,-9999999.000,0.000,0.000,1.000,0,0,0,27,27,0,0,27,0.0,0,0,0.0,0.0,1.0
"F[0,2]((Glucose >= 13.306 -> PTT >= 1.283) | Temp >= 1.740)
",-9999999.000,-9999999.000,0.000,0.000,1.000,0,0,0,27,27,0,0,27,0.0,0,0,0.0,0.0,1.0
"F[1,2]((BUN <= 35.213 -> pH >= 0.113) | Resp <= 5.317)
",-9999999.000,-9999999.000,0.000,0.000,1.000,0,0,0,27,27,0,0,27,0.0,0,0,0.0,0.0,1.0
"F[0,0](((Calcium <= 5.465 & Hgb >= 0.416) | HR >= 0.495) -> DBP <= 9.731)
",-16702.505,-16702.505,0.000,0.000,1.000,0,0,0,27,27,0,0,27,0.0,0,0,0.0,0.0,1.0
"F[0,1](((Creatinine >= 0.026 & pH <= 5.028) & FiO2 >= 0.201) | PTT <= 1.978)
",-9999999.000,-9999999.000,0.000,0.000,1.000,0,0,0,27,27,0,0,27,0.0,0,0,0.0,0.0,1.0
"F[1,2](((Hct >= 1.582 & pH <= 0.583) -> Chloride <= 3.535) & Potassium <= 2.751)
",-9999999.000,-9999999.000,0.000,0.000,1.000,0,0,0,27,27,0,0,27,0.0,0,0,0.0,0.0,1.0
"F[2,2]((Magnesium >= 0.028 | pH <= 1.546) | Resp >= 0.129)
",1.546,1.546,0.000,0.000,1.000,0,0,0,27,27,0,0,27,0.0,0,0,0.0,0.0,1.0
"F[2,2]((Calcium >= 0.062 | PTT >= 1.286) -> PaCO2 >= 1.747)
",4476474809127429.000,0.062,0.000,0.000,1.000,0,0,0,27,27,0,0,27,0.0,0,0,0.0,0.0,1.0
"F[2,2](O2Sat <= 94.857 | Resp >= 3.442)
",94.857,94.857,0.000,0.000,1.000,0,0,0,27,27,0,0,27,0.0,0,0,0.0,0.0,1.0
"F[0,2]((Calcium <= 5.036 -> Hct >= 1.261) & Temp >= 1.480)
",-9999999.000,-9999999.000,0.000,0.000,1.000,0,0,0,27,27,0,0,27,0.0,0,0,0.0,0.0,1.0
"F[0,2]((MAP >= 36.075 -> WBC >= 0.506) -> TroponinI <= 7.246)
",-9999999.000,-9999999.000,0.000,0.000,1.000,0,0,0,27,27,0,0,27,0.0,0,0,0.0,0.0,1.0
