Rule,Discrimination Score,Pos Robustness,Neg Robustness,Percent Class +,Percent Class -,TP,TN,FP,FN,Actual Yes,Actual No,Predicted Yes,Predicted No,TPR/Sens,TNR/Spec,FPR,Precision,Accuracy,MCR,Class
"G[0,0](((Hct <= 19.357 & Creatinine >= 0.050) | Creatinine <= 2.461) -> FiO2 <= 1.193)
",-0.842,-5.374,0.000,1.000,0.000,30,0,0,0,30,0,30,0,1.0,0.0,0.0,1.0,1.0169491525423728,-0.016949152542372836,1
"G[0,0](((BaseExcess <= -0.104 -> HR <= 96.364) -> Creatinine >= 24.326) -> TroponinI <= 110.906)
",-1458.655,-110.885,0.000,1.000,0.000,30,0,0,0,30,0,30,0,1.0,0.0,0.0,1.0,1.0169491525423728,-0.016949152542372836,1
"F[0,0](((BUN >= 1.052 | Potassium >= 0.577) & Hgb <= 3.081) & Lactate >= 0.316)
",-0.571,-5.449,0.000,0.000,1.000,30,0,0,0,30,0,30,0,1.0,0.0,0.0,1.0,1.0169491525423728,-0.016949152542372836,-1
"F[0,0]((Chloride >= 13.211 & HR <= 115.940) & Chloride <= 96.232)
",-4612192895165948.000,-16779.060,0.000,0.000,1.000,30,0,0,0,30,0,30,0,1.0,0.0,0.0,1.0,1.0169491525423728,-0.016949152542372836,-1
"F[0,0]((Calcium <= 3.176 & Potassium <= 1.734) & Magnesium >= 0.046)
",-0.403,-5.325,0.000,0.000,1.000,30,0,0,0,30,0,30,0,1.0,0.0,0.0,1.0,1.0169491525423728,-0.016949152542372836,-1
"G[0,0]((DBP >= 0.000 -> BaseExcess <= -0.137) | O2Sat >= -3.541)
",2.483,90.266,0.000,1.000,0.000,30,0,0,0,30,0,30,0,1.0,0.0,0.0,1.0,1.0169491525423728,-0.016949152542372836,1
"F[0,0](((Lactate >= 0.007 -> SBP <= 120.655) | BUN >= 30.851) & PaCO2 >= 54.249)
",-29.135,-53.746,0.000,0.000,1.000,30,0,0,0,30,0,30,0,1.0,0.0,0.0,1.0,1.0169491525423728,-0.016949152542372836,-1
"G[0,0](((Alkalinephos <= 9.215 & AST >= 0.567) & WBC <= 93.926) -> DBP <= 69.406)
",-0.461,-13.267,0.000,1.000,0.000,30,0,0,0,30,0,30,0,1.0,0.0,0.0,1.0,1.0169491525423728,-0.016949152542372836,1
"F[0,0]((O2Sat >= 78.586 -> pH >= 0.134) & Calcium >= 0.090)
",-1.457,-19.079,0.000,0.000,1.000,30,0,0,0,30,0,30,0,1.0,0.0,0.0,1.0,1.0169491525423728,-0.016949152542372836,-1
"G[0,0](((Alkalinephos <= 31.420 | Hgb <= 6.096) & Resp >= 0.849) | Bilirubin_total <= 5.338)
",2.381,4.479,0.000,1.000,0.000,30,0,0,0,30,0,30,0,1.0,0.0,0.0,1.0,1.0169491525423728,-0.016949152542372836,1
"G[0,0](((Chloride >= 14.024 & SaO2 >= 0.850) | pH <= 49.195) | HCO3 <= 64.478)
",28.545,65.098,0.000,1.000,0.000,30,0,0,0,30,0,30,0,1.0,0.0,0.0,1.0,1.0169491525423728,-0.016949152542372836,1
"G[0,0]((Lactate >= 0.008 & Temp <= 33.788) -> MAP <= 11.590)
",1.698,50.329,0.000,1.000,0.000,30,0,0,0,30,0,30,0,1.0,0.0,0.0,1.0,1.0169491525423728,-0.016949152542372836,1
"G[0,0]((Creatinine <= 1.689 & SaO2 >= 2.073) -> Lactate <= 72.301)
",-2.341,-65.164,0.000,1.000,0.000,30,0,0,0,30,0,30,0,1.0,0.0,0.0,1.0,1.0169491525423728,-0.016949152542372836,1
"G[0,0](((Lactate >= 0.018 -> PaCO2 >= 0.173) | MAP >= 0.972) | Chloride <= 25.952)
",3.220,95.569,0.000,1.000,0.000,30,0,0,0,30,0,30,0,1.0,0.0,0.0,1.0,1.0169491525423728,-0.016949152542372836,1
"G[0,0]((HR <= 114.540 & pH >= 0.153) -> Temp <= 2.416)
",2.122,78.239,0.000,1.000,0.000,30,0,0,0,30,0,30,0,1.0,0.0,0.0,1.0,1.0169491525423728,-0.016949152542372836,1
"G[0,0](BaseExcess <= -0.419 -> Temp <= 24.688)
",-0.412,-3.910,0.000,1.000,0.000,30,0,0,0,30,0,30,0,1.0,0.0,0.0,1.0,1.0169491525423728,-0.016949152542372836,1
"G[1,1]((O2Sat >= 57.888 & PaCO2 >= 0.761) -> SBP >= 0.190)
",2277040290488647.000,0.190,0.000,1.000,0.000,29,0,1,0,29,1,30,0,1.0,0.0,1.0,0.9666666666666667,0.9830508474576272,0.016949152542372836,1
"G[1,1]((Creatinine <= 3.168 | MAP <= 69.927) -> Platelets <= 88.207)
",-88.207,-88.207,0.000,1.000,0.000,29,0,1,0,29,1,30,0,1.0,0.0,1.0,0.9666666666666667,0.9830508474576272,0.016949152542372836,1
"G[0,1]((DBP >= 0.000 | Bilirubin_total >= 0.001) | PaCO2 >= 0.010)
",9999999.000,9999999.000,0.000,1.000,0.000,29,0,1,0,29,1,30,0,1.0,0.0,1.0,0.9666666666666667,0.9830508474576272,0.016949152542372836,1
"G[1,1](AST >= 4.637 -> HCO3 >= 0.344)
",6189882757260541.000,0.344,0.000,1.000,0.000,29,0,1,0,29,1,30,0,1.0,0.0,1.0,0.9666666666666667,0.9830508474576272,0.016949152542372836,1
"G[1,1](((Alkalinephos <= 32.030 -> MAP <= 71.709) -> Creatinine <= 75.166) -> PTT <= 69.554)
",-4894404497767724.000,-69.554,0.000,1.000,0.000,29,0,1,0,29,1,30,0,1.0,0.0,1.0,0.9666666666666667,0.9830508474576272,0.016949152542372836,1
"G[1,1](BaseExcess <= -0.193 -> O2Sat >= 17.710)
",6962024765123521.000,0.193,0.000,1.000,0.000,29,0,1,0,29,1,30,0,1.0,0.0,1.0,0.9666666666666667,0.9830508474576272,0.016949152542372836,1
"G[0,1]((Magnesium <= 1.194 & PaCO2 <= 16.040) | TroponinI <= 26.694)
",9999999.000,9999999.000,0.000,1.000,0.000,29,0,1,0,29,1,30,0,1.0,0.0,1.0,0.9666666666666667,0.9830508474576272,0.016949152542372836,1
"G[0,1]((HR >= 24.813 | SaO2 <= 46.011) | Creatinine >= 1.653)
",9999999.000,9999999.000,0.000,1.000,0.000,29,0,1,0,29,1,30,0,1.0,0.0,1.0,0.9666666666666667,0.9830508474576272,0.016949152542372836,1
"G[0,1]((Calcium <= 7.311 | Resp >= 0.218) | Calcium >= 12.123)
",9999999.000,9999999.000,0.000,1.000,0.000,29,0,1,0,29,1,30,0,1.0,0.0,1.0,0.9666666666666667,0.9830508474576272,0.016949152542372836,1
"G[0,1](AST >= 6.110 -> Calcium <= 1.155)
",9999999.000,9999999.000,0.000,1.000,0.000,29,0,1,0,29,1,30,0,1.0,0.0,1.0,0.9666666666666667,0.9830508474576272,0.016949152542372836,1
"G[1,1](((FiO2 <= 0.306 -> Glucose <= 127.264) | Glucose >= 3.161) | Fibrinogen <= 86.945)
",6118183420985089.000,86.945,0.000,1.000,0.000,29,0,1,0,29,1,30,0,1.0,0.0,1.0,0.9666666666666667,0.9830508474576272,0.016949152542372836,1
"G[0,1]((Creatinine >= 0.047 & EtCO2 <= 0.000) | HCO3 >= 0.000)
",9999999.000,9999999.000,0.000,1.000,0.000,29,0,1,0,29,1,30,0,1.0,0.0,1.0,0.9666666666666667,0.9830508474576272,0.016949152542372836,1
"F[0,1]((Calcium <= 3.292 & Potassium <= 2.376) & Magnesium >= 0.006)
",-9999999.000,-9999999.000,0.000,0.000,1.000,29,0,0,1,30,0,29,1,0.9666666666666667,0.0,0.0,1.0,0.9830508474576272,0.016949152542372836,-1
"F[0,1]((Calcium <= 0.482 & Potassium <= 1.037) & Magnesium >= 0.191)
",-9999999.000,-9999999.000,0.000,0.000,1.000,29,0,0,1,30,0,29,1,0.9666666666666667,0.0,0.0,1.0,0.9830508474576272,0.016949152542372836,-1
"((Chloride >= 9.733) U[1,1] (PTT >= 0.660))
",-5945767514241558.000,-0.660,0.000,0.000,1.000,29,0,0,1,30,0,29,1,0.9666666666666667,0.0,0.0,1.0,0.9830508474576272,0.016949152542372836,-1
"F[1,1](((Hgb <= 2.782 -> Resp <= 19.250) | Bilirubin_total <= 18.566) & Lactate >= 4.777)
",-5378689638927009.000,-4.777,0.000,0.000,1.000,29,0,0,1,30,0,29,1,0.9666666666666667,0.0,0.0,1.0,0.9830508474576272,0.016949152542372836,-1
"F[0,0]((HR <= 92.461 & PaCO2 >= 0.174) | FiO2 >= 0.889)
",0.310,1.886,0.000,0.000,1.000,29,0,0,1,30,0,29,1,0.9666666666666667,0.0,0.0,1.0,0.9830508474576272,0.016949152542372836,-1
"F[0,1](((Calcium < 3.800 & Potassium < 2.502) & Magnesium < 1.211) & Phosphate < 0.000)
",-9999999.000,-9999999.000,0.000,0.000,1.000,29,0,0,1,30,0,29,1,0.9666666666666667,0.0,0.0,1.0,0.9830508474576272,0.016949152542372836,-1
"G[1,1](((Creatinine <= 0.361 & Platelets >= 3.075) & Creatinine >= 3.817) -> pH <= 70.214)
",-70.214,-70.214,0.000,1.000,0.000,29,0,1,0,29,1,30,0,1.0,0.0,1.0,0.9666666666666667,0.9830508474576272,0.016949152542372836,1
"G[1,1](((Chloride >= 9.895 | FiO2 <= 0.526) | AST >= 0.083) | Magnesium <= 0.135)
",4739467273587473.000,0.526,0.000,1.000,0.000,29,0,1,0,29,1,30,0,1.0,0.0,1.0,0.9666666666666667,0.9830508474576272,0.016949152542372836,1
"G[0,1](((Hct <= 14.243 -> SaO2 <= 68.423) -> TroponinI <= 66.863) & DBP <= 91.322)
",9999999.000,9999999.000,0.000,1.000,0.000,29,0,1,0,29,1,30,0,1.0,0.0,1.0,0.9666666666666667,0.9830508474576272,0.016949152542372836,1
"G[0,1](SBP <= 123.473 -> SepsisLabel = 0.000)
",9999999.000,9999999.000,0.000,1.000,0.000,29,0,1,0,29,1,30,0,1.0,0.0,1.0,0.9666666666666667,0.9830508474576272,0.016949152542372836,1
"G[0,1]((DBP <= 0.000 -> HR <= 99.210) | Hgb <= 111.278)
",9999999.000,9999999.000,0.000,1.000,0.000,29,0,1,0,29,1,30,0,1.0,0.0,1.0,0.9666666666666667,0.9830508474576272,0.016949152542372836,1
"G[0,1](Glucose >= 10.131 -> SBP <= 139.594)
",9999999.000,9999999.000,0.000,1.000,0.000,29,0,1,0,29,1,30,0,1.0,0.0,1.0,0.9666666666666667,0.9830508474576272,0.016949152542372836,1
"G[0,1](((AST <= 101.136 | Platelets >= 6.139) & PaCO2 <= 36.182) -> Bilirubin_direct <= 126.745)
",9999999.000,9999999.000,0.000,1.000,0.000,29,0,1,0,29,1,30,0,1.0,0.0,1.0,0.9666666666666667,0.9830508474576272,0.016949152542372836,1
"G[0,1](((O2Sat >= 69.927 -> SaO2 <= 74.169) -> SaO2 >= 2.377) -> Platelets <= 35.982)
",9999999.000,9999999.000,0.000,1.000,0.000,29,0,1,0,29,1,30,0,1.0,0.0,1.0,0.9666666666666667,0.9830508474576272,0.016949152542372836,1
"G[1,1](((Magnesium >= 0.144 -> Potassium <= 2.769) -> Chloride <= 4.702) | Magnesium >= 0.422)
",-0.422,-0.422,0.000,1.000,0.000,29,0,1,0,29,1,30,0,1.0,0.0,1.0,0.9666666666666667,0.9830508474576272,0.016949152542372836,1
"G[0,1](((Phosphate >= 0.000 -> TroponinI >= 0.000) & EtCO2 >= 0.000) | SaO2 >= 0.000)
",9999999.000,9999999.000,0.000,1.000,0.000,29,0,1,0,29,1,30,0,1.0,0.0,1.0,0.9666666666666667,0.9830508474576272,0.016949152542372836,1
"G[0,1](((FiO2 >= 0.054 | PTT <= 15.783) -> Phosphate <= 11.077) | Bilirubin_direct <= 36.937)
",9999999.000,9999999.000,0.000,1.000,0.000,29,0,1,0,29,1,30,0,1.0,0.0,1.0,0.9666666666666667,0.9830508474576272,0.016949152542372836,1
"G[0,1](((Calcium <= 4.856 & FiO2 <= 0.382) & Calcium >= 0.085) -> Magnesium >= 0.059)
",9999999.000,9999999.000,0.000,1.000,0.000,29,0,1,0,29,1,30,0,1.0,0.0,1.0,0.9666666666666667,0.9830508474576272,0.016949152542372836,1
"G[1,1](((Creatinine >= 0.147 | Hct >= 5.185) -> BaseExcess <= 28.193) | AST <= 20.672)
",5818670971441974.000,20.672,0.000,1.000,0.000,29,0,1,0,29,1,30,0,1.0,0.0,1.0,0.9666666666666667,0.9830508474576272,0.016949152542372836,1
"G[1,1](((FiO2 >= 0.043 -> Lactate <= 0.387) | FiO2 <= 0.694) | Bilirubin_total >= 0.011)
",6248363702995265.000,0.694,0.000,1.000,0.000,29,0,1,0,29,1,30,0,1.0,0.0,1.0,0.9666666666666667,0.9830508474576272,0.016949152542372836,1
"G[0,1](((Creatinine >= 0.113 & EtCO2 >= 0.000) & Potassium <= 0.000) -> PTT >= 0.000)
",9999999.000,9999999.000,0.000,1.000,0.000,29,0,1,0,29,1,30,0,1.0,0.0,1.0,0.9666666666666667,0.9830508474576272,0.016949152542372836,1
"G[0,1](((Lactate <= 0.415 & SBP <= 139.464) -> AST <= 125.455) | WBC >= 82.582)
",9999999.000,9999999.000,0.000,1.000,0.000,29,0,1,0,29,1,30,0,1.0,0.0,1.0,0.9666666666666667,0.9830508474576272,0.016949152542372836,1
"G[0,0](((BaseExcess <= -0.351 | WBC >= 0.095) | HCO3 <= 0.335) | EtCO2 >= 0.025)
",1.808,18.640,0.000,1.000,0.000,29,0,0,1,30,0,29,1,0.9666666666666667,0.0,0.0,1.0,0.9830508474576272,0.016949152542372836,1
"G[0,1](pH >= 0.419 -> SepsisLabel = 0.000)
",9999999.000,9999999.000,0.000,1.000,0.000,29,0,1,0,29,1,30,0,1.0,0.0,1.0,0.9666666666666667,0.9830508474576272,0.016949152542372836,1
"G[1,1]((Calcium >= 0.105 & SaO2 >= 2.981) -> Alkalinephos <= 77.453)
",-2725144485441687.000,-77.453,0.000,1.000,0.000,29,0,1,0,29,1,30,0,1.0,0.0,1.0,0.9666666666666667,0.9830508474576272,0.016949152542372836,1
"G[0,1](Hct <= 5.720 | Phosphate >= 0.000)
",9999999.000,9999999.000,0.000,1.000,0.000,29,0,1,0,29,1,30,0,1.0,0.0,1.0,0.9666666666666667,0.9830508474576272,0.016949152542372836,1
"G[0,1]((BaseExcess >= -8.589 & Chloride <= 33.403) -> Platelets <= 80.414)
",9999999.000,9999999.000,0.000,1.000,0.000,29,0,1,0,29,1,30,0,1.0,0.0,1.0,0.9666666666666667,0.9830508474576272,0.016949152542372836,1
"G[0,1](((BUN >= 3.015 & Calcium <= 0.573) & EtCO2 >= 0.004) -> pH <= 0.544)
",9999999.000,9999999.000,0.000,1.000,0.000,29,0,1,0,29,1,30,0,1.0,0.0,1.0,0.9666666666666667,0.9830508474576272,0.016949152542372836,1
"G[1,1](Hct <= 17.094 -> Hct <= 9.948)
",-17.094,-17.094,0.000,1.000,0.000,29,0,1,0,29,1,30,0,1.0,0.0,1.0,0.9666666666666667,0.9830508474576272,0.016949152542372836,1
"G[0,1]((Alkalinephos <= 4.792 | Temp >= 3.761) | Temp <= 32.942)
",9999999.000,9999999.000,0.000,1.000,0.000,29,0,1,0,29,1,30,0,1.0,0.0,1.0,0.9666666666666667,0.9830508474576272,0.016949152542372836,1
"G[1,1](((Hct <= 19.789 -> WBC <= 0.444) -> Lactate >= 0.113) -> Chloride >= 0.027)
",-0.113,-0.113,0.000,1.000,0.000,29,0,1,0,29,1,30,0,1.0,0.0,1.0,0.9666666666666667,0.9830508474576272,0.016949152542372836,1
"G[0,1]((Chloride <= 44.943 | HCO3 >= 2.150) & EtCO2 <= 14.418)
",9999999.000,9999999.000,0.000,1.000,0.000,29,0,1,0,29,1,30,0,1.0,0.0,1.0,0.9666666666666667,0.9830508474576272,0.016949152542372836,1
"F[0,0](Calcium <= 2.955 & pH >= 0.410)
",-0.423,-5.584,0.000,0.000,1.000,28,0,0,2,30,0,28,2,0.9333333333333333,0.0,0.0,1.0,0.9491525423728814,0.05084745762711862,-1
"((pH <= 0.925) U[1,1] (Platelets >= 1.272))
",0.925,0.925,0.000,0.000,1.000,28,0,0,2,30,0,28,2,0.9333333333333333,0.0,0.0,1.0,0.9491525423728814,0.05084745762711862,-1
"G[0,1](((Glucose >= 6.782 | Resp >= 13.760) -> HR >= 5.590) | Resp >= 6.371)
",9999999.000,9999999.000,0.000,1.000,0.000,28,0,1,1,29,1,29,1,0.9655172413793104,0.0,1.0,0.9655172413793104,0.9491525423728814,0.05084745762711862,1
"G[0,1]((MAP >= 40.754 & WBC <= 1.509) | Alkalinephos <= 0.757)
",9999999.000,9999999.000,0.000,1.000,0.000,28,0,1,1,29,1,29,1,0.9655172413793104,0.0,1.0,0.9655172413793104,0.9491525423728814,0.05084745762711862,1
"G[0,0](pH >= 0.040 | HR <= 117.480)
",0.362,0.075,0.000,1.000,0.000,28,0,0,2,30,0,28,2,0.9333333333333333,0.0,0.0,1.0,0.9491525423728814,0.05084745762711862,1
"G[0,1](((Hct <= 5.824 -> Glucose <= 121.953) & Phosphate <= 74.875) & BUN <= 160.267)
",9999999.000,9999999.000,0.000,1.000,0.000,28,0,1,1,29,1,29,1,0.9655172413793104,0.0,1.0,0.9655172413793104,0.9491525423728814,0.05084745762711862,1
"G[1,1](((Phosphate >= 0.000 | Temp >= 5.226) & Lactate >= 0.211) | PaCO2 <= 14.606)
",14.606,14.606,0.000,1.000,0.000,28,0,1,1,29,1,29,1,0.9655172413793104,0.0,1.0,0.9655172413793104,0.9491525423728814,0.05084745762711862,1
"G[0,1](((Hct <= 22.316 & Calcium <= 2.998) -> SaO2 <= 6.243) & SepsisLabel <= 0.212)
",9999999.000,9999999.000,0.000,1.000,0.000,28,0,1,1,29,1,29,1,0.9655172413793104,0.0,1.0,0.9655172413793104,0.9491525423728814,0.05084745762711862,1
"G[0,1](O2Sat >= 42.024 | WBC <= 1.401)
",9999999.000,9999999.000,0.000,1.000,0.000,28,0,1,1,29,1,29,1,0.9655172413793104,0.0,1.0,0.9655172413793104,0.9491525423728814,0.05084745762711862,1
"G[1,1]((AST <= 50.001 | FiO2 >= 0.025) & Lactate <= 0.306)
",5514854858239186.000,0.306,0.000,1.000,0.000,28,0,1,1,29,1,29,1,0.9655172413793104,0.0,1.0,0.9655172413793104,0.9491525423728814,0.05084745762711862,1
"G[0,0](HCO3 <= 17.814 & PaCO2 <= 25.030)
",1101.306,17.809,0.000,1.000,0.000,28,0,0,2,30,0,28,2,0.9333333333333333,0.0,0.0,1.0,0.9491525423728814,0.05084745762711862,1
"G[0,0](((MAP >= 38.557 | WBC >= 0.027) -> EtCO2 >= 0.100) | PTT <= 1.047)
",-0.057,-0.174,0.000,1.000,0.000,28,0,0,2,30,0,28,2,0.9333333333333333,0.0,0.0,1.0,0.9491525423728814,0.05084745762711862,1
"G[1,1]((AST >= 4.212 & Creatinine <= 0.368) -> WBC <= 1.034)
",-4657879641864964.000,-1.034,0.000,1.000,0.000,27,0,1,2,29,1,28,2,0.9310344827586207,0.0,1.0,0.9642857142857143,0.9152542372881356,0.0847457627118644,1
"G[0,1]((Alkalinephos <= 22.805 | Chloride <= 37.084) | Bilirubin_total >= 18.338)
",9999999.000,9999999.000,0.000,1.000,0.000,27,0,1,2,29,1,28,2,0.9310344827586207,0.0,1.0,0.9642857142857143,0.9152542372881356,0.0847457627118644,1
"((Platelets >= 1.185) U[1,2] (SepsisLabel = 0.000))
",-9999999.000,-9999999.000,0.000,0.000,1.000,27,0,0,3,30,0,27,3,0.9,0.0,0.0,1.0,0.9152542372881356,0.0847457627118644,-1
"F[0,0](SaO2 <= 45.903 & WBC >= 0.040)
",0.225,1.922,0.000,0.000,1.000,27,0,0,3,30,0,27,3,0.9,0.0,0.0,1.0,0.9152542372881356,0.0847457627118644,-1
"F[0,1]((Alkalinephos >= 2.649 & WBC >= 0.019) & Magnesium >= 0.137)
",-9999999.000,-9999999.000,0.000,0.000,1.000,27,0,0,3,30,0,27,3,0.9,0.0,0.0,1.0,0.9152542372881356,0.0847457627118644,-1
"((Creatinine >= 0.022) U[0,0] (Glucose >= 5.719))
",0.456,19.288,0.000,0.000,1.000,27,0,0,3,30,0,27,3,0.9,0.0,0.0,1.0,0.9152542372881356,0.0847457627118644,-1
"((Bilirubin_total >= 0.006) U[1,1] (WBC >= 0.126))
",-6817837267579521.000,-0.006,0.000,0.000,1.000,27,0,0,3,30,0,27,3,0.9,0.0,0.0,1.0,0.9152542372881356,0.0847457627118644,-1
"((BaseExcess >= -0.659) U[0,1] (PaCO2 >= 1.061))
",-9999999.000,-9999999.000,0.000,0.000,1.000,27,0,0,3,30,0,27,3,0.9,0.0,0.0,1.0,0.9152542372881356,0.0847457627118644,-1
"F[0,1](PaCO2 > 0.163 & SepsisLabel = 0.000)
",-9999999.000,-9999999.000,0.000,0.000,1.000,27,0,0,3,30,0,27,3,0.9,0.0,0.0,1.0,0.9152542372881356,0.0847457627118644,-1
"((BaseExcess < -0.180) U[1,1] (SepsisLabel = 0.000))
",0.000,0.000,0.000,0.000,1.000,27,0,0,3,30,0,27,3,0.9,0.0,0.0,1.0,0.9152542372881356,0.0847457627118644,-1
"G[0,1]((MAP <= 80.802 -> Potassium <= 2.436) | HR >= 0.322)
",9999999.000,9999999.000,0.000,1.000,0.000,27,0,1,2,29,1,28,2,0.9310344827586207,0.0,1.0,0.9642857142857143,0.9152542372881356,0.0847457627118644,1
"((AST > 6.136) U[1,2] (SepsisLabel = 0.000))
",-9999999.000,-9999999.000,0.000,0.000,1.000,27,0,0,3,30,0,27,3,0.9,0.0,0.0,1.0,0.9152542372881356,0.0847457627118644,-1
"((Bilirubin_total >= 0.007) U[0,1] (PTT >= 0.629))
",-9999999.000,-9999999.000,0.000,0.000,1.000,26,0,0,4,30,0,26,4,0.8666666666666667,0.0,0.0,1.0,0.8813559322033898,0.11864406779661019,-1
"F[0,0]((Alkalinephos <= 20.219 -> O2Sat >= 83.580) -> SepsisLabel >= 54.833)
",0.312,11.765,0.000,0.000,1.000,26,0,0,4,30,0,26,4,0.8666666666666667,0.0,0.0,1.0,0.8813559322033898,0.11864406779661019,-1
"F[0,1](Platelets <= 39.705 -> Calcium >= 0.039)
",-9999999.000,-9999999.000,0.000,0.000,1.000,26,0,0,4,30,0,26,4,0.8666666666666667,0.0,0.0,1.0,0.8813559322033898,0.11864406779661019,-1
"((FiO2 <= 0.503) U[0,1] (Platelets >= 1.448))
",-9999999.000,-9999999.000,0.000,0.000,1.000,26,0,0,4,30,0,26,4,0.8666666666666667,0.0,0.0,1.0,0.8813559322033898,0.11864406779661019,-1
"((Calcium <= 3.813) U[1,1] (Hgb >= 0.041))
",2862017140201373.000,3.813,0.000,0.000,1.000,26,0,0,4,30,0,26,4,0.8666666666666667,0.0,0.0,1.0,0.8813559322033898,0.11864406779661019,-1
"F[0,1](Bilirubin_direct >= 0.000 & PTT >= 1.472)
",-9999999.000,-9999999.000,0.000,0.000,1.000,26,0,0,4,30,0,26,4,0.8666666666666667,0.0,0.0,1.0,0.8813559322033898,0.11864406779661019,-1
"F[1,1]((HR >= 73.450 & O2Sat >= 72.979) -> AST >= 45.654)
",2141730129961647.000,45.654,0.000,0.000,1.000,26,0,0,4,30,0,26,4,0.8666666666666667,0.0,0.0,1.0,0.8813559322033898,0.11864406779661019,-1
"F[0,1]((Hgb >= 0.195 | Lactate >= 0.021) & PTT <= 0.863)
",-9999999.000,-9999999.000,0.000,0.000,1.000,26,0,0,4,30,0,26,4,0.8666666666666667,0.0,0.0,1.0,0.8813559322033898,0.11864406779661019,-1
"((O2Sat <= 86.913) U[0,1] (PTT >= 0.083))
",-9999999.000,-9999999.000,0.000,0.000,1.000,26,0,0,4,30,0,26,4,0.8666666666666667,0.0,0.0,1.0,0.8813559322033898,0.11864406779661019,-1
"G[0,1](Hgb >= 0.582 | SBP <= 128.820)
",9999999.000,9999999.000,0.000,1.000,0.000,26,0,1,3,29,1,27,3,0.896551724137931,0.0,1.0,0.9629629629629629,0.8813559322033898,0.11864406779661019,1
"G[0,1](((BaseExcess >= -2.355 | Calcium <= 7.351) -> Alkalinephos <= 3.433) & PaCO2 <= 1.813)
",9999999.000,9999999.000,0.000,1.000,0.000,26,0,1,3,29,1,27,3,0.896551724137931,0.0,1.0,0.9629629629629629,0.8813559322033898,0.11864406779661019,1
"G[0,0]((Creatinine >= 0.281 | Hgb <= 2.691) & Glucose <= 2.268)
",3.240,2.092,0.000,1.000,0.000,26,0,0,4,30,0,26,4,0.8666666666666667,0.0,0.0,1.0,0.8813559322033898,0.11864406779661019,1
"G[0,1](((Magnesium >= 0.290 | O2Sat <= 93.655) & SBP <= 92.364) -> HCO3 >= 6.369)
",9999999.000,9999999.000,0.000,1.000,0.000,25,0,1,4,29,1,26,4,0.8620689655172413,0.0,1.0,0.9615384615384616,0.847457627118644,0.15254237288135597,1
"G[0,0](Creatinine <= 3.107 & HCO3 <= 8.889)
",-0.383,-16.203,0.000,1.000,0.000,25,0,0,5,30,0,25,5,0.8333333333333334,0.0,0.0,1.0,0.847457627118644,0.15254237288135597,1
"F[0,0]((HCO3 <= 3.320 -> WBC >= 0.031) | Lactate >= 0.027)
",0.255,7.111,0.000,0.000,1.000,25,0,0,5,30,0,25,5,0.8333333333333334,0.0,0.0,1.0,0.847457627118644,0.15254237288135597,-1
"((Glucose >= 9.334) U[1,2] (PaCO2 <= 32.124))
",-9999999.000,-9999999.000,0.000,0.000,1.000,25,0,0,5,30,0,25,5,0.8333333333333334,0.0,0.0,1.0,0.847457627118644,0.15254237288135597,-1
"F[0,0](((Lactate <= 0.530 & Magnesium >= 0.093) -> HCO3 >= 0.041) -> Potassium >= 0.349)
",-0.205,-0.338,0.000,0.000,1.000,25,0,0,5,30,0,25,5,0.8333333333333334,0.0,0.0,1.0,0.847457627118644,0.15254237288135597,-1
"G[0,0](((FiO2 >= 0.095 & Hct >= 3.996) & DBP >= 2.065) | O2Sat >= 0.071)
",2.384,86.653,0.000,1.000,0.000,25,0,0,5,30,0,25,5,0.8333333333333334,0.0,0.0,1.0,0.847457627118644,0.15254237288135597,1
"G[0,1](BaseExcess <= -0.511 | BUN <= 58.290)
",9999999.000,9999999.000,0.000,1.000,0.000,25,0,1,4,29,1,26,4,0.8620689655172413,0.0,1.0,0.9615384615384616,0.847457627118644,0.15254237288135597,1
"G[1,1](HCO3 <= 3.185 | Platelets >= 1.097)
",2390751238967164.500,3.185,0.000,1.000,0.000,25,0,1,4,29,1,26,4,0.8620689655172413,0.0,1.0,0.9615384615384616,0.847457627118644,0.15254237288135597,1
"F[0,1](BaseExcess <= -0.150 | PTT >= 1.175)
",-9999999.000,-9999999.000,0.000,0.000,1.000,24,0,0,6,30,0,24,6,0.8,0.0,0.0,1.0,0.8135593220338984,0.18644067796610164,-1
"G[1,1](((Magnesium >= 0.147 & MAP >= 61.737) & Fibrinogen <= 87.516) -> HCO3 >= 59.570)
",2794595983064637.000,59.570,0.000,1.000,0.000,24,0,1,5,29,1,25,5,0.8275862068965517,0.0,1.0,0.96,0.8135593220338984,0.18644067796610164,1
"F[0,1]((Fibrinogen <= 0.000 | Lactate >= 0.001) -> Resp <= 0.430)
",-9999999.000,-9999999.000,0.000,0.000,1.000,24,0,0,6,30,0,24,6,0.8,0.0,0.0,1.0,0.8135593220338984,0.18644067796610164,-1
"F[0,1](((Bilirubin_total <= 0.033 & pH >= 0.410) | SBP >= 0.416) & Glucose >= 0.455)
",-9999999.000,-9999999.000,0.000,0.000,1.000,24,0,0,6,30,0,24,6,0.8,0.0,0.0,1.0,0.8135593220338984,0.18644067796610164,-1
"F[1,1](((Bilirubin_total >= 0.006 -> Alkalinephos <= 22.774) & Chloride <= 40.657) -> Fibrinogen >= 1.738)
",7826422251292984.000,1.738,0.000,0.000,1.000,24,0,0,6,30,0,24,6,0.8,0.0,0.0,1.0,0.8135593220338984,0.18644067796610164,-1
"G[0,1]((Platelets >= 8.259 -> Potassium <= 2.332) -> Chloride <= 3.954)
",9999999.000,9999999.000,0.000,1.000,0.000,23,0,1,6,29,1,24,6,0.7931034482758621,0.0,1.0,0.9583333333333334,0.7796610169491526,0.22033898305084743,1
"G[1,1]((Hct <= 20.253 & AST <= 158.668) | Fibrinogen >= 2.986)
",20.253,20.253,0.000,1.000,0.000,23,0,1,6,29,1,24,6,0.7931034482758621,0.0,1.0,0.9583333333333334,0.7796610169491526,0.22033898305084743,1
"G[0,1]((HCO3 <= 17.565 -> O2Sat >= 83.581) & Bilirubin_total <= 92.026)
",9999999.000,9999999.000,0.000,1.000,0.000,23,0,1,6,29,1,24,6,0.7931034482758621,0.0,1.0,0.9583333333333334,0.7796610169491526,0.22033898305084743,1
"G[0,1]((AST <= 53.678 & pH <= 1.164) -> Magnesium <= 1.054)
",9999999.000,9999999.000,0.000,1.000,0.000,23,0,1,6,29,1,24,6,0.7931034482758621,0.0,1.0,0.9583333333333334,0.7796610169491526,0.22033898305084743,1
"G[0,1]((BUN <= 66.041 -> EtCO2 <= 0.000) & Glucose <= 0.000)
",9999999.000,9999999.000,0.000,1.000,0.000,23,0,1,6,29,1,24,6,0.7931034482758621,0.0,1.0,0.9583333333333334,0.7796610169491526,0.22033898305084743,1
"F[1,1](((Glucose <= 141.007 -> Hgb >= 0.407) | Chloride >= 0.030) | Glucose >= 0.697)
",-4340579063986763.500,-0.030,0.000,0.000,1.000,23,0,0,7,30,0,23,7,0.7666666666666667,0.0,0.0,1.0,0.7796610169491526,0.22033898305084743,-1
"F[0,1](Lactate <= 0.237 -> O2Sat <= 88.256)
",-9999999.000,-9999999.000,0.000,0.000,1.000,23,0,0,7,30,0,23,7,0.7666666666666667,0.0,0.0,1.0,0.7796610169491526,0.22033898305084743,-1
"F[0,1](((Creatinine <= 0.449 | PaCO2 >= 1.002) & PaCO2 >= 0.751) | Glucose >= 0.142)
",-9999999.000,-9999999.000,0.000,0.000,1.000,22,0,0,8,30,0,22,8,0.7333333333333333,0.0,0.0,1.0,0.7457627118644068,0.2542372881355932,-1
"G[1,1](Hct <= 19.351 & PaCO2 <= 24.382)
",5446934914934300.000,19.351,0.000,1.000,0.000,22,0,1,7,29,1,23,7,0.7586206896551724,0.0,1.0,0.9565217391304348,0.7457627118644068,0.2542372881355932,1
"G[1,1]((BUN <= 42.276 & Resp >= 6.028) & O2Sat >= 0.724)
",-2262443772910660.500,-6.028,0.000,1.000,0.000,22,0,1,7,29,1,23,7,0.7586206896551724,0.0,1.0,0.9565217391304348,0.7457627118644068,0.2542372881355932,1
"F[0,1]((BUN <= 66.902 -> Glucose >= 6.082) | BUN >= 3.471)
",-9999999.000,-9999999.000,0.000,0.000,1.000,21,0,0,9,30,0,21,9,0.7,0.0,0.0,1.0,0.711864406779661,0.288135593220339,-1
"F[1,1](Alkalinephos <= 13.794 -> FiO2 >= 0.091)
",-7765465866879361.000,-13.794,0.000,0.000,1.000,20,0,0,10,30,0,20,10,0.6666666666666666,0.0,0.0,1.0,0.6779661016949152,0.3220338983050848,-1
"((MAP >= 18.463) U[0,0] (SBP <= 100.177))
",12.736,98.542,0.000,0.000,1.000,19,0,0,11,30,0,19,11,0.6333333333333333,0.0,0.0,1.0,0.6440677966101694,0.35593220338983056,-1
"G[0,1](Hct <= 7.657 & Resp >= 11.684)
",9999999.000,9999999.000,0.000,1.000,0.000,19,0,1,10,29,1,20,10,0.6551724137931034,0.0,1.0,0.95,0.6440677966101694,0.35593220338983056,1
"G[0,1]((SaO2 <= 56.686 & HR <= 99.402) -> Creatinine >= 29.684)
",9999999.000,9999999.000,0.000,1.000,0.000,18,0,1,11,29,1,19,11,0.6206896551724138,0.0,1.0,0.9473684210526315,0.6101694915254238,0.38983050847457623,1
"G[0,0]((MAP <= 78.226 -> PTT >= 0.926) | HR <= 37.154)
",-0.403,-10.895,0.000,1.000,0.000,17,0,0,13,30,0,17,13,0.5666666666666667,0.0,0.0,1.0,0.576271186440678,0.423728813559322,1
"F[1,1](((Temp <= 19.917 & Bilirubin_direct <= 0.000) & Lactate >= 0.000) | O2Sat <= 0.000)
",0.000,0.000,0.000,0.000,1.000,15,0,0,15,30,0,15,15,0.5,0.0,0.0,1.0,0.5084745762711864,0.4915254237288136,-1
"F[0,1](Calcium <= 0.981 -> SBP <= 99.703)
",-9999999.000,-9999999.000,0.000,0.000,1.000,14,0,0,16,30,0,14,16,0.4666666666666667,0.0,0.0,1.0,0.4745762711864407,0.5254237288135593,-1
"((HR >= 37.817) U[0,1] (Temp >= 8.779))
",-9999999.000,-9999999.000,0.000,0.000,1.000,13,0,0,17,30,0,13,17,0.43333333333333335,0.0,0.0,1.0,0.4406779661016949,0.5593220338983051,-1
"((Bilirubin_total >= 0.001) U[0,1] (Temp >= 0.730))
",-9999999.000,-9999999.000,0.000,0.000,1.000,13,0,0,17,30,0,13,17,0.43333333333333335,0.0,0.0,1.0,0.4406779661016949,0.5593220338983051,-1
"G[0,1](((FiO2 <= 0.599 -> Temp >= 4.212) | Hct >= 7.942) -> Lactate >= 9.083)
",9999999.000,9999999.000,0.000,1.000,0.000,9,0,1,20,29,1,10,20,0.3103448275862069,0.0,1.0,0.9,0.3050847457627119,0.6949152542372881,1
"((AST <= 53.284) U[0,0] (MAP >= 51.956))
",7.319,58.150,0.000,0.000,1.000,8,0,0,22,30,0,8,22,0.26666666666666666,0.0,0.0,1.0,0.2711864406779661,0.728813559322034,-1
"G[0,1](((Alkalinephos >= 1.899 -> HR >= 18.580) | TroponinI >= 77.764) -> HR <= 96.030)
",9999999.000,9999999.000,0.000,1.000,0.000,8,0,0,22,30,0,8,22,0.26666666666666666,0.0,0.0,1.0,0.2711864406779661,0.728813559322034,1
"((MAP >= 37.983) U[1,2] (SBP <= 127.598))
",-9999999.000,-9999999.000,0.000,0.000,1.000,8,0,0,22,30,0,8,22,0.26666666666666666,0.0,0.0,1.0,0.2711864406779661,0.728813559322034,-1
"((MAP >= 40.398) U[0,0] (SBP <= 114.935))
",7.197,106.736,0.000,0.000,1.000,8,0,0,22,30,0,8,22,0.26666666666666666,0.0,0.0,1.0,0.2711864406779661,0.728813559322034,-1
"((MAP >= 30.565) U[1,2] (SBP <= 134.983))
",-9999999.000,-9999999.000,0.000,0.000,1.000,8,0,0,22,30,0,8,22,0.26666666666666666,0.0,0.0,1.0,0.2711864406779661,0.728813559322034,-1
"((MAP >= 19.639) U[1,2] (SBP <= 133.579))
",-9999999.000,-9999999.000,0.000,0.000,1.000,8,0,0,22,30,0,8,22,0.26666666666666666,0.0,0.0,1.0,0.2711864406779661,0.728813559322034,-1
"F[1,1](SBP <= 112.945 | WBC >= 0.140)
",7947777674339352.000,112.945,0.000,0.000,1.000,8,0,0,22,30,0,8,22,0.26666666666666666,0.0,0.0,1.0,0.2711864406779661,0.728813559322034,-1
"((MAP >= 26.923) U[1,2] (SBP <= 129.471))
",-9999999.000,-9999999.000,0.000,0.000,1.000,8,0,0,22,30,0,8,22,0.26666666666666666,0.0,0.0,1.0,0.2711864406779661,0.728813559322034,-1
"((BUN <= 59.210) U[0,0] (SBP >= 38.260))
",1.922,49.798,0.000,0.000,1.000,7,0,0,23,30,0,7,23,0.23333333333333334,0.0,0.0,1.0,0.23728813559322035,0.7627118644067796,-1
"((BaseExcess >= -0.615) U[0,0] (SBP >= 2.842))
",0.608,8.581,0.000,0.000,1.000,7,0,0,23,30,0,7,23,0.23333333333333334,0.0,0.0,1.0,0.23728813559322035,0.7627118644067796,-1
"G[0,0](((Chloride >= 7.792 -> Lactate >= 0.016) & HCO3 >= 0.027) | SBP <= 0.074)
",1.152,0.050,0.000,1.000,0.000,7,0,0,23,30,0,7,23,0.23333333333333334,0.0,0.0,1.0,0.23728813559322035,0.7627118644067796,1
"((Chloride <= 95.427) U[1,1] (PTT <= 40.563))
",2238366290977969.750,95.427,0.000,0.000,1.000,6,0,0,24,30,0,6,24,0.2,0.0,0.0,1.0,0.2033898305084746,0.7966101694915254,-1
"G[0,0](Chloride >= 2.522 & HCO3 >= 2.262)
",-1.411,-3.125,0.000,1.000,0.000,5,0,0,25,30,0,5,25,0.16666666666666666,0.0,0.0,1.0,0.1694915254237288,0.8305084745762712,1
"G[1,1](Chloride >= 14.137 & HCO3 >= 0.415)
",-7958478023562654.000,-14.137,0.000,1.000,0.000,5,0,1,24,29,1,6,24,0.1724137931034483,0.0,1.0,0.8333333333333334,0.1694915254237288,0.8305084745762712,1
"G[0,0]((BUN >= 8.605 -> Platelets >= 6.913) & O2Sat <= 57.106)
",-1.369,-46.534,0.000,1.000,0.000,5,0,0,25,30,0,5,25,0.16666666666666666,0.0,0.0,1.0,0.1694915254237288,0.8305084745762712,1
"G[0,0]((Potassium <= 2.591 & PaCO2 <= 7.768) -> Hgb >= 0.614)
",-0.777,-7.558,0.000,1.000,0.000,5,0,0,25,30,0,5,25,0.16666666666666666,0.0,0.0,1.0,0.1694915254237288,0.8305084745762712,1
"((HCO3 <= 9.661) U[1,2] (SepsisLabel = 0.000))
",-9999999.000,-9999999.000,0.000,0.000,1.000,5,0,0,25,30,0,5,25,0.16666666666666666,0.0,0.0,1.0,0.1694915254237288,0.8305084745762712,-1
"((Chloride <= 85.986) U[1,2] (SBP <= 114.635))
",-9999999.000,-9999999.000,0.000,0.000,1.000,5,0,0,25,30,0,5,25,0.16666666666666666,0.0,0.0,1.0,0.1694915254237288,0.8305084745762712,-1
"((Bilirubin_total <= 0.042) U[1,1] (BUN <= 36.508))
",36.508,36.508,0.000,0.000,1.000,5,0,0,25,30,0,5,25,0.16666666666666666,0.0,0.0,1.0,0.1694915254237288,0.8305084745762712,-1
"F[0,0](FiO2 >= 0.070 -> SaO2 >= 2.311)
",-0.417,-3.267,0.000,0.000,1.000,5,0,0,25,30,0,5,25,0.16666666666666666,0.0,0.0,1.0,0.1694915254237288,0.8305084745762712,-1
"((Magnesium <= 0.417) U[1,2] (PTT <= 22.111))
",-9999999.000,-9999999.000,0.000,0.000,1.000,5,0,0,25,30,0,5,25,0.16666666666666666,0.0,0.0,1.0,0.1694915254237288,0.8305084745762712,-1
"F[0,0](Hgb <= 4.433 & Temp <= 35.480)
",-2.413,-52.440,0.000,0.000,1.000,4,0,0,26,30,0,4,26,0.13333333333333333,0.0,0.0,1.0,0.13559322033898305,0.864406779661017,-1
"F[0,0]((Glucose <= 93.582 -> Hct <= 11.741) | PaCO2 >= 0.405)
",0.053,0.097,0.000,0.000,1.000,4,0,0,26,30,0,4,26,0.13333333333333333,0.0,0.0,1.0,0.13559322033898305,0.864406779661017,-1
"((MAP >= 41.869) U[1,2] (SBP <= 101.766))
",-9999999.000,-9999999.000,0.000,0.000,1.000,4,0,0,26,30,0,4,26,0.13333333333333333,0.0,0.0,1.0,0.13559322033898305,0.864406779661017,-1
"F[0,0](Resp <= 22.771 & SepsisLabel = 0.000)
",-0.272,-12.345,0.000,0.000,1.000,4,0,0,26,30,0,4,26,0.13333333333333333,0.0,0.0,1.0,0.13559322033898305,0.864406779661017,-1
"F[1,1]((BUN >= 5.257 -> Lactate <= 0.426) -> HCO3 <= 0.821)
",-0.821,-0.821,0.000,0.000,1.000,4,0,0,26,30,0,4,26,0.13333333333333333,0.0,0.0,1.0,0.13559322033898305,0.864406779661017,-1
"F[0,0]((Potassium >= 0.552 -> Temp >= 2.480) | O2Sat <= 12.659)
",-1.851,-69.325,0.000,0.000,1.000,4,0,0,26,30,0,4,26,0.13333333333333333,0.0,0.0,1.0,0.13559322033898305,0.864406779661017,-1
"G[0,1](Hct >= 3.545 | Hgb >= 0.187)
",9999999.000,9999999.000,0.000,1.000,0.000,4,0,0,26,30,0,4,26,0.13333333333333333,0.0,0.0,1.0,0.13559322033898305,0.864406779661017,1
"G[1,1](Hct <= 26.711 -> Lactate >= 0.007)
",-7518358237807102.000,-26.711,0.000,1.000,0.000,4,0,1,25,29,1,5,25,0.13793103448275862,0.0,1.0,0.8,0.13559322033898305,0.864406779661017,1
"((Chloride >= 2.118) U[0,1] (Resp >= 15.607))
",-9999999.000,-9999999.000,0.000,0.000,1.000,4,0,0,26,30,0,4,26,0.13333333333333333,0.0,0.0,1.0,0.13559322033898305,0.864406779661017,-1
"G[1,1](Platelets <= 99.133 -> WBC >= 0.050)
",-3487935743355227.000,-99.133,0.000,1.000,0.000,3,0,1,26,29,1,4,26,0.10344827586206896,0.0,1.0,0.75,0.1016949152542373,0.8983050847457628,1
"G[1,1](Platelets <= 81.051 -> WBC >= 0.031)
",-5703433483500907.000,-81.051,0.000,1.000,0.000,3,0,1,26,29,1,4,26,0.10344827586206896,0.0,1.0,0.75,0.1016949152542373,0.8983050847457628,1
"G[1,1](((HCO3 <= 7.441 & Hgb >= 0.682) & Lactate >= 0.261) | WBC >= 0.082)
",-2937667903103509.500,-0.082,0.000,1.000,0.000,3,0,1,26,29,1,4,26,0.10344827586206896,0.0,1.0,0.75,0.1016949152542373,0.8983050847457628,1
"F[0,1](AST <= 12.436 & HR >= 75.846)
",-9999999.000,-9999999.000,0.000,0.000,1.000,3,0,0,27,30,0,3,27,0.1,0.0,0.0,1.0,0.1016949152542373,0.8983050847457628,-1
"G[0,1](HCO3 >= 0.308 | SaO2 >= 2.845)
",9999999.000,9999999.000,0.000,1.000,0.000,3,0,0,27,30,0,3,27,0.1,0.0,0.0,1.0,0.1016949152542373,0.8983050847457628,1
"((Bilirubin_total >= 0.002) U[1,2] (BUN >= 8.324))
",-9999999.000,-9999999.000,0.000,0.000,1.000,3,0,0,27,30,0,3,27,0.1,0.0,0.0,1.0,0.1016949152542373,0.8983050847457628,-1
"F[1,1]((O2Sat >= 66.782 | Resp <= 18.091) -> Glucose <= 24.246)
",-6824506339985343.000,-24.246,0.000,0.000,1.000,3,0,0,27,30,0,3,27,0.1,0.0,0.0,1.0,0.1016949152542373,0.8983050847457628,-1
"((FiO2 <= 0.557) U[0,1] (Resp <= 20.275))
",-9999999.000,-9999999.000,0.000,0.000,1.000,3,0,0,27,30,0,3,27,0.1,0.0,0.0,1.0,0.1016949152542373,0.8983050847457628,-1
"((Chloride <= 87.641) U[0,1] (Magnesium <= 0.363))
",-9999999.000,-9999999.000,0.000,0.000,1.000,3,0,0,27,30,0,3,27,0.1,0.0,0.0,1.0,0.1016949152542373,0.8983050847457628,-1
"F[1,1](Hgb <= 1.984 | Hct <= 13.655)
",3843544496934197.000,13.655,0.000,0.000,1.000,3,0,0,27,30,0,3,27,0.1,0.0,0.0,1.0,0.1016949152542373,0.8983050847457628,-1
"((Hgb <= 3.838) U[1,1] (Bilirubin_direct <= 0.000))
",3.838,3.838,0.000,0.000,1.000,3,0,0,27,30,0,3,27,0.1,0.0,0.0,1.0,0.1016949152542373,0.8983050847457628,-1
"F[1,1](Hgb <= 2.398 | Hct <= 11.994)
",6752203608850879.000,11.994,0.000,0.000,1.000,3,0,0,27,30,0,3,27,0.1,0.0,0.0,1.0,0.1016949152542373,0.8983050847457628,-1
"G[0,1](Chloride >= 18.589 & HCO3 >= 1.622)
",9999999.000,9999999.000,0.000,1.000,0.000,3,0,0,27,30,0,3,27,0.1,0.0,0.0,1.0,0.1016949152542373,0.8983050847457628,1
"F[0,0](Creatinine <= 1.723 | Magnesium <= 1.192)
",4.097,1.570,0.000,0.000,1.000,3,0,0,27,30,0,3,27,0.1,0.0,0.0,1.0,0.1016949152542373,0.8983050847457628,-1
"G[0,0](Alkalinephos >= 0.974 & Potassium >= 0.836)
",-18.299,-0.950,0.000,1.000,0.000,2,0,0,28,30,0,2,28,0.06666666666666667,0.0,0.0,1.0,0.06779661016949153,0.9322033898305084,1
"F[0,1](Hgb <= 7.672 | Hct <= 13.838)
",-9999999.000,-9999999.000,0.000,0.000,1.000,2,0,0,28,30,0,2,28,0.06666666666666667,0.0,0.0,1.0,0.06779661016949153,0.9322033898305084,-1
"F[0,1](Temp <= 21.081 & WBC <= 0.548)
",-9999999.000,-9999999.000,0.000,0.000,1.000,2,0,0,28,30,0,2,28,0.06666666666666667,0.0,0.0,1.0,0.06779661016949153,0.9322033898305084,-1
"F[1,1](Chloride >= 2.949 | MAP >= 18.043)
",-6640937315262173.000,-2.949,0.000,0.000,1.000,2,0,0,28,30,0,2,28,0.06666666666666667,0.0,0.0,1.0,0.06779661016949153,0.9322033898305084,-1
"((PaCO2 >= 0.756) U[0,0] (Platelets <= 137.614))
",137.614,137.614,0.000,0.000,1.000,2,0,0,28,30,0,2,28,0.06666666666666667,0.0,0.0,1.0,0.06779661016949153,0.9322033898305084,-1
"((MAP >= 17.531) U[0,1] (SBP <= 118.870))
",-9999999.000,-9999999.000,0.000,0.000,1.000,2,0,0,28,30,0,2,28,0.06666666666666667,0.0,0.0,1.0,0.06779661016949153,0.9322033898305084,-1
"F[0,1](AST <= 36.047 & Bilirubin_total <= 0.263)
",-9999999.000,-9999999.000,0.000,0.000,1.000,2,0,0,28,30,0,2,28,0.06666666666666667,0.0,0.0,1.0,0.06779661016949153,0.9322033898305084,-1
"F[0,1]((AST <= 15.518 | Hgb <= 8.496) & AST <= 5.741)
",-9999999.000,-9999999.000,0.000,0.000,1.000,2,0,0,28,30,0,2,28,0.06666666666666667,0.0,0.0,1.0,0.06779661016949153,0.9322033898305084,-1
"F[0,0](BaseExcess <= -0.098 -> Hct <= 23.676)
",-23.676,-23.676,0.000,0.000,1.000,2,0,0,28,30,0,2,28,0.06666666666666667,0.0,0.0,1.0,0.06779661016949153,0.9322033898305084,-1
"((Creatinine <= 2.711) U[0,0] (pH <= 3.743))
",17.400,3.628,0.000,0.000,1.000,2,0,0,28,30,0,2,28,0.06666666666666667,0.0,0.0,1.0,0.06779661016949153,0.9322033898305084,-1
"F[0,1](Hgb <= 1.681 | Hct <= 25.105)
",-9999999.000,-9999999.000,0.000,0.000,1.000,2,0,0,28,30,0,2,28,0.06666666666666667,0.0,0.0,1.0,0.06779661016949153,0.9322033898305084,-1
"F[1,1](HCO3 <= 12.573 | Temp >= 4.332)
",12.573,12.573,0.000,0.000,1.000,2,0,0,28,30,0,2,28,0.06666666666666667,0.0,0.0,1.0,0.06779661016949153,0.9322033898305084,-1
"F[0,1]((Alkalinephos <= 14.655 & Hct >= 1.523) -> DBP >= 5.400)
",-9999999.000,-9999999.000,0.000,0.000,1.000,2,0,0,28,30,0,2,28,0.06666666666666667,0.0,0.0,1.0,0.06779661016949153,0.9322033898305084,-1
"G[0,1](Platelets <= 52.862 -> WBC >= 0.083)
",9999999.000,9999999.000,0.000,1.000,0.000,2,0,0,28,30,0,2,28,0.06666666666666667,0.0,0.0,1.0,0.06779661016949153,0.9322033898305084,1
"G[0,0](((Hgb <= 2.962 | Hct <= 16.096) -> WBC >= 0.131) & Platelets >= 7.697)
",-2.192,-18.377,0.000,1.000,0.000,2,0,0,28,30,0,2,28,0.06666666666666667,0.0,0.0,1.0,0.06779661016949153,0.9322033898305084,1
"G[0,0](((Hgb <= 5.099 | Hct <= 8.404) -> WBC >= 0.009) & Platelets >= 5.018)
",-1.083,-11.224,0.000,1.000,0.000,2,0,0,28,30,0,2,28,0.06666666666666667,0.0,0.0,1.0,0.06779661016949153,0.9322033898305084,1
"G[0,1](FiO2 >= 0.047 & SepsisLabel = 0.000)
",9999999.000,9999999.000,0.000,1.000,0.000,2,0,0,28,30,0,2,28,0.06666666666666667,0.0,0.0,1.0,0.06779661016949153,0.9322033898305084,1
"G[0,1](Lactate <= 0.737 & Potassium >= 0.424)
",9999999.000,9999999.000,0.000,1.000,0.000,2,0,0,28,30,0,2,28,0.06666666666666667,0.0,0.0,1.0,0.06779661016949153,0.9322033898305084,1
"G[0,1](Platelets <= 83.929 -> WBC >= 0.127)
",9999999.000,9999999.000,0.000,1.000,0.000,2,0,0,28,30,0,2,28,0.06666666666666667,0.0,0.0,1.0,0.06779661016949153,0.9322033898305084,1
"G[0,1](((MAP >= 10.924 | Temp >= 6.352) | Glucose <= 27.161) -> AST >= 7.505)
",9999999.000,9999999.000,0.000,1.000,0.000,2,0,0,28,30,0,2,28,0.06666666666666667,0.0,0.0,1.0,0.06779661016949153,0.9322033898305084,1
"((Creatinine <= 2.414) U[0,1] (Magnesium <= 1.784))
",-9999999.000,-9999999.000,0.000,0.000,1.000,2,0,0,28,30,0,2,28,0.06666666666666667,0.0,0.0,1.0,0.06779661016949153,0.9322033898305084,-1
"F[0,1](WBC < 0.576 & SepsisLabel = 0.000)
",-9999999.000,-9999999.000,0.000,0.000,1.000,2,0,0,28,30,0,2,28,0.06666666666666667,0.0,0.0,1.0,0.06779661016949153,0.9322033898305084,-1
"F[1,1](((pH <= 1.999 | PTT >= 1.413) & PTT >= 0.668) -> Lactate >= 1.894)
",3006432117459926.000,0.668,0.000,0.000,1.000,1,0,0,29,30,0,1,29,0.03333333333333333,0.0,0.0,1.0,0.03389830508474576,0.9661016949152542,-1
"F[0,1]((O2Sat >= 26.628 | SBP >= 58.266) & Lactate <= 135.117)
",-9999999.000,-9999999.000,0.000,0.000,1.000,1,0,0,29,30,0,1,29,0.03333333333333333,0.0,0.0,1.0,0.03389830508474576,0.9661016949152542,-1
"G[0,0]((Bilirubin_total <= 0.251 -> pH <= 0.814) -> EtCO2 >= 0.183)
",-2.276,-15.636,0.000,1.000,0.000,1,0,0,29,30,0,1,29,0.03333333333333333,0.0,0.0,1.0,0.03389830508474576,0.9661016949152542,1
"G[0,1](((Glucose >= 4.960 | Lactate >= 0.001) & HCO3 >= 0.003) & SepsisLabel <= 0.603)
",9999999.000,9999999.000,0.000,1.000,0.000,1,0,0,29,30,0,1,29,0.03333333333333333,0.0,0.0,1.0,0.03389830508474576,0.9661016949152542,1
"G[0,1](Bilirubin_total <= 0.287 -> Lactate >= 0.011)
",9999999.000,9999999.000,0.000,1.000,0.000,1,0,0,29,30,0,1,29,0.03333333333333333,0.0,0.0,1.0,0.03389830508474576,0.9661016949152542,1
"G[1,1](((FiO2 >= 0.073 -> Magnesium >= 0.341) & Potassium >= 0.208) & Hct <= 2.418)
",-7477490877380254.000,-0.208,0.000,1.000,0.000,1,0,1,28,29,1,2,28,0.034482758620689655,0.0,1.0,0.5,0.03389830508474576,0.9661016949152542,1
"G[0,1](((AST >= 2.773 & HR >= 82.262) -> FiO2 <= 102.913) & AST >= 84.872)
",9999999.000,9999999.000,0.000,1.000,0.000,1,0,0,29,30,0,1,29,0.03333333333333333,0.0,0.0,1.0,0.03389830508474576,0.9661016949152542,1
"G[1,1](((Hgb <= 4.418 | Hct <= 21.218) -> WBC >= 0.019) & Platelets >= 7.501)
",-1990738256948454.250,-21.218,0.000,1.000,0.000,1,0,1,28,29,1,2,28,0.034482758620689655,0.0,1.0,0.5,0.03389830508474576,0.9661016949152542,1
"F[0,0]((PaCO2 >= 0.180 & Resp <= 26.118) -> Lactate >= 5.359)
",-0.258,-6.852,0.000,0.000,1.000,1,0,0,29,30,0,1,29,0.03333333333333333,0.0,0.0,1.0,0.03389830508474576,0.9661016949152542,-1
"F[1,1]((Phosphate >= 0.000 & Magnesium > 0.259) -> Calcium < 5.656)
",-6368173600131715.000,-5.656,0.000,0.000,1.000,1,0,0,29,30,0,1,29,0.03333333333333333,0.0,0.0,1.0,0.03389830508474576,0.9661016949152542,-1
"F[0,1](MAP <= 92.237 -> O2Sat >= 53.233)
",-9999999.000,-9999999.000,0.000,0.000,1.000,1,0,0,29,30,0,1,29,0.03333333333333333,0.0,0.0,1.0,0.03389830508474576,0.9661016949152542,-1
"((Bilirubin_total <= 0.070) U[1,2] (Lactate <= 0.885))
",-9999999.000,-9999999.000,0.000,0.000,1.000,1,0,0,29,30,0,1,29,0.03333333333333333,0.0,0.0,1.0,0.03389830508474576,0.9661016949152542,-1
"((Lactate >= 0.006) U[0,1] (Resp >= 3.740))
",-9999999.000,-9999999.000,0.000,0.000,1.000,1,0,0,29,30,0,1,29,0.03333333333333333,0.0,0.0,1.0,0.03389830508474576,0.9661016949152542,-1
"((Alkalinephos >= 0.084) U[0,0] (Lactate <= 0.281))
",0.465,10.977,0.000,0.000,1.000,1,0,0,29,30,0,1,29,0.03333333333333333,0.0,0.0,1.0,0.03389830508474576,0.9661016949152542,-1
"F[0,1](Hgb <= 4.192 -> Potassium <= 0.959)
",-9999999.000,-9999999.000,0.000,0.000,1.000,1,0,0,29,30,0,1,29,0.03333333333333333,0.0,0.0,1.0,0.03389830508474576,0.9661016949152542,-1
"F[1,1](((Alkalinephos >= 0.250 | BUN <= 63.232) | Calcium >= 2.438) & pH <= 46.937)
",6605841662489335.000,46.937,0.000,0.000,1.000,1,0,0,29,30,0,1,29,0.03333333333333333,0.0,0.0,1.0,0.03389830508474576,0.9661016949152542,-1
"((Creatinine >= 0.225) U[0,1] (SBP >= 23.867))
",-9999999.000,-9999999.000,0.000,0.000,1.000,1,0,0,29,30,0,1,29,0.03333333333333333,0.0,0.0,1.0,0.03389830508474576,0.9661016949152542,-1
"F[0,1]((Hct <= 26.569 -> O2Sat >= 64.766) | HR >= 71.663)
",-9999999.000,-9999999.000,0.000,0.000,1.000,1,0,0,29,30,0,1,29,0.03333333333333333,0.0,0.0,1.0,0.03389830508474576,0.9661016949152542,-1
"((Alkalinephos <= 29.412) U[1,2] (pH >= 0.121))
",-9999999.000,-9999999.000,0.000,0.000,1.000,1,0,0,29,30,0,1,29,0.03333333333333333,0.0,0.0,1.0,0.03389830508474576,0.9661016949152542,-1
"F[1,1](AST <= 28.118 -> Resp <= 25.711)
",-3957306928469717.000,-28.118,0.000,0.000,1.000,1,0,0,29,30,0,1,29,0.03333333333333333,0.0,0.0,1.0,0.03389830508474576,0.9661016949152542,-1
"((Glucose <= 156.476) U[0,1] (HR >= 69.133))
",-9999999.000,-9999999.000,0.000,0.000,1.000,1,0,0,29,30,0,1,29,0.03333333333333333,0.0,0.0,1.0,0.03389830508474576,0.9661016949152542,-1
"F[0,0](AST >= 4.770 -> O2Sat <= 87.510)
",-0.315,-9.878,0.000,0.000,1.000,1,0,0,29,30,0,1,29,0.03333333333333333,0.0,0.0,1.0,0.03389830508474576,0.9661016949152542,-1
"G[0,1](((MAP <= 83.618 -> Fibrinogen <= 0.000) & Resp <= 0.000) & Temp >= 0.000)
",9999999.000,9999999.000,0.000,1.000,0.000,1,0,0,29,30,0,1,29,0.03333333333333333,0.0,0.0,1.0,0.03389830508474576,0.9661016949152542,1
"G[0,0](BUN <= 60.303 & Creatinine >= 0.121)
",-0.119,-3.427,0.000,1.000,0.000,1,0,0,29,30,0,1,29,0.03333333333333333,0.0,0.0,1.0,0.03389830508474576,0.9661016949152542,1
"F[1,2](((Potassium >= 0.101 -> EtCO2 >= 0.000) & HCO3 <= 0.000) | Temp <= 0.000)
",-9999999.000,-9999999.000,0.000,0.000,1.000,0,0,0,30,30,0,0,30,0.0,0.0,0.0,0.0,0.0,1.0,-1
"F[0,1](TroponinI >= 0.000 & SepsisLabel = 0.000)
",-9999999.000,-9999999.000,0.000,0.000,1.000,0,0,0,30,30,0,0,30,0.0,0.0,0.0,0.0,0.0,1.0,-1
"((EtCO2 <= 0.000) U[0,2] (Hgb >= 0.105))
",-9999999.000,-9999999.000,0.000,0.000,1.000,0,0,0,30,30,0,0,30,0.0,0.0,0.0,0.0,0.0,1.0,-1
"F[1,2](Creatinine >= 0.100 -> O2Sat >= 19.433)
",-9999999.000,-9999999.000,0.000,0.000,1.000,0,0,0,30,30,0,0,30,0.0,0.0,0.0,0.0,0.0,1.0,-1
"F[0,1](Temp <= 28.989 -> Phosphate >= 0.000)
",-9999999.000,-9999999.000,0.000,0.000,1.000,0,0,0,30,30,0,0,30,0.0,0.0,0.0,0.0,0.0,1.0,-1
"F[2,2](((pH >= 0.377 -> Temp <= 34.679) | WBC >= 0.689) | PaCO2 >= 4.538)
",-3103883334503793.500,-0.689,0.000,0.000,1.000,0,0,0,30,30,0,0,30,0.0,0.0,0.0,0.0,0.0,1.0,-1
"F[2,2](SaO2 <= 56.131 | SBP <= 107.675)
",107.675,107.675,0.000,0.000,1.000,0,0,0,30,30,0,0,30,0.0,0.0,0.0,0.0,0.0,1.0,-1
"F[0,2](Creatinine <= 3.530 | Resp <= 22.047)
",-9999999.000,-9999999.000,0.000,0.000,1.000,0,0,0,30,30,0,0,30,0.0,0.0,0.0,0.0,0.0,1.0,-1
"F[2,2](BaseExcess >= -6.128 | Resp <= 21.836)
",6146418506358794.000,21.836,0.000,0.000,1.000,0,0,0,30,30,0,0,30,0.0,0.0,0.0,0.0,0.0,1.0,-1
"F[0,1](SepsisLabel <= 0.000 | Bilirubin_direct >= 0.000)
",-9999999.000,-9999999.000,0.000,0.000,1.000,0,0,0,30,30,0,0,30,0.0,0.0,0.0,0.0,0.0,1.0,-1
"F[1,2]((pH <= 1.394 | Resp >= 1.633) -> Hgb >= 2.910)
",-9999999.000,-9999999.000,0.000,0.000,1.000,0,0,0,30,30,0,0,30,0.0,0.0,0.0,0.0,0.0,1.0,-1
"((BUN > 9.810) U[0,2] (SepsisLabel = 0.000))
",-9999999.000,-9999999.000,0.000,0.000,1.000,0,0,0,30,30,0,0,30,0.0,0.0,0.0,0.0,0.0,1.0,-1
"((Chloride <= 63.211) U[0,2] (O2Sat >= 28.291))
",-9999999.000,-9999999.000,0.000,0.000,1.000,0,0,0,30,30,0,0,30,0.0,0.0,0.0,0.0,0.0,1.0,-1
"F[0,2]((Bilirubin_direct >= 0.000 -> TroponinI <= 0.000) & Calcium >= 0.000)
",-9999999.000,-9999999.000,0.000,0.000,1.000,0,0,0,30,30,0,0,30,0.0,0.0,0.0,0.0,0.0,1.0,-1
"F[2,2](AST >= 5.225 | SaO2 <= 88.060)
",3098345134265814.000,88.060,0.000,0.000,1.000,0,0,0,30,30,0,0,30,0.0,0.0,0.0,0.0,0.0,1.0,-1
"F[0,2](HR >= 68.390 & Magnesium <= 0.872)
",-9999999.000,-9999999.000,0.000,0.000,1.000,0,0,0,30,30,0,0,30,0.0,0.0,0.0,0.0,0.0,1.0,-1
"F[0,0]((Bilirubin_total >= 0.010 | SBP >= 75.466) -> Bilirubin_direct <= 118.586)
",-139.011,-118.355,0.000,0.000,1.000,0,0,0,30,30,0,0,30,0.0,0.0,0.0,0.0,0.0,1.0,-1
"((pH <= 5.826) U[0,1] (SepsisLabel = 0.000))
",-9999999.000,-9999999.000,0.000,0.000,1.000,0,0,0,30,30,0,0,30,0.0,0.0,0.0,0.0,0.0,1.0,-1
"F[0,0]((Calcium <= 2.036 -> MAP <= 74.823) | Magnesium <= 74.178)
",324.990,74.116,0.000,0.000,1.000,0,0,0,30,30,0,0,30,0.0,0.0,0.0,0.0,0.0,1.0,-1
"F[1,2](((BUN <= 23.929 | O2Sat <= 98.722) -> Fibrinogen <= 85.430) | TroponinI <= 89.810)
",-9999999.000,-9999999.000,0.000,0.000,1.000,0,0,0,30,30,0,0,30,0.0,0.0,0.0,0.0,0.0,1.0,-1
"F[1,2](((Alkalinephos <= 34.416 -> BaseExcess >= -4.123) & BUN <= -0.141) -> TroponinI <= -0.011)
",-9999999.000,-9999999.000,0.000,0.000,1.000,0,0,0,30,30,0,0,30,0.0,0.0,0.0,0.0,0.0,1.0,-1
"F[0,2](Calcium <= 7.137 | Bilirubin_total <= 0.010)
",-9999999.000,-9999999.000,0.000,0.000,1.000,0,0,0,30,30,0,0,30,0.0,0.0,0.0,0.0,0.0,1.0,-1
"F[0,1](((PTT >= 0.850 | Temp >= 9.641) | HCO3 <= 36.157) | Alkalinephos <= 28.070)
",-9999999.000,-9999999.000,0.000,0.000,1.000,0,0,0,30,30,0,0,30,0.0,0.0,0.0,0.0,0.0,1.0,-1
"F[0,2]((BUN >= 9.220 | FiO2 <= 0.134) -> Hgb <= 0.423)
",-9999999.000,-9999999.000,0.000,0.000,1.000,0,0,0,30,30,0,0,30,0.0,0.0,0.0,0.0,0.0,1.0,-1
"F[0,2](((SepsisLabel >= 0.000 -> HCO3 >= 1.638) -> Glucose <= 17.414) | Alkalinephos >= 1.044)
",-9999999.000,-9999999.000,0.000,0.000,1.000,0,0,0,30,30,0,0,30,0.0,0.0,0.0,0.0,0.0,1.0,-1
"F[0,2](((Calcium >= 0.040 | HR >= 55.630) | PaCO2 >= 19.297) | Creatinine >= 45.754)
",-9999999.000,-9999999.000,0.000,0.000,1.000,0,0,0,30,30,0,0,30,0.0,0.0,0.0,0.0,0.0,1.0,-1
"F[1,2]((Hgb >= 0.873 & O2Sat <= 98.263) | AST <= 88.441)
",-9999999.000,-9999999.000,0.000,0.000,1.000,0,0,0,30,30,0,0,30,0.0,0.0,0.0,0.0,0.0,1.0,-1
"F[0,2](O2Sat >= 5.132 | Potassium >= 0.000)
",-9999999.000,-9999999.000,0.000,0.000,1.000,0,0,0,30,30,0,0,30,0.0,0.0,0.0,0.0,0.0,1.0,-1
"F[1,2]((PTT >= 0.680 & SaO2 <= 78.608) | Bilirubin_total <= 31.988)
",-9999999.000,-9999999.000,0.000,0.000,1.000,0,0,0,30,30,0,0,30,0.0,0.0,0.0,0.0,0.0,1.0,-1
"F[1,2](Fibrinogen < 0.000 & SepsisLabel = 0.000)
",-9999999.000,-9999999.000,0.000,0.000,1.000,0,0,0,30,30,0,0,30,0.0,0.0,0.0,0.0,0.0,1.0,-1
"F[0,2](((Platelets <= 78.509 | SaO2 >= 1.413) -> WBC >= 2.282) & SaO2 <= 60.098)
",-9999999.000,-9999999.000,0.000,0.000,1.000,0,0,0,30,30,0,0,30,0.0,0.0,0.0,0.0,0.0,1.0,-1
"F[0,2](BUN >= 3.356 | Temp <= 18.941)
",-9999999.000,-9999999.000,0.000,0.000,1.000,0,0,0,30,30,0,0,30,0.0,0.0,0.0,0.0,0.0,1.0,-1
"((BUN >= 3.316) U[0,2] (pH >= 0.329))
",-9999999.000,-9999999.000,0.000,0.000,1.000,0,0,0,30,30,0,0,30,0.0,0.0,0.0,0.0,0.0,1.0,-1
"F[2,2]((Hgb >= 0.844 | Resp <= 27.980) & DBP >= 0.485)
",-4365670354826687.000,-0.485,0.000,0.000,1.000,0,0,0,30,30,0,0,30,0.0,0.0,0.0,0.0,0.0,1.0,-1
"((EtCO2 <= 0.000) U[0,1] (SepsisLabel = 0.000))
",-9999999.000,-9999999.000,0.000,0.000,1.000,0,0,0,30,30,0,0,30,0.0,0.0,0.0,0.0,0.0,1.0,-1
"F[0,2](Bilirubin_total >= 0.009 & SepsisLabel = 0.000)
",-9999999.000,-9999999.000,0.000,0.000,1.000,0,0,0,30,30,0,0,30,0.0,0.0,0.0,0.0,0.0,1.0,-1
"((HCO3 >= 2.589) U[0,0] (SepsisLabel = 0.000))
",-0.227,-0.489,0.000,0.000,1.000,0,0,0,30,30,0,0,30,0.0,0.0,0.0,0.0,0.0,1.0,-1
"((Platelets <= 16.216) U[0,0] (SepsisLabel = 0.000))
",4564446555541692.000,16.216,0.000,0.000,1.000,0,0,0,30,30,0,0,30,0.0,0.0,0.0,0.0,0.0,1.0,-1
"((EtCO2 >= 0.000) U[0,2] (SepsisLabel = 0.000))
",-9999999.000,-9999999.000,0.000,0.000,1.000,0,0,0,30,30,0,0,30,0.0,0.0,0.0,0.0,0.0,1.0,-1
"F[0,2](((Magnesium >= 0.177 -> Resp >= 0.071) & HCO3 <= 21.228) & PaCO2 <= 17.816)
",-9999999.000,-9999999.000,0.000,0.000,1.000,0,0,0,30,30,0,0,30,0.0,0.0,0.0,0.0,0.0,1.0,-1
"G[2,2]((HR >= 58.155 | BaseExcess >= -2.260) -> SaO2 <= -0.242)
",-5089448377682028.000,-2.260,0.000,1.000,0.000,0,0,30,0,0,30,30,0,0.0,0.0,1.0,0.0,0.0,1.0,1
"F[2,2](Chloride >= 12.376 | Temp >= 0.621)
",-5590102941816843.000,-0.621,0.000,0.000,1.000,0,0,0,30,30,0,0,30,0.0,0.0,0.0,0.0,0.0,1.0,-1
"((Phosphate >= 0.000) U[2,2] (O2Sat <= 95.334))
",3354266509340673.500,95.334,0.000,0.000,1.000,0,0,0,30,30,0,0,30,0.0,0.0,0.0,0.0,0.0,1.0,-1
"F[1,2]((O2Sat <= 94.352 -> Magnesium <= 1.926) -> TroponinI <= 2.021)
",-9999999.000,-9999999.000,0.000,0.000,1.000,0,0,0,30,30,0,0,30,0.0,0.0,0.0,0.0,0.0,1.0,-1
"F[1,2]((Magnesium <= 1.545 & Temp >= 9.563) -> Alkalinephos >= 4.464)
",-9999999.000,-9999999.000,0.000,0.000,1.000,0,0,0,30,30,0,0,30,0.0,0.0,0.0,0.0,0.0,1.0,-1
"F[1,1]((Bilirubin_total <= 0.031 | SaO2 <= 73.008) & Potassium <= 54.503)
",7670641058517538.000,54.503,0.000,0.000,1.000,0,0,0,30,30,0,0,30,0.0,0.0,0.0,0.0,0.0,1.0,-1
"F[0,2](((BUN >= 2.116 & Calcium >= 0.065) | AST <= 3.746) | Bilirubin_total <= 0.539)
",-9999999.000,-9999999.000,0.000,0.000,1.000,0,0,0,30,30,0,0,30,0.0,0.0,0.0,0.0,0.0,1.0,-1
"F[0,2](FiO2 >= 0.054 & Potassium >= 0.627)
",-9999999.000,-9999999.000,0.000,0.000,1.000,0,0,0,30,30,0,0,30,0.0,0.0,0.0,0.0,0.0,1.0,-1
"F[0,2](((PaCO2 <= 7.373 -> Temp >= 3.766) -> Lactate <= 30.026) -> Fibrinogen <= 34.967)
",-9999999.000,-9999999.000,0.000,0.000,1.000,0,0,0,30,30,0,0,30,0.0,0.0,0.0,0.0,0.0,1.0,-1
"F[0,1](((Magnesium <= 2.484 | EtCO2 >= 0.000) | Potassium <= 0.000) | Chloride <= 0.000)
",-9999999.000,-9999999.000,0.000,0.000,1.000,0,0,0,30,30,0,0,30,0.0,0.0,0.0,0.0,0.0,1.0,-1
"F[0,2]((PaCO2 <= 24.277 -> Potassium >= 0.163) | Chloride <= 1.379)
",-9999999.000,-9999999.000,0.000,0.000,1.000,0,0,0,30,30,0,0,30,0.0,0.0,0.0,0.0,0.0,1.0,-1
"((O2Sat >= 64.467) U[0,2] (Platelets >= 0.344))
",-9999999.000,-9999999.000,0.000,0.000,1.000,0,0,0,30,30,0,0,30,0.0,0.0,0.0,0.0,0.0,1.0,-1
"((Chloride >= 17.565) U[0,2] (Alkalinephos <= 15.620))
",-9999999.000,-9999999.000,0.000,0.000,1.000,0,0,0,30,30,0,0,30,0.0,0.0,0.0,0.0,0.0,1.0,-1
"F[1,2](((AST >= 2.128 & Temp >= 0.148) & pH >= 4.953) & BUN >= 4.504)
",-9999999.000,-9999999.000,0.000,0.000,1.000,0,0,0,30,30,0,0,30,0.0,0.0,0.0,0.0,0.0,1.0,-1
"((PTT >= 1.688) U[0,2] (SBP <= 132.309))
",-9999999.000,-9999999.000,0.000,0.000,1.000,0,0,0,30,30,0,0,30,0.0,0.0,0.0,0.0,0.0,1.0,-1
"F[0,2]((FiO2 <= 0.522 -> pH <= 0.857) | WBC >= 0.469)
",-9999999.000,-9999999.000,0.000,0.000,1.000,0,0,0,30,30,0,0,30,0.0,0.0,0.0,0.0,0.0,1.0,-1
"F[0,2](BaseExcess >= -6.465 & HR <= 91.405)
",-9999999.000,-9999999.000,0.000,0.000,1.000,0,0,0,30,30,0,0,30,0.0,0.0,0.0,0.0,0.0,1.0,-1
"F[0,1]((BaseExcess <= -0.464 -> FiO2 <= 0.540) | PTT <= 0.563)
",-9999999.000,-9999999.000,0.000,0.000,1.000,0,0,0,30,30,0,0,30,0.0,0.0,0.0,0.0,0.0,1.0,-1
"F[0,2]((Platelets >= 4.755 -> Alkalinephos >= 2.284) | DBP >= 1.651)
",-9999999.000,-9999999.000,0.000,0.000,1.000,0,0,0,30,30,0,0,30,0.0,0.0,0.0,0.0,0.0,1.0,-1
"F[0,2](((Platelets <= 135.442 & SBP <= 131.206) | AST <= 130.748) & MAP >= 73.160)
",-9999999.000,-9999999.000,0.000,0.000,1.000,0,0,0,30,30,0,0,30,0.0,0.0,0.0,0.0,0.0,1.0,-1
"F[1,2](((AST <= 23.318 -> O2Sat <= 85.983) -> Potassium >= 69.667) & BaseExcess <= 89.937)
",-9999999.000,-9999999.000,0.000,0.000,1.000,0,0,0,30,30,0,0,30,0.0,0.0,0.0,0.0,0.0,1.0,-1
"F[2,2](Fibrinogen <= 0.000 & Hgb >= 0.010)
",-2830593915121481.500,-0.010,0.000,0.000,1.000,0,0,0,30,30,0,0,30,0.0,0.0,0.0,0.0,0.0,1.0,-1
"((O2Sat <= 98.473) U[0,2] (Temp >= 8.260))
",-9999999.000,-9999999.000,0.000,0.000,1.000,0,0,0,30,30,0,0,30,0.0,0.0,0.0,0.0,0.0,1.0,-1
"F[0,2](((Bilirubin_direct >= 0.000 -> Alkalinephos <= 38.356) | Fibrinogen <= 6.640) & Potassium <= 8.012)
",-9999999.000,-9999999.000,0.000,0.000,1.000,0,0,0,30,30,0,0,30,0.0,0.0,0.0,0.0,0.0,1.0,-1
"F[1,2](Bilirubin_total <= 0.144 & Calcium >= 0.018)
",-9999999.000,-9999999.000,0.000,0.000,1.000,0,0,0,30,30,0,0,30,0.0,0.0,0.0,0.0,0.0,1.0,-1
"((Calcium >= 0.077) U[0,1] (PaCO2 <= 2.020))
",-9999999.000,-9999999.000,0.000,0.000,1.000,0,0,0,30,30,0,0,30,0.0,0.0,0.0,0.0,0.0,1.0,-1
"F[1,2](HCO3 <= 13.604 -> FiO2 >= 0.081)
",-9999999.000,-9999999.000,0.000,0.000,1.000,0,0,0,30,30,0,0,30,0.0,0.0,0.0,0.0,0.0,1.0,-1
"F[0,1]((Creatinine >= 0.072 -> FiO2 >= 0.020) | Glucose <= 0.203)
",-9999999.000,-9999999.000,0.000,0.000,1.000,0,0,0,30,30,0,0,30,0.0,0.0,0.0,0.0,0.0,1.0,-1
"F[1,2]((PTT >= 0.901 | SaO2 >= 1.076) -> SBP <= 45.376)
",-9999999.000,-9999999.000,0.000,0.000,1.000,0,0,0,30,30,0,0,30,0.0,0.0,0.0,0.0,0.0,1.0,-1
"F[0,2](((BUN >= 7.093 | Fibrinogen <= 0.000) -> PTT <= 0.000) & Hgb >= 0.000)
",-9999999.000,-9999999.000,0.000,0.000,1.000,0,0,0,30,30,0,0,30,0.0,0.0,0.0,0.0,0.0,1.0,-1
"F[0,2](((Bilirubin_total <= 0.069 & SaO2 <= 13.920) & MAP >= 2.056) | Platelets <= 80.110)
",-9999999.000,-9999999.000,0.000,0.000,1.000,0,0,0,30,30,0,0,30,0.0,0.0,0.0,0.0,0.0,1.0,-1
"F[0,1](Creatinine >= 0.019 | Temp <= 35.566)
",-9999999.000,-9999999.000,0.000,0.000,1.000,0,0,0,30,30,0,0,30,0.0,0.0,0.0,0.0,0.0,1.0,-1
"F[0,2](Hct >= 0.809 & Temp <= 29.116)
",-9999999.000,-9999999.000,0.000,0.000,1.000,0,0,0,30,30,0,0,30,0.0,0.0,0.0,0.0,0.0,1.0,-1
"((Lactate >= 0.006) U[0,2] (SaO2 >= 3.149))
",-9999999.000,-9999999.000,0.000,0.000,1.000,0,0,0,30,30,0,0,30,0.0,0.0,0.0,0.0,0.0,1.0,-1
"F[0,2](((Magnesium <= 1.349 | O2Sat <= 85.910) -> Bilirubin_total >= 61.168) | Calcium >= 19.894)
",-9999999.000,-9999999.000,0.000,0.000,1.000,0,0,0,30,30,0,0,30,0.0,0.0,0.0,0.0,0.0,1.0,-1
"F[0,2](Fibrinogen >= 0.000 -> SepsisLabel = 0.000)
",-9999999.000,-9999999.000,0.000,0.000,1.000,0,0,0,30,30,0,0,30,0.0,0.0,0.0,0.0,0.0,1.0,-1
"F[0,1](((Alkalinephos <= 25.333 & Calcium >= 0.029) | FiO2 <= 5.655) | TroponinI <= 3.278)
",-9999999.000,-9999999.000,0.000,0.000,1.000,0,0,0,30,30,0,0,30,0.0,0.0,0.0,0.0,0.0,1.0,-1
"F[0,1]((Resp >= 5.900 | HR <= 103.820) -> FiO2 <= 109.355)
",-9999999.000,-9999999.000,0.000,0.000,1.000,0,0,0,30,30,0,0,30,0.0,0.0,0.0,0.0,0.0,1.0,-1
"F[2,2](PaCO2 <= 10.233 & AST <= 24.162)
",5760569988906993.000,10.233,0.000,0.000,1.000,0,0,0,30,30,0,0,30,0.0,0.0,0.0,0.0,0.0,1.0,-1
"F[0,0]((PTT <= 11.142 & Hgb <= 4.467) | Bilirubin_total <= 6.606)
",3.397,5.849,0.000,0.000,1.000,0,0,0,30,30,0,0,30,0.0,0.0,0.0,0.0,0.0,1.0,-1
"((Bilirubin_direct <= 0.000) U[0,2] (SepsisLabel = 0.000))
",-9999999.000,-9999999.000,0.000,0.000,1.000,0,0,0,30,30,0,0,30,0.0,0.0,0.0,0.0,0.0,1.0,-1
"((Hgb <= 6.300) U[2,2] (SepsisLabel = 0.000))
",7092901858386467.000,6.300,0.000,0.000,1.000,0,0,0,30,30,0,0,30,0.0,0.0,0.0,0.0,0.0,1.0,-1
"((DBP >= 0.000) U[1,2] (PTT <= 35.102))
",-9999999.000,-9999999.000,0.000,0.000,1.000,0,0,0,30,30,0,0,30,0.0,0.0,0.0,0.0,0.0,1.0,-1
"F[0,2](((PaCO2 <= 23.169 | WBC <= 0.731) & HR <= 0.789) -> Lactate <= 0.575)
",-9999999.000,-9999999.000,0.000,0.000,1.000,0,0,0,30,30,0,0,30,0.0,0.0,0.0,0.0,0.0,1.0,-1
"F[0,2](((HR >= 70.280 -> SBP >= 44.044) | BUN >= 27.416) & WBC >= 50.193)
",-9999999.000,-9999999.000,0.000,0.000,1.000,0,0,0,30,30,0,0,30,0.0,0.0,0.0,0.0,0.0,1.0,-1
"F[0,2]((Hct >= 0.040 -> PTT <= 27.413) | FiO2 >= 2.188)
",-9999999.000,-9999999.000,0.000,0.000,1.000,0,0,0,30,30,0,0,30,0.0,0.0,0.0,0.0,0.0,1.0,-1
"F[1,2]((HCO3 >= 1.724 & pH >= 0.324) | EtCO2 <= 2.383)
",-9999999.000,-9999999.000,0.000,0.000,1.000,0,0,0,30,30,0,0,30,0.0,0.0,0.0,0.0,0.0,1.0,-1
"F[1,2](Calcium >= 0.071 -> Hct <= 26.197)
",-9999999.000,-9999999.000,0.000,0.000,1.000,0,0,0,30,30,0,0,30,0.0,0.0,0.0,0.0,0.0,1.0,-1
"F[0,2]((BaseExcess <= -0.333 -> Platelets >= 0.734) -> Lactate >= 5.121)
",-9999999.000,-9999999.000,0.000,0.000,1.000,0,0,0,30,30,0,0,30,0.0,0.0,0.0,0.0,0.0,1.0,-1
"((pH >= 0.396) U[0,2] (Platelets <= 69.861))
",-9999999.000,-9999999.000,0.000,0.000,1.000,0,0,0,30,30,0,0,30,0.0,0.0,0.0,0.0,0.0,1.0,-1
"F[0,2](((Hgb >= 0.574 | PaCO2 <= 19.099) | FiO2 >= 1.005) & HR >= 0.202)
",-9999999.000,-9999999.000,0.000,0.000,1.000,0,0,0,30,30,0,0,30,0.0,0.0,0.0,0.0,0.0,1.0,-1
"F[1,2]((HR >= 8.564 & Lactate <= 0.661) -> Bilirubin_total >= 0.022)
",-9999999.000,-9999999.000,0.000,0.000,1.000,0,0,0,30,30,0,0,30,0.0,0.0,0.0,0.0,0.0,1.0,-1
"F[2,2](((Calcium <= 1.858 | Potassium >= 0.535) | Temp >= 0.582) | Temp <= 1.606)
",8367873739573505.000,1.858,0.000,0.000,1.000,0,0,0,30,30,0,0,30,0.0,0.0,0.0,0.0,0.0,1.0,-1
"F[0,0](Calcium >= 0.086 -> WBC <= 0.882)
",-0.463,-6.473,0.000,0.000,1.000,0,0,0,30,30,0,0,30,0.0,0.0,0.0,0.0,0.0,1.0,-1
"F[1,2]((Alkalinephos >= 2.366 & Glucose >= 2.121) | Creatinine >= 8.487)
",-9999999.000,-9999999.000,0.000,0.000,1.000,0,0,0,30,30,0,0,30,0.0,0.0,0.0,0.0,0.0,1.0,-1
"F[0,2]((Hgb >= 0.299 & HR <= 97.568) -> Fibrinogen >= 82.200)
",-9999999.000,-9999999.000,0.000,0.000,1.000,0,0,0,30,30,0,0,30,0.0,0.0,0.0,0.0,0.0,1.0,-1
"F[0,0](((Hct >= 5.284 -> HR <= 93.393) | BUN >= 11.113) & Creatinine <= 95.749)
",0.192,1.571,0.000,0.000,1.000,0,0,0,30,30,0,0,30,0.0,0.0,0.0,0.0,0.0,1.0,-1
"F[1,1](((BaseExcess <= -0.578 | Bilirubin_total <= 0.020) | Fibrinogen >= 0.000) & Bilirubin_total <= 0.107)
",5655206985847763.000,0.020,0.000,0.000,1.000,0,0,0,30,30,0,0,30,0.0,0.0,0.0,0.0,0.0,1.0,-1
"((Chloride >= 15.515) U[0,1] (Creatinine <= 1.663))
",-9999999.000,-9999999.000,0.000,0.000,1.000,0,0,0,30,30,0,0,30,0.0,0.0,0.0,0.0,0.0,1.0,-1
"F[0,2](((Calcium <= 0.761 & HCO3 >= 0.130) | SaO2 >= 2.491) -> TroponinI <= 7.378)
",-9999999.000,-9999999.000,0.000,0.000,1.000,0,0,0,30,30,0,0,30,0.0,0.0,0.0,0.0,0.0,1.0,-1
"F[0,1](((Magnesium <= 2.024 -> pH >= 0.345) | FiO2 <= 6.606) | Bilirubin_total >= 0.083)
",-9999999.000,-9999999.000,0.000,0.000,1.000,0,0,0,30,30,0,0,30,0.0,0.0,0.0,0.0,0.0,1.0,-1
"F[2,2](FiO2 <= 0.362 -> PaCO2 >= 1.169)
",-6512981699578979.000,-0.362,0.000,0.000,1.000,0,0,0,30,30,0,0,30,0.0,0.0,0.0,0.0,0.0,1.0,-1
"((BaseExcess <= -0.415) U[0,2] (Glucose <= 79.789))
",-9999999.000,-9999999.000,0.000,0.000,1.000,0,0,0,30,30,0,0,30,0.0,0.0,0.0,0.0,0.0,1.0,-1
"F[0,1]((Bilirubin_total <= 0.285 -> Hct >= 5.276) -> Temp <= 14.449)
",-9999999.000,-9999999.000,0.000,0.000,1.000,0,0,0,30,30,0,0,30,0.0,0.0,0.0,0.0,0.0,1.0,-1
"F[1,2](((BaseExcess >= -8.977 | HCO3 >= 1.451) & MAP >= 1.282) & pH <= 7.106)
",-9999999.000,-9999999.000,0.000,0.000,1.000,0,0,0,30,30,0,0,30,0.0,0.0,0.0,0.0,0.0,1.0,-1
"F[0,2](((Bilirubin_total <= 0.222 | Chloride >= 18.164) -> AST <= 28.947) & BUN >= 16.735)
",-9999999.000,-9999999.000,0.000,0.000,1.000,0,0,0,30,30,0,0,30,0.0,0.0,0.0,0.0,0.0,1.0,-1
"F[2,2]((pH <= 3.776 -> Potassium <= 1.535) | MAP <= 4.897)
",4.897,4.897,0.000,0.000,1.000,0,0,0,30,30,0,0,30,0.0,0.0,0.0,0.0,0.0,1.0,-1
"F[0,1](Calcium <= 3.342 | Creatinine <= 1.307)
",-9999999.000,-9999999.000,0.000,0.000,1.000,0,0,0,30,30,0,0,30,0.0,0.0,0.0,0.0,0.0,1.0,-1
"F[0,1](Bilirubin_total >= 0.008 -> HCO3 <= 4.494)
",-9999999.000,-9999999.000,0.000,0.000,1.000,0,0,0,30,30,0,0,30,0.0,0.0,0.0,0.0,0.0,1.0,-1
"F[0,2](Bilirubin_total <= 0.211 | Potassium >= 0.813)
",-9999999.000,-9999999.000,0.000,0.000,1.000,0,0,0,30,30,0,0,30,0.0,0.0,0.0,0.0,0.0,1.0,-1
"F[0,2]((Chloride <= 74.783 -> pH >= 0.177) & DBP >= 0.209)
",-9999999.000,-9999999.000,0.000,0.000,1.000,0,0,0,30,30,0,0,30,0.0,0.0,0.0,0.0,0.0,1.0,-1
"F[0,2]((AST >= 3.358 | Magnesium >= 0.176) | TroponinI <= 0.836)
",-9999999.000,-9999999.000,0.000,0.000,1.000,0,0,0,30,30,0,0,30,0.0,0.0,0.0,0.0,0.0,1.0,-1
"F[1,2](PaCO2 >= 0.713 -> pH >= 0.487)
",-9999999.000,-9999999.000,0.000,0.000,1.000,0,0,0,30,30,0,0,30,0.0,0.0,0.0,0.0,0.0,1.0,-1
"F[0,2](((Creatinine >= 0.270 -> Potassium <= 0.912) -> MAP >= 0.341) & Potassium >= 0.446)
",-9999999.000,-9999999.000,0.000,0.000,1.000,0,0,0,30,30,0,0,30,0.0,0.0,0.0,0.0,0.0,1.0,-1
"F[1,2](Bilirubin_total <= 0.082 | Magnesium >= 0.248)
",-9999999.000,-9999999.000,0.000,0.000,1.000,0,0,0,30,30,0,0,30,0.0,0.0,0.0,0.0,0.0,1.0,-1
"F[2,2](((Glucose <= 166.351 | Potassium >= 0.251) -> DBP <= 1.939) -> PTT >= 0.227)
",0.227,0.227,0.000,0.000,1.000,0,0,0,30,30,0,0,30,0.0,0.0,0.0,0.0,0.0,1.0,-1
"F[1,2]((Magnesium >= 0.194 -> Platelets >= 4.389) | O2Sat >= 8.536)
",-9999999.000,-9999999.000,0.000,0.000,1.000,0,0,0,30,30,0,0,30,0.0,0.0,0.0,0.0,0.0,1.0,-1
"F[1,2]((AST <= 32.230 & BUN <= 42.474) & MAP >= 6.278)
",-9999999.000,-9999999.000,0.000,0.000,1.000,0,0,0,30,30,0,0,30,0.0,0.0,0.0,0.0,0.0,1.0,-1
"F[0,2](((AST >= 5.017 -> Hct <= 14.581) & Potassium <= 25.241) | EtCO2 >= 3.013)
",-9999999.000,-9999999.000,0.000,0.000,1.000,0,0,0,30,30,0,0,30,0.0,0.0,0.0,0.0,0.0,1.0,-1
"F[0,2](((AST <= 106.745 | PaCO2 >= 1.169) | Temp <= 12.918) -> SepsisLabel <= 7.625)
",-9999999.000,-9999999.000,0.000,0.000,1.000,0,0,0,30,30,0,0,30,0.0,0.0,0.0,0.0,0.0,1.0,-1
"F[1,2]((Alkalinephos >= 1.374 -> BaseExcess >= -4.138) & Potassium <= -0.412)
",-9999999.000,-9999999.000,0.000,0.000,1.000,0,0,0,30,30,0,0,30,0.0,0.0,0.0,0.0,0.0,1.0,-1
"F[0,2](((HCO3 >= 1.740 -> PTT >= 0.319) | HCO3 <= 45.366) & AST >= 0.445)
",-9999999.000,-9999999.000,0.000,0.000,1.000,0,0,0,30,30,0,0,30,0.0,0.0,0.0,0.0,0.0,1.0,-1
"F[0,1](Calcium <= 6.549 | Platelets >= 2.291)
",-9999999.000,-9999999.000,0.000,0.000,1.000,0,0,0,30,30,0,0,30,0.0,0.0,0.0,0.0,0.0,1.0,-1
"F[0,0]((Alkalinephos <= 27.372 | Platelets <= 36.179) -> pH <= 164.450)
",-788.229,-164.334,0.000,0.000,1.000,0,0,0,30,30,0,0,30,0.0,0.0,0.0,0.0,0.0,1.0,-1
"F[2,2]((Alkalinephos <= 25.830 & Magnesium >= 0.171) -> SaO2 >= 0.125)
",8997325920806914.000,0.125,0.000,0.000,1.000,0,0,0,30,30,0,0,30,0.0,0.0,0.0,0.0,0.0,1.0,-1
"F[0,0](Alkalinephos >= 2.650 | PTT <= 29.919)
",3.014,35.063,0.000,0.000,1.000,0,0,0,30,30,0,0,30,0.0,0.0,0.0,0.0,0.0,1.0,-1
"F[1,1]((Bilirubin_total <= 0.095 -> Hgb <= 1.372) | SaO2 <= 6.513)
",7333100303238147.000,6.513,0.000,0.000,1.000,0,0,0,30,30,0,0,30,0.0,0.0,0.0,0.0,0.0,1.0,-1
"F[0,1](Glucose <= 116.740 | PTT >= 1.316)
",-9999999.000,-9999999.000,0.000,0.000,1.000,0,0,0,30,30,0,0,30,0.0,0.0,0.0,0.0,0.0,1.0,-1
"F[1,1]((Glucose >= 5.758 -> Platelets <= 46.694) | Magnesium <= 110.055)
",110.055,110.055,0.000,0.000,1.000,0,0,0,30,30,0,0,30,0.0,0.0,0.0,0.0,0.0,1.0,-1
"F[0,2]((Bilirubin_total <= 0.282 -> Creatinine >= 0.093) | Alkalinephos >= 0.163)
",-9999999.000,-9999999.000,0.000,0.000,1.000,0,0,0,30,30,0,0,30,0.0,0.0,0.0,0.0,0.0,1.0,-1
"F[1,2](((Chloride <= 65.371 & Hct >= 5.028) | Platelets <= 17.846) | Hct >= 1.922)
",-9999999.000,-9999999.000,0.000,0.000,1.000,0,0,0,30,30,0,0,30,0.0,0.0,0.0,0.0,0.0,1.0,-1
"F[1,2](((BUN <= 40.215 -> Hct >= 5.354) & pH >= 0.298) | Potassium >= 3.107)
",-9999999.000,-9999999.000,0.000,0.000,1.000,0,0,0,30,30,0,0,30,0.0,0.0,0.0,0.0,0.0,1.0,-1
"F[0,2](AST <= 124.589 & BaseExcess <= -0.106)
",-9999999.000,-9999999.000,0.000,0.000,1.000,0,0,0,30,30,0,0,30,0.0,0.0,0.0,0.0,0.0,1.0,-1
"F[1,2]((Alkalinephos <= 4.179 | AST >= 5.428) & SBP <= 138.264)
",-9999999.000,-9999999.000,0.000,0.000,1.000,0,0,0,30,30,0,0,30,0.0,0.0,0.0,0.0,0.0,1.0,-1
"F[0,2](((Bilirubin_total <= 0.036 & Platelets >= 5.536) | Temp <= 12.191) | HCO3 <= 140.449)
",-9999999.000,-9999999.000,0.000,0.000,1.000,0,0,0,30,30,0,0,30,0.0,0.0,0.0,0.0,0.0,1.0,-1
"F[2,2]((AST >= 0.629 & WBC <= 1.375) -> Chloride <= 1.483)
",-6680835083354083.000,-1.483,0.000,0.000,1.000,0,0,0,30,30,0,0,30,0.0,0.0,0.0,0.0,0.0,1.0,-1
"F[2,2]((Resp <= 17.875 & SBP >= 27.619) & TroponinI <= 115.080)
",-7774165069564189.000,-27.619,0.000,0.000,1.000,0,0,0,30,30,0,0,30,0.0,0.0,0.0,0.0,0.0,1.0,-1
"F[1,2](Chloride >= 8.756 | Hgb >= 0.643)
",-9999999.000,-9999999.000,0.000,0.000,1.000,0,0,0,30,30,0,0,30,0.0,0.0,0.0,0.0,0.0,1.0,-1
"((Creatinine <= 3.122) U[0,2] (PTT <= 32.205))
",-9999999.000,-9999999.000,0.000,0.000,1.000,0,0,0,30,30,0,0,30,0.0,0.0,0.0,0.0,0.0,1.0,-1
"F[1,2]((Hct >= 3.121 -> Platelets <= 66.520) -> SaO2 <= 96.625)
",-9999999.000,-9999999.000,0.000,0.000,1.000,0,0,0,30,30,0,0,30,0.0,0.0,0.0,0.0,0.0,1.0,-1
"F[1,2](((BaseExcess <= -0.233 & SaO2 <= 16.301) | Resp <= 33.623) | SepsisLabel <= 29.837)
",-9999999.000,-9999999.000,0.000,0.000,1.000,0,0,0,30,30,0,0,30,0.0,0.0,0.0,0.0,0.0,1.0,-1
"F[0,2](((Alkalinephos <= 11.310 | Bilirubin_total >= 0.003) -> Fibrinogen <= 0.286) -> Bilirubin_direct >= 0.009)
",-9999999.000,-9999999.000,0.000,0.000,1.000,0,0,0,30,30,0,0,30,0.0,0.0,0.0,0.0,0.0,1.0,-1
"F[0,2]((BUN >= 7.254 | WBC <= 0.191) -> Bilirubin_total <= 0.269)
",-9999999.000,-9999999.000,0.000,0.000,1.000,0,0,0,30,30,0,0,30,0.0,0.0,0.0,0.0,0.0,1.0,-1
"F[0,1]((PTT >= 1.965 -> WBC >= 0.070) & PTT <= 0.271)
",-9999999.000,-9999999.000,0.000,0.000,1.000,0,0,0,30,30,0,0,30,0.0,0.0,0.0,0.0,0.0,1.0,-1
"F[0,2](((Lactate >= 0.025 | PTT >= 2.336) & SaO2 <= 5.583) & Bilirubin_total >= 1.350)
",-9999999.000,-9999999.000,0.000,0.000,1.000,0,0,0,30,30,0,0,30,0.0,0.0,0.0,0.0,0.0,1.0,-1
"F[0,2](((Hgb <= 7.169 & pH <= 4.926) & Lactate >= 0.434) & Hgb >= 0.425)
",-9999999.000,-9999999.000,0.000,0.000,1.000,0,0,0,30,30,0,0,30,0.0,0.0,0.0,0.0,0.0,1.0,-1
"F[0,1](Platelets < 169.673 & SepsisLabel = 0.000)
",-9999999.000,-9999999.000,0.000,0.000,1.000,0,0,0,30,30,0,0,30,0.0,0.0,0.0,0.0,0.0,1.0,-1
"((PaCO2 <= 5.505) U[0,2] (SepsisLabel = 0.000))
",-9999999.000,-9999999.000,0.000,0.000,1.000,0,0,0,30,30,0,0,30,0.0,0.0,0.0,0.0,0.0,1.0,-1
"F[0,2]((Phosphate >= 0.000 & Magnesium > 0.006) -> Calcium < 2.453)
",-9999999.000,-9999999.000,0.000,0.000,1.000,0,0,0,30,30,0,0,30,0.0,0.0,0.0,0.0,0.0,1.0,-1
"F[0,2](Hgb <= 6.088 | Hct <= 20.831)
",-9999999.000,-9999999.000,0.000,0.000,1.000,0,0,0,30,30,0,0,30,0.0,0.0,0.0,0.0,0.0,1.0,-1
"F[1,2](((Calcium < 2.507 & Potassium < 1.289) & Magnesium < 1.578) & Phosphate < 0.000)
",-9999999.000,-9999999.000,0.000,0.000,1.000,0,0,0,30,30,0,0,30,0.0,0.0,0.0,0.0,0.0,1.0,-1
"F[0,2](Hgb <= 8.721 | Hct <= 5.612)
",-9999999.000,-9999999.000,0.000,0.000,1.000,0,0,0,30,30,0,0,30,0.0,0.0,0.0,0.0,0.0,1.0,-1
"F[0,2]((Calcium <= 5.807 & Potassium <= 4.171) & Magnesium >= 0.092)
",-9999999.000,-9999999.000,0.000,0.000,1.000,0,0,0,30,30,0,0,30,0.0,0.0,0.0,0.0,0.0,1.0,-1
"F[0,2]((Calcium <= 4.269 & Potassium <= 2.917) & Magnesium >= 0.069)
",-9999999.000,-9999999.000,0.000,0.000,1.000,0,0,0,30,30,0,0,30,0.0,0.0,0.0,0.0,0.0,1.0,-1
"((HCO3 <= 7.737) U[0,2] (Potassium <= 4.166))
",-9999999.000,-9999999.000,0.000,0.000,1.000,0,0,0,30,30,0,0,30,0.0,0.0,0.0,0.0,0.0,1.0,-1
"((MAP >= 7.148) U[0,2] (SBP <= 127.505))
",-9999999.000,-9999999.000,0.000,0.000,1.000,0,0,0,30,30,0,0,30,0.0,0.0,0.0,0.0,0.0,1.0,-1
"F[0,1](SBP <= 98.077 -> SepsisLabel = 0.000)
",-9999999.000,-9999999.000,0.000,0.000,1.000,0,0,0,30,30,0,0,30,0.0,0.0,0.0,0.0,0.0,1.0,-1
"F[0,1](HR <= 114.171 -> SepsisLabel = 0.000)
",-9999999.000,-9999999.000,0.000,0.000,1.000,0,0,0,30,30,0,0,30,0.0,0.0,0.0,0.0,0.0,1.0,-1
"F[0,1](BUN < 17.897 -> SepsisLabel = 0.000)
",-9999999.000,-9999999.000,0.000,0.000,1.000,0,0,0,30,30,0,0,30,0.0,0.0,0.0,0.0,0.0,1.0,-1
"F[0,2](BaseExcess < -0.462 & SepsisLabel = 0.000)
",-9999999.000,-9999999.000,0.000,0.000,1.000,0,0,0,30,30,0,0,30,0.0,0.0,0.0,0.0,0.0,1.0,-1
"F[0,1](FiO2 < 0.202 -> SepsisLabel = 0.000)
",-9999999.000,-9999999.000,0.000,0.000,1.000,0,0,0,30,30,0,0,30,0.0,0.0,0.0,0.0,0.0,1.0,-1
"F[0,0](TroponinI <= 0.000 -> SepsisLabel = 0.000)
",0.272,0.021,0.000,0.000,1.000,0,0,0,30,30,0,0,30,0.0,0.0,0.0,0.0,0.0,1.0,-1
"F[2,2](Hgb <= 6.745 | Hct <= 24.326)
",6847259603052195.000,24.326,0.000,0.000,1.000,0,0,0,30,30,0,0,30,0.0,0.0,0.0,0.0,0.0,1.0,-1
"((Hgb > 0.378) U[2,2] (SepsisLabel = 0.000))
",0.000,0.000,0.000,0.000,1.000,0,0,0,30,30,0,0,30,0.0,0.0,0.0,0.0,0.0,1.0,-1
"F[0,2](MAP < 74.861 & SepsisLabel = 0.000)
",-9999999.000,-9999999.000,0.000,0.000,1.000,0,0,0,30,30,0,0,30,0.0,0.0,0.0,0.0,0.0,1.0,-1
"((FiO2 >= 0.081) U[2,2] (SepsisLabel = 0.000))
",0.000,0.000,0.000,0.000,1.000,0,0,0,30,30,0,0,30,0.0,0.0,0.0,0.0,0.0,1.0,-1
"((HR < 113.295) U[0,2] (SepsisLabel = 0.000))
",-9999999.000,-9999999.000,0.000,0.000,1.000,0,0,0,30,30,0,0,30,0.0,0.0,0.0,0.0,0.0,1.0,-1
"((pH >= 0.053) U[0,2] (SepsisLabel = 0.000))
",-9999999.000,-9999999.000,0.000,0.000,1.000,0,0,0,30,30,0,0,30,0.0,0.0,0.0,0.0,0.0,1.0,-1
"((SepsisLabel >= 0.000) U[0,2] (SepsisLabel = 0.000))
",-9999999.000,-9999999.000,0.000,0.000,1.000,0,0,0,30,30,0,0,30,0.0,0.0,0.0,0.0,0.0,1.0,-1
"F[1,2](MAP > 15.402 -> SepsisLabel = 0.000)
",-9999999.000,-9999999.000,0.000,0.000,1.000,0,0,0,30,30,0,0,30,0.0,0.0,0.0,0.0,0.0,1.0,-1
"F[1,2](pH > 0.247 & SepsisLabel = 0.000)
",-9999999.000,-9999999.000,0.000,0.000,1.000,0,0,0,30,30,0,0,30,0.0,0.0,0.0,0.0,0.0,1.0,-1
"F[0,2](EtCO2 < 0.000 -> SepsisLabel = 0.000)
",-9999999.000,-9999999.000,0.000,0.000,1.000,0,0,0,30,30,0,0,30,0.0,0.0,0.0,0.0,0.0,1.0,-1
"F[1,1](Temp < 11.024 -> SepsisLabel = 0.000)
",-2068611216574574.750,-11.024,0.000,0.000,1.000,0,0,0,30,30,0,0,30,0.0,0.0,0.0,0.0,0.0,1.0,-1
"((Potassium < 0.910) U[0,1] (SepsisLabel = 0.000))
",-9999999.000,-9999999.000,0.000,0.000,1.000,0,0,0,30,30,0,0,30,0.0,0.0,0.0,0.0,0.0,1.0,-1
"F[0,2](Resp < 18.280 -> SepsisLabel = 0.000)
",-9999999.000,-9999999.000,0.000,0.000,1.000,0,0,0,30,30,0,0,30,0.0,0.0,0.0,0.0,0.0,1.0,-1
"((BUN < 12.424) U[0,0] (SepsisLabel = 0.000))
",0.158,4.705,0.000,0.000,1.000,0,0,0,30,30,0,0,30,0.0,0.0,0.0,0.0,0.0,1.0,-1
"F[0,2](((Calcium < 2.308 & Potassium < 1.222) & Magnesium < 0.782) & Phosphate < 0.000)
",-9999999.000,-9999999.000,0.000,0.000,1.000,0,0,0,30,30,0,0,30,0.0,0.0,0.0,0.0,0.0,1.0,-1
"F[1,2]((Phosphate >= 0.000 & Magnesium > 0.316) -> Calcium < 6.248)
",-9999999.000,-9999999.000,0.000,0.000,1.000,0,0,0,30,30,0,0,30,0.0,0.0,0.0,0.0,0.0,1.0,-1
"F[2,2](((BaseExcess >= -6.687 -> Hgb >= 0.088) | Hct >= 0.784) | Potassium >= 0.371)
",-6682856187520383.000,-0.371,0.000,0.000,1.000,0,0,0,30,30,0,0,30,0.0,0.0,0.0,0.0,0.0,1.0,-1
"F[2,2](((Calcium < 0.210 & Potassium < 3.002) & Magnesium < 0.985) & Phosphate < 0.000)
",0.000,0.000,0.000,0.000,1.000,0,0,0,30,30,0,0,30,0.0,0.0,0.0,0.0,0.0,1.0,-1
"F[1,2]((Hct <= 14.440 & Lactate <= 0.835) -> Phosphate >= 0.029)
",-9999999.000,-9999999.000,0.000,0.000,1.000,0,0,0,30,30,0,0,30,0.0,0.0,0.0,0.0,0.0,1.0,-1
"((Glucose <= 14.650) U[2,2] (WBC >= 0.029))
",14.650,14.650,0.000,0.000,1.000,0,0,0,30,30,0,0,30,0.0,0.0,0.0,0.0,0.0,1.0,-1
"((Alkalinephos <= 33.726) U[0,2] (Creatinine <= 0.553))
",-9999999.000,-9999999.000,0.000,0.000,1.000,0,0,0,30,30,0,0,30,0.0,0.0,0.0,0.0,0.0,1.0,-1
"F[1,2]((Bilirubin_total <= 0.025 | O2Sat <= 90.346) | O2Sat >= 33.728)
",-9999999.000,-9999999.000,0.000,0.000,1.000,0,0,0,30,30,0,0,30,0.0,0.0,0.0,0.0,0.0,1.0,-1
"F[1,2]((Hgb <= 6.186 | WBC <= 0.728) | pH >= 0.074)
",-9999999.000,-9999999.000,0.000,0.000,1.000,0,0,0,30,30,0,0,30,0.0,0.0,0.0,0.0,0.0,1.0,-1
"F[2,2](((BaseExcess >= -3.680 & pH <= 6.080) -> PaCO2 <= 2.399) -> Bilirubin_direct <= 1.266)
",-1.266,-1.266,0.000,0.000,1.000,0,0,0,30,30,0,0,30,0.0,0.0,0.0,0.0,0.0,1.0,-1
"F[0,2](((Calcium < 5.037 & Potassium < 1.299) & Magnesium < 1.786) & Phosphate < 0.000)
",-9999999.000,-9999999.000,0.000,0.000,1.000,0,0,0,30,30,0,0,30,0.0,0.0,0.0,0.0,0.0,1.0,-1
"F[1,2]((Calcium <= 5.265 & Potassium <= 4.314) & Magnesium >= 0.335)
",-9999999.000,-9999999.000,0.000,0.000,1.000,0,0,0,30,30,0,0,30,0.0,0.0,0.0,0.0,0.0,1.0,-1
"F[1,1](Hgb <= 2.770 | Hct <= 28.621)
",2685338138598317.500,28.621,0.000,0.000,1.000,0,0,0,30,30,0,0,30,0.0,0.0,0.0,0.0,0.0,1.0,-1
"F[1,2]((Phosphate >= 0.000 & Magnesium > 0.317) -> Calcium < 3.139)
",-9999999.000,-9999999.000,0.000,0.000,1.000,0,0,0,30,30,0,0,30,0.0,0.0,0.0,0.0,0.0,1.0,-1
"F[1,2]((Calcium <= 1.794 & Potassium <= 0.882) & Magnesium >= 0.250)
",-9999999.000,-9999999.000,0.000,0.000,1.000,0,0,0,30,30,0,0,30,0.0,0.0,0.0,0.0,0.0,1.0,-1
"F[0,1](Hgb <= 2.536 | Hct <= 28.439)
",-9999999.000,-9999999.000,0.000,0.000,1.000,0,0,0,30,30,0,0,30,0.0,0.0,0.0,0.0,0.0,1.0,-1
"F[0,2]((Phosphate >= 0.000 & Magnesium > 0.087) -> Calcium < 5.279)
",-9999999.000,-9999999.000,0.000,0.000,1.000,0,0,0,30,30,0,0,30,0.0,0.0,0.0,0.0,0.0,1.0,-1
"F[1,2]((Calcium <= 0.342 & Potassium <= 1.534) & Magnesium >= 0.154)
",-9999999.000,-9999999.000,0.000,0.000,1.000,0,0,0,30,30,0,0,30,0.0,0.0,0.0,0.0,0.0,1.0,-1
"F[0,2]((Phosphate >= 0.000 & Magnesium > 0.205) -> Calcium < 4.615)
",-9999999.000,-9999999.000,0.000,0.000,1.000,0,0,0,30,30,0,0,30,0.0,0.0,0.0,0.0,0.0,1.0,-1
"F[1,2](Hgb <= 3.169 | Hct <= 7.122)
",-9999999.000,-9999999.000,0.000,0.000,1.000,0,0,0,30,30,0,0,30,0.0,0.0,0.0,0.0,0.0,1.0,-1
"F[0,1]((Phosphate >= 0.000 & Magnesium > 0.237) -> Calcium < 6.313)
",-9999999.000,-9999999.000,0.000,0.000,1.000,0,0,0,30,30,0,0,30,0.0,0.0,0.0,0.0,0.0,1.0,-1
"F[1,2](((Calcium < 1.217 & Potassium < 2.513) & Magnesium < 2.377) & Phosphate < 0.000)
",-9999999.000,-9999999.000,0.000,0.000,1.000,0,0,0,30,30,0,0,30,0.0,0.0,0.0,0.0,0.0,1.0,-1
"F[1,2]((Calcium <= 2.512 & Potassium <= 4.157) & Magnesium >= 0.121)
",-9999999.000,-9999999.000,0.000,0.000,1.000,0,0,0,30,30,0,0,30,0.0,0.0,0.0,0.0,0.0,1.0,-1
"F[2,2]((Phosphate >= 0.000 & Magnesium > 0.136) -> Calcium < 2.871)
",-6464827629933802.000,-2.871,0.000,0.000,1.000,0,0,0,30,30,0,0,30,0.0,0.0,0.0,0.0,0.0,1.0,-1
"F[0,2](((Calcium < 0.364 & Potassium < 1.352) & Magnesium < 0.736) & Phosphate < 0.000)
",-9999999.000,-9999999.000,0.000,0.000,1.000,0,0,0,30,30,0,0,30,0.0,0.0,0.0,0.0,0.0,1.0,-1
"F[0,2]((Phosphate >= 0.000 & Magnesium > 0.217) -> Calcium < 2.760)
",-9999999.000,-9999999.000,0.000,0.000,1.000,0,0,0,30,30,0,0,30,0.0,0.0,0.0,0.0,0.0,1.0,-1
"F[0,2](((Calcium < 7.219 & Potassium < 1.281) & Magnesium < 2.481) & Phosphate < 0.000)
",-9999999.000,-9999999.000,0.000,0.000,1.000,0,0,0,30,30,0,0,30,0.0,0.0,0.0,0.0,0.0,1.0,-1
"F[1,2](((Calcium < 1.484 & Potassium < 3.129) & Magnesium < 0.858) & Phosphate < 0.000)
",-9999999.000,-9999999.000,0.000,0.000,1.000,0,0,0,30,30,0,0,30,0.0,0.0,0.0,0.0,0.0,1.0,-1
"F[0,0]((Phosphate >= 0.000 & Magnesium > 0.010) -> Calcium < 0.321)
",-1.962,-0.338,0.000,0.000,1.000,0,0,0,30,30,0,0,30,0.0,0.0,0.0,0.0,0.0,1.0,-1
"((MAP >= 47.421) U[0,2] (SBP <= 120.185))
",-9999999.000,-9999999.000,0.000,0.000,1.000,0,0,0,30,30,0,0,30,0.0,0.0,0.0,0.0,0.0,1.0,-1
"F[0,2]((Calcium <= 4.121 & Potassium <= 4.047) & Magnesium >= 0.292)
",-9999999.000,-9999999.000,0.000,0.000,1.000,0,0,0,30,30,0,0,30,0.0,0.0,0.0,0.0,0.0,1.0,-1
"F[1,2](((Calcium < 4.102 & Potassium < 2.005) & Magnesium < 2.498) & Phosphate < 0.000)
",-9999999.000,-9999999.000,0.000,0.000,1.000,0,0,0,30,30,0,0,30,0.0,0.0,0.0,0.0,0.0,1.0,-1
"F[1,2]((Calcium <= 4.718 & EtCO2 <= 0.000) | HR <= 0.000)
",-9999999.000,-9999999.000,0.000,0.000,1.000,0,0,0,30,30,0,0,30,0.0,0.0,0.0,0.0,0.0,1.0,-1
"F[1,2](Resp >= 6.297 | SaO2 <= 38.983)
",-9999999.000,-9999999.000,0.000,0.000,1.000,0,0,0,30,30,0,0,30,0.0,0.0,0.0,0.0,0.0,1.0,-1
"F[1,2]((Hgb >= 0.781 & MAP >= 62.088) -> Chloride >= 38.453)
",-9999999.000,-9999999.000,0.000,0.000,1.000,0,0,0,30,30,0,0,30,0.0,0.0,0.0,0.0,0.0,1.0,-1
"F[1,2](Magnesium <= 2.213 -> TroponinI >= 0.000)
",-9999999.000,-9999999.000,0.000,0.000,1.000,0,0,0,30,30,0,0,30,0.0,0.0,0.0,0.0,0.0,1.0,-1
"G[1,2]((Platelets <= 80.659 -> Resp <= 28.761) | SBP <= 24.310)
",9999999.000,9999999.000,0.000,1.000,0.000,0,0,29,1,1,29,29,1,0.0,0.0,1.0,0.0,0.0,1.0,1
"G[1,2](((HR <= 99.373 -> PTT >= 1.931) | Hct >= 1.368) | Hct >= 0.922)
",9999999.000,9999999.000,0.000,1.000,0.000,0,0,25,5,5,25,25,5,0.0,0.0,1.0,0.0,0.0,1.0,1
"G[0,1]((Bilirubin_total >= 0.003 | HR >= 49.279) & SBP <= 92.442)
",9999999.000,9999999.000,0.000,1.000,0.000,0,0,0,30,30,0,0,30,0.0,0.0,0.0,0.0,0.0,1.0,1
"G[1,2](Platelets <= 64.133 -> WBC >= 0.102)
",9999999.000,9999999.000,0.000,1.000,0.000,0,0,4,26,26,4,4,26,0.0,0.0,1.0,0.0,0.0,1.0,1
"G[0,0](((Calcium <= 6.587 | Magnesium <= 1.424) & BaseExcess <= 2.250) -> BaseExcess >= 0.297)
",-4.407,-2.074,0.000,1.000,0.000,0,0,0,30,30,0,0,30,0.0,0.0,0.0,0.0,0.0,1.0,1
"G[0,2](((Hct >= 3.540 | SBP <= 120.767) & Platelets <= 131.058) | Calcium <= 102.272)
",9999999.000,9999999.000,0.000,1.000,0.000,0,0,30,0,0,30,30,0,0.0,0.0,1.0,0.0,0.0,1.0,1
"G[2,2](((SBP >= 70.766 -> Temp >= 3.084) -> Fibrinogen <= 33.432) | SBP >= 8.711)
",-8.711,-8.711,0.000,1.000,0.000,0,0,30,0,0,30,30,0,0.0,0.0,1.0,0.0,0.0,1.0,1
"G[0,2](((Bilirubin_total <= 0.198 | Resp <= 22.220) | Phosphate >= 4.850) & Platelets >= 16.499)
",9999999.000,9999999.000,0.000,1.000,0.000,0,0,0,30,30,0,0,30,0.0,0.0,0.0,0.0,0.0,1.0,1
"G[0,2]((Creatinine >= 0.158 & Lactate <= 0.180) & Creatinine <= 0.803)
",9999999.000,9999999.000,0.000,1.000,0.000,0,0,0,30,30,0,0,30,0.0,0.0,0.0,0.0,0.0,1.0,1
"G[1,2](((Creatinine <= 3.025 -> PaCO2 <= 14.718) | DBP >= 0.189) | O2Sat <= 12.780)
",9999999.000,9999999.000,0.000,1.000,0.000,0,0,29,1,1,29,29,1,0.0,0.0,1.0,0.0,0.0,1.0,1
"G[0,1](((Resp <= 18.749 & Temp >= 4.008) & O2Sat >= 5.952) & WBC >= 3.297)
",9999999.000,9999999.000,0.000,1.000,0.000,0,0,0,30,30,0,0,30,0.0,0.0,0.0,0.0,0.0,1.0,1
"G[0,2](((HR <= 91.771 -> WBC <= 0.703) | Resp >= 0.039) -> Calcium <= 1.300)
",9999999.000,9999999.000,0.000,1.000,0.000,0,0,29,1,1,29,29,1,0.0,0.0,1.0,0.0,0.0,1.0,1
"G[1,2](((Calcium >= 0.057 & Chloride >= 15.692) | SBP >= 15.336) & O2Sat <= 33.014)
",9999999.000,9999999.000,0.000,1.000,0.000,0,0,2,28,28,2,2,28,0.0,0.0,1.0,0.0,0.0,1.0,1
"G[2,2]((Glucose >= 8.193 | SaO2 <= 34.755) | EtCO2 >= 2.758)
",4891311766209089.000,34.755,0.000,1.000,0.000,0,0,30,0,0,30,30,0,0.0,0.0,1.0,0.0,0.0,1.0,1
"G[0,2](((Magnesium <= 2.108 -> WBC <= 0.245) -> Magnesium >= 0.116) | Lactate <= 1.616)
",9999999.000,9999999.000,0.000,1.000,0.000,0,0,30,0,0,30,30,0,0.0,0.0,1.0,0.0,0.0,1.0,1
"G[2,2]((Hgb >= 0.374 -> Magnesium <= 1.230) & Glucose >= 0.338)
",-1.230,-1.230,0.000,1.000,0.000,0,0,30,0,0,30,30,0,0.0,0.0,1.0,0.0,0.0,1.0,1
"G[0,2](Hct <= 19.089 | Potassium <= 3.990)
",9999999.000,9999999.000,0.000,1.000,0.000,0,0,25,5,5,25,25,5,0.0,0.0,1.0,0.0,0.0,1.0,1
"G[0,2](((Hgb <= 6.632 | Hct <= 29.234) -> WBC >= 0.057) & Platelets >= 2.432)
",9999999.000,9999999.000,0.000,1.000,0.000,0,0,0,30,30,0,0,30,0.0,0.0,0.0,0.0,0.0,1.0,1
"G[1,2](Platelets <= 92.645 -> WBC >= 0.042)
",9999999.000,9999999.000,0.000,1.000,0.000,0,0,4,26,26,4,4,26,0.0,0.0,1.0,0.0,0.0,1.0,1
"G[2,2](BUN <= 19.610 & Creatinine >= 0.023)
",-3269906155253786.000,-0.023,0.000,1.000,0.000,0,0,30,0,0,30,30,0,0.0,0.0,1.0,0.0,0.0,1.0,1
"G[0,1](((Hgb <= 4.226 | Hct <= 23.781) -> WBC >= 0.135) & Platelets >= 1.204)
",9999999.000,9999999.000,0.000,1.000,0.000,0,0,0,30,30,0,0,30,0.0,0.0,0.0,0.0,0.0,1.0,1
"G[0,2](Chloride >= 8.058 & HCO3 >= 1.960)
",9999999.000,9999999.000,0.000,1.000,0.000,0,0,3,27,27,3,3,27,0.0,0.0,1.0,0.0,0.0,1.0,1
"G[1,2](Platelets <= 134.330 -> WBC >= 0.001)
",9999999.000,9999999.000,0.000,1.000,0.000,0,0,4,26,26,4,4,26,0.0,0.0,1.0,0.0,0.0,1.0,1
"G[1,2]((Hct <= 29.163 -> Magnesium <= 1.008) & pH <= 0.914)
",9999999.000,9999999.000,0.000,1.000,0.000,0,0,25,5,5,25,25,5,0.0,0.0,1.0,0.0,0.0,1.0,1
"G[1,2]((Resp <= 28.482 -> WBC <= 0.501) -> Bilirubin_total >= 0.021)
",9999999.000,9999999.000,0.000,1.000,0.000,0,0,4,26,26,4,4,26,0.0,0.0,1.0,0.0,0.0,1.0,1
"G[1,2]((FiO2 <= 0.446 & WBC >= 0.035) -> EtCO2 <= 0.861)
",9999999.000,9999999.000,0.000,1.000,0.000,0,0,30,0,0,30,30,0,0.0,0.0,1.0,0.0,0.0,1.0,1
"G[1,2](Calcium >= 0.091 -> Glucose >= 5.562)
",9999999.000,9999999.000,0.000,1.000,0.000,0,0,30,0,0,30,30,0,0.0,0.0,1.0,0.0,0.0,1.0,1
"G[1,2](((Potassium <= 1.948 -> PTT >= 2.233) -> AST >= 0.773) | SBP <= 2.873)
",9999999.000,9999999.000,0.000,1.000,0.000,0,0,27,3,3,27,27,3,0.0,0.0,1.0,0.0,0.0,1.0,1
"G[0,2](((AST >= 5.422 & Chloride <= 71.249) & EtCO2 >= 9.969) -> TroponinI <= 31.457)
",9999999.000,9999999.000,0.000,1.000,0.000,0,0,30,0,0,30,30,0,0.0,0.0,1.0,0.0,0.0,1.0,1
"G[1,2]((Chloride >= 9.801 | Platelets <= 9.788) | Lactate >= 2.941)
",9999999.000,9999999.000,0.000,1.000,0.000,0,0,30,0,0,30,30,0,0.0,0.0,1.0,0.0,0.0,1.0,1
"G[2,2](Chloride >= 16.785 & PTT >= 0.160)
",-16.785,-16.785,0.000,1.000,0.000,0,0,30,0,0,30,30,0,0.0,0.0,1.0,0.0,0.0,1.0,1
"G[0,2](((Calcium <= 6.570 | PTT >= 2.239) -> TroponinI <= 19.600) | SBP <= 20.835)
",9999999.000,9999999.000,0.000,1.000,0.000,0,0,30,0,0,30,30,0,0.0,0.0,1.0,0.0,0.0,1.0,1
"G[0,2](((Glucose >= 4.964 -> Magnesium <= 1.527) | Hgb <= 1.311) & SepsisLabel <= 1.796)
",9999999.000,9999999.000,0.000,1.000,0.000,0,0,27,3,3,27,27,3,0.0,0.0,1.0,0.0,0.0,1.0,1
"G[1,2]((Glucose <= 25.818 & HCO3 >= 0.952) -> Temp >= 2.172)
",9999999.000,9999999.000,0.000,1.000,0.000,0,0,28,2,2,28,28,2,0.0,0.0,1.0,0.0,0.0,1.0,1
"G[1,2](((Chloride <= 38.502 -> Glucose <= 97.291) -> Lactate <= 126.697) | DBP <= 18.681)
",9999999.000,9999999.000,0.000,1.000,0.000,0,0,30,0,0,30,30,0,0.0,0.0,1.0,0.0,0.0,1.0,1
"G[2,2]((Alkalinephos <= 29.352 & HCO3 >= 1.475) | Glucose >= 0.398)
",-0.398,-0.398,0.000,1.000,0.000,0,0,30,0,0,30,30,0,0.0,0.0,1.0,0.0,0.0,1.0,1
"G[2,2]((BaseExcess >= -2.397 -> Magnesium <= 0.438) & Hgb >= 0.062)
",-5398102797499827.000,-2.397,0.000,1.000,0.000,0,0,30,0,0,30,30,0,0.0,0.0,1.0,0.0,0.0,1.0,1
"G[0,2](((Alkalinephos >= 1.714 -> PaCO2 >= 0.368) | TroponinI >= 0.871) | SBP <= 3.602)
",9999999.000,9999999.000,0.000,1.000,0.000,0,0,28,2,2,28,28,2,0.0,0.0,1.0,0.0,0.0,1.0,1
"G[0,2](((PTT >= 0.112 -> Resp <= 18.621) | PTT <= 23.716) -> Bilirubin_direct <= 23.013)
",9999999.000,9999999.000,0.000,1.000,0.000,0,0,30,0,0,30,30,0,0.0,0.0,1.0,0.0,0.0,1.0,1
"G[0,2](((AST >= 2.401 -> Glucose <= 164.834) & Lactate <= 89.526) | Chloride <= 48.953)
",9999999.000,9999999.000,0.000,1.000,0.000,0,0,30,0,0,30,30,0,0.0,0.0,1.0,0.0,0.0,1.0,1
"G[0,2](((Alkalinephos >= 0.474 & SBP <= 98.664) & PaCO2 >= 65.101) -> Glucose <= 115.446)
",9999999.000,9999999.000,0.000,1.000,0.000,0,0,30,0,0,30,30,0,0.0,0.0,1.0,0.0,0.0,1.0,1
"G[0,2](HR >= 40.476 -> Potassium >= 0.314)
",9999999.000,9999999.000,0.000,1.000,0.000,0,0,4,26,26,4,4,26,0.0,0.0,1.0,0.0,0.0,1.0,1
"G[2,2]((BUN >= 9.514 | SaO2 <= 12.808) & PTT <= 31.550)
",3605014708362437.000,12.808,0.000,1.000,0.000,0,0,30,0,0,30,30,0,0.0,0.0,1.0,0.0,0.0,1.0,1
"G[1,2](((Chloride >= 10.587 | PaCO2 >= 0.787) | FiO2 <= 21.446) -> AST >= 0.741)
",9999999.000,9999999.000,0.000,1.000,0.000,0,0,3,27,27,3,3,27,0.0,0.0,1.0,0.0,0.0,1.0,1
"G[2,2](((HCO3 >= 0.282 & HR >= 63.715) & SepsisLabel <= 92.414) | SepsisLabel <= 104.958)
",7385766174289375.000,104.958,0.000,1.000,0.000,0,0,30,0,0,30,30,0,0.0,0.0,1.0,0.0,0.0,1.0,1
"G[1,2](Lactate >= 0.009 | MAP >= 55.022)
",9999999.000,9999999.000,0.000,1.000,0.000,0,0,28,2,2,28,28,2,0.0,0.0,1.0,0.0,0.0,1.0,1
"G[2,2]((PaCO2 <= 7.188 & SBP >= 89.144) & SBP <= 105.890)
",-2090973328713393.250,-89.144,0.000,1.000,0.000,0,0,30,0,0,30,30,0,0.0,0.0,1.0,0.0,0.0,1.0,1
"G[0,2]((Magnesium >= 0.210 | SaO2 <= 87.286) -> BaseExcess >= 2.387)
",9999999.000,9999999.000,0.000,1.000,0.000,0,0,0,30,30,0,0,30,0.0,0.0,0.0,0.0,0.0,1.0,1
"G[0,2](Glucose <= 45.174 -> Temp >= 7.574)
",9999999.000,9999999.000,0.000,1.000,0.000,0,0,1,29,29,1,1,29,0.0,0.0,1.0,0.0,0.0,1.0,1
"G[0,2](Chloride >= 8.411 & HCO3 >= 2.155)
",9999999.000,9999999.000,0.000,1.000,0.000,0,0,3,27,27,3,3,27,0.0,0.0,1.0,0.0,0.0,1.0,1
"G[0,1](BUN <= 39.228 & Creatinine >= 0.274)
",9999999.000,9999999.000,0.000,1.000,0.000,0,0,0,30,30,0,0,30,0.0,0.0,0.0,0.0,0.0,1.0,1
"G[2,2](Chloride >= 10.804 & HCO3 >= 1.095)
",-6081877599648611.000,-10.804,0.000,1.000,0.000,0,0,30,0,0,30,30,0,0.0,0.0,1.0,0.0,0.0,1.0,1
"G[1,2](HCO3 <= 6.586 & Magnesium <= 1.922)
",9999999.000,9999999.000,0.000,1.000,0.000,0,0,25,5,5,25,25,5,0.0,0.0,1.0,0.0,0.0,1.0,1
"G[1,2]((MAP <= 73.443 | Resp >= 1.911) -> Potassium >= 6.662)
",9999999.000,9999999.000,0.000,1.000,0.000,0,0,1,29,29,1,1,29,0.0,0.0,1.0,0.0,0.0,1.0,1
"G[0,1]((pH >= 0.400 & SaO2 >= 2.671) & HR <= 68.990)
",9999999.000,9999999.000,0.000,1.000,0.000,0,0,0,30,30,0,0,30,0.0,0.0,0.0,0.0,0.0,1.0,1
"G[0,2](((BaseExcess >= -2.560 -> Lactate >= 0.016) | Platelets >= 0.025) -> Bilirubin_total <= 0.590)
",9999999.000,9999999.000,0.000,1.000,0.000,0,0,30,0,0,30,30,0,0.0,0.0,1.0,0.0,0.0,1.0,1
"G[0,2](Lactate <= 0.502 & pH >= 0.472)
",9999999.000,9999999.000,0.000,1.000,0.000,0,0,0,30,30,0,0,30,0.0,0.0,0.0,0.0,0.0,1.0,1
"G[1,2]((BUN <= 14.866 | Hgb >= 0.626) & Magnesium >= 0.409)
",9999999.000,9999999.000,0.000,1.000,0.000,0,0,4,26,26,4,4,26,0.0,0.0,1.0,0.0,0.0,1.0,1
"G[1,2](Potassium <= 4.526 & WBC <= 1.629)
",9999999.000,9999999.000,0.000,1.000,0.000,0,0,25,5,5,25,25,5,0.0,0.0,1.0,0.0,0.0,1.0,1
"G[2,2](PaCO2 <= 1.493 -> SepsisLabel = 0.000)
",-3361647528303946.500,-1.493,0.000,1.000,0.000,0,0,30,0,0,30,30,0,0.0,0.0,1.0,0.0,0.0,1.0,1
"G[1,2](((Chloride >= 10.066 | WBC >= 0.103) & Alkalinephos <= 0.942) -> Lactate >= 0.068)
",9999999.000,9999999.000,0.000,1.000,0.000,0,0,27,3,3,27,27,3,0.0,0.0,1.0,0.0,0.0,1.0,1
"G[0,2]((HR <= 118.497 | Resp <= 28.864) & Bilirubin_direct <= 23.963)
",9999999.000,9999999.000,0.000,1.000,0.000,0,0,30,0,0,30,30,0,0.0,0.0,1.0,0.0,0.0,1.0,1
"G[2,2]((MAP <= 79.954 & SBP <= 104.106) -> Bilirubin_direct <= 111.176)
",-7823309450106344.000,-111.176,0.000,1.000,0.000,0,0,30,0,0,30,30,0,0.0,0.0,1.0,0.0,0.0,1.0,1
"G[0,2](((AST <= 87.333 & Lactate >= 0.012) | Alkalinephos >= 0.016) -> AST >= 0.016)
",9999999.000,9999999.000,0.000,1.000,0.000,0,0,30,0,0,30,30,0,0.0,0.0,1.0,0.0,0.0,1.0,1
"G[1,1]((Hgb <= 4.823 & PTT >= 0.062) & O2Sat <= 25.926)
",-8970128731592985.000,-0.062,0.000,1.000,0.000,0,0,1,29,29,1,1,29,0.0,0.0,1.0,0.0,0.0,1.0,1
"G[0,2]((BUN <= 25.028 & HCO3 <= 8.690) -> FiO2 <= 3.306)
",9999999.000,9999999.000,0.000,1.000,0.000,0,0,30,0,0,30,30,0,0.0,0.0,1.0,0.0,0.0,1.0,1
"G[1,2](BUN <= 62.324 & Chloride >= 10.309)
",9999999.000,9999999.000,0.000,1.000,0.000,0,0,4,26,26,4,4,26,0.0,0.0,1.0,0.0,0.0,1.0,1
"G[0,2](BUN <= 63.446 | Magnesium >= 0.302)
",9999999.000,9999999.000,0.000,1.000,0.000,0,0,30,0,0,30,30,0,0.0,0.0,1.0,0.0,0.0,1.0,1
"G[0,2]((Chloride <= 92.118 -> Potassium <= 4.345) -> SepsisLabel <= 3.410)
",9999999.000,9999999.000,0.000,1.000,0.000,0,0,30,0,0,30,30,0,0.0,0.0,1.0,0.0,0.0,1.0,1
"G[2,2](((Platelets <= 164.714 -> PTT >= 0.530) -> BUN >= 1.331) | AST >= 1.878)
",1997834091630427.750,1.331,0.000,1.000,0.000,0,0,30,0,0,30,30,0,0.0,0.0,1.0,0.0,0.0,1.0,1
"G[0,1](Temp > 4.279 & SepsisLabel = 0.000)
",9999999.000,9999999.000,0.000,1.000,0.000,0,0,0,30,30,0,0,30,0.0,0.0,0.0,0.0,0.0,1.0,1
"G[0,1](Glucose >= 6.307 & SepsisLabel = 0.000)
",9999999.000,9999999.000,0.000,1.000,0.000,0,0,0,30,30,0,0,30,0.0,0.0,0.0,0.0,0.0,1.0,1
"G[0,2](Magnesium >= 0.117 & SepsisLabel = 0.000)
",9999999.000,9999999.000,0.000,1.000,0.000,0,0,3,27,27,3,3,27,0.0,0.0,1.0,0.0,0.0,1.0,1
"G[0,2](((HR <= 107.712 | MAP >= 55.427) | Bilirubin_direct <= 93.928) | pH >= 57.246)
",9999999.000,9999999.000,0.000,1.000,0.000,0,0,30,0,0,30,30,0,0.0,0.0,1.0,0.0,0.0,1.0,1
"G[0,2]((BUN <= 40.085 & PaCO2 <= 22.314) -> Glucose <= 19.502)
",9999999.000,9999999.000,0.000,1.000,0.000,0,0,29,1,1,29,29,1,0.0,0.0,1.0,0.0,0.0,1.0,1
"G[2,2](((Hgb <= 1.170 -> Platelets <= 85.898) & Creatinine <= 38.400) -> Creatinine >= 6.812)
",7669359077487711.000,6.812,0.000,1.000,0.000,0,0,30,0,0,30,30,0,0.0,0.0,1.0,0.0,0.0,1.0,1
"G[0,2]((HCO3 <= 4.924 -> Hct <= 17.582) & WBC <= 27.362)
",9999999.000,9999999.000,0.000,1.000,0.000,0,0,26,4,4,26,26,4,0.0,0.0,1.0,0.0,0.0,1.0,1
"G[0,1](BUN <= 29.171 & Creatinine >= 0.071)
",9999999.000,9999999.000,0.000,1.000,0.000,0,0,0,30,30,0,0,30,0.0,0.0,0.0,0.0,0.0,1.0,1
"G[2,2](Chloride >= 15.064 & HCO3 >= 1.499)
",-15.064,-15.064,0.000,1.000,0.000,0,0,30,0,0,30,30,0,0.0,0.0,1.0,0.0,0.0,1.0,1
"G[0,1](((Hgb <= 7.346 | Hct <= 23.879) -> WBC >= 0.124) & Platelets >= 4.181)
",9999999.000,9999999.000,0.000,1.000,0.000,0,0,0,30,30,0,0,30,0.0,0.0,0.0,0.0,0.0,1.0,1
"G[0,1](BUN <= 66.010 & Creatinine >= 0.125)
",9999999.000,9999999.000,0.000,1.000,0.000,0,0,0,30,30,0,0,30,0.0,0.0,0.0,0.0,0.0,1.0,1
"G[1,2](BUN <= 68.253 & Creatinine >= 0.250)
",9999999.000,9999999.000,0.000,1.000,0.000,0,0,2,28,28,2,2,28,0.0,0.0,1.0,0.0,0.0,1.0,1
"G[1,2](((Hgb <= 4.665 | Hct <= 22.085) -> WBC >= 0.100) & Platelets >= 4.700)
",9999999.000,9999999.000,0.000,1.000,0.000,0,0,2,28,28,2,2,28,0.0,0.0,1.0,0.0,0.0,1.0,1
"G[1,2](Chloride >= 14.167 & HCO3 >= 1.222)
",9999999.000,9999999.000,0.000,1.000,0.000,0,0,6,24,24,6,6,24,0.0,0.0,1.0,0.0,0.0,1.0,1
"G[1,2](BUN <= 57.702 & Creatinine >= 0.059)
",9999999.000,9999999.000,0.000,1.000,0.000,0,0,2,28,28,2,2,28,0.0,0.0,1.0,0.0,0.0,1.0,1
"G[2,2](((Hgb <= 4.146 | Hct <= 25.075) -> WBC >= 0.118) & Platelets >= 2.996)
",-2352668232249497.000,-25.075,0.000,1.000,0.000,0,0,30,0,0,30,30,0,0.0,0.0,1.0,0.0,0.0,1.0,1
"G[0,2](Platelets <= 56.227 -> WBC >= 0.126)
",9999999.000,9999999.000,0.000,1.000,0.000,0,0,2,28,28,2,2,28,0.0,0.0,1.0,0.0,0.0,1.0,1
"G[1,2](BUN <= 36.352 & Creatinine >= 0.193)
",9999999.000,9999999.000,0.000,1.000,0.000,0,0,1,29,29,1,1,29,0.0,0.0,1.0,0.0,0.0,1.0,1
"G[0,2](((Hgb <= 3.900 | Hct <= 24.811) -> WBC >= 0.096) & Platelets >= 7.330)
",9999999.000,9999999.000,0.000,1.000,0.000,0,0,0,30,30,0,0,30,0.0,0.0,0.0,0.0,0.0,1.0,1
"G[2,2](BUN <= 39.763 & Creatinine >= 0.129)
",-4633985854694844.000,-0.129,0.000,1.000,0.000,0,0,30,0,0,30,30,0,0.0,0.0,1.0,0.0,0.0,1.0,1
"G[0,2](((Platelets <= 9.818 & WBC >= 0.053) | FiO2 >= 0.028) & BUN >= 0.103)
",9999999.000,9999999.000,0.000,1.000,0.000,0,0,1,29,29,1,1,29,0.0,0.0,1.0,0.0,0.0,1.0,1
"G[1,2](((Hgb <= 1.309 | Hct <= 26.259) -> WBC >= 0.032) & Platelets >= 8.272)
",9999999.000,9999999.000,0.000,1.000,0.000,0,0,2,28,28,2,2,28,0.0,0.0,1.0,0.0,0.0,1.0,1
"G[0,2](Platelets <= 58.742 -> WBC >= 0.092)
",9999999.000,9999999.000,0.000,1.000,0.000,0,0,2,28,28,2,2,28,0.0,0.0,1.0,0.0,0.0,1.0,1
"G[0,2](Chloride >= 17.420 & HCO3 >= 0.162)
",9999999.000,9999999.000,0.000,1.000,0.000,0,0,3,27,27,3,3,27,0.0,0.0,1.0,0.0,0.0,1.0,1
"G[1,2](BUN <= 51.434 & Creatinine >= 0.278)
",9999999.000,9999999.000,0.000,1.000,0.000,0,0,1,29,29,1,1,29,0.0,0.0,1.0,0.0,0.0,1.0,1
"G[1,2](Platelets <= 18.303 -> WBC >= 0.001)
",9999999.000,9999999.000,0.000,1.000,0.000,0,0,4,26,26,4,4,26,0.0,0.0,1.0,0.0,0.0,1.0,1
"G[2,2]((MAP >= 60.330 -> PaCO2 >= 0.403) & SepsisLabel >= 0.212)
",-7629003263269665.000,-0.212,0.000,1.000,0.000,0,0,30,0,0,30,30,0,0.0,0.0,1.0,0.0,0.0,1.0,1
"G[2,2](FiO2 < 0.514 -> SepsisLabel = 0.000)
",-4626521011593203.000,-0.514,0.000,1.000,0.000,0,0,30,0,0,30,30,0,0.0,0.0,1.0,0.0,0.0,1.0,1
"G[1,2](Magnesium > 0.320 -> SepsisLabel = 0.000)
",9999999.000,9999999.000,0.000,1.000,0.000,0,0,30,0,0,30,30,0,0.0,0.0,1.0,0.0,0.0,1.0,1
"G[0,2]((BUN >= 2.179 -> Creatinine <= 0.391) | Calcium <= 0.311)
",9999999.000,9999999.000,0.000,1.000,0.000,0,0,29,1,1,29,29,1,0.0,0.0,1.0,0.0,0.0,1.0,1
"G[0,2](Lactate >= 0.020 | WBC >= 0.117)
",9999999.000,9999999.000,0.000,1.000,0.000,0,0,2,28,28,2,2,28,0.0,0.0,1.0,0.0,0.0,1.0,1
"G[1,2](((AST <= 45.499 | Potassium <= 1.786) & Bilirubin_total <= 4.936) | EtCO2 <= 1.449)
",9999999.000,9999999.000,0.000,1.000,0.000,0,0,30,0,0,30,30,0,0.0,0.0,1.0,0.0,0.0,1.0,1
"G[1,2]((Creatinine <= 3.287 & WBC <= 1.673) | TroponinI <= 1.587)
",9999999.000,9999999.000,0.000,1.000,0.000,0,0,30,0,0,30,30,0,0.0,0.0,1.0,0.0,0.0,1.0,1
"G[0,1]((Bilirubin_total <= 0.100 -> PaCO2 >= 0.268) & BaseExcess >= 0.789)
",9999999.000,9999999.000,0.000,1.000,0.000,0,0,0,30,30,0,0,30,0.0,0.0,0.0,0.0,0.0,1.0,1
"G[0,2](((Temp <= 20.517 & Alkalinephos >= 1.459) | Hgb <= 23.726) | Alkalinephos >= 0.942)
",9999999.000,9999999.000,0.000,1.000,0.000,0,0,30,0,0,30,30,0,0.0,0.0,1.0,0.0,0.0,1.0,1
"G[1,2](((Glucose <= 89.123 -> O2Sat <= 91.717) & Alkalinephos >= 64.440) & SBP <= 85.596)
",9999999.000,9999999.000,0.000,1.000,0.000,0,0,1,29,29,1,1,29,0.0,0.0,1.0,0.0,0.0,1.0,1
"G[2,2](((Bilirubin_direct >= 0.000 -> MAP >= 29.740) | Alkalinephos >= 45.084) | Potassium >= 20.065)
",0.000,0.000,0.000,1.000,0.000,0,0,30,0,0,30,30,0,0.0,0.0,1.0,0.0,0.0,1.0,1
"G[1,2](((Potassium <= 3.866 | Resp >= 12.575) -> Bilirubin_direct <= 26.188) -> Temp <= 20.368)
",9999999.000,9999999.000,0.000,1.000,0.000,0,0,15,15,15,15,15,15,0.0,0.0,1.0,0.0,0.0,1.0,1
"G[0,2](((HCO3 <= 14.746 -> Resp <= 27.836) -> EtCO2 >= 7.715) | O2Sat <= 20.126)
",9999999.000,9999999.000,0.000,1.000,0.000,0,0,1,29,29,1,1,29,0.0,0.0,1.0,0.0,0.0,1.0,1
"G[2,2](((PTT >= 2.066 -> Hct <= 13.432) & Resp >= 5.461) -> EtCO2 >= 3.930)
",3.930,3.930,0.000,1.000,0.000,0,0,30,0,0,30,30,0,0.0,0.0,1.0,0.0,0.0,1.0,1
"G[1,2](Creatinine <= 3.375 & HR <= 107.525)
",9999999.000,9999999.000,0.000,1.000,0.000,0,0,20,10,10,20,20,10,0.0,0.0,1.0,0.0,0.0,1.0,1
"G[0,2]((FiO2 <= 0.345 | HCO3 >= 2.230) & AST >= 2.673)
",9999999.000,9999999.000,0.000,1.000,0.000,0,0,2,28,28,2,2,28,0.0,0.0,1.0,0.0,0.0,1.0,1
"G[0,2](((SepsisLabel <= 0.000 -> SaO2 <= 37.143) -> Resp <= 31.191) & BUN <= 41.565)
",9999999.000,9999999.000,0.000,1.000,0.000,0,0,23,7,7,23,23,7,0.0,0.0,1.0,0.0,0.0,1.0,1
"G[2,2](((Bilirubin_total >= 0.002 & FiO2 >= 0.014) | Potassium >= 0.051) | Potassium >= 0.018)
",-0.014,-0.014,0.000,1.000,0.000,0,0,30,0,0,30,30,0,0.0,0.0,1.0,0.0,0.0,1.0,1
"G[1,2](((FiO2 <= 0.105 & HR >= 6.795) & Resp >= 29.004) & AST <= 101.890)
",9999999.000,9999999.000,0.000,1.000,0.000,0,0,1,29,29,1,1,29,0.0,0.0,1.0,0.0,0.0,1.0,1
"G[0,2](((Potassium >= 0.444 & SBP >= 44.854) & Calcium <= 107.945) -> HCO3 >= 44.533)
",9999999.000,9999999.000,0.000,1.000,0.000,0,0,24,6,6,24,24,6,0.0,0.0,1.0,0.0,0.0,1.0,1
"G[1,2]((Potassium >= 0.107 -> Lactate >= 0.004) | SaO2 >= 0.004)
",9999999.000,9999999.000,0.000,1.000,0.000,0,0,26,4,4,26,26,4,0.0,0.0,1.0,0.0,0.0,1.0,1
"G[0,2]((HR >= 1.328 -> TroponinI >= 0.000) & BUN <= 0.000)
",9999999.000,9999999.000,0.000,1.000,0.000,0,0,23,7,7,23,23,7,0.0,0.0,1.0,0.0,0.0,1.0,1
"G[2,2](((FiO2 <= 0.222 -> MAP >= 43.613) & PaCO2 <= 91.362) -> pH >= 67.055)
",7988755855740831.000,0.222,0.000,1.000,0.000,0,0,30,0,0,30,30,0,0.0,0.0,1.0,0.0,0.0,1.0,1
"G[0,2](Magnesium <= 1.631 -> Alkalinephos >= 2.760)
",9999999.000,9999999.000,0.000,1.000,0.000,0,0,3,27,27,3,3,27,0.0,0.0,1.0,0.0,0.0,1.0,1
"G[1,2]((pH >= 0.135 & SBP <= 134.584) | HR <= 100.937)
",9999999.000,9999999.000,0.000,1.000,0.000,0,0,12,18,18,12,12,18,0.0,0.0,1.0,0.0,0.0,1.0,1
"G[1,2](((Lactate <= 0.564 | Potassium >= 0.754) | WBC <= 1.271) | Hct <= 4.607)
",9999999.000,9999999.000,0.000,1.000,0.000,0,0,30,0,0,30,30,0,0.0,0.0,1.0,0.0,0.0,1.0,1
"G[0,2]((Potassium >= 0.039 | Bilirubin_direct >= 0.000) & HCO3 >= 0.000)
",9999999.000,9999999.000,0.000,1.000,0.000,0,0,30,0,0,30,30,0,0.0,0.0,1.0,0.0,0.0,1.0,1
"G[0,2]((MAP <= 99.831 -> Creatinine >= 0.182) & PTT >= 0.103)
",9999999.000,9999999.000,0.000,1.000,0.000,0,0,0,30,30,0,0,30,0.0,0.0,0.0,0.0,0.0,1.0,1
"G[1,2]((SaO2 <= 19.223 & Temp >= 5.168) -> HR <= 37.586)
",9999999.000,9999999.000,0.000,1.000,0.000,0,0,16,14,14,16,16,14,0.0,0.0,1.0,0.0,0.0,1.0,1
"G[0,2]((FiO2 <= 0.284 & SBP >= 51.188) -> Platelets >= 85.971)
",9999999.000,9999999.000,0.000,1.000,0.000,0,0,6,24,24,6,6,24,0.0,0.0,1.0,0.0,0.0,1.0,1
"G[1,2](((MAP <= 102.976 | SaO2 >= 2.686) -> Bilirubin_direct >= 2.703) | HR <= 27.231)
",9999999.000,9999999.000,0.000,1.000,0.000,0,0,2,28,28,2,2,28,0.0,0.0,1.0,0.0,0.0,1.0,1
"G[0,1](BaseExcess <= -0.069 & Chloride <= 95.891)
",9999999.000,9999999.000,0.000,1.000,0.000,0,0,0,30,30,0,0,30,0.0,0.0,0.0,0.0,0.0,1.0,1
"F[0,2]((Hgb >= 0.060 & SBP <= 99.655) & PTT >= 49.275)
",-9999999.000,-9999999.000,0.000,0.000,1.000,0,0,0,30,30,0,0,30,0.0,0.0,0.0,0.0,0.0,1.0,-1
"G[0,2]((HCO3 >= 2.485 -> MAP <= 78.170) -> Lactate <= 86.282)
",9999999.000,9999999.000,0.000,1.000,0.000,0,0,30,0,0,30,30,0,0.0,0.0,1.0,0.0,0.0,1.0,1
"F[2,2](PaCO2 >= 0.680 -> SBP <= 110.605)
",-3891571932285012.000,-110.605,0.000,0.000,1.000,0,0,0,30,30,0,0,30,0.0,0.0,0.0,0.0,0.0,1.0,-1
"F[0,2](((Glucose >= 10.461 | Fibrinogen >= 0.000) | PTT >= 0.000) | Platelets <= 0.000)
",-9999999.000,-9999999.000,0.000,0.000,1.000,0,0,0,30,30,0,0,30,0.0,0.0,0.0,0.0,0.0,1.0,-1
"F[1,2]((Bilirubin_total >= 0.007 & MAP <= 90.944) & MAP <= 76.567)
",-9999999.000,-9999999.000,0.000,0.000,1.000,0,0,0,30,30,0,0,30,0.0,0.0,0.0,0.0,0.0,1.0,-1
"F[0,2](FiO2 >= 0.022 | Hgb >= 0.193)
",-9999999.000,-9999999.000,0.000,0.000,1.000,0,0,0,30,30,0,0,30,0.0,0.0,0.0,0.0,0.0,1.0,-1
"F[0,2]((Alkalinephos <= 16.646 | Resp >= 3.321) | Potassium <= 17.988)
",-9999999.000,-9999999.000,0.000,0.000,1.000,0,0,0,30,30,0,0,30,0.0,0.0,0.0,0.0,0.0,1.0,-1
"F[0,0](((Lactate <= 0.203 & SaO2 <= 86.406) -> Hct <= 73.921) | Temp >= 3.091)
",2.104,77.564,0.000,0.000,1.000,0,0,0,30,30,0,0,30,0.0,0.0,0.0,0.0,0.0,1.0,-1
"F[2,2]((Calcium <= 6.564 | Temp >= 3.178) & TroponinI >= 4.119)
",-4.119,-4.119,0.000,0.000,1.000,0,0,0,30,30,0,0,30,0.0,0.0,0.0,0.0,0.0,1.0,-1
"F[1,2]((Temp <= 17.010 -> HCO3 <= 11.864) & O2Sat >= 0.431)
",-9999999.000,-9999999.000,0.000,0.000,1.000,0,0,0,30,30,0,0,30,0.0,0.0,0.0,0.0,0.0,1.0,-1
"F[1,2](((PTT >= 1.646 -> Platelets <= 22.027) | Calcium <= 15.221) -> FiO2 >= 8.285)
",-9999999.000,-9999999.000,0.000,0.000,1.000,0,0,0,30,30,0,0,30,0.0,0.0,0.0,0.0,0.0,1.0,-1
"((AST >= 6.210) U[0,2] (SBP <= 105.203))
",-9999999.000,-9999999.000,0.000,0.000,1.000,0,0,0,30,30,0,0,30,0.0,0.0,0.0,0.0,0.0,1.0,-1
"F[0,2]((HR <= 112.706 & PaCO2 <= 15.628) & SepsisLabel <= 29.726)
",-9999999.000,-9999999.000,0.000,0.000,1.000,0,0,0,30,30,0,0,30,0.0,0.0,0.0,0.0,0.0,1.0,-1
"F[0,0](((Potassium >= 0.038 -> SaO2 <= 55.873) | HR >= 1.208) -> SepsisLabel <= 79.984)
",-4643730305780751.000,-16893.792,0.000,0.000,1.000,0,0,0,30,30,0,0,30,0.0,0.0,0.0,0.0,0.0,1.0,-1
"F[0,2](SaO2 <= 22.599 -> O2Sat >= 31.221)
",-9999999.000,-9999999.000,0.000,0.000,1.000,0,0,0,30,30,0,0,30,0.0,0.0,0.0,0.0,0.0,1.0,-1
"((BaseExcess >= -7.217) U[0,1] (Glucose <= 85.919))
",-9999999.000,-9999999.000,0.000,0.000,1.000,0,0,0,30,30,0,0,30,0.0,0.0,0.0,0.0,0.0,1.0,-1
"F[0,2]((BUN <= 23.829 -> HR <= 93.436) -> HR >= 24.883)
",-9999999.000,-9999999.000,0.000,0.000,1.000,0,0,0,30,30,0,0,30,0.0,0.0,0.0,0.0,0.0,1.0,-1
"((MAP >= 14.542) U[0,2] (Platelets <= 130.686))
",-9999999.000,-9999999.000,0.000,0.000,1.000,0,0,0,30,30,0,0,30,0.0,0.0,0.0,0.0,0.0,1.0,-1
"F[1,2](HCO3 >= 1.898 | SBP >= 66.229)
",-9999999.000,-9999999.000,0.000,0.000,1.000,0,0,0,30,30,0,0,30,0.0,0.0,0.0,0.0,0.0,1.0,-1
"F[2,2]((Alkalinephos >= 1.667 | FiO2 <= 0.556) -> Temp <= 0.335)
",-0.556,-0.556,0.000,0.000,1.000,0,0,0,30,30,0,0,30,0.0,0.0,0.0,0.0,0.0,1.0,-1
"F[2,2](((Magnesium >= 0.317 & Creatinine <= 1.359) & SepsisLabel <= 2.934) -> SaO2 >= 0.235)
",8462299082441080.000,0.235,0.000,0.000,1.000,0,0,0,30,30,0,0,30,0.0,0.0,0.0,0.0,0.0,1.0,-1
"F[0,1]((Hct >= 4.443 & MAP >= 16.299) | PaCO2 <= 86.859)
",-9999999.000,-9999999.000,0.000,0.000,1.000,0,0,0,30,30,0,0,30,0.0,0.0,0.0,0.0,0.0,1.0,-1
"F[1,1](((O2Sat >= 60.705 -> Hgb <= 7.897) & Platelets <= 2.089) -> AST <= 6.038)
",-3399094466938171.000,-6.038,0.000,0.000,1.000,0,0,0,30,30,0,0,30,0.0,0.0,0.0,0.0,0.0,1.0,-1
"G[0,2](Chloride >= 15.674 & HCO3 >= 0.164)
",9999999.000,9999999.000,0.000,1.000,0.000,0,0,3,27,27,3,3,27,0.0,0.0,1.0,0.0,0.0,1.0,1
"F[1,2]((SepsisLabel <= 0.000 | PaCO2 >= 0.854) -> Creatinine >= 0.155)
",-9999999.000,-9999999.000,0.000,0.000,1.000,0,0,0,30,30,0,0,30,0.0,0.0,0.0,0.0,0.0,1.0,-1
"G[0,2](((FiO2 <= 0.402 & O2Sat >= 23.755) | Fibrinogen <= 92.222) -> Glucose <= 88.857)
",9999999.000,9999999.000,0.000,1.000,0.000,0,0,25,5,5,25,25,5,0.0,0.0,1.0,0.0,0.0,1.0,1
"G[2,2]((HR <= 118.541 | Platelets >= 4.512) & Magnesium <= 98.408)
",98.408,98.408,0.000,1.000,0.000,0,0,30,0,0,30,30,0,0.0,0.0,1.0,0.0,0.0,1.0,1
"G[1,2](PaCO2 >= 0.661 -> SaO2 <= 45.310)
",9999999.000,9999999.000,0.000,1.000,0.000,0,0,29,1,1,29,29,1,0.0,0.0,1.0,0.0,0.0,1.0,1
"G[0,2](Glucose <= 55.405 | pH <= 2.803)
",9999999.000,9999999.000,0.000,1.000,0.000,0,0,28,2,2,28,28,2,0.0,0.0,1.0,0.0,0.0,1.0,1
"G[2,2](((HR >= 62.091 & TroponinI <= 0.000) -> Resp <= 0.000) | Glucose <= 0.000)
",0.000,0.000,0.000,1.000,0.000,0,0,30,0,0,30,30,0,0.0,0.0,1.0,0.0,0.0,1.0,1
"G[1,2]((Calcium <= 3.235 -> O2Sat >= 1.358) & HR <= 97.606)
",9999999.000,9999999.000,0.000,1.000,0.000,0,0,8,22,22,8,8,22,0.0,0.0,1.0,0.0,0.0,1.0,1
"G[1,2](((Alkalinephos >= 0.065 & O2Sat <= 90.957) -> Magnesium <= 93.172) -> Hgb >= 50.748)
",9999999.000,9999999.000,0.000,1.000,0.000,0,0,1,29,29,1,1,29,0.0,0.0,1.0,0.0,0.0,1.0,1
"G[0,1](((PaCO2 >= 0.624 & PTT >= 0.209) & BUN >= 0.188) & FiO2 >= 2.019)
",9999999.000,9999999.000,0.000,1.000,0.000,0,0,0,30,30,0,0,30,0.0,0.0,0.0,0.0,0.0,1.0,1
"G[0,2](((DBP <= 0.000 -> Hgb >= 0.542) | FiO2 <= 4.354) | WBC <= 6.804)
",9999999.000,9999999.000,0.000,1.000,0.000,0,0,30,0,0,30,30,0,0.0,0.0,1.0,0.0,0.0,1.0,1
"G[2,2]((Alkalinephos <= 26.113 | SaO2 <= 91.258) | HR >= 0.696)
",6421738334890433.000,91.258,0.000,1.000,0.000,0,0,30,0,0,30,30,0,0.0,0.0,1.0,0.0,0.0,1.0,1
"G[0,2](((O2Sat >= 68.758 & TroponinI >= 0.000) -> Bilirubin_total >= 0.000) -> Glucose >= 0.000)
",9999999.000,9999999.000,0.000,1.000,0.000,0,0,30,0,0,30,30,0,0.0,0.0,1.0,0.0,0.0,1.0,1
"G[1,2](((Potassium >= 0.745 -> DBP <= 0.000) | SaO2 <= 0.000) | SaO2 <= 0.000)
",9999999.000,9999999.000,0.000,1.000,0.000,0,0,30,0,0,30,30,0,0.0,0.0,1.0,0.0,0.0,1.0,1
"G[1,2]((Fibrinogen >= 0.000 -> FiO2 >= 0.034) | BaseExcess <= 0.165)
",9999999.000,9999999.000,0.000,1.000,0.000,0,0,30,0,0,30,30,0,0.0,0.0,1.0,0.0,0.0,1.0,1
"G[1,2](((HR <= 104.743 & Platelets >= 4.088) -> O2Sat <= 71.274) | Alkalinephos >= 2.598)
",9999999.000,9999999.000,0.000,1.000,0.000,0,0,29,1,1,29,29,1,0.0,0.0,1.0,0.0,0.0,1.0,1
"G[1,2](BaseExcess >= -2.330 | Creatinine <= 2.184)
",9999999.000,9999999.000,0.000,1.000,0.000,0,0,30,0,0,30,30,0,0.0,0.0,1.0,0.0,0.0,1.0,1
"G[1,2](Magnesium <= 1.048 | SBP <= 109.863)
",9999999.000,9999999.000,0.000,1.000,0.000,0,0,29,1,1,29,29,1,0.0,0.0,1.0,0.0,0.0,1.0,1
"G[0,2](((Hct >= 1.030 | pH >= 0.446) | TroponinI >= 0.173) & Bilirubin_total <= 1.772)
",9999999.000,9999999.000,0.000,1.000,0.000,0,0,4,26,26,4,4,26,0.0,0.0,1.0,0.0,0.0,1.0,1
"G[1,2]((PaCO2 <= 24.151 & PTT <= 4.699) -> Bilirubin_total >= 2.044)
",9999999.000,9999999.000,0.000,1.000,0.000,0,0,3,27,27,3,3,27,0.0,0.0,1.0,0.0,0.0,1.0,1
"G[0,2](((Lactate <= 0.327 & Platelets <= 183.480) -> Resp <= 41.196) -> Creatinine >= 0.931)
",9999999.000,9999999.000,0.000,1.000,0.000,0,0,0,30,30,0,0,30,0.0,0.0,0.0,0.0,0.0,1.0,1
"G[1,2](((BaseExcess <= -0.463 & Potassium >= 0.565) | Resp >= 0.661) | Lactate <= 2.318)
",9999999.000,9999999.000,0.000,1.000,0.000,0,0,30,0,0,30,30,0,0.0,0.0,1.0,0.0,0.0,1.0,1
"G[1,2](((HCO3 >= 2.279 & Lactate <= 0.569) | Hgb >= 0.021) -> pH <= 0.370)
",9999999.000,9999999.000,0.000,1.000,0.000,0,0,29,1,1,29,29,1,0.0,0.0,1.0,0.0,0.0,1.0,1
"G[0,2]((pH >= 0.425 & WBC >= 0.122) -> Glucose >= 0.036)
",9999999.000,9999999.000,0.000,1.000,0.000,0,0,29,1,1,29,29,1,0.0,0.0,1.0,0.0,0.0,1.0,1
"G[0,1](((Bilirubin_total <= 0.174 -> Glucose >= 7.993) -> Platelets >= 11.103) & Bilirubin_direct >= 4.397)
",9999999.000,9999999.000,0.000,1.000,0.000,0,0,0,30,30,0,0,30,0.0,0.0,0.0,0.0,0.0,1.0,1
"G[1,2](AST <= 108.314 -> PTT <= 42.099)
",9999999.000,9999999.000,0.000,1.000,0.000,0,0,29,1,1,29,29,1,0.0,0.0,1.0,0.0,0.0,1.0,1
"G[0,2](((BUN >= 1.878 -> PTT >= 0.715) & Potassium >= 2.387) | Glucose <= 14.608)
",9999999.000,9999999.000,0.000,1.000,0.000,0,0,27,3,3,27,27,3,0.0,0.0,1.0,0.0,0.0,1.0,1
"G[0,1]((Bilirubin_total >= 0.005 & Lactate >= 0.021) & WBC <= 0.869)
",9999999.000,9999999.000,0.000,1.000,0.000,0,0,0,30,30,0,0,30,0.0,0.0,0.0,0.0,0.0,1.0,1
"G[1,2]((Platelets >= 7.558 | AST <= 16.867) | Phosphate <= 20.369)
",9999999.000,9999999.000,0.000,1.000,0.000,0,0,30,0,0,30,30,0,0.0,0.0,1.0,0.0,0.0,1.0,1
"G[1,2](((Hgb >= 0.213 -> SaO2 <= 77.832) | PaCO2 <= 28.096) | Temp >= 1.681)
",9999999.000,9999999.000,0.000,1.000,0.000,0,0,30,0,0,30,30,0,0.0,0.0,1.0,0.0,0.0,1.0,1
"G[0,2]((Fibrinogen <= 0.000 & Hgb <= 5.222) -> SepsisLabel <= 3.441)
",9999999.000,9999999.000,0.000,1.000,0.000,0,0,30,0,0,30,30,0,0.0,0.0,1.0,0.0,0.0,1.0,1
"G[0,2](PTT >= 2.283 -> BUN <= 45.980)
",9999999.000,9999999.000,0.000,1.000,0.000,0,0,27,3,3,27,27,3,0.0,0.0,1.0,0.0,0.0,1.0,1
"G[0,1](((Lactate >= 0.022 -> BaseExcess >= -1.085) -> Fibrinogen >= -1.210) -> Magnesium <= -0.084)
",9999999.000,9999999.000,0.000,1.000,0.000,0,0,0,30,30,0,0,30,0.0,0.0,0.0,0.0,0.0,1.0,1
"G[2,2](Chloride >= 15.017 | HR >= 24.498)
",-15.017,-15.017,0.000,1.000,0.000,0,0,30,0,0,30,30,0,0.0,0.0,1.0,0.0,0.0,1.0,1
"G[0,1](Hct <= 27.716 & Creatinine >= 0.029)
",9999999.000,9999999.000,0.000,1.000,0.000,0,0,0,30,30,0,0,30,0.0,0.0,0.0,0.0,0.0,1.0,1
"G[1,2]((Hct <= 16.657 | Resp <= 25.746) & Phosphate >= 11.887)
",9999999.000,9999999.000,0.000,1.000,0.000,0,0,1,29,29,1,1,29,0.0,0.0,1.0,0.0,0.0,1.0,1
"G[2,2]((BUN >= 2.133 | MAP >= 30.234) -> PTT >= 6.821)
",4802863586334317.000,2.133,0.000,1.000,0.000,0,0,30,0,0,30,30,0,0.0,0.0,1.0,0.0,0.0,1.0,1
"G[0,2](((Glucose <= 138.339 & MAP <= 70.405) & BUN >= 16.708) | Bilirubin_total >= 31.430)
",9999999.000,9999999.000,0.000,1.000,0.000,0,0,0,30,30,0,0,30,0.0,0.0,0.0,0.0,0.0,1.0,1
"G[2,2](((SaO2 <= 28.952 & Bilirubin_direct >= 0.000) | Temp <= 0.000) -> Creatinine <= 0.000)
",0.000,0.000,0.000,1.000,0.000,0,0,30,0,0,30,30,0,0.0,0.0,1.0,0.0,0.0,1.0,1
"G[1,2](Lactate <= 0.307 | Fibrinogen <= 0.000)
",9999999.000,9999999.000,0.000,1.000,0.000,0,0,30,0,0,30,30,0,0.0,0.0,1.0,0.0,0.0,1.0,1
"G[1,2](((FiO2 <= 0.116 -> Potassium <= 0.912) | BaseExcess <= 3.876) & Hgb >= 0.797)
",9999999.000,9999999.000,0.000,1.000,0.000,0,0,4,26,26,4,4,26,0.0,0.0,1.0,0.0,0.0,1.0,1
"G[2,2](Potassium <= 2.598 -> AST <= 95.819)
",-6742688256768065.000,-95.819,0.000,1.000,0.000,0,0,30,0,0,30,30,0,0.0,0.0,1.0,0.0,0.0,1.0,1
"G[1,2]((BUN >= 10.075 | Temp >= 4.700) -> O2Sat <= 28.255)
",9999999.000,9999999.000,0.000,1.000,0.000,0,0,13,17,17,13,13,17,0.0,0.0,1.0,0.0,0.0,1.0,1
"G[0,2](((BaseExcess >= -2.423 -> MAP >= 34.750) & Alkalinephos <= 77.751) & Alkalinephos >= 64.794)
",9999999.000,9999999.000,0.000,1.000,0.000,0,0,0,30,30,0,0,30,0.0,0.0,0.0,0.0,0.0,1.0,1
"G[0,2](((WBC >= 0.058 | AST >= 0.397) -> Phosphate <= 29.852) -> PTT >= 3.471)
",9999999.000,9999999.000,0.000,1.000,0.000,0,0,0,30,30,0,0,30,0.0,0.0,0.0,0.0,0.0,1.0,1
"G[0,2](((MAP >= 41.026 | TroponinI >= 0.000) | Calcium <= 0.000) & Glucose <= 0.000)
",9999999.000,9999999.000,0.000,1.000,0.000,0,0,24,6,6,24,24,6,0.0,0.0,1.0,0.0,0.0,1.0,1
"G[0,2](((SaO2 <= 61.202 & Magnesium <= 1.047) & Bilirubin_total >= 0.334) -> HCO3 >= 0.094)
",9999999.000,9999999.000,0.000,1.000,0.000,0,0,30,0,0,30,30,0,0.0,0.0,1.0,0.0,0.0,1.0,1
"G[0,2]((TroponinI <= 0.000 & TroponinI >= 0.000) & pH <= 0.000)
",9999999.000,9999999.000,0.000,1.000,0.000,0,0,27,3,3,27,27,3,0.0,0.0,1.0,0.0,0.0,1.0,1
"G[1,2](((EtCO2 <= 0.000 | Fibrinogen >= 0.000) | Bilirubin_total <= 0.000) | SepsisLabel >= 0.000)
",9999999.000,9999999.000,0.000,1.000,0.000,0,0,30,0,0,30,30,0,0.0,0.0,1.0,0.0,0.0,1.0,1
"G[2,2](Calcium <= 0.629 -> Lactate <= 0.539)
",-2831190236282041.500,-0.629,0.000,1.000,0.000,0,0,30,0,0,30,30,0,0.0,0.0,1.0,0.0,0.0,1.0,1
"G[1,2](Platelets <= 134.741 & Temp >= 8.879)
",9999999.000,9999999.000,0.000,1.000,0.000,0,0,15,15,15,15,15,15,0.0,0.0,1.0,0.0,0.0,1.0,1
"G[0,2]((BaseExcess <= -0.468 & Bilirubin_direct <= 0.000) | TroponinI <= 0.000)
",9999999.000,9999999.000,0.000,1.000,0.000,0,0,30,0,0,30,30,0,0.0,0.0,1.0,0.0,0.0,1.0,1
"G[0,2]((MAP <= 79.276 -> pH >= 0.205) -> Hgb <= 4.184)
",9999999.000,9999999.000,0.000,1.000,0.000,0,0,29,1,1,29,29,1,0.0,0.0,1.0,0.0,0.0,1.0,1
"G[1,2](((BaseExcess >= -7.722 & TroponinI <= 0.000) -> Calcium <= 0.000) -> FiO2 <= 0.000)
",9999999.000,9999999.000,0.000,1.000,0.000,0,0,22,8,8,22,22,8,0.0,0.0,1.0,0.0,0.0,1.0,1
"((FiO2 >= 0.083) U[0,1] (SepsisLabel >= 0.000))
",-9999999.000,-9999999.000,0.000,0.000,1.000,0,0,0,30,30,0,0,30,0.0,0.0,0.0,0.0,0.0,1.0,-1
