Rule,Discrimination Score,Pos Robustness,Neg Robustness,Percent Class +,Percent Class -,TP,TN,FP,FN,Actual Yes,Actual No,Predicted Yes,Predicted No,TPR/Sens,TNR/Spec,FPR,Precision,Accuracy,MCR
"G[0,1](((HCO3 >= 0.396 | SepsisLabel >= 0.000) | FiO2 <= 0.000) & DBP >= 0.000)
",9999999.000,9999999.000,0.000,1.000,0.000,15,0,0,0,15,0,15,0,1.0,0.0,0.0,1.0,1.0,0.0
"G[0,0]((Hct >= 0.843 | SBP >= 81.575) -> DBP <= 122.543)
",-1.369,-34.398,0.000,1.000,0.000,15,0,0,0,15,0,15,0,1.0,0.0,0.0,1.0,1.0,0.0
"G[0,1](((Alkalinephos >= 1.769 & MAP <= 107.759) | Lactate <= 82.095) & Lactate <= 85.742)
",9999999.000,9999999.000,0.000,1.000,0.000,15,0,0,0,15,0,15,0,1.0,0.0,0.0,1.0,1.0,0.0
"G[1,1]((Glucose >= 2.253 -> Resp >= 1.273) & PaCO2 <= 19.801)
",2866970020463571.000,1.273,0.000,1.000,0.000,15,0,0,0,15,0,15,0,1.0,0.0,0.0,1.0,1.0,0.0
"G[0,1](((Creatinine <= 0.240 & O2Sat >= 28.362) & EtCO2 >= 16.170) | Hgb <= 60.835)
",9999999.000,9999999.000,0.000,1.000,0.000,15,0,0,0,15,0,15,0,1.0,0.0,0.0,1.0,1.0,0.0
"G[1,1]((Potassium >= 0.259 | HCO3 <= 10.289) | Bilirubin_total <= 12.149)
",12.149,12.149,0.000,1.000,0.000,15,0,0,0,15,0,15,0,1.0,0.0,0.0,1.0,1.0,0.0
"G[0,0](((Temp <= 21.980 | Alkalinephos >= 1.790) & Potassium <= 34.528) | Potassium <= 39.983)
",2813553326101889.000,39.983,0.000,1.000,0.000,15,0,0,0,15,0,15,0,1.0,0.0,0.0,1.0,1.0,0.0
"G[0,0](Phosphate >= 0.000 & Alkalinephos <= 19.499)
",0.267,0.100,0.000,1.000,0.000,15,0,0,0,15,0,15,0,1.0,0.0,0.0,1.0,1.0,0.0
"G[1,1](((Platelets <= 172.502 -> Alkalinephos >= 1.478) | SepsisLabel <= 20.186) | TroponinI <= 53.287)
",3749705074221952.500,53.287,0.000,1.000,0.000,15,0,0,0,15,0,15,0,1.0,0.0,0.0,1.0,1.0,0.0
"G[1,1](((Fibrinogen <= 0.000 -> Fibrinogen <= 0.000) | BUN <= 0.000) -> PaCO2 >= 0.000)
",0.000,0.000,0.000,1.000,0.000,15,0,0,0,15,0,15,0,1.0,0.0,0.0,1.0,1.0,0.0
"G[0,0](Phosphate <= 0.000 -> SaO2 >= 0.000)
",0.000,0.000,0.000,1.000,0.000,15,0,0,0,15,0,15,0,1.0,0.0,0.0,1.0,1.0,0.0
"G[1,1]((FiO2 >= 0.000 -> Fibrinogen >= 0.000) & Fibrinogen >= 0.000)
",0.000,0.000,0.000,1.000,0.000,15,0,0,0,15,0,15,0,1.0,0.0,0.0,1.0,1.0,0.0
"G[1,1]((HR >= 37.344 | Resp <= 20.328) & EtCO2 <= 21.137)
",5721727075964106.000,20.328,0.000,1.000,0.000,15,0,0,0,15,0,15,0,1.0,0.0,0.0,1.0,1.0,0.0
"G[0,1](((Hct >= 0.252 & Magnesium >= 0.062) -> AST >= 0.024) | MAP <= 0.530)
",9999999.000,9999999.000,0.000,1.000,0.000,15,0,0,0,15,0,15,0,1.0,0.0,0.0,1.0,1.0,0.0
"G[0,1]((Hct <= 17.961 & WBC <= 3.459) | TroponinI <= 5.646)
",9999999.000,9999999.000,0.000,1.000,0.000,15,0,0,0,15,0,15,0,1.0,0.0,0.0,1.0,1.0,0.0
"G[0,1](Bilirubin_direct >= 0.000 -> PaCO2 <= 0.000)
",9999999.000,9999999.000,0.000,1.000,0.000,15,0,0,0,15,0,15,0,1.0,0.0,0.0,1.0,1.0,0.0
"G[0,0]((Chloride <= 78.703 & SepsisLabel <= 0.000) | AST <= 0.000)
",0.000,0.000,0.000,1.000,0.000,15,0,0,0,15,0,15,0,1.0,0.0,0.0,1.0,1.0,0.0
"G[1,1](PaCO2 > 0.000 -> SepsisLabel = 0.000)
",0.000,0.000,0.000,1.000,0.000,15,0,0,0,15,0,15,0,1.0,0.0,0.0,1.0,1.0,0.0
"G[0,1](DBP >= 0.000 & SepsisLabel = 0.000)
",9999999.000,9999999.000,0.000,1.000,0.000,15,0,0,0,15,0,15,0,1.0,0.0,0.0,1.0,1.0,0.0
"G[1,1](Creatinine >= 0.030 | PTT <= 0.000)
",0.000,0.000,0.000,1.000,0.000,15,0,0,0,15,0,15,0,1.0,0.0,0.0,1.0,1.0,0.0
"G[0,1](HCO3 <= 2.335 -> SepsisLabel = 0.000)
",9999999.000,9999999.000,0.000,1.000,0.000,15,0,0,0,15,0,15,0,1.0,0.0,0.0,1.0,1.0,0.0
"G[0,1](((Bilirubin_total >= 0.013 -> Bilirubin_total >= 0.030) & MAP <= 0.341) -> EtCO2 <= 0.301)
",9999999.000,9999999.000,0.000,1.000,0.000,15,0,0,0,15,0,15,0,1.0,0.0,0.0,1.0,1.0,0.0
"G[0,0]((HR >= 7.095 -> O2Sat <= 61.867) | Calcium <= 66.069)
",4.638,62.469,0.000,1.000,0.000,15,0,0,0,15,0,15,0,1.0,0.0,0.0,1.0,1.0,0.0
"G[1,1](pH >= 0.000 & BaseExcess <= 0.000)
",0.000,0.000,0.000,1.000,0.000,15,0,0,0,15,0,15,0,1.0,0.0,0.0,1.0,1.0,0.0
"G[0,0](((DBP <= 0.000 | HR >= 78.161) | Bilirubin_total <= 85.856) | Fibrinogen <= 91.535)
",216.157,91.422,0.000,1.000,0.000,15,0,0,0,15,0,15,0,1.0,0.0,0.0,1.0,1.0,0.0
"G[0,0]((pH <= 0.000 & PaCO2 <= 0.000) & BaseExcess <= 0.000)
",0.000,0.000,0.000,1.000,0.000,15,0,0,0,15,0,15,0,1.0,0.0,0.0,1.0,1.0,0.0
"G[1,1](((SepsisLabel >= 0.000 | O2Sat <= 84.024) -> Hct <= 56.490) | FiO2 <= 78.198)
",78.198,78.198,0.000,1.000,0.000,15,0,0,0,15,0,15,0,1.0,0.0,0.0,1.0,1.0,0.0
"G[0,0](((Glucose <= 82.895 | Chloride >= 1.781) & BUN <= 68.339) | Platelets <= 63.222)
",53.275,67.998,0.000,1.000,0.000,15,0,0,0,15,0,15,0,1.0,0.0,0.0,1.0,1.0,0.0
"G[0,0](((BaseExcess <= 0.000 -> PaCO2 <= 0.000) & Bilirubin_total <= 0.000) | EtCO2 <= 0.000)
",-0.392,-0.553,0.000,1.000,0.000,15,0,0,0,15,0,15,0,1.0,0.0,0.0,1.0,1.0,0.0
"G[1,1](((BUN <= 7.786 -> pH >= 0.000) & Resp >= 0.000) -> Hgb >= 0.000)
",0.000,0.000,0.000,1.000,0.000,15,0,0,0,15,0,15,0,1.0,0.0,0.0,1.0,1.0,0.0
"G[0,0](Lactate <= 0.000 | Magnesium >= 0.053)
",-0.267,-0.004,0.000,1.000,0.000,15,0,0,0,15,0,15,0,1.0,0.0,0.0,1.0,1.0,0.0
"G[0,0](O2Sat <= 87.442 | FiO2 <= 0.000)
",0.709,4.736,0.000,1.000,0.000,15,0,0,0,15,0,15,0,1.0,0.0,0.0,1.0,1.0,0.0
"G[0,0](((Lactate >= 0.000 | Hct >= 0.348) | Fibrinogen <= 23.509) | Chloride >= 0.068)
",1.604,28.208,0.000,1.000,0.000,15,0,0,0,15,0,15,0,1.0,0.0,0.0,1.0,1.0,0.0
"G[1,1]((SepsisLabel <= 0.000 -> Calcium >= 0.000) | PaCO2 <= 0.000)
",0.000,0.000,0.000,1.000,0.000,15,0,0,0,15,0,15,0,1.0,0.0,0.0,1.0,1.0,0.0
"G[0,0](PTT <= 0.000 -> EtCO2 <= 0.000)
",0.267,0.853,0.000,1.000,0.000,15,0,0,0,15,0,15,0,1.0,0.0,0.0,1.0,1.0,0.0
"G[0,1](((SBP >= 71.372 | Calcium >= 0.000) -> Temp <= 0.000) -> Hgb <= 0.000)
",9999999.000,9999999.000,0.000,1.000,0.000,15,0,0,0,15,0,15,0,1.0,0.0,0.0,1.0,1.0,0.0
"G[0,1](((SepsisLabel >= 0.000 | WBC <= 3.254) & Bilirubin_direct >= 0.189) | SepsisLabel <= 8.994)
",9999999.000,9999999.000,0.000,1.000,0.000,15,0,0,0,15,0,15,0,1.0,0.0,0.0,1.0,1.0,0.0
"G[0,1]((EtCO2 <= 0.000 & Hgb >= 0.124) | Creatinine <= 11.735)
",9999999.000,9999999.000,0.000,1.000,0.000,15,0,0,0,15,0,15,0,1.0,0.0,0.0,1.0,1.0,0.0
"G[0,1](Fibrinogen <= 0.000 | SaO2 >= 0.000)
",9999999.000,9999999.000,0.000,1.000,0.000,15,0,0,0,15,0,15,0,1.0,0.0,0.0,1.0,1.0,0.0
"G[0,1](((Platelets >= 4.014 & Magnesium >= 0.014) | HCO3 <= 1.002) -> Phosphate <= 0.747)
",9999999.000,9999999.000,0.000,1.000,0.000,15,0,0,0,15,0,15,0,1.0,0.0,0.0,1.0,1.0,0.0
"G[0,0](Lactate >= 0.000 -> BaseExcess >= 0.000)
",-0.267,-6.267,0.000,1.000,0.000,15,0,0,0,15,0,15,0,1.0,0.0,0.0,1.0,1.0,0.0
"G[0,0]((SepsisLabel <= 0.000 -> AST >= 0.180) -> SepsisLabel <= 63.524)
",-2.558,-55.078,0.000,1.000,0.000,15,0,0,0,15,0,15,0,1.0,0.0,0.0,1.0,1.0,0.0
"G[1,1](((Hct >= 0.799 & SaO2 >= 0.000) | BaseExcess <= 0.000) & WBC >= 0.000)
",0.000,0.000,0.000,1.000,0.000,15,0,0,0,15,0,15,0,1.0,0.0,0.0,1.0,1.0,0.0
"G[0,0](Lactate >= 0.000 & Creatinine <= 1.160)
",-0.267,-6.789,0.000,1.000,0.000,15,0,0,0,15,0,15,0,1.0,0.0,0.0,1.0,1.0,0.0
"G[0,0](Fibrinogen <= 0.000 | HCO3 <= 20.642)
",5810125112486490.000,20.642,0.000,1.000,0.000,15,0,0,0,15,0,15,0,1.0,0.0,0.0,1.0,1.0,0.0
"G[0,1](((Resp >= 5.748 -> SaO2 >= 0.000) | EtCO2 >= 0.000) -> SaO2 <= 0.000)
",9999999.000,9999999.000,0.000,1.000,0.000,15,0,0,0,15,0,15,0,1.0,0.0,0.0,1.0,1.0,0.0
"G[0,1]((Fibrinogen <= 0.000 | pH >= 0.000) -> BaseExcess <= 0.000)
",9999999.000,9999999.000,0.000,1.000,0.000,15,0,0,0,15,0,15,0,1.0,0.0,0.0,1.0,1.0,0.0
"G[0,1](((Temp <= 16.341 & PaCO2 >= 0.000) & SaO2 <= 0.000) -> HCO3 <= 0.000)
",9999999.000,9999999.000,0.000,1.000,0.000,15,0,0,0,15,0,15,0,1.0,0.0,0.0,1.0,1.0,0.0
"G[0,0]((O2Sat <= 57.982 | Creatinine <= 0.537) | SaO2 >= 0.035)
",3.494,0.499,0.000,1.000,0.000,15,0,0,0,15,0,15,0,1.0,0.0,0.0,1.0,1.0,0.0
"G[0,0](Bilirubin_direct <= 0.000 | EtCO2 <= 0.000)
",-0.267,-0.087,0.000,1.000,0.000,15,0,0,0,15,0,15,0,1.0,0.0,0.0,1.0,1.0,0.0
"G[0,0](((Calcium >= 0.000 | PaCO2 >= 0.000) & Lactate >= 0.000) | EtCO2 <= 0.000)
",0.267,3.600,0.000,1.000,0.000,15,0,0,0,15,0,15,0,1.0,0.0,0.0,1.0,1.0,0.0
"G[0,1](((TroponinI <= 0.000 & PTT <= 0.000) | Bilirubin_total >= 0.000) & SepsisLabel <= 0.000)
",9999999.000,9999999.000,0.000,1.000,0.000,15,0,0,0,15,0,15,0,1.0,0.0,0.0,1.0,1.0,0.0
"G[0,0](((AST >= 0.969 & Hgb >= 0.132) & AST >= 0.394) | Magnesium <= 3.768)
",3.768,3.768,0.000,1.000,0.000,15,0,0,0,15,0,15,0,1.0,0.0,0.0,1.0,1.0,0.0
"G[0,1](((Temp >= 8.142 -> DBP <= 0.000) | Temp <= 0.000) -> Phosphate <= 0.000)
",9999999.000,9999999.000,0.000,1.000,0.000,15,0,0,0,15,0,15,0,1.0,0.0,0.0,1.0,1.0,0.0
"G[0,0]((Magnesium <= 0.432 | BaseExcess >= 0.000) | BaseExcess <= 0.000)
",3894376079209998.000,0.432,0.000,1.000,0.000,15,0,0,0,15,0,15,0,1.0,0.0,0.0,1.0,1.0,0.0
"G[0,1](((PTT <= 0.000 | Lactate <= 0.000) -> Fibrinogen <= 0.000) | HR >= 0.000)
",9999999.000,9999999.000,0.000,1.000,0.000,15,0,0,0,15,0,15,0,1.0,0.0,0.0,1.0,1.0,0.0
"G[1,1](Hgb <= 11.001 -> EtCO2 <= 0.000)
",-3096524376940365.500,-11.001,0.000,1.000,0.000,15,0,0,0,15,0,15,0,1.0,0.0,0.0,1.0,1.0,0.0
"G[1,1](HCO3 <= 20.280 -> Platelets <= 169.453)
",-5962109744811887.000,-169.453,0.000,1.000,0.000,14,0,0,1,15,0,14,1,0.9333333333333333,0.0,0.0,1.0,0.9333333333333333,0.06666666666666665
"G[0,1]((Calcium >= 0.000 & Hct <= 2.509) & Calcium <= 11.227)
",9999999.000,9999999.000,0.000,1.000,0.000,14,0,0,1,15,0,14,1,0.9333333333333333,0.0,0.0,1.0,0.9333333333333333,0.06666666666666665
"G[0,0]((Chloride >= 3.275 | Resp >= 1.927) & BUN <= 19.888)
",-0.396,-5.940,0.000,1.000,0.000,14,0,0,1,15,0,14,1,0.9333333333333333,0.0,0.0,1.0,0.9333333333333333,0.06666666666666665
"G[0,1]((DBP >= 0.000 -> SaO2 >= 0.000) & Magnesium <= 0.000)
",9999999.000,9999999.000,0.000,1.000,0.000,14,0,0,1,15,0,14,1,0.9333333333333333,0.0,0.0,1.0,0.9333333333333333,0.06666666666666665
"G[1,1](pH >= 0.000 -> AST <= 19.586)
",-5512952622180670.000,-19.586,0.000,1.000,0.000,14,0,0,1,15,0,14,1,0.9333333333333333,0.0,0.0,1.0,0.9333333333333333,0.06666666666666665
"G[0,1](((PaCO2 >= 0.000 | PaCO2 <= 0.000) -> DBP >= 0.000) & HCO3 <= 0.000)
",9999999.000,9999999.000,0.000,1.000,0.000,14,0,0,1,15,0,14,1,0.9333333333333333,0.0,0.0,1.0,0.9333333333333333,0.06666666666666665
"G[1,1](((Alkalinephos <= 42.660 | Glucose >= 1.200) | Magnesium <= 26.862) -> Alkalinephos <= 3.405)
",-3001906239021705.000,-42.660,0.000,1.000,0.000,14,0,0,1,15,0,14,1,0.9333333333333333,0.0,0.0,1.0,0.9333333333333333,0.06666666666666665
"G[0,1]((Platelets <= 184.159 | WBC <= 11.370) & SepsisLabel <= 10.781)
",9999999.000,9999999.000,0.000,1.000,0.000,14,0,0,1,15,0,14,1,0.9333333333333333,0.0,0.0,1.0,0.9333333333333333,0.06666666666666665
"G[0,1]((Creatinine >= 0.012 -> EtCO2 <= 0.000) & Glucose <= 0.000)
",9999999.000,9999999.000,0.000,1.000,0.000,14,0,0,1,15,0,14,1,0.9333333333333333,0.0,0.0,1.0,0.9333333333333333,0.06666666666666665
"G[1,1](TroponinI >= 0.000 -> Bilirubin_total <= 0.337)
",-3034715898647985.000,-0.337,0.000,1.000,0.000,14,0,0,1,15,0,14,1,0.9333333333333333,0.0,0.0,1.0,0.9333333333333333,0.06666666666666665
"G[0,1]((Chloride <= 52.144 -> Potassium <= 2.993) & DBP <= 1.099)
",9999999.000,9999999.000,0.000,1.000,0.000,14,0,0,1,15,0,14,1,0.9333333333333333,0.0,0.0,1.0,0.9333333333333333,0.06666666666666665
"G[1,1](((Platelets <= 25.498 -> Glucose <= 62.614) -> EtCO2 >= 0.956) | Chloride <= 59.511)
",4187738096457192.500,59.511,0.000,1.000,0.000,14,0,0,1,15,0,14,1,0.9333333333333333,0.0,0.0,1.0,0.9333333333333333,0.06666666666666665
"G[1,1](O2Sat <= 88.554 | Platelets <= 79.222)
",6231412262105419.000,88.554,0.000,1.000,0.000,13,0,0,2,15,0,13,2,0.8666666666666667,0.0,0.0,1.0,0.8666666666666667,0.1333333333333333
"G[1,1](((Platelets <= 18.450 | Bilirubin_total >= 0.026) & HR >= 0.013) & Lactate <= 0.841)
",-7428217958949439.000,-0.013,0.000,1.000,0.000,13,0,0,2,15,0,13,2,0.8666666666666667,0.0,0.0,1.0,0.8666666666666667,0.1333333333333333
"G[0,1](((Fibrinogen <= 0.000 | Alkalinephos >= 0.646) | Alkalinephos <= 43.917) -> MAP >= 1.685)
",9999999.000,9999999.000,0.000,1.000,0.000,11,0,0,4,15,0,11,4,0.7333333333333333,0.0,0.0,1.0,0.7333333333333333,0.2666666666666667
"G[0,1]((HR >= 69.894 & Bilirubin_total <= 0.896) & HCO3 <= 0.663)
",9999999.000,9999999.000,0.000,1.000,0.000,11,0,0,4,15,0,11,4,0.7333333333333333,0.0,0.0,1.0,0.7333333333333333,0.2666666666666667
"G[0,0]((DBP >= 0.000 -> O2Sat <= 61.920) -> Potassium >= 11.692)
",3.742,10.913,0.000,1.000,0.000,9,0,0,6,15,0,9,6,0.6,0.0,0.0,1.0,0.6,0.4
"G[0,1](((Magnesium <= 1.525 -> MAP <= 105.325) & O2Sat <= 97.745) | PaCO2 >= 27.009)
",9999999.000,9999999.000,0.000,1.000,0.000,8,0,0,7,15,0,8,7,0.5333333333333333,0.0,0.0,1.0,0.5333333333333333,0.4666666666666667
"G[1,1]((Lactate >= 0.000 | Creatinine >= 0.031) & O2Sat <= 0.629)
",0.000,0.000,0.000,1.000,0.000,7,0,0,8,15,0,7,8,0.4666666666666667,0.0,0.0,1.0,0.4666666666666667,0.5333333333333333
"G[0,1](((Temp <= 23.382 & BaseExcess <= 0.000) & HR >= 0.000) & TroponinI <= 0.000)
",9999999.000,9999999.000,0.000,1.000,0.000,7,0,0,8,15,0,7,8,0.4666666666666667,0.0,0.0,1.0,0.4666666666666667,0.5333333333333333
"G[1,1]((O2Sat <= 66.141 | Hgb >= 0.314) -> Fibrinogen >= 0.040)
",-66.141,-66.141,0.000,1.000,0.000,7,0,0,8,15,0,7,8,0.4666666666666667,0.0,0.0,1.0,0.4666666666666667,0.5333333333333333
"G[0,1](((Fibrinogen <= 0.000 -> HR <= 90.923) -> BUN >= 78.815) & Creatinine <= 93.040)
",9999999.000,9999999.000,0.000,1.000,0.000,6,0,0,9,15,0,6,9,0.4,0.0,0.0,1.0,0.4,0.6
"G[0,0](AST >= 1.291 | Resp <= 15.491)
",2906816547666529.500,15.491,0.000,1.000,0.000,5,0,0,10,15,0,5,10,0.3333333333333333,0.0,0.0,1.0,0.3333333333333333,0.6666666666666667
"G[1,1](((Temp >= 6.471 | Chloride >= 1.628) | TroponinI >= 0.539) | Lactate >= 3.120)
",-0.539,-0.539,0.000,1.000,0.000,4,0,0,11,15,0,4,11,0.26666666666666666,0.0,0.0,1.0,0.26666666666666666,0.7333333333333334
"G[1,1](Platelets <= 96.748 -> WBC >= 0.174)
",-6808010061835569.000,-96.748,0.000,1.000,0.000,2,0,0,13,15,0,2,13,0.13333333333333333,0.0,0.0,1.0,0.13333333333333333,0.8666666666666667
"G[0,1](Potassium <= 3.329 & O2Sat <= 88.970)
",9999999.000,9999999.000,0.000,1.000,0.000,2,0,0,13,15,0,2,13,0.13333333333333333,0.0,0.0,1.0,0.13333333333333333,0.8666666666666667
"G[1,1](((Hgb <= 3.883 | Hct <= 6.240) -> WBC >= 0.395) & Platelets >= 0.353)
",-7025201369336657.000,-6.240,0.000,1.000,0.000,1,0,0,14,15,0,1,14,0.06666666666666667,0.0,0.0,1.0,0.06666666666666667,0.9333333333333333
"G[0,1](((BUN <= 2.420 | PTT >= 0.000) -> Phosphate >= 0.000) -> Resp <= 0.000)
",9999999.000,9999999.000,0.000,1.000,0.000,1,0,0,14,15,0,1,14,0.06666666666666667,0.0,0.0,1.0,0.06666666666666667,0.9333333333333333
"G[1,1](((Hgb <= 3.631 | Hct <= 10.065) -> WBC >= 0.200) & Platelets >= 7.547)
",-5666244658376006.000,-10.065,0.000,1.000,0.000,1,0,0,14,15,0,1,14,0.06666666666666667,0.0,0.0,1.0,0.06666666666666667,0.9333333333333333
"G[0,2](((Calcium >= 0.000 & pH >= 0.000) & EtCO2 >= 0.000) -> Bilirubin_total >= 0.000)
",9999999.000,9999999.000,0.000,1.000,0.000,0,0,15,0,0,15,15,0,0.0,0.0,1.0,0.0,0.0,1.0
"G[1,2](((Resp <= 17.375 -> Hgb <= 9.922) -> SaO2 >= 0.210) | BaseExcess >= 0.320)
",9999999.000,9999999.000,0.000,1.000,0.000,0,0,0,15,15,0,0,15,0.0,0.0,0.0,0.0,0.0,1.0
"G[0,2](((SaO2 <= 0.000 -> Temp >= 1.990) -> MAP <= 17.095) & HR >= 9.094)
",9999999.000,9999999.000,0.000,1.000,0.000,0,0,4,11,11,4,4,11,0.0,0.0,1.0,0.0,0.0,1.0
"G[0,2](((SepsisLabel >= 0.000 -> PTT >= 0.000) & BUN <= 0.000) -> Fibrinogen <= 0.000)
",9999999.000,9999999.000,0.000,1.000,0.000,0,0,15,0,0,15,15,0,0.0,0.0,1.0,0.0,0.0,1.0
"G[1,2]((FiO2 <= 0.000 & Creatinine <= 0.324) | Resp <= 1.194)
",9999999.000,9999999.000,0.000,1.000,0.000,0,0,14,1,1,14,14,1,0.0,0.0,1.0,0.0,0.0,1.0
"G[1,2]((Fibrinogen <= 0.000 & WBC <= 1.705) | Alkalinephos <= 7.184)
",9999999.000,9999999.000,0.000,1.000,0.000,0,0,14,1,1,14,14,1,0.0,0.0,1.0,0.0,0.0,1.0
"G[2,2](((Hgb <= 6.469 & Creatinine >= 0.017) & BaseExcess <= 0.416) -> Alkalinephos <= 1.103)
",-4968777465472993.000,-1.103,0.000,1.000,0.000,0,0,15,0,0,15,15,0,0.0,0.0,1.0,0.0,0.0,1.0
"G[0,0](Glucose >= 3.094 & AST >= 0.696)
",-3483944360299353.000,-3.094,0.000,1.000,0.000,0,0,0,15,15,0,0,15,0.0,0.0,0.0,0.0,0.0,1.0
"G[2,2](((Chloride <= 63.798 | Platelets <= 135.594) | Phosphate <= 161.541) & TroponinI <= 40.851)
",5749198055652593.000,40.851,0.000,1.000,0.000,0,0,15,0,0,15,15,0,0.0,0.0,1.0,0.0,0.0,1.0
"G[0,2](TroponinI <= 0.000 | Calcium <= 0.000)
",9999999.000,9999999.000,0.000,1.000,0.000,0,0,15,0,0,15,15,0,0.0,0.0,1.0,0.0,0.0,1.0
"G[1,2](PaCO2 <= 0.000 & AST >= 0.754)
",9999999.000,9999999.000,0.000,1.000,0.000,0,0,1,14,14,1,1,14,0.0,0.0,1.0,0.0,0.0,1.0
"G[2,2](SepsisLabel >= 0.000 & BUN >= 0.350)
",-0.350,-0.350,0.000,1.000,0.000,0,0,15,0,0,15,15,0,0.0,0.0,1.0,0.0,0.0,1.0
"G[0,2](Bilirubin_total >= 0.011 -> BUN <= 15.401)
",9999999.000,9999999.000,0.000,1.000,0.000,0,0,14,1,1,14,14,1,0.0,0.0,1.0,0.0,0.0,1.0
"G[0,2]((Hct >= 0.132 | Hgb <= 12.302) | Magnesium <= 8.312)
",9999999.000,9999999.000,0.000,1.000,0.000,0,0,15,0,0,15,15,0,0.0,0.0,1.0,0.0,0.0,1.0
"G[0,2](((AST <= 13.181 -> Platelets <= 67.831) & Platelets >= 7.888) | WBC <= 200.501)
",9999999.000,9999999.000,0.000,1.000,0.000,0,0,15,0,0,15,15,0,0.0,0.0,1.0,0.0,0.0,1.0
"G[2,2](((Creatinine <= 1.180 -> Calcium >= 0.000) -> AST <= 0.000) & HR >= 0.000)
",0.000,0.000,0.000,1.000,0.000,0,0,15,0,0,15,15,0,0.0,0.0,1.0,0.0,0.0,1.0
"G[0,2](((Calcium >= 0.000 -> SaO2 <= 0.000) -> TroponinI <= 0.000) -> pH <= 0.000)
",9999999.000,9999999.000,0.000,1.000,0.000,0,0,15,0,0,15,15,0,0.0,0.0,1.0,0.0,0.0,1.0
"G[0,2]((SepsisLabel <= 0.000 & PaCO2 >= 0.000) | Hct <= 0.000)
",9999999.000,9999999.000,0.000,1.000,0.000,0,0,15,0,0,15,15,0,0.0,0.0,1.0,0.0,0.0,1.0
"G[0,1](((EtCO2 <= 0.000 -> Alkalinephos >= 1.075) -> TroponinI <= 16.610) & Chloride >= 1.128)
",9999999.000,9999999.000,0.000,1.000,0.000,0,0,0,15,15,0,0,15,0.0,0.0,0.0,0.0,0.0,1.0
"G[0,1](((Creatinine <= 0.595 & Creatinine <= 0.517) -> BaseExcess >= 0.018) & TroponinI >= 0.019)
",9999999.000,9999999.000,0.000,1.000,0.000,0,0,0,15,15,0,0,15,0.0,0.0,0.0,0.0,0.0,1.0
"G[0,2](Potassium >= 0.272 & HR >= 53.759)
",9999999.000,9999999.000,0.000,1.000,0.000,0,0,0,15,15,0,0,15,0.0,0.0,0.0,0.0,0.0,1.0
"G[0,2](((PaCO2 <= 0.000 & BaseExcess >= 0.000) | Bilirubin_total <= 0.000) -> Lactate >= 0.000)
",9999999.000,9999999.000,0.000,1.000,0.000,0,0,15,0,0,15,15,0,0.0,0.0,1.0,0.0,0.0,1.0
"G[0,2](Lactate >= 0.000 | PaCO2 <= 0.000)
",9999999.000,9999999.000,0.000,1.000,0.000,0,0,15,0,0,15,15,0,0.0,0.0,1.0,0.0,0.0,1.0
"G[2,2](((EtCO2 <= 0.000 & BaseExcess <= 0.000) & Magnesium >= 0.000) | AST >= 0.000)
",0.000,0.000,0.000,1.000,0.000,0,0,15,0,0,15,15,0,0.0,0.0,1.0,0.0,0.0,1.0
"G[0,2](Bilirubin_total >= 0.000 -> FiO2 <= 0.000)
",9999999.000,9999999.000,0.000,1.000,0.000,0,0,15,0,0,15,15,0,0.0,0.0,1.0,0.0,0.0,1.0
"G[0,1](((Temp >= 3.394 & Creatinine <= 0.403) -> SepsisLabel <= 0.737) & Temp >= 0.001)
",9999999.000,9999999.000,0.000,1.000,0.000,0,0,0,15,15,0,0,15,0.0,0.0,0.0,0.0,0.0,1.0
"G[0,2](((Lactate >= 0.000 | Alkalinephos <= 28.624) & Glucose <= 33.443) & WBC <= 2.283)
",9999999.000,9999999.000,0.000,1.000,0.000,0,0,14,1,1,14,14,1,0.0,0.0,1.0,0.0,0.0,1.0
"G[0,1]((Temp <= 21.035 | Alkalinephos >= 1.090) -> Magnesium >= 0.871)
",9999999.000,9999999.000,0.000,1.000,0.000,0,0,0,15,15,0,0,15,0.0,0.0,0.0,0.0,0.0,1.0
"G[2,2]((MAP <= 81.895 | Phosphate <= 0.000) & Fibrinogen >= 0.000)
",0.000,0.000,0.000,1.000,0.000,0,0,15,0,0,15,15,0,0.0,0.0,1.0,0.0,0.0,1.0
"G[0,2](((Lactate <= 0.000 & FiO2 >= 0.000) -> Hct <= 0.000) | HCO3 >= 0.000)
",9999999.000,9999999.000,0.000,1.000,0.000,0,0,15,0,0,15,15,0,0.0,0.0,1.0,0.0,0.0,1.0
"G[2,2](((Bilirubin_total >= 0.025 & Temp >= 2.078) -> Resp >= 4.148) | SaO2 >= 9.245)
",4679928522127638.000,2.078,0.000,1.000,0.000,0,0,15,0,0,15,15,0,0.0,0.0,1.0,0.0,0.0,1.0
"G[0,2](((SBP >= 103.315 & Potassium <= 1.551) -> Glucose >= 0.088) & Creatinine >= 0.158)
",9999999.000,9999999.000,0.000,1.000,0.000,0,0,0,15,15,0,0,15,0.0,0.0,0.0,0.0,0.0,1.0
"G[0,2](HR >= 32.400 | AST >= 2.386)
",9999999.000,9999999.000,0.000,1.000,0.000,0,0,12,3,3,12,12,3,0.0,0.0,1.0,0.0,0.0,1.0
"G[0,2](((AST <= 67.346 | Fibrinogen >= 0.000) -> Bilirubin_direct <= 0.000) -> Fibrinogen >= 0.000)
",9999999.000,9999999.000,0.000,1.000,0.000,0,0,15,0,0,15,15,0,0.0,0.0,1.0,0.0,0.0,1.0
"G[1,2](((DBP <= 0.000 & Platelets >= 2.577) & Calcium <= 116.203) | Hct >= 7.658)
",9999999.000,9999999.000,0.000,1.000,0.000,0,0,2,13,13,2,2,13,0.0,0.0,1.0,0.0,0.0,1.0
"G[0,2]((pH <= 0.000 -> SBP >= 67.017) -> Lactate <= 151.680)
",9999999.000,9999999.000,0.000,1.000,0.000,0,0,15,0,0,15,15,0,0.0,0.0,1.0,0.0,0.0,1.0
"G[0,2](((WBC <= 5.478 & Resp <= 15.275) & Glucose >= 13.528) & SepsisLabel <= 22.954)
",9999999.000,9999999.000,0.000,1.000,0.000,0,0,0,15,15,0,0,15,0.0,0.0,0.0,0.0,0.0,1.0
"G[0,2](((SaO2 >= 0.000 & Glucose >= 1.552) -> Bilirubin_direct >= 1.110) | FiO2 >= 2.602)
",9999999.000,9999999.000,0.000,1.000,0.000,0,0,14,1,1,14,14,1,0.0,0.0,1.0,0.0,0.0,1.0
"G[2,2](Creatinine <= 1.037 -> Alkalinephos >= 0.020)
",-4669572626592983.000,-1.037,0.000,1.000,0.000,0,0,15,0,0,15,15,0,0.0,0.0,1.0,0.0,0.0,1.0
"G[2,2](Bilirubin_total <= 0.753 | O2Sat >= 21.151)
",6785284646925519.000,0.753,0.000,1.000,0.000,0,0,15,0,0,15,15,0,0.0,0.0,1.0,0.0,0.0,1.0
"G[0,2]((Creatinine <= 0.387 & O2Sat >= 6.707) -> HR >= 15.704)
",9999999.000,9999999.000,0.000,1.000,0.000,0,0,14,1,1,14,14,1,0.0,0.0,1.0,0.0,0.0,1.0
"G[1,2](((SBP <= 144.709 | HCO3 >= 0.480) -> Magnesium >= 0.631) & AST <= 2.343)
",9999999.000,9999999.000,0.000,1.000,0.000,0,0,2,13,13,2,2,13,0.0,0.0,1.0,0.0,0.0,1.0
"G[1,2]((Platelets <= 117.020 & BUN >= 0.450) & SBP >= 0.323)
",9999999.000,9999999.000,0.000,1.000,0.000,0,0,0,15,15,0,0,15,0.0,0.0,0.0,0.0,0.0,1.0
"G[2,2](((Fibrinogen >= 0.000 | PaCO2 >= 0.000) & Calcium >= 0.000) -> Magnesium >= 0.000)
",0.000,0.000,0.000,1.000,0.000,0,0,15,0,0,15,15,0,0.0,0.0,1.0,0.0,0.0,1.0
"G[1,2](DBP <= 0.000 | Potassium >= 0.016)
",9999999.000,9999999.000,0.000,1.000,0.000,0,0,15,0,0,15,15,0,0.0,0.0,1.0,0.0,0.0,1.0
"G[2,2]((BaseExcess >= 0.000 -> Resp >= 3.430) -> Chloride <= 20.160)
",-20.160,-20.160,0.000,1.000,0.000,0,0,15,0,0,15,15,0,0.0,0.0,1.0,0.0,0.0,1.0
"G[0,2](O2Sat >= 0.601 -> MAP >= 1.233)
",9999999.000,9999999.000,0.000,1.000,0.000,0,0,15,0,0,15,15,0,0.0,0.0,1.0,0.0,0.0,1.0
"G[1,2](((Bilirubin_total >= 0.034 & HR <= 102.526) | Calcium >= 22.618) & Platelets <= 101.030)
",9999999.000,9999999.000,0.000,1.000,0.000,0,0,0,15,15,0,0,15,0.0,0.0,0.0,0.0,0.0,1.0
"G[2,2](Phosphate <= 0.000 -> WBC <= 3.937)
",-3.937,-3.937,0.000,1.000,0.000,0,0,15,0,0,15,15,0,0.0,0.0,1.0,0.0,0.0,1.0
"G[0,2](((HR >= 3.140 -> EtCO2 >= 0.000) -> MAP >= 0.000) | SBP <= 0.000)
",9999999.000,9999999.000,0.000,1.000,0.000,0,0,15,0,0,15,15,0,0.0,0.0,1.0,0.0,0.0,1.0
"G[1,2](((Alkalinephos >= 1.530 & Phosphate <= 0.000) & WBC <= 0.000) -> Chloride <= 0.000)
",9999999.000,9999999.000,0.000,1.000,0.000,0,0,15,0,0,15,15,0,0.0,0.0,1.0,0.0,0.0,1.0
"G[1,2](DBP <= 0.000 -> SaO2 <= 0.000)
",9999999.000,9999999.000,0.000,1.000,0.000,0,0,15,0,0,15,15,0,0.0,0.0,1.0,0.0,0.0,1.0
"G[0,1](((Hct <= 12.709 | Platelets >= 9.009) -> Hgb >= 12.022) & Resp >= 5.992)
",9999999.000,9999999.000,0.000,1.000,0.000,0,0,0,15,15,0,0,15,0.0,0.0,0.0,0.0,0.0,1.0
"G[2,2](((Fibrinogen <= 0.000 & BUN >= 0.571) -> HR >= 0.354) | Lactate >= 0.455)
",6380032839674965.000,0.354,0.000,1.000,0.000,0,0,15,0,0,15,15,0,0.0,0.0,1.0,0.0,0.0,1.0
"G[2,2](((SaO2 <= 0.000 -> Hct >= 0.289) -> Hct <= 14.035) | HCO3 <= 6.751)
",3800483546552055.500,6.751,0.000,1.000,0.000,0,0,15,0,0,15,15,0,0.0,0.0,1.0,0.0,0.0,1.0
"G[0,0]((FiO2 <= 0.000 -> Hgb >= 0.103) & Phosphate >= 0.233)
",-0.292,-2.703,0.000,1.000,0.000,0,0,0,15,15,0,0,15,0.0,0.0,0.0,0.0,0.0,1.0
"G[1,2](((Alkalinephos <= 15.897 | Calcium <= 0.000) & Bilirubin_direct <= 0.000) & SaO2 <= 0.000)
",9999999.000,9999999.000,0.000,1.000,0.000,0,0,15,0,0,15,15,0,0.0,0.0,1.0,0.0,0.0,1.0
"G[2,2]((SepsisLabel >= 0.000 & MAP >= 7.790) & O2Sat <= 105.797)
",-2192568971060511.000,-7.790,0.000,1.000,0.000,0,0,15,0,0,15,15,0,0.0,0.0,1.0,0.0,0.0,1.0
"G[1,2](((pH >= 0.000 & FiO2 <= 0.000) & Hct <= 0.000) | FiO2 <= 0.000)
",9999999.000,9999999.000,0.000,1.000,0.000,0,0,15,0,0,15,15,0,0.0,0.0,1.0,0.0,0.0,1.0
"G[1,2]((Hgb >= 0.266 -> SBP >= 64.186) | HCO3 >= 26.481)
",9999999.000,9999999.000,0.000,1.000,0.000,0,0,15,0,0,15,15,0,0.0,0.0,1.0,0.0,0.0,1.0
"G[2,2]((BUN <= 13.933 -> Resp <= 20.778) & MAP <= 17.029)
",-2924245539031303.000,-20.778,0.000,1.000,0.000,0,0,15,0,0,15,15,0,0.0,0.0,1.0,0.0,0.0,1.0
"G[0,2]((Magnesium <= 1.847 | Alkalinephos >= 0.769) & AST <= 45.575)
",9999999.000,9999999.000,0.000,1.000,0.000,0,0,14,1,1,14,14,1,0.0,0.0,1.0,0.0,0.0,1.0
"G[1,2]((Glucose <= 16.780 -> BaseExcess >= 0.000) -> AST >= 0.000)
",9999999.000,9999999.000,0.000,1.000,0.000,0,0,15,0,0,15,15,0,0.0,0.0,1.0,0.0,0.0,1.0
"G[1,2]((Hct <= 2.399 & Temp >= 9.059) | Hct <= 12.201)
",9999999.000,9999999.000,0.000,1.000,0.000,0,0,14,1,1,14,14,1,0.0,0.0,1.0,0.0,0.0,1.0
"G[1,2]((Temp >= 1.707 & Temp >= 0.847) -> SBP >= 6.097)
",9999999.000,9999999.000,0.000,1.000,0.000,0,0,15,0,0,15,15,0,0.0,0.0,1.0,0.0,0.0,1.0
"G[0,2](((Hct <= 19.840 -> Platelets >= 4.518) | TroponinI >= 2.693) & Potassium <= 53.829)
",9999999.000,9999999.000,0.000,1.000,0.000,0,0,0,15,15,0,0,15,0.0,0.0,0.0,0.0,0.0,1.0
"G[2,2]((HCO3 >= 0.817 & Bilirubin_total <= 0.214) -> Bilirubin_total <= 0.958)
",-8624672248656575.000,-0.958,0.000,1.000,0.000,0,0,15,0,0,15,15,0,0.0,0.0,1.0,0.0,0.0,1.0
"G[1,2]((BUN <= 15.402 -> Chloride <= 38.063) -> Bilirubin_total >= 1.720)
",9999999.000,9999999.000,0.000,1.000,0.000,0,0,0,15,15,0,0,15,0.0,0.0,0.0,0.0,0.0,1.0
"G[1,2](HCO3 >= 0.279 & DBP >= 0.000)
",9999999.000,9999999.000,0.000,1.000,0.000,0,0,1,14,14,1,1,14,0.0,0.0,1.0,0.0,0.0,1.0
"G[1,2]((Phosphate >= 0.000 | WBC >= 0.257) & PaCO2 >= 0.303)
",9999999.000,9999999.000,0.000,1.000,0.000,0,0,0,15,15,0,0,15,0.0,0.0,0.0,0.0,0.0,1.0
"G[0,0](((Alkalinephos >= 0.443 | Magnesium <= 0.136) & HCO3 <= 1.313) & Bilirubin_total >= 0.024)
",0.227,0.076,0.000,1.000,0.000,0,0,0,15,15,0,0,15,0.0,0.0,0.0,0.0,0.0,1.0
"G[1,2]((Hct <= 15.472 | BUN <= 2.166) | BaseExcess <= 15.519)
",9999999.000,9999999.000,0.000,1.000,0.000,0,0,15,0,0,15,15,0,0.0,0.0,1.0,0.0,0.0,1.0
"G[0,1](Chloride >= 1.078 & HCO3 >= 0.386)
",9999999.000,9999999.000,0.000,1.000,0.000,0,0,0,15,15,0,0,15,0.0,0.0,0.0,0.0,0.0,1.0
"G[2,2](((SBP >= 52.737 | Phosphate <= 0.000) | O2Sat >= 0.000) & Resp <= 0.000)
",0.000,0.000,0.000,1.000,0.000,0,0,15,0,0,15,15,0,0.0,0.0,1.0,0.0,0.0,1.0
"G[0,2]((Lactate <= 0.000 -> pH <= 0.000) & HR <= 0.000)
",9999999.000,9999999.000,0.000,1.000,0.000,0,0,0,15,15,0,0,15,0.0,0.0,0.0,0.0,0.0,1.0
"G[0,1](Bilirubin_total >= 0.003 & Platelets >= 5.924)
",9999999.000,9999999.000,0.000,1.000,0.000,0,0,0,15,15,0,0,15,0.0,0.0,0.0,0.0,0.0,1.0
"G[2,2](((Hgb <= 2.281 | Hct <= 2.934) -> WBC >= 0.276) & Platelets >= 8.973)
",-8.973,-8.973,0.000,1.000,0.000,0,0,15,0,0,15,15,0,0.0,0.0,1.0,0.0,0.0,1.0
"G[1,1](BUN <= 2.030 & Creatinine >= 0.015)
",-4240022695268281.500,-0.015,0.000,1.000,0.000,0,0,0,15,15,0,0,15,0.0,0.0,0.0,0.0,0.0,1.0
"G[1,2](Chloride >= 2.982 & HCO3 >= 0.204)
",9999999.000,9999999.000,0.000,1.000,0.000,0,0,1,14,14,1,1,14,0.0,0.0,1.0,0.0,0.0,1.0
"G[0,1](((Hgb <= 6.628 | Hct <= 14.994) -> WBC >= 0.149) & Platelets >= 10.026)
",9999999.000,9999999.000,0.000,1.000,0.000,0,0,0,15,15,0,0,15,0.0,0.0,0.0,0.0,0.0,1.0
"G[0,2](BUN <= 6.885 & Creatinine >= 0.017)
",9999999.000,9999999.000,0.000,1.000,0.000,0,0,0,15,15,0,0,15,0.0,0.0,0.0,0.0,0.0,1.0
"G[1,2](WBC < 8.730 -> SepsisLabel = 0.000)
",9999999.000,9999999.000,0.000,1.000,0.000,0,0,15,0,0,15,15,0,0.0,0.0,1.0,0.0,0.0,1.0
"G[1,2](Hgb > 0.097 & SepsisLabel = 0.000)
",9999999.000,9999999.000,0.000,1.000,0.000,0,0,1,14,14,1,1,14,0.0,0.0,1.0,0.0,0.0,1.0
"G[2,2](PaCO2 > 0.000 & SepsisLabel = 0.000)
",0.000,0.000,0.000,1.000,0.000,0,0,15,0,0,15,15,0,0.0,0.0,1.0,0.0,0.0,1.0
"G[0,2](Potassium < 3.878 & SepsisLabel = 0.000)
",9999999.000,9999999.000,0.000,1.000,0.000,0,0,13,2,2,13,13,2,0.0,0.0,1.0,0.0,0.0,1.0
"G[0,2](Chloride >= 0.609 & SepsisLabel = 0.000)
",9999999.000,9999999.000,0.000,1.000,0.000,0,0,0,15,15,0,0,15,0.0,0.0,0.0,0.0,0.0,1.0
"G[0,2](SBP < 162.188 & SepsisLabel = 0.000)
",9999999.000,9999999.000,0.000,1.000,0.000,0,0,14,1,1,14,14,1,0.0,0.0,1.0,0.0,0.0,1.0
"G[1,2](Resp <= 18.620 -> SepsisLabel = 0.000)
",9999999.000,9999999.000,0.000,1.000,0.000,0,0,15,0,0,15,15,0,0.0,0.0,1.0,0.0,0.0,1.0
"G[1,2](Lactate < 0.000 -> SepsisLabel = 0.000)
",9999999.000,9999999.000,0.000,1.000,0.000,0,0,15,0,0,15,15,0,0.0,0.0,1.0,0.0,0.0,1.0
"G[1,2](SaO2 > 0.000 & SepsisLabel = 0.000)
",9999999.000,9999999.000,0.000,1.000,0.000,0,0,0,15,15,0,0,15,0.0,0.0,0.0,0.0,0.0,1.0
"G[0,2](FiO2 <= 0.000 & SepsisLabel = 0.000)
",9999999.000,9999999.000,0.000,1.000,0.000,0,0,15,0,0,15,15,0,0.0,0.0,1.0,0.0,0.0,1.0
"G[0,1](Hgb > 0.414 & SepsisLabel = 0.000)
",9999999.000,9999999.000,0.000,1.000,0.000,0,0,0,15,15,0,0,15,0.0,0.0,0.0,0.0,0.0,1.0
"G[2,2](Resp >= 9.065 & SepsisLabel = 0.000)
",-9.065,-9.065,0.000,1.000,0.000,0,0,15,0,0,15,15,0,0.0,0.0,1.0,0.0,0.0,1.0
"G[0,2](Calcium > 0.000 -> SepsisLabel = 0.000)
",9999999.000,9999999.000,0.000,1.000,0.000,0,0,15,0,0,15,15,0,0.0,0.0,1.0,0.0,0.0,1.0
"G[1,2](PTT < 0.000 -> SepsisLabel = 0.000)
",9999999.000,9999999.000,0.000,1.000,0.000,0,0,15,0,0,15,15,0,0.0,0.0,1.0,0.0,0.0,1.0
"G[1,2](Fibrinogen >= 0.000 & SepsisLabel = 0.000)
",9999999.000,9999999.000,0.000,1.000,0.000,0,0,15,0,0,15,15,0,0.0,0.0,1.0,0.0,0.0,1.0
"G[1,2](BUN <= 7.186 -> SepsisLabel = 0.000)
",9999999.000,9999999.000,0.000,1.000,0.000,0,0,15,0,0,15,15,0,0.0,0.0,1.0,0.0,0.0,1.0
"G[2,2](FiO2 <= 0.000 & SepsisLabel = 0.000)
",0.000,0.000,0.000,1.000,0.000,0,0,15,0,0,15,15,0,0.0,0.0,1.0,0.0,0.0,1.0
"G[0,0]((Bilirubin_total >= 0.032 & WBC >= 0.158) & Bilirubin_total <= 2.808)
",-0.783,-0.315,0.000,1.000,0.000,0,0,0,15,15,0,0,15,0.0,0.0,0.0,0.0,0.0,1.0
"G[0,1](((Chloride <= 40.113 | Magnesium >= 0.002) & PTT >= 0.024) | WBC >= 0.005)
",9999999.000,9999999.000,0.000,1.000,0.000,0,0,0,15,15,0,0,15,0.0,0.0,0.0,0.0,0.0,1.0
"G[0,2](Glucose <= 27.265 | Hct >= 1.112)
",9999999.000,9999999.000,0.000,1.000,0.000,0,0,15,0,0,15,15,0,0.0,0.0,1.0,0.0,0.0,1.0
"G[0,2](((Bilirubin_total <= 0.431 -> Glucose <= 56.971) -> HR >= 1.716) & Calcium >= 0.338)
",9999999.000,9999999.000,0.000,1.000,0.000,0,0,0,15,15,0,0,15,0.0,0.0,0.0,0.0,0.0,1.0
"G[0,0](((AST >= 1.770 & Magnesium >= 0.054) -> HCO3 >= 0.033) & Bilirubin_total >= 0.059)
",-1.493,-0.047,0.000,1.000,0.000,0,0,0,15,15,0,0,15,0.0,0.0,0.0,0.0,0.0,1.0
"G[1,2](Platelets <= 36.167 -> WBC >= 0.341)
",9999999.000,9999999.000,0.000,1.000,0.000,0,0,2,13,13,2,2,13,0.0,0.0,1.0,0.0,0.0,1.0
"G[0,2](Chloride >= 2.017 & HCO3 >= 0.355)
",9999999.000,9999999.000,0.000,1.000,0.000,0,0,0,15,15,0,0,15,0.0,0.0,0.0,0.0,0.0,1.0
"G[1,1](BUN <= 7.588 & Creatinine >= 0.017)
",-0.017,-0.017,0.000,1.000,0.000,0,0,0,15,15,0,0,15,0.0,0.0,0.0,0.0,0.0,1.0
"G[0,2](BUN <= 12.472 & Creatinine >= 0.035)
",9999999.000,9999999.000,0.000,1.000,0.000,0,0,0,15,15,0,0,15,0.0,0.0,0.0,0.0,0.0,1.0
"G[0,2](BUN <= 11.586 & Creatinine >= 0.006)
",9999999.000,9999999.000,0.000,1.000,0.000,0,0,0,15,15,0,0,15,0.0,0.0,0.0,0.0,0.0,1.0
"G[1,2](Chloride >= 2.786 & HCO3 >= 0.793)
",9999999.000,9999999.000,0.000,1.000,0.000,0,0,1,14,14,1,1,14,0.0,0.0,1.0,0.0,0.0,1.0
"G[0,1](Platelets <= 157.826 -> WBC >= 0.207)
",9999999.000,9999999.000,0.000,1.000,0.000,0,0,0,15,15,0,0,15,0.0,0.0,0.0,0.0,0.0,1.0
"G[0,0](((Hgb <= 4.296 | Hct <= 34.604) -> WBC >= 0.242) & Platelets >= 9.513)
",-4870065514904542.000,-34.604,0.000,1.000,0.000,0,0,0,15,15,0,0,15,0.0,0.0,0.0,0.0,0.0,1.0
"G[0,1](BUN <= 11.032 & Creatinine >= 0.032)
",9999999.000,9999999.000,0.000,1.000,0.000,0,0,0,15,15,0,0,15,0.0,0.0,0.0,0.0,0.0,1.0
"G[0,1](Chloride >= 0.589 & HCO3 >= 0.331)
",9999999.000,9999999.000,0.000,1.000,0.000,0,0,0,15,15,0,0,15,0.0,0.0,0.0,0.0,0.0,1.0
"G[0,0](Platelets <= 123.331 -> WBC >= 0.342)
",-8678644465895537.000,-123.331,0.000,1.000,0.000,0,0,0,15,15,0,0,15,0.0,0.0,0.0,0.0,0.0,1.0
"G[0,0](((Hgb <= 12.748 | Hct <= 17.518) -> WBC >= 0.104) & Platelets >= 6.325)
",-4930740927788038.000,-17.518,0.000,1.000,0.000,0,0,0,15,15,0,0,15,0.0,0.0,0.0,0.0,0.0,1.0
"G[0,1](BUN <= 16.619 & Creatinine >= 0.042)
",9999999.000,9999999.000,0.000,1.000,0.000,0,0,0,15,15,0,0,15,0.0,0.0,0.0,0.0,0.0,1.0
"G[1,2](Chloride >= 2.122 & HCO3 >= 0.559)
",9999999.000,9999999.000,0.000,1.000,0.000,0,0,1,14,14,1,1,14,0.0,0.0,1.0,0.0,0.0,1.0
"G[1,2](Platelets <= 117.107 -> WBC >= 0.286)
",9999999.000,9999999.000,0.000,1.000,0.000,0,0,2,13,13,2,2,13,0.0,0.0,1.0,0.0,0.0,1.0
"G[0,2](((Hgb <= 7.622 | Hct <= 30.637) -> WBC >= 0.069) & Platelets >= 8.960)
",9999999.000,9999999.000,0.000,1.000,0.000,0,0,0,15,15,0,0,15,0.0,0.0,0.0,0.0,0.0,1.0
"G[0,2](Chloride >= 2.911 & HCO3 >= 0.375)
",9999999.000,9999999.000,0.000,1.000,0.000,0,0,0,15,15,0,0,15,0.0,0.0,0.0,0.0,0.0,1.0
"G[0,2](Platelets <= 74.886 -> WBC >= 0.331)
",9999999.000,9999999.000,0.000,1.000,0.000,0,0,0,15,15,0,0,15,0.0,0.0,0.0,0.0,0.0,1.0
"G[1,2](Platelets <= 77.192 -> WBC >= 0.324)
",9999999.000,9999999.000,0.000,1.000,0.000,0,0,2,13,13,2,2,13,0.0,0.0,1.0,0.0,0.0,1.0
"G[1,2](((Hgb <= 10.035 | Hct <= 33.561) -> WBC >= 0.086) & Platelets >= 2.690)
",9999999.000,9999999.000,0.000,1.000,0.000,0,0,1,14,14,1,1,14,0.0,0.0,1.0,0.0,0.0,1.0
"G[0,2](BUN <= 7.676 & Creatinine >= 0.020)
",9999999.000,9999999.000,0.000,1.000,0.000,0,0,0,15,15,0,0,15,0.0,0.0,0.0,0.0,0.0,1.0
"G[1,2](Chloride >= 2.661 & HCO3 >= 0.450)
",9999999.000,9999999.000,0.000,1.000,0.000,0,0,1,14,14,1,1,14,0.0,0.0,1.0,0.0,0.0,1.0
"G[1,2](Platelets <= 121.447 -> WBC >= 0.127)
",9999999.000,9999999.000,0.000,1.000,0.000,0,0,2,13,13,2,2,13,0.0,0.0,1.0,0.0,0.0,1.0
"G[0,1](((Hgb <= 9.511 | Hct <= 10.743) -> WBC >= 0.281) & Platelets >= 1.916)
",9999999.000,9999999.000,0.000,1.000,0.000,0,0,0,15,15,0,0,15,0.0,0.0,0.0,0.0,0.0,1.0
"G[1,2](BUN <= 12.844 & Creatinine >= 0.021)
",9999999.000,9999999.000,0.000,1.000,0.000,0,0,0,15,15,0,0,15,0.0,0.0,0.0,0.0,0.0,1.0
"G[0,2](Chloride >= 2.773 & HCO3 >= 0.053)
",9999999.000,9999999.000,0.000,1.000,0.000,0,0,0,15,15,0,0,15,0.0,0.0,0.0,0.0,0.0,1.0
"G[0,2](Platelets <= 99.231 -> WBC >= 0.293)
",9999999.000,9999999.000,0.000,1.000,0.000,0,0,0,15,15,0,0,15,0.0,0.0,0.0,0.0,0.0,1.0
"G[0,2](((Hgb <= 6.345 | Hct <= 17.135) -> WBC >= 0.060) & Platelets >= 4.989)
",9999999.000,9999999.000,0.000,1.000,0.000,0,0,0,15,15,0,0,15,0.0,0.0,0.0,0.0,0.0,1.0
"G[1,2](BUN <= 10.750 & Creatinine >= 0.009)
",9999999.000,9999999.000,0.000,1.000,0.000,0,0,0,15,15,0,0,15,0.0,0.0,0.0,0.0,0.0,1.0
"G[1,2](Chloride >= 0.249 & HCO3 >= 0.311)
",9999999.000,9999999.000,0.000,1.000,0.000,0,0,1,14,14,1,1,14,0.0,0.0,1.0,0.0,0.0,1.0
"G[1,2](Platelets <= 87.554 | Potassium <= 2.000)
",9999999.000,9999999.000,0.000,1.000,0.000,0,0,13,2,2,13,13,2,0.0,0.0,1.0,0.0,0.0,1.0
"G[0,1](Glucose <= 71.679 -> Platelets >= 7.213)
",9999999.000,9999999.000,0.000,1.000,0.000,0,0,0,15,15,0,0,15,0.0,0.0,0.0,0.0,0.0,1.0
"G[0,2](SepsisLabel <= 0.000 & Bilirubin_direct >= 0.000)
",9999999.000,9999999.000,0.000,1.000,0.000,0,0,15,0,0,15,15,0,0.0,0.0,1.0,0.0,0.0,1.0
"G[0,2](((Creatinine <= 1.234 & Platelets <= 29.401) | Lactate <= 120.122) -> Chloride >= 1.516)
",9999999.000,9999999.000,0.000,1.000,0.000,0,0,0,15,15,0,0,15,0.0,0.0,0.0,0.0,0.0,1.0
"G[1,2]((Platelets >= 4.712 -> SBP >= 37.612) & PaCO2 >= 101.364)
",9999999.000,9999999.000,0.000,1.000,0.000,0,0,0,15,15,0,0,15,0.0,0.0,0.0,0.0,0.0,1.0
"G[2,2](((DBP >= 0.000 | TroponinI >= 0.000) & Magnesium >= 0.000) & Resp >= 0.000)
",0.000,0.000,0.000,1.000,0.000,0,0,15,0,0,15,15,0,0.0,0.0,1.0,0.0,0.0,1.0
"G[1,2]((Calcium <= 0.000 & HR >= 70.308) | Hct >= 64.584)
",9999999.000,9999999.000,0.000,1.000,0.000,0,0,14,1,1,14,14,1,0.0,0.0,1.0,0.0,0.0,1.0
"G[2,2](HR >= 36.728 -> Temp >= 6.760)
",7610970597753903.000,6.760,0.000,1.000,0.000,0,0,15,0,0,15,15,0,0.0,0.0,1.0,0.0,0.0,1.0
"G[0,2]((O2Sat <= 71.622 & WBC <= 1.982) & Alkalinephos <= 2.336)
",9999999.000,9999999.000,0.000,1.000,0.000,0,0,2,13,13,2,2,13,0.0,0.0,1.0,0.0,0.0,1.0
"G[0,2]((Fibrinogen <= 0.000 -> Bilirubin_total >= 0.003) -> Hct >= 0.014)
",9999999.000,9999999.000,0.000,1.000,0.000,0,0,15,0,0,15,15,0,0.0,0.0,1.0,0.0,0.0,1.0
"G[0,2](HR <= 96.531 -> BUN <= 6.100)
",9999999.000,9999999.000,0.000,1.000,0.000,0,0,14,1,1,14,14,1,0.0,0.0,1.0,0.0,0.0,1.0
"G[1,2](HR <= 105.544 & Potassium <= 0.387)
",9999999.000,9999999.000,0.000,1.000,0.000,0,0,12,3,3,12,12,3,0.0,0.0,1.0,0.0,0.0,1.0
"G[0,2]((Creatinine >= 0.011 -> O2Sat <= 61.248) | WBC <= 89.689)
",9999999.000,9999999.000,0.000,1.000,0.000,0,0,15,0,0,15,15,0,0.0,0.0,1.0,0.0,0.0,1.0
"G[0,2](((Temp <= 29.423 & Fibrinogen >= 0.000) | Magnesium >= 0.000) -> pH <= 0.000)
",9999999.000,9999999.000,0.000,1.000,0.000,0,0,15,0,0,15,15,0,0.0,0.0,1.0,0.0,0.0,1.0
"G[0,2](((SepsisLabel <= 0.000 | Temp >= 8.741) | PTT <= 23.032) -> SBP <= 16.575)
",9999999.000,9999999.000,0.000,1.000,0.000,0,0,0,15,15,0,0,15,0.0,0.0,0.0,0.0,0.0,1.0
"G[1,2](Resp <= 16.839 -> BUN >= 0.260)
",9999999.000,9999999.000,0.000,1.000,0.000,0,0,8,7,7,8,8,7,0.0,0.0,1.0,0.0,0.0,1.0
"G[1,2]((Alkalinephos >= 0.515 -> BaseExcess >= 0.000) -> Bilirubin_total >= 0.000)
",9999999.000,9999999.000,0.000,1.000,0.000,0,0,15,0,0,15,15,0,0.0,0.0,1.0,0.0,0.0,1.0
"G[1,2](((HCO3 >= 0.899 -> Temp >= 5.306) | Hgb <= 34.298) & Alkalinephos <= 29.695)
",9999999.000,9999999.000,0.000,1.000,0.000,0,0,14,1,1,14,14,1,0.0,0.0,1.0,0.0,0.0,1.0
"G[0,2](((Lactate >= 0.000 & Potassium <= 3.934) | BUN >= 0.210) & Hct <= 1.504)
",9999999.000,9999999.000,0.000,1.000,0.000,0,0,13,2,2,13,13,2,0.0,0.0,1.0,0.0,0.0,1.0
"G[1,2](SaO2 <= 0.000 & EtCO2 >= 0.000)
",9999999.000,9999999.000,0.000,1.000,0.000,0,0,15,0,0,15,15,0,0.0,0.0,1.0,0.0,0.0,1.0
"G[0,2](Platelets <= 63.581 -> WBC >= 0.118)
",9999999.000,9999999.000,0.000,1.000,0.000,0,0,0,15,15,0,0,15,0.0,0.0,0.0,0.0,0.0,1.0
"G[2,2]((WBC >= 0.062 -> SepsisLabel <= 0.000) | Alkalinephos <= 0.000)
",0.000,0.000,0.000,1.000,0.000,0,0,15,0,0,15,15,0,0.0,0.0,1.0,0.0,0.0,1.0
"G[1,2](PTT <= 0.000 | Bilirubin_total <= 0.631)
",9999999.000,9999999.000,0.000,1.000,0.000,0,0,15,0,0,15,15,0,0.0,0.0,1.0,0.0,0.0,1.0
"G[2,2](((Temp <= 27.057 -> O2Sat >= 14.473) | O2Sat >= 25.511) & SBP <= 68.446)
",-7180596069711601.000,-25.511,0.000,1.000,0.000,0,0,15,0,0,15,15,0,0.0,0.0,1.0,0.0,0.0,1.0
"G[0,2](PTT <= 0.000 -> Temp >= 8.850)
",9999999.000,9999999.000,0.000,1.000,0.000,0,0,0,15,15,0,0,15,0.0,0.0,0.0,0.0,0.0,1.0
"G[1,2](BUN <= 14.024 & Creatinine >= 0.005)
",9999999.000,9999999.000,0.000,1.000,0.000,0,0,0,15,15,0,0,15,0.0,0.0,0.0,0.0,0.0,1.0
"G[0,2](((pH <= 0.000 -> BaseExcess >= 0.000) -> SaO2 <= 0.000) -> O2Sat <= 0.000)
",9999999.000,9999999.000,0.000,1.000,0.000,0,0,2,13,13,2,2,13,0.0,0.0,1.0,0.0,0.0,1.0
"G[2,2](((Glucose >= 1.314 & Fibrinogen >= 0.000) & HCO3 >= 0.000) & PTT <= 0.000)
",-1.314,-1.314,0.000,1.000,0.000,0,0,15,0,0,15,15,0,0.0,0.0,1.0,0.0,0.0,1.0
"G[1,2](((Fibrinogen <= 0.000 | Chloride <= 7.363) | WBC >= 2.962) & AST <= 52.509)
",9999999.000,9999999.000,0.000,1.000,0.000,0,0,14,1,1,14,14,1,0.0,0.0,1.0,0.0,0.0,1.0
"G[0,1](((WBC <= 9.651 -> Chloride >= 1.696) | Hct <= 33.860) & HCO3 >= 0.388)
",9999999.000,9999999.000,0.000,1.000,0.000,0,0,0,15,15,0,0,15,0.0,0.0,0.0,0.0,0.0,1.0
"G[0,2](((Bilirubin_direct <= 0.000 -> BaseExcess <= 0.000) | Potassium >= 0.000) | SaO2 <= 0.000)
",9999999.000,9999999.000,0.000,1.000,0.000,0,0,15,0,0,15,15,0,0.0,0.0,1.0,0.0,0.0,1.0
"G[1,2](((HR <= 88.322 & DBP >= 0.000) & Hgb >= 0.000) | Hgb >= 0.000)
",9999999.000,9999999.000,0.000,1.000,0.000,0,0,15,0,0,15,15,0,0.0,0.0,1.0,0.0,0.0,1.0
"G[0,2]((Hgb >= 0.417 | FiO2 <= 0.000) & HCO3 <= 0.000)
",9999999.000,9999999.000,0.000,1.000,0.000,0,0,14,1,1,14,14,1,0.0,0.0,1.0,0.0,0.0,1.0
"G[1,2]((WBC <= 0.681 & HCO3 <= 21.619) & Alkalinephos <= 14.921)
",9999999.000,9999999.000,0.000,1.000,0.000,0,0,14,1,1,14,14,1,0.0,0.0,1.0,0.0,0.0,1.0
"G[0,2]((Magnesium >= 0.060 | O2Sat >= 3.425) & FiO2 <= 93.273)
",9999999.000,9999999.000,0.000,1.000,0.000,0,0,4,11,11,4,4,11,0.0,0.0,1.0,0.0,0.0,1.0
"G[0,2](((Creatinine <= 1.067 | Potassium >= 0.085) & Hct <= 3.224) & Alkalinephos <= 0.288)
",9999999.000,9999999.000,0.000,1.000,0.000,0,0,14,1,1,14,14,1,0.0,0.0,1.0,0.0,0.0,1.0
"G[1,2](Hct >= 1.026 & Potassium >= 0.131)
",9999999.000,9999999.000,0.000,1.000,0.000,0,0,1,14,14,1,1,14,0.0,0.0,1.0,0.0,0.0,1.0
"G[0,2]((AST >= 0.365 -> Potassium >= 0.176) | Glucose <= 0.434)
",9999999.000,9999999.000,0.000,1.000,0.000,0,0,15,0,0,15,15,0,0.0,0.0,1.0,0.0,0.0,1.0
"G[1,2](((BUN >= 0.268 -> Potassium >= 0.210) | Glucose <= 1.777) -> Calcium >= 0.147)
",9999999.000,9999999.000,0.000,1.000,0.000,0,0,0,15,15,0,0,15,0.0,0.0,0.0,0.0,0.0,1.0
"G[0,2]((Glucose >= 0.129 -> Potassium >= 0.194) | Bilirubin_direct >= 0.190)
",9999999.000,9999999.000,0.000,1.000,0.000,0,0,15,0,0,15,15,0,0.0,0.0,1.0,0.0,0.0,1.0
"G[0,2]((HR <= 98.267 | MAP <= 97.238) & Platelets >= 66.754)
",9999999.000,9999999.000,0.000,1.000,0.000,0,0,0,15,15,0,0,15,0.0,0.0,0.0,0.0,0.0,1.0
"G[1,1]((O2Sat >= 19.491 | Temp <= 12.036) & FiO2 >= 5.850)
",-3293368028829077.500,-5.850,0.000,1.000,0.000,0,0,0,15,15,0,0,15,0.0,0.0,0.0,0.0,0.0,1.0
"G[0,2]((Chloride >= 3.184 | Temp <= 37.003) & WBC <= 20.387)
",9999999.000,9999999.000,0.000,1.000,0.000,0,0,13,2,2,13,13,2,0.0,0.0,1.0,0.0,0.0,1.0
"G[1,2](Glucose <= 54.639 | Temp <= 17.757)
",9999999.000,9999999.000,0.000,1.000,0.000,0,0,14,1,1,14,14,1,0.0,0.0,1.0,0.0,0.0,1.0
"G[0,1]((Resp <= 16.425 & SBP >= 95.344) & Hgb >= 45.887)
",9999999.000,9999999.000,0.000,1.000,0.000,0,0,0,15,15,0,0,15,0.0,0.0,0.0,0.0,0.0,1.0
"G[0,0](((Bilirubin_total >= 0.024 | O2Sat <= 63.487) | Calcium <= 57.657) & Magnesium >= 33.165)
",-33.165,-33.165,0.000,1.000,0.000,0,0,0,15,15,0,0,15,0.0,0.0,0.0,0.0,0.0,1.0
"G[0,2](Hct <= 13.703 & O2Sat <= 96.436)
",9999999.000,9999999.000,0.000,1.000,0.000,0,0,7,8,8,7,7,8,0.0,0.0,1.0,0.0,0.0,1.0
"G[0,0]((Potassium <= 2.313 & Temp >= 4.138) & BUN >= 9.366)
",-2.948,-8.587,0.000,1.000,0.000,0,0,0,15,15,0,0,15,0.0,0.0,0.0,0.0,0.0,1.0
"G[2,2]((Lactate >= 0.000 & pH >= 0.000) & WBC <= 0.000)
",0.000,0.000,0.000,1.000,0.000,0,0,15,0,0,15,15,0,0.0,0.0,1.0,0.0,0.0,1.0
"G[1,2](((Platelets >= 12.199 -> Resp <= 19.680) | TroponinI <= 18.661) & FiO2 >= 1.891)
",9999999.000,9999999.000,0.000,1.000,0.000,0,0,0,15,15,0,0,15,0.0,0.0,0.0,0.0,0.0,1.0
"G[2,2](((Bilirubin_total >= 0.025 -> Resp <= 15.516) | Phosphate <= 18.247) | PTT <= 21.786)
",3066049972460361.000,21.786,0.000,1.000,0.000,0,0,15,0,0,15,15,0,0.0,0.0,1.0,0.0,0.0,1.0
"G[0,2]((Hgb >= 0.176 | Resp >= 2.702) & SaO2 >= 5.177)
",9999999.000,9999999.000,0.000,1.000,0.000,0,0,0,15,15,0,0,15,0.0,0.0,0.0,0.0,0.0,1.0
"G[2,2]((Hgb <= 7.543 | HR >= 62.205) | Phosphate <= 94.029)
",6616692119221153.000,94.029,0.000,1.000,0.000,0,0,15,0,0,15,15,0,0.0,0.0,1.0,0.0,0.0,1.0
"G[0,2](((MAP >= 35.269 & WBC <= 3.395) | DBP <= 3.842) & SepsisLabel >= 0.057)
",9999999.000,9999999.000,0.000,1.000,0.000,0,0,0,15,15,0,0,15,0.0,0.0,0.0,0.0,0.0,1.0
"G[1,2]((Chloride >= 0.766 -> MAP <= 81.693) | Glucose >= 38.998)
",9999999.000,9999999.000,0.000,1.000,0.000,0,0,15,0,0,15,15,0,0.0,0.0,1.0,0.0,0.0,1.0
"G[1,2](((BUN <= 5.254 & MAP >= 46.887) -> Phosphate <= 107.868) | Phosphate <= 113.534)
",9999999.000,9999999.000,0.000,1.000,0.000,0,0,15,0,0,15,15,0,0.0,0.0,1.0,0.0,0.0,1.0
"G[0,0](((Resp >= 3.281 -> Temp >= 5.318) -> Calcium <= 36.228) & BUN >= 2.482)
",-2.422,-32.628,0.000,1.000,0.000,0,0,0,15,15,0,0,15,0.0,0.0,0.0,0.0,0.0,1.0
"G[0,2](((Hgb <= 5.232 -> SBP <= 150.649) -> PaCO2 >= 78.691) -> pH <= 151.501)
",9999999.000,9999999.000,0.000,1.000,0.000,0,0,15,0,0,15,15,0,0.0,0.0,1.0,0.0,0.0,1.0
"G[0,1]((BUN >= 0.236 & SBP <= 145.500) | Hct >= 41.092)
",9999999.000,9999999.000,0.000,1.000,0.000,0,0,0,15,15,0,0,15,0.0,0.0,0.0,0.0,0.0,1.0
"G[0,1](((TroponinI >= 0.000 | Hct >= 0.522) | Magnesium >= 0.517) & BaseExcess >= 0.779)
",9999999.000,9999999.000,0.000,1.000,0.000,0,0,0,15,15,0,0,15,0.0,0.0,0.0,0.0,0.0,1.0
"G[0,1](((Resp >= 8.404 & HR >= 62.539) -> SBP <= 100.245) & DBP >= 12.938)
",9999999.000,9999999.000,0.000,1.000,0.000,0,0,0,15,15,0,0,15,0.0,0.0,0.0,0.0,0.0,1.0
"G[2,2](((Calcium >= 0.000 & Hgb >= 0.404) -> Chloride >= 0.099) -> Phosphate >= 0.385)
",-7155240635988449.000,-0.099,0.000,1.000,0.000,0,0,15,0,0,15,15,0,0.0,0.0,1.0,0.0,0.0,1.0
