Rule,Discrimination Score,Pos Robustness,Neg Robustness,Percent Class +,Percent Class -,TP,TN,FP,FN,Actual Yes,Actual No,Predicted Yes,Predicted No,TPR/Sens,TNR/Spec,FPR,Precision,Accuracy,MCR
"G[0,0](((Chloride <= 35.337 & MAP <= 77.754) & TroponinI >= 36.017) | Chloride <= 43.493)
",14.855,42.482,0.000,1.000,0.000,10,0,0,0,10,0,10,0,1.0,0.0,0.0,1.0,1.0526315789473684,-0.05263157894736836
"G[0,0](((pH >= 0.130 & Bilirubin_direct >= 0.000) | Hgb <= 0.000) & Potassium <= 0.000)
",-0.354,-0.533,0.000,1.000,0.000,10,0,0,0,10,0,10,0,1.0,0.0,0.0,1.0,1.0526315789473684,-0.05263157894736836
"G[0,0](WBC >= 0.097 | TroponinI >= 0.000)
",0.354,3.889,0.000,1.000,0.000,10,0,0,0,10,0,10,0,1.0,0.0,0.0,1.0,1.0526315789473684,-0.05263157894736836
"G[0,0](Temp >= 0.398 | Potassium <= 0.711)
",0.909,43.662,0.000,1.000,0.000,10,0,0,0,10,0,10,0,1.0,0.0,0.0,1.0,1.0526315789473684,-0.05263157894736836
"G[0,0](((TroponinI >= 0.000 | EtCO2 <= 0.000) -> Bilirubin_total >= 0.000) -> Alkalinephos >= 0.000)
",-0.354,-1.111,0.000,1.000,0.000,10,0,0,0,10,0,10,0,1.0,0.0,0.0,1.0,1.0526315789473684,-0.05263157894736836
"G[0,0](O2Sat <= 90.762 -> WBC <= 3.054)
",-0.983,-24.461,0.000,1.000,0.000,10,0,0,0,10,0,10,0,1.0,0.0,0.0,1.0,1.0526315789473684,-0.05263157894736836
"G[0,0](((O2Sat <= 71.984 | Temp >= 6.816) -> Calcium <= 14.013) & BaseExcess <= 26.810)
",-1.486,-54.641,0.000,1.000,0.000,10,0,0,0,10,0,10,0,1.0,0.0,0.0,1.0,1.0526315789473684,-0.05263157894736836
"G[0,0]((TroponinI <= 0.000 & SaO2 >= 0.000) & Hgb <= 0.000)
",-0.354,-4.078,0.000,1.000,0.000,10,0,0,0,10,0,10,0,1.0,0.0,0.0,1.0,1.0526315789473684,-0.05263157894736836
"G[0,0]((Bilirubin_direct <= 0.000 -> Bilirubin_direct >= 0.000) -> MAP >= 0.000)
",-1.404,-65.444,0.000,1.000,0.000,10,0,0,0,10,0,10,0,1.0,0.0,0.0,1.0,1.0526315789473684,-0.05263157894736836
"G[0,0](((O2Sat <= 60.677 | AST >= 30.557) | Glucose <= 502.118) -> HR <= 1023.325)
",-502.118,-502.118,0.000,1.000,0.000,10,0,0,0,10,0,10,0,1.0,0.0,0.0,1.0,1.0526315789473684,-0.05263157894736836
"G[0,0]((SBP >= 30.224 | Platelets <= 153.722) -> HCO3 <= 56.861)
",-4.696,-142.960,0.000,1.000,0.000,10,0,0,0,10,0,10,0,1.0,0.0,0.0,1.0,1.0526315789473684,-0.05263157894736836
"G[0,0](SBP <= 112.452 | WBC <= 2.046)
",5.752,100.143,0.000,1.000,0.000,10,0,0,0,10,0,10,0,1.0,0.0,0.0,1.0,1.0526315789473684,-0.05263157894736836
"G[0,1]((EtCO2 <= 0.000 -> MAP <= 88.853) -> EtCO2 <= 64.740)
",9999999.000,9999999.000,0.000,1.000,0.000,9,0,1,0,9,1,10,0,1.0,0.0,1.0,0.9,0.9473684210526315,0.052631578947368474
"G[0,1](((PaCO2 >= 1.379 | SBP >= 72.404) -> SaO2 >= 54.325) | SepsisLabel <= 93.309)
",9999999.000,9999999.000,0.000,1.000,0.000,9,0,1,0,9,1,10,0,1.0,0.0,1.0,0.9,0.9473684210526315,0.052631578947368474
"G[0,1](((pH >= 0.230 | pH >= 0.342) & pH <= 5.439) -> SaO2 >= 0.188)
",9999999.000,9999999.000,0.000,1.000,0.000,9,0,1,0,9,1,10,0,1.0,0.0,1.0,0.9,0.9473684210526315,0.052631578947368474
"G[0,1](((WBC <= 0.984 | HCO3 >= 0.383) | BUN <= 15.377) -> Hgb <= 21.507)
",9999999.000,9999999.000,0.000,1.000,0.000,9,0,1,0,9,1,10,0,1.0,0.0,1.0,0.9,0.9473684210526315,0.052631578947368474
"G[1,1](((SepsisLabel <= 0.000 | Platelets >= 8.332) -> BaseExcess >= 4.789) -> HCO3 >= 9.263)
",0.000,0.000,0.000,1.000,0.000,9,0,1,0,9,1,10,0,1.0,0.0,1.0,0.9,0.9473684210526315,0.052631578947368474
"G[1,1]((Bilirubin_total >= 0.276 & Calcium >= 0.113) -> Chloride >= 0.014)
",0.014,0.014,0.000,1.000,0.000,9,0,1,0,9,1,10,0,1.0,0.0,1.0,0.9,0.9473684210526315,0.052631578947368474
"G[0,1](((Alkalinephos >= 3.878 & Lactate <= 1.171) & pH <= 0.334) -> FiO2 <= 0.379)
",9999999.000,9999999.000,0.000,1.000,0.000,9,0,1,0,9,1,10,0,1.0,0.0,1.0,0.9,0.9473684210526315,0.052631578947368474
"G[0,1](((Creatinine >= 0.022 & PTT >= 0.121) | EtCO2 >= 0.912) -> Phosphate >= 0.338)
",9999999.000,9999999.000,0.000,1.000,0.000,9,0,1,0,9,1,10,0,1.0,0.0,1.0,0.9,0.9473684210526315,0.052631578947368474
"G[1,1](O2Sat <= 50.037 | SaO2 >= 0.000)
",50.037,50.037,0.000,1.000,0.000,9,0,1,0,9,1,10,0,1.0,0.0,1.0,0.9,0.9473684210526315,0.052631578947368474
"G[0,1]((pH >= 0.228 & SBP <= 90.689) | Temp <= 98.738)
",9999999.000,9999999.000,0.000,1.000,0.000,9,0,1,0,9,1,10,0,1.0,0.0,1.0,0.9,0.9473684210526315,0.052631578947368474
"G[1,1](((HCO3 >= 0.663 | pH <= 5.149) | DBP <= 1.152) | Phosphate <= 6.797)
",6.797,6.797,0.000,1.000,0.000,9,0,1,0,9,1,10,0,1.0,0.0,1.0,0.9,0.9473684210526315,0.052631578947368474
"G[0,1](((HR <= 78.321 & pH <= 2.476) | Platelets <= 2.830) | Phosphate >= 0.029)
",9999999.000,9999999.000,0.000,1.000,0.000,9,0,1,0,9,1,10,0,1.0,0.0,1.0,0.9,0.9473684210526315,0.052631578947368474
"G[0,0]((pH <= 3.731 | Hct <= 18.454) & pH <= 5.484)
",5.484,5.484,0.000,1.000,0.000,9,0,0,1,10,0,9,1,0.9,0.0,0.0,1.0,0.9473684210526315,0.052631578947368474
"G[0,1](Hgb > 0.616 -> SepsisLabel = 0.000)
",9999999.000,9999999.000,0.000,1.000,0.000,9,0,1,0,9,1,10,0,1.0,0.0,1.0,0.9,0.9473684210526315,0.052631578947368474
"G[0,1](Platelets <= 174.101 | DBP >= 0.000)
",9999999.000,9999999.000,0.000,1.000,0.000,9,0,1,0,9,1,10,0,1.0,0.0,1.0,0.9,0.9473684210526315,0.052631578947368474
"G[0,1]((Hgb <= 2.769 & Temp <= 22.629) -> Resp <= 26.921)
",9999999.000,9999999.000,0.000,1.000,0.000,9,0,1,0,9,1,10,0,1.0,0.0,1.0,0.9,0.9473684210526315,0.052631578947368474
"G[0,1](((Chloride <= 13.605 | pH <= 2.653) | Calcium >= 0.203) | Hct >= 0.316)
",9999999.000,9999999.000,0.000,1.000,0.000,9,0,1,0,9,1,10,0,1.0,0.0,1.0,0.9,0.9473684210526315,0.052631578947368474
"G[0,1]((PaCO2 <= 32.699 & Lactate <= 0.500) | SBP <= 1.149)
",9999999.000,9999999.000,0.000,1.000,0.000,9,0,1,0,9,1,10,0,1.0,0.0,1.0,0.9,0.9473684210526315,0.052631578947368474
"G[0,1]((Creatinine <= 0.305 -> Hct <= 20.880) | HCO3 <= 21.084)
",9999999.000,9999999.000,0.000,1.000,0.000,9,0,1,0,9,1,10,0,1.0,0.0,1.0,0.9,0.9473684210526315,0.052631578947368474
"G[0,1](((MAP <= 60.546 -> SaO2 >= 0.000) & Fibrinogen >= 0.000) | FiO2 >= 0.000)
",9999999.000,9999999.000,0.000,1.000,0.000,9,0,1,0,9,1,10,0,1.0,0.0,1.0,0.9,0.9473684210526315,0.052631578947368474
"G[0,1]((Creatinine >= 0.027 -> Temp <= 35.552) | BaseExcess >= 0.885)
",9999999.000,9999999.000,0.000,1.000,0.000,9,0,1,0,9,1,10,0,1.0,0.0,1.0,0.9,0.9473684210526315,0.052631578947368474
"G[0,1]((Phosphate >= 0.240 | Temp <= 15.556) | TroponinI <= 14.663)
",9999999.000,9999999.000,0.000,1.000,0.000,9,0,1,0,9,1,10,0,1.0,0.0,1.0,0.9,0.9473684210526315,0.052631578947368474
"G[1,1]((HR <= 80.129 | PaCO2 <= 40.677) & SepsisLabel <= 35.513)
",35.513,35.513,0.000,1.000,0.000,9,0,1,0,9,1,10,0,1.0,0.0,1.0,0.9,0.9473684210526315,0.052631578947368474
"G[0,1](Alkalinephos <= 28.340 | SepsisLabel <= 0.000)
",9999999.000,9999999.000,0.000,1.000,0.000,9,0,1,0,9,1,10,0,1.0,0.0,1.0,0.9,0.9473684210526315,0.052631578947368474
"G[0,1](AST <= 796.859 | Bilirubin_direct >= 0.000)
",9999999.000,9999999.000,0.000,1.000,0.000,9,0,1,0,9,1,10,0,1.0,0.0,1.0,0.9,0.9473684210526315,0.052631578947368474
"G[0,1](((Alkalinephos >= 3.093 & PTT >= 1.204) -> DBP >= 1.711) | Phosphate <= 23.643)
",9999999.000,9999999.000,0.000,1.000,0.000,9,0,1,0,9,1,10,0,1.0,0.0,1.0,0.9,0.9473684210526315,0.052631578947368474
"G[1,1]((FiO2 >= 0.000 & BUN >= 0.496) -> SepsisLabel <= 8.406)
",-8.406,-8.406,0.000,1.000,0.000,9,0,1,0,9,1,10,0,1.0,0.0,1.0,0.9,0.9473684210526315,0.052631578947368474
"G[0,1](Calcium >= 0.144 -> HR <= 83.652)
",9999999.000,9999999.000,0.000,1.000,0.000,9,0,1,0,9,1,10,0,1.0,0.0,1.0,0.9,0.9473684210526315,0.052631578947368474
"G[0,1](((Creatinine >= 0.016 & SaO2 <= 0.000) -> Resp >= 0.000) -> PTT >= 0.000)
",9999999.000,9999999.000,0.000,1.000,0.000,9,0,1,0,9,1,10,0,1.0,0.0,1.0,0.9,0.9473684210526315,0.052631578947368474
"G[0,1]((Hgb <= 9.669 -> O2Sat >= 21.547) | Potassium <= 59.666)
",9999999.000,9999999.000,0.000,1.000,0.000,9,0,1,0,9,1,10,0,1.0,0.0,1.0,0.9,0.9473684210526315,0.052631578947368474
"G[0,1]((Glucose <= 7.188 -> TroponinI >= 0.000) -> PTT >= 0.000)
",9999999.000,9999999.000,0.000,1.000,0.000,9,0,1,0,9,1,10,0,1.0,0.0,1.0,0.9,0.9473684210526315,0.052631578947368474
"G[0,1]((Calcium <= 8.270 -> Bilirubin_total <= 3.541) | WBC >= 0.171)
",9999999.000,9999999.000,0.000,1.000,0.000,9,0,1,0,9,1,10,0,1.0,0.0,1.0,0.9,0.9473684210526315,0.052631578947368474
"G[1,1]((Creatinine <= 0.675 | Resp <= 20.563) | O2Sat <= 19.450)
",20.563,20.563,0.000,1.000,0.000,8,0,1,1,9,1,9,1,0.8888888888888888,0.0,1.0,0.8888888888888888,0.8421052631578947,0.1578947368421053
"G[0,1](pH <= 4.504 | Temp <= 35.430)
",9999999.000,9999999.000,0.000,1.000,0.000,8,0,1,1,9,1,9,1,0.8888888888888888,0.0,1.0,0.8888888888888888,0.8421052631578947,0.1578947368421053
"G[0,1](EtCO2 >= 0.000 -> AST <= 337.535)
",9999999.000,9999999.000,0.000,1.000,0.000,8,0,1,1,9,1,9,1,0.8888888888888888,0.0,1.0,0.8888888888888888,0.8421052631578947,0.1578947368421053
"G[0,1](((FiO2 >= 0.000 & FiO2 >= 0.000) | pH <= 0.000) -> WBC <= 0.000)
",9999999.000,9999999.000,0.000,1.000,0.000,8,0,1,1,9,1,9,1,0.8888888888888888,0.0,1.0,0.8888888888888888,0.8421052631578947,0.1578947368421053
"G[0,1](AST <= 429.977 | PaCO2 >= 0.634)
",9999999.000,9999999.000,0.000,1.000,0.000,8,0,1,1,9,1,9,1,0.8888888888888888,0.0,1.0,0.8888888888888888,0.8421052631578947,0.1578947368421053
"G[0,1](Phosphate >= 0.060 -> Magnesium <= 1.039)
",9999999.000,9999999.000,0.000,1.000,0.000,8,0,1,1,9,1,9,1,0.8888888888888888,0.0,1.0,0.8888888888888888,0.8421052631578947,0.1578947368421053
"G[0,1]((pH >= 0.381 & Resp <= 16.342) | Alkalinephos <= 21.257)
",9999999.000,9999999.000,0.000,1.000,0.000,8,0,1,1,9,1,9,1,0.8888888888888888,0.0,1.0,0.8888888888888888,0.8421052631578947,0.1578947368421053
"G[1,1](((Temp <= 22.384 | Potassium >= 0.162) -> BaseExcess <= 0.786) & Bilirubin_total <= 0.396)
",-22.384,-22.384,0.000,1.000,0.000,8,0,1,1,9,1,9,1,0.8888888888888888,0.0,1.0,0.8888888888888888,0.8421052631578947,0.1578947368421053
"G[0,1](Glucose <= 16.749 & TroponinI >= 0.000)
",9999999.000,9999999.000,0.000,1.000,0.000,8,0,1,1,9,1,9,1,0.8888888888888888,0.0,1.0,0.8888888888888888,0.8421052631578947,0.1578947368421053
"G[0,1](((Creatinine <= 0.461 | SepsisLabel <= 0.000) & Resp >= 0.000) -> Alkalinephos <= 0.000)
",9999999.000,9999999.000,0.000,1.000,0.000,8,0,1,1,9,1,9,1,0.8888888888888888,0.0,1.0,0.8888888888888888,0.8421052631578947,0.1578947368421053
"G[0,1](Fibrinogen >= 4.513 | MAP <= 89.708)
",9999999.000,9999999.000,0.000,1.000,0.000,7,0,1,2,9,1,8,2,0.7777777777777778,0.0,1.0,0.875,0.7368421052631579,0.26315789473684215
"G[0,0](HCO3 >= 0.022 | MAP >= 8.378)
",1.433,60.296,0.000,1.000,0.000,6,0,0,4,10,0,6,4,0.6,0.0,0.0,1.0,0.631578947368421,0.368421052631579
"G[0,1]((BaseExcess <= 1.511 & MAP <= 59.674) -> AST >= 0.004)
",9999999.000,9999999.000,0.000,1.000,0.000,5,0,0,5,10,0,5,5,0.5,0.0,0.0,1.0,0.5263157894736842,0.4736842105263158
"G[0,1]((BUN >= 0.105 | O2Sat >= 19.310) | TroponinI >= 24.375)
",9999999.000,9999999.000,0.000,1.000,0.000,3,0,0,7,10,0,3,7,0.3,0.0,0.0,1.0,0.3157894736842105,0.6842105263157895
"G[1,1](((Magnesium >= 0.075 | SBP >= 0.522) | WBC >= 5.930) & SBP <= 98.176)
",-0.075,-0.075,0.000,1.000,0.000,3,0,1,6,9,1,4,6,0.3333333333333333,0.0,1.0,0.75,0.3157894736842105,0.6842105263157895
"G[0,1](((AST >= 57.763 | MAP >= 38.037) -> Bilirubin_direct >= 14.073) & Platelets <= 62.339)
",9999999.000,9999999.000,0.000,1.000,0.000,2,0,1,7,9,1,3,7,0.2222222222222222,0.0,1.0,0.6666666666666666,0.21052631578947367,0.7894736842105263
"G[0,1](Bilirubin_total >= 0.008 | MAP <= 48.071)
",9999999.000,9999999.000,0.000,1.000,0.000,2,0,1,7,9,1,3,7,0.2222222222222222,0.0,1.0,0.6666666666666666,0.21052631578947367,0.7894736842105263
"G[0,1](((O2Sat >= 23.766 & pH <= 7.344) -> Hgb >= 0.316) -> PaCO2 >= 0.220)
",9999999.000,9999999.000,0.000,1.000,0.000,2,0,0,8,10,0,2,8,0.2,0.0,0.0,1.0,0.21052631578947367,0.7894736842105263
"G[1,1](((Hgb <= 8.500 | Hct <= 32.678) -> WBC >= 0.207) & Platelets >= 8.422)
",-32.678,-32.678,0.000,1.000,0.000,1,0,1,8,9,1,2,8,0.1111111111111111,0.0,1.0,0.5,0.10526315789473684,0.8947368421052632
"G[1,1](Platelets >= 5.041 & Bilirubin_total >= 0.010)
",-5.041,-5.041,0.000,1.000,0.000,1,0,1,8,9,1,2,8,0.1111111111111111,0.0,1.0,0.5,0.10526315789473684,0.8947368421052632
"G[1,1]((HCO3 >= 0.116 | Calcium <= 5.418) & HCO3 >= 0.033)
",-0.033,-0.033,0.000,1.000,0.000,1,0,1,8,9,1,2,8,0.1111111111111111,0.0,1.0,0.5,0.10526315789473684,0.8947368421052632
"G[1,1](Chloride >= 0.291 & HCO3 >= 0.525)
",-0.525,-0.525,0.000,1.000,0.000,1,0,1,8,9,1,2,8,0.1111111111111111,0.0,1.0,0.5,0.10526315789473684,0.8947368421052632
"G[1,1](Platelets <= 116.783 -> WBC >= 0.132)
",-116.783,-116.783,0.000,1.000,0.000,1,0,1,8,9,1,2,8,0.1111111111111111,0.0,1.0,0.5,0.10526315789473684,0.8947368421052632
"G[2,2](((Bilirubin_total <= 1.599 -> Hct >= 1.781) -> Phosphate >= 1.494) | HCO3 <= 30.348)
",30.348,30.348,0.000,1.000,0.000,0,0,10,0,0,10,10,0,0.0,0.0,1.0,0.0,0.0,1.0
"G[1,2](pH >= 0.195 | SepsisLabel >= 0.000)
",9999999.000,9999999.000,0.000,1.000,0.000,0,0,10,0,0,10,10,0,0.0,0.0,1.0,0.0,0.0,1.0
"G[1,2](Resp >= 12.163 & Fibrinogen >= 1.319)
",9999999.000,9999999.000,0.000,1.000,0.000,0,0,2,8,8,2,2,8,0.0,0.0,1.0,0.0,0.0,1.0
"G[1,2](((HR >= 9.046 & pH <= 3.508) -> SBP <= 1.877) | O2Sat <= 3.424)
",9999999.000,9999999.000,0.000,1.000,0.000,0,0,6,4,4,6,6,4,0.0,0.0,1.0,0.0,0.0,1.0
"G[0,2]((Bilirubin_direct <= 0.000 & Glucose <= 13.868) -> SBP <= 51.940)
",9999999.000,9999999.000,0.000,1.000,0.000,0,0,2,8,8,2,2,8,0.0,0.0,1.0,0.0,0.0,1.0
"G[1,2]((PTT >= 0.158 & SepsisLabel >= 0.000) | Fibrinogen >= 0.000)
",9999999.000,9999999.000,0.000,1.000,0.000,0,0,10,0,0,10,10,0,0.0,0.0,1.0,0.0,0.0,1.0
"G[0,2](((AST >= 33.413 -> PaCO2 >= 1.732) & Phosphate >= 2.081) & Hct <= 28.422)
",9999999.000,9999999.000,0.000,1.000,0.000,0,0,0,10,10,0,0,10,0.0,0.0,0.0,0.0,0.0,1.0
"G[0,2](((PTT <= 22.574 -> FiO2 <= 0.000) -> WBC >= 0.000) & Hct >= 0.000)
",9999999.000,9999999.000,0.000,1.000,0.000,0,0,10,0,0,10,10,0,0.0,0.0,1.0,0.0,0.0,1.0
"G[1,2](EtCO2 <= 0.000 | PTT <= 2.801)
",9999999.000,9999999.000,0.000,1.000,0.000,0,0,10,0,0,10,10,0,0.0,0.0,1.0,0.0,0.0,1.0
"G[0,2]((TroponinI >= 0.000 & Bilirubin_direct >= 0.000) | Creatinine >= 0.000)
",9999999.000,9999999.000,0.000,1.000,0.000,0,0,10,0,0,10,10,0,0.0,0.0,1.0,0.0,0.0,1.0
"G[0,2](((DBP <= 0.000 | Fibrinogen >= 6.153) -> Bilirubin_total <= 144.118) & DBP <= 40.167)
",9999999.000,9999999.000,0.000,1.000,0.000,0,0,10,0,0,10,10,0,0.0,0.0,1.0,0.0,0.0,1.0
"G[0,2](((Temp >= 3.085 & Bilirubin_total >= 0.100) -> Fibrinogen <= 1.587) -> BaseExcess <= 2.148)
",9999999.000,9999999.000,0.000,1.000,0.000,0,0,9,1,1,9,9,1,0.0,0.0,1.0,0.0,0.0,1.0
"G[1,2]((Potassium >= 0.071 -> Magnesium >= 0.079) -> Magnesium <= 1.491)
",9999999.000,9999999.000,0.000,1.000,0.000,0,0,9,1,1,9,9,1,0.0,0.0,1.0,0.0,0.0,1.0
"G[2,2]((Magnesium <= 0.278 & PaCO2 >= 0.326) | SBP >= 0.186)
",-0.186,-0.186,0.000,1.000,0.000,0,0,10,0,0,10,10,0,0.0,0.0,1.0,0.0,0.0,1.0
"G[0,2](Chloride <= 101.802 -> PTT >= 1.444)
",9999999.000,9999999.000,0.000,1.000,0.000,0,0,0,10,10,0,0,10,0.0,0.0,0.0,0.0,0.0,1.0
"G[2,2](MAP >= 34.773 | Potassium >= 0.182)
",-0.182,-0.182,0.000,1.000,0.000,0,0,10,0,0,10,10,0,0.0,0.0,1.0,0.0,0.0,1.0
"G[1,2](((PaCO2 >= 0.656 | EtCO2 >= 0.000) -> SepsisLabel <= 0.000) -> Platelets >= 0.000)
",9999999.000,9999999.000,0.000,1.000,0.000,0,0,10,0,0,10,10,0,0.0,0.0,1.0,0.0,0.0,1.0
"G[0,1]((Phosphate >= 0.074 & Creatinine <= 0.317) & AST <= 0.137)
",9999999.000,9999999.000,0.000,1.000,0.000,0,0,0,10,10,0,0,10,0.0,0.0,0.0,0.0,0.0,1.0
"G[0,2](((Hct <= 23.430 -> Platelets >= 8.409) & O2Sat <= 149.557) -> Lactate >= 2.375)
",9999999.000,9999999.000,0.000,1.000,0.000,0,0,9,1,1,9,9,1,0.0,0.0,1.0,0.0,0.0,1.0
"G[1,2](((Resp <= 18.514 | HCO3 >= 1.178) | HR <= 8.058) -> TroponinI >= 0.775)
",9999999.000,9999999.000,0.000,1.000,0.000,0,0,4,6,6,4,4,6,0.0,0.0,1.0,0.0,0.0,1.0
"G[1,2](((PTT <= 11.357 & Fibrinogen >= 2.564) & Resp <= 106.962) | SaO2 <= 50.135)
",9999999.000,9999999.000,0.000,1.000,0.000,0,0,10,0,0,10,10,0,0.0,0.0,1.0,0.0,0.0,1.0
"G[0,2]((FiO2 <= 0.000 -> Chloride <= 44.137) & Bilirubin_direct <= 31.881)
",9999999.000,9999999.000,0.000,1.000,0.000,0,0,9,1,1,9,9,1,0.0,0.0,1.0,0.0,0.0,1.0
"G[0,2]((Creatinine >= 0.001 & Resp >= 7.774) -> SaO2 <= 18.875)
",9999999.000,9999999.000,0.000,1.000,0.000,0,0,10,0,0,10,10,0,0.0,0.0,1.0,0.0,0.0,1.0
"G[0,2]((SepsisLabel <= 0.000 | Resp <= 21.839) & Lactate >= 5.247)
",9999999.000,9999999.000,0.000,1.000,0.000,0,0,0,10,10,0,0,10,0.0,0.0,0.0,0.0,0.0,1.0
"G[0,2](Resp <= 18.931 | PTT >= 0.585)
",9999999.000,9999999.000,0.000,1.000,0.000,0,0,4,6,6,4,4,6,0.0,0.0,1.0,0.0,0.0,1.0
"G[0,1](Chloride >= 4.969 & Alkalinephos <= 226.843)
",9999999.000,9999999.000,0.000,1.000,0.000,0,0,0,10,10,0,0,10,0.0,0.0,0.0,0.0,0.0,1.0
"G[2,2](((O2Sat <= 57.045 & pH >= 0.279) | BaseExcess <= 2.313) -> Potassium <= 2.190)
",-2.313,-2.313,0.000,1.000,0.000,0,0,10,0,0,10,10,0,0.0,0.0,1.0,0.0,0.0,1.0
"G[0,1]((Hct <= 3.750 -> Calcium <= 1.393) & Fibrinogen >= 0.359)
",9999999.000,9999999.000,0.000,1.000,0.000,0,0,0,10,10,0,0,10,0.0,0.0,0.0,0.0,0.0,1.0
"G[1,2](((Bilirubin_direct <= 0.000 & DBP >= 0.000) -> Resp >= 0.000) | EtCO2 <= 0.000)
",9999999.000,9999999.000,0.000,1.000,0.000,0,0,10,0,0,10,10,0,0.0,0.0,1.0,0.0,0.0,1.0
"G[0,2](((O2Sat <= 96.903 -> FiO2 >= 0.000) -> Bilirubin_total >= 0.000) -> PaCO2 <= 0.000)
",9999999.000,9999999.000,0.000,1.000,0.000,0,0,9,1,1,9,9,1,0.0,0.0,1.0,0.0,0.0,1.0
"G[0,2]((BaseExcess <= 3.056 | Resp <= 18.115) -> Magnesium >= 12.835)
",9999999.000,9999999.000,0.000,1.000,0.000,0,0,0,10,10,0,0,10,0.0,0.0,0.0,0.0,0.0,1.0
"G[0,2](BUN >= 0.048 | Magnesium <= 0.430)
",9999999.000,9999999.000,0.000,1.000,0.000,0,0,10,0,0,10,10,0,0.0,0.0,1.0,0.0,0.0,1.0
"G[0,1]((PaCO2 <= 39.901 | Potassium <= 3.237) -> SepsisLabel >= 0.185)
",9999999.000,9999999.000,0.000,1.000,0.000,0,0,0,10,10,0,0,10,0.0,0.0,0.0,0.0,0.0,1.0
"G[0,2](((Hgb >= 0.220 | Temp >= 3.531) -> EtCO2 <= 35.798) -> Potassium <= 36.313)
",9999999.000,9999999.000,0.000,1.000,0.000,0,0,10,0,0,10,10,0,0.0,0.0,1.0,0.0,0.0,1.0
"G[0,2](DBP >= 0.000 -> HR <= 80.914)
",9999999.000,9999999.000,0.000,1.000,0.000,0,0,5,5,5,5,5,5,0.0,0.0,1.0,0.0,0.0,1.0
"G[0,2]((SBP <= 115.673 -> Potassium >= 0.018) | Phosphate <= 3.351)
",9999999.000,9999999.000,0.000,1.000,0.000,0,0,10,0,0,10,10,0,0.0,0.0,1.0,0.0,0.0,1.0
"G[2,2](((Bilirubin_total <= 5.236 | O2Sat >= 6.171) & Chloride >= 23.543) -> Magnesium >= 10.462)
",10.462,10.462,0.000,1.000,0.000,0,0,10,0,0,10,10,0,0.0,0.0,1.0,0.0,0.0,1.0
"G[2,2](((Alkalinephos >= 2.701 | Potassium <= 2.319) -> Platelets <= 2.162) & Calcium <= 0.980)
",-2.319,-2.319,0.000,1.000,0.000,0,0,10,0,0,10,10,0,0.0,0.0,1.0,0.0,0.0,1.0
"G[2,2](((Resp >= 15.776 -> O2Sat <= 73.018) | BaseExcess <= 64.327) -> TroponinI <= 74.318)
",-74.318,-74.318,0.000,1.000,0.000,0,0,10,0,0,10,10,0,0.0,0.0,1.0,0.0,0.0,1.0
"G[1,2]((Hct <= 35.718 -> FiO2 <= 0.000) & SepsisLabel >= 0.000)
",9999999.000,9999999.000,0.000,1.000,0.000,0,0,10,0,0,10,10,0,0.0,0.0,1.0,0.0,0.0,1.0
"G[1,2]((Alkalinephos <= 138.927 & BaseExcess >= 0.079) | BUN >= 0.131)
",9999999.000,9999999.000,0.000,1.000,0.000,0,0,2,8,8,2,2,8,0.0,0.0,1.0,0.0,0.0,1.0
"G[1,2]((Temp >= 9.206 -> MAP >= 31.486) -> Resp <= 87.035)
",9999999.000,9999999.000,0.000,1.000,0.000,0,0,10,0,0,10,10,0,0.0,0.0,1.0,0.0,0.0,1.0
"G[0,2](((Alkalinephos <= 118.973 | Creatinine <= 0.344) | pH <= 0.533) & HCO3 <= 0.312)
",9999999.000,9999999.000,0.000,1.000,0.000,0,0,9,1,1,9,9,1,0.0,0.0,1.0,0.0,0.0,1.0
"G[1,2]((Bilirubin_total <= 1.628 -> Resp >= 10.645) & Glucose >= 10.921)
",9999999.000,9999999.000,0.000,1.000,0.000,0,0,2,8,8,2,2,8,0.0,0.0,1.0,0.0,0.0,1.0
"G[1,2]((PaCO2 <= 41.013 -> Bilirubin_direct >= 0.000) & Potassium >= 0.000)
",9999999.000,9999999.000,0.000,1.000,0.000,0,0,10,0,0,10,10,0,0.0,0.0,1.0,0.0,0.0,1.0
"G[0,2](TroponinI >= 0.000 | BaseExcess <= 0.269)
",9999999.000,9999999.000,0.000,1.000,0.000,0,0,10,0,0,10,10,0,0.0,0.0,1.0,0.0,0.0,1.0
"G[1,2](Fibrinogen <= 80.752 & Hct <= 3.696)
",9999999.000,9999999.000,0.000,1.000,0.000,0,0,9,1,1,9,9,1,0.0,0.0,1.0,0.0,0.0,1.0
"G[2,2](((Bilirubin_total >= 0.065 & Resp >= 2.451) -> SepsisLabel >= 8.317) | HCO3 >= 12.405)
",2.451,2.451,0.000,1.000,0.000,0,0,10,0,0,10,10,0,0.0,0.0,1.0,0.0,0.0,1.0
"G[2,2](((Hgb >= 0.532 -> PTT <= 21.597) & Hct >= 1.500) & PaCO2 >= 1.098)
",-21.597,-21.597,0.000,1.000,0.000,0,0,10,0,0,10,10,0,0.0,0.0,1.0,0.0,0.0,1.0
"G[0,1](((SepsisLabel <= 0.000 & Bilirubin_total <= 6.159) | DBP >= 0.308) -> EtCO2 >= 0.193)
",9999999.000,9999999.000,0.000,1.000,0.000,0,0,0,10,10,0,0,10,0.0,0.0,0.0,0.0,0.0,1.0
"G[1,2](((SBP <= 84.309 -> Lactate >= 0.038) & BaseExcess >= 0.009) | Phosphate <= 0.241)
",9999999.000,9999999.000,0.000,1.000,0.000,0,0,9,1,1,9,9,1,0.0,0.0,1.0,0.0,0.0,1.0
"G[0,2](((EtCO2 <= 0.000 | TroponinI <= 0.000) -> Potassium <= 0.000) & WBC >= 0.000)
",9999999.000,9999999.000,0.000,1.000,0.000,0,0,9,1,1,9,9,1,0.0,0.0,1.0,0.0,0.0,1.0
"G[0,0](Chloride <= 93.212 -> Potassium >= 0.060)
",-32.240,-92.200,0.000,1.000,0.000,0,0,0,10,10,0,0,10,0.0,0.0,0.0,0.0,0.0,1.0
"G[1,2](BaseExcess >= 0.178 & Chloride >= 0.272)
",9999999.000,9999999.000,0.000,1.000,0.000,0,0,1,9,9,1,1,9,0.0,0.0,1.0,0.0,0.0,1.0
"G[2,2](Lactate >= 0.020 -> Bilirubin_direct <= 0.000)
",0.000,0.000,0.000,1.000,0.000,0,0,10,0,0,10,10,0,0.0,0.0,1.0,0.0,0.0,1.0
"G[1,2](((Bilirubin_direct <= 0.000 & Creatinine >= 0.035) | HCO3 <= 0.333) -> Bilirubin_total <= 0.630)
",9999999.000,9999999.000,0.000,1.000,0.000,0,0,9,1,1,9,9,1,0.0,0.0,1.0,0.0,0.0,1.0
"G[0,2](((TroponinI <= 0.000 | Bilirubin_direct >= 0.000) -> Temp >= 0.000) -> DBP <= 0.000)
",9999999.000,9999999.000,0.000,1.000,0.000,0,0,10,0,0,10,10,0,0.0,0.0,1.0,0.0,0.0,1.0
"G[1,2]((Creatinine >= 0.026 | EtCO2 <= 0.000) | TroponinI >= 0.000)
",9999999.000,9999999.000,0.000,1.000,0.000,0,0,10,0,0,10,10,0,0.0,0.0,1.0,0.0,0.0,1.0
"G[2,2]((Bilirubin_total >= 0.169 | pH <= 0.749) & pH <= 6.014)
",0.749,0.749,0.000,1.000,0.000,0,0,10,0,0,10,10,0,0.0,0.0,1.0,0.0,0.0,1.0
"G[0,1](((Hgb <= 5.383 | Bilirubin_total >= 0.406) -> Chloride <= 6.621) -> PTT >= 0.314)
",9999999.000,9999999.000,0.000,1.000,0.000,0,0,0,10,10,0,0,10,0.0,0.0,0.0,0.0,0.0,1.0
"G[0,2](((Potassium <= 2.100 & PTT >= 1.199) & pH <= 13.159) | AST >= 0.664)
",9999999.000,9999999.000,0.000,1.000,0.000,0,0,0,10,10,0,0,10,0.0,0.0,0.0,0.0,0.0,1.0
"G[1,2]((Creatinine >= 0.001 & BaseExcess <= 2.679) -> BaseExcess <= 1.681)
",9999999.000,9999999.000,0.000,1.000,0.000,0,0,10,0,0,10,10,0,0.0,0.0,1.0,0.0,0.0,1.0
"G[1,2](((FiO2 >= 0.000 & Platelets >= 3.517) -> O2Sat >= 7.840) | WBC >= 11.421)
",9999999.000,9999999.000,0.000,1.000,0.000,0,0,10,0,0,10,10,0,0.0,0.0,1.0,0.0,0.0,1.0
"G[0,2](AST >= 35.134 & Creatinine <= 0.097)
",9999999.000,9999999.000,0.000,1.000,0.000,0,0,0,10,10,0,0,10,0.0,0.0,0.0,0.0,0.0,1.0
"G[1,2](TroponinI <= 0.000 & PTT >= 1.287)
",9999999.000,9999999.000,0.000,1.000,0.000,0,0,2,8,8,2,2,8,0.0,0.0,1.0,0.0,0.0,1.0
"G[0,0](((Bilirubin_direct <= 0.000 | BUN <= 4.302) & Potassium <= 2.700) -> Magnesium >= 0.098)
",-2.717,-2.389,0.000,1.000,0.000,0,0,0,10,10,0,0,10,0.0,0.0,0.0,0.0,0.0,1.0
"G[0,2]((DBP <= 0.000 -> Chloride <= 41.562) | Calcium <= 23.317)
",9999999.000,9999999.000,0.000,1.000,0.000,0,0,10,0,0,10,10,0,0.0,0.0,1.0,0.0,0.0,1.0
"G[2,2]((SaO2 <= 0.000 -> WBC <= 0.608) -> SaO2 >= 0.022)
",0.022,0.022,0.000,1.000,0.000,0,0,10,0,0,10,10,0,0.0,0.0,1.0,0.0,0.0,1.0
"G[0,2]((PTT >= 0.958 -> WBC >= 0.270) & BUN >= 0.238)
",9999999.000,9999999.000,0.000,1.000,0.000,0,0,0,10,10,0,0,10,0.0,0.0,0.0,0.0,0.0,1.0
"G[0,0]((O2Sat <= 50.731 | WBC >= 0.184) & Bilirubin_direct >= 0.264)
",-0.845,-0.186,0.000,1.000,0.000,0,0,0,10,10,0,0,10,0.0,0.0,0.0,0.0,0.0,1.0
"G[1,2](((Magnesium <= 0.694 & SepsisLabel >= 0.000) & SBP >= 0.000) | BaseExcess >= 0.000)
",9999999.000,9999999.000,0.000,1.000,0.000,0,0,10,0,0,10,10,0,0.0,0.0,1.0,0.0,0.0,1.0
"G[1,2]((Creatinine <= 0.639 -> SBP <= 114.508) -> Temp >= 15.055)
",9999999.000,9999999.000,0.000,1.000,0.000,0,0,3,7,7,3,3,7,0.0,0.0,1.0,0.0,0.0,1.0
"G[0,2]((Creatinine >= 0.021 & Lactate <= 0.492) -> FiO2 >= 0.041)
",9999999.000,9999999.000,0.000,1.000,0.000,0,0,9,1,1,9,9,1,0.0,0.0,1.0,0.0,0.0,1.0
"G[1,2](((Alkalinephos >= 6.654 -> Potassium >= 0.094) | Platelets >= 0.035) | Magnesium <= 2.371)
",9999999.000,9999999.000,0.000,1.000,0.000,0,0,10,0,0,10,10,0,0.0,0.0,1.0,0.0,0.0,1.0
"G[0,2](((Phosphate >= 0.038 | Calcium <= 5.844) & Hct >= 0.045) -> Bilirubin_total <= 1.857)
",9999999.000,9999999.000,0.000,1.000,0.000,0,0,9,1,1,9,9,1,0.0,0.0,1.0,0.0,0.0,1.0
"G[0,2]((Alkalinephos <= 45.012 & Temp >= 0.262) | AST <= 11.336)
",9999999.000,9999999.000,0.000,1.000,0.000,0,0,9,1,1,9,9,1,0.0,0.0,1.0,0.0,0.0,1.0
"G[1,1](((O2Sat >= 37.506 & Magnesium >= 0.013) -> BUN >= 0.052) -> Temp >= 0.070)
",-0.052,-0.052,0.000,1.000,0.000,0,0,1,9,9,1,1,9,0.0,0.0,1.0,0.0,0.0,1.0
"G[0,2]((Hct <= 36.545 -> DBP <= 0.000) & SaO2 >= 0.000)
",9999999.000,9999999.000,0.000,1.000,0.000,0,0,10,0,0,10,10,0,0.0,0.0,1.0,0.0,0.0,1.0
"G[0,2]((WBC <= 3.000 | Chloride <= 33.437) -> HR >= 4.607)
",9999999.000,9999999.000,0.000,1.000,0.000,0,0,9,1,1,9,9,1,0.0,0.0,1.0,0.0,0.0,1.0
"G[0,2]((FiO2 >= 0.000 & Resp <= 18.643) -> DBP >= 9.311)
",9999999.000,9999999.000,0.000,1.000,0.000,0,0,4,6,6,4,4,6,0.0,0.0,1.0,0.0,0.0,1.0
"G[1,2](((TroponinI <= 0.000 & EtCO2 >= 0.000) | Phosphate >= 0.000) | Bilirubin_direct <= 0.000)
",9999999.000,9999999.000,0.000,1.000,0.000,0,0,10,0,0,10,10,0,0.0,0.0,1.0,0.0,0.0,1.0
"G[2,2](((AST >= 1.788 -> PTT >= 0.400) | SBP <= 23.631) | PaCO2 >= 1.493)
",23.631,23.631,0.000,1.000,0.000,0,0,10,0,0,10,10,0,0.0,0.0,1.0,0.0,0.0,1.0
"G[0,1](((SBP >= 15.287 -> Phosphate <= 4.590) -> TroponinI <= 3.618) -> SepsisLabel >= 0.204)
",9999999.000,9999999.000,0.000,1.000,0.000,0,0,0,10,10,0,0,10,0.0,0.0,0.0,0.0,0.0,1.0
"G[0,2](((FiO2 <= 0.000 | pH <= 6.467) & FiO2 >= 0.289) | SBP >= 0.159)
",9999999.000,9999999.000,0.000,1.000,0.000,0,0,6,4,4,6,6,4,0.0,0.0,1.0,0.0,0.0,1.0
"G[1,1]((HR <= 71.554 | Potassium >= 0.120) & SepsisLabel >= 0.050)
",-0.050,-0.050,0.000,1.000,0.000,0,0,1,9,9,1,1,9,0.0,0.0,1.0,0.0,0.0,1.0
"G[1,2](((Alkalinephos >= 6.418 & PTT <= 11.349) | PaCO2 >= 0.523) -> Magnesium <= 32.291)
",9999999.000,9999999.000,0.000,1.000,0.000,0,0,10,0,0,10,10,0,0.0,0.0,1.0,0.0,0.0,1.0
"G[1,2](((TroponinI <= 0.000 | BUN >= 0.043) | Alkalinephos <= 4.258) & Resp <= 2.370)
",9999999.000,9999999.000,0.000,1.000,0.000,0,0,2,8,8,2,2,8,0.0,0.0,1.0,0.0,0.0,1.0
"G[0,2](Chloride >= 5.093 & HCO3 >= 0.058)
",9999999.000,9999999.000,0.000,1.000,0.000,0,0,0,10,10,0,0,10,0.0,0.0,0.0,0.0,0.0,1.0
"G[0,0](((BUN <= 9.247 -> pH <= 0.798) | DBP >= 0.030) & Hct >= 0.156)
",-0.156,-0.156,0.000,1.000,0.000,0,0,0,10,10,0,0,10,0.0,0.0,0.0,0.0,0.0,1.0
"G[2,2](((AST <= 526.962 | SaO2 >= 0.000) | Resp >= 0.000) -> Phosphate >= 0.000)
",-526.962,-526.962,0.000,1.000,0.000,0,0,10,0,0,10,10,0,0.0,0.0,1.0,0.0,0.0,1.0
"G[0,2](BUN <= 8.128 & Creatinine >= 0.025)
",9999999.000,9999999.000,0.000,1.000,0.000,0,0,0,10,10,0,0,10,0.0,0.0,0.0,0.0,0.0,1.0
"G[1,2](Chloride >= 0.680 & HCO3 >= 0.709)
",9999999.000,9999999.000,0.000,1.000,0.000,0,0,2,8,8,2,2,8,0.0,0.0,1.0,0.0,0.0,1.0
"G[0,0](Platelets <= 179.951 -> WBC >= 0.119)
",-3.596,-163.843,0.000,1.000,0.000,0,0,0,10,10,0,0,10,0.0,0.0,0.0,0.0,0.0,1.0
"G[0,2](((Hgb <= 11.915 | Hct <= 19.295) -> WBC >= 0.247) & Platelets >= 7.685)
",9999999.000,9999999.000,0.000,1.000,0.000,0,0,0,10,10,0,0,10,0.0,0.0,0.0,0.0,0.0,1.0
"G[1,2](BUN <= 6.547 & Creatinine >= 0.017)
",9999999.000,9999999.000,0.000,1.000,0.000,0,0,1,9,9,1,1,9,0.0,0.0,1.0,0.0,0.0,1.0
"G[0,2](Glucose >= 3.704 & SepsisLabel = 0.000)
",9999999.000,9999999.000,0.000,1.000,0.000,0,0,0,10,10,0,0,10,0.0,0.0,0.0,0.0,0.0,1.0
"G[1,2](Phosphate <= 0.959 & SepsisLabel = 0.000)
",9999999.000,9999999.000,0.000,1.000,0.000,0,0,9,1,1,9,9,1,0.0,0.0,1.0,0.0,0.0,1.0
"G[1,2](Alkalinephos <= 197.143 & SepsisLabel = 0.000)
",9999999.000,9999999.000,0.000,1.000,0.000,0,0,9,1,1,9,9,1,0.0,0.0,1.0,0.0,0.0,1.0
"G[0,2](SaO2 > 0.000 & SepsisLabel = 0.000)
",9999999.000,9999999.000,0.000,1.000,0.000,0,0,0,10,10,0,0,10,0.0,0.0,0.0,0.0,0.0,1.0
"G[2,2](Temp < 23.854 -> SepsisLabel = 0.000)
",-23.854,-23.854,0.000,1.000,0.000,0,0,10,0,0,10,10,0,0.0,0.0,1.0,0.0,0.0,1.0
"G[2,2](TroponinI <= 0.000 & SepsisLabel = 0.000)
",0.000,0.000,0.000,1.000,0.000,0,0,10,0,0,10,10,0,0.0,0.0,1.0,0.0,0.0,1.0
"G[0,2](Chloride < 54.329 & SepsisLabel = 0.000)
",9999999.000,9999999.000,0.000,1.000,0.000,0,0,9,1,1,9,9,1,0.0,0.0,1.0,0.0,0.0,1.0
"G[1,2](PTT > 1.800 & SepsisLabel = 0.000)
",9999999.000,9999999.000,0.000,1.000,0.000,0,0,2,8,8,2,2,8,0.0,0.0,1.0,0.0,0.0,1.0
"G[0,2](AST > 15.351 & SepsisLabel = 0.000)
",9999999.000,9999999.000,0.000,1.000,0.000,0,0,0,10,10,0,0,10,0.0,0.0,0.0,0.0,0.0,1.0
"G[0,1](PTT > 1.281 & SepsisLabel = 0.000)
",9999999.000,9999999.000,0.000,1.000,0.000,0,0,0,10,10,0,0,10,0.0,0.0,0.0,0.0,0.0,1.0
"G[0,2](Lactate < 0.673 -> SepsisLabel = 0.000)
",9999999.000,9999999.000,0.000,1.000,0.000,0,0,10,0,0,10,10,0,0.0,0.0,1.0,0.0,0.0,1.0
"G[2,2](HR < 75.140 & SepsisLabel = 0.000)
",0.000,0.000,0.000,1.000,0.000,0,0,10,0,0,10,10,0,0.0,0.0,1.0,0.0,0.0,1.0
"G[1,2](Hgb > 0.048 & SepsisLabel = 0.000)
",9999999.000,9999999.000,0.000,1.000,0.000,0,0,2,8,8,2,2,8,0.0,0.0,1.0,0.0,0.0,1.0
"G[1,2](FiO2 <= 0.000 & SepsisLabel = 0.000)
",9999999.000,9999999.000,0.000,1.000,0.000,0,0,10,0,0,10,10,0,0.0,0.0,1.0,0.0,0.0,1.0
"G[1,1]((BUN >= 0.253 & HCO3 <= 13.048) | SaO2 >= 0.838)
",-0.253,-0.253,0.000,1.000,0.000,0,0,1,9,9,1,1,9,0.0,0.0,1.0,0.0,0.0,1.0
"G[0,2]((Alkalinephos >= 7.461 -> Hgb <= 10.858) | Bilirubin_direct >= 0.157)
",9999999.000,9999999.000,0.000,1.000,0.000,0,0,9,1,1,9,9,1,0.0,0.0,1.0,0.0,0.0,1.0
"G[2,2]((Resp <= 21.627 -> Resp <= 19.231) | SBP <= 18.048)
",18.048,18.048,0.000,1.000,0.000,0,0,10,0,0,10,10,0,0.0,0.0,1.0,0.0,0.0,1.0
"G[1,2]((Bilirubin_total >= 0.258 -> Calcium >= 0.324) & DBP >= 0.089)
",9999999.000,9999999.000,0.000,1.000,0.000,0,0,1,9,9,1,1,9,0.0,0.0,1.0,0.0,0.0,1.0
"G[0,2]((Calcium <= 5.386 -> HCO3 >= 0.160) -> AST >= 0.576)
",9999999.000,9999999.000,0.000,1.000,0.000,0,0,10,0,0,10,10,0,0.0,0.0,1.0,0.0,0.0,1.0
"G[0,2](((MAP >= 4.737 | O2Sat >= 16.358) & BaseExcess >= 19.295) -> EtCO2 >= 6.082)
",9999999.000,9999999.000,0.000,1.000,0.000,0,0,10,0,0,10,10,0,0.0,0.0,1.0,0.0,0.0,1.0
"G[2,2]((PaCO2 >= 1.544 | Temp <= 29.471) & Chloride <= 14.737)
",14.737,14.737,0.000,1.000,0.000,0,0,10,0,0,10,10,0,0.0,0.0,1.0,0.0,0.0,1.0
"G[2,2]((BaseExcess >= 0.126 -> Temp >= 4.689) | SBP <= 13.333)
",13.333,13.333,0.000,1.000,0.000,0,0,10,0,0,10,10,0,0.0,0.0,1.0,0.0,0.0,1.0
"G[0,1](((Hgb <= 6.562 | Hct <= 19.366) -> WBC >= 0.153) & Platelets >= 1.018)
",9999999.000,9999999.000,0.000,1.000,0.000,0,0,0,10,10,0,0,10,0.0,0.0,0.0,0.0,0.0,1.0
"G[1,2](Platelets <= 81.372 -> WBC >= 0.228)
",9999999.000,9999999.000,0.000,1.000,0.000,0,0,2,8,8,2,2,8,0.0,0.0,1.0,0.0,0.0,1.0
"G[0,0](Chloride >= 0.561 & HCO3 >= 0.446)
",-15.160,-0.548,0.000,1.000,0.000,0,0,0,10,10,0,0,10,0.0,0.0,0.0,0.0,0.0,1.0
"G[0,0](((Hgb <= 1.822 | Hct <= 24.500) -> WBC >= 0.097) & Platelets >= 8.845)
",-7.776,-25.667,0.000,1.000,0.000,0,0,0,10,10,0,0,10,0.0,0.0,0.0,0.0,0.0,1.0
"G[0,2](((Hgb <= 0.822 | Hct <= 34.784) -> WBC >= 0.024) & Platelets >= 6.678)
",9999999.000,9999999.000,0.000,1.000,0.000,0,0,0,10,10,0,0,10,0.0,0.0,0.0,0.0,0.0,1.0
"G[0,1](BUN <= 7.673 & Creatinine >= 0.019)
",9999999.000,9999999.000,0.000,1.000,0.000,0,0,0,10,10,0,0,10,0.0,0.0,0.0,0.0,0.0,1.0
"G[0,1](Chloride >= 2.661 & HCO3 >= 0.673)
",9999999.000,9999999.000,0.000,1.000,0.000,0,0,0,10,10,0,0,10,0.0,0.0,0.0,0.0,0.0,1.0
"G[0,1](Platelets <= 114.183 -> WBC >= 0.197)
",9999999.000,9999999.000,0.000,1.000,0.000,0,0,0,10,10,0,0,10,0.0,0.0,0.0,0.0,0.0,1.0
"G[0,1](((Hgb <= 9.433 | Hct <= 35.449) -> WBC >= 0.286) & Platelets >= 3.814)
",9999999.000,9999999.000,0.000,1.000,0.000,0,0,0,10,10,0,0,10,0.0,0.0,0.0,0.0,0.0,1.0
"G[1,1](BUN <= 0.617 & Creatinine >= 0.028)
",-0.028,-0.028,0.000,1.000,0.000,0,0,1,9,9,1,1,9,0.0,0.0,1.0,0.0,0.0,1.0
"G[0,1](Chloride >= 0.312 & HCO3 >= 0.888)
",9999999.000,9999999.000,0.000,1.000,0.000,0,0,0,10,10,0,0,10,0.0,0.0,0.0,0.0,0.0,1.0
"G[0,2](Platelets <= 38.665 -> WBC >= 0.238)
",9999999.000,9999999.000,0.000,1.000,0.000,0,0,0,10,10,0,0,10,0.0,0.0,0.0,0.0,0.0,1.0
"G[0,1](((Hgb <= 9.349 | Hct <= 21.842) -> WBC >= 0.033) & Platelets >= 4.806)
",9999999.000,9999999.000,0.000,1.000,0.000,0,0,0,10,10,0,0,10,0.0,0.0,0.0,0.0,0.0,1.0
"G[0,1](BUN <= 8.862 & Creatinine >= 0.002)
",9999999.000,9999999.000,0.000,1.000,0.000,0,0,0,10,10,0,0,10,0.0,0.0,0.0,0.0,0.0,1.0
"G[2,2](Chloride >= 4.175 & HCO3 >= 0.467)
",-4.175,-4.175,0.000,1.000,0.000,0,0,10,0,0,10,10,0,0.0,0.0,1.0,0.0,0.0,1.0
"G[2,2](Platelets <= 173.233 -> WBC >= 0.257)
",-173.233,-173.233,0.000,1.000,0.000,0,0,10,0,0,10,10,0,0.0,0.0,1.0,0.0,0.0,1.0
"G[1,2](BUN <= 5.405 & Creatinine >= 0.034)
",9999999.000,9999999.000,0.000,1.000,0.000,0,0,1,9,9,1,1,9,0.0,0.0,1.0,0.0,0.0,1.0
"G[1,1](BUN <= 3.152 & Creatinine >= 0.034)
",-0.034,-0.034,0.000,1.000,0.000,0,0,1,9,9,1,1,9,0.0,0.0,1.0,0.0,0.0,1.0
"G[0,1](Chloride >= 3.770 & HCO3 >= 0.676)
",9999999.000,9999999.000,0.000,1.000,0.000,0,0,0,10,10,0,0,10,0.0,0.0,0.0,0.0,0.0,1.0
"G[0,2](Platelets <= 152.132 -> WBC >= 0.021)
",9999999.000,9999999.000,0.000,1.000,0.000,0,0,0,10,10,0,0,10,0.0,0.0,0.0,0.0,0.0,1.0
"G[2,2](((Hgb <= 8.900 | Hct <= 10.159) -> WBC >= 0.145) & Platelets >= 1.777)
",-10.159,-10.159,0.000,1.000,0.000,0,0,10,0,0,10,10,0,0.0,0.0,1.0,0.0,0.0,1.0
"G[1,2](BUN <= 0.623 & Creatinine >= 0.029)
",9999999.000,9999999.000,0.000,1.000,0.000,0,0,1,9,9,1,1,9,0.0,0.0,1.0,0.0,0.0,1.0
"G[0,1](Chloride >= 2.334 & HCO3 >= 0.123)
",9999999.000,9999999.000,0.000,1.000,0.000,0,0,0,10,10,0,0,10,0.0,0.0,0.0,0.0,0.0,1.0
"G[0,2](Platelets <= 20.990 -> WBC >= 0.289)
",9999999.000,9999999.000,0.000,1.000,0.000,0,0,0,10,10,0,0,10,0.0,0.0,0.0,0.0,0.0,1.0
"G[0,2](((Hgb <= 6.215 | Hct <= 19.780) -> WBC >= 0.223) & Platelets >= 4.151)
",9999999.000,9999999.000,0.000,1.000,0.000,0,0,0,10,10,0,0,10,0.0,0.0,0.0,0.0,0.0,1.0
"G[0,2](BUN <= 7.517 & Creatinine >= 0.006)
",9999999.000,9999999.000,0.000,1.000,0.000,0,0,0,10,10,0,0,10,0.0,0.0,0.0,0.0,0.0,1.0
"G[0,1](BUN <= 5.841 & Creatinine >= 0.032)
",9999999.000,9999999.000,0.000,1.000,0.000,0,0,0,10,10,0,0,10,0.0,0.0,0.0,0.0,0.0,1.0
"G[0,0](Chloride >= 0.070 & HCO3 >= 0.967)
",-3.076,-0.867,0.000,1.000,0.000,0,0,0,10,10,0,0,10,0.0,0.0,0.0,0.0,0.0,1.0
"G[0,1](Platelets <= 170.243 -> WBC >= 0.071)
",9999999.000,9999999.000,0.000,1.000,0.000,0,0,0,10,10,0,0,10,0.0,0.0,0.0,0.0,0.0,1.0
"G[0,2](((Hgb <= 2.091 | Hct <= 19.957) -> WBC >= 0.157) & Platelets >= 3.655)
",9999999.000,9999999.000,0.000,1.000,0.000,0,0,0,10,10,0,0,10,0.0,0.0,0.0,0.0,0.0,1.0
"G[2,2]((MAP <= 88.515 | PaCO2 >= 0.698) -> Temp <= 29.301)
",-88.515,-88.515,0.000,1.000,0.000,0,0,10,0,0,10,10,0,0.0,0.0,1.0,0.0,0.0,1.0
"G[0,2](((MAP <= 89.754 | pH >= 0.036) | Calcium <= 5.625) | BaseExcess <= 2.601)
",9999999.000,9999999.000,0.000,1.000,0.000,0,0,10,0,0,10,10,0,0.0,0.0,1.0,0.0,0.0,1.0
"G[0,2](((O2Sat >= 44.487 -> PaCO2 >= 0.382) | EtCO2 >= 0.778) & Magnesium >= 0.550)
",9999999.000,9999999.000,0.000,1.000,0.000,0,0,0,10,10,0,0,10,0.0,0.0,0.0,0.0,0.0,1.0
"G[0,1](pH <= 3.017 -> Chloride >= 1.295)
",9999999.000,9999999.000,0.000,1.000,0.000,0,0,0,10,10,0,0,10,0.0,0.0,0.0,0.0,0.0,1.0
"G[1,2](((Phosphate <= 3.676 | Fibrinogen <= 148.765) | PaCO2 >= 5.920) | Bilirubin_total >= 5.345)
",9999999.000,9999999.000,0.000,1.000,0.000,0,0,10,0,0,10,10,0,0.0,0.0,1.0,0.0,0.0,1.0
"G[0,1]((Platelets >= 2.336 & pH >= 0.065) | Temp >= 0.267)
",9999999.000,9999999.000,0.000,1.000,0.000,0,0,1,9,9,1,1,9,0.0,0.0,1.0,0.0,0.0,1.0
"G[0,2](WBC <= 2.891 | Resp >= 10.462)
",9999999.000,9999999.000,0.000,1.000,0.000,0,0,10,0,0,10,10,0,0.0,0.0,1.0,0.0,0.0,1.0
"G[1,2](((BUN <= 6.709 & Fibrinogen >= 6.344) & PaCO2 >= 1.397) & Phosphate <= 14.933)
",9999999.000,9999999.000,0.000,1.000,0.000,0,0,1,9,9,1,1,9,0.0,0.0,1.0,0.0,0.0,1.0
"G[1,2]((Bilirubin_total <= 2.394 & Lactate >= 0.067) | DBP >= 0.067)
",9999999.000,9999999.000,0.000,1.000,0.000,0,0,1,9,9,1,1,9,0.0,0.0,1.0,0.0,0.0,1.0
"G[1,2](((Bilirubin_total >= 0.394 -> WBC <= 3.870) | PTT <= 3.732) -> Hct <= 2.910)
",9999999.000,9999999.000,0.000,1.000,0.000,0,0,10,0,0,10,10,0,0.0,0.0,1.0,0.0,0.0,1.0
"G[2,2]((BaseExcess >= 0.168 | EtCO2 <= 0.000) | PTT <= 0.000)
",0.000,0.000,0.000,1.000,0.000,0,0,10,0,0,10,10,0,0.0,0.0,1.0,0.0,0.0,1.0
"G[0,2](Bilirubin_direct >= 0.000 & PaCO2 >= 0.911)
",9999999.000,9999999.000,0.000,1.000,0.000,0,0,0,10,10,0,0,10,0.0,0.0,0.0,0.0,0.0,1.0
"G[0,2]((Alkalinephos <= 191.249 -> HR <= 87.266) -> Hgb >= 46.658)
",9999999.000,9999999.000,0.000,1.000,0.000,0,0,0,10,10,0,0,10,0.0,0.0,0.0,0.0,0.0,1.0
"G[1,2]((Hgb <= 3.499 -> SBP >= 51.200) | Temp <= 111.699)
",9999999.000,9999999.000,0.000,1.000,0.000,0,0,10,0,0,10,10,0,0.0,0.0,1.0,0.0,0.0,1.0
"G[0,2](((Temp <= 28.374 & O2Sat <= 97.035) | HR <= 78.117) -> Temp <= 94.173)
",9999999.000,9999999.000,0.000,1.000,0.000,0,0,10,0,0,10,10,0,0.0,0.0,1.0,0.0,0.0,1.0
"G[0,2](((Creatinine <= 0.331 -> O2Sat >= 13.854) | Fibrinogen >= 6.498) & HR <= 74.501)
",9999999.000,9999999.000,0.000,1.000,0.000,0,0,1,9,9,1,1,9,0.0,0.0,1.0,0.0,0.0,1.0
"G[0,1](BaseExcess >= 0.137 & Resp <= 21.649)
",9999999.000,9999999.000,0.000,1.000,0.000,0,0,0,10,10,0,0,10,0.0,0.0,0.0,0.0,0.0,1.0
"G[1,2]((SBP <= 105.951 & BUN <= 1.151) -> PTT >= 0.027)
",9999999.000,9999999.000,0.000,1.000,0.000,0,0,5,5,5,5,5,5,0.0,0.0,1.0,0.0,0.0,1.0
"G[0,2](((SBP <= 87.799 -> O2Sat >= 12.061) | Phosphate <= 54.059) | Creatinine >= 45.252)
",9999999.000,9999999.000,0.000,1.000,0.000,0,0,10,0,0,10,10,0,0.0,0.0,1.0,0.0,0.0,1.0
"G[0,2](Platelets <= 50.029 -> WBC >= 0.221)
",9999999.000,9999999.000,0.000,1.000,0.000,0,0,0,10,10,0,0,10,0.0,0.0,0.0,0.0,0.0,1.0
"G[0,2](pH >= 0.373 -> Phosphate >= 0.077)
",9999999.000,9999999.000,0.000,1.000,0.000,0,0,9,1,1,9,9,1,0.0,0.0,1.0,0.0,0.0,1.0
"G[1,2](Chloride <= 99.605 -> Bilirubin_total <= 7.847)
",9999999.000,9999999.000,0.000,1.000,0.000,0,0,10,0,0,10,10,0,0.0,0.0,1.0,0.0,0.0,1.0
"G[2,2]((Phosphate <= 0.385 & O2Sat >= 30.305) & Hgb <= 52.151)
",-30.305,-30.305,0.000,1.000,0.000,0,0,10,0,0,10,10,0,0.0,0.0,1.0,0.0,0.0,1.0
"G[1,2](((Chloride >= 1.599 | Bilirubin_total >= 0.317) & PTT <= 0.876) | Bilirubin_direct <= 8.078)
",9999999.000,9999999.000,0.000,1.000,0.000,0,0,10,0,0,10,10,0,0.0,0.0,1.0,0.0,0.0,1.0
"G[0,1]((SaO2 <= 0.000 -> Resp >= 8.650) -> Platelets >= 11.607)
",9999999.000,9999999.000,0.000,1.000,0.000,0,0,0,10,10,0,0,10,0.0,0.0,0.0,0.0,0.0,1.0
"G[1,2](((SBP >= 68.788 -> O2Sat <= 51.960) -> PaCO2 >= 6.607) -> Lactate >= 8.156)
",9999999.000,9999999.000,0.000,1.000,0.000,0,0,6,4,4,6,6,4,0.0,0.0,1.0,0.0,0.0,1.0
"G[1,2](((Resp >= 11.902 -> TroponinI >= 0.000) | HCO3 <= 0.000) | HR >= 0.000)
",9999999.000,9999999.000,0.000,1.000,0.000,0,0,10,0,0,10,10,0,0.0,0.0,1.0,0.0,0.0,1.0
"G[0,2](((Calcium >= 0.377 | pH <= 5.255) -> DBP >= 0.356) & pH >= 0.263)
",9999999.000,9999999.000,0.000,1.000,0.000,0,0,0,10,10,0,0,10,0.0,0.0,0.0,0.0,0.0,1.0
"G[0,2](((Calcium <= 6.118 | Phosphate <= 0.639) -> Temp >= 0.102) & Bilirubin_total <= 3.040)
",9999999.000,9999999.000,0.000,1.000,0.000,0,0,1,9,9,1,1,9,0.0,0.0,1.0,0.0,0.0,1.0
"G[1,2](((TroponinI <= 0.000 | PTT <= 7.108) & WBC <= 31.259) & DBP >= 0.647)
",9999999.000,9999999.000,0.000,1.000,0.000,0,0,1,9,9,1,1,9,0.0,0.0,1.0,0.0,0.0,1.0
"G[0,2]((Bilirubin_total <= 5.090 & SBP <= 107.747) | Resp >= 30.255)
",9999999.000,9999999.000,0.000,1.000,0.000,0,0,6,4,4,6,6,4,0.0,0.0,1.0,0.0,0.0,1.0
"G[1,1]((Bilirubin_total <= 2.574 -> O2Sat <= 96.886) & TroponinI >= 11.467)
",-96.886,-96.886,0.000,1.000,0.000,0,0,1,9,9,1,1,9,0.0,0.0,1.0,0.0,0.0,1.0
"G[2,2]((Lactate <= 0.099 -> O2Sat <= 53.888) -> FiO2 <= 59.535)
",-59.535,-59.535,0.000,1.000,0.000,0,0,10,0,0,10,10,0,0.0,0.0,1.0,0.0,0.0,1.0
"G[1,2](BaseExcess >= 0.111 & BUN >= 0.127)
",9999999.000,9999999.000,0.000,1.000,0.000,0,0,1,9,9,1,1,9,0.0,0.0,1.0,0.0,0.0,1.0
"G[0,2]((Magnesium >= 0.013 | O2Sat <= 91.932) | HR >= 15.221)
",9999999.000,9999999.000,0.000,1.000,0.000,0,0,10,0,0,10,10,0,0.0,0.0,1.0,0.0,0.0,1.0
"G[1,1](((Chloride <= 6.266 & O2Sat >= 41.496) & Bilirubin_direct >= 41.832) & SaO2 <= 97.533)
",-41.832,-41.832,0.000,1.000,0.000,0,0,1,9,9,1,1,9,0.0,0.0,1.0,0.0,0.0,1.0
"G[1,2](Calcium >= 0.239 -> O2Sat <= 46.389)
",9999999.000,9999999.000,0.000,1.000,0.000,0,0,9,1,1,9,9,1,0.0,0.0,1.0,0.0,0.0,1.0
"G[1,2](Alkalinephos >= 0.072 -> O2Sat >= 44.460)
",9999999.000,9999999.000,0.000,1.000,0.000,0,0,10,0,0,10,10,0,0.0,0.0,1.0,0.0,0.0,1.0
"G[1,2]((Resp <= 20.383 -> Temp <= 24.640) -> PTT <= 28.863)
",9999999.000,9999999.000,0.000,1.000,0.000,0,0,9,1,1,9,9,1,0.0,0.0,1.0,0.0,0.0,1.0
"G[0,2](((SBP >= 50.109 -> Temp <= 37.337) & PaCO2 >= 7.367) & Alkalinephos <= 23.483)
",9999999.000,9999999.000,0.000,1.000,0.000,0,0,0,10,10,0,0,10,0.0,0.0,0.0,0.0,0.0,1.0
"G[0,0](((Alkalinephos <= 152.663 | Resp >= 3.754) -> Bilirubin_total >= 5.778) & AST <= 16.978)
",-48.224,-151.552,0.000,1.000,0.000,0,0,0,10,10,0,0,10,0.0,0.0,0.0,0.0,0.0,1.0
"G[1,2](((HCO3 >= 0.759 & Resp <= 21.349) & pH <= 19.289) & Potassium >= 8.062)
",9999999.000,9999999.000,0.000,1.000,0.000,0,0,1,9,9,1,1,9,0.0,0.0,1.0,0.0,0.0,1.0
"G[1,2](((Fibrinogen >= 2.758 -> MAP <= 75.508) -> TroponinI >= 26.283) -> SBP <= 77.720)
",9999999.000,9999999.000,0.000,1.000,0.000,0,0,10,0,0,10,10,0,0.0,0.0,1.0,0.0,0.0,1.0
"G[0,2]((HR <= 75.064 -> pH >= 0.298) & PTT >= 0.237)
",9999999.000,9999999.000,0.000,1.000,0.000,0,0,0,10,10,0,0,10,0.0,0.0,0.0,0.0,0.0,1.0
"G[1,2](Hct <= 22.193 -> Temp <= 13.902)
",9999999.000,9999999.000,0.000,1.000,0.000,0,0,10,0,0,10,10,0,0.0,0.0,1.0,0.0,0.0,1.0
"G[0,2](PaCO2 <= 41.876 | Resp <= 19.255)
",9999999.000,9999999.000,0.000,1.000,0.000,0,0,10,0,0,10,10,0,0.0,0.0,1.0,0.0,0.0,1.0
"G[1,2]((Fibrinogen <= 76.628 | PaCO2 >= 0.962) -> SaO2 <= 27.938)
",9999999.000,9999999.000,0.000,1.000,0.000,0,0,10,0,0,10,10,0,0.0,0.0,1.0,0.0,0.0,1.0
"G[1,2](((Phosphate >= 0.162 -> HCO3 >= 1.161) & BUN <= 14.233) -> Hgb >= 0.111)
",9999999.000,9999999.000,0.000,1.000,0.000,0,0,2,8,8,2,2,8,0.0,0.0,1.0,0.0,0.0,1.0
"G[0,1]((BaseExcess <= 2.974 | HCO3 >= 0.619) -> Potassium >= 0.565)
",9999999.000,9999999.000,0.000,1.000,0.000,0,0,0,10,10,0,0,10,0.0,0.0,0.0,0.0,0.0,1.0
"G[1,1](((Hct >= 0.352 -> Lactate <= 1.077) & DBP >= 0.005) | Lactate >= 0.042)
",-0.042,-0.042,0.000,1.000,0.000,0,0,1,9,9,1,1,9,0.0,0.0,1.0,0.0,0.0,1.0
"G[0,2](((Hgb >= 0.339 | HR <= 77.889) | FiO2 >= 20.992) & Calcium <= 78.211)
",9999999.000,9999999.000,0.000,1.000,0.000,0,0,4,6,6,4,4,6,0.0,0.0,1.0,0.0,0.0,1.0
"G[0,2]((HR <= 90.504 -> PTT <= 13.069) & AST <= 13.312)
",9999999.000,9999999.000,0.000,1.000,0.000,0,0,9,1,1,9,9,1,0.0,0.0,1.0,0.0,0.0,1.0
"G[2,2]((EtCO2 >= 0.000 & Glucose <= 69.119) & PTT >= 2.077)
",-2.077,-2.077,0.000,1.000,0.000,0,0,10,0,0,10,10,0,0.0,0.0,1.0,0.0,0.0,1.0
"G[1,2](HCO3 >= 0.659 & SBP >= 17.684)
",9999999.000,9999999.000,0.000,1.000,0.000,0,0,2,8,8,2,2,8,0.0,0.0,1.0,0.0,0.0,1.0
"G[1,2](((Phosphate >= 0.152 | Creatinine <= 0.255) -> Bilirubin_direct >= 0.008) & WBC <= 0.039)
",9999999.000,9999999.000,0.000,1.000,0.000,0,0,1,9,9,1,1,9,0.0,0.0,1.0,0.0,0.0,1.0
"G[2,2]((HR >= 13.295 -> HCO3 <= 11.445) & pH <= 2.219)
",-11.445,-11.445,0.000,1.000,0.000,0,0,10,0,0,10,10,0,0.0,0.0,1.0,0.0,0.0,1.0
"G[0,2](EtCO2 >= 0.000 & DBP >= 0.000)
",9999999.000,9999999.000,0.000,1.000,0.000,0,0,10,0,0,10,10,0,0.0,0.0,1.0,0.0,0.0,1.0
"G[1,2](((pH <= 0.628 -> SepsisLabel >= 0.000) & Potassium >= 0.000) & Glucose >= 0.000)
",9999999.000,9999999.000,0.000,1.000,0.000,0,0,10,0,0,10,10,0,0.0,0.0,1.0,0.0,0.0,1.0
"G[0,2](((EtCO2 >= 0.000 & PaCO2 >= 0.933) | BUN >= 0.090) & SepsisLabel >= 1.955)
",9999999.000,9999999.000,0.000,1.000,0.000,0,0,0,10,10,0,0,10,0.0,0.0,0.0,0.0,0.0,1.0
"G[0,2](((HR <= 79.823 & FiO2 >= 0.000) -> Creatinine <= 0.000) & Fibrinogen <= 0.000)
",9999999.000,9999999.000,0.000,1.000,0.000,0,0,9,1,1,9,9,1,0.0,0.0,1.0,0.0,0.0,1.0
"G[0,1](Hct <= 14.984 -> Hct >= 0.725)
",9999999.000,9999999.000,0.000,1.000,0.000,0,0,0,10,10,0,0,10,0.0,0.0,0.0,0.0,0.0,1.0
