Rule,Discrimination Score,Pos Robustness,Neg Robustness,Percent Class +,Percent Class -,TP,TN,FP,FN,Actual Yes,Actual No,Predicted Yes,Predicted No,TPR/Sens,TNR/Spec,FPR,Precision,Accuracy,MCR,Class
"G[0,0](Calcium <= 4.104 & Bilirubin_direct >= 0.000)
",-0.500,-13.979,0.000,1.000,0.000,5,0,0,0,5,0,5,0,1.0,0.0,0.0,1.0,1.0,0.0,1
"G[0,1]((Bilirubin_total >= 0.006 -> BaseExcess <= 0.000) -> Temp >= 0.000)
",9999999.000,9999999.000,0.000,1.000,0.000,5,0,0,0,5,0,5,0,1.0,0.0,0.0,1.0,1.0,0.0,1
"G[0,0](((BaseExcess >= 0.000 -> PaCO2 <= 0.000) -> Chloride >= 0.000) -> O2Sat >= 0.000)
",-35.881,-67.700,0.000,1.000,0.000,5,0,0,0,5,0,5,0,1.0,0.0,0.0,1.0,1.0,0.0,1
"F[0,1]((Calcium <= 3.719 & Potassium <= 3.064) & Magnesium >= 0.096)
",-9999999.000,-9999999.000,0.000,0.000,1.000,5,0,0,0,5,0,5,0,1.0,0.0,0.0,1.0,1.0,0.0,-1
"G[0,1](((Hgb <= 1.510 & PaCO2 >= 0.000) & AST >= 0.000) | pH >= 0.000)
",9999999.000,9999999.000,0.000,1.000,0.000,5,0,0,0,5,0,5,0,1.0,0.0,0.0,1.0,1.0,0.0,1
"G[0,1]((O2Sat >= 34.432 & Alkalinephos <= 30.868) -> Magnesium <= 72.906)
",9999999.000,9999999.000,0.000,1.000,0.000,5,0,0,0,5,0,5,0,1.0,0.0,0.0,1.0,1.0,0.0,1
"G[0,0]((HCO3 >= 1.880 -> Temp <= 19.793) | AST <= 28.922)
",28.922,28.922,0.000,1.000,0.000,5,0,0,0,5,0,5,0,1.0,0.0,0.0,1.0,1.0,0.0,1
"G[1,1]((pH <= 0.000 | Lactate >= 0.000) -> Lactate <= 0.000)
",0.000,0.000,0.000,1.000,0.000,5,0,0,0,5,0,5,0,1.0,0.0,0.0,1.0,1.0,0.0,1
"G[1,1](Lactate <= 0.000 -> PaCO2 >= 0.000)
",0.000,0.000,0.000,1.000,0.000,5,0,0,0,5,0,5,0,1.0,0.0,0.0,1.0,1.0,0.0,1
"G[0,1]((O2Sat >= 51.997 -> SBP >= 124.043) -> Lactate <= 176.302)
",9999999.000,9999999.000,0.000,1.000,0.000,5,0,0,0,5,0,5,0,1.0,0.0,0.0,1.0,1.0,0.0,1
"G[0,0](((Calcium <= 1.245 & O2Sat >= 57.544) & AST >= 9.671) | Phosphate <= 78.168)
",114.453,77.828,0.000,1.000,0.000,5,0,0,0,5,0,5,0,1.0,0.0,0.0,1.0,1.0,0.0,1
"G[0,1]((SaO2 <= 0.000 | HCO3 >= 1.644) | Potassium <= 8.228)
",9999999.000,9999999.000,0.000,1.000,0.000,5,0,0,0,5,0,5,0,1.0,0.0,0.0,1.0,1.0,0.0,1
"G[0,1](((SaO2 >= 0.000 & SaO2 >= 0.000) -> Resp >= 0.000) | SBP <= 0.000)
",9999999.000,9999999.000,0.000,1.000,0.000,5,0,0,0,5,0,5,0,1.0,0.0,0.0,1.0,1.0,0.0,1
"G[0,1]((Chloride <= 73.448 | Glucose <= 76.161) | O2Sat >= 7.510)
",9999999.000,9999999.000,0.000,1.000,0.000,5,0,0,0,5,0,5,0,1.0,0.0,0.0,1.0,1.0,0.0,1
"G[0,0]((Fibrinogen >= 0.000 -> Creatinine >= 0.003) -> MAP >= 0.060)
",-12.969,-160.940,0.000,1.000,0.000,5,0,0,0,5,0,5,0,1.0,0.0,0.0,1.0,1.0,0.0,1
"G[0,1](Chloride <= 44.654 -> Creatinine <= 0.459)
",9999999.000,9999999.000,0.000,1.000,0.000,5,0,0,0,5,0,5,0,1.0,0.0,0.0,1.0,1.0,0.0,1
"G[0,1](Magnesium <= 1.144 -> Magnesium <= 1.012)
",9999999.000,9999999.000,0.000,1.000,0.000,5,0,0,0,5,0,5,0,1.0,0.0,0.0,1.0,1.0,0.0,1
"G[0,0](Calcium >= 0.375 -> Potassium <= 1.974)
",-0.569,-16.304,0.000,1.000,0.000,5,0,0,0,5,0,5,0,1.0,0.0,0.0,1.0,1.0,0.0,1
"G[0,0]((Temp <= 17.840 -> Lactate <= 0.000) | BaseExcess <= 0.000)
",0.500,15.432,0.000,1.000,0.000,5,0,0,0,5,0,5,0,1.0,0.0,0.0,1.0,1.0,0.0,1
"F[0,0]((Calcium <= 3.007 & Potassium <= 3.416) & Magnesium >= 0.057)
",-0.502,-14.244,0.000,0.000,1.000,5,0,0,0,5,0,5,0,1.0,0.0,0.0,1.0,1.0,0.0,-1
"F[0,0](((Alkalinephos >= 2.188 & AST <= 9.460) & Resp >= 0.559) & EtCO2 >= 0.511)
",-2.858,-1.863,0.000,0.000,1.000,5,0,0,0,5,0,5,0,1.0,0.0,0.0,1.0,1.0,0.0,-1
"((HCO3 <= 2.223) U[0,0] (WBC >= 0.669))
",2.223,2.223,0.000,0.000,1.000,5,0,0,0,5,0,5,0,1.0,0.0,0.0,1.0,1.0,0.0,-1
"((Calcium >= 0.236) U[0,0] (Chloride >= 6.933))
",0.492,14.564,0.000,0.000,1.000,5,0,0,0,5,0,5,0,1.0,0.0,0.0,1.0,1.0,0.0,-1
"F[1,1]((Calcium <= 0.976 & Potassium <= 3.291) & Magnesium >= 0.063)
",-0.063,-0.063,0.000,0.000,1.000,5,0,0,0,5,0,5,0,1.0,0.0,0.0,1.0,1.0,0.0,-1
"F[0,1]((Calcium <= 3.870 -> WBC <= 7.204) & Bilirubin_total >= 0.795)
",-9999999.000,-9999999.000,0.000,0.000,1.000,5,0,0,0,5,0,5,0,1.0,0.0,0.0,1.0,1.0,0.0,-1
"((Bilirubin_direct > 0.000) U[1,2] (SepsisLabel = 0.000))
",-9999999.000,-9999999.000,0.000,0.000,1.000,5,0,0,0,5,0,5,0,1.0,0.0,0.0,1.0,1.0,0.0,-1
"F[0,0](TroponinI < 0.000 & SepsisLabel = 0.000)
",-0.500,-29.200,0.000,0.000,1.000,5,0,0,0,5,0,5,0,1.0,0.0,0.0,1.0,1.0,0.0,-1
"((Creatinine > 0.034) U[1,1] (SepsisLabel = 0.000))
",0.000,0.000,0.000,0.000,1.000,5,0,0,0,5,0,5,0,1.0,0.0,0.0,1.0,1.0,0.0,-1
"((AST >= 0.554) U[1,1] (SBP <= 173.105))
",173.105,173.105,0.000,0.000,1.000,5,0,0,0,5,0,5,0,1.0,0.0,0.0,1.0,1.0,0.0,-1
"((EtCO2 > 0.000) U[1,1] (SepsisLabel = 0.000))
",0.000,0.000,0.000,0.000,1.000,5,0,0,0,5,0,5,0,1.0,0.0,0.0,1.0,1.0,0.0,-1
"F[0,0]((Chloride <= 50.706 -> Hgb >= 0.696) | Hgb >= 0.274)
",0.801,14.226,0.000,0.000,1.000,5,0,0,0,5,0,5,0,1.0,0.0,0.0,1.0,1.0,0.0,-1
"F[0,1]((Calcium <= 3.036 & Potassium <= 2.439) & Magnesium >= 0.120)
",-9999999.000,-9999999.000,0.000,0.000,1.000,5,0,0,0,5,0,5,0,1.0,0.0,0.0,1.0,1.0,0.0,-1
"F[0,0](((Bilirubin_total <= 0.403 -> HCO3 >= 1.464) -> Magnesium >= 0.467) & Chloride >= 1.330)
",-25.174,-1.357,0.000,0.000,1.000,5,0,0,0,5,0,5,0,1.0,0.0,0.0,1.0,1.0,0.0,-1
"((Hct >= 2.061) U[0,0] (WBC >= 0.300))
",-0.300,-0.300,0.000,0.000,1.000,5,0,0,0,5,0,5,0,1.0,0.0,0.0,1.0,1.0,0.0,-1
"F[0,1]((HR >= 69.357 | SBP <= 180.954) & Fibrinogen >= 139.459)
",-9999999.000,-9999999.000,0.000,0.000,1.000,5,0,0,0,5,0,5,0,1.0,0.0,0.0,1.0,1.0,0.0,-1
"F[0,0](((SepsisLabel >= 0.000 & Potassium >= 0.242) | Potassium <= 3.412) & BaseExcess >= 0.347)
",-0.347,-0.347,0.000,0.000,1.000,5,0,0,0,5,0,5,0,1.0,0.0,0.0,1.0,1.0,0.0,-1
"F[0,0]((Phosphate >= 0.087 -> Chloride <= 104.816) -> SepsisLabel >= 6.384)
",-0.391,-22.816,0.000,0.000,1.000,5,0,0,0,5,0,5,0,1.0,0.0,0.0,1.0,1.0,0.0,-1
"F[0,0](((pH <= 0.000 -> Creatinine <= 0.359) & Fibrinogen <= 0.583) & EtCO2 >= 0.061)
",-0.613,-1.951,0.000,0.000,1.000,5,0,0,0,5,0,5,0,1.0,0.0,0.0,1.0,1.0,0.0,-1
"((AST >= 0.345) U[1,1] (pH >= 0.000))
",0.000,0.000,0.000,0.000,1.000,5,0,0,0,5,0,5,0,1.0,0.0,0.0,1.0,1.0,0.0,-1
"G[1,1](Hct >= 3.297 -> Phosphate >= 0.134)
",0.134,0.134,0.000,1.000,0.000,5,0,0,0,5,0,5,0,1.0,0.0,0.0,1.0,1.0,0.0,1
"F[1,1]((Calcium <= 7.509 & Potassium <= 3.632) & Magnesium >= 0.030)
",-0.030,-0.030,0.000,0.000,1.000,5,0,0,0,5,0,5,0,1.0,0.0,0.0,1.0,1.0,0.0,-1
"G[1,1]((MAP >= 84.291 | BaseExcess >= 0.000) | Resp >= 0.000)
",0.000,0.000,0.000,1.000,0.000,5,0,0,0,5,0,5,0,1.0,0.0,0.0,1.0,1.0,0.0,1
"G[0,1]((FiO2 <= 0.000 & Bilirubin_total <= 0.066) | Magnesium >= 0.006)
",9999999.000,9999999.000,0.000,1.000,0.000,5,0,0,0,5,0,5,0,1.0,0.0,0.0,1.0,1.0,0.0,1
"G[0,0]((Alkalinephos >= 4.635 | BUN <= 5.629) -> Bilirubin_total <= 6.039)
",-6.989,-6.504,0.000,1.000,0.000,5,0,0,0,5,0,5,0,1.0,0.0,0.0,1.0,1.0,0.0,1
"G[0,0](((Chloride >= 6.405 | AST >= 0.294) -> PaCO2 <= 2.049) | Fibrinogen >= 0.956)
",0.231,0.824,0.000,1.000,0.000,5,0,0,0,5,0,5,0,1.0,0.0,0.0,1.0,1.0,0.0,1
"G[0,0]((Alkalinephos >= 5.832 -> PTT <= 0.000) | MAP >= 0.000)
",12.974,161.000,0.000,1.000,0.000,5,0,0,0,5,0,5,0,1.0,0.0,0.0,1.0,1.0,0.0,1
"G[1,1](pH >= 0.000 & SepsisLabel <= 0.000)
",0.000,0.000,0.000,1.000,0.000,5,0,0,0,5,0,5,0,1.0,0.0,0.0,1.0,1.0,0.0,1
"G[0,0](WBC <= 6.569 | BUN >= 0.333)
",3.721,7.588,0.000,1.000,0.000,5,0,0,0,5,0,5,0,1.0,0.0,0.0,1.0,1.0,0.0,1
"G[0,1](PTT >= 0.000 -> SepsisLabel = 0.000)
",9999999.000,9999999.000,0.000,1.000,0.000,5,0,0,0,5,0,5,0,1.0,0.0,0.0,1.0,1.0,0.0,1
"G[1,1](BUN >= 0.093 -> SepsisLabel = 0.000)
",0.000,0.000,0.000,1.000,0.000,5,0,0,0,5,0,5,0,1.0,0.0,0.0,1.0,1.0,0.0,1
"G[0,1]((Hct <= 13.224 & O2Sat >= 19.348) | SaO2 <= 79.810)
",9999999.000,9999999.000,0.000,1.000,0.000,5,0,0,0,5,0,5,0,1.0,0.0,0.0,1.0,1.0,0.0,1
"G[0,1](Temp >= 9.345 -> Potassium <= 0.985)
",9999999.000,9999999.000,0.000,1.000,0.000,5,0,0,0,5,0,5,0,1.0,0.0,0.0,1.0,1.0,0.0,1
"G[0,1]((SBP >= 124.327 | WBC <= 4.363) & SaO2 <= 4.676)
",9999999.000,9999999.000,0.000,1.000,0.000,5,0,0,0,5,0,5,0,1.0,0.0,0.0,1.0,1.0,0.0,1
"G[0,1](SepsisLabel <= 0.000 & SepsisLabel = 0.000)
",9999999.000,9999999.000,0.000,1.000,0.000,5,0,0,0,5,0,5,0,1.0,0.0,0.0,1.0,1.0,0.0,1
"G[0,1](Resp > 6.646 -> SepsisLabel = 0.000)
",9999999.000,9999999.000,0.000,1.000,0.000,5,0,0,0,5,0,5,0,1.0,0.0,0.0,1.0,1.0,0.0,1
"G[0,1](WBC < 6.133 -> SepsisLabel = 0.000)
",9999999.000,9999999.000,0.000,1.000,0.000,5,0,0,0,5,0,5,0,1.0,0.0,0.0,1.0,1.0,0.0,1
"G[0,1](Platelets <= 131.702 | DBP >= 0.000)
",9999999.000,9999999.000,0.000,1.000,0.000,5,0,0,0,5,0,5,0,1.0,0.0,0.0,1.0,1.0,0.0,1
"G[0,1]((Bilirubin_total <= 0.264 -> Phosphate >= 0.106) | FiO2 <= 2.221)
",9999999.000,9999999.000,0.000,1.000,0.000,5,0,0,0,5,0,5,0,1.0,0.0,0.0,1.0,1.0,0.0,1
"G[0,1](((Bilirubin_total >= 0.042 -> SBP >= 154.883) -> Lactate <= 165.862) | SaO2 <= 181.543)
",9999999.000,9999999.000,0.000,1.000,0.000,5,0,0,0,5,0,5,0,1.0,0.0,0.0,1.0,1.0,0.0,1
"G[0,0]((Hct >= 6.935 | HR <= 71.857) | WBC <= 75.298)
",75.298,75.298,0.000,1.000,0.000,5,0,0,0,5,0,5,0,1.0,0.0,0.0,1.0,1.0,0.0,1
"G[0,0](pH > 0.000 -> SepsisLabel = 0.000)
",0.000,0.000,0.000,1.000,0.000,5,0,0,0,5,0,5,0,1.0,0.0,0.0,1.0,1.0,0.0,1
"G[0,1]((PaCO2 >= 0.000 | Magnesium >= 0.057) | HCO3 <= 1.680)
",9999999.000,9999999.000,0.000,1.000,0.000,5,0,0,0,5,0,5,0,1.0,0.0,0.0,1.0,1.0,0.0,1
"G[1,1](((HCO3 >= 1.741 | Temp >= 7.675) -> HCO3 <= 32.938) | HR <= 19.202)
",19.202,19.202,0.000,1.000,0.000,5,0,0,0,5,0,5,0,1.0,0.0,0.0,1.0,1.0,0.0,1
"G[0,1]((Lactate >= 0.000 -> TroponinI <= 0.000) | SBP <= 0.000)
",9999999.000,9999999.000,0.000,1.000,0.000,5,0,0,0,5,0,5,0,1.0,0.0,0.0,1.0,1.0,0.0,1
"G[0,1](((Temp >= 10.373 -> Temp <= 28.883) | pH >= 4.092) | EtCO2 <= 11.712)
",9999999.000,9999999.000,0.000,1.000,0.000,5,0,0,0,5,0,5,0,1.0,0.0,0.0,1.0,1.0,0.0,1
"G[0,0]((Hgb <= 3.071 | BaseExcess <= 0.000) & pH <= 0.000)
",0.000,0.000,0.000,1.000,0.000,5,0,0,0,5,0,5,0,1.0,0.0,0.0,1.0,1.0,0.0,1
"G[1,1](AST <= 2.504 -> AST <= 3.738)
",-8417696796563107.000,-3.738,0.000,1.000,0.000,5,0,0,0,5,0,5,0,1.0,0.0,0.0,1.0,1.0,0.0,1
"G[0,0]((pH >= 0.000 & BaseExcess >= 0.000) -> Bilirubin_direct <= 0.000)
",0.000,0.000,0.000,1.000,0.000,5,0,0,0,5,0,5,0,1.0,0.0,0.0,1.0,1.0,0.0,1
"G[0,0](((Hgb <= 3.932 -> Creatinine <= 0.374) & HCO3 <= 0.671) | Hct >= 0.038)
",0.367,0.104,0.000,1.000,0.000,5,0,0,0,5,0,5,0,1.0,0.0,0.0,1.0,1.0,0.0,1
"G[1,1](((FiO2 >= 0.000 | HCO3 <= 8.143) & SaO2 >= 1.674) | Phosphate <= 11.882)
",11.882,11.882,0.000,1.000,0.000,5,0,0,0,5,0,5,0,1.0,0.0,0.0,1.0,1.0,0.0,1
"G[0,1](((pH >= 0.000 & Chloride >= 4.369) -> SepsisLabel >= 2.302) | O2Sat >= 10.998)
",9999999.000,9999999.000,0.000,1.000,0.000,5,0,0,0,5,0,5,0,1.0,0.0,0.0,1.0,1.0,0.0,1
"G[0,0](((Hct >= 5.317 -> Phosphate <= 2.772) | AST >= 0.227) | Glucose <= 1.793)
",8073793651148606.000,1.793,0.000,1.000,0.000,5,0,0,0,5,0,5,0,1.0,0.0,0.0,1.0,1.0,0.0,1
"G[0,0](((Creatinine <= 0.381 & WBC >= 0.612) | Chloride >= 0.561) -> Alkalinephos <= 8.252)
",-49.489,-8.169,0.000,1.000,0.000,5,0,0,0,5,0,5,0,1.0,0.0,0.0,1.0,1.0,0.0,1
"G[0,1](((Hgb >= 0.772 & BaseExcess <= 0.000) | Phosphate >= 0.000) | Creatinine <= 0.000)
",9999999.000,9999999.000,0.000,1.000,0.000,5,0,0,0,5,0,5,0,1.0,0.0,0.0,1.0,1.0,0.0,1
"G[1,1](((HR >= 68.114 -> Bilirubin_direct >= 0.000) -> Bilirubin_direct <= 0.000) & Fibrinogen >= 0.000)
",0.000,0.000,0.000,1.000,0.000,5,0,0,0,5,0,5,0,1.0,0.0,0.0,1.0,1.0,0.0,1
"G[0,1](Creatinine <= 0.323 | Phosphate >= 0.053)
",9999999.000,9999999.000,0.000,1.000,0.000,5,0,0,0,5,0,5,0,1.0,0.0,0.0,1.0,1.0,0.0,1
"G[0,1](HR <= 73.411 | MAP <= 103.675)
",9999999.000,9999999.000,0.000,1.000,0.000,5,0,0,0,5,0,5,0,1.0,0.0,0.0,1.0,1.0,0.0,1
"G[0,0](((WBC <= 3.054 | Fibrinogen <= 0.000) -> SaO2 >= 0.000) & EtCO2 >= 0.000)
",-3.054,-3.054,0.000,1.000,0.000,5,0,0,0,5,0,5,0,1.0,0.0,0.0,1.0,1.0,0.0,1
"G[0,1](((Glucose >= 1.553 & SBP <= 165.172) & DBP >= 149.657) -> BaseExcess <= 167.402)
",9999999.000,9999999.000,0.000,1.000,0.000,5,0,0,0,5,0,5,0,1.0,0.0,0.0,1.0,1.0,0.0,1
"F[0,1](Lactate >= 0.000 -> Hgb >= 0.502)
",-9999999.000,-9999999.000,0.000,0.000,1.000,4,0,0,1,5,0,4,1,0.8,0.0,0.0,1.0,0.8,0.19999999999999996,-1
"F[1,1]((DBP <= 0.000 -> HR >= 68.808) -> PaCO2 >= 65.367)
",0.000,0.000,0.000,0.000,1.000,4,0,0,1,5,0,4,1,0.8,0.0,0.0,1.0,0.8,0.19999999999999996,-1
"((Hct >= 4.745) U[1,1] (SepsisLabel = 0.000))
",0.000,0.000,0.000,0.000,1.000,4,0,0,1,5,0,4,1,0.8,0.0,0.0,1.0,0.8,0.19999999999999996,-1
"((AST <= 2.583) U[1,1] (Chloride >= 8.847))
",2.583,2.583,0.000,0.000,1.000,4,0,0,1,5,0,4,1,0.8,0.0,0.0,1.0,0.8,0.19999999999999996,-1
"F[0,1]((Alkalinephos >= 5.537 -> HCO3 <= 9.791) -> HR <= 18.547)
",-9999999.000,-9999999.000,0.000,0.000,1.000,4,0,0,1,5,0,4,1,0.8,0.0,0.0,1.0,0.8,0.19999999999999996,-1
"((Magnesium >= 0.033) U[0,1] (Phosphate >= 0.005))
",-9999999.000,-9999999.000,0.000,0.000,1.000,4,0,0,1,5,0,4,1,0.8,0.0,0.0,1.0,0.8,0.19999999999999996,-1
"F[0,1](((BaseExcess <= 0.000 -> Phosphate >= 0.103) -> Calcium <= 0.774) -> SaO2 >= 0.210)
",-9999999.000,-9999999.000,0.000,0.000,1.000,4,0,0,1,5,0,4,1,0.8,0.0,0.0,1.0,0.8,0.19999999999999996,-1
"F[0,1](((DBP >= 0.000 -> BUN <= 4.042) -> SaO2 <= 6.609) -> WBC >= 0.467)
",-9999999.000,-9999999.000,0.000,0.000,1.000,4,0,0,1,5,0,4,1,0.8,0.0,0.0,1.0,0.8,0.19999999999999996,-1
"F[0,1](DBP >= 0.000 & Potassium >= 0.031)
",-9999999.000,-9999999.000,0.000,0.000,1.000,4,0,0,1,5,0,4,1,0.8,0.0,0.0,1.0,0.8,0.19999999999999996,-1
"((PaCO2 >= 0.000) U[0,1] (Magnesium >= 0.086))
",-9999999.000,-9999999.000,0.000,0.000,1.000,4,0,0,1,5,0,4,1,0.8,0.0,0.0,1.0,0.8,0.19999999999999996,-1
"F[0,1]((O2Sat >= 18.356 & Phosphate >= 0.166) | Alkalinephos >= 0.112)
",-9999999.000,-9999999.000,0.000,0.000,1.000,4,0,0,1,5,0,4,1,0.8,0.0,0.0,1.0,0.8,0.19999999999999996,-1
"F[0,1]((Temp >= 8.415 | Temp <= 29.746) & WBC >= 6.211)
",-9999999.000,-9999999.000,0.000,0.000,1.000,4,0,0,1,5,0,4,1,0.8,0.0,0.0,1.0,0.8,0.19999999999999996,-1
"F[1,1]((SBP >= 151.480 & Glucose >= 4.865) | BaseExcess >= 8.339)
",-8.339,-8.339,0.000,0.000,1.000,4,0,0,1,5,0,4,1,0.8,0.0,0.0,1.0,0.8,0.19999999999999996,-1
"G[0,1](((SaO2 >= 0.000 -> Potassium >= 0.246) & SaO2 <= 3.592) -> DBP >= 0.255)
",9999999.000,9999999.000,0.000,1.000,0.000,4,0,0,1,5,0,4,1,0.8,0.0,0.0,1.0,0.8,0.19999999999999996,1
"G[0,1](((Magnesium >= 0.017 | Calcium >= 0.721) -> SaO2 >= 0.666) | PaCO2 >= 0.291)
",9999999.000,9999999.000,0.000,1.000,0.000,4,0,0,1,5,0,4,1,0.8,0.0,0.0,1.0,0.8,0.19999999999999996,1
"G[0,1](Hgb < 7.251 & SepsisLabel = 0.000)
",9999999.000,9999999.000,0.000,1.000,0.000,4,0,0,1,5,0,4,1,0.8,0.0,0.0,1.0,0.8,0.19999999999999996,1
"G[0,1](((TroponinI >= 0.000 -> Phosphate <= 2.317) -> Potassium <= 1.562) & Hgb <= 1.500)
",9999999.000,9999999.000,0.000,1.000,0.000,4,0,0,1,5,0,4,1,0.8,0.0,0.0,1.0,0.8,0.19999999999999996,1
"G[0,1](SBP >= 127.071 & SepsisLabel >= 0.000)
",9999999.000,9999999.000,0.000,1.000,0.000,4,0,0,1,5,0,4,1,0.8,0.0,0.0,1.0,0.8,0.19999999999999996,1
"G[0,1](Phosphate <= 0.840 & DBP <= 0.000)
",9999999.000,9999999.000,0.000,1.000,0.000,4,0,0,1,5,0,4,1,0.8,0.0,0.0,1.0,0.8,0.19999999999999996,1
"G[1,1](Lactate >= 0.000 -> WBC <= 5.203)
",-5.203,-5.203,0.000,1.000,0.000,4,0,0,1,5,0,4,1,0.8,0.0,0.0,1.0,0.8,0.19999999999999996,1
"G[1,1](((SepsisLabel <= 0.000 & Glucose <= 84.091) | Creatinine >= 10.067) & Phosphate <= 19.331)
",0.000,0.000,0.000,1.000,0.000,4,0,0,1,5,0,4,1,0.8,0.0,0.0,1.0,0.8,0.19999999999999996,1
"G[0,1](HR >= 66.207 | Hct >= 5.433)
",9999999.000,9999999.000,0.000,1.000,0.000,4,0,0,1,5,0,4,1,0.8,0.0,0.0,1.0,0.8,0.19999999999999996,1
"G[0,1]((Bilirubin_total <= 0.433 | HCO3 <= 17.677) | WBC <= 4.819)
",9999999.000,9999999.000,0.000,1.000,0.000,4,0,0,1,5,0,4,1,0.8,0.0,0.0,1.0,0.8,0.19999999999999996,1
"G[1,1](BUN <= 12.836 | Temp >= 0.919)
",12.836,12.836,0.000,1.000,0.000,4,0,0,1,5,0,4,1,0.8,0.0,0.0,1.0,0.8,0.19999999999999996,1
"G[0,1](MAP >= 88.086 & PTT <= 0.000)
",9999999.000,9999999.000,0.000,1.000,0.000,4,0,0,1,5,0,4,1,0.8,0.0,0.0,1.0,0.8,0.19999999999999996,1
"G[1,1](Hct <= 8.650 & SepsisLabel = 0.000)
",0.000,0.000,0.000,1.000,0.000,4,0,0,1,5,0,4,1,0.8,0.0,0.0,1.0,0.8,0.19999999999999996,1
"G[1,1]((HCO3 <= 6.862 | Resp <= 10.402) & Glucose <= 12.517)
",10.402,10.402,0.000,1.000,0.000,4,0,0,1,5,0,4,1,0.8,0.0,0.0,1.0,0.8,0.19999999999999996,1
"G[1,1](O2Sat >= 2.010 & Fibrinogen <= 0.000)
",-2.010,-2.010,0.000,1.000,0.000,3,0,0,2,5,0,3,2,0.6,0.0,0.0,1.0,0.6,0.4,1
"G[1,1]((DBP >= 0.000 | HR >= 67.916) & O2Sat >= 67.410)
",-67.410,-67.410,0.000,1.000,0.000,3,0,0,2,5,0,3,2,0.6,0.0,0.0,1.0,0.6,0.4,1
"G[0,1](MAP < 107.781 & SepsisLabel = 0.000)
",9999999.000,9999999.000,0.000,1.000,0.000,3,0,0,2,5,0,3,2,0.6,0.0,0.0,1.0,0.6,0.4,1
"F[0,1](((Creatinine >= 0.006 | Platelets <= 90.285) & Hct <= 20.747) -> FiO2 >= 6.843)
",-9999999.000,-9999999.000,0.000,0.000,1.000,3,0,0,2,5,0,3,2,0.6,0.0,0.0,1.0,0.6,0.4,-1
"F[1,1]((DBP <= 0.000 & Temp >= 7.552) & Hct <= 13.690)
",-8502925536445134.000,-7.552,0.000,0.000,1.000,3,0,0,2,5,0,3,2,0.6,0.0,0.0,1.0,0.6,0.4,-1
"((MAP >= 80.074) U[0,1] (SBP <= 162.794))
",-9999999.000,-9999999.000,0.000,0.000,1.000,3,0,0,2,5,0,3,2,0.6,0.0,0.0,1.0,0.6,0.4,-1
"F[0,1](((Hct >= 3.724 & TroponinI <= 0.000) & Temp >= 0.000) & Bilirubin_total >= 0.000)
",-9999999.000,-9999999.000,0.000,0.000,1.000,3,0,0,2,5,0,3,2,0.6,0.0,0.0,1.0,0.6,0.4,-1
"((MAP >= 89.434) U[0,1] (SBP <= 161.173))
",-9999999.000,-9999999.000,0.000,0.000,1.000,3,0,0,2,5,0,3,2,0.6,0.0,0.0,1.0,0.6,0.4,-1
"((AST <= 9.839) U[0,0] (O2Sat <= 91.605))
",12.670,23.905,0.000,0.000,1.000,3,0,0,2,5,0,3,2,0.6,0.0,0.0,1.0,0.6,0.4,-1
"F[0,0]((SBP >= 156.739 & Fibrinogen <= 0.000) & Phosphate >= 0.000)
",-10.485,-149.605,0.000,0.000,1.000,2,0,0,3,5,0,2,3,0.4,0.0,0.0,1.0,0.4,0.6,-1
"G[1,1](O2Sat <= 93.746 | Resp <= 19.590)
",93.746,93.746,0.000,1.000,0.000,2,0,0,3,5,0,2,3,0.4,0.0,0.0,1.0,0.4,0.6,1
"((SepsisLabel >= 0.000) U[0,0] (O2Sat >= 46.891))
",0.907,45.587,0.000,0.000,1.000,2,0,0,3,5,0,2,3,0.4,0.0,0.0,1.0,0.4,0.6,-1
"F[1,1](((Chloride <= 105.953 -> Temp <= 10.887) | PTT <= 12.784) -> Temp <= 27.085)
",-27.085,-27.085,0.000,0.000,1.000,2,0,0,3,5,0,2,3,0.4,0.0,0.0,1.0,0.4,0.6,-1
"G[1,1](((AST <= 10.014 -> Resp >= 4.851) -> Fibrinogen >= 1.983) | O2Sat <= 21.163)
",21.163,21.163,0.000,1.000,0.000,2,0,0,3,5,0,2,3,0.4,0.0,0.0,1.0,0.4,0.6,1
"G[0,1]((pH <= 0.000 -> HR >= 67.937) | Phosphate >= 69.357)
",9999999.000,9999999.000,0.000,1.000,0.000,2,0,0,3,5,0,2,3,0.4,0.0,0.0,1.0,0.4,0.6,1
"((PTT <= 0.000) U[0,1] (Resp >= 3.967))
",-9999999.000,-9999999.000,0.000,0.000,1.000,2,0,0,3,5,0,2,3,0.4,0.0,0.0,1.0,0.4,0.6,-1
"((MAP >= 82.917) U[1,1] (SBP <= 169.276))
",169.276,169.276,0.000,0.000,1.000,2,0,0,3,5,0,2,3,0.4,0.0,0.0,1.0,0.4,0.6,-1
"((Chloride <= 41.729) U[0,0] (O2Sat >= 28.222))
",85.973,41.648,0.000,0.000,1.000,2,0,0,3,5,0,2,3,0.4,0.0,0.0,1.0,0.4,0.6,-1
"F[0,1](AST <= 2.920 & Resp >= 6.153)
",-9999999.000,-9999999.000,0.000,0.000,1.000,2,0,0,3,5,0,2,3,0.4,0.0,0.0,1.0,0.4,0.6,-1
"F[1,1]((AST <= 1.861 -> Temp >= 1.599) | Lactate >= 3.008)
",-8382727430445726.000,-1.861,0.000,0.000,1.000,2,0,0,3,5,0,2,3,0.4,0.0,0.0,1.0,0.4,0.6,-1
"F[0,0]((HR >= 68.043 -> Temp >= 6.705) & pH <= 17.625)
",-18018.957,-18018.957,0.000,0.000,1.000,2,0,0,3,5,0,2,3,0.4,0.0,0.0,1.0,0.4,0.6,-1
"F[1,1]((Phosphate >= 0.120 & Magnesium > 0.156) -> Calcium < 1.405)
",-1.405,-1.405,0.000,0.000,1.000,1,0,0,4,5,0,1,4,0.2,0.0,0.0,1.0,0.2,0.8,-1
"F[1,1](((TroponinI <= 0.000 & TroponinI >= 0.000) -> Calcium <= 0.000) & Potassium <= 0.000)
",0.000,0.000,0.000,0.000,1.000,1,0,0,4,5,0,1,4,0.2,0.0,0.0,1.0,0.2,0.8,-1
"F[1,1]((O2Sat <= 81.873 | AST <= 3.659) & MAP >= 0.541)
",-0.541,-0.541,0.000,0.000,1.000,1,0,0,4,5,0,1,4,0.2,0.0,0.0,1.0,0.2,0.8,-1
"F[1,1](Platelets <= 138.008 | Resp <= 14.085)
",138.008,138.008,0.000,0.000,1.000,1,0,0,4,5,0,1,4,0.2,0.0,0.0,1.0,0.2,0.8,-1
"((MAP >= 98.798) U[0,1] (SBP <= 166.253))
",-9999999.000,-9999999.000,0.000,0.000,1.000,1,0,0,4,5,0,1,4,0.2,0.0,0.0,1.0,0.2,0.8,-1
"((MAP >= 78.880) U[1,1] (SBP <= 178.265))
",178.265,178.265,0.000,0.000,1.000,1,0,0,4,5,0,1,4,0.2,0.0,0.0,1.0,0.2,0.8,-1
"F[1,1](FiO2 >= 0.000 -> Bilirubin_total <= 0.068)
",-0.068,-0.068,0.000,0.000,1.000,1,0,0,4,5,0,1,4,0.2,0.0,0.0,1.0,0.2,0.8,-1
"((MAP >= 95.685) U[1,2] (SBP <= 163.107))
",-9999999.000,-9999999.000,0.000,0.000,1.000,1,0,0,4,5,0,1,4,0.2,0.0,0.0,1.0,0.2,0.8,-1
"F[0,1](HR <= 70.814 & Platelets <= 86.489)
",-9999999.000,-9999999.000,0.000,0.000,1.000,1,0,0,4,5,0,1,4,0.2,0.0,0.0,1.0,0.2,0.8,-1
"((TroponinI >= 0.000) U[0,1] (MAP >= 90.111))
",-9999999.000,-9999999.000,0.000,0.000,1.000,1,0,0,4,5,0,1,4,0.2,0.0,0.0,1.0,0.2,0.8,-1
"((Hgb >= 0.887) U[1,2] (Alkalinephos >= 6.727))
",-9999999.000,-9999999.000,0.000,0.000,1.000,1,0,0,4,5,0,1,4,0.2,0.0,0.0,1.0,0.2,0.8,-1
"F[1,1]((SBP >= 137.519 | Magnesium >= 0.156) -> WBC <= 1.494)
",-1.494,-1.494,0.000,0.000,1.000,1,0,0,4,5,0,1,4,0.2,0.0,0.0,1.0,0.2,0.8,-1
"F[0,0]((pH <= 0.000 & SBP <= 161.013) -> SBP >= 148.755)
",0.000,0.000,0.000,0.000,1.000,1,0,0,4,5,0,1,4,0.2,0.0,0.0,1.0,0.2,0.8,-1
"((Temp < 25.712) U[1,1] (SepsisLabel = 0.000))
",25.712,25.712,0.000,0.000,1.000,1,0,0,4,5,0,1,4,0.2,0.0,0.0,1.0,0.2,0.8,-1
"((MAP >= 77.878) U[1,1] (SBP <= 175.347))
",175.347,175.347,0.000,0.000,1.000,1,0,0,4,5,0,1,4,0.2,0.0,0.0,1.0,0.2,0.8,-1
"G[0,0](((Platelets <= 57.314 | AST <= 9.404) -> WBC >= 0.973) | Temp >= 0.485)
",1.214,57.315,0.000,1.000,0.000,1,0,0,4,5,0,1,4,0.2,0.0,0.0,1.0,0.2,0.8,1
"G[1,1]((O2Sat >= 14.360 & Creatinine >= 0.036) & PaCO2 <= 0.251)
",-14.360,-14.360,0.000,1.000,0.000,1,0,0,4,5,0,1,4,0.2,0.0,0.0,1.0,0.2,0.8,1
"G[0,1]((Potassium <= 2.797 -> SBP >= 143.023) -> Lactate >= 144.586)
",9999999.000,9999999.000,0.000,1.000,0.000,1,0,0,4,5,0,1,4,0.2,0.0,0.0,1.0,0.2,0.8,1
"G[0,1](((MAP >= 90.376 | Alkalinephos >= 6.695) -> DBP >= 0.507) | pH >= 7.276)
",9999999.000,9999999.000,0.000,1.000,0.000,1,0,0,4,5,0,1,4,0.2,0.0,0.0,1.0,0.2,0.8,1
"G[1,1](Platelets <= 56.577 -> WBC >= 0.213)
",-7962450777990093.000,-56.577,0.000,1.000,0.000,1,0,0,4,5,0,1,4,0.2,0.0,0.0,1.0,0.2,0.8,1
"G[1,1]((PaCO2 >= 0.000 & Alkalinephos >= 2.539) & Platelets >= 0.951)
",-2.539,-2.539,0.000,1.000,0.000,1,0,0,4,5,0,1,4,0.2,0.0,0.0,1.0,0.2,0.8,1
"G[0,0]((Potassium >= 0.027 -> Calcium >= 0.754) -> Resp >= 0.774)
",0.417,0.134,0.000,1.000,0.000,1,0,0,4,5,0,1,4,0.2,0.0,0.0,1.0,0.2,0.8,1
"G[1,1](Magnesium >= 0.059 & SepsisLabel = 0.000)
",-0.059,-0.059,0.000,1.000,0.000,1,0,0,4,5,0,1,4,0.2,0.0,0.0,1.0,0.2,0.8,1
"G[0,1]((Resp >= 3.987 & SaO2 <= 0.000) & Lactate >= 0.000)
",9999999.000,9999999.000,0.000,1.000,0.000,1,0,0,4,5,0,1,4,0.2,0.0,0.0,1.0,0.2,0.8,1
"G[0,0](((Chloride <= 56.731 -> Resp >= 7.333) & Temp >= 3.224) & Chloride <= 19.294)
",-16.384,-55.051,0.000,1.000,0.000,1,0,0,4,5,0,1,4,0.2,0.0,0.0,1.0,0.2,0.8,1
"G[1,1](Chloride >= 7.641 & HCO3 >= 2.030)
",-8602510451123598.000,-7.641,0.000,1.000,0.000,1,0,0,4,5,0,1,4,0.2,0.0,0.0,1.0,0.2,0.8,1
"F[0,1]((Calcium <= 2.109 & Potassium <= 2.880) | HCO3 <= 3.772)
",-9999999.000,-9999999.000,0.000,0.000,1.000,0,0,0,5,5,0,0,5,0.0,0.0,0.0,0.0,0.0,1.0,-1
"F[0,2](Hgb <= 6.617 | Hct <= 32.917)
",-9999999.000,-9999999.000,0.000,0.000,1.000,0,0,0,5,5,0,0,5,0.0,0.0,0.0,0.0,0.0,1.0,-1
"((pH <= 0.000) U[1,2] (Calcium <= 7.819))
",-9999999.000,-9999999.000,0.000,0.000,1.000,0,0,0,5,5,0,0,5,0.0,0.0,0.0,0.0,0.0,1.0,-1
"((DBP <= 0.000) U[1,2] (O2Sat <= 89.890))
",-9999999.000,-9999999.000,0.000,0.000,1.000,0,0,0,5,5,0,0,5,0.0,0.0,0.0,0.0,0.0,1.0,-1
"G[1,2]((WBC >= 0.847 & BUN >= 0.665) & HR <= 10.955)
",9999999.000,9999999.000,0.000,1.000,0.000,0,0,0,5,5,0,0,5,0.0,0.0,0.0,0.0,0.0,1.0,1
"F[0,2](HR >= 68.015 -> SepsisLabel = 0.000)
",-9999999.000,-9999999.000,0.000,0.000,1.000,0,0,0,5,5,0,0,5,0.0,0.0,0.0,0.0,0.0,1.0,-1
"F[0,0](Alkalinephos <= 24.550 -> SepsisLabel = 0.000)
",-4.221,-21.950,0.000,0.000,1.000,0,0,0,5,5,0,0,5,0.0,0.0,0.0,0.0,0.0,1.0,-1
"F[0,2](MAP < 100.136 -> SepsisLabel = 0.000)
",-9999999.000,-9999999.000,0.000,0.000,1.000,0,0,0,5,5,0,0,5,0.0,0.0,0.0,0.0,0.0,1.0,-1
"((Hct <= 9.944) U[0,2] (Resp >= 0.360))
",-9999999.000,-9999999.000,0.000,0.000,1.000,0,0,0,5,5,0,0,5,0.0,0.0,0.0,0.0,0.0,1.0,-1
"((FiO2 <= 0.000) U[2,2] (SepsisLabel >= 0.000))
",0.000,0.000,0.000,0.000,1.000,0,0,0,5,5,0,0,5,0.0,0.0,0.0,0.0,0.0,1.0,-1
"F[1,2](WBC <= 7.778 | Hct >= 3.642)
",-9999999.000,-9999999.000,0.000,0.000,1.000,0,0,0,5,5,0,0,5,0.0,0.0,0.0,0.0,0.0,1.0,-1
"F[2,2](Calcium <= 2.312 -> HCO3 <= 4.022)
",-4.022,-4.022,0.000,0.000,1.000,0,0,0,5,5,0,0,5,0.0,0.0,0.0,0.0,0.0,1.0,-1
"F[1,2](TroponinI <= 0.000 -> Temp >= 8.692)
",-9999999.000,-9999999.000,0.000,0.000,1.000,0,0,0,5,5,0,0,5,0.0,0.0,0.0,0.0,0.0,1.0,-1
"F[0,2](WBC >= 0.867 | Hct >= 5.095)
",-9999999.000,-9999999.000,0.000,0.000,1.000,0,0,0,5,5,0,0,5,0.0,0.0,0.0,0.0,0.0,1.0,-1
"F[1,2](((Potassium >= 0.369 & Platelets >= 14.348) & O2Sat <= 43.753) | Platelets <= 47.621)
",-9999999.000,-9999999.000,0.000,0.000,1.000,0,0,0,5,5,0,0,5,0.0,0.0,0.0,0.0,0.0,1.0,-1
"F[1,2](((Alkalinephos >= 3.151 & Alkalinephos <= 60.959) | O2Sat >= 5.824) & DBP <= 30.001)
",-9999999.000,-9999999.000,0.000,0.000,1.000,0,0,0,5,5,0,0,5,0.0,0.0,0.0,0.0,0.0,1.0,-1
"F[0,1](BaseExcess <= 0.000 & SepsisLabel = 0.000)
",-9999999.000,-9999999.000,0.000,0.000,1.000,0,0,0,5,5,0,0,5,0.0,0.0,0.0,0.0,0.0,1.0,-1
"F[0,1]((SBP >= 139.013 | Alkalinephos >= 3.568) -> Potassium <= 62.018)
",-9999999.000,-9999999.000,0.000,0.000,1.000,0,0,0,5,5,0,0,5,0.0,0.0,0.0,0.0,0.0,1.0,-1
"F[0,2]((BUN >= 0.533 & FiO2 >= 0.000) & Phosphate <= 0.000)
",-9999999.000,-9999999.000,0.000,0.000,1.000,0,0,0,5,5,0,0,5,0.0,0.0,0.0,0.0,0.0,1.0,-1
"F[0,2](FiO2 > 0.000 & SepsisLabel = 0.000)
",-9999999.000,-9999999.000,0.000,0.000,1.000,0,0,0,5,5,0,0,5,0.0,0.0,0.0,0.0,0.0,1.0,-1
"F[1,2](pH <= 0.000 & SepsisLabel = 0.000)
",-9999999.000,-9999999.000,0.000,0.000,1.000,0,0,0,5,5,0,0,5,0.0,0.0,0.0,0.0,0.0,1.0,-1
"F[0,0]((Bilirubin_total >= 0.049 | Magnesium >= 0.132) -> Potassium >= 0.128)
",-0.468,-0.711,0.000,0.000,1.000,0,0,0,5,5,0,0,5,0.0,0.0,0.0,0.0,0.0,1.0,-1
"F[0,2](MAP >= 86.545 & O2Sat <= 97.876)
",-9999999.000,-9999999.000,0.000,0.000,1.000,0,0,0,5,5,0,0,5,0.0,0.0,0.0,0.0,0.0,1.0,-1
"F[2,2](((HCO3 >= 2.162 | Hct >= 0.346) & SBP <= 26.367) -> Hgb >= 4.295)
",0.346,0.346,0.000,0.000,1.000,0,0,0,5,5,0,0,5,0.0,0.0,0.0,0.0,0.0,1.0,-1
"F[0,0]((Bilirubin_total <= 0.246 & Hct >= 6.838) | WBC <= 20.407)
",20.407,20.407,0.000,0.000,1.000,0,0,0,5,5,0,0,5,0.0,0.0,0.0,0.0,0.0,1.0,-1
"F[2,2](((AST <= 9.272 -> Hct <= 18.889) -> Lactate >= 2.673) & Glucose <= 12.929)
",2.673,2.673,0.000,0.000,1.000,0,0,0,5,5,0,0,5,0.0,0.0,0.0,0.0,0.0,1.0,-1
"F[2,2](((O2Sat >= 51.595 & Temp <= 13.916) | Bilirubin_direct <= 32.940) & PaCO2 >= 2.636)
",-2.636,-2.636,0.000,0.000,1.000,0,0,0,5,5,0,0,5,0.0,0.0,0.0,0.0,0.0,1.0,-1
"F[0,2]((SBP >= 138.912 & Temp >= 0.830) -> PTT <= 14.156)
",-9999999.000,-9999999.000,0.000,0.000,1.000,0,0,0,5,5,0,0,5,0.0,0.0,0.0,0.0,0.0,1.0,-1
"F[0,1](((Potassium >= 0.004 | Resp <= 15.045) -> MAP <= 17.538) | WBC <= 12.522)
",-9999999.000,-9999999.000,0.000,0.000,1.000,0,0,0,5,5,0,0,5,0.0,0.0,0.0,0.0,0.0,1.0,-1
"F[1,2](((Phosphate <= 1.374 -> Resp >= 8.162) & pH >= 8.498) | Calcium >= 5.951)
",-9999999.000,-9999999.000,0.000,0.000,1.000,0,0,0,5,5,0,0,5,0.0,0.0,0.0,0.0,0.0,1.0,-1
"((Magnesium >= 0.054) U[0,1] (Resp <= 22.804))
",-9999999.000,-9999999.000,0.000,0.000,1.000,0,0,0,5,5,0,0,5,0.0,0.0,0.0,0.0,0.0,1.0,-1
"((Platelets <= 32.975) U[1,2] (Resp <= 13.738))
",-9999999.000,-9999999.000,0.000,0.000,1.000,0,0,0,5,5,0,0,5,0.0,0.0,0.0,0.0,0.0,1.0,-1
"F[1,2]((Resp >= 8.501 & WBC >= 0.728) | SepsisLabel >= 0.426)
",-9999999.000,-9999999.000,0.000,0.000,1.000,0,0,0,5,5,0,0,5,0.0,0.0,0.0,0.0,0.0,1.0,-1
"F[2,2](((Hct <= 28.886 & Temp <= 26.349) | PTT <= 28.642) -> SaO2 >= 9.076)
",-28.642,-28.642,0.000,0.000,1.000,0,0,0,5,5,0,0,5,0.0,0.0,0.0,0.0,0.0,1.0,-1
"F[0,1]((MAP <= 102.140 | Temp <= 34.217) -> Calcium <= 25.787)
",-9999999.000,-9999999.000,0.000,0.000,1.000,0,0,0,5,5,0,0,5,0.0,0.0,0.0,0.0,0.0,1.0,-1
"F[1,2]((MAP >= 97.981 & Resp >= 6.361) | Alkalinephos >= 2.150)
",-9999999.000,-9999999.000,0.000,0.000,1.000,0,0,0,5,5,0,0,5,0.0,0.0,0.0,0.0,0.0,1.0,-1
"F[2,2](AST >= 1.006 | Bilirubin_total <= 0.446)
",8042047280230803.000,0.446,0.000,0.000,1.000,0,0,0,5,5,0,0,5,0.0,0.0,0.0,0.0,0.0,1.0,-1
"((pH > 0.000) U[0,1] (SepsisLabel = 0.000))
",-9999999.000,-9999999.000,0.000,0.000,1.000,0,0,0,5,5,0,0,5,0.0,0.0,0.0,0.0,0.0,1.0,-1
"((Phosphate <= 1.897) U[0,2] (SBP <= 171.237))
",-9999999.000,-9999999.000,0.000,0.000,1.000,0,0,0,5,5,0,0,5,0.0,0.0,0.0,0.0,0.0,1.0,-1
"F[1,2]((HCO3 <= 15.766 | WBC >= 0.328) | Potassium <= 5.757)
",-9999999.000,-9999999.000,0.000,0.000,1.000,0,0,0,5,5,0,0,5,0.0,0.0,0.0,0.0,0.0,1.0,-1
"F[0,0]((BUN <= 3.150 | HCO3 <= 2.794) | Hct <= 5.977)
",5.977,5.977,0.000,0.000,1.000,0,0,0,5,5,0,0,5,0.0,0.0,0.0,0.0,0.0,1.0,-1
"F[0,1](HCO3 > 1.855 -> SepsisLabel = 0.000)
",-9999999.000,-9999999.000,0.000,0.000,1.000,0,0,0,5,5,0,0,5,0.0,0.0,0.0,0.0,0.0,1.0,-1
"F[2,2](SaO2 >= 0.000 -> SepsisLabel = 0.000)
",0.000,0.000,0.000,0.000,1.000,0,0,0,5,5,0,0,5,0.0,0.0,0.0,0.0,0.0,1.0,-1
"((Alkalinephos >= 4.589) U[0,2] (SepsisLabel = 0.000))
",-9999999.000,-9999999.000,0.000,0.000,1.000,0,0,0,5,5,0,0,5,0.0,0.0,0.0,0.0,0.0,1.0,-1
"F[1,2](BaseExcess >= 0.000 & SepsisLabel = 0.000)
",-9999999.000,-9999999.000,0.000,0.000,1.000,0,0,0,5,5,0,0,5,0.0,0.0,0.0,0.0,0.0,1.0,-1
"F[2,2](SepsisLabel <= 0.000 -> SepsisLabel = 0.000)
",0.000,0.000,0.000,0.000,1.000,0,0,0,5,5,0,0,5,0.0,0.0,0.0,0.0,0.0,1.0,-1
"((Fibrinogen < 0.000) U[0,2] (SepsisLabel = 0.000))
",-9999999.000,-9999999.000,0.000,0.000,1.000,0,0,0,5,5,0,0,5,0.0,0.0,0.0,0.0,0.0,1.0,-1
"F[1,2](Lactate < 0.000 -> SepsisLabel = 0.000)
",-9999999.000,-9999999.000,0.000,0.000,1.000,0,0,0,5,5,0,0,5,0.0,0.0,0.0,0.0,0.0,1.0,-1
"((DBP > 0.000) U[2,2] (SepsisLabel = 0.000))
",0.000,0.000,0.000,0.000,1.000,0,0,0,5,5,0,0,5,0.0,0.0,0.0,0.0,0.0,1.0,-1
"F[1,2](Bilirubin_direct < 0.000 & SepsisLabel = 0.000)
",-9999999.000,-9999999.000,0.000,0.000,1.000,0,0,0,5,5,0,0,5,0.0,0.0,0.0,0.0,0.0,1.0,-1
"F[1,1](DBP >= 0.000 & SepsisLabel = 0.000)
",0.000,0.000,0.000,0.000,1.000,0,0,0,5,5,0,0,5,0.0,0.0,0.0,0.0,0.0,1.0,-1
"((Alkalinephos <= 32.048) U[0,1] (Bilirubin_direct >= 0.000))
",-9999999.000,-9999999.000,0.000,0.000,1.000,0,0,0,5,5,0,0,5,0.0,0.0,0.0,0.0,0.0,1.0,-1
"F[0,0]((Bilirubin_total <= 0.430 -> Bilirubin_direct >= 0.000) | Potassium >= 0.000)
",0.500,0.560,0.000,0.000,1.000,0,0,0,5,5,0,0,5,0.0,0.0,0.0,0.0,0.0,1.0,-1
"F[0,1](((SBP >= 125.802 | BaseExcess <= 0.000) | FiO2 >= 0.000) & Hct >= 0.000)
",-9999999.000,-9999999.000,0.000,0.000,1.000,0,0,0,5,5,0,0,5,0.0,0.0,0.0,0.0,0.0,1.0,-1
"F[0,1](EtCO2 <= 0.000 -> SepsisLabel >= 0.000)
",-9999999.000,-9999999.000,0.000,0.000,1.000,0,0,0,5,5,0,0,5,0.0,0.0,0.0,0.0,0.0,1.0,-1
"F[0,0](((Alkalinephos <= 33.827 -> PaCO2 <= 0.000) -> Magnesium <= 0.000) & AST <= 0.000)
",0.000,0.000,0.000,0.000,1.000,0,0,0,5,5,0,0,5,0.0,0.0,0.0,0.0,0.0,1.0,-1
"F[1,2](((O2Sat <= 96.331 -> SepsisLabel >= 0.000) | Chloride <= 0.000) -> Magnesium <= 0.000)
",-9999999.000,-9999999.000,0.000,0.000,1.000,0,0,0,5,5,0,0,5,0.0,0.0,0.0,0.0,0.0,1.0,-1
"F[1,2](((Phosphate <= 1.941 | BaseExcess <= 0.000) -> DBP <= 0.000) | Bilirubin_direct >= 0.000)
",-9999999.000,-9999999.000,0.000,0.000,1.000,0,0,0,5,5,0,0,5,0.0,0.0,0.0,0.0,0.0,1.0,-1
"F[1,2](Hgb <= 5.512 & Phosphate <= 2.564)
",-9999999.000,-9999999.000,0.000,0.000,1.000,0,0,0,5,5,0,0,5,0.0,0.0,0.0,0.0,0.0,1.0,-1
"((HCO3 >= 0.331) U[2,2] (Potassium <= 0.611))
",0.611,0.611,0.000,0.000,1.000,0,0,0,5,5,0,0,5,0.0,0.0,0.0,0.0,0.0,1.0,-1
"F[1,2]((DBP <= 0.000 -> Magnesium >= 0.062) | Hgb <= 0.407)
",-9999999.000,-9999999.000,0.000,0.000,1.000,0,0,0,5,5,0,0,5,0.0,0.0,0.0,0.0,0.0,1.0,-1
"((Platelets <= 71.891) U[1,1] (DBP <= 0.000))
",71.891,71.891,0.000,0.000,1.000,0,0,0,5,5,0,0,5,0.0,0.0,0.0,0.0,0.0,1.0,-1
"F[1,2](((SaO2 >= 0.000 -> Chloride >= 6.918) & MAP >= 7.151) -> Hct <= 105.480)
",-9999999.000,-9999999.000,0.000,0.000,1.000,0,0,0,5,5,0,0,5,0.0,0.0,0.0,0.0,0.0,1.0,-1
"F[0,1](((Platelets <= 68.775 & SaO2 >= 0.000) -> TroponinI >= 0.000) | DBP <= 0.000)
",-9999999.000,-9999999.000,0.000,0.000,1.000,0,0,0,5,5,0,0,5,0.0,0.0,0.0,0.0,0.0,1.0,-1
"F[0,2](Bilirubin_direct <= 0.000 -> FiO2 >= 0.000)
",-9999999.000,-9999999.000,0.000,0.000,1.000,0,0,0,5,5,0,0,5,0.0,0.0,0.0,0.0,0.0,1.0,-1
"F[0,2](Resp >= 4.621 & Phosphate <= 1.695)
",-9999999.000,-9999999.000,0.000,0.000,1.000,0,0,0,5,5,0,0,5,0.0,0.0,0.0,0.0,0.0,1.0,-1
"F[2,2]((Alkalinephos <= 29.558 -> Lactate >= 0.000) | Hgb <= 0.000)
",0.000,0.000,0.000,0.000,1.000,0,0,0,5,5,0,0,5,0.0,0.0,0.0,0.0,0.0,1.0,-1
"F[0,0]((Temp <= 30.883 | BaseExcess <= 0.000) -> PTT >= 0.000)
",-1.061,-14.733,0.000,0.000,1.000,0,0,0,5,5,0,0,5,0.0,0.0,0.0,0.0,0.0,1.0,-1
"((HCO3 <= 15.506) U[0,2] (Bilirubin_direct >= 0.000))
",-9999999.000,-9999999.000,0.000,0.000,1.000,0,0,0,5,5,0,0,5,0.0,0.0,0.0,0.0,0.0,1.0,-1
"F[0,1]((SepsisLabel >= 0.000 -> Bilirubin_direct >= 0.000) & SaO2 <= 0.000)
",-9999999.000,-9999999.000,0.000,0.000,1.000,0,0,0,5,5,0,0,5,0.0,0.0,0.0,0.0,0.0,1.0,-1
"F[1,2]((Platelets <= 23.535 & O2Sat <= 78.572) -> EtCO2 >= 38.363)
",-9999999.000,-9999999.000,0.000,0.000,1.000,0,0,0,5,5,0,0,5,0.0,0.0,0.0,0.0,0.0,1.0,-1
"F[1,2]((SBP >= 145.690 & Hct >= 2.744) -> Alkalinephos <= 10.549)
",-9999999.000,-9999999.000,0.000,0.000,1.000,0,0,0,5,5,0,0,5,0.0,0.0,0.0,0.0,0.0,1.0,-1
"F[0,1](((SBP >= 142.761 | HCO3 <= 19.000) & SBP >= 1.965) | TroponinI <= 17.538)
",-9999999.000,-9999999.000,0.000,0.000,1.000,0,0,0,5,5,0,0,5,0.0,0.0,0.0,0.0,0.0,1.0,-1
"((Hgb >= 0.984) U[0,0] (SBP >= 139.483))
",0.761,13.516,0.000,0.000,1.000,0,0,0,5,5,0,0,5,0.0,0.0,0.0,0.0,0.0,1.0,-1
"((HCO3 >= 1.507) U[0,2] (Potassium <= 0.913))
",-9999999.000,-9999999.000,0.000,0.000,1.000,0,0,0,5,5,0,0,5,0.0,0.0,0.0,0.0,0.0,1.0,-1
"F[1,2](FiO2 >= 0.000 | Bilirubin_direct <= 0.000)
",-9999999.000,-9999999.000,0.000,0.000,1.000,0,0,0,5,5,0,0,5,0.0,0.0,0.0,0.0,0.0,1.0,-1
"F[0,0](((Phosphate <= 1.450 & Resp <= 20.766) | Phosphate <= 19.699) | DBP >= 1.387)
",15.302,97.479,0.000,0.000,1.000,0,0,0,5,5,0,0,5,0.0,0.0,0.0,0.0,0.0,1.0,-1
"F[2,2](Bilirubin_direct <= 0.000 & Fibrinogen >= 0.000)
",0.000,0.000,0.000,0.000,1.000,0,0,0,5,5,0,0,5,0.0,0.0,0.0,0.0,0.0,1.0,-1
"F[0,1]((SaO2 >= 0.000 | SaO2 >= 0.000) | Temp <= 0.000)
",-9999999.000,-9999999.000,0.000,0.000,1.000,0,0,0,5,5,0,0,5,0.0,0.0,0.0,0.0,0.0,1.0,-1
"F[0,2](((PTT >= 0.000 | Glucose <= 87.234) -> HCO3 <= 103.997) -> Hct <= 76.631)
",-9999999.000,-9999999.000,0.000,0.000,1.000,0,0,0,5,5,0,0,5,0.0,0.0,0.0,0.0,0.0,1.0,-1
"((Creatinine >= 0.026) U[0,2] (BUN >= 0.337))
",-9999999.000,-9999999.000,0.000,0.000,1.000,0,0,0,5,5,0,0,5,0.0,0.0,0.0,0.0,0.0,1.0,-1
"F[0,2](((Bilirubin_direct >= 0.000 | Potassium <= 0.840) | Calcium >= 0.066) & HR <= 3.404)
",-9999999.000,-9999999.000,0.000,0.000,1.000,0,0,0,5,5,0,0,5,0.0,0.0,0.0,0.0,0.0,1.0,-1
"F[0,1]((MAP <= 109.356 | Phosphate <= 1.718) & O2Sat >= 0.258)
",-9999999.000,-9999999.000,0.000,0.000,1.000,0,0,0,5,5,0,0,5,0.0,0.0,0.0,0.0,0.0,1.0,-1
"F[1,1]((Hgb >= 0.355 | Fibrinogen <= 0.000) & FiO2 <= 0.000)
",0.000,0.000,0.000,0.000,1.000,0,0,0,5,5,0,0,5,0.0,0.0,0.0,0.0,0.0,1.0,-1
"F[2,2](((Bilirubin_total >= 0.008 | Alkalinephos >= 4.607) & Hgb <= 7.749) & HCO3 <= 43.166)
",-8692649671905811.000,-0.008,0.000,0.000,1.000,0,0,0,5,5,0,0,5,0.0,0.0,0.0,0.0,0.0,1.0,-1
"F[2,2](SepsisLabel <= 0.000 | HCO3 >= 1.211)
",0.000,0.000,0.000,0.000,1.000,0,0,0,5,5,0,0,5,0.0,0.0,0.0,0.0,0.0,1.0,-1
"F[0,0](PaCO2 >= 0.000 & AST <= 10.850)
",0.000,0.000,0.000,0.000,1.000,0,0,0,5,5,0,0,5,0.0,0.0,0.0,0.0,0.0,1.0,-1
"F[1,2](BaseExcess >= 0.000 -> HCO3 >= 0.301)
",-9999999.000,-9999999.000,0.000,0.000,1.000,0,0,0,5,5,0,0,5,0.0,0.0,0.0,0.0,0.0,1.0,-1
"F[0,2](SepsisLabel >= 0.000 | SepsisLabel >= 0.000)
",-9999999.000,-9999999.000,0.000,0.000,1.000,0,0,0,5,5,0,0,5,0.0,0.0,0.0,0.0,0.0,1.0,-1
"F[1,1](((SaO2 >= 0.000 & Bilirubin_direct >= 0.000) | Resp <= 0.000) -> TroponinI <= 0.000)
",0.000,0.000,0.000,0.000,1.000,0,0,0,5,5,0,0,5,0.0,0.0,0.0,0.0,0.0,1.0,-1
"F[0,2]((HCO3 <= 12.066 -> Platelets >= 11.394) & SaO2 <= 26.518)
",-9999999.000,-9999999.000,0.000,0.000,1.000,0,0,0,5,5,0,0,5,0.0,0.0,0.0,0.0,0.0,1.0,-1
"((SaO2 >= 0.000) U[0,2] (DBP <= 0.000))
",-9999999.000,-9999999.000,0.000,0.000,1.000,0,0,0,5,5,0,0,5,0.0,0.0,0.0,0.0,0.0,1.0,-1
"F[1,2](((BUN <= 6.791 | Platelets >= 13.481) -> O2Sat <= 104.597) & PaCO2 <= 77.028)
",-9999999.000,-9999999.000,0.000,0.000,1.000,0,0,0,5,5,0,0,5,0.0,0.0,0.0,0.0,0.0,1.0,-1
"F[1,2](PaCO2 >= 0.000 & Calcium <= 5.384)
",-9999999.000,-9999999.000,0.000,0.000,1.000,0,0,0,5,5,0,0,5,0.0,0.0,0.0,0.0,0.0,1.0,-1
"F[0,2](((Bilirubin_direct <= 0.000 | HCO3 >= 1.112) & FiO2 <= 17.174) & Alkalinephos <= 7.784)
",-9999999.000,-9999999.000,0.000,0.000,1.000,0,0,0,5,5,0,0,5,0.0,0.0,0.0,0.0,0.0,1.0,-1
"F[0,1]((Alkalinephos >= 3.021 | PaCO2 >= 0.000) -> DBP >= 0.000)
",-9999999.000,-9999999.000,0.000,0.000,1.000,0,0,0,5,5,0,0,5,0.0,0.0,0.0,0.0,0.0,1.0,-1
"F[1,2](Lactate <= 0.000 -> DBP >= 0.000)
",-9999999.000,-9999999.000,0.000,0.000,1.000,0,0,0,5,5,0,0,5,0.0,0.0,0.0,0.0,0.0,1.0,-1
"F[0,2]((Fibrinogen <= 0.000 -> Magnesium <= 1.592) & Hgb <= 0.970)
",-9999999.000,-9999999.000,0.000,0.000,1.000,0,0,0,5,5,0,0,5,0.0,0.0,0.0,0.0,0.0,1.0,-1
"F[0,0]((Alkalinephos <= 55.237 | BUN <= 4.260) & MAP >= 0.300)
",10.122,52.637,0.000,0.000,1.000,0,0,0,5,5,0,0,5,0.0,0.0,0.0,0.0,0.0,1.0,-1
"F[0,2]((Temp >= 3.411 -> BaseExcess >= 0.000) | Magnesium >= 0.000)
",-9999999.000,-9999999.000,0.000,0.000,1.000,0,0,0,5,5,0,0,5,0.0,0.0,0.0,0.0,0.0,1.0,-1
"F[2,2](Phosphate >= 0.186 | MAP <= 109.165)
",109.165,109.165,0.000,0.000,1.000,0,0,0,5,5,0,0,5,0.0,0.0,0.0,0.0,0.0,1.0,-1
"F[1,2]((Phosphate <= 0.675 | SBP >= 136.888) -> Hgb >= 148.407)
",-9999999.000,-9999999.000,0.000,0.000,1.000,0,0,0,5,5,0,0,5,0.0,0.0,0.0,0.0,0.0,1.0,-1
"((O2Sat <= 90.921) U[0,2] (MAP >= 90.350))
",-9999999.000,-9999999.000,0.000,0.000,1.000,0,0,0,5,5,0,0,5,0.0,0.0,0.0,0.0,0.0,1.0,-1
"F[1,2]((Glucose <= 110.506 & EtCO2 >= 0.000) & Temp <= 0.000)
",-9999999.000,-9999999.000,0.000,0.000,1.000,0,0,0,5,5,0,0,5,0.0,0.0,0.0,0.0,0.0,1.0,-1
"F[1,1]((PaCO2 >= 0.000 -> Hct >= 1.042) -> WBC <= 24.420)
",-24.420,-24.420,0.000,0.000,1.000,0,0,0,5,5,0,0,5,0.0,0.0,0.0,0.0,0.0,1.0,-1
"F[2,2](Glucose <= 26.495 & Calcium >= 0.460)
",-0.460,-0.460,0.000,0.000,1.000,0,0,0,5,5,0,0,5,0.0,0.0,0.0,0.0,0.0,1.0,-1
"F[0,2](((Temp >= 6.432 & Fibrinogen <= 0.000) -> MAP >= 0.000) | EtCO2 <= 0.000)
",-9999999.000,-9999999.000,0.000,0.000,1.000,0,0,0,5,5,0,0,5,0.0,0.0,0.0,0.0,0.0,1.0,-1
"F[0,1](((TroponinI >= 0.000 -> Bilirubin_direct >= 0.000) & PaCO2 <= 0.000) -> Temp <= 0.000)
",-9999999.000,-9999999.000,0.000,0.000,1.000,0,0,0,5,5,0,0,5,0.0,0.0,0.0,0.0,0.0,1.0,-1
"F[1,2](SaO2 <= 0.000 -> TroponinI >= 0.000)
",-9999999.000,-9999999.000,0.000,0.000,1.000,0,0,0,5,5,0,0,5,0.0,0.0,0.0,0.0,0.0,1.0,-1
"F[1,2](Lactate >= 0.000 -> Resp <= 13.649)
",-9999999.000,-9999999.000,0.000,0.000,1.000,0,0,0,5,5,0,0,5,0.0,0.0,0.0,0.0,0.0,1.0,-1
"F[0,1]((WBC >= 0.682 | Alkalinephos >= 6.405) -> Chloride <= 49.242)
",-9999999.000,-9999999.000,0.000,0.000,1.000,0,0,0,5,5,0,0,5,0.0,0.0,0.0,0.0,0.0,1.0,-1
"F[1,2](Hct <= 24.754 | Hct <= 23.188)
",-9999999.000,-9999999.000,0.000,0.000,1.000,0,0,0,5,5,0,0,5,0.0,0.0,0.0,0.0,0.0,1.0,-1
"((MAP <= 105.534) U[0,2] (Potassium >= 0.358))
",-9999999.000,-9999999.000,0.000,0.000,1.000,0,0,0,5,5,0,0,5,0.0,0.0,0.0,0.0,0.0,1.0,-1
"((Phosphate >= 0.040) U[0,2] (TroponinI <= 0.000))
",-9999999.000,-9999999.000,0.000,0.000,1.000,0,0,0,5,5,0,0,5,0.0,0.0,0.0,0.0,0.0,1.0,-1
"F[0,0](((MAP <= 106.275 & SBP <= 173.441) -> Magnesium >= 155.063) -> BaseExcess <= 168.219)
",-168.219,-168.219,0.000,0.000,1.000,0,0,0,5,5,0,0,5,0.0,0.0,0.0,0.0,0.0,1.0,-1
"F[1,2](((Chloride >= 0.036 & Creatinine <= 0.638) & MAP >= 0.014) & Bilirubin_total >= 0.009)
",-9999999.000,-9999999.000,0.000,0.000,1.000,0,0,0,5,5,0,0,5,0.0,0.0,0.0,0.0,0.0,1.0,-1
"F[2,2]((Calcium >= 0.311 | O2Sat >= 56.779) & Bilirubin_total >= 16.815)
",-16.815,-16.815,0.000,0.000,1.000,0,0,0,5,5,0,0,5,0.0,0.0,0.0,0.0,0.0,1.0,-1
"F[0,2](((BUN <= 10.327 | Resp <= 11.284) -> Lactate >= 0.697) | pH <= 19.772)
",-9999999.000,-9999999.000,0.000,0.000,1.000,0,0,0,5,5,0,0,5,0.0,0.0,0.0,0.0,0.0,1.0,-1
"((Bilirubin_total >= 0.018) U[2,2] (MAP >= 78.046))
",-0.018,-0.018,0.000,0.000,1.000,0,0,0,5,5,0,0,5,0.0,0.0,0.0,0.0,0.0,1.0,-1
"((MAP <= 108.357) U[1,2] (Phosphate >= 0.160))
",-9999999.000,-9999999.000,0.000,0.000,1.000,0,0,0,5,5,0,0,5,0.0,0.0,0.0,0.0,0.0,1.0,-1
"((PaCO2 >= 0.000) U[1,2] (BaseExcess <= 0.000))
",-9999999.000,-9999999.000,0.000,0.000,1.000,0,0,0,5,5,0,0,5,0.0,0.0,0.0,0.0,0.0,1.0,-1
"F[1,2](((Glucose >= 2.402 -> Chloride <= 88.193) | FiO2 >= 8.584) & DBP >= 3.324)
",-9999999.000,-9999999.000,0.000,0.000,1.000,0,0,0,5,5,0,0,5,0.0,0.0,0.0,0.0,0.0,1.0,-1
"F[1,2]((Alkalinephos >= 5.115 & DBP <= 0.000) | DBP <= 0.000)
",-9999999.000,-9999999.000,0.000,0.000,1.000,0,0,0,5,5,0,0,5,0.0,0.0,0.0,0.0,0.0,1.0,-1
"F[2,2](((TroponinI <= 0.000 -> HCO3 <= 3.431) | Temp >= 0.794) | MAP <= 18.667)
",18.667,18.667,0.000,0.000,1.000,0,0,0,5,5,0,0,5,0.0,0.0,0.0,0.0,0.0,1.0,-1
"F[1,1]((Calcium <= 2.696 | MAP <= 104.554) | Hgb >= 94.206)
",104.554,104.554,0.000,0.000,1.000,0,0,0,5,5,0,0,5,0.0,0.0,0.0,0.0,0.0,1.0,-1
"F[0,1]((Hgb <= 7.450 & HR >= 66.072) -> Chloride <= 74.817)
",-9999999.000,-9999999.000,0.000,0.000,1.000,0,0,0,5,5,0,0,5,0.0,0.0,0.0,0.0,0.0,1.0,-1
"F[0,2](((Bilirubin_direct >= 0.000 -> Chloride <= 63.561) | Temp >= 3.661) & SBP >= 5.075)
",-9999999.000,-9999999.000,0.000,0.000,1.000,0,0,0,5,5,0,0,5,0.0,0.0,0.0,0.0,0.0,1.0,-1
"((Fibrinogen >= 0.000) U[1,2] (Phosphate <= 0.425))
",-9999999.000,-9999999.000,0.000,0.000,1.000,0,0,0,5,5,0,0,5,0.0,0.0,0.0,0.0,0.0,1.0,-1
"F[0,0](((Bilirubin_direct <= 0.000 | SepsisLabel <= 0.000) & Phosphate <= 0.000) & Hct >= 0.000)
",-0.500,-0.340,0.000,0.000,1.000,0,0,0,5,5,0,0,5,0.0,0.0,0.0,0.0,0.0,1.0,-1
"F[0,2]((Calcium <= 2.000 & Potassium <= 2.982) & Magnesium >= 0.006)
",-9999999.000,-9999999.000,0.000,0.000,1.000,0,0,0,5,5,0,0,5,0.0,0.0,0.0,0.0,0.0,1.0,-1
"F[0,1]((Bilirubin_total <= 0.232 -> AST >= 0.448) | SaO2 <= 3.644)
",-9999999.000,-9999999.000,0.000,0.000,1.000,0,0,0,5,5,0,0,5,0.0,0.0,0.0,0.0,0.0,1.0,-1
"F[1,2](((Fibrinogen >= 0.000 | SBP <= 160.506) -> Lactate >= 151.606) -> Fibrinogen <= 178.151)
",-9999999.000,-9999999.000,0.000,0.000,1.000,0,0,0,5,5,0,0,5,0.0,0.0,0.0,0.0,0.0,1.0,-1
"F[2,2](Glucose <= 54.013 & MAP <= 99.549)
",54.013,54.013,0.000,0.000,1.000,0,0,0,5,5,0,0,5,0.0,0.0,0.0,0.0,0.0,1.0,-1
"((Potassium >= 0.016) U[0,1] (HR <= 74.756))
",-9999999.000,-9999999.000,0.000,0.000,1.000,0,0,0,5,5,0,0,5,0.0,0.0,0.0,0.0,0.0,1.0,-1
"F[0,1]((Bilirubin_direct >= 0.000 -> Bilirubin_total >= 0.025) | Magnesium <= 0.206)
",-9999999.000,-9999999.000,0.000,0.000,1.000,0,0,0,5,5,0,0,5,0.0,0.0,0.0,0.0,0.0,1.0,-1
"F[2,2]((Creatinine >= 0.067 | SaO2 <= 0.000) & TroponinI <= 0.000)
",0.000,0.000,0.000,0.000,1.000,0,0,0,5,5,0,0,5,0.0,0.0,0.0,0.0,0.0,1.0,-1
"F[0,2](Lactate >= 0.000 | SepsisLabel <= 0.000)
",-9999999.000,-9999999.000,0.000,0.000,1.000,0,0,0,5,5,0,0,5,0.0,0.0,0.0,0.0,0.0,1.0,-1
"F[0,2](((SaO2 <= 0.000 & MAP >= 82.885) & HCO3 >= 97.550) & Hgb <= 107.802)
",-9999999.000,-9999999.000,0.000,0.000,1.000,0,0,0,5,5,0,0,5,0.0,0.0,0.0,0.0,0.0,1.0,-1
"F[0,1]((HR >= 67.642 & PaCO2 <= 0.000) -> Potassium <= 0.000)
",-9999999.000,-9999999.000,0.000,0.000,1.000,0,0,0,5,5,0,0,5,0.0,0.0,0.0,0.0,0.0,1.0,-1
"F[0,1](((EtCO2 <= 0.000 | Chloride <= 111.074) & HR >= 11.282) | Hct <= 33.935)
",-9999999.000,-9999999.000,0.000,0.000,1.000,0,0,0,5,5,0,0,5,0.0,0.0,0.0,0.0,0.0,1.0,-1
"F[1,2](O2Sat <= 90.835 | Bilirubin_direct <= 0.000)
",-9999999.000,-9999999.000,0.000,0.000,1.000,0,0,0,5,5,0,0,5,0.0,0.0,0.0,0.0,0.0,1.0,-1
"F[0,2](((BUN >= 0.083 | Platelets >= 9.750) -> Bilirubin_direct >= 1.677) -> HR <= 35.802)
",-9999999.000,-9999999.000,0.000,0.000,1.000,0,0,0,5,5,0,0,5,0.0,0.0,0.0,0.0,0.0,1.0,-1
"F[0,1](PTT <= 0.000 -> FiO2 <= 0.000)
",-9999999.000,-9999999.000,0.000,0.000,1.000,0,0,0,5,5,0,0,5,0.0,0.0,0.0,0.0,0.0,1.0,-1
"F[1,2](((HCO3 <= 2.769 | DBP >= 0.000) | Bilirubin_total <= 0.000) | TroponinI >= 0.000)
",-9999999.000,-9999999.000,0.000,0.000,1.000,0,0,0,5,5,0,0,5,0.0,0.0,0.0,0.0,0.0,1.0,-1
"F[0,2](((HR >= 68.438 | SaO2 >= 0.000) | DBP >= 0.000) -> Glucose >= 0.000)
",-9999999.000,-9999999.000,0.000,0.000,1.000,0,0,0,5,5,0,0,5,0.0,0.0,0.0,0.0,0.0,1.0,-1
"F[0,0]((HR <= 75.937 -> Potassium <= 0.741) -> Platelets <= 0.770)
",-1.993,-1.028,0.000,0.000,1.000,0,0,0,5,5,0,0,5,0.0,0.0,0.0,0.0,0.0,1.0,-1
"F[1,2]((Hgb <= 1.640 | MAP <= 106.409) | Creatinine >= 80.826)
",-9999999.000,-9999999.000,0.000,0.000,1.000,0,0,0,5,5,0,0,5,0.0,0.0,0.0,0.0,0.0,1.0,-1
"F[0,2](((MAP <= 101.918 -> Platelets <= 24.116) | pH >= 2.173) | pH <= 74.340)
",-9999999.000,-9999999.000,0.000,0.000,1.000,0,0,0,5,5,0,0,5,0.0,0.0,0.0,0.0,0.0,1.0,-1
"F[2,2](Chloride <= 22.526 -> SepsisLabel = 0.000)
",-22.526,-22.526,0.000,0.000,1.000,0,0,0,5,5,0,0,5,0.0,0.0,0.0,0.0,0.0,1.0,-1
"F[0,1](((PTT <= 0.000 & Bilirubin_direct >= 0.000) & Fibrinogen <= 0.000) & SepsisLabel <= 0.000)
",-9999999.000,-9999999.000,0.000,0.000,1.000,0,0,0,5,5,0,0,5,0.0,0.0,0.0,0.0,0.0,1.0,-1
"F[0,1](((DBP >= 0.000 -> Bilirubin_total <= 0.394) | AST <= 0.210) -> Magnesium <= 0.105)
",-9999999.000,-9999999.000,0.000,0.000,1.000,0,0,0,5,5,0,0,5,0.0,0.0,0.0,0.0,0.0,1.0,-1
"F[0,1](((AST <= 11.673 -> Glucose <= 72.147) & SaO2 >= 2.287) -> PaCO2 <= 92.123)
",-9999999.000,-9999999.000,0.000,0.000,1.000,0,0,0,5,5,0,0,5,0.0,0.0,0.0,0.0,0.0,1.0,-1
"F[0,0]((Bilirubin_total <= 0.405 -> Magnesium >= 0.072) -> FiO2 <= 1.044)
",-2.185,-0.850,0.000,0.000,1.000,0,0,0,5,5,0,0,5,0.0,0.0,0.0,0.0,0.0,1.0,-1
"F[0,2](AST <= 8.575 -> AST >= 0.322)
",-9999999.000,-9999999.000,0.000,0.000,1.000,0,0,0,5,5,0,0,5,0.0,0.0,0.0,0.0,0.0,1.0,-1
"((Calcium >= 0.302) U[0,1] (Potassium <= 2.376))
",-9999999.000,-9999999.000,0.000,0.000,1.000,0,0,0,5,5,0,0,5,0.0,0.0,0.0,0.0,0.0,1.0,-1
"F[0,1]((Platelets <= 141.839 -> Potassium <= 3.360) & pH <= 1.814)
",-9999999.000,-9999999.000,0.000,0.000,1.000,0,0,0,5,5,0,0,5,0.0,0.0,0.0,0.0,0.0,1.0,-1
"F[1,2]((TroponinI >= 0.000 -> WBC <= 3.946) -> Phosphate >= 0.821)
",-9999999.000,-9999999.000,0.000,0.000,1.000,0,0,0,5,5,0,0,5,0.0,0.0,0.0,0.0,0.0,1.0,-1
"F[1,2]((DBP >= 0.000 -> SepsisLabel <= 0.000) | SepsisLabel <= 0.000)
",-9999999.000,-9999999.000,0.000,0.000,1.000,0,0,0,5,5,0,0,5,0.0,0.0,0.0,0.0,0.0,1.0,-1
"F[0,2](((Magnesium <= 0.843 & Calcium >= 0.616) & HCO3 <= 2.398) -> Bilirubin_direct >= 0.138)
",-9999999.000,-9999999.000,0.000,0.000,1.000,0,0,0,5,5,0,0,5,0.0,0.0,0.0,0.0,0.0,1.0,-1
"F[1,2](pH >= 0.000 | Resp >= 8.188)
",-9999999.000,-9999999.000,0.000,0.000,1.000,0,0,0,5,5,0,0,5,0.0,0.0,0.0,0.0,0.0,1.0,-1
"F[1,2]((Bilirubin_direct >= 0.000 -> WBC <= 2.749) | SBP <= 2.736)
",-9999999.000,-9999999.000,0.000,0.000,1.000,0,0,0,5,5,0,0,5,0.0,0.0,0.0,0.0,0.0,1.0,-1
"((HR <= 77.852) U[0,1] (PaCO2 <= 0.000))
",-9999999.000,-9999999.000,0.000,0.000,1.000,0,0,0,5,5,0,0,5,0.0,0.0,0.0,0.0,0.0,1.0,-1
"F[0,1]((Platelets >= 6.810 | Hgb <= 3.290) -> FiO2 <= 5.043)
",-9999999.000,-9999999.000,0.000,0.000,1.000,0,0,0,5,5,0,0,5,0.0,0.0,0.0,0.0,0.0,1.0,-1
"F[0,0](((Hct >= 2.339 -> DBP <= 0.000) | PaCO2 >= 0.000) | PaCO2 >= 0.000)
",2.339,2.339,0.000,0.000,1.000,0,0,0,5,5,0,0,5,0.0,0.0,0.0,0.0,0.0,1.0,-1
"F[0,0](((MAP >= 85.515 & Potassium >= 0.067) -> HR >= 0.118) | HR >= 0.359)
",18086.641,18086.641,0.000,0.000,1.000,0,0,0,5,5,0,0,5,0.0,0.0,0.0,0.0,0.0,1.0,-1
"F[0,0]((Hct >= 3.649 -> EtCO2 <= 0.000) -> BaseExcess <= 0.000)
",-0.816,-1.460,0.000,0.000,1.000,0,0,0,5,5,0,0,5,0.0,0.0,0.0,0.0,0.0,1.0,-1
"F[1,2]((Hct <= 13.828 & Bilirubin_total <= 0.169) & MAP <= 0.309)
",-9999999.000,-9999999.000,0.000,0.000,1.000,0,0,0,5,5,0,0,5,0.0,0.0,0.0,0.0,0.0,1.0,-1
"((DBP >= 0.000) U[1,2] (Magnesium >= 0.008))
",-9999999.000,-9999999.000,0.000,0.000,1.000,0,0,0,5,5,0,0,5,0.0,0.0,0.0,0.0,0.0,1.0,-1
"F[1,2](((Magnesium >= 0.091 -> Resp >= 7.443) & Potassium >= 5.967) & Lactate <= 16.583)
",-9999999.000,-9999999.000,0.000,0.000,1.000,0,0,0,5,5,0,0,5,0.0,0.0,0.0,0.0,0.0,1.0,-1
"F[0,2]((pH >= 0.000 & Phosphate >= 0.206) -> Phosphate >= 0.004)
",-9999999.000,-9999999.000,0.000,0.000,1.000,0,0,0,5,5,0,0,5,0.0,0.0,0.0,0.0,0.0,1.0,-1
"F[0,1](((HCO3 >= 0.630 -> HR <= 71.513) & FiO2 >= 69.244) -> FiO2 <= 70.710)
",-9999999.000,-9999999.000,0.000,0.000,1.000,0,0,0,5,5,0,0,5,0.0,0.0,0.0,0.0,0.0,1.0,-1
"F[0,1](((Calcium <= 8.397 | HR >= 68.178) & HR <= 72.829) | AST >= 69.224)
",-9999999.000,-9999999.000,0.000,0.000,1.000,0,0,0,5,5,0,0,5,0.0,0.0,0.0,0.0,0.0,1.0,-1
"((Hgb <= 11.332) U[0,2] (HR >= 68.762))
",-9999999.000,-9999999.000,0.000,0.000,1.000,0,0,0,5,5,0,0,5,0.0,0.0,0.0,0.0,0.0,1.0,-1
"F[0,2]((HR <= 77.812 | Magnesium <= 1.214) | pH <= 1.648)
",-9999999.000,-9999999.000,0.000,0.000,1.000,0,0,0,5,5,0,0,5,0.0,0.0,0.0,0.0,0.0,1.0,-1
"F[2,2](((HR <= 72.790 | Phosphate >= 0.187) & FiO2 <= 2.568) & SaO2 >= 0.268)
",-0.268,-0.268,0.000,0.000,1.000,0,0,0,5,5,0,0,5,0.0,0.0,0.0,0.0,0.0,1.0,-1
"F[2,2]((O2Sat <= 70.946 -> SBP >= 158.419) -> EtCO2 <= 173.087)
",-173.087,-173.087,0.000,0.000,1.000,0,0,0,5,5,0,0,5,0.0,0.0,0.0,0.0,0.0,1.0,-1
"F[0,2]((Hct >= 5.688 -> SBP >= 134.012) & Bilirubin_total <= 165.150)
",-9999999.000,-9999999.000,0.000,0.000,1.000,0,0,0,5,5,0,0,5,0.0,0.0,0.0,0.0,0.0,1.0,-1
"F[1,2]((Hct <= 16.728 -> Resp <= 18.238) & EtCO2 <= 12.124)
",-9999999.000,-9999999.000,0.000,0.000,1.000,0,0,0,5,5,0,0,5,0.0,0.0,0.0,0.0,0.0,1.0,-1
"F[0,2](BaseExcess <= 0.000 | PTT >= 0.000)
",-9999999.000,-9999999.000,0.000,0.000,1.000,0,0,0,5,5,0,0,5,0.0,0.0,0.0,0.0,0.0,1.0,-1
"F[0,2]((Phosphate >= 0.063 -> Bilirubin_total <= 0.096) -> HR >= 0.007)
",-9999999.000,-9999999.000,0.000,0.000,1.000,0,0,0,5,5,0,0,5,0.0,0.0,0.0,0.0,0.0,1.0,-1
"F[0,2](((Fibrinogen <= 0.000 | O2Sat <= 84.994) & Chloride <= 70.723) | Bilirubin_total <= 95.499)
",-9999999.000,-9999999.000,0.000,0.000,1.000,0,0,0,5,5,0,0,5,0.0,0.0,0.0,0.0,0.0,1.0,-1
"F[2,2](Hgb <= 2.653 | Hct <= 20.556)
",20.556,20.556,0.000,0.000,1.000,0,0,0,5,5,0,0,5,0.0,0.0,0.0,0.0,0.0,1.0,-1
"F[0,1](((Calcium < 5.441 & Potassium < 3.403) & Magnesium < 1.421) & Phosphate < 1.678)
",-9999999.000,-9999999.000,0.000,0.000,1.000,0,0,0,5,5,0,0,5,0.0,0.0,0.0,0.0,0.0,1.0,-1
"F[1,2]((Phosphate >= 0.031 & Magnesium > 0.060) -> Calcium < 6.323)
",-9999999.000,-9999999.000,0.000,0.000,1.000,0,0,0,5,5,0,0,5,0.0,0.0,0.0,0.0,0.0,1.0,-1
"((PaCO2 >= 0.000) U[0,1] (SepsisLabel = 0.000))
",-9999999.000,-9999999.000,0.000,0.000,1.000,0,0,0,5,5,0,0,5,0.0,0.0,0.0,0.0,0.0,1.0,-1
"F[0,1](Hgb <= 6.794 & SepsisLabel = 0.000)
",-9999999.000,-9999999.000,0.000,0.000,1.000,0,0,0,5,5,0,0,5,0.0,0.0,0.0,0.0,0.0,1.0,-1
"F[1,2](((Calcium < 4.767 & Potassium < 1.611) & Magnesium < 1.372) & Phosphate < 2.542)
",-9999999.000,-9999999.000,0.000,0.000,1.000,0,0,0,5,5,0,0,5,0.0,0.0,0.0,0.0,0.0,1.0,-1
"((MAP >= 90.704) U[0,2] (SBP <= 161.625))
",-9999999.000,-9999999.000,0.000,0.000,1.000,0,0,0,5,5,0,0,5,0.0,0.0,0.0,0.0,0.0,1.0,-1
"F[0,0]((Phosphate >= 0.229 & Magnesium > 0.040) -> Calcium < 1.077)
",-1.910,-0.853,0.000,0.000,1.000,0,0,0,5,5,0,0,5,0.0,0.0,0.0,0.0,0.0,1.0,-1
"F[1,2](((Calcium < 1.372 & Potassium < 2.607) & Magnesium < 1.235) & Phosphate < 1.678)
",-9999999.000,-9999999.000,0.000,0.000,1.000,0,0,0,5,5,0,0,5,0.0,0.0,0.0,0.0,0.0,1.0,-1
"F[0,1](((Calcium < 6.507 & Potassium < 2.678) & Magnesium < 0.211) & Phosphate < 0.672)
",-9999999.000,-9999999.000,0.000,0.000,1.000,0,0,0,5,5,0,0,5,0.0,0.0,0.0,0.0,0.0,1.0,-1
"F[1,1](Hgb <= 7.942 | Hct <= 36.129)
",36.129,36.129,0.000,0.000,1.000,0,0,0,5,5,0,0,5,0.0,0.0,0.0,0.0,0.0,1.0,-1
"F[1,2](((Calcium < 6.898 & Potassium < 0.469) & Magnesium < 0.999) & Phosphate < 1.188)
",-9999999.000,-9999999.000,0.000,0.000,1.000,0,0,0,5,5,0,0,5,0.0,0.0,0.0,0.0,0.0,1.0,-1
"F[1,2]((Phosphate >= 0.234 & Magnesium > 0.128) -> Calcium < 8.252)
",-9999999.000,-9999999.000,0.000,0.000,1.000,0,0,0,5,5,0,0,5,0.0,0.0,0.0,0.0,0.0,1.0,-1
"((MAP >= 95.382) U[0,2] (SBP <= 161.787))
",-9999999.000,-9999999.000,0.000,0.000,1.000,0,0,0,5,5,0,0,5,0.0,0.0,0.0,0.0,0.0,1.0,-1
"F[1,2](((Calcium < 3.295 & Potassium < 3.617) & Magnesium < 1.176) & Phosphate < 0.641)
",-9999999.000,-9999999.000,0.000,0.000,1.000,0,0,0,5,5,0,0,5,0.0,0.0,0.0,0.0,0.0,1.0,-1
"F[2,2](((DBP >= 0.000 & Bilirubin_direct >= 0.000) -> O2Sat <= 0.000) -> TroponinI >= 0.000)
",0.000,0.000,0.000,0.000,1.000,0,0,0,5,5,0,0,5,0.0,0.0,0.0,0.0,0.0,1.0,-1
"F[0,2]((Phosphate >= 0.141 & Magnesium > 0.128) -> Calcium < 3.742)
",-9999999.000,-9999999.000,0.000,0.000,1.000,0,0,0,5,5,0,0,5,0.0,0.0,0.0,0.0,0.0,1.0,-1
"F[2,2](Hgb <= 7.616 | Hct <= 35.637)
",35.637,35.637,0.000,0.000,1.000,0,0,0,5,5,0,0,5,0.0,0.0,0.0,0.0,0.0,1.0,-1
"F[1,2](((Calcium < 5.745 & Potassium < 2.820) & Magnesium < 1.275) & Phosphate < 1.862)
",-9999999.000,-9999999.000,0.000,0.000,1.000,0,0,0,5,5,0,0,5,0.0,0.0,0.0,0.0,0.0,1.0,-1
"F[0,1]((Phosphate >= 0.189 & Magnesium > 0.144) -> Calcium < 3.554)
",-9999999.000,-9999999.000,0.000,0.000,1.000,0,0,0,5,5,0,0,5,0.0,0.0,0.0,0.0,0.0,1.0,-1
"F[0,1](Hgb <= 6.516 | Hct <= 30.167)
",-9999999.000,-9999999.000,0.000,0.000,1.000,0,0,0,5,5,0,0,5,0.0,0.0,0.0,0.0,0.0,1.0,-1
"F[1,2]((Calcium <= 3.642 & Potassium <= 1.200) & Magnesium >= 0.016)
",-9999999.000,-9999999.000,0.000,0.000,1.000,0,0,0,5,5,0,0,5,0.0,0.0,0.0,0.0,0.0,1.0,-1
"F[2,2](((Calcium < 5.292 & Potassium < 1.610) & Magnesium < 1.384) & Phosphate < 1.422)
",1.384,1.384,0.000,0.000,1.000,0,0,0,5,5,0,0,5,0.0,0.0,0.0,0.0,0.0,1.0,-1
"F[2,2]((Phosphate >= 0.200 & Magnesium > 0.084) -> Calcium < 3.821)
",-8603566118291613.000,-3.821,0.000,0.000,1.000,0,0,0,5,5,0,0,5,0.0,0.0,0.0,0.0,0.0,1.0,-1
"F[0,0](Hgb <= 6.087 | Hct <= 14.898)
",14.898,14.898,0.000,0.000,1.000,0,0,0,5,5,0,0,5,0.0,0.0,0.0,0.0,0.0,1.0,-1
"F[0,2]((Calcium <= 5.757 & Potassium <= 1.730) & Magnesium >= 0.162)
",-9999999.000,-9999999.000,0.000,0.000,1.000,0,0,0,5,5,0,0,5,0.0,0.0,0.0,0.0,0.0,1.0,-1
"F[0,2](Calcium < 3.646 -> SepsisLabel = 0.000)
",-9999999.000,-9999999.000,0.000,0.000,1.000,0,0,0,5,5,0,0,5,0.0,0.0,0.0,0.0,0.0,1.0,-1
"F[1,2](pH < 0.000 & SepsisLabel = 0.000)
",-9999999.000,-9999999.000,0.000,0.000,1.000,0,0,0,5,5,0,0,5,0.0,0.0,0.0,0.0,0.0,1.0,-1
"((Bilirubin_total < 0.152) U[0,1] (SepsisLabel = 0.000))
",-9999999.000,-9999999.000,0.000,0.000,1.000,0,0,0,5,5,0,0,5,0.0,0.0,0.0,0.0,0.0,1.0,-1
"F[0,2]((Calcium <= 2.125 & Potassium <= 1.840) & Magnesium >= 0.111)
",-9999999.000,-9999999.000,0.000,0.000,1.000,0,0,0,5,5,0,0,5,0.0,0.0,0.0,0.0,0.0,1.0,-1
"F[0,1](Hgb <= 4.294 | Hct <= 31.903)
",-9999999.000,-9999999.000,0.000,0.000,1.000,0,0,0,5,5,0,0,5,0.0,0.0,0.0,0.0,0.0,1.0,-1
"F[0,2]((Phosphate >= 0.245 & Magnesium > 0.089) -> Calcium < 1.799)
",-9999999.000,-9999999.000,0.000,0.000,1.000,0,0,0,5,5,0,0,5,0.0,0.0,0.0,0.0,0.0,1.0,-1
"F[1,2]((Calcium <= 8.158 & Potassium <= 1.386) & Magnesium >= 0.051)
",-9999999.000,-9999999.000,0.000,0.000,1.000,0,0,0,5,5,0,0,5,0.0,0.0,0.0,0.0,0.0,1.0,-1
"F[0,0](SepsisLabel <= 0.000 | HR >= 65.522)
",18021.478,18021.478,0.000,0.000,1.000,0,0,0,5,5,0,0,5,0.0,0.0,0.0,0.0,0.0,1.0,-1
"F[0,1](AST <= 11.404 & Creatinine <= 0.513)
",-9999999.000,-9999999.000,0.000,0.000,1.000,0,0,0,5,5,0,0,5,0.0,0.0,0.0,0.0,0.0,1.0,-1
"F[1,2](((BUN <= 5.857 | HR <= 71.949) -> Hgb >= 69.767) -> Magnesium <= 76.980)
",-9999999.000,-9999999.000,0.000,0.000,1.000,0,0,0,5,5,0,0,5,0.0,0.0,0.0,0.0,0.0,1.0,-1
"F[1,2](((Temp >= 7.167 -> BUN <= 7.715) | PTT <= 8.895) & Calcium >= 0.155)
",-9999999.000,-9999999.000,0.000,0.000,1.000,0,0,0,5,5,0,0,5,0.0,0.0,0.0,0.0,0.0,1.0,-1
"((DBP <= 0.000) U[1,1] (SaO2 >= 0.000))
",0.000,0.000,0.000,0.000,1.000,0,0,0,5,5,0,0,5,0.0,0.0,0.0,0.0,0.0,1.0,-1
"F[1,2]((Phosphate <= 1.993 & Chloride <= 44.631) & Platelets >= 8.072)
",-9999999.000,-9999999.000,0.000,0.000,1.000,0,0,0,5,5,0,0,5,0.0,0.0,0.0,0.0,0.0,1.0,-1
"F[1,2](((Calcium <= 3.030 -> Lactate <= 0.000) & SaO2 <= 0.000) -> SBP >= 0.000)
",-9999999.000,-9999999.000,0.000,0.000,1.000,0,0,0,5,5,0,0,5,0.0,0.0,0.0,0.0,0.0,1.0,-1
"F[0,0](((Calcium >= 0.709 -> O2Sat >= 39.387) | HCO3 >= 5.677) | PaCO2 >= 30.895)
",-5.677,-5.677,0.000,0.000,1.000,0,0,0,5,5,0,0,5,0.0,0.0,0.0,0.0,0.0,1.0,-1
"((TroponinI >= 0.000) U[0,2] (Alkalinephos >= 0.118))
",-9999999.000,-9999999.000,0.000,0.000,1.000,0,0,0,5,5,0,0,5,0.0,0.0,0.0,0.0,0.0,1.0,-1
"((Platelets <= 60.054) U[0,2] (Magnesium <= 0.589))
",-9999999.000,-9999999.000,0.000,0.000,1.000,0,0,0,5,5,0,0,5,0.0,0.0,0.0,0.0,0.0,1.0,-1
"((BaseExcess >= 0.000) U[0,1] (Fibrinogen >= 0.000))
",-9999999.000,-9999999.000,0.000,0.000,1.000,0,0,0,5,5,0,0,5,0.0,0.0,0.0,0.0,0.0,1.0,-1
"F[1,1](PTT <= 0.000 & DBP >= 0.000)
",0.000,0.000,0.000,0.000,1.000,0,0,0,5,5,0,0,5,0.0,0.0,0.0,0.0,0.0,1.0,-1
"F[0,2](BaseExcess <= 0.000 & Bilirubin_total <= 0.154)
",-9999999.000,-9999999.000,0.000,0.000,1.000,0,0,0,5,5,0,0,5,0.0,0.0,0.0,0.0,0.0,1.0,-1
"((PaCO2 <= 0.000) U[1,2] (Magnesium <= 0.941))
",-9999999.000,-9999999.000,0.000,0.000,1.000,0,0,0,5,5,0,0,5,0.0,0.0,0.0,0.0,0.0,1.0,-1
"F[0,1]((Hct <= 30.169 & Lactate >= 0.000) & FiO2 >= 0.000)
",-9999999.000,-9999999.000,0.000,0.000,1.000,0,0,0,5,5,0,0,5,0.0,0.0,0.0,0.0,0.0,1.0,-1
"F[1,2]((Hgb >= 0.649 | HR <= 71.499) -> Hct <= 72.952)
",-9999999.000,-9999999.000,0.000,0.000,1.000,0,0,0,5,5,0,0,5,0.0,0.0,0.0,0.0,0.0,1.0,-1
"F[1,2](Glucose <= 25.223 & Temp >= 4.209)
",-9999999.000,-9999999.000,0.000,0.000,1.000,0,0,0,5,5,0,0,5,0.0,0.0,0.0,0.0,0.0,1.0,-1
"F[2,2](HR >= 68.240 -> MAP >= 79.981)
",68.240,68.240,0.000,0.000,1.000,0,0,0,5,5,0,0,5,0.0,0.0,0.0,0.0,0.0,1.0,-1
"F[0,2]((Glucose >= 1.929 | Temp <= 27.947) | DBP <= 34.838)
",-9999999.000,-9999999.000,0.000,0.000,1.000,0,0,0,5,5,0,0,5,0.0,0.0,0.0,0.0,0.0,1.0,-1
"F[0,0](((Calcium < 1.160 & Potassium < 0.655) & Magnesium < 0.977) & Phosphate < 0.701)
",-0.478,-14.044,0.000,0.000,1.000,0,0,0,5,5,0,0,5,0.0,0.0,0.0,0.0,0.0,1.0,-1
"F[2,2]((Phosphate >= 0.219 & Magnesium > 0.102) -> Calcium < 1.201)
",-1.201,-1.201,0.000,0.000,1.000,0,0,0,5,5,0,0,5,0.0,0.0,0.0,0.0,0.0,1.0,-1
"F[0,2](Hgb <= 3.975 | Hct <= 32.136)
",-9999999.000,-9999999.000,0.000,0.000,1.000,0,0,0,5,5,0,0,5,0.0,0.0,0.0,0.0,0.0,1.0,-1
"F[0,2](((Calcium < 7.265 & Potassium < 3.665) & Magnesium < 0.521) & Phosphate < 1.612)
",-9999999.000,-9999999.000,0.000,0.000,1.000,0,0,0,5,5,0,0,5,0.0,0.0,0.0,0.0,0.0,1.0,-1
"F[2,2]((Phosphate >= 0.023 & Magnesium > 0.136) -> Calcium < 8.163)
",-8.163,-8.163,0.000,0.000,1.000,0,0,0,5,5,0,0,5,0.0,0.0,0.0,0.0,0.0,1.0,-1
"((MAP >= 91.759) U[0,2] (SBP <= 170.041))
",-9999999.000,-9999999.000,0.000,0.000,1.000,0,0,0,5,5,0,0,5,0.0,0.0,0.0,0.0,0.0,1.0,-1
"F[0,2](Hgb <= 7.224 | Hct <= 16.797)
",-9999999.000,-9999999.000,0.000,0.000,1.000,0,0,0,5,5,0,0,5,0.0,0.0,0.0,0.0,0.0,1.0,-1
"F[1,2](Hgb <= 5.679 | Hct <= 20.597)
",-9999999.000,-9999999.000,0.000,0.000,1.000,0,0,0,5,5,0,0,5,0.0,0.0,0.0,0.0,0.0,1.0,-1
"F[0,2](Lactate <= 0.000 -> HCO3 <= 17.806)
",-9999999.000,-9999999.000,0.000,0.000,1.000,0,0,0,5,5,0,0,5,0.0,0.0,0.0,0.0,0.0,1.0,-1
"((Resp <= 23.219) U[1,2] (BaseExcess <= 0.000))
",-9999999.000,-9999999.000,0.000,0.000,1.000,0,0,0,5,5,0,0,5,0.0,0.0,0.0,0.0,0.0,1.0,-1
"F[2,2](((Potassium <= 1.420 | WBC >= 0.716) & Calcium >= 0.196) -> SaO2 >= 0.558)
",0.196,0.196,0.000,0.000,1.000,0,0,0,5,5,0,0,5,0.0,0.0,0.0,0.0,0.0,1.0,-1
"G[0,0](((Hgb <= 4.400 | Hct <= 30.462) -> WBC >= 0.251) & Platelets >= 2.950)
",-8574376410028838.000,-30.462,0.000,1.000,0.000,0,0,0,5,5,0,0,5,0.0,0.0,0.0,0.0,0.0,1.0,1
"G[0,2]((pH >= 0.000 & PaCO2 <= 0.000) -> Bilirubin_direct >= 0.000)
",9999999.000,9999999.000,0.000,1.000,0.000,0,0,5,0,0,5,5,0,0.0,0.0,1.0,0.0,0.0,1.0,1
"G[1,2](((FiO2 <= 0.000 | BaseExcess <= 0.000) | Bilirubin_direct <= 0.000) -> EtCO2 >= 0.000)
",9999999.000,9999999.000,0.000,1.000,0.000,0,0,5,0,0,5,5,0,0.0,0.0,1.0,0.0,0.0,1.0,1
"G[1,2](((WBC >= 0.178 & Temp >= 5.072) -> BUN >= 1.065) -> Bilirubin_total >= 9.935)
",9999999.000,9999999.000,0.000,1.000,0.000,0,0,0,5,5,0,0,5,0.0,0.0,0.0,0.0,0.0,1.0,1
"G[1,2](PaCO2 <= 0.000 -> Phosphate >= 0.072)
",9999999.000,9999999.000,0.000,1.000,0.000,0,0,1,4,4,1,1,4,0.0,0.0,1.0,0.0,0.0,1.0,1
"G[2,2](Platelets <= 14.865 -> WBC >= 0.358)
",-14.865,-14.865,0.000,1.000,0.000,0,0,5,0,0,5,5,0,0.0,0.0,1.0,0.0,0.0,1.0,1
"G[0,2](((Magnesium >= 0.004 & TroponinI <= 0.000) & Magnesium <= 0.000) -> Bilirubin_direct <= 0.000)
",9999999.000,9999999.000,0.000,1.000,0.000,0,0,5,0,0,5,5,0,0.0,0.0,1.0,0.0,0.0,1.0,1
"G[1,2]((Alkalinephos >= 6.295 & BaseExcess <= 0.000) -> Glucose <= 0.000)
",9999999.000,9999999.000,0.000,1.000,0.000,0,0,4,1,1,4,4,1,0.0,0.0,1.0,0.0,0.0,1.0,1
"G[1,2]((Phosphate >= 0.166 -> BUN >= 0.854) & MAP >= 0.005)
",9999999.000,9999999.000,0.000,1.000,0.000,0,0,5,0,0,5,5,0,0.0,0.0,1.0,0.0,0.0,1.0,1
"G[0,2]((BaseExcess <= 0.000 & MAP <= 101.162) -> Phosphate >= 93.867)
",9999999.000,9999999.000,0.000,1.000,0.000,0,0,2,3,3,2,2,3,0.0,0.0,1.0,0.0,0.0,1.0,1
"G[1,2](HR <= 76.807 & Phosphate >= 0.063)
",9999999.000,9999999.000,0.000,1.000,0.000,0,0,1,4,4,1,1,4,0.0,0.0,1.0,0.0,0.0,1.0,1
"G[2,2](DBP <= 0.000 | HCO3 <= 6.533)
",6.533,6.533,0.000,1.000,0.000,0,0,5,0,0,5,5,0,0.0,0.0,1.0,0.0,0.0,1.0,1
"G[0,2](((Creatinine <= 0.480 -> Fibrinogen <= 0.000) -> Chloride >= 0.000) | Glucose <= 0.000)
",9999999.000,9999999.000,0.000,1.000,0.000,0,0,5,0,0,5,5,0,0.0,0.0,1.0,0.0,0.0,1.0,1
"G[2,2](((PaCO2 <= 0.000 -> Platelets <= 141.848) -> Resp >= 1.081) & BUN >= 2.660)
",-2.660,-2.660,0.000,1.000,0.000,0,0,5,0,0,5,5,0,0.0,0.0,1.0,0.0,0.0,1.0,1
"G[1,2](Lactate <= 0.000 -> FiO2 <= 0.000)
",9999999.000,9999999.000,0.000,1.000,0.000,0,0,5,0,0,5,5,0,0.0,0.0,1.0,0.0,0.0,1.0,1
"G[1,2](Temp <= 34.987 | MAP >= 90.318)
",9999999.000,9999999.000,0.000,1.000,0.000,0,0,5,0,0,5,5,0,0.0,0.0,1.0,0.0,0.0,1.0,1
"G[1,2]((Platelets <= 140.706 | Resp <= 12.785) & HCO3 >= 6.705)
",9999999.000,9999999.000,0.000,1.000,0.000,0,0,0,5,5,0,0,5,0.0,0.0,0.0,0.0,0.0,1.0,1
"G[1,2](SaO2 >= 0.000 -> SBP >= 145.361)
",9999999.000,9999999.000,0.000,1.000,0.000,0,0,4,1,1,4,4,1,0.0,0.0,1.0,0.0,0.0,1.0,1
"G[0,2](((Alkalinephos <= 66.140 -> Hgb <= 1.287) | PTT >= 1.088) -> Bilirubin_total <= 11.265)
",9999999.000,9999999.000,0.000,1.000,0.000,0,0,5,0,0,5,5,0,0.0,0.0,1.0,0.0,0.0,1.0,1
"G[2,2]((Creatinine >= 0.045 & Potassium >= 0.132) | Lactate >= 0.181)
",-0.132,-0.132,0.000,1.000,0.000,0,0,5,0,0,5,5,0,0.0,0.0,1.0,0.0,0.0,1.0,1
"G[0,2]((O2Sat >= 11.116 & Resp >= 2.313) -> Resp <= 20.625)
",9999999.000,9999999.000,0.000,1.000,0.000,0,0,3,2,2,3,3,2,0.0,0.0,1.0,0.0,0.0,1.0,1
"G[0,2]((Magnesium >= 0.042 -> WBC <= 4.406) | PTT >= 0.069)
",9999999.000,9999999.000,0.000,1.000,0.000,0,0,4,1,1,4,4,1,0.0,0.0,1.0,0.0,0.0,1.0,1
"G[0,2](((Hgb <= 7.146 | Hct <= 30.801) -> WBC >= 0.848) & Platelets >= 5.666)
",9999999.000,9999999.000,0.000,1.000,0.000,0,0,0,5,5,0,0,5,0.0,0.0,0.0,0.0,0.0,1.0,1
"G[0,1](Chloride >= 3.841 & HCO3 >= 2.180)
",9999999.000,9999999.000,0.000,1.000,0.000,0,0,0,5,5,0,0,5,0.0,0.0,0.0,0.0,0.0,1.0,1
"G[0,0](BUN <= 8.787 & Creatinine >= 0.063)
",-0.550,-0.693,0.000,1.000,0.000,0,0,0,5,5,0,0,5,0.0,0.0,0.0,0.0,0.0,1.0,1
"G[0,1](((Hgb <= 4.364 | Hct <= 21.114) -> WBC >= 0.196) & Platelets >= 8.295)
",9999999.000,9999999.000,0.000,1.000,0.000,0,0,0,5,5,0,0,5,0.0,0.0,0.0,0.0,0.0,1.0,1
"G[0,1](Platelets <= 17.251 -> WBC >= 0.443)
",9999999.000,9999999.000,0.000,1.000,0.000,0,0,0,5,5,0,0,5,0.0,0.0,0.0,0.0,0.0,1.0,1
"G[0,2](Chloride >= 3.159 & HCO3 >= 0.069)
",9999999.000,9999999.000,0.000,1.000,0.000,0,0,0,5,5,0,0,5,0.0,0.0,0.0,0.0,0.0,1.0,1
"G[2,2]((Temp <= 27.410 | Hct >= 0.696) & Fibrinogen <= 9.858)
",9.858,9.858,0.000,1.000,0.000,0,0,5,0,0,5,5,0,0.0,0.0,1.0,0.0,0.0,1.0,1
"G[1,2]((BaseExcess <= 0.000 -> Glucose >= 11.323) | BUN >= 0.611)
",9999999.000,9999999.000,0.000,1.000,0.000,0,0,1,4,4,1,1,4,0.0,0.0,1.0,0.0,0.0,1.0,1
"G[0,2](((pH <= 0.000 & HR >= 65.738) | O2Sat <= 75.817) -> Chloride <= 74.279)
",9999999.000,9999999.000,0.000,1.000,0.000,0,0,4,1,1,4,4,1,0.0,0.0,1.0,0.0,0.0,1.0,1
"G[2,2](AST >= 0.630 & SBP <= 159.984)
",-0.630,-0.630,0.000,1.000,0.000,0,0,5,0,0,5,5,0,0.0,0.0,1.0,0.0,0.0,1.0,1
"G[0,2](((Phosphate >= 0.225 | Phosphate <= 1.876) & Bilirubin_total >= 0.047) & Glucose <= 2.319)
",9999999.000,9999999.000,0.000,1.000,0.000,0,0,0,5,5,0,0,5,0.0,0.0,0.0,0.0,0.0,1.0,1
"G[1,2]((Potassium <= 0.594 -> Potassium >= 0.032) | SaO2 <= 2.662)
",9999999.000,9999999.000,0.000,1.000,0.000,0,0,5,0,0,5,5,0,0.0,0.0,1.0,0.0,0.0,1.0,1
"G[2,2](((AST <= 11.089 | Chloride <= 66.804) | pH <= 48.552) | Magnesium <= 72.698)
",72.698,72.698,0.000,1.000,0.000,0,0,5,0,0,5,5,0,0.0,0.0,1.0,0.0,0.0,1.0,1
"G[1,2](Chloride >= 3.918 | Creatinine <= 0.245)
",9999999.000,9999999.000,0.000,1.000,0.000,0,0,5,0,0,5,5,0,0.0,0.0,1.0,0.0,0.0,1.0,1
"G[0,2]((Calcium >= 0.294 | MAP >= 94.699) & Glucose <= 106.782)
",9999999.000,9999999.000,0.000,1.000,0.000,0,0,3,2,2,3,3,2,0.0,0.0,1.0,0.0,0.0,1.0,1
"G[0,2](((Alkalinephos <= 63.084 & MAP >= 97.687) | Calcium >= 97.979) -> Calcium <= 108.100)
",9999999.000,9999999.000,0.000,1.000,0.000,0,0,5,0,0,5,5,0,0.0,0.0,1.0,0.0,0.0,1.0,1
"G[0,1]((AST >= 0.973 | MAP >= 93.169) & PaCO2 >= 90.181)
",9999999.000,9999999.000,0.000,1.000,0.000,0,0,0,5,5,0,0,5,0.0,0.0,0.0,0.0,0.0,1.0,1
"G[0,2](((HCO3 <= 15.823 | MAP >= 88.493) & WBC <= 100.677) -> Glucose <= 107.349)
",9999999.000,9999999.000,0.000,1.000,0.000,0,0,4,1,1,4,4,1,0.0,0.0,1.0,0.0,0.0,1.0,1
"G[0,2](Hct >= 5.002 & MAP >= 81.386)
",9999999.000,9999999.000,0.000,1.000,0.000,0,0,0,5,5,0,0,5,0.0,0.0,0.0,0.0,0.0,1.0,1
"G[0,0](Chloride >= 7.244 & HR >= 69.321)
",-1.656,-5.564,0.000,1.000,0.000,0,0,0,5,5,0,0,5,0.0,0.0,0.0,0.0,0.0,1.0,1
"G[2,2](Glucose <= 56.421 -> HR >= 66.912)
",-56.421,-56.421,0.000,1.000,0.000,0,0,5,0,0,5,5,0,0.0,0.0,1.0,0.0,0.0,1.0,1
"G[1,2](Platelets <= 113.731 -> SBP <= 167.033)
",9999999.000,9999999.000,0.000,1.000,0.000,0,0,2,3,3,2,2,3,0.0,0.0,1.0,0.0,0.0,1.0,1
"G[1,2]((HR >= 69.256 -> Resp >= 1.731) -> Phosphate <= 22.599)
",9999999.000,9999999.000,0.000,1.000,0.000,0,0,5,0,0,5,5,0,0.0,0.0,1.0,0.0,0.0,1.0,1
"G[0,1]((FiO2 >= 0.000 | WBC <= 3.462) -> Phosphate >= 0.118)
",9999999.000,9999999.000,0.000,1.000,0.000,0,0,0,5,5,0,0,5,0.0,0.0,0.0,0.0,0.0,1.0,1
"G[0,0](Hgb >= 0.576 & Temp >= 0.807)
",0.452,6.511,0.000,1.000,0.000,0,0,0,5,5,0,0,5,0.0,0.0,0.0,0.0,0.0,1.0,1
"G[0,2]((O2Sat >= 3.906 & Platelets >= 12.747) -> Bilirubin_total <= 136.938)
",9999999.000,9999999.000,0.000,1.000,0.000,0,0,5,0,0,5,5,0,0.0,0.0,1.0,0.0,0.0,1.0,1
"G[1,2](((Resp <= 18.034 -> SBP <= 176.105) | Magnesium >= 131.864) -> Magnesium >= 140.385)
",9999999.000,9999999.000,0.000,1.000,0.000,0,0,0,5,5,0,0,5,0.0,0.0,0.0,0.0,0.0,1.0,1
"G[0,2]((HR >= 67.589 | O2Sat >= 26.052) | SepsisLabel <= 68.315)
",9999999.000,9999999.000,0.000,1.000,0.000,0,0,5,0,0,5,5,0,0.0,0.0,1.0,0.0,0.0,1.0,1
"G[2,2](Glucose <= 14.979 -> Hct <= 24.422)
",-24.422,-24.422,0.000,1.000,0.000,0,0,5,0,0,5,5,0,0.0,0.0,1.0,0.0,0.0,1.0,1
"G[0,2](((Chloride >= 1.737 -> Hct >= 1.222) | PaCO2 >= 1.659) & Lactate <= 34.298)
",9999999.000,9999999.000,0.000,1.000,0.000,0,0,5,0,0,5,5,0,0.0,0.0,1.0,0.0,0.0,1.0,1
"G[1,2]((HCO3 <= 8.850 | Creatinine <= 0.380) | Alkalinephos <= 0.616)
",9999999.000,9999999.000,0.000,1.000,0.000,0,0,4,1,1,4,4,1,0.0,0.0,1.0,0.0,0.0,1.0,1
"G[1,1]((Calcium >= 0.045 -> Hct >= 1.471) & SBP <= 30.616)
",0.045,0.045,0.000,1.000,0.000,0,0,0,5,5,0,0,5,0.0,0.0,0.0,0.0,0.0,1.0,1
"G[1,2](((Potassium >= 0.266 | Phosphate <= 1.098) | BaseExcess <= 2.797) & Lactate >= 0.211)
",9999999.000,9999999.000,0.000,1.000,0.000,0,0,0,5,5,0,0,5,0.0,0.0,0.0,0.0,0.0,1.0,1
"G[1,2](((TroponinI <= 0.000 | MAP <= 99.235) -> Bilirubin_total <= 106.801) & EtCO2 >= 77.645)
",9999999.000,9999999.000,0.000,1.000,0.000,0,0,0,5,5,0,0,5,0.0,0.0,0.0,0.0,0.0,1.0,1
"G[0,2]((Magnesium <= 1.517 -> Bilirubin_direct <= 0.000) -> SaO2 >= 0.000)
",9999999.000,9999999.000,0.000,1.000,0.000,0,0,5,0,0,5,5,0,0.0,0.0,1.0,0.0,0.0,1.0,1
"G[2,2](((Bilirubin_total >= 0.009 & SaO2 >= 0.000) -> O2Sat <= 0.000) -> Phosphate <= 0.000)
",0.000,0.000,0.000,1.000,0.000,0,0,5,0,0,5,5,0,0.0,0.0,1.0,0.0,0.0,1.0,1
"G[0,1](BUN <= 11.821 & Creatinine >= 0.017)
",9999999.000,9999999.000,0.000,1.000,0.000,0,0,0,5,5,0,0,5,0.0,0.0,0.0,0.0,0.0,1.0,1
"G[0,2](Platelets <= 28.996 -> WBC >= 0.723)
",9999999.000,9999999.000,0.000,1.000,0.000,0,0,0,5,5,0,0,5,0.0,0.0,0.0,0.0,0.0,1.0,1
"F[0,2](FiO2 <= 0.000 | AST >= 0.739)
",-9999999.000,-9999999.000,0.000,0.000,1.000,0,0,0,5,5,0,0,5,0.0,0.0,0.0,0.0,0.0,1.0,-1
"G[0,2](Chloride >= 5.852 & HCO3 >= 0.279)
",9999999.000,9999999.000,0.000,1.000,0.000,0,0,0,5,5,0,0,5,0.0,0.0,0.0,0.0,0.0,1.0,1
"G[2,2](PTT > 0.000 & SepsisLabel = 0.000)
",0.000,0.000,0.000,1.000,0.000,0,0,5,0,0,5,5,0,0.0,0.0,1.0,0.0,0.0,1.0,1
"G[0,2](BUN <= 9.502 & Creatinine >= 0.068)
",9999999.000,9999999.000,0.000,1.000,0.000,0,0,0,5,5,0,0,5,0.0,0.0,0.0,0.0,0.0,1.0,1
"G[0,1](((Hgb <= 8.362 | Hct <= 13.395) -> WBC >= 0.167) & Platelets >= 7.423)
",9999999.000,9999999.000,0.000,1.000,0.000,0,0,0,5,5,0,0,5,0.0,0.0,0.0,0.0,0.0,1.0,1
"G[0,0](Platelets <= 106.070 -> WBC >= 0.645)
",-7464011834505414.000,-106.070,0.000,1.000,0.000,0,0,0,5,5,0,0,5,0.0,0.0,0.0,0.0,0.0,1.0,1
"G[1,2](Chloride >= 1.846 & HCO3 >= 1.277)
",9999999.000,9999999.000,0.000,1.000,0.000,0,0,1,4,4,1,1,4,0.0,0.0,1.0,0.0,0.0,1.0,1
"G[0,2](BUN <= 3.073 & Creatinine >= 0.026)
",9999999.000,9999999.000,0.000,1.000,0.000,0,0,0,5,5,0,0,5,0.0,0.0,0.0,0.0,0.0,1.0,1
"G[0,2](((Hgb <= 11.008 | Hct <= 18.437) -> WBC >= 0.853) & Platelets >= 11.478)
",9999999.000,9999999.000,0.000,1.000,0.000,0,0,0,5,5,0,0,5,0.0,0.0,0.0,0.0,0.0,1.0,1
"G[2,2](Platelets <= 29.617 -> WBC >= 0.770)
",-29.617,-29.617,0.000,1.000,0.000,0,0,5,0,0,5,5,0,0.0,0.0,1.0,0.0,0.0,1.0,1
"G[0,1](Chloride >= 9.287 & HCO3 >= 0.429)
",9999999.000,9999999.000,0.000,1.000,0.000,0,0,0,5,5,0,0,5,0.0,0.0,0.0,0.0,0.0,1.0,1
"G[1,2](BUN <= 10.523 & Creatinine >= 0.066)
",9999999.000,9999999.000,0.000,1.000,0.000,0,0,0,5,5,0,0,5,0.0,0.0,0.0,0.0,0.0,1.0,1
"G[0,1](Platelets <= 84.823 -> WBC >= 0.440)
",9999999.000,9999999.000,0.000,1.000,0.000,0,0,0,5,5,0,0,5,0.0,0.0,0.0,0.0,0.0,1.0,1
"G[2,2](((HCO3 <= 7.418 -> Resp <= 20.749) | PaCO2 <= 18.591) -> EtCO2 >= 3.330)
",-18.591,-18.591,0.000,1.000,0.000,0,0,5,0,0,5,5,0,0.0,0.0,1.0,0.0,0.0,1.0,1
"G[1,2]((Bilirubin_total >= 0.050 -> O2Sat <= 85.108) -> TroponinI <= 61.117)
",9999999.000,9999999.000,0.000,1.000,0.000,0,0,5,0,0,5,5,0,0.0,0.0,1.0,0.0,0.0,1.0,1
"G[0,1](Chloride >= 10.150 & HCO3 >= 0.031)
",9999999.000,9999999.000,0.000,1.000,0.000,0,0,0,5,5,0,0,5,0.0,0.0,0.0,0.0,0.0,1.0,1
"G[0,2]((pH >= 0.000 & Platelets >= 8.212) & SBP >= 0.164)
",9999999.000,9999999.000,0.000,1.000,0.000,0,0,0,5,5,0,0,5,0.0,0.0,0.0,0.0,0.0,1.0,1
"G[2,2](((Magnesium >= 0.008 | BUN <= 7.475) & MAP >= 0.371) & Magnesium >= 0.954)
",-8595494169905283.000,-0.954,0.000,1.000,0.000,0,0,5,0,0,5,5,0,0.0,0.0,1.0,0.0,0.0,1.0,1
"G[1,2](((Glucose >= 7.694 -> pH <= 0.000) | Calcium <= 0.000) & Hgb >= 0.000)
",9999999.000,9999999.000,0.000,1.000,0.000,0,0,5,0,0,5,5,0,0.0,0.0,1.0,0.0,0.0,1.0,1
"G[0,1](Calcium >= 0.504 | Platelets >= 2.806)
",9999999.000,9999999.000,0.000,1.000,0.000,0,0,0,5,5,0,0,5,0.0,0.0,0.0,0.0,0.0,1.0,1
"G[0,2]((Chloride <= 55.908 | DBP >= 0.000) -> PTT >= 0.000)
",9999999.000,9999999.000,0.000,1.000,0.000,0,0,5,0,0,5,5,0,0.0,0.0,1.0,0.0,0.0,1.0,1
"G[0,2]((Fibrinogen <= 0.000 -> Creatinine <= 0.301) -> Glucose >= 0.006)
",9999999.000,9999999.000,0.000,1.000,0.000,0,0,0,5,5,0,0,5,0.0,0.0,0.0,0.0,0.0,1.0,1
"G[1,2](Platelets >= 12.890 | O2Sat <= 75.573)
",9999999.000,9999999.000,0.000,1.000,0.000,0,0,3,2,2,3,3,2,0.0,0.0,1.0,0.0,0.0,1.0,1
"G[1,1](((BaseExcess >= 0.000 -> HR <= 70.585) | Chloride <= 75.744) & Phosphate >= 69.172)
",-69.172,-69.172,0.000,1.000,0.000,0,0,0,5,5,0,0,5,0.0,0.0,0.0,0.0,0.0,1.0,1
"G[1,2]((Calcium <= 8.117 -> BUN <= 12.004) | Potassium <= 4.011)
",9999999.000,9999999.000,0.000,1.000,0.000,0,0,5,0,0,5,5,0,0.0,0.0,1.0,0.0,0.0,1.0,1
"G[2,2](((HCO3 >= 0.693 -> Magnesium >= 0.059) | Glucose <= 0.865) -> DBP >= 0.015)
",-0.865,-0.865,0.000,1.000,0.000,0,0,5,0,0,5,5,0,0.0,0.0,1.0,0.0,0.0,1.0,1
"G[1,2]((TroponinI >= 0.000 | HR <= 74.488) | Chloride >= 69.091)
",9999999.000,9999999.000,0.000,1.000,0.000,0,0,5,0,0,5,5,0,0.0,0.0,1.0,0.0,0.0,1.0,1
"G[1,2]((DBP >= 0.000 | Lactate <= 0.000) | O2Sat <= 0.000)
",9999999.000,9999999.000,0.000,1.000,0.000,0,0,5,0,0,5,5,0,0.0,0.0,1.0,0.0,0.0,1.0,1
"G[0,2](O2Sat >= 45.632 -> MAP <= 103.996)
",9999999.000,9999999.000,0.000,1.000,0.000,0,0,3,2,2,3,3,2,0.0,0.0,1.0,0.0,0.0,1.0,1
"G[1,2](Chloride < 13.128 -> SepsisLabel = 0.000)
",9999999.000,9999999.000,0.000,1.000,0.000,0,0,5,0,0,5,5,0,0.0,0.0,1.0,0.0,0.0,1.0,1
"G[0,1](HCO3 > 0.079 & SepsisLabel = 0.000)
",9999999.000,9999999.000,0.000,1.000,0.000,0,0,0,5,5,0,0,5,0.0,0.0,0.0,0.0,0.0,1.0,1
"G[1,2](Chloride >= 5.147 -> SepsisLabel = 0.000)
",9999999.000,9999999.000,0.000,1.000,0.000,0,0,5,0,0,5,5,0,0.0,0.0,1.0,0.0,0.0,1.0,1
"G[1,2](((Hgb <= 2.115 | Hct <= 10.546) -> WBC >= 0.642) & Platelets >= 7.103)
",9999999.000,9999999.000,0.000,1.000,0.000,0,0,1,4,4,1,1,4,0.0,0.0,1.0,0.0,0.0,1.0,1
"G[0,1](BUN <= 8.108 & Creatinine >= 0.011)
",9999999.000,9999999.000,0.000,1.000,0.000,0,0,0,5,5,0,0,5,0.0,0.0,0.0,0.0,0.0,1.0,1
"G[1,2](((Hgb <= 2.270 | Hct <= 9.856) -> WBC >= 0.666) & Platelets >= 0.955)
",9999999.000,9999999.000,0.000,1.000,0.000,0,0,1,4,4,1,1,4,0.0,0.0,1.0,0.0,0.0,1.0,1
"G[0,1](Platelets <= 40.176 -> WBC >= 0.019)
",9999999.000,9999999.000,0.000,1.000,0.000,0,0,0,5,5,0,0,5,0.0,0.0,0.0,0.0,0.0,1.0,1
"G[0,1](Chloride >= 10.386 & HCO3 >= 0.694)
",9999999.000,9999999.000,0.000,1.000,0.000,0,0,0,5,5,0,0,5,0.0,0.0,0.0,0.0,0.0,1.0,1
"G[1,1](BUN <= 10.317 & Creatinine >= 0.026)
",-7416872128013533.000,-0.026,0.000,1.000,0.000,0,0,0,5,5,0,0,5,0.0,0.0,0.0,0.0,0.0,1.0,1
"G[0,1](((Hgb <= 11.703 | Hct <= 29.083) -> WBC >= 0.676) & Platelets >= 3.305)
",9999999.000,9999999.000,0.000,1.000,0.000,0,0,0,5,5,0,0,5,0.0,0.0,0.0,0.0,0.0,1.0,1
"G[0,1](Platelets <= 89.720 -> WBC >= 0.686)
",9999999.000,9999999.000,0.000,1.000,0.000,0,0,0,5,5,0,0,5,0.0,0.0,0.0,0.0,0.0,1.0,1
"G[0,0](Chloride >= 11.121 & HCO3 >= 0.049)
",-2.810,-9.441,0.000,1.000,0.000,0,0,0,5,5,0,0,5,0.0,0.0,0.0,0.0,0.0,1.0,1
"G[0,1](BUN <= 10.898 & Creatinine >= 0.063)
",9999999.000,9999999.000,0.000,1.000,0.000,0,0,0,5,5,0,0,5,0.0,0.0,0.0,0.0,0.0,1.0,1
"G[0,2](((Hgb <= 6.945 | Hct <= 30.158) -> WBC >= 0.739) & Platelets >= 4.235)
",9999999.000,9999999.000,0.000,1.000,0.000,0,0,0,5,5,0,0,5,0.0,0.0,0.0,0.0,0.0,1.0,1
"G[0,1](Platelets <= 74.120 -> WBC >= 0.711)
",9999999.000,9999999.000,0.000,1.000,0.000,0,0,0,5,5,0,0,5,0.0,0.0,0.0,0.0,0.0,1.0,1
"G[1,2](BUN <= 5.397 & Creatinine >= 0.022)
",9999999.000,9999999.000,0.000,1.000,0.000,0,0,0,5,5,0,0,5,0.0,0.0,0.0,0.0,0.0,1.0,1
"G[0,1](BUN <= 6.546 & Creatinine >= 0.059)
",9999999.000,9999999.000,0.000,1.000,0.000,0,0,0,5,5,0,0,5,0.0,0.0,0.0,0.0,0.0,1.0,1
"G[2,2](Platelets <= 95.454 -> SepsisLabel = 0.000)
",-95.454,-95.454,0.000,1.000,0.000,0,0,5,0,0,5,5,0,0.0,0.0,1.0,0.0,0.0,1.0,1
"G[0,1](((Resp <= 9.909 & Temp <= 18.933) & Alkalinephos <= 28.285) & Phosphate >= 10.786)
",9999999.000,9999999.000,0.000,1.000,0.000,0,0,0,5,5,0,0,5,0.0,0.0,0.0,0.0,0.0,1.0,1
"G[1,2](Chloride >= 2.204 & HCO3 >= 1.586)
",9999999.000,9999999.000,0.000,1.000,0.000,0,0,1,4,4,1,1,4,0.0,0.0,1.0,0.0,0.0,1.0,1
"G[0,1](((Hgb <= 2.526 | Hct <= 23.909) -> WBC >= 0.709) & Platelets >= 5.381)
",9999999.000,9999999.000,0.000,1.000,0.000,0,0,0,5,5,0,0,5,0.0,0.0,0.0,0.0,0.0,1.0,1
"G[0,2]((AST >= 1.117 | Creatinine <= 0.527) | AST <= 0.181)
",9999999.000,9999999.000,0.000,1.000,0.000,0,0,5,0,0,5,5,0,0.0,0.0,1.0,0.0,0.0,1.0,1
"G[1,2](Alkalinephos <= 30.172 & Phosphate <= 2.131)
",9999999.000,9999999.000,0.000,1.000,0.000,0,0,4,1,1,4,4,1,0.0,0.0,1.0,0.0,0.0,1.0,1
"G[0,2]((Alkalinephos >= 7.194 | Glucose <= 12.320) | HR <= 29.404)
",9999999.000,9999999.000,0.000,1.000,0.000,0,0,5,0,0,5,5,0,0.0,0.0,1.0,0.0,0.0,1.0,1
"G[0,2](Creatinine >= 0.029 & Platelets <= 121.213)
",9999999.000,9999999.000,0.000,1.000,0.000,0,0,0,5,5,0,0,5,0.0,0.0,0.0,0.0,0.0,1.0,1
"G[0,1](Magnesium >= 0.130 & SepsisLabel = 0.000)
",9999999.000,9999999.000,0.000,1.000,0.000,0,0,0,5,5,0,0,5,0.0,0.0,0.0,0.0,0.0,1.0,1
"G[0,2](O2Sat > 21.632 -> SepsisLabel = 0.000)
",9999999.000,9999999.000,0.000,1.000,0.000,0,0,5,0,0,5,5,0,0.0,0.0,1.0,0.0,0.0,1.0,1
"G[2,2](PaCO2 <= 0.000 -> SepsisLabel = 0.000)
",0.000,0.000,0.000,1.000,0.000,0,0,5,0,0,5,5,0,0.0,0.0,1.0,0.0,0.0,1.0,1
"G[1,1](DBP < 0.000 & SepsisLabel = 0.000)
",0.000,0.000,0.000,1.000,0.000,0,0,0,5,5,0,0,5,0.0,0.0,0.0,0.0,0.0,1.0,1
"G[0,2](SepsisLabel <= 0.000 & SepsisLabel = 0.000)
",9999999.000,9999999.000,0.000,1.000,0.000,0,0,5,0,0,5,5,0,0.0,0.0,1.0,0.0,0.0,1.0,1
"G[1,2](O2Sat >= 54.872 -> Glucose >= 4.133)
",9999999.000,9999999.000,0.000,1.000,0.000,0,0,3,2,2,3,3,2,0.0,0.0,1.0,0.0,0.0,1.0,1
"G[0,2]((FiO2 >= 0.000 & Magnesium >= 0.083) -> TroponinI >= 0.011)
",9999999.000,9999999.000,0.000,1.000,0.000,0,0,4,1,1,4,4,1,0.0,0.0,1.0,0.0,0.0,1.0,1
"G[0,2](((Bilirubin_direct >= 0.000 & MAP >= 96.936) & Platelets <= 104.069) | Creatinine <= 107.435)
",9999999.000,9999999.000,0.000,1.000,0.000,0,0,5,0,0,5,5,0,0.0,0.0,1.0,0.0,0.0,1.0,1
"G[2,2]((EtCO2 <= 0.000 | PaCO2 >= 0.000) -> Calcium >= 0.000)
",0.000,0.000,0.000,1.000,0.000,0,0,5,0,0,5,5,0,0.0,0.0,1.0,0.0,0.0,1.0,1
"F[0,1]((Temp >= 8.921 -> pH <= 0.000) -> TroponinI >= 0.000)
",-9999999.000,-9999999.000,0.000,0.000,1.000,0,0,0,5,5,0,0,5,0.0,0.0,0.0,0.0,0.0,1.0,-1
"((DBP <= 0.000) U[0,1] (Phosphate <= 2.628))
",-9999999.000,-9999999.000,0.000,0.000,1.000,0,0,0,5,5,0,0,5,0.0,0.0,0.0,0.0,0.0,1.0,-1
"F[0,2]((SBP >= 158.471 | Resp <= 9.569) -> Creatinine <= 12.664)
",-9999999.000,-9999999.000,0.000,0.000,1.000,0,0,0,5,5,0,0,5,0.0,0.0,0.0,0.0,0.0,1.0,-1
"F[1,1]((Lactate >= 0.000 | Bilirubin_total >= 0.046) | Phosphate <= 0.241)
",8686242828244669.000,0.241,0.000,0.000,1.000,0,0,0,5,5,0,0,5,0.0,0.0,0.0,0.0,0.0,1.0,-1
"F[1,2](((Lactate <= 0.000 & Fibrinogen >= 0.000) -> DBP <= 0.000) -> EtCO2 <= 0.000)
",-9999999.000,-9999999.000,0.000,0.000,1.000,0,0,0,5,5,0,0,5,0.0,0.0,0.0,0.0,0.0,1.0,-1
"F[0,2]((SaO2 >= 0.000 & BUN <= 7.190) & HR >= 0.324)
",-9999999.000,-9999999.000,0.000,0.000,1.000,0,0,0,5,5,0,0,5,0.0,0.0,0.0,0.0,0.0,1.0,-1
"F[0,2]((SBP <= 176.549 -> Resp <= 14.132) | Potassium >= 1.585)
",-9999999.000,-9999999.000,0.000,0.000,1.000,0,0,0,5,5,0,0,5,0.0,0.0,0.0,0.0,0.0,1.0,-1
"F[1,2]((AST >= 0.384 -> Hct >= 6.069) & BaseExcess <= 22.719)
",-9999999.000,-9999999.000,0.000,0.000,1.000,0,0,0,5,5,0,0,5,0.0,0.0,0.0,0.0,0.0,1.0,-1
"((pH >= 0.000) U[0,0] (Phosphate <= 0.501))
",2.000,0.401,0.000,0.000,1.000,0,0,0,5,5,0,0,5,0.0,0.0,0.0,0.0,0.0,1.0,-1
"F[2,2]((Bilirubin_total >= 0.021 -> PaCO2 <= 0.000) -> WBC >= 0.000)
",0.000,0.000,0.000,0.000,1.000,0,0,0,5,5,0,0,5,0.0,0.0,0.0,0.0,0.0,1.0,-1
"((Lactate <= 0.000) U[0,0] (PTT <= 0.000))
",-0.500,-2.380,0.000,0.000,1.000,0,0,0,5,5,0,0,5,0.0,0.0,0.0,0.0,0.0,1.0,-1
"F[0,2]((Calcium <= 8.032 | TroponinI >= 0.000) & EtCO2 <= 0.000)
",-9999999.000,-9999999.000,0.000,0.000,1.000,0,0,0,5,5,0,0,5,0.0,0.0,0.0,0.0,0.0,1.0,-1
"F[0,2](((EtCO2 <= 0.000 | Creatinine >= 0.024) -> PTT >= 0.058) & Bilirubin_total <= 0.090)
",-9999999.000,-9999999.000,0.000,0.000,1.000,0,0,0,5,5,0,0,5,0.0,0.0,0.0,0.0,0.0,1.0,-1
"F[0,2](((HCO3 >= 1.532 | Chloride <= 112.745) & WBC >= 5.956) -> Phosphate >= 6.787)
",-9999999.000,-9999999.000,0.000,0.000,1.000,0,0,0,5,5,0,0,5,0.0,0.0,0.0,0.0,0.0,1.0,-1
"F[1,2](((pH <= 0.000 | pH <= 0.000) | pH >= 0.000) -> PTT <= 0.000)
",-9999999.000,-9999999.000,0.000,0.000,1.000,0,0,0,5,5,0,0,5,0.0,0.0,0.0,0.0,0.0,1.0,-1
"F[2,2](((Hct <= 24.596 -> Phosphate <= 1.297) & SBP >= 0.198) & DBP >= 0.121)
",-24.596,-24.596,0.000,0.000,1.000,0,0,0,5,5,0,0,5,0.0,0.0,0.0,0.0,0.0,1.0,-1
"F[0,2](Lactate >= 0.000 & WBC <= 3.944)
",-9999999.000,-9999999.000,0.000,0.000,1.000,0,0,0,5,5,0,0,5,0.0,0.0,0.0,0.0,0.0,1.0,-1
"F[2,2]((HR <= 74.309 | Potassium >= 0.275) & BaseExcess >= 0.038)
",-0.038,-0.038,0.000,0.000,1.000,0,0,0,5,5,0,0,5,0.0,0.0,0.0,0.0,0.0,1.0,-1
"F[0,1](((BaseExcess <= 0.000 & Creatinine <= 0.173) & EtCO2 <= 0.646) -> Magnesium <= 0.347)
",-9999999.000,-9999999.000,0.000,0.000,1.000,0,0,0,5,5,0,0,5,0.0,0.0,0.0,0.0,0.0,1.0,-1
"F[0,1](MAP <= 101.022 -> Glucose <= 73.483)
",-9999999.000,-9999999.000,0.000,0.000,1.000,0,0,0,5,5,0,0,5,0.0,0.0,0.0,0.0,0.0,1.0,-1
"F[0,0]((Glucose >= 1.655 | SepsisLabel >= 0.000) | Resp >= 0.000)
",0.500,29.200,0.000,0.000,1.000,0,0,0,5,5,0,0,5,0.0,0.0,0.0,0.0,0.0,1.0,-1
"((BUN >= 0.406) U[0,0] (PaCO2 <= 0.000))
",0.500,2.319,0.000,0.000,1.000,0,0,0,5,5,0,0,5,0.0,0.0,0.0,0.0,0.0,1.0,-1
"F[0,2](HCO3 <= 7.127 | MAP >= 87.185)
",-9999999.000,-9999999.000,0.000,0.000,1.000,0,0,0,5,5,0,0,5,0.0,0.0,0.0,0.0,0.0,1.0,-1
"F[0,2](((MAP >= 88.575 -> MAP >= 89.194) | Magnesium >= 82.527) & WBC <= 104.943)
",-9999999.000,-9999999.000,0.000,0.000,1.000,0,0,0,5,5,0,0,5,0.0,0.0,0.0,0.0,0.0,1.0,-1
"F[0,2](Temp <= 32.291 & HR >= 66.816)
",-9999999.000,-9999999.000,0.000,0.000,1.000,0,0,0,5,5,0,0,5,0.0,0.0,0.0,0.0,0.0,1.0,-1
"F[0,2]((Lactate <= 0.000 -> Glucose <= 50.785) -> Bilirubin_total >= 2.287)
",-9999999.000,-9999999.000,0.000,0.000,1.000,0,0,0,5,5,0,0,5,0.0,0.0,0.0,0.0,0.0,1.0,-1
"F[2,2](((Bilirubin_total >= 0.035 | AST <= 3.660) & Bilirubin_total >= 0.562) | Temp >= 1.027)
",-0.562,-0.562,0.000,0.000,1.000,0,0,0,5,5,0,0,5,0.0,0.0,0.0,0.0,0.0,1.0,-1
"F[0,2](Temp <= 28.277 & Chloride <= 37.101)
",-9999999.000,-9999999.000,0.000,0.000,1.000,0,0,0,5,5,0,0,5,0.0,0.0,0.0,0.0,0.0,1.0,-1
"F[1,2]((HCO3 <= 10.551 | Calcium <= 6.812) -> Phosphate <= 7.760)
",-9999999.000,-9999999.000,0.000,0.000,1.000,0,0,0,5,5,0,0,5,0.0,0.0,0.0,0.0,0.0,1.0,-1
"F[2,2](((pH <= 0.000 -> DBP <= 0.000) | Bilirubin_total <= 0.000) -> Fibrinogen >= 0.000)
",0.000,0.000,0.000,0.000,1.000,0,0,0,5,5,0,0,5,0.0,0.0,0.0,0.0,0.0,1.0,-1
"F[0,1](((O2Sat <= 76.596 | HCO3 >= 0.692) -> Alkalinephos >= 0.655) | Bilirubin_direct >= 0.704)
",-9999999.000,-9999999.000,0.000,0.000,1.000,0,0,0,5,5,0,0,5,0.0,0.0,0.0,0.0,0.0,1.0,-1
"F[0,0](((Chloride <= 89.388 & BUN >= 0.450) & FiO2 <= 9.625) -> SepsisLabel >= 0.584)
",-0.492,-28.723,0.000,0.000,1.000,0,0,0,5,5,0,0,5,0.0,0.0,0.0,0.0,0.0,1.0,-1
"F[0,0]((Calcium <= 5.305 | SBP <= 162.403) -> Bilirubin_direct <= 165.173)
",-589.405,-165.033,0.000,0.000,1.000,0,0,0,5,5,0,0,5,0.0,0.0,0.0,0.0,0.0,1.0,-1
"F[1,2]((SaO2 >= 0.000 -> Bilirubin_direct <= 0.000) | SaO2 >= 0.000)
",-9999999.000,-9999999.000,0.000,0.000,1.000,0,0,0,5,5,0,0,5,0.0,0.0,0.0,0.0,0.0,1.0,-1
"G[1,2](((pH >= 0.000 & O2Sat >= 41.741) & Platelets >= 2.451) -> Lactate >= 2.480)
",9999999.000,9999999.000,0.000,1.000,0.000,0,0,4,1,1,4,4,1,0.0,0.0,1.0,0.0,0.0,1.0,1
"F[0,2](((Potassium >= 0.342 -> MAP <= 107.654) | EtCO2 <= 108.491) | SaO2 <= 105.864)
",-9999999.000,-9999999.000,0.000,0.000,1.000,0,0,0,5,5,0,0,5,0.0,0.0,0.0,0.0,0.0,1.0,-1
"F[0,1]((DBP >= 0.000 & Magnesium >= 0.126) | DBP <= 0.444)
",-9999999.000,-9999999.000,0.000,0.000,1.000,0,0,0,5,5,0,0,5,0.0,0.0,0.0,0.0,0.0,1.0,-1
"F[2,2](MAP <= 101.922 -> Glucose <= 29.490)
",-101.922,-101.922,0.000,0.000,1.000,0,0,0,5,5,0,0,5,0.0,0.0,0.0,0.0,0.0,1.0,-1
"F[0,2](((BaseExcess >= 0.000 | FiO2 <= 0.000) | Temp <= 0.000) & HR >= 0.000)
",-9999999.000,-9999999.000,0.000,0.000,1.000,0,0,0,5,5,0,0,5,0.0,0.0,0.0,0.0,0.0,1.0,-1
"F[2,2]((Hgb >= 0.500 | Potassium <= 0.867) & Calcium <= 3.417)
",0.867,0.867,0.000,0.000,1.000,0,0,0,5,5,0,0,5,0.0,0.0,0.0,0.0,0.0,1.0,-1
"F[1,2](((Bilirubin_direct <= 0.000 | SBP >= 156.669) -> DBP >= 127.706) -> PTT <= 165.562)
",-9999999.000,-9999999.000,0.000,0.000,1.000,0,0,0,5,5,0,0,5,0.0,0.0,0.0,0.0,0.0,1.0,-1
"F[2,2]((PTT >= 0.000 & EtCO2 <= 0.000) -> MAP <= 0.000)
",0.000,0.000,0.000,0.000,1.000,0,0,0,5,5,0,0,5,0.0,0.0,0.0,0.0,0.0,1.0,-1
"((Creatinine >= 0.054) U[0,1] (MAP <= 107.684))
",-9999999.000,-9999999.000,0.000,0.000,1.000,0,0,0,5,5,0,0,5,0.0,0.0,0.0,0.0,0.0,1.0,-1
"F[1,2]((MAP >= 93.187 -> Creatinine >= 0.005) | Creatinine >= 0.009)
",-9999999.000,-9999999.000,0.000,0.000,1.000,0,0,0,5,5,0,0,5,0.0,0.0,0.0,0.0,0.0,1.0,-1
"F[1,1](((EtCO2 >= 0.000 & Glucose <= 62.541) | Lactate <= 36.209) | Chloride >= 11.687)
",36.209,36.209,0.000,0.000,1.000,0,0,0,5,5,0,0,5,0.0,0.0,0.0,0.0,0.0,1.0,-1
"F[1,2]((SepsisLabel >= 0.000 | Creatinine >= 0.065) | Alkalinephos >= 0.052)
",-9999999.000,-9999999.000,0.000,0.000,1.000,0,0,0,5,5,0,0,5,0.0,0.0,0.0,0.0,0.0,1.0,-1
"((Temp <= 26.626) U[0,2] (Hct <= 9.240))
",-9999999.000,-9999999.000,0.000,0.000,1.000,0,0,0,5,5,0,0,5,0.0,0.0,0.0,0.0,0.0,1.0,-1
"F[0,2](((MAP >= 88.347 -> EtCO2 >= 0.000) -> Hct <= 0.000) -> Glucose >= 0.000)
",-9999999.000,-9999999.000,0.000,0.000,1.000,0,0,0,5,5,0,0,5,0.0,0.0,0.0,0.0,0.0,1.0,-1
"F[0,2]((FiO2 <= 0.000 | TroponinI <= 0.000) | Creatinine <= 0.000)
",-9999999.000,-9999999.000,0.000,0.000,1.000,0,0,0,5,5,0,0,5,0.0,0.0,0.0,0.0,0.0,1.0,-1
"F[2,2](((Temp >= 7.020 -> EtCO2 <= 0.000) -> Temp >= 0.000) | Bilirubin_direct <= 0.000)
",0.000,0.000,0.000,0.000,1.000,0,0,0,5,5,0,0,5,0.0,0.0,0.0,0.0,0.0,1.0,-1
"F[2,2](((SaO2 <= 0.000 | Resp >= 0.024) & Hgb >= 0.369) -> BUN <= 9.217)
",-9.217,-9.217,0.000,0.000,1.000,0,0,0,5,5,0,0,5,0.0,0.0,0.0,0.0,0.0,1.0,-1
"F[1,2](((WBC >= 0.286 | MAP <= 100.061) | SBP >= 85.081) -> DBP <= 99.928)
",-9999999.000,-9999999.000,0.000,0.000,1.000,0,0,0,5,5,0,0,5,0.0,0.0,0.0,0.0,0.0,1.0,-1
"((WBC <= 5.428) U[2,2] (Magnesium <= 1.058))
",5.428,5.428,0.000,0.000,1.000,0,0,0,5,5,0,0,5,0.0,0.0,0.0,0.0,0.0,1.0,-1
"F[0,2](((Creatinine <= 0.697 | SaO2 <= 0.000) & TroponinI >= 0.000) & O2Sat >= 0.000)
",-9999999.000,-9999999.000,0.000,0.000,1.000,0,0,0,5,5,0,0,5,0.0,0.0,0.0,0.0,0.0,1.0,-1
"F[0,2](((Alkalinephos <= 36.075 & O2Sat >= 11.720) -> HCO3 >= 14.052) -> Platelets <= 91.046)
",-9999999.000,-9999999.000,0.000,0.000,1.000,0,0,0,5,5,0,0,5,0.0,0.0,0.0,0.0,0.0,1.0,-1
"F[0,2](BaseExcess <= 0.000 & HCO3 >= 1.489)
",-9999999.000,-9999999.000,0.000,0.000,1.000,0,0,0,5,5,0,0,5,0.0,0.0,0.0,0.0,0.0,1.0,-1
"F[2,2](((Chloride >= 1.058 & EtCO2 >= 0.000) -> Potassium <= 0.000) | SaO2 >= 0.000)
",0.000,0.000,0.000,0.000,1.000,0,0,0,5,5,0,0,5,0.0,0.0,0.0,0.0,0.0,1.0,-1
"F[0,1](((Creatinine >= 0.045 -> HR >= 68.879) | BUN >= 68.442) & FiO2 <= 72.951)
",-9999999.000,-9999999.000,0.000,0.000,1.000,0,0,0,5,5,0,0,5,0.0,0.0,0.0,0.0,0.0,1.0,-1
"F[0,2]((Chloride <= 52.789 & HR <= 73.173) | HCO3 >= 69.982)
",-9999999.000,-9999999.000,0.000,0.000,1.000,0,0,0,5,5,0,0,5,0.0,0.0,0.0,0.0,0.0,1.0,-1
"((Bilirubin_direct >= 0.000) U[0,2] (PaCO2 <= 0.000))
",-9999999.000,-9999999.000,0.000,0.000,1.000,0,0,0,5,5,0,0,5,0.0,0.0,0.0,0.0,0.0,1.0,-1
"G[0,2](Calcium >= 0.780 | Bilirubin_direct >= 0.000)
",9999999.000,9999999.000,0.000,1.000,0.000,0,0,5,0,0,5,5,0,0.0,0.0,1.0,0.0,0.0,1.0,1
"G[1,2]((Lactate <= 0.000 & BUN <= 4.399) | Calcium <= 7.700)
",9999999.000,9999999.000,0.000,1.000,0.000,0,0,4,1,1,4,4,1,0.0,0.0,1.0,0.0,0.0,1.0,1
"G[0,2]((HCO3 <= 4.006 | Creatinine <= 0.523) & Calcium >= 0.001)
",9999999.000,9999999.000,0.000,1.000,0.000,0,0,0,5,5,0,0,5,0.0,0.0,0.0,0.0,0.0,1.0,1
"G[0,2](((Calcium <= 7.387 & Fibrinogen <= 0.000) & BUN >= 0.000) | BaseExcess <= 0.000)
",9999999.000,9999999.000,0.000,1.000,0.000,0,0,5,0,0,5,5,0,0.0,0.0,1.0,0.0,0.0,1.0,1
"G[1,2](((MAP <= 99.983 -> SaO2 >= 0.000) -> WBC <= 0.000) -> pH >= 0.000)
",9999999.000,9999999.000,0.000,1.000,0.000,0,0,5,0,0,5,5,0,0.0,0.0,1.0,0.0,0.0,1.0,1
"G[0,2](WBC <= 8.677 -> Glucose <= 29.314)
",9999999.000,9999999.000,0.000,1.000,0.000,0,0,5,0,0,5,5,0,0.0,0.0,1.0,0.0,0.0,1.0,1
"G[2,2](HR <= 73.653 -> BUN <= 3.463)
",-73.653,-73.653,0.000,1.000,0.000,0,0,5,0,0,5,5,0,0.0,0.0,1.0,0.0,0.0,1.0,1
"G[0,2](((SaO2 >= 0.000 & Chloride <= 53.743) | WBC <= 36.579) & AST >= 5.157)
",9999999.000,9999999.000,0.000,1.000,0.000,0,0,0,5,5,0,0,5,0.0,0.0,0.0,0.0,0.0,1.0,1
"G[1,2]((MAP >= 91.479 | BUN >= 0.772) -> EtCO2 >= 0.095)
",9999999.000,9999999.000,0.000,1.000,0.000,0,0,1,4,4,1,1,4,0.0,0.0,1.0,0.0,0.0,1.0,1
"G[0,2]((Potassium >= 0.151 & Alkalinephos <= 68.736) -> Calcium >= 2.944)
",9999999.000,9999999.000,0.000,1.000,0.000,0,0,5,0,0,5,5,0,0.0,0.0,1.0,0.0,0.0,1.0,1
"G[0,2](Phosphate >= 0.176 | SBP >= 142.498)
",9999999.000,9999999.000,0.000,1.000,0.000,0,0,4,1,1,4,4,1,0.0,0.0,1.0,0.0,0.0,1.0,1
"G[1,2](((SBP >= 134.914 -> Calcium <= 6.496) -> PaCO2 <= 1.543) | Fibrinogen >= 0.150)
",9999999.000,9999999.000,0.000,1.000,0.000,0,0,5,0,0,5,5,0,0.0,0.0,1.0,0.0,0.0,1.0,1
"G[2,2](PTT <= 0.000 | SepsisLabel >= 0.000)
",0.000,0.000,0.000,1.000,0.000,0,0,5,0,0,5,5,0,0.0,0.0,1.0,0.0,0.0,1.0,1
"G[0,2](((Creatinine <= 0.240 | Resp <= 17.083) & Bilirubin_direct >= 3.215) & Bilirubin_total >= 5.460)
",9999999.000,9999999.000,0.000,1.000,0.000,0,0,0,5,5,0,0,5,0.0,0.0,0.0,0.0,0.0,1.0,1
"G[1,2](((Temp <= 35.606 | Potassium <= 3.005) | HR >= 0.266) -> Creatinine <= 0.943)
",9999999.000,9999999.000,0.000,1.000,0.000,0,0,5,0,0,5,5,0,0.0,0.0,1.0,0.0,0.0,1.0,1
"G[2,2]((BUN <= 6.459 | SBP >= 134.073) | Bilirubin_total <= 173.375)
",173.375,173.375,0.000,1.000,0.000,0,0,5,0,0,5,5,0,0.0,0.0,1.0,0.0,0.0,1.0,1
"G[2,2]((Chloride <= 62.632 | Bilirubin_direct <= 0.000) & Creatinine <= 0.000)
",0.000,0.000,0.000,1.000,0.000,0,0,5,0,0,5,5,0,0.0,0.0,1.0,0.0,0.0,1.0,1
"G[0,2]((Fibrinogen <= 0.000 & AST >= 0.742) -> DBP <= 6.017)
",9999999.000,9999999.000,0.000,1.000,0.000,0,0,5,0,0,5,5,0,0.0,0.0,1.0,0.0,0.0,1.0,1
"G[0,1]((Resp >= 8.082 & SBP >= 129.076) & SepsisLabel >= 151.660)
",9999999.000,9999999.000,0.000,1.000,0.000,0,0,0,5,5,0,0,5,0.0,0.0,0.0,0.0,0.0,1.0,1
"G[2,2](((WBC <= 4.227 -> Fibrinogen <= 0.000) | Bilirubin_total <= 0.000) | Potassium >= 0.000)
",0.000,0.000,0.000,1.000,0.000,0,0,5,0,0,5,5,0,0.0,0.0,1.0,0.0,0.0,1.0,1
"G[1,2](PaCO2 <= 0.000 & TroponinI <= 0.000)
",9999999.000,9999999.000,0.000,1.000,0.000,0,0,5,0,0,5,5,0,0.0,0.0,1.0,0.0,0.0,1.0,1
"G[0,2](((Bilirubin_direct >= 0.000 -> Glucose >= 7.772) | Chloride >= 10.812) -> Glucose <= 111.596)
",9999999.000,9999999.000,0.000,1.000,0.000,0,0,4,1,1,4,4,1,0.0,0.0,1.0,0.0,0.0,1.0,1
"G[0,2](((pH >= 0.000 -> Phosphate <= 1.985) -> Glucose >= 0.220) -> PTT >= 0.075)
",9999999.000,9999999.000,0.000,1.000,0.000,0,0,4,1,1,4,4,1,0.0,0.0,1.0,0.0,0.0,1.0,1
"G[1,2](((Glucose <= 96.939 -> Chloride <= 42.907) | Lactate <= 94.156) & Temp >= 4.152)
",9999999.000,9999999.000,0.000,1.000,0.000,0,0,2,3,3,2,2,3,0.0,0.0,1.0,0.0,0.0,1.0,1
"G[0,2](SBP <= 161.374 | Glucose >= 4.550)
",9999999.000,9999999.000,0.000,1.000,0.000,0,0,2,3,3,2,2,3,0.0,0.0,1.0,0.0,0.0,1.0,1
"G[1,2](Hct <= 30.860 | AST <= 11.036)
",9999999.000,9999999.000,0.000,1.000,0.000,0,0,4,1,1,4,4,1,0.0,0.0,1.0,0.0,0.0,1.0,1
"G[2,2](BUN >= 0.838 & Phosphate <= 2.083)
",-7547380022060690.000,-0.838,0.000,1.000,0.000,0,0,5,0,0,5,5,0,0.0,0.0,1.0,0.0,0.0,1.0,1
"G[0,2](PTT <= 0.000 -> Lactate >= 0.000)
",9999999.000,9999999.000,0.000,1.000,0.000,0,0,5,0,0,5,5,0,0.0,0.0,1.0,0.0,0.0,1.0,1
"G[0,2](Calcium >= 0.441 | Fibrinogen <= 0.000)
",9999999.000,9999999.000,0.000,1.000,0.000,0,0,5,0,0,5,5,0,0.0,0.0,1.0,0.0,0.0,1.0,1
"F[0,1](Creatinine >= 0.017 | Potassium <= 2.814)
",-9999999.000,-9999999.000,0.000,0.000,1.000,0,0,0,5,5,0,0,5,0.0,0.0,0.0,0.0,0.0,1.0,-1
"G[0,2](((Hgb <= 2.436 | Hgb <= 4.489) & HCO3 <= 10.325) | pH >= 1.158)
",9999999.000,9999999.000,0.000,1.000,0.000,0,0,4,1,1,4,4,1,0.0,0.0,1.0,0.0,0.0,1.0,1
"F[0,2](((Fibrinogen >= 0.000 & Hct <= 28.553) -> Bilirubin_total <= 8.637) & Potassium <= 28.849)
",-9999999.000,-9999999.000,0.000,0.000,1.000,0,0,0,5,5,0,0,5,0.0,0.0,0.0,0.0,0.0,1.0,-1
"F[1,2]((Hgb >= 0.399 | Platelets >= 13.848) & Platelets <= 125.222)
",-9999999.000,-9999999.000,0.000,0.000,1.000,0,0,0,5,5,0,0,5,0.0,0.0,0.0,0.0,0.0,1.0,-1
"G[0,2](((SBP <= 176.781 -> Platelets >= 14.591) -> Hgb <= 143.523) | Bilirubin_total <= 116.913)
",9999999.000,9999999.000,0.000,1.000,0.000,0,0,5,0,0,5,5,0,0.0,0.0,1.0,0.0,0.0,1.0,1
"G[0,2](Glucose >= 11.634 | Platelets <= 86.098)
",9999999.000,9999999.000,0.000,1.000,0.000,0,0,5,0,0,5,5,0,0.0,0.0,1.0,0.0,0.0,1.0,1
"G[0,2]((EtCO2 <= 0.000 | Calcium >= 0.567) | Chloride <= 6.420)
",9999999.000,9999999.000,0.000,1.000,0.000,0,0,5,0,0,5,5,0,0.0,0.0,1.0,0.0,0.0,1.0,1
"G[2,2](((BUN >= 0.411 & EtCO2 >= 0.000) -> Potassium >= 0.000) & Platelets <= 0.000)
",0.000,0.000,0.000,1.000,0.000,0,0,5,0,0,5,5,0,0.0,0.0,1.0,0.0,0.0,1.0,1
"G[0,2](Lactate >= 0.000 & Creatinine <= 0.383)
",9999999.000,9999999.000,0.000,1.000,0.000,0,0,4,1,1,4,4,1,0.0,0.0,1.0,0.0,0.0,1.0,1
"G[0,2](((WBC <= 3.540 -> O2Sat >= 17.613) | HR <= 92.122) | Resp >= 9.280)
",9999999.000,9999999.000,0.000,1.000,0.000,0,0,5,0,0,5,5,0,0.0,0.0,1.0,0.0,0.0,1.0,1
"G[0,0](((Chloride <= 28.838 & Hgb >= 0.269) | Calcium >= 0.771) & FiO2 >= 1.070)
",0.378,3.330,0.000,1.000,0.000,0,0,0,5,5,0,0,5,0.0,0.0,0.0,0.0,0.0,1.0,1
"G[0,2]((BUN >= 0.161 & SepsisLabel >= 0.000) | SBP <= 0.000)
",9999999.000,9999999.000,0.000,1.000,0.000,0,0,0,5,5,0,0,5,0.0,0.0,0.0,0.0,0.0,1.0,1
"G[1,2](((PTT >= 0.000 & pH <= 0.000) -> PTT >= 0.000) | Glucose >= 0.000)
",9999999.000,9999999.000,0.000,1.000,0.000,0,0,5,0,0,5,5,0,0.0,0.0,1.0,0.0,0.0,1.0,1
"G[1,2](((MAP >= 96.684 -> PTT >= 0.000) & HCO3 >= 0.000) | Temp >= 0.000)
",9999999.000,9999999.000,0.000,1.000,0.000,0,0,5,0,0,5,5,0,0.0,0.0,1.0,0.0,0.0,1.0,1
"G[0,1](Alkalinephos >= 3.350 & Phosphate >= 0.153)
",9999999.000,9999999.000,0.000,1.000,0.000,0,0,0,5,5,0,0,5,0.0,0.0,0.0,0.0,0.0,1.0,1
"G[1,2]((HCO3 <= 20.811 | Bilirubin_direct <= 0.000) & AST <= 0.000)
",9999999.000,9999999.000,0.000,1.000,0.000,0,0,4,1,1,4,4,1,0.0,0.0,1.0,0.0,0.0,1.0,1
"G[0,2](((FiO2 >= 0.000 | Bilirubin_total <= 0.173) -> HR <= 0.052) | PTT >= 0.012)
",9999999.000,9999999.000,0.000,1.000,0.000,0,0,0,5,5,0,0,5,0.0,0.0,0.0,0.0,0.0,1.0,1
"G[1,2]((AST <= 4.061 & SBP >= 144.039) -> SepsisLabel <= 162.844)
",9999999.000,9999999.000,0.000,1.000,0.000,0,0,5,0,0,5,5,0,0.0,0.0,1.0,0.0,0.0,1.0,1
"G[1,2]((Magnesium <= 1.001 & Potassium >= 0.377) -> Phosphate <= 1.242)
",9999999.000,9999999.000,0.000,1.000,0.000,0,0,5,0,0,5,5,0,0.0,0.0,1.0,0.0,0.0,1.0,1
"G[0,1]((Lactate <= 0.000 -> Temp >= 7.157) & Potassium <= 31.606)
",9999999.000,9999999.000,0.000,1.000,0.000,0,0,0,5,5,0,0,5,0.0,0.0,0.0,0.0,0.0,1.0,1
"G[1,2](((HCO3 <= 19.861 | Bilirubin_direct <= 0.000) -> Glucose <= 0.000) & Chloride >= 0.000)
",9999999.000,9999999.000,0.000,1.000,0.000,0,0,4,1,1,4,4,1,0.0,0.0,1.0,0.0,0.0,1.0,1
"G[0,2](((Alkalinephos >= 3.814 | Phosphate >= 0.201) & HR >= 0.248) & Phosphate >= 0.184)
",9999999.000,9999999.000,0.000,1.000,0.000,0,0,0,5,5,0,0,5,0.0,0.0,0.0,0.0,0.0,1.0,1
"G[2,2]((FiO2 >= 0.000 -> BaseExcess <= 0.000) -> EtCO2 >= 0.000)
",0.000,0.000,0.000,1.000,0.000,0,0,5,0,0,5,5,0,0.0,0.0,1.0,0.0,0.0,1.0,1
"G[1,2](((TroponinI <= 0.000 & SepsisLabel >= 0.000) -> DBP >= 0.000) & O2Sat <= 0.000)
",9999999.000,9999999.000,0.000,1.000,0.000,0,0,2,3,3,2,2,3,0.0,0.0,1.0,0.0,0.0,1.0,1
"G[0,2]((EtCO2 >= 0.000 -> Lactate <= 0.000) -> MAP <= 0.000)
",9999999.000,9999999.000,0.000,1.000,0.000,0,0,0,5,5,0,0,5,0.0,0.0,0.0,0.0,0.0,1.0,1
"G[1,2]((Phosphate >= 0.103 -> SepsisLabel <= 0.000) | Hgb <= 0.000)
",9999999.000,9999999.000,0.000,1.000,0.000,0,0,5,0,0,5,5,0,0.0,0.0,1.0,0.0,0.0,1.0,1
"G[1,2](TroponinI >= 0.000 -> DBP >= 0.000)
",9999999.000,9999999.000,0.000,1.000,0.000,0,0,5,0,0,5,5,0,0.0,0.0,1.0,0.0,0.0,1.0,1
"G[1,2](((EtCO2 <= 0.000 & PaCO2 <= 0.000) -> Phosphate <= 0.000) & O2Sat <= 0.000)
",9999999.000,9999999.000,0.000,1.000,0.000,0,0,2,3,3,2,2,3,0.0,0.0,1.0,0.0,0.0,1.0,1
"F[0,2](((HCO3 >= 1.020 & FiO2 <= 0.000) & Glucose <= 0.000) -> Resp <= 0.000)
",-9999999.000,-9999999.000,0.000,0.000,1.000,0,0,0,5,5,0,0,5,0.0,0.0,0.0,0.0,0.0,1.0,-1
