Rule,Discrimination Score,Pos Robustness,Neg Robustness,Percent Class +,Percent Class -,TP,TN,FP,FN,Actual Yes,Actual No,Predicted Yes,Predicted No,TPR/Sens,TNR/Spec,FPR,Precision,Accuracy,MCR
"F[0,1]((Calcium >= 0.117 & Resp <= 28.274) & HCO3 <= 25.667)
",-9999999.000,-9999999.000,0.000,0.000,1.000,19,0,0,0,19,0,19,0,1.0,0,0,1.0,1.0,0.0
"((Phosphate <= 3.866) U[1,1] (Glucose >= 1.455))
",4352941573678294.500,3.866,0.000,0.000,1.000,19,0,0,0,19,0,19,0,1.0,0,0,1.0,1.0,0.0
"((AST < 0.000) U[1,2] (SepsisLabel = 0.000))
",-9999999.000,-9999999.000,0.000,0.000,1.000,19,0,0,0,19,0,19,0,1.0,0,0,1.0,1.0,0.0
"F[0,0]((Chloride <= 91.684 & HR <= 93.851) & Hgb >= 69.339)
",-5031406142476455.000,-18304.149,0.000,0.000,1.000,19,0,0,0,19,0,19,0,1.0,0,0,1.0,1.0,0.0
"F[0,0](((Temp <= 14.244 | MAP <= 90.262) | SaO2 <= 91.821) -> Calcium >= 26.704)
",-11.859,-90.032,0.000,0.000,1.000,19,0,0,0,19,0,19,0,1.0,0,0,1.0,1.0,0.0
"F[0,1]((Calcium <= 7.114 & Potassium <= 2.552) & Magnesium >= 0.029)
",-9999999.000,-9999999.000,0.000,0.000,1.000,19,0,0,0,19,0,19,0,1.0,0,0,1.0,1.0,0.0
"F[0,1](((Alkalinephos >= 0.000 | pH >= 0.194) -> SepsisLabel >= 0.006) & TroponinI <= 5.389)
",-9999999.000,-9999999.000,0.000,0.000,1.000,19,0,0,0,19,0,19,0,1.0,0,0,1.0,1.0,0.0
"F[0,1]((FiO2 >= 0.053 & WBC >= 0.024) & PaCO2 <= 10.140)
",-9999999.000,-9999999.000,0.000,0.000,1.000,19,0,0,0,19,0,19,0,1.0,0,0,1.0,1.0,0.0
"F[0,0](((Hct <= 2.131 | Lactate <= 0.477) & SBP <= 1.760) & MAP >= 0.002)
",-0.423,-6.407,0.000,0.000,1.000,19,0,0,0,19,0,19,0,1.0,0,0,1.0,1.0,0.0
"F[0,1](HCO3 >= 0.581 & SaO2 >= 1.465)
",-9999999.000,-9999999.000,0.000,0.000,1.000,19,0,0,0,19,0,19,0,1.0,0,0,1.0,1.0,0.0
"F[1,1](((Calcium <= 4.757 -> Lactate <= 0.721) & BUN <= 1.650) & AST >= 0.010)
",-4.757,-4.757,0.000,0.000,1.000,19,0,0,0,19,0,19,0,1.0,0,0,1.0,1.0,0.0
"((EtCO2 < 0.000) U[1,2] (SepsisLabel = 0.000))
",-9999999.000,-9999999.000,0.000,0.000,1.000,19,0,0,0,19,0,19,0,1.0,0,0,1.0,1.0,0.0
"F[0,0](((Chloride <= 37.557 -> SBP >= 2.881) | Platelets >= 86.933) & Hct >= 12.229)
",-6.149,-35.813,0.000,0.000,1.000,18,0,0,1,19,0,18,1,0.9473684210526315,0,0,1.0,0.9473684210526315,0.052631578947368474
"((SBP <= 101.539) U[0,0] (WBC >= 0.194))
",6.129,93.649,0.000,0.000,1.000,18,0,0,1,19,0,18,1,0.9473684210526315,0,0,1.0,0.9473684210526315,0.052631578947368474
"F[0,1](Creatinine > 0.006 & SepsisLabel = 0.000)
",-9999999.000,-9999999.000,0.000,0.000,1.000,18,0,0,1,19,0,18,1,0.9473684210526315,0,0,1.0,0.9473684210526315,0.052631578947368474
"F[0,1](BaseExcess > 0.058 & SepsisLabel = 0.000)
",-9999999.000,-9999999.000,0.000,0.000,1.000,18,0,0,1,19,0,18,1,0.9473684210526315,0,0,1.0,0.9473684210526315,0.052631578947368474
"((Hgb <= 9.889) U[0,1] (Creatinine >= 0.016))
",-9999999.000,-9999999.000,0.000,0.000,1.000,18,0,0,1,19,0,18,1,0.9473684210526315,0,0,1.0,0.9473684210526315,0.052631578947368474
"((FiO2 <= 0.701) U[1,1] (Lactate >= 0.044))
",6316431745271394.000,0.701,0.000,0.000,1.000,18,0,0,1,19,0,18,1,0.9473684210526315,0,0,1.0,0.9473684210526315,0.052631578947368474
"F[0,1](((Fibrinogen >= 5.569 | Hgb >= 0.212) | MAP <= 4.377) & HCO3 >= 0.219)
",-9999999.000,-9999999.000,0.000,0.000,1.000,18,0,0,1,19,0,18,1,0.9473684210526315,0,0,1.0,0.9473684210526315,0.052631578947368474
"F[0,0]((Calcium <= 1.695 & Potassium <= 4.817) & Magnesium >= 0.136)
",-0.133,-0.055,0.000,0.000,1.000,18,0,0,1,19,0,18,1,0.9473684210526315,0,0,1.0,0.9473684210526315,0.052631578947368474
"((Chloride <= 72.344) U[0,1] (Platelets >= 3.100))
",-9999999.000,-9999999.000,0.000,0.000,1.000,18,0,0,1,19,0,18,1,0.9473684210526315,0,0,1.0,0.9473684210526315,0.052631578947368474
"F[1,1](((Lactate >= 0.043 -> Resp >= 8.286) -> Fibrinogen >= 10.925) & O2Sat >= 11.448)
",-6444408598617276.000,-11.448,0.000,0.000,1.000,18,0,0,1,19,0,18,1,0.9473684210526315,0,0,1.0,0.9473684210526315,0.052631578947368474
"((BUN >= 0.056) U[0,1] (Fibrinogen >= 9.474))
",-9999999.000,-9999999.000,0.000,0.000,1.000,18,0,0,1,19,0,18,1,0.9473684210526315,0,0,1.0,0.9473684210526315,0.052631578947368474
"((HCO3 >= 0.139) U[1,1] (Platelets <= 96.872))
",6816766164034164.000,96.872,0.000,0.000,1.000,18,0,0,1,19,0,18,1,0.9473684210526315,0,0,1.0,0.9473684210526315,0.052631578947368474
"F[0,1]((Calcium <= 3.696 & Potassium <= 4.651) & Magnesium >= 0.019)
",-9999999.000,-9999999.000,0.000,0.000,1.000,17,0,0,2,19,0,17,2,0.8947368421052632,0,0,1.0,0.8947368421052632,0.10526315789473684
"((PaCO2 <= 8.911) U[0,1] (Phosphate >= 0.193))
",-9999999.000,-9999999.000,0.000,0.000,1.000,17,0,0,2,19,0,17,2,0.8947368421052632,0,0,1.0,0.8947368421052632,0.10526315789473684
"F[0,1]((Creatinine >= 0.018 & PTT <= 23.892) | Hct >= 2.770)
",-9999999.000,-9999999.000,0.000,0.000,1.000,17,0,0,2,19,0,17,2,0.8947368421052632,0,0,1.0,0.8947368421052632,0.10526315789473684
"((BUN >= 0.101) U[1,2] (Resp <= 30.140))
",-9999999.000,-9999999.000,0.000,0.000,1.000,17,0,0,2,19,0,17,2,0.8947368421052632,0,0,1.0,0.8947368421052632,0.10526315789473684
"F[0,1]((HCO3 <= 14.853 -> Hgb >= 0.165) | Fibrinogen >= 0.184)
",-9999999.000,-9999999.000,0.000,0.000,1.000,17,0,0,2,19,0,17,2,0.8947368421052632,0,0,1.0,0.8947368421052632,0.10526315789473684
"F[0,1](Calcium >= 0.105 | PTT >= 1.035)
",-9999999.000,-9999999.000,0.000,0.000,1.000,16,0,0,3,19,0,16,3,0.8421052631578947,0,0,1.0,0.8421052631578947,0.1578947368421053
"((Fibrinogen >= 15.582) U[1,2] (Resp <= 26.656))
",-9999999.000,-9999999.000,0.000,0.000,1.000,14,0,0,5,19,0,14,5,0.7368421052631579,0,0,1.0,0.7368421052631579,0.26315789473684215
"((Potassium >= 0.096) U[1,2] (Temp <= 18.427))
",-9999999.000,-9999999.000,0.000,0.000,1.000,13,0,0,6,19,0,13,6,0.6842105263157895,0,0,1.0,0.6842105263157895,0.3157894736842105
"F[0,1](((MAP >= 21.331 | EtCO2 <= 0.000) -> MAP <= 0.000) & SaO2 <= 0.000)
",-9999999.000,-9999999.000,0.000,0.000,1.000,13,0,0,6,19,0,13,6,0.6842105263157895,0,0,1.0,0.6842105263157895,0.3157894736842105
"F[0,1](((Temp <= 32.118 & SaO2 >= 1.173) | MAP <= 56.868) & PTT <= 74.217)
",-9999999.000,-9999999.000,0.000,0.000,1.000,12,0,0,7,19,0,12,7,0.631578947368421,0,0,1.0,0.631578947368421,0.368421052631579
"((SBP >= 59.231) U[0,1] (Temp >= 6.927))
",-9999999.000,-9999999.000,0.000,0.000,1.000,12,0,0,7,19,0,12,7,0.631578947368421,0,0,1.0,0.631578947368421,0.368421052631579
"((MAP >= 24.604) U[0,1] (SBP <= 95.853))
",-9999999.000,-9999999.000,0.000,0.000,1.000,10,0,0,9,19,0,10,9,0.5263157894736842,0,0,1.0,0.5263157894736842,0.4736842105263158
"F[1,1](Resp < 22.106 & SepsisLabel = 0.000)
",0.000,0.000,0.000,0.000,1.000,10,0,0,9,19,0,10,9,0.5263157894736842,0,0,1.0,0.5263157894736842,0.4736842105263158
"((Fibrinogen <= 426.828) U[0,0] (MAP <= 80.288))
",171.970,426.244,0.000,0.000,1.000,8,0,0,11,19,0,8,11,0.42105263157894735,0,0,1.0,0.42105263157894735,0.5789473684210527
"((MAP <= 77.774) U[1,1] (pH <= 6.496))
",5472860798711212.000,77.774,0.000,0.000,1.000,8,0,0,11,19,0,8,11,0.42105263157894735,0,0,1.0,0.42105263157894735,0.5789473684210527
"F[0,1](O2Sat < 92.290 & SepsisLabel = 0.000)
",-9999999.000,-9999999.000,0.000,0.000,1.000,7,0,0,12,19,0,7,12,0.3684210526315789,0,0,1.0,0.3684210526315789,0.631578947368421
"F[1,1](Resp <= 27.116 & HCO3 <= 7.694)
",4331568102588905.500,7.694,0.000,0.000,1.000,5,0,0,14,19,0,5,14,0.2631578947368421,0,0,1.0,0.2631578947368421,0.736842105263158
"((MAP >= 9.936) U[0,1] (SBP <= 119.413))
",-9999999.000,-9999999.000,0.000,0.000,1.000,5,0,0,14,19,0,5,14,0.2631578947368421,0,0,1.0,0.2631578947368421,0.736842105263158
"((MAP <= 95.994) U[1,1] (SepsisLabel = 0.000))
",95.994,95.994,0.000,0.000,1.000,4,0,0,15,19,0,4,15,0.21052631578947367,0,0,1.0,0.21052631578947367,0.7894736842105263
"((MAP >= 59.181) U[1,1] (SBP <= 137.084))
",4823219746209371.000,137.084,0.000,0.000,1.000,4,0,0,15,19,0,4,15,0.21052631578947367,0,0,1.0,0.21052631578947367,0.7894736842105263
"((MAP >= 7.614) U[0,1] (SBP <= 122.434))
",-9999999.000,-9999999.000,0.000,0.000,1.000,4,0,0,15,19,0,4,15,0.21052631578947367,0,0,1.0,0.21052631578947367,0.7894736842105263
"F[0,0]((Calcium >= 0.174 | O2Sat <= 80.404) -> Hct >= 58.712)
",-0.354,-8.715,0.000,0.000,1.000,3,0,0,16,19,0,3,16,0.15789473684210525,0,0,1.0,0.15789473684210525,0.8421052631578947
"((MAP <= 98.158) U[1,2] (WBC <= 4.426))
",-9999999.000,-9999999.000,0.000,0.000,1.000,3,0,0,16,19,0,3,16,0.15789473684210525,0,0,1.0,0.15789473684210525,0.8421052631578947
"((MAP >= 60.139) U[1,2] (SBP <= 130.790))
",-9999999.000,-9999999.000,0.000,0.000,1.000,3,0,0,16,19,0,3,16,0.15789473684210525,0,0,1.0,0.15789473684210525,0.8421052631578947
"((TroponinI >= 0.000) U[0,0] (MAP >= 47.542))
",2.061,58.780,0.000,0.000,1.000,3,0,0,16,19,0,3,16,0.15789473684210525,0,0,1.0,0.15789473684210525,0.8421052631578947
"((Magnesium <= 0.811) U[1,2] (Bilirubin_total >= 0.000))
",-9999999.000,-9999999.000,0.000,0.000,1.000,2,0,0,17,19,0,2,17,0.10526315789473684,0,0,1.0,0.10526315789473684,0.8947368421052632
"F[0,1](HR <= 89.547 & Phosphate <= 1.802)
",-9999999.000,-9999999.000,0.000,0.000,1.000,2,0,0,17,19,0,2,17,0.10526315789473684,0,0,1.0,0.10526315789473684,0.8947368421052632
"((Glucose <= 14.408) U[0,0] (O2Sat <= 99.916))
",0.980,25.253,0.000,0.000,1.000,2,0,0,17,19,0,2,17,0.10526315789473684,0,0,1.0,0.10526315789473684,0.8947368421052632
"F[0,0](((Magnesium <= 1.980 | PaCO2 >= 0.111) -> Creatinine <= 7.682) & PTT <= 13.065)
",-5.798,-7.382,0.000,0.000,1.000,2,0,0,17,19,0,2,17,0.10526315789473684,0,0,1.0,0.10526315789473684,0.8947368421052632
"F[0,0](((Phosphate >= 0.077 & Resp <= 28.631) & Calcium >= 8.228) | Resp >= 3.803)
",-3.803,-3.803,0.000,0.000,1.000,2,0,0,17,19,0,2,17,0.10526315789473684,0,0,1.0,0.10526315789473684,0.8947368421052632
"((MAP >= 10.714) U[1,2] (SBP <= 125.858))
",-9999999.000,-9999999.000,0.000,0.000,1.000,2,0,0,17,19,0,2,17,0.10526315789473684,0,0,1.0,0.10526315789473684,0.8947368421052632
"((Magnesium <= 1.094) U[1,2] (pH <= 3.154))
",-9999999.000,-9999999.000,0.000,0.000,1.000,2,0,0,17,19,0,2,17,0.10526315789473684,0,0,1.0,0.10526315789473684,0.8947368421052632
"((MAP >= 22.266) U[1,2] (SBP <= 129.933))
",-9999999.000,-9999999.000,0.000,0.000,1.000,2,0,0,17,19,0,2,17,0.10526315789473684,0,0,1.0,0.10526315789473684,0.8947368421052632
"((Hct >= 1.532) U[1,2] (Magnesium >= 0.038))
",-9999999.000,-9999999.000,0.000,0.000,1.000,1,0,0,18,19,0,1,18,0.05263157894736842,0,0,1.0,0.05263157894736842,0.9473684210526316
"((MAP <= 86.568) U[1,2] (Potassium >= 0.183))
",-9999999.000,-9999999.000,0.000,0.000,1.000,1,0,0,18,19,0,1,18,0.05263157894736842,0,0,1.0,0.05263157894736842,0.9473684210526316
"((BUN <= 2.208) U[1,1] (AST >= 0.000))
",2.208,2.208,0.000,0.000,1.000,1,0,0,18,19,0,1,18,0.05263157894736842,0,0,1.0,0.05263157894736842,0.9473684210526316
"F[0,0](Hgb <= 9.293 | Hct <= 6.826)
",11.930,9.033,0.000,0.000,1.000,1,0,0,18,19,0,1,18,0.05263157894736842,0,0,1.0,0.05263157894736842,0.9473684210526316
"((BaseExcess >= 0.039) U[0,1] (Resp <= 29.836))
",-9999999.000,-9999999.000,0.000,0.000,1.000,1,0,0,18,19,0,1,18,0.05263157894736842,0,0,1.0,0.05263157894736842,0.9473684210526316
"F[1,1](((Calcium < 0.693 & Potassium < 2.254) & Magnesium < 0.941) & Phosphate < 2.293)
",6241492911416980.000,0.693,0.000,0.000,1.000,1,0,0,18,19,0,1,18,0.05263157894736842,0,0,1.0,0.05263157894736842,0.9473684210526316
"F[1,1](((Calcium < 6.762 & Potassium < 0.431) & Magnesium < 0.800) & Phosphate < 0.557)
",7759548210568606.000,0.431,0.000,0.000,1.000,1,0,0,18,19,0,1,18,0.05263157894736842,0,0,1.0,0.05263157894736842,0.9473684210526316
"F[1,1](((Calcium < 6.432 & Potassium < 3.210) & Magnesium < 1.363) & Phosphate < 4.008)
",6138496914410638.000,1.363,0.000,0.000,1.000,1,0,0,18,19,0,1,18,0.05263157894736842,0,0,1.0,0.05263157894736842,0.9473684210526316
"F[1,1](((Calcium < 0.563 & Potassium < 0.929) & Magnesium < 0.996) & Phosphate < 4.021)
",5069753740337190.000,0.563,0.000,0.000,1.000,1,0,0,18,19,0,1,18,0.05263157894736842,0,0,1.0,0.05263157894736842,0.9473684210526316
"((Magnesium <= 2.174) U[0,0] (Creatinine <= 0.427))
",5.337,2.082,0.000,0.000,1.000,1,0,0,18,19,0,1,18,0.05263157894736842,0,0,1.0,0.05263157894736842,0.9473684210526316
"F[0,1]((Phosphate <= 3.420 | FiO2 >= 0.118) -> O2Sat >= 0.029)
",-9999999.000,-9999999.000,0.000,0.000,1.000,1,0,0,18,19,0,1,18,0.05263157894736842,0,0,1.0,0.05263157894736842,0.9473684210526316
"F[1,1](BaseExcess <= 0.983 | Platelets >= 10.646)
",4427894081852793.500,0.983,0.000,0.000,1.000,1,0,0,18,19,0,1,18,0.05263157894736842,0,0,1.0,0.05263157894736842,0.9473684210526316
"F[0,1](((Hct <= 3.408 & Resp <= 32.722) & Magnesium <= 27.472) & EtCO2 <= 26.796)
",-9999999.000,-9999999.000,0.000,0.000,1.000,1,0,0,18,19,0,1,18,0.05263157894736842,0,0,1.0,0.05263157894736842,0.9473684210526316
"F[0,0](FiO2 <= 0.899 -> BUN <= 1.950)
",-8781651871680116.000,-1.950,0.000,0.000,1.000,1,0,0,18,19,0,1,18,0.05263157894736842,0,0,1.0,0.05263157894736842,0.9473684210526316
"((Platelets >= 4.862) U[1,2] (PaCO2 >= 0.700))
",-9999999.000,-9999999.000,0.000,0.000,1.000,1,0,0,18,19,0,1,18,0.05263157894736842,0,0,1.0,0.05263157894736842,0.9473684210526316
"((PTT <= 33.292) U[1,2] (EtCO2 >= 0.000))
",-9999999.000,-9999999.000,0.000,0.000,1.000,1,0,0,18,19,0,1,18,0.05263157894736842,0,0,1.0,0.05263157894736842,0.9473684210526316
"((Calcium <= 1.457) U[1,2] (Temp <= 33.039))
",-9999999.000,-9999999.000,0.000,0.000,1.000,1,0,0,18,19,0,1,18,0.05263157894736842,0,0,1.0,0.05263157894736842,0.9473684210526316
"((Calcium <= 4.592) U[1,2] (DBP <= 0.000))
",-9999999.000,-9999999.000,0.000,0.000,1.000,1,0,0,18,19,0,1,18,0.05263157894736842,0,0,1.0,0.05263157894736842,0.9473684210526316
"F[0,0](Calcium <= 7.125 | BUN <= 0.666)
",7.125,7.125,0.000,0.000,1.000,1,0,0,18,19,0,1,18,0.05263157894736842,0,0,1.0,0.05263157894736842,0.9473684210526316
"F[0,1](((Calcium >= 0.150 | PaCO2 <= 18.963) & O2Sat <= 13.461) -> SaO2 >= 0.736)
",-9999999.000,-9999999.000,0.000,0.000,1.000,1,0,0,18,19,0,1,18,0.05263157894736842,0,0,1.0,0.05263157894736842,0.9473684210526316
"F[0,0]((Phosphate >= 0.168 & Magnesium > 0.137) -> Calcium < 6.245)
",-7031073651076339.000,-6.245,0.000,0.000,1.000,1,0,0,18,19,0,1,18,0.05263157894736842,0,0,1.0,0.05263157894736842,0.9473684210526316
"((FiO2 <= 0.639) U[0,1] (O2Sat >= 6.322))
",-9999999.000,-9999999.000,0.000,0.000,1.000,1,0,0,18,19,0,1,18,0.05263157894736842,0,0,1.0,0.05263157894736842,0.9473684210526316
"F[0,0](Hgb <= 7.532 | Hct <= 24.625)
",24.625,24.625,0.000,0.000,1.000,1,0,0,18,19,0,1,18,0.05263157894736842,0,0,1.0,0.05263157894736842,0.9473684210526316
"F[1,1](((EtCO2 <= 0.000 & Magnesium >= 0.021) | BUN <= 0.493) | AST <= 2.001)
",4506837574894482.000,2.001,0.000,0.000,1.000,0,0,0,19,19,0,0,19,0.0,0,0,0.0,0.0,1.0
"F[0,2](Glucose >= 3.351 | PaCO2 <= 32.155)
",-9999999.000,-9999999.000,0.000,0.000,1.000,0,0,0,19,19,0,0,19,0.0,0,0,0.0,0.0,1.0
"F[1,2]((Bilirubin_direct >= 0.000 | pH <= 3.029) | PTT <= 1.327)
",-9999999.000,-9999999.000,0.000,0.000,1.000,0,0,0,19,19,0,0,19,0.0,0,0,0.0,0.0,1.0
"F[2,2]((Chloride <= 56.110 & pH <= 0.614) | PaCO2 <= 4.692)
",5283007865998766.000,4.692,0.000,0.000,1.000,0,0,0,19,19,0,0,19,0.0,0,0,0.0,0.0,1.0
"F[1,1](((Alkalinephos <= 0.000 -> Bilirubin_direct <= 0.000) -> WBC >= 0.000) & Fibrinogen >= 0.000)
",0.000,0.000,0.000,0.000,1.000,0,0,0,19,19,0,0,19,0.0,0,0,0.0,0.0,1.0
"F[1,2]((O2Sat <= 94.166 | Lactate >= 0.036) | HR <= 1.592)
",-9999999.000,-9999999.000,0.000,0.000,1.000,0,0,0,19,19,0,0,19,0.0,0,0,0.0,0.0,1.0
"F[2,2](((Creatinine >= 0.003 -> Hct >= 1.284) -> PTT >= 1.845) -> Phosphate >= 1.179)
",0.003,0.003,0.000,0.000,1.000,0,0,0,19,19,0,0,19,0.0,0,0,0.0,0.0,1.0
"((Fibrinogen <= 269.590) U[1,2] (Glucose <= 20.809))
",-9999999.000,-9999999.000,0.000,0.000,1.000,0,0,0,19,19,0,0,19,0.0,0,0,0.0,0.0,1.0
"((Hct >= 1.598) U[0,1] (Platelets <= 343.412))
",-9999999.000,-9999999.000,0.000,0.000,1.000,0,0,0,19,19,0,0,19,0.0,0,0,0.0,0.0,1.0
"F[1,1](SepsisLabel <= 0.000 | HR <= 83.150)
",83.150,83.150,0.000,0.000,1.000,0,0,0,19,19,0,0,19,0.0,0,0,0.0,0.0,1.0
"F[0,2](Fibrinogen >= 12.502 | PaCO2 >= 0.189)
",-9999999.000,-9999999.000,0.000,0.000,1.000,0,0,0,19,19,0,0,19,0.0,0,0,0.0,0.0,1.0
"F[0,1](((Calcium <= 3.119 & SaO2 >= 2.090) -> Bilirubin_direct >= 1.650) -> Calcium <= 71.793)
",-9999999.000,-9999999.000,0.000,0.000,1.000,0,0,0,19,19,0,0,19,0.0,0,0,0.0,0.0,1.0
"F[2,2](Temp <= 7.237 & AST >= 0.000)
",0.000,0.000,0.000,0.000,1.000,0,0,0,19,19,0,0,19,0.0,0,0,0.0,0.0,1.0
"F[0,2](Hgb >= 0.219 -> PaCO2 <= 31.709)
",-9999999.000,-9999999.000,0.000,0.000,1.000,0,0,0,19,19,0,0,19,0.0,0,0,0.0,0.0,1.0
"F[0,2](((WBC >= 0.083 | TroponinI <= 0.000) -> Resp >= 0.000) -> Phosphate >= 0.000)
",-9999999.000,-9999999.000,0.000,0.000,1.000,0,0,0,19,19,0,0,19,0.0,0,0,0.0,0.0,1.0
"((Phosphate <= 0.828) U[0,2] (Chloride >= 0.224))
",-9999999.000,-9999999.000,0.000,0.000,1.000,0,0,0,19,19,0,0,19,0.0,0,0,0.0,0.0,1.0
"F[1,1](((O2Sat >= 20.422 & AST <= 0.000) -> SBP <= 0.000) -> Phosphate >= 0.000)
",0.000,0.000,0.000,0.000,1.000,0,0,0,19,19,0,0,19,0.0,0,0,0.0,0.0,1.0
"F[0,0](AST <= 0.000 | Fibrinogen >= 10.440)
",-0.220,-0.515,0.000,0.000,1.000,0,0,0,19,19,0,0,19,0.0,0,0,0.0,0.0,1.0
"((DBP <= 0.000) U[0,1] (Bilirubin_total >= 0.000))
",-9999999.000,-9999999.000,0.000,0.000,1.000,0,0,0,19,19,0,0,19,0.0,0,0,0.0,0.0,1.0
"F[1,1]((Calcium >= 0.155 -> TroponinI <= 0.000) & SBP >= 0.000)
",0.000,0.000,0.000,0.000,1.000,0,0,0,19,19,0,0,19,0.0,0,0,0.0,0.0,1.0
"F[1,2](((Resp <= 25.145 & HCO3 <= 26.905) -> BaseExcess >= 0.724) -> DBP <= 1.698)
",-9999999.000,-9999999.000,0.000,0.000,1.000,0,0,0,19,19,0,0,19,0.0,0,0,0.0,0.0,1.0
"F[1,2](((Alkalinephos <= 0.000 | SepsisLabel <= 0.000) & Phosphate <= 0.000) & PaCO2 <= 0.000)
",-9999999.000,-9999999.000,0.000,0.000,1.000,0,0,0,19,19,0,0,19,0.0,0,0,0.0,0.0,1.0
"F[1,2]((Creatinine <= 0.384 & WBC <= 10.110) | Hgb >= 0.183)
",-9999999.000,-9999999.000,0.000,0.000,1.000,0,0,0,19,19,0,0,19,0.0,0,0,0.0,0.0,1.0
"F[1,2](Hgb <= 6.972 & Temp >= 5.071)
",-9999999.000,-9999999.000,0.000,0.000,1.000,0,0,0,19,19,0,0,19,0.0,0,0,0.0,0.0,1.0
"F[0,2]((Lactate <= 0.681 -> Glucose >= 2.446) & HR <= 23.955)
",-9999999.000,-9999999.000,0.000,0.000,1.000,0,0,0,19,19,0,0,19,0.0,0,0,0.0,0.0,1.0
"F[0,0](((Creatinine <= 0.166 & MAP <= 79.516) | Fibrinogen >= 45.848) | FiO2 <= 101.305)
",15.967,99.831,0.000,0.000,1.000,0,0,0,19,19,0,0,19,0.0,0,0,0.0,0.0,1.0
"F[0,1](((Glucose <= 61.459 -> AST <= 0.000) -> EtCO2 <= 0.000) -> BaseExcess >= 0.000)
",-9999999.000,-9999999.000,0.000,0.000,1.000,0,0,0,19,19,0,0,19,0.0,0,0,0.0,0.0,1.0
"F[0,1](((SBP >= 30.060 & Glucose >= 0.615) | Resp >= 2.970) | TroponinI >= 1.015)
",-9999999.000,-9999999.000,0.000,0.000,1.000,0,0,0,19,19,0,0,19,0.0,0,0,0.0,0.0,1.0
"F[1,2]((Chloride <= 9.064 & MAP <= 74.841) | PaCO2 <= 102.923)
",-9999999.000,-9999999.000,0.000,0.000,1.000,0,0,0,19,19,0,0,19,0.0,0,0,0.0,0.0,1.0
"F[0,2]((FiO2 <= 0.603 & Phosphate <= 0.230) & Lactate >= 0.107)
",-9999999.000,-9999999.000,0.000,0.000,1.000,0,0,0,19,19,0,0,19,0.0,0,0,0.0,0.0,1.0
"F[1,2](((BUN <= 6.373 | PaCO2 >= 0.560) -> TroponinI >= 0.466) -> Magnesium <= 29.152)
",-9999999.000,-9999999.000,0.000,0.000,1.000,0,0,0,19,19,0,0,19,0.0,0,0,0.0,0.0,1.0
"F[2,2](BaseExcess <= 1.342 & HCO3 >= 0.225)
",-0.225,-0.225,0.000,0.000,1.000,0,0,0,19,19,0,0,19,0.0,0,0,0.0,0.0,1.0
"F[0,1](((Calcium >= 0.181 & EtCO2 <= 0.000) | EtCO2 <= 0.000) | SaO2 >= 0.000)
",-9999999.000,-9999999.000,0.000,0.000,1.000,0,0,0,19,19,0,0,19,0.0,0,0,0.0,0.0,1.0
"F[0,1]((BaseExcess <= 0.825 -> Hgb >= 0.133) -> TroponinI <= 4.635)
",-9999999.000,-9999999.000,0.000,0.000,1.000,0,0,0,19,19,0,0,19,0.0,0,0,0.0,0.0,1.0
"F[1,2](((Platelets <= 372.708 & Hct >= 1.727) | Bilirubin_direct >= 0.135) | Hct >= 0.466)
",-9999999.000,-9999999.000,0.000,0.000,1.000,0,0,0,19,19,0,0,19,0.0,0,0,0.0,0.0,1.0
"F[1,2]((Fibrinogen <= 230.556 -> WBC >= 0.227) | Hct >= 0.144)
",-9999999.000,-9999999.000,0.000,0.000,1.000,0,0,0,19,19,0,0,19,0.0,0,0,0.0,0.0,1.0
"F[1,2](((WBC >= 0.053 | Hgb <= 2.437) & FiO2 >= 0.099) & WBC <= 4.332)
",-9999999.000,-9999999.000,0.000,0.000,1.000,0,0,0,19,19,0,0,19,0.0,0,0,0.0,0.0,1.0
"F[1,2]((Resp >= 14.651 -> Lactate >= 0.003) | MAP >= 0.012)
",-9999999.000,-9999999.000,0.000,0.000,1.000,0,0,0,19,19,0,0,19,0.0,0,0,0.0,0.0,1.0
"F[2,2](((MAP <= 72.421 -> Bilirubin_direct <= 0.000) | Temp <= 0.000) -> Potassium >= 0.000)
",0.000,0.000,0.000,0.000,1.000,0,0,0,19,19,0,0,19,0.0,0,0,0.0,0.0,1.0
"F[1,2](((FiO2 <= 0.626 -> AST <= 0.000) -> pH >= 0.000) & Fibrinogen <= 0.000)
",-9999999.000,-9999999.000,0.000,0.000,1.000,0,0,0,19,19,0,0,19,0.0,0,0,0.0,0.0,1.0
"F[2,2]((Bilirubin_direct <= 0.000 | HCO3 >= 0.238) & BUN <= 4.956)
",0.000,0.000,0.000,0.000,1.000,0,0,0,19,19,0,0,19,0.0,0,0,0.0,0.0,1.0
"((Hgb <= 9.797) U[0,1] (EtCO2 >= 0.000))
",-9999999.000,-9999999.000,0.000,0.000,1.000,0,0,0,19,19,0,0,19,0.0,0,0,0.0,0.0,1.0
"F[0,2](SepsisLabel <= 0.000 & Magnesium <= 0.448)
",-9999999.000,-9999999.000,0.000,0.000,1.000,0,0,0,19,19,0,0,19,0.0,0,0,0.0,0.0,1.0
"F[0,0](((BaseExcess >= 0.078 | Phosphate >= 0.001) | Bilirubin_direct >= 0.174) -> MAP >= 0.101)
",-2.211,-98.730,0.000,0.000,1.000,0,0,0,19,19,0,0,19,0.0,0,0,0.0,0.0,1.0
"F[1,2]((Bilirubin_direct >= 0.000 | HCO3 >= 0.719) & DBP >= 0.400)
",-9999999.000,-9999999.000,0.000,0.000,1.000,0,0,0,19,19,0,0,19,0.0,0,0,0.0,0.0,1.0
"F[0,2]((Alkalinephos <= 0.000 | Bilirubin_total >= 0.000) | Creatinine >= 0.000)
",-9999999.000,-9999999.000,0.000,0.000,1.000,0,0,0,19,19,0,0,19,0.0,0,0,0.0,0.0,1.0
"F[2,2](Lactate <= 1.186 -> HCO3 >= 0.451)
",-1.186,-1.186,0.000,0.000,1.000,0,0,0,19,19,0,0,19,0.0,0,0,0.0,0.0,1.0
"((Hgb >= 0.232) U[0,2] (SaO2 >= 1.749))
",-9999999.000,-9999999.000,0.000,0.000,1.000,0,0,0,19,19,0,0,19,0.0,0,0,0.0,0.0,1.0
"F[0,2]((Hgb >= 0.168 & EtCO2 >= 0.000) & O2Sat >= 0.000)
",-9999999.000,-9999999.000,0.000,0.000,1.000,0,0,0,19,19,0,0,19,0.0,0,0,0.0,0.0,1.0
"F[1,2](pH >= 0.030 | Potassium <= 0.656)
",-9999999.000,-9999999.000,0.000,0.000,1.000,0,0,0,19,19,0,0,19,0.0,0,0,0.0,0.0,1.0
"F[0,2]((FiO2 >= 0.128 | TroponinI <= 0.000) | Chloride <= 0.000)
",-9999999.000,-9999999.000,0.000,0.000,1.000,0,0,0,19,19,0,0,19,0.0,0,0,0.0,0.0,1.0
"((Alkalinephos <= 0.000) U[0,2] (Bilirubin_total >= 0.000))
",-9999999.000,-9999999.000,0.000,0.000,1.000,0,0,0,19,19,0,0,19,0.0,0,0,0.0,0.0,1.0
"F[0,1]((SepsisLabel >= 0.000 | Lactate <= 1.771) | SepsisLabel <= 0.146)
",-9999999.000,-9999999.000,0.000,0.000,1.000,0,0,0,19,19,0,0,19,0.0,0,0,0.0,0.0,1.0
"F[0,2]((pH >= 0.067 & Hct <= 23.376) | Chloride >= 0.168)
",-9999999.000,-9999999.000,0.000,0.000,1.000,0,0,0,19,19,0,0,19,0.0,0,0,0.0,0.0,1.0
"F[0,2]((TroponinI >= 0.000 | HR <= 101.811) | Alkalinephos >= 37.942)
",-9999999.000,-9999999.000,0.000,0.000,1.000,0,0,0,19,19,0,0,19,0.0,0,0,0.0,0.0,1.0
"F[0,2](((O2Sat <= 79.474 -> Temp >= 2.371) & SepsisLabel >= 3.992) & FiO2 >= 2.306)
",-9999999.000,-9999999.000,0.000,0.000,1.000,0,0,0,19,19,0,0,19,0.0,0,0,0.0,0.0,1.0
"F[0,2]((Platelets >= 10.913 & Calcium <= 0.728) & Bilirubin_total <= 1.074)
",-9999999.000,-9999999.000,0.000,0.000,1.000,0,0,0,19,19,0,0,19,0.0,0,0,0.0,0.0,1.0
"F[1,2]((Lactate <= 0.906 -> Glucose <= 145.439) & O2Sat <= 22.925)
",-9999999.000,-9999999.000,0.000,0.000,1.000,0,0,0,19,19,0,0,19,0.0,0,0,0.0,0.0,1.0
"F[2,2](((pH <= 4.584 | pH <= 6.687) | Hct >= 0.047) & BUN <= 5.152)
",5800290609740411.000,5.152,0.000,0.000,1.000,0,0,0,19,19,0,0,19,0.0,0,0,0.0,0.0,1.0
"F[1,2](((O2Sat <= 92.019 | EtCO2 <= 0.000) & MAP >= 0.000) | PTT >= 0.000)
",-9999999.000,-9999999.000,0.000,0.000,1.000,0,0,0,19,19,0,0,19,0.0,0,0,0.0,0.0,1.0
"F[0,2](((O2Sat <= 99.934 -> Glucose <= 32.991) & Chloride >= 3.298) -> DBP <= 16.925)
",-9999999.000,-9999999.000,0.000,0.000,1.000,0,0,0,19,19,0,0,19,0.0,0,0,0.0,0.0,1.0
"F[1,1]((AST <= 0.000 & EtCO2 >= 0.000) | Bilirubin_total <= 0.000)
",0.000,0.000,0.000,0.000,1.000,0,0,0,19,19,0,0,19,0.0,0,0,0.0,0.0,1.0
"F[1,1](((Fibrinogen <= 497.186 -> Platelets >= 2.401) -> PTT <= 63.886) & Temp <= 74.252)
",-8991140245086338.000,-63.886,0.000,0.000,1.000,0,0,0,19,19,0,0,19,0.0,0,0,0.0,0.0,1.0
"F[1,2](((O2Sat <= 80.143 & Platelets <= 291.415) & Magnesium <= 364.256) & Hct <= 20.162)
",-9999999.000,-9999999.000,0.000,0.000,1.000,0,0,0,19,19,0,0,19,0.0,0,0,0.0,0.0,1.0
"F[1,2](Temp >= 2.869 & Creatinine >= 0.005)
",-9999999.000,-9999999.000,0.000,0.000,1.000,0,0,0,19,19,0,0,19,0.0,0,0,0.0,0.0,1.0
"F[1,2](Creatinine >= 0.003 & TroponinI >= 0.000)
",-9999999.000,-9999999.000,0.000,0.000,1.000,0,0,0,19,19,0,0,19,0.0,0,0,0.0,0.0,1.0
"F[2,2](((HR <= 102.571 & Potassium >= 0.214) -> DBP <= 2.202) -> SBP <= 0.347)
",-6246911818718078.000,-0.347,0.000,0.000,1.000,0,0,0,19,19,0,0,19,0.0,0,0,0.0,0.0,1.0
"F[0,0](((Magnesium <= 0.490 & Fibrinogen <= 445.301) | Hgb <= 179.974) | Hct <= 111.594)
",16.104,176.222,0.000,0.000,1.000,0,0,0,19,19,0,0,19,0.0,0,0,0.0,0.0,1.0
"F[0,1](((BaseExcess >= 0.068 | MAP <= 90.160) -> Creatinine <= 89.302) | Glucose <= 97.382)
",-9999999.000,-9999999.000,0.000,0.000,1.000,0,0,0,19,19,0,0,19,0.0,0,0,0.0,0.0,1.0
"F[1,2](((SaO2 <= 10.658 | Alkalinephos <= 0.000) -> Lactate <= 0.000) -> O2Sat <= 0.000)
",-9999999.000,-9999999.000,0.000,0.000,1.000,0,0,0,19,19,0,0,19,0.0,0,0,0.0,0.0,1.0
"F[1,2](((Platelets >= 8.954 & PTT >= 1.417) & MAP >= 0.207) | DBP <= 42.017)
",-9999999.000,-9999999.000,0.000,0.000,1.000,0,0,0,19,19,0,0,19,0.0,0,0,0.0,0.0,1.0
"F[0,1](Lactate <= 1.789 & HR <= 106.658)
",-9999999.000,-9999999.000,0.000,0.000,1.000,0,0,0,19,19,0,0,19,0.0,0,0,0.0,0.0,1.0
"F[2,2]((BaseExcess <= 0.469 -> SaO2 <= 46.579) -> pH >= 0.158)
",5703884590014155.000,0.158,0.000,0.000,1.000,0,0,0,19,19,0,0,19,0.0,0,0,0.0,0.0,1.0
"F[1,2](((O2Sat >= 60.358 & Calcium >= 0.047) -> Hgb <= 0.385) -> O2Sat >= 0.095)
",-9999999.000,-9999999.000,0.000,0.000,1.000,0,0,0,19,19,0,0,19,0.0,0,0,0.0,0.0,1.0
"F[0,2](FiO2 >= 0.028 & Magnesium >= 0.053)
",-9999999.000,-9999999.000,0.000,0.000,1.000,0,0,0,19,19,0,0,19,0.0,0,0,0.0,0.0,1.0
"F[0,2](((SepsisLabel >= 0.000 -> HCO3 >= 0.200) -> O2Sat >= 0.389) & TroponinI >= 0.393)
",-9999999.000,-9999999.000,0.000,0.000,1.000,0,0,0,19,19,0,0,19,0.0,0,0,0.0,0.0,1.0
"F[2,2](Fibrinogen >= 5.055 | BUN >= 0.144)
",-5202041236136779.000,-0.144,0.000,0.000,1.000,0,0,0,19,19,0,0,19,0.0,0,0,0.0,0.0,1.0
"F[1,2](((Calcium <= 7.491 | DBP >= 0.000) & Phosphate >= 0.000) & SaO2 >= 0.000)
",-9999999.000,-9999999.000,0.000,0.000,1.000,0,0,0,19,19,0,0,19,0.0,0,0,0.0,0.0,1.0
"F[0,0](Potassium <= 4.309 | MAP <= 103.765)
",0.567,20.534,0.000,0.000,1.000,0,0,0,19,19,0,0,19,0.0,0,0,0.0,0.0,1.0
"F[1,2](((Platelets <= 50.791 -> TroponinI >= 0.000) -> EtCO2 >= 0.000) & Bilirubin_direct <= 0.000)
",-9999999.000,-9999999.000,0.000,0.000,1.000,0,0,0,19,19,0,0,19,0.0,0,0,0.0,0.0,1.0
"F[0,1](((Platelets <= 334.282 & EtCO2 >= 0.000) & BaseExcess <= 0.000) | WBC <= 0.000)
",-9999999.000,-9999999.000,0.000,0.000,1.000,0,0,0,19,19,0,0,19,0.0,0,0,0.0,0.0,1.0
"F[0,1](((Temp >= 4.411 | Bilirubin_total >= 0.000) & Phosphate <= 0.000) -> BaseExcess <= 0.000)
",-9999999.000,-9999999.000,0.000,0.000,1.000,0,0,0,19,19,0,0,19,0.0,0,0,0.0,0.0,1.0
"F[0,1]((FiO2 <= 0.732 | Bilirubin_direct <= 0.000) | Potassium <= 0.000)
",-9999999.000,-9999999.000,0.000,0.000,1.000,0,0,0,19,19,0,0,19,0.0,0,0,0.0,0.0,1.0
"((Bilirubin_direct <= 0.000) U[0,2] (Potassium >= 0.119))
",-9999999.000,-9999999.000,0.000,0.000,1.000,0,0,0,19,19,0,0,19,0.0,0,0,0.0,0.0,1.0
"F[0,0](((TroponinI >= 0.000 | Magnesium >= 0.011) | Creatinine >= 0.095) & BaseExcess <= 1.602)
",0.343,0.169,0.000,0.000,1.000,0,0,0,19,19,0,0,19,0.0,0,0,0.0,0.0,1.0
"F[0,1]((BaseExcess >= 0.008 | PaCO2 <= 20.632) -> SBP >= 0.453)
",-9999999.000,-9999999.000,0.000,0.000,1.000,0,0,0,19,19,0,0,19,0.0,0,0,0.0,0.0,1.0
"F[0,0](WBC >= 0.205 | Bilirubin_direct <= 0.000)
",0.343,3.494,0.000,0.000,1.000,0,0,0,19,19,0,0,19,0.0,0,0,0.0,0.0,1.0
"F[1,1](O2Sat <= 92.012 -> Potassium <= 1.274)
",-92.012,-92.012,0.000,0.000,1.000,0,0,0,19,19,0,0,19,0.0,0,0,0.0,0.0,1.0
"F[0,2]((BaseExcess <= 2.521 & SaO2 >= 2.329) & Chloride >= 2.163)
",-9999999.000,-9999999.000,0.000,0.000,1.000,0,0,0,19,19,0,0,19,0.0,0,0,0.0,0.0,1.0
"F[0,0]((AST <= 0.000 & EtCO2 <= 0.000) | Chloride <= 0.000)
",-0.236,-0.411,0.000,0.000,1.000,0,0,0,19,19,0,0,19,0.0,0,0,0.0,0.0,1.0
"F[0,2]((Phosphate >= 0.042 & EtCO2 >= 0.000) -> Hct >= 0.000)
",-9999999.000,-9999999.000,0.000,0.000,1.000,0,0,0,19,19,0,0,19,0.0,0,0,0.0,0.0,1.0
"F[1,2](BUN >= 0.178 | SepsisLabel <= 0.000)
",-9999999.000,-9999999.000,0.000,0.000,1.000,0,0,0,19,19,0,0,19,0.0,0,0,0.0,0.0,1.0
"F[0,2](((Platelets <= 209.327 -> Bilirubin_direct <= 0.000) -> SBP <= 0.000) -> HCO3 >= 0.000)
",-9999999.000,-9999999.000,0.000,0.000,1.000,0,0,0,19,19,0,0,19,0.0,0,0,0.0,0.0,1.0
"F[1,2](Glucose >= 1.579 & SepsisLabel >= 0.000)
",-9999999.000,-9999999.000,0.000,0.000,1.000,0,0,0,19,19,0,0,19,0.0,0,0,0.0,0.0,1.0
"F[0,2](((Bilirubin_total <= 0.000 | PaCO2 <= 18.828) -> Fibrinogen >= 0.421) | WBC <= 11.388)
",-9999999.000,-9999999.000,0.000,0.000,1.000,0,0,0,19,19,0,0,19,0.0,0,0,0.0,0.0,1.0
"F[0,2](((DBP >= 0.000 -> WBC >= 0.151) | EtCO2 <= 10.614) & SaO2 >= 0.062)
",-9999999.000,-9999999.000,0.000,0.000,1.000,0,0,0,19,19,0,0,19,0.0,0,0,0.0,0.0,1.0
"F[0,0](((HCO3 >= 0.012 | TroponinI >= 0.000) & BaseExcess <= 0.000) -> PaCO2 >= 0.000)
",-0.236,-0.395,0.000,0.000,1.000,0,0,0,19,19,0,0,19,0.0,0,0,0.0,0.0,1.0
"F[0,2]((AST >= 0.000 -> Hct <= 18.843) -> Resp <= 19.149)
",-9999999.000,-9999999.000,0.000,0.000,1.000,0,0,0,19,19,0,0,19,0.0,0,0,0.0,0.0,1.0
"((MAP <= 70.558) U[0,1] (HR <= 112.994))
",-9999999.000,-9999999.000,0.000,0.000,1.000,0,0,0,19,19,0,0,19,0.0,0,0,0.0,0.0,1.0
"F[0,0](((SaO2 >= 2.083 & Chloride >= 1.882) & Chloride <= 42.476) | Hct <= 55.099)
",55.099,55.099,0.000,0.000,1.000,0,0,0,19,19,0,0,19,0.0,0,0,0.0,0.0,1.0
"F[2,2](Alkalinephos <= 0.000 -> Hgb >= 0.159)
",0.000,0.000,0.000,0.000,1.000,0,0,0,19,19,0,0,19,0.0,0,0,0.0,0.0,1.0
"F[0,1]((Potassium <= 0.419 & Glucose <= 64.329) -> TroponinI <= 50.930)
",-9999999.000,-9999999.000,0.000,0.000,1.000,0,0,0,19,19,0,0,19,0.0,0,0,0.0,0.0,1.0
"F[2,2]((Potassium <= 3.271 & WBC <= 7.804) | DBP <= 0.623)
",3.271,3.271,0.000,0.000,1.000,0,0,0,19,19,0,0,19,0.0,0,0,0.0,0.0,1.0
"F[1,2](((FiO2 <= 0.207 -> DBP >= 0.000) & BaseExcess >= 0.000) -> SaO2 >= 0.000)
",-9999999.000,-9999999.000,0.000,0.000,1.000,0,0,0,19,19,0,0,19,0.0,0,0,0.0,0.0,1.0
"F[0,1](Resp >= 13.491 & Alkalinephos >= 0.000)
",-9999999.000,-9999999.000,0.000,0.000,1.000,0,0,0,19,19,0,0,19,0.0,0,0,0.0,0.0,1.0
"F[2,2]((FiO2 <= 0.357 | Potassium <= 2.118) & EtCO2 >= 0.043)
",-6126200663638540.000,-0.043,0.000,0.000,1.000,0,0,0,19,19,0,0,19,0.0,0,0,0.0,0.0,1.0
"F[0,2](Hgb <= 5.047 | Hct <= 18.705)
",-9999999.000,-9999999.000,0.000,0.000,1.000,0,0,0,19,19,0,0,19,0.0,0,0,0.0,0.0,1.0
"F[0,2]((Platelets <= 56.046 -> SBP <= 129.557) -> Calcium >= 55.338)
",-9999999.000,-9999999.000,0.000,0.000,1.000,0,0,0,19,19,0,0,19,0.0,0,0,0.0,0.0,1.0
"((Lactate < 1.151) U[0,1] (SepsisLabel = 0.000))
",-9999999.000,-9999999.000,0.000,0.000,1.000,0,0,0,19,19,0,0,19,0.0,0,0,0.0,0.0,1.0
"F[0,2](PTT <= 53.709 -> SepsisLabel = 0.000)
",-9999999.000,-9999999.000,0.000,0.000,1.000,0,0,0,19,19,0,0,19,0.0,0,0,0.0,0.0,1.0
"((pH > 0.183) U[0,1] (SepsisLabel = 0.000))
",-9999999.000,-9999999.000,0.000,0.000,1.000,0,0,0,19,19,0,0,19,0.0,0,0,0.0,0.0,1.0
"((Creatinine > 0.018) U[0,2] (SepsisLabel = 0.000))
",-9999999.000,-9999999.000,0.000,0.000,1.000,0,0,0,19,19,0,0,19,0.0,0,0,0.0,0.0,1.0
"F[1,2](EtCO2 < 0.000 -> SepsisLabel = 0.000)
",-9999999.000,-9999999.000,0.000,0.000,1.000,0,0,0,19,19,0,0,19,0.0,0,0,0.0,0.0,1.0
"((WBC >= 0.088) U[0,1] (SepsisLabel = 0.000))
",-9999999.000,-9999999.000,0.000,0.000,1.000,0,0,0,19,19,0,0,19,0.0,0,0,0.0,0.0,1.0
"F[0,2](TroponinI >= 0.000 -> SepsisLabel = 0.000)
",-9999999.000,-9999999.000,0.000,0.000,1.000,0,0,0,19,19,0,0,19,0.0,0,0,0.0,0.0,1.0
"((Hgb > 0.189) U[0,1] (SepsisLabel = 0.000))
",-9999999.000,-9999999.000,0.000,0.000,1.000,0,0,0,19,19,0,0,19,0.0,0,0,0.0,0.0,1.0
"F[0,2]((BUN <= 5.246 -> SBP <= 137.093) -> PaCO2 >= 81.541)
",-9999999.000,-9999999.000,0.000,0.000,1.000,0,0,0,19,19,0,0,19,0.0,0,0,0.0,0.0,1.0
"F[0,1](WBC <= 7.005 & SepsisLabel = 0.000)
",-9999999.000,-9999999.000,0.000,0.000,1.000,0,0,0,19,19,0,0,19,0.0,0,0,0.0,0.0,1.0
"F[1,2](Lactate > 0.002 -> SepsisLabel = 0.000)
",-9999999.000,-9999999.000,0.000,0.000,1.000,0,0,0,19,19,0,0,19,0.0,0,0,0.0,0.0,1.0
"((PTT >= 3.542) U[2,2] (SepsisLabel = 0.000))
",0.000,0.000,0.000,0.000,1.000,0,0,0,19,19,0,0,19,0.0,0,0,0.0,0.0,1.0
"((Resp < 26.039) U[0,2] (SepsisLabel = 0.000))
",-9999999.000,-9999999.000,0.000,0.000,1.000,0,0,0,19,19,0,0,19,0.0,0,0,0.0,0.0,1.0
"F[2,2](EtCO2 >= 0.000 & SepsisLabel = 0.000)
",0.000,0.000,0.000,0.000,1.000,0,0,0,19,19,0,0,19,0.0,0,0,0.0,0.0,1.0
"((SBP >= 39.625) U[0,2] (SepsisLabel = 0.000))
",-9999999.000,-9999999.000,0.000,0.000,1.000,0,0,0,19,19,0,0,19,0.0,0,0,0.0,0.0,1.0
"((BaseExcess > 0.017) U[0,1] (SepsisLabel = 0.000))
",-9999999.000,-9999999.000,0.000,0.000,1.000,0,0,0,19,19,0,0,19,0.0,0,0,0.0,0.0,1.0
"F[1,2](Chloride >= 2.330 | Glucose <= 94.673)
",-9999999.000,-9999999.000,0.000,0.000,1.000,0,0,0,19,19,0,0,19,0.0,0,0,0.0,0.0,1.0
"F[0,2](((Glucose >= 0.201 | HCO3 <= 2.778) & MAP >= 0.458) | BaseExcess <= 27.724)
",-9999999.000,-9999999.000,0.000,0.000,1.000,0,0,0,19,19,0,0,19,0.0,0,0,0.0,0.0,1.0
"((BUN >= 0.018) U[2,2] (WBC >= 0.173))
",-5262029853934725.000,-0.018,0.000,0.000,1.000,0,0,0,19,19,0,0,19,0.0,0,0,0.0,0.0,1.0
"F[1,2](Calcium <= 7.171 & Hgb <= 9.090)
",-9999999.000,-9999999.000,0.000,0.000,1.000,0,0,0,19,19,0,0,19,0.0,0,0,0.0,0.0,1.0
"F[0,2](((PaCO2 >= 0.003 | pH <= 6.447) -> HCO3 >= 0.057) & Creatinine <= 6.388)
",-9999999.000,-9999999.000,0.000,0.000,1.000,0,0,0,19,19,0,0,19,0.0,0,0,0.0,0.0,1.0
"F[1,2]((Calcium <= 6.619 -> Creatinine <= 0.429) | O2Sat >= 0.006)
",-9999999.000,-9999999.000,0.000,0.000,1.000,0,0,0,19,19,0,0,19,0.0,0,0,0.0,0.0,1.0
"F[1,2]((Hgb <= 10.572 | Platelets <= 344.966) & Platelets <= 358.265)
",-9999999.000,-9999999.000,0.000,0.000,1.000,0,0,0,19,19,0,0,19,0.0,0,0,0.0,0.0,1.0
"((Lactate >= 0.036) U[2,2] (SaO2 >= 2.023))
",-0.036,-0.036,0.000,0.000,1.000,0,0,0,19,19,0,0,19,0.0,0,0,0.0,0.0,1.0
"F[2,2]((BUN <= 0.468 & Platelets <= 448.108) & SepsisLabel >= 11.671)
",-11.671,-11.671,0.000,0.000,1.000,0,0,0,19,19,0,0,19,0.0,0,0,0.0,0.0,1.0
"F[2,2](((BaseExcess <= 2.145 | pH >= 0.044) & Bilirubin_direct >= 0.190) -> EtCO2 >= 0.100)
",0.100,0.100,0.000,0.000,1.000,0,0,0,19,19,0,0,19,0.0,0,0,0.0,0.0,1.0
"F[0,2]((HR >= 23.085 & Resp >= 3.266) | DBP >= 7.588)
",-9999999.000,-9999999.000,0.000,0.000,1.000,0,0,0,19,19,0,0,19,0.0,0,0,0.0,0.0,1.0
"F[2,2](Phosphate >= 0.048 | Platelets <= 43.902)
",43.902,43.902,0.000,0.000,1.000,0,0,0,19,19,0,0,19,0.0,0,0,0.0,0.0,1.0
"F[0,1](Chloride <= 73.654 | Phosphate >= 0.176)
",-9999999.000,-9999999.000,0.000,0.000,1.000,0,0,0,19,19,0,0,19,0.0,0,0,0.0,0.0,1.0
"F[1,1](Hgb >= 0.255 -> Phosphate >= 0.090)
",0.090,0.090,0.000,0.000,1.000,0,0,0,19,19,0,0,19,0.0,0,0,0.0,0.0,1.0
"F[1,2]((BUN >= 0.059 & Phosphate >= 0.017) | MAP <= 1.503)
",-9999999.000,-9999999.000,0.000,0.000,1.000,0,0,0,19,19,0,0,19,0.0,0,0,0.0,0.0,1.0
"F[0,2]((Calcium >= 0.127 | Phosphate <= 3.346) & BaseExcess >= 0.046)
",-9999999.000,-9999999.000,0.000,0.000,1.000,0,0,0,19,19,0,0,19,0.0,0,0,0.0,0.0,1.0
"F[1,2](Creatinine > 0.015 & SepsisLabel = 0.000)
",-9999999.000,-9999999.000,0.000,0.000,1.000,0,0,0,19,19,0,0,19,0.0,0,0,0.0,0.0,1.0
"F[0,2](Phosphate < 2.956 -> SepsisLabel = 0.000)
",-9999999.000,-9999999.000,0.000,0.000,1.000,0,0,0,19,19,0,0,19,0.0,0,0,0.0,0.0,1.0
"((EtCO2 <= 0.000) U[0,1] (SepsisLabel = 0.000))
",-9999999.000,-9999999.000,0.000,0.000,1.000,0,0,0,19,19,0,0,19,0.0,0,0,0.0,0.0,1.0
"F[1,2]((Phosphate >= 0.159 & Magnesium > 0.000) -> Calcium < 6.771)
",-9999999.000,-9999999.000,0.000,0.000,1.000,0,0,0,19,19,0,0,19,0.0,0,0,0.0,0.0,1.0
"F[0,2](((Calcium < 4.593 & Potassium < 3.362) & Magnesium < 1.117) & Phosphate < 2.342)
",-9999999.000,-9999999.000,0.000,0.000,1.000,0,0,0,19,19,0,0,19,0.0,0,0,0.0,0.0,1.0
"F[1,2]((Phosphate >= 0.040 & Magnesium > 0.113) -> Calcium < 4.040)
",-9999999.000,-9999999.000,0.000,0.000,1.000,0,0,0,19,19,0,0,19,0.0,0,0,0.0,0.0,1.0
"F[1,2]((Calcium <= 4.260 & Potassium <= 4.253) & Magnesium >= 0.067)
",-9999999.000,-9999999.000,0.000,0.000,1.000,0,0,0,19,19,0,0,19,0.0,0,0,0.0,0.0,1.0
"F[0,2](((Calcium < 3.461 & Potassium < 3.108) & Magnesium < 2.077) & Phosphate < 4.914)
",-9999999.000,-9999999.000,0.000,0.000,1.000,0,0,0,19,19,0,0,19,0.0,0,0,0.0,0.0,1.0
"F[2,2]((Phosphate >= 0.021 & Magnesium > 0.053) -> Calcium < 3.519)
",-7924133554145903.000,-3.519,0.000,0.000,1.000,0,0,0,19,19,0,0,19,0.0,0,0,0.0,0.0,1.0
"((MAP >= 18.197) U[0,2] (SBP <= 118.312))
",-9999999.000,-9999999.000,0.000,0.000,1.000,0,0,0,19,19,0,0,19,0.0,0,0,0.0,0.0,1.0
"F[0,2]((Calcium <= 1.371 & Potassium <= 4.737) & Magnesium >= 0.133)
",-9999999.000,-9999999.000,0.000,0.000,1.000,0,0,0,19,19,0,0,19,0.0,0,0,0.0,0.0,1.0
"F[1,1]((Phosphate >= 0.035 & Magnesium > 0.085) -> Calcium < 1.911)
",-8607852943259924.000,-1.911,0.000,0.000,1.000,0,0,0,19,19,0,0,19,0.0,0,0,0.0,0.0,1.0
"F[1,2](Hgb <= 6.212 | Hct <= 2.721)
",-9999999.000,-9999999.000,0.000,0.000,1.000,0,0,0,19,19,0,0,19,0.0,0,0,0.0,0.0,1.0
"F[1,2]((Calcium <= 1.568 & Potassium <= 4.951) & Magnesium >= 0.092)
",-9999999.000,-9999999.000,0.000,0.000,1.000,0,0,0,19,19,0,0,19,0.0,0,0,0.0,0.0,1.0
"F[0,1]((Phosphate >= 0.041 & Magnesium > 0.021) -> Calcium < 5.561)
",-9999999.000,-9999999.000,0.000,0.000,1.000,0,0,0,19,19,0,0,19,0.0,0,0,0.0,0.0,1.0
"((MAP >= 40.368) U[2,2] (SBP <= 133.192))
",133.192,133.192,0.000,0.000,1.000,0,0,0,19,19,0,0,19,0.0,0,0,0.0,0.0,1.0
"F[1,1](Hgb <= 8.405 | Hct <= 1.980)
",4731725245599078.000,8.405,0.000,0.000,1.000,0,0,0,19,19,0,0,19,0.0,0,0,0.0,0.0,1.0
"F[1,2]((Calcium <= 7.723 & Potassium <= 3.172) & Magnesium >= 0.039)
",-9999999.000,-9999999.000,0.000,0.000,1.000,0,0,0,19,19,0,0,19,0.0,0,0,0.0,0.0,1.0
"F[1,2](Hgb <= 10.471 | Hct <= 34.649)
",-9999999.000,-9999999.000,0.000,0.000,1.000,0,0,0,19,19,0,0,19,0.0,0,0,0.0,0.0,1.0
"F[0,2](((Calcium < 1.888 & Potassium < 3.417) & Magnesium < 1.249) & Phosphate < 4.889)
",-9999999.000,-9999999.000,0.000,0.000,1.000,0,0,0,19,19,0,0,19,0.0,0,0,0.0,0.0,1.0
"F[1,2]((Calcium <= 1.587 & Potassium <= 3.229) & Magnesium >= 0.033)
",-9999999.000,-9999999.000,0.000,0.000,1.000,0,0,0,19,19,0,0,19,0.0,0,0,0.0,0.0,1.0
"F[0,1](((Calcium < 1.722 & Potassium < 0.510) & Magnesium < 0.869) & Phosphate < 2.094)
",-9999999.000,-9999999.000,0.000,0.000,1.000,0,0,0,19,19,0,0,19,0.0,0,0,0.0,0.0,1.0
"F[1,1]((Phosphate >= 0.163 & Magnesium > 0.030) -> Calcium < 4.906)
",-4.906,-4.906,0.000,0.000,1.000,0,0,0,19,19,0,0,19,0.0,0,0,0.0,0.0,1.0
"F[1,2](Hgb <= 4.398 | Hct <= 17.675)
",-9999999.000,-9999999.000,0.000,0.000,1.000,0,0,0,19,19,0,0,19,0.0,0,0,0.0,0.0,1.0
"F[1,2](((Calcium < 7.156 & Potassium < 1.292) & Magnesium < 2.023) & Phosphate < 3.841)
",-9999999.000,-9999999.000,0.000,0.000,1.000,0,0,0,19,19,0,0,19,0.0,0,0,0.0,0.0,1.0
"F[0,1]((Phosphate >= 0.027 & Magnesium > 0.133) -> Calcium < 4.285)
",-9999999.000,-9999999.000,0.000,0.000,1.000,0,0,0,19,19,0,0,19,0.0,0,0,0.0,0.0,1.0
"F[0,2](Hgb <= 8.378 | Hct <= 5.046)
",-9999999.000,-9999999.000,0.000,0.000,1.000,0,0,0,19,19,0,0,19,0.0,0,0,0.0,0.0,1.0
"F[0,1](((Calcium < 7.286 & Potassium < 3.800) & Magnesium < 0.746) & Phosphate < 3.223)
",-9999999.000,-9999999.000,0.000,0.000,1.000,0,0,0,19,19,0,0,19,0.0,0,0,0.0,0.0,1.0
"F[0,2]((Phosphate >= 0.139 & Magnesium > 0.120) -> Calcium < 5.901)
",-9999999.000,-9999999.000,0.000,0.000,1.000,0,0,0,19,19,0,0,19,0.0,0,0,0.0,0.0,1.0
"F[1,2](Hgb <= 1.163 | Hct <= 30.718)
",-9999999.000,-9999999.000,0.000,0.000,1.000,0,0,0,19,19,0,0,19,0.0,0,0,0.0,0.0,1.0
"F[0,1]((Phosphate >= 0.178 & Magnesium > 0.017) -> Calcium < 1.458)
",-9999999.000,-9999999.000,0.000,0.000,1.000,0,0,0,19,19,0,0,19,0.0,0,0,0.0,0.0,1.0
"((MAP >= 56.734) U[0,0] (SBP <= 139.623))
",8.622,131.733,0.000,0.000,1.000,0,0,0,19,19,0,0,19,0.0,0,0,0.0,0.0,1.0
"F[1,2](Hgb <= 4.143 | Hct <= 23.223)
",-9999999.000,-9999999.000,0.000,0.000,1.000,0,0,0,19,19,0,0,19,0.0,0,0,0.0,0.0,1.0
"F[1,2]((Calcium <= 0.975 & Potassium <= 4.673) & Magnesium >= 0.081)
",-9999999.000,-9999999.000,0.000,0.000,1.000,0,0,0,19,19,0,0,19,0.0,0,0,0.0,0.0,1.0
"F[0,1](HCO3 <= 27.966 | Phosphate <= 2.030)
",-9999999.000,-9999999.000,0.000,0.000,1.000,0,0,0,19,19,0,0,19,0.0,0,0,0.0,0.0,1.0
"F[0,2](HR <= 90.838 | SBP >= 18.554)
",-9999999.000,-9999999.000,0.000,0.000,1.000,0,0,0,19,19,0,0,19,0.0,0,0,0.0,0.0,1.0
"F[0,2](((HR >= 67.749 -> MAP >= 60.838) & Glucose <= 80.892) -> Alkalinephos <= 90.729)
",-9999999.000,-9999999.000,0.000,0.000,1.000,0,0,0,19,19,0,0,19,0.0,0,0,0.0,0.0,1.0
"F[0,2](BaseExcess <= 0.724 | Magnesium <= 0.296)
",-9999999.000,-9999999.000,0.000,0.000,1.000,0,0,0,19,19,0,0,19,0.0,0,0,0.0,0.0,1.0
"F[1,2](((FiO2 <= 0.663 & SaO2 >= 1.526) -> HCO3 >= 1.660) | Magnesium >= 1.202)
",-9999999.000,-9999999.000,0.000,0.000,1.000,0,0,0,19,19,0,0,19,0.0,0,0,0.0,0.0,1.0
"F[0,2](BaseExcess <= 1.408 -> FiO2 <= 0.875)
",-9999999.000,-9999999.000,0.000,0.000,1.000,0,0,0,19,19,0,0,19,0.0,0,0,0.0,0.0,1.0
"F[0,1](((Creatinine >= 0.007 -> Temp <= 20.918) -> BUN <= 19.247) | pH >= 1.340)
",-9999999.000,-9999999.000,0.000,0.000,1.000,0,0,0,19,19,0,0,19,0.0,0,0,0.0,0.0,1.0
"((Chloride >= 1.505) U[2,2] (Temp >= 5.928))
",-1.505,-1.505,0.000,0.000,1.000,0,0,0,19,19,0,0,19,0.0,0,0,0.0,0.0,1.0
"F[0,1](((Fibrinogen <= 611.733 -> Temp <= 24.348) | TroponinI <= 28.414) | HCO3 <= 11.949)
",-9999999.000,-9999999.000,0.000,0.000,1.000,0,0,0,19,19,0,0,19,0.0,0,0,0.0,0.0,1.0
"((Hgb <= 5.014) U[0,2] (Temp >= 5.185))
",-9999999.000,-9999999.000,0.000,0.000,1.000,0,0,0,19,19,0,0,19,0.0,0,0,0.0,0.0,1.0
"F[2,2](((Lactate >= 0.002 | O2Sat <= 95.233) | Hgb >= 66.832) & Bilirubin_direct <= 95.676)
",6701445087400706.000,95.233,0.000,0.000,1.000,0,0,0,19,19,0,0,19,0.0,0,0,0.0,0.0,1.0
"F[2,2]((O2Sat >= 68.020 | SaO2 <= 73.660) & DBP <= 46.976)
",46.976,46.976,0.000,0.000,1.000,0,0,0,19,19,0,0,19,0.0,0,0,0.0,0.0,1.0
"F[1,2]((BaseExcess <= 2.940 | O2Sat >= 5.573) | Calcium <= 80.777)
",-9999999.000,-9999999.000,0.000,0.000,1.000,0,0,0,19,19,0,0,19,0.0,0,0,0.0,0.0,1.0
"F[0,2](MAP >= 30.508 & PTT >= 2.498)
",-9999999.000,-9999999.000,0.000,0.000,1.000,0,0,0,19,19,0,0,19,0.0,0,0,0.0,0.0,1.0
"((PaCO2 >= 0.584) U[0,2] (Potassium >= 0.188))
",-9999999.000,-9999999.000,0.000,0.000,1.000,0,0,0,19,19,0,0,19,0.0,0,0,0.0,0.0,1.0
"F[2,2](Lactate >= 0.043 & Potassium >= 0.158)
",-5682647375150021.000,-0.158,0.000,0.000,1.000,0,0,0,19,19,0,0,19,0.0,0,0,0.0,0.0,1.0
"F[2,2](Potassium <= 4.339 -> SaO2 <= 16.562)
",-16.562,-16.562,0.000,0.000,1.000,0,0,0,19,19,0,0,19,0.0,0,0,0.0,0.0,1.0
"F[1,2]((Calcium <= 3.264 & Potassium <= 4.181) & Magnesium >= 0.054)
",-9999999.000,-9999999.000,0.000,0.000,1.000,0,0,0,19,19,0,0,19,0.0,0,0,0.0,0.0,1.0
"((Lactate <= 1.453) U[0,2] (PTT <= 7.858))
",-9999999.000,-9999999.000,0.000,0.000,1.000,0,0,0,19,19,0,0,19,0.0,0,0,0.0,0.0,1.0
"F[0,2]((FiO2 >= 0.108 & Glucose >= 2.296) & Phosphate >= 1.149)
",-9999999.000,-9999999.000,0.000,0.000,1.000,0,0,0,19,19,0,0,19,0.0,0,0,0.0,0.0,1.0
"F[0,2](((PTT <= 58.872 | SaO2 <= 67.736) & EtCO2 <= 65.100) -> Bilirubin_total <= 58.347)
",-9999999.000,-9999999.000,0.000,0.000,1.000,0,0,0,19,19,0,0,19,0.0,0,0,0.0,0.0,1.0
"F[1,2]((BaseExcess >= 0.043 & PTT <= 54.958) -> Glucose <= 75.841)
",-9999999.000,-9999999.000,0.000,0.000,1.000,0,0,0,19,19,0,0,19,0.0,0,0,0.0,0.0,1.0
"F[0,0](((BaseExcess >= 0.045 -> Hct >= 1.813) -> Lactate <= 26.251) | Phosphate >= 1.281)
",-1.895,-1.091,0.000,0.000,1.000,0,0,0,19,19,0,0,19,0.0,0,0,0.0,0.0,1.0
"F[1,2]((Hct <= 7.445 & pH <= 6.148) -> Temp >= 0.083)
",-9999999.000,-9999999.000,0.000,0.000,1.000,0,0,0,19,19,0,0,19,0.0,0,0,0.0,0.0,1.0
"F[0,0](((Platelets >= 4.269 -> Resp >= 17.017) & Bilirubin_direct >= 9.066) -> SepsisLabel <= 24.081)
",-3.088,-22.373,0.000,0.000,1.000,0,0,0,19,19,0,0,19,0.0,0,0,0.0,0.0,1.0
"F[0,1](((Phosphate <= 2.383 -> SBP <= 115.488) & pH >= 62.707) | Lactate <= 104.752)
",-9999999.000,-9999999.000,0.000,0.000,1.000,0,0,0,19,19,0,0,19,0.0,0,0,0.0,0.0,1.0
"F[0,1]((HCO3 >= 0.499 -> HR >= 45.567) | Potassium <= 83.127)
",-9999999.000,-9999999.000,0.000,0.000,1.000,0,0,0,19,19,0,0,19,0.0,0,0,0.0,0.0,1.0
"F[1,2](BUN >= 0.191 -> HR <= 111.447)
",-9999999.000,-9999999.000,0.000,0.000,1.000,0,0,0,19,19,0,0,19,0.0,0,0,0.0,0.0,1.0
"F[0,2]((HR <= 111.294 & Platelets <= 48.731) & Platelets >= 3.839)
",-9999999.000,-9999999.000,0.000,0.000,1.000,0,0,0,19,19,0,0,19,0.0,0,0,0.0,0.0,1.0
"F[1,2](((pH <= 0.608 -> Phosphate >= 0.023) & Bilirubin_total <= 3.042) -> Potassium >= 0.193)
",-9999999.000,-9999999.000,0.000,0.000,1.000,0,0,0,19,19,0,0,19,0.0,0,0,0.0,0.0,1.0
"F[2,2]((Lactate <= 0.298 & Phosphate >= 0.027) | Phosphate <= 2.018)
",2.018,2.018,0.000,0.000,1.000,0,0,0,19,19,0,0,19,0.0,0,0,0.0,0.0,1.0
"F[1,2]((Phosphate <= 0.765 -> SaO2 <= 72.934) -> Magnesium >= 0.944)
",-9999999.000,-9999999.000,0.000,0.000,1.000,0,0,0,19,19,0,0,19,0.0,0,0,0.0,0.0,1.0
"F[2,2](Chloride <= 99.563 | SBP <= 108.171)
",108.171,108.171,0.000,0.000,1.000,0,0,0,19,19,0,0,19,0.0,0,0,0.0,0.0,1.0
"F[2,2](HCO3 >= 0.017 & SBP <= 128.073)
",-4871743974359122.000,-0.017,0.000,0.000,1.000,0,0,0,19,19,0,0,19,0.0,0,0,0.0,0.0,1.0
"F[0,1](((FiO2 <= 0.605 -> HCO3 <= 7.209) | BUN >= 0.056) & MAP >= 0.140)
",-9999999.000,-9999999.000,0.000,0.000,1.000,0,0,0,19,19,0,0,19,0.0,0,0,0.0,0.0,1.0
"F[1,2]((BUN >= 0.028 & O2Sat <= 99.763) & BUN <= 97.204)
",-9999999.000,-9999999.000,0.000,0.000,1.000,0,0,0,19,19,0,0,19,0.0,0,0,0.0,0.0,1.0
"F[2,2]((Magnesium <= 2.006 -> WBC <= 2.843) -> Hgb <= 4.388)
",-4.388,-4.388,0.000,0.000,1.000,0,0,0,19,19,0,0,19,0.0,0,0,0.0,0.0,1.0
"((pH >= 0.195) U[0,1] (Temp <= 13.016))
",-9999999.000,-9999999.000,0.000,0.000,1.000,0,0,0,19,19,0,0,19,0.0,0,0,0.0,0.0,1.0
"F[2,2](((Hgb <= 9.427 -> Magnesium <= 0.250) -> DBP <= 1.423) & Fibrinogen >= 0.089)
",-6410031156802564.000,-1.423,0.000,0.000,1.000,0,0,0,19,19,0,0,19,0.0,0,0,0.0,0.0,1.0
"F[0,1](((Calcium <= 0.409 | Magnesium <= 0.324) | SBP >= 0.118) & Hgb <= 0.819)
",-9999999.000,-9999999.000,0.000,0.000,1.000,0,0,0,19,19,0,0,19,0.0,0,0,0.0,0.0,1.0
"F[0,0](Glucose <= 84.229 | Potassium >= 0.112)
",5927083551592658.000,84.229,0.000,0.000,1.000,0,0,0,19,19,0,0,19,0.0,0,0,0.0,0.0,1.0
"F[2,2](((Platelets <= 421.706 | Potassium >= 0.167) | Magnesium <= 1.997) & HCO3 >= 0.251)
",-4525656426636758.000,-0.251,0.000,0.000,1.000,0,0,0,19,19,0,0,19,0.0,0,0,0.0,0.0,1.0
"F[0,2](((Potassium >= 0.204 -> WBC >= 0.180) | BaseExcess >= 0.174) & Platelets >= 0.190)
",-9999999.000,-9999999.000,0.000,0.000,1.000,0,0,0,19,19,0,0,19,0.0,0,0,0.0,0.0,1.0
"F[1,1]((Creatinine <= 0.230 -> Potassium >= 0.302) -> BUN <= 3.819)
",-8599775516335678.000,-3.819,0.000,0.000,1.000,0,0,0,19,19,0,0,19,0.0,0,0,0.0,0.0,1.0
"((Hct <= 32.907) U[2,2] (Hgb <= 7.353))
",4631203720047723.000,32.907,0.000,0.000,1.000,0,0,0,19,19,0,0,19,0.0,0,0,0.0,0.0,1.0
"F[1,2](((Calcium >= 0.025 -> Hct <= 33.431) | Temp >= 1.773) -> Potassium >= 0.681)
",-9999999.000,-9999999.000,0.000,0.000,1.000,0,0,0,19,19,0,0,19,0.0,0,0,0.0,0.0,1.0
"F[1,2](Hct >= 0.742 -> WBC <= 4.873)
",-9999999.000,-9999999.000,0.000,0.000,1.000,0,0,0,19,19,0,0,19,0.0,0,0,0.0,0.0,1.0
"F[1,2](((Phosphate <= 0.365 -> PTT <= 12.744) & DBP >= 2.947) & Resp >= 0.641)
",-9999999.000,-9999999.000,0.000,0.000,1.000,0,0,0,19,19,0,0,19,0.0,0,0,0.0,0.0,1.0
"F[2,2]((Fibrinogen <= 329.318 & Potassium <= 1.118) | DBP >= 0.186)
",5036163097965083.000,1.118,0.000,0.000,1.000,0,0,0,19,19,0,0,19,0.0,0,0,0.0,0.0,1.0
"((O2Sat >= 53.268) U[0,2] (Resp <= 29.590))
",-9999999.000,-9999999.000,0.000,0.000,1.000,0,0,0,19,19,0,0,19,0.0,0,0,0.0,0.0,1.0
"F[0,1]((O2Sat >= 24.945 -> SBP >= 31.549) & AST <= 115.829)
",-9999999.000,-9999999.000,0.000,0.000,1.000,0,0,0,19,19,0,0,19,0.0,0,0,0.0,0.0,1.0
"F[0,2](((SaO2 <= 65.902 & Temp <= 33.233) & Phosphate <= 25.791) & WBC >= 2.052)
",-9999999.000,-9999999.000,0.000,0.000,1.000,0,0,0,19,19,0,0,19,0.0,0,0,0.0,0.0,1.0
"F[0,2](((PTT <= 4.278 | WBC >= 0.244) & SaO2 >= 0.215) | Glucose >= 0.051)
",-9999999.000,-9999999.000,0.000,0.000,1.000,0,0,0,19,19,0,0,19,0.0,0,0,0.0,0.0,1.0
"F[0,2](((O2Sat >= 19.643 -> WBC >= 0.214) | Potassium <= 3.140) & HCO3 <= 1.947)
",-9999999.000,-9999999.000,0.000,0.000,1.000,0,0,0,19,19,0,0,19,0.0,0,0,0.0,0.0,1.0
"F[0,2]((HCO3 >= 0.322 & PTT <= 39.178) -> Potassium >= 2.945)
",-9999999.000,-9999999.000,0.000,0.000,1.000,0,0,0,19,19,0,0,19,0.0,0,0,0.0,0.0,1.0
"F[1,1](((Platelets <= 173.249 & PTT <= 60.668) & Phosphate <= 45.365) -> Glucose <= 16.655)
",-45.365,-45.365,0.000,0.000,1.000,0,0,0,19,19,0,0,19,0.0,0,0,0.0,0.0,1.0
"F[1,2](MAP <= 87.318 & O2Sat <= 91.402)
",-9999999.000,-9999999.000,0.000,0.000,1.000,0,0,0,19,19,0,0,19,0.0,0,0,0.0,0.0,1.0
"F[0,1](((FiO2 >= 0.081 -> SBP <= 106.437) & Calcium >= 9.560) -> Temp <= 111.534)
",-9999999.000,-9999999.000,0.000,0.000,1.000,0,0,0,19,19,0,0,19,0.0,0,0,0.0,0.0,1.0
"F[1,1](((MAP >= 10.063 | pH >= 0.098) | Potassium <= 2.316) & SepsisLabel <= 6.288)
",5214628471884716.000,2.316,0.000,0.000,1.000,0,0,0,19,19,0,0,19,0.0,0,0,0.0,0.0,1.0
"F[0,2]((PaCO2 <= 7.352 -> SBP >= 73.614) -> Glucose <= 100.628)
",-9999999.000,-9999999.000,0.000,0.000,1.000,0,0,0,19,19,0,0,19,0.0,0,0,0.0,0.0,1.0
"F[0,2](((Fibrinogen <= 477.556 -> SBP <= 99.127) & PaCO2 <= 138.039) | Hct <= 100.011)
",-9999999.000,-9999999.000,0.000,0.000,1.000,0,0,0,19,19,0,0,19,0.0,0,0,0.0,0.0,1.0
"F[0,2]((O2Sat <= 93.733 -> Phosphate <= 0.791) & Temp <= 1.169)
",-9999999.000,-9999999.000,0.000,0.000,1.000,0,0,0,19,19,0,0,19,0.0,0,0,0.0,0.0,1.0
"F[0,1](((HR <= 99.739 | PTT >= 3.484) | Bilirubin_direct <= 14.192) -> SaO2 <= 46.349)
",-9999999.000,-9999999.000,0.000,0.000,1.000,0,0,0,19,19,0,0,19,0.0,0,0,0.0,0.0,1.0
"F[0,2](((Phosphate >= 0.153 | Temp >= 2.302) & Magnesium <= 20.306) -> HR >= 2.380)
",-9999999.000,-9999999.000,0.000,0.000,1.000,0,0,0,19,19,0,0,19,0.0,0,0,0.0,0.0,1.0
"F[0,2](HR <= 104.218 & pH >= 0.112)
",-9999999.000,-9999999.000,0.000,0.000,1.000,0,0,0,19,19,0,0,19,0.0,0,0,0.0,0.0,1.0
"F[0,2](((BaseExcess <= 1.510 -> HR <= 91.990) | Hgb >= 30.873) -> Glucose <= 112.142)
",-9999999.000,-9999999.000,0.000,0.000,1.000,0,0,0,19,19,0,0,19,0.0,0,0,0.0,0.0,1.0
"F[1,2](((Potassium >= 0.082 | Resp <= 22.661) & Hct <= 22.230) & pH >= 1.394)
",-9999999.000,-9999999.000,0.000,0.000,1.000,0,0,0,19,19,0,0,19,0.0,0,0,0.0,0.0,1.0
"F[1,2](((Magnesium <= 1.991 & Resp <= 30.516) & Hgb >= 21.148) | Resp <= 29.353)
",-9999999.000,-9999999.000,0.000,0.000,1.000,0,0,0,19,19,0,0,19,0.0,0,0,0.0,0.0,1.0
"F[0,2](((Bilirubin_direct <= 0.000 & Temp >= 5.840) -> TroponinI <= 16.395) | Hgb <= 28.114)
",-9999999.000,-9999999.000,0.000,0.000,1.000,0,0,0,19,19,0,0,19,0.0,0,0,0.0,0.0,1.0
