Rule,Discrimination Score,Pos Robustness,Neg Robustness,Percent Class +,Percent Class -,TP,TN,FP,FN,Actual Yes,Actual No,Predicted Yes,Predicted No,TPR/Sens,TNR/Spec,FPR,Precision,Accuracy,MCR
"F[0,0](((FiO2 <= 0.000 | HCO3 <= 12.641) -> Creatinine <= 5.671) & HCO3 >= 0.135)
",-12.641,-12.641,0.000,0.000,1.000,21,0,0,0,21,0,21,0,1.0,0,0,1.0,1.024390243902439,-0.024390243902439046
"((Chloride <= 76.723) U[0,0] (HCO3 >= 0.513))
",76.723,76.723,0.000,0.000,1.000,21,0,0,0,21,0,21,0,1.0,0,0,1.0,1.024390243902439,-0.024390243902439046
"F[0,0](((Platelets <= 121.547 -> O2Sat >= 50.891) -> Calcium <= 84.730) -> SaO2 >= 8.537)
",8.537,8.537,0.000,0.000,1.000,21,0,0,0,21,0,21,0,1.0,0,0,1.0,1.024390243902439,-0.024390243902439046
"F[0,0](Magnesium >= 0.072 & MAP >= 33.503)
",-0.426,-5.087,0.000,0.000,1.000,21,0,0,0,21,0,21,0,1.0,0,0,1.0,1.024390243902439,-0.024390243902439046
"F[1,1](((Creatinine <= 0.234 -> Potassium <= 3.607) | Temp >= 0.094) & Alkalinephos >= 0.110)
",-7911155119674147.000,-0.110,0.000,0.000,1.000,20,0,0,1,21,0,20,1,0.9523809523809523,0,0,1.0,0.975609756097561,0.024390243902439046
"F[0,1]((Calcium <= 0.000 & Potassium <= 2.435) & Magnesium >= 0.104)
",-9999999.000,-9999999.000,0.000,0.000,1.000,20,0,0,1,21,0,20,1,0.9523809523809523,0,0,1.0,0.975609756097561,0.024390243902439046
"F[1,1](((Calcium < 0.000 & Potassium < 3.944) & Magnesium < 0.941) & Phosphate < 0.000)
",0.000,0.000,0.000,0.000,1.000,20,0,0,1,21,0,20,1,0.9523809523809523,0,0,1.0,0.975609756097561,0.024390243902439046
"F[0,1]((Chloride <= 88.256 & Chloride <= 20.031) & Creatinine >= 1.344)
",-9999999.000,-9999999.000,0.000,0.000,1.000,20,0,0,1,21,0,20,1,0.9523809523809523,0,0,1.0,0.975609756097561,0.024390243902439046
"F[1,1](((Calcium < 0.000 & Potassium < 2.581) & Magnesium < 0.211) & Phosphate < 0.000)
",0.000,0.000,0.000,0.000,1.000,20,0,0,1,21,0,20,1,0.9523809523809523,0,0,1.0,0.975609756097561,0.024390243902439046
"F[1,1](((Lactate >= 0.000 & Resp <= 31.958) & HR <= 31.798) & Resp >= 12.808)
",-12.808,-12.808,0.000,0.000,1.000,20,0,0,1,21,0,20,1,0.9523809523809523,0,0,1.0,0.975609756097561,0.024390243902439046
"((Hgb > 0.203) U[1,2] (SepsisLabel = 0.000))
",-9999999.000,-9999999.000,0.000,0.000,1.000,20,0,0,1,21,0,20,1,0.9523809523809523,0,0,1.0,0.975609756097561,0.024390243902439046
"((Hgb > 0.284) U[1,2] (SepsisLabel = 0.000))
",-9999999.000,-9999999.000,0.000,0.000,1.000,20,0,0,1,21,0,20,1,0.9523809523809523,0,0,1.0,0.975609756097561,0.024390243902439046
"F[0,1](((TroponinI <= 0.000 & BUN <= 1.454) -> Hgb <= 19.186) & BaseExcess >= 0.536)
",-9999999.000,-9999999.000,0.000,0.000,1.000,20,0,0,1,21,0,20,1,0.9523809523809523,0,0,1.0,0.975609756097561,0.024390243902439046
"F[0,1]((Calcium <= 0.000 & Potassium <= 2.111) & Magnesium >= 0.014)
",-9999999.000,-9999999.000,0.000,0.000,1.000,20,0,0,1,21,0,20,1,0.9523809523809523,0,0,1.0,0.975609756097561,0.024390243902439046
"F[0,1](((Calcium < 0.000 & Potassium < 3.548) & Magnesium < 1.605) & Phosphate < 0.000)
",-9999999.000,-9999999.000,0.000,0.000,1.000,20,0,0,1,21,0,20,1,0.9523809523809523,0,0,1.0,0.975609756097561,0.024390243902439046
"F[0,1]((Calcium <= 0.000 & Potassium <= 3.332) & Magnesium >= 0.024)
",-9999999.000,-9999999.000,0.000,0.000,1.000,20,0,0,1,21,0,20,1,0.9523809523809523,0,0,1.0,0.975609756097561,0.024390243902439046
"((Glucose >= 2.851) U[1,2] (FiO2 <= 0.000))
",-9999999.000,-9999999.000,0.000,0.000,1.000,20,0,0,1,21,0,20,1,0.9523809523809523,0,0,1.0,0.975609756097561,0.024390243902439046
"F[1,1]((WBC <= 12.174 | DBP <= 56.199) & SBP <= 60.339)
",7909273319327555.000,56.199,0.000,0.000,1.000,20,0,0,1,21,0,20,1,0.9523809523809523,0,0,1.0,0.975609756097561,0.024390243902439046
"F[0,1](((SBP >= 82.747 & WBC >= 0.100) & Phosphate <= 9.418) & Glucose <= 13.676)
",-9999999.000,-9999999.000,0.000,0.000,1.000,20,0,0,1,21,0,20,1,0.9523809523809523,0,0,1.0,0.975609756097561,0.024390243902439046
"F[0,1](((Calcium < 0.000 & Potassium < 3.401) & Magnesium < 1.235) & Phosphate < 0.000)
",-9999999.000,-9999999.000,0.000,0.000,1.000,20,0,0,1,21,0,20,1,0.9523809523809523,0,0,1.0,0.975609756097561,0.024390243902439046
"F[0,1]((Chloride <= 14.851 -> Magnesium >= 0.068) & SBP <= 0.880)
",-9999999.000,-9999999.000,0.000,0.000,1.000,20,0,0,1,21,0,20,1,0.9523809523809523,0,0,1.0,0.975609756097561,0.024390243902439046
"F[1,1]((Glucose >= 1.051 -> O2Sat <= 91.125) & EtCO2 >= 6.737)
",-6412335731022684.000,-91.125,0.000,0.000,1.000,20,0,0,1,21,0,20,1,0.9523809523809523,0,0,1.0,0.975609756097561,0.024390243902439046
"F[0,1]((BUN >= 0.274 -> DBP >= 29.663) & TroponinI >= 17.017)
",-9999999.000,-9999999.000,0.000,0.000,1.000,20,0,0,1,21,0,20,1,0.9523809523809523,0,0,1.0,0.975609756097561,0.024390243902439046
"F[0,1](((Glucose >= 1.077 & WBC >= 0.435) | AST >= 0.784) & WBC <= 11.820)
",-9999999.000,-9999999.000,0.000,0.000,1.000,20,0,0,1,21,0,20,1,0.9523809523809523,0,0,1.0,0.975609756097561,0.024390243902439046
"F[0,1]((Calcium <= 0.000 & Potassium <= 1.061) & Magnesium >= 0.044)
",-9999999.000,-9999999.000,0.000,0.000,1.000,20,0,0,1,21,0,20,1,0.9523809523809523,0,0,1.0,0.975609756097561,0.024390243902439046
"F[0,1]((Calcium <= 0.000 & Potassium <= 3.928) & Magnesium >= 0.104)
",-9999999.000,-9999999.000,0.000,0.000,1.000,19,0,0,2,21,0,19,2,0.9047619047619048,0,0,1.0,0.926829268292683,0.07317073170731703
"((HR <= 100.005) U[1,1] (Magnesium >= 0.082))
",3518630460353805.500,100.005,0.000,0.000,1.000,19,0,0,2,21,0,19,2,0.9047619047619048,0,0,1.0,0.926829268292683,0.07317073170731703
"F[1,1]((Calcium >= 0.000 -> SBP >= 32.251) & Hct >= 27.658)
",-7784901930971918.000,-27.658,0.000,0.000,1.000,18,0,0,3,21,0,18,3,0.8571428571428571,0,0,1.0,0.8780487804878049,0.12195121951219512
"((Chloride >= 3.959) U[0,1] (Glucose >= 0.880))
",-9999999.000,-9999999.000,0.000,0.000,1.000,18,0,0,3,21,0,18,3,0.8571428571428571,0,0,1.0,0.8780487804878049,0.12195121951219512
"((SepsisLabel >= 0.000) U[0,1] (Glucose >= 3.101))
",-9999999.000,-9999999.000,0.000,0.000,1.000,18,0,0,3,21,0,18,3,0.8571428571428571,0,0,1.0,0.8780487804878049,0.12195121951219512
"F[0,1](Bilirubin_direct >= 0.000 & WBC >= 0.428)
",-9999999.000,-9999999.000,0.000,0.000,1.000,18,0,0,3,21,0,18,3,0.8571428571428571,0,0,1.0,0.8780487804878049,0.12195121951219512
"((Bilirubin_direct >= 0.000) U[1,1] (Potassium >= 0.017))
",0.000,0.000,0.000,0.000,1.000,18,0,0,3,21,0,18,3,0.8571428571428571,0,0,1.0,0.8780487804878049,0.12195121951219512
"F[0,1](Potassium >= 0.152 & SepsisLabel = 0.000)
",-9999999.000,-9999999.000,0.000,0.000,1.000,18,0,0,3,21,0,18,3,0.8571428571428571,0,0,1.0,0.8780487804878049,0.12195121951219512
"F[0,1]((Platelets <= 191.950 -> MAP <= 71.678) & Platelets >= 54.471)
",-9999999.000,-9999999.000,0.000,0.000,1.000,18,0,0,3,21,0,18,3,0.8571428571428571,0,0,1.0,0.8780487804878049,0.12195121951219512
"F[1,1](((Phosphate >= 0.000 | Creatinine >= 0.014) & BUN <= 0.410) -> Bilirubin_direct >= 0.025)
",0.000,0.000,0.000,0.000,1.000,18,0,0,3,21,0,18,3,0.8571428571428571,0,0,1.0,0.8780487804878049,0.12195121951219512
"F[1,1]((MAP >= 25.144 | Temp >= 1.261) -> O2Sat <= 18.391)
",-5176677967515470.000,-18.391,0.000,0.000,1.000,18,0,0,3,21,0,18,3,0.8571428571428571,0,0,1.0,0.8780487804878049,0.12195121951219512
"((MAP <= 66.088) U[0,1] (Platelets >= 5.549))
",-9999999.000,-9999999.000,0.000,0.000,1.000,18,0,0,3,21,0,18,3,0.8571428571428571,0,0,1.0,0.8780487804878049,0.12195121951219512
"((Potassium <= 0.889) U[0,1] (Potassium >= 0.117))
",-9999999.000,-9999999.000,0.000,0.000,1.000,18,0,0,3,21,0,18,3,0.8571428571428571,0,0,1.0,0.8780487804878049,0.12195121951219512
"F[1,1](((HR >= 81.230 -> BUN >= 1.031) -> Alkalinephos >= 0.780) -> EtCO2 >= 0.897)
",8076576379289986.000,0.897,0.000,0.000,1.000,17,0,0,4,21,0,17,4,0.8095238095238095,0,0,1.0,0.8292682926829268,0.1707317073170732
"F[0,1]((Creatinine <= 0.431 & Creatinine >= 0.016) | DBP <= 0.142)
",-9999999.000,-9999999.000,0.000,0.000,1.000,15,0,0,6,21,0,15,6,0.7142857142857143,0,0,1.0,0.7317073170731707,0.2682926829268293
"F[1,1]((SBP >= 89.729 & Hct <= 13.640) -> Bilirubin_direct >= 1.150)
",5178017068501810.000,1.150,0.000,0.000,1.000,15,0,0,6,21,0,15,6,0.7142857142857143,0,0,1.0,0.7317073170731707,0.2682926829268293
"F[0,1](((pH <= 0.000 -> SaO2 <= 0.000) -> Fibrinogen <= 0.000) & Resp <= 0.000)
",-9999999.000,-9999999.000,0.000,0.000,1.000,15,0,0,6,21,0,15,6,0.7142857142857143,0,0,1.0,0.7317073170731707,0.2682926829268293
"F[0,1](((Potassium <= 1.691 | Temp >= 6.860) & PaCO2 >= 4.310) | DBP <= 15.658)
",-9999999.000,-9999999.000,0.000,0.000,1.000,15,0,0,6,21,0,15,6,0.7142857142857143,0,0,1.0,0.7317073170731707,0.2682926829268293
"F[0,1](Chloride <= 74.403 & O2Sat <= 76.854)
",-9999999.000,-9999999.000,0.000,0.000,1.000,14,0,0,7,21,0,14,7,0.6666666666666666,0,0,1.0,0.6829268292682927,0.31707317073170727
"((Temp >= 5.104) U[1,1] (WBC <= 15.693))
",15.693,15.693,0.000,0.000,1.000,13,0,0,8,21,0,13,8,0.6190476190476191,0,0,1.0,0.6341463414634146,0.36585365853658536
"F[0,1](((Creatinine >= 0.019 & Resp <= 29.619) | MAP <= 29.843) | BaseExcess >= 9.633)
",-9999999.000,-9999999.000,0.000,0.000,1.000,13,0,0,8,21,0,13,8,0.6190476190476191,0,0,1.0,0.6341463414634146,0.36585365853658536
"F[0,1](SBP >= 18.299 -> Platelets >= 1.467)
",-9999999.000,-9999999.000,0.000,0.000,1.000,13,0,0,8,21,0,13,8,0.6190476190476191,0,0,1.0,0.6341463414634146,0.36585365853658536
"F[1,1]((HCO3 <= 9.157 & MAP <= 68.658) & Potassium <= 95.577)
",5155123155289934.000,9.157,0.000,0.000,1.000,13,0,0,8,21,0,13,8,0.6190476190476191,0,0,1.0,0.6341463414634146,0.36585365853658536
"((O2Sat <= 86.437) U[1,2] (Hgb <= 4.996))
",-9999999.000,-9999999.000,0.000,0.000,1.000,12,0,0,9,21,0,12,9,0.5714285714285714,0,0,1.0,0.5853658536585366,0.41463414634146345
"((Temp >= 11.916) U[1,2] (TroponinI >= 0.000))
",-9999999.000,-9999999.000,0.000,0.000,1.000,12,0,0,9,21,0,12,9,0.5714285714285714,0,0,1.0,0.5853658536585366,0.41463414634146345
"((MAP <= 65.257) U[1,1] (WBC <= 8.194))
",4592086734227974.000,65.257,0.000,0.000,1.000,11,0,0,10,21,0,11,10,0.5238095238095238,0,0,1.0,0.5365853658536586,0.46341463414634143
"((MAP >= 9.016) U[1,1] (SBP <= 104.960))
",7385913633998547.000,104.960,0.000,0.000,1.000,11,0,0,10,21,0,11,10,0.5238095238095238,0,0,1.0,0.5365853658536586,0.46341463414634143
"((Resp <= 24.114) U[1,2] (SepsisLabel = 0.000))
",-9999999.000,-9999999.000,0.000,0.000,1.000,10,0,0,11,21,0,10,11,0.47619047619047616,0,0,1.0,0.4878048780487805,0.5121951219512195
"F[1,1](HCO3 >= 0.923 | DBP <= 55.310)
",55.310,55.310,0.000,0.000,1.000,10,0,0,11,21,0,10,11,0.47619047619047616,0,0,1.0,0.4878048780487805,0.5121951219512195
"((MAP >= 26.845) U[0,1] (SBP <= 98.908))
",-9999999.000,-9999999.000,0.000,0.000,1.000,9,0,0,12,21,0,9,12,0.42857142857142855,0,0,1.0,0.43902439024390244,0.5609756097560976
"((MAP >= 62.186) U[1,2] (SBP <= 138.981))
",-9999999.000,-9999999.000,0.000,0.000,1.000,8,0,0,13,21,0,8,13,0.38095238095238093,0,0,1.0,0.3902439024390244,0.6097560975609756
"F[0,0](((PaCO2 <= 0.000 | MAP <= 97.791) & O2Sat >= 23.641) & MAP >= 58.169)
",-0.261,-5.926,0.000,0.000,1.000,8,0,0,13,21,0,8,13,0.38095238095238093,0,0,1.0,0.3902439024390244,0.6097560975609756
"((Creatinine >= 0.001) U[0,1] (MAP <= 68.059))
",-9999999.000,-9999999.000,0.000,0.000,1.000,8,0,0,13,21,0,8,13,0.38095238095238093,0,0,1.0,0.3902439024390244,0.6097560975609756
"((O2Sat >= 63.204) U[1,1] (PTT <= 26.152))
",26.152,26.152,0.000,0.000,1.000,7,0,0,14,21,0,7,14,0.3333333333333333,0,0,1.0,0.34146341463414637,0.6585365853658536
"((MAP >= 27.748) U[0,0] (SBP <= 111.376))
",6.673,100.940,0.000,0.000,1.000,6,0,0,15,21,0,6,15,0.2857142857142857,0,0,1.0,0.2926829268292683,0.7073170731707317
"((O2Sat >= 67.161) U[1,1] (Bilirubin_total <= 0.000))
",0.000,0.000,0.000,0.000,1.000,6,0,0,15,21,0,6,15,0.2857142857142857,0,0,1.0,0.2926829268292683,0.7073170731707317
"((MAP >= 4.611) U[1,1] (SBP <= 129.294))
",129.294,129.294,0.000,0.000,1.000,5,0,0,16,21,0,5,16,0.23809523809523808,0,0,1.0,0.24390243902439024,0.7560975609756098
"((HR >= 7.449) U[1,2] (SepsisLabel = 0.000))
",-9999999.000,-9999999.000,0.000,0.000,1.000,5,0,0,16,21,0,5,16,0.23809523809523808,0,0,1.0,0.24390243902439024,0.7560975609756098
"((Resp > 2.944) U[1,2] (SepsisLabel = 0.000))
",-9999999.000,-9999999.000,0.000,0.000,1.000,5,0,0,16,21,0,5,16,0.23809523809523808,0,0,1.0,0.24390243902439024,0.7560975609756098
"F[0,0]((O2Sat <= 81.277 | SBP >= 42.618) & HR >= 37.996)
",0.071,2.401,0.000,0.000,1.000,5,0,0,16,21,0,5,16,0.23809523809523808,0,0,1.0,0.24390243902439024,0.7560975609756098
"F[0,0](WBC <= 4.276 -> MAP >= 0.662)
",-2.323,-88.979,0.000,0.000,1.000,5,0,0,16,21,0,5,16,0.23809523809523808,0,0,1.0,0.24390243902439024,0.7560975609756098
"((MAP >= 3.815) U[1,1] (SepsisLabel <= 0.000))
",0.000,0.000,0.000,0.000,1.000,5,0,0,16,21,0,5,16,0.23809523809523808,0,0,1.0,0.24390243902439024,0.7560975609756098
"((MAP >= 8.579) U[1,2] (SBP <= 118.970))
",-9999999.000,-9999999.000,0.000,0.000,1.000,4,0,0,17,21,0,4,17,0.19047619047619047,0,0,1.0,0.1951219512195122,0.8048780487804879
"F[0,1](Phosphate >= 0.000 -> DBP <= 60.232)
",-9999999.000,-9999999.000,0.000,0.000,1.000,4,0,0,17,21,0,4,17,0.19047619047619047,0,0,1.0,0.1951219512195122,0.8048780487804879
"F[0,1](MAP <= 79.567 & Alkalinephos >= 0.000)
",-9999999.000,-9999999.000,0.000,0.000,1.000,4,0,0,17,21,0,4,17,0.19047619047619047,0,0,1.0,0.1951219512195122,0.8048780487804879
"((Fibrinogen >= 0.000) U[0,1] (Temp <= 27.972))
",-9999999.000,-9999999.000,0.000,0.000,1.000,3,0,0,18,21,0,3,18,0.14285714285714285,0,0,1.0,0.14634146341463414,0.8536585365853658
"F[1,1](Creatinine <= 0.594 & DBP >= 27.762)
",-3907088122959261.500,-27.762,0.000,0.000,1.000,3,0,0,18,21,0,3,18,0.14285714285714285,0,0,1.0,0.14634146341463414,0.8536585365853658
"((MAP >= 24.907) U[0,0] (SBP <= 122.703))
",6.803,110.917,0.000,0.000,1.000,3,0,0,18,21,0,3,18,0.14285714285714285,0,0,1.0,0.14634146341463414,0.8536585365853658
"((Chloride >= 4.592) U[1,2] (Glucose >= 0.537))
",-9999999.000,-9999999.000,0.000,0.000,1.000,2,0,0,19,21,0,2,19,0.09523809523809523,0,0,1.0,0.0975609756097561,0.9024390243902439
"F[1,1](((Temp <= 34.261 | Hgb >= 0.382) & Glucose >= 0.439) -> Phosphate >= 0.083)
",5984471494265147.000,0.083,0.000,0.000,1.000,2,0,0,19,21,0,2,19,0.09523809523809523,0,0,1.0,0.0975609756097561,0.9024390243902439
"F[1,1](Hgb <= 3.457 | Hct <= 7.349)
",7.349,7.349,0.000,0.000,1.000,2,0,0,19,21,0,2,19,0.09523809523809523,0,0,1.0,0.0975609756097561,0.9024390243902439
"F[1,1](Hgb <= 3.566 | Hct <= 22.880)
",6440105134224772.000,22.880,0.000,0.000,1.000,2,0,0,19,21,0,2,19,0.09523809523809523,0,0,1.0,0.0975609756097561,0.9024390243902439
"F[1,1]((Phosphate >= 0.000 & Magnesium > 0.036) -> Calcium < 0.000)
",0.000,0.000,0.000,0.000,1.000,2,0,0,19,21,0,2,19,0.09523809523809523,0,0,1.0,0.0975609756097561,0.9024390243902439
"F[0,0](Temp <= 37.904 & Fibrinogen <= 0.000)
",-1.520,-40.517,0.000,0.000,1.000,2,0,0,19,21,0,2,19,0.09523809523809523,0,0,1.0,0.0975609756097561,0.9024390243902439
"F[1,1](Hgb <= 6.411 | Hct <= 5.819)
",7218210453095955.000,6.411,0.000,0.000,1.000,2,0,0,19,21,0,2,19,0.09523809523809523,0,0,1.0,0.0975609756097561,0.9024390243902439
"F[0,0](((DBP >= 27.219 -> MAP >= 25.399) | Magnesium <= 80.297) -> MAP <= 93.234)
",-17.802,-82.237,0.000,0.000,1.000,1,0,0,20,21,0,1,20,0.047619047619047616,0,0,1.0,0.04878048780487805,0.9512195121951219
"((HCO3 <= 16.880) U[0,0] (Resp <= 33.706))
",3.230,19.404,0.000,0.000,1.000,1,0,0,20,21,0,1,20,0.047619047619047616,0,0,1.0,0.04878048780487805,0.9512195121951219
"((MAP >= 47.184) U[0,0] (SBP <= 135.173))
",6.819,122.042,0.000,0.000,1.000,1,0,0,20,21,0,1,20,0.047619047619047616,0,0,1.0,0.04878048780487805,0.9512195121951219
"F[1,1](((TroponinI <= 0.000 & DBP >= 35.555) -> BaseExcess >= 22.211) -> WBC >= 15.852)
",-6251915606770116.000,-22.211,0.000,0.000,1.000,1,0,0,20,21,0,1,20,0.047619047619047616,0,0,1.0,0.04878048780487805,0.9512195121951219
"((Phosphate >= 0.000) U[0,1] (Resp >= 15.393))
",-9999999.000,-9999999.000,0.000,0.000,1.000,0,0,0,21,21,0,0,21,0.0,0,0,0.0,0.0,1.0
"F[0,1]((WBC <= 13.637 & pH >= 0.000) & Glucose >= 0.000)
",-9999999.000,-9999999.000,0.000,0.000,1.000,0,0,0,21,21,0,0,21,0.0,0,0,0.0,0.0,1.0
"F[2,2](Hct >= 0.238 -> SepsisLabel <= 0.000)
",0.000,0.000,0.000,0.000,1.000,0,0,0,21,21,0,0,21,0.0,0,0,0.0,0.0,1.0
"F[0,2]((Bilirubin_total >= 0.000 & Alkalinephos >= 0.000) & SBP >= 0.000)
",-9999999.000,-9999999.000,0.000,0.000,1.000,0,0,0,21,21,0,0,21,0.0,0,0,0.0,0.0,1.0
"F[0,1]((PTT <= 17.259 -> MAP >= 57.355) | pH <= 95.621)
",-9999999.000,-9999999.000,0.000,0.000,1.000,0,0,0,21,21,0,0,21,0.0,0,0,0.0,0.0,1.0
"F[2,2]((TroponinI <= 0.000 -> Hgb >= 0.370) -> SBP >= 0.418)
",0.000,0.000,0.000,0.000,1.000,0,0,0,21,21,0,0,21,0.0,0,0,0.0,0.0,1.0
"F[1,2](MAP <= 95.241 | SaO2 <= 0.000)
",-9999999.000,-9999999.000,0.000,0.000,1.000,0,0,0,21,21,0,0,21,0.0,0,0,0.0,0.0,1.0
"((SepsisLabel <= 0.000) U[0,0] (Bilirubin_direct <= 0.000))
",-0.229,-0.045,0.000,0.000,1.000,0,0,0,21,21,0,0,21,0.0,0,0,0.0,0.0,1.0
"((PaCO2 >= 0.000) U[1,2] (pH <= 0.000))
",-9999999.000,-9999999.000,0.000,0.000,1.000,0,0,0,21,21,0,0,21,0.0,0,0,0.0,0.0,1.0
"F[0,1]((EtCO2 <= 0.000 & PTT >= 0.765) | BUN <= 29.148)
",-9999999.000,-9999999.000,0.000,0.000,1.000,0,0,0,21,21,0,0,21,0.0,0,0,0.0,0.0,1.0
"F[0,2](Hgb <= 6.715 | Hct <= 11.989)
",-9999999.000,-9999999.000,0.000,0.000,1.000,0,0,0,21,21,0,0,21,0.0,0,0,0.0,0.0,1.0
"F[0,2](((Alkalinephos >= 0.000 | pH >= 0.000) & Chloride <= 0.000) & EtCO2 >= 0.000)
",-9999999.000,-9999999.000,0.000,0.000,1.000,0,0,0,21,21,0,0,21,0.0,0,0,0.0,0.0,1.0
"F[0,0](((BUN <= 2.738 -> EtCO2 <= 0.000) -> Resp >= 0.000) -> Bilirubin_total <= 0.000)
",0.229,0.200,0.000,0.000,1.000,0,0,0,21,21,0,0,21,0.0,0,0,0.0,0.0,1.0
"F[0,0](((Magnesium <= 0.954 -> AST <= 0.000) -> Potassium >= 0.000) & AST <= 0.000)
",0.000,0.000,0.000,0.000,1.000,0,0,0,21,21,0,0,21,0.0,0,0,0.0,0.0,1.0
"F[0,0](((AST <= 0.000 | Fibrinogen >= 0.000) | SBP >= 0.000) | SaO2 >= 0.000)
",0.734,13.131,0.000,0.000,1.000,0,0,0,21,21,0,0,21,0.0,0,0,0.0,0.0,1.0
"((Alkalinephos <= 0.000) U[0,1] (PaCO2 <= 0.000))
",-9999999.000,-9999999.000,0.000,0.000,1.000,0,0,0,21,21,0,0,21,0.0,0,0,0.0,0.0,1.0
"F[1,2](((BUN >= 0.768 -> EtCO2 >= 0.000) & EtCO2 >= 0.000) & Magnesium >= 0.000)
",-9999999.000,-9999999.000,0.000,0.000,1.000,0,0,0,21,21,0,0,21,0.0,0,0,0.0,0.0,1.0
"F[0,1]((AST >= 0.000 | Alkalinephos <= 0.000) & Magnesium >= 0.000)
",-9999999.000,-9999999.000,0.000,0.000,1.000,0,0,0,21,21,0,0,21,0.0,0,0,0.0,0.0,1.0
"F[1,2](((O2Sat <= 93.078 -> Chloride <= 70.791) & FiO2 >= 2.816) & PTT >= 2.453)
",-9999999.000,-9999999.000,0.000,0.000,1.000,0,0,0,21,21,0,0,21,0.0,0,0,0.0,0.0,1.0
"F[0,2](DBP >= 28.326 | MAP <= 64.428)
",-9999999.000,-9999999.000,0.000,0.000,1.000,0,0,0,21,21,0,0,21,0.0,0,0,0.0,0.0,1.0
"F[0,2](((PaCO2 >= 0.000 & Hct <= 17.979) | Bilirubin_total >= 0.423) | SBP >= 0.782)
",-9999999.000,-9999999.000,0.000,0.000,1.000,0,0,0,21,21,0,0,21,0.0,0,0,0.0,0.0,1.0
"F[0,0](((Creatinine <= 0.565 -> SaO2 <= 0.000) | Fibrinogen <= 0.000) -> WBC <= 0.000)
",0.000,0.000,0.000,0.000,1.000,0,0,0,21,21,0,0,21,0.0,0,0,0.0,0.0,1.0
"F[0,1](Lactate >= 0.000 -> Bilirubin_total >= 0.000)
",-9999999.000,-9999999.000,0.000,0.000,1.000,0,0,0,21,21,0,0,21,0.0,0,0,0.0,0.0,1.0
"F[1,2]((Glucose <= 43.637 | Chloride >= 3.687) | Phosphate >= 3.164)
",-9999999.000,-9999999.000,0.000,0.000,1.000,0,0,0,21,21,0,0,21,0.0,0,0,0.0,0.0,1.0
"F[1,1](((Creatinine >= 0.043 -> Hct <= 11.548) | Temp <= 4.820) | Fibrinogen <= 7.274)
",7.274,7.274,0.000,0.000,1.000,0,0,0,21,21,0,0,21,0.0,0,0,0.0,0.0,1.0
"F[0,1](((Lactate >= 0.000 | WBC <= 15.178) & PTT <= 10.164) | HR <= 12.239)
",-9999999.000,-9999999.000,0.000,0.000,1.000,0,0,0,21,21,0,0,21,0.0,0,0,0.0,0.0,1.0
"F[2,2](PTT <= 23.662 & TroponinI <= 0.000)
",0.000,0.000,0.000,0.000,1.000,0,0,0,21,21,0,0,21,0.0,0,0,0.0,0.0,1.0
"((Bilirubin_direct <= 0.000) U[1,1] (TroponinI >= 0.000))
",0.000,0.000,0.000,0.000,1.000,0,0,0,21,21,0,0,21,0.0,0,0,0.0,0.0,1.0
"F[1,2](((pH <= 0.000 -> Bilirubin_direct <= 0.000) | Platelets >= 0.000) -> AST >= 0.000)
",-9999999.000,-9999999.000,0.000,0.000,1.000,0,0,0,21,21,0,0,21,0.0,0,0,0.0,0.0,1.0
"F[1,2](DBP >= 39.881 | EtCO2 <= 0.000)
",-9999999.000,-9999999.000,0.000,0.000,1.000,0,0,0,21,21,0,0,21,0.0,0,0,0.0,0.0,1.0
"((DBP <= 50.283) U[0,2] (Glucose >= 2.860))
",-9999999.000,-9999999.000,0.000,0.000,1.000,0,0,0,21,21,0,0,21,0.0,0,0,0.0,0.0,1.0
"F[1,2]((Resp <= 30.665 -> HR <= 88.614) -> Creatinine >= 30.360)
",-9999999.000,-9999999.000,0.000,0.000,1.000,0,0,0,21,21,0,0,21,0.0,0,0,0.0,0.0,1.0
"F[1,2](Lactate <= 0.000 | Bilirubin_direct >= 0.000)
",-9999999.000,-9999999.000,0.000,0.000,1.000,0,0,0,21,21,0,0,21,0.0,0,0,0.0,0.0,1.0
"F[2,2](((TroponinI >= 0.000 & Bilirubin_direct >= 0.000) | AST <= 0.000) | MAP <= 0.000)
",0.000,0.000,0.000,0.000,1.000,0,0,0,21,21,0,0,21,0.0,0,0,0.0,0.0,1.0
"F[0,0](((WBC <= 7.939 -> Resp <= 31.693) -> Magnesium <= 23.922) | Hgb <= 32.753)
",4.989,31.313,0.000,0.000,1.000,0,0,0,21,21,0,0,21,0.0,0,0,0.0,0.0,1.0
"F[0,1]((Platelets <= 132.922 & Alkalinephos <= 0.000) & SaO2 >= 0.000)
",-9999999.000,-9999999.000,0.000,0.000,1.000,0,0,0,21,21,0,0,21,0.0,0,0,0.0,0.0,1.0
"F[0,0](((AST <= 0.000 | AST >= 0.000) | Alkalinephos <= 0.000) -> SaO2 <= 0.000)
",0.000,0.000,0.000,0.000,1.000,0,0,0,21,21,0,0,21,0.0,0,0,0.0,0.0,1.0
"((Alkalinephos <= 0.000) U[0,2] (Fibrinogen <= 0.000))
",-9999999.000,-9999999.000,0.000,0.000,1.000,0,0,0,21,21,0,0,21,0.0,0,0,0.0,0.0,1.0
"F[1,2]((AST <= 0.000 | Glucose >= 0.643) -> Calcium >= 4.315)
",-9999999.000,-9999999.000,0.000,0.000,1.000,0,0,0,21,21,0,0,21,0.0,0,0,0.0,0.0,1.0
"F[0,0](SaO2 >= 0.000 -> Potassium <= 0.681)
",-6133975636906574.000,-0.681,0.000,0.000,1.000,0,0,0,21,21,0,0,21,0.0,0,0,0.0,0.0,1.0
"F[1,2](BUN <= 13.920 & EtCO2 >= 0.000)
",-9999999.000,-9999999.000,0.000,0.000,1.000,0,0,0,21,21,0,0,21,0.0,0,0,0.0,0.0,1.0
"F[0,0](Bilirubin_direct >= 0.000 -> pH <= 0.000)
",-0.229,-0.045,0.000,0.000,1.000,0,0,0,21,21,0,0,21,0.0,0,0,0.0,0.0,1.0
"F[0,2](((Potassium <= 1.028 | Chloride <= 34.027) & SaO2 >= 3.668) -> Magnesium <= 83.309)
",-9999999.000,-9999999.000,0.000,0.000,1.000,0,0,0,21,21,0,0,21,0.0,0,0,0.0,0.0,1.0
"F[2,2]((O2Sat >= 71.181 | EtCO2 >= 0.000) | Bilirubin_total >= 0.000)
",0.000,0.000,0.000,0.000,1.000,0,0,0,21,21,0,0,21,0.0,0,0,0.0,0.0,1.0
"F[0,1](((PaCO2 >= 0.000 & Glucose <= 9.180) | Hct <= 38.159) & Fibrinogen <= 55.641)
",-9999999.000,-9999999.000,0.000,0.000,1.000,0,0,0,21,21,0,0,21,0.0,0,0,0.0,0.0,1.0
"F[0,2]((PaCO2 >= 0.000 & pH >= 0.000) | Phosphate <= 0.000)
",-9999999.000,-9999999.000,0.000,0.000,1.000,0,0,0,21,21,0,0,21,0.0,0,0,0.0,0.0,1.0
"((O2Sat <= 98.267) U[2,2] (HCO3 <= 10.569))
",6914939562400989.000,98.267,0.000,0.000,1.000,0,0,0,21,21,0,0,21,0.0,0,0,0.0,0.0,1.0
"F[0,0](AST >= 0.000 | Glucose >= 4.603)
",0.000,0.000,0.000,0.000,1.000,0,0,0,21,21,0,0,21,0.0,0,0,0.0,0.0,1.0
"F[2,2](Magnesium <= 0.408 -> BUN <= 15.986)
",-4499557498662521.500,-15.986,0.000,0.000,1.000,0,0,0,21,21,0,0,21,0.0,0,0,0.0,0.0,1.0
"F[0,1](Bilirubin_total >= 0.000 | Bilirubin_direct >= 0.000)
",-9999999.000,-9999999.000,0.000,0.000,1.000,0,0,0,21,21,0,0,21,0.0,0,0,0.0,0.0,1.0
"F[2,2]((BaseExcess >= 0.000 & FiO2 >= 0.000) & Bilirubin_direct <= 0.000)
",0.000,0.000,0.000,0.000,1.000,0,0,0,21,21,0,0,21,0.0,0,0,0.0,0.0,1.0
"F[1,1]((Hct >= 1.412 & Bilirubin_direct >= 0.000) -> SaO2 <= 0.000)
",0.000,0.000,0.000,0.000,1.000,0,0,0,21,21,0,0,21,0.0,0,0,0.0,0.0,1.0
"F[0,0]((O2Sat >= 32.833 | SepsisLabel <= 0.000) | Lactate <= 0.000)
",2.305,54.967,0.000,0.000,1.000,0,0,0,21,21,0,0,21,0.0,0,0,0.0,0.0,1.0
"F[1,1](HCO3 <= 2.896 -> SaO2 <= 0.000)
",-2.896,-2.896,0.000,0.000,1.000,0,0,0,21,21,0,0,21,0.0,0,0,0.0,0.0,1.0
"F[1,2]((TroponinI <= 0.000 -> Resp >= 18.459) | Glucose >= 13.437)
",-9999999.000,-9999999.000,0.000,0.000,1.000,0,0,0,21,21,0,0,21,0.0,0,0,0.0,0.0,1.0
"((Hct >= 1.165) U[2,2] (SBP >= 8.369))
",-2624164549931421.000,-1.165,0.000,0.000,1.000,0,0,0,21,21,0,0,21,0.0,0,0,0.0,0.0,1.0
"F[1,1](((MAP <= 72.736 & Chloride >= 2.986) -> BUN <= 37.298) | SaO2 <= 90.451)
",90.451,90.451,0.000,0.000,1.000,0,0,0,21,21,0,0,21,0.0,0,0,0.0,0.0,1.0
"F[0,0]((Bilirubin_direct <= 0.000 & Potassium <= 1.250) | BUN <= 3.220)
",7249744029644450.000,3.220,0.000,0.000,1.000,0,0,0,21,21,0,0,21,0.0,0,0,0.0,0.0,1.0
"F[0,1](((Chloride <= 46.313 & DBP >= 4.531) | SBP >= 33.738) -> DBP >= 46.492)
",-9999999.000,-9999999.000,0.000,0.000,1.000,0,0,0,21,21,0,0,21,0.0,0,0,0.0,0.0,1.0
"F[1,2]((BUN >= 0.951 & Resp >= 22.066) -> PaCO2 >= 3.774)
",-9999999.000,-9999999.000,0.000,0.000,1.000,0,0,0,21,21,0,0,21,0.0,0,0,0.0,0.0,1.0
"F[1,2](Phosphate >= 0.000 & HCO3 <= 5.698)
",-9999999.000,-9999999.000,0.000,0.000,1.000,0,0,0,21,21,0,0,21,0.0,0,0,0.0,0.0,1.0
"F[2,2](((EtCO2 >= 0.000 & BaseExcess >= 0.000) | SaO2 <= 0.000) | BUN >= 0.000)
",0.000,0.000,0.000,0.000,1.000,0,0,0,21,21,0,0,21,0.0,0,0,0.0,0.0,1.0
"((Hgb >= 0.361) U[0,1] (pH <= 0.000))
",-9999999.000,-9999999.000,0.000,0.000,1.000,0,0,0,21,21,0,0,21,0.0,0,0,0.0,0.0,1.0
"F[2,2](O2Sat >= 14.303 | EtCO2 <= 0.000)
",0.000,0.000,0.000,0.000,1.000,0,0,0,21,21,0,0,21,0.0,0,0,0.0,0.0,1.0
"F[0,2](TroponinI <= 0.000 -> Bilirubin_direct >= 0.000)
",-9999999.000,-9999999.000,0.000,0.000,1.000,0,0,0,21,21,0,0,21,0.0,0,0,0.0,0.0,1.0
"F[1,1](((PaCO2 <= 0.000 & SaO2 <= 0.000) -> DBP <= 0.000) -> Calcium >= 0.000)
",0.000,0.000,0.000,0.000,1.000,0,0,0,21,21,0,0,21,0.0,0,0,0.0,0.0,1.0
"F[0,1]((Hct >= 0.074 | PaCO2 >= 0.000) -> SepsisLabel <= 0.000)
",-9999999.000,-9999999.000,0.000,0.000,1.000,0,0,0,21,21,0,0,21,0.0,0,0,0.0,0.0,1.0
"F[0,2](((Calcium <= 0.000 & Chloride >= 4.334) | Platelets >= 2.670) | HCO3 >= 5.120)
",-9999999.000,-9999999.000,0.000,0.000,1.000,0,0,0,21,21,0,0,21,0.0,0,0,0.0,0.0,1.0
"F[0,1](((pH <= 0.000 -> Chloride <= 23.181) -> Bilirubin_total <= 26.971) & HCO3 <= 94.174)
",-9999999.000,-9999999.000,0.000,0.000,1.000,0,0,0,21,21,0,0,21,0.0,0,0,0.0,0.0,1.0
"((Fibrinogen >= 0.000) U[0,0] (PTT <= 23.882))
",10.839,23.387,0.000,0.000,1.000,0,0,0,21,21,0,0,21,0.0,0,0,0.0,0.0,1.0
"F[0,0](Bilirubin_direct >= 0.000 -> PaCO2 <= 0.000)
",-0.229,-0.045,0.000,0.000,1.000,0,0,0,21,21,0,0,21,0.0,0,0,0.0,0.0,1.0
"F[2,2](Chloride >= 0.419 & O2Sat >= 1.440)
",-6484230640318052.000,-1.440,0.000,0.000,1.000,0,0,0,21,21,0,0,21,0.0,0,0,0.0,0.0,1.0
"((Bilirubin_total <= 0.000) U[0,1] (PaCO2 <= 0.000))
",-9999999.000,-9999999.000,0.000,0.000,1.000,0,0,0,21,21,0,0,21,0.0,0,0,0.0,0.0,1.0
"F[1,1](Resp >= 11.675 -> AST <= 0.000)
",0.000,0.000,0.000,0.000,1.000,0,0,0,21,21,0,0,21,0.0,0,0,0.0,0.0,1.0
"((Bilirubin_direct >= 0.000) U[0,1] (Bilirubin_total >= 0.000))
",-9999999.000,-9999999.000,0.000,0.000,1.000,0,0,0,21,21,0,0,21,0.0,0,0,0.0,0.0,1.0
"((PTT <= 23.551) U[1,2] (Bilirubin_direct >= 0.000))
",-9999999.000,-9999999.000,0.000,0.000,1.000,0,0,0,21,21,0,0,21,0.0,0,0,0.0,0.0,1.0
"F[0,2](SepsisLabel >= 0.000 & Bilirubin_direct <= 0.000)
",-9999999.000,-9999999.000,0.000,0.000,1.000,0,0,0,21,21,0,0,21,0.0,0,0,0.0,0.0,1.0
"F[0,1]((SepsisLabel >= 0.000 & Alkalinephos >= 0.000) -> BaseExcess <= 0.000)
",-9999999.000,-9999999.000,0.000,0.000,1.000,0,0,0,21,21,0,0,21,0.0,0,0,0.0,0.0,1.0
"F[2,2](Potassium <= 0.670 & Alkalinephos <= 0.000)
",0.000,0.000,0.000,0.000,1.000,0,0,0,21,21,0,0,21,0.0,0,0,0.0,0.0,1.0
"F[0,2](Hct <= 15.366 -> Creatinine >= 0.014)
",-9999999.000,-9999999.000,0.000,0.000,1.000,0,0,0,21,21,0,0,21,0.0,0,0,0.0,0.0,1.0
"F[0,1]((SepsisLabel >= 0.000 | EtCO2 <= 0.000) & O2Sat >= 0.000)
",-9999999.000,-9999999.000,0.000,0.000,1.000,0,0,0,21,21,0,0,21,0.0,0,0,0.0,0.0,1.0
"((HCO3 >= 0.389) U[2,2] (Temp >= 8.554))
",-0.389,-0.389,0.000,0.000,1.000,0,0,0,21,21,0,0,21,0.0,0,0,0.0,0.0,1.0
"F[0,0](HCO3 >= 0.205 -> Platelets <= 208.262)
",-208.262,-208.262,0.000,0.000,1.000,0,0,0,21,21,0,0,21,0.0,0,0,0.0,0.0,1.0
"F[0,2]((Creatinine >= 0.017 -> TroponinI >= 0.000) -> AST >= 0.000)
",-9999999.000,-9999999.000,0.000,0.000,1.000,0,0,0,21,21,0,0,21,0.0,0,0,0.0,0.0,1.0
"F[0,2](((BUN >= 1.011 -> Phosphate >= 0.000) | BUN >= 0.000) | HCO3 <= 0.000)
",-9999999.000,-9999999.000,0.000,0.000,1.000,0,0,0,21,21,0,0,21,0.0,0,0,0.0,0.0,1.0
"F[1,2](((FiO2 >= 0.000 & FiO2 >= 0.000) -> PTT >= 0.000) | Calcium >= 0.000)
",-9999999.000,-9999999.000,0.000,0.000,1.000,0,0,0,21,21,0,0,21,0.0,0,0,0.0,0.0,1.0
"F[0,2]((BaseExcess >= 0.000 -> Phosphate <= 0.000) | Hct <= 0.000)
",-9999999.000,-9999999.000,0.000,0.000,1.000,0,0,0,21,21,0,0,21,0.0,0,0,0.0,0.0,1.0
"F[0,2](Creatinine <= 0.567 | Fibrinogen <= 0.000)
",-9999999.000,-9999999.000,0.000,0.000,1.000,0,0,0,21,21,0,0,21,0.0,0,0,0.0,0.0,1.0
"F[0,0]((WBC >= 0.679 | Bilirubin_direct >= 0.000) & PaCO2 <= 0.000)
",0.000,0.000,0.000,0.000,1.000,0,0,0,21,21,0,0,21,0.0,0,0,0.0,0.0,1.0
"F[0,1](Bilirubin_total <= 0.000 | SBP >= 61.131)
",-9999999.000,-9999999.000,0.000,0.000,1.000,0,0,0,21,21,0,0,21,0.0,0,0,0.0,0.0,1.0
"F[1,2](MAP >= 55.978 & Potassium >= 0.151)
",-9999999.000,-9999999.000,0.000,0.000,1.000,0,0,0,21,21,0,0,21,0.0,0,0,0.0,0.0,1.0
"F[2,2](Resp >= 1.582 & Potassium <= 2.566)
",-7124966825151500.000,-1.582,0.000,0.000,1.000,0,0,0,21,21,0,0,21,0.0,0,0,0.0,0.0,1.0
"F[0,2](((pH >= 0.000 & Resp >= 11.119) & Hgb >= 5.442) -> HCO3 <= 28.968)
",-9999999.000,-9999999.000,0.000,0.000,1.000,0,0,0,21,21,0,0,21,0.0,0,0,0.0,0.0,1.0
"F[2,2]((HR <= 100.629 & BUN >= 0.370) -> Calcium <= 11.653)
",-11.653,-11.653,0.000,0.000,1.000,0,0,0,21,21,0,0,21,0.0,0,0,0.0,0.0,1.0
"F[0,2]((BUN <= 3.991 | AST <= 0.000) | HCO3 <= 0.000)
",-9999999.000,-9999999.000,0.000,0.000,1.000,0,0,0,21,21,0,0,21,0.0,0,0,0.0,0.0,1.0
"F[0,1]((Temp <= 23.480 | SaO2 >= 0.000) | DBP >= 0.000)
",-9999999.000,-9999999.000,0.000,0.000,1.000,0,0,0,21,21,0,0,21,0.0,0,0,0.0,0.0,1.0
"((Hgb >= 0.488) U[2,2] (TroponinI >= 0.000))
",0.000,0.000,0.000,0.000,1.000,0,0,0,21,21,0,0,21,0.0,0,0,0.0,0.0,1.0
"F[0,1](((PaCO2 <= 0.000 & Fibrinogen >= 0.000) -> SBP >= 0.000) | pH <= 0.000)
",-9999999.000,-9999999.000,0.000,0.000,1.000,0,0,0,21,21,0,0,21,0.0,0,0,0.0,0.0,1.0
"F[1,2](((HCO3 <= 4.265 -> pH <= 0.000) -> SBP <= 0.000) & AST <= 0.000)
",-9999999.000,-9999999.000,0.000,0.000,1.000,0,0,0,21,21,0,0,21,0.0,0,0,0.0,0.0,1.0
"F[0,1]((O2Sat >= 43.157 & pH >= 0.000) -> pH >= 0.000)
",-9999999.000,-9999999.000,0.000,0.000,1.000,0,0,0,21,21,0,0,21,0.0,0,0,0.0,0.0,1.0
"F[0,2]((Hgb >= 0.048 -> Temp >= 7.718) | Hgb >= 8.515)
",-9999999.000,-9999999.000,0.000,0.000,1.000,0,0,0,21,21,0,0,21,0.0,0,0,0.0,0.0,1.0
"F[0,2](WBC >= 0.794 | O2Sat >= 23.749)
",-9999999.000,-9999999.000,0.000,0.000,1.000,0,0,0,21,21,0,0,21,0.0,0,0,0.0,0.0,1.0
"F[0,0](((BUN >= 0.258 | Bilirubin_direct <= 0.000) | Hgb >= 0.000) & Lactate <= 0.000)
",-0.229,-5.850,0.000,0.000,1.000,0,0,0,21,21,0,0,21,0.0,0,0,0.0,0.0,1.0
"F[2,2](((Fibrinogen <= 0.000 & SepsisLabel >= 0.000) & Temp <= 0.000) & pH >= 0.000)
",0.000,0.000,0.000,0.000,1.000,0,0,0,21,21,0,0,21,0.0,0,0,0.0,0.0,1.0
"F[1,2](SepsisLabel >= 0.000 -> O2Sat >= 30.150)
",-9999999.000,-9999999.000,0.000,0.000,1.000,0,0,0,21,21,0,0,21,0.0,0,0,0.0,0.0,1.0
"F[0,2]((Glucose <= 63.845 & Potassium >= 0.029) & HR >= 0.103)
",-9999999.000,-9999999.000,0.000,0.000,1.000,0,0,0,21,21,0,0,21,0.0,0,0,0.0,0.0,1.0
"F[0,1](Hct <= 6.913 -> HCO3 <= 2.622)
",-9999999.000,-9999999.000,0.000,0.000,1.000,0,0,0,21,21,0,0,21,0.0,0,0,0.0,0.0,1.0
"((Hct <= 5.487) U[1,2] (PaCO2 <= 0.000))
",-9999999.000,-9999999.000,0.000,0.000,1.000,0,0,0,21,21,0,0,21,0.0,0,0,0.0,0.0,1.0
"F[1,1]((O2Sat <= 91.342 | Creatinine >= 0.009) -> SBP >= 0.038)
",-6427627756632676.000,-91.342,0.000,0.000,1.000,0,0,0,21,21,0,0,21,0.0,0,0,0.0,0.0,1.0
"((HR <= 104.322) U[0,1] (Phosphate >= 0.000))
",-9999999.000,-9999999.000,0.000,0.000,1.000,0,0,0,21,21,0,0,21,0.0,0,0,0.0,0.0,1.0
"F[0,1](pH <= 0.000 -> PaCO2 <= 0.000)
",-9999999.000,-9999999.000,0.000,0.000,1.000,0,0,0,21,21,0,0,21,0.0,0,0,0.0,0.0,1.0
"((Bilirubin_direct >= 0.000) U[0,1] (HR >= 28.325))
",-9999999.000,-9999999.000,0.000,0.000,1.000,0,0,0,21,21,0,0,21,0.0,0,0,0.0,0.0,1.0
"F[2,2](((Magnesium <= 1.723 | Platelets <= 46.171) -> EtCO2 <= 27.488) & Bilirubin_direct >= 1.108)
",-6497964133117308.000,-46.171,0.000,0.000,1.000,0,0,0,21,21,0,0,21,0.0,0,0,0.0,0.0,1.0
"((Calcium >= 0.000) U[0,1] (SepsisLabel = 0.000))
",-9999999.000,-9999999.000,0.000,0.000,1.000,0,0,0,21,21,0,0,21,0.0,0,0,0.0,0.0,1.0
"F[0,1](pH <= 0.000 & SepsisLabel = 0.000)
",-9999999.000,-9999999.000,0.000,0.000,1.000,0,0,0,21,21,0,0,21,0.0,0,0,0.0,0.0,1.0
"F[1,1](Lactate < 0.000 -> SepsisLabel = 0.000)
",0.000,0.000,0.000,0.000,1.000,0,0,0,21,21,0,0,21,0.0,0,0,0.0,0.0,1.0
"((Alkalinephos <= 0.000) U[0,1] (SepsisLabel = 0.000))
",-9999999.000,-9999999.000,0.000,0.000,1.000,0,0,0,21,21,0,0,21,0.0,0,0,0.0,0.0,1.0
"F[0,2](MAP >= 38.145 & SepsisLabel = 0.000)
",-9999999.000,-9999999.000,0.000,0.000,1.000,0,0,0,21,21,0,0,21,0.0,0,0,0.0,0.0,1.0
"F[1,1](Bilirubin_total <= 0.000 & SepsisLabel = 0.000)
",0.000,0.000,0.000,0.000,1.000,0,0,0,21,21,0,0,21,0.0,0,0,0.0,0.0,1.0
"((Magnesium < 1.395) U[0,2] (SepsisLabel = 0.000))
",-9999999.000,-9999999.000,0.000,0.000,1.000,0,0,0,21,21,0,0,21,0.0,0,0,0.0,0.0,1.0
"((Glucose < 82.505) U[0,0] (SepsisLabel = 0.000))
",5805750313180914.000,82.505,0.000,0.000,1.000,0,0,0,21,21,0,0,21,0.0,0,0,0.0,0.0,1.0
"F[1,1](WBC <= 18.820 -> SepsisLabel = 0.000)
",-2648670747672317.000,-18.820,0.000,0.000,1.000,0,0,0,21,21,0,0,21,0.0,0,0,0.0,0.0,1.0
"((Lactate > 0.000) U[0,1] (SepsisLabel = 0.000))
",-9999999.000,-9999999.000,0.000,0.000,1.000,0,0,0,21,21,0,0,21,0.0,0,0,0.0,0.0,1.0
"((WBC < 7.069) U[1,2] (SepsisLabel = 0.000))
",-9999999.000,-9999999.000,0.000,0.000,1.000,0,0,0,21,21,0,0,21,0.0,0,0,0.0,0.0,1.0
"((EtCO2 <= 0.000) U[0,1] (SepsisLabel = 0.000))
",-9999999.000,-9999999.000,0.000,0.000,1.000,0,0,0,21,21,0,0,21,0.0,0,0,0.0,0.0,1.0
"F[0,1](Calcium < 0.000 -> SepsisLabel = 0.000)
",-9999999.000,-9999999.000,0.000,0.000,1.000,0,0,0,21,21,0,0,21,0.0,0,0,0.0,0.0,1.0
"((SBP <= 103.987) U[0,2] (SepsisLabel = 0.000))
",-9999999.000,-9999999.000,0.000,0.000,1.000,0,0,0,21,21,0,0,21,0.0,0,0,0.0,0.0,1.0
"((FiO2 <= 0.000) U[0,1] (SepsisLabel = 0.000))
",-9999999.000,-9999999.000,0.000,0.000,1.000,0,0,0,21,21,0,0,21,0.0,0,0,0.0,0.0,1.0
"((Bilirubin_total <= 0.000) U[0,0] (SepsisLabel = 0.000))
",-0.229,-0.200,0.000,0.000,1.000,0,0,0,21,21,0,0,21,0.0,0,0,0.0,0.0,1.0
"F[0,1](((Hct <= 11.432 | Hgb >= 0.172) | BaseExcess >= 0.100) | WBC <= 9.150)
",-9999999.000,-9999999.000,0.000,0.000,1.000,0,0,0,21,21,0,0,21,0.0,0,0,0.0,0.0,1.0
"F[0,2]((Hct <= 2.059 -> WBC >= 0.625) -> DBP <= 11.116)
",-9999999.000,-9999999.000,0.000,0.000,1.000,0,0,0,21,21,0,0,21,0.0,0,0,0.0,0.0,1.0
"F[0,2]((Hct <= 2.355 -> Magnesium <= 1.277) -> FiO2 >= 0.019)
",-9999999.000,-9999999.000,0.000,0.000,1.000,0,0,0,21,21,0,0,21,0.0,0,0,0.0,0.0,1.0
"F[0,0](HCO3 >= 0.734 | Potassium <= 3.634)
",8183252057532243.000,3.634,0.000,0.000,1.000,0,0,0,21,21,0,0,21,0.0,0,0,0.0,0.0,1.0
"F[0,2](((BUN <= 21.663 -> Potassium >= 0.039) -> pH >= 0.057) | Potassium <= 3.981)
",-9999999.000,-9999999.000,0.000,0.000,1.000,0,0,0,21,21,0,0,21,0.0,0,0,0.0,0.0,1.0
"F[0,1]((Hct >= 0.198 -> Potassium >= 0.092) -> EtCO2 <= 2.336)
",-9999999.000,-9999999.000,0.000,0.000,1.000,0,0,0,21,21,0,0,21,0.0,0,0,0.0,0.0,1.0
"((Hgb <= 9.493) U[0,2] (Potassium >= 0.111))
",-9999999.000,-9999999.000,0.000,0.000,1.000,0,0,0,21,21,0,0,21,0.0,0,0,0.0,0.0,1.0
"F[1,2](Chloride >= 1.151 | Potassium <= 1.820)
",-9999999.000,-9999999.000,0.000,0.000,1.000,0,0,0,21,21,0,0,21,0.0,0,0,0.0,0.0,1.0
"F[2,2](BUN >= 0.553 -> Glucose <= 32.744)
",-4608245202336149.000,-32.744,0.000,0.000,1.000,0,0,0,21,21,0,0,21,0.0,0,0,0.0,0.0,1.0
"F[0,1]((Hgb >= 0.421 | Magnesium >= 0.050) -> MAP <= 0.992)
",-9999999.000,-9999999.000,0.000,0.000,1.000,0,0,0,21,21,0,0,21,0.0,0,0,0.0,0.0,1.0
"F[0,2]((Hgb >= 0.041 & Platelets <= 53.021) -> Fibrinogen >= 8.435)
",-9999999.000,-9999999.000,0.000,0.000,1.000,0,0,0,21,21,0,0,21,0.0,0,0,0.0,0.0,1.0
"F[1,2](((Creatinine <= 0.512 | Glucose >= 4.706) | Magnesium <= 65.520) & FiO2 <= 106.799)
",-9999999.000,-9999999.000,0.000,0.000,1.000,0,0,0,21,21,0,0,21,0.0,0,0,0.0,0.0,1.0
"((Creatinine <= 0.420) U[1,2] (Hct <= 27.520))
",-9999999.000,-9999999.000,0.000,0.000,1.000,0,0,0,21,21,0,0,21,0.0,0,0,0.0,0.0,1.0
"F[1,2]((Chloride <= 70.067 -> Platelets >= 4.106) & pH <= 66.199)
",-9999999.000,-9999999.000,0.000,0.000,1.000,0,0,0,21,21,0,0,21,0.0,0,0,0.0,0.0,1.0
"F[0,2]((Creatinine >= 0.006 -> Hgb <= 0.883) & Hct >= 0.183)
",-9999999.000,-9999999.000,0.000,0.000,1.000,0,0,0,21,21,0,0,21,0.0,0,0,0.0,0.0,1.0
"F[0,2](((HCO3 <= 5.420 -> Hct >= 0.762) | Alkalinephos <= 25.938) -> Creatinine >= 1.275)
",-9999999.000,-9999999.000,0.000,0.000,1.000,0,0,0,21,21,0,0,21,0.0,0,0,0.0,0.0,1.0
"F[0,1]((Hct <= 19.227 | Platelets <= 212.701) & AST <= 96.197)
",-9999999.000,-9999999.000,0.000,0.000,1.000,0,0,0,21,21,0,0,21,0.0,0,0,0.0,0.0,1.0
"((Resp <= 31.712) U[0,2] (SepsisLabel = 0.000))
",-9999999.000,-9999999.000,0.000,0.000,1.000,0,0,0,21,21,0,0,21,0.0,0,0,0.0,0.0,1.0
"F[1,2](Glucose < 74.710 & SepsisLabel = 0.000)
",-9999999.000,-9999999.000,0.000,0.000,1.000,0,0,0,21,21,0,0,21,0.0,0,0,0.0,0.0,1.0
"((Bilirubin_total < 0.000) U[0,2] (SepsisLabel = 0.000))
",-9999999.000,-9999999.000,0.000,0.000,1.000,0,0,0,21,21,0,0,21,0.0,0,0,0.0,0.0,1.0
"((MAP >= 28.218) U[0,2] (SBP <= 112.683))
",-9999999.000,-9999999.000,0.000,0.000,1.000,0,0,0,21,21,0,0,21,0.0,0,0,0.0,0.0,1.0
"F[0,1]((Phosphate >= 0.000 & Magnesium > 0.071) -> Calcium < 0.000)
",-9999999.000,-9999999.000,0.000,0.000,1.000,0,0,0,21,21,0,0,21,0.0,0,0,0.0,0.0,1.0
"F[0,2](((Calcium < 0.000 & Potassium < 2.186) & Magnesium < 1.927) & Phosphate < 0.000)
",-9999999.000,-9999999.000,0.000,0.000,1.000,0,0,0,21,21,0,0,21,0.0,0,0,0.0,0.0,1.0
"F[1,2]((Calcium <= 0.000 & Potassium <= 2.693) & Magnesium >= 0.100)
",-9999999.000,-9999999.000,0.000,0.000,1.000,0,0,0,21,21,0,0,21,0.0,0,0,0.0,0.0,1.0
"F[0,2]((Phosphate >= 0.000 & Magnesium > 0.012) -> Calcium < 0.000)
",-9999999.000,-9999999.000,0.000,0.000,1.000,0,0,0,21,21,0,0,21,0.0,0,0,0.0,0.0,1.0
"F[1,2]((Calcium <= 0.000 & Potassium <= 2.689) & Magnesium >= 0.068)
",-9999999.000,-9999999.000,0.000,0.000,1.000,0,0,0,21,21,0,0,21,0.0,0,0,0.0,0.0,1.0
"F[2,2](Hgb <= 2.722 | Hct <= 4.100)
",4616027857290994.000,4.100,0.000,0.000,1.000,0,0,0,21,21,0,0,21,0.0,0,0,0.0,0.0,1.0
"F[2,2]((Phosphate >= 0.000 & Magnesium > 0.052) -> Calcium < 0.000)
",0.000,0.000,0.000,0.000,1.000,0,0,0,21,21,0,0,21,0.0,0,0,0.0,0.0,1.0
"F[1,1](Calcium >= 0.000 & SepsisLabel = 0.000)
",0.000,0.000,0.000,0.000,1.000,0,0,0,21,21,0,0,21,0.0,0,0,0.0,0.0,1.0
"F[2,2]((Calcium <= 0.000 & Potassium <= 2.653) & Magnesium >= 0.058)
",-8362714770552738.000,-0.058,0.000,0.000,1.000,0,0,0,21,21,0,0,21,0.0,0,0,0.0,0.0,1.0
"F[0,0]((Phosphate >= 0.000 & Magnesium > 0.094) -> Calcium < 0.000)
",0.000,0.000,0.000,0.000,1.000,0,0,0,21,21,0,0,21,0.0,0,0,0.0,0.0,1.0
"F[1,2](((Calcium < 0.000 & Potassium < 2.671) & Magnesium < 0.792) & Phosphate < 0.000)
",-9999999.000,-9999999.000,0.000,0.000,1.000,0,0,0,21,21,0,0,21,0.0,0,0,0.0,0.0,1.0
"F[0,2](Hgb <= 9.167 | Hct <= 18.191)
",-9999999.000,-9999999.000,0.000,0.000,1.000,0,0,0,21,21,0,0,21,0.0,0,0,0.0,0.0,1.0
"F[0,1]((Phosphate >= 0.000 & Magnesium > 0.088) -> Calcium < 0.000)
",-9999999.000,-9999999.000,0.000,0.000,1.000,0,0,0,21,21,0,0,21,0.0,0,0,0.0,0.0,1.0
"F[0,2](((Calcium < 0.000 & Potassium < 3.436) & Magnesium < 0.778) & Phosphate < 0.000)
",-9999999.000,-9999999.000,0.000,0.000,1.000,0,0,0,21,21,0,0,21,0.0,0,0,0.0,0.0,1.0
"F[2,2](Hgb <= 5.045 | Hct <= 9.051)
",9.051,9.051,0.000,0.000,1.000,0,0,0,21,21,0,0,21,0.0,0,0,0.0,0.0,1.0
"F[2,2]((Calcium <= 0.000 & Potassium <= 2.331) & Magnesium >= 0.080)
",-5732984040179810.000,-0.080,0.000,0.000,1.000,0,0,0,21,21,0,0,21,0.0,0,0,0.0,0.0,1.0
"F[0,2]((Phosphate >= 0.000 & Magnesium > 0.068) -> Calcium < 0.000)
",-9999999.000,-9999999.000,0.000,0.000,1.000,0,0,0,21,21,0,0,21,0.0,0,0,0.0,0.0,1.0
"((MAP >= 40.770) U[2,2] (SBP <= 125.398))
",4412054857074249.500,125.398,0.000,0.000,1.000,0,0,0,21,21,0,0,21,0.0,0,0,0.0,0.0,1.0
"F[2,2](((Calcium < 0.000 & Potassium < 3.363) & Magnesium < 0.198) & Phosphate < 0.000)
",0.000,0.000,0.000,0.000,1.000,0,0,0,21,21,0,0,21,0.0,0,0,0.0,0.0,1.0
"F[0,1]((Phosphate >= 0.000 & Magnesium > 0.041) -> Calcium < 0.000)
",-9999999.000,-9999999.000,0.000,0.000,1.000,0,0,0,21,21,0,0,21,0.0,0,0,0.0,0.0,1.0
"F[0,2](Hgb <= 7.248 | Hct <= 21.749)
",-9999999.000,-9999999.000,0.000,0.000,1.000,0,0,0,21,21,0,0,21,0.0,0,0,0.0,0.0,1.0
"F[1,2](Hgb <= 7.058 | Hct <= 1.810)
",-9999999.000,-9999999.000,0.000,0.000,1.000,0,0,0,21,21,0,0,21,0.0,0,0,0.0,0.0,1.0
"F[0,2]((Calcium <= 0.000 & Potassium <= 0.885) & Magnesium >= 0.024)
",-9999999.000,-9999999.000,0.000,0.000,1.000,0,0,0,21,21,0,0,21,0.0,0,0,0.0,0.0,1.0
"F[1,2](((Calcium < 0.000 & Potassium < 3.521) & Magnesium < 0.513) & Phosphate < 0.000)
",-9999999.000,-9999999.000,0.000,0.000,1.000,0,0,0,21,21,0,0,21,0.0,0,0,0.0,0.0,1.0
"F[1,2]((Phosphate >= 0.000 & Magnesium > 0.080) -> Calcium < 0.000)
",-9999999.000,-9999999.000,0.000,0.000,1.000,0,0,0,21,21,0,0,21,0.0,0,0,0.0,0.0,1.0
"F[0,1](Hgb <= 2.681 | Hct <= 29.221)
",-9999999.000,-9999999.000,0.000,0.000,1.000,0,0,0,21,21,0,0,21,0.0,0,0,0.0,0.0,1.0
"F[0,2](((Calcium < 0.000 & Potassium < 3.114) & Magnesium < 1.752) & Phosphate < 0.000)
",-9999999.000,-9999999.000,0.000,0.000,1.000,0,0,0,21,21,0,0,21,0.0,0,0,0.0,0.0,1.0
"F[0,2]((Phosphate >= 0.000 & Magnesium > 0.014) -> Calcium < 0.000)
",-9999999.000,-9999999.000,0.000,0.000,1.000,0,0,0,21,21,0,0,21,0.0,0,0,0.0,0.0,1.0
"F[0,1](Resp < 27.560 -> SepsisLabel = 0.000)
",-9999999.000,-9999999.000,0.000,0.000,1.000,0,0,0,21,21,0,0,21,0.0,0,0,0.0,0.0,1.0
"((Alkalinephos <= 0.000) U[0,2] (SepsisLabel = 0.000))
",-9999999.000,-9999999.000,0.000,0.000,1.000,0,0,0,21,21,0,0,21,0.0,0,0,0.0,0.0,1.0
"((MAP <= 83.922) U[0,1] (SepsisLabel = 0.000))
",-9999999.000,-9999999.000,0.000,0.000,1.000,0,0,0,21,21,0,0,21,0.0,0,0,0.0,0.0,1.0
"((BUN <= 12.324) U[0,2] (WBC >= 0.137))
",-9999999.000,-9999999.000,0.000,0.000,1.000,0,0,0,21,21,0,0,21,0.0,0,0,0.0,0.0,1.0
"F[1,2](((Creatinine >= 0.013 -> WBC <= 17.301) & DBP <= 2.030) -> MAP <= 3.964)
",-9999999.000,-9999999.000,0.000,0.000,1.000,0,0,0,21,21,0,0,21,0.0,0,0,0.0,0.0,1.0
"F[0,1](Bilirubin_direct <= 0.000 & WBC <= 3.242)
",-9999999.000,-9999999.000,0.000,0.000,1.000,0,0,0,21,21,0,0,21,0.0,0,0,0.0,0.0,1.0
"F[1,2]((HCO3 <= 18.248 | Resp <= 27.976) & MAP <= 26.848)
",-9999999.000,-9999999.000,0.000,0.000,1.000,0,0,0,21,21,0,0,21,0.0,0,0,0.0,0.0,1.0
"F[0,2](((Hct <= 12.509 | Temp >= 3.921) | Magnesium >= 3.506) -> MAP >= 12.931)
",-9999999.000,-9999999.000,0.000,0.000,1.000,0,0,0,21,21,0,0,21,0.0,0,0,0.0,0.0,1.0
"((Platelets >= 1.836) U[2,2] (Temp >= 0.414))
",-0.414,-0.414,0.000,0.000,1.000,0,0,0,21,21,0,0,21,0.0,0,0,0.0,0.0,1.0
"F[0,2](((Creatinine <= 0.276 -> Temp >= 13.997) & WBC >= 10.636) -> Hgb >= 2.522)
",-9999999.000,-9999999.000,0.000,0.000,1.000,0,0,0,21,21,0,0,21,0.0,0,0,0.0,0.0,1.0
"F[1,1](((Glucose <= 88.963 | Temp >= 3.643) -> HCO3 >= 5.151) -> Platelets >= 4.991)
",4.991,4.991,0.000,0.000,1.000,0,0,0,21,21,0,0,21,0.0,0,0,0.0,0.0,1.0
"F[1,2](Magnesium >= 0.003 -> Temp >= 1.941)
",-9999999.000,-9999999.000,0.000,0.000,1.000,0,0,0,21,21,0,0,21,0.0,0,0,0.0,0.0,1.0
"((Resp >= 4.781) U[0,0] (WBC <= 6.151))
",2.386,44.234,0.000,0.000,1.000,0,0,0,21,21,0,0,21,0.0,0,0,0.0,0.0,1.0
"F[0,0](BUN >= 0.110 -> Resp >= 14.522)
",-2.003,-35.015,0.000,0.000,1.000,0,0,0,21,21,0,0,21,0.0,0,0,0.0,0.0,1.0
"((Platelets <= 19.486) U[1,2] (Lactate <= 0.000))
",-9999999.000,-9999999.000,0.000,0.000,1.000,0,0,0,21,21,0,0,21,0.0,0,0,0.0,0.0,1.0
"F[0,0](((Hct <= 12.587 | Resp <= 32.565) -> Hgb >= 12.552) -> pH >= 13.846)
",25.500,12.839,0.000,0.000,1.000,0,0,0,21,21,0,0,21,0.0,0,0,0.0,0.0,1.0
"F[1,1](Hgb <= 0.523 -> Resp >= 9.768)
",-4711035931599546.000,-0.523,0.000,0.000,1.000,0,0,0,21,21,0,0,21,0.0,0,0,0.0,0.0,1.0
"F[0,2](Glucose <= 92.659 & Resp >= 19.532)
",-9999999.000,-9999999.000,0.000,0.000,1.000,0,0,0,21,21,0,0,21,0.0,0,0,0.0,0.0,1.0
"((Magnesium <= 0.957) U[0,1] (Resp >= 8.698))
",-9999999.000,-9999999.000,0.000,0.000,1.000,0,0,0,21,21,0,0,21,0.0,0,0,0.0,0.0,1.0
"F[1,2](HCO3 >= 0.387 & HR >= 21.433)
",-9999999.000,-9999999.000,0.000,0.000,1.000,0,0,0,21,21,0,0,21,0.0,0,0,0.0,0.0,1.0
"F[0,0](((Hct >= 0.521 & HR >= 25.361) -> EtCO2 <= 98.506) | Phosphate <= 95.529)
",199.006,95.419,0.000,0.000,1.000,0,0,0,21,21,0,0,21,0.0,0,0,0.0,0.0,1.0
"F[0,2](HCO3 >= 0.769 -> Temp <= 28.358)
",-9999999.000,-9999999.000,0.000,0.000,1.000,0,0,0,21,21,0,0,21,0.0,0,0,0.0,0.0,1.0
"((Phosphate <= 0.000) U[0,2] (FiO2 >= 0.000))
",-9999999.000,-9999999.000,0.000,0.000,1.000,0,0,0,21,21,0,0,21,0.0,0,0,0.0,0.0,1.0
"F[2,2]((Magnesium <= 0.841 -> WBC <= 12.370) & Temp >= 0.629)
",-6963490866059788.000,-12.370,0.000,0.000,1.000,0,0,0,21,21,0,0,21,0.0,0,0,0.0,0.0,1.0
"F[0,1](Hct >= 1.395 | SaO2 >= 0.000)
",-9999999.000,-9999999.000,0.000,0.000,1.000,0,0,0,21,21,0,0,21,0.0,0,0,0.0,0.0,1.0
"F[0,2]((SepsisLabel >= 0.000 -> Platelets >= 0.022) | SepsisLabel <= 105.073)
",-9999999.000,-9999999.000,0.000,0.000,1.000,0,0,0,21,21,0,0,21,0.0,0,0,0.0,0.0,1.0
"((MAP >= 28.663) U[0,0] (Lactate <= 0.000))
",2.109,64.537,0.000,0.000,1.000,0,0,0,21,21,0,0,21,0.0,0,0,0.0,0.0,1.0
"F[0,1](((Platelets >= 6.236 & Bilirubin_direct <= 0.000) -> BUN <= 0.000) & pH >= 0.000)
",-9999999.000,-9999999.000,0.000,0.000,1.000,0,0,0,21,21,0,0,21,0.0,0,0,0.0,0.0,1.0
"((Phosphate <= 0.000) U[0,1] (SBP <= 126.531))
",-9999999.000,-9999999.000,0.000,0.000,1.000,0,0,0,21,21,0,0,21,0.0,0,0,0.0,0.0,1.0
"F[0,0](((Bilirubin_total <= 0.000 | Bilirubin_direct >= 0.000) | Temp >= 0.000) & Platelets <= 0.000)
",0.000,0.000,0.000,0.000,1.000,0,0,0,21,21,0,0,21,0.0,0,0,0.0,0.0,1.0
"F[2,2](((Temp <= 20.378 & Hct <= 21.062) -> EtCO2 >= 1.254) -> Creatinine <= 2.588)
",-2.588,-2.588,0.000,0.000,1.000,0,0,0,21,21,0,0,21,0.0,0,0,0.0,0.0,1.0
"F[0,0](FiO2 <= 0.000 & EtCO2 >= 0.000)
",-0.229,-1.000,0.000,0.000,1.000,0,0,0,21,21,0,0,21,0.0,0,0,0.0,0.0,1.0
"F[2,2](Hct <= 13.884 -> Platelets >= 4.745)
",-7816059887802702.000,-13.884,0.000,0.000,1.000,0,0,0,21,21,0,0,21,0.0,0,0,0.0,0.0,1.0
"F[1,2](SepsisLabel <= 0.000 | SepsisLabel >= 0.000)
",-9999999.000,-9999999.000,0.000,0.000,1.000,0,0,0,21,21,0,0,21,0.0,0,0,0.0,0.0,1.0
"F[1,1]((Lactate <= 0.000 -> pH >= 0.000) | HCO3 >= 0.000)
",0.000,0.000,0.000,0.000,1.000,0,0,0,21,21,0,0,21,0.0,0,0,0.0,0.0,1.0
"F[1,2](((Potassium <= 3.447 | Bilirubin_total >= 0.000) -> BUN >= 0.000) -> Glucose <= 0.000)
",-9999999.000,-9999999.000,0.000,0.000,1.000,0,0,0,21,21,0,0,21,0.0,0,0,0.0,0.0,1.0
"F[2,2](((TroponinI <= 0.000 | pH <= 0.000) | Bilirubin_total >= 0.000) -> Phosphate >= 0.000)
",0.000,0.000,0.000,0.000,1.000,0,0,0,21,21,0,0,21,0.0,0,0,0.0,0.0,1.0
"F[1,2](pH <= 0.000 & PaCO2 <= 0.000)
",-9999999.000,-9999999.000,0.000,0.000,1.000,0,0,0,21,21,0,0,21,0.0,0,0,0.0,0.0,1.0
"F[0,2](Creatinine <= 0.628 -> TroponinI <= 0.000)
",-9999999.000,-9999999.000,0.000,0.000,1.000,0,0,0,21,21,0,0,21,0.0,0,0,0.0,0.0,1.0
"F[1,2](((Creatinine <= 0.655 & HR >= 39.886) & HCO3 >= 46.493) -> PTT <= 107.580)
",-9999999.000,-9999999.000,0.000,0.000,1.000,0,0,0,21,21,0,0,21,0.0,0,0,0.0,0.0,1.0
"F[1,2]((DBP <= 56.697 & WBC >= 0.301) -> O2Sat <= 19.460)
",-9999999.000,-9999999.000,0.000,0.000,1.000,0,0,0,21,21,0,0,21,0.0,0,0,0.0,0.0,1.0
"F[2,2]((Hct >= 1.294 | SBP <= 113.909) -> FiO2 <= 104.363)
",-113.909,-113.909,0.000,0.000,1.000,0,0,0,21,21,0,0,21,0.0,0,0,0.0,0.0,1.0
"((Chloride <= 36.637) U[2,2] (PTT <= 7.322))
",5156225986406747.000,36.637,0.000,0.000,1.000,0,0,0,21,21,0,0,21,0.0,0,0,0.0,0.0,1.0
"F[2,2](O2Sat <= 94.120 | Temp >= 10.814)
",6623071861028238.000,94.120,0.000,0.000,1.000,0,0,0,21,21,0,0,21,0.0,0,0,0.0,0.0,1.0
"F[0,2](((DBP >= 4.324 -> O2Sat <= 95.421) & O2Sat <= 79.259) | DBP >= 29.916)
",-9999999.000,-9999999.000,0.000,0.000,1.000,0,0,0,21,21,0,0,21,0.0,0,0,0.0,0.0,1.0
"((O2Sat <= 99.000) U[0,2] (Resp >= 19.484))
",-9999999.000,-9999999.000,0.000,0.000,1.000,0,0,0,21,21,0,0,21,0.0,0,0,0.0,0.0,1.0
"F[0,0](((Hct >= 0.715 | PTT >= 0.558) & Platelets >= 0.454) -> Lactate >= 0.306)
",-0.217,-5.544,0.000,0.000,1.000,0,0,0,21,21,0,0,21,0.0,0,0,0.0,0.0,1.0
"F[0,1](((Hgb <= 1.798 | PTT >= 0.526) | Creatinine <= 13.379) -> Hct <= 13.001)
",-9999999.000,-9999999.000,0.000,0.000,1.000,0,0,0,21,21,0,0,21,0.0,0,0,0.0,0.0,1.0
"F[1,2]((Creatinine <= 0.893 -> PTT <= 30.668) -> Potassium >= 0.048)
",-9999999.000,-9999999.000,0.000,0.000,1.000,0,0,0,21,21,0,0,21,0.0,0,0,0.0,0.0,1.0
"F[0,2]((Glucose <= 41.479 & PTT >= 0.336) -> HR <= 2.772)
",-9999999.000,-9999999.000,0.000,0.000,1.000,0,0,0,21,21,0,0,21,0.0,0,0,0.0,0.0,1.0
"F[0,2](Hgb >= 0.330 & SBP <= 95.329)
",-9999999.000,-9999999.000,0.000,0.000,1.000,0,0,0,21,21,0,0,21,0.0,0,0,0.0,0.0,1.0
"F[0,1](((Potassium <= 2.326 & PTT >= 0.582) | HCO3 <= 17.477) | WBC <= 10.139)
",-9999999.000,-9999999.000,0.000,0.000,1.000,0,0,0,21,21,0,0,21,0.0,0,0,0.0,0.0,1.0
"F[0,2](((HR <= 99.501 & O2Sat >= 43.767) | Resp >= 60.175) -> DBP <= 94.699)
",-9999999.000,-9999999.000,0.000,0.000,1.000,0,0,0,21,21,0,0,21,0.0,0,0,0.0,0.0,1.0
"F[1,2](((DBP <= 66.098 & Resp <= 23.883) -> FiO2 >= 2.264) | PTT >= 6.460)
",-9999999.000,-9999999.000,0.000,0.000,1.000,0,0,0,21,21,0,0,21,0.0,0,0,0.0,0.0,1.0
"F[2,2](DBP >= 11.930 -> HR <= 92.678)
",-92.678,-92.678,0.000,0.000,1.000,0,0,0,21,21,0,0,21,0.0,0,0,0.0,0.0,1.0
"((HR <= 107.924) U[2,2] (SBP <= 136.222))
",136.222,136.222,0.000,0.000,1.000,0,0,0,21,21,0,0,21,0.0,0,0,0.0,0.0,1.0
"F[2,2](HR <= 108.002 | Resp <= 34.563)
",108.002,108.002,0.000,0.000,1.000,0,0,0,21,21,0,0,21,0.0,0,0,0.0,0.0,1.0
"F[2,2](Resp >= 5.797 | Temp >= 4.676)
",-5264818082633342.000,-4.676,0.000,0.000,1.000,0,0,0,21,21,0,0,21,0.0,0,0,0.0,0.0,1.0
"F[1,2](PTT <= 25.106 | Temp <= 30.412)
",-9999999.000,-9999999.000,0.000,0.000,1.000,0,0,0,21,21,0,0,21,0.0,0,0,0.0,0.0,1.0
"F[0,1](((Creatinine >= 0.044 & O2Sat <= 86.489) -> O2Sat <= 75.609) | Calcium <= 96.880)
",-9999999.000,-9999999.000,0.000,0.000,1.000,0,0,0,21,21,0,0,21,0.0,0,0,0.0,0.0,1.0
"F[0,2]((Glucose >= 2.057 -> O2Sat >= 20.512) -> TroponinI >= 28.638)
",-9999999.000,-9999999.000,0.000,0.000,1.000,0,0,0,21,21,0,0,21,0.0,0,0,0.0,0.0,1.0
"F[1,2](((BUN <= 5.268 & O2Sat <= 75.418) -> SBP >= 0.567) & Resp >= 63.945)
",-9999999.000,-9999999.000,0.000,0.000,1.000,0,0,0,21,21,0,0,21,0.0,0,0,0.0,0.0,1.0
"F[0,2]((HCO3 <= 13.491 -> O2Sat <= 93.381) -> PaCO2 <= 77.524)
",-9999999.000,-9999999.000,0.000,0.000,1.000,0,0,0,21,21,0,0,21,0.0,0,0,0.0,0.0,1.0
"F[0,0]((Potassium >= 0.030 & SBP >= 39.887) -> DBP >= 0.403)
",-2.168,-59.547,0.000,0.000,1.000,0,0,0,21,21,0,0,21,0.0,0,0,0.0,0.0,1.0
"F[2,2]((Chloride >= 0.072 | MAP <= 72.340) & Creatinine <= 90.346)
",5090447304700046.000,72.340,0.000,0.000,1.000,0,0,0,21,21,0,0,21,0.0,0,0,0.0,0.0,1.0
"F[1,2]((Magnesium <= 0.510 & SBP <= 130.228) & SBP <= 129.647)
",-9999999.000,-9999999.000,0.000,0.000,1.000,0,0,0,21,21,0,0,21,0.0,0,0,0.0,0.0,1.0
"F[0,2](((Hgb >= 0.195 -> MAP >= 12.208) & BUN >= 32.446) | Lactate >= 47.391)
",-9999999.000,-9999999.000,0.000,0.000,1.000,0,0,0,21,21,0,0,21,0.0,0,0,0.0,0.0,1.0
"F[2,2]((Chloride >= 4.604 & DBP >= 8.879) & EtCO2 >= 37.086)
",-5219356648133682.000,-37.086,0.000,0.000,1.000,0,0,0,21,21,0,0,21,0.0,0,0,0.0,0.0,1.0
"F[1,2]((Chloride <= 94.457 -> SBP >= 43.494) -> O2Sat >= 10.586)
",-9999999.000,-9999999.000,0.000,0.000,1.000,0,0,0,21,21,0,0,21,0.0,0,0,0.0,0.0,1.0
"F[1,1](((BUN <= 9.959 -> MAP >= 3.132) | Alkalinephos >= 10.543) -> DBP <= 71.368)
",-5022055464737246.000,-71.368,0.000,0.000,1.000,0,0,0,21,21,0,0,21,0.0,0,0,0.0,0.0,1.0
"F[1,2](DBP <= 63.592 -> Platelets >= 2.741)
",-9999999.000,-9999999.000,0.000,0.000,1.000,0,0,0,21,21,0,0,21,0.0,0,0,0.0,0.0,1.0
"F[0,2](((DBP >= 33.708 & Hgb <= 4.387) | Chloride >= 0.004) -> Alkalinephos >= 0.051)
",-9999999.000,-9999999.000,0.000,0.000,1.000,0,0,0,21,21,0,0,21,0.0,0,0,0.0,0.0,1.0
"F[0,2](Platelets <= 200.201 | SBP <= 97.274)
",-9999999.000,-9999999.000,0.000,0.000,1.000,0,0,0,21,21,0,0,21,0.0,0,0,0.0,0.0,1.0
"F[1,2](((DBP <= 51.874 & HCO3 <= 19.349) & pH >= 0.290) & Fibrinogen <= 6.139)
",-9999999.000,-9999999.000,0.000,0.000,1.000,0,0,0,21,21,0,0,21,0.0,0,0,0.0,0.0,1.0
"F[0,1](((Creatinine >= 0.030 | Lactate >= 0.000) -> Lactate <= 0.000) | Phosphate >= 0.000)
",-9999999.000,-9999999.000,0.000,0.000,1.000,0,0,0,21,21,0,0,21,0.0,0,0,0.0,0.0,1.0
