Rule,Discrimination Score,Pos Robustness,Neg Robustness,Percent Class +,Percent Class -,TP,TN,FP,FN,Actual Yes,Actual No,Predicted Yes,Predicted No,TPR/Sens,TNR/Spec,FPR,Precision,Accuracy,MCR
"G[0,0](O2Sat >= 34.949 -> SepsisLabel = 0.000)
",-2.307,-51.043,0.000,1.000,0.000,13,0,0,0,13,0,13,0,1.0,0.0,0.0,1.0,1.0,0.0
"G[0,0]((PTT <= 17.675 -> Bilirubin_total >= 0.000) & DBP >= 0.000)
",-4.893,-16.690,0.000,1.000,0.000,13,0,0,0,13,0,13,0,1.0,0.0,0.0,1.0,1.0,0.0
"G[0,1]((Chloride >= 1.058 | Creatinine >= 0.004) | SepsisLabel <= 0.760)
",9999999.000,9999999.000,0.000,1.000,0.000,13,0,0,0,13,0,13,0,1.0,0.0,0.0,1.0,1.0,0.0
"G[0,0](Alkalinephos <= 0.000 & Bilirubin_total <= 0.000)
",-0.289,-1.462,0.000,1.000,0.000,13,0,0,0,13,0,13,0,1.0,0.0,0.0,1.0,1.0,0.0
"G[1,1](((Resp >= 13.425 | Creatinine >= 0.006) & O2Sat >= 0.030) | Temp <= 0.108)
",7777614441094107.000,0.108,0.000,1.000,0.000,13,0,0,0,13,0,13,0,1.0,0.0,0.0,1.0,1.0,0.0
"G[0,1]((Creatinine >= 0.009 | SBP <= 111.939) -> EtCO2 <= 99.544)
",9999999.000,9999999.000,0.000,1.000,0.000,13,0,0,0,13,0,13,0,1.0,0.0,0.0,1.0,1.0,0.0
"G[0,1](Lactate >= 0.000 -> Alkalinephos <= 0.000)
",9999999.000,9999999.000,0.000,1.000,0.000,13,0,0,0,13,0,13,0,1.0,0.0,0.0,1.0,1.0,0.0
"G[0,1](((WBC <= 8.212 -> SBP >= 60.283) | HCO3 <= 87.623) & SaO2 <= 118.756)
",9999999.000,9999999.000,0.000,1.000,0.000,13,0,0,0,13,0,13,0,1.0,0.0,0.0,1.0,1.0,0.0
"G[1,1]((Chloride >= 0.789 & Resp >= 10.095) | Alkalinephos <= 34.942)
",4917672608812017.000,34.942,0.000,1.000,0.000,13,0,0,0,13,0,13,0,1.0,0.0,0.0,1.0,1.0,0.0
"G[0,0]((DBP <= 0.000 | HCO3 >= 1.150) | HR <= 8.481)
",-1.265,-0.708,0.000,1.000,0.000,13,0,0,0,13,0,13,0,1.0,0.0,0.0,1.0,1.0,0.0
"G[1,1]((Platelets >= 2.794 | TroponinI <= 0.000) & pH >= 0.000)
",0.000,0.000,0.000,1.000,0.000,13,0,0,0,13,0,13,0,1.0,0.0,0.0,1.0,1.0,0.0
"G[0,0]((Platelets >= 13.766 -> Alkalinephos >= 0.000) & EtCO2 >= 0.000)
",-0.289,-1.462,0.000,1.000,0.000,13,0,0,0,13,0,13,0,1.0,0.0,0.0,1.0,1.0,0.0
"G[0,0](Chloride <= 97.785 -> Magnesium <= 0.727)
",-41.412,-97.108,0.000,1.000,0.000,13,0,0,0,13,0,13,0,1.0,0.0,0.0,1.0,1.0,0.0
"G[1,1](Potassium <= 1.810 | TroponinI <= 0.000)
",8151091752053884.000,1.810,0.000,1.000,0.000,13,0,0,0,13,0,13,0,1.0,0.0,0.0,1.0,1.0,0.0
"G[1,1](PTT < 3.581 -> SepsisLabel = 0.000)
",-4031429309893997.500,-3.581,0.000,1.000,0.000,13,0,0,0,13,0,13,0,1.0,0.0,0.0,1.0,1.0,0.0
"G[0,1](Bilirubin_direct <= 0.000 -> PaCO2 <= 0.000)
",9999999.000,9999999.000,0.000,1.000,0.000,13,0,0,0,13,0,13,0,1.0,0.0,0.0,1.0,1.0,0.0
"G[0,1]((Bilirubin_total >= 0.000 & SepsisLabel >= 0.000) & AST <= 0.000)
",9999999.000,9999999.000,0.000,1.000,0.000,13,0,0,0,13,0,13,0,1.0,0.0,0.0,1.0,1.0,0.0
"G[0,0](Bilirubin_total <= 0.000 -> SepsisLabel = 0.000)
",0.289,0.292,0.000,1.000,0.000,13,0,0,0,13,0,13,0,1.0,0.0,0.0,1.0,1.0,0.0
"G[1,1](((Platelets <= 267.545 -> Resp <= 28.952) | PaCO2 <= 28.310) | Glucose <= 26.430)
",28.310,28.310,0.000,1.000,0.000,13,0,0,0,13,0,13,0,1.0,0.0,0.0,1.0,1.0,0.0
"G[0,1]((Hct <= 31.705 -> MAP <= 82.818) | SaO2 <= 68.738)
",9999999.000,9999999.000,0.000,1.000,0.000,13,0,0,0,13,0,13,0,1.0,0.0,0.0,1.0,1.0,0.0
"G[1,1](((PTT <= 25.230 | SBP <= 148.177) & Hct >= 69.737) | Calcium <= 116.729)
",8214047468097980.000,116.729,0.000,1.000,0.000,13,0,0,0,13,0,13,0,1.0,0.0,0.0,1.0,1.0,0.0
"G[0,0](pH >= 0.000 -> TroponinI >= 0.000)
",0.000,0.000,0.000,1.000,0.000,13,0,0,0,13,0,13,0,1.0,0.0,0.0,1.0,1.0,0.0
"G[1,1](((WBC >= 0.646 & SepsisLabel >= 0.000) -> Platelets >= 0.000) | Fibrinogen <= 0.000)
",0.000,0.000,0.000,1.000,0.000,13,0,0,0,13,0,13,0,1.0,0.0,0.0,1.0,1.0,0.0
"G[0,1](((Hct <= 29.719 -> Hgb >= 0.693) & EtCO2 <= 5.985) -> HCO3 >= 0.073)
",9999999.000,9999999.000,0.000,1.000,0.000,13,0,0,0,13,0,13,0,1.0,0.0,0.0,1.0,1.0,0.0
"G[0,0](Lactate <= 0.000 | SaO2 >= 0.000)
",0.000,0.000,0.000,1.000,0.000,13,0,0,0,13,0,13,0,1.0,0.0,0.0,1.0,1.0,0.0
"G[0,1]((SepsisLabel >= 0.000 | HCO3 <= 24.449) -> Magnesium <= 10.307)
",9999999.000,9999999.000,0.000,1.000,0.000,13,0,0,0,13,0,13,0,1.0,0.0,0.0,1.0,1.0,0.0
"G[0,1](((BUN >= 0.555 & Bilirubin_direct <= 0.000) | HCO3 <= 0.000) & PTT >= 0.000)
",9999999.000,9999999.000,0.000,1.000,0.000,13,0,0,0,13,0,13,0,1.0,0.0,0.0,1.0,1.0,0.0
"G[0,0](((HR <= 88.087 & AST <= 0.000) | Platelets >= 0.000) -> DBP <= 0.000)
",0.000,0.000,0.000,1.000,0.000,13,0,0,0,13,0,13,0,1.0,0.0,0.0,1.0,1.0,0.0
"G[0,0](((Lactate <= 0.000 | Chloride <= 104.118) -> PaCO2 <= 43.711) & Phosphate <= 98.903)
",-44.113,-103.441,0.000,1.000,0.000,13,0,0,0,13,0,13,0,1.0,0.0,0.0,1.0,1.0,0.0
"G[1,1]((SepsisLabel <= 0.000 & Potassium <= 0.640) -> SaO2 <= 3.726)
",-8390739208919121.000,-3.726,0.000,1.000,0.000,13,0,0,0,13,0,13,0,1.0,0.0,0.0,1.0,1.0,0.0
"G[0,0]((O2Sat <= 87.301 & Temp >= 3.466) -> SBP <= 32.103)
",-1.616,-23.993,0.000,1.000,0.000,13,0,0,0,13,0,13,0,1.0,0.0,0.0,1.0,1.0,0.0
"G[0,0](EtCO2 <= 0.000 | Lactate >= 0.000)
",0.289,19.769,0.000,1.000,0.000,13,0,0,0,13,0,13,0,1.0,0.0,0.0,1.0,1.0,0.0
"G[0,0]((pH <= 0.000 -> Bilirubin_total >= 0.000) & Bilirubin_direct <= 0.000)
",-0.289,-0.292,0.000,1.000,0.000,13,0,0,0,13,0,13,0,1.0,0.0,0.0,1.0,1.0,0.0
"G[0,1](SaO2 <= 0.000 -> SepsisLabel >= 0.000)
",9999999.000,9999999.000,0.000,1.000,0.000,13,0,0,0,13,0,13,0,1.0,0.0,0.0,1.0,1.0,0.0
"G[0,0](SaO2 <= 0.000 | Potassium >= 0.085)
",0.289,0.209,0.000,1.000,0.000,13,0,0,0,13,0,13,0,1.0,0.0,0.0,1.0,1.0,0.0
"G[0,1](((HR <= 82.693 & MAP >= 7.768) & EtCO2 <= 103.006) | Phosphate <= 103.033)
",9999999.000,9999999.000,0.000,1.000,0.000,13,0,0,0,13,0,13,0,1.0,0.0,0.0,1.0,1.0,0.0
"G[1,1](((Temp <= 33.083 | PTT >= 0.868) & SepsisLabel <= 19.979) -> DBP <= 16.307)
",-5623727997072801.000,-19.979,0.000,1.000,0.000,13,0,0,0,13,0,13,0,1.0,0.0,0.0,1.0,1.0,0.0
"G[1,1](SaO2 <= 0.000 | SaO2 <= 0.000)
",0.000,0.000,0.000,1.000,0.000,13,0,0,0,13,0,13,0,1.0,0.0,0.0,1.0,1.0,0.0
"G[0,1](((Lactate >= 0.000 | Bilirubin_direct >= 0.000) -> AST <= 0.000) & SaO2 >= 0.000)
",9999999.000,9999999.000,0.000,1.000,0.000,13,0,0,0,13,0,13,0,1.0,0.0,0.0,1.0,1.0,0.0
"G[0,0]((SepsisLabel <= 0.000 | Temp <= 32.730) -> PaCO2 <= 34.688)
",-2440927462204295.000,-34.688,0.000,1.000,0.000,13,0,0,0,13,0,13,0,1.0,0.0,0.0,1.0,1.0,0.0
"G[0,1](Phosphate >= 0.059 | Hct <= 9.828)
",9999999.000,9999999.000,0.000,1.000,0.000,13,0,0,0,13,0,13,0,1.0,0.0,0.0,1.0,1.0,0.0
"G[1,1](Platelets <= 34.713 -> WBC <= 21.209)
",-34.713,-34.713,0.000,1.000,0.000,13,0,0,0,13,0,13,0,1.0,0.0,0.0,1.0,1.0,0.0
"G[0,0](((BaseExcess >= 0.000 -> SepsisLabel >= 0.000) | PTT <= 0.000) -> SaO2 <= 0.000)
",0.000,0.000,0.000,1.000,0.000,13,0,0,0,13,0,13,0,1.0,0.0,0.0,1.0,1.0,0.0
"G[0,1](((Glucose <= 193.473 & Hgb <= 6.850) & AST <= 5.458) | Magnesium <= 5.425)
",9999999.000,9999999.000,0.000,1.000,0.000,13,0,0,0,13,0,13,0,1.0,0.0,0.0,1.0,1.0,0.0
"G[0,0](pH <= 0.000 | HCO3 >= 1.124)
",0.000,0.000,0.000,1.000,0.000,13,0,0,0,13,0,13,0,1.0,0.0,0.0,1.0,1.0,0.0
"G[1,1]((HR <= 84.630 -> HCO3 <= 6.110) | Lactate >= 0.600)
",-5401037972842986.000,-0.600,0.000,1.000,0.000,13,0,0,0,13,0,13,0,1.0,0.0,0.0,1.0,1.0,0.0
"G[0,1](((HCO3 <= 2.424 & Platelets <= 303.632) | BUN <= 294.562) | SaO2 >= 6.053)
",9999999.000,9999999.000,0.000,1.000,0.000,13,0,0,0,13,0,13,0,1.0,0.0,0.0,1.0,1.0,0.0
"G[1,1](((O2Sat >= 73.704 -> HCO3 >= 0.288) & Creatinine <= 7.551) | AST <= 8.111)
",4565867592804137.000,8.111,0.000,1.000,0.000,13,0,0,0,13,0,13,0,1.0,0.0,0.0,1.0,1.0,0.0
"G[0,1](((Bilirubin_total >= 0.000 -> Resp >= 14.311) & Hct <= 34.065) | BUN <= 23.180)
",9999999.000,9999999.000,0.000,1.000,0.000,13,0,0,0,13,0,13,0,1.0,0.0,0.0,1.0,1.0,0.0
"G[1,1](((Glucose <= 100.315 -> O2Sat >= 71.216) -> PTT <= 86.827) | WBC <= 82.455)
",82.455,82.455,0.000,1.000,0.000,13,0,0,0,13,0,13,0,1.0,0.0,0.0,1.0,1.0,0.0
"G[0,0](((Bilirubin_direct >= 0.000 & PaCO2 <= 0.000) | Magnesium <= 0.000) & Glucose <= 0.000)
",0.000,0.000,0.000,1.000,0.000,12,0,0,1,13,0,12,1,0.9230769230769231,0.0,0.0,1.0,0.9230769230769231,0.07692307692307687
"G[1,1]((Hct <= 28.123 & PaCO2 >= 0.000) | Platelets <= 0.000)
",0.000,0.000,0.000,1.000,0.000,12,0,0,1,13,0,12,1,0.9230769230769231,0.0,0.0,1.0,0.9230769230769231,0.07692307692307687
"G[0,1]((Creatinine >= 0.026 -> Temp <= 29.290) & HR >= 1.441)
",9999999.000,9999999.000,0.000,1.000,0.000,11,0,0,2,13,0,11,2,0.8461538461538461,0.0,0.0,1.0,0.8461538461538461,0.15384615384615385
"G[0,1](((Hct >= 1.322 -> Magnesium >= 0.114) | FiO2 >= 0.078) & Calcium <= 1.391)
",9999999.000,9999999.000,0.000,1.000,0.000,11,0,0,2,13,0,11,2,0.8461538461538461,0.0,0.0,1.0,0.8461538461538461,0.15384615384615385
"G[0,1](((MAP >= 5.472 -> MAP >= 13.093) & Glucose >= 29.137) -> O2Sat <= 56.314)
",9999999.000,9999999.000,0.000,1.000,0.000,11,0,0,2,13,0,11,2,0.8461538461538461,0.0,0.0,1.0,0.8461538461538461,0.15384615384615385
"G[0,1](Creatinine <= 0.235 | PTT <= 18.616)
",9999999.000,9999999.000,0.000,1.000,0.000,11,0,0,2,13,0,11,2,0.8461538461538461,0.0,0.0,1.0,0.8461538461538461,0.15384615384615385
"G[0,1]((PTT <= 24.058 -> SaO2 <= 0.000) -> Potassium <= 0.000)
",9999999.000,9999999.000,0.000,1.000,0.000,11,0,0,2,13,0,11,2,0.8461538461538461,0.0,0.0,1.0,0.8461538461538461,0.15384615384615385
"G[1,1]((Lactate >= 0.000 & Magnesium <= 1.426) -> Resp >= 0.056)
",0.000,0.000,0.000,1.000,0.000,11,0,0,2,13,0,11,2,0.8461538461538461,0.0,0.0,1.0,0.8461538461538461,0.15384615384615385
"G[0,1](Bilirubin_total <= 0.000 -> Chloride <= 9.722)
",9999999.000,9999999.000,0.000,1.000,0.000,11,0,0,2,13,0,11,2,0.8461538461538461,0.0,0.0,1.0,0.8461538461538461,0.15384615384615385
"G[0,1]((Chloride <= 64.716 & pH <= 0.000) & Potassium >= 0.000)
",9999999.000,9999999.000,0.000,1.000,0.000,11,0,0,2,13,0,11,2,0.8461538461538461,0.0,0.0,1.0,0.8461538461538461,0.15384615384615385
"G[0,1](((Alkalinephos >= 0.000 | BaseExcess >= 0.000) & Lactate >= 0.000) & Platelets <= 0.000)
",9999999.000,9999999.000,0.000,1.000,0.000,11,0,0,2,13,0,11,2,0.8461538461538461,0.0,0.0,1.0,0.8461538461538461,0.15384615384615385
"G[0,1](((Bilirubin_direct >= 0.000 & FiO2 >= 0.000) & PTT <= 0.000) & MAP >= 0.000)
",9999999.000,9999999.000,0.000,1.000,0.000,11,0,0,2,13,0,11,2,0.8461538461538461,0.0,0.0,1.0,0.8461538461538461,0.15384615384615385
"G[1,1](((PTT <= 7.917 & MAP <= 79.676) & DBP <= 99.691) & Lactate <= 105.484)
",4456868577842221.500,7.917,0.000,1.000,0.000,9,0,0,4,13,0,9,4,0.6923076923076923,0.0,0.0,1.0,0.6923076923076923,0.3076923076923077
"G[0,1]((Calcium <= 5.089 -> O2Sat <= 87.312) -> PTT >= 49.696)
",9999999.000,9999999.000,0.000,1.000,0.000,9,0,0,4,13,0,9,4,0.6923076923076923,0.0,0.0,1.0,0.6923076923076923,0.3076923076923077
"G[1,1](HR <= 103.471 & MAP <= 76.645)
",5393410958914409.000,76.645,0.000,1.000,0.000,9,0,0,4,13,0,9,4,0.6923076923076923,0.0,0.0,1.0,0.6923076923076923,0.3076923076923077
"G[0,1](HR <= 93.380 -> Resp <= 25.213)
",9999999.000,9999999.000,0.000,1.000,0.000,8,0,0,5,13,0,8,5,0.6153846153846154,0.0,0.0,1.0,0.6153846153846154,0.3846153846153846
"G[1,1](Hgb <= 2.575 -> SBP >= 19.923)
",-5797894778203559.000,-2.575,0.000,1.000,0.000,8,0,0,5,13,0,8,5,0.6153846153846154,0.0,0.0,1.0,0.6153846153846154,0.3846153846153846
"G[0,1](Temp < 17.419 & SepsisLabel = 0.000)
",9999999.000,9999999.000,0.000,1.000,0.000,7,0,0,6,13,0,7,6,0.5384615384615384,0.0,0.0,1.0,0.5384615384615384,0.46153846153846156
"G[0,0]((HR <= 94.988 & O2Sat >= 64.075) | HCO3 >= 73.934)
",-73.934,-73.934,0.000,1.000,0.000,7,0,0,6,13,0,7,6,0.5384615384615384,0.0,0.0,1.0,0.5384615384615384,0.46153846153846156
"G[1,1]((MAP >= 17.366 | PTT >= 2.080) | Potassium >= 1.587)
",-7147665562712198.000,-1.587,0.000,1.000,0.000,7,0,0,6,13,0,7,6,0.5384615384615384,0.0,0.0,1.0,0.5384615384615384,0.46153846153846156
"G[0,1](Hgb >= 0.544 | SBP >= 21.951)
",9999999.000,9999999.000,0.000,1.000,0.000,6,0,0,7,13,0,6,7,0.46153846153846156,0.0,0.0,1.0,0.46153846153846156,0.5384615384615384
"G[0,0](O2Sat < 89.537 & SepsisLabel = 0.000)
",-0.344,-28.782,0.000,1.000,0.000,2,0,0,11,13,0,2,11,0.15384615384615385,0.0,0.0,1.0,0.15384615384615385,0.8461538461538461
"G[1,1]((SaO2 <= 0.000 -> O2Sat <= 80.812) & Hct <= 87.269)
",-5686624872343025.000,-80.812,0.000,1.000,0.000,2,0,0,11,13,0,2,11,0.15384615384615385,0.0,0.0,1.0,0.15384615384615385,0.8461538461538461
"G[0,1](O2Sat >= 75.537 -> WBC >= 0.269)
",9999999.000,9999999.000,0.000,1.000,0.000,2,0,0,11,13,0,2,11,0.15384615384615385,0.0,0.0,1.0,0.15384615384615385,0.8461538461538461
"G[0,0](WBC >= 0.754 & SepsisLabel = 0.000)
",-0.298,-25.158,0.000,1.000,0.000,1,0,0,12,13,0,1,12,0.07692307692307693,0.0,0.0,1.0,0.07692307692307693,0.9230769230769231
"G[1,1](((Hgb <= 4.466 | Hct <= 11.019) -> WBC >= 0.153) & Platelets >= 6.200)
",-6203254675686234.000,-11.019,0.000,1.000,0.000,1,0,0,12,13,0,1,12,0.07692307692307693,0.0,0.0,1.0,0.07692307692307693,0.9230769230769231
"G[1,1](Platelets <= 188.331 -> WBC >= 0.143)
",-3313151888264831.000,-188.331,0.000,1.000,0.000,1,0,0,12,13,0,1,12,0.07692307692307693,0.0,0.0,1.0,0.07692307692307693,0.9230769230769231
"G[1,1](Platelets >= 16.033 | Potassium >= 0.223)
",-8030339810039076.000,-0.223,0.000,1.000,0.000,1,0,0,12,13,0,1,12,0.07692307692307693,0.0,0.0,1.0,0.07692307692307693,0.9230769230769231
"G[0,1](MAP <= 92.922 -> SBP <= 88.185)
",9999999.000,9999999.000,0.000,1.000,0.000,1,0,0,12,13,0,1,12,0.07692307692307693,0.0,0.0,1.0,0.07692307692307693,0.9230769230769231
"G[0,1](Hct <= 17.723 & O2Sat <= 90.081)
",9999999.000,9999999.000,0.000,1.000,0.000,1,0,0,12,13,0,1,12,0.07692307692307693,0.0,0.0,1.0,0.07692307692307693,0.9230769230769231
"G[0,0](Platelets <= 240.562 -> WBC >= 0.748)
",-4232006006674482.500,-240.562,0.000,1.000,0.000,1,0,0,12,13,0,1,12,0.07692307692307693,0.0,0.0,1.0,0.07692307692307693,0.9230769230769231
"G[1,1](((HCO3 >= 0.157 & Hct >= 1.491) | PTT >= 0.033) & BUN >= 0.321)
",-5775773583398478.000,-0.321,0.000,1.000,0.000,1,0,0,12,13,0,1,12,0.07692307692307693,0.0,0.0,1.0,0.07692307692307693,0.9230769230769231
"G[0,0](BUN >= 0.658 | Chloride >= 7.198)
",-0.804,-0.484,0.000,1.000,0.000,1,0,0,12,13,0,1,12,0.07692307692307693,0.0,0.0,1.0,0.07692307692307693,0.9230769230769231
"G[0,0](Hgb >= 0.107 | Creatinine >= 0.027)
",0.288,8.050,0.000,1.000,0.000,1,0,0,12,13,0,1,12,0.07692307692307693,0.0,0.0,1.0,0.07692307692307693,0.9230769230769231
"G[0,1](((SBP <= 140.310 | PaCO2 <= 0.000) -> HCO3 <= 0.000) & SBP <= 0.000)
",9999999.000,9999999.000,0.000,1.000,0.000,1,0,0,12,13,0,1,12,0.07692307692307693,0.0,0.0,1.0,0.07692307692307693,0.9230769230769231
"G[1,1]((DBP >= 0.000 | Creatinine >= 0.062) -> Phosphate >= 0.032)
",0.000,0.000,0.000,1.000,0.000,1,0,0,12,13,0,1,12,0.07692307692307693,0.0,0.0,1.0,0.07692307692307693,0.9230769230769231
"G[2,2](((Bilirubin_total <= 0.000 & Hct <= 10.148) | Hct <= 27.938) | Phosphate >= 0.610)
",7863739307299941.000,27.938,0.000,1.000,0.000,0,0,13,0,0,13,13,0,0.0,0.0,1.0,0.0,0.0,1.0
"G[0,2]((Calcium <= 8.723 & Fibrinogen <= 0.000) -> AST <= 0.000)
",9999999.000,9999999.000,0.000,1.000,0.000,0,0,13,0,0,13,13,0,0.0,0.0,1.0,0.0,0.0,1.0
"G[1,2]((EtCO2 <= 0.000 | BUN <= 15.783) & Potassium <= 4.279)
",9999999.000,9999999.000,0.000,1.000,0.000,0,0,13,0,0,13,13,0,0.0,0.0,1.0,0.0,0.0,1.0
"G[1,2](((Potassium >= 0.021 & HR >= 16.547) & Resp <= 104.123) | DBP >= 22.044)
",9999999.000,9999999.000,0.000,1.000,0.000,0,0,1,12,12,1,1,12,0.0,0.0,1.0,0.0,0.0,1.0
"G[0,2]((SepsisLabel <= 0.000 -> EtCO2 >= 0.000) & SaO2 >= 0.000)
",9999999.000,9999999.000,0.000,1.000,0.000,0,0,13,0,0,13,13,0,0.0,0.0,1.0,0.0,0.0,1.0
"G[2,2](SaO2 <= 0.000 & Hgb >= 0.520)
",-2340505910796985.000,-0.520,0.000,1.000,0.000,0,0,13,0,0,13,13,0,0.0,0.0,1.0,0.0,0.0,1.0
"G[1,2](((BUN >= 0.510 & Lactate >= 0.000) | MAP >= 0.000) -> Chloride <= 0.000)
",9999999.000,9999999.000,0.000,1.000,0.000,0,0,12,1,1,12,12,1,0.0,0.0,1.0,0.0,0.0,1.0
"G[1,2]((Magnesium >= 0.047 & Hct <= 27.900) | Calcium >= 2.078)
",9999999.000,9999999.000,0.000,1.000,0.000,0,0,1,12,12,1,1,12,0.0,0.0,1.0,0.0,0.0,1.0
"G[2,2](TroponinI <= 0.000 & Glucose <= 55.920)
",0.000,0.000,0.000,1.000,0.000,0,0,13,0,0,13,13,0,0.0,0.0,1.0,0.0,0.0,1.0
"G[1,2]((MAP >= 18.134 -> AST >= 0.000) & Creatinine <= 0.000)
",9999999.000,9999999.000,0.000,1.000,0.000,0,0,12,1,1,12,12,1,0.0,0.0,1.0,0.0,0.0,1.0
"G[1,2]((WBC >= 0.607 & FiO2 >= 0.000) & Chloride >= 0.000)
",9999999.000,9999999.000,0.000,1.000,0.000,0,0,1,12,12,1,1,12,0.0,0.0,1.0,0.0,0.0,1.0
"G[0,2]((Alkalinephos >= 0.000 | PTT <= 17.978) | Bilirubin_direct <= 15.434)
",9999999.000,9999999.000,0.000,1.000,0.000,0,0,13,0,0,13,13,0,0.0,0.0,1.0,0.0,0.0,1.0
"G[0,2](((Temp >= 2.253 -> HR >= 59.157) -> Potassium >= 64.749) | Platelets >= 39.906)
",9999999.000,9999999.000,0.000,1.000,0.000,0,0,0,13,13,0,0,13,0.0,0.0,0.0,0.0,0.0,1.0
"G[0,1]((SBP <= 146.451 -> Creatinine >= 0.007) & TroponinI >= 0.026)
",9999999.000,9999999.000,0.000,1.000,0.000,0,0,0,13,13,0,0,13,0.0,0.0,0.0,0.0,0.0,1.0
"G[0,2](((O2Sat >= 5.209 -> TroponinI >= 0.000) & AST >= 0.000) | Alkalinephos <= 0.000)
",9999999.000,9999999.000,0.000,1.000,0.000,0,0,13,0,0,13,13,0,0.0,0.0,1.0,0.0,0.0,1.0
"G[1,1]((EtCO2 >= 0.000 & Platelets <= 152.082) & Magnesium >= 3.659)
",-4120197994838119.500,-3.659,0.000,1.000,0.000,0,0,0,13,13,0,0,13,0.0,0.0,0.0,0.0,0.0,1.0
"G[0,2](((Hgb >= 0.706 & Potassium >= 0.009) -> Hct >= 0.106) -> Fibrinogen <= 3.711)
",9999999.000,9999999.000,0.000,1.000,0.000,0,0,13,0,0,13,13,0,0.0,0.0,1.0,0.0,0.0,1.0
"G[1,2]((EtCO2 >= 0.000 -> FiO2 <= 0.000) -> Resp <= 0.000)
",9999999.000,9999999.000,0.000,1.000,0.000,0,0,2,11,11,2,2,11,0.0,0.0,1.0,0.0,0.0,1.0
"G[2,2]((Chloride <= 80.632 -> Hct >= 2.572) | Temp <= 36.677)
",2580911045308455.000,36.677,0.000,1.000,0.000,0,0,13,0,0,13,13,0,0.0,0.0,1.0,0.0,0.0,1.0
"G[2,2]((Temp >= 7.423 & HCO3 <= 20.377) | SBP <= 24.940)
",7020025995998095.000,24.940,0.000,1.000,0.000,0,0,13,0,0,13,13,0,0.0,0.0,1.0,0.0,0.0,1.0
"G[0,2](((Resp <= 33.615 & BUN <= 4.833) & pH >= 0.345) | EtCO2 >= 0.844)
",9999999.000,9999999.000,0.000,1.000,0.000,0,0,0,13,13,0,0,13,0.0,0.0,0.0,0.0,0.0,1.0
"G[0,2](((Chloride >= 7.691 | Potassium >= 0.093) | Phosphate >= 0.080) -> Lactate >= 0.004)
",9999999.000,9999999.000,0.000,1.000,0.000,0,0,11,2,2,11,11,2,0.0,0.0,1.0,0.0,0.0,1.0
"G[1,2](((PTT >= 1.695 & Bilirubin_direct <= 0.000) | Creatinine <= 0.000) -> HR >= 0.000)
",9999999.000,9999999.000,0.000,1.000,0.000,0,0,13,0,0,13,13,0,0.0,0.0,1.0,0.0,0.0,1.0
"G[2,2]((MAP >= 27.010 & Potassium >= 0.243) | PaCO2 >= 0.173)
",-0.173,-0.173,0.000,1.000,0.000,0,0,13,0,0,13,13,0,0.0,0.0,1.0,0.0,0.0,1.0
"G[2,2](((SepsisLabel <= 0.000 & HCO3 <= 2.780) & Resp >= 0.883) -> BUN <= 14.450)
",-4067397962568858.500,-14.450,0.000,1.000,0.000,0,0,13,0,0,13,13,0,0.0,0.0,1.0,0.0,0.0,1.0
"G[1,2](((FiO2 >= 0.000 -> pH <= 0.000) | Hct >= 0.000) | Potassium <= 0.000)
",9999999.000,9999999.000,0.000,1.000,0.000,0,0,13,0,0,13,13,0,0.0,0.0,1.0,0.0,0.0,1.0
"G[0,1]((DBP <= 0.000 | Chloride <= 102.393) & SaO2 >= 2.783)
",9999999.000,9999999.000,0.000,1.000,0.000,0,0,0,13,13,0,0,13,0.0,0.0,0.0,0.0,0.0,1.0
"G[1,2](((Bilirubin_direct <= 0.000 & Creatinine <= 0.551) & Alkalinephos <= 0.587) -> WBC >= 0.041)
",9999999.000,9999999.000,0.000,1.000,0.000,0,0,1,12,12,1,1,12,0.0,0.0,1.0,0.0,0.0,1.0
"G[0,2](((Magnesium <= 1.049 & Phosphate >= 0.125) | Resp >= 0.120) | Alkalinephos <= 1.103)
",9999999.000,9999999.000,0.000,1.000,0.000,0,0,13,0,0,13,13,0,0.0,0.0,1.0,0.0,0.0,1.0
"G[2,2]((Resp >= 5.317 & Resp >= 11.221) & EtCO2 <= 27.813)
",-6316883752665663.000,-11.221,0.000,1.000,0.000,0,0,13,0,0,13,13,0,0.0,0.0,1.0,0.0,0.0,1.0
"G[1,2](((PaCO2 >= 0.000 -> O2Sat >= 71.751) | O2Sat <= 87.970) | SepsisLabel >= 43.721)
",9999999.000,9999999.000,0.000,1.000,0.000,0,0,13,0,0,13,13,0,0.0,0.0,1.0,0.0,0.0,1.0
"G[0,2]((Phosphate >= 0.062 | DBP >= 0.000) | BaseExcess >= 0.000)
",9999999.000,9999999.000,0.000,1.000,0.000,0,0,13,0,0,13,13,0,0.0,0.0,1.0,0.0,0.0,1.0
"G[2,2](((Bilirubin_direct <= 0.000 -> Hgb <= 8.338) -> Resp <= 2.938) & Platelets <= 9.471)
",-2.938,-2.938,0.000,1.000,0.000,0,0,13,0,0,13,13,0,0.0,0.0,1.0,0.0,0.0,1.0
"G[1,2](SaO2 <= 0.000 | WBC <= 21.105)
",9999999.000,9999999.000,0.000,1.000,0.000,0,0,13,0,0,13,13,0,0.0,0.0,1.0,0.0,0.0,1.0
"G[0,2](((BUN <= 1.765 -> DBP <= 0.000) & Bilirubin_total >= 0.000) -> BUN <= 0.000)
",9999999.000,9999999.000,0.000,1.000,0.000,0,0,11,2,2,11,11,2,0.0,0.0,1.0,0.0,0.0,1.0
"G[2,2](((HR >= 6.667 | FiO2 <= 0.000) | Resp <= 0.000) | Phosphate <= 0.000)
",0.000,0.000,0.000,1.000,0.000,0,0,13,0,0,13,13,0,0.0,0.0,1.0,0.0,0.0,1.0
"G[1,2](((Bilirubin_direct >= 0.000 | Bilirubin_total <= 0.000) -> BUN <= 0.000) | TroponinI >= 0.000)
",9999999.000,9999999.000,0.000,1.000,0.000,0,0,13,0,0,13,13,0,0.0,0.0,1.0,0.0,0.0,1.0
"G[1,2](BaseExcess >= 0.000 | Magnesium <= 1.523)
",9999999.000,9999999.000,0.000,1.000,0.000,0,0,13,0,0,13,13,0,0.0,0.0,1.0,0.0,0.0,1.0
"G[2,2](((O2Sat <= 91.285 | BUN >= 1.174) & HR <= 15.291) & Lactate <= 15.865)
",8608016518318241.000,15.291,0.000,1.000,0.000,0,0,13,0,0,13,13,0,0.0,0.0,1.0,0.0,0.0,1.0
"G[1,2](((Bilirubin_total <= 0.000 | EtCO2 >= 0.000) -> Chloride >= 0.000) | Hgb >= 0.000)
",9999999.000,9999999.000,0.000,1.000,0.000,0,0,13,0,0,13,13,0,0.0,0.0,1.0,0.0,0.0,1.0
"G[1,2](Hct <= 13.102 | Bilirubin_total >= 0.000)
",9999999.000,9999999.000,0.000,1.000,0.000,0,0,13,0,0,13,13,0,0.0,0.0,1.0,0.0,0.0,1.0
"G[0,2](EtCO2 <= 0.000 | Temp >= 6.583)
",9999999.000,9999999.000,0.000,1.000,0.000,0,0,13,0,0,13,13,0,0.0,0.0,1.0,0.0,0.0,1.0
"G[2,2](((SepsisLabel <= 0.000 -> HCO3 <= 6.886) -> Fibrinogen >= 1.338) & TroponinI >= 0.486)
",-8748996337487375.000,-0.486,0.000,1.000,0.000,0,0,13,0,0,13,13,0,0.0,0.0,1.0,0.0,0.0,1.0
"G[0,2]((SBP <= 112.899 | MAP >= 2.209) -> Bilirubin_total >= 7.759)
",9999999.000,9999999.000,0.000,1.000,0.000,0,0,0,13,13,0,0,13,0.0,0.0,0.0,0.0,0.0,1.0
"G[0,2](((HCO3 >= 1.157 | PTT <= 26.634) & AST <= 13.246) -> HCO3 <= 13.566)
",9999999.000,9999999.000,0.000,1.000,0.000,0,0,11,2,2,11,11,2,0.0,0.0,1.0,0.0,0.0,1.0
"G[0,2](MAP <= 87.212 -> Resp <= 26.261)
",9999999.000,9999999.000,0.000,1.000,0.000,0,0,4,9,9,4,4,9,0.0,0.0,1.0,0.0,0.0,1.0
"G[0,2]((EtCO2 <= 0.000 -> TroponinI >= 0.000) -> BUN <= 0.000)
",9999999.000,9999999.000,0.000,1.000,0.000,0,0,11,2,2,11,11,2,0.0,0.0,1.0,0.0,0.0,1.0
"G[1,2](((Temp <= 37.309 & O2Sat <= 84.151) & Fibrinogen >= 37.581) -> PTT <= 85.807)
",9999999.000,9999999.000,0.000,1.000,0.000,0,0,13,0,0,13,13,0,0.0,0.0,1.0,0.0,0.0,1.0
"G[1,2](((Phosphate >= 0.117 -> Bilirubin_total <= 0.000) | Chloride <= 0.000) | AST <= 0.000)
",9999999.000,9999999.000,0.000,1.000,0.000,0,0,13,0,0,13,13,0,0.0,0.0,1.0,0.0,0.0,1.0
"G[0,2](((Alkalinephos >= 0.000 & Hct <= 26.923) -> O2Sat >= 1.038) & FiO2 <= 36.931)
",9999999.000,9999999.000,0.000,1.000,0.000,0,0,10,3,3,10,10,3,0.0,0.0,1.0,0.0,0.0,1.0
"G[1,2]((SepsisLabel >= 0.000 & Bilirubin_direct >= 0.000) | Alkalinephos >= 0.000)
",9999999.000,9999999.000,0.000,1.000,0.000,0,0,13,0,0,13,13,0,0.0,0.0,1.0,0.0,0.0,1.0
"G[0,2](((Bilirubin_total >= 0.000 -> O2Sat <= 81.945) & Bilirubin_direct <= 95.192) | PaCO2 >= 30.636)
",9999999.000,9999999.000,0.000,1.000,0.000,0,0,1,12,12,1,1,12,0.0,0.0,1.0,0.0,0.0,1.0
"G[1,2]((HR >= 12.636 & SepsisLabel >= 0.000) & HCO3 <= 0.000)
",9999999.000,9999999.000,0.000,1.000,0.000,0,0,11,2,2,11,11,2,0.0,0.0,1.0,0.0,0.0,1.0
"G[1,2]((FiO2 >= 0.000 & Glucose >= 6.655) & EtCO2 >= 14.629)
",9999999.000,9999999.000,0.000,1.000,0.000,0,0,0,13,13,0,0,13,0.0,0.0,0.0,0.0,0.0,1.0
"G[1,2](BUN <= 8.219 & DBP <= 0.000)
",9999999.000,9999999.000,0.000,1.000,0.000,0,0,12,1,1,12,12,1,0.0,0.0,1.0,0.0,0.0,1.0
"G[2,2](HR <= 97.644 -> TroponinI <= 0.000)
",-6871062495673386.000,-97.644,0.000,1.000,0.000,0,0,13,0,0,13,13,0,0.0,0.0,1.0,0.0,0.0,1.0
"G[1,1]((AST <= 0.000 | Calcium >= 0.138) & Temp >= 0.266)
",-2400171587205519.000,-0.266,0.000,1.000,0.000,0,0,0,13,13,0,0,13,0.0,0.0,0.0,0.0,0.0,1.0
"G[2,2](((Resp >= 10.738 -> MAP <= 99.192) -> Fibrinogen <= 69.807) & DBP <= 89.193)
",-2456122358870657.000,-69.807,0.000,1.000,0.000,0,0,13,0,0,13,13,0,0.0,0.0,1.0,0.0,0.0,1.0
"G[0,2](((Resp <= 31.721 -> SBP >= 32.898) -> FiO2 <= 114.033) & FiO2 <= 134.803)
",9999999.000,9999999.000,0.000,1.000,0.000,0,0,13,0,0,13,13,0,0.0,0.0,1.0,0.0,0.0,1.0
"G[2,2](Fibrinogen >= 0.000 | Creatinine >= 0.056)
",0.000,0.000,0.000,1.000,0.000,0,0,13,0,0,13,13,0,0.0,0.0,1.0,0.0,0.0,1.0
"G[0,2](((Lactate <= 0.000 | AST <= 0.000) -> HCO3 <= 0.000) | Resp <= 0.000)
",9999999.000,9999999.000,0.000,1.000,0.000,0,0,11,2,2,11,11,2,0.0,0.0,1.0,0.0,0.0,1.0
"G[0,2](Magnesium >= 0.014 | Calcium <= 5.391)
",9999999.000,9999999.000,0.000,1.000,0.000,0,0,13,0,0,13,13,0,0.0,0.0,1.0,0.0,0.0,1.0
"G[0,2](((WBC <= 16.106 | BUN >= 0.844) -> Resp >= 0.846) & Hct <= 6.783)
",9999999.000,9999999.000,0.000,1.000,0.000,0,0,9,4,4,9,9,4,0.0,0.0,1.0,0.0,0.0,1.0
"G[0,2](SBP >= 33.261 -> AST >= 0.000)
",9999999.000,9999999.000,0.000,1.000,0.000,0,0,13,0,0,13,13,0,0.0,0.0,1.0,0.0,0.0,1.0
"G[1,2]((AST <= 0.000 | Creatinine <= 0.269) -> Lactate >= 0.014)
",9999999.000,9999999.000,0.000,1.000,0.000,0,0,0,13,13,0,0,13,0.0,0.0,0.0,0.0,0.0,1.0
"G[0,2](Glucose <= 230.614 & PTT >= 2.317)
",9999999.000,9999999.000,0.000,1.000,0.000,0,0,0,13,13,0,0,13,0.0,0.0,0.0,0.0,0.0,1.0
"G[1,2]((Magnesium <= 0.659 | Potassium <= 0.898) | Hct >= 0.087)
",9999999.000,9999999.000,0.000,1.000,0.000,0,0,13,0,0,13,13,0,0.0,0.0,1.0,0.0,0.0,1.0
"G[1,2](((Platelets >= 11.439 | Creatinine >= 0.011) -> Magnesium <= 0.870) | WBC >= 0.041)
",9999999.000,9999999.000,0.000,1.000,0.000,0,0,13,0,0,13,13,0,0.0,0.0,1.0,0.0,0.0,1.0
"G[1,2](Alkalinephos <= 0.000 & Phosphate <= 1.359)
",9999999.000,9999999.000,0.000,1.000,0.000,0,0,12,1,1,12,12,1,0.0,0.0,1.0,0.0,0.0,1.0
"G[1,2]((SaO2 >= 0.000 | O2Sat <= 84.970) | SepsisLabel <= 87.783)
",9999999.000,9999999.000,0.000,1.000,0.000,0,0,13,0,0,13,13,0,0.0,0.0,1.0,0.0,0.0,1.0
"G[0,2]((Magnesium <= 1.076 | Phosphate <= 1.683) -> Resp <= 1.324)
",9999999.000,9999999.000,0.000,1.000,0.000,0,0,2,11,11,2,2,11,0.0,0.0,1.0,0.0,0.0,1.0
"G[1,2]((Calcium >= 0.035 | SaO2 >= 0.000) | Magnesium <= 0.000)
",9999999.000,9999999.000,0.000,1.000,0.000,0,0,13,0,0,13,13,0,0.0,0.0,1.0,0.0,0.0,1.0
"G[0,2]((Platelets <= 282.570 & SaO2 >= 0.000) | Temp <= 0.000)
",9999999.000,9999999.000,0.000,1.000,0.000,0,0,13,0,0,13,13,0,0.0,0.0,1.0,0.0,0.0,1.0
"G[1,2](((PaCO2 >= 0.000 & PaCO2 <= 0.000) -> SepsisLabel <= 0.000) | Lactate <= 0.000)
",9999999.000,9999999.000,0.000,1.000,0.000,0,0,13,0,0,13,13,0,0.0,0.0,1.0,0.0,0.0,1.0
"G[0,2](((Platelets >= 8.029 | Bilirubin_total <= 0.000) | EtCO2 >= 0.000) | BUN >= 0.000)
",9999999.000,9999999.000,0.000,1.000,0.000,0,0,13,0,0,13,13,0,0.0,0.0,1.0,0.0,0.0,1.0
"G[0,2]((SepsisLabel >= 0.000 & EtCO2 <= 0.000) | Platelets <= 0.000)
",9999999.000,9999999.000,0.000,1.000,0.000,0,0,13,0,0,13,13,0,0.0,0.0,1.0,0.0,0.0,1.0
"G[0,2](((SepsisLabel <= 0.000 | PTT >= 1.595) & Platelets <= 28.444) & Alkalinephos <= 12.570)
",9999999.000,9999999.000,0.000,1.000,0.000,0,0,11,2,2,11,11,2,0.0,0.0,1.0,0.0,0.0,1.0
"G[0,2]((WBC <= 8.121 & Chloride <= 31.519) | Phosphate >= 0.090)
",9999999.000,9999999.000,0.000,1.000,0.000,0,0,13,0,0,13,13,0,0.0,0.0,1.0,0.0,0.0,1.0
"G[0,2]((Temp <= 22.491 | Phosphate <= 2.166) -> BaseExcess >= 0.023)
",9999999.000,9999999.000,0.000,1.000,0.000,0,0,0,13,13,0,0,13,0.0,0.0,0.0,0.0,0.0,1.0
"G[2,2](Chloride >= 1.143 & HCO3 >= 1.747)
",-3934766027946970.500,-1.747,0.000,1.000,0.000,0,0,13,0,0,13,13,0,0.0,0.0,1.0,0.0,0.0,1.0
"G[2,2](Resp >= 13.212 | PTT <= 32.632)
",32.632,32.632,0.000,1.000,0.000,0,0,13,0,0,13,13,0,0.0,0.0,1.0,0.0,0.0,1.0
"G[0,2](SepsisLabel < 0.000 -> SepsisLabel = 0.000)
",9999999.000,9999999.000,0.000,1.000,0.000,0,0,13,0,0,13,13,0,0.0,0.0,1.0,0.0,0.0,1.0
"G[2,2](Platelets <= 89.446 -> WBC >= 0.391)
",-6294215755626161.000,-89.446,0.000,1.000,0.000,0,0,13,0,0,13,13,0,0.0,0.0,1.0,0.0,0.0,1.0
"G[1,2](((Hgb <= 12.277 | Hct <= 7.268) -> WBC >= 0.744) & Platelets >= 1.049)
",9999999.000,9999999.000,0.000,1.000,0.000,0,0,1,12,12,1,1,12,0.0,0.0,1.0,0.0,0.0,1.0
"G[0,1](BUN <= 8.912 & Creatinine >= 0.007)
",9999999.000,9999999.000,0.000,1.000,0.000,0,0,0,13,13,0,0,13,0.0,0.0,0.0,0.0,0.0,1.0
"G[0,2](EtCO2 >= 0.000 & SepsisLabel = 0.000)
",9999999.000,9999999.000,0.000,1.000,0.000,0,0,13,0,0,13,13,0,0.0,0.0,1.0,0.0,0.0,1.0
"G[1,2](SepsisLabel > 0.000 & SepsisLabel = 0.000)
",9999999.000,9999999.000,0.000,1.000,0.000,0,0,0,13,13,0,0,13,0.0,0.0,0.0,0.0,0.0,1.0
"G[2,2](WBC < 3.964 & SepsisLabel = 0.000)
",0.000,0.000,0.000,1.000,0.000,0,0,13,0,0,13,13,0,0.0,0.0,1.0,0.0,0.0,1.0
"G[0,2](DBP > 0.000 & SepsisLabel = 0.000)
",9999999.000,9999999.000,0.000,1.000,0.000,0,0,0,13,13,0,0,13,0.0,0.0,0.0,0.0,0.0,1.0
"G[0,2](Chloride >= 7.569 -> SepsisLabel = 0.000)
",9999999.000,9999999.000,0.000,1.000,0.000,0,0,13,0,0,13,13,0,0.0,0.0,1.0,0.0,0.0,1.0
"G[0,2](Bilirubin_direct <= 0.000 -> SepsisLabel = 0.000)
",9999999.000,9999999.000,0.000,1.000,0.000,0,0,13,0,0,13,13,0,0.0,0.0,1.0,0.0,0.0,1.0
"G[2,2](Temp < 22.161 -> SepsisLabel = 0.000)
",-3118902030317857.000,-22.161,0.000,1.000,0.000,0,0,13,0,0,13,13,0,0.0,0.0,1.0,0.0,0.0,1.0
"G[2,2](Fibrinogen <= 0.000 & SepsisLabel = 0.000)
",0.000,0.000,0.000,1.000,0.000,0,0,13,0,0,13,13,0,0.0,0.0,1.0,0.0,0.0,1.0
"G[2,2](Phosphate >= 0.132 -> SepsisLabel = 0.000)
",0.000,0.000,0.000,1.000,0.000,0,0,13,0,0,13,13,0,0.0,0.0,1.0,0.0,0.0,1.0
"G[0,1](PaCO2 > 0.000 & SepsisLabel = 0.000)
",9999999.000,9999999.000,0.000,1.000,0.000,0,0,0,13,13,0,0,13,0.0,0.0,0.0,0.0,0.0,1.0
"G[0,1](Potassium > 0.183 & SepsisLabel = 0.000)
",9999999.000,9999999.000,0.000,1.000,0.000,0,0,0,13,13,0,0,13,0.0,0.0,0.0,0.0,0.0,1.0
"G[0,2](BUN <= 6.897 & Creatinine >= 0.008)
",9999999.000,9999999.000,0.000,1.000,0.000,0,0,0,13,13,0,0,13,0.0,0.0,0.0,0.0,0.0,1.0
"G[2,2]((Platelets <= 199.240 & PTT >= 2.139) | EtCO2 <= 17.500)
",4925795424551470.000,17.500,0.000,1.000,0.000,0,0,13,0,0,13,13,0,0.0,0.0,1.0,0.0,0.0,1.0
"G[2,2](Potassium <= 3.137 -> PTT <= 20.627)
",-20.627,-20.627,0.000,1.000,0.000,0,0,13,0,0,13,13,0,0.0,0.0,1.0,0.0,0.0,1.0
"G[0,2]((BUN <= 4.392 -> Phosphate >= 0.095) -> SBP <= 2.120)
",9999999.000,9999999.000,0.000,1.000,0.000,0,0,12,1,1,12,12,1,0.0,0.0,1.0,0.0,0.0,1.0
"G[0,1](Hgb >= 0.791 | PTT >= 1.179)
",9999999.000,9999999.000,0.000,1.000,0.000,0,0,0,13,13,0,0,13,0.0,0.0,0.0,0.0,0.0,1.0
"G[0,2](((Hgb >= 0.619 -> Platelets >= 9.177) -> pH >= 19.163) & Calcium <= 263.096)
",9999999.000,9999999.000,0.000,1.000,0.000,0,0,0,13,13,0,0,13,0.0,0.0,0.0,0.0,0.0,1.0
"G[1,2](((Chloride >= 0.271 & Hct <= 34.942) -> Calcium >= 0.164) | BUN <= 37.279)
",9999999.000,9999999.000,0.000,1.000,0.000,0,0,13,0,0,13,13,0,0.0,0.0,1.0,0.0,0.0,1.0
"G[1,2]((Hct >= 0.659 -> PTT <= 25.045) | HCO3 <= 3.087)
",9999999.000,9999999.000,0.000,1.000,0.000,0,0,12,1,1,12,12,1,0.0,0.0,1.0,0.0,0.0,1.0
"G[0,1](Chloride <= 90.962 -> Hgb >= 0.641)
",9999999.000,9999999.000,0.000,1.000,0.000,0,0,0,13,13,0,0,13,0.0,0.0,0.0,0.0,0.0,1.0
"G[0,2](((Phosphate >= 0.131 | PTT >= 0.620) | Hct >= 1.194) & Alkalinephos >= 1.517)
",9999999.000,9999999.000,0.000,1.000,0.000,0,0,0,13,13,0,0,13,0.0,0.0,0.0,0.0,0.0,1.0
"G[0,2]((Hct <= 27.512 -> Potassium >= 0.207) & SaO2 >= 0.080)
",9999999.000,9999999.000,0.000,1.000,0.000,0,0,0,13,13,0,0,13,0.0,0.0,0.0,0.0,0.0,1.0
"G[1,2]((BUN <= 7.833 | Platelets >= 22.429) | DBP >= 20.023)
",9999999.000,9999999.000,0.000,1.000,0.000,0,0,13,0,0,13,13,0,0.0,0.0,1.0,0.0,0.0,1.0
"G[2,2]((BUN >= 0.195 | PTT >= 0.892) & FiO2 <= 20.498)
",-7031890844903782.000,-0.195,0.000,1.000,0.000,0,0,13,0,0,13,13,0,0.0,0.0,1.0,0.0,0.0,1.0
"G[1,2]((Chloride >= 4.215 -> PTT <= 30.893) -> WBC <= 29.228)
",9999999.000,9999999.000,0.000,1.000,0.000,0,0,13,0,0,13,13,0,0.0,0.0,1.0,0.0,0.0,1.0
"G[0,2](Chloride >= 3.776 & HCO3 >= 1.733)
",9999999.000,9999999.000,0.000,1.000,0.000,0,0,0,13,13,0,0,13,0.0,0.0,0.0,0.0,0.0,1.0
"G[0,2](((Hgb <= 12.586 | Hct <= 25.090) -> WBC >= 0.126) & Platelets >= 13.141)
",9999999.000,9999999.000,0.000,1.000,0.000,0,0,0,13,13,0,0,13,0.0,0.0,0.0,0.0,0.0,1.0
"G[1,2](Creatinine <= 0.507 -> HCO3 <= 19.730)
",9999999.000,9999999.000,0.000,1.000,0.000,0,0,13,0,0,13,13,0,0.0,0.0,1.0,0.0,0.0,1.0
"G[1,2](Platelets <= 253.619 -> WBC >= 0.050)
",9999999.000,9999999.000,0.000,1.000,0.000,0,0,1,12,12,1,1,12,0.0,0.0,1.0,0.0,0.0,1.0
"G[1,1](BUN <= 18.084 & Creatinine >= 0.005)
",-0.005,-0.005,0.000,1.000,0.000,0,0,0,13,13,0,0,13,0.0,0.0,0.0,0.0,0.0,1.0
"G[1,2](Chloride >= 0.104 & HCO3 >= 1.839)
",9999999.000,9999999.000,0.000,1.000,0.000,0,0,1,12,12,1,1,12,0.0,0.0,1.0,0.0,0.0,1.0
"G[2,2](((Hgb <= 8.822 | Hct <= 23.403) -> WBC >= 1.453) & Platelets >= 22.447)
",-6587452863631983.000,-23.403,0.000,1.000,0.000,0,0,13,0,0,13,13,0,0.0,0.0,1.0,0.0,0.0,1.0
"G[2,2](BUN <= 7.687 & Creatinine >= 0.029)
",-0.029,-0.029,0.000,1.000,0.000,0,0,13,0,0,13,13,0,0.0,0.0,1.0,0.0,0.0,1.0
"G[1,2](Chloride >= 2.860 & HCO3 >= 0.021)
",9999999.000,9999999.000,0.000,1.000,0.000,0,0,1,12,12,1,1,12,0.0,0.0,1.0,0.0,0.0,1.0
"G[0,1](Platelets <= 154.983 -> WBC >= 1.141)
",9999999.000,9999999.000,0.000,1.000,0.000,0,0,0,13,13,0,0,13,0.0,0.0,0.0,0.0,0.0,1.0
"G[1,2](((Hgb <= 8.835 | Hct <= 24.004) -> WBC >= 1.163) & Platelets >= 17.054)
",9999999.000,9999999.000,0.000,1.000,0.000,0,0,1,12,12,1,1,12,0.0,0.0,1.0,0.0,0.0,1.0
"G[1,2](BUN <= 17.492 & Creatinine >= 0.065)
",9999999.000,9999999.000,0.000,1.000,0.000,0,0,0,13,13,0,0,13,0.0,0.0,0.0,0.0,0.0,1.0
"G[0,1](Chloride >= 0.779 & HCO3 >= 0.776)
",9999999.000,9999999.000,0.000,1.000,0.000,0,0,0,13,13,0,0,13,0.0,0.0,0.0,0.0,0.0,1.0
"G[0,1](Platelets <= 251.139 -> WBC >= 0.823)
",9999999.000,9999999.000,0.000,1.000,0.000,0,0,0,13,13,0,0,13,0.0,0.0,0.0,0.0,0.0,1.0
"G[0,1](((Hgb <= 1.870 | Hct <= 13.125) -> WBC >= 0.836) & Platelets >= 6.532)
",9999999.000,9999999.000,0.000,1.000,0.000,0,0,0,13,13,0,0,13,0.0,0.0,0.0,0.0,0.0,1.0
"G[0,0](BUN <= 14.839 & Creatinine >= 0.057)
",0.274,1.089,0.000,1.000,0.000,0,0,0,13,13,0,0,13,0.0,0.0,0.0,0.0,0.0,1.0
"G[0,2](Chloride >= 3.863 & HCO3 >= 0.197)
",9999999.000,9999999.000,0.000,1.000,0.000,0,0,0,13,13,0,0,13,0.0,0.0,0.0,0.0,0.0,1.0
"G[0,2](((Hgb <= 4.105 | Hct <= 25.324) -> WBC >= 1.194) & Platelets >= 22.884)
",9999999.000,9999999.000,0.000,1.000,0.000,0,0,0,13,13,0,0,13,0.0,0.0,0.0,0.0,0.0,1.0
"G[0,2](Platelets <= 152.090 -> WBC >= 1.374)
",9999999.000,9999999.000,0.000,1.000,0.000,0,0,0,13,13,0,0,13,0.0,0.0,0.0,0.0,0.0,1.0
"G[2,2](BUN <= 4.443 & Creatinine >= 0.007)
",-4177396761537815.500,-0.007,0.000,1.000,0.000,0,0,13,0,0,13,13,0,0.0,0.0,1.0,0.0,0.0,1.0
"G[0,1](Chloride >= 7.866 & HCO3 >= 1.251)
",9999999.000,9999999.000,0.000,1.000,0.000,0,0,0,13,13,0,0,13,0.0,0.0,0.0,0.0,0.0,1.0
"G[0,2](((Hgb <= 8.694 | Hct <= 25.418) -> WBC >= 1.298) & Platelets >= 3.244)
",9999999.000,9999999.000,0.000,1.000,0.000,0,0,0,13,13,0,0,13,0.0,0.0,0.0,0.0,0.0,1.0
"G[1,2](BUN <= 10.765 & Creatinine >= 0.036)
",9999999.000,9999999.000,0.000,1.000,0.000,0,0,0,13,13,0,0,13,0.0,0.0,0.0,0.0,0.0,1.0
"G[1,2](Chloride >= 2.552 & HCO3 >= 0.260)
",9999999.000,9999999.000,0.000,1.000,0.000,0,0,1,12,12,1,1,12,0.0,0.0,1.0,0.0,0.0,1.0
"G[1,2](Platelets <= 53.855 -> WBC >= 1.268)
",9999999.000,9999999.000,0.000,1.000,0.000,0,0,1,12,12,1,1,12,0.0,0.0,1.0,0.0,0.0,1.0
"G[0,2](((Hgb <= 1.531 | Hct <= 3.150) -> WBC >= 0.549) & Platelets >= 4.902)
",9999999.000,9999999.000,0.000,1.000,0.000,0,0,0,13,13,0,0,13,0.0,0.0,0.0,0.0,0.0,1.0
"G[0,0](BUN <= 4.872 & Creatinine >= 0.061)
",0.242,0.319,0.000,1.000,0.000,0,0,0,13,13,0,0,13,0.0,0.0,0.0,0.0,0.0,1.0
"G[0,2](Chloride >= 5.864 & HCO3 >= 1.455)
",9999999.000,9999999.000,0.000,1.000,0.000,0,0,0,13,13,0,0,13,0.0,0.0,0.0,0.0,0.0,1.0
"G[2,2](Platelets <= 195.273 -> WBC >= 0.977)
",-6870575469911370.000,-195.273,0.000,1.000,0.000,0,0,13,0,0,13,13,0,0.0,0.0,1.0,0.0,0.0,1.0
"G[1,2](((Hgb <= 8.933 | Hct <= 22.079) -> WBC >= 0.564) & Platelets >= 13.768)
",9999999.000,9999999.000,0.000,1.000,0.000,0,0,1,12,12,1,1,12,0.0,0.0,1.0,0.0,0.0,1.0
"G[0,2](BUN <= 2.018 & Creatinine >= 0.065)
",9999999.000,9999999.000,0.000,1.000,0.000,0,0,0,13,13,0,0,13,0.0,0.0,0.0,0.0,0.0,1.0
"G[1,2](Chloride >= 5.788 & HCO3 >= 1.887)
",9999999.000,9999999.000,0.000,1.000,0.000,0,0,1,12,12,1,1,12,0.0,0.0,1.0,0.0,0.0,1.0
"G[1,2]((Hgb <= 5.351 & Phosphate >= 0.035) & Calcium >= 0.141)
",9999999.000,9999999.000,0.000,1.000,0.000,0,0,0,13,13,0,0,13,0.0,0.0,0.0,0.0,0.0,1.0
"G[0,1](((Chloride >= 7.866 -> Potassium >= 0.115) | TroponinI <= 2.005) & Hgb >= 0.128)
",9999999.000,9999999.000,0.000,1.000,0.000,0,0,0,13,13,0,0,13,0.0,0.0,0.0,0.0,0.0,1.0
"G[2,2](BUN >= 0.830 -> HCO3 >= 0.974)
",7476501622175541.000,0.830,0.000,1.000,0.000,0,0,13,0,0,13,13,0,0.0,0.0,1.0,0.0,0.0,1.0
"G[1,2]((MAP <= 73.713 & Platelets >= 16.481) | Alkalinephos <= 263.069)
",9999999.000,9999999.000,0.000,1.000,0.000,0,0,13,0,0,13,13,0,0.0,0.0,1.0,0.0,0.0,1.0
"G[2,2](((BUN <= 4.523 -> HR <= 82.636) & Creatinine <= 104.592) & Creatinine >= 57.337)
",-5814985894071510.000,-82.636,0.000,1.000,0.000,0,0,13,0,0,13,13,0,0.0,0.0,1.0,0.0,0.0,1.0
"G[1,2]((HR >= 60.419 -> PTT <= 16.334) & Platelets <= 26.521)
",9999999.000,9999999.000,0.000,1.000,0.000,0,0,12,1,1,12,12,1,0.0,0.0,1.0,0.0,0.0,1.0
"G[0,1](((Hct <= 13.199 & HR >= 51.353) -> Hgb <= 87.507) & Glucose >= 34.301)
",9999999.000,9999999.000,0.000,1.000,0.000,0,0,0,13,13,0,0,13,0.0,0.0,0.0,0.0,0.0,1.0
"G[2,2]((Calcium >= 0.473 -> HR >= 59.546) -> Phosphate >= 42.209)
",-8529303598275345.000,-0.473,0.000,1.000,0.000,0,0,13,0,0,13,13,0,0.0,0.0,1.0,0.0,0.0,1.0
"G[1,2]((Calcium >= 0.647 | Resp >= 19.804) -> SepsisLabel >= 18.866)
",9999999.000,9999999.000,0.000,1.000,0.000,0,0,3,10,10,3,3,10,0.0,0.0,1.0,0.0,0.0,1.0
"G[2,2](((Hct <= 35.503 & Resp >= 8.097) & AST >= 8.156) -> Resp <= 30.841)
",-8680986039256660.000,-30.841,0.000,1.000,0.000,0,0,13,0,0,13,13,0,0.0,0.0,1.0,0.0,0.0,1.0
"G[1,2](((Creatinine <= 0.237 | MAP <= 49.007) & Bilirubin_total <= 52.957) & Fibrinogen >= 25.934)
",9999999.000,9999999.000,0.000,1.000,0.000,0,0,0,13,13,0,0,13,0.0,0.0,0.0,0.0,0.0,1.0
"G[1,2]((Potassium <= 1.990 -> Resp >= 13.865) & pH <= 24.498)
",9999999.000,9999999.000,0.000,1.000,0.000,0,0,11,2,2,11,11,2,0.0,0.0,1.0,0.0,0.0,1.0
"G[0,2]((Chloride <= 38.510 & SBP <= 89.911) -> PTT <= 119.795)
",9999999.000,9999999.000,0.000,1.000,0.000,0,0,13,0,0,13,13,0,0.0,0.0,1.0,0.0,0.0,1.0
"G[1,2]((Phosphate >= 0.120 | Resp <= 26.527) | pH >= 10.884)
",9999999.000,9999999.000,0.000,1.000,0.000,0,0,5,8,8,5,5,8,0.0,0.0,1.0,0.0,0.0,1.0
"G[0,2]((Calcium <= 1.078 -> MAP >= 40.277) -> PaCO2 <= 50.243)
",9999999.000,9999999.000,0.000,1.000,0.000,0,0,13,0,0,13,13,0,0.0,0.0,1.0,0.0,0.0,1.0
"G[0,2](((Potassium <= 1.557 -> SBP <= 104.569) -> Creatinine <= 140.236) & EtCO2 <= 153.017)
",9999999.000,9999999.000,0.000,1.000,0.000,0,0,13,0,0,13,13,0,0.0,0.0,1.0,0.0,0.0,1.0
"G[1,2](Platelets <= 96.409 -> WBC >= 0.183)
",9999999.000,9999999.000,0.000,1.000,0.000,0,0,1,12,12,1,1,12,0.0,0.0,1.0,0.0,0.0,1.0
"G[0,2](((Phosphate <= 2.602 & SBP <= 105.364) | Phosphate >= 66.961) & Lactate <= 124.132)
",9999999.000,9999999.000,0.000,1.000,0.000,0,0,1,12,12,1,1,12,0.0,0.0,1.0,0.0,0.0,1.0
"G[1,1](((Resp >= 22.377 & SBP <= 96.296) & WBC >= 45.191) & O2Sat <= 139.846)
",-45.191,-45.191,0.000,1.000,0.000,0,0,0,13,13,0,0,13,0.0,0.0,0.0,0.0,0.0,1.0
"G[1,2]((MAP >= 19.305 | Potassium >= 0.053) | FiO2 >= 0.256)
",9999999.000,9999999.000,0.000,1.000,0.000,0,0,7,6,6,7,7,6,0.0,0.0,1.0,0.0,0.0,1.0
"G[1,2](Resp <= 27.872 -> WBC >= 1.120)
",9999999.000,9999999.000,0.000,1.000,0.000,0,0,9,4,4,9,9,4,0.0,0.0,1.0,0.0,0.0,1.0
"G[0,2](((MAP >= 37.086 | Phosphate >= 0.050) & EtCO2 <= 0.968) & MAP <= 2.714)
",9999999.000,9999999.000,0.000,1.000,0.000,0,0,0,13,13,0,0,13,0.0,0.0,0.0,0.0,0.0,1.0
"G[1,2]((DBP <= 0.000 & HR <= 100.395) -> FiO2 <= 92.192)
",9999999.000,9999999.000,0.000,1.000,0.000,0,0,13,0,0,13,13,0,0.0,0.0,1.0,0.0,0.0,1.0
"G[0,2](((HR <= 108.193 -> EtCO2 <= 0.000) & HR >= 0.000) & Lactate >= 0.000)
",9999999.000,9999999.000,0.000,1.000,0.000,0,0,13,0,0,13,13,0,0.0,0.0,1.0,0.0,0.0,1.0
"G[0,2](((BaseExcess >= 0.000 -> Potassium <= 2.903) & DBP >= 0.005) -> Calcium >= 0.225)
",9999999.000,9999999.000,0.000,1.000,0.000,0,0,13,0,0,13,13,0,0.0,0.0,1.0,0.0,0.0,1.0
"G[0,2]((Glucose <= 27.470 & WBC <= 13.781) | MAP >= 0.798)
",9999999.000,9999999.000,0.000,1.000,0.000,0,0,12,1,1,12,12,1,0.0,0.0,1.0,0.0,0.0,1.0
"G[0,0]((PaCO2 <= 0.000 & PTT <= 12.627) & AST >= 2.093)
",-2.093,-2.093,0.000,1.000,0.000,0,0,0,13,13,0,0,13,0.0,0.0,0.0,0.0,0.0,1.0
"G[1,2]((Magnesium >= 0.010 | TroponinI >= 0.000) | Creatinine >= 0.000)
",9999999.000,9999999.000,0.000,1.000,0.000,0,0,13,0,0,13,13,0,0.0,0.0,1.0,0.0,0.0,1.0
"G[0,2](((Glucose <= 249.305 & SaO2 <= 0.000) & Glucose <= 0.000) -> Alkalinephos <= 0.000)
",9999999.000,9999999.000,0.000,1.000,0.000,0,0,13,0,0,13,13,0,0.0,0.0,1.0,0.0,0.0,1.0
"G[1,2](Bilirubin_total >= 0.000 | O2Sat <= 92.416)
",9999999.000,9999999.000,0.000,1.000,0.000,0,0,13,0,0,13,13,0,0.0,0.0,1.0,0.0,0.0,1.0
"G[1,2](((Platelets <= 124.194 | Hct >= 2.431) -> AST <= 33.291) | AST >= 2.062)
",9999999.000,9999999.000,0.000,1.000,0.000,0,0,13,0,0,13,13,0,0.0,0.0,1.0,0.0,0.0,1.0
"G[1,2]((Alkalinephos <= 0.000 -> TroponinI <= 0.000) -> SaO2 <= 0.000)
",9999999.000,9999999.000,0.000,1.000,0.000,0,0,13,0,0,13,13,0,0.0,0.0,1.0,0.0,0.0,1.0
"G[1,2]((Glucose <= 91.239 & HR <= 107.565) | Potassium >= 6.563)
",9999999.000,9999999.000,0.000,1.000,0.000,0,0,12,1,1,12,12,1,0.0,0.0,1.0,0.0,0.0,1.0
"G[1,2](((HR >= 51.699 & WBC >= 1.142) & Magnesium <= 8.561) & TroponinI >= 1.162)
",9999999.000,9999999.000,0.000,1.000,0.000,0,0,0,13,13,0,0,13,0.0,0.0,0.0,0.0,0.0,1.0
"G[2,2](((BUN >= 0.959 -> Hct <= 18.143) -> BaseExcess <= 20.645) -> Hgb <= 34.804)
",-4898269432819817.000,-34.804,0.000,1.000,0.000,0,0,13,0,0,13,13,0,0.0,0.0,1.0,0.0,0.0,1.0
"G[0,1](Chloride <= 67.140 -> Glucose >= 4.759)
",9999999.000,9999999.000,0.000,1.000,0.000,0,0,0,13,13,0,0,13,0.0,0.0,0.0,0.0,0.0,1.0
"G[1,2]((Chloride >= 7.426 | Phosphate <= 2.305) | Bilirubin_total <= 0.981)
",9999999.000,9999999.000,0.000,1.000,0.000,0,0,13,0,0,13,13,0,0.0,0.0,1.0,0.0,0.0,1.0
"G[0,2](((Creatinine >= 0.009 | Hct >= 1.361) & TroponinI >= 0.553) -> Platelets >= 0.758)
",9999999.000,9999999.000,0.000,1.000,0.000,0,0,13,0,0,13,13,0,0.0,0.0,1.0,0.0,0.0,1.0
"G[0,2]((Magnesium <= 0.821 -> PTT <= 25.717) -> BUN >= 1.748)
",9999999.000,9999999.000,0.000,1.000,0.000,0,0,0,13,13,0,0,13,0.0,0.0,0.0,0.0,0.0,1.0
"G[0,2](Creatinine <= 0.424 -> Hgb <= 5.265)
",9999999.000,9999999.000,0.000,1.000,0.000,0,0,13,0,0,13,13,0,0.0,0.0,1.0,0.0,0.0,1.0
"G[0,2](((Magnesium <= 0.903 -> Potassium >= 0.060) & Bilirubin_total >= 0.029) & Potassium >= 0.158)
",9999999.000,9999999.000,0.000,1.000,0.000,0,0,0,13,13,0,0,13,0.0,0.0,0.0,0.0,0.0,1.0
"G[1,2]((Calcium >= 0.474 & HCO3 <= 10.004) & PTT >= 1.043)
",9999999.000,9999999.000,0.000,1.000,0.000,0,0,0,13,13,0,0,13,0.0,0.0,0.0,0.0,0.0,1.0
"G[0,1]((Creatinine <= 0.541 -> Platelets <= 110.325) & Calcium >= 22.814)
",9999999.000,9999999.000,0.000,1.000,0.000,0,0,0,13,13,0,0,13,0.0,0.0,0.0,0.0,0.0,1.0
"G[2,2]((Magnesium <= 1.018 & Phosphate <= 0.580) | FiO2 >= 0.009)
",0.580,0.580,0.000,1.000,0.000,0,0,13,0,0,13,13,0,0.0,0.0,1.0,0.0,0.0,1.0
"G[1,2]((BUN >= 0.487 | Magnesium >= 0.025) | Bilirubin_total >= 0.070)
",9999999.000,9999999.000,0.000,1.000,0.000,0,0,1,12,12,1,1,12,0.0,0.0,1.0,0.0,0.0,1.0
"G[2,2]((Creatinine <= 0.162 -> Phosphate >= 0.119) -> FiO2 <= 2.400)
",-5404061674009406.000,-2.400,0.000,1.000,0.000,0,0,13,0,0,13,13,0,0.0,0.0,1.0,0.0,0.0,1.0
"G[0,2](((Glucose <= 174.027 | PTT <= 2.974) & Glucose >= 1.752) & Bilirubin_direct >= 0.747)
",9999999.000,9999999.000,0.000,1.000,0.000,0,0,0,13,13,0,0,13,0.0,0.0,0.0,0.0,0.0,1.0
"G[0,1](((HCO3 <= 8.481 & Potassium <= 1.295) -> Lactate >= 0.042) | Hct >= 0.255)
",9999999.000,9999999.000,0.000,1.000,0.000,0,0,0,13,13,0,0,13,0.0,0.0,0.0,0.0,0.0,1.0
"G[1,2](((Glucose >= 6.681 -> Hct <= 36.986) & Hct <= 2.777) -> pH >= 2.010)
",9999999.000,9999999.000,0.000,1.000,0.000,0,0,1,12,12,1,1,12,0.0,0.0,1.0,0.0,0.0,1.0
"G[1,2]((BUN <= 5.267 & HCO3 <= 3.616) & Calcium >= 0.004)
",9999999.000,9999999.000,0.000,1.000,0.000,0,0,0,13,13,0,0,13,0.0,0.0,0.0,0.0,0.0,1.0
"G[0,1](((HCO3 <= 5.421 & O2Sat >= 60.251) -> WBC <= 92.928) & PTT >= 63.085)
",9999999.000,9999999.000,0.000,1.000,0.000,0,0,0,13,13,0,0,13,0.0,0.0,0.0,0.0,0.0,1.0
"G[1,2](((Hct <= 36.145 & WBC <= 8.656) -> Potassium <= 15.972) & WBC >= 1.467)
",9999999.000,9999999.000,0.000,1.000,0.000,0,0,1,12,12,1,1,12,0.0,0.0,1.0,0.0,0.0,1.0
"G[0,2]((Chloride >= 2.626 | WBC >= 0.600) -> PaCO2 >= 0.132)
",9999999.000,9999999.000,0.000,1.000,0.000,0,0,11,2,2,11,11,2,0.0,0.0,1.0,0.0,0.0,1.0
"G[0,2]((HR <= 89.854 -> SBP <= 123.163) -> Calcium >= 71.319)
",9999999.000,9999999.000,0.000,1.000,0.000,0,0,0,13,13,0,0,13,0.0,0.0,0.0,0.0,0.0,1.0
"G[1,2]((MAP <= 99.897 | O2Sat <= 93.645) & Fibrinogen >= 12.592)
",9999999.000,9999999.000,0.000,1.000,0.000,0,0,0,13,13,0,0,13,0.0,0.0,0.0,0.0,0.0,1.0
"G[1,2]((SBP <= 136.074 -> Temp <= 17.452) | Glucose <= 26.366)
",9999999.000,9999999.000,0.000,1.000,0.000,0,0,13,0,0,13,13,0,0.0,0.0,1.0,0.0,0.0,1.0
"G[0,1](((Calcium >= 0.542 & Temp <= 12.695) | Creatinine >= 1.404) | SepsisLabel >= 6.994)
",9999999.000,9999999.000,0.000,1.000,0.000,0,0,0,13,13,0,0,13,0.0,0.0,0.0,0.0,0.0,1.0
"G[1,2]((Chloride >= 0.319 -> Temp <= 33.907) -> Hct >= 1.269)
",9999999.000,9999999.000,0.000,1.000,0.000,0,0,1,12,12,1,1,12,0.0,0.0,1.0,0.0,0.0,1.0
"G[2,2](Hgb <= 12.131 | Temp <= 18.622)
",5241601935027679.000,18.622,0.000,1.000,0.000,0,0,13,0,0,13,13,0,0.0,0.0,1.0,0.0,0.0,1.0
"G[0,2](((BUN >= 0.265 -> Temp >= 3.046) | Fibrinogen >= 2.160) | Creatinine >= 1.376)
",9999999.000,9999999.000,0.000,1.000,0.000,0,0,11,2,2,11,11,2,0.0,0.0,1.0,0.0,0.0,1.0
"G[0,1]((HCO3 <= 23.668 & Temp <= 28.194) -> Hct >= 7.639)
",9999999.000,9999999.000,0.000,1.000,0.000,0,0,0,13,13,0,0,13,0.0,0.0,0.0,0.0,0.0,1.0
"G[0,1]((Temp <= 25.587 -> WBC <= 20.945) & AST >= 1.586)
",9999999.000,9999999.000,0.000,1.000,0.000,0,0,0,13,13,0,0,13,0.0,0.0,0.0,0.0,0.0,1.0
"G[2,2](Chloride <= 99.384 | O2Sat >= 33.910)
",99.384,99.384,0.000,1.000,0.000,0,0,13,0,0,13,13,0,0.0,0.0,1.0,0.0,0.0,1.0
"G[1,2](((O2Sat >= 28.378 -> PTT >= 0.357) & HCO3 >= 1.930) | Fibrinogen >= 0.502)
",9999999.000,9999999.000,0.000,1.000,0.000,0,0,1,12,12,1,1,12,0.0,0.0,1.0,0.0,0.0,1.0
"G[0,2]((MAP >= 24.529 | Creatinine >= 0.017) | SepsisLabel >= 0.008)
",9999999.000,9999999.000,0.000,1.000,0.000,0,0,5,8,8,5,5,8,0.0,0.0,1.0,0.0,0.0,1.0
