Rule,Discrimination Score,Pos Robustness,Neg Robustness,Percent Class +,Percent Class -,TP,TN,FP,FN,Actual Yes,Actual No,Predicted Yes,Predicted No,TPR/Sens,TNR/Spec,FPR,Precision,Accuracy,MCR
"G[0,1](Chloride >= 7.109 & HCO3 >= 0.185)
",-9999999.000,0.000,9999999.000,1.000,0.000,0,5,0,0,0,5,0,5,0,1.0,0.0,0.0,1.1111111111111112,-0.11111111111111116
"G[0,2](((HCO3 <= 12.091 -> PTT >= 2.840) & Phosphate <= 4.164) | SBP <= 29.513)
",-9999999.000,0.000,9999999.000,1.000,0.000,0,5,0,0,0,5,0,5,0,1.0,0.0,0.0,1.1111111111111112,-0.11111111111111116
"G[0,1](Chloride >= 1.238 & HCO3 >= 1.689)
",-9999999.000,0.000,9999999.000,1.000,0.000,0,5,0,0,0,5,0,5,0,1.0,0.0,0.0,1.1111111111111112,-0.11111111111111116
"G[0,0](((Hgb <= 3.726 | Hct <= 17.118) -> WBC >= 0.072) & Platelets >= 13.689)
",17.118,0.000,-17.118,1.000,0.000,0,5,0,0,0,5,0,5,0,1.0,0.0,0.0,1.1111111111111112,-0.11111111111111116
"G[0,0](BUN <= 39.054 & Creatinine >= 0.060)
",0.060,0.000,-0.060,1.000,0.000,0,5,0,0,0,5,0,5,0,1.0,0.0,0.0,1.1111111111111112,-0.11111111111111116
"G[0,0](Chloride >= 3.511 & HCO3 >= 0.957)
",3.511,0.000,-3.511,1.000,0.000,0,5,0,0,0,5,0,5,0,1.0,0.0,0.0,1.1111111111111112,-0.11111111111111116
"G[0,0](Platelets <= 63.189 -> WBC >= 0.246)
",63.189,0.000,-63.189,1.000,0.000,0,5,0,0,0,5,0,5,0,1.0,0.0,0.0,1.1111111111111112,-0.11111111111111116
"G[0,0](((BUN >= 5.654 | HR <= 109.450) -> SepsisLabel <= 106.554) & Resp >= 73.304)
",106.554,0.000,-106.554,1.000,0.000,0,5,0,0,0,5,0,5,0,1.0,0.0,0.0,1.1111111111111112,-0.11111111111111116
"G[0,1](((Platelets <= 62.365 | O2Sat <= 94.567) & O2Sat <= 88.227) & Temp <= 93.644)
",-9999999.000,0.000,9999999.000,1.000,0.000,0,5,0,0,0,5,0,5,0,1.0,0.0,0.0,1.1111111111111112,-0.11111111111111116
"G[0,2]((Alkalinephos >= 0.000 -> Chloride >= 6.645) | WBC >= 11.170)
",-9999999.000,0.000,9999999.000,1.000,0.000,0,5,0,0,0,5,0,5,0,1.0,0.0,0.0,1.1111111111111112,-0.11111111111111116
"G[0,1](((Hgb >= 0.319 & Creatinine >= 0.316) & Platelets >= 0.027) & Alkalinephos >= 0.324)
",-9999999.000,0.000,9999999.000,1.000,0.000,0,5,0,0,0,5,0,5,0,1.0,0.0,0.0,1.1111111111111112,-0.11111111111111116
"G[0,0]((FiO2 >= 0.000 & Platelets <= 94.962) -> SaO2 >= 6.283)
",0.000,0.000,0.000,1.000,0.000,0,5,0,0,0,5,0,5,0,1.0,0.0,0.0,1.1111111111111112,-0.11111111111111116
"G[0,0](TroponinI > 0.000 & SepsisLabel = 1.000)
",1.000,0.000,-1.000,1.000,0.000,0,5,0,0,0,5,0,5,0,1.0,0.0,0.0,1.1111111111111112,-0.11111111111111116
"G[0,2](((Lactate >= 0.000 -> Creatinine >= 0.048) & Lactate >= 0.319) | Magnesium >= 0.090)
",-9999999.000,0.000,9999999.000,1.000,0.000,0,5,0,0,0,5,0,5,0,1.0,0.0,0.0,1.1111111111111112,-0.11111111111111116
"G[0,2](Platelets <= 63.567 -> WBC >= 0.248)
",-9999999.000,0.000,9999999.000,1.000,0.000,0,5,0,0,0,5,0,5,0,1.0,0.0,0.0,1.1111111111111112,-0.11111111111111116
"G[0,0](pH > 0.000 & SepsisLabel = 1.000)
",1.000,0.000,-1.000,1.000,0.000,0,5,0,0,0,5,0,5,0,1.0,0.0,0.0,1.1111111111111112,-0.11111111111111116
"G[0,0]((Platelets <= 48.258 -> PTT <= 23.214) & Calcium >= 3.273)
",48.258,0.000,-48.258,1.000,0.000,0,5,0,0,0,5,0,5,0,1.0,0.0,0.0,1.1111111111111112,-0.11111111111111116
"G[0,2](BUN >= 9.180 & Glucose <= 77.493)
",-9999999.000,0.000,9999999.000,1.000,0.000,0,5,0,0,0,5,0,5,0,1.0,0.0,0.0,1.1111111111111112,-0.11111111111111116
"G[0,2]((Potassium <= 0.932 | Hct <= 7.771) & MAP <= 19.395)
",-9999999.000,0.000,9999999.000,1.000,0.000,0,5,0,0,0,5,0,5,0,1.0,0.0,0.0,1.1111111111111112,-0.11111111111111116
"G[0,2](((Calcium <= 2.564 | Hct <= 22.966) & HR >= 0.650) -> pH >= 3.326)
",-9999999.000,0.000,9999999.000,1.000,0.000,0,5,0,0,0,5,0,5,0,1.0,0.0,0.0,1.1111111111111112,-0.11111111111111116
"G[0,1](Creatinine >= 0.241 & PaCO2 <= 0.000)
",-9999999.000,0.000,9999999.000,1.000,0.000,0,5,0,0,0,5,0,5,0,1.0,0.0,0.0,1.1111111111111112,-0.11111111111111116
"G[0,1]((BaseExcess >= 0.000 -> Hgb >= 1.028) & FiO2 >= 0.743)
",-9999999.000,0.000,9999999.000,1.000,0.000,0,5,0,0,0,5,0,5,0,1.0,0.0,0.0,1.1111111111111112,-0.11111111111111116
"G[0,0](((Hgb >= 1.948 & BaseExcess <= 0.000) & Creatinine >= 0.000) & Lactate >= 0.000)
",1.948,0.000,-1.948,1.000,0.000,0,5,0,0,0,5,0,5,0,1.0,0.0,0.0,1.1111111111111112,-0.11111111111111116
"G[0,2]((Chloride <= 102.926 -> Resp <= 20.951) & WBC >= 2.921)
",-9999999.000,0.000,9999999.000,1.000,0.000,0,5,0,0,0,5,0,5,0,1.0,0.0,0.0,1.1111111111111112,-0.11111111111111116
"G[0,2]((Glucose <= 60.627 & Resp >= 6.055) -> SepsisLabel >= 13.953)
",-9999999.000,0.000,9999999.000,1.000,0.000,0,5,0,0,0,5,0,5,0,1.0,0.0,0.0,1.1111111111111112,-0.11111111111111116
"G[0,1]((Phosphate >= 0.312 & Resp <= 21.360) & Fibrinogen >= 9.175)
",-9999999.000,0.000,9999999.000,1.000,0.000,0,5,0,0,0,5,0,5,0,1.0,0.0,0.0,1.1111111111111112,-0.11111111111111116
"G[0,2](((Hgb <= 7.474 | Hct <= 23.941) -> WBC >= 0.042) & Platelets >= 6.356)
",-9999999.000,0.000,9999999.000,1.000,0.000,0,5,0,0,0,5,0,5,0,1.0,0.0,0.0,1.1111111111111112,-0.11111111111111116
"G[0,1](((Bilirubin_total >= 0.000 & Creatinine >= 0.123) & Lactate <= 1.562) & MAP <= 1.188)
",-9999999.000,0.000,9999999.000,1.000,0.000,0,5,0,0,0,5,0,5,0,1.0,0.0,0.0,1.1111111111111112,-0.11111111111111116
"G[0,1](BUN <= 42.857 & Creatinine >= 0.281)
",-9999999.000,0.000,9999999.000,1.000,0.000,0,5,0,0,0,5,0,5,0,1.0,0.0,0.0,1.1111111111111112,-0.11111111111111116
"G[0,1](((Hgb <= 4.615 | Hct <= 19.656) -> WBC >= 0.850) & Platelets >= 1.722)
",-9999999.000,0.000,9999999.000,1.000,0.000,0,5,0,0,0,5,0,5,0,1.0,0.0,0.0,1.1111111111111112,-0.11111111111111116
"G[0,1](((Hgb <= 3.256 | Hct <= 10.975) -> WBC >= 0.631) & Platelets >= 14.151)
",-9999999.000,0.000,9999999.000,1.000,0.000,0,5,0,0,0,5,0,5,0,1.0,0.0,0.0,1.1111111111111112,-0.11111111111111116
"G[0,1](((Hct >= 2.459 -> Calcium >= 0.313) -> Magnesium <= 2.711) & Chloride >= 0.393)
",-9999999.000,0.000,9999999.000,1.000,0.000,0,5,0,0,0,5,0,5,0,1.0,0.0,0.0,1.1111111111111112,-0.11111111111111116
"G[0,1](Platelets <= 99.306 -> WBC >= 0.124)
",-9999999.000,0.000,9999999.000,1.000,0.000,0,5,0,0,0,5,0,5,0,1.0,0.0,0.0,1.1111111111111112,-0.11111111111111116
"G[0,2](Platelets <= 30.233 -> WBC >= 0.580)
",-9999999.000,0.000,9999999.000,1.000,0.000,0,5,0,0,0,5,0,5,0,1.0,0.0,0.0,1.1111111111111112,-0.11111111111111116
"G[0,0](Chloride >= 12.386 & HCO3 >= 0.418)
",12.386,0.000,-12.386,1.000,0.000,0,5,0,0,0,5,0,5,0,1.0,0.0,0.0,1.1111111111111112,-0.11111111111111116
"G[0,1](Chloride >= 4.108 & HCO3 >= 1.033)
",-9999999.000,0.000,9999999.000,1.000,0.000,0,5,0,0,0,5,0,5,0,1.0,0.0,0.0,1.1111111111111112,-0.11111111111111116
"G[0,2](((Hgb <= 4.020 | Hct <= 8.815) -> WBC >= 0.473) & Platelets >= 7.517)
",-9999999.000,0.000,9999999.000,1.000,0.000,0,5,0,0,0,5,0,5,0,1.0,0.0,0.0,1.1111111111111112,-0.11111111111111116
"G[0,1](BUN <= 32.661 & Creatinine >= 0.280)
",-9999999.000,0.000,9999999.000,1.000,0.000,0,5,0,0,0,5,0,5,0,1.0,0.0,0.0,1.1111111111111112,-0.11111111111111116
"G[0,1](((Calcium <= 5.550 | Hgb >= 0.908) -> Calcium >= 0.324) & Glucose <= 4.926)
",-9999999.000,0.000,9999999.000,1.000,0.000,0,5,0,0,0,5,0,5,0,1.0,0.0,0.0,1.1111111111111112,-0.11111111111111116
"G[0,1](Chloride >= 6.027 & HCO3 >= 0.792)
",-9999999.000,0.000,9999999.000,1.000,0.000,0,5,0,0,0,5,0,5,0,1.0,0.0,0.0,1.1111111111111112,-0.11111111111111116
"G[0,0](((Phosphate >= 0.007 | Resp <= 22.019) | DBP <= 18.973) -> pH >= 11.591)
",22.019,0.000,-22.019,1.000,0.000,0,5,0,0,0,5,0,5,0,1.0,0.0,0.0,1.1111111111111112,-0.11111111111111116
"G[0,1](Platelets <= 59.825 -> WBC >= 0.820)
",-9999999.000,0.000,9999999.000,1.000,0.000,0,5,0,0,0,5,0,5,0,1.0,0.0,0.0,1.1111111111111112,-0.11111111111111116
"G[0,0](Chloride >= 2.235 & HCO3 >= 0.854)
",2.235,0.000,-2.235,1.000,0.000,0,5,0,0,0,5,0,5,0,1.0,0.0,0.0,1.1111111111111112,-0.11111111111111116
"G[0,2](((Hgb <= 7.257 | Hct <= 18.573) -> WBC >= 0.159) & Platelets >= 1.403)
",-9999999.000,0.000,9999999.000,1.000,0.000,0,5,0,0,0,5,0,5,0,1.0,0.0,0.0,1.1111111111111112,-0.11111111111111116
"G[1,1]((Calcium >= 0.112 | SepsisLabel <= 1.000) -> Resp <= 1.000)
",1.000,0.000,-1.000,1.000,0.000,0,4,1,0,0,5,1,4,0,0.8,0.2,0.0,0.8888888888888888,0.11111111111111116
"G[0,0]((MAP >= 35.630 & SBP <= 124.605) & FiO2 <= 132.921)
",-9.903,0.000,91.581,1.000,0.000,0,4,1,0,0,5,1,4,0,0.8,0.2,0.0,0.8888888888888888,0.11111111111111116
"G[1,1](((BaseExcess <= 0.000 & SaO2 <= 0.000) -> HR <= 0.000) & Glucose <= 0.000)
",0.000,0.000,0.000,1.000,0.000,0,4,1,0,0,5,1,4,0,0.8,0.2,0.0,0.8888888888888888,0.11111111111111116
"G[1,2](BUN <= 65.218 & Creatinine >= 0.146)
",-9999999.000,0.000,9999999.000,1.000,0.000,0,4,1,0,0,5,1,4,0,0.8,0.2,0.0,0.8888888888888888,0.11111111111111116
"G[1,1]((Creatinine >= 0.158 & Hgb <= 6.092) & Lactate <= 6.958)
",0.158,0.000,-0.158,1.000,0.000,0,4,1,0,0,5,1,4,0,0.8,0.2,0.0,0.8888888888888888,0.11111111111111116
"G[1,2]((Fibrinogen <= 0.000 | MAP <= 87.280) -> Potassium >= 15.538)
",-9999999.000,0.000,9999999.000,1.000,0.000,0,4,1,0,0,5,1,4,0,0.8,0.2,0.0,0.8888888888888888,0.11111111111111116
"G[1,2](((Lactate <= 0.000 -> HCO3 <= 16.014) & pH >= 0.346) & PaCO2 >= 0.162)
",-9999999.000,0.000,9999999.000,1.000,0.000,0,4,1,0,0,5,1,4,0,0.8,0.2,0.0,0.8888888888888888,0.11111111111111116
"G[1,2](((Potassium <= 2.543 -> HR >= 63.571) & Hgb >= 71.640) | Lactate >= 51.900)
",-9999999.000,0.000,9999999.000,1.000,0.000,0,4,1,0,0,5,1,4,0,0.8,0.2,0.0,0.8888888888888888,0.11111111111111116
"G[0,0](((TroponinI >= 0.000 -> FiO2 >= 0.000) | Chloride <= 0.000) & MAP <= 0.000)
",14.468,0.000,-129.000,1.000,0.000,0,4,1,0,0,5,1,4,0,0.8,0.2,0.0,0.8888888888888888,0.11111111111111116
"G[1,2](MAP >= 66.650 & O2Sat <= 89.363)
",-9999999.000,0.000,9999999.000,1.000,0.000,0,4,1,0,0,5,1,4,0,0.8,0.2,0.0,0.8888888888888888,0.11111111111111116
"G[1,2](BUN <= 93.906 & Creatinine >= 0.096)
",-9999999.000,0.000,9999999.000,1.000,0.000,0,4,1,0,0,5,1,4,0,0.8,0.2,0.0,0.8888888888888888,0.11111111111111116
"G[1,2](Chloride >= 8.191 & Potassium <= 3.617)
",-9999999.000,0.000,9999999.000,1.000,0.000,0,4,1,0,0,5,1,4,0,0.8,0.2,0.0,0.8888888888888888,0.11111111111111116
"G[1,2]((Potassium <= 1.896 -> Chloride >= 6.387) & AST >= 7.329)
",-9999999.000,0.000,9999999.000,1.000,0.000,0,4,1,0,0,5,1,4,0,0.8,0.2,0.0,0.8888888888888888,0.11111111111111116
"G[1,1]((Magnesium >= 0.172 -> HR >= 87.103) -> SaO2 >= 79.179)
",0.172,0.000,-0.172,1.000,0.000,0,4,1,0,0,5,1,4,0,0.8,0.2,0.0,0.8888888888888888,0.11111111111111116
"G[1,1](BUN <= 41.318 & Creatinine >= 0.079)
",0.079,0.000,-0.079,1.000,0.000,0,4,1,0,0,5,1,4,0,0.8,0.2,0.0,0.8888888888888888,0.11111111111111116
"G[0,2]((Bilirubin_direct >= 0.000 & Alkalinephos >= 0.000) -> Temp <= 0.000)
",-9999999.000,0.000,9999999.000,1.000,0.000,0,4,1,0,0,5,1,4,0,0.8,0.2,0.0,0.8888888888888888,0.11111111111111116
"G[1,2]((PTT <= 17.119 -> HR <= 108.810) -> Alkalinephos >= 68.238)
",-9999999.000,0.000,9999999.000,1.000,0.000,0,4,1,0,0,5,1,4,0,0.8,0.2,0.0,0.8888888888888888,0.11111111111111116
"G[1,1](BUN <= 50.976 & Creatinine >= 0.032)
",0.032,0.000,-0.032,1.000,0.000,0,4,1,0,0,5,1,4,0,0.8,0.2,0.0,0.8888888888888888,0.11111111111111116
"G[1,2](((EtCO2 >= 0.000 & BUN <= 79.655) & SepsisLabel >= 5.378) & HCO3 >= 9.691)
",-9999999.000,0.000,9999999.000,1.000,0.000,0,4,1,0,0,5,1,4,0,0.8,0.2,0.0,0.8888888888888888,0.11111111111111116
"G[1,1](BUN <= 32.070 & Creatinine >= 0.201)
",0.201,0.000,-0.201,1.000,0.000,0,4,1,0,0,5,1,4,0,0.8,0.2,0.0,0.8888888888888888,0.11111111111111116
"G[1,2](((Hgb <= 3.244 & Platelets >= 3.317) | AST >= 11.029) & Creatinine >= 3.882)
",-9999999.000,0.000,9999999.000,1.000,0.000,0,4,1,0,0,5,1,4,0,0.8,0.2,0.0,0.8888888888888888,0.11111111111111116
"G[1,2](Phosphate <= 1.442 -> Phosphate >= 0.161)
",-9999999.000,0.000,9999999.000,1.000,0.000,0,3,2,0,0,5,2,3,0,0.6,0.4,0.0,0.6666666666666666,0.33333333333333337
"G[1,2](((MAP >= 9.517 & BUN <= 35.077) & pH <= 54.116) -> PTT >= 8.063)
",-9999999.000,0.000,9999999.000,1.000,0.000,0,3,2,0,0,5,2,3,0,0.6,0.4,0.0,0.6666666666666666,0.33333333333333337
"G[1,2](((WBC <= 2.075 | Glucose <= 57.391) -> Hgb >= 1.648) & WBC >= 3.757)
",-9999999.000,0.000,9999999.000,1.000,0.000,0,3,2,0,0,5,2,3,0,0.6,0.4,0.0,0.6666666666666666,0.33333333333333337
"G[0,2](MAP <= 88.990 | Platelets >= 3.195)
",-9999999.000,0.000,9999999.000,1.000,0.000,0,3,2,0,0,5,2,3,0,0.6,0.4,0.0,0.6666666666666666,0.33333333333333337
"G[0,1](SBP >= 11.509 -> MAP <= 89.513)
",-9999999.000,0.000,9999999.000,1.000,0.000,0,3,2,0,0,5,2,3,0,0.6,0.4,0.0,0.6666666666666666,0.33333333333333337
"G[1,2]((PTT <= 24.728 -> Chloride >= 4.496) & Temp <= 36.634)
",-9999999.000,0.000,9999999.000,1.000,0.000,0,3,2,0,0,5,2,3,0,0.6,0.4,0.0,0.6666666666666666,0.33333333333333337
"G[1,1]((Platelets >= 8.562 & Glucose <= 77.618) & BUN <= 79.610)
",8.562,0.000,-8.562,1.000,0.000,0,3,2,0,0,5,2,3,0,0.6,0.4,0.0,0.6666666666666666,0.33333333333333337
"G[0,1](((SBP >= 54.108 -> O2Sat <= 97.534) -> Lactate >= 9.437) -> WBC >= 40.156)
",-9999999.000,0.000,9999999.000,1.000,0.000,0,3,2,0,0,5,2,3,0,0.6,0.4,0.0,0.6666666666666666,0.33333333333333337
"G[0,0](((HR <= 113.009 & PTT <= 13.119) -> Temp <= 21.404) & Bilirubin_total <= 14.914)
",-14.914,0.000,14.914,1.000,0.000,0,3,2,0,0,5,2,3,0,0.6,0.4,0.0,0.6666666666666666,0.33333333333333337
"G[1,2](Calcium >= 0.385 & Bilirubin_direct >= 0.000)
",-9999999.000,0.000,9999999.000,1.000,0.000,0,3,2,0,0,5,2,3,0,0.6,0.4,0.0,0.6666666666666666,0.33333333333333337
"G[1,2](((MAP >= 22.342 -> WBC <= 3.626) & Bilirubin_total <= 3.169) & BUN >= 0.324)
",-9999999.000,0.000,9999999.000,1.000,0.000,0,3,2,0,0,5,2,3,0,0.6,0.4,0.0,0.6666666666666666,0.33333333333333337
"G[0,1](Temp <= 25.762 | WBC >= 0.218)
",-9999999.000,0.000,9999999.000,1.000,0.000,0,3,2,0,0,5,2,3,0,0.6,0.4,0.0,0.6666666666666666,0.33333333333333337
"G[0,2](((Calcium <= 7.921 & SBP <= 131.605) | Potassium >= 26.806) & Hct <= 133.961)
",-9999999.000,0.000,9999999.000,1.000,0.000,0,3,2,0,0,5,2,3,0,0.6,0.4,0.0,0.6666666666666666,0.33333333333333337
"G[1,1](Chloride >= 4.815 & HCO3 >= 1.733)
",4.815,0.000,-4.815,1.000,0.000,0,3,2,0,0,5,2,3,0,0.6,0.4,0.0,0.6666666666666666,0.33333333333333337
"G[1,2](Chloride >= 11.531 & HCO3 >= 0.039)
",-9999999.000,0.000,9999999.000,1.000,0.000,0,3,2,0,0,5,2,3,0,0.6,0.4,0.0,0.6666666666666666,0.33333333333333337
"G[1,2](Phosphate <= 3.072 & SBP <= 135.057)
",-9999999.000,0.000,9999999.000,1.000,0.000,0,2,3,0,0,5,3,2,0,0.4,0.6,0.0,0.4444444444444444,0.5555555555555556
"G[1,2](((Hgb <= 4.351 | Hct <= 7.976) -> WBC >= 0.668) & Platelets >= 17.436)
",-9999999.000,0.000,9999999.000,1.000,0.000,0,2,3,0,0,5,3,2,0,0.4,0.6,0.0,0.4444444444444444,0.5555555555555556
"G[1,2](Platelets <= 44.671 -> WBC >= 0.125)
",-9999999.000,0.000,9999999.000,1.000,0.000,0,2,3,0,0,5,3,2,0,0.4,0.6,0.0,0.4444444444444444,0.5555555555555556
"G[1,1](BUN >= 0.668 | Platelets >= 15.934)
",0.668,0.000,-0.668,1.000,0.000,0,2,3,0,0,5,3,2,0,0.4,0.6,0.0,0.4444444444444444,0.5555555555555556
"G[1,2](((WBC <= 1.673 -> Bilirubin_total <= 0.000) -> Bilirubin_direct <= 0.000) -> WBC <= 0.000)
",-9999999.000,0.000,9999999.000,1.000,0.000,0,2,3,0,0,5,3,2,0,0.4,0.6,0.0,0.4444444444444444,0.5555555555555556
"G[0,0](((HR <= 97.580 & Alkalinephos >= 0.000) & Temp >= 0.000) & Creatinine <= 0.000)
",19238.420,0.000,-19238.420,1.000,0.000,0,2,3,0,0,5,3,2,0,0.4,0.6,0.0,0.4444444444444444,0.5555555555555556
"G[0,1](((Resp <= 21.176 | WBC >= 0.198) & SaO2 <= 2.696) & SepsisLabel >= 0.359)
",-9999999.000,0.000,9999999.000,1.000,0.000,0,2,3,0,0,5,3,2,0,0.4,0.6,0.0,0.4444444444444444,0.5555555555555556
"G[1,1]((Calcium >= 0.415 -> Hgb <= 3.030) -> Temp >= 0.787)
",-0.787,0.000,0.787,1.000,0.000,0,2,3,0,0,5,3,2,0,0.4,0.6,0.0,0.4444444444444444,0.5555555555555556
"G[0,2](Glucose <= 23.724 & Hct <= 20.031)
",-9999999.000,0.000,9999999.000,1.000,0.000,0,2,3,0,0,5,3,2,0,0.4,0.6,0.0,0.4444444444444444,0.5555555555555556
"G[1,1]((Creatinine <= 2.961 & AST >= 0.000) & Hct <= 0.000)
",0.000,0.000,0.000,1.000,0.000,0,2,3,0,0,5,3,2,0,0.4,0.6,0.0,0.4444444444444444,0.5555555555555556
"G[1,1](Chloride <= 53.816 -> WBC >= 0.866)
",53.816,0.000,-53.816,1.000,0.000,0,2,3,0,0,5,3,2,0,0.4,0.6,0.0,0.4444444444444444,0.5555555555555556
"G[1,2](Platelets <= 70.926 -> WBC >= 0.725)
",-9999999.000,0.000,9999999.000,1.000,0.000,0,2,3,0,0,5,3,2,0,0.4,0.6,0.0,0.4444444444444444,0.5555555555555556
"G[1,2](((Hgb <= 5.741 | Hct <= 25.450) -> WBC >= 0.066) & Platelets >= 9.449)
",-9999999.000,0.000,9999999.000,1.000,0.000,0,2,3,0,0,5,3,2,0,0.4,0.6,0.0,0.4444444444444444,0.5555555555555556
"G[1,1](Platelets <= 55.693 -> WBC >= 0.535)
",55.693,0.000,-55.693,1.000,0.000,0,2,3,0,0,5,3,2,0,0.4,0.6,0.0,0.4444444444444444,0.5555555555555556
"G[1,2](((Hgb <= 6.319 | Hct <= 5.717) -> WBC >= 0.410) & Platelets >= 10.831)
",-9999999.000,0.000,9999999.000,1.000,0.000,0,2,3,0,0,5,3,2,0,0.4,0.6,0.0,0.4444444444444444,0.5555555555555556
"G[0,1](Hgb <= 5.670 | SBP <= 119.226)
",-9999999.000,0.000,9999999.000,1.000,0.000,0,2,3,0,0,5,3,2,0,0.4,0.6,0.0,0.4444444444444444,0.5555555555555556
"G[1,2](Platelets <= 64.932 -> WBC >= 0.487)
",-9999999.000,0.000,9999999.000,1.000,0.000,0,2,3,0,0,5,3,2,0,0.4,0.6,0.0,0.4444444444444444,0.5555555555555556
"G[1,1](((Hct >= 1.122 & SBP >= 78.461) & BaseExcess <= 139.223) & O2Sat >= 21.602)
",78.461,0.000,-78.461,1.000,0.000,0,2,3,0,0,5,3,2,0,0.4,0.6,0.0,0.4444444444444444,0.5555555555555556
"G[1,1](Phosphate <= 2.204 & Chloride <= 77.923)
",-2.204,0.000,2.204,1.000,0.000,0,1,4,0,0,5,4,1,0,0.2,0.8,0.0,0.2222222222222222,0.7777777777777778
"G[0,1](Creatinine >= 0.129 -> SBP <= 127.250)
",-9999999.000,0.000,9999999.000,1.000,0.000,0,1,4,0,0,5,4,1,0,0.2,0.8,0.0,0.2222222222222222,0.7777777777777778
"G[0,2]((SepsisLabel >= 1.000 -> FiO2 <= 0.000) & Calcium <= 0.000)
",-9999999.000,0.000,9999999.000,1.000,0.000,0,1,4,0,0,5,4,1,0,0.2,0.8,0.0,0.2222222222222222,0.7777777777777778
"G[1,1](((BUN >= 8.641 | Hct <= 9.254) & PTT >= 1.902) -> Creatinine >= 3.954)
",-1.902,0.000,1.902,1.000,0.000,0,1,4,0,0,5,4,1,0,0.2,0.8,0.0,0.2222222222222222,0.7777777777777778
"G[1,2](Bilirubin_direct >= 0.000 & Platelets <= 70.958)
",-9999999.000,0.000,9999999.000,1.000,0.000,0,1,4,0,0,5,4,1,0,0.2,0.8,0.0,0.2222222222222222,0.7777777777777778
"G[1,2](((MAP >= 31.013 & SepsisLabel <= 1.000) & BUN >= 1.000) -> PTT <= 1.000)
",-9999999.000,0.000,9999999.000,1.000,0.000,0,1,4,0,0,5,4,1,0,0.2,0.8,0.0,0.2222222222222222,0.7777777777777778
"G[0,2](((BaseExcess >= 0.000 & PaCO2 >= 0.000) -> Alkalinephos >= 0.000) & Glucose <= 0.000)
",-9999999.000,0.000,9999999.000,1.000,0.000,0,1,4,0,0,5,4,1,0,0.2,0.8,0.0,0.2222222222222222,0.7777777777777778
"G[1,2]((Bilirubin_direct <= 0.000 -> Magnesium >= 0.048) | WBC <= 1.487)
",-9999999.000,0.000,9999999.000,1.000,0.000,0,1,4,0,0,5,4,1,0,0.2,0.8,0.0,0.2222222222222222,0.7777777777777778
"G[0,2]((Calcium >= 0.743 | Resp <= 22.754) | PTT >= 5.922)
",-9999999.000,0.000,9999999.000,1.000,0.000,0,1,4,0,0,5,4,1,0,0.2,0.8,0.0,0.2222222222222222,0.7777777777777778
"G[0,2](MAP >= 39.588 & SepsisLabel = 1.000)
",-9999999.000,0.000,9999999.000,1.000,0.000,0,1,4,0,0,5,4,1,0,0.2,0.8,0.0,0.2222222222222222,0.7777777777777778
"G[0,2](Fibrinogen >= 0.000 -> Creatinine <= 1.635)
",-9999999.000,0.000,9999999.000,1.000,0.000,0,1,4,0,0,5,4,1,0,0.2,0.8,0.0,0.2222222222222222,0.7777777777777778
"G[1,2]((Platelets >= 3.376 | Lactate >= 0.000) & Creatinine <= 0.000)
",-9999999.000,0.000,9999999.000,1.000,0.000,0,1,4,0,0,5,4,1,0,0.2,0.8,0.0,0.2222222222222222,0.7777777777777778
"G[1,1](((BaseExcess >= 0.000 & PaCO2 >= 0.000) -> Creatinine <= 0.000) | MAP <= 0.000)
",0.000,0.000,0.000,1.000,0.000,0,1,4,0,0,5,4,1,0,0.2,0.8,0.0,0.2222222222222222,0.7777777777777778
"G[1,2](Glucose >= 7.326 | Resp <= 20.831)
",-9999999.000,0.000,9999999.000,1.000,0.000,0,1,4,0,0,5,4,1,0,0.2,0.8,0.0,0.2222222222222222,0.7777777777777778
"G[1,2]((Hct <= 22.638 -> Resp <= 18.391) -> Temp >= 13.552)
",-9999999.000,0.000,9999999.000,1.000,0.000,0,1,4,0,0,5,4,1,0,0.2,0.8,0.0,0.2222222222222222,0.7777777777777778
"G[1,2]((Lactate >= 0.000 -> HCO3 >= 0.487) -> Chloride <= 11.899)
",-9999999.000,0.000,9999999.000,1.000,0.000,0,1,4,0,0,5,4,1,0,0.2,0.8,0.0,0.2222222222222222,0.7777777777777778
"G[0,2]((HR <= 89.267 -> Resp >= 17.106) & DBP <= 19.522)
",-9999999.000,0.000,9999999.000,1.000,0.000,0,1,4,0,0,5,4,1,0,0.2,0.8,0.0,0.2222222222222222,0.7777777777777778
"G[1,2](Hgb <= 5.002 | PTT >= 0.027)
",-9999999.000,0.000,9999999.000,1.000,0.000,0,1,4,0,0,5,4,1,0,0.2,0.8,0.0,0.2222222222222222,0.7777777777777778
"G[0,2]((Glucose <= 70.474 -> Hgb <= 2.229) | Chloride >= 0.610)
",-9999999.000,0.000,9999999.000,1.000,0.000,0,1,4,0,0,5,4,1,0,0.2,0.8,0.0,0.2222222222222222,0.7777777777777778
"G[0,1](((PaCO2 >= 0.000 | O2Sat <= 98.289) | FiO2 <= 87.347) & Chloride <= 93.024)
",-9999999.000,0.000,9999999.000,1.000,0.000,0,1,4,0,0,5,4,1,0,0.2,0.8,0.0,0.2222222222222222,0.7777777777777778
"G[0,0](((Temp >= 12.988 -> Chloride <= 111.772) -> Platelets <= 49.638) & SBP >= 7.361)
",49.638,0.000,-49.638,1.000,0.000,0,1,4,0,0,5,4,1,0,0.2,0.8,0.0,0.2222222222222222,0.7777777777777778
"G[1,1]((Hgb <= 4.679 -> Magnesium >= 0.218) -> Phosphate >= 0.227)
",-0.227,0.000,0.227,1.000,0.000,0,1,4,0,0,5,4,1,0,0.2,0.8,0.0,0.2222222222222222,0.7777777777777778
"G[0,2]((O2Sat <= 89.593 & Potassium <= 2.434) -> pH >= 0.458)
",-9999999.000,0.000,9999999.000,1.000,0.000,0,1,4,0,0,5,4,1,0,0.2,0.8,0.0,0.2222222222222222,0.7777777777777778
"G[1,1](Bilirubin_total <= 0.000 & Phosphate <= 2.106)
",0.000,0.000,0.000,1.000,0.000,0,1,4,0,0,5,4,1,0,0.2,0.8,0.0,0.2222222222222222,0.7777777777777778
"G[0,1](SaO2 <= 0.000 & SepsisLabel = 1.000)
",-9999999.000,0.000,9999999.000,1.000,0.000,0,0,5,0,0,5,5,0,0,0.0,1.0,0.0,0.0,1.0
"G[1,1](((Bilirubin_direct >= 0.000 -> Alkalinephos >= 0.000) -> Bilirubin_direct <= 0.000) | PaCO2 >= 0.000)
",0.000,0.000,0.000,1.000,0.000,0,0,5,0,0,5,5,0,0,0.0,1.0,0.0,0.0,1.0
"G[0,0](((Platelets <= 31.559 | Magnesium <= 0.856) | Phosphate <= 0.628) | Bilirubin_total >= 0.139)
",-31.559,0.000,31.559,1.000,0.000,0,0,5,0,0,5,5,0,0,0.0,1.0,0.0,0.0,1.0
"G[0,2]((Hgb >= 0.348 -> pH <= 0.000) | Glucose >= 0.000)
",-9999999.000,0.000,9999999.000,1.000,0.000,0,0,5,0,0,5,5,0,0,0.0,1.0,0.0,0.0,1.0
"G[0,2](TroponinI <= 0.000 -> Bilirubin_total <= 0.000)
",-9999999.000,0.000,9999999.000,1.000,0.000,0,0,5,0,0,5,5,0,0,0.0,1.0,0.0,0.0,1.0
"G[0,1]((Creatinine <= 0.834 | Potassium <= 1.306) -> pH <= 3.130)
",-9999999.000,0.000,9999999.000,1.000,0.000,0,0,5,0,0,5,5,0,0,0.0,1.0,0.0,0.0,1.0
"G[1,1](((Bilirubin_total <= 0.000 | Lactate <= 0.000) | AST >= 0.000) | Lactate >= 0.000)
",0.000,0.000,0.000,1.000,0.000,0,0,5,0,0,5,5,0,0,0.0,1.0,0.0,0.0,1.0
"G[0,1](((Hct <= 11.058 | FiO2 <= 0.000) & Bilirubin_direct <= 0.000) | SepsisLabel >= 0.000)
",-9999999.000,0.000,9999999.000,1.000,0.000,0,0,5,0,0,5,5,0,0,0.0,1.0,0.0,0.0,1.0
"G[0,2](FiO2 >= 0.000 | Potassium >= 0.439)
",-9999999.000,0.000,9999999.000,1.000,0.000,0,0,5,0,0,5,5,0,0,0.0,1.0,0.0,0.0,1.0
"G[2,2](HR > 85.524 -> SepsisLabel = 1.000)
",-1.000,0.000,1.000,1.000,0.000,0,0,5,0,0,5,5,0,0,0.0,1.0,0.0,0.0,1.0
"G[0,2](FiO2 >= 0.000 | Bilirubin_direct <= 0.000)
",-9999999.000,0.000,9999999.000,1.000,0.000,0,0,5,0,0,5,5,0,0,0.0,1.0,0.0,0.0,1.0
"G[1,2]((Hct <= 12.110 | Platelets <= 64.904) -> Resp <= 84.985)
",-9999999.000,0.000,9999999.000,1.000,0.000,0,0,5,0,0,5,5,0,0,0.0,1.0,0.0,0.0,1.0
"G[2,2](((Lactate <= 0.000 | Chloride >= 6.826) & Phosphate >= 6.201) & Bilirubin_direct <= 45.966)
",6.201,0.000,-6.201,1.000,0.000,0,0,5,0,0,5,5,0,0,0.0,1.0,0.0,0.0,1.0
"G[0,2](((Glucose >= 8.465 & PTT <= 7.070) & DBP >= 0.557) -> Fibrinogen <= 24.777)
",-9999999.000,0.000,9999999.000,1.000,0.000,0,0,5,0,0,5,5,0,0,0.0,1.0,0.0,0.0,1.0
"G[0,1](BaseExcess <= 0.000 | MAP >= 68.909)
",-9999999.000,0.000,9999999.000,1.000,0.000,0,0,5,0,0,5,5,0,0,0.0,1.0,0.0,0.0,1.0
"G[0,0](Magnesium <= 0.727 | Temp <= 32.711)
",-0.727,0.000,0.727,1.000,0.000,0,0,5,0,0,5,5,0,0,0.0,1.0,0.0,0.0,1.0
"G[1,1](((Bilirubin_total <= 0.000 -> TroponinI <= 0.000) | Phosphate >= 0.000) & Bilirubin_direct >= 0.000)
",0.000,0.000,0.000,1.000,0.000,0,0,5,0,0,5,5,0,0,0.0,1.0,0.0,0.0,1.0
"G[1,1](((Calcium >= 0.499 | Phosphate <= 3.966) & Phosphate <= 4.424) -> O2Sat >= 0.469)
",3.966,0.000,-3.966,1.000,0.000,0,0,5,0,0,5,5,0,0,0.0,1.0,0.0,0.0,1.0
"G[0,2]((Bilirubin_direct >= 0.000 & Lactate >= 0.000) | Bilirubin_direct <= 0.000)
",-9999999.000,0.000,9999999.000,1.000,0.000,0,0,5,0,0,5,5,0,0,0.0,1.0,0.0,0.0,1.0
"G[2,2](((MAP <= 79.823 | Calcium >= 0.727) & Fibrinogen >= 0.584) | Lactate <= 3.179)
",-3.179,0.000,3.179,1.000,0.000,0,0,5,0,0,5,5,0,0,0.0,1.0,0.0,0.0,1.0
"G[0,1]((HR >= 37.597 | Hct <= 9.334) & Hgb <= 22.996)
",-9999999.000,0.000,9999999.000,1.000,0.000,0,0,5,0,0,5,5,0,0,0.0,1.0,0.0,0.0,1.0
"G[2,2]((Temp >= 1.825 & BaseExcess <= 0.000) & pH >= 0.000)
",1.825,0.000,-1.825,1.000,0.000,0,0,5,0,0,5,5,0,0,0.0,1.0,0.0,0.0,1.0
"G[0,2](Chloride <= 18.434 | HCO3 >= 0.682)
",-9999999.000,0.000,9999999.000,1.000,0.000,0,0,5,0,0,5,5,0,0,0.0,1.0,0.0,0.0,1.0
"G[1,2](Calcium > 0.356 -> SepsisLabel = 1.000)
",-9999999.000,0.000,9999999.000,1.000,0.000,0,0,5,0,0,5,5,0,0,0.0,1.0,0.0,0.0,1.0
"G[1,1](((SepsisLabel <= 1.000 -> PaCO2 <= 0.000) -> SBP >= 0.000) -> SBP >= 0.000)
",0.000,0.000,0.000,1.000,0.000,0,0,5,0,0,5,5,0,0,0.0,1.0,0.0,0.0,1.0
"G[1,2]((PaCO2 <= 0.000 -> O2Sat >= 36.852) -> HCO3 <= 90.332)
",-9999999.000,0.000,9999999.000,1.000,0.000,0,0,5,0,0,5,5,0,0,0.0,1.0,0.0,0.0,1.0
"G[2,2]((Potassium >= 0.358 & Hgb >= 0.354) | SBP <= 3.283)
",-3.283,0.000,3.283,1.000,0.000,0,0,5,0,0,5,5,0,0,0.0,1.0,0.0,0.0,1.0
"G[0,0](Bilirubin_direct >= 0.000 & SaO2 >= 0.000)
",0.000,0.000,0.000,1.000,0.000,0,0,5,0,0,5,5,0,0,0.0,1.0,0.0,0.0,1.0
"G[0,0](Bilirubin_total <= 0.000 & BaseExcess <= 0.000)
",0.000,0.000,0.000,1.000,0.000,0,0,5,0,0,5,5,0,0,0.0,1.0,0.0,0.0,1.0
"G[0,2](Phosphate >= 0.369 | AST >= 0.000)
",-9999999.000,0.000,9999999.000,1.000,0.000,0,0,5,0,0,5,5,0,0,0.0,1.0,0.0,0.0,1.0
"G[0,2]((AST >= 0.000 | SepsisLabel >= 1.000) | SBP >= 1.000)
",-9999999.000,0.000,9999999.000,1.000,0.000,0,0,5,0,0,5,5,0,0,0.0,1.0,0.0,0.0,1.0
"G[2,2](((Lactate <= 0.000 & O2Sat >= 19.623) | Alkalinephos <= 99.946) & Lactate >= 83.166)
",83.166,0.000,-83.166,1.000,0.000,0,0,5,0,0,5,5,0,0,0.0,1.0,0.0,0.0,1.0
"G[1,1]((SBP <= 144.057 & Calcium <= 2.859) | EtCO2 <= 1.798)
",-2.859,0.000,2.859,1.000,0.000,0,0,5,0,0,5,5,0,0,0.0,1.0,0.0,0.0,1.0
"G[0,2](Bilirubin_total >= 0.000 & Bilirubin_direct <= 0.000)
",-9999999.000,0.000,9999999.000,1.000,0.000,0,0,5,0,0,5,5,0,0,0.0,1.0,0.0,0.0,1.0
"G[1,2](((Platelets <= 33.491 & SBP <= 127.523) & Glucose <= 129.307) | HR <= 123.927)
",-9999999.000,0.000,9999999.000,1.000,0.000,0,0,5,0,0,5,5,0,0,0.0,1.0,0.0,0.0,1.0
"G[0,1]((MAP >= 68.848 -> Resp >= 16.431) | HR <= 22.022)
",-9999999.000,0.000,9999999.000,1.000,0.000,0,0,5,0,0,5,5,0,0,0.0,1.0,0.0,0.0,1.0
"G[2,2](BUN <= 29.135 & Creatinine >= 0.231)
",0.231,0.000,-0.231,1.000,0.000,0,0,5,0,0,5,5,0,0,0.0,1.0,0.0,0.0,1.0
"G[0,1](((Temp >= 11.971 -> HR <= 104.259) & DBP >= 6.866) -> Bilirubin_direct >= 15.755)
",-9999999.000,0.000,9999999.000,1.000,0.000,0,0,5,0,0,5,5,0,0,0.0,1.0,0.0,0.0,1.0
"G[0,2](((Hgb <= 7.576 | Temp <= 24.635) -> WBC <= 23.267) | HCO3 >= 16.020)
",-9999999.000,0.000,9999999.000,1.000,0.000,0,0,5,0,0,5,5,0,0,0.0,1.0,0.0,0.0,1.0
"G[0,1](((SBP >= 16.624 | pH >= 0.000) -> EtCO2 <= 0.000) | AST <= 0.000)
",-9999999.000,0.000,9999999.000,1.000,0.000,0,0,5,0,0,5,5,0,0,0.0,1.0,0.0,0.0,1.0
"G[2,2](HCO3 <= 12.132 -> O2Sat >= 12.350)
",12.132,0.000,-12.132,1.000,0.000,0,0,5,0,0,5,5,0,0,0.0,1.0,0.0,0.0,1.0
"G[0,1](Platelets >= 6.513 -> FiO2 >= 0.000)
",-9999999.000,0.000,9999999.000,1.000,0.000,0,0,5,0,0,5,5,0,0,0.0,1.0,0.0,0.0,1.0
"G[0,2](Calcium <= 1.140 | Phosphate >= 0.315)
",-9999999.000,0.000,9999999.000,1.000,0.000,0,0,5,0,0,5,5,0,0,0.0,1.0,0.0,0.0,1.0
"G[2,2](((Potassium <= 3.492 & SBP <= 140.277) & Potassium <= 135.630) | Creatinine <= 137.831)
",-137.831,0.000,137.831,1.000,0.000,0,0,5,0,0,5,5,0,0,0.0,1.0,0.0,0.0,1.0
"G[1,2](((Calcium >= 0.582 | BUN <= 81.719) -> Hgb >= 5.268) | FiO2 <= 83.492)
",-9999999.000,0.000,9999999.000,1.000,0.000,0,0,5,0,0,5,5,0,0,0.0,1.0,0.0,0.0,1.0
"G[2,2](HR >= 53.761 -> Bilirubin_direct >= 0.000)
",0.000,0.000,0.000,1.000,0.000,0,0,5,0,0,5,5,0,0,0.0,1.0,0.0,0.0,1.0
"G[0,1]((PaCO2 >= 0.000 & SaO2 <= 0.000) -> Creatinine >= 0.000)
",-9999999.000,0.000,9999999.000,1.000,0.000,0,0,5,0,0,5,5,0,0,0.0,1.0,0.0,0.0,1.0
"G[2,2](Platelets <= 53.112 -> WBC >= 0.163)
",53.112,0.000,-53.112,1.000,0.000,0,0,5,0,0,5,5,0,0,0.0,1.0,0.0,0.0,1.0
"G[0,1]((HR >= 48.740 -> Temp <= 23.928) -> Hct <= 33.796)
",-9999999.000,0.000,9999999.000,1.000,0.000,0,0,5,0,0,5,5,0,0,0.0,1.0,0.0,0.0,1.0
"G[0,0](((SBP >= 70.528 | EtCO2 <= 0.000) | BaseExcess >= 0.000) -> pH <= 0.000)
",0.000,0.000,0.000,1.000,0.000,0,0,5,0,0,5,5,0,0,0.0,1.0,0.0,0.0,1.0
"G[1,2](((FiO2 >= 0.000 & Alkalinephos >= 0.000) & Alkalinephos >= 0.000) | Hct <= 0.000)
",-9999999.000,0.000,9999999.000,1.000,0.000,0,0,5,0,0,5,5,0,0,0.0,1.0,0.0,0.0,1.0
"G[2,2]((Resp >= 12.538 -> O2Sat >= 78.663) | Bilirubin_total <= 89.964)
",-89.964,0.000,89.964,1.000,0.000,0,0,5,0,0,5,5,0,0,0.0,1.0,0.0,0.0,1.0
"G[1,2](((Platelets >= 17.606 | SBP >= 89.072) | Temp <= 125.606) -> HR <= 122.775)
",-9999999.000,0.000,9999999.000,1.000,0.000,0,0,5,0,0,5,5,0,0,0.0,1.0,0.0,0.0,1.0
"G[0,2]((O2Sat >= 17.049 -> BUN <= 51.026) | DBP <= 31.166)
",-9999999.000,0.000,9999999.000,1.000,0.000,0,0,5,0,0,5,5,0,0,0.0,1.0,0.0,0.0,1.0
"G[2,2](((SBP >= 57.952 & WBC >= 0.323) -> Platelets >= 0.222) & Potassium <= 1.352)
",-0.222,0.000,0.222,1.000,0.000,0,0,5,0,0,5,5,0,0,0.0,1.0,0.0,0.0,1.0
"G[1,1]((Creatinine >= 0.249 & SaO2 <= 0.000) -> AST >= 0.000)
",0.000,0.000,0.000,1.000,0.000,0,0,5,0,0,5,5,0,0,0.0,1.0,0.0,0.0,1.0
"G[2,2](BUN <= 63.495 & Creatinine >= 0.297)
",0.297,0.000,-0.297,1.000,0.000,0,0,5,0,0,5,5,0,0,0.0,1.0,0.0,0.0,1.0
"G[0,0]((Hct <= 24.375 | EtCO2 <= 0.000) & Glucose >= 0.000)
",0.000,0.000,0.000,1.000,0.000,0,0,5,0,0,5,5,0,0,0.0,1.0,0.0,0.0,1.0
"G[2,2]((Calcium <= 7.469 -> O2Sat <= 95.776) -> EtCO2 >= 45.935)
",-45.935,0.000,45.935,1.000,0.000,0,0,5,0,0,5,5,0,0,0.0,1.0,0.0,0.0,1.0
"G[2,2](((Hgb <= 2.966 | Hct <= 8.554) -> WBC >= 0.867) & Platelets >= 14.792)
",14.792,0.000,-14.792,1.000,0.000,0,0,5,0,0,5,5,0,0,0.0,1.0,0.0,0.0,1.0
"G[2,2](((HCO3 >= 1.245 | Bilirubin_total <= 0.000) -> PaCO2 >= 0.000) | PTT >= 0.000)
",0.000,0.000,0.000,1.000,0.000,0,0,5,0,0,5,5,0,0,0.0,1.0,0.0,0.0,1.0
"G[2,2](Potassium >= 0.243 & Resp <= 21.608)
",0.243,0.000,-0.243,1.000,0.000,0,0,5,0,0,5,5,0,0,0.0,1.0,0.0,0.0,1.0
"G[1,2]((Fibrinogen >= 0.000 & Fibrinogen <= 0.000) | Platelets <= 0.000)
",-9999999.000,0.000,9999999.000,1.000,0.000,0,0,5,0,0,5,5,0,0,0.0,1.0,0.0,0.0,1.0
"G[1,2](((Glucose >= 2.843 & Hct >= 5.154) -> O2Sat <= 19.580) | Glucose >= 4.705)
",-9999999.000,0.000,9999999.000,1.000,0.000,0,0,5,0,0,5,5,0,0,0.0,1.0,0.0,0.0,1.0
"G[1,2]((FiO2 <= 0.000 & pH <= 0.000) | BaseExcess >= 0.000)
",-9999999.000,0.000,9999999.000,1.000,0.000,0,0,5,0,0,5,5,0,0,0.0,1.0,0.0,0.0,1.0
"G[0,1]((PaCO2 >= 0.000 -> FiO2 <= 0.000) & Calcium >= 0.000)
",-9999999.000,0.000,9999999.000,1.000,0.000,0,0,5,0,0,5,5,0,0,0.0,1.0,0.0,0.0,1.0
"G[1,1]((Phosphate <= 1.361 & Temp >= 15.037) -> HCO3 <= 33.352)
",33.352,0.000,-33.352,1.000,0.000,0,0,5,0,0,5,5,0,0,0.0,1.0,0.0,0.0,1.0
"G[0,2]((MAP >= 31.019 & Temp <= 21.722) | BaseExcess <= 28.493)
",-9999999.000,0.000,9999999.000,1.000,0.000,0,0,5,0,0,5,5,0,0,0.0,1.0,0.0,0.0,1.0
"G[0,0]((AST >= 0.000 | TroponinI <= 0.000) & Platelets <= 0.000)
",0.000,0.000,0.000,1.000,0.000,0,0,5,0,0,5,5,0,0,0.0,1.0,0.0,0.0,1.0
"G[2,2](Chloride >= 9.336 & HCO3 >= 1.826)
",9.336,0.000,-9.336,1.000,0.000,0,0,5,0,0,5,5,0,0,0.0,1.0,0.0,0.0,1.0
"G[1,2]((BUN >= 7.238 -> Resp >= 14.692) | TroponinI >= 16.334)
",-9999999.000,0.000,9999999.000,1.000,0.000,0,0,5,0,0,5,5,0,0,0.0,1.0,0.0,0.0,1.0
"G[1,1](((EtCO2 <= 0.000 & Temp >= 12.034) | HR <= 33.703) | HCO3 <= 17.078)
",-33.703,0.000,33.703,1.000,0.000,0,0,5,0,0,5,5,0,0,0.0,1.0,0.0,0.0,1.0
"G[0,2](((O2Sat <= 91.568 -> Creatinine >= 0.011) | FiO2 <= 1.029) | Magnesium >= 0.050)
",-9999999.000,0.000,9999999.000,1.000,0.000,0,0,5,0,0,5,5,0,0,0.0,1.0,0.0,0.0,1.0
"G[0,2]((Calcium >= 0.542 & Resp <= 19.292) -> HR >= 2.030)
",-9999999.000,0.000,9999999.000,1.000,0.000,0,0,5,0,0,5,5,0,0,0.0,1.0,0.0,0.0,1.0
"G[0,2]((pH >= 0.000 | Phosphate <= 1.041) | DBP <= 0.913)
",-9999999.000,0.000,9999999.000,1.000,0.000,0,0,5,0,0,5,5,0,0,0.0,1.0,0.0,0.0,1.0
"G[2,2](((BUN >= 0.599 | Bilirubin_direct >= 0.000) -> Hct >= 0.000) | Alkalinephos >= 0.000)
",0.000,0.000,0.000,1.000,0.000,0,0,5,0,0,5,5,0,0,0.0,1.0,0.0,0.0,1.0
"G[1,1](((Calcium <= 4.152 -> Hgb <= 4.441) & Hct <= 2.870) -> SBP >= 0.887)
",-0.887,0.000,0.887,1.000,0.000,0,0,5,0,0,5,5,0,0,0.0,1.0,0.0,0.0,1.0
"G[1,1]((WBC >= 0.325 -> Resp >= 15.771) -> HCO3 <= 21.369)
",21.369,0.000,-21.369,1.000,0.000,0,0,5,0,0,5,5,0,0,0.0,1.0,0.0,0.0,1.0
"G[1,2]((BUN <= 85.253 & BaseExcess <= 0.000) -> SBP >= 0.000)
",-9999999.000,0.000,9999999.000,1.000,0.000,0,0,5,0,0,5,5,0,0,0.0,1.0,0.0,0.0,1.0
"G[0,0](((SBP >= 114.944 | pH >= 0.000) & Magnesium >= 0.000) & Phosphate >= 0.000)
",0.000,0.000,0.000,1.000,0.000,0,0,5,0,0,5,5,0,0,0.0,1.0,0.0,0.0,1.0
"G[0,2](BUN >= 5.771 -> SepsisLabel = 1.000)
",-9999999.000,0.000,9999999.000,1.000,0.000,0,0,5,0,0,5,5,0,0,0.0,1.0,0.0,0.0,1.0
"G[0,2](DBP <= 0.000 -> SepsisLabel <= 1.000)
",-9999999.000,0.000,9999999.000,1.000,0.000,0,0,5,0,0,5,5,0,0,0.0,1.0,0.0,0.0,1.0
"G[1,2](HCO3 > 0.979 -> SepsisLabel = 1.000)
",-9999999.000,0.000,9999999.000,1.000,0.000,0,0,5,0,0,5,5,0,0,0.0,1.0,0.0,0.0,1.0
"G[0,2](PaCO2 >= 0.000 | EtCO2 <= 0.000)
",-9999999.000,0.000,9999999.000,1.000,0.000,0,0,5,0,0,5,5,0,0,0.0,1.0,0.0,0.0,1.0
"G[0,0](SaO2 <= 0.000 & SepsisLabel = 1.000)
",1.000,0.000,-1.000,1.000,0.000,0,0,5,0,0,5,5,0,0,0.0,1.0,0.0,0.0,1.0
"G[0,0]((BUN >= 8.325 -> Magnesium <= 0.475) -> Glucose <= 2.158)
",2.158,0.000,-2.158,1.000,0.000,0,0,5,0,0,5,5,0,0,0.0,1.0,0.0,0.0,1.0
"G[1,1]((PTT <= 23.887 | Bilirubin_total <= 0.000) | Hct >= 0.000)
",-23.887,0.000,23.887,1.000,0.000,0,0,5,0,0,5,5,0,0,0.0,1.0,0.0,0.0,1.0
"G[0,0](((Fibrinogen >= 0.000 | PTT <= 12.604) | SepsisLabel <= 13.837) | Hct <= 25.724)
",-25.724,0.000,25.724,1.000,0.000,0,0,5,0,0,5,5,0,0,0.0,1.0,0.0,0.0,1.0
"G[1,1]((Temp >= 11.563 -> TroponinI <= 0.000) -> HCO3 >= 0.000)
",0.000,0.000,0.000,1.000,0.000,0,0,5,0,0,5,5,0,0,0.0,1.0,0.0,0.0,1.0
"G[2,2](SepsisLabel >= 1.000 | Bilirubin_total >= 0.000)
",0.000,0.000,0.000,1.000,0.000,0,0,5,0,0,5,5,0,0,0.0,1.0,0.0,0.0,1.0
"G[2,2](Bilirubin_total < 0.000 -> SepsisLabel = 1.000)
",0.000,0.000,0.000,1.000,0.000,0,0,5,0,0,5,5,0,0,0.0,1.0,0.0,0.0,1.0
"G[0,1](Creatinine <= 0.530 -> SepsisLabel = 1.000)
",-9999999.000,0.000,9999999.000,1.000,0.000,0,0,5,0,0,5,5,0,0,0.0,1.0,0.0,0.0,1.0
"G[0,1](((PTT >= 0.170 | Lactate <= 0.000) & SBP <= 0.000) -> FiO2 <= 0.000)
",-9999999.000,0.000,9999999.000,1.000,0.000,0,0,5,0,0,5,5,0,0,0.0,1.0,0.0,0.0,1.0
"G[1,2]((Hct >= 3.016 | SaO2 >= 0.000) & HR >= 0.000)
",-9999999.000,0.000,9999999.000,1.000,0.000,0,0,5,0,0,5,5,0,0,0.0,1.0,0.0,0.0,1.0
"G[1,2](Hgb <= 3.248 -> AST <= 0.000)
",-9999999.000,0.000,9999999.000,1.000,0.000,0,0,5,0,0,5,5,0,0,0.0,1.0,0.0,0.0,1.0
"G[0,1](((Lactate >= 0.000 & Hgb <= 5.102) & SaO2 >= 1.529) -> Chloride <= 9.769)
",-9999999.000,0.000,9999999.000,1.000,0.000,0,0,5,0,0,5,5,0,0,0.0,1.0,0.0,0.0,1.0
"G[2,2](Lactate < 0.000 & SepsisLabel = 1.000)
",1.000,0.000,-1.000,1.000,0.000,0,0,5,0,0,5,5,0,0,0.0,1.0,0.0,0.0,1.0
"G[1,1](Phosphate >= 0.107 | AST >= 0.000)
",0.000,0.000,0.000,1.000,0.000,0,0,5,0,0,5,5,0,0,0.0,1.0,0.0,0.0,1.0
"G[1,1]((Creatinine >= 0.256 -> Bilirubin_total >= 0.000) | SBP >= 0.000)
",0.000,0.000,0.000,1.000,0.000,0,0,5,0,0,5,5,0,0,0.0,1.0,0.0,0.0,1.0
"G[1,1](((Resp >= 10.251 -> Phosphate >= 0.232) | Magnesium <= 2.656) & Lactate <= 3.032)
",-2.656,0.000,2.656,1.000,0.000,0,0,5,0,0,5,5,0,0,0.0,1.0,0.0,0.0,1.0
"G[0,1](((Resp >= 13.338 & Resp <= 20.879) | MAP >= 5.845) -> DBP <= 22.845)
",-9999999.000,0.000,9999999.000,1.000,0.000,0,0,5,0,0,5,5,0,0,0.0,1.0,0.0,0.0,1.0
"G[0,0]((SaO2 <= 0.000 & Fibrinogen <= 0.000) | Chloride <= 0.000)
",0.000,0.000,0.000,1.000,0.000,0,0,5,0,0,5,5,0,0,0.0,1.0,0.0,0.0,1.0
"G[0,1]((TroponinI <= 0.000 & Glucose <= 15.694) -> HCO3 <= 64.757)
",-9999999.000,0.000,9999999.000,1.000,0.000,0,0,5,0,0,5,5,0,0,0.0,1.0,0.0,0.0,1.0
"G[1,2]((BUN >= 1.855 -> SBP <= 133.019) -> MAP >= 73.464)
",-9999999.000,0.000,9999999.000,1.000,0.000,0,0,5,0,0,5,5,0,0,0.0,1.0,0.0,0.0,1.0
"G[2,2]((MAP >= 25.423 | FiO2 <= 0.000) & Bilirubin_direct <= 0.000)
",0.000,0.000,0.000,1.000,0.000,0,0,5,0,0,5,5,0,0,0.0,1.0,0.0,0.0,1.0
"G[0,0]((Lactate <= 0.000 | SepsisLabel <= 1.000) | Platelets <= 1.000)
",-1.000,0.000,1.000,1.000,0.000,0,0,5,0,0,5,5,0,0,0.0,1.0,0.0,0.0,1.0
"G[0,1](Bilirubin_direct >= 0.000 | BaseExcess >= 0.000)
",-9999999.000,0.000,9999999.000,1.000,0.000,0,0,5,0,0,5,5,0,0,0.0,1.0,0.0,0.0,1.0
"G[2,2]((MAP >= 0.383 & Resp <= 21.291) -> Calcium <= 23.471)
",23.471,0.000,-23.471,1.000,0.000,0,0,5,0,0,5,5,0,0,0.0,1.0,0.0,0.0,1.0
"G[2,2]((PTT >= 1.065 | SaO2 <= 0.000) -> HCO3 >= 0.000)
",0.000,0.000,0.000,1.000,0.000,0,0,5,0,0,5,5,0,0,0.0,1.0,0.0,0.0,1.0
"G[1,2]((O2Sat >= 24.998 & Resp >= 9.512) & HCO3 <= 21.949)
",-9999999.000,0.000,9999999.000,1.000,0.000,0,0,5,0,0,5,5,0,0,0.0,1.0,0.0,0.0,1.0
"G[1,2](((Temp >= 4.894 | DBP >= 0.000) | Magnesium >= 0.000) | Creatinine >= 0.000)
",-9999999.000,0.000,9999999.000,1.000,0.000,0,0,5,0,0,5,5,0,0,0.0,1.0,0.0,0.0,1.0
"G[1,2](((HR >= 16.947 -> SBP <= 123.322) -> HCO3 >= 76.362) & TroponinI <= 124.300)
",-9999999.000,0.000,9999999.000,1.000,0.000,0,0,5,0,0,5,5,0,0,0.0,1.0,0.0,0.0,1.0
"G[2,2](((Glucose <= 48.233 | Phosphate <= 4.455) | PaCO2 >= 0.050) & Hgb >= 0.382)
",0.382,0.000,-0.382,1.000,0.000,0,0,5,0,0,5,5,0,0,0.0,1.0,0.0,0.0,1.0
"G[0,2](Lactate >= 0.000 & SepsisLabel = 1.000)
",-9999999.000,0.000,9999999.000,1.000,0.000,0,0,5,0,0,5,5,0,0,0.0,1.0,0.0,0.0,1.0
"G[2,2](((PTT <= 15.753 & PTT <= 24.921) | SaO2 >= 3.228) | Hct <= 28.830)
",-28.830,0.000,28.830,1.000,0.000,0,0,5,0,0,5,5,0,0,0.0,1.0,0.0,0.0,1.0
"G[0,1](Bilirubin_total <= 0.000 -> SaO2 >= 0.000)
",-9999999.000,0.000,9999999.000,1.000,0.000,0,0,5,0,0,5,5,0,0,0.0,1.0,0.0,0.0,1.0
"G[2,2](Phosphate >= 0.369 -> HR <= 99.621)
",99.621,0.000,-99.621,1.000,0.000,0,0,5,0,0,5,5,0,0,0.0,1.0,0.0,0.0,1.0
"G[1,1]((FiO2 >= 0.000 | DBP >= 0.000) -> BaseExcess <= 0.000)
",0.000,0.000,0.000,1.000,0.000,0,0,5,0,0,5,5,0,0,0.0,1.0,0.0,0.0,1.0
"G[0,2](Chloride <= 25.396 -> Bilirubin_direct <= 0.000)
",-9999999.000,0.000,9999999.000,1.000,0.000,0,0,5,0,0,5,5,0,0,0.0,1.0,0.0,0.0,1.0
"G[0,0](Resp >= 6.522 -> SepsisLabel = 1.000)
",-1.000,0.000,1.000,1.000,0.000,0,0,5,0,0,5,5,0,0,0.0,1.0,0.0,0.0,1.0
"G[0,2](Hct >= 0.506 -> Fibrinogen >= 0.000)
",-9999999.000,0.000,9999999.000,1.000,0.000,0,0,5,0,0,5,5,0,0,0.0,1.0,0.0,0.0,1.0
"G[0,0](Bilirubin_total < 0.000 -> SepsisLabel = 1.000)
",0.000,0.000,0.000,1.000,0.000,0,0,5,0,0,5,5,0,0,0.0,1.0,0.0,0.0,1.0
"G[0,2](SepsisLabel <= 1.000 & EtCO2 <= 0.000)
",-9999999.000,0.000,9999999.000,1.000,0.000,0,0,5,0,0,5,5,0,0,0.0,1.0,0.0,0.0,1.0
"G[1,2](((BaseExcess >= 0.000 | BaseExcess <= 0.000) | O2Sat <= 0.000) & Bilirubin_direct >= 0.000)
",-9999999.000,0.000,9999999.000,1.000,0.000,0,0,5,0,0,5,5,0,0,0.0,1.0,0.0,0.0,1.0
"G[0,2](((TroponinI >= 0.000 | Bilirubin_direct <= 0.000) -> Alkalinephos <= 0.000) & TroponinI >= 0.000)
",-9999999.000,0.000,9999999.000,1.000,0.000,0,0,5,0,0,5,5,0,0,0.0,1.0,0.0,0.0,1.0
"G[0,2](((SaO2 <= 0.000 | MAP <= 84.295) -> PaCO2 <= 81.068) | WBC >= 58.702)
",-9999999.000,0.000,9999999.000,1.000,0.000,0,0,5,0,0,5,5,0,0,0.0,1.0,0.0,0.0,1.0
"G[0,2](Phosphate <= 3.263 | SBP >= 101.299)
",-9999999.000,0.000,9999999.000,1.000,0.000,0,0,5,0,0,5,5,0,0,0.0,1.0,0.0,0.0,1.0
"G[2,2](((EtCO2 >= 0.000 -> TroponinI >= 0.000) -> Temp >= 0.000) | Hct <= 0.000)
",0.000,0.000,0.000,1.000,0.000,0,0,5,0,0,5,5,0,0,0.0,1.0,0.0,0.0,1.0
"G[0,1](BaseExcess <= 0.000 -> FiO2 >= 0.000)
",-9999999.000,0.000,9999999.000,1.000,0.000,0,0,5,0,0,5,5,0,0,0.0,1.0,0.0,0.0,1.0
"G[2,2]((HCO3 >= 1.308 -> PaCO2 >= 0.000) & Alkalinephos <= 0.000)
",0.000,0.000,0.000,1.000,0.000,0,0,5,0,0,5,5,0,0,0.0,1.0,0.0,0.0,1.0
"G[0,1](BaseExcess >= 0.000 | Calcium <= 5.843)
",-9999999.000,0.000,9999999.000,1.000,0.000,0,0,5,0,0,5,5,0,0,0.0,1.0,0.0,0.0,1.0
"G[1,2](((Lactate <= 0.000 -> Potassium >= 0.023) -> EtCO2 <= 3.846) | Creatinine <= 2.052)
",-9999999.000,0.000,9999999.000,1.000,0.000,0,0,5,0,0,5,5,0,0,0.0,1.0,0.0,0.0,1.0
"G[0,2](Chloride <= 86.169 -> SepsisLabel = 1.000)
",-9999999.000,0.000,9999999.000,1.000,0.000,0,0,5,0,0,5,5,0,0,0.0,1.0,0.0,0.0,1.0
"G[1,2](DBP <= 0.000 & SepsisLabel = 1.000)
",-9999999.000,0.000,9999999.000,1.000,0.000,0,0,5,0,0,5,5,0,0,0.0,1.0,0.0,0.0,1.0
"G[0,1](SBP >= 84.123 -> SepsisLabel = 1.000)
",-9999999.000,0.000,9999999.000,1.000,0.000,0,0,5,0,0,5,5,0,0,0.0,1.0,0.0,0.0,1.0
"G[0,1](DBP <= 0.000 & SepsisLabel = 1.000)
",-9999999.000,0.000,9999999.000,1.000,0.000,0,0,5,0,0,5,5,0,0,0.0,1.0,0.0,0.0,1.0
"G[0,0]((BUN <= 61.758 -> BUN <= 39.488) & PTT <= 11.133)
",61.758,0.000,-61.758,1.000,0.000,0,0,5,0,0,5,5,0,0,0.0,1.0,0.0,0.0,1.0
"G[0,1](Lactate >= 0.000 -> SepsisLabel = 1.000)
",-9999999.000,0.000,9999999.000,1.000,0.000,0,0,5,0,0,5,5,0,0,0.0,1.0,0.0,0.0,1.0
"G[1,2](((Bilirubin_direct >= 0.000 & EtCO2 >= 0.000) -> Creatinine >= 0.000) -> Phosphate >= 0.000)
",-9999999.000,0.000,9999999.000,1.000,0.000,0,0,5,0,0,5,5,0,0,0.0,1.0,0.0,0.0,1.0
"G[0,2](((Magnesium >= 0.131 -> Alkalinephos <= 0.000) | Glucose <= 0.000) | Phosphate <= 0.000)
",-9999999.000,0.000,9999999.000,1.000,0.000,0,0,5,0,0,5,5,0,0,0.0,1.0,0.0,0.0,1.0
"G[1,2](((EtCO2 >= 0.000 -> SepsisLabel >= 1.000) & AST <= 1.000) | Hgb >= 1.000)
",-9999999.000,0.000,9999999.000,1.000,0.000,0,0,5,0,0,5,5,0,0,0.0,1.0,0.0,0.0,1.0
"G[0,2](((SBP >= 61.184 | Resp >= 3.880) & HR <= 20.961) -> MAP <= 20.938)
",-9999999.000,0.000,9999999.000,1.000,0.000,0,0,5,0,0,5,5,0,0,0.0,1.0,0.0,0.0,1.0
"G[0,2](((DBP <= 0.000 -> Lactate >= 0.000) & BaseExcess >= 0.000) | Fibrinogen <= 0.000)
",-9999999.000,0.000,9999999.000,1.000,0.000,0,0,5,0,0,5,5,0,0,0.0,1.0,0.0,0.0,1.0
"G[0,1](TroponinI >= 0.000 | SBP >= 12.033)
",-9999999.000,0.000,9999999.000,1.000,0.000,0,0,5,0,0,5,5,0,0,0.0,1.0,0.0,0.0,1.0
"G[1,2](FiO2 <= 0.000 -> SepsisLabel = 1.000)
",-9999999.000,0.000,9999999.000,1.000,0.000,0,0,5,0,0,5,5,0,0,0.0,1.0,0.0,0.0,1.0
"G[1,2](((SaO2 >= 0.000 -> PTT <= 12.274) -> PaCO2 <= 8.065) | WBC >= 2.584)
",-9999999.000,0.000,9999999.000,1.000,0.000,0,0,5,0,0,5,5,0,0,0.0,1.0,0.0,0.0,1.0
"G[0,1](WBC <= 2.770 -> pH >= 0.000)
",-9999999.000,0.000,9999999.000,1.000,0.000,0,0,5,0,0,5,5,0,0,0.0,1.0,0.0,0.0,1.0
"G[0,1](PaCO2 >= 0.000 | Hgb <= 7.224)
",-9999999.000,0.000,9999999.000,1.000,0.000,0,0,5,0,0,5,5,0,0,0.0,1.0,0.0,0.0,1.0
"G[0,2](((Alkalinephos >= 0.000 -> Chloride <= 88.351) -> O2Sat >= 0.968) | Phosphate <= 53.304)
",-9999999.000,0.000,9999999.000,1.000,0.000,0,0,5,0,0,5,5,0,0,0.0,1.0,0.0,0.0,1.0
"G[1,2]((WBC <= 4.189 & Resp <= 21.558) -> Alkalinephos <= 22.628)
",-9999999.000,0.000,9999999.000,1.000,0.000,0,0,5,0,0,5,5,0,0,0.0,1.0,0.0,0.0,1.0
"G[2,2]((MAP >= 2.854 -> Hct >= 2.463) -> WBC <= 27.401)
",27.401,0.000,-27.401,1.000,0.000,0,0,5,0,0,5,5,0,0,0.0,1.0,0.0,0.0,1.0
"G[1,2](Resp >= 5.207 -> EtCO2 <= 0.000)
",-9999999.000,0.000,9999999.000,1.000,0.000,0,0,5,0,0,5,5,0,0,0.0,1.0,0.0,0.0,1.0
"G[1,1](((Hct <= 8.219 -> TroponinI <= 0.000) & Alkalinephos <= 0.000) | SepsisLabel >= 0.000)
",0.000,0.000,0.000,1.000,0.000,0,0,5,0,0,5,5,0,0,0.0,1.0,0.0,0.0,1.0
"G[0,1](((PaCO2 <= 0.000 & EtCO2 >= 0.000) | Temp >= 0.000) & pH <= 0.000)
",-9999999.000,0.000,9999999.000,1.000,0.000,0,0,5,0,0,5,5,0,0,0.0,1.0,0.0,0.0,1.0
