Rule,Discrimination Score,Pos Robustness,Neg Robustness,Percent Class +,Percent Class -,TP,TN,FP,FN,Actual Yes,Actual No,Predicted Yes,Predicted No,TPR/Sens,TNR/Spec,FPR,Precision,Accuracy,MCR,Class
"G[0,0](((Magnesium <= 0.444 -> Temp <= 21.295) -> Magnesium <= 13.241) | DBP >= 0.365)
",0.054,64.635,63.635,1.000,0.000,29,0,0,0,29,0,29,0,1.0,0.0,0.0,1.0,1.0,0.0,1
"F[0,0]((Calcium <= 2.399 & Potassium <= 1.579) & Magnesium >= 0.061)
",-0.242,-0.362,-0.061,0.000,1.000,29,0,0,0,29,0,29,0,1.0,0.0,0.0,1.0,1.0,0.0,-1
"G[0,0]((MAP >= 26.110 & Phosphate >= 0.174) | O2Sat >= 0.070)
",0.426,75.034,70.130,1.000,0.000,29,0,0,0,29,0,29,0,1.0,0.0,0.0,1.0,1.0,0.0,1
"G[1,1](((PTT <= 29.096 | WBC >= 0.227) | Resp <= 6.830) & Alkalinephos <= 1.253)
",0.000,1.253,1.253,1.000,0.000,29,0,0,0,29,0,29,0,1.0,0.0,0.0,1.0,1.0,0.0,1
"G[0,1](((BaseExcess >= 0.112 | Lactate >= 0.047) & Lactate >= 0.025) -> Phosphate <= 0.530)
",0.000,9999999.000,9999999.000,1.000,0.000,29,0,0,0,29,0,29,0,1.0,0.0,0.0,1.0,1.0,0.0,1
"G[0,1](((Creatinine >= 0.214 & Hct <= 10.778) | Bilirubin_total >= 1.891) -> Chloride >= 0.677)
",0.000,9999999.000,9999999.000,1.000,0.000,29,0,0,0,29,0,29,0,1.0,0.0,0.0,1.0,1.0,0.0,1
"F[0,1]((Calcium <= 4.030 & Potassium <= 2.631) & Magnesium >= 0.065)
",0.000,-9999999.000,-9999999.000,0.000,1.000,29,0,0,0,29,0,29,0,1.0,0.0,0.0,1.0,1.0,0.0,-1
"F[0,0]((Calcium <= 0.647 & Potassium <= 3.473) & Magnesium >= 0.041)
",-0.250,-0.216,-0.041,0.000,1.000,29,0,0,0,29,0,29,0,1.0,0.0,0.0,1.0,1.0,0.0,-1
"F[0,1]((PTT >= 0.008 -> SaO2 >= 1.323) & Bilirubin_direct >= 0.182)
",0.000,-9999999.000,-9999999.000,0.000,1.000,29,0,0,0,29,0,29,0,1.0,0.0,0.0,1.0,1.0,0.0,-1
"((TroponinI > 0.000) U[0,1] (SepsisLabel = 0.274))
",0.000,-9999999.000,-9999999.000,0.000,1.000,29,0,0,0,29,0,29,0,1.0,0.0,0.0,1.0,1.0,0.0,-1
"F[1,1]((Calcium <= 3.919 & Potassium <= 4.345) & Magnesium >= 0.102)
",-0.000,-0.102,-0.102,0.000,1.000,29,0,0,0,29,0,29,0,1.0,0.0,0.0,1.0,1.0,0.0,-1
"((Glucose < 37.448) U[0,1] (SepsisLabel = 0.344))
",0.000,-9999999.000,-9999999.000,0.000,1.000,29,0,0,0,29,0,29,0,1.0,0.0,0.0,1.0,1.0,0.0,-1
"G[1,1]((Glucose >= 5.357 & SBP >= 91.867) | EtCO2 <= 150.955)
",0.000,150.955,150.955,1.000,0.000,29,0,0,0,29,0,29,0,1.0,0.0,0.0,1.0,1.0,0.0,1
"((PaCO2 > 2.565) U[0,1] (SepsisLabel = 0.230))
",0.000,-9999999.000,-9999999.000,0.000,1.000,29,0,0,0,29,0,29,0,1.0,0.0,0.0,1.0,1.0,0.0,-1
"F[0,1](Phosphate > 0.000 & SepsisLabel = 0.165)
",0.000,-9999999.000,-9999999.000,0.000,1.000,29,0,0,0,29,0,29,0,1.0,0.0,0.0,1.0,1.0,0.0,-1
"((SBP <= 144.801) U[0,1] (SepsisLabel = 0.483))
",0.000,-9999999.000,-9999999.000,0.000,1.000,29,0,0,0,29,0,29,0,1.0,0.0,0.0,1.0,1.0,0.0,-1
"((SaO2 < 61.233) U[0,0] (SepsisLabel = 0.624))
",-0.301,56.239,61.233,0.000,1.000,29,0,0,0,29,0,29,0,1.0,0.0,0.0,1.0,1.0,0.0,-1
"F[0,0]((EtCO2 <= 0.000 -> Bilirubin_direct <= 0.000) & HR <= 0.000)
",0.000,-19742.000,-19742.000,0.000,1.000,29,0,0,0,29,0,29,0,1.0,0.0,0.0,1.0,1.0,0.0,-1
"((Platelets > 11.369) U[0,0] (SepsisLabel = 0.160))
",-0.302,-1.095,-0.160,0.000,1.000,29,0,0,0,29,0,29,0,1.0,0.0,0.0,1.0,1.0,0.0,-1
"((Hgb < 6.739) U[0,1] (SepsisLabel = 0.512))
",0.000,-9999999.000,-9999999.000,0.000,1.000,29,0,0,0,29,0,29,0,1.0,0.0,0.0,1.0,1.0,0.0,-1
"F[0,0](EtCO2 < 0.000 & SepsisLabel = 0.103)
",-0.184,-27.979,-17.000,0.000,1.000,29,0,0,0,29,0,29,0,1.0,0.0,0.0,1.0,1.0,0.0,-1
"((Alkalinephos <= 0.000) U[1,1] (SepsisLabel = 0.869))
",0.000,0.000,0.000,0.000,1.000,29,0,0,0,29,0,29,0,1.0,0.0,0.0,1.0,1.0,0.0,-1
"G[1,1]((Hgb >= 0.541 | SBP <= 148.551) -> O2Sat >= 48.006)
",-0.000,-148.551,-148.551,1.000,0.000,29,0,0,0,29,0,29,0,1.0,0.0,0.0,1.0,1.0,0.0,1
"F[0,1](((Magnesium <= 1.789 & Potassium <= 0.672) & Chloride >= 0.210) & WBC >= 0.042)
",0.000,-9999999.000,-9999999.000,0.000,1.000,29,0,0,0,29,0,29,0,1.0,0.0,0.0,1.0,1.0,0.0,-1
"G[0,1](Magnesium <= 0.845 | SBP <= 131.983)
",0.000,9999999.000,9999999.000,1.000,0.000,29,0,0,0,29,0,29,0,1.0,0.0,0.0,1.0,1.0,0.0,1
"G[0,0](((PTT <= 15.112 & HR <= 85.843) -> BUN >= 62.510) | SepsisLabel <= 85.073)
",-0.302,83.193,85.073,1.000,0.000,29,0,0,0,29,0,29,0,1.0,0.0,0.0,1.0,1.0,0.0,1
"G[0,1]((HCO3 >= 1.394 & Bilirubin_total >= 0.000) | SaO2 >= 0.000)
",0.000,9999999.000,9999999.000,1.000,0.000,29,0,0,0,29,0,29,0,1.0,0.0,0.0,1.0,1.0,0.0,1
"G[0,0]((TroponinI <= 0.000 | Platelets >= 2.296) | Alkalinephos >= 0.476)
",0.293,2.669,0.000,1.000,0.000,29,0,0,0,29,0,29,0,1.0,0.0,0.0,1.0,1.0,0.0,1
"G[0,1]((BaseExcess <= 2.054 -> MAP <= 73.409) | Chloride <= 82.001)
",0.000,9999999.000,9999999.000,1.000,0.000,29,0,0,0,29,0,29,0,1.0,0.0,0.0,1.0,1.0,0.0,1
"G[0,1]((Magnesium <= 2.035 | PTT >= 0.131) | DBP <= 3.860)
",0.000,9999999.000,9999999.000,1.000,0.000,29,0,0,0,29,0,29,0,1.0,0.0,0.0,1.0,1.0,0.0,1
"G[0,0]((BUN <= 16.076 -> SepsisLabel <= 0.244) | Creatinine <= 0.920)
",-0.302,-0.496,0.920,1.000,0.000,29,0,0,0,29,0,29,0,1.0,0.0,0.0,1.0,1.0,0.0,1
"G[0,1]((Hct <= 11.436 | Bilirubin_total >= 0.000) -> MAP >= 0.000)
",0.000,9999999.000,9999999.000,1.000,0.000,29,0,0,0,29,0,29,0,1.0,0.0,0.0,1.0,1.0,0.0,1
"G[0,0](((Hgb <= 8.969 | Resp <= 21.162) | Bilirubin_total <= 17.858) & AST <= 18.411)
",0.000,18.411,18.411,1.000,0.000,29,0,0,0,29,0,29,0,1.0,0.0,0.0,1.0,1.0,0.0,1
"G[1,1]((Phosphate <= 4.525 & BUN >= 0.024) -> TroponinI <= 17.737)
",0.000,-17.737,-17.737,1.000,0.000,29,0,0,0,29,0,29,0,1.0,0.0,0.0,1.0,1.0,0.0,1
"G[0,0](((BUN >= 0.819 | BaseExcess >= 0.110) & Magnesium >= 0.113) -> Glucose >= 0.214)
",-0.209,0.113,0.113,1.000,0.000,29,0,0,0,29,0,29,0,1.0,0.0,0.0,1.0,1.0,0.0,1
"G[0,0](((BaseExcess <= 2.388 & SepsisLabel <= 0.298) & O2Sat <= 0.969) | Bilirubin_direct <= 0.180)
",-0.300,-0.195,0.180,1.000,0.000,29,0,0,0,29,0,29,0,1.0,0.0,0.0,1.0,1.0,0.0,1
"G[1,1]((Platelets <= 170.709 | AST <= 0.000) | Chloride >= 0.000)
",0.000,170.709,170.709,1.000,0.000,29,0,0,0,29,0,29,0,1.0,0.0,0.0,1.0,1.0,0.0,1
"G[0,0](((PaCO2 <= 80.928 | SBP >= 36.407) -> SepsisLabel >= 103.926) | Alkalinephos <= 147.221)
",-0.293,144.513,147.221,1.000,0.000,29,0,0,0,29,0,29,0,1.0,0.0,0.0,1.0,1.0,0.0,1
"G[0,1](((Hgb <= 2.187 | SaO2 >= 0.435) | HCO3 >= 1.529) | Lactate <= 22.548)
",0.000,9999999.000,9999999.000,1.000,0.000,29,0,0,0,29,0,29,0,1.0,0.0,0.0,1.0,1.0,0.0,1
"G[1,1](((BUN >= 0.579 & AST >= 0.000) -> BUN <= 0.000) -> Creatinine >= 0.000)
",0.000,0.000,0.000,1.000,0.000,29,0,0,0,29,0,29,0,1.0,0.0,0.0,1.0,1.0,0.0,1
"G[1,1]((BaseExcess >= 0.096 | Chloride >= 4.505) | pH <= 11.630)
",-1.000,11.630,11.630,1.000,0.000,29,0,0,0,29,0,29,0,1.0,0.0,0.0,1.0,1.0,0.0,1
"G[0,1](((Creatinine >= 0.206 & PaCO2 >= 1.372) & HR <= 8.513) -> Calcium <= 84.405)
",0.000,9999999.000,9999999.000,1.000,0.000,29,0,0,0,29,0,29,0,1.0,0.0,0.0,1.0,1.0,0.0,1
"G[1,1](O2Sat >= 93.812 -> SBP >= 82.280)
",-0.000,82.280,82.280,1.000,0.000,29,0,0,0,29,0,29,0,1.0,0.0,0.0,1.0,1.0,0.0,1
"G[0,0]((Phosphate <= 4.514 | Temp <= 14.670) & Alkalinephos <= 13.062)
",-0.287,2.518,4.514,1.000,0.000,29,0,0,0,29,0,29,0,1.0,0.0,0.0,1.0,1.0,0.0,1
"G[0,1](Hct <= 9.989 | PaCO2 <= 22.616)
",0.000,9999999.000,9999999.000,1.000,0.000,29,0,0,0,29,0,29,0,1.0,0.0,0.0,1.0,1.0,0.0,1
"G[1,1](((Calcium <= 7.904 | O2Sat <= 98.813) -> PTT <= 97.529) -> EtCO2 <= 98.002)
",-0.000,-98.002,-98.002,1.000,0.000,29,0,0,0,29,0,29,0,1.0,0.0,0.0,1.0,1.0,0.0,1
"F[1,1](((MAP >= 32.534 | PaCO2 <= 18.610) -> Lactate >= 1.552) | Creatinine >= 1.156)
",0.000,-1.156,-1.156,0.000,1.000,28,0,0,1,29,0,28,1,0.9655172413793104,0.0,0.0,1.0,0.9655172413793104,0.03448275862068961,-1
"((Bilirubin_total >= 0.000) U[1,1] (BUN >= 0.700))
",0.000,0.000,0.000,0.000,1.000,28,0,0,1,29,0,28,1,0.9655172413793104,0.0,0.0,1.0,0.9655172413793104,0.03448275862068961,-1
"F[1,1]((Creatinine >= 0.124 & Platelets >= 16.726) & FiO2 <= 114.975)
",0.000,-16.726,-16.726,0.000,1.000,28,0,0,1,29,0,28,1,0.9655172413793104,0.0,0.0,1.0,0.9655172413793104,0.03448275862068961,-1
"F[0,0]((Creatinine >= 0.049 & O2Sat <= 97.839) | Bilirubin_direct >= 95.009)
",0.298,2.108,-0.049,0.000,1.000,28,0,0,1,29,0,28,1,0.9655172413793104,0.0,0.0,1.0,0.9655172413793104,0.03448275862068961,-1
"F[0,1]((FiO2 <= 0.259 | Hgb <= 1.128) -> SBP <= 0.900)
",0.000,-9999999.000,-9999999.000,0.000,1.000,28,0,0,1,29,0,28,1,0.9655172413793104,0.0,0.0,1.0,0.9655172413793104,0.03448275862068961,-1
"((Lactate >= 0.041) U[1,1] (Temp <= 22.679))
",0.000,22.679,22.679,0.000,1.000,28,0,0,1,29,0,28,1,0.9655172413793104,0.0,0.0,1.0,0.9655172413793104,0.03448275862068961,-1
"((Chloride >= 1.383) U[1,1] (pH >= 0.496))
",1.000,-0.496,-0.496,0.000,1.000,28,0,0,1,29,0,28,1,0.9655172413793104,0.0,0.0,1.0,0.9655172413793104,0.03448275862068961,-1
"G[1,1]((BaseExcess >= 0.184 | Platelets <= 224.160) & AST <= 58.314)
",0.000,58.314,58.314,1.000,0.000,28,0,0,1,29,0,28,1,0.9655172413793104,0.0,0.0,1.0,0.9655172413793104,0.03448275862068961,1
"G[0,0](Chloride <= 100.588 | PTT >= 0.128)
",-0.301,99.847,100.588,1.000,0.000,28,0,0,1,29,0,28,1,0.9655172413793104,0.0,0.0,1.0,0.9655172413793104,0.03448275862068961,1
"G[1,1]((DBP <= 0.000 & SaO2 <= 90.170) & Calcium <= 35.703)
",0.000,0.000,0.000,1.000,0.000,28,0,0,1,29,0,28,1,0.9655172413793104,0.0,0.0,1.0,0.9655172413793104,0.03448275862068961,1
"((HR >= 65.699) U[1,1] (Lactate >= 0.036))
",-0.000,-0.036,-0.036,0.000,1.000,27,0,0,2,29,0,27,2,0.9310344827586207,0.0,0.0,1.0,0.9310344827586207,0.06896551724137934,-1
"F[0,0](BaseExcess <= 2.469 & Temp >= 4.316)
",0.000,2.469,2.469,0.000,1.000,27,0,0,2,29,0,27,2,0.9310344827586207,0.0,0.0,1.0,0.9310344827586207,0.06896551724137934,-1
"F[0,0]((pH >= 0.567 & PTT <= 5.213) | DBP >= 0.459)
",0.054,64.541,63.541,0.000,1.000,27,0,0,2,29,0,27,2,0.9310344827586207,0.0,0.0,1.0,0.9310344827586207,0.06896551724137934,-1
"F[0,1](((Glucose >= 10.387 -> Potassium <= 5.269) & BUN >= 0.298) & Magnesium >= 0.303)
",0.000,-9999999.000,-9999999.000,0.000,1.000,27,0,0,2,29,0,27,2,0.9310344827586207,0.0,0.0,1.0,0.9310344827586207,0.06896551724137934,-1
"F[0,0](((SepsisLabel >= 0.125 & Temp <= 29.380) -> DBP <= 11.287) & BUN >= 3.917)
",-0.209,-4.224,-3.917,0.000,1.000,27,0,0,2,29,0,27,2,0.9310344827586207,0.0,0.0,1.0,0.9310344827586207,0.06896551724137934,-1
"F[0,0](HCO3 < 14.208 -> SepsisLabel = 0.343)
",0.285,-13.958,-14.208,0.000,1.000,27,0,0,2,29,0,27,2,0.9310344827586207,0.0,0.0,1.0,0.9310344827586207,0.06896551724137934,-1
"((Chloride >= 1.140) U[0,0] (BUN >= 0.815))
",0.301,-0.100,-0.815,0.000,1.000,27,0,0,2,29,0,27,2,0.9310344827586207,0.0,0.0,1.0,0.9310344827586207,0.06896551724137934,-1
"G[0,0](((Glucose >= 2.213 & Lactate <= 0.904) -> Hct >= 0.048) & AST <= 0.550)
",0.000,0.048,0.048,1.000,0.000,27,0,0,2,29,0,27,2,0.9310344827586207,0.0,0.0,1.0,0.9310344827586207,0.06896551724137934,1
"F[0,0](BaseExcess >= 0.157 | pH >= 0.087)
",-0.085,-0.033,-0.007,0.000,1.000,27,0,0,2,29,0,27,2,0.9310344827586207,0.0,0.0,1.0,0.9310344827586207,0.06896551724137934,-1
"((BaseExcess >= 0.159) U[1,2] (Fibrinogen >= 0.000))
",0.000,-9999999.000,-9999999.000,0.000,1.000,27,0,0,2,29,0,27,2,0.9310344827586207,0.0,0.0,1.0,0.9310344827586207,0.06896551724137934,-1
"G[1,1](Fibrinogen >= 0.000 -> Lactate <= 0.558)
",0.000,-0.558,-0.558,1.000,0.000,27,0,0,2,29,0,27,2,0.9310344827586207,0.0,0.0,1.0,0.9310344827586207,0.06896551724137934,1
"F[0,1]((Phosphate >= 0.127 & SepsisLabel <= 0.887) | PTT >= 0.056)
",0.000,-9999999.000,-9999999.000,0.000,1.000,27,0,0,2,29,0,27,2,0.9310344827586207,0.0,0.0,1.0,0.9310344827586207,0.06896551724137934,-1
"F[0,1](((HCO3 >= 0.095 & Platelets <= 245.636) & Chloride >= 8.691) & O2Sat <= 109.236)
",0.000,-9999999.000,-9999999.000,0.000,1.000,27,0,0,2,29,0,27,2,0.9310344827586207,0.0,0.0,1.0,0.9310344827586207,0.06896551724137934,-1
"F[0,1]((BaseExcess >= 0.027 -> HR <= 83.315) & Chloride >= 68.041)
",0.000,-9999999.000,-9999999.000,0.000,1.000,26,0,0,3,29,0,26,3,0.896551724137931,0.0,0.0,1.0,0.896551724137931,0.10344827586206895,-1
"((BUN >= 0.100) U[0,1] (Magnesium >= 0.048))
",0.000,-9999999.000,-9999999.000,0.000,1.000,26,0,0,3,29,0,26,3,0.896551724137931,0.0,0.0,1.0,0.896551724137931,0.10344827586206895,-1
"F[0,0]((Calcium <= 4.978 -> Hgb <= 5.370) -> Calcium >= 0.556)
",0.000,0.556,0.556,0.000,1.000,26,0,0,3,29,0,26,3,0.896551724137931,0.0,0.0,1.0,0.896551724137931,0.10344827586206895,-1
"G[0,0]((BaseExcess >= 0.055 | FiO2 >= 0.002) | WBC <= 0.304)
",0.300,2.654,0.304,1.000,0.000,26,0,0,3,29,0,26,3,0.896551724137931,0.0,0.0,1.0,0.896551724137931,0.10344827586206895,1
"G[0,1](((Calcium <= 9.211 | SepsisLabel >= 0.097) -> Lactate >= 0.065) | PaCO2 <= 0.508)
",0.000,9999999.000,9999999.000,1.000,0.000,26,0,0,3,29,0,26,3,0.896551724137931,0.0,0.0,1.0,0.896551724137931,0.10344827586206895,1
"F[0,0](FiO2 >= 0.007 & Resp <= 22.069)
",0.302,1.833,-0.007,0.000,1.000,26,0,0,3,29,0,26,3,0.896551724137931,0.0,0.0,1.0,0.896551724137931,0.10344827586206895,-1
"G[0,0](MAP >= 17.266 & WBC <= 2.731)
",-0.209,1.518,2.731,1.000,0.000,26,0,0,3,29,0,26,3,0.896551724137931,0.0,0.0,1.0,0.896551724137931,0.10344827586206895,1
"G[0,1]((DBP <= 0.000 -> Lactate <= 0.619) | Bilirubin_direct >= 0.021)
",0.000,9999999.000,9999999.000,1.000,0.000,26,0,0,3,29,0,26,3,0.896551724137931,0.0,0.0,1.0,0.896551724137931,0.10344827586206895,1
"F[0,1]((Chloride <= 78.530 & WBC >= 0.434) | Resp <= 7.053)
",0.000,-9999999.000,-9999999.000,0.000,1.000,26,0,0,3,29,0,26,3,0.896551724137931,0.0,0.0,1.0,0.896551724137931,0.10344827586206895,-1
"F[0,1](((HCO3 <= 3.168 & Hct >= 1.483) | BaseExcess <= 27.561) -> HCO3 >= 1.616)
",0.000,-9999999.000,-9999999.000,0.000,1.000,26,0,0,3,29,0,26,3,0.896551724137931,0.0,0.0,1.0,0.896551724137931,0.10344827586206895,-1
"F[0,1](((Creatinine >= 0.153 & Temp >= 4.594) -> SaO2 >= 2.991) -> Phosphate >= 5.004)
",0.000,-9999999.000,-9999999.000,0.000,1.000,26,0,0,3,29,0,26,3,0.896551724137931,0.0,0.0,1.0,0.896551724137931,0.10344827586206895,-1
"F[0,1](Glucose <= 82.816 & Phosphate >= 0.218)
",0.000,-9999999.000,-9999999.000,0.000,1.000,26,0,0,3,29,0,26,3,0.896551724137931,0.0,0.0,1.0,0.896551724137931,0.10344827586206895,-1
"F[0,1]((BaseExcess >= 0.161 | Calcium <= 5.916) -> Fibrinogen >= 0.426)
",0.000,-9999999.000,-9999999.000,0.000,1.000,26,0,0,3,29,0,26,3,0.896551724137931,0.0,0.0,1.0,0.896551724137931,0.10344827586206895,-1
"F[0,1]((Creatinine >= 0.210 & FiO2 <= 0.435) & Bilirubin_direct <= 0.123)
",0.000,-9999999.000,-9999999.000,0.000,1.000,26,0,0,3,29,0,26,3,0.896551724137931,0.0,0.0,1.0,0.896551724137931,0.10344827586206895,-1
"((Chloride >= 1.946) U[1,2] (Magnesium <= 0.491))
",0.000,-9999999.000,-9999999.000,0.000,1.000,26,0,0,3,29,0,26,3,0.896551724137931,0.0,0.0,1.0,0.896551724137931,0.10344827586206895,-1
"F[0,0](FiO2 <= 0.430 & Potassium >= 0.083)
",-0.300,-2.415,-0.083,0.000,1.000,26,0,0,3,29,0,26,3,0.896551724137931,0.0,0.0,1.0,0.896551724137931,0.10344827586206895,-1
"G[0,1](Calcium >= 0.310 | BaseExcess <= 1.782)
",0.000,9999999.000,9999999.000,1.000,0.000,25,0,0,4,29,0,25,4,0.8620689655172413,0.0,0.0,1.0,0.8620689655172413,0.13793103448275867,1
"F[0,1](WBC <= 7.194 -> SepsisLabel = 0.804)
",0.000,-9999999.000,-9999999.000,0.000,1.000,25,0,0,4,29,0,25,4,0.8620689655172413,0.0,0.0,1.0,0.8620689655172413,0.13793103448275867,-1
"G[0,1]((WBC >= 0.597 | Resp >= 9.063) | HCO3 >= 2.242)
",0.000,9999999.000,9999999.000,1.000,0.000,25,0,0,4,29,0,25,4,0.8620689655172413,0.0,0.0,1.0,0.8620689655172413,0.13793103448275867,1
"G[0,1](pH >= 0.078 -> SaO2 >= 0.543)
",0.000,9999999.000,9999999.000,1.000,0.000,25,0,0,4,29,0,25,4,0.8620689655172413,0.0,0.0,1.0,0.8620689655172413,0.13793103448275867,1
"G[0,1](Bilirubin_direct >= 0.000 -> Hgb <= 2.418)
",0.000,9999999.000,9999999.000,1.000,0.000,25,0,0,4,29,0,25,4,0.8620689655172413,0.0,0.0,1.0,0.8620689655172413,0.13793103448275867,1
"F[1,1]((Creatinine <= 1.896 | Potassium <= 4.809) -> BaseExcess >= 0.349)
",0.000,-4.809,-4.809,0.000,1.000,24,0,0,5,29,0,24,5,0.8275862068965517,0.0,0.0,1.0,0.8275862068965517,0.1724137931034483,-1
"G[0,1]((Lactate <= 1.068 & Platelets >= 13.570) -> SaO2 >= 14.640)
",0.000,9999999.000,9999999.000,1.000,0.000,24,0,0,5,29,0,24,5,0.8275862068965517,0.0,0.0,1.0,0.8275862068965517,0.1724137931034483,1
"G[0,1]((Glucose >= 3.988 | Magnesium <= 1.050) & BaseExcess <= 0.884)
",0.000,9999999.000,9999999.000,1.000,0.000,24,0,0,5,29,0,24,5,0.8275862068965517,0.0,0.0,1.0,0.8275862068965517,0.1724137931034483,1
"G[0,1](((SBP <= 140.827 & TroponinI >= 0.000) | pH >= 0.000) & pH <= 0.000)
",0.000,9999999.000,9999999.000,1.000,0.000,24,0,0,5,29,0,24,5,0.8275862068965517,0.0,0.0,1.0,0.8275862068965517,0.1724137931034483,1
"G[1,1]((Calcium <= 2.545 -> FiO2 <= 0.062) | Hgb >= 0.045)
",-2.000,-0.045,-0.045,1.000,0.000,24,0,0,5,29,0,24,5,0.8275862068965517,0.0,0.0,1.0,0.8275862068965517,0.1724137931034483,1
"F[0,0](Platelets <= 153.384 & SepsisLabel >= 0.036)
",0.297,10.981,-0.036,0.000,1.000,24,0,0,5,29,0,24,5,0.8275862068965517,0.0,0.0,1.0,0.8275862068965517,0.1724137931034483,-1
"((Chloride <= 39.640) U[0,1] (PaCO2 >= 3.975))
",0.000,-9999999.000,-9999999.000,0.000,1.000,24,0,0,5,29,0,24,5,0.8275862068965517,0.0,0.0,1.0,0.8275862068965517,0.1724137931034483,-1
"F[0,1]((HR >= 61.149 -> Potassium <= 3.084) -> Lactate >= 0.330)
",0.000,-9999999.000,-9999999.000,0.000,1.000,23,0,0,6,29,0,23,6,0.7931034482758621,0.0,0.0,1.0,0.7931034482758621,0.2068965517241379,-1
"((pH >= 0.071) U[1,2] (SepsisLabel <= 0.675))
",0.000,-9999999.000,-9999999.000,0.000,1.000,22,0,0,7,29,0,22,7,0.7586206896551724,0.0,0.0,1.0,0.7586206896551724,0.24137931034482762,-1
"G[1,1]((O2Sat >= 96.562 & Resp <= 22.248) | Glucose >= 3.049)
",0.000,-3.049,-3.049,1.000,0.000,22,0,0,7,29,0,22,7,0.7586206896551724,0.0,0.0,1.0,0.7586206896551724,0.24137931034482762,1
"F[0,1]((PaCO2 <= 21.322 & Glucose >= 7.225) & Temp <= 45.165)
",0.000,-9999999.000,-9999999.000,0.000,1.000,21,0,0,8,29,0,21,8,0.7241379310344828,0.0,0.0,1.0,0.7241379310344828,0.27586206896551724,-1
"F[0,0](((BaseExcess <= 2.132 & HCO3 >= 1.025) -> Fibrinogen >= 0.036) -> Resp <= 12.898)
",0.000,-12.898,-12.898,0.000,1.000,21,0,0,8,29,0,21,8,0.7241379310344828,0.0,0.0,1.0,0.7241379310344828,0.27586206896551724,-1
"F[0,1](((BUN >= 1.404 -> WBC <= 6.033) -> Chloride <= 6.831) -> FiO2 >= 0.333)
",0.000,-9999999.000,-9999999.000,0.000,1.000,21,0,0,8,29,0,21,8,0.7241379310344828,0.0,0.0,1.0,0.7241379310344828,0.27586206896551724,-1
"F[1,1](((FiO2 <= 0.384 & SepsisLabel >= 0.027) | Lactate >= 0.064) | PaCO2 >= 0.037)
",3.000,-0.027,-0.027,0.000,1.000,21,0,0,8,29,0,21,8,0.7241379310344828,0.0,0.0,1.0,0.7241379310344828,0.27586206896551724,-1
"F[0,1]((Magnesium <= 2.274 & PTT >= 0.307) | Glucose >= 0.124)
",0.000,-9999999.000,-9999999.000,0.000,1.000,20,0,0,9,29,0,20,9,0.6896551724137931,0.0,0.0,1.0,0.6896551724137931,0.31034482758620685,-1
"((Glucose >= 1.642) U[0,1] (Temp >= 0.385))
",0.000,-9999999.000,-9999999.000,0.000,1.000,18,0,0,11,29,0,18,11,0.6206896551724138,0.0,0.0,1.0,0.6206896551724138,0.3793103448275862,-1
"G[0,1](Hct <= 18.196 -> HR <= 74.420)
",0.000,9999999.000,9999999.000,1.000,0.000,18,0,0,11,29,0,18,11,0.6206896551724138,0.0,0.0,1.0,0.6206896551724138,0.3793103448275862,1
"((Hct >= 1.350) U[0,1] (Temp >= 0.092))
",0.000,-9999999.000,-9999999.000,0.000,1.000,18,0,0,11,29,0,18,11,0.6206896551724138,0.0,0.0,1.0,0.6206896551724138,0.3793103448275862,-1
"G[0,1](SaO2 <= 8.619 & Temp <= 22.795)
",0.000,9999999.000,9999999.000,1.000,0.000,17,0,0,12,29,0,17,12,0.5862068965517241,0.0,0.0,1.0,0.5862068965517241,0.4137931034482759,1
"((BaseExcess >= 0.002) U[1,2] (O2Sat <= 98.260))
",0.000,-9999999.000,-9999999.000,0.000,1.000,15,0,0,14,29,0,15,14,0.5172413793103449,0.0,0.0,1.0,0.5172413793103449,0.48275862068965514,-1
"G[1,1](((O2Sat <= 97.808 & SaO2 <= 34.563) & Bilirubin_direct <= 70.861) | Magnesium >= 0.632)
",-0.000,34.563,34.563,1.000,0.000,12,0,0,17,29,0,12,17,0.41379310344827586,0.0,0.0,1.0,0.41379310344827586,0.5862068965517242,1
"F[0,0]((EtCO2 >= 0.000 & HR <= 87.748) & HR <= 73.807)
",0.000,-19668.193,-19668.193,0.000,1.000,11,0,0,18,29,0,11,18,0.3793103448275862,0.0,0.0,1.0,0.3793103448275862,0.6206896551724138,-1
"G[1,1]((TroponinI >= 0.000 -> Temp >= 1.787) | Chloride >= 4.231)
",0.000,0.000,0.000,1.000,0.000,10,0,0,19,29,0,10,19,0.3448275862068966,0.0,0.0,1.0,0.3448275862068966,0.6551724137931034,1
"((Potassium >= 0.149) U[0,0] (Resp <= 19.978))
",0.000,19.978,19.978,0.000,1.000,8,0,0,21,29,0,8,21,0.27586206896551724,0.0,0.0,1.0,0.27586206896551724,0.7241379310344828,-1
"F[1,1](((O2Sat >= 91.694 & WBC >= 0.606) & Magnesium <= 2.055) | Glucose <= 9.738)
",-0.000,9.738,9.738,0.000,1.000,6,0,0,23,29,0,6,23,0.20689655172413793,0.0,0.0,1.0,0.20689655172413793,0.7931034482758621,-1
"((BUN >= 0.273) U[0,0] (O2Sat >= 96.297))
",0.000,-0.273,-0.273,0.000,1.000,6,0,0,23,29,0,6,23,0.20689655172413793,0.0,0.0,1.0,0.20689655172413793,0.7931034482758621,-1
"F[1,1]((BaseExcess >= 0.041 | Magnesium <= 2.055) & pH <= 0.227)
",3.000,0.227,0.227,0.000,1.000,5,0,0,24,29,0,5,24,0.1724137931034483,0.0,0.0,1.0,0.1724137931034483,0.8275862068965517,-1
"F[1,1](FiO2 >= 0.015 -> Phosphate >= 0.252)
",-0.000,0.015,0.015,0.000,1.000,5,0,0,24,29,0,5,24,0.1724137931034483,0.0,0.0,1.0,0.1724137931034483,0.8275862068965517,-1
"((MAP >= 58.495) U[1,2] (SBP <= 127.292))
",0.000,-9999999.000,-9999999.000,0.000,1.000,5,0,0,24,29,0,5,24,0.1724137931034483,0.0,0.0,1.0,0.1724137931034483,0.8275862068965517,-1
"G[0,0]((SepsisLabel >= 0.151 | WBC <= 4.493) -> PaCO2 >= 0.264)
",-0.276,-20.902,-4.493,1.000,0.000,5,0,0,24,29,0,5,24,0.1724137931034483,0.0,0.0,1.0,0.1724137931034483,0.8275862068965517,1
"G[0,0]((Lactate <= 0.830 & SepsisLabel >= 0.029) | Bilirubin_total >= 0.094)
",0.311,0.367,-0.055,1.000,0.000,5,0,0,24,29,0,5,24,0.1724137931034483,0.0,0.0,1.0,0.1724137931034483,0.8275862068965517,1
"F[0,1](((BaseExcess <= 3.160 | Lactate <= 1.137) -> Hct >= 0.054) | SepsisLabel <= 0.744)
",0.000,-9999999.000,-9999999.000,0.000,1.000,4,0,0,25,29,0,4,25,0.13793103448275862,0.0,0.0,1.0,0.13793103448275862,0.8620689655172413,-1
"F[0,0]((Lactate >= 0.043 | Platelets >= 8.240) -> Bilirubin_total >= 11.804)
",0.311,-7.665,-25.157,0.000,1.000,4,0,0,25,29,0,4,25,0.13793103448275862,0.0,0.0,1.0,0.13793103448275862,0.8620689655172413,-1
"G[1,1]((Hct <= 32.056 | BaseExcess <= 1.682) & PaCO2 >= 0.208)
",2.000,-0.208,-0.208,1.000,0.000,4,0,0,25,29,0,4,25,0.13793103448275862,0.0,0.0,1.0,0.13793103448275862,0.8620689655172413,1
"G[1,1](pH >= 0.252 | SaO2 >= 0.543)
",-0.000,-0.252,-0.252,1.000,0.000,4,0,0,25,29,0,4,25,0.13793103448275862,0.0,0.0,1.0,0.13793103448275862,0.8620689655172413,1
"((MAP <= 73.070) U[1,2] (SaO2 <= 11.438))
",0.000,-9999999.000,-9999999.000,0.000,1.000,3,0,0,26,29,0,3,26,0.10344827586206896,0.0,0.0,1.0,0.10344827586206896,0.896551724137931,-1
"F[0,0](((BUN <= 20.874 | Hgb <= 7.735) | Potassium >= 0.125) -> Potassium <= 1.231)
",0.000,-20.874,-20.874,0.000,1.000,3,0,0,26,29,0,3,26,0.10344827586206896,0.0,0.0,1.0,0.10344827586206896,0.896551724137931,-1
"F[0,0](((Calcium < 4.499 & Potassium < 1.445) & Magnesium < 1.726) & Phosphate < 5.212)
",-0.330,0.902,1.445,0.000,1.000,3,0,0,26,29,0,3,26,0.10344827586206896,0.0,0.0,1.0,0.10344827586206896,0.896551724137931,-1
"((Calcium >= 0.248) U[1,2] (pH >= 0.481))
",0.000,-9999999.000,-9999999.000,0.000,1.000,3,0,0,26,29,0,3,26,0.10344827586206896,0.0,0.0,1.0,0.10344827586206896,0.896551724137931,-1
"((MAP >= 36.090) U[0,1] (SBP <= 132.083))
",0.000,-9999999.000,-9999999.000,0.000,1.000,3,0,0,26,29,0,3,26,0.10344827586206896,0.0,0.0,1.0,0.10344827586206896,0.896551724137931,-1
"F[0,0](Hgb <= 8.698 | Hct <= 23.502)
",-0.000,23.502,23.502,0.000,1.000,3,0,0,26,29,0,3,26,0.10344827586206896,0.0,0.0,1.0,0.10344827586206896,0.896551724137931,-1
"((FiO2 <= 0.296) U[1,2] (SBP <= 146.455))
",0.000,-9999999.000,-9999999.000,0.000,1.000,3,0,0,26,29,0,3,26,0.10344827586206896,0.0,0.0,1.0,0.10344827586206896,0.896551724137931,-1
"F[0,0](BaseExcess <= 2.241 & Resp >= 9.705)
",-0.000,-9.705,-9.705,0.000,1.000,3,0,0,26,29,0,3,26,0.10344827586206896,0.0,0.0,1.0,0.10344827586206896,0.896551724137931,-1
"G[0,0](Platelets <= 39.890 -> WBC >= 0.372)
",0.000,-39.890,-39.890,1.000,0.000,3,0,0,26,29,0,3,26,0.10344827586206896,0.0,0.0,1.0,0.10344827586206896,0.896551724137931,1
"G[0,0](((Resp >= 10.972 -> Temp >= 5.143) & Platelets <= 33.827) & Magnesium <= 9.079)
",0.319,-92.440,-93.457,1.000,0.000,3,0,0,26,29,0,3,26,0.10344827586206896,0.0,0.0,1.0,0.10344827586206896,0.896551724137931,1
"G[0,0](((Hgb <= 7.230 | Hct <= 14.452) -> WBC >= 0.118) & Platelets >= 7.946)
",-0.209,-15.058,-14.452,1.000,0.000,3,0,0,26,29,0,3,26,0.10344827586206896,0.0,0.0,1.0,0.10344827586206896,0.896551724137931,1
"G[0,0](Platelets <= 101.680 -> WBC >= 0.107)
",0.000,-101.680,-101.680,1.000,0.000,3,0,0,26,29,0,3,26,0.10344827586206896,0.0,0.0,1.0,0.10344827586206896,0.896551724137931,1
"G[0,0]((BaseExcess <= 3.929 & Hct >= 1.198) & Fibrinogen <= 19.236)
",0.000,-1.198,-1.198,1.000,0.000,3,0,0,26,29,0,3,26,0.10344827586206896,0.0,0.0,1.0,0.10344827586206896,0.896551724137931,1
"((Magnesium <= 0.875) U[1,2] (Hgb <= 1.108))
",0.000,-9999999.000,-9999999.000,0.000,1.000,2,0,0,27,29,0,2,27,0.06896551724137931,0.0,0.0,1.0,0.06896551724137931,0.9310344827586207,-1
"F[1,1](((Creatinine <= 3.753 & pH >= 0.146) | Calcium <= 6.313) & SaO2 <= 2.795)
",1.000,2.795,2.795,0.000,1.000,2,0,0,27,29,0,2,27,0.06896551724137931,0.0,0.0,1.0,0.06896551724137931,0.9310344827586207,-1
"F[1,1](((Chloride <= 63.218 -> Lactate <= 1.180) & EtCO2 <= 0.119) & Chloride <= 0.471)
",-3.000,-63.218,-63.218,0.000,1.000,2,0,0,27,29,0,2,27,0.06896551724137931,0.0,0.0,1.0,0.06896551724137931,0.9310344827586207,-1
"((MAP >= 58.420) U[0,1] (SBP <= 138.338))
",0.000,-9999999.000,-9999999.000,0.000,1.000,2,0,0,27,29,0,2,27,0.06896551724137931,0.0,0.0,1.0,0.06896551724137931,0.9310344827586207,-1
"((MAP >= 54.936) U[1,2] (SBP <= 122.407))
",0.000,-9999999.000,-9999999.000,0.000,1.000,2,0,0,27,29,0,2,27,0.06896551724137931,0.0,0.0,1.0,0.06896551724137931,0.9310344827586207,-1
"((MAP >= 60.128) U[0,0] (SBP <= 138.492))
",-0.642,127.863,138.492,0.000,1.000,2,0,0,27,29,0,2,27,0.06896551724137931,0.0,0.0,1.0,0.06896551724137931,0.9310344827586207,-1
"F[1,1](Lactate > 0.017 -> SepsisLabel = 0.181)
",0.000,0.017,0.017,0.000,1.000,2,0,0,27,29,0,2,27,0.06896551724137931,0.0,0.0,1.0,0.06896551724137931,0.9310344827586207,-1
"((SBP >= 109.283) U[0,0] (Calcium <= 4.711))
",0.000,4.711,4.711,0.000,1.000,2,0,0,27,29,0,2,27,0.06896551724137931,0.0,0.0,1.0,0.06896551724137931,0.9310344827586207,-1
"F[0,0](Resp <= 21.756 | SepsisLabel >= 0.113)
",0.268,36.517,21.756,0.000,1.000,2,0,0,27,29,0,2,27,0.06896551724137931,0.0,0.0,1.0,0.06896551724137931,0.9310344827586207,-1
"((Chloride <= 50.212) U[0,1] (MAP <= 72.022))
",0.000,-9999999.000,-9999999.000,0.000,1.000,2,0,0,27,29,0,2,27,0.06896551724137931,0.0,0.0,1.0,0.06896551724137931,0.9310344827586207,-1
"F[1,1](PaCO2 >= 7.550 | Platelets <= 41.237)
",0.000,41.237,41.237,0.000,1.000,2,0,0,27,29,0,2,27,0.06896551724137931,0.0,0.0,1.0,0.06896551724137931,0.9310344827586207,-1
"G[0,0](Chloride >= 3.712 & HCO3 >= 1.152)
",0.302,-3.499,-3.712,1.000,0.000,2,0,0,27,29,0,2,27,0.06896551724137931,0.0,0.0,1.0,0.06896551724137931,0.9310344827586207,1
"F[0,1](BaseExcess <= 3.160 -> O2Sat >= 95.719)
",0.000,-9999999.000,-9999999.000,0.000,1.000,2,0,0,27,29,0,2,27,0.06896551724137931,0.0,0.0,1.0,0.06896551724137931,0.9310344827586207,-1
"((Glucose <= 72.075) U[0,1] (HR >= 62.655))
",0.000,-9999999.000,-9999999.000,0.000,1.000,2,0,0,27,29,0,2,27,0.06896551724137931,0.0,0.0,1.0,0.06896551724137931,0.9310344827586207,-1
"G[0,0](Calcium >= 0.310 & SaO2 <= 66.039)
",-0.209,-0.588,-0.310,1.000,0.000,2,0,0,27,29,0,2,27,0.06896551724137931,0.0,0.0,1.0,0.06896551724137931,0.9310344827586207,1
"G[0,1](((HCO3 >= 1.201 | pH >= 0.028) | pH >= 0.574) | Resp <= 4.148)
",0.000,9999999.000,9999999.000,1.000,0.000,2,0,0,27,29,0,2,27,0.06896551724137931,0.0,0.0,1.0,0.06896551724137931,0.9310344827586207,1
"F[0,0]((Phosphate >= 0.160 & Magnesium > 0.016) -> Calcium < 3.642)
",-1.000,-3.642,-3.642,0.000,1.000,2,0,0,27,29,0,2,27,0.06896551724137931,0.0,0.0,1.0,0.06896551724137931,0.9310344827586207,-1
"G[0,1](FiO2 >= 0.030 | Glucose >= 3.208)
",0.000,9999999.000,9999999.000,1.000,0.000,1,0,0,28,29,0,1,28,0.034482758620689655,0.0,0.0,1.0,0.034482758620689655,0.9655172413793104,1
"G[0,0](Creatinine <= 3.122 & Platelets >= 9.553)
",-0.301,-16.872,-9.553,1.000,0.000,1,0,0,28,29,0,1,28,0.034482758620689655,0.0,0.0,1.0,0.034482758620689655,0.9655172413793104,1
"G[0,0](BUN <= 31.422 & Creatinine >= 0.179)
",0.302,2.454,-0.179,1.000,0.000,1,0,0,28,29,0,1,28,0.034482758620689655,0.0,0.0,1.0,0.034482758620689655,0.9655172413793104,1
"G[1,1]((Hct <= 33.496 -> Hgb >= 0.203) | Phosphate >= 0.120)
",-2.000,-0.120,-0.120,1.000,0.000,1,0,0,28,29,0,1,28,0.034482758620689655,0.0,0.0,1.0,0.034482758620689655,0.9655172413793104,1
"G[1,1](((Hgb <= 4.302 | Hct <= 20.121) -> WBC >= 0.561) & Platelets >= 9.409)
",-0.000,-20.121,-20.121,1.000,0.000,1,0,0,28,29,0,1,28,0.034482758620689655,0.0,0.0,1.0,0.034482758620689655,0.9655172413793104,1
"G[1,1](((Hgb <= 4.094 | Hct <= 28.016) -> WBC >= 0.353) & Platelets >= 1.006)
",-1.000,-28.016,-28.016,1.000,0.000,1,0,0,28,29,0,1,28,0.034482758620689655,0.0,0.0,1.0,0.034482758620689655,0.9655172413793104,1
"G[0,1](pH <= 1.733 -> Temp >= 0.886)
",0.000,9999999.000,9999999.000,1.000,0.000,1,0,0,28,29,0,1,28,0.034482758620689655,0.0,0.0,1.0,0.034482758620689655,0.9655172413793104,1
"((Glucose <= 11.316) U[1,2] (pH >= 0.421))
",0.000,-9999999.000,-9999999.000,0.000,1.000,1,0,0,28,29,0,1,28,0.034482758620689655,0.0,0.0,1.0,0.034482758620689655,0.9655172413793104,-1
"F[1,1](((Calcium < 3.061 & Potassium < 4.169) & Magnesium < 0.422) & Phosphate < 2.591)
",-3.000,0.422,0.422,0.000,1.000,1,0,0,28,29,0,1,28,0.034482758620689655,0.0,0.0,1.0,0.034482758620689655,0.9655172413793104,-1
"((MAP >= 20.079) U[1,2] (pH >= 0.423))
",0.000,-9999999.000,-9999999.000,0.000,1.000,1,0,0,28,29,0,1,28,0.034482758620689655,0.0,0.0,1.0,0.034482758620689655,0.9655172413793104,-1
"F[0,1]((Bilirubin_direct <= 0.000 | AST >= 0.000) -> pH <= 0.000)
",0.000,-9999999.000,-9999999.000,0.000,1.000,1,0,0,28,29,0,1,28,0.034482758620689655,0.0,0.0,1.0,0.034482758620689655,0.9655172413793104,-1
"F[0,1](((HR <= 75.135 | MAP <= 80.666) | SaO2 >= 52.712) & Calcium <= 68.036)
",0.000,-9999999.000,-9999999.000,0.000,1.000,1,0,0,28,29,0,1,28,0.034482758620689655,0.0,0.0,1.0,0.034482758620689655,0.9655172413793104,-1
"F[1,1](((Calcium < 1.612 & Potassium < 5.498) & Magnesium < 0.953) & Phosphate < 5.496)
",-2.000,0.953,0.953,0.000,1.000,1,0,0,28,29,0,1,28,0.034482758620689655,0.0,0.0,1.0,0.034482758620689655,0.9655172413793104,-1
"((Creatinine >= 0.210) U[1,2] (Magnesium >= 0.103))
",0.000,-9999999.000,-9999999.000,0.000,1.000,1,0,0,28,29,0,1,28,0.034482758620689655,0.0,0.0,1.0,0.034482758620689655,0.9655172413793104,-1
"((Calcium >= 0.186) U[1,2] (Hct >= 0.220))
",0.000,-9999999.000,-9999999.000,0.000,1.000,1,0,0,28,29,0,1,28,0.034482758620689655,0.0,0.0,1.0,0.034482758620689655,0.9655172413793104,-1
"((MAP >= 34.964) U[1,2] (SBP <= 134.752))
",0.000,-9999999.000,-9999999.000,0.000,1.000,1,0,0,28,29,0,1,28,0.034482758620689655,0.0,0.0,1.0,0.034482758620689655,0.9655172413793104,-1
"((Potassium <= 3.118) U[1,2] (pH >= 0.406))
",0.000,-9999999.000,-9999999.000,0.000,1.000,1,0,0,28,29,0,1,28,0.034482758620689655,0.0,0.0,1.0,0.034482758620689655,0.9655172413793104,-1
"F[0,0]((Resp >= 0.427 & Lactate >= 0.002) -> SBP <= 0.256)
",0.642,-0.057,-0.256,0.000,1.000,1,0,0,28,29,0,1,28,0.034482758620689655,0.0,0.0,1.0,0.034482758620689655,0.9655172413793104,-1
"F[1,1]((Phosphate >= 0.198 & Magnesium > 0.104) -> Calcium < 4.107)
",-0.000,-4.107,-4.107,0.000,1.000,1,0,0,28,29,0,1,28,0.034482758620689655,0.0,0.0,1.0,0.034482758620689655,0.9655172413793104,-1
"F[0,0](Hgb <= 6.813 | Hct <= 33.709)
",0.000,33.709,33.709,0.000,1.000,1,0,0,28,29,0,1,28,0.034482758620689655,0.0,0.0,1.0,0.034482758620689655,0.9655172413793104,-1
"((O2Sat <= 99.543) U[0,1] (PaCO2 <= 59.047))
",0.000,-9999999.000,-9999999.000,0.000,1.000,1,0,0,28,29,0,1,28,0.034482758620689655,0.0,0.0,1.0,0.034482758620689655,0.9655172413793104,-1
"F[0,1](((BaseExcess <= 2.852 & Magnesium >= 0.010) | SaO2 <= 0.359) & Potassium <= 2.070)
",0.000,-9999999.000,-9999999.000,0.000,1.000,1,0,0,28,29,0,1,28,0.034482758620689655,0.0,0.0,1.0,0.034482758620689655,0.9655172413793104,-1
"F[1,1](((Hct <= 13.200 | Potassium >= 0.330) & BUN <= 3.258) & Fibrinogen <= 1.160)
",0.000,1.160,1.160,0.000,1.000,1,0,0,28,29,0,1,28,0.034482758620689655,0.0,0.0,1.0,0.034482758620689655,0.9655172413793104,-1
"F[1,1]((Magnesium >= 0.049 & AST >= 0.000) | Platelets <= 0.000)
",0.000,0.000,0.000,0.000,1.000,1,0,0,28,29,0,1,28,0.034482758620689655,0.0,0.0,1.0,0.034482758620689655,0.9655172413793104,-1
"F[1,1](((Calcium < 6.655 & Potassium < 0.702) & Magnesium < 1.433) & Phosphate < 0.864)
",2.000,0.702,0.702,0.000,1.000,1,0,0,28,29,0,1,28,0.034482758620689655,0.0,0.0,1.0,0.034482758620689655,0.9655172413793104,-1
"((PaCO2 >= 1.450) U[0,0] (Resp >= 7.795))
",0.302,-0.841,-1.450,0.000,1.000,1,0,0,28,29,0,1,28,0.034482758620689655,0.0,0.0,1.0,0.034482758620689655,0.9655172413793104,-1
"F[1,1](BaseExcess <= 2.366 -> BUN <= 10.464)
",-0.000,-10.464,-10.464,0.000,1.000,1,0,0,28,29,0,1,28,0.034482758620689655,0.0,0.0,1.0,0.034482758620689655,0.9655172413793104,-1
"F[2,2]((Hct <= 27.494 -> SBP >= 36.680) | Resp >= 78.565)
",3.000,-27.494,-27.494,0.000,1.000,0,0,0,29,29,0,0,29,0.0,0.0,0.0,0.0,0.0,1.0,-1
"F[0,2](((FiO2 >= 0.033 -> Platelets >= 15.505) & Calcium >= 8.930) -> Lactate <= 53.134)
",0.000,-9999999.000,-9999999.000,0.000,1.000,0,0,0,29,29,0,0,29,0.0,0.0,0.0,0.0,0.0,1.0,-1
"F[2,2](BaseExcess >= 0.075 & MAP >= 25.859)
",2.000,-25.859,-25.859,0.000,1.000,0,0,0,29,29,0,0,29,0.0,0.0,0.0,0.0,0.0,1.0,-1
"F[0,1]((Lactate <= 0.998 & Hct <= 26.674) | Glucose >= 1.671)
",0.000,-9999999.000,-9999999.000,0.000,1.000,0,0,0,29,29,0,0,29,0.0,0.0,0.0,0.0,0.0,1.0,-1
"F[2,2](((Glucose >= 1.858 | SaO2 >= 0.646) & TroponinI <= 37.716) & Temp >= 0.707)
",-2.000,-0.707,-0.707,0.000,1.000,0,0,0,29,29,0,0,29,0.0,0.0,0.0,0.0,0.0,1.0,-1
"F[0,0]((Bilirubin_total <= 0.000 & Chloride <= 55.248) -> Bilirubin_direct <= 31.546)
",0.300,-31.171,-31.546,0.000,1.000,0,0,0,29,29,0,0,29,0.0,0.0,0.0,0.0,0.0,1.0,-1
"F[2,2](((Lactate >= 0.027 | BUN >= 0.683) -> Hgb >= 0.919) | Magnesium >= 0.543)
",0.000,0.027,0.027,0.000,1.000,0,0,0,29,29,0,0,29,0.0,0.0,0.0,0.0,0.0,1.0,-1
"((Lactate >= 0.013) U[0,1] (HCO3 <= 24.499))
",0.000,-9999999.000,-9999999.000,0.000,1.000,0,0,0,29,29,0,0,29,0.0,0.0,0.0,0.0,0.0,1.0,-1
"F[0,2](Fibrinogen >= 0.000 & Platelets <= 79.569)
",0.000,-9999999.000,-9999999.000,0.000,1.000,0,0,0,29,29,0,0,29,0.0,0.0,0.0,0.0,0.0,1.0,-1
"F[1,2]((TroponinI >= 0.000 -> BUN >= 1.675) & Temp >= 0.574)
",0.000,-9999999.000,-9999999.000,0.000,1.000,0,0,0,29,29,0,0,29,0.0,0.0,0.0,0.0,0.0,1.0,-1
"F[0,1]((PaCO2 <= 88.335 & Temp <= 25.529) | AST <= 31.747)
",0.000,-9999999.000,-9999999.000,0.000,1.000,0,0,0,29,29,0,0,29,0.0,0.0,0.0,0.0,0.0,1.0,-1
"F[1,2](((Platelets >= 7.152 & EtCO2 <= 0.000) | HR >= 0.000) -> HCO3 >= 0.000)
",0.000,-9999999.000,-9999999.000,0.000,1.000,0,0,0,29,29,0,0,29,0.0,0.0,0.0,0.0,0.0,1.0,-1
"F[2,2]((BUN <= 18.626 & Phosphate >= 0.138) -> Phosphate >= 0.047)
",2.000,0.047,0.047,0.000,1.000,0,0,0,29,29,0,0,29,0.0,0.0,0.0,0.0,0.0,1.0,-1
"F[2,2](((HR >= 66.545 | SaO2 <= 70.487) & WBC >= 0.418) -> Resp >= 0.204)
",-3.000,0.204,0.204,0.000,1.000,0,0,0,29,29,0,0,29,0.0,0.0,0.0,0.0,0.0,1.0,-1
"F[0,2]((Phosphate >= 0.197 | HCO3 >= 1.018) & O2Sat >= 1.299)
",0.000,-9999999.000,-9999999.000,0.000,1.000,0,0,0,29,29,0,0,29,0.0,0.0,0.0,0.0,0.0,1.0,-1
"F[1,2]((Calcium <= 8.835 -> Temp <= 13.227) -> Creatinine >= 5.675)
",0.000,-9999999.000,-9999999.000,0.000,1.000,0,0,0,29,29,0,0,29,0.0,0.0,0.0,0.0,0.0,1.0,-1
"((HCO3 >= 0.578) U[0,2] (Resp <= 17.382))
",0.000,-9999999.000,-9999999.000,0.000,1.000,0,0,0,29,29,0,0,29,0.0,0.0,0.0,0.0,0.0,1.0,-1
"F[0,1](((Hct <= 29.694 | SaO2 >= 0.840) -> Bilirubin_direct <= 84.755) | Fibrinogen >= 1.116)
",0.000,-9999999.000,-9999999.000,0.000,1.000,0,0,0,29,29,0,0,29,0.0,0.0,0.0,0.0,0.0,1.0,-1
"F[0,1]((Phosphate <= 4.247 | Fibrinogen >= 0.000) & Magnesium >= 0.000)
",0.000,-9999999.000,-9999999.000,0.000,1.000,0,0,0,29,29,0,0,29,0.0,0.0,0.0,0.0,0.0,1.0,-1
"F[0,0](((EtCO2 >= 0.000 | DBP >= 0.000) | AST <= 0.000) | BUN <= 0.000)
",0.104,65.667,64.000,0.000,1.000,0,0,0,29,29,0,0,29,0.0,0.0,0.0,0.0,0.0,1.0,-1
"F[1,2](Potassium >= 0.317 & Chloride >= 3.080)
",0.000,-9999999.000,-9999999.000,0.000,1.000,0,0,0,29,29,0,0,29,0.0,0.0,0.0,0.0,0.0,1.0,-1
"F[0,2]((Lactate <= 1.072 & PaCO2 >= 6.203) -> O2Sat <= 32.080)
",0.000,-9999999.000,-9999999.000,0.000,1.000,0,0,0,29,29,0,0,29,0.0,0.0,0.0,0.0,0.0,1.0,-1
"((MAP <= 65.435) U[0,0] (TroponinI <= 0.000))
",0.209,2.726,0.000,0.000,1.000,0,0,0,29,29,0,0,29,0.0,0.0,0.0,0.0,0.0,1.0,-1
"F[2,2](((pH >= 0.553 | HCO3 >= 0.198) -> Phosphate <= 29.579) | SBP >= 0.464)
",-0.000,-0.464,-0.464,0.000,1.000,0,0,0,29,29,0,0,29,0.0,0.0,0.0,0.0,0.0,1.0,-1
"((Fibrinogen <= 0.000) U[0,2] (BaseExcess <= 1.061))
",0.000,-9999999.000,-9999999.000,0.000,1.000,0,0,0,29,29,0,0,29,0.0,0.0,0.0,0.0,0.0,1.0,-1
"F[1,2](Calcium <= 6.843 -> Resp <= 21.211)
",0.000,-9999999.000,-9999999.000,0.000,1.000,0,0,0,29,29,0,0,29,0.0,0.0,0.0,0.0,0.0,1.0,-1
"F[1,2](((Bilirubin_total <= 0.000 | BaseExcess <= 2.367) | HR <= 0.231) | O2Sat >= 0.025)
",0.000,-9999999.000,-9999999.000,0.000,1.000,0,0,0,29,29,0,0,29,0.0,0.0,0.0,0.0,0.0,1.0,-1
"F[0,2](((WBC <= 5.931 -> Lactate <= 0.163) -> Fibrinogen >= 0.008) | EtCO2 >= 0.050)
",0.000,-9999999.000,-9999999.000,0.000,1.000,0,0,0,29,29,0,0,29,0.0,0.0,0.0,0.0,0.0,1.0,-1
"F[1,1]((FiO2 <= 0.366 & pH <= 2.460) | PTT <= 4.367)
",0.000,4.367,4.367,0.000,1.000,0,0,0,29,29,0,0,29,0.0,0.0,0.0,0.0,0.0,1.0,-1
"F[0,2]((BUN >= 0.049 | Resp >= 6.334) & Alkalinephos >= 2.961)
",0.000,-9999999.000,-9999999.000,0.000,1.000,0,0,0,29,29,0,0,29,0.0,0.0,0.0,0.0,0.0,1.0,-1
"F[1,2](O2Sat <= 98.028 & Phosphate <= 0.800)
",0.000,-9999999.000,-9999999.000,0.000,1.000,0,0,0,29,29,0,0,29,0.0,0.0,0.0,0.0,0.0,1.0,-1
"F[1,2](((Chloride >= 1.498 | Resp <= 22.291) -> PaCO2 <= 17.707) -> AST >= 0.222)
",0.000,-9999999.000,-9999999.000,0.000,1.000,0,0,0,29,29,0,0,29,0.0,0.0,0.0,0.0,0.0,1.0,-1
"F[2,2]((AST >= 0.000 -> PaCO2 <= 57.019) | MAP <= 11.375)
",0.000,11.375,11.375,0.000,1.000,0,0,0,29,29,0,0,29,0.0,0.0,0.0,0.0,0.0,1.0,-1
"F[1,2](((HCO3 <= 28.454 -> HR >= 68.737) -> SBP <= 82.610) -> Lactate <= 88.598)
",0.000,-9999999.000,-9999999.000,0.000,1.000,0,0,0,29,29,0,0,29,0.0,0.0,0.0,0.0,0.0,1.0,-1
"F[1,2](((Bilirubin_direct <= 0.000 -> EtCO2 <= 0.000) -> Platelets >= 0.000) -> EtCO2 >= 0.000)
",0.000,-9999999.000,-9999999.000,0.000,1.000,0,0,0,29,29,0,0,29,0.0,0.0,0.0,0.0,0.0,1.0,-1
"((Glucose >= 9.960) U[0,1] (Chloride <= 91.931))
",0.000,-9999999.000,-9999999.000,0.000,1.000,0,0,0,29,29,0,0,29,0.0,0.0,0.0,0.0,0.0,1.0,-1
"F[0,2]((DBP <= 0.000 -> AST <= 0.000) & SepsisLabel <= 0.000)
",0.000,-9999999.000,-9999999.000,0.000,1.000,0,0,0,29,29,0,0,29,0.0,0.0,0.0,0.0,0.0,1.0,-1
"((AST >= 0.000) U[0,2] (Platelets <= 158.303))
",0.000,-9999999.000,-9999999.000,0.000,1.000,0,0,0,29,29,0,0,29,0.0,0.0,0.0,0.0,0.0,1.0,-1
"F[0,2](((BUN >= 1.233 | WBC >= 0.146) & Hgb >= 0.090) | HR >= 0.301)
",0.000,-9999999.000,-9999999.000,0.000,1.000,0,0,0,29,29,0,0,29,0.0,0.0,0.0,0.0,0.0,1.0,-1
"F[0,1](FiO2 <= 0.355 -> Resp >= 6.645)
",0.000,-9999999.000,-9999999.000,0.000,1.000,0,0,0,29,29,0,0,29,0.0,0.0,0.0,0.0,0.0,1.0,-1
"F[0,2]((Alkalinephos >= 0.000 & Chloride >= 2.773) -> Creatinine >= 4.763)
",0.000,-9999999.000,-9999999.000,0.000,1.000,0,0,0,29,29,0,0,29,0.0,0.0,0.0,0.0,0.0,1.0,-1
"F[1,2](((Phosphate <= 3.292 -> Lactate <= 1.204) | Temp <= 1.044) & AST <= 0.436)
",0.000,-9999999.000,-9999999.000,0.000,1.000,0,0,0,29,29,0,0,29,0.0,0.0,0.0,0.0,0.0,1.0,-1
"F[1,2]((TroponinI <= 0.000 & SBP <= 121.611) -> Bilirubin_direct <= 139.621)
",0.000,-9999999.000,-9999999.000,0.000,1.000,0,0,0,29,29,0,0,29,0.0,0.0,0.0,0.0,0.0,1.0,-1
"((O2Sat <= 99.897) U[2,2] (Creatinine <= 2.777))
",0.000,99.897,99.897,0.000,1.000,0,0,0,29,29,0,0,29,0.0,0.0,0.0,0.0,0.0,1.0,-1
"F[1,1](((Temp <= 36.256 | Platelets <= 197.671) | SepsisLabel <= 138.343) | Resp <= 229.303)
",-2.000,229.303,229.303,0.000,1.000,0,0,0,29,29,0,0,29,0.0,0.0,0.0,0.0,0.0,1.0,-1
"F[0,1](((HR <= 88.675 & TroponinI <= 0.000) | Bilirubin_total >= 0.000) & Bilirubin_total >= 0.000)
",0.000,-9999999.000,-9999999.000,0.000,1.000,0,0,0,29,29,0,0,29,0.0,0.0,0.0,0.0,0.0,1.0,-1
"F[1,1]((HR >= 60.554 | Glucose <= 85.824) -> Creatinine <= 87.902)
",0.000,-87.902,-87.902,0.000,1.000,0,0,0,29,29,0,0,29,0.0,0.0,0.0,0.0,0.0,1.0,-1
"((SepsisLabel >= 0.085) U[2,2] (TroponinI <= 0.000))
",0.000,0.000,0.000,0.000,1.000,0,0,0,29,29,0,0,29,0.0,0.0,0.0,0.0,0.0,1.0,-1
"F[0,1]((Hgb >= 0.407 -> Bilirubin_total <= 0.000) -> Bilirubin_direct >= 0.000)
",0.000,-9999999.000,-9999999.000,0.000,1.000,0,0,0,29,29,0,0,29,0.0,0.0,0.0,0.0,0.0,1.0,-1
"F[1,2]((Potassium >= 0.346 | HCO3 <= 17.993) | WBC <= 21.924)
",0.000,-9999999.000,-9999999.000,0.000,1.000,0,0,0,29,29,0,0,29,0.0,0.0,0.0,0.0,0.0,1.0,-1
"F[1,2](Hct <= 22.091 | FiO2 <= 0.108)
",0.000,-9999999.000,-9999999.000,0.000,1.000,0,0,0,29,29,0,0,29,0.0,0.0,0.0,0.0,0.0,1.0,-1
"F[0,1](((MAP <= 83.263 -> Alkalinephos <= 0.000) & Alkalinephos >= 0.000) -> BUN <= 0.000)
",0.000,-9999999.000,-9999999.000,0.000,1.000,0,0,0,29,29,0,0,29,0.0,0.0,0.0,0.0,0.0,1.0,-1
"F[0,2](((AST <= 0.000 & Chloride <= 30.409) | BUN >= 3.365) | Fibrinogen <= 92.328)
",0.000,-9999999.000,-9999999.000,0.000,1.000,0,0,0,29,29,0,0,29,0.0,0.0,0.0,0.0,0.0,1.0,-1
"F[0,2](((Potassium >= 0.214 | PaCO2 <= 8.782) -> HR <= 38.161) | Creatinine >= 1.695)
",0.000,-9999999.000,-9999999.000,0.000,1.000,0,0,0,29,29,0,0,29,0.0,0.0,0.0,0.0,0.0,1.0,-1
"F[0,0](Resp <= 20.600 | HR >= 63.186)
",0.000,19678.814,19678.814,0.000,1.000,0,0,0,29,29,0,0,29,0.0,0.0,0.0,0.0,0.0,1.0,-1
"F[1,2]((Calcium <= 6.641 & BUN <= 21.119) & Hct >= 1.178)
",0.000,-9999999.000,-9999999.000,0.000,1.000,0,0,0,29,29,0,0,29,0.0,0.0,0.0,0.0,0.0,1.0,-1
"F[0,0](TroponinI >= 0.000 | Phosphate <= 3.320)
",-0.301,3.137,3.320,0.000,1.000,0,0,0,29,29,0,0,29,0.0,0.0,0.0,0.0,0.0,1.0,-1
"F[0,0](((Hgb <= 9.425 | HR <= 78.543) | BaseExcess >= 68.157) | BaseExcess >= 59.578)
",-0.301,6.705,9.425,0.000,1.000,0,0,0,29,29,0,0,29,0.0,0.0,0.0,0.0,0.0,1.0,-1
"F[0,2]((TroponinI <= 0.000 | SepsisLabel >= 0.164) | WBC <= 0.283)
",0.000,-9999999.000,-9999999.000,0.000,1.000,0,0,0,29,29,0,0,29,0.0,0.0,0.0,0.0,0.0,1.0,-1
"((Fibrinogen >= 0.000) U[1,2] (WBC <= 9.984))
",0.000,-9999999.000,-9999999.000,0.000,1.000,0,0,0,29,29,0,0,29,0.0,0.0,0.0,0.0,0.0,1.0,-1
"F[0,0]((Fibrinogen >= 0.000 & pH <= 5.231) | BaseExcess >= 0.490)
",0.302,0.436,0.000,0.000,1.000,0,0,0,29,29,0,0,29,0.0,0.0,0.0,0.0,0.0,1.0,-1
"F[1,2](((Phosphate <= 5.657 & Temp <= 7.437) & TroponinI <= 28.490) -> PaCO2 <= 37.006)
",0.000,-9999999.000,-9999999.000,0.000,1.000,0,0,0,29,29,0,0,29,0.0,0.0,0.0,0.0,0.0,1.0,-1
"F[0,1](((pH <= 4.756 | Potassium >= 0.333) | HCO3 <= 3.082) & EtCO2 <= 0.883)
",0.000,-9999999.000,-9999999.000,0.000,1.000,0,0,0,29,29,0,0,29,0.0,0.0,0.0,0.0,0.0,1.0,-1
"F[0,0](((Hct >= 1.988 | TroponinI >= 0.000) & Chloride <= 0.000) -> SaO2 >= 0.000)
",-0.299,-5.458,0.000,0.000,1.000,0,0,0,29,29,0,0,29,0.0,0.0,0.0,0.0,0.0,1.0,-1
"F[1,2]((Hct <= 5.332 -> BUN <= 1.777) & BaseExcess <= 8.576)
",0.000,-9999999.000,-9999999.000,0.000,1.000,0,0,0,29,29,0,0,29,0.0,0.0,0.0,0.0,0.0,1.0,-1
"F[0,2](Chloride <= 84.426 & Fibrinogen >= 0.000)
",0.000,-9999999.000,-9999999.000,0.000,1.000,0,0,0,29,29,0,0,29,0.0,0.0,0.0,0.0,0.0,1.0,-1
"F[1,2]((Glucose <= 53.153 -> MAP <= 81.567) & Creatinine >= 37.804)
",0.000,-9999999.000,-9999999.000,0.000,1.000,0,0,0,29,29,0,0,29,0.0,0.0,0.0,0.0,0.0,1.0,-1
"F[1,2](((Resp >= 5.002 -> Glucose <= 108.485) -> Chloride >= 8.783) | Glucose <= 12.619)
",0.000,-9999999.000,-9999999.000,0.000,1.000,0,0,0,29,29,0,0,29,0.0,0.0,0.0,0.0,0.0,1.0,-1
"F[0,2]((Bilirubin_direct >= 0.000 -> Hct >= 1.289) -> SaO2 >= 0.487)
",0.000,-9999999.000,-9999999.000,0.000,1.000,0,0,0,29,29,0,0,29,0.0,0.0,0.0,0.0,0.0,1.0,-1
"F[0,2]((SaO2 >= 1.216 | SepsisLabel >= 0.021) & Temp >= 0.108)
",0.000,-9999999.000,-9999999.000,0.000,1.000,0,0,0,29,29,0,0,29,0.0,0.0,0.0,0.0,0.0,1.0,-1
"F[0,2]((Lactate <= 0.482 | MAP <= 77.547) -> Glucose >= 16.840)
",0.000,-9999999.000,-9999999.000,0.000,1.000,0,0,0,29,29,0,0,29,0.0,0.0,0.0,0.0,0.0,1.0,-1
"F[1,2](((SaO2 <= 85.098 -> SBP <= 120.937) & HCO3 >= 37.973) & pH >= 16.865)
",0.000,-9999999.000,-9999999.000,0.000,1.000,0,0,0,29,29,0,0,29,0.0,0.0,0.0,0.0,0.0,1.0,-1
"F[1,2](Hct <= 26.472 | pH <= 5.851)
",0.000,-9999999.000,-9999999.000,0.000,1.000,0,0,0,29,29,0,0,29,0.0,0.0,0.0,0.0,0.0,1.0,-1
"F[0,1](((Hgb >= 0.196 & Potassium <= 2.755) | O2Sat >= 0.164) | SaO2 <= 3.537)
",0.000,-9999999.000,-9999999.000,0.000,1.000,0,0,0,29,29,0,0,29,0.0,0.0,0.0,0.0,0.0,1.0,-1
"F[2,2]((HCO3 >= 1.252 & PaCO2 >= 0.036) -> Magnesium <= 62.403)
",-2.000,-62.403,-62.403,0.000,1.000,0,0,0,29,29,0,0,29,0.0,0.0,0.0,0.0,0.0,1.0,-1
"F[2,2]((BaseExcess >= 0.168 | Creatinine >= 0.201) -> Magnesium <= 4.269)
",-0.000,-4.269,-4.269,0.000,1.000,0,0,0,29,29,0,0,29,0.0,0.0,0.0,0.0,0.0,1.0,-1
"F[1,2](((HR <= 84.578 & PTT <= 5.485) | Bilirubin_direct <= 25.929) | EtCO2 <= 18.600)
",0.000,-9999999.000,-9999999.000,0.000,1.000,0,0,0,29,29,0,0,29,0.0,0.0,0.0,0.0,0.0,1.0,-1
"F[0,2]((BaseExcess >= 0.113 & Phosphate >= 0.179) -> FiO2 >= 0.046)
",0.000,-9999999.000,-9999999.000,0.000,1.000,0,0,0,29,29,0,0,29,0.0,0.0,0.0,0.0,0.0,1.0,-1
"F[0,2](SBP <= 130.254 & SepsisLabel <= 0.403)
",0.000,-9999999.000,-9999999.000,0.000,1.000,0,0,0,29,29,0,0,29,0.0,0.0,0.0,0.0,0.0,1.0,-1
"F[2,2](((MAP >= 19.429 | Temp <= 17.927) | Hct <= 33.134) -> FiO2 <= 14.861)
",0.000,-33.134,-33.134,0.000,1.000,0,0,0,29,29,0,0,29,0.0,0.0,0.0,0.0,0.0,1.0,-1
"F[0,2]((BUN >= 0.958 | PaCO2 >= 0.549) & AST <= 45.396)
",0.000,-9999999.000,-9999999.000,0.000,1.000,0,0,0,29,29,0,0,29,0.0,0.0,0.0,0.0,0.0,1.0,-1
"F[0,2]((O2Sat >= 94.422 | Platelets >= 15.712) -> HR >= 2.574)
",0.000,-9999999.000,-9999999.000,0.000,1.000,0,0,0,29,29,0,0,29,0.0,0.0,0.0,0.0,0.0,1.0,-1
"F[0,2](FiO2 <= 0.227 | Lactate >= 0.051)
",0.000,-9999999.000,-9999999.000,0.000,1.000,0,0,0,29,29,0,0,29,0.0,0.0,0.0,0.0,0.0,1.0,-1
"((Resp >= 0.146) U[0,2] (WBC <= 3.100))
",0.000,-9999999.000,-9999999.000,0.000,1.000,0,0,0,29,29,0,0,29,0.0,0.0,0.0,0.0,0.0,1.0,-1
"F[0,2]((Magnesium >= 0.045 | pH >= 0.077) -> Potassium <= 2.751)
",0.000,-9999999.000,-9999999.000,0.000,1.000,0,0,0,29,29,0,0,29,0.0,0.0,0.0,0.0,0.0,1.0,-1
"F[0,2]((BaseExcess >= 0.177 -> WBC >= 0.447) & Alkalinephos <= 9.961)
",0.000,-9999999.000,-9999999.000,0.000,1.000,0,0,0,29,29,0,0,29,0.0,0.0,0.0,0.0,0.0,1.0,-1
"F[0,2]((PaCO2 <= 34.476 -> SepsisLabel >= 0.061) | BUN <= 0.372)
",0.000,-9999999.000,-9999999.000,0.000,1.000,0,0,0,29,29,0,0,29,0.0,0.0,0.0,0.0,0.0,1.0,-1
"F[0,1]((HR >= 60.036 -> Temp <= 16.842) | SepsisLabel >= 5.003)
",0.000,-9999999.000,-9999999.000,0.000,1.000,0,0,0,29,29,0,0,29,0.0,0.0,0.0,0.0,0.0,1.0,-1
"F[1,2]((HCO3 >= 1.151 & SepsisLabel >= 0.067) -> Glucose <= 0.767)
",0.000,-9999999.000,-9999999.000,0.000,1.000,0,0,0,29,29,0,0,29,0.0,0.0,0.0,0.0,0.0,1.0,-1
"((Hgb <= 9.182) U[0,2] (Temp <= 25.321))
",0.000,-9999999.000,-9999999.000,0.000,1.000,0,0,0,29,29,0,0,29,0.0,0.0,0.0,0.0,0.0,1.0,-1
"F[0,2]((Calcium <= 8.995 & Potassium <= 3.923) & Magnesium >= 0.029)
",0.000,-9999999.000,-9999999.000,0.000,1.000,0,0,0,29,29,0,0,29,0.0,0.0,0.0,0.0,0.0,1.0,-1
"F[1,2](Calcium <= 7.505 | Platelets >= 13.301)
",0.000,-9999999.000,-9999999.000,0.000,1.000,0,0,0,29,29,0,0,29,0.0,0.0,0.0,0.0,0.0,1.0,-1
"F[0,2](((PTT <= 28.479 & SBP >= 49.203) | BUN <= 122.060) | Bilirubin_direct <= 130.697)
",0.000,-9999999.000,-9999999.000,0.000,1.000,0,0,0,29,29,0,0,29,0.0,0.0,0.0,0.0,0.0,1.0,-1
"F[1,2]((MAP <= 87.789 & PTT >= 0.029) | pH <= 16.640)
",0.000,-9999999.000,-9999999.000,0.000,1.000,0,0,0,29,29,0,0,29,0.0,0.0,0.0,0.0,0.0,1.0,-1
"((FiO2 <= 0.260) U[0,1] (Hct <= 20.224))
",0.000,-9999999.000,-9999999.000,0.000,1.000,0,0,0,29,29,0,0,29,0.0,0.0,0.0,0.0,0.0,1.0,-1
"F[2,2](((Magnesium >= 0.061 -> SepsisLabel <= 0.208) & PaCO2 <= 0.597) | Phosphate >= 0.034)
",0.000,-0.034,-0.034,0.000,1.000,0,0,0,29,29,0,0,29,0.0,0.0,0.0,0.0,0.0,1.0,-1
"F[2,2]((Calcium <= 0.823 & Potassium <= 3.468) & Magnesium >= 0.031)
",3.000,-0.031,-0.031,0.000,1.000,0,0,0,29,29,0,0,29,0.0,0.0,0.0,0.0,0.0,1.0,-1
"F[0,2]((Lactate <= 0.876 -> O2Sat <= 98.462) | Phosphate >= 91.091)
",0.000,-9999999.000,-9999999.000,0.000,1.000,0,0,0,29,29,0,0,29,0.0,0.0,0.0,0.0,0.0,1.0,-1
"F[1,2]((SBP >= 110.759 & Temp >= 3.288) | Chloride >= 5.403)
",0.000,-9999999.000,-9999999.000,0.000,1.000,0,0,0,29,29,0,0,29,0.0,0.0,0.0,0.0,0.0,1.0,-1
"F[2,2]((HR >= 60.235 & pH <= 5.961) & pH <= 2.525)
",0.000,-60.235,-60.235,0.000,1.000,0,0,0,29,29,0,0,29,0.0,0.0,0.0,0.0,0.0,1.0,-1
"F[0,1]((FiO2 >= 0.054 & WBC >= 0.405) | FiO2 <= 10.570)
",0.000,-9999999.000,-9999999.000,0.000,1.000,0,0,0,29,29,0,0,29,0.0,0.0,0.0,0.0,0.0,1.0,-1
"F[0,1]((HCO3 <= 5.028 -> Temp <= 29.022) | HR >= 4.965)
",0.000,-9999999.000,-9999999.000,0.000,1.000,0,0,0,29,29,0,0,29,0.0,0.0,0.0,0.0,0.0,1.0,-1
"F[1,2](((Chloride >= 1.794 & FiO2 >= 0.007) | Chloride >= 0.045) & Potassium <= 0.404)
",0.000,-9999999.000,-9999999.000,0.000,1.000,0,0,0,29,29,0,0,29,0.0,0.0,0.0,0.0,0.0,1.0,-1
"F[0,0]((Calcium <= 8.311 | Temp <= 14.891) | SaO2 >= 3.148)
",0.298,12.815,8.311,0.000,1.000,0,0,0,29,29,0,0,29,0.0,0.0,0.0,0.0,0.0,1.0,-1
"F[0,1](((FiO2 >= 0.048 | Platelets <= 268.975) | DBP <= 79.034) -> pH <= 215.277)
",0.000,-9999999.000,-9999999.000,0.000,1.000,0,0,0,29,29,0,0,29,0.0,0.0,0.0,0.0,0.0,1.0,-1
"F[0,2]((BaseExcess >= 0.189 | Potassium <= 1.886) & PTT <= 2.924)
",0.000,-9999999.000,-9999999.000,0.000,1.000,0,0,0,29,29,0,0,29,0.0,0.0,0.0,0.0,0.0,1.0,-1
"F[1,2]((BUN <= 19.304 | FiO2 <= 0.356) | Platelets >= 0.048)
",0.000,-9999999.000,-9999999.000,0.000,1.000,0,0,0,29,29,0,0,29,0.0,0.0,0.0,0.0,0.0,1.0,-1
"((MAP >= 10.870) U[2,2] (SBP <= 116.996))
",1.000,116.996,116.996,0.000,1.000,0,0,0,29,29,0,0,29,0.0,0.0,0.0,0.0,0.0,1.0,-1
"F[0,2](((Chloride <= 91.995 & SBP <= 131.222) -> BaseExcess >= 15.698) & Alkalinephos >= 35.058)
",0.000,-9999999.000,-9999999.000,0.000,1.000,0,0,0,29,29,0,0,29,0.0,0.0,0.0,0.0,0.0,1.0,-1
"F[2,2]((HCO3 >= 0.705 -> MAP >= 40.430) -> DBP >= 21.895)
",0.000,-0.705,-0.705,0.000,1.000,0,0,0,29,29,0,0,29,0.0,0.0,0.0,0.0,0.0,1.0,-1
"F[0,0]((SBP >= 3.515 | WBC <= 3.556) | TroponinI <= 5.716)
",0.642,13.653,5.716,0.000,1.000,0,0,0,29,29,0,0,29,0.0,0.0,0.0,0.0,0.0,1.0,-1
"F[2,2](((Potassium >= 0.293 | PTT >= 0.342) | Bilirubin_total >= 0.315) & Calcium <= 2.128)
",-0.000,-0.293,-0.293,0.000,1.000,0,0,0,29,29,0,0,29,0.0,0.0,0.0,0.0,0.0,1.0,-1
"F[1,2](((Magnesium >= 0.023 & MAP <= 70.479) | SaO2 >= 33.958) & Bilirubin_direct >= 50.413)
",0.000,-9999999.000,-9999999.000,0.000,1.000,0,0,0,29,29,0,0,29,0.0,0.0,0.0,0.0,0.0,1.0,-1
"F[1,2](((Lactate >= 0.010 | SaO2 <= 66.481) -> Bilirubin_total <= 79.347) & BUN <= 13.961)
",0.000,-9999999.000,-9999999.000,0.000,1.000,0,0,0,29,29,0,0,29,0.0,0.0,0.0,0.0,0.0,1.0,-1
"F[0,1]((HR <= 86.267 -> MAP >= 40.199) | Creatinine >= 18.064)
",0.000,-9999999.000,-9999999.000,0.000,1.000,0,0,0,29,29,0,0,29,0.0,0.0,0.0,0.0,0.0,1.0,-1
"F[0,2](((Hct >= 2.072 | MAP >= 3.523) & Phosphate <= 77.021) | Chloride <= 69.925)
",0.000,-9999999.000,-9999999.000,0.000,1.000,0,0,0,29,29,0,0,29,0.0,0.0,0.0,0.0,0.0,1.0,-1
"F[2,2](PaCO2 >= 5.215 & SaO2 <= 44.618)
",0.000,-5.215,-5.215,0.000,1.000,0,0,0,29,29,0,0,29,0.0,0.0,0.0,0.0,0.0,1.0,-1
"F[2,2](((Potassium >= 0.101 & SBP <= 129.810) | TroponinI >= 8.557) | Magnesium <= 149.978)
",0.000,149.978,149.978,0.000,1.000,0,0,0,29,29,0,0,29,0.0,0.0,0.0,0.0,0.0,1.0,-1
"((BaseExcess <= 1.556) U[0,0] (SaO2 <= 90.632))
",-0.299,85.174,90.632,0.000,1.000,0,0,0,29,29,0,0,29,0.0,0.0,0.0,0.0,0.0,1.0,-1
"F[1,1](Chloride >= 3.240 -> Glucose <= 85.001)
",-0.000,-85.001,-85.001,0.000,1.000,0,0,0,29,29,0,0,29,0.0,0.0,0.0,0.0,0.0,1.0,-1
"F[0,0](((Calcium >= 0.415 -> Glucose <= 50.471) -> O2Sat >= 10.548) | SaO2 >= 6.340)
",0.299,-0.881,-6.340,0.000,1.000,0,0,0,29,29,0,0,29,0.0,0.0,0.0,0.0,0.0,1.0,-1
"F[2,2](Glucose <= 45.114 -> HCO3 >= 0.021)
",-1.000,-45.114,-45.114,0.000,1.000,0,0,0,29,29,0,0,29,0.0,0.0,0.0,0.0,0.0,1.0,-1
"F[0,1]((MAP >= 32.381 -> Potassium <= 4.412) & FiO2 <= 0.586)
",0.000,-9999999.000,-9999999.000,0.000,1.000,0,0,0,29,29,0,0,29,0.0,0.0,0.0,0.0,0.0,1.0,-1
"F[2,2](Glucose >= 7.409 & Hgb <= 3.169)
",0.000,-7.409,-7.409,0.000,1.000,0,0,0,29,29,0,0,29,0.0,0.0,0.0,0.0,0.0,1.0,-1
"F[0,2](((Hct <= 12.089 | SBP >= 0.342) & MAP >= 104.746) | HCO3 >= 30.497)
",0.000,-9999999.000,-9999999.000,0.000,1.000,0,0,0,29,29,0,0,29,0.0,0.0,0.0,0.0,0.0,1.0,-1
"F[1,1](((BUN <= 31.360 | PTT <= 22.923) | Bilirubin_direct >= 0.147) | PTT <= 5.004)
",3.000,31.360,31.360,0.000,1.000,0,0,0,29,29,0,0,29,0.0,0.0,0.0,0.0,0.0,1.0,-1
"F[0,2]((BaseExcess >= 0.084 & SBP >= 45.549) -> DBP <= 140.516)
",0.000,-9999999.000,-9999999.000,0.000,1.000,0,0,0,29,29,0,0,29,0.0,0.0,0.0,0.0,0.0,1.0,-1
"F[1,2](((Lactate <= 0.901 -> PaCO2 <= 43.166) -> Bilirubin_direct >= 3.990) -> Platelets >= 4.040)
",0.000,-9999999.000,-9999999.000,0.000,1.000,0,0,0,29,29,0,0,29,0.0,0.0,0.0,0.0,0.0,1.0,-1
"F[0,1]((Lactate >= 0.016 & SBP <= 149.974) -> PaCO2 <= 132.634)
",0.000,-9999999.000,-9999999.000,0.000,1.000,0,0,0,29,29,0,0,29,0.0,0.0,0.0,0.0,0.0,1.0,-1
"F[2,2]((HR >= 63.497 & SepsisLabel >= 0.013) & Bilirubin_direct <= 0.732)
",0.000,-63.497,-63.497,0.000,1.000,0,0,0,29,29,0,0,29,0.0,0.0,0.0,0.0,0.0,1.0,-1
"F[2,2]((Platelets >= 16.234 | SBP >= 40.409) | pH <= 148.622)
",-0.000,148.622,148.622,0.000,1.000,0,0,0,29,29,0,0,29,0.0,0.0,0.0,0.0,0.0,1.0,-1
"((Hct >= 0.835) U[2,2] (PTT >= 0.221))
",-2.000,-0.221,-0.221,0.000,1.000,0,0,0,29,29,0,0,29,0.0,0.0,0.0,0.0,0.0,1.0,-1
"F[0,2](Phosphate <= 4.263 | SBP >= 42.176)
",0.000,-9999999.000,-9999999.000,0.000,1.000,0,0,0,29,29,0,0,29,0.0,0.0,0.0,0.0,0.0,1.0,-1
"F[0,1]((Hgb <= 1.635 | PTT <= 11.991) -> HR >= 0.375)
",0.000,-9999999.000,-9999999.000,0.000,1.000,0,0,0,29,29,0,0,29,0.0,0.0,0.0,0.0,0.0,1.0,-1
"F[0,2](BUN <= 7.625 -> MAP <= 81.391)
",0.000,-9999999.000,-9999999.000,0.000,1.000,0,0,0,29,29,0,0,29,0.0,0.0,0.0,0.0,0.0,1.0,-1
"F[0,1](Creatinine >= 0.181 -> SBP >= 41.334)
",0.000,-9999999.000,-9999999.000,0.000,1.000,0,0,0,29,29,0,0,29,0.0,0.0,0.0,0.0,0.0,1.0,-1
"((Calcium <= 3.334) U[0,1] (SBP >= 37.953))
",0.000,-9999999.000,-9999999.000,0.000,1.000,0,0,0,29,29,0,0,29,0.0,0.0,0.0,0.0,0.0,1.0,-1
"((HCO3 >= 0.160) U[0,2] (SBP >= 41.870))
",0.000,-9999999.000,-9999999.000,0.000,1.000,0,0,0,29,29,0,0,29,0.0,0.0,0.0,0.0,0.0,1.0,-1
"F[1,1](((FiO2 >= 0.036 & Temp <= 11.840) & PaCO2 >= 6.723) | MAP >= 1.789)
",3.000,-1.789,-1.789,0.000,1.000,0,0,0,29,29,0,0,29,0.0,0.0,0.0,0.0,0.0,1.0,-1
"F[1,2](((BUN <= 35.611 | SBP >= 52.076) -> Bilirubin_total >= 41.115) & Creatinine <= 121.582)
",0.000,-9999999.000,-9999999.000,0.000,1.000,0,0,0,29,29,0,0,29,0.0,0.0,0.0,0.0,0.0,1.0,-1
"F[0,1]((Platelets <= 206.026 & PTT >= 0.362) -> Temp <= 15.505)
",0.000,-9999999.000,-9999999.000,0.000,1.000,0,0,0,29,29,0,0,29,0.0,0.0,0.0,0.0,0.0,1.0,-1
"((Creatinine >= 0.094) U[2,2] (PTT <= 20.073))
",-0.000,20.073,20.073,0.000,1.000,0,0,0,29,29,0,0,29,0.0,0.0,0.0,0.0,0.0,1.0,-1
"F[1,2]((Calcium >= 0.389 | PTT >= 0.078) & SBP >= 0.205)
",0.000,-9999999.000,-9999999.000,0.000,1.000,0,0,0,29,29,0,0,29,0.0,0.0,0.0,0.0,0.0,1.0,-1
"F[2,2](((Calcium < 3.094 & Potassium < 3.538) & Magnesium < 0.552) & Phosphate < 3.707)
",0.000,0.552,0.552,0.000,1.000,0,0,0,29,29,0,0,29,0.0,0.0,0.0,0.0,0.0,1.0,-1
"F[2,2](Hgb <= 4.484 | Hct <= 23.887)
",0.000,23.887,23.887,0.000,1.000,0,0,0,29,29,0,0,29,0.0,0.0,0.0,0.0,0.0,1.0,-1
"F[1,2]((SBP >= 20.357 -> HR <= 82.194) & PTT <= 87.697)
",0.000,-9999999.000,-9999999.000,0.000,1.000,0,0,0,29,29,0,0,29,0.0,0.0,0.0,0.0,0.0,1.0,-1
"F[1,2](Calcium <= 3.112 & Magnesium >= 0.007)
",0.000,-9999999.000,-9999999.000,0.000,1.000,0,0,0,29,29,0,0,29,0.0,0.0,0.0,0.0,0.0,1.0,-1
"F[0,2](Fibrinogen < 0.000 -> SepsisLabel = 0.243)
",0.000,-9999999.000,-9999999.000,0.000,1.000,0,0,0,29,29,0,0,29,0.0,0.0,0.0,0.0,0.0,1.0,-1
"((DBP < 0.000) U[1,2] (SepsisLabel = 0.383))
",0.000,-9999999.000,-9999999.000,0.000,1.000,0,0,0,29,29,0,0,29,0.0,0.0,0.0,0.0,0.0,1.0,-1
"F[1,2](MAP <= 65.204 -> SepsisLabel = 0.044)
",0.000,-9999999.000,-9999999.000,0.000,1.000,0,0,0,29,29,0,0,29,0.0,0.0,0.0,0.0,0.0,1.0,-1
"F[1,2](PTT > 0.234 -> SepsisLabel = 0.205)
",0.000,-9999999.000,-9999999.000,0.000,1.000,0,0,0,29,29,0,0,29,0.0,0.0,0.0,0.0,0.0,1.0,-1
"F[2,2](((BUN <= 32.498 & HCO3 <= 26.108) -> Resp <= 20.040) | AST <= 9.564)
",0.000,9.564,9.564,0.000,1.000,0,0,0,29,29,0,0,29,0.0,0.0,0.0,0.0,0.0,1.0,-1
"F[1,2](BUN <= 36.554 -> Calcium <= 3.015)
",0.000,-9999999.000,-9999999.000,0.000,1.000,0,0,0,29,29,0,0,29,0.0,0.0,0.0,0.0,0.0,1.0,-1
"((Calcium <= 2.809) U[2,2] (SepsisLabel = 0.353))
",0.000,2.809,2.809,0.000,1.000,0,0,0,29,29,0,0,29,0.0,0.0,0.0,0.0,0.0,1.0,-1
"F[0,1](((HCO3 <= 14.548 | Hgb >= 0.143) -> HR <= 6.557) -> Fibrinogen <= 2.997)
",0.000,-9999999.000,-9999999.000,0.000,1.000,0,0,0,29,29,0,0,29,0.0,0.0,0.0,0.0,0.0,1.0,-1
"F[0,0](Magnesium <= 0.659 | Platelets >= 2.149)
",-0.209,0.600,0.659,0.000,1.000,0,0,0,29,29,0,0,29,0.0,0.0,0.0,0.0,0.0,1.0,-1
"F[0,2]((BUN <= 12.325 -> Platelets <= 270.952) | SaO2 >= 17.342)
",0.000,-9999999.000,-9999999.000,0.000,1.000,0,0,0,29,29,0,0,29,0.0,0.0,0.0,0.0,0.0,1.0,-1
"F[1,2](((HCO3 <= 13.676 & WBC >= 0.235) -> PTT <= 3.878) | TroponinI <= 10.364)
",0.000,-9999999.000,-9999999.000,0.000,1.000,0,0,0,29,29,0,0,29,0.0,0.0,0.0,0.0,0.0,1.0,-1
"F[2,2]((Magnesium >= 0.047 & WBC >= 0.634) & Phosphate <= 2.978)
",-0.000,-0.634,-0.634,0.000,1.000,0,0,0,29,29,0,0,29,0.0,0.0,0.0,0.0,0.0,1.0,-1
"F[0,0](((Creatinine <= 5.072 | Hgb >= 0.465) -> HR <= 2.443) -> FiO2 <= 9.506)
",0.300,-7.131,-9.506,0.000,1.000,0,0,0,29,29,0,0,29,0.0,0.0,0.0,0.0,0.0,1.0,-1
"F[2,2](BUN <= 21.075 & Potassium <= 0.953)
",-0.000,0.953,0.953,0.000,1.000,0,0,0,29,29,0,0,29,0.0,0.0,0.0,0.0,0.0,1.0,-1
"F[0,2](Hgb >= 0.351 -> Magnesium >= 0.008)
",0.000,-9999999.000,-9999999.000,0.000,1.000,0,0,0,29,29,0,0,29,0.0,0.0,0.0,0.0,0.0,1.0,-1
"F[0,1]((Chloride <= 23.248 -> Phosphate >= 0.298) -> Bilirubin_total <= 2.748)
",0.000,-9999999.000,-9999999.000,0.000,1.000,0,0,0,29,29,0,0,29,0.0,0.0,0.0,0.0,0.0,1.0,-1
"F[0,0](((Creatinine >= 0.087 | Phosphate <= 5.833) -> DBP <= 2.328) | Platelets >= 0.262)
",0.000,-0.262,-0.262,0.000,1.000,0,0,0,29,29,0,0,29,0.0,0.0,0.0,0.0,0.0,1.0,-1
"F[0,0](((Chloride <= 64.043 & Hgb <= 3.897) -> WBC >= 0.442) -> pH <= 3.853)
",-0.085,-3.799,-3.773,0.000,1.000,0,0,0,29,29,0,0,29,0.0,0.0,0.0,0.0,0.0,1.0,-1
"((HCO3 <= 16.650) U[1,2] (Magnesium >= 0.012))
",0.000,-9999999.000,-9999999.000,0.000,1.000,0,0,0,29,29,0,0,29,0.0,0.0,0.0,0.0,0.0,1.0,-1
"F[0,1](((PTT <= 2.914 -> BUN <= 18.769) | DBP <= 34.632) | Temp >= 0.379)
",0.000,-9999999.000,-9999999.000,0.000,1.000,0,0,0,29,29,0,0,29,0.0,0.0,0.0,0.0,0.0,1.0,-1
"F[0,2]((SepsisLabel >= 0.012 | O2Sat <= 98.339) -> Chloride >= 95.686)
",0.000,-9999999.000,-9999999.000,0.000,1.000,0,0,0,29,29,0,0,29,0.0,0.0,0.0,0.0,0.0,1.0,-1
"F[0,2]((Lactate >= 0.037 & Potassium <= 1.779) & PaCO2 >= 0.321)
",0.000,-9999999.000,-9999999.000,0.000,1.000,0,0,0,29,29,0,0,29,0.0,0.0,0.0,0.0,0.0,1.0,-1
"F[1,1](((Hgb <= 2.741 -> WBC <= 6.201) | HCO3 <= 5.545) | TroponinI >= 0.327)
",-0.000,5.545,5.545,0.000,1.000,0,0,0,29,29,0,0,29,0.0,0.0,0.0,0.0,0.0,1.0,-1
"F[0,2](((HR <= 82.419 & Creatinine <= 2.179) & Calcium >= 0.040) & Bilirubin_direct >= 0.156)
",0.000,-9999999.000,-9999999.000,0.000,1.000,0,0,0,29,29,0,0,29,0.0,0.0,0.0,0.0,0.0,1.0,-1
"((Hct <= 26.553) U[0,2] (Lactate <= 0.969))
",0.000,-9999999.000,-9999999.000,0.000,1.000,0,0,0,29,29,0,0,29,0.0,0.0,0.0,0.0,0.0,1.0,-1
"F[0,1](Hgb <= 2.988 | Hct <= 9.498)
",0.000,-9999999.000,-9999999.000,0.000,1.000,0,0,0,29,29,0,0,29,0.0,0.0,0.0,0.0,0.0,1.0,-1
"F[0,1]((FiO2 >= 0.053 -> PaCO2 <= 65.591) | Magnesium <= 58.280)
",0.000,-9999999.000,-9999999.000,0.000,1.000,0,0,0,29,29,0,0,29,0.0,0.0,0.0,0.0,0.0,1.0,-1
"F[0,1]((Magnesium >= 0.019 -> Phosphate <= 5.611) -> Potassium <= 3.866)
",0.000,-9999999.000,-9999999.000,0.000,1.000,0,0,0,29,29,0,0,29,0.0,0.0,0.0,0.0,0.0,1.0,-1
"F[0,1]((Chloride >= 0.166 -> Creatinine <= 4.367) | MAP >= 0.089)
",0.000,-9999999.000,-9999999.000,0.000,1.000,0,0,0,29,29,0,0,29,0.0,0.0,0.0,0.0,0.0,1.0,-1
"F[2,2]((BUN <= 15.912 -> Creatinine >= 0.212) -> MAP >= 0.036)
",0.000,0.036,0.036,0.000,1.000,0,0,0,29,29,0,0,29,0.0,0.0,0.0,0.0,0.0,1.0,-1
"((HCO3 >= 0.635) U[2,2] (Phosphate <= 3.876))
",-2.000,3.876,3.876,0.000,1.000,0,0,0,29,29,0,0,29,0.0,0.0,0.0,0.0,0.0,1.0,-1
"F[0,1](((Calcium <= 1.173 | Creatinine >= 0.081) | Magnesium <= 2.151) -> Phosphate <= 1.210)
",0.000,-9999999.000,-9999999.000,0.000,1.000,0,0,0,29,29,0,0,29,0.0,0.0,0.0,0.0,0.0,1.0,-1
"((Hct <= 17.947) U[1,2] (WBC >= 0.117))
",0.000,-9999999.000,-9999999.000,0.000,1.000,0,0,0,29,29,0,0,29,0.0,0.0,0.0,0.0,0.0,1.0,-1
"F[1,2](Calcium <= 8.393 & Chloride >= 5.148)
",0.000,-9999999.000,-9999999.000,0.000,1.000,0,0,0,29,29,0,0,29,0.0,0.0,0.0,0.0,0.0,1.0,-1
"F[0,1](((PaCO2 <= 40.425 & pH >= 0.431) | PTT <= 2.207) -> Chloride <= 2.951)
",0.000,-9999999.000,-9999999.000,0.000,1.000,0,0,0,29,29,0,0,29,0.0,0.0,0.0,0.0,0.0,1.0,-1
"F[1,2](((BaseExcess >= 0.194 | PaCO2 <= 7.704) | Alkalinephos <= 37.809) & FiO2 >= 2.718)
",0.000,-9999999.000,-9999999.000,0.000,1.000,0,0,0,29,29,0,0,29,0.0,0.0,0.0,0.0,0.0,1.0,-1
"F[0,1](((Calcium < 6.240 & Potassium < 5.147) & Magnesium < 2.199) & Phosphate < 2.839)
",0.000,-9999999.000,-9999999.000,0.000,1.000,0,0,0,29,29,0,0,29,0.0,0.0,0.0,0.0,0.0,1.0,-1
"F[0,2](Hgb <= 7.025 | Hct <= 10.140)
",0.000,-9999999.000,-9999999.000,0.000,1.000,0,0,0,29,29,0,0,29,0.0,0.0,0.0,0.0,0.0,1.0,-1
"F[2,2]((Phosphate >= 0.281 & Magnesium > 0.026) -> Calcium < 4.245)
",0.000,-4.245,-4.245,0.000,1.000,0,0,0,29,29,0,0,29,0.0,0.0,0.0,0.0,0.0,1.0,-1
"F[0,2](((Calcium < 0.854 & Potassium < 5.375) & Magnesium < 1.591) & Phosphate < 1.063)
",0.000,-9999999.000,-9999999.000,0.000,1.000,0,0,0,29,29,0,0,29,0.0,0.0,0.0,0.0,0.0,1.0,-1
"F[1,2]((Calcium <= 1.205 & Potassium <= 2.217) & Magnesium >= 0.067)
",0.000,-9999999.000,-9999999.000,0.000,1.000,0,0,0,29,29,0,0,29,0.0,0.0,0.0,0.0,0.0,1.0,-1
"F[0,2]((Phosphate >= 0.253 & Magnesium > 0.069) -> Calcium < 6.122)
",0.000,-9999999.000,-9999999.000,0.000,1.000,0,0,0,29,29,0,0,29,0.0,0.0,0.0,0.0,0.0,1.0,-1
"F[0,2](O2Sat <= 97.973 & SepsisLabel = 0.401)
",0.000,-9999999.000,-9999999.000,0.000,1.000,0,0,0,29,29,0,0,29,0.0,0.0,0.0,0.0,0.0,1.0,-1
"F[0,2]((Calcium <= 6.500 & Potassium <= 0.479) & Magnesium >= 0.046)
",0.000,-9999999.000,-9999999.000,0.000,1.000,0,0,0,29,29,0,0,29,0.0,0.0,0.0,0.0,0.0,1.0,-1
"((HR <= 76.653) U[1,2] (SepsisLabel = 0.500))
",0.000,-9999999.000,-9999999.000,0.000,1.000,0,0,0,29,29,0,0,29,0.0,0.0,0.0,0.0,0.0,1.0,-1
"((Resp > 7.639) U[2,2] (SepsisLabel = 0.857))
",-1.000,-0.857,-0.857,0.000,1.000,0,0,0,29,29,0,0,29,0.0,0.0,0.0,0.0,0.0,1.0,-1
"((MAP >= 29.081) U[1,2] (SBP <= 127.371))
",0.000,-9999999.000,-9999999.000,0.000,1.000,0,0,0,29,29,0,0,29,0.0,0.0,0.0,0.0,0.0,1.0,-1
"F[1,2]((Phosphate >= 0.140 & Magnesium > 0.073) -> Calcium < 2.448)
",0.000,-9999999.000,-9999999.000,0.000,1.000,0,0,0,29,29,0,0,29,0.0,0.0,0.0,0.0,0.0,1.0,-1
"F[2,2](Hgb <= 7.112 | Hct <= 28.277)
",2.000,28.277,28.277,0.000,1.000,0,0,0,29,29,0,0,29,0.0,0.0,0.0,0.0,0.0,1.0,-1
"F[0,1]((Phosphate >= 0.294 & Magnesium > 0.017) -> Calcium < 1.874)
",0.000,-9999999.000,-9999999.000,0.000,1.000,0,0,0,29,29,0,0,29,0.0,0.0,0.0,0.0,0.0,1.0,-1
"F[1,2](Hgb <= 1.200 | Hct <= 30.036)
",0.000,-9999999.000,-9999999.000,0.000,1.000,0,0,0,29,29,0,0,29,0.0,0.0,0.0,0.0,0.0,1.0,-1
"F[2,2](Hgb <= 1.604 | Hct <= 33.170)
",-0.000,33.170,33.170,0.000,1.000,0,0,0,29,29,0,0,29,0.0,0.0,0.0,0.0,0.0,1.0,-1
"F[0,1]((Phosphate >= 0.058 & Magnesium > 0.057) -> Calcium < 7.527)
",0.000,-9999999.000,-9999999.000,0.000,1.000,0,0,0,29,29,0,0,29,0.0,0.0,0.0,0.0,0.0,1.0,-1
"F[0,1]((Phosphate >= 0.062 & Magnesium > 0.007) -> Calcium < 9.214)
",0.000,-9999999.000,-9999999.000,0.000,1.000,0,0,0,29,29,0,0,29,0.0,0.0,0.0,0.0,0.0,1.0,-1
"F[1,2]((Calcium <= 5.140 & Potassium <= 3.580) & Magnesium >= 0.008)
",0.000,-9999999.000,-9999999.000,0.000,1.000,0,0,0,29,29,0,0,29,0.0,0.0,0.0,0.0,0.0,1.0,-1
"F[2,2](((HCO3 >= 0.725 & Potassium >= 0.176) & AST >= 0.089) | HR >= 0.235)
",1.000,-0.235,-0.235,0.000,1.000,0,0,0,29,29,0,0,29,0.0,0.0,0.0,0.0,0.0,1.0,-1
"F[0,1](((Calcium < 8.386 & Potassium < 5.049) & Magnesium < 1.240) & Phosphate < 0.953)
",0.000,-9999999.000,-9999999.000,0.000,1.000,0,0,0,29,29,0,0,29,0.0,0.0,0.0,0.0,0.0,1.0,-1
"F[1,1]((Platelets >= 14.206 | WBC <= 6.599) -> SBP >= 0.423)
",-0.000,-6.599,-6.599,0.000,1.000,0,0,0,29,29,0,0,29,0.0,0.0,0.0,0.0,0.0,1.0,-1
"F[1,2]((Magnesium <= 0.208 | Potassium <= 1.776) -> Creatinine >= 0.258)
",0.000,-9999999.000,-9999999.000,0.000,1.000,0,0,0,29,29,0,0,29,0.0,0.0,0.0,0.0,0.0,1.0,-1
"F[0,1](MAP <= 68.905 | SBP >= 54.206)
",0.000,-9999999.000,-9999999.000,0.000,1.000,0,0,0,29,29,0,0,29,0.0,0.0,0.0,0.0,0.0,1.0,-1
"F[1,2](FiO2 > 0.034 -> SepsisLabel = 0.274)
",0.000,-9999999.000,-9999999.000,0.000,1.000,0,0,0,29,29,0,0,29,0.0,0.0,0.0,0.0,0.0,1.0,-1
"((Magnesium <= 2.123) U[1,2] (SepsisLabel = 0.379))
",0.000,-9999999.000,-9999999.000,0.000,1.000,0,0,0,29,29,0,0,29,0.0,0.0,0.0,0.0,0.0,1.0,-1
"((PTT <= 6.656) U[0,1] (Temp <= 19.871))
",0.000,-9999999.000,-9999999.000,0.000,1.000,0,0,0,29,29,0,0,29,0.0,0.0,0.0,0.0,0.0,1.0,-1
"F[2,2]((Calcium <= 6.351 & Potassium <= 4.187) & Magnesium >= 0.101)
",-2.000,-0.101,-0.101,0.000,1.000,0,0,0,29,29,0,0,29,0.0,0.0,0.0,0.0,0.0,1.0,-1
"F[2,2](Hgb <= 3.397 | Hct <= 17.632)
",0.000,17.632,17.632,0.000,1.000,0,0,0,29,29,0,0,29,0.0,0.0,0.0,0.0,0.0,1.0,-1
"((MAP >= 10.476) U[0,2] (SBP <= 139.720))
",0.000,-9999999.000,-9999999.000,0.000,1.000,0,0,0,29,29,0,0,29,0.0,0.0,0.0,0.0,0.0,1.0,-1
"F[0,1]((Phosphate >= 0.052 & Magnesium > 0.064) -> Calcium < 4.436)
",0.000,-9999999.000,-9999999.000,0.000,1.000,0,0,0,29,29,0,0,29,0.0,0.0,0.0,0.0,0.0,1.0,-1
"F[0,2](((Calcium < 5.240 & Potassium < 0.782) & Magnesium < 2.256) & Phosphate < 0.886)
",0.000,-9999999.000,-9999999.000,0.000,1.000,0,0,0,29,29,0,0,29,0.0,0.0,0.0,0.0,0.0,1.0,-1
"F[0,1](Hgb <= 0.823 | Hct <= 32.874)
",0.000,-9999999.000,-9999999.000,0.000,1.000,0,0,0,29,29,0,0,29,0.0,0.0,0.0,0.0,0.0,1.0,-1
"((MAP >= 59.018) U[0,2] (SBP <= 120.951))
",0.000,-9999999.000,-9999999.000,0.000,1.000,0,0,0,29,29,0,0,29,0.0,0.0,0.0,0.0,0.0,1.0,-1
"F[0,2]((Phosphate >= 0.105 & Magnesium > 0.046) -> Calcium < 8.426)
",0.000,-9999999.000,-9999999.000,0.000,1.000,0,0,0,29,29,0,0,29,0.0,0.0,0.0,0.0,0.0,1.0,-1
"F[0,1](((Calcium < 6.840 & Potassium < 1.974) & Magnesium < 1.589) & Phosphate < 1.088)
",0.000,-9999999.000,-9999999.000,0.000,1.000,0,0,0,29,29,0,0,29,0.0,0.0,0.0,0.0,0.0,1.0,-1
"F[0,2]((Calcium <= 3.778 & SBP <= 131.032) | EtCO2 <= 119.921)
",0.000,-9999999.000,-9999999.000,0.000,1.000,0,0,0,29,29,0,0,29,0.0,0.0,0.0,0.0,0.0,1.0,-1
"G[0,1](((MAP <= 75.860 | Hgb >= 0.449) & TroponinI <= 1.234) & Hct >= 0.141)
",0.000,9999999.000,9999999.000,1.000,0.000,0,0,0,29,29,0,0,29,0.0,0.0,0.0,0.0,0.0,1.0,1
"F[1,2](((Lactate >= 0.048 -> WBC >= 0.108) & Hgb <= 8.267) | SBP <= 3.246)
",0.000,-9999999.000,-9999999.000,0.000,1.000,0,0,0,29,29,0,0,29,0.0,0.0,0.0,0.0,0.0,1.0,-1
"G[0,2]((BUN >= 0.116 | Chloride >= 0.674) & Bilirubin_direct <= 19.782)
",0.000,9999999.000,9999999.000,1.000,0.000,0,0,0,29,29,0,0,29,0.0,0.0,0.0,0.0,0.0,1.0,1
"G[0,2](BUN <= 10.598 & Creatinine >= 0.103)
",0.000,9999999.000,9999999.000,1.000,0.000,0,0,0,29,29,0,0,29,0.0,0.0,0.0,0.0,0.0,1.0,1
"G[0,1](((Hgb <= 6.190 | Hct <= 2.281) -> WBC >= 0.047) & Platelets >= 17.310)
",0.000,9999999.000,9999999.000,1.000,0.000,0,0,0,29,29,0,0,29,0.0,0.0,0.0,0.0,0.0,1.0,1
"G[0,1](Platelets <= 109.220 -> WBC >= 0.194)
",0.000,9999999.000,9999999.000,1.000,0.000,0,0,0,29,29,0,0,29,0.0,0.0,0.0,0.0,0.0,1.0,1
"G[1,2](((Hgb <= 4.427 | Hct <= 15.345) -> WBC >= 0.019) & Platelets >= 5.039)
",0.000,9999999.000,9999999.000,1.000,0.000,0,0,1,28,28,1,1,28,0.0,0.0,1.0,0.0,0.0,1.0,1
"G[0,2](BUN <= 38.471 & Creatinine >= 0.073)
",0.000,9999999.000,9999999.000,1.000,0.000,0,0,0,29,29,0,0,29,0.0,0.0,0.0,0.0,0.0,1.0,1
"G[0,1](Chloride >= 4.493 & HCO3 >= 0.134)
",0.000,9999999.000,9999999.000,1.000,0.000,0,0,0,29,29,0,0,29,0.0,0.0,0.0,0.0,0.0,1.0,1
"G[2,2](Phosphate <= 2.336 | Potassium >= 0.309)
",0.000,2.336,2.336,1.000,0.000,0,0,29,0,0,29,29,0,0.0,0.0,1.0,0.0,0.0,1.0,1
"G[1,2]((Chloride >= 1.135 & Potassium <= 0.643) & Lactate <= 3.961)
",0.000,9999999.000,9999999.000,1.000,0.000,0,0,0,29,29,0,0,29,0.0,0.0,0.0,0.0,0.0,1.0,1
"G[1,2](((Hct >= 0.244 -> Platelets >= 4.523) & Fibrinogen <= 72.661) | Platelets >= 12.219)
",0.000,9999999.000,9999999.000,1.000,0.000,0,0,29,0,0,29,29,0,0.0,0.0,1.0,0.0,0.0,1.0,1
"G[1,2](((Hgb >= 0.338 | Platelets >= 15.356) | MAP >= 13.068) & Magnesium <= 222.755)
",0.000,9999999.000,9999999.000,1.000,0.000,0,0,29,0,0,29,29,0,0.0,0.0,1.0,0.0,0.0,1.0,1
"G[1,1](BUN >= 0.863 & Phosphate <= 4.887)
",-1.000,-0.863,-0.863,1.000,0.000,0,0,0,29,29,0,0,29,0.0,0.0,0.0,0.0,0.0,1.0,1
"G[1,2]((Chloride <= 5.695 & HCO3 <= 25.678) | Potassium >= 0.623)
",0.000,9999999.000,9999999.000,1.000,0.000,0,0,29,0,0,29,29,0,0.0,0.0,1.0,0.0,0.0,1.0,1
"G[0,0](BUN <= 20.612 & Creatinine >= 0.018)
",0.302,1.701,-0.018,1.000,0.000,0,0,0,29,29,0,0,29,0.0,0.0,0.0,0.0,0.0,1.0,1
"G[0,2](Creatinine >= 0.155 & HCO3 <= 30.333)
",0.000,9999999.000,9999999.000,1.000,0.000,0,0,0,29,29,0,0,29,0.0,0.0,0.0,0.0,0.0,1.0,1
"G[2,2](((Hgb <= 4.990 & WBC >= 0.148) & PTT <= 8.368) & HR >= 0.374)
",-0.000,-0.374,-0.374,1.000,0.000,0,0,29,0,0,29,29,0,0.0,0.0,1.0,0.0,0.0,1.0,1
"G[0,2]((Calcium >= 0.086 & Phosphate <= 4.634) -> EtCO2 <= 5.554)
",0.000,9999999.000,9999999.000,1.000,0.000,0,0,29,0,0,29,29,0,0.0,0.0,1.0,0.0,0.0,1.0,1
"G[0,2](((Calcium >= 0.163 -> HCO3 >= 1.426) & WBC >= 0.134) & WBC >= 0.992)
",0.000,9999999.000,9999999.000,1.000,0.000,0,0,0,29,29,0,0,29,0.0,0.0,0.0,0.0,0.0,1.0,1
"G[2,2](Bilirubin_total > 0.000 -> SepsisLabel = 0.548)
",0.000,0.000,0.000,1.000,0.000,0,0,29,0,0,29,29,0,0.0,0.0,1.0,0.0,0.0,1.0,1
"G[1,2](Bilirubin_direct > 0.000 & SepsisLabel = 0.821)
",0.000,9999999.000,9999999.000,1.000,0.000,0,0,0,29,29,0,0,29,0.0,0.0,0.0,0.0,0.0,1.0,1
"G[0,2](AST <= 0.000 -> SepsisLabel = 0.304)
",0.000,9999999.000,9999999.000,1.000,0.000,0,0,0,29,29,0,0,29,0.0,0.0,0.0,0.0,0.0,1.0,1
"G[0,2](Hct <= 19.836 -> SepsisLabel = 0.180)
",0.000,9999999.000,9999999.000,1.000,0.000,0,0,0,29,29,0,0,29,0.0,0.0,0.0,0.0,0.0,1.0,1
"G[0,1](Potassium < 3.386 -> SepsisLabel = 0.498)
",0.000,9999999.000,9999999.000,1.000,0.000,0,0,0,29,29,0,0,29,0.0,0.0,0.0,0.0,0.0,1.0,1
"G[1,2](BUN > 0.415 -> SepsisLabel = 0.697)
",0.000,9999999.000,9999999.000,1.000,0.000,0,0,28,1,1,28,28,1,0.0,0.0,1.0,0.0,0.0,1.0,1
"G[1,2](Chloride > 4.334 -> SepsisLabel = 0.298)
",0.000,9999999.000,9999999.000,1.000,0.000,0,0,28,1,1,28,28,1,0.0,0.0,1.0,0.0,0.0,1.0,1
"G[0,1](Chloride >= 3.933 & HCO3 >= 0.238)
",0.000,9999999.000,9999999.000,1.000,0.000,0,0,0,29,29,0,0,29,0.0,0.0,0.0,0.0,0.0,1.0,1
"G[2,2](Platelets <= 103.622 -> WBC >= 0.551)
",-2.000,-103.622,-103.622,1.000,0.000,0,0,29,0,0,29,29,0,0.0,0.0,1.0,0.0,0.0,1.0,1
"F[0,2](Glucose >= 9.613 -> SaO2 >= 1.343)
",0.000,-9999999.000,-9999999.000,0.000,1.000,0,0,0,29,29,0,0,29,0.0,0.0,0.0,0.0,0.0,1.0,-1
"G[1,2](Chloride >= 2.955 & HCO3 >= 0.076)
",0.000,9999999.000,9999999.000,1.000,0.000,0,0,1,28,28,1,1,28,0.0,0.0,1.0,0.0,0.0,1.0,1
"G[1,2]((pH <= 7.003 & Resp >= 10.505) -> Alkalinephos >= 10.010)
",0.000,9999999.000,9999999.000,1.000,0.000,0,0,8,21,21,8,8,21,0.0,0.0,1.0,0.0,0.0,1.0,1
"G[0,2](((O2Sat <= 99.207 | SepsisLabel <= 0.441) & Lactate >= 0.054) -> Phosphate <= 0.614)
",0.000,9999999.000,9999999.000,1.000,0.000,0,0,29,0,0,29,29,0,0.0,0.0,1.0,0.0,0.0,1.0,1
"G[2,2](((BUN <= 20.375 | Temp <= 25.374) & Hct >= 6.846) -> Potassium <= 21.053)
",0.000,-21.053,-21.053,1.000,0.000,0,0,29,0,0,29,29,0,0.0,0.0,1.0,0.0,0.0,1.0,1
"G[1,2](Chloride >= 2.055 & Hct >= 0.837)
",0.000,9999999.000,9999999.000,1.000,0.000,0,0,1,28,28,1,1,28,0.0,0.0,1.0,0.0,0.0,1.0,1
"G[2,2]((Hct >= 1.926 & Phosphate <= 4.094) | Glucose <= 0.489)
",0.000,0.489,0.489,1.000,0.000,0,0,29,0,0,29,29,0,0.0,0.0,1.0,0.0,0.0,1.0,1
"G[0,1]((Calcium >= 0.393 & Potassium <= 1.635) & Magnesium <= 3.673)
",0.000,9999999.000,9999999.000,1.000,0.000,0,0,0,29,29,0,0,29,0.0,0.0,0.0,0.0,0.0,1.0,1
"G[1,2](Platelets <= 277.969 -> WBC >= 0.539)
",0.000,9999999.000,9999999.000,1.000,0.000,0,0,1,28,28,1,1,28,0.0,0.0,1.0,0.0,0.0,1.0,1
"G[0,1](Chloride >= 1.175 & HCO3 >= 0.859)
",0.000,9999999.000,9999999.000,1.000,0.000,0,0,0,29,29,0,0,29,0.0,0.0,0.0,0.0,0.0,1.0,1
"G[0,1](BUN <= 17.678 & Creatinine >= 0.010)
",0.000,9999999.000,9999999.000,1.000,0.000,0,0,0,29,29,0,0,29,0.0,0.0,0.0,0.0,0.0,1.0,1
"G[1,2](((Hgb <= 6.577 | Hct <= 28.821) -> WBC >= 0.172) & Platelets >= 14.433)
",0.000,9999999.000,9999999.000,1.000,0.000,0,0,1,28,28,1,1,28,0.0,0.0,1.0,0.0,0.0,1.0,1
"G[0,2](Platelets <= 67.356 -> WBC >= 0.601)
",0.000,9999999.000,9999999.000,1.000,0.000,0,0,0,29,29,0,0,29,0.0,0.0,0.0,0.0,0.0,1.0,1
"G[0,1](BUN <= 21.916 & Creatinine >= 0.026)
",0.000,9999999.000,9999999.000,1.000,0.000,0,0,0,29,29,0,0,29,0.0,0.0,0.0,0.0,0.0,1.0,1
"G[1,2](BUN <= 36.013 & Creatinine >= 0.217)
",0.000,9999999.000,9999999.000,1.000,0.000,0,0,1,28,28,1,1,28,0.0,0.0,1.0,0.0,0.0,1.0,1
"G[0,2](((Hgb <= 7.513 | Hct <= 10.847) -> WBC >= 0.134) & Platelets >= 6.339)
",0.000,9999999.000,9999999.000,1.000,0.000,0,0,0,29,29,0,0,29,0.0,0.0,0.0,0.0,0.0,1.0,1
"G[1,2](Platelets <= 217.392 -> WBC >= 0.126)
",0.000,9999999.000,9999999.000,1.000,0.000,0,0,1,28,28,1,1,28,0.0,0.0,1.0,0.0,0.0,1.0,1
"G[0,1](Chloride >= 4.656 & HCO3 >= 0.330)
",0.000,9999999.000,9999999.000,1.000,0.000,0,0,0,29,29,0,0,29,0.0,0.0,0.0,0.0,0.0,1.0,1
"G[2,2](BUN <= 19.308 & Creatinine >= 0.056)
",-3.000,-0.056,-0.056,1.000,0.000,0,0,29,0,0,29,29,0,0.0,0.0,1.0,0.0,0.0,1.0,1
"G[2,2](Chloride >= 4.580 & HCO3 >= 1.126)
",0.000,-4.580,-4.580,1.000,0.000,0,0,29,0,0,29,29,0,0.0,0.0,1.0,0.0,0.0,1.0,1
"G[1,2](((Hgb <= 0.941 | Hct <= 24.201) -> WBC >= 0.591) & Platelets >= 4.527)
",0.000,9999999.000,9999999.000,1.000,0.000,0,0,1,28,28,1,1,28,0.0,0.0,1.0,0.0,0.0,1.0,1
"G[1,2](Chloride >= 5.178 & HCO3 >= 0.390)
",0.000,9999999.000,9999999.000,1.000,0.000,0,0,1,28,28,1,1,28,0.0,0.0,1.0,0.0,0.0,1.0,1
"G[0,1](BUN <= 3.412 & Creatinine >= 0.217)
",0.000,9999999.000,9999999.000,1.000,0.000,0,0,0,29,29,0,0,29,0.0,0.0,0.0,0.0,0.0,1.0,1
"G[2,2](((Hgb <= 7.027 | Hct <= 25.741) -> WBC >= 0.642) & Platelets >= 12.878)
",-0.000,-25.741,-25.741,1.000,0.000,0,0,29,0,0,29,29,0,0.0,0.0,1.0,0.0,0.0,1.0,1
"G[0,1](Platelets <= 158.556 -> WBC >= 0.593)
",0.000,9999999.000,9999999.000,1.000,0.000,0,0,0,29,29,0,0,29,0.0,0.0,0.0,0.0,0.0,1.0,1
"G[2,2](Chloride >= 4.327 & HCO3 >= 0.549)
",0.000,-4.327,-4.327,1.000,0.000,0,0,29,0,0,29,29,0,0.0,0.0,1.0,0.0,0.0,1.0,1
"G[0,1](Temp > 0.128 & SepsisLabel = 0.802)
",0.000,9999999.000,9999999.000,1.000,0.000,0,0,0,29,29,0,0,29,0.0,0.0,0.0,0.0,0.0,1.0,1
"G[1,2](Creatinine > 0.134 & SepsisLabel = 0.595)
",0.000,9999999.000,9999999.000,1.000,0.000,0,0,0,29,29,0,0,29,0.0,0.0,0.0,0.0,0.0,1.0,1
"G[2,2](BaseExcess <= 0.489 -> SepsisLabel = 0.968)
",0.000,-0.489,-0.489,1.000,0.000,0,0,29,0,0,29,29,0,0.0,0.0,1.0,0.0,0.0,1.0,1
"G[1,1](((Temp <= 24.846 & HR >= 64.092) | pH <= 77.543) -> BaseExcess >= 71.854)
",0.000,-77.543,-77.543,1.000,0.000,0,0,0,29,29,0,0,29,0.0,0.0,0.0,0.0,0.0,1.0,1
"G[2,2](((Hct <= 15.867 | SaO2 >= 0.950) | MAP <= 82.950) | Magnesium <= 89.740)
",-0.000,89.740,89.740,1.000,0.000,0,0,29,0,0,29,29,0,0.0,0.0,1.0,0.0,0.0,1.0,1
"G[1,2]((EtCO2 <= 0.000 -> HCO3 >= 0.278) -> BaseExcess >= 0.808)
",0.000,9999999.000,9999999.000,1.000,0.000,0,0,28,1,1,28,28,1,0.0,0.0,1.0,0.0,0.0,1.0,1
"G[2,2](Phosphate >= 0.295 -> EtCO2 >= 0.000)
",0.000,0.000,0.000,1.000,0.000,0,0,29,0,0,29,29,0,0.0,0.0,1.0,0.0,0.0,1.0,1
"G[1,2]((PaCO2 >= 1.229 -> FiO2 <= 0.313) & PaCO2 <= 0.455)
",0.000,9999999.000,9999999.000,1.000,0.000,0,0,25,4,4,25,25,4,0.0,0.0,1.0,0.0,0.0,1.0,1
"G[0,2]((Resp >= 11.682 | BUN <= 32.186) | FiO2 <= 3.809)
",0.000,9999999.000,9999999.000,1.000,0.000,0,0,29,0,0,29,29,0,0.0,0.0,1.0,0.0,0.0,1.0,1
"G[0,2](((PaCO2 <= 46.249 -> Bilirubin_direct <= 0.000) -> Bilirubin_total >= 0.000) -> FiO2 >= 0.000)
",0.000,9999999.000,9999999.000,1.000,0.000,0,0,29,0,0,29,29,0,0.0,0.0,1.0,0.0,0.0,1.0,1
"G[1,2]((HR <= 73.646 & MAP >= 6.662) -> Glucose >= 31.080)
",0.000,9999999.000,9999999.000,1.000,0.000,0,0,16,13,13,16,16,13,0.0,0.0,1.0,0.0,0.0,1.0,1
"G[0,2]((SBP >= 19.704 -> PTT <= 2.171) | Phosphate <= 26.557)
",0.000,9999999.000,9999999.000,1.000,0.000,0,0,29,0,0,29,29,0,0.0,0.0,1.0,0.0,0.0,1.0,1
"G[1,2](((Magnesium >= 0.083 | Lactate <= 0.645) & Potassium <= 0.484) & EtCO2 >= 0.050)
",0.000,9999999.000,9999999.000,1.000,0.000,0,0,0,29,29,0,0,29,0.0,0.0,0.0,0.0,0.0,1.0,1
"G[2,2]((TroponinI >= 0.000 & Platelets >= 0.166) | Hct >= 8.170)
",-0.000,-0.166,-0.166,1.000,0.000,0,0,29,0,0,29,29,0,0.0,0.0,1.0,0.0,0.0,1.0,1
"G[0,2](((Resp <= 18.032 | Potassium <= 1.978) & Calcium >= 0.040) -> PaCO2 >= 0.240)
",0.000,9999999.000,9999999.000,1.000,0.000,0,0,26,3,3,26,26,3,0.0,0.0,1.0,0.0,0.0,1.0,1
"G[0,2]((Resp >= 6.146 | O2Sat <= 98.201) & DBP <= 98.087)
",0.000,9999999.000,9999999.000,1.000,0.000,0,0,27,2,2,27,27,2,0.0,0.0,1.0,0.0,0.0,1.0,1
"G[1,1](pH < 2.200 & SepsisLabel = 0.172)
",0.000,-0.172,-0.172,1.000,0.000,0,0,0,29,29,0,0,29,0.0,0.0,0.0,0.0,0.0,1.0,1
"G[1,2](((MAP >= 23.397 -> Hgb <= 8.816) | SaO2 >= 0.432) | PaCO2 >= 0.403)
",0.000,9999999.000,9999999.000,1.000,0.000,0,0,29,0,0,29,29,0,0.0,0.0,1.0,0.0,0.0,1.0,1
"G[0,2]((DBP >= 0.000 -> Resp >= 0.455) & BaseExcess >= 13.148)
",0.000,9999999.000,9999999.000,1.000,0.000,0,0,0,29,29,0,0,29,0.0,0.0,0.0,0.0,0.0,1.0,1
"G[1,2]((HR <= 87.521 & WBC <= 8.408) & Chloride <= 0.930)
",0.000,9999999.000,9999999.000,1.000,0.000,0,0,26,3,3,26,26,3,0.0,0.0,1.0,0.0,0.0,1.0,1
"G[0,2]((O2Sat <= 97.983 -> WBC <= 3.842) & FiO2 <= 5.983)
",0.000,9999999.000,9999999.000,1.000,0.000,0,0,26,3,3,26,26,3,0.0,0.0,1.0,0.0,0.0,1.0,1
"G[0,2]((Temp >= 2.827 | Lactate >= 0.012) -> Magnesium <= 1.399)
",0.000,9999999.000,9999999.000,1.000,0.000,0,0,29,0,0,29,29,0,0.0,0.0,1.0,0.0,0.0,1.0,1
"G[0,2]((WBC >= 0.199 & Glucose <= 20.195) -> Fibrinogen >= 1.155)
",0.000,9999999.000,9999999.000,1.000,0.000,0,0,28,1,1,28,28,1,0.0,0.0,1.0,0.0,0.0,1.0,1
"G[0,2]((Platelets <= 241.374 | EtCO2 >= 0.000) & Alkalinephos >= 0.000)
",0.000,9999999.000,9999999.000,1.000,0.000,0,0,29,0,0,29,29,0,0.0,0.0,1.0,0.0,0.0,1.0,1
"G[1,1](((Fibrinogen <= 0.000 -> SepsisLabel >= 0.109) | Chloride <= 0.980) -> Bilirubin_total >= 0.106)
",0.000,-0.980,-0.980,1.000,0.000,0,0,0,29,29,0,0,29,0.0,0.0,0.0,0.0,0.0,1.0,1
"G[2,2](((Hgb <= 7.569 | BUN >= 1.351) & Bilirubin_total >= 0.041) & Alkalinephos <= 38.838)
",-0.000,-0.041,-0.041,1.000,0.000,0,0,29,0,0,29,29,0,0.0,0.0,1.0,0.0,0.0,1.0,1
"G[1,2]((FiO2 <= 0.254 & Creatinine <= 1.835) -> Platelets <= 4.323)
",0.000,9999999.000,9999999.000,1.000,0.000,0,0,28,1,1,28,28,1,0.0,0.0,1.0,0.0,0.0,1.0,1
"G[1,2](((pH >= 0.479 & SepsisLabel <= 0.949) & DBP <= 0.394) & Calcium >= 0.100)
",0.000,9999999.000,9999999.000,1.000,0.000,0,0,0,29,29,0,0,29,0.0,0.0,0.0,0.0,0.0,1.0,1
"G[1,2](MAP >= 35.860 -> SepsisLabel <= 0.800)
",0.000,9999999.000,9999999.000,1.000,0.000,0,0,24,5,5,24,24,5,0.0,0.0,1.0,0.0,0.0,1.0,1
"G[1,2](((HCO3 <= 19.359 | O2Sat <= 99.246) & SBP >= 91.294) | Magnesium <= 97.781)
",0.000,9999999.000,9999999.000,1.000,0.000,0,0,29,0,0,29,29,0,0.0,0.0,1.0,0.0,0.0,1.0,1
"G[1,2]((HCO3 <= 17.654 -> SaO2 <= 54.369) | PaCO2 <= 15.646)
",0.000,9999999.000,9999999.000,1.000,0.000,0,0,28,1,1,28,28,1,0.0,0.0,1.0,0.0,0.0,1.0,1
"G[0,2]((Platelets <= 36.421 | Resp <= 16.944) & Hgb <= 22.174)
",0.000,9999999.000,9999999.000,1.000,0.000,0,0,27,2,2,27,27,2,0.0,0.0,1.0,0.0,0.0,1.0,1
"G[1,1](BUN <= 29.152 & Creatinine >= 0.176)
",0.000,-0.176,-0.176,1.000,0.000,0,0,0,29,29,0,0,29,0.0,0.0,0.0,0.0,0.0,1.0,1
"G[0,1](((Hgb <= 8.904 | Hct <= 24.834) -> WBC >= 0.059) & Platelets >= 12.232)
",0.000,9999999.000,9999999.000,1.000,0.000,0,0,0,29,29,0,0,29,0.0,0.0,0.0,0.0,0.0,1.0,1
"G[0,2](Platelets <= 244.880 -> WBC >= 0.018)
",0.000,9999999.000,9999999.000,1.000,0.000,0,0,0,29,29,0,0,29,0.0,0.0,0.0,0.0,0.0,1.0,1
"G[0,2]((pH >= 0.277 & SBP >= 37.536) & Bilirubin_direct >= 80.183)
",0.000,9999999.000,9999999.000,1.000,0.000,0,0,0,29,29,0,0,29,0.0,0.0,0.0,0.0,0.0,1.0,1
"G[2,2]((BaseExcess >= 0.112 & Glucose >= 0.528) & Alkalinephos >= 7.852)
",-0.000,-7.852,-7.852,1.000,0.000,0,0,29,0,0,29,29,0,0.0,0.0,1.0,0.0,0.0,1.0,1
"G[0,2]((Potassium <= 1.736 | Resp <= 19.951) & BUN >= 11.182)
",0.000,9999999.000,9999999.000,1.000,0.000,0,0,0,29,29,0,0,29,0.0,0.0,0.0,0.0,0.0,1.0,1
"G[1,2](MAP <= 85.876 | Resp <= 18.196)
",0.000,9999999.000,9999999.000,1.000,0.000,0,0,29,0,0,29,29,0,0.0,0.0,1.0,0.0,0.0,1.0,1
"G[1,2](((HR <= 83.791 | O2Sat >= 92.604) & Temp >= 95.540) & Potassium >= 91.629)
",0.000,9999999.000,9999999.000,1.000,0.000,0,0,0,29,29,0,0,29,0.0,0.0,0.0,0.0,0.0,1.0,1
"G[2,2](BaseExcess >= 0.083 | Creatinine <= 2.364)
",-0.000,2.364,2.364,1.000,0.000,0,0,29,0,0,29,29,0,0.0,0.0,1.0,0.0,0.0,1.0,1
"G[1,2](((PaCO2 >= 5.664 -> Bilirubin_direct >= 0.000) -> Phosphate >= 0.000) | Chloride >= 0.000)
",0.000,9999999.000,9999999.000,1.000,0.000,0,0,29,0,0,29,29,0,0.0,0.0,1.0,0.0,0.0,1.0,1
"G[1,2]((Fibrinogen <= 0.000 -> Phosphate >= 0.246) | SaO2 >= 0.267)
",0.000,9999999.000,9999999.000,1.000,0.000,0,0,2,27,27,2,2,27,0.0,0.0,1.0,0.0,0.0,1.0,1
"G[1,2](((AST >= 0.000 & Phosphate >= 0.233) & Bilirubin_total >= 0.111) | Hgb >= 0.219)
",0.000,9999999.000,9999999.000,1.000,0.000,0,0,1,28,28,1,1,28,0.0,0.0,1.0,0.0,0.0,1.0,1
"G[0,1](((MAP >= 47.422 -> Platelets >= 6.994) -> Hct >= 14.080) & Phosphate >= 6.472)
",0.000,9999999.000,9999999.000,1.000,0.000,0,0,0,29,29,0,0,29,0.0,0.0,0.0,0.0,0.0,1.0,1
"G[1,2](((O2Sat >= 93.036 & Temp <= 28.274) | BUN >= 6.054) | PaCO2 >= 2.811)
",0.000,9999999.000,9999999.000,1.000,0.000,0,0,20,9,9,20,20,9,0.0,0.0,1.0,0.0,0.0,1.0,1
"G[1,2](SaO2 >= 0.133 | Hct >= 1.636)
",0.000,9999999.000,9999999.000,1.000,0.000,0,0,2,27,27,2,2,27,0.0,0.0,1.0,0.0,0.0,1.0,1
"G[1,2](Calcium >= 0.127 & Temp >= 3.237)
",0.000,9999999.000,9999999.000,1.000,0.000,0,0,0,29,29,0,0,29,0.0,0.0,0.0,0.0,0.0,1.0,1
"G[1,1](((DBP <= 0.000 -> HR <= 86.615) | Magnesium <= 72.458) -> HCO3 >= 65.659)
",-0.000,-72.458,-72.458,1.000,0.000,0,0,0,29,29,0,0,29,0.0,0.0,0.0,0.0,0.0,1.0,1
"G[1,2](((O2Sat <= 98.766 & pH <= 6.397) | Bilirubin_direct <= 4.336) & PaCO2 >= 0.646)
",0.000,9999999.000,9999999.000,1.000,0.000,0,0,4,25,25,4,4,25,0.0,0.0,1.0,0.0,0.0,1.0,1
"G[0,2](FiO2 >= 0.017 & HR <= 83.621)
",0.000,9999999.000,9999999.000,1.000,0.000,0,0,0,29,29,0,0,29,0.0,0.0,0.0,0.0,0.0,1.0,1
"G[0,1](((Magnesium >= 0.056 | Resp >= 3.422) | Phosphate <= 17.512) & MAP <= 17.134)
",0.000,9999999.000,9999999.000,1.000,0.000,0,0,0,29,29,0,0,29,0.0,0.0,0.0,0.0,0.0,1.0,1
"G[1,2]((Creatinine >= 0.157 | Resp >= 1.136) -> Creatinine >= 11.525)
",0.000,9999999.000,9999999.000,1.000,0.000,0,0,2,27,27,2,2,27,0.0,0.0,1.0,0.0,0.0,1.0,1
"G[0,2]((Glucose >= 1.017 -> PTT >= 0.281) | Lactate <= 20.242)
",0.000,9999999.000,9999999.000,1.000,0.000,0,0,29,0,0,29,29,0,0.0,0.0,1.0,0.0,0.0,1.0,1
"G[0,2](((Phosphate <= 0.772 | Resp <= 19.964) | SepsisLabel <= 18.667) | Bilirubin_total >= 9.641)
",0.000,9999999.000,9999999.000,1.000,0.000,0,0,29,0,0,29,29,0,0.0,0.0,1.0,0.0,0.0,1.0,1
"G[0,2](Glucose <= 64.629 & O2Sat <= 99.222)
",0.000,9999999.000,9999999.000,1.000,0.000,0,0,16,13,13,16,16,13,0.0,0.0,1.0,0.0,0.0,1.0,1
"G[0,2]((pH >= 0.614 -> SepsisLabel >= 0.028) -> Potassium >= 0.076)
",0.000,9999999.000,9999999.000,1.000,0.000,0,0,2,27,27,2,2,27,0.0,0.0,1.0,0.0,0.0,1.0,1
"G[2,2](((O2Sat >= 95.291 -> PTT <= 27.713) -> Magnesium <= 27.992) -> Creatinine <= 25.767)
",0.000,-25.767,-25.767,1.000,0.000,0,0,29,0,0,29,29,0,0.0,0.0,1.0,0.0,0.0,1.0,1
"G[0,2](((BUN <= 39.943 | Lactate >= 0.053) | Magnesium <= 0.428) | TroponinI >= 0.020)
",0.000,9999999.000,9999999.000,1.000,0.000,0,0,28,1,1,28,28,1,0.0,0.0,1.0,0.0,0.0,1.0,1
"((Magnesium <= 1.871) U[2,2] (SaO2 <= 84.533))
",-0.000,84.533,84.533,0.000,1.000,0,0,0,29,29,0,0,29,0.0,0.0,0.0,0.0,0.0,1.0,-1
"((Calcium <= 2.724) U[0,2] (Lactate <= 0.239))
",0.000,-9999999.000,-9999999.000,0.000,1.000,0,0,0,29,29,0,0,29,0.0,0.0,0.0,0.0,0.0,1.0,-1
"G[1,2]((HR >= 66.075 -> SBP <= 139.912) -> Bilirubin_total <= 126.300)
",0.000,9999999.000,9999999.000,1.000,0.000,0,0,29,0,0,29,29,0,0.0,0.0,1.0,0.0,0.0,1.0,1
"G[0,2](PaCO2 <= 56.838 -> PTT <= 9.922)
",0.000,9999999.000,9999999.000,1.000,0.000,0,0,28,1,1,28,28,1,0.0,0.0,1.0,0.0,0.0,1.0,1
"G[1,2](BaseExcess <= 2.485 & Hgb >= 0.296)
",0.000,9999999.000,9999999.000,1.000,0.000,0,0,1,28,28,1,1,28,0.0,0.0,1.0,0.0,0.0,1.0,1
"G[0,2]((Calcium <= 8.172 | HR <= 90.499) & BUN <= 80.350)
",0.000,9999999.000,9999999.000,1.000,0.000,0,0,29,0,0,29,29,0,0.0,0.0,1.0,0.0,0.0,1.0,1
"G[1,2](PTT >= 0.065 & Resp <= 20.670)
",0.000,9999999.000,9999999.000,1.000,0.000,0,0,0,29,29,0,0,29,0.0,0.0,0.0,0.0,0.0,1.0,1
"G[0,2](((pH <= 6.407 -> Phosphate >= 0.026) | Fibrinogen >= 0.283) & EtCO2 >= 0.196)
",0.000,9999999.000,9999999.000,1.000,0.000,0,0,0,29,29,0,0,29,0.0,0.0,0.0,0.0,0.0,1.0,1
"G[1,2]((Chloride <= 53.896 | HR >= 63.970) -> PaCO2 >= 63.506)
",0.000,9999999.000,9999999.000,1.000,0.000,0,0,3,26,26,3,3,26,0.0,0.0,1.0,0.0,0.0,1.0,1
"G[0,2](((Creatinine >= 0.001 & HR <= 87.513) | Bilirubin_total <= 79.570) -> AST >= 62.403)
",0.000,9999999.000,9999999.000,1.000,0.000,0,0,0,29,29,0,0,29,0.0,0.0,0.0,0.0,0.0,1.0,1
"G[0,2]((HR <= 87.622 | Magnesium <= 2.207) & DBP <= 0.903)
",0.000,9999999.000,9999999.000,1.000,0.000,0,0,29,0,0,29,29,0,0.0,0.0,1.0,0.0,0.0,1.0,1
"G[0,2]((FiO2 >= 0.055 -> O2Sat <= 97.746) | PaCO2 <= 98.087)
",0.000,9999999.000,9999999.000,1.000,0.000,0,0,29,0,0,29,29,0,0.0,0.0,1.0,0.0,0.0,1.0,1
"G[0,2](Lactate <= 0.665 -> Phosphate >= 0.265)
",0.000,9999999.000,9999999.000,1.000,0.000,0,0,1,28,28,1,1,28,0.0,0.0,1.0,0.0,0.0,1.0,1
"G[1,2](((BaseExcess <= 2.911 | PTT <= 9.041) & Temp >= 0.393) | Chloride <= 15.448)
",0.000,9999999.000,9999999.000,1.000,0.000,0,0,28,1,1,28,28,1,0.0,0.0,1.0,0.0,0.0,1.0,1
"G[0,2](((Potassium >= 0.341 -> SepsisLabel <= 0.426) | Platelets <= 0.853) | Potassium <= 0.661)
",0.000,9999999.000,9999999.000,1.000,0.000,0,0,28,1,1,28,28,1,0.0,0.0,1.0,0.0,0.0,1.0,1
"G[2,2](PaCO2 >= 3.341 | Temp <= 8.744)
",-0.000,8.744,8.744,1.000,0.000,0,0,29,0,0,29,29,0,0.0,0.0,1.0,0.0,0.0,1.0,1
"G[0,1](((SaO2 <= 72.772 -> Temp >= 2.283) | BUN <= 13.013) & Bilirubin_direct >= 5.732)
",0.000,9999999.000,9999999.000,1.000,0.000,0,0,0,29,29,0,0,29,0.0,0.0,0.0,0.0,0.0,1.0,1
"G[1,2](((Hct <= 20.117 -> Resp <= 18.710) | Calcium >= 6.496) & TroponinI <= 21.673)
",0.000,9999999.000,9999999.000,1.000,0.000,0,0,29,0,0,29,29,0,0.0,0.0,1.0,0.0,0.0,1.0,1
"G[0,2](((Calcium >= 0.324 -> PaCO2 >= 1.340) & pH <= 10.456) -> Magnesium >= 1.326)
",0.000,9999999.000,9999999.000,1.000,0.000,0,0,0,29,29,0,0,29,0.0,0.0,0.0,0.0,0.0,1.0,1
"G[0,2](Hgb >= 0.330 -> Lactate <= 0.682)
",0.000,9999999.000,9999999.000,1.000,0.000,0,0,29,0,0,29,29,0,0.0,0.0,1.0,0.0,0.0,1.0,1
"G[1,2](((Magnesium >= 0.072 & PaCO2 <= 26.937) -> FiO2 >= 2.511) | WBC >= 0.717)
",0.000,9999999.000,9999999.000,1.000,0.000,0,0,29,0,0,29,29,0,0.0,0.0,1.0,0.0,0.0,1.0,1
"G[1,2]((BUN >= 1.433 | HR <= 75.959) | Phosphate <= 81.429)
",0.000,9999999.000,9999999.000,1.000,0.000,0,0,29,0,0,29,29,0,0.0,0.0,1.0,0.0,0.0,1.0,1
"G[1,2](PaCO2 <= 75.636 -> Phosphate <= 1.346)
",0.000,9999999.000,9999999.000,1.000,0.000,0,0,28,1,1,28,28,1,0.0,0.0,1.0,0.0,0.0,1.0,1
"G[0,2](((BUN >= 1.238 & pH >= 0.042) -> Potassium >= 0.533) | Potassium >= 0.646)
",0.000,9999999.000,9999999.000,1.000,0.000,0,0,29,0,0,29,29,0,0.0,0.0,1.0,0.0,0.0,1.0,1
"F[1,2](Lactate <= 1.082 -> Magnesium <= 2.296)
",0.000,-9999999.000,-9999999.000,0.000,1.000,0,0,0,29,29,0,0,29,0.0,0.0,0.0,0.0,0.0,1.0,-1
"F[0,1]((Calcium >= 0.164 -> SaO2 <= 12.470) | AST <= 32.444)
",0.000,-9999999.000,-9999999.000,0.000,1.000,0,0,0,29,29,0,0,29,0.0,0.0,0.0,0.0,0.0,1.0,-1
"((Creatinine >= 0.210) U[2,2] (SaO2 >= 1.051))
",0.000,-0.210,-0.210,0.000,1.000,0,0,0,29,29,0,0,29,0.0,0.0,0.0,0.0,0.0,1.0,-1
"F[0,2]((PTT >= 0.225 & SepsisLabel <= 0.416) & SepsisLabel <= 0.459)
",0.000,-9999999.000,-9999999.000,0.000,1.000,0,0,0,29,29,0,0,29,0.0,0.0,0.0,0.0,0.0,1.0,-1
"F[1,1](((Resp <= 19.743 | SaO2 >= 1.405) -> Alkalinephos >= 0.068) -> Fibrinogen >= 1.529)
",-1.000,1.529,1.529,0.000,1.000,0,0,0,29,29,0,0,29,0.0,0.0,0.0,0.0,0.0,1.0,-1
"F[1,2]((Phosphate >= 0.100 & SaO2 <= 53.193) & HR >= 1.412)
",0.000,-9999999.000,-9999999.000,0.000,1.000,0,0,0,29,29,0,0,29,0.0,0.0,0.0,0.0,0.0,1.0,-1
"F[1,2](HR <= 86.474 -> Phosphate <= 5.800)
",0.000,-9999999.000,-9999999.000,0.000,1.000,0,0,0,29,29,0,0,29,0.0,0.0,0.0,0.0,0.0,1.0,-1
"F[1,2](((O2Sat <= 98.743 | Potassium <= 3.917) & WBC <= 1.304) & TroponinI <= 1.879)
",0.000,-9999999.000,-9999999.000,0.000,1.000,0,0,0,29,29,0,0,29,0.0,0.0,0.0,0.0,0.0,1.0,-1
"F[1,2]((FiO2 <= 0.354 -> MAP >= 13.652) & Lactate >= 41.835)
",0.000,-9999999.000,-9999999.000,0.000,1.000,0,0,0,29,29,0,0,29,0.0,0.0,0.0,0.0,0.0,1.0,-1
"F[1,2](((Hct >= 0.009 & SepsisLabel <= 0.623) & AST <= 0.817) | FiO2 >= 0.100)
",0.000,-9999999.000,-9999999.000,0.000,1.000,0,0,0,29,29,0,0,29,0.0,0.0,0.0,0.0,0.0,1.0,-1
"F[0,2](O2Sat <= 97.676 & Temp >= 5.407)
",0.000,-9999999.000,-9999999.000,0.000,1.000,0,0,0,29,29,0,0,29,0.0,0.0,0.0,0.0,0.0,1.0,-1
"((Hgb >= 0.068) U[2,2] (O2Sat >= 94.940))
",-0.000,-0.068,-0.068,0.000,1.000,0,0,0,29,29,0,0,29,0.0,0.0,0.0,0.0,0.0,1.0,-1
"F[1,2]((SaO2 <= 45.259 & WBC >= 0.112) | SepsisLabel >= 0.586)
",0.000,-9999999.000,-9999999.000,0.000,1.000,0,0,0,29,29,0,0,29,0.0,0.0,0.0,0.0,0.0,1.0,-1
"((Glucose <= 105.908) U[0,2] (PaCO2 <= 59.505))
",0.000,-9999999.000,-9999999.000,0.000,1.000,0,0,0,29,29,0,0,29,0.0,0.0,0.0,0.0,0.0,1.0,-1
"F[0,0]((Hct >= 1.492 & HR >= 58.408) | HR >= 61.864)
",0.000,19680.136,19680.136,0.000,1.000,0,0,0,29,29,0,0,29,0.0,0.0,0.0,0.0,0.0,1.0,-1
"F[2,2](((Potassium <= 4.275 -> SaO2 >= 1.436) & HCO3 >= 0.784) -> Creatinine >= 1.396)
",0.000,1.396,1.396,0.000,1.000,0,0,0,29,29,0,0,29,0.0,0.0,0.0,0.0,0.0,1.0,-1
"F[1,2]((Platelets <= 81.794 -> SaO2 >= 0.407) -> FiO2 <= 31.176)
",0.000,-9999999.000,-9999999.000,0.000,1.000,0,0,0,29,29,0,0,29,0.0,0.0,0.0,0.0,0.0,1.0,-1
"((HR <= 73.833) U[2,2] (Platelets <= 242.935))
",-0.000,242.935,242.935,0.000,1.000,0,0,0,29,29,0,0,29,0.0,0.0,0.0,0.0,0.0,1.0,-1
"F[1,2]((Chloride <= 57.308 & SaO2 <= 77.622) -> Calcium >= 1.226)
",0.000,-9999999.000,-9999999.000,0.000,1.000,0,0,0,29,29,0,0,29,0.0,0.0,0.0,0.0,0.0,1.0,-1
"F[0,2](((BUN <= 19.597 | SaO2 >= 0.460) & Lactate >= 0.220) -> MAP <= 85.389)
",0.000,-9999999.000,-9999999.000,0.000,1.000,0,0,0,29,29,0,0,29,0.0,0.0,0.0,0.0,0.0,1.0,-1
"F[1,2]((FiO2 >= 0.022 -> PTT >= 0.015) -> Bilirubin_direct <= 4.457)
",0.000,-9999999.000,-9999999.000,0.000,1.000,0,0,0,29,29,0,0,29,0.0,0.0,0.0,0.0,0.0,1.0,-1
"F[1,2](((HCO3 <= 28.513 | HR >= 57.066) -> Bilirubin_total <= 75.677) -> Platelets <= 73.938)
",0.000,-9999999.000,-9999999.000,0.000,1.000,0,0,0,29,29,0,0,29,0.0,0.0,0.0,0.0,0.0,1.0,-1
"((Creatinine >= 0.235) U[0,1] (Lactate <= 0.819))
",0.000,-9999999.000,-9999999.000,0.000,1.000,0,0,0,29,29,0,0,29,0.0,0.0,0.0,0.0,0.0,1.0,-1
"((HCO3 >= 0.296) U[2,2] (Lactate <= 0.487))
",2.000,0.487,0.487,0.000,1.000,0,0,0,29,29,0,0,29,0.0,0.0,0.0,0.0,0.0,1.0,-1
"F[0,2](Magnesium <= 1.696 | O2Sat <= 98.492)
",0.000,-9999999.000,-9999999.000,0.000,1.000,0,0,0,29,29,0,0,29,0.0,0.0,0.0,0.0,0.0,1.0,-1
"F[1,2](((Lactate >= 0.059 & Resp >= 6.713) & Platelets >= 4.963) -> Bilirubin_direct >= 10.356)
",0.000,-9999999.000,-9999999.000,0.000,1.000,0,0,0,29,29,0,0,29,0.0,0.0,0.0,0.0,0.0,1.0,-1
"F[0,2]((Lactate >= 0.021 -> PTT <= 14.402) -> SaO2 <= 26.897)
",0.000,-9999999.000,-9999999.000,0.000,1.000,0,0,0,29,29,0,0,29,0.0,0.0,0.0,0.0,0.0,1.0,-1
"G[0,1](Hct >= 1.531 & O2Sat <= 99.700)
",0.000,9999999.000,9999999.000,1.000,0.000,0,0,0,29,29,0,0,29,0.0,0.0,0.0,0.0,0.0,1.0,1
"G[0,2](((FiO2 <= 0.241 -> SaO2 >= 1.454) | Resp <= 54.834) & Potassium <= 42.145)
",0.000,9999999.000,9999999.000,1.000,0.000,0,0,29,0,0,29,29,0,0.0,0.0,1.0,0.0,0.0,1.0,1
"G[0,2](((Platelets >= 3.814 -> Temp >= 6.940) | EtCO2 >= 6.656) -> BaseExcess <= 36.833)
",0.000,9999999.000,9999999.000,1.000,0.000,0,0,29,0,0,29,29,0,0.0,0.0,1.0,0.0,0.0,1.0,1
"G[0,2]((Hgb <= 1.157 | pH <= 4.261) -> AST >= 0.086)
",0.000,9999999.000,9999999.000,1.000,0.000,0,0,0,29,29,0,0,29,0.0,0.0,0.0,0.0,0.0,1.0,1
"G[1,2](Hct >= 1.287 -> Magnesium >= 0.069)
",0.000,9999999.000,9999999.000,1.000,0.000,0,0,29,0,0,29,29,0,0.0,0.0,1.0,0.0,0.0,1.0,1
"G[0,1](Calcium <= 4.166 -> Hgb >= 0.340)
",0.000,9999999.000,9999999.000,1.000,0.000,0,0,0,29,29,0,0,29,0.0,0.0,0.0,0.0,0.0,1.0,1
"G[2,2]((HCO3 >= 1.327 & PTT >= 0.468) | Glucose <= 13.276)
",2.000,13.276,13.276,1.000,0.000,0,0,29,0,0,29,29,0,0.0,0.0,1.0,0.0,0.0,1.0,1
"G[0,1](Hgb >= 0.268 & Phosphate >= 0.126)
",0.000,9999999.000,9999999.000,1.000,0.000,0,0,0,29,29,0,0,29,0.0,0.0,0.0,0.0,0.0,1.0,1
"G[0,2]((Glucose <= 79.372 -> Hct >= 1.159) & EtCO2 <= 14.565)
",0.000,9999999.000,9999999.000,1.000,0.000,0,0,0,29,29,0,0,29,0.0,0.0,0.0,0.0,0.0,1.0,1
"G[0,2]((Glucose >= 5.883 | Platelets >= 7.329) & Glucose >= 10.815)
",0.000,9999999.000,9999999.000,1.000,0.000,0,0,1,28,28,1,1,28,0.0,0.0,1.0,0.0,0.0,1.0,1
"G[1,2]((Resp <= 21.731 -> SBP <= 153.386) & HR >= 46.790)
",0.000,9999999.000,9999999.000,1.000,0.000,0,0,29,0,0,29,29,0,0.0,0.0,1.0,0.0,0.0,1.0,1
"G[0,2]((PaCO2 >= 4.487 | WBC <= 10.930) -> Hct >= 0.479)
",0.000,9999999.000,9999999.000,1.000,0.000,0,0,0,29,29,0,0,29,0.0,0.0,0.0,0.0,0.0,1.0,1
"G[1,2](((Hgb <= 5.582 -> PaCO2 >= 4.924) | DBP <= 64.774) | FiO2 <= 18.609)
",0.000,9999999.000,9999999.000,1.000,0.000,0,0,29,0,0,29,29,0,0.0,0.0,1.0,0.0,0.0,1.0,1
"G[0,1](PaCO2 <= 76.095 & Potassium >= 0.023)
",0.000,9999999.000,9999999.000,1.000,0.000,0,0,0,29,29,0,0,29,0.0,0.0,0.0,0.0,0.0,1.0,1
"G[1,2]((pH <= 5.880 | WBC >= 0.499) & Hgb >= 0.465)
",0.000,9999999.000,9999999.000,1.000,0.000,0,0,1,28,28,1,1,28,0.0,0.0,1.0,0.0,0.0,1.0,1
"G[1,2]((pH <= 3.409 & Potassium <= 0.445) | BaseExcess <= 4.843)
",0.000,9999999.000,9999999.000,1.000,0.000,0,0,29,0,0,29,29,0,0.0,0.0,1.0,0.0,0.0,1.0,1
"G[0,2](Chloride >= 1.152 & HCO3 >= 0.066)
",0.000,9999999.000,9999999.000,1.000,0.000,0,0,0,29,29,0,0,29,0.0,0.0,0.0,0.0,0.0,1.0,1
"G[1,2]((FiO2 <= 0.148 & HCO3 >= 0.881) & PaCO2 >= 0.919)
",0.000,9999999.000,9999999.000,1.000,0.000,0,0,0,29,29,0,0,29,0.0,0.0,0.0,0.0,0.0,1.0,1
"G[0,0](((FiO2 >= 0.025 -> Magnesium <= 0.405) | Fibrinogen >= 0.096) -> Resp <= 1.171)
",-0.298,-1.882,-1.171,1.000,0.000,0,0,0,29,29,0,0,29,0.0,0.0,0.0,0.0,0.0,1.0,1
"G[1,2](Platelets <= 273.014 -> WBC >= 0.425)
",0.000,9999999.000,9999999.000,1.000,0.000,0,0,1,28,28,1,1,28,0.0,0.0,1.0,0.0,0.0,1.0,1
"G[1,2](pH >= 0.138 & Platelets >= 0.629)
",0.000,9999999.000,9999999.000,1.000,0.000,0,0,0,29,29,0,0,29,0.0,0.0,0.0,0.0,0.0,1.0,1
"G[0,0](((Glucose >= 8.056 -> WBC <= 2.326) | Hct >= 0.118) & AST >= 0.418)
",-0.000,-0.418,-0.418,1.000,0.000,0,0,0,29,29,0,0,29,0.0,0.0,0.0,0.0,0.0,1.0,1
"G[0,1](((Chloride >= 2.401 & SepsisLabel <= 0.508) & Hgb <= 0.705) & Platelets >= 0.005)
",0.000,9999999.000,9999999.000,1.000,0.000,0,0,0,29,29,0,0,29,0.0,0.0,0.0,0.0,0.0,1.0,1
"G[1,2](((Chloride <= 93.582 | Temp <= 13.679) -> Magnesium <= 18.297) -> Temp <= 20.313)
",0.000,9999999.000,9999999.000,1.000,0.000,0,0,20,9,9,20,20,9,0.0,0.0,1.0,0.0,0.0,1.0,1
"G[0,2]((Creatinine <= 3.964 | SepsisLabel >= 0.014) | Resp >= 0.097)
",0.000,9999999.000,9999999.000,1.000,0.000,0,0,29,0,0,29,29,0,0.0,0.0,1.0,0.0,0.0,1.0,1
"G[0,2](HR <= 79.632 -> PaCO2 >= 4.935)
",0.000,9999999.000,9999999.000,1.000,0.000,0,0,3,26,26,3,3,26,0.0,0.0,1.0,0.0,0.0,1.0,1
"G[1,2](Temp <= 19.364 | WBC <= 7.975)
",0.000,9999999.000,9999999.000,1.000,0.000,0,0,29,0,0,29,29,0,0.0,0.0,1.0,0.0,0.0,1.0,1
"G[1,2]((Potassium >= 0.016 & Temp <= 25.762) & PTT <= 12.065)
",0.000,9999999.000,9999999.000,1.000,0.000,0,0,1,28,28,1,1,28,0.0,0.0,1.0,0.0,0.0,1.0,1
"G[2,2]((BUN <= 19.753 -> Hgb >= 0.201) -> Alkalinephos >= 0.409)
",1.000,0.409,0.409,1.000,0.000,0,0,29,0,0,29,29,0,0.0,0.0,1.0,0.0,0.0,1.0,1
"G[1,2](((BUN <= 21.482 & Hct >= 1.278) | WBC <= 6.562) -> Temp >= 0.754)
",0.000,9999999.000,9999999.000,1.000,0.000,0,0,10,19,19,10,10,19,0.0,0.0,1.0,0.0,0.0,1.0,1
"G[1,2](((Phosphate >= 0.205 | WBC >= 0.603) & Creatinine >= 0.512) & O2Sat <= 7.907)
",0.000,9999999.000,9999999.000,1.000,0.000,0,0,0,29,29,0,0,29,0.0,0.0,0.0,0.0,0.0,1.0,1
"G[0,2](((Calcium >= 0.289 & WBC <= 6.834) | Hct <= 7.537) | O2Sat >= 0.603)
",0.000,9999999.000,9999999.000,1.000,0.000,0,0,29,0,0,29,29,0,0.0,0.0,1.0,0.0,0.0,1.0,1
"G[1,2](Chloride <= 5.351 -> O2Sat >= 97.237)
",0.000,9999999.000,9999999.000,1.000,0.000,0,0,18,11,11,18,18,11,0.0,0.0,1.0,0.0,0.0,1.0,1
"G[0,1]((Hgb >= 0.562 & SepsisLabel <= 0.406) & O2Sat >= 0.099)
",0.000,9999999.000,9999999.000,1.000,0.000,0,0,0,29,29,0,0,29,0.0,0.0,0.0,0.0,0.0,1.0,1
"G[1,2](((Lactate <= 0.682 & Hct <= 2.785) -> Hct >= 0.720) & HCO3 >= 1.463)
",0.000,9999999.000,9999999.000,1.000,0.000,0,0,1,28,28,1,1,28,0.0,0.0,1.0,0.0,0.0,1.0,1
"G[1,2](Bilirubin_total <= 0.000 -> SepsisLabel <= 0.237)
",0.000,9999999.000,9999999.000,1.000,0.000,0,0,24,5,5,24,24,5,0.0,0.0,1.0,0.0,0.0,1.0,1
"G[1,2](FiO2 >= 0.009 -> EtCO2 >= 0.000)
",0.000,9999999.000,9999999.000,1.000,0.000,0,0,29,0,0,29,29,0,0.0,0.0,1.0,0.0,0.0,1.0,1
"G[0,1](((Creatinine <= 2.665 -> Glucose <= 37.311) -> BaseExcess >= 9.959) & PaCO2 >= 3.699)
",0.000,9999999.000,9999999.000,1.000,0.000,0,0,0,29,29,0,0,29,0.0,0.0,0.0,0.0,0.0,1.0,1
"G[0,2](HR >= 69.661 | Resp <= 17.897)
",0.000,9999999.000,9999999.000,1.000,0.000,0,0,22,7,7,22,22,7,0.0,0.0,1.0,0.0,0.0,1.0,1
"G[0,2](((HR <= 79.422 | O2Sat <= 97.560) & Platelets >= 95.490) -> Glucose <= 99.096)
",0.000,9999999.000,9999999.000,1.000,0.000,0,0,29,0,0,29,29,0,0.0,0.0,1.0,0.0,0.0,1.0,1
"G[1,2]((MAP <= 77.670 | O2Sat <= 97.670) | PTT <= 98.221)
",0.000,9999999.000,9999999.000,1.000,0.000,0,0,29,0,0,29,29,0,0.0,0.0,1.0,0.0,0.0,1.0,1
"G[2,2](Glucose <= 90.249 -> SepsisLabel <= 0.275)
",-1.000,-90.249,-90.249,1.000,0.000,0,0,29,0,0,29,29,0,0.0,0.0,1.0,0.0,0.0,1.0,1
"G[0,1](((HR <= 72.379 -> SBP >= 98.064) & HR <= 147.852) & Hgb >= 81.290)
",0.000,9999999.000,9999999.000,1.000,0.000,0,0,0,29,29,0,0,29,0.0,0.0,0.0,0.0,0.0,1.0,1
"G[0,2](((Hgb <= 9.650 | MAP >= 59.079) & Platelets <= 78.882) & Glucose <= 71.502)
",0.000,9999999.000,9999999.000,1.000,0.000,0,0,20,9,9,20,20,9,0.0,0.0,1.0,0.0,0.0,1.0,1
"G[0,2](((Calcium >= 0.290 & MAP <= 66.295) | Bilirubin_total <= 66.101) & TroponinI >= 56.503)
",0.000,9999999.000,9999999.000,1.000,0.000,0,0,0,29,29,0,0,29,0.0,0.0,0.0,0.0,0.0,1.0,1
"G[2,2](Creatinine <= 4.291 & MAP <= 82.192)
",-0.000,4.291,4.291,1.000,0.000,0,0,29,0,0,29,29,0,0.0,0.0,1.0,0.0,0.0,1.0,1
"G[0,1]((MAP <= 76.475 & Platelets >= 14.923) & Fibrinogen >= 7.338)
",0.000,9999999.000,9999999.000,1.000,0.000,0,0,0,29,29,0,0,29,0.0,0.0,0.0,0.0,0.0,1.0,1
"G[1,2](Phosphate >= 0.238 -> PTT >= 0.041)
",0.000,9999999.000,9999999.000,1.000,0.000,0,0,28,1,1,28,28,1,0.0,0.0,1.0,0.0,0.0,1.0,1
"G[1,2](BUN <= 4.257 -> Glucose >= 7.713)
",0.000,9999999.000,9999999.000,1.000,0.000,0,0,6,23,23,6,6,23,0.0,0.0,1.0,0.0,0.0,1.0,1
"G[0,2](((Platelets >= 11.691 & Potassium >= 0.010) & DBP <= 3.943) & PTT <= 3.414)
",0.000,9999999.000,9999999.000,1.000,0.000,0,0,0,29,29,0,0,29,0.0,0.0,0.0,0.0,0.0,1.0,1
"G[0,1](Lactate >= 0.033 & pH >= 0.632)
",0.000,9999999.000,9999999.000,1.000,0.000,0,0,0,29,29,0,0,29,0.0,0.0,0.0,0.0,0.0,1.0,1
"G[1,2](((Potassium <= 1.174 -> WBC >= 0.250) & SepsisLabel <= 2.353) | FiO2 <= 9.804)
",0.000,9999999.000,9999999.000,1.000,0.000,0,0,29,0,0,29,29,0,0.0,0.0,1.0,0.0,0.0,1.0,1
"G[2,2]((Phosphate <= 5.800 -> Platelets >= 1.160) | pH <= 206.452)
",3.000,206.452,206.452,1.000,0.000,0,0,29,0,0,29,29,0,0.0,0.0,1.0,0.0,0.0,1.0,1
"G[1,2]((Chloride >= 3.014 -> Platelets <= 229.789) -> pH <= 99.836)
",0.000,9999999.000,9999999.000,1.000,0.000,0,0,29,0,0,29,29,0,0.0,0.0,1.0,0.0,0.0,1.0,1
"G[1,2](((Creatinine >= 0.060 | WBC <= 10.341) & Creatinine >= 0.495) | Potassium <= 1.963)
",0.000,9999999.000,9999999.000,1.000,0.000,0,0,29,0,0,29,29,0,0.0,0.0,1.0,0.0,0.0,1.0,1
"((Glucose <= 19.312) U[0,2] (Resp <= 22.496))
",0.000,-9999999.000,-9999999.000,0.000,1.000,0,0,0,29,29,0,0,29,0.0,0.0,0.0,0.0,0.0,1.0,-1
