Rule,Discrimination Score,Pos Robustness,Neg Robustness,Percent Class +,Percent Class -,TP,TN,FP,FN,Actual Yes,Actual No,Predicted Yes,Predicted No,TPR/Sens,TNR/Spec,FPR,Precision,Accuracy,MCR
"G[0,1](((Calcium >= 0.407 & pH >= 0.468) -> O2Sat <= 6.611) | HCO3 >= 1.094)
",0.000,9999999.000,9999999.000,1.000,0.000,110,0,0,0,110,0,110,0,1.0,0.0,0.0,1.0,1.0,0.0
"G[1,1](((O2Sat >= 29.454 & PTT <= 5.866) | Resp >= 0.424) | TroponinI <= 3.313)
",0.000,3.313,3.313,1.000,0.000,110,0,0,0,110,0,110,0,1.0,0.0,0.0,1.0,1.0,0.0
"G[0,1]((Bilirubin_total >= 0.002 | HR >= 28.351) | Potassium <= 108.545)
",0.000,9999999.000,9999999.000,1.000,0.000,110,0,0,0,110,0,110,0,1.0,0.0,0.0,1.0,1.0,0.0
"G[0,0]((Creatinine >= 0.038 | O2Sat >= 45.545) -> Alkalinephos <= 97.390)
",-0.248,-97.633,-97.390,1.000,0.000,110,0,0,0,110,0,110,0,1.0,0.0,0.0,1.0,1.0,0.0
"G[1,1]((MAP >= 35.125 & SaO2 <= 79.171) -> FiO2 <= 6.449)
",3.333,-6.449,-6.449,1.000,0.000,110,0,0,0,110,0,110,0,1.0,0.0,0.0,1.0,1.0,0.0
"G[1,1]((Magnesium <= 1.616 & WBC >= 0.358) | Magnesium <= 16.217)
",6.000,16.217,16.217,1.000,0.000,110,0,0,0,110,0,110,0,1.0,0.0,0.0,1.0,1.0,0.0
"G[0,0](SBP >= 31.153 | WBC <= 7.355)
",-0.139,6.890,7.355,1.000,0.000,110,0,0,0,110,0,110,0,1.0,0.0,0.0,1.0,1.0,0.0
"G[0,1]((HCO3 >= 0.832 | O2Sat >= 55.105) -> Alkalinephos <= 99.171)
",0.000,9999999.000,9999999.000,1.000,0.000,110,0,0,0,110,0,110,0,1.0,0.0,0.0,1.0,1.0,0.0
"G[1,1](((Chloride >= 5.736 | O2Sat >= 50.633) | Resp >= 11.244) & Calcium <= 98.568)
",-14.000,-5.736,-5.736,1.000,0.000,110,0,0,0,110,0,110,0,1.0,0.0,0.0,1.0,1.0,0.0
"G[0,0](((BUN >= 0.268 & pH <= 1.498) -> FiO2 <= 5.354) | Fibrinogen >= 0.383)
",0.204,0.256,-0.383,1.000,0.000,110,0,0,0,110,0,110,0,1.0,0.0,0.0,1.0,1.0,0.0
"G[1,1]((Calcium <= 3.589 & PaCO2 <= 65.593) -> Bilirubin_total <= 18.419)
",9.000,-18.419,-18.419,1.000,0.000,110,0,0,0,110,0,110,0,1.0,0.0,0.0,1.0,1.0,0.0
"G[1,1](((DBP <= 95.245 & SepsisLabel <= 0.738) -> PTT >= 0.020) -> DBP >= 0.016)
",-1.500,0.016,0.016,1.000,0.000,110,0,0,0,110,0,110,0,1.0,0.0,0.0,1.0,1.0,0.0
"G[0,1](((AST <= 3.026 -> Glucose >= 11.602) -> MAP <= 166.934) & SBP <= 255.477)
",0.000,9999999.000,9999999.000,1.000,0.000,110,0,0,0,110,0,110,0,1.0,0.0,0.0,1.0,1.0,0.0
"G[0,0]((BaseExcess >= 0.282 & SaO2 <= 33.252) | EtCO2 <= 49.505)
",0.116,30.667,29.255,1.000,0.000,110,0,0,0,110,0,110,0,1.0,0.0,0.0,1.0,1.0,0.0
"G[0,1]((AST >= 0.341 -> Phosphate >= 0.233) -> Fibrinogen <= 4.099)
",0.000,9999999.000,9999999.000,1.000,0.000,110,0,0,0,110,0,110,0,1.0,0.0,0.0,1.0,1.0,0.0
"G[1,1](Alkalinephos <= 2.579 -> Phosphate <= 4.513)
",-4.000,-4.513,-4.513,1.000,0.000,110,0,0,0,110,0,110,0,1.0,0.0,0.0,1.0,1.0,0.0
"G[1,1]((Glucose >= 8.309 -> PTT <= 19.796) -> Potassium <= 15.715)
",7.500,-15.715,-15.715,1.000,0.000,110,0,0,0,110,0,110,0,1.0,0.0,0.0,1.0,1.0,0.0
"G[0,0](PaCO2 <= 69.758 | Potassium >= 0.407)
",0.071,68.356,67.923,1.000,0.000,110,0,0,0,110,0,110,0,1.0,0.0,0.0,1.0,1.0,0.0
"G[1,1](Bilirubin_total >= 0.000 | PTT <= 2.384)
",5.000,2.384,2.384,1.000,0.000,110,0,0,0,110,0,110,0,1.0,0.0,0.0,1.0,1.0,0.0
"G[0,0](((pH >= 0.056 | Potassium <= 3.010) & Platelets <= 1.853) -> SepsisLabel <= 2.831)
",0.193,-2.743,-2.831,1.000,0.000,110,0,0,0,110,0,110,0,1.0,0.0,0.0,1.0,1.0,0.0
"G[0,1](((DBP >= 5.487 & SBP >= 38.628) | MAP <= 145.276) -> Temp <= 139.964)
",0.000,9999999.000,9999999.000,1.000,0.000,110,0,0,0,110,0,110,0,1.0,0.0,0.0,1.0,1.0,0.0
"G[0,1](BUN >= 0.336 | PTT <= 13.090)
",0.000,9999999.000,9999999.000,1.000,0.000,110,0,0,0,110,0,110,0,1.0,0.0,0.0,1.0,1.0,0.0
"G[0,1]((BUN >= 0.195 -> Hgb >= 0.458) | TroponinI <= 4.091)
",0.000,9999999.000,9999999.000,1.000,0.000,110,0,0,0,110,0,110,0,1.0,0.0,0.0,1.0,1.0,0.0
"G[1,1]((Bilirubin_total <= 0.086 | FiO2 >= 0.118) | AST >= 0.045)
",0.000,0.086,0.086,1.000,0.000,110,0,0,0,110,0,110,0,1.0,0.0,0.0,1.0,1.0,0.0
"G[0,0](((BUN >= 0.280 & SBP <= 154.761) -> EtCO2 >= 65.183) | PTT <= 132.497)
",-0.199,132.141,132.497,1.000,0.000,110,0,0,0,110,0,110,0,1.0,0.0,0.0,1.0,1.0,0.0
"G[0,0]((Creatinine <= 0.683 | Platelets >= 25.373) | PaCO2 >= 15.056)
",-0.274,-0.235,0.683,1.000,0.000,110,0,0,0,110,0,110,0,1.0,0.0,0.0,1.0,1.0,0.0
"G[1,1]((SBP <= 121.469 -> pH >= 0.319) | Bilirubin_total <= 3.039)
",8.000,3.039,3.039,1.000,0.000,110,0,0,0,110,0,110,0,1.0,0.0,0.0,1.0,1.0,0.0
"G[0,1]((HCO3 <= 3.844 -> SBP >= 15.243) -> Chloride <= 134.174)
",0.000,9999999.000,9999999.000,1.000,0.000,110,0,0,0,110,0,110,0,1.0,0.0,0.0,1.0,1.0,0.0
"G[0,0](((BaseExcess <= 4.783 -> DBP <= 107.399) | pH <= 76.709) | Fibrinogen >= 67.772)
",-0.737,76.567,76.709,1.000,0.000,110,0,0,0,110,0,110,0,1.0,0.0,0.0,1.0,1.0,0.0
"G[0,0](((Hct <= 20.239 -> Resp >= 1.720) & FiO2 >= 2.205) -> SBP >= 7.794)
",-0.017,-2.121,-1.554,1.000,0.000,110,0,0,0,110,0,110,0,1.0,0.0,0.0,1.0,1.0,0.0
"G[0,1](((FiO2 >= 0.121 & Potassium >= 0.399) | Glucose >= 0.241) | Alkalinephos <= 2.518)
",0.000,9999999.000,9999999.000,1.000,0.000,110,0,0,0,110,0,110,0,1.0,0.0,0.0,1.0,1.0,0.0
"G[0,0](FiO2 <= 0.478 | HCO3 <= 4.487)
",0.076,3.753,3.485,1.000,0.000,110,0,0,0,110,0,110,0,1.0,0.0,0.0,1.0,1.0,0.0
"G[1,1](HR <= 114.130 | WBC >= 0.685)
",-1.000,114.130,114.130,1.000,0.000,109,0,0,1,110,0,109,1,0.990909090909091,0.0,0.0,1.0,0.990909090909091,0.009090909090909038
"G[0,0]((Glucose >= 2.349 -> Magnesium >= 0.116) | pH >= 0.040)
",0.642,0.197,0.116,1.000,0.000,109,0,0,1,110,0,109,1,0.990909090909091,0.0,0.0,1.0,0.990909090909091,0.009090909090909038
"G[0,1](EtCO2 >= 0.000 & HR >= 71.204)
",0.000,9999999.000,9999999.000,1.000,0.000,109,0,0,1,110,0,109,1,0.990909090909091,0.0,0.0,1.0,0.990909090909091,0.009090909090909038
"G[0,1]((Potassium >= 0.103 -> PTT >= 0.528) | Alkalinephos <= 13.956)
",0.000,9999999.000,9999999.000,1.000,0.000,109,0,0,1,110,0,109,1,0.990909090909091,0.0,0.0,1.0,0.990909090909091,0.009090909090909038
"G[0,0](Chloride >= 2.004 -> MAP <= 95.985)
",-0.125,0.184,1.507,1.000,0.000,109,0,0,1,110,0,109,1,0.990909090909091,0.0,0.0,1.0,0.990909090909091,0.009090909090909038
"G[0,0](Alkalinephos >= 0.139 -> SepsisLabel = 0.027)
",-0.282,-1.231,0.027,1.000,0.000,109,0,0,1,110,0,109,1,0.990909090909091,0.0,0.0,1.0,0.990909090909091,0.009090909090909038
"G[0,1]((FiO2 >= 0.076 | WBC >= 0.156) -> SBP >= 0.359)
",0.000,9999999.000,9999999.000,1.000,0.000,109,0,0,1,110,0,109,1,0.990909090909091,0.0,0.0,1.0,0.990909090909091,0.009090909090909038
"G[0,0](((Glucose >= 11.027 & SepsisLabel >= 0.028) -> AST >= 0.025) | HCO3 <= 0.148)
",-0.209,-0.185,0.117,1.000,0.000,109,0,0,1,110,0,109,1,0.990909090909091,0.0,0.0,1.0,0.990909090909091,0.009090909090909038
"G[0,0]((Alkalinephos <= 73.940 & pH <= 4.825) | PTT <= 7.217)
",-0.199,7.126,7.217,1.000,0.000,109,0,0,1,110,0,109,1,0.990909090909091,0.0,0.0,1.0,0.990909090909091,0.009090909090909038
"G[0,1]((BUN >= 0.123 -> SepsisLabel <= 0.212) & EtCO2 <= 0.903)
",0.000,9999999.000,9999999.000,1.000,0.000,109,0,0,1,110,0,109,1,0.990909090909091,0.0,0.0,1.0,0.990909090909091,0.009090909090909038
"G[0,0](BaseExcess >= 0.485 | WBC <= 18.203)
",-0.139,17.847,18.203,1.000,0.000,108,0,0,2,110,0,108,2,0.9818181818181818,0.0,0.0,1.0,0.9818181818181818,0.018181818181818188
"G[0,1](((Phosphate >= 0.197 -> PTT <= 13.198) -> WBC <= 6.112) & Creatinine <= 21.080)
",0.000,9999999.000,9999999.000,1.000,0.000,107,0,0,3,110,0,107,3,0.9727272727272728,0.0,0.0,1.0,0.9727272727272728,0.027272727272727226
"G[0,0]((Hct <= 19.324 | Potassium >= 0.084) -> MAP >= 0.144)
",-0.352,-118.587,-109.231,1.000,0.000,107,0,0,3,110,0,107,3,0.9727272727272728,0.0,0.0,1.0,0.9727272727272728,0.027272727272727226
"G[0,0](Hgb <= 1.549 | SepsisLabel >= 0.025)
",0.198,21.118,1.549,1.000,0.000,106,0,0,4,110,0,106,4,0.9636363636363636,0.0,0.0,1.0,0.9636363636363636,0.036363636363636376
"G[0,1](Calcium >= 0.399 -> Hgb >= 0.230)
",0.000,9999999.000,9999999.000,1.000,0.000,106,0,0,4,110,0,106,4,0.9636363636363636,0.0,0.0,1.0,0.9636363636363636,0.036363636363636376
"G[0,0](((MAP <= 91.367 | SepsisLabel <= 0.715) & PTT <= 0.498) & Hgb <= 0.056)
",-0.198,-1.272,0.056,1.000,0.000,106,0,0,4,110,0,106,4,0.9636363636363636,0.0,0.0,1.0,0.9636363636363636,0.036363636363636376
"G[0,0](((AST <= 9.798 | WBC <= 13.867) -> Chloride <= 3.417) & TroponinI <= 3.649)
",0.139,-13.790,-13.867,1.000,0.000,105,0,0,5,110,0,105,5,0.9545454545454546,0.0,0.0,1.0,0.9545454545454546,0.045454545454545414
"G[1,1](HCO3 >= 0.771 | SaO2 <= 47.917)
",0.000,47.917,47.917,1.000,0.000,105,0,0,5,110,0,105,5,0.9545454545454546,0.0,0.0,1.0,0.9545454545454546,0.045454545454545414
"G[1,1]((PaCO2 >= 0.283 | SepsisLabel <= 0.780) | PaCO2 >= 0.022)
",0.000,0.780,0.780,1.000,0.000,105,0,0,5,110,0,105,5,0.9545454545454546,0.0,0.0,1.0,0.9545454545454546,0.045454545454545414
"G[0,0](((Chloride <= 83.668 -> SepsisLabel >= 0.004) | BaseExcess <= 0.792) -> BUN <= 0.070)
",-8.000,-0.792,-0.792,1.000,0.000,104,0,0,6,110,0,104,6,0.9454545454545454,0.0,0.0,1.0,0.9454545454545454,0.054545454545454564
"G[1,1]((Lactate >= 0.019 -> Temp >= 7.306) -> Platelets <= 36.832)
",0.000,-36.832,-36.832,1.000,0.000,104,0,0,6,110,0,104,6,0.9454545454545454,0.0,0.0,1.0,0.9454545454545454,0.054545454545454564
"G[1,1](HCO3 >= 1.202 -> Platelets <= 181.903)
",-0.000,-181.903,-181.903,1.000,0.000,103,0,0,7,110,0,103,7,0.9363636363636364,0.0,0.0,1.0,0.9363636363636364,0.0636363636363636
"G[0,0](FiO2 <= 0.431 -> Glucose <= 113.555)
",-1.000,-113.555,-113.555,1.000,0.000,102,0,0,8,110,0,102,8,0.9272727272727272,0.0,0.0,1.0,0.9272727272727272,0.07272727272727275
"G[1,1](pH <= 6.707 | Temp >= 5.727)
",-1.000,6.707,6.707,1.000,0.000,101,0,0,9,110,0,101,9,0.9181818181818182,0.0,0.0,1.0,0.9181818181818182,0.08181818181818179
"G[0,0]((HR <= 104.527 | Magnesium <= 2.140) -> Temp <= 0.154)
",0.243,-2.088,-2.140,1.000,0.000,98,0,0,12,110,0,98,12,0.8909090909090909,0.0,0.0,1.0,0.8909090909090909,0.10909090909090913
"G[0,1]((HCO3 >= 1.761 -> Lactate <= 0.277) -> Chloride <= 0.956)
",0.000,9999999.000,9999999.000,1.000,0.000,97,0,0,13,110,0,97,13,0.8818181818181818,0.0,0.0,1.0,0.8818181818181818,0.11818181818181817
"G[1,1]((BaseExcess >= 0.238 | MAP >= 80.948) & PTT <= 110.539)
",0.000,-0.238,-0.238,1.000,0.000,88,0,0,22,110,0,88,22,0.8,0.0,0.0,1.0,0.8,0.19999999999999996
"G[0,1]((BaseExcess <= 1.870 -> BUN >= 0.189) -> Glucose <= 4.926)
",0.000,9999999.000,9999999.000,1.000,0.000,87,0,0,23,110,0,87,23,0.7909090909090909,0.0,0.0,1.0,0.7909090909090909,0.2090909090909091
"G[0,1](((Creatinine <= 0.087 -> Resp <= 30.691) -> PaCO2 <= 21.123) & Phosphate <= 31.034)
",0.000,9999999.000,9999999.000,1.000,0.000,77,0,0,33,110,0,77,33,0.7,0.0,0.0,1.0,0.7,0.30000000000000004
"G[0,1](pH >= 1.124 -> SepsisLabel = 0.459)
",0.000,9999999.000,9999999.000,1.000,0.000,76,0,0,34,110,0,76,34,0.6909090909090909,0.0,0.0,1.0,0.6909090909090909,0.3090909090909091
"G[1,1](((Resp <= 20.752 -> SaO2 >= 2.427) -> PTT >= 3.382) & Phosphate <= 38.798)
",9.000,3.382,3.382,1.000,0.000,66,0,0,44,110,0,66,44,0.6,0.0,0.0,1.0,0.6,0.4
"G[0,1](((Calcium >= 0.002 -> FiO2 >= 0.021) -> Temp <= 0.500) & HR >= 0.004)
",0.000,9999999.000,9999999.000,1.000,0.000,53,0,0,57,110,0,53,57,0.4818181818181818,0.0,0.0,1.0,0.4818181818181818,0.5181818181818182
"G[1,1]((HR <= 101.504 & PTT <= 7.441) -> WBC >= 0.212)
",-22.000,-7.441,-7.441,1.000,0.000,43,0,0,67,110,0,43,67,0.39090909090909093,0.0,0.0,1.0,0.39090909090909093,0.6090909090909091
"G[0,1]((FiO2 <= 0.475 & Resp <= 21.328) -> Creatinine >= 2.987)
",0.000,9999999.000,9999999.000,1.000,0.000,22,0,0,88,110,0,22,88,0.2,0.0,0.0,1.0,0.2,0.8
"G[0,0](((Alkalinephos >= 0.280 | Potassium <= 0.766) -> Resp <= 4.186) | O2Sat <= 2.969)
",-0.272,-1.918,-0.766,1.000,0.000,21,0,0,89,110,0,21,89,0.19090909090909092,0.0,0.0,1.0,0.19090909090909092,0.8090909090909091
"G[0,0](((Lactate <= 0.172 & PTT >= 0.331) & SBP >= 0.720) | PaCO2 >= 0.325)
",-0.071,1.077,1.510,1.000,0.000,19,0,0,91,110,0,19,91,0.17272727272727273,0.0,0.0,1.0,0.17272727272727273,0.8272727272727273
"G[1,1]((MAP >= 45.061 & PTT <= 14.418) & pH >= 0.396)
",10.000,-45.061,-45.061,1.000,0.000,12,0,0,98,110,0,12,98,0.10909090909090909,0.0,0.0,1.0,0.10909090909090909,0.8909090909090909
"G[0,0]((BaseExcess >= 0.008 -> O2Sat <= 98.571) -> AST >= 82.833)
",0.020,2.535,2.282,1.000,0.000,11,0,0,99,110,0,11,99,0.1,0.0,0.0,1.0,0.1,0.9
"G[1,1](Chloride >= 4.257 & HCO3 >= 0.595)
",-0.000,-4.257,-4.257,1.000,0.000,10,0,0,100,110,0,10,100,0.09090909090909091,0.0,0.0,1.0,0.09090909090909091,0.9090909090909091
"G[1,1](Chloride >= 5.024 & HCO3 >= 1.944)
",0.000,-5.024,-5.024,1.000,0.000,10,0,0,100,110,0,10,100,0.09090909090909091,0.0,0.0,1.0,0.09090909090909091,0.9090909090909091
"G[1,1](Chloride >= 3.656 & HCO3 >= 1.003)
",-13.000,-3.656,-3.656,1.000,0.000,10,0,0,100,110,0,10,100,0.09090909090909091,0.0,0.0,1.0,0.09090909090909091,0.9090909090909091
"G[1,1](Platelets <= 495.825 -> WBC >= 0.544)
",2.000,-495.825,-495.825,1.000,0.000,7,0,0,103,110,0,7,103,0.06363636363636363,0.0,0.0,1.0,0.06363636363636363,0.9363636363636364
"G[1,1]((Magnesium >= 0.039 | Platelets <= 208.148) -> Hct >= 12.110)
",1.000,-208.148,-208.148,1.000,0.000,7,0,0,103,110,0,7,103,0.06363636363636363,0.0,0.0,1.0,0.06363636363636363,0.9363636363636364
"G[1,1](Platelets <= 170.128 -> WBC >= 0.289)
",-8.000,-170.128,-170.128,1.000,0.000,7,0,0,103,110,0,7,103,0.06363636363636363,0.0,0.0,1.0,0.06363636363636363,0.9363636363636364
"G[1,1](((Hgb <= 1.172 | Hct <= 2.665) -> WBC >= 0.422) & Platelets >= 11.485)
",7.000,-11.485,-11.485,1.000,0.000,7,0,0,103,110,0,7,103,0.06363636363636363,0.0,0.0,1.0,0.06363636363636363,0.9363636363636364
"G[1,1](((Hgb <= 8.171 | Hct <= 6.383) -> WBC >= 0.512) & Platelets >= 16.832)
",-9.000,-16.832,-16.832,1.000,0.000,7,0,0,103,110,0,7,103,0.06363636363636363,0.0,0.0,1.0,0.06363636363636363,0.9363636363636364
"G[1,1](((Glucose >= 6.229 & Platelets >= 24.681) -> Magnesium >= 25.442) -> Magnesium >= 16.046)
",-8.000,-24.681,-24.681,1.000,0.000,7,0,0,103,110,0,7,103,0.06363636363636363,0.0,0.0,1.0,0.06363636363636363,0.9363636363636364
"G[0,0](Chloride >= 1.769 & HCO3 >= 0.126)
",0.211,-1.458,-1.769,1.000,0.000,6,0,0,104,110,0,6,104,0.05454545454545454,0.0,0.0,1.0,0.05454545454545454,0.9454545454545454
"G[1,1]((DBP <= 94.356 & SaO2 >= 1.491) & BUN <= 78.573)
",-0.000,-1.491,-1.491,1.000,0.000,6,0,0,104,110,0,6,104,0.05454545454545454,0.0,0.0,1.0,0.05454545454545454,0.9454545454545454
"G[0,0](((Hgb <= 6.697 | Hct <= 19.607) -> WBC >= 0.050) & Platelets >= 22.363)
",-0.103,-22.402,-22.363,1.000,0.000,4,0,0,106,110,0,4,106,0.03636363636363636,0.0,0.0,1.0,0.03636363636363636,0.9636363636363636
"G[0,0](Platelets <= 182.733 -> WBC >= 0.400)
",0.000,-182.733,-182.733,1.000,0.000,4,0,0,106,110,0,4,106,0.03636363636363636,0.0,0.0,1.0,0.03636363636363636,0.9636363636363636
"G[0,0](((BaseExcess <= 2.404 | Resp >= 12.023) -> Chloride <= 27.050) & O2Sat <= 21.643)
",0.075,-77.011,-78.107,1.000,0.000,4,0,0,106,110,0,4,106,0.03636363636363636,0.0,0.0,1.0,0.03636363636363636,0.9636363636363636
"G[0,1](Hgb <= 5.082 -> SaO2 >= 4.421)
",0.000,9999999.000,9999999.000,1.000,0.000,3,0,0,107,110,0,3,107,0.02727272727272727,0.0,0.0,1.0,0.02727272727272727,0.9727272727272728
"G[1,1](((Alkalinephos <= 80.665 -> BUN <= 9.380) & Hct >= 0.416) & pH <= 7.595)
",8.000,-80.665,-80.665,1.000,0.000,2,0,0,108,110,0,2,108,0.01818181818181818,0.0,0.0,1.0,0.01818181818181818,0.9818181818181818
"G[1,1](((AST <= 20.475 -> HR <= 112.401) & pH <= 103.447) -> BUN >= 56.608)
",-0.000,56.608,56.608,1.000,0.000,2,0,0,108,110,0,2,108,0.01818181818181818,0.0,0.0,1.0,0.01818181818181818,0.9818181818181818
"G[0,0](BUN <= 14.157 & Creatinine >= 0.005)
",0.216,0.722,-0.005,1.000,0.000,1,0,0,109,110,0,1,109,0.00909090909090909,0.0,0.0,1.0,0.00909090909090909,0.990909090909091
"G[1,1]((PaCO2 <= 61.312 -> WBC >= 0.730) & Glucose <= 10.612)
",-5.333,-61.312,-61.312,1.000,0.000,1,0,0,109,110,0,1,109,0.00909090909090909,0.0,0.0,1.0,0.00909090909090909,0.990909090909091
"G[0,1](((MAP <= 95.720 -> Phosphate <= 1.052) -> SBP >= 0.215) -> BaseExcess >= 0.068)
",0.000,9999999.000,9999999.000,1.000,0.000,1,0,0,109,110,0,1,109,0.00909090909090909,0.0,0.0,1.0,0.00909090909090909,0.990909090909091
"G[0,2](((Hgb <= 5.177 | Hct <= 29.892) -> WBC >= 0.709) & Platelets >= 24.287)
",0.000,9999999.000,9999999.000,1.000,0.000,0,0,0,110,110,0,0,110,0.0,0.0,0.0,0.0,0.0,1.0
"G[0,2](Platelets <= 562.184 -> WBC >= 0.511)
",0.000,9999999.000,9999999.000,1.000,0.000,0,0,0,110,110,0,0,110,0.0,0.0,0.0,0.0,0.0,1.0
"G[1,2]((Resp <= 23.723 | WBC >= 0.332) | SaO2 >= 0.282)
",0.000,9999999.000,9999999.000,1.000,0.000,0,0,88,22,22,88,88,22,0.0,0.0,1.0,0.0,0.0,1.0
"G[0,2](Chloride >= 1.269 & HCO3 >= 0.610)
",0.000,9999999.000,9999999.000,1.000,0.000,0,0,0,110,110,0,0,110,0.0,0.0,0.0,0.0,0.0,1.0
"G[0,2](Hgb <= 7.200 | Resp >= 2.278)
",0.000,9999999.000,9999999.000,1.000,0.000,0,0,109,1,1,109,109,1,0.0,0.0,1.0,0.0,0.0,1.0
"G[1,2](BUN <= 16.417 & Creatinine >= 0.012)
",0.000,9999999.000,9999999.000,1.000,0.000,0,0,6,104,104,6,6,104,0.0,0.0,1.0,0.0,0.0,1.0
"G[0,2](((Glucose >= 14.109 -> Resp <= 30.181) -> Potassium <= 32.059) -> SaO2 >= 14.978)
",0.000,9999999.000,9999999.000,1.000,0.000,0,0,0,110,110,0,0,110,0.0,0.0,0.0,0.0,0.0,1.0
"G[0,2](Hct <= 29.619 -> SepsisLabel >= 0.009)
",0.000,9999999.000,9999999.000,1.000,0.000,0,0,4,106,106,4,4,106,0.0,0.0,1.0,0.0,0.0,1.0
"G[0,2](Lactate <= 0.420 & Resp <= 31.698)
",0.000,9999999.000,9999999.000,1.000,0.000,0,0,99,11,11,99,99,11,0.0,0.0,1.0,0.0,0.0,1.0
"G[1,2]((Platelets >= 16.812 | SepsisLabel >= 0.016) -> Phosphate <= 0.477)
",0.000,9999999.000,9999999.000,1.000,0.000,0,0,103,7,7,103,103,7,0.0,0.0,1.0,0.0,0.0,1.0
"G[1,2](((Alkalinephos <= 6.864 | BaseExcess >= 0.101) & Phosphate >= 0.831) & O2Sat >= 0.428)
",0.000,9999999.000,9999999.000,1.000,0.000,0,0,7,103,103,7,7,103,0.0,0.0,1.0,0.0,0.0,1.0
"G[1,2]((Platelets <= 160.020 & Resp >= 3.501) & Alkalinephos >= 17.955)
",0.000,9999999.000,9999999.000,1.000,0.000,0,0,1,109,109,1,1,109,0.0,0.0,1.0,0.0,0.0,1.0
"G[2,2](((Potassium >= 0.309 & SepsisLabel >= 0.027) -> Alkalinephos >= 0.030) & SaO2 >= 0.013)
",0.000,-0.013,-0.013,1.000,0.000,0,0,110,0,0,110,110,0,0.0,0.0,1.0,0.0,0.0,1.0
"G[1,2]((SaO2 >= 4.138 | SepsisLabel >= 0.019) & Alkalinephos <= 0.084)
",0.000,9999999.000,9999999.000,1.000,0.000,0,0,11,99,99,11,11,99,0.0,0.0,1.0,0.0,0.0,1.0
"G[2,2]((Chloride <= 24.939 | DBP <= 88.206) -> HR >= 56.529)
",-7.000,-88.206,-88.206,1.000,0.000,0,0,110,0,0,110,110,0,0.0,0.0,1.0,0.0,0.0,1.0
"G[0,2]((Alkalinephos <= 44.928 & Lactate <= 0.701) -> BUN <= 0.826)
",0.000,9999999.000,9999999.000,1.000,0.000,0,0,99,11,11,99,99,11,0.0,0.0,1.0,0.0,0.0,1.0
"G[0,2]((Lactate >= 0.003 -> SBP >= 88.687) | MAP <= 149.612)
",0.000,9999999.000,9999999.000,1.000,0.000,0,0,110,0,0,110,110,0,0.0,0.0,1.0,0.0,0.0,1.0
"G[0,2](((Hct <= 11.369 | MAP <= 130.060) & Bilirubin_total >= 82.215) | Glucose >= 9.870)
",0.000,9999999.000,9999999.000,1.000,0.000,0,0,0,110,110,0,0,110,0.0,0.0,0.0,0.0,0.0,1.0
"G[0,2]((DBP >= 8.181 | FiO2 <= 0.229) | SepsisLabel >= 0.001)
",0.000,9999999.000,9999999.000,1.000,0.000,0,0,110,0,0,110,110,0,0.0,0.0,1.0,0.0,0.0,1.0
"G[2,2]((Bilirubin_total <= 0.107 -> Resp >= 9.189) -> Bilirubin_total <= 27.122)
",3.667,-27.122,-27.122,1.000,0.000,0,0,110,0,0,110,110,0,0.0,0.0,1.0,0.0,0.0,1.0
"G[0,2]((Chloride <= 80.172 & Resp >= 9.821) & Chloride <= 24.476)
",0.000,9999999.000,9999999.000,1.000,0.000,0,0,85,25,25,85,85,25,0.0,0.0,1.0,0.0,0.0,1.0
"G[0,2](O2Sat <= 98.589 & SBP >= 14.070)
",0.000,9999999.000,9999999.000,1.000,0.000,0,0,13,97,97,13,13,97,0.0,0.0,1.0,0.0,0.0,1.0
"G[1,2](((FiO2 >= 0.050 & SBP >= 43.043) -> SBP >= 92.314) & HR >= 56.601)
",0.000,9999999.000,9999999.000,1.000,0.000,0,0,108,2,2,108,108,2,0.0,0.0,1.0,0.0,0.0,1.0
"G[0,2]((FiO2 >= 0.130 | Hct <= 11.659) | PaCO2 >= 1.291)
",0.000,9999999.000,9999999.000,1.000,0.000,0,0,105,5,5,105,105,5,0.0,0.0,1.0,0.0,0.0,1.0
"G[0,1]((FiO2 <= 0.311 -> Platelets >= 6.984) & FiO2 >= 0.987)
",0.000,9999999.000,9999999.000,1.000,0.000,0,0,0,110,110,0,0,110,0.0,0.0,0.0,0.0,0.0,1.0
"G[1,2]((AST <= 22.434 & Temp <= 24.958) & FiO2 >= 6.975)
",0.000,9999999.000,9999999.000,1.000,0.000,0,0,0,110,110,0,0,110,0.0,0.0,0.0,0.0,0.0,1.0
"G[1,2]((O2Sat <= 98.858 -> Platelets <= 371.852) & PaCO2 >= 19.866)
",0.000,9999999.000,9999999.000,1.000,0.000,0,0,15,95,95,15,15,95,0.0,0.0,1.0,0.0,0.0,1.0
"G[0,2](Platelets <= 530.884 -> WBC >= 0.345)
",0.000,9999999.000,9999999.000,1.000,0.000,0,0,0,110,110,0,0,110,0.0,0.0,0.0,0.0,0.0,1.0
"G[1,2](((AST >= 0.160 -> Lactate >= 0.015) -> WBC <= 0.139) -> Creatinine >= 0.014)
",0.000,9999999.000,9999999.000,1.000,0.000,0,0,10,100,100,10,10,100,0.0,0.0,1.0,0.0,0.0,1.0
"G[1,2]((MAP >= 25.811 | Temp >= 6.528) -> Temp >= 3.681)
",0.000,9999999.000,9999999.000,1.000,0.000,0,0,48,62,62,48,48,62,0.0,0.0,1.0,0.0,0.0,1.0
"G[2,2](FiO2 <= 0.183 -> Lactate <= 0.848)
",8.000,-0.848,-0.848,1.000,0.000,0,0,110,0,0,110,110,0,0.0,0.0,1.0,0.0,0.0,1.0
"G[1,2](Calcium <= 4.952 -> SBP >= 27.921)
",0.000,9999999.000,9999999.000,1.000,0.000,0,0,110,0,0,110,110,0,0.0,0.0,1.0,0.0,0.0,1.0
"G[2,2](Chloride >= 2.249 & HCO3 >= 1.207)
",7.000,-2.249,-2.249,1.000,0.000,0,0,110,0,0,110,110,0,0.0,0.0,1.0,0.0,0.0,1.0
"G[1,2](Glucose >= 11.250 & HR >= 24.085)
",0.000,9999999.000,9999999.000,1.000,0.000,0,0,17,93,93,17,17,93,0.0,0.0,1.0,0.0,0.0,1.0
"G[0,2](Bilirubin_total <= 0.150 | DBP <= 79.791)
",0.000,9999999.000,9999999.000,1.000,0.000,0,0,109,1,1,109,109,1,0.0,0.0,1.0,0.0,0.0,1.0
"G[0,1](BUN <= 17.135 & Creatinine >= 0.031)
",0.000,9999999.000,9999999.000,1.000,0.000,0,0,0,110,110,0,0,110,0.0,0.0,0.0,0.0,0.0,1.0
"G[1,2]((BaseExcess <= 6.678 | FiO2 <= 0.331) -> Platelets >= 0.005)
",0.000,9999999.000,9999999.000,1.000,0.000,0,0,10,100,100,10,10,100,0.0,0.0,1.0,0.0,0.0,1.0
"G[0,1](BUN <= 14.227 & Creatinine >= 0.033)
",0.000,9999999.000,9999999.000,1.000,0.000,0,0,0,110,110,0,0,110,0.0,0.0,0.0,0.0,0.0,1.0
"G[2,2](Chloride >= 2.558 & HCO3 >= 2.134)
",12.000,-2.558,-2.558,1.000,0.000,0,0,110,0,0,110,110,0,0.0,0.0,1.0,0.0,0.0,1.0
"G[0,1](MAP >= 41.378 & pH >= 0.497)
",0.000,9999999.000,9999999.000,1.000,0.000,0,0,0,110,110,0,0,110,0.0,0.0,0.0,0.0,0.0,1.0
"G[2,2](DBP <= 86.639 -> Glucose <= 80.351)
",11.000,-86.639,-86.639,1.000,0.000,0,0,110,0,0,110,110,0,0.0,0.0,1.0,0.0,0.0,1.0
"G[0,2]((Phosphate >= 0.189 -> WBC <= 9.572) & Bilirubin_direct >= 0.051)
",0.000,9999999.000,9999999.000,1.000,0.000,0,0,0,110,110,0,0,110,0.0,0.0,0.0,0.0,0.0,1.0
"G[0,2](Creatinine <= 0.053 -> SepsisLabel >= 0.013)
",0.000,9999999.000,9999999.000,1.000,0.000,0,0,4,106,106,4,4,106,0.0,0.0,1.0,0.0,0.0,1.0
"G[0,2](MAP <= 136.671 -> Platelets >= 16.007)
",0.000,9999999.000,9999999.000,1.000,0.000,0,0,0,110,110,0,0,110,0.0,0.0,0.0,0.0,0.0,1.0
"G[0,1](Platelets <= 314.997 -> WBC >= 0.648)
",0.000,9999999.000,9999999.000,1.000,0.000,0,0,0,110,110,0,0,110,0.0,0.0,0.0,0.0,0.0,1.0
"G[0,2]((MAP >= 25.316 | O2Sat <= 97.467) -> Bilirubin_direct >= 5.880)
",0.000,9999999.000,9999999.000,1.000,0.000,0,0,0,110,110,0,0,110,0.0,0.0,0.0,0.0,0.0,1.0
"G[0,1](((DBP >= 5.959 & pH <= 6.308) & WBC >= 0.477) & Glucose >= 0.757)
",0.000,9999999.000,9999999.000,1.000,0.000,0,0,0,110,110,0,0,110,0.0,0.0,0.0,0.0,0.0,1.0
"G[0,2](((FiO2 >= 0.027 | Phosphate <= 2.685) -> Chloride <= 3.273) & HR >= 0.197)
",0.000,9999999.000,9999999.000,1.000,0.000,0,0,101,9,9,101,101,9,0.0,0.0,1.0,0.0,0.0,1.0
"G[1,2]((BUN >= 0.835 -> Temp >= 2.213) & PaCO2 >= 0.265)
",0.000,9999999.000,9999999.000,1.000,0.000,0,0,13,97,97,13,13,97,0.0,0.0,1.0,0.0,0.0,1.0
"G[2,2](SaO2 <= 93.136 -> SBP >= 45.999)
",-0.000,-93.136,-93.136,1.000,0.000,0,0,110,0,0,110,110,0,0.0,0.0,1.0,0.0,0.0,1.0
"G[1,2]((Hgb >= 0.100 & Temp >= 0.340) -> DBP >= 9.325)
",0.000,9999999.000,9999999.000,1.000,0.000,0,0,110,0,0,110,110,0,0.0,0.0,1.0,0.0,0.0,1.0
"G[2,2]((Creatinine >= 0.010 -> HR >= 94.740) & DBP <= 101.506)
",3.000,0.010,0.010,1.000,0.000,0,0,110,0,0,110,110,0,0.0,0.0,1.0,0.0,0.0,1.0
"G[1,2]((Creatinine <= 0.046 -> MAP <= 110.905) -> Chloride <= 126.937)
",0.000,9999999.000,9999999.000,1.000,0.000,0,0,110,0,0,110,110,0,0.0,0.0,1.0,0.0,0.0,1.0
"G[1,2](Potassium <= 1.099 | Temp >= 1.467)
",0.000,9999999.000,9999999.000,1.000,0.000,0,0,101,9,9,101,101,9,0.0,0.0,1.0,0.0,0.0,1.0
"G[2,2](Creatinine >= 0.037 -> Resp <= 30.564)
",-10.000,-30.564,-30.564,1.000,0.000,0,0,110,0,0,110,110,0,0.0,0.0,1.0,0.0,0.0,1.0
"G[1,2](Alkalinephos <= 18.582 & Glucose >= 0.878)
",0.000,9999999.000,9999999.000,1.000,0.000,0,0,14,96,96,14,14,96,0.0,0.0,1.0,0.0,0.0,1.0
"G[0,2](BUN <= 6.664 & Creatinine >= 0.012)
",0.000,9999999.000,9999999.000,1.000,0.000,0,0,0,110,110,0,0,110,0.0,0.0,0.0,0.0,0.0,1.0
"G[2,2](((Hgb <= 3.520 | Hct <= 9.027) -> WBC >= 0.512) & Platelets >= 19.858)
",-4.000,-19.858,-19.858,1.000,0.000,0,0,110,0,0,110,110,0,0.0,0.0,1.0,0.0,0.0,1.0
"G[0,1]((Hgb <= 4.701 & Hgb >= 0.080) & Bilirubin_direct <= 5.709)
",0.000,9999999.000,9999999.000,1.000,0.000,0,0,0,110,110,0,0,110,0.0,0.0,0.0,0.0,0.0,1.0
"G[1,2](((TroponinI <= 0.000 -> WBC <= 2.245) -> PaCO2 <= 14.197) | Creatinine <= 13.923)
",0.000,9999999.000,9999999.000,1.000,0.000,0,0,110,0,0,110,110,0,0.0,0.0,1.0,0.0,0.0,1.0
"G[1,2]((Potassium >= 0.335 & FiO2 >= 0.075) | PTT >= 0.002)
",0.000,9999999.000,9999999.000,1.000,0.000,0,0,13,97,97,13,13,97,0.0,0.0,1.0,0.0,0.0,1.0
"G[0,2](HR >= 71.335 | Chloride >= 1.642)
",0.000,9999999.000,9999999.000,1.000,0.000,0,0,109,1,1,109,109,1,0.0,0.0,1.0,0.0,0.0,1.0
"G[2,2](Phosphate <= 1.759 | Hct >= 1.488)
",-4.500,1.759,1.759,1.000,0.000,0,0,110,0,0,110,110,0,0.0,0.0,1.0,0.0,0.0,1.0
"G[0,2](((pH >= 0.106 & SepsisLabel <= 0.552) | Phosphate <= 0.655) -> SBP <= 0.713)
",0.000,9999999.000,9999999.000,1.000,0.000,0,0,0,110,110,0,0,110,0.0,0.0,0.0,0.0,0.0,1.0
"G[0,1](BaseExcess >= 0.551 & Bilirubin_total <= 0.063)
",0.000,9999999.000,9999999.000,1.000,0.000,0,0,0,110,110,0,0,110,0.0,0.0,0.0,0.0,0.0,1.0
"G[1,2](MAP <= 136.428 -> Potassium >= 0.258)
",0.000,9999999.000,9999999.000,1.000,0.000,0,0,16,94,94,16,16,94,0.0,0.0,1.0,0.0,0.0,1.0
"G[0,2](FiO2 <= 0.457 | SepsisLabel >= 0.028)
",0.000,9999999.000,9999999.000,1.000,0.000,0,0,109,1,1,109,109,1,0.0,0.0,1.0,0.0,0.0,1.0
"G[0,2]((BUN >= 0.604 & MAP >= 37.871) -> Bilirubin_direct <= 93.732)
",0.000,9999999.000,9999999.000,1.000,0.000,0,0,110,0,0,110,110,0,0.0,0.0,1.0,0.0,0.0,1.0
"G[0,2](((Calcium <= 8.296 & HR <= 106.645) & pH >= 52.672) -> FiO2 <= 105.471)
",0.000,9999999.000,9999999.000,1.000,0.000,0,0,110,0,0,110,110,0,0.0,0.0,1.0,0.0,0.0,1.0
"G[1,2](MAP >= 5.508 | WBC >= 0.686)
",0.000,9999999.000,9999999.000,1.000,0.000,0,0,109,1,1,109,109,1,0.0,0.0,1.0,0.0,0.0,1.0
"G[2,2](((Alkalinephos >= 0.731 & HR <= 101.821) -> HR <= 102.699) | Phosphate <= 103.469)
",0.000,103.469,103.469,1.000,0.000,0,0,110,0,0,110,110,0,0.0,0.0,1.0,0.0,0.0,1.0
"G[0,1](((Hgb <= 1.206 | Hct <= 1.718) -> WBC >= 0.167) & Platelets >= 21.967)
",0.000,9999999.000,9999999.000,1.000,0.000,0,0,0,110,110,0,0,110,0.0,0.0,0.0,0.0,0.0,1.0
"G[1,2]((Chloride <= 95.441 & FiO2 <= 0.313) -> SBP >= 0.042)
",0.000,9999999.000,9999999.000,1.000,0.000,0,0,110,0,0,110,110,0,0.0,0.0,1.0,0.0,0.0,1.0
"G[1,2](Hct >= 0.184 | HR <= 112.380)
",0.000,9999999.000,9999999.000,1.000,0.000,0,0,109,1,1,109,109,1,0.0,0.0,1.0,0.0,0.0,1.0
"G[0,2]((Magnesium <= 1.988 -> SepsisLabel <= 0.793) & Bilirubin_total >= 0.009)
",0.000,9999999.000,9999999.000,1.000,0.000,0,0,0,110,110,0,0,110,0.0,0.0,0.0,0.0,0.0,1.0
"G[0,2](PaCO2 >= 6.920 | SBP >= 75.623)
",0.000,9999999.000,9999999.000,1.000,0.000,0,0,109,1,1,109,109,1,0.0,0.0,1.0,0.0,0.0,1.0
"G[0,1]((Calcium >= 0.179 & SaO2 <= 67.884) | TroponinI >= 3.061)
",0.000,9999999.000,9999999.000,1.000,0.000,0,0,0,110,110,0,0,110,0.0,0.0,0.0,0.0,0.0,1.0
"G[0,2](((Bilirubin_total <= 0.063 | SaO2 <= 87.218) | Alkalinephos <= 38.935) -> pH >= 3.747)
",0.000,9999999.000,9999999.000,1.000,0.000,0,0,0,110,110,0,0,110,0.0,0.0,0.0,0.0,0.0,1.0
"G[2,2](Chloride >= 6.496 & HCO3 >= 0.657)
",-0.000,-6.496,-6.496,1.000,0.000,0,0,110,0,0,110,110,0,0.0,0.0,1.0,0.0,0.0,1.0
"G[0,2](((Hgb <= 4.245 | Hct <= 22.689) -> WBC >= 0.042) & Platelets >= 22.093)
",0.000,9999999.000,9999999.000,1.000,0.000,0,0,0,110,110,0,0,110,0.0,0.0,0.0,0.0,0.0,1.0
"G[2,2](((AST <= 22.617 | O2Sat <= 99.966) & pH <= 97.468) | Platelets <= 96.592)
",-0.000,97.468,97.468,1.000,0.000,0,0,110,0,0,110,110,0,0.0,0.0,1.0,0.0,0.0,1.0
"G[1,2](((Alkalinephos >= 0.987 -> O2Sat <= 97.999) | Fibrinogen >= 76.293) -> FiO2 >= 86.212)
",0.000,9999999.000,9999999.000,1.000,0.000,0,0,3,107,107,3,3,107,0.0,0.0,1.0,0.0,0.0,1.0
"G[0,1](((Hgb <= 1.508 | Hct <= 8.942) -> WBC >= 0.584) & Platelets >= 23.632)
",0.000,9999999.000,9999999.000,1.000,0.000,0,0,0,110,110,0,0,110,0.0,0.0,0.0,0.0,0.0,1.0
"G[0,0]((SepsisLabel <= 0.589 & Temp >= 5.848) & Temp <= 32.675)
",-0.162,-80.415,-66.075,1.000,0.000,0,0,0,110,110,0,0,110,0.0,0.0,0.0,0.0,0.0,1.0
"G[1,2](((PTT <= 10.639 -> Resp >= 13.462) -> Calcium <= 27.555) & Bilirubin_direct >= 11.966)
",0.000,9999999.000,9999999.000,1.000,0.000,0,0,0,110,110,0,0,110,0.0,0.0,0.0,0.0,0.0,1.0
"G[1,2](Chloride >= 1.991 & HCO3 >= 1.114)
",0.000,9999999.000,9999999.000,1.000,0.000,0,0,10,100,100,10,10,100,0.0,0.0,1.0,0.0,0.0,1.0
"G[0,1]((HR <= 101.547 | SepsisLabel >= 0.008) & Glucose >= 0.030)
",0.000,9999999.000,9999999.000,1.000,0.000,0,0,0,110,110,0,0,110,0.0,0.0,0.0,0.0,0.0,1.0
"G[1,2](BUN <= 17.652 & Creatinine >= 0.002)
",0.000,9999999.000,9999999.000,1.000,0.000,0,0,6,104,104,6,6,104,0.0,0.0,1.0,0.0,0.0,1.0
"G[0,1]((Creatinine <= 0.636 -> SaO2 >= 1.278) & FiO2 <= 27.953)
",0.000,9999999.000,9999999.000,1.000,0.000,0,0,0,110,110,0,0,110,0.0,0.0,0.0,0.0,0.0,1.0
"G[0,1](BUN <= 22.123 & Creatinine >= 0.022)
",0.000,9999999.000,9999999.000,1.000,0.000,0,0,0,110,110,0,0,110,0.0,0.0,0.0,0.0,0.0,1.0
"G[0,0](((FiO2 >= 0.138 & pH >= 1.134) & HCO3 >= 0.951) & HR <= 7.025)
",-2.000,-19941.975,-19941.975,1.000,0.000,0,0,0,110,110,0,0,110,0.0,0.0,0.0,0.0,0.0,1.0
"G[1,2](((AST >= 0.342 -> pH <= 5.996) | BUN >= 0.676) | Hgb <= 3.380)
",0.000,9999999.000,9999999.000,1.000,0.000,0,0,110,0,0,110,110,0,0.0,0.0,1.0,0.0,0.0,1.0
"G[2,2](HCO3 <= 25.443 & Phosphate >= 0.016)
",9.000,-0.016,-0.016,1.000,0.000,0,0,110,0,0,110,110,0,0.0,0.0,1.0,0.0,0.0,1.0
"G[1,2](PTT >= 0.452 & WBC >= 0.323)
",0.000,9999999.000,9999999.000,1.000,0.000,0,0,6,104,104,6,6,104,0.0,0.0,1.0,0.0,0.0,1.0
"G[1,2](Alkalinephos <= 17.628 -> PTT >= 0.370)
",0.000,9999999.000,9999999.000,1.000,0.000,0,0,7,103,103,7,7,103,0.0,0.0,1.0,0.0,0.0,1.0
"G[1,2]((AST <= 20.487 | PTT <= 24.479) & Temp <= 13.527)
",0.000,9999999.000,9999999.000,1.000,0.000,0,0,63,47,47,63,63,47,0.0,0.0,1.0,0.0,0.0,1.0
"G[1,2](((Glucose <= 142.325 & Hct <= 13.389) & EtCO2 <= 5.358) | SaO2 <= 21.391)
",0.000,9999999.000,9999999.000,1.000,0.000,0,0,109,1,1,109,109,1,0.0,0.0,1.0,0.0,0.0,1.0
"G[1,2](((Bilirubin_total <= 0.150 | Platelets >= 20.147) & pH >= 21.843) -> Chloride <= 417.288)
",0.000,9999999.000,9999999.000,1.000,0.000,0,0,110,0,0,110,110,0,0.0,0.0,1.0,0.0,0.0,1.0
"G[1,2](((AST >= 0.072 & Chloride <= 81.968) & BUN >= 5.515) -> Phosphate >= 5.577)
",0.000,9999999.000,9999999.000,1.000,0.000,0,0,110,0,0,110,110,0,0.0,0.0,1.0,0.0,0.0,1.0
"G[0,2](((Bilirubin_total <= 0.157 | WBC <= 13.664) & Hct <= 8.088) & AST <= 17.848)
",0.000,9999999.000,9999999.000,1.000,0.000,0,0,98,12,12,98,98,12,0.0,0.0,1.0,0.0,0.0,1.0
"G[1,2](Creatinine <= 0.697 & Magnesium >= 0.096)
",0.000,9999999.000,9999999.000,1.000,0.000,0,0,7,103,103,7,7,103,0.0,0.0,1.0,0.0,0.0,1.0
"G[0,1]((Alkalinephos >= 1.033 & WBC >= 0.004) & PTT >= 0.514)
",0.000,9999999.000,9999999.000,1.000,0.000,0,0,0,110,110,0,0,110,0.0,0.0,0.0,0.0,0.0,1.0
"G[0,2](((BUN >= 0.402 | Calcium <= 4.273) -> BUN <= 8.055) -> Bilirubin_total >= 0.543)
",0.000,9999999.000,9999999.000,1.000,0.000,0,0,0,110,110,0,0,110,0.0,0.0,0.0,0.0,0.0,1.0
"G[0,1](((Chloride <= 21.285 -> Creatinine <= 0.238) | Platelets <= 0.230) & Creatinine >= 0.026)
",0.000,9999999.000,9999999.000,1.000,0.000,0,0,0,110,110,0,0,110,0.0,0.0,0.0,0.0,0.0,1.0
"G[0,2](((Magnesium <= 0.738 -> Phosphate >= 0.244) -> WBC >= 0.129) & O2Sat <= 4.442)
",0.000,9999999.000,9999999.000,1.000,0.000,0,0,0,110,110,0,0,110,0.0,0.0,0.0,0.0,0.0,1.0
"G[1,2](((Bilirubin_total >= 0.000 | Hct <= 5.368) | Magnesium <= 11.406) & pH >= 1.258)
",0.000,9999999.000,9999999.000,1.000,0.000,0,0,17,93,93,17,17,93,0.0,0.0,1.0,0.0,0.0,1.0
"G[0,2](((Lactate <= 0.527 -> PaCO2 <= 68.881) & Platelets >= 5.316) | HCO3 >= 8.268)
",0.000,9999999.000,9999999.000,1.000,0.000,0,0,0,110,110,0,0,110,0.0,0.0,0.0,0.0,0.0,1.0
"G[1,2](((AST <= 1.009 -> Hct <= 24.279) | Calcium >= 1.207) | SaO2 >= 1.027)
",0.000,9999999.000,9999999.000,1.000,0.000,0,0,110,0,0,110,110,0,0.0,0.0,1.0,0.0,0.0,1.0
"G[0,2]((BaseExcess <= 7.120 -> Lactate >= 0.020) | Hgb >= 0.023)
",0.000,9999999.000,9999999.000,1.000,0.000,0,0,1,109,109,1,1,109,0.0,0.0,1.0,0.0,0.0,1.0
"G[0,2](Bilirubin_total <= 0.161 -> Hgb <= 8.549)
",0.000,9999999.000,9999999.000,1.000,0.000,0,0,102,8,8,102,102,8,0.0,0.0,1.0,0.0,0.0,1.0
"G[1,2]((Alkalinephos >= 1.290 | Hgb <= 5.529) | pH <= 3.281)
",0.000,9999999.000,9999999.000,1.000,0.000,0,0,105,5,5,105,105,5,0.0,0.0,1.0,0.0,0.0,1.0
"G[0,2]((Hgb <= 3.704 & Platelets >= 21.334) | AST <= 121.013)
",0.000,9999999.000,9999999.000,1.000,0.000,0,0,110,0,0,110,110,0,0.0,0.0,1.0,0.0,0.0,1.0
"G[2,2]((Bilirubin_total >= 0.002 -> Calcium >= 0.346) & Phosphate <= 2.684)
",-0.000,0.002,0.002,1.000,0.000,0,0,110,0,0,110,110,0,0.0,0.0,1.0,0.0,0.0,1.0
"G[1,2]((AST >= 0.319 -> Calcium >= 0.494) | Magnesium <= 2.732)
",0.000,9999999.000,9999999.000,1.000,0.000,0,0,110,0,0,110,110,0,0.0,0.0,1.0,0.0,0.0,1.0
"G[1,2](HR <= 115.540 | Resp >= 12.962)
",0.000,9999999.000,9999999.000,1.000,0.000,0,0,110,0,0,110,110,0,0.0,0.0,1.0,0.0,0.0,1.0
"G[1,2]((Bilirubin_total <= 0.167 -> HCO3 >= 2.298) & PTT <= 28.150)
",0.000,9999999.000,9999999.000,1.000,0.000,0,0,10,100,100,10,10,100,0.0,0.0,1.0,0.0,0.0,1.0
"G[1,2](((Calcium <= 4.310 & Magnesium <= 0.457) | Potassium >= 0.036) & AST >= 0.035)
",0.000,9999999.000,9999999.000,1.000,0.000,0,0,3,107,107,3,3,107,0.0,0.0,1.0,0.0,0.0,1.0
"G[0,1](Platelets <= 179.666 -> WBC >= 0.229)
",0.000,9999999.000,9999999.000,1.000,0.000,0,0,0,110,110,0,0,110,0.0,0.0,0.0,0.0,0.0,1.0
"G[1,2](Calcium <= 4.638 | PTT <= 9.478)
",0.000,9999999.000,9999999.000,1.000,0.000,0,0,104,6,6,104,104,6,0.0,0.0,1.0,0.0,0.0,1.0
"G[1,2](Phosphate >= 0.169 | Platelets >= 13.392)
",0.000,9999999.000,9999999.000,1.000,0.000,0,0,9,101,101,9,9,101,0.0,0.0,1.0,0.0,0.0,1.0
"G[0,2]((HCO3 <= 17.313 -> WBC >= 0.128) & O2Sat >= 0.146)
",0.000,9999999.000,9999999.000,1.000,0.000,0,0,0,110,110,0,0,110,0.0,0.0,0.0,0.0,0.0,1.0
"G[2,2]((Creatinine >= 0.004 & Hct <= 14.434) | Bilirubin_direct <= 22.394)
",-3.000,22.394,22.394,1.000,0.000,0,0,110,0,0,110,110,0,0.0,0.0,1.0,0.0,0.0,1.0
"G[0,0](((Creatinine <= 0.258 | Hgb <= 1.738) & Fibrinogen >= 0.146) & O2Sat >= 0.189)
",-0.199,-1.251,-0.146,1.000,0.000,0,0,0,110,110,0,0,110,0.0,0.0,0.0,0.0,0.0,1.0
"G[0,2](BUN >= 1.120 -> WBC <= 10.639)
",0.000,9999999.000,9999999.000,1.000,0.000,0,0,99,11,11,99,99,11,0.0,0.0,1.0,0.0,0.0,1.0
"G[1,2](BUN <= 1.272 -> Platelets <= 157.236)
",0.000,9999999.000,9999999.000,1.000,0.000,0,0,110,0,0,110,110,0,0.0,0.0,1.0,0.0,0.0,1.0
"G[2,2]((BUN <= 5.513 & Hct >= 0.588) -> Hgb >= 1.407)
",-6.000,0.588,0.588,1.000,0.000,0,0,110,0,0,110,110,0,0.0,0.0,1.0,0.0,0.0,1.0
"G[0,2]((Chloride >= 3.292 & Platelets <= 139.979) -> Temp <= 199.825)
",0.000,9999999.000,9999999.000,1.000,0.000,0,0,110,0,0,110,110,0,0.0,0.0,1.0,0.0,0.0,1.0
"G[1,2](((Glucose <= 89.120 -> Potassium <= 3.059) & Fibrinogen >= 0.015) & Calcium <= 1.506)
",0.000,9999999.000,9999999.000,1.000,0.000,0,0,0,110,110,0,0,110,0.0,0.0,0.0,0.0,0.0,1.0
"G[1,2]((HCO3 >= 1.062 | Hgb <= 2.770) -> Bilirubin_direct <= 3.161)
",0.000,9999999.000,9999999.000,1.000,0.000,0,0,110,0,0,110,110,0,0.0,0.0,1.0,0.0,0.0,1.0
"G[0,1](((Phosphate >= 0.110 & Potassium >= 0.243) & AST >= 0.002) & SBP <= 3.845)
",0.000,9999999.000,9999999.000,1.000,0.000,0,0,0,110,110,0,0,110,0.0,0.0,0.0,0.0,0.0,1.0
"G[0,2]((Hct >= 0.486 & PTT <= 18.856) | Glucose <= 15.120)
",0.000,9999999.000,9999999.000,1.000,0.000,0,0,84,26,26,84,84,26,0.0,0.0,1.0,0.0,0.0,1.0
"G[1,2]((Creatinine <= 0.664 | PTT <= 5.395) | MAP >= 0.783)
",0.000,9999999.000,9999999.000,1.000,0.000,0,0,110,0,0,110,110,0,0.0,0.0,1.0,0.0,0.0,1.0
"G[0,2](HCO3 >= 0.394 | Hct >= 1.508)
",0.000,9999999.000,9999999.000,1.000,0.000,0,0,0,110,110,0,0,110,0.0,0.0,0.0,0.0,0.0,1.0
"G[1,2](((Hgb >= 0.039 | Potassium <= 3.018) -> Resp >= 0.374) -> BUN >= 0.215)
",0.000,9999999.000,9999999.000,1.000,0.000,0,0,11,99,99,11,11,99,0.0,0.0,1.0,0.0,0.0,1.0
"G[0,2](((Chloride <= 99.641 -> Hgb <= 4.196) -> AST <= 4.616) -> Bilirubin_total <= 3.787)
",0.000,9999999.000,9999999.000,1.000,0.000,0,0,110,0,0,110,110,0,0.0,0.0,1.0,0.0,0.0,1.0
"G[1,2](((Calcium <= 7.549 | Glucose <= 119.478) | PaCO2 <= 243.645) -> HR <= 163.629)
",0.000,9999999.000,9999999.000,1.000,0.000,0,0,110,0,0,110,110,0,0.0,0.0,1.0,0.0,0.0,1.0
"G[2,2](Bilirubin_total <= 0.011 -> Magnesium >= 0.051)
",0.000,-0.011,-0.011,1.000,0.000,0,0,110,0,0,110,110,0,0.0,0.0,1.0,0.0,0.0,1.0
"G[0,2](Alkalinephos <= 42.350 | Magnesium >= 0.118)
",0.000,9999999.000,9999999.000,1.000,0.000,0,0,110,0,0,110,110,0,0.0,0.0,1.0,0.0,0.0,1.0
"G[1,2](AST <= 22.855 -> Magnesium <= 1.508)
",0.000,9999999.000,9999999.000,1.000,0.000,0,0,103,7,7,103,103,7,0.0,0.0,1.0,0.0,0.0,1.0
"G[0,1]((Calcium <= 0.644 | Hct >= 0.646) & Potassium >= 1.522)
",0.000,9999999.000,9999999.000,1.000,0.000,0,0,0,110,110,0,0,110,0.0,0.0,0.0,0.0,0.0,1.0
"G[0,1]((Hgb <= 4.049 -> PTT >= 0.062) & Magnesium <= 23.280)
",0.000,9999999.000,9999999.000,1.000,0.000,0,0,0,110,110,0,0,110,0.0,0.0,0.0,0.0,0.0,1.0
"G[0,2](Alkalinephos >= 0.436 -> Calcium >= 0.180)
",0.000,9999999.000,9999999.000,1.000,0.000,0,0,109,1,1,109,109,1,0.0,0.0,1.0,0.0,0.0,1.0
"G[0,0]((Hct >= 0.312 | Platelets >= 1.111) & pH >= 8.135)
",0.737,-7.993,-8.135,1.000,0.000,0,0,0,110,110,0,0,110,0.0,0.0,0.0,0.0,0.0,1.0
"G[0,2]((Bilirubin_total >= 0.002 -> Potassium <= 2.717) | Alkalinephos >= 0.470)
",0.000,9999999.000,9999999.000,1.000,0.000,0,0,110,0,0,110,110,0,0.0,0.0,1.0,0.0,0.0,1.0
"G[2,2](Chloride >= 2.162 & HCO3 >= 0.337)
",-6.000,-2.162,-2.162,1.000,0.000,0,0,110,0,0,110,110,0,0.0,0.0,1.0,0.0,0.0,1.0
"G[0,2]((HR >= 60.123 & O2Sat >= 35.953) | Calcium <= 99.199)
",0.000,9999999.000,9999999.000,1.000,0.000,0,0,110,0,0,110,110,0,0.0,0.0,1.0,0.0,0.0,1.0
"G[0,1](SBP < 156.738 -> SepsisLabel = 0.068)
",0.000,9999999.000,9999999.000,1.000,0.000,0,0,0,110,110,0,0,110,0.0,0.0,0.0,0.0,0.0,1.0
"G[0,2]((Creatinine <= 0.337 | Lactate <= 0.425) -> BaseExcess >= 0.026)
",0.000,9999999.000,9999999.000,1.000,0.000,0,0,0,110,110,0,0,110,0.0,0.0,0.0,0.0,0.0,1.0
"G[0,2]((PTT >= 0.771 | SBP >= 12.676) & Platelets >= 12.836)
",0.000,9999999.000,9999999.000,1.000,0.000,0,0,0,110,110,0,0,110,0.0,0.0,0.0,0.0,0.0,1.0
"G[0,0](BUN <= 6.797 & Creatinine >= 0.006)
",0.072,0.160,-0.006,1.000,0.000,0,0,0,110,110,0,0,110,0.0,0.0,0.0,0.0,0.0,1.0
"G[2,2](((Hgb <= 4.959 | Hct <= 10.939) -> WBC >= 0.301) & Platelets >= 26.696)
",3.000,-26.696,-26.696,1.000,0.000,0,0,110,0,0,110,110,0,0.0,0.0,1.0,0.0,0.0,1.0
"G[0,2](((Glucose <= 107.709 -> SaO2 >= 0.413) | HCO3 <= 59.458) | BUN <= 32.934)
",0.000,9999999.000,9999999.000,1.000,0.000,0,0,110,0,0,110,110,0,0.0,0.0,1.0,0.0,0.0,1.0
"G[0,2]((O2Sat <= 98.361 | Resp <= 32.244) & TroponinI <= 21.949)
",0.000,9999999.000,9999999.000,1.000,0.000,0,0,109,1,1,109,109,1,0.0,0.0,1.0,0.0,0.0,1.0
"G[0,1](Platelets <= 510.048 -> WBC >= 0.301)
",0.000,9999999.000,9999999.000,1.000,0.000,0,0,0,110,110,0,0,110,0.0,0.0,0.0,0.0,0.0,1.0
"G[2,2]((Bilirubin_total <= 0.174 | PaCO2 <= 39.872) -> Hgb <= 49.485)
",7.000,-49.485,-49.485,1.000,0.000,0,0,110,0,0,110,110,0,0.0,0.0,1.0,0.0,0.0,1.0
"G[0,2](BUN <= 22.777 & Creatinine >= 0.023)
",0.000,9999999.000,9999999.000,1.000,0.000,0,0,0,110,110,0,0,110,0.0,0.0,0.0,0.0,0.0,1.0
"G[1,2](Hct <= 26.618 -> Hgb >= 0.170)
",0.000,9999999.000,9999999.000,1.000,0.000,0,0,7,103,103,7,7,103,0.0,0.0,1.0,0.0,0.0,1.0
"G[1,2](SBP >= 71.295 & SepsisLabel >= 0.001)
",0.000,9999999.000,9999999.000,1.000,0.000,0,0,5,105,105,5,5,105,0.0,0.0,1.0,0.0,0.0,1.0
"G[0,2](AST <= 13.243 -> PaCO2 >= 2.448)
",0.000,9999999.000,9999999.000,1.000,0.000,0,0,1,109,109,1,1,109,0.0,0.0,1.0,0.0,0.0,1.0
"G[1,2](((Hct >= 0.334 | Lactate <= 0.516) & SepsisLabel >= 0.025) & Alkalinephos <= 0.580)
",0.000,9999999.000,9999999.000,1.000,0.000,0,0,5,105,105,5,5,105,0.0,0.0,1.0,0.0,0.0,1.0
"G[0,2](((Hgb <= 1.335 | Lactate >= 0.022) | Potassium >= 0.014) | BUN >= 0.023)
",0.000,9999999.000,9999999.000,1.000,0.000,0,0,110,0,0,110,110,0,0.0,0.0,1.0,0.0,0.0,1.0
"G[1,2](((Hgb <= 7.536 | Hct <= 21.133) -> WBC >= 0.048) & Platelets >= 26.738)
",0.000,9999999.000,9999999.000,1.000,0.000,0,0,7,103,103,7,7,103,0.0,0.0,1.0,0.0,0.0,1.0
"G[1,2](Platelets <= 226.656 -> WBC >= 0.711)
",0.000,9999999.000,9999999.000,1.000,0.000,0,0,7,103,103,7,7,103,0.0,0.0,1.0,0.0,0.0,1.0
"G[1,2](((Creatinine <= 0.481 | SBP <= 142.536) -> Creatinine >= 42.246) | WBC >= 102.390)
",0.000,9999999.000,9999999.000,1.000,0.000,0,0,0,110,110,0,0,110,0.0,0.0,0.0,0.0,0.0,1.0
"G[0,1]((AST >= 0.348 | SBP >= 74.673) & AST >= 6.681)
",0.000,9999999.000,9999999.000,1.000,0.000,0,0,0,110,110,0,0,110,0.0,0.0,0.0,0.0,0.0,1.0
"G[0,1](BUN <= 5.501 & Creatinine >= 0.025)
",0.000,9999999.000,9999999.000,1.000,0.000,0,0,0,110,110,0,0,110,0.0,0.0,0.0,0.0,0.0,1.0
"G[2,2](Hct <= 24.300 | Phosphate <= 1.205)
",0.000,24.300,24.300,1.000,0.000,0,0,110,0,0,110,110,0,0.0,0.0,1.0,0.0,0.0,1.0
"G[2,2]((Chloride >= 3.545 -> Lactate >= 0.009) -> Bilirubin_direct >= 0.016)
",0.000,-0.009,-0.009,1.000,0.000,0,0,110,0,0,110,110,0,0.0,0.0,1.0,0.0,0.0,1.0
"G[0,2](PaCO2 <= 35.367 -> SepsisLabel = 0.195)
",0.000,9999999.000,9999999.000,1.000,0.000,0,0,0,110,110,0,0,110,0.0,0.0,0.0,0.0,0.0,1.0
"G[0,2](Hct <= 5.331 & SepsisLabel = 0.525)
",0.000,9999999.000,9999999.000,1.000,0.000,0,0,0,110,110,0,0,110,0.0,0.0,0.0,0.0,0.0,1.0
"G[1,2](Hgb <= 5.017 -> SepsisLabel = 0.017)
",0.000,9999999.000,9999999.000,1.000,0.000,0,0,7,103,103,7,7,103,0.0,0.0,1.0,0.0,0.0,1.0
"G[1,2]((BaseExcess >= 0.673 & PTT <= 18.409) & Temp >= 0.438)
",0.000,9999999.000,9999999.000,1.000,0.000,0,0,6,104,104,6,6,104,0.0,0.0,1.0,0.0,0.0,1.0
"G[1,2](((BaseExcess <= 2.290 & Hgb <= 9.615) & Bilirubin_total >= 0.233) & EtCO2 <= 2.772)
",0.000,9999999.000,9999999.000,1.000,0.000,0,0,0,110,110,0,0,110,0.0,0.0,0.0,0.0,0.0,1.0
"G[1,2]((BaseExcess >= 0.392 | Hct <= 30.433) -> Hct >= 1.293)
",0.000,9999999.000,9999999.000,1.000,0.000,0,0,7,103,103,7,7,103,0.0,0.0,1.0,0.0,0.0,1.0
"G[1,2](((BaseExcess >= 0.172 -> Chloride >= 5.735) | BUN <= 70.841) -> Hct >= 1.388)
",0.000,9999999.000,9999999.000,1.000,0.000,0,0,7,103,103,7,7,103,0.0,0.0,1.0,0.0,0.0,1.0
"G[0,1](Fibrinogen >= 0.000 -> SepsisLabel = 0.837)
",0.000,9999999.000,9999999.000,1.000,0.000,0,0,0,110,110,0,0,110,0.0,0.0,0.0,0.0,0.0,1.0
"G[0,1](BaseExcess <= 7.588 & Creatinine >= 0.018)
",0.000,9999999.000,9999999.000,1.000,0.000,0,0,0,110,110,0,0,110,0.0,0.0,0.0,0.0,0.0,1.0
"G[0,2]((HCO3 >= 1.252 | pH >= 1.121) & PaCO2 <= 3.193)
",0.000,9999999.000,9999999.000,1.000,0.000,0,0,0,110,110,0,0,110,0.0,0.0,0.0,0.0,0.0,1.0
"G[1,2](((HCO3 <= 25.490 | PaCO2 >= 7.840) | BaseExcess <= 26.734) | Calcium <= 10.387)
",0.000,9999999.000,9999999.000,1.000,0.000,0,0,110,0,0,110,110,0,0.0,0.0,1.0,0.0,0.0,1.0
"G[1,2]((BaseExcess >= 0.122 -> Phosphate <= 1.269) | SepsisLabel <= 1.554)
",0.000,9999999.000,9999999.000,1.000,0.000,0,0,110,0,0,110,110,0,0.0,0.0,1.0,0.0,0.0,1.0
"G[0,2](PaCO2 >= 3.032 | PTT >= 0.363)
",0.000,9999999.000,9999999.000,1.000,0.000,0,0,2,108,108,2,2,108,0.0,0.0,1.0,0.0,0.0,1.0
"G[0,1](pH >= 0.350 & PTT >= 0.335)
",0.000,9999999.000,9999999.000,1.000,0.000,0,0,0,110,110,0,0,110,0.0,0.0,0.0,0.0,0.0,1.0
"G[2,2](Lactate >= 0.014 & SepsisLabel = 0.274)
",7.000,-0.274,-0.274,1.000,0.000,0,0,110,0,0,110,110,0,0.0,0.0,1.0,0.0,0.0,1.0
"G[1,2](((Hct >= 1.551 & pH >= 0.973) | BaseExcess <= 7.431) -> Bilirubin_direct <= 4.301)
",0.000,9999999.000,9999999.000,1.000,0.000,0,0,110,0,0,110,110,0,0.0,0.0,1.0,0.0,0.0,1.0
"G[1,2](Platelets <= 312.813 -> WBC >= 0.811)
",0.000,9999999.000,9999999.000,1.000,0.000,0,0,7,103,103,7,7,103,0.0,0.0,1.0,0.0,0.0,1.0
"G[2,2](((Hct >= 1.323 | PaCO2 >= 7.669) & HCO3 >= 7.164) & SaO2 <= 66.092)
",18.000,-7.164,-7.164,1.000,0.000,0,0,110,0,0,110,110,0,0.0,0.0,1.0,0.0,0.0,1.0
"G[2,2](DBP <= 80.695 -> Resp <= 27.796)
",-6.000,-80.695,-80.695,1.000,0.000,0,0,110,0,0,110,110,0,0.0,0.0,1.0,0.0,0.0,1.0
"G[1,2](Creatinine <= 0.045 & pH <= 5.032)
",0.000,9999999.000,9999999.000,1.000,0.000,0,0,90,20,20,90,90,20,0.0,0.0,1.0,0.0,0.0,1.0
"G[0,0](PTT <= 0.831 & SepsisLabel = 0.329)
",-0.198,-19.932,-0.329,1.000,0.000,0,0,0,110,110,0,0,110,0.0,0.0,0.0,0.0,0.0,1.0
"G[0,2](SaO2 < 34.230 -> SepsisLabel = 0.221)
",0.000,9999999.000,9999999.000,1.000,0.000,0,0,0,110,110,0,0,110,0.0,0.0,0.0,0.0,0.0,1.0
"G[0,2]((pH <= 1.352 -> WBC >= 0.101) | Temp >= 0.453)
",0.000,9999999.000,9999999.000,1.000,0.000,0,0,15,95,95,15,15,95,0.0,0.0,1.0,0.0,0.0,1.0
"G[0,2](((Calcium >= 0.208 & pH <= 5.050) | EtCO2 <= 3.751) & Magnesium <= 2.908)
",0.000,9999999.000,9999999.000,1.000,0.000,0,0,110,0,0,110,110,0,0.0,0.0,1.0,0.0,0.0,1.0
"G[0,1]((Creatinine >= 0.024 & PaCO2 <= 40.063) & HR >= 3.391)
",0.000,9999999.000,9999999.000,1.000,0.000,0,0,0,110,110,0,0,110,0.0,0.0,0.0,0.0,0.0,1.0
