Rule,Discrimination Score,Pos Robustness,Neg Robustness,Percent Class +,Percent Class -,TP,TN,FP,FN,Actual Yes,Actual No,Predicted Yes,Predicted No,TPR/Sens,TNR/Spec,FPR,Precision,Accuracy,MCR
"G[0,0]((Creatinine <= 0.247 | Bilirubin_direct >= 0.000) & Resp >= 0.000)
",1.612,0.179,0.000,1.000,0.000,18,0,0,0,18,0,18,0,1.0,0.0,0.0,1.0,1.0,0.0
"G[0,0]((O2Sat <= 98.128 | PaCO2 <= 37.177) -> Magnesium <= 43.538)
",-6127493263094500.000,-43.538,0.000,1.000,0.000,18,0,0,0,18,0,18,0,1.0,0.0,0.0,1.0,1.0,0.0
"G[1,1](((Hgb >= 0.781 & FiO2 >= 0.000) -> Lactate <= 0.000) & Hgb >= 0.000)
",0.000,0.000,0.000,1.000,0.000,18,0,0,0,18,0,18,0,1.0,0.0,0.0,1.0,1.0,0.0
"G[1,1](((Calcium >= 0.300 | WBC <= 7.082) | FiO2 >= 0.519) | PTT >= 0.412)
",7974172234344251.000,7.082,0.000,1.000,0.000,18,0,0,0,18,0,18,0,1.0,0.0,0.0,1.0,1.0,0.0
"G[1,1]((Hgb <= 8.143 -> O2Sat >= 94.984) & Fibrinogen <= 98.479)
",-4584352265536214.000,-8.143,0.000,1.000,0.000,18,0,0,0,18,0,18,0,1.0,0.0,0.0,1.0,1.0,0.0
"G[0,1](DBP >= 10.669 -> SepsisLabel = 0.000)
",9999999.000,9999999.000,0.000,1.000,0.000,18,0,0,0,18,0,18,0,1.0,0.0,0.0,1.0,1.0,0.0
"G[0,0](HCO3 >= 1.161 -> SepsisLabel = 0.000)
",0.000,0.000,0.000,1.000,0.000,18,0,0,0,18,0,18,0,1.0,0.0,0.0,1.0,1.0,0.0
"G[1,1](((EtCO2 <= 0.000 | AST <= 0.000) & Phosphate >= 0.000) & FiO2 >= 0.000)
",0.000,0.000,0.000,1.000,0.000,18,0,0,0,18,0,18,0,1.0,0.0,0.0,1.0,1.0,0.0
"G[0,1]((Phosphate <= 2.387 | Bilirubin_total <= 0.000) | DBP <= 0.000)
",9999999.000,9999999.000,0.000,1.000,0.000,18,0,0,0,18,0,18,0,1.0,0.0,0.0,1.0,1.0,0.0
"G[0,0](Hct >= 2.163 -> SepsisLabel = 0.000)
",0.000,0.000,0.000,1.000,0.000,18,0,0,0,18,0,18,0,1.0,0.0,0.0,1.0,1.0,0.0
"G[0,1](Lactate < 0.000 -> SepsisLabel = 0.000)
",9999999.000,9999999.000,0.000,1.000,0.000,18,0,0,0,18,0,18,0,1.0,0.0,0.0,1.0,1.0,0.0
"G[0,1](((Glucose >= 1.378 -> Temp >= 16.055) | PTT <= 34.764) | PTT >= 6.382)
",9999999.000,9999999.000,0.000,1.000,0.000,18,0,0,0,18,0,18,0,1.0,0.0,0.0,1.0,1.0,0.0
"G[0,0](MAP <= 76.477 | SBP >= 104.544)
",-2.363,-28.190,0.000,1.000,0.000,18,0,0,0,18,0,18,0,1.0,0.0,0.0,1.0,1.0,0.0
"G[0,0](((HCO3 <= 8.423 & Phosphate <= 3.433) -> Bilirubin_direct <= 1.181) -> SaO2 <= 1.034)
",-0.768,-0.786,0.000,1.000,0.000,18,0,0,0,18,0,18,0,1.0,0.0,0.0,1.0,1.0,0.0
"G[1,1]((BUN <= 1.218 | HR >= 74.079) | Alkalinephos <= 93.107)
",6551838177016364.000,93.107,0.000,1.000,0.000,18,0,0,0,18,0,18,0,1.0,0.0,0.0,1.0,1.0,0.0
"G[1,1]((Creatinine >= 0.018 | Potassium <= 0.501) -> TroponinI <= 0.411)
",-0.501,-0.501,0.000,1.000,0.000,18,0,0,0,18,0,18,0,1.0,0.0,0.0,1.0,1.0,0.0
"G[0,1](((O2Sat <= 99.779 & Resp <= 21.611) -> BUN >= 16.298) -> Creatinine <= 23.133)
",9999999.000,9999999.000,0.000,1.000,0.000,18,0,0,0,18,0,18,0,1.0,0.0,0.0,1.0,1.0,0.0
"G[0,1](Fibrinogen <= 0.000 -> Bilirubin_total <= 0.000)
",9999999.000,9999999.000,0.000,1.000,0.000,18,0,0,0,18,0,18,0,1.0,0.0,0.0,1.0,1.0,0.0
"G[0,1](Creatinine <= 0.048 | PaCO2 >= 1.944)
",9999999.000,9999999.000,0.000,1.000,0.000,18,0,0,0,18,0,18,0,1.0,0.0,0.0,1.0,1.0,0.0
"G[0,1]((pH <= 2.148 | WBC <= 1.982) | Chloride >= 0.022)
",9999999.000,9999999.000,0.000,1.000,0.000,18,0,0,0,18,0,18,0,1.0,0.0,0.0,1.0,1.0,0.0
"G[0,1](Fibrinogen <= 0.000 | PaCO2 <= 33.740)
",9999999.000,9999999.000,0.000,1.000,0.000,18,0,0,0,18,0,18,0,1.0,0.0,0.0,1.0,1.0,0.0
"G[0,1](((pH >= 0.294 & SaO2 <= 0.000) | MAP <= 0.000) -> EtCO2 <= 0.000)
",9999999.000,9999999.000,0.000,1.000,0.000,18,0,0,0,18,0,18,0,1.0,0.0,0.0,1.0,1.0,0.0
"G[0,1](((HCO3 <= 3.231 & Hct <= 9.334) & Fibrinogen >= 0.805) -> Temp >= 0.208)
",9999999.000,9999999.000,0.000,1.000,0.000,18,0,0,0,18,0,18,0,1.0,0.0,0.0,1.0,1.0,0.0
"G[0,0](((DBP >= 37.355 & O2Sat <= 99.883) | Temp <= 98.242) | Platelets >= 97.353)
",2.812,13.578,0.000,1.000,0.000,18,0,0,0,18,0,18,0,1.0,0.0,0.0,1.0,1.0,0.0
"G[0,0](((Creatinine <= 0.674 -> PTT >= 0.482) | TroponinI >= 0.665) -> Fibrinogen <= 17.987)
",-5062911827559431.000,-17.987,0.000,1.000,0.000,18,0,0,0,18,0,18,0,1.0,0.0,0.0,1.0,1.0,0.0
"G[0,0]((Magnesium <= 0.515 & PTT >= 0.164) -> MAP >= 0.064)
",-8.769,-104.603,0.000,1.000,0.000,18,0,0,0,18,0,18,0,1.0,0.0,0.0,1.0,1.0,0.0
"G[0,1]((SBP <= 116.397 | AST >= 0.000) | BaseExcess >= 0.000)
",9999999.000,9999999.000,0.000,1.000,0.000,18,0,0,0,18,0,18,0,1.0,0.0,0.0,1.0,1.0,0.0
"G[0,0]((pH <= 6.732 | Fibrinogen <= 0.000) -> SaO2 <= 0.000)
",-7579207970853700.000,-6.732,0.000,1.000,0.000,18,0,0,0,18,0,18,0,1.0,0.0,0.0,1.0,1.0,0.0
"G[0,1]((Temp >= 16.521 -> Bilirubin_total <= 0.000) & Magnesium >= 0.000)
",9999999.000,9999999.000,0.000,1.000,0.000,18,0,0,0,18,0,18,0,1.0,0.0,0.0,1.0,1.0,0.0
"G[0,0](((O2Sat <= 99.232 | SaO2 <= 0.000) & Hct <= 0.000) -> SaO2 <= 0.000)
",0.000,0.000,0.000,1.000,0.000,18,0,0,0,18,0,18,0,1.0,0.0,0.0,1.0,1.0,0.0
"G[0,1](Creatinine >= 0.028 -> PaCO2 >= 2.772)
",9999999.000,9999999.000,0.000,1.000,0.000,18,0,0,0,18,0,18,0,1.0,0.0,0.0,1.0,1.0,0.0
"G[0,0](BaseExcess >= -0.903 | PTT <= 29.561)
",29.561,29.561,0.000,1.000,0.000,18,0,0,0,18,0,18,0,1.0,0.0,0.0,1.0,1.0,0.0
"G[0,1]((MAP >= 64.136 -> SaO2 >= 0.000) & Bilirubin_total >= 0.000)
",9999999.000,9999999.000,0.000,1.000,0.000,18,0,0,0,18,0,18,0,1.0,0.0,0.0,1.0,1.0,0.0
"G[0,1](((MAP <= 93.334 -> Resp <= 18.594) -> Temp >= 15.523) -> pH <= 17.726)
",9999999.000,9999999.000,0.000,1.000,0.000,18,0,0,0,18,0,18,0,1.0,0.0,0.0,1.0,1.0,0.0
"G[0,0]((Platelets >= 9.642 -> Resp >= 12.185) & SepsisLabel <= 18.980)
",-1.200,-29.633,0.000,1.000,0.000,18,0,0,0,18,0,18,0,1.0,0.0,0.0,1.0,1.0,0.0
"G[0,0](((BUN >= 0.244 & Temp <= 35.959) & Calcium >= 4.998) -> Lactate <= 32.047)
",-1.213,-26.709,0.000,1.000,0.000,18,0,0,0,18,0,18,0,1.0,0.0,0.0,1.0,1.0,0.0
"G[1,1]((DBP >= 17.016 -> EtCO2 <= 0.000) & Hgb >= 0.000)
",0.000,0.000,0.000,1.000,0.000,18,0,0,0,18,0,18,0,1.0,0.0,0.0,1.0,1.0,0.0
"G[0,0](((MAP <= 95.290 -> PTT >= 0.749) & Lactate >= 0.066) | Chloride <= 0.996)
",4485879001710311.000,0.996,0.000,1.000,0.000,18,0,0,0,18,0,18,0,1.0,0.0,0.0,1.0,1.0,0.0
"G[0,0](Creatinine <= 0.476 & MAP <= 86.833)
",-1.495,-17.834,0.000,1.000,0.000,18,0,0,0,18,0,18,0,1.0,0.0,0.0,1.0,1.0,0.0
"G[0,1](AST >= 0.000 | DBP >= 12.142)
",9999999.000,9999999.000,0.000,1.000,0.000,18,0,0,0,18,0,18,0,1.0,0.0,0.0,1.0,1.0,0.0
"G[0,1]((Hct >= 1.769 & Chloride >= 1.613) -> Resp >= 2.525)
",9999999.000,9999999.000,0.000,1.000,0.000,18,0,0,0,18,0,18,0,1.0,0.0,0.0,1.0,1.0,0.0
"G[1,1](Magnesium >= 0.077 | O2Sat >= 93.302)
",-0.077,-0.077,0.000,1.000,0.000,18,0,0,0,18,0,18,0,1.0,0.0,0.0,1.0,1.0,0.0
"G[0,1]((DBP >= 21.781 | Potassium <= 3.210) | Lactate <= 2.984)
",9999999.000,9999999.000,0.000,1.000,0.000,18,0,0,0,18,0,18,0,1.0,0.0,0.0,1.0,1.0,0.0
"G[1,1](((Calcium >= 0.339 & O2Sat >= 94.800) & Lactate <= 98.072) | Alkalinephos <= 98.710)
",98.710,98.710,0.000,1.000,0.000,18,0,0,0,18,0,18,0,1.0,0.0,0.0,1.0,1.0,0.0
"G[0,1](HR >= 73.580 | WBC >= 0.275)
",9999999.000,9999999.000,0.000,1.000,0.000,17,0,0,1,18,0,17,1,0.9444444444444444,0.0,0.0,1.0,0.9444444444444444,0.05555555555555558
"G[1,1](((HR >= 73.305 -> Platelets <= 163.722) & PTT <= 44.522) & Lactate <= 185.343)
",-5760444877683332.000,-163.722,0.000,1.000,0.000,17,0,0,1,18,0,17,1,0.9444444444444444,0.0,0.0,1.0,0.9444444444444444,0.05555555555555558
"G[1,1](SBP <= 130.068 & O2Sat >= 93.163)
",-93.163,-93.163,0.000,1.000,0.000,17,0,0,1,18,0,17,1,0.9444444444444444,0.0,0.0,1.0,0.9444444444444444,0.05555555555555558
"G[0,1](Phosphate <= 0.289 | PTT >= 0.724)
",9999999.000,9999999.000,0.000,1.000,0.000,17,0,0,1,18,0,17,1,0.9444444444444444,0.0,0.0,1.0,0.9444444444444444,0.05555555555555558
"G[0,1](((Resp >= 15.703 | SBP >= 101.065) -> Lactate >= 96.038) | SBP <= 128.971)
",9999999.000,9999999.000,0.000,1.000,0.000,17,0,0,1,18,0,17,1,0.9444444444444444,0.0,0.0,1.0,0.9444444444444444,0.05555555555555558
"G[0,1]((BUN <= 6.508 & Platelets <= 117.960) | Creatinine >= 0.914)
",9999999.000,9999999.000,0.000,1.000,0.000,16,0,0,2,18,0,16,2,0.8888888888888888,0.0,0.0,1.0,0.8888888888888888,0.11111111111111116
"G[0,1](BUN <= 7.838 | Calcium <= 7.136)
",9999999.000,9999999.000,0.000,1.000,0.000,16,0,0,2,18,0,16,2,0.8888888888888888,0.0,0.0,1.0,0.8888888888888888,0.11111111111111116
"G[0,1]((PaCO2 <= 13.072 & Phosphate >= 0.021) | Phosphate <= 1.671)
",9999999.000,9999999.000,0.000,1.000,0.000,16,0,0,2,18,0,16,2,0.8888888888888888,0.0,0.0,1.0,0.8888888888888888,0.11111111111111116
"G[0,1]((PaCO2 >= 0.899 -> Resp <= 24.594) & Resp >= 12.977)
",9999999.000,9999999.000,0.000,1.000,0.000,16,0,0,2,18,0,16,2,0.8888888888888888,0.0,0.0,1.0,0.8888888888888888,0.11111111111111116
"G[1,1](Phosphate <= 0.412 & SepsisLabel = 0.000)
",0.000,0.000,0.000,1.000,0.000,16,0,0,2,18,0,16,2,0.8888888888888888,0.0,0.0,1.0,0.8888888888888888,0.11111111111111116
"G[0,1](Hct >= 2.044 -> Platelets <= 112.423)
",9999999.000,9999999.000,0.000,1.000,0.000,16,0,0,2,18,0,16,2,0.8888888888888888,0.0,0.0,1.0,0.8888888888888888,0.11111111111111116
"G[1,1](Magnesium <= 0.705 & SepsisLabel = 0.000)
",0.000,0.000,0.000,1.000,0.000,16,0,0,2,18,0,16,2,0.8888888888888888,0.0,0.0,1.0,0.8888888888888888,0.11111111111111116
"G[0,1]((DBP >= 34.077 & pH >= 0.837) -> HCO3 >= 0.091)
",9999999.000,9999999.000,0.000,1.000,0.000,16,0,0,2,18,0,16,2,0.8888888888888888,0.0,0.0,1.0,0.8888888888888888,0.11111111111111116
"G[1,1]((Magnesium >= 0.080 & PTT >= 0.017) | Temp >= 0.283)
",-5791227932342373.000,-0.080,0.000,1.000,0.000,15,0,0,3,18,0,15,3,0.8333333333333334,0.0,0.0,1.0,0.8333333333333334,0.16666666666666663
"G[0,1](((Magnesium >= 0.059 | Potassium >= 0.224) -> PTT <= 1.918) & Potassium <= 1.231)
",9999999.000,9999999.000,0.000,1.000,0.000,15,0,0,3,18,0,15,3,0.8333333333333334,0.0,0.0,1.0,0.8333333333333334,0.16666666666666663
"G[1,1](Hct <= 22.661 -> Temp >= 8.333)
",-6378403202646924.000,-22.661,0.000,1.000,0.000,15,0,0,3,18,0,15,3,0.8333333333333334,0.0,0.0,1.0,0.8333333333333334,0.16666666666666663
"G[0,1](((Calcium >= 0.318 & Phosphate >= 0.072) -> SepsisLabel <= 2.709) & Potassium <= 1.542)
",9999999.000,9999999.000,0.000,1.000,0.000,15,0,0,3,18,0,15,3,0.8333333333333334,0.0,0.0,1.0,0.8333333333333334,0.16666666666666663
"G[0,1](BaseExcess >= -2.174 & PTT <= 20.671)
",9999999.000,9999999.000,0.000,1.000,0.000,15,0,0,3,18,0,15,3,0.8333333333333334,0.0,0.0,1.0,0.8333333333333334,0.16666666666666663
"G[1,1](((O2Sat <= 99.274 | DBP <= 53.363) -> Temp >= 4.764) & MAP >= 5.641)
",-6985753102175924.000,-99.274,0.000,1.000,0.000,15,0,0,3,18,0,15,3,0.8333333333333334,0.0,0.0,1.0,0.8333333333333334,0.16666666666666663
"G[0,1]((BUN <= 5.055 -> pH >= 0.962) | Temp >= 0.048)
",9999999.000,9999999.000,0.000,1.000,0.000,13,0,0,5,18,0,13,5,0.7222222222222222,0.0,0.0,1.0,0.7222222222222222,0.2777777777777778
"G[1,1](DBP >= 16.799 | HCO3 >= 1.060)
",-4774907050806361.000,-1.060,0.000,1.000,0.000,13,0,0,5,18,0,13,5,0.7222222222222222,0.0,0.0,1.0,0.7222222222222222,0.2777777777777778
"G[1,1](Lactate <= 0.000 & DBP >= 26.908)
",-26.908,-26.908,0.000,1.000,0.000,13,0,0,5,18,0,13,5,0.7222222222222222,0.0,0.0,1.0,0.7222222222222222,0.2777777777777778
"G[1,1](((Calcium <= 1.379 | pH >= 0.356) -> Temp >= 0.636) -> Phosphate >= 0.048)
",0.048,0.048,0.000,1.000,0.000,5,0,0,13,18,0,5,13,0.2777777777777778,0.0,0.0,1.0,0.2777777777777778,0.7222222222222222
"G[0,0](MAP <= 83.276 & Glucose >= 11.013)
",-2.079,-22.371,0.000,1.000,0.000,3,0,0,15,18,0,3,15,0.16666666666666666,0.0,0.0,1.0,0.16666666666666666,0.8333333333333334
"G[1,1](BUN <= 1.049 -> Magnesium >= 0.083)
",-1.049,-1.049,0.000,1.000,0.000,2,0,0,16,18,0,2,16,0.1111111111111111,0.0,0.0,1.0,0.1111111111111111,0.8888888888888888
"G[1,1](((Hgb <= 8.376 | Hct <= 19.068) -> WBC >= 0.466) & Platelets >= 6.622)
",-19.068,-19.068,0.000,1.000,0.000,2,0,0,16,18,0,2,16,0.1111111111111111,0.0,0.0,1.0,0.1111111111111111,0.8888888888888888
"G[1,1](((Hgb <= 8.365 | Hct <= 5.023) -> WBC >= 0.113) & Platelets >= 7.860)
",-4708993747127254.000,-8.365,0.000,1.000,0.000,2,0,0,16,18,0,2,16,0.1111111111111111,0.0,0.0,1.0,0.1111111111111111,0.8888888888888888
"G[1,1](((Hgb <= 8.579 | Hct <= 11.613) -> WBC >= 0.131) & Platelets >= 5.719)
",-11.613,-11.613,0.000,1.000,0.000,2,0,0,16,18,0,2,16,0.1111111111111111,0.0,0.0,1.0,0.1111111111111111,0.8888888888888888
"G[1,1](Platelets <= 35.756 -> WBC >= 0.630)
",-35.756,-35.756,0.000,1.000,0.000,2,0,0,16,18,0,2,16,0.1111111111111111,0.0,0.0,1.0,0.1111111111111111,0.8888888888888888
"G[1,1](((Magnesium >= 0.148 & Temp >= 10.175) -> Calcium <= 33.805) -> PTT >= 0.727)
",0.727,0.727,0.000,1.000,0.000,1,0,0,17,18,0,1,17,0.05555555555555555,0.0,0.0,1.0,0.05555555555555555,0.9444444444444444
"G[0,0](((BUN >= 0.062 | Potassium <= 2.614) -> Lactate >= 0.154) & Potassium >= 0.273)
",-0.319,-10.905,0.000,1.000,0.000,1,0,0,17,18,0,1,17,0.05555555555555555,0.0,0.0,1.0,0.05555555555555555,0.9444444444444444
"G[1,1](PTT >= 0.785 & PTT >= 0.616)
",-7067664176091868.000,-0.785,0.000,1.000,0.000,1,0,0,17,18,0,1,17,0.05555555555555555,0.0,0.0,1.0,0.05555555555555555,0.9444444444444444
"G[0,2](((Chloride <= 27.253 & MAP <= 83.847) & Hgb <= 81.972) | WBC <= 84.011)
",9999999.000,9999999.000,0.000,1.000,0.000,0,0,18,0,0,18,18,0,0.0,0.0,1.0,0.0,0.0,1.0
"G[2,2](((TroponinI >= 0.000 -> Platelets <= 140.708) | Glucose >= 6.759) & HCO3 <= 143.741)
",-6.759,-6.759,0.000,1.000,0.000,0,0,18,0,0,18,18,0,0.0,0.0,1.0,0.0,0.0,1.0
"G[1,2](EtCO2 >= 0.000 -> PTT >= 0.762)
",9999999.000,9999999.000,0.000,1.000,0.000,0,0,1,17,17,1,1,17,0.0,0.0,1.0,0.0,0.0,1.0
"G[2,2](((HCO3 <= 16.206 & SBP <= 135.810) & BaseExcess >= 98.659) | SepsisLabel >= 92.595)
",-92.595,-92.595,0.000,1.000,0.000,0,0,18,0,0,18,18,0,0.0,0.0,1.0,0.0,0.0,1.0
"G[2,2]((HCO3 >= 1.179 -> MAP <= 84.268) | Potassium >= 64.537)
",-64.537,-64.537,0.000,1.000,0.000,0,0,18,0,0,18,18,0,0.0,0.0,1.0,0.0,0.0,1.0
"G[1,2](((Calcium <= 6.705 -> SBP <= 136.374) & Creatinine >= 100.243) & Hct <= 113.153)
",9999999.000,9999999.000,0.000,1.000,0.000,0,0,0,18,18,0,0,18,0.0,0.0,0.0,0.0,0.0,1.0
"G[1,2](((SepsisLabel <= 0.000 & Phosphate <= 1.167) -> PaCO2 >= 0.094) -> Phosphate <= 1.099)
",9999999.000,9999999.000,0.000,1.000,0.000,0,0,16,2,2,16,16,2,0.0,0.0,1.0,0.0,0.0,1.0
"G[1,2]((Fibrinogen >= 0.000 | Resp >= 16.583) | DBP <= 24.567)
",9999999.000,9999999.000,0.000,1.000,0.000,0,0,18,0,0,18,18,0,0.0,0.0,1.0,0.0,0.0,1.0
"G[2,2](EtCO2 >= 0.000 & HR <= 89.851)
",0.000,0.000,0.000,1.000,0.000,0,0,18,0,0,18,18,0,0.0,0.0,1.0,0.0,0.0,1.0
"G[1,2]((Glucose >= 14.414 | O2Sat >= 94.297) -> TroponinI <= 99.591)
",9999999.000,9999999.000,0.000,1.000,0.000,0,0,18,0,0,18,18,0,0.0,0.0,1.0,0.0,0.0,1.0
"G[0,2](((Phosphate <= 3.103 -> Potassium <= 0.751) -> Bilirubin_direct >= 0.045) -> DBP >= 0.252)
",9999999.000,9999999.000,0.000,1.000,0.000,0,0,17,1,1,17,17,1,0.0,0.0,1.0,0.0,0.0,1.0
"G[1,2]((O2Sat >= 97.137 -> pH >= 0.597) -> TroponinI >= 0.440)
",9999999.000,9999999.000,0.000,1.000,0.000,0,0,9,9,9,9,9,9,0.0,0.0,1.0,0.0,0.0,1.0
"G[0,2](((PaCO2 >= 3.795 & SaO2 >= 0.000) -> SepsisLabel >= 0.000) -> DBP <= 0.000)
",9999999.000,9999999.000,0.000,1.000,0.000,0,0,5,13,13,5,5,13,0.0,0.0,1.0,0.0,0.0,1.0
"G[2,2](PaCO2 <= 11.735 -> MAP <= 78.076)
",-78.076,-78.076,0.000,1.000,0.000,0,0,18,0,0,18,18,0,0.0,0.0,1.0,0.0,0.0,1.0
"G[1,2]((O2Sat <= 99.089 | TroponinI <= 0.000) -> FiO2 <= 0.000)
",9999999.000,9999999.000,0.000,1.000,0.000,0,0,18,0,0,18,18,0,0.0,0.0,1.0,0.0,0.0,1.0
"G[1,2](((pH >= 0.930 & Temp <= 37.231) -> PaCO2 <= 31.268) | BUN >= 9.295)
",9999999.000,9999999.000,0.000,1.000,0.000,0,0,18,0,0,18,18,0,0.0,0.0,1.0,0.0,0.0,1.0
"G[0,2](SBP >= 98.378 -> WBC >= 0.166)
",9999999.000,9999999.000,0.000,1.000,0.000,0,0,4,14,14,4,4,14,0.0,0.0,1.0,0.0,0.0,1.0
"G[0,1](((Fibrinogen >= 0.000 -> TroponinI >= 0.000) & HR >= 0.000) & MAP <= 0.000)
",9999999.000,9999999.000,0.000,1.000,0.000,0,0,0,18,18,0,0,18,0.0,0.0,0.0,0.0,0.0,1.0
"G[0,1]((Temp >= 10.778 -> HCO3 >= 0.261) & BaseExcess >= 0.408)
",9999999.000,9999999.000,0.000,1.000,0.000,0,0,0,18,18,0,0,18,0.0,0.0,0.0,0.0,0.0,1.0
"G[1,2](((DBP <= 58.477 | Hct >= 2.635) | HCO3 >= 1.551) | SBP <= 11.021)
",9999999.000,9999999.000,0.000,1.000,0.000,0,0,11,7,7,11,11,7,0.0,0.0,1.0,0.0,0.0,1.0
"G[0,2]((DBP <= 53.936 & HR <= 89.436) & pH >= 79.785)
",9999999.000,9999999.000,0.000,1.000,0.000,0,0,0,18,18,0,0,18,0.0,0.0,0.0,0.0,0.0,1.0
"G[0,2]((AST >= 0.000 & Resp <= 17.393) -> BaseExcess <= 23.332)
",9999999.000,9999999.000,0.000,1.000,0.000,0,0,18,0,0,18,18,0,0.0,0.0,1.0,0.0,0.0,1.0
"G[2,2](SaO2 <= 0.000 | AST <= 0.000)
",0.000,0.000,0.000,1.000,0.000,0,0,18,0,0,18,18,0,0.0,0.0,1.0,0.0,0.0,1.0
"G[0,2](WBC <= 5.005 -> Platelets >= 2.918)
",9999999.000,9999999.000,0.000,1.000,0.000,0,0,0,18,18,0,0,18,0.0,0.0,0.0,0.0,0.0,1.0
"G[1,2]((MAP >= 66.578 | WBC >= 0.345) & Calcium >= 0.010)
",9999999.000,9999999.000,0.000,1.000,0.000,0,0,2,16,16,2,2,16,0.0,0.0,1.0,0.0,0.0,1.0
"G[2,2](Chloride >= 5.574 & HCO3 >= 0.129)
",-6275290790586908.000,-5.574,0.000,1.000,0.000,0,0,18,0,0,18,18,0,0.0,0.0,1.0,0.0,0.0,1.0
"G[2,2](((Resp <= 17.986 -> Glucose >= 17.999) & Potassium >= 3.253) & Hct >= 5.923)
",-17.986,-17.986,0.000,1.000,0.000,0,0,18,0,0,18,18,0,0.0,0.0,1.0,0.0,0.0,1.0
"G[0,1]((Bilirubin_direct >= 0.000 -> Resp >= 15.348) & MAP <= 24.273)
",9999999.000,9999999.000,0.000,1.000,0.000,0,0,0,18,18,0,0,18,0.0,0.0,0.0,0.0,0.0,1.0
"G[0,1](((Magnesium >= 0.036 -> MAP <= 76.618) -> Temp >= 64.977) & Alkalinephos <= 84.090)
",9999999.000,9999999.000,0.000,1.000,0.000,0,0,0,18,18,0,0,18,0.0,0.0,0.0,0.0,0.0,1.0
"G[2,2](((Phosphate <= 0.790 -> Bilirubin_total <= 0.000) -> DBP >= 0.000) -> FiO2 >= 0.000)
",0.000,0.000,0.000,1.000,0.000,0,0,18,0,0,18,18,0,0.0,0.0,1.0,0.0,0.0,1.0
"G[0,2]((Alkalinephos >= 0.000 & Bilirubin_direct >= 0.000) & Temp >= 0.000)
",9999999.000,9999999.000,0.000,1.000,0.000,0,0,18,0,0,18,18,0,0.0,0.0,1.0,0.0,0.0,1.0
"G[1,2](((HCO3 <= 12.364 & FiO2 >= 0.000) -> Alkalinephos >= 0.000) | Lactate <= 0.000)
",9999999.000,9999999.000,0.000,1.000,0.000,0,0,18,0,0,18,18,0,0.0,0.0,1.0,0.0,0.0,1.0
"G[0,2](HR <= 91.970 | Hct >= 0.354)
",9999999.000,9999999.000,0.000,1.000,0.000,0,0,13,5,5,13,13,5,0.0,0.0,1.0,0.0,0.0,1.0
"G[0,2]((Hgb >= 0.716 & Glucose <= 133.898) | SaO2 >= 3.364)
",9999999.000,9999999.000,0.000,1.000,0.000,0,0,0,18,18,0,0,18,0.0,0.0,0.0,0.0,0.0,1.0
"G[0,2](Bilirubin_direct >= 0.000 -> Temp >= 17.316)
",9999999.000,9999999.000,0.000,1.000,0.000,0,0,13,5,5,13,13,5,0.0,0.0,1.0,0.0,0.0,1.0
"G[1,2](((Creatinine >= 0.012 -> PTT <= 27.251) -> pH <= 13.142) | HR <= 8.785)
",9999999.000,9999999.000,0.000,1.000,0.000,0,0,18,0,0,18,18,0,0.0,0.0,1.0,0.0,0.0,1.0
"G[2,2](((Resp >= 16.836 & WBC <= 8.007) | AST >= 0.535) -> SaO2 <= 8.734)
",-8.734,-8.734,0.000,1.000,0.000,0,0,18,0,0,18,18,0,0.0,0.0,1.0,0.0,0.0,1.0
"G[0,2](EtCO2 <= 0.000 | BaseExcess <= 0.710)
",9999999.000,9999999.000,0.000,1.000,0.000,0,0,18,0,0,18,18,0,0.0,0.0,1.0,0.0,0.0,1.0
"G[1,2]((BUN <= 4.178 & PTT <= 11.793) | Platelets <= 26.837)
",9999999.000,9999999.000,0.000,1.000,0.000,0,0,16,2,2,16,16,2,0.0,0.0,1.0,0.0,0.0,1.0
"G[1,2](((pH >= 0.076 & MAP <= 91.653) | AST >= 61.472) -> Alkalinephos >= 69.333)
",9999999.000,9999999.000,0.000,1.000,0.000,0,0,16,2,2,16,16,2,0.0,0.0,1.0,0.0,0.0,1.0
"G[1,2](((PaCO2 >= 0.575 -> BaseExcess >= -0.998) -> Temp >= -2.580) | BaseExcess >= -2.152)
",9999999.000,9999999.000,0.000,1.000,0.000,0,0,18,0,0,18,18,0,0.0,0.0,1.0,0.0,0.0,1.0
"G[1,1](((Fibrinogen >= 0.000 -> WBC >= 0.323) -> Bilirubin_direct <= 10.755) -> MAP <= 7.865)
",-8855128317995637.000,-7.865,0.000,1.000,0.000,0,0,0,18,18,0,0,18,0.0,0.0,0.0,0.0,0.0,1.0
"G[0,2]((TroponinI <= 0.000 & pH <= 7.059) -> Potassium >= 0.196)
",9999999.000,9999999.000,0.000,1.000,0.000,0,0,0,18,18,0,0,18,0.0,0.0,0.0,0.0,0.0,1.0
"G[1,2](pH <= 6.212 | Resp <= 21.583)
",9999999.000,9999999.000,0.000,1.000,0.000,0,0,18,0,0,18,18,0,0.0,0.0,1.0,0.0,0.0,1.0
"G[2,2]((Magnesium >= 0.141 -> DBP <= 58.511) & Magnesium >= 15.707)
",-8234747463863522.000,-58.511,0.000,1.000,0.000,0,0,18,0,0,18,18,0,0.0,0.0,1.0,0.0,0.0,1.0
"G[0,2](((AST >= 0.000 | Calcium <= 7.060) & AST >= 0.285) -> Creatinine >= 0.248)
",9999999.000,9999999.000,0.000,1.000,0.000,0,0,18,0,0,18,18,0,0.0,0.0,1.0,0.0,0.0,1.0
"G[2,2](((Temp >= 16.063 -> Alkalinephos >= 0.000) -> EtCO2 >= 0.000) -> Bilirubin_total >= 0.000)
",0.000,0.000,0.000,1.000,0.000,0,0,18,0,0,18,18,0,0.0,0.0,1.0,0.0,0.0,1.0
"G[0,2](((AST <= 0.000 -> SaO2 >= 0.000) | SaO2 <= 0.000) -> O2Sat <= 0.000)
",9999999.000,9999999.000,0.000,1.000,0.000,0,0,0,18,18,0,0,18,0.0,0.0,0.0,0.0,0.0,1.0
"G[0,2](FiO2 >= 0.000 | FiO2 >= 0.000)
",9999999.000,9999999.000,0.000,1.000,0.000,0,0,18,0,0,18,18,0,0.0,0.0,1.0,0.0,0.0,1.0
"G[0,2]((Bilirubin_direct >= 0.000 | Platelets >= 5.288) | PTT <= 178.668)
",9999999.000,9999999.000,0.000,1.000,0.000,0,0,18,0,0,18,18,0,0.0,0.0,1.0,0.0,0.0,1.0
"G[2,2](TroponinI >= 0.000 & SBP <= 122.822)
",0.000,0.000,0.000,1.000,0.000,0,0,18,0,0,18,18,0,0.0,0.0,1.0,0.0,0.0,1.0
"G[0,2](((BUN <= 5.208 & TroponinI <= 0.000) | Bilirubin_total <= 0.000) -> Lactate >= 0.000)
",9999999.000,9999999.000,0.000,1.000,0.000,0,0,18,0,0,18,18,0,0.0,0.0,1.0,0.0,0.0,1.0
"G[0,2]((SBP >= 93.740 | PTT <= 24.413) -> DBP >= 0.228)
",9999999.000,9999999.000,0.000,1.000,0.000,0,0,13,5,5,13,13,5,0.0,0.0,1.0,0.0,0.0,1.0
"G[0,0]((PTT >= 0.392 & SBP <= 128.290) & DBP <= 139.142)
",-0.392,-0.392,0.000,1.000,0.000,0,0,0,18,18,0,0,18,0.0,0.0,0.0,0.0,0.0,1.0
"G[1,2]((BaseExcess <= 0.947 & Platelets <= 164.582) | Hct <= 107.128)
",9999999.000,9999999.000,0.000,1.000,0.000,0,0,18,0,0,18,18,0,0.0,0.0,1.0,0.0,0.0,1.0
"G[1,2](BaseExcess >= -1.376 & WBC >= 0.126)
",9999999.000,9999999.000,0.000,1.000,0.000,0,0,2,16,16,2,2,16,0.0,0.0,1.0,0.0,0.0,1.0
"G[0,2]((Fibrinogen <= 0.000 -> MAP >= 68.877) -> Lactate >= 68.802)
",9999999.000,9999999.000,0.000,1.000,0.000,0,0,5,13,13,5,5,13,0.0,0.0,1.0,0.0,0.0,1.0
"G[0,2](((pH <= 4.931 | Glucose >= 16.202) -> PTT >= 10.726) | EtCO2 <= 52.132)
",9999999.000,9999999.000,0.000,1.000,0.000,0,0,18,0,0,18,18,0,0.0,0.0,1.0,0.0,0.0,1.0
"G[1,2](TroponinI <= 0.000 -> O2Sat <= 98.778)
",9999999.000,9999999.000,0.000,1.000,0.000,0,0,11,7,7,11,11,7,0.0,0.0,1.0,0.0,0.0,1.0
"G[1,2](Platelets <= 99.549 -> TroponinI <= 0.000)
",9999999.000,9999999.000,0.000,1.000,0.000,0,0,18,0,0,18,18,0,0.0,0.0,1.0,0.0,0.0,1.0
"G[1,2]((Potassium >= 0.068 & HR <= 92.311) -> Glucose <= 92.550)
",9999999.000,9999999.000,0.000,1.000,0.000,0,0,16,2,2,16,16,2,0.0,0.0,1.0,0.0,0.0,1.0
"G[1,2](((DBP >= 23.201 & Magnesium >= 0.012) & Hgb >= 0.021) & SepsisLabel <= 0.791)
",9999999.000,9999999.000,0.000,1.000,0.000,0,0,2,16,16,2,2,16,0.0,0.0,1.0,0.0,0.0,1.0
"G[2,2](((Bilirubin_total >= 0.000 -> Hgb >= 0.386) | PTT <= 4.511) | Chloride <= 10.021)
",10.021,10.021,0.000,1.000,0.000,0,0,18,0,0,18,18,0,0.0,0.0,1.0,0.0,0.0,1.0
"G[0,2]((Glucose <= 135.197 & PaCO2 <= 26.779) | Calcium >= 1.670)
",9999999.000,9999999.000,0.000,1.000,0.000,0,0,15,3,3,15,15,3,0.0,0.0,1.0,0.0,0.0,1.0
"G[1,2]((EtCO2 >= 0.000 | pH <= 3.905) & FiO2 <= 1.225)
",9999999.000,9999999.000,0.000,1.000,0.000,0,0,18,0,0,18,18,0,0.0,0.0,1.0,0.0,0.0,1.0
"G[2,2]((Magnesium >= 0.098 -> pH >= 0.604) -> O2Sat >= 0.365)
",-7053055474612324.000,-0.098,0.000,1.000,0.000,0,0,18,0,0,18,18,0,0.0,0.0,1.0,0.0,0.0,1.0
"G[0,2](TroponinI >= 0.000 | TroponinI <= 0.000)
",9999999.000,9999999.000,0.000,1.000,0.000,0,0,18,0,0,18,18,0,0.0,0.0,1.0,0.0,0.0,1.0
"G[0,2](HR >= 80.385 & TroponinI <= 0.000)
",9999999.000,9999999.000,0.000,1.000,0.000,0,0,16,2,2,16,16,2,0.0,0.0,1.0,0.0,0.0,1.0
"G[1,2]((HCO3 <= 3.083 | Alkalinephos >= 0.000) | AST >= 0.000)
",9999999.000,9999999.000,0.000,1.000,0.000,0,0,18,0,0,18,18,0,0.0,0.0,1.0,0.0,0.0,1.0
"G[0,2](Lactate >= 0.000 -> Potassium <= 2.055)
",9999999.000,9999999.000,0.000,1.000,0.000,0,0,15,3,3,15,15,3,0.0,0.0,1.0,0.0,0.0,1.0
"G[0,2]((Hct >= 0.101 & HR <= 92.936) -> Platelets <= 87.571)
",9999999.000,9999999.000,0.000,1.000,0.000,0,0,16,2,2,16,16,2,0.0,0.0,1.0,0.0,0.0,1.0
"G[1,2](((PaCO2 <= 6.260 -> SaO2 <= 0.000) & Hct <= 0.000) | Temp >= 0.000)
",9999999.000,9999999.000,0.000,1.000,0.000,0,0,18,0,0,18,18,0,0.0,0.0,1.0,0.0,0.0,1.0
"G[2,2]((Chloride <= 7.040 & BUN >= 0.446) & Glucose >= 0.358)
",-0.446,-0.446,0.000,1.000,0.000,0,0,18,0,0,18,18,0,0.0,0.0,1.0,0.0,0.0,1.0
"G[1,2](((pH >= 0.844 | Phosphate <= 1.298) | Glucose >= 0.158) & Bilirubin_direct <= 0.308)
",9999999.000,9999999.000,0.000,1.000,0.000,0,0,18,0,0,18,18,0,0.0,0.0,1.0,0.0,0.0,1.0
"G[0,2](MAP >= 71.764 -> Potassium >= 0.217)
",9999999.000,9999999.000,0.000,1.000,0.000,0,0,8,10,10,8,8,10,0.0,0.0,1.0,0.0,0.0,1.0
"G[0,2](((Hgb >= 0.888 | Temp >= 13.214) | SepsisLabel <= 37.363) & Hgb >= 8.747)
",9999999.000,9999999.000,0.000,1.000,0.000,0,0,0,18,18,0,0,18,0.0,0.0,0.0,0.0,0.0,1.0
"G[0,2]((Glucose <= 43.160 -> MAP >= 64.136) & WBC >= 63.398)
",9999999.000,9999999.000,0.000,1.000,0.000,0,0,0,18,18,0,0,18,0.0,0.0,0.0,0.0,0.0,1.0
"G[1,1]((Calcium >= 0.120 & Potassium >= 0.307) & Hct <= 0.347)
",-5528684554420293.000,-0.307,0.000,1.000,0.000,0,0,0,18,18,0,0,18,0.0,0.0,0.0,0.0,0.0,1.0
"G[0,0](((Hgb <= 2.255 | Hct <= 25.580) -> WBC >= 0.079) & Platelets >= 4.278)
",-25.580,-25.580,0.000,1.000,0.000,0,0,0,18,18,0,0,18,0.0,0.0,0.0,0.0,0.0,1.0
"G[0,1](BUN <= 3.578 & Creatinine >= 0.020)
",9999999.000,9999999.000,0.000,1.000,0.000,0,0,0,18,18,0,0,18,0.0,0.0,0.0,0.0,0.0,1.0
"G[0,2](Chloride >= 1.549 & HCO3 >= 0.355)
",9999999.000,9999999.000,0.000,1.000,0.000,0,0,0,18,18,0,0,18,0.0,0.0,0.0,0.0,0.0,1.0
"G[1,2](Platelets <= 101.068 -> WBC >= 0.471)
",9999999.000,9999999.000,0.000,1.000,0.000,0,0,2,16,16,2,2,16,0.0,0.0,1.0,0.0,0.0,1.0
"G[0,2](BUN <= 8.622 & Creatinine >= 0.004)
",9999999.000,9999999.000,0.000,1.000,0.000,0,0,0,18,18,0,0,18,0.0,0.0,0.0,0.0,0.0,1.0
"G[1,2](Chloride >= 3.084 & HCO3 >= 0.511)
",9999999.000,9999999.000,0.000,1.000,0.000,0,0,2,16,16,2,2,16,0.0,0.0,1.0,0.0,0.0,1.0
"G[1,2](Platelets <= 146.164 -> WBC >= 0.395)
",9999999.000,9999999.000,0.000,1.000,0.000,0,0,2,16,16,2,2,16,0.0,0.0,1.0,0.0,0.0,1.0
"G[1,2](BUN <= 5.898 & Creatinine >= 0.002)
",9999999.000,9999999.000,0.000,1.000,0.000,0,0,0,18,18,0,0,18,0.0,0.0,0.0,0.0,0.0,1.0
"G[0,2](Glucose <= 138.003 & SepsisLabel = 0.000)
",9999999.000,9999999.000,0.000,1.000,0.000,0,0,16,2,2,16,16,2,0.0,0.0,1.0,0.0,0.0,1.0
"G[0,1](SaO2 > 0.000 & SepsisLabel = 0.000)
",9999999.000,9999999.000,0.000,1.000,0.000,0,0,0,18,18,0,0,18,0.0,0.0,0.0,0.0,0.0,1.0
"G[2,2](BUN > 0.458 & SepsisLabel = 0.000)
",-8257061306746466.000,-0.458,0.000,1.000,0.000,0,0,18,0,0,18,18,0,0.0,0.0,1.0,0.0,0.0,1.0
"G[0,2](Alkalinephos <= 0.000 & SepsisLabel = 0.000)
",9999999.000,9999999.000,0.000,1.000,0.000,0,0,18,0,0,18,18,0,0.0,0.0,1.0,0.0,0.0,1.0
"G[1,2](Chloride > 3.357 & SepsisLabel = 0.000)
",9999999.000,9999999.000,0.000,1.000,0.000,0,0,2,16,16,2,2,16,0.0,0.0,1.0,0.0,0.0,1.0
"G[1,2](AST <= 0.000 & SepsisLabel = 0.000)
",9999999.000,9999999.000,0.000,1.000,0.000,0,0,18,0,0,18,18,0,0.0,0.0,1.0,0.0,0.0,1.0
"G[1,2](Calcium < 4.667 & SepsisLabel = 0.000)
",9999999.000,9999999.000,0.000,1.000,0.000,0,0,16,2,2,16,16,2,0.0,0.0,1.0,0.0,0.0,1.0
"G[0,2](SepsisLabel > 0.000 & SepsisLabel = 0.000)
",9999999.000,9999999.000,0.000,1.000,0.000,0,0,0,18,18,0,0,18,0.0,0.0,0.0,0.0,0.0,1.0
"G[0,1]((Chloride >= 3.333 & WBC >= 0.566) | BUN >= 0.411)
",9999999.000,9999999.000,0.000,1.000,0.000,0,0,0,18,18,0,0,18,0.0,0.0,0.0,0.0,0.0,1.0
"G[1,2](((Calcium >= 0.266 & Chloride <= 89.566) | SaO2 >= 4.404) & Calcium >= 5.168)
",9999999.000,9999999.000,0.000,1.000,0.000,0,0,0,18,18,0,0,18,0.0,0.0,0.0,0.0,0.0,1.0
"G[0,1]((BUN <= 4.229 & HCO3 >= 1.111) & Bilirubin_direct <= 8.288)
",9999999.000,9999999.000,0.000,1.000,0.000,0,0,0,18,18,0,0,18,0.0,0.0,0.0,0.0,0.0,1.0
"G[1,2](Platelets <= 102.645 & WBC >= 0.183)
",9999999.000,9999999.000,0.000,1.000,0.000,0,0,0,18,18,0,0,18,0.0,0.0,0.0,0.0,0.0,1.0
"G[1,2](((Creatinine <= 0.159 & Phosphate >= 0.022) | Platelets >= 0.018) -> PaCO2 >= 0.159)
",9999999.000,9999999.000,0.000,1.000,0.000,0,0,18,0,0,18,18,0,0.0,0.0,1.0,0.0,0.0,1.0
"G[0,2](((BUN <= 5.487 | Phosphate >= 0.097) & Bilirubin_total >= 0.091) -> Lactate >= 0.076)
",9999999.000,9999999.000,0.000,1.000,0.000,0,0,18,0,0,18,18,0,0.0,0.0,1.0,0.0,0.0,1.0
"G[1,2]((HCO3 <= 23.594 | Magnesium >= 0.043) | TroponinI <= 1.265)
",9999999.000,9999999.000,0.000,1.000,0.000,0,0,18,0,0,18,18,0,0.0,0.0,1.0,0.0,0.0,1.0
"G[0,1](Platelets <= 96.397 -> WBC >= 0.157)
",9999999.000,9999999.000,0.000,1.000,0.000,0,0,0,18,18,0,0,18,0.0,0.0,0.0,0.0,0.0,1.0
"G[2,2](Chloride >= 1.461 & HCO3 >= 0.927)
",-6579213270262956.000,-1.461,0.000,1.000,0.000,0,0,18,0,0,18,18,0,0.0,0.0,1.0,0.0,0.0,1.0
"G[0,1](BUN <= 3.037 & Creatinine >= 0.029)
",9999999.000,9999999.000,0.000,1.000,0.000,0,0,0,18,18,0,0,18,0.0,0.0,0.0,0.0,0.0,1.0
"G[0,2](Chloride >= 2.950 & HCO3 >= 0.867)
",9999999.000,9999999.000,0.000,1.000,0.000,0,0,0,18,18,0,0,18,0.0,0.0,0.0,0.0,0.0,1.0
"G[0,1](((Hgb <= 1.280 | Hct <= 26.873) -> WBC >= 0.329) & Platelets >= 3.175)
",9999999.000,9999999.000,0.000,1.000,0.000,0,0,0,18,18,0,0,18,0.0,0.0,0.0,0.0,0.0,1.0
"G[2,2](BUN <= 3.802 & Creatinine >= 0.035)
",-5091378390087574.000,-0.035,0.000,1.000,0.000,0,0,18,0,0,18,18,0,0.0,0.0,1.0,0.0,0.0,1.0
"G[0,2](Chloride >= 1.450 & HCO3 >= 0.268)
",9999999.000,9999999.000,0.000,1.000,0.000,0,0,0,18,18,0,0,18,0.0,0.0,0.0,0.0,0.0,1.0
"G[2,2](Platelets <= 87.847 -> WBC >= 0.300)
",-6181665134477396.000,-87.847,0.000,1.000,0.000,0,0,18,0,0,18,18,0,0.0,0.0,1.0,0.0,0.0,1.0
"G[1,2](((Hgb <= 7.565 | Hct <= 20.637) -> WBC >= 0.430) & Platelets >= 8.215)
",9999999.000,9999999.000,0.000,1.000,0.000,0,0,2,16,16,2,2,16,0.0,0.0,1.0,0.0,0.0,1.0
"G[0,1](BUN <= 5.642 & Creatinine >= 0.023)
",9999999.000,9999999.000,0.000,1.000,0.000,0,0,0,18,18,0,0,18,0.0,0.0,0.0,0.0,0.0,1.0
"G[1,2](Chloride >= 3.231 & HCO3 >= 0.367)
",9999999.000,9999999.000,0.000,1.000,0.000,0,0,2,16,16,2,2,16,0.0,0.0,1.0,0.0,0.0,1.0
"G[0,2](Platelets <= 145.233 -> WBC >= 0.100)
",9999999.000,9999999.000,0.000,1.000,0.000,0,0,0,18,18,0,0,18,0.0,0.0,0.0,0.0,0.0,1.0
"G[1,2](((Hgb <= 10.763 | Hct <= 25.759) -> WBC >= 0.116) & Platelets >= 7.820)
",9999999.000,9999999.000,0.000,1.000,0.000,0,0,2,16,16,2,2,16,0.0,0.0,1.0,0.0,0.0,1.0
"G[0,1](BUN <= 2.932 & Creatinine >= 0.017)
",9999999.000,9999999.000,0.000,1.000,0.000,0,0,0,18,18,0,0,18,0.0,0.0,0.0,0.0,0.0,1.0
"G[0,2](Platelets <= 77.499 -> WBC >= 0.399)
",9999999.000,9999999.000,0.000,1.000,0.000,0,0,0,18,18,0,0,18,0.0,0.0,0.0,0.0,0.0,1.0
"G[0,2](Platelets <= 11.538 -> WBC >= 0.394)
",9999999.000,9999999.000,0.000,1.000,0.000,0,0,0,18,18,0,0,18,0.0,0.0,0.0,0.0,0.0,1.0
"G[0,1](((Hgb <= 6.896 | Hct <= 23.348) -> WBC >= 0.142) & Platelets >= 5.215)
",9999999.000,9999999.000,0.000,1.000,0.000,0,0,0,18,18,0,0,18,0.0,0.0,0.0,0.0,0.0,1.0
"G[1,1](BUN <= 8.264 & Creatinine >= 0.031)
",-0.031,-0.031,0.000,1.000,0.000,0,0,0,18,18,0,0,18,0.0,0.0,0.0,0.0,0.0,1.0
"G[2,2](Chloride >= 1.832 & HCO3 >= 0.978)
",-8250441198774562.000,-1.832,0.000,1.000,0.000,0,0,18,0,0,18,18,0,0.0,0.0,1.0,0.0,0.0,1.0
"G[0,2](Platelets <= 109.785 -> WBC >= 0.568)
",9999999.000,9999999.000,0.000,1.000,0.000,0,0,0,18,18,0,0,18,0.0,0.0,0.0,0.0,0.0,1.0
"G[0,0](((Hgb <= 6.531 | Hct <= 4.288) -> WBC >= 0.369) & Platelets >= 5.624)
",-7353179960606476.000,-6.531,0.000,1.000,0.000,0,0,0,18,18,0,0,18,0.0,0.0,0.0,0.0,0.0,1.0
"G[1,2](BUN <= 8.730 & Creatinine >= 0.026)
",9999999.000,9999999.000,0.000,1.000,0.000,0,0,0,18,18,0,0,18,0.0,0.0,0.0,0.0,0.0,1.0
"G[0,2](Chloride >= 4.185 & HCO3 >= 0.462)
",9999999.000,9999999.000,0.000,1.000,0.000,0,0,0,18,18,0,0,18,0.0,0.0,0.0,0.0,0.0,1.0
"G[0,1](((Hgb <= 9.926 | Hct <= 28.104) -> WBC >= 0.008) & Platelets >= 3.935)
",9999999.000,9999999.000,0.000,1.000,0.000,0,0,0,18,18,0,0,18,0.0,0.0,0.0,0.0,0.0,1.0
"G[0,2](BUN <= 3.046 & Creatinine >= 0.021)
",9999999.000,9999999.000,0.000,1.000,0.000,0,0,0,18,18,0,0,18,0.0,0.0,0.0,0.0,0.0,1.0
"G[1,2](Chloride >= 2.149 & HCO3 >= 1.148)
",9999999.000,9999999.000,0.000,1.000,0.000,0,0,2,16,16,2,2,16,0.0,0.0,1.0,0.0,0.0,1.0
"G[1,2](((Creatinine >= 0.015 & Magnesium <= 1.078) -> HCO3 <= 0.165) -> BUN >= 0.136)
",9999999.000,9999999.000,0.000,1.000,0.000,0,0,2,16,16,2,2,16,0.0,0.0,1.0,0.0,0.0,1.0
"G[0,1]((Creatinine >= 0.010 & Hgb <= 6.745) & Bilirubin_total <= 10.013)
",9999999.000,9999999.000,0.000,1.000,0.000,0,0,0,18,18,0,0,18,0.0,0.0,0.0,0.0,0.0,1.0
"G[1,2]((MAP <= 78.313 & pH <= 1.753) | Alkalinephos >= 0.297)
",9999999.000,9999999.000,0.000,1.000,0.000,0,0,10,8,8,10,10,8,0.0,0.0,1.0,0.0,0.0,1.0
"G[0,2]((Potassium <= 0.745 | WBC >= 0.248) -> MAP <= 4.170)
",9999999.000,9999999.000,0.000,1.000,0.000,0,0,0,18,18,0,0,18,0.0,0.0,0.0,0.0,0.0,1.0
"G[0,1](((BaseExcess <= 1.200 -> WBC >= 0.335) & pH >= 0.448) & AST <= 10.749)
",9999999.000,9999999.000,0.000,1.000,0.000,0,0,0,18,18,0,0,18,0.0,0.0,0.0,0.0,0.0,1.0
"G[2,2](((Hgb >= 0.887 -> Resp >= 13.964) -> Hgb >= 16.416) | Magnesium <= 21.821)
",21.821,21.821,0.000,1.000,0.000,0,0,18,0,0,18,18,0,0.0,0.0,1.0,0.0,0.0,1.0
"G[1,2](((BaseExcess <= -0.069 & BUN <= 1.127) | Creatinine <= 3.186) -> SepsisLabel >= 0.249)
",9999999.000,9999999.000,0.000,1.000,0.000,0,0,0,18,18,0,0,18,0.0,0.0,0.0,0.0,0.0,1.0
"G[1,1]((BaseExcess <= 1.501 -> O2Sat >= 97.522) & Calcium >= 95.599)
",-6727197550939620.000,-95.599,0.000,1.000,0.000,0,0,0,18,18,0,0,18,0.0,0.0,0.0,0.0,0.0,1.0
"G[2,2]((O2Sat <= 97.905 | Potassium <= 2.620) | Hct <= 0.376)
",97.905,97.905,0.000,1.000,0.000,0,0,18,0,0,18,18,0,0.0,0.0,1.0,0.0,0.0,1.0
"G[0,0]((O2Sat <= 98.952 & PTT >= 0.410) & PaCO2 >= 0.761)
",-9.219,-0.741,0.000,1.000,0.000,0,0,0,18,18,0,0,18,0.0,0.0,0.0,0.0,0.0,1.0
"G[0,1](((HR <= 87.145 & PTT <= 1.321) & SaO2 >= 0.557) & DBP >= 0.869)
",9999999.000,9999999.000,0.000,1.000,0.000,0,0,0,18,18,0,0,18,0.0,0.0,0.0,0.0,0.0,1.0
"G[0,1](((Chloride <= 53.021 & HR <= 90.617) | DBP <= 92.234) -> DBP >= 82.890)
",9999999.000,9999999.000,0.000,1.000,0.000,0,0,0,18,18,0,0,18,0.0,0.0,0.0,0.0,0.0,1.0
"G[2,2](Resp >= 13.530 -> Temp <= 33.239)
",-4677982584644182.000,-33.239,0.000,1.000,0.000,0,0,18,0,0,18,18,0,0.0,0.0,1.0,0.0,0.0,1.0
"G[2,2](((HCO3 <= 19.537 & HR <= 86.198) | WBC <= 92.400) & EtCO2 >= 73.246)
",-5154225398089147.000,-73.246,0.000,1.000,0.000,0,0,18,0,0,18,18,0,0.0,0.0,1.0,0.0,0.0,1.0
"G[1,2](((pH >= 0.864 & Resp >= 14.180) | Phosphate >= 16.155) | O2Sat <= 17.799)
",9999999.000,9999999.000,0.000,1.000,0.000,0,0,0,18,18,0,0,18,0.0,0.0,0.0,0.0,0.0,1.0
"G[0,2](((BaseExcess >= -2.983 | Hct >= 0.560) & Creatinine >= 3.140) | Magnesium <= 19.903)
",9999999.000,9999999.000,0.000,1.000,0.000,0,0,18,0,0,18,18,0,0.0,0.0,1.0,0.0,0.0,1.0
"G[1,2](Platelets <= 44.617 -> WBC >= 0.080)
",9999999.000,9999999.000,0.000,1.000,0.000,0,0,2,16,16,2,2,16,0.0,0.0,1.0,0.0,0.0,1.0
"G[1,2](((DBP <= 50.047 & Phosphate >= 0.050) | Creatinine <= 0.731) & pH <= 1.515)
",9999999.000,9999999.000,0.000,1.000,0.000,0,0,16,2,2,16,16,2,0.0,0.0,1.0,0.0,0.0,1.0
"G[2,2](DBP >= 9.377 -> Platelets >= 8.899)
",5009723533843687.000,8.899,0.000,1.000,0.000,0,0,18,0,0,18,18,0,0.0,0.0,1.0,0.0,0.0,1.0
"G[0,2](Chloride >= 4.979 & DBP >= 29.821)
",9999999.000,9999999.000,0.000,1.000,0.000,0,0,0,18,18,0,0,18,0.0,0.0,0.0,0.0,0.0,1.0
"G[2,2]((Phosphate <= 0.890 -> Temp >= 19.076) & Magnesium >= 29.497)
",-29.497,-29.497,0.000,1.000,0.000,0,0,18,0,0,18,18,0,0.0,0.0,1.0,0.0,0.0,1.0
"G[2,2](Hct >= 0.593 | O2Sat <= 97.959)
",97.959,97.959,0.000,1.000,0.000,0,0,18,0,0,18,18,0,0.0,0.0,1.0,0.0,0.0,1.0
"G[0,2](Chloride <= 26.143 -> O2Sat >= 94.815)
",9999999.000,9999999.000,0.000,1.000,0.000,0,0,17,1,1,17,17,1,0.0,0.0,1.0,0.0,0.0,1.0
"G[0,2]((BaseExcess >= -3.376 -> DBP <= 44.460) & SaO2 >= 9.702)
",9999999.000,9999999.000,0.000,1.000,0.000,0,0,0,18,18,0,0,18,0.0,0.0,0.0,0.0,0.0,1.0
"G[0,1](((PTT >= 0.514 & Temp >= 17.721) -> Calcium <= 35.414) -> Bilirubin_total >= 22.157)
",9999999.000,9999999.000,0.000,1.000,0.000,0,0,0,18,18,0,0,18,0.0,0.0,0.0,0.0,0.0,1.0
"G[0,2]((Hgb <= 8.911 | SBP <= 139.249) -> Resp <= 121.891)
",9999999.000,9999999.000,0.000,1.000,0.000,0,0,18,0,0,18,18,0,0.0,0.0,1.0,0.0,0.0,1.0
"G[1,1](((Magnesium <= 0.211 | MAP >= 70.560) & AST >= 68.574) & SaO2 >= 71.895)
",-71.895,-71.895,0.000,1.000,0.000,0,0,0,18,18,0,0,18,0.0,0.0,0.0,0.0,0.0,1.0
"G[2,2]((PTT <= 12.593 | Resp <= 22.267) -> Hgb >= 14.083)
",-22.267,-22.267,0.000,1.000,0.000,0,0,18,0,0,18,18,0,0.0,0.0,1.0,0.0,0.0,1.0
"G[0,2](((Creatinine >= 0.004 & Resp <= 21.009) & Bilirubin_total <= 17.108) -> WBC <= 24.275)
",9999999.000,9999999.000,0.000,1.000,0.000,0,0,18,0,0,18,18,0,0.0,0.0,1.0,0.0,0.0,1.0
"G[1,1](Resp >= 15.430 & WBC >= 0.196)
",-8686144774484267.000,-15.430,0.000,1.000,0.000,0,0,0,18,18,0,0,18,0.0,0.0,0.0,0.0,0.0,1.0
"G[0,2](((Chloride >= 2.519 & Glucose >= 13.540) | Chloride <= 20.636) | Magnesium >= 1.640)
",9999999.000,9999999.000,0.000,1.000,0.000,0,0,18,0,0,18,18,0,0.0,0.0,1.0,0.0,0.0,1.0
"G[2,2]((BUN <= 9.063 | Hgb <= 1.214) & Glucose >= 0.587)
",-0.587,-0.587,0.000,1.000,0.000,0,0,18,0,0,18,18,0,0.0,0.0,1.0,0.0,0.0,1.0
"G[0,2]((Hgb >= 0.211 & Phosphate <= 2.882) -> BUN >= 0.042)
",9999999.000,9999999.000,0.000,1.000,0.000,0,0,17,1,1,17,17,1,0.0,0.0,1.0,0.0,0.0,1.0
"G[0,2]((pH >= 0.456 & Potassium >= 0.255) -> SBP >= 0.119)
",9999999.000,9999999.000,0.000,1.000,0.000,0,0,18,0,0,18,18,0,0.0,0.0,1.0,0.0,0.0,1.0
"G[0,2]((Glucose <= 96.636 | Hgb >= 0.420) -> PTT <= 4.075)
",9999999.000,9999999.000,0.000,1.000,0.000,0,0,17,1,1,17,17,1,0.0,0.0,1.0,0.0,0.0,1.0
"G[0,1](PaCO2 <= 20.026 -> Phosphate >= 0.111)
",9999999.000,9999999.000,0.000,1.000,0.000,0,0,0,18,18,0,0,18,0.0,0.0,0.0,0.0,0.0,1.0
"G[1,2](((DBP >= 38.131 | MAP >= 64.990) | Glucose <= 78.343) & Resp <= 91.917)
",9999999.000,9999999.000,0.000,1.000,0.000,0,0,18,0,0,18,18,0,0.0,0.0,1.0,0.0,0.0,1.0
"G[0,1](Chloride >= 3.620 & PTT <= 3.512)
",9999999.000,9999999.000,0.000,1.000,0.000,0,0,0,18,18,0,0,18,0.0,0.0,0.0,0.0,0.0,1.0
"G[2,2](((Calcium <= 6.466 -> Hct >= 1.051) & Hgb >= 2.800) -> PaCO2 >= 2.507)
",2.507,2.507,0.000,1.000,0.000,0,0,18,0,0,18,18,0,0.0,0.0,1.0,0.0,0.0,1.0
"G[0,0](((pH <= 3.847 -> Platelets >= 3.423) | Platelets <= 158.288) & HR <= 45.055)
",-5574508713076213.000,-20279.945,0.000,1.000,0.000,0,0,0,18,18,0,0,18,0.0,0.0,0.0,0.0,0.0,1.0
"G[0,2](pH <= 2.750 | Phosphate >= 0.058)
",9999999.000,9999999.000,0.000,1.000,0.000,0,0,15,3,3,15,15,3,0.0,0.0,1.0,0.0,0.0,1.0
"G[0,2]((Glucose >= 9.424 -> HCO3 >= 1.241) & Phosphate <= 3.780)
",9999999.000,9999999.000,0.000,1.000,0.000,0,0,14,4,4,14,14,4,0.0,0.0,1.0,0.0,0.0,1.0
"G[1,2](Chloride >= 1.956 & Resp >= 14.434)
",9999999.000,9999999.000,0.000,1.000,0.000,0,0,0,18,18,0,0,18,0.0,0.0,0.0,0.0,0.0,1.0
"G[0,0]((Creatinine <= 0.266 | Glucose >= 17.545) & Lactate >= 4.163)
",-3.861,-3.917,0.000,1.000,0.000,0,0,0,18,18,0,0,18,0.0,0.0,0.0,0.0,0.0,1.0
"G[1,1]((Hgb >= 0.795 & PTT <= 23.447) & SepsisLabel >= 0.164)
",-0.795,-0.795,0.000,1.000,0.000,0,0,0,18,18,0,0,18,0.0,0.0,0.0,0.0,0.0,1.0
"G[0,2]((Glucose <= 38.957 | Phosphate <= 0.192) & HR <= 0.252)
",9999999.000,9999999.000,0.000,1.000,0.000,0,0,0,18,18,0,0,18,0.0,0.0,0.0,0.0,0.0,1.0
"G[0,1](((Potassium >= 0.031 -> PTT >= 0.246) & SaO2 >= 0.271) & DBP >= 0.723)
",9999999.000,9999999.000,0.000,1.000,0.000,0,0,0,18,18,0,0,18,0.0,0.0,0.0,0.0,0.0,1.0
"G[2,2](((HR >= 85.442 -> O2Sat >= 95.798) & pH <= 98.224) & Glucose >= 93.458)
",-93.458,-93.458,0.000,1.000,0.000,0,0,18,0,0,18,18,0,0.0,0.0,1.0,0.0,0.0,1.0
"G[2,2](MAP >= 66.271 | O2Sat <= 99.518)
",99.518,99.518,0.000,1.000,0.000,0,0,18,0,0,18,18,0,0.0,0.0,1.0,0.0,0.0,1.0
"G[0,2]((BaseExcess <= 1.688 -> HR <= 93.629) -> Platelets <= 86.342)
",9999999.000,9999999.000,0.000,1.000,0.000,0,0,16,2,2,16,16,2,0.0,0.0,1.0,0.0,0.0,1.0
"G[2,2](((BaseExcess >= -3.874 -> PaCO2 >= 3.150) -> DBP <= 25.703) | Phosphate >= 2.568)
",-2.568,-2.568,0.000,1.000,0.000,0,0,18,0,0,18,18,0,0.0,0.0,1.0,0.0,0.0,1.0
"G[1,2](Glucose <= 121.842 | HR >= 79.340)
",9999999.000,9999999.000,0.000,1.000,0.000,0,0,18,0,0,18,18,0,0.0,0.0,1.0,0.0,0.0,1.0
"G[1,2]((BUN <= 8.613 | Resp >= 16.876) -> Bilirubin_total >= 12.174)
",9999999.000,9999999.000,0.000,1.000,0.000,0,0,2,16,16,2,2,16,0.0,0.0,1.0,0.0,0.0,1.0
"G[0,2]((Alkalinephos <= 0.000 & PaCO2 >= 1.676) -> BaseExcess <= 31.034)
",9999999.000,9999999.000,0.000,1.000,0.000,0,0,18,0,0,18,18,0,0.0,0.0,1.0,0.0,0.0,1.0
