Rule,Discrimination Score,Pos Robustness,Neg Robustness,Percent Class +,Percent Class -,TP,TN,FP,FN,Actual Yes,Actual No,Predicted Yes,Predicted No,TPR/Sens,TNR/Spec,FPR,Precision,Accuracy,MCR
"F[0,1]((TroponinI <= 1.015 & WBC >= 0.163) | Fibrinogen >= 0.009)
",-9999999.000,-9999999.000,0.000,0.000,1.000,6,0,0,0,6,0,6,0,1.0,0,0,1.0,1.0,0.0
"F[0,1](((Calcium < 2.456 & Potassium < 1.847) & Magnesium < 0.488) & Phosphate < 0.000)
",-9999999.000,-9999999.000,0.000,0.000,1.000,6,0,0,0,6,0,6,0,1.0,0,0,1.0,1.0,0.0
"F[0,1]((Calcium <= 7.895 & Potassium <= 0.407) & Magnesium >= 0.162)
",-9999999.000,-9999999.000,0.000,0.000,1.000,6,0,0,0,6,0,6,0,1.0,0,0,1.0,1.0,0.0
"F[1,1]((Calcium <= 5.704 & Potassium <= 1.353) & Magnesium >= 0.110)
",-7937231084313353.000,-0.110,0.000,0.000,1.000,6,0,0,0,6,0,6,0,1.0,0,0,1.0,1.0,0.0
"F[0,1](((Calcium < 6.187 & Potassium < 2.631) & Magnesium < 0.713) & Phosphate < 0.000)
",-9999999.000,-9999999.000,0.000,0.000,1.000,6,0,0,0,6,0,6,0,1.0,0,0,1.0,1.0,0.0
"((MAP >= 31.184) U[1,1] (SBP <= 112.970))
",112.970,112.970,0.000,0.000,1.000,6,0,0,0,6,0,6,0,1.0,0,0,1.0,1.0,0.0
"F[1,1]((Calcium <= 6.729 & Potassium <= 1.920) & Magnesium >= 0.109)
",-7873499871145305.000,-0.109,0.000,0.000,1.000,6,0,0,0,6,0,6,0,1.0,0,0,1.0,1.0,0.0
"F[0,1](((Calcium < 7.191 & Potassium < 3.214) & Magnesium < 1.337) & Phosphate < 0.000)
",-9999999.000,-9999999.000,0.000,0.000,1.000,6,0,0,0,6,0,6,0,1.0,0,0,1.0,1.0,0.0
"F[1,1]((Calcium <= 1.611 & Potassium <= 0.926) & Magnesium >= 0.030)
",-0.030,-0.030,0.000,0.000,1.000,6,0,0,0,6,0,6,0,1.0,0,0,1.0,1.0,0.0
"F[0,1](((Calcium < 3.967 & Potassium < 3.331) & Magnesium < 0.179) & Phosphate < 0.000)
",-9999999.000,-9999999.000,0.000,0.000,1.000,6,0,0,0,6,0,6,0,1.0,0,0,1.0,1.0,0.0
"((PaCO2 > 0.000) U[1,1] (SepsisLabel = 0.000))
",0.000,0.000,0.000,0.000,1.000,6,0,0,0,6,0,6,0,1.0,0,0,1.0,1.0,0.0
"F[0,1]((WBC >= 0.168 & SBP <= 132.397) & WBC <= 73.869)
",-9999999.000,-9999999.000,0.000,0.000,1.000,6,0,0,0,6,0,6,0,1.0,0,0,1.0,1.0,0.0
"F[0,1]((HR <= 59.957 & Temp >= 4.625) & Chloride >= 7.928)
",-9999999.000,-9999999.000,0.000,0.000,1.000,6,0,0,0,6,0,6,0,1.0,0,0,1.0,1.0,0.0
"F[0,0]((Alkalinephos <= 35.766 -> Hgb <= 10.620) -> Magnesium >= 0.827)
",7444832085001089.000,0.827,0.000,0.000,1.000,6,0,0,0,6,0,6,0,1.0,0,0,1.0,1.0,0.0
"F[1,1](((HR <= 65.119 -> AST <= 30.331) & Resp >= 2.728) & EtCO2 >= 1.120)
",-4582319212722401.000,-65.119,0.000,0.000,1.000,6,0,0,0,6,0,6,0,1.0,0,0,1.0,1.0,0.0
"F[1,1](((MAP >= 41.574 | Resp <= 19.295) | HR >= 1.462) -> PaCO2 >= 2.472)
",-5431050304208127.000,-19.295,0.000,0.000,1.000,6,0,0,0,6,0,6,0,1.0,0,0,1.0,1.0,0.0
"F[0,0](((Hgb >= 0.394 | TroponinI >= 0.244) & SaO2 <= 0.395) & Chloride >= 0.178)
",-0.577,-0.137,0.000,0.000,1.000,6,0,0,0,6,0,6,0,1.0,0,0,1.0,1.0,0.0
"((AST >= 1.731) U[1,1] (WBC <= 0.700))
",0.700,0.700,0.000,0.000,1.000,6,0,0,0,6,0,6,0,1.0,0,0,1.0,1.0,0.0
"F[0,1](((BUN <= 8.712 -> SBP >= 6.202) & Hct <= 124.614) & PTT >= 66.916)
",-9999999.000,-9999999.000,0.000,0.000,1.000,6,0,0,0,6,0,6,0,1.0,0,0,1.0,1.0,0.0
"F[0,1]((Resp <= 10.353 & Magnesium >= 0.008) & Calcium >= 0.161)
",-9999999.000,-9999999.000,0.000,0.000,1.000,6,0,0,0,6,0,6,0,1.0,0,0,1.0,1.0,0.0
"F[0,0](PTT >= 0.000 & AST >= 2.917)
",-2.917,-2.917,0.000,0.000,1.000,6,0,0,0,6,0,6,0,1.0,0,0,1.0,1.0,0.0
"F[0,1](AST >= 2.788 & BUN <= 10.198)
",-9999999.000,-9999999.000,0.000,0.000,1.000,6,0,0,0,6,0,6,0,1.0,0,0,1.0,1.0,0.0
"((Bilirubin_direct >= 0.000) U[0,0] (Hct >= 2.613))
",0.447,0.190,0.000,0.000,1.000,6,0,0,0,6,0,6,0,1.0,0,0,1.0,1.0,0.0
"F[0,0]((Hct <= 22.336 -> Creatinine >= 0.084) & Bilirubin_direct <= 0.334)
",-27.400,-21.808,0.000,0.000,1.000,6,0,0,0,6,0,6,0,1.0,0,0,1.0,1.0,0.0
"F[0,0]((Phosphate <= 0.000 -> Glucose <= 87.416) & Magnesium >= 1.591)
",-87.416,-87.416,0.000,0.000,1.000,6,0,0,0,6,0,6,0,1.0,0,0,1.0,1.0,0.0
"((Bilirubin_total >= 0.011) U[1,2] (PTT >= 0.000))
",-9999999.000,-9999999.000,0.000,0.000,1.000,6,0,0,0,6,0,6,0,1.0,0,0,1.0,1.0,0.0
"F[0,1](((SaO2 >= 0.000 & O2Sat >= 10.073) | O2Sat >= 12.848) & TroponinI >= 8.938)
",-9999999.000,-9999999.000,0.000,0.000,1.000,6,0,0,0,6,0,6,0,1.0,0,0,1.0,1.0,0.0
"F[0,0](((Calcium < 6.873 & Potassium < 1.869) & Magnesium < 0.920) & Phosphate < 0.000)
",-0.447,-10.854,0.000,0.000,1.000,6,0,0,0,6,0,6,0,1.0,0,0,1.0,1.0,0.0
"F[1,1](((Calcium < 1.472 & Potassium < 0.952) & Magnesium < 0.879) & Phosphate < 0.000)
",0.000,0.000,0.000,0.000,1.000,6,0,0,0,6,0,6,0,1.0,0,0,1.0,1.0,0.0
"F[0,1](((SepsisLabel >= 0.000 & WBC >= 0.189) & Calcium >= 0.047) & DBP <= 2.175)
",-9999999.000,-9999999.000,0.000,0.000,1.000,6,0,0,0,6,0,6,0,1.0,0,0,1.0,1.0,0.0
"F[0,1]((Calcium <= 1.064 & Potassium <= 0.927) & Magnesium >= 0.060)
",-9999999.000,-9999999.000,0.000,0.000,1.000,6,0,0,0,6,0,6,0,1.0,0,0,1.0,1.0,0.0
"F[0,1]((Creatinine >= 0.083 -> DBP <= 67.846) -> AST >= 5.228)
",-9999999.000,-9999999.000,0.000,0.000,1.000,5,0,0,1,6,0,5,1,0.8333333333333334,0,0,1.0,0.8333333333333334,0.16666666666666663
"F[1,1](((EtCO2 <= 0.000 | Hct >= 1.692) & BUN <= 9.854) -> BUN >= 2.740)
",0.000,0.000,0.000,0.000,1.000,5,0,0,1,6,0,5,1,0.8333333333333334,0,0,1.0,0.8333333333333334,0.16666666666666663
"F[0,1]((HCO3 >= 0.000 -> Glucose <= 33.529) -> Calcium >= 7.584)
",-9999999.000,-9999999.000,0.000,0.000,1.000,5,0,0,1,6,0,5,1,0.8333333333333334,0,0,1.0,0.8333333333333334,0.16666666666666663
"F[0,1](pH <= 0.000 -> AST >= 1.741)
",-9999999.000,-9999999.000,0.000,0.000,1.000,5,0,0,1,6,0,5,1,0.8333333333333334,0,0,1.0,0.8333333333333334,0.16666666666666663
"F[0,1]((Hgb >= 0.766 | Potassium <= 2.487) & Calcium >= 0.285)
",-9999999.000,-9999999.000,0.000,0.000,1.000,5,0,0,1,6,0,5,1,0.8333333333333334,0,0,1.0,0.8333333333333334,0.16666666666666663
"F[1,1](AST > 2.064 & SepsisLabel = 0.000)
",-2.064,-2.064,0.000,0.000,1.000,5,0,0,1,6,0,5,1,0.8333333333333334,0,0,1.0,0.8333333333333334,0.16666666666666663
"((O2Sat >= 10.268) U[1,1] (Magnesium <= 0.527))
",0.527,0.527,0.000,0.000,1.000,5,0,0,1,6,0,5,1,0.8333333333333334,0,0,1.0,0.8333333333333334,0.16666666666666663
"F[0,1](((Hct >= 0.733 | HR <= 61.580) & Alkalinephos >= 52.765) & BaseExcess <= 67.307)
",-9999999.000,-9999999.000,0.000,0.000,1.000,5,0,0,1,6,0,5,1,0.8333333333333334,0,0,1.0,0.8333333333333334,0.16666666666666663
"F[0,0](Magnesium >= 0.066 | O2Sat >= 8.211)
",2.217,58.314,0.000,0.000,1.000,5,0,0,1,6,0,5,1,0.8333333333333334,0,0,1.0,0.8333333333333334,0.16666666666666663
"((HR <= 63.596) U[0,1] (WBC >= 0.112))
",-9999999.000,-9999999.000,0.000,0.000,1.000,5,0,0,1,6,0,5,1,0.8333333333333334,0,0,1.0,0.8333333333333334,0.16666666666666663
"F[0,0](Chloride <= 0.000 & TroponinI >= 0.206)
",-0.515,-1.555,0.000,0.000,1.000,5,0,0,1,6,0,5,1,0.8333333333333334,0,0,1.0,0.8333333333333334,0.16666666666666663
"((Lactate >= 0.000) U[0,1] (Hct >= 2.220))
",-9999999.000,-9999999.000,0.000,0.000,1.000,5,0,0,1,6,0,5,1,0.8333333333333334,0,0,1.0,0.8333333333333334,0.16666666666666663
"F[0,1](Hct >= 0.431 & TroponinI >= 0.108)
",-9999999.000,-9999999.000,0.000,0.000,1.000,5,0,0,1,6,0,5,1,0.8333333333333334,0,0,1.0,0.8333333333333334,0.16666666666666663
"F[1,1](((HR >= 0.734 | SaO2 >= 0.000) -> Creatinine <= 0.000) & SBP <= 0.000)
",0.000,0.000,0.000,0.000,1.000,5,0,0,1,6,0,5,1,0.8333333333333334,0,0,1.0,0.8333333333333334,0.16666666666666663
"F[0,1]((Fibrinogen >= 0.000 & Calcium <= 5.860) -> PTT >= 0.447)
",-9999999.000,-9999999.000,0.000,0.000,1.000,5,0,0,1,6,0,5,1,0.8333333333333334,0,0,1.0,0.8333333333333334,0.16666666666666663
"F[0,0](((Resp >= 5.230 -> TroponinI >= 0.085) & pH <= 1.898) -> PTT >= 0.160)
",-0.444,-1.912,0.000,0.000,1.000,5,0,0,1,6,0,5,1,0.8333333333333334,0,0,1.0,0.8333333333333334,0.16666666666666663
"F[1,1](((Chloride >= 0.000 -> BUN >= 0.427) | WBC <= 15.400) & BUN >= 0.414)
",-0.414,-0.414,0.000,0.000,1.000,5,0,0,1,6,0,5,1,0.8333333333333334,0,0,1.0,0.8333333333333334,0.16666666666666663
"F[0,1]((Calcium >= 0.104 | Hct >= 2.683) | Magnesium >= 1.845)
",-9999999.000,-9999999.000,0.000,0.000,1.000,5,0,0,1,6,0,5,1,0.8333333333333334,0,0,1.0,0.8333333333333334,0.16666666666666663
"F[0,1](pH <= 0.000 -> O2Sat >= 0.441)
",-9999999.000,-9999999.000,0.000,0.000,1.000,4,0,0,2,6,0,4,2,0.6666666666666666,0,0,1.0,0.6666666666666666,0.33333333333333337
"F[1,1]((TroponinI <= 0.907 | Alkalinephos <= 34.209) -> SBP <= 52.792)
",-52.792,-52.792,0.000,0.000,1.000,4,0,0,2,6,0,4,2,0.6666666666666666,0,0,1.0,0.6666666666666666,0.33333333333333337
"F[0,0](Creatinine <= 0.369 -> MAP >= 20.198)
",-0.988,-53.752,0.000,0.000,1.000,4,0,0,2,6,0,4,2,0.6666666666666666,0,0,1.0,0.6666666666666666,0.33333333333333337
"((DBP >= 19.591) U[1,1] (pH <= 0.000))
",0.000,0.000,0.000,0.000,1.000,4,0,0,2,6,0,4,2,0.6666666666666666,0,0,1.0,0.6666666666666666,0.33333333333333337
"F[0,0](((Bilirubin_total >= 0.005 -> Platelets <= 209.037) | Lactate <= 217.914) -> MAP >= 2.530)
",-7.407,-205.507,0.000,0.000,1.000,4,0,0,2,6,0,4,2,0.6666666666666666,0,0,1.0,0.6666666666666666,0.33333333333333337
"F[1,1](((HCO3 >= 0.000 & WBC >= 0.191) & Temp <= 2.304) | Temp >= 0.015)
",-8797509866950537.000,-0.015,0.000,0.000,1.000,3,0,0,3,6,0,3,3,0.5,0,0,1.0,0.5,0.5
"F[0,1](Fibrinogen >= 0.000 & HR <= 61.527)
",-9999999.000,-9999999.000,0.000,0.000,1.000,3,0,0,3,6,0,3,3,0.5,0,0,1.0,0.5,0.5
"F[0,1]((MAP >= 28.439 & Resp >= 8.079) & PTT <= 14.231)
",-9999999.000,-9999999.000,0.000,0.000,1.000,3,0,0,3,6,0,3,3,0.5,0,0,1.0,0.5,0.5
"F[0,1]((MAP >= 39.107 & Potassium <= 1.464) & SaO2 <= 2.587)
",-9999999.000,-9999999.000,0.000,0.000,1.000,3,0,0,3,6,0,3,3,0.5,0,0,1.0,0.5,0.5
"((DBP >= 25.470) U[1,2] (BUN <= 15.340))
",-9999999.000,-9999999.000,0.000,0.000,1.000,3,0,0,3,6,0,3,3,0.5,0,0,1.0,0.5,0.5
"((HR <= 68.035) U[1,2] (Magnesium <= 1.329))
",-9999999.000,-9999999.000,0.000,0.000,1.000,3,0,0,3,6,0,3,3,0.5,0,0,1.0,0.5,0.5
"((MAP >= 4.734) U[1,2] (SBP <= 121.373))
",-9999999.000,-9999999.000,0.000,0.000,1.000,3,0,0,3,6,0,3,3,0.5,0,0,1.0,0.5,0.5
"F[1,1](((Fibrinogen <= 0.000 & MAP >= 35.985) & Creatinine <= 59.143) & Platelets <= 64.870)
",-35.985,-35.985,0.000,0.000,1.000,3,0,0,3,6,0,3,3,0.5,0,0,1.0,0.5,0.5
"F[1,1](((BUN <= 14.217 & Temp <= 14.380) & Platelets <= 32.578) -> O2Sat >= 4.741)
",-8003563940659919.000,-14.217,0.000,0.000,1.000,3,0,0,3,6,0,3,3,0.5,0,0,1.0,0.5,0.5
"((Creatinine <= 0.287) U[0,1] (MAP >= 7.128))
",-9999999.000,-9999999.000,0.000,0.000,1.000,2,0,0,4,6,0,2,4,0.3333333333333333,0,0,1.0,0.3333333333333333,0.6666666666666667
"F[0,1](((BaseExcess >= 0.000 -> Alkalinephos <= 45.406) -> MAP <= 13.015) | SaO2 >= 1.307)
",-9999999.000,-9999999.000,0.000,0.000,1.000,2,0,0,4,6,0,2,4,0.3333333333333333,0,0,1.0,0.3333333333333333,0.6666666666666667
"F[0,1]((Calcium >= 0.367 & MAP >= 22.836) | SBP <= 86.716)
",-9999999.000,-9999999.000,0.000,0.000,1.000,2,0,0,4,6,0,2,4,0.3333333333333333,0,0,1.0,0.3333333333333333,0.6666666666666667
"F[1,1](EtCO2 >= 0.000 & SBP >= 36.136)
",-36.136,-36.136,0.000,0.000,1.000,1,0,0,5,6,0,1,5,0.16666666666666666,0,0,1.0,0.16666666666666666,0.8333333333333334
"((MAP >= 9.491) U[1,2] (SBP <= 109.534))
",-9999999.000,-9999999.000,0.000,0.000,1.000,1,0,0,5,6,0,1,5,0.16666666666666666,0,0,1.0,0.16666666666666666,0.8333333333333334
"((Phosphate >= 0.000) U[1,1] (DBP >= 6.249))
",0.000,0.000,0.000,0.000,1.000,1,0,0,5,6,0,1,5,0.16666666666666666,0,0,1.0,0.16666666666666666,0.8333333333333334
"F[1,1]((Phosphate >= 0.000 & Magnesium > 0.038) -> Calcium < 7.259)
",-8173270914775101.000,-7.259,0.000,0.000,1.000,1,0,0,5,6,0,1,5,0.16666666666666666,0,0,1.0,0.16666666666666666,0.8333333333333334
"F[1,1](Hgb <= 10.593 & WBC <= 3.454)
",3.454,3.454,0.000,0.000,1.000,1,0,0,5,6,0,1,5,0.16666666666666666,0,0,1.0,0.16666666666666666,0.8333333333333334
"((Hct <= 13.516) U[1,1] (Potassium <= 1.604))
",7609094129446071.000,13.516,0.000,0.000,1.000,1,0,0,5,6,0,1,5,0.16666666666666666,0,0,1.0,0.16666666666666666,0.8333333333333334
"F[1,1](Hct <= 14.450 & Fibrinogen >= 0.000)
",0.000,0.000,0.000,0.000,1.000,1,0,0,5,6,0,1,5,0.16666666666666666,0,0,1.0,0.16666666666666666,0.8333333333333334
"((Lactate >= 0.000) U[0,1] (SBP >= 62.395))
",-9999999.000,-9999999.000,0.000,0.000,1.000,1,0,0,5,6,0,1,5,0.16666666666666666,0,0,1.0,0.16666666666666666,0.8333333333333334
"((EtCO2 <= 0.000) U[1,1] (DBP <= 89.143))
",6272879275040439.000,89.143,0.000,0.000,1.000,1,0,0,5,6,0,1,5,0.16666666666666666,0,0,1.0,0.16666666666666666,0.8333333333333334
"((Temp <= 19.106) U[1,2] (Fibrinogen <= 0.000))
",-9999999.000,-9999999.000,0.000,0.000,1.000,1,0,0,5,6,0,1,5,0.16666666666666666,0,0,1.0,0.16666666666666666,0.8333333333333334
"F[0,1](((TroponinI >= 0.042 | DBP >= 23.776) | Hct >= 18.334) | Temp >= 32.538)
",-9999999.000,-9999999.000,0.000,0.000,1.000,1,0,0,5,6,0,1,5,0.16666666666666666,0,0,1.0,0.16666666666666666,0.8333333333333334
"((Hgb >= 0.956) U[0,1] (SBP >= 57.709))
",-9999999.000,-9999999.000,0.000,0.000,1.000,1,0,0,5,6,0,1,5,0.16666666666666666,0,0,1.0,0.16666666666666666,0.8333333333333334
"((Alkalinephos <= 45.789) U[1,1] (DBP >= 9.063))
",45.789,45.789,0.000,0.000,1.000,1,0,0,5,6,0,1,5,0.16666666666666666,0,0,1.0,0.16666666666666666,0.8333333333333334
"F[1,1]((EtCO2 <= 0.000 | HCO3 >= 0.000) & Magnesium <= 0.000)
",0.000,0.000,0.000,0.000,1.000,1,0,0,5,6,0,1,5,0.16666666666666666,0,0,1.0,0.16666666666666666,0.8333333333333334
"F[0,1](((MAP <= 95.257 | Platelets >= 6.655) | BaseExcess >= 14.985) & PaCO2 <= 111.516)
",-9999999.000,-9999999.000,0.000,0.000,1.000,1,0,0,5,6,0,1,5,0.16666666666666666,0,0,1.0,0.16666666666666666,0.8333333333333334
"((Calcium >= 0.528) U[1,2] (O2Sat >= 2.220))
",-9999999.000,-9999999.000,0.000,0.000,1.000,1,0,0,5,6,0,1,5,0.16666666666666666,0,0,1.0,0.16666666666666666,0.8333333333333334
"((MAP >= 47.760) U[1,2] (SBP <= 99.553))
",-9999999.000,-9999999.000,0.000,0.000,1.000,1,0,0,5,6,0,1,5,0.16666666666666666,0,0,1.0,0.16666666666666666,0.8333333333333334
"((AST <= 41.722) U[0,0] (TroponinI <= 0.758))
",41.722,41.722,0.000,0.000,1.000,1,0,0,5,6,0,1,5,0.16666666666666666,0,0,1.0,0.16666666666666666,0.8333333333333334
"F[0,1](Resp < 8.725 & SepsisLabel = 0.000)
",-9999999.000,-9999999.000,0.000,0.000,1.000,1,0,0,5,6,0,1,5,0.16666666666666666,0,0,1.0,0.16666666666666666,0.8333333333333334
"F[0,0]((pH >= 0.000 & Resp >= 5.117) -> Creatinine >= 2.373)
",1.000,1.187,0.000,0.000,1.000,1,0,0,5,6,0,1,5,0.16666666666666666,0,0,1.0,0.16666666666666666,0.8333333333333334
"F[0,1](((Fibrinogen <= 0.000 & O2Sat <= 49.068) & SBP >= 1.529) -> BaseExcess <= 86.375)
",-9999999.000,-9999999.000,0.000,0.000,1.000,0,0,0,6,6,0,0,6,0.0,0,0,0.0,0.0,1.0
"F[2,2](((Magnesium >= 0.119 -> Platelets >= 12.093) | BUN <= 183.938) & EtCO2 <= 208.123)
",183.938,183.938,0.000,0.000,1.000,0,0,0,6,6,0,0,6,0.0,0,0,0.0,0.0,1.0
"F[0,2](MAP <= 92.096 & Glucose >= 2.747)
",-9999999.000,-9999999.000,0.000,0.000,1.000,0,0,0,6,6,0,0,6,0.0,0,0,0.0,0.0,1.0
"F[0,2]((SepsisLabel >= 0.000 -> AST <= 9.404) | Chloride >= 0.769)
",-9999999.000,-9999999.000,0.000,0.000,1.000,0,0,0,6,6,0,0,6,0.0,0,0,0.0,0.0,1.0
"F[0,2](BaseExcess <= 0.000 & Phosphate <= 0.000)
",-9999999.000,-9999999.000,0.000,0.000,1.000,0,0,0,6,6,0,0,6,0.0,0,0,0.0,0.0,1.0
"F[0,1]((PTT <= 0.000 -> Potassium >= 0.001) -> Magnesium >= 0.106)
",-9999999.000,-9999999.000,0.000,0.000,1.000,0,0,0,6,6,0,0,6,0.0,0,0,0.0,0.0,1.0
"F[0,1](((Glucose <= 12.432 | Platelets <= 166.259) | EtCO2 >= 4.820) | BaseExcess >= 16.839)
",-9999999.000,-9999999.000,0.000,0.000,1.000,0,0,0,6,6,0,0,6,0.0,0,0,0.0,0.0,1.0
"F[1,2]((PTT >= 0.000 & TroponinI <= 1.017) -> Bilirubin_total <= 1.285)
",-9999999.000,-9999999.000,0.000,0.000,1.000,0,0,0,6,6,0,0,6,0.0,0,0,0.0,0.0,1.0
"((BUN <= 3.094) U[1,2] (O2Sat <= 17.380))
",-9999999.000,-9999999.000,0.000,0.000,1.000,0,0,0,6,6,0,0,6,0.0,0,0,0.0,0.0,1.0
"F[0,0](((Calcium <= 5.196 | HCO3 <= 0.000) | Bilirubin_direct >= 0.000) -> Bilirubin_direct <= 0.000)
",-2.990,-4.520,0.000,0.000,1.000,0,0,0,6,6,0,0,6,0.0,0,0,0.0,0.0,1.0
"F[0,0]((Alkalinephos <= 43.473 & FiO2 <= 0.000) | Resp <= 0.000)
",0.000,0.000,0.000,0.000,1.000,0,0,0,6,6,0,0,6,0.0,0,0,0.0,0.0,1.0
"F[1,2](((Magnesium <= 1.753 -> Potassium >= 0.222) -> Fibrinogen >= 0.083) | DBP >= 0.084)
",-9999999.000,-9999999.000,0.000,0.000,1.000,0,0,0,6,6,0,0,6,0.0,0,0,0.0,0.0,1.0
"((MAP >= 44.076) U[0,2] (pH <= 0.000))
",-9999999.000,-9999999.000,0.000,0.000,1.000,0,0,0,6,6,0,0,6,0.0,0,0,0.0,0.0,1.0
"((BaseExcess <= 0.000) U[1,2] (BUN >= 1.127))
",-9999999.000,-9999999.000,0.000,0.000,1.000,0,0,0,6,6,0,0,6,0.0,0,0,0.0,0.0,1.0
"F[1,2](((SaO2 <= 0.000 & SaO2 <= 0.000) | SBP <= 0.000) -> Potassium >= 0.000)
",-9999999.000,-9999999.000,0.000,0.000,1.000,0,0,0,6,6,0,0,6,0.0,0,0,0.0,0.0,1.0
"F[0,1]((Alkalinephos >= 0.264 | HCO3 <= 0.000) & MAP >= 0.000)
",-9999999.000,-9999999.000,0.000,0.000,1.000,0,0,0,6,6,0,0,6,0.0,0,0,0.0,0.0,1.0
"F[1,2](Platelets <= 108.384 & Platelets >= 16.680)
",-9999999.000,-9999999.000,0.000,0.000,1.000,0,0,0,6,6,0,0,6,0.0,0,0,0.0,0.0,1.0
"F[2,2](PaCO2 >= 0.000 -> MAP >= 36.958)
",0.000,0.000,0.000,0.000,1.000,0,0,0,6,6,0,0,6,0.0,0,0,0.0,0.0,1.0
"F[1,2]((Hgb <= 9.159 | Glucose >= 3.782) -> Bilirubin_direct >= 5.737)
",-9999999.000,-9999999.000,0.000,0.000,1.000,0,0,0,6,6,0,0,6,0.0,0,0,0.0,0.0,1.0
"F[1,2]((TroponinI <= 2.041 -> Creatinine <= 0.680) | Chloride <= 1.076)
",-9999999.000,-9999999.000,0.000,0.000,1.000,0,0,0,6,6,0,0,6,0.0,0,0,0.0,0.0,1.0
"F[0,2](((Potassium >= 0.244 & Platelets <= 122.052) & TroponinI <= 158.886) -> MAP >= 18.208)
",-9999999.000,-9999999.000,0.000,0.000,1.000,0,0,0,6,6,0,0,6,0.0,0,0,0.0,0.0,1.0
"F[1,2]((PTT <= 0.000 & Magnesium >= 0.147) & Hct >= 0.107)
",-9999999.000,-9999999.000,0.000,0.000,1.000,0,0,0,6,6,0,0,6,0.0,0,0,0.0,0.0,1.0
"F[1,2](Phosphate <= 0.000 -> Resp >= 5.070)
",-9999999.000,-9999999.000,0.000,0.000,1.000,0,0,0,6,6,0,0,6,0.0,0,0,0.0,0.0,1.0
"F[1,2]((HCO3 >= 0.000 -> TroponinI <= 0.692) & SepsisLabel >= 0.238)
",-9999999.000,-9999999.000,0.000,0.000,1.000,0,0,0,6,6,0,0,6,0.0,0,0,0.0,0.0,1.0
"F[0,0](Potassium <= 0.298 & AST <= 19.795)
",0.298,0.298,0.000,0.000,1.000,0,0,0,6,6,0,0,6,0.0,0,0,0.0,0.0,1.0
"F[0,2](Glucose >= 4.405 -> Alkalinephos >= 1.937)
",-9999999.000,-9999999.000,0.000,0.000,1.000,0,0,0,6,6,0,0,6,0.0,0,0,0.0,0.0,1.0
"F[2,2](((DBP >= 24.593 & HCO3 <= 0.000) -> Glucose >= 0.000) | SaO2 >= 0.000)
",0.000,0.000,0.000,0.000,1.000,0,0,0,6,6,0,0,6,0.0,0,0,0.0,0.0,1.0
"((Magnesium <= 1.327) U[0,2] (EtCO2 >= 0.000))
",-9999999.000,-9999999.000,0.000,0.000,1.000,0,0,0,6,6,0,0,6,0.0,0,0,0.0,0.0,1.0
"F[1,2]((Potassium >= 0.103 -> Resp <= 10.096) & PaCO2 >= 5.643)
",-9999999.000,-9999999.000,0.000,0.000,1.000,0,0,0,6,6,0,0,6,0.0,0,0,0.0,0.0,1.0
"F[1,2]((AST >= 2.590 & Hct >= 1.907) | AST <= 11.617)
",-9999999.000,-9999999.000,0.000,0.000,1.000,0,0,0,6,6,0,0,6,0.0,0,0,0.0,0.0,1.0
"F[0,0](((Fibrinogen >= 0.000 & BaseExcess <= 0.000) & BaseExcess <= 0.000) | Creatinine <= 0.000)
",0.000,0.000,0.000,0.000,1.000,0,0,0,6,6,0,0,6,0.0,0,0,0.0,0.0,1.0
"((SBP >= 59.974) U[0,1] (Lactate >= 0.000))
",-9999999.000,-9999999.000,0.000,0.000,1.000,0,0,0,6,6,0,0,6,0.0,0,0,0.0,0.0,1.0
"((Calcium <= 2.330) U[1,2] (Potassium <= 2.735))
",-9999999.000,-9999999.000,0.000,0.000,1.000,0,0,0,6,6,0,0,6,0.0,0,0,0.0,0.0,1.0
"F[2,2]((Creatinine >= 0.030 | TroponinI <= 0.646) & Resp <= 1.227)
",5820950741684063.000,0.646,0.000,0.000,1.000,0,0,0,6,6,0,0,6,0.0,0,0,0.0,0.0,1.0
"F[1,2](Platelets >= 5.497 | O2Sat >= 2.805)
",-9999999.000,-9999999.000,0.000,0.000,1.000,0,0,0,6,6,0,0,6,0.0,0,0,0.0,0.0,1.0
"F[0,2](((pH >= 0.000 -> WBC >= 0.175) & Bilirubin_total <= 2.362) & Temp >= 0.138)
",-9999999.000,-9999999.000,0.000,0.000,1.000,0,0,0,6,6,0,0,6,0.0,0,0,0.0,0.0,1.0
"((HR <= 81.288) U[0,2] (Calcium <= 1.497))
",-9999999.000,-9999999.000,0.000,0.000,1.000,0,0,0,6,6,0,0,6,0.0,0,0,0.0,0.0,1.0
"F[1,2](SBP <= 140.920 | Platelets <= 113.273)
",-9999999.000,-9999999.000,0.000,0.000,1.000,0,0,0,6,6,0,0,6,0.0,0,0,0.0,0.0,1.0
"F[1,2]((Lactate >= 0.000 & SaO2 >= 0.000) | HCO3 >= 0.000)
",-9999999.000,-9999999.000,0.000,0.000,1.000,0,0,0,6,6,0,0,6,0.0,0,0,0.0,0.0,1.0
"F[2,2](Bilirubin_direct <= 0.000 -> Platelets >= 11.531)
",0.000,0.000,0.000,0.000,1.000,0,0,0,6,6,0,0,6,0.0,0,0,0.0,0.0,1.0
"F[1,2]((SBP <= 136.603 & DBP <= 92.727) -> SBP >= 39.053)
",-9999999.000,-9999999.000,0.000,0.000,1.000,0,0,0,6,6,0,0,6,0.0,0,0,0.0,0.0,1.0
"F[0,1]((Alkalinephos <= 11.022 -> Potassium <= 3.463) & Hgb <= 0.750)
",-9999999.000,-9999999.000,0.000,0.000,1.000,0,0,0,6,6,0,0,6,0.0,0,0,0.0,0.0,1.0
"((AST <= 17.458) U[1,2] (Phosphate <= 0.000))
",-9999999.000,-9999999.000,0.000,0.000,1.000,0,0,0,6,6,0,0,6,0.0,0,0,0.0,0.0,1.0
"F[0,2](PaCO2 <= 0.000 -> EtCO2 >= 0.000)
",-9999999.000,-9999999.000,0.000,0.000,1.000,0,0,0,6,6,0,0,6,0.0,0,0,0.0,0.0,1.0
"F[0,2](Hgb >= 0.450 -> EtCO2 <= 0.000)
",-9999999.000,-9999999.000,0.000,0.000,1.000,0,0,0,6,6,0,0,6,0.0,0,0,0.0,0.0,1.0
"F[0,2](((pH >= 0.000 | SBP <= 94.871) | O2Sat <= 89.918) -> HR >= 34.636)
",-9999999.000,-9999999.000,0.000,0.000,1.000,0,0,0,6,6,0,0,6,0.0,0,0,0.0,0.0,1.0
"F[1,2]((HCO3 <= 0.000 | WBC <= 1.579) & Platelets <= 3.292)
",-9999999.000,-9999999.000,0.000,0.000,1.000,0,0,0,6,6,0,0,6,0.0,0,0,0.0,0.0,1.0
"F[1,2]((Calcium >= 0.149 -> Glucose >= 8.092) | Creatinine <= 47.595)
",-9999999.000,-9999999.000,0.000,0.000,1.000,0,0,0,6,6,0,0,6,0.0,0,0,0.0,0.0,1.0
"F[0,0](((WBC <= 2.637 -> Platelets >= 1.634) | Lactate >= 14.775) -> Glucose >= 16.380)
",-0.365,-11.673,0.000,0.000,1.000,0,0,0,6,6,0,0,6,0.0,0,0,0.0,0.0,1.0
"F[0,2]((AST >= 2.941 -> Hct <= 23.325) -> Phosphate <= 13.401)
",-9999999.000,-9999999.000,0.000,0.000,1.000,0,0,0,6,6,0,0,6,0.0,0,0,0.0,0.0,1.0
"F[0,2]((pH >= 0.000 | Alkalinephos >= 5.092) | Resp <= 12.964)
",-9999999.000,-9999999.000,0.000,0.000,1.000,0,0,0,6,6,0,0,6,0.0,0,0,0.0,0.0,1.0
"((Bilirubin_total >= 0.107) U[0,0] (BUN <= 4.371))
",11.551,4.208,0.000,0.000,1.000,0,0,0,6,6,0,0,6,0.0,0,0,0.0,0.0,1.0
"F[1,2]((Hgb >= 0.751 | Lactate <= 0.000) & PaCO2 >= 0.000)
",-9999999.000,-9999999.000,0.000,0.000,1.000,0,0,0,6,6,0,0,6,0.0,0,0,0.0,0.0,1.0
"F[0,2](((Hct >= 2.622 | FiO2 >= 0.000) -> Hct >= 0.000) & Fibrinogen >= 0.000)
",-9999999.000,-9999999.000,0.000,0.000,1.000,0,0,0,6,6,0,0,6,0.0,0,0,0.0,0.0,1.0
"F[1,2](((SaO2 <= 0.000 & pH <= 0.000) | PaCO2 >= 0.000) | Glucose >= 0.000)
",-9999999.000,-9999999.000,0.000,0.000,1.000,0,0,0,6,6,0,0,6,0.0,0,0,0.0,0.0,1.0
"((Bilirubin_direct >= 0.000) U[0,2] (SaO2 <= 0.000))
",-9999999.000,-9999999.000,0.000,0.000,1.000,0,0,0,6,6,0,0,6,0.0,0,0,0.0,0.0,1.0
"F[0,2](((SBP >= 10.964 -> TroponinI >= 0.147) | HCO3 <= 1.995) -> HR <= 1.171)
",-9999999.000,-9999999.000,0.000,0.000,1.000,0,0,0,6,6,0,0,6,0.0,0,0,0.0,0.0,1.0
"F[2,2](Resp <= 11.759 -> Glucose >= 1.405)
",-11.759,-11.759,0.000,0.000,1.000,0,0,0,6,6,0,0,6,0.0,0,0,0.0,0.0,1.0
"F[0,2](((pH <= 0.000 -> WBC <= 4.089) -> Bilirubin_total >= 0.075) & MAP <= 0.705)
",-9999999.000,-9999999.000,0.000,0.000,1.000,0,0,0,6,6,0,0,6,0.0,0,0,0.0,0.0,1.0
"F[0,0](((PTT >= 0.000 | Calcium >= 0.278) | PTT >= 0.441) & Bilirubin_direct <= 0.787)
",-0.447,-0.059,0.000,0.000,1.000,0,0,0,6,6,0,0,6,0.0,0,0,0.0,0.0,1.0
"F[1,2]((pH <= 0.000 & PTT <= 0.000) | DBP <= 0.000)
",-9999999.000,-9999999.000,0.000,0.000,1.000,0,0,0,6,6,0,0,6,0.0,0,0,0.0,0.0,1.0
"F[0,1](((SepsisLabel >= 0.000 & pH <= 0.000) & Creatinine >= 0.000) | BUN >= 0.000)
",-9999999.000,-9999999.000,0.000,0.000,1.000,0,0,0,6,6,0,0,6,0.0,0,0,0.0,0.0,1.0
"F[1,1]((Bilirubin_direct <= 0.000 -> BaseExcess <= 0.000) & SepsisLabel <= 0.000)
",0.000,0.000,0.000,0.000,1.000,0,0,0,6,6,0,0,6,0.0,0,0,0.0,0.0,1.0
"F[1,1](Hgb <= 7.800 | SepsisLabel >= 0.000)
",8782118542188061.000,7.800,0.000,0.000,1.000,0,0,0,6,6,0,0,6,0.0,0,0,0.0,0.0,1.0
"F[0,1](((Hct >= 0.512 -> HCO3 >= 0.000) & HR <= 0.000) -> BUN >= 0.000)
",-9999999.000,-9999999.000,0.000,0.000,1.000,0,0,0,6,6,0,0,6,0.0,0,0,0.0,0.0,1.0
"F[2,2](((Temp >= 4.736 & Resp >= 4.467) -> PTT >= 5.065) -> BUN >= 0.978)
",-4.736,-4.736,0.000,0.000,1.000,0,0,0,6,6,0,0,6,0.0,0,0,0.0,0.0,1.0
"F[1,1](HCO3 >= 0.000 | PaCO2 >= 0.000)
",0.000,0.000,0.000,0.000,1.000,0,0,0,6,6,0,0,6,0.0,0,0,0.0,0.0,1.0
"F[0,2](((Lactate <= 0.000 & HCO3 <= 0.000) | PTT >= 0.000) & Hct <= 0.000)
",-9999999.000,-9999999.000,0.000,0.000,1.000,0,0,0,6,6,0,0,6,0.0,0,0,0.0,0.0,1.0
"F[0,2]((AST >= 2.575 -> SepsisLabel <= 0.000) & PaCO2 <= 0.000)
",-9999999.000,-9999999.000,0.000,0.000,1.000,0,0,0,6,6,0,0,6,0.0,0,0,0.0,0.0,1.0
"F[0,1](((O2Sat >= 11.464 & Resp >= 5.938) | SBP <= 9.714) | FiO2 <= 19.063)
",-9999999.000,-9999999.000,0.000,0.000,1.000,0,0,0,6,6,0,0,6,0.0,0,0,0.0,0.0,1.0
"F[0,0](Magnesium >= 0.045 -> Temp <= 14.274)
",-2.228,-11.887,0.000,0.000,1.000,0,0,0,6,6,0,0,6,0.0,0,0,0.0,0.0,1.0
"F[0,1]((O2Sat >= 3.599 | Hct >= 2.371) -> pH <= 29.821)
",-9999999.000,-9999999.000,0.000,0.000,1.000,0,0,0,6,6,0,0,6,0.0,0,0,0.0,0.0,1.0
"((SBP >= 25.367) U[2,2] (Fibrinogen >= 0.000))
",0.000,0.000,0.000,0.000,1.000,0,0,0,6,6,0,0,6,0.0,0,0,0.0,0.0,1.0
"F[0,0]((pH >= 0.000 | EtCO2 >= 0.000) | Lactate >= 0.000)
",0.447,16.333,0.000,0.000,1.000,0,0,0,6,6,0,0,6,0.0,0,0,0.0,0.0,1.0
"((Alkalinephos <= 47.372) U[1,2] (TroponinI <= 1.917))
",-9999999.000,-9999999.000,0.000,0.000,1.000,0,0,0,6,6,0,0,6,0.0,0,0,0.0,0.0,1.0
"F[0,2](AST >= 3.406 | Hct <= 27.720)
",-9999999.000,-9999999.000,0.000,0.000,1.000,0,0,0,6,6,0,0,6,0.0,0,0,0.0,0.0,1.0
"F[0,2]((O2Sat >= 12.267 | FiO2 <= 0.000) & pH <= 0.000)
",-9999999.000,-9999999.000,0.000,0.000,1.000,0,0,0,6,6,0,0,6,0.0,0,0,0.0,0.0,1.0
"((PaCO2 <= 0.000) U[0,2] (PTT >= 0.000))
",-9999999.000,-9999999.000,0.000,0.000,1.000,0,0,0,6,6,0,0,6,0.0,0,0,0.0,0.0,1.0
"F[1,2](((Bilirubin_total <= 0.660 | Hgb >= 0.658) & PaCO2 <= 10.793) | Calcium >= 0.533)
",-9999999.000,-9999999.000,0.000,0.000,1.000,0,0,0,6,6,0,0,6,0.0,0,0,0.0,0.0,1.0
"((SaO2 <= 0.000) U[0,0] (PaCO2 <= 0.000))
",0.000,0.000,0.000,0.000,1.000,0,0,0,6,6,0,0,6,0.0,0,0,0.0,0.0,1.0
"((Hct <= 9.385) U[2,2] (Chloride >= 0.000))
",5283354483592945.000,9.385,0.000,0.000,1.000,0,0,0,6,6,0,0,6,0.0,0,0,0.0,0.0,1.0
"F[1,2](((HCO3 <= 0.000 -> Hct <= 33.674) | Resp <= 28.202) & Glucose <= 30.670)
",-9999999.000,-9999999.000,0.000,0.000,1.000,0,0,0,6,6,0,0,6,0.0,0,0,0.0,0.0,1.0
"F[0,0](((Chloride <= 0.000 & SaO2 >= 0.000) | Platelets <= 0.000) -> SaO2 <= 0.000)
",0.000,0.000,0.000,0.000,1.000,0,0,0,6,6,0,0,6,0.0,0,0,0.0,0.0,1.0
"F[2,2](((BUN <= 16.090 | BUN <= 5.390) | Alkalinephos >= 1.460) & pH <= 11.899)
",11.899,11.899,0.000,0.000,1.000,0,0,0,6,6,0,0,6,0.0,0,0,0.0,0.0,1.0
"F[0,2]((Calcium <= 5.588 -> Chloride >= 0.000) | pH <= 0.000)
",-9999999.000,-9999999.000,0.000,0.000,1.000,0,0,0,6,6,0,0,6,0.0,0,0,0.0,0.0,1.0
"F[1,2](((Platelets >= 12.227 | FiO2 >= 0.000) -> Calcium >= 0.000) | AST >= 0.000)
",-9999999.000,-9999999.000,0.000,0.000,1.000,0,0,0,6,6,0,0,6,0.0,0,0,0.0,0.0,1.0
"F[0,2](((Fibrinogen >= 0.000 | PaCO2 >= 0.000) | Resp <= 0.000) & Hgb <= 0.000)
",-9999999.000,-9999999.000,0.000,0.000,1.000,0,0,0,6,6,0,0,6,0.0,0,0,0.0,0.0,1.0
"F[0,1](((Hgb >= 0.140 | Fibrinogen <= 0.000) & MAP <= 0.000) -> BUN >= 0.000)
",-9999999.000,-9999999.000,0.000,0.000,1.000,0,0,0,6,6,0,0,6,0.0,0,0,0.0,0.0,1.0
"F[0,2]((Alkalinephos >= 0.359 | PTT <= 0.000) & Hct >= 0.000)
",-9999999.000,-9999999.000,0.000,0.000,1.000,0,0,0,6,6,0,0,6,0.0,0,0,0.0,0.0,1.0
"((Lactate <= 0.000) U[0,2] (Phosphate <= 0.000))
",-9999999.000,-9999999.000,0.000,0.000,1.000,0,0,0,6,6,0,0,6,0.0,0,0,0.0,0.0,1.0
"F[0,0]((Creatinine <= 0.797 -> Bilirubin_direct <= 0.000) -> Hct >= 0.000)
",-0.664,-0.528,0.000,0.000,1.000,0,0,0,6,6,0,0,6,0.0,0,0,0.0,0.0,1.0
"F[2,2]((Platelets >= 9.879 | pH >= 0.000) -> DBP >= 0.000)
",0.000,0.000,0.000,0.000,1.000,0,0,0,6,6,0,0,6,0.0,0,0,0.0,0.0,1.0
"F[1,2](((Glucose <= 93.938 | Temp >= 6.489) | MAP >= 5.775) | HR >= 0.177)
",-9999999.000,-9999999.000,0.000,0.000,1.000,0,0,0,6,6,0,0,6,0.0,0,0,0.0,0.0,1.0
"((Phosphate <= 0.000) U[1,2] (Fibrinogen <= 0.000))
",-9999999.000,-9999999.000,0.000,0.000,1.000,0,0,0,6,6,0,0,6,0.0,0,0,0.0,0.0,1.0
"((SaO2 >= 0.000) U[0,1] (PTT >= 0.000))
",-9999999.000,-9999999.000,0.000,0.000,1.000,0,0,0,6,6,0,0,6,0.0,0,0,0.0,0.0,1.0
"F[0,1](((Calcium >= 0.008 & pH <= 0.000) | SepsisLabel >= 0.000) & Temp >= 0.000)
",-9999999.000,-9999999.000,0.000,0.000,1.000,0,0,0,6,6,0,0,6,0.0,0,0,0.0,0.0,1.0
"F[0,1](((PaCO2 <= 0.000 & Bilirubin_direct <= 0.000) & Alkalinephos <= 0.000) & SepsisLabel >= 0.000)
",-9999999.000,-9999999.000,0.000,0.000,1.000,0,0,0,6,6,0,0,6,0.0,0,0,0.0,0.0,1.0
"F[2,2]((Creatinine >= 0.037 & Fibrinogen >= 0.000) & HR <= 0.000)
",-0.037,-0.037,0.000,0.000,1.000,0,0,0,6,6,0,0,6,0.0,0,0,0.0,0.0,1.0
"F[0,1](Phosphate <= 0.000 & Creatinine <= 0.933)
",-9999999.000,-9999999.000,0.000,0.000,1.000,0,0,0,6,6,0,0,6,0.0,0,0,0.0,0.0,1.0
"F[0,2]((AST <= 28.555 | PaCO2 <= 0.000) -> PaCO2 >= 0.000)
",-9999999.000,-9999999.000,0.000,0.000,1.000,0,0,0,6,6,0,0,6,0.0,0,0,0.0,0.0,1.0
"((BUN >= 1.024) U[0,2] (PTT >= 0.000))
",-9999999.000,-9999999.000,0.000,0.000,1.000,0,0,0,6,6,0,0,6,0.0,0,0,0.0,0.0,1.0
"F[0,1]((Bilirubin_total >= 0.018 | Bilirubin_total <= 1.283) | DBP >= 0.047)
",-9999999.000,-9999999.000,0.000,0.000,1.000,0,0,0,6,6,0,0,6,0.0,0,0,0.0,0.0,1.0
"F[0,2]((EtCO2 <= 0.000 | PaCO2 >= 0.000) -> Phosphate <= 0.000)
",-9999999.000,-9999999.000,0.000,0.000,1.000,0,0,0,6,6,0,0,6,0.0,0,0,0.0,0.0,1.0
"((FiO2 <= 0.000) U[2,2] (Potassium >= 0.241))
",0.000,0.000,0.000,0.000,1.000,0,0,0,6,6,0,0,6,0.0,0,0,0.0,0.0,1.0
"F[1,2]((Lactate <= 0.000 -> Chloride >= 0.000) -> TroponinI <= 0.000)
",-9999999.000,-9999999.000,0.000,0.000,1.000,0,0,0,6,6,0,0,6,0.0,0,0,0.0,0.0,1.0
"F[1,1](pH >= 0.000 | Hgb >= 0.810)
",0.000,0.000,0.000,0.000,1.000,0,0,0,6,6,0,0,6,0.0,0,0,0.0,0.0,1.0
"F[2,2]((BaseExcess <= 0.000 & WBC >= 0.034) | SaO2 >= 0.307)
",-0.034,-0.034,0.000,0.000,1.000,0,0,0,6,6,0,0,6,0.0,0,0,0.0,0.0,1.0
"((Magnesium <= 1.476) U[0,1] (TroponinI <= 0.876))
",-9999999.000,-9999999.000,0.000,0.000,1.000,0,0,0,6,6,0,0,6,0.0,0,0,0.0,0.0,1.0
"F[0,2]((WBC >= 0.085 | TroponinI <= 0.908) & EtCO2 <= 0.535)
",-9999999.000,-9999999.000,0.000,0.000,1.000,0,0,0,6,6,0,0,6,0.0,0,0,0.0,0.0,1.0
"F[0,2](Magnesium <= 1.994 -> HR >= 42.000)
",-9999999.000,-9999999.000,0.000,0.000,1.000,0,0,0,6,6,0,0,6,0.0,0,0,0.0,0.0,1.0
"((BUN <= 9.498) U[0,0] (Fibrinogen >= 0.000))
",4.363,8.615,0.000,0.000,1.000,0,0,0,6,6,0,0,6,0.0,0,0,0.0,0.0,1.0
"F[0,1](((SepsisLabel >= 0.000 | Phosphate <= 0.000) | O2Sat >= 0.000) -> Creatinine >= 0.000)
",-9999999.000,-9999999.000,0.000,0.000,1.000,0,0,0,6,6,0,0,6,0.0,0,0,0.0,0.0,1.0
"((Temp >= 5.352) U[0,2] (Potassium >= 0.008))
",-9999999.000,-9999999.000,0.000,0.000,1.000,0,0,0,6,6,0,0,6,0.0,0,0,0.0,0.0,1.0
"F[2,2]((SBP >= 39.128 | Glucose >= 6.043) -> pH >= 5.263)
",5.263,5.263,0.000,0.000,1.000,0,0,0,6,6,0,0,6,0.0,0,0,0.0,0.0,1.0
"((Chloride <= 0.000) U[0,1] (SepsisLabel >= 0.000))
",-9999999.000,-9999999.000,0.000,0.000,1.000,0,0,0,6,6,0,0,6,0.0,0,0,0.0,0.0,1.0
"F[0,2](((Phosphate <= 0.000 | Phosphate >= 0.000) | Bilirubin_direct >= 0.000) -> PaCO2 <= 0.000)
",-9999999.000,-9999999.000,0.000,0.000,1.000,0,0,0,6,6,0,0,6,0.0,0,0,0.0,0.0,1.0
"F[0,0]((BaseExcess <= 0.000 & WBC >= 0.304) -> Chloride >= 0.162)
",-0.395,-1.221,0.000,0.000,1.000,0,0,0,6,6,0,0,6,0.0,0,0,0.0,0.0,1.0
"F[0,1](BUN <= 8.958 | HCO3 <= 0.000)
",-9999999.000,-9999999.000,0.000,0.000,1.000,0,0,0,6,6,0,0,6,0.0,0,0,0.0,0.0,1.0
"F[1,2](AST >= 2.390 -> Creatinine >= 0.032)
",-9999999.000,-9999999.000,0.000,0.000,1.000,0,0,0,6,6,0,0,6,0.0,0,0,0.0,0.0,1.0
"F[1,2](((Alkalinephos <= 41.821 -> Creatinine >= 0.083) -> Creatinine >= 0.035) & Alkalinephos <= 1.131)
",-9999999.000,-9999999.000,0.000,0.000,1.000,0,0,0,6,6,0,0,6,0.0,0,0,0.0,0.0,1.0
"F[0,1](((Chloride >= 0.000 & Phosphate >= 0.000) -> O2Sat >= 0.000) -> SepsisLabel <= 0.000)
",-9999999.000,-9999999.000,0.000,0.000,1.000,0,0,0,6,6,0,0,6,0.0,0,0,0.0,0.0,1.0
"F[1,2](((Fibrinogen >= 0.000 -> Resp <= 9.723) | Hct >= 3.085) -> HR >= 4.377)
",-9999999.000,-9999999.000,0.000,0.000,1.000,0,0,0,6,6,0,0,6,0.0,0,0,0.0,0.0,1.0
"((Temp >= 1.895) U[0,1] (SepsisLabel >= 0.000))
",-9999999.000,-9999999.000,0.000,0.000,1.000,0,0,0,6,6,0,0,6,0.0,0,0,0.0,0.0,1.0
"F[1,2](Hgb <= 4.291 | Hct <= 17.610)
",-9999999.000,-9999999.000,0.000,0.000,1.000,0,0,0,6,6,0,0,6,0.0,0,0,0.0,0.0,1.0
"F[1,2](((HR >= 31.619 | FiO2 >= 0.000) | Temp >= 0.000) & AST >= 0.000)
",-9999999.000,-9999999.000,0.000,0.000,1.000,0,0,0,6,6,0,0,6,0.0,0,0,0.0,0.0,1.0
"F[1,2](((SaO2 <= 0.000 & BaseExcess >= 0.000) -> Lactate >= 0.000) -> AST >= 0.000)
",-9999999.000,-9999999.000,0.000,0.000,1.000,0,0,0,6,6,0,0,6,0.0,0,0,0.0,0.0,1.0
"F[0,2](Glucose <= 56.863 -> SepsisLabel = 0.000)
",-9999999.000,-9999999.000,0.000,0.000,1.000,0,0,0,6,6,0,0,6,0.0,0,0,0.0,0.0,1.0
"((SepsisLabel > 0.000) U[2,2] (SepsisLabel = 0.000))
",0.000,0.000,0.000,0.000,1.000,0,0,0,6,6,0,0,6,0.0,0,0,0.0,0.0,1.0
"F[2,2](Platelets <= 210.546 -> SepsisLabel = 0.000)
",-210.546,-210.546,0.000,0.000,1.000,0,0,0,6,6,0,0,6,0.0,0,0,0.0,0.0,1.0
"F[0,2](SaO2 < 0.000 & SepsisLabel = 0.000)
",-9999999.000,-9999999.000,0.000,0.000,1.000,0,0,0,6,6,0,0,6,0.0,0,0,0.0,0.0,1.0
"((Temp < 15.497) U[0,0] (SepsisLabel = 0.000))
",-0.019,-0.670,0.000,0.000,1.000,0,0,0,6,6,0,0,6,0.0,0,0,0.0,0.0,1.0
"((SepsisLabel < 0.000) U[0,2] (SepsisLabel = 0.000))
",-9999999.000,-9999999.000,0.000,0.000,1.000,0,0,0,6,6,0,0,6,0.0,0,0,0.0,0.0,1.0
"((Fibrinogen > 0.000) U[0,1] (SepsisLabel = 0.000))
",-9999999.000,-9999999.000,0.000,0.000,1.000,0,0,0,6,6,0,0,6,0.0,0,0,0.0,0.0,1.0
"((Phosphate <= 0.000) U[1,1] (SepsisLabel = 0.000))
",0.000,0.000,0.000,0.000,1.000,0,0,0,6,6,0,0,6,0.0,0,0,0.0,0.0,1.0
"F[0,1](PaCO2 <= 0.000 & SepsisLabel = 0.000)
",-9999999.000,-9999999.000,0.000,0.000,1.000,0,0,0,6,6,0,0,6,0.0,0,0,0.0,0.0,1.0
"((Temp >= 4.737) U[2,2] (SepsisLabel = 0.000))
",0.000,0.000,0.000,0.000,1.000,0,0,0,6,6,0,0,6,0.0,0,0,0.0,0.0,1.0
"F[0,2](EtCO2 > 0.000 -> SepsisLabel = 0.000)
",-9999999.000,-9999999.000,0.000,0.000,1.000,0,0,0,6,6,0,0,6,0.0,0,0,0.0,0.0,1.0
"F[1,2](SBP > 13.033 -> SepsisLabel = 0.000)
",-9999999.000,-9999999.000,0.000,0.000,1.000,0,0,0,6,6,0,0,6,0.0,0,0,0.0,0.0,1.0
"((Alkalinephos <= 69.930) U[1,2] (SepsisLabel = 0.000))
",-9999999.000,-9999999.000,0.000,0.000,1.000,0,0,0,6,6,0,0,6,0.0,0,0,0.0,0.0,1.0
"F[0,0](Bilirubin_total <= 0.545 -> SepsisLabel = 0.000)
",0.030,0.039,0.000,0.000,1.000,0,0,0,6,6,0,0,6,0.0,0,0,0.0,0.0,1.0
"F[0,1](Glucose > 4.172 -> SepsisLabel = 0.000)
",-9999999.000,-9999999.000,0.000,0.000,1.000,0,0,0,6,6,0,0,6,0.0,0,0,0.0,0.0,1.0
"F[1,2](DBP > 31.667 -> SepsisLabel = 0.000)
",-9999999.000,-9999999.000,0.000,0.000,1.000,0,0,0,6,6,0,0,6,0.0,0,0,0.0,0.0,1.0
"((AST > 3.433) U[0,2] (SepsisLabel = 0.000))
",-9999999.000,-9999999.000,0.000,0.000,1.000,0,0,0,6,6,0,0,6,0.0,0,0,0.0,0.0,1.0
"((MAP >= 28.287) U[0,1] (SepsisLabel = 0.000))
",-9999999.000,-9999999.000,0.000,0.000,1.000,0,0,0,6,6,0,0,6,0.0,0,0,0.0,0.0,1.0
"F[0,0](DBP > 3.573 -> SepsisLabel = 0.000)
",-0.974,-48.130,0.000,0.000,1.000,0,0,0,6,6,0,0,6,0.0,0,0,0.0,0.0,1.0
"((HR < 83.786) U[0,1] (SepsisLabel = 0.000))
",-9999999.000,-9999999.000,0.000,0.000,1.000,0,0,0,6,6,0,0,6,0.0,0,0,0.0,0.0,1.0
"F[0,2]((HR >= 19.370 -> Resp >= 7.251) | Glucose >= 6.483)
",-9999999.000,-9999999.000,0.000,0.000,1.000,0,0,0,6,6,0,0,6,0.0,0,0,0.0,0.0,1.0
"F[0,2](((O2Sat >= 4.411 | SBP >= 49.845) | DBP >= 55.027) & Temp <= 84.946)
",-9999999.000,-9999999.000,0.000,0.000,1.000,0,0,0,6,6,0,0,6,0.0,0,0,0.0,0.0,1.0
"F[0,2]((O2Sat >= 4.505 -> Resp <= 13.046) | Temp <= 10.372)
",-9999999.000,-9999999.000,0.000,0.000,1.000,0,0,0,6,6,0,0,6,0.0,0,0,0.0,0.0,1.0
"((MAP <= 79.447) U[0,2] (O2Sat <= 83.249))
",-9999999.000,-9999999.000,0.000,0.000,1.000,0,0,0,6,6,0,0,6,0.0,0,0,0.0,0.0,1.0
"F[0,1](Glucose >= 7.187 -> O2Sat >= 1.870)
",-9999999.000,-9999999.000,0.000,0.000,1.000,0,0,0,6,6,0,0,6,0.0,0,0,0.0,0.0,1.0
"F[1,2](((Bilirubin_total >= 0.072 & O2Sat >= 8.390) & Potassium >= 12.086) & TroponinI <= 36.918)
",-9999999.000,-9999999.000,0.000,0.000,1.000,0,0,0,6,6,0,0,6,0.0,0,0,0.0,0.0,1.0
"F[0,0](((DBP <= 95.091 & HR <= 82.902) & Bilirubin_direct >= 47.038) -> Lactate <= 76.623)
",-1.651,-60.290,0.000,0.000,1.000,0,0,0,6,6,0,0,6,0.0,0,0,0.0,0.0,1.0
"F[0,2]((Resp >= 7.339 | SBP <= 134.397) & Hgb >= 37.148)
",-9999999.000,-9999999.000,0.000,0.000,1.000,0,0,0,6,6,0,0,6,0.0,0,0,0.0,0.0,1.0
"F[1,2](((MAP <= 70.243 -> SBP <= 101.317) & DBP <= 86.644) | WBC <= 142.565)
",-9999999.000,-9999999.000,0.000,0.000,1.000,0,0,0,6,6,0,0,6,0.0,0,0,0.0,0.0,1.0
"F[2,2](Creatinine <= 0.488 -> Platelets >= 12.977)
",-0.488,-0.488,0.000,0.000,1.000,0,0,0,6,6,0,0,6,0.0,0,0,0.0,0.0,1.0
"F[0,2](Calcium <= 5.778 | Potassium >= 0.241)
",-9999999.000,-9999999.000,0.000,0.000,1.000,0,0,0,6,6,0,0,6,0.0,0,0,0.0,0.0,1.0
"F[1,2](((BUN >= 1.245 | Glucose >= 7.133) | Calcium <= 92.252) -> Chloride <= 10.320)
",-9999999.000,-9999999.000,0.000,0.000,1.000,0,0,0,6,6,0,0,6,0.0,0,0,0.0,0.0,1.0
"F[0,2]((BUN >= 0.854 | Magnesium >= 0.101) & pH >= 0.048)
",-9999999.000,-9999999.000,0.000,0.000,1.000,0,0,0,6,6,0,0,6,0.0,0,0,0.0,0.0,1.0
"F[1,1](Bilirubin_total >= 0.038 -> SepsisLabel = 0.000)
",0.000,0.000,0.000,0.000,1.000,0,0,0,6,6,0,0,6,0.0,0,0,0.0,0.0,1.0
"((pH <= 0.000) U[0,2] (SepsisLabel = 0.000))
",-9999999.000,-9999999.000,0.000,0.000,1.000,0,0,0,6,6,0,0,6,0.0,0,0,0.0,0.0,1.0
"F[0,2](pH > 0.000 -> SepsisLabel = 0.000)
",-9999999.000,-9999999.000,0.000,0.000,1.000,0,0,0,6,6,0,0,6,0.0,0,0,0.0,0.0,1.0
"((PaCO2 <= 0.000) U[1,2] (SepsisLabel = 0.000))
",-9999999.000,-9999999.000,0.000,0.000,1.000,0,0,0,6,6,0,0,6,0.0,0,0,0.0,0.0,1.0
"F[0,2](((Bilirubin_total <= 0.793 | TroponinI >= 0.092) | Hct <= 1.355) | Temp <= 1.263)
",-9999999.000,-9999999.000,0.000,0.000,1.000,0,0,0,6,6,0,0,6,0.0,0,0,0.0,0.0,1.0
"F[1,2](((Calcium < 1.004 & Potassium < 1.279) & Magnesium < 1.205) & Phosphate < 0.000)
",-9999999.000,-9999999.000,0.000,0.000,1.000,0,0,0,6,6,0,0,6,0.0,0,0,0.0,0.0,1.0
"((MAP >= 17.796) U[2,2] (SBP <= 135.902))
",135.902,135.902,0.000,0.000,1.000,0,0,0,6,6,0,0,6,0.0,0,0,0.0,0.0,1.0
"F[2,2]((Phosphate >= 0.000 & Magnesium > 0.040) -> Calcium < 4.681)
",-4.681,-4.681,0.000,0.000,1.000,0,0,0,6,6,0,0,6,0.0,0,0,0.0,0.0,1.0
"F[0,2](((Calcium < 2.179 & Potassium < 2.327) & Magnesium < 0.891) & Phosphate < 0.000)
",-9999999.000,-9999999.000,0.000,0.000,1.000,0,0,0,6,6,0,0,6,0.0,0,0,0.0,0.0,1.0
"F[0,2]((Calcium <= 3.082 & Potassium <= 0.391) & Magnesium >= 0.055)
",-9999999.000,-9999999.000,0.000,0.000,1.000,0,0,0,6,6,0,0,6,0.0,0,0,0.0,0.0,1.0
"F[0,2](Hgb <= 8.381 | Hct <= 4.153)
",-9999999.000,-9999999.000,0.000,0.000,1.000,0,0,0,6,6,0,0,6,0.0,0,0,0.0,0.0,1.0
"F[0,1]((Phosphate >= 0.000 & Magnesium > 0.088) -> Calcium < 5.081)
",-9999999.000,-9999999.000,0.000,0.000,1.000,0,0,0,6,6,0,0,6,0.0,0,0,0.0,0.0,1.0
"F[1,2]((Calcium <= 3.430 & Potassium <= 2.844) & Magnesium >= 0.008)
",-9999999.000,-9999999.000,0.000,0.000,1.000,0,0,0,6,6,0,0,6,0.0,0,0,0.0,0.0,1.0
"F[1,2](Hgb <= 10.663 | Hct <= 22.756)
",-9999999.000,-9999999.000,0.000,0.000,1.000,0,0,0,6,6,0,0,6,0.0,0,0,0.0,0.0,1.0
"((MAP >= 48.970) U[0,2] (SBP <= 93.911))
",-9999999.000,-9999999.000,0.000,0.000,1.000,0,0,0,6,6,0,0,6,0.0,0,0,0.0,0.0,1.0
"F[0,1]((Phosphate >= 0.000 & Magnesium > 0.142) -> Calcium < 5.299)
",-9999999.000,-9999999.000,0.000,0.000,1.000,0,0,0,6,6,0,0,6,0.0,0,0,0.0,0.0,1.0
"F[0,2]((Calcium <= 2.772 & Potassium <= 0.489) & Magnesium >= 0.038)
",-9999999.000,-9999999.000,0.000,0.000,1.000,0,0,0,6,6,0,0,6,0.0,0,0,0.0,0.0,1.0
"F[2,2](Hgb <= 2.320 | Hct <= 13.567)
",13.567,13.567,0.000,0.000,1.000,0,0,0,6,6,0,0,6,0.0,0,0,0.0,0.0,1.0
"((MAP >= 47.693) U[0,2] (SBP <= 97.159))
",-9999999.000,-9999999.000,0.000,0.000,1.000,0,0,0,6,6,0,0,6,0.0,0,0,0.0,0.0,1.0
"F[1,2]((Phosphate >= 0.000 & Magnesium > 0.107) -> Calcium < 2.962)
",-9999999.000,-9999999.000,0.000,0.000,1.000,0,0,0,6,6,0,0,6,0.0,0,0,0.0,0.0,1.0
"F[1,2](((Calcium < 3.885 & Potassium < 1.880) & Magnesium < 1.916) & Phosphate < 0.000)
",-9999999.000,-9999999.000,0.000,0.000,1.000,0,0,0,6,6,0,0,6,0.0,0,0,0.0,0.0,1.0
"F[1,2](Hgb <= 11.016 | Hct <= 7.270)
",-9999999.000,-9999999.000,0.000,0.000,1.000,0,0,0,6,6,0,0,6,0.0,0,0,0.0,0.0,1.0
"F[0,2]((Phosphate >= 0.000 & Magnesium > 0.037) -> Calcium < 6.768)
",-9999999.000,-9999999.000,0.000,0.000,1.000,0,0,0,6,6,0,0,6,0.0,0,0,0.0,0.0,1.0
"((SaO2 >= 0.000) U[0,1] (SepsisLabel = 0.000))
",-9999999.000,-9999999.000,0.000,0.000,1.000,0,0,0,6,6,0,0,6,0.0,0,0,0.0,0.0,1.0
"F[0,2](Hgb <= 11.107 | Hct <= 26.003)
",-9999999.000,-9999999.000,0.000,0.000,1.000,0,0,0,6,6,0,0,6,0.0,0,0,0.0,0.0,1.0
"((Potassium <= 2.054) U[0,2] (SepsisLabel = 0.000))
",-9999999.000,-9999999.000,0.000,0.000,1.000,0,0,0,6,6,0,0,6,0.0,0,0,0.0,0.0,1.0
"((DBP <= 78.240) U[0,2] (SepsisLabel = 0.000))
",-9999999.000,-9999999.000,0.000,0.000,1.000,0,0,0,6,6,0,0,6,0.0,0,0,0.0,0.0,1.0
"F[0,2]((Phosphate >= 0.000 & Magnesium > 0.017) -> Calcium < 1.839)
",-9999999.000,-9999999.000,0.000,0.000,1.000,0,0,0,6,6,0,0,6,0.0,0,0,0.0,0.0,1.0
"F[0,1](Hgb <= 2.944 | Hct <= 8.987)
",-9999999.000,-9999999.000,0.000,0.000,1.000,0,0,0,6,6,0,0,6,0.0,0,0,0.0,0.0,1.0
"((MAP >= 8.188) U[2,2] (SBP <= 145.190))
",145.190,145.190,0.000,0.000,1.000,0,0,0,6,6,0,0,6,0.0,0,0,0.0,0.0,1.0
"F[0,1]((Phosphate >= 0.000 & Magnesium > 0.079) -> Calcium < 2.153)
",-9999999.000,-9999999.000,0.000,0.000,1.000,0,0,0,6,6,0,0,6,0.0,0,0,0.0,0.0,1.0
"F[2,2](Hgb <= 8.860 | Hct <= 7.105)
",8.860,8.860,0.000,0.000,1.000,0,0,0,6,6,0,0,6,0.0,0,0,0.0,0.0,1.0
"F[1,2]((Phosphate >= 0.000 & Magnesium > 0.151) -> Calcium < 2.087)
",-9999999.000,-9999999.000,0.000,0.000,1.000,0,0,0,6,6,0,0,6,0.0,0,0,0.0,0.0,1.0
"F[0,2](Hgb <= 11.452 | Hct <= 31.520)
",-9999999.000,-9999999.000,0.000,0.000,1.000,0,0,0,6,6,0,0,6,0.0,0,0,0.0,0.0,1.0
"((MAP >= 27.715) U[0,2] (SBP <= 76.392))
",-9999999.000,-9999999.000,0.000,0.000,1.000,0,0,0,6,6,0,0,6,0.0,0,0,0.0,0.0,1.0
"F[0,2](((Calcium < 3.201 & Potassium < 1.523) & Magnesium < 1.155) & Phosphate < 0.000)
",-9999999.000,-9999999.000,0.000,0.000,1.000,0,0,0,6,6,0,0,6,0.0,0,0,0.0,0.0,1.0
"F[0,0](Hgb <= 3.823 | Hct <= 14.925)
",18.088,14.396,0.000,0.000,1.000,0,0,0,6,6,0,0,6,0.0,0,0,0.0,0.0,1.0
"((MAP >= 38.277) U[2,2] (SBP <= 91.524))
",6440459524919985.000,91.524,0.000,0.000,1.000,0,0,0,6,6,0,0,6,0.0,0,0,0.0,0.0,1.0
"F[0,0]((Phosphate >= 0.000 & Magnesium > 0.151) -> Calcium < 8.264)
",-2.188,-6.861,0.000,0.000,1.000,0,0,0,6,6,0,0,6,0.0,0,0,0.0,0.0,1.0
"F[1,2]((Calcium <= 1.588 & Potassium <= 1.365) & Magnesium >= 0.024)
",-9999999.000,-9999999.000,0.000,0.000,1.000,0,0,0,6,6,0,0,6,0.0,0,0,0.0,0.0,1.0
"F[1,2](AST >= 3.377 | MAP >= 27.278)
",-9999999.000,-9999999.000,0.000,0.000,1.000,0,0,0,6,6,0,0,6,0.0,0,0,0.0,0.0,1.0
"F[1,2](((Hgb <= 3.470 & MAP >= 48.713) | Bilirubin_total >= 33.270) & PaCO2 <= 91.552)
",-9999999.000,-9999999.000,0.000,0.000,1.000,0,0,0,6,6,0,0,6,0.0,0,0,0.0,0.0,1.0
"F[0,2](((Bilirubin_total >= 0.011 & MAP <= 118.640) | EtCO2 >= 3.263) | Lactate <= 86.719)
",-9999999.000,-9999999.000,0.000,0.000,1.000,0,0,0,6,6,0,0,6,0.0,0,0,0.0,0.0,1.0
"F[0,2](((MAP >= 20.203 & PTT >= 0.000) & Potassium >= 0.000) -> Hgb <= 0.000)
",-9999999.000,-9999999.000,0.000,0.000,1.000,0,0,0,6,6,0,0,6,0.0,0,0,0.0,0.0,1.0
"F[0,2]((Calcium <= 3.476 & Potassium <= 0.909) & Magnesium >= 0.013)
",-9999999.000,-9999999.000,0.000,0.000,1.000,0,0,0,6,6,0,0,6,0.0,0,0,0.0,0.0,1.0
"((pH >= 0.000) U[1,2] (EtCO2 <= 0.000))
",-9999999.000,-9999999.000,0.000,0.000,1.000,0,0,0,6,6,0,0,6,0.0,0,0,0.0,0.0,1.0
"F[2,2](((Potassium >= 0.143 & Potassium <= 1.994) & Lactate <= 1.473) | Bilirubin_direct >= 0.206)
",-0.143,-0.143,0.000,0.000,1.000,0,0,0,6,6,0,0,6,0.0,0,0,0.0,0.0,1.0
"F[0,2](((Platelets <= 129.894 & DBP >= 17.583) & Glucose <= 85.781) | Creatinine <= 74.379)
",-9999999.000,-9999999.000,0.000,0.000,1.000,0,0,0,6,6,0,0,6,0.0,0,0,0.0,0.0,1.0
"F[2,2](((WBC >= 0.125 & Hct >= 0.393) | Resp >= 2.681) -> PTT >= 1.242)
",7081278359967089.000,0.393,0.000,0.000,1.000,0,0,0,6,6,0,0,6,0.0,0,0,0.0,0.0,1.0
"F[2,2](((Temp <= 24.824 | Temp <= 32.303) & Fibrinogen <= 10.176) | Platelets <= 35.696)
",35.696,35.696,0.000,0.000,1.000,0,0,0,6,6,0,0,6,0.0,0,0,0.0,0.0,1.0
"((Fibrinogen <= 0.000) U[0,2] (Lactate <= 0.000))
",-9999999.000,-9999999.000,0.000,0.000,1.000,0,0,0,6,6,0,0,6,0.0,0,0,0.0,0.0,1.0
"F[0,2](((SBP >= 10.532 -> Glucose <= 44.844) & BaseExcess >= 6.489) -> Creatinine <= 90.154)
",-9999999.000,-9999999.000,0.000,0.000,1.000,0,0,0,6,6,0,0,6,0.0,0,0,0.0,0.0,1.0
"F[1,2](Platelets <= 143.806 | BaseExcess <= 0.000)
",-9999999.000,-9999999.000,0.000,0.000,1.000,0,0,0,6,6,0,0,6,0.0,0,0,0.0,0.0,1.0
"F[0,1]((Temp >= 0.530 -> FiO2 <= 0.000) -> Lactate <= 0.000)
",-9999999.000,-9999999.000,0.000,0.000,1.000,0,0,0,6,6,0,0,6,0.0,0,0,0.0,0.0,1.0
"((Hgb >= 0.225) U[0,2] (SepsisLabel >= 0.000))
",-9999999.000,-9999999.000,0.000,0.000,1.000,0,0,0,6,6,0,0,6,0.0,0,0,0.0,0.0,1.0
"F[1,2]((Lactate >= 0.000 -> FiO2 >= 0.000) & Magnesium >= 0.000)
",-9999999.000,-9999999.000,0.000,0.000,1.000,0,0,0,6,6,0,0,6,0.0,0,0,0.0,0.0,1.0
"F[0,2](Fibrinogen >= 0.000 -> Glucose >= 0.625)
",-9999999.000,-9999999.000,0.000,0.000,1.000,0,0,0,6,6,0,0,6,0.0,0,0,0.0,0.0,1.0
"F[0,1](((TroponinI <= 0.701 | Creatinine <= 0.878) | Calcium >= 0.061) & SepsisLabel <= 0.580)
",-9999999.000,-9999999.000,0.000,0.000,1.000,0,0,0,6,6,0,0,6,0.0,0,0,0.0,0.0,1.0
"F[1,2](Fibrinogen <= 0.000 -> Resp <= 11.224)
",-9999999.000,-9999999.000,0.000,0.000,1.000,0,0,0,6,6,0,0,6,0.0,0,0,0.0,0.0,1.0
"F[1,2](Glucose >= 5.274 & SaO2 >= 0.000)
",-9999999.000,-9999999.000,0.000,0.000,1.000,0,0,0,6,6,0,0,6,0.0,0,0,0.0,0.0,1.0
"((Platelets <= 48.540) U[0,2] (BUN >= 0.279))
",-9999999.000,-9999999.000,0.000,0.000,1.000,0,0,0,6,6,0,0,6,0.0,0,0,0.0,0.0,1.0
"F[0,1](((Glucose >= 4.039 -> TroponinI <= 0.634) | Calcium <= 0.520) | Hgb >= 0.205)
",-9999999.000,-9999999.000,0.000,0.000,1.000,0,0,0,6,6,0,0,6,0.0,0,0,0.0,0.0,1.0
"F[1,2](((PaCO2 <= 0.000 & Calcium <= 2.194) | HCO3 >= 0.087) | AST >= 0.276)
",-9999999.000,-9999999.000,0.000,0.000,1.000,0,0,0,6,6,0,0,6,0.0,0,0,0.0,0.0,1.0
"F[1,1]((FiO2 <= 0.000 | Temp <= 23.902) | Resp <= 13.125)
",23.902,23.902,0.000,0.000,1.000,0,0,0,6,6,0,0,6,0.0,0,0,0.0,0.0,1.0
"F[0,0](Bilirubin_direct <= 0.000 | O2Sat <= 69.090)
",0.438,11.325,0.000,0.000,1.000,0,0,0,6,6,0,0,6,0.0,0,0,0.0,0.0,1.0
"F[0,1](((Temp >= 8.065 | FiO2 <= 0.000) -> SepsisLabel >= 0.000) | Magnesium <= 0.000)
",-9999999.000,-9999999.000,0.000,0.000,1.000,0,0,0,6,6,0,0,6,0.0,0,0,0.0,0.0,1.0
"F[0,1](((Glucose <= 17.407 & Bilirubin_direct >= 0.000) -> PaCO2 <= 0.000) | PTT >= 0.000)
",-9999999.000,-9999999.000,0.000,0.000,1.000,0,0,0,6,6,0,0,6,0.0,0,0,0.0,0.0,1.0
"F[1,2]((SaO2 >= 0.000 & TroponinI <= 1.612) & HR >= 0.038)
",-9999999.000,-9999999.000,0.000,0.000,1.000,0,0,0,6,6,0,0,6,0.0,0,0,0.0,0.0,1.0
"F[0,2]((AST <= 22.862 -> DBP >= 11.775) & BUN >= 34.613)
",-9999999.000,-9999999.000,0.000,0.000,1.000,0,0,0,6,6,0,0,6,0.0,0,0,0.0,0.0,1.0
"F[2,2](AST <= 28.523 | DBP >= 22.358)
",8028506860410543.000,28.523,0.000,0.000,1.000,0,0,0,6,6,0,0,6,0.0,0,0,0.0,0.0,1.0
"F[1,2](((Hct >= 0.842 | MAP >= 25.152) -> Calcium >= 15.583) | Platelets >= 39.360)
",-9999999.000,-9999999.000,0.000,0.000,1.000,0,0,0,6,6,0,0,6,0.0,0,0,0.0,0.0,1.0
"F[1,2](((HCO3 >= 0.000 | Potassium <= 1.891) & O2Sat <= 2.872) | Magnesium <= 1.406)
",-9999999.000,-9999999.000,0.000,0.000,1.000,0,0,0,6,6,0,0,6,0.0,0,0,0.0,0.0,1.0
"F[0,0](((Magnesium >= 0.116 -> DBP >= 20.793) -> Magnesium <= 86.657) | O2Sat <= 72.496)
",0.250,7.329,0.000,0.000,1.000,0,0,0,6,6,0,0,6,0.0,0,0,0.0,0.0,1.0
"F[1,2](((FiO2 <= 0.000 | Chloride >= 0.000) -> SBP >= 0.000) | HCO3 >= 0.000)
",-9999999.000,-9999999.000,0.000,0.000,1.000,0,0,0,6,6,0,0,6,0.0,0,0,0.0,0.0,1.0
"F[0,0](EtCO2 >= 0.000 | Creatinine <= 0.311)
",0.490,3.593,0.000,0.000,1.000,0,0,0,6,6,0,0,6,0.0,0,0,0.0,0.0,1.0
"F[2,2]((Potassium <= 0.763 | SBP >= 27.092) -> Chloride >= 16.276)
",-6871128130907305.000,-0.763,0.000,0.000,1.000,0,0,0,6,6,0,0,6,0.0,0,0,0.0,0.0,1.0
"F[2,2]((Lactate <= 0.000 & Resp <= 8.450) | DBP >= 2.066)
",0.000,0.000,0.000,0.000,1.000,0,0,0,6,6,0,0,6,0.0,0,0,0.0,0.0,1.0
"((Phosphate <= 0.000) U[2,2] (Platelets <= 107.389))
",107.389,107.389,0.000,0.000,1.000,0,0,0,6,6,0,0,6,0.0,0,0,0.0,0.0,1.0
"F[0,0](((PTT >= 0.000 | Creatinine <= 0.251) | EtCO2 <= 0.824) -> HCO3 <= 0.290)
",-0.651,-2.637,0.000,0.000,1.000,0,0,0,6,6,0,0,6,0.0,0,0,0.0,0.0,1.0
"F[2,2]((Calcium >= 0.004 | FiO2 >= 0.000) & HR >= 0.000)
",0.000,0.000,0.000,0.000,1.000,0,0,0,6,6,0,0,6,0.0,0,0,0.0,0.0,1.0
"F[0,0](((FiO2 >= 0.000 | HR >= 2.518) | Bilirubin_total >= 40.273) -> Magnesium <= 84.401)
",-5644475502669089.000,-20534.482,0.000,0.000,1.000,0,0,0,6,6,0,0,6,0.0,0,0,0.0,0.0,1.0
"F[1,2](((WBC >= 0.328 | PaCO2 <= 0.000) & DBP >= 0.000) | Bilirubin_direct <= 0.000)
",-9999999.000,-9999999.000,0.000,0.000,1.000,0,0,0,6,6,0,0,6,0.0,0,0,0.0,0.0,1.0
"F[1,2]((AST <= 14.493 | HR <= 60.155) | SaO2 <= 64.574)
",-9999999.000,-9999999.000,0.000,0.000,1.000,0,0,0,6,6,0,0,6,0.0,0,0,0.0,0.0,1.0
"F[0,2](O2Sat <= 67.531 & TroponinI >= 0.160)
",-9999999.000,-9999999.000,0.000,0.000,1.000,0,0,0,6,6,0,0,6,0.0,0,0,0.0,0.0,1.0
"F[2,2](((Temp <= 24.632 & TroponinI <= 1.696) & TroponinI <= 1.380) | Creatinine >= 0.188)
",1.380,1.380,0.000,0.000,1.000,0,0,0,6,6,0,0,6,0.0,0,0,0.0,0.0,1.0
"((DBP >= 17.630) U[0,2] (Temp >= 3.675))
",-9999999.000,-9999999.000,0.000,0.000,1.000,0,0,0,6,6,0,0,6,0.0,0,0,0.0,0.0,1.0
"F[0,2]((Potassium <= 2.399 -> SBP >= 10.881) -> Bilirubin_direct <= 74.021)
",-9999999.000,-9999999.000,0.000,0.000,1.000,0,0,0,6,6,0,0,6,0.0,0,0,0.0,0.0,1.0
"F[1,2](Magnesium >= 0.008 & SBP <= 131.916)
",-9999999.000,-9999999.000,0.000,0.000,1.000,0,0,0,6,6,0,0,6,0.0,0,0,0.0,0.0,1.0
"F[2,2](((Potassium <= 2.161 & Resp <= 13.104) & SBP <= 10.002) | Lactate >= 3.798)
",2.161,2.161,0.000,0.000,1.000,0,0,0,6,6,0,0,6,0.0,0,0,0.0,0.0,1.0
"F[0,2](((Platelets >= 8.434 -> Resp <= 11.267) | Phosphate >= 2.536) | DBP >= 7.565)
",-9999999.000,-9999999.000,0.000,0.000,1.000,0,0,0,6,6,0,0,6,0.0,0,0,0.0,0.0,1.0
"F[1,2](Bilirubin_total <= 0.316 | Resp <= 14.103)
",-9999999.000,-9999999.000,0.000,0.000,1.000,0,0,0,6,6,0,0,6,0.0,0,0,0.0,0.0,1.0
"F[2,2](AST <= 28.971 & Resp >= 0.539)
",-0.539,-0.539,0.000,0.000,1.000,0,0,0,6,6,0,0,6,0.0,0,0,0.0,0.0,1.0
"F[1,1](((DBP <= 70.074 & Hgb <= 3.807) -> HCO3 >= 0.171) | Fibrinogen <= 8.183)
",8.183,8.183,0.000,0.000,1.000,0,0,0,6,6,0,0,6,0.0,0,0,0.0,0.0,1.0
"F[0,1](((DBP <= 56.640 -> Glucose >= 0.537) | Hgb <= 27.119) | WBC <= 68.244)
",-9999999.000,-9999999.000,0.000,0.000,1.000,0,0,0,6,6,0,0,6,0.0,0,0,0.0,0.0,1.0
"F[0,2](((DBP <= 81.543 | Magnesium >= 0.143) -> HR <= 0.287) & SBP >= 0.127)
",-9999999.000,-9999999.000,0.000,0.000,1.000,0,0,0,6,6,0,0,6,0.0,0,0,0.0,0.0,1.0
"F[1,2]((Platelets >= 2.457 | TroponinI >= 0.242) | Resp <= 0.580)
",-9999999.000,-9999999.000,0.000,0.000,1.000,0,0,0,6,6,0,0,6,0.0,0,0,0.0,0.0,1.0
"F[0,2](Potassium <= 2.513 & TroponinI <= 0.354)
",-9999999.000,-9999999.000,0.000,0.000,1.000,0,0,0,6,6,0,0,6,0.0,0,0,0.0,0.0,1.0
"F[0,1](((Calcium >= 0.267 & HR <= 66.222) | Hgb <= 59.947) | O2Sat >= 15.696)
",-9999999.000,-9999999.000,0.000,0.000,1.000,0,0,0,6,6,0,0,6,0.0,0,0,0.0,0.0,1.0
"((HR >= 13.016) U[0,0] (Platelets <= 134.257))
",20523.984,20523.984,0.000,0.000,1.000,0,0,0,6,6,0,0,6,0.0,0,0,0.0,0.0,1.0
"F[1,1](((Glucose >= 3.435 & HR <= 78.237) | HCO3 >= 3.001) -> SBP >= 42.550)
",3.001,3.001,0.000,0.000,1.000,0,0,0,6,6,0,0,6,0.0,0,0,0.0,0.0,1.0
"F[1,2](DBP <= 83.759 -> Hgb <= 9.326)
",-9999999.000,-9999999.000,0.000,0.000,1.000,0,0,0,6,6,0,0,6,0.0,0,0,0.0,0.0,1.0
"F[0,1]((HCO3 >= 0.000 & Hgb <= 9.969) & Hgb <= 9.919)
",-9999999.000,-9999999.000,0.000,0.000,1.000,0,0,0,6,6,0,0,6,0.0,0,0,0.0,0.0,1.0
"F[1,2]((EtCO2 <= 0.000 | Hgb <= 6.483) | Calcium >= 0.428)
",-9999999.000,-9999999.000,0.000,0.000,1.000,0,0,0,6,6,0,0,6,0.0,0,0,0.0,0.0,1.0
"F[0,2](((FiO2 <= 0.000 -> WBC >= 0.135) | Fibrinogen <= 1.863) | Bilirubin_total <= 1.513)
",-9999999.000,-9999999.000,0.000,0.000,1.000,0,0,0,6,6,0,0,6,0.0,0,0,0.0,0.0,1.0
"F[0,0](((DBP <= 63.922 -> Calcium >= 0.323) -> Alkalinephos <= 6.986) | Alkalinephos <= 1.977)
",0.928,3.817,0.000,0.000,1.000,0,0,0,6,6,0,0,6,0.0,0,0,0.0,0.0,1.0
"F[0,2](pH <= 0.000 -> Phosphate <= 0.000)
",-9999999.000,-9999999.000,0.000,0.000,1.000,0,0,0,6,6,0,0,6,0.0,0,0,0.0,0.0,1.0
"F[2,2](Creatinine <= 0.890 | Platelets <= 190.891)
",190.891,190.891,0.000,0.000,1.000,0,0,0,6,6,0,0,6,0.0,0,0,0.0,0.0,1.0
"((Hct >= 2.793) U[0,1] (BaseExcess <= 0.000))
",-9999999.000,-9999999.000,0.000,0.000,1.000,0,0,0,6,6,0,0,6,0.0,0,0,0.0,0.0,1.0
"F[0,1](Magnesium <= 1.884 & Temp <= 36.306)
",-9999999.000,-9999999.000,0.000,0.000,1.000,0,0,0,6,6,0,0,6,0.0,0,0,0.0,0.0,1.0
"F[2,2]((Lactate <= 0.000 | MAP >= 41.494) -> Fibrinogen >= 31.238)
",0.000,0.000,0.000,0.000,1.000,0,0,0,6,6,0,0,6,0.0,0,0,0.0,0.0,1.0
"F[2,2](Hgb >= 0.641 & Platelets >= 1.833)
",-1.833,-1.833,0.000,0.000,1.000,0,0,0,6,6,0,0,6,0.0,0,0,0.0,0.0,1.0
"F[0,1]((MAP <= 82.378 & TroponinI >= 0.075) | Hgb <= 0.797)
",-9999999.000,-9999999.000,0.000,0.000,1.000,0,0,0,6,6,0,0,6,0.0,0,0,0.0,0.0,1.0
"F[0,2](((MAP <= 93.978 | Temp <= 30.781) -> Temp <= 9.999) & Bilirubin_direct >= 1.386)
",-9999999.000,-9999999.000,0.000,0.000,1.000,0,0,0,6,6,0,0,6,0.0,0,0,0.0,0.0,1.0
"F[1,2](((SBP >= 1.841 & TroponinI <= 1.379) | FiO2 <= 0.859) | O2Sat >= 0.184)
",-9999999.000,-9999999.000,0.000,0.000,1.000,0,0,0,6,6,0,0,6,0.0,0,0,0.0,0.0,1.0
"F[1,2]((Glucose >= 0.005 | Temp >= 3.075) & HR <= 14.615)
",-9999999.000,-9999999.000,0.000,0.000,1.000,0,0,0,6,6,0,0,6,0.0,0,0,0.0,0.0,1.0
"F[0,0](((MAP >= 41.727 -> Fibrinogen <= 0.000) & HR <= 0.000) -> TroponinI >= 0.000)
",-0.447,-0.217,0.000,0.000,1.000,0,0,0,6,6,0,0,6,0.0,0,0,0.0,0.0,1.0
