Rule,Discrimination Score,Pos Robustness,Neg Robustness,Percent Class +,Percent Class -,TP,TN,FP,FN,Actual Yes,Actual No,Predicted Yes,Predicted No,TPR/Sens,TNR/Spec,FPR,Precision,Accuracy,MCR,Class
"G[0,0](((Lactate >= 0.048 | MAP >= 70.328) & BaseExcess >= 72.163) -> EtCO2 <= 79.897)
",-21.759,-65.351,0.000,1.000,0.000,12,0,0,0,12,0,12,0,1.0,0.0,0.0,1.0,1.0434782608695652,-0.04347826086956519,1
"G[0,0]((Alkalinephos <= 0.000 | Potassium >= 0.866) | Platelets <= 2.920)
",2.920,2.920,0.000,1.000,0.000,12,0,0,0,12,0,12,0,1.0,0.0,0.0,1.0,1.0434782608695652,-0.04347826086956519,1
"F[0,0]((PaCO2 <= 16.966 & PTT >= 0.021) & Platelets <= 9.464)
",0.308,0.788,0.000,0.000,1.000,12,0,0,0,12,0,12,0,1.0,0.0,0.0,1.0,1.0434782608695652,-0.04347826086956519,-1
"F[0,0](((Calcium < 0.000 & Potassium < 3.800) & Magnesium < 2.277) & Phosphate < 0.000)
",0.000,0.000,0.000,0.000,1.000,12,0,0,0,12,0,12,0,1.0,0.0,0.0,1.0,1.0434782608695652,-0.04347826086956519,-1
"F[0,0]((Lactate >= 0.015 & Lactate <= 0.370) & Bilirubin_direct <= 0.483)
",-0.318,-3.525,0.000,0.000,1.000,12,0,0,0,12,0,12,0,1.0,0.0,0.0,1.0,1.0434782608695652,-0.04347826086956519,-1
"F[0,0]((HCO3 >= 1.951 | SBP >= 89.896) & DBP >= 96.881)
",-3.565,-26.199,0.000,0.000,1.000,12,0,0,0,12,0,12,0,1.0,0.0,0.0,1.0,1.0434782608695652,-0.04347826086956519,-1
"F[0,0](((Calcium < 0.000 & Potassium < 1.463) & Magnesium < 2.405) & Phosphate < 0.000)
",0.000,0.000,0.000,0.000,1.000,12,0,0,0,12,0,12,0,1.0,0.0,0.0,1.0,1.0434782608695652,-0.04347826086956519,-1
"F[0,0]((Hct >= 1.665 | PaCO2 <= 37.530) -> Fibrinogen >= 4.839)
",-12.705,-36.187,0.000,0.000,1.000,12,0,0,0,12,0,12,0,1.0,0.0,0.0,1.0,1.0434782608695652,-0.04347826086956519,-1
"F[0,0](((Calcium < 0.000 & Potassium < 2.422) & Magnesium < 0.935) & Phosphate < 0.000)
",0.000,0.000,0.000,0.000,1.000,12,0,0,0,12,0,12,0,1.0,0.0,0.0,1.0,1.0434782608695652,-0.04347826086956519,-1
"F[0,0]((Calcium <= 0.000 & Potassium <= 1.834) & Magnesium >= 0.158)
",-5677457370694819.000,-0.158,0.000,0.000,1.000,12,0,0,0,12,0,12,0,1.0,0.0,0.0,1.0,1.0434782608695652,-0.04347826086956519,-1
"G[0,0](MAP > 70.513 -> SepsisLabel = 0.000)
",-5.598,-24.487,0.000,1.000,0.000,12,0,0,0,12,0,12,0,1.0,0.0,0.0,1.0,1.0434782608695652,-0.04347826086956519,1
"F[0,0](((Calcium < 0.000 & Potassium < 4.597) & Magnesium < 1.333) & Phosphate < 0.000)
",0.000,0.000,0.000,0.000,1.000,12,0,0,0,12,0,12,0,1.0,0.0,0.0,1.0,1.0434782608695652,-0.04347826086956519,-1
"G[0,0](((Phosphate >= 0.000 & PaCO2 <= 15.440) -> WBC >= 0.651) -> Fibrinogen <= 34.027)
",-11.640,-33.127,0.000,1.000,0.000,12,0,0,0,12,0,12,0,1.0,0.0,0.0,1.0,1.0434782608695652,-0.04347826086956519,1
"F[0,0](((DBP <= 59.763 | SBP >= 89.623) -> EtCO2 >= 89.029) | TroponinI >= 94.797)
",1.486,10.919,0.000,0.000,1.000,12,0,0,0,12,0,12,0,1.0,0.0,0.0,1.0,1.0434782608695652,-0.04347826086956519,-1
"G[0,0](((Magnesium <= 0.962 | Chloride >= 8.491) & Fibrinogen <= 41.654) | AST <= 56.098)
",3.223,51.086,0.000,1.000,0.000,12,0,0,0,12,0,12,0,1.0,0.0,0.0,1.0,1.0434782608695652,-0.04347826086956519,1
"G[0,0](pH <= 4.446 | Potassium >= 0.388)
",30.613,4.400,0.000,1.000,0.000,12,0,0,0,12,0,12,0,1.0,0.0,0.0,1.0,1.0434782608695652,-0.04347826086956519,1
"G[0,0](MAP >= 61.922 | Phosphate >= 0.000)
",7.561,33.078,0.000,1.000,0.000,12,0,0,0,12,0,12,0,1.0,0.0,0.0,1.0,1.0434782608695652,-0.04347826086956519,1
"G[0,0](Temp <= 36.310 -> DBP <= 78.732)
",-1.095,-8.050,0.000,1.000,0.000,12,0,0,0,12,0,12,0,1.0,0.0,0.0,1.0,1.0434782608695652,-0.04347826086956519,1
"G[0,0](Glucose > 6.203 -> SepsisLabel = 0.000)
",0.316,0.564,0.000,1.000,0.000,12,0,0,0,12,0,12,0,1.0,0.0,0.0,1.0,1.0434782608695652,-0.04347826086956519,1
"G[0,0](((Hct <= 16.187 | Phosphate <= 0.000) -> Potassium <= 0.000) -> Potassium >= 0.000)
",0.000,0.000,0.000,1.000,0.000,12,0,0,0,12,0,12,0,1.0,0.0,0.0,1.0,1.0434782608695652,-0.04347826086956519,1
"G[0,0](WBC >= 1.074 -> SepsisLabel = 0.000)
",0.316,0.098,0.000,1.000,0.000,12,0,0,0,12,0,12,0,1.0,0.0,0.0,1.0,1.0434782608695652,-0.04347826086956519,1
"G[0,0](PTT >= 0.391 -> AST >= 0.000)
",-0.345,-9.683,0.000,1.000,0.000,12,0,0,0,12,0,12,0,1.0,0.0,0.0,1.0,1.0434782608695652,-0.04347826086956519,1
"G[0,0]((Lactate >= 0.043 & PTT >= 0.485) | Lactate <= 5.969)
",8.802,6.191,0.000,1.000,0.000,12,0,0,0,12,0,12,0,1.0,0.0,0.0,1.0,1.0434782608695652,-0.04347826086956519,1
"G[0,0](((WBC <= 4.142 & Creatinine <= 0.588) | O2Sat >= 0.024) | Magnesium >= 0.044)
",16.223,87.795,0.000,1.000,0.000,12,0,0,0,12,0,12,0,1.0,0.0,0.0,1.0,1.0434782608695652,-0.04347826086956519,1
"G[0,0](((PTT <= 22.752 | SaO2 <= 66.096) & Potassium <= 59.837) | SepsisLabel <= 37.734)
",4.955,54.760,0.000,1.000,0.000,12,0,0,0,12,0,12,0,1.0,0.0,0.0,1.0,1.0434782608695652,-0.04347826086956519,1
"F[0,1](Hgb >= 0.308 & Potassium <= 2.827)
",-9999999.000,-9999999.000,0.000,0.000,1.000,11,0,0,1,12,0,11,1,0.9166666666666666,0.0,0.0,1.0,0.9565217391304348,0.04347826086956519,-1
"F[1,1]((Calcium <= 0.000 & Potassium <= 3.484) & Magnesium >= 0.170)
",-6118680070456559.000,-0.170,0.000,0.000,1.000,11,0,0,1,12,0,11,1,0.9166666666666666,0.0,0.0,1.0,0.9565217391304348,0.04347826086956519,-1
"F[1,1]((Calcium <= 0.000 & Potassium <= 3.856) & Magnesium >= 0.155)
",-5592168028184302.000,-0.155,0.000,0.000,1.000,11,0,0,1,12,0,11,1,0.9166666666666666,0.0,0.0,1.0,0.9565217391304348,0.04347826086956519,-1
"F[1,1](((MAP <= 74.327 & Resp >= 14.592) & Fibrinogen >= 12.575) & Temp >= 13.544)
",-4107373258782285.000,-14.592,0.000,0.000,1.000,11,0,0,1,12,0,11,1,0.9166666666666666,0.0,0.0,1.0,0.9565217391304348,0.04347826086956519,-1
"F[1,1]((Calcium <= 0.000 & Potassium <= 3.079) & Magnesium >= 0.060)
",-4353181960980957.000,-0.060,0.000,0.000,1.000,11,0,0,1,12,0,11,1,0.9166666666666666,0.0,0.0,1.0,0.9565217391304348,0.04347826086956519,-1
"F[1,1](((Calcium < 0.000 & Potassium < 3.404) & Magnesium < 1.060) & Phosphate < 0.000)
",0.000,0.000,0.000,0.000,1.000,11,0,0,1,12,0,11,1,0.9166666666666666,0.0,0.0,1.0,0.9565217391304348,0.04347826086956519,-1
"F[0,1](Calcium > 0.000 & SepsisLabel = 0.000)
",-9999999.000,-9999999.000,0.000,0.000,1.000,11,0,0,1,12,0,11,1,0.9166666666666666,0.0,0.0,1.0,0.9565217391304348,0.04347826086956519,-1
"((WBC >= 0.141) U[1,1] (PTT >= 0.402))
",-5074432876415005.000,-0.141,0.000,0.000,1.000,11,0,0,1,12,0,11,1,0.9166666666666666,0.0,0.0,1.0,0.9565217391304348,0.04347826086956519,-1
"F[0,1](((Magnesium >= 0.076 -> SaO2 >= 2.604) -> Phosphate >= 4.960) & FiO2 >= 2.616)
",-9999999.000,-9999999.000,0.000,0.000,1.000,11,0,0,1,12,0,11,1,0.9166666666666666,0.0,0.0,1.0,0.9565217391304348,0.04347826086956519,-1
"F[0,1](((DBP <= 56.990 & SaO2 <= 90.229) -> O2Sat >= 5.367) -> EtCO2 >= 1.589)
",-9999999.000,-9999999.000,0.000,0.000,1.000,11,0,0,1,12,0,11,1,0.9166666666666666,0.0,0.0,1.0,0.9565217391304348,0.04347826086956519,-1
"((Creatinine >= 0.040) U[1,1] (Temp <= 33.543))
",4720760065530678.000,33.543,0.000,0.000,1.000,11,0,0,1,12,0,11,1,0.9166666666666666,0.0,0.0,1.0,0.9565217391304348,0.04347826086956519,-1
"F[0,1](((Creatinine >= 0.005 & Glucose <= 21.850) -> PTT <= 80.216) & Bilirubin_direct >= 11.653)
",-9999999.000,-9999999.000,0.000,0.000,1.000,11,0,0,1,12,0,11,1,0.9166666666666666,0.0,0.0,1.0,0.9565217391304348,0.04347826086956519,-1
"((BaseExcess <= -0.038) U[0,0] (pH >= 0.622))
",-5456815527501297.000,-0.038,0.000,0.000,1.000,11,0,0,1,12,0,11,1,0.9166666666666666,0.0,0.0,1.0,0.9565217391304348,0.04347826086956519,-1
"F[0,1](Alkalinephos < 0.000 & SepsisLabel = 0.000)
",-9999999.000,-9999999.000,0.000,0.000,1.000,11,0,0,1,12,0,11,1,0.9166666666666666,0.0,0.0,1.0,0.9565217391304348,0.04347826086956519,-1
"((Lactate >= 0.056) U[1,1] (Temp <= 36.428))
",36.428,36.428,0.000,0.000,1.000,11,0,0,1,12,0,11,1,0.9166666666666666,0.0,0.0,1.0,0.9565217391304348,0.04347826086956519,-1
"F[0,1](((Temp <= 35.291 & SaO2 >= 1.396) | Potassium >= 7.755) | O2Sat <= 52.542)
",-9999999.000,-9999999.000,0.000,0.000,1.000,11,0,0,1,12,0,11,1,0.9166666666666666,0.0,0.0,1.0,0.9565217391304348,0.04347826086956519,-1
"F[1,1]((Calcium <= 0.000 & Potassium <= 2.963) & Magnesium >= 0.173)
",-6235983052260119.000,-0.173,0.000,0.000,1.000,11,0,0,1,12,0,11,1,0.9166666666666666,0.0,0.0,1.0,0.9565217391304348,0.04347826086956519,-1
"F[0,1](((BUN >= 0.688 -> Resp >= 14.244) | Platelets >= 12.855) & Phosphate >= 11.933)
",-9999999.000,-9999999.000,0.000,0.000,1.000,11,0,0,1,12,0,11,1,0.9166666666666666,0.0,0.0,1.0,0.9565217391304348,0.04347826086956519,-1
"F[1,1]((Creatinine <= 0.472 & PTT <= 28.654) & PTT >= 0.651)
",-5862824418124873.000,-0.651,0.000,0.000,1.000,11,0,0,1,12,0,11,1,0.9166666666666666,0.0,0.0,1.0,0.9565217391304348,0.04347826086956519,-1
"((Lactate >= 0.055) U[1,1] (PaCO2 <= 17.289))
",4866480140758295.000,17.289,0.000,0.000,1.000,11,0,0,1,12,0,11,1,0.9166666666666666,0.0,0.0,1.0,0.9565217391304348,0.04347826086956519,-1
"F[1,1](((Hct <= 25.062 | Temp <= 31.896) | Bilirubin_total <= 34.443) & AST >= 31.485)
",-8862376546966868.000,-31.485,0.000,0.000,1.000,11,0,0,1,12,0,11,1,0.9166666666666666,0.0,0.0,1.0,0.9565217391304348,0.04347826086956519,-1
"((Alkalinephos < 0.000) U[1,1] (SepsisLabel = 0.000))
",0.000,0.000,0.000,0.000,1.000,11,0,0,1,12,0,11,1,0.9166666666666666,0.0,0.0,1.0,0.9565217391304348,0.04347826086956519,-1
"((PaCO2 >= 4.122) U[1,1] (MAP >= 71.512))
",-4640973052784697.000,-4.122,0.000,0.000,1.000,11,0,0,1,12,0,11,1,0.9166666666666666,0.0,0.0,1.0,0.9565217391304348,0.04347826086956519,-1
"F[1,1](Alkalinephos > 0.000 & SepsisLabel = 0.000)
",0.000,0.000,0.000,0.000,1.000,11,0,0,1,12,0,11,1,0.9166666666666666,0.0,0.0,1.0,0.9565217391304348,0.04347826086956519,-1
"F[0,1]((TroponinI <= 0.000 & BUN <= 6.085) & Alkalinephos >= 0.603)
",-9999999.000,-9999999.000,0.000,0.000,1.000,11,0,0,1,12,0,11,1,0.9166666666666666,0.0,0.0,1.0,0.9565217391304348,0.04347826086956519,-1
"F[1,1](Hgb >= 0.791 & PTT >= 0.013)
",-0.791,-0.791,0.000,0.000,1.000,11,0,0,1,12,0,11,1,0.9166666666666666,0.0,0.0,1.0,0.9565217391304348,0.04347826086956519,-1
"F[1,1]((BUN <= 1.467 & MAP >= 69.241) & O2Sat <= 77.107)
",-4872381109248802.000,-69.241,0.000,0.000,1.000,11,0,0,1,12,0,11,1,0.9166666666666666,0.0,0.0,1.0,0.9565217391304348,0.04347826086956519,-1
"G[1,1](EtCO2 >= 0.000 & TroponinI >= 0.000)
",0.000,0.000,0.000,1.000,0.000,11,0,1,0,11,1,12,0,1.0,0.0,1.0,0.9166666666666666,0.9565217391304348,0.04347826086956519,1
"G[0,1](Hct <= 9.630 | Temp >= 14.141)
",9999999.000,9999999.000,0.000,1.000,0.000,11,0,1,0,11,1,12,0,1.0,0.0,1.0,0.9166666666666666,0.9565217391304348,0.04347826086956519,1
"G[0,1]((PaCO2 <= 7.583 & SBP >= 91.328) -> PaCO2 <= 99.968)
",9999999.000,9999999.000,0.000,1.000,0.000,11,0,1,0,11,1,12,0,1.0,0.0,1.0,0.9166666666666666,0.9565217391304348,0.04347826086956519,1
"G[0,1](((DBP >= 39.217 | pH >= 1.167) -> MAP >= 0.658) -> EtCO2 <= 3.033)
",9999999.000,9999999.000,0.000,1.000,0.000,11,0,1,0,11,1,12,0,1.0,0.0,1.0,0.9166666666666666,0.9565217391304348,0.04347826086956519,1
"G[0,1](((Chloride >= 3.482 | PaCO2 >= 3.402) & BUN <= 5.794) -> Temp >= 2.985)
",9999999.000,9999999.000,0.000,1.000,0.000,11,0,1,0,11,1,12,0,1.0,0.0,1.0,0.9166666666666666,0.9565217391304348,0.04347826086956519,1
"G[0,0](((FiO2 <= 0.237 | Potassium <= 3.795) & HCO3 <= 3.560) | Bilirubin_total >= 0.478)
",76.634,3.575,0.000,1.000,0.000,11,0,0,1,12,0,11,1,0.9166666666666666,0.0,0.0,1.0,0.9565217391304348,0.04347826086956519,1
"G[1,1](DBP >= 49.259 | PTT <= 27.896)
",7852070955642202.000,27.896,0.000,1.000,0.000,11,0,1,0,11,1,12,0,1.0,0.0,1.0,0.9166666666666666,0.9565217391304348,0.04347826086956519,1
"G[0,1](((FiO2 >= 0.043 | Hgb <= 7.427) | SaO2 >= 0.615) -> Resp >= 0.821)
",9999999.000,9999999.000,0.000,1.000,0.000,11,0,1,0,11,1,12,0,1.0,0.0,1.0,0.9166666666666666,0.9565217391304348,0.04347826086956519,1
"G[0,1]((HCO3 >= 0.725 & MAP >= 64.161) -> HCO3 <= 77.518)
",9999999.000,9999999.000,0.000,1.000,0.000,11,0,1,0,11,1,12,0,1.0,0.0,1.0,0.9166666666666666,0.9565217391304348,0.04347826086956519,1
"G[0,1]((Hct <= 20.441 -> SBP >= 94.728) -> FiO2 <= 98.855)
",9999999.000,9999999.000,0.000,1.000,0.000,11,0,1,0,11,1,12,0,1.0,0.0,1.0,0.9166666666666666,0.9565217391304348,0.04347826086956519,1
"G[0,1](DBP <= 65.409 -> Chloride <= 43.192)
",9999999.000,9999999.000,0.000,1.000,0.000,11,0,1,0,11,1,12,0,1.0,0.0,1.0,0.9166666666666666,0.9565217391304348,0.04347826086956519,1
"G[0,1](HCO3 <= 23.339 | Platelets >= 8.340)
",9999999.000,9999999.000,0.000,1.000,0.000,11,0,1,0,11,1,12,0,1.0,0.0,1.0,0.9166666666666666,0.9565217391304348,0.04347826086956519,1
"G[0,1](FiO2 >= 0.005 -> Temp >= 30.931)
",9999999.000,9999999.000,0.000,1.000,0.000,11,0,1,0,11,1,12,0,1.0,0.0,1.0,0.9166666666666666,0.9565217391304348,0.04347826086956519,1
"G[0,1](HCO3 <= 16.860 | Temp >= 27.510)
",9999999.000,9999999.000,0.000,1.000,0.000,11,0,1,0,11,1,12,0,1.0,0.0,1.0,0.9166666666666666,0.9565217391304348,0.04347826086956519,1
"G[0,1](Phosphate <= 0.000 -> SepsisLabel = 0.000)
",9999999.000,9999999.000,0.000,1.000,0.000,11,0,1,0,11,1,12,0,1.0,0.0,1.0,0.9166666666666666,0.9565217391304348,0.04347826086956519,1
"G[0,1]((Fibrinogen <= 0.000 | AST >= 0.000) | HCO3 <= 0.000)
",9999999.000,9999999.000,0.000,1.000,0.000,11,0,1,0,11,1,12,0,1.0,0.0,1.0,0.9166666666666666,0.9565217391304348,0.04347826086956519,1
"G[0,1](((Hct >= 4.463 -> PaCO2 <= 10.828) -> BaseExcess <= 43.183) | FiO2 >= 1.649)
",9999999.000,9999999.000,0.000,1.000,0.000,11,0,1,0,11,1,12,0,1.0,0.0,1.0,0.9166666666666666,0.9565217391304348,0.04347826086956519,1
"G[0,0]((Creatinine >= 0.010 -> Magnesium <= 0.848) & Hgb <= 0.322)
",-0.425,-13.600,0.000,1.000,0.000,11,0,0,1,12,0,11,1,0.9166666666666666,0.0,0.0,1.0,0.9565217391304348,0.04347826086956519,1
"G[1,1]((Calcium >= 0.000 | Glucose >= 0.050) -> FiO2 <= 40.160)
",-5652062920975526.000,-40.160,0.000,1.000,0.000,11,0,1,0,11,1,12,0,1.0,0.0,1.0,0.9166666666666666,0.9565217391304348,0.04347826086956519,1
"G[1,1]((Potassium >= 0.781 -> Calcium <= 0.000) & HCO3 >= 0.000)
",0.000,0.000,0.000,1.000,0.000,11,0,1,0,11,1,12,0,1.0,0.0,1.0,0.9166666666666666,0.9565217391304348,0.04347826086956519,1
"G[0,1]((FiO2 >= 0.075 -> SaO2 <= 24.617) -> HR >= 0.436)
",9999999.000,9999999.000,0.000,1.000,0.000,11,0,1,0,11,1,12,0,1.0,0.0,1.0,0.9166666666666666,0.9565217391304348,0.04347826086956519,1
"G[0,0]((pH >= 0.350 & Resp >= 11.590) -> Hct <= 20.156)
",-20.156,-20.156,0.000,1.000,0.000,11,0,0,1,12,0,11,1,0.9166666666666666,0.0,0.0,1.0,0.9565217391304348,0.04347826086956519,1
"G[0,1]((BaseExcess <= -0.041 -> Fibrinogen >= 0.000) -> AST >= 0.000)
",9999999.000,9999999.000,0.000,1.000,0.000,11,0,1,0,11,1,12,0,1.0,0.0,1.0,0.9166666666666666,0.9565217391304348,0.04347826086956519,1
"G[0,1]((Bilirubin_direct <= 0.000 & AST <= 0.000) & SBP >= 0.000)
",9999999.000,9999999.000,0.000,1.000,0.000,11,0,1,0,11,1,12,0,1.0,0.0,1.0,0.9166666666666666,0.9565217391304348,0.04347826086956519,1
"G[0,0](Potassium <= 1.781 & SepsisLabel >= 0.000)
",0.316,0.162,0.000,1.000,0.000,11,0,0,1,12,0,11,1,0.9166666666666666,0.0,0.0,1.0,0.9565217391304348,0.04347826086956519,1
"G[0,1](((DBP <= 60.482 & TroponinI <= 0.000) -> DBP <= 0.000) -> AST <= 0.000)
",9999999.000,9999999.000,0.000,1.000,0.000,11,0,1,0,11,1,12,0,1.0,0.0,1.0,0.9166666666666666,0.9565217391304348,0.04347826086956519,1
"G[0,1]((DBP >= 36.554 & Glucose <= 76.081) -> DBP >= 5.690)
",9999999.000,9999999.000,0.000,1.000,0.000,11,0,1,0,11,1,12,0,1.0,0.0,1.0,0.9166666666666666,0.9565217391304348,0.04347826086956519,1
"G[0,1](Magnesium <= 1.216 | TroponinI <= 0.000)
",9999999.000,9999999.000,0.000,1.000,0.000,11,0,1,0,11,1,12,0,1.0,0.0,1.0,0.9166666666666666,0.9565217391304348,0.04347826086956519,1
"G[0,1](PaCO2 <= 38.405 -> Alkalinephos <= 0.000)
",9999999.000,9999999.000,0.000,1.000,0.000,11,0,1,0,11,1,12,0,1.0,0.0,1.0,0.9166666666666666,0.9565217391304348,0.04347826086956519,1
"G[0,1](MAP >= 68.551 | SepsisLabel <= 0.000)
",9999999.000,9999999.000,0.000,1.000,0.000,11,0,1,0,11,1,12,0,1.0,0.0,1.0,0.9166666666666666,0.9565217391304348,0.04347826086956519,1
"G[0,1](((Platelets >= 5.298 & Calcium >= 0.000) | SBP <= 0.000) -> DBP >= 0.000)
",9999999.000,9999999.000,0.000,1.000,0.000,11,0,1,0,11,1,12,0,1.0,0.0,1.0,0.9166666666666666,0.9565217391304348,0.04347826086956519,1
"G[0,1]((Hgb >= 0.637 | AST <= 0.000) | Temp >= 0.000)
",9999999.000,9999999.000,0.000,1.000,0.000,11,0,1,0,11,1,12,0,1.0,0.0,1.0,0.9166666666666666,0.9565217391304348,0.04347826086956519,1
"G[0,1](((Lactate <= 0.179 | Glucose >= 12.939) | Bilirubin_direct <= 105.551) & HR >= 6.044)
",9999999.000,9999999.000,0.000,1.000,0.000,11,0,1,0,11,1,12,0,1.0,0.0,1.0,0.9166666666666666,0.9565217391304348,0.04347826086956519,1
"G[0,1](Alkalinephos <= 0.000 | Creatinine <= 0.349)
",9999999.000,9999999.000,0.000,1.000,0.000,11,0,1,0,11,1,12,0,1.0,0.0,1.0,0.9166666666666666,0.9565217391304348,0.04347826086956519,1
"G[0,1](((HR >= 88.668 -> SepsisLabel <= 0.000) -> EtCO2 <= 0.000) | WBC <= 0.000)
",9999999.000,9999999.000,0.000,1.000,0.000,11,0,1,0,11,1,12,0,1.0,0.0,1.0,0.9166666666666666,0.9565217391304348,0.04347826086956519,1
"G[0,0](BaseExcess >= -0.626 & Temp >= 9.495)
",5638649496309730.000,0.626,0.000,1.000,0.000,11,0,0,1,12,0,11,1,0.9166666666666666,0.0,0.0,1.0,0.9565217391304348,0.04347826086956519,1
"G[0,1](((SBP <= 98.658 | PaCO2 <= 12.913) | MAP <= 42.017) | Chloride <= 28.344)
",9999999.000,9999999.000,0.000,1.000,0.000,10,0,1,1,11,1,11,1,0.9090909090909091,0.0,1.0,0.9090909090909091,0.8695652173913043,0.13043478260869568,1
"((Platelets >= 4.081) U[1,1] (SBP <= 101.717))
",7157695149773747.000,101.717,0.000,0.000,1.000,10,0,0,2,12,0,10,2,0.8333333333333334,0.0,0.0,1.0,0.8695652173913043,0.13043478260869568,-1
"G[0,1](PaCO2 >= 4.459 | Platelets <= 21.201)
",9999999.000,9999999.000,0.000,1.000,0.000,10,0,1,1,11,1,11,1,0.9090909090909091,0.0,1.0,0.9090909090909091,0.8695652173913043,0.13043478260869568,1
"G[1,1](Hgb <= 3.621 & Platelets <= 99.260)
",8154260042982084.000,3.621,0.000,1.000,0.000,10,0,1,1,11,1,11,1,0.9090909090909091,0.0,1.0,0.9090909090909091,0.8695652173913043,0.13043478260869568,1
"G[1,1](Chloride <= 28.584 & Platelets <= 20.132)
",5666533158082561.000,20.132,0.000,1.000,0.000,10,0,1,1,11,1,11,1,0.9090909090909091,0.0,1.0,0.9090909090909091,0.8695652173913043,0.13043478260869568,1
"G[0,1]((Hct <= 25.640 & Potassium >= 0.218) | PTT <= 3.430)
",9999999.000,9999999.000,0.000,1.000,0.000,10,0,1,1,11,1,11,1,0.9090909090909091,0.0,1.0,0.9090909090909091,0.8695652173913043,0.13043478260869568,1
"G[0,1](((Creatinine <= 0.066 | MAP >= 67.764) -> O2Sat <= 79.637) -> BaseExcess >= 62.510)
",9999999.000,9999999.000,0.000,1.000,0.000,10,0,1,1,11,1,11,1,0.9090909090909091,0.0,1.0,0.9090909090909091,0.8695652173913043,0.13043478260869568,1
"F[1,1](WBC >= 0.753 & Hgb >= 0.179)
",-0.753,-0.753,0.000,0.000,1.000,10,0,0,2,12,0,10,2,0.8333333333333334,0.0,0.0,1.0,0.8695652173913043,0.13043478260869568,-1
"G[1,1](((Temp <= 36.175 -> HR <= 94.785) & Calcium <= 102.621) -> Chloride <= 89.750)
",-89.750,-89.750,0.000,1.000,0.000,10,0,1,1,11,1,11,1,0.9090909090909091,0.0,1.0,0.9090909090909091,0.8695652173913043,0.13043478260869568,1
"F[0,1]((Glucose >= 4.700 -> MAP <= 86.790) -> WBC >= 67.761)
",-9999999.000,-9999999.000,0.000,0.000,1.000,10,0,0,2,12,0,10,2,0.8333333333333334,0.0,0.0,1.0,0.8695652173913043,0.13043478260869568,-1
"F[0,1](((HR >= 79.343 | Potassium <= 3.018) & Chloride >= 0.454) & Lactate <= 1.781)
",-9999999.000,-9999999.000,0.000,0.000,1.000,10,0,0,2,12,0,10,2,0.8333333333333334,0.0,0.0,1.0,0.8695652173913043,0.13043478260869568,-1
"((Potassium > 0.727) U[1,1] (SepsisLabel = 0.000))
",0.000,0.000,0.000,0.000,1.000,10,0,0,2,12,0,10,2,0.8333333333333334,0.0,0.0,1.0,0.8695652173913043,0.13043478260869568,-1
"F[0,1](BUN <= 9.104 & Lactate >= 0.055)
",-9999999.000,-9999999.000,0.000,0.000,1.000,10,0,0,2,12,0,10,2,0.8333333333333334,0.0,0.0,1.0,0.8695652173913043,0.13043478260869568,-1
"((Temp < 35.080) U[1,2] (SepsisLabel = 0.000))
",-9999999.000,-9999999.000,0.000,0.000,1.000,10,0,0,2,12,0,10,2,0.8333333333333334,0.0,0.0,1.0,0.8695652173913043,0.13043478260869568,-1
"F[1,1](((Magnesium >= 0.053 | WBC <= 6.536) | MAP >= 0.185) & WBC >= 0.203)
",-0.203,-0.203,0.000,0.000,1.000,10,0,0,2,12,0,10,2,0.8333333333333334,0.0,0.0,1.0,0.8695652173913043,0.13043478260869568,-1
"F[0,1]((PTT >= 0.917 & Resp <= 21.840) | BaseExcess >= 14.429)
",-9999999.000,-9999999.000,0.000,0.000,1.000,10,0,0,2,12,0,10,2,0.8333333333333334,0.0,0.0,1.0,0.8695652173913043,0.13043478260869568,-1
"((HCO3 <= 23.688) U[0,1] (Magnesium >= 0.071))
",-9999999.000,-9999999.000,0.000,0.000,1.000,9,0,0,3,12,0,9,3,0.75,0.0,0.0,1.0,0.782608695652174,0.21739130434782605,-1
"((BUN >= 0.027) U[0,1] (Hgb >= 0.162))
",-9999999.000,-9999999.000,0.000,0.000,1.000,9,0,0,3,12,0,9,3,0.75,0.0,0.0,1.0,0.782608695652174,0.21739130434782605,-1
"((BaseExcess >= -0.232) U[1,1] (DBP <= 57.502))
",57.502,57.502,0.000,0.000,1.000,9,0,0,3,12,0,9,3,0.75,0.0,0.0,1.0,0.782608695652174,0.21739130434782605,-1
"F[0,1](((FiO2 >= 0.075 | BUN >= 0.605) | WBC <= 2.803) -> Hgb >= 0.952)
",-9999999.000,-9999999.000,0.000,0.000,1.000,9,0,0,3,12,0,9,3,0.75,0.0,0.0,1.0,0.782608695652174,0.21739130434782605,-1
"((DBP >= 5.077) U[0,1] (Creatinine >= 0.018))
",-9999999.000,-9999999.000,0.000,0.000,1.000,9,0,0,3,12,0,9,3,0.75,0.0,0.0,1.0,0.782608695652174,0.21739130434782605,-1
"((Chloride <= 65.430) U[1,1] (SaO2 >= 6.254))
",4604205014733927.000,65.430,0.000,0.000,1.000,9,0,0,3,12,0,9,3,0.75,0.0,0.0,1.0,0.782608695652174,0.21739130434782605,-1
"((Fibrinogen >= 0.000) U[0,1] (Platelets >= 7.481))
",-9999999.000,-9999999.000,0.000,0.000,1.000,9,0,0,3,12,0,9,3,0.75,0.0,0.0,1.0,0.782608695652174,0.21739130434782605,-1
"((Chloride <= 75.980) U[0,1] (Hgb >= 0.113))
",-9999999.000,-9999999.000,0.000,0.000,1.000,9,0,0,3,12,0,9,3,0.75,0.0,0.0,1.0,0.782608695652174,0.21739130434782605,-1
"F[0,1](HCO3 >= 0.237 & Bilirubin_total >= 0.000)
",-9999999.000,-9999999.000,0.000,0.000,1.000,9,0,0,3,12,0,9,3,0.75,0.0,0.0,1.0,0.782608695652174,0.21739130434782605,-1
"F[0,1]((BUN >= 0.189 | PTT <= 14.624) -> HCO3 >= 0.062)
",-9999999.000,-9999999.000,0.000,0.000,1.000,9,0,0,3,12,0,9,3,0.75,0.0,0.0,1.0,0.782608695652174,0.21739130434782605,-1
"((Potassium >= 0.419) U[1,2] (WBC <= 3.501))
",-9999999.000,-9999999.000,0.000,0.000,1.000,9,0,0,3,12,0,9,3,0.75,0.0,0.0,1.0,0.782608695652174,0.21739130434782605,-1
"F[0,1](((Potassium <= 1.497 & TroponinI >= 0.000) & DBP <= 0.000) & Temp <= 0.000)
",-9999999.000,-9999999.000,0.000,0.000,1.000,9,0,0,3,12,0,9,3,0.75,0.0,0.0,1.0,0.782608695652174,0.21739130434782605,-1
"F[0,1](((WBC >= 0.358 | PTT >= 0.704) -> AST <= 20.218) -> Temp <= 6.666)
",-9999999.000,-9999999.000,0.000,0.000,1.000,9,0,0,3,12,0,9,3,0.75,0.0,0.0,1.0,0.782608695652174,0.21739130434782605,-1
"F[1,1](PaCO2 >= 1.662 & SaO2 >= 3.163)
",-3.163,-3.163,0.000,0.000,1.000,9,0,0,3,12,0,9,3,0.75,0.0,0.0,1.0,0.782608695652174,0.21739130434782605,-1
"F[0,1](FiO2 >= 0.014 & PaCO2 >= 4.389)
",-9999999.000,-9999999.000,0.000,0.000,1.000,9,0,0,3,12,0,9,3,0.75,0.0,0.0,1.0,0.782608695652174,0.21739130434782605,-1
"((Temp <= 32.134) U[0,1] (HCO3 >= 1.447))
",-9999999.000,-9999999.000,0.000,0.000,1.000,9,0,0,3,12,0,9,3,0.75,0.0,0.0,1.0,0.782608695652174,0.21739130434782605,-1
"((BUN <= 8.151) U[0,1] (FiO2 >= 0.085))
",-9999999.000,-9999999.000,0.000,0.000,1.000,9,0,0,3,12,0,9,3,0.75,0.0,0.0,1.0,0.782608695652174,0.21739130434782605,-1
"F[0,1](AST >= 0.000 & Platelets >= 3.909)
",-9999999.000,-9999999.000,0.000,0.000,1.000,9,0,0,3,12,0,9,3,0.75,0.0,0.0,1.0,0.782608695652174,0.21739130434782605,-1
"G[0,1]((Lactate >= 0.044 | BUN <= 2.805) & EtCO2 <= 1.530)
",9999999.000,9999999.000,0.000,1.000,0.000,9,0,1,2,11,1,10,2,0.8181818181818182,0.0,1.0,0.9,0.782608695652174,0.21739130434782605,1
"G[1,1](Hct >= 4.547 | pH <= 7.016)
",7.016,7.016,0.000,1.000,0.000,9,0,1,2,11,1,10,2,0.8181818181818182,0.0,1.0,0.9,0.782608695652174,0.21739130434782605,1
"G[0,1]((Bilirubin_direct >= 0.000 -> Chloride <= 13.088) & Calcium <= 18.800)
",9999999.000,9999999.000,0.000,1.000,0.000,9,0,1,2,11,1,10,2,0.8181818181818182,0.0,1.0,0.9,0.782608695652174,0.21739130434782605,1
"G[1,1](Chloride >= 1.589 | SBP >= 94.829)
",-1.589,-1.589,0.000,1.000,0.000,9,0,1,2,11,1,10,2,0.8181818181818182,0.0,1.0,0.9,0.782608695652174,0.21739130434782605,1
"G[0,1](((MAP >= 70.957 -> FiO2 <= 0.228) -> HR <= 0.790) -> Phosphate >= 0.073)
",9999999.000,9999999.000,0.000,1.000,0.000,9,0,1,2,11,1,10,2,0.8181818181818182,0.0,1.0,0.9,0.782608695652174,0.21739130434782605,1
"G[0,1](((Bilirubin_total >= 0.000 -> TroponinI <= 0.000) | BaseExcess <= 0.000) & Chloride <= 0.000)
",9999999.000,9999999.000,0.000,1.000,0.000,9,0,1,2,11,1,10,2,0.8181818181818182,0.0,1.0,0.9,0.782608695652174,0.21739130434782605,1
"G[0,1](((DBP <= 72.822 | Potassium <= 3.840) -> Phosphate >= 0.318) -> Bilirubin_total >= 0.666)
",9999999.000,9999999.000,0.000,1.000,0.000,9,0,1,2,11,1,10,2,0.8181818181818182,0.0,1.0,0.9,0.782608695652174,0.21739130434782605,1
"G[0,1](((Resp >= 13.883 -> SaO2 >= 0.849) -> DBP >= 8.392) -> SaO2 <= 58.751)
",9999999.000,9999999.000,0.000,1.000,0.000,9,0,1,2,11,1,10,2,0.8181818181818182,0.0,1.0,0.9,0.782608695652174,0.21739130434782605,1
"F[0,1](Magnesium >= 0.170 | WBC >= 0.957)
",-9999999.000,-9999999.000,0.000,0.000,1.000,8,0,0,4,12,0,8,4,0.6666666666666666,0.0,0.0,1.0,0.6956521739130435,0.30434782608695654,-1
"G[0,1]((BaseExcess >= -0.877 | SaO2 <= 57.502) & Chloride <= 98.017)
",9999999.000,9999999.000,0.000,1.000,0.000,8,0,1,3,11,1,9,3,0.7272727272727273,0.0,1.0,0.8888888888888888,0.6956521739130435,0.30434782608695654,1
"F[1,1](((PTT <= 20.659 -> WBC >= 0.702) & Platelets >= 0.902) | Potassium >= 0.955)
",-8598593884736465.000,-0.955,0.000,0.000,1.000,7,0,0,5,12,0,7,5,0.5833333333333334,0.0,0.0,1.0,0.6086956521739131,0.3913043478260869,-1
"((Glucose >= 13.469) U[1,2] (Hct <= 6.883))
",-9999999.000,-9999999.000,0.000,0.000,1.000,7,0,0,5,12,0,7,5,0.5833333333333334,0.0,0.0,1.0,0.6086956521739131,0.3913043478260869,-1
"F[0,1]((DBP <= 67.451 & Glucose >= 7.467) | HCO3 >= 15.020)
",-9999999.000,-9999999.000,0.000,0.000,1.000,7,0,0,5,12,0,7,5,0.5833333333333334,0.0,0.0,1.0,0.6086956521739131,0.3913043478260869,-1
"F[0,1](BUN >= 0.533 | Hct >= 4.294)
",-9999999.000,-9999999.000,0.000,0.000,1.000,7,0,0,5,12,0,7,5,0.5833333333333334,0.0,0.0,1.0,0.6086956521739131,0.3913043478260869,-1
"G[0,1]((Fibrinogen <= 0.000 -> Phosphate <= 0.000) & pH <= 0.000)
",9999999.000,9999999.000,0.000,1.000,0.000,6,0,1,5,11,1,7,5,0.5454545454545454,0.0,1.0,0.8571428571428571,0.5217391304347826,0.4782608695652174,1
"((SBP > 94.539) U[1,2] (SepsisLabel = 0.000))
",-9999999.000,-9999999.000,0.000,0.000,1.000,6,0,0,6,12,0,6,6,0.5,0.0,0.0,1.0,0.5217391304347826,0.4782608695652174,-1
"((Potassium <= 1.218) U[1,1] (SBP <= 99.962))
",99.962,99.962,0.000,0.000,1.000,6,0,0,6,12,0,6,6,0.5,0.0,0.0,1.0,0.5217391304347826,0.4782608695652174,-1
"F[0,1](pH > 0.457 & SepsisLabel = 0.000)
",-9999999.000,-9999999.000,0.000,0.000,1.000,6,0,0,6,12,0,6,6,0.5,0.0,0.0,1.0,0.5217391304347826,0.4782608695652174,-1
"F[0,1](MAP <= 72.973 & SepsisLabel = 0.000)
",-9999999.000,-9999999.000,0.000,0.000,1.000,6,0,0,6,12,0,6,6,0.5,0.0,0.0,1.0,0.5217391304347826,0.4782608695652174,-1
"G[0,1](Resp <= 18.925 & Calcium <= 0.000)
",9999999.000,9999999.000,0.000,1.000,0.000,6,0,0,6,12,0,6,6,0.5,0.0,0.0,1.0,0.5217391304347826,0.4782608695652174,1
"G[0,1](((Glucose <= 39.665 & Magnesium <= 0.674) & Bilirubin_total <= 0.921) & HCO3 <= 2.019)
",9999999.000,9999999.000,0.000,1.000,0.000,6,0,1,5,11,1,7,5,0.5454545454545454,0.0,1.0,0.8571428571428571,0.5217391304347826,0.4782608695652174,1
"((MAP >= 62.037) U[1,1] (SBP <= 99.776))
",7021087830260595.000,99.776,0.000,0.000,1.000,5,0,0,7,12,0,5,7,0.4166666666666667,0.0,0.0,1.0,0.43478260869565216,0.5652173913043479,-1
"F[0,1](((DBP <= 63.811 & MAP <= 78.199) & MAP >= 69.972) | SepsisLabel >= 64.778)
",-9999999.000,-9999999.000,0.000,0.000,1.000,5,0,0,7,12,0,5,7,0.4166666666666667,0.0,0.0,1.0,0.43478260869565216,0.5652173913043479,-1
"G[1,1](((PaCO2 >= 3.703 | Potassium >= 0.454) -> AST <= 2.741) -> pH >= 0.633)
",5700401610234398.000,0.633,0.000,1.000,0.000,4,0,1,7,11,1,5,7,0.36363636363636365,0.0,1.0,0.8,0.34782608695652173,0.6521739130434783,1
"G[1,1]((HCO3 <= 12.195 -> Potassium >= 0.113) | Potassium >= 0.478)
",-8618614695914033.000,-0.478,0.000,1.000,0.000,4,0,1,7,11,1,5,7,0.36363636363636365,0.0,1.0,0.8,0.34782608695652173,0.6521739130434783,1
"F[1,1](((PaCO2 <= 17.670 & Hct <= 17.118) | Bilirubin_total >= 2.901) | DBP <= 27.143)
",27.143,27.143,0.000,0.000,1.000,4,0,0,8,12,0,4,8,0.3333333333333333,0.0,0.0,1.0,0.34782608695652173,0.6521739130434783,-1
"((MAP >= 70.461) U[1,2] (SBP <= 103.298))
",-9999999.000,-9999999.000,0.000,0.000,1.000,4,0,0,8,12,0,4,8,0.3333333333333333,0.0,0.0,1.0,0.34782608695652173,0.6521739130434783,-1
"((MAP >= 68.262) U[1,2] (SBP <= 98.874))
",-9999999.000,-9999999.000,0.000,0.000,1.000,3,0,0,9,12,0,3,9,0.25,0.0,0.0,1.0,0.2608695652173913,0.7391304347826086,-1
"F[0,0](DBP <= 70.447 & SepsisLabel = 0.000)
",-0.356,-16.206,0.000,0.000,1.000,3,0,0,9,12,0,3,9,0.25,0.0,0.0,1.0,0.2608695652173913,0.7391304347826086,-1
"((HCO3 >= 0.507) U[0,1] (SBP >= 95.507))
",-9999999.000,-9999999.000,0.000,0.000,1.000,3,0,0,9,12,0,3,9,0.25,0.0,0.0,1.0,0.2608695652173913,0.7391304347826086,-1
"((PTT <= 14.130) U[0,1] (SBP >= 95.024))
",-9999999.000,-9999999.000,0.000,0.000,1.000,3,0,0,9,12,0,3,9,0.25,0.0,0.0,1.0,0.2608695652173913,0.7391304347826086,-1
"((MAP >= 67.266) U[0,1] (SBP <= 101.038))
",-9999999.000,-9999999.000,0.000,0.000,1.000,2,0,0,10,12,0,2,10,0.16666666666666666,0.0,0.0,1.0,0.17391304347826086,0.8260869565217391,-1
"((Potassium >= 0.710) U[1,2] (SaO2 >= 5.871))
",-9999999.000,-9999999.000,0.000,0.000,1.000,2,0,0,10,12,0,2,10,0.16666666666666666,0.0,0.0,1.0,0.17391304347826086,0.8260869565217391,-1
"F[1,1]((BaseExcess <= -0.038 | Chloride >= 8.165) -> Calcium >= 1.606)
",0.038,0.038,0.000,0.000,1.000,2,0,0,10,12,0,2,10,0.16666666666666666,0.0,0.0,1.0,0.17391304347826086,0.8260869565217391,-1
"G[1,1]((HCO3 >= 1.706 | SaO2 >= 7.640) & Chloride <= 67.220)
",-7681460075369921.000,-1.706,0.000,1.000,0.000,2,0,1,9,11,1,3,9,0.18181818181818182,0.0,1.0,0.6666666666666666,0.17391304347826086,0.8260869565217391,1
"G[0,0]((Creatinine <= 0.055 & DBP >= 38.134) & MAP <= 70.819)
",-1.226,-31.160,0.000,1.000,0.000,2,0,0,10,12,0,2,10,0.16666666666666666,0.0,0.0,1.0,0.17391304347826086,0.8260869565217391,1
"G[1,1]((Glucose >= 12.940 -> Hgb <= 9.879) & Glucose >= 0.240)
",-5561281657622333.000,-9.879,0.000,1.000,0.000,2,0,1,9,11,1,3,9,0.18181818181818182,0.0,1.0,0.6666666666666666,0.17391304347826086,0.8260869565217391,1
"G[1,1](((Potassium <= 2.428 -> Temp >= 16.837) -> PTT >= 6.789) & HCO3 <= 34.382)
",5467179424132954.000,2.428,0.000,1.000,0.000,2,0,1,9,11,1,3,9,0.18181818181818182,0.0,1.0,0.6666666666666666,0.17391304347826086,0.8260869565217391,1
"G[0,0](Platelets <= 35.238 -> WBC >= 0.893)
",-4959306622586177.000,-35.238,0.000,1.000,0.000,1,0,0,11,12,0,1,11,0.08333333333333333,0.0,0.0,1.0,0.08695652173913043,0.9130434782608696,1
"G[0,0](((Hgb <= 3.949 | Hct <= 8.409) -> WBC >= 0.960) & Platelets >= 4.374)
",-4734118144079922.000,-8.409,0.000,1.000,0.000,1,0,0,11,12,0,1,11,0.08333333333333333,0.0,0.0,1.0,0.08695652173913043,0.9130434782608696,1
"G[1,1](((Lactate >= 0.045 -> SBP >= 97.444) | SBP >= 91.825) & Glucose >= 89.320)
",-6285364678227185.000,-89.320,0.000,1.000,0.000,1,0,1,10,11,1,2,10,0.09090909090909091,0.0,1.0,0.5,0.08695652173913043,0.9130434782608696,1
"G[1,1](((Creatinine >= 0.013 -> HR >= 80.781) & Potassium >= 80.034) | Platelets >= 77.940)
",-5484535548860742.000,-77.940,0.000,1.000,0.000,1,0,1,10,11,1,2,10,0.09090909090909091,0.0,1.0,0.5,0.08695652173913043,0.9130434782608696,1
"G[0,0](Glucose >= 13.726 & SBP <= 100.282)
",-7727323475537423.000,-13.726,0.000,1.000,0.000,1,0,0,11,12,0,1,11,0.08333333333333333,0.0,0.0,1.0,0.08695652173913043,0.9130434782608696,1
"G[0,1]((FiO2 >= 0.079 & Magnesium <= 1.468) | Fibrinogen >= 0.169)
",9999999.000,9999999.000,0.000,1.000,0.000,1,0,0,11,12,0,1,11,0.08333333333333333,0.0,0.0,1.0,0.08695652173913043,0.9130434782608696,1
"G[1,1](Fibrinogen >= 0.000 -> Platelets >= 13.757)
",0.000,0.000,0.000,1.000,0.000,1,0,1,10,11,1,2,10,0.09090909090909091,0.0,1.0,0.5,0.08695652173913043,0.9130434782608696,1
"G[1,1]((MAP >= 65.304 & Lactate >= 0.033) | O2Sat <= 1.144)
",5151970444766461.000,1.144,0.000,1.000,0.000,1,0,1,10,11,1,2,10,0.09090909090909091,0.0,1.0,0.5,0.08695652173913043,0.9130434782608696,1
"G[1,1](Chloride >= 3.905 & HCO3 >= 0.820)
",-8793235303710431.000,-3.905,0.000,1.000,0.000,1,0,1,10,11,1,2,10,0.09090909090909091,0.0,1.0,0.5,0.08695652173913043,0.9130434782608696,1
"G[1,1](((Hct >= 2.212 -> Resp <= 16.265) & Platelets <= 20.521) -> Bilirubin_total >= 14.135)
",14.135,14.135,0.000,1.000,0.000,1,0,1,10,11,1,2,10,0.09090909090909091,0.0,1.0,0.5,0.08695652173913043,0.9130434782608696,1
"((pH < 1.855) U[1,2] (SepsisLabel = 0.000))
",-9999999.000,-9999999.000,0.000,0.000,1.000,1,0,0,11,12,0,1,11,0.08333333333333333,0.0,0.0,1.0,0.08695652173913043,0.9130434782608696,-1
"F[0,0]((Phosphate >= 0.000 & Magnesium > 0.176) -> Calcium < 0.000)
",0.000,0.000,0.000,0.000,1.000,1,0,0,11,12,0,1,11,0.08333333333333333,0.0,0.0,1.0,0.08695652173913043,0.9130434782608696,-1
"F[0,0](((AST >= 0.000 | Platelets >= 5.315) & TroponinI <= 170.583) -> Platelets <= 60.638)
",-5.962,-64.035,0.000,0.000,1.000,1,0,0,11,12,0,1,11,0.08333333333333333,0.0,0.0,1.0,0.08695652173913043,0.9130434782608696,-1
"F[1,1](((AST >= 0.000 -> TroponinI >= 0.000) & Magnesium <= 0.000) | SBP <= 0.000)
",0.000,0.000,0.000,0.000,1.000,1,0,0,11,12,0,1,11,0.08333333333333333,0.0,0.0,1.0,0.08695652173913043,0.9130434782608696,-1
"F[1,1](Hgb <= 5.159 | Hct <= 22.342)
",6288741513280097.000,22.342,0.000,0.000,1.000,1,0,0,11,12,0,1,11,0.08333333333333333,0.0,0.0,1.0,0.08695652173913043,0.9130434782608696,-1
"F[0,1](MAP >= 64.042 | WBC >= 0.943)
",-9999999.000,-9999999.000,0.000,0.000,1.000,1,0,0,11,12,0,1,11,0.08333333333333333,0.0,0.0,1.0,0.08695652173913043,0.9130434782608696,-1
"((Hgb <= 0.831) U[0,1] (SBP >= 92.574))
",-9999999.000,-9999999.000,0.000,0.000,1.000,1,0,0,11,12,0,1,11,0.08333333333333333,0.0,0.0,1.0,0.08695652173913043,0.9130434782608696,-1
"((FiO2 < 0.522) U[1,1] (SepsisLabel = 0.000))
",0.522,0.522,0.000,0.000,1.000,1,0,0,11,12,0,1,11,0.08333333333333333,0.0,0.0,1.0,0.08695652173913043,0.9130434782608696,-1
"((SBP <= 105.221) U[1,2] (SepsisLabel = 0.000))
",-9999999.000,-9999999.000,0.000,0.000,1.000,1,0,0,11,12,0,1,11,0.08333333333333333,0.0,0.0,1.0,0.08695652173913043,0.9130434782608696,-1
"F[0,1](DBP <= 75.811 | Lactate >= 0.054)
",-9999999.000,-9999999.000,0.000,0.000,1.000,1,0,0,11,12,0,1,11,0.08333333333333333,0.0,0.0,1.0,0.08695652173913043,0.9130434782608696,-1
"((MAP >= 65.322) U[0,0] (SBP <= 105.747))
",4.854,79.138,0.000,0.000,1.000,1,0,0,11,12,0,1,11,0.08333333333333333,0.0,0.0,1.0,0.08695652173913043,0.9130434782608696,-1
"((Magnesium <= 1.619) U[1,2] (MAP <= 76.446))
",-9999999.000,-9999999.000,0.000,0.000,1.000,1,0,0,11,12,0,1,11,0.08333333333333333,0.0,0.0,1.0,0.08695652173913043,0.9130434782608696,-1
"F[1,1]((Phosphate >= 0.000 & Magnesium > 0.112) -> Calcium < 0.000)
",0.000,0.000,0.000,0.000,1.000,1,0,0,11,12,0,1,11,0.08333333333333333,0.0,0.0,1.0,0.08695652173913043,0.9130434782608696,-1
"F[1,1](DBP >= 27.839 -> HR >= 81.290)
",7836114865475265.000,27.839,0.000,0.000,1.000,1,0,0,11,12,0,1,11,0.08333333333333333,0.0,0.0,1.0,0.08695652173913043,0.9130434782608696,-1
"F[0,0](BUN <= 7.672 | Glucose <= 15.650)
",4405031045695509.000,15.650,0.000,0.000,1.000,1,0,0,11,12,0,1,11,0.08333333333333333,0.0,0.0,1.0,0.08695652173913043,0.9130434782608696,-1
"F[0,0](FiO2 <= 0.411 & Lactate <= 0.588)
",-0.279,-3.118,0.000,0.000,1.000,1,0,0,11,12,0,1,11,0.08333333333333333,0.0,0.0,1.0,0.08695652173913043,0.9130434782608696,-1
"((DBP <= 54.297) U[1,2] (WBC >= 0.163))
",-9999999.000,-9999999.000,0.000,0.000,1.000,1,0,0,11,12,0,1,11,0.08333333333333333,0.0,0.0,1.0,0.08695652173913043,0.9130434782608696,-1
"F[1,1]((Lactate >= 0.027 -> SBP <= 105.060) | PaCO2 >= 92.989)
",-6543492363643575.000,-92.989,0.000,0.000,1.000,1,0,0,11,12,0,1,11,0.08333333333333333,0.0,0.0,1.0,0.08695652173913043,0.9130434782608696,-1
"F[1,1]((Phosphate >= 0.000 & Magnesium > 0.132) -> Calcium < 0.000)
",0.000,0.000,0.000,0.000,1.000,1,0,0,11,12,0,1,11,0.08333333333333333,0.0,0.0,1.0,0.08695652173913043,0.9130434782608696,-1
"((DBP <= 74.314) U[1,1] (WBC <= 10.006))
",5229388555075357.000,74.314,0.000,0.000,1.000,1,0,0,11,12,0,1,11,0.08333333333333333,0.0,0.0,1.0,0.08695652173913043,0.9130434782608696,-1
"F[0,0]((FiO2 >= 0.071 & HR <= 95.427) -> Hgb >= 85.155)
",7.387,80.091,0.000,0.000,1.000,1,0,0,11,12,0,1,11,0.08333333333333333,0.0,0.0,1.0,0.08695652173913043,0.9130434782608696,-1
"((BUN <= 6.776) U[1,2] (pH <= 3.613))
",-9999999.000,-9999999.000,0.000,0.000,1.000,1,0,0,11,12,0,1,11,0.08333333333333333,0.0,0.0,1.0,0.08695652173913043,0.9130434782608696,-1
"((BaseExcess <= -0.004) U[0,0] (PTT <= 8.363))
",3.161,7.603,0.000,0.000,1.000,1,0,0,11,12,0,1,11,0.08333333333333333,0.0,0.0,1.0,0.08695652173913043,0.9130434782608696,-1
"F[1,1](((HR >= 87.547 | Calcium >= 0.000) & BaseExcess >= 0.000) | BaseExcess >= 0.000)
",0.000,0.000,0.000,0.000,1.000,1,0,0,11,12,0,1,11,0.08333333333333333,0.0,0.0,1.0,0.08695652173913043,0.9130434782608696,-1
"F[1,2]((PTT >= 0.315 & SaO2 >= 3.228) -> EtCO2 <= 35.568)
",-9999999.000,-9999999.000,0.000,0.000,1.000,0,0,0,12,12,0,0,12,0.0,0.0,0.0,0.0,0.0,1.0,-1
"F[0,1]((Hgb <= 7.258 | BUN <= 4.862) & Phosphate <= 10.849)
",-9999999.000,-9999999.000,0.000,0.000,1.000,0,0,0,12,12,0,0,12,0.0,0.0,0.0,0.0,0.0,1.0,-1
"F[0,1]((O2Sat >= 100.000 -> Calcium <= 0.000) | TroponinI >= 0.000)
",-9999999.000,-9999999.000,0.000,0.000,1.000,0,0,0,12,12,0,0,12,0.0,0.0,0.0,0.0,0.0,1.0,-1
"F[1,2](((BUN >= 0.300 -> MAP >= 68.072) | WBC <= 82.930) & BUN >= 66.303)
",-9999999.000,-9999999.000,0.000,0.000,1.000,0,0,0,12,12,0,0,12,0.0,0.0,0.0,0.0,0.0,1.0,-1
"F[1,2]((BUN <= 11.949 | MAP <= 75.937) & Bilirubin_total >= 63.251)
",-9999999.000,-9999999.000,0.000,0.000,1.000,0,0,0,12,12,0,0,12,0.0,0.0,0.0,0.0,0.0,1.0,-1
"F[0,1](((DBP <= 60.832 | PaCO2 >= 1.259) | pH >= 0.341) | pH <= 46.873)
",-9999999.000,-9999999.000,0.000,0.000,1.000,0,0,0,12,12,0,0,12,0.0,0.0,0.0,0.0,0.0,1.0,-1
"F[0,2]((DBP <= 78.946 & Creatinine >= 0.033) & Glucose >= 0.044)
",-9999999.000,-9999999.000,0.000,0.000,1.000,0,0,0,12,12,0,0,12,0.0,0.0,0.0,0.0,0.0,1.0,-1
"((Phosphate >= 0.000) U[0,1] (EtCO2 <= 0.000))
",-9999999.000,-9999999.000,0.000,0.000,1.000,0,0,0,12,12,0,0,12,0.0,0.0,0.0,0.0,0.0,1.0,-1
"((PTT >= 1.249) U[0,2] (AST >= 0.000))
",-9999999.000,-9999999.000,0.000,0.000,1.000,0,0,0,12,12,0,0,12,0.0,0.0,0.0,0.0,0.0,1.0,-1
"F[2,2]((PaCO2 >= 2.844 -> Chloride <= 60.564) & AST >= 1.615)
",-8523591023621028.000,-60.564,0.000,0.000,1.000,0,0,0,12,12,0,0,12,0.0,0.0,0.0,0.0,0.0,1.0,-1
"F[1,2](Hgb >= 0.388 & SepsisLabel >= 0.000)
",-9999999.000,-9999999.000,0.000,0.000,1.000,0,0,0,12,12,0,0,12,0.0,0.0,0.0,0.0,0.0,1.0,-1
"F[0,2](((DBP <= 78.916 | SepsisLabel <= 0.000) -> Temp >= 0.000) | Hgb >= 0.000)
",-9999999.000,-9999999.000,0.000,0.000,1.000,0,0,0,12,12,0,0,12,0.0,0.0,0.0,0.0,0.0,1.0,-1
"F[1,1]((SBP >= 89.708 & Alkalinephos <= 0.000) | Hct >= 0.000)
",0.000,0.000,0.000,0.000,1.000,0,0,0,12,12,0,0,12,0.0,0.0,0.0,0.0,0.0,1.0,-1
"((Temp >= 31.825) U[1,1] (O2Sat <= 100.000))
",100.000,100.000,0.000,0.000,1.000,0,0,0,12,12,0,0,12,0.0,0.0,0.0,0.0,0.0,1.0,-1
"F[1,2]((Resp <= 20.199 & Bilirubin_direct <= 0.000) & Hgb >= 0.000)
",-9999999.000,-9999999.000,0.000,0.000,1.000,0,0,0,12,12,0,0,12,0.0,0.0,0.0,0.0,0.0,1.0,-1
"((Resp <= 19.816) U[0,2] (Chloride >= 8.540))
",-9999999.000,-9999999.000,0.000,0.000,1.000,0,0,0,12,12,0,0,12,0.0,0.0,0.0,0.0,0.0,1.0,-1
"F[1,2]((DBP <= 63.322 -> BaseExcess >= -0.295) | Potassium >= -0.216)
",-9999999.000,-9999999.000,0.000,0.000,1.000,0,0,0,12,12,0,0,12,0.0,0.0,0.0,0.0,0.0,1.0,-1
"F[0,2](((Alkalinephos >= 0.000 & TroponinI <= 0.000) -> Bilirubin_total <= 0.000) | Fibrinogen >= 0.000)
",-9999999.000,-9999999.000,0.000,0.000,1.000,0,0,0,12,12,0,0,12,0.0,0.0,0.0,0.0,0.0,1.0,-1
"F[1,2]((MAP <= 77.561 -> Temp <= 36.945) | O2Sat <= 36.049)
",-9999999.000,-9999999.000,0.000,0.000,1.000,0,0,0,12,12,0,0,12,0.0,0.0,0.0,0.0,0.0,1.0,-1
"F[1,2]((O2Sat >= 100.000 -> DBP <= 76.538) -> WBC <= 67.290)
",-9999999.000,-9999999.000,0.000,0.000,1.000,0,0,0,12,12,0,0,12,0.0,0.0,0.0,0.0,0.0,1.0,-1
"F[0,1](Bilirubin_direct >= 0.000 & Potassium <= 1.330)
",-9999999.000,-9999999.000,0.000,0.000,1.000,0,0,0,12,12,0,0,12,0.0,0.0,0.0,0.0,0.0,1.0,-1
"F[2,2](((Resp <= 17.746 & EtCO2 >= 0.000) -> WBC >= 0.000) | Calcium <= 0.000)
",0.000,0.000,0.000,0.000,1.000,0,0,0,12,12,0,0,12,0.0,0.0,0.0,0.0,0.0,1.0,-1
"F[0,1](((SaO2 >= 0.766 -> WBC <= 13.048) & Chloride <= 16.110) | Potassium >= 1.165)
",-9999999.000,-9999999.000,0.000,0.000,1.000,0,0,0,12,12,0,0,12,0.0,0.0,0.0,0.0,0.0,1.0,-1
"((Creatinine <= 0.054) U[0,0] (EtCO2 <= 0.000))
",-0.301,-1.087,0.000,0.000,1.000,0,0,0,12,12,0,0,12,0.0,0.0,0.0,0.0,0.0,1.0,-1
"F[0,2](((Calcium >= 0.000 | DBP <= 66.223) -> TroponinI >= 48.896) & Platelets <= 73.212)
",-9999999.000,-9999999.000,0.000,0.000,1.000,0,0,0,12,12,0,0,12,0.0,0.0,0.0,0.0,0.0,1.0,-1
"F[1,1]((MAP >= 71.570 | MAP <= 74.131) | Hct >= 63.670)
",5216501623217405.000,74.131,0.000,0.000,1.000,0,0,0,12,12,0,0,12,0.0,0.0,0.0,0.0,0.0,1.0,-1
"F[0,2](Chloride <= 42.844 -> Lactate <= 0.792)
",-9999999.000,-9999999.000,0.000,0.000,1.000,0,0,0,12,12,0,0,12,0.0,0.0,0.0,0.0,0.0,1.0,-1
"F[0,2](Hct <= 9.914 | WBC >= 0.064)
",-9999999.000,-9999999.000,0.000,0.000,1.000,0,0,0,12,12,0,0,12,0.0,0.0,0.0,0.0,0.0,1.0,-1
"F[2,2]((Potassium >= 0.733 -> Creatinine <= 0.469) | Hgb <= 0.437)
",7880065741870305.000,0.437,0.000,0.000,1.000,0,0,0,12,12,0,0,12,0.0,0.0,0.0,0.0,0.0,1.0,-1
"F[1,2]((HR <= 94.446 & AST >= 0.000) & Lactate <= 0.000)
",-9999999.000,-9999999.000,0.000,0.000,1.000,0,0,0,12,12,0,0,12,0.0,0.0,0.0,0.0,0.0,1.0,-1
"F[0,1](AST >= 0.000 | SaO2 >= 2.657)
",-9999999.000,-9999999.000,0.000,0.000,1.000,0,0,0,12,12,0,0,12,0.0,0.0,0.0,0.0,0.0,1.0,-1
"F[0,2]((SBP >= 96.820 & Phosphate >= 0.000) -> Creatinine <= 0.000)
",-9999999.000,-9999999.000,0.000,0.000,1.000,0,0,0,12,12,0,0,12,0.0,0.0,0.0,0.0,0.0,1.0,-1
"F[0,2](Lactate <= 1.179 -> Platelets >= 1.523)
",-9999999.000,-9999999.000,0.000,0.000,1.000,0,0,0,12,12,0,0,12,0.0,0.0,0.0,0.0,0.0,1.0,-1
"F[1,2]((PTT <= 17.436 | Platelets <= 75.565) -> BaseExcess <= 50.258)
",-9999999.000,-9999999.000,0.000,0.000,1.000,0,0,0,12,12,0,0,12,0.0,0.0,0.0,0.0,0.0,1.0,-1
"F[0,2]((PaCO2 >= 3.289 & Fibrinogen <= 0.000) -> Chloride >= 0.000)
",-9999999.000,-9999999.000,0.000,0.000,1.000,0,0,0,12,12,0,0,12,0.0,0.0,0.0,0.0,0.0,1.0,-1
"F[2,2](Temp >= 24.970 | PTT <= 17.379)
",4891630449590286.000,17.379,0.000,0.000,1.000,0,0,0,12,12,0,0,12,0.0,0.0,0.0,0.0,0.0,1.0,-1
"F[2,2](((TroponinI <= 0.000 & Alkalinephos <= 0.000) & Potassium <= 0.000) -> pH >= 0.000)
",0.000,0.000,0.000,0.000,1.000,0,0,0,12,12,0,0,12,0.0,0.0,0.0,0.0,0.0,1.0,-1
"((Platelets <= 51.984) U[0,2] (Creatinine <= 0.181))
",-9999999.000,-9999999.000,0.000,0.000,1.000,0,0,0,12,12,0,0,12,0.0,0.0,0.0,0.0,0.0,1.0,-1
"F[0,2]((Hct <= 25.370 | Glucose <= 49.840) -> PaCO2 <= 16.280)
",-9999999.000,-9999999.000,0.000,0.000,1.000,0,0,0,12,12,0,0,12,0.0,0.0,0.0,0.0,0.0,1.0,-1
"F[2,2]((PTT <= 24.977 & HR >= 84.122) -> SBP >= 87.049)
",5919546729543150.000,84.122,0.000,0.000,1.000,0,0,0,12,12,0,0,12,0.0,0.0,0.0,0.0,0.0,1.0,-1
"F[2,2](((Creatinine <= 0.458 & Lactate <= 0.565) | MAP <= 0.352) & BaseExcess <= 0.977)
",0.458,0.458,0.000,0.000,1.000,0,0,0,12,12,0,0,12,0.0,0.0,0.0,0.0,0.0,1.0,-1
"F[2,2]((Calcium >= 0.000 & EtCO2 <= 0.000) & MAP >= 0.000)
",0.000,0.000,0.000,0.000,1.000,0,0,0,12,12,0,0,12,0.0,0.0,0.0,0.0,0.0,1.0,-1
"F[1,1](((Lactate >= 0.054 & WBC >= 0.318) -> Creatinine >= 0.606) -> MAP >= 0.429)
",-5723171039268730.000,-0.318,0.000,0.000,1.000,0,0,0,12,12,0,0,12,0.0,0.0,0.0,0.0,0.0,1.0,-1
"F[1,2](((BaseExcess >= -0.146 -> WBC <= 16.836) & Resp >= 0.168) & Lactate <= 5.887)
",-9999999.000,-9999999.000,0.000,0.000,1.000,0,0,0,12,12,0,0,12,0.0,0.0,0.0,0.0,0.0,1.0,-1
"F[2,2]((FiO2 <= 0.173 & Glucose <= 17.936) -> Resp <= 104.479)
",-104.479,-104.479,0.000,0.000,1.000,0,0,0,12,12,0,0,12,0.0,0.0,0.0,0.0,0.0,1.0,-1
"F[0,2](((Phosphate >= 0.000 | BaseExcess >= -0.561) -> Lactate >= -0.940) -> Hgb >= -0.276)
",-9999999.000,-9999999.000,0.000,0.000,1.000,0,0,0,12,12,0,0,12,0.0,0.0,0.0,0.0,0.0,1.0,-1
"F[0,2](((HR >= 79.769 & O2Sat >= 100.000) & PTT <= 100.000) | Alkalinephos >= 100.000)
",-9999999.000,-9999999.000,0.000,0.000,1.000,0,0,0,12,12,0,0,12,0.0,0.0,0.0,0.0,0.0,1.0,-1
"((Bilirubin_direct >= 0.000) U[1,2] (BaseExcess <= -0.032))
",-9999999.000,-9999999.000,0.000,0.000,1.000,0,0,0,12,12,0,0,12,0.0,0.0,0.0,0.0,0.0,1.0,-1
"F[2,2]((SepsisLabel <= 0.000 | TroponinI >= 0.000) -> Hgb <= 0.000)
",0.000,0.000,0.000,0.000,1.000,0,0,0,12,12,0,0,12,0.0,0.0,0.0,0.0,0.0,1.0,-1
"F[1,2]((O2Sat <= 100.000 -> Temp >= 2.933) | Lactate <= 32.882)
",-9999999.000,-9999999.000,0.000,0.000,1.000,0,0,0,12,12,0,0,12,0.0,0.0,0.0,0.0,0.0,1.0,-1
"F[0,1](PTT <= 16.109 & Bilirubin_total <= 0.000)
",-9999999.000,-9999999.000,0.000,0.000,1.000,0,0,0,12,12,0,0,12,0.0,0.0,0.0,0.0,0.0,1.0,-1
"((Glucose >= 12.644) U[0,1] (PaCO2 <= 28.813))
",-9999999.000,-9999999.000,0.000,0.000,1.000,0,0,0,12,12,0,0,12,0.0,0.0,0.0,0.0,0.0,1.0,-1
"F[1,1]((SBP >= 95.881 & WBC >= 0.487) | MAP >= 0.314)
",-5651625481249650.000,-0.314,0.000,0.000,1.000,0,0,0,12,12,0,0,12,0.0,0.0,0.0,0.0,0.0,1.0,-1
"F[0,1]((Chloride <= 73.598 -> WBC >= 0.581) -> SaO2 <= 1.550)
",-9999999.000,-9999999.000,0.000,0.000,1.000,0,0,0,12,12,0,0,12,0.0,0.0,0.0,0.0,0.0,1.0,-1
"F[0,1](Glucose >= 6.652 -> pH <= 3.028)
",-9999999.000,-9999999.000,0.000,0.000,1.000,0,0,0,12,12,0,0,12,0.0,0.0,0.0,0.0,0.0,1.0,-1
"F[1,2](Hgb <= 5.516 | Hct <= 29.067)
",-9999999.000,-9999999.000,0.000,0.000,1.000,0,0,0,12,12,0,0,12,0.0,0.0,0.0,0.0,0.0,1.0,-1
"F[0,0]((Bilirubin_total >= 0.000 | FiO2 <= 0.553) | PaCO2 >= 0.070)
",0.684,1.783,0.000,0.000,1.000,0,0,0,12,12,0,0,12,0.0,0.0,0.0,0.0,0.0,1.0,-1
"F[1,2](HR >= 84.027 -> Alkalinephos >= 0.000)
",-9999999.000,-9999999.000,0.000,0.000,1.000,0,0,0,12,12,0,0,12,0.0,0.0,0.0,0.0,0.0,1.0,-1
"((SaO2 <= 9.953) U[0,0] (AST <= 0.000))
",0.382,4.957,0.000,0.000,1.000,0,0,0,12,12,0,0,12,0.0,0.0,0.0,0.0,0.0,1.0,-1
"F[1,1](((AST >= 0.000 -> Hgb >= 0.574) & Hgb <= 4.071) -> Lactate >= 0.003)
",0.000,0.000,0.000,0.000,1.000,0,0,0,12,12,0,0,12,0.0,0.0,0.0,0.0,0.0,1.0,-1
"F[1,2](MAP >= 64.466 & Fibrinogen >= 0.000)
",-9999999.000,-9999999.000,0.000,0.000,1.000,0,0,0,12,12,0,0,12,0.0,0.0,0.0,0.0,0.0,1.0,-1
"F[0,1](PTT >= 0.920 -> MAP <= 79.577)
",-9999999.000,-9999999.000,0.000,0.000,1.000,0,0,0,12,12,0,0,12,0.0,0.0,0.0,0.0,0.0,1.0,-1
"((TroponinI >= 0.000) U[0,2] (FiO2 >= 0.033))
",-9999999.000,-9999999.000,0.000,0.000,1.000,0,0,0,12,12,0,0,12,0.0,0.0,0.0,0.0,0.0,1.0,-1
"F[2,2](WBC <= 10.523 & O2Sat <= 100.000)
",5923893813694319.000,10.523,0.000,0.000,1.000,0,0,0,12,12,0,0,12,0.0,0.0,0.0,0.0,0.0,1.0,-1
"((SepsisLabel <= 0.000) U[2,2] (Calcium >= 0.000))
",0.000,0.000,0.000,0.000,1.000,0,0,0,12,12,0,0,12,0.0,0.0,0.0,0.0,0.0,1.0,-1
"F[1,2](Chloride <= 65.635 | Glucose >= 1.490)
",-9999999.000,-9999999.000,0.000,0.000,1.000,0,0,0,12,12,0,0,12,0.0,0.0,0.0,0.0,0.0,1.0,-1
"F[0,1]((Lactate <= 1.183 -> Magnesium >= 0.054) -> Hct <= 1.892)
",-9999999.000,-9999999.000,0.000,0.000,1.000,0,0,0,12,12,0,0,12,0.0,0.0,0.0,0.0,0.0,1.0,-1
"F[1,1](((Bilirubin_total <= 0.000 & Temp >= 18.562) | Resp <= 35.968) | O2Sat >= 21.957)
",5061982234635890.000,35.968,0.000,0.000,1.000,0,0,0,12,12,0,0,12,0.0,0.0,0.0,0.0,0.0,1.0,-1
"((PaCO2 >= 4.826) U[0,1] (Resp <= 21.860))
",-9999999.000,-9999999.000,0.000,0.000,1.000,0,0,0,12,12,0,0,12,0.0,0.0,0.0,0.0,0.0,1.0,-1
"F[0,2](((WBC >= 0.719 -> O2Sat <= 100.000) | AST <= 100.000) & TroponinI >= 100.000)
",-9999999.000,-9999999.000,0.000,0.000,1.000,0,0,0,12,12,0,0,12,0.0,0.0,0.0,0.0,0.0,1.0,-1
"F[1,2](((MAP <= 78.037 -> Lactate <= 0.201) -> SBP <= 0.723) & EtCO2 <= 1.143)
",-9999999.000,-9999999.000,0.000,0.000,1.000,0,0,0,12,12,0,0,12,0.0,0.0,0.0,0.0,0.0,1.0,-1
"F[2,2]((DBP >= 32.221 & SBP <= 101.890) & Potassium <= 99.353)
",-4534770051420730.000,-32.221,0.000,0.000,1.000,0,0,0,12,12,0,0,12,0.0,0.0,0.0,0.0,0.0,1.0,-1
"F[1,2](Resp >= 15.446 & Bilirubin_direct <= 0.000)
",-9999999.000,-9999999.000,0.000,0.000,1.000,0,0,0,12,12,0,0,12,0.0,0.0,0.0,0.0,0.0,1.0,-1
"F[0,2](BaseExcess >= -0.617 & DBP <= 68.857)
",-9999999.000,-9999999.000,0.000,0.000,1.000,0,0,0,12,12,0,0,12,0.0,0.0,0.0,0.0,0.0,1.0,-1
"F[0,1]((Glucose <= 88.913 -> BUN <= 10.748) | Potassium <= 9.926)
",-9999999.000,-9999999.000,0.000,0.000,1.000,0,0,0,12,12,0,0,12,0.0,0.0,0.0,0.0,0.0,1.0,-1
"F[0,2](((Resp <= 17.625 | PaCO2 >= 1.740) -> Calcium >= 3.579) & Platelets >= 4.293)
",-9999999.000,-9999999.000,0.000,0.000,1.000,0,0,0,12,12,0,0,12,0.0,0.0,0.0,0.0,0.0,1.0,-1
"F[2,2]((BUN >= 0.304 & Temp >= 25.568) & Platelets >= 25.900)
",-7290286506528289.000,-25.900,0.000,0.000,1.000,0,0,0,12,12,0,0,12,0.0,0.0,0.0,0.0,0.0,1.0,-1
"F[2,2](((Glucose <= 15.255 | Temp <= 36.242) -> Creatinine <= 35.027) -> PaCO2 <= 32.491)
",-32.491,-32.491,0.000,0.000,1.000,0,0,0,12,12,0,0,12,0.0,0.0,0.0,0.0,0.0,1.0,-1
"F[0,1](((HR >= 88.105 -> Platelets <= 108.627) | Lactate <= 34.068) | Magnesium >= 2.113)
",-9999999.000,-9999999.000,0.000,0.000,1.000,0,0,0,12,12,0,0,12,0.0,0.0,0.0,0.0,0.0,1.0,-1
"((pH >= 0.002) U[0,2] (Resp <= 19.579))
",-9999999.000,-9999999.000,0.000,0.000,1.000,0,0,0,12,12,0,0,12,0.0,0.0,0.0,0.0,0.0,1.0,-1
"F[1,2](((FiO2 <= 0.559 -> Resp <= 18.862) | pH >= 15.045) & TroponinI <= 17.768)
",-9999999.000,-9999999.000,0.000,0.000,1.000,0,0,0,12,12,0,0,12,0.0,0.0,0.0,0.0,0.0,1.0,-1
"F[0,1]((Chloride <= 58.060 -> Hct >= 3.268) -> BUN >= 2.106)
",-9999999.000,-9999999.000,0.000,0.000,1.000,0,0,0,12,12,0,0,12,0.0,0.0,0.0,0.0,0.0,1.0,-1
"F[0,2](((Potassium >= 0.765 & Resp <= 18.202) -> O2Sat >= 11.162) | Platelets <= 18.609)
",-9999999.000,-9999999.000,0.000,0.000,1.000,0,0,0,12,12,0,0,12,0.0,0.0,0.0,0.0,0.0,1.0,-1
"F[0,2]((Chloride >= 5.370 -> MAP >= 72.766) -> WBC >= 62.633)
",-9999999.000,-9999999.000,0.000,0.000,1.000,0,0,0,12,12,0,0,12,0.0,0.0,0.0,0.0,0.0,1.0,-1
"F[0,2](((Hct <= 20.631 | SaO2 <= 25.092) & pH >= 2.557) -> PaCO2 >= 5.288)
",-9999999.000,-9999999.000,0.000,0.000,1.000,0,0,0,12,12,0,0,12,0.0,0.0,0.0,0.0,0.0,1.0,-1
"F[0,2]((HR >= 78.441 & Temp >= 1.690) -> HCO3 <= 36.346)
",-9999999.000,-9999999.000,0.000,0.000,1.000,0,0,0,12,12,0,0,12,0.0,0.0,0.0,0.0,0.0,1.0,-1
"F[1,2](((HR >= 82.038 & SBP <= 106.984) & PTT >= 91.948) | PTT <= 101.025)
",-9999999.000,-9999999.000,0.000,0.000,1.000,0,0,0,12,12,0,0,12,0.0,0.0,0.0,0.0,0.0,1.0,-1
"F[0,1]((BUN <= 4.042 | SBP >= 95.560) | Calcium <= 103.544)
",-9999999.000,-9999999.000,0.000,0.000,1.000,0,0,0,12,12,0,0,12,0.0,0.0,0.0,0.0,0.0,1.0,-1
"F[0,2](((Magnesium >= 0.131 -> Temp <= 36.955) | DBP >= 8.205) | MAP <= 32.358)
",-9999999.000,-9999999.000,0.000,0.000,1.000,0,0,0,12,12,0,0,12,0.0,0.0,0.0,0.0,0.0,1.0,-1
"F[2,2](((SaO2 <= 65.132 & Temp <= 35.947) | Temp <= 36.817) & Resp <= 32.069)
",32.069,32.069,0.000,0.000,1.000,0,0,0,12,12,0,0,12,0.0,0.0,0.0,0.0,0.0,1.0,-1
"F[0,2](((Platelets >= 8.035 & Resp <= 17.384) -> Platelets >= 14.283) -> PaCO2 <= 17.968)
",-9999999.000,-9999999.000,0.000,0.000,1.000,0,0,0,12,12,0,0,12,0.0,0.0,0.0,0.0,0.0,1.0,-1
"F[1,2]((Hgb <= 1.154 & Temp <= 35.955) & HR <= 33.294)
",-9999999.000,-9999999.000,0.000,0.000,1.000,0,0,0,12,12,0,0,12,0.0,0.0,0.0,0.0,0.0,1.0,-1
"F[0,1](((HR >= 78.508 & SaO2 >= 7.629) -> DBP >= 3.078) | Calcium <= 74.165)
",-9999999.000,-9999999.000,0.000,0.000,1.000,0,0,0,12,12,0,0,12,0.0,0.0,0.0,0.0,0.0,1.0,-1
"F[0,1](HCO3 >= 1.573 | HR >= 80.411)
",-9999999.000,-9999999.000,0.000,0.000,1.000,0,0,0,12,12,0,0,12,0.0,0.0,0.0,0.0,0.0,1.0,-1
"F[1,2]((Glucose <= 63.503 | HR <= 99.305) -> BaseExcess <= 96.956)
",-9999999.000,-9999999.000,0.000,0.000,1.000,0,0,0,12,12,0,0,12,0.0,0.0,0.0,0.0,0.0,1.0,-1
"F[1,1]((Lactate >= 0.051 | Resp >= 14.940) -> Calcium <= 19.072)
",-5368249907677215.000,-19.072,0.000,0.000,1.000,0,0,0,12,12,0,0,12,0.0,0.0,0.0,0.0,0.0,1.0,-1
"F[0,2](((Calcium < 0.000 & Potassium < 1.869) & Magnesium < 0.808) & Phosphate < 0.000)
",-9999999.000,-9999999.000,0.000,0.000,1.000,0,0,0,12,12,0,0,12,0.0,0.0,0.0,0.0,0.0,1.0,-1
"F[0,2]((Phosphate >= 0.000 & Magnesium > 0.120) -> Calcium < 0.000)
",-9999999.000,-9999999.000,0.000,0.000,1.000,0,0,0,12,12,0,0,12,0.0,0.0,0.0,0.0,0.0,1.0,-1
"((MAP >= 62.668) U[1,2] (SBP <= 104.029))
",-9999999.000,-9999999.000,0.000,0.000,1.000,0,0,0,12,12,0,0,12,0.0,0.0,0.0,0.0,0.0,1.0,-1
"F[0,2]((Lactate >= 0.009 & SaO2 <= 20.075) | PaCO2 <= 51.509)
",-9999999.000,-9999999.000,0.000,0.000,1.000,0,0,0,12,12,0,0,12,0.0,0.0,0.0,0.0,0.0,1.0,-1
"((Creatinine <= 0.072) U[0,1] (Hct <= 29.931))
",-9999999.000,-9999999.000,0.000,0.000,1.000,0,0,0,12,12,0,0,12,0.0,0.0,0.0,0.0,0.0,1.0,-1
"F[0,1]((HCO3 <= 3.260 | Hct <= 21.419) -> Fibrinogen <= 24.890)
",-9999999.000,-9999999.000,0.000,0.000,1.000,0,0,0,12,12,0,0,12,0.0,0.0,0.0,0.0,0.0,1.0,-1
"((DBP >= 17.149) U[1,2] (Magnesium >= 0.110))
",-9999999.000,-9999999.000,0.000,0.000,1.000,0,0,0,12,12,0,0,12,0.0,0.0,0.0,0.0,0.0,1.0,-1
"F[1,1]((SBP <= 105.600 -> Temp >= 17.905) | Bilirubin_direct <= 32.188)
",32.188,32.188,0.000,0.000,1.000,0,0,0,12,12,0,0,12,0.0,0.0,0.0,0.0,0.0,1.0,-1
"F[1,1]((Hct <= 6.788 | Magnesium <= 0.813) -> Alkalinephos <= 2.244)
",-7642896226875761.000,-6.788,0.000,0.000,1.000,0,0,0,12,12,0,0,12,0.0,0.0,0.0,0.0,0.0,1.0,-1
"((DBP >= 45.338) U[2,2] (PaCO2 <= 37.129))
",37.129,37.129,0.000,0.000,1.000,0,0,0,12,12,0,0,12,0.0,0.0,0.0,0.0,0.0,1.0,-1
"((BUN <= 11.059) U[0,2] (HR <= 98.111))
",-9999999.000,-9999999.000,0.000,0.000,1.000,0,0,0,12,12,0,0,12,0.0,0.0,0.0,0.0,0.0,1.0,-1
"F[1,2]((FiO2 <= 0.728 -> HCO3 >= 0.148) & Hct >= 0.131)
",-9999999.000,-9999999.000,0.000,0.000,1.000,0,0,0,12,12,0,0,12,0.0,0.0,0.0,0.0,0.0,1.0,-1
"((Chloride <= 104.014) U[0,0] (HR <= 102.285))
",104.014,104.014,0.000,0.000,1.000,0,0,0,12,12,0,0,12,0.0,0.0,0.0,0.0,0.0,1.0,-1
"F[1,2](((Resp >= 15.307 & WBC <= 12.829) | Calcium <= 3.234) -> pH >= 0.282)
",-9999999.000,-9999999.000,0.000,0.000,1.000,0,0,0,12,12,0,0,12,0.0,0.0,0.0,0.0,0.0,1.0,-1
"F[0,1]((Chloride <= 37.913 | Temp <= 36.838) -> Platelets <= 37.116)
",-9999999.000,-9999999.000,0.000,0.000,1.000,0,0,0,12,12,0,0,12,0.0,0.0,0.0,0.0,0.0,1.0,-1
"F[0,1]((Hct <= 12.691 & Lactate >= 0.005) | Potassium <= 0.279)
",-9999999.000,-9999999.000,0.000,0.000,1.000,0,0,0,12,12,0,0,12,0.0,0.0,0.0,0.0,0.0,1.0,-1
"((HR >= 80.294) U[0,1] (EtCO2 <= 0.000))
",-9999999.000,-9999999.000,0.000,0.000,1.000,0,0,0,12,12,0,0,12,0.0,0.0,0.0,0.0,0.0,1.0,-1
"F[0,2](((BaseExcess >= -0.424 -> Hct >= 2.127) & Potassium <= 31.217) -> HR >= 3.659)
",-9999999.000,-9999999.000,0.000,0.000,1.000,0,0,0,12,12,0,0,12,0.0,0.0,0.0,0.0,0.0,1.0,-1
"F[0,1](((Lactate >= 0.026 & pH >= 0.872) | HCO3 <= 5.349) | Creatinine >= 0.199)
",-9999999.000,-9999999.000,0.000,0.000,1.000,0,0,0,12,12,0,0,12,0.0,0.0,0.0,0.0,0.0,1.0,-1
"F[1,2]((Hgb >= 0.695 | Magnesium >= 0.088) & Platelets <= 2.313)
",-9999999.000,-9999999.000,0.000,0.000,1.000,0,0,0,12,12,0,0,12,0.0,0.0,0.0,0.0,0.0,1.0,-1
"((Glucose <= 86.629) U[2,2] (WBC <= 8.712))
",6095972321588641.000,86.629,0.000,0.000,1.000,0,0,0,12,12,0,0,12,0.0,0.0,0.0,0.0,0.0,1.0,-1
"F[1,1](((HR >= 78.909 | MAP >= 71.571) | HR <= 85.643) & HCO3 <= 75.680)
",5325520862743027.000,75.680,0.000,0.000,1.000,0,0,0,12,12,0,0,12,0.0,0.0,0.0,0.0,0.0,1.0,-1
"F[2,2]((Magnesium >= 0.182 -> Platelets <= 168.277) | Chloride >= 6.274)
",-6.274,-6.274,0.000,0.000,1.000,0,0,0,12,12,0,0,12,0.0,0.0,0.0,0.0,0.0,1.0,-1
"F[2,2]((Glucose <= 102.935 & PTT <= 3.359) | Chloride <= 15.135)
",8520123495640948.000,15.135,0.000,0.000,1.000,0,0,0,12,12,0,0,12,0.0,0.0,0.0,0.0,0.0,1.0,-1
"F[0,1]((Chloride <= 66.784 | Glucose <= 60.968) | BaseExcess >= 7.785)
",-9999999.000,-9999999.000,0.000,0.000,1.000,0,0,0,12,12,0,0,12,0.0,0.0,0.0,0.0,0.0,1.0,-1
"F[1,2](((Chloride <= 71.061 | Magnesium >= 0.072) -> EtCO2 >= 0.140) -> Alkalinephos <= 0.554)
",-9999999.000,-9999999.000,0.000,0.000,1.000,0,0,0,12,12,0,0,12,0.0,0.0,0.0,0.0,0.0,1.0,-1
"F[0,2]((Resp >= 12.237 -> Temp <= 33.707) | Phosphate >= 26.459)
",-9999999.000,-9999999.000,0.000,0.000,1.000,0,0,0,12,12,0,0,12,0.0,0.0,0.0,0.0,0.0,1.0,-1
"((MAP >= 68.116) U[0,1] (pH <= 2.744))
",-9999999.000,-9999999.000,0.000,0.000,1.000,0,0,0,12,12,0,0,12,0.0,0.0,0.0,0.0,0.0,1.0,-1
"F[2,2](((BUN <= 10.980 -> PaCO2 >= 5.452) & Bilirubin_total >= 3.528) -> pH <= 45.025)
",-45.025,-45.025,0.000,0.000,1.000,0,0,0,12,12,0,0,12,0.0,0.0,0.0,0.0,0.0,1.0,-1
"F[0,1](((MAP >= 70.142 | Potassium <= 2.577) & SaO2 >= 0.447) | Phosphate <= 1.075)
",-9999999.000,-9999999.000,0.000,0.000,1.000,0,0,0,12,12,0,0,12,0.0,0.0,0.0,0.0,0.0,1.0,-1
"F[0,2]((DBP <= 55.143 & Platelets >= 10.419) -> Platelets >= 2.702)
",-9999999.000,-9999999.000,0.000,0.000,1.000,0,0,0,12,12,0,0,12,0.0,0.0,0.0,0.0,0.0,1.0,-1
"F[0,1]((DBP >= 42.551 -> HCO3 <= 6.805) -> PaCO2 <= 7.143)
",-9999999.000,-9999999.000,0.000,0.000,1.000,0,0,0,12,12,0,0,12,0.0,0.0,0.0,0.0,0.0,1.0,-1
"F[1,2](((DBP <= 73.053 & Hct <= 19.389) -> WBC >= 3.563) & Temp >= 1.043)
",-9999999.000,-9999999.000,0.000,0.000,1.000,0,0,0,12,12,0,0,12,0.0,0.0,0.0,0.0,0.0,1.0,-1
"F[1,2](((Lactate <= 0.274 -> Potassium >= 0.931) -> BaseExcess <= 1.041) -> Hgb <= 2.596)
",-9999999.000,-9999999.000,0.000,0.000,1.000,0,0,0,12,12,0,0,12,0.0,0.0,0.0,0.0,0.0,1.0,-1
"F[1,2]((Magnesium >= 0.096 -> PaCO2 >= 1.979) & Phosphate <= 17.410)
",-9999999.000,-9999999.000,0.000,0.000,1.000,0,0,0,12,12,0,0,12,0.0,0.0,0.0,0.0,0.0,1.0,-1
"((Potassium <= 2.912) U[2,2] (PTT >= 0.582))
",6557026326341402.000,2.912,0.000,0.000,1.000,0,0,0,12,12,0,0,12,0.0,0.0,0.0,0.0,0.0,1.0,-1
"F[1,2](((Creatinine <= 0.291 & Potassium <= 3.424) -> Calcium >= 0.667) | SaO2 >= 0.584)
",-9999999.000,-9999999.000,0.000,0.000,1.000,0,0,0,12,12,0,0,12,0.0,0.0,0.0,0.0,0.0,1.0,-1
"F[0,1]((BaseExcess >= -0.219 -> MAP <= 86.181) -> EtCO2 <= 80.882)
",-9999999.000,-9999999.000,0.000,0.000,1.000,0,0,0,12,12,0,0,12,0.0,0.0,0.0,0.0,0.0,1.0,-1
"F[0,1]((MAP >= 64.735 -> SaO2 <= 78.822) & Alkalinephos <= 74.835)
",-9999999.000,-9999999.000,0.000,0.000,1.000,0,0,0,12,12,0,0,12,0.0,0.0,0.0,0.0,0.0,1.0,-1
"((PaCO2 <= 17.524) U[1,2] (Resp <= 20.451))
",-9999999.000,-9999999.000,0.000,0.000,1.000,0,0,0,12,12,0,0,12,0.0,0.0,0.0,0.0,0.0,1.0,-1
"F[1,2](((Hgb <= 7.138 & PaCO2 <= 17.313) | SBP >= 5.160) & Hgb <= 24.534)
",-9999999.000,-9999999.000,0.000,0.000,1.000,0,0,0,12,12,0,0,12,0.0,0.0,0.0,0.0,0.0,1.0,-1
"F[2,2]((Hct >= 2.504 -> WBC <= 12.913) & AST >= 0.361)
",-7269175100901969.000,-12.913,0.000,0.000,1.000,0,0,0,12,12,0,0,12,0.0,0.0,0.0,0.0,0.0,1.0,-1
"F[0,2]((Platelets >= 8.548 & Potassium <= 1.162) & WBC >= 0.094)
",-9999999.000,-9999999.000,0.000,0.000,1.000,0,0,0,12,12,0,0,12,0.0,0.0,0.0,0.0,0.0,1.0,-1
"F[1,1](((BUN <= 2.743 -> Potassium >= 0.868) | O2Sat <= 1.411) -> O2Sat >= 0.286)
",-6355829013961137.000,-1.411,0.000,0.000,1.000,0,0,0,12,12,0,0,12,0.0,0.0,0.0,0.0,0.0,1.0,-1
"F[2,2](((HR <= 98.104 & Lactate <= 0.758) | Glucose >= 0.029) | Hgb >= 0.056)
",6828550698028381.000,0.758,0.000,0.000,1.000,0,0,0,12,12,0,0,12,0.0,0.0,0.0,0.0,0.0,1.0,-1
"F[0,1]((Lactate >= 0.021 -> PaCO2 <= 18.872) | Platelets <= 20.064)
",-9999999.000,-9999999.000,0.000,0.000,1.000,0,0,0,12,12,0,0,12,0.0,0.0,0.0,0.0,0.0,1.0,-1
"F[1,2](pH >= 1.457 | Platelets <= 137.274)
",-9999999.000,-9999999.000,0.000,0.000,1.000,0,0,0,12,12,0,0,12,0.0,0.0,0.0,0.0,0.0,1.0,-1
"F[0,1](((pH <= 4.829 | WBC >= 0.274) -> Chloride <= 14.103) | Bilirubin_total >= 0.045)
",-9999999.000,-9999999.000,0.000,0.000,1.000,0,0,0,12,12,0,0,12,0.0,0.0,0.0,0.0,0.0,1.0,-1
"F[0,1]((Hct <= 12.334 & pH >= 0.100) | Lactate <= 5.389)
",-9999999.000,-9999999.000,0.000,0.000,1.000,0,0,0,12,12,0,0,12,0.0,0.0,0.0,0.0,0.0,1.0,-1
"F[1,2](((HR <= 91.292 & Magnesium <= 0.203) & SBP >= 0.067) | Magnesium <= 1.467)
",-9999999.000,-9999999.000,0.000,0.000,1.000,0,0,0,12,12,0,0,12,0.0,0.0,0.0,0.0,0.0,1.0,-1
"F[2,2](((Glucose <= 40.254 -> Potassium >= 0.753) -> SaO2 >= 0.846) -> pH <= 2.879)
",-6483689006003555.000,-2.879,0.000,0.000,1.000,0,0,0,12,12,0,0,12,0.0,0.0,0.0,0.0,0.0,1.0,-1
"F[0,1](Hgb <= 9.891 | Hct <= 11.194)
",-9999999.000,-9999999.000,0.000,0.000,1.000,0,0,0,12,12,0,0,12,0.0,0.0,0.0,0.0,0.0,1.0,-1
"F[0,1]((Phosphate >= 0.000 & Magnesium > 0.022) -> Calcium < 0.000)
",-9999999.000,-9999999.000,0.000,0.000,1.000,0,0,0,12,12,0,0,12,0.0,0.0,0.0,0.0,0.0,1.0,-1
"F[0,2](Hgb <= 3.763 | Hct <= 20.985)
",-9999999.000,-9999999.000,0.000,0.000,1.000,0,0,0,12,12,0,0,12,0.0,0.0,0.0,0.0,0.0,1.0,-1
"F[0,2](((Calcium < 0.000 & Potassium < 1.730) & Magnesium < 2.023) & Phosphate < 0.000)
",-9999999.000,-9999999.000,0.000,0.000,1.000,0,0,0,12,12,0,0,12,0.0,0.0,0.0,0.0,0.0,1.0,-1
"((BUN <= 9.022) U[0,2] (SepsisLabel = 0.000))
",-9999999.000,-9999999.000,0.000,0.000,1.000,0,0,0,12,12,0,0,12,0.0,0.0,0.0,0.0,0.0,1.0,-1
"F[1,2](EtCO2 > 0.000 -> SepsisLabel = 0.000)
",-9999999.000,-9999999.000,0.000,0.000,1.000,0,0,0,12,12,0,0,12,0.0,0.0,0.0,0.0,0.0,1.0,-1
"((Hct > 1.227) U[2,2] (SepsisLabel = 0.000))
",0.000,0.000,0.000,0.000,1.000,0,0,0,12,12,0,0,12,0.0,0.0,0.0,0.0,0.0,1.0,-1
"F[0,1](PTT >= 0.872 -> SepsisLabel = 0.000)
",-9999999.000,-9999999.000,0.000,0.000,1.000,0,0,0,12,12,0,0,12,0.0,0.0,0.0,0.0,0.0,1.0,-1
"F[2,2](EtCO2 >= 0.000 -> SepsisLabel = 0.000)
",0.000,0.000,0.000,0.000,1.000,0,0,0,12,12,0,0,12,0.0,0.0,0.0,0.0,0.0,1.0,-1
"F[0,1](Fibrinogen <= 0.000 -> SepsisLabel = 0.000)
",-9999999.000,-9999999.000,0.000,0.000,1.000,0,0,0,12,12,0,0,12,0.0,0.0,0.0,0.0,0.0,1.0,-1
"((Alkalinephos >= 0.000) U[2,2] (SepsisLabel = 0.000))
",0.000,0.000,0.000,0.000,1.000,0,0,0,12,12,0,0,12,0.0,0.0,0.0,0.0,0.0,1.0,-1
"((WBC > 1.120) U[0,2] (SepsisLabel = 0.000))
",-9999999.000,-9999999.000,0.000,0.000,1.000,0,0,0,12,12,0,0,12,0.0,0.0,0.0,0.0,0.0,1.0,-1
"((Resp >= 14.107) U[0,0] (SepsisLabel = 0.000))
",1.555,35.604,0.000,0.000,1.000,0,0,0,12,12,0,0,12,0.0,0.0,0.0,0.0,0.0,1.0,-1
"F[0,2](Potassium < 2.189 -> SepsisLabel = 0.000)
",-9999999.000,-9999999.000,0.000,0.000,1.000,0,0,0,12,12,0,0,12,0.0,0.0,0.0,0.0,0.0,1.0,-1
"((Bilirubin_direct <= 0.000) U[0,1] (SepsisLabel = 0.000))
",-9999999.000,-9999999.000,0.000,0.000,1.000,0,0,0,12,12,0,0,12,0.0,0.0,0.0,0.0,0.0,1.0,-1
"((Phosphate < 0.000) U[0,1] (SepsisLabel = 0.000))
",-9999999.000,-9999999.000,0.000,0.000,1.000,0,0,0,12,12,0,0,12,0.0,0.0,0.0,0.0,0.0,1.0,-1
"((Platelets < 104.484) U[0,1] (SepsisLabel = 0.000))
",-9999999.000,-9999999.000,0.000,0.000,1.000,0,0,0,12,12,0,0,12,0.0,0.0,0.0,0.0,0.0,1.0,-1
"F[1,2]((Creatinine >= 0.014 & Hgb <= 1.520) -> Phosphate <= 8.425)
",-9999999.000,-9999999.000,0.000,0.000,1.000,0,0,0,12,12,0,0,12,0.0,0.0,0.0,0.0,0.0,1.0,-1
"F[0,1]((HCO3 <= 2.960 -> Hgb <= 8.426) & Platelets <= 8.720)
",-9999999.000,-9999999.000,0.000,0.000,1.000,0,0,0,12,12,0,0,12,0.0,0.0,0.0,0.0,0.0,1.0,-1
"((SaO2 >= 4.583) U[0,2] (SepsisLabel = 0.000))
",-9999999.000,-9999999.000,0.000,0.000,1.000,0,0,0,12,12,0,0,12,0.0,0.0,0.0,0.0,0.0,1.0,-1
"((Creatinine >= 0.003) U[0,2] (SepsisLabel = 0.000))
",-9999999.000,-9999999.000,0.000,0.000,1.000,0,0,0,12,12,0,0,12,0.0,0.0,0.0,0.0,0.0,1.0,-1
"F[0,1](Alkalinephos >= 0.000 -> SepsisLabel = 0.000)
",-9999999.000,-9999999.000,0.000,0.000,1.000,0,0,0,12,12,0,0,12,0.0,0.0,0.0,0.0,0.0,1.0,-1
"((Lactate <= 0.165) U[1,2] (BUN <= 10.820))
",-9999999.000,-9999999.000,0.000,0.000,1.000,0,0,0,12,12,0,0,12,0.0,0.0,0.0,0.0,0.0,1.0,-1
"F[1,1](Resp >= 12.650 | EtCO2 >= 0.000)
",0.000,0.000,0.000,0.000,1.000,0,0,0,12,12,0,0,12,0.0,0.0,0.0,0.0,0.0,1.0,-1
"F[1,2](MAP <= 85.224 -> Phosphate >= 0.000)
",-9999999.000,-9999999.000,0.000,0.000,1.000,0,0,0,12,12,0,0,12,0.0,0.0,0.0,0.0,0.0,1.0,-1
"F[1,2](WBC >= 1.046 | Chloride >= 2.669)
",-9999999.000,-9999999.000,0.000,0.000,1.000,0,0,0,12,12,0,0,12,0.0,0.0,0.0,0.0,0.0,1.0,-1
"F[0,2](((Chloride >= 7.443 & Chloride >= 4.211) | Bilirubin_total >= 2.670) | HR >= 5.781)
",-9999999.000,-9999999.000,0.000,0.000,1.000,0,0,0,12,12,0,0,12,0.0,0.0,0.0,0.0,0.0,1.0,-1
"F[0,1](HCO3 <= 8.108 | SaO2 >= 3.211)
",-9999999.000,-9999999.000,0.000,0.000,1.000,0,0,0,12,12,0,0,12,0.0,0.0,0.0,0.0,0.0,1.0,-1
"F[2,2](Glucose <= 104.781 -> Phosphate >= 0.000)
",-104.781,-104.781,0.000,0.000,1.000,0,0,0,12,12,0,0,12,0.0,0.0,0.0,0.0,0.0,1.0,-1
"F[1,2](((Hct >= 3.745 & Alkalinephos <= 0.000) -> PTT <= 0.000) & BUN >= 0.000)
",-9999999.000,-9999999.000,0.000,0.000,1.000,0,0,0,12,12,0,0,12,0.0,0.0,0.0,0.0,0.0,1.0,-1
"F[0,2](PaCO2 >= 2.940 -> SepsisLabel = 0.000)
",-9999999.000,-9999999.000,0.000,0.000,1.000,0,0,0,12,12,0,0,12,0.0,0.0,0.0,0.0,0.0,1.0,-1
"F[0,2](((Chloride <= 98.472 & Resp <= 18.596) & Hgb <= 15.684) & Magnesium <= 19.699)
",-9999999.000,-9999999.000,0.000,0.000,1.000,0,0,0,12,12,0,0,12,0.0,0.0,0.0,0.0,0.0,1.0,-1
"F[2,2](DBP <= 64.158 -> FiO2 >= 0.081)
",-4514704246200807.000,-64.158,0.000,0.000,1.000,0,0,0,12,12,0,0,12,0.0,0.0,0.0,0.0,0.0,1.0,-1
"F[0,1]((Creatinine <= 0.160 -> SaO2 >= 7.815) -> BaseExcess >= 0.136)
",-9999999.000,-9999999.000,0.000,0.000,1.000,0,0,0,12,12,0,0,12,0.0,0.0,0.0,0.0,0.0,1.0,-1
"F[1,1](BUN < 1.794 -> SepsisLabel = 0.000)
",-8080843940466113.000,-1.794,0.000,0.000,1.000,0,0,0,12,12,0,0,12,0.0,0.0,0.0,0.0,0.0,1.0,-1
"F[1,2](HCO3 <= 23.273 & SepsisLabel = 0.000)
",-9999999.000,-9999999.000,0.000,0.000,1.000,0,0,0,12,12,0,0,12,0.0,0.0,0.0,0.0,0.0,1.0,-1
"F[1,2](Resp <= 20.285 & SepsisLabel = 0.000)
",-9999999.000,-9999999.000,0.000,0.000,1.000,0,0,0,12,12,0,0,12,0.0,0.0,0.0,0.0,0.0,1.0,-1
"F[2,2](Creatinine >= 0.008 -> HCO3 <= 4.268)
",-4.268,-4.268,0.000,0.000,1.000,0,0,0,12,12,0,0,12,0.0,0.0,0.0,0.0,0.0,1.0,-1
"((BUN <= 8.815) U[0,1] (Hgb <= 2.393))
",-9999999.000,-9999999.000,0.000,0.000,1.000,0,0,0,12,12,0,0,12,0.0,0.0,0.0,0.0,0.0,1.0,-1
"F[0,0](((BUN >= 0.254 | Creatinine >= 0.010) | BaseExcess <= 0.213) | SaO2 <= 0.146)
",0.323,10.284,0.000,0.000,1.000,0,0,0,12,12,0,0,12,0.0,0.0,0.0,0.0,0.0,1.0,-1
"F[0,2](O2Sat >= 100.000 -> SepsisLabel = 0.000)
",-9999999.000,-9999999.000,0.000,0.000,1.000,0,0,0,12,12,0,0,12,0.0,0.0,0.0,0.0,0.0,1.0,-1
"((MAP >= 67.233) U[0,2] (SBP <= 103.265))
",-9999999.000,-9999999.000,0.000,0.000,1.000,0,0,0,12,12,0,0,12,0.0,0.0,0.0,0.0,0.0,1.0,-1
"F[0,2](Hgb <= 9.387 | Hct <= 24.579)
",-9999999.000,-9999999.000,0.000,0.000,1.000,0,0,0,12,12,0,0,12,0.0,0.0,0.0,0.0,0.0,1.0,-1
"((MAP >= 70.941) U[0,2] (SBP <= 106.745))
",-9999999.000,-9999999.000,0.000,0.000,1.000,0,0,0,12,12,0,0,12,0.0,0.0,0.0,0.0,0.0,1.0,-1
"F[0,2](Hgb <= 5.008 | Hct <= 16.814)
",-9999999.000,-9999999.000,0.000,0.000,1.000,0,0,0,12,12,0,0,12,0.0,0.0,0.0,0.0,0.0,1.0,-1
"F[1,2]((Calcium <= 0.000 & Potassium <= 2.068) & Magnesium >= 0.046)
",-9999999.000,-9999999.000,0.000,0.000,1.000,0,0,0,12,12,0,0,12,0.0,0.0,0.0,0.0,0.0,1.0,-1
"F[0,1](Hgb <= 7.455 | Hct <= 12.965)
",-9999999.000,-9999999.000,0.000,0.000,1.000,0,0,0,12,12,0,0,12,0.0,0.0,0.0,0.0,0.0,1.0,-1
"F[1,2]((Calcium <= 0.000 & Potassium <= 2.277) & Magnesium >= 0.078)
",-9999999.000,-9999999.000,0.000,0.000,1.000,0,0,0,12,12,0,0,12,0.0,0.0,0.0,0.0,0.0,1.0,-1
"F[0,2](((Calcium < 0.000 & Potassium < 1.693) & Magnesium < 1.831) & Phosphate < 0.000)
",-9999999.000,-9999999.000,0.000,0.000,1.000,0,0,0,12,12,0,0,12,0.0,0.0,0.0,0.0,0.0,1.0,-1
"F[0,2](((Calcium < 0.000 & Potassium < 4.164) & Magnesium < 0.201) & Phosphate < 0.000)
",-9999999.000,-9999999.000,0.000,0.000,1.000,0,0,0,12,12,0,0,12,0.0,0.0,0.0,0.0,0.0,1.0,-1
"((MAP >= 62.031) U[0,2] (SBP <= 105.152))
",-9999999.000,-9999999.000,0.000,0.000,1.000,0,0,0,12,12,0,0,12,0.0,0.0,0.0,0.0,0.0,1.0,-1
"F[1,2](Hgb <= 5.375 | Hct <= 14.094)
",-9999999.000,-9999999.000,0.000,0.000,1.000,0,0,0,12,12,0,0,12,0.0,0.0,0.0,0.0,0.0,1.0,-1
"F[1,2]((Calcium <= 0.000 & Potassium <= 1.427) & Magnesium >= 0.178)
",-9999999.000,-9999999.000,0.000,0.000,1.000,0,0,0,12,12,0,0,12,0.0,0.0,0.0,0.0,0.0,1.0,-1
"F[0,2]((Phosphate >= 0.000 & Magnesium > 0.186) -> Calcium < 0.000)
",-9999999.000,-9999999.000,0.000,0.000,1.000,0,0,0,12,12,0,0,12,0.0,0.0,0.0,0.0,0.0,1.0,-1
"F[0,1](Hgb <= 3.429 | Hct <= 18.028)
",-9999999.000,-9999999.000,0.000,0.000,1.000,0,0,0,12,12,0,0,12,0.0,0.0,0.0,0.0,0.0,1.0,-1
"F[1,2]((Phosphate >= 0.000 & Magnesium > 0.093) -> Calcium < 0.000)
",-9999999.000,-9999999.000,0.000,0.000,1.000,0,0,0,12,12,0,0,12,0.0,0.0,0.0,0.0,0.0,1.0,-1
"F[2,2]((Calcium <= 0.000 & Potassium <= 4.550) & Magnesium >= 0.132)
",-4746119954608386.000,-0.132,0.000,0.000,1.000,0,0,0,12,12,0,0,12,0.0,0.0,0.0,0.0,0.0,1.0,-1
"F[0,1](DBP >= 8.573 | Temp >= 19.805)
",-9999999.000,-9999999.000,0.000,0.000,1.000,0,0,0,12,12,0,0,12,0.0,0.0,0.0,0.0,0.0,1.0,-1
"F[1,1](DBP < 61.543 -> SepsisLabel = 0.000)
",-61.543,-61.543,0.000,0.000,1.000,0,0,0,12,12,0,0,12,0.0,0.0,0.0,0.0,0.0,1.0,-1
"F[0,0]((BaseExcess <= -0.001 | Magnesium <= 1.017) | SepsisLabel <= 2.009)
",6.730,1.919,0.000,0.000,1.000,0,0,0,12,12,0,0,12,0.0,0.0,0.0,0.0,0.0,1.0,-1
"F[0,0]((Lactate >= 0.026 -> Magnesium >= 0.189) | Creatinine <= 2.049)
",-0.143,-1.681,0.000,0.000,1.000,0,0,0,12,12,0,0,12,0.0,0.0,0.0,0.0,0.0,1.0,-1
"F[0,2]((PaCO2 >= 0.250 | pH <= 6.831) -> EtCO2 >= 0.702)
",-9999999.000,-9999999.000,0.000,0.000,1.000,0,0,0,12,12,0,0,12,0.0,0.0,0.0,0.0,0.0,1.0,-1
"F[0,1]((Platelets <= 146.063 | PTT <= 28.868) | Resp >= 0.924)
",-9999999.000,-9999999.000,0.000,0.000,1.000,0,0,0,12,12,0,0,12,0.0,0.0,0.0,0.0,0.0,1.0,-1
"F[0,1](HCO3 >= 0.514 | PTT <= 20.760)
",-9999999.000,-9999999.000,0.000,0.000,1.000,0,0,0,12,12,0,0,12,0.0,0.0,0.0,0.0,0.0,1.0,-1
"F[2,2](pH < 3.690 -> SepsisLabel = 0.000)
",-4154180906151155.000,-3.690,0.000,0.000,1.000,0,0,0,12,12,0,0,12,0.0,0.0,0.0,0.0,0.0,1.0,-1
"F[1,2]((Platelets <= 29.249 -> SaO2 >= 1.007) -> pH >= 6.727)
",-9999999.000,-9999999.000,0.000,0.000,1.000,0,0,0,12,12,0,0,12,0.0,0.0,0.0,0.0,0.0,1.0,-1
"F[0,1](Hgb <= 2.582 | Hct <= 30.992)
",-9999999.000,-9999999.000,0.000,0.000,1.000,0,0,0,12,12,0,0,12,0.0,0.0,0.0,0.0,0.0,1.0,-1
"F[0,1]((Phosphate >= 0.000 & Magnesium > 0.190) -> Calcium < 0.000)
",-9999999.000,-9999999.000,0.000,0.000,1.000,0,0,0,12,12,0,0,12,0.0,0.0,0.0,0.0,0.0,1.0,-1
"F[1,2](((Calcium < 0.000 & Potassium < 1.855) & Magnesium < 0.545) & Phosphate < 0.000)
",-9999999.000,-9999999.000,0.000,0.000,1.000,0,0,0,12,12,0,0,12,0.0,0.0,0.0,0.0,0.0,1.0,-1
"F[1,2]((Phosphate >= 0.000 & Magnesium > 0.067) -> Calcium < 0.000)
",-9999999.000,-9999999.000,0.000,0.000,1.000,0,0,0,12,12,0,0,12,0.0,0.0,0.0,0.0,0.0,1.0,-1
"((MAP >= 64.417) U[0,1] (SBP <= 106.180))
",-9999999.000,-9999999.000,0.000,0.000,1.000,0,0,0,12,12,0,0,12,0.0,0.0,0.0,0.0,0.0,1.0,-1
"F[0,2]((Calcium <= 0.000 & Potassium <= 2.171) & Magnesium >= 0.041)
",-9999999.000,-9999999.000,0.000,0.000,1.000,0,0,0,12,12,0,0,12,0.0,0.0,0.0,0.0,0.0,1.0,-1
"F[0,2]((Phosphate >= 0.000 & Magnesium > 0.061) -> Calcium < 0.000)
",-9999999.000,-9999999.000,0.000,0.000,1.000,0,0,0,12,12,0,0,12,0.0,0.0,0.0,0.0,0.0,1.0,-1
"F[0,2](Temp <= 32.814 -> O2Sat <= 100.000)
",-9999999.000,-9999999.000,0.000,0.000,1.000,0,0,0,12,12,0,0,12,0.0,0.0,0.0,0.0,0.0,1.0,-1
"G[1,2]((Bilirubin_direct <= 0.000 | Platelets <= 42.735) | Hgb >= 5.759)
",9999999.000,9999999.000,0.000,1.000,0.000,0,0,12,0,0,12,12,0,0.0,0.0,1.0,0.0,0.0,1.0,1
"F[0,2](((BaseExcess <= -0.037 & Creatinine <= 0.434) & PTT >= 0.030) -> DBP <= 0.548)
",-9999999.000,-9999999.000,0.000,0.000,1.000,0,0,0,12,12,0,0,12,0.0,0.0,0.0,0.0,0.0,1.0,-1
"G[1,1]((Glucose >= 9.746 -> SBP >= 97.095) & Phosphate >= 94.864)
",-94.864,-94.864,0.000,1.000,0.000,0,0,1,11,11,1,1,11,0.0,0.0,1.0,0.0,0.0,1.0,1
"G[1,2](((SaO2 <= 50.544 -> SBP >= 91.249) -> Potassium >= 97.098) | SBP >= 94.453)
",9999999.000,9999999.000,0.000,1.000,0.000,0,0,11,1,1,11,11,1,0.0,0.0,1.0,0.0,0.0,1.0,1
"G[1,2](((FiO2 <= 0.328 & pH >= 0.078) | PaCO2 <= 2.532) -> MAP >= 0.458)
",9999999.000,9999999.000,0.000,1.000,0.000,0,0,12,0,0,12,12,0,0.0,0.0,1.0,0.0,0.0,1.0,1
"G[0,0](((Hct >= 4.580 & HR >= 89.051) & Chloride <= 100.657) & Creatinine <= 96.911)
",-1.992,-5.444,0.000,1.000,0.000,0,0,0,12,12,0,0,12,0.0,0.0,0.0,0.0,0.0,1.0,1
"G[1,2](((MAP <= 83.496 & SBP <= 103.157) & Lactate <= 102.992) -> Hgb >= 90.416)
",9999999.000,9999999.000,0.000,1.000,0.000,0,0,4,8,8,4,4,8,0.0,0.0,1.0,0.0,0.0,1.0,1
"G[0,1](((Chloride <= 39.017 & PTT >= 1.049) | EtCO2 >= 0.544) & Bilirubin_total >= 0.380)
",9999999.000,9999999.000,0.000,1.000,0.000,0,0,0,12,12,0,0,12,0.0,0.0,0.0,0.0,0.0,1.0,1
"G[0,2](Creatinine <= 0.247 | PaCO2 >= 1.650)
",9999999.000,9999999.000,0.000,1.000,0.000,0,0,11,1,1,11,11,1,0.0,0.0,1.0,0.0,0.0,1.0,1
"G[0,2](Magnesium >= 0.138 -> Potassium <= 1.131)
",9999999.000,9999999.000,0.000,1.000,0.000,0,0,10,2,2,10,10,2,0.0,0.0,1.0,0.0,0.0,1.0,1
"G[0,0]((HCO3 <= 18.625 -> PaCO2 <= 27.177) -> PaCO2 >= 3.997)
",0.932,2.654,0.000,1.000,0.000,0,0,0,12,12,0,0,12,0.0,0.0,0.0,0.0,0.0,1.0,1
"G[0,1](((BUN <= 7.121 | DBP >= 19.616) & Alkalinephos >= 25.323) & Magnesium >= 18.620)
",9999999.000,9999999.000,0.000,1.000,0.000,0,0,0,12,12,0,0,12,0.0,0.0,0.0,0.0,0.0,1.0,1
"G[0,2](Chloride >= 5.779 & DBP <= 55.846)
",9999999.000,9999999.000,0.000,1.000,0.000,0,0,0,12,12,0,0,12,0.0,0.0,0.0,0.0,0.0,1.0,1
"G[1,2]((DBP <= 58.599 | Hgb <= 7.711) | Lactate <= 8.909)
",9999999.000,9999999.000,0.000,1.000,0.000,0,0,12,0,0,12,12,0,0.0,0.0,1.0,0.0,0.0,1.0,1
"G[0,1](((Magnesium <= 2.067 & PTT >= 0.713) & Chloride >= 0.240) & Magnesium >= 0.723)
",9999999.000,9999999.000,0.000,1.000,0.000,0,0,0,12,12,0,0,12,0.0,0.0,0.0,0.0,0.0,1.0,1
"G[0,1]((Chloride >= 8.461 & WBC <= 5.137) | Calcium >= 0.976)
",9999999.000,9999999.000,0.000,1.000,0.000,0,0,0,12,12,0,0,12,0.0,0.0,0.0,0.0,0.0,1.0,1
"G[0,2](((Temp >= 15.983 & BUN <= 8.458) & WBC <= 11.758) & PaCO2 <= 6.186)
",9999999.000,9999999.000,0.000,1.000,0.000,0,0,5,7,7,5,5,7,0.0,0.0,1.0,0.0,0.0,1.0,1
"G[0,1](((PTT >= 0.204 -> FiO2 <= 0.416) | Hct <= 0.570) & Resp <= 0.807)
",9999999.000,9999999.000,0.000,1.000,0.000,0,0,0,12,12,0,0,12,0.0,0.0,0.0,0.0,0.0,1.0,1
"G[2,2](SBP >= 92.168 & pH <= 1.775)
",-6485755443851327.000,-92.168,0.000,1.000,0.000,0,0,12,0,0,12,12,0,0.0,0.0,1.0,0.0,0.0,1.0,1
"G[2,2]((PTT >= 0.208 & Hgb >= 0.793) & SaO2 <= 8.796)
",-0.793,-0.793,0.000,1.000,0.000,0,0,12,0,0,12,12,0,0.0,0.0,1.0,0.0,0.0,1.0,1
"G[0,1](((Phosphate <= 0.000 -> Hgb >= 0.128) | HR <= 8.763) & BaseExcess <= 8.286)
",9999999.000,9999999.000,0.000,1.000,0.000,0,0,0,12,12,0,0,12,0.0,0.0,0.0,0.0,0.0,1.0,1
"G[1,2](Potassium <= 2.565 | Phosphate >= 0.000)
",9999999.000,9999999.000,0.000,1.000,0.000,0,0,12,0,0,12,12,0,0.0,0.0,1.0,0.0,0.0,1.0,1
"G[1,2](HCO3 <= 21.245 & PTT <= 13.493)
",9999999.000,9999999.000,0.000,1.000,0.000,0,0,11,1,1,11,11,1,0.0,0.0,1.0,0.0,0.0,1.0,1
"G[1,1](BUN <= 8.844 & Creatinine >= 0.040)
",-5742820942903662.000,-0.040,0.000,1.000,0.000,0,0,1,11,11,1,1,11,0.0,0.0,1.0,0.0,0.0,1.0,1
"G[1,2](Chloride >= 9.045 & HCO3 >= 0.317)
",9999999.000,9999999.000,0.000,1.000,0.000,0,0,2,10,10,2,2,10,0.0,0.0,1.0,0.0,0.0,1.0,1
"G[0,2](Platelets <= 82.445 -> WBC >= 0.840)
",9999999.000,9999999.000,0.000,1.000,0.000,0,0,0,12,12,0,0,12,0.0,0.0,0.0,0.0,0.0,1.0,1
"G[0,2](((Hgb <= 1.667 | Hct <= 26.282) -> WBC >= 1.078) & Platelets >= 0.012)
",9999999.000,9999999.000,0.000,1.000,0.000,0,0,0,12,12,0,0,12,0.0,0.0,0.0,0.0,0.0,1.0,1
"G[0,0](((BUN >= 0.707 | WBC <= 15.954) | Hct <= 12.638) & Bilirubin_direct >= 0.584)
",-3.746,-0.538,0.000,1.000,0.000,0,0,0,12,12,0,0,12,0.0,0.0,0.0,0.0,0.0,1.0,1
"G[1,2](MAP <= 79.812 -> PTT >= 0.538)
",9999999.000,9999999.000,0.000,1.000,0.000,0,0,3,9,9,3,3,9,0.0,0.0,1.0,0.0,0.0,1.0,1
"G[0,1](((Hgb >= 0.563 & PTT <= 24.999) & BUN <= 1.551) & Glucose <= 11.005)
",9999999.000,9999999.000,0.000,1.000,0.000,0,0,0,12,12,0,0,12,0.0,0.0,0.0,0.0,0.0,1.0,1
"G[2,2]((Magnesium >= 0.058 | pH >= 0.470) & Alkalinephos >= 0.034)
",-8363865161862278.000,-0.058,0.000,1.000,0.000,0,0,12,0,0,12,12,0,0.0,0.0,1.0,0.0,0.0,1.0,1
"G[2,2](((Hgb <= 5.887 -> pH <= 6.669) & HCO3 <= 2.708) -> SBP <= 5.485)
",-6175907894848825.000,-5.485,0.000,1.000,0.000,0,0,12,0,0,12,12,0,0.0,0.0,1.0,0.0,0.0,1.0,1
"G[1,2](((FiO2 <= 0.363 -> MAP >= 67.217) & BaseExcess <= 86.328) -> Calcium >= 69.052)
",9999999.000,9999999.000,0.000,1.000,0.000,0,0,4,8,8,4,4,8,0.0,0.0,1.0,0.0,0.0,1.0,1
"G[0,2](BaseExcess >= -0.300 -> Potassium >= 0.020)
",9999999.000,9999999.000,0.000,1.000,0.000,0,0,0,12,12,0,0,12,0.0,0.0,0.0,0.0,0.0,1.0,1
"G[0,2]((MAP >= 70.982 -> PaCO2 <= 22.049) -> Calcium >= 1.799)
",9999999.000,9999999.000,0.000,1.000,0.000,0,0,0,12,12,0,0,12,0.0,0.0,0.0,0.0,0.0,1.0,1
"G[0,1](Glucose <= 110.245 & pH >= 0.999)
",9999999.000,9999999.000,0.000,1.000,0.000,0,0,0,12,12,0,0,12,0.0,0.0,0.0,0.0,0.0,1.0,1
"G[1,2]((BaseExcess <= -0.011 | HR >= 81.485) | WBC <= 94.954)
",9999999.000,9999999.000,0.000,1.000,0.000,0,0,12,0,0,12,12,0,0.0,0.0,1.0,0.0,0.0,1.0,1
"G[1,2]((Hct <= 30.038 & PTT <= 27.467) & PTT >= 0.535)
",9999999.000,9999999.000,0.000,1.000,0.000,0,0,1,11,11,1,1,11,0.0,0.0,1.0,0.0,0.0,1.0,1
"G[2,2](((MAP >= 70.937 -> Temp >= 1.396) & Potassium <= 36.202) -> Hgb <= 32.312)
",-4547449248616838.000,-32.312,0.000,1.000,0.000,0,0,12,0,0,12,12,0,0.0,0.0,1.0,0.0,0.0,1.0,1
"G[1,2](((HR >= 81.553 -> Resp <= 16.619) & Magnesium <= 21.310) & Hct <= 17.347)
",9999999.000,9999999.000,0.000,1.000,0.000,0,0,7,5,5,7,7,5,0.0,0.0,1.0,0.0,0.0,1.0,1
"G[1,2]((Potassium <= 0.976 & SaO2 >= 1.423) | SaO2 <= 83.290)
",9999999.000,9999999.000,0.000,1.000,0.000,0,0,10,2,2,10,10,2,0.0,0.0,1.0,0.0,0.0,1.0,1
"G[1,2]((Creatinine >= 0.048 & pH <= 4.493) | MAP >= 0.923)
",9999999.000,9999999.000,0.000,1.000,0.000,0,0,12,0,0,12,12,0,0.0,0.0,1.0,0.0,0.0,1.0,1
"G[1,2](((Hct >= 4.383 -> Platelets >= 6.684) -> Magnesium >= 4.121) -> Creatinine <= 63.883)
",9999999.000,9999999.000,0.000,1.000,0.000,0,0,12,0,0,12,12,0,0.0,0.0,1.0,0.0,0.0,1.0,1
"G[0,2]((Chloride <= 75.830 & FiO2 <= 0.173) & Bilirubin_total <= 0.581)
",9999999.000,9999999.000,0.000,1.000,0.000,0,0,9,3,3,9,9,3,0.0,0.0,1.0,0.0,0.0,1.0,1
"G[0,2](BaseExcess <= -0.016 & Lactate >= 0.006)
",9999999.000,9999999.000,0.000,1.000,0.000,0,0,0,12,12,0,0,12,0.0,0.0,0.0,0.0,0.0,1.0,1
"G[1,2](((pH <= 4.137 -> SBP >= 90.443) & O2Sat <= 102.392) -> Potassium <= 103.783)
",9999999.000,9999999.000,0.000,1.000,0.000,0,0,12,0,0,12,12,0,0.0,0.0,1.0,0.0,0.0,1.0,1
"G[0,2]((Hct >= 3.842 | Hgb <= 9.418) & O2Sat <= 6.661)
",9999999.000,9999999.000,0.000,1.000,0.000,0,0,0,12,12,0,0,12,0.0,0.0,0.0,0.0,0.0,1.0,1
"G[0,2](Magnesium >= 0.118 & SBP >= 90.898)
",9999999.000,9999999.000,0.000,1.000,0.000,0,0,0,12,12,0,0,12,0.0,0.0,0.0,0.0,0.0,1.0,1
"G[0,1](((Hgb <= 1.493 & WBC >= 1.006) & BaseExcess >= 1.024) & TroponinI >= 1.076)
",9999999.000,9999999.000,0.000,1.000,0.000,0,0,0,12,12,0,0,12,0.0,0.0,0.0,0.0,0.0,1.0,1
"G[0,2]((HR <= 97.850 & PTT >= 0.715) -> Magnesium <= 28.760)
",9999999.000,9999999.000,0.000,1.000,0.000,0,0,12,0,0,12,12,0,0.0,0.0,1.0,0.0,0.0,1.0,1
"G[1,2](((Platelets >= 8.326 | WBC >= 0.996) -> Phosphate >= 0.347) -> PTT <= 13.520)
",9999999.000,9999999.000,0.000,1.000,0.000,0,0,12,0,0,12,12,0,0.0,0.0,1.0,0.0,0.0,1.0,1
"G[2,2](((pH >= 1.053 -> Temp >= 22.268) -> Potassium >= 22.472) -> Chloride >= 24.459)
",4743532143076858.000,1.053,0.000,1.000,0.000,0,0,12,0,0,12,12,0,0.0,0.0,1.0,0.0,0.0,1.0,1
"G[1,2]((HCO3 >= 1.272 | WBC >= 1.060) | Lactate <= 11.379)
",9999999.000,9999999.000,0.000,1.000,0.000,0,0,12,0,0,12,12,0,0.0,0.0,1.0,0.0,0.0,1.0,1
"G[0,1]((FiO2 <= 0.531 -> Platelets <= 98.164) & BUN >= 8.750)
",9999999.000,9999999.000,0.000,1.000,0.000,0,0,0,12,12,0,0,12,0.0,0.0,0.0,0.0,0.0,1.0,1
"G[1,2]((FiO2 >= 0.045 -> SaO2 <= 75.232) | Calcium >= 5.879)
",9999999.000,9999999.000,0.000,1.000,0.000,0,0,11,1,1,11,11,1,0.0,0.0,1.0,0.0,0.0,1.0,1
"G[1,2]((Bilirubin_direct <= 0.000 & HR >= 79.292) | PTT >= 76.865)
",9999999.000,9999999.000,0.000,1.000,0.000,0,0,11,1,1,11,11,1,0.0,0.0,1.0,0.0,0.0,1.0,1
"G[1,2](Hgb <= 9.761 -> HCO3 >= 0.811)
",9999999.000,9999999.000,0.000,1.000,0.000,0,0,2,10,10,2,2,10,0.0,0.0,1.0,0.0,0.0,1.0,1
"((Fibrinogen <= 0.000) U[0,1] (O2Sat >= 100.000))
",-9999999.000,-9999999.000,0.000,0.000,1.000,0,0,0,12,12,0,0,12,0.0,0.0,0.0,0.0,0.0,1.0,-1
"G[0,2](Glucose >= 4.869 & DBP <= 63.193)
",9999999.000,9999999.000,0.000,1.000,0.000,0,0,0,12,12,0,0,12,0.0,0.0,0.0,0.0,0.0,1.0,1
"G[0,1](Chloride >= 3.222 & HCO3 >= 1.637)
",9999999.000,9999999.000,0.000,1.000,0.000,0,0,0,12,12,0,0,12,0.0,0.0,0.0,0.0,0.0,1.0,1
"G[2,2](Platelets <= 95.959 -> WBC >= 0.152)
",-95.959,-95.959,0.000,1.000,0.000,0,0,12,0,0,12,12,0,0.0,0.0,1.0,0.0,0.0,1.0,1
"G[2,2](((SBP <= 98.900 | Lactate >= 0.007) & Chloride >= 0.009) | EtCO2 <= 1.063)
",4786192063354546.000,1.063,0.000,1.000,0.000,0,0,12,0,0,12,12,0,0.0,0.0,1.0,0.0,0.0,1.0,1
"G[0,1](((Hgb <= 3.426 | Hct <= 10.216) -> WBC >= 0.768) & Platelets >= 12.197)
",9999999.000,9999999.000,0.000,1.000,0.000,0,0,0,12,12,0,0,12,0.0,0.0,0.0,0.0,0.0,1.0,1
"G[1,2](BUN <= 1.568 & Creatinine >= 0.021)
",9999999.000,9999999.000,0.000,1.000,0.000,0,0,1,11,11,1,1,11,0.0,0.0,1.0,0.0,0.0,1.0,1
"G[2,2](Chloride >= 5.730 & HCO3 >= 1.408)
",-6451811263362285.000,-5.730,0.000,1.000,0.000,0,0,12,0,0,12,12,0,0.0,0.0,1.0,0.0,0.0,1.0,1
"G[1,2](Platelets <= 130.620 -> Bilirubin_total >= 0.000)
",9999999.000,9999999.000,0.000,1.000,0.000,0,0,12,0,0,12,12,0,0.0,0.0,1.0,0.0,0.0,1.0,1
"G[1,2](Platelets <= 26.026 -> WBC >= 0.856)
",9999999.000,9999999.000,0.000,1.000,0.000,0,0,2,10,10,2,2,10,0.0,0.0,1.0,0.0,0.0,1.0,1
"G[0,0](((Hgb >= 0.291 -> EtCO2 >= 0.000) & FiO2 >= 0.000) -> MAP <= 0.000)
",3.005,17.329,0.000,1.000,0.000,0,0,0,12,12,0,0,12,0.0,0.0,0.0,0.0,0.0,1.0,1
"G[2,2]((SaO2 >= 1.131 & DBP <= 65.928) -> SBP <= 73.288)
",-5157218391920887.000,-73.288,0.000,1.000,0.000,0,0,12,0,0,12,12,0,0.0,0.0,1.0,0.0,0.0,1.0,1
"G[0,1](((Hgb <= 4.752 | Hct <= 20.383) -> WBC >= 0.276) & Platelets >= 5.313)
",9999999.000,9999999.000,0.000,1.000,0.000,0,0,0,12,12,0,0,12,0.0,0.0,0.0,0.0,0.0,1.0,1
"G[0,1](BUN <= 1.155 & Creatinine >= 0.026)
",9999999.000,9999999.000,0.000,1.000,0.000,0,0,0,12,12,0,0,12,0.0,0.0,0.0,0.0,0.0,1.0,1
"G[1,2](Platelets <= 117.629 -> WBC >= 0.510)
",9999999.000,9999999.000,0.000,1.000,0.000,0,0,2,10,10,2,2,10,0.0,0.0,1.0,0.0,0.0,1.0,1
"G[1,2](Chloride >= 1.606 & HCO3 >= 1.842)
",9999999.000,9999999.000,0.000,1.000,0.000,0,0,2,10,10,2,2,10,0.0,0.0,1.0,0.0,0.0,1.0,1
"G[0,2]((Hct >= 3.506 & SBP <= 99.857) & Hgb >= 93.069)
",9999999.000,9999999.000,0.000,1.000,0.000,0,0,0,12,12,0,0,12,0.0,0.0,0.0,0.0,0.0,1.0,1
"G[1,2](Glucose >= 9.428 | Lactate >= 0.055)
",9999999.000,9999999.000,0.000,1.000,0.000,0,0,4,8,8,4,4,8,0.0,0.0,1.0,0.0,0.0,1.0,1
"G[1,2](((Phosphate >= 0.000 -> Bilirubin_total >= 0.000) | TroponinI <= 0.000) & Hct <= 0.000)
",9999999.000,9999999.000,0.000,1.000,0.000,0,0,10,2,2,10,10,2,0.0,0.0,1.0,0.0,0.0,1.0,1
"G[1,2](Platelets <= 37.249 -> WBC >= 0.916)
",9999999.000,9999999.000,0.000,1.000,0.000,0,0,2,10,10,2,2,10,0.0,0.0,1.0,0.0,0.0,1.0,1
"G[0,2](((BaseExcess <= -0.018 & Hct <= 7.227) -> HCO3 <= 27.039) | HR >= 4.773)
",9999999.000,9999999.000,0.000,1.000,0.000,0,0,12,0,0,12,12,0,0.0,0.0,1.0,0.0,0.0,1.0,1
"G[1,2](((BaseExcess >= -0.840 | Creatinine >= 0.032) -> HR <= 0.207) & Glucose >= 0.020)
",9999999.000,9999999.000,0.000,1.000,0.000,0,0,1,11,11,1,1,11,0.0,0.0,1.0,0.0,0.0,1.0,1
"G[0,2](Calcium <= 0.000 | AST <= 0.000)
",9999999.000,9999999.000,0.000,1.000,0.000,0,0,12,0,0,12,12,0,0.0,0.0,1.0,0.0,0.0,1.0,1
"G[0,1](((PaCO2 >= 0.513 -> PaCO2 <= 29.127) & PaCO2 <= 7.763) & Magnesium >= 2.994)
",9999999.000,9999999.000,0.000,1.000,0.000,0,0,0,12,12,0,0,12,0.0,0.0,0.0,0.0,0.0,1.0,1
"G[2,2](BaseExcess >= -0.349 | PaCO2 >= 5.218)
",6281474851611495.000,0.349,0.000,1.000,0.000,0,0,12,0,0,12,12,0,0.0,0.0,1.0,0.0,0.0,1.0,1
"G[0,1]((O2Sat >= 100.000 -> pH >= 0.070) | Phosphate >= 1.067)
",9999999.000,9999999.000,0.000,1.000,0.000,0,0,0,12,12,0,0,12,0.0,0.0,0.0,0.0,0.0,1.0,1
"G[0,2](BUN <= 4.141 & Creatinine >= 0.021)
",9999999.000,9999999.000,0.000,1.000,0.000,0,0,0,12,12,0,0,12,0.0,0.0,0.0,0.0,0.0,1.0,1
"G[0,1](Chloride >= 6.022 & HCO3 >= 1.490)
",9999999.000,9999999.000,0.000,1.000,0.000,0,0,0,12,12,0,0,12,0.0,0.0,0.0,0.0,0.0,1.0,1
"G[2,2](((Hgb <= 4.863 -> BaseExcess >= -0.739) | EtCO2 >= -0.077) | HR >= -0.122)
",0.122,0.122,0.000,1.000,0.000,0,0,12,0,0,12,12,0,0.0,0.0,1.0,0.0,0.0,1.0,1
"G[0,1](((Hgb <= 5.120 | Hct <= 23.189) -> WBC >= 0.419) & Platelets >= 13.699)
",9999999.000,9999999.000,0.000,1.000,0.000,0,0,0,12,12,0,0,12,0.0,0.0,0.0,0.0,0.0,1.0,1
"G[0,0]((SaO2 >= 1.588 -> Phosphate <= 0.000) & Resp <= 0.000)
",-1.585,-45.864,0.000,1.000,0.000,0,0,0,12,12,0,0,12,0.0,0.0,0.0,0.0,0.0,1.0,1
"G[1,2](((Bilirubin_direct >= 0.000 -> Creatinine <= 0.548) | HCO3 >= 0.026) & Hgb >= 0.037)
",9999999.000,9999999.000,0.000,1.000,0.000,0,0,2,10,10,2,2,10,0.0,0.0,1.0,0.0,0.0,1.0,1
"G[0,2](((BUN <= 11.465 & TroponinI <= 0.000) | BaseExcess <= 0.000) & BUN >= 0.000)
",9999999.000,9999999.000,0.000,1.000,0.000,0,0,12,0,0,12,12,0,0.0,0.0,1.0,0.0,0.0,1.0,1
"G[1,2]((pH >= 0.213 -> SaO2 <= 20.968) -> Calcium <= 50.935)
",9999999.000,9999999.000,0.000,1.000,0.000,0,0,12,0,0,12,12,0,0.0,0.0,1.0,0.0,0.0,1.0,1
"G[0,1](Chloride >= 1.952 & HCO3 >= 0.494)
",9999999.000,9999999.000,0.000,1.000,0.000,0,0,0,12,12,0,0,12,0.0,0.0,0.0,0.0,0.0,1.0,1
"G[1,2]((Calcium <= 0.000 & MAP >= 72.544) | Resp <= 77.068)
",9999999.000,9999999.000,0.000,1.000,0.000,0,0,12,0,0,12,12,0,0.0,0.0,1.0,0.0,0.0,1.0,1
"G[1,2]((Creatinine <= 0.053 -> HCO3 <= 11.253) -> BUN <= 23.634)
",9999999.000,9999999.000,0.000,1.000,0.000,0,0,12,0,0,12,12,0,0.0,0.0,1.0,0.0,0.0,1.0,1
"G[0,2](Alkalinephos <= 0.000 | pH <= 3.437)
",9999999.000,9999999.000,0.000,1.000,0.000,0,0,12,0,0,12,12,0,0.0,0.0,1.0,0.0,0.0,1.0,1
"G[1,2](Platelets <= 147.301 -> WBC >= 0.215)
",9999999.000,9999999.000,0.000,1.000,0.000,0,0,2,10,10,2,2,10,0.0,0.0,1.0,0.0,0.0,1.0,1
"G[2,2](BUN <= 8.285 & Creatinine >= 0.034)
",-0.034,-0.034,0.000,1.000,0.000,0,0,12,0,0,12,12,0,0.0,0.0,1.0,0.0,0.0,1.0,1
"G[0,2](((Chloride >= 8.961 & WBC <= 5.832) & SepsisLabel >= 0.596) & AST >= 0.657)
",9999999.000,9999999.000,0.000,1.000,0.000,0,0,0,12,12,0,0,12,0.0,0.0,0.0,0.0,0.0,1.0,1
"G[2,2]((Creatinine <= 0.350 | AST >= 0.000) & PaCO2 <= 0.000)
",0.000,0.000,0.000,1.000,0.000,0,0,12,0,0,12,12,0,0.0,0.0,1.0,0.0,0.0,1.0,1
"G[1,2](((Resp <= 15.792 -> Bilirubin_total >= 0.000) & TroponinI <= 0.000) | Phosphate >= 0.000)
",9999999.000,9999999.000,0.000,1.000,0.000,0,0,12,0,0,12,12,0,0.0,0.0,1.0,0.0,0.0,1.0,1
"G[2,2](((Hgb <= 7.820 | Hct <= 14.495) -> WBC >= 0.354) & Platelets >= 10.114)
",-8159702693778705.000,-14.495,0.000,1.000,0.000,0,0,12,0,0,12,12,0,0.0,0.0,1.0,0.0,0.0,1.0,1
"G[1,2]((SBP >= 89.563 & TroponinI >= 0.000) -> WBC <= 0.000)
",9999999.000,9999999.000,0.000,1.000,0.000,0,0,11,1,1,11,11,1,0.0,0.0,1.0,0.0,0.0,1.0,1
"G[1,2](((HCO3 <= 6.223 & SBP <= 103.545) -> BUN >= 95.489) & Chloride <= 101.300)
",9999999.000,9999999.000,0.000,1.000,0.000,0,0,3,9,9,3,3,9,0.0,0.0,1.0,0.0,0.0,1.0,1
"G[1,2](((AST <= 0.000 | Hct <= 11.000) -> PTT >= 4.898) -> TroponinI >= 1.684)
",9999999.000,9999999.000,0.000,1.000,0.000,0,0,12,0,0,12,12,0,0.0,0.0,1.0,0.0,0.0,1.0,1
"G[0,1]((pH >= 1.303 & HCO3 >= 0.589) | HR <= 16.287)
",9999999.000,9999999.000,0.000,1.000,0.000,0,0,0,12,12,0,0,12,0.0,0.0,0.0,0.0,0.0,1.0,1
"G[1,1]((BaseExcess <= -0.005 & MAP >= 70.972) & Alkalinephos >= 71.653)
",-5042155127414717.000,-71.653,0.000,1.000,0.000,0,0,1,11,11,1,1,11,0.0,0.0,1.0,0.0,0.0,1.0,1
"G[1,2]((SBP >= 97.739 & BaseExcess <= -0.041) & EtCO2 <= -0.003)
",9999999.000,9999999.000,0.000,1.000,0.000,0,0,1,11,11,1,1,11,0.0,0.0,1.0,0.0,0.0,1.0,1
"G[0,2](((O2Sat >= 100.000 | Lactate <= 0.397) | Calcium <= 1.044) & EtCO2 <= 0.860)
",9999999.000,9999999.000,0.000,1.000,0.000,0,0,12,0,0,12,12,0,0.0,0.0,1.0,0.0,0.0,1.0,1
"G[0,2]((FiO2 <= 0.679 | PTT <= 9.085) & FiO2 <= 4.600)
",9999999.000,9999999.000,0.000,1.000,0.000,0,0,12,0,0,12,12,0,0.0,0.0,1.0,0.0,0.0,1.0,1
"G[0,1](BUN <= 8.825 & Creatinine >= 0.038)
",9999999.000,9999999.000,0.000,1.000,0.000,0,0,0,12,12,0,0,12,0.0,0.0,0.0,0.0,0.0,1.0,1
"G[1,1]((pH >= 0.223 -> HCO3 <= 15.835) & O2Sat <= 6.694)
",-8914245944548854.000,-15.835,0.000,1.000,0.000,0,0,1,11,11,1,1,11,0.0,0.0,1.0,0.0,0.0,1.0,1
"G[1,2]((pH >= 1.253 | PTT >= 0.110) & Platelets <= 27.363)
",9999999.000,9999999.000,0.000,1.000,0.000,0,0,4,8,8,4,4,8,0.0,0.0,1.0,0.0,0.0,1.0,1
"G[0,1](((Chloride <= 42.286 | pH >= 0.923) | Lactate >= 0.011) -> WBC >= 1.458)
",9999999.000,9999999.000,0.000,1.000,0.000,0,0,0,12,12,0,0,12,0.0,0.0,0.0,0.0,0.0,1.0,1
"G[0,2](DBP >= 20.945 | Resp >= 14.846)
",9999999.000,9999999.000,0.000,1.000,0.000,0,0,12,0,0,12,12,0,0.0,0.0,1.0,0.0,0.0,1.0,1
"G[0,2]((Platelets >= 12.268 | Glucose <= 67.483) & Fibrinogen >= 4.915)
",9999999.000,9999999.000,0.000,1.000,0.000,0,0,0,12,12,0,0,12,0.0,0.0,0.0,0.0,0.0,1.0,1
"G[0,1](((Hgb <= 3.897 | Hct <= 6.548) -> WBC >= 0.659) & Platelets >= 3.300)
",9999999.000,9999999.000,0.000,1.000,0.000,0,0,0,12,12,0,0,12,0.0,0.0,0.0,0.0,0.0,1.0,1
"G[1,2](Platelets <= 74.765 -> WBC >= 0.277)
",9999999.000,9999999.000,0.000,1.000,0.000,0,0,2,10,10,2,2,10,0.0,0.0,1.0,0.0,0.0,1.0,1
"G[1,2](Chloride >= 1.016 & HCO3 >= 1.556)
",9999999.000,9999999.000,0.000,1.000,0.000,0,0,2,10,10,2,2,10,0.0,0.0,1.0,0.0,0.0,1.0,1
"G[0,2](BUN <= 7.262 & Creatinine >= 0.008)
",9999999.000,9999999.000,0.000,1.000,0.000,0,0,0,12,12,0,0,12,0.0,0.0,0.0,0.0,0.0,1.0,1
"G[0,2]((MAP <= 80.281 | Magnesium <= 0.585) -> Platelets <= 1.863)
",9999999.000,9999999.000,0.000,1.000,0.000,0,0,10,2,2,10,10,2,0.0,0.0,1.0,0.0,0.0,1.0,1
"G[0,2](((Magnesium <= 2.359 -> FiO2 <= 0.658) & Calcium <= 0.550) -> PaCO2 <= 0.134)
",9999999.000,9999999.000,0.000,1.000,0.000,0,0,9,3,3,9,9,3,0.0,0.0,1.0,0.0,0.0,1.0,1
"G[0,2](Hct <= 14.222 -> Magnesium >= 0.068)
",9999999.000,9999999.000,0.000,1.000,0.000,0,0,0,12,12,0,0,12,0.0,0.0,0.0,0.0,0.0,1.0,1
"G[1,2](((TroponinI >= 0.000 -> TroponinI >= 0.000) | SepsisLabel <= 0.000) | Alkalinephos >= 0.000)
",9999999.000,9999999.000,0.000,1.000,0.000,0,0,12,0,0,12,12,0,0.0,0.0,1.0,0.0,0.0,1.0,1
"G[0,0]((O2Sat >= 100.000 | BaseExcess <= -0.019) & WBC <= -0.034)
",-4917449852813959.000,-0.034,0.000,1.000,0.000,0,0,0,12,12,0,0,12,0.0,0.0,0.0,0.0,0.0,1.0,1
"G[0,2]((PTT >= 0.458 & Temp <= 35.129) | Bilirubin_direct <= 37.165)
",9999999.000,9999999.000,0.000,1.000,0.000,0,0,12,0,0,12,12,0,0.0,0.0,1.0,0.0,0.0,1.0,1
"G[0,2](((Hgb <= 8.193 | Hct <= 12.934) -> WBC >= 1.070) & Platelets >= 12.579)
",9999999.000,9999999.000,0.000,1.000,0.000,0,0,0,12,12,0,0,12,0.0,0.0,0.0,0.0,0.0,1.0,1
"G[0,2](DBP >= 37.853 | BaseExcess >= -0.558)
",9999999.000,9999999.000,0.000,1.000,0.000,0,0,12,0,0,12,12,0,0.0,0.0,1.0,0.0,0.0,1.0,1
"G[0,2](BUN <= 1.041 & Creatinine >= 0.010)
",9999999.000,9999999.000,0.000,1.000,0.000,0,0,0,12,12,0,0,12,0.0,0.0,0.0,0.0,0.0,1.0,1
"G[1,2]((Hct <= 10.382 -> WBC <= 11.329) | PTT >= 1.173)
",9999999.000,9999999.000,0.000,1.000,0.000,0,0,12,0,0,12,12,0,0.0,0.0,1.0,0.0,0.0,1.0,1
"G[0,1](Platelets <= 146.545 -> WBC >= 0.776)
",9999999.000,9999999.000,0.000,1.000,0.000,0,0,0,12,12,0,0,12,0.0,0.0,0.0,0.0,0.0,1.0,1
"G[0,1](Chloride >= 9.323 & HCO3 >= 0.405)
",9999999.000,9999999.000,0.000,1.000,0.000,0,0,0,12,12,0,0,12,0.0,0.0,0.0,0.0,0.0,1.0,1
"G[0,1](BUN <= 8.789 & Creatinine >= 0.027)
",9999999.000,9999999.000,0.000,1.000,0.000,0,0,0,12,12,0,0,12,0.0,0.0,0.0,0.0,0.0,1.0,1
"G[0,2](((Hgb <= 2.681 | Hct <= 30.913) -> WBC >= 1.158) & Platelets >= 14.148)
",9999999.000,9999999.000,0.000,1.000,0.000,0,0,0,12,12,0,0,12,0.0,0.0,0.0,0.0,0.0,1.0,1
"G[1,2]((HCO3 >= 1.322 & O2Sat >= 100.000) | SepsisLabel >= 100.000)
",9999999.000,9999999.000,0.000,1.000,0.000,0,0,2,10,10,2,2,10,0.0,0.0,1.0,0.0,0.0,1.0,1
"G[0,2](BUN >= 0.380 | SaO2 >= 7.283)
",9999999.000,9999999.000,0.000,1.000,0.000,0,0,0,12,12,0,0,12,0.0,0.0,0.0,0.0,0.0,1.0,1
"G[1,2](((BUN >= 0.001 | Chloride >= 6.739) -> Chloride <= 47.059) | Calcium <= 104.059)
",9999999.000,9999999.000,0.000,1.000,0.000,0,0,12,0,0,12,12,0,0.0,0.0,1.0,0.0,0.0,1.0,1
"G[1,2](((Chloride >= 7.183 -> HCO3 <= 18.972) | Bilirubin_direct >= 1.797) -> FiO2 <= 8.119)
",9999999.000,9999999.000,0.000,1.000,0.000,0,0,12,0,0,12,12,0,0.0,0.0,1.0,0.0,0.0,1.0,1
"G[0,0](((Platelets <= 69.824 & Temp <= 34.839) -> PTT >= 11.397) & HR <= 36.876)
",-2035.124,-2035.124,0.000,1.000,0.000,0,0,0,12,12,0,0,12,0.0,0.0,0.0,0.0,0.0,1.0,1
"G[0,2](Temp <= 35.169 -> WBC <= 13.517)
",9999999.000,9999999.000,0.000,1.000,0.000,0,0,12,0,0,12,12,0,0.0,0.0,1.0,0.0,0.0,1.0,1
"G[1,2](Hct <= 5.268 | Lactate >= 0.023)
",9999999.000,9999999.000,0.000,1.000,0.000,0,0,10,2,2,10,10,2,0.0,0.0,1.0,0.0,0.0,1.0,1
"G[0,2]((Bilirubin_direct >= 0.000 | PTT <= 22.313) & DBP >= 0.853)
",9999999.000,9999999.000,0.000,1.000,0.000,0,0,9,3,3,9,9,3,0.0,0.0,1.0,0.0,0.0,1.0,1
"G[1,2]((Glucose >= 1.106 & Platelets <= 42.670) -> Bilirubin_total <= 164.369)
",9999999.000,9999999.000,0.000,1.000,0.000,0,0,12,0,0,12,12,0,0.0,0.0,1.0,0.0,0.0,1.0,1
"G[0,2](((SaO2 <= 74.831 | Magnesium <= 0.496) -> Magnesium <= 0.978) | FiO2 >= 0.042)
",9999999.000,9999999.000,0.000,1.000,0.000,0,0,11,1,1,11,11,1,0.0,0.0,1.0,0.0,0.0,1.0,1
"F[0,2]((pH <= 5.328 & Magnesium <= 0.284) -> Temp >= 0.049)
",-9999999.000,-9999999.000,0.000,0.000,1.000,0,0,0,12,12,0,0,12,0.0,0.0,0.0,0.0,0.0,1.0,-1
"F[1,2](((Chloride >= 0.990 & Lactate >= 0.047) -> Phosphate <= 1.150) | PTT <= 0.515)
",-9999999.000,-9999999.000,0.000,0.000,1.000,0,0,0,12,12,0,0,12,0.0,0.0,0.0,0.0,0.0,1.0,-1
"F[1,2](BaseExcess >= -0.320 -> HCO3 <= 17.356)
",-9999999.000,-9999999.000,0.000,0.000,1.000,0,0,0,12,12,0,0,12,0.0,0.0,0.0,0.0,0.0,1.0,-1
"F[1,2]((HR >= 77.941 -> pH <= 6.354) | FiO2 <= 6.724)
",-9999999.000,-9999999.000,0.000,0.000,1.000,0,0,0,12,12,0,0,12,0.0,0.0,0.0,0.0,0.0,1.0,-1
"F[1,2]((FiO2 >= 0.078 & PTT <= 17.932) & Chloride >= 0.085)
",-9999999.000,-9999999.000,0.000,0.000,1.000,0,0,0,12,12,0,0,12,0.0,0.0,0.0,0.0,0.0,1.0,-1
"F[2,2]((Glucose <= 34.748 -> Lactate <= 0.952) | Chloride <= 0.349)
",6290763069826791.000,0.349,0.000,0.000,1.000,0,0,0,12,12,0,0,12,0.0,0.0,0.0,0.0,0.0,1.0,-1
"F[0,1]((EtCO2 <= 0.000 | BaseExcess >= -0.238) & WBC >= -0.726)
",-9999999.000,-9999999.000,0.000,0.000,1.000,0,0,0,12,12,0,0,12,0.0,0.0,0.0,0.0,0.0,1.0,-1
"F[1,2]((BaseExcess >= -0.868 | Hgb >= 0.719) -> Lactate <= 3.084)
",-9999999.000,-9999999.000,0.000,0.000,1.000,0,0,0,12,12,0,0,12,0.0,0.0,0.0,0.0,0.0,1.0,-1
"F[1,2](((WBC <= 15.862 & Hgb >= 0.286) -> Fibrinogen <= 8.170) & EtCO2 >= 0.467)
",-9999999.000,-9999999.000,0.000,0.000,1.000,0,0,0,12,12,0,0,12,0.0,0.0,0.0,0.0,0.0,1.0,-1
"G[0,2]((Potassium >= 0.652 | BaseExcess <= -0.005) | Bilirubin_direct <= -0.023)
",9999999.000,9999999.000,0.000,1.000,0.000,0,0,0,12,12,0,0,12,0.0,0.0,0.0,0.0,0.0,1.0,1
"G[0,1](pH >= 1.520 & SaO2 <= 54.064)
",9999999.000,9999999.000,0.000,1.000,0.000,0,0,0,12,12,0,0,12,0.0,0.0,0.0,0.0,0.0,1.0,1
"G[1,2](HR <= 102.314 & BaseExcess >= -0.192)
",9999999.000,9999999.000,0.000,1.000,0.000,0,0,11,1,1,11,11,1,0.0,0.0,1.0,0.0,0.0,1.0,1
"G[1,2](Chloride >= 5.567 & HCO3 >= 1.716)
",9999999.000,9999999.000,0.000,1.000,0.000,0,0,2,10,10,2,2,10,0.0,0.0,1.0,0.0,0.0,1.0,1
"G[0,1](((Hgb <= 6.911 | Hct <= 7.827) -> WBC >= 0.747) & Platelets >= 13.754)
",9999999.000,9999999.000,0.000,1.000,0.000,0,0,0,12,12,0,0,12,0.0,0.0,0.0,0.0,0.0,1.0,1
"G[1,2]((FiO2 <= 0.416 | SaO2 <= 28.699) & Lactate >= 3.888)
",9999999.000,9999999.000,0.000,1.000,0.000,0,0,1,11,11,1,1,11,0.0,0.0,1.0,0.0,0.0,1.0,1
"G[0,1](((Bilirubin_direct >= 0.000 -> pH <= 2.202) & Alkalinephos >= 1.491) & EtCO2 >= 0.727)
",9999999.000,9999999.000,0.000,1.000,0.000,0,0,0,12,12,0,0,12,0.0,0.0,0.0,0.0,0.0,1.0,1
"G[1,2](((PaCO2 <= 40.835 -> SaO2 <= 73.508) | FiO2 >= 0.836) & Calcium >= 4.295)
",9999999.000,9999999.000,0.000,1.000,0.000,0,0,1,11,11,1,1,11,0.0,0.0,1.0,0.0,0.0,1.0,1
"G[2,2]((Bilirubin_total >= 0.000 | Phosphate <= 0.000) & Alkalinephos >= 0.000)
",0.000,0.000,0.000,1.000,0.000,0,0,12,0,0,12,12,0,0.0,0.0,1.0,0.0,0.0,1.0,1
"G[0,1]((HCO3 >= 0.233 | Lactate <= 0.715) -> Platelets >= 0.016)
",9999999.000,9999999.000,0.000,1.000,0.000,0,0,0,12,12,0,0,12,0.0,0.0,0.0,0.0,0.0,1.0,1
"G[0,2](((Platelets >= 14.065 -> DBP >= 0.189) & SaO2 <= 69.335) | HR >= 11.663)
",9999999.000,9999999.000,0.000,1.000,0.000,0,0,12,0,0,12,12,0,0.0,0.0,1.0,0.0,0.0,1.0,1
"G[1,2](((EtCO2 <= 0.000 | BUN <= 4.513) -> Bilirubin_direct >= 0.960) & BaseExcess >= 0.006)
",9999999.000,9999999.000,0.000,1.000,0.000,0,0,1,11,11,1,1,11,0.0,0.0,1.0,0.0,0.0,1.0,1
"G[1,2]((EtCO2 >= 0.000 -> Hct >= 0.072) -> pH <= 17.665)
",9999999.000,9999999.000,0.000,1.000,0.000,0,0,12,0,0,12,12,0,0.0,0.0,1.0,0.0,0.0,1.0,1
"G[0,2](((Fibrinogen >= 0.000 & EtCO2 <= 0.000) & PaCO2 <= 0.000) -> DBP >= 0.000)
",9999999.000,9999999.000,0.000,1.000,0.000,0,0,12,0,0,12,12,0,0.0,0.0,1.0,0.0,0.0,1.0,1
"G[0,2](HCO3 >= 0.662 | HCO3 <= 21.542)
",9999999.000,9999999.000,0.000,1.000,0.000,0,0,12,0,0,12,12,0,0.0,0.0,1.0,0.0,0.0,1.0,1
"G[2,2](((Hgb >= 0.269 & MAP <= 86.959) | HCO3 <= 79.409) -> SepsisLabel <= 84.496)
",-5945845497677139.000,-84.496,0.000,1.000,0.000,0,0,12,0,0,12,12,0,0.0,0.0,1.0,0.0,0.0,1.0,1
"G[0,1]((Glucose >= 14.732 & Resp >= 13.439) | TroponinI >= 11.271)
",9999999.000,9999999.000,0.000,1.000,0.000,0,0,0,12,12,0,0,12,0.0,0.0,0.0,0.0,0.0,1.0,1
"G[1,2](HCO3 <= 4.249 | Resp >= 12.855)
",9999999.000,9999999.000,0.000,1.000,0.000,0,0,11,1,1,11,11,1,0.0,0.0,1.0,0.0,0.0,1.0,1
"G[1,2](BaseExcess >= -0.433 | Glucose <= 108.292)
",9999999.000,9999999.000,0.000,1.000,0.000,0,0,12,0,0,12,12,0,0.0,0.0,1.0,0.0,0.0,1.0,1
"G[2,2](Fibrinogen >= 0.000 & SepsisLabel = 0.000)
",0.000,0.000,0.000,1.000,0.000,0,0,12,0,0,12,12,0,0.0,0.0,1.0,0.0,0.0,1.0,1
"G[1,2](((HR <= 95.219 | WBC >= 0.585) & PTT >= 1.165) & BUN >= 1.064)
",9999999.000,9999999.000,0.000,1.000,0.000,0,0,1,11,11,1,1,11,0.0,0.0,1.0,0.0,0.0,1.0,1
"G[0,1]((Hgb >= 0.592 -> Lactate <= 0.682) & Phosphate >= 0.047)
",9999999.000,9999999.000,0.000,1.000,0.000,0,0,0,12,12,0,0,12,0.0,0.0,0.0,0.0,0.0,1.0,1
"G[0,2]((BaseExcess >= -0.652 | BUN >= 0.188) & Calcium <= 4.855)
",9999999.000,9999999.000,0.000,1.000,0.000,0,0,11,1,1,11,11,1,0.0,0.0,1.0,0.0,0.0,1.0,1
"G[1,2](((Lactate <= 0.250 -> Platelets <= 123.463) -> Bilirubin_direct <= 118.079) | DBP >= 14.400)
",9999999.000,9999999.000,0.000,1.000,0.000,0,0,12,0,0,12,12,0,0.0,0.0,1.0,0.0,0.0,1.0,1
"G[1,2]((BaseExcess >= -0.210 & Platelets <= 39.649) & DBP <= 162.172)
",9999999.000,9999999.000,0.000,1.000,0.000,0,0,10,2,2,10,10,2,0.0,0.0,1.0,0.0,0.0,1.0,1
"G[1,2]((HCO3 >= 0.556 -> Lactate >= 0.054) & SaO2 <= 0.903)
",9999999.000,9999999.000,0.000,1.000,0.000,0,0,9,3,3,9,9,3,0.0,0.0,1.0,0.0,0.0,1.0,1
"G[1,1](Bilirubin_direct < 0.000 & SepsisLabel = 0.000)
",0.000,0.000,0.000,1.000,0.000,0,0,1,11,11,1,1,11,0.0,0.0,1.0,0.0,0.0,1.0,1
"G[0,2](((Magnesium >= 0.189 | Resp <= 17.619) & AST >= 13.174) -> Bilirubin_direct <= 16.391)
",9999999.000,9999999.000,0.000,1.000,0.000,0,0,12,0,0,12,12,0,0.0,0.0,1.0,0.0,0.0,1.0,1
"G[2,2](HR <= 97.702 -> PaCO2 <= 24.500)
",-97.702,-97.702,0.000,1.000,0.000,0,0,12,0,0,12,12,0,0.0,0.0,1.0,0.0,0.0,1.0,1
"G[1,2](BUN >= 0.085 -> SepsisLabel = 0.000)
",9999999.000,9999999.000,0.000,1.000,0.000,0,0,12,0,0,12,12,0,0.0,0.0,1.0,0.0,0.0,1.0,1
"G[1,2](Temp < 34.637 & SepsisLabel = 0.000)
",9999999.000,9999999.000,0.000,1.000,0.000,0,0,3,9,9,3,3,9,0.0,0.0,1.0,0.0,0.0,1.0,1
"G[1,2]((Resp <= 19.832 | SBP <= 102.859) & Hgb <= 98.921)
",9999999.000,9999999.000,0.000,1.000,0.000,0,0,11,1,1,11,11,1,0.0,0.0,1.0,0.0,0.0,1.0,1
"G[1,2]((Hgb <= 5.201 & HR >= 88.729) | EtCO2 >= 88.502)
",9999999.000,9999999.000,0.000,1.000,0.000,0,0,6,6,6,6,6,6,0.0,0.0,1.0,0.0,0.0,1.0,1
"G[0,2](((Creatinine >= 0.030 & WBC <= 14.339) & Creatinine >= 0.271) -> BaseExcess >= 0.362)
",9999999.000,9999999.000,0.000,1.000,0.000,0,0,11,1,1,11,11,1,0.0,0.0,1.0,0.0,0.0,1.0,1
"G[0,1](PaCO2 >= 1.608 | WBC >= 0.001)
",9999999.000,9999999.000,0.000,1.000,0.000,0,0,0,12,12,0,0,12,0.0,0.0,0.0,0.0,0.0,1.0,1
"G[2,2](((Creatinine <= 0.427 -> FiO2 >= 0.036) -> Magnesium >= 0.046) & Platelets <= 0.960)
",6633620335055798.000,0.046,0.000,1.000,0.000,0,0,12,0,0,12,12,0,0.0,0.0,1.0,0.0,0.0,1.0,1
"G[1,2](FiO2 <= 0.927 -> SBP >= 93.632)
",9999999.000,9999999.000,0.000,1.000,0.000,0,0,10,2,2,10,10,2,0.0,0.0,1.0,0.0,0.0,1.0,1
"G[0,2](((Chloride >= 7.871 -> Potassium >= 0.072) | Temp <= 3.168) & Alkalinephos >= 0.383)
",9999999.000,9999999.000,0.000,1.000,0.000,0,0,0,12,12,0,0,12,0.0,0.0,0.0,0.0,0.0,1.0,1
"G[0,1]((BaseExcess <= -0.013 & PaCO2 >= 5.235) & AST >= 1.824)
",9999999.000,9999999.000,0.000,1.000,0.000,0,0,0,12,12,0,0,12,0.0,0.0,0.0,0.0,0.0,1.0,1
"G[0,2](BUN <= 8.595 & Magnesium >= 0.156)
",9999999.000,9999999.000,0.000,1.000,0.000,0,0,0,12,12,0,0,12,0.0,0.0,0.0,0.0,0.0,1.0,1
"G[0,1](((HCO3 <= 19.346 | pH <= 2.377) | HCO3 >= 0.532) -> Lactate >= 0.744)
",9999999.000,9999999.000,0.000,1.000,0.000,0,0,0,12,12,0,0,12,0.0,0.0,0.0,0.0,0.0,1.0,1
"G[0,1](((BaseExcess >= -0.424 & FiO2 >= 0.058) | SaO2 >= 0.071) & BaseExcess >= 0.049)
",9999999.000,9999999.000,0.000,1.000,0.000,0,0,0,12,12,0,0,12,0.0,0.0,0.0,0.0,0.0,1.0,1
"G[2,2]((Glucose >= 2.738 & HCO3 <= 21.883) | Bilirubin_total <= 16.696)
",16.696,16.696,0.000,1.000,0.000,0,0,12,0,0,12,12,0,0.0,0.0,1.0,0.0,0.0,1.0,1
"G[1,2](((FiO2 >= 0.053 & Hct >= 3.652) & DBP >= 3.208) & HR >= 4.907)
",9999999.000,9999999.000,0.000,1.000,0.000,0,0,2,10,10,2,2,10,0.0,0.0,1.0,0.0,0.0,1.0,1
"G[0,2](BUN < 3.458 & SepsisLabel = 0.000)
",9999999.000,9999999.000,0.000,1.000,0.000,0,0,10,2,2,10,10,2,0.0,0.0,1.0,0.0,0.0,1.0,1
"G[2,2]((BaseExcess >= -0.770 -> MAP <= 77.457) -> SBP <= 73.497)
",-5171924440448689.000,-73.497,0.000,1.000,0.000,0,0,12,0,0,12,12,0,0.0,0.0,1.0,0.0,0.0,1.0,1
"G[1,2](EtCO2 <= 0.000 -> SepsisLabel = 0.000)
",9999999.000,9999999.000,0.000,1.000,0.000,0,0,12,0,0,12,12,0,0.0,0.0,1.0,0.0,0.0,1.0,1
"G[0,2](MAP >= 69.189 & Platelets <= 133.277)
",9999999.000,9999999.000,0.000,1.000,0.000,0,0,6,6,6,6,6,6,0.0,0.0,1.0,0.0,0.0,1.0,1
"G[1,2](Hgb <= 1.592 -> SaO2 >= 7.487)
",9999999.000,9999999.000,0.000,1.000,0.000,0,0,4,8,8,4,4,8,0.0,0.0,1.0,0.0,0.0,1.0,1
"G[1,2](((FiO2 >= 0.069 | WBC <= 7.186) & Calcium >= 0.060) & DBP <= 3.053)
",9999999.000,9999999.000,0.000,1.000,0.000,0,0,1,11,11,1,1,11,0.0,0.0,1.0,0.0,0.0,1.0,1
"G[0,2](Hgb <= 5.159 & Resp >= 14.687)
",9999999.000,9999999.000,0.000,1.000,0.000,0,0,3,9,9,3,3,9,0.0,0.0,1.0,0.0,0.0,1.0,1
"G[1,2](Platelets <= 97.137 -> WBC >= 0.049)
",9999999.000,9999999.000,0.000,1.000,0.000,0,0,2,10,10,2,2,10,0.0,0.0,1.0,0.0,0.0,1.0,1
"G[0,1](((Glucose <= 94.700 -> SaO2 >= 5.226) -> HR >= 1.980) & BUN >= 8.427)
",9999999.000,9999999.000,0.000,1.000,0.000,0,0,0,12,12,0,0,12,0.0,0.0,0.0,0.0,0.0,1.0,1
"G[1,2](((PaCO2 >= 0.826 -> Temp >= 1.030) -> Hct <= 34.633) -> BaseExcess >= 19.333)
",9999999.000,9999999.000,0.000,1.000,0.000,0,0,1,11,11,1,1,11,0.0,0.0,1.0,0.0,0.0,1.0,1
"G[2,2]((Creatinine >= 0.012 & Resp >= 14.106) & Alkalinephos <= 19.505)
",-14.106,-14.106,0.000,1.000,0.000,0,0,12,0,0,12,12,0,0.0,0.0,1.0,0.0,0.0,1.0,1
"G[0,0]((BUN <= 6.562 & HCO3 >= 1.585) & Hct <= 11.330)
",-1.585,-1.585,0.000,1.000,0.000,0,0,0,12,12,0,0,12,0.0,0.0,0.0,0.0,0.0,1.0,1
"G[0,2]((Hct >= 2.272 & MAP >= 69.817) | Platelets <= 78.979)
",9999999.000,9999999.000,0.000,1.000,0.000,0,0,11,1,1,11,11,1,0.0,0.0,1.0,0.0,0.0,1.0,1
"G[0,1]((BUN >= 0.015 -> Platelets <= 116.703) & Platelets >= 13.629)
",9999999.000,9999999.000,0.000,1.000,0.000,0,0,0,12,12,0,0,12,0.0,0.0,0.0,0.0,0.0,1.0,1
"G[0,2](((Chloride >= 1.970 | Creatinine >= 0.029) & HCO3 >= 0.007) & Fibrinogen >= 0.039)
",9999999.000,9999999.000,0.000,1.000,0.000,0,0,0,12,12,0,0,12,0.0,0.0,0.0,0.0,0.0,1.0,1
"G[2,2](((BaseExcess >= -0.539 & Resp >= 12.090) | Glucose <= 17.742) -> PTT <= 19.403)
",-5461348333160473.000,-19.403,0.000,1.000,0.000,0,0,12,0,0,12,12,0,0.0,0.0,1.0,0.0,0.0,1.0,1
"G[0,1](Creatinine <= 0.221 -> Platelets >= 9.004)
",9999999.000,9999999.000,0.000,1.000,0.000,0,0,0,12,12,0,0,12,0.0,0.0,0.0,0.0,0.0,1.0,1
"G[0,2](((Creatinine >= 0.018 -> SBP >= 91.695) -> HR >= 90.162) | Fibrinogen <= 100.385)
",9999999.000,9999999.000,0.000,1.000,0.000,0,0,12,0,0,12,12,0,0.0,0.0,1.0,0.0,0.0,1.0,1
"G[2,2](BaseExcess <= -0.015 & Lactate >= 0.025)
",-7180110456610417.000,-0.025,0.000,1.000,0.000,0,0,12,0,0,12,12,0,0.0,0.0,1.0,0.0,0.0,1.0,1
"G[0,2](((PTT >= 0.527 & Temp <= 36.858) -> Bilirubin_total >= 22.762) & SaO2 >= 30.490)
",9999999.000,9999999.000,0.000,1.000,0.000,0,0,0,12,12,0,0,12,0.0,0.0,0.0,0.0,0.0,1.0,1
"G[0,1](BUN <= 5.509 & Creatinine >= 0.001)
",9999999.000,9999999.000,0.000,1.000,0.000,0,0,0,12,12,0,0,12,0.0,0.0,0.0,0.0,0.0,1.0,1
"G[2,2](HCO3 <= 13.077 -> SepsisLabel = 0.000)
",-7361465693372937.000,-13.077,0.000,1.000,0.000,0,0,12,0,0,12,12,0,0.0,0.0,1.0,0.0,0.0,1.0,1
"G[0,2](BUN < 1.594 & SepsisLabel = 0.000)
",9999999.000,9999999.000,0.000,1.000,0.000,0,0,10,2,2,10,10,2,0.0,0.0,1.0,0.0,0.0,1.0,1
"G[1,2]((BUN <= 3.083 -> Calcium >= 0.000) -> PaCO2 <= 0.000)
",9999999.000,9999999.000,0.000,1.000,0.000,0,0,9,3,3,9,9,3,0.0,0.0,1.0,0.0,0.0,1.0,1
"G[1,2](PaCO2 >= 2.941 & Hct <= 7.083)
",9999999.000,9999999.000,0.000,1.000,0.000,0,0,3,9,9,3,3,9,0.0,0.0,1.0,0.0,0.0,1.0,1
"G[0,1](pH > 0.842 & SepsisLabel = 0.000)
",9999999.000,9999999.000,0.000,1.000,0.000,0,0,0,12,12,0,0,12,0.0,0.0,0.0,0.0,0.0,1.0,1
"F[0,2](EtCO2 >= 0.000 -> Potassium <= 2.320)
",-9999999.000,-9999999.000,0.000,0.000,1.000,0,0,0,12,12,0,0,12,0.0,0.0,0.0,0.0,0.0,1.0,-1
