Rule,Discrimination Score,Pos Robustness,Neg Robustness,Percent Class +,Percent Class -,TP,TN,FP,FN,Actual Yes,Actual No,Predicted Yes,Predicted No,TPR/Sens,TNR/Spec,FPR,Precision,Accuracy,MCR,Class
"G[1,1]((DBP <= 31.390 -> pH <= 0.000) | PaCO2 <= 0.000)
",0.000,0.000,0.000,1.000,0.000,24,0,0,0,24,0,24,0,1.0,0.0,0.0,1.0,1.0,0.0,1
"G[0,0](((Platelets <= 38.256 -> pH >= 0.000) | Potassium >= 0.000) -> SBP >= 0.000)
",-0.447,-6.071,0.000,1.000,0.000,24,0,0,0,24,0,24,0,1.0,0.0,0.0,1.0,1.0,0.0,1
"G[0,1](Alkalinephos <= 0.000 | Resp >= 1.843)
",9999999.000,9999999.000,0.000,1.000,0.000,24,0,0,0,24,0,24,0,1.0,0.0,0.0,1.0,1.0,0.0,1
"G[0,1](((Fibrinogen >= 0.000 & Alkalinephos >= 0.000) | O2Sat <= 0.000) & BUN >= 0.000)
",9999999.000,9999999.000,0.000,1.000,0.000,24,0,0,0,24,0,24,0,1.0,0.0,0.0,1.0,1.0,0.0,1
"G[0,1](Chloride >= 0.000 & HCO3 >= 0.000)
",9999999.000,9999999.000,0.000,1.000,0.000,24,0,0,0,24,0,24,0,1.0,0.0,0.0,1.0,1.0,0.0,1
"G[0,0](((DBP >= 16.835 -> SaO2 >= 0.000) | Potassium <= 0.000) | Lactate >= 0.000)
",0.444,19.542,0.000,1.000,0.000,24,0,0,0,24,0,24,0,1.0,0.0,0.0,1.0,1.0,0.0,1
"G[1,1](PaCO2 <= 0.000 | Phosphate <= 0.000)
",0.000,0.000,0.000,1.000,0.000,24,0,0,0,24,0,24,0,1.0,0.0,0.0,1.0,1.0,0.0,1
"G[0,1](FiO2 <= 0.000 | HR >= 8.278)
",9999999.000,9999999.000,0.000,1.000,0.000,24,0,0,0,24,0,24,0,1.0,0.0,0.0,1.0,1.0,0.0,1
"G[1,1](((SBP <= 62.135 & pH <= 0.000) | Phosphate >= 0.000) | Platelets >= 0.000)
",0.000,0.000,0.000,1.000,0.000,24,0,0,0,24,0,24,0,1.0,0.0,0.0,1.0,1.0,0.0,1
"G[0,0](PTT >= 0.000 & Phosphate <= 0.000)
",-0.209,-0.083,0.000,1.000,0.000,24,0,0,0,24,0,24,0,1.0,0.0,0.0,1.0,1.0,0.0,1
"G[0,1](((Potassium >= 0.082 & Creatinine <= 0.101) -> Glucose >= 0.040) | Creatinine <= 1.333)
",9999999.000,9999999.000,0.000,1.000,0.000,24,0,0,0,24,0,24,0,1.0,0.0,0.0,1.0,1.0,0.0,1
"G[1,1]((BUN <= 19.269 & HR <= 77.848) | PaCO2 <= 39.107)
",39.107,39.107,0.000,1.000,0.000,24,0,0,0,24,0,24,0,1.0,0.0,0.0,1.0,1.0,0.0,1
"G[0,1]((Hct >= 0.213 | pH >= 0.000) & MAP >= 0.000)
",9999999.000,9999999.000,0.000,1.000,0.000,24,0,0,0,24,0,24,0,1.0,0.0,0.0,1.0,1.0,0.0,1
"G[1,1](((Phosphate >= 0.000 -> DBP <= 50.129) | pH <= 58.531) | Platelets >= 0.272)
",8237558282186465.000,58.531,0.000,1.000,0.000,24,0,0,0,24,0,24,0,1.0,0.0,0.0,1.0,1.0,0.0,1
"G[0,1](((BaseExcess >= 0.000 | pH <= 0.000) | HR >= 0.000) | HR >= 0.000)
",9999999.000,9999999.000,0.000,1.000,0.000,24,0,0,0,24,0,24,0,1.0,0.0,0.0,1.0,1.0,0.0,1
"G[0,1](((Bilirubin_direct >= 0.000 | MAP >= 3.711) -> HR >= 8.481) -> BaseExcess <= 36.879)
",9999999.000,9999999.000,0.000,1.000,0.000,24,0,0,0,24,0,24,0,1.0,0.0,0.0,1.0,1.0,0.0,1
"G[1,1]((SaO2 >= 0.000 | Bilirubin_direct >= 0.000) -> Creatinine >= 0.000)
",0.000,0.000,0.000,1.000,0.000,24,0,0,0,24,0,24,0,1.0,0.0,0.0,1.0,1.0,0.0,1
"G[0,1](Chloride >= 0.000 & HCO3 >= 0.000)
",9999999.000,9999999.000,0.000,1.000,0.000,24,0,0,0,24,0,24,0,1.0,0.0,0.0,1.0,1.0,0.0,1
"G[1,1](Alkalinephos <= 0.000 | Phosphate >= 0.000)
",0.000,0.000,0.000,1.000,0.000,24,0,0,0,24,0,24,0,1.0,0.0,0.0,1.0,1.0,0.0,1
"G[0,1]((Hgb >= 0.114 & DBP >= 9.824) -> pH >= 12.138)
",9999999.000,9999999.000,0.000,1.000,0.000,24,0,0,0,24,0,24,0,1.0,0.0,0.0,1.0,1.0,0.0,1
"G[0,1](((HR >= 16.414 & HR >= 9.291) | Magnesium <= 80.930) | PTT <= 83.884)
",9999999.000,9999999.000,0.000,1.000,0.000,24,0,0,0,24,0,24,0,1.0,0.0,0.0,1.0,1.0,0.0,1
"G[1,1]((Creatinine <= 1.051 | Chloride >= 0.000) -> Alkalinephos >= 0.000)
",-1.051,-1.051,0.000,1.000,0.000,24,0,0,0,24,0,24,0,1.0,0.0,0.0,1.0,1.0,0.0,1
"G[0,1]((DBP <= 24.638 | O2Sat <= 31.879) -> Creatinine <= 33.578)
",9999999.000,9999999.000,0.000,1.000,0.000,24,0,0,0,24,0,24,0,1.0,0.0,0.0,1.0,1.0,0.0,1
"F[0,1]((Creatinine >= 0.071 -> Glucose <= 117.420) & pH >= 6.956)
",-9999999.000,-9999999.000,0.000,0.000,1.000,24,0,0,0,24,0,24,0,1.0,0.0,0.0,1.0,1.0,0.0,-1
"F[0,1](((Platelets >= 1.812 | Potassium >= 0.119) & Bilirubin_total >= 0.073) & EtCO2 <= 1.545)
",-9999999.000,-9999999.000,0.000,0.000,1.000,24,0,0,0,24,0,24,0,1.0,0.0,0.0,1.0,1.0,0.0,-1
"((HR <= 45.052) U[0,0] (TroponinI >= 0.001))
",-0.001,-0.001,0.000,0.000,1.000,24,0,0,0,24,0,24,0,1.0,0.0,0.0,1.0,1.0,0.0,-1
"F[0,1](((DBP <= 55.261 & Creatinine >= 0.055) & Chloride <= 1.422) & PaCO2 >= 0.013)
",-9999999.000,-9999999.000,0.000,0.000,1.000,24,0,0,0,24,0,24,0,1.0,0.0,0.0,1.0,1.0,0.0,-1
"F[0,1](Lactate < 0.000 & SepsisLabel = 0.000)
",-9999999.000,-9999999.000,0.000,0.000,1.000,24,0,0,0,24,0,24,0,1.0,0.0,0.0,1.0,1.0,0.0,-1
"((Bilirubin_direct < 0.000) U[1,2] (SepsisLabel = 0.000))
",-9999999.000,-9999999.000,0.000,0.000,1.000,24,0,0,0,24,0,24,0,1.0,0.0,0.0,1.0,1.0,0.0,-1
"F[1,1]((Creatinine <= 0.429 & Calcium >= 0.099) & AST >= 0.209)
",-0.209,-0.209,0.000,0.000,1.000,24,0,0,0,24,0,24,0,1.0,0.0,0.0,1.0,1.0,0.0,-1
"((EtCO2 > 0.000) U[1,1] (SepsisLabel = 0.000))
",0.000,0.000,0.000,0.000,1.000,24,0,0,0,24,0,24,0,1.0,0.0,0.0,1.0,1.0,0.0,-1
"F[0,1](((Calcium < 6.664 & Potassium < 0.572) & Magnesium < 0.866) & Phosphate < 0.000)
",-9999999.000,-9999999.000,0.000,0.000,1.000,24,0,0,0,24,0,24,0,1.0,0.0,0.0,1.0,1.0,0.0,-1
"F[1,1](((Calcium < 4.277 & Potassium < 1.297) & Magnesium < 1.888) & Phosphate < 0.000)
",0.000,0.000,0.000,0.000,1.000,24,0,0,0,24,0,24,0,1.0,0.0,0.0,1.0,1.0,0.0,-1
"F[1,1](((Calcium < 0.468 & Potassium < 1.399) & Magnesium < 0.624) & Phosphate < 0.000)
",0.000,0.000,0.000,0.000,1.000,24,0,0,0,24,0,24,0,1.0,0.0,0.0,1.0,1.0,0.0,-1
"F[1,1]((Calcium <= 7.461 & Potassium <= 2.874) & Magnesium >= 0.030)
",-0.030,-0.030,0.000,0.000,1.000,24,0,0,0,24,0,24,0,1.0,0.0,0.0,1.0,1.0,0.0,-1
"F[1,1]((HCO3 >= 0.000 | Creatinine <= 1.088) & Chloride >= 0.005)
",-0.005,-0.005,0.000,0.000,1.000,24,0,0,0,24,0,24,0,1.0,0.0,0.0,1.0,1.0,0.0,-1
"F[0,1](((Calcium < 0.416 & Potassium < 3.932) & Magnesium < 1.737) & Phosphate < 0.000)
",-9999999.000,-9999999.000,0.000,0.000,1.000,24,0,0,0,24,0,24,0,1.0,0.0,0.0,1.0,1.0,0.0,-1
"F[0,1]((Resp >= 1.848 -> HR <= 61.141) & Potassium >= 19.448)
",-9999999.000,-9999999.000,0.000,0.000,1.000,24,0,0,0,24,0,24,0,1.0,0.0,0.0,1.0,1.0,0.0,-1
"G[0,1](((O2Sat <= 37.578 | Potassium <= 1.877) | AST <= 4.935) | Creatinine >= 0.115)
",9999999.000,9999999.000,0.000,1.000,0.000,24,0,0,0,24,0,24,0,1.0,0.0,0.0,1.0,1.0,0.0,1
"F[0,1](Hgb >= 0.216 & O2Sat >= 5.225)
",-9999999.000,-9999999.000,0.000,0.000,1.000,24,0,0,0,24,0,24,0,1.0,0.0,0.0,1.0,1.0,0.0,-1
"G[0,0](Chloride >= 0.000 & HCO3 >= 0.000)
",0.000,0.000,0.000,1.000,0.000,24,0,0,0,24,0,24,0,1.0,0.0,0.0,1.0,1.0,0.0,1
"F[0,0]((EtCO2 <= 0.000 & Hct <= 2.774) & WBC >= 1.182)
",-0.681,-4.728,0.000,0.000,1.000,24,0,0,0,24,0,24,0,1.0,0.0,0.0,1.0,1.0,0.0,-1
"G[1,1]((HR >= 4.708 -> Fibrinogen <= 0.000) | AST >= 0.000)
",0.000,0.000,0.000,1.000,0.000,24,0,0,0,24,0,24,0,1.0,0.0,0.0,1.0,1.0,0.0,1
"G[1,1](((Alkalinephos >= 0.000 | Creatinine >= 0.051) | AST >= 0.010) | Fibrinogen <= 0.692)
",0.692,0.692,0.000,1.000,0.000,24,0,0,0,24,0,24,0,1.0,0.0,0.0,1.0,1.0,0.0,1
"G[0,0](BUN <= 29.603 -> Potassium <= 4.230)
",-8332472627620041.000,-29.603,0.000,1.000,0.000,24,0,0,0,24,0,24,0,1.0,0.0,0.0,1.0,1.0,0.0,1
"G[0,1](Lactate > 0.000 -> SepsisLabel = 0.000)
",9999999.000,9999999.000,0.000,1.000,0.000,24,0,0,0,24,0,24,0,1.0,0.0,0.0,1.0,1.0,0.0,1
"G[0,1](BaseExcess > 0.000 -> SepsisLabel = 0.000)
",9999999.000,9999999.000,0.000,1.000,0.000,24,0,0,0,24,0,24,0,1.0,0.0,0.0,1.0,1.0,0.0,1
"G[0,1](((SepsisLabel <= 0.000 -> PTT <= 0.000) -> Potassium <= 0.000) | WBC >= 0.000)
",9999999.000,9999999.000,0.000,1.000,0.000,24,0,0,0,24,0,24,0,1.0,0.0,0.0,1.0,1.0,0.0,1
"G[1,1](PaCO2 >= 0.000 -> SepsisLabel = 0.000)
",0.000,0.000,0.000,1.000,0.000,24,0,0,0,24,0,24,0,1.0,0.0,0.0,1.0,1.0,0.0,1
"G[0,0](((O2Sat >= 17.533 -> Platelets >= 1.705) -> Temp >= 0.789) -> O2Sat <= 128.753)
",-3.689,-113.086,0.000,1.000,0.000,24,0,0,0,24,0,24,0,1.0,0.0,0.0,1.0,1.0,0.0,1
"G[0,1](((Platelets <= 42.437 | TroponinI >= 0.004) | O2Sat <= 0.035) | Bilirubin_direct >= 0.001)
",9999999.000,9999999.000,0.000,1.000,0.000,24,0,0,0,24,0,24,0,1.0,0.0,0.0,1.0,1.0,0.0,1
"G[0,0]((WBC >= 0.209 & Resp >= 4.488) -> Calcium >= 1.414)
",2.132,1.112,0.000,1.000,0.000,24,0,0,0,24,0,24,0,1.0,0.0,0.0,1.0,1.0,0.0,1
"G[1,1](AST >= 0.000 & SepsisLabel = 0.000)
",0.000,0.000,0.000,1.000,0.000,24,0,0,0,24,0,24,0,1.0,0.0,0.0,1.0,1.0,0.0,1
"G[0,1]((Phosphate <= 0.000 & Creatinine <= 0.249) -> TroponinI <= 0.801)
",9999999.000,9999999.000,0.000,1.000,0.000,24,0,0,0,24,0,24,0,1.0,0.0,0.0,1.0,1.0,0.0,1
"G[0,0]((BUN >= 1.066 & MAP <= 67.493) | Phosphate <= 27.613)
",68.885,27.530,0.000,1.000,0.000,24,0,0,0,24,0,24,0,1.0,0.0,0.0,1.0,1.0,0.0,1
"G[0,1]((Creatinine <= 1.222 | HR <= 83.133) -> Bilirubin_total <= 47.887)
",9999999.000,9999999.000,0.000,1.000,0.000,24,0,0,0,24,0,24,0,1.0,0.0,0.0,1.0,1.0,0.0,1
"G[1,1](Phosphate <= 0.000 & SepsisLabel = 0.000)
",0.000,0.000,0.000,1.000,0.000,24,0,0,0,24,0,24,0,1.0,0.0,0.0,1.0,1.0,0.0,1
"G[0,1](((Chloride >= 0.000 -> pH <= 0.000) | Hgb >= 0.000) & Creatinine >= 0.000)
",9999999.000,9999999.000,0.000,1.000,0.000,24,0,0,0,24,0,24,0,1.0,0.0,0.0,1.0,1.0,0.0,1
"G[0,0]((Fibrinogen <= 0.000 | Hct >= 1.366) -> Calcium <= 22.571)
",-22.571,-22.571,0.000,1.000,0.000,24,0,0,0,24,0,24,0,1.0,0.0,0.0,1.0,1.0,0.0,1
"G[0,0](((Hgb >= 0.455 & TroponinI >= 0.000) -> Bilirubin_total <= 0.077) | EtCO2 >= 0.001)
",0.511,3.791,0.000,1.000,0.000,24,0,0,0,24,0,24,0,1.0,0.0,0.0,1.0,1.0,0.0,1
"G[1,1](Temp > 5.507 -> SepsisLabel = 0.000)
",0.000,0.000,0.000,1.000,0.000,24,0,0,0,24,0,24,0,1.0,0.0,0.0,1.0,1.0,0.0,1
"G[0,0]((HR >= 16.002 -> MAP >= 0.313) | EtCO2 <= 51.379)
",6.417,47.587,0.000,1.000,0.000,24,0,0,0,24,0,24,0,1.0,0.0,0.0,1.0,1.0,0.0,1
"G[0,1](((TroponinI >= 0.003 -> PTT >= 0.000) & AST >= 0.000) & Bilirubin_total >= 0.000)
",9999999.000,9999999.000,0.000,1.000,0.000,24,0,0,0,24,0,24,0,1.0,0.0,0.0,1.0,1.0,0.0,1
"G[0,1](AST <= 0.000 & pH >= 0.000)
",9999999.000,9999999.000,0.000,1.000,0.000,24,0,0,0,24,0,24,0,1.0,0.0,0.0,1.0,1.0,0.0,1
"G[0,0](Potassium > 0.113 -> SepsisLabel = 0.000)
",0.209,0.005,0.000,1.000,0.000,24,0,0,0,24,0,24,0,1.0,0.0,0.0,1.0,1.0,0.0,1
"G[0,0](Chloride >= 0.000 & HCO3 >= 0.000)
",0.000,0.000,0.000,1.000,0.000,24,0,0,0,24,0,24,0,1.0,0.0,0.0,1.0,1.0,0.0,1
"G[0,0](((Bilirubin_total <= 0.000 | Hct <= 13.196) & Bilirubin_total >= 0.427) | TroponinI <= 7.225)
",7.225,7.225,0.000,1.000,0.000,24,0,0,0,24,0,24,0,1.0,0.0,0.0,1.0,1.0,0.0,1
"G[0,1](((PTT <= 0.000 & MAP >= 15.162) -> Hgb <= 30.741) -> Bilirubin_total <= 34.791)
",9999999.000,9999999.000,0.000,1.000,0.000,24,0,0,0,24,0,24,0,1.0,0.0,0.0,1.0,1.0,0.0,1
"G[0,0](Hct <= 16.674 | WBC >= 0.223)
",595.821,16.669,0.000,1.000,0.000,24,0,0,0,24,0,24,0,1.0,0.0,0.0,1.0,1.0,0.0,1
"G[0,1](((MAP >= 9.281 & FiO2 >= 0.000) | SepsisLabel >= 0.000) -> Potassium >= 0.000)
",9999999.000,9999999.000,0.000,1.000,0.000,24,0,0,0,24,0,24,0,1.0,0.0,0.0,1.0,1.0,0.0,1
"G[0,1](Chloride >= 0.000 & HCO3 >= 0.000)
",9999999.000,9999999.000,0.000,1.000,0.000,24,0,0,0,24,0,24,0,1.0,0.0,0.0,1.0,1.0,0.0,1
"G[1,1](((Bilirubin_direct <= 0.000 -> SepsisLabel <= 0.000) & Creatinine <= 0.000) -> AST <= 0.000)
",0.000,0.000,0.000,1.000,0.000,24,0,0,0,24,0,24,0,1.0,0.0,0.0,1.0,1.0,0.0,1
"G[0,0](((Hgb >= 0.167 -> Calcium >= 0.299) -> Phosphate <= 8.050) | pH <= 5.022)
",5.022,5.022,0.000,1.000,0.000,24,0,0,0,24,0,24,0,1.0,0.0,0.0,1.0,1.0,0.0,1
"G[0,1](((BUN >= 1.474 -> Bilirubin_direct <= 0.000) -> Hgb >= 0.000) | BaseExcess <= 0.000)
",9999999.000,9999999.000,0.000,1.000,0.000,24,0,0,0,24,0,24,0,1.0,0.0,0.0,1.0,1.0,0.0,1
"G[1,1](((BUN >= 1.247 -> Creatinine <= 1.531) | AST >= 0.019) | Bilirubin_direct <= 1.444)
",1.444,1.444,0.000,1.000,0.000,24,0,0,0,24,0,24,0,1.0,0.0,0.0,1.0,1.0,0.0,1
"G[0,1](Bilirubin_total >= 0.000 | Chloride >= 0.000)
",9999999.000,9999999.000,0.000,1.000,0.000,24,0,0,0,24,0,24,0,1.0,0.0,0.0,1.0,1.0,0.0,1
"G[1,1](pH <= 0.000 -> SepsisLabel <= 0.000)
",0.000,0.000,0.000,1.000,0.000,24,0,0,0,24,0,24,0,1.0,0.0,0.0,1.0,1.0,0.0,1
"G[1,1]((pH >= 0.000 | SepsisLabel >= 0.000) | Hgb >= 0.000)
",0.000,0.000,0.000,1.000,0.000,24,0,0,0,24,0,24,0,1.0,0.0,0.0,1.0,1.0,0.0,1
"G[0,1]((pH >= 0.000 | Lactate <= 0.000) -> MAP >= 0.000)
",9999999.000,9999999.000,0.000,1.000,0.000,24,0,0,0,24,0,24,0,1.0,0.0,0.0,1.0,1.0,0.0,1
"G[1,1](((Platelets >= 5.265 | SBP >= 29.753) | Alkalinephos <= 69.672) & PTT <= 57.185)
",57.185,57.185,0.000,1.000,0.000,24,0,0,0,24,0,24,0,1.0,0.0,0.0,1.0,1.0,0.0,1
"G[0,1](((Hct <= 17.841 -> Platelets <= 88.309) & SBP <= 24.499) -> MAP <= 115.061)
",9999999.000,9999999.000,0.000,1.000,0.000,24,0,0,0,24,0,24,0,1.0,0.0,0.0,1.0,1.0,0.0,1
"G[0,1]((PaCO2 <= 0.000 | Lactate >= 0.000) & SepsisLabel <= 0.000)
",9999999.000,9999999.000,0.000,1.000,0.000,24,0,0,0,24,0,24,0,1.0,0.0,0.0,1.0,1.0,0.0,1
"F[0,0]((Calcium <= 6.916 & Potassium <= 1.309) & Magnesium >= 0.041)
",-0.041,-0.041,0.000,0.000,1.000,23,0,0,1,24,0,23,1,0.9583333333333334,0.0,0.0,1.0,0.9583333333333334,0.04166666666666663,-1
"((HR <= 36.803) U[1,1] (Magnesium >= 0.125))
",36.803,36.803,0.000,0.000,1.000,23,0,0,1,24,0,23,1,0.9583333333333334,0.0,0.0,1.0,0.9583333333333334,0.04166666666666663,-1
"F[1,1](((SepsisLabel <= 0.000 | Magnesium >= 0.106) & PTT <= 2.036) & BUN >= 0.040)
",-0.040,-0.040,0.000,0.000,1.000,23,0,0,1,24,0,23,1,0.9583333333333334,0.0,0.0,1.0,0.9583333333333334,0.04166666666666663,-1
"F[1,1](FiO2 >= 0.000 -> Creatinine >= 0.007)
",0.000,0.000,0.000,0.000,1.000,23,0,0,1,24,0,23,1,0.9583333333333334,0.0,0.0,1.0,0.9583333333333334,0.04166666666666663,-1
"F[0,0](Creatinine <= 0.400 -> Creatinine >= 0.058)
",-7199173591537037.000,-0.400,0.000,0.000,1.000,23,0,0,1,24,0,23,1,0.9583333333333334,0.0,0.0,1.0,0.9583333333333334,0.04166666666666663,-1
"F[0,1]((Calcium <= 7.200 & Potassium <= 4.286) & Magnesium >= 0.108)
",-9999999.000,-9999999.000,0.000,0.000,1.000,23,0,0,1,24,0,23,1,0.9583333333333334,0.0,0.0,1.0,0.9583333333333334,0.04166666666666663,-1
"F[1,1]((Calcium >= 0.334 | Hct >= 1.432) | Alkalinephos >= 1.113)
",-6014441996507764.000,-0.334,0.000,0.000,1.000,23,0,0,1,24,0,23,1,0.9583333333333334,0.0,0.0,1.0,0.9583333333333334,0.04166666666666663,-1
"((Potassium >= 0.034) U[1,2] (PaCO2 >= 0.000))
",-9999999.000,-9999999.000,0.000,0.000,1.000,23,0,0,1,24,0,23,1,0.9583333333333334,0.0,0.0,1.0,0.9583333333333334,0.04166666666666663,-1
"F[0,1]((Creatinine >= 0.059 & DBP <= 42.960) | SepsisLabel >= 5.008)
",-9999999.000,-9999999.000,0.000,0.000,1.000,23,0,0,1,24,0,23,1,0.9583333333333334,0.0,0.0,1.0,0.9583333333333334,0.04166666666666663,-1
"((Bilirubin_total <= 0.000) U[0,0] (Creatinine >= 0.045))
",-0.209,-0.002,0.000,0.000,1.000,23,0,0,1,24,0,23,1,0.9583333333333334,0.0,0.0,1.0,0.9583333333333334,0.04166666666666663,-1
"G[1,1]((TroponinI >= 0.004 & Temp >= 2.488) -> Platelets >= 1.206)
",1.206,1.206,0.000,1.000,0.000,23,0,0,1,24,0,23,1,0.9583333333333334,0.0,0.0,1.0,0.9583333333333334,0.04166666666666663,1
"G[0,1](((Calcium >= 0.010 | TroponinI >= 0.002) & Bilirubin_direct <= 0.132) -> Potassium >= 0.002)
",9999999.000,9999999.000,0.000,1.000,0.000,23,0,0,1,24,0,23,1,0.9583333333333334,0.0,0.0,1.0,0.9583333333333334,0.04166666666666663,1
"G[1,1](Fibrinogen >= 0.000 & BUN <= 41.354)
",0.000,0.000,0.000,1.000,0.000,23,0,0,1,24,0,23,1,0.9583333333333334,0.0,0.0,1.0,0.9583333333333334,0.04166666666666663,1
"G[0,0](((Phosphate <= 0.000 -> Calcium >= 0.037) -> PTT >= 0.153) | Calcium <= 2.438)
",2.438,2.438,0.000,1.000,0.000,23,0,0,1,24,0,23,1,0.9583333333333334,0.0,0.0,1.0,0.9583333333333334,0.04166666666666663,1
"G[0,1](HR >= 7.260 -> TroponinI <= 0.098)
",9999999.000,9999999.000,0.000,1.000,0.000,23,0,0,1,24,0,23,1,0.9583333333333334,0.0,0.0,1.0,0.9583333333333334,0.04166666666666663,1
"G[1,1](SepsisLabel >= 0.000 -> Potassium <= 2.582)
",-2.582,-2.582,0.000,1.000,0.000,23,0,0,1,24,0,23,1,0.9583333333333334,0.0,0.0,1.0,0.9583333333333334,0.04166666666666663,1
"G[0,0]((Calcium <= 1.678 & PaCO2 >= 0.000) & Bilirubin_direct <= 0.000)
",-0.209,-0.073,0.000,1.000,0.000,23,0,0,1,24,0,23,1,0.9583333333333334,0.0,0.0,1.0,0.9583333333333334,0.04166666666666663,1
"((PTT <= 0.000) U[0,1] (Hgb >= 0.451))
",-9999999.000,-9999999.000,0.000,0.000,1.000,22,0,0,2,24,0,22,2,0.9166666666666666,0.0,0.0,1.0,0.9166666666666666,0.08333333333333337,-1
"G[0,0](WBC <= 3.830 & AST >= 0.000)
",0.000,0.000,0.000,1.000,0.000,22,0,0,2,24,0,22,2,0.9166666666666666,0.0,0.0,1.0,0.9166666666666666,0.08333333333333337,1
"G[0,0](PTT <= 0.000 & Platelets <= 19.876)
",-0.209,-0.513,0.000,1.000,0.000,22,0,0,2,24,0,22,2,0.9166666666666666,0.0,0.0,1.0,0.9166666666666666,0.08333333333333337,1
"G[0,1](BUN >= 1.120 -> Creatinine <= 0.187)
",9999999.000,9999999.000,0.000,1.000,0.000,22,0,0,2,24,0,22,2,0.9166666666666666,0.0,0.0,1.0,0.9166666666666666,0.08333333333333337,1
"G[0,0](Temp <= 21.993 & SepsisLabel = 0.000)
",-0.550,-21.335,0.000,1.000,0.000,22,0,0,2,24,0,22,2,0.9166666666666666,0.0,0.0,1.0,0.9166666666666666,0.08333333333333337,1
"G[0,1](Platelets < 66.212 & SepsisLabel = 0.000)
",9999999.000,9999999.000,0.000,1.000,0.000,22,0,0,2,24,0,22,2,0.9166666666666666,0.0,0.0,1.0,0.9166666666666666,0.08333333333333337,1
"G[0,0]((Platelets >= 5.174 -> Resp >= 3.958) & Hct <= 5.839)
",-0.443,-13.097,0.000,1.000,0.000,22,0,0,2,24,0,22,2,0.9166666666666666,0.0,0.0,1.0,0.9166666666666666,0.08333333333333337,1
"F[0,0](Fibrinogen >= 0.000 & Magnesium >= 0.094)
",-0.094,-0.094,0.000,0.000,1.000,22,0,0,2,24,0,22,2,0.9166666666666666,0.0,0.0,1.0,0.9166666666666666,0.08333333333333337,-1
"G[0,1](SepsisLabel <= 0.000 -> WBC <= 5.280)
",9999999.000,9999999.000,0.000,1.000,0.000,22,0,0,2,24,0,22,2,0.9166666666666666,0.0,0.0,1.0,0.9166666666666666,0.08333333333333337,1
"F[1,1](TroponinI <= 0.115 -> WBC >= 0.208)
",-0.115,-0.115,0.000,0.000,1.000,22,0,0,2,24,0,22,2,0.9166666666666666,0.0,0.0,1.0,0.9166666666666666,0.08333333333333337,-1
"((Hgb <= 9.603) U[0,1] (Platelets >= 2.211))
",-9999999.000,-9999999.000,0.000,0.000,1.000,22,0,0,2,24,0,22,2,0.9166666666666666,0.0,0.0,1.0,0.9166666666666666,0.08333333333333337,-1
"((Temp >= 1.744) U[1,1] (Temp <= 18.758))
",18.758,18.758,0.000,0.000,1.000,22,0,0,2,24,0,22,2,0.9166666666666666,0.0,0.0,1.0,0.9166666666666666,0.08333333333333337,-1
"((Magnesium > 0.071) U[1,2] (SepsisLabel = 0.000))
",-9999999.000,-9999999.000,0.000,0.000,1.000,22,0,0,2,24,0,22,2,0.9166666666666666,0.0,0.0,1.0,0.9166666666666666,0.08333333333333337,-1
"F[0,1]((AST >= 0.000 | Temp >= 2.985) & Hgb >= 3.528)
",-9999999.000,-9999999.000,0.000,0.000,1.000,22,0,0,2,24,0,22,2,0.9166666666666666,0.0,0.0,1.0,0.9166666666666666,0.08333333333333337,-1
"G[0,1](Fibrinogen <= 0.000 -> BUN <= 40.237)
",9999999.000,9999999.000,0.000,1.000,0.000,22,0,0,2,24,0,22,2,0.9166666666666666,0.0,0.0,1.0,0.9166666666666666,0.08333333333333337,1
"F[0,1](((Creatinine >= 0.056 & Creatinine <= 0.705) -> pH <= 0.764) & Hct >= 0.066)
",-9999999.000,-9999999.000,0.000,0.000,1.000,22,0,0,2,24,0,22,2,0.9166666666666666,0.0,0.0,1.0,0.9166666666666666,0.08333333333333337,-1
"((Calcium <= 6.451) U[0,0] (WBC >= 0.091))
",6.451,6.451,0.000,0.000,1.000,22,0,0,2,24,0,22,2,0.9166666666666666,0.0,0.0,1.0,0.9166666666666666,0.08333333333333337,-1
"F[0,0](((Hct >= 1.305 -> O2Sat <= 85.356) & MAP <= 36.852) -> Calcium >= 18.301)
",18.301,18.301,0.000,0.000,1.000,21,0,0,3,24,0,21,3,0.875,0.0,0.0,1.0,0.875,0.125,-1
"F[0,1]((Magnesium >= 0.049 & PTT >= 0.000) & FiO2 <= 0.000)
",-9999999.000,-9999999.000,0.000,0.000,1.000,21,0,0,3,24,0,21,3,0.875,0.0,0.0,1.0,0.875,0.125,-1
"((Phosphate <= 0.000) U[0,1] (Magnesium >= 0.072))
",-9999999.000,-9999999.000,0.000,0.000,1.000,21,0,0,3,24,0,21,3,0.875,0.0,0.0,1.0,0.875,0.125,-1
"G[0,1]((BUN <= 7.548 -> DBP <= 64.976) -> HR <= 36.552)
",9999999.000,9999999.000,0.000,1.000,0.000,21,0,0,3,24,0,21,3,0.875,0.0,0.0,1.0,0.875,0.125,1
"G[0,1](((BaseExcess <= 0.000 | FiO2 >= 0.000) -> TroponinI <= 0.000) & Creatinine <= 0.000)
",9999999.000,9999999.000,0.000,1.000,0.000,21,0,0,3,24,0,21,3,0.875,0.0,0.0,1.0,0.875,0.125,1
"G[0,0](HR <= 47.792 & SepsisLabel = 0.000)
",-20962.208,-20962.208,0.000,1.000,0.000,20,0,0,4,24,0,20,4,0.8333333333333334,0.0,0.0,1.0,0.8333333333333334,0.16666666666666663,1
"G[0,0]((DBP <= 57.763 -> SBP >= 17.606) -> Bilirubin_total >= 8.327)
",7.962,8.114,0.000,1.000,0.000,20,0,0,4,24,0,20,4,0.8333333333333334,0.0,0.0,1.0,0.8333333333333334,0.16666666666666663,1
"G[0,0]((Creatinine <= 0.715 -> DBP >= 18.892) -> SBP <= 56.687)
",-3.729,-50.617,0.000,1.000,0.000,20,0,0,4,24,0,20,4,0.8333333333333334,0.0,0.0,1.0,0.8333333333333334,0.16666666666666663,1
"G[1,1]((Magnesium <= 1.437 -> Temp >= 4.873) -> Calcium >= 5.228)
",6472374854650276.000,1.437,0.000,1.000,0.000,16,0,0,8,24,0,16,8,0.6666666666666666,0.0,0.0,1.0,0.6666666666666666,0.33333333333333337,1
"F[1,1]((Chloride <= 0.000 -> Temp >= 7.731) & SepsisLabel <= 23.971)
",0.000,0.000,0.000,0.000,1.000,15,0,0,9,24,0,15,9,0.625,0.0,0.0,1.0,0.625,0.375,-1
"F[0,1](Glucose <= 29.727 -> Hct >= 1.340)
",-9999999.000,-9999999.000,0.000,0.000,1.000,14,0,0,10,24,0,14,10,0.5833333333333334,0.0,0.0,1.0,0.5833333333333334,0.41666666666666663,-1
"G[1,1](((HR >= 5.092 & O2Sat <= 60.017) -> Potassium <= 80.157) -> SBP <= 67.544)
",-67.544,-67.544,0.000,1.000,0.000,13,0,0,11,24,0,13,11,0.5416666666666666,0.0,0.0,1.0,0.5416666666666666,0.45833333333333337,1
"G[0,1]((O2Sat >= 13.614 | Potassium >= 0.207) -> MAP <= 3.018)
",9999999.000,9999999.000,0.000,1.000,0.000,13,0,0,11,24,0,13,11,0.5416666666666666,0.0,0.0,1.0,0.5416666666666666,0.45833333333333337,1
"((HR <= 67.466) U[1,1] (SBP <= 82.693))
",82.693,82.693,0.000,0.000,1.000,13,0,0,11,24,0,13,11,0.5416666666666666,0.0,0.0,1.0,0.5416666666666666,0.45833333333333337,-1
"F[0,1](((Temp >= 5.965 -> O2Sat <= 61.168) | Calcium >= 9.832) -> FiO2 >= 15.266)
",-9999999.000,-9999999.000,0.000,0.000,1.000,13,0,0,11,24,0,13,11,0.5416666666666666,0.0,0.0,1.0,0.5416666666666666,0.45833333333333337,-1
"G[0,1](((HR <= 30.919 | Temp <= 16.087) -> EtCO2 <= 26.872) -> MAP <= 26.741)
",9999999.000,9999999.000,0.000,1.000,0.000,12,0,0,12,24,0,12,12,0.5,0.0,0.0,1.0,0.5,0.5,1
"((HR <= 78.506) U[0,1] (Resp >= 0.756))
",-9999999.000,-9999999.000,0.000,0.000,1.000,12,0,0,12,24,0,12,12,0.5,0.0,0.0,1.0,0.5,0.5,-1
"G[0,1]((Bilirubin_total <= 0.000 -> HR >= 14.317) -> FiO2 >= 4.978)
",9999999.000,9999999.000,0.000,1.000,0.000,11,0,0,13,24,0,11,13,0.4583333333333333,0.0,0.0,1.0,0.4583333333333333,0.5416666666666667,1
"G[0,1](((EtCO2 <= 0.000 & HR >= 1.658) -> Alkalinephos >= 17.787) & SepsisLabel <= 82.082)
",9999999.000,9999999.000,0.000,1.000,0.000,11,0,0,13,24,0,11,13,0.4583333333333333,0.0,0.0,1.0,0.4583333333333333,0.5416666666666667,1
"F[1,1](((Potassium >= 0.173 -> TroponinI >= 0.006) -> Fibrinogen <= 0.012) & HR <= 0.104)
",-0.012,-0.012,0.000,0.000,1.000,10,0,0,14,24,0,10,14,0.4166666666666667,0.0,0.0,1.0,0.4166666666666667,0.5833333333333333,-1
"F[0,1]((DBP <= 65.857 & Resp <= 7.964) -> SBP >= 3.754)
",-9999999.000,-9999999.000,0.000,0.000,1.000,10,0,0,14,24,0,10,14,0.4166666666666667,0.0,0.0,1.0,0.4166666666666667,0.5833333333333333,-1
"((MAP >= 8.366) U[1,2] (SBP <= 74.338))
",-9999999.000,-9999999.000,0.000,0.000,1.000,10,0,0,14,24,0,10,14,0.4166666666666667,0.0,0.0,1.0,0.4166666666666667,0.5833333333333333,-1
"F[0,1]((Potassium >= 0.051 & Platelets <= 29.791) | DBP >= 2.480)
",-9999999.000,-9999999.000,0.000,0.000,1.000,10,0,0,14,24,0,10,14,0.4166666666666667,0.0,0.0,1.0,0.4166666666666667,0.5833333333333333,-1
"((MAP >= 11.359) U[1,2] (SBP <= 65.076))
",-9999999.000,-9999999.000,0.000,0.000,1.000,10,0,0,14,24,0,10,14,0.4166666666666667,0.0,0.0,1.0,0.4166666666666667,0.5833333333333333,-1
"((MAP >= 13.922) U[1,2] (SBP <= 66.682))
",-9999999.000,-9999999.000,0.000,0.000,1.000,10,0,0,14,24,0,10,14,0.4166666666666667,0.0,0.0,1.0,0.4166666666666667,0.5833333333333333,-1
"G[0,1](Hgb <= 1.097 & O2Sat <= 45.960)
",9999999.000,9999999.000,0.000,1.000,0.000,10,0,0,14,24,0,10,14,0.4166666666666667,0.0,0.0,1.0,0.4166666666666667,0.5833333333333333,1
"G[0,1](Bilirubin_total >= 0.000 -> SBP <= 52.332)
",9999999.000,9999999.000,0.000,1.000,0.000,10,0,0,14,24,0,10,14,0.4166666666666667,0.0,0.0,1.0,0.4166666666666667,0.5833333333333333,1
"G[1,1](((O2Sat <= 64.547 | Calcium >= 0.072) | Bilirubin_direct <= 6.005) & Resp >= 0.100)
",-0.100,-0.100,0.000,1.000,0.000,10,0,0,14,24,0,10,14,0.4166666666666667,0.0,0.0,1.0,0.4166666666666667,0.5833333333333333,1
"F[1,1](MAP >= 5.842 -> Calcium >= 0.004)
",0.004,0.004,0.000,0.000,1.000,8,0,0,16,24,0,8,16,0.3333333333333333,0.0,0.0,1.0,0.3333333333333333,0.6666666666666667,-1
"G[0,0](Glucose >= 11.543 | MAP >= 6.700)
",0.419,17.842,0.000,1.000,0.000,7,0,0,17,24,0,7,17,0.2916666666666667,0.0,0.0,1.0,0.2916666666666667,0.7083333333333333,1
"G[0,0](((DBP <= 49.918 -> Creatinine >= 0.037) | TroponinI >= 0.045) | Chloride >= 0.008)
",0.209,0.346,0.000,1.000,0.000,5,0,0,19,24,0,5,19,0.20833333333333334,0.0,0.0,1.0,0.20833333333333334,0.7916666666666666,1
"((MAP >= 2.023) U[0,0] (SBP <= 31.355))
",1.691,47.552,0.000,0.000,1.000,4,0,0,20,24,0,4,20,0.16666666666666666,0.0,0.0,1.0,0.16666666666666666,0.8333333333333334,-1
"G[0,0]((DBP >= 1.721 -> Platelets >= 3.877) -> AST >= 0.718)
",-1.446,-1.315,0.000,1.000,0.000,4,0,0,20,24,0,4,20,0.16666666666666666,0.0,0.0,1.0,0.16666666666666666,0.8333333333333334,1
"((Hct <= 37.272) U[1,2] (Resp <= 14.286))
",-9999999.000,-9999999.000,0.000,0.000,1.000,2,0,0,22,24,0,2,22,0.08333333333333333,0.0,0.0,1.0,0.08333333333333333,0.9166666666666666,-1
"((SepsisLabel <= 0.000) U[0,0] (WBC <= 0.304))
",0.304,0.304,0.000,0.000,1.000,2,0,0,22,24,0,2,22,0.08333333333333333,0.0,0.0,1.0,0.08333333333333333,0.9166666666666666,-1
"F[0,0](((EtCO2 >= 0.000 & Bilirubin_total <= 0.000) & Chloride >= 0.000) -> Magnesium <= 0.000)
",0.000,0.000,0.000,0.000,1.000,2,0,0,22,24,0,2,22,0.08333333333333333,0.0,0.0,1.0,0.08333333333333333,0.9166666666666666,-1
"G[0,0](((Hgb <= 9.068 | Hct <= 16.993) -> WBC >= 0.043) & Platelets >= 2.564)
",-607.196,-16.987,0.000,1.000,0.000,2,0,0,22,24,0,2,22,0.08333333333333333,0.0,0.0,1.0,0.08333333333333333,0.9166666666666666,1
"((Hgb <= 4.927) U[1,1] (Fibrinogen <= 0.000))
",4.927,4.927,0.000,0.000,1.000,2,0,0,22,24,0,2,22,0.08333333333333333,0.0,0.0,1.0,0.08333333333333333,0.9166666666666666,-1
"F[0,0](((SaO2 >= 0.000 & HR <= 85.457) & Resp <= 35.074) -> Platelets <= 46.261)
",-46.261,-46.261,0.000,0.000,1.000,2,0,0,22,24,0,2,22,0.08333333333333333,0.0,0.0,1.0,0.08333333333333333,0.9166666666666666,-1
"F[0,0](Hgb <= 3.546 | Hct <= 26.738)
",955.545,26.732,0.000,0.000,1.000,2,0,0,22,24,0,2,22,0.08333333333333333,0.0,0.0,1.0,0.08333333333333333,0.9166666666666666,-1
"G[0,0](Platelets <= 85.716 -> WBC >= 0.101)
",-85.716,-85.716,0.000,1.000,0.000,2,0,0,22,24,0,2,22,0.08333333333333333,0.0,0.0,1.0,0.08333333333333333,0.9166666666666666,1
"G[0,0](Platelets <= 142.851 -> WBC >= 0.177)
",-142.851,-142.851,0.000,1.000,0.000,2,0,0,22,24,0,2,22,0.08333333333333333,0.0,0.0,1.0,0.08333333333333333,0.9166666666666666,1
"F[0,0]((PTT >= 0.000 & Hct >= 0.489) -> pH >= 0.152)
",0.152,0.152,0.000,0.000,1.000,2,0,0,22,24,0,2,22,0.08333333333333333,0.0,0.0,1.0,0.08333333333333333,0.9166666666666666,-1
"G[0,1](HR >= 12.253 & PTT <= 0.000)
",9999999.000,9999999.000,0.000,1.000,0.000,1,0,0,23,24,0,1,23,0.041666666666666664,0.0,0.0,1.0,0.041666666666666664,0.9583333333333334,1
"G[1,1](BUN <= 43.856 & Creatinine >= 0.039)
",-0.039,-0.039,0.000,1.000,0.000,1,0,0,23,24,0,1,23,0.041666666666666664,0.0,0.0,1.0,0.041666666666666664,0.9583333333333334,1
"G[1,1](MAP >= 14.440 & Temp <= 12.084)
",-14.440,-14.440,0.000,1.000,0.000,1,0,0,23,24,0,1,23,0.041666666666666664,0.0,0.0,1.0,0.041666666666666664,0.9583333333333334,1
"G[0,0](((Chloride >= 0.000 -> HR >= 2.223) -> HCO3 <= 68.417) -> BUN >= 3.449)
",3.449,3.449,0.000,1.000,0.000,1,0,0,23,24,0,1,23,0.041666666666666664,0.0,0.0,1.0,0.041666666666666664,0.9583333333333334,1
"((Creatinine <= 1.746) U[0,0] (Potassium <= 1.127))
",1.746,1.746,0.000,0.000,1.000,1,0,0,23,24,0,1,23,0.041666666666666664,0.0,0.0,1.0,0.041666666666666664,0.9583333333333334,-1
"((PaCO2 >= 0.000) U[1,1] (Creatinine <= 0.919))
",0.919,0.919,0.000,0.000,1.000,1,0,0,23,24,0,1,23,0.041666666666666664,0.0,0.0,1.0,0.041666666666666664,0.9583333333333334,-1
"((MAP >= 8.309) U[0,1] (SBP <= 65.756))
",-9999999.000,-9999999.000,0.000,0.000,1.000,1,0,0,23,24,0,1,23,0.041666666666666664,0.0,0.0,1.0,0.041666666666666664,0.9583333333333334,-1
"F[0,0]((Phosphate >= 0.000 & Magnesium > 0.032) -> Calcium < 2.124)
",-2.124,-2.124,0.000,0.000,1.000,1,0,0,23,24,0,1,23,0.041666666666666664,0.0,0.0,1.0,0.041666666666666664,0.9583333333333334,-1
"F[0,0](BUN <= 12.623 | O2Sat >= 8.374)
",1.079,23.915,0.000,0.000,1.000,1,0,0,23,24,0,1,23,0.041666666666666664,0.0,0.0,1.0,0.041666666666666664,0.9583333333333334,-1
"((Calcium >= 0.052) U[0,1] (Resp <= 7.738))
",-9999999.000,-9999999.000,0.000,0.000,1.000,1,0,0,23,24,0,1,23,0.041666666666666664,0.0,0.0,1.0,0.041666666666666664,0.9583333333333334,-1
"((Resp >= 1.413) U[0,1] (SBP <= 56.795))
",-9999999.000,-9999999.000,0.000,0.000,1.000,1,0,0,23,24,0,1,23,0.041666666666666664,0.0,0.0,1.0,0.041666666666666664,0.9583333333333334,-1
"G[1,1](((Glucose >= 0.432 | SBP <= 86.812) | O2Sat >= 3.716) -> Hgb >= 10.783)
",-86.812,-86.812,0.000,1.000,0.000,1,0,0,23,24,0,1,23,0.041666666666666664,0.0,0.0,1.0,0.041666666666666664,0.9583333333333334,1
"F[0,1]((Potassium >= 0.189 | WBC <= 3.218) & O2Sat <= 4.474)
",-9999999.000,-9999999.000,0.000,0.000,1.000,1,0,0,23,24,0,1,23,0.041666666666666664,0.0,0.0,1.0,0.041666666666666664,0.9583333333333334,-1
"F[0,0]((PaCO2 <= 0.000 | Creatinine <= 0.860) & SepsisLabel <= 0.611)
",-0.186,-5.139,0.000,0.000,1.000,0,0,0,24,24,0,0,24,0.0,0.0,0.0,0.0,0.0,1.0,-1
"F[0,1](((SepsisLabel <= 0.000 | O2Sat <= 52.055) -> FiO2 >= 23.301) -> DBP <= 75.099)
",-9999999.000,-9999999.000,0.000,0.000,1.000,0,0,0,24,24,0,0,24,0.0,0.0,0.0,0.0,0.0,1.0,-1
"((Temp >= 1.095) U[0,1] (SepsisLabel = 0.000))
",-9999999.000,-9999999.000,0.000,0.000,1.000,0,0,0,24,24,0,0,24,0.0,0.0,0.0,0.0,0.0,1.0,-1
"((TroponinI < 0.070) U[2,2] (SepsisLabel = 0.000))
",0.070,0.070,0.000,0.000,1.000,0,0,0,24,24,0,0,24,0.0,0.0,0.0,0.0,0.0,1.0,-1
"((HR >= 12.862) U[0,2] (SepsisLabel = 0.000))
",-9999999.000,-9999999.000,0.000,0.000,1.000,0,0,0,24,24,0,0,24,0.0,0.0,0.0,0.0,0.0,1.0,-1
"((Bilirubin_total < 0.000) U[0,1] (SepsisLabel = 0.000))
",-9999999.000,-9999999.000,0.000,0.000,1.000,0,0,0,24,24,0,0,24,0.0,0.0,0.0,0.0,0.0,1.0,-1
"((Bilirubin_total >= 0.000) U[0,1] (SepsisLabel = 0.000))
",-9999999.000,-9999999.000,0.000,0.000,1.000,0,0,0,24,24,0,0,24,0.0,0.0,0.0,0.0,0.0,1.0,-1
"((Potassium >= 0.164) U[2,2] (SepsisLabel = 0.000))
",0.000,0.000,0.000,0.000,1.000,0,0,0,24,24,0,0,24,0.0,0.0,0.0,0.0,0.0,1.0,-1
"((PTT > 0.000) U[0,1] (SepsisLabel = 0.000))
",-9999999.000,-9999999.000,0.000,0.000,1.000,0,0,0,24,24,0,0,24,0.0,0.0,0.0,0.0,0.0,1.0,-1
"F[0,2]((Calcium <= 4.842 -> Creatinine >= 0.050) & PTT <= 0.316)
",-9999999.000,-9999999.000,0.000,0.000,1.000,0,0,0,24,24,0,0,24,0.0,0.0,0.0,0.0,0.0,1.0,-1
"F[2,2](((HR >= 3.764 & SBP <= 69.450) & BUN >= 8.119) | Magnesium >= 2.488)
",-2.488,-2.488,0.000,0.000,1.000,0,0,0,24,24,0,0,24,0.0,0.0,0.0,0.0,0.0,1.0,-1
"F[1,2](Lactate < 0.000 -> SepsisLabel = 0.000)
",-9999999.000,-9999999.000,0.000,0.000,1.000,0,0,0,24,24,0,0,24,0.0,0.0,0.0,0.0,0.0,1.0,-1
"F[0,1]((BUN <= 29.114 -> Hgb >= 0.435) -> PTT <= 5.400)
",-9999999.000,-9999999.000,0.000,0.000,1.000,0,0,0,24,24,0,0,24,0.0,0.0,0.0,0.0,0.0,1.0,-1
"F[1,1](((Creatinine >= 0.046 -> WBC >= 0.063) | SBP >= 0.003) -> Phosphate <= 4.625)
",-4.625,-4.625,0.000,0.000,1.000,0,0,0,24,24,0,0,24,0.0,0.0,0.0,0.0,0.0,1.0,-1
"((BUN <= 7.196) U[0,2] (TroponinI <= 0.045))
",-9999999.000,-9999999.000,0.000,0.000,1.000,0,0,0,24,24,0,0,24,0.0,0.0,0.0,0.0,0.0,1.0,-1
"F[0,2](BUN <= 44.755 | WBC >= 0.198)
",-9999999.000,-9999999.000,0.000,0.000,1.000,0,0,0,24,24,0,0,24,0.0,0.0,0.0,0.0,0.0,1.0,-1
"((Hgb <= 8.869) U[0,2] (Potassium <= 3.711))
",-9999999.000,-9999999.000,0.000,0.000,1.000,0,0,0,24,24,0,0,24,0.0,0.0,0.0,0.0,0.0,1.0,-1
"F[1,2](((BUN <= 2.623 | Calcium >= 0.134) & Alkalinephos >= 0.115) & Potassium >= 0.198)
",-9999999.000,-9999999.000,0.000,0.000,1.000,0,0,0,24,24,0,0,24,0.0,0.0,0.0,0.0,0.0,1.0,-1
"F[2,2](WBC < 3.564 -> SepsisLabel = 0.000)
",-3.564,-3.564,0.000,0.000,1.000,0,0,0,24,24,0,0,24,0.0,0.0,0.0,0.0,0.0,1.0,-1
"F[0,2](TroponinI <= 0.010 & SepsisLabel = 0.000)
",-9999999.000,-9999999.000,0.000,0.000,1.000,0,0,0,24,24,0,0,24,0.0,0.0,0.0,0.0,0.0,1.0,-1
"F[0,0](Alkalinephos <= 0.000 & AST <= 0.000)
",-0.209,-1.875,0.000,0.000,1.000,0,0,0,24,24,0,0,24,0.0,0.0,0.0,0.0,0.0,1.0,-1
"F[1,2](((FiO2 <= 0.000 & Resp >= 0.592) -> Hct <= 6.949) -> Potassium <= 11.985)
",-9999999.000,-9999999.000,0.000,0.000,1.000,0,0,0,24,24,0,0,24,0.0,0.0,0.0,0.0,0.0,1.0,-1
"((Hct <= 31.797) U[0,2] (HR >= 19.825))
",-9999999.000,-9999999.000,0.000,0.000,1.000,0,0,0,24,24,0,0,24,0.0,0.0,0.0,0.0,0.0,1.0,-1
"((Magnesium <= 0.214) U[2,2] (Bilirubin_direct >= 0.000))
",0.214,0.214,0.000,0.000,1.000,0,0,0,24,24,0,0,24,0.0,0.0,0.0,0.0,0.0,1.0,-1
"F[0,2](((EtCO2 <= 0.000 & Lactate <= 0.000) & Bilirubin_direct >= 0.000) -> Phosphate <= 0.000)
",-9999999.000,-9999999.000,0.000,0.000,1.000,0,0,0,24,24,0,0,24,0.0,0.0,0.0,0.0,0.0,1.0,-1
"F[0,1]((Platelets >= 3.810 -> PTT >= 0.000) & WBC >= 0.000)
",-9999999.000,-9999999.000,0.000,0.000,1.000,0,0,0,24,24,0,0,24,0.0,0.0,0.0,0.0,0.0,1.0,-1
"F[0,1](Magnesium >= 0.019 | Fibrinogen >= 0.000)
",-9999999.000,-9999999.000,0.000,0.000,1.000,0,0,0,24,24,0,0,24,0.0,0.0,0.0,0.0,0.0,1.0,-1
"F[1,2](((Potassium <= 4.504 | EtCO2 <= 0.000) | Glucose >= 0.000) & Chloride >= 0.000)
",-9999999.000,-9999999.000,0.000,0.000,1.000,0,0,0,24,24,0,0,24,0.0,0.0,0.0,0.0,0.0,1.0,-1
"F[0,2](Bilirubin_direct < 0.000 -> SepsisLabel = 0.000)
",-9999999.000,-9999999.000,0.000,0.000,1.000,0,0,0,24,24,0,0,24,0.0,0.0,0.0,0.0,0.0,1.0,-1
"F[1,2](pH >= 0.000 & SepsisLabel = 0.000)
",-9999999.000,-9999999.000,0.000,0.000,1.000,0,0,0,24,24,0,0,24,0.0,0.0,0.0,0.0,0.0,1.0,-1
"F[0,1]((Hct <= 14.191 & Hgb <= 9.773) | EtCO2 <= 3.125)
",-9999999.000,-9999999.000,0.000,0.000,1.000,0,0,0,24,24,0,0,24,0.0,0.0,0.0,0.0,0.0,1.0,-1
"((Bilirubin_direct >= 0.000) U[0,1] (SepsisLabel = 0.000))
",-9999999.000,-9999999.000,0.000,0.000,1.000,0,0,0,24,24,0,0,24,0.0,0.0,0.0,0.0,0.0,1.0,-1
"F[1,1](Lactate <= 0.000 & SepsisLabel = 0.000)
",0.000,0.000,0.000,0.000,1.000,0,0,0,24,24,0,0,24,0.0,0.0,0.0,0.0,0.0,1.0,-1
"((HR <= 49.332) U[0,2] (SepsisLabel = 0.000))
",-9999999.000,-9999999.000,0.000,0.000,1.000,0,0,0,24,24,0,0,24,0.0,0.0,0.0,0.0,0.0,1.0,-1
"((Resp >= 1.580) U[0,1] (SepsisLabel = 0.000))
",-9999999.000,-9999999.000,0.000,0.000,1.000,0,0,0,24,24,0,0,24,0.0,0.0,0.0,0.0,0.0,1.0,-1
"F[0,1]((SaO2 >= 0.000 | MAP <= 50.613) & Bilirubin_total <= 41.081)
",-9999999.000,-9999999.000,0.000,0.000,1.000,0,0,0,24,24,0,0,24,0.0,0.0,0.0,0.0,0.0,1.0,-1
"G[0,2](Potassium >= 0.071 & Alkalinephos <= 0.000)
",9999999.000,9999999.000,0.000,1.000,0.000,0,0,0,24,24,0,0,24,0.0,0.0,0.0,0.0,0.0,1.0,1
"((Resp >= 1.774) U[0,2] (Bilirubin_direct >= 0.000))
",-9999999.000,-9999999.000,0.000,0.000,1.000,0,0,0,24,24,0,0,24,0.0,0.0,0.0,0.0,0.0,1.0,-1
"F[0,2](HR >= 3.723 -> HR >= 14.648)
",-9999999.000,-9999999.000,0.000,0.000,1.000,0,0,0,24,24,0,0,24,0.0,0.0,0.0,0.0,0.0,1.0,-1
"F[2,2](((Lactate <= 0.000 | TroponinI >= 0.000) & AST >= 7.4681675739888e-05) | Fibrinogen <= 0.111)
",0.111,0.111,0.000,0.000,1.000,0,0,0,24,24,0,0,24,0.0,0.0,0.0,0.0,0.0,1.0,-1
"((BUN <= 24.987) U[0,2] (FiO2 >= 0.000))
",-9999999.000,-9999999.000,0.000,0.000,1.000,0,0,0,24,24,0,0,24,0.0,0.0,0.0,0.0,0.0,1.0,-1
"F[2,2]((HR >= 4.553 & Phosphate >= 0.000) -> HR >= 0.000)
",0.000,0.000,0.000,0.000,1.000,0,0,0,24,24,0,0,24,0.0,0.0,0.0,0.0,0.0,1.0,-1
"F[0,2](((MAP >= 15.556 | pH <= 0.000) | Phosphate >= 0.000) -> Temp <= 0.000)
",-9999999.000,-9999999.000,0.000,0.000,1.000,0,0,0,24,24,0,0,24,0.0,0.0,0.0,0.0,0.0,1.0,-1
"F[0,2](Creatinine <= 1.374 | SepsisLabel >= 0.000)
",-9999999.000,-9999999.000,0.000,0.000,1.000,0,0,0,24,24,0,0,24,0.0,0.0,0.0,0.0,0.0,1.0,-1
"F[0,1]((PaCO2 <= 0.000 -> Bilirubin_total >= 0.000) | SepsisLabel >= 0.000)
",-9999999.000,-9999999.000,0.000,0.000,1.000,0,0,0,24,24,0,0,24,0.0,0.0,0.0,0.0,0.0,1.0,-1
"F[2,2](((Alkalinephos <= 0.000 & Creatinine <= 1.053) & TroponinI <= 0.800) -> O2Sat <= 1.123)
",-1.123,-1.123,0.000,0.000,1.000,0,0,0,24,24,0,0,24,0.0,0.0,0.0,0.0,0.0,1.0,-1
"F[2,2]((pH >= 0.000 -> Calcium >= 0.342) -> Lactate >= 0.288)
",0.000,0.000,0.000,0.000,1.000,0,0,0,24,24,0,0,24,0.0,0.0,0.0,0.0,0.0,1.0,-1
"F[0,0](((PTT >= 0.000 -> Bilirubin_direct >= 0.000) & EtCO2 <= 0.000) & TroponinI <= 0.000)
",-0.569,-4.304,0.000,0.000,1.000,0,0,0,24,24,0,0,24,0.0,0.0,0.0,0.0,0.0,1.0,-1
"((BaseExcess >= 0.000) U[0,2] (Fibrinogen <= 0.000))
",-9999999.000,-9999999.000,0.000,0.000,1.000,0,0,0,24,24,0,0,24,0.0,0.0,0.0,0.0,0.0,1.0,-1
"F[0,2](Glucose >= 18.683 | Magnesium >= 0.038)
",-9999999.000,-9999999.000,0.000,0.000,1.000,0,0,0,24,24,0,0,24,0.0,0.0,0.0,0.0,0.0,1.0,-1
"F[0,2]((Creatinine <= 1.039 | AST >= 0.000) & SepsisLabel >= 0.000)
",-9999999.000,-9999999.000,0.000,0.000,1.000,0,0,0,24,24,0,0,24,0.0,0.0,0.0,0.0,0.0,1.0,-1
"F[0,1](PTT <= 0.000 | Potassium >= 0.025)
",-9999999.000,-9999999.000,0.000,0.000,1.000,0,0,0,24,24,0,0,24,0.0,0.0,0.0,0.0,0.0,1.0,-1
"F[0,1](((HCO3 >= 0.000 -> Phosphate <= 0.000) | pH <= 0.000) | Lactate <= 0.000)
",-9999999.000,-9999999.000,0.000,0.000,1.000,0,0,0,24,24,0,0,24,0.0,0.0,0.0,0.0,0.0,1.0,-1
"((Potassium >= 0.209) U[0,2] (SBP <= 100.178))
",-9999999.000,-9999999.000,0.000,0.000,1.000,0,0,0,24,24,0,0,24,0.0,0.0,0.0,0.0,0.0,1.0,-1
"((pH <= 0.000) U[0,1] (HCO3 >= 0.000))
",-9999999.000,-9999999.000,0.000,0.000,1.000,0,0,0,24,24,0,0,24,0.0,0.0,0.0,0.0,0.0,1.0,-1
"F[0,2](Chloride >= 0.000 | HR >= 3.434)
",-9999999.000,-9999999.000,0.000,0.000,1.000,0,0,0,24,24,0,0,24,0.0,0.0,0.0,0.0,0.0,1.0,-1
"F[1,1](((pH <= 0.000 & pH <= 0.000) & pH <= 0.000) -> AST >= 0.000)
",0.000,0.000,0.000,0.000,1.000,0,0,0,24,24,0,0,24,0.0,0.0,0.0,0.0,0.0,1.0,-1
"F[1,2](((HR <= 39.901 & FiO2 >= 0.000) -> Phosphate <= 0.000) -> Fibrinogen <= 0.000)
",-9999999.000,-9999999.000,0.000,0.000,1.000,0,0,0,24,24,0,0,24,0.0,0.0,0.0,0.0,0.0,1.0,-1
"((AST <= 0.000) U[1,2] (WBC >= 0.090))
",-9999999.000,-9999999.000,0.000,0.000,1.000,0,0,0,24,24,0,0,24,0.0,0.0,0.0,0.0,0.0,1.0,-1
"F[1,2](((Fibrinogen >= 0.000 & Creatinine <= 0.737) -> Hgb >= 0.062) | Creatinine >= 0.021)
",-9999999.000,-9999999.000,0.000,0.000,1.000,0,0,0,24,24,0,0,24,0.0,0.0,0.0,0.0,0.0,1.0,-1
"((Bilirubin_direct <= 0.000) U[0,1] (Glucose <= 86.413))
",-9999999.000,-9999999.000,0.000,0.000,1.000,0,0,0,24,24,0,0,24,0.0,0.0,0.0,0.0,0.0,1.0,-1
"F[1,2](((Creatinine >= 0.009 -> Alkalinephos >= 0.000) & SBP <= 0.000) & Phosphate >= 0.000)
",-9999999.000,-9999999.000,0.000,0.000,1.000,0,0,0,24,24,0,0,24,0.0,0.0,0.0,0.0,0.0,1.0,-1
"F[1,2](((DBP <= 65.744 & Resp <= 14.493) | FiO2 >= 2.053) & Chloride <= 19.250)
",-9999999.000,-9999999.000,0.000,0.000,1.000,0,0,0,24,24,0,0,24,0.0,0.0,0.0,0.0,0.0,1.0,-1
"F[0,2]((PaCO2 <= 0.000 & MAP >= 17.075) & DBP <= 40.704)
",-9999999.000,-9999999.000,0.000,0.000,1.000,0,0,0,24,24,0,0,24,0.0,0.0,0.0,0.0,0.0,1.0,-1
"F[0,2]((Bilirubin_total >= 0.000 | Bilirubin_total <= 0.000) -> Phosphate >= 0.000)
",-9999999.000,-9999999.000,0.000,0.000,1.000,0,0,0,24,24,0,0,24,0.0,0.0,0.0,0.0,0.0,1.0,-1
"F[1,2]((Bilirubin_direct >= 0.000 -> Chloride >= 0.000) -> Hgb <= 0.000)
",-9999999.000,-9999999.000,0.000,0.000,1.000,0,0,0,24,24,0,0,24,0.0,0.0,0.0,0.0,0.0,1.0,-1
"((Chloride <= 0.000) U[2,2] (BaseExcess >= 0.000))
",0.000,0.000,0.000,0.000,1.000,0,0,0,24,24,0,0,24,0.0,0.0,0.0,0.0,0.0,1.0,-1
"F[0,1]((Platelets >= 3.361 -> Potassium <= 3.784) | FiO2 <= 2.369)
",-9999999.000,-9999999.000,0.000,0.000,1.000,0,0,0,24,24,0,0,24,0.0,0.0,0.0,0.0,0.0,1.0,-1
"((SepsisLabel >= 0.000) U[1,1] (Phosphate >= 0.000))
",0.000,0.000,0.000,0.000,1.000,0,0,0,24,24,0,0,24,0.0,0.0,0.0,0.0,0.0,1.0,-1
"((SaO2 <= 0.000) U[2,2] (Alkalinephos >= 0.000))
",0.000,0.000,0.000,0.000,1.000,0,0,0,24,24,0,0,24,0.0,0.0,0.0,0.0,0.0,1.0,-1
"F[1,2](pH >= 0.000 | WBC >= 0.238)
",-9999999.000,-9999999.000,0.000,0.000,1.000,0,0,0,24,24,0,0,24,0.0,0.0,0.0,0.0,0.0,1.0,-1
"F[0,2](((PTT >= 0.000 | Creatinine >= 0.003) & PaCO2 <= 0.715) -> Resp <= 0.912)
",-9999999.000,-9999999.000,0.000,0.000,1.000,0,0,0,24,24,0,0,24,0.0,0.0,0.0,0.0,0.0,1.0,-1
"F[1,2]((Hct >= 0.759 | Fibrinogen <= 0.000) | Temp >= 0.000)
",-9999999.000,-9999999.000,0.000,0.000,1.000,0,0,0,24,24,0,0,24,0.0,0.0,0.0,0.0,0.0,1.0,-1
"((Fibrinogen <= 0.000) U[0,2] (Glucose <= 26.672))
",-9999999.000,-9999999.000,0.000,0.000,1.000,0,0,0,24,24,0,0,24,0.0,0.0,0.0,0.0,0.0,1.0,-1
"F[0,0](Hgb <= 7.085 -> Chloride >= 0.000)
",-29.404,-7.136,0.000,0.000,1.000,0,0,0,24,24,0,0,24,0.0,0.0,0.0,0.0,0.0,1.0,-1
"F[0,1](((FiO2 >= 0.000 | WBC <= 4.301) | Platelets >= 0.083) | Alkalinephos >= 0.112)
",-9999999.000,-9999999.000,0.000,0.000,1.000,0,0,0,24,24,0,0,24,0.0,0.0,0.0,0.0,0.0,1.0,-1
"F[1,1](((BUN <= 44.198 | MAP <= 63.404) -> MAP >= 7.408) | MAP <= 53.162)
",7481901830348277.000,53.162,0.000,0.000,1.000,0,0,0,24,24,0,0,24,0.0,0.0,0.0,0.0,0.0,1.0,-1
"((HR >= 20.870) U[0,2] (PTT <= 0.000))
",-9999999.000,-9999999.000,0.000,0.000,1.000,0,0,0,24,24,0,0,24,0.0,0.0,0.0,0.0,0.0,1.0,-1
"F[1,2]((Glucose <= 56.281 -> Resp >= 3.908) & Platelets <= 5.469)
",-9999999.000,-9999999.000,0.000,0.000,1.000,0,0,0,24,24,0,0,24,0.0,0.0,0.0,0.0,0.0,1.0,-1
"F[1,2]((HCO3 <= 0.000 -> AST >= 0.000) -> pH >= 0.000)
",-9999999.000,-9999999.000,0.000,0.000,1.000,0,0,0,24,24,0,0,24,0.0,0.0,0.0,0.0,0.0,1.0,-1
"F[0,2]((Lactate <= 0.000 & Platelets >= 3.466) | TroponinI <= 135.788)
",-9999999.000,-9999999.000,0.000,0.000,1.000,0,0,0,24,24,0,0,24,0.0,0.0,0.0,0.0,0.0,1.0,-1
"F[0,2]((MAP <= 70.397 | Creatinine <= 0.531) | Magnesium >= 0.061)
",-9999999.000,-9999999.000,0.000,0.000,1.000,0,0,0,24,24,0,0,24,0.0,0.0,0.0,0.0,0.0,1.0,-1
"F[0,1]((Calcium <= 1.554 -> PaCO2 >= 0.000) & WBC <= 0.000)
",-9999999.000,-9999999.000,0.000,0.000,1.000,0,0,0,24,24,0,0,24,0.0,0.0,0.0,0.0,0.0,1.0,-1
"F[2,2](Potassium >= 0.010 | Hgb >= 0.422)
",-6011328863179732.000,-0.010,0.000,0.000,1.000,0,0,0,24,24,0,0,24,0.0,0.0,0.0,0.0,0.0,1.0,-1
"F[0,1]((Platelets >= 5.486 -> DBP <= 31.035) & Resp <= 45.516)
",-9999999.000,-9999999.000,0.000,0.000,1.000,0,0,0,24,24,0,0,24,0.0,0.0,0.0,0.0,0.0,1.0,-1
"F[0,0](Hct >= 0.350 | FiO2 >= 0.000)
",0.000,0.000,0.000,0.000,1.000,0,0,0,24,24,0,0,24,0.0,0.0,0.0,0.0,0.0,1.0,-1
"F[1,2](((Fibrinogen >= 0.000 -> O2Sat <= 82.320) -> Resp <= 29.296) -> MAP <= 82.302)
",-9999999.000,-9999999.000,0.000,0.000,1.000,0,0,0,24,24,0,0,24,0.0,0.0,0.0,0.0,0.0,1.0,-1
"((SepsisLabel <= 0.000) U[0,2] (pH >= 0.000))
",-9999999.000,-9999999.000,0.000,0.000,1.000,0,0,0,24,24,0,0,24,0.0,0.0,0.0,0.0,0.0,1.0,-1
"F[2,2]((AST <= 0.000 & O2Sat >= 5.454) | Bilirubin_direct <= 44.644)
",44.644,44.644,0.000,0.000,1.000,0,0,0,24,24,0,0,24,0.0,0.0,0.0,0.0,0.0,1.0,-1
"((PTT <= 0.000) U[1,2] (Temp <= 29.507))
",-9999999.000,-9999999.000,0.000,0.000,1.000,0,0,0,24,24,0,0,24,0.0,0.0,0.0,0.0,0.0,1.0,-1
"F[0,1]((Hgb >= 0.240 -> MAP >= 12.385) | Lactate >= 17.657)
",-9999999.000,-9999999.000,0.000,0.000,1.000,0,0,0,24,24,0,0,24,0.0,0.0,0.0,0.0,0.0,1.0,-1
"F[2,2]((Chloride >= 0.000 & Resp >= 1.671) | O2Sat >= 4.459)
",-1.671,-1.671,0.000,0.000,1.000,0,0,0,24,24,0,0,24,0.0,0.0,0.0,0.0,0.0,1.0,-1
"F[1,2](((BUN >= 0.351 -> SaO2 <= 0.000) & TroponinI >= 0.000) -> BUN >= 0.000)
",-9999999.000,-9999999.000,0.000,0.000,1.000,0,0,0,24,24,0,0,24,0.0,0.0,0.0,0.0,0.0,1.0,-1
"((pH >= 0.000) U[0,1] (Chloride <= 0.000))
",-9999999.000,-9999999.000,0.000,0.000,1.000,0,0,0,24,24,0,0,24,0.0,0.0,0.0,0.0,0.0,1.0,-1
"F[1,1](((PaCO2 >= 0.000 -> HCO3 >= 0.000) -> DBP >= 0.000) & EtCO2 <= 0.000)
",0.000,0.000,0.000,0.000,1.000,0,0,0,24,24,0,0,24,0.0,0.0,0.0,0.0,0.0,1.0,-1
"F[0,2]((Calcium <= 5.809 | EtCO2 >= 0.000) | HCO3 <= 0.000)
",-9999999.000,-9999999.000,0.000,0.000,1.000,0,0,0,24,24,0,0,24,0.0,0.0,0.0,0.0,0.0,1.0,-1
"F[0,1](((FiO2 >= 0.000 & TroponinI <= 0.114) -> HR <= 0.096) | SBP >= 0.005)
",-9999999.000,-9999999.000,0.000,0.000,1.000,0,0,0,24,24,0,0,24,0.0,0.0,0.0,0.0,0.0,1.0,-1
"F[0,2](((Alkalinephos <= 0.000 -> Hct <= 2.355) -> FiO2 <= 18.773) & MAP >= 1.248)
",-9999999.000,-9999999.000,0.000,0.000,1.000,0,0,0,24,24,0,0,24,0.0,0.0,0.0,0.0,0.0,1.0,-1
"((PaCO2 <= 0.000) U[2,2] (SaO2 >= 0.000))
",0.000,0.000,0.000,0.000,1.000,0,0,0,24,24,0,0,24,0.0,0.0,0.0,0.0,0.0,1.0,-1
"F[0,0]((Chloride >= 0.000 & O2Sat <= 94.218) | Hgb <= 70.897)
",8.959,69.284,0.000,0.000,1.000,0,0,0,24,24,0,0,24,0.0,0.0,0.0,0.0,0.0,1.0,-1
"F[2,2](Calcium >= 0.121 -> Hgb <= 2.934)
",-2.934,-2.934,0.000,0.000,1.000,0,0,0,24,24,0,0,24,0.0,0.0,0.0,0.0,0.0,1.0,-1
"F[1,2](((Creatinine >= 0.068 & Hgb >= 0.161) & Chloride <= 10.155) -> PTT <= 8.961)
",-9999999.000,-9999999.000,0.000,0.000,1.000,0,0,0,24,24,0,0,24,0.0,0.0,0.0,0.0,0.0,1.0,-1
"((BUN >= 0.740) U[0,2] (Platelets >= 1.009))
",-9999999.000,-9999999.000,0.000,0.000,1.000,0,0,0,24,24,0,0,24,0.0,0.0,0.0,0.0,0.0,1.0,-1
"F[0,1](((Creatinine <= 1.440 -> Temp >= 5.643) | PTT <= 17.167) | Lactate >= 4.902)
",-9999999.000,-9999999.000,0.000,0.000,1.000,0,0,0,24,24,0,0,24,0.0,0.0,0.0,0.0,0.0,1.0,-1
"F[0,2](((Resp <= 8.411 & TroponinI <= 0.085) -> Platelets <= 0.115) & Fibrinogen <= 0.090)
",-9999999.000,-9999999.000,0.000,0.000,1.000,0,0,0,24,24,0,0,24,0.0,0.0,0.0,0.0,0.0,1.0,-1
"F[0,1]((Resp >= 0.006 | WBC >= 0.115) -> Lactate <= 4.452)
",-9999999.000,-9999999.000,0.000,0.000,1.000,0,0,0,24,24,0,0,24,0.0,0.0,0.0,0.0,0.0,1.0,-1
"F[0,2](((Creatinine <= 1.596 -> Resp <= 12.696) | Creatinine <= 7.150) & PaCO2 >= 2.464)
",-9999999.000,-9999999.000,0.000,0.000,1.000,0,0,0,24,24,0,0,24,0.0,0.0,0.0,0.0,0.0,1.0,-1
"F[2,2](Hct <= 24.983 -> HR >= 19.092)
",-24.983,-24.983,0.000,0.000,1.000,0,0,0,24,24,0,0,24,0.0,0.0,0.0,0.0,0.0,1.0,-1
"((Glucose >= 12.874) U[0,2] (Resp >= 1.258))
",-9999999.000,-9999999.000,0.000,0.000,1.000,0,0,0,24,24,0,0,24,0.0,0.0,0.0,0.0,0.0,1.0,-1
"F[1,2]((Magnesium >= 0.058 -> MAP >= 18.181) & EtCO2 >= 3.670)
",-9999999.000,-9999999.000,0.000,0.000,1.000,0,0,0,24,24,0,0,24,0.0,0.0,0.0,0.0,0.0,1.0,-1
"((Magnesium >= 0.099) U[2,2] (SBP <= 42.186))
",42.186,42.186,0.000,0.000,1.000,0,0,0,24,24,0,0,24,0.0,0.0,0.0,0.0,0.0,1.0,-1
"((PaCO2 >= 0.000) U[2,2] (O2Sat <= 67.820))
",67.820,67.820,0.000,0.000,1.000,0,0,0,24,24,0,0,24,0.0,0.0,0.0,0.0,0.0,1.0,-1
"F[0,1](((SaO2 <= 0.000 | BaseExcess >= 0.000) | SBP >= 0.000) | Resp <= 0.000)
",-9999999.000,-9999999.000,0.000,0.000,1.000,0,0,0,24,24,0,0,24,0.0,0.0,0.0,0.0,0.0,1.0,-1
"F[0,2](FiO2 >= 0.000 -> Glucose >= 22.248)
",-9999999.000,-9999999.000,0.000,0.000,1.000,0,0,0,24,24,0,0,24,0.0,0.0,0.0,0.0,0.0,1.0,-1
"F[0,2](((Creatinine >= 0.026 & Potassium >= 0.097) -> Calcium <= 1.704) & Temp >= 0.188)
",-9999999.000,-9999999.000,0.000,0.000,1.000,0,0,0,24,24,0,0,24,0.0,0.0,0.0,0.0,0.0,1.0,-1
"F[1,1](EtCO2 <= 0.000 & Bilirubin_total <= 0.000)
",0.000,0.000,0.000,0.000,1.000,0,0,0,24,24,0,0,24,0.0,0.0,0.0,0.0,0.0,1.0,-1
"((Bilirubin_total >= 0.000) U[0,2] (Hct >= 0.908))
",-9999999.000,-9999999.000,0.000,0.000,1.000,0,0,0,24,24,0,0,24,0.0,0.0,0.0,0.0,0.0,1.0,-1
"F[1,2]((SepsisLabel <= 0.000 -> TroponinI >= 0.002) -> Temp >= 0.001)
",-9999999.000,-9999999.000,0.000,0.000,1.000,0,0,0,24,24,0,0,24,0.0,0.0,0.0,0.0,0.0,1.0,-1
"F[1,2](((Creatinine <= 0.760 & Bilirubin_total >= 0.000) -> Potassium >= 0.000) -> BaseExcess <= 0.000)
",-9999999.000,-9999999.000,0.000,0.000,1.000,0,0,0,24,24,0,0,24,0.0,0.0,0.0,0.0,0.0,1.0,-1
"F[1,2](((Hct <= 2.144 -> Creatinine >= 0.009) -> Lactate >= 0.050) & BUN >= 0.010)
",-9999999.000,-9999999.000,0.000,0.000,1.000,0,0,0,24,24,0,0,24,0.0,0.0,0.0,0.0,0.0,1.0,-1
"F[0,2](Potassium >= 0.209 -> Bilirubin_direct <= 0.000)
",-9999999.000,-9999999.000,0.000,0.000,1.000,0,0,0,24,24,0,0,24,0.0,0.0,0.0,0.0,0.0,1.0,-1
"F[1,2]((FiO2 >= 0.000 -> SBP >= 0.998) & FiO2 >= 3.998)
",-9999999.000,-9999999.000,0.000,0.000,1.000,0,0,0,24,24,0,0,24,0.0,0.0,0.0,0.0,0.0,1.0,-1
"F[0,1]((Bilirubin_total <= 0.000 | Fibrinogen >= 0.000) | Alkalinephos >= 0.000)
",-9999999.000,-9999999.000,0.000,0.000,1.000,0,0,0,24,24,0,0,24,0.0,0.0,0.0,0.0,0.0,1.0,-1
"F[1,2]((Chloride >= 0.000 & BUN >= 1.221) & Resp >= 0.610)
",-9999999.000,-9999999.000,0.000,0.000,1.000,0,0,0,24,24,0,0,24,0.0,0.0,0.0,0.0,0.0,1.0,-1
"F[0,2](TroponinI >= 0.005 -> Chloride <= 0.000)
",-9999999.000,-9999999.000,0.000,0.000,1.000,0,0,0,24,24,0,0,24,0.0,0.0,0.0,0.0,0.0,1.0,-1
"F[1,2](((Platelets <= 135.658 -> Platelets <= 94.639) | Creatinine <= 20.339) | Alkalinephos >= 0.628)
",-9999999.000,-9999999.000,0.000,0.000,1.000,0,0,0,24,24,0,0,24,0.0,0.0,0.0,0.0,0.0,1.0,-1
"F[1,1]((pH >= 0.000 -> Bilirubin_direct <= 0.000) | Resp >= 0.000)
",0.000,0.000,0.000,0.000,1.000,0,0,0,24,24,0,0,24,0.0,0.0,0.0,0.0,0.0,1.0,-1
"F[0,2](((PaCO2 <= 0.000 & Alkalinephos >= 0.000) & Chloride <= 0.000) & HCO3 <= 0.000)
",-9999999.000,-9999999.000,0.000,0.000,1.000,0,0,0,24,24,0,0,24,0.0,0.0,0.0,0.0,0.0,1.0,-1
"F[1,2]((Magnesium >= 0.073 -> O2Sat <= 79.917) -> AST <= 39.606)
",-9999999.000,-9999999.000,0.000,0.000,1.000,0,0,0,24,24,0,0,24,0.0,0.0,0.0,0.0,0.0,1.0,-1
"F[2,2](EtCO2 <= 0.000 | Bilirubin_direct <= 0.000)
",0.000,0.000,0.000,0.000,1.000,0,0,0,24,24,0,0,24,0.0,0.0,0.0,0.0,0.0,1.0,-1
"F[0,2]((Temp >= 5.361 -> Hct <= 17.252) & WBC >= 0.399)
",-9999999.000,-9999999.000,0.000,0.000,1.000,0,0,0,24,24,0,0,24,0.0,0.0,0.0,0.0,0.0,1.0,-1
"F[2,2]((DBP >= 10.953 & Magnesium <= 1.520) -> Hgb <= 1.409)
",-1.409,-1.409,0.000,0.000,1.000,0,0,0,24,24,0,0,24,0.0,0.0,0.0,0.0,0.0,1.0,-1
"F[1,2](((Chloride >= 0.000 & TroponinI >= 0.003) | AST >= 0.001) -> SepsisLabel <= 0.096)
",-9999999.000,-9999999.000,0.000,0.000,1.000,0,0,0,24,24,0,0,24,0.0,0.0,0.0,0.0,0.0,1.0,-1
"F[0,0](Potassium <= 3.840 | Resp <= 17.097)
",2.401,13.783,0.000,0.000,1.000,0,0,0,24,24,0,0,24,0.0,0.0,0.0,0.0,0.0,1.0,-1
"F[0,2]((Glucose >= 4.125 -> Hgb >= 0.484) | EtCO2 >= 0.188)
",-9999999.000,-9999999.000,0.000,0.000,1.000,0,0,0,24,24,0,0,24,0.0,0.0,0.0,0.0,0.0,1.0,-1
"F[1,2]((Magnesium >= 0.094 & FiO2 >= 0.000) -> Resp >= 0.000)
",-9999999.000,-9999999.000,0.000,0.000,1.000,0,0,0,24,24,0,0,24,0.0,0.0,0.0,0.0,0.0,1.0,-1
"((HR >= 15.914) U[0,2] (Platelets >= 5.019))
",-9999999.000,-9999999.000,0.000,0.000,1.000,0,0,0,24,24,0,0,24,0.0,0.0,0.0,0.0,0.0,1.0,-1
"F[1,2](MAP <= 71.190 | WBC <= 0.626)
",-9999999.000,-9999999.000,0.000,0.000,1.000,0,0,0,24,24,0,0,24,0.0,0.0,0.0,0.0,0.0,1.0,-1
"F[0,2]((Hct >= 1.323 | Temp <= 10.784) -> Creatinine <= 10.386)
",-9999999.000,-9999999.000,0.000,0.000,1.000,0,0,0,24,24,0,0,24,0.0,0.0,0.0,0.0,0.0,1.0,-1
"((Platelets <= 61.076) U[0,2] (Temp <= 18.098))
",-9999999.000,-9999999.000,0.000,0.000,1.000,0,0,0,24,24,0,0,24,0.0,0.0,0.0,0.0,0.0,1.0,-1
"F[1,2](O2Sat >= 23.714 -> TroponinI >= 0.003)
",-9999999.000,-9999999.000,0.000,0.000,1.000,0,0,0,24,24,0,0,24,0.0,0.0,0.0,0.0,0.0,1.0,-1
"F[0,2](Calcium <= 2.988 & O2Sat <= 69.604)
",-9999999.000,-9999999.000,0.000,0.000,1.000,0,0,0,24,24,0,0,24,0.0,0.0,0.0,0.0,0.0,1.0,-1
"F[0,1](Creatinine >= 0.004 -> MAP <= 36.685)
",-9999999.000,-9999999.000,0.000,0.000,1.000,0,0,0,24,24,0,0,24,0.0,0.0,0.0,0.0,0.0,1.0,-1
"F[0,2](((Creatinine >= 0.055 -> O2Sat <= 54.007) | Chloride <= 38.984) & Fibrinogen <= 50.083)
",-9999999.000,-9999999.000,0.000,0.000,1.000,0,0,0,24,24,0,0,24,0.0,0.0,0.0,0.0,0.0,1.0,-1
"F[1,2](((MAP >= 5.721 & Platelets >= 5.751) -> PTT >= 2.987) | WBC <= 67.886)
",-9999999.000,-9999999.000,0.000,0.000,1.000,0,0,0,24,24,0,0,24,0.0,0.0,0.0,0.0,0.0,1.0,-1
"((HR >= 8.022) U[0,1] (Potassium <= 4.192))
",-9999999.000,-9999999.000,0.000,0.000,1.000,0,0,0,24,24,0,0,24,0.0,0.0,0.0,0.0,0.0,1.0,-1
"F[0,2]((BUN <= 33.972 & HR <= 84.863) | O2Sat <= 85.188)
",-9999999.000,-9999999.000,0.000,0.000,1.000,0,0,0,24,24,0,0,24,0.0,0.0,0.0,0.0,0.0,1.0,-1
"F[1,2]((Potassium <= 3.302 -> SBP <= 51.406) & pH >= 14.758)
",-9999999.000,-9999999.000,0.000,0.000,1.000,0,0,0,24,24,0,0,24,0.0,0.0,0.0,0.0,0.0,1.0,-1
"F[2,2](((DBP <= 35.635 & Potassium <= 2.130) & Creatinine >= 0.155) | pH >= 0.026)
",-7625100430294275.000,-0.026,0.000,0.000,1.000,0,0,0,24,24,0,0,24,0.0,0.0,0.0,0.0,0.0,1.0,-1
"F[2,2](((DBP >= 13.256 & TroponinI >= 0.005) | SaO2 >= 0.001) | Chloride <= 0.084)
",0.084,0.084,0.000,0.000,1.000,0,0,0,24,24,0,0,24,0.0,0.0,0.0,0.0,0.0,1.0,-1
"F[1,2](((BUN <= 26.923 -> SBP >= 7.069) | SepsisLabel <= 77.918) | MAP <= 73.744)
",-9999999.000,-9999999.000,0.000,0.000,1.000,0,0,0,24,24,0,0,24,0.0,0.0,0.0,0.0,0.0,1.0,-1
"((Magnesium >= 0.053) U[2,2] (Temp >= 8.011))
",-7585966847134156.000,-0.053,0.000,0.000,1.000,0,0,0,24,24,0,0,24,0.0,0.0,0.0,0.0,0.0,1.0,-1
"F[0,2](((Magnesium >= 0.041 -> Resp >= 1.981) & Bilirubin_direct <= 8.005) -> Glucose <= 11.563)
",-9999999.000,-9999999.000,0.000,0.000,1.000,0,0,0,24,24,0,0,24,0.0,0.0,0.0,0.0,0.0,1.0,-1
"F[1,2](((BUN >= 0.956 -> O2Sat >= 0.978) -> EtCO2 >= 14.200) | MAP >= 4.103)
",-9999999.000,-9999999.000,0.000,0.000,1.000,0,0,0,24,24,0,0,24,0.0,0.0,0.0,0.0,0.0,1.0,-1
"F[0,2](((Hct >= 0.871 & TroponinI <= 0.110) | MAP <= 0.025) -> Hct <= 0.080)
",-9999999.000,-9999999.000,0.000,0.000,1.000,0,0,0,24,24,0,0,24,0.0,0.0,0.0,0.0,0.0,1.0,-1
"((Hgb <= 7.602) U[2,2] (MAP <= 70.816))
",70.816,70.816,0.000,0.000,1.000,0,0,0,24,24,0,0,24,0.0,0.0,0.0,0.0,0.0,1.0,-1
"F[0,2](((BUN >= 0.435 & Temp >= 7.197) | Resp <= 23.994) | Glucose <= 16.964)
",-9999999.000,-9999999.000,0.000,0.000,1.000,0,0,0,24,24,0,0,24,0.0,0.0,0.0,0.0,0.0,1.0,-1
"F[1,1](((Glucose <= 91.576 | HR >= 5.411) -> FiO2 <= 30.176) | Potassium >= 10.065)
",-10.065,-10.065,0.000,0.000,1.000,0,0,0,24,24,0,0,24,0.0,0.0,0.0,0.0,0.0,1.0,-1
"F[0,2](((DBP >= 5.480 -> Glucose >= 19.112) & Alkalinephos <= 44.231) -> Magnesium <= 132.235)
",-9999999.000,-9999999.000,0.000,0.000,1.000,0,0,0,24,24,0,0,24,0.0,0.0,0.0,0.0,0.0,1.0,-1
"F[1,1](((Glucose <= 46.825 -> SBP <= 92.609) & SaO2 >= 11.153) -> Calcium <= 88.110)
",-88.110,-88.110,0.000,0.000,1.000,0,0,0,24,24,0,0,24,0.0,0.0,0.0,0.0,0.0,1.0,-1
"F[1,2](((Glucose <= 117.212 | TroponinI >= 0.000) | TroponinI <= 0.081) -> HCO3 <= 0.122)
",-9999999.000,-9999999.000,0.000,0.000,1.000,0,0,0,24,24,0,0,24,0.0,0.0,0.0,0.0,0.0,1.0,-1
"((DBP >= 21.022) U[0,2] (Hct >= 1.347))
",-9999999.000,-9999999.000,0.000,0.000,1.000,0,0,0,24,24,0,0,24,0.0,0.0,0.0,0.0,0.0,1.0,-1
"F[0,1](((DBP <= 23.828 -> WBC >= 0.125) | Chloride <= 1.667) | SBP >= 0.254)
",-9999999.000,-9999999.000,0.000,0.000,1.000,0,0,0,24,24,0,0,24,0.0,0.0,0.0,0.0,0.0,1.0,-1
"F[0,1](((SBP <= 65.974 | WBC >= 0.041) | Creatinine <= 2.843) | Fibrinogen <= 1.515)
",-9999999.000,-9999999.000,0.000,0.000,1.000,0,0,0,24,24,0,0,24,0.0,0.0,0.0,0.0,0.0,1.0,-1
"F[1,2](((Hct >= 0.390 -> MAP <= 34.714) | Bilirubin_direct >= 5.550) | WBC <= 46.613)
",-9999999.000,-9999999.000,0.000,0.000,1.000,0,0,0,24,24,0,0,24,0.0,0.0,0.0,0.0,0.0,1.0,-1
"F[0,2]((Temp <= 20.889 & TroponinI <= 0.016) -> Platelets >= 0.002)
",-9999999.000,-9999999.000,0.000,0.000,1.000,0,0,0,24,24,0,0,24,0.0,0.0,0.0,0.0,0.0,1.0,-1
"F[1,2]((Alkalinephos >= 0.000 | Bilirubin_direct >= 0.000) & HCO3 <= 0.000)
",-9999999.000,-9999999.000,0.000,0.000,1.000,0,0,0,24,24,0,0,24,0.0,0.0,0.0,0.0,0.0,1.0,-1
"((Calcium <= 2.296) U[0,0] (Lactate >= 0.000))
",0.498,21.455,0.000,0.000,1.000,0,0,0,24,24,0,0,24,0.0,0.0,0.0,0.0,0.0,1.0,-1
"F[1,2](((BUN <= 41.419 & Magnesium <= 1.097) -> pH >= 0.083) -> HR <= 0.445)
",-9999999.000,-9999999.000,0.000,0.000,1.000,0,0,0,24,24,0,0,24,0.0,0.0,0.0,0.0,0.0,1.0,-1
"F[1,2](Potassium >= 0.188 & SepsisLabel = 0.000)
",-9999999.000,-9999999.000,0.000,0.000,1.000,0,0,0,24,24,0,0,24,0.0,0.0,0.0,0.0,0.0,1.0,-1
"F[1,2](((Calcium < 7.624 & Potassium < 1.543) & Magnesium < 1.848) & Phosphate < 0.000)
",-9999999.000,-9999999.000,0.000,0.000,1.000,0,0,0,24,24,0,0,24,0.0,0.0,0.0,0.0,0.0,1.0,-1
"F[0,2](((Calcium < 0.415 & Potassium < 2.329) & Magnesium < 1.295) & Phosphate < 0.000)
",-9999999.000,-9999999.000,0.000,0.000,1.000,0,0,0,24,24,0,0,24,0.0,0.0,0.0,0.0,0.0,1.0,-1
"F[0,2]((Phosphate >= 0.000 & Magnesium > 0.024) -> Calcium < 1.534)
",-9999999.000,-9999999.000,0.000,0.000,1.000,0,0,0,24,24,0,0,24,0.0,0.0,0.0,0.0,0.0,1.0,-1
"F[0,1](Hgb <= 6.715 | Hct <= 34.040)
",-9999999.000,-9999999.000,0.000,0.000,1.000,0,0,0,24,24,0,0,24,0.0,0.0,0.0,0.0,0.0,1.0,-1
"F[0,2]((Calcium <= 1.557 & Potassium <= 0.618) & Magnesium >= 0.085)
",-9999999.000,-9999999.000,0.000,0.000,1.000,0,0,0,24,24,0,0,24,0.0,0.0,0.0,0.0,0.0,1.0,-1
"F[1,2]((Phosphate >= 0.000 & Magnesium > 0.006) -> Calcium < 2.670)
",-9999999.000,-9999999.000,0.000,0.000,1.000,0,0,0,24,24,0,0,24,0.0,0.0,0.0,0.0,0.0,1.0,-1
"F[0,1](Hgb <= 8.538 | Hct <= 17.567)
",-9999999.000,-9999999.000,0.000,0.000,1.000,0,0,0,24,24,0,0,24,0.0,0.0,0.0,0.0,0.0,1.0,-1
"F[0,2]((Calcium <= 1.359 & Potassium <= 2.825) & Magnesium >= 0.017)
",-9999999.000,-9999999.000,0.000,0.000,1.000,0,0,0,24,24,0,0,24,0.0,0.0,0.0,0.0,0.0,1.0,-1
"F[0,2]((Phosphate >= 0.000 & Magnesium > 0.078) -> Calcium < 6.418)
",-9999999.000,-9999999.000,0.000,0.000,1.000,0,0,0,24,24,0,0,24,0.0,0.0,0.0,0.0,0.0,1.0,-1
"F[0,2](((Calcium < 1.946 & Potassium < 4.984) & Magnesium < 1.502) & Phosphate < 0.000)
",-9999999.000,-9999999.000,0.000,0.000,1.000,0,0,0,24,24,0,0,24,0.0,0.0,0.0,0.0,0.0,1.0,-1
"((MAP >= 14.727) U[0,2] (SBP <= 103.032))
",-9999999.000,-9999999.000,0.000,0.000,1.000,0,0,0,24,24,0,0,24,0.0,0.0,0.0,0.0,0.0,1.0,-1
"F[1,2]((Phosphate >= 0.000 & Magnesium > 0.026) -> Calcium < 7.986)
",-9999999.000,-9999999.000,0.000,0.000,1.000,0,0,0,24,24,0,0,24,0.0,0.0,0.0,0.0,0.0,1.0,-1
"((MAP >= 18.345) U[0,1] (SBP <= 101.574))
",-9999999.000,-9999999.000,0.000,0.000,1.000,0,0,0,24,24,0,0,24,0.0,0.0,0.0,0.0,0.0,1.0,-1
"F[1,2](Hgb <= 10.257 | Hct <= 2.006)
",-9999999.000,-9999999.000,0.000,0.000,1.000,0,0,0,24,24,0,0,24,0.0,0.0,0.0,0.0,0.0,1.0,-1
"F[1,2]((Calcium <= 7.340 & Potassium <= 0.482) & Magnesium >= 0.029)
",-9999999.000,-9999999.000,0.000,0.000,1.000,0,0,0,24,24,0,0,24,0.0,0.0,0.0,0.0,0.0,1.0,-1
"F[0,2]((Phosphate >= 0.000 & Magnesium > 0.103) -> Calcium < 5.311)
",-9999999.000,-9999999.000,0.000,0.000,1.000,0,0,0,24,24,0,0,24,0.0,0.0,0.0,0.0,0.0,1.0,-1
"F[1,2](Hgb <= 1.332 | Hct <= 25.581)
",-9999999.000,-9999999.000,0.000,0.000,1.000,0,0,0,24,24,0,0,24,0.0,0.0,0.0,0.0,0.0,1.0,-1
"F[1,2]((Phosphate >= 0.000 & Magnesium > 0.097) -> Calcium < 3.341)
",-9999999.000,-9999999.000,0.000,0.000,1.000,0,0,0,24,24,0,0,24,0.0,0.0,0.0,0.0,0.0,1.0,-1
"F[1,1]((Glucose >= 8.230 -> Temp >= 4.450) & PaCO2 <= 15.837)
",4.450,4.450,0.000,0.000,1.000,0,0,0,24,24,0,0,24,0.0,0.0,0.0,0.0,0.0,1.0,-1
"((Fibrinogen > 0.000) U[0,0] (SepsisLabel = 0.000))
",0.209,0.242,0.000,0.000,1.000,0,0,0,24,24,0,0,24,0.0,0.0,0.0,0.0,0.0,1.0,-1
"F[2,2](Lactate < 0.000 -> SepsisLabel = 0.000)
",0.000,0.000,0.000,0.000,1.000,0,0,0,24,24,0,0,24,0.0,0.0,0.0,0.0,0.0,1.0,-1
"F[0,1](((O2Sat <= 32.947 & SBP <= 61.823) & PaCO2 >= 12.724) -> O2Sat >= 18.819)
",-9999999.000,-9999999.000,0.000,0.000,1.000,0,0,0,24,24,0,0,24,0.0,0.0,0.0,0.0,0.0,1.0,-1
"F[2,2]((Resp <= 19.524 | SBP <= 73.512) | EtCO2 <= 36.403)
",73.512,73.512,0.000,0.000,1.000,0,0,0,24,24,0,0,24,0.0,0.0,0.0,0.0,0.0,1.0,-1
"F[0,2](((MAP <= 34.884 -> Resp >= 0.910) & SepsisLabel >= 3.895) | SepsisLabel >= 1.519)
",-9999999.000,-9999999.000,0.000,0.000,1.000,0,0,0,24,24,0,0,24,0.0,0.0,0.0,0.0,0.0,1.0,-1
"F[0,2](Magnesium >= 0.096 & Platelets <= 65.092)
",-9999999.000,-9999999.000,0.000,0.000,1.000,0,0,0,24,24,0,0,24,0.0,0.0,0.0,0.0,0.0,1.0,-1
"F[0,2]((Hct <= 7.131 | Magnesium <= 1.142) & BaseExcess >= 0.007)
",-9999999.000,-9999999.000,0.000,0.000,1.000,0,0,0,24,24,0,0,24,0.0,0.0,0.0,0.0,0.0,1.0,-1
"F[0,2]((DBP >= 11.911 | Temp <= 13.278) & SaO2 >= 3.718)
",-9999999.000,-9999999.000,0.000,0.000,1.000,0,0,0,24,24,0,0,24,0.0,0.0,0.0,0.0,0.0,1.0,-1
"F[1,2]((Creatinine >= 0.068 -> Magnesium <= 0.305) -> WBC <= 1.872)
",-9999999.000,-9999999.000,0.000,0.000,1.000,0,0,0,24,24,0,0,24,0.0,0.0,0.0,0.0,0.0,1.0,-1
"F[0,1](((Resp <= 17.181 -> Temp <= 11.705) & Lactate >= 2.056) | Lactate <= 25.406)
",-9999999.000,-9999999.000,0.000,0.000,1.000,0,0,0,24,24,0,0,24,0.0,0.0,0.0,0.0,0.0,1.0,-1
"F[1,2](Hgb <= 8.861 | Hct <= 14.114)
",-9999999.000,-9999999.000,0.000,0.000,1.000,0,0,0,24,24,0,0,24,0.0,0.0,0.0,0.0,0.0,1.0,-1
"F[0,1]((Phosphate >= 0.000 & Magnesium > 0.005) -> Calcium < 3.648)
",-9999999.000,-9999999.000,0.000,0.000,1.000,0,0,0,24,24,0,0,24,0.0,0.0,0.0,0.0,0.0,1.0,-1
"F[0,2](FiO2 >= 0.000 | BUN >= 0.661)
",-9999999.000,-9999999.000,0.000,0.000,1.000,0,0,0,24,24,0,0,24,0.0,0.0,0.0,0.0,0.0,1.0,-1
"((Calcium > 0.230) U[0,1] (SepsisLabel = 0.000))
",-9999999.000,-9999999.000,0.000,0.000,1.000,0,0,0,24,24,0,0,24,0.0,0.0,0.0,0.0,0.0,1.0,-1
"F[0,1](((Resp <= 17.502 & Chloride <= 0.000) -> SBP <= 0.000) -> Potassium >= 0.000)
",-9999999.000,-9999999.000,0.000,0.000,1.000,0,0,0,24,24,0,0,24,0.0,0.0,0.0,0.0,0.0,1.0,-1
"F[0,2]((Calcium <= 2.082 & Potassium <= 4.325) & Magnesium >= 0.078)
",-9999999.000,-9999999.000,0.000,0.000,1.000,0,0,0,24,24,0,0,24,0.0,0.0,0.0,0.0,0.0,1.0,-1
"F[0,2](((pH >= 0.000 | SBP >= 9.543) | BUN >= 10.016) | MAP <= 54.044)
",-9999999.000,-9999999.000,0.000,0.000,1.000,0,0,0,24,24,0,0,24,0.0,0.0,0.0,0.0,0.0,1.0,-1
"F[1,2](PTT >= 0.000 -> Calcium <= 1.124)
",-9999999.000,-9999999.000,0.000,0.000,1.000,0,0,0,24,24,0,0,24,0.0,0.0,0.0,0.0,0.0,1.0,-1
"F[1,2]((Glucose >= 20.803 & Alkalinephos >= 0.000) & O2Sat >= 0.000)
",-9999999.000,-9999999.000,0.000,0.000,1.000,0,0,0,24,24,0,0,24,0.0,0.0,0.0,0.0,0.0,1.0,-1
"F[0,1]((Potassium >= 0.179 | Platelets <= 14.241) | Resp >= 2.103)
",-9999999.000,-9999999.000,0.000,0.000,1.000,0,0,0,24,24,0,0,24,0.0,0.0,0.0,0.0,0.0,1.0,-1
"F[1,2](((Lactate <= 0.000 & BaseExcess <= 0.000) -> O2Sat >= 0.000) -> Phosphate >= 0.000)
",-9999999.000,-9999999.000,0.000,0.000,1.000,0,0,0,24,24,0,0,24,0.0,0.0,0.0,0.0,0.0,1.0,-1
"F[1,2](((Bilirubin_total >= 0.000 & Fibrinogen >= 0.000) -> PTT >= 0.000) | Fibrinogen <= 0.000)
",-9999999.000,-9999999.000,0.000,0.000,1.000,0,0,0,24,24,0,0,24,0.0,0.0,0.0,0.0,0.0,1.0,-1
"F[1,2](Potassium <= 1.083 & Platelets >= 4.127)
",-9999999.000,-9999999.000,0.000,0.000,1.000,0,0,0,24,24,0,0,24,0.0,0.0,0.0,0.0,0.0,1.0,-1
"F[0,2](((HCO3 <= 0.000 | PTT >= 0.000) | DBP >= 0.000) | BUN >= 0.000)
",-9999999.000,-9999999.000,0.000,0.000,1.000,0,0,0,24,24,0,0,24,0.0,0.0,0.0,0.0,0.0,1.0,-1
"F[0,1]((TroponinI >= 0.002 & DBP >= 0.921) -> SaO2 >= 15.312)
",-9999999.000,-9999999.000,0.000,0.000,1.000,0,0,0,24,24,0,0,24,0.0,0.0,0.0,0.0,0.0,1.0,-1
"F[1,1](Magnesium <= 1.447 | pH <= 0.000)
",1.447,1.447,0.000,0.000,1.000,0,0,0,24,24,0,0,24,0.0,0.0,0.0,0.0,0.0,1.0,-1
"F[0,2](((Magnesium >= 0.054 -> TroponinI <= 0.069) & EtCO2 <= 0.085) & HR <= 0.084)
",-9999999.000,-9999999.000,0.000,0.000,1.000,0,0,0,24,24,0,0,24,0.0,0.0,0.0,0.0,0.0,1.0,-1
"F[0,2](((BUN >= 0.291 & Glucose <= 24.376) & Glucose >= 4.718) | Hct >= 3.318)
",-9999999.000,-9999999.000,0.000,0.000,1.000,0,0,0,24,24,0,0,24,0.0,0.0,0.0,0.0,0.0,1.0,-1
"F[0,1](Hgb <= 2.780 | Hct <= 35.602)
",-9999999.000,-9999999.000,0.000,0.000,1.000,0,0,0,24,24,0,0,24,0.0,0.0,0.0,0.0,0.0,1.0,-1
"F[0,2]((Calcium <= 0.963 & Potassium <= 4.197) & Magnesium >= 0.086)
",-9999999.000,-9999999.000,0.000,0.000,1.000,0,0,0,24,24,0,0,24,0.0,0.0,0.0,0.0,0.0,1.0,-1
"F[0,2](((Calcium < 6.590 & Potassium < 0.650) & Magnesium < 1.526) & Phosphate < 0.000)
",-9999999.000,-9999999.000,0.000,0.000,1.000,0,0,0,24,24,0,0,24,0.0,0.0,0.0,0.0,0.0,1.0,-1
"F[0,2]((Phosphate >= 0.000 & Magnesium > 0.127) -> Calcium < 3.108)
",-9999999.000,-9999999.000,0.000,0.000,1.000,0,0,0,24,24,0,0,24,0.0,0.0,0.0,0.0,0.0,1.0,-1
"((MAP >= 3.102) U[0,2] (SBP <= 56.985))
",-9999999.000,-9999999.000,0.000,0.000,1.000,0,0,0,24,24,0,0,24,0.0,0.0,0.0,0.0,0.0,1.0,-1
"F[0,1](Hgb <= 11.183 | Hct <= 9.173)
",-9999999.000,-9999999.000,0.000,0.000,1.000,0,0,0,24,24,0,0,24,0.0,0.0,0.0,0.0,0.0,1.0,-1
"F[2,2]((Calcium <= 1.700 & Potassium <= 2.311) & Magnesium >= 0.109)
",-0.109,-0.109,0.000,0.000,1.000,0,0,0,24,24,0,0,24,0.0,0.0,0.0,0.0,0.0,1.0,-1
"((MAP >= 7.980) U[2,2] (SBP <= 34.195))
",34.195,34.195,0.000,0.000,1.000,0,0,0,24,24,0,0,24,0.0,0.0,0.0,0.0,0.0,1.0,-1
"F[1,2](((Calcium < 4.488 & Potassium < 2.489) & Magnesium < 0.587) & Phosphate < 0.000)
",-9999999.000,-9999999.000,0.000,0.000,1.000,0,0,0,24,24,0,0,24,0.0,0.0,0.0,0.0,0.0,1.0,-1
"((MAP >= 11.789) U[2,2] (SBP <= 32.531))
",32.531,32.531,0.000,0.000,1.000,0,0,0,24,24,0,0,24,0.0,0.0,0.0,0.0,0.0,1.0,-1
"F[0,1](Hgb <= 2.959 | Hct <= 15.912)
",-9999999.000,-9999999.000,0.000,0.000,1.000,0,0,0,24,24,0,0,24,0.0,0.0,0.0,0.0,0.0,1.0,-1
"F[0,2]((Calcium <= 7.352 & Potassium <= 0.387) & Magnesium >= 0.096)
",-9999999.000,-9999999.000,0.000,0.000,1.000,0,0,0,24,24,0,0,24,0.0,0.0,0.0,0.0,0.0,1.0,-1
"F[2,2](((Calcium < 5.444 & Potassium < 4.676) & Magnesium < 1.282) & Phosphate < 0.000)
",0.000,0.000,0.000,0.000,1.000,0,0,0,24,24,0,0,24,0.0,0.0,0.0,0.0,0.0,1.0,-1
"F[1,2]((Phosphate >= 0.000 & Magnesium > 0.048) -> Calcium < 2.627)
",-9999999.000,-9999999.000,0.000,0.000,1.000,0,0,0,24,24,0,0,24,0.0,0.0,0.0,0.0,0.0,1.0,-1
"((Chloride >= 0.000) U[0,2] (SepsisLabel = 0.000))
",-9999999.000,-9999999.000,0.000,0.000,1.000,0,0,0,24,24,0,0,24,0.0,0.0,0.0,0.0,0.0,1.0,-1
"F[1,2]((Potassium <= 1.651 | Lactate >= 0.000) -> BaseExcess <= 0.000)
",-9999999.000,-9999999.000,0.000,0.000,1.000,0,0,0,24,24,0,0,24,0.0,0.0,0.0,0.0,0.0,1.0,-1
"F[0,2](((MAP >= 2.967 & SaO2 >= 0.000) & BUN <= 0.000) | Potassium >= 0.000)
",-9999999.000,-9999999.000,0.000,0.000,1.000,0,0,0,24,24,0,0,24,0.0,0.0,0.0,0.0,0.0,1.0,-1
"F[0,2](((Bilirubin_total >= 0.000 | Magnesium <= 1.166) -> EtCO2 <= 1.933) | Hgb >= 0.024)
",-9999999.000,-9999999.000,0.000,0.000,1.000,0,0,0,24,24,0,0,24,0.0,0.0,0.0,0.0,0.0,1.0,-1
"G[0,0](BUN <= 27.073 & Creatinine >= 0.010)
",-0.010,-0.010,0.000,1.000,0.000,0,0,0,24,24,0,0,24,0.0,0.0,0.0,0.0,0.0,1.0,1
"G[1,2](Calcium >= 0.218 & HR >= 7.725)
",9999999.000,9999999.000,0.000,1.000,0.000,0,0,1,23,23,1,1,23,0.0,0.0,1.0,0.0,0.0,1.0,1
"G[0,2](((Calcium <= 6.674 -> MAP <= 66.758) -> Calcium <= 27.713) | WBC >= 1.780)
",9999999.000,9999999.000,0.000,1.000,0.000,0,0,24,0,0,24,24,0,0.0,0.0,1.0,0.0,0.0,1.0,1
"G[0,2](MAP >= 2.858 | Potassium >= 0.133)
",9999999.000,9999999.000,0.000,1.000,0.000,0,0,0,24,24,0,0,24,0.0,0.0,0.0,0.0,0.0,1.0,1
"G[0,1]((Temp >= 3.608 & WBC <= 2.812) & Alkalinephos <= 3.137)
",9999999.000,9999999.000,0.000,1.000,0.000,0,0,0,24,24,0,0,24,0.0,0.0,0.0,0.0,0.0,1.0,1
"G[1,2]((Hgb >= 0.268 | Magnesium >= 0.017) | EtCO2 <= 0.229)
",9999999.000,9999999.000,0.000,1.000,0.000,0,0,24,0,0,24,24,0,0.0,0.0,1.0,0.0,0.0,1.0,1
"G[0,2](Magnesium >= 0.070 | WBC >= 0.208)
",9999999.000,9999999.000,0.000,1.000,0.000,0,0,0,24,24,0,0,24,0.0,0.0,0.0,0.0,0.0,1.0,1
"G[2,2]((MAP >= 4.222 -> O2Sat <= 66.033) & AST <= 94.326)
",-66.033,-66.033,0.000,1.000,0.000,0,0,24,0,0,24,24,0,0.0,0.0,1.0,0.0,0.0,1.0,1
"G[0,1](Platelets <= 49.033 -> WBC >= 0.104)
",9999999.000,9999999.000,0.000,1.000,0.000,0,0,0,24,24,0,0,24,0.0,0.0,0.0,0.0,0.0,1.0,1
"G[0,1](BUN <= 38.736 & Creatinine >= 0.004)
",9999999.000,9999999.000,0.000,1.000,0.000,0,0,0,24,24,0,0,24,0.0,0.0,0.0,0.0,0.0,1.0,1
"G[1,2](((Hgb <= 7.112 | Hct <= 12.560) -> WBC >= 0.064) & Platelets >= 4.929)
",9999999.000,9999999.000,0.000,1.000,0.000,0,0,0,24,24,0,0,24,0.0,0.0,0.0,0.0,0.0,1.0,1
"G[0,2](Platelets <= 10.999 -> WBC >= 0.177)
",9999999.000,9999999.000,0.000,1.000,0.000,0,0,0,24,24,0,0,24,0.0,0.0,0.0,0.0,0.0,1.0,1
"G[2,2](Chloride >= 0.000 & HCO3 >= 0.000)
",0.000,0.000,0.000,1.000,0.000,0,0,24,0,0,24,24,0,0.0,0.0,1.0,0.0,0.0,1.0,1
"G[2,2](((Hgb <= 8.928 | Hct <= 4.373) -> WBC >= 0.248) & Platelets >= 5.424)
",-8.928,-8.928,0.000,1.000,0.000,0,0,24,0,0,24,24,0,0.0,0.0,1.0,0.0,0.0,1.0,1
"F[0,1]((Platelets >= 3.267 | AST >= 0.000) -> pH >= 0.000)
",-9999999.000,-9999999.000,0.000,0.000,1.000,0,0,0,24,24,0,0,24,0.0,0.0,0.0,0.0,0.0,1.0,-1
"G[0,2](Platelets <= 47.336 -> WBC >= 0.044)
",9999999.000,9999999.000,0.000,1.000,0.000,0,0,0,24,24,0,0,24,0.0,0.0,0.0,0.0,0.0,1.0,1
"G[0,1](BUN <= 43.977 & Creatinine >= 0.047)
",9999999.000,9999999.000,0.000,1.000,0.000,0,0,0,24,24,0,0,24,0.0,0.0,0.0,0.0,0.0,1.0,1
"G[2,2](((Hgb <= 5.546 | Hct <= 3.999) -> WBC >= 0.197) & Platelets >= 4.904)
",-5.546,-5.546,0.000,1.000,0.000,0,0,24,0,0,24,24,0,0.0,0.0,1.0,0.0,0.0,1.0,1
"G[0,1](BUN <= 36.735 & Creatinine >= 0.008)
",9999999.000,9999999.000,0.000,1.000,0.000,0,0,0,24,24,0,0,24,0.0,0.0,0.0,0.0,0.0,1.0,1
"G[0,2](((Hgb <= 1.390 | Hct <= 18.450) -> WBC >= 0.074) & Platelets >= 0.952)
",9999999.000,9999999.000,0.000,1.000,0.000,0,0,0,24,24,0,0,24,0.0,0.0,0.0,0.0,0.0,1.0,1
"G[2,2](Platelets <= 139.971 -> WBC >= 0.110)
",-139.971,-139.971,0.000,1.000,0.000,0,0,24,0,0,24,24,0,0.0,0.0,1.0,0.0,0.0,1.0,1
"G[0,1](BUN <= 14.257 & Creatinine >= 0.068)
",9999999.000,9999999.000,0.000,1.000,0.000,0,0,0,24,24,0,0,24,0.0,0.0,0.0,0.0,0.0,1.0,1
"G[1,1](((Hgb <= 2.459 | Hct <= 33.235) -> WBC >= 0.211) & Platelets >= 1.476)
",-33.235,-33.235,0.000,1.000,0.000,0,0,0,24,24,0,0,24,0.0,0.0,0.0,0.0,0.0,1.0,1
"G[1,1](Platelets <= 43.714 -> WBC >= 0.049)
",-43.714,-43.714,0.000,1.000,0.000,0,0,0,24,24,0,0,24,0.0,0.0,0.0,0.0,0.0,1.0,1
"G[0,2](Chloride >= 0.000 & HCO3 >= 0.000)
",9999999.000,9999999.000,0.000,1.000,0.000,0,0,24,0,0,24,24,0,0.0,0.0,1.0,0.0,0.0,1.0,1
"G[0,0](BUN <= 30.651 & Creatinine >= 0.010)
",-0.010,-0.010,0.000,1.000,0.000,0,0,0,24,24,0,0,24,0.0,0.0,0.0,0.0,0.0,1.0,1
"G[0,2](((Hgb <= 12.194 | Hct <= 6.968) -> WBC >= 0.150) & Platelets >= 0.357)
",9999999.000,9999999.000,0.000,1.000,0.000,0,0,0,24,24,0,0,24,0.0,0.0,0.0,0.0,0.0,1.0,1
"G[0,2](((SBP <= 78.136 -> TroponinI >= 0.001) -> PaCO2 >= 0.004) | DBP >= 0.003)
",9999999.000,9999999.000,0.000,1.000,0.000,0,0,23,1,1,23,23,1,0.0,0.0,1.0,0.0,0.0,1.0,1
"G[2,2]((Calcium <= 2.187 | SBP >= 10.201) & Calcium <= 58.434)
",2.187,2.187,0.000,1.000,0.000,0,0,24,0,0,24,24,0,0.0,0.0,1.0,0.0,0.0,1.0,1
"G[0,2]((Creatinine <= 0.734 & SBP <= 88.789) -> Glucose <= 67.005)
",9999999.000,9999999.000,0.000,1.000,0.000,0,0,20,4,4,20,20,4,0.0,0.0,1.0,0.0,0.0,1.0,1
"G[1,2](((EtCO2 >= 0.000 & HR >= 20.511) & PaCO2 <= 72.548) | PaCO2 <= 65.785)
",9999999.000,9999999.000,0.000,1.000,0.000,0,0,24,0,0,24,24,0,0.0,0.0,1.0,0.0,0.0,1.0,1
"G[1,2](Hct <= 23.141 & Potassium >= 0.037)
",9999999.000,9999999.000,0.000,1.000,0.000,0,0,1,23,23,1,1,23,0.0,0.0,1.0,0.0,0.0,1.0,1
"G[0,0]((Creatinine >= 0.002 -> Hct >= 0.703) -> TroponinI >= 1.244)
",-0.002,-0.002,0.000,1.000,0.000,0,0,0,24,24,0,0,24,0.0,0.0,0.0,0.0,0.0,1.0,1
"G[0,2]((BUN >= 0.397 | Hct >= 1.350) | Potassium >= 0.229)
",9999999.000,9999999.000,0.000,1.000,0.000,0,0,0,24,24,0,0,24,0.0,0.0,0.0,0.0,0.0,1.0,1
"G[1,2](((Magnesium >= 0.022 | Potassium <= 0.920) -> Phosphate >= 0.011) | Alkalinephos <= 3.203)
",9999999.000,9999999.000,0.000,1.000,0.000,0,0,24,0,0,24,24,0,0.0,0.0,1.0,0.0,0.0,1.0,1
"G[0,2]((Calcium >= 0.337 -> Magnesium >= 0.065) | AST <= 0.884)
",9999999.000,9999999.000,0.000,1.000,0.000,0,0,24,0,0,24,24,0,0.0,0.0,1.0,0.0,0.0,1.0,1
"G[1,2]((BUN <= 38.357 | Resp >= 0.170) -> pH <= 19.762)
",9999999.000,9999999.000,0.000,1.000,0.000,0,0,24,0,0,24,24,0,0.0,0.0,1.0,0.0,0.0,1.0,1
"G[0,2](((SBP <= 67.753 -> Temp <= 10.876) | Fibrinogen <= 25.131) -> Calcium <= 35.721)
",9999999.000,9999999.000,0.000,1.000,0.000,0,0,24,0,0,24,24,0,0.0,0.0,1.0,0.0,0.0,1.0,1
"G[0,1](Hgb >= 0.317 & Temp >= 2.695)
",9999999.000,9999999.000,0.000,1.000,0.000,0,0,0,24,24,0,0,24,0.0,0.0,0.0,0.0,0.0,1.0,1
"G[2,2](((MAP <= 47.629 | TroponinI >= 0.004) -> PaCO2 >= 0.003) | Hct <= 0.067)
",0.067,0.067,0.000,1.000,0.000,0,0,24,0,0,24,24,0,0.0,0.0,1.0,0.0,0.0,1.0,1
"G[2,2](Potassium <= 0.638 -> Alkalinephos <= 0.000)
",-0.638,-0.638,0.000,1.000,0.000,0,0,24,0,0,24,24,0,0.0,0.0,1.0,0.0,0.0,1.0,1
"G[0,2](((Hgb >= 0.135 -> TroponinI >= 0.005) -> Platelets <= 0.101) -> SepsisLabel <= 0.039)
",9999999.000,9999999.000,0.000,1.000,0.000,0,0,24,0,0,24,24,0,0.0,0.0,1.0,0.0,0.0,1.0,1
"G[1,2]((TroponinI >= 0.000 & TroponinI <= 0.054) -> Fibrinogen >= 0.002)
",9999999.000,9999999.000,0.000,1.000,0.000,0,0,2,22,22,2,2,22,0.0,0.0,1.0,0.0,0.0,1.0,1
"G[0,2](((PaCO2 <= 0.000 -> Lactate <= 0.000) | Potassium >= 0.000) & Fibrinogen >= 0.000)
",9999999.000,9999999.000,0.000,1.000,0.000,0,0,24,0,0,24,24,0,0.0,0.0,1.0,0.0,0.0,1.0,1
"G[1,2](HCO3 >= 0.000 -> Resp <= 18.057)
",9999999.000,9999999.000,0.000,1.000,0.000,0,0,21,3,3,21,21,3,0.0,0.0,1.0,0.0,0.0,1.0,1
"G[1,2]((FiO2 <= 0.000 -> Bilirubin_direct >= 0.000) -> Bilirubin_direct >= 0.000)
",9999999.000,9999999.000,0.000,1.000,0.000,0,0,24,0,0,24,24,0,0.0,0.0,1.0,0.0,0.0,1.0,1
"G[0,2](((Chloride <= 0.000 & Bilirubin_total <= 0.000) & WBC >= 0.000) & Bilirubin_direct >= 0.000)
",9999999.000,9999999.000,0.000,1.000,0.000,0,0,24,0,0,24,24,0,0.0,0.0,1.0,0.0,0.0,1.0,1
"G[1,2](((Creatinine <= 0.154 | Hct >= 1.324) | O2Sat >= 0.672) | HCO3 >= 0.183)
",9999999.000,9999999.000,0.000,1.000,0.000,0,0,24,0,0,24,24,0,0.0,0.0,1.0,0.0,0.0,1.0,1
"G[1,2](((SepsisLabel <= 0.000 | PaCO2 >= 0.000) -> EtCO2 <= 0.000) | Bilirubin_direct <= 0.000)
",9999999.000,9999999.000,0.000,1.000,0.000,0,0,24,0,0,24,24,0,0.0,0.0,1.0,0.0,0.0,1.0,1
"G[1,2]((TroponinI <= 0.123 & PTT <= 0.000) & Chloride <= 0.000)
",9999999.000,9999999.000,0.000,1.000,0.000,0,0,22,2,2,22,22,2,0.0,0.0,1.0,0.0,0.0,1.0,1
"G[1,2]((Platelets >= 0.269 | Fibrinogen >= 0.000) | FiO2 <= 0.000)
",9999999.000,9999999.000,0.000,1.000,0.000,0,0,24,0,0,24,24,0,0.0,0.0,1.0,0.0,0.0,1.0,1
"G[0,2]((PTT <= 0.000 | SepsisLabel >= 0.000) | SepsisLabel <= 0.000)
",9999999.000,9999999.000,0.000,1.000,0.000,0,0,24,0,0,24,24,0,0.0,0.0,1.0,0.0,0.0,1.0,1
"G[2,2](((Platelets >= 2.111 | SaO2 <= 0.000) & HCO3 <= 0.000) | SaO2 <= 0.000)
",0.000,0.000,0.000,1.000,0.000,0,0,24,0,0,24,24,0,0.0,0.0,1.0,0.0,0.0,1.0,1
"G[0,2](Platelets <= 120.387 -> WBC >= 0.075)
",9999999.000,9999999.000,0.000,1.000,0.000,0,0,0,24,24,0,0,24,0.0,0.0,0.0,0.0,0.0,1.0,1
"G[2,2](((Platelets >= 2.991 | HCO3 >= 0.000) | DBP <= 0.000) | Lactate >= 0.000)
",0.000,0.000,0.000,1.000,0.000,0,0,24,0,0,24,24,0,0.0,0.0,1.0,0.0,0.0,1.0,1
"G[1,2](((EtCO2 <= 0.000 | Glucose <= 44.647) -> Potassium <= 120.675) & Chloride <= 120.626)
",9999999.000,9999999.000,0.000,1.000,0.000,0,0,24,0,0,24,24,0,0.0,0.0,1.0,0.0,0.0,1.0,1
"G[1,2](Platelets <= 139.543 -> WBC >= 0.092)
",9999999.000,9999999.000,0.000,1.000,0.000,0,0,0,24,24,0,0,24,0.0,0.0,0.0,0.0,0.0,1.0,1
"G[0,2](Chloride >= 0.000 & HCO3 >= 0.000)
",9999999.000,9999999.000,0.000,1.000,0.000,0,0,24,0,0,24,24,0,0.0,0.0,1.0,0.0,0.0,1.0,1
"G[0,2](BUN <= 6.491 & Creatinine >= 0.058)
",9999999.000,9999999.000,0.000,1.000,0.000,0,0,0,24,24,0,0,24,0.0,0.0,0.0,0.0,0.0,1.0,1
"G[1,2](BUN <= 35.344 & Creatinine >= 0.045)
",9999999.000,9999999.000,0.000,1.000,0.000,0,0,0,24,24,0,0,24,0.0,0.0,0.0,0.0,0.0,1.0,1
"G[1,2](((Bilirubin_total >= 0.000 -> PaCO2 >= 0.000) -> Platelets >= 0.000) | pH >= 0.000)
",9999999.000,9999999.000,0.000,1.000,0.000,0,0,24,0,0,24,24,0,0.0,0.0,1.0,0.0,0.0,1.0,1
"G[0,2](Chloride >= 0.000 & HCO3 >= 0.000)
",9999999.000,9999999.000,0.000,1.000,0.000,0,0,24,0,0,24,24,0,0.0,0.0,1.0,0.0,0.0,1.0,1
"G[2,2](((Fibrinogen <= 0.000 & Platelets >= 1.864) | SaO2 >= 3.256) | Potassium <= 131.682)
",131.682,131.682,0.000,1.000,0.000,0,0,24,0,0,24,24,0,0.0,0.0,1.0,0.0,0.0,1.0,1
"G[0,2]((Resp <= 12.419 | Hct <= 31.707) -> MAP <= 19.208)
",9999999.000,9999999.000,0.000,1.000,0.000,0,0,12,12,12,12,12,12,0.0,0.0,1.0,0.0,0.0,1.0,1
"G[1,2]((Glucose <= 132.596 | Fibrinogen <= 0.000) & WBC <= 0.000)
",9999999.000,9999999.000,0.000,1.000,0.000,0,0,24,0,0,24,24,0,0.0,0.0,1.0,0.0,0.0,1.0,1
"G[1,2](((Alkalinephos <= 0.000 -> Lactate >= 0.000) -> Magnesium >= 0.000) | BaseExcess >= 0.000)
",9999999.000,9999999.000,0.000,1.000,0.000,0,0,24,0,0,24,24,0,0.0,0.0,1.0,0.0,0.0,1.0,1
"G[1,2](Magnesium <= 1.094 & HR <= 42.928)
",9999999.000,9999999.000,0.000,1.000,0.000,0,0,14,10,10,14,14,10,0.0,0.0,1.0,0.0,0.0,1.0,1
"G[0,2]((pH <= 0.000 & Lactate >= 0.000) -> PaCO2 >= 0.000)
",9999999.000,9999999.000,0.000,1.000,0.000,0,0,24,0,0,24,24,0,0.0,0.0,1.0,0.0,0.0,1.0,1
"G[1,2]((Hct >= 0.819 -> Platelets <= 19.640) & Bilirubin_total <= 19.403)
",9999999.000,9999999.000,0.000,1.000,0.000,0,0,24,0,0,24,24,0,0.0,0.0,1.0,0.0,0.0,1.0,1
"G[0,2](Lactate <= 0.000 -> SBP >= 27.343)
",9999999.000,9999999.000,0.000,1.000,0.000,0,0,1,23,23,1,1,23,0.0,0.0,1.0,0.0,0.0,1.0,1
"G[0,2]((PaCO2 >= 0.000 | HCO3 >= 0.000) & SBP <= 0.000)
",9999999.000,9999999.000,0.000,1.000,0.000,0,0,10,14,14,10,10,14,0.0,0.0,1.0,0.0,0.0,1.0,1
"G[1,2](((Resp >= 1.204 | SBP >= 28.459) | Lactate <= 76.433) | Resp <= 91.625)
",9999999.000,9999999.000,0.000,1.000,0.000,0,0,24,0,0,24,24,0,0.0,0.0,1.0,0.0,0.0,1.0,1
"G[1,2]((AST <= 0.000 -> Glucose <= 106.589) & Chloride <= 86.839)
",9999999.000,9999999.000,0.000,1.000,0.000,0,0,22,2,2,22,22,2,0.0,0.0,1.0,0.0,0.0,1.0,1
"G[0,2]((AST >= 0.000 & WBC >= 0.247) | Hct >= 0.035)
",9999999.000,9999999.000,0.000,1.000,0.000,0,0,0,24,24,0,0,24,0.0,0.0,0.0,0.0,0.0,1.0,1
"G[0,2]((Phosphate <= 0.000 -> Resp <= 15.591) -> SBP >= 2.604)
",9999999.000,9999999.000,0.000,1.000,0.000,0,0,1,23,23,1,1,23,0.0,0.0,1.0,0.0,0.0,1.0,1
"G[0,2](((Bilirubin_direct >= 0.000 | Chloride <= 0.000) -> Phosphate <= 0.000) | O2Sat >= 0.000)
",9999999.000,9999999.000,0.000,1.000,0.000,0,0,24,0,0,24,24,0,0.0,0.0,1.0,0.0,0.0,1.0,1
"G[2,2](((TroponinI >= 0.004 | O2Sat <= 69.610) | Platelets >= 12.020) & SepsisLabel <= 37.424)
",37.424,37.424,0.000,1.000,0.000,0,0,24,0,0,24,24,0,0.0,0.0,1.0,0.0,0.0,1.0,1
"G[2,2](pH <= 0.000 | Bilirubin_direct <= 0.000)
",0.000,0.000,0.000,1.000,0.000,0,0,24,0,0,24,24,0,0.0,0.0,1.0,0.0,0.0,1.0,1
"G[1,2](((PaCO2 <= 0.000 | Chloride >= 0.000) -> Chloride <= 0.000) | FiO2 <= 0.000)
",9999999.000,9999999.000,0.000,1.000,0.000,0,0,24,0,0,24,24,0,0.0,0.0,1.0,0.0,0.0,1.0,1
"G[1,2](Potassium <= 1.098 & HR <= 70.963)
",9999999.000,9999999.000,0.000,1.000,0.000,0,0,16,8,8,16,16,8,0.0,0.0,1.0,0.0,0.0,1.0,1
"G[1,2](Alkalinephos <= 0.000 | O2Sat <= 64.493)
",9999999.000,9999999.000,0.000,1.000,0.000,0,0,24,0,0,24,24,0,0.0,0.0,1.0,0.0,0.0,1.0,1
"G[1,2](((EtCO2 >= 0.000 -> Bilirubin_direct >= 0.000) & SaO2 >= 0.000) | FiO2 <= 0.000)
",9999999.000,9999999.000,0.000,1.000,0.000,0,0,24,0,0,24,24,0,0.0,0.0,1.0,0.0,0.0,1.0,1
"G[0,1]((Calcium <= 1.434 | Glucose <= 78.018) & Bilirubin_direct >= 3.645)
",9999999.000,9999999.000,0.000,1.000,0.000,0,0,0,24,24,0,0,24,0.0,0.0,0.0,0.0,0.0,1.0,1
"G[1,2](SaO2 <= 0.000 | TroponinI >= 0.003)
",9999999.000,9999999.000,0.000,1.000,0.000,0,0,24,0,0,24,24,0,0.0,0.0,1.0,0.0,0.0,1.0,1
"G[0,1]((HCO3 <= 0.000 | Temp >= 4.529) -> Hct >= 2.270)
",9999999.000,9999999.000,0.000,1.000,0.000,0,0,0,24,24,0,0,24,0.0,0.0,0.0,0.0,0.0,1.0,1
"G[1,2](HR < 66.856 & SepsisLabel = 0.000)
",9999999.000,9999999.000,0.000,1.000,0.000,0,0,14,10,10,14,14,10,0.0,0.0,1.0,0.0,0.0,1.0,1
"G[1,2](BUN <= 13.904 & Creatinine >= 0.004)
",9999999.000,9999999.000,0.000,1.000,0.000,0,0,0,24,24,0,0,24,0.0,0.0,0.0,0.0,0.0,1.0,1
"G[1,2](((Hgb <= 10.004 | Hct <= 7.522) -> WBC >= 0.002) & Platelets >= 1.909)
",9999999.000,9999999.000,0.000,1.000,0.000,0,0,0,24,24,0,0,24,0.0,0.0,0.0,0.0,0.0,1.0,1
"G[0,2](Magnesium >= 0.041 & SepsisLabel = 0.000)
",9999999.000,9999999.000,0.000,1.000,0.000,0,0,0,24,24,0,0,24,0.0,0.0,0.0,0.0,0.0,1.0,1
"G[0,1](((Hgb <= 2.962 | Hct <= 13.217) -> WBC >= 0.037) & Platelets >= 3.794)
",9999999.000,9999999.000,0.000,1.000,0.000,0,0,0,24,24,0,0,24,0.0,0.0,0.0,0.0,0.0,1.0,1
"G[1,2](Chloride >= 0.000 & HCO3 >= 0.000)
",9999999.000,9999999.000,0.000,1.000,0.000,0,0,24,0,0,24,24,0,0.0,0.0,1.0,0.0,0.0,1.0,1
"G[2,2](Platelets <= 66.662 -> WBC >= 0.037)
",-66.662,-66.662,0.000,1.000,0.000,0,0,24,0,0,24,24,0,0.0,0.0,1.0,0.0,0.0,1.0,1
"G[1,2](((Hgb <= 10.112 | Hct <= 25.109) -> WBC >= 0.256) & Platelets >= 4.497)
",9999999.000,9999999.000,0.000,1.000,0.000,0,0,0,24,24,0,0,24,0.0,0.0,0.0,0.0,0.0,1.0,1
"G[0,2](((MAP <= 61.920 -> SBP <= 98.138) & EtCO2 >= 18.459) & BUN >= 4.317)
",9999999.000,9999999.000,0.000,1.000,0.000,0,0,0,24,24,0,0,24,0.0,0.0,0.0,0.0,0.0,1.0,1
"G[0,2]((DBP >= 15.894 -> MAP >= 13.295) -> Magnesium >= 17.508)
",9999999.000,9999999.000,0.000,1.000,0.000,0,0,0,24,24,0,0,24,0.0,0.0,0.0,0.0,0.0,1.0,1
"G[0,2](((O2Sat <= 36.599 | Temp <= 19.656) & PaCO2 >= 7.550) | BUN >= 4.782)
",9999999.000,9999999.000,0.000,1.000,0.000,0,0,0,24,24,0,0,24,0.0,0.0,0.0,0.0,0.0,1.0,1
"G[1,2](((DBP >= 18.358 & HR >= 19.704) & HCO3 <= 57.908) -> SBP <= 85.829)
",9999999.000,9999999.000,0.000,1.000,0.000,0,0,14,10,10,14,14,10,0.0,0.0,1.0,0.0,0.0,1.0,1
"G[2,2]((O2Sat <= 30.203 -> Resp <= 6.163) -> Resp >= 1.915)
",1.915,1.915,0.000,1.000,0.000,0,0,24,0,0,24,24,0,0.0,0.0,1.0,0.0,0.0,1.0,1
"G[1,2]((Hgb >= 0.408 | WBC >= 0.139) | HR >= 0.067)
",9999999.000,9999999.000,0.000,1.000,0.000,0,0,10,14,14,10,10,14,0.0,0.0,1.0,0.0,0.0,1.0,1
"G[2,2]((Platelets <= 102.628 | WBC <= 0.708) & pH <= 0.899)
",8099034217665475.000,0.899,0.000,1.000,0.000,0,0,24,0,0,24,24,0,0.0,0.0,1.0,0.0,0.0,1.0,1
"G[0,1](((Calcium >= 0.000 | Potassium <= 2.382) & DBP <= 4.339) & MAP >= 0.195)
",9999999.000,9999999.000,0.000,1.000,0.000,0,0,0,24,24,0,0,24,0.0,0.0,0.0,0.0,0.0,1.0,1
"G[1,2](PaCO2 <= 0.000 & SepsisLabel = 0.000)
",9999999.000,9999999.000,0.000,1.000,0.000,0,0,24,0,0,24,24,0,0.0,0.0,1.0,0.0,0.0,1.0,1
"G[1,2](Potassium > 0.156 & SepsisLabel = 0.000)
",9999999.000,9999999.000,0.000,1.000,0.000,0,0,1,23,23,1,1,23,0.0,0.0,1.0,0.0,0.0,1.0,1
"G[2,2](PaCO2 < 0.000 & SepsisLabel = 0.000)
",0.000,0.000,0.000,1.000,0.000,0,0,24,0,0,24,24,0,0.0,0.0,1.0,0.0,0.0,1.0,1
"G[0,2](((FiO2 >= 0.000 & FiO2 >= 0.000) | BaseExcess >= 0.000) | EtCO2 <= 0.000)
",9999999.000,9999999.000,0.000,1.000,0.000,0,0,24,0,0,24,24,0,0.0,0.0,1.0,0.0,0.0,1.0,1
"G[0,2](BaseExcess <= 0.000 & SepsisLabel = 0.000)
",9999999.000,9999999.000,0.000,1.000,0.000,0,0,24,0,0,24,24,0,0.0,0.0,1.0,0.0,0.0,1.0,1
"G[2,2](PaCO2 >= 0.000 & SepsisLabel = 0.000)
",0.000,0.000,0.000,1.000,0.000,0,0,24,0,0,24,24,0,0.0,0.0,1.0,0.0,0.0,1.0,1
"G[1,2](SBP >= 5.418 & SepsisLabel = 0.000)
",9999999.000,9999999.000,0.000,1.000,0.000,0,0,11,13,13,11,11,13,0.0,0.0,1.0,0.0,0.0,1.0,1
"G[0,2](BaseExcess > 0.000 -> SepsisLabel = 0.000)
",9999999.000,9999999.000,0.000,1.000,0.000,0,0,24,0,0,24,24,0,0.0,0.0,1.0,0.0,0.0,1.0,1
"G[0,2](O2Sat >= 8.375 -> SepsisLabel = 0.000)
",9999999.000,9999999.000,0.000,1.000,0.000,0,0,24,0,0,24,24,0,0.0,0.0,1.0,0.0,0.0,1.0,1
"G[2,2](SaO2 >= 0.000 -> SepsisLabel = 0.000)
",0.000,0.000,0.000,1.000,0.000,0,0,24,0,0,24,24,0,0.0,0.0,1.0,0.0,0.0,1.0,1
"G[1,2](Lactate > 0.000 -> SepsisLabel = 0.000)
",9999999.000,9999999.000,0.000,1.000,0.000,0,0,24,0,0,24,24,0,0.0,0.0,1.0,0.0,0.0,1.0,1
"G[0,2](SaO2 > 0.000 & SepsisLabel = 0.000)
",9999999.000,9999999.000,0.000,1.000,0.000,0,0,0,24,24,0,0,24,0.0,0.0,0.0,0.0,0.0,1.0,1
"G[1,2](TroponinI >= 0.004 & SepsisLabel = 0.000)
",9999999.000,9999999.000,0.000,1.000,0.000,0,0,2,22,22,2,2,22,0.0,0.0,1.0,0.0,0.0,1.0,1
"G[1,1](((Creatinine >= 0.017 | TroponinI <= 0.020) | Bilirubin_total <= 0.019) -> Bilirubin_total >= 0.004)
",-0.020,-0.020,0.000,1.000,0.000,0,0,0,24,24,0,0,24,0.0,0.0,0.0,0.0,0.0,1.0,1
"G[1,2](Creatinine >= 0.052 -> Platelets >= 3.602)
",9999999.000,9999999.000,0.000,1.000,0.000,0,0,23,1,1,23,23,1,0.0,0.0,1.0,0.0,0.0,1.0,1
"G[1,2](Calcium <= 5.171 -> Platelets >= 1.387)
",9999999.000,9999999.000,0.000,1.000,0.000,0,0,1,23,23,1,1,23,0.0,0.0,1.0,0.0,0.0,1.0,1
"F[0,2](Resp <= 5.863 | Magnesium <= 0.603)
",-9999999.000,-9999999.000,0.000,0.000,1.000,0,0,0,24,24,0,0,24,0.0,0.0,0.0,0.0,0.0,1.0,-1
"F[2,2]((Calcium >= 0.096 -> Bilirubin_direct >= 0.000) | BUN <= 0.000)
",0.000,0.000,0.000,0.000,1.000,0,0,0,24,24,0,0,24,0.0,0.0,0.0,0.0,0.0,1.0,-1
"((PTT >= 0.000) U[2,2] (Phosphate >= 0.000))
",0.000,0.000,0.000,0.000,1.000,0,0,0,24,24,0,0,24,0.0,0.0,0.0,0.0,0.0,1.0,-1
"F[0,1](((Potassium >= 0.017 -> Lactate <= 0.000) & Resp >= 0.000) -> Hct <= 0.000)
",-9999999.000,-9999999.000,0.000,0.000,1.000,0,0,0,24,24,0,0,24,0.0,0.0,0.0,0.0,0.0,1.0,-1
"F[2,2]((Bilirubin_direct <= 0.000 -> BUN >= 0.967) -> SaO2 >= 1.072)
",0.000,0.000,0.000,0.000,1.000,0,0,0,24,24,0,0,24,0.0,0.0,0.0,0.0,0.0,1.0,-1
"F[1,2]((MAP >= 8.068 -> AST >= 0.000) | Bilirubin_total <= 0.000)
",-9999999.000,-9999999.000,0.000,0.000,1.000,0,0,0,24,24,0,0,24,0.0,0.0,0.0,0.0,0.0,1.0,-1
"F[0,1]((Creatinine <= 1.319 & FiO2 >= 0.000) & Phosphate >= 0.000)
",-9999999.000,-9999999.000,0.000,0.000,1.000,0,0,0,24,24,0,0,24,0.0,0.0,0.0,0.0,0.0,1.0,-1
"F[1,2](((HCO3 <= 0.000 | Fibrinogen >= 0.000) | Magnesium <= 0.000) & Creatinine >= 0.000)
",-9999999.000,-9999999.000,0.000,0.000,1.000,0,0,0,24,24,0,0,24,0.0,0.0,0.0,0.0,0.0,1.0,-1
"F[0,0]((TroponinI >= 0.005 -> Magnesium <= 0.717) & FiO2 <= 0.847)
",-0.717,-0.717,0.000,0.000,1.000,0,0,0,24,24,0,0,24,0.0,0.0,0.0,0.0,0.0,1.0,-1
"F[0,2]((Temp <= 23.675 | Phosphate <= 0.000) -> Calcium <= 0.000)
",-9999999.000,-9999999.000,0.000,0.000,1.000,0,0,0,24,24,0,0,24,0.0,0.0,0.0,0.0,0.0,1.0,-1
"F[0,1](PTT >= 0.000 -> TroponinI <= 0.027)
",-9999999.000,-9999999.000,0.000,0.000,1.000,0,0,0,24,24,0,0,24,0.0,0.0,0.0,0.0,0.0,1.0,-1
"F[1,2](FiO2 >= 0.000 -> HR <= 60.852)
",-9999999.000,-9999999.000,0.000,0.000,1.000,0,0,0,24,24,0,0,24,0.0,0.0,0.0,0.0,0.0,1.0,-1
"F[0,2](((SepsisLabel <= 0.000 & SBP >= 8.949) -> Creatinine >= 15.931) -> Chloride >= 12.040)
",-9999999.000,-9999999.000,0.000,0.000,1.000,0,0,0,24,24,0,0,24,0.0,0.0,0.0,0.0,0.0,1.0,-1
"F[0,2](((SaO2 <= 0.000 & WBC <= 0.601) | Alkalinephos >= 0.228) & Alkalinephos >= 0.130)
",-9999999.000,-9999999.000,0.000,0.000,1.000,0,0,0,24,24,0,0,24,0.0,0.0,0.0,0.0,0.0,1.0,-1
"F[2,2](((BUN >= 0.086 | Alkalinephos <= 0.000) | Hct >= 0.000) | Hgb >= 0.000)
",0.000,0.000,0.000,0.000,1.000,0,0,0,24,24,0,0,24,0.0,0.0,0.0,0.0,0.0,1.0,-1
"F[1,2](((Alkalinephos <= 0.000 | Glucose <= 120.375) & Hct >= 4.506) | pH >= 4.900)
",-9999999.000,-9999999.000,0.000,0.000,1.000,0,0,0,24,24,0,0,24,0.0,0.0,0.0,0.0,0.0,1.0,-1
"F[0,1]((Alkalinephos <= 0.000 -> Potassium <= 2.623) | Creatinine >= 0.202)
",-9999999.000,-9999999.000,0.000,0.000,1.000,0,0,0,24,24,0,0,24,0.0,0.0,0.0,0.0,0.0,1.0,-1
"F[1,2](((Lactate <= 0.000 | Potassium <= 3.640) & WBC <= 2.072) -> Glucose <= 1.318)
",-9999999.000,-9999999.000,0.000,0.000,1.000,0,0,0,24,24,0,0,24,0.0,0.0,0.0,0.0,0.0,1.0,-1
"((Glucose <= 35.443) U[0,0] (AST <= 0.000))
",35.443,35.443,0.000,0.000,1.000,0,0,0,24,24,0,0,24,0.0,0.0,0.0,0.0,0.0,1.0,-1
"F[1,2](BaseExcess >= 0.000 & SBP >= 7.047)
",-9999999.000,-9999999.000,0.000,0.000,1.000,0,0,0,24,24,0,0,24,0.0,0.0,0.0,0.0,0.0,1.0,-1
"((Chloride >= 0.000) U[0,2] (Alkalinephos <= 0.000))
",-9999999.000,-9999999.000,0.000,0.000,1.000,0,0,0,24,24,0,0,24,0.0,0.0,0.0,0.0,0.0,1.0,-1
"F[1,2]((Calcium <= 3.803 & Chloride <= 0.000) | BaseExcess <= 0.000)
",-9999999.000,-9999999.000,0.000,0.000,1.000,0,0,0,24,24,0,0,24,0.0,0.0,0.0,0.0,0.0,1.0,-1
"((Alkalinephos >= 0.000) U[0,2] (WBC <= 5.748))
",-9999999.000,-9999999.000,0.000,0.000,1.000,0,0,0,24,24,0,0,24,0.0,0.0,0.0,0.0,0.0,1.0,-1
"F[0,2](((Glucose <= 126.539 & Chloride >= 0.000) -> Potassium >= 0.000) | HR <= 0.000)
",-9999999.000,-9999999.000,0.000,0.000,1.000,0,0,0,24,24,0,0,24,0.0,0.0,0.0,0.0,0.0,1.0,-1
"F[0,1](Magnesium <= 1.014 | AST <= 0.000)
",-9999999.000,-9999999.000,0.000,0.000,1.000,0,0,0,24,24,0,0,24,0.0,0.0,0.0,0.0,0.0,1.0,-1
"F[2,2](((Potassium <= 0.638 & TroponinI <= 0.036) & O2Sat <= 0.136) -> EtCO2 <= 0.119)
",-0.119,-0.119,0.000,0.000,1.000,0,0,0,24,24,0,0,24,0.0,0.0,0.0,0.0,0.0,1.0,-1
"F[2,2]((Magnesium >= 0.058 -> PTT <= 0.000) & Resp >= 0.000)
",0.000,0.000,0.000,0.000,1.000,0,0,0,24,24,0,0,24,0.0,0.0,0.0,0.0,0.0,1.0,-1
"F[0,1]((SaO2 <= 0.000 & PTT <= 0.000) -> FiO2 <= 0.000)
",-9999999.000,-9999999.000,0.000,0.000,1.000,0,0,0,24,24,0,0,24,0.0,0.0,0.0,0.0,0.0,1.0,-1
"F[0,2]((EtCO2 <= 0.000 -> O2Sat >= 18.991) & Fibrinogen <= 49.838)
",-9999999.000,-9999999.000,0.000,0.000,1.000,0,0,0,24,24,0,0,24,0.0,0.0,0.0,0.0,0.0,1.0,-1
"((PTT <= 0.000) U[2,2] (Platelets >= 4.055))
",0.000,0.000,0.000,0.000,1.000,0,0,0,24,24,0,0,24,0.0,0.0,0.0,0.0,0.0,1.0,-1
"F[2,2](Creatinine >= 0.027 -> Platelets >= 3.625)
",0.027,0.027,0.000,0.000,1.000,0,0,0,24,24,0,0,24,0.0,0.0,0.0,0.0,0.0,1.0,-1
"((Hgb >= 0.026) U[1,2] (Hct >= 0.143))
",-9999999.000,-9999999.000,0.000,0.000,1.000,0,0,0,24,24,0,0,24,0.0,0.0,0.0,0.0,0.0,1.0,-1
"F[1,1](((BaseExcess >= 0.000 & DBP >= 13.723) -> WBC >= 13.221) | DBP >= 4.051)
",7442672190602356.000,13.221,0.000,0.000,1.000,0,0,0,24,24,0,0,24,0.0,0.0,0.0,0.0,0.0,1.0,-1
"F[0,1](((Magnesium >= 0.038 | DBP <= 71.565) & BUN >= 7.812) -> MAP <= 36.387)
",-9999999.000,-9999999.000,0.000,0.000,1.000,0,0,0,24,24,0,0,24,0.0,0.0,0.0,0.0,0.0,1.0,-1
"F[2,2](Hgb <= 3.619 | Hct <= 16.567)
",16.567,16.567,0.000,0.000,1.000,0,0,0,24,24,0,0,24,0.0,0.0,0.0,0.0,0.0,1.0,-1
"F[0,2](Lactate <= 0.000 -> Phosphate <= 0.000)
",-9999999.000,-9999999.000,0.000,0.000,1.000,0,0,0,24,24,0,0,24,0.0,0.0,0.0,0.0,0.0,1.0,-1
"F[1,1](((Resp <= 12.620 -> SBP <= 49.129) | BaseExcess <= 81.069) | BaseExcess <= 71.511)
",81.069,81.069,0.000,0.000,1.000,0,0,0,24,24,0,0,24,0.0,0.0,0.0,0.0,0.0,1.0,-1
"F[0,2](((Lactate >= 0.000 & Bilirubin_total <= 0.000) -> PaCO2 <= 0.000) | PaCO2 <= 0.000)
",-9999999.000,-9999999.000,0.000,0.000,1.000,0,0,0,24,24,0,0,24,0.0,0.0,0.0,0.0,0.0,1.0,-1
"F[0,1](O2Sat >= 3.489 -> PTT >= 0.000)
",-9999999.000,-9999999.000,0.000,0.000,1.000,0,0,0,24,24,0,0,24,0.0,0.0,0.0,0.0,0.0,1.0,-1
"F[0,1]((O2Sat <= 80.029 | Fibrinogen <= 0.000) -> HCO3 <= 0.000)
",-9999999.000,-9999999.000,0.000,0.000,1.000,0,0,0,24,24,0,0,24,0.0,0.0,0.0,0.0,0.0,1.0,-1
"F[1,2](((Glucose >= 7.240 & SBP <= 87.167) & Chloride >= 23.808) & TroponinI >= 29.745)
",-9999999.000,-9999999.000,0.000,0.000,1.000,0,0,0,24,24,0,0,24,0.0,0.0,0.0,0.0,0.0,1.0,-1
"((pH >= 0.000) U[0,1] (Bilirubin_total >= 0.000))
",-9999999.000,-9999999.000,0.000,0.000,1.000,0,0,0,24,24,0,0,24,0.0,0.0,0.0,0.0,0.0,1.0,-1
"F[0,1]((Creatinine >= 0.062 & Lactate <= 0.000) -> Platelets <= 0.000)
",-9999999.000,-9999999.000,0.000,0.000,1.000,0,0,0,24,24,0,0,24,0.0,0.0,0.0,0.0,0.0,1.0,-1
"G[0,2]((pH <= 0.000 | SBP <= 98.611) & Resp >= 12.236)
",9999999.000,9999999.000,0.000,1.000,0.000,0,0,1,23,23,1,1,23,0.0,0.0,1.0,0.0,0.0,1.0,1
"((pH <= 0.000) U[1,2] (Hct <= 26.754))
",-9999999.000,-9999999.000,0.000,0.000,1.000,0,0,0,24,24,0,0,24,0.0,0.0,0.0,0.0,0.0,1.0,-1
"F[0,2]((Platelets >= 0.307 & Glucose >= 20.526) | BaseExcess >= 6.078)
",-9999999.000,-9999999.000,0.000,0.000,1.000,0,0,0,24,24,0,0,24,0.0,0.0,0.0,0.0,0.0,1.0,-1
"((Bilirubin_total <= 0.000) U[0,1] (EtCO2 >= 0.000))
",-9999999.000,-9999999.000,0.000,0.000,1.000,0,0,0,24,24,0,0,24,0.0,0.0,0.0,0.0,0.0,1.0,-1
"F[0,2](PTT >= 0.000 | Fibrinogen <= 0.000)
",-9999999.000,-9999999.000,0.000,0.000,1.000,0,0,0,24,24,0,0,24,0.0,0.0,0.0,0.0,0.0,1.0,-1
"F[1,2](((Magnesium <= 0.847 | Hct >= 0.349) & TroponinI <= 27.072) & Creatinine >= 0.785)
",-9999999.000,-9999999.000,0.000,0.000,1.000,0,0,0,24,24,0,0,24,0.0,0.0,0.0,0.0,0.0,1.0,-1
"F[0,2](((Platelets >= 1.332 | BaseExcess >= 0.000) -> Calcium <= 0.000) | BaseExcess >= 0.000)
",-9999999.000,-9999999.000,0.000,0.000,1.000,0,0,0,24,24,0,0,24,0.0,0.0,0.0,0.0,0.0,1.0,-1
"F[0,1](((BaseExcess <= 0.000 -> FiO2 >= 0.000) & Hct <= 0.000) & SepsisLabel <= 0.000)
",-9999999.000,-9999999.000,0.000,0.000,1.000,0,0,0,24,24,0,0,24,0.0,0.0,0.0,0.0,0.0,1.0,-1
"F[1,1](WBC >= 0.022 -> SepsisLabel >= 0.000)
",0.000,0.000,0.000,0.000,1.000,0,0,0,24,24,0,0,24,0.0,0.0,0.0,0.0,0.0,1.0,-1
"F[2,2]((BUN >= 1.031 & HCO3 <= 0.000) -> Fibrinogen <= 0.000)
",0.000,0.000,0.000,0.000,1.000,0,0,0,24,24,0,0,24,0.0,0.0,0.0,0.0,0.0,1.0,-1
"F[1,2]((Creatinine <= 1.433 & Temp <= 29.886) | PTT >= 3.890)
",-9999999.000,-9999999.000,0.000,0.000,1.000,0,0,0,24,24,0,0,24,0.0,0.0,0.0,0.0,0.0,1.0,-1
"F[1,2]((BUN >= 1.648 | BaseExcess <= 0.000) -> Phosphate <= 0.000)
",-9999999.000,-9999999.000,0.000,0.000,1.000,0,0,0,24,24,0,0,24,0.0,0.0,0.0,0.0,0.0,1.0,-1
"F[0,2](((Temp >= 1.640 -> EtCO2 <= 0.000) | O2Sat <= 0.000) -> Resp <= 0.000)
",-9999999.000,-9999999.000,0.000,0.000,1.000,0,0,0,24,24,0,0,24,0.0,0.0,0.0,0.0,0.0,1.0,-1
"F[2,2](Lactate >= 0.000 -> Alkalinephos >= 0.000)
",0.000,0.000,0.000,0.000,1.000,0,0,0,24,24,0,0,24,0.0,0.0,0.0,0.0,0.0,1.0,-1
"G[0,2](((Calcium <= 0.803 -> Glucose <= 128.243) & Creatinine >= 3.833) -> Fibrinogen <= 48.554)
",9999999.000,9999999.000,0.000,1.000,0.000,0,0,24,0,0,24,24,0,0.0,0.0,1.0,0.0,0.0,1.0,1
"G[0,2](Chloride <= 0.000 & SaO2 >= 0.000)
",9999999.000,9999999.000,0.000,1.000,0.000,0,0,24,0,0,24,24,0,0.0,0.0,1.0,0.0,0.0,1.0,1
"G[1,2](((Glucose >= 14.294 -> FiO2 >= 0.000) & Alkalinephos <= 0.000) & Phosphate >= 0.000)
",9999999.000,9999999.000,0.000,1.000,0.000,0,0,24,0,0,24,24,0,0.0,0.0,1.0,0.0,0.0,1.0,1
"G[0,2](SBP >= 7.257 & Bilirubin_total <= 0.000)
",9999999.000,9999999.000,0.000,1.000,0.000,0,0,1,23,23,1,1,23,0.0,0.0,1.0,0.0,0.0,1.0,1
"G[1,2](Hgb >= 0.144 | MAP >= 12.849)
",9999999.000,9999999.000,0.000,1.000,0.000,0,0,9,15,15,9,9,15,0.0,0.0,1.0,0.0,0.0,1.0,1
"G[1,2]((AST <= 0.000 | TroponinI <= 0.034) & BUN <= 0.129)
",9999999.000,9999999.000,0.000,1.000,0.000,0,0,23,1,1,23,23,1,0.0,0.0,1.0,0.0,0.0,1.0,1
"G[0,2]((TroponinI >= 0.002 | PaCO2 <= 0.000) & pH <= 0.000)
",9999999.000,9999999.000,0.000,1.000,0.000,0,0,24,0,0,24,24,0,0.0,0.0,1.0,0.0,0.0,1.0,1
"G[2,2](((TroponinI >= 0.001 & Temp >= 0.380) & Chloride >= 6.224) | WBC >= 2.512)
",-2.512,-2.512,0.000,1.000,0.000,0,0,24,0,0,24,24,0,0.0,0.0,1.0,0.0,0.0,1.0,1
"G[0,2]((PaCO2 <= 0.000 | PaCO2 <= 0.000) | Calcium <= 0.000)
",9999999.000,9999999.000,0.000,1.000,0.000,0,0,24,0,0,24,24,0,0.0,0.0,1.0,0.0,0.0,1.0,1
"G[2,2]((SBP >= 7.639 | O2Sat >= 25.193) & AST <= 47.028)
",-7.639,-7.639,0.000,1.000,0.000,0,0,24,0,0,24,24,0,0.0,0.0,1.0,0.0,0.0,1.0,1
"G[0,2]((SepsisLabel >= 0.000 -> HCO3 >= 0.000) & HR <= 0.000)
",9999999.000,9999999.000,0.000,1.000,0.000,0,0,11,13,13,11,11,13,0.0,0.0,1.0,0.0,0.0,1.0,1
"G[1,2](Chloride <= 0.000 & pH <= 0.000)
",9999999.000,9999999.000,0.000,1.000,0.000,0,0,24,0,0,24,24,0,0.0,0.0,1.0,0.0,0.0,1.0,1
"G[2,2]((MAP <= 66.086 & Bilirubin_total >= 0.000) -> Platelets <= 0.000)
",0.000,0.000,0.000,1.000,0.000,0,0,24,0,0,24,24,0,0.0,0.0,1.0,0.0,0.0,1.0,1
"G[0,2]((Glucose <= 122.902 | WBC >= 0.071) & EtCO2 <= 1.458)
",9999999.000,9999999.000,0.000,1.000,0.000,0,0,20,4,4,20,20,4,0.0,0.0,1.0,0.0,0.0,1.0,1
"G[1,2](Hgb >= 0.115 -> Resp >= 1.698)
",9999999.000,9999999.000,0.000,1.000,0.000,0,0,24,0,0,24,24,0,0.0,0.0,1.0,0.0,0.0,1.0,1
"G[1,2](O2Sat >= 25.282 & WBC <= 1.493)
",9999999.000,9999999.000,0.000,1.000,0.000,0,0,10,14,14,10,10,14,0.0,0.0,1.0,0.0,0.0,1.0,1
"G[0,2](((Glucose >= 9.336 | Platelets <= 140.207) | Phosphate >= 4.816) | WBC >= 3.559)
",9999999.000,9999999.000,0.000,1.000,0.000,0,0,24,0,0,24,24,0,0.0,0.0,1.0,0.0,0.0,1.0,1
"G[0,2](HR >= 1.157 -> WBC >= 0.251)
",9999999.000,9999999.000,0.000,1.000,0.000,0,0,11,13,13,11,11,13,0.0,0.0,1.0,0.0,0.0,1.0,1
"G[0,2](((Hgb >= 0.138 & HR <= 22.744) | HCO3 <= 28.731) | PaCO2 >= 20.570)
",9999999.000,9999999.000,0.000,1.000,0.000,0,0,24,0,0,24,24,0,0.0,0.0,1.0,0.0,0.0,1.0,1
"G[1,2]((Calcium <= 7.012 | Temp <= 35.113) -> Bilirubin_total <= 29.397)
",9999999.000,9999999.000,0.000,1.000,0.000,0,0,24,0,0,24,24,0,0.0,0.0,1.0,0.0,0.0,1.0,1
"G[0,2](((Potassium >= 0.104 -> Temp >= 5.169) | HCO3 <= 19.491) -> SBP >= 6.157)
",9999999.000,9999999.000,0.000,1.000,0.000,0,0,1,23,23,1,1,23,0.0,0.0,1.0,0.0,0.0,1.0,1
"G[2,2]((Hgb >= 0.173 & SBP <= 70.571) -> BUN <= 80.950)
",-80.950,-80.950,0.000,1.000,0.000,0,0,24,0,0,24,24,0,0.0,0.0,1.0,0.0,0.0,1.0,1
"G[1,2]((Hct >= 0.162 -> SBP >= 28.226) -> DBP <= 95.773)
",9999999.000,9999999.000,0.000,1.000,0.000,0,0,24,0,0,24,24,0,0.0,0.0,1.0,0.0,0.0,1.0,1
"G[2,2](((DBP >= 16.482 | Hgb >= 0.294) | Lactate <= 10.629) -> Temp <= 2.522)
",-10.629,-10.629,0.000,1.000,0.000,0,0,24,0,0,24,24,0,0.0,0.0,1.0,0.0,0.0,1.0,1
"G[0,0](((Glucose >= 10.138 & Magnesium <= 0.577) -> Phosphate <= 1.659) & Lactate >= 0.030)
",-3.942,-1.575,0.000,1.000,0.000,0,0,0,24,24,0,0,24,0.0,0.0,0.0,0.0,0.0,1.0,1
"G[1,2](Glucose >= 5.364 -> O2Sat >= 11.333)
",9999999.000,9999999.000,0.000,1.000,0.000,0,0,24,0,0,24,24,0,0.0,0.0,1.0,0.0,0.0,1.0,1
"G[1,2](Glucose <= 71.021 -> Potassium <= 4.228)
",9999999.000,9999999.000,0.000,1.000,0.000,0,0,24,0,0,24,24,0,0.0,0.0,1.0,0.0,0.0,1.0,1
"G[1,2](((Creatinine <= 0.408 & HR <= 64.310) -> Platelets >= 11.806) | Platelets >= 5.862)
",9999999.000,9999999.000,0.000,1.000,0.000,0,0,10,14,14,10,10,14,0.0,0.0,1.0,0.0,0.0,1.0,1
"G[0,1](((Chloride >= 0.000 & Calcium <= 4.464) -> EtCO2 <= 3.725) & Phosphate >= 0.064)
",9999999.000,9999999.000,0.000,1.000,0.000,0,0,0,24,24,0,0,24,0.0,0.0,0.0,0.0,0.0,1.0,1
"F[1,2]((Alkalinephos <= 0.000 & Magnesium >= 0.064) | Calcium <= 2.137)
",-9999999.000,-9999999.000,0.000,0.000,1.000,0,0,0,24,24,0,0,24,0.0,0.0,0.0,0.0,0.0,1.0,-1
"G[0,2](Hct <= 28.725 & Chloride <= 0.000)
",9999999.000,9999999.000,0.000,1.000,0.000,0,0,22,2,2,22,22,2,0.0,0.0,1.0,0.0,0.0,1.0,1
"F[0,2](((BUN <= 36.156 -> PTT >= 0.000) -> SaO2 <= 0.000) -> BUN >= 0.000)
",-9999999.000,-9999999.000,0.000,0.000,1.000,0,0,0,24,24,0,0,24,0.0,0.0,0.0,0.0,0.0,1.0,-1
"((pH <= 0.000) U[1,1] (SepsisLabel <= 0.000))
",0.000,0.000,0.000,0.000,1.000,0,0,0,24,24,0,0,24,0.0,0.0,0.0,0.0,0.0,1.0,-1
"F[1,2]((Bilirubin_direct <= 0.000 & Lactate <= 0.000) -> pH <= 0.000)
",-9999999.000,-9999999.000,0.000,0.000,1.000,0,0,0,24,24,0,0,24,0.0,0.0,0.0,0.0,0.0,1.0,-1
"G[0,2](((Chloride <= 0.000 | DBP <= 43.863) & FiO2 >= 14.540) | pH >= 17.332)
",9999999.000,9999999.000,0.000,1.000,0.000,0,0,0,24,24,0,0,24,0.0,0.0,0.0,0.0,0.0,1.0,1
"G[1,2](((SepsisLabel <= 0.000 | Glucose >= 3.537) & Hct <= 121.102) & Phosphate <= 46.904)
",9999999.000,9999999.000,0.000,1.000,0.000,0,0,24,0,0,24,24,0,0.0,0.0,1.0,0.0,0.0,1.0,1
"G[1,2]((Creatinine >= 0.020 | SepsisLabel >= 0.000) & Fibrinogen >= 0.000)
",9999999.000,9999999.000,0.000,1.000,0.000,0,0,24,0,0,24,24,0,0.0,0.0,1.0,0.0,0.0,1.0,1
"G[0,2](WBC <= 6.238 | TroponinI <= 0.044)
",9999999.000,9999999.000,0.000,1.000,0.000,0,0,24,0,0,24,24,0,0.0,0.0,1.0,0.0,0.0,1.0,1
"G[1,2](Creatinine <= 1.049 -> HR <= 72.590)
",9999999.000,9999999.000,0.000,1.000,0.000,0,0,18,6,6,18,18,6,0.0,0.0,1.0,0.0,0.0,1.0,1
"G[2,2](Glucose >= 5.933 & Platelets >= 1.284)
",-5.933,-5.933,0.000,1.000,0.000,0,0,24,0,0,24,24,0,0.0,0.0,1.0,0.0,0.0,1.0,1
"G[0,1]((DBP <= 54.779 -> BUN <= 28.568) & Bilirubin_total >= 0.047)
",9999999.000,9999999.000,0.000,1.000,0.000,0,0,0,24,24,0,0,24,0.0,0.0,0.0,0.0,0.0,1.0,1
"G[0,2](((Glucose <= 102.283 & SepsisLabel <= 0.000) | pH <= 0.000) -> BUN <= 0.000)
",9999999.000,9999999.000,0.000,1.000,0.000,0,0,22,2,2,22,22,2,0.0,0.0,1.0,0.0,0.0,1.0,1
"G[0,1](((HCO3 >= 0.000 | HR >= 17.728) -> HCO3 >= 16.964) & MAP >= 4.513)
",9999999.000,9999999.000,0.000,1.000,0.000,0,0,0,24,24,0,0,24,0.0,0.0,0.0,0.0,0.0,1.0,1
"G[0,2](((SBP >= 6.608 & PaCO2 <= 0.000) | Creatinine >= 0.000) -> BaseExcess <= 0.000)
",9999999.000,9999999.000,0.000,1.000,0.000,0,0,24,0,0,24,24,0,0.0,0.0,1.0,0.0,0.0,1.0,1
"G[0,2](((Lactate <= 0.000 & WBC <= 2.906) & Potassium >= 0.096) | AST <= 2.329)
",9999999.000,9999999.000,0.000,1.000,0.000,0,0,24,0,0,24,24,0,0.0,0.0,1.0,0.0,0.0,1.0,1
"G[0,2](((SBP <= 70.040 & SaO2 <= 0.000) & BaseExcess <= 0.000) | WBC <= 0.000)
",9999999.000,9999999.000,0.000,1.000,0.000,0,0,24,0,0,24,24,0,0.0,0.0,1.0,0.0,0.0,1.0,1
"G[1,2](O2Sat >= 21.638 -> SaO2 >= 0.000)
",9999999.000,9999999.000,0.000,1.000,0.000,0,0,24,0,0,24,24,0,0.0,0.0,1.0,0.0,0.0,1.0,1
"G[0,0](((Glucose >= 1.579 | DBP <= 66.686) -> Resp >= 10.263) & BaseExcess >= 18.836)
",-16.751,-65.111,0.000,1.000,0.000,0,0,0,24,24,0,0,24,0.0,0.0,0.0,0.0,0.0,1.0,1
"G[1,2]((HR <= 65.551 | PTT >= 0.000) | Lactate <= 0.000)
",9999999.000,9999999.000,0.000,1.000,0.000,0,0,24,0,0,24,24,0,0.0,0.0,1.0,0.0,0.0,1.0,1
"G[0,2](((BUN >= 1.727 | DBP >= 19.787) & DBP <= 26.226) & EtCO2 <= 32.554)
",9999999.000,9999999.000,0.000,1.000,0.000,0,0,0,24,24,0,0,24,0.0,0.0,0.0,0.0,0.0,1.0,1
"G[2,2](((EtCO2 >= 0.000 -> O2Sat >= 17.937) | Alkalinephos <= 71.852) & TroponinI >= 2.312)
",-2.312,-2.312,0.000,1.000,0.000,0,0,24,0,0,24,24,0,0.0,0.0,1.0,0.0,0.0,1.0,1
"G[0,2](((Temp >= 8.351 | SepsisLabel <= 0.000) | DBP >= 0.000) & TroponinI <= 0.000)
",9999999.000,9999999.000,0.000,1.000,0.000,0,0,22,2,2,22,22,2,0.0,0.0,1.0,0.0,0.0,1.0,1
"G[1,2](Chloride >= 0.000 & pH <= 0.000)
",9999999.000,9999999.000,0.000,1.000,0.000,0,0,24,0,0,24,24,0,0.0,0.0,1.0,0.0,0.0,1.0,1
"G[0,2](Creatinine >= 0.030 | BUN <= 25.602)
",9999999.000,9999999.000,0.000,1.000,0.000,0,0,24,0,0,24,24,0,0.0,0.0,1.0,0.0,0.0,1.0,1
"G[0,1](((Magnesium >= 0.054 | Temp >= 1.961) -> Bilirubin_total <= 19.789) & SepsisLabel >= 4.566)
",9999999.000,9999999.000,0.000,1.000,0.000,0,0,0,24,24,0,0,24,0.0,0.0,0.0,0.0,0.0,1.0,1
"G[0,2](((Hgb <= 5.677 | PaCO2 >= 0.000) | BUN >= 0.000) & FiO2 >= 0.000)
",9999999.000,9999999.000,0.000,1.000,0.000,0,0,24,0,0,24,24,0,0.0,0.0,1.0,0.0,0.0,1.0,1
"((DBP >= 17.355) U[0,2] (TroponinI <= 0.137))
",-9999999.000,-9999999.000,0.000,0.000,1.000,0,0,0,24,24,0,0,24,0.0,0.0,0.0,0.0,0.0,1.0,-1
