Rule,Discrimination Score,Pos Robustness,Neg Robustness,Percent Class +,Percent Class -,TP,TN,FP,FN,Actual Yes,Actual No,Predicted Yes,Predicted No,TPR/Sens,TNR/Spec,FPR,Precision,Accuracy,MCR,Class
"G[0,0]((O2Sat <= 95.930 | Chloride <= 0.000) | Bilirubin_total <= 0.000)
",0.546,15.486,0.000,1.000,0.000,20,0,0,0,20,0,20,0,1.0,0.0,0.0,1.0,1.0256410256410255,-0.02564102564102555,1
"G[0,0]((Hgb >= 0.132 & O2Sat >= 69.649) | AST <= 95.315)
",6707200326195444.000,95.315,0.000,1.000,0.000,20,0,0,0,20,0,20,0,1.0,0.0,0.0,1.0,1.0256410256410255,-0.02564102564102555,1
"F[0,0]((BaseExcess <= 0.000 & Creatinine <= 0.049) & pH >= 0.010)
",-0.010,-0.010,0.000,0.000,1.000,20,0,0,0,20,0,20,0,1.0,0.0,0.0,1.0,1.0256410256410255,-0.02564102564102555,-1
"F[0,0]((SBP <= 145.588 | Temp >= 4.619) -> Alkalinephos >= 6.356)
",-6.970,-128.146,0.000,0.000,1.000,20,0,0,0,20,0,20,0,1.0,0.0,0.0,1.0,1.0256410256410255,-0.02564102564102555,-1
"G[0,0]((pH >= 0.000 -> Bilirubin_direct <= 0.000) | Platelets >= 0.000)
",0.000,0.000,0.000,1.000,0.000,20,0,0,0,20,0,20,0,1.0,0.0,0.0,1.0,1.0256410256410255,-0.02564102564102555,1
"F[0,0]((Alkalinephos <= 0.000 | DBP >= 32.865) -> PTT >= 23.808)
",-2.421,-42.226,0.000,0.000,1.000,20,0,0,0,20,0,20,0,1.0,0.0,0.0,1.0,1.0256410256410255,-0.02564102564102555,-1
"G[0,0]((EtCO2 >= 0.000 | TroponinI >= 0.000) -> Phosphate <= 0.000)
",-2.158,-14.737,0.000,1.000,0.000,20,0,0,0,20,0,20,0,1.0,0.0,0.0,1.0,1.0256410256410255,-0.02564102564102555,1
"G[0,0](((FiO2 >= 0.000 -> EtCO2 >= 0.000) & TroponinI >= 0.000) -> PaCO2 <= 0.000)
",0.000,0.000,0.000,1.000,0.000,20,0,0,0,20,0,20,0,1.0,0.0,0.0,1.0,1.0256410256410255,-0.02564102564102555,1
"G[0,0](((Creatinine <= 0.540 | Alkalinephos <= 0.000) | Phosphate <= 0.000) & PTT >= 0.000)
",0.236,0.028,0.000,1.000,0.000,20,0,0,0,20,0,20,0,1.0,0.0,0.0,1.0,1.0256410256410255,-0.02564102564102555,1
"F[0,0](((Calcium < 3.322 & Potassium < 0.795) & Magnesium < 1.699) & Phosphate < 0.000)
",-0.236,-0.116,0.000,0.000,1.000,20,0,0,0,20,0,20,0,1.0,0.0,0.0,1.0,1.0256410256410255,-0.02564102564102555,-1
"G[0,0](Chloride >= 0.000 & HCO3 >= 0.000)
",0.000,0.000,0.000,1.000,0.000,20,0,0,0,20,0,20,0,1.0,0.0,0.0,1.0,1.0256410256410255,-0.02564102564102555,1
"G[0,0](((BaseExcess <= 0.000 | FiO2 >= 0.000) | HCO3 >= 0.000) -> Calcium >= 0.000)
",0.000,0.000,0.000,1.000,0.000,20,0,0,0,20,0,20,0,1.0,0.0,0.0,1.0,1.0256410256410255,-0.02564102564102555,1
"G[0,0](MAP >= 54.167 | HR <= 110.656)
",1.351,51.465,0.000,1.000,0.000,20,0,0,0,20,0,20,0,1.0,0.0,0.0,1.0,1.0256410256410255,-0.02564102564102555,1
"G[0,0](PTT >= 0.000 & SepsisLabel = 0.000)
",-0.236,-10.211,0.000,1.000,0.000,20,0,0,0,20,0,20,0,1.0,0.0,0.0,1.0,1.0256410256410255,-0.02564102564102555,1
"G[0,0](((SepsisLabel >= 0.000 & DBP <= 86.563) & Lactate >= 20.505) | PTT <= 87.295)
",30.547,86.627,0.000,1.000,0.000,20,0,0,0,20,0,20,0,1.0,0.0,0.0,1.0,1.0256410256410255,-0.02564102564102555,1
"G[0,0](((Glucose <= 87.971 | Resp <= 21.057) | Creatinine >= 11.306) | Resp <= 16.285)
",6190434933505036.000,87.971,0.000,1.000,0.000,20,0,0,0,20,0,20,0,1.0,0.0,0.0,1.0,1.0256410256410255,-0.02564102564102555,1
"G[0,0]((PTT <= 0.000 -> AST <= 0.000) & Fibrinogen <= 0.000)
",-0.236,-0.321,0.000,1.000,0.000,20,0,0,0,20,0,20,0,1.0,0.0,0.0,1.0,1.0256410256410255,-0.02564102564102555,1
"F[0,1]((Temp <= 18.377 & Hct >= 0.567) & SepsisLabel <= 23.430)
",-9999999.000,-9999999.000,0.000,0.000,1.000,19,0,0,1,20,0,19,1,0.95,0.0,0.0,1.0,0.9743589743589743,0.02564102564102566,-1
"((FiO2 < 0.000) U[1,1] (SepsisLabel = 0.000))
",0.000,0.000,0.000,0.000,1.000,19,0,0,1,20,0,19,1,0.95,0.0,0.0,1.0,0.9743589743589743,0.02564102564102566,-1
"F[1,1]((Calcium <= 5.506 & Potassium <= 3.093) & Magnesium >= 0.018)
",-5197791374588775.000,-0.018,0.000,0.000,1.000,19,0,0,1,20,0,19,1,0.95,0.0,0.0,1.0,0.9743589743589743,0.02564102564102566,-1
"G[0,1]((Resp <= 21.391 | SaO2 <= 0.000) | HR <= 0.000)
",9999999.000,9999999.000,0.000,1.000,0.000,19,0,1,0,19,1,20,0,1.0,0.0,1.0,0.95,0.9743589743589743,0.02564102564102566,1
"F[0,1]((Magnesium >= 0.039 | Hct <= 30.983) & SaO2 >= 0.466)
",-9999999.000,-9999999.000,0.000,0.000,1.000,19,0,0,1,20,0,19,1,0.95,0.0,0.0,1.0,0.9743589743589743,0.02564102564102566,-1
"G[1,1]((Temp >= 7.344 | BUN >= 0.201) -> Fibrinogen <= 9.439)
",-9.439,-9.439,0.000,1.000,0.000,19,0,1,0,19,1,20,0,1.0,0.0,1.0,0.95,0.9743589743589743,0.02564102564102566,1
"G[0,1](Alkalinephos <= 0.000 & Alkalinephos <= 0.000)
",9999999.000,9999999.000,0.000,1.000,0.000,19,0,1,0,19,1,20,0,1.0,0.0,1.0,0.95,0.9743589743589743,0.02564102564102566,1
"G[0,1](Chloride >= 0.000 & HCO3 >= 0.000)
",9999999.000,9999999.000,0.000,1.000,0.000,19,0,1,0,19,1,20,0,1.0,0.0,1.0,0.95,0.9743589743589743,0.02564102564102566,1
"G[1,1](PaCO2 <= 0.000 -> PTT >= 0.000)
",0.000,0.000,0.000,1.000,0.000,19,0,1,0,19,1,20,0,1.0,0.0,1.0,0.95,0.9743589743589743,0.02564102564102566,1
"G[0,1](((Lactate >= 0.000 | Phosphate <= 0.000) -> HR <= 0.000) -> DBP >= 0.000)
",9999999.000,9999999.000,0.000,1.000,0.000,19,0,1,0,19,1,20,0,1.0,0.0,1.0,0.95,0.9743589743589743,0.02564102564102566,1
"G[0,1]((Phosphate >= 0.000 | Fibrinogen <= 0.000) | Hgb <= 0.000)
",9999999.000,9999999.000,0.000,1.000,0.000,19,0,1,0,19,1,20,0,1.0,0.0,1.0,0.95,0.9743589743589743,0.02564102564102566,1
"G[0,1]((O2Sat <= 99.170 & Phosphate >= 0.000) | FiO2 >= 0.000)
",9999999.000,9999999.000,0.000,1.000,0.000,19,0,1,0,19,1,20,0,1.0,0.0,1.0,0.95,0.9743589743589743,0.02564102564102566,1
"F[1,1]((Fibrinogen <= 0.000 | Glucose <= 104.956) & EtCO2 >= 9.776)
",-9.776,-9.776,0.000,0.000,1.000,19,0,0,1,20,0,19,1,0.95,0.0,0.0,1.0,0.9743589743589743,0.02564102564102566,-1
"F[0,1](((O2Sat <= 94.380 | Potassium >= 0.041) -> Resp >= 0.008) & FiO2 >= 0.012)
",-9999999.000,-9999999.000,0.000,0.000,1.000,19,0,0,1,20,0,19,1,0.95,0.0,0.0,1.0,0.9743589743589743,0.02564102564102566,-1
"F[1,1]((Platelets >= 2.777 & Chloride <= 0.000) & EtCO2 <= 0.000)
",-2.777,-2.777,0.000,0.000,1.000,19,0,0,1,20,0,19,1,0.95,0.0,0.0,1.0,0.9743589743589743,0.02564102564102566,-1
"G[0,1](((Hct <= 25.458 -> O2Sat <= 95.070) & Chloride >= 5.846) | Phosphate <= 93.734)
",9999999.000,9999999.000,0.000,1.000,0.000,19,0,1,0,19,1,20,0,1.0,0.0,1.0,0.95,0.9743589743589743,0.02564102564102566,1
"F[0,0]((SBP >= 34.580 | Calcium <= 6.270) -> Hct >= 0.093)
",-7059879053510030.000,-6.270,0.000,0.000,1.000,19,0,0,1,20,0,19,1,0.95,0.0,0.0,1.0,0.9743589743589743,0.02564102564102566,-1
"F[1,1](((Calcium < 1.170 & Potassium < 0.638) & Magnesium < 0.364) & Phosphate < 0.000)
",0.000,0.000,0.000,0.000,1.000,19,0,0,1,20,0,19,1,0.95,0.0,0.0,1.0,0.9743589743589743,0.02564102564102566,-1
"F[0,1](((HR >= 27.576 & WBC <= 5.791) & WBC >= 0.108) & BaseExcess >= 0.146)
",-9999999.000,-9999999.000,0.000,0.000,1.000,19,0,0,1,20,0,19,1,0.95,0.0,0.0,1.0,0.9743589743589743,0.02564102564102566,-1
"F[0,1]((Calcium <= 0.846 & Potassium <= 0.478) & Magnesium >= 0.046)
",-9999999.000,-9999999.000,0.000,0.000,1.000,19,0,0,1,20,0,19,1,0.95,0.0,0.0,1.0,0.9743589743589743,0.02564102564102566,-1
"F[0,1](((Calcium < 0.961 & Potassium < 3.063) & Magnesium < 1.522) & Phosphate < 0.000)
",-9999999.000,-9999999.000,0.000,0.000,1.000,19,0,0,1,20,0,19,1,0.95,0.0,0.0,1.0,0.9743589743589743,0.02564102564102566,-1
"F[1,1](((Platelets <= 84.865 & DBP >= 37.502) | Magnesium >= 42.553) & Chloride >= 44.532)
",-6267361247634708.000,-44.532,0.000,0.000,1.000,19,0,0,1,20,0,19,1,0.95,0.0,0.0,1.0,0.9743589743589743,0.02564102564102566,-1
"((Lactate <= 0.000) U[0,0] (Calcium >= 0.156))
",-0.433,-0.025,0.000,0.000,1.000,19,0,0,1,20,0,19,1,0.95,0.0,0.0,1.0,0.9743589743589743,0.02564102564102566,-1
"F[0,1](((Calcium < 6.611 & Potassium < 2.343) & Magnesium < 2.069) & Phosphate < 0.000)
",-9999999.000,-9999999.000,0.000,0.000,1.000,19,0,0,1,20,0,19,1,0.95,0.0,0.0,1.0,0.9743589743589743,0.02564102564102566,-1
"F[0,1]((Calcium <= 3.350 & Potassium <= 1.118) & Magnesium >= 0.039)
",-9999999.000,-9999999.000,0.000,0.000,1.000,19,0,0,1,20,0,19,1,0.95,0.0,0.0,1.0,0.9743589743589743,0.02564102564102566,-1
"F[0,1](PTT < 0.000 & SepsisLabel = 0.000)
",-9999999.000,-9999999.000,0.000,0.000,1.000,19,0,0,1,20,0,19,1,0.95,0.0,0.0,1.0,0.9743589743589743,0.02564102564102566,-1
"F[0,1](((Calcium < 1.318 & Potassium < 1.407) & Magnesium < 0.594) & Phosphate < 0.000)
",-9999999.000,-9999999.000,0.000,0.000,1.000,19,0,0,1,20,0,19,1,0.95,0.0,0.0,1.0,0.9743589743589743,0.02564102564102566,-1
"((BUN <= 11.388) U[1,1] (WBC >= 0.076))
",6410874580244404.000,11.388,0.000,0.000,1.000,19,0,0,1,20,0,19,1,0.95,0.0,0.0,1.0,0.9743589743589743,0.02564102564102566,-1
"F[0,1]((Calcium <= 2.129 & Potassium <= 2.167) & Magnesium >= 0.045)
",-9999999.000,-9999999.000,0.000,0.000,1.000,19,0,0,1,20,0,19,1,0.95,0.0,0.0,1.0,0.9743589743589743,0.02564102564102566,-1
"F[1,1]((Calcium <= 6.641 & Potassium <= 0.160) & Magnesium >= 0.027)
",-7880920958164773.000,-0.027,0.000,0.000,1.000,19,0,0,1,20,0,19,1,0.95,0.0,0.0,1.0,0.9743589743589743,0.02564102564102566,-1
"F[0,1](((Calcium < 4.279 & Potassium < 1.225) & Magnesium < 0.671) & Phosphate < 0.000)
",-9999999.000,-9999999.000,0.000,0.000,1.000,19,0,0,1,20,0,19,1,0.95,0.0,0.0,1.0,0.9743589743589743,0.02564102564102566,-1
"G[1,1](((HR >= 33.639 -> Chloride >= 0.000) -> Bilirubin_total <= 0.000) | Alkalinephos <= 0.000)
",0.000,0.000,0.000,1.000,0.000,19,0,1,0,19,1,20,0,1.0,0.0,1.0,0.95,0.9743589743589743,0.02564102564102566,1
"G[0,1](Chloride >= 0.000 & HCO3 >= 0.000)
",9999999.000,9999999.000,0.000,1.000,0.000,19,0,1,0,19,1,20,0,1.0,0.0,1.0,0.95,0.9743589743589743,0.02564102564102566,1
"G[1,1](Chloride >= 0.000 & HCO3 >= 0.000)
",0.000,0.000,0.000,1.000,0.000,19,0,1,0,19,1,20,0,1.0,0.0,1.0,0.95,0.9743589743589743,0.02564102564102566,1
"G[0,1](((Creatinine <= 0.405 & MAP <= 79.862) | Platelets <= 101.422) | HCO3 <= 79.352)
",9999999.000,9999999.000,0.000,1.000,0.000,19,0,1,0,19,1,20,0,1.0,0.0,1.0,0.95,0.9743589743589743,0.02564102564102566,1
"G[1,1]((Chloride >= 0.000 & PTT >= 0.000) -> BUN >= 0.000)
",0.000,0.000,0.000,1.000,0.000,19,0,1,0,19,1,20,0,1.0,0.0,1.0,0.95,0.9743589743589743,0.02564102564102566,1
"G[1,1]((BUN <= 2.503 -> Glucose >= 3.791) | Phosphate <= 109.676)
",7717729996868140.000,109.676,0.000,1.000,0.000,19,0,1,0,19,1,20,0,1.0,0.0,1.0,0.95,0.9743589743589743,0.02564102564102566,1
"G[1,1](((PaCO2 <= 0.000 | EtCO2 >= 0.000) | FiO2 <= 0.000) -> Alkalinephos >= 0.000)
",0.000,0.000,0.000,1.000,0.000,19,0,1,0,19,1,20,0,1.0,0.0,1.0,0.95,0.9743589743589743,0.02564102564102566,1
"G[0,1]((SBP <= 129.494 | HCO3 <= 0.000) & PTT <= 0.000)
",9999999.000,9999999.000,0.000,1.000,0.000,19,0,1,0,19,1,20,0,1.0,0.0,1.0,0.95,0.9743589743589743,0.02564102564102566,1
"G[1,1](((AST <= 0.000 | Bilirubin_direct >= 0.000) | DBP >= 0.000) -> Calcium >= 0.000)
",0.000,0.000,0.000,1.000,0.000,19,0,1,0,19,1,20,0,1.0,0.0,1.0,0.95,0.9743589743589743,0.02564102564102566,1
"G[0,0](((Bilirubin_direct >= 0.000 | SepsisLabel <= 0.000) | PTT <= 0.000) -> Platelets <= 0.000)
",-0.236,-0.041,0.000,1.000,0.000,19,0,0,1,20,0,19,1,0.95,0.0,0.0,1.0,0.9743589743589743,0.02564102564102566,1
"G[0,1]((FiO2 <= 0.000 | Chloride <= 0.000) & Lactate <= 0.000)
",9999999.000,9999999.000,0.000,1.000,0.000,19,0,1,0,19,1,20,0,1.0,0.0,1.0,0.95,0.9743589743589743,0.02564102564102566,1
"G[1,1]((WBC <= 4.844 -> Bilirubin_direct >= 0.000) & Potassium >= 0.000)
",-5453574516297092.000,-4.844,0.000,1.000,0.000,19,0,1,0,19,1,20,0,1.0,0.0,1.0,0.95,0.9743589743589743,0.02564102564102566,1
"G[0,1]((MAP <= 85.448 | Bilirubin_total <= 0.000) & Alkalinephos <= 0.000)
",9999999.000,9999999.000,0.000,1.000,0.000,19,0,1,0,19,1,20,0,1.0,0.0,1.0,0.95,0.9743589743589743,0.02564102564102566,1
"G[0,1](PTT >= 0.000 | AST >= 0.000)
",9999999.000,9999999.000,0.000,1.000,0.000,19,0,1,0,19,1,20,0,1.0,0.0,1.0,0.95,0.9743589743589743,0.02564102564102566,1
"G[1,1]((WBC >= 0.154 -> Fibrinogen <= 0.000) | pH >= 0.000)
",0.000,0.000,0.000,1.000,0.000,19,0,1,0,19,1,20,0,1.0,0.0,1.0,0.95,0.9743589743589743,0.02564102564102566,1
"G[0,1]((TroponinI >= 0.000 | PTT <= 0.000) & BaseExcess <= 0.000)
",9999999.000,9999999.000,0.000,1.000,0.000,19,0,1,0,19,1,20,0,1.0,0.0,1.0,0.95,0.9743589743589743,0.02564102564102566,1
"G[1,1](((Alkalinephos <= 0.000 -> Lactate >= 0.000) | Hgb >= 0.000) -> Fibrinogen >= 0.000)
",0.000,0.000,0.000,1.000,0.000,19,0,1,0,19,1,20,0,1.0,0.0,1.0,0.95,0.9743589743589743,0.02564102564102566,1
"G[1,1](MAP <= 87.678 -> SepsisLabel = 0.000)
",-87.678,-87.678,0.000,1.000,0.000,19,0,1,0,19,1,20,0,1.0,0.0,1.0,0.95,0.9743589743589743,0.02564102564102566,1
"G[1,1]((Creatinine <= 0.696 -> Platelets >= 3.122) | Fibrinogen <= 190.775)
",6712291903513691.000,190.775,0.000,1.000,0.000,19,0,1,0,19,1,20,0,1.0,0.0,1.0,0.95,0.9743589743589743,0.02564102564102566,1
"G[0,1]((BUN <= 1.891 -> SBP >= 49.548) -> BaseExcess <= 122.846)
",9999999.000,9999999.000,0.000,1.000,0.000,19,0,1,0,19,1,20,0,1.0,0.0,1.0,0.95,0.9743589743589743,0.02564102564102566,1
"G[0,1](DBP > 3.226 -> SepsisLabel = 0.000)
",9999999.000,9999999.000,0.000,1.000,0.000,19,0,1,0,19,1,20,0,1.0,0.0,1.0,0.95,0.9743589743589743,0.02564102564102566,1
"G[1,1](((Chloride <= 0.000 | PTT >= 0.000) & Bilirubin_total >= 0.000) & O2Sat >= 0.000)
",0.000,0.000,0.000,1.000,0.000,19,0,1,0,19,1,20,0,1.0,0.0,1.0,0.95,0.9743589743589743,0.02564102564102566,1
"G[0,1](PTT >= 0.000 | Fibrinogen <= 0.000)
",9999999.000,9999999.000,0.000,1.000,0.000,19,0,1,0,19,1,20,0,1.0,0.0,1.0,0.95,0.9743589743589743,0.02564102564102566,1
"G[0,1](Hct <= 29.659 -> Potassium <= 2.048)
",9999999.000,9999999.000,0.000,1.000,0.000,19,0,1,0,19,1,20,0,1.0,0.0,1.0,0.95,0.9743589743589743,0.02564102564102566,1
"G[1,1](((Hgb >= 0.092 -> HR >= 14.453) | WBC <= 114.201) | DBP <= 124.821)
",4391744005655574.500,124.821,0.000,1.000,0.000,19,0,1,0,19,1,20,0,1.0,0.0,1.0,0.95,0.9743589743589743,0.02564102564102566,1
"G[0,1]((pH >= 0.000 & WBC <= 1.364) -> pH <= 1.544)
",9999999.000,9999999.000,0.000,1.000,0.000,19,0,1,0,19,1,20,0,1.0,0.0,1.0,0.95,0.9743589743589743,0.02564102564102566,1
"G[0,1]((Creatinine <= 0.132 & Glucose >= 5.280) -> SaO2 <= 17.901)
",9999999.000,9999999.000,0.000,1.000,0.000,19,0,1,0,19,1,20,0,1.0,0.0,1.0,0.95,0.9743589743589743,0.02564102564102566,1
"G[1,1]((Magnesium <= 1.630 | Temp <= 28.496) -> SepsisLabel <= 15.640)
",-28.496,-28.496,0.000,1.000,0.000,19,0,1,0,19,1,20,0,1.0,0.0,1.0,0.95,0.9743589743589743,0.02564102564102566,1
"G[0,1](((TroponinI <= 0.000 | Glucose >= 7.201) -> BUN <= 152.606) & Hgb <= 59.357)
",9999999.000,9999999.000,0.000,1.000,0.000,19,0,1,0,19,1,20,0,1.0,0.0,1.0,0.95,0.9743589743589743,0.02564102564102566,1
"G[0,1](((EtCO2 >= 0.000 | HR >= 27.517) | Platelets <= 98.603) -> pH <= 93.284)
",9999999.000,9999999.000,0.000,1.000,0.000,19,0,1,0,19,1,20,0,1.0,0.0,1.0,0.95,0.9743589743589743,0.02564102564102566,1
"G[0,0]((Fibrinogen <= 0.000 -> Creatinine <= 0.700) & SepsisLabel <= 0.609)
",-0.252,-10.842,0.000,1.000,0.000,19,0,0,1,20,0,19,1,0.95,0.0,0.0,1.0,0.9743589743589743,0.02564102564102566,1
"G[0,1](TroponinI >= 0.000 | Bilirubin_total <= 0.000)
",9999999.000,9999999.000,0.000,1.000,0.000,19,0,1,0,19,1,20,0,1.0,0.0,1.0,0.95,0.9743589743589743,0.02564102564102566,1
"G[1,1](Hct <= 27.301 | DBP >= 2.762)
",27.301,27.301,0.000,1.000,0.000,19,0,1,0,19,1,20,0,1.0,0.0,1.0,0.95,0.9743589743589743,0.02564102564102566,1
"G[0,1](Chloride >= 0.000 & HCO3 >= 0.000)
",9999999.000,9999999.000,0.000,1.000,0.000,19,0,1,0,19,1,20,0,1.0,0.0,1.0,0.95,0.9743589743589743,0.02564102564102566,1
"G[0,1]((Creatinine <= 0.625 & Phosphate <= 0.000) | EtCO2 >= 0.000)
",9999999.000,9999999.000,0.000,1.000,0.000,19,0,1,0,19,1,20,0,1.0,0.0,1.0,0.95,0.9743589743589743,0.02564102564102566,1
"G[1,1]((pH >= 0.000 | Alkalinephos >= 0.000) -> Alkalinephos <= 0.000)
",0.000,0.000,0.000,1.000,0.000,19,0,1,0,19,1,20,0,1.0,0.0,1.0,0.95,0.9743589743589743,0.02564102564102566,1
"G[0,1](((Bilirubin_total >= 0.000 -> pH >= 0.000) | Platelets <= 0.000) -> Temp >= 0.000)
",9999999.000,9999999.000,0.000,1.000,0.000,19,0,1,0,19,1,20,0,1.0,0.0,1.0,0.95,0.9743589743589743,0.02564102564102566,1
"G[0,1]((SBP >= 39.561 | Phosphate <= 0.000) | PaCO2 >= 0.000)
",9999999.000,9999999.000,0.000,1.000,0.000,19,0,1,0,19,1,20,0,1.0,0.0,1.0,0.95,0.9743589743589743,0.02564102564102566,1
"G[1,1](PTT <= 0.000 -> MAP >= 69.708)
",0.000,0.000,0.000,1.000,0.000,18,0,1,1,19,1,19,1,0.9473684210526315,0.0,1.0,0.9473684210526315,0.9230769230769231,0.07692307692307687,1
"F[0,1](Platelets >= 4.222 & Fibrinogen <= 0.000)
",-9999999.000,-9999999.000,0.000,0.000,1.000,18,0,0,2,20,0,18,2,0.9,0.0,0.0,1.0,0.9230769230769231,0.07692307692307687,-1
"F[0,1](WBC >= 0.130 & Fibrinogen <= 0.000)
",-9999999.000,-9999999.000,0.000,0.000,1.000,18,0,0,2,20,0,18,2,0.9,0.0,0.0,1.0,0.9230769230769231,0.07692307692307687,-1
"F[0,1]((Bilirubin_total >= 0.000 -> HR <= 98.277) & Calcium >= 4.659)
",-9999999.000,-9999999.000,0.000,0.000,1.000,18,0,0,2,20,0,18,2,0.9,0.0,0.0,1.0,0.9230769230769231,0.07692307692307687,-1
"((BUN >= 0.042) U[1,1] (DBP <= 76.307))
",5369620159854354.000,76.307,0.000,0.000,1.000,18,0,0,2,20,0,18,2,0.9,0.0,0.0,1.0,0.9230769230769231,0.07692307692307687,-1
"F[0,1](((HCO3 >= 0.000 -> Glucose <= 89.907) -> SepsisLabel <= 73.184) -> Platelets >= 12.632)
",-9999999.000,-9999999.000,0.000,0.000,1.000,18,0,0,2,20,0,18,2,0.9,0.0,0.0,1.0,0.9230769230769231,0.07692307692307687,-1
"((Magnesium >= 0.017) U[1,1] (SBP >= 62.109))
",-0.017,-0.017,0.000,0.000,1.000,18,0,0,2,20,0,18,2,0.9,0.0,0.0,1.0,0.9230769230769231,0.07692307692307687,-1
"((Hgb >= 0.271) U[1,2] (Bilirubin_direct <= 0.000))
",-9999999.000,-9999999.000,0.000,0.000,1.000,18,0,0,2,20,0,18,2,0.9,0.0,0.0,1.0,0.9230769230769231,0.07692307692307687,-1
"G[0,0]((SaO2 <= 0.000 -> Glucose >= 5.197) -> Hct >= 9.134)
",0.000,0.000,0.000,1.000,0.000,18,0,0,2,20,0,18,2,0.9,0.0,0.0,1.0,0.9230769230769231,0.07692307692307687,1
"G[0,0](MAP >= 16.534 & Hct <= 32.306)
",1.812,27.165,0.000,1.000,0.000,18,0,0,2,20,0,18,2,0.9,0.0,0.0,1.0,0.9230769230769231,0.07692307692307687,1
"G[0,1](((Lactate <= 0.000 & Calcium <= 6.678) | Resp <= 1.165) & EtCO2 <= 3.585)
",9999999.000,9999999.000,0.000,1.000,0.000,18,0,1,1,19,1,19,1,0.9473684210526315,0.0,1.0,0.9473684210526315,0.9230769230769231,0.07692307692307687,1
"G[0,1](((DBP <= 71.854 -> pH <= 0.000) & Hct <= 0.000) & BaseExcess <= 0.000)
",9999999.000,9999999.000,0.000,1.000,0.000,18,0,1,1,19,1,19,1,0.9473684210526315,0.0,1.0,0.9473684210526315,0.9230769230769231,0.07692307692307687,1
"G[0,1]((SaO2 >= 0.000 & Platelets <= 118.948) | Chloride >= 4.442)
",9999999.000,9999999.000,0.000,1.000,0.000,18,0,1,1,19,1,19,1,0.9473684210526315,0.0,1.0,0.9473684210526315,0.9230769230769231,0.07692307692307687,1
"G[0,1](HR > 66.674 & SepsisLabel = 0.000)
",9999999.000,9999999.000,0.000,1.000,0.000,17,0,1,2,19,1,18,2,0.8947368421052632,0.0,1.0,0.9444444444444444,0.8717948717948718,0.1282051282051282,1
"G[0,1](Creatinine >= 0.014 | SBP >= 75.320)
",9999999.000,9999999.000,0.000,1.000,0.000,17,0,1,2,19,1,18,2,0.8947368421052632,0.0,1.0,0.9444444444444444,0.8717948717948718,0.1282051282051282,1
"G[0,1]((EtCO2 >= 0.000 -> O2Sat >= 83.229) | Hct >= 45.117)
",9999999.000,9999999.000,0.000,1.000,0.000,17,0,1,2,19,1,18,2,0.8947368421052632,0.0,1.0,0.9444444444444444,0.8717948717948718,0.1282051282051282,1
"((Glucose >= 5.462) U[1,1] (EtCO2 >= 0.000))
",0.000,0.000,0.000,0.000,1.000,17,0,0,3,20,0,17,3,0.85,0.0,0.0,1.0,0.8717948717948718,0.1282051282051282,-1
"F[0,0](Glucose >= 3.476 & SBP <= 131.196)
",-3.476,-3.476,0.000,0.000,1.000,17,0,0,3,20,0,17,3,0.85,0.0,0.0,1.0,0.8717948717948718,0.1282051282051282,-1
"G[0,0](Potassium <= 3.375 & Resp <= 18.214)
",-2.325,-45.085,0.000,1.000,0.000,16,0,0,4,20,0,16,4,0.8,0.0,0.0,1.0,0.8205128205128205,0.17948717948717952,1
"F[0,1](Resp <= 19.570 -> BUN >= 0.284)
",-9999999.000,-9999999.000,0.000,0.000,1.000,15,0,0,5,20,0,15,5,0.75,0.0,0.0,1.0,0.7692307692307693,0.23076923076923073,-1
"G[1,1](SepsisLabel <= 0.000 -> DBP <= 75.403)
",-75.403,-75.403,0.000,1.000,0.000,14,0,1,5,19,1,15,5,0.7368421052631579,0.0,1.0,0.9333333333333333,0.717948717948718,0.28205128205128205,1
"F[0,1](((PTT >= 0.000 -> SaO2 <= 0.000) & Platelets <= 0.000) -> Resp <= 0.000)
",-9999999.000,-9999999.000,0.000,0.000,1.000,14,0,0,6,20,0,14,6,0.7,0.0,0.0,1.0,0.717948717948718,0.28205128205128205,-1
"F[0,1](((O2Sat <= 96.853 & Glucose <= 51.159) | Bilirubin_total >= 9.454) & HR >= 9.713)
",-9999999.000,-9999999.000,0.000,0.000,1.000,14,0,0,6,20,0,14,6,0.7,0.0,0.0,1.0,0.717948717948718,0.28205128205128205,-1
"G[1,1](Hct <= 30.120 & Resp <= 18.580)
",18.580,18.580,0.000,1.000,0.000,12,0,1,7,19,1,13,7,0.631578947368421,0.0,1.0,0.9230769230769231,0.6153846153846154,0.3846153846153846,1
"G[1,1](Platelets >= 2.423 | SBP <= 123.245)
",123.245,123.245,0.000,1.000,0.000,12,0,1,7,19,1,13,7,0.631578947368421,0.0,1.0,0.9230769230769231,0.6153846153846154,0.3846153846153846,1
"F[0,1](((Magnesium <= 1.259 -> SBP <= 125.053) -> PaCO2 >= 76.044) & SepsisLabel <= 144.096)
",-9999999.000,-9999999.000,0.000,0.000,1.000,11,0,0,9,20,0,11,9,0.55,0.0,0.0,1.0,0.5641025641025641,0.4358974358974359,-1
"F[0,1](Fibrinogen >= 0.000 & Resp <= 16.332)
",-9999999.000,-9999999.000,0.000,0.000,1.000,9,0,0,11,20,0,9,11,0.45,0.0,0.0,1.0,0.46153846153846156,0.5384615384615384,-1
"F[0,0](SaO2 >= 0.000 & O2Sat <= 98.605)
",-0.441,-1.704,0.000,0.000,1.000,9,0,0,11,20,0,9,11,0.45,0.0,0.0,1.0,0.46153846153846156,0.5384615384615384,-1
"G[0,1](Temp < 24.460 & SepsisLabel = 0.000)
",9999999.000,9999999.000,0.000,1.000,0.000,9,0,1,10,19,1,10,10,0.47368421052631576,0.0,1.0,0.9,0.46153846153846156,0.5384615384615384,1
"G[0,1](((BaseExcess >= 0.000 -> O2Sat <= 96.784) -> Calcium >= 73.275) | pH >= 61.398)
",9999999.000,9999999.000,0.000,1.000,0.000,9,0,1,10,19,1,10,10,0.47368421052631576,0.0,1.0,0.9,0.46153846153846156,0.5384615384615384,1
"G[0,1](O2Sat >= 22.492 & DBP <= 71.449)
",9999999.000,9999999.000,0.000,1.000,0.000,7,0,1,12,19,1,8,12,0.3684210526315789,0.0,1.0,0.875,0.358974358974359,0.641025641025641,1
"G[0,0](((MAP >= 59.351 | Glucose >= 7.858) -> Chloride <= 17.747) & Temp >= 5.458)
",-3.155,-54.396,0.000,1.000,0.000,7,0,0,13,20,0,7,13,0.35,0.0,0.0,1.0,0.358974358974359,0.641025641025641,1
"G[0,0](Temp >= 3.969 & SepsisLabel = 0.000)
",-0.246,-10.628,0.000,1.000,0.000,7,0,0,13,20,0,7,13,0.35,0.0,0.0,1.0,0.358974358974359,0.641025641025641,1
"G[0,1](DBP <= 70.135 & MAP >= 56.158)
",9999999.000,9999999.000,0.000,1.000,0.000,7,0,1,12,19,1,8,12,0.3684210526315789,0.0,1.0,0.875,0.358974358974359,0.641025641025641,1
"F[0,0](HR >= 11.297 -> HR <= 92.535)
",-5804790112381467.000,-21117.703,0.000,0.000,1.000,7,0,0,13,20,0,7,13,0.35,0.0,0.0,1.0,0.358974358974359,0.641025641025641,-1
"((pH >= 0.000) U[0,1] (O2Sat <= 97.367))
",-9999999.000,-9999999.000,0.000,0.000,1.000,7,0,0,13,20,0,7,13,0.35,0.0,0.0,1.0,0.358974358974359,0.641025641025641,-1
"((MAP >= 41.893) U[1,1] (SBP <= 132.283))
",4654304854709694.000,132.283,0.000,0.000,1.000,6,0,0,14,20,0,6,14,0.3,0.0,0.0,1.0,0.3076923076923077,0.6923076923076923,-1
"G[0,1](MAP <= 80.160 & Hct <= 9.515)
",9999999.000,9999999.000,0.000,1.000,0.000,6,0,0,14,20,0,6,14,0.3,0.0,0.0,1.0,0.3076923076923077,0.6923076923076923,1
"G[1,1](AST >= 0.000 & Temp >= 4.535)
",-5105457362010485.000,-4.535,0.000,1.000,0.000,4,0,1,15,19,1,5,15,0.21052631578947367,0.0,1.0,0.8,0.20512820512820512,0.7948717948717949,1
"((Creatinine <= 0.340) U[0,1] (SBP >= 111.024))
",-9999999.000,-9999999.000,0.000,0.000,1.000,3,0,0,17,20,0,3,17,0.15,0.0,0.0,1.0,0.15384615384615385,0.8461538461538461,-1
"F[0,0]((HR >= 55.067 & Resp >= 11.221) & Platelets <= 21.461)
",1.797,18.021,0.000,0.000,1.000,3,0,0,17,20,0,3,17,0.15,0.0,0.0,1.0,0.15384615384615385,0.8461538461538461,-1
"F[0,1]((Glucose <= 142.887 & MAP >= 74.849) & WBC <= 88.824)
",-9999999.000,-9999999.000,0.000,0.000,1.000,3,0,0,17,20,0,3,17,0.15,0.0,0.0,1.0,0.15384615384615385,0.8461538461538461,-1
"((Resp >= 6.503) U[1,2] (HR >= 53.360))
",-9999999.000,-9999999.000,0.000,0.000,1.000,2,0,0,18,20,0,2,18,0.1,0.0,0.0,1.0,0.10256410256410256,0.8974358974358975,-1
"F[0,0](DBP >= 54.699 | Potassium >= 0.008)
",1.823,22.689,0.000,0.000,1.000,2,0,0,18,20,0,2,18,0.1,0.0,0.0,1.0,0.10256410256410256,0.8974358974358975,-1
"F[0,0](TroponinI <= 0.000 -> Resp >= 7.144)
",-2.581,-55.345,0.000,0.000,1.000,2,0,0,18,20,0,2,18,0.1,0.0,0.0,1.0,0.10256410256410256,0.8974358974358975,-1
"F[1,1](((Hct <= 35.718 -> MAP >= 56.176) & Hgb <= 79.628) -> MAP <= 92.605)
",-6516531567149812.000,-92.605,0.000,0.000,1.000,2,0,0,18,20,0,2,18,0.1,0.0,0.0,1.0,0.10256410256410256,0.8974358974358975,-1
"G[0,0]((BaseExcess >= 0.000 -> Resp >= 9.947) -> HR <= 17.152)
",2.554,52.837,0.000,1.000,0.000,2,0,0,18,20,0,2,18,0.1,0.0,0.0,1.0,0.10256410256410256,0.8974358974358975,1
"F[0,0]((Phosphate >= 0.000 & Magnesium > 0.020) -> Calcium < 6.737)
",-6.737,-6.737,0.000,0.000,1.000,1,0,0,19,20,0,1,19,0.05,0.0,0.0,1.0,0.05128205128205128,0.9487179487179487,-1
"((O2Sat >= 51.934) U[0,0] (BUN <= 8.125))
",2.662,37.440,0.000,0.000,1.000,1,0,0,19,20,0,1,19,0.05,0.0,0.0,1.0,0.05128205128205128,0.9487179487179487,-1
"((Hct <= 1.383) U[1,2] (SepsisLabel = 0.000))
",-9999999.000,-9999999.000,0.000,0.000,1.000,1,0,0,19,20,0,1,19,0.05,0.0,0.0,1.0,0.05128205128205128,0.9487179487179487,-1
"((SBP >= 98.286) U[1,1] (Hct <= 32.602))
",32.602,32.602,0.000,0.000,1.000,1,0,0,19,20,0,1,19,0.05,0.0,0.0,1.0,0.05128205128205128,0.9487179487179487,-1
"F[0,0](((Creatinine <= 0.699 | BaseExcess <= 0.000) | MAP >= 0.000) & BUN <= 0.000)
",0.000,0.000,0.000,0.000,1.000,1,0,0,19,20,0,1,19,0.05,0.0,0.0,1.0,0.05128205128205128,0.9487179487179487,-1
"F[0,0](Hgb <= 10.339 | Hct <= 5.391)
",9.122,10.078,0.000,0.000,1.000,1,0,0,19,20,0,1,19,0.05,0.0,0.0,1.0,0.05128205128205128,0.9487179487179487,-1
"((Creatinine >= 0.005) U[1,2] (O2Sat <= 93.826))
",-9999999.000,-9999999.000,0.000,0.000,1.000,1,0,0,19,20,0,1,19,0.05,0.0,0.0,1.0,0.05128205128205128,0.9487179487179487,-1
"((MAP >= 0.508) U[1,2] (SBP <= 144.477))
",-9999999.000,-9999999.000,0.000,0.000,1.000,1,0,0,19,20,0,1,19,0.05,0.0,0.0,1.0,0.05128205128205128,0.9487179487179487,-1
"((SBP >= 48.700) U[1,2] (SepsisLabel = 0.000))
",-9999999.000,-9999999.000,0.000,0.000,1.000,1,0,0,19,20,0,1,19,0.05,0.0,0.0,1.0,0.05128205128205128,0.9487179487179487,-1
"F[0,0](((Hct <= 18.700 | BUN <= 13.136) & Bilirubin_direct <= 9.536) & Creatinine <= 0.790)
",7119774230426917.000,0.790,0.000,0.000,1.000,1,0,0,19,20,0,1,19,0.05,0.0,0.0,1.0,0.05128205128205128,0.9487179487179487,-1
"G[1,1](((Glucose <= 62.665 & Potassium >= 0.070) | HR >= 0.043) -> PTT >= 0.079)
",6152774585602508.000,0.043,0.000,1.000,0.000,1,0,1,18,19,1,2,18,0.05263157894736842,0.0,1.0,0.5,0.05128205128205128,0.9487179487179487,1
"G[0,0](((MAP >= 20.304 | Temp >= 5.312) & SBP <= 33.134) | Hct >= 4.209)
",0.645,11.761,0.000,1.000,0.000,1,0,0,19,20,0,1,19,0.05,0.0,0.0,1.0,0.05128205128205128,0.9487179487179487,1
"G[0,0](((Hgb <= 4.826 | Hct <= 2.685) -> WBC >= 0.120) & Platelets >= 2.424)
",-9.859,-4.713,0.000,1.000,0.000,1,0,0,19,20,0,1,19,0.05,0.0,0.0,1.0,0.05128205128205128,0.9487179487179487,1
"G[0,0](Glucose <= 115.519 & WBC >= 0.068)
",-0.068,-0.068,0.000,1.000,0.000,1,0,0,19,20,0,1,19,0.05,0.0,0.0,1.0,0.05128205128205128,0.9487179487179487,1
"G[1,2](((PTT <= 0.000 -> Hgb >= 0.178) & O2Sat <= 8.286) -> WBC <= 0.505)
",9999999.000,9999999.000,0.000,1.000,0.000,0,0,20,0,0,20,20,0,0.0,0.0,1.0,0.0,0.0,1.0,1
"((BUN >= 0.026) U[0,1] (SepsisLabel = 0.000))
",-9999999.000,-9999999.000,0.000,0.000,1.000,0,0,0,20,20,0,0,20,0.0,0.0,0.0,0.0,0.0,1.0,-1
"F[1,1]((Potassium <= 1.794 | SaO2 >= 0.000) | Bilirubin_direct <= 0.000)
",1.794,1.794,0.000,0.000,1.000,0,0,0,20,20,0,0,20,0.0,0.0,0.0,0.0,0.0,1.0,-1
"F[1,2](((Phosphate >= 0.000 -> AST >= 0.000) -> EtCO2 >= 0.000) & DBP >= 0.000)
",-9999999.000,-9999999.000,0.000,0.000,1.000,0,0,0,20,20,0,0,20,0.0,0.0,0.0,0.0,0.0,1.0,-1
"F[2,2](MAP <= 76.780 -> SepsisLabel = 0.000)
",-5402886181197831.000,-76.780,0.000,0.000,1.000,0,0,0,20,20,0,0,20,0.0,0.0,0.0,0.0,0.0,1.0,-1
"((HCO3 <= 0.000) U[1,2] (SepsisLabel = 0.000))
",-9999999.000,-9999999.000,0.000,0.000,1.000,0,0,0,20,20,0,0,20,0.0,0.0,0.0,0.0,0.0,1.0,-1
"F[0,0](TroponinI >= 0.000 -> SepsisLabel = 0.000)
",0.000,0.000,0.000,0.000,1.000,0,0,0,20,20,0,0,20,0.0,0.0,0.0,0.0,0.0,1.0,-1
"((Bilirubin_direct <= 0.000) U[0,0] (SepsisLabel = 0.000))
",-0.236,-0.041,0.000,0.000,1.000,0,0,0,20,20,0,0,20,0.0,0.0,0.0,0.0,0.0,1.0,-1
"((PaCO2 <= 0.000) U[1,2] (SepsisLabel = 0.000))
",-9999999.000,-9999999.000,0.000,0.000,1.000,0,0,0,20,20,0,0,20,0.0,0.0,0.0,0.0,0.0,1.0,-1
"F[0,2](((AST <= 0.000 & Phosphate <= 0.000) & BUN >= 0.000) | BUN >= 0.000)
",-9999999.000,-9999999.000,0.000,0.000,1.000,0,0,0,20,20,0,0,20,0.0,0.0,0.0,0.0,0.0,1.0,-1
"((Glucose >= 10.977) U[0,1] (SepsisLabel = 0.000))
",-9999999.000,-9999999.000,0.000,0.000,1.000,0,0,0,20,20,0,0,20,0.0,0.0,0.0,0.0,0.0,1.0,-1
"F[1,2](Temp >= 8.123 -> SepsisLabel = 0.000)
",-9999999.000,-9999999.000,0.000,0.000,1.000,0,0,0,20,20,0,0,20,0.0,0.0,0.0,0.0,0.0,1.0,-1
"((TroponinI >= 0.000) U[0,2] (HR <= 101.966))
",-9999999.000,-9999999.000,0.000,0.000,1.000,0,0,0,20,20,0,0,20,0.0,0.0,0.0,0.0,0.0,1.0,-1
"F[1,2](O2Sat >= 84.384 | DBP <= 78.527)
",-9999999.000,-9999999.000,0.000,0.000,1.000,0,0,0,20,20,0,0,20,0.0,0.0,0.0,0.0,0.0,1.0,-1
"((Platelets <= 134.817) U[0,1] (SBP >= 28.959))
",-9999999.000,-9999999.000,0.000,0.000,1.000,0,0,0,20,20,0,0,20,0.0,0.0,0.0,0.0,0.0,1.0,-1
"F[2,2](((Calcium >= 0.195 -> Phosphate >= 0.000) & Hct <= 0.000) & WBC >= 0.000)
",0.000,0.000,0.000,0.000,1.000,0,0,0,20,20,0,0,20,0.0,0.0,0.0,0.0,0.0,1.0,-1
"((WBC >= 0.056) U[0,2] (SepsisLabel = 0.000))
",-9999999.000,-9999999.000,0.000,0.000,1.000,0,0,0,20,20,0,0,20,0.0,0.0,0.0,0.0,0.0,1.0,-1
"F[0,1](Resp >= 13.035 & Chloride <= 0.000)
",-9999999.000,-9999999.000,0.000,0.000,1.000,0,0,0,20,20,0,0,20,0.0,0.0,0.0,0.0,0.0,1.0,-1
"((BUN >= 0.358) U[0,1] (pH >= 0.000))
",-9999999.000,-9999999.000,0.000,0.000,1.000,0,0,0,20,20,0,0,20,0.0,0.0,0.0,0.0,0.0,1.0,-1
"F[2,2](((Alkalinephos <= 0.000 & SepsisLabel <= 0.000) -> Magnesium <= 0.000) & Creatinine >= 0.000)
",0.000,0.000,0.000,0.000,1.000,0,0,0,20,20,0,0,20,0.0,0.0,0.0,0.0,0.0,1.0,-1
"F[0,1](((Potassium <= 1.538 -> BUN <= 6.020) | TroponinI <= 8.830) | Glucose >= 0.247)
",-9999999.000,-9999999.000,0.000,0.000,1.000,0,0,0,20,20,0,0,20,0.0,0.0,0.0,0.0,0.0,1.0,-1
"((EtCO2 >= 0.000) U[1,1] (Phosphate >= 0.000))
",0.000,0.000,0.000,0.000,1.000,0,0,0,20,20,0,0,20,0.0,0.0,0.0,0.0,0.0,1.0,-1
"F[0,2]((O2Sat <= 96.809 & SepsisLabel >= 0.000) | HCO3 <= 0.000)
",-9999999.000,-9999999.000,0.000,0.000,1.000,0,0,0,20,20,0,0,20,0.0,0.0,0.0,0.0,0.0,1.0,-1
"F[0,2](Phosphate <= 0.000 -> BUN >= 0.337)
",-9999999.000,-9999999.000,0.000,0.000,1.000,0,0,0,20,20,0,0,20,0.0,0.0,0.0,0.0,0.0,1.0,-1
"F[1,2](Hct >= 0.599 & Platelets <= 116.930)
",-9999999.000,-9999999.000,0.000,0.000,1.000,0,0,0,20,20,0,0,20,0.0,0.0,0.0,0.0,0.0,1.0,-1
"F[1,1](((MAP >= 64.735 & EtCO2 >= 0.000) & Calcium >= 0.000) -> pH >= 0.000)
",0.000,0.000,0.000,0.000,1.000,0,0,0,20,20,0,0,20,0.0,0.0,0.0,0.0,0.0,1.0,-1
"((SBP >= 54.816) U[0,2] (SepsisLabel = 0.000))
",-9999999.000,-9999999.000,0.000,0.000,1.000,0,0,0,20,20,0,0,20,0.0,0.0,0.0,0.0,0.0,1.0,-1
"F[0,0](Glucose <= 14.502 -> SepsisLabel = 0.000)
",-14.502,-14.502,0.000,0.000,1.000,0,0,0,20,20,0,0,20,0.0,0.0,0.0,0.0,0.0,1.0,-1
"F[2,2](DBP < 78.322 & SepsisLabel = 0.000)
",0.000,0.000,0.000,0.000,1.000,0,0,0,20,20,0,0,20,0.0,0.0,0.0,0.0,0.0,1.0,-1
"F[1,2](HCO3 > 0.000 -> SepsisLabel = 0.000)
",-9999999.000,-9999999.000,0.000,0.000,1.000,0,0,0,20,20,0,0,20,0.0,0.0,0.0,0.0,0.0,1.0,-1
"F[0,1](Platelets <= 14.209 & SepsisLabel = 0.000)
",-9999999.000,-9999999.000,0.000,0.000,1.000,0,0,0,20,20,0,0,20,0.0,0.0,0.0,0.0,0.0,1.0,-1
"F[0,1](((Calcium >= 0.029 & Potassium >= 0.075) -> Fibrinogen >= 0.081) & Alkalinephos <= 2.905)
",-9999999.000,-9999999.000,0.000,0.000,1.000,0,0,0,20,20,0,0,20,0.0,0.0,0.0,0.0,0.0,1.0,-1
"F[0,2](((Hct <= 10.893 -> Hgb <= 8.958) -> Magnesium >= 0.249) | Lactate <= 6.474)
",-9999999.000,-9999999.000,0.000,0.000,1.000,0,0,0,20,20,0,0,20,0.0,0.0,0.0,0.0,0.0,1.0,-1
"F[0,1](((Hct <= 14.791 -> Hct >= 0.182) -> PTT >= 0.878) & Hgb <= 33.740)
",-9999999.000,-9999999.000,0.000,0.000,1.000,0,0,0,20,20,0,0,20,0.0,0.0,0.0,0.0,0.0,1.0,-1
"F[2,2](((BUN >= 0.023 & Potassium >= 0.066) -> Hgb <= 3.074) -> MAP <= 2.366)
",-5326971872623397.000,-2.366,0.000,0.000,1.000,0,0,0,20,20,0,0,20,0.0,0.0,0.0,0.0,0.0,1.0,-1
"F[0,2](Hgb <= 3.332 & Magnesium >= 0.001)
",-9999999.000,-9999999.000,0.000,0.000,1.000,0,0,0,20,20,0,0,20,0.0,0.0,0.0,0.0,0.0,1.0,-1
"F[2,2]((BUN >= 0.234 | Creatinine <= 0.275) -> Phosphate <= 0.371)
",-6681377317004820.000,-0.371,0.000,0.000,1.000,0,0,0,20,20,0,0,20,0.0,0.0,0.0,0.0,0.0,1.0,-1
"F[0,2](((Creatinine <= 0.094 & WBC <= 0.937) -> Bilirubin_total >= 0.024) -> SepsisLabel >= 0.119)
",-9999999.000,-9999999.000,0.000,0.000,1.000,0,0,0,20,20,0,0,20,0.0,0.0,0.0,0.0,0.0,1.0,-1
"F[1,1]((Calcium >= 0.175 | Creatinine <= 0.411) | BUN <= 0.601)
",0.601,0.601,0.000,0.000,1.000,0,0,0,20,20,0,0,20,0.0,0.0,0.0,0.0,0.0,1.0,-1
"F[1,2]((DBP >= 6.231 | SBP >= 55.405) -> PaCO2 >= 0.945)
",-9999999.000,-9999999.000,0.000,0.000,1.000,0,0,0,20,20,0,0,20,0.0,0.0,0.0,0.0,0.0,1.0,-1
"((HR <= 117.823) U[0,2] (MAP >= 53.333))
",-9999999.000,-9999999.000,0.000,0.000,1.000,0,0,0,20,20,0,0,20,0.0,0.0,0.0,0.0,0.0,1.0,-1
"((HR >= 30.213) U[1,2] (O2Sat <= 93.701))
",-9999999.000,-9999999.000,0.000,0.000,1.000,0,0,0,20,20,0,0,20,0.0,0.0,0.0,0.0,0.0,1.0,-1
"F[1,2](((DBP >= 61.398 -> HR <= 105.737) & pH >= 15.934) -> HR <= 99.419)
",-9999999.000,-9999999.000,0.000,0.000,1.000,0,0,0,20,20,0,0,20,0.0,0.0,0.0,0.0,0.0,1.0,-1
"F[1,2]((O2Sat >= 23.587 | Resp <= 18.417) & O2Sat <= 18.051)
",-9999999.000,-9999999.000,0.000,0.000,1.000,0,0,0,20,20,0,0,20,0.0,0.0,0.0,0.0,0.0,1.0,-1
"F[0,1](((Resp <= 17.571 -> SBP >= 12.237) & FiO2 >= 43.866) -> BaseExcess >= 109.736)
",-9999999.000,-9999999.000,0.000,0.000,1.000,0,0,0,20,20,0,0,20,0.0,0.0,0.0,0.0,0.0,1.0,-1
"F[1,2](DBP >= 13.137 | Resp <= 18.288)
",-9999999.000,-9999999.000,0.000,0.000,1.000,0,0,0,20,20,0,0,20,0.0,0.0,0.0,0.0,0.0,1.0,-1
"F[1,2]((Glucose <= 131.634 -> Hgb >= 0.097) | SaO2 >= 0.197)
",-9999999.000,-9999999.000,0.000,0.000,1.000,0,0,0,20,20,0,0,20,0.0,0.0,0.0,0.0,0.0,1.0,-1
"((PaCO2 >= 0.000) U[0,1] (SepsisLabel = 0.000))
",-9999999.000,-9999999.000,0.000,0.000,1.000,0,0,0,20,20,0,0,20,0.0,0.0,0.0,0.0,0.0,1.0,-1
"((BaseExcess < 0.000) U[0,2] (SepsisLabel = 0.000))
",-9999999.000,-9999999.000,0.000,0.000,1.000,0,0,0,20,20,0,0,20,0.0,0.0,0.0,0.0,0.0,1.0,-1
"F[0,1](WBC >= 0.155 -> SepsisLabel = 0.000)
",-9999999.000,-9999999.000,0.000,0.000,1.000,0,0,0,20,20,0,0,20,0.0,0.0,0.0,0.0,0.0,1.0,-1
"((Bilirubin_total > 0.000) U[0,1] (SepsisLabel = 0.000))
",-9999999.000,-9999999.000,0.000,0.000,1.000,0,0,0,20,20,0,0,20,0.0,0.0,0.0,0.0,0.0,1.0,-1
"F[1,1](PTT >= 0.000 & SepsisLabel = 0.000)
",0.000,0.000,0.000,0.000,1.000,0,0,0,20,20,0,0,20,0.0,0.0,0.0,0.0,0.0,1.0,-1
"F[0,2](Hgb <= 2.744 -> SepsisLabel = 0.000)
",-9999999.000,-9999999.000,0.000,0.000,1.000,0,0,0,20,20,0,0,20,0.0,0.0,0.0,0.0,0.0,1.0,-1
"((HCO3 < 0.000) U[0,2] (SepsisLabel = 0.000))
",-9999999.000,-9999999.000,0.000,0.000,1.000,0,0,0,20,20,0,0,20,0.0,0.0,0.0,0.0,0.0,1.0,-1
"F[0,2](Creatinine > 0.019 -> SepsisLabel = 0.000)
",-9999999.000,-9999999.000,0.000,0.000,1.000,0,0,0,20,20,0,0,20,0.0,0.0,0.0,0.0,0.0,1.0,-1
"((Lactate <= 0.000) U[0,1] (SepsisLabel = 0.000))
",-9999999.000,-9999999.000,0.000,0.000,1.000,0,0,0,20,20,0,0,20,0.0,0.0,0.0,0.0,0.0,1.0,-1
"F[0,2](Platelets >= 3.850 & SepsisLabel = 0.000)
",-9999999.000,-9999999.000,0.000,0.000,1.000,0,0,0,20,20,0,0,20,0.0,0.0,0.0,0.0,0.0,1.0,-1
"F[0,0](((HR >= 33.911 -> Alkalinephos >= 0.000) -> EtCO2 >= 0.000) & AST >= 0.000)
",-2.158,-14.737,0.000,0.000,1.000,0,0,0,20,20,0,0,20,0.0,0.0,0.0,0.0,0.0,1.0,-1
"((AST <= 0.000) U[1,2] (AST <= 0.000))
",-9999999.000,-9999999.000,0.000,0.000,1.000,0,0,0,20,20,0,0,20,0.0,0.0,0.0,0.0,0.0,1.0,-1
"F[0,2]((pH >= 0.000 -> HCO3 <= 0.000) | HCO3 <= 0.000)
",-9999999.000,-9999999.000,0.000,0.000,1.000,0,0,0,20,20,0,0,20,0.0,0.0,0.0,0.0,0.0,1.0,-1
"F[1,2](((Magnesium <= 1.092 & Bilirubin_total <= 0.000) | EtCO2 <= 0.000) -> SBP >= 0.000)
",-9999999.000,-9999999.000,0.000,0.000,1.000,0,0,0,20,20,0,0,20,0.0,0.0,0.0,0.0,0.0,1.0,-1
"F[1,2](((Platelets <= 42.444 | Lactate <= 0.000) & SaO2 >= 0.000) | Glucose <= 0.000)
",-9999999.000,-9999999.000,0.000,0.000,1.000,0,0,0,20,20,0,0,20,0.0,0.0,0.0,0.0,0.0,1.0,-1
"((Phosphate >= 0.000) U[2,2] (MAP <= 92.911))
",92.911,92.911,0.000,0.000,1.000,0,0,0,20,20,0,0,20,0.0,0.0,0.0,0.0,0.0,1.0,-1
"F[0,2]((Calcium >= 0.172 -> Potassium <= 2.121) -> Fibrinogen <= 2.471)
",-9999999.000,-9999999.000,0.000,0.000,1.000,0,0,0,20,20,0,0,20,0.0,0.0,0.0,0.0,0.0,1.0,-1
"F[1,2](FiO2 <= 0.000 | HCO3 >= 0.000)
",-9999999.000,-9999999.000,0.000,0.000,1.000,0,0,0,20,20,0,0,20,0.0,0.0,0.0,0.0,0.0,1.0,-1
"F[1,2](SBP >= 105.584 & Phosphate >= 0.000)
",-9999999.000,-9999999.000,0.000,0.000,1.000,0,0,0,20,20,0,0,20,0.0,0.0,0.0,0.0,0.0,1.0,-1
"F[1,2](((PaCO2 >= 0.000 | BaseExcess >= 0.000) | EtCO2 >= 0.000) -> SepsisLabel <= 0.000)
",-9999999.000,-9999999.000,0.000,0.000,1.000,0,0,0,20,20,0,0,20,0.0,0.0,0.0,0.0,0.0,1.0,-1
"F[2,2](((Platelets <= 166.458 & HR >= 6.740) -> BUN <= 112.297) -> Hct >= 28.784)
",28.784,28.784,0.000,0.000,1.000,0,0,0,20,20,0,0,20,0.0,0.0,0.0,0.0,0.0,1.0,-1
"((Resp <= 21.892) U[0,2] (MAP >= 56.424))
",-9999999.000,-9999999.000,0.000,0.000,1.000,0,0,0,20,20,0,0,20,0.0,0.0,0.0,0.0,0.0,1.0,-1
"F[0,2](Lactate <= 0.000 & Magnesium >= 0.055)
",-9999999.000,-9999999.000,0.000,0.000,1.000,0,0,0,20,20,0,0,20,0.0,0.0,0.0,0.0,0.0,1.0,-1
"F[1,1](((FiO2 <= 0.000 -> Potassium <= 2.399) -> BUN >= 0.049) -> BaseExcess >= 0.021)
",-0.049,-0.049,0.000,0.000,1.000,0,0,0,20,20,0,0,20,0.0,0.0,0.0,0.0,0.0,1.0,-1
"((Fibrinogen >= 0.000) U[1,1] (PTT <= 0.000))
",0.000,0.000,0.000,0.000,1.000,0,0,0,20,20,0,0,20,0.0,0.0,0.0,0.0,0.0,1.0,-1
"F[0,2](((pH <= 0.000 | Lactate <= 0.000) | HR <= 0.000) | HR >= 0.000)
",-9999999.000,-9999999.000,0.000,0.000,1.000,0,0,0,20,20,0,0,20,0.0,0.0,0.0,0.0,0.0,1.0,-1
"((Calcium <= 4.405) U[0,2] (Creatinine <= 0.312))
",-9999999.000,-9999999.000,0.000,0.000,1.000,0,0,0,20,20,0,0,20,0.0,0.0,0.0,0.0,0.0,1.0,-1
"F[2,2]((Resp <= 19.531 & Alkalinephos >= 0.000) -> HCO3 >= 0.000)
",0.000,0.000,0.000,0.000,1.000,0,0,0,20,20,0,0,20,0.0,0.0,0.0,0.0,0.0,1.0,-1
"F[1,2](((Platelets >= 3.329 -> O2Sat >= 51.971) & EtCO2 >= 57.839) | Alkalinephos <= 93.193)
",-9999999.000,-9999999.000,0.000,0.000,1.000,0,0,0,20,20,0,0,20,0.0,0.0,0.0,0.0,0.0,1.0,-1
"((Phosphate >= 0.000) U[0,2] (O2Sat >= 14.696))
",-9999999.000,-9999999.000,0.000,0.000,1.000,0,0,0,20,20,0,0,20,0.0,0.0,0.0,0.0,0.0,1.0,-1
"F[0,2](BUN <= 6.628 | Resp <= 16.733)
",-9999999.000,-9999999.000,0.000,0.000,1.000,0,0,0,20,20,0,0,20,0.0,0.0,0.0,0.0,0.0,1.0,-1
"F[0,2]((Bilirubin_direct >= 0.000 & AST >= 0.000) & PTT >= 0.000)
",-9999999.000,-9999999.000,0.000,0.000,1.000,0,0,0,20,20,0,0,20,0.0,0.0,0.0,0.0,0.0,1.0,-1
"F[0,2](Fibrinogen <= 0.000 | BaseExcess <= 0.000)
",-9999999.000,-9999999.000,0.000,0.000,1.000,0,0,0,20,20,0,0,20,0.0,0.0,0.0,0.0,0.0,1.0,-1
"F[0,2](((Creatinine <= 0.577 | WBC >= 0.099) & DBP <= 0.615) | WBC <= 1.017)
",-9999999.000,-9999999.000,0.000,0.000,1.000,0,0,0,20,20,0,0,20,0.0,0.0,0.0,0.0,0.0,1.0,-1
"F[1,2](Hgb >= 0.006 -> Fibrinogen <= 0.000)
",-9999999.000,-9999999.000,0.000,0.000,1.000,0,0,0,20,20,0,0,20,0.0,0.0,0.0,0.0,0.0,1.0,-1
"F[2,2](((BaseExcess >= 0.000 | HR >= 45.808) | FiO2 >= 9.262) -> HR >= 66.014)
",0.000,0.000,0.000,0.000,1.000,0,0,0,20,20,0,0,20,0.0,0.0,0.0,0.0,0.0,1.0,-1
"F[1,2](((O2Sat <= 93.968 -> Platelets >= 1.860) | FiO2 <= 85.559) -> DBP >= 3.633)
",-9999999.000,-9999999.000,0.000,0.000,1.000,0,0,0,20,20,0,0,20,0.0,0.0,0.0,0.0,0.0,1.0,-1
"F[2,2](Platelets <= 143.276 & PaCO2 <= 0.000)
",0.000,0.000,0.000,0.000,1.000,0,0,0,20,20,0,0,20,0.0,0.0,0.0,0.0,0.0,1.0,-1
"F[0,2]((SaO2 >= 0.000 & HCO3 >= 0.000) | WBC <= 0.000)
",-9999999.000,-9999999.000,0.000,0.000,1.000,0,0,0,20,20,0,0,20,0.0,0.0,0.0,0.0,0.0,1.0,-1
"F[0,2](Resp <= 18.845 & Creatinine <= 0.532)
",-9999999.000,-9999999.000,0.000,0.000,1.000,0,0,0,20,20,0,0,20,0.0,0.0,0.0,0.0,0.0,1.0,-1
"F[1,2]((Hgb >= 0.166 & AST <= 0.000) -> MAP >= 0.000)
",-9999999.000,-9999999.000,0.000,0.000,1.000,0,0,0,20,20,0,0,20,0.0,0.0,0.0,0.0,0.0,1.0,-1
"F[1,2](Alkalinephos >= 0.000 -> SepsisLabel >= 0.000)
",-9999999.000,-9999999.000,0.000,0.000,1.000,0,0,0,20,20,0,0,20,0.0,0.0,0.0,0.0,0.0,1.0,-1
"F[0,2]((HR <= 124.073 & SBP >= 4.558) -> Creatinine >= 64.881)
",-9999999.000,-9999999.000,0.000,0.000,1.000,0,0,0,20,20,0,0,20,0.0,0.0,0.0,0.0,0.0,1.0,-1
"F[1,2](((MAP <= 95.515 -> Phosphate >= 0.000) -> DBP >= 0.000) -> BaseExcess <= 0.000)
",-9999999.000,-9999999.000,0.000,0.000,1.000,0,0,0,20,20,0,0,20,0.0,0.0,0.0,0.0,0.0,1.0,-1
"F[0,2](((Hgb >= 0.064 | Chloride <= 0.000) -> O2Sat >= 0.000) & Hct <= 0.000)
",-9999999.000,-9999999.000,0.000,0.000,1.000,0,0,0,20,20,0,0,20,0.0,0.0,0.0,0.0,0.0,1.0,-1
"F[1,2](SBP >= 43.278 -> MAP >= 58.489)
",-9999999.000,-9999999.000,0.000,0.000,1.000,0,0,0,20,20,0,0,20,0.0,0.0,0.0,0.0,0.0,1.0,-1
"F[1,2]((SBP <= 152.183 | HR <= 100.466) & PaCO2 >= 36.957)
",-9999999.000,-9999999.000,0.000,0.000,1.000,0,0,0,20,20,0,0,20,0.0,0.0,0.0,0.0,0.0,1.0,-1
"F[1,2]((Alkalinephos >= 0.000 | Bilirubin_total <= 0.000) & Bilirubin_direct <= 0.000)
",-9999999.000,-9999999.000,0.000,0.000,1.000,0,0,0,20,20,0,0,20,0.0,0.0,0.0,0.0,0.0,1.0,-1
"F[0,0]((PaCO2 >= 0.000 & PaCO2 <= 0.000) & Hgb >= 0.000)
",0.000,0.000,0.000,0.000,1.000,0,0,0,20,20,0,0,20,0.0,0.0,0.0,0.0,0.0,1.0,-1
"F[1,1]((Resp >= 10.540 & SBP >= 44.534) -> SepsisLabel <= 119.372)
",-8400091945128623.000,-119.372,0.000,0.000,1.000,0,0,0,20,20,0,0,20,0.0,0.0,0.0,0.0,0.0,1.0,-1
"F[0,1]((PaCO2 <= 0.000 | Bilirubin_direct >= 0.000) -> Creatinine <= 0.000)
",-9999999.000,-9999999.000,0.000,0.000,1.000,0,0,0,20,20,0,0,20,0.0,0.0,0.0,0.0,0.0,1.0,-1
"F[0,2](((PTT <= 0.000 | Calcium >= 0.077) | BaseExcess >= 0.102) -> MAP <= 6.782)
",-9999999.000,-9999999.000,0.000,0.000,1.000,0,0,0,20,20,0,0,20,0.0,0.0,0.0,0.0,0.0,1.0,-1
"F[1,2]((pH >= 0.000 & PTT <= 0.000) | Chloride <= 0.000)
",-9999999.000,-9999999.000,0.000,0.000,1.000,0,0,0,20,20,0,0,20,0.0,0.0,0.0,0.0,0.0,1.0,-1
"F[2,2](Chloride <= 0.000 | Magnesium >= 0.004)
",0.000,0.000,0.000,0.000,1.000,0,0,0,20,20,0,0,20,0.0,0.0,0.0,0.0,0.0,1.0,-1
"F[2,2](BUN >= 0.204 -> TroponinI <= 0.000)
",0.000,0.000,0.000,0.000,1.000,0,0,0,20,20,0,0,20,0.0,0.0,0.0,0.0,0.0,1.0,-1
"F[0,1](((HCO3 >= 0.000 & Creatinine <= 0.623) | Hct <= 0.615) -> Hct <= 0.520)
",-9999999.000,-9999999.000,0.000,0.000,1.000,0,0,0,20,20,0,0,20,0.0,0.0,0.0,0.0,0.0,1.0,-1
"F[0,1](((Alkalinephos <= 0.000 -> HCO3 <= 0.000) -> FiO2 <= 0.000) & O2Sat >= 0.000)
",-9999999.000,-9999999.000,0.000,0.000,1.000,0,0,0,20,20,0,0,20,0.0,0.0,0.0,0.0,0.0,1.0,-1
"F[0,0]((SBP >= 10.573 -> EtCO2 <= 0.000) | AST <= 0.000)
",0.764,3.895,0.000,0.000,1.000,0,0,0,20,20,0,0,20,0.0,0.0,0.0,0.0,0.0,1.0,-1
"((O2Sat <= 94.097) U[2,2] (Temp >= 8.349))
",6621479809224509.000,94.097,0.000,0.000,1.000,0,0,0,20,20,0,0,20,0.0,0.0,0.0,0.0,0.0,1.0,-1
"((Hct <= 30.070) U[2,2] (PaCO2 <= 0.000))
",8463953931226125.000,30.070,0.000,0.000,1.000,0,0,0,20,20,0,0,20,0.0,0.0,0.0,0.0,0.0,1.0,-1
"F[0,2](((DBP <= 78.625 | Creatinine >= 0.013) & SepsisLabel >= 0.004) | Fibrinogen >= 0.003)
",-9999999.000,-9999999.000,0.000,0.000,1.000,0,0,0,20,20,0,0,20,0.0,0.0,0.0,0.0,0.0,1.0,-1
"((Calcium >= 0.036) U[0,2] (Calcium >= 0.159))
",-9999999.000,-9999999.000,0.000,0.000,1.000,0,0,0,20,20,0,0,20,0.0,0.0,0.0,0.0,0.0,1.0,-1
"F[0,2](Chloride >= 0.000 -> pH >= 0.000)
",-9999999.000,-9999999.000,0.000,0.000,1.000,0,0,0,20,20,0,0,20,0.0,0.0,0.0,0.0,0.0,1.0,-1
"F[0,0](((HCO3 >= 0.000 & HCO3 >= 0.000) | O2Sat >= 0.000) | WBC <= 0.000)
",2.756,83.053,0.000,0.000,1.000,0,0,0,20,20,0,0,20,0.0,0.0,0.0,0.0,0.0,1.0,-1
"F[0,2](((Alkalinephos >= 0.000 & Hct <= 20.615) -> Bilirubin_direct <= 4.126) | SepsisLabel >= 0.658)
",-9999999.000,-9999999.000,0.000,0.000,1.000,0,0,0,20,20,0,0,20,0.0,0.0,0.0,0.0,0.0,1.0,-1
"F[0,2]((Resp <= 20.047 & BUN >= 0.015) & Chloride <= 3.427)
",-9999999.000,-9999999.000,0.000,0.000,1.000,0,0,0,20,20,0,0,20,0.0,0.0,0.0,0.0,0.0,1.0,-1
"F[0,2](Potassium <= 2.627 & Glucose >= 6.762)
",-9999999.000,-9999999.000,0.000,0.000,1.000,0,0,0,20,20,0,0,20,0.0,0.0,0.0,0.0,0.0,1.0,-1
"F[1,2]((BaseExcess >= 0.000 -> Magnesium <= 0.769) | PaCO2 <= 0.541)
",-9999999.000,-9999999.000,0.000,0.000,1.000,0,0,0,20,20,0,0,20,0.0,0.0,0.0,0.0,0.0,1.0,-1
"F[2,2]((Magnesium <= 1.704 -> Bilirubin_total >= 0.000) & BaseExcess <= 0.000)
",-1.704,-1.704,0.000,0.000,1.000,0,0,0,20,20,0,0,20,0.0,0.0,0.0,0.0,0.0,1.0,-1
"F[1,2]((pH >= 0.000 & HR >= 21.955) | SBP <= 113.343)
",-9999999.000,-9999999.000,0.000,0.000,1.000,0,0,0,20,20,0,0,20,0.0,0.0,0.0,0.0,0.0,1.0,-1
"((Potassium <= 2.878) U[0,2] (DBP >= 50.976))
",-9999999.000,-9999999.000,0.000,0.000,1.000,0,0,0,20,20,0,0,20,0.0,0.0,0.0,0.0,0.0,1.0,-1
"F[0,2]((SaO2 <= 0.000 -> Phosphate >= 0.000) | MAP <= 0.000)
",-9999999.000,-9999999.000,0.000,0.000,1.000,0,0,0,20,20,0,0,20,0.0,0.0,0.0,0.0,0.0,1.0,-1
"F[1,1](Bilirubin_direct <= 0.000 & SepsisLabel = 0.000)
",0.000,0.000,0.000,0.000,1.000,0,0,0,20,20,0,0,20,0.0,0.0,0.0,0.0,0.0,1.0,-1
"F[0,2]((Glucose <= 60.384 & SaO2 >= 0.000) -> SaO2 <= 0.000)
",-9999999.000,-9999999.000,0.000,0.000,1.000,0,0,0,20,20,0,0,20,0.0,0.0,0.0,0.0,0.0,1.0,-1
"F[0,2]((Resp >= 13.405 -> O2Sat <= 95.690) -> Fibrinogen >= 89.609)
",-9999999.000,-9999999.000,0.000,0.000,1.000,0,0,0,20,20,0,0,20,0.0,0.0,0.0,0.0,0.0,1.0,-1
"((Potassium >= 0.010) U[0,2] (Bilirubin_total >= 0.000))
",-9999999.000,-9999999.000,0.000,0.000,1.000,0,0,0,20,20,0,0,20,0.0,0.0,0.0,0.0,0.0,1.0,-1
"F[2,2]((HR <= 123.817 -> Platelets <= 128.298) | Potassium >= 4.636)
",-5219263731442638.000,-4.636,0.000,0.000,1.000,0,0,0,20,20,0,0,20,0.0,0.0,0.0,0.0,0.0,1.0,-1
"F[0,2]((Glucose <= 150.678 & O2Sat <= 96.458) & Resp >= 77.359)
",-9999999.000,-9999999.000,0.000,0.000,1.000,0,0,0,20,20,0,0,20,0.0,0.0,0.0,0.0,0.0,1.0,-1
"((Calcium >= 0.108) U[0,2] (SBP <= 115.713))
",-9999999.000,-9999999.000,0.000,0.000,1.000,0,0,0,20,20,0,0,20,0.0,0.0,0.0,0.0,0.0,1.0,-1
"F[1,2](((Hct <= 13.998 | SBP >= 96.564) & O2Sat >= 64.295) & Hct <= 144.079)
",-9999999.000,-9999999.000,0.000,0.000,1.000,0,0,0,20,20,0,0,20,0.0,0.0,0.0,0.0,0.0,1.0,-1
"((SBP <= 135.539) U[0,1] (WBC <= 3.831))
",-9999999.000,-9999999.000,0.000,0.000,1.000,0,0,0,20,20,0,0,20,0.0,0.0,0.0,0.0,0.0,1.0,-1
"((Hgb >= 0.220) U[0,2] (Resp >= 6.219))
",-9999999.000,-9999999.000,0.000,0.000,1.000,0,0,0,20,20,0,0,20,0.0,0.0,0.0,0.0,0.0,1.0,-1
"F[0,0]((Temp >= 4.096 & Magnesium <= 1.373) -> PTT <= 1.931)
",-15.272,-1.902,0.000,0.000,1.000,0,0,0,20,20,0,0,20,0.0,0.0,0.0,0.0,0.0,1.0,-1
"F[0,0](((Temp <= 26.437 & Hct >= 0.474) -> Hct >= 0.219) -> AST <= 2.831)
",-2.831,-2.831,0.000,0.000,1.000,0,0,0,20,20,0,0,20,0.0,0.0,0.0,0.0,0.0,1.0,-1
"F[1,2](((Alkalinephos <= 0.000 | PTT <= 0.000) | Phosphate <= 0.000) | Lactate <= 0.000)
",-9999999.000,-9999999.000,0.000,0.000,1.000,0,0,0,20,20,0,0,20,0.0,0.0,0.0,0.0,0.0,1.0,-1
"F[1,2]((pH >= 0.000 -> HCO3 >= 0.000) | Hgb <= 0.000)
",-9999999.000,-9999999.000,0.000,0.000,1.000,0,0,0,20,20,0,0,20,0.0,0.0,0.0,0.0,0.0,1.0,-1
"F[1,2]((Calcium >= 0.032 -> Phosphate >= 0.000) | Phosphate <= 0.000)
",-9999999.000,-9999999.000,0.000,0.000,1.000,0,0,0,20,20,0,0,20,0.0,0.0,0.0,0.0,0.0,1.0,-1
"F[1,2](Fibrinogen >= 0.000 & FiO2 >= 0.000)
",-9999999.000,-9999999.000,0.000,0.000,1.000,0,0,0,20,20,0,0,20,0.0,0.0,0.0,0.0,0.0,1.0,-1
"F[1,1](SaO2 >= 0.000 -> Creatinine <= 0.733)
",-6606093916472004.000,-0.733,0.000,0.000,1.000,0,0,0,20,20,0,0,20,0.0,0.0,0.0,0.0,0.0,1.0,-1
"F[0,1]((SBP <= 150.819 & HR <= 126.291) | Potassium <= 110.762)
",-9999999.000,-9999999.000,0.000,0.000,1.000,0,0,0,20,20,0,0,20,0.0,0.0,0.0,0.0,0.0,1.0,-1
"F[1,2](Hgb <= 6.155 | Hct <= 14.032)
",-9999999.000,-9999999.000,0.000,0.000,1.000,0,0,0,20,20,0,0,20,0.0,0.0,0.0,0.0,0.0,1.0,-1
"F[0,2](((Bilirubin_direct >= 0.000 -> Chloride <= 0.000) & Hgb >= 0.000) -> pH >= 0.000)
",-9999999.000,-9999999.000,0.000,0.000,1.000,0,0,0,20,20,0,0,20,0.0,0.0,0.0,0.0,0.0,1.0,-1
"((Platelets <= 74.040) U[0,1] (PTT <= 0.000))
",-9999999.000,-9999999.000,0.000,0.000,1.000,0,0,0,20,20,0,0,20,0.0,0.0,0.0,0.0,0.0,1.0,-1
"F[0,1]((Bilirubin_total >= 0.000 | Phosphate >= 0.000) | DBP >= 0.000)
",-9999999.000,-9999999.000,0.000,0.000,1.000,0,0,0,20,20,0,0,20,0.0,0.0,0.0,0.0,0.0,1.0,-1
"F[0,0](((DBP >= 31.465 | pH >= 0.000) -> TroponinI <= 0.000) -> Chloride >= 0.000)
",-0.236,-0.411,0.000,0.000,1.000,0,0,0,20,20,0,0,20,0.0,0.0,0.0,0.0,0.0,1.0,-1
"F[0,1]((SepsisLabel >= 0.000 | PaCO2 <= 0.000) & Alkalinephos >= 0.000)
",-9999999.000,-9999999.000,0.000,0.000,1.000,0,0,0,20,20,0,0,20,0.0,0.0,0.0,0.0,0.0,1.0,-1
"F[0,2](((Platelets >= 1.166 -> Bilirubin_direct <= 0.000) | SBP <= 0.000) -> Magnesium <= 0.000)
",-9999999.000,-9999999.000,0.000,0.000,1.000,0,0,0,20,20,0,0,20,0.0,0.0,0.0,0.0,0.0,1.0,-1
"F[0,2]((Phosphate >= 0.000 | O2Sat <= 94.981) -> TroponinI >= 51.113)
",-9999999.000,-9999999.000,0.000,0.000,1.000,0,0,0,20,20,0,0,20,0.0,0.0,0.0,0.0,0.0,1.0,-1
"F[1,2](((Fibrinogen >= 0.000 & Potassium >= 0.049) & Chloride <= 0.434) -> HR >= 0.059)
",-9999999.000,-9999999.000,0.000,0.000,1.000,0,0,0,20,20,0,0,20,0.0,0.0,0.0,0.0,0.0,1.0,-1
"((AST >= 0.000) U[1,2] (Fibrinogen >= 0.000))
",-9999999.000,-9999999.000,0.000,0.000,1.000,0,0,0,20,20,0,0,20,0.0,0.0,0.0,0.0,0.0,1.0,-1
"F[0,0](Phosphate <= 0.000 | PaCO2 >= 0.000)
",0.000,0.000,0.000,0.000,1.000,0,0,0,20,20,0,0,20,0.0,0.0,0.0,0.0,0.0,1.0,-1
"((Phosphate <= 0.000) U[0,1] (Bilirubin_direct >= 0.000))
",-9999999.000,-9999999.000,0.000,0.000,1.000,0,0,0,20,20,0,0,20,0.0,0.0,0.0,0.0,0.0,1.0,-1
"F[0,1](((HR >= 52.340 | Chloride <= 0.000) & AST >= 0.000) & BUN <= 0.000)
",-9999999.000,-9999999.000,0.000,0.000,1.000,0,0,0,20,20,0,0,20,0.0,0.0,0.0,0.0,0.0,1.0,-1
"((AST <= 0.000) U[0,2] (Hct >= 0.213))
",-9999999.000,-9999999.000,0.000,0.000,1.000,0,0,0,20,20,0,0,20,0.0,0.0,0.0,0.0,0.0,1.0,-1
"F[0,2](((Calcium <= 2.670 -> HR <= 114.548) -> HCO3 <= 91.565) & PTT >= 36.051)
",-9999999.000,-9999999.000,0.000,0.000,1.000,0,0,0,20,20,0,0,20,0.0,0.0,0.0,0.0,0.0,1.0,-1
"F[1,2](((BUN <= 3.933 & HR <= 127.078) -> Creatinine <= 90.782) | Creatinine >= 45.888)
",-9999999.000,-9999999.000,0.000,0.000,1.000,0,0,0,20,20,0,0,20,0.0,0.0,0.0,0.0,0.0,1.0,-1
"F[0,2]((SBP >= 40.861 | Temp >= 6.605) | SaO2 >= 10.131)
",-9999999.000,-9999999.000,0.000,0.000,1.000,0,0,0,20,20,0,0,20,0.0,0.0,0.0,0.0,0.0,1.0,-1
"F[0,2](((Hgb <= 11.142 | MAP >= 47.521) -> EtCO2 >= 64.779) -> Hct >= 62.873)
",-9999999.000,-9999999.000,0.000,0.000,1.000,0,0,0,20,20,0,0,20,0.0,0.0,0.0,0.0,0.0,1.0,-1
"F[0,2]((Glucose >= 7.612 -> MAP <= 76.883) & SBP <= 85.067)
",-9999999.000,-9999999.000,0.000,0.000,1.000,0,0,0,20,20,0,0,20,0.0,0.0,0.0,0.0,0.0,1.0,-1
"F[0,2](O2Sat <= 97.391 | WBC <= 5.051)
",-9999999.000,-9999999.000,0.000,0.000,1.000,0,0,0,20,20,0,0,20,0.0,0.0,0.0,0.0,0.0,1.0,-1
"((BUN <= 11.282) U[0,2] (O2Sat >= 37.211))
",-9999999.000,-9999999.000,0.000,0.000,1.000,0,0,0,20,20,0,0,20,0.0,0.0,0.0,0.0,0.0,1.0,-1
"F[1,2]((PaCO2 >= 0.000 -> AST >= 0.000) -> Magnesium <= 0.000)
",-9999999.000,-9999999.000,0.000,0.000,1.000,0,0,0,20,20,0,0,20,0.0,0.0,0.0,0.0,0.0,1.0,-1
"F[2,2](((Alkalinephos >= 0.000 & SBP <= 125.227) | SaO2 <= 130.763) | FiO2 >= 111.082)
",4600818443073819.000,130.763,0.000,0.000,1.000,0,0,0,20,20,0,0,20,0.0,0.0,0.0,0.0,0.0,1.0,-1
"F[1,2]((Glucose <= 77.698 & Calcium <= 2.237) | Fibrinogen >= 0.064)
",-9999999.000,-9999999.000,0.000,0.000,1.000,0,0,0,20,20,0,0,20,0.0,0.0,0.0,0.0,0.0,1.0,-1
"F[1,1](((PTT <= 0.000 -> Glucose >= 4.259) -> Chloride >= 7.154) -> pH <= 38.568)
",-5427934808177490.000,-38.568,0.000,0.000,1.000,0,0,0,20,20,0,0,20,0.0,0.0,0.0,0.0,0.0,1.0,-1
"((Glucose >= 8.683) U[0,2] (HR <= 114.230))
",-9999999.000,-9999999.000,0.000,0.000,1.000,0,0,0,20,20,0,0,20,0.0,0.0,0.0,0.0,0.0,1.0,-1
"F[2,2](Creatinine >= 0.010 & AST <= 0.000)
",-0.010,-0.010,0.000,0.000,1.000,0,0,0,20,20,0,0,20,0.0,0.0,0.0,0.0,0.0,1.0,-1
"F[0,1](((Chloride <= 0.000 | pH <= 0.000) -> Glucose <= 0.000) | EtCO2 <= 0.000)
",-9999999.000,-9999999.000,0.000,0.000,1.000,0,0,0,20,20,0,0,20,0.0,0.0,0.0,0.0,0.0,1.0,-1
"F[0,1]((Bilirubin_total <= 0.000 -> Magnesium <= 2.029) | WBC <= 0.110)
",-9999999.000,-9999999.000,0.000,0.000,1.000,0,0,0,20,20,0,0,20,0.0,0.0,0.0,0.0,0.0,1.0,-1
"((pH >= 0.000) U[0,1] (BaseExcess <= 0.000))
",-9999999.000,-9999999.000,0.000,0.000,1.000,0,0,0,20,20,0,0,20,0.0,0.0,0.0,0.0,0.0,1.0,-1
"F[1,2](((Hct <= 33.312 & BaseExcess <= 0.000) & HCO3 <= 0.000) | Resp <= 0.000)
",-9999999.000,-9999999.000,0.000,0.000,1.000,0,0,0,20,20,0,0,20,0.0,0.0,0.0,0.0,0.0,1.0,-1
"F[1,2]((O2Sat >= 51.577 & PTT <= 0.000) -> SBP <= 0.000)
",-9999999.000,-9999999.000,0.000,0.000,1.000,0,0,0,20,20,0,0,20,0.0,0.0,0.0,0.0,0.0,1.0,-1
"F[0,1]((Resp <= 19.468 | pH <= 0.000) & Phosphate <= 0.000)
",-9999999.000,-9999999.000,0.000,0.000,1.000,0,0,0,20,20,0,0,20,0.0,0.0,0.0,0.0,0.0,1.0,-1
"F[0,0](((Hgb >= 0.215 -> DBP >= 23.159) | PaCO2 >= 3.126) -> Chloride <= 78.867)
",-45.045,-78.456,0.000,0.000,1.000,0,0,0,20,20,0,0,20,0.0,0.0,0.0,0.0,0.0,1.0,-1
"F[0,2](Bilirubin_direct >= 0.000 | Chloride <= 0.000)
",-9999999.000,-9999999.000,0.000,0.000,1.000,0,0,0,20,20,0,0,20,0.0,0.0,0.0,0.0,0.0,1.0,-1
"F[0,2](((Platelets <= 162.729 -> Resp >= 2.293) -> Calcium <= 19.651) -> Magnesium >= 4.999)
",-9999999.000,-9999999.000,0.000,0.000,1.000,0,0,0,20,20,0,0,20,0.0,0.0,0.0,0.0,0.0,1.0,-1
"F[0,2]((Magnesium <= 1.124 | Resp >= 3.251) & Phosphate <= 20.619)
",-9999999.000,-9999999.000,0.000,0.000,1.000,0,0,0,20,20,0,0,20,0.0,0.0,0.0,0.0,0.0,1.0,-1
"F[2,2](Resp >= 13.298 -> WBC <= 0.380)
",-6838760800173228.000,-0.380,0.000,0.000,1.000,0,0,0,20,20,0,0,20,0.0,0.0,0.0,0.0,0.0,1.0,-1
"F[1,2](Platelets >= 4.756 | Temp <= 32.905)
",-9999999.000,-9999999.000,0.000,0.000,1.000,0,0,0,20,20,0,0,20,0.0,0.0,0.0,0.0,0.0,1.0,-1
"F[0,2]((O2Sat <= 99.893 -> Temp <= 31.798) | O2Sat <= 23.540)
",-9999999.000,-9999999.000,0.000,0.000,1.000,0,0,0,20,20,0,0,20,0.0,0.0,0.0,0.0,0.0,1.0,-1
"F[2,2](((Resp <= 16.269 & Temp <= 32.030) -> Resp <= 31.858) & Glucose >= 6.447)
",-31.858,-31.858,0.000,0.000,1.000,0,0,0,20,20,0,0,20,0.0,0.0,0.0,0.0,0.0,1.0,-1
"F[0,2](DBP >= 21.630 -> Hgb >= 0.121)
",-9999999.000,-9999999.000,0.000,0.000,1.000,0,0,0,20,20,0,0,20,0.0,0.0,0.0,0.0,0.0,1.0,-1
"F[1,1](((BUN >= 0.116 & DBP <= 66.194) -> Hct <= 68.368) -> Hgb <= 82.161)
",-82.161,-82.161,0.000,0.000,1.000,0,0,0,20,20,0,0,20,0.0,0.0,0.0,0.0,0.0,1.0,-1
"F[1,2](((DBP <= 72.219 & WBC <= 1.051) | SaO2 <= 4.613) -> Alkalinephos >= 0.148)
",-9999999.000,-9999999.000,0.000,0.000,1.000,0,0,0,20,20,0,0,20,0.0,0.0,0.0,0.0,0.0,1.0,-1
"F[1,2](DBP >= 40.779 -> Platelets <= 32.637)
",-9999999.000,-9999999.000,0.000,0.000,1.000,0,0,0,20,20,0,0,20,0.0,0.0,0.0,0.0,0.0,1.0,-1
"F[2,2]((Temp <= 14.239 & WBC <= 5.631) & Hct <= 0.544)
",4902773921023894.000,0.544,0.000,0.000,1.000,0,0,0,20,20,0,0,20,0.0,0.0,0.0,0.0,0.0,1.0,-1
"F[2,2](((Lactate >= 0.000 & Potassium <= 2.946) & BaseExcess >= 0.036) | Phosphate >= 0.037)
",-0.036,-0.036,0.000,0.000,1.000,0,0,0,20,20,0,0,20,0.0,0.0,0.0,0.0,0.0,1.0,-1
"((BUN >= 0.210) U[0,2] (HR <= 116.955))
",-9999999.000,-9999999.000,0.000,0.000,1.000,0,0,0,20,20,0,0,20,0.0,0.0,0.0,0.0,0.0,1.0,-1
"F[0,2]((Phosphate >= 0.000 & Magnesium > 0.047) -> Calcium < 1.056)
",-9999999.000,-9999999.000,0.000,0.000,1.000,0,0,0,20,20,0,0,20,0.0,0.0,0.0,0.0,0.0,1.0,-1
"F[1,2](Hgb <= 2.375 | Hct <= 8.994)
",-9999999.000,-9999999.000,0.000,0.000,1.000,0,0,0,20,20,0,0,20,0.0,0.0,0.0,0.0,0.0,1.0,-1
"F[0,2]((Phosphate >= 0.000 & Magnesium > 0.007) -> Calcium < 1.810)
",-9999999.000,-9999999.000,0.000,0.000,1.000,0,0,0,20,20,0,0,20,0.0,0.0,0.0,0.0,0.0,1.0,-1
"F[0,1](FiO2 <= 0.000 & SepsisLabel = 0.000)
",-9999999.000,-9999999.000,0.000,0.000,1.000,0,0,0,20,20,0,0,20,0.0,0.0,0.0,0.0,0.0,1.0,-1
"F[2,2](DBP > 30.478 -> SepsisLabel = 0.000)
",0.000,0.000,0.000,0.000,1.000,0,0,0,20,20,0,0,20,0.0,0.0,0.0,0.0,0.0,1.0,-1
"((HCO3 > 0.000) U[0,0] (SepsisLabel = 0.000))
",0.000,0.000,0.000,0.000,1.000,0,0,0,20,20,0,0,20,0.0,0.0,0.0,0.0,0.0,1.0,-1
"F[1,1](pH >= 0.000 & SepsisLabel = 0.000)
",0.000,0.000,0.000,0.000,1.000,0,0,0,20,20,0,0,20,0.0,0.0,0.0,0.0,0.0,1.0,-1
"F[1,2]((Phosphate >= 0.000 & Magnesium > 0.006) -> Calcium < 7.085)
",-9999999.000,-9999999.000,0.000,0.000,1.000,0,0,0,20,20,0,0,20,0.0,0.0,0.0,0.0,0.0,1.0,-1
"F[0,1](HR < 121.020 & SepsisLabel = 0.000)
",-9999999.000,-9999999.000,0.000,0.000,1.000,0,0,0,20,20,0,0,20,0.0,0.0,0.0,0.0,0.0,1.0,-1
"F[1,2]((Calcium <= 1.826 & Potassium <= 1.189) & Magnesium >= 0.032)
",-9999999.000,-9999999.000,0.000,0.000,1.000,0,0,0,20,20,0,0,20,0.0,0.0,0.0,0.0,0.0,1.0,-1
"((MAP >= 35.517) U[1,2] (SBP <= 135.088))
",-9999999.000,-9999999.000,0.000,0.000,1.000,0,0,0,20,20,0,0,20,0.0,0.0,0.0,0.0,0.0,1.0,-1
"F[1,2](((Calcium < 3.568 & Potassium < 0.846) & Magnesium < 0.879) & Phosphate < 0.000)
",-9999999.000,-9999999.000,0.000,0.000,1.000,0,0,0,20,20,0,0,20,0.0,0.0,0.0,0.0,0.0,1.0,-1
"F[2,2]((Phosphate >= 0.000 & Magnesium > 0.028) -> Calcium < 3.949)
",-3.949,-3.949,0.000,0.000,1.000,0,0,0,20,20,0,0,20,0.0,0.0,0.0,0.0,0.0,1.0,-1
"((MAP >= 23.000) U[2,2] (SBP <= 126.619))
",126.619,126.619,0.000,0.000,1.000,0,0,0,20,20,0,0,20,0.0,0.0,0.0,0.0,0.0,1.0,-1
"F[0,2](Hgb <= 7.163 | Hct <= 17.251)
",-9999999.000,-9999999.000,0.000,0.000,1.000,0,0,0,20,20,0,0,20,0.0,0.0,0.0,0.0,0.0,1.0,-1
"F[1,2]((Calcium <= 4.287 & Potassium <= 1.935) & Magnesium >= 0.028)
",-9999999.000,-9999999.000,0.000,0.000,1.000,0,0,0,20,20,0,0,20,0.0,0.0,0.0,0.0,0.0,1.0,-1
"F[1,1]((Phosphate >= 0.000 & Magnesium > 0.022) -> Calcium < 3.950)
",-2964582354529689.500,-3.950,0.000,0.000,1.000,0,0,0,20,20,0,0,20,0.0,0.0,0.0,0.0,0.0,1.0,-1
"((MAP >= 1.224) U[0,1] (SBP <= 151.139))
",-9999999.000,-9999999.000,0.000,0.000,1.000,0,0,0,20,20,0,0,20,0.0,0.0,0.0,0.0,0.0,1.0,-1
"F[1,1]((Phosphate >= 0.000 & Magnesium > 0.016) -> Calcium < 3.150)
",-7093501678350748.000,-3.150,0.000,0.000,1.000,0,0,0,20,20,0,0,20,0.0,0.0,0.0,0.0,0.0,1.0,-1
"((MAP >= 51.207) U[0,1] (SBP <= 148.936))
",-9999999.000,-9999999.000,0.000,0.000,1.000,0,0,0,20,20,0,0,20,0.0,0.0,0.0,0.0,0.0,1.0,-1
"F[0,2](Hgb <= 7.307 | Hct <= 27.507)
",-9999999.000,-9999999.000,0.000,0.000,1.000,0,0,0,20,20,0,0,20,0.0,0.0,0.0,0.0,0.0,1.0,-1
"F[0,2]((Calcium <= 0.530 & Potassium <= 2.228) & Magnesium >= 0.049)
",-9999999.000,-9999999.000,0.000,0.000,1.000,0,0,0,20,20,0,0,20,0.0,0.0,0.0,0.0,0.0,1.0,-1
"F[0,2](((Calcium < 0.692 & Potassium < 2.261) & Magnesium < 1.674) & Phosphate < 0.000)
",-9999999.000,-9999999.000,0.000,0.000,1.000,0,0,0,20,20,0,0,20,0.0,0.0,0.0,0.0,0.0,1.0,-1
"F[0,2]((Phosphate >= 0.000 & Magnesium > 0.024) -> Calcium < 2.526)
",-9999999.000,-9999999.000,0.000,0.000,1.000,0,0,0,20,20,0,0,20,0.0,0.0,0.0,0.0,0.0,1.0,-1
"((MAP >= 5.789) U[0,1] (SBP <= 149.204))
",-9999999.000,-9999999.000,0.000,0.000,1.000,0,0,0,20,20,0,0,20,0.0,0.0,0.0,0.0,0.0,1.0,-1
"F[2,2](Hgb <= 10.506 | Hct <= 35.182)
",35.182,35.182,0.000,0.000,1.000,0,0,0,20,20,0,0,20,0.0,0.0,0.0,0.0,0.0,1.0,-1
"F[0,2]((Calcium <= 6.815 & Potassium <= 1.569) & Magnesium >= 0.022)
",-9999999.000,-9999999.000,0.000,0.000,1.000,0,0,0,20,20,0,0,20,0.0,0.0,0.0,0.0,0.0,1.0,-1
"F[1,2]((Phosphate >= 0.000 & Magnesium > 0.038) -> Calcium < 6.307)
",-9999999.000,-9999999.000,0.000,0.000,1.000,0,0,0,20,20,0,0,20,0.0,0.0,0.0,0.0,0.0,1.0,-1
"((MAP >= 51.589) U[1,2] (SBP <= 132.886))
",-9999999.000,-9999999.000,0.000,0.000,1.000,0,0,0,20,20,0,0,20,0.0,0.0,0.0,0.0,0.0,1.0,-1
"F[0,2](((Calcium < 2.002 & Potassium < 1.459) & Magnesium < 2.077) & Phosphate < 0.000)
",-9999999.000,-9999999.000,0.000,0.000,1.000,0,0,0,20,20,0,0,20,0.0,0.0,0.0,0.0,0.0,1.0,-1
"((TroponinI >= 0.000) U[0,2] (SaO2 <= 0.000))
",-9999999.000,-9999999.000,0.000,0.000,1.000,0,0,0,20,20,0,0,20,0.0,0.0,0.0,0.0,0.0,1.0,-1
"F[1,2](Hgb <= 1.643 | Hct <= 33.012)
",-9999999.000,-9999999.000,0.000,0.000,1.000,0,0,0,20,20,0,0,20,0.0,0.0,0.0,0.0,0.0,1.0,-1
"F[0,2]((SBP <= 132.304 -> Phosphate <= 0.000) | Bilirubin_total >= 0.000)
",-9999999.000,-9999999.000,0.000,0.000,1.000,0,0,0,20,20,0,0,20,0.0,0.0,0.0,0.0,0.0,1.0,-1
"F[0,2]((TroponinI >= 0.000 & Temp <= 17.504) | WBC >= 4.150)
",-9999999.000,-9999999.000,0.000,0.000,1.000,0,0,0,20,20,0,0,20,0.0,0.0,0.0,0.0,0.0,1.0,-1
"F[0,1]((HCO3 >= 0.000 -> Chloride >= 0.000) | Resp >= 0.000)
",-9999999.000,-9999999.000,0.000,0.000,1.000,0,0,0,20,20,0,0,20,0.0,0.0,0.0,0.0,0.0,1.0,-1
"F[0,2]((BaseExcess <= 0.000 -> Phosphate >= 0.000) -> O2Sat >= 0.000)
",-9999999.000,-9999999.000,0.000,0.000,1.000,0,0,0,20,20,0,0,20,0.0,0.0,0.0,0.0,0.0,1.0,-1
"F[1,2](Phosphate <= 0.000 & PaCO2 >= 0.000)
",-9999999.000,-9999999.000,0.000,0.000,1.000,0,0,0,20,20,0,0,20,0.0,0.0,0.0,0.0,0.0,1.0,-1
"F[0,1](((BUN >= 0.123 & Glucose >= 9.574) & SepsisLabel >= 9.276) -> Temp <= 88.090)
",-9999999.000,-9999999.000,0.000,0.000,1.000,0,0,0,20,20,0,0,20,0.0,0.0,0.0,0.0,0.0,1.0,-1
"F[0,1](((SBP >= 70.595 | BUN <= 7.330) | Temp >= 0.326) | Calcium <= 1.937)
",-9999999.000,-9999999.000,0.000,0.000,1.000,0,0,0,20,20,0,0,20,0.0,0.0,0.0,0.0,0.0,1.0,-1
"F[2,2](((Phosphate <= 0.000 -> HR <= 117.758) | MAP <= 123.968) -> Platelets >= 15.069)
",-4361748849048502.500,-123.968,0.000,0.000,1.000,0,0,0,20,20,0,0,20,0.0,0.0,0.0,0.0,0.0,1.0,-1
"F[0,2](((Bilirubin_direct <= 0.000 -> AST >= 0.000) & Fibrinogen >= 0.000) & PTT >= 0.000)
",-9999999.000,-9999999.000,0.000,0.000,1.000,0,0,0,20,20,0,0,20,0.0,0.0,0.0,0.0,0.0,1.0,-1
"F[1,2](Calcium <= 3.140 -> BaseExcess <= 0.000)
",-9999999.000,-9999999.000,0.000,0.000,1.000,0,0,0,20,20,0,0,20,0.0,0.0,0.0,0.0,0.0,1.0,-1
"F[1,1]((FiO2 >= 0.000 & Chloride >= 0.000) & Magnesium >= 0.000)
",0.000,0.000,0.000,0.000,1.000,0,0,0,20,20,0,0,20,0.0,0.0,0.0,0.0,0.0,1.0,-1
"F[1,1](((Calcium <= 4.838 | Creatinine >= 0.003) & Hct <= 0.127) | PaCO2 >= 0.006)
",4572163052871723.000,0.127,0.000,0.000,1.000,0,0,0,20,20,0,0,20,0.0,0.0,0.0,0.0,0.0,1.0,-1
"F[0,1](((SepsisLabel >= 0.000 & Calcium >= 0.085) | HCO3 >= 0.047) -> PaCO2 >= 0.034)
",-9999999.000,-9999999.000,0.000,0.000,1.000,0,0,0,20,20,0,0,20,0.0,0.0,0.0,0.0,0.0,1.0,-1
"F[1,2]((Alkalinephos >= 0.000 & Calcium >= 0.113) | Platelets >= 0.052)
",-9999999.000,-9999999.000,0.000,0.000,1.000,0,0,0,20,20,0,0,20,0.0,0.0,0.0,0.0,0.0,1.0,-1
"F[0,2]((Temp <= 20.615 & SBP >= 49.249) & HR >= 35.395)
",-9999999.000,-9999999.000,0.000,0.000,1.000,0,0,0,20,20,0,0,20,0.0,0.0,0.0,0.0,0.0,1.0,-1
"F[0,2](AST >= 0.000 | Bilirubin_total >= 0.000)
",-9999999.000,-9999999.000,0.000,0.000,1.000,0,0,0,20,20,0,0,20,0.0,0.0,0.0,0.0,0.0,1.0,-1
"F[1,2](DBP >= 44.033 -> Magnesium <= 2.009)
",-9999999.000,-9999999.000,0.000,0.000,1.000,0,0,0,20,20,0,0,20,0.0,0.0,0.0,0.0,0.0,1.0,-1
"F[1,2]((Calcium >= 0.176 | Temp <= 27.794) -> Creatinine >= 8.590)
",-9999999.000,-9999999.000,0.000,0.000,1.000,0,0,0,20,20,0,0,20,0.0,0.0,0.0,0.0,0.0,1.0,-1
"F[0,2]((Hgb >= 0.281 | Temp <= 26.339) -> Hct >= 3.233)
",-9999999.000,-9999999.000,0.000,0.000,1.000,0,0,0,20,20,0,0,20,0.0,0.0,0.0,0.0,0.0,1.0,-1
"F[2,2]((Glucose <= 140.265 & Platelets <= 135.456) -> Hgb <= 128.589)
",-4765940077929698.000,-135.456,0.000,0.000,1.000,0,0,0,20,20,0,0,20,0.0,0.0,0.0,0.0,0.0,1.0,-1
"F[0,2](Hgb <= 10.905 | Hct <= 24.916)
",-9999999.000,-9999999.000,0.000,0.000,1.000,0,0,0,20,20,0,0,20,0.0,0.0,0.0,0.0,0.0,1.0,-1
"F[2,2]((Calcium <= 6.868 & Potassium <= 3.075) & Magnesium >= 0.041)
",-0.041,-0.041,0.000,0.000,1.000,0,0,0,20,20,0,0,20,0.0,0.0,0.0,0.0,0.0,1.0,-1
"F[1,2](((Calcium < 6.796 & Potassium < 2.601) & Magnesium < 0.246) & Phosphate < 0.000)
",-9999999.000,-9999999.000,0.000,0.000,1.000,0,0,0,20,20,0,0,20,0.0,0.0,0.0,0.0,0.0,1.0,-1
"F[1,2]((Phosphate >= 0.000 & Magnesium > 0.017) -> Calcium < 5.979)
",-9999999.000,-9999999.000,0.000,0.000,1.000,0,0,0,20,20,0,0,20,0.0,0.0,0.0,0.0,0.0,1.0,-1
"((MAP >= 3.143) U[0,2] (SBP <= 129.191))
",-9999999.000,-9999999.000,0.000,0.000,1.000,0,0,0,20,20,0,0,20,0.0,0.0,0.0,0.0,0.0,1.0,-1
"F[1,2](Hgb <= 1.316 | Hct <= 36.580)
",-9999999.000,-9999999.000,0.000,0.000,1.000,0,0,0,20,20,0,0,20,0.0,0.0,0.0,0.0,0.0,1.0,-1
"((MAP >= 24.904) U[0,2] (SBP <= 135.215))
",-9999999.000,-9999999.000,0.000,0.000,1.000,0,0,0,20,20,0,0,20,0.0,0.0,0.0,0.0,0.0,1.0,-1
"F[0,0]((Creatinine >= 0.000 -> PaCO2 >= 0.000) | Phosphate <= 0.000)
",0.000,0.000,0.000,0.000,1.000,0,0,0,20,20,0,0,20,0.0,0.0,0.0,0.0,0.0,1.0,-1
"F[0,0]((AST >= 0.000 & Bilirubin_total >= 0.000) & AST <= 0.000)
",0.000,0.000,0.000,0.000,1.000,0,0,0,20,20,0,0,20,0.0,0.0,0.0,0.0,0.0,1.0,-1
"F[0,1](Bilirubin_direct >= 0.000 | TroponinI <= 0.000)
",-9999999.000,-9999999.000,0.000,0.000,1.000,0,0,0,20,20,0,0,20,0.0,0.0,0.0,0.0,0.0,1.0,-1
"G[0,2]((AST <= 0.000 | Platelets >= 4.479) & Magnesium <= 114.050)
",9999999.000,9999999.000,0.000,1.000,0.000,0,0,20,0,0,20,20,0,0.0,0.0,1.0,0.0,0.0,1.0,1
"G[1,2]((Hct <= 26.082 | MAP <= 83.793) | EtCO2 <= 85.068)
",9999999.000,9999999.000,0.000,1.000,0.000,0,0,20,0,0,20,20,0,0.0,0.0,1.0,0.0,0.0,1.0,1
"G[0,2](((Alkalinephos <= 0.000 & BaseExcess <= 0.000) & SaO2 <= 0.000) | Creatinine >= 0.000)
",9999999.000,9999999.000,0.000,1.000,0.000,0,0,20,0,0,20,20,0,0.0,0.0,1.0,0.0,0.0,1.0,1
"G[0,2](Magnesium >= 0.054 | AST >= 0.000)
",9999999.000,9999999.000,0.000,1.000,0.000,0,0,20,0,0,20,20,0,0.0,0.0,1.0,0.0,0.0,1.0,1
"G[0,2]((Platelets <= 94.874 & Calcium <= 7.682) -> DBP <= 5.583)
",9999999.000,9999999.000,0.000,1.000,0.000,0,0,0,20,20,0,0,20,0.0,0.0,0.0,0.0,0.0,1.0,1
"G[0,1]((Alkalinephos >= 0.000 -> SepsisLabel <= 0.000) & HR <= 0.000)
",9999999.000,9999999.000,0.000,1.000,0.000,0,0,0,20,20,0,0,20,0.0,0.0,0.0,0.0,0.0,1.0,1
"G[1,2](EtCO2 <= 0.000 & pH >= 0.000)
",9999999.000,9999999.000,0.000,1.000,0.000,0,0,20,0,0,20,20,0,0.0,0.0,1.0,0.0,0.0,1.0,1
"G[0,2](((pH >= 0.000 | Bilirubin_total <= 0.000) & Potassium >= 0.000) -> Phosphate <= 0.000)
",9999999.000,9999999.000,0.000,1.000,0.000,0,0,20,0,0,20,20,0,0.0,0.0,1.0,0.0,0.0,1.0,1
"G[1,2](((Glucose <= 58.620 | Glucose >= 7.479) & Temp <= 106.994) | Creatinine <= 118.611)
",9999999.000,9999999.000,0.000,1.000,0.000,0,0,20,0,0,20,20,0,0.0,0.0,1.0,0.0,0.0,1.0,1
"G[2,2](Platelets <= 192.835 -> WBC >= 0.047)
",-6784789459665189.000,-192.835,0.000,1.000,0.000,0,0,20,0,0,20,20,0,0.0,0.0,1.0,0.0,0.0,1.0,1
"G[1,2]((Lactate >= 0.000 | Alkalinephos <= 0.000) & FiO2 >= 0.000)
",9999999.000,9999999.000,0.000,1.000,0.000,0,0,20,0,0,20,20,0,0.0,0.0,1.0,0.0,0.0,1.0,1
"G[0,2]((Hgb <= 12.002 | Alkalinephos >= 0.000) & TroponinI >= 0.000)
",9999999.000,9999999.000,0.000,1.000,0.000,0,0,20,0,0,20,20,0,0.0,0.0,1.0,0.0,0.0,1.0,1
"G[0,2](Alkalinephos >= 0.000 & Phosphate >= 0.000)
",9999999.000,9999999.000,0.000,1.000,0.000,0,0,20,0,0,20,20,0,0.0,0.0,1.0,0.0,0.0,1.0,1
"G[0,2](((Potassium >= 0.068 | Hct <= 13.356) | EtCO2 >= 0.924) -> BaseExcess <= 32.695)
",9999999.000,9999999.000,0.000,1.000,0.000,0,0,20,0,0,20,20,0,0.0,0.0,1.0,0.0,0.0,1.0,1
"G[0,2]((O2Sat <= 99.354 | SaO2 <= 0.000) & AST <= 0.000)
",9999999.000,9999999.000,0.000,1.000,0.000,0,0,20,0,0,20,20,0,0.0,0.0,1.0,0.0,0.0,1.0,1
"G[2,2]((Lactate <= 0.000 & PaCO2 <= 0.000) & SepsisLabel >= 0.000)
",0.000,0.000,0.000,1.000,0.000,0,0,20,0,0,20,20,0,0.0,0.0,1.0,0.0,0.0,1.0,1
"G[0,1]((Platelets >= 2.926 & Bilirubin_direct <= 0.000) & WBC <= 0.000)
",9999999.000,9999999.000,0.000,1.000,0.000,0,0,0,20,20,0,0,20,0.0,0.0,0.0,0.0,0.0,1.0,1
"G[1,1](((Creatinine >= 0.019 -> O2Sat <= 96.289) -> Creatinine >= 41.236) | SepsisLabel >= 84.688)
",41.236,41.236,0.000,1.000,0.000,0,0,1,19,19,1,1,19,0.0,0.0,1.0,0.0,0.0,1.0,1
"G[0,2](((EtCO2 <= 0.000 & TroponinI <= 0.000) & MAP <= 0.000) -> Phosphate <= 0.000)
",9999999.000,9999999.000,0.000,1.000,0.000,0,0,20,0,0,20,20,0,0.0,0.0,1.0,0.0,0.0,1.0,1
"G[0,2]((O2Sat >= 31.824 & Temp >= 2.684) | FiO2 <= 19.175)
",9999999.000,9999999.000,0.000,1.000,0.000,0,0,20,0,0,20,20,0,0.0,0.0,1.0,0.0,0.0,1.0,1
"G[0,2]((BUN >= 0.279 | Temp <= 29.331) -> Calcium >= 1.539)
",9999999.000,9999999.000,0.000,1.000,0.000,0,0,1,19,19,1,1,19,0.0,0.0,1.0,0.0,0.0,1.0,1
"G[2,2]((Glucose <= 74.213 & WBC <= 3.782) | HCO3 >= 0.059)
",3.782,3.782,0.000,1.000,0.000,0,0,20,0,0,20,20,0,0.0,0.0,1.0,0.0,0.0,1.0,1
"G[0,1](Glucose >= 10.644 & Magnesium <= 2.059)
",9999999.000,9999999.000,0.000,1.000,0.000,0,0,1,19,19,1,1,19,0.0,0.0,1.0,0.0,0.0,1.0,1
"G[1,2](Chloride >= 0.000 & HCO3 >= 0.000)
",9999999.000,9999999.000,0.000,1.000,0.000,0,0,20,0,0,20,20,0,0.0,0.0,1.0,0.0,0.0,1.0,1
"G[1,2](BUN <= 7.625 & Creatinine >= 0.005)
",9999999.000,9999999.000,0.000,1.000,0.000,0,0,1,19,19,1,1,19,0.0,0.0,1.0,0.0,0.0,1.0,1
"G[1,1](((Hgb <= 1.024 | Hct <= 8.486) -> WBC >= 0.011) & Platelets >= 4.491)
",-4777385344218951.000,-8.486,0.000,1.000,0.000,0,0,1,19,19,1,1,19,0.0,0.0,1.0,0.0,0.0,1.0,1
"G[0,1](Platelets <= 176.362 -> WBC >= 0.069)
",9999999.000,9999999.000,0.000,1.000,0.000,0,0,0,20,20,0,0,20,0.0,0.0,0.0,0.0,0.0,1.0,1
"G[0,2](Chloride >= 0.000 & HCO3 >= 0.000)
",9999999.000,9999999.000,0.000,1.000,0.000,0,0,20,0,0,20,20,0,0.0,0.0,1.0,0.0,0.0,1.0,1
"G[0,2](((Temp <= 26.627 & Magnesium >= 0.029) -> MAP >= 0.027) -> pH <= 1.678)
",9999999.000,9999999.000,0.000,1.000,0.000,0,0,20,0,0,20,20,0,0.0,0.0,1.0,0.0,0.0,1.0,1
"G[0,2](((Glucose >= 7.777 -> PaCO2 >= 0.000) & PTT >= 0.000) -> Creatinine >= 0.000)
",9999999.000,9999999.000,0.000,1.000,0.000,0,0,20,0,0,20,20,0,0.0,0.0,1.0,0.0,0.0,1.0,1
"G[1,2](((MAP <= 93.925 -> pH <= 0.000) & HCO3 >= 0.000) | BUN >= 0.000)
",9999999.000,9999999.000,0.000,1.000,0.000,0,0,20,0,0,20,20,0,0.0,0.0,1.0,0.0,0.0,1.0,1
"G[0,2](((Hct >= 0.895 & PTT <= 0.000) | Bilirubin_direct >= 0.000) -> Platelets <= 0.000)
",9999999.000,9999999.000,0.000,1.000,0.000,0,0,19,1,1,19,19,1,0.0,0.0,1.0,0.0,0.0,1.0,1
"G[1,2]((SaO2 <= 0.000 & Creatinine >= 0.004) | EtCO2 <= 0.272)
",9999999.000,9999999.000,0.000,1.000,0.000,0,0,20,0,0,20,20,0,0.0,0.0,1.0,0.0,0.0,1.0,1
"G[2,2](((Calcium >= 0.153 -> Temp <= 26.614) & Hct <= 26.515) & pH <= 34.403)
",-7491184249385189.000,-26.614,0.000,1.000,0.000,0,0,20,0,0,20,20,0,0.0,0.0,1.0,0.0,0.0,1.0,1
"G[0,1](((HCO3 >= 0.000 -> PTT <= 0.000) & PaCO2 <= 0.000) -> O2Sat <= 0.000)
",9999999.000,9999999.000,0.000,1.000,0.000,0,0,0,20,20,0,0,20,0.0,0.0,0.0,0.0,0.0,1.0,1
"G[0,2](((PaCO2 <= 0.000 -> pH >= 0.000) -> HCO3 >= 0.000) | Creatinine <= 0.000)
",9999999.000,9999999.000,0.000,1.000,0.000,0,0,20,0,0,20,20,0,0.0,0.0,1.0,0.0,0.0,1.0,1
"G[1,1](((Phosphate >= 0.000 -> Calcium >= 0.121) | SepsisLabel >= 0.183) & MAP >= 0.104)
",-7524264537353073.000,-0.104,0.000,1.000,0.000,0,0,1,19,19,1,1,19,0.0,0.0,1.0,0.0,0.0,1.0,1
"G[2,2](((Platelets <= 53.679 -> Alkalinephos >= 0.000) -> Resp >= 0.000) | FiO2 <= 0.000)
",0.000,0.000,0.000,1.000,0.000,0,0,20,0,0,20,20,0,0.0,0.0,1.0,0.0,0.0,1.0,1
"G[0,2](Magnesium >= 0.030 & O2Sat <= 96.922)
",9999999.000,9999999.000,0.000,1.000,0.000,0,0,0,20,20,0,0,20,0.0,0.0,0.0,0.0,0.0,1.0,1
"G[0,1]((Calcium >= 0.041 & O2Sat <= 96.329) & Potassium >= 65.903)
",9999999.000,9999999.000,0.000,1.000,0.000,0,0,0,20,20,0,0,20,0.0,0.0,0.0,0.0,0.0,1.0,1
"G[1,2](Glucose <= 147.144 | SBP <= 137.966)
",9999999.000,9999999.000,0.000,1.000,0.000,0,0,20,0,0,20,20,0,0.0,0.0,1.0,0.0,0.0,1.0,1
"G[0,2](DBP <= 85.522 -> Temp <= 12.640)
",9999999.000,9999999.000,0.000,1.000,0.000,0,0,10,10,10,10,10,10,0.0,0.0,1.0,0.0,0.0,1.0,1
"G[2,2]((Creatinine <= 0.187 & Resp >= 3.524) & Calcium <= 18.993)
",-3.524,-3.524,0.000,1.000,0.000,0,0,20,0,0,20,20,0,0.0,0.0,1.0,0.0,0.0,1.0,1
"G[1,2]((Calcium <= 0.763 | Resp <= 19.040) -> PTT <= 17.109)
",9999999.000,9999999.000,0.000,1.000,0.000,0,0,20,0,0,20,20,0,0.0,0.0,1.0,0.0,0.0,1.0,1
"G[0,2]((BUN >= 0.265 & Resp >= 8.318) | MAP <= 20.239)
",9999999.000,9999999.000,0.000,1.000,0.000,0,0,0,20,20,0,0,20,0.0,0.0,0.0,0.0,0.0,1.0,1
"G[1,2](((Hct <= 13.138 -> HR >= 49.151) & BUN <= 117.414) -> PaCO2 >= 44.570)
",9999999.000,9999999.000,0.000,1.000,0.000,0,0,2,18,18,2,2,18,0.0,0.0,1.0,0.0,0.0,1.0,1
"G[1,2](((DBP >= 29.805 | Glucose >= 5.529) & Calcium >= 4.190) & HR <= 42.475)
",9999999.000,9999999.000,0.000,1.000,0.000,0,0,1,19,19,1,1,19,0.0,0.0,1.0,0.0,0.0,1.0,1
"G[0,0](((MAP <= 99.695 & WBC >= 0.063) & Glucose <= 2.131) & BUN >= 0.022)
",-1.258,-16.437,0.000,1.000,0.000,0,0,0,20,20,0,0,20,0.0,0.0,0.0,0.0,0.0,1.0,1
"G[0,2](((MAP <= 100.726 & Platelets >= 4.553) -> PaCO2 <= 115.736) & Creatinine <= 126.585)
",9999999.000,9999999.000,0.000,1.000,0.000,0,0,20,0,0,20,20,0,0.0,0.0,1.0,0.0,0.0,1.0,1
"G[0,2](Magnesium <= 0.724 -> MAP <= 81.669)
",9999999.000,9999999.000,0.000,1.000,0.000,0,0,8,12,12,8,8,12,0.0,0.0,1.0,0.0,0.0,1.0,1
"G[0,2](BUN <= 2.141 -> MAP <= 97.358)
",9999999.000,9999999.000,0.000,1.000,0.000,0,0,18,2,2,18,18,2,0.0,0.0,1.0,0.0,0.0,1.0,1
"G[1,2]((MAP <= 76.764 -> Potassium >= 0.083) & Magnesium >= 0.020)
",9999999.000,9999999.000,0.000,1.000,0.000,0,0,1,19,19,1,1,19,0.0,0.0,1.0,0.0,0.0,1.0,1
"G[2,2]((HR >= 5.130 -> Temp >= 9.843) | BaseExcess <= 13.820)
",7780239717336539.000,13.820,0.000,1.000,0.000,0,0,20,0,0,20,20,0,0.0,0.0,1.0,0.0,0.0,1.0,1
"G[0,2](((Glucose >= 5.618 & Temp >= 0.888) -> TroponinI <= 23.672) -> Creatinine >= 10.103)
",9999999.000,9999999.000,0.000,1.000,0.000,0,0,0,20,20,0,0,20,0.0,0.0,0.0,0.0,0.0,1.0,1
"G[0,2](((FiO2 <= 0.000 & BaseExcess <= 0.000) & AST >= 0.000) & Calcium >= 0.000)
",9999999.000,9999999.000,0.000,1.000,0.000,0,0,20,0,0,20,20,0,0.0,0.0,1.0,0.0,0.0,1.0,1
"G[1,2]((Hct <= 35.312 -> Temp <= 21.876) -> Bilirubin_total <= 13.418)
",9999999.000,9999999.000,0.000,1.000,0.000,0,0,20,0,0,20,20,0,0.0,0.0,1.0,0.0,0.0,1.0,1
"G[1,2](((WBC <= 5.716 & EtCO2 <= 0.000) -> WBC >= 0.000) -> FiO2 <= 0.000)
",9999999.000,9999999.000,0.000,1.000,0.000,0,0,20,0,0,20,20,0,0.0,0.0,1.0,0.0,0.0,1.0,1
"G[0,2](((BaseExcess >= 0.000 & Bilirubin_total <= 0.000) | Lactate <= 0.000) | Potassium >= 0.000)
",9999999.000,9999999.000,0.000,1.000,0.000,0,0,20,0,0,20,20,0,0.0,0.0,1.0,0.0,0.0,1.0,1
"G[2,2](((Magnesium >= 0.038 | Potassium <= 2.642) & HCO3 >= 0.071) -> Resp <= 1.586)
",-7143206436280220.000,-1.586,0.000,1.000,0.000,0,0,20,0,0,20,20,0,0.0,0.0,1.0,0.0,0.0,1.0,1
"G[0,2](BUN <= 8.295 & Creatinine >= 0.004)
",9999999.000,9999999.000,0.000,1.000,0.000,0,0,0,20,20,0,0,20,0.0,0.0,0.0,0.0,0.0,1.0,1
"G[1,2](((Hgb <= 10.690 | Hct <= 29.151) -> WBC >= 0.132) & Platelets >= 3.042)
",9999999.000,9999999.000,0.000,1.000,0.000,0,0,1,19,19,1,1,19,0.0,0.0,1.0,0.0,0.0,1.0,1
"G[1,2](Platelets <= 23.263 -> WBC >= 0.133)
",9999999.000,9999999.000,0.000,1.000,0.000,0,0,1,19,19,1,1,19,0.0,0.0,1.0,0.0,0.0,1.0,1
"G[1,2](BUN <= 13.887 & Creatinine >= 0.003)
",9999999.000,9999999.000,0.000,1.000,0.000,0,0,1,19,19,1,1,19,0.0,0.0,1.0,0.0,0.0,1.0,1
"G[2,2](Creatinine <= 0.167 -> SepsisLabel = 0.000)
",-6027899285054388.000,-0.167,0.000,1.000,0.000,0,0,20,0,0,20,20,0,0.0,0.0,1.0,0.0,0.0,1.0,1
"G[0,2](Magnesium <= 1.051 & SepsisLabel = 0.000)
",9999999.000,9999999.000,0.000,1.000,0.000,0,0,19,1,1,19,19,1,0.0,0.0,1.0,0.0,0.0,1.0,1
"G[0,2](Bilirubin_direct <= 0.000 -> SepsisLabel = 0.000)
",9999999.000,9999999.000,0.000,1.000,0.000,0,0,20,0,0,20,20,0,0.0,0.0,1.0,0.0,0.0,1.0,1
"G[1,2](SBP > 73.909 & SepsisLabel = 0.000)
",9999999.000,9999999.000,0.000,1.000,0.000,0,0,19,1,1,19,19,1,0.0,0.0,1.0,0.0,0.0,1.0,1
"G[1,2](Phosphate <= 0.000 -> SepsisLabel = 0.000)
",9999999.000,9999999.000,0.000,1.000,0.000,0,0,20,0,0,20,20,0,0.0,0.0,1.0,0.0,0.0,1.0,1
"G[1,2](PTT > 0.000 -> SepsisLabel = 0.000)
",9999999.000,9999999.000,0.000,1.000,0.000,0,0,20,0,0,20,20,0,0.0,0.0,1.0,0.0,0.0,1.0,1
"G[1,2](Chloride < 0.000 -> SepsisLabel = 0.000)
",9999999.000,9999999.000,0.000,1.000,0.000,0,0,20,0,0,20,20,0,0.0,0.0,1.0,0.0,0.0,1.0,1
"G[2,2](BUN <= 2.495 & Creatinine >= 0.005)
",-0.005,-0.005,0.000,1.000,0.000,0,0,20,0,0,20,20,0,0.0,0.0,1.0,0.0,0.0,1.0,1
"G[2,2](Platelets <= 192.583 -> WBC >= 0.018)
",-192.583,-192.583,0.000,1.000,0.000,0,0,20,0,0,20,20,0,0.0,0.0,1.0,0.0,0.0,1.0,1
"G[0,1](BUN <= 12.472 & Creatinine >= 0.018)
",9999999.000,9999999.000,0.000,1.000,0.000,0,0,0,20,20,0,0,20,0.0,0.0,0.0,0.0,0.0,1.0,1
"G[1,2](((Hgb <= 1.340 | Hct <= 7.915) -> WBC >= 0.136) & Platelets >= 1.332)
",9999999.000,9999999.000,0.000,1.000,0.000,0,0,1,19,19,1,1,19,0.0,0.0,1.0,0.0,0.0,1.0,1
"G[1,2](Platelets <= 149.917 -> WBC >= 0.135)
",9999999.000,9999999.000,0.000,1.000,0.000,0,0,1,19,19,1,1,19,0.0,0.0,1.0,0.0,0.0,1.0,1
"G[0,2](Bilirubin_total < 0.000 -> SepsisLabel = 0.000)
",9999999.000,9999999.000,0.000,1.000,0.000,0,0,20,0,0,20,20,0,0.0,0.0,1.0,0.0,0.0,1.0,1
"G[1,2](((WBC >= 0.018 | EtCO2 <= 0.000) | TroponinI >= 0.000) -> Lactate >= 0.000)
",9999999.000,9999999.000,0.000,1.000,0.000,0,0,20,0,0,20,20,0,0.0,0.0,1.0,0.0,0.0,1.0,1
"G[0,2](((Resp >= 11.251 & Alkalinephos >= 0.000) & Magnesium >= 0.000) & Bilirubin_direct >= 0.000)
",9999999.000,9999999.000,0.000,1.000,0.000,0,0,16,4,4,16,16,4,0.0,0.0,1.0,0.0,0.0,1.0,1
"G[0,2](Bilirubin_total >= 0.000 | Bilirubin_total <= 0.000)
",9999999.000,9999999.000,0.000,1.000,0.000,0,0,20,0,0,20,20,0,0.0,0.0,1.0,0.0,0.0,1.0,1
"G[2,2](((PaCO2 <= 0.000 & FiO2 >= 0.000) | Magnesium <= 0.000) | Chloride <= 0.000)
",0.000,0.000,0.000,1.000,0.000,0,0,20,0,0,20,20,0,0.0,0.0,1.0,0.0,0.0,1.0,1
"G[1,2]((SBP <= 137.957 | Calcium <= 2.512) & Bilirubin_total <= 2.995)
",9999999.000,9999999.000,0.000,1.000,0.000,0,0,20,0,0,20,20,0,0.0,0.0,1.0,0.0,0.0,1.0,1
"G[1,2](((BUN <= 4.013 & SepsisLabel <= 0.000) | Alkalinephos <= 0.000) & EtCO2 <= 0.000)
",9999999.000,9999999.000,0.000,1.000,0.000,0,0,20,0,0,20,20,0,0.0,0.0,1.0,0.0,0.0,1.0,1
"G[2,2]((Glucose <= 109.975 & SaO2 <= 0.000) & SBP >= 0.000)
",0.000,0.000,0.000,1.000,0.000,0,0,20,0,0,20,20,0,0.0,0.0,1.0,0.0,0.0,1.0,1
"G[2,2]((O2Sat >= 44.003 | Hct <= 30.849) & Fibrinogen >= 0.377)
",-0.377,-0.377,0.000,1.000,0.000,0,0,20,0,0,20,20,0,0.0,0.0,1.0,0.0,0.0,1.0,1
"G[2,2](Creatinine >= 0.002 -> Phosphate >= 0.000)
",0.000,0.000,0.000,1.000,0.000,0,0,20,0,0,20,20,0,0.0,0.0,1.0,0.0,0.0,1.0,1
"G[1,2](SBP <= 147.217 -> Resp <= 19.743)
",9999999.000,9999999.000,0.000,1.000,0.000,0,0,18,2,2,18,18,2,0.0,0.0,1.0,0.0,0.0,1.0,1
"G[1,2]((Potassium <= 1.784 -> Magnesium <= 0.474) -> Magnesium >= 0.038)
",9999999.000,9999999.000,0.000,1.000,0.000,0,0,1,19,19,1,1,19,0.0,0.0,1.0,0.0,0.0,1.0,1
"G[0,0]((Potassium >= 0.013 & BUN <= 7.285) & PaCO2 <= 6.882)
",-7677635620675486.000,-0.013,0.000,1.000,0.000,0,0,0,20,20,0,0,20,0.0,0.0,0.0,0.0,0.0,1.0,1
"G[1,1]((Calcium <= 4.981 -> Potassium <= 0.274) -> PaCO2 >= 0.016)
",4534299614327206.000,0.016,0.000,1.000,0.000,0,0,1,19,19,1,1,19,0.0,0.0,1.0,0.0,0.0,1.0,1
"G[0,0](((Hct <= 4.514 & Resp >= 11.892) & Magnesium >= 3.719) & EtCO2 <= 16.248)
",-1.941,-4.850,0.000,1.000,0.000,0,0,0,20,20,0,0,20,0.0,0.0,0.0,0.0,0.0,1.0,1
"G[0,2]((BUN >= 0.206 -> Calcium >= 0.006) & Phosphate >= 0.173)
",9999999.000,9999999.000,0.000,1.000,0.000,0,0,0,20,20,0,0,20,0.0,0.0,0.0,0.0,0.0,1.0,1
"G[0,1](PaCO2 > 0.000 & SepsisLabel = 0.000)
",9999999.000,9999999.000,0.000,1.000,0.000,0,0,0,20,20,0,0,20,0.0,0.0,0.0,0.0,0.0,1.0,1
"G[1,2]((BUN >= 0.110 -> Magnesium <= 0.234) -> BaseExcess <= 0.199)
",9999999.000,9999999.000,0.000,1.000,0.000,0,0,20,0,0,20,20,0,0.0,0.0,1.0,0.0,0.0,1.0,1
"G[0,0](BUN <= 6.741 & Creatinine >= 0.008)
",-0.008,-0.008,0.000,1.000,0.000,0,0,0,20,20,0,0,20,0.0,0.0,0.0,0.0,0.0,1.0,1
"G[0,1](((Hgb <= 9.156 | Hct <= 16.145) -> WBC >= 0.137) & Platelets >= 2.075)
",9999999.000,9999999.000,0.000,1.000,0.000,0,0,0,20,20,0,0,20,0.0,0.0,0.0,0.0,0.0,1.0,1
"G[1,2](Platelets <= 14.954 -> WBC >= 0.032)
",9999999.000,9999999.000,0.000,1.000,0.000,0,0,1,19,19,1,1,19,0.0,0.0,1.0,0.0,0.0,1.0,1
"G[0,0](BUN <= 10.444 & Creatinine >= 0.008)
",-4582579804057525.000,-0.008,0.000,1.000,0.000,0,0,0,20,20,0,0,20,0.0,0.0,0.0,0.0,0.0,1.0,1
"G[1,2](((Hgb <= 4.466 | Hct <= 36.608) -> WBC >= 0.030) & Platelets >= 2.092)
",9999999.000,9999999.000,0.000,1.000,0.000,0,0,1,19,19,1,1,19,0.0,0.0,1.0,0.0,0.0,1.0,1
"G[0,1](Platelets <= 159.580 -> WBC >= 0.006)
",9999999.000,9999999.000,0.000,1.000,0.000,0,0,0,20,20,0,0,20,0.0,0.0,0.0,0.0,0.0,1.0,1
"G[1,2](BUN <= 11.592 & Creatinine >= 0.000)
",9999999.000,9999999.000,0.000,1.000,0.000,0,0,20,0,0,20,20,0,0.0,0.0,1.0,0.0,0.0,1.0,1
"G[0,2](((Hgb <= 3.303 | Hct <= 27.564) -> WBC >= 0.046) & Platelets >= 1.437)
",9999999.000,9999999.000,0.000,1.000,0.000,0,0,0,20,20,0,0,20,0.0,0.0,0.0,0.0,0.0,1.0,1
"G[0,1](Platelets <= 129.282 -> WBC >= 0.012)
",9999999.000,9999999.000,0.000,1.000,0.000,0,0,0,20,20,0,0,20,0.0,0.0,0.0,0.0,0.0,1.0,1
"G[0,1](BUN <= 9.202 & Creatinine >= 0.018)
",9999999.000,9999999.000,0.000,1.000,0.000,0,0,0,20,20,0,0,20,0.0,0.0,0.0,0.0,0.0,1.0,1
"G[0,2](((Hgb <= 1.365 | Hct <= 29.142) -> WBC >= 0.029) & Platelets >= 3.597)
",9999999.000,9999999.000,0.000,1.000,0.000,0,0,0,20,20,0,0,20,0.0,0.0,0.0,0.0,0.0,1.0,1
"G[0,1](Platelets <= 73.617 -> WBC >= 0.026)
",9999999.000,9999999.000,0.000,1.000,0.000,0,0,0,20,20,0,0,20,0.0,0.0,0.0,0.0,0.0,1.0,1
"G[2,2](Chloride >= 0.000 & HCO3 >= 0.000)
",0.000,0.000,0.000,1.000,0.000,0,0,20,0,0,20,20,0,0.0,0.0,1.0,0.0,0.0,1.0,1
"G[0,1](((Hgb <= 8.952 | Hct <= 30.576) -> WBC >= 0.052) & Platelets >= 1.548)
",9999999.000,9999999.000,0.000,1.000,0.000,0,0,0,20,20,0,0,20,0.0,0.0,0.0,0.0,0.0,1.0,1
"G[0,2](((Hct >= 0.912 & Magnesium <= 0.753) -> Phosphate >= 0.016) -> BUN >= 0.018)
",9999999.000,9999999.000,0.000,1.000,0.000,0,0,0,20,20,0,0,20,0.0,0.0,0.0,0.0,0.0,1.0,1
"G[0,1](Platelets <= 45.786 -> WBC >= 0.067)
",9999999.000,9999999.000,0.000,1.000,0.000,0,0,0,20,20,0,0,20,0.0,0.0,0.0,0.0,0.0,1.0,1
"G[0,2](((Hgb <= 3.025 | Hct <= 31.896) -> WBC >= 0.021) & Platelets >= 0.947)
",9999999.000,9999999.000,0.000,1.000,0.000,0,0,0,20,20,0,0,20,0.0,0.0,0.0,0.0,0.0,1.0,1
"G[0,2](BUN <= 10.052 & Creatinine >= 0.012)
",9999999.000,9999999.000,0.000,1.000,0.000,0,0,0,20,20,0,0,20,0.0,0.0,0.0,0.0,0.0,1.0,1
"G[0,2](Chloride >= 0.000 & HCO3 >= 0.000)
",9999999.000,9999999.000,0.000,1.000,0.000,0,0,20,0,0,20,20,0,0.0,0.0,1.0,0.0,0.0,1.0,1
"G[1,2]((MAP <= 85.549 & Resp <= 21.947) -> PaCO2 <= 20.516)
",9999999.000,9999999.000,0.000,1.000,0.000,0,0,20,0,0,20,20,0,0.0,0.0,1.0,0.0,0.0,1.0,1
"G[0,2](((DBP <= 84.642 & O2Sat >= 61.925) | FiO2 <= 99.829) -> AST >= 45.990)
",9999999.000,9999999.000,0.000,1.000,0.000,0,0,0,20,20,0,0,20,0.0,0.0,0.0,0.0,0.0,1.0,1
"G[2,2](((MAP >= 16.179 & O2Sat <= 92.989) -> Platelets >= 56.107) | EtCO2 >= 14.311)
",4553845717482038.000,16.179,0.000,1.000,0.000,0,0,20,0,0,20,20,0,0.0,0.0,1.0,0.0,0.0,1.0,1
"G[0,1]((HR >= 1.016 & SBP <= 134.505) & PTT >= 8.123)
",9999999.000,9999999.000,0.000,1.000,0.000,0,0,0,20,20,0,0,20,0.0,0.0,0.0,0.0,0.0,1.0,1
"G[1,2](((O2Sat <= 97.285 -> SBP <= 117.643) & Magnesium <= 149.127) -> MAP <= 126.181)
",9999999.000,9999999.000,0.000,1.000,0.000,0,0,20,0,0,20,20,0,0.0,0.0,1.0,0.0,0.0,1.0,1
"G[0,1](((MAP >= 72.270 | SBP >= 33.270) | EtCO2 >= 14.849) & Chloride >= 34.906)
",9999999.000,9999999.000,0.000,1.000,0.000,0,0,0,20,20,0,0,20,0.0,0.0,0.0,0.0,0.0,1.0,1
"G[2,2](Platelets <= 182.906 | Potassium >= 0.032)
",6435429157047060.000,182.906,0.000,1.000,0.000,0,0,20,0,0,20,20,0,0.0,0.0,1.0,0.0,0.0,1.0,1
"G[0,1](((Creatinine <= 0.731 -> Potassium >= 0.065) & HCO3 >= 0.047) & Hgb <= 1.232)
",9999999.000,9999999.000,0.000,1.000,0.000,0,0,0,20,20,0,0,20,0.0,0.0,0.0,0.0,0.0,1.0,1
"G[0,2](((MAP >= 3.819 & MAP >= 60.511) & Alkalinephos <= 92.258) & BUN <= 89.674)
",9999999.000,9999999.000,0.000,1.000,0.000,0,0,18,2,2,18,18,2,0.0,0.0,1.0,0.0,0.0,1.0,1
"G[1,2](FiO2 <= 0.000 -> WBC >= 0.094)
",9999999.000,9999999.000,0.000,1.000,0.000,0,0,1,19,19,1,1,19,0.0,0.0,1.0,0.0,0.0,1.0,1
"F[1,2](((TroponinI <= 0.000 | Resp >= 10.829) & TroponinI >= 3.204) & BaseExcess <= 17.451)
",-9999999.000,-9999999.000,0.000,0.000,1.000,0,0,0,20,20,0,0,20,0.0,0.0,0.0,0.0,0.0,1.0,-1
"F[2,2](((EtCO2 >= 0.000 -> Magnesium >= 0.035) & Temp <= 0.950) -> SBP >= 0.025)
",0.000,0.000,0.000,0.000,1.000,0,0,0,20,20,0,0,20,0.0,0.0,0.0,0.0,0.0,1.0,-1
"F[1,2]((Hct <= 14.843 & SaO2 >= 0.000) & SaO2 >= 0.000)
",-9999999.000,-9999999.000,0.000,0.000,1.000,0,0,0,20,20,0,0,20,0.0,0.0,0.0,0.0,0.0,1.0,-1
"F[0,0](Fibrinogen >= 0.000 & Phosphate >= 0.000)
",0.236,0.116,0.000,0.000,1.000,0,0,0,20,20,0,0,20,0.0,0.0,0.0,0.0,0.0,1.0,-1
"F[2,2](((Alkalinephos >= 0.000 | Hgb >= 0.197) -> Bilirubin_direct >= 0.076) -> Bilirubin_direct >= 0.014)
",0.000,0.000,0.000,0.000,1.000,0,0,0,20,20,0,0,20,0.0,0.0,0.0,0.0,0.0,1.0,-1
"F[1,2]((Lactate <= 0.000 | Chloride >= 0.000) | Magnesium >= 0.000)
",-9999999.000,-9999999.000,0.000,0.000,1.000,0,0,0,20,20,0,0,20,0.0,0.0,0.0,0.0,0.0,1.0,-1
"F[1,1](((O2Sat >= 58.401 & Fibrinogen >= 0.000) -> Bilirubin_total <= 0.000) & Magnesium >= 0.000)
",0.000,0.000,0.000,0.000,1.000,0,0,0,20,20,0,0,20,0.0,0.0,0.0,0.0,0.0,1.0,-1
"((O2Sat >= 72.909) U[2,2] (SBP <= 116.747))
",8215308177748770.000,116.747,0.000,0.000,1.000,0,0,0,20,20,0,0,20,0.0,0.0,0.0,0.0,0.0,1.0,-1
"F[1,2](((Alkalinephos <= 0.000 -> Resp >= 5.427) & WBC <= 21.785) -> PTT >= 4.264)
",-9999999.000,-9999999.000,0.000,0.000,1.000,0,0,0,20,20,0,0,20,0.0,0.0,0.0,0.0,0.0,1.0,-1
"F[0,1](PTT >= 0.000 | HR <= 115.812)
",-9999999.000,-9999999.000,0.000,0.000,1.000,0,0,0,20,20,0,0,20,0.0,0.0,0.0,0.0,0.0,1.0,-1
"F[0,1](Alkalinephos >= 0.000 & Calcium <= 4.023)
",-9999999.000,-9999999.000,0.000,0.000,1.000,0,0,0,20,20,0,0,20,0.0,0.0,0.0,0.0,0.0,1.0,-1
"F[1,2]((O2Sat <= 96.936 -> Glucose >= 5.148) -> Magnesium <= 14.547)
",-9999999.000,-9999999.000,0.000,0.000,1.000,0,0,0,20,20,0,0,20,0.0,0.0,0.0,0.0,0.0,1.0,-1
"F[0,1]((pH <= 0.000 & SepsisLabel <= 0.000) -> BUN <= 0.000)
",-9999999.000,-9999999.000,0.000,0.000,1.000,0,0,0,20,20,0,0,20,0.0,0.0,0.0,0.0,0.0,1.0,-1
"F[0,2](WBC >= 0.041 | SBP <= 117.921)
",-9999999.000,-9999999.000,0.000,0.000,1.000,0,0,0,20,20,0,0,20,0.0,0.0,0.0,0.0,0.0,1.0,-1
"F[0,2]((PaCO2 >= 0.000 -> WBC <= 0.408) -> SaO2 >= 0.042)
",-9999999.000,-9999999.000,0.000,0.000,1.000,0,0,0,20,20,0,0,20,0.0,0.0,0.0,0.0,0.0,1.0,-1
"F[1,2](Hgb <= 3.702 | Hct <= 9.784)
",-9999999.000,-9999999.000,0.000,0.000,1.000,0,0,0,20,20,0,0,20,0.0,0.0,0.0,0.0,0.0,1.0,-1
"F[0,1](((PaCO2 >= 0.000 -> HCO3 <= 0.000) & Fibrinogen >= 0.000) & Bilirubin_direct >= 0.000)
",-9999999.000,-9999999.000,0.000,0.000,1.000,0,0,0,20,20,0,0,20,0.0,0.0,0.0,0.0,0.0,1.0,-1
"((Lactate <= 0.000) U[1,2] (TroponinI >= 0.000))
",-9999999.000,-9999999.000,0.000,0.000,1.000,0,0,0,20,20,0,0,20,0.0,0.0,0.0,0.0,0.0,1.0,-1
"F[1,2]((Potassium >= 0.016 -> BaseExcess >= 0.000) -> Bilirubin_total >= 0.000)
",-9999999.000,-9999999.000,0.000,0.000,1.000,0,0,0,20,20,0,0,20,0.0,0.0,0.0,0.0,0.0,1.0,-1
"F[1,2](Lactate <= 0.000 & Potassium <= 0.157)
",-9999999.000,-9999999.000,0.000,0.000,1.000,0,0,0,20,20,0,0,20,0.0,0.0,0.0,0.0,0.0,1.0,-1
"F[0,1]((AST >= 0.000 | Alkalinephos >= 0.000) | MAP <= 0.000)
",-9999999.000,-9999999.000,0.000,0.000,1.000,0,0,0,20,20,0,0,20,0.0,0.0,0.0,0.0,0.0,1.0,-1
"F[0,2](((O2Sat <= 95.437 & Creatinine <= 0.605) | AST >= 0.019) & Platelets >= 0.004)
",-9999999.000,-9999999.000,0.000,0.000,1.000,0,0,0,20,20,0,0,20,0.0,0.0,0.0,0.0,0.0,1.0,-1
"F[1,2](((Alkalinephos <= 0.000 & DBP <= 83.668) & BUN <= 85.766) -> Platelets >= 51.812)
",-9999999.000,-9999999.000,0.000,0.000,1.000,0,0,0,20,20,0,0,20,0.0,0.0,0.0,0.0,0.0,1.0,-1
"F[2,2](((Chloride <= 0.000 | Bilirubin_direct <= 0.000) & Magnesium >= 0.000) -> Temp <= 0.000)
",0.000,0.000,0.000,0.000,1.000,0,0,0,20,20,0,0,20,0.0,0.0,0.0,0.0,0.0,1.0,-1
"((EtCO2 <= 0.000) U[2,2] (Chloride <= 0.000))
",0.000,0.000,0.000,0.000,1.000,0,0,0,20,20,0,0,20,0.0,0.0,0.0,0.0,0.0,1.0,-1
"F[0,1](((HR <= 127.853 -> AST >= 0.000) -> Platelets >= 0.000) | PTT >= 0.000)
",-9999999.000,-9999999.000,0.000,0.000,1.000,0,0,0,20,20,0,0,20,0.0,0.0,0.0,0.0,0.0,1.0,-1
"((PaCO2 <= 0.000) U[0,2] (O2Sat >= 45.220))
",-9999999.000,-9999999.000,0.000,0.000,1.000,0,0,0,20,20,0,0,20,0.0,0.0,0.0,0.0,0.0,1.0,-1
"F[0,1](TroponinI <= 0.000 & SepsisLabel >= 0.000)
",-9999999.000,-9999999.000,0.000,0.000,1.000,0,0,0,20,20,0,0,20,0.0,0.0,0.0,0.0,0.0,1.0,-1
"F[0,0]((SepsisLabel >= 0.000 | Platelets <= 79.306) -> Magnesium <= 137.147)
",-11.039,-140.140,0.000,0.000,1.000,0,0,0,20,20,0,0,20,0.0,0.0,0.0,0.0,0.0,1.0,-1
"F[0,2](((Resp >= 2.112 | BaseExcess >= 0.000) & Calcium <= 0.000) & FiO2 <= 0.000)
",-9999999.000,-9999999.000,0.000,0.000,1.000,0,0,0,20,20,0,0,20,0.0,0.0,0.0,0.0,0.0,1.0,-1
"F[1,1](((Chloride >= 0.000 & PTT <= 0.000) | Chloride >= 0.000) | Magnesium >= 0.000)
",0.000,0.000,0.000,0.000,1.000,0,0,0,20,20,0,0,20,0.0,0.0,0.0,0.0,0.0,1.0,-1
"G[0,2]((Creatinine <= 0.227 | Hgb <= 7.822) | DBP <= 10.853)
",9999999.000,9999999.000,0.000,1.000,0.000,0,0,19,1,1,19,19,1,0.0,0.0,1.0,0.0,0.0,1.0,1
"F[1,2]((SepsisLabel >= 0.000 & Lactate <= 0.000) | SBP >= 0.000)
",-9999999.000,-9999999.000,0.000,0.000,1.000,0,0,0,20,20,0,0,20,0.0,0.0,0.0,0.0,0.0,1.0,-1
"G[0,2]((Lactate <= 0.000 & Fibrinogen <= 0.000) | Lactate <= 0.000)
",9999999.000,9999999.000,0.000,1.000,0.000,0,0,20,0,0,20,20,0,0.0,0.0,1.0,0.0,0.0,1.0,1
"F[1,2](EtCO2 <= 0.000 & HR >= 72.758)
",-9999999.000,-9999999.000,0.000,0.000,1.000,0,0,0,20,20,0,0,20,0.0,0.0,0.0,0.0,0.0,1.0,-1
"F[1,2](((Bilirubin_total >= 0.000 | Chloride <= 0.000) & O2Sat <= 0.000) | TroponinI <= 0.000)
",-9999999.000,-9999999.000,0.000,0.000,1.000,0,0,0,20,20,0,0,20,0.0,0.0,0.0,0.0,0.0,1.0,-1
"F[1,2]((Resp <= 16.722 & MAP >= 9.480) & Lactate >= 72.744)
",-9999999.000,-9999999.000,0.000,0.000,1.000,0,0,0,20,20,0,0,20,0.0,0.0,0.0,0.0,0.0,1.0,-1
"F[0,2](((Bilirubin_direct <= 0.000 -> SaO2 <= 0.000) -> BUN <= 0.000) -> Lactate <= 0.000)
",-9999999.000,-9999999.000,0.000,0.000,1.000,0,0,0,20,20,0,0,20,0.0,0.0,0.0,0.0,0.0,1.0,-1
"F[0,1]((MAP >= 17.150 | FiO2 <= 0.000) | O2Sat <= 0.000)
",-9999999.000,-9999999.000,0.000,0.000,1.000,0,0,0,20,20,0,0,20,0.0,0.0,0.0,0.0,0.0,1.0,-1
"F[0,2](((EtCO2 <= 0.000 & Creatinine >= 0.007) | PTT <= 0.767) -> HR >= 0.014)
",-9999999.000,-9999999.000,0.000,0.000,1.000,0,0,0,20,20,0,0,20,0.0,0.0,0.0,0.0,0.0,1.0,-1
"F[2,2](((Potassium >= 0.083 & WBC >= 0.046) -> Hgb >= 0.124) | SaO2 >= 0.052)
",5950590396251067.000,0.083,0.000,0.000,1.000,0,0,0,20,20,0,0,20,0.0,0.0,0.0,0.0,0.0,1.0,-1
"F[0,0](PTT <= 0.000 | Calcium <= 3.492)
",3.492,3.492,0.000,0.000,1.000,0,0,0,20,20,0,0,20,0.0,0.0,0.0,0.0,0.0,1.0,-1
"F[0,2]((SaO2 >= 0.000 & Platelets >= 2.230) -> TroponinI >= 3.060)
",-9999999.000,-9999999.000,0.000,0.000,1.000,0,0,0,20,20,0,0,20,0.0,0.0,0.0,0.0,0.0,1.0,-1
"F[1,2]((Chloride >= 0.000 | Bilirubin_total >= 0.000) & Calcium >= 0.000)
",-9999999.000,-9999999.000,0.000,0.000,1.000,0,0,0,20,20,0,0,20,0.0,0.0,0.0,0.0,0.0,1.0,-1
"F[0,2](((PTT <= 0.000 -> Hgb <= 4.984) | Potassium >= 0.153) & PTT >= 0.258)
",-9999999.000,-9999999.000,0.000,0.000,1.000,0,0,0,20,20,0,0,20,0.0,0.0,0.0,0.0,0.0,1.0,-1
"F[1,1](((Phosphate >= 0.000 | MAP <= 93.098) -> AST >= 16.589) | PTT <= 86.836)
",6110566764820500.000,86.836,0.000,0.000,1.000,0,0,0,20,20,0,0,20,0.0,0.0,0.0,0.0,0.0,1.0,-1
"((pH <= 0.000) U[1,2] (Platelets <= 157.662))
",-9999999.000,-9999999.000,0.000,0.000,1.000,0,0,0,20,20,0,0,20,0.0,0.0,0.0,0.0,0.0,1.0,-1
"F[1,2](((Potassium >= 0.016 & Fibrinogen <= 0.000) & Chloride >= 0.000) -> PaCO2 <= 0.000)
",-9999999.000,-9999999.000,0.000,0.000,1.000,0,0,0,20,20,0,0,20,0.0,0.0,0.0,0.0,0.0,1.0,-1
"F[1,2](((Bilirubin_total >= 0.000 | Chloride <= 0.000) | pH >= 0.000) & MAP >= 0.000)
",-9999999.000,-9999999.000,0.000,0.000,1.000,0,0,0,20,20,0,0,20,0.0,0.0,0.0,0.0,0.0,1.0,-1
"((AST <= 0.000) U[0,2] (HCO3 >= 0.000))
",-9999999.000,-9999999.000,0.000,0.000,1.000,0,0,0,20,20,0,0,20,0.0,0.0,0.0,0.0,0.0,1.0,-1
"F[0,0](((DBP >= 30.942 -> SepsisLabel >= 0.000) -> Temp <= 0.000) -> Bilirubin_total <= 0.000)
",-2.250,-47.102,0.000,0.000,1.000,0,0,0,20,20,0,0,20,0.0,0.0,0.0,0.0,0.0,1.0,-1
"F[0,2](((SBP <= 125.985 | MAP >= 12.947) | Hgb <= 84.742) | EtCO2 >= 16.059)
",-9999999.000,-9999999.000,0.000,0.000,1.000,0,0,0,20,20,0,0,20,0.0,0.0,0.0,0.0,0.0,1.0,-1
"F[0,1](((Bilirubin_direct <= 0.000 | FiO2 <= 0.000) -> BUN >= 0.000) -> SaO2 >= 0.000)
",-9999999.000,-9999999.000,0.000,0.000,1.000,0,0,0,20,20,0,0,20,0.0,0.0,0.0,0.0,0.0,1.0,-1
"F[0,1](Bilirubin_direct >= 0.000 | Chloride <= 0.000)
",-9999999.000,-9999999.000,0.000,0.000,1.000,0,0,0,20,20,0,0,20,0.0,0.0,0.0,0.0,0.0,1.0,-1
"F[2,2](DBP <= 75.978 -> Alkalinephos >= 0.000)
",-5346464925649707.000,-75.978,0.000,0.000,1.000,0,0,0,20,20,0,0,20,0.0,0.0,0.0,0.0,0.0,1.0,-1
"((PTT <= 0.000) U[1,2] (DBP <= 86.719))
",-9999999.000,-9999999.000,0.000,0.000,1.000,0,0,0,20,20,0,0,20,0.0,0.0,0.0,0.0,0.0,1.0,-1
"F[1,1](((SBP >= 110.711 & TroponinI <= 0.000) -> Hgb <= 0.000) | BUN <= 0.000)
",0.000,0.000,0.000,0.000,1.000,0,0,0,20,20,0,0,20,0.0,0.0,0.0,0.0,0.0,1.0,-1
"F[0,2](((HR >= 31.393 & Platelets >= 0.940) -> EtCO2 <= 166.953) | Fibrinogen <= 168.801)
",-9999999.000,-9999999.000,0.000,0.000,1.000,0,0,0,20,20,0,0,20,0.0,0.0,0.0,0.0,0.0,1.0,-1
"F[0,2](((Bilirubin_direct >= 0.000 -> Bilirubin_direct >= 0.000) & PTT >= 0.000) | Bilirubin_direct >= 0.000)
",-9999999.000,-9999999.000,0.000,0.000,1.000,0,0,0,20,20,0,0,20,0.0,0.0,0.0,0.0,0.0,1.0,-1
"((Resp <= 19.871) U[1,2] (Magnesium >= 0.024))
",-9999999.000,-9999999.000,0.000,0.000,1.000,0,0,0,20,20,0,0,20,0.0,0.0,0.0,0.0,0.0,1.0,-1
"((Chloride >= 0.000) U[0,1] (Chloride >= 0.000))
",-9999999.000,-9999999.000,0.000,0.000,1.000,0,0,0,20,20,0,0,20,0.0,0.0,0.0,0.0,0.0,1.0,-1
"((PaCO2 >= 0.000) U[1,2] (Phosphate <= 0.000))
",-9999999.000,-9999999.000,0.000,0.000,1.000,0,0,0,20,20,0,0,20,0.0,0.0,0.0,0.0,0.0,1.0,-1
"F[1,1]((Bilirubin_total >= 0.000 -> HR <= 101.767) -> Temp <= 105.226)
",-7404594468858269.000,-105.226,0.000,0.000,1.000,0,0,0,20,20,0,0,20,0.0,0.0,0.0,0.0,0.0,1.0,-1
"F[0,2](HR <= 98.426 -> WBC <= 4.314)
",-9999999.000,-9999999.000,0.000,0.000,1.000,0,0,0,20,20,0,0,20,0.0,0.0,0.0,0.0,0.0,1.0,-1
"G[1,1](((Glucose <= 22.601 | Calcium <= 0.700) -> SaO2 <= 6.431) & BaseExcess >= 0.145)
",-22.601,-22.601,0.000,1.000,0.000,0,0,1,19,19,1,1,19,0.0,0.0,1.0,0.0,0.0,1.0,1
"G[0,2]((Chloride >= 0.000 | SepsisLabel <= 0.000) | Bilirubin_direct <= 0.000)
",9999999.000,9999999.000,0.000,1.000,0.000,0,0,20,0,0,20,20,0,0.0,0.0,1.0,0.0,0.0,1.0,1
"G[1,2]((PTT >= 0.000 & Creatinine >= 0.008) | pH <= 0.734)
",9999999.000,9999999.000,0.000,1.000,0.000,0,0,20,0,0,20,20,0,0.0,0.0,1.0,0.0,0.0,1.0,1
"G[0,2]((Alkalinephos >= 0.000 | O2Sat <= 98.375) & PTT <= 93.968)
",9999999.000,9999999.000,0.000,1.000,0.000,0,0,20,0,0,20,20,0,0.0,0.0,1.0,0.0,0.0,1.0,1
"G[1,2]((O2Sat >= 75.939 & O2Sat >= 21.959) | WBC <= 93.127)
",9999999.000,9999999.000,0.000,1.000,0.000,0,0,20,0,0,20,20,0,0.0,0.0,1.0,0.0,0.0,1.0,1
"G[0,2]((Potassium >= 0.010 & FiO2 <= 0.000) -> HR <= 0.000)
",9999999.000,9999999.000,0.000,1.000,0.000,0,0,19,1,1,19,19,1,0.0,0.0,1.0,0.0,0.0,1.0,1
"G[1,2](((MAP >= 19.735 -> DBP >= 33.433) | HR >= 29.599) | pH >= 4.823)
",9999999.000,9999999.000,0.000,1.000,0.000,0,0,20,0,0,20,20,0,0.0,0.0,1.0,0.0,0.0,1.0,1
"G[1,2]((BaseExcess <= 0.000 -> Fibrinogen >= 0.000) & Calcium >= 0.000)
",9999999.000,9999999.000,0.000,1.000,0.000,0,0,20,0,0,20,20,0,0.0,0.0,1.0,0.0,0.0,1.0,1
"G[0,2]((DBP >= 26.127 -> Lactate >= 0.000) & FiO2 >= 0.000)
",9999999.000,9999999.000,0.000,1.000,0.000,0,0,20,0,0,20,20,0,0.0,0.0,1.0,0.0,0.0,1.0,1
"G[1,1](((Creatinine >= 0.001 & Magnesium >= 0.011) -> WBC >= 0.041) & HCO3 >= 0.012)
",-6801304170380211.000,-0.012,0.000,1.000,0.000,0,0,1,19,19,1,1,19,0.0,0.0,1.0,0.0,0.0,1.0,1
"G[2,2](PaCO2 >= 0.000 | Chloride <= 0.000)
",0.000,0.000,0.000,1.000,0.000,0,0,20,0,0,20,20,0,0.0,0.0,1.0,0.0,0.0,1.0,1
"G[2,2](PaCO2 <= 0.000 -> Chloride >= 0.000)
",0.000,0.000,0.000,1.000,0.000,0,0,20,0,0,20,20,0,0.0,0.0,1.0,0.0,0.0,1.0,1
"G[0,0](((Alkalinephos <= 0.000 & WBC <= 5.458) & Calcium >= 0.019) & HCO3 >= 0.105)
",-0.270,-0.836,0.000,1.000,0.000,0,0,0,20,20,0,0,20,0.0,0.0,0.0,0.0,0.0,1.0,1
"G[1,2](HCO3 <= 0.000 -> FiO2 <= 0.000)
",9999999.000,9999999.000,0.000,1.000,0.000,0,0,20,0,0,20,20,0,0.0,0.0,1.0,0.0,0.0,1.0,1
"G[0,1](((Potassium <= 3.150 & Temp >= 3.824) -> Potassium <= 22.914) & AST >= 6.735)
",9999999.000,9999999.000,0.000,1.000,0.000,0,0,0,20,20,0,0,20,0.0,0.0,0.0,0.0,0.0,1.0,1
"G[0,1]((PaCO2 <= 0.000 -> Creatinine <= 0.298) & Bilirubin_total >= 0.007)
",9999999.000,9999999.000,0.000,1.000,0.000,0,0,0,20,20,0,0,20,0.0,0.0,0.0,0.0,0.0,1.0,1
"G[1,2](Alkalinephos <= 0.000 -> Lactate <= 0.000)
",9999999.000,9999999.000,0.000,1.000,0.000,0,0,20,0,0,20,20,0,0.0,0.0,1.0,0.0,0.0,1.0,1
"G[0,2](((WBC <= 0.362 & O2Sat >= 89.122) | Resp >= 11.337) -> Creatinine <= 93.759)
",9999999.000,9999999.000,0.000,1.000,0.000,0,0,20,0,0,20,20,0,0.0,0.0,1.0,0.0,0.0,1.0,1
"G[1,2]((Lactate <= 0.000 & Phosphate <= 0.000) -> PaCO2 >= 0.000)
",9999999.000,9999999.000,0.000,1.000,0.000,0,0,20,0,0,20,20,0,0.0,0.0,1.0,0.0,0.0,1.0,1
"G[0,2](((BUN >= 0.224 | Bilirubin_direct >= 0.000) -> Glucose >= 0.000) | Phosphate <= 0.000)
",9999999.000,9999999.000,0.000,1.000,0.000,0,0,20,0,0,20,20,0,0.0,0.0,1.0,0.0,0.0,1.0,1
"G[1,2](((DBP >= 60.776 & Alkalinephos <= 0.000) -> Alkalinephos >= 0.000) | BUN <= 0.000)
",9999999.000,9999999.000,0.000,1.000,0.000,0,0,20,0,0,20,20,0,0.0,0.0,1.0,0.0,0.0,1.0,1
"G[2,2](EtCO2 <= 0.000 -> Hct >= 0.642)
",0.000,0.000,0.000,1.000,0.000,0,0,20,0,0,20,20,0,0.0,0.0,1.0,0.0,0.0,1.0,1
"G[0,2](DBP >= 19.593 -> BUN <= 11.964)
",9999999.000,9999999.000,0.000,1.000,0.000,0,0,19,1,1,19,19,1,0.0,0.0,1.0,0.0,0.0,1.0,1
"G[0,2](((EtCO2 <= 0.000 & BaseExcess <= 0.000) -> Fibrinogen <= 0.000) | HR >= 0.000)
",9999999.000,9999999.000,0.000,1.000,0.000,0,0,20,0,0,20,20,0,0.0,0.0,1.0,0.0,0.0,1.0,1
"G[1,2](pH >= 0.000 | Creatinine <= 0.142)
",9999999.000,9999999.000,0.000,1.000,0.000,0,0,20,0,0,20,20,0,0.0,0.0,1.0,0.0,0.0,1.0,1
"G[1,2](((Lactate >= 0.000 & SepsisLabel >= 0.000) -> Alkalinephos >= 0.000) & Platelets >= 0.000)
",9999999.000,9999999.000,0.000,1.000,0.000,0,0,20,0,0,20,20,0,0.0,0.0,1.0,0.0,0.0,1.0,1
"G[1,2](Calcium <= 2.151 & PaCO2 >= 0.000)
",9999999.000,9999999.000,0.000,1.000,0.000,0,0,20,0,0,20,20,0,0.0,0.0,1.0,0.0,0.0,1.0,1
"G[2,2](Temp >= 0.249 & Alkalinephos >= 0.000)
",-0.249,-0.249,0.000,1.000,0.000,0,0,20,0,0,20,20,0,0.0,0.0,1.0,0.0,0.0,1.0,1
"G[0,2]((Lactate >= 0.000 -> SaO2 >= 0.000) -> SBP >= 0.000)
",9999999.000,9999999.000,0.000,1.000,0.000,0,0,20,0,0,20,20,0,0.0,0.0,1.0,0.0,0.0,1.0,1
"G[2,2](Magnesium >= 0.046 -> BUN >= 0.180)
",0.046,0.046,0.000,1.000,0.000,0,0,20,0,0,20,20,0,0.0,0.0,1.0,0.0,0.0,1.0,1
"G[0,2](((Lactate <= 0.000 | Resp <= 16.756) | Hct <= 17.463) | PTT <= 17.553)
",9999999.000,9999999.000,0.000,1.000,0.000,0,0,20,0,0,20,20,0,0.0,0.0,1.0,0.0,0.0,1.0,1
"F[1,2](Lactate >= 0.000 -> Bilirubin_total >= 0.000)
",-9999999.000,-9999999.000,0.000,0.000,1.000,0,0,0,20,20,0,0,20,0.0,0.0,0.0,0.0,0.0,1.0,-1
"F[2,2]((pH <= 0.000 -> DBP >= 4.404) -> Temp <= 86.603)
",-86.603,-86.603,0.000,0.000,1.000,0,0,0,20,20,0,0,20,0.0,0.0,0.0,0.0,0.0,1.0,-1
"G[1,1](((FiO2 <= 0.000 & HR >= 37.143) & TroponinI >= 61.096) & SaO2 <= 126.014)
",-8598447051844830.000,-61.096,0.000,1.000,0.000,0,0,1,19,19,1,1,19,0.0,0.0,1.0,0.0,0.0,1.0,1
"G[0,2]((Potassium <= 2.843 -> Alkalinephos <= 0.000) -> Glucose <= 0.000)
",9999999.000,9999999.000,0.000,1.000,0.000,0,0,15,5,5,15,15,5,0.0,0.0,1.0,0.0,0.0,1.0,1
"G[1,2](((Hct >= 0.612 -> DBP >= 50.754) & pH >= 29.468) & O2Sat <= 69.191)
",9999999.000,9999999.000,0.000,1.000,0.000,0,0,1,19,19,1,1,19,0.0,0.0,1.0,0.0,0.0,1.0,1
"G[0,2](Fibrinogen <= 0.000 -> Bilirubin_total <= 0.000)
",9999999.000,9999999.000,0.000,1.000,0.000,0,0,20,0,0,20,20,0,0.0,0.0,1.0,0.0,0.0,1.0,1
"G[0,2]((Temp <= 33.932 -> Bilirubin_total <= 0.000) & Chloride <= 0.000)
",9999999.000,9999999.000,0.000,1.000,0.000,0,0,20,0,0,20,20,0,0.0,0.0,1.0,0.0,0.0,1.0,1
"G[0,2]((AST >= 0.000 -> EtCO2 >= 0.000) | HR >= 0.000)
",9999999.000,9999999.000,0.000,1.000,0.000,0,0,20,0,0,20,20,0,0.0,0.0,1.0,0.0,0.0,1.0,1
"G[1,2]((BaseExcess >= 0.000 -> PaCO2 <= 0.000) & Magnesium >= 0.000)
",9999999.000,9999999.000,0.000,1.000,0.000,0,0,20,0,0,20,20,0,0.0,0.0,1.0,0.0,0.0,1.0,1
"G[1,2](Potassium <= 0.786 | Potassium >= 0.000)
",9999999.000,9999999.000,0.000,1.000,0.000,0,0,20,0,0,20,20,0,0.0,0.0,1.0,0.0,0.0,1.0,1
"G[0,1](((MAP >= 20.538 | Platelets >= 3.237) -> Platelets <= 134.399) -> SBP <= 7.599)
",9999999.000,9999999.000,0.000,1.000,0.000,0,0,0,20,20,0,0,20,0.0,0.0,0.0,0.0,0.0,1.0,1
"G[1,2](((HCO3 >= 0.000 & Platelets <= 189.781) -> HCO3 >= 3.127) | AST <= 152.916)
",9999999.000,9999999.000,0.000,1.000,0.000,0,0,20,0,0,20,20,0,0.0,0.0,1.0,0.0,0.0,1.0,1
"G[1,2](Phosphate <= 0.000 & HR <= 111.460)
",9999999.000,9999999.000,0.000,1.000,0.000,0,0,19,1,1,19,19,1,0.0,0.0,1.0,0.0,0.0,1.0,1
"G[1,2]((Glucose <= 16.323 -> SBP >= 68.722) -> Platelets <= 140.226)
",9999999.000,9999999.000,0.000,1.000,0.000,0,0,20,0,0,20,20,0,0.0,0.0,1.0,0.0,0.0,1.0,1
"G[1,2](((SepsisLabel <= 0.000 & EtCO2 <= 0.000) & Hgb >= 0.000) & HR <= 0.000)
",9999999.000,9999999.000,0.000,1.000,0.000,0,0,2,18,18,2,2,18,0.0,0.0,1.0,0.0,0.0,1.0,1
"G[0,1](((Lactate <= 0.000 | Magnesium >= 0.050) -> SepsisLabel <= 0.645) & pH >= 0.035)
",9999999.000,9999999.000,0.000,1.000,0.000,0,0,0,20,20,0,0,20,0.0,0.0,0.0,0.0,0.0,1.0,1
"G[0,2](HCO3 >= 0.000 -> EtCO2 <= 0.000)
",9999999.000,9999999.000,0.000,1.000,0.000,0,0,20,0,0,20,20,0,0.0,0.0,1.0,0.0,0.0,1.0,1
"G[2,2](((AST >= 0.000 & Temp <= 14.603) & Fibrinogen >= 4.783) -> PaCO2 <= 34.098)
",-34.098,-34.098,0.000,1.000,0.000,0,0,20,0,0,20,20,0,0.0,0.0,1.0,0.0,0.0,1.0,1
"G[1,2]((Platelets <= 77.859 & AST >= 0.000) & Hct <= 0.000)
",9999999.000,9999999.000,0.000,1.000,0.000,0,0,20,0,0,20,20,0,0.0,0.0,1.0,0.0,0.0,1.0,1
"G[2,2](((Resp >= 2.216 | Temp >= 9.642) | Chloride >= 7.955) -> BUN <= 22.627)
",-22.627,-22.627,0.000,1.000,0.000,0,0,20,0,0,20,20,0,0.0,0.0,1.0,0.0,0.0,1.0,1
"G[0,2]((AST <= 0.000 -> FiO2 <= 0.000) | Hgb <= 0.000)
",9999999.000,9999999.000,0.000,1.000,0.000,0,0,20,0,0,20,20,0,0.0,0.0,1.0,0.0,0.0,1.0,1
"G[1,2](((Magnesium <= 0.179 -> PaCO2 >= 0.000) -> DBP >= 0.000) | Bilirubin_total >= 0.000)
",9999999.000,9999999.000,0.000,1.000,0.000,0,0,20,0,0,20,20,0,0.0,0.0,1.0,0.0,0.0,1.0,1
"G[0,2](Chloride >= 0.000 & HCO3 >= 0.000)
",9999999.000,9999999.000,0.000,1.000,0.000,0,0,20,0,0,20,20,0,0.0,0.0,1.0,0.0,0.0,1.0,1
"G[1,2](FiO2 >= 0.000 | Chloride >= 0.000)
",9999999.000,9999999.000,0.000,1.000,0.000,0,0,20,0,0,20,20,0,0.0,0.0,1.0,0.0,0.0,1.0,1
"G[1,2]((Hct <= 30.557 | Temp <= 14.559) | HR <= 23.656)
",9999999.000,9999999.000,0.000,1.000,0.000,0,0,20,0,0,20,20,0,0.0,0.0,1.0,0.0,0.0,1.0,1
"G[1,2](((PTT >= 0.000 -> SaO2 <= 0.000) & Temp >= 0.000) -> O2Sat <= 0.000)
",9999999.000,9999999.000,0.000,1.000,0.000,0,0,2,18,18,2,2,18,0.0,0.0,1.0,0.0,0.0,1.0,1
"F[0,2](((Potassium >= 0.029 -> O2Sat >= 20.925) -> SepsisLabel <= 95.974) | Glucose <= 94.996)
",-9999999.000,-9999999.000,0.000,0.000,1.000,0,0,0,20,20,0,0,20,0.0,0.0,0.0,0.0,0.0,1.0,-1
