Rule,Discrimination Score,Pos Robustness,Neg Robustness,Percent Class +,Percent Class -,TP,TN,FP,FN,Actual Yes,Actual No,Predicted Yes,Predicted No,TPR/Sens,TNR/Spec,FPR,Precision,Accuracy,MCR
"G[0,1]((Lactate <= 0.000 | pH >= 0.223) | Fibrinogen >= 0.326)
",9999999.000,9999999.000,0.000,1.000,0.000,18,0,0,0,18,0,18,0,1.0,0.0,0.0,1.0,1.0,0.0
"G[0,1](Calcium < 5.782 -> SepsisLabel = 0.000)
",9999999.000,9999999.000,0.000,1.000,0.000,18,0,0,0,18,0,18,0,1.0,0.0,0.0,1.0,1.0,0.0
"G[0,0](((pH <= 6.168 | WBC <= 5.618) -> HCO3 >= 0.297) -> TroponinI <= 5.835)
",-5.835,-5.835,0.000,1.000,0.000,18,0,0,0,18,0,18,0,1.0,0.0,0.0,1.0,1.0,0.0
"G[0,0](Calcium <= 2.603 | Chloride <= 0.000)
",5860936351257788.000,2.603,0.000,1.000,0.000,18,0,0,0,18,0,18,0,1.0,0.0,0.0,1.0,1.0,0.0
"G[1,1](HR >= 10.325 -> SepsisLabel = 0.000)
",0.000,0.000,0.000,1.000,0.000,18,0,0,0,18,0,18,0,1.0,0.0,0.0,1.0,1.0,0.0
"G[0,1](((Creatinine <= 0.192 & Platelets >= 11.047) & WBC <= 69.661) | PaCO2 <= 95.505)
",9999999.000,9999999.000,0.000,1.000,0.000,18,0,0,0,18,0,18,0,1.0,0.0,0.0,1.0,1.0,0.0
"G[0,0](Fibrinogen > 0.000 -> SepsisLabel = 0.000)
",-0.351,-0.756,0.000,1.000,0.000,18,0,0,0,18,0,18,0,1.0,0.0,0.0,1.0,1.0,0.0
"G[1,1](Hgb <= 8.573 -> SepsisLabel = 0.000)
",-8.573,-8.573,0.000,1.000,0.000,18,0,0,0,18,0,18,0,1.0,0.0,0.0,1.0,1.0,0.0
"G[0,0](Potassium >= 0.082 -> SepsisLabel = 0.000)
",-0.235,-0.152,0.000,1.000,0.000,18,0,0,0,18,0,18,0,1.0,0.0,0.0,1.0,1.0,0.0
"G[1,1](BaseExcess < 0.000 -> SepsisLabel = 0.000)
",0.000,0.000,0.000,1.000,0.000,18,0,0,0,18,0,18,0,1.0,0.0,0.0,1.0,1.0,0.0
"G[1,1](((SaO2 <= 13.205 & HCO3 <= 0.000) -> BUN >= 0.000) | Phosphate <= 0.000)
",0.000,0.000,0.000,1.000,0.000,18,0,0,0,18,0,18,0,1.0,0.0,0.0,1.0,1.0,0.0
"G[0,0](EtCO2 >= 0.000 | SaO2 >= 0.100)
",1.389,14.300,0.000,1.000,0.000,18,0,0,0,18,0,18,0,1.0,0.0,0.0,1.0,1.0,0.0
"G[0,0]((O2Sat >= 55.689 -> Fibrinogen <= 0.000) | Creatinine <= 0.000)
",0.000,0.000,0.000,1.000,0.000,18,0,0,0,18,0,18,0,1.0,0.0,0.0,1.0,1.0,0.0
"G[0,1]((Glucose <= 46.022 -> Phosphate <= 2.527) | Hct <= 2.724)
",9999999.000,9999999.000,0.000,1.000,0.000,18,0,0,0,18,0,18,0,1.0,0.0,0.0,1.0,1.0,0.0
"G[0,0]((Calcium >= 0.130 & SBP <= 112.490) | Glucose <= 173.607)
",173.607,173.607,0.000,1.000,0.000,18,0,0,0,18,0,18,0,1.0,0.0,0.0,1.0,1.0,0.0
"G[1,1]((MAP >= 38.130 | Lactate <= 0.000) | Creatinine >= 0.000)
",0.000,0.000,0.000,1.000,0.000,18,0,0,0,18,0,18,0,1.0,0.0,0.0,1.0,1.0,0.0
"G[0,1](O2Sat <= 79.973 -> SepsisLabel = 0.000)
",9999999.000,9999999.000,0.000,1.000,0.000,18,0,0,0,18,0,18,0,1.0,0.0,0.0,1.0,1.0,0.0
"G[0,0](((Potassium <= 1.835 | Bilirubin_direct <= 0.000) & Glucose <= 0.000) | SaO2 <= 0.000)
",0.000,0.000,0.000,1.000,0.000,18,0,0,0,18,0,18,0,1.0,0.0,0.0,1.0,1.0,0.0
"G[0,1](((AST <= 59.556 | Platelets >= 14.501) | Bilirubin_total <= 59.433) | SaO2 >= 8.593)
",9999999.000,9999999.000,0.000,1.000,0.000,18,0,0,0,18,0,18,0,1.0,0.0,0.0,1.0,1.0,0.0
"G[1,1](Chloride <= 0.000 | O2Sat >= 17.745)
",0.000,0.000,0.000,1.000,0.000,18,0,0,0,18,0,18,0,1.0,0.0,0.0,1.0,1.0,0.0
"G[0,0]((O2Sat <= 92.091 | SBP <= 171.914) -> Lactate <= 114.402)
",-8.458,-155.475,0.000,1.000,0.000,18,0,0,0,18,0,18,0,1.0,0.0,0.0,1.0,1.0,0.0
"G[0,1](((DBP >= 0.074 & HR >= 34.533) | Resp <= 86.226) & BaseExcess <= 78.012)
",9999999.000,9999999.000,0.000,1.000,0.000,18,0,0,0,18,0,18,0,1.0,0.0,0.0,1.0,1.0,0.0
"G[1,1](((Glucose >= 3.550 | Potassium <= 2.003) | Magnesium >= 0.090) & Lactate <= 3.735)
",2.003,2.003,0.000,1.000,0.000,18,0,0,0,18,0,18,0,1.0,0.0,0.0,1.0,1.0,0.0
"G[1,1]((MAP <= 110.661 | O2Sat <= 73.567) -> Calcium <= 78.493)
",-7787073052364900.000,-110.661,0.000,1.000,0.000,18,0,0,0,18,0,18,0,1.0,0.0,0.0,1.0,1.0,0.0
"G[0,1](PaCO2 >= 2.415 -> Platelets <= 25.131)
",9999999.000,9999999.000,0.000,1.000,0.000,18,0,0,0,18,0,18,0,1.0,0.0,0.0,1.0,1.0,0.0
"G[0,1]((Hct >= 0.823 | WBC <= 1.718) | MAP <= 6.361)
",9999999.000,9999999.000,0.000,1.000,0.000,18,0,0,0,18,0,18,0,1.0,0.0,0.0,1.0,1.0,0.0
"G[0,1](((SaO2 >= 3.095 | Bilirubin_direct <= 0.000) & FiO2 <= 0.000) | Resp <= 0.000)
",9999999.000,9999999.000,0.000,1.000,0.000,18,0,0,0,18,0,18,0,1.0,0.0,0.0,1.0,1.0,0.0
"G[0,0](SepsisLabel >= 0.000 & FiO2 >= 0.000)
",0.000,0.000,0.000,1.000,0.000,18,0,0,0,18,0,18,0,1.0,0.0,0.0,1.0,1.0,0.0
"G[0,1]((HR >= 45.349 & WBC >= 0.393) -> AST <= 3.399)
",9999999.000,9999999.000,0.000,1.000,0.000,18,0,0,0,18,0,18,0,1.0,0.0,0.0,1.0,1.0,0.0
"G[0,1](((Potassium <= 1.873 & WBC >= 0.203) | BaseExcess <= 6.026) -> Fibrinogen <= 5.131)
",9999999.000,9999999.000,0.000,1.000,0.000,18,0,0,0,18,0,18,0,1.0,0.0,0.0,1.0,1.0,0.0
"G[0,0]((Bilirubin_direct >= 0.000 & Creatinine <= 1.308) | Fibrinogen <= 0.408)
",1.884,0.436,0.000,1.000,0.000,18,0,0,0,18,0,18,0,1.0,0.0,0.0,1.0,1.0,0.0
"G[0,0]((Alkalinephos >= 0.050 -> Temp >= 10.001) -> Bilirubin_total <= 17.650)
",-18.551,-17.423,0.000,1.000,0.000,18,0,0,0,18,0,18,0,1.0,0.0,0.0,1.0,1.0,0.0
"G[0,0](BaseExcess <= 0.000 -> SepsisLabel >= 0.000)
",-0.353,-16.167,0.000,1.000,0.000,18,0,0,0,18,0,18,0,1.0,0.0,0.0,1.0,1.0,0.0
"G[0,0](((Resp <= 17.646 -> WBC <= 4.691) -> O2Sat >= 0.255) | Temp <= 7.145)
",-1.674,-64.893,0.000,1.000,0.000,18,0,0,0,18,0,18,0,1.0,0.0,0.0,1.0,1.0,0.0
"G[0,0]((Alkalinephos >= 0.036 -> TroponinI <= 0.000) -> DBP >= 0.000)
",-1.831,-76.056,0.000,1.000,0.000,18,0,0,0,18,0,18,0,1.0,0.0,0.0,1.0,1.0,0.0
"G[0,0]((Magnesium >= 0.041 -> Potassium >= 0.059) | BUN >= 0.031)
",2.225,0.037,0.000,1.000,0.000,18,0,0,0,18,0,18,0,1.0,0.0,0.0,1.0,1.0,0.0
"G[0,1](((TroponinI >= 0.000 | Temp >= 10.757) -> HCO3 >= 6.065) | BaseExcess <= 21.944)
",9999999.000,9999999.000,0.000,1.000,0.000,18,0,0,0,18,0,18,0,1.0,0.0,0.0,1.0,1.0,0.0
"G[0,1]((DBP >= 49.901 & PaCO2 <= 29.586) | PTT <= 23.927)
",9999999.000,9999999.000,0.000,1.000,0.000,18,0,0,0,18,0,18,0,1.0,0.0,0.0,1.0,1.0,0.0
"G[0,1]((Lactate >= 0.000 | Hct <= 27.545) | Hct <= 26.829)
",9999999.000,9999999.000,0.000,1.000,0.000,18,0,0,0,18,0,18,0,1.0,0.0,0.0,1.0,1.0,0.0
"G[0,0](((O2Sat >= 40.612 & BUN <= 0.716) | PTT <= 1.500) & Bilirubin_direct <= 9.297)
",5.730,1.413,0.000,1.000,0.000,18,0,0,0,18,0,18,0,1.0,0.0,0.0,1.0,1.0,0.0
"G[0,0]((SepsisLabel <= 0.000 & Platelets <= 34.614) -> AST <= 152.716)
",-6.602,-147.305,0.000,1.000,0.000,18,0,0,0,18,0,18,0,1.0,0.0,0.0,1.0,1.0,0.0
"G[0,1](AST >= 1.823 -> SBP <= 107.901)
",9999999.000,9999999.000,0.000,1.000,0.000,18,0,0,0,18,0,18,0,1.0,0.0,0.0,1.0,1.0,0.0
"G[0,1]((Bilirubin_total >= 0.030 & MAP <= 113.076) -> Hct <= 99.729)
",9999999.000,9999999.000,0.000,1.000,0.000,18,0,0,0,18,0,18,0,1.0,0.0,0.0,1.0,1.0,0.0
"G[0,0](Phosphate <= 0.775 | Resp <= 14.506)
",0.642,3.715,0.000,1.000,0.000,18,0,0,0,18,0,18,0,1.0,0.0,0.0,1.0,1.0,0.0
"G[0,0](((MAP >= 26.602 -> Platelets >= 3.552) -> Chloride <= 98.548) | Creatinine >= 1.667)
",-1.667,-1.667,0.000,1.000,0.000,18,0,0,0,18,0,18,0,1.0,0.0,0.0,1.0,1.0,0.0
"G[0,1]((Phosphate >= 0.068 | SaO2 <= 12.722) -> Resp <= 62.141)
",9999999.000,9999999.000,0.000,1.000,0.000,18,0,0,0,18,0,18,0,1.0,0.0,0.0,1.0,1.0,0.0
"G[1,1](Chloride >= 0.000 & HCO3 >= 0.000)
",0.000,0.000,0.000,1.000,0.000,18,0,0,0,18,0,18,0,1.0,0.0,0.0,1.0,1.0,0.0
"G[0,0](AST >= 1.425 -> DBP >= 8.690)
",-1.787,-69.406,0.000,1.000,0.000,18,0,0,0,18,0,18,0,1.0,0.0,0.0,1.0,1.0,0.0
"G[0,1](((MAP >= 7.515 -> HCO3 <= 0.000) & AST <= 0.000) | PaCO2 >= 0.000)
",9999999.000,9999999.000,0.000,1.000,0.000,18,0,0,0,18,0,18,0,1.0,0.0,0.0,1.0,1.0,0.0
"G[0,0](Phosphate >= 0.058 -> Alkalinephos <= 23.679)
",-8.372,-23.012,0.000,1.000,0.000,18,0,0,0,18,0,18,0,1.0,0.0,0.0,1.0,1.0,0.0
"G[1,1](Temp >= 3.152 -> Magnesium <= 1.489)
",-6707652437159980.000,-1.489,0.000,1.000,0.000,18,0,0,0,18,0,18,0,1.0,0.0,0.0,1.0,1.0,0.0
"G[0,1]((Alkalinephos >= 0.034 -> SBP >= 92.055) | PaCO2 <= 119.944)
",9999999.000,9999999.000,0.000,1.000,0.000,18,0,0,0,18,0,18,0,1.0,0.0,0.0,1.0,1.0,0.0
"G[0,0](((Temp <= 15.456 | DBP >= 2.915) & Bilirubin_direct <= 52.407) & PTT <= 60.583)
",2.883,43.960,0.000,1.000,0.000,18,0,0,0,18,0,18,0,1.0,0.0,0.0,1.0,1.0,0.0
"G[0,1](Chloride >= 0.000 & HCO3 >= 0.000)
",9999999.000,9999999.000,0.000,1.000,0.000,18,0,0,0,18,0,18,0,1.0,0.0,0.0,1.0,1.0,0.0
"G[0,0]((Magnesium >= 0.064 & WBC >= 0.782) | Calcium <= 2.369)
",2.369,2.369,0.000,1.000,0.000,18,0,0,0,18,0,18,0,1.0,0.0,0.0,1.0,1.0,0.0
"G[0,1](((Bilirubin_total <= 0.446 -> Platelets >= 6.581) -> MAP >= 5.265) | Hct >= 4.463)
",9999999.000,9999999.000,0.000,1.000,0.000,18,0,0,0,18,0,18,0,1.0,0.0,0.0,1.0,1.0,0.0
"G[0,0](((Glucose <= 78.087 | pH <= 2.505) -> TroponinI <= 4.353) | PaCO2 >= 0.352)
",0.031,0.052,0.000,1.000,0.000,18,0,0,0,18,0,18,0,1.0,0.0,0.0,1.0,1.0,0.0
"G[0,0](Chloride >= 0.000 & HCO3 >= 0.000)
",0.000,0.000,0.000,1.000,0.000,18,0,0,0,18,0,18,0,1.0,0.0,0.0,1.0,1.0,0.0
"G[0,0]((Bilirubin_total >= 0.016 | Calcium >= 0.096) | Hgb <= 5.501)
",3.978,5.116,0.000,1.000,0.000,17,0,0,1,18,0,17,1,0.9444444444444444,0.0,0.0,1.0,0.9444444444444444,0.05555555555555558
"G[0,1](AST <= 63.031 | Temp >= 7.547)
",9999999.000,9999999.000,0.000,1.000,0.000,17,0,0,1,18,0,17,1,0.9444444444444444,0.0,0.0,1.0,0.9444444444444444,0.05555555555555558
"G[1,1](Phosphate <= 2.298 -> Potassium <= 3.105)
",-6991890501027652.000,-3.105,0.000,1.000,0.000,17,0,0,1,18,0,17,1,0.9444444444444444,0.0,0.0,1.0,0.9444444444444444,0.05555555555555558
"G[1,1](Alkalinephos >= 0.791 -> Potassium <= 3.155)
",-3.155,-3.155,0.000,1.000,0.000,17,0,0,1,18,0,17,1,0.9444444444444444,0.0,0.0,1.0,0.9444444444444444,0.05555555555555558
"G[0,0]((SepsisLabel >= 0.000 & EtCO2 >= 0.000) -> Hgb <= 0.000)
",-0.353,-1.778,0.000,1.000,0.000,17,0,0,1,18,0,17,1,0.9444444444444444,0.0,0.0,1.0,0.9444444444444444,0.05555555555555558
"G[0,1]((Creatinine >= 0.057 & Resp <= 13.054) -> SepsisLabel >= 1.802)
",9999999.000,9999999.000,0.000,1.000,0.000,17,0,0,1,18,0,17,1,0.9444444444444444,0.0,0.0,1.0,0.9444444444444444,0.05555555555555558
"G[0,1](((pH <= 1.747 | Phosphate <= 1.447) -> Chloride <= 0.291) & AST <= 0.395)
",9999999.000,9999999.000,0.000,1.000,0.000,17,0,0,1,18,0,17,1,0.9444444444444444,0.0,0.0,1.0,0.9444444444444444,0.05555555555555558
"G[1,1]((DBP <= 79.493 & Hct <= 10.824) | AST <= 28.300)
",7965865754214436.000,28.300,0.000,1.000,0.000,17,0,0,1,18,0,17,1,0.9444444444444444,0.0,0.0,1.0,0.9444444444444444,0.05555555555555558
"G[0,1](Hgb >= 0.777 -> Phosphate <= 0.187)
",9999999.000,9999999.000,0.000,1.000,0.000,17,0,0,1,18,0,17,1,0.9444444444444444,0.0,0.0,1.0,0.9444444444444444,0.05555555555555558
"G[1,1]((HCO3 >= 0.000 -> SepsisLabel >= 0.000) & Phosphate <= 0.000)
",0.000,0.000,0.000,1.000,0.000,17,0,0,1,18,0,17,1,0.9444444444444444,0.0,0.0,1.0,0.9444444444444444,0.05555555555555558
"G[1,1](Magnesium <= 0.559 & SepsisLabel = 0.000)
",0.000,0.000,0.000,1.000,0.000,16,0,0,2,18,0,16,2,0.8888888888888888,0.0,0.0,1.0,0.8888888888888888,0.11111111111111116
"G[0,1]((MAP >= 65.397 & Phosphate <= 0.755) | Hct <= 0.257)
",9999999.000,9999999.000,0.000,1.000,0.000,16,0,0,2,18,0,16,2,0.8888888888888888,0.0,0.0,1.0,0.8888888888888888,0.11111111111111116
"G[0,1]((Alkalinephos <= 3.147 | Magnesium >= 0.036) -> Potassium <= 0.175)
",9999999.000,9999999.000,0.000,1.000,0.000,16,0,0,2,18,0,16,2,0.8888888888888888,0.0,0.0,1.0,0.8888888888888888,0.11111111111111116
"G[0,1](Platelets >= 3.856 -> WBC <= 6.689)
",9999999.000,9999999.000,0.000,1.000,0.000,15,0,0,3,18,0,15,3,0.8333333333333334,0.0,0.0,1.0,0.8333333333333334,0.16666666666666663
"G[1,1](SBP <= 157.293 & FiO2 >= 0.000)
",0.000,0.000,0.000,1.000,0.000,15,0,0,3,18,0,15,3,0.8333333333333334,0.0,0.0,1.0,0.8333333333333334,0.16666666666666663
"G[0,1](Bilirubin_total <= 1.452 & PaCO2 <= 7.226)
",9999999.000,9999999.000,0.000,1.000,0.000,15,0,0,3,18,0,15,3,0.8333333333333334,0.0,0.0,1.0,0.8333333333333334,0.16666666666666663
"G[0,1]((Glucose >= 3.012 -> PTT >= 0.000) & WBC <= 0.000)
",9999999.000,9999999.000,0.000,1.000,0.000,14,0,0,4,18,0,14,4,0.7777777777777778,0.0,0.0,1.0,0.7777777777777778,0.2222222222222222
"G[1,1]((SBP >= 81.546 & DBP >= 31.499) | Fibrinogen >= 29.371)
",-8267127214705508.000,-29.371,0.000,1.000,0.000,13,0,0,5,18,0,13,5,0.7222222222222222,0.0,0.0,1.0,0.7222222222222222,0.2777777777777778
"G[0,0](Hct <= 5.494 -> HR >= 4.751)
",-5806864290871653.000,-21125.249,0.000,1.000,0.000,12,0,0,6,18,0,12,6,0.6666666666666666,0.0,0.0,1.0,0.6666666666666666,0.33333333333333337
"G[0,0](((PTT >= 0.000 & BUN <= 4.501) -> Temp >= 0.074) | PTT >= 0.453)
",0.247,0.792,0.000,1.000,0.000,9,0,0,9,18,0,9,9,0.5,0.0,0.0,1.0,0.5,0.5
"G[0,0]((PTT >= 0.000 -> Temp >= 4.232) & Bilirubin_total <= 35.083)
",-1.867,-71.181,0.000,1.000,0.000,9,0,0,9,18,0,9,9,0.5,0.0,0.0,1.0,0.5,0.5
"G[0,0](DBP <= 78.628 -> Resp <= 13.960)
",-0.062,-2.572,0.000,1.000,0.000,8,0,0,10,18,0,8,10,0.4444444444444444,0.0,0.0,1.0,0.4444444444444444,0.5555555555555556
"G[0,1]((Resp <= 15.515 -> O2Sat >= 28.709) & Hgb <= 72.947)
",9999999.000,9999999.000,0.000,1.000,0.000,8,0,0,10,18,0,8,10,0.4444444444444444,0.0,0.0,1.0,0.4444444444444444,0.5555555555555556
"G[1,1]((Hgb >= 0.614 | O2Sat <= 73.527) | EtCO2 >= 41.279)
",73.527,73.527,0.000,1.000,0.000,7,0,0,11,18,0,7,11,0.3888888888888889,0.0,0.0,1.0,0.3888888888888889,0.6111111111111112
"G[0,1](((Glucose >= 3.005 & Magnesium <= 0.647) | O2Sat >= 0.057) & PaCO2 <= 1.442)
",9999999.000,9999999.000,0.000,1.000,0.000,7,0,0,11,18,0,7,11,0.3888888888888889,0.0,0.0,1.0,0.3888888888888889,0.6111111111111112
"G[0,1](Temp <= 20.082 | pH >= 0.262)
",9999999.000,9999999.000,0.000,1.000,0.000,7,0,0,11,18,0,7,11,0.3888888888888889,0.0,0.0,1.0,0.3888888888888889,0.6111111111111112
"G[1,1](BUN >= 0.444 | O2Sat <= 74.875)
",5268863975497419.000,74.875,0.000,1.000,0.000,6,0,0,12,18,0,6,12,0.3333333333333333,0.0,0.0,1.0,0.3333333333333333,0.6666666666666667
"G[1,1](((Glucose >= 0.122 & WBC <= 1.497) | Magnesium >= 0.414) | HR <= 2.752)
",2.752,2.752,0.000,1.000,0.000,6,0,0,12,18,0,6,12,0.3333333333333333,0.0,0.0,1.0,0.3333333333333333,0.6666666666666667
"G[0,0](((Potassium >= 0.102 | Glucose <= 99.031) & HR >= 0.853) -> Lactate >= 4.454)
",-99.031,-99.031,0.000,1.000,0.000,6,0,0,12,18,0,6,12,0.3333333333333333,0.0,0.0,1.0,0.3333333333333333,0.6666666666666667
"G[0,0](((Glucose <= 33.859 | Resp <= 17.458) -> HR <= 13.056) & PTT <= 17.461)
",-33.859,-33.859,0.000,1.000,0.000,6,0,0,12,18,0,6,12,0.3333333333333333,0.0,0.0,1.0,0.3333333333333333,0.6666666666666667
"G[1,1](((Hgb <= 2.266 | Hct <= 20.238) -> WBC >= 0.522) & Platelets >= 9.525)
",-20.238,-20.238,0.000,1.000,0.000,3,0,0,15,18,0,3,15,0.16666666666666666,0.0,0.0,1.0,0.16666666666666666,0.8333333333333334
"G[1,1](Platelets <= 30.939 -> WBC >= 0.114)
",-30.939,-30.939,0.000,1.000,0.000,3,0,0,15,18,0,3,15,0.16666666666666666,0.0,0.0,1.0,0.16666666666666666,0.8333333333333334
"G[1,1](((Hgb <= 2.944 | Hct <= 7.840) -> WBC >= 0.110) & Platelets >= 13.793)
",-7764827229830924.000,-13.793,0.000,1.000,0.000,3,0,0,15,18,0,3,15,0.16666666666666666,0.0,0.0,1.0,0.16666666666666666,0.8333333333333334
"G[1,1](Platelets <= 105.531 -> WBC >= 0.388)
",-105.531,-105.531,0.000,1.000,0.000,3,0,0,15,18,0,3,15,0.16666666666666666,0.0,0.0,1.0,0.16666666666666666,0.8333333333333334
"G[1,1](((Hgb <= 3.248 | Hct <= 9.175) -> WBC >= 0.543) & Platelets >= 1.510)
",-9.175,-9.175,0.000,1.000,0.000,3,0,0,15,18,0,3,15,0.16666666666666666,0.0,0.0,1.0,0.16666666666666666,0.8333333333333334
"G[1,1]((SBP >= 23.218 & BUN >= 0.453) | WBC >= 0.673)
",-0.673,-0.673,0.000,1.000,0.000,3,0,0,15,18,0,3,15,0.16666666666666666,0.0,0.0,1.0,0.16666666666666666,0.8333333333333334
"G[1,1]((pH >= 0.009 -> AST <= 69.282) -> WBC >= 1.985)
",8938109693506795.000,1.985,0.000,1.000,0.000,3,0,0,15,18,0,3,15,0.16666666666666666,0.0,0.0,1.0,0.16666666666666666,0.8333333333333334
"G[0,1](Glucose <= 61.288 & Temp >= 11.874)
",9999999.000,9999999.000,0.000,1.000,0.000,2,0,0,16,18,0,2,16,0.1111111111111111,0.0,0.0,1.0,0.1111111111111111,0.8888888888888888
"G[1,1](Bilirubin_total <= 0.209 -> Glucose >= 1.870)
",-7517587166843684.000,-0.209,0.000,1.000,0.000,2,0,0,16,18,0,2,16,0.1111111111111111,0.0,0.0,1.0,0.1111111111111111,0.8888888888888888
"G[0,0](SaO2 > 3.091 & SepsisLabel = 0.000)
",-0.418,-18.743,0.000,1.000,0.000,1,0,0,17,18,0,1,17,0.05555555555555555,0.0,0.0,1.0,0.05555555555555555,0.9444444444444444
"G[0,1](Resp < 11.363 & SepsisLabel = 0.000)
",9999999.000,9999999.000,0.000,1.000,0.000,1,0,0,17,18,0,1,17,0.05555555555555555,0.0,0.0,1.0,0.05555555555555555,0.9444444444444444
"G[0,1]((BaseExcess >= 0.000 & Creatinine <= 0.741) -> MAP <= 0.823)
",9999999.000,9999999.000,0.000,1.000,0.000,1,0,0,17,18,0,1,17,0.05555555555555555,0.0,0.0,1.0,0.05555555555555555,0.9444444444444444
"G[1,1](((DBP >= 40.149 & pH <= 1.733) | AST <= 1.523) -> Lactate >= 0.014)
",-1.523,-1.523,0.000,1.000,0.000,1,0,0,17,18,0,1,17,0.05555555555555555,0.0,0.0,1.0,0.05555555555555555,0.9444444444444444
"G[1,1](Potassium <= 4.318 & Calcium >= 0.243)
",-8739093176245710.000,-0.243,0.000,1.000,0.000,1,0,0,17,18,0,1,17,0.05555555555555555,0.0,0.0,1.0,0.05555555555555555,0.9444444444444444
"G[0,2](FiO2 <= 0.000 & Magnesium <= 1.328)
",9999999.000,9999999.000,0.000,1.000,0.000,0,0,16,2,2,16,16,2,0.0,0.0,1.0,0.0,0.0,1.0
"G[0,2](((WBC >= 0.022 -> AST <= 57.387) -> BaseExcess <= 63.553) & Chloride <= 27.297)
",9999999.000,9999999.000,0.000,1.000,0.000,0,0,18,0,0,18,18,0,0.0,0.0,1.0,0.0,0.0,1.0
"G[0,2](((SBP >= 55.147 & WBC <= 4.372) | Creatinine <= 7.545) -> Chloride <= 1.718)
",9999999.000,9999999.000,0.000,1.000,0.000,0,0,18,0,0,18,18,0,0.0,0.0,1.0,0.0,0.0,1.0
"G[1,2]((HR >= 46.376 -> Hct >= 3.329) | EtCO2 <= 29.844)
",9999999.000,9999999.000,0.000,1.000,0.000,0,0,18,0,0,18,18,0,0.0,0.0,1.0,0.0,0.0,1.0
"G[2,2](((SepsisLabel <= 0.000 | Bilirubin_direct >= 0.000) | Hct <= 0.000) -> Phosphate >= 0.000)
",0.000,0.000,0.000,1.000,0.000,0,0,18,0,0,18,18,0,0.0,0.0,1.0,0.0,0.0,1.0
"G[0,2]((DBP >= 0.476 -> Hgb <= 10.263) -> MAP >= 0.355)
",9999999.000,9999999.000,0.000,1.000,0.000,0,0,8,10,10,8,8,10,0.0,0.0,1.0,0.0,0.0,1.0
"G[1,2](Hct <= 18.027 | SBP >= 83.288)
",9999999.000,9999999.000,0.000,1.000,0.000,0,0,17,1,1,17,17,1,0.0,0.0,1.0,0.0,0.0,1.0
"G[0,2](((Hgb <= 5.961 & SBP >= 38.641) -> EtCO2 <= 148.271) | Chloride <= 182.303)
",9999999.000,9999999.000,0.000,1.000,0.000,0,0,18,0,0,18,18,0,0.0,0.0,1.0,0.0,0.0,1.0
"G[0,1](((SaO2 <= 85.506 & Alkalinephos >= 0.063) -> Bilirubin_total >= 0.077) -> pH >= 0.545)
",9999999.000,9999999.000,0.000,1.000,0.000,0,0,0,18,18,0,0,18,0.0,0.0,0.0,0.0,0.0,1.0
"G[2,2](Glucose <= 95.237 & Resp >= 3.089)
",-3.089,-3.089,0.000,1.000,0.000,0,0,18,0,0,18,18,0,0.0,0.0,1.0,0.0,0.0,1.0
"G[1,2]((SaO2 <= 18.109 & Temp >= 9.001) & Platelets <= 24.317)
",9999999.000,9999999.000,0.000,1.000,0.000,0,0,4,14,14,4,4,14,0.0,0.0,1.0,0.0,0.0,1.0
"G[0,1]((Hgb >= 0.711 & Lactate >= 0.000) & DBP <= 0.000)
",9999999.000,9999999.000,0.000,1.000,0.000,0,0,0,18,18,0,0,18,0.0,0.0,0.0,0.0,0.0,1.0
"G[1,2]((AST <= 70.521 & DBP <= 75.290) | O2Sat <= 79.799)
",9999999.000,9999999.000,0.000,1.000,0.000,0,0,13,5,5,13,13,5,0.0,0.0,1.0,0.0,0.0,1.0
"G[0,2](((O2Sat <= 99.860 | SaO2 >= 3.223) & Alkalinephos <= 50.057) & Hct <= 40.314)
",9999999.000,9999999.000,0.000,1.000,0.000,0,0,17,1,1,17,17,1,0.0,0.0,1.0,0.0,0.0,1.0
"G[0,2](SepsisLabel >= 0.000 | Alkalinephos >= 0.709)
",9999999.000,9999999.000,0.000,1.000,0.000,0,0,18,0,0,18,18,0,0.0,0.0,1.0,0.0,0.0,1.0
"G[1,2](((TroponinI <= 0.000 & Temp >= 12.228) & DBP <= 22.716) & WBC <= 26.901)
",9999999.000,9999999.000,0.000,1.000,0.000,0,0,0,18,18,0,0,18,0.0,0.0,0.0,0.0,0.0,1.0
"G[0,2]((Phosphate >= 0.076 | Alkalinephos <= 18.964) -> MAP >= 0.340)
",9999999.000,9999999.000,0.000,1.000,0.000,0,0,9,9,9,9,9,9,0.0,0.0,1.0,0.0,0.0,1.0
"G[0,0](DBP <= 76.094 & Alkalinephos >= 0.579)
",-1.387,-17.000,0.000,1.000,0.000,0,0,0,18,18,0,0,18,0.0,0.0,0.0,0.0,0.0,1.0
"G[2,2]((HCO3 <= 0.000 & MAP >= 14.632) & Alkalinephos <= 93.467)
",-14.632,-14.632,0.000,1.000,0.000,0,0,18,0,0,18,18,0,0.0,0.0,1.0,0.0,0.0,1.0
"G[0,1]((Resp >= 7.847 & BUN >= 0.124) | PTT >= 0.211)
",9999999.000,9999999.000,0.000,1.000,0.000,0,0,0,18,18,0,0,18,0.0,0.0,0.0,0.0,0.0,1.0
"G[0,2](Chloride >= 0.000 & HCO3 >= 0.000)
",9999999.000,9999999.000,0.000,1.000,0.000,0,0,18,0,0,18,18,0,0.0,0.0,1.0,0.0,0.0,1.0
"G[1,2](pH >= 0.066 & O2Sat <= 90.904)
",9999999.000,9999999.000,0.000,1.000,0.000,0,0,0,18,18,0,0,18,0.0,0.0,0.0,0.0,0.0,1.0
"G[2,2](HR <= 73.961 | Potassium >= 0.219)
",5204510352108148.000,73.961,0.000,1.000,0.000,0,0,18,0,0,18,18,0,0.0,0.0,1.0,0.0,0.0,1.0
"G[0,0]((Fibrinogen <= 0.000 & Potassium <= 1.144) & Glucose >= 0.176)
",-0.436,-0.912,0.000,1.000,0.000,0,0,0,18,18,0,0,18,0.0,0.0,0.0,0.0,0.0,1.0
"G[1,2](BUN >= 0.252 | BaseExcess >= 0.000)
",9999999.000,9999999.000,0.000,1.000,0.000,0,0,18,0,0,18,18,0,0.0,0.0,1.0,0.0,0.0,1.0
"G[1,2](EtCO2 <= 0.000 -> Temp <= 19.710)
",9999999.000,9999999.000,0.000,1.000,0.000,0,0,13,5,5,13,13,5,0.0,0.0,1.0,0.0,0.0,1.0
"G[0,2](((AST <= 19.348 | PTT <= 0.000) | BaseExcess >= 0.000) | Phosphate <= 0.000)
",9999999.000,9999999.000,0.000,1.000,0.000,0,0,18,0,0,18,18,0,0.0,0.0,1.0,0.0,0.0,1.0
"G[0,2](((WBC >= 0.672 & Hgb >= 0.795) & Creatinine <= 6.033) -> SepsisLabel >= 0.796)
",9999999.000,9999999.000,0.000,1.000,0.000,0,0,14,4,4,14,14,4,0.0,0.0,1.0,0.0,0.0,1.0
"G[0,2](((HR >= 27.324 | EtCO2 <= 0.000) | Chloride <= 0.000) -> Hct >= 0.000)
",9999999.000,9999999.000,0.000,1.000,0.000,0,0,18,0,0,18,18,0,0.0,0.0,1.0,0.0,0.0,1.0
"G[0,2](((Creatinine >= 0.003 & Resp <= 14.631) & Potassium <= 12.775) | Bilirubin_total >= 4.709)
",9999999.000,9999999.000,0.000,1.000,0.000,0,0,0,18,18,0,0,18,0.0,0.0,0.0,0.0,0.0,1.0
"G[0,2](((Hct <= 19.760 | Creatinine <= 0.840) & DBP <= 1.045) -> HR >= 0.057)
",9999999.000,9999999.000,0.000,1.000,0.000,0,0,9,9,9,9,9,9,0.0,0.0,1.0,0.0,0.0,1.0
"G[0,0]((Fibrinogen <= 0.000 | Platelets >= 2.746) & pH >= 15.059)
",-15.059,-15.059,0.000,1.000,0.000,0,0,0,18,18,0,0,18,0.0,0.0,0.0,0.0,0.0,1.0
"G[1,2](((Calcium >= 0.103 | Bilirubin_direct <= 0.000) -> Fibrinogen <= 0.000) & Temp >= 0.000)
",9999999.000,9999999.000,0.000,1.000,0.000,0,0,18,0,0,18,18,0,0.0,0.0,1.0,0.0,0.0,1.0
"G[1,2](HCO3 >= 0.000 | BUN <= 9.442)
",9999999.000,9999999.000,0.000,1.000,0.000,0,0,18,0,0,18,18,0,0.0,0.0,1.0,0.0,0.0,1.0
"G[0,2]((pH <= 7.229 & PTT >= 0.000) | EtCO2 >= 0.000)
",9999999.000,9999999.000,0.000,1.000,0.000,0,0,18,0,0,18,18,0,0.0,0.0,1.0,0.0,0.0,1.0
"G[1,2](((SepsisLabel <= 0.000 & Resp >= 2.804) & AST >= 5.824) -> SaO2 >= 9.494)
",9999999.000,9999999.000,0.000,1.000,0.000,0,0,18,0,0,18,18,0,0.0,0.0,1.0,0.0,0.0,1.0
"G[0,2](((BUN >= 0.592 & BaseExcess >= 0.000) & FiO2 >= 0.000) & SepsisLabel <= 0.000)
",9999999.000,9999999.000,0.000,1.000,0.000,0,0,0,18,18,0,0,18,0.0,0.0,0.0,0.0,0.0,1.0
"G[1,2](O2Sat <= 88.604 | MAP <= 113.769)
",9999999.000,9999999.000,0.000,1.000,0.000,0,0,16,2,2,16,16,2,0.0,0.0,1.0,0.0,0.0,1.0
"G[1,2](((HCO3 >= 0.000 & Hct >= 2.372) & TroponinI <= 15.696) & SepsisLabel <= 31.320)
",9999999.000,9999999.000,0.000,1.000,0.000,0,0,3,15,15,3,3,15,0.0,0.0,1.0,0.0,0.0,1.0
"G[0,2]((HCO3 >= 0.000 | Alkalinephos <= 20.722) & HCO3 >= 1.094)
",9999999.000,9999999.000,0.000,1.000,0.000,0,0,0,18,18,0,0,18,0.0,0.0,0.0,0.0,0.0,1.0
"G[0,2]((Chloride <= 0.000 | DBP >= 36.491) -> AST <= 66.688)
",9999999.000,9999999.000,0.000,1.000,0.000,0,0,17,1,1,17,17,1,0.0,0.0,1.0,0.0,0.0,1.0
"G[2,2](((DBP >= 36.806 & Bilirubin_total <= 1.381) & Calcium >= 0.037) | Alkalinephos <= 0.277)
",4998209165705205.000,0.277,0.000,1.000,0.000,0,0,18,0,0,18,18,0,0.0,0.0,1.0,0.0,0.0,1.0
"G[0,2](((Bilirubin_total <= 0.694 -> Calcium >= 0.059) -> Phosphate <= 1.874) | BaseExcess >= 0.346)
",9999999.000,9999999.000,0.000,1.000,0.000,0,0,17,1,1,17,17,1,0.0,0.0,1.0,0.0,0.0,1.0
"G[1,2](Temp <= 21.278 | HR <= 77.342)
",9999999.000,9999999.000,0.000,1.000,0.000,0,0,13,5,5,13,13,5,0.0,0.0,1.0,0.0,0.0,1.0
"G[0,2](((Hgb >= 0.774 | MAP >= 33.014) -> MAP <= 69.832) -> Bilirubin_direct <= 85.121)
",9999999.000,9999999.000,0.000,1.000,0.000,0,0,18,0,0,18,18,0,0.0,0.0,1.0,0.0,0.0,1.0
"G[0,1]((Creatinine >= 0.011 & Potassium >= 0.023) & FiO2 <= 3.434)
",9999999.000,9999999.000,0.000,1.000,0.000,0,0,0,18,18,0,0,18,0.0,0.0,0.0,0.0,0.0,1.0
"G[0,2](Potassium >= 0.001 & HR >= 12.055)
",9999999.000,9999999.000,0.000,1.000,0.000,0,0,0,18,18,0,0,18,0.0,0.0,0.0,0.0,0.0,1.0
"G[1,2](Resp >= 9.717 | Creatinine <= 0.100)
",9999999.000,9999999.000,0.000,1.000,0.000,0,0,17,1,1,17,17,1,0.0,0.0,1.0,0.0,0.0,1.0
"G[1,2]((Resp <= 18.827 | EtCO2 >= 0.000) & SBP <= 0.000)
",9999999.000,9999999.000,0.000,1.000,0.000,0,0,5,13,13,5,5,13,0.0,0.0,1.0,0.0,0.0,1.0
"G[0,2](Platelets >= 8.987 & HCO3 <= 0.000)
",9999999.000,9999999.000,0.000,1.000,0.000,0,0,0,18,18,0,0,18,0.0,0.0,0.0,0.0,0.0,1.0
"G[0,2]((PTT <= 0.000 | SepsisLabel <= 0.000) | SBP >= 0.000)
",9999999.000,9999999.000,0.000,1.000,0.000,0,0,18,0,0,18,18,0,0.0,0.0,1.0,0.0,0.0,1.0
"G[0,2]((PaCO2 <= 11.086 -> TroponinI >= 0.000) -> SaO2 <= 0.000)
",9999999.000,9999999.000,0.000,1.000,0.000,0,0,16,2,2,16,16,2,0.0,0.0,1.0,0.0,0.0,1.0
"G[1,2]((PaCO2 >= 0.393 | Calcium <= 3.882) -> Platelets <= 3.966)
",9999999.000,9999999.000,0.000,1.000,0.000,0,0,17,1,1,17,17,1,0.0,0.0,1.0,0.0,0.0,1.0
"G[1,2]((Bilirubin_direct <= 0.000 | AST >= 1.280) -> DBP >= 1.099)
",9999999.000,9999999.000,0.000,1.000,0.000,0,0,13,5,5,13,13,5,0.0,0.0,1.0,0.0,0.0,1.0
"G[0,2]((Creatinine <= 0.572 & Creatinine <= 0.504) & Glucose >= 0.021)
",9999999.000,9999999.000,0.000,1.000,0.000,0,0,0,18,18,0,0,18,0.0,0.0,0.0,0.0,0.0,1.0
"G[0,1](((BUN <= 7.266 & Potassium >= 0.187) & Fibrinogen <= 0.848) & Creatinine >= 0.144)
",9999999.000,9999999.000,0.000,1.000,0.000,0,0,0,18,18,0,0,18,0.0,0.0,0.0,0.0,0.0,1.0
"G[1,2]((TroponinI >= 0.000 -> Temp <= 37.424) -> Calcium <= 21.804)
",9999999.000,9999999.000,0.000,1.000,0.000,0,0,18,0,0,18,18,0,0.0,0.0,1.0,0.0,0.0,1.0
"G[2,2](((Magnesium >= 0.076 & Platelets <= 23.308) & TroponinI <= 129.645) | BUN <= 75.151)
",75.151,75.151,0.000,1.000,0.000,0,0,18,0,0,18,18,0,0.0,0.0,1.0,0.0,0.0,1.0
"G[0,2](((Bilirubin_direct <= 0.000 & SepsisLabel >= 0.000) | Lactate >= 0.000) -> EtCO2 <= 0.000)
",9999999.000,9999999.000,0.000,1.000,0.000,0,0,18,0,0,18,18,0,0.0,0.0,1.0,0.0,0.0,1.0
"G[2,2](Platelets >= 8.641 & SBP <= 181.573)
",-4864373589909383.000,-8.641,0.000,1.000,0.000,0,0,18,0,0,18,18,0,0.0,0.0,1.0,0.0,0.0,1.0
"G[2,2](MAP <= 91.126 -> AST >= 0.715)
",-6412436917678484.000,-91.126,0.000,1.000,0.000,0,0,18,0,0,18,18,0,0.0,0.0,1.0,0.0,0.0,1.0
"G[1,2]((DBP <= 50.295 | Hct >= 2.177) -> Calcium <= 32.414)
",9999999.000,9999999.000,0.000,1.000,0.000,0,0,18,0,0,18,18,0,0.0,0.0,1.0,0.0,0.0,1.0
"G[0,2]((TroponinI <= 0.000 & Phosphate <= 2.894) -> Glucose >= 0.022)
",9999999.000,9999999.000,0.000,1.000,0.000,0,0,0,18,18,0,0,18,0.0,0.0,0.0,0.0,0.0,1.0
"G[1,2]((Magnesium <= 1.582 | Bilirubin_total >= 0.006) -> BaseExcess >= 0.037)
",9999999.000,9999999.000,0.000,1.000,0.000,0,0,1,17,17,1,1,17,0.0,0.0,1.0,0.0,0.0,1.0
"G[2,2]((Hct <= 27.234 & BUN >= 0.145) & HR >= 0.222)
",-7980770924276204.000,-0.222,0.000,1.000,0.000,0,0,18,0,0,18,18,0,0.0,0.0,1.0,0.0,0.0,1.0
"G[1,2]((Creatinine >= 0.030 -> BaseExcess <= 0.000) -> SaO2 >= 0.000)
",9999999.000,9999999.000,0.000,1.000,0.000,0,0,18,0,0,18,18,0,0.0,0.0,1.0,0.0,0.0,1.0
"G[2,2](((SBP >= 46.561 -> MAP <= 88.880) & Creatinine <= 101.614) | SaO2 >= 37.178)
",-5232338331158837.000,-37.178,0.000,1.000,0.000,0,0,18,0,0,18,18,0,0.0,0.0,1.0,0.0,0.0,1.0
"G[0,2](((WBC >= 0.424 & SaO2 <= 59.520) & BaseExcess <= 27.468) | Alkalinephos >= 1.628)
",9999999.000,9999999.000,0.000,1.000,0.000,0,0,0,18,18,0,0,18,0.0,0.0,0.0,0.0,0.0,1.0
"G[1,2]((Hgb >= 0.527 | pH >= 0.264) | BUN >= 0.214)
",9999999.000,9999999.000,0.000,1.000,0.000,0,0,4,14,14,4,4,14,0.0,0.0,1.0,0.0,0.0,1.0
"G[0,2](Hct <= 17.781 | O2Sat >= 27.540)
",9999999.000,9999999.000,0.000,1.000,0.000,0,0,17,1,1,17,17,1,0.0,0.0,1.0,0.0,0.0,1.0
"G[0,2](Phosphate < 2.129 & SepsisLabel = 0.000)
",9999999.000,9999999.000,0.000,1.000,0.000,0,0,17,1,1,17,17,1,0.0,0.0,1.0,0.0,0.0,1.0
"G[0,1](((Hgb <= 1.844 | Hct <= 13.272) -> WBC >= 0.385) & Platelets >= 12.084)
",9999999.000,9999999.000,0.000,1.000,0.000,0,0,0,18,18,0,0,18,0.0,0.0,0.0,0.0,0.0,1.0
"G[1,2](BUN <= 11.764 & Creatinine >= 0.055)
",9999999.000,9999999.000,0.000,1.000,0.000,0,0,0,18,18,0,0,18,0.0,0.0,0.0,0.0,0.0,1.0
"G[2,2](HR < 100.493 -> SepsisLabel = 0.000)
",-100.493,-100.493,0.000,1.000,0.000,0,0,18,0,0,18,18,0,0.0,0.0,1.0,0.0,0.0,1.0
"G[0,2](Bilirubin_total >= 0.035 -> SepsisLabel = 0.000)
",9999999.000,9999999.000,0.000,1.000,0.000,0,0,18,0,0,18,18,0,0.0,0.0,1.0,0.0,0.0,1.0
"G[0,1](Creatinine >= 0.020 & SepsisLabel = 0.000)
",9999999.000,9999999.000,0.000,1.000,0.000,0,0,0,18,18,0,0,18,0.0,0.0,0.0,0.0,0.0,1.0
"G[0,0](Bilirubin_total >= 0.042 & SepsisLabel = 0.000)
",-0.354,-16.204,0.000,1.000,0.000,0,0,0,18,18,0,0,18,0.0,0.0,0.0,0.0,0.0,1.0
"G[1,2](MAP <= 105.943 & SepsisLabel = 0.000)
",9999999.000,9999999.000,0.000,1.000,0.000,0,0,15,3,3,15,15,3,0.0,0.0,1.0,0.0,0.0,1.0
"G[1,1](Lactate > 0.000 & SepsisLabel = 0.000)
",0.000,0.000,0.000,1.000,0.000,0,0,0,18,18,0,0,18,0.0,0.0,0.0,0.0,0.0,1.0
"G[1,1](Bilirubin_direct < 0.000 & SepsisLabel = 0.000)
",0.000,0.000,0.000,1.000,0.000,0,0,0,18,18,0,0,18,0.0,0.0,0.0,0.0,0.0,1.0
"G[0,2](Lactate <= 0.000 & SepsisLabel = 0.000)
",9999999.000,9999999.000,0.000,1.000,0.000,0,0,18,0,0,18,18,0,0.0,0.0,1.0,0.0,0.0,1.0
"G[1,2](Potassium >= 0.229 & SepsisLabel = 0.000)
",9999999.000,9999999.000,0.000,1.000,0.000,0,0,2,16,16,2,2,16,0.0,0.0,1.0,0.0,0.0,1.0
"G[1,2](((Alkalinephos >= 1.002 -> AST >= 1.390) -> Phosphate >= 0.221) -> Bilirubin_direct >= 1.591)
",9999999.000,9999999.000,0.000,1.000,0.000,0,0,17,1,1,17,17,1,0.0,0.0,1.0,0.0,0.0,1.0
"G[1,2](Chloride >= 0.000 & HCO3 >= 0.000)
",9999999.000,9999999.000,0.000,1.000,0.000,0,0,18,0,0,18,18,0,0.0,0.0,1.0,0.0,0.0,1.0
"G[1,2]((Alkalinephos <= 1.896 & Bilirubin_total <= 0.866) & SaO2 >= 0.004)
",9999999.000,9999999.000,0.000,1.000,0.000,0,0,1,17,17,1,1,17,0.0,0.0,1.0,0.0,0.0,1.0
"G[0,2]((PaCO2 >= 1.995 | SaO2 >= 0.959) | PaCO2 >= 1.192)
",9999999.000,9999999.000,0.000,1.000,0.000,0,0,0,18,18,0,0,18,0.0,0.0,0.0,0.0,0.0,1.0
"G[0,2](((BUN <= 11.426 & Creatinine <= 1.260) | Bilirubin_total <= 1.015) & TroponinI >= 0.043)
",9999999.000,9999999.000,0.000,1.000,0.000,0,0,0,18,18,0,0,18,0.0,0.0,0.0,0.0,0.0,1.0
"G[2,2](Creatinine >= 0.011 & Glucose <= 47.244)
",-0.011,-0.011,0.000,1.000,0.000,0,0,18,0,0,18,18,0,0.0,0.0,1.0,0.0,0.0,1.0
"G[2,2]((Creatinine <= 0.159 -> Potassium <= 3.419) -> Potassium >= 0.102)
",7354369006985404.000,0.102,0.000,1.000,0.000,0,0,18,0,0,18,18,0,0.0,0.0,1.0,0.0,0.0,1.0
"G[2,2]((Hgb >= 0.110 & WBC <= 3.559) | EtCO2 >= 0.718)
",-0.110,-0.110,0.000,1.000,0.000,0,0,18,0,0,18,18,0,0.0,0.0,1.0,0.0,0.0,1.0
"G[0,2](BUN <= 7.291 | Magnesium <= 1.010)
",9999999.000,9999999.000,0.000,1.000,0.000,0,0,16,2,2,16,16,2,0.0,0.0,1.0,0.0,0.0,1.0
"G[1,2](BUN >= 0.620 & Glucose >= 1.751)
",9999999.000,9999999.000,0.000,1.000,0.000,0,0,2,16,16,2,2,16,0.0,0.0,1.0,0.0,0.0,1.0
"G[0,2](MAP <= 80.059 | Resp <= 11.850)
",9999999.000,9999999.000,0.000,1.000,0.000,0,0,1,17,17,1,1,17,0.0,0.0,1.0,0.0,0.0,1.0
"G[2,2](Magnesium >= 0.041 | Phosphate >= 0.058)
",-0.041,-0.041,0.000,1.000,0.000,0,0,18,0,0,18,18,0,0.0,0.0,1.0,0.0,0.0,1.0
"G[0,2]((Alkalinephos <= 7.547 -> BUN >= 0.417) & PaCO2 <= 10.580)
",9999999.000,9999999.000,0.000,1.000,0.000,0,0,0,18,18,0,0,18,0.0,0.0,0.0,0.0,0.0,1.0
"G[0,1](Platelets <= 117.462 -> WBC >= 0.114)
",9999999.000,9999999.000,0.000,1.000,0.000,0,0,0,18,18,0,0,18,0.0,0.0,0.0,0.0,0.0,1.0
"G[0,1](BUN <= 8.322 & Creatinine >= 0.006)
",9999999.000,9999999.000,0.000,1.000,0.000,0,0,0,18,18,0,0,18,0.0,0.0,0.0,0.0,0.0,1.0
"G[0,2]((AST >= 1.009 & SaO2 <= 77.339) & HR >= 2.061)
",9999999.000,9999999.000,0.000,1.000,0.000,0,0,0,18,18,0,0,18,0.0,0.0,0.0,0.0,0.0,1.0
"G[0,1](BUN <= 1.504 & Creatinine >= 0.036)
",9999999.000,9999999.000,0.000,1.000,0.000,0,0,0,18,18,0,0,18,0.0,0.0,0.0,0.0,0.0,1.0
"G[1,2](((Hgb <= 9.545 | Hct <= 24.634) -> WBC >= 0.533) & Platelets >= 1.756)
",9999999.000,9999999.000,0.000,1.000,0.000,0,0,3,15,15,3,3,15,0.0,0.0,1.0,0.0,0.0,1.0
"G[2,2](BUN <= 9.468 & Creatinine >= 0.003)
",-6556757071624596.000,-0.003,0.000,1.000,0.000,0,0,18,0,0,18,18,0,0.0,0.0,1.0,0.0,0.0,1.0
"G[0,2](Chloride >= 0.000 & HCO3 >= 0.000)
",9999999.000,9999999.000,0.000,1.000,0.000,0,0,18,0,0,18,18,0,0.0,0.0,1.0,0.0,0.0,1.0
"G[0,2](Platelets <= 84.247 -> WBC >= 0.355)
",9999999.000,9999999.000,0.000,1.000,0.000,0,0,0,18,18,0,0,18,0.0,0.0,0.0,0.0,0.0,1.0
"G[1,2](BUN <= 2.250 & Creatinine >= 0.020)
",9999999.000,9999999.000,0.000,1.000,0.000,0,0,0,18,18,0,0,18,0.0,0.0,0.0,0.0,0.0,1.0
"G[0,2](Chloride >= 0.000 & HCO3 >= 0.000)
",9999999.000,9999999.000,0.000,1.000,0.000,0,0,18,0,0,18,18,0,0.0,0.0,1.0,0.0,0.0,1.0
"G[0,2](((Hgb <= 2.338 | Hct <= 23.109) -> WBC >= 0.423) & Platelets >= 15.942)
",9999999.000,9999999.000,0.000,1.000,0.000,0,0,0,18,18,0,0,18,0.0,0.0,0.0,0.0,0.0,1.0
"G[1,1](BUN <= 6.576 & Creatinine >= 0.043)
",-6222138172968484.000,-0.043,0.000,1.000,0.000,0,0,0,18,18,0,0,18,0.0,0.0,0.0,0.0,0.0,1.0
"G[1,2](Chloride >= 0.000 & HCO3 >= 0.000)
",9999999.000,9999999.000,0.000,1.000,0.000,0,0,18,0,0,18,18,0,0.0,0.0,1.0,0.0,0.0,1.0
"G[0,1](Platelets <= 76.292 -> WBC >= 0.551)
",9999999.000,9999999.000,0.000,1.000,0.000,0,0,0,18,18,0,0,18,0.0,0.0,0.0,0.0,0.0,1.0
"G[2,2](((Hgb <= 7.477 | Hct <= 16.494) -> WBC >= 0.229) & Platelets >= 6.265)
",-4642627014789718.000,-16.494,0.000,1.000,0.000,0,0,18,0,0,18,18,0,0.0,0.0,1.0,0.0,0.0,1.0
"G[1,2](Chloride >= 0.000 & HCO3 >= 0.000)
",9999999.000,9999999.000,0.000,1.000,0.000,0,0,18,0,0,18,18,0,0.0,0.0,1.0,0.0,0.0,1.0
"G[0,2](((Hgb <= 4.171 | Hct <= 20.418) -> WBC >= 0.711) & Platelets >= 7.914)
",9999999.000,9999999.000,0.000,1.000,0.000,0,0,0,18,18,0,0,18,0.0,0.0,0.0,0.0,0.0,1.0
"G[1,2](Platelets <= 64.389 -> WBC >= 0.437)
",9999999.000,9999999.000,0.000,1.000,0.000,0,0,3,15,15,3,3,15,0.0,0.0,1.0,0.0,0.0,1.0
"G[0,2](((Hgb <= 1.974 | Hct <= 3.757) -> WBC >= 0.650) & Platelets >= 6.088)
",9999999.000,9999999.000,0.000,1.000,0.000,0,0,0,18,18,0,0,18,0.0,0.0,0.0,0.0,0.0,1.0
"G[0,1](BUN <= 2.160 & Creatinine >= 0.051)
",9999999.000,9999999.000,0.000,1.000,0.000,0,0,0,18,18,0,0,18,0.0,0.0,0.0,0.0,0.0,1.0
"G[0,2](Platelets <= 151.848 -> WBC >= 0.475)
",9999999.000,9999999.000,0.000,1.000,0.000,0,0,0,18,18,0,0,18,0.0,0.0,0.0,0.0,0.0,1.0
"G[2,2](BUN <= 7.823 & Creatinine >= 0.002)
",-0.002,-0.002,0.000,1.000,0.000,0,0,18,0,0,18,18,0,0.0,0.0,1.0,0.0,0.0,1.0
"G[2,2](Chloride >= 0.000 & HCO3 >= 0.000)
",0.000,0.000,0.000,1.000,0.000,0,0,18,0,0,18,18,0,0.0,0.0,1.0,0.0,0.0,1.0
"G[2,2](BUN <= 3.069 & Creatinine >= 0.049)
",-7028045716030299.000,-0.049,0.000,1.000,0.000,0,0,18,0,0,18,18,0,0.0,0.0,1.0,0.0,0.0,1.0
"G[0,2](Platelets <= 104.293 -> WBC >= 0.004)
",9999999.000,9999999.000,0.000,1.000,0.000,0,0,0,18,18,0,0,18,0.0,0.0,0.0,0.0,0.0,1.0
"G[0,1](((Hgb <= 8.263 | Hct <= 11.901) -> WBC >= 0.430) & Platelets >= 13.069)
",9999999.000,9999999.000,0.000,1.000,0.000,0,0,0,18,18,0,0,18,0.0,0.0,0.0,0.0,0.0,1.0
"G[0,2](BUN <= 7.065 & Creatinine >= 0.043)
",9999999.000,9999999.000,0.000,1.000,0.000,0,0,0,18,18,0,0,18,0.0,0.0,0.0,0.0,0.0,1.0
"G[0,2](Platelets <= 48.545 -> WBC >= 0.718)
",9999999.000,9999999.000,0.000,1.000,0.000,0,0,0,18,18,0,0,18,0.0,0.0,0.0,0.0,0.0,1.0
"G[1,2](Bilirubin_total >= 0.030 -> BUN >= 0.087)
",9999999.000,9999999.000,0.000,1.000,0.000,0,0,18,0,0,18,18,0,0.0,0.0,1.0,0.0,0.0,1.0
"G[0,2]((Creatinine <= 0.627 & WBC <= 7.510) -> HR >= 0.536)
",9999999.000,9999999.000,0.000,1.000,0.000,0,0,9,9,9,9,9,9,0.0,0.0,1.0,0.0,0.0,1.0
"G[0,2]((Calcium <= 6.664 | WBC <= 6.452) | DBP <= 2.665)
",9999999.000,9999999.000,0.000,1.000,0.000,0,0,17,1,1,17,17,1,0.0,0.0,1.0,0.0,0.0,1.0
"G[0,2](((Hct >= 0.323 | Resp >= 2.504) | Calcium >= 2.752) & SaO2 >= 5.819)
",9999999.000,9999999.000,0.000,1.000,0.000,0,0,0,18,18,0,0,18,0.0,0.0,0.0,0.0,0.0,1.0
"G[1,2]((Potassium >= 0.002 & Resp >= 8.225) | Bilirubin_total >= 6.897)
",9999999.000,9999999.000,0.000,1.000,0.000,0,0,1,17,17,1,1,17,0.0,0.0,1.0,0.0,0.0,1.0
"G[0,2]((Creatinine >= 0.026 & O2Sat <= 74.179) -> HCO3 <= 85.656)
",9999999.000,9999999.000,0.000,1.000,0.000,0,0,18,0,0,18,18,0,0.0,0.0,1.0,0.0,0.0,1.0
"G[0,2](Calcium >= 0.291 -> Resp <= 18.124)
",9999999.000,9999999.000,0.000,1.000,0.000,0,0,18,0,0,18,18,0,0.0,0.0,1.0,0.0,0.0,1.0
"G[2,2](Creatinine <= 0.165 -> SBP <= 169.294)
",-169.294,-169.294,0.000,1.000,0.000,0,0,18,0,0,18,18,0,0.0,0.0,1.0,0.0,0.0,1.0
"G[0,1](Hgb >= 0.526 & HR >= 27.242)
",9999999.000,9999999.000,0.000,1.000,0.000,0,0,0,18,18,0,0,18,0.0,0.0,0.0,0.0,0.0,1.0
"G[0,2]((Hct >= 1.629 & PaCO2 <= 29.813) | AST >= 2.007)
",9999999.000,9999999.000,0.000,1.000,0.000,0,0,0,18,18,0,0,18,0.0,0.0,0.0,0.0,0.0,1.0
"G[2,2](Platelets <= 152.042 -> WBC >= 0.422)
",-5349486040815132.000,-152.042,0.000,1.000,0.000,0,0,18,0,0,18,18,0,0.0,0.0,1.0,0.0,0.0,1.0
"G[0,2](((Glucose <= 29.423 | O2Sat >= 13.623) | EtCO2 <= 71.161) -> Hgb >= 59.302)
",9999999.000,9999999.000,0.000,1.000,0.000,0,0,0,18,18,0,0,18,0.0,0.0,0.0,0.0,0.0,1.0
"G[1,2]((Magnesium <= 1.665 | SBP >= 63.051) | Calcium >= 19.127)
",9999999.000,9999999.000,0.000,1.000,0.000,0,0,17,1,1,17,17,1,0.0,0.0,1.0,0.0,0.0,1.0
"G[0,2]((Creatinine <= 1.273 & DBP >= 19.042) -> Hct <= 63.628)
",9999999.000,9999999.000,0.000,1.000,0.000,0,0,18,0,0,18,18,0,0.0,0.0,1.0,0.0,0.0,1.0
"G[1,2]((Creatinine <= 0.802 | HR >= 34.912) | Platelets <= 66.552)
",9999999.000,9999999.000,0.000,1.000,0.000,0,0,17,1,1,17,17,1,0.0,0.0,1.0,0.0,0.0,1.0
"G[2,2](((Creatinine <= 0.486 | SaO2 <= 10.368) -> BUN <= 9.983) & BUN >= 4.261)
",-10.368,-10.368,0.000,1.000,0.000,0,0,18,0,0,18,18,0,0.0,0.0,1.0,0.0,0.0,1.0
"G[0,0](Hgb >= 1.050 & Magnesium >= 0.065)
",-3.037,-0.940,0.000,1.000,0.000,0,0,0,18,18,0,0,18,0.0,0.0,0.0,0.0,0.0,1.0
"G[1,2]((Calcium >= 0.098 -> PaCO2 >= 1.324) | PaCO2 >= 0.433)
",9999999.000,9999999.000,0.000,1.000,0.000,0,0,16,2,2,16,16,2,0.0,0.0,1.0,0.0,0.0,1.0
"G[1,2]((Calcium >= 0.051 -> pH >= 0.054) & Bilirubin_total <= 3.541)
",9999999.000,9999999.000,0.000,1.000,0.000,0,0,16,2,2,16,16,2,0.0,0.0,1.0,0.0,0.0,1.0
"G[2,2]((Calcium >= 0.138 & SaO2 >= 3.094) & Lactate <= 27.329)
",-6966353952856972.000,-3.094,0.000,1.000,0.000,0,0,18,0,0,18,18,0,0.0,0.0,1.0,0.0,0.0,1.0
"G[2,2]((BUN <= 4.580 -> PaCO2 >= 1.366) | Potassium >= 0.788)
",-0.788,-0.788,0.000,1.000,0.000,0,0,18,0,0,18,18,0,0.0,0.0,1.0,0.0,0.0,1.0
"G[1,2]((BUN <= 11.871 & pH <= 2.176) & TroponinI >= 0.045)
",9999999.000,9999999.000,0.000,1.000,0.000,0,0,0,18,18,0,0,18,0.0,0.0,0.0,0.0,0.0,1.0
"G[1,2](((BUN <= 1.862 & SaO2 <= 96.886) | AST >= 5.349) & Lactate <= 71.278)
",9999999.000,9999999.000,0.000,1.000,0.000,0,0,16,2,2,16,16,2,0.0,0.0,1.0,0.0,0.0,1.0
"G[2,2](((DBP >= 9.049 -> Glucose >= 0.934) & Fibrinogen >= 4.662) | Hgb >= 3.864)
",-8701545574928299.000,-3.864,0.000,1.000,0.000,0,0,18,0,0,18,18,0,0.0,0.0,1.0,0.0,0.0,1.0
"G[0,2](PaCO2 <= 4.630 -> Temp <= 35.107)
",9999999.000,9999999.000,0.000,1.000,0.000,0,0,7,11,11,7,7,11,0.0,0.0,1.0,0.0,0.0,1.0
"G[2,2]((Alkalinephos <= 31.437 | PaCO2 >= 0.282) | Fibrinogen <= 41.824)
",5886268095580629.000,41.824,0.000,1.000,0.000,0,0,18,0,0,18,18,0,0.0,0.0,1.0,0.0,0.0,1.0
"G[0,1](Alkalinephos <= 13.920 -> pH >= 0.129)
",9999999.000,9999999.000,0.000,1.000,0.000,0,0,0,18,18,0,0,18,0.0,0.0,0.0,0.0,0.0,1.0
"G[0,2]((AST <= 67.768 & pH <= 5.022) & pH <= 5.633)
",9999999.000,9999999.000,0.000,1.000,0.000,0,0,15,3,3,15,15,3,0.0,0.0,1.0,0.0,0.0,1.0
"G[0,2]((Phosphate >= 0.062 | SBP >= 14.467) | Bilirubin_direct >= 44.660)
",9999999.000,9999999.000,0.000,1.000,0.000,0,0,8,10,10,8,8,10,0.0,0.0,1.0,0.0,0.0,1.0
"G[1,2](BUN >= 0.536 & MAP >= 61.432)
",9999999.000,9999999.000,0.000,1.000,0.000,0,0,1,17,17,1,1,17,0.0,0.0,1.0,0.0,0.0,1.0
"G[1,2]((O2Sat <= 73.695 | Potassium >= 0.013) & TroponinI <= 2.481)
",9999999.000,9999999.000,0.000,1.000,0.000,0,0,6,12,12,6,6,12,0.0,0.0,1.0,0.0,0.0,1.0
"G[0,2](Temp >= 7.586 | WBC >= 0.781)
",9999999.000,9999999.000,0.000,1.000,0.000,0,0,3,15,15,3,3,15,0.0,0.0,1.0,0.0,0.0,1.0
"G[0,2](((Creatinine <= 0.662 -> Hct >= 2.390) & SaO2 >= 0.885) -> SBP <= 27.344)
",9999999.000,9999999.000,0.000,1.000,0.000,0,0,18,0,0,18,18,0,0.0,0.0,1.0,0.0,0.0,1.0
"G[0,2](((Glucose <= 73.222 -> Hgb <= 4.457) -> BaseExcess >= 0.214) & Hct <= 3.774)
",9999999.000,9999999.000,0.000,1.000,0.000,0,0,0,18,18,0,0,18,0.0,0.0,0.0,0.0,0.0,1.0
"G[0,2](((Bilirubin_total <= 1.229 | Creatinine <= 0.218) & FiO2 >= 0.018) | Creatinine >= 0.044)
",9999999.000,9999999.000,0.000,1.000,0.000,0,0,0,18,18,0,0,18,0.0,0.0,0.0,0.0,0.0,1.0
"G[1,1](((Calcium >= 0.314 & Platelets <= 44.339) & HR >= 13.481) & AST >= 1.495)
",-7589270574778949.000,-13.481,0.000,1.000,0.000,0,0,0,18,18,0,0,18,0.0,0.0,0.0,0.0,0.0,1.0
"G[2,2](Phosphate >= 0.012 | Potassium >= 0.159)
",-6826825021850756.000,-0.012,0.000,1.000,0.000,0,0,18,0,0,18,18,0,0.0,0.0,1.0,0.0,0.0,1.0
"G[0,2](Magnesium >= 0.009 | Platelets <= 123.429)
",9999999.000,9999999.000,0.000,1.000,0.000,0,0,16,2,2,16,16,2,0.0,0.0,1.0,0.0,0.0,1.0
"G[0,0](((Glucose <= 22.377 -> Platelets >= 2.148) & PaCO2 >= 9.430) & Bilirubin_direct <= 87.674)
",-22.377,-22.377,0.000,1.000,0.000,0,0,0,18,18,0,0,18,0.0,0.0,0.0,0.0,0.0,1.0
"G[0,0](((AST >= 1.601 | Magnesium <= 1.319) & HR >= 0.035) & Phosphate >= 0.013)
",0.200,0.061,0.000,1.000,0.000,0,0,0,18,18,0,0,18,0.0,0.0,0.0,0.0,0.0,1.0
"G[0,2]((Bilirubin_total >= 0.022 | Magnesium >= 0.024) | Fibrinogen >= 0.003)
",9999999.000,9999999.000,0.000,1.000,0.000,0,0,0,18,18,0,0,18,0.0,0.0,0.0,0.0,0.0,1.0
"G[0,1]((Alkalinephos >= 0.082 & Hct <= 16.715) & PTT >= 2.890)
",9999999.000,9999999.000,0.000,1.000,0.000,0,0,0,18,18,0,0,18,0.0,0.0,0.0,0.0,0.0,1.0
"G[1,2](((AST <= 6.080 & WBC >= 0.003) & BUN >= 0.491) -> BUN >= 0.021)
",9999999.000,9999999.000,0.000,1.000,0.000,0,0,18,0,0,18,18,0,0.0,0.0,1.0,0.0,0.0,1.0
"G[1,2]((Alkalinephos >= 0.348 | WBC >= 0.597) & HCO3 >= 0.460)
",9999999.000,9999999.000,0.000,1.000,0.000,0,0,0,18,18,0,0,18,0.0,0.0,0.0,0.0,0.0,1.0
"G[1,2]((SBP <= 182.946 -> Temp <= 27.385) -> pH <= 24.249)
",9999999.000,9999999.000,0.000,1.000,0.000,0,0,18,0,0,18,18,0,0.0,0.0,1.0,0.0,0.0,1.0
"G[0,2](((Bilirubin_total >= 0.044 | O2Sat >= 14.281) -> O2Sat <= 97.795) -> Magnesium >= 45.149)
",9999999.000,9999999.000,0.000,1.000,0.000,0,0,2,16,16,2,2,16,0.0,0.0,1.0,0.0,0.0,1.0
"G[2,2]((Bilirubin_total >= 0.009 | MAP >= 45.631) -> SepsisLabel <= 72.562)
",-72.562,-72.562,0.000,1.000,0.000,0,0,18,0,0,18,18,0,0.0,0.0,1.0,0.0,0.0,1.0
"G[0,2](DBP <= 68.334 & SaO2 >= 3.584)
",9999999.000,9999999.000,0.000,1.000,0.000,0,0,0,18,18,0,0,18,0.0,0.0,0.0,0.0,0.0,1.0
"G[1,2]((O2Sat <= 88.055 | PaCO2 <= 9.184) -> SBP >= 0.314)
",9999999.000,9999999.000,0.000,1.000,0.000,0,0,13,5,5,13,13,5,0.0,0.0,1.0,0.0,0.0,1.0
"G[0,2]((MAP <= 79.728 & SaO2 <= 26.669) & Potassium <= 70.506)
",9999999.000,9999999.000,0.000,1.000,0.000,0,0,1,17,17,1,1,17,0.0,0.0,1.0,0.0,0.0,1.0
"G[0,1](((MAP <= 98.784 -> PaCO2 >= 2.549) & Bilirubin_total >= 2.310) & Hct <= 13.144)
",9999999.000,9999999.000,0.000,1.000,0.000,0,0,0,18,18,0,0,18,0.0,0.0,0.0,0.0,0.0,1.0
"G[1,2](((PaCO2 <= 8.452 | SBP <= 134.093) -> Bilirubin_total >= 45.524) -> SepsisLabel <= 184.947)
",9999999.000,9999999.000,0.000,1.000,0.000,0,0,18,0,0,18,18,0,0.0,0.0,1.0,0.0,0.0,1.0
"G[1,2](Bilirubin_total <= 0.186 | Temp <= 33.645)
",9999999.000,9999999.000,0.000,1.000,0.000,0,0,18,0,0,18,18,0,0.0,0.0,1.0,0.0,0.0,1.0
"G[0,2]((Phosphate >= 0.014 & Temp >= 10.758) | TroponinI >= 11.005)
",9999999.000,9999999.000,0.000,1.000,0.000,0,0,0,18,18,0,0,18,0.0,0.0,0.0,0.0,0.0,1.0
"G[0,2]((PaCO2 <= 38.347 & Resp <= 18.065) | Lactate >= 6.017)
",9999999.000,9999999.000,0.000,1.000,0.000,0,0,14,4,4,14,14,4,0.0,0.0,1.0,0.0,0.0,1.0
"G[1,2](((MAP >= 37.157 & WBC <= 3.649) & SepsisLabel <= 3.755) & PTT <= 4.064)
",9999999.000,9999999.000,0.000,1.000,0.000,0,0,11,7,7,11,11,7,0.0,0.0,1.0,0.0,0.0,1.0
