Rule,Discrimination Score,Pos Robustness,Neg Robustness,Percent Class +,Percent Class -,TP,TN,FP,FN,Actual Yes,Actual No,Predicted Yes,Predicted No,TPR/Sens,TNR/Spec,FPR,Precision,Accuracy,MCR,Class
"G[0,0]((BUN <= 2.291 -> Hgb >= 0.255) -> Phosphate <= 7.475)
",-15.724,-7.375,0.000,1.000,0.000,24,0,0,0,24,0,24,0,1.0,0.0,0.0,1.0,1.0212765957446808,-0.02127659574468077,1
"G[0,0](((TroponinI <= 0.000 & Potassium >= 0.119) | TroponinI >= 0.003) -> Glucose <= 1.457)
",-3279952717807826.000,-1.457,0.000,1.000,0.000,24,0,0,0,24,0,24,0,1.0,0.0,0.0,1.0,1.0212765957446808,-0.02127659574468077,1
"F[0,0](SepsisLabel < 0.000 & SepsisLabel = 0.000)
",-0.213,-10.696,0.000,0.000,1.000,24,0,0,0,24,0,24,0,1.0,0.0,0.0,1.0,1.0212765957446808,-0.02127659574468077,-1
"G[0,0](((Chloride >= 0.000 | pH >= 0.000) | SepsisLabel >= 0.000) & Creatinine >= 0.000)
",0.000,0.000,0.000,1.000,0.000,24,0,0,0,24,0,24,0,1.0,0.0,0.0,1.0,1.0212765957446808,-0.02127659574468077,1
"F[0,0](((Hct <= 10.818 -> WBC >= 0.069) -> Magnesium >= 0.107) -> Lactate >= 0.288)
",-0.219,-4.220,0.000,0.000,1.000,24,0,0,0,24,0,24,0,1.0,0.0,0.0,1.0,1.0212765957446808,-0.02127659574468077,-1
"G[0,0](((Creatinine <= 0.583 | MAP >= 67.074) -> HR >= 80.441) -> PTT <= 106.818)
",-43.076,-106.292,0.000,1.000,0.000,24,0,0,0,24,0,24,0,1.0,0.0,0.0,1.0,1.0212765957446808,-0.02127659574468077,1
"G[0,0](((O2Sat >= 34.569 & Phosphate >= 0.147) & FiO2 >= 0.061) -> TroponinI >= 0.089)
",15.587,0.088,0.000,1.000,0.000,24,0,0,0,24,0,24,0,1.0,0.0,0.0,1.0,1.0212765957446808,-0.02127659574468077,1
"G[0,0](Temp <= 14.939 | Lactate >= 0.000)
",0.245,4.780,0.000,1.000,0.000,24,0,0,0,24,0,24,0,1.0,0.0,0.0,1.0,1.0212765957446808,-0.02127659574468077,1
"F[0,0](((BaseExcess <= 0.000 & Resp >= 8.672) -> Platelets <= 20.163) & Chloride >= 13.539)
",-2837740618161633.500,-20.163,0.000,0.000,1.000,24,0,0,0,24,0,24,0,1.0,0.0,0.0,1.0,1.0212765957446808,-0.02127659574468077,-1
"G[0,0](BUN <= 3.136 -> SepsisLabel = 0.000)
",-7062637449975059.000,-3.136,0.000,1.000,0.000,24,0,0,0,24,0,24,0,1.0,0.0,0.0,1.0,1.0212765957446808,-0.02127659574468077,1
"G[0,0](((Bilirubin_total <= 0.134 -> Hct >= 1.524) -> Fibrinogen >= 1.505) | SaO2 <= 6.387)
",6.387,6.387,0.000,1.000,0.000,24,0,0,0,24,0,24,0,1.0,0.0,0.0,1.0,1.0212765957446808,-0.02127659574468077,1
"G[0,0](Temp <= 35.392 -> WBC <= 1.480)
",-0.427,-2.954,0.000,1.000,0.000,24,0,0,0,24,0,24,0,1.0,0.0,0.0,1.0,1.0212765957446808,-0.02127659574468077,1
"G[0,0](((Hgb >= 0.001 & Temp <= 28.433) -> Lactate <= 28.458) & BaseExcess <= 16.373)
",-2.900,-26.508,0.000,1.000,0.000,24,0,0,0,24,0,24,0,1.0,0.0,0.0,1.0,1.0212765957446808,-0.02127659574468077,1
"G[0,0](((EtCO2 <= 0.000 -> FiO2 <= 0.000) | Magnesium <= 0.000) | Calcium >= 0.000)
",0.000,0.000,0.000,1.000,0.000,24,0,0,0,24,0,24,0,1.0,0.0,0.0,1.0,1.0212765957446808,-0.02127659574468077,1
"G[0,0](Glucose >= 4.288 -> SepsisLabel = 0.000)
",0.213,0.186,0.000,1.000,0.000,24,0,0,0,24,0,24,0,1.0,0.0,0.0,1.0,1.0212765957446808,-0.02127659574468077,1
"G[0,1](Chloride >= 0.000 & HCO3 >= 0.000)
",9999999.000,9999999.000,0.000,1.000,0.000,23,0,1,0,23,1,24,0,1.0,0.0,1.0,0.9583333333333334,0.9787234042553191,0.021276595744680882,1
"G[0,1]((Magnesium >= 0.059 -> SepsisLabel >= 0.000) & Temp >= 0.000)
",9999999.000,9999999.000,0.000,1.000,0.000,23,0,1,0,23,1,24,0,1.0,0.0,1.0,0.9583333333333334,0.9787234042553191,0.021276595744680882,1
"G[1,1](Bilirubin_direct <= 0.000 | BaseExcess <= 0.000)
",0.000,0.000,0.000,1.000,0.000,23,0,1,0,23,1,24,0,1.0,0.0,1.0,0.9583333333333334,0.9787234042553191,0.021276595744680882,1
"G[1,1](Chloride >= 0.000 & HCO3 >= 0.000)
",0.000,0.000,0.000,1.000,0.000,23,0,1,0,23,1,24,0,1.0,0.0,1.0,0.9583333333333334,0.9787234042553191,0.021276595744680882,1
"G[1,1]((DBP <= 79.812 & DBP >= 27.916) | Lactate <= 64.837)
",4562518986857791.000,64.837,0.000,1.000,0.000,23,0,1,0,23,1,24,0,1.0,0.0,1.0,0.9583333333333334,0.9787234042553191,0.021276595744680882,1
"F[0,1]((AST <= 10.464 | Phosphate <= 3.568) & SaO2 >= 0.016)
",-9999999.000,-9999999.000,0.000,0.000,1.000,23,0,0,1,24,0,23,1,0.9583333333333334,0.0,0.0,1.0,0.9787234042553191,0.021276595744680882,-1
"G[0,1](((Temp <= 24.994 & FiO2 >= 0.000) | BUN <= 0.000) -> Temp >= 0.000)
",9999999.000,9999999.000,0.000,1.000,0.000,23,0,1,0,23,1,24,0,1.0,0.0,1.0,0.9583333333333334,0.9787234042553191,0.021276595744680882,1
"G[0,1](Chloride >= 0.000 & HCO3 >= 0.000)
",9999999.000,9999999.000,0.000,1.000,0.000,23,0,1,0,23,1,24,0,1.0,0.0,1.0,0.9583333333333334,0.9787234042553191,0.021276595744680882,1
"G[0,1](((TroponinI <= 0.000 -> O2Sat <= 94.629) -> PaCO2 <= 91.285) | Creatinine <= 90.719)
",9999999.000,9999999.000,0.000,1.000,0.000,23,0,1,0,23,1,24,0,1.0,0.0,1.0,0.9583333333333334,0.9787234042553191,0.021276595744680882,1
"G[0,1](((SBP >= 40.076 -> Temp <= 18.082) -> pH <= 23.479) | MAP >= 3.125)
",9999999.000,9999999.000,0.000,1.000,0.000,23,0,1,0,23,1,24,0,1.0,0.0,1.0,0.9583333333333334,0.9787234042553191,0.021276595744680882,1
"G[0,1](((AST <= 7.613 | AST <= 7.454) | MAP <= 9.433) | Potassium <= 7.759)
",9999999.000,9999999.000,0.000,1.000,0.000,23,0,1,0,23,1,24,0,1.0,0.0,1.0,0.9583333333333334,0.9787234042553191,0.021276595744680882,1
"((AST >= 0.159) U[1,1] (Hct <= 19.713))
",5548589931200417.000,19.713,0.000,0.000,1.000,23,0,0,1,24,0,23,1,0.9583333333333334,0.0,0.0,1.0,0.9787234042553191,0.021276595744680882,-1
"F[1,1]((Calcium <= 8.197 & Potassium <= 0.831) & Magnesium >= 0.068)
",-0.068,-0.068,0.000,0.000,1.000,23,0,0,1,24,0,23,1,0.9583333333333334,0.0,0.0,1.0,0.9787234042553191,0.021276595744680882,-1
"G[1,1]((Calcium >= 0.032 & Phosphate >= 0.028) -> PaCO2 <= 0.562)
",-5059701612554575.000,-0.562,0.000,1.000,0.000,23,0,1,0,23,1,24,0,1.0,0.0,1.0,0.9583333333333334,0.9787234042553191,0.021276595744680882,1
"F[0,1](((HR >= 68.860 | Platelets <= 215.550) -> SaO2 >= 8.796) | Magnesium >= 3.018)
",-9999999.000,-9999999.000,0.000,0.000,1.000,23,0,0,1,24,0,23,1,0.9583333333333334,0.0,0.0,1.0,0.9787234042553191,0.021276595744680882,-1
"F[0,1](Alkalinephos >= 1.113 & AST <= 8.727)
",-9999999.000,-9999999.000,0.000,0.000,1.000,23,0,0,1,24,0,23,1,0.9583333333333334,0.0,0.0,1.0,0.9787234042553191,0.021276595744680882,-1
"((WBC >= 0.218) U[1,2] (SepsisLabel = 0.000))
",-9999999.000,-9999999.000,0.000,0.000,1.000,23,0,0,1,24,0,23,1,0.9583333333333334,0.0,0.0,1.0,0.9787234042553191,0.021276595744680882,-1
"((AST >= 0.038) U[1,1] (Creatinine <= 0.375))
",6758763943715950.000,0.375,0.000,0.000,1.000,23,0,0,1,24,0,23,1,0.9583333333333334,0.0,0.0,1.0,0.9787234042553191,0.021276595744680882,-1
"F[0,1]((Calcium <= 2.051 & Potassium <= 1.268) & Magnesium >= 0.075)
",-9999999.000,-9999999.000,0.000,0.000,1.000,23,0,0,1,24,0,23,1,0.9583333333333334,0.0,0.0,1.0,0.9787234042553191,0.021276595744680882,-1
"F[0,1]((Phosphate >= 0.008 -> Resp <= 17.948) & Hct >= 2.997)
",-9999999.000,-9999999.000,0.000,0.000,1.000,23,0,0,1,24,0,23,1,0.9583333333333334,0.0,0.0,1.0,0.9787234042553191,0.021276595744680882,-1
"F[0,1]((Calcium <= 3.677 & Potassium <= 1.883) & Magnesium >= 0.096)
",-9999999.000,-9999999.000,0.000,0.000,1.000,23,0,0,1,24,0,23,1,0.9583333333333334,0.0,0.0,1.0,0.9787234042553191,0.021276595744680882,-1
"F[1,1](((BaseExcess >= 0.000 & DBP <= 79.130) -> FiO2 <= 65.175) -> SepsisLabel >= 49.979)
",49.979,49.979,0.000,0.000,1.000,23,0,0,1,24,0,23,1,0.9583333333333334,0.0,0.0,1.0,0.9787234042553191,0.021276595744680882,-1
"((Glucose >= 2.238) U[1,1] (SaO2 >= 0.000))
",0.000,0.000,0.000,0.000,1.000,23,0,0,1,24,0,23,1,0.9583333333333334,0.0,0.0,1.0,0.9787234042553191,0.021276595744680882,-1
"((Hgb >= 0.032) U[1,1] (SepsisLabel = 0.000))
",0.000,0.000,0.000,0.000,1.000,23,0,0,1,24,0,23,1,0.9583333333333334,0.0,0.0,1.0,0.9787234042553191,0.021276595744680882,-1
"F[1,1]((Hgb <= 0.887 -> Temp >= 5.853) & Bilirubin_direct >= 2.673)
",-3009487641615734.500,-2.673,0.000,0.000,1.000,23,0,0,1,24,0,23,1,0.9583333333333334,0.0,0.0,1.0,0.9787234042553191,0.021276595744680882,-1
"((Hct >= 1.085) U[1,1] (Platelets <= 210.169))
",7394660460851101.000,210.169,0.000,0.000,1.000,23,0,0,1,24,0,23,1,0.9583333333333334,0.0,0.0,1.0,0.9787234042553191,0.021276595744680882,-1
"F[0,1]((Calcium <= 0.484 & Potassium <= 0.840) & Magnesium >= 0.085)
",-9999999.000,-9999999.000,0.000,0.000,1.000,23,0,0,1,24,0,23,1,0.9583333333333334,0.0,0.0,1.0,0.9787234042553191,0.021276595744680882,-1
"G[1,1](((Hgb <= 9.541 & Resp <= 19.698) & Resp >= 3.762) | SaO2 <= 17.765)
",5000360128392225.000,17.765,0.000,1.000,0.000,23,0,1,0,23,1,24,0,1.0,0.0,1.0,0.9583333333333334,0.9787234042553191,0.021276595744680882,1
"G[0,1]((BaseExcess >= 0.000 | Potassium <= 0.597) & Magnesium <= 3.403)
",9999999.000,9999999.000,0.000,1.000,0.000,23,0,1,0,23,1,24,0,1.0,0.0,1.0,0.9583333333333334,0.9787234042553191,0.021276595744680882,1
"G[0,1](((Alkalinephos <= 88.669 | PTT <= 0.000) | BUN <= 0.000) -> SBP >= 0.000)
",9999999.000,9999999.000,0.000,1.000,0.000,23,0,1,0,23,1,24,0,1.0,0.0,1.0,0.9583333333333334,0.9787234042553191,0.021276595744680882,1
"G[0,1](((EtCO2 >= 0.000 | SaO2 <= 0.000) & AST >= 0.000) & FiO2 >= 0.000)
",9999999.000,9999999.000,0.000,1.000,0.000,23,0,1,0,23,1,24,0,1.0,0.0,1.0,0.9583333333333334,0.9787234042553191,0.021276595744680882,1
"G[0,1](((Calcium >= 0.237 -> Lactate >= 0.000) & BUN >= 0.000) | BUN >= 0.000)
",9999999.000,9999999.000,0.000,1.000,0.000,23,0,1,0,23,1,24,0,1.0,0.0,1.0,0.9583333333333334,0.9787234042553191,0.021276595744680882,1
"G[0,1](((Bilirubin_total >= 0.000 | DBP <= 76.317) -> WBC >= 44.372) | BaseExcess <= 71.553)
",9999999.000,9999999.000,0.000,1.000,0.000,23,0,1,0,23,1,24,0,1.0,0.0,1.0,0.9583333333333334,0.9787234042553191,0.021276595744680882,1
"G[0,1](((Alkalinephos <= 16.185 | Temp <= 20.598) | DBP <= 19.465) | Hct >= 9.566)
",9999999.000,9999999.000,0.000,1.000,0.000,23,0,1,0,23,1,24,0,1.0,0.0,1.0,0.9583333333333334,0.9787234042553191,0.021276595744680882,1
"G[0,1](((Resp <= 15.801 -> Potassium <= 2.070) | O2Sat >= 0.047) & SepsisLabel <= 2.543)
",9999999.000,9999999.000,0.000,1.000,0.000,23,0,1,0,23,1,24,0,1.0,0.0,1.0,0.9583333333333334,0.9787234042553191,0.021276595744680882,1
"G[0,1](PTT > 0.000 -> SepsisLabel = 0.000)
",9999999.000,9999999.000,0.000,1.000,0.000,23,0,1,0,23,1,24,0,1.0,0.0,1.0,0.9583333333333334,0.9787234042553191,0.021276595744680882,1
"G[1,1]((SepsisLabel >= 0.000 | Chloride >= 0.000) -> SepsisLabel >= 0.000)
",0.000,0.000,0.000,1.000,0.000,23,0,1,0,23,1,24,0,1.0,0.0,1.0,0.9583333333333334,0.9787234042553191,0.021276595744680882,1
"G[1,1]((Hct <= 5.019 & Creatinine >= 0.001) -> Phosphate <= 0.674)
",-3034602796013678.500,-0.674,0.000,1.000,0.000,23,0,1,0,23,1,24,0,1.0,0.0,1.0,0.9583333333333334,0.9787234042553191,0.021276595744680882,1
"G[1,1]((Phosphate <= 0.857 | WBC >= 0.061) | FiO2 >= 0.013)
",7722374951069889.000,0.857,0.000,1.000,0.000,23,0,1,0,23,1,24,0,1.0,0.0,1.0,0.9583333333333334,0.9787234042553191,0.021276595744680882,1
"G[0,1](((Creatinine >= 0.021 & Lactate <= 0.000) | SepsisLabel <= 0.000) | DBP >= 0.000)
",9999999.000,9999999.000,0.000,1.000,0.000,23,0,1,0,23,1,24,0,1.0,0.0,1.0,0.9583333333333334,0.9787234042553191,0.021276595744680882,1
"G[0,1](Magnesium >= 0.077 -> SepsisLabel = 0.000)
",9999999.000,9999999.000,0.000,1.000,0.000,23,0,1,0,23,1,24,0,1.0,0.0,1.0,0.9583333333333334,0.9787234042553191,0.021276595744680882,1
"G[0,1]((Platelets >= 3.045 | WBC <= 3.942) | Magnesium <= 2.155)
",9999999.000,9999999.000,0.000,1.000,0.000,23,0,1,0,23,1,24,0,1.0,0.0,1.0,0.9583333333333334,0.9787234042553191,0.021276595744680882,1
"G[0,1](((Glucose <= 109.189 | Magnesium >= 0.059) -> TroponinI <= 1.615) | BUN <= 1.591)
",9999999.000,9999999.000,0.000,1.000,0.000,23,0,1,0,23,1,24,0,1.0,0.0,1.0,0.9583333333333334,0.9787234042553191,0.021276595744680882,1
"G[0,1](((BUN >= 0.144 -> Creatinine <= 0.565) & O2Sat >= 0.001) | SepsisLabel <= 0.404)
",9999999.000,9999999.000,0.000,1.000,0.000,23,0,1,0,23,1,24,0,1.0,0.0,1.0,0.9583333333333334,0.9787234042553191,0.021276595744680882,1
"G[0,1]((BUN >= 0.266 & Calcium <= 1.605) -> SaO2 >= 0.187)
",9999999.000,9999999.000,0.000,1.000,0.000,23,0,1,0,23,1,24,0,1.0,0.0,1.0,0.9583333333333334,0.9787234042553191,0.021276595744680882,1
"G[0,1]((Lactate >= 0.000 -> pH <= 0.000) & MAP >= 0.000)
",9999999.000,9999999.000,0.000,1.000,0.000,23,0,1,0,23,1,24,0,1.0,0.0,1.0,0.9583333333333334,0.9787234042553191,0.021276595744680882,1
"G[0,0](HR <= 89.265 -> MAP >= 79.173)
",-1.919,-63.240,0.000,1.000,0.000,23,0,0,1,24,0,23,1,0.9583333333333334,0.0,0.0,1.0,0.9787234042553191,0.021276595744680882,1
"G[1,1](((Creatinine >= 0.020 & HR <= 95.732) | PaCO2 <= 83.353) | Hgb <= 80.006)
",2932710504583586.000,83.353,0.000,1.000,0.000,23,0,1,0,23,1,24,0,1.0,0.0,1.0,0.9583333333333334,0.9787234042553191,0.021276595744680882,1
"G[1,1]((Magnesium >= 0.075 | SaO2 >= 0.000) | Lactate >= 0.000)
",0.000,0.000,0.000,1.000,0.000,23,0,1,0,23,1,24,0,1.0,0.0,1.0,0.9583333333333334,0.9787234042553191,0.021276595744680882,1
"G[0,1]((Magnesium >= 0.042 | O2Sat <= 92.570) | WBC <= 99.902)
",9999999.000,9999999.000,0.000,1.000,0.000,23,0,1,0,23,1,24,0,1.0,0.0,1.0,0.9583333333333334,0.9787234042553191,0.021276595744680882,1
"G[1,1]((BaseExcess <= 0.000 -> Bilirubin_total >= 0.002) | BaseExcess <= 0.214)
",0.214,0.214,0.000,1.000,0.000,23,0,1,0,23,1,24,0,1.0,0.0,1.0,0.9583333333333334,0.9787234042553191,0.021276595744680882,1
"G[0,1]((TroponinI >= 0.000 -> Creatinine <= 0.104) | Glucose >= 0.017)
",9999999.000,9999999.000,0.000,1.000,0.000,23,0,1,0,23,1,24,0,1.0,0.0,1.0,0.9583333333333334,0.9787234042553191,0.021276595744680882,1
"G[0,1](((Calcium >= 0.098 & SBP >= 123.361) & Lactate >= 59.550) -> DBP >= 15.492)
",9999999.000,9999999.000,0.000,1.000,0.000,23,0,1,0,23,1,24,0,1.0,0.0,1.0,0.9583333333333334,0.9787234042553191,0.021276595744680882,1
"G[1,1]((Chloride >= 0.000 | PaCO2 >= 0.000) | BaseExcess >= 0.000)
",0.000,0.000,0.000,1.000,0.000,23,0,1,0,23,1,24,0,1.0,0.0,1.0,0.9583333333333334,0.9787234042553191,0.021276595744680882,1
"G[1,1]((Hct >= 0.844 -> HR >= 8.117) | Platelets <= 95.328)
",95.328,95.328,0.000,1.000,0.000,23,0,1,0,23,1,24,0,1.0,0.0,1.0,0.9583333333333334,0.9787234042553191,0.021276595744680882,1
"G[1,1]((Bilirubin_total >= 0.008 | HR <= 83.669) -> TroponinI <= 95.438)
",-6715823364658047.000,-95.438,0.000,1.000,0.000,23,0,1,0,23,1,24,0,1.0,0.0,1.0,0.9583333333333334,0.9787234042553191,0.021276595744680882,1
"G[0,1](FiO2 >= 0.000 -> pH >= 0.000)
",9999999.000,9999999.000,0.000,1.000,0.000,23,0,1,0,23,1,24,0,1.0,0.0,1.0,0.9583333333333334,0.9787234042553191,0.021276595744680882,1
"G[0,1](((Hct <= 32.352 | DBP >= 24.968) -> Bilirubin_total <= 65.674) & Bilirubin_direct <= 72.312)
",9999999.000,9999999.000,0.000,1.000,0.000,23,0,1,0,23,1,24,0,1.0,0.0,1.0,0.9583333333333334,0.9787234042553191,0.021276595744680882,1
"G[1,1]((Glucose >= 3.591 & TroponinI >= 0.000) | WBC <= 0.000)
",0.000,0.000,0.000,1.000,0.000,23,0,1,0,23,1,24,0,1.0,0.0,1.0,0.9583333333333334,0.9787234042553191,0.021276595744680882,1
"G[0,0](HR >= 55.179 -> SBP >= 63.701)
",-2911069903586318.000,-21180.821,0.000,1.000,0.000,23,0,0,1,24,0,23,1,0.9583333333333334,0.0,0.0,1.0,0.9787234042553191,0.021276595744680882,1
"((Calcium <= 2.541) U[0,1] (Bilirubin_total >= 0.005))
",-9999999.000,-9999999.000,0.000,0.000,1.000,22,0,0,2,24,0,22,2,0.9166666666666666,0.0,0.0,1.0,0.9361702127659575,0.06382978723404253,-1
"((SBP <= 146.194) U[0,1] (Alkalinephos >= 0.777))
",-9999999.000,-9999999.000,0.000,0.000,1.000,22,0,0,2,24,0,22,2,0.9166666666666666,0.0,0.0,1.0,0.9361702127659575,0.06382978723404253,-1
"((Temp <= 11.640) U[0,1] (AST >= 0.177))
",-9999999.000,-9999999.000,0.000,0.000,1.000,22,0,0,2,24,0,22,2,0.9166666666666666,0.0,0.0,1.0,0.9361702127659575,0.06382978723404253,-1
"F[1,1](((Bilirubin_total >= 0.001 | Creatinine <= 0.066) | Hct <= 0.586) & WBC >= 0.009)
",-2452724999505554.500,-0.009,0.000,0.000,1.000,22,0,0,2,24,0,22,2,0.9166666666666666,0.0,0.0,1.0,0.9361702127659575,0.06382978723404253,-1
"F[0,1](pH <= 0.000 -> Bilirubin_total >= 0.006)
",-9999999.000,-9999999.000,0.000,0.000,1.000,22,0,0,2,24,0,22,2,0.9166666666666666,0.0,0.0,1.0,0.9361702127659575,0.06382978723404253,-1
"G[0,1](((Bilirubin_total <= 0.094 -> EtCO2 >= 0.000) | O2Sat <= 0.000) -> AST <= 0.000)
",9999999.000,9999999.000,0.000,1.000,0.000,22,0,1,1,23,1,23,1,0.9565217391304348,0.0,1.0,0.9565217391304348,0.9361702127659575,0.06382978723404253,1
"F[0,0]((Chloride >= 0.000 -> TroponinI <= 0.000) -> SBP <= 0.000)
",0.213,0.404,0.000,0.000,1.000,22,0,0,2,24,0,22,2,0.9166666666666666,0.0,0.0,1.0,0.9361702127659575,0.06382978723404253,-1
"((AST >= 0.026) U[1,2] (Glucose <= 124.096))
",-9999999.000,-9999999.000,0.000,0.000,1.000,22,0,0,2,24,0,22,2,0.9166666666666666,0.0,0.0,1.0,0.9361702127659575,0.06382978723404253,-1
"G[0,1](((Creatinine >= 0.025 | Temp >= 1.763) | Chloride <= 31.304) -> Platelets <= 24.144)
",9999999.000,9999999.000,0.000,1.000,0.000,21,0,1,2,23,1,22,2,0.9130434782608695,0.0,1.0,0.9545454545454546,0.8936170212765957,0.1063829787234043,1
"G[0,1](((BUN >= 0.162 & MAP >= 72.016) -> Lactate >= 16.220) | BaseExcess >= 86.946)
",9999999.000,9999999.000,0.000,1.000,0.000,21,0,1,2,23,1,22,2,0.9130434782608695,0.0,1.0,0.9545454545454546,0.8936170212765957,0.1063829787234043,1
"G[0,1](WBC < 5.611 & SepsisLabel = 0.000)
",9999999.000,9999999.000,0.000,1.000,0.000,21,0,1,2,23,1,22,2,0.9130434782608695,0.0,1.0,0.9545454545454546,0.8936170212765957,0.1063829787234043,1
"G[1,1](((DBP >= 42.868 & Magnesium <= 1.793) | Creatinine >= 0.076) | Temp >= 0.034)
",-4957898374035345.000,-0.034,0.000,1.000,0.000,21,0,1,2,23,1,22,2,0.9130434782608695,0.0,1.0,0.9545454545454546,0.8936170212765957,0.1063829787234043,1
"G[1,1](Platelets <= 32.388 | Temp <= 24.768)
",4558175623368945.000,32.388,0.000,1.000,0.000,21,0,1,2,23,1,22,2,0.9130434782608695,0.0,1.0,0.9545454545454546,0.8936170212765957,0.1063829787234043,1
"G[0,0](((Bilirubin_total >= 0.007 | WBC >= 0.256) -> SepsisLabel <= 2.767) -> Temp <= 5.545)
",1.425,2.463,0.000,1.000,0.000,21,0,0,3,24,0,21,3,0.875,0.0,0.0,1.0,0.8936170212765957,0.1063829787234043,1
"G[0,1](Magnesium <= 1.301 & Bilirubin_total <= 0.197)
",9999999.000,9999999.000,0.000,1.000,0.000,21,0,1,2,23,1,22,2,0.9130434782608695,0.0,1.0,0.9545454545454546,0.8936170212765957,0.1063829787234043,1
"G[0,1](((Platelets >= 9.987 | Potassium <= 3.407) | HR <= 4.128) -> Glucose <= 3.303)
",9999999.000,9999999.000,0.000,1.000,0.000,21,0,1,2,23,1,22,2,0.9130434782608695,0.0,1.0,0.9545454545454546,0.8936170212765957,0.1063829787234043,1
"G[1,1]((Temp <= 28.977 -> BaseExcess >= 0.000) -> BUN <= 0.000)
",0.000,0.000,0.000,1.000,0.000,21,0,1,2,23,1,22,2,0.9130434782608695,0.0,1.0,0.9545454545454546,0.8936170212765957,0.1063829787234043,1
"((BaseExcess <= 0.000) U[0,1] (Calcium >= 0.144))
",-9999999.000,-9999999.000,0.000,0.000,1.000,21,0,0,3,24,0,21,3,0.875,0.0,0.0,1.0,0.8936170212765957,0.1063829787234043,-1
"((Hct >= 1.624) U[1,2] (MAP >= 58.604))
",-9999999.000,-9999999.000,0.000,0.000,1.000,21,0,0,3,24,0,21,3,0.875,0.0,0.0,1.0,0.8936170212765957,0.1063829787234043,-1
"((Magnesium >= 0.067) U[1,2] (Resp >= 4.809))
",-9999999.000,-9999999.000,0.000,0.000,1.000,21,0,0,3,24,0,21,3,0.875,0.0,0.0,1.0,0.8936170212765957,0.1063829787234043,-1
"F[1,1](((Alkalinephos <= 5.961 | Magnesium >= 0.095) | FiO2 <= 1.570) & Hct >= 0.028)
",-2040379214336770.750,-0.028,0.000,0.000,1.000,21,0,0,3,24,0,21,3,0.875,0.0,0.0,1.0,0.8936170212765957,0.1063829787234043,-1
"F[0,1](AST >= 0.295 | Platelets >= 8.755)
",-9999999.000,-9999999.000,0.000,0.000,1.000,21,0,0,3,24,0,21,3,0.875,0.0,0.0,1.0,0.8936170212765957,0.1063829787234043,-1
"((EtCO2 >= 0.000) U[1,1] (Magnesium >= 0.025))
",0.000,0.000,0.000,0.000,1.000,21,0,0,3,24,0,21,3,0.875,0.0,0.0,1.0,0.8936170212765957,0.1063829787234043,-1
"F[0,1](Magnesium >= 0.085 & SepsisLabel = 0.000)
",-9999999.000,-9999999.000,0.000,0.000,1.000,21,0,0,3,24,0,21,3,0.875,0.0,0.0,1.0,0.8936170212765957,0.1063829787234043,-1
"F[0,1](Hct > 0.062 & SepsisLabel = 0.000)
",-9999999.000,-9999999.000,0.000,0.000,1.000,21,0,0,3,24,0,21,3,0.875,0.0,0.0,1.0,0.8936170212765957,0.1063829787234043,-1
"F[1,1](((BUN >= 0.138 | DBP >= 8.471) | Fibrinogen <= 71.365) -> O2Sat <= 64.898)
",-5021853168170577.000,-71.365,0.000,0.000,1.000,21,0,0,3,24,0,21,3,0.875,0.0,0.0,1.0,0.8936170212765957,0.1063829787234043,-1
"F[0,1](((EtCO2 <= 0.000 | Magnesium <= 1.035) -> HCO3 >= 0.049) | Creatinine >= 0.011)
",-9999999.000,-9999999.000,0.000,0.000,1.000,21,0,0,3,24,0,21,3,0.875,0.0,0.0,1.0,0.8936170212765957,0.1063829787234043,-1
"F[1,1](((Hgb <= 9.046 -> Creatinine >= 0.003) | Platelets >= 0.021) & Bilirubin_direct <= 0.464)
",-0.021,-0.021,0.000,0.000,1.000,21,0,0,3,24,0,21,3,0.875,0.0,0.0,1.0,0.8936170212765957,0.1063829787234043,-1
"F[1,1](((MAP >= 56.583 -> SBP <= 175.363) & Platelets <= 151.846) -> Platelets >= 21.458)
",3020004408271542.500,21.458,0.000,0.000,1.000,20,0,0,4,24,0,20,4,0.8333333333333334,0.0,0.0,1.0,0.851063829787234,0.14893617021276595,-1
"F[0,1]((pH >= 0.000 & HR <= 85.127) -> SaO2 >= 27.354)
",-9999999.000,-9999999.000,0.000,0.000,1.000,20,0,0,4,24,0,20,4,0.8333333333333334,0.0,0.0,1.0,0.851063829787234,0.14893617021276595,-1
"G[0,1](Hct <= 37.373 -> MAP >= 39.951)
",9999999.000,9999999.000,0.000,1.000,0.000,20,0,0,4,24,0,20,4,0.8333333333333334,0.0,0.0,1.0,0.851063829787234,0.14893617021276595,1
"G[0,1]((Calcium >= 0.312 | DBP >= 8.637) & O2Sat >= 1.435)
",9999999.000,9999999.000,0.000,1.000,0.000,20,0,0,4,24,0,20,4,0.8333333333333334,0.0,0.0,1.0,0.851063829787234,0.14893617021276595,1
"G[0,1](((SepsisLabel >= 0.000 -> AST >= 0.220) | O2Sat >= 0.222) & AST <= 12.172)
",9999999.000,9999999.000,0.000,1.000,0.000,19,0,0,5,24,0,19,5,0.7916666666666666,0.0,0.0,1.0,0.8085106382978723,0.19148936170212771,1
"F[0,1]((DBP >= 16.506 | Platelets >= 8.705) -> Calcium >= 6.136)
",-9999999.000,-9999999.000,0.000,0.000,1.000,18,0,0,6,24,0,18,6,0.75,0.0,0.0,1.0,0.7659574468085106,0.23404255319148937,-1
"F[0,1]((HCO3 >= 0.000 -> Calcium <= 4.558) & Resp <= 3.519)
",-9999999.000,-9999999.000,0.000,0.000,1.000,18,0,0,6,24,0,18,6,0.75,0.0,0.0,1.0,0.7659574468085106,0.23404255319148937,-1
"F[0,1](((Bilirubin_direct >= 0.000 & Potassium <= 1.073) -> Hct <= 3.185) -> Resp <= 1.412)
",-9999999.000,-9999999.000,0.000,0.000,1.000,18,0,0,6,24,0,18,6,0.75,0.0,0.0,1.0,0.7659574468085106,0.23404255319148937,-1
"F[1,1](Hgb <= 8.234 -> MAP <= 89.775)
",-89.775,-89.775,0.000,0.000,1.000,16,0,0,8,24,0,16,8,0.6666666666666666,0.0,0.0,1.0,0.6808510638297872,0.3191489361702128,-1
"F[1,1](Temp >= 8.834 | Creatinine >= 0.022)
",-6482932032285217.000,-0.022,0.000,0.000,1.000,13,0,0,11,24,0,13,11,0.5416666666666666,0.0,0.0,1.0,0.5531914893617021,0.44680851063829785,-1
"G[1,1]((Temp <= 23.535 & WBC <= 2.626) | EtCO2 >= 0.075)
",2956824856880166.000,2.626,0.000,1.000,0.000,13,0,1,10,23,1,14,10,0.5652173913043478,0.0,1.0,0.9285714285714286,0.5531914893617021,0.44680851063829785,1
"G[0,1](Temp <= 12.440 & Lactate <= 0.000)
",9999999.000,9999999.000,0.000,1.000,0.000,12,0,1,11,23,1,13,11,0.5217391304347826,0.0,1.0,0.9230769230769231,0.5106382978723404,0.4893617021276596,1
"F[0,1](Temp >= 6.043 & Resp <= 20.236)
",-9999999.000,-9999999.000,0.000,0.000,1.000,12,0,0,12,24,0,12,12,0.5,0.0,0.0,1.0,0.5106382978723404,0.4893617021276596,-1
"F[0,1](((Creatinine >= 0.016 -> O2Sat >= 38.519) | HR >= 1.306) -> Temp >= 4.114)
",-9999999.000,-9999999.000,0.000,0.000,1.000,12,0,0,12,24,0,12,12,0.5,0.0,0.0,1.0,0.5106382978723404,0.4893617021276596,-1
"G[0,1]((Creatinine <= 0.652 & DBP <= 66.615) -> BUN >= 36.733)
",9999999.000,9999999.000,0.000,1.000,0.000,12,0,0,12,24,0,12,12,0.5,0.0,0.0,1.0,0.5106382978723404,0.4893617021276596,1
"F[0,1](Glucose >= 3.095 | Temp >= 3.405)
",-9999999.000,-9999999.000,0.000,0.000,1.000,12,0,0,12,24,0,12,12,0.5,0.0,0.0,1.0,0.5106382978723404,0.4893617021276596,-1
"F[1,1]((TroponinI >= 0.000 | BaseExcess >= 0.000) & Temp <= 0.000)
",0.000,0.000,0.000,0.000,1.000,10,0,0,14,24,0,10,14,0.4166666666666667,0.0,0.0,1.0,0.425531914893617,0.574468085106383,-1
"F[1,1]((SaO2 >= 0.000 | Lactate <= 0.000) & Temp <= 0.000)
",0.000,0.000,0.000,0.000,1.000,10,0,0,14,24,0,10,14,0.4166666666666667,0.0,0.0,1.0,0.425531914893617,0.574468085106383,-1
"((MAP >= 52.321) U[1,1] (SBP <= 153.170))
",5389202317764847.000,153.170,0.000,0.000,1.000,9,0,0,15,24,0,9,15,0.375,0.0,0.0,1.0,0.3829787234042553,0.6170212765957447,-1
"((MAP >= 28.458) U[1,1] (SBP <= 157.778))
",5551336826913985.000,157.778,0.000,0.000,1.000,9,0,0,15,24,0,9,15,0.375,0.0,0.0,1.0,0.3829787234042553,0.6170212765957447,-1
"F[0,1](((HR <= 81.649 -> Temp >= 1.770) | O2Sat <= 28.497) | Temp >= 2.611)
",-9999999.000,-9999999.000,0.000,0.000,1.000,6,0,0,18,24,0,6,18,0.25,0.0,0.0,1.0,0.2553191489361702,0.7446808510638299,-1
"((Phosphate >= 0.123) U[0,0] (Resp <= 18.511))
",0.207,0.787,0.000,0.000,1.000,5,0,0,19,24,0,5,19,0.20833333333333334,0.0,0.0,1.0,0.2127659574468085,0.7872340425531915,-1
"G[0,0](SBP >= 51.142 & MAP <= 88.956)
",-5.332,-61.004,0.000,1.000,0.000,5,0,0,19,24,0,5,19,0.20833333333333334,0.0,0.0,1.0,0.2127659574468085,0.7872340425531915,1
"G[1,1]((Resp <= 19.417 | Temp >= 1.179) -> DBP <= 26.153)
",-7361393171652449.000,-26.153,0.000,1.000,0.000,4,0,1,19,23,1,5,19,0.17391304347826086,0.0,1.0,0.8,0.1702127659574468,0.8297872340425532,1
"G[0,1](((Lactate >= 0.000 -> SBP <= 139.761) | AST >= 2.804) & Lactate <= 170.983)
",9999999.000,9999999.000,0.000,1.000,0.000,4,0,1,19,23,1,5,19,0.17391304347826086,0.0,1.0,0.8,0.1702127659574468,0.8297872340425532,1
"((MAP >= 85.725) U[1,2] (SBP <= 173.360))
",-9999999.000,-9999999.000,0.000,0.000,1.000,3,0,0,21,24,0,3,21,0.125,0.0,0.0,1.0,0.1276595744680851,0.8723404255319149,-1
"F[0,1]((DBP <= 75.779 & Glucose <= 55.862) & Platelets <= 14.372)
",-9999999.000,-9999999.000,0.000,0.000,1.000,3,0,0,21,24,0,3,21,0.125,0.0,0.0,1.0,0.1276595744680851,0.8723404255319149,-1
"F[1,1](((SepsisLabel >= 0.000 -> Resp >= 6.977) -> AST >= 6.349) -> SaO2 >= 5.665)
",0.000,0.000,0.000,0.000,1.000,3,0,0,21,24,0,3,21,0.125,0.0,0.0,1.0,0.1276595744680851,0.8723404255319149,-1
"F[0,0](((Magnesium >= 0.062 | Temp <= 35.403) | PaCO2 >= 2.018) | WBC >= 6.099)
",0.205,1.480,0.000,0.000,1.000,3,0,0,21,24,0,3,21,0.125,0.0,0.0,1.0,0.1276595744680851,0.8723404255319149,-1
"F[1,1](Potassium <= 3.955 & BUN <= 5.205)
",2226679046988250.750,3.955,0.000,0.000,1.000,2,0,0,22,24,0,2,22,0.08333333333333333,0.0,0.0,1.0,0.0851063829787234,0.9148936170212766,-1
"F[0,0](Calcium <= 3.601 & O2Sat >= 48.381)
",0.126,1.341,0.000,0.000,1.000,2,0,0,22,24,0,2,22,0.08333333333333333,0.0,0.0,1.0,0.0851063829787234,0.9148936170212766,-1
"F[1,1](Platelets <= 199.727 & SepsisLabel = 0.000)
",0.000,0.000,0.000,0.000,1.000,2,0,0,22,24,0,2,22,0.08333333333333333,0.0,0.0,1.0,0.0851063829787234,0.9148936170212766,-1
"F[1,1](((MAP >= 60.932 | WBC <= 0.979) -> Platelets <= 7.254) | EtCO2 >= 0.197)
",-7104043134494802.000,-0.197,0.000,0.000,1.000,2,0,0,22,24,0,2,22,0.08333333333333333,0.0,0.0,1.0,0.0851063829787234,0.9148936170212766,-1
"F[1,1](((Alkalinephos <= 36.968 -> Calcium <= 7.115) -> Potassium >= 0.037) -> Hct <= 2.747)
",-6185989614837713.000,-2.747,0.000,0.000,1.000,2,0,0,22,24,0,2,22,0.08333333333333333,0.0,0.0,1.0,0.0851063829787234,0.9148936170212766,-1
"F[1,1]((Creatinine <= 0.158 | Potassium <= 1.360) | Platelets <= 1.882)
",2824609928522887.500,1.882,0.000,0.000,1.000,2,0,0,22,24,0,2,22,0.08333333333333333,0.0,0.0,1.0,0.0851063829787234,0.9148936170212766,-1
"F[1,1]((DBP <= 73.932 | EtCO2 <= 0.000) -> Magnesium <= 0.000)
",-2601252307127958.000,-73.932,0.000,0.000,1.000,2,0,0,22,24,0,2,22,0.08333333333333333,0.0,0.0,1.0,0.0851063829787234,0.9148936170212766,-1
"F[1,1](Hgb <= 7.080 | Hct <= 9.694)
",9.694,9.694,0.000,0.000,1.000,2,0,0,22,24,0,2,22,0.08333333333333333,0.0,0.0,1.0,0.0851063829787234,0.9148936170212766,-1
"F[1,1]((Phosphate >= 0.042 & Magnesium > 0.025) -> Calcium < 2.644)
",-5952859095595841.000,-2.644,0.000,0.000,1.000,2,0,0,22,24,0,2,22,0.08333333333333333,0.0,0.0,1.0,0.0851063829787234,0.9148936170212766,-1
"F[1,1](Fibrinogen >= 0.000 -> O2Sat >= 2.061)
",0.000,0.000,0.000,0.000,1.000,2,0,0,22,24,0,2,22,0.08333333333333333,0.0,0.0,1.0,0.0851063829787234,0.9148936170212766,-1
"G[1,1](((Hgb <= 10.591 | Hct <= 2.511) -> WBC >= 0.285) & Platelets >= 0.195)
",-10.591,-10.591,0.000,1.000,0.000,2,0,1,21,23,1,3,21,0.08695652173913043,0.0,1.0,0.6666666666666666,0.0851063829787234,0.9148936170212766,1
"G[0,0](((AST >= 0.042 -> PaCO2 <= 0.000) & O2Sat <= 0.000) & SepsisLabel >= 0.000)
",-4.553,-76.652,0.000,1.000,0.000,2,0,0,22,24,0,2,22,0.08333333333333333,0.0,0.0,1.0,0.0851063829787234,0.9148936170212766,1
"G[0,1]((pH <= 0.000 -> Temp >= 0.343) & Hct <= 16.495)
",9999999.000,9999999.000,0.000,1.000,0.000,2,0,0,22,24,0,2,22,0.08333333333333333,0.0,0.0,1.0,0.0851063829787234,0.9148936170212766,1
"G[1,1]((Hgb >= 0.047 & SBP >= 17.679) | SaO2 >= 79.740)
",-17.679,-17.679,0.000,1.000,0.000,2,0,1,21,23,1,3,21,0.08695652173913043,0.0,1.0,0.6666666666666666,0.0851063829787234,0.9148936170212766,1
"G[1,1](((Hgb <= 1.396 | Hct <= 32.866) -> WBC >= 0.196) & Platelets >= 7.546)
",-2312755732453557.500,-32.866,0.000,1.000,0.000,2,0,1,21,23,1,3,21,0.08695652173913043,0.0,1.0,0.6666666666666666,0.0851063829787234,0.9148936170212766,1
"G[1,1](Platelets <= 171.640 -> WBC >= 0.283)
",-3019521784678257.500,-171.640,0.000,1.000,0.000,2,0,1,21,23,1,3,21,0.08695652173913043,0.0,1.0,0.6666666666666666,0.0851063829787234,0.9148936170212766,1
"G[1,1](((BUN <= 11.944 -> FiO2 <= 0.000) -> Phosphate <= 0.000) & O2Sat <= 0.000)
",0.000,0.000,0.000,1.000,0.000,2,0,1,21,23,1,3,21,0.08695652173913043,0.0,1.0,0.6666666666666666,0.0851063829787234,0.9148936170212766,1
"G[1,1](AST <= 7.512 -> Hgb >= 0.213)
",-8458058550547587.000,-7.512,0.000,1.000,0.000,2,0,1,21,23,1,3,21,0.08695652173913043,0.0,1.0,0.6666666666666666,0.0851063829787234,0.9148936170212766,1
"G[1,1](BUN <= 11.455 & Creatinine >= 4.774978835120905e-05)
",0.000,0.000,0.000,1.000,0.000,1,0,1,22,23,1,2,22,0.043478260869565216,0.0,1.0,0.5,0.0425531914893617,0.9574468085106383,1
"G[1,1]((Bilirubin_total <= 0.158 & WBC >= 0.262) & Magnesium >= 0.218)
",-0.262,-0.262,0.000,1.000,0.000,1,0,1,22,23,1,2,22,0.043478260869565216,0.0,1.0,0.5,0.0425531914893617,0.9574468085106383,1
"G[1,1](BUN >= 0.242 & HR <= 75.271)
",-8712655598199709.000,-0.242,0.000,1.000,0.000,1,0,1,22,23,1,2,22,0.043478260869565216,0.0,1.0,0.5,0.0425531914893617,0.9574468085106383,1
"F[1,1]((Bilirubin_total >= 0.003 | Hgb <= 5.567) -> Hgb <= 9.868)
",-5555336833748577.000,-9.868,0.000,0.000,1.000,1,0,0,23,24,0,1,23,0.041666666666666664,0.0,0.0,1.0,0.0425531914893617,0.9574468085106383,-1
"((Phosphate >= 0.148) U[1,2] (Alkalinephos >= 0.839))
",-9999999.000,-9999999.000,0.000,0.000,1.000,1,0,0,23,24,0,1,23,0.041666666666666664,0.0,0.0,1.0,0.0425531914893617,0.9574468085106383,-1
"((HR >= 53.938) U[1,2] (TroponinI <= 0.000))
",-9999999.000,-9999999.000,0.000,0.000,1.000,1,0,0,23,24,0,1,23,0.041666666666666664,0.0,0.0,1.0,0.0425531914893617,0.9574468085106383,-1
"F[0,0]((Fibrinogen >= 0.000 & HR >= 47.047) | SaO2 >= 41.265)
",0.213,0.270,0.000,0.000,1.000,1,0,0,23,24,0,1,23,0.041666666666666664,0.0,0.0,1.0,0.0425531914893617,0.9574468085106383,-1
"F[0,0]((DBP <= 79.301 | Hgb >= 0.359) & pH <= 2.752)
",-0.101,-0.088,0.000,0.000,1.000,1,0,0,23,24,0,1,23,0.041666666666666664,0.0,0.0,1.0,0.0425531914893617,0.9574468085106383,-1
"G[0,1](HR <= 86.032 -> WBC >= 0.200)
",9999999.000,9999999.000,0.000,1.000,0.000,1,0,1,22,23,1,2,22,0.043478260869565216,0.0,1.0,0.5,0.0425531914893617,0.9574468085106383,1
"((SBP >= 3.455) U[1,2] (Chloride <= 0.000))
",-9999999.000,-9999999.000,0.000,0.000,1.000,1,0,0,23,24,0,1,23,0.041666666666666664,0.0,0.0,1.0,0.0425531914893617,0.9574468085106383,-1
"F[1,2](WBC >= 0.044 -> Phosphate >= 0.061)
",-9999999.000,-9999999.000,0.000,0.000,1.000,0,0,0,24,24,0,0,24,0.0,0.0,0.0,0.0,0.0,1.0,-1
"F[0,2](TroponinI >= 0.000 -> Chloride >= 0.000)
",-9999999.000,-9999999.000,0.000,0.000,1.000,0,0,0,24,24,0,0,24,0.0,0.0,0.0,0.0,0.0,1.0,-1
"F[0,0](((Lactate >= 0.000 | Hct >= 0.754) | Bilirubin_direct >= 0.886) | pH <= 13.649)
",1.036,17.186,0.000,0.000,1.000,0,0,0,24,24,0,0,24,0.0,0.0,0.0,0.0,0.0,1.0,-1
"F[0,2]((Magnesium <= 0.949 -> Chloride <= 0.000) & AST <= 0.000)
",-9999999.000,-9999999.000,0.000,0.000,1.000,0,0,0,24,24,0,0,24,0.0,0.0,0.0,0.0,0.0,1.0,-1
"F[0,0](Fibrinogen >= 0.000 & Bilirubin_direct <= 0.000)
",-0.213,-0.030,0.000,0.000,1.000,0,0,0,24,24,0,0,24,0.0,0.0,0.0,0.0,0.0,1.0,-1
"F[2,2](SBP >= 112.531 -> Creatinine <= 0.149)
",-5380867683400543.000,-0.149,0.000,0.000,1.000,0,0,0,24,24,0,0,24,0.0,0.0,0.0,0.0,0.0,1.0,-1
"F[1,2]((SaO2 >= 0.000 & MAP >= 40.902) | Chloride <= 99.091)
",-9999999.000,-9999999.000,0.000,0.000,1.000,0,0,0,24,24,0,0,24,0.0,0.0,0.0,0.0,0.0,1.0,-1
"F[0,1]((Resp >= 13.892 -> Phosphate >= 0.146) -> WBC <= 2.341)
",-9999999.000,-9999999.000,0.000,0.000,1.000,0,0,0,24,24,0,0,24,0.0,0.0,0.0,0.0,0.0,1.0,-1
"F[0,1](Alkalinephos >= 1.268 -> Bilirubin_total >= 0.004)
",-9999999.000,-9999999.000,0.000,0.000,1.000,0,0,0,24,24,0,0,24,0.0,0.0,0.0,0.0,0.0,1.0,-1
"F[0,1](((HR <= 90.252 | O2Sat <= 91.158) -> EtCO2 >= 61.593) -> TroponinI <= 90.770)
",-9999999.000,-9999999.000,0.000,0.000,1.000,0,0,0,24,24,0,0,24,0.0,0.0,0.0,0.0,0.0,1.0,-1
"F[1,2](Hgb <= 4.933 | Hct <= 15.797)
",-9999999.000,-9999999.000,0.000,0.000,1.000,0,0,0,24,24,0,0,24,0.0,0.0,0.0,0.0,0.0,1.0,-1
"F[2,2](TroponinI <= 0.000 -> HR <= 90.739)
",-6385188180874692.000,-90.739,0.000,0.000,1.000,0,0,0,24,24,0,0,24,0.0,0.0,0.0,0.0,0.0,1.0,-1
"F[0,0](((Magnesium >= 0.048 | Bilirubin_direct <= 0.000) & SepsisLabel >= 0.000) | Lactate <= 0.000)
",-0.213,-0.002,0.000,0.000,1.000,0,0,0,24,24,0,0,24,0.0,0.0,0.0,0.0,0.0,1.0,-1
"F[1,2](MAP >= 12.216 & SepsisLabel = 0.000)
",-9999999.000,-9999999.000,0.000,0.000,1.000,0,0,0,24,24,0,0,24,0.0,0.0,0.0,0.0,0.0,1.0,-1
"F[0,1](BaseExcess >= 0.000 -> SepsisLabel = 0.000)
",-9999999.000,-9999999.000,0.000,0.000,1.000,0,0,0,24,24,0,0,24,0.0,0.0,0.0,0.0,0.0,1.0,-1
"F[1,1](Chloride < 0.000 -> SepsisLabel = 0.000)
",0.000,0.000,0.000,0.000,1.000,0,0,0,24,24,0,0,24,0.0,0.0,0.0,0.0,0.0,1.0,-1
"F[1,2](HR < 77.935 & SepsisLabel = 0.000)
",-9999999.000,-9999999.000,0.000,0.000,1.000,0,0,0,24,24,0,0,24,0.0,0.0,0.0,0.0,0.0,1.0,-1
"((Phosphate > 0.091) U[0,2] (SepsisLabel = 0.000))
",-9999999.000,-9999999.000,0.000,0.000,1.000,0,0,0,24,24,0,0,24,0.0,0.0,0.0,0.0,0.0,1.0,-1
"((SaO2 < 0.000) U[0,1] (SepsisLabel = 0.000))
",-9999999.000,-9999999.000,0.000,0.000,1.000,0,0,0,24,24,0,0,24,0.0,0.0,0.0,0.0,0.0,1.0,-1
"((Fibrinogen < 0.000) U[0,2] (SepsisLabel = 0.000))
",-9999999.000,-9999999.000,0.000,0.000,1.000,0,0,0,24,24,0,0,24,0.0,0.0,0.0,0.0,0.0,1.0,-1
"((Lactate < 0.000) U[2,2] (SepsisLabel = 0.000))
",0.000,0.000,0.000,0.000,1.000,0,0,0,24,24,0,0,24,0.0,0.0,0.0,0.0,0.0,1.0,-1
"((BUN <= 5.132) U[1,2] (EtCO2 <= 0.000))
",-9999999.000,-9999999.000,0.000,0.000,1.000,0,0,0,24,24,0,0,24,0.0,0.0,0.0,0.0,0.0,1.0,-1
"F[0,1](Lactate >= 0.000 & TroponinI <= 0.000)
",-9999999.000,-9999999.000,0.000,0.000,1.000,0,0,0,24,24,0,0,24,0.0,0.0,0.0,0.0,0.0,1.0,-1
"F[0,2](((Lactate >= 0.000 & MAP <= 89.082) -> DBP <= 89.988) | SBP >= 56.341)
",-9999999.000,-9999999.000,0.000,0.000,1.000,0,0,0,24,24,0,0,24,0.0,0.0,0.0,0.0,0.0,1.0,-1
"F[1,2]((DBP >= 11.691 & WBC >= 0.200) -> Bilirubin_direct >= 0.194)
",-9999999.000,-9999999.000,0.000,0.000,1.000,0,0,0,24,24,0,0,24,0.0,0.0,0.0,0.0,0.0,1.0,-1
"F[0,2]((Creatinine >= 0.023 -> Fibrinogen <= 0.000) -> TroponinI <= 0.000)
",-9999999.000,-9999999.000,0.000,0.000,1.000,0,0,0,24,24,0,0,24,0.0,0.0,0.0,0.0,0.0,1.0,-1
"F[1,1]((Creatinine <= 0.336 -> AST >= 0.228) -> Hct >= 0.277)
",0.277,0.277,0.000,0.000,1.000,0,0,0,24,24,0,0,24,0.0,0.0,0.0,0.0,0.0,1.0,-1
"F[0,1](HR >= 52.687 -> pH <= 0.000)
",-9999999.000,-9999999.000,0.000,0.000,1.000,0,0,0,24,24,0,0,24,0.0,0.0,0.0,0.0,0.0,1.0,-1
"((TroponinI <= 0.000) U[0,2] (Hct <= 19.736))
",-9999999.000,-9999999.000,0.000,0.000,1.000,0,0,0,24,24,0,0,24,0.0,0.0,0.0,0.0,0.0,1.0,-1
"F[0,2](pH <= 0.000 | TroponinI <= 0.000)
",-9999999.000,-9999999.000,0.000,0.000,1.000,0,0,0,24,24,0,0,24,0.0,0.0,0.0,0.0,0.0,1.0,-1
"((PaCO2 <= 0.000) U[0,2] (WBC <= 3.919))
",-9999999.000,-9999999.000,0.000,0.000,1.000,0,0,0,24,24,0,0,24,0.0,0.0,0.0,0.0,0.0,1.0,-1
"F[0,1]((Alkalinephos >= 0.430 -> BaseExcess >= 0.000) | Calcium >= 0.000)
",-9999999.000,-9999999.000,0.000,0.000,1.000,0,0,0,24,24,0,0,24,0.0,0.0,0.0,0.0,0.0,1.0,-1
"F[1,2]((FiO2 <= 0.000 -> O2Sat >= 26.914) & DBP <= 98.699)
",-9999999.000,-9999999.000,0.000,0.000,1.000,0,0,0,24,24,0,0,24,0.0,0.0,0.0,0.0,0.0,1.0,-1
"F[0,2]((SBP <= 169.291 | Hgb <= 6.370) | Hct >= 0.363)
",-9999999.000,-9999999.000,0.000,0.000,1.000,0,0,0,24,24,0,0,24,0.0,0.0,0.0,0.0,0.0,1.0,-1
"F[2,2](((Resp >= 10.446 & MAP >= 66.246) & Platelets >= 39.619) & Hgb <= 102.738)
",-4661647108725153.000,-66.246,0.000,0.000,1.000,0,0,0,24,24,0,0,24,0.0,0.0,0.0,0.0,0.0,1.0,-1
"F[0,1]((SepsisLabel >= 0.000 | DBP >= 63.544) -> Lactate <= 70.589)
",-9999999.000,-9999999.000,0.000,0.000,1.000,0,0,0,24,24,0,0,24,0.0,0.0,0.0,0.0,0.0,1.0,-1
"F[1,2](Bilirubin_total <= 0.378 & HR >= 58.386)
",-9999999.000,-9999999.000,0.000,0.000,1.000,0,0,0,24,24,0,0,24,0.0,0.0,0.0,0.0,0.0,1.0,-1
"F[0,1](((Calcium >= 0.188 | Phosphate >= 0.146) | Creatinine >= 0.115) -> AST >= 0.048)
",-9999999.000,-9999999.000,0.000,0.000,1.000,0,0,0,24,24,0,0,24,0.0,0.0,0.0,0.0,0.0,1.0,-1
"F[0,2]((Hct >= 0.877 & EtCO2 >= 0.000) | Bilirubin_total >= 0.000)
",-9999999.000,-9999999.000,0.000,0.000,1.000,0,0,0,24,24,0,0,24,0.0,0.0,0.0,0.0,0.0,1.0,-1
"F[0,2](((SBP >= 23.835 | Creatinine >= 0.014) | PTT >= 0.004) -> Phosphate <= 0.451)
",-9999999.000,-9999999.000,0.000,0.000,1.000,0,0,0,24,24,0,0,24,0.0,0.0,0.0,0.0,0.0,1.0,-1
"F[0,2](((AST <= 9.329 -> SepsisLabel <= 0.000) | Lactate <= 0.000) -> O2Sat >= 0.000)
",-9999999.000,-9999999.000,0.000,0.000,1.000,0,0,0,24,24,0,0,24,0.0,0.0,0.0,0.0,0.0,1.0,-1
"F[1,2](((Chloride >= 0.000 & AST >= 0.001) | Platelets <= 11.169) | AST <= 8.588)
",-9999999.000,-9999999.000,0.000,0.000,1.000,0,0,0,24,24,0,0,24,0.0,0.0,0.0,0.0,0.0,1.0,-1
"F[0,2]((Chloride >= 0.000 | Temp >= 6.014) & Bilirubin_direct >= 7.746)
",-9999999.000,-9999999.000,0.000,0.000,1.000,0,0,0,24,24,0,0,24,0.0,0.0,0.0,0.0,0.0,1.0,-1
"((Bilirubin_direct >= 0.000) U[1,2] (Phosphate >= 0.017))
",-9999999.000,-9999999.000,0.000,0.000,1.000,0,0,0,24,24,0,0,24,0.0,0.0,0.0,0.0,0.0,1.0,-1
"F[1,1]((EtCO2 <= 0.000 | EtCO2 >= 0.000) & PaCO2 <= 0.000)
",0.000,0.000,0.000,0.000,1.000,0,0,0,24,24,0,0,24,0.0,0.0,0.0,0.0,0.0,1.0,-1
"G[0,1]((HR >= 47.733 & Phosphate >= 0.152) & AST <= 2.968)
",9999999.000,9999999.000,0.000,1.000,0.000,0,0,0,24,24,0,0,24,0.0,0.0,0.0,0.0,0.0,1.0,1
"F[1,2]((PTT >= 0.000 & HR >= 68.745) & Potassium >= 48.114)
",-9999999.000,-9999999.000,0.000,0.000,1.000,0,0,0,24,24,0,0,24,0.0,0.0,0.0,0.0,0.0,1.0,-1
"F[0,1]((DBP >= 24.561 | Creatinine >= 0.004) | FiO2 <= 0.139)
",-9999999.000,-9999999.000,0.000,0.000,1.000,0,0,0,24,24,0,0,24,0.0,0.0,0.0,0.0,0.0,1.0,-1
"F[0,2]((DBP <= 78.613 & Magnesium <= 0.159) & TroponinI >= 0.046)
",-9999999.000,-9999999.000,0.000,0.000,1.000,0,0,0,24,24,0,0,24,0.0,0.0,0.0,0.0,0.0,1.0,-1
"F[0,1]((Platelets <= 191.954 & Lactate <= 0.000) -> Bilirubin_total >= 0.000)
",-9999999.000,-9999999.000,0.000,0.000,1.000,0,0,0,24,24,0,0,24,0.0,0.0,0.0,0.0,0.0,1.0,-1
"F[2,2](((Temp >= 1.380 | PTT <= 0.000) & HR >= 0.000) & WBC <= 0.000)
",0.000,0.000,0.000,0.000,1.000,0,0,0,24,24,0,0,24,0.0,0.0,0.0,0.0,0.0,1.0,-1
"F[0,2](((BaseExcess >= 0.000 -> HCO3 <= 0.000) -> Potassium >= 0.000) & Lactate >= 0.000)
",-9999999.000,-9999999.000,0.000,0.000,1.000,0,0,0,24,24,0,0,24,0.0,0.0,0.0,0.0,0.0,1.0,-1
"F[0,2](Resp <= 16.073 -> BUN <= 1.610)
",-9999999.000,-9999999.000,0.000,0.000,1.000,0,0,0,24,24,0,0,24,0.0,0.0,0.0,0.0,0.0,1.0,-1
"F[1,2](Lactate <= 0.000 -> Creatinine >= 0.028)
",-9999999.000,-9999999.000,0.000,0.000,1.000,0,0,0,24,24,0,0,24,0.0,0.0,0.0,0.0,0.0,1.0,-1
"F[0,2](BaseExcess <= 0.000 | Hgb <= 12.187)
",-9999999.000,-9999999.000,0.000,0.000,1.000,0,0,0,24,24,0,0,24,0.0,0.0,0.0,0.0,0.0,1.0,-1
"F[0,2]((Fibrinogen >= 0.000 | O2Sat >= 22.852) & Creatinine >= 89.416)
",-9999999.000,-9999999.000,0.000,0.000,1.000,0,0,0,24,24,0,0,24,0.0,0.0,0.0,0.0,0.0,1.0,-1
"F[0,0](((Calcium >= 0.389 -> SaO2 <= 0.000) & HCO3 <= 0.000) | Magnesium >= 0.000)
",0.000,0.000,0.000,0.000,1.000,0,0,0,24,24,0,0,24,0.0,0.0,0.0,0.0,0.0,1.0,-1
"F[1,2](((PaCO2 <= 0.000 & PTT >= 0.000) & BUN >= 0.000) -> Glucose >= 0.000)
",-9999999.000,-9999999.000,0.000,0.000,1.000,0,0,0,24,24,0,0,24,0.0,0.0,0.0,0.0,0.0,1.0,-1
"F[2,2]((Hgb <= 7.596 & SepsisLabel <= 0.000) -> EtCO2 >= 0.000)
",0.000,0.000,0.000,0.000,1.000,0,0,0,24,24,0,0,24,0.0,0.0,0.0,0.0,0.0,1.0,-1
"F[1,1](((PaCO2 <= 0.000 | Platelets <= 229.955) -> BaseExcess >= 0.362) | EtCO2 <= 105.049)
",3696085954510649.500,105.049,0.000,0.000,1.000,0,0,0,24,24,0,0,24,0.0,0.0,0.0,0.0,0.0,1.0,-1
"F[1,2](Phosphate >= 0.056 | PaCO2 >= 0.000)
",-9999999.000,-9999999.000,0.000,0.000,1.000,0,0,0,24,24,0,0,24,0.0,0.0,0.0,0.0,0.0,1.0,-1
"F[0,2](((O2Sat <= 95.789 & Creatinine >= 0.012) & Bilirubin_direct <= 0.214) & SaO2 >= 0.002)
",-9999999.000,-9999999.000,0.000,0.000,1.000,0,0,0,24,24,0,0,24,0.0,0.0,0.0,0.0,0.0,1.0,-1
"F[0,2](((TroponinI >= 0.000 & Bilirubin_total <= 0.022) -> TroponinI <= 0.277) & O2Sat >= 0.002)
",-9999999.000,-9999999.000,0.000,0.000,1.000,0,0,0,24,24,0,0,24,0.0,0.0,0.0,0.0,0.0,1.0,-1
"F[1,2](((MAP >= 5.961 -> Hct <= 8.347) | pH >= 0.690) & AST >= 0.339)
",-9999999.000,-9999999.000,0.000,0.000,1.000,0,0,0,24,24,0,0,24,0.0,0.0,0.0,0.0,0.0,1.0,-1
"F[0,2](pH <= 0.000 & EtCO2 <= 0.000)
",-9999999.000,-9999999.000,0.000,0.000,1.000,0,0,0,24,24,0,0,24,0.0,0.0,0.0,0.0,0.0,1.0,-1
"F[0,0](Hgb >= 0.193 -> FiO2 <= 0.000)
",-0.213,-1.687,0.000,0.000,1.000,0,0,0,24,24,0,0,24,0.0,0.0,0.0,0.0,0.0,1.0,-1
"F[1,2]((Calcium <= 1.181 | HCO3 >= 0.000) -> PaCO2 <= 0.000)
",-9999999.000,-9999999.000,0.000,0.000,1.000,0,0,0,24,24,0,0,24,0.0,0.0,0.0,0.0,0.0,1.0,-1
"F[1,1](((TroponinI >= 0.000 & DBP >= 6.235) | WBC >= 32.257) -> HCO3 <= 77.249)
",-2717966707093026.000,-77.249,0.000,0.000,1.000,0,0,0,24,24,0,0,24,0.0,0.0,0.0,0.0,0.0,1.0,-1
"F[0,1](SaO2 >= 0.000 | Lactate <= 0.000)
",-9999999.000,-9999999.000,0.000,0.000,1.000,0,0,0,24,24,0,0,24,0.0,0.0,0.0,0.0,0.0,1.0,-1
"((SepsisLabel <= 0.000) U[1,2] (PTT >= 0.000))
",-9999999.000,-9999999.000,0.000,0.000,1.000,0,0,0,24,24,0,0,24,0.0,0.0,0.0,0.0,0.0,1.0,-1
"((Creatinine <= 0.078) U[1,2] (Magnesium <= 1.471))
",-9999999.000,-9999999.000,0.000,0.000,1.000,0,0,0,24,24,0,0,24,0.0,0.0,0.0,0.0,0.0,1.0,-1
"F[2,2]((WBC >= 0.149 | SBP >= 127.670) -> DBP >= 81.209)
",5380997702239215.000,0.149,0.000,0.000,1.000,0,0,0,24,24,0,0,24,0.0,0.0,0.0,0.0,0.0,1.0,-1
"((Glucose <= 113.463) U[1,2] (TroponinI <= 0.000))
",-9999999.000,-9999999.000,0.000,0.000,1.000,0,0,0,24,24,0,0,24,0.0,0.0,0.0,0.0,0.0,1.0,-1
"F[0,2](((Lactate >= 0.000 | PaCO2 <= 0.000) | Calcium <= 0.000) -> Phosphate >= 0.000)
",-9999999.000,-9999999.000,0.000,0.000,1.000,0,0,0,24,24,0,0,24,0.0,0.0,0.0,0.0,0.0,1.0,-1
"F[0,2](Bilirubin_total >= 0.005 | Hgb <= 4.219)
",-9999999.000,-9999999.000,0.000,0.000,1.000,0,0,0,24,24,0,0,24,0.0,0.0,0.0,0.0,0.0,1.0,-1
"F[1,2]((Temp >= 8.129 & Hgb >= 0.127) | EtCO2 >= 0.300)
",-9999999.000,-9999999.000,0.000,0.000,1.000,0,0,0,24,24,0,0,24,0.0,0.0,0.0,0.0,0.0,1.0,-1
"F[0,1]((Magnesium <= 0.903 -> EtCO2 >= 0.000) | Calcium >= 0.000)
",-9999999.000,-9999999.000,0.000,0.000,1.000,0,0,0,24,24,0,0,24,0.0,0.0,0.0,0.0,0.0,1.0,-1
"F[0,2]((SaO2 <= 0.000 | Alkalinephos >= 0.300) -> Creatinine >= 0.699)
",-9999999.000,-9999999.000,0.000,0.000,1.000,0,0,0,24,24,0,0,24,0.0,0.0,0.0,0.0,0.0,1.0,-1
"F[2,2](Bilirubin_direct >= 0.000 | Hct <= 22.103)
",6221328091680481.000,22.103,0.000,0.000,1.000,0,0,0,24,24,0,0,24,0.0,0.0,0.0,0.0,0.0,1.0,-1
"F[1,2](FiO2 >= 0.000 & Platelets >= 0.577)
",-9999999.000,-9999999.000,0.000,0.000,1.000,0,0,0,24,24,0,0,24,0.0,0.0,0.0,0.0,0.0,1.0,-1
"F[1,2](((AST <= 11.611 -> Lactate <= 0.000) -> MAP >= 0.000) -> BaseExcess >= 0.000)
",-9999999.000,-9999999.000,0.000,0.000,1.000,0,0,0,24,24,0,0,24,0.0,0.0,0.0,0.0,0.0,1.0,-1
"((AST <= 1.646) U[1,1] (Chloride >= 0.000))
",7410790837409153.000,1.646,0.000,0.000,1.000,0,0,0,24,24,0,0,24,0.0,0.0,0.0,0.0,0.0,1.0,-1
"F[0,1]((SaO2 >= 0.000 & pH >= 0.000) | Hgb <= 0.000)
",-9999999.000,-9999999.000,0.000,0.000,1.000,0,0,0,24,24,0,0,24,0.0,0.0,0.0,0.0,0.0,1.0,-1
"((BUN <= 8.703) U[1,2] (Fibrinogen <= 0.000))
",-9999999.000,-9999999.000,0.000,0.000,1.000,0,0,0,24,24,0,0,24,0.0,0.0,0.0,0.0,0.0,1.0,-1
"F[2,2](Temp >= 4.388 | BaseExcess <= 0.000)
",0.000,0.000,0.000,0.000,1.000,0,0,0,24,24,0,0,24,0.0,0.0,0.0,0.0,0.0,1.0,-1
"F[1,2](BUN >= 0.435 | SBP <= 169.088)
",-9999999.000,-9999999.000,0.000,0.000,1.000,0,0,0,24,24,0,0,24,0.0,0.0,0.0,0.0,0.0,1.0,-1
"((Phosphate <= 4.020) U[0,2] (BUN <= 0.609))
",-9999999.000,-9999999.000,0.000,0.000,1.000,0,0,0,24,24,0,0,24,0.0,0.0,0.0,0.0,0.0,1.0,-1
"F[1,2](((HCO3 >= 0.000 & Phosphate <= 0.995) | pH >= 0.145) | Platelets >= 0.118)
",-9999999.000,-9999999.000,0.000,0.000,1.000,0,0,0,24,24,0,0,24,0.0,0.0,0.0,0.0,0.0,1.0,-1
"F[0,2]((Calcium <= 4.224 -> Calcium <= 7.251) | PaCO2 >= 0.213)
",-9999999.000,-9999999.000,0.000,0.000,1.000,0,0,0,24,24,0,0,24,0.0,0.0,0.0,0.0,0.0,1.0,-1
"F[2,2]((BaseExcess >= 0.000 & AST <= 1.263) & Platelets <= 5.252)
",0.000,0.000,0.000,0.000,1.000,0,0,0,24,24,0,0,24,0.0,0.0,0.0,0.0,0.0,1.0,-1
"F[1,2](Hgb <= 10.823 & HR >= 68.020)
",-9999999.000,-9999999.000,0.000,0.000,1.000,0,0,0,24,24,0,0,24,0.0,0.0,0.0,0.0,0.0,1.0,-1
"((Temp >= 6.981) U[0,2] (SepsisLabel = 0.000))
",-9999999.000,-9999999.000,0.000,0.000,1.000,0,0,0,24,24,0,0,24,0.0,0.0,0.0,0.0,0.0,1.0,-1
"((Magnesium >= 0.052) U[2,2] (SepsisLabel = 0.000))
",0.000,0.000,0.000,0.000,1.000,0,0,0,24,24,0,0,24,0.0,0.0,0.0,0.0,0.0,1.0,-1
"F[1,2](Lactate < 0.000 & SepsisLabel = 0.000)
",-9999999.000,-9999999.000,0.000,0.000,1.000,0,0,0,24,24,0,0,24,0.0,0.0,0.0,0.0,0.0,1.0,-1
"F[1,2](((Calcium <= 1.026 | Glucose <= 122.834) | pH >= 2.528) & Resp <= 103.612)
",-9999999.000,-9999999.000,0.000,0.000,1.000,0,0,0,24,24,0,0,24,0.0,0.0,0.0,0.0,0.0,1.0,-1
"F[0,1](Glucose >= 2.711 | HR <= 91.455)
",-9999999.000,-9999999.000,0.000,0.000,1.000,0,0,0,24,24,0,0,24,0.0,0.0,0.0,0.0,0.0,1.0,-1
"F[1,2]((HR <= 83.232 | Phosphate >= 0.091) & Bilirubin_total <= 3.954)
",-9999999.000,-9999999.000,0.000,0.000,1.000,0,0,0,24,24,0,0,24,0.0,0.0,0.0,0.0,0.0,1.0,-1
"F[1,2](((Hgb >= 0.260 | HR >= 55.037) & BUN <= 79.818) | HCO3 <= 83.006)
",-9999999.000,-9999999.000,0.000,0.000,1.000,0,0,0,24,24,0,0,24,0.0,0.0,0.0,0.0,0.0,1.0,-1
"((HR >= 37.456) U[0,2] (Potassium >= 0.026))
",-9999999.000,-9999999.000,0.000,0.000,1.000,0,0,0,24,24,0,0,24,0.0,0.0,0.0,0.0,0.0,1.0,-1
"F[0,0](BUN <= 9.474 | SBP <= 174.450)
",9.225,161.655,0.000,0.000,1.000,0,0,0,24,24,0,0,24,0.0,0.0,0.0,0.0,0.0,1.0,-1
"F[1,2]((Calcium <= 8.300 & Potassium <= 2.223) & Magnesium >= 0.027)
",-9999999.000,-9999999.000,0.000,0.000,1.000,0,0,0,24,24,0,0,24,0.0,0.0,0.0,0.0,0.0,1.0,-1
"F[1,2]((AST >= 0.051 -> O2Sat <= 97.727) | FiO2 <= 94.159)
",-9999999.000,-9999999.000,0.000,0.000,1.000,0,0,0,24,24,0,0,24,0.0,0.0,0.0,0.0,0.0,1.0,-1
"F[0,2]((Bilirubin_total <= 0.256 | O2Sat <= 92.176) & O2Sat <= 91.773)
",-9999999.000,-9999999.000,0.000,0.000,1.000,0,0,0,24,24,0,0,24,0.0,0.0,0.0,0.0,0.0,1.0,-1
"F[0,1](((Creatinine <= 0.305 & SBP >= 70.009) -> Bilirubin_direct >= 129.391) | AST <= 176.072)
",-9999999.000,-9999999.000,0.000,0.000,1.000,0,0,0,24,24,0,0,24,0.0,0.0,0.0,0.0,0.0,1.0,-1
"F[2,2]((Hct <= 39.444 -> SBP <= 167.626) | Chloride >= 126.821)
",-2974751236736712.000,-126.821,0.000,0.000,1.000,0,0,0,24,24,0,0,24,0.0,0.0,0.0,0.0,0.0,1.0,-1
"F[0,0](((Potassium >= 0.094 & SBP >= 99.759) | Platelets >= 88.852) -> MAP >= 34.531)
",-3.273,-107.882,0.000,0.000,1.000,0,0,0,24,24,0,0,24,0.0,0.0,0.0,0.0,0.0,1.0,-1
"F[0,1](((Platelets <= 27.426 -> SBP >= 97.238) -> Chloride <= 175.422) | Bilirubin_direct <= 139.320)
",-9999999.000,-9999999.000,0.000,0.000,1.000,0,0,0,24,24,0,0,24,0.0,0.0,0.0,0.0,0.0,1.0,-1
"F[0,1](((BUN >= 0.106 -> MAP >= 49.870) | Alkalinephos <= 93.261) | BUN <= 102.551)
",-9999999.000,-9999999.000,0.000,0.000,1.000,0,0,0,24,24,0,0,24,0.0,0.0,0.0,0.0,0.0,1.0,-1
"F[1,2]((Resp >= 4.021 -> Temp <= 16.818) -> Temp >= 0.919)
",-9999999.000,-9999999.000,0.000,0.000,1.000,0,0,0,24,24,0,0,24,0.0,0.0,0.0,0.0,0.0,1.0,-1
"((Bilirubin_total <= 0.077) U[1,2] (Temp >= 6.538))
",-9999999.000,-9999999.000,0.000,0.000,1.000,0,0,0,24,24,0,0,24,0.0,0.0,0.0,0.0,0.0,1.0,-1
"F[0,2]((AST <= 4.726 | HR >= 15.098) -> Hgb >= 22.560)
",-9999999.000,-9999999.000,0.000,0.000,1.000,0,0,0,24,24,0,0,24,0.0,0.0,0.0,0.0,0.0,1.0,-1
"((Alkalinephos <= 50.734) U[0,2] (HR >= 19.020))
",-9999999.000,-9999999.000,0.000,0.000,1.000,0,0,0,24,24,0,0,24,0.0,0.0,0.0,0.0,0.0,1.0,-1
"F[0,0]((EtCO2 >= 0.000 | HR >= 52.862) | Creatinine >= 10.292)
",21183.138,21183.138,0.000,0.000,1.000,0,0,0,24,24,0,0,24,0.0,0.0,0.0,0.0,0.0,1.0,-1
"F[1,1]((Bilirubin_total >= 0.008 -> MAP >= 17.452) -> Resp <= 109.403)
",-7698586169454378.000,-109.403,0.000,0.000,1.000,0,0,0,24,24,0,0,24,0.0,0.0,0.0,0.0,0.0,1.0,-1
"F[1,2](AST >= 0.090 -> Resp <= 20.815)
",-9999999.000,-9999999.000,0.000,0.000,1.000,0,0,0,24,24,0,0,24,0.0,0.0,0.0,0.0,0.0,1.0,-1
"F[0,2]((Alkalinephos >= 1.685 & Resp <= 18.478) -> Creatinine <= 20.523)
",-9999999.000,-9999999.000,0.000,0.000,1.000,0,0,0,24,24,0,0,24,0.0,0.0,0.0,0.0,0.0,1.0,-1
"F[0,1]((AST >= 0.227 -> DBP <= 76.670) & PaCO2 <= 65.637)
",-9999999.000,-9999999.000,0.000,0.000,1.000,0,0,0,24,24,0,0,24,0.0,0.0,0.0,0.0,0.0,1.0,-1
"F[1,2]((O2Sat >= 5.579 | Potassium <= 3.635) | Hct <= 0.604)
",-9999999.000,-9999999.000,0.000,0.000,1.000,0,0,0,24,24,0,0,24,0.0,0.0,0.0,0.0,0.0,1.0,-1
"((Alkalinephos <= 49.760) U[0,2] (DBP >= 19.370))
",-9999999.000,-9999999.000,0.000,0.000,1.000,0,0,0,24,24,0,0,24,0.0,0.0,0.0,0.0,0.0,1.0,-1
"F[1,2]((Bilirubin_total <= 0.215 & SBP <= 155.523) -> Chloride >= 110.876)
",-9999999.000,-9999999.000,0.000,0.000,1.000,0,0,0,24,24,0,0,24,0.0,0.0,0.0,0.0,0.0,1.0,-1
"((Glucose <= 20.281) U[0,2] (Resp <= 15.821))
",-9999999.000,-9999999.000,0.000,0.000,1.000,0,0,0,24,24,0,0,24,0.0,0.0,0.0,0.0,0.0,1.0,-1
"F[1,1]((Calcium <= 2.460 -> HR <= 77.576) -> HCO3 <= 79.075)
",-2782219143175150.000,-79.075,0.000,0.000,1.000,0,0,0,24,24,0,0,24,0.0,0.0,0.0,0.0,0.0,1.0,-1
"F[1,2]((Potassium >= 0.140 | Resp <= 14.854) & Hct >= 13.104)
",-9999999.000,-9999999.000,0.000,0.000,1.000,0,0,0,24,24,0,0,24,0.0,0.0,0.0,0.0,0.0,1.0,-1
"F[0,2](Hct >= 0.261 & Resp <= 18.705)
",-9999999.000,-9999999.000,0.000,0.000,1.000,0,0,0,24,24,0,0,24,0.0,0.0,0.0,0.0,0.0,1.0,-1
"((Calcium >= 0.118) U[0,1] (Resp >= 5.284))
",-9999999.000,-9999999.000,0.000,0.000,1.000,0,0,0,24,24,0,0,24,0.0,0.0,0.0,0.0,0.0,1.0,-1
"F[1,2](Hgb >= 0.131 & O2Sat <= 97.342)
",-9999999.000,-9999999.000,0.000,0.000,1.000,0,0,0,24,24,0,0,24,0.0,0.0,0.0,0.0,0.0,1.0,-1
"F[0,2]((Hct >= 0.431 | O2Sat <= 94.033) -> SepsisLabel <= 91.991)
",-9999999.000,-9999999.000,0.000,0.000,1.000,0,0,0,24,24,0,0,24,0.0,0.0,0.0,0.0,0.0,1.0,-1
"F[1,2]((Hgb >= 0.230 | WBC <= 4.154) -> Glucose >= 0.039)
",-9999999.000,-9999999.000,0.000,0.000,1.000,0,0,0,24,24,0,0,24,0.0,0.0,0.0,0.0,0.0,1.0,-1
"F[0,0](((AST <= 12.802 -> Temp >= 6.030) & HR <= 35.304) | Chloride <= 11.797)
",6.007,11.392,0.000,0.000,1.000,0,0,0,24,24,0,0,24,0.0,0.0,0.0,0.0,0.0,1.0,-1
"((BUN <= 7.810) U[0,2] (Glucose >= 3.890))
",-9999999.000,-9999999.000,0.000,0.000,1.000,0,0,0,24,24,0,0,24,0.0,0.0,0.0,0.0,0.0,1.0,-1
"F[0,2](Creatinine <= 0.183 -> SepsisLabel = 0.000)
",-9999999.000,-9999999.000,0.000,0.000,1.000,0,0,0,24,24,0,0,24,0.0,0.0,0.0,0.0,0.0,1.0,-1
"F[2,2]((MAP >= 46.157 & O2Sat >= 2.941) -> Calcium >= 87.104)
",6496039045518478.000,46.157,0.000,0.000,1.000,0,0,0,24,24,0,0,24,0.0,0.0,0.0,0.0,0.0,1.0,-1
"F[0,1]((Phosphate <= 4.129 | Temp <= 20.279) | pH >= 7.879)
",-9999999.000,-9999999.000,0.000,0.000,1.000,0,0,0,24,24,0,0,24,0.0,0.0,0.0,0.0,0.0,1.0,-1
"((Potassium >= 0.091) U[0,2] (Temp <= 17.275))
",-9999999.000,-9999999.000,0.000,0.000,1.000,0,0,0,24,24,0,0,24,0.0,0.0,0.0,0.0,0.0,1.0,-1
"F[1,2](Calcium >= 0.190 & Temp <= 34.400)
",-9999999.000,-9999999.000,0.000,0.000,1.000,0,0,0,24,24,0,0,24,0.0,0.0,0.0,0.0,0.0,1.0,-1
"F[0,2](((Bilirubin_total >= 0.006 & BUN <= 8.557) | Potassium >= 0.009) | DBP <= 3.903)
",-9999999.000,-9999999.000,0.000,0.000,1.000,0,0,0,24,24,0,0,24,0.0,0.0,0.0,0.0,0.0,1.0,-1
"F[1,2]((MAP <= 102.226 & Resp >= 6.377) | Alkalinephos <= 16.399)
",-9999999.000,-9999999.000,0.000,0.000,1.000,0,0,0,24,24,0,0,24,0.0,0.0,0.0,0.0,0.0,1.0,-1
"F[2,2](((AST >= 0.228 -> Hct >= 0.232) -> Potassium <= 21.709) & BaseExcess <= 27.923)
",-3055253699066258.000,-21.709,0.000,0.000,1.000,0,0,0,24,24,0,0,24,0.0,0.0,0.0,0.0,0.0,1.0,-1
"F[0,1](Alkalinephos <= 18.824 & Hct <= 36.149)
",-9999999.000,-9999999.000,0.000,0.000,1.000,0,0,0,24,24,0,0,24,0.0,0.0,0.0,0.0,0.0,1.0,-1
"F[2,2]((Bilirubin_total <= 0.338 -> Potassium <= 2.677) | Resp >= 5.567465332366503e-05)
",0.000,0.000,0.000,0.000,1.000,0,0,0,24,24,0,0,24,0.0,0.0,0.0,0.0,0.0,1.0,-1
"((Alkalinephos <= 68.258) U[0,1] (Potassium <= 0.484))
",-9999999.000,-9999999.000,0.000,0.000,1.000,0,0,0,24,24,0,0,24,0.0,0.0,0.0,0.0,0.0,1.0,-1
"F[1,2](((AST <= 11.456 & Hgb >= 0.271) & SaO2 <= 9.542) & HR >= 0.519)
",-9999999.000,-9999999.000,0.000,0.000,1.000,0,0,0,24,24,0,0,24,0.0,0.0,0.0,0.0,0.0,1.0,-1
"F[1,2](((Bilirubin_total <= 0.054 & Platelets >= 4.741) -> MAP >= 5.676) | Hgb <= 190.528)
",-9999999.000,-9999999.000,0.000,0.000,1.000,0,0,0,24,24,0,0,24,0.0,0.0,0.0,0.0,0.0,1.0,-1
"F[0,1](AST >= 0.282 -> Magnesium >= 0.084)
",-9999999.000,-9999999.000,0.000,0.000,1.000,0,0,0,24,24,0,0,24,0.0,0.0,0.0,0.0,0.0,1.0,-1
"F[0,2](DBP >= 37.987 | HR >= 9.892)
",-9999999.000,-9999999.000,0.000,0.000,1.000,0,0,0,24,24,0,0,24,0.0,0.0,0.0,0.0,0.0,1.0,-1
"F[1,2](((O2Sat >= 63.640 -> Resp >= 5.279) & Glucose <= 14.286) -> DBP >= 12.863)
",-9999999.000,-9999999.000,0.000,0.000,1.000,0,0,0,24,24,0,0,24,0.0,0.0,0.0,0.0,0.0,1.0,-1
"((Alkalinephos <= 66.583) U[0,1] (Phosphate <= 3.098))
",-9999999.000,-9999999.000,0.000,0.000,1.000,0,0,0,24,24,0,0,24,0.0,0.0,0.0,0.0,0.0,1.0,-1
"F[0,2](Bilirubin_total >= 0.008 & Phosphate >= 0.091)
",-9999999.000,-9999999.000,0.000,0.000,1.000,0,0,0,24,24,0,0,24,0.0,0.0,0.0,0.0,0.0,1.0,-1
"F[1,2](((Alkalinephos <= 45.040 & WBC >= 0.275) | Potassium <= 1.680) & SaO2 <= 1.830)
",-9999999.000,-9999999.000,0.000,0.000,1.000,0,0,0,24,24,0,0,24,0.0,0.0,0.0,0.0,0.0,1.0,-1
"((Bilirubin_total >= 0.008) U[0,2] (Glucose <= 112.270))
",-9999999.000,-9999999.000,0.000,0.000,1.000,0,0,0,24,24,0,0,24,0.0,0.0,0.0,0.0,0.0,1.0,-1
"F[0,1](BUN >= 0.102 -> Temp >= 1.913)
",-9999999.000,-9999999.000,0.000,0.000,1.000,0,0,0,24,24,0,0,24,0.0,0.0,0.0,0.0,0.0,1.0,-1
"((DBP <= 78.454) U[1,2] (O2Sat <= 99.574))
",-9999999.000,-9999999.000,0.000,0.000,1.000,0,0,0,24,24,0,0,24,0.0,0.0,0.0,0.0,0.0,1.0,-1
"((BUN <= 6.697) U[1,2] (Phosphate >= 0.085))
",-9999999.000,-9999999.000,0.000,0.000,1.000,0,0,0,24,24,0,0,24,0.0,0.0,0.0,0.0,0.0,1.0,-1
"F[0,2]((DBP >= 42.898 -> SBP <= 146.747) | Phosphate <= 143.445)
",-9999999.000,-9999999.000,0.000,0.000,1.000,0,0,0,24,24,0,0,24,0.0,0.0,0.0,0.0,0.0,1.0,-1
"F[0,2](Creatinine <= 0.060 -> Glucose >= 1.003)
",-9999999.000,-9999999.000,0.000,0.000,1.000,0,0,0,24,24,0,0,24,0.0,0.0,0.0,0.0,0.0,1.0,-1
"((BUN <= 1.855) U[0,2] (Hct >= 0.609))
",-9999999.000,-9999999.000,0.000,0.000,1.000,0,0,0,24,24,0,0,24,0.0,0.0,0.0,0.0,0.0,1.0,-1
"((Glucose <= 110.358) U[0,1] (Hct <= 36.981))
",-9999999.000,-9999999.000,0.000,0.000,1.000,0,0,0,24,24,0,0,24,0.0,0.0,0.0,0.0,0.0,1.0,-1
"F[0,2]((Glucose >= 0.390 | Potassium <= 2.103) & DBP >= 0.126)
",-9999999.000,-9999999.000,0.000,0.000,1.000,0,0,0,24,24,0,0,24,0.0,0.0,0.0,0.0,0.0,1.0,-1
"F[1,2]((Alkalinephos >= 1.757 & Glucose >= 1.823) & Calcium >= 3.125)
",-9999999.000,-9999999.000,0.000,0.000,1.000,0,0,0,24,24,0,0,24,0.0,0.0,0.0,0.0,0.0,1.0,-1
"F[2,2]((Glucose <= 81.020 & Hgb >= 0.110) & Fibrinogen >= 0.506)
",-4557618663897615.000,-0.506,0.000,0.000,1.000,0,0,0,24,24,0,0,24,0.0,0.0,0.0,0.0,0.0,1.0,-1
"F[0,2](Glucose <= 100.154 | Platelets <= 40.679)
",-9999999.000,-9999999.000,0.000,0.000,1.000,0,0,0,24,24,0,0,24,0.0,0.0,0.0,0.0,0.0,1.0,-1
"F[0,1](((DBP <= 77.007 | MAP <= 91.106) -> Hgb <= 101.251) & Fibrinogen <= 107.757)
",-9999999.000,-9999999.000,0.000,0.000,1.000,0,0,0,24,24,0,0,24,0.0,0.0,0.0,0.0,0.0,1.0,-1
"F[0,2](((Calcium <= 1.093 | WBC <= 4.567) -> Potassium <= 2.872) & DBP >= 0.171)
",-9999999.000,-9999999.000,0.000,0.000,1.000,0,0,0,24,24,0,0,24,0.0,0.0,0.0,0.0,0.0,1.0,-1
"((Creatinine >= 0.009) U[2,2] (Phosphate <= 3.418))
",7696875790669699.000,3.418,0.000,0.000,1.000,0,0,0,24,24,0,0,24,0.0,0.0,0.0,0.0,0.0,1.0,-1
"F[0,1](((Potassium <= 1.662 & WBC >= 0.220) & Creatinine >= 0.113) -> O2Sat <= 0.815)
",-9999999.000,-9999999.000,0.000,0.000,1.000,0,0,0,24,24,0,0,24,0.0,0.0,0.0,0.0,0.0,1.0,-1
"F[1,2](((DBP <= 70.862 | WBC >= 0.197) | Bilirubin_direct <= 2.981) -> pH <= 4.579)
",-9999999.000,-9999999.000,0.000,0.000,1.000,0,0,0,24,24,0,0,24,0.0,0.0,0.0,0.0,0.0,1.0,-1
"F[0,0](Magnesium <= 0.689 -> MAP <= 110.152)
",-0.244,-5.448,0.000,0.000,1.000,0,0,0,24,24,0,0,24,0.0,0.0,0.0,0.0,0.0,1.0,-1
"F[0,2](((DBP <= 76.090 -> Potassium <= 3.369) -> Temp >= 0.003) & Hct >= 0.078)
",-9999999.000,-9999999.000,0.000,0.000,1.000,0,0,0,24,24,0,0,24,0.0,0.0,0.0,0.0,0.0,1.0,-1
"F[0,2]((DBP >= 25.913 & Hct >= 0.918) -> Temp <= 8.156)
",-9999999.000,-9999999.000,0.000,0.000,1.000,0,0,0,24,24,0,0,24,0.0,0.0,0.0,0.0,0.0,1.0,-1
"((SaO2 <= 0.000) U[1,2] (SepsisLabel = 0.000))
",-9999999.000,-9999999.000,0.000,0.000,1.000,0,0,0,24,24,0,0,24,0.0,0.0,0.0,0.0,0.0,1.0,-1
"((Bilirubin_total <= 0.229) U[1,1] (SepsisLabel = 0.000))
",2744340949846905.000,0.229,0.000,0.000,1.000,0,0,0,24,24,0,0,24,0.0,0.0,0.0,0.0,0.0,1.0,-1
"((Hgb > 0.062) U[2,2] (SepsisLabel = 0.000))
",0.000,0.000,0.000,0.000,1.000,0,0,0,24,24,0,0,24,0.0,0.0,0.0,0.0,0.0,1.0,-1
"((SaO2 > 0.000) U[0,2] (SepsisLabel = 0.000))
",-9999999.000,-9999999.000,0.000,0.000,1.000,0,0,0,24,24,0,0,24,0.0,0.0,0.0,0.0,0.0,1.0,-1
"((Glucose >= 4.467) U[0,0] (SepsisLabel = 0.000))
",-0.213,-0.194,0.000,0.000,1.000,0,0,0,24,24,0,0,24,0.0,0.0,0.0,0.0,0.0,1.0,-1
"((SepsisLabel <= 0.000) U[0,2] (SepsisLabel = 0.000))
",-9999999.000,-9999999.000,0.000,0.000,1.000,0,0,0,24,24,0,0,24,0.0,0.0,0.0,0.0,0.0,1.0,-1
"F[1,2](TroponinI < 0.000 -> SepsisLabel = 0.000)
",-9999999.000,-9999999.000,0.000,0.000,1.000,0,0,0,24,24,0,0,24,0.0,0.0,0.0,0.0,0.0,1.0,-1
"((MAP >= 64.603) U[0,1] (SBP <= 175.758))
",-9999999.000,-9999999.000,0.000,0.000,1.000,0,0,0,24,24,0,0,24,0.0,0.0,0.0,0.0,0.0,1.0,-1
"F[0,1]((Phosphate >= 0.140 & Magnesium > 0.093) -> Calcium < 1.946)
",-9999999.000,-9999999.000,0.000,0.000,1.000,0,0,0,24,24,0,0,24,0.0,0.0,0.0,0.0,0.0,1.0,-1
"F[0,0](((Calcium < 2.641 & Potassium < 2.858) & Magnesium < 0.849) & Phosphate < 1.732)
",2.403,0.780,0.000,0.000,1.000,0,0,0,24,24,0,0,24,0.0,0.0,0.0,0.0,0.0,1.0,-1
"F[0,2](((Calcium < 8.124 & Potassium < 0.195) & Magnesium < 1.520) & Phosphate < 2.421)
",-9999999.000,-9999999.000,0.000,0.000,1.000,0,0,0,24,24,0,0,24,0.0,0.0,0.0,0.0,0.0,1.0,-1
"F[0,0](Hgb <= 10.750 | Hct <= 15.077)
",2121886814938834.750,15.077,0.000,0.000,1.000,0,0,0,24,24,0,0,24,0.0,0.0,0.0,0.0,0.0,1.0,-1
"F[1,2]((Phosphate >= 0.009 & Magnesium > 0.038) -> Calcium < 1.985)
",-9999999.000,-9999999.000,0.000,0.000,1.000,0,0,0,24,24,0,0,24,0.0,0.0,0.0,0.0,0.0,1.0,-1
"F[0,0](((Calcium < 3.708 & Potassium < 0.497) & Magnesium < 1.421) & Phosphate < 2.259)
",0.463,0.340,0.000,0.000,1.000,0,0,0,24,24,0,0,24,0.0,0.0,0.0,0.0,0.0,1.0,-1
"F[1,2]((Calcium <= 8.470 & Potassium <= 1.928) & Magnesium >= 0.004)
",-9999999.000,-9999999.000,0.000,0.000,1.000,0,0,0,24,24,0,0,24,0.0,0.0,0.0,0.0,0.0,1.0,-1
"F[0,1](Calcium >= 0.101 -> SepsisLabel = 0.000)
",-9999999.000,-9999999.000,0.000,0.000,1.000,0,0,0,24,24,0,0,24,0.0,0.0,0.0,0.0,0.0,1.0,-1
"((Platelets <= 241.694) U[0,2] (Platelets >= 6.276))
",-9999999.000,-9999999.000,0.000,0.000,1.000,0,0,0,24,24,0,0,24,0.0,0.0,0.0,0.0,0.0,1.0,-1
"F[1,2](Hgb <= 1.750 & Platelets <= 192.492)
",-9999999.000,-9999999.000,0.000,0.000,1.000,0,0,0,24,24,0,0,24,0.0,0.0,0.0,0.0,0.0,1.0,-1
"((FiO2 <= 0.000) U[1,2] (SepsisLabel = 0.000))
",-9999999.000,-9999999.000,0.000,0.000,1.000,0,0,0,24,24,0,0,24,0.0,0.0,0.0,0.0,0.0,1.0,-1
"F[1,1](Alkalinephos >= 0.042 -> SepsisLabel = 0.000)
",0.000,0.000,0.000,0.000,1.000,0,0,0,24,24,0,0,24,0.0,0.0,0.0,0.0,0.0,1.0,-1
"((FiO2 > 0.000) U[0,0] (SepsisLabel = 0.000))
",0.000,0.000,0.000,0.000,1.000,0,0,0,24,24,0,0,24,0.0,0.0,0.0,0.0,0.0,1.0,-1
"((Resp >= 1.792) U[0,2] (SepsisLabel = 0.000))
",-9999999.000,-9999999.000,0.000,0.000,1.000,0,0,0,24,24,0,0,24,0.0,0.0,0.0,0.0,0.0,1.0,-1
"F[2,2](Calcium >= 0.155 & SepsisLabel = 0.000)
",-2785811650397738.000,-0.155,0.000,0.000,1.000,0,0,0,24,24,0,0,24,0.0,0.0,0.0,0.0,0.0,1.0,-1
"((Potassium > 0.083) U[0,1] (SepsisLabel = 0.000))
",-9999999.000,-9999999.000,0.000,0.000,1.000,0,0,0,24,24,0,0,24,0.0,0.0,0.0,0.0,0.0,1.0,-1
"F[0,2](Resp >= 6.832 -> SepsisLabel = 0.000)
",-9999999.000,-9999999.000,0.000,0.000,1.000,0,0,0,24,24,0,0,24,0.0,0.0,0.0,0.0,0.0,1.0,-1
"F[0,2](((Hct >= 0.627 & Phosphate <= 1.763) & O2Sat <= 0.185) -> SBP >= 0.020)
",-9999999.000,-9999999.000,0.000,0.000,1.000,0,0,0,24,24,0,0,24,0.0,0.0,0.0,0.0,0.0,1.0,-1
"((Hct >= 0.317) U[0,2] (Hgb >= 0.008))
",-9999999.000,-9999999.000,0.000,0.000,1.000,0,0,0,24,24,0,0,24,0.0,0.0,0.0,0.0,0.0,1.0,-1
"F[0,1](Hgb <= 7.981 -> Potassium <= 3.126)
",-9999999.000,-9999999.000,0.000,0.000,1.000,0,0,0,24,24,0,0,24,0.0,0.0,0.0,0.0,0.0,1.0,-1
"F[0,2](Creatinine <= 0.226 | Hgb >= 0.494)
",-9999999.000,-9999999.000,0.000,0.000,1.000,0,0,0,24,24,0,0,24,0.0,0.0,0.0,0.0,0.0,1.0,-1
"F[1,2](((Hct >= 0.779 | Magnesium >= 0.089) -> Hct >= 0.098) & Calcium >= 0.044)
",-9999999.000,-9999999.000,0.000,0.000,1.000,0,0,0,24,24,0,0,24,0.0,0.0,0.0,0.0,0.0,1.0,-1
"F[1,2](((Hgb >= 0.077 & Magnesium <= 2.202) -> O2Sat <= 2.052) & EtCO2 >= 0.047)
",-9999999.000,-9999999.000,0.000,0.000,1.000,0,0,0,24,24,0,0,24,0.0,0.0,0.0,0.0,0.0,1.0,-1
"F[1,2](Calcium <= 1.025 | Platelets <= 250.526)
",-9999999.000,-9999999.000,0.000,0.000,1.000,0,0,0,24,24,0,0,24,0.0,0.0,0.0,0.0,0.0,1.0,-1
"F[0,2](Calcium >= 0.288 | Potassium >= 0.164)
",-9999999.000,-9999999.000,0.000,0.000,1.000,0,0,0,24,24,0,0,24,0.0,0.0,0.0,0.0,0.0,1.0,-1
"F[0,2](Hgb <= 6.674 | Hct <= 26.338)
",-9999999.000,-9999999.000,0.000,0.000,1.000,0,0,0,24,24,0,0,24,0.0,0.0,0.0,0.0,0.0,1.0,-1
"((MAP >= 4.895) U[0,2] (SBP <= 159.937))
",-9999999.000,-9999999.000,0.000,0.000,1.000,0,0,0,24,24,0,0,24,0.0,0.0,0.0,0.0,0.0,1.0,-1
"F[0,1]((Phosphate >= 0.006 & Magnesium > 0.090) -> Calcium < 6.048)
",-9999999.000,-9999999.000,0.000,0.000,1.000,0,0,0,24,24,0,0,24,0.0,0.0,0.0,0.0,0.0,1.0,-1
"F[0,2]((Calcium <= 5.574 & Potassium <= 2.091) & Magnesium >= 0.013)
",-9999999.000,-9999999.000,0.000,0.000,1.000,0,0,0,24,24,0,0,24,0.0,0.0,0.0,0.0,0.0,1.0,-1
"F[0,1]((Phosphate >= 0.099 & Magnesium > 0.035) -> Calcium < 1.612)
",-9999999.000,-9999999.000,0.000,0.000,1.000,0,0,0,24,24,0,0,24,0.0,0.0,0.0,0.0,0.0,1.0,-1
"F[0,2](((Calcium < 8.905 & Potassium < 2.272) & Magnesium < 2.004) & Phosphate < 1.027)
",-9999999.000,-9999999.000,0.000,0.000,1.000,0,0,0,24,24,0,0,24,0.0,0.0,0.0,0.0,0.0,1.0,-1
"F[1,2]((Calcium <= 2.660 & Potassium <= 3.882) & Magnesium >= 0.047)
",-9999999.000,-9999999.000,0.000,0.000,1.000,0,0,0,24,24,0,0,24,0.0,0.0,0.0,0.0,0.0,1.0,-1
"((MAP >= 17.380) U[0,1] (SBP <= 171.438))
",-9999999.000,-9999999.000,0.000,0.000,1.000,0,0,0,24,24,0,0,24,0.0,0.0,0.0,0.0,0.0,1.0,-1
"F[1,2]((Phosphate >= 0.129 & Magnesium > 0.042) -> Calcium < 2.932)
",-9999999.000,-9999999.000,0.000,0.000,1.000,0,0,0,24,24,0,0,24,0.0,0.0,0.0,0.0,0.0,1.0,-1
"F[2,2](((Calcium < 2.672 & Potassium < 2.812) & Magnesium < 1.331) & Phosphate < 2.889)
",5994434112417473.000,1.331,0.000,0.000,1.000,0,0,0,24,24,0,0,24,0.0,0.0,0.0,0.0,0.0,1.0,-1
"F[0,0](Hgb <= 5.972 | Hct <= 11.377)
",6404663287791871.000,11.377,0.000,0.000,1.000,0,0,0,24,24,0,0,24,0.0,0.0,0.0,0.0,0.0,1.0,-1
"F[0,1](Hgb <= 2.546 | Hct <= 28.600)
",-9999999.000,-9999999.000,0.000,0.000,1.000,0,0,0,24,24,0,0,24,0.0,0.0,0.0,0.0,0.0,1.0,-1
"((MAP >= 8.703) U[0,1] (SBP <= 170.588))
",-9999999.000,-9999999.000,0.000,0.000,1.000,0,0,0,24,24,0,0,24,0.0,0.0,0.0,0.0,0.0,1.0,-1
"((Phosphate <= 0.724) U[2,2] (Potassium <= 1.519))
",1.519,1.519,0.000,0.000,1.000,0,0,0,24,24,0,0,24,0.0,0.0,0.0,0.0,0.0,1.0,-1
"F[1,2](Magnesium <= 0.705 -> WBC >= 0.168)
",-9999999.000,-9999999.000,0.000,0.000,1.000,0,0,0,24,24,0,0,24,0.0,0.0,0.0,0.0,0.0,1.0,-1
"F[0,2](((PTT >= 0.000 | SepsisLabel >= 0.000) & SepsisLabel <= 0.000) & SepsisLabel <= 0.000)
",-9999999.000,-9999999.000,0.000,0.000,1.000,0,0,0,24,24,0,0,24,0.0,0.0,0.0,0.0,0.0,1.0,-1
"F[1,2](Bilirubin_total <= 0.258 -> Resp <= 17.560)
",-9999999.000,-9999999.000,0.000,0.000,1.000,0,0,0,24,24,0,0,24,0.0,0.0,0.0,0.0,0.0,1.0,-1
"((Phosphate <= 3.786) U[0,2] (SBP >= 99.157))
",-9999999.000,-9999999.000,0.000,0.000,1.000,0,0,0,24,24,0,0,24,0.0,0.0,0.0,0.0,0.0,1.0,-1
"((MAP >= 80.185) U[2,2] (SBP <= 154.721))
",5443777581006033.000,154.721,0.000,0.000,1.000,0,0,0,24,24,0,0,24,0.0,0.0,0.0,0.0,0.0,1.0,-1
"F[2,2](((Calcium < 5.761 & Potassium < 3.415) & Magnesium < 0.986) & Phosphate < 2.149)
",2959514195792942.000,0.986,0.000,0.000,1.000,0,0,0,24,24,0,0,24,0.0,0.0,0.0,0.0,0.0,1.0,-1
"F[0,2]((Calcium <= 2.264 & Potassium <= 3.449) & Magnesium >= 0.060)
",-9999999.000,-9999999.000,0.000,0.000,1.000,0,0,0,24,24,0,0,24,0.0,0.0,0.0,0.0,0.0,1.0,-1
"F[0,1]((Phosphate >= 0.009 & Magnesium > 0.074) -> Calcium < 8.058)
",-9999999.000,-9999999.000,0.000,0.000,1.000,0,0,0,24,24,0,0,24,0.0,0.0,0.0,0.0,0.0,1.0,-1
"F[2,2]((Calcium <= 2.241 & Potassium <= 3.794) & Magnesium >= 0.073)
",-0.073,-0.073,0.000,0.000,1.000,0,0,0,24,24,0,0,24,0.0,0.0,0.0,0.0,0.0,1.0,-1
"F[0,0](Hgb <= 3.530 | Hct <= 4.690)
",2640021283528691.000,4.690,0.000,0.000,1.000,0,0,0,24,24,0,0,24,0.0,0.0,0.0,0.0,0.0,1.0,-1
"((MAP >= 41.555) U[0,1] (SBP <= 168.677))
",-9999999.000,-9999999.000,0.000,0.000,1.000,0,0,0,24,24,0,0,24,0.0,0.0,0.0,0.0,0.0,1.0,-1
"F[0,2]((Phosphate >= 0.004 & Magnesium > 0.041) -> Calcium < 8.321)
",-9999999.000,-9999999.000,0.000,0.000,1.000,0,0,0,24,24,0,0,24,0.0,0.0,0.0,0.0,0.0,1.0,-1
"F[0,2](((Calcium < 3.679 & Potassium < 3.876) & Magnesium < 1.264) & Phosphate < 1.371)
",-9999999.000,-9999999.000,0.000,0.000,1.000,0,0,0,24,24,0,0,24,0.0,0.0,0.0,0.0,0.0,1.0,-1
"F[0,1](Hgb <= 4.317 | Hct <= 39.372)
",-9999999.000,-9999999.000,0.000,0.000,1.000,0,0,0,24,24,0,0,24,0.0,0.0,0.0,0.0,0.0,1.0,-1
"F[0,2](((Calcium < 1.627 & Potassium < 3.763) & Magnesium < 0.466) & Phosphate < 1.061)
",-9999999.000,-9999999.000,0.000,0.000,1.000,0,0,0,24,24,0,0,24,0.0,0.0,0.0,0.0,0.0,1.0,-1
"F[0,1]((Phosphate >= 0.018 & Magnesium > 0.030) -> Calcium < 1.388)
",-9999999.000,-9999999.000,0.000,0.000,1.000,0,0,0,24,24,0,0,24,0.0,0.0,0.0,0.0,0.0,1.0,-1
"F[2,2](((Calcium < 7.907 & Potassium < 3.117) & Magnesium < 2.092) & Phosphate < 1.004)
",2260832988024078.000,1.004,0.000,0.000,1.000,0,0,0,24,24,0,0,24,0.0,0.0,0.0,0.0,0.0,1.0,-1
"F[0,0]((Phosphate >= 0.119 & Magnesium > 0.036) -> Calcium < 2.314)
",-5210206131382991.000,-2.314,0.000,0.000,1.000,0,0,0,24,24,0,0,24,0.0,0.0,0.0,0.0,0.0,1.0,-1
"F[0,2](Hgb <= 6.856 | Hct <= 7.371)
",-9999999.000,-9999999.000,0.000,0.000,1.000,0,0,0,24,24,0,0,24,0.0,0.0,0.0,0.0,0.0,1.0,-1
"F[1,2](((Calcium < 5.491 & Potassium < 0.320) & Magnesium < 1.014) & Phosphate < 1.548)
",-9999999.000,-9999999.000,0.000,0.000,1.000,0,0,0,24,24,0,0,24,0.0,0.0,0.0,0.0,0.0,1.0,-1
"F[0,1](Hgb <= 7.139 | Hct <= 4.753)
",-9999999.000,-9999999.000,0.000,0.000,1.000,0,0,0,24,24,0,0,24,0.0,0.0,0.0,0.0,0.0,1.0,-1
"((MAP >= 74.468) U[0,1] (SBP <= 170.037))
",-9999999.000,-9999999.000,0.000,0.000,1.000,0,0,0,24,24,0,0,24,0.0,0.0,0.0,0.0,0.0,1.0,-1
"((Temp >= 6.414) U[2,2] (PaCO2 >= 0.000))
",0.000,0.000,0.000,0.000,1.000,0,0,0,24,24,0,0,24,0.0,0.0,0.0,0.0,0.0,1.0,-1
"F[0,1]((PTT >= 0.000 | Magnesium >= 0.025) & Hct <= 1.495)
",-9999999.000,-9999999.000,0.000,0.000,1.000,0,0,0,24,24,0,0,24,0.0,0.0,0.0,0.0,0.0,1.0,-1
"F[0,2](((BaseExcess <= 0.000 -> EtCO2 >= 0.000) & MAP <= 0.000) -> AST <= 0.000)
",-9999999.000,-9999999.000,0.000,0.000,1.000,0,0,0,24,24,0,0,24,0.0,0.0,0.0,0.0,0.0,1.0,-1
"G[0,2](((Alkalinephos >= 1.386 & Bilirubin_total <= 0.143) -> Potassium <= 0.335) -> PTT <= 0.214)
",9999999.000,9999999.000,0.000,1.000,0.000,0,0,24,0,0,24,24,0,0.0,0.0,1.0,0.0,0.0,1.0,1
"G[1,1](BUN <= 8.696 & Creatinine >= 0.002)
",-0.002,-0.002,0.000,1.000,0.000,0,0,1,23,23,1,1,23,0.0,0.0,1.0,0.0,0.0,1.0,1
"G[0,1]((Creatinine <= 0.353 -> Magnesium <= 1.576) -> Chloride >= 0.051)
",9999999.000,9999999.000,0.000,1.000,0.000,0,0,0,24,24,0,0,24,0.0,0.0,0.0,0.0,0.0,1.0,1
"G[2,2](((Glucose >= 3.785 -> WBC >= 0.165) & SaO2 >= 0.093) | PTT <= 2.762)
",2.762,2.762,0.000,1.000,0.000,0,0,24,0,0,24,24,0,0.0,0.0,1.0,0.0,0.0,1.0,1
"G[2,2](((Creatinine >= 0.028 & Platelets <= 163.568) -> Glucose >= 0.957) -> WBC <= 205.294)
",-7223125531357811.000,-205.294,0.000,1.000,0.000,0,0,24,0,0,24,24,0,0.0,0.0,1.0,0.0,0.0,1.0,1
"G[1,2]((Creatinine >= 0.025 -> Hct <= 5.241) | BUN >= 0.555)
",9999999.000,9999999.000,0.000,1.000,0.000,0,0,24,0,0,24,24,0,0.0,0.0,1.0,0.0,0.0,1.0,1
"G[0,2]((Calcium >= 0.007 | Creatinine >= 0.007) & MAP <= 0.197)
",9999999.000,9999999.000,0.000,1.000,0.000,0,0,0,24,24,0,0,24,0.0,0.0,0.0,0.0,0.0,1.0,1
"G[0,2](Calcium <= 1.403 & Magnesium >= 0.013)
",9999999.000,9999999.000,0.000,1.000,0.000,0,0,0,24,24,0,0,24,0.0,0.0,0.0,0.0,0.0,1.0,1
"G[0,1](((Magnesium <= 0.551 -> Potassium <= 1.303) & SaO2 >= 0.061) & Bilirubin_direct >= 0.019)
",9999999.000,9999999.000,0.000,1.000,0.000,0,0,0,24,24,0,0,24,0.0,0.0,0.0,0.0,0.0,1.0,1
"G[0,1](((Magnesium >= 0.038 -> Platelets <= 95.232) & Alkalinephos >= 1.126) & HR >= 1.199)
",9999999.000,9999999.000,0.000,1.000,0.000,0,0,0,24,24,0,0,24,0.0,0.0,0.0,0.0,0.0,1.0,1
"G[2,2](((Calcium <= 1.083 -> Hgb <= 1.795) | Bilirubin_total >= 0.328) | Creatinine >= 0.496)
",-0.328,-0.328,0.000,1.000,0.000,0,0,24,0,0,24,24,0,0.0,0.0,1.0,0.0,0.0,1.0,1
"G[1,2](Hct >= 1.206 & Potassium <= 3.406)
",9999999.000,9999999.000,0.000,1.000,0.000,0,0,1,23,23,1,1,23,0.0,0.0,1.0,0.0,0.0,1.0,1
"G[2,2](((Calcium <= 2.068 -> Hct <= 1.776) -> Platelets <= 38.054) -> Calcium >= 1.188)
",1.188,1.188,0.000,1.000,0.000,0,0,24,0,0,24,24,0,0.0,0.0,1.0,0.0,0.0,1.0,1
"G[0,2](Magnesium >= 0.034 | Phosphate <= 3.392)
",9999999.000,9999999.000,0.000,1.000,0.000,0,0,24,0,0,24,24,0,0.0,0.0,1.0,0.0,0.0,1.0,1
"G[0,1](Platelets <= 56.118 -> WBC >= 0.111)
",9999999.000,9999999.000,0.000,1.000,0.000,0,0,0,24,24,0,0,24,0.0,0.0,0.0,0.0,0.0,1.0,1
"G[1,2](AST >= 0.131 & SepsisLabel = 0.000)
",9999999.000,9999999.000,0.000,1.000,0.000,0,0,2,22,22,2,2,22,0.0,0.0,1.0,0.0,0.0,1.0,1
"G[1,2](BUN <= 8.181 -> SepsisLabel = 0.000)
",9999999.000,9999999.000,0.000,1.000,0.000,0,0,24,0,0,24,24,0,0.0,0.0,1.0,0.0,0.0,1.0,1
"G[1,2](WBC < 4.234 & SepsisLabel = 0.000)
",9999999.000,9999999.000,0.000,1.000,0.000,0,0,22,2,2,22,22,2,0.0,0.0,1.0,0.0,0.0,1.0,1
"G[1,2](SepsisLabel >= 0.000 -> SepsisLabel = 0.000)
",9999999.000,9999999.000,0.000,1.000,0.000,0,0,24,0,0,24,24,0,0.0,0.0,1.0,0.0,0.0,1.0,1
"G[0,2](TroponinI >= 0.000 & SepsisLabel = 0.000)
",9999999.000,9999999.000,0.000,1.000,0.000,0,0,24,0,0,24,24,0,0.0,0.0,1.0,0.0,0.0,1.0,1
"G[0,2](DBP > 20.637 -> SepsisLabel = 0.000)
",9999999.000,9999999.000,0.000,1.000,0.000,0,0,24,0,0,24,24,0,0.0,0.0,1.0,0.0,0.0,1.0,1
"G[0,2](WBC > 0.093 & SepsisLabel = 0.000)
",9999999.000,9999999.000,0.000,1.000,0.000,0,0,0,24,24,0,0,24,0.0,0.0,0.0,0.0,0.0,1.0,1
"G[0,2](BaseExcess < 0.000 -> SepsisLabel = 0.000)
",9999999.000,9999999.000,0.000,1.000,0.000,0,0,24,0,0,24,24,0,0.0,0.0,1.0,0.0,0.0,1.0,1
"G[0,0](Lactate < 0.000 & SepsisLabel = 0.000)
",-0.213,-10.696,0.000,1.000,0.000,0,0,0,24,24,0,0,24,0.0,0.0,0.0,0.0,0.0,1.0,1
"G[2,2](PaCO2 > 0.000 & SepsisLabel = 0.000)
",0.000,0.000,0.000,1.000,0.000,0,0,24,0,0,24,24,0,0.0,0.0,1.0,0.0,0.0,1.0,1
"G[0,2](BUN <= 8.489 & Creatinine >= 0.011)
",9999999.000,9999999.000,0.000,1.000,0.000,0,0,0,24,24,0,0,24,0.0,0.0,0.0,0.0,0.0,1.0,1
"G[2,2](((Hgb <= 6.745 | Hct <= 8.239) -> WBC >= 0.274) & Platelets >= 0.338)
",-4638214689565809.000,-8.239,0.000,1.000,0.000,0,0,24,0,0,24,24,0,0.0,0.0,1.0,0.0,0.0,1.0,1
"G[0,2](((Hgb <= 6.552 | Hct <= 20.499) -> WBC >= 0.019) & Platelets >= 7.015)
",9999999.000,9999999.000,0.000,1.000,0.000,0,0,0,24,24,0,0,24,0.0,0.0,0.0,0.0,0.0,1.0,1
"G[2,2](Chloride >= 0.000 & HCO3 >= 0.000)
",0.000,0.000,0.000,1.000,0.000,0,0,24,0,0,24,24,0,0.0,0.0,1.0,0.0,0.0,1.0,1
"G[0,2](HR < 78.308 -> SepsisLabel = 0.000)
",9999999.000,9999999.000,0.000,1.000,0.000,0,0,24,0,0,24,24,0,0.0,0.0,1.0,0.0,0.0,1.0,1
"G[0,1](Platelets <= 60.226 -> WBC >= 0.228)
",9999999.000,9999999.000,0.000,1.000,0.000,0,0,0,24,24,0,0,24,0.0,0.0,0.0,0.0,0.0,1.0,1
"G[2,2]((Phosphate >= 0.056 & Platelets >= 1.411) | AST >= 10.090)
",-6356614825396636.000,-1.411,0.000,1.000,0.000,0,0,24,0,0,24,24,0,0.0,0.0,1.0,0.0,0.0,1.0,1
"G[1,2](((Glucose <= 12.231 -> Phosphate >= 0.072) -> BUN >= 0.117) -> Temp >= 0.148)
",9999999.000,9999999.000,0.000,1.000,0.000,0,0,11,13,13,11,11,13,0.0,0.0,1.0,0.0,0.0,1.0,1
"G[0,1](BUN <= 5.307 & Creatinine >= 0.027)
",9999999.000,9999999.000,0.000,1.000,0.000,0,0,0,24,24,0,0,24,0.0,0.0,0.0,0.0,0.0,1.0,1
"G[0,1](((Hgb <= 4.487 | Hct <= 13.156) -> WBC >= 0.049) & Platelets >= 10.429)
",9999999.000,9999999.000,0.000,1.000,0.000,0,0,0,24,24,0,0,24,0.0,0.0,0.0,0.0,0.0,1.0,1
"G[0,1](Platelets <= 247.535 -> WBC >= 0.162)
",9999999.000,9999999.000,0.000,1.000,0.000,0,0,0,24,24,0,0,24,0.0,0.0,0.0,0.0,0.0,1.0,1
"G[1,2](Chloride >= 0.000 & HCO3 >= 0.000)
",9999999.000,9999999.000,0.000,1.000,0.000,0,0,24,0,0,24,24,0,0.0,0.0,1.0,0.0,0.0,1.0,1
"G[1,2](BUN <= 0.790 & Creatinine >= 0.028)
",9999999.000,9999999.000,0.000,1.000,0.000,0,0,1,23,23,1,1,23,0.0,0.0,1.0,0.0,0.0,1.0,1
"G[0,0](((Hgb <= 7.408 | Hct <= 13.439) -> WBC >= 0.104) & Platelets >= 4.814)
",-7565695010731585.000,-13.439,0.000,1.000,0.000,0,0,0,24,24,0,0,24,0.0,0.0,0.0,0.0,0.0,1.0,1
"G[0,1](Platelets <= 21.004 -> WBC >= 0.206)
",9999999.000,9999999.000,0.000,1.000,0.000,0,0,0,24,24,0,0,24,0.0,0.0,0.0,0.0,0.0,1.0,1
"G[0,2](Chloride >= 0.000 & HCO3 >= 0.000)
",9999999.000,9999999.000,0.000,1.000,0.000,0,0,24,0,0,24,24,0,0.0,0.0,1.0,0.0,0.0,1.0,1
"G[1,2](BUN <= 7.205 & Creatinine >= 0.001)
",9999999.000,9999999.000,0.000,1.000,0.000,0,0,1,23,23,1,1,23,0.0,0.0,1.0,0.0,0.0,1.0,1
"G[0,1](((Hgb <= 10.406 | Hct <= 9.016) -> WBC >= 0.204) & Platelets >= 1.334)
",9999999.000,9999999.000,0.000,1.000,0.000,0,0,0,24,24,0,0,24,0.0,0.0,0.0,0.0,0.0,1.0,1
"G[1,2](Chloride >= 0.000 & HCO3 >= 0.000)
",9999999.000,9999999.000,0.000,1.000,0.000,0,0,24,0,0,24,24,0,0.0,0.0,1.0,0.0,0.0,1.0,1
"G[0,2](((Hgb <= 6.092 | Hct <= 13.699) -> WBC >= 0.081) & Platelets >= 10.446)
",9999999.000,9999999.000,0.000,1.000,0.000,0,0,0,24,24,0,0,24,0.0,0.0,0.0,0.0,0.0,1.0,1
"G[1,2](Platelets <= 60.464 -> WBC >= 0.116)
",9999999.000,9999999.000,0.000,1.000,0.000,0,0,3,21,21,3,3,21,0.0,0.0,1.0,0.0,0.0,1.0,1
"G[1,2](Chloride >= 0.000 & HCO3 >= 0.000)
",9999999.000,9999999.000,0.000,1.000,0.000,0,0,24,0,0,24,24,0,0.0,0.0,1.0,0.0,0.0,1.0,1
"G[2,2](BUN <= 7.436 & Creatinine >= 0.007)
",-8467615516065635.000,-0.007,0.000,1.000,0.000,0,0,24,0,0,24,24,0,0.0,0.0,1.0,0.0,0.0,1.0,1
"G[0,2](((Hgb <= 5.489 | Hct <= 19.296) -> WBC >= 0.248) & Platelets >= 8.402)
",9999999.000,9999999.000,0.000,1.000,0.000,0,0,0,24,24,0,0,24,0.0,0.0,0.0,0.0,0.0,1.0,1
"G[2,2](Platelets <= 210.874 -> WBC >= 0.097)
",-3709741955898713.500,-210.874,0.000,1.000,0.000,0,0,24,0,0,24,24,0,0.0,0.0,1.0,0.0,0.0,1.0,1
"G[1,1](BUN <= 4.867 & Creatinine >= 0.005)
",-5699723671165551.000,-0.005,0.000,1.000,0.000,0,0,1,23,23,1,1,23,0.0,0.0,1.0,0.0,0.0,1.0,1
"G[1,2](((Hgb <= 5.319 | Hct <= 10.798) -> WBC >= 0.050) & Platelets >= 10.518)
",9999999.000,9999999.000,0.000,1.000,0.000,0,0,3,21,21,3,3,21,0.0,0.0,1.0,0.0,0.0,1.0,1
"G[1,2](Platelets <= 63.971 -> WBC >= 0.053)
",9999999.000,9999999.000,0.000,1.000,0.000,0,0,3,21,21,3,3,21,0.0,0.0,1.0,0.0,0.0,1.0,1
"G[0,1](BUN <= 2.056 & Creatinine >= 0.028)
",9999999.000,9999999.000,0.000,1.000,0.000,0,0,0,24,24,0,0,24,0.0,0.0,0.0,0.0,0.0,1.0,1
"G[0,2](Platelets <= 97.127 -> WBC >= 0.258)
",9999999.000,9999999.000,0.000,1.000,0.000,0,0,0,24,24,0,0,24,0.0,0.0,0.0,0.0,0.0,1.0,1
"G[1,2](Chloride >= 0.000 & HCO3 >= 0.000)
",9999999.000,9999999.000,0.000,1.000,0.000,0,0,24,0,0,24,24,0,0.0,0.0,1.0,0.0,0.0,1.0,1
"G[2,2](BUN <= 7.140 & Creatinine >= 0.001)
",-2816466364936110.000,-0.001,0.000,1.000,0.000,0,0,24,0,0,24,24,0,0.0,0.0,1.0,0.0,0.0,1.0,1
"G[1,2](Chloride >= 0.000 & HCO3 >= 0.000)
",9999999.000,9999999.000,0.000,1.000,0.000,0,0,24,0,0,24,24,0,0.0,0.0,1.0,0.0,0.0,1.0,1
"G[0,2](Creatinine >= 0.026 & AST <= 1.253)
",9999999.000,9999999.000,0.000,1.000,0.000,0,0,0,24,24,0,0,24,0.0,0.0,0.0,0.0,0.0,1.0,1
"F[0,2](Glucose <= 118.484 | SaO2 <= 0.000)
",-9999999.000,-9999999.000,0.000,0.000,1.000,0,0,0,24,24,0,0,24,0.0,0.0,0.0,0.0,0.0,1.0,-1
"G[0,1](MAP >= 64.292 & AST >= 0.089)
",9999999.000,9999999.000,0.000,1.000,0.000,0,0,0,24,24,0,0,24,0.0,0.0,0.0,0.0,0.0,1.0,1
"G[2,2]((Temp <= 29.125 | Calcium <= 2.047) -> Alkalinephos >= 0.123)
",-2732675697735278.500,-29.125,0.000,1.000,0.000,0,0,24,0,0,24,24,0,0.0,0.0,1.0,0.0,0.0,1.0,1
"G[2,2](((SBP <= 139.897 | Alkalinephos <= 75.523) & Bilirubin_direct >= 1.882) -> Phosphate >= 1.527)
",6877482920122460.000,1.527,0.000,1.000,0.000,0,0,24,0,0,24,24,0,0.0,0.0,1.0,0.0,0.0,1.0,1
"G[2,2]((Potassium <= 3.881 | Bilirubin_total >= 0.005) | MAP >= 0.008)
",8739702057493187.000,3.881,0.000,1.000,0.000,0,0,24,0,0,24,24,0,0.0,0.0,1.0,0.0,0.0,1.0,1
"G[2,2]((Resp >= 3.535 & BUN <= 1.985) -> Creatinine <= 9.025)
",-9.025,-9.025,0.000,1.000,0.000,0,0,24,0,0,24,24,0,0.0,0.0,1.0,0.0,0.0,1.0,1
"G[0,2](((O2Sat >= 60.817 & O2Sat >= 65.710) | TroponinI <= 96.012) & Glucose >= 33.171)
",9999999.000,9999999.000,0.000,1.000,0.000,0,0,0,24,24,0,0,24,0.0,0.0,0.0,0.0,0.0,1.0,1
"G[1,2](((Bilirubin_total >= 0.007 -> Potassium <= 1.226) -> PTT >= 0.125) -> SBP >= 0.019)
",9999999.000,9999999.000,0.000,1.000,0.000,0,0,24,0,0,24,24,0,0.0,0.0,1.0,0.0,0.0,1.0,1
"G[2,2]((Potassium >= 0.079 & HR >= 27.311) -> Potassium <= 86.448)
",-3041617845273289.500,-86.448,0.000,1.000,0.000,0,0,24,0,0,24,24,0,0.0,0.0,1.0,0.0,0.0,1.0,1
"G[1,2]((Lactate >= 0.000 | Hgb <= 7.328) & Magnesium <= 10.025)
",9999999.000,9999999.000,0.000,1.000,0.000,0,0,24,0,0,24,24,0,0.0,0.0,1.0,0.0,0.0,1.0,1
"G[0,2](EtCO2 >= 0.000 | Resp >= 13.351)
",9999999.000,9999999.000,0.000,1.000,0.000,0,0,24,0,0,24,24,0,0.0,0.0,1.0,0.0,0.0,1.0,1
"G[1,2](((WBC >= 0.066 -> SaO2 >= 0.000) | Potassium >= 0.000) -> Fibrinogen <= 0.000)
",9999999.000,9999999.000,0.000,1.000,0.000,0,0,24,0,0,24,24,0,0.0,0.0,1.0,0.0,0.0,1.0,1
"G[0,1]((Temp >= 4.093 | Creatinine <= 0.523) -> SepsisLabel >= 0.006)
",9999999.000,9999999.000,0.000,1.000,0.000,0,0,0,24,24,0,0,24,0.0,0.0,0.0,0.0,0.0,1.0,1
"G[0,1](((SepsisLabel >= 0.000 -> Bilirubin_direct <= 0.000) & SBP <= 0.000) & Potassium >= 0.000)
",9999999.000,9999999.000,0.000,1.000,0.000,0,0,1,23,23,1,1,23,0.0,0.0,1.0,0.0,0.0,1.0,1
"G[1,2](((PTT <= 0.000 | HCO3 <= 0.000) -> Alkalinephos >= 0.000) | BaseExcess <= 0.000)
",9999999.000,9999999.000,0.000,1.000,0.000,0,0,24,0,0,24,24,0,0.0,0.0,1.0,0.0,0.0,1.0,1
"G[2,2](((Potassium <= 0.862 | Hct <= 11.992) -> Bilirubin_total <= 10.615) | Alkalinephos >= 0.995)
",-0.995,-0.995,0.000,1.000,0.000,0,0,24,0,0,24,24,0,0.0,0.0,1.0,0.0,0.0,1.0,1
"G[1,2](HR >= 53.097 -> Magnesium <= 0.744)
",9999999.000,9999999.000,0.000,1.000,0.000,0,0,22,2,2,22,22,2,0.0,0.0,1.0,0.0,0.0,1.0,1
"G[1,2]((FiO2 <= 0.000 & HCO3 >= 0.000) | Hgb <= 0.000)
",9999999.000,9999999.000,0.000,1.000,0.000,0,0,24,0,0,24,24,0,0.0,0.0,1.0,0.0,0.0,1.0,1
"G[0,2](((Creatinine <= 0.063 -> Lactate >= 0.000) -> Bilirubin_total >= 0.000) -> Alkalinephos <= 0.000)
",9999999.000,9999999.000,0.000,1.000,0.000,0,0,23,1,1,23,23,1,0.0,0.0,1.0,0.0,0.0,1.0,1
"G[2,2]((Bilirubin_direct <= 0.000 | HCO3 >= 0.000) & FiO2 >= 0.000)
",0.000,0.000,0.000,1.000,0.000,0,0,24,0,0,24,24,0,0.0,0.0,1.0,0.0,0.0,1.0,1
"G[0,2]((WBC <= 4.447 -> FiO2 >= 0.000) & PTT >= 0.000)
",9999999.000,9999999.000,0.000,1.000,0.000,0,0,24,0,0,24,24,0,0.0,0.0,1.0,0.0,0.0,1.0,1
"G[2,2]((PaCO2 <= 0.000 | Calcium >= 0.156) | Fibrinogen <= 8.128)
",4575624692695793.000,8.128,0.000,1.000,0.000,0,0,24,0,0,24,24,0,0.0,0.0,1.0,0.0,0.0,1.0,1
"G[2,2]((Bilirubin_total >= 0.001 & TroponinI >= 0.000) | Potassium >= 0.000)
",0.000,0.000,0.000,1.000,0.000,0,0,24,0,0,24,24,0,0.0,0.0,1.0,0.0,0.0,1.0,1
"G[0,2](MAP <= 92.105 & EtCO2 >= 0.000)
",9999999.000,9999999.000,0.000,1.000,0.000,0,0,7,17,17,7,7,17,0.0,0.0,1.0,0.0,0.0,1.0,1
"G[0,1]((O2Sat <= 91.521 & AST >= 0.267) & TroponinI <= 4.947)
",9999999.000,9999999.000,0.000,1.000,0.000,0,0,0,24,24,0,0,24,0.0,0.0,0.0,0.0,0.0,1.0,1
"G[2,2]((Platelets <= 244.984 | FiO2 >= 0.000) & SBP >= 0.000)
",0.000,0.000,0.000,1.000,0.000,0,0,24,0,0,24,24,0,0.0,0.0,1.0,0.0,0.0,1.0,1
"G[0,2]((WBC <= 5.358 | DBP >= 25.505) -> Platelets >= 1.684)
",9999999.000,9999999.000,0.000,1.000,0.000,0,0,0,24,24,0,0,24,0.0,0.0,0.0,0.0,0.0,1.0,1
"G[0,2](pH <= 0.000 & Phosphate <= 4.235)
",9999999.000,9999999.000,0.000,1.000,0.000,0,0,23,1,1,23,23,1,0.0,0.0,1.0,0.0,0.0,1.0,1
"G[2,2](((Chloride >= 0.000 -> WBC >= 0.276) | Temp >= 0.294) | EtCO2 >= 0.207)
",0.000,0.000,0.000,1.000,0.000,0,0,24,0,0,24,24,0,0.0,0.0,1.0,0.0,0.0,1.0,1
"G[0,2](SepsisLabel <= 0.000 | Potassium >= 0.013)
",9999999.000,9999999.000,0.000,1.000,0.000,0,0,24,0,0,24,24,0,0.0,0.0,1.0,0.0,0.0,1.0,1
"G[2,2]((BUN >= 0.023 | O2Sat <= 94.818) | AST <= 94.127)
",6672216416552957.000,94.818,0.000,1.000,0.000,0,0,24,0,0,24,24,0,0.0,0.0,1.0,0.0,0.0,1.0,1
"G[1,2](((Hgb <= 4.179 & DBP <= 68.255) | Chloride >= 45.444) -> Alkalinephos >= 41.068)
",9999999.000,9999999.000,0.000,1.000,0.000,0,0,13,11,11,13,13,11,0.0,0.0,1.0,0.0,0.0,1.0,1
"G[1,2](PaCO2 >= 0.000 -> Phosphate >= 0.150)
",9999999.000,9999999.000,0.000,1.000,0.000,0,0,3,21,21,3,3,21,0.0,0.0,1.0,0.0,0.0,1.0,1
"G[1,2](((Chloride >= 0.000 & SBP <= 137.880) -> Chloride >= 94.610) -> EtCO2 >= 68.763)
",9999999.000,9999999.000,0.000,1.000,0.000,0,0,8,16,16,8,8,16,0.0,0.0,1.0,0.0,0.0,1.0,1
"G[0,1]((Phosphate <= 1.281 | Platelets <= 42.220) & HCO3 >= 10.147)
",9999999.000,9999999.000,0.000,1.000,0.000,0,0,0,24,24,0,0,24,0.0,0.0,0.0,0.0,0.0,1.0,1
"G[0,2](O2Sat <= 91.217 | PaCO2 <= 0.000)
",9999999.000,9999999.000,0.000,1.000,0.000,0,0,24,0,0,24,24,0,0.0,0.0,1.0,0.0,0.0,1.0,1
"G[0,2]((PTT >= 0.000 & TroponinI >= 0.000) -> BaseExcess >= 0.000)
",9999999.000,9999999.000,0.000,1.000,0.000,0,0,24,0,0,24,24,0,0.0,0.0,1.0,0.0,0.0,1.0,1
"G[0,2](((AST >= 0.131 | Chloride >= 0.000) -> Hct >= 0.000) -> Bilirubin_direct <= 0.000)
",9999999.000,9999999.000,0.000,1.000,0.000,0,0,24,0,0,24,24,0,0.0,0.0,1.0,0.0,0.0,1.0,1
"G[2,2](((pH >= 0.000 -> Temp >= 0.628) -> FiO2 >= 3.625) | Resp >= 5.305)
",0.000,0.000,0.000,1.000,0.000,0,0,24,0,0,24,24,0,0.0,0.0,1.0,0.0,0.0,1.0,1
"G[0,2]((HCO3 >= 0.000 -> HR <= 75.552) | Calcium >= 70.692)
",9999999.000,9999999.000,0.000,1.000,0.000,0,0,3,21,21,3,3,21,0.0,0.0,1.0,0.0,0.0,1.0,1
"G[0,0](((AST >= 0.282 -> BUN >= 0.226) & Fibrinogen >= 0.022) & Calcium <= 10.176)
",-0.213,-0.011,0.000,1.000,0.000,0,0,0,24,24,0,0,24,0.0,0.0,0.0,0.0,0.0,1.0,1
"G[0,2](Bilirubin_direct <= 0.000 | Bilirubin_direct <= 0.000)
",9999999.000,9999999.000,0.000,1.000,0.000,0,0,24,0,0,24,24,0,0.0,0.0,1.0,0.0,0.0,1.0,1
"G[2,2](pH >= 0.000 | BaseExcess >= 0.000)
",0.000,0.000,0.000,1.000,0.000,0,0,24,0,0,24,24,0,0.0,0.0,1.0,0.0,0.0,1.0,1
"G[0,1](Platelets <= 167.461 -> Glucose >= 4.569)
",9999999.000,9999999.000,0.000,1.000,0.000,0,0,0,24,24,0,0,24,0.0,0.0,0.0,0.0,0.0,1.0,1
"G[1,2]((HR >= 72.433 | WBC >= 0.057) -> Hct <= 1.126)
",9999999.000,9999999.000,0.000,1.000,0.000,0,0,22,2,2,22,22,2,0.0,0.0,1.0,0.0,0.0,1.0,1
"G[2,2]((Alkalinephos >= 0.987 -> Platelets <= 101.974) & Magnesium >= 5.004)
",-3587896827682073.000,-101.974,0.000,1.000,0.000,0,0,24,0,0,24,24,0,0.0,0.0,1.0,0.0,0.0,1.0,1
"G[0,2]((Platelets >= 2.711 -> Alkalinephos <= 32.705) | Lactate >= 0.903)
",9999999.000,9999999.000,0.000,1.000,0.000,0,0,23,1,1,23,23,1,0.0,0.0,1.0,0.0,0.0,1.0,1
"G[0,2]((Resp >= 4.765 | PTT >= 0.000) -> BaseExcess <= 0.000)
",9999999.000,9999999.000,0.000,1.000,0.000,0,0,24,0,0,24,24,0,0.0,0.0,1.0,0.0,0.0,1.0,1
"G[1,2](Bilirubin_direct >= 0.000 -> PTT <= 0.000)
",9999999.000,9999999.000,0.000,1.000,0.000,0,0,24,0,0,24,24,0,0.0,0.0,1.0,0.0,0.0,1.0,1
"G[0,2](((PTT >= 0.000 & BUN >= 0.230) & PaCO2 <= 0.684) | Calcium >= 0.169)
",9999999.000,9999999.000,0.000,1.000,0.000,0,0,0,24,24,0,0,24,0.0,0.0,0.0,0.0,0.0,1.0,1
"G[1,2](Alkalinephos >= 1.396 & MAP >= 85.128)
",9999999.000,9999999.000,0.000,1.000,0.000,0,0,2,22,22,2,2,22,0.0,0.0,1.0,0.0,0.0,1.0,1
"G[1,2]((Potassium >= 0.012 | EtCO2 >= 0.000) | PaCO2 <= 0.000)
",9999999.000,9999999.000,0.000,1.000,0.000,0,0,24,0,0,24,24,0,0.0,0.0,1.0,0.0,0.0,1.0,1
"G[2,2](((Chloride <= 0.000 & SepsisLabel >= 0.000) -> Alkalinephos >= 0.000) & Phosphate <= 0.000)
",0.000,0.000,0.000,1.000,0.000,0,0,24,0,0,24,24,0,0.0,0.0,1.0,0.0,0.0,1.0,1
"G[1,2](((WBC >= 0.229 & DBP <= 79.492) & Resp <= 76.803) -> Hgb >= 51.156)
",9999999.000,9999999.000,0.000,1.000,0.000,0,0,22,2,2,22,22,2,0.0,0.0,1.0,0.0,0.0,1.0,1
"G[2,2]((WBC >= 0.158 -> Temp >= 5.819) -> PaCO2 >= 5.817)
",-2848263120960230.000,-0.158,0.000,1.000,0.000,0,0,24,0,0,24,24,0,0.0,0.0,1.0,0.0,0.0,1.0,1
"G[0,2]((PaCO2 >= 0.000 | FiO2 <= 0.000) | SaO2 >= 0.000)
",9999999.000,9999999.000,0.000,1.000,0.000,0,0,24,0,0,24,24,0,0.0,0.0,1.0,0.0,0.0,1.0,1
"G[0,2]((DBP >= 49.830 & Glucose >= 1.834) -> Resp <= 27.607)
",9999999.000,9999999.000,0.000,1.000,0.000,0,0,24,0,0,24,24,0,0.0,0.0,1.0,0.0,0.0,1.0,1
"G[0,1](Potassium <= 1.573 -> O2Sat <= 96.006)
",9999999.000,9999999.000,0.000,1.000,0.000,0,0,1,23,23,1,1,23,0.0,0.0,1.0,0.0,0.0,1.0,1
"G[2,2](((pH <= 0.000 & SBP >= 49.909) | Temp <= 154.571) -> Bilirubin_direct >= 66.113)
",-2719248062051982.000,-154.571,0.000,1.000,0.000,0,0,24,0,0,24,24,0,0.0,0.0,1.0,0.0,0.0,1.0,1
"G[0,2](((Glucose >= 1.879 & O2Sat >= 19.136) | Calcium <= 98.027) & Alkalinephos >= 45.554)
",9999999.000,9999999.000,0.000,1.000,0.000,0,0,0,24,24,0,0,24,0.0,0.0,0.0,0.0,0.0,1.0,1
"G[0,2]((AST >= 0.155 -> MAP >= 48.777) | Potassium >= 8.791)
",9999999.000,9999999.000,0.000,1.000,0.000,0,0,24,0,0,24,24,0,0.0,0.0,1.0,0.0,0.0,1.0,1
"F[1,2](SBP <= 156.500 -> BaseExcess <= 0.000)
",-9999999.000,-9999999.000,0.000,0.000,1.000,0,0,0,24,24,0,0,24,0.0,0.0,0.0,0.0,0.0,1.0,-1
"F[0,2](O2Sat >= 59.528 | Bilirubin_direct >= 0.000)
",-9999999.000,-9999999.000,0.000,0.000,1.000,0,0,0,24,24,0,0,24,0.0,0.0,0.0,0.0,0.0,1.0,-1
"F[1,2](((PaCO2 <= 0.000 -> TroponinI >= 0.000) -> Fibrinogen <= 0.000) | Chloride >= 0.000)
",-9999999.000,-9999999.000,0.000,0.000,1.000,0,0,0,24,24,0,0,24,0.0,0.0,0.0,0.0,0.0,1.0,-1
"F[0,2](((EtCO2 >= 0.000 & HCO3 <= 0.000) & HR >= 0.000) -> SBP >= 0.000)
",-9999999.000,-9999999.000,0.000,0.000,1.000,0,0,0,24,24,0,0,24,0.0,0.0,0.0,0.0,0.0,1.0,-1
"F[0,2]((PTT >= 0.000 | AST <= 11.186) & MAP <= 5.308)
",-9999999.000,-9999999.000,0.000,0.000,1.000,0,0,0,24,24,0,0,24,0.0,0.0,0.0,0.0,0.0,1.0,-1
"F[0,1](((DBP <= 64.344 -> WBC <= 2.774) | BUN >= 0.259) & Lactate <= 0.555)
",-9999999.000,-9999999.000,0.000,0.000,1.000,0,0,0,24,24,0,0,24,0.0,0.0,0.0,0.0,0.0,1.0,-1
"F[2,2]((WBC <= 6.063 -> PTT >= 0.000) | Hgb <= 0.000)
",0.000,0.000,0.000,0.000,1.000,0,0,0,24,24,0,0,24,0.0,0.0,0.0,0.0,0.0,1.0,-1
"F[1,1](((MAP <= 106.560 -> Magnesium >= 0.049) -> Phosphate <= 0.664) | Temp >= 0.074)
",-2673558923954946.000,-0.074,0.000,0.000,1.000,0,0,0,24,24,0,0,24,0.0,0.0,0.0,0.0,0.0,1.0,-1
"F[0,2]((Potassium >= 0.085 -> Resp <= 20.730) & SBP >= 0.597)
",-9999999.000,-9999999.000,0.000,0.000,1.000,0,0,0,24,24,0,0,24,0.0,0.0,0.0,0.0,0.0,1.0,-1
"((Calcium <= 9.095) U[0,2] (SaO2 >= 0.000))
",-9999999.000,-9999999.000,0.000,0.000,1.000,0,0,0,24,24,0,0,24,0.0,0.0,0.0,0.0,0.0,1.0,-1
"F[0,1](((Alkalinephos >= 1.317 -> pH <= 0.000) | pH <= 0.000) -> Calcium >= 0.000)
",-9999999.000,-9999999.000,0.000,0.000,1.000,0,0,0,24,24,0,0,24,0.0,0.0,0.0,0.0,0.0,1.0,-1
"F[0,1]((WBC <= 2.526 & PTT <= 0.000) & Bilirubin_total >= 0.000)
",-9999999.000,-9999999.000,0.000,0.000,1.000,0,0,0,24,24,0,0,24,0.0,0.0,0.0,0.0,0.0,1.0,-1
"F[1,2]((Phosphate <= 3.580 -> Bilirubin_direct >= 0.000) -> AST >= 0.000)
",-9999999.000,-9999999.000,0.000,0.000,1.000,0,0,0,24,24,0,0,24,0.0,0.0,0.0,0.0,0.0,1.0,-1
"G[0,2](DBP >= 8.319 & Bilirubin_direct <= 0.000)
",9999999.000,9999999.000,0.000,1.000,0.000,0,0,20,4,4,20,20,4,0.0,0.0,1.0,0.0,0.0,1.0,1
"F[2,2]((Creatinine >= 0.019 & FiO2 >= 0.000) | SaO2 <= 0.000)
",0.000,0.000,0.000,0.000,1.000,0,0,0,24,24,0,0,24,0.0,0.0,0.0,0.0,0.0,1.0,-1
"G[2,2]((MAP <= 105.972 & HR >= 6.604) -> Glucose >= 13.083)
",6.604,6.604,0.000,1.000,0.000,0,0,24,0,0,24,24,0,0.0,0.0,1.0,0.0,0.0,1.0,1
"G[0,2]((DBP >= 34.741 | Platelets >= 3.059) | Potassium >= 1.279)
",9999999.000,9999999.000,0.000,1.000,0.000,0,0,20,4,4,20,20,4,0.0,0.0,1.0,0.0,0.0,1.0,1
"G[1,1](((Glucose <= 54.618 -> WBC <= 2.473) & Alkalinephos <= 3.542) & pH >= 0.114)
",-7686828288938401.000,-54.618,0.000,1.000,0.000,0,0,1,23,23,1,1,23,0.0,0.0,1.0,0.0,0.0,1.0,1
"G[2,2]((Magnesium >= 0.090 | Lactate >= 0.000) & Phosphate >= 0.000)
",0.000,0.000,0.000,1.000,0.000,0,0,24,0,0,24,24,0,0.0,0.0,1.0,0.0,0.0,1.0,1
"G[2,2](PaCO2 >= 0.000 & FiO2 <= 0.000)
",0.000,0.000,0.000,1.000,0.000,0,0,24,0,0,24,24,0,0.0,0.0,1.0,0.0,0.0,1.0,1
"G[0,2](AST <= 1.706 | SaO2 >= 0.000)
",9999999.000,9999999.000,0.000,1.000,0.000,0,0,24,0,0,24,24,0,0.0,0.0,1.0,0.0,0.0,1.0,1
"G[0,2](((BaseExcess <= 0.000 -> Platelets >= 0.455) & Bilirubin_direct >= 5.355) | Resp >= 0.874)
",9999999.000,9999999.000,0.000,1.000,0.000,0,0,18,6,6,18,18,6,0.0,0.0,1.0,0.0,0.0,1.0,1
"G[1,2]((Magnesium >= 0.001 & O2Sat >= 80.851) & FiO2 <= 95.395)
",9999999.000,9999999.000,0.000,1.000,0.000,0,0,3,21,21,3,3,21,0.0,0.0,1.0,0.0,0.0,1.0,1
"G[1,2]((HR <= 85.315 & Creatinine >= 0.005) | DBP >= 0.015)
",9999999.000,9999999.000,0.000,1.000,0.000,0,0,22,2,2,22,22,2,0.0,0.0,1.0,0.0,0.0,1.0,1
"G[1,2](((Bilirubin_direct <= 0.000 -> MAP <= 89.250) | SaO2 <= 105.684) | EtCO2 >= 69.772)
",9999999.000,9999999.000,0.000,1.000,0.000,0,0,24,0,0,24,24,0,0.0,0.0,1.0,0.0,0.0,1.0,1
"G[1,2]((Fibrinogen >= 0.000 & Bilirubin_direct <= 0.000) | Creatinine >= 0.000)
",9999999.000,9999999.000,0.000,1.000,0.000,0,0,24,0,0,24,24,0,0.0,0.0,1.0,0.0,0.0,1.0,1
"G[1,2]((Temp <= 35.209 -> PTT <= 0.000) & Bilirubin_direct >= 0.000)
",9999999.000,9999999.000,0.000,1.000,0.000,0,0,24,0,0,24,24,0,0.0,0.0,1.0,0.0,0.0,1.0,1
"F[1,2](AST <= 9.780 -> Platelets <= 153.913)
",-9999999.000,-9999999.000,0.000,0.000,1.000,0,0,0,24,24,0,0,24,0.0,0.0,0.0,0.0,0.0,1.0,-1
"F[0,2](HCO3 >= 0.000 | Calcium <= 1.364)
",-9999999.000,-9999999.000,0.000,0.000,1.000,0,0,0,24,24,0,0,24,0.0,0.0,0.0,0.0,0.0,1.0,-1
"G[0,1](((Alkalinephos <= 6.497 | SBP >= 86.254) & Resp <= 176.646) -> Chloride >= 118.781)
",9999999.000,9999999.000,0.000,1.000,0.000,0,0,0,24,24,0,0,24,0.0,0.0,0.0,0.0,0.0,1.0,1
"F[1,2]((Hct <= 17.586 | Calcium >= 0.216) & BUN <= 3.282)
",-9999999.000,-9999999.000,0.000,0.000,1.000,0,0,0,24,24,0,0,24,0.0,0.0,0.0,0.0,0.0,1.0,-1
"F[0,2](((Hct >= 1.023 -> PaCO2 >= 0.000) & MAP <= 0.000) | Hgb >= 0.000)
",-9999999.000,-9999999.000,0.000,0.000,1.000,0,0,0,24,24,0,0,24,0.0,0.0,0.0,0.0,0.0,1.0,-1
"F[2,2]((Fibrinogen <= 0.000 -> Temp >= 4.612) & Calcium <= 23.499)
",0.000,0.000,0.000,0.000,1.000,0,0,0,24,24,0,0,24,0.0,0.0,0.0,0.0,0.0,1.0,-1
"F[1,1](AST >= 0.227 | TroponinI <= 0.000)
",0.000,0.000,0.000,0.000,1.000,0,0,0,24,24,0,0,24,0.0,0.0,0.0,0.0,0.0,1.0,-1
"((Fibrinogen >= 0.000) U[0,1] (Chloride <= 0.000))
",-9999999.000,-9999999.000,0.000,0.000,1.000,0,0,0,24,24,0,0,24,0.0,0.0,0.0,0.0,0.0,1.0,-1
"((Lactate >= 0.000) U[0,1] (Hgb <= 10.350))
",-9999999.000,-9999999.000,0.000,0.000,1.000,0,0,0,24,24,0,0,24,0.0,0.0,0.0,0.0,0.0,1.0,-1
"F[1,2](((EtCO2 <= 0.000 -> Magnesium <= 1.423) -> O2Sat >= 0.046) -> BaseExcess <= 0.996)
",-9999999.000,-9999999.000,0.000,0.000,1.000,0,0,0,24,24,0,0,24,0.0,0.0,0.0,0.0,0.0,1.0,-1
"F[1,1](((BUN <= 1.335 & DBP <= 71.719) | Chloride >= 41.661) -> FiO2 <= 63.998)
",-63.998,-63.998,0.000,0.000,1.000,0,0,0,24,24,0,0,24,0.0,0.0,0.0,0.0,0.0,1.0,-1
"F[1,1](((WBC >= 0.236 & SBP <= 174.554) | FiO2 <= 147.902) & PaCO2 <= 153.321)
",147.902,147.902,0.000,0.000,1.000,0,0,0,24,24,0,0,24,0.0,0.0,0.0,0.0,0.0,1.0,-1
"F[0,0](SepsisLabel <= 0.000 & Fibrinogen >= 0.000)
",-0.213,-10.696,0.000,0.000,1.000,0,0,0,24,24,0,0,24,0.0,0.0,0.0,0.0,0.0,1.0,-1
"F[1,2](DBP >= 43.705 & BUN <= 7.341)
",-9999999.000,-9999999.000,0.000,0.000,1.000,0,0,0,24,24,0,0,24,0.0,0.0,0.0,0.0,0.0,1.0,-1
"F[0,1](((EtCO2 >= 0.000 | Bilirubin_total <= 0.148) | O2Sat <= 0.345) | HCO3 >= 0.005)
",-9999999.000,-9999999.000,0.000,0.000,1.000,0,0,0,24,24,0,0,24,0.0,0.0,0.0,0.0,0.0,1.0,-1
"((Resp >= 5.737) U[0,0] (Phosphate <= 3.289))
",4.596,60.546,0.000,0.000,1.000,0,0,0,24,24,0,0,24,0.0,0.0,0.0,0.0,0.0,1.0,-1
"F[0,2](AST <= 6.174 | Potassium >= 0.140)
",-9999999.000,-9999999.000,0.000,0.000,1.000,0,0,0,24,24,0,0,24,0.0,0.0,0.0,0.0,0.0,1.0,-1
"F[0,1]((Hgb <= 3.634 -> SBP >= 79.770) -> DBP <= 164.381)
",-9999999.000,-9999999.000,0.000,0.000,1.000,0,0,0,24,24,0,0,24,0.0,0.0,0.0,0.0,0.0,1.0,-1
"F[2,2](PTT >= 0.000 & HR <= 76.733)
",0.000,0.000,0.000,0.000,1.000,0,0,0,24,24,0,0,24,0.0,0.0,0.0,0.0,0.0,1.0,-1
"F[0,1](((Potassium <= 3.451 -> SepsisLabel <= 0.000) -> Bilirubin_direct >= 0.000) | WBC <= 0.000)
",-9999999.000,-9999999.000,0.000,0.000,1.000,0,0,0,24,24,0,0,24,0.0,0.0,0.0,0.0,0.0,1.0,-1
"F[1,1](((Fibrinogen <= 0.000 | BUN <= 4.472) -> MAP >= 0.159) | DBP <= 9.672)
",2722319251008109.000,9.672,0.000,0.000,1.000,0,0,0,24,24,0,0,24,0.0,0.0,0.0,0.0,0.0,1.0,-1
"F[2,2](Temp >= 9.865 | Magnesium >= 0.034)
",-4829661153331855.000,-0.034,0.000,0.000,1.000,0,0,0,24,24,0,0,24,0.0,0.0,0.0,0.0,0.0,1.0,-1
"F[1,2](SepsisLabel >= 0.000 -> Glucose >= 3.862)
",-9999999.000,-9999999.000,0.000,0.000,1.000,0,0,0,24,24,0,0,24,0.0,0.0,0.0,0.0,0.0,1.0,-1
"F[1,2]((BUN <= 8.982 & EtCO2 >= 0.000) & O2Sat >= 0.000)
",-9999999.000,-9999999.000,0.000,0.000,1.000,0,0,0,24,24,0,0,24,0.0,0.0,0.0,0.0,0.0,1.0,-1
"((Chloride >= 0.000) U[1,1] (Chloride >= 0.000))
",0.000,0.000,0.000,0.000,1.000,0,0,0,24,24,0,0,24,0.0,0.0,0.0,0.0,0.0,1.0,-1
"F[0,1](FiO2 <= 0.000 -> AST <= 4.173)
",-9999999.000,-9999999.000,0.000,0.000,1.000,0,0,0,24,24,0,0,24,0.0,0.0,0.0,0.0,0.0,1.0,-1
"F[1,2](Hgb >= 0.098 -> Resp >= 2.878)
",-9999999.000,-9999999.000,0.000,0.000,1.000,0,0,0,24,24,0,0,24,0.0,0.0,0.0,0.0,0.0,1.0,-1
"F[2,2]((FiO2 <= 0.000 -> Bilirubin_direct <= 0.000) & pH <= 0.000)
",0.000,0.000,0.000,0.000,1.000,0,0,0,24,24,0,0,24,0.0,0.0,0.0,0.0,0.0,1.0,-1
"F[0,0]((WBC >= 0.045 & Calcium >= 0.081) -> TroponinI >= 0.209)
",5804515166874497.000,0.081,0.000,0.000,1.000,0,0,0,24,24,0,0,24,0.0,0.0,0.0,0.0,0.0,1.0,-1
"G[2,2](DBP <= 71.460 & Fibrinogen >= 0.000)
",0.000,0.000,0.000,1.000,0.000,0,0,24,0,0,24,24,0,0.0,0.0,1.0,0.0,0.0,1.0,1
"G[0,2](MAP >= 70.978 | Glucose >= 0.831)
",9999999.000,9999999.000,0.000,1.000,0.000,0,0,20,4,4,20,20,4,0.0,0.0,1.0,0.0,0.0,1.0,1
"G[0,2](Hgb <= 11.541 -> Bilirubin_total <= 0.160)
",9999999.000,9999999.000,0.000,1.000,0.000,0,0,24,0,0,24,24,0,0.0,0.0,1.0,0.0,0.0,1.0,1
"G[2,2](Lactate >= 0.000 & PTT <= 0.000)
",0.000,0.000,0.000,1.000,0.000,0,0,24,0,0,24,24,0,0.0,0.0,1.0,0.0,0.0,1.0,1
"G[0,2]((O2Sat <= 97.218 | Platelets >= 2.565) & Magnesium <= 20.543)
",9999999.000,9999999.000,0.000,1.000,0.000,0,0,8,16,16,8,8,16,0.0,0.0,1.0,0.0,0.0,1.0,1
"G[1,2](Resp <= 20.344 -> WBC >= 0.109)
",9999999.000,9999999.000,0.000,1.000,0.000,0,0,4,20,20,4,4,20,0.0,0.0,1.0,0.0,0.0,1.0,1
"G[0,2]((BUN <= 9.298 & Resp >= 13.884) & SBP >= 4.443)
",9999999.000,9999999.000,0.000,1.000,0.000,0,0,11,13,13,11,11,13,0.0,0.0,1.0,0.0,0.0,1.0,1
"G[1,2](((WBC >= 0.073 & SaO2 <= 0.000) & Phosphate >= 0.000) & Potassium <= 0.000)
",9999999.000,9999999.000,0.000,1.000,0.000,0,0,1,23,23,1,1,23,0.0,0.0,1.0,0.0,0.0,1.0,1
"G[1,2](Potassium >= 0.027 -> BaseExcess >= 0.000)
",9999999.000,9999999.000,0.000,1.000,0.000,0,0,24,0,0,24,24,0,0.0,0.0,1.0,0.0,0.0,1.0,1
"G[1,2](Creatinine <= 0.225 -> Temp <= 31.547)
",9999999.000,9999999.000,0.000,1.000,0.000,0,0,16,8,8,16,16,8,0.0,0.0,1.0,0.0,0.0,1.0,1
"G[0,2]((Fibrinogen >= 0.000 & Alkalinephos >= 0.241) | Phosphate <= 44.987)
",9999999.000,9999999.000,0.000,1.000,0.000,0,0,24,0,0,24,24,0,0.0,0.0,1.0,0.0,0.0,1.0,1
"G[1,2]((Hgb >= 0.112 -> Magnesium >= 0.008) & Glucose <= 1.266)
",9999999.000,9999999.000,0.000,1.000,0.000,0,0,22,2,2,22,22,2,0.0,0.0,1.0,0.0,0.0,1.0,1
"G[2,2](((HR >= 25.434 & Magnesium >= 0.089) | SepsisLabel <= 0.519) -> pH <= 1.067)
",-1.067,-1.067,0.000,1.000,0.000,0,0,24,0,0,24,24,0,0.0,0.0,1.0,0.0,0.0,1.0,1
"G[0,1](((BUN >= 0.249 | HR >= 31.362) & FiO2 <= 85.010) & BUN >= 13.821)
",9999999.000,9999999.000,0.000,1.000,0.000,0,0,0,24,24,0,0,24,0.0,0.0,0.0,0.0,0.0,1.0,1
"G[0,2](Alkalinephos >= 1.919 -> O2Sat >= 82.261)
",9999999.000,9999999.000,0.000,1.000,0.000,0,0,24,0,0,24,24,0,0.0,0.0,1.0,0.0,0.0,1.0,1
"G[1,2]((Magnesium >= 0.003 & SBP <= 175.636) -> AST <= 165.551)
",9999999.000,9999999.000,0.000,1.000,0.000,0,0,24,0,0,24,24,0,0.0,0.0,1.0,0.0,0.0,1.0,1
"G[0,1](Platelets <= 109.498 -> WBC >= 0.092)
",9999999.000,9999999.000,0.000,1.000,0.000,0,0,0,24,24,0,0,24,0.0,0.0,0.0,0.0,0.0,1.0,1
"G[0,2](((O2Sat >= 74.445 & Phosphate <= 2.945) | BUN >= 0.090) | HCO3 >= 0.090)
",9999999.000,9999999.000,0.000,1.000,0.000,0,0,20,4,4,20,20,4,0.0,0.0,1.0,0.0,0.0,1.0,1
"G[0,2]((TroponinI >= 0.000 & PTT >= 0.000) | FiO2 >= 0.000)
",9999999.000,9999999.000,0.000,1.000,0.000,0,0,24,0,0,24,24,0,0.0,0.0,1.0,0.0,0.0,1.0,1
"G[1,1](((Hgb >= 0.294 & Phosphate >= 0.082) & Chloride <= 2.365) & PaCO2 >= 0.133)
",-5289356253300801.000,-0.294,0.000,1.000,0.000,0,0,1,23,23,1,1,23,0.0,0.0,1.0,0.0,0.0,1.0,1
"G[0,2](((O2Sat >= 82.398 & WBC <= 2.416) & SBP <= 7.455) | HCO3 >= 0.097)
",9999999.000,9999999.000,0.000,1.000,0.000,0,0,0,24,24,0,0,24,0.0,0.0,0.0,0.0,0.0,1.0,1
"G[0,2](SBP >= 1.384 -> WBC >= 0.170)
",9999999.000,9999999.000,0.000,1.000,0.000,0,0,1,23,23,1,1,23,0.0,0.0,1.0,0.0,0.0,1.0,1
"G[0,1](((Glucose >= 1.121 -> SBP <= 142.791) -> Creatinine <= 152.194) -> TroponinI >= 92.711)
",9999999.000,9999999.000,0.000,1.000,0.000,0,0,0,24,24,0,0,24,0.0,0.0,0.0,0.0,0.0,1.0,1
"G[1,2]((Calcium <= 6.245 | MAP >= 21.801) & WBC <= 91.526)
",9999999.000,9999999.000,0.000,1.000,0.000,0,0,24,0,0,24,24,0,0.0,0.0,1.0,0.0,0.0,1.0,1
"G[2,2]((MAP >= 16.166 & Potassium <= 3.580) & Magnesium >= 0.132)
",-2275205253521251.000,-16.166,0.000,1.000,0.000,0,0,24,0,0,24,24,0,0.0,0.0,1.0,0.0,0.0,1.0,1
"G[0,2](Hgb <= 3.652 -> MAP >= 11.028)
",9999999.000,9999999.000,0.000,1.000,0.000,0,0,20,4,4,20,20,4,0.0,0.0,1.0,0.0,0.0,1.0,1
"G[0,2](((MAP >= 3.171 | Platelets >= 4.554) & Calcium >= 7.254) -> Potassium <= 155.962)
",9999999.000,9999999.000,0.000,1.000,0.000,0,0,24,0,0,24,24,0,0.0,0.0,1.0,0.0,0.0,1.0,1
"G[1,2](((DBP >= 4.266 | Phosphate <= 0.993) | PaCO2 <= 0.529) & pH >= 0.045)
",9999999.000,9999999.000,0.000,1.000,0.000,0,0,1,23,23,1,1,23,0.0,0.0,1.0,0.0,0.0,1.0,1
"G[0,2]((MAP >= 64.846 | Phosphate <= 0.463) & SaO2 >= 0.155)
",9999999.000,9999999.000,0.000,1.000,0.000,0,0,0,24,24,0,0,24,0.0,0.0,0.0,0.0,0.0,1.0,1
"G[1,2]((Glucose <= 45.906 | MAP >= 81.488) & Platelets >= 48.772)
",9999999.000,9999999.000,0.000,1.000,0.000,0,0,3,21,21,3,3,21,0.0,0.0,1.0,0.0,0.0,1.0,1
"G[1,2](AST <= 10.820 -> SBP >= 87.752)
",9999999.000,9999999.000,0.000,1.000,0.000,0,0,22,2,2,22,22,2,0.0,0.0,1.0,0.0,0.0,1.0,1
"G[1,2](((Creatinine <= 0.268 | Resp >= 9.524) | BaseExcess <= 15.291) -> DBP <= 15.413)
",9999999.000,9999999.000,0.000,1.000,0.000,0,0,3,21,21,3,3,21,0.0,0.0,1.0,0.0,0.0,1.0,1
"G[2,2](((Platelets >= 8.641 | Resp >= 5.715) & TroponinI <= 19.593) -> Calcium >= 8.011)
",3217146748412162.000,5.715,0.000,1.000,0.000,0,0,24,0,0,24,24,0,0.0,0.0,1.0,0.0,0.0,1.0,1
"G[1,2](((Calcium <= 7.017 -> Phosphate >= 0.074) & HCO3 >= 0.088) | FiO2 <= 3.258)
",9999999.000,9999999.000,0.000,1.000,0.000,0,0,24,0,0,24,24,0,0.0,0.0,1.0,0.0,0.0,1.0,1
"G[0,2](Creatinine <= 0.664 -> WBC >= 0.165)
",9999999.000,9999999.000,0.000,1.000,0.000,0,0,0,24,24,0,0,24,0.0,0.0,0.0,0.0,0.0,1.0,1
"G[1,2](((EtCO2 >= 0.000 -> FiO2 <= 0.000) | HR >= 0.000) & PTT <= 0.000)
",9999999.000,9999999.000,0.000,1.000,0.000,0,0,24,0,0,24,24,0,0.0,0.0,1.0,0.0,0.0,1.0,1
"G[0,2]((FiO2 <= 0.000 -> Fibrinogen >= 0.000) -> BUN >= 0.000)
",9999999.000,9999999.000,0.000,1.000,0.000,0,0,24,0,0,24,24,0,0.0,0.0,1.0,0.0,0.0,1.0,1
"G[0,2]((O2Sat >= 61.320 & Temp >= 3.423) -> Bilirubin_direct <= 17.186)
",9999999.000,9999999.000,0.000,1.000,0.000,0,0,24,0,0,24,24,0,0.0,0.0,1.0,0.0,0.0,1.0,1
"G[0,2]((DBP >= 22.239 | Temp <= 36.225) | SaO2 <= 12.795)
",9999999.000,9999999.000,0.000,1.000,0.000,0,0,24,0,0,24,24,0,0.0,0.0,1.0,0.0,0.0,1.0,1
"G[0,2](((MAP <= 90.605 & Temp >= 9.931) | Glucose <= 22.345) -> PaCO2 <= 31.071)
",9999999.000,9999999.000,0.000,1.000,0.000,0,0,24,0,0,24,24,0,0.0,0.0,1.0,0.0,0.0,1.0,1
"G[2,2](Glucose <= 18.078 | Temp <= 33.074)
",2327406341144381.000,33.074,0.000,1.000,0.000,0,0,24,0,0,24,24,0,0.0,0.0,1.0,0.0,0.0,1.0,1
"G[1,1](Hct >= 0.214 & Temp <= 10.278)
",-2570686315961062.500,-0.214,0.000,1.000,0.000,0,0,1,23,23,1,1,23,0.0,0.0,1.0,0.0,0.0,1.0,1
"G[0,2]((HR >= 48.390 | Resp >= 11.215) -> SaO2 <= 16.695)
",9999999.000,9999999.000,0.000,1.000,0.000,0,0,24,0,0,24,24,0,0.0,0.0,1.0,0.0,0.0,1.0,1
"G[0,2](AST >= 0.298 -> BUN <= 1.303)
",9999999.000,9999999.000,0.000,1.000,0.000,0,0,23,1,1,23,23,1,0.0,0.0,1.0,0.0,0.0,1.0,1
"G[0,1](((Alkalinephos >= 1.319 & BUN >= 0.292) | MAP >= 0.151) -> AST >= 0.218)
",9999999.000,9999999.000,0.000,1.000,0.000,0,0,1,23,23,1,1,23,0.0,0.0,1.0,0.0,0.0,1.0,1
"G[1,2](((Resp <= 15.596 -> SBP <= 144.512) -> O2Sat >= 111.436) -> PTT <= 148.083)
",9999999.000,9999999.000,0.000,1.000,0.000,0,0,24,0,0,24,24,0,0.0,0.0,1.0,0.0,0.0,1.0,1
"G[1,2](((Alkalinephos <= 28.672 & Creatinine >= 0.014) -> DBP >= 0.013) & BaseExcess <= 0.146)
",9999999.000,9999999.000,0.000,1.000,0.000,0,0,24,0,0,24,24,0,0.0,0.0,1.0,0.0,0.0,1.0,1
"G[0,2]((DBP <= 65.501 & Resp >= 13.199) -> Phosphate <= 20.849)
",9999999.000,9999999.000,0.000,1.000,0.000,0,0,24,0,0,24,24,0,0.0,0.0,1.0,0.0,0.0,1.0,1
"G[0,2]((AST <= 10.797 | Calcium >= 0.209) | pH <= 7.671)
",9999999.000,9999999.000,0.000,1.000,0.000,0,0,24,0,0,24,24,0,0.0,0.0,1.0,0.0,0.0,1.0,1
"G[1,2](Bilirubin_total <= 0.211 | Calcium <= 7.187)
",9999999.000,9999999.000,0.000,1.000,0.000,0,0,23,1,1,23,23,1,0.0,0.0,1.0,0.0,0.0,1.0,1
"G[2,2](AST >= 0.245 -> Potassium >= 0.131)
",4721462651002961.000,0.131,0.000,1.000,0.000,0,0,24,0,0,24,24,0,0.0,0.0,1.0,0.0,0.0,1.0,1
"G[0,2](Alkalinephos <= 20.173 | Platelets <= 223.474)
",9999999.000,9999999.000,0.000,1.000,0.000,0,0,23,1,1,23,23,1,0.0,0.0,1.0,0.0,0.0,1.0,1
"G[1,2](Bilirubin_total <= 0.055 | Magnesium <= 1.410)
",9999999.000,9999999.000,0.000,1.000,0.000,0,0,23,1,1,23,23,1,0.0,0.0,1.0,0.0,0.0,1.0,1
"G[1,2]((HR >= 44.705 -> O2Sat <= 99.825) & Hgb >= 43.706)
",9999999.000,9999999.000,0.000,1.000,0.000,0,0,1,23,23,1,1,23,0.0,0.0,1.0,0.0,0.0,1.0,1
"G[1,2]((AST <= 6.833 | WBC >= 0.274) -> Fibrinogen >= 0.112)
",9999999.000,9999999.000,0.000,1.000,0.000,0,0,1,23,23,1,1,23,0.0,0.0,1.0,0.0,0.0,1.0,1
"G[1,2](((O2Sat <= 95.808 | SBP >= 71.798) | SBP <= 139.646) -> Bilirubin_direct >= 66.537)
",9999999.000,9999999.000,0.000,1.000,0.000,0,0,1,23,23,1,1,23,0.0,0.0,1.0,0.0,0.0,1.0,1
"G[0,2]((BUN <= 9.011 | WBC <= 1.917) | Phosphate >= 0.038)
",9999999.000,9999999.000,0.000,1.000,0.000,0,0,24,0,0,24,24,0,0.0,0.0,1.0,0.0,0.0,1.0,1
"G[1,2](((BUN >= 0.215 -> Magnesium <= 0.971) | Hct <= 2.394) -> HCO3 <= 0.726)
",9999999.000,9999999.000,0.000,1.000,0.000,0,0,24,0,0,24,24,0,0.0,0.0,1.0,0.0,0.0,1.0,1
"G[1,2](BUN >= 0.142 | Platelets >= 2.818)
",9999999.000,9999999.000,0.000,1.000,0.000,0,0,3,21,21,3,3,21,0.0,0.0,1.0,0.0,0.0,1.0,1
"G[1,2](((BUN >= 0.431 -> Potassium >= 0.125) & Platelets <= 1.630) -> Resp >= 0.022)
",9999999.000,9999999.000,0.000,1.000,0.000,0,0,22,2,2,22,22,2,0.0,0.0,1.0,0.0,0.0,1.0,1
"F[0,2](Bilirubin_direct <= 0.000 & PTT >= 0.000)
",-9999999.000,-9999999.000,0.000,0.000,1.000,0,0,0,24,24,0,0,24,0.0,0.0,0.0,0.0,0.0,1.0,-1
