Rule,Discrimination Score,Pos Robustness,Neg Robustness,Percent Class +,Percent Class -,TP,TN,FP,FN,Actual Yes,Actual No,Predicted Yes,Predicted No,TPR/Sens,TNR/Spec,FPR,Precision,Accuracy,MCR
"G[0,0](Chloride >= 0.000 & HCO3 >= 0.000)
",0.000,0.000,0.000,1.000,0.000,11,0,0,0,11,0,11,0,1.0,0.0,0.0,1.0,1.0476190476190477,-0.04761904761904767
"G[0,0](Platelets <= 0.000 -> WBC >= 0.000)
",0.000,0.000,0.000,1.000,0.000,11,0,0,0,11,0,11,0,1.0,0.0,0.0,1.0,1.0476190476190477,-0.04761904761904767
"G[0,0](HCO3 <= 0.000 -> SepsisLabel = 0.000)
",0.000,0.000,0.000,1.000,0.000,11,0,0,0,11,0,11,0,1.0,0.0,0.0,1.0,1.0476190476190477,-0.04761904761904767
"G[0,0](Creatinine <= 0.000 & SepsisLabel = 0.000)
",0.000,0.000,0.000,1.000,0.000,11,0,0,0,11,0,11,0,1.0,0.0,0.0,1.0,1.0476190476190477,-0.04761904761904767
"G[0,0](Chloride <= 0.000 & Platelets <= 0.000)
",0.000,0.000,0.000,1.000,0.000,11,0,0,0,11,0,11,0,1.0,0.0,0.0,1.0,1.0476190476190477,-0.04761904761904767
"G[0,0](((Platelets <= 0.000 & PaCO2 <= 0.000) & Calcium <= 0.000) | Calcium <= 0.000)
",0.000,0.000,0.000,1.000,0.000,11,0,0,0,11,0,11,0,1.0,0.0,0.0,1.0,1.0476190476190477,-0.04761904761904767
"G[0,0]((SBP <= 113.634 | BaseExcess >= 0.000) | PTT >= 0.000)
",6.144,102.694,0.000,1.000,0.000,11,0,0,0,11,0,11,0,1.0,0.0,0.0,1.0,1.0476190476190477,-0.04761904761904767
"G[0,0]((AST <= 0.000 & SepsisLabel >= 0.000) & HCO3 >= 0.000)
",0.000,0.000,0.000,1.000,0.000,11,0,0,0,11,0,11,0,1.0,0.0,0.0,1.0,1.0476190476190477,-0.04761904761904767
"G[0,0](((Magnesium <= 0.000 | Fibrinogen <= 0.000) -> pH >= 0.000) | Fibrinogen <= 0.000)
",0.000,0.000,0.000,1.000,0.000,11,0,0,0,11,0,11,0,1.0,0.0,0.0,1.0,1.0476190476190477,-0.04761904761904767
"G[0,0]((Hgb >= 0.000 -> Hct >= 0.000) | SaO2 <= 0.000)
",0.000,0.000,0.000,1.000,0.000,11,0,0,0,11,0,11,0,1.0,0.0,0.0,1.0,1.0476190476190477,-0.04761904761904767
"G[0,0](((Bilirubin_direct >= 0.000 & Chloride >= 0.000) -> Bilirubin_direct >= 0.000) -> Creatinine <= 0.000)
",0.000,0.000,0.000,1.000,0.000,11,0,0,0,11,0,11,0,1.0,0.0,0.0,1.0,1.0476190476190477,-0.04761904761904767
"G[0,0](((MAP >= 13.104 | EtCO2 >= 0.000) & Fibrinogen <= 0.000) & Temp >= 0.000)
",0.000,0.000,0.000,1.000,0.000,11,0,0,0,11,0,11,0,1.0,0.0,0.0,1.0,1.0476190476190477,-0.04761904761904767
"G[0,0](((Bilirubin_direct <= 0.000 -> Glucose >= 0.000) | Chloride >= 0.000) | Hgb <= 0.000)
",0.000,0.000,0.000,1.000,0.000,11,0,0,0,11,0,11,0,1.0,0.0,0.0,1.0,1.0476190476190477,-0.04761904761904767
"G[0,0](((Glucose >= 0.000 & Phosphate <= 0.000) -> Resp <= 0.000) -> Hgb <= 0.000)
",0.000,0.000,0.000,1.000,0.000,11,0,0,0,11,0,11,0,1.0,0.0,0.0,1.0,1.0476190476190477,-0.04761904761904767
"G[0,0]((WBC >= 0.000 -> Phosphate <= 0.000) | pH >= 0.000)
",0.000,0.000,0.000,1.000,0.000,11,0,0,0,11,0,11,0,1.0,0.0,0.0,1.0,1.0476190476190477,-0.04761904761904767
"G[0,0](PaCO2 >= 0.000 -> TroponinI >= 0.000)
",0.000,0.000,0.000,1.000,0.000,11,0,0,0,11,0,11,0,1.0,0.0,0.0,1.0,1.0476190476190477,-0.04761904761904767
"G[0,0]((Resp <= 15.959 | PTT <= 0.000) & Potassium >= 0.000)
",0.000,0.000,0.000,1.000,0.000,11,0,0,0,11,0,11,0,1.0,0.0,0.0,1.0,1.0476190476190477,-0.04761904761904767
"G[0,0]((Lactate <= 0.000 -> Creatinine <= 0.000) & FiO2 <= 0.000)
",0.000,0.000,0.000,1.000,0.000,11,0,0,0,11,0,11,0,1.0,0.0,0.0,1.0,1.0476190476190477,-0.04761904761904767
"G[0,0](((PaCO2 <= 0.000 -> Magnesium >= 0.000) & Hgb <= 0.000) -> Hgb <= 0.000)
",0.000,0.000,0.000,1.000,0.000,11,0,0,0,11,0,11,0,1.0,0.0,0.0,1.0,1.0476190476190477,-0.04761904761904767
"G[0,0](((Calcium <= 0.000 | Creatinine >= 0.000) -> Fibrinogen >= 0.000) | pH >= 0.000)
",0.000,0.000,0.000,1.000,0.000,11,0,0,0,11,0,11,0,1.0,0.0,0.0,1.0,1.0476190476190477,-0.04761904761904767
"G[0,0]((BUN >= 0.000 | HCO3 <= 0.000) | HCO3 >= 0.000)
",0.000,0.000,0.000,1.000,0.000,11,0,0,0,11,0,11,0,1.0,0.0,0.0,1.0,1.0476190476190477,-0.04761904761904767
"G[0,0](Platelets <= 0.000 -> WBC >= 0.000)
",0.000,0.000,0.000,1.000,0.000,11,0,0,0,11,0,11,0,1.0,0.0,0.0,1.0,1.0476190476190477,-0.04761904761904767
"G[0,0]((PTT >= 0.000 & FiO2 <= 0.000) | MAP <= 0.000)
",0.000,0.000,0.000,1.000,0.000,11,0,0,0,11,0,11,0,1.0,0.0,0.0,1.0,1.0476190476190477,-0.04761904761904767
"G[0,1]((WBC <= 0.000 -> Resp <= 18.568) -> Bilirubin_direct <= 18.616)
",9999999.000,9999999.000,0.000,1.000,0.000,10,0,1,0,10,1,11,0,1.0,0.0,1.0,0.9090909090909091,0.9523809523809523,0.04761904761904767
"G[1,1](((PaCO2 <= 0.000 | MAP >= 19.947) -> SepsisLabel <= 73.248) | MAP >= 56.767)
",-56.767,-56.767,0.000,1.000,0.000,10,0,1,0,10,1,11,0,1.0,0.0,1.0,0.9090909090909091,0.9523809523809523,0.04761904761904767
"G[1,1](Alkalinephos >= 0.000 -> WBC >= 0.000)
",0.000,0.000,0.000,1.000,0.000,10,0,1,0,10,1,11,0,1.0,0.0,1.0,0.9090909090909091,0.9523809523809523,0.04761904761904767
"G[0,1]((SepsisLabel <= 0.000 | Alkalinephos >= 0.000) -> HCO3 <= 0.000)
",9999999.000,9999999.000,0.000,1.000,0.000,10,0,1,0,10,1,11,0,1.0,0.0,1.0,0.9090909090909091,0.9523809523809523,0.04761904761904767
"G[0,1]((AST >= 0.000 -> Chloride >= 0.000) -> Phosphate >= 0.000)
",9999999.000,9999999.000,0.000,1.000,0.000,10,0,1,0,10,1,11,0,1.0,0.0,1.0,0.9090909090909091,0.9523809523809523,0.04761904761904767
"G[0,1]((Calcium <= 0.000 & Creatinine >= 0.000) | Bilirubin_total <= 0.000)
",9999999.000,9999999.000,0.000,1.000,0.000,10,0,1,0,10,1,11,0,1.0,0.0,1.0,0.9090909090909091,0.9523809523809523,0.04761904761904767
"G[0,1]((DBP >= 18.866 -> BaseExcess <= 0.000) | HCO3 >= 0.000)
",9999999.000,9999999.000,0.000,1.000,0.000,10,0,1,0,10,1,11,0,1.0,0.0,1.0,0.9090909090909091,0.9523809523809523,0.04761904761904767
"G[0,1](Platelets <= 0.000 -> WBC >= 0.000)
",9999999.000,9999999.000,0.000,1.000,0.000,10,0,1,0,10,1,11,0,1.0,0.0,1.0,0.9090909090909091,0.9523809523809523,0.04761904761904767
"G[0,1]((SaO2 >= 0.000 | BUN >= 0.000) | TroponinI <= 0.000)
",9999999.000,9999999.000,0.000,1.000,0.000,10,0,1,0,10,1,11,0,1.0,0.0,1.0,0.9090909090909091,0.9523809523809523,0.04761904761904767
"G[0,1]((pH <= 0.000 -> Bilirubin_total >= 0.000) | Platelets <= 0.000)
",9999999.000,9999999.000,0.000,1.000,0.000,10,0,1,0,10,1,11,0,1.0,0.0,1.0,0.9090909090909091,0.9523809523809523,0.04761904761904767
"G[0,1](Phosphate >= 0.000 | BaseExcess <= 0.000)
",9999999.000,9999999.000,0.000,1.000,0.000,10,0,1,0,10,1,11,0,1.0,0.0,1.0,0.9090909090909091,0.9523809523809523,0.04761904761904767
"G[1,1](((HCO3 <= 0.000 -> DBP <= 64.055) -> HR >= 45.825) & Hct <= 61.587)
",45.825,45.825,0.000,1.000,0.000,10,0,1,0,10,1,11,0,1.0,0.0,1.0,0.9090909090909091,0.9523809523809523,0.04761904761904767
"G[0,1](BUN <= 0.000 & Creatinine >= 0.000)
",9999999.000,9999999.000,0.000,1.000,0.000,10,0,1,0,10,1,11,0,1.0,0.0,1.0,0.9090909090909091,0.9523809523809523,0.04761904761904767
"G[0,1](((Glucose <= 0.000 & pH >= 0.000) -> AST <= 0.000) | O2Sat <= 0.000)
",9999999.000,9999999.000,0.000,1.000,0.000,10,0,1,0,10,1,11,0,1.0,0.0,1.0,0.9090909090909091,0.9523809523809523,0.04761904761904767
"G[0,1]((Creatinine <= 0.000 | Calcium <= 0.000) -> BUN >= 0.000)
",9999999.000,9999999.000,0.000,1.000,0.000,10,0,1,0,10,1,11,0,1.0,0.0,1.0,0.9090909090909091,0.9523809523809523,0.04761904761904767
"G[1,1](FiO2 <= 0.000 | Calcium >= 0.000)
",0.000,0.000,0.000,1.000,0.000,10,0,1,0,10,1,11,0,1.0,0.0,1.0,0.9090909090909091,0.9523809523809523,0.04761904761904767
"G[0,1](((Hgb <= 0.000 | Hct <= 0.000) -> WBC >= 0.000) & Platelets >= 0.000)
",9999999.000,9999999.000,0.000,1.000,0.000,10,0,1,0,10,1,11,0,1.0,0.0,1.0,0.9090909090909091,0.9523809523809523,0.04761904761904767
"G[0,1](Magnesium >= 0.000 | Bilirubin_total >= 0.000)
",9999999.000,9999999.000,0.000,1.000,0.000,10,0,1,0,10,1,11,0,1.0,0.0,1.0,0.9090909090909091,0.9523809523809523,0.04761904761904767
"G[0,1](Platelets <= 0.000 -> WBC >= 0.000)
",9999999.000,9999999.000,0.000,1.000,0.000,10,0,1,0,10,1,11,0,1.0,0.0,1.0,0.9090909090909091,0.9523809523809523,0.04761904761904767
"G[0,1](FiO2 >= 0.000 -> BUN <= 0.000)
",9999999.000,9999999.000,0.000,1.000,0.000,10,0,1,0,10,1,11,0,1.0,0.0,1.0,0.9090909090909091,0.9523809523809523,0.04761904761904767
"G[1,1](Potassium >= 0.000 -> SepsisLabel >= 0.000)
",0.000,0.000,0.000,1.000,0.000,10,0,1,0,10,1,11,0,1.0,0.0,1.0,0.9090909090909091,0.9523809523809523,0.04761904761904767
"G[1,1](((Resp >= 3.650 -> Potassium >= 0.000) & HCO3 >= 0.000) & PaCO2 <= 0.000)
",0.000,0.000,0.000,1.000,0.000,10,0,1,0,10,1,11,0,1.0,0.0,1.0,0.9090909090909091,0.9523809523809523,0.04761904761904767
"G[1,1](Bilirubin_total <= 0.000 & Phosphate >= 0.000)
",0.000,0.000,0.000,1.000,0.000,10,0,1,0,10,1,11,0,1.0,0.0,1.0,0.9090909090909091,0.9523809523809523,0.04761904761904767
"G[1,1]((Fibrinogen >= 0.000 & Phosphate <= 0.000) -> Chloride <= 0.000)
",0.000,0.000,0.000,1.000,0.000,10,0,1,0,10,1,11,0,1.0,0.0,1.0,0.9090909090909091,0.9523809523809523,0.04761904761904767
"G[0,1](((FiO2 >= 0.000 -> Platelets >= 0.000) -> Calcium >= 0.000) & pH >= 0.000)
",9999999.000,9999999.000,0.000,1.000,0.000,10,0,1,0,10,1,11,0,1.0,0.0,1.0,0.9090909090909091,0.9523809523809523,0.04761904761904767
"G[0,1](pH >= 0.000 -> Fibrinogen >= 0.000)
",9999999.000,9999999.000,0.000,1.000,0.000,10,0,1,0,10,1,11,0,1.0,0.0,1.0,0.9090909090909091,0.9523809523809523,0.04761904761904767
"G[1,1]((Bilirubin_direct <= 0.000 & Fibrinogen >= 0.000) | FiO2 <= 0.000)
",0.000,0.000,0.000,1.000,0.000,10,0,1,0,10,1,11,0,1.0,0.0,1.0,0.9090909090909091,0.9523809523809523,0.04761904761904767
"G[1,1](((TroponinI <= 0.000 | Temp <= 18.853) -> Bilirubin_direct <= 16.572) & WBC <= 29.116)
",-5306671783935470.000,-18.853,0.000,1.000,0.000,10,0,1,0,10,1,11,0,1.0,0.0,1.0,0.9090909090909091,0.9523809523809523,0.04761904761904767
"G[0,0](O2Sat >= 67.791 -> Resp <= 22.883)
",-3.651,-36.827,0.000,1.000,0.000,10,0,0,1,11,0,10,1,0.9090909090909091,0.0,0.0,1.0,0.9523809523809523,0.04761904761904767
"G[0,1](HR >= 10.324 -> Calcium >= 0.000)
",9999999.000,9999999.000,0.000,1.000,0.000,10,0,1,0,10,1,11,0,1.0,0.0,1.0,0.9090909090909091,0.9523809523809523,0.04761904761904767
"G[1,1](((AST >= 0.000 & Hgb >= 0.000) | PaCO2 >= 0.000) | MAP <= 0.000)
",0.000,0.000,0.000,1.000,0.000,10,0,1,0,10,1,11,0,1.0,0.0,1.0,0.9090909090909091,0.9523809523809523,0.04761904761904767
"G[0,1](((Hgb <= 0.000 | Hct <= 0.000) -> WBC >= 0.000) & Platelets >= 0.000)
",9999999.000,9999999.000,0.000,1.000,0.000,10,0,1,0,10,1,11,0,1.0,0.0,1.0,0.9090909090909091,0.9523809523809523,0.04761904761904767
"G[0,1](Platelets <= 0.000 -> WBC >= 0.000)
",9999999.000,9999999.000,0.000,1.000,0.000,10,0,1,0,10,1,11,0,1.0,0.0,1.0,0.9090909090909091,0.9523809523809523,0.04761904761904767
"G[0,1]((HR >= 36.514 | Glucose >= 0.000) & O2Sat >= 0.000)
",9999999.000,9999999.000,0.000,1.000,0.000,10,0,1,0,10,1,11,0,1.0,0.0,1.0,0.9090909090909091,0.9523809523809523,0.04761904761904767
"G[0,1](((Hct <= 0.000 & TroponinI >= 0.000) | Chloride <= 0.000) | WBC <= 0.000)
",9999999.000,9999999.000,0.000,1.000,0.000,10,0,1,0,10,1,11,0,1.0,0.0,1.0,0.9090909090909091,0.9523809523809523,0.04761904761904767
"G[1,1]((Bilirubin_total >= 0.000 | TroponinI >= 0.000) | TroponinI <= 0.000)
",0.000,0.000,0.000,1.000,0.000,10,0,1,0,10,1,11,0,1.0,0.0,1.0,0.9090909090909091,0.9523809523809523,0.04761904761904767
"G[0,1](((Creatinine >= 0.000 | FiO2 >= 0.000) | Magnesium <= 0.000) | WBC >= 0.000)
",9999999.000,9999999.000,0.000,1.000,0.000,10,0,1,0,10,1,11,0,1.0,0.0,1.0,0.9090909090909091,0.9523809523809523,0.04761904761904767
"G[0,1](Glucose <= 0.000 | AST <= 0.000)
",9999999.000,9999999.000,0.000,1.000,0.000,10,0,1,0,10,1,11,0,1.0,0.0,1.0,0.9090909090909091,0.9523809523809523,0.04761904761904767
"G[0,1](Platelets <= 0.000 -> WBC >= 0.000)
",9999999.000,9999999.000,0.000,1.000,0.000,10,0,1,0,10,1,11,0,1.0,0.0,1.0,0.9090909090909091,0.9523809523809523,0.04761904761904767
"G[1,1](((SBP >= 4.837 -> SepsisLabel <= 0.000) | Phosphate >= 0.000) -> PaCO2 <= 0.000)
",0.000,0.000,0.000,1.000,0.000,10,0,1,0,10,1,11,0,1.0,0.0,1.0,0.9090909090909091,0.9523809523809523,0.04761904761904767
"G[0,1]((Bilirubin_total >= 0.000 -> PaCO2 >= 0.000) & EtCO2 <= 0.000)
",9999999.000,9999999.000,0.000,1.000,0.000,10,0,1,0,10,1,11,0,1.0,0.0,1.0,0.9090909090909091,0.9523809523809523,0.04761904761904767
"G[0,1]((SepsisLabel <= 0.000 -> Bilirubin_direct <= 0.000) | Chloride <= 0.000)
",9999999.000,9999999.000,0.000,1.000,0.000,10,0,1,0,10,1,11,0,1.0,0.0,1.0,0.9090909090909091,0.9523809523809523,0.04761904761904767
"G[0,1](((pH <= 0.000 & Calcium <= 0.000) -> PaCO2 <= 0.000) | Lactate <= 0.000)
",9999999.000,9999999.000,0.000,1.000,0.000,10,0,1,0,10,1,11,0,1.0,0.0,1.0,0.9090909090909091,0.9523809523809523,0.04761904761904767
"G[1,1](((Hgb <= 0.000 | Hct <= 0.000) -> WBC >= 0.000) & Platelets >= 0.000)
",0.000,0.000,0.000,1.000,0.000,10,0,1,0,10,1,11,0,1.0,0.0,1.0,0.9090909090909091,0.9523809523809523,0.04761904761904767
"G[0,1](((O2Sat >= 52.848 -> pH <= 0.000) | Alkalinephos >= 0.000) | BUN >= 0.000)
",9999999.000,9999999.000,0.000,1.000,0.000,10,0,1,0,10,1,11,0,1.0,0.0,1.0,0.9090909090909091,0.9523809523809523,0.04761904761904767
"G[0,1]((EtCO2 >= 0.000 & SaO2 >= 0.000) | Bilirubin_total >= 0.000)
",9999999.000,9999999.000,0.000,1.000,0.000,10,0,1,0,10,1,11,0,1.0,0.0,1.0,0.9090909090909091,0.9523809523809523,0.04761904761904767
"G[0,1]((Chloride <= 0.000 | SaO2 <= 0.000) -> Temp >= 0.000)
",9999999.000,9999999.000,0.000,1.000,0.000,10,0,1,0,10,1,11,0,1.0,0.0,1.0,0.9090909090909091,0.9523809523809523,0.04761904761904767
"G[1,1](Chloride >= 0.000 & HCO3 >= 0.000)
",0.000,0.000,0.000,1.000,0.000,10,0,1,0,10,1,11,0,1.0,0.0,1.0,0.9090909090909091,0.9523809523809523,0.04761904761904767
"G[0,1](Hct <= 0.000 & SepsisLabel = 0.000)
",9999999.000,9999999.000,0.000,1.000,0.000,10,0,1,0,10,1,11,0,1.0,0.0,1.0,0.9090909090909091,0.9523809523809523,0.04761904761904767
"G[0,1](((Glucose >= 0.000 | AST >= 0.000) & Lactate <= 0.000) | PTT <= 0.000)
",9999999.000,9999999.000,0.000,1.000,0.000,10,0,1,0,10,1,11,0,1.0,0.0,1.0,0.9090909090909091,0.9523809523809523,0.04761904761904767
"G[1,1](((Hgb <= 0.000 | Hct <= 0.000) -> WBC >= 0.000) & Platelets >= 0.000)
",0.000,0.000,0.000,1.000,0.000,10,0,1,0,10,1,11,0,1.0,0.0,1.0,0.9090909090909091,0.9523809523809523,0.04761904761904767
"G[1,1](HCO3 <= 0.000 & SepsisLabel = 0.000)
",0.000,0.000,0.000,1.000,0.000,10,0,1,0,10,1,11,0,1.0,0.0,1.0,0.9090909090909091,0.9523809523809523,0.04761904761904767
"G[0,0](HR >= 85.840 & Hct >= 0.000)
",0.000,0.000,0.000,1.000,0.000,10,0,0,1,11,0,10,1,0.9090909090909091,0.0,0.0,1.0,0.9523809523809523,0.04761904761904767
"G[0,1](Platelets <= 0.000 -> WBC >= 0.000)
",9999999.000,9999999.000,0.000,1.000,0.000,10,0,1,0,10,1,11,0,1.0,0.0,1.0,0.9090909090909091,0.9523809523809523,0.04761904761904767
"G[0,1](Chloride >= 0.000 & HCO3 >= 0.000)
",9999999.000,9999999.000,0.000,1.000,0.000,10,0,1,0,10,1,11,0,1.0,0.0,1.0,0.9090909090909091,0.9523809523809523,0.04761904761904767
"G[0,1](((DBP >= 53.526 -> Chloride <= 0.000) | Platelets >= 0.000) & SepsisLabel <= 0.000)
",9999999.000,9999999.000,0.000,1.000,0.000,10,0,1,0,10,1,11,0,1.0,0.0,1.0,0.9090909090909091,0.9523809523809523,0.04761904761904767
"G[1,1](O2Sat <= 96.725 -> SBP >= 89.049)
",-6806402779670851.000,-96.725,0.000,1.000,0.000,10,0,1,0,10,1,11,0,1.0,0.0,1.0,0.9090909090909091,0.9523809523809523,0.04761904761904767
"G[1,1](((MAP <= 91.880 & Temp >= 9.474) -> Glucose <= 36.827) -> Chloride <= 28.968)
",-28.968,-28.968,0.000,1.000,0.000,10,0,1,0,10,1,11,0,1.0,0.0,1.0,0.9090909090909091,0.9523809523809523,0.04761904761904767
"G[1,1]((SaO2 >= 0.000 & MAP >= 3.624) -> SepsisLabel <= 70.599)
",-70.599,-70.599,0.000,1.000,0.000,10,0,1,0,10,1,11,0,1.0,0.0,1.0,0.9090909090909091,0.9523809523809523,0.04761904761904767
"G[1,1](((Hgb <= 0.000 | Hct <= 0.000) -> WBC >= 0.000) & Platelets >= 0.000)
",0.000,0.000,0.000,1.000,0.000,10,0,1,0,10,1,11,0,1.0,0.0,1.0,0.9090909090909091,0.9523809523809523,0.04761904761904767
"G[0,1](((Lactate <= 0.000 & Chloride <= 0.000) -> Fibrinogen >= 0.000) | Magnesium >= 0.000)
",9999999.000,9999999.000,0.000,1.000,0.000,10,0,1,0,10,1,11,0,1.0,0.0,1.0,0.9090909090909091,0.9523809523809523,0.04761904761904767
"G[0,1](BUN <= 0.000 & Creatinine >= 0.000)
",9999999.000,9999999.000,0.000,1.000,0.000,10,0,1,0,10,1,11,0,1.0,0.0,1.0,0.9090909090909091,0.9523809523809523,0.04761904761904767
"G[0,1](BUN <= 0.000 & HCO3 <= 0.000)
",9999999.000,9999999.000,0.000,1.000,0.000,10,0,1,0,10,1,11,0,1.0,0.0,1.0,0.9090909090909091,0.9523809523809523,0.04761904761904767
"G[0,1](Phosphate <= 0.000 & TroponinI <= 0.000)
",9999999.000,9999999.000,0.000,1.000,0.000,10,0,1,0,10,1,11,0,1.0,0.0,1.0,0.9090909090909091,0.9523809523809523,0.04761904761904767
"G[0,1](BUN <= 0.000 & Creatinine >= 0.000)
",9999999.000,9999999.000,0.000,1.000,0.000,10,0,1,0,10,1,11,0,1.0,0.0,1.0,0.9090909090909091,0.9523809523809523,0.04761904761904767
"G[0,1]((Alkalinephos <= 0.000 -> SepsisLabel >= 0.000) & Platelets >= 0.000)
",9999999.000,9999999.000,0.000,1.000,0.000,10,0,1,0,10,1,11,0,1.0,0.0,1.0,0.9090909090909091,0.9523809523809523,0.04761904761904767
"G[0,1](pH >= 0.000 & SepsisLabel = 0.000)
",9999999.000,9999999.000,0.000,1.000,0.000,10,0,1,0,10,1,11,0,1.0,0.0,1.0,0.9090909090909091,0.9523809523809523,0.04761904761904767
"G[0,1]((WBC <= 0.000 -> Bilirubin_direct >= 0.000) -> Fibrinogen <= 0.000)
",9999999.000,9999999.000,0.000,1.000,0.000,10,0,1,0,10,1,11,0,1.0,0.0,1.0,0.9090909090909091,0.9523809523809523,0.04761904761904767
"G[1,1](Resp <= 25.284 | PaCO2 <= 0.000)
",25.284,25.284,0.000,1.000,0.000,10,0,1,0,10,1,11,0,1.0,0.0,1.0,0.9090909090909091,0.9523809523809523,0.04761904761904767
"G[0,1](SaO2 <= 0.000 & SepsisLabel = 0.000)
",9999999.000,9999999.000,0.000,1.000,0.000,10,0,1,0,10,1,11,0,1.0,0.0,1.0,0.9090909090909091,0.9523809523809523,0.04761904761904767
"G[0,1](SaO2 <= 0.000 | Glucose <= 0.000)
",9999999.000,9999999.000,0.000,1.000,0.000,10,0,1,0,10,1,11,0,1.0,0.0,1.0,0.9090909090909091,0.9523809523809523,0.04761904761904767
"G[1,1](((MAP >= 56.563 -> EtCO2 <= 0.000) | PTT >= 0.000) & WBC >= 0.000)
",0.000,0.000,0.000,1.000,0.000,10,0,1,0,10,1,11,0,1.0,0.0,1.0,0.9090909090909091,0.9523809523809523,0.04761904761904767
"G[0,1](Chloride >= 0.000 & HCO3 >= 0.000)
",9999999.000,9999999.000,0.000,1.000,0.000,10,0,1,0,10,1,11,0,1.0,0.0,1.0,0.9090909090909091,0.9523809523809523,0.04761904761904767
"G[1,1](PTT >= 0.000 -> BUN <= 0.000)
",0.000,0.000,0.000,1.000,0.000,10,0,1,0,10,1,11,0,1.0,0.0,1.0,0.9090909090909091,0.9523809523809523,0.04761904761904767
"G[0,1](Fibrinogen <= 0.000 -> O2Sat >= 45.139)
",9999999.000,9999999.000,0.000,1.000,0.000,9,0,1,1,10,1,10,1,0.9,0.0,1.0,0.9,0.8571428571428571,0.1428571428571429
"G[0,1](((O2Sat <= 95.094 -> Resp >= 13.763) & Bilirubin_direct <= 18.296) | Bilirubin_total >= 12.610)
",9999999.000,9999999.000,0.000,1.000,0.000,8,0,1,2,10,1,9,2,0.8,0.0,1.0,0.8888888888888888,0.7619047619047619,0.23809523809523814
"G[1,1]((SepsisLabel <= 0.000 -> Resp <= 19.500) -> Resp >= 11.179)
",6293395814036002.000,11.179,0.000,1.000,0.000,8,0,1,2,10,1,9,2,0.8,0.0,1.0,0.8888888888888888,0.7619047619047619,0.23809523809523814
"G[0,1]((Calcium <= 0.000 -> HR <= 117.055) & Chloride <= 114.668)
",9999999.000,9999999.000,0.000,1.000,0.000,7,0,1,3,10,1,8,3,0.7,0.0,1.0,0.875,0.6666666666666666,0.33333333333333337
"G[0,1](MAP <= 91.017 & SBP <= 112.733)
",9999999.000,9999999.000,0.000,1.000,0.000,3,0,1,7,10,1,4,7,0.3,0.0,1.0,0.75,0.2857142857142857,0.7142857142857143
"G[0,1](((O2Sat <= 97.179 & Bilirubin_total >= 0.000) | O2Sat <= 0.000) & Magnesium <= 0.000)
",9999999.000,9999999.000,0.000,1.000,0.000,2,0,1,8,10,1,3,8,0.2,0.0,1.0,0.6666666666666666,0.19047619047619047,0.8095238095238095
"G[0,0](((MAP <= 89.148 | Phosphate <= 0.000) & SBP >= 0.000) & MAP <= 0.000)
",-2.696,-107.200,0.000,1.000,0.000,1,0,0,10,11,0,1,10,0.09090909090909091,0.0,0.0,1.0,0.09523809523809523,0.9047619047619048
"G[0,0](((DBP <= 63.530 | HR <= 113.753) -> BaseExcess >= 62.812) & Bilirubin_direct <= 120.013)
",0.225,6.170,0.000,1.000,0.000,1,0,0,10,11,0,1,10,0.09090909090909091,0.0,0.0,1.0,0.09523809523809523,0.9047619047619048
"G[0,2](((MAP >= 34.528 | SaO2 <= 0.000) -> BaseExcess <= 0.000) -> Calcium >= 0.000)
",9999999.000,9999999.000,0.000,1.000,0.000,0,0,11,0,0,11,11,0,0.0,0.0,1.0,0.0,0.0,1.0
"G[0,2]((BaseExcess <= 0.000 -> Bilirubin_direct >= 0.000) & PTT <= 0.000)
",9999999.000,9999999.000,0.000,1.000,0.000,0,0,11,0,0,11,11,0,0.0,0.0,1.0,0.0,0.0,1.0
"G[1,2]((Temp >= 5.257 | HR >= 55.509) & Platelets <= 110.528)
",9999999.000,9999999.000,0.000,1.000,0.000,0,0,11,0,0,11,11,0,0.0,0.0,1.0,0.0,0.0,1.0
"G[1,2](((Calcium >= 0.000 -> DBP <= 58.636) -> Platelets >= 55.340) & Phosphate <= 59.726)
",9999999.000,9999999.000,0.000,1.000,0.000,0,0,7,4,4,7,7,4,0.0,0.0,1.0,0.0,0.0,1.0
"G[0,2]((SaO2 <= 0.000 -> Platelets >= 0.000) & Chloride >= 0.000)
",9999999.000,9999999.000,0.000,1.000,0.000,0,0,11,0,0,11,11,0,0.0,0.0,1.0,0.0,0.0,1.0
"G[0,1]((EtCO2 >= 0.000 | HR <= 117.449) & Bilirubin_total >= 36.229)
",9999999.000,9999999.000,0.000,1.000,0.000,0,0,0,11,11,0,0,11,0.0,0.0,0.0,0.0,0.0,1.0
"G[0,2](((Glucose <= 0.000 -> TroponinI >= 0.000) -> DBP >= 0.000) -> HR <= 0.000)
",9999999.000,9999999.000,0.000,1.000,0.000,0,0,0,11,11,0,0,11,0.0,0.0,0.0,0.0,0.0,1.0
"G[2,2](Alkalinephos <= 0.000 & Magnesium >= 0.000)
",0.000,0.000,0.000,1.000,0.000,0,0,11,0,0,11,11,0,0.0,0.0,1.0,0.0,0.0,1.0
"G[2,2](O2Sat <= 93.461 -> TroponinI >= 0.000)
",-93.461,-93.461,0.000,1.000,0.000,0,0,11,0,0,11,11,0,0.0,0.0,1.0,0.0,0.0,1.0
"G[1,2](((DBP >= 42.279 & PaCO2 >= 0.000) | O2Sat <= 0.000) -> Potassium <= 0.000)
",9999999.000,9999999.000,0.000,1.000,0.000,0,0,11,0,0,11,11,0,0.0,0.0,1.0,0.0,0.0,1.0
"G[1,2](((Glucose >= 0.000 -> Fibrinogen >= 0.000) -> DBP <= 0.000) & AST >= 0.000)
",9999999.000,9999999.000,0.000,1.000,0.000,0,0,2,9,9,2,2,9,0.0,0.0,1.0,0.0,0.0,1.0
"G[0,2](((PaCO2 >= 0.000 | Phosphate <= 0.000) -> EtCO2 <= 0.000) | HR >= 0.000)
",9999999.000,9999999.000,0.000,1.000,0.000,0,0,11,0,0,11,11,0,0.0,0.0,1.0,0.0,0.0,1.0
"G[0,0](((PaCO2 <= 0.000 | Temp <= 32.420) -> EtCO2 >= 6.228) & Lactate <= 35.132)
",-1.322,-11.633,0.000,1.000,0.000,0,0,0,11,11,0,0,11,0.0,0.0,0.0,0.0,0.0,1.0
"G[1,2]((Potassium <= 0.000 -> BUN <= 0.000) | Chloride >= 0.000)
",9999999.000,9999999.000,0.000,1.000,0.000,0,0,11,0,0,11,11,0,0.0,0.0,1.0,0.0,0.0,1.0
"G[0,2]((Temp <= 20.232 & PTT >= 0.000) -> Alkalinephos <= 0.000)
",9999999.000,9999999.000,0.000,1.000,0.000,0,0,11,0,0,11,11,0,0.0,0.0,1.0,0.0,0.0,1.0
"G[1,2]((SaO2 >= 0.000 -> AST <= 0.000) & Magnesium >= 0.000)
",9999999.000,9999999.000,0.000,1.000,0.000,0,0,11,0,0,11,11,0,0.0,0.0,1.0,0.0,0.0,1.0
"G[1,2](Hct >= 0.000 | Bilirubin_total >= 0.000)
",9999999.000,9999999.000,0.000,1.000,0.000,0,0,11,0,0,11,11,0,0.0,0.0,1.0,0.0,0.0,1.0
"G[1,2](Fibrinogen <= 0.000 -> AST >= 0.000)
",9999999.000,9999999.000,0.000,1.000,0.000,0,0,11,0,0,11,11,0,0.0,0.0,1.0,0.0,0.0,1.0
"G[0,2](((Resp >= 15.230 | Glucose >= 0.000) | pH <= 0.000) | Fibrinogen >= 0.000)
",9999999.000,9999999.000,0.000,1.000,0.000,0,0,11,0,0,11,11,0,0.0,0.0,1.0,0.0,0.0,1.0
"G[0,2]((Bilirubin_direct <= 0.000 -> SBP <= 115.495) | SBP <= 135.747)
",9999999.000,9999999.000,0.000,1.000,0.000,0,0,8,3,3,8,8,3,0.0,0.0,1.0,0.0,0.0,1.0
"G[1,2](((Calcium <= 0.000 -> TroponinI >= 0.000) & O2Sat >= 0.000) -> MAP <= 0.000)
",9999999.000,9999999.000,0.000,1.000,0.000,0,0,2,9,9,2,2,9,0.0,0.0,1.0,0.0,0.0,1.0
"G[2,2]((Alkalinephos <= 0.000 & O2Sat >= 54.643) -> PaCO2 <= 93.511)
",-6580263061005022.000,-93.511,0.000,1.000,0.000,0,0,11,0,0,11,11,0,0.0,0.0,1.0,0.0,0.0,1.0
"G[0,2](((HCO3 <= 0.000 & HCO3 >= 0.000) -> Temp <= 0.000) | Platelets <= 0.000)
",9999999.000,9999999.000,0.000,1.000,0.000,0,0,11,0,0,11,11,0,0.0,0.0,1.0,0.0,0.0,1.0
"G[0,2](HCO3 <= 0.000 -> Bilirubin_total >= 0.000)
",9999999.000,9999999.000,0.000,1.000,0.000,0,0,11,0,0,11,11,0,0.0,0.0,1.0,0.0,0.0,1.0
"G[1,2](Chloride >= 0.000 & HCO3 >= 0.000)
",9999999.000,9999999.000,0.000,1.000,0.000,0,0,11,0,0,11,11,0,0.0,0.0,1.0,0.0,0.0,1.0
"G[2,2]((Bilirubin_total >= 0.000 & SBP >= 24.738) -> Resp <= 114.086)
",-114.086,-114.086,0.000,1.000,0.000,0,0,11,0,0,11,11,0,0.0,0.0,1.0,0.0,0.0,1.0
"G[1,2](((Hgb <= 0.000 | Hct <= 0.000) -> WBC >= 0.000) & Platelets >= 0.000)
",9999999.000,9999999.000,0.000,1.000,0.000,0,0,11,0,0,11,11,0,0.0,0.0,1.0,0.0,0.0,1.0
"G[0,2](((Resp >= 6.567 -> Chloride >= 0.000) -> BaseExcess <= 0.000) | FiO2 <= 0.000)
",9999999.000,9999999.000,0.000,1.000,0.000,0,0,11,0,0,11,11,0,0.0,0.0,1.0,0.0,0.0,1.0
"G[0,2](AST <= 0.000 -> Phosphate <= 0.000)
",9999999.000,9999999.000,0.000,1.000,0.000,0,0,11,0,0,11,11,0,0.0,0.0,1.0,0.0,0.0,1.0
"G[0,2](BUN <= 0.000 & Creatinine >= 0.000)
",9999999.000,9999999.000,0.000,1.000,0.000,0,0,11,0,0,11,11,0,0.0,0.0,1.0,0.0,0.0,1.0
"G[0,2](((Hgb <= 0.000 | Hct <= 0.000) -> WBC >= 0.000) & Platelets >= 0.000)
",9999999.000,9999999.000,0.000,1.000,0.000,0,0,11,0,0,11,11,0,0.0,0.0,1.0,0.0,0.0,1.0
"G[0,2]((Calcium >= 0.000 & Bilirubin_direct >= 0.000) & BaseExcess <= 0.000)
",9999999.000,9999999.000,0.000,1.000,0.000,0,0,11,0,0,11,11,0,0.0,0.0,1.0,0.0,0.0,1.0
"G[1,2]((HCO3 <= 0.000 & Temp <= 17.840) | WBC <= 14.805)
",9999999.000,9999999.000,0.000,1.000,0.000,0,0,11,0,0,11,11,0,0.0,0.0,1.0,0.0,0.0,1.0
"G[1,2](Chloride >= 0.000 & HCO3 >= 0.000)
",9999999.000,9999999.000,0.000,1.000,0.000,0,0,11,0,0,11,11,0,0.0,0.0,1.0,0.0,0.0,1.0
"G[1,2]((AST >= 0.000 -> Platelets <= 0.000) | SBP >= 0.000)
",9999999.000,9999999.000,0.000,1.000,0.000,0,0,11,0,0,11,11,0,0.0,0.0,1.0,0.0,0.0,1.0
"G[0,2](((SBP >= 93.571 & DBP >= 17.230) -> Creatinine <= 69.161) & Lactate >= 35.718)
",9999999.000,9999999.000,0.000,1.000,0.000,0,0,0,11,11,0,0,11,0.0,0.0,0.0,0.0,0.0,1.0
"G[2,2](((Phosphate >= 0.000 & Hct >= 0.000) | O2Sat <= 0.000) & HR >= 0.000)
",0.000,0.000,0.000,1.000,0.000,0,0,11,0,0,11,11,0,0.0,0.0,1.0,0.0,0.0,1.0
"G[0,2]((Magnesium <= 0.000 | Hct >= 0.000) | Fibrinogen <= 0.000)
",9999999.000,9999999.000,0.000,1.000,0.000,0,0,11,0,0,11,11,0,0.0,0.0,1.0,0.0,0.0,1.0
"G[0,2](((Creatinine <= 0.000 -> Creatinine >= 0.000) -> Fibrinogen >= 0.000) -> Potassium <= 0.000)
",9999999.000,9999999.000,0.000,1.000,0.000,0,0,11,0,0,11,11,0,0.0,0.0,1.0,0.0,0.0,1.0
"G[1,2]((TroponinI >= 0.000 | DBP >= 8.109) | Chloride >= 38.867)
",9999999.000,9999999.000,0.000,1.000,0.000,0,0,11,0,0,11,11,0,0.0,0.0,1.0,0.0,0.0,1.0
"G[1,2]((SaO2 >= 0.000 -> FiO2 >= 0.000) -> Potassium <= 0.000)
",9999999.000,9999999.000,0.000,1.000,0.000,0,0,11,0,0,11,11,0,0.0,0.0,1.0,0.0,0.0,1.0
"G[0,1](((AST <= 0.000 & Resp >= 7.346) | Temp >= 12.613) & SepsisLabel >= 7.685)
",9999999.000,9999999.000,0.000,1.000,0.000,0,0,0,11,11,0,0,11,0.0,0.0,0.0,0.0,0.0,1.0
"G[0,2]((Calcium >= 0.000 | Phosphate <= 0.000) & Alkalinephos >= 0.000)
",9999999.000,9999999.000,0.000,1.000,0.000,0,0,11,0,0,11,11,0,0.0,0.0,1.0,0.0,0.0,1.0
"G[0,2](((O2Sat >= 92.578 -> Phosphate <= 0.000) -> Temp >= 0.000) -> EtCO2 >= 0.000)
",9999999.000,9999999.000,0.000,1.000,0.000,0,0,11,0,0,11,11,0,0.0,0.0,1.0,0.0,0.0,1.0
"G[0,2]((Calcium <= 0.000 & DBP <= 58.903) | Fibrinogen >= 33.619)
",9999999.000,9999999.000,0.000,1.000,0.000,0,0,3,8,8,3,3,8,0.0,0.0,1.0,0.0,0.0,1.0
"G[0,2]((BaseExcess >= 0.000 | EtCO2 <= 0.000) -> Hct >= 0.000)
",9999999.000,9999999.000,0.000,1.000,0.000,0,0,11,0,0,11,11,0,0.0,0.0,1.0,0.0,0.0,1.0
"G[0,2](Platelets >= 0.000 -> SepsisLabel <= 0.000)
",9999999.000,9999999.000,0.000,1.000,0.000,0,0,11,0,0,11,11,0,0.0,0.0,1.0,0.0,0.0,1.0
"G[1,2](Platelets >= 0.000 -> HR >= 15.987)
",9999999.000,9999999.000,0.000,1.000,0.000,0,0,11,0,0,11,11,0,0.0,0.0,1.0,0.0,0.0,1.0
"G[0,2]((Magnesium <= 0.000 & Calcium <= 0.000) | pH <= 0.000)
",9999999.000,9999999.000,0.000,1.000,0.000,0,0,11,0,0,11,11,0,0.0,0.0,1.0,0.0,0.0,1.0
"G[2,2](((PTT >= 0.000 & FiO2 <= 0.000) & Creatinine <= 0.000) -> Hct >= 0.000)
",0.000,0.000,0.000,1.000,0.000,0,0,11,0,0,11,11,0,0.0,0.0,1.0,0.0,0.0,1.0
"G[1,2](((O2Sat <= 95.149 & AST >= 0.000) -> BaseExcess <= 0.000) -> Phosphate <= 0.000)
",9999999.000,9999999.000,0.000,1.000,0.000,0,0,11,0,0,11,11,0,0.0,0.0,1.0,0.0,0.0,1.0
"G[0,2](Chloride >= 0.000 & HCO3 >= 0.000)
",9999999.000,9999999.000,0.000,1.000,0.000,0,0,11,0,0,11,11,0,0.0,0.0,1.0,0.0,0.0,1.0
"G[0,2]((Hct >= 0.000 | FiO2 >= 0.000) | Phosphate >= 0.000)
",9999999.000,9999999.000,0.000,1.000,0.000,0,0,11,0,0,11,11,0,0.0,0.0,1.0,0.0,0.0,1.0
"G[1,2](((Chloride >= 0.000 & Calcium >= 0.000) -> BaseExcess >= 0.000) | BUN <= 0.000)
",9999999.000,9999999.000,0.000,1.000,0.000,0,0,11,0,0,11,11,0,0.0,0.0,1.0,0.0,0.0,1.0
"G[1,2]((HCO3 <= 0.000 & PTT <= 0.000) & Potassium <= 0.000)
",9999999.000,9999999.000,0.000,1.000,0.000,0,0,11,0,0,11,11,0,0.0,0.0,1.0,0.0,0.0,1.0
"G[0,2](((Potassium >= 0.000 & pH >= 0.000) & pH >= 0.000) & TroponinI >= 0.000)
",9999999.000,9999999.000,0.000,1.000,0.000,0,0,11,0,0,11,11,0,0.0,0.0,1.0,0.0,0.0,1.0
"G[2,2]((Fibrinogen <= 0.000 & AST >= 0.000) | Calcium >= 0.000)
",0.000,0.000,0.000,1.000,0.000,0,0,11,0,0,11,11,0,0.0,0.0,1.0,0.0,0.0,1.0
"G[1,1]((HCO3 <= 0.000 -> MAP <= 82.643) & Potassium >= 41.070)
",-82.643,-82.643,0.000,1.000,0.000,0,0,1,10,10,1,1,10,0.0,0.0,1.0,0.0,0.0,1.0
"G[0,2]((Potassium >= 0.000 | Bilirubin_direct <= 0.000) | WBC <= 0.000)
",9999999.000,9999999.000,0.000,1.000,0.000,0,0,11,0,0,11,11,0,0.0,0.0,1.0,0.0,0.0,1.0
"G[2,2](((BaseExcess <= 0.000 & BaseExcess <= 0.000) -> pH <= 0.000) -> Hct >= 0.000)
",0.000,0.000,0.000,1.000,0.000,0,0,11,0,0,11,11,0,0.0,0.0,1.0,0.0,0.0,1.0
"G[1,2](((FiO2 <= 0.000 & Bilirubin_total <= 0.000) | Temp >= 0.000) | Magnesium <= 0.000)
",9999999.000,9999999.000,0.000,1.000,0.000,0,0,11,0,0,11,11,0,0.0,0.0,1.0,0.0,0.0,1.0
"G[1,2](PTT >= 0.000 -> MAP <= 81.879)
",9999999.000,9999999.000,0.000,1.000,0.000,0,0,7,4,4,7,7,4,0.0,0.0,1.0,0.0,0.0,1.0
"G[1,2](((Lactate >= 0.000 -> TroponinI <= 0.000) | Magnesium >= 0.000) | Fibrinogen >= 0.000)
",9999999.000,9999999.000,0.000,1.000,0.000,0,0,11,0,0,11,11,0,0.0,0.0,1.0,0.0,0.0,1.0
"G[0,2](((Creatinine >= 0.000 -> EtCO2 >= 0.000) & Chloride <= 0.000) | SBP <= 0.000)
",9999999.000,9999999.000,0.000,1.000,0.000,0,0,11,0,0,11,11,0,0.0,0.0,1.0,0.0,0.0,1.0
"G[1,2](((DBP <= 82.847 -> HR <= 106.535) | BUN <= 106.595) -> Glucose >= 52.252)
",9999999.000,9999999.000,0.000,1.000,0.000,0,0,1,10,10,1,1,10,0.0,0.0,1.0,0.0,0.0,1.0
"G[2,2](BUN <= 0.000 & Creatinine >= 0.000)
",0.000,0.000,0.000,1.000,0.000,0,0,11,0,0,11,11,0,0.0,0.0,1.0,0.0,0.0,1.0
"G[1,2]((WBC <= 0.000 | Platelets <= 0.000) & Bilirubin_total >= 0.000)
",9999999.000,9999999.000,0.000,1.000,0.000,0,0,11,0,0,11,11,0,0.0,0.0,1.0,0.0,0.0,1.0
"G[0,2]((Hct <= 0.000 & Calcium >= 0.000) -> Platelets <= 0.000)
",9999999.000,9999999.000,0.000,1.000,0.000,0,0,11,0,0,11,11,0,0.0,0.0,1.0,0.0,0.0,1.0
"G[2,2](((FiO2 <= 0.000 & Calcium <= 0.000) -> Magnesium >= 0.000) -> Bilirubin_total <= 0.000)
",0.000,0.000,0.000,1.000,0.000,0,0,11,0,0,11,11,0,0.0,0.0,1.0,0.0,0.0,1.0
"G[1,2](Chloride >= 0.000 & Hgb >= 0.000)
",9999999.000,9999999.000,0.000,1.000,0.000,0,0,11,0,0,11,11,0,0.0,0.0,1.0,0.0,0.0,1.0
"G[1,2](((WBC <= 0.000 | Temp <= 28.180) & SBP >= 13.895) -> O2Sat <= 34.042)
",9999999.000,9999999.000,0.000,1.000,0.000,0,0,2,9,9,2,2,9,0.0,0.0,1.0,0.0,0.0,1.0
"G[0,2](DBP <= 84.335 & SepsisLabel >= 0.000)
",9999999.000,9999999.000,0.000,1.000,0.000,0,0,10,1,1,10,10,1,0.0,0.0,1.0,0.0,0.0,1.0
"G[2,2](((HR <= 115.010 & Bilirubin_direct <= 0.000) | PaCO2 >= 0.000) & Hct >= 0.000)
",0.000,0.000,0.000,1.000,0.000,0,0,11,0,0,11,11,0,0.0,0.0,1.0,0.0,0.0,1.0
"G[0,2]((Bilirubin_direct >= 0.000 & Magnesium >= 0.000) & O2Sat >= 0.000)
",9999999.000,9999999.000,0.000,1.000,0.000,0,0,11,0,0,11,11,0,0.0,0.0,1.0,0.0,0.0,1.0
"G[0,2](SBP >= 62.139 -> Lactate >= 0.000)
",9999999.000,9999999.000,0.000,1.000,0.000,0,0,11,0,0,11,11,0,0.0,0.0,1.0,0.0,0.0,1.0
"G[1,2](((Bilirubin_direct <= 0.000 -> BaseExcess <= 0.000) | Temp >= 0.000) -> Hct <= 0.000)
",9999999.000,9999999.000,0.000,1.000,0.000,0,0,11,0,0,11,11,0,0.0,0.0,1.0,0.0,0.0,1.0
"G[1,2]((PaCO2 >= 0.000 -> O2Sat <= 97.555) & Alkalinephos >= 75.864)
",9999999.000,9999999.000,0.000,1.000,0.000,0,0,1,10,10,1,1,10,0.0,0.0,1.0,0.0,0.0,1.0
"G[0,1](O2Sat <= 92.784 & AST <= 0.000)
",9999999.000,9999999.000,0.000,1.000,0.000,0,0,1,10,10,1,1,10,0.0,0.0,1.0,0.0,0.0,1.0
"G[2,2](((pH >= 0.000 -> Lactate <= 0.000) -> DBP <= 0.000) | Bilirubin_total >= 0.000)
",0.000,0.000,0.000,1.000,0.000,0,0,11,0,0,11,11,0,0.0,0.0,1.0,0.0,0.0,1.0
"G[0,2]((Fibrinogen >= 0.000 -> HR >= 67.783) | Calcium <= 112.714)
",9999999.000,9999999.000,0.000,1.000,0.000,0,0,11,0,0,11,11,0,0.0,0.0,1.0,0.0,0.0,1.0
"G[1,2]((BUN <= 0.000 -> TroponinI >= 0.000) | DBP >= 0.000)
",9999999.000,9999999.000,0.000,1.000,0.000,0,0,11,0,0,11,11,0,0.0,0.0,1.0,0.0,0.0,1.0
"G[1,2]((WBC >= 0.000 & Temp <= 14.225) | Creatinine <= 20.674)
",9999999.000,9999999.000,0.000,1.000,0.000,0,0,11,0,0,11,11,0,0.0,0.0,1.0,0.0,0.0,1.0
"G[1,2](((Fibrinogen >= 0.000 | Glucose >= 0.000) & Hgb <= 0.000) -> Phosphate >= 0.000)
",9999999.000,9999999.000,0.000,1.000,0.000,0,0,11,0,0,11,11,0,0.0,0.0,1.0,0.0,0.0,1.0
"G[0,2]((TroponinI <= 0.000 | BaseExcess >= 0.000) & Hct >= 0.000)
",9999999.000,9999999.000,0.000,1.000,0.000,0,0,11,0,0,11,11,0,0.0,0.0,1.0,0.0,0.0,1.0
"G[0,2]((WBC <= 0.000 & PTT >= 0.000) & EtCO2 >= 0.000)
",9999999.000,9999999.000,0.000,1.000,0.000,0,0,11,0,0,11,11,0,0.0,0.0,1.0,0.0,0.0,1.0
"G[2,2]((SaO2 >= 0.000 -> HCO3 >= 0.000) & AST <= 0.000)
",0.000,0.000,0.000,1.000,0.000,0,0,11,0,0,11,11,0,0.0,0.0,1.0,0.0,0.0,1.0
"G[1,2]((Calcium <= 0.000 | BUN <= 0.000) -> Fibrinogen >= 0.000)
",9999999.000,9999999.000,0.000,1.000,0.000,0,0,11,0,0,11,11,0,0.0,0.0,1.0,0.0,0.0,1.0
"G[1,2](FiO2 >= 0.000 -> Hgb >= 0.000)
",9999999.000,9999999.000,0.000,1.000,0.000,0,0,11,0,0,11,11,0,0.0,0.0,1.0,0.0,0.0,1.0
"G[0,2](((Resp <= 25.983 -> Phosphate <= 0.000) -> Hgb >= 0.000) -> Resp >= 0.000)
",9999999.000,9999999.000,0.000,1.000,0.000,0,0,11,0,0,11,11,0,0.0,0.0,1.0,0.0,0.0,1.0
"G[0,2]((Lactate <= 0.000 | SBP <= 134.237) -> FiO2 >= 77.160)
",9999999.000,9999999.000,0.000,1.000,0.000,0,0,0,11,11,0,0,11,0.0,0.0,0.0,0.0,0.0,1.0
"G[1,2](Lactate >= 0.000 | AST >= 0.000)
",9999999.000,9999999.000,0.000,1.000,0.000,0,0,11,0,0,11,11,0,0.0,0.0,1.0,0.0,0.0,1.0
"G[2,2](EtCO2 >= 0.000 | HR <= 108.898)
",108.898,108.898,0.000,1.000,0.000,0,0,11,0,0,11,11,0,0.0,0.0,1.0,0.0,0.0,1.0
"G[0,2](BUN <= 0.000 & Creatinine >= 0.000)
",9999999.000,9999999.000,0.000,1.000,0.000,0,0,11,0,0,11,11,0,0.0,0.0,1.0,0.0,0.0,1.0
"G[0,2](Platelets <= 0.000 -> WBC >= 0.000)
",9999999.000,9999999.000,0.000,1.000,0.000,0,0,11,0,0,11,11,0,0.0,0.0,1.0,0.0,0.0,1.0
"G[1,2](((Hgb <= 0.000 | Hct <= 0.000) -> WBC >= 0.000) & Platelets >= 0.000)
",9999999.000,9999999.000,0.000,1.000,0.000,0,0,11,0,0,11,11,0,0.0,0.0,1.0,0.0,0.0,1.0
"G[2,2](BUN <= 0.000 & Creatinine >= 0.000)
",0.000,0.000,0.000,1.000,0.000,0,0,11,0,0,11,11,0,0.0,0.0,1.0,0.0,0.0,1.0
"G[1,2](BUN <= 0.000 & Creatinine >= 0.000)
",9999999.000,9999999.000,0.000,1.000,0.000,0,0,11,0,0,11,11,0,0.0,0.0,1.0,0.0,0.0,1.0
"G[1,2](Platelets <= 0.000 -> WBC >= 0.000)
",9999999.000,9999999.000,0.000,1.000,0.000,0,0,11,0,0,11,11,0,0.0,0.0,1.0,0.0,0.0,1.0
"G[0,2](((Hgb <= 0.000 | Hct <= 0.000) -> WBC >= 0.000) & Platelets >= 0.000)
",9999999.000,9999999.000,0.000,1.000,0.000,0,0,11,0,0,11,11,0,0.0,0.0,1.0,0.0,0.0,1.0
"G[1,2](BUN <= 0.000 & Creatinine >= 0.000)
",9999999.000,9999999.000,0.000,1.000,0.000,0,0,11,0,0,11,11,0,0.0,0.0,1.0,0.0,0.0,1.0
"G[1,2](Platelets <= 0.000 -> WBC >= 0.000)
",9999999.000,9999999.000,0.000,1.000,0.000,0,0,11,0,0,11,11,0,0.0,0.0,1.0,0.0,0.0,1.0
"G[1,2](((Hgb <= 0.000 | Hct <= 0.000) -> WBC >= 0.000) & Platelets >= 0.000)
",9999999.000,9999999.000,0.000,1.000,0.000,0,0,11,0,0,11,11,0,0.0,0.0,1.0,0.0,0.0,1.0
"G[0,2](Chloride >= 0.000 & HCO3 >= 0.000)
",9999999.000,9999999.000,0.000,1.000,0.000,0,0,11,0,0,11,11,0,0.0,0.0,1.0,0.0,0.0,1.0
"G[1,2]((SBP <= 131.367 & Temp >= 13.960) -> WBC >= 13.029)
",9999999.000,9999999.000,0.000,1.000,0.000,0,0,8,3,3,8,8,3,0.0,0.0,1.0,0.0,0.0,1.0
"G[0,2](Platelets <= 0.000 -> SepsisLabel = 0.000)
",9999999.000,9999999.000,0.000,1.000,0.000,0,0,11,0,0,11,11,0,0.0,0.0,1.0,0.0,0.0,1.0
"G[1,1](Potassium < 0.000 & SepsisLabel = 0.000)
",0.000,0.000,0.000,1.000,0.000,0,0,1,10,10,1,1,10,0.0,0.0,1.0,0.0,0.0,1.0
"G[0,2](Fibrinogen < 0.000 & SepsisLabel = 0.000)
",9999999.000,9999999.000,0.000,1.000,0.000,0,0,0,11,11,0,0,11,0.0,0.0,0.0,0.0,0.0,1.0
"G[0,1](FiO2 < 0.000 & SepsisLabel = 0.000)
",9999999.000,9999999.000,0.000,1.000,0.000,0,0,0,11,11,0,0,11,0.0,0.0,0.0,0.0,0.0,1.0
"G[0,2](Platelets < 0.000 & SepsisLabel = 0.000)
",9999999.000,9999999.000,0.000,1.000,0.000,0,0,0,11,11,0,0,11,0.0,0.0,0.0,0.0,0.0,1.0
"G[0,2](DBP < 59.342 -> SepsisLabel = 0.000)
",9999999.000,9999999.000,0.000,1.000,0.000,0,0,11,0,0,11,11,0,0.0,0.0,1.0,0.0,0.0,1.0
"G[0,2](SaO2 < 0.000 & SepsisLabel = 0.000)
",9999999.000,9999999.000,0.000,1.000,0.000,0,0,0,11,11,0,0,11,0.0,0.0,0.0,0.0,0.0,1.0
"G[0,1](((DBP <= 77.868 & MAP >= 59.582) -> EtCO2 >= 15.440) | BUN >= 33.816)
",9999999.000,9999999.000,0.000,1.000,0.000,0,0,0,11,11,0,0,11,0.0,0.0,0.0,0.0,0.0,1.0
"G[2,2](((MAP <= 80.302 & SBP <= 131.122) & HCO3 >= 7.786) & Alkalinephos <= 124.215)
",-8766187166950378.000,-7.786,0.000,1.000,0.000,0,0,11,0,0,11,11,0,0.0,0.0,1.0,0.0,0.0,1.0
"G[0,2](((Calcium <= 0.000 -> Fibrinogen >= 0.000) & Alkalinephos <= 0.000) | Resp >= 0.000)
",9999999.000,9999999.000,0.000,1.000,0.000,0,0,11,0,0,11,11,0,0.0,0.0,1.0,0.0,0.0,1.0
"G[1,2](Bilirubin_total >= 0.000 | TroponinI >= 0.000)
",9999999.000,9999999.000,0.000,1.000,0.000,0,0,11,0,0,11,11,0,0.0,0.0,1.0,0.0,0.0,1.0
"G[2,2](((O2Sat >= 76.360 | Hct <= 0.000) | FiO2 >= 0.000) | HCO3 <= 0.000)
",0.000,0.000,0.000,1.000,0.000,0,0,11,0,0,11,11,0,0.0,0.0,1.0,0.0,0.0,1.0
"G[0,2](((Bilirubin_direct >= 0.000 & FiO2 >= 0.000) & Bilirubin_direct <= 0.000) -> DBP <= 0.000)
",9999999.000,9999999.000,0.000,1.000,0.000,0,0,0,11,11,0,0,11,0.0,0.0,0.0,0.0,0.0,1.0
"G[1,2](Chloride >= 0.000 & HCO3 >= 0.000)
",9999999.000,9999999.000,0.000,1.000,0.000,0,0,11,0,0,11,11,0,0.0,0.0,1.0,0.0,0.0,1.0
"G[1,2]((Glucose <= 0.000 | Bilirubin_total >= 0.000) & Creatinine <= 0.000)
",9999999.000,9999999.000,0.000,1.000,0.000,0,0,11,0,0,11,11,0,0.0,0.0,1.0,0.0,0.0,1.0
"G[0,1](((Creatinine <= 0.000 -> Creatinine >= 0.000) -> BUN >= 0.000) & O2Sat <= 0.000)
",9999999.000,9999999.000,0.000,1.000,0.000,0,0,0,11,11,0,0,11,0.0,0.0,0.0,0.0,0.0,1.0
"G[1,2](pH <= 0.000 | BUN >= 0.000)
",9999999.000,9999999.000,0.000,1.000,0.000,0,0,11,0,0,11,11,0,0.0,0.0,1.0,0.0,0.0,1.0
"G[2,2]((SBP <= 123.122 & Alkalinephos <= 0.000) & Bilirubin_direct >= 0.000)
",0.000,0.000,0.000,1.000,0.000,0,0,11,0,0,11,11,0,0.0,0.0,1.0,0.0,0.0,1.0
"G[1,2](Chloride >= 0.000 & HCO3 >= 0.000)
",9999999.000,9999999.000,0.000,1.000,0.000,0,0,11,0,0,11,11,0,0.0,0.0,1.0,0.0,0.0,1.0
"G[0,2]((O2Sat <= 99.969 & Lactate >= 0.000) | BUN >= 0.000)
",9999999.000,9999999.000,0.000,1.000,0.000,0,0,11,0,0,11,11,0,0.0,0.0,1.0,0.0,0.0,1.0
"G[2,2](((Bilirubin_direct >= 0.000 & Chloride >= 0.000) -> Magnesium >= 0.000) -> Potassium >= 0.000)
",0.000,0.000,0.000,1.000,0.000,0,0,11,0,0,11,11,0,0.0,0.0,1.0,0.0,0.0,1.0
"G[0,2](((Temp >= 0.796 -> DBP >= 24.005) -> Temp <= 66.877) & Resp <= 60.979)
",9999999.000,9999999.000,0.000,1.000,0.000,0,0,11,0,0,11,11,0,0.0,0.0,1.0,0.0,0.0,1.0
"G[1,2](((Hct <= 0.000 | PTT <= 0.000) -> PaCO2 <= 0.000) | Potassium <= 0.000)
",9999999.000,9999999.000,0.000,1.000,0.000,0,0,11,0,0,11,11,0,0.0,0.0,1.0,0.0,0.0,1.0
"G[2,2](BUN <= 0.000 & Creatinine >= 0.000)
",0.000,0.000,0.000,1.000,0.000,0,0,11,0,0,11,11,0,0.0,0.0,1.0,0.0,0.0,1.0
"G[0,2](((O2Sat >= 31.935 | Temp >= 7.879) -> Hgb <= 19.422) -> PTT <= 32.543)
",9999999.000,9999999.000,0.000,1.000,0.000,0,0,11,0,0,11,11,0,0.0,0.0,1.0,0.0,0.0,1.0
"G[1,2](EtCO2 <= 0.000 & Glucose >= 0.000)
",9999999.000,9999999.000,0.000,1.000,0.000,0,0,11,0,0,11,11,0,0.0,0.0,1.0,0.0,0.0,1.0
"G[0,2](((TroponinI <= 0.000 | Phosphate >= 0.000) & Hgb >= 0.000) & PaCO2 >= 0.000)
",9999999.000,9999999.000,0.000,1.000,0.000,0,0,11,0,0,11,11,0,0.0,0.0,1.0,0.0,0.0,1.0
"G[1,2](SaO2 >= 0.000 -> Bilirubin_total <= 0.000)
",9999999.000,9999999.000,0.000,1.000,0.000,0,0,11,0,0,11,11,0,0.0,0.0,1.0,0.0,0.0,1.0
"G[1,2](((HR >= 47.688 | SBP <= 114.448) & Temp >= 104.973) -> Alkalinephos >= 41.462)
",9999999.000,9999999.000,0.000,1.000,0.000,0,0,11,0,0,11,11,0,0.0,0.0,1.0,0.0,0.0,1.0
"G[1,2]((SBP >= 82.903 & Platelets >= 0.000) | Resp >= 0.000)
",9999999.000,9999999.000,0.000,1.000,0.000,0,0,11,0,0,11,11,0,0.0,0.0,1.0,0.0,0.0,1.0
"G[0,2](Phosphate >= 0.000 & FiO2 >= 0.000)
",9999999.000,9999999.000,0.000,1.000,0.000,0,0,11,0,0,11,11,0,0.0,0.0,1.0,0.0,0.0,1.0
"G[1,2](((Magnesium <= 0.000 -> Glucose <= 0.000) | SepsisLabel >= 0.000) | Fibrinogen <= 0.000)
",9999999.000,9999999.000,0.000,1.000,0.000,0,0,11,0,0,11,11,0,0.0,0.0,1.0,0.0,0.0,1.0
"G[0,2](((Temp >= 8.587 & Glucose <= 0.000) | Platelets >= 0.000) -> SepsisLabel >= 0.000)
",9999999.000,9999999.000,0.000,1.000,0.000,0,0,11,0,0,11,11,0,0.0,0.0,1.0,0.0,0.0,1.0
"G[0,2](pH >= 0.000 | WBC >= 0.000)
",9999999.000,9999999.000,0.000,1.000,0.000,0,0,11,0,0,11,11,0,0.0,0.0,1.0,0.0,0.0,1.0
"G[1,2]((Phosphate >= 0.000 | AST <= 0.000) | Hgb <= 0.000)
",9999999.000,9999999.000,0.000,1.000,0.000,0,0,11,0,0,11,11,0,0.0,0.0,1.0,0.0,0.0,1.0
"G[1,2](Chloride >= 0.000 & PaCO2 <= 0.000)
",9999999.000,9999999.000,0.000,1.000,0.000,0,0,11,0,0,11,11,0,0.0,0.0,1.0,0.0,0.0,1.0
"G[1,2](MAP >= 22.231 -> SepsisLabel >= 0.000)
",9999999.000,9999999.000,0.000,1.000,0.000,0,0,11,0,0,11,11,0,0.0,0.0,1.0,0.0,0.0,1.0
"G[0,2](((Hct >= 0.000 -> MAP >= 56.125) & Alkalinephos <= 74.560) | Calcium <= 86.859)
",9999999.000,9999999.000,0.000,1.000,0.000,0,0,11,0,0,11,11,0,0.0,0.0,1.0,0.0,0.0,1.0
"G[1,2](((PaCO2 <= 0.000 -> Hgb <= 0.000) -> pH >= 0.000) | Bilirubin_total >= 0.000)
",9999999.000,9999999.000,0.000,1.000,0.000,0,0,11,0,0,11,11,0,0.0,0.0,1.0,0.0,0.0,1.0
"G[0,2]((Bilirubin_total >= 0.000 | PaCO2 <= 0.000) | SepsisLabel >= 0.000)
",9999999.000,9999999.000,0.000,1.000,0.000,0,0,11,0,0,11,11,0,0.0,0.0,1.0,0.0,0.0,1.0
"G[1,2](((SepsisLabel <= 0.000 | Calcium >= 0.000) & HR >= 0.000) -> BUN <= 0.000)
",9999999.000,9999999.000,0.000,1.000,0.000,0,0,11,0,0,11,11,0,0.0,0.0,1.0,0.0,0.0,1.0
"G[0,2](SBP <= 135.198 | Hgb <= 0.000)
",9999999.000,9999999.000,0.000,1.000,0.000,0,0,11,0,0,11,11,0,0.0,0.0,1.0,0.0,0.0,1.0
"G[0,2](((Alkalinephos >= 0.000 -> Hgb >= 0.000) -> PTT <= 0.000) -> Magnesium <= 0.000)
",9999999.000,9999999.000,0.000,1.000,0.000,0,0,11,0,0,11,11,0,0.0,0.0,1.0,0.0,0.0,1.0
"G[0,2](((Phosphate <= 0.000 | PaCO2 <= 0.000) -> Calcium <= 0.000) -> pH >= 0.000)
",9999999.000,9999999.000,0.000,1.000,0.000,0,0,11,0,0,11,11,0,0.0,0.0,1.0,0.0,0.0,1.0
"G[0,2](((EtCO2 <= 0.000 -> WBC >= 0.000) | SaO2 <= 0.000) & Resp <= 0.000)
",9999999.000,9999999.000,0.000,1.000,0.000,0,0,0,11,11,0,0,11,0.0,0.0,0.0,0.0,0.0,1.0
"G[0,2](BUN <= 0.000 | Creatinine <= 0.000)
",9999999.000,9999999.000,0.000,1.000,0.000,0,0,11,0,0,11,11,0,0.0,0.0,1.0,0.0,0.0,1.0
"G[1,2](((DBP >= 16.271 | Bilirubin_direct <= 0.000) -> SBP >= 0.000) -> EtCO2 >= 0.000)
",9999999.000,9999999.000,0.000,1.000,0.000,0,0,11,0,0,11,11,0,0.0,0.0,1.0,0.0,0.0,1.0
"G[0,1]((Alkalinephos <= 0.000 | HR <= 107.335) -> TroponinI >= 19.497)
",9999999.000,9999999.000,0.000,1.000,0.000,0,0,0,11,11,0,0,11,0.0,0.0,0.0,0.0,0.0,1.0
"G[1,2](((Chloride <= 0.000 -> O2Sat <= 94.853) -> FiO2 >= 59.833) & Temp >= 61.480)
",9999999.000,9999999.000,0.000,1.000,0.000,0,0,1,10,10,1,1,10,0.0,0.0,1.0,0.0,0.0,1.0
"G[1,2]((Bilirubin_direct <= 0.000 | DBP <= 64.453) & Calcium <= 78.073)
",9999999.000,9999999.000,0.000,1.000,0.000,0,0,11,0,0,11,11,0,0.0,0.0,1.0,0.0,0.0,1.0
"G[0,2]((MAP >= 22.261 & SaO2 >= 0.000) | Magnesium <= 0.000)
",9999999.000,9999999.000,0.000,1.000,0.000,0,0,11,0,0,11,11,0,0.0,0.0,1.0,0.0,0.0,1.0
"G[1,2](((TroponinI <= 0.000 -> Alkalinephos >= 0.000) & TroponinI >= 0.000) -> HR <= 0.000)
",9999999.000,9999999.000,0.000,1.000,0.000,0,0,1,10,10,1,1,10,0.0,0.0,1.0,0.0,0.0,1.0
"G[0,2]((PTT >= 0.000 & Chloride <= 0.000) & PaCO2 <= 0.000)
",9999999.000,9999999.000,0.000,1.000,0.000,0,0,11,0,0,11,11,0,0.0,0.0,1.0,0.0,0.0,1.0
"G[2,2](((PTT <= 0.000 | Alkalinephos <= 0.000) & Chloride <= 0.000) | BUN >= 0.000)
",0.000,0.000,0.000,1.000,0.000,0,0,11,0,0,11,11,0,0.0,0.0,1.0,0.0,0.0,1.0
"G[2,2](((Bilirubin_total <= 0.000 | SaO2 <= 0.000) & Phosphate <= 0.000) & HR <= 0.000)
",0.000,0.000,0.000,1.000,0.000,0,0,11,0,0,11,11,0,0.0,0.0,1.0,0.0,0.0,1.0
"G[1,2](((SaO2 <= 0.000 -> FiO2 <= 0.000) | Creatinine >= 0.000) & Chloride >= 0.000)
",9999999.000,9999999.000,0.000,1.000,0.000,0,0,11,0,0,11,11,0,0.0,0.0,1.0,0.0,0.0,1.0
"G[0,2](((Creatinine <= 0.000 & Potassium >= 0.000) & TroponinI <= 0.000) -> Hct <= 0.000)
",9999999.000,9999999.000,0.000,1.000,0.000,0,0,11,0,0,11,11,0,0.0,0.0,1.0,0.0,0.0,1.0
"G[1,2]((Resp <= 17.978 -> EtCO2 <= 0.000) | O2Sat <= 0.000)
",9999999.000,9999999.000,0.000,1.000,0.000,0,0,11,0,0,11,11,0,0.0,0.0,1.0,0.0,0.0,1.0
"G[1,2]((Hct <= 0.000 | HCO3 <= 0.000) | WBC >= 0.000)
",9999999.000,9999999.000,0.000,1.000,0.000,0,0,11,0,0,11,11,0,0.0,0.0,1.0,0.0,0.0,1.0
