Rule,Discrimination Score,Pos Robustness,Neg Robustness,Percent Class +,Percent Class -,TP,TN,FP,FN,Actual Yes,Actual No,Predicted Yes,Predicted No,TPR/Sens,TNR/Spec,FPR,Precision,Accuracy,MCR,Class
"G[0,0](Chloride >= 0.000 & HCO3 >= 0.000)
",0.000,0.000,0.000,1.000,0.000,10,0,0,0,10,0,10,0,1.0,0.0,0.0,1.0,1.0526315789473684,-0.05263157894736836,1
"G[0,0]((Fibrinogen >= 0.000 | Phosphate >= 0.074) -> Phosphate <= 3.050)
",-1.115,-4.467,0.000,1.000,0.000,10,0,0,0,10,0,10,0,1.0,0.0,0.0,1.0,1.0526315789473684,-0.05263157894736836,1
"F[0,0]((Calcium <= 0.865 & Potassium <= 0.353) & Magnesium >= 0.067)
",-0.067,-0.067,0.000,0.000,1.000,10,0,0,0,10,0,10,0,1.0,0.0,0.0,1.0,1.0526315789473684,-0.05263157894736836,-1
"F[0,0]((SBP >= 120.317 & Magnesium >= 0.022) | PTT >= 0.054)
",0.338,1.202,0.000,0.000,1.000,10,0,0,0,10,0,10,0,1.0,0.0,0.0,1.0,1.0526315789473684,-0.05263157894736836,-1
"((Creatinine >= 0.019) U[0,0] (Creatinine >= 0.012))
",-0.012,-0.012,0.000,0.000,1.000,10,0,0,0,10,0,10,0,1.0,0.0,0.0,1.0,1.0526315789473684,-0.05263157894736836,-1
"((Bilirubin_direct <= 0.000) U[0,0] (Calcium >= 0.036))
",0.000,0.000,0.000,0.000,1.000,10,0,0,0,10,0,10,0,1.0,0.0,0.0,1.0,1.0526315789473684,-0.05263157894736836,-1
"F[0,0](((HR >= 58.325 | Resp >= 16.224) -> HR <= 21.591) & Creatinine >= 13.898)
",-22052.675,-22052.675,0.000,0.000,1.000,10,0,0,0,10,0,10,0,1.0,0.0,0.0,1.0,1.0526315789473684,-0.05263157894736836,-1
"G[0,0]((Hct <= 13.312 | SBP <= 130.685) | Phosphate <= 155.463)
",155.463,155.463,0.000,1.000,0.000,10,0,0,0,10,0,10,0,1.0,0.0,0.0,1.0,1.0526315789473684,-0.05263157894736836,1
"F[0,0]((Calcium <= 2.038 & Potassium <= 0.324) & Magnesium >= 0.036)
",-0.036,-0.036,0.000,0.000,1.000,10,0,0,0,10,0,10,0,1.0,0.0,0.0,1.0,1.0526315789473684,-0.05263157894736836,-1
"G[0,0](AST >= 0.000 | Lactate <= 0.000)
",0.000,0.000,0.000,1.000,0.000,10,0,0,0,10,0,10,0,1.0,0.0,0.0,1.0,1.0526315789473684,-0.05263157894736836,1
"G[0,0](((Bilirubin_direct >= 0.000 & BUN <= 4.101) | Bilirubin_total <= 3.698) -> Phosphate <= 2.449)
",-3.698,-3.698,0.000,1.000,0.000,10,0,0,0,10,0,10,0,1.0,0.0,0.0,1.0,1.0526315789473684,-0.05263157894736836,1
"F[0,0]((Calcium <= 3.968 & Potassium <= 0.614) & Magnesium >= 0.053)
",-0.053,-0.053,0.000,0.000,1.000,10,0,0,0,10,0,10,0,1.0,0.0,0.0,1.0,1.0526315789473684,-0.05263157894736836,-1
"G[0,0]((Hct >= 1.015 | SaO2 >= 0.000) -> BaseExcess >= 0.000)
",0.000,0.000,0.000,1.000,0.000,10,0,0,0,10,0,10,0,1.0,0.0,0.0,1.0,1.0526315789473684,-0.05263157894736836,1
"G[0,0](HR >= 76.582 -> SepsisLabel = 0.000)
",-22034.418,-22034.418,0.000,1.000,0.000,10,0,0,0,10,0,10,0,1.0,0.0,0.0,1.0,1.0526315789473684,-0.05263157894736836,1
"G[0,0](Platelets <= 115.792 | Chloride <= 0.000)
",115.792,115.792,0.000,1.000,0.000,10,0,0,0,10,0,10,0,1.0,0.0,0.0,1.0,1.0526315789473684,-0.05263157894736836,1
"G[0,0](TroponinI >= 0.000 & SepsisLabel = 0.000)
",-0.354,-18.778,0.000,1.000,0.000,10,0,0,0,10,0,10,0,1.0,0.0,0.0,1.0,1.0526315789473684,-0.05263157894736836,1
"G[0,0](PTT >= 0.000 -> SepsisLabel = 0.000)
",-0.354,-1.256,0.000,1.000,0.000,10,0,0,0,10,0,10,0,1.0,0.0,0.0,1.0,1.0526315789473684,-0.05263157894736836,1
"G[0,0](PaCO2 <= 0.000 | Hgb <= 5.843)
",2.828,5.193,0.000,1.000,0.000,10,0,0,0,10,0,10,0,1.0,0.0,0.0,1.0,1.0526315789473684,-0.05263157894736836,1
"G[0,0](((Resp <= 21.916 -> PaCO2 >= 0.000) -> EtCO2 <= 0.000) | MAP <= 0.000)
",0.000,0.000,0.000,1.000,0.000,10,0,0,0,10,0,10,0,1.0,0.0,0.0,1.0,1.0526315789473684,-0.05263157894736836,1
"G[0,0](MAP >= 49.133 | O2Sat <= 92.027)
",9.804,85.774,0.000,1.000,0.000,10,0,0,0,10,0,10,0,1.0,0.0,0.0,1.0,1.0526315789473684,-0.05263157894736836,1
"G[0,0](FiO2 >= 0.000 -> TroponinI >= 0.000)
",0.000,0.000,0.000,1.000,0.000,10,0,0,0,10,0,10,0,1.0,0.0,0.0,1.0,1.0526315789473684,-0.05263157894736836,1
"G[0,0]((SaO2 <= 0.000 & Phosphate <= 2.661) & Fibrinogen <= 3.210)
",-0.354,-1.399,0.000,1.000,0.000,10,0,0,0,10,0,10,0,1.0,0.0,0.0,1.0,1.0526315789473684,-0.05263157894736836,1
"((Creatinine >= 0.017) U[1,1] (AST >= 0.000))
",0.000,0.000,0.000,0.000,1.000,9,0,0,1,10,0,9,1,0.9,0.0,0.0,1.0,0.9473684210526315,0.052631578947368474,-1
"G[1,1]((Potassium <= 1.755 | Chloride >= 0.000) & Lactate >= 0.000)
",0.000,0.000,0.000,1.000,0.000,9,0,1,0,9,1,10,0,1.0,0.0,1.0,0.9,0.9473684210526315,0.052631578947368474,1
"G[1,1]((Resp <= 21.804 | HR <= 140.650) & SepsisLabel <= 132.512)
",132.512,132.512,0.000,1.000,0.000,9,0,1,0,9,1,10,0,1.0,0.0,1.0,0.9,0.9473684210526315,0.052631578947368474,1
"G[1,1]((Glucose >= 2.518 -> MAP >= 73.460) -> MAP >= 41.615)
",-2.518,-2.518,0.000,1.000,0.000,9,0,1,0,9,1,10,0,1.0,0.0,1.0,0.9,0.9473684210526315,0.052631578947368474,1
"G[0,1](((Chloride <= 0.000 | Lactate <= 0.000) | PTT <= 0.000) | Bilirubin_total <= 0.000)
",9999999.000,9999999.000,0.000,1.000,0.000,9,0,1,0,9,1,10,0,1.0,0.0,1.0,0.9,0.9473684210526315,0.052631578947368474,1
"G[1,1](SaO2 <= 0.000 | Phosphate <= 2.596)
",2.596,2.596,0.000,1.000,0.000,9,0,1,0,9,1,10,0,1.0,0.0,1.0,0.9,0.9473684210526315,0.052631578947368474,1
"G[0,1](((Hct >= 1.256 -> SBP >= 56.059) | AST >= 57.334) | SBP >= 70.492)
",9999999.000,9999999.000,0.000,1.000,0.000,9,0,1,0,9,1,10,0,1.0,0.0,1.0,0.9,0.9473684210526315,0.052631578947368474,1
"G[0,1]((Fibrinogen <= 0.000 -> SaO2 <= 0.000) | HCO3 >= 0.000)
",9999999.000,9999999.000,0.000,1.000,0.000,9,0,1,0,9,1,10,0,1.0,0.0,1.0,0.9,0.9473684210526315,0.052631578947368474,1
"F[0,0](((Alkalinephos >= 0.000 | Resp >= 15.341) | BaseExcess >= 17.060) & WBC >= 2.926)
",-2.926,-2.926,0.000,0.000,1.000,9,0,0,1,10,0,9,1,0.9,0.0,0.0,1.0,0.9473684210526315,0.052631578947368474,-1
"G[1,1]((EtCO2 <= 0.000 -> Potassium <= 1.048) | O2Sat >= 0.187)
",-0.187,-0.187,0.000,1.000,0.000,9,0,1,0,9,1,10,0,1.0,0.0,1.0,0.9,0.9473684210526315,0.052631578947368474,1
"G[1,1](Glucose >= 1.497 | Potassium <= 2.996)
",2.996,2.996,0.000,1.000,0.000,9,0,1,0,9,1,10,0,1.0,0.0,1.0,0.9,0.9473684210526315,0.052631578947368474,1
"G[1,1](((EtCO2 <= 0.000 & Lactate <= 0.000) & BaseExcess >= 0.000) -> Lactate <= 0.000)
",0.000,0.000,0.000,1.000,0.000,9,0,1,0,9,1,10,0,1.0,0.0,1.0,0.9,0.9473684210526315,0.052631578947368474,1
"G[0,1]((PaCO2 <= 0.000 | FiO2 <= 0.000) & Alkalinephos >= 0.000)
",9999999.000,9999999.000,0.000,1.000,0.000,9,0,1,0,9,1,10,0,1.0,0.0,1.0,0.9,0.9473684210526315,0.052631578947368474,1
"((Calcium >= 0.267) U[1,2] (SepsisLabel = 0.000))
",-9999999.000,-9999999.000,0.000,0.000,1.000,9,0,0,1,10,0,9,1,0.9,0.0,0.0,1.0,0.9473684210526315,0.052631578947368474,-1
"F[1,1]((Hct >= 0.622 & Calcium >= 0.033) & WBC <= 2.450)
",-0.622,-0.622,0.000,0.000,1.000,9,0,0,1,10,0,9,1,0.9,0.0,0.0,1.0,0.9473684210526315,0.052631578947368474,-1
"F[0,1](((BUN <= 1.778 & Calcium <= 4.929) -> EtCO2 <= 2.301) & SaO2 >= 0.018)
",-9999999.000,-9999999.000,0.000,0.000,1.000,9,0,0,1,10,0,9,1,0.9,0.0,0.0,1.0,0.9473684210526315,0.052631578947368474,-1
"F[1,1](EtCO2 > 0.000 & SepsisLabel = 0.000)
",0.000,0.000,0.000,0.000,1.000,9,0,0,1,10,0,9,1,0.9,0.0,0.0,1.0,0.9473684210526315,0.052631578947368474,-1
"F[1,1]((DBP >= 37.433 -> HR >= 110.156) & Bilirubin_direct >= 50.202)
",-50.202,-50.202,0.000,0.000,1.000,9,0,0,1,10,0,9,1,0.9,0.0,0.0,1.0,0.9473684210526315,0.052631578947368474,-1
"F[0,1](((Calcium <= 8.005 -> SBP <= 132.481) & Bilirubin_total <= 132.640) & BaseExcess >= 114.052)
",-9999999.000,-9999999.000,0.000,0.000,1.000,9,0,0,1,10,0,9,1,0.9,0.0,0.0,1.0,0.9473684210526315,0.052631578947368474,-1
"F[1,1]((Hct <= 21.494 | WBC >= 0.181) -> HR <= 4.499)
",-21.494,-21.494,0.000,0.000,1.000,9,0,0,1,10,0,9,1,0.9,0.0,0.0,1.0,0.9473684210526315,0.052631578947368474,-1
"F[0,1]((Calcium <= 4.144 & Potassium <= 2.997) & Magnesium >= 0.003)
",-9999999.000,-9999999.000,0.000,0.000,1.000,9,0,0,1,10,0,9,1,0.9,0.0,0.0,1.0,0.9473684210526315,0.052631578947368474,-1
"F[0,1](((Calcium >= 0.335 | O2Sat <= 92.912) -> Lactate >= 1.706) & SaO2 >= 88.464)
",-9999999.000,-9999999.000,0.000,0.000,1.000,9,0,0,1,10,0,9,1,0.9,0.0,0.0,1.0,0.9473684210526315,0.052631578947368474,-1
"F[1,1](((Bilirubin_total >= 0.000 -> Alkalinephos >= 0.000) -> Fibrinogen <= 0.000) & DBP <= 0.000)
",0.000,0.000,0.000,0.000,1.000,9,0,0,1,10,0,9,1,0.9,0.0,0.0,1.0,0.9473684210526315,0.052631578947368474,-1
"F[0,0](((Hgb <= 5.742 | O2Sat <= 94.911) -> HCO3 >= 23.901) & Hct >= 28.669)
",-1.731,-36.029,0.000,0.000,1.000,9,0,0,1,10,0,9,1,0.9,0.0,0.0,1.0,0.9473684210526315,0.052631578947368474,-1
"((Lactate <= 0.000) U[1,1] (Hgb >= 0.207))
",0.000,0.000,0.000,0.000,1.000,9,0,0,1,10,0,9,1,0.9,0.0,0.0,1.0,0.9473684210526315,0.052631578947368474,-1
"F[0,1]((Calcium <= 2.798 & Potassium <= 2.959) & Magnesium >= 0.056)
",-9999999.000,-9999999.000,0.000,0.000,1.000,9,0,0,1,10,0,9,1,0.9,0.0,0.0,1.0,0.9473684210526315,0.052631578947368474,-1
"F[1,1]((BUN <= 5.667 -> DBP <= 85.019) & BUN >= 29.731)
",-85.019,-85.019,0.000,0.000,1.000,9,0,0,1,10,0,9,1,0.9,0.0,0.0,1.0,0.9473684210526315,0.052631578947368474,-1
"F[0,1]((Phosphate >= 0.074 -> Hgb <= 7.178) -> PTT >= 0.572)
",-9999999.000,-9999999.000,0.000,0.000,1.000,9,0,0,1,10,0,9,1,0.9,0.0,0.0,1.0,0.9473684210526315,0.052631578947368474,-1
"F[0,0]((Bilirubin_total >= 0.000 -> DBP >= 32.245) -> pH >= 62.475)
",2.413,43.307,0.000,0.000,1.000,9,0,0,1,10,0,9,1,0.9,0.0,0.0,1.0,0.9473684210526315,0.052631578947368474,-1
"F[1,1](Magnesium <= 0.706 & Calcium >= 0.141)
",-0.141,-0.141,0.000,0.000,1.000,9,0,0,1,10,0,9,1,0.9,0.0,0.0,1.0,0.9473684210526315,0.052631578947368474,-1
"G[0,1]((Platelets >= 2.021 | SBP >= 116.160) | SBP <= 151.774)
",9999999.000,9999999.000,0.000,1.000,0.000,9,0,1,0,9,1,10,0,1.0,0.0,1.0,0.9,0.9473684210526315,0.052631578947368474,1
"G[0,1](Bilirubin_direct >= 0.000 -> AST >= 0.000)
",9999999.000,9999999.000,0.000,1.000,0.000,9,0,1,0,9,1,10,0,1.0,0.0,1.0,0.9,0.9473684210526315,0.052631578947368474,1
"G[0,1](SaO2 < 0.000 -> SepsisLabel = 0.000)
",9999999.000,9999999.000,0.000,1.000,0.000,9,0,1,0,9,1,10,0,1.0,0.0,1.0,0.9,0.9473684210526315,0.052631578947368474,1
"G[0,1]((Temp >= 9.512 & Hct <= 9.273) | PaCO2 <= 21.565)
",9999999.000,9999999.000,0.000,1.000,0.000,9,0,1,0,9,1,10,0,1.0,0.0,1.0,0.9,0.9473684210526315,0.052631578947368474,1
"G[0,1](Calcium <= 0.578 -> SepsisLabel = 0.000)
",9999999.000,9999999.000,0.000,1.000,0.000,9,0,1,0,9,1,10,0,1.0,0.0,1.0,0.9,0.9473684210526315,0.052631578947368474,1
"G[0,1]((BaseExcess >= 0.000 -> O2Sat <= 97.806) | O2Sat >= 48.954)
",9999999.000,9999999.000,0.000,1.000,0.000,9,0,1,0,9,1,10,0,1.0,0.0,1.0,0.9,0.9473684210526315,0.052631578947368474,1
"G[0,1](((Bilirubin_total >= 0.000 -> Fibrinogen <= 0.000) -> DBP >= 0.000) & pH <= 0.000)
",9999999.000,9999999.000,0.000,1.000,0.000,9,0,1,0,9,1,10,0,1.0,0.0,1.0,0.9,0.9473684210526315,0.052631578947368474,1
"G[0,1](Platelets >= 6.959 -> BUN <= 5.659)
",9999999.000,9999999.000,0.000,1.000,0.000,9,0,1,0,9,1,10,0,1.0,0.0,1.0,0.9,0.9473684210526315,0.052631578947368474,1
"G[1,1](((DBP <= 97.986 -> SBP <= 134.757) -> PTT <= 142.954) | BaseExcess <= 143.063)
",143.063,143.063,0.000,1.000,0.000,9,0,1,0,9,1,10,0,1.0,0.0,1.0,0.9,0.9473684210526315,0.052631578947368474,1
"G[1,1](((BUN <= 5.727 | Temp <= 36.643) -> MAP >= 23.540) | O2Sat <= 28.608)
",8052484225949186.000,28.608,0.000,1.000,0.000,9,0,1,0,9,1,10,0,1.0,0.0,1.0,0.9,0.9473684210526315,0.052631578947368474,1
"G[0,1]((AST <= 0.000 | EtCO2 <= 0.000) & HCO3 <= 0.000)
",9999999.000,9999999.000,0.000,1.000,0.000,9,0,1,0,9,1,10,0,1.0,0.0,1.0,0.9,0.9473684210526315,0.052631578947368474,1
"G[1,1](((Magnesium >= 0.070 & SBP >= 9.328) & EtCO2 <= 138.922) | pH <= 137.936)
",137.936,137.936,0.000,1.000,0.000,9,0,1,0,9,1,10,0,1.0,0.0,1.0,0.9,0.9473684210526315,0.052631578947368474,1
"G[0,1]((O2Sat >= 86.359 & AST <= 0.000) -> BaseExcess >= 0.000)
",9999999.000,9999999.000,0.000,1.000,0.000,9,0,1,0,9,1,10,0,1.0,0.0,1.0,0.9,0.9473684210526315,0.052631578947368474,1
"G[0,1](((Hgb >= 0.442 & pH <= 0.000) | O2Sat <= 0.000) | SepsisLabel <= 0.000)
",9999999.000,9999999.000,0.000,1.000,0.000,9,0,1,0,9,1,10,0,1.0,0.0,1.0,0.9,0.9473684210526315,0.052631578947368474,1
"G[1,1](((SepsisLabel >= 0.000 | Fibrinogen >= 0.000) -> PTT >= 0.000) | Lactate <= 0.000)
",0.000,0.000,0.000,1.000,0.000,9,0,1,0,9,1,10,0,1.0,0.0,1.0,0.9,0.9473684210526315,0.052631578947368474,1
"G[0,1](((Glucose >= 0.569 & Alkalinephos <= 0.000) & FiO2 >= 0.000) | Lactate >= 0.000)
",9999999.000,9999999.000,0.000,1.000,0.000,9,0,1,0,9,1,10,0,1.0,0.0,1.0,0.9,0.9473684210526315,0.052631578947368474,1
"G[1,1](Temp >= 10.251 | Calcium <= 6.510)
",6.510,6.510,0.000,1.000,0.000,9,0,1,0,9,1,10,0,1.0,0.0,1.0,0.9,0.9473684210526315,0.052631578947368474,1
"G[0,1](((TroponinI <= 0.000 -> WBC <= 13.984) | SBP >= 0.533) | SaO2 >= 0.256)
",9999999.000,9999999.000,0.000,1.000,0.000,9,0,1,0,9,1,10,0,1.0,0.0,1.0,0.9,0.9473684210526315,0.052631578947368474,1
"G[0,1](((Calcium <= 4.990 & WBC >= 0.355) & SaO2 <= 7.840) -> PTT <= 4.025)
",9999999.000,9999999.000,0.000,1.000,0.000,9,0,1,0,9,1,10,0,1.0,0.0,1.0,0.9,0.9473684210526315,0.052631578947368474,1
"G[0,1]((HCO3 <= 0.000 & Fibrinogen <= 0.000) & DBP >= 0.000)
",9999999.000,9999999.000,0.000,1.000,0.000,9,0,1,0,9,1,10,0,1.0,0.0,1.0,0.9,0.9473684210526315,0.052631578947368474,1
"G[1,1]((Lactate <= 0.000 | Glucose <= 51.566) -> Alkalinephos <= 72.088)
",-72.088,-72.088,0.000,1.000,0.000,9,0,1,0,9,1,10,0,1.0,0.0,1.0,0.9,0.9473684210526315,0.052631578947368474,1
"G[0,1](((Creatinine >= 0.001 -> O2Sat >= 74.073) & Resp >= 23.053) -> AST <= 91.531)
",9999999.000,9999999.000,0.000,1.000,0.000,9,0,1,0,9,1,10,0,1.0,0.0,1.0,0.9,0.9473684210526315,0.052631578947368474,1
"G[0,1](((Temp <= 30.649 & WBC <= 15.757) & Creatinine >= 0.599) -> PaCO2 <= 5.201)
",9999999.000,9999999.000,0.000,1.000,0.000,9,0,1,0,9,1,10,0,1.0,0.0,1.0,0.9,0.9473684210526315,0.052631578947368474,1
"G[0,0](Glucose <= 44.334 -> Hgb <= 8.904)
",-44.334,-44.334,0.000,1.000,0.000,9,0,0,1,10,0,9,1,0.9,0.0,0.0,1.0,0.9473684210526315,0.052631578947368474,1
"G[1,1](Fibrinogen < 0.000 -> SepsisLabel = 0.000)
",0.000,0.000,0.000,1.000,0.000,9,0,1,0,9,1,10,0,1.0,0.0,1.0,0.9,0.9473684210526315,0.052631578947368474,1
"G[0,1](SaO2 >= 0.000 -> SepsisLabel = 0.000)
",9999999.000,9999999.000,0.000,1.000,0.000,9,0,1,0,9,1,10,0,1.0,0.0,1.0,0.9,0.9473684210526315,0.052631578947368474,1
"G[0,1](((HCO3 <= 0.000 & Bilirubin_direct >= 0.000) & SaO2 <= 0.000) -> Bilirubin_direct <= 0.000)
",9999999.000,9999999.000,0.000,1.000,0.000,9,0,1,0,9,1,10,0,1.0,0.0,1.0,0.9,0.9473684210526315,0.052631578947368474,1
"G[0,1](Resp >= 12.905 | Chloride >= 0.000)
",9999999.000,9999999.000,0.000,1.000,0.000,9,0,1,0,9,1,10,0,1.0,0.0,1.0,0.9,0.9473684210526315,0.052631578947368474,1
"G[0,1]((Bilirubin_total <= 0.000 | BaseExcess >= 0.000) -> Hgb >= 0.000)
",9999999.000,9999999.000,0.000,1.000,0.000,9,0,1,0,9,1,10,0,1.0,0.0,1.0,0.9,0.9473684210526315,0.052631578947368474,1
"G[0,0]((AST <= 0.000 & Hct >= 0.272) | SBP >= 1.567)
",1.103,20.786,0.000,1.000,0.000,9,0,0,1,10,0,9,1,0.9,0.0,0.0,1.0,0.9473684210526315,0.052631578947368474,1
"G[1,1]((Chloride >= 0.000 -> HCO3 <= 0.000) | Temp <= 0.000)
",0.000,0.000,0.000,1.000,0.000,9,0,1,0,9,1,10,0,1.0,0.0,1.0,0.9,0.9473684210526315,0.052631578947368474,1
"G[1,1](((Temp >= 11.480 -> Glucose <= 63.832) -> TroponinI <= 40.073) | Temp >= 1.728)
",-1.728,-1.728,0.000,1.000,0.000,9,0,1,0,9,1,10,0,1.0,0.0,1.0,0.9,0.9473684210526315,0.052631578947368474,1
"G[0,0](Phosphate <= 3.123 & Hct <= 12.646)
",3.123,3.123,0.000,1.000,0.000,9,0,0,1,10,0,9,1,0.9,0.0,0.0,1.0,0.9473684210526315,0.052631578947368474,1
"G[1,1](((FiO2 <= 0.000 -> Lactate >= 0.000) -> Potassium >= 0.000) & Bilirubin_total <= 0.000)
",0.000,0.000,0.000,1.000,0.000,9,0,1,0,9,1,10,0,1.0,0.0,1.0,0.9,0.9473684210526315,0.052631578947368474,1
"G[1,1]((WBC >= 0.622 | SBP >= 82.778) | BaseExcess >= 50.559)
",-0.622,-0.622,0.000,1.000,0.000,9,0,1,0,9,1,10,0,1.0,0.0,1.0,0.9,0.9473684210526315,0.052631578947368474,1
"G[0,1]((Hct <= 29.580 | HR <= 131.762) | SepsisLabel >= 20.299)
",9999999.000,9999999.000,0.000,1.000,0.000,9,0,1,0,9,1,10,0,1.0,0.0,1.0,0.9,0.9473684210526315,0.052631578947368474,1
"G[0,1]((Phosphate >= 0.077 -> BUN <= 8.446) | Creatinine <= 7.081)
",9999999.000,9999999.000,0.000,1.000,0.000,9,0,1,0,9,1,10,0,1.0,0.0,1.0,0.9,0.9473684210526315,0.052631578947368474,1
"G[0,1](SaO2 >= 0.000 | O2Sat <= 97.102)
",9999999.000,9999999.000,0.000,1.000,0.000,9,0,1,0,9,1,10,0,1.0,0.0,1.0,0.9,0.9473684210526315,0.052631578947368474,1
"G[0,1]((Fibrinogen <= 0.000 -> TroponinI >= 0.000) -> PTT <= 0.000)
",9999999.000,9999999.000,0.000,1.000,0.000,9,0,1,0,9,1,10,0,1.0,0.0,1.0,0.9,0.9473684210526315,0.052631578947368474,1
"G[0,1]((Hgb <= 4.304 & WBC <= 7.165) -> Creatinine <= 2.420)
",9999999.000,9999999.000,0.000,1.000,0.000,9,0,1,0,9,1,10,0,1.0,0.0,1.0,0.9,0.9473684210526315,0.052631578947368474,1
"G[0,1](pH >= 0.000 -> SepsisLabel = 0.000)
",9999999.000,9999999.000,0.000,1.000,0.000,9,0,1,0,9,1,10,0,1.0,0.0,1.0,0.9,0.9473684210526315,0.052631578947368474,1
"G[0,1](((Bilirubin_direct <= 0.000 | Temp >= 1.757) -> Calcium <= 35.670) & Alkalinephos <= 32.853)
",9999999.000,9999999.000,0.000,1.000,0.000,9,0,1,0,9,1,10,0,1.0,0.0,1.0,0.9,0.9473684210526315,0.052631578947368474,1
"F[1,1](((Potassium <= 1.082 & SBP >= 7.572) -> Glucose >= 18.710) & Phosphate <= 146.353)
",7.572,7.572,0.000,0.000,1.000,8,0,0,2,10,0,8,2,0.8,0.0,0.0,1.0,0.8421052631578947,0.1578947368421053,-1
"F[0,1](Potassium >= 0.026 & PTT >= 0.000)
",-9999999.000,-9999999.000,0.000,0.000,1.000,8,0,0,2,10,0,8,2,0.8,0.0,0.0,1.0,0.8421052631578947,0.1578947368421053,-1
"((Hct >= 1.737) U[1,2] (WBC <= 15.266))
",-9999999.000,-9999999.000,0.000,0.000,1.000,8,0,0,2,10,0,8,2,0.8,0.0,0.0,1.0,0.8421052631578947,0.1578947368421053,-1
"F[0,1]((Glucose >= 5.286 & Resp >= 15.890) | EtCO2 >= 5.096)
",-9999999.000,-9999999.000,0.000,0.000,1.000,8,0,0,2,10,0,8,2,0.8,0.0,0.0,1.0,0.8421052631578947,0.1578947368421053,-1
"F[1,1]((Calcium <= 6.922 -> Magnesium >= 0.056) | HCO3 >= 0.012)
",-0.012,-0.012,0.000,0.000,1.000,8,0,0,2,10,0,8,2,0.8,0.0,0.0,1.0,0.8421052631578947,0.1578947368421053,-1
"F[1,1](Phosphate >= 0.114 & SepsisLabel = 0.000)
",-8214677117512610.000,-0.114,0.000,0.000,1.000,8,0,0,2,10,0,8,2,0.8,0.0,0.0,1.0,0.8421052631578947,0.1578947368421053,-1
"G[0,1]((SaO2 >= 0.000 | Potassium >= 0.114) -> O2Sat >= 0.180)
",9999999.000,9999999.000,0.000,1.000,0.000,8,0,1,1,9,1,9,1,0.8888888888888888,0.0,1.0,0.8888888888888888,0.8421052631578947,0.1578947368421053,1
"G[1,1](((Creatinine <= 0.870 & Magnesium <= 0.367) | BUN <= 0.717) & SaO2 <= 0.450)
",8108176027009559.000,0.450,0.000,1.000,0.000,8,0,1,1,9,1,9,1,0.8888888888888888,0.0,1.0,0.8888888888888888,0.8421052631578947,0.1578947368421053,1
"G[0,0](MAP >= 59.534 -> Resp <= 21.671)
",-3.682,-68.711,0.000,1.000,0.000,8,0,0,2,10,0,8,2,0.8,0.0,0.0,1.0,0.8421052631578947,0.1578947368421053,1
"G[1,1](PTT >= 0.000 & Magnesium <= 1.343)
",0.000,0.000,0.000,1.000,0.000,8,0,1,1,9,1,9,1,0.8888888888888888,0.0,1.0,0.8888888888888888,0.8421052631578947,0.1578947368421053,1
"G[0,1](((Temp >= 20.990 -> Creatinine >= 0.034) & DBP <= 0.514) | BUN <= 0.214)
",9999999.000,9999999.000,0.000,1.000,0.000,8,0,1,1,9,1,9,1,0.8888888888888888,0.0,1.0,0.8888888888888888,0.8421052631578947,0.1578947368421053,1
"G[0,1](Hct <= 28.573 -> Potassium <= 0.366)
",9999999.000,9999999.000,0.000,1.000,0.000,8,0,1,1,9,1,9,1,0.8888888888888888,0.0,1.0,0.8888888888888888,0.8421052631578947,0.1578947368421053,1
"G[0,1](Magnesium >= 0.033 | Hgb <= 10.581)
",9999999.000,9999999.000,0.000,1.000,0.000,8,0,1,1,9,1,9,1,0.8888888888888888,0.0,1.0,0.8888888888888888,0.8421052631578947,0.1578947368421053,1
"G[0,1](((SBP >= 81.371 | BUN <= 0.482) & MAP >= 0.268) | PTT >= 0.253)
",9999999.000,9999999.000,0.000,1.000,0.000,8,0,1,1,9,1,9,1,0.8888888888888888,0.0,1.0,0.8888888888888888,0.8421052631578947,0.1578947368421053,1
"G[0,1](((Alkalinephos <= 0.000 -> Calcium <= 2.875) -> DBP >= 0.349) | Chloride >= 0.386)
",9999999.000,9999999.000,0.000,1.000,0.000,8,0,1,1,9,1,9,1,0.8888888888888888,0.0,1.0,0.8888888888888888,0.8421052631578947,0.1578947368421053,1
"F[0,1](BaseExcess >= 0.000 & BUN >= 0.320)
",-9999999.000,-9999999.000,0.000,0.000,1.000,8,0,0,2,10,0,8,2,0.8,0.0,0.0,1.0,0.8421052631578947,0.1578947368421053,-1
"F[0,1]((Resp >= 10.488 & Potassium >= 0.129) | Potassium >= 0.168)
",-9999999.000,-9999999.000,0.000,0.000,1.000,8,0,0,2,10,0,8,2,0.8,0.0,0.0,1.0,0.8421052631578947,0.1578947368421053,-1
"((DBP >= 26.435) U[0,1] (Hgb >= 0.102))
",-9999999.000,-9999999.000,0.000,0.000,1.000,8,0,0,2,10,0,8,2,0.8,0.0,0.0,1.0,0.8421052631578947,0.1578947368421053,-1
"F[1,1]((Platelets <= 136.715 -> Calcium >= 0.230) & MAP >= 0.095)
",-136.715,-136.715,0.000,0.000,1.000,8,0,0,2,10,0,8,2,0.8,0.0,0.0,1.0,0.8421052631578947,0.1578947368421053,-1
"F[1,1](Temp <= 27.970 & SepsisLabel = 0.000)
",0.000,0.000,0.000,0.000,1.000,8,0,0,2,10,0,8,2,0.8,0.0,0.0,1.0,0.8421052631578947,0.1578947368421053,-1
"G[0,1](Resp >= 16.049 & SepsisLabel = 0.000)
",9999999.000,9999999.000,0.000,1.000,0.000,7,0,1,2,9,1,8,2,0.7777777777777778,0.0,1.0,0.875,0.7368421052631579,0.26315789473684215,1
"((MAP >= 55.378) U[1,1] (SBP <= 130.739))
",130.739,130.739,0.000,0.000,1.000,6,0,0,4,10,0,6,4,0.6,0.0,0.0,1.0,0.631578947368421,0.368421052631579,-1
"((Hct >= 1.753) U[1,2] (Resp <= 20.695))
",-9999999.000,-9999999.000,0.000,0.000,1.000,6,0,0,4,10,0,6,4,0.6,0.0,0.0,1.0,0.631578947368421,0.368421052631579,-1
"G[0,0](SBP <= 135.978 -> Temp >= 18.124)
",-5.859,-114.201,0.000,1.000,0.000,6,0,0,4,10,0,6,4,0.6,0.0,0.0,1.0,0.631578947368421,0.368421052631579,1
"((MAP >= 68.494) U[1,1] (SBP <= 143.085))
",143.085,143.085,0.000,0.000,1.000,6,0,0,4,10,0,6,4,0.6,0.0,0.0,1.0,0.631578947368421,0.368421052631579,-1
"F[1,1](((HR <= 114.402 & MAP >= 11.623) | PTT <= 96.377) -> DBP >= 80.069)
",-96.377,-96.377,0.000,0.000,1.000,6,0,0,4,10,0,6,4,0.6,0.0,0.0,1.0,0.631578947368421,0.368421052631579,-1
"F[1,1](SepsisLabel >= 0.000 -> Resp <= 19.605)
",-19.605,-19.605,0.000,0.000,1.000,5,0,0,5,10,0,5,5,0.5,0.0,0.0,1.0,0.5263157894736842,0.4736842105263158,-1
"F[0,0](((HR <= 145.446 & Temp >= 20.897) -> AST >= 25.474) & Bilirubin_direct <= 37.359)
",25.474,25.474,0.000,0.000,1.000,5,0,0,5,10,0,5,5,0.5,0.0,0.0,1.0,0.5263157894736842,0.4736842105263158,-1
"G[0,0]((Glucose >= 0.667 | Resp <= 19.485) | pH >= 15.302)
",0.248,1.572,0.000,1.000,0.000,5,0,0,5,10,0,5,5,0.5,0.0,0.0,1.0,0.5263157894736842,0.4736842105263158,1
"G[0,0]((SBP <= 130.188 & Magnesium >= 0.064) | Temp <= 0.409)
",-0.076,-0.011,0.000,1.000,0.000,5,0,0,5,10,0,5,5,0.5,0.0,0.0,1.0,0.5263157894736842,0.4736842105263158,1
"G[0,1](SBP < 134.848 & SepsisLabel = 0.000)
",9999999.000,9999999.000,0.000,1.000,0.000,4,0,0,6,10,0,4,6,0.4,0.0,0.0,1.0,0.42105263157894735,0.5789473684210527,1
"F[0,1]((FiO2 <= 0.000 -> HR <= 118.976) -> Hct >= 108.629)
",-9999999.000,-9999999.000,0.000,0.000,1.000,3,0,0,7,10,0,3,7,0.3,0.0,0.0,1.0,0.3157894736842105,0.6842105263157895,-1
"F[0,0]((O2Sat <= 92.890 | Temp >= 15.127) | BUN >= 0.481)
",15.461,81.708,0.000,0.000,1.000,3,0,0,7,10,0,3,7,0.3,0.0,0.0,1.0,0.3157894736842105,0.6842105263157895,-1
"G[0,1]((Temp >= 16.395 -> Resp <= 19.751) | Calcium >= 17.934)
",9999999.000,9999999.000,0.000,1.000,0.000,3,0,0,7,10,0,3,7,0.3,0.0,0.0,1.0,0.3157894736842105,0.6842105263157895,1
"((Creatinine <= 0.163) U[1,1] (Resp <= 20.260))
",20.260,20.260,0.000,0.000,1.000,2,0,0,8,10,0,2,8,0.2,0.0,0.0,1.0,0.21052631578947367,0.7894736842105263,-1
"((MAP >= 74.121) U[0,0] (SBP <= 140.267))
",6.079,118.489,0.000,0.000,1.000,2,0,0,8,10,0,2,8,0.2,0.0,0.0,1.0,0.21052631578947367,0.7894736842105263,-1
"((O2Sat >= 24.746) U[0,0] (WBC <= 3.277))
",2.788,86.367,0.000,0.000,1.000,1,0,0,9,10,0,1,9,0.1,0.0,0.0,1.0,0.10526315789473684,0.8947368421052632,-1
"G[0,0](((Hgb <= 10.752 | Hct <= 33.520) -> WBC >= 0.550) & Platelets >= 4.402)
",-33.520,-33.520,0.000,1.000,0.000,1,0,0,9,10,0,1,9,0.1,0.0,0.0,1.0,0.10526315789473684,0.8947368421052632,1
"G[0,0](((MAP >= 26.578 & WBC >= 0.328) -> Bilirubin_direct >= 0.277) -> Chloride >= 0.419)
",-0.277,-0.277,0.000,1.000,0.000,1,0,0,9,10,0,1,9,0.1,0.0,0.0,1.0,0.10526315789473684,0.8947368421052632,1
"G[0,1]((Alkalinephos <= 0.000 & SBP <= 137.581) -> FiO2 >= 102.871)
",9999999.000,9999999.000,0.000,1.000,0.000,1,0,1,8,9,1,2,8,0.1111111111111111,0.0,1.0,0.5,0.10526315789473684,0.8947368421052632,1
"G[0,0](Hgb <= 8.561 -> Phosphate >= 0.161)
",-2.770,-7.591,0.000,1.000,0.000,1,0,0,9,10,0,1,9,0.1,0.0,0.0,1.0,0.10526315789473684,0.8947368421052632,1
"G[1,1]((Glucose >= 3.726 | Creatinine >= 0.001) & Glucose >= 0.022)
",-0.022,-0.022,0.000,1.000,0.000,1,0,1,8,9,1,2,8,0.1111111111111111,0.0,1.0,0.5,0.10526315789473684,0.8947368421052632,1
"G[1,1]((Bilirubin_total >= 0.000 -> Alkalinephos >= 0.000) -> Temp <= 0.000)
",0.000,0.000,0.000,1.000,0.000,1,0,1,8,9,1,2,8,0.1111111111111111,0.0,1.0,0.5,0.10526315789473684,0.8947368421052632,1
"F[0,0](Hgb <= 10.040 | Hct <= 6.482)
",8.626,9.645,0.000,0.000,1.000,1,0,0,9,10,0,1,9,0.1,0.0,0.0,1.0,0.10526315789473684,0.8947368421052632,-1
"F[1,1](TroponinI >= 0.000 & Calcium <= 4.551)
",0.000,0.000,0.000,0.000,1.000,1,0,0,9,10,0,1,9,0.1,0.0,0.0,1.0,0.10526315789473684,0.8947368421052632,-1
"((MAP >= 69.699) U[0,1] (SBP <= 136.543))
",-9999999.000,-9999999.000,0.000,0.000,1.000,1,0,0,9,10,0,1,9,0.1,0.0,0.0,1.0,0.10526315789473684,0.8947368421052632,-1
"((Phosphate >= 0.044) U[1,2] (Magnesium >= 0.042))
",-9999999.000,-9999999.000,0.000,0.000,1.000,1,0,0,9,10,0,1,9,0.1,0.0,0.0,1.0,0.10526315789473684,0.8947368421052632,-1
"F[1,1](((Phosphate >= 0.138 | Platelets >= 7.996) -> Chloride >= 4.433) & Bilirubin_direct <= 107.231)
",0.138,0.138,0.000,0.000,1.000,1,0,0,9,10,0,1,9,0.1,0.0,0.0,1.0,0.10526315789473684,0.8947368421052632,-1
"F[0,0](Hgb <= 9.190 | Hct <= 29.671)
",8351569663427751.000,29.671,0.000,0.000,1.000,1,0,0,9,10,0,1,9,0.1,0.0,0.0,1.0,0.10526315789473684,0.8947368421052632,-1
"F[0,0]((BaseExcess >= 0.000 -> WBC >= 0.571) -> WBC <= 15.252)
",-15.252,-15.252,0.000,0.000,1.000,1,0,0,9,10,0,1,9,0.1,0.0,0.0,1.0,0.10526315789473684,0.8947368421052632,-1
"((MAP >= 42.320) U[0,1] (SBP <= 144.729))
",-9999999.000,-9999999.000,0.000,0.000,1.000,1,0,0,9,10,0,1,9,0.1,0.0,0.0,1.0,0.10526315789473684,0.8947368421052632,-1
"((Hct <= 16.886) U[0,1] (Temp >= 24.464))
",-9999999.000,-9999999.000,0.000,0.000,1.000,1,0,0,9,10,0,1,9,0.1,0.0,0.0,1.0,0.10526315789473684,0.8947368421052632,-1
"F[1,1](((Calcium < 3.036 & Potassium < 0.434) & Magnesium < 0.635) & Phosphate < 0.975)
",0.434,0.434,0.000,0.000,1.000,1,0,0,9,10,0,1,9,0.1,0.0,0.0,1.0,0.10526315789473684,0.8947368421052632,-1
"((EtCO2 <= 0.000) U[0,1] (Resp <= 20.648))
",-9999999.000,-9999999.000,0.000,0.000,1.000,1,0,0,9,10,0,1,9,0.1,0.0,0.0,1.0,0.10526315789473684,0.8947368421052632,-1
"F[0,1](((MAP <= 90.783 -> Temp >= 9.410) -> HR <= 31.284) -> Temp >= 11.668)
",-9999999.000,-9999999.000,0.000,0.000,1.000,1,0,0,9,10,0,1,9,0.1,0.0,0.0,1.0,0.10526315789473684,0.8947368421052632,-1
"((MAP >= 22.647) U[1,2] (SBP <= 138.326))
",-9999999.000,-9999999.000,0.000,0.000,1.000,1,0,0,9,10,0,1,9,0.1,0.0,0.0,1.0,0.10526315789473684,0.8947368421052632,-1
"F[1,1](((Calcium < 1.038 & Potassium < 0.766) & Magnesium < 0.948) & Phosphate < 2.357)
",0.766,0.766,0.000,0.000,1.000,1,0,0,9,10,0,1,9,0.1,0.0,0.0,1.0,0.10526315789473684,0.8947368421052632,-1
"F[0,0](Hgb <= 3.321 | Hct <= 8.349)
",8.349,8.349,0.000,0.000,1.000,1,0,0,9,10,0,1,9,0.1,0.0,0.0,1.0,0.10526315789473684,0.8947368421052632,-1
"((PTT <= 0.000) U[0,1] (Temp >= 9.533))
",-9999999.000,-9999999.000,0.000,0.000,1.000,1,0,0,9,10,0,1,9,0.1,0.0,0.0,1.0,0.10526315789473684,0.8947368421052632,-1
"G[1,1](Glucose >= 1.549 & O2Sat <= 98.866)
",-1.549,-1.549,0.000,1.000,0.000,1,0,1,8,9,1,2,8,0.1111111111111111,0.0,1.0,0.5,0.10526315789473684,0.8947368421052632,1
"((Calcium <= 2.868) U[0,0] (DBP >= 17.513))
",2.581,57.752,0.000,0.000,1.000,1,0,0,9,10,0,1,9,0.1,0.0,0.0,1.0,0.10526315789473684,0.8947368421052632,-1
"((Creatinine <= 0.493) U[1,2] (TroponinI <= 0.000))
",-9999999.000,-9999999.000,0.000,0.000,1.000,0,0,0,10,10,0,0,10,0.0,0.0,0.0,0.0,0.0,1.0,-1
"F[2,2](((Creatinine >= 0.001 -> Bilirubin_total >= 0.000) | DBP >= 0.000) | Fibrinogen >= 0.000)
",0.000,0.000,0.000,0.000,1.000,0,0,0,10,10,0,0,10,0.0,0.0,0.0,0.0,0.0,1.0,-1
"((MAP > 27.396) U[0,2] (SepsisLabel = 0.000))
",-9999999.000,-9999999.000,0.000,0.000,1.000,0,0,0,10,10,0,0,10,0.0,0.0,0.0,0.0,0.0,1.0,-1
"F[2,2](Chloride >= 0.000 & SepsisLabel = 0.000)
",0.000,0.000,0.000,0.000,1.000,0,0,0,10,10,0,0,10,0.0,0.0,0.0,0.0,0.0,1.0,-1
"F[0,0](pH <= 0.000 & SepsisLabel = 0.000)
",-0.354,-18.778,0.000,0.000,1.000,0,0,0,10,10,0,0,10,0.0,0.0,0.0,0.0,0.0,1.0,-1
"((Creatinine > 0.024) U[0,1] (SepsisLabel = 0.000))
",-9999999.000,-9999999.000,0.000,0.000,1.000,0,0,0,10,10,0,0,10,0.0,0.0,0.0,0.0,0.0,1.0,-1
"((WBC < 5.646) U[0,2] (SepsisLabel = 0.000))
",-9999999.000,-9999999.000,0.000,0.000,1.000,0,0,0,10,10,0,0,10,0.0,0.0,0.0,0.0,0.0,1.0,-1
"F[0,1](SaO2 >= 0.000 -> SepsisLabel = 0.000)
",-9999999.000,-9999999.000,0.000,0.000,1.000,0,0,0,10,10,0,0,10,0.0,0.0,0.0,0.0,0.0,1.0,-1
"((SaO2 <= 0.000) U[1,1] (SepsisLabel = 0.000))
",0.000,0.000,0.000,0.000,1.000,0,0,0,10,10,0,0,10,0.0,0.0,0.0,0.0,0.0,1.0,-1
"F[0,1](WBC < 6.540 -> SepsisLabel = 0.000)
",-9999999.000,-9999999.000,0.000,0.000,1.000,0,0,0,10,10,0,0,10,0.0,0.0,0.0,0.0,0.0,1.0,-1
"F[0,1](TroponinI >= 0.000 -> SepsisLabel = 0.000)
",-9999999.000,-9999999.000,0.000,0.000,1.000,0,0,0,10,10,0,0,10,0.0,0.0,0.0,0.0,0.0,1.0,-1
"((Platelets > 1.539) U[0,1] (SepsisLabel = 0.000))
",-9999999.000,-9999999.000,0.000,0.000,1.000,0,0,0,10,10,0,0,10,0.0,0.0,0.0,0.0,0.0,1.0,-1
"F[1,2](Temp > 8.949 & SepsisLabel = 0.000)
",-9999999.000,-9999999.000,0.000,0.000,1.000,0,0,0,10,10,0,0,10,0.0,0.0,0.0,0.0,0.0,1.0,-1
"F[0,1](Lactate >= 0.000 & SepsisLabel = 0.000)
",-9999999.000,-9999999.000,0.000,0.000,1.000,0,0,0,10,10,0,0,10,0.0,0.0,0.0,0.0,0.0,1.0,-1
"F[0,1](Bilirubin_direct > 0.000 -> SepsisLabel = 0.000)
",-9999999.000,-9999999.000,0.000,0.000,1.000,0,0,0,10,10,0,0,10,0.0,0.0,0.0,0.0,0.0,1.0,-1
"F[1,2](SaO2 > 0.000 -> SepsisLabel = 0.000)
",-9999999.000,-9999999.000,0.000,0.000,1.000,0,0,0,10,10,0,0,10,0.0,0.0,0.0,0.0,0.0,1.0,-1
"((HCO3 < 0.000) U[0,2] (SepsisLabel = 0.000))
",-9999999.000,-9999999.000,0.000,0.000,1.000,0,0,0,10,10,0,0,10,0.0,0.0,0.0,0.0,0.0,1.0,-1
"((Platelets >= 0.870) U[2,2] (SepsisLabel = 0.000))
",0.000,0.000,0.000,0.000,1.000,0,0,0,10,10,0,0,10,0.0,0.0,0.0,0.0,0.0,1.0,-1
"F[0,1](pH > 0.000 -> SepsisLabel = 0.000)
",-9999999.000,-9999999.000,0.000,0.000,1.000,0,0,0,10,10,0,0,10,0.0,0.0,0.0,0.0,0.0,1.0,-1
"F[0,2](Resp < 19.278 -> SepsisLabel = 0.000)
",-9999999.000,-9999999.000,0.000,0.000,1.000,0,0,0,10,10,0,0,10,0.0,0.0,0.0,0.0,0.0,1.0,-1
"F[1,2](PaCO2 <= 0.000 & SepsisLabel = 0.000)
",-9999999.000,-9999999.000,0.000,0.000,1.000,0,0,0,10,10,0,0,10,0.0,0.0,0.0,0.0,0.0,1.0,-1
"F[1,2]((DBP <= 93.861 -> Hct <= 8.907) -> Glucose >= 0.516)
",-9999999.000,-9999999.000,0.000,0.000,1.000,0,0,0,10,10,0,0,10,0.0,0.0,0.0,0.0,0.0,1.0,-1
"F[2,2](Hgb >= 0.085 -> SBP >= 58.208)
",0.085,0.085,0.000,0.000,1.000,0,0,0,10,10,0,0,10,0.0,0.0,0.0,0.0,0.0,1.0,-1
"((Calcium <= 2.212) U[0,2] (SepsisLabel = 0.000))
",-9999999.000,-9999999.000,0.000,0.000,1.000,0,0,0,10,10,0,0,10,0.0,0.0,0.0,0.0,0.0,1.0,-1
"F[1,2](PaCO2 >= 0.000 | Bilirubin_total <= 0.000)
",-9999999.000,-9999999.000,0.000,0.000,1.000,0,0,0,10,10,0,0,10,0.0,0.0,0.0,0.0,0.0,1.0,-1
"F[2,2](MAP <= 113.617 & Hct >= 0.198)
",-0.198,-0.198,0.000,0.000,1.000,0,0,0,10,10,0,0,10,0.0,0.0,0.0,0.0,0.0,1.0,-1
"((Bilirubin_direct >= 0.000) U[0,2] (WBC >= 0.520))
",-9999999.000,-9999999.000,0.000,0.000,1.000,0,0,0,10,10,0,0,10,0.0,0.0,0.0,0.0,0.0,1.0,-1
"F[0,0](((Hct <= 29.071 & Resp <= 18.857) & SBP <= 21.039) -> pH <= 19.547)
",-19.547,-19.547,0.000,0.000,1.000,0,0,0,10,10,0,0,10,0.0,0.0,0.0,0.0,0.0,1.0,-1
"F[2,2]((Hct >= 1.645 -> Chloride <= 0.000) & MAP >= 0.000)
",0.000,0.000,0.000,0.000,1.000,0,0,0,10,10,0,0,10,0.0,0.0,0.0,0.0,0.0,1.0,-1
"F[0,0](((Hct >= 0.362 | Bilirubin_direct >= 0.000) & PaCO2 >= 0.000) | PTT >= 0.000)
",0.354,1.256,0.000,0.000,1.000,0,0,0,10,10,0,0,10,0.0,0.0,0.0,0.0,0.0,1.0,-1
"F[0,1](BaseExcess <= 0.000 & Hgb <= 4.462)
",-9999999.000,-9999999.000,0.000,0.000,1.000,0,0,0,10,10,0,0,10,0.0,0.0,0.0,0.0,0.0,1.0,-1
"F[2,2](((Bilirubin_total <= 0.000 -> Magnesium >= 0.059) & Lactate <= 1.216) & BaseExcess >= 0.021)
",-0.021,-0.021,0.000,0.000,1.000,0,0,0,10,10,0,0,10,0.0,0.0,0.0,0.0,0.0,1.0,-1
"F[1,1](Hct <= 14.302 -> Bilirubin_direct <= 0.000)
",-14.302,-14.302,0.000,0.000,1.000,0,0,0,10,10,0,0,10,0.0,0.0,0.0,0.0,0.0,1.0,-1
"F[0,2](Glucose <= 34.350 -> O2Sat >= 83.137)
",-9999999.000,-9999999.000,0.000,0.000,1.000,0,0,0,10,10,0,0,10,0.0,0.0,0.0,0.0,0.0,1.0,-1
"((Chloride <= 0.000) U[0,1] (Creatinine <= 0.311))
",-9999999.000,-9999999.000,0.000,0.000,1.000,0,0,0,10,10,0,0,10,0.0,0.0,0.0,0.0,0.0,1.0,-1
"F[2,2](Chloride <= 0.000 | PTT <= 0.000)
",0.000,0.000,0.000,0.000,1.000,0,0,0,10,10,0,0,10,0.0,0.0,0.0,0.0,0.0,1.0,-1
"F[1,1](AST >= 0.000 | MAP <= 88.586)
",88.586,88.586,0.000,0.000,1.000,0,0,0,10,10,0,0,10,0.0,0.0,0.0,0.0,0.0,1.0,-1
"((DBP <= 69.240) U[0,2] (Magnesium <= 0.693))
",-9999999.000,-9999999.000,0.000,0.000,1.000,0,0,0,10,10,0,0,10,0.0,0.0,0.0,0.0,0.0,1.0,-1
"((WBC <= 4.250) U[0,0] (Magnesium <= 0.358))
",4.250,4.250,0.000,0.000,1.000,0,0,0,10,10,0,0,10,0.0,0.0,0.0,0.0,0.0,1.0,-1
"F[0,1](AST <= 0.000 & SaO2 <= 0.000)
",-9999999.000,-9999999.000,0.000,0.000,1.000,0,0,0,10,10,0,0,10,0.0,0.0,0.0,0.0,0.0,1.0,-1
"F[0,2](((SBP >= 10.695 -> PaCO2 >= 0.000) | SaO2 >= 0.000) & AST >= 0.000)
",-9999999.000,-9999999.000,0.000,0.000,1.000,0,0,0,10,10,0,0,10,0.0,0.0,0.0,0.0,0.0,1.0,-1
"F[0,0](pH <= 0.000 -> SepsisLabel >= 0.000)
",-0.354,-18.778,0.000,0.000,1.000,0,0,0,10,10,0,0,10,0.0,0.0,0.0,0.0,0.0,1.0,-1
"F[1,2](((Alkalinephos >= 0.000 & HR <= 118.315) | HR <= 139.319) -> Hgb >= 35.709)
",-9999999.000,-9999999.000,0.000,0.000,1.000,0,0,0,10,10,0,0,10,0.0,0.0,0.0,0.0,0.0,1.0,-1
"F[1,2](((Hct >= 0.189 & SepsisLabel <= 0.000) & Chloride <= 0.000) & HCO3 <= 0.000)
",-9999999.000,-9999999.000,0.000,0.000,1.000,0,0,0,10,10,0,0,10,0.0,0.0,0.0,0.0,0.0,1.0,-1
"F[1,2](((Bilirubin_direct >= 0.000 & Resp >= 2.380) -> TroponinI >= 15.001) | HR >= 15.618)
",-9999999.000,-9999999.000,0.000,0.000,1.000,0,0,0,10,10,0,0,10,0.0,0.0,0.0,0.0,0.0,1.0,-1
"F[2,2](PaCO2 <= 0.000 & AST >= 0.000)
",0.000,0.000,0.000,0.000,1.000,0,0,0,10,10,0,0,10,0.0,0.0,0.0,0.0,0.0,1.0,-1
"F[0,0](((EtCO2 >= 0.000 | BaseExcess >= 0.000) | pH <= 0.000) | Glucose <= 0.000)
",2.734,17.000,0.000,0.000,1.000,0,0,0,10,10,0,0,10,0.0,0.0,0.0,0.0,0.0,1.0,-1
"F[1,2](((Bilirubin_total >= 0.000 -> Potassium <= 2.822) & DBP >= 0.034) | DBP >= 0.183)
",-9999999.000,-9999999.000,0.000,0.000,1.000,0,0,0,10,10,0,0,10,0.0,0.0,0.0,0.0,0.0,1.0,-1
"G[1,2](Magnesium <= 0.790 -> Calcium <= 2.912)
",9999999.000,9999999.000,0.000,1.000,0.000,0,0,10,0,0,10,10,0,0.0,0.0,1.0,0.0,0.0,1.0,1
"F[0,1](((Temp >= 9.729 & WBC <= 12.701) -> Hgb >= 0.502) | Chloride <= 11.628)
",-9999999.000,-9999999.000,0.000,0.000,1.000,0,0,0,10,10,0,0,10,0.0,0.0,0.0,0.0,0.0,1.0,-1
"F[2,2]((Glucose <= 60.071 -> SBP >= 1.815) & Resp <= 155.728)
",-60.071,-60.071,0.000,0.000,1.000,0,0,0,10,10,0,0,10,0.0,0.0,0.0,0.0,0.0,1.0,-1
"F[0,2]((Chloride >= 0.000 | WBC >= 0.135) & SaO2 <= 13.337)
",-9999999.000,-9999999.000,0.000,0.000,1.000,0,0,0,10,10,0,0,10,0.0,0.0,0.0,0.0,0.0,1.0,-1
"F[0,2](pH <= 0.000 & PaCO2 <= 0.000)
",-9999999.000,-9999999.000,0.000,0.000,1.000,0,0,0,10,10,0,0,10,0.0,0.0,0.0,0.0,0.0,1.0,-1
"F[0,2](((Hct <= 29.310 -> Creatinine >= 0.038) | Platelets >= 0.042) | Bilirubin_total <= 0.678)
",-9999999.000,-9999999.000,0.000,0.000,1.000,0,0,0,10,10,0,0,10,0.0,0.0,0.0,0.0,0.0,1.0,-1
"F[2,2](pH >= 0.000 -> Bilirubin_total <= 0.000)
",0.000,0.000,0.000,0.000,1.000,0,0,0,10,10,0,0,10,0.0,0.0,0.0,0.0,0.0,1.0,-1
"F[1,2](((Fibrinogen >= 0.000 | Resp >= 2.958) -> DBP <= 18.705) & Hct >= 2.896)
",-9999999.000,-9999999.000,0.000,0.000,1.000,0,0,0,10,10,0,0,10,0.0,0.0,0.0,0.0,0.0,1.0,-1
"((SaO2 >= 0.000) U[0,2] (HCO3 >= 0.000))
",-9999999.000,-9999999.000,0.000,0.000,1.000,0,0,0,10,10,0,0,10,0.0,0.0,0.0,0.0,0.0,1.0,-1
"((MAP >= 15.024) U[1,2] (Potassium >= 0.112))
",-9999999.000,-9999999.000,0.000,0.000,1.000,0,0,0,10,10,0,0,10,0.0,0.0,0.0,0.0,0.0,1.0,-1
"F[0,2](((pH <= 0.000 -> PaCO2 <= 0.000) -> SBP >= 0.000) | BaseExcess <= 0.000)
",-9999999.000,-9999999.000,0.000,0.000,1.000,0,0,0,10,10,0,0,10,0.0,0.0,0.0,0.0,0.0,1.0,-1
"F[0,0](((Creatinine <= 0.258 | Fibrinogen <= 0.000) & PaCO2 >= 0.000) -> Magnesium <= 0.000)
",0.000,0.000,0.000,0.000,1.000,0,0,0,10,10,0,0,10,0.0,0.0,0.0,0.0,0.0,1.0,-1
"F[0,2](((PTT >= 0.000 -> Chloride <= 0.000) | PaCO2 >= 0.000) | PTT <= 0.000)
",-9999999.000,-9999999.000,0.000,0.000,1.000,0,0,0,10,10,0,0,10,0.0,0.0,0.0,0.0,0.0,1.0,-1
"F[0,2](SBP >= 98.045 | Hgb >= 0.020)
",-9999999.000,-9999999.000,0.000,0.000,1.000,0,0,0,10,10,0,0,10,0.0,0.0,0.0,0.0,0.0,1.0,-1
"F[1,2](((BUN >= 0.287 -> Fibrinogen >= 0.000) & AST >= 0.000) -> Bilirubin_direct >= 0.000)
",-9999999.000,-9999999.000,0.000,0.000,1.000,0,0,0,10,10,0,0,10,0.0,0.0,0.0,0.0,0.0,1.0,-1
"F[1,2](HCO3 <= 0.000 | BUN >= 0.080)
",-9999999.000,-9999999.000,0.000,0.000,1.000,0,0,0,10,10,0,0,10,0.0,0.0,0.0,0.0,0.0,1.0,-1
"F[0,2]((Bilirubin_total >= 0.000 | Calcium >= 0.292) | HCO3 <= 3.326)
",-9999999.000,-9999999.000,0.000,0.000,1.000,0,0,0,10,10,0,0,10,0.0,0.0,0.0,0.0,0.0,1.0,-1
"F[2,2](FiO2 <= 0.000 | O2Sat >= 3.183)
",0.000,0.000,0.000,0.000,1.000,0,0,0,10,10,0,0,10,0.0,0.0,0.0,0.0,0.0,1.0,-1
"F[0,2](((HCO3 >= 0.000 -> AST >= 0.000) -> AST <= 0.000) -> SaO2 <= 0.000)
",-9999999.000,-9999999.000,0.000,0.000,1.000,0,0,0,10,10,0,0,10,0.0,0.0,0.0,0.0,0.0,1.0,-1
"F[1,2](((Bilirubin_total <= 0.000 | Bilirubin_total <= 0.000) & MAP <= 0.000) -> Chloride <= 0.000)
",-9999999.000,-9999999.000,0.000,0.000,1.000,0,0,0,10,10,0,0,10,0.0,0.0,0.0,0.0,0.0,1.0,-1
"F[1,1](((pH >= 0.000 -> Chloride <= 0.000) -> WBC <= 0.000) -> BaseExcess <= 0.000)
",0.000,0.000,0.000,0.000,1.000,0,0,0,10,10,0,0,10,0.0,0.0,0.0,0.0,0.0,1.0,-1
"F[2,2](((Platelets <= 123.975 -> SepsisLabel <= 0.000) | FiO2 >= 0.000) & EtCO2 <= 0.000)
",0.000,0.000,0.000,0.000,1.000,0,0,0,10,10,0,0,10,0.0,0.0,0.0,0.0,0.0,1.0,-1
"F[0,2](PTT >= 0.000 -> Creatinine >= 0.018)
",-9999999.000,-9999999.000,0.000,0.000,1.000,0,0,0,10,10,0,0,10,0.0,0.0,0.0,0.0,0.0,1.0,-1
"F[2,2](Potassium <= 1.040 | Creatinine >= 0.007)
",1.040,1.040,0.000,0.000,1.000,0,0,0,10,10,0,0,10,0.0,0.0,0.0,0.0,0.0,1.0,-1
"F[1,2](PTT <= 0.000 | SBP >= 37.986)
",-9999999.000,-9999999.000,0.000,0.000,1.000,0,0,0,10,10,0,0,10,0.0,0.0,0.0,0.0,0.0,1.0,-1
"F[1,2](((Creatinine >= 0.018 & DBP >= 11.114) & HCO3 >= 41.835) -> Potassium >= 47.686)
",-9999999.000,-9999999.000,0.000,0.000,1.000,0,0,0,10,10,0,0,10,0.0,0.0,0.0,0.0,0.0,1.0,-1
"F[0,0](AST <= 0.000 -> Bilirubin_total <= 0.000)
",0.000,0.000,0.000,0.000,1.000,0,0,0,10,10,0,0,10,0.0,0.0,0.0,0.0,0.0,1.0,-1
"F[1,2]((Potassium >= 0.141 -> Magnesium <= 1.471) -> BaseExcess <= 1.499)
",-9999999.000,-9999999.000,0.000,0.000,1.000,0,0,0,10,10,0,0,10,0.0,0.0,0.0,0.0,0.0,1.0,-1
"F[0,1](((pH <= 0.000 & Temp <= 32.394) -> SBP <= 36.845) | BUN >= 8.427)
",-9999999.000,-9999999.000,0.000,0.000,1.000,0,0,0,10,10,0,0,10,0.0,0.0,0.0,0.0,0.0,1.0,-1
"F[2,2]((Magnesium <= 0.667 | Hgb >= 0.141) | HCO3 <= 8.647)
",8.647,8.647,0.000,0.000,1.000,0,0,0,10,10,0,0,10,0.0,0.0,0.0,0.0,0.0,1.0,-1
"F[1,2](Bilirubin_direct >= 0.000 -> Magnesium >= 0.065)
",-9999999.000,-9999999.000,0.000,0.000,1.000,0,0,0,10,10,0,0,10,0.0,0.0,0.0,0.0,0.0,1.0,-1
"F[1,1]((Temp >= 10.673 -> EtCO2 <= 0.000) -> Alkalinephos >= 0.000)
",0.000,0.000,0.000,0.000,1.000,0,0,0,10,10,0,0,10,0.0,0.0,0.0,0.0,0.0,1.0,-1
"F[2,2]((AST >= 0.000 -> Bilirubin_direct >= 0.000) | Fibrinogen <= 0.000)
",0.000,0.000,0.000,0.000,1.000,0,0,0,10,10,0,0,10,0.0,0.0,0.0,0.0,0.0,1.0,-1
"F[0,1]((Hgb >= 0.276 | MAP <= 111.867) & Temp <= 92.960)
",-9999999.000,-9999999.000,0.000,0.000,1.000,0,0,0,10,10,0,0,10,0.0,0.0,0.0,0.0,0.0,1.0,-1
"F[0,1](((SepsisLabel <= 0.000 -> Hct >= 1.722) & BaseExcess <= 13.388) | HR >= 1.449)
",-9999999.000,-9999999.000,0.000,0.000,1.000,0,0,0,10,10,0,0,10,0.0,0.0,0.0,0.0,0.0,1.0,-1
"F[2,2]((Temp >= 22.162 | Potassium >= 0.075) | Magnesium >= 0.043)
",-0.043,-0.043,0.000,0.000,1.000,0,0,0,10,10,0,0,10,0.0,0.0,0.0,0.0,0.0,1.0,-1
"F[0,0]((Magnesium <= 0.608 | Fibrinogen <= 0.000) -> HCO3 >= 0.000)
",-0.608,-0.608,0.000,0.000,1.000,0,0,0,10,10,0,0,10,0.0,0.0,0.0,0.0,0.0,1.0,-1
"F[0,2]((Temp <= 35.081 | Hct <= 4.156) -> BaseExcess >= 0.680)
",-9999999.000,-9999999.000,0.000,0.000,1.000,0,0,0,10,10,0,0,10,0.0,0.0,0.0,0.0,0.0,1.0,-1
"F[0,0](Glucose >= 0.495 | Chloride >= 0.000)
",0.000,0.000,0.000,0.000,1.000,0,0,0,10,10,0,0,10,0.0,0.0,0.0,0.0,0.0,1.0,-1
"F[1,2](Magnesium <= 1.384 & pH <= 0.000)
",-9999999.000,-9999999.000,0.000,0.000,1.000,0,0,0,10,10,0,0,10,0.0,0.0,0.0,0.0,0.0,1.0,-1
"F[0,1]((SBP <= 142.627 | Calcium >= 0.021) -> Magnesium <= 3.798)
",-9999999.000,-9999999.000,0.000,0.000,1.000,0,0,0,10,10,0,0,10,0.0,0.0,0.0,0.0,0.0,1.0,-1
"F[1,2](((Lactate <= 0.000 -> Creatinine >= 0.017) | PaCO2 <= 0.857) | SepsisLabel <= 0.242)
",-9999999.000,-9999999.000,0.000,0.000,1.000,0,0,0,10,10,0,0,10,0.0,0.0,0.0,0.0,0.0,1.0,-1
"F[1,2](Alkalinephos <= 0.000 -> BaseExcess >= 0.000)
",-9999999.000,-9999999.000,0.000,0.000,1.000,0,0,0,10,10,0,0,10,0.0,0.0,0.0,0.0,0.0,1.0,-1
"F[2,2](SepsisLabel >= 0.000 | SBP <= 152.763)
",152.763,152.763,0.000,0.000,1.000,0,0,0,10,10,0,0,10,0.0,0.0,0.0,0.0,0.0,1.0,-1
"F[2,2](Temp <= 31.182 | Platelets >= 6.311)
",8777030535054894.000,31.182,0.000,0.000,1.000,0,0,0,10,10,0,0,10,0.0,0.0,0.0,0.0,0.0,1.0,-1
"((FiO2 <= 0.000) U[0,1] (Bilirubin_direct <= 0.000))
",-9999999.000,-9999999.000,0.000,0.000,1.000,0,0,0,10,10,0,0,10,0.0,0.0,0.0,0.0,0.0,1.0,-1
"F[1,2](DBP <= 74.245 -> pH >= 0.000)
",-9999999.000,-9999999.000,0.000,0.000,1.000,0,0,0,10,10,0,0,10,0.0,0.0,0.0,0.0,0.0,1.0,-1
"F[0,2](((O2Sat >= 85.005 | Potassium <= 3.574) & Fibrinogen <= 3.352) & Temp <= 3.549)
",-9999999.000,-9999999.000,0.000,0.000,1.000,0,0,0,10,10,0,0,10,0.0,0.0,0.0,0.0,0.0,1.0,-1
"F[1,1](WBC <= 15.235 | Temp >= 21.500)
",15.235,15.235,0.000,0.000,1.000,0,0,0,10,10,0,0,10,0.0,0.0,0.0,0.0,0.0,1.0,-1
"F[0,2](((Creatinine <= 0.574 & Lactate >= 0.000) -> Phosphate >= 0.000) -> PTT <= 0.000)
",-9999999.000,-9999999.000,0.000,0.000,1.000,0,0,0,10,10,0,0,10,0.0,0.0,0.0,0.0,0.0,1.0,-1
"F[2,2](((Alkalinephos >= 0.000 | MAP <= 109.901) | Hgb >= 29.310) | Temp <= 93.195)
",109.901,109.901,0.000,0.000,1.000,0,0,0,10,10,0,0,10,0.0,0.0,0.0,0.0,0.0,1.0,-1
"((PTT <= 0.000) U[0,2] (PTT <= 0.000))
",-9999999.000,-9999999.000,0.000,0.000,1.000,0,0,0,10,10,0,0,10,0.0,0.0,0.0,0.0,0.0,1.0,-1
"F[0,1](((TroponinI >= 0.000 | FiO2 <= 0.000) | SepsisLabel >= 0.000) -> Glucose <= 0.000)
",-9999999.000,-9999999.000,0.000,0.000,1.000,0,0,0,10,10,0,0,10,0.0,0.0,0.0,0.0,0.0,1.0,-1
"F[1,2]((EtCO2 >= 0.000 & Platelets <= 102.858) | Bilirubin_direct <= 96.645)
",-9999999.000,-9999999.000,0.000,0.000,1.000,0,0,0,10,10,0,0,10,0.0,0.0,0.0,0.0,0.0,1.0,-1
"F[1,2](((SaO2 >= 0.000 & TroponinI <= 0.000) | Bilirubin_total >= 0.000) -> Lactate >= 0.000)
",-9999999.000,-9999999.000,0.000,0.000,1.000,0,0,0,10,10,0,0,10,0.0,0.0,0.0,0.0,0.0,1.0,-1
"F[2,2](((Platelets >= 0.384 | TroponinI >= 0.000) -> EtCO2 <= 0.000) -> FiO2 >= 0.000)
",0.000,0.000,0.000,0.000,1.000,0,0,0,10,10,0,0,10,0.0,0.0,0.0,0.0,0.0,1.0,-1
"F[1,1]((MAP <= 95.239 -> pH >= 0.000) -> PaCO2 <= 0.000)
",0.000,0.000,0.000,0.000,1.000,0,0,0,10,10,0,0,10,0.0,0.0,0.0,0.0,0.0,1.0,-1
"((SBP >= 15.268) U[0,1] (WBC <= 2.114))
",-9999999.000,-9999999.000,0.000,0.000,1.000,0,0,0,10,10,0,0,10,0.0,0.0,0.0,0.0,0.0,1.0,-1
"((Calcium <= 5.686) U[0,2] (Temp <= 26.602))
",-9999999.000,-9999999.000,0.000,0.000,1.000,0,0,0,10,10,0,0,10,0.0,0.0,0.0,0.0,0.0,1.0,-1
"F[1,2](((pH <= 0.000 & Potassium >= 0.173) -> FiO2 >= 0.028) & O2Sat <= 2.786)
",-9999999.000,-9999999.000,0.000,0.000,1.000,0,0,0,10,10,0,0,10,0.0,0.0,0.0,0.0,0.0,1.0,-1
"((PaCO2 <= 0.000) U[2,2] (pH >= 0.000))
",0.000,0.000,0.000,0.000,1.000,0,0,0,10,10,0,0,10,0.0,0.0,0.0,0.0,0.0,1.0,-1
"F[2,2](((Potassium >= 0.037 -> Resp <= 20.508) -> DBP >= 4.321) | EtCO2 <= 20.105)
",20.105,20.105,0.000,0.000,1.000,0,0,0,10,10,0,0,10,0.0,0.0,0.0,0.0,0.0,1.0,-1
"F[0,2](EtCO2 <= 0.000 & HR >= 21.575)
",-9999999.000,-9999999.000,0.000,0.000,1.000,0,0,0,10,10,0,0,10,0.0,0.0,0.0,0.0,0.0,1.0,-1
"F[2,2]((HR <= 117.315 | Magnesium <= 0.783) & Phosphate >= 0.008)
",-0.008,-0.008,0.000,0.000,1.000,0,0,0,10,10,0,0,10,0.0,0.0,0.0,0.0,0.0,1.0,-1
"((BUN >= 0.280) U[0,2] (O2Sat >= 70.540))
",-9999999.000,-9999999.000,0.000,0.000,1.000,0,0,0,10,10,0,0,10,0.0,0.0,0.0,0.0,0.0,1.0,-1
"F[2,2](((HR <= 140.243 | DBP <= 94.563) | pH >= 7.536) & Hgb >= 59.891)
",-59.891,-59.891,0.000,0.000,1.000,0,0,0,10,10,0,0,10,0.0,0.0,0.0,0.0,0.0,1.0,-1
"F[0,1](((EtCO2 >= 0.000 & Potassium <= 2.540) & SepsisLabel >= 0.099) -> SBP <= 2.852)
",-9999999.000,-9999999.000,0.000,0.000,1.000,0,0,0,10,10,0,0,10,0.0,0.0,0.0,0.0,0.0,1.0,-1
"F[2,2]((PTT <= 0.000 -> Glucose <= 93.437) & pH <= 66.988)
",-93.437,-93.437,0.000,0.000,1.000,0,0,0,10,10,0,0,10,0.0,0.0,0.0,0.0,0.0,1.0,-1
"F[1,1](((PaCO2 >= 0.000 -> SaO2 <= 0.000) | MAP <= 0.000) | SaO2 <= 0.000)
",0.000,0.000,0.000,0.000,1.000,0,0,0,10,10,0,0,10,0.0,0.0,0.0,0.0,0.0,1.0,-1
"F[0,2](Alkalinephos >= 0.000 | Magnesium >= 0.067)
",-9999999.000,-9999999.000,0.000,0.000,1.000,0,0,0,10,10,0,0,10,0.0,0.0,0.0,0.0,0.0,1.0,-1
"((EtCO2 <= 0.000) U[1,2] (DBP >= 37.122))
",-9999999.000,-9999999.000,0.000,0.000,1.000,0,0,0,10,10,0,0,10,0.0,0.0,0.0,0.0,0.0,1.0,-1
"((Creatinine <= 0.128) U[1,2] (BUN >= 0.177))
",-9999999.000,-9999999.000,0.000,0.000,1.000,0,0,0,10,10,0,0,10,0.0,0.0,0.0,0.0,0.0,1.0,-1
"F[2,2]((Platelets >= 5.749 | Hgb >= 0.474) -> Hgb >= 0.150)
",0.150,0.150,0.000,0.000,1.000,0,0,0,10,10,0,0,10,0.0,0.0,0.0,0.0,0.0,1.0,-1
"F[2,2](Chloride >= 0.000 | Fibrinogen <= 0.000)
",0.000,0.000,0.000,0.000,1.000,0,0,0,10,10,0,0,10,0.0,0.0,0.0,0.0,0.0,1.0,-1
"((DBP <= 97.080) U[0,2] (SepsisLabel >= 0.000))
",-9999999.000,-9999999.000,0.000,0.000,1.000,0,0,0,10,10,0,0,10,0.0,0.0,0.0,0.0,0.0,1.0,-1
"F[0,1](((HCO3 >= 0.000 -> EtCO2 >= 0.000) -> MAP >= 0.000) | Temp >= 0.000)
",-9999999.000,-9999999.000,0.000,0.000,1.000,0,0,0,10,10,0,0,10,0.0,0.0,0.0,0.0,0.0,1.0,-1
"((Glucose <= 8.937) U[0,2] (MAP <= 95.655))
",-9999999.000,-9999999.000,0.000,0.000,1.000,0,0,0,10,10,0,0,10,0.0,0.0,0.0,0.0,0.0,1.0,-1
"F[2,2]((Fibrinogen >= 0.000 & EtCO2 <= 0.000) & Phosphate <= 0.000)
",0.000,0.000,0.000,0.000,1.000,0,0,0,10,10,0,0,10,0.0,0.0,0.0,0.0,0.0,1.0,-1
"F[0,0](((BUN >= 0.302 & BaseExcess >= 0.000) | EtCO2 <= 0.000) | WBC >= 0.000)
",0.000,0.000,0.000,0.000,1.000,0,0,0,10,10,0,0,10,0.0,0.0,0.0,0.0,0.0,1.0,-1
"F[2,2](((DBP <= 88.700 -> AST >= 0.000) | TroponinI >= 0.000) -> Glucose <= 0.000)
",0.000,0.000,0.000,0.000,1.000,0,0,0,10,10,0,0,10,0.0,0.0,0.0,0.0,0.0,1.0,-1
"F[1,2]((SaO2 <= 0.000 | Temp <= 39.895) -> BUN <= 27.033)
",-9999999.000,-9999999.000,0.000,0.000,1.000,0,0,0,10,10,0,0,10,0.0,0.0,0.0,0.0,0.0,1.0,-1
"F[0,2](((TroponinI <= 0.000 -> DBP >= 5.488) -> pH <= 95.157) & Lactate >= 2.472)
",-9999999.000,-9999999.000,0.000,0.000,1.000,0,0,0,10,10,0,0,10,0.0,0.0,0.0,0.0,0.0,1.0,-1
"F[1,2]((Magnesium <= 0.649 -> Alkalinephos <= 0.000) | Bilirubin_direct <= 0.000)
",-9999999.000,-9999999.000,0.000,0.000,1.000,0,0,0,10,10,0,0,10,0.0,0.0,0.0,0.0,0.0,1.0,-1
"((FiO2 >= 0.000) U[0,2] (HR <= 132.148))
",-9999999.000,-9999999.000,0.000,0.000,1.000,0,0,0,10,10,0,0,10,0.0,0.0,0.0,0.0,0.0,1.0,-1
"F[0,2](((Alkalinephos >= 0.000 | Potassium <= 2.484) & PTT >= 0.132) | SBP <= 1.364)
",-9999999.000,-9999999.000,0.000,0.000,1.000,0,0,0,10,10,0,0,10,0.0,0.0,0.0,0.0,0.0,1.0,-1
"F[1,1]((HCO3 >= 0.000 & FiO2 >= 0.000) & Potassium >= 0.000)
",0.000,0.000,0.000,0.000,1.000,0,0,0,10,10,0,0,10,0.0,0.0,0.0,0.0,0.0,1.0,-1
"((AST <= 0.000) U[2,2] (Bilirubin_direct <= 0.000))
",0.000,0.000,0.000,0.000,1.000,0,0,0,10,10,0,0,10,0.0,0.0,0.0,0.0,0.0,1.0,-1
"((PaCO2 >= 0.000) U[0,2] (BaseExcess <= 0.000))
",-9999999.000,-9999999.000,0.000,0.000,1.000,0,0,0,10,10,0,0,10,0.0,0.0,0.0,0.0,0.0,1.0,-1
"F[1,2](Resp >= 16.525 -> Calcium >= 0.179)
",-9999999.000,-9999999.000,0.000,0.000,1.000,0,0,0,10,10,0,0,10,0.0,0.0,0.0,0.0,0.0,1.0,-1
"((AST <= 0.000) U[1,1] (Bilirubin_total <= 0.000))
",0.000,0.000,0.000,0.000,1.000,0,0,0,10,10,0,0,10,0.0,0.0,0.0,0.0,0.0,1.0,-1
"F[0,1](((DBP <= 84.606 | SBP <= 134.859) | PTT >= 113.904) | EtCO2 <= 134.267)
",-9999999.000,-9999999.000,0.000,0.000,1.000,0,0,0,10,10,0,0,10,0.0,0.0,0.0,0.0,0.0,1.0,-1
"F[1,2]((DBP <= 81.161 & Potassium >= 0.023) -> HCO3 >= 0.163)
",-9999999.000,-9999999.000,0.000,0.000,1.000,0,0,0,10,10,0,0,10,0.0,0.0,0.0,0.0,0.0,1.0,-1
"F[0,0](((BUN <= 4.260 & MAP >= 70.556) -> HCO3 <= 112.601) | FiO2 >= 24.644)
",-24.644,-24.644,0.000,0.000,1.000,0,0,0,10,10,0,0,10,0.0,0.0,0.0,0.0,0.0,1.0,-1
"F[1,1]((Phosphate >= 0.167 | Temp <= 37.457) -> BaseExcess <= 29.441)
",-37.457,-37.457,0.000,0.000,1.000,0,0,0,10,10,0,0,10,0.0,0.0,0.0,0.0,0.0,1.0,-1
"F[0,2]((Glucose <= 18.418 -> pH >= 0.000) | BaseExcess >= 0.000)
",-9999999.000,-9999999.000,0.000,0.000,1.000,0,0,0,10,10,0,0,10,0.0,0.0,0.0,0.0,0.0,1.0,-1
"F[2,2]((AST >= 0.000 -> Hct >= 1.532) -> Bilirubin_direct >= 0.593)
",0.000,0.000,0.000,0.000,1.000,0,0,0,10,10,0,0,10,0.0,0.0,0.0,0.0,0.0,1.0,-1
"((PaCO2 >= 0.000) U[0,0] (Phosphate <= 1.187))
",1.187,1.187,0.000,0.000,1.000,0,0,0,10,10,0,0,10,0.0,0.0,0.0,0.0,0.0,1.0,-1
"F[1,2]((pH >= 0.000 & SaO2 >= 0.000) | Bilirubin_total <= 0.000)
",-9999999.000,-9999999.000,0.000,0.000,1.000,0,0,0,10,10,0,0,10,0.0,0.0,0.0,0.0,0.0,1.0,-1
"((Phosphate <= 3.045) U[1,2] (Resp <= 20.913))
",-9999999.000,-9999999.000,0.000,0.000,1.000,0,0,0,10,10,0,0,10,0.0,0.0,0.0,0.0,0.0,1.0,-1
"F[0,0](Alkalinephos >= 0.000 -> TroponinI <= 0.000)
",0.000,0.000,0.000,0.000,1.000,0,0,0,10,10,0,0,10,0.0,0.0,0.0,0.0,0.0,1.0,-1
"F[0,0](((O2Sat <= 96.724 | HR >= 33.737) | Bilirubin_total >= 18.585) -> Chloride <= 115.242)
",-22077.263,-22077.263,0.000,0.000,1.000,0,0,0,10,10,0,0,10,0.0,0.0,0.0,0.0,0.0,1.0,-1
"F[0,0]((Alkalinephos >= 0.000 | FiO2 >= 0.000) -> Resp >= 0.000)
",-2.410,-58.111,0.000,0.000,1.000,0,0,0,10,10,0,0,10,0.0,0.0,0.0,0.0,0.0,1.0,-1
"F[0,1](Hgb >= 0.336 -> PTT <= 0.000)
",-9999999.000,-9999999.000,0.000,0.000,1.000,0,0,0,10,10,0,0,10,0.0,0.0,0.0,0.0,0.0,1.0,-1
"F[1,2]((DBP <= 68.399 | WBC >= 0.739) & O2Sat >= 0.398)
",-9999999.000,-9999999.000,0.000,0.000,1.000,0,0,0,10,10,0,0,10,0.0,0.0,0.0,0.0,0.0,1.0,-1
"F[1,1]((HCO3 <= 0.000 | Platelets <= 18.187) | Calcium >= 2.495)
",18.187,18.187,0.000,0.000,1.000,0,0,0,10,10,0,0,10,0.0,0.0,0.0,0.0,0.0,1.0,-1
"F[0,2](SBP <= 137.317 -> Glucose <= 6.647)
",-9999999.000,-9999999.000,0.000,0.000,1.000,0,0,0,10,10,0,0,10,0.0,0.0,0.0,0.0,0.0,1.0,-1
"F[0,1](((O2Sat >= 26.408 | Lactate <= 0.000) & Glucose >= 0.000) | PTT <= 0.000)
",-9999999.000,-9999999.000,0.000,0.000,1.000,0,0,0,10,10,0,0,10,0.0,0.0,0.0,0.0,0.0,1.0,-1
"F[1,1]((TroponinI >= 0.000 -> Platelets <= 109.084) -> Bilirubin_total <= 114.323)
",-114.323,-114.323,0.000,0.000,1.000,0,0,0,10,10,0,0,10,0.0,0.0,0.0,0.0,0.0,1.0,-1
"F[0,2](Resp <= 21.674 | Bilirubin_direct >= 0.000)
",-9999999.000,-9999999.000,0.000,0.000,1.000,0,0,0,10,10,0,0,10,0.0,0.0,0.0,0.0,0.0,1.0,-1
"F[1,2]((SepsisLabel >= 0.000 | Temp <= 39.659) | Potassium <= 31.497)
",-9999999.000,-9999999.000,0.000,0.000,1.000,0,0,0,10,10,0,0,10,0.0,0.0,0.0,0.0,0.0,1.0,-1
"F[1,1](((Calcium >= 0.181 & MAP >= 60.743) | EtCO2 <= 106.146) -> Creatinine <= 108.689)
",-108.689,-108.689,0.000,0.000,1.000,0,0,0,10,10,0,0,10,0.0,0.0,0.0,0.0,0.0,1.0,-1
"F[2,2]((PTT <= 0.000 -> Lactate >= 0.000) -> WBC <= 0.000)
",0.000,0.000,0.000,0.000,1.000,0,0,0,10,10,0,0,10,0.0,0.0,0.0,0.0,0.0,1.0,-1
"F[0,1]((Phosphate >= 0.033 -> EtCO2 >= 0.000) & Fibrinogen <= 0.000)
",-9999999.000,-9999999.000,0.000,0.000,1.000,0,0,0,10,10,0,0,10,0.0,0.0,0.0,0.0,0.0,1.0,-1
"F[0,2](Hgb >= 0.033 & Hgb >= 0.482)
",-9999999.000,-9999999.000,0.000,0.000,1.000,0,0,0,10,10,0,0,10,0.0,0.0,0.0,0.0,0.0,1.0,-1
"((Glucose >= 0.318) U[2,2] (HCO3 <= 0.000))
",0.000,0.000,0.000,0.000,1.000,0,0,0,10,10,0,0,10,0.0,0.0,0.0,0.0,0.0,1.0,-1
"F[1,2](Potassium <= 2.270 & WBC <= 7.097)
",-9999999.000,-9999999.000,0.000,0.000,1.000,0,0,0,10,10,0,0,10,0.0,0.0,0.0,0.0,0.0,1.0,-1
"F[2,2]((Calcium >= 0.143 | Platelets >= 6.222) -> Hgb <= 60.996)
",-8584461824612089.000,-60.996,0.000,0.000,1.000,0,0,0,10,10,0,0,10,0.0,0.0,0.0,0.0,0.0,1.0,-1
"F[0,0](((Hct <= 2.820 -> Magnesium <= 0.857) | BaseExcess >= 0.062) | DBP >= 0.004)
",2.596,72.996,0.000,0.000,1.000,0,0,0,10,10,0,0,10,0.0,0.0,0.0,0.0,0.0,1.0,-1
"F[2,2]((BUN <= 5.732 | Hct >= 0.904) -> AST <= 10.965)
",-10.965,-10.965,0.000,0.000,1.000,0,0,0,10,10,0,0,10,0.0,0.0,0.0,0.0,0.0,1.0,-1
"F[0,2](((Hct >= 0.134 & O2Sat <= 99.822) & BUN <= 93.358) & Chloride <= 96.213)
",-9999999.000,-9999999.000,0.000,0.000,1.000,0,0,0,10,10,0,0,10,0.0,0.0,0.0,0.0,0.0,1.0,-1
"((Hgb >= 0.157) U[0,2] (O2Sat >= 4.209))
",-9999999.000,-9999999.000,0.000,0.000,1.000,0,0,0,10,10,0,0,10,0.0,0.0,0.0,0.0,0.0,1.0,-1
"F[1,1]((Creatinine <= 0.499 & HR <= 117.467) | AST <= 143.791)
",143.791,143.791,0.000,0.000,1.000,0,0,0,10,10,0,0,10,0.0,0.0,0.0,0.0,0.0,1.0,-1
"F[0,0](((pH <= 0.000 -> SepsisLabel >= 0.000) | Bilirubin_direct >= 0.000) -> FiO2 <= 0.000)
",0.000,0.000,0.000,0.000,1.000,0,0,0,10,10,0,0,10,0.0,0.0,0.0,0.0,0.0,1.0,-1
"F[0,0](((Glucose >= 1.711 | HR >= 43.834) -> PTT >= 70.785) | EtCO2 <= 122.864)
",17.025,105.864,0.000,0.000,1.000,0,0,0,10,10,0,0,10,0.0,0.0,0.0,0.0,0.0,1.0,-1
"F[1,2](((MAP <= 88.950 & Potassium >= 0.050) | Fibrinogen <= 3.412) | Hgb <= 1.295)
",-9999999.000,-9999999.000,0.000,0.000,1.000,0,0,0,10,10,0,0,10,0.0,0.0,0.0,0.0,0.0,1.0,-1
"F[0,1](((BUN >= 0.246 | FiO2 >= 0.000) -> Bilirubin_direct <= 0.000) -> TroponinI <= 0.000)
",-9999999.000,-9999999.000,0.000,0.000,1.000,0,0,0,10,10,0,0,10,0.0,0.0,0.0,0.0,0.0,1.0,-1
"F[0,2](((Hct <= 20.199 | Resp <= 21.856) & HR >= 6.366) -> Alkalinephos >= 7.175)
",-9999999.000,-9999999.000,0.000,0.000,1.000,0,0,0,10,10,0,0,10,0.0,0.0,0.0,0.0,0.0,1.0,-1
"F[2,2](Phosphate >= 0.112 | Temp >= 4.731)
",-8054672816574258.000,-0.112,0.000,0.000,1.000,0,0,0,10,10,0,0,10,0.0,0.0,0.0,0.0,0.0,1.0,-1
"F[1,2]((Calcium <= 4.069 & Potassium <= 0.725) & Magnesium >= 0.010)
",-9999999.000,-9999999.000,0.000,0.000,1.000,0,0,0,10,10,0,0,10,0.0,0.0,0.0,0.0,0.0,1.0,-1
"F[1,2]((Phosphate >= 0.110 & Magnesium > 0.004) -> Calcium < 4.316)
",-9999999.000,-9999999.000,0.000,0.000,1.000,0,0,0,10,10,0,0,10,0.0,0.0,0.0,0.0,0.0,1.0,-1
"F[1,2](Hgb <= 10.643 | Hct <= 26.966)
",-9999999.000,-9999999.000,0.000,0.000,1.000,0,0,0,10,10,0,0,10,0.0,0.0,0.0,0.0,0.0,1.0,-1
"F[0,2]((Calcium <= 6.484 & Potassium <= 0.301) & Magnesium >= 0.031)
",-9999999.000,-9999999.000,0.000,0.000,1.000,0,0,0,10,10,0,0,10,0.0,0.0,0.0,0.0,0.0,1.0,-1
"F[0,1]((Phosphate >= 0.109 & Magnesium > 0.073) -> Calcium < 7.124)
",-9999999.000,-9999999.000,0.000,0.000,1.000,0,0,0,10,10,0,0,10,0.0,0.0,0.0,0.0,0.0,1.0,-1
"F[1,1](Hgb <= 3.291 | Hct <= 10.844)
",10.844,10.844,0.000,0.000,1.000,0,0,0,10,10,0,0,10,0.0,0.0,0.0,0.0,0.0,1.0,-1
"F[1,2]((Calcium <= 2.419 & Potassium <= 0.217) & Magnesium >= 0.071)
",-9999999.000,-9999999.000,0.000,0.000,1.000,0,0,0,10,10,0,0,10,0.0,0.0,0.0,0.0,0.0,1.0,-1
"F[1,2]((Phosphate >= 0.172 & Magnesium > 0.014) -> Calcium < 1.486)
",-9999999.000,-9999999.000,0.000,0.000,1.000,0,0,0,10,10,0,0,10,0.0,0.0,0.0,0.0,0.0,1.0,-1
"F[0,0]((Phosphate >= 0.091 & Magnesium > 0.020) -> Calcium < 5.834)
",-5.834,-5.834,0.000,0.000,1.000,0,0,0,10,10,0,0,10,0.0,0.0,0.0,0.0,0.0,1.0,-1
"F[0,2]((Calcium <= 3.258 & Potassium <= 2.734) & Magnesium >= 0.033)
",-9999999.000,-9999999.000,0.000,0.000,1.000,0,0,0,10,10,0,0,10,0.0,0.0,0.0,0.0,0.0,1.0,-1
"F[1,2](((Calcium < 0.978 & Potassium < 3.433) & Magnesium < 0.219) & Phosphate < 0.976)
",-9999999.000,-9999999.000,0.000,0.000,1.000,0,0,0,10,10,0,0,10,0.0,0.0,0.0,0.0,0.0,1.0,-1
"F[0,2]((Phosphate >= 0.158 & Magnesium > 0.008) -> Calcium < 5.237)
",-9999999.000,-9999999.000,0.000,0.000,1.000,0,0,0,10,10,0,0,10,0.0,0.0,0.0,0.0,0.0,1.0,-1
"F[0,2](Hgb <= 7.291 | Hct <= 13.752)
",-9999999.000,-9999999.000,0.000,0.000,1.000,0,0,0,10,10,0,0,10,0.0,0.0,0.0,0.0,0.0,1.0,-1
"F[0,0](((Calcium < 7.269 & Potassium < 2.383) & Magnesium < 0.916) & Phosphate < 2.485)
",0.916,0.916,0.000,0.000,1.000,0,0,0,10,10,0,0,10,0.0,0.0,0.0,0.0,0.0,1.0,-1
"F[2,2]((Phosphate >= 0.163 & Magnesium > 0.005) -> Calcium < 0.593)
",-0.593,-0.593,0.000,0.000,1.000,0,0,0,10,10,0,0,10,0.0,0.0,0.0,0.0,0.0,1.0,-1
"((MAP >= 54.147) U[0,2] (SBP <= 147.855))
",-9999999.000,-9999999.000,0.000,0.000,1.000,0,0,0,10,10,0,0,10,0.0,0.0,0.0,0.0,0.0,1.0,-1
"F[0,1](Alkalinephos <= 0.000 | Potassium >= 0.010)
",-9999999.000,-9999999.000,0.000,0.000,1.000,0,0,0,10,10,0,0,10,0.0,0.0,0.0,0.0,0.0,1.0,-1
"F[0,2](((Phosphate >= 0.127 | SBP >= 82.869) & FiO2 <= 134.175) | Resp >= 97.775)
",-9999999.000,-9999999.000,0.000,0.000,1.000,0,0,0,10,10,0,0,10,0.0,0.0,0.0,0.0,0.0,1.0,-1
"F[0,2](Bilirubin_direct > 0.000 -> SepsisLabel = 0.000)
",-9999999.000,-9999999.000,0.000,0.000,1.000,0,0,0,10,10,0,0,10,0.0,0.0,0.0,0.0,0.0,1.0,-1
"F[0,1](BUN < 5.733 & SepsisLabel = 0.000)
",-9999999.000,-9999999.000,0.000,0.000,1.000,0,0,0,10,10,0,0,10,0.0,0.0,0.0,0.0,0.0,1.0,-1
"F[0,2]((Creatinine <= 0.575 | Potassium <= 0.273) & Chloride >= 0.149)
",-9999999.000,-9999999.000,0.000,0.000,1.000,0,0,0,10,10,0,0,10,0.0,0.0,0.0,0.0,0.0,1.0,-1
"F[2,2](Phosphate <= 0.441 | Potassium >= 0.111)
",0.441,0.441,0.000,0.000,1.000,0,0,0,10,10,0,0,10,0.0,0.0,0.0,0.0,0.0,1.0,-1
"F[1,2](BUN <= 5.232 -> Glucose <= 18.447)
",-9999999.000,-9999999.000,0.000,0.000,1.000,0,0,0,10,10,0,0,10,0.0,0.0,0.0,0.0,0.0,1.0,-1
"F[0,2]((DBP <= 71.329 | MAP >= 67.015) -> BUN >= 71.247)
",-9999999.000,-9999999.000,0.000,0.000,1.000,0,0,0,10,10,0,0,10,0.0,0.0,0.0,0.0,0.0,1.0,-1
"F[0,2](MAP >= 25.194 -> SBP <= 153.262)
",-9999999.000,-9999999.000,0.000,0.000,1.000,0,0,0,10,10,0,0,10,0.0,0.0,0.0,0.0,0.0,1.0,-1
"F[0,2](HR >= 71.515 -> O2Sat >= 73.635)
",-9999999.000,-9999999.000,0.000,0.000,1.000,0,0,0,10,10,0,0,10,0.0,0.0,0.0,0.0,0.0,1.0,-1
"F[0,2](Resp >= 4.631 & Temp <= 27.205)
",-9999999.000,-9999999.000,0.000,0.000,1.000,0,0,0,10,10,0,0,10,0.0,0.0,0.0,0.0,0.0,1.0,-1
"F[0,2](Glucose >= 4.179 -> SepsisLabel = 0.000)
",-9999999.000,-9999999.000,0.000,0.000,1.000,0,0,0,10,10,0,0,10,0.0,0.0,0.0,0.0,0.0,1.0,-1
"F[2,2]((O2Sat >= 38.426 | Temp >= 24.649) | Glucose <= 38.899)
",38.899,38.899,0.000,0.000,1.000,0,0,0,10,10,0,0,10,0.0,0.0,0.0,0.0,0.0,1.0,-1
"F[2,2](Potassium >= 0.118 | Temp <= 27.066)
",27.066,27.066,0.000,0.000,1.000,0,0,0,10,10,0,0,10,0.0,0.0,0.0,0.0,0.0,1.0,-1
"((Creatinine <= 0.076) U[0,2] (Temp >= 13.884))
",-9999999.000,-9999999.000,0.000,0.000,1.000,0,0,0,10,10,0,0,10,0.0,0.0,0.0,0.0,0.0,1.0,-1
"F[2,2](((Calcium < 3.207 & Potassium < 1.378) & Magnesium < 0.985) & Phosphate < 1.979)
",8868323757313481.000,0.985,0.000,0.000,1.000,0,0,0,10,10,0,0,10,0.0,0.0,0.0,0.0,0.0,1.0,-1
"F[2,2](((Calcium < 1.759 & Potassium < 0.365) & Magnesium < 0.338) & Phosphate < 3.266)
",0.338,0.338,0.000,0.000,1.000,0,0,0,10,10,0,0,10,0.0,0.0,0.0,0.0,0.0,1.0,-1
"((MAP >= 63.677) U[0,2] (SBP <= 139.503))
",-9999999.000,-9999999.000,0.000,0.000,1.000,0,0,0,10,10,0,0,10,0.0,0.0,0.0,0.0,0.0,1.0,-1
"F[0,1](EtCO2 > 0.000 -> SepsisLabel = 0.000)
",-9999999.000,-9999999.000,0.000,0.000,1.000,0,0,0,10,10,0,0,10,0.0,0.0,0.0,0.0,0.0,1.0,-1
"F[0,0]((O2Sat >= 4.305 -> AST <= 0.000) & PaCO2 <= 0.000)
",-2.733,-104.173,0.000,0.000,1.000,0,0,0,10,10,0,0,10,0.0,0.0,0.0,0.0,0.0,1.0,-1
"F[1,2](Lactate >= 0.000 -> Temp <= 37.632)
",-9999999.000,-9999999.000,0.000,0.000,1.000,0,0,0,10,10,0,0,10,0.0,0.0,0.0,0.0,0.0,1.0,-1
"F[1,2](((SaO2 <= 0.000 -> Lactate <= 0.000) | WBC <= 0.000) -> Hgb >= 0.000)
",-9999999.000,-9999999.000,0.000,0.000,1.000,0,0,0,10,10,0,0,10,0.0,0.0,0.0,0.0,0.0,1.0,-1
"F[0,1]((BaseExcess <= 0.000 & SaO2 <= 0.000) | PTT >= 0.000)
",-9999999.000,-9999999.000,0.000,0.000,1.000,0,0,0,10,10,0,0,10,0.0,0.0,0.0,0.0,0.0,1.0,-1
"F[2,2](Bilirubin_total >= 0.000 & AST >= 0.000)
",0.000,0.000,0.000,0.000,1.000,0,0,0,10,10,0,0,10,0.0,0.0,0.0,0.0,0.0,1.0,-1
"F[0,2](HR <= 132.356 | FiO2 <= 0.000)
",-9999999.000,-9999999.000,0.000,0.000,1.000,0,0,0,10,10,0,0,10,0.0,0.0,0.0,0.0,0.0,1.0,-1
"((Chloride >= 0.000) U[0,2] (AST <= 0.000))
",-9999999.000,-9999999.000,0.000,0.000,1.000,0,0,0,10,10,0,0,10,0.0,0.0,0.0,0.0,0.0,1.0,-1
"((SepsisLabel <= 0.000) U[0,0] (BUN <= 3.254))
",3.254,3.254,0.000,0.000,1.000,0,0,0,10,10,0,0,10,0.0,0.0,0.0,0.0,0.0,1.0,-1
"F[0,1](((Lactate >= 0.000 -> O2Sat <= 92.778) | SepsisLabel <= 92.188) & Creatinine <= 91.250)
",-9999999.000,-9999999.000,0.000,0.000,1.000,0,0,0,10,10,0,0,10,0.0,0.0,0.0,0.0,0.0,1.0,-1
"F[0,2]((Fibrinogen <= 0.000 & Resp <= 21.916) & DBP <= 19.303)
",-9999999.000,-9999999.000,0.000,0.000,1.000,0,0,0,10,10,0,0,10,0.0,0.0,0.0,0.0,0.0,1.0,-1
"F[0,2]((Hgb >= 0.460 -> HR >= 5.834) | PTT >= 3.665)
",-9999999.000,-9999999.000,0.000,0.000,1.000,0,0,0,10,10,0,0,10,0.0,0.0,0.0,0.0,0.0,1.0,-1
"F[0,2]((BUN <= 1.572 & SBP <= 140.990) -> Hgb >= 34.161)
",-9999999.000,-9999999.000,0.000,0.000,1.000,0,0,0,10,10,0,0,10,0.0,0.0,0.0,0.0,0.0,1.0,-1
"F[0,1](((Calcium < 2.094 & Potassium < 2.071) & Magnesium < 0.520) & Phosphate < 0.198)
",-9999999.000,-9999999.000,0.000,0.000,1.000,0,0,0,10,10,0,0,10,0.0,0.0,0.0,0.0,0.0,1.0,-1
"F[0,2]((Phosphate >= 0.042 & Magnesium > 0.024) -> Calcium < 6.980)
",-9999999.000,-9999999.000,0.000,0.000,1.000,0,0,0,10,10,0,0,10,0.0,0.0,0.0,0.0,0.0,1.0,-1
"((MAP >= 73.876) U[0,2] (SBP <= 145.466))
",-9999999.000,-9999999.000,0.000,0.000,1.000,0,0,0,10,10,0,0,10,0.0,0.0,0.0,0.0,0.0,1.0,-1
"F[1,2](((Calcium < 3.180 & Potassium < 1.592) & Magnesium < 0.594) & Phosphate < 1.468)
",-9999999.000,-9999999.000,0.000,0.000,1.000,0,0,0,10,10,0,0,10,0.0,0.0,0.0,0.0,0.0,1.0,-1
"F[0,1]((Phosphate >= 0.139 & Magnesium > 0.061) -> Calcium < 6.516)
",-9999999.000,-9999999.000,0.000,0.000,1.000,0,0,0,10,10,0,0,10,0.0,0.0,0.0,0.0,0.0,1.0,-1
"((MAP >= 32.953) U[0,2] (SBP <= 139.741))
",-9999999.000,-9999999.000,0.000,0.000,1.000,0,0,0,10,10,0,0,10,0.0,0.0,0.0,0.0,0.0,1.0,-1
"F[1,1](Hgb <= 4.734 | Hct <= 22.590)
",22.590,22.590,0.000,0.000,1.000,0,0,0,10,10,0,0,10,0.0,0.0,0.0,0.0,0.0,1.0,-1
"F[1,2](Hgb <= 3.287 | Hct <= 22.676)
",-9999999.000,-9999999.000,0.000,0.000,1.000,0,0,0,10,10,0,0,10,0.0,0.0,0.0,0.0,0.0,1.0,-1
"F[0,2]((Calcium <= 3.968 & Potassium <= 3.477) & Magnesium >= 0.063)
",-9999999.000,-9999999.000,0.000,0.000,1.000,0,0,0,10,10,0,0,10,0.0,0.0,0.0,0.0,0.0,1.0,-1
"F[2,2]((Phosphate >= 0.099 & Magnesium > 0.076) -> Calcium < 1.291)
",-1.291,-1.291,0.000,0.000,1.000,0,0,0,10,10,0,0,10,0.0,0.0,0.0,0.0,0.0,1.0,-1
"F[0,1](Hgb <= 9.419 | Hct <= 8.365)
",-9999999.000,-9999999.000,0.000,0.000,1.000,0,0,0,10,10,0,0,10,0.0,0.0,0.0,0.0,0.0,1.0,-1
"F[0,1](((Calcium < 5.971 & Potassium < 0.851) & Magnesium < 0.570) & Phosphate < 1.618)
",-9999999.000,-9999999.000,0.000,0.000,1.000,0,0,0,10,10,0,0,10,0.0,0.0,0.0,0.0,0.0,1.0,-1
"F[2,2]((Phosphate >= 0.098 & Magnesium > 0.025) -> Calcium < 4.242)
",-4.242,-4.242,0.000,0.000,1.000,0,0,0,10,10,0,0,10,0.0,0.0,0.0,0.0,0.0,1.0,-1
"F[2,2](Temp <= 28.218 & SepsisLabel = 0.000)
",0.000,0.000,0.000,0.000,1.000,0,0,0,10,10,0,0,10,0.0,0.0,0.0,0.0,0.0,1.0,-1
"F[0,1](DBP <= 78.824 -> SepsisLabel = 0.000)
",-9999999.000,-9999999.000,0.000,0.000,1.000,0,0,0,10,10,0,0,10,0.0,0.0,0.0,0.0,0.0,1.0,-1
"F[0,2](Potassium <= 2.437 -> SepsisLabel = 0.000)
",-9999999.000,-9999999.000,0.000,0.000,1.000,0,0,0,10,10,0,0,10,0.0,0.0,0.0,0.0,0.0,1.0,-1
"F[0,2](((Calcium < 7.670 & Potassium < 0.399) & Magnesium < 0.615) & Phosphate < 1.383)
",-9999999.000,-9999999.000,0.000,0.000,1.000,0,0,0,10,10,0,0,10,0.0,0.0,0.0,0.0,0.0,1.0,-1
"((PaCO2 >= 0.000) U[1,2] (Potassium >= 0.008))
",-9999999.000,-9999999.000,0.000,0.000,1.000,0,0,0,10,10,0,0,10,0.0,0.0,0.0,0.0,0.0,1.0,-1
"F[0,1](((FiO2 <= 0.000 -> MAP <= 113.868) & BUN <= 84.192) -> PTT <= 98.297)
",-9999999.000,-9999999.000,0.000,0.000,1.000,0,0,0,10,10,0,0,10,0.0,0.0,0.0,0.0,0.0,1.0,-1
"F[1,2]((Hgb >= 0.486 -> MAP >= 23.726) | Phosphate <= 111.791)
",-9999999.000,-9999999.000,0.000,0.000,1.000,0,0,0,10,10,0,0,10,0.0,0.0,0.0,0.0,0.0,1.0,-1
"G[2,2]((Hgb >= 0.090 & MAP >= 7.374) -> Glucose >= 10.110)
",7.374,7.374,0.000,1.000,0.000,0,0,10,0,0,10,10,0,0.0,0.0,1.0,0.0,0.0,1.0,1
"G[0,2](((Hgb <= 1.443 | Hct <= 22.411) -> WBC >= 0.074) & Platelets >= 0.253)
",9999999.000,9999999.000,0.000,1.000,0.000,0,0,0,10,10,0,0,10,0.0,0.0,0.0,0.0,0.0,1.0,1
"G[2,2](Platelets <= 119.413 -> WBC >= 0.676)
",-119.413,-119.413,0.000,1.000,0.000,0,0,10,0,0,10,10,0,0.0,0.0,1.0,0.0,0.0,1.0,1
"G[2,2](Chloride >= 0.000 & HCO3 >= 0.000)
",0.000,0.000,0.000,1.000,0.000,0,0,10,0,0,10,10,0,0.0,0.0,1.0,0.0,0.0,1.0,1
"G[0,0](BUN <= 7.294 & Creatinine >= 0.037)
",-0.037,-0.037,0.000,1.000,0.000,0,0,0,10,10,0,0,10,0.0,0.0,0.0,0.0,0.0,1.0,1
"G[1,1](((Hgb <= 7.005 | Hct <= 25.068) -> WBC >= 0.054) & Platelets >= 6.080)
",-25.068,-25.068,0.000,1.000,0.000,0,0,1,9,9,1,1,9,0.0,0.0,1.0,0.0,0.0,1.0,1
"G[0,2](Platelets <= 24.930 -> WBC >= 0.552)
",9999999.000,9999999.000,0.000,1.000,0.000,0,0,0,10,10,0,0,10,0.0,0.0,0.0,0.0,0.0,1.0,1
"G[0,2](Chloride >= 0.000 & HCO3 >= 0.000)
",9999999.000,9999999.000,0.000,1.000,0.000,0,0,10,0,0,10,10,0,0.0,0.0,1.0,0.0,0.0,1.0,1
"G[1,2](BUN <= 7.226 & Creatinine >= 0.032)
",9999999.000,9999999.000,0.000,1.000,0.000,0,0,1,9,9,1,1,9,0.0,0.0,1.0,0.0,0.0,1.0,1
"G[2,2](((Hgb <= 7.098 | Hct <= 31.504) -> WBC >= 0.046) & Platelets >= 0.457)
",-31.504,-31.504,0.000,1.000,0.000,0,0,10,0,0,10,10,0,0.0,0.0,1.0,0.0,0.0,1.0,1
"G[0,1](Platelets <= 124.745 -> WBC >= 0.613)
",9999999.000,9999999.000,0.000,1.000,0.000,0,0,0,10,10,0,0,10,0.0,0.0,0.0,0.0,0.0,1.0,1
"G[1,2](Chloride >= 0.000 & HCO3 >= 0.000)
",9999999.000,9999999.000,0.000,1.000,0.000,0,0,10,0,0,10,10,0,0.0,0.0,1.0,0.0,0.0,1.0,1
"G[0,0](BUN <= 6.750 & Creatinine >= 0.013)
",-0.013,-0.013,0.000,1.000,0.000,0,0,0,10,10,0,0,10,0.0,0.0,0.0,0.0,0.0,1.0,1
"G[0,2](((Hgb <= 9.732 | Hct <= 33.022) -> WBC >= 0.033) & Platelets >= 5.782)
",9999999.000,9999999.000,0.000,1.000,0.000,0,0,0,10,10,0,0,10,0.0,0.0,0.0,0.0,0.0,1.0,1
"G[1,2](Platelets <= 95.028 -> WBC >= 0.670)
",9999999.000,9999999.000,0.000,1.000,0.000,0,0,1,9,9,1,1,9,0.0,0.0,1.0,0.0,0.0,1.0,1
"G[1,2](Chloride >= 0.000 & HCO3 >= 0.000)
",9999999.000,9999999.000,0.000,1.000,0.000,0,0,10,0,0,10,10,0,0.0,0.0,1.0,0.0,0.0,1.0,1
"G[1,2](BUN <= 3.204 & Creatinine >= 0.009)
",9999999.000,9999999.000,0.000,1.000,0.000,0,0,1,9,9,1,1,9,0.0,0.0,1.0,0.0,0.0,1.0,1
"G[0,1](((Hgb <= 8.215 | Hct <= 9.972) -> WBC >= 0.774) & Platelets >= 3.593)
",9999999.000,9999999.000,0.000,1.000,0.000,0,0,0,10,10,0,0,10,0.0,0.0,0.0,0.0,0.0,1.0,1
"G[0,2](Platelets <= 104.201 -> WBC >= 0.625)
",9999999.000,9999999.000,0.000,1.000,0.000,0,0,0,10,10,0,0,10,0.0,0.0,0.0,0.0,0.0,1.0,1
"G[0,2](Chloride >= 0.000 & HCO3 >= 0.000)
",9999999.000,9999999.000,0.000,1.000,0.000,0,0,10,0,0,10,10,0,0.0,0.0,1.0,0.0,0.0,1.0,1
"G[2,2](BUN <= 6.152 & Creatinine >= 0.024)
",-0.024,-0.024,0.000,1.000,0.000,0,0,10,0,0,10,10,0,0.0,0.0,1.0,0.0,0.0,1.0,1
"G[1,2](((Hgb <= 8.899 | Hct <= 22.428) -> WBC >= 0.335) & Platelets >= 0.275)
",9999999.000,9999999.000,0.000,1.000,0.000,0,0,1,9,9,1,1,9,0.0,0.0,1.0,0.0,0.0,1.0,1
"G[1,2](Platelets <= 102.924 -> WBC >= 0.029)
",9999999.000,9999999.000,0.000,1.000,0.000,0,0,1,9,9,1,1,9,0.0,0.0,1.0,0.0,0.0,1.0,1
"G[1,2](Chloride >= 0.000 & HCO3 >= 0.000)
",9999999.000,9999999.000,0.000,1.000,0.000,0,0,10,0,0,10,10,0,0.0,0.0,1.0,0.0,0.0,1.0,1
"G[0,2](BUN <= 2.396 & Creatinine >= 0.001)
",9999999.000,9999999.000,0.000,1.000,0.000,0,0,0,10,10,0,0,10,0.0,0.0,0.0,0.0,0.0,1.0,1
"G[2,2](((Hgb <= 1.089 | Hct <= 27.532) -> WBC >= 0.592) & Platelets >= 5.685)
",-27.532,-27.532,0.000,1.000,0.000,0,0,10,0,0,10,10,0,0.0,0.0,1.0,0.0,0.0,1.0,1
"G[0,2](BUN <= 7.616 & Creatinine >= 0.005)
",9999999.000,9999999.000,0.000,1.000,0.000,0,0,0,10,10,0,0,10,0.0,0.0,0.0,0.0,0.0,1.0,1
"G[0,2](((DBP >= 61.877 | Temp >= 9.993) -> Resp <= 35.008) | Resp <= 35.358)
",9999999.000,9999999.000,0.000,1.000,0.000,0,0,10,0,0,10,10,0,0.0,0.0,1.0,0.0,0.0,1.0,1
"G[0,2]((HR >= 110.064 | SBP >= 82.839) & Platelets >= 21.983)
",9999999.000,9999999.000,0.000,1.000,0.000,0,0,0,10,10,0,0,10,0.0,0.0,0.0,0.0,0.0,1.0,1
"G[0,2](((DBP >= 59.216 -> Platelets <= 73.129) -> Platelets >= 5.531) -> Glucose >= 1.019)
",9999999.000,9999999.000,0.000,1.000,0.000,0,0,9,1,1,9,9,1,0.0,0.0,1.0,0.0,0.0,1.0,1
"G[1,2](((PaCO2 <= 0.000 | PTT >= 0.000) & O2Sat <= 0.000) & O2Sat >= 0.000)
",9999999.000,9999999.000,0.000,1.000,0.000,0,0,1,9,9,1,1,9,0.0,0.0,1.0,0.0,0.0,1.0,1
"G[0,2](((WBC <= 1.494 -> Calcium <= 2.629) -> FiO2 >= 0.094) & HR <= 4.442)
",9999999.000,9999999.000,0.000,1.000,0.000,0,0,0,10,10,0,0,10,0.0,0.0,0.0,0.0,0.0,1.0,1
"G[2,2](((HCO3 >= 0.000 -> BUN >= 0.412) & Lactate >= 0.232) -> Hgb >= 0.335)
",0.232,0.232,0.000,1.000,0.000,0,0,10,0,0,10,10,0,0.0,0.0,1.0,0.0,0.0,1.0,1
"G[2,2](FiO2 <= 0.000 | Bilirubin_direct <= 0.000)
",0.000,0.000,0.000,1.000,0.000,0,0,10,0,0,10,10,0,0.0,0.0,1.0,0.0,0.0,1.0,1
"G[2,2]((Phosphate >= 0.094 | SepsisLabel >= 0.000) & Hct <= 0.000)
",0.000,0.000,0.000,1.000,0.000,0,0,10,0,0,10,10,0,0.0,0.0,1.0,0.0,0.0,1.0,1
"G[1,2](((HR <= 119.803 | Chloride >= 0.000) & SBP >= 0.000) | O2Sat >= 0.000)
",9999999.000,9999999.000,0.000,1.000,0.000,0,0,10,0,0,10,10,0,0.0,0.0,1.0,0.0,0.0,1.0,1
"G[0,0](BaseExcess >= 0.000 -> BUN >= 0.084)
",0.000,0.000,0.000,1.000,0.000,0,0,0,10,10,0,0,10,0.0,0.0,0.0,0.0,0.0,1.0,1
"G[1,2](MAP >= 79.508 & BaseExcess <= 0.000)
",9999999.000,9999999.000,0.000,1.000,0.000,0,0,7,3,3,7,7,3,0.0,0.0,1.0,0.0,0.0,1.0,1
"G[1,2](((PaCO2 >= 0.000 -> SaO2 >= 0.000) & O2Sat <= 0.000) -> SepsisLabel >= 0.000)
",9999999.000,9999999.000,0.000,1.000,0.000,0,0,10,0,0,10,10,0,0.0,0.0,1.0,0.0,0.0,1.0,1
"G[1,2](((WBC <= 8.103 | PaCO2 >= 0.000) | Platelets <= 0.000) -> Fibrinogen >= 0.000)
",9999999.000,9999999.000,0.000,1.000,0.000,0,0,10,0,0,10,10,0,0.0,0.0,1.0,0.0,0.0,1.0,1
"G[1,2]((Hct <= 27.615 & TroponinI >= 0.000) -> PTT >= 0.000)
",9999999.000,9999999.000,0.000,1.000,0.000,0,0,10,0,0,10,10,0,0.0,0.0,1.0,0.0,0.0,1.0,1
"G[0,1]((Temp >= 17.179 | Resp >= 5.003) & MAP <= 20.802)
",9999999.000,9999999.000,0.000,1.000,0.000,0,0,0,10,10,0,0,10,0.0,0.0,0.0,0.0,0.0,1.0,1
"G[0,2](((Chloride >= 0.000 -> Alkalinephos >= 0.000) -> Hgb <= 0.000) & BUN >= 0.000)
",9999999.000,9999999.000,0.000,1.000,0.000,0,0,9,1,1,9,9,1,0.0,0.0,1.0,0.0,0.0,1.0,1
"G[2,2]((SBP >= 85.599 | Bilirubin_total <= 0.000) -> O2Sat <= 0.000)
",0.000,0.000,0.000,1.000,0.000,0,0,10,0,0,10,10,0,0.0,0.0,1.0,0.0,0.0,1.0,1
"G[2,2](Platelets <= 121.330 -> WBC >= 0.200)
",-8537809954036857.000,-121.330,0.000,1.000,0.000,0,0,10,0,0,10,10,0,0.0,0.0,1.0,0.0,0.0,1.0,1
"G[0,2]((Alkalinephos <= 0.000 & Glucose >= 4.415) | SepsisLabel >= 0.297)
",9999999.000,9999999.000,0.000,1.000,0.000,0,0,0,10,10,0,0,10,0.0,0.0,0.0,0.0,0.0,1.0,1
"G[0,2](((SBP <= 139.022 | TroponinI <= 0.000) -> Phosphate <= 0.000) -> HCO3 >= 0.000)
",9999999.000,9999999.000,0.000,1.000,0.000,0,0,10,0,0,10,10,0,0.0,0.0,1.0,0.0,0.0,1.0,1
"G[1,2](BaseExcess >= 0.000 | TroponinI >= 0.000)
",9999999.000,9999999.000,0.000,1.000,0.000,0,0,10,0,0,10,10,0,0.0,0.0,1.0,0.0,0.0,1.0,1
"G[1,2](((Hct <= 12.576 & Lactate <= 0.000) & SepsisLabel >= 0.000) -> TroponinI >= 0.000)
",9999999.000,9999999.000,0.000,1.000,0.000,0,0,10,0,0,10,10,0,0.0,0.0,1.0,0.0,0.0,1.0,1
"G[0,2]((WBC <= 2.242 -> PaCO2 >= 0.000) & Hgb >= 0.000)
",9999999.000,9999999.000,0.000,1.000,0.000,0,0,10,0,0,10,10,0,0.0,0.0,1.0,0.0,0.0,1.0,1
"G[0,1]((BUN <= 3.307 -> Hgb >= 0.467) & Platelets >= 0.221)
",9999999.000,9999999.000,0.000,1.000,0.000,0,0,0,10,10,0,0,10,0.0,0.0,0.0,0.0,0.0,1.0,1
"G[1,2]((O2Sat <= 91.069 | Chloride <= 0.000) -> AST <= 0.000)
",9999999.000,9999999.000,0.000,1.000,0.000,0,0,10,0,0,10,10,0,0.0,0.0,1.0,0.0,0.0,1.0,1
"G[0,2]((MAP <= 89.716 | Glucose <= 85.295) | Lactate >= 1.891)
",9999999.000,9999999.000,0.000,1.000,0.000,0,0,10,0,0,10,10,0,0.0,0.0,1.0,0.0,0.0,1.0,1
"G[0,2]((BUN >= 0.075 & MAP >= 80.127) | Glucose <= 97.425)
",9999999.000,9999999.000,0.000,1.000,0.000,0,0,10,0,0,10,10,0,0.0,0.0,1.0,0.0,0.0,1.0,1
"G[2,2]((Resp <= 21.668 & AST <= 0.000) | Chloride >= 0.000)
",0.000,0.000,0.000,1.000,0.000,0,0,10,0,0,10,10,0,0.0,0.0,1.0,0.0,0.0,1.0,1
"G[0,2](((Resp >= 15.142 -> SBP >= 102.912) | Fibrinogen <= 132.020) -> Fibrinogen >= 117.437)
",9999999.000,9999999.000,0.000,1.000,0.000,0,0,0,10,10,0,0,10,0.0,0.0,0.0,0.0,0.0,1.0,1
"G[0,2](pH >= 0.000 -> DBP <= 84.005)
",9999999.000,9999999.000,0.000,1.000,0.000,0,0,7,3,3,7,7,3,0.0,0.0,1.0,0.0,0.0,1.0,1
"G[0,2](((Glucose <= 27.166 & Resp >= 5.396) | Fibrinogen >= 15.676) | TroponinI <= 19.697)
",9999999.000,9999999.000,0.000,1.000,0.000,0,0,10,0,0,10,10,0,0.0,0.0,1.0,0.0,0.0,1.0,1
"G[0,2](Chloride >= 0.000 & HCO3 >= 0.000)
",9999999.000,9999999.000,0.000,1.000,0.000,0,0,10,0,0,10,10,0,0.0,0.0,1.0,0.0,0.0,1.0,1
"G[0,2](((Hgb <= 4.463 | Hct <= 21.804) -> WBC >= 0.474) & Platelets >= 1.673)
",9999999.000,9999999.000,0.000,1.000,0.000,0,0,0,10,10,0,0,10,0.0,0.0,0.0,0.0,0.0,1.0,1
"G[0,2]((DBP <= 86.345 | Resp >= 7.715) | Resp >= 9.426)
",9999999.000,9999999.000,0.000,1.000,0.000,0,0,10,0,0,10,10,0,0.0,0.0,1.0,0.0,0.0,1.0,1
"G[1,2](BaseExcess >= 0.000 -> Phosphate >= 0.080)
",9999999.000,9999999.000,0.000,1.000,0.000,0,0,2,8,8,2,2,8,0.0,0.0,1.0,0.0,0.0,1.0,1
"G[0,2]((Lactate <= 0.000 -> PTT >= 0.000) -> Platelets <= 0.000)
",9999999.000,9999999.000,0.000,1.000,0.000,0,0,9,1,1,9,9,1,0.0,0.0,1.0,0.0,0.0,1.0,1
"G[1,2](((Creatinine >= 0.033 | O2Sat <= 92.939) -> Bilirubin_direct >= 72.968) | HR <= 95.033)
",9999999.000,9999999.000,0.000,1.000,0.000,0,0,9,1,1,9,9,1,0.0,0.0,1.0,0.0,0.0,1.0,1
"G[1,2](((Fibrinogen >= 0.000 & Creatinine <= 0.117) -> Alkalinephos >= 0.042) | SBP <= 0.392)
",9999999.000,9999999.000,0.000,1.000,0.000,0,0,2,8,8,2,2,8,0.0,0.0,1.0,0.0,0.0,1.0,1
"G[1,2](((BUN >= 0.135 & SBP >= 46.415) | Magnesium <= 153.490) | Temp <= 139.637)
",9999999.000,9999999.000,0.000,1.000,0.000,0,0,10,0,0,10,10,0,0.0,0.0,1.0,0.0,0.0,1.0,1
"G[0,2]((Phosphate <= 1.405 & Chloride >= 0.000) -> Creatinine <= 0.000)
",9999999.000,9999999.000,0.000,1.000,0.000,0,0,10,0,0,10,10,0,0.0,0.0,1.0,0.0,0.0,1.0,1
"G[0,0](Magnesium >= 0.073 & O2Sat >= 27.782)
",-0.362,-3.152,0.000,1.000,0.000,0,0,0,10,10,0,0,10,0.0,0.0,0.0,0.0,0.0,1.0,1
"G[0,2]((SepsisLabel >= 0.000 -> Potassium <= 2.898) & PTT <= 2.061)
",9999999.000,9999999.000,0.000,1.000,0.000,0,0,9,1,1,9,9,1,0.0,0.0,1.0,0.0,0.0,1.0,1
"G[1,2]((Glucose >= 4.325 & Creatinine >= 0.015) -> Phosphate >= 0.020)
",9999999.000,9999999.000,0.000,1.000,0.000,0,0,10,0,0,10,10,0,0.0,0.0,1.0,0.0,0.0,1.0,1
"G[2,2](((SBP <= 156.303 -> Phosphate <= 2.655) & SepsisLabel >= 0.122) -> Alkalinephos <= 2.981)
",-2.981,-2.981,0.000,1.000,0.000,0,0,10,0,0,10,10,0,0.0,0.0,1.0,0.0,0.0,1.0,1
"G[0,2]((Magnesium >= 0.055 -> Platelets <= 65.281) -> Hct <= 65.726)
",9999999.000,9999999.000,0.000,1.000,0.000,0,0,10,0,0,10,10,0,0.0,0.0,1.0,0.0,0.0,1.0,1
"G[1,2](Temp >= 16.825 & Hct <= 19.138)
",9999999.000,9999999.000,0.000,1.000,0.000,0,0,9,1,1,9,9,1,0.0,0.0,1.0,0.0,0.0,1.0,1
"G[1,1]((PTT >= 0.000 | Resp <= 19.348) -> DBP <= 18.794)
",-19.348,-19.348,0.000,1.000,0.000,0,0,1,9,9,1,1,9,0.0,0.0,1.0,0.0,0.0,1.0,1
"G[1,2]((WBC <= 3.177 & Hct <= 30.885) -> Lactate >= 0.417)
",9999999.000,9999999.000,0.000,1.000,0.000,0,0,1,9,9,1,1,9,0.0,0.0,1.0,0.0,0.0,1.0,1
"G[2,2](TroponinI >= 0.000 -> Potassium >= 0.048)
",0.000,0.000,0.000,1.000,0.000,0,0,10,0,0,10,10,0,0.0,0.0,1.0,0.0,0.0,1.0,1
"G[1,1](((pH <= 0.000 -> MAP <= 96.163) | Chloride <= 102.552) -> PTT >= 60.386)
",-102.552,-102.552,0.000,1.000,0.000,0,0,1,9,9,1,1,9,0.0,0.0,1.0,0.0,0.0,1.0,1
"G[2,2](PTT >= 0.000 & MAP <= 90.788)
",0.000,0.000,0.000,1.000,0.000,0,0,10,0,0,10,10,0,0.0,0.0,1.0,0.0,0.0,1.0,1
"G[1,1](Hct >= 1.431 & DBP >= 31.704)
",-8923788997235106.000,-31.704,0.000,1.000,0.000,0,0,1,9,9,1,1,9,0.0,0.0,1.0,0.0,0.0,1.0,1
"G[1,2](Lactate <= 0.000 -> Phosphate >= 0.046)
",9999999.000,9999999.000,0.000,1.000,0.000,0,0,2,8,8,2,2,8,0.0,0.0,1.0,0.0,0.0,1.0,1
"G[1,2](BaseExcess >= 0.000 -> Glucose >= 0.426)
",9999999.000,9999999.000,0.000,1.000,0.000,0,0,2,8,8,2,2,8,0.0,0.0,1.0,0.0,0.0,1.0,1
"G[1,2]((O2Sat <= 98.674 -> Platelets <= 109.287) | Alkalinephos >= 3.844)
",9999999.000,9999999.000,0.000,1.000,0.000,0,0,10,0,0,10,10,0,0.0,0.0,1.0,0.0,0.0,1.0,1
"G[0,2](((Creatinine <= 0.130 & SaO2 >= 0.000) & AST <= 0.000) -> SaO2 >= 0.000)
",9999999.000,9999999.000,0.000,1.000,0.000,0,0,10,0,0,10,10,0,0.0,0.0,1.0,0.0,0.0,1.0,1
"G[1,2](((Chloride >= 0.000 | O2Sat <= 91.545) | SaO2 >= 15.877) -> Hct <= 98.882)
",9999999.000,9999999.000,0.000,1.000,0.000,0,0,10,0,0,10,10,0,0.0,0.0,1.0,0.0,0.0,1.0,1
"G[0,1]((SaO2 <= 0.000 -> Magnesium >= 0.008) & Glucose <= 1.212)
",9999999.000,9999999.000,0.000,1.000,0.000,0,0,0,10,10,0,0,10,0.0,0.0,0.0,0.0,0.0,1.0,1
"G[0,2]((FiO2 >= 0.000 -> PaCO2 >= 0.000) & Calcium <= 0.000)
",9999999.000,9999999.000,0.000,1.000,0.000,0,0,9,1,1,9,9,1,0.0,0.0,1.0,0.0,0.0,1.0,1
"G[1,2](Lactate >= 0.000 | BUN <= 6.778)
",9999999.000,9999999.000,0.000,1.000,0.000,0,0,10,0,0,10,10,0,0.0,0.0,1.0,0.0,0.0,1.0,1
"G[0,1]((SBP <= 129.840 | DBP <= 87.044) & PTT >= 2.592)
",9999999.000,9999999.000,0.000,1.000,0.000,0,0,0,10,10,0,0,10,0.0,0.0,0.0,0.0,0.0,1.0,1
"G[2,2](Resp <= 19.515 & Fibrinogen >= 0.000)
",0.000,0.000,0.000,1.000,0.000,0,0,10,0,0,10,10,0,0.0,0.0,1.0,0.0,0.0,1.0,1
"G[0,2](O2Sat >= 27.954 | Glucose <= 73.813)
",9999999.000,9999999.000,0.000,1.000,0.000,0,0,10,0,0,10,10,0,0.0,0.0,1.0,0.0,0.0,1.0,1
"G[0,2](DBP <= 85.064 -> O2Sat <= 91.853)
",9999999.000,9999999.000,0.000,1.000,0.000,0,0,3,7,7,3,3,7,0.0,0.0,1.0,0.0,0.0,1.0,1
"G[0,2](MAP >= 79.639 & SepsisLabel = 0.000)
",9999999.000,9999999.000,0.000,1.000,0.000,0,0,6,4,4,6,6,4,0.0,0.0,1.0,0.0,0.0,1.0,1
"G[0,2](Resp >= 15.594 & SBP <= 130.687)
",9999999.000,9999999.000,0.000,1.000,0.000,0,0,3,7,7,3,3,7,0.0,0.0,1.0,0.0,0.0,1.0,1
"G[1,2](((O2Sat >= 17.742 & Resp >= 9.011) & Magnesium >= 3.636) | Calcium <= 19.978)
",9999999.000,9999999.000,0.000,1.000,0.000,0,0,10,0,0,10,10,0,0.0,0.0,1.0,0.0,0.0,1.0,1
"G[0,2](((O2Sat >= 7.100 -> SBP <= 148.770) & HCO3 <= 136.287) -> BaseExcess <= 143.206)
",9999999.000,9999999.000,0.000,1.000,0.000,0,0,10,0,0,10,10,0,0.0,0.0,1.0,0.0,0.0,1.0,1
"G[0,2](BUN >= 0.243 | Phosphate >= 0.123)
",9999999.000,9999999.000,0.000,1.000,0.000,0,0,0,10,10,0,0,10,0.0,0.0,0.0,0.0,0.0,1.0,1
"G[0,1]((BUN >= 0.102 | Magnesium >= 0.029) | O2Sat <= 0.206)
",9999999.000,9999999.000,0.000,1.000,0.000,0,0,0,10,10,0,0,10,0.0,0.0,0.0,0.0,0.0,1.0,1
"G[1,2]((Creatinine >= 0.004 | Glucose <= 79.834) -> Calcium >= 0.669)
",9999999.000,9999999.000,0.000,1.000,0.000,0,0,2,8,8,2,2,8,0.0,0.0,1.0,0.0,0.0,1.0,1
"G[0,1]((Calcium >= 0.236 | Phosphate >= 0.067) & MAP <= 0.983)
",9999999.000,9999999.000,0.000,1.000,0.000,0,0,0,10,10,0,0,10,0.0,0.0,0.0,0.0,0.0,1.0,1
"G[0,1](Phosphate > 0.150 & SepsisLabel = 0.000)
",9999999.000,9999999.000,0.000,1.000,0.000,0,0,0,10,10,0,0,10,0.0,0.0,0.0,0.0,0.0,1.0,1
"G[2,2](Temp < 39.201 -> SepsisLabel = 0.000)
",-39.201,-39.201,0.000,1.000,0.000,0,0,10,0,0,10,10,0,0.0,0.0,1.0,0.0,0.0,1.0,1
"G[0,2](pH > 0.000 & SepsisLabel = 0.000)
",9999999.000,9999999.000,0.000,1.000,0.000,0,0,0,10,10,0,0,10,0.0,0.0,0.0,0.0,0.0,1.0,1
"G[1,2](FiO2 > 0.000 -> SepsisLabel = 0.000)
",9999999.000,9999999.000,0.000,1.000,0.000,0,0,10,0,0,10,10,0,0.0,0.0,1.0,0.0,0.0,1.0,1
"G[1,1](EtCO2 < 0.000 & SepsisLabel = 0.000)
",0.000,0.000,0.000,1.000,0.000,0,0,1,9,9,1,1,9,0.0,0.0,1.0,0.0,0.0,1.0,1
"G[1,2](DBP <= 74.859 & SepsisLabel = 0.000)
",9999999.000,9999999.000,0.000,1.000,0.000,0,0,7,3,3,7,7,3,0.0,0.0,1.0,0.0,0.0,1.0,1
"G[1,2](((Platelets <= 98.406 & Alkalinephos <= 0.000) & EtCO2 >= 0.000) | Magnesium >= 0.000)
",9999999.000,9999999.000,0.000,1.000,0.000,0,0,10,0,0,10,10,0,0.0,0.0,1.0,0.0,0.0,1.0,1
"G[1,2](EtCO2 > 0.000 & SepsisLabel = 0.000)
",9999999.000,9999999.000,0.000,1.000,0.000,0,0,1,9,9,1,1,9,0.0,0.0,1.0,0.0,0.0,1.0,1
"G[1,2](BUN <= 1.770 & Creatinine >= 0.008)
",9999999.000,9999999.000,0.000,1.000,0.000,0,0,1,9,9,1,1,9,0.0,0.0,1.0,0.0,0.0,1.0,1
"G[0,1](((Hgb <= 8.247 | Hct <= 13.810) -> WBC >= 0.217) & Platelets >= 6.552)
",9999999.000,9999999.000,0.000,1.000,0.000,0,0,0,10,10,0,0,10,0.0,0.0,0.0,0.0,0.0,1.0,1
"G[0,2](Platelets <= 49.687 -> WBC >= 0.671)
",9999999.000,9999999.000,0.000,1.000,0.000,0,0,0,10,10,0,0,10,0.0,0.0,0.0,0.0,0.0,1.0,1
"G[0,2](Chloride >= 0.000 & HCO3 >= 0.000)
",9999999.000,9999999.000,0.000,1.000,0.000,0,0,10,0,0,10,10,0,0.0,0.0,1.0,0.0,0.0,1.0,1
"G[0,0](BUN <= 4.397 & Creatinine >= 0.028)
",-0.028,-0.028,0.000,1.000,0.000,0,0,0,10,10,0,0,10,0.0,0.0,0.0,0.0,0.0,1.0,1
"G[0,1](Platelets <= 131.259 -> WBC >= 0.696)
",9999999.000,9999999.000,0.000,1.000,0.000,0,0,0,10,10,0,0,10,0.0,0.0,0.0,0.0,0.0,1.0,1
"G[0,2](Chloride >= 0.000 & HCO3 >= 0.000)
",9999999.000,9999999.000,0.000,1.000,0.000,0,0,10,0,0,10,10,0,0.0,0.0,1.0,0.0,0.0,1.0,1
"G[1,2](BUN <= 6.356 & Creatinine >= 0.026)
",9999999.000,9999999.000,0.000,1.000,0.000,0,0,1,9,9,1,1,9,0.0,0.0,1.0,0.0,0.0,1.0,1
"G[1,2](Platelets <= 20.737 -> WBC >= 0.258)
",9999999.000,9999999.000,0.000,1.000,0.000,0,0,1,9,9,1,1,9,0.0,0.0,1.0,0.0,0.0,1.0,1
"G[1,2]((Platelets >= 0.152 -> Calcium >= 0.440) | PaCO2 <= 0.644)
",9999999.000,9999999.000,0.000,1.000,0.000,0,0,10,0,0,10,10,0,0.0,0.0,1.0,0.0,0.0,1.0,1
"G[1,2](SepsisLabel >= 0.000 & Hct >= 1.420)
",9999999.000,9999999.000,0.000,1.000,0.000,0,0,1,9,9,1,1,9,0.0,0.0,1.0,0.0,0.0,1.0,1
"G[0,2](Bilirubin_total >= 0.000 -> O2Sat <= 91.462)
",9999999.000,9999999.000,0.000,1.000,0.000,0,0,0,10,10,0,0,10,0.0,0.0,0.0,0.0,0.0,1.0,1
"G[0,2](((pH <= 0.000 | SaO2 <= 0.000) & Bilirubin_direct >= 0.000) -> Potassium <= 0.000)
",9999999.000,9999999.000,0.000,1.000,0.000,0,0,9,1,1,9,9,1,0.0,0.0,1.0,0.0,0.0,1.0,1
"F[0,1]((Chloride <= 0.000 -> AST <= 0.000) -> Bilirubin_total <= 0.000)
",-9999999.000,-9999999.000,0.000,0.000,1.000,0,0,0,10,10,0,0,10,0.0,0.0,0.0,0.0,0.0,1.0,-1
"G[1,2](((MAP >= 21.111 & Platelets <= 141.401) | BaseExcess >= 8.546) & O2Sat <= 134.194)
",9999999.000,9999999.000,0.000,1.000,0.000,0,0,10,0,0,10,10,0,0.0,0.0,1.0,0.0,0.0,1.0,1
"F[2,2](Creatinine <= 0.583 & WBC <= 3.059)
",0.583,0.583,0.000,0.000,1.000,0,0,0,10,10,0,0,10,0.0,0.0,0.0,0.0,0.0,1.0,-1
"F[0,2](((pH >= 0.000 & WBC >= 0.528) & O2Sat >= 0.279) & FiO2 <= 5.224)
",-9999999.000,-9999999.000,0.000,0.000,1.000,0,0,0,10,10,0,0,10,0.0,0.0,0.0,0.0,0.0,1.0,-1
"((AST <= 0.000) U[1,2] (DBP <= 72.514))
",-9999999.000,-9999999.000,0.000,0.000,1.000,0,0,0,10,10,0,0,10,0.0,0.0,0.0,0.0,0.0,1.0,-1
"F[1,2](TroponinI <= 0.000 | WBC >= 0.626)
",-9999999.000,-9999999.000,0.000,0.000,1.000,0,0,0,10,10,0,0,10,0.0,0.0,0.0,0.0,0.0,1.0,-1
"F[0,2]((SepsisLabel >= 0.000 -> O2Sat >= 43.498) | O2Sat <= 97.416)
",-9999999.000,-9999999.000,0.000,0.000,1.000,0,0,0,10,10,0,0,10,0.0,0.0,0.0,0.0,0.0,1.0,-1
"F[0,1]((Resp >= 4.934 | BaseExcess <= 0.000) | pH <= 0.000)
",-9999999.000,-9999999.000,0.000,0.000,1.000,0,0,0,10,10,0,0,10,0.0,0.0,0.0,0.0,0.0,1.0,-1
"F[1,1]((Bilirubin_direct <= 0.000 | SBP <= 141.723) & Platelets <= 132.439)
",132.439,132.439,0.000,0.000,1.000,0,0,0,10,10,0,0,10,0.0,0.0,0.0,0.0,0.0,1.0,-1
"((PTT >= 0.000) U[1,2] (Bilirubin_direct <= 0.000))
",-9999999.000,-9999999.000,0.000,0.000,1.000,0,0,0,10,10,0,0,10,0.0,0.0,0.0,0.0,0.0,1.0,-1
"F[1,1](Hgb <= 6.980 | Hct <= 32.315)
",32.315,32.315,0.000,0.000,1.000,0,0,0,10,10,0,0,10,0.0,0.0,0.0,0.0,0.0,1.0,-1
"F[0,2](pH >= 0.000 -> Phosphate <= 1.800)
",-9999999.000,-9999999.000,0.000,0.000,1.000,0,0,0,10,10,0,0,10,0.0,0.0,0.0,0.0,0.0,1.0,-1
"F[1,2](Magnesium >= 0.049 & Chloride >= 0.000)
",-9999999.000,-9999999.000,0.000,0.000,1.000,0,0,0,10,10,0,0,10,0.0,0.0,0.0,0.0,0.0,1.0,-1
"F[0,1]((Creatinine >= 0.042 -> PTT >= 0.000) & Bilirubin_total <= 0.000)
",-9999999.000,-9999999.000,0.000,0.000,1.000,0,0,0,10,10,0,0,10,0.0,0.0,0.0,0.0,0.0,1.0,-1
"F[1,1](((WBC <= 1.647 | SepsisLabel >= 0.000) -> EtCO2 <= 0.000) | Resp >= 0.000)
",0.000,0.000,0.000,0.000,1.000,0,0,0,10,10,0,0,10,0.0,0.0,0.0,0.0,0.0,1.0,-1
"F[0,1](((HCO3 >= 0.000 | HCO3 <= 0.000) -> WBC >= 0.000) & Fibrinogen <= 0.000)
",-9999999.000,-9999999.000,0.000,0.000,1.000,0,0,0,10,10,0,0,10,0.0,0.0,0.0,0.0,0.0,1.0,-1
"F[0,1]((Creatinine <= 0.723 -> Glucose <= 58.942) | SepsisLabel >= 0.671)
",-9999999.000,-9999999.000,0.000,0.000,1.000,0,0,0,10,10,0,0,10,0.0,0.0,0.0,0.0,0.0,1.0,-1
"F[0,1]((PaCO2 <= 0.000 | BaseExcess >= 0.000) -> Hgb >= 0.000)
",-9999999.000,-9999999.000,0.000,0.000,1.000,0,0,0,10,10,0,0,10,0.0,0.0,0.0,0.0,0.0,1.0,-1
"F[2,2]((Chloride >= 0.000 -> O2Sat <= 97.231) -> Temp <= 91.249)
",-91.249,-91.249,0.000,0.000,1.000,0,0,0,10,10,0,0,10,0.0,0.0,0.0,0.0,0.0,1.0,-1
"F[0,1](((Alkalinephos <= 0.000 & Glucose <= 81.488) | TroponinI >= 0.634) | HR <= 22.972)
",-9999999.000,-9999999.000,0.000,0.000,1.000,0,0,0,10,10,0,0,10,0.0,0.0,0.0,0.0,0.0,1.0,-1
"F[0,0]((SaO2 >= 0.000 -> FiO2 >= 0.000) -> Bilirubin_total <= 0.000)
",0.000,0.000,0.000,0.000,1.000,0,0,0,10,10,0,0,10,0.0,0.0,0.0,0.0,0.0,1.0,-1
"F[0,0]((Glucose <= 43.055 -> O2Sat <= 92.470) -> SaO2 <= 96.014)
",-96.014,-96.014,0.000,0.000,1.000,0,0,0,10,10,0,0,10,0.0,0.0,0.0,0.0,0.0,1.0,-1
"F[0,1](PTT <= 0.000 & BUN <= 8.923)
",-9999999.000,-9999999.000,0.000,0.000,1.000,0,0,0,10,10,0,0,10,0.0,0.0,0.0,0.0,0.0,1.0,-1
"F[1,2]((Platelets <= 104.733 | PaCO2 >= 0.000) -> Magnesium >= 0.000)
",-9999999.000,-9999999.000,0.000,0.000,1.000,0,0,0,10,10,0,0,10,0.0,0.0,0.0,0.0,0.0,1.0,-1
"F[2,2]((PaCO2 >= 0.000 -> PTT >= 0.000) | BaseExcess >= 0.000)
",0.000,0.000,0.000,0.000,1.000,0,0,0,10,10,0,0,10,0.0,0.0,0.0,0.0,0.0,1.0,-1
"F[1,2]((PaCO2 >= 0.000 | WBC >= 0.634) -> AST <= 1.328)
",-9999999.000,-9999999.000,0.000,0.000,1.000,0,0,0,10,10,0,0,10,0.0,0.0,0.0,0.0,0.0,1.0,-1
"((Magnesium >= 0.001) U[2,2] (Phosphate <= 0.216))
",0.216,0.216,0.000,0.000,1.000,0,0,0,10,10,0,0,10,0.0,0.0,0.0,0.0,0.0,1.0,-1
"G[0,2]((Potassium <= 0.821 -> WBC <= 11.677) | WBC <= 14.061)
",9999999.000,9999999.000,0.000,1.000,0.000,0,0,9,1,1,9,9,1,0.0,0.0,1.0,0.0,0.0,1.0,1
"G[0,0](Platelets >= 3.059 & WBC <= 13.337)
",-3.059,-3.059,0.000,1.000,0.000,0,0,0,10,10,0,0,10,0.0,0.0,0.0,0.0,0.0,1.0,1
"F[1,1]((Glucose <= 15.928 | Glucose >= 2.249) | Bilirubin_total >= 0.593)
",8966947314519415.000,15.928,0.000,0.000,1.000,0,0,0,10,10,0,0,10,0.0,0.0,0.0,0.0,0.0,1.0,-1
"((BUN >= 0.153) U[0,2] (Fibrinogen >= 0.000))
",-9999999.000,-9999999.000,0.000,0.000,1.000,0,0,0,10,10,0,0,10,0.0,0.0,0.0,0.0,0.0,1.0,-1
"F[0,2](((Lactate <= 0.000 & pH >= 0.000) -> Platelets <= 0.000) & Bilirubin_direct <= 0.000)
",-9999999.000,-9999999.000,0.000,0.000,1.000,0,0,0,10,10,0,0,10,0.0,0.0,0.0,0.0,0.0,1.0,-1
"G[1,2](((Hgb >= 0.498 & HR <= 116.172) | Bilirubin_total >= 55.822) & AST <= 131.849)
",9999999.000,9999999.000,0.000,1.000,0.000,0,0,1,9,9,1,1,9,0.0,0.0,1.0,0.0,0.0,1.0,1
"F[1,2](Alkalinephos <= 0.000 & MAP >= 72.816)
",-9999999.000,-9999999.000,0.000,0.000,1.000,0,0,0,10,10,0,0,10,0.0,0.0,0.0,0.0,0.0,1.0,-1
"F[0,1]((TroponinI <= 0.000 -> PTT >= 0.000) & Magnesium <= 0.000)
",-9999999.000,-9999999.000,0.000,0.000,1.000,0,0,0,10,10,0,0,10,0.0,0.0,0.0,0.0,0.0,1.0,-1
"F[0,2](((MAP >= 68.769 & HCO3 <= 0.000) -> DBP <= 0.000) -> HCO3 >= 0.000)
",-9999999.000,-9999999.000,0.000,0.000,1.000,0,0,0,10,10,0,0,10,0.0,0.0,0.0,0.0,0.0,1.0,-1
"F[0,2](Chloride <= 0.000 -> PTT >= 0.000)
",-9999999.000,-9999999.000,0.000,0.000,1.000,0,0,0,10,10,0,0,10,0.0,0.0,0.0,0.0,0.0,1.0,-1
"F[0,2](Temp >= 15.716 | Fibrinogen <= 0.000)
",-9999999.000,-9999999.000,0.000,0.000,1.000,0,0,0,10,10,0,0,10,0.0,0.0,0.0,0.0,0.0,1.0,-1
"F[0,2]((BUN >= 0.037 -> Lactate >= 0.000) -> HCO3 >= 0.000)
",-9999999.000,-9999999.000,0.000,0.000,1.000,0,0,0,10,10,0,0,10,0.0,0.0,0.0,0.0,0.0,1.0,-1
"F[0,1]((Bilirubin_direct <= 0.000 -> Platelets >= 5.418) -> SBP >= 3.100)
",-9999999.000,-9999999.000,0.000,0.000,1.000,0,0,0,10,10,0,0,10,0.0,0.0,0.0,0.0,0.0,1.0,-1
"F[0,2](((TroponinI <= 0.000 | Potassium <= 2.465) | AST <= 3.350) & PTT <= 1.010)
",-9999999.000,-9999999.000,0.000,0.000,1.000,0,0,0,10,10,0,0,10,0.0,0.0,0.0,0.0,0.0,1.0,-1
"F[0,2](SepsisLabel <= 0.000 -> HR <= 146.849)
",-9999999.000,-9999999.000,0.000,0.000,1.000,0,0,0,10,10,0,0,10,0.0,0.0,0.0,0.0,0.0,1.0,-1
"F[0,2]((Calcium >= 0.358 | Temp <= 37.947) & Glucose <= 31.643)
",-9999999.000,-9999999.000,0.000,0.000,1.000,0,0,0,10,10,0,0,10,0.0,0.0,0.0,0.0,0.0,1.0,-1
"F[1,1]((MAP >= 41.597 | Hct >= 0.627) & SepsisLabel <= 4.617)
",-0.627,-0.627,0.000,0.000,1.000,0,0,0,10,10,0,0,10,0.0,0.0,0.0,0.0,0.0,1.0,-1
"((Bilirubin_total <= 0.000) U[2,2] (Creatinine >= 0.033))
",0.000,0.000,0.000,0.000,1.000,0,0,0,10,10,0,0,10,0.0,0.0,0.0,0.0,0.0,1.0,-1
"F[0,0]((HR >= 95.554 | SBP <= 154.018) -> pH <= 154.547)
",-22015.446,-22015.446,0.000,0.000,1.000,0,0,0,10,10,0,0,10,0.0,0.0,0.0,0.0,0.0,1.0,-1
"F[0,1]((DBP <= 69.039 | BaseExcess >= 0.000) -> Bilirubin_total <= 0.000)
",-9999999.000,-9999999.000,0.000,0.000,1.000,0,0,0,10,10,0,0,10,0.0,0.0,0.0,0.0,0.0,1.0,-1
"F[0,0](Resp <= 19.209 | Resp >= 11.094)
",3.008,50.384,0.000,0.000,1.000,0,0,0,10,10,0,0,10,0.0,0.0,0.0,0.0,0.0,1.0,-1
"((HCO3 <= 0.000) U[0,1] (BaseExcess >= 0.000))
",-9999999.000,-9999999.000,0.000,0.000,1.000,0,0,0,10,10,0,0,10,0.0,0.0,0.0,0.0,0.0,1.0,-1
"F[1,1]((TroponinI >= 0.000 -> TroponinI >= 0.000) -> Hct >= 0.000)
",0.000,0.000,0.000,0.000,1.000,0,0,0,10,10,0,0,10,0.0,0.0,0.0,0.0,0.0,1.0,-1
"F[0,2]((HR <= 139.817 | SBP <= 147.908) | Platelets <= 141.121)
",-9999999.000,-9999999.000,0.000,0.000,1.000,0,0,0,10,10,0,0,10,0.0,0.0,0.0,0.0,0.0,1.0,-1
"F[2,2](Potassium <= 2.777 & Bilirubin_direct >= 0.000)
",0.000,0.000,0.000,0.000,1.000,0,0,0,10,10,0,0,10,0.0,0.0,0.0,0.0,0.0,1.0,-1
"F[1,1]((EtCO2 <= 0.000 -> Bilirubin_total >= 0.000) -> Fibrinogen <= 0.000)
",0.000,0.000,0.000,0.000,1.000,0,0,0,10,10,0,0,10,0.0,0.0,0.0,0.0,0.0,1.0,-1
"F[0,2](((Resp <= 19.821 | BaseExcess <= 0.000) | Calcium <= 0.000) & HR >= 0.000)
",-9999999.000,-9999999.000,0.000,0.000,1.000,0,0,0,10,10,0,0,10,0.0,0.0,0.0,0.0,0.0,1.0,-1
"F[0,0]((Creatinine >= 0.024 -> HCO3 >= 0.000) -> PTT <= 0.000)
",0.000,0.000,0.000,0.000,1.000,0,0,0,10,10,0,0,10,0.0,0.0,0.0,0.0,0.0,1.0,-1
"F[1,2]((Hct >= 1.323 | Alkalinephos <= 0.000) | BUN >= 0.000)
",-9999999.000,-9999999.000,0.000,0.000,1.000,0,0,0,10,10,0,0,10,0.0,0.0,0.0,0.0,0.0,1.0,-1
"F[0,0](((BaseExcess >= 0.000 & SaO2 <= 0.000) & Calcium <= 0.000) | Potassium <= 0.000)
",0.000,0.000,0.000,0.000,1.000,0,0,0,10,10,0,0,10,0.0,0.0,0.0,0.0,0.0,1.0,-1
"((DBP >= 1.766) U[0,2] (Phosphate <= 1.022))
",-9999999.000,-9999999.000,0.000,0.000,1.000,0,0,0,10,10,0,0,10,0.0,0.0,0.0,0.0,0.0,1.0,-1
"F[1,2]((Alkalinephos <= 0.000 & HCO3 <= 0.000) -> Phosphate >= 0.000)
",-9999999.000,-9999999.000,0.000,0.000,1.000,0,0,0,10,10,0,0,10,0.0,0.0,0.0,0.0,0.0,1.0,-1
"G[0,2]((Resp <= 19.482 & WBC >= 0.306) | WBC <= 4.249)
",9999999.000,9999999.000,0.000,1.000,0.000,0,0,10,0,0,10,10,0,0.0,0.0,1.0,0.0,0.0,1.0,1
"G[0,2]((Phosphate <= 2.693 | O2Sat <= 99.432) | Potassium <= 95.379)
",9999999.000,9999999.000,0.000,1.000,0.000,0,0,10,0,0,10,10,0,0.0,0.0,1.0,0.0,0.0,1.0,1
"G[2,2](((PaCO2 >= 0.000 -> Magnesium >= 0.032) -> Hct >= 0.066) -> Calcium <= 0.483)
",-0.483,-0.483,0.000,1.000,0.000,0,0,10,0,0,10,10,0,0.0,0.0,1.0,0.0,0.0,1.0,1
"G[1,2]((Calcium <= 5.587 -> HR <= 115.439) & SBP >= 25.838)
",9999999.000,9999999.000,0.000,1.000,0.000,0,0,5,5,5,5,5,5,0.0,0.0,1.0,0.0,0.0,1.0,1
"G[2,2]((pH <= 0.000 -> Bilirubin_total <= 0.000) -> SepsisLabel >= 0.000)
",0.000,0.000,0.000,1.000,0.000,0,0,10,0,0,10,10,0,0.0,0.0,1.0,0.0,0.0,1.0,1
"G[2,2](Potassium >= 0.084 | pH <= 0.000)
",0.000,0.000,0.000,1.000,0.000,0,0,10,0,0,10,10,0,0.0,0.0,1.0,0.0,0.0,1.0,1
"G[1,2]((BUN <= 3.871 | Resp >= 1.008) | PTT >= 12.950)
",9999999.000,9999999.000,0.000,1.000,0.000,0,0,10,0,0,10,10,0,0.0,0.0,1.0,0.0,0.0,1.0,1
"G[1,2](Hgb >= 0.391 | Resp <= 19.652)
",9999999.000,9999999.000,0.000,1.000,0.000,0,0,5,5,5,5,5,5,0.0,0.0,1.0,0.0,0.0,1.0,1
"G[2,2](((Resp >= 1.584 | WBC >= 0.375) | SepsisLabel >= 0.131) | TroponinI >= 0.507)
",-0.131,-0.131,0.000,1.000,0.000,0,0,10,0,0,10,10,0,0.0,0.0,1.0,0.0,0.0,1.0,1
"G[0,2](BUN >= 0.153 | DBP >= 18.894)
",9999999.000,9999999.000,0.000,1.000,0.000,0,0,9,1,1,9,9,1,0.0,0.0,1.0,0.0,0.0,1.0,1
"G[0,2](DBP >= 39.533 -> Magnesium >= 0.007)
",9999999.000,9999999.000,0.000,1.000,0.000,0,0,0,10,10,0,0,10,0.0,0.0,0.0,0.0,0.0,1.0,1
"G[2,2](Creatinine <= 0.298 | DBP <= 97.333)
",97.333,97.333,0.000,1.000,0.000,0,0,10,0,0,10,10,0,0.0,0.0,1.0,0.0,0.0,1.0,1
"G[2,2]((MAP >= 64.996 | Phosphate <= 1.525) & HCO3 >= 0.087)
",-0.087,-0.087,0.000,1.000,0.000,0,0,10,0,0,10,10,0,0.0,0.0,1.0,0.0,0.0,1.0,1
"G[0,2]((Creatinine <= 0.773 -> MAP >= 24.165) -> Hgb >= 13.446)
",9999999.000,9999999.000,0.000,1.000,0.000,0,0,0,10,10,0,0,10,0.0,0.0,0.0,0.0,0.0,1.0,1
"G[1,2]((Magnesium <= 0.520 -> MAP >= 64.982) | Calcium >= 69.016)
",9999999.000,9999999.000,0.000,1.000,0.000,0,0,9,1,1,9,9,1,0.0,0.0,1.0,0.0,0.0,1.0,1
"G[2,2](HR <= 135.808 | Phosphate <= 3.269)
",135.808,135.808,0.000,1.000,0.000,0,0,10,0,0,10,10,0,0.0,0.0,1.0,0.0,0.0,1.0,1
"G[1,2](((O2Sat <= 99.397 -> Platelets >= 8.085) & Fibrinogen >= 5.573) -> Hgb <= 159.897)
",9999999.000,9999999.000,0.000,1.000,0.000,0,0,10,0,0,10,10,0,0.0,0.0,1.0,0.0,0.0,1.0,1
"G[0,2]((Bilirubin_direct <= 0.000 & PaCO2 >= 0.000) & AST >= 0.000)
",9999999.000,9999999.000,0.000,1.000,0.000,0,0,10,0,0,10,10,0,0.0,0.0,1.0,0.0,0.0,1.0,1
"G[1,1](((BUN <= 1.378 | Platelets >= 1.607) & TroponinI <= 44.477) & Phosphate >= 5.913)
",-5.913,-5.913,0.000,1.000,0.000,0,0,1,9,9,1,1,9,0.0,0.0,1.0,0.0,0.0,1.0,1
"G[1,2](((Glucose <= 19.705 & Platelets >= 8.890) -> SaO2 <= 59.030) | Bilirubin_total <= 148.223)
",9999999.000,9999999.000,0.000,1.000,0.000,0,0,10,0,0,10,10,0,0.0,0.0,1.0,0.0,0.0,1.0,1
"G[2,2](((Creatinine >= 0.003 | Hct <= 25.315) | DBP <= 7.330) & Alkalinephos <= 23.082)
",23.082,23.082,0.000,1.000,0.000,0,0,10,0,0,10,10,0,0.0,0.0,1.0,0.0,0.0,1.0,1
"G[0,2]((Magnesium <= 0.733 | O2Sat >= 12.203) -> TroponinI >= 21.742)
",9999999.000,9999999.000,0.000,1.000,0.000,0,0,0,10,10,0,0,10,0.0,0.0,0.0,0.0,0.0,1.0,1
"G[0,1]((HR <= 131.663 -> Temp <= 31.515) & PTT >= 18.696)
",9999999.000,9999999.000,0.000,1.000,0.000,0,0,0,10,10,0,0,10,0.0,0.0,0.0,0.0,0.0,1.0,1
"G[0,1]((HR >= 94.974 & WBC <= 3.225) -> Lactate >= 0.570)
",9999999.000,9999999.000,0.000,1.000,0.000,0,0,0,10,10,0,0,10,0.0,0.0,0.0,0.0,0.0,1.0,1
"G[1,2]((Creatinine <= 0.246 & SBP <= 149.882) & Chloride <= 139.807)
",9999999.000,9999999.000,0.000,1.000,0.000,0,0,8,2,2,8,8,2,0.0,0.0,1.0,0.0,0.0,1.0,1
"G[1,2](((Platelets <= 77.378 -> SBP >= 0.316) & pH <= 133.310) -> Fibrinogen >= 23.707)
",9999999.000,9999999.000,0.000,1.000,0.000,0,0,1,9,9,1,1,9,0.0,0.0,1.0,0.0,0.0,1.0,1
"G[2,2](Hct <= 8.136 & Temp <= 33.892)
",8.136,8.136,0.000,1.000,0.000,0,0,10,0,0,10,10,0,0.0,0.0,1.0,0.0,0.0,1.0,1
"G[0,1]((Platelets >= 3.762 -> Temp <= 35.959) & PaCO2 >= 0.855)
",9999999.000,9999999.000,0.000,1.000,0.000,0,0,0,10,10,0,0,10,0.0,0.0,0.0,0.0,0.0,1.0,1
"G[1,2]((Hgb >= 0.073 -> Temp <= 32.518) -> BaseExcess <= 32.254)
",9999999.000,9999999.000,0.000,1.000,0.000,0,0,10,0,0,10,10,0,0.0,0.0,1.0,0.0,0.0,1.0,1
"G[2,2]((Glucose <= 99.144 -> Temp <= 27.306) -> PaCO2 >= 20.423)
",20.423,20.423,0.000,1.000,0.000,0,0,10,0,0,10,10,0,0.0,0.0,1.0,0.0,0.0,1.0,1
"G[1,2](((pH <= 0.000 -> Hct >= 1.512) -> Magnesium >= 0.088) -> Chloride <= 17.841)
",9999999.000,9999999.000,0.000,1.000,0.000,0,0,10,0,0,10,10,0,0.0,0.0,1.0,0.0,0.0,1.0,1
"G[0,2](FiO2 <= 0.000 & Resp <= 20.202)
",9999999.000,9999999.000,0.000,1.000,0.000,0,0,7,3,3,7,7,3,0.0,0.0,1.0,0.0,0.0,1.0,1
"G[0,2](Fibrinogen >= 0.000 -> Fibrinogen <= 0.000)
",9999999.000,9999999.000,0.000,1.000,0.000,0,0,10,0,0,10,10,0,0.0,0.0,1.0,0.0,0.0,1.0,1
"G[0,2]((Creatinine <= 0.490 -> MAP >= 2.139) | O2Sat <= 108.904)
",9999999.000,9999999.000,0.000,1.000,0.000,0,0,10,0,0,10,10,0,0.0,0.0,1.0,0.0,0.0,1.0,1
"G[1,2](Hgb >= 0.019 | PaCO2 >= 0.000)
",9999999.000,9999999.000,0.000,1.000,0.000,0,0,10,0,0,10,10,0,0.0,0.0,1.0,0.0,0.0,1.0,1
"G[1,2](HR >= 93.953 & AST >= 0.000)
",9999999.000,9999999.000,0.000,1.000,0.000,0,0,10,0,0,10,10,0,0.0,0.0,1.0,0.0,0.0,1.0,1
"G[2,2](((Alkalinephos <= 0.000 | Platelets >= 2.140) -> EtCO2 >= 7.269) | Alkalinephos >= 7.252)
",0.000,0.000,0.000,1.000,0.000,0,0,10,0,0,10,10,0,0.0,0.0,1.0,0.0,0.0,1.0,1
"G[1,2](((O2Sat >= 38.101 & SaO2 >= 0.000) & AST <= 0.000) -> FiO2 <= 0.000)
",9999999.000,9999999.000,0.000,1.000,0.000,0,0,10,0,0,10,10,0,0.0,0.0,1.0,0.0,0.0,1.0,1
"G[1,2]((Temp <= 26.857 -> Hct <= 8.156) | PTT <= 28.673)
",9999999.000,9999999.000,0.000,1.000,0.000,0,0,10,0,0,10,10,0,0.0,0.0,1.0,0.0,0.0,1.0,1
"G[0,2](((HCO3 >= 0.000 -> Alkalinephos >= 0.000) -> SaO2 >= 0.000) | Chloride >= 0.000)
",9999999.000,9999999.000,0.000,1.000,0.000,0,0,10,0,0,10,10,0,0.0,0.0,1.0,0.0,0.0,1.0,1
"G[0,2](((Phosphate <= 0.269 & Magnesium <= 0.999) | Potassium >= 0.042) -> Glucose >= 0.058)
",9999999.000,9999999.000,0.000,1.000,0.000,0,0,0,10,10,0,0,10,0.0,0.0,0.0,0.0,0.0,1.0,1
"G[1,2](((PaCO2 >= 0.000 | Bilirubin_direct >= 0.000) & FiO2 >= 0.000) | Glucose <= 0.000)
",9999999.000,9999999.000,0.000,1.000,0.000,0,0,10,0,0,10,10,0,0.0,0.0,1.0,0.0,0.0,1.0,1
"G[0,0]((AST >= 0.000 | Resp >= 8.317) -> Chloride >= 7.046)
",-2.313,-50.719,0.000,1.000,0.000,0,0,0,10,10,0,0,10,0.0,0.0,0.0,0.0,0.0,1.0,1
"G[0,2]((pH >= 0.000 | BUN <= 5.044) -> Platelets <= 0.957)
",9999999.000,9999999.000,0.000,1.000,0.000,0,0,9,1,1,9,9,1,0.0,0.0,1.0,0.0,0.0,1.0,1
"G[1,2]((HCO3 >= 0.000 | TroponinI <= 0.000) -> Platelets >= 0.000)
",9999999.000,9999999.000,0.000,1.000,0.000,0,0,10,0,0,10,10,0,0.0,0.0,1.0,0.0,0.0,1.0,1
"G[1,2]((PaCO2 >= 0.000 & BUN >= 0.294) | AST <= 4.548)
",9999999.000,9999999.000,0.000,1.000,0.000,0,0,10,0,0,10,10,0,0.0,0.0,1.0,0.0,0.0,1.0,1
"G[2,2](((pH <= 0.000 & Alkalinephos >= 0.000) & SBP <= 0.000) | MAP >= 0.000)
",0.000,0.000,0.000,1.000,0.000,0,0,10,0,0,10,10,0,0.0,0.0,1.0,0.0,0.0,1.0,1
"G[0,2]((Creatinine <= 0.828 -> Temp >= 18.988) & Resp <= 34.236)
",9999999.000,9999999.000,0.000,1.000,0.000,0,0,5,5,5,5,5,5,0.0,0.0,1.0,0.0,0.0,1.0,1
"G[0,2](((TroponinI <= 0.000 | Magnesium >= 0.059) | Glucose >= 0.039) -> SaO2 >= 0.033)
",9999999.000,9999999.000,0.000,1.000,0.000,0,0,0,10,10,0,0,10,0.0,0.0,0.0,0.0,0.0,1.0,1
"G[1,2](Hct >= 1.483 | WBC >= 0.808)
",9999999.000,9999999.000,0.000,1.000,0.000,0,0,1,9,9,1,1,9,0.0,0.0,1.0,0.0,0.0,1.0,1
"G[1,2](((Platelets >= 1.240 | SBP >= 105.482) -> Creatinine <= 145.076) | Fibrinogen >= 25.800)
",9999999.000,9999999.000,0.000,1.000,0.000,0,0,10,0,0,10,10,0,0.0,0.0,1.0,0.0,0.0,1.0,1
"G[0,2]((Resp >= 0.963 & Fibrinogen <= 0.000) -> WBC <= 0.000)
",9999999.000,9999999.000,0.000,1.000,0.000,0,0,9,1,1,9,9,1,0.0,0.0,1.0,0.0,0.0,1.0,1
"G[2,2](((FiO2 >= 0.000 | Alkalinephos <= 0.000) & Creatinine >= 0.000) & AST >= 0.000)
",0.000,0.000,0.000,1.000,0.000,0,0,10,0,0,10,10,0,0.0,0.0,1.0,0.0,0.0,1.0,1
"G[0,2](Bilirubin_total >= 0.000 | BaseExcess >= 0.000)
",9999999.000,9999999.000,0.000,1.000,0.000,0,0,10,0,0,10,10,0,0.0,0.0,1.0,0.0,0.0,1.0,1
"G[1,2]((Phosphate >= 0.124 & Magnesium <= 0.454) -> Chloride <= 0.122)
",9999999.000,9999999.000,0.000,1.000,0.000,0,0,10,0,0,10,10,0,0.0,0.0,1.0,0.0,0.0,1.0,1
"G[1,2](SaO2 <= 0.000 -> Chloride <= 0.000)
",9999999.000,9999999.000,0.000,1.000,0.000,0,0,10,0,0,10,10,0,0.0,0.0,1.0,0.0,0.0,1.0,1
"G[1,2](((Calcium <= 2.189 & Fibrinogen >= 0.000) | TroponinI >= 0.000) -> BUN >= 0.000)
",9999999.000,9999999.000,0.000,1.000,0.000,0,0,10,0,0,10,10,0,0.0,0.0,1.0,0.0,0.0,1.0,1
"G[0,2]((O2Sat >= 32.212 | WBC >= 0.507) -> WBC >= 0.143)
",9999999.000,9999999.000,0.000,1.000,0.000,0,0,0,10,10,0,0,10,0.0,0.0,0.0,0.0,0.0,1.0,1
"G[1,2]((Bilirubin_total >= 0.000 -> AST >= 0.000) & AST <= 0.000)
",9999999.000,9999999.000,0.000,1.000,0.000,0,0,10,0,0,10,10,0,0.0,0.0,1.0,0.0,0.0,1.0,1
"G[1,2](Hgb <= 5.024 | SepsisLabel <= 0.000)
",9999999.000,9999999.000,0.000,1.000,0.000,0,0,10,0,0,10,10,0,0.0,0.0,1.0,0.0,0.0,1.0,1
"F[0,1](PTT >= 0.000 | WBC <= 7.136)
",-9999999.000,-9999999.000,0.000,0.000,1.000,0,0,0,10,10,0,0,10,0.0,0.0,0.0,0.0,0.0,1.0,-1
