Rule,Discrimination Score,Pos Robustness,Neg Robustness,Percent Class +,Percent Class -,TP,TN,FP,FN,Actual Yes,Actual No,Predicted Yes,Predicted No,TPR/Sens,TNR/Spec,FPR,Precision,Accuracy,MCR
"F[0,1]((SepsisLabel <= 0.000 -> BUN >= 1.630) & SepsisLabel >= 2.313)
",-9999999.000,-9999999.000,0.000,0.000,1.000,14,0,0,0,14,0,14,0,1.0,0,0,1.0,1.0,0.0
"((WBC >= 0.233) U[1,1] (SBP >= 0.748))
",-2802879087793790.500,-0.233,0.000,0.000,1.000,14,0,0,0,14,0,14,0,1.0,0,0,1.0,1.0,0.0
"F[0,0](((Calcium < 2.610 & Potassium < 0.553) & Magnesium < 0.000) & Phosphate < 1.743)
",0.000,0.000,0.000,0.000,1.000,14,0,0,0,14,0,14,0,1.0,0,0,1.0,1.0,0.0
"F[0,1](((Calcium < 0.557 & Potassium < 2.410) & Magnesium < 0.000) & Phosphate < 1.549)
",-9999999.000,-9999999.000,0.000,0.000,1.000,14,0,0,0,14,0,14,0,1.0,0,0,1.0,1.0,0.0
"F[1,1](((Potassium <= 2.639 & Phosphate <= 1.385) -> SBP <= 0.780) & Platelets >= 0.242)
",-6237728358035887.000,-1.385,0.000,0.000,1.000,14,0,0,0,14,0,14,0,1.0,0,0,1.0,1.0,0.0
"F[1,1](FiO2 < 0.000 & SepsisLabel = 0.000)
",0.000,0.000,0.000,0.000,1.000,14,0,0,0,14,0,14,0,1.0,0,0,1.0,1.0,0.0
"F[0,0](((Phosphate >= 0.172 & SBP <= 164.207) & Lactate >= 10.685) & SepsisLabel <= 115.496)
",-6015165419902175.000,-10.685,0.000,0.000,1.000,14,0,0,0,14,0,14,0,1.0,0,0,1.0,1.0,0.0
"((AST > 0.000) U[1,2] (SepsisLabel = 0.000))
",-9999999.000,-9999999.000,0.000,0.000,1.000,14,0,0,0,14,0,14,0,1.0,0,0,1.0,1.0,0.0
"F[0,0](((Calcium < 8.369 & Potassium < 3.594) & Magnesium < 0.000) & Phosphate < 4.124)
",0.000,0.000,0.000,0.000,1.000,14,0,0,0,14,0,14,0,1.0,0,0,1.0,1.0,0.0
"F[1,1](FiO2 < 0.000 & SepsisLabel = 0.000)
",0.000,0.000,0.000,0.000,1.000,14,0,0,0,14,0,14,0,1.0,0,0,1.0,1.0,0.0
"((BaseExcess > 0.000) U[1,2] (SepsisLabel = 0.000))
",-9999999.000,-9999999.000,0.000,0.000,1.000,14,0,0,0,14,0,14,0,1.0,0,0,1.0,1.0,0.0
"F[0,1](((PTT <= 0.000 -> Temp <= 35.326) -> DBP <= 16.747) & PTT >= 2.792)
",-9999999.000,-9999999.000,0.000,0.000,1.000,14,0,0,0,14,0,14,0,1.0,0,0,1.0,1.0,0.0
"((SaO2 >= 0.000) U[1,1] (Hct >= 0.036))
",0.000,0.000,0.000,0.000,1.000,14,0,0,0,14,0,14,0,1.0,0,0,1.0,1.0,0.0
"((O2Sat >= 12.463) U[1,1] (SBP >= 7.869))
",-8859226470985423.000,-7.869,0.000,0.000,1.000,14,0,0,0,14,0,14,0,1.0,0,0,1.0,1.0,0.0
"F[0,0]((O2Sat <= 71.255 -> O2Sat <= 90.943) -> HCO3 >= 6.937)
",3905120085120880.500,6.937,0.000,0.000,1.000,14,0,0,0,14,0,14,0,1.0,0,0,1.0,1.0,0.0
"F[0,1](((Chloride <= 0.000 | Platelets >= 8.364) | Fibrinogen >= 0.226) & Fibrinogen >= 3.444)
",-9999999.000,-9999999.000,0.000,0.000,1.000,14,0,0,0,14,0,14,0,1.0,0,0,1.0,1.0,0.0
"F[0,1]((EtCO2 <= 0.000 | HR >= 3.186) -> pH >= 14.186)
",-9999999.000,-9999999.000,0.000,0.000,1.000,14,0,0,0,14,0,14,0,1.0,0,0,1.0,1.0,0.0
"F[1,1](((Calcium >= 0.155 & SaO2 <= 0.000) & Chloride >= 0.000) & Platelets <= 0.000)
",-0.155,-0.155,0.000,0.000,1.000,14,0,0,0,14,0,14,0,1.0,0,0,1.0,1.0,0.0
"F[0,1](((BUN >= 1.886 -> HR >= 12.301) -> Resp <= 36.975) -> AST >= 9.054)
",-9999999.000,-9999999.000,0.000,0.000,1.000,14,0,0,0,14,0,14,0,1.0,0,0,1.0,1.0,0.0
"F[1,1](((Calcium < 1.750 & Potassium < 0.642) & Magnesium < 0.000) & Phosphate < 2.012)
",0.000,0.000,0.000,0.000,1.000,14,0,0,0,14,0,14,0,1.0,0,0,1.0,1.0,0.0
"F[0,1](HCO3 <= 0.000 & BUN >= 1.025)
",-9999999.000,-9999999.000,0.000,0.000,1.000,13,0,0,1,14,0,13,1,0.9285714285714286,0,0,1.0,0.9285714285714286,0.0714285714285714
"F[0,1](AST >= 0.000 & Phosphate >= 0.085)
",-9999999.000,-9999999.000,0.000,0.000,1.000,13,0,0,1,14,0,13,1,0.9285714285714286,0,0,1.0,0.9285714285714286,0.0714285714285714
"F[0,1](WBC >= 0.039 & SepsisLabel = 0.000)
",-9999999.000,-9999999.000,0.000,0.000,1.000,13,0,0,1,14,0,13,1,0.9285714285714286,0,0,1.0,0.9285714285714286,0.0714285714285714
"F[0,1](((Temp <= 24.273 & Resp >= 1.501) | WBC >= 0.579) & FiO2 <= 12.279)
",-9999999.000,-9999999.000,0.000,0.000,1.000,13,0,0,1,14,0,13,1,0.9285714285714286,0,0,1.0,0.9285714285714286,0.0714285714285714
"((MAP >= 0.389) U[1,1] (SBP <= 69.141))
",4865379988882409.000,69.141,0.000,0.000,1.000,13,0,0,1,14,0,13,1,0.9285714285714286,0,0,1.0,0.9285714285714286,0.0714285714285714
"((Hct > 0.733) U[1,2] (SepsisLabel = 0.000))
",-9999999.000,-9999999.000,0.000,0.000,1.000,13,0,0,1,14,0,13,1,0.9285714285714286,0,0,1.0,0.9285714285714286,0.0714285714285714
"F[1,1](Lactate <= 0.000 & DBP >= 10.308)
",-10.308,-10.308,0.000,0.000,1.000,13,0,0,1,14,0,13,1,0.9285714285714286,0,0,1.0,0.9285714285714286,0.0714285714285714
"F[0,0](BUN <= 58.322 -> Calcium >= 0.015)
",-4104080542748679.500,-58.322,0.000,0.000,1.000,13,0,0,1,14,0,13,1,0.9285714285714286,0,0,1.0,0.9285714285714286,0.0714285714285714
"F[0,0](((Bilirubin_direct >= 0.000 & Potassium <= 1.813) -> Bilirubin_total >= 0.145) & Hct >= 0.005)
",-0.005,-0.005,0.000,0.000,1.000,13,0,0,1,14,0,13,1,0.9285714285714286,0,0,1.0,0.9285714285714286,0.0714285714285714
"F[0,1](Hct >= 0.089 & BaseExcess >= 0.000)
",-9999999.000,-9999999.000,0.000,0.000,1.000,13,0,0,1,14,0,13,1,0.9285714285714286,0,0,1.0,0.9285714285714286,0.0714285714285714
"F[0,0](Calcium >= 0.018 & BaseExcess <= 0.000)
",-0.018,-0.018,0.000,0.000,1.000,13,0,0,1,14,0,13,1,0.9285714285714286,0,0,1.0,0.9285714285714286,0.0714285714285714
"F[0,0](MAP >= 2.659 | MAP >= 1.796)
",0.717,51.847,0.000,0.000,1.000,13,0,0,1,14,0,13,1,0.9285714285714286,0,0,1.0,0.9285714285714286,0.0714285714285714
"F[0,0](((HCO3 >= 0.000 | Creatinine >= 0.037) & TroponinI <= 0.512) -> Calcium >= 0.058)
",0.000,0.000,0.000,0.000,1.000,13,0,0,1,14,0,13,1,0.9285714285714286,0,0,1.0,0.9285714285714286,0.0714285714285714
"F[0,1](PaCO2 <= 0.000 & Phosphate >= 0.029)
",-9999999.000,-9999999.000,0.000,0.000,1.000,13,0,0,1,14,0,13,1,0.9285714285714286,0,0,1.0,0.9285714285714286,0.0714285714285714
"F[0,1](((AST <= 0.000 -> Potassium >= 0.131) | HCO3 >= 0.030) & BUN >= 0.120)
",-9999999.000,-9999999.000,0.000,0.000,1.000,13,0,0,1,14,0,13,1,0.9285714285714286,0,0,1.0,0.9285714285714286,0.0714285714285714
"((Calcium >= 0.085) U[1,2] (AST >= 0.000))
",-9999999.000,-9999999.000,0.000,0.000,1.000,13,0,0,1,14,0,13,1,0.9285714285714286,0,0,1.0,0.9285714285714286,0.0714285714285714
"F[0,0](((Magnesium >= 0.000 -> Phosphate >= 0.123) | MAP >= 0.164) & Platelets >= 0.181)
",-0.181,-0.181,0.000,0.000,1.000,13,0,0,1,14,0,13,1,0.9285714285714286,0,0,1.0,0.9285714285714286,0.0714285714285714
"((MAP >= 1.277) U[1,1] (SBP <= 159.394))
",159.394,159.394,0.000,0.000,1.000,13,0,0,1,14,0,13,1,0.9285714285714286,0,0,1.0,0.9285714285714286,0.0714285714285714
"((Glucose >= 1.948) U[1,2] (PaCO2 >= 0.000))
",-9999999.000,-9999999.000,0.000,0.000,1.000,13,0,0,1,14,0,13,1,0.9285714285714286,0,0,1.0,0.9285714285714286,0.0714285714285714
"((AST <= 0.000) U[0,1] (Hgb >= 0.079))
",-9999999.000,-9999999.000,0.000,0.000,1.000,13,0,0,1,14,0,13,1,0.9285714285714286,0,0,1.0,0.9285714285714286,0.0714285714285714
"F[0,1](BUN >= 0.779 & DBP <= 64.565)
",-9999999.000,-9999999.000,0.000,0.000,1.000,13,0,0,1,14,0,13,1,0.9285714285714286,0,0,1.0,0.9285714285714286,0.0714285714285714
"F[0,0](HR <= 64.936 & Temp >= 6.354)
",-6224627745226919.000,-22645.064,0.000,0.000,1.000,12,0,0,2,14,0,12,2,0.8571428571428571,0,0,1.0,0.8571428571428571,0.1428571428571429
"((MAP >= 0.519) U[1,2] (SBP <= 98.258))
",-9999999.000,-9999999.000,0.000,0.000,1.000,12,0,0,2,14,0,12,2,0.8571428571428571,0,0,1.0,0.8571428571428571,0.1428571428571429
"((MAP >= 0.049) U[1,2] (SBP <= 52.529))
",-9999999.000,-9999999.000,0.000,0.000,1.000,12,0,0,2,14,0,12,2,0.8571428571428571,0,0,1.0,0.8571428571428571,0.1428571428571429
"((O2Sat >= 10.786) U[1,1] (HCO3 >= 0.000))
",0.000,0.000,0.000,0.000,1.000,10,0,0,4,14,0,10,4,0.7142857142857143,0,0,1.0,0.7142857142857143,0.2857142857142857
"F[0,0](SaO2 >= 0.000 -> Temp >= 5.370)
",-0.632,-26.109,0.000,0.000,1.000,10,0,0,4,14,0,10,4,0.7142857142857143,0,0,1.0,0.7142857142857143,0.2857142857142857
"((HCO3 <= 0.000) U[0,0] (Temp >= 5.507))
",0.632,26.070,0.000,0.000,1.000,10,0,0,4,14,0,10,4,0.7142857142857143,0,0,1.0,0.7142857142857143,0.2857142857142857
"((Hgb >= 0.004) U[0,1] (Temp >= 4.830))
",-9999999.000,-9999999.000,0.000,0.000,1.000,9,0,0,5,14,0,9,5,0.6428571428571429,0,0,1.0,0.6428571428571429,0.3571428571428571
"F[0,1](((O2Sat <= 56.574 & Temp <= 24.255) -> Bilirubin_direct >= 5.571) & Glucose <= 27.382)
",-9999999.000,-9999999.000,0.000,0.000,1.000,9,0,0,5,14,0,9,5,0.6428571428571429,0,0,1.0,0.6428571428571429,0.3571428571428571
"((DBP >= 4.176) U[1,1] (SepsisLabel = 0.000))
",0.000,0.000,0.000,0.000,1.000,8,0,0,6,14,0,8,6,0.5714285714285714,0,0,1.0,0.5714285714285714,0.4285714285714286
"F[0,1](((DBP >= 2.285 -> Hgb <= 8.876) -> O2Sat <= 7.107) -> Hgb >= 0.027)
",-9999999.000,-9999999.000,0.000,0.000,1.000,8,0,0,6,14,0,8,6,0.5714285714285714,0,0,1.0,0.5714285714285714,0.4285714285714286
"F[0,1]((Phosphate >= 0.137 -> Resp <= 6.881) & HR >= 1.854)
",-9999999.000,-9999999.000,0.000,0.000,1.000,7,0,0,7,14,0,7,7,0.5,0,0,1.0,0.5,0.5
"((SaO2 <= 0.000) U[0,1] (SBP >= 23.760))
",-9999999.000,-9999999.000,0.000,0.000,1.000,7,0,0,7,14,0,7,7,0.5,0,0,1.0,0.5,0.5
"((FiO2 <= 0.000) U[0,0] (HR <= 17.133))
",0.000,0.000,0.000,0.000,1.000,6,0,0,8,14,0,6,8,0.42857142857142855,0,0,1.0,0.42857142857142855,0.5714285714285714
"((HR <= 59.166) U[1,1] (SepsisLabel = 0.000))
",2775639512190727.000,59.166,0.000,0.000,1.000,6,0,0,8,14,0,6,8,0.42857142857142855,0,0,1.0,0.42857142857142855,0.5714285714285714
"((HR <= 34.806) U[1,2] (Temp <= 14.763))
",-9999999.000,-9999999.000,0.000,0.000,1.000,6,0,0,8,14,0,6,8,0.42857142857142855,0,0,1.0,0.42857142857142855,0.5714285714285714
"((BaseExcess <= 0.000) U[0,0] (Resp <= 4.586))
",1.342,2.948,0.000,0.000,1.000,4,0,0,10,14,0,4,10,0.2857142857142857,0,0,1.0,0.2857142857142857,0.7142857142857143
"((Creatinine >= 0.123) U[0,0] (DBP <= 68.644))
",2415203972338431.000,68.644,0.000,0.000,1.000,3,0,0,11,14,0,3,11,0.21428571428571427,0,0,1.0,0.21428571428571427,0.7857142857142857
"((Hct <= 29.350) U[1,2] (Bilirubin_direct <= 0.000))
",-9999999.000,-9999999.000,0.000,0.000,1.000,1,0,0,13,14,0,1,13,0.07142857142857142,0,0,1.0,0.07142857142857142,0.9285714285714286
"F[0,0](MAP <= 7.160 | Resp >= 1.068)
",0.982,29.079,0.000,0.000,1.000,1,0,0,13,14,0,1,13,0.07142857142857142,0,0,1.0,0.07142857142857142,0.9285714285714286
"F[0,0]((Calcium <= 2.203 & Potassium <= 2.300) & Magnesium >= 0.000)
",0.000,0.000,0.000,0.000,1.000,1,0,0,13,14,0,1,13,0.07142857142857142,0,0,1.0,0.07142857142857142,0.9285714285714286
"((Temp >= 1.711) U[0,0] (Hgb <= 0.896))
",0.653,27.794,0.000,0.000,1.000,1,0,0,13,14,0,1,13,0.07142857142857142,0,0,1.0,0.07142857142857142,0.9285714285714286
"((DBP >= 2.860) U[1,2] (HR >= 5.231))
",-9999999.000,-9999999.000,0.000,0.000,1.000,1,0,0,13,14,0,1,13,0.07142857142857142,0,0,1.0,0.07142857142857142,0.9285714285714286
"F[0,0](Potassium < 3.625 & SepsisLabel = 0.000)
",0.000,0.000,0.000,0.000,1.000,1,0,0,13,14,0,1,13,0.07142857142857142,0,0,1.0,0.07142857142857142,0.9285714285714286
"F[0,0](((Hct <= 3.182 | Temp >= 2.849) | EtCO2 >= 1.748) & Calcium <= 25.642)
",0.946,9.599,0.000,0.000,1.000,1,0,0,13,14,0,1,13,0.07142857142857142,0,0,1.0,0.07142857142857142,0.9285714285714286
"((Calcium <= 6.039) U[0,0] (MAP <= 81.555))
",1.509,54.585,0.000,0.000,1.000,1,0,0,13,14,0,1,13,0.07142857142857142,0,0,1.0,0.07142857142857142,0.9285714285714286
"((Hct >= 0.159) U[1,2] (Temp >= 5.577))
",-9999999.000,-9999999.000,0.000,0.000,1.000,1,0,0,13,14,0,1,13,0.07142857142857142,0,0,1.0,0.07142857142857142,0.9285714285714286
"((Platelets <= 30.585) U[1,2] (Potassium <= 3.816))
",-9999999.000,-9999999.000,0.000,0.000,1.000,1,0,0,13,14,0,1,13,0.07142857142857142,0,0,1.0,0.07142857142857142,0.9285714285714286
"F[0,0]((Calcium <= 7.457 & Potassium <= 3.170) & Magnesium >= 0.000)
",0.000,0.000,0.000,0.000,1.000,1,0,0,13,14,0,1,13,0.07142857142857142,0,0,1.0,0.07142857142857142,0.9285714285714286
"F[1,2]((Bilirubin_total >= 0.000 -> Temp <= 15.689) | TroponinI <= 9.120)
",-9999999.000,-9999999.000,0.000,0.000,1.000,0,0,0,14,14,0,0,14,0.0,0,0,0.0,0.0,1.0
"F[0,2]((Lactate <= 0.000 -> Hgb >= 0.167) -> Magnesium >= 0.315)
",-9999999.000,-9999999.000,0.000,0.000,1.000,0,0,0,14,14,0,0,14,0.0,0,0,0.0,0.0,1.0
"F[0,1]((Potassium <= 2.064 -> Bilirubin_direct <= 0.000) -> HR >= 0.000)
",-9999999.000,-9999999.000,0.000,0.000,1.000,0,0,0,14,14,0,0,14,0.0,0,0,0.0,0.0,1.0
"((HCO3 <= 0.000) U[0,0] (PaCO2 >= 0.000))
",0.000,0.000,0.000,0.000,1.000,0,0,0,14,14,0,0,14,0.0,0,0,0.0,0.0,1.0
"F[0,2](((WBC >= 0.088 | Platelets <= 179.469) | SBP >= 0.913) & Glucose >= 5.419)
",-9999999.000,-9999999.000,0.000,0.000,1.000,0,0,0,14,14,0,0,14,0.0,0,0,0.0,0.0,1.0
"F[2,2](Calcium <= 9.785 & BUN >= 1.570)
",-1.570,-1.570,0.000,0.000,1.000,0,0,0,14,14,0,0,14,0.0,0,0,0.0,0.0,1.0
"F[2,2]((Potassium <= 1.424 -> O2Sat <= 22.396) -> FiO2 >= 8.063)
",4539168845729799.000,8.063,0.000,0.000,1.000,0,0,0,14,14,0,0,14,0.0,0,0,0.0,0.0,1.0
"F[0,2]((FiO2 >= 0.000 & BaseExcess >= 0.000) | Platelets <= 0.000)
",-9999999.000,-9999999.000,0.000,0.000,1.000,0,0,0,14,14,0,0,14,0.0,0,0,0.0,0.0,1.0
"F[1,2]((Calcium >= 0.291 & O2Sat >= 13.767) & HCO3 >= 13.540)
",-9999999.000,-9999999.000,0.000,0.000,1.000,0,0,0,14,14,0,0,14,0.0,0,0,0.0,0.0,1.0
"((Alkalinephos >= 0.000) U[0,2] (BUN >= 0.812))
",-9999999.000,-9999999.000,0.000,0.000,1.000,0,0,0,14,14,0,0,14,0.0,0,0,0.0,0.0,1.0
"F[0,2]((MAP <= 33.594 & SepsisLabel >= 0.000) & Calcium <= 0.000)
",-9999999.000,-9999999.000,0.000,0.000,1.000,0,0,0,14,14,0,0,14,0.0,0,0,0.0,0.0,1.0
"F[0,2](((O2Sat <= 71.976 & Alkalinephos >= 0.000) & Magnesium <= 0.000) | SaO2 >= 0.000)
",-9999999.000,-9999999.000,0.000,0.000,1.000,0,0,0,14,14,0,0,14,0.0,0,0,0.0,0.0,1.0
"F[1,2](((Platelets >= 1.557 | Chloride <= 0.000) | MAP >= 0.000) -> TroponinI >= 0.000)
",-9999999.000,-9999999.000,0.000,0.000,1.000,0,0,0,14,14,0,0,14,0.0,0,0,0.0,0.0,1.0
"F[1,1](Bilirubin_total <= 0.000 -> Lactate >= 0.000)
",0.000,0.000,0.000,0.000,1.000,0,0,0,14,14,0,0,14,0.0,0,0,0.0,0.0,1.0
"F[1,2](BaseExcess >= 0.000 | PaCO2 >= 0.000)
",-9999999.000,-9999999.000,0.000,0.000,1.000,0,0,0,14,14,0,0,14,0.0,0,0,0.0,0.0,1.0
"((Potassium >= 0.116) U[0,0] (Lactate >= 0.000))
",0.000,0.000,0.000,0.000,1.000,0,0,0,14,14,0,0,14,0.0,0,0,0.0,0.0,1.0
"F[0,1](Magnesium <= 0.000 | MAP <= 56.159)
",-9999999.000,-9999999.000,0.000,0.000,1.000,0,0,0,14,14,0,0,14,0.0,0,0,0.0,0.0,1.0
"F[1,2]((PaCO2 <= 0.000 -> DBP <= 35.139) | MAP <= 33.136)
",-9999999.000,-9999999.000,0.000,0.000,1.000,0,0,0,14,14,0,0,14,0.0,0,0,0.0,0.0,1.0
"F[0,1]((HCO3 >= 0.000 | PaCO2 <= 0.000) | SaO2 <= 0.000)
",-9999999.000,-9999999.000,0.000,0.000,1.000,0,0,0,14,14,0,0,14,0.0,0,0,0.0,0.0,1.0
"F[0,1](O2Sat <= 24.720 -> TroponinI <= 0.000)
",-9999999.000,-9999999.000,0.000,0.000,1.000,0,0,0,14,14,0,0,14,0.0,0,0,0.0,0.0,1.0
"F[1,2](((DBP >= 2.305 & FiO2 >= 0.000) -> Potassium >= 0.000) & pH >= 0.000)
",-9999999.000,-9999999.000,0.000,0.000,1.000,0,0,0,14,14,0,0,14,0.0,0,0,0.0,0.0,1.0
"F[1,1](Bilirubin_total <= 0.000 | AST >= 0.000)
",0.000,0.000,0.000,0.000,1.000,0,0,0,14,14,0,0,14,0.0,0,0,0.0,0.0,1.0
"F[0,1](FiO2 <= 0.000 & Magnesium <= 0.000)
",-9999999.000,-9999999.000,0.000,0.000,1.000,0,0,0,14,14,0,0,14,0.0,0,0,0.0,0.0,1.0
"F[0,2]((Fibrinogen >= 0.000 & MAP <= 11.446) & PTT <= 11.560)
",-9999999.000,-9999999.000,0.000,0.000,1.000,0,0,0,14,14,0,0,14,0.0,0,0,0.0,0.0,1.0
"F[1,1]((Platelets <= 242.203 | BaseExcess <= 0.000) -> Creatinine <= 0.000)
",-4260874050044122.500,-242.203,0.000,0.000,1.000,0,0,0,14,14,0,0,14,0.0,0,0,0.0,0.0,1.0
"F[0,2]((BUN <= 49.790 | PTT >= 0.000) & Hct <= 0.000)
",-9999999.000,-9999999.000,0.000,0.000,1.000,0,0,0,14,14,0,0,14,0.0,0,0,0.0,0.0,1.0
"F[1,1](((AST >= 0.000 & Lactate <= 0.000) | Fibrinogen >= 0.000) | PaCO2 >= 0.000)
",0.000,0.000,0.000,0.000,1.000,0,0,0,14,14,0,0,14,0.0,0,0,0.0,0.0,1.0
"F[1,2](((Calcium <= 1.840 -> SaO2 <= 0.000) | DBP >= 0.000) -> Creatinine >= 0.000)
",-9999999.000,-9999999.000,0.000,0.000,1.000,0,0,0,14,14,0,0,14,0.0,0,0,0.0,0.0,1.0
"F[0,0](((Creatinine >= 0.296 -> pH >= 0.000) & BaseExcess >= 0.000) & PTT <= 0.000)
",0.000,0.000,0.000,0.000,1.000,0,0,0,14,14,0,0,14,0.0,0,0,0.0,0.0,1.0
"F[1,2]((Fibrinogen <= 0.000 | TroponinI <= 0.000) & Bilirubin_total >= 0.000)
",-9999999.000,-9999999.000,0.000,0.000,1.000,0,0,0,14,14,0,0,14,0.0,0,0,0.0,0.0,1.0
"F[0,2](((FiO2 >= 0.000 -> EtCO2 >= 0.000) -> Resp >= 0.000) & AST >= 0.000)
",-9999999.000,-9999999.000,0.000,0.000,1.000,0,0,0,14,14,0,0,14,0.0,0,0,0.0,0.0,1.0
"((FiO2 <= 0.000) U[1,2] (HR <= 29.322))
",-9999999.000,-9999999.000,0.000,0.000,1.000,0,0,0,14,14,0,0,14,0.0,0,0,0.0,0.0,1.0
"F[1,2]((PaCO2 <= 0.000 -> EtCO2 >= 0.000) & BaseExcess <= 0.000)
",-9999999.000,-9999999.000,0.000,0.000,1.000,0,0,0,14,14,0,0,14,0.0,0,0,0.0,0.0,1.0
"F[1,1](((EtCO2 <= 0.000 & Magnesium <= 0.000) & PTT <= 0.000) & Magnesium >= 0.000)
",0.000,0.000,0.000,0.000,1.000,0,0,0,14,14,0,0,14,0.0,0,0,0.0,0.0,1.0
"F[1,1]((TroponinI <= 0.000 | DBP >= 9.702) | SaO2 <= 58.966)
",8298790928168655.000,58.966,0.000,0.000,1.000,0,0,0,14,14,0,0,14,0.0,0,0,0.0,0.0,1.0
"F[0,2]((AST >= 0.000 & Potassium >= 0.141) & HCO3 <= 1.855)
",-9999999.000,-9999999.000,0.000,0.000,1.000,0,0,0,14,14,0,0,14,0.0,0,0,0.0,0.0,1.0
"F[0,2](((Glucose <= 100.946 -> PaCO2 <= 0.000) & AST >= 0.000) & MAP >= 0.000)
",-9999999.000,-9999999.000,0.000,0.000,1.000,0,0,0,14,14,0,0,14,0.0,0,0,0.0,0.0,1.0
"F[0,1](((FiO2 <= 0.000 & Resp <= 11.426) -> AST >= 1.263) | Glucose <= 8.224)
",-9999999.000,-9999999.000,0.000,0.000,1.000,0,0,0,14,14,0,0,14,0.0,0,0,0.0,0.0,1.0
"F[0,2](Bilirubin_total <= 0.000 -> Creatinine >= 0.096)
",-9999999.000,-9999999.000,0.000,0.000,1.000,0,0,0,14,14,0,0,14,0.0,0,0,0.0,0.0,1.0
"F[0,0](Bilirubin_direct <= 0.000 & EtCO2 <= 0.000)
",-0.631,-4.857,0.000,0.000,1.000,0,0,0,14,14,0,0,14,0.0,0,0,0.0,0.0,1.0
"F[0,1](((Alkalinephos >= 0.000 | Potassium <= 3.790) -> WBC >= 0.086) -> Creatinine <= 1.404)
",-9999999.000,-9999999.000,0.000,0.000,1.000,0,0,0,14,14,0,0,14,0.0,0,0,0.0,0.0,1.0
"F[0,2](((HCO3 <= 0.000 & Bilirubin_direct <= 0.000) | pH <= 0.000) -> Magnesium <= 0.000)
",-9999999.000,-9999999.000,0.000,0.000,1.000,0,0,0,14,14,0,0,14,0.0,0,0,0.0,0.0,1.0
"((Chloride <= 0.000) U[2,2] (AST <= 0.000))
",0.000,0.000,0.000,0.000,1.000,0,0,0,14,14,0,0,14,0.0,0,0,0.0,0.0,1.0
"F[1,2](SepsisLabel >= 0.000 -> DBP >= 11.967)
",-9999999.000,-9999999.000,0.000,0.000,1.000,0,0,0,14,14,0,0,14,0.0,0,0,0.0,0.0,1.0
"F[0,0](SaO2 >= 0.000 -> SepsisLabel <= 0.000)
",0.000,0.000,0.000,0.000,1.000,0,0,0,14,14,0,0,14,0.0,0,0,0.0,0.0,1.0
"((HCO3 >= 0.000) U[0,1] (AST <= 0.000))
",-9999999.000,-9999999.000,0.000,0.000,1.000,0,0,0,14,14,0,0,14,0.0,0,0,0.0,0.0,1.0
"F[0,1](((BaseExcess <= 0.000 & PTT <= 0.000) & Alkalinephos >= 0.000) -> SepsisLabel <= 0.000)
",-9999999.000,-9999999.000,0.000,0.000,1.000,0,0,0,14,14,0,0,14,0.0,0,0,0.0,0.0,1.0
"F[2,2](AST >= 0.000 & SBP >= 12.926)
",-12.926,-12.926,0.000,0.000,1.000,0,0,0,14,14,0,0,14,0.0,0,0,0.0,0.0,1.0
"F[1,1](((SBP >= 22.007 -> Bilirubin_direct <= 0.000) | BUN <= 0.000) & TroponinI <= 0.000)
",0.000,0.000,0.000,0.000,1.000,0,0,0,14,14,0,0,14,0.0,0,0,0.0,0.0,1.0
"F[0,1](((Hct <= 27.630 & PaCO2 <= 0.000) & Fibrinogen >= 0.000) | Creatinine >= 0.000)
",-9999999.000,-9999999.000,0.000,0.000,1.000,0,0,0,14,14,0,0,14,0.0,0,0,0.0,0.0,1.0
"F[0,2](((MAP >= 2.160 -> WBC >= 0.026) -> SaO2 >= 0.008) -> Temp >= 0.052)
",-9999999.000,-9999999.000,0.000,0.000,1.000,0,0,0,14,14,0,0,14,0.0,0,0,0.0,0.0,1.0
"F[1,2](((WBC >= 0.162 -> PaCO2 >= 0.000) | Magnesium <= 0.000) & Temp <= 0.000)
",-9999999.000,-9999999.000,0.000,0.000,1.000,0,0,0,14,14,0,0,14,0.0,0,0,0.0,0.0,1.0
"((EtCO2 <= 0.000) U[0,2] (FiO2 >= 0.000))
",-9999999.000,-9999999.000,0.000,0.000,1.000,0,0,0,14,14,0,0,14,0.0,0,0,0.0,0.0,1.0
"F[0,1](Hgb <= 0.711 | Hct <= 7.487)
",-9999999.000,-9999999.000,0.000,0.000,1.000,0,0,0,14,14,0,0,14,0.0,0,0,0.0,0.0,1.0
"F[1,2](((Alkalinephos >= 0.000 | pH >= 0.000) -> Potassium >= 0.000) -> MAP <= 0.000)
",-9999999.000,-9999999.000,0.000,0.000,1.000,0,0,0,14,14,0,0,14,0.0,0,0,0.0,0.0,1.0
"F[0,2](((Alkalinephos >= 0.000 & BUN <= 14.430) -> Calcium >= 0.221) | SepsisLabel <= 65.962)
",-9999999.000,-9999999.000,0.000,0.000,1.000,0,0,0,14,14,0,0,14,0.0,0,0,0.0,0.0,1.0
"((DBP <= 18.628) U[0,2] (Glucose <= 111.913))
",-9999999.000,-9999999.000,0.000,0.000,1.000,0,0,0,14,14,0,0,14,0.0,0,0,0.0,0.0,1.0
"((PTT <= 0.000) U[2,2] (TroponinI >= 0.000))
",0.000,0.000,0.000,0.000,1.000,0,0,0,14,14,0,0,14,0.0,0,0,0.0,0.0,1.0
"F[0,2](SBP <= 48.280 | Temp <= 33.295)
",-9999999.000,-9999999.000,0.000,0.000,1.000,0,0,0,14,14,0,0,14,0.0,0,0,0.0,0.0,1.0
"F[0,0](((Lactate <= 0.000 -> Hgb >= 0.104) | Calcium <= 0.428) | DBP >= 0.193)
",7716731499494865.000,0.428,0.000,0.000,1.000,0,0,0,14,14,0,0,14,0.0,0,0,0.0,0.0,1.0
"F[1,1]((BaseExcess <= 0.000 | SaO2 <= 0.000) -> Bilirubin_direct <= 0.000)
",0.000,0.000,0.000,0.000,1.000,0,0,0,14,14,0,0,14,0.0,0,0,0.0,0.0,1.0
"F[2,2](Calcium >= 0.117 | Platelets <= 119.017)
",4187544209167306.500,119.017,0.000,0.000,1.000,0,0,0,14,14,0,0,14,0.0,0,0,0.0,0.0,1.0
"F[1,2]((TroponinI >= 0.000 -> Lactate <= 0.000) & Calcium >= 0.000)
",-9999999.000,-9999999.000,0.000,0.000,1.000,0,0,0,14,14,0,0,14,0.0,0,0,0.0,0.0,1.0
"F[1,2](((Hgb >= 0.068 -> Creatinine >= 0.091) & Creatinine >= 0.256) | FiO2 <= 3.485)
",-9999999.000,-9999999.000,0.000,0.000,1.000,0,0,0,14,14,0,0,14,0.0,0,0,0.0,0.0,1.0
"F[0,1](((Alkalinephos >= 0.000 | BUN >= 0.839) | PaCO2 >= 1.409) -> HR <= 15.282)
",-9999999.000,-9999999.000,0.000,0.000,1.000,0,0,0,14,14,0,0,14,0.0,0,0,0.0,0.0,1.0
"F[1,2](((BUN >= 2.380 | BUN >= 0.009) | BaseExcess <= 55.434) | SaO2 <= 29.803)
",-9999999.000,-9999999.000,0.000,0.000,1.000,0,0,0,14,14,0,0,14,0.0,0,0,0.0,0.0,1.0
"F[0,2](WBC <= 2.386 | DBP <= 50.987)
",-9999999.000,-9999999.000,0.000,0.000,1.000,0,0,0,14,14,0,0,14,0.0,0,0,0.0,0.0,1.0
"F[1,2](HCO3 >= 0.000 & BUN <= 34.335)
",-9999999.000,-9999999.000,0.000,0.000,1.000,0,0,0,14,14,0,0,14,0.0,0,0,0.0,0.0,1.0
"F[2,2](AST >= 0.000 & SBP <= 89.400)
",0.000,0.000,0.000,0.000,1.000,0,0,0,14,14,0,0,14,0.0,0,0,0.0,0.0,1.0
"F[1,2]((Glucose <= 27.158 | Lactate <= 0.000) | Fibrinogen <= 0.000)
",-9999999.000,-9999999.000,0.000,0.000,1.000,0,0,0,14,14,0,0,14,0.0,0,0,0.0,0.0,1.0
"F[0,0](((PaCO2 >= 0.000 & Bilirubin_direct >= 0.000) -> Resp >= 0.000) | PTT >= 0.000)
",0.000,0.000,0.000,0.000,1.000,0,0,0,14,14,0,0,14,0.0,0,0,0.0,0.0,1.0
"F[1,2]((DBP >= 6.704 -> BaseExcess <= 0.000) | SBP >= 0.000)
",-9999999.000,-9999999.000,0.000,0.000,1.000,0,0,0,14,14,0,0,14,0.0,0,0,0.0,0.0,1.0
"F[1,2](O2Sat >= 14.584 -> Calcium >= 0.302)
",-9999999.000,-9999999.000,0.000,0.000,1.000,0,0,0,14,14,0,0,14,0.0,0,0,0.0,0.0,1.0
"((Calcium >= 0.074) U[2,2] (SaO2 <= 0.000))
",0.000,0.000,0.000,0.000,1.000,0,0,0,14,14,0,0,14,0.0,0,0,0.0,0.0,1.0
"F[1,2](((Chloride >= 0.000 | WBC >= 0.239) | BaseExcess >= 0.177) & Platelets >= 0.211)
",-9999999.000,-9999999.000,0.000,0.000,1.000,0,0,0,14,14,0,0,14,0.0,0,0,0.0,0.0,1.0
"F[1,2]((Hgb >= 0.041 -> Potassium >= 0.054) | SaO2 >= 0.154)
",-9999999.000,-9999999.000,0.000,0.000,1.000,0,0,0,14,14,0,0,14,0.0,0,0,0.0,0.0,1.0
"F[1,2]((BUN >= 1.842 -> AST <= 0.000) & pH >= 0.000)
",-9999999.000,-9999999.000,0.000,0.000,1.000,0,0,0,14,14,0,0,14,0.0,0,0,0.0,0.0,1.0
"F[0,1](((Hgb <= 4.001 & PTT <= 0.000) -> pH <= 0.000) & Glucose >= 0.000)
",-9999999.000,-9999999.000,0.000,0.000,1.000,0,0,0,14,14,0,0,14,0.0,0,0,0.0,0.0,1.0
"F[0,2]((Hct <= 8.239 -> HCO3 >= 0.000) -> Lactate <= 0.000)
",-9999999.000,-9999999.000,0.000,0.000,1.000,0,0,0,14,14,0,0,14,0.0,0,0,0.0,0.0,1.0
"F[0,1](Hgb >= 0.240 -> SepsisLabel >= 0.000)
",-9999999.000,-9999999.000,0.000,0.000,1.000,0,0,0,14,14,0,0,14,0.0,0,0,0.0,0.0,1.0
"F[2,2]((BaseExcess <= 0.000 & HR >= 15.409) & Platelets <= 30.539)
",-4337354907772560.500,-15.409,0.000,0.000,1.000,0,0,0,14,14,0,0,14,0.0,0,0,0.0,0.0,1.0
"F[0,2]((Bilirubin_direct <= 0.000 & SBP <= 134.862) | Platelets <= 168.462)
",-9999999.000,-9999999.000,0.000,0.000,1.000,0,0,0,14,14,0,0,14,0.0,0,0,0.0,0.0,1.0
"F[1,2](O2Sat <= 53.272 & Hgb >= 0.117)
",-9999999.000,-9999999.000,0.000,0.000,1.000,0,0,0,14,14,0,0,14,0.0,0,0,0.0,0.0,1.0
"F[0,2](((Resp <= 10.444 | Lactate >= 0.000) -> HCO3 >= 0.000) | Resp <= 0.000)
",-9999999.000,-9999999.000,0.000,0.000,1.000,0,0,0,14,14,0,0,14,0.0,0,0,0.0,0.0,1.0
"F[0,2]((FiO2 <= 0.000 -> WBC >= 0.001) | Bilirubin_direct >= 0.110)
",-9999999.000,-9999999.000,0.000,0.000,1.000,0,0,0,14,14,0,0,14,0.0,0,0,0.0,0.0,1.0
"((TroponinI >= 0.000) U[0,2] (Lactate <= 0.000))
",-9999999.000,-9999999.000,0.000,0.000,1.000,0,0,0,14,14,0,0,14,0.0,0,0,0.0,0.0,1.0
"F[0,2]((Phosphate >= 0.018 -> O2Sat <= 61.638) & AST >= 12.280)
",-9999999.000,-9999999.000,0.000,0.000,1.000,0,0,0,14,14,0,0,14,0.0,0,0,0.0,0.0,1.0
"((O2Sat >= 7.129) U[0,2] (Platelets >= 1.208))
",-9999999.000,-9999999.000,0.000,0.000,1.000,0,0,0,14,14,0,0,14,0.0,0,0,0.0,0.0,1.0
"F[1,2](TroponinI >= 0.000 -> Bilirubin_direct >= 0.000)
",-9999999.000,-9999999.000,0.000,0.000,1.000,0,0,0,14,14,0,0,14,0.0,0,0,0.0,0.0,1.0
"((HR >= 10.901) U[0,1] (Alkalinephos <= 0.000))
",-9999999.000,-9999999.000,0.000,0.000,1.000,0,0,0,14,14,0,0,14,0.0,0,0,0.0,0.0,1.0
"F[1,2](((SaO2 >= 0.000 & Magnesium >= 0.000) | Calcium >= 0.000) | Platelets <= 0.000)
",-9999999.000,-9999999.000,0.000,0.000,1.000,0,0,0,14,14,0,0,14,0.0,0,0,0.0,0.0,1.0
"F[2,2](((DBP >= 16.005 -> PaCO2 <= 0.000) & WBC <= 0.000) & Phosphate <= 0.000)
",0.000,0.000,0.000,0.000,1.000,0,0,0,14,14,0,0,14,0.0,0,0,0.0,0.0,1.0
"((Resp >= 0.188) U[0,2] (AST <= 0.000))
",-9999999.000,-9999999.000,0.000,0.000,1.000,0,0,0,14,14,0,0,14,0.0,0,0,0.0,0.0,1.0
"F[1,2](((Calcium >= 0.137 & Hgb >= 0.302) & O2Sat <= 4.856) | Temp <= 0.759)
",-9999999.000,-9999999.000,0.000,0.000,1.000,0,0,0,14,14,0,0,14,0.0,0,0,0.0,0.0,1.0
"F[1,2]((Alkalinephos <= 0.000 & O2Sat <= 52.759) & Phosphate >= 12.435)
",-9999999.000,-9999999.000,0.000,0.000,1.000,0,0,0,14,14,0,0,14,0.0,0,0,0.0,0.0,1.0
"((Resp <= 15.025) U[0,2] (FiO2 >= 0.000))
",-9999999.000,-9999999.000,0.000,0.000,1.000,0,0,0,14,14,0,0,14,0.0,0,0,0.0,0.0,1.0
"((Platelets <= 136.279) U[0,2] (Magnesium <= 0.000))
",-9999999.000,-9999999.000,0.000,0.000,1.000,0,0,0,14,14,0,0,14,0.0,0,0,0.0,0.0,1.0
"F[2,2](((BUN <= 65.797 & pH <= 0.000) & TroponinI <= 0.000) -> HR <= 0.000)
",0.000,0.000,0.000,0.000,1.000,0,0,0,14,14,0,0,14,0.0,0,0,0.0,0.0,1.0
"F[1,2](((pH >= 0.000 -> AST <= 0.000) | Phosphate <= 0.000) | Platelets <= 0.000)
",-9999999.000,-9999999.000,0.000,0.000,1.000,0,0,0,14,14,0,0,14,0.0,0,0,0.0,0.0,1.0
"F[2,2](((AST >= 0.000 -> AST <= 0.000) -> EtCO2 <= 0.000) & Fibrinogen <= 0.000)
",0.000,0.000,0.000,0.000,1.000,0,0,0,14,14,0,0,14,0.0,0,0,0.0,0.0,1.0
"F[1,1](((HR <= 41.669 & TroponinI >= 0.000) & Magnesium <= 0.000) -> TroponinI <= 0.000)
",0.000,0.000,0.000,0.000,1.000,0,0,0,14,14,0,0,14,0.0,0,0,0.0,0.0,1.0
"F[2,2](((PTT >= 0.000 -> AST <= 0.000) -> Hct <= 0.000) | Glucose >= 0.000)
",0.000,0.000,0.000,0.000,1.000,0,0,0,14,14,0,0,14,0.0,0,0,0.0,0.0,1.0
"F[0,0](((AST >= 0.000 | Potassium <= 1.616) & Potassium >= 0.004) -> Calcium >= 0.090)
",4924584410561346.000,0.004,0.000,0.000,1.000,0,0,0,14,14,0,0,14,0.0,0,0,0.0,0.0,1.0
"F[0,0](((Bilirubin_direct <= 0.000 -> Lactate >= 0.000) | BaseExcess >= 0.000) & TroponinI <= 0.000)
",0.000,0.000,0.000,0.000,1.000,0,0,0,14,14,0,0,14,0.0,0,0,0.0,0.0,1.0
"((MAP >= 0.075) U[0,1] (SaO2 <= 0.000))
",-9999999.000,-9999999.000,0.000,0.000,1.000,0,0,0,14,14,0,0,14,0.0,0,0,0.0,0.0,1.0
"F[0,2]((WBC <= 2.853 | Hgb <= 2.339) & Chloride <= 6.718)
",-9999999.000,-9999999.000,0.000,0.000,1.000,0,0,0,14,14,0,0,14,0.0,0,0,0.0,0.0,1.0
"F[0,2](((Hct <= 1.067 -> Magnesium <= 0.000) & HR >= 0.000) -> PaCO2 <= 0.000)
",-9999999.000,-9999999.000,0.000,0.000,1.000,0,0,0,14,14,0,0,14,0.0,0,0,0.0,0.0,1.0
"F[0,0]((Fibrinogen <= 0.000 & PTT >= 0.000) & AST >= 0.000)
",0.000,0.000,0.000,0.000,1.000,0,0,0,14,14,0,0,14,0.0,0,0,0.0,0.0,1.0
"F[0,0](PaCO2 <= 0.000 | Glucose <= 37.024)
",5210636173014353.000,37.024,0.000,0.000,1.000,0,0,0,14,14,0,0,14,0.0,0,0,0.0,0.0,1.0
"F[0,1](((Magnesium >= 0.000 -> Alkalinephos >= 0.000) | Hct <= 0.000) & Platelets <= 0.000)
",-9999999.000,-9999999.000,0.000,0.000,1.000,0,0,0,14,14,0,0,14,0.0,0,0,0.0,0.0,1.0
"((Phosphate >= 0.168) U[2,2] (Temp <= 11.458))
",11.458,11.458,0.000,0.000,1.000,0,0,0,14,14,0,0,14,0.0,0,0,0.0,0.0,1.0
"((MAP >= 2.193) U[1,2] (Hct >= 0.332))
",-9999999.000,-9999999.000,0.000,0.000,1.000,0,0,0,14,14,0,0,14,0.0,0,0,0.0,0.0,1.0
"F[0,2](((BaseExcess >= 0.000 -> Hct <= 5.694) | pH <= 28.434) | Resp >= 0.201)
",-9999999.000,-9999999.000,0.000,0.000,1.000,0,0,0,14,14,0,0,14,0.0,0,0,0.0,0.0,1.0
"F[0,2](Lactate <= 0.000 & SaO2 <= 0.000)
",-9999999.000,-9999999.000,0.000,0.000,1.000,0,0,0,14,14,0,0,14,0.0,0,0,0.0,0.0,1.0
"((Hct >= 0.504) U[0,2] (Potassium >= 0.021))
",-9999999.000,-9999999.000,0.000,0.000,1.000,0,0,0,14,14,0,0,14,0.0,0,0,0.0,0.0,1.0
"F[1,2](Magnesium <= 0.000 -> Platelets <= 148.816)
",-9999999.000,-9999999.000,0.000,0.000,1.000,0,0,0,14,14,0,0,14,0.0,0,0,0.0,0.0,1.0
"F[1,2]((PaCO2 <= 0.000 -> Creatinine >= 0.162) & Fibrinogen >= 0.282)
",-9999999.000,-9999999.000,0.000,0.000,1.000,0,0,0,14,14,0,0,14,0.0,0,0,0.0,0.0,1.0
"F[0,1](((Temp <= 26.120 -> Creatinine >= 0.118) | Bilirubin_total <= 1.694) | PaCO2 >= 0.084)
",-9999999.000,-9999999.000,0.000,0.000,1.000,0,0,0,14,14,0,0,14,0.0,0,0,0.0,0.0,1.0
"F[0,1](((O2Sat <= 46.025 & Phosphate >= 0.153) -> PTT <= 1.834) | PTT >= 0.139)
",-9999999.000,-9999999.000,0.000,0.000,1.000,0,0,0,14,14,0,0,14,0.0,0,0,0.0,0.0,1.0
"F[0,2](((Creatinine <= 8.419 & Temp >= 6.281) | DBP >= 3.747) | HR <= 27.096)
",-9999999.000,-9999999.000,0.000,0.000,1.000,0,0,0,14,14,0,0,14,0.0,0,0,0.0,0.0,1.0
"F[0,2](((MAP <= 78.130 | Temp <= 18.830) | AST <= 27.777) | EtCO2 >= 0.855)
",-9999999.000,-9999999.000,0.000,0.000,1.000,0,0,0,14,14,0,0,14,0.0,0,0,0.0,0.0,1.0
"F[0,2](SaO2 >= 0.000 -> SaO2 >= 0.000)
",-9999999.000,-9999999.000,0.000,0.000,1.000,0,0,0,14,14,0,0,14,0.0,0,0,0.0,0.0,1.0
"F[0,2]((HCO3 <= 0.000 -> EtCO2 >= 0.000) | PaCO2 <= 0.000)
",-9999999.000,-9999999.000,0.000,0.000,1.000,0,0,0,14,14,0,0,14,0.0,0,0,0.0,0.0,1.0
"F[0,2]((Bilirubin_total >= 0.000 | Lactate >= 0.000) -> HCO3 <= 0.000)
",-9999999.000,-9999999.000,0.000,0.000,1.000,0,0,0,14,14,0,0,14,0.0,0,0,0.0,0.0,1.0
"F[1,2](((Magnesium >= 0.000 & Calcium >= 0.332) -> MAP >= 0.368) | TroponinI <= 10.082)
",-9999999.000,-9999999.000,0.000,0.000,1.000,0,0,0,14,14,0,0,14,0.0,0,0,0.0,0.0,1.0
"F[1,2](((Potassium <= 2.772 -> SaO2 <= 0.000) | BUN <= 0.000) & EtCO2 >= 0.000)
",-9999999.000,-9999999.000,0.000,0.000,1.000,0,0,0,14,14,0,0,14,0.0,0,0,0.0,0.0,1.0
"F[0,1](((MAP >= 0.839 -> Creatinine <= 3.304) -> Glucose <= 7.522) | Chloride >= 0.168)
",-9999999.000,-9999999.000,0.000,0.000,1.000,0,0,0,14,14,0,0,14,0.0,0,0,0.0,0.0,1.0
"((Calcium <= 6.358) U[0,1] (Chloride <= 0.000))
",-9999999.000,-9999999.000,0.000,0.000,1.000,0,0,0,14,14,0,0,14,0.0,0,0,0.0,0.0,1.0
"F[1,2](((SaO2 >= 0.000 | TroponinI >= 0.000) & DBP <= 0.000) -> O2Sat >= 0.000)
",-9999999.000,-9999999.000,0.000,0.000,1.000,0,0,0,14,14,0,0,14,0.0,0,0,0.0,0.0,1.0
"F[0,2](((Creatinine <= 5.566 -> pH <= 0.000) -> Fibrinogen <= 0.000) & PTT <= 0.000)
",-9999999.000,-9999999.000,0.000,0.000,1.000,0,0,0,14,14,0,0,14,0.0,0,0,0.0,0.0,1.0
"F[1,2](((Resp <= 3.083 -> Platelets <= 147.789) -> HCO3 >= 3.168) | Creatinine >= 3.822)
",-9999999.000,-9999999.000,0.000,0.000,1.000,0,0,0,14,14,0,0,14,0.0,0,0,0.0,0.0,1.0
"F[0,1]((BUN >= 0.373 | TroponinI >= 0.000) | BaseExcess >= 0.000)
",-9999999.000,-9999999.000,0.000,0.000,1.000,0,0,0,14,14,0,0,14,0.0,0,0,0.0,0.0,1.0
"F[0,0](HR <= 24.195 | EtCO2 >= 0.000)
",0.631,4.857,0.000,0.000,1.000,0,0,0,14,14,0,0,14,0.0,0,0,0.0,0.0,1.0
"F[0,1](SepsisLabel <= 0.000 -> EtCO2 >= 0.000)
",-9999999.000,-9999999.000,0.000,0.000,1.000,0,0,0,14,14,0,0,14,0.0,0,0,0.0,0.0,1.0
"((Potassium >= 0.003) U[0,2] (Bilirubin_direct >= 0.000))
",-9999999.000,-9999999.000,0.000,0.000,1.000,0,0,0,14,14,0,0,14,0.0,0,0,0.0,0.0,1.0
"F[2,2]((Phosphate <= 1.451 & BaseExcess <= 0.000) -> EtCO2 <= 0.000)
",0.000,0.000,0.000,0.000,1.000,0,0,0,14,14,0,0,14,0.0,0,0,0.0,0.0,1.0
"F[1,1]((Hct <= 7.294 -> Bilirubin_total <= 0.000) | Lactate >= 0.000)
",0.000,0.000,0.000,0.000,1.000,0,0,0,14,14,0,0,14,0.0,0,0,0.0,0.0,1.0
"F[1,2](DBP >= 2.808 & Potassium >= 0.046)
",-9999999.000,-9999999.000,0.000,0.000,1.000,0,0,0,14,14,0,0,14,0.0,0,0,0.0,0.0,1.0
"((BUN > 1.315) U[0,2] (SepsisLabel = 0.000))
",-9999999.000,-9999999.000,0.000,0.000,1.000,0,0,0,14,14,0,0,14,0.0,0,0,0.0,0.0,1.0
"((PTT > 0.000) U[0,2] (SepsisLabel = 0.000))
",-9999999.000,-9999999.000,0.000,0.000,1.000,0,0,0,14,14,0,0,14,0.0,0,0,0.0,0.0,1.0
"F[0,2](Bilirubin_total < 0.000 -> SepsisLabel = 0.000)
",-9999999.000,-9999999.000,0.000,0.000,1.000,0,0,0,14,14,0,0,14,0.0,0,0,0.0,0.0,1.0
"((HCO3 > 0.000) U[2,2] (SepsisLabel = 0.000))
",0.000,0.000,0.000,0.000,1.000,0,0,0,14,14,0,0,14,0.0,0,0,0.0,0.0,1.0
"F[0,2](Bilirubin_direct >= 0.000 & SepsisLabel = 0.000)
",-9999999.000,-9999999.000,0.000,0.000,1.000,0,0,0,14,14,0,0,14,0.0,0,0,0.0,0.0,1.0
"((PaCO2 > 0.000) U[0,2] (SepsisLabel = 0.000))
",-9999999.000,-9999999.000,0.000,0.000,1.000,0,0,0,14,14,0,0,14,0.0,0,0,0.0,0.0,1.0
"((PTT >= 0.000) U[1,2] (SepsisLabel = 0.000))
",-9999999.000,-9999999.000,0.000,0.000,1.000,0,0,0,14,14,0,0,14,0.0,0,0,0.0,0.0,1.0
"F[0,2](PTT < 0.000 -> SepsisLabel = 0.000)
",-9999999.000,-9999999.000,0.000,0.000,1.000,0,0,0,14,14,0,0,14,0.0,0,0,0.0,0.0,1.0
"F[2,2](BUN > 0.858 & SepsisLabel = 0.000)
",-3861978003928087.500,-0.858,0.000,0.000,1.000,0,0,0,14,14,0,0,14,0.0,0,0,0.0,0.0,1.0
"F[0,0](TroponinI < 0.000 -> SepsisLabel = 0.000)
",0.000,0.000,0.000,0.000,1.000,0,0,0,14,14,0,0,14,0.0,0,0,0.0,0.0,1.0
"((BUN >= 1.509) U[2,2] (SepsisLabel = 0.000))
",0.000,0.000,0.000,0.000,1.000,0,0,0,14,14,0,0,14,0.0,0,0,0.0,0.0,1.0
"F[2,2](MAP >= 0.661 & SepsisLabel = 0.000)
",-5949353893520390.000,-0.661,0.000,0.000,1.000,0,0,0,14,14,0,0,14,0.0,0,0,0.0,0.0,1.0
"F[2,2](Lactate >= 0.000 -> SepsisLabel = 0.000)
",0.000,0.000,0.000,0.000,1.000,0,0,0,14,14,0,0,14,0.0,0,0,0.0,0.0,1.0
"F[0,2](PTT < 0.000 -> SepsisLabel = 0.000)
",-9999999.000,-9999999.000,0.000,0.000,1.000,0,0,0,14,14,0,0,14,0.0,0,0,0.0,0.0,1.0
"((FiO2 > 0.000) U[0,2] (SepsisLabel = 0.000))
",-9999999.000,-9999999.000,0.000,0.000,1.000,0,0,0,14,14,0,0,14,0.0,0,0,0.0,0.0,1.0
"F[2,2](WBC >= 0.105 -> SepsisLabel = 0.000)
",0.000,0.000,0.000,0.000,1.000,0,0,0,14,14,0,0,14,0.0,0,0,0.0,0.0,1.0
"F[1,2](Fibrinogen <= 0.000 & SepsisLabel = 0.000)
",-9999999.000,-9999999.000,0.000,0.000,1.000,0,0,0,14,14,0,0,14,0.0,0,0,0.0,0.0,1.0
"((SBP <= 138.691) U[0,2] (SepsisLabel = 0.000))
",-9999999.000,-9999999.000,0.000,0.000,1.000,0,0,0,14,14,0,0,14,0.0,0,0,0.0,0.0,1.0
"((Chloride >= 0.000) U[1,1] (SepsisLabel = 0.000))
",0.000,0.000,0.000,0.000,1.000,0,0,0,14,14,0,0,14,0.0,0,0,0.0,0.0,1.0
"F[0,1]((Phosphate <= 2.707 & Phosphate <= 4.709) | Calcium <= 2.768)
",-9999999.000,-9999999.000,0.000,0.000,1.000,0,0,0,14,14,0,0,14,0.0,0,0,0.0,0.0,1.0
"F[1,1](DBP <= 48.251 -> Resp <= 10.594)
",-48.251,-48.251,0.000,0.000,1.000,0,0,0,14,14,0,0,14,0.0,0,0,0.0,0.0,1.0
"((HR >= 4.143) U[1,2] (Phosphate >= 0.105))
",-9999999.000,-9999999.000,0.000,0.000,1.000,0,0,0,14,14,0,0,14,0.0,0,0,0.0,0.0,1.0
"((HR <= 25.934) U[1,2] (Platelets >= 3.941))
",-9999999.000,-9999999.000,0.000,0.000,1.000,0,0,0,14,14,0,0,14,0.0,0,0,0.0,0.0,1.0
"F[1,2](MAP >= 0.736 | SBP >= 29.455)
",-9999999.000,-9999999.000,0.000,0.000,1.000,0,0,0,14,14,0,0,14,0.0,0,0,0.0,0.0,1.0
"F[0,2](((DBP >= 15.024 -> MAP >= 2.475) & O2Sat >= 1.454) -> SepsisLabel >= 1.437)
",-9999999.000,-9999999.000,0.000,0.000,1.000,0,0,0,14,14,0,0,14,0.0,0,0,0.0,0.0,1.0
"F[2,2](((HR <= 29.147 -> O2Sat >= 11.348) | Bilirubin_direct >= 8.943) & PaCO2 >= 13.465)
",-7579984735937429.000,-13.465,0.000,0.000,1.000,0,0,0,14,14,0,0,14,0.0,0,0,0.0,0.0,1.0
"F[2,2](((Resp >= 1.189 & SBP >= 27.906) & Phosphate <= 118.708) & BaseExcess <= 135.203)
",-7854730857648337.000,-27.906,0.000,0.000,1.000,0,0,0,14,14,0,0,14,0.0,0,0,0.0,0.0,1.0
"F[2,2]((SBP <= 73.549 & Temp <= 10.581) & HR >= 0.559)
",-5034193810444778.000,-0.559,0.000,0.000,1.000,0,0,0,14,14,0,0,14,0.0,0,0,0.0,0.0,1.0
"F[1,2](((DBP <= 37.497 | Temp <= 7.087) | Bilirubin_direct >= 4.063) -> TroponinI >= 0.164)
",-9999999.000,-9999999.000,0.000,0.000,1.000,0,0,0,14,14,0,0,14,0.0,0,0,0.0,0.0,1.0
"F[0,1](((Calcium <= 8.057 | Hgb >= 0.164) & Bilirubin_direct <= 5.900) | Hgb <= 5.833)
",-9999999.000,-9999999.000,0.000,0.000,1.000,0,0,0,14,14,0,0,14,0.0,0,0,0.0,0.0,1.0
"F[0,2](((DBP <= 21.818 -> O2Sat <= 34.515) & HCO3 <= 42.564) -> PaCO2 >= 9.267)
",-9999999.000,-9999999.000,0.000,0.000,1.000,0,0,0,14,14,0,0,14,0.0,0,0,0.0,0.0,1.0
"((HR >= 10.383) U[0,2] (SBP <= 42.586))
",-9999999.000,-9999999.000,0.000,0.000,1.000,0,0,0,14,14,0,0,14,0.0,0,0,0.0,0.0,1.0
"((O2Sat >= 0.564) U[0,2] (Resp <= 13.306))
",-9999999.000,-9999999.000,0.000,0.000,1.000,0,0,0,14,14,0,0,14,0.0,0,0,0.0,0.0,1.0
"F[1,2](Resp >= 0.745 | Temp <= 21.303)
",-9999999.000,-9999999.000,0.000,0.000,1.000,0,0,0,14,14,0,0,14,0.0,0,0,0.0,0.0,1.0
"F[1,2]((DBP >= 1.430 | HR >= 3.124) -> SBP <= 39.846)
",-9999999.000,-9999999.000,0.000,0.000,1.000,0,0,0,14,14,0,0,14,0.0,0,0,0.0,0.0,1.0
"F[0,1]((DBP <= 47.411 | SBP >= 23.526) | HR >= 11.976)
",-9999999.000,-9999999.000,0.000,0.000,1.000,0,0,0,14,14,0,0,14,0.0,0,0,0.0,0.0,1.0
"F[0,2](Platelets >= 1.928 -> WBC <= 5.179)
",-9999999.000,-9999999.000,0.000,0.000,1.000,0,0,0,14,14,0,0,14,0.0,0,0,0.0,0.0,1.0
"((MAP >= 1.900) U[0,1] (SepsisLabel = 0.000))
",-9999999.000,-9999999.000,0.000,0.000,1.000,0,0,0,14,14,0,0,14,0.0,0,0,0.0,0.0,1.0
"((BaseExcess < 0.000) U[2,2] (SepsisLabel = 0.000))
",0.000,0.000,0.000,0.000,1.000,0,0,0,14,14,0,0,14,0.0,0,0,0.0,0.0,1.0
"((MAP >= 0.516) U[0,1] (SBP <= 71.531))
",-9999999.000,-9999999.000,0.000,0.000,1.000,0,0,0,14,14,0,0,14,0.0,0,0,0.0,0.0,1.0
"((MAP >= 2.031) U[0,1] (SBP <= 100.273))
",-9999999.000,-9999999.000,0.000,0.000,1.000,0,0,0,14,14,0,0,14,0.0,0,0,0.0,0.0,1.0
"F[1,2]((Calcium <= 8.838 & Potassium <= 1.511) & Magnesium >= 0.000)
",-9999999.000,-9999999.000,0.000,0.000,1.000,0,0,0,14,14,0,0,14,0.0,0,0,0.0,0.0,1.0
"F[1,2](Hgb <= 5.871 | Hct <= 21.766)
",-9999999.000,-9999999.000,0.000,0.000,1.000,0,0,0,14,14,0,0,14,0.0,0,0,0.0,0.0,1.0
"((MAP >= 2.601) U[2,2] (SBP <= 55.995))
",55.995,55.995,0.000,0.000,1.000,0,0,0,14,14,0,0,14,0.0,0,0,0.0,0.0,1.0
"F[0,1]((Phosphate >= 0.060 & Magnesium > 0.000) -> Calcium < 3.875)
",-9999999.000,-9999999.000,0.000,0.000,1.000,0,0,0,14,14,0,0,14,0.0,0,0,0.0,0.0,1.0
"F[2,2](((Calcium < 7.649 & Potassium < 0.459) & Magnesium < 0.000) & Phosphate < 6.894)
",0.000,0.000,0.000,0.000,1.000,0,0,0,14,14,0,0,14,0.0,0,0,0.0,0.0,1.0
"F[1,1]((Calcium <= 7.956 & Potassium <= 4.095) & Magnesium >= 0.000)
",0.000,0.000,0.000,0.000,1.000,0,0,0,14,14,0,0,14,0.0,0,0,0.0,0.0,1.0
"F[1,1](Hgb <= 6.797 | Hct <= 17.619)
",17.619,17.619,0.000,0.000,1.000,0,0,0,14,14,0,0,14,0.0,0,0,0.0,0.0,1.0
"F[0,0]((Phosphate >= 0.239 & Magnesium > 0.000) -> Calcium < 5.351)
",-3012342063761911.000,-5.351,0.000,0.000,1.000,0,0,0,14,14,0,0,14,0.0,0,0,0.0,0.0,1.0
"F[1,2]((Phosphate >= 0.117 & Magnesium > 0.000) -> Calcium < 2.383)
",-9999999.000,-9999999.000,0.000,0.000,1.000,0,0,0,14,14,0,0,14,0.0,0,0,0.0,0.0,1.0
"F[1,2](((Calcium < 1.913 & Potassium < 2.980) & Magnesium < 0.000) & Phosphate < 1.731)
",-9999999.000,-9999999.000,0.000,0.000,1.000,0,0,0,14,14,0,0,14,0.0,0,0,0.0,0.0,1.0
"F[1,1](Hgb <= 6.435 | Hct <= 25.342)
",7133130236362118.000,25.342,0.000,0.000,1.000,0,0,0,14,14,0,0,14,0.0,0,0,0.0,0.0,1.0
"F[1,2]((Phosphate >= 0.115 & Magnesium > 0.000) -> Calcium < 9.574)
",-9999999.000,-9999999.000,0.000,0.000,1.000,0,0,0,14,14,0,0,14,0.0,0,0,0.0,0.0,1.0
"F[1,2]((Calcium <= 2.915 & Potassium <= 2.657) & Magnesium >= 0.000)
",-9999999.000,-9999999.000,0.000,0.000,1.000,0,0,0,14,14,0,0,14,0.0,0,0,0.0,0.0,1.0
"F[1,1](Hgb <= 2.371 | Hct <= 11.316)
",11.316,11.316,0.000,0.000,1.000,0,0,0,14,14,0,0,14,0.0,0,0,0.0,0.0,1.0
"F[1,2]((Phosphate >= 0.042 & Magnesium > 0.000) -> Calcium < 10.239)
",-9999999.000,-9999999.000,0.000,0.000,1.000,0,0,0,14,14,0,0,14,0.0,0,0,0.0,0.0,1.0
"F[1,2](((Calcium < 7.424 & Potassium < 3.554) & Magnesium < 0.000) & Phosphate < 6.693)
",-9999999.000,-9999999.000,0.000,0.000,1.000,0,0,0,14,14,0,0,14,0.0,0,0,0.0,0.0,1.0
"F[1,2](((Calcium < 6.303 & Potassium < 1.622) & Magnesium < 0.000) & Phosphate < 5.741)
",-9999999.000,-9999999.000,0.000,0.000,1.000,0,0,0,14,14,0,0,14,0.0,0,0,0.0,0.0,1.0
"((MAP >= 1.909) U[0,2] (SBP <= 75.158))
",-9999999.000,-9999999.000,0.000,0.000,1.000,0,0,0,14,14,0,0,14,0.0,0,0,0.0,0.0,1.0
"F[1,2]((Phosphate >= 0.155 & Magnesium > 0.000) -> Calcium < 6.247)
",-9999999.000,-9999999.000,0.000,0.000,1.000,0,0,0,14,14,0,0,14,0.0,0,0,0.0,0.0,1.0
"F[0,0]((Phosphate >= 0.117 & Magnesium > 0.000) -> Calcium < 10.382)
",-10.382,-10.382,0.000,0.000,1.000,0,0,0,14,14,0,0,14,0.0,0,0,0.0,0.0,1.0
"F[0,1]((Calcium <= 0.655 & Potassium <= 1.321) & Magnesium >= 0.000)
",-9999999.000,-9999999.000,0.000,0.000,1.000,0,0,0,14,14,0,0,14,0.0,0,0,0.0,0.0,1.0
"F[1,2](Hgb <= 4.830 | Hct <= 21.959)
",-9999999.000,-9999999.000,0.000,0.000,1.000,0,0,0,14,14,0,0,14,0.0,0,0,0.0,0.0,1.0
"F[1,2]((Phosphate >= 0.215 & Magnesium > 0.000) -> Calcium < 9.142)
",-9999999.000,-9999999.000,0.000,0.000,1.000,0,0,0,14,14,0,0,14,0.0,0,0,0.0,0.0,1.0
"F[1,2](((Calcium < 2.434 & Potassium < 2.894) & Magnesium < 0.000) & Phosphate < 6.145)
",-9999999.000,-9999999.000,0.000,0.000,1.000,0,0,0,14,14,0,0,14,0.0,0,0,0.0,0.0,1.0
"F[0,2]((Calcium <= 6.846 & Potassium <= 3.455) & Magnesium >= 0.000)
",-9999999.000,-9999999.000,0.000,0.000,1.000,0,0,0,14,14,0,0,14,0.0,0,0,0.0,0.0,1.0
"F[2,2](Hgb <= 4.368 | Hct <= 26.709)
",26.709,26.709,0.000,0.000,1.000,0,0,0,14,14,0,0,14,0.0,0,0,0.0,0.0,1.0
"((MAP >= 1.845) U[0,1] (SBP <= 134.158))
",-9999999.000,-9999999.000,0.000,0.000,1.000,0,0,0,14,14,0,0,14,0.0,0,0,0.0,0.0,1.0
"F[0,2]((Calcium <= 4.939 & Potassium <= 1.071) & Magnesium >= 0.000)
",-9999999.000,-9999999.000,0.000,0.000,1.000,0,0,0,14,14,0,0,14,0.0,0,0,0.0,0.0,1.0
"F[1,2](Hgb <= 7.857 | Hct <= 2.021)
",-9999999.000,-9999999.000,0.000,0.000,1.000,0,0,0,14,14,0,0,14,0.0,0,0,0.0,0.0,1.0
"F[1,1](Hgb <= 8.426 | Hct <= 18.869)
",5311030678359882.000,18.869,0.000,0.000,1.000,0,0,0,14,14,0,0,14,0.0,0,0,0.0,0.0,1.0
"F[2,2]((Phosphate >= 0.196 & Magnesium > 0.000) -> Calcium < 5.189)
",-5841981685936129.000,-5.189,0.000,0.000,1.000,0,0,0,14,14,0,0,14,0.0,0,0,0.0,0.0,1.0
"F[2,2](((Calcium < 0.702 & Potassium < 3.046) & Magnesium < 0.000) & Phosphate < 2.552)
",0.000,0.000,0.000,0.000,1.000,0,0,0,14,14,0,0,14,0.0,0,0,0.0,0.0,1.0
"F[0,2](Hgb <= 0.762 | Hct <= 2.255)
",-9999999.000,-9999999.000,0.000,0.000,1.000,0,0,0,14,14,0,0,14,0.0,0,0,0.0,0.0,1.0
"((MAP >= 1.644) U[0,1] (SBP <= 133.728))
",-9999999.000,-9999999.000,0.000,0.000,1.000,0,0,0,14,14,0,0,14,0.0,0,0,0.0,0.0,1.0
"F[0,2]((Phosphate >= 0.037 & Magnesium > 0.000) -> Calcium < 2.366)
",-9999999.000,-9999999.000,0.000,0.000,1.000,0,0,0,14,14,0,0,14,0.0,0,0,0.0,0.0,1.0
"F[0,2]((Calcium <= 5.169 & Potassium <= 0.792) & Magnesium >= 0.000)
",-9999999.000,-9999999.000,0.000,0.000,1.000,0,0,0,14,14,0,0,14,0.0,0,0,0.0,0.0,1.0
"F[0,1](Creatinine <= 4.816 | DBP >= 13.088)
",-9999999.000,-9999999.000,0.000,0.000,1.000,0,0,0,14,14,0,0,14,0.0,0,0,0.0,0.0,1.0
"F[2,2](Hct >= 0.061 | SBP <= 50.972)
",50.972,50.972,0.000,0.000,1.000,0,0,0,14,14,0,0,14,0.0,0,0,0.0,0.0,1.0
"F[2,2](((pH >= 0.000 | EtCO2 >= 0.000) -> BUN >= 0.000) -> HR <= 0.000)
",0.000,0.000,0.000,0.000,1.000,0,0,0,14,14,0,0,14,0.0,0,0,0.0,0.0,1.0
"F[0,2](Platelets <= 72.480 | SBP >= 21.804)
",-9999999.000,-9999999.000,0.000,0.000,1.000,0,0,0,14,14,0,0,14,0.0,0,0,0.0,0.0,1.0
"F[2,2]((Bilirubin_total >= 0.000 & Magnesium >= 0.000) -> PTT <= 0.000)
",0.000,0.000,0.000,0.000,1.000,0,0,0,14,14,0,0,14,0.0,0,0,0.0,0.0,1.0
"((Magnesium <= 0.000) U[0,0] (Bilirubin_total >= 0.000))
",0.000,0.000,0.000,0.000,1.000,0,0,0,14,14,0,0,14,0.0,0,0,0.0,0.0,1.0
"F[1,1](SepsisLabel <= 0.000 & Bilirubin_total >= 0.000)
",0.000,0.000,0.000,0.000,1.000,0,0,0,14,14,0,0,14,0.0,0,0,0.0,0.0,1.0
"F[1,2](((SBP >= 5.259 & Glucose <= 85.915) & Glucose >= 0.237) | DBP <= 29.908)
",-9999999.000,-9999999.000,0.000,0.000,1.000,0,0,0,14,14,0,0,14,0.0,0,0,0.0,0.0,1.0
"((EtCO2 >= 0.000) U[0,1] (SBP <= 150.571))
",-9999999.000,-9999999.000,0.000,0.000,1.000,0,0,0,14,14,0,0,14,0.0,0,0,0.0,0.0,1.0
"F[0,2](((FiO2 >= 0.000 -> AST >= 0.000) & Bilirubin_total >= 0.000) & Creatinine <= 0.000)
",-9999999.000,-9999999.000,0.000,0.000,1.000,0,0,0,14,14,0,0,14,0.0,0,0,0.0,0.0,1.0
"F[0,1](Alkalinephos >= 0.000 -> HCO3 <= 0.000)
",-9999999.000,-9999999.000,0.000,0.000,1.000,0,0,0,14,14,0,0,14,0.0,0,0,0.0,0.0,1.0
"((BUN <= 43.067) U[2,2] (HR >= 14.551))
",6061145878224639.000,43.067,0.000,0.000,1.000,0,0,0,14,14,0,0,14,0.0,0,0,0.0,0.0,1.0
"((MAP >= 2.587) U[0,2] (Magnesium <= 0.000))
",-9999999.000,-9999999.000,0.000,0.000,1.000,0,0,0,14,14,0,0,14,0.0,0,0,0.0,0.0,1.0
"((Calcium <= 2.026) U[0,2] (EtCO2 <= 0.000))
",-9999999.000,-9999999.000,0.000,0.000,1.000,0,0,0,14,14,0,0,14,0.0,0,0,0.0,0.0,1.0
"F[0,1]((DBP >= 7.078 | DBP >= 16.221) -> pH <= 72.026)
",-9999999.000,-9999999.000,0.000,0.000,1.000,0,0,0,14,14,0,0,14,0.0,0,0,0.0,0.0,1.0
"((Fibrinogen <= 0.000) U[0,1] (pH >= 0.000))
",-9999999.000,-9999999.000,0.000,0.000,1.000,0,0,0,14,14,0,0,14,0.0,0,0,0.0,0.0,1.0
"((Bilirubin_total >= 0.000) U[0,2] (DBP >= 2.787))
",-9999999.000,-9999999.000,0.000,0.000,1.000,0,0,0,14,14,0,0,14,0.0,0,0,0.0,0.0,1.0
"F[0,2](((Resp >= 2.441 & pH >= 0.000) & TroponinI >= 0.000) | Phosphate >= 0.000)
",-9999999.000,-9999999.000,0.000,0.000,1.000,0,0,0,14,14,0,0,14,0.0,0,0,0.0,0.0,1.0
"F[0,0](((Creatinine <= 6.504 & BaseExcess >= 0.000) -> Alkalinephos <= 0.000) & Alkalinephos <= 0.000)
",0.000,0.000,0.000,0.000,1.000,0,0,0,14,14,0,0,14,0.0,0,0,0.0,0.0,1.0
"F[0,0]((HR >= 12.596 | EtCO2 <= 0.000) | EtCO2 <= 0.000)
",22697.404,22697.404,0.000,0.000,1.000,0,0,0,14,14,0,0,14,0.0,0,0,0.0,0.0,1.0
"F[0,2](((PaCO2 <= 0.000 | Phosphate >= 0.204) & HCO3 <= 2.195) & Phosphate >= 0.109)
",-9999999.000,-9999999.000,0.000,0.000,1.000,0,0,0,14,14,0,0,14,0.0,0,0,0.0,0.0,1.0
"F[1,2](Lactate >= 0.000 & EtCO2 >= 0.000)
",-9999999.000,-9999999.000,0.000,0.000,1.000,0,0,0,14,14,0,0,14,0.0,0,0,0.0,0.0,1.0
"F[2,2](((HR >= 14.486 | HCO3 <= 0.000) | Platelets <= 0.000) & pH <= 0.000)
",0.000,0.000,0.000,0.000,1.000,0,0,0,14,14,0,0,14,0.0,0,0,0.0,0.0,1.0
"((Calcium >= 0.032) U[0,1] (Calcium <= 7.663))
",-9999999.000,-9999999.000,0.000,0.000,1.000,0,0,0,14,14,0,0,14,0.0,0,0,0.0,0.0,1.0
"F[1,1]((AST >= 0.000 | Potassium <= 2.640) | HCO3 >= 0.138)
",2.640,2.640,0.000,0.000,1.000,0,0,0,14,14,0,0,14,0.0,0,0,0.0,0.0,1.0
"F[1,2](((FiO2 >= 0.000 | WBC <= 2.036) -> Potassium <= 2.270) & AST <= 0.683)
",-9999999.000,-9999999.000,0.000,0.000,1.000,0,0,0,14,14,0,0,14,0.0,0,0,0.0,0.0,1.0
"F[0,1](((WBC >= 0.096 -> SaO2 >= 0.000) & BaseExcess <= 0.000) & HR <= 0.000)
",-9999999.000,-9999999.000,0.000,0.000,1.000,0,0,0,14,14,0,0,14,0.0,0,0,0.0,0.0,1.0
"F[1,2](((Bilirubin_direct <= 0.000 -> Fibrinogen <= 0.000) & Potassium <= 0.000) -> Magnesium <= 0.000)
",-9999999.000,-9999999.000,0.000,0.000,1.000,0,0,0,14,14,0,0,14,0.0,0,0,0.0,0.0,1.0
"F[0,1](FiO2 <= 0.000 -> TroponinI <= 0.000)
",-9999999.000,-9999999.000,0.000,0.000,1.000,0,0,0,14,14,0,0,14,0.0,0,0,0.0,0.0,1.0
"F[2,2](PTT >= 0.000 | Glucose >= 0.803)
",0.000,0.000,0.000,0.000,1.000,0,0,0,14,14,0,0,14,0.0,0,0,0.0,0.0,1.0
"F[0,1]((Hgb >= 0.199 | Alkalinephos >= 0.000) | MAP <= 0.000)
",-9999999.000,-9999999.000,0.000,0.000,1.000,0,0,0,14,14,0,0,14,0.0,0,0,0.0,0.0,1.0
"F[0,0](((SepsisLabel <= 0.000 | Magnesium >= 0.000) | Magnesium >= 0.000) & Magnesium <= 0.000)
",0.000,0.000,0.000,0.000,1.000,0,0,0,14,14,0,0,14,0.0,0,0,0.0,0.0,1.0
"((Chloride >= 0.000) U[1,1] (Bilirubin_total >= 0.000))
",0.000,0.000,0.000,0.000,1.000,0,0,0,14,14,0,0,14,0.0,0,0,0.0,0.0,1.0
"F[0,2](((Hct <= 13.181 | Alkalinephos <= 0.000) -> Creatinine >= 0.000) & pH >= 0.000)
",-9999999.000,-9999999.000,0.000,0.000,1.000,0,0,0,14,14,0,0,14,0.0,0,0,0.0,0.0,1.0
"F[1,2](O2Sat <= 26.477 & Platelets <= 234.852)
",-9999999.000,-9999999.000,0.000,0.000,1.000,0,0,0,14,14,0,0,14,0.0,0,0,0.0,0.0,1.0
"F[2,2]((Fibrinogen <= 0.000 & Fibrinogen >= 0.000) | MAP <= 0.000)
",0.000,0.000,0.000,0.000,1.000,0,0,0,14,14,0,0,14,0.0,0,0,0.0,0.0,1.0
"((Hgb <= 7.219) U[0,1] (PaCO2 <= 0.000))
",-9999999.000,-9999999.000,0.000,0.000,1.000,0,0,0,14,14,0,0,14,0.0,0,0,0.0,0.0,1.0
"F[1,2]((PaCO2 >= 0.000 | Temp >= 3.073) & Magnesium >= 2.892)
",-9999999.000,-9999999.000,0.000,0.000,1.000,0,0,0,14,14,0,0,14,0.0,0,0,0.0,0.0,1.0
"F[1,1](((Lactate >= 0.000 | Calcium <= 4.569) & WBC <= 8.457) & Fibrinogen <= 1.397)
",6292137828023130.000,1.397,0.000,0.000,1.000,0,0,0,14,14,0,0,14,0.0,0,0,0.0,0.0,1.0
"F[1,2]((Calcium <= 7.175 & Potassium <= 2.784) & Magnesium >= 0.000)
",-9999999.000,-9999999.000,0.000,0.000,1.000,0,0,0,14,14,0,0,14,0.0,0,0,0.0,0.0,1.0
"F[0,2]((PTT >= 0.000 & AST <= 0.000) & Chloride <= 0.000)
",-9999999.000,-9999999.000,0.000,0.000,1.000,0,0,0,14,14,0,0,14,0.0,0,0,0.0,0.0,1.0
"F[1,2](Magnesium >= 0.000 -> O2Sat >= 9.217)
",-9999999.000,-9999999.000,0.000,0.000,1.000,0,0,0,14,14,0,0,14,0.0,0,0,0.0,0.0,1.0
"F[0,2](SepsisLabel >= 0.000 | SBP <= 145.485)
",-9999999.000,-9999999.000,0.000,0.000,1.000,0,0,0,14,14,0,0,14,0.0,0,0,0.0,0.0,1.0
"F[0,1]((Platelets >= 7.532 & DBP >= 14.421) | Platelets <= 69.803)
",-9999999.000,-9999999.000,0.000,0.000,1.000,0,0,0,14,14,0,0,14,0.0,0,0,0.0,0.0,1.0
"F[0,0]((MAP >= 1.477 -> Resp >= 1.092) | SepsisLabel <= 17.721)
",17.721,17.721,0.000,0.000,1.000,0,0,0,14,14,0,0,14,0.0,0,0,0.0,0.0,1.0
"F[1,2]((Temp >= 3.841 & Potassium <= 4.230) & Hct >= 0.091)
",-9999999.000,-9999999.000,0.000,0.000,1.000,0,0,0,14,14,0,0,14,0.0,0,0,0.0,0.0,1.0
"F[2,2](((Calcium <= 8.993 -> TroponinI <= 0.000) & Platelets >= 0.000) -> PaCO2 <= 0.000)
",0.000,0.000,0.000,0.000,1.000,0,0,0,14,14,0,0,14,0.0,0,0,0.0,0.0,1.0
"F[0,2](HCO3 <= 0.000 -> Resp <= 8.651)
",-9999999.000,-9999999.000,0.000,0.000,1.000,0,0,0,14,14,0,0,14,0.0,0,0,0.0,0.0,1.0
"F[1,2]((Hgb >= 0.202 & MAP <= 17.806) & Phosphate <= 32.200)
",-9999999.000,-9999999.000,0.000,0.000,1.000,0,0,0,14,14,0,0,14,0.0,0,0,0.0,0.0,1.0
"((BUN >= 0.558) U[0,2] (MAP <= 85.767))
",-9999999.000,-9999999.000,0.000,0.000,1.000,0,0,0,14,14,0,0,14,0.0,0,0,0.0,0.0,1.0
"F[2,2]((Glucose >= 0.301 | MAP >= 0.879) -> Hgb <= 25.506)
",-25.506,-25.506,0.000,0.000,1.000,0,0,0,14,14,0,0,14,0.0,0,0,0.0,0.0,1.0
"F[0,1]((MAP <= 83.223 | Phosphate <= 0.701) & Lactate <= 1.643)
",-9999999.000,-9999999.000,0.000,0.000,1.000,0,0,0,14,14,0,0,14,0.0,0,0,0.0,0.0,1.0
"F[0,0](((BUN <= 25.425 -> Resp <= 3.727) -> Magnesium >= 2.707) -> Alkalinephos <= 13.429)
",-7560028408453743.000,-13.429,0.000,0.000,1.000,0,0,0,14,14,0,0,14,0.0,0,0,0.0,0.0,1.0
"F[2,2](((Calcium >= 0.041 & pH >= 0.000) -> Bilirubin_total >= 0.000) | AST <= 0.000)
",0.000,0.000,0.000,0.000,1.000,0,0,0,14,14,0,0,14,0.0,0,0,0.0,0.0,1.0
"F[0,2](((Creatinine >= 0.091 & Resp >= 1.824) | Phosphate >= 0.980) & Bilirubin_direct >= 0.399)
",-9999999.000,-9999999.000,0.000,0.000,1.000,0,0,0,14,14,0,0,14,0.0,0,0,0.0,0.0,1.0
"F[1,1](((MAP >= 2.196 & O2Sat >= 0.750) -> Lactate <= 87.188) & Hgb <= 85.070)
",-87.188,-87.188,0.000,0.000,1.000,0,0,0,14,14,0,0,14,0.0,0,0,0.0,0.0,1.0
"F[0,1](Hgb >= 0.214 -> O2Sat <= 59.784)
",-9999999.000,-9999999.000,0.000,0.000,1.000,0,0,0,14,14,0,0,14,0.0,0,0,0.0,0.0,1.0
"F[1,2]((Calcium >= 0.083 & O2Sat <= 48.938) & HR >= 14.471)
",-9999999.000,-9999999.000,0.000,0.000,1.000,0,0,0,14,14,0,0,14,0.0,0,0,0.0,0.0,1.0
"F[1,2](MAP <= 55.992 -> Temp >= 4.585)
",-9999999.000,-9999999.000,0.000,0.000,1.000,0,0,0,14,14,0,0,14,0.0,0,0,0.0,0.0,1.0
"F[0,2]((Platelets <= 28.443 | Temp <= 26.165) -> Fibrinogen <= 13.311)
",-9999999.000,-9999999.000,0.000,0.000,1.000,0,0,0,14,14,0,0,14,0.0,0,0,0.0,0.0,1.0
"F[0,2]((Glucose <= 90.560 | Temp >= 0.475) & TroponinI <= 33.025)
",-9999999.000,-9999999.000,0.000,0.000,1.000,0,0,0,14,14,0,0,14,0.0,0,0,0.0,0.0,1.0
"F[0,1]((FiO2 >= 0.000 | WBC <= 3.151) | Fibrinogen >= 0.234)
",-9999999.000,-9999999.000,0.000,0.000,1.000,0,0,0,14,14,0,0,14,0.0,0,0,0.0,0.0,1.0
"F[0,2](Chloride <= 0.000 & Phosphate >= 0.196)
",-9999999.000,-9999999.000,0.000,0.000,1.000,0,0,0,14,14,0,0,14,0.0,0,0,0.0,0.0,1.0
"F[1,2](pH <= 0.000 -> HCO3 <= 0.000)
",-9999999.000,-9999999.000,0.000,0.000,1.000,0,0,0,14,14,0,0,14,0.0,0,0,0.0,0.0,1.0
"F[0,1](((Creatinine <= 2.468 -> Alkalinephos <= 0.000) | PTT >= 0.000) -> Platelets >= 0.000)
",-9999999.000,-9999999.000,0.000,0.000,1.000,0,0,0,14,14,0,0,14,0.0,0,0,0.0,0.0,1.0
"F[1,2]((Phosphate >= 0.141 | Calcium <= 10.484) & HCO3 <= 7.057)
",-9999999.000,-9999999.000,0.000,0.000,1.000,0,0,0,14,14,0,0,14,0.0,0,0,0.0,0.0,1.0
"F[0,2]((BUN >= 0.581 & Calcium >= 0.037) -> Chloride <= 2.432)
",-9999999.000,-9999999.000,0.000,0.000,1.000,0,0,0,14,14,0,0,14,0.0,0,0,0.0,0.0,1.0
"F[2,2]((TroponinI >= 0.000 -> Hct <= 13.885) | PaCO2 >= 0.106)
",-7661438820390087.000,-0.106,0.000,0.000,1.000,0,0,0,14,14,0,0,14,0.0,0,0,0.0,0.0,1.0
"F[0,2](((Resp <= 10.999 | Hgb <= 6.265) & BaseExcess <= 2.889) & Creatinine >= 0.213)
",-9999999.000,-9999999.000,0.000,0.000,1.000,0,0,0,14,14,0,0,14,0.0,0,0,0.0,0.0,1.0
"((Lactate <= 0.000) U[2,2] (Hct >= 0.571))
",0.000,0.000,0.000,0.000,1.000,0,0,0,14,14,0,0,14,0.0,0,0,0.0,0.0,1.0
"((EtCO2 >= 0.000) U[1,2] (Bilirubin_direct <= 0.000))
",-9999999.000,-9999999.000,0.000,0.000,1.000,0,0,0,14,14,0,0,14,0.0,0,0,0.0,0.0,1.0
"((SaO2 <= 0.000) U[1,2] (SaO2 >= 0.000))
",-9999999.000,-9999999.000,0.000,0.000,1.000,0,0,0,14,14,0,0,14,0.0,0,0,0.0,0.0,1.0
"F[0,1](((SBP <= 62.663 & MAP <= 35.336) | WBC <= 36.251) -> HCO3 <= 39.732)
",-9999999.000,-9999999.000,0.000,0.000,1.000,0,0,0,14,14,0,0,14,0.0,0,0,0.0,0.0,1.0
"((Alkalinephos <= 0.000) U[0,2] (Platelets >= 8.462))
",-9999999.000,-9999999.000,0.000,0.000,1.000,0,0,0,14,14,0,0,14,0.0,0,0,0.0,0.0,1.0
"F[1,1](((Glucose >= 0.113 -> SaO2 <= 0.000) | Hgb >= 0.000) -> BUN >= 0.000)
",0.000,0.000,0.000,0.000,1.000,0,0,0,14,14,0,0,14,0.0,0,0,0.0,0.0,1.0
"F[1,1](((Creatinine <= 8.168 | PTT >= 0.000) -> HR <= 0.000) | Potassium <= 0.000)
",0.000,0.000,0.000,0.000,1.000,0,0,0,14,14,0,0,14,0.0,0,0,0.0,0.0,1.0
"F[2,2](MAP <= 69.640 & BUN >= 2.390)
",-5380716827929866.000,-2.390,0.000,0.000,1.000,0,0,0,14,14,0,0,14,0.0,0,0,0.0,0.0,1.0
"F[1,2](((BUN <= 44.947 & BaseExcess <= 0.000) | PaCO2 <= 0.000) -> Platelets <= 0.000)
",-9999999.000,-9999999.000,0.000,0.000,1.000,0,0,0,14,14,0,0,14,0.0,0,0,0.0,0.0,1.0
"F[0,2]((Phosphate <= 3.512 & Hgb >= 0.110) & PaCO2 >= 0.013)
",-9999999.000,-9999999.000,0.000,0.000,1.000,0,0,0,14,14,0,0,14,0.0,0,0,0.0,0.0,1.0
"F[0,0](((PaCO2 >= 0.000 | Hct <= 23.041) & SepsisLabel >= 0.977) -> HCO3 <= 7.564)
",-8516163066585745.000,-7.564,0.000,0.000,1.000,0,0,0,14,14,0,0,14,0.0,0,0,0.0,0.0,1.0
"F[1,2]((HR <= 18.321 & SepsisLabel <= 0.000) & SBP <= 0.000)
",-9999999.000,-9999999.000,0.000,0.000,1.000,0,0,0,14,14,0,0,14,0.0,0,0,0.0,0.0,1.0
"F[1,2]((FiO2 <= 0.000 | SepsisLabel >= 0.000) | DBP >= 0.000)
",-9999999.000,-9999999.000,0.000,0.000,1.000,0,0,0,14,14,0,0,14,0.0,0,0,0.0,0.0,1.0
