Rule,Discrimination Score,Pos Robustness,Neg Robustness,Percent Class +,Percent Class -,TP,TN,FP,FN,Actual Yes,Actual No,Predicted Yes,Predicted No,TPR/Sens,TNR/Spec,FPR,Precision,Accuracy,MCR,Class
"G[0,0](((Alkalinephos >= 1.239 & Bilirubin_direct >= 0.000) & Resp >= 0.000) -> MAP >= 0.000)
",-8.200,-166.778,0.000,1.000,0.000,28,0,0,0,28,0,28,0,1.0,0.0,0.0,1.0,1.018181818181818,-0.018181818181818077,1
"G[0,0](((Potassium >= 0.012 & SaO2 <= 0.000) | SBP >= 0.000) -> Glucose >= 0.000)
",-0.417,-5.500,0.000,1.000,0.000,28,0,0,0,28,0,28,0,1.0,0.0,0.0,1.0,1.018181818181818,-0.018181818181818077,1
"F[0,0]((Hgb <= 6.756 | PaCO2 <= 26.018) -> PTT >= 0.266)
",-18.625,-25.747,0.000,0.000,1.000,28,0,0,0,28,0,28,0,1.0,0.0,0.0,1.0,1.018181818181818,-0.018181818181818077,-1
"F[0,0]((Calcium <= 4.367 & Potassium <= 1.134) & Magnesium >= 0.004)
",-0.280,-2.575,0.000,0.000,1.000,28,0,0,0,28,0,28,0,1.0,0.0,0.0,1.0,1.018181818181818,-0.018181818181818077,-1
"F[0,0]((Chloride <= 57.671 -> PaCO2 >= 0.022) & pH >= 0.193)
",-27.934,-57.051,0.000,0.000,1.000,28,0,0,0,28,0,28,0,1.0,0.0,0.0,1.0,1.018181818181818,-0.018181818181818077,-1
"F[0,0](PaCO2 >= 0.449 & MAP <= 86.496)
",-3.947,-80.282,0.000,0.000,1.000,28,0,0,0,28,0,28,0,1.0,0.0,0.0,1.0,1.018181818181818,-0.018181818181818077,-1
"((FiO2 <= 0.381) U[0,0] (Lactate >= 0.008))
",0.424,17.453,0.000,0.000,1.000,28,0,0,0,28,0,28,0,1.0,0.0,0.0,1.0,1.018181818181818,-0.018181818181818077,-1
"G[0,0](((EtCO2 >= 0.334 -> SBP >= 98.787) -> Bilirubin_total >= 20.807) | WBC <= 200.618)
",200.618,200.618,0.000,1.000,0.000,28,0,0,0,28,0,28,0,1.0,0.0,0.0,1.0,1.018181818181818,-0.018181818181818077,1
"F[0,0]((Bilirubin_total >= 0.008 & DBP <= 53.655) & SepsisLabel >= 32.513)
",-5.718,-37.685,0.000,0.000,1.000,28,0,0,0,28,0,28,0,1.0,0.0,0.0,1.0,1.018181818181818,-0.018181818181818077,-1
"G[0,0](Glucose >= 9.546 | Magnesium <= 1.124)
",6.887,1.093,0.000,1.000,0.000,28,0,0,0,28,0,28,0,1.0,0.0,0.0,1.0,1.018181818181818,-0.018181818181818077,1
"F[0,0]((Alkalinephos >= 1.363 & Hct <= 24.342) & Calcium >= 0.118)
",0.078,0.523,0.000,0.000,1.000,28,0,0,0,28,0,28,0,1.0,0.0,0.0,1.0,1.018181818181818,-0.018181818181818077,-1
"G[0,0](((Calcium >= 0.436 & Chloride >= 0.189) | Fibrinogen >= 1.026) | Magnesium <= 5.709)
",4.314,6.068,0.000,1.000,0.000,28,0,0,0,28,0,28,0,1.0,0.0,0.0,1.0,1.018181818181818,-0.018181818181818077,1
"G[0,0]((Chloride <= 42.085 & DBP >= 40.604) | MAP <= 66.984)
",15.326,40.782,0.000,1.000,0.000,28,0,0,0,28,0,28,0,1.0,0.0,0.0,1.0,1.018181818181818,-0.018181818181818077,1
"G[0,0]((Hct <= 22.633 & Lactate >= 0.012) -> Temp >= 0.005)
",-381.536,-99.921,0.000,1.000,0.000,28,0,0,0,28,0,28,0,1.0,0.0,0.0,1.0,1.018181818181818,-0.018181818181818077,1
"G[0,0]((Chloride <= 37.017 | Lactate >= 0.012) | Temp >= 0.007)
",14.217,102.233,0.000,1.000,0.000,28,0,0,0,28,0,28,0,1.0,0.0,0.0,1.0,1.018181818181818,-0.018181818181818077,1
"G[0,0](Bilirubin_total <= 0.179 | Temp <= 21.889)
",-0.210,-0.262,0.000,1.000,0.000,28,0,0,0,28,0,28,0,1.0,0.0,0.0,1.0,1.018181818181818,-0.018181818181818077,1
"G[0,0](((SBP <= 167.570 | PTT <= 0.000) | Creatinine <= 0.000) -> PaCO2 >= 0.000)
",-12.287,-162.070,0.000,1.000,0.000,28,0,0,0,28,0,28,0,1.0,0.0,0.0,1.0,1.018181818181818,-0.018181818181818077,1
"G[0,0](((Magnesium >= 0.047 & WBC <= 4.410) | Potassium <= 5.885) & BaseExcess <= 6.866)
",3.515,5.446,0.000,1.000,0.000,28,0,0,0,28,0,28,0,1.0,0.0,0.0,1.0,1.018181818181818,-0.018181818181818077,1
"G[0,0]((BUN >= 0.436 | Lactate >= 0.007) -> BaseExcess <= 0.721)
",-0.432,-17.743,0.000,1.000,0.000,28,0,0,0,28,0,28,0,1.0,0.0,0.0,1.0,1.018181818181818,-0.018181818181818077,1
"G[0,0]((Platelets <= 134.286 -> Temp >= 3.123) | AST <= 24.085)
",3389618925285670.000,24.085,0.000,1.000,0.000,28,0,0,0,28,0,28,0,1.0,0.0,0.0,1.0,1.018181818181818,-0.018181818181818077,1
"G[0,1]((pH <= 1.622 | Phosphate >= 0.055) -> HCO3 <= 0.380)
",9999999.000,9999999.000,0.000,1.000,0.000,27,0,1,0,27,1,28,0,1.0,0.0,1.0,0.9642857142857143,0.9818181818181818,0.018181818181818188,1
"((Chloride >= 0.496) U[1,1] (Platelets <= 142.458))
",142.458,142.458,0.000,0.000,1.000,27,0,0,1,28,0,27,1,0.9642857142857143,0.0,0.0,1.0,0.9818181818181818,0.018181818181818188,-1
"G[0,1](Hgb >= 0.437 -> Temp <= 28.401)
",9999999.000,9999999.000,0.000,1.000,0.000,27,0,1,0,27,1,28,0,1.0,0.0,1.0,0.9642857142857143,0.9818181818181818,0.018181818181818188,1
"G[1,1]((Glucose <= 127.640 & WBC >= 0.323) | Hgb <= 7.672)
",8638461830090455.000,7.672,0.000,1.000,0.000,27,0,1,0,27,1,28,0,1.0,0.0,1.0,0.9642857142857143,0.9818181818181818,0.018181818181818188,1
"G[1,1](SaO2 > 0.000 -> SepsisLabel = 0.000)
",0.000,0.000,0.000,1.000,0.000,27,0,1,0,27,1,28,0,1.0,0.0,1.0,0.9642857142857143,0.9818181818181818,0.018181818181818188,1
"G[0,1](((Chloride >= 0.576 & Chloride <= 101.528) -> BUN <= 99.420) | SepsisLabel <= 50.828)
",9999999.000,9999999.000,0.000,1.000,0.000,27,0,1,0,27,1,28,0,1.0,0.0,1.0,0.9642857142857143,0.9818181818181818,0.018181818181818188,1
"G[0,1]((AST >= 0.212 | Creatinine <= 1.262) | Glucose >= 0.099)
",9999999.000,9999999.000,0.000,1.000,0.000,27,0,1,0,27,1,28,0,1.0,0.0,1.0,0.9642857142857143,0.9818181818181818,0.018181818181818188,1
"G[0,0](Phosphate <= 5.283 & SepsisLabel = 0.000)
",-0.283,-11.370,0.000,1.000,0.000,27,0,0,1,28,0,27,1,0.9642857142857143,0.0,0.0,1.0,0.9818181818181818,0.018181818181818188,1
"F[1,1](((FiO2 <= 0.214 -> Magnesium >= 0.020) & DBP <= 0.983) & pH <= 0.839)
",-0.214,-0.214,0.000,0.000,1.000,27,0,0,1,28,0,27,1,0.9642857142857143,0.0,0.0,1.0,0.9818181818181818,0.018181818181818188,-1
"F[0,1]((Fibrinogen >= 0.000 -> Alkalinephos >= 0.351) & SaO2 >= 0.133)
",-9999999.000,-9999999.000,0.000,0.000,1.000,27,0,0,1,28,0,27,1,0.9642857142857143,0.0,0.0,1.0,0.9818181818181818,0.018181818181818188,-1
"G[0,0]((Glucose <= 90.224 | Platelets >= 1.006) | Calcium >= 4.149)
",6348930197427467.000,90.224,0.000,1.000,0.000,27,0,0,1,28,0,27,1,0.9642857142857143,0.0,0.0,1.0,0.9818181818181818,0.018181818181818188,1
"F[0,1]((Calcium <= 4.175 & Potassium <= 2.708) & Magnesium >= 0.071)
",-9999999.000,-9999999.000,0.000,0.000,1.000,27,0,0,1,28,0,27,1,0.9642857142857143,0.0,0.0,1.0,0.9818181818181818,0.018181818181818188,-1
"F[0,1]((Calcium <= 5.818 & Potassium <= 2.985) & Magnesium >= 0.037)
",-9999999.000,-9999999.000,0.000,0.000,1.000,27,0,0,1,28,0,27,1,0.9642857142857143,0.0,0.0,1.0,0.9818181818181818,0.018181818181818188,-1
"F[0,1](((AST >= 0.546 & pH >= 0.038) & PaCO2 >= 0.123) & Glucose >= 0.069)
",-9999999.000,-9999999.000,0.000,0.000,1.000,27,0,0,1,28,0,27,1,0.9642857142857143,0.0,0.0,1.0,0.9818181818181818,0.018181818181818188,-1
"F[1,1](((FiO2 <= 0.288 -> FiO2 >= 0.001) & Resp <= 0.381) & Resp <= 0.271)
",-0.288,-0.288,0.000,0.000,1.000,27,0,0,1,28,0,27,1,0.9642857142857143,0.0,0.0,1.0,0.9818181818181818,0.018181818181818188,-1
"F[0,1](((Glucose >= 4.213 & PaCO2 <= 5.588) | AST >= 0.148) & Lactate >= 0.528)
",-9999999.000,-9999999.000,0.000,0.000,1.000,27,0,0,1,28,0,27,1,0.9642857142857143,0.0,0.0,1.0,0.9818181818181818,0.018181818181818188,-1
"F[1,1]((AST >= 0.811 | HR >= 47.470) & Creatinine >= 15.214)
",-8564710566886041.000,-15.214,0.000,0.000,1.000,27,0,0,1,28,0,27,1,0.9642857142857143,0.0,0.0,1.0,0.9818181818181818,0.018181818181818188,-1
"((Bilirubin_direct > 0.000) U[1,2] (SepsisLabel = 0.000))
",-9999999.000,-9999999.000,0.000,0.000,1.000,27,0,0,1,28,0,27,1,0.9642857142857143,0.0,0.0,1.0,0.9818181818181818,0.018181818181818188,-1
"G[0,1](((Glucose <= 116.522 -> SBP <= 193.505) -> WBC >= 49.831) -> Fibrinogen <= 186.915)
",9999999.000,9999999.000,0.000,1.000,0.000,27,0,1,0,27,1,28,0,1.0,0.0,1.0,0.9642857142857143,0.9818181818181818,0.018181818181818188,1
"F[0,1](Magnesium >= 0.017 & O2Sat <= 99.636)
",-9999999.000,-9999999.000,0.000,0.000,1.000,27,0,0,1,28,0,27,1,0.9642857142857143,0.0,0.0,1.0,0.9818181818181818,0.018181818181818188,-1
"G[0,1](((BUN <= 41.104 -> DBP >= 46.246) & Platelets >= 32.114) | Fibrinogen <= 66.737)
",9999999.000,9999999.000,0.000,1.000,0.000,27,0,1,0,27,1,28,0,1.0,0.0,1.0,0.9642857142857143,0.9818181818181818,0.018181818181818188,1
"G[0,1]((HR <= 88.386 & Lactate >= 0.008) | SaO2 <= 0.707)
",9999999.000,9999999.000,0.000,1.000,0.000,27,0,1,0,27,1,28,0,1.0,0.0,1.0,0.9642857142857143,0.9818181818181818,0.018181818181818188,1
"G[0,1](AST <= 16.431 | Potassium >= 0.129)
",9999999.000,9999999.000,0.000,1.000,0.000,27,0,1,0,27,1,28,0,1.0,0.0,1.0,0.9642857142857143,0.9818181818181818,0.018181818181818188,1
"G[0,1](BUN <= 14.210 -> WBC <= 6.227)
",9999999.000,9999999.000,0.000,1.000,0.000,27,0,1,0,27,1,28,0,1.0,0.0,1.0,0.9642857142857143,0.9818181818181818,0.018181818181818188,1
"G[0,1]((Hct >= 0.665 | Platelets >= 6.799) | Temp <= 134.827)
",9999999.000,9999999.000,0.000,1.000,0.000,27,0,1,0,27,1,28,0,1.0,0.0,1.0,0.9642857142857143,0.9818181818181818,0.018181818181818188,1
"G[1,1](((PaCO2 >= 0.014 & pH >= 0.117) & EtCO2 <= 5.171) | PTT <= 0.467)
",8418169086528737.000,0.467,0.000,1.000,0.000,27,0,1,0,27,1,28,0,1.0,0.0,1.0,0.9642857142857143,0.9818181818181818,0.018181818181818188,1
"G[1,1]((Bilirubin_total <= 0.338 | Glucose <= 101.756) -> WBC <= 130.361)
",-130.361,-130.361,0.000,1.000,0.000,27,0,1,0,27,1,28,0,1.0,0.0,1.0,0.9642857142857143,0.9818181818181818,0.018181818181818188,1
"G[0,1](((O2Sat >= 28.352 -> Resp >= 11.634) | HCO3 >= 11.033) | Alkalinephos <= 24.583)
",9999999.000,9999999.000,0.000,1.000,0.000,27,0,1,0,27,1,28,0,1.0,0.0,1.0,0.9642857142857143,0.9818181818181818,0.018181818181818188,1
"G[1,1](((FiO2 >= 0.005 & pH >= 0.096) | TroponinI <= 0.610) | HCO3 <= 5.428)
",6111418530785151.000,5.428,0.000,1.000,0.000,27,0,1,0,27,1,28,0,1.0,0.0,1.0,0.9642857142857143,0.9818181818181818,0.018181818181818188,1
"G[1,1](Hct >= 0.775 -> Phosphate >= 0.041)
",5936975408668146.000,0.041,0.000,1.000,0.000,27,0,1,0,27,1,28,0,1.0,0.0,1.0,0.9642857142857143,0.9818181818181818,0.018181818181818188,1
"G[0,1](((Magnesium <= 0.809 | SBP >= 106.079) -> EtCO2 >= 111.517) | Temp <= 156.579)
",9999999.000,9999999.000,0.000,1.000,0.000,27,0,1,0,27,1,28,0,1.0,0.0,1.0,0.9642857142857143,0.9818181818181818,0.018181818181818188,1
"G[0,1](((BUN >= 2.712 & MAP >= 65.992) -> Lactate <= 100.753) -> Alkalinephos <= 103.196)
",9999999.000,9999999.000,0.000,1.000,0.000,27,0,1,0,27,1,28,0,1.0,0.0,1.0,0.9642857142857143,0.9818181818181818,0.018181818181818188,1
"G[0,1](((Lactate >= 0.008 -> Platelets <= 144.496) | Chloride >= 5.087) -> DBP <= 119.181)
",9999999.000,9999999.000,0.000,1.000,0.000,27,0,1,0,27,1,28,0,1.0,0.0,1.0,0.9642857142857143,0.9818181818181818,0.018181818181818188,1
"G[0,1]((Platelets >= 1.575 | TroponinI >= 0.026) -> Bilirubin_direct <= 0.223)
",9999999.000,9999999.000,0.000,1.000,0.000,27,0,1,0,27,1,28,0,1.0,0.0,1.0,0.9642857142857143,0.9818181818181818,0.018181818181818188,1
"G[0,1](((AST <= 5.318 -> WBC >= 0.529) | TroponinI <= 1.529) | SepsisLabel <= 11.761)
",9999999.000,9999999.000,0.000,1.000,0.000,27,0,1,0,27,1,28,0,1.0,0.0,1.0,0.9642857142857143,0.9818181818181818,0.018181818181818188,1
"G[0,1](((BUN >= 2.460 | Hgb <= 6.777) | Glucose <= 5.807) -> Creatinine <= 6.226)
",9999999.000,9999999.000,0.000,1.000,0.000,27,0,1,0,27,1,28,0,1.0,0.0,1.0,0.9642857142857143,0.9818181818181818,0.018181818181818188,1
"G[0,1](((Lactate <= 0.510 | Creatinine <= 2.695) & Creatinine <= 2.304) | Temp <= 0.188)
",9999999.000,9999999.000,0.000,1.000,0.000,27,0,1,0,27,1,28,0,1.0,0.0,1.0,0.9642857142857143,0.9818181818181818,0.018181818181818188,1
"((Chloride >= 0.577) U[1,2] (Platelets <= 91.907))
",-9999999.000,-9999999.000,0.000,0.000,1.000,26,0,0,2,28,0,26,2,0.9285714285714286,0.0,0.0,1.0,0.9454545454545454,0.054545454545454564,-1
"((Hct <= 6.006) U[0,0] (Calcium >= 0.273))
",0.969,8.441,0.000,0.000,1.000,26,0,0,2,28,0,26,2,0.9285714285714286,0.0,0.0,1.0,0.9454545454545454,0.054545454545454564,-1
"F[1,1]((Hgb <= 6.821 -> HR >= 39.890) -> Potassium >= 66.322)
",6.821,6.821,0.000,0.000,1.000,26,0,0,2,28,0,26,2,0.9285714285714286,0.0,0.0,1.0,0.9454545454545454,0.054545454545454564,-1
"F[0,0](((PaCO2 >= 0.056 & Phosphate <= 0.609) | Phosphate >= 0.287) | Bilirubin_total >= 0.112)
",0.308,0.378,0.000,0.000,1.000,26,0,0,2,28,0,26,2,0.9285714285714286,0.0,0.0,1.0,0.9454545454545454,0.054545454545454564,-1
"F[1,1](Alkalinephos >= 1.434 & HR <= 87.242)
",-1.434,-1.434,0.000,0.000,1.000,26,0,0,2,28,0,26,2,0.9285714285714286,0.0,0.0,1.0,0.9454545454545454,0.054545454545454564,-1
"((Bilirubin_total >= 0.003) U[1,1] (O2Sat >= 56.575))
",-7671362690378840.000,-0.003,0.000,0.000,1.000,26,0,0,2,28,0,26,2,0.9285714285714286,0.0,0.0,1.0,0.9454545454545454,0.054545454545454564,-1
"G[0,0](BUN <= 10.358 | Hct <= 8.787)
",21.290,10.224,0.000,1.000,0.000,26,0,0,2,28,0,26,2,0.9285714285714286,0.0,0.0,1.0,0.9454545454545454,0.054545454545454564,1
"F[0,0](HR <= 91.223 & WBC >= 0.219)
",-6379854872905980.000,-23209.777,0.000,0.000,1.000,26,0,0,2,28,0,26,2,0.9285714285714286,0.0,0.0,1.0,0.9454545454545454,0.054545454545454564,-1
"F[0,0](WBC >= 0.104 & BUN >= 1.406)
",-3.840,-1.309,0.000,0.000,1.000,26,0,0,2,28,0,26,2,0.9285714285714286,0.0,0.0,1.0,0.9454545454545454,0.054545454545454564,-1
"F[0,1](FiO2 <= 0.025 -> PaCO2 >= 0.014)
",-9999999.000,-9999999.000,0.000,0.000,1.000,26,0,0,2,28,0,26,2,0.9285714285714286,0.0,0.0,1.0,0.9454545454545454,0.054545454545454564,-1
"((Temp >= 5.088) U[0,1] (pH >= 0.058))
",-9999999.000,-9999999.000,0.000,0.000,1.000,26,0,0,2,28,0,26,2,0.9285714285714286,0.0,0.0,1.0,0.9454545454545454,0.054545454545454564,-1
"((Bilirubin_total > 0.008) U[1,2] (SepsisLabel = 0.000))
",-9999999.000,-9999999.000,0.000,0.000,1.000,26,0,0,2,28,0,26,2,0.9285714285714286,0.0,0.0,1.0,0.9454545454545454,0.054545454545454564,-1
"G[0,0](Hct >= 0.214 -> WBC <= 6.401)
",-6.401,-6.401,0.000,1.000,0.000,26,0,0,2,28,0,26,2,0.9285714285714286,0.0,0.0,1.0,0.9454545454545454,0.054545454545454564,1
"G[1,1](((Phosphate <= 0.789 & Platelets >= 6.665) -> DBP >= 5.410) -> SBP >= 0.731)
",-6090672231150925.000,-5.410,0.000,1.000,0.000,26,0,1,1,27,1,27,1,0.9629629629629629,0.0,1.0,0.9629629629629629,0.9454545454545454,0.054545454545454564,1
"G[1,1]((Hgb >= 0.234 -> pH >= 0.056) | EtCO2 >= 0.097)
",4012140533607332.500,0.056,0.000,1.000,0.000,26,0,1,1,27,1,27,1,0.9629629629629629,0.0,1.0,0.9629629629629629,0.9454545454545454,0.054545454545454564,1
"G[1,1](EtCO2 <= 1.754 | Potassium >= 0.241)
",7898685878269525.000,1.754,0.000,1.000,0.000,26,0,1,1,27,1,27,1,0.9629629629629629,0.0,1.0,0.9629629629629629,0.9454545454545454,0.054545454545454564,1
"G[1,1](Resp <= 32.882 & SepsisLabel >= 0.000)
",0.000,0.000,0.000,1.000,0.000,26,0,1,1,27,1,27,1,0.9629629629629629,0.0,1.0,0.9629629629629629,0.9454545454545454,0.054545454545454564,1
"G[0,1](Chloride <= 10.808 | Creatinine >= 0.147)
",9999999.000,9999999.000,0.000,1.000,0.000,26,0,1,1,27,1,27,1,0.9629629629629629,0.0,1.0,0.9629629629629629,0.9454545454545454,0.054545454545454564,1
"G[0,1]((Resp >= 2.266 | Temp <= 21.640) | SBP <= 19.831)
",9999999.000,9999999.000,0.000,1.000,0.000,26,0,1,1,27,1,27,1,0.9629629629629629,0.0,1.0,0.9629629629629629,0.9454545454545454,0.054545454545454564,1
"G[1,1](((DBP <= 63.202 | Calcium <= 7.823) -> PaCO2 >= 0.336) -> PaCO2 <= 2.083)
",-4691096244990804.000,-2.083,0.000,1.000,0.000,26,0,1,1,27,1,27,1,0.9629629629629629,0.0,1.0,0.9629629629629629,0.9454545454545454,0.054545454545454564,1
"G[1,1](PTT >= 0.000 & Lactate <= 0.678)
",0.000,0.000,0.000,1.000,0.000,26,0,1,1,27,1,27,1,0.9629629629629629,0.0,1.0,0.9629629629629629,0.9454545454545454,0.054545454545454564,1
"G[1,1](pH >= 0.116 | AST <= 15.653)
",8811614048144903.000,15.653,0.000,1.000,0.000,26,0,1,1,27,1,27,1,0.9629629629629629,0.0,1.0,0.9629629629629629,0.9454545454545454,0.054545454545454564,1
"G[1,1](BUN >= 0.036 | pH <= 7.049)
",3967953648108805.500,7.049,0.000,1.000,0.000,26,0,1,1,27,1,27,1,0.9629629629629629,0.0,1.0,0.9629629629629629,0.9454545454545454,0.054545454545454564,1
"G[0,1](((Phosphate <= 4.430 & TroponinI >= 0.012) & Glucose >= 0.030) -> SaO2 >= 0.028)
",9999999.000,9999999.000,0.000,1.000,0.000,26,0,1,1,27,1,27,1,0.9629629629629629,0.0,1.0,0.9629629629629629,0.9454545454545454,0.054545454545454564,1
"G[0,1](Bilirubin_total >= 0.016 -> TroponinI <= 0.400)
",9999999.000,9999999.000,0.000,1.000,0.000,26,0,1,1,27,1,27,1,0.9629629629629629,0.0,1.0,0.9629629629629629,0.9454545454545454,0.054545454545454564,1
"G[0,0]((Phosphate <= 4.833 | Lactate >= 0.008) & FiO2 <= 0.468)
",8435764707785673.000,0.468,0.000,1.000,0.000,26,0,0,2,28,0,26,2,0.9285714285714286,0.0,0.0,1.0,0.9454545454545454,0.054545454545454564,1
"F[0,0]((Creatinine >= 0.043 | Lactate >= 0.004) & FiO2 <= 0.570)
",0.399,0.081,0.000,0.000,1.000,26,0,0,2,28,0,26,2,0.9285714285714286,0.0,0.0,1.0,0.9454545454545454,0.054545454545454564,-1
"G[1,1](Hct >= 1.028 -> Resp <= 19.703)
",-5545817435612564.000,-19.703,0.000,1.000,0.000,26,0,1,1,27,1,27,1,0.9629629629629629,0.0,1.0,0.9629629629629629,0.9454545454545454,0.054545454545454564,1
"G[0,1](FiO2 >= 0.002 | MAP <= 104.451)
",9999999.000,9999999.000,0.000,1.000,0.000,25,0,1,2,27,1,26,2,0.9259259259259259,0.0,1.0,0.9615384615384616,0.9090909090909091,0.09090909090909094,1
"G[0,0]((Calcium >= 0.362 & MAP >= 30.592) | SBP >= 72.858)
",0.248,2.564,0.000,1.000,0.000,25,0,0,3,28,0,25,3,0.8928571428571429,0.0,0.0,1.0,0.9090909090909091,0.09090909090909094,1
"F[1,1]((Lactate <= 0.697 & Phosphate <= 2.591) -> Bilirubin_total >= 0.178)
",-0.697,-0.697,0.000,0.000,1.000,25,0,0,3,28,0,25,3,0.8928571428571429,0.0,0.0,1.0,0.9090909090909091,0.09090909090909094,-1
"F[1,1]((Platelets <= 82.340 | WBC <= 10.849) & Resp <= 8.275)
",4658312730629599.000,8.275,0.000,0.000,1.000,25,0,0,3,28,0,25,3,0.8928571428571429,0.0,0.0,1.0,0.9090909090909091,0.09090909090909094,-1
"F[0,1]((AST >= 0.799 -> Hgb >= 0.428) & Bilirubin_total >= 0.307)
",-9999999.000,-9999999.000,0.000,0.000,1.000,25,0,0,3,28,0,25,3,0.8928571428571429,0.0,0.0,1.0,0.9090909090909091,0.09090909090909094,-1
"F[0,1](EtCO2 >= 0.290 & Platelets <= 150.055)
",-9999999.000,-9999999.000,0.000,0.000,1.000,25,0,0,3,28,0,25,3,0.8928571428571429,0.0,0.0,1.0,0.9090909090909091,0.09090909090909094,-1
"F[1,1](((Phosphate >= 0.078 & Potassium <= 2.642) | AST <= 0.908) -> Lactate >= 0.069)
",-0.908,-0.908,0.000,0.000,1.000,25,0,0,3,28,0,25,3,0.8928571428571429,0.0,0.0,1.0,0.9090909090909091,0.09090909090909094,-1
"((FiO2 >= 0.004) U[0,0] (Glucose >= 4.377))
",-8232599256278142.000,-0.004,0.000,0.000,1.000,25,0,0,3,28,0,25,3,0.8928571428571429,0.0,0.0,1.0,0.9090909090909091,0.09090909090909094,-1
"((WBC <= 10.512) U[0,1] (Bilirubin_total >= 0.014))
",-9999999.000,-9999999.000,0.000,0.000,1.000,25,0,0,3,28,0,25,3,0.8928571428571429,0.0,0.0,1.0,0.9090909090909091,0.09090909090909094,-1
"G[0,0](DBP >= 14.787 & O2Sat >= 49.248)
",9.569,35.548,0.000,1.000,0.000,25,0,0,3,28,0,25,3,0.8928571428571429,0.0,0.0,1.0,0.9090909090909091,0.09090909090909094,1
"((Calcium >= 0.015) U[1,2] (SBP >= 78.370))
",-9999999.000,-9999999.000,0.000,0.000,1.000,24,0,0,4,28,0,24,4,0.8571428571428571,0.0,0.0,1.0,0.8727272727272727,0.12727272727272732,-1
"((Magnesium >= 0.054) U[1,2] (DBP >= 15.546))
",-9999999.000,-9999999.000,0.000,0.000,1.000,24,0,0,4,28,0,24,4,0.8571428571428571,0.0,0.0,1.0,0.8727272727272727,0.12727272727272732,-1
"F[0,1](((Alkalinephos <= 10.836 -> Phosphate >= 0.054) -> Fibrinogen <= 1.313) -> Creatinine >= 0.173)
",-9999999.000,-9999999.000,0.000,0.000,1.000,24,0,0,4,28,0,24,4,0.8571428571428571,0.0,0.0,1.0,0.8727272727272727,0.12727272727272732,-1
"((AST >= 0.382) U[1,2] (SBP >= 105.531))
",-9999999.000,-9999999.000,0.000,0.000,1.000,24,0,0,4,28,0,24,4,0.8571428571428571,0.0,0.0,1.0,0.8727272727272727,0.12727272727272732,-1
"((Calcium >= 0.106) U[0,1] (Phosphate >= 0.234))
",-9999999.000,-9999999.000,0.000,0.000,1.000,24,0,0,4,28,0,24,4,0.8571428571428571,0.0,0.0,1.0,0.8727272727272727,0.12727272727272732,-1
"((BUN >= 1.266) U[1,2] (PaCO2 <= 22.204))
",-9999999.000,-9999999.000,0.000,0.000,1.000,24,0,0,4,28,0,24,4,0.8571428571428571,0.0,0.0,1.0,0.8727272727272727,0.12727272727272732,-1
"F[0,1](Hct >= 1.081 & SepsisLabel <= 0.000)
",-9999999.000,-9999999.000,0.000,0.000,1.000,24,0,0,4,28,0,24,4,0.8571428571428571,0.0,0.0,1.0,0.8727272727272727,0.12727272727272732,-1
"((Calcium >= 0.263) U[1,2] (Platelets <= 102.940))
",-9999999.000,-9999999.000,0.000,0.000,1.000,24,0,0,4,28,0,24,4,0.8571428571428571,0.0,0.0,1.0,0.8727272727272727,0.12727272727272732,-1
"G[0,1](Alkalinephos <= 35.728 & Chloride <= 11.357)
",9999999.000,9999999.000,0.000,1.000,0.000,24,0,1,3,27,1,25,3,0.8888888888888888,0.0,1.0,0.96,0.8727272727272727,0.12727272727272732,1
"G[0,1](((Hct >= 1.311 & MAP <= 106.656) -> Platelets >= 33.120) & Platelets <= 83.577)
",9999999.000,9999999.000,0.000,1.000,0.000,24,0,1,3,27,1,25,3,0.8888888888888888,0.0,1.0,0.96,0.8727272727272727,0.12727272727272732,1
"G[0,1](Hct <= 6.130 -> HR >= 42.676)
",9999999.000,9999999.000,0.000,1.000,0.000,24,0,1,3,27,1,25,3,0.8888888888888888,0.0,1.0,0.96,0.8727272727272727,0.12727272727272732,1
"F[0,1]((BUN >= 0.358 & HR >= 24.463) & FiO2 <= 87.645)
",-9999999.000,-9999999.000,0.000,0.000,1.000,24,0,0,4,28,0,24,4,0.8571428571428571,0.0,0.0,1.0,0.8727272727272727,0.12727272727272732,-1
"F[0,1]((Magnesium >= 0.011 -> Potassium <= 2.545) -> PaCO2 >= 0.241)
",-9999999.000,-9999999.000,0.000,0.000,1.000,23,0,0,5,28,0,23,5,0.8214285714285714,0.0,0.0,1.0,0.8363636363636363,0.1636363636363637,-1
"((Resp <= 26.241) U[0,1] (O2Sat <= 97.034))
",-9999999.000,-9999999.000,0.000,0.000,1.000,23,0,0,5,28,0,23,5,0.8214285714285714,0.0,0.0,1.0,0.8363636363636363,0.1636363636363637,-1
"F[1,1]((HR >= 74.002 -> TroponinI >= 0.002) & Phosphate <= 0.469)
",5239285567397732.000,0.002,0.000,0.000,1.000,23,0,0,5,28,0,23,5,0.8214285714285714,0.0,0.0,1.0,0.8363636363636363,0.1636363636363637,-1
"F[1,1](((WBC >= 0.289 & Phosphate <= 1.739) | Platelets <= 5.437) -> Glucose >= 0.044)
",-6120991154405397.000,-5.437,0.000,0.000,1.000,23,0,0,5,28,0,23,5,0.8214285714285714,0.0,0.0,1.0,0.8363636363636363,0.1636363636363637,-1
"F[0,1](((Calcium >= 0.165 | Glucose <= 93.086) -> EtCO2 >= 4.432) | Fibrinogen >= 14.144)
",-9999999.000,-9999999.000,0.000,0.000,1.000,23,0,0,5,28,0,23,5,0.8214285714285714,0.0,0.0,1.0,0.8363636363636363,0.1636363636363637,-1
"G[0,1](((Creatinine >= 0.098 -> FiO2 <= 0.323) & Resp >= 0.001) -> Hgb <= 0.319)
",9999999.000,9999999.000,0.000,1.000,0.000,23,0,1,4,27,1,24,4,0.8518518518518519,0.0,1.0,0.9583333333333334,0.8363636363636363,0.1636363636363637,1
"G[0,1](FiO2 <= 0.011 & Platelets <= 38.986)
",9999999.000,9999999.000,0.000,1.000,0.000,23,0,1,4,27,1,24,4,0.8518518518518519,0.0,1.0,0.9583333333333334,0.8363636363636363,0.1636363636363637,1
"F[0,1]((Chloride <= 13.528 | Phosphate >= 0.252) -> Calcium >= 0.014)
",-9999999.000,-9999999.000,0.000,0.000,1.000,23,0,0,5,28,0,23,5,0.8214285714285714,0.0,0.0,1.0,0.8363636363636363,0.1636363636363637,-1
"((MAP >= 4.264) U[1,1] (SBP <= 155.160))
",155.160,155.160,0.000,0.000,1.000,22,0,0,6,28,0,22,6,0.7857142857142857,0.0,0.0,1.0,0.8,0.19999999999999996,-1
"G[0,1](MAP >= 22.717 & BUN <= 12.456)
",9999999.000,9999999.000,0.000,1.000,0.000,22,0,1,5,27,1,23,5,0.8148148148148148,0.0,1.0,0.9565217391304348,0.8,0.19999999999999996,1
"G[0,1]((Platelets <= 32.515 & SBP >= 21.062) | Alkalinephos >= 135.695)
",9999999.000,9999999.000,0.000,1.000,0.000,22,0,1,5,27,1,23,5,0.8148148148148148,0.0,1.0,0.9565217391304348,0.8,0.19999999999999996,1
"G[0,0](((Hct >= 0.854 | SBP <= 189.337) & HR >= 61.178) | TroponinI >= 68.491)
",13.938,183.837,0.000,1.000,0.000,21,0,0,7,28,0,21,7,0.75,0.0,0.0,1.0,0.7636363636363637,0.23636363636363633,1
"F[0,1](Glucose >= 13.288 & Lactate <= 0.187)
",-9999999.000,-9999999.000,0.000,0.000,1.000,21,0,0,7,28,0,21,7,0.75,0.0,0.0,1.0,0.7636363636363637,0.23636363636363633,-1
"F[0,0](DBP <= 60.267 -> FiO2 >= 0.004)
",8819283124433799.000,0.004,0.000,0.000,1.000,21,0,0,7,28,0,21,7,0.75,0.0,0.0,1.0,0.7636363636363637,0.23636363636363633,-1
"F[0,1]((Bilirubin_total <= 0.470 & Hgb <= 1.523) -> DBP <= 2.225)
",-9999999.000,-9999999.000,0.000,0.000,1.000,21,0,0,7,28,0,21,7,0.75,0.0,0.0,1.0,0.7636363636363637,0.23636363636363633,-1
"F[0,1]((HCO3 <= 0.000 -> TroponinI <= 0.101) -> Phosphate >= 0.025)
",-9999999.000,-9999999.000,0.000,0.000,1.000,21,0,0,7,28,0,21,7,0.75,0.0,0.0,1.0,0.7636363636363637,0.23636363636363633,-1
"F[0,1]((Calcium <= 3.880 & Lactate <= 0.164) -> SBP <= 0.398)
",-9999999.000,-9999999.000,0.000,0.000,1.000,21,0,0,7,28,0,21,7,0.75,0.0,0.0,1.0,0.7636363636363637,0.23636363636363633,-1
"((Creatinine >= 0.104) U[0,1] (Glucose >= 3.782))
",-9999999.000,-9999999.000,0.000,0.000,1.000,20,0,0,8,28,0,20,8,0.7142857142857143,0.0,0.0,1.0,0.7272727272727273,0.2727272727272727,-1
"G[0,0](((AST <= 17.446 | Platelets <= 32.188) & DBP <= 60.694) & Chloride <= 42.132)
",-3.546,-29.194,0.000,1.000,0.000,20,0,0,8,28,0,20,8,0.7142857142857143,0.0,0.0,1.0,0.7272727272727273,0.2727272727272727,1
"((AST >= 0.669) U[0,1] (Glucose >= 11.561))
",-9999999.000,-9999999.000,0.000,0.000,1.000,20,0,0,8,28,0,20,8,0.7142857142857143,0.0,0.0,1.0,0.7272727272727273,0.2727272727272727,-1
"((MAP >= 70.750) U[1,1] (SBP <= 161.703))
",161.703,161.703,0.000,0.000,1.000,19,0,0,9,28,0,19,9,0.6785714285714286,0.0,0.0,1.0,0.6909090909090909,0.3090909090909091,-1
"F[0,1]((Alkalinephos <= 6.598 & MAP <= 97.363) -> Bilirubin_direct >= 68.973)
",-9999999.000,-9999999.000,0.000,0.000,1.000,19,0,0,9,28,0,19,9,0.6785714285714286,0.0,0.0,1.0,0.6909090909090909,0.3090909090909091,-1
"((MAP >= 74.548) U[1,1] (SBP <= 170.776))
",3004317075239062.500,170.776,0.000,0.000,1.000,16,0,0,12,28,0,16,12,0.5714285714285714,0.0,0.0,1.0,0.5818181818181818,0.4181818181818182,-1
"F[0,0](((MAP <= 91.501 -> O2Sat <= 95.367) | SepsisLabel >= 21.629) | FiO2 >= 35.727)
",-0.004,-0.164,0.000,0.000,1.000,14,0,0,14,28,0,14,14,0.5,0.0,0.0,1.0,0.509090909090909,0.49090909090909096,-1
"G[0,1]((MAP <= 90.839 & pH <= 3.182) & Fibrinogen <= 4.813)
",9999999.000,9999999.000,0.000,1.000,0.000,12,0,0,16,28,0,12,16,0.42857142857142855,0.0,0.0,1.0,0.43636363636363634,0.5636363636363637,1
"((MAP >= 79.742) U[0,1] (SBP <= 166.683))
",-9999999.000,-9999999.000,0.000,0.000,1.000,11,0,0,17,28,0,11,17,0.39285714285714285,0.0,0.0,1.0,0.4,0.6,-1
"((MAP >= 24.092) U[0,1] (SBP <= 167.709))
",-9999999.000,-9999999.000,0.000,0.000,1.000,11,0,0,17,28,0,11,17,0.39285714285714285,0.0,0.0,1.0,0.4,0.6,-1
"G[0,0]((Resp <= 25.331 -> HR <= 79.393) | MAP <= 79.608)
",5.617,32.002,0.000,1.000,0.000,11,0,0,17,28,0,11,17,0.39285714285714285,0.0,0.0,1.0,0.4,0.6,1
"((DBP >= 53.075) U[1,2] (Lactate <= 0.347))
",-9999999.000,-9999999.000,0.000,0.000,1.000,9,0,0,19,28,0,9,19,0.32142857142857145,0.0,0.0,1.0,0.32727272727272727,0.6727272727272727,-1
"G[1,1](((HR <= 81.071 -> Chloride >= 1.872) | EtCO2 >= 0.419) -> Platelets >= 1.554)
",0.419,0.419,0.000,1.000,0.000,9,0,1,18,27,1,10,18,0.3333333333333333,0.0,1.0,0.9,0.32727272727272727,0.6727272727272727,1
"G[0,0](((Bilirubin_total <= 0.326 -> Phosphate >= 0.071) | BUN >= 0.282) | Resp <= 5.599)
",0.245,1.731,0.000,1.000,0.000,8,0,0,20,28,0,8,20,0.2857142857142857,0.0,0.0,1.0,0.2909090909090909,0.7090909090909091,1
"G[0,0](DBP <= 65.207 -> HR <= 79.357)
",2.998,24.682,0.000,1.000,0.000,7,0,0,21,28,0,7,21,0.25,0.0,0.0,1.0,0.2545454545454545,0.7454545454545455,1
"G[0,0](((DBP <= 53.818 & PaCO2 <= 27.688) -> DBP <= 4.010) -> Bilirubin_total >= 0.426)
",-4.381,-36.071,0.000,1.000,0.000,6,0,0,22,28,0,6,22,0.21428571428571427,0.0,0.0,1.0,0.21818181818181817,0.7818181818181819,1
"((Lactate <= 0.200) U[0,0] (Resp >= 3.208))
",9.500,54.125,0.000,0.000,1.000,6,0,0,22,28,0,6,22,0.21428571428571427,0.0,0.0,1.0,0.21818181818181817,0.7818181818181819,-1
"G[0,0]((Lactate >= 0.000 -> SBP >= 124.050) -> EtCO2 >= 139.653)
",0.416,16.659,0.000,1.000,0.000,5,0,0,23,28,0,5,23,0.17857142857142858,0.0,0.0,1.0,0.18181818181818182,0.8181818181818181,1
"((Creatinine <= 1.906) U[0,0] (MAP >= 75.959))
",4.465,90.819,0.000,0.000,1.000,4,0,0,24,28,0,4,24,0.14285714285714285,0.0,0.0,1.0,0.14545454545454545,0.8545454545454545,-1
"G[0,0](((Magnesium <= 2.093 & Phosphate >= 0.045) & MAP <= 0.825) | Glucose >= 0.158)
",-5679275931682702.000,-0.158,0.000,1.000,0.000,3,0,0,25,28,0,3,25,0.10714285714285714,0.0,0.0,1.0,0.10909090909090909,0.8909090909090909,1
"((MAP >= 44.472) U[1,1] (SBP <= 199.646))
",7024434107944439.000,199.646,0.000,0.000,1.000,3,0,0,25,28,0,3,25,0.10714285714285714,0.0,0.0,1.0,0.10909090909090909,0.8909090909090909,-1
"((MAP >= 32.089) U[1,2] (SBP <= 169.708))
",-9999999.000,-9999999.000,0.000,0.000,1.000,3,0,0,25,28,0,3,25,0.10714285714285714,0.0,0.0,1.0,0.10909090909090909,0.8909090909090909,-1
"F[0,0](((Bilirubin_total <= 0.170 -> Resp <= 23.632) -> PaCO2 <= 20.543) -> Glucose <= 25.782)
",-7256885860509086.000,-25.782,0.000,0.000,1.000,3,0,0,25,28,0,3,25,0.10714285714285714,0.0,0.0,1.0,0.10909090909090909,0.8909090909090909,-1
"F[0,0](((O2Sat >= 9.056 -> pH <= 1.627) -> Glucose <= 5.881) & BUN <= 4.418)
",-1.628,-7.118,0.000,0.000,1.000,3,0,0,25,28,0,3,25,0.10714285714285714,0.0,0.0,1.0,0.10909090909090909,0.8909090909090909,-1
"((BUN <= 39.324) U[1,1] (TroponinI <= 0.335))
",39.324,39.324,0.000,0.000,1.000,3,0,0,25,28,0,3,25,0.10714285714285714,0.0,0.0,1.0,0.10909090909090909,0.8909090909090909,-1
"((MAP >= 56.563) U[1,2] (SBP <= 179.318))
",-9999999.000,-9999999.000,0.000,0.000,1.000,3,0,0,25,28,0,3,25,0.10714285714285714,0.0,0.0,1.0,0.10909090909090909,0.8909090909090909,-1
"((MAP >= 6.898) U[0,1] (SBP <= 185.704))
",-9999999.000,-9999999.000,0.000,0.000,1.000,3,0,0,25,28,0,3,25,0.10714285714285714,0.0,0.0,1.0,0.10909090909090909,0.8909090909090909,-1
"F[0,0]((SBP >= 101.405 | Temp >= 3.222) & Bilirubin_direct <= 9.167)
",11.979,8.956,0.000,0.000,1.000,3,0,0,25,28,0,3,25,0.10714285714285714,0.0,0.0,1.0,0.10909090909090909,0.8909090909090909,-1
"G[0,1](((Lactate >= 0.000 & HR <= 86.101) & Magnesium <= 90.644) -> Hgb >= 1.289)
",9999999.000,9999999.000,0.000,1.000,0.000,3,0,0,25,28,0,3,25,0.10714285714285714,0.0,0.0,1.0,0.10909090909090909,0.8909090909090909,1
"((HR > 4.499) U[1,2] (SepsisLabel = 0.000))
",-9999999.000,-9999999.000,0.000,0.000,1.000,2,0,0,26,28,0,2,26,0.07142857142857142,0.0,0.0,1.0,0.07272727272727272,0.9272727272727272,-1
"G[0,0](Platelets <= 34.981 -> WBC >= 0.624)
",-34.981,-34.981,0.000,1.000,0.000,2,0,0,26,28,0,2,26,0.07142857142857142,0.0,0.0,1.0,0.07272727272727272,0.9272727272727272,1
"F[0,0](Phosphate < 1.220 & SepsisLabel = 0.000)
",-0.283,-11.370,0.000,0.000,1.000,2,0,0,26,28,0,2,26,0.07142857142857142,0.0,0.0,1.0,0.07272727272727272,0.9272727272727272,-1
"G[0,0](((Hgb <= 6.629 | Hct <= 11.916) -> WBC >= 0.100) & Platelets >= 6.295)
",-94.182,-11.872,0.000,1.000,0.000,2,0,0,26,28,0,2,26,0.07142857142857142,0.0,0.0,1.0,0.07272727272727272,0.9272727272727272,1
"G[0,0](((FiO2 >= 0.003 -> Potassium <= 3.326) -> O2Sat >= 0.212) & WBC >= 0.206)
",-22.768,-84.585,0.000,1.000,0.000,2,0,0,26,28,0,2,26,0.07142857142857142,0.0,0.0,1.0,0.07272727272727272,0.9272727272727272,1
"G[0,0](Bilirubin_total >= 0.010 | Potassium >= 0.038)
",0.342,0.577,0.000,1.000,0.000,2,0,0,26,28,0,2,26,0.07142857142857142,0.0,0.0,1.0,0.07272727272727272,0.9272727272727272,1
"F[0,0](((Calcium < 3.189 & Potassium < 0.388) & Magnesium < 0.786) & Phosphate < 2.257)
",-0.244,-2.347,0.000,0.000,1.000,2,0,0,26,28,0,2,26,0.07142857142857142,0.0,0.0,1.0,0.07272727272727272,0.9272727272727272,-1
"((Magnesium <= 1.372) U[0,0] (TroponinI <= 0.394))
",8.454,1.341,0.000,0.000,1.000,2,0,0,26,28,0,2,26,0.07142857142857142,0.0,0.0,1.0,0.07272727272727272,0.9272727272727272,-1
"F[1,1](((Calcium < 0.642 & Potassium < 0.781) & Magnesium < 1.514) & Phosphate < 0.492)
",8861323409982014.000,0.492,0.000,0.000,1.000,2,0,0,26,28,0,2,26,0.07142857142857142,0.0,0.0,1.0,0.07272727272727272,0.9272727272727272,-1
"F[0,0](((BUN >= 1.483 | Phosphate <= 3.954) & WBC <= 3.818) | Platelets <= 5.588)
",6291101382194093.000,5.588,0.000,0.000,1.000,2,0,0,26,28,0,2,26,0.07142857142857142,0.0,0.0,1.0,0.07272727272727272,0.9272727272727272,-1
"F[0,0](Hgb <= 5.452 | Hct <= 17.098)
",135.289,17.054,0.000,0.000,1.000,2,0,0,26,28,0,2,26,0.07142857142857142,0.0,0.0,1.0,0.07272727272727272,0.9272727272727272,-1
"F[1,1](((DBP <= 69.211 & WBC >= 0.469) & Potassium >= 0.344) -> SBP <= 5.454)
",-6140336852311196.000,-5.454,0.000,0.000,1.000,1,0,0,27,28,0,1,27,0.03571428571428571,0.0,0.0,1.0,0.03636363636363636,0.9636363636363636,-1
"F[1,1](Hgb <= 4.686 | Hct <= 8.516)
",4794232113559599.000,8.516,0.000,0.000,1.000,1,0,0,27,28,0,1,27,0.03571428571428571,0.0,0.0,1.0,0.03636363636363636,0.9636363636363636,-1
"F[1,1]((Phosphate >= 0.044 & Magnesium > 0.085) -> Calcium < 3.406)
",-3834409149623434.500,-3.406,0.000,0.000,1.000,1,0,0,27,28,0,1,27,0.03571428571428571,0.0,0.0,1.0,0.03636363636363636,0.9636363636363636,-1
"F[1,1](BUN <= 28.981 | FiO2 >= 0.001)
",8157478816799170.000,28.981,0.000,0.000,1.000,1,0,0,27,28,0,1,27,0.03571428571428571,0.0,0.0,1.0,0.03636363636363636,0.9636363636363636,-1
"F[1,1]((Phosphate >= 0.095 & Magnesium > 0.034) -> Calcium < 3.269)
",-3680408202363605.500,-3.269,0.000,0.000,1.000,1,0,0,27,28,0,1,27,0.03571428571428571,0.0,0.0,1.0,0.03636363636363636,0.9636363636363636,-1
"F[1,1](((DBP <= 68.166 | Magnesium >= 0.058) | Alkalinephos >= 0.074) & TroponinI <= 1.605)
",1.605,1.605,0.000,0.000,1.000,1,0,0,27,28,0,1,27,0.03571428571428571,0.0,0.0,1.0,0.03636363636363636,0.9636363636363636,-1
"((BUN <= 24.543) U[1,2] (Resp >= 13.764))
",-9999999.000,-9999999.000,0.000,0.000,1.000,1,0,0,27,28,0,1,27,0.03571428571428571,0.0,0.0,1.0,0.03636363636363636,0.9636363636363636,-1
"F[1,1](Resp <= 31.957 & SepsisLabel = 0.000)
",0.000,0.000,0.000,0.000,1.000,1,0,0,27,28,0,1,27,0.03571428571428571,0.0,0.0,1.0,0.03636363636363636,0.9636363636363636,-1
"((Magnesium <= 0.496) U[1,2] (Resp >= 10.416))
",-9999999.000,-9999999.000,0.000,0.000,1.000,1,0,0,27,28,0,1,27,0.03571428571428571,0.0,0.0,1.0,0.03636363636363636,0.9636363636363636,-1
"F[1,1](((O2Sat <= 98.356 -> PaCO2 >= 0.265) & Alkalinephos <= 25.406) | MAP >= 0.419)
",-7553486052217922.000,-0.419,0.000,0.000,1.000,1,0,0,27,28,0,1,27,0.03571428571428571,0.0,0.0,1.0,0.03636363636363636,0.9636363636363636,-1
"((AST <= 1.509) U[1,2] (Resp <= 23.714))
",-9999999.000,-9999999.000,0.000,0.000,1.000,1,0,0,27,28,0,1,27,0.03571428571428571,0.0,0.0,1.0,0.03636363636363636,0.9636363636363636,-1
"((Chloride <= 65.770) U[1,1] (WBC <= 10.999))
",4628141930488572.000,65.770,0.000,0.000,1.000,1,0,0,27,28,0,1,27,0.03571428571428571,0.0,0.0,1.0,0.03636363636363636,0.9636363636363636,-1
"F[1,1]((Phosphate >= 0.161 & Magnesium > 0.034) -> Calcium < 1.770)
",-7973455503615656.000,-1.770,0.000,0.000,1.000,1,0,0,27,28,0,1,27,0.03571428571428571,0.0,0.0,1.0,0.03636363636363636,0.9636363636363636,-1
"F[1,1](((PTT <= 0.000 -> SaO2 >= 0.000) | BaseExcess <= 0.000) -> Phosphate <= 0.000)
",0.000,0.000,0.000,0.000,1.000,1,0,0,27,28,0,1,27,0.03571428571428571,0.0,0.0,1.0,0.03636363636363636,0.9636363636363636,-1
"F[1,1](((EtCO2 >= 0.165 & Lactate >= 0.007) | Potassium >= 0.001) -> BUN <= 0.662)
",-0.662,-0.662,0.000,0.000,1.000,1,0,0,27,28,0,1,27,0.03571428571428571,0.0,0.0,1.0,0.03636363636363636,0.9636363636363636,-1
"((BUN <= 25.371) U[1,2] (SBP <= 180.291))
",-9999999.000,-9999999.000,0.000,0.000,1.000,1,0,0,27,28,0,1,27,0.03571428571428571,0.0,0.0,1.0,0.03636363636363636,0.9636363636363636,-1
"F[1,1](Chloride <= 10.977 & HCO3 <= 0.000)
",0.000,0.000,0.000,0.000,1.000,1,0,0,27,28,0,1,27,0.03571428571428571,0.0,0.0,1.0,0.03636363636363636,0.9636363636363636,-1
"G[1,1](Platelets <= 79.661 -> WBC >= 0.167)
",-79.661,-79.661,0.000,1.000,0.000,1,0,1,26,27,1,2,26,0.037037037037037035,0.0,1.0,0.5,0.03636363636363636,0.9636363636363636,1
"G[0,0]((Creatinine <= 2.892 | PaCO2 <= 11.061) -> Alkalinephos >= 0.407)
",-1.254,-13.866,0.000,1.000,0.000,1,0,0,27,28,0,1,27,0.03571428571428571,0.0,0.0,1.0,0.03636363636363636,0.9636363636363636,1
"G[1,1](((Potassium >= 0.225 -> Temp <= 32.881) & EtCO2 <= 14.193) & BUN >= 0.471)
",-32.881,-32.881,0.000,1.000,0.000,1,0,1,26,27,1,2,26,0.037037037037037035,0.0,1.0,0.5,0.03636363636363636,0.9636363636363636,1
"G[0,1]((Alkalinephos >= 0.326 | DBP >= 25.983) -> EtCO2 >= 47.328)
",9999999.000,9999999.000,0.000,1.000,0.000,1,0,0,27,28,0,1,27,0.03571428571428571,0.0,0.0,1.0,0.03636363636363636,0.9636363636363636,1
"G[1,1]((Creatinine >= 0.110 | O2Sat >= 82.893) -> HCO3 >= 23.048)
",0.110,0.110,0.000,1.000,0.000,1,0,1,26,27,1,2,26,0.037037037037037035,0.0,1.0,0.5,0.03636363636363636,0.9636363636363636,1
"F[1,1]((pH <= 4.347 | WBC >= 0.648) | Magnesium >= 0.423)
",4.347,4.347,0.000,0.000,1.000,1,0,0,27,28,0,1,27,0.03571428571428571,0.0,0.0,1.0,0.03636363636363636,0.9636363636363636,-1
"G[1,1](Platelets <= 91.751 -> WBC >= 0.598)
",-6456402408367420.000,-91.751,0.000,1.000,0.000,1,0,1,26,27,1,2,26,0.037037037037037035,0.0,1.0,0.5,0.03636363636363636,0.9636363636363636,1
"G[1,1]((Bilirubin_total <= 0.445 | Chloride <= 28.138) -> Chloride >= 0.663)
",-7920015559750878.000,-28.138,0.000,1.000,0.000,1,0,1,26,27,1,2,26,0.037037037037037035,0.0,1.0,0.5,0.03636363636363636,0.9636363636363636,1
"G[1,1](BUN <= 40.071 & Potassium >= 0.011)
",-0.011,-0.011,0.000,1.000,0.000,1,0,1,26,27,1,2,26,0.037037037037037035,0.0,1.0,0.5,0.03636363636363636,0.9636363636363636,1
"F[2,2](Resp < 28.203 -> SepsisLabel = 0.000)
",-28.203,-28.203,0.000,0.000,1.000,0,0,0,28,28,0,0,28,0.0,0.0,0.0,0.0,0.0,1.0,-1
"F[0,2]((BUN >= 1.768 & Magnesium <= 0.644) -> Creatinine >= 0.077)
",-9999999.000,-9999999.000,0.000,0.000,1.000,0,0,0,28,28,0,0,28,0.0,0.0,0.0,0.0,0.0,1.0,-1
"F[0,2](Chloride >= 1.001 | FiO2 <= 0.366)
",-9999999.000,-9999999.000,0.000,0.000,1.000,0,0,0,28,28,0,0,28,0.0,0.0,0.0,0.0,0.0,1.0,-1
"F[1,2]((Phosphate >= 0.049 -> Resp >= 9.088) | HR >= 16.038)
",-9999999.000,-9999999.000,0.000,0.000,1.000,0,0,0,28,28,0,0,28,0.0,0.0,0.0,0.0,0.0,1.0,-1
"F[0,1]((Potassium >= 0.122 & Potassium >= 0.234) -> Potassium <= 1.507)
",-9999999.000,-9999999.000,0.000,0.000,1.000,0,0,0,28,28,0,0,28,0.0,0.0,0.0,0.0,0.0,1.0,-1
"F[0,2](Bilirubin_total >= 0.012 -> SepsisLabel = 0.000)
",-9999999.000,-9999999.000,0.000,0.000,1.000,0,0,0,28,28,0,0,28,0.0,0.0,0.0,0.0,0.0,1.0,-1
"((EtCO2 <= 6.925) U[0,1] (SepsisLabel = 0.000))
",-9999999.000,-9999999.000,0.000,0.000,1.000,0,0,0,28,28,0,0,28,0.0,0.0,0.0,0.0,0.0,1.0,-1
"((Potassium > 0.187) U[0,2] (SepsisLabel = 0.000))
",-9999999.000,-9999999.000,0.000,0.000,1.000,0,0,0,28,28,0,0,28,0.0,0.0,0.0,0.0,0.0,1.0,-1
"((Fibrinogen <= 0.000) U[1,2] (SepsisLabel = 0.000))
",-9999999.000,-9999999.000,0.000,0.000,1.000,0,0,0,28,28,0,0,28,0.0,0.0,0.0,0.0,0.0,1.0,-1
"((MAP <= 96.687) U[0,0] (SepsisLabel = 0.000))
",-0.282,-3.912,0.000,0.000,1.000,0,0,0,28,28,0,0,28,0.0,0.0,0.0,0.0,0.0,1.0,-1
"F[0,2](Resp < 30.222 & SepsisLabel = 0.000)
",-9999999.000,-9999999.000,0.000,0.000,1.000,0,0,0,28,28,0,0,28,0.0,0.0,0.0,0.0,0.0,1.0,-1
"((EtCO2 > 0.307) U[0,0] (SepsisLabel = 0.000))
",1.839,17.268,0.000,0.000,1.000,0,0,0,28,28,0,0,28,0.0,0.0,0.0,0.0,0.0,1.0,-1
"((Glucose >= 10.522) U[0,0] (SepsisLabel = 0.000))
",-0.283,-0.779,0.000,0.000,1.000,0,0,0,28,28,0,0,28,0.0,0.0,0.0,0.0,0.0,1.0,-1
"F[0,0](Hgb > 0.209 -> SepsisLabel = 0.000)
",-0.283,-1.814,0.000,0.000,1.000,0,0,0,28,28,0,0,28,0.0,0.0,0.0,0.0,0.0,1.0,-1
"((Glucose <= 25.164) U[0,1] (SepsisLabel = 0.000))
",-9999999.000,-9999999.000,0.000,0.000,1.000,0,0,0,28,28,0,0,28,0.0,0.0,0.0,0.0,0.0,1.0,-1
"F[0,1](Phosphate < 2.508 & SepsisLabel = 0.000)
",-9999999.000,-9999999.000,0.000,0.000,1.000,0,0,0,28,28,0,0,28,0.0,0.0,0.0,0.0,0.0,1.0,-1
"F[0,2](Alkalinephos > 0.595 & SepsisLabel = 0.000)
",-9999999.000,-9999999.000,0.000,0.000,1.000,0,0,0,28,28,0,0,28,0.0,0.0,0.0,0.0,0.0,1.0,-1
"((Magnesium < 0.152) U[2,2] (SepsisLabel = 0.000))
",5481941809253733.000,0.152,0.000,0.000,1.000,0,0,0,28,28,0,0,28,0.0,0.0,0.0,0.0,0.0,1.0,-1
"F[0,0](Platelets <= 51.185 -> SepsisLabel = 0.000)
",-51.185,-51.185,0.000,0.000,1.000,0,0,0,28,28,0,0,28,0.0,0.0,0.0,0.0,0.0,1.0,-1
"((SepsisLabel < 0.000) U[2,2] (SepsisLabel = 0.000))
",0.000,0.000,0.000,0.000,1.000,0,0,0,28,28,0,0,28,0.0,0.0,0.0,0.0,0.0,1.0,-1
"((EtCO2 < 9.443) U[0,2] (SepsisLabel = 0.000))
",-9999999.000,-9999999.000,0.000,0.000,1.000,0,0,0,28,28,0,0,28,0.0,0.0,0.0,0.0,0.0,1.0,-1
"F[0,1]((Chloride <= 79.950 | pH >= 0.007) -> PTT <= 1.637)
",-9999999.000,-9999999.000,0.000,0.000,1.000,0,0,0,28,28,0,0,28,0.0,0.0,0.0,0.0,0.0,1.0,-1
"F[1,1]((EtCO2 <= 4.886 & O2Sat >= 57.609) -> PaCO2 <= 95.983)
",-6754211912606711.000,-95.983,0.000,0.000,1.000,0,0,0,28,28,0,0,28,0.0,0.0,0.0,0.0,0.0,1.0,-1
"F[0,1](AST < 20.492 & SepsisLabel = 0.000)
",-9999999.000,-9999999.000,0.000,0.000,1.000,0,0,0,28,28,0,0,28,0.0,0.0,0.0,0.0,0.0,1.0,-1
"G[0,1](((pH >= 0.014 -> Resp <= 35.412) | EtCO2 <= 20.404) & Platelets >= 18.360)
",9999999.000,9999999.000,0.000,1.000,0.000,0,0,0,28,28,0,0,28,0.0,0.0,0.0,0.0,0.0,1.0,1
"F[0,0]((MAP <= 106.872 | Creatinine <= 0.513) -> FiO2 <= 1.438)
",-6475635317723828.000,-1.438,0.000,0.000,1.000,0,0,0,28,28,0,0,28,0.0,0.0,0.0,0.0,0.0,1.0,-1
"((HR >= 70.273) U[0,1] (Potassium <= 3.250))
",-9999999.000,-9999999.000,0.000,0.000,1.000,0,0,0,28,28,0,0,28,0.0,0.0,0.0,0.0,0.0,1.0,-1
"F[1,2](((Lactate >= 0.010 | MAP <= 86.639) | O2Sat <= 103.386) & MAP >= 20.737)
",-9999999.000,-9999999.000,0.000,0.000,1.000,0,0,0,28,28,0,0,28,0.0,0.0,0.0,0.0,0.0,1.0,-1
"F[0,2](((EtCO2 >= 0.223 -> MAP <= 104.835) -> Lactate >= 72.932) -> Magnesium <= 99.159)
",-9999999.000,-9999999.000,0.000,0.000,1.000,0,0,0,28,28,0,0,28,0.0,0.0,0.0,0.0,0.0,1.0,-1
"F[1,1](((Chloride <= 97.674 | Resp >= 0.108) -> AST >= 14.690) -> Creatinine <= 33.443)
",-33.443,-33.443,0.000,0.000,1.000,0,0,0,28,28,0,0,28,0.0,0.0,0.0,0.0,0.0,1.0,-1
"F[0,1]((Hgb <= 8.070 & SBP <= 200.764) | Alkalinephos <= 177.682)
",-9999999.000,-9999999.000,0.000,0.000,1.000,0,0,0,28,28,0,0,28,0.0,0.0,0.0,0.0,0.0,1.0,-1
"F[0,0](((AST <= 18.648 -> O2Sat >= 12.147) | Phosphate <= 96.846) | Magnesium >= 14.701)
",164.027,96.680,0.000,0.000,1.000,0,0,0,28,28,0,0,28,0.0,0.0,0.0,0.0,0.0,1.0,-1
"((Glucose >= 5.183) U[0,0] (Temp <= 19.463))
",-5.183,-5.183,0.000,0.000,1.000,0,0,0,28,28,0,0,28,0.0,0.0,0.0,0.0,0.0,1.0,-1
"F[1,2](Magnesium >= 0.042 & MAP >= 3.884)
",-9999999.000,-9999999.000,0.000,0.000,1.000,0,0,0,28,28,0,0,28,0.0,0.0,0.0,0.0,0.0,1.0,-1
"((MAP >= 54.018) U[2,2] (WBC <= 10.509))
",10.509,10.509,0.000,0.000,1.000,0,0,0,28,28,0,0,28,0.0,0.0,0.0,0.0,0.0,1.0,-1
"F[1,2](Magnesium >= 0.045 | Calcium <= 1.738)
",-9999999.000,-9999999.000,0.000,0.000,1.000,0,0,0,28,28,0,0,28,0.0,0.0,0.0,0.0,0.0,1.0,-1
"F[0,0](((BaseExcess >= 0.000 | Platelets >= 1.220) | O2Sat >= 7.775) & Phosphate <= 130.487)
",20.733,77.021,0.000,0.000,1.000,0,0,0,28,28,0,0,28,0.0,0.0,0.0,0.0,0.0,1.0,-1
"F[0,2]((O2Sat <= 94.499 | TroponinI >= 0.003) -> TroponinI >= 0.003)
",-9999999.000,-9999999.000,0.000,0.000,1.000,0,0,0,28,28,0,0,28,0.0,0.0,0.0,0.0,0.0,1.0,-1
"F[2,2](BUN >= 2.362 & PTT <= 0.000)
",-2.362,-2.362,0.000,0.000,1.000,0,0,0,28,28,0,0,28,0.0,0.0,0.0,0.0,0.0,1.0,-1
"F[0,2](((SBP >= 21.347 | Calcium >= 0.163) & TroponinI >= 0.142) -> Calcium <= 5.990)
",-9999999.000,-9999999.000,0.000,0.000,1.000,0,0,0,28,28,0,0,28,0.0,0.0,0.0,0.0,0.0,1.0,-1
"F[0,2]((Platelets <= 52.343 -> EtCO2 >= 0.156) & AST >= 0.156)
",-9999999.000,-9999999.000,0.000,0.000,1.000,0,0,0,28,28,0,0,28,0.0,0.0,0.0,0.0,0.0,1.0,-1
"F[0,1]((WBC <= 3.655 & Resp <= 28.803) | Resp >= 3.457)
",-9999999.000,-9999999.000,0.000,0.000,1.000,0,0,0,28,28,0,0,28,0.0,0.0,0.0,0.0,0.0,1.0,-1
"F[1,2](((Calcium >= 0.297 | Calcium >= 0.189) -> Platelets <= 1.448) | AST <= 7.507)
",-9999999.000,-9999999.000,0.000,0.000,1.000,0,0,0,28,28,0,0,28,0.0,0.0,0.0,0.0,0.0,1.0,-1
"F[0,0](((Bilirubin_total >= 0.007 | Bilirubin_direct >= 0.000) | BUN >= 0.000) & TroponinI >= 0.000)
",0.281,0.033,0.000,0.000,1.000,0,0,0,28,28,0,0,28,0.0,0.0,0.0,0.0,0.0,1.0,-1
"F[0,2](Phosphate <= 1.175 -> HR >= 14.641)
",-9999999.000,-9999999.000,0.000,0.000,1.000,0,0,0,28,28,0,0,28,0.0,0.0,0.0,0.0,0.0,1.0,-1
"F[0,0](((HCO3 <= 0.000 & BaseExcess >= 0.000) | BUN >= 0.000) & AST >= 0.000)
",0.000,0.000,0.000,0.000,1.000,0,0,0,28,28,0,0,28,0.0,0.0,0.0,0.0,0.0,1.0,-1
"F[0,1]((EtCO2 >= 0.252 -> TroponinI <= 0.053) -> EtCO2 <= 0.117)
",-9999999.000,-9999999.000,0.000,0.000,1.000,0,0,0,28,28,0,0,28,0.0,0.0,0.0,0.0,0.0,1.0,-1
"F[1,2](((Potassium >= 0.035 | SaO2 >= 0.000) | PaCO2 >= 0.000) & Creatinine >= 0.000)
",-9999999.000,-9999999.000,0.000,0.000,1.000,0,0,0,28,28,0,0,28,0.0,0.0,0.0,0.0,0.0,1.0,-1
"((WBC <= 11.670) U[2,2] (WBC >= 0.311))
",11.670,11.670,0.000,0.000,1.000,0,0,0,28,28,0,0,28,0.0,0.0,0.0,0.0,0.0,1.0,-1
"F[2,2](BUN >= 2.261 | Phosphate <= 4.040)
",4.040,4.040,0.000,0.000,1.000,0,0,0,28,28,0,0,28,0.0,0.0,0.0,0.0,0.0,1.0,-1
"F[0,2](((HR <= 82.026 & Bilirubin_total >= 0.006) -> pH >= 0.002) & Temp <= 0.090)
",-9999999.000,-9999999.000,0.000,0.000,1.000,0,0,0,28,28,0,0,28,0.0,0.0,0.0,0.0,0.0,1.0,-1
"F[0,2]((pH <= 6.950 | Glucose >= 0.490) -> WBC <= 70.021)
",-9999999.000,-9999999.000,0.000,0.000,1.000,0,0,0,28,28,0,0,28,0.0,0.0,0.0,0.0,0.0,1.0,-1
"F[0,2](((TroponinI <= 0.175 | DBP <= 71.634) & Phosphate >= 3.547) | Hct >= 44.940)
",-9999999.000,-9999999.000,0.000,0.000,1.000,0,0,0,28,28,0,0,28,0.0,0.0,0.0,0.0,0.0,1.0,-1
"F[0,1]((Platelets <= 25.132 -> Bilirubin_total <= 0.120) -> Potassium <= 0.118)
",-9999999.000,-9999999.000,0.000,0.000,1.000,0,0,0,28,28,0,0,28,0.0,0.0,0.0,0.0,0.0,1.0,-1
"F[0,2](((MAP <= 102.913 & PaCO2 <= 26.979) & SaO2 <= 10.146) -> TroponinI <= 6.960)
",-9999999.000,-9999999.000,0.000,0.000,1.000,0,0,0,28,28,0,0,28,0.0,0.0,0.0,0.0,0.0,1.0,-1
"F[0,1]((Bilirubin_total >= 0.002 | SBP >= 14.039) | WBC <= 198.908)
",-9999999.000,-9999999.000,0.000,0.000,1.000,0,0,0,28,28,0,0,28,0.0,0.0,0.0,0.0,0.0,1.0,-1
"F[0,2](((FiO2 >= 0.002 & Temp <= 8.419) | Hct >= 0.266) | Glucose <= 12.539)
",-9999999.000,-9999999.000,0.000,0.000,1.000,0,0,0,28,28,0,0,28,0.0,0.0,0.0,0.0,0.0,1.0,-1
"F[2,2]((Lactate >= 0.011 | TroponinI <= 0.465) | pH >= 0.014)
",4187987374823531.500,0.465,0.000,0.000,1.000,0,0,0,28,28,0,0,28,0.0,0.0,0.0,0.0,0.0,1.0,-1
"F[0,2]((EtCO2 <= 9.606 & Resp <= 20.798) & MAP >= 17.138)
",-9999999.000,-9999999.000,0.000,0.000,1.000,0,0,0,28,28,0,0,28,0.0,0.0,0.0,0.0,0.0,1.0,-1
"F[0,0]((Chloride <= 84.886 -> HCO3 >= 0.000) -> Bilirubin_direct >= 0.000)
",-0.282,-0.211,0.000,0.000,1.000,0,0,0,28,28,0,0,28,0.0,0.0,0.0,0.0,0.0,1.0,-1
"F[0,1](((Alkalinephos >= 0.355 -> Bilirubin_direct <= 0.000) & WBC >= 0.000) | MAP >= 0.000)
",-9999999.000,-9999999.000,0.000,0.000,1.000,0,0,0,28,28,0,0,28,0.0,0.0,0.0,0.0,0.0,1.0,-1
"F[0,1]((Creatinine <= 1.348 -> Fibrinogen >= 0.000) | PaCO2 <= 0.000)
",-9999999.000,-9999999.000,0.000,0.000,1.000,0,0,0,28,28,0,0,28,0.0,0.0,0.0,0.0,0.0,1.0,-1
"((PaCO2 <= 1.633) U[2,2] (SaO2 >= 0.000))
",1.633,1.633,0.000,0.000,1.000,0,0,0,28,28,0,0,28,0.0,0.0,0.0,0.0,0.0,1.0,-1
"F[2,2](((MAP <= 95.965 -> Temp <= 30.888) | Temp >= 3.097) | Chloride <= 29.242)
",29.242,29.242,0.000,0.000,1.000,0,0,0,28,28,0,0,28,0.0,0.0,0.0,0.0,0.0,1.0,-1
"F[2,2](((Hct <= 17.396 & Platelets >= 3.112) | Fibrinogen >= 4.133) & pH >= 3.653)
",-3.653,-3.653,0.000,0.000,1.000,0,0,0,28,28,0,0,28,0.0,0.0,0.0,0.0,0.0,1.0,-1
"F[0,2](((SepsisLabel <= 0.000 -> PTT <= 0.000) | Phosphate <= 0.000) -> SBP >= 0.000)
",-9999999.000,-9999999.000,0.000,0.000,1.000,0,0,0,28,28,0,0,28,0.0,0.0,0.0,0.0,0.0,1.0,-1
"F[2,2]((TroponinI <= 0.170 & Glucose >= 8.626) | Calcium >= 8.738)
",-8.626,-8.626,0.000,0.000,1.000,0,0,0,28,28,0,0,28,0.0,0.0,0.0,0.0,0.0,1.0,-1
"F[0,2]((Bilirubin_total >= 0.012 & Creatinine <= 1.496) -> WBC <= 1.005)
",-9999999.000,-9999999.000,0.000,0.000,1.000,0,0,0,28,28,0,0,28,0.0,0.0,0.0,0.0,0.0,1.0,-1
"((Temp >= 3.259) U[0,2] (Creatinine >= 0.084))
",-9999999.000,-9999999.000,0.000,0.000,1.000,0,0,0,28,28,0,0,28,0.0,0.0,0.0,0.0,0.0,1.0,-1
"F[1,2](((Fibrinogen >= 0.000 | Hgb >= 0.532) | Alkalinephos <= 0.732) -> SepsisLabel <= 6.685)
",-9999999.000,-9999999.000,0.000,0.000,1.000,0,0,0,28,28,0,0,28,0.0,0.0,0.0,0.0,0.0,1.0,-1
"F[0,2](FiO2 <= 0.107 | Lactate >= 0.015)
",-9999999.000,-9999999.000,0.000,0.000,1.000,0,0,0,28,28,0,0,28,0.0,0.0,0.0,0.0,0.0,1.0,-1
"F[0,2](((DBP >= 50.093 -> Platelets >= 6.428) & FiO2 >= 0.414) & MAP <= 70.364)
",-9999999.000,-9999999.000,0.000,0.000,1.000,0,0,0,28,28,0,0,28,0.0,0.0,0.0,0.0,0.0,1.0,-1
"F[0,0](((BaseExcess >= 0.000 & Temp <= 16.863) & Chloride <= 22.368) & Lactate <= 33.569)
",-26.965,-83.666,0.000,0.000,1.000,0,0,0,28,28,0,0,28,0.0,0.0,0.0,0.0,0.0,1.0,-1
"F[2,2]((Glucose <= 94.338 | Platelets <= 95.291) | DBP >= 3.252)
",95.291,95.291,0.000,0.000,1.000,0,0,0,28,28,0,0,28,0.0,0.0,0.0,0.0,0.0,1.0,-1
"F[0,2]((Magnesium >= 0.090 & pH <= 7.078) -> WBC <= 4.731)
",-9999999.000,-9999999.000,0.000,0.000,1.000,0,0,0,28,28,0,0,28,0.0,0.0,0.0,0.0,0.0,1.0,-1
"F[0,2](((PTT >= 0.000 | AST <= 20.053) | Chloride >= 0.033) -> Platelets <= 5.026)
",-9999999.000,-9999999.000,0.000,0.000,1.000,0,0,0,28,28,0,0,28,0.0,0.0,0.0,0.0,0.0,1.0,-1
"F[0,1]((SaO2 >= 0.000 | Calcium >= 0.097) & HCO3 <= 3.638)
",-9999999.000,-9999999.000,0.000,0.000,1.000,0,0,0,28,28,0,0,28,0.0,0.0,0.0,0.0,0.0,1.0,-1
"F[0,1](((BaseExcess >= 0.000 & HR <= 91.486) | Calcium >= 11.296) & pH <= 82.531)
",-9999999.000,-9999999.000,0.000,0.000,1.000,0,0,0,28,28,0,0,28,0.0,0.0,0.0,0.0,0.0,1.0,-1
"F[0,2](((DBP >= 44.368 & Potassium >= 0.251) | Phosphate <= 3.728) -> FiO2 >= 0.158)
",-9999999.000,-9999999.000,0.000,0.000,1.000,0,0,0,28,28,0,0,28,0.0,0.0,0.0,0.0,0.0,1.0,-1
"F[1,2]((Calcium >= 0.405 -> DBP >= 41.915) -> HCO3 <= 72.521)
",-9999999.000,-9999999.000,0.000,0.000,1.000,0,0,0,28,28,0,0,28,0.0,0.0,0.0,0.0,0.0,1.0,-1
"F[1,2](((DBP <= 72.898 & EtCO2 >= 0.308) -> Magnesium >= 0.325) | FiO2 >= 0.105)
",-9999999.000,-9999999.000,0.000,0.000,1.000,0,0,0,28,28,0,0,28,0.0,0.0,0.0,0.0,0.0,1.0,-1
"F[0,0]((DBP <= 59.388 | Hct <= 14.443) | EtCO2 >= 0.299)
",3.891,20.014,0.000,0.000,1.000,0,0,0,28,28,0,0,28,0.0,0.0,0.0,0.0,0.0,1.0,-1
"F[0,1](((Alkalinephos >= 0.572 & SBP >= 147.730) -> MAP <= 169.967) | Chloride <= 160.711)
",-9999999.000,-9999999.000,0.000,0.000,1.000,0,0,0,28,28,0,0,28,0.0,0.0,0.0,0.0,0.0,1.0,-1
"F[1,2]((DBP <= 61.941 & Phosphate <= 5.430) & Hgb >= 0.277)
",-9999999.000,-9999999.000,0.000,0.000,1.000,0,0,0,28,28,0,0,28,0.0,0.0,0.0,0.0,0.0,1.0,-1
"F[0,0]((Magnesium <= 0.394 -> Platelets <= 54.396) | SaO2 >= 5.976)
",-0.859,-4.865,0.000,0.000,1.000,0,0,0,28,28,0,0,28,0.0,0.0,0.0,0.0,0.0,1.0,-1
"((HR >= 21.443) U[1,2] (O2Sat <= 95.191))
",-9999999.000,-9999999.000,0.000,0.000,1.000,0,0,0,28,28,0,0,28,0.0,0.0,0.0,0.0,0.0,1.0,-1
"F[0,2]((Creatinine <= 0.289 -> Magnesium >= 0.085) & TroponinI <= 1.614)
",-9999999.000,-9999999.000,0.000,0.000,1.000,0,0,0,28,28,0,0,28,0.0,0.0,0.0,0.0,0.0,1.0,-1
"F[0,1]((O2Sat <= 99.017 -> TroponinI >= 0.003) | Fibrinogen <= 0.241)
",-9999999.000,-9999999.000,0.000,0.000,1.000,0,0,0,28,28,0,0,28,0.0,0.0,0.0,0.0,0.0,1.0,-1
"F[0,2](((O2Sat <= 97.567 -> Potassium >= 0.005) | Magnesium <= 3.079) & SaO2 <= 3.602)
",-9999999.000,-9999999.000,0.000,0.000,1.000,0,0,0,28,28,0,0,28,0.0,0.0,0.0,0.0,0.0,1.0,-1
"F[0,1](((FiO2 >= 0.003 -> SBP >= 140.201) & PTT >= 1.277) -> AST <= 154.204)
",-9999999.000,-9999999.000,0.000,0.000,1.000,0,0,0,28,28,0,0,28,0.0,0.0,0.0,0.0,0.0,1.0,-1
"F[0,1](((HR >= 18.750 & Platelets <= 151.577) & Temp >= 6.581) -> Glucose >= 2.656)
",-9999999.000,-9999999.000,0.000,0.000,1.000,0,0,0,28,28,0,0,28,0.0,0.0,0.0,0.0,0.0,1.0,-1
"F[1,2](Calcium >= 0.365 | HR <= 82.150)
",-9999999.000,-9999999.000,0.000,0.000,1.000,0,0,0,28,28,0,0,28,0.0,0.0,0.0,0.0,0.0,1.0,-1
"F[2,2]((Creatinine <= 1.583 & HR >= 12.365) & HCO3 <= 86.351)
",-3480306466207830.000,-12.365,0.000,0.000,1.000,0,0,0,28,28,0,0,28,0.0,0.0,0.0,0.0,0.0,1.0,-1
"F[2,2]((HR <= 82.894 | Phosphate <= 0.467) | FiO2 >= 0.286)
",5833122557059821.000,82.894,0.000,0.000,1.000,0,0,0,28,28,0,0,28,0.0,0.0,0.0,0.0,0.0,1.0,-1
"F[1,2](((Hgb >= 0.330 & O2Sat <= 98.064) -> SepsisLabel >= 55.287) & Platelets >= 35.279)
",-9999999.000,-9999999.000,0.000,0.000,1.000,0,0,0,28,28,0,0,28,0.0,0.0,0.0,0.0,0.0,1.0,-1
"F[1,2](((Glucose <= 44.843 & Potassium >= 0.148) -> Bilirubin_direct >= 0.134) & Lactate >= 0.065)
",-9999999.000,-9999999.000,0.000,0.000,1.000,0,0,0,28,28,0,0,28,0.0,0.0,0.0,0.0,0.0,1.0,-1
"F[0,1]((SBP >= 105.781 -> TroponinI <= 0.128) -> Lactate <= 0.247)
",-9999999.000,-9999999.000,0.000,0.000,1.000,0,0,0,28,28,0,0,28,0.0,0.0,0.0,0.0,0.0,1.0,-1
"F[0,2](((HR <= 90.182 | Resp >= 10.182) | TroponinI >= 8.208) -> FiO2 <= 32.024)
",-9999999.000,-9999999.000,0.000,0.000,1.000,0,0,0,28,28,0,0,28,0.0,0.0,0.0,0.0,0.0,1.0,-1
"F[2,2](Hgb >= 0.110 | Phosphate >= 0.307)
",-7953873871057096.000,-0.110,0.000,0.000,1.000,0,0,0,28,28,0,0,28,0.0,0.0,0.0,0.0,0.0,1.0,-1
"F[1,2](((Hgb <= 7.368 | TroponinI <= 0.341) | Hgb <= 0.212) -> FiO2 <= 0.369)
",-9999999.000,-9999999.000,0.000,0.000,1.000,0,0,0,28,28,0,0,28,0.0,0.0,0.0,0.0,0.0,1.0,-1
"F[0,2](((Glucose <= 66.913 | Phosphate <= 2.226) -> BaseExcess <= 2.907) -> SepsisLabel >= 0.238)
",-9999999.000,-9999999.000,0.000,0.000,1.000,0,0,0,28,28,0,0,28,0.0,0.0,0.0,0.0,0.0,1.0,-1
"F[0,1]((Glucose <= 106.831 & Hct >= 1.254) -> Calcium <= 7.625)
",-9999999.000,-9999999.000,0.000,0.000,1.000,0,0,0,28,28,0,0,28,0.0,0.0,0.0,0.0,0.0,1.0,-1
"F[1,2]((pH >= 0.032 & SBP <= 170.934) -> SBP >= 67.536)
",-9999999.000,-9999999.000,0.000,0.000,1.000,0,0,0,28,28,0,0,28,0.0,0.0,0.0,0.0,0.0,1.0,-1
"F[1,2](((O2Sat >= 33.973 -> Platelets >= 7.686) | Temp >= 2.198) -> Platelets >= 2.737)
",-9999999.000,-9999999.000,0.000,0.000,1.000,0,0,0,28,28,0,0,28,0.0,0.0,0.0,0.0,0.0,1.0,-1
"F[1,1]((O2Sat >= 84.040 -> WBC >= 0.136) -> Bilirubin_direct <= 2.743)
",-6175762154892380.000,-2.743,0.000,0.000,1.000,0,0,0,28,28,0,0,28,0.0,0.0,0.0,0.0,0.0,1.0,-1
"((BUN <= 18.277) U[2,2] (O2Sat <= 95.455))
",6717059094043572.000,95.455,0.000,0.000,1.000,0,0,0,28,28,0,0,28,0.0,0.0,0.0,0.0,0.0,1.0,-1
"((EtCO2 <= 9.896) U[2,2] (Hgb <= 7.688))
",9.896,9.896,0.000,0.000,1.000,0,0,0,28,28,0,0,28,0.0,0.0,0.0,0.0,0.0,1.0,-1
"F[0,2](((EtCO2 <= 1.821 -> TroponinI >= 0.029) | Hct >= 0.001) | PTT <= 0.202)
",-9999999.000,-9999999.000,0.000,0.000,1.000,0,0,0,28,28,0,0,28,0.0,0.0,0.0,0.0,0.0,1.0,-1
"F[2,2]((DBP >= 34.657 -> Hgb >= 0.069) & WBC <= 2.139)
",4981444941609489.000,0.069,0.000,0.000,1.000,0,0,0,28,28,0,0,28,0.0,0.0,0.0,0.0,0.0,1.0,-1
"F[0,2](((Calcium <= 7.075 -> EtCO2 <= 3.101) & Creatinine >= 0.324) -> Creatinine >= 0.308)
",-9999999.000,-9999999.000,0.000,0.000,1.000,0,0,0,28,28,0,0,28,0.0,0.0,0.0,0.0,0.0,1.0,-1
"F[0,2](((Calcium <= 7.165 & O2Sat <= 96.716) -> BUN >= 92.786) & Platelets <= 94.580)
",-9999999.000,-9999999.000,0.000,0.000,1.000,0,0,0,28,28,0,0,28,0.0,0.0,0.0,0.0,0.0,1.0,-1
"F[1,2](((Potassium <= 1.558 & SBP >= 117.528) -> Lactate >= 149.976) -> HCO3 >= 136.597)
",-9999999.000,-9999999.000,0.000,0.000,1.000,0,0,0,28,28,0,0,28,0.0,0.0,0.0,0.0,0.0,1.0,-1
"F[0,2]((Calcium >= 0.299 | Temp >= 5.004) | FiO2 >= 5.383)
",-9999999.000,-9999999.000,0.000,0.000,1.000,0,0,0,28,28,0,0,28,0.0,0.0,0.0,0.0,0.0,1.0,-1
"F[2,2]((Calcium <= 2.912 & Potassium <= 2.823) & Magnesium >= 0.091)
",-0.091,-0.091,0.000,0.000,1.000,0,0,0,28,28,0,0,28,0.0,0.0,0.0,0.0,0.0,1.0,-1
"F[1,2](((DBP >= 52.620 | Resp >= 12.696) & FiO2 >= 8.950) -> O2Sat <= 27.341)
",-9999999.000,-9999999.000,0.000,0.000,1.000,0,0,0,28,28,0,0,28,0.0,0.0,0.0,0.0,0.0,1.0,-1
"F[0,2](((MAP >= 28.735 & Resp <= 34.605) & SaO2 >= 0.139) -> Fibrinogen >= 12.900)
",-9999999.000,-9999999.000,0.000,0.000,1.000,0,0,0,28,28,0,0,28,0.0,0.0,0.0,0.0,0.0,1.0,-1
"F[1,2](((Glucose >= 3.011 -> MAP >= 74.616) & SaO2 <= 89.483) -> Calcium >= 49.245)
",-9999999.000,-9999999.000,0.000,0.000,1.000,0,0,0,28,28,0,0,28,0.0,0.0,0.0,0.0,0.0,1.0,-1
"F[1,2](((Resp >= 14.811 | SBP <= 198.613) & Magnesium <= 171.418) -> PTT <= 179.698)
",-9999999.000,-9999999.000,0.000,0.000,1.000,0,0,0,28,28,0,0,28,0.0,0.0,0.0,0.0,0.0,1.0,-1
"F[0,1](Glucose >= 11.351 -> Resp >= 2.590)
",-9999999.000,-9999999.000,0.000,0.000,1.000,0,0,0,28,28,0,0,28,0.0,0.0,0.0,0.0,0.0,1.0,-1
"F[0,2](((Alkalinephos <= 5.737 -> Hgb >= 0.118) | PaCO2 >= 0.175) & HR >= 0.275)
",-9999999.000,-9999999.000,0.000,0.000,1.000,0,0,0,28,28,0,0,28,0.0,0.0,0.0,0.0,0.0,1.0,-1
"F[0,1](((O2Sat >= 20.273 & SBP <= 161.703) -> WBC <= 196.101) | Fibrinogen <= 198.081)
",-9999999.000,-9999999.000,0.000,0.000,1.000,0,0,0,28,28,0,0,28,0.0,0.0,0.0,0.0,0.0,1.0,-1
"F[0,2](DBP >= 8.465 & MAP >= 38.422)
",-9999999.000,-9999999.000,0.000,0.000,1.000,0,0,0,28,28,0,0,28,0.0,0.0,0.0,0.0,0.0,1.0,-1
"F[0,2](((Alkalinephos >= 0.699 -> Glucose >= 0.657) -> Bilirubin_total >= 9.171) | Resp >= 11.313)
",-9999999.000,-9999999.000,0.000,0.000,1.000,0,0,0,28,28,0,0,28,0.0,0.0,0.0,0.0,0.0,1.0,-1
"F[0,2](((TroponinI <= 0.413 | WBC >= 0.630) -> O2Sat >= 0.032) | Resp <= 6.829)
",-9999999.000,-9999999.000,0.000,0.000,1.000,0,0,0,28,28,0,0,28,0.0,0.0,0.0,0.0,0.0,1.0,-1
"F[1,2]((Calcium <= 7.608 | TroponinI >= 0.012) -> Potassium >= 0.005)
",-9999999.000,-9999999.000,0.000,0.000,1.000,0,0,0,28,28,0,0,28,0.0,0.0,0.0,0.0,0.0,1.0,-1
"F[0,2](Chloride <= 81.006 | Temp >= 5.241)
",-9999999.000,-9999999.000,0.000,0.000,1.000,0,0,0,28,28,0,0,28,0.0,0.0,0.0,0.0,0.0,1.0,-1
"F[1,1]((Lactate >= 0.008 & Temp <= 35.081) -> TroponinI >= 3.391)
",4767798611825548.000,0.008,0.000,0.000,1.000,0,0,0,28,28,0,0,28,0.0,0.0,0.0,0.0,0.0,1.0,-1
"F[1,2](FiO2 <= 0.125 -> Temp >= 1.476)
",-9999999.000,-9999999.000,0.000,0.000,1.000,0,0,0,28,28,0,0,28,0.0,0.0,0.0,0.0,0.0,1.0,-1
"F[0,2](((Glucose <= 42.405 -> TroponinI >= 0.007) -> Resp <= 0.092) -> Glucose >= 0.005)
",-9999999.000,-9999999.000,0.000,0.000,1.000,0,0,0,28,28,0,0,28,0.0,0.0,0.0,0.0,0.0,1.0,-1
"F[2,2](((Chloride >= 1.286 | Glucose <= 40.008) | Fibrinogen >= 7.548) | Glucose >= 7.967)
",40.008,40.008,0.000,0.000,1.000,0,0,0,28,28,0,0,28,0.0,0.0,0.0,0.0,0.0,1.0,-1
"F[0,2]((AST <= 16.221 -> Hct >= 0.213) | WBC >= 0.271)
",-9999999.000,-9999999.000,0.000,0.000,1.000,0,0,0,28,28,0,0,28,0.0,0.0,0.0,0.0,0.0,1.0,-1
"F[0,1]((Alkalinephos <= 24.208 -> TroponinI >= 0.016) -> Temp <= 0.101)
",-9999999.000,-9999999.000,0.000,0.000,1.000,0,0,0,28,28,0,0,28,0.0,0.0,0.0,0.0,0.0,1.0,-1
"F[1,1](((pH <= 3.794 -> TroponinI >= 0.029) & HCO3 >= 0.001) | HCO3 >= 0.000)
",-0.000,-0.000,0.000,0.000,1.000,0,0,0,28,28,0,0,28,0.0,0.0,0.0,0.0,0.0,1.0,-1
"F[1,2](((PaCO2 >= 0.331 -> TroponinI <= 0.185) | Creatinine <= 0.329) | Glucose <= 0.135)
",-9999999.000,-9999999.000,0.000,0.000,1.000,0,0,0,28,28,0,0,28,0.0,0.0,0.0,0.0,0.0,1.0,-1
"F[0,2](((FiO2 <= 0.116 | TroponinI <= 0.485) & HR <= 0.441) | Platelets <= 0.436)
",-9999999.000,-9999999.000,0.000,0.000,1.000,0,0,0,28,28,0,0,28,0.0,0.0,0.0,0.0,0.0,1.0,-1
"F[1,2]((Lactate >= 0.003 | TroponinI >= 0.009) -> EtCO2 <= 0.285)
",-9999999.000,-9999999.000,0.000,0.000,1.000,0,0,0,28,28,0,0,28,0.0,0.0,0.0,0.0,0.0,1.0,-1
"((Potassium <= 2.792) U[2,2] (TroponinI >= 0.015))
",3144066429446901.500,2.792,0.000,0.000,1.000,0,0,0,28,28,0,0,28,0.0,0.0,0.0,0.0,0.0,1.0,-1
"F[1,2](Hct <= 14.389 | TroponinI <= 0.044)
",-9999999.000,-9999999.000,0.000,0.000,1.000,0,0,0,28,28,0,0,28,0.0,0.0,0.0,0.0,0.0,1.0,-1
"F[0,1](Creatinine <= 2.763 -> TroponinI <= 0.177)
",-9999999.000,-9999999.000,0.000,0.000,1.000,0,0,0,28,28,0,0,28,0.0,0.0,0.0,0.0,0.0,1.0,-1
"((pH <= 1.135) U[0,2] (Temp >= 4.703))
",-9999999.000,-9999999.000,0.000,0.000,1.000,0,0,0,28,28,0,0,28,0.0,0.0,0.0,0.0,0.0,1.0,-1
"F[0,2]((PaCO2 >= 0.212 -> Potassium >= 0.087) | Potassium <= 3.218)
",-9999999.000,-9999999.000,0.000,0.000,1.000,0,0,0,28,28,0,0,28,0.0,0.0,0.0,0.0,0.0,1.0,-1
"F[0,1]((Lactate <= 0.575 & Potassium <= 2.032) | SaO2 <= 2.577)
",-9999999.000,-9999999.000,0.000,0.000,1.000,0,0,0,28,28,0,0,28,0.0,0.0,0.0,0.0,0.0,1.0,-1
"F[1,2]((Glucose <= 60.704 | Hgb <= 6.533) & Calcium <= 7.461)
",-9999999.000,-9999999.000,0.000,0.000,1.000,0,0,0,28,28,0,0,28,0.0,0.0,0.0,0.0,0.0,1.0,-1
"F[1,2](((Creatinine <= 2.052 -> Hgb <= 3.642) -> BaseExcess <= 2.261) & Glucose >= 0.283)
",-9999999.000,-9999999.000,0.000,0.000,1.000,0,0,0,28,28,0,0,28,0.0,0.0,0.0,0.0,0.0,1.0,-1
"F[0,2](Hct >= 1.017 & Potassium <= 3.890)
",-9999999.000,-9999999.000,0.000,0.000,1.000,0,0,0,28,28,0,0,28,0.0,0.0,0.0,0.0,0.0,1.0,-1
"F[0,1]((Potassium >= 0.272 & WBC <= 1.569) | WBC <= 6.828)
",-9999999.000,-9999999.000,0.000,0.000,1.000,0,0,0,28,28,0,0,28,0.0,0.0,0.0,0.0,0.0,1.0,-1
"F[0,2](Creatinine <= 2.224 | Potassium >= 0.229)
",-9999999.000,-9999999.000,0.000,0.000,1.000,0,0,0,28,28,0,0,28,0.0,0.0,0.0,0.0,0.0,1.0,-1
"F[2,2](DBP <= 65.061 & SBP >= 143.805)
",-143.805,-143.805,0.000,0.000,1.000,0,0,0,28,28,0,0,28,0.0,0.0,0.0,0.0,0.0,1.0,-1
"F[1,1]((AST <= 2.114 & Phosphate >= 0.176) -> BUN >= 0.211)
",6356717364623221.000,0.176,0.000,0.000,1.000,0,0,0,28,28,0,0,28,0.0,0.0,0.0,0.0,0.0,1.0,-1
"((Hgb <= 1.892) U[2,2] (Magnesium >= 0.025))
",8521659779955351.000,1.892,0.000,0.000,1.000,0,0,0,28,28,0,0,28,0.0,0.0,0.0,0.0,0.0,1.0,-1
"F[0,2]((Alkalinephos >= 1.135 -> Platelets <= 124.201) & FiO2 >= 4.643)
",-9999999.000,-9999999.000,0.000,0.000,1.000,0,0,0,28,28,0,0,28,0.0,0.0,0.0,0.0,0.0,1.0,-1
"F[0,0](((AST >= 0.405 & Platelets >= 6.092) & SaO2 >= 1.989) -> Bilirubin_direct >= 2.102)
",2.529,1.891,0.000,0.000,1.000,0,0,0,28,28,0,0,28,0.0,0.0,0.0,0.0,0.0,1.0,-1
"F[1,2]((HR <= 84.342 | MAP <= 89.088) -> MAP <= 86.183)
",-9999999.000,-9999999.000,0.000,0.000,1.000,0,0,0,28,28,0,0,28,0.0,0.0,0.0,0.0,0.0,1.0,-1
"F[0,2](((AST >= 0.723 & Calcium <= 0.653) -> Potassium >= 0.177) & EtCO2 <= 6.489)
",-9999999.000,-9999999.000,0.000,0.000,1.000,0,0,0,28,28,0,0,28,0.0,0.0,0.0,0.0,0.0,1.0,-1
"F[1,2](((Hct <= 21.087 | Temp >= 3.959) & Chloride <= 18.826) -> Glucose >= 2.490)
",-9999999.000,-9999999.000,0.000,0.000,1.000,0,0,0,28,28,0,0,28,0.0,0.0,0.0,0.0,0.0,1.0,-1
"F[1,2]((BUN <= 38.952 | Temp <= 20.863) | PaCO2 <= 16.075)
",-9999999.000,-9999999.000,0.000,0.000,1.000,0,0,0,28,28,0,0,28,0.0,0.0,0.0,0.0,0.0,1.0,-1
"((Creatinine >= 0.139) U[0,2] (Temp >= 1.939))
",-9999999.000,-9999999.000,0.000,0.000,1.000,0,0,0,28,28,0,0,28,0.0,0.0,0.0,0.0,0.0,1.0,-1
"F[2,2](Hgb <= 1.673 | Hct <= 7.314)
",8235342200852344.000,7.314,0.000,0.000,1.000,0,0,0,28,28,0,0,28,0.0,0.0,0.0,0.0,0.0,1.0,-1
"F[1,2](((Calcium < 1.023 & Potassium < 1.065) & Magnesium < 1.775) & Phosphate < 0.492)
",-9999999.000,-9999999.000,0.000,0.000,1.000,0,0,0,28,28,0,0,28,0.0,0.0,0.0,0.0,0.0,1.0,-1
"F[0,2]((Calcium <= 6.592 & Potassium <= 0.482) & Magnesium >= 0.072)
",-9999999.000,-9999999.000,0.000,0.000,1.000,0,0,0,28,28,0,0,28,0.0,0.0,0.0,0.0,0.0,1.0,-1
"F[0,2](Hgb <= 2.938 | Hct <= 7.137)
",-9999999.000,-9999999.000,0.000,0.000,1.000,0,0,0,28,28,0,0,28,0.0,0.0,0.0,0.0,0.0,1.0,-1
"F[2,2]((Phosphate >= 0.154 & Magnesium > 0.098) -> Calcium < 6.010)
",-6.010,-6.010,0.000,0.000,1.000,0,0,0,28,28,0,0,28,0.0,0.0,0.0,0.0,0.0,1.0,-1
"F[0,1](((Calcium < 5.646 & Potassium < 1.087) & Magnesium < 0.558) & Phosphate < 4.390)
",-9999999.000,-9999999.000,0.000,0.000,1.000,0,0,0,28,28,0,0,28,0.0,0.0,0.0,0.0,0.0,1.0,-1
"F[2,2]((Calcium <= 4.474 & Potassium <= 1.568) & Magnesium >= 0.091)
",-6589746697882044.000,-0.091,0.000,0.000,1.000,0,0,0,28,28,0,0,28,0.0,0.0,0.0,0.0,0.0,1.0,-1
"F[0,2](((Calcium < 1.380 & Potassium < 2.556) & Magnesium < 2.062) & Phosphate < 3.516)
",-9999999.000,-9999999.000,0.000,0.000,1.000,0,0,0,28,28,0,0,28,0.0,0.0,0.0,0.0,0.0,1.0,-1
"F[1,2](DBP <= 66.904 | Glucose <= 53.577)
",-9999999.000,-9999999.000,0.000,0.000,1.000,0,0,0,28,28,0,0,28,0.0,0.0,0.0,0.0,0.0,1.0,-1
"F[1,2]((Calcium <= 3.347 & Potassium <= 0.986) & Magnesium >= 0.083)
",-9999999.000,-9999999.000,0.000,0.000,1.000,0,0,0,28,28,0,0,28,0.0,0.0,0.0,0.0,0.0,1.0,-1
"F[1,2](Hgb <= 2.712 | Hct <= 11.188)
",-9999999.000,-9999999.000,0.000,0.000,1.000,0,0,0,28,28,0,0,28,0.0,0.0,0.0,0.0,0.0,1.0,-1
"F[0,1]((Phosphate >= 0.036 & Magnesium > 0.099) -> Calcium < 0.834)
",-9999999.000,-9999999.000,0.000,0.000,1.000,0,0,0,28,28,0,0,28,0.0,0.0,0.0,0.0,0.0,1.0,-1
"F[0,1](((Calcium < 1.063 & Potassium < 1.198) & Magnesium < 1.733) & Phosphate < 5.856)
",-9999999.000,-9999999.000,0.000,0.000,1.000,0,0,0,28,28,0,0,28,0.0,0.0,0.0,0.0,0.0,1.0,-1
"F[1,2](Hgb <= 7.125 | Hct <= 9.412)
",-9999999.000,-9999999.000,0.000,0.000,1.000,0,0,0,28,28,0,0,28,0.0,0.0,0.0,0.0,0.0,1.0,-1
"F[1,2](((Calcium < 7.598 & Potassium < 2.712) & Magnesium < 1.528) & Phosphate < 2.812)
",-9999999.000,-9999999.000,0.000,0.000,1.000,0,0,0,28,28,0,0,28,0.0,0.0,0.0,0.0,0.0,1.0,-1
"F[2,2](Hgb <= 5.656 | Hct <= 14.915)
",14.915,14.915,0.000,0.000,1.000,0,0,0,28,28,0,0,28,0.0,0.0,0.0,0.0,0.0,1.0,-1
"((HR >= 56.864) U[0,1] (SepsisLabel = 0.000))
",-9999999.000,-9999999.000,0.000,0.000,1.000,0,0,0,28,28,0,0,28,0.0,0.0,0.0,0.0,0.0,1.0,-1
"F[2,2](BaseExcess <= 0.000 & SepsisLabel = 0.000)
",0.000,0.000,0.000,0.000,1.000,0,0,0,28,28,0,0,28,0.0,0.0,0.0,0.0,0.0,1.0,-1
"F[1,2](MAP < 97.184 & SepsisLabel = 0.000)
",-9999999.000,-9999999.000,0.000,0.000,1.000,0,0,0,28,28,0,0,28,0.0,0.0,0.0,0.0,0.0,1.0,-1
"((HR > 72.013) U[0,2] (SepsisLabel = 0.000))
",-9999999.000,-9999999.000,0.000,0.000,1.000,0,0,0,28,28,0,0,28,0.0,0.0,0.0,0.0,0.0,1.0,-1
"F[1,2](Lactate >= 0.013 | PaCO2 <= 8.747)
",-9999999.000,-9999999.000,0.000,0.000,1.000,0,0,0,28,28,0,0,28,0.0,0.0,0.0,0.0,0.0,1.0,-1
"F[0,2]((Alkalinephos >= 0.452 | AST >= 0.139) | SBP <= 26.806)
",-9999999.000,-9999999.000,0.000,0.000,1.000,0,0,0,28,28,0,0,28,0.0,0.0,0.0,0.0,0.0,1.0,-1
"F[0,1]((BUN >= 0.589 | Creatinine <= 2.256) -> Bilirubin_total <= 2.106)
",-9999999.000,-9999999.000,0.000,0.000,1.000,0,0,0,28,28,0,0,28,0.0,0.0,0.0,0.0,0.0,1.0,-1
"F[1,2](((Creatinine >= 0.031 -> Phosphate >= 0.250) | WBC <= 2.360) | MAP >= 0.067)
",-9999999.000,-9999999.000,0.000,0.000,1.000,0,0,0,28,28,0,0,28,0.0,0.0,0.0,0.0,0.0,1.0,-1
"F[0,2](((BUN >= 0.454 -> Platelets <= 143.388) -> BaseExcess >= 0.234) -> PTT >= 7.369)
",-9999999.000,-9999999.000,0.000,0.000,1.000,0,0,0,28,28,0,0,28,0.0,0.0,0.0,0.0,0.0,1.0,-1
"((Platelets >= 6.586) U[0,2] (WBC >= 0.356))
",-9999999.000,-9999999.000,0.000,0.000,1.000,0,0,0,28,28,0,0,28,0.0,0.0,0.0,0.0,0.0,1.0,-1
"F[2,2]((Creatinine <= 0.269 & Platelets <= 113.756) & Resp <= 116.753)
",0.269,0.269,0.000,0.000,1.000,0,0,0,28,28,0,0,28,0.0,0.0,0.0,0.0,0.0,1.0,-1
"F[0,2](BUN >= 0.085 & Calcium >= 0.297)
",-9999999.000,-9999999.000,0.000,0.000,1.000,0,0,0,28,28,0,0,28,0.0,0.0,0.0,0.0,0.0,1.0,-1
"F[0,2]((Calcium <= 5.234 | WBC <= 11.606) -> Hgb >= 0.086)
",-9999999.000,-9999999.000,0.000,0.000,1.000,0,0,0,28,28,0,0,28,0.0,0.0,0.0,0.0,0.0,1.0,-1
"F[2,2]((Creatinine <= 2.167 | WBC <= 9.474) & EtCO2 <= 10.920)
",5333303711430223.000,9.474,0.000,0.000,1.000,0,0,0,28,28,0,0,28,0.0,0.0,0.0,0.0,0.0,1.0,-1
"F[0,1]((AST <= 23.956 -> Bilirubin_total <= 0.450) | Platelets <= 0.402)
",-9999999.000,-9999999.000,0.000,0.000,1.000,0,0,0,28,28,0,0,28,0.0,0.0,0.0,0.0,0.0,1.0,-1
"F[0,1]((Alkalinephos >= 0.691 | Bilirubin_total <= 0.197) | pH <= 0.488)
",-9999999.000,-9999999.000,0.000,0.000,1.000,0,0,0,28,28,0,0,28,0.0,0.0,0.0,0.0,0.0,1.0,-1
"F[1,2]((Calcium <= 2.568 & Potassium <= 3.135) & Magnesium >= 0.079)
",-9999999.000,-9999999.000,0.000,0.000,1.000,0,0,0,28,28,0,0,28,0.0,0.0,0.0,0.0,0.0,1.0,-1
"F[1,2]((Phosphate >= 0.272 & Magnesium > 0.062) -> Calcium < 5.089)
",-9999999.000,-9999999.000,0.000,0.000,1.000,0,0,0,28,28,0,0,28,0.0,0.0,0.0,0.0,0.0,1.0,-1
"F[0,2]((Phosphate >= 0.276 & Magnesium > 0.026) -> Calcium < 6.919)
",-9999999.000,-9999999.000,0.000,0.000,1.000,0,0,0,28,28,0,0,28,0.0,0.0,0.0,0.0,0.0,1.0,-1
"F[0,2]((Calcium <= 5.064 & Potassium <= 1.929) & Magnesium >= 0.072)
",-9999999.000,-9999999.000,0.000,0.000,1.000,0,0,0,28,28,0,0,28,0.0,0.0,0.0,0.0,0.0,1.0,-1
"F[0,2](Glucose >= 6.427 & HR <= 81.087)
",-9999999.000,-9999999.000,0.000,0.000,1.000,0,0,0,28,28,0,0,28,0.0,0.0,0.0,0.0,0.0,1.0,-1
"F[1,2](O2Sat <= 97.260 | Temp <= 10.260)
",-9999999.000,-9999999.000,0.000,0.000,1.000,0,0,0,28,28,0,0,28,0.0,0.0,0.0,0.0,0.0,1.0,-1
"F[0,1]((Alkalinephos >= 0.439 -> Resp >= 2.315) -> Resp <= 35.636)
",-9999999.000,-9999999.000,0.000,0.000,1.000,0,0,0,28,28,0,0,28,0.0,0.0,0.0,0.0,0.0,1.0,-1
"F[1,2]((EtCO2 <= 5.782 -> Temp >= 3.188) | PTT >= 2.956)
",-9999999.000,-9999999.000,0.000,0.000,1.000,0,0,0,28,28,0,0,28,0.0,0.0,0.0,0.0,0.0,1.0,-1
"F[2,2]((AST >= 0.858 -> Temp >= 1.837) & Magnesium <= 34.447)
",0.858,0.858,0.000,0.000,1.000,0,0,0,28,28,0,0,28,0.0,0.0,0.0,0.0,0.0,1.0,-1
"F[1,2](((Alkalinephos <= 7.672 | Temp <= 22.374) & WBC >= 0.802) | EtCO2 <= 10.524)
",-9999999.000,-9999999.000,0.000,0.000,1.000,0,0,0,28,28,0,0,28,0.0,0.0,0.0,0.0,0.0,1.0,-1
"F[0,2](Bilirubin_total >= 0.011 -> Resp <= 32.087)
",-9999999.000,-9999999.000,0.000,0.000,1.000,0,0,0,28,28,0,0,28,0.0,0.0,0.0,0.0,0.0,1.0,-1
"F[1,2]((EtCO2 >= 0.327 | Glucose <= 17.178) -> Glucose >= 8.958)
",-9999999.000,-9999999.000,0.000,0.000,1.000,0,0,0,28,28,0,0,28,0.0,0.0,0.0,0.0,0.0,1.0,-1
"((Temp <= 25.828) U[0,2] (TroponinI >= 0.026))
",-9999999.000,-9999999.000,0.000,0.000,1.000,0,0,0,28,28,0,0,28,0.0,0.0,0.0,0.0,0.0,1.0,-1
"F[0,2](((Hgb <= 6.171 | WBC <= 6.280) -> Magnesium >= 0.307) & pH <= 3.531)
",-9999999.000,-9999999.000,0.000,0.000,1.000,0,0,0,28,28,0,0,28,0.0,0.0,0.0,0.0,0.0,1.0,-1
"F[1,2](Bilirubin_total <= 0.197 | Magnesium <= 0.974)
",-9999999.000,-9999999.000,0.000,0.000,1.000,0,0,0,28,28,0,0,28,0.0,0.0,0.0,0.0,0.0,1.0,-1
"F[1,2]((AST >= 0.411 & Magnesium <= 1.342) & PTT >= 0.014)
",-9999999.000,-9999999.000,0.000,0.000,1.000,0,0,0,28,28,0,0,28,0.0,0.0,0.0,0.0,0.0,1.0,-1
"F[2,2]((Phosphate >= 0.209 & Magnesium > 0.047) -> Calcium < 7.484)
",-8426058945249176.000,-7.484,0.000,0.000,1.000,0,0,0,28,28,0,0,28,0.0,0.0,0.0,0.0,0.0,1.0,-1
"F[0,2](Hgb <= 4.122 | Hct <= 10.688)
",-9999999.000,-9999999.000,0.000,0.000,1.000,0,0,0,28,28,0,0,28,0.0,0.0,0.0,0.0,0.0,1.0,-1
"F[0,2](((Calcium < 2.395 & Potassium < 3.246) & Magnesium < 0.900) & Phosphate < 1.154)
",-9999999.000,-9999999.000,0.000,0.000,1.000,0,0,0,28,28,0,0,28,0.0,0.0,0.0,0.0,0.0,1.0,-1
"((MAP >= 81.141) U[0,2] (SBP <= 178.622))
",-9999999.000,-9999999.000,0.000,0.000,1.000,0,0,0,28,28,0,0,28,0.0,0.0,0.0,0.0,0.0,1.0,-1
"F[2,2]((Phosphate >= 0.125 & Magnesium > 0.017) -> Calcium < 3.460)
",-7791039949003198.000,-3.460,0.000,0.000,1.000,0,0,0,28,28,0,0,28,0.0,0.0,0.0,0.0,0.0,1.0,-1
"F[2,2]((Calcium <= 2.656 & Potassium <= 2.232) & Magnesium >= 0.018)
",-0.018,-0.018,0.000,0.000,1.000,0,0,0,28,28,0,0,28,0.0,0.0,0.0,0.0,0.0,1.0,-1
"F[0,1](((Calcium < 0.855 & Potassium < 0.522) & Magnesium < 2.297) & Phosphate < 4.473)
",-9999999.000,-9999999.000,0.000,0.000,1.000,0,0,0,28,28,0,0,28,0.0,0.0,0.0,0.0,0.0,1.0,-1
"F[1,2](((Calcium < 4.764 & Potassium < 3.826) & Magnesium < 0.991) & Phosphate < 3.788)
",-9999999.000,-9999999.000,0.000,0.000,1.000,0,0,0,28,28,0,0,28,0.0,0.0,0.0,0.0,0.0,1.0,-1
"F[0,1]((Phosphate >= 0.230 & Magnesium > 0.012) -> Calcium < 4.958)
",-9999999.000,-9999999.000,0.000,0.000,1.000,0,0,0,28,28,0,0,28,0.0,0.0,0.0,0.0,0.0,1.0,-1
"((O2Sat >= 0.133) U[0,1] (SepsisLabel = 0.000))
",-9999999.000,-9999999.000,0.000,0.000,1.000,0,0,0,28,28,0,0,28,0.0,0.0,0.0,0.0,0.0,1.0,-1
"F[0,1](HCO3 >= 0.000 -> SepsisLabel = 0.000)
",-9999999.000,-9999999.000,0.000,0.000,1.000,0,0,0,28,28,0,0,28,0.0,0.0,0.0,0.0,0.0,1.0,-1
"((Hgb < 6.554) U[0,1] (SepsisLabel = 0.000))
",-9999999.000,-9999999.000,0.000,0.000,1.000,0,0,0,28,28,0,0,28,0.0,0.0,0.0,0.0,0.0,1.0,-1
"((FiO2 <= 0.111) U[0,1] (SepsisLabel = 0.000))
",-9999999.000,-9999999.000,0.000,0.000,1.000,0,0,0,28,28,0,0,28,0.0,0.0,0.0,0.0,0.0,1.0,-1
"F[0,1](AST <= 11.883 & SepsisLabel = 0.000)
",-9999999.000,-9999999.000,0.000,0.000,1.000,0,0,0,28,28,0,0,28,0.0,0.0,0.0,0.0,0.0,1.0,-1
"F[0,2](PaCO2 >= 0.037 & SepsisLabel = 0.000)
",-9999999.000,-9999999.000,0.000,0.000,1.000,0,0,0,28,28,0,0,28,0.0,0.0,0.0,0.0,0.0,1.0,-1
"((pH <= 0.929) U[1,2] (SepsisLabel = 0.000))
",-9999999.000,-9999999.000,0.000,0.000,1.000,0,0,0,28,28,0,0,28,0.0,0.0,0.0,0.0,0.0,1.0,-1
"((SepsisLabel >= 0.000) U[1,2] (SepsisLabel = 0.000))
",-9999999.000,-9999999.000,0.000,0.000,1.000,0,0,0,28,28,0,0,28,0.0,0.0,0.0,0.0,0.0,1.0,-1
"F[0,1](Hgb <= 6.522 | Hct <= 23.773)
",-9999999.000,-9999999.000,0.000,0.000,1.000,0,0,0,28,28,0,0,28,0.0,0.0,0.0,0.0,0.0,1.0,-1
"F[1,2](((Platelets <= 74.405 -> HR <= 83.865) | Resp >= 25.355) | Chloride <= 81.442)
",-9999999.000,-9999999.000,0.000,0.000,1.000,0,0,0,28,28,0,0,28,0.0,0.0,0.0,0.0,0.0,1.0,-1
"F[0,0](((pH <= 3.731 -> Platelets >= 2.983) & Resp >= 5.288) | Bilirubin_direct <= 120.317)
",160.642,120.106,0.000,0.000,1.000,0,0,0,28,28,0,0,28,0.0,0.0,0.0,0.0,0.0,1.0,-1
"F[1,2]((Resp >= 5.417 -> BaseExcess <= 0.000) & Bilirubin_total <= 0.000)
",-9999999.000,-9999999.000,0.000,0.000,1.000,0,0,0,28,28,0,0,28,0.0,0.0,0.0,0.0,0.0,1.0,-1
"G[0,2](((PaCO2 >= 0.272 | Temp >= 4.739) -> FiO2 >= 4.983) -> SBP <= 12.652)
",9999999.000,9999999.000,0.000,1.000,0.000,0,0,1,27,27,1,1,27,0.0,0.0,1.0,0.0,0.0,1.0,1
"G[0,2]((Bilirubin_total >= 0.016 | HR <= 87.229) -> AST <= 87.822)
",9999999.000,9999999.000,0.000,1.000,0.000,0,0,28,0,0,28,28,0,0.0,0.0,1.0,0.0,0.0,1.0,1
"G[2,2](((Glucose <= 78.170 -> O2Sat >= 3.590) | Bilirubin_total <= 95.163) & HR <= 97.799)
",6696524531692908.000,95.163,0.000,1.000,0.000,0,0,28,0,0,28,28,0,0.0,0.0,1.0,0.0,0.0,1.0,1
"G[1,2](((Chloride <= 95.633 & Potassium <= 3.185) -> Calcium >= 0.192) | Chloride >= 0.198)
",9999999.000,9999999.000,0.000,1.000,0.000,0,0,3,25,25,3,3,25,0.0,0.0,1.0,0.0,0.0,1.0,1
"G[0,2](((Magnesium >= 0.009 -> Temp >= 2.241) & EtCO2 <= 14.078) & Magnesium <= 23.877)
",9999999.000,9999999.000,0.000,1.000,0.000,0,0,25,3,3,25,25,3,0.0,0.0,1.0,0.0,0.0,1.0,1
"G[2,2](((DBP <= 64.417 | Temp <= 18.811) -> BUN >= 5.039) -> AST >= 4.221)
",4751998399884443.000,4.221,0.000,1.000,0.000,0,0,28,0,0,28,28,0,0.0,0.0,1.0,0.0,0.0,1.0,1
"G[0,2](Platelets <= 129.285 -> WBC >= 0.113)
",9999999.000,9999999.000,0.000,1.000,0.000,0,0,0,28,28,0,0,28,0.0,0.0,0.0,0.0,0.0,1.0,1
"G[0,2]((Phosphate >= 0.152 | Temp <= 20.474) -> Platelets >= 1.806)
",9999999.000,9999999.000,0.000,1.000,0.000,0,0,1,27,27,1,1,27,0.0,0.0,1.0,0.0,0.0,1.0,1
"G[0,2](((Temp >= 2.695 | WBC <= 10.981) & Alkalinephos >= 0.031) & Lactate <= 1.841)
",9999999.000,9999999.000,0.000,1.000,0.000,0,0,0,28,28,0,0,28,0.0,0.0,0.0,0.0,0.0,1.0,1
"G[1,2]((DBP >= 24.165 -> TroponinI <= 0.328) | Phosphate <= 0.200)
",9999999.000,9999999.000,0.000,1.000,0.000,0,0,28,0,0,28,28,0,0.0,0.0,1.0,0.0,0.0,1.0,1
"G[1,2]((MAP >= 52.212 | TroponinI <= 0.286) | BUN <= 0.297)
",9999999.000,9999999.000,0.000,1.000,0.000,0,0,28,0,0,28,28,0,0.0,0.0,1.0,0.0,0.0,1.0,1
"G[1,2](((Resp <= 23.239 & TroponinI <= 0.473) | BUN >= 0.024) & DBP >= 0.013)
",9999999.000,9999999.000,0.000,1.000,0.000,0,0,20,8,8,20,20,8,0.0,0.0,1.0,0.0,0.0,1.0,1
"G[0,2](((Glucose >= 2.723 -> pH <= 2.072) & Hct <= 1.992) -> Chloride >= 0.033)
",9999999.000,9999999.000,0.000,1.000,0.000,0,0,0,28,28,0,0,28,0.0,0.0,0.0,0.0,0.0,1.0,1
"G[0,1]((Chloride >= 1.788 -> SBP >= 21.933) & HCO3 >= 101.345)
",9999999.000,9999999.000,0.000,1.000,0.000,0,0,0,28,28,0,0,28,0.0,0.0,0.0,0.0,0.0,1.0,1
"G[0,2](((AST >= 0.234 & TroponinI <= 0.157) & Magnesium >= 0.020) | SaO2 >= 0.005)
",9999999.000,9999999.000,0.000,1.000,0.000,0,0,0,28,28,0,0,28,0.0,0.0,0.0,0.0,0.0,1.0,1
"G[2,2]((HR <= 85.889 | Temp >= 1.932) | HR >= 2.092)
",6043928798752755.000,85.889,0.000,1.000,0.000,0,0,28,0,0,28,28,0,0.0,0.0,1.0,0.0,0.0,1.0,1
"G[1,2]((EtCO2 <= 3.261 | WBC >= 0.028) & MAP <= 8.902)
",9999999.000,9999999.000,0.000,1.000,0.000,0,0,2,26,26,2,2,26,0.0,0.0,1.0,0.0,0.0,1.0,1
"G[1,2](((Calcium >= 0.148 -> Creatinine <= 1.411) | AST <= 0.278) & Fibrinogen >= 0.053)
",9999999.000,9999999.000,0.000,1.000,0.000,0,0,1,27,27,1,1,27,0.0,0.0,1.0,0.0,0.0,1.0,1
"G[0,1]((Calcium >= 0.445 & Hct >= 0.408) & SaO2 >= 0.005)
",9999999.000,9999999.000,0.000,1.000,0.000,0,0,0,28,28,0,0,28,0.0,0.0,0.0,0.0,0.0,1.0,1
"G[1,2](Chloride >= 0.458 & HCO3 >= 0.000)
",9999999.000,9999999.000,0.000,1.000,0.000,0,0,2,26,26,2,2,26,0.0,0.0,1.0,0.0,0.0,1.0,1
"G[1,2](BUN <= 40.973 & Creatinine >= 0.119)
",9999999.000,9999999.000,0.000,1.000,0.000,0,0,1,27,27,1,1,27,0.0,0.0,1.0,0.0,0.0,1.0,1
"G[0,2](Platelets <= 37.728 -> WBC >= 0.651)
",9999999.000,9999999.000,0.000,1.000,0.000,0,0,0,28,28,0,0,28,0.0,0.0,0.0,0.0,0.0,1.0,1
"G[0,1](Chloride >= 0.969 & HCO3 >= 0.000)
",9999999.000,9999999.000,0.000,1.000,0.000,0,0,0,28,28,0,0,28,0.0,0.0,0.0,0.0,0.0,1.0,1
"G[0,1](BUN <= 8.702 & Creatinine >= 0.027)
",9999999.000,9999999.000,0.000,1.000,0.000,0,0,0,28,28,0,0,28,0.0,0.0,0.0,0.0,0.0,1.0,1
"G[0,2](((Hgb <= 6.986 | Hct <= 5.292) -> WBC >= 0.099) & Platelets >= 3.932)
",9999999.000,9999999.000,0.000,1.000,0.000,0,0,0,28,28,0,0,28,0.0,0.0,0.0,0.0,0.0,1.0,1
"G[1,2](((HR >= 1.572 | Magnesium >= 0.003) & Phosphate <= 2.208) & Lactate <= 1.882)
",9999999.000,9999999.000,0.000,1.000,0.000,0,0,26,2,2,26,26,2,0.0,0.0,1.0,0.0,0.0,1.0,1
"G[1,2]((EtCO2 <= 1.773 -> HR >= 66.561) | Creatinine <= 88.417)
",9999999.000,9999999.000,0.000,1.000,0.000,0,0,28,0,0,28,28,0,0.0,0.0,1.0,0.0,0.0,1.0,1
"G[1,2](Chloride >= 1.421 & HCO3 >= 0.000)
",9999999.000,9999999.000,0.000,1.000,0.000,0,0,2,26,26,2,2,26,0.0,0.0,1.0,0.0,0.0,1.0,1
"G[0,1](Hct <= 3.558 -> Hgb >= 0.277)
",9999999.000,9999999.000,0.000,1.000,0.000,0,0,0,28,28,0,0,28,0.0,0.0,0.0,0.0,0.0,1.0,1
"G[0,2](((Alkalinephos >= 0.020 | WBC <= 4.323) & WBC <= 8.108) & HCO3 >= 0.067)
",9999999.000,9999999.000,0.000,1.000,0.000,0,0,0,28,28,0,0,28,0.0,0.0,0.0,0.0,0.0,1.0,1
"G[0,2](((Bilirubin_total >= 0.009 & BUN <= 8.663) & Hgb <= 49.645) & AST <= 48.268)
",9999999.000,9999999.000,0.000,1.000,0.000,0,0,0,28,28,0,0,28,0.0,0.0,0.0,0.0,0.0,1.0,1
"G[1,2](Bilirubin_total >= 0.000 -> Platelets <= 119.273)
",9999999.000,9999999.000,0.000,1.000,0.000,0,0,27,1,1,27,27,1,0.0,0.0,1.0,0.0,0.0,1.0,1
"G[1,2](((Alkalinephos <= 19.483 -> BUN <= 52.814) & Hgb >= 1.930) -> Magnesium <= 25.430)
",9999999.000,9999999.000,0.000,1.000,0.000,0,0,28,0,0,28,28,0,0.0,0.0,1.0,0.0,0.0,1.0,1
"G[1,2](Alkalinephos >= 0.799 | Potassium <= 1.825)
",9999999.000,9999999.000,0.000,1.000,0.000,0,0,27,1,1,27,27,1,0.0,0.0,1.0,0.0,0.0,1.0,1
"G[0,2]((AST <= 9.612 -> BUN <= 36.664) & SaO2 >= 2.101)
",9999999.000,9999999.000,0.000,1.000,0.000,0,0,0,28,28,0,0,28,0.0,0.0,0.0,0.0,0.0,1.0,1
"G[0,1]((Bilirubin_total <= 0.201 & Creatinine <= 2.152) & PTT >= 0.026)
",9999999.000,9999999.000,0.000,1.000,0.000,0,0,0,28,28,0,0,28,0.0,0.0,0.0,0.0,0.0,1.0,1
"G[0,2](((Platelets <= 104.397 -> Potassium <= 0.361) | Alkalinephos >= 0.194) & HR <= 0.421)
",9999999.000,9999999.000,0.000,1.000,0.000,0,0,0,28,28,0,0,28,0.0,0.0,0.0,0.0,0.0,1.0,1
"G[2,2](BUN >= 1.262 -> Potassium <= 0.408)
",-3674727398741706.500,-0.408,0.000,1.000,0.000,0,0,28,0,0,28,28,0,0.0,0.0,1.0,0.0,0.0,1.0,1
"G[1,2](((Calcium >= 0.254 -> Hgb >= 0.239) & Phosphate <= 4.354) & WBC <= 1.196)
",9999999.000,9999999.000,0.000,1.000,0.000,0,0,26,2,2,26,26,2,0.0,0.0,1.0,0.0,0.0,1.0,1
"G[0,1](Hgb >= 0.494 & Platelets <= 144.840)
",9999999.000,9999999.000,0.000,1.000,0.000,0,0,0,28,28,0,0,28,0.0,0.0,0.0,0.0,0.0,1.0,1
"G[1,2]((Calcium >= 0.235 | Potassium <= 2.644) | HCO3 >= 0.231)
",9999999.000,9999999.000,0.000,1.000,0.000,0,0,28,0,0,28,28,0,0.0,0.0,1.0,0.0,0.0,1.0,1
"G[1,2]((Hct <= 11.414 | O2Sat <= 96.519) & HR <= 98.329)
",9999999.000,9999999.000,0.000,1.000,0.000,0,0,27,1,1,27,27,1,0.0,0.0,1.0,0.0,0.0,1.0,1
"G[0,1](((MAP >= 5.375 | SBP <= 158.686) & PTT >= 7.929) | WBC >= 121.775)
",9999999.000,9999999.000,0.000,1.000,0.000,0,0,0,28,28,0,0,28,0.0,0.0,0.0,0.0,0.0,1.0,1
"G[1,2]((Alkalinephos <= 39.476 -> Magnesium <= 1.263) | Alkalinephos <= 1.655)
",9999999.000,9999999.000,0.000,1.000,0.000,0,0,27,1,1,27,27,1,0.0,0.0,1.0,0.0,0.0,1.0,1
"G[0,2](((Calcium >= 0.004 -> Magnesium <= 1.200) -> HR <= 1.349) -> FiO2 <= 0.595)
",9999999.000,9999999.000,0.000,1.000,0.000,0,0,28,0,0,28,28,0,0.0,0.0,1.0,0.0,0.0,1.0,1
"G[0,2](((Alkalinephos <= 32.762 -> Creatinine <= 1.662) & PTT <= 2.465) | HR <= 1.191)
",9999999.000,9999999.000,0.000,1.000,0.000,0,0,27,1,1,27,27,1,0.0,0.0,1.0,0.0,0.0,1.0,1
"G[0,2]((Hct >= 0.362 -> Magnesium <= 1.991) -> WBC <= 0.294)
",9999999.000,9999999.000,0.000,1.000,0.000,0,0,27,1,1,27,27,1,0.0,0.0,1.0,0.0,0.0,1.0,1
"G[2,2]((BUN <= 38.431 -> Glucose <= 79.168) & Alkalinephos >= 12.629)
",-79.168,-79.168,0.000,1.000,0.000,0,0,28,0,0,28,28,0,0.0,0.0,1.0,0.0,0.0,1.0,1
"G[1,2]((pH <= 5.431 | Potassium >= 0.068) | Lactate >= 0.211)
",9999999.000,9999999.000,0.000,1.000,0.000,0,0,28,0,0,28,28,0,0.0,0.0,1.0,0.0,0.0,1.0,1
"G[0,1]((Alkalinephos >= 1.229 & O2Sat <= 96.498) | TroponinI >= 47.106)
",9999999.000,9999999.000,0.000,1.000,0.000,0,0,0,28,28,0,0,28,0.0,0.0,0.0,0.0,0.0,1.0,1
"G[0,1](Calcium >= 0.331 | PaCO2 >= 0.105)
",9999999.000,9999999.000,0.000,1.000,0.000,0,0,0,28,28,0,0,28,0.0,0.0,0.0,0.0,0.0,1.0,1
"G[0,2](((Calcium >= 0.004 | pH <= 2.055) | Temp >= 0.029) -> Hct >= 0.030)
",9999999.000,9999999.000,0.000,1.000,0.000,0,0,0,28,28,0,0,28,0.0,0.0,0.0,0.0,0.0,1.0,1
"G[0,2](O2Sat >= 34.014 -> Phosphate >= 0.019)
",9999999.000,9999999.000,0.000,1.000,0.000,0,0,1,27,27,1,1,27,0.0,0.0,1.0,0.0,0.0,1.0,1
"G[0,2](Platelets <= 57.030 -> WBC >= 0.021)
",9999999.000,9999999.000,0.000,1.000,0.000,0,0,0,28,28,0,0,28,0.0,0.0,0.0,0.0,0.0,1.0,1
"G[1,2](BUN <= 22.675 & Creatinine >= 0.011)
",9999999.000,9999999.000,0.000,1.000,0.000,0,0,1,27,27,1,1,27,0.0,0.0,1.0,0.0,0.0,1.0,1
"G[2,2]((Bilirubin_total >= 0.015 & WBC <= 4.434) & SepsisLabel <= 11.327)
",-0.015,-0.015,0.000,1.000,0.000,0,0,28,0,0,28,28,0,0.0,0.0,1.0,0.0,0.0,1.0,1
"G[0,2](EtCO2 <= 6.205 -> Phosphate <= 2.201)
",9999999.000,9999999.000,0.000,1.000,0.000,0,0,25,3,3,25,25,3,0.0,0.0,1.0,0.0,0.0,1.0,1
"G[2,2](Lactate > 0.013 -> SepsisLabel = 0.000)
",0.000,0.000,0.000,1.000,0.000,0,0,28,0,0,28,28,0,0.0,0.0,1.0,0.0,0.0,1.0,1
"G[1,2](HCO3 <= 0.000 & SepsisLabel = 0.000)
",9999999.000,9999999.000,0.000,1.000,0.000,0,0,28,0,0,28,28,0,0.0,0.0,1.0,0.0,0.0,1.0,1
"G[0,2](BUN <= 18.457 & Creatinine >= 0.117)
",9999999.000,9999999.000,0.000,1.000,0.000,0,0,0,28,28,0,0,28,0.0,0.0,0.0,0.0,0.0,1.0,1
"G[0,1](((Hgb <= 4.603 | Hct <= 23.660) -> WBC >= 0.435) & Platelets >= 7.482)
",9999999.000,9999999.000,0.000,1.000,0.000,0,0,0,28,28,0,0,28,0.0,0.0,0.0,0.0,0.0,1.0,1
"G[0,1](Chloride >= 1.204 & HCO3 >= 0.000)
",9999999.000,9999999.000,0.000,1.000,0.000,0,0,0,28,28,0,0,28,0.0,0.0,0.0,0.0,0.0,1.0,1
"G[2,2](BUN <= 21.275 & Creatinine >= 0.091)
",-6562581396271716.000,-0.091,0.000,1.000,0.000,0,0,28,0,0,28,28,0,0.0,0.0,1.0,0.0,0.0,1.0,1
"G[0,1](((Hgb <= 8.064 | Hct <= 20.494) -> WBC >= 0.476) & Platelets >= 6.032)
",9999999.000,9999999.000,0.000,1.000,0.000,0,0,0,28,28,0,0,28,0.0,0.0,0.0,0.0,0.0,1.0,1
"G[0,2](Chloride >= 0.504 & HCO3 >= 0.000)
",9999999.000,9999999.000,0.000,1.000,0.000,0,0,0,28,28,0,0,28,0.0,0.0,0.0,0.0,0.0,1.0,1
"G[1,2](BUN <= 54.305 & Creatinine >= 0.020)
",9999999.000,9999999.000,0.000,1.000,0.000,0,0,1,27,27,1,1,27,0.0,0.0,1.0,0.0,0.0,1.0,1
"G[0,1](((Hgb <= 3.751 | Hct <= 9.143) -> WBC >= 0.519) & Platelets >= 4.205)
",9999999.000,9999999.000,0.000,1.000,0.000,0,0,0,28,28,0,0,28,0.0,0.0,0.0,0.0,0.0,1.0,1
"G[0,2](Temp > 3.931 & SepsisLabel = 0.000)
",9999999.000,9999999.000,0.000,1.000,0.000,0,0,0,28,28,0,0,28,0.0,0.0,0.0,0.0,0.0,1.0,1
"G[0,1]((MAP >= 48.890 & Temp >= 3.478) & pH >= 3.500)
",9999999.000,9999999.000,0.000,1.000,0.000,0,0,0,28,28,0,0,28,0.0,0.0,0.0,0.0,0.0,1.0,1
"G[2,2](Chloride >= 0.043 & HCO3 >= 0.000)
",-0.043,-0.043,0.000,1.000,0.000,0,0,28,0,0,28,28,0,0.0,0.0,1.0,0.0,0.0,1.0,1
"G[0,2](FiO2 >= 0.001 -> Resp <= 23.091)
",9999999.000,9999999.000,0.000,1.000,0.000,0,0,28,0,0,28,28,0,0.0,0.0,1.0,0.0,0.0,1.0,1
"G[2,2]((SaO2 <= 0.000 -> AST <= 8.283) -> BaseExcess <= 12.868)
",-7243980526356932.000,-12.868,0.000,1.000,0.000,0,0,28,0,0,28,28,0,0.0,0.0,1.0,0.0,0.0,1.0,1
"G[0,2](FiO2 >= 0.005 | Glucose >= 13.977)
",9999999.000,9999999.000,0.000,1.000,0.000,0,0,0,28,28,0,0,28,0.0,0.0,0.0,0.0,0.0,1.0,1
"G[0,2]((Hct >= 0.999 & Lactate >= 0.004) & MAP <= 0.050)
",9999999.000,9999999.000,0.000,1.000,0.000,0,0,0,28,28,0,0,28,0.0,0.0,0.0,0.0,0.0,1.0,1
"G[2,2]((WBC <= 7.047 -> Bilirubin_total <= 0.038) & Hct <= 0.079)
",-7934068465290370.000,-7.047,0.000,1.000,0.000,0,0,28,0,0,28,28,0,0.0,0.0,1.0,0.0,0.0,1.0,1
"G[1,2](((pH >= 0.109 | Bilirubin_direct <= 0.000) -> Hgb >= 0.000) -> Hgb <= 0.000)
",9999999.000,9999999.000,0.000,1.000,0.000,0,0,27,1,1,27,27,1,0.0,0.0,1.0,0.0,0.0,1.0,1
"G[0,2](((FiO2 >= 0.004 | Hgb >= 0.161) | Potassium >= 0.364) -> FiO2 <= 3.849)
",9999999.000,9999999.000,0.000,1.000,0.000,0,0,28,0,0,28,28,0,0.0,0.0,1.0,0.0,0.0,1.0,1
"G[2,2]((Hct >= 1.334 & AST <= 24.115) -> Chloride >= 0.940)
",4231750532632908.000,0.940,0.000,1.000,0.000,0,0,28,0,0,28,28,0,0.0,0.0,1.0,0.0,0.0,1.0,1
"G[2,2]((Creatinine >= 0.079 | PaCO2 <= 21.374) & Fibrinogen <= 3.806)
",8571278959766526.000,3.806,0.000,1.000,0.000,0,0,28,0,0,28,28,0,0.0,0.0,1.0,0.0,0.0,1.0,1
"G[0,2]((Bilirubin_total >= 0.004 | MAP <= 84.375) & Potassium <= 108.793)
",9999999.000,9999999.000,0.000,1.000,0.000,0,0,5,23,23,5,5,23,0.0,0.0,1.0,0.0,0.0,1.0,1
"G[0,1](((Temp <= 28.728 -> Resp <= 28.926) & PaCO2 >= 14.699) | Hct >= 2.201)
",9999999.000,9999999.000,0.000,1.000,0.000,0,0,0,28,28,0,0,28,0.0,0.0,0.0,0.0,0.0,1.0,1
"G[1,2](BaseExcess >= 0.000 & SepsisLabel = 0.000)
",9999999.000,9999999.000,0.000,1.000,0.000,0,0,28,0,0,28,28,0,0.0,0.0,1.0,0.0,0.0,1.0,1
"G[1,2](TroponinI < 0.257 & SepsisLabel = 0.000)
",9999999.000,9999999.000,0.000,1.000,0.000,0,0,26,2,2,26,26,2,0.0,0.0,1.0,0.0,0.0,1.0,1
"G[0,1](((Hgb <= 5.021 | Hct <= 17.806) -> WBC >= 0.141) & Platelets >= 3.983)
",9999999.000,9999999.000,0.000,1.000,0.000,0,0,0,28,28,0,0,28,0.0,0.0,0.0,0.0,0.0,1.0,1
"G[2,2](((Hgb <= 4.977 | Hct <= 13.212) -> WBC >= 0.504) & Platelets >= 1.259)
",-7437562311715038.000,-13.212,0.000,1.000,0.000,0,0,28,0,0,28,28,0,0.0,0.0,1.0,0.0,0.0,1.0,1
"G[0,1](((Hgb <= 5.853 | Hct <= 18.460) -> WBC >= 0.503) & Platelets >= 0.236)
",9999999.000,9999999.000,0.000,1.000,0.000,0,0,0,28,28,0,0,28,0.0,0.0,0.0,0.0,0.0,1.0,1
"G[0,2](Platelets <= 31.510 -> WBC >= 0.620)
",9999999.000,9999999.000,0.000,1.000,0.000,0,0,0,28,28,0,0,28,0.0,0.0,0.0,0.0,0.0,1.0,1
"G[0,2](BUN <= 15.118 & Creatinine >= 0.045)
",9999999.000,9999999.000,0.000,1.000,0.000,0,0,0,28,28,0,0,28,0.0,0.0,0.0,0.0,0.0,1.0,1
"G[1,2](((Hgb <= 4.360 | Hct <= 4.846) -> WBC >= 0.154) & Platelets >= 8.033)
",9999999.000,9999999.000,0.000,1.000,0.000,0,0,2,26,26,2,2,26,0.0,0.0,1.0,0.0,0.0,1.0,1
"G[1,2](Platelets <= 120.667 -> WBC >= 0.614)
",9999999.000,9999999.000,0.000,1.000,0.000,0,0,2,26,26,2,2,26,0.0,0.0,1.0,0.0,0.0,1.0,1
"G[0,1](Chloride >= 1.886 & HCO3 >= 0.000)
",9999999.000,9999999.000,0.000,1.000,0.000,0,0,0,28,28,0,0,28,0.0,0.0,0.0,0.0,0.0,1.0,1
"G[1,1](BUN <= 24.454 & Creatinine >= 0.001)
",-0.001,-0.001,0.000,1.000,0.000,0,0,1,27,27,1,1,27,0.0,0.0,1.0,0.0,0.0,1.0,1
"G[0,2](((Hgb <= 5.520 | Hct <= 3.137) -> WBC >= 0.640) & Platelets >= 3.085)
",9999999.000,9999999.000,0.000,1.000,0.000,0,0,0,28,28,0,0,28,0.0,0.0,0.0,0.0,0.0,1.0,1
"G[0,2](Platelets <= 88.483 -> WBC >= 0.136)
",9999999.000,9999999.000,0.000,1.000,0.000,0,0,0,28,28,0,0,28,0.0,0.0,0.0,0.0,0.0,1.0,1
"G[0,1](Chloride >= 0.954 & HCO3 >= 0.000)
",9999999.000,9999999.000,0.000,1.000,0.000,0,0,0,28,28,0,0,28,0.0,0.0,0.0,0.0,0.0,1.0,1
"G[2,2](BUN <= 31.808 & Creatinine >= 0.135)
",-0.135,-0.135,0.000,1.000,0.000,0,0,28,0,0,28,28,0,0.0,0.0,1.0,0.0,0.0,1.0,1
"G[0,1](Chloride >= 0.327 & HCO3 >= 0.000)
",9999999.000,9999999.000,0.000,1.000,0.000,0,0,0,28,28,0,0,28,0.0,0.0,0.0,0.0,0.0,1.0,1
"G[2,2](Hgb <= 1.846 -> SepsisLabel = 0.000)
",-8314053943183042.000,-1.846,0.000,1.000,0.000,0,0,28,0,0,28,28,0,0.0,0.0,1.0,0.0,0.0,1.0,1
"G[2,2]((Creatinine <= 1.402 -> Hct >= 1.052) & HR <= 14.778)
",-6312139510128941.000,-1.402,0.000,1.000,0.000,0,0,28,0,0,28,28,0,0.0,0.0,1.0,0.0,0.0,1.0,1
"G[0,0](BUN <= 39.315 & Creatinine >= 0.067)
",0.187,1.391,0.000,1.000,0.000,0,0,0,28,28,0,0,28,0.0,0.0,0.0,0.0,0.0,1.0,1
"G[1,2](Platelets <= 92.819 -> WBC >= 0.307)
",9999999.000,9999999.000,0.000,1.000,0.000,0,0,2,26,26,2,2,26,0.0,0.0,1.0,0.0,0.0,1.0,1
"G[1,2](((Phosphate >= 0.284 | WBC >= 0.321) & Calcium <= 9.367) | Calcium <= 2.134)
",9999999.000,9999999.000,0.000,1.000,0.000,0,0,28,0,0,28,28,0,0.0,0.0,1.0,0.0,0.0,1.0,1
"G[2,2]((Lactate >= 0.010 -> pH <= 6.387) | WBC <= 7.253)
",8166293123151560.000,7.253,0.000,1.000,0.000,0,0,28,0,0,28,28,0,0.0,0.0,1.0,0.0,0.0,1.0,1
"G[1,2](Resp >= 14.990 -> SepsisLabel = 0.000)
",9999999.000,9999999.000,0.000,1.000,0.000,0,0,28,0,0,28,28,0,0.0,0.0,1.0,0.0,0.0,1.0,1
"G[0,2](HCO3 > 0.000 -> SepsisLabel = 0.000)
",9999999.000,9999999.000,0.000,1.000,0.000,0,0,28,0,0,28,28,0,0.0,0.0,1.0,0.0,0.0,1.0,1
"G[1,2](SaO2 <= 0.000 -> SepsisLabel = 0.000)
",9999999.000,9999999.000,0.000,1.000,0.000,0,0,28,0,0,28,28,0,0.0,0.0,1.0,0.0,0.0,1.0,1
"G[0,0](Bilirubin_direct < 0.000 & SepsisLabel = 0.000)
",-0.283,-11.370,0.000,1.000,0.000,0,0,0,28,28,0,0,28,0.0,0.0,0.0,0.0,0.0,1.0,1
"G[0,1](PTT > 0.000 & SepsisLabel = 0.000)
",9999999.000,9999999.000,0.000,1.000,0.000,0,0,0,28,28,0,0,28,0.0,0.0,0.0,0.0,0.0,1.0,1
"G[1,2](Bilirubin_total <= 0.340 -> SepsisLabel = 0.000)
",9999999.000,9999999.000,0.000,1.000,0.000,0,0,28,0,0,28,28,0,0.0,0.0,1.0,0.0,0.0,1.0,1
"G[1,2]((Alkalinephos <= 33.828 & Calcium <= 6.354) | Creatinine <= 4.535)
",9999999.000,9999999.000,0.000,1.000,0.000,0,0,28,0,0,28,28,0,0.0,0.0,1.0,0.0,0.0,1.0,1
"G[0,2]((Bilirubin_total >= 0.015 | Calcium <= 0.685) & FiO2 <= 2.989)
",9999999.000,9999999.000,0.000,1.000,0.000,0,0,26,2,2,26,26,2,0.0,0.0,1.0,0.0,0.0,1.0,1
"((Bilirubin_direct <= 0.000) U[2,2] (SepsisLabel >= 0.000))
",0.000,0.000,0.000,0.000,1.000,0,0,0,28,28,0,0,28,0.0,0.0,0.0,0.0,0.0,1.0,-1
"F[2,2](Calcium >= 0.017 -> Resp <= 33.959)
",-4779336959381228.000,-33.959,0.000,0.000,1.000,0,0,0,28,28,0,0,28,0.0,0.0,0.0,0.0,0.0,1.0,-1
"F[0,2](((Chloride >= 0.207 | O2Sat >= 28.664) & HR <= 98.556) & Hct >= 54.357)
",-9999999.000,-9999999.000,0.000,0.000,1.000,0,0,0,28,28,0,0,28,0.0,0.0,0.0,0.0,0.0,1.0,-1
"F[0,2]((HR >= 72.061 | pH <= 0.465) -> SaO2 >= 0.128)
",-9999999.000,-9999999.000,0.000,0.000,1.000,0,0,0,28,28,0,0,28,0.0,0.0,0.0,0.0,0.0,1.0,-1
"((HR <= 84.408) U[0,2] (PaCO2 <= 5.642))
",-9999999.000,-9999999.000,0.000,0.000,1.000,0,0,0,28,28,0,0,28,0.0,0.0,0.0,0.0,0.0,1.0,-1
"F[1,2](((Magnesium >= 0.083 | pH <= 1.821) | Magnesium >= 0.039) | Bilirubin_direct >= 0.001)
",-9999999.000,-9999999.000,0.000,0.000,1.000,0,0,0,28,28,0,0,28,0.0,0.0,0.0,0.0,0.0,1.0,-1
"F[1,1]((Hgb >= 0.446 -> Resp <= 29.342) & EtCO2 <= 27.396)
",-29.342,-29.342,0.000,0.000,1.000,0,0,0,28,28,0,0,28,0.0,0.0,0.0,0.0,0.0,1.0,-1
"F[1,1](Bilirubin_total >= 0.014 -> EtCO2 <= 6.300)
",-6.300,-6.300,0.000,0.000,1.000,0,0,0,28,28,0,0,28,0.0,0.0,0.0,0.0,0.0,1.0,-1
"F[1,2](Alkalinephos <= 23.164 -> EtCO2 <= 8.681)
",-9999999.000,-9999999.000,0.000,0.000,1.000,0,0,0,28,28,0,0,28,0.0,0.0,0.0,0.0,0.0,1.0,-1
"F[1,1]((AST <= 16.333 | EtCO2 <= 0.574) & Phosphate <= 8.890)
",8.890,8.890,0.000,0.000,1.000,0,0,0,28,28,0,0,28,0.0,0.0,0.0,0.0,0.0,1.0,-1
"F[0,1]((FiO2 >= 0.007 & Hgb <= 0.708) -> HCO3 >= 0.162)
",-9999999.000,-9999999.000,0.000,0.000,1.000,0,0,0,28,28,0,0,28,0.0,0.0,0.0,0.0,0.0,1.0,-1
"((SBP >= 64.182) U[2,2] (WBC <= 11.707))
",6590671969340972.000,11.707,0.000,0.000,1.000,0,0,0,28,28,0,0,28,0.0,0.0,0.0,0.0,0.0,1.0,-1
"((Potassium >= 0.158) U[0,2] (Resp <= 25.772))
",-9999999.000,-9999999.000,0.000,0.000,1.000,0,0,0,28,28,0,0,28,0.0,0.0,0.0,0.0,0.0,1.0,-1
"F[0,2]((Resp <= 20.709 -> WBC <= 12.250) -> Hgb <= 3.861)
",-9999999.000,-9999999.000,0.000,0.000,1.000,0,0,0,28,28,0,0,28,0.0,0.0,0.0,0.0,0.0,1.0,-1
"F[0,1](((Bilirubin_total <= 0.400 & pH <= 3.522) | Resp <= 6.623) | AST >= 0.112)
",-9999999.000,-9999999.000,0.000,0.000,1.000,0,0,0,28,28,0,0,28,0.0,0.0,0.0,0.0,0.0,1.0,-1
"F[0,2]((Creatinine <= 2.667 -> Resp >= 12.317) | Lactate >= 8.881)
",-9999999.000,-9999999.000,0.000,0.000,1.000,0,0,0,28,28,0,0,28,0.0,0.0,0.0,0.0,0.0,1.0,-1
"F[1,1](((Creatinine <= 1.204 & EtCO2 >= 0.131) | Magnesium >= 0.011) -> DBP >= 0.099)
",3264991255237066.500,0.011,0.000,0.000,1.000,0,0,0,28,28,0,0,28,0.0,0.0,0.0,0.0,0.0,1.0,-1
"F[1,1](((BUN <= 6.669 -> EtCO2 >= 0.131) & Bilirubin_direct <= 5.173) -> Resp >= 0.126)
",4550462879730268.000,0.126,0.000,0.000,1.000,0,0,0,28,28,0,0,28,0.0,0.0,0.0,0.0,0.0,1.0,-1
"F[0,1](((EtCO2 >= 0.314 -> Hct >= 0.845) | Alkalinephos <= 20.071) | Temp <= 18.762)
",-9999999.000,-9999999.000,0.000,0.000,1.000,0,0,0,28,28,0,0,28,0.0,0.0,0.0,0.0,0.0,1.0,-1
"F[0,1](((Platelets >= 7.890 & Resp >= 5.804) | Fibrinogen >= 12.671) | Lactate <= 19.950)
",-9999999.000,-9999999.000,0.000,0.000,1.000,0,0,0,28,28,0,0,28,0.0,0.0,0.0,0.0,0.0,1.0,-1
"((Creatinine >= 0.035) U[0,2] (SBP <= 168.607))
",-9999999.000,-9999999.000,0.000,0.000,1.000,0,0,0,28,28,0,0,28,0.0,0.0,0.0,0.0,0.0,1.0,-1
"F[1,2]((MAP >= 72.117 -> Potassium >= 0.287) -> TroponinI <= 2.209)
",-9999999.000,-9999999.000,0.000,0.000,1.000,0,0,0,28,28,0,0,28,0.0,0.0,0.0,0.0,0.0,1.0,-1
"F[0,2](Hgb <= 1.888 | Hct <= 18.578)
",-9999999.000,-9999999.000,0.000,0.000,1.000,0,0,0,28,28,0,0,28,0.0,0.0,0.0,0.0,0.0,1.0,-1
"F[1,2](((Bilirubin_total <= 0.483 | PaCO2 <= 10.965) | Temp <= 3.420) | FiO2 >= 0.193)
",-9999999.000,-9999999.000,0.000,0.000,1.000,0,0,0,28,28,0,0,28,0.0,0.0,0.0,0.0,0.0,1.0,-1
"F[2,2]((AST <= 23.751 | PaCO2 <= 7.989) | HR >= 0.063)
",3342679380172070.000,23.751,0.000,0.000,1.000,0,0,0,28,28,0,0,28,0.0,0.0,0.0,0.0,0.0,1.0,-1
"F[0,2](((Alkalinephos <= 13.396 & pH <= 5.944) -> MAP <= 5.363) -> Bilirubin_total <= 2.272)
",-9999999.000,-9999999.000,0.000,0.000,1.000,0,0,0,28,28,0,0,28,0.0,0.0,0.0,0.0,0.0,1.0,-1
"F[1,2]((Hct >= 1.117 & pH >= 0.022) | Platelets <= 2.947)
",-9999999.000,-9999999.000,0.000,0.000,1.000,0,0,0,28,28,0,0,28,0.0,0.0,0.0,0.0,0.0,1.0,-1
"F[0,1]((PaCO2 <= 28.671 | Platelets >= 4.165) -> HR >= 2.437)
",-9999999.000,-9999999.000,0.000,0.000,1.000,0,0,0,28,28,0,0,28,0.0,0.0,0.0,0.0,0.0,1.0,-1
"((EtCO2 <= 4.866) U[0,1] (pH <= 0.148))
",-9999999.000,-9999999.000,0.000,0.000,1.000,0,0,0,28,28,0,0,28,0.0,0.0,0.0,0.0,0.0,1.0,-1
"F[0,1](((AST >= 0.301 -> Creatinine >= 0.057) | Hct <= 2.475) | MAP >= 0.075)
",-9999999.000,-9999999.000,0.000,0.000,1.000,0,0,0,28,28,0,0,28,0.0,0.0,0.0,0.0,0.0,1.0,-1
"((Lactate >= 0.006) U[0,1] (Chloride <= 78.551))
",-9999999.000,-9999999.000,0.000,0.000,1.000,0,0,0,28,28,0,0,28,0.0,0.0,0.0,0.0,0.0,1.0,-1
"((FiO2 <= 0.242) U[0,2] (EtCO2 <= 4.624))
",-9999999.000,-9999999.000,0.000,0.000,1.000,0,0,0,28,28,0,0,28,0.0,0.0,0.0,0.0,0.0,1.0,-1
"F[1,2]((O2Sat <= 97.374 | BaseExcess <= 0.000) | Resp <= 0.000)
",-9999999.000,-9999999.000,0.000,0.000,1.000,0,0,0,28,28,0,0,28,0.0,0.0,0.0,0.0,0.0,1.0,-1
"F[0,2](((Bilirubin_direct >= 0.000 | SBP <= 192.818) -> Platelets <= 164.500) -> Phosphate >= 44.819)
",-9999999.000,-9999999.000,0.000,0.000,1.000,0,0,0,28,28,0,0,28,0.0,0.0,0.0,0.0,0.0,1.0,-1
"F[2,2]((Glucose >= 13.984 & Chloride <= 39.555) & BaseExcess <= 99.322)
",-7872087745344546.000,-13.984,0.000,0.000,1.000,0,0,0,28,28,0,0,28,0.0,0.0,0.0,0.0,0.0,1.0,-1
"((MAP <= 95.300) U[0,2] (BUN >= 1.394))
",-9999999.000,-9999999.000,0.000,0.000,1.000,0,0,0,28,28,0,0,28,0.0,0.0,0.0,0.0,0.0,1.0,-1
"F[0,2](Lactate <= 0.123 | SaO2 <= 0.000)
",-9999999.000,-9999999.000,0.000,0.000,1.000,0,0,0,28,28,0,0,28,0.0,0.0,0.0,0.0,0.0,1.0,-1
"((Chloride <= 93.270) U[1,2] (PTT <= 0.000))
",-9999999.000,-9999999.000,0.000,0.000,1.000,0,0,0,28,28,0,0,28,0.0,0.0,0.0,0.0,0.0,1.0,-1
"F[0,2](((HCO3 >= 0.000 & Phosphate >= 0.140) -> TroponinI >= 0.032) & Temp >= 0.114)
",-9999999.000,-9999999.000,0.000,0.000,1.000,0,0,0,28,28,0,0,28,0.0,0.0,0.0,0.0,0.0,1.0,-1
"F[2,2](BaseExcess <= 0.000 | pH <= 3.706)
",4172700940942554.000,3.706,0.000,0.000,1.000,0,0,0,28,28,0,0,28,0.0,0.0,0.0,0.0,0.0,1.0,-1
"F[0,1](Platelets <= 142.981 | Phosphate <= 3.506)
",-9999999.000,-9999999.000,0.000,0.000,1.000,0,0,0,28,28,0,0,28,0.0,0.0,0.0,0.0,0.0,1.0,-1
"F[0,2](((PTT <= 0.000 | Hct <= 8.449) & BUN <= 7.079) & Fibrinogen <= 10.786)
",-9999999.000,-9999999.000,0.000,0.000,1.000,0,0,0,28,28,0,0,28,0.0,0.0,0.0,0.0,0.0,1.0,-1
"G[0,2](((AST <= 23.510 -> DBP >= 38.517) -> SBP <= 72.491) -> Temp <= 65.341)
",9999999.000,9999999.000,0.000,1.000,0.000,0,0,28,0,0,28,28,0,0.0,0.0,1.0,0.0,0.0,1.0,1
"F[1,2]((Phosphate <= 1.798 -> Alkalinephos >= 1.375) -> Magnesium >= 1.195)
",-9999999.000,-9999999.000,0.000,0.000,1.000,0,0,0,28,28,0,0,28,0.0,0.0,0.0,0.0,0.0,1.0,-1
"F[0,1]((PaCO2 <= 10.328 & Alkalinephos >= 1.265) | FiO2 <= 28.926)
",-9999999.000,-9999999.000,0.000,0.000,1.000,0,0,0,28,28,0,0,28,0.0,0.0,0.0,0.0,0.0,1.0,-1
"F[1,1]((Creatinine >= 0.029 -> MAP >= 74.162) -> O2Sat <= 101.354)
",-7132141549194007.000,-101.354,0.000,0.000,1.000,0,0,0,28,28,0,0,28,0.0,0.0,0.0,0.0,0.0,1.0,-1
"((AST >= 0.124) U[2,2] (MAP <= 96.287))
",3387783834760682.500,96.287,0.000,0.000,1.000,0,0,0,28,28,0,0,28,0.0,0.0,0.0,0.0,0.0,1.0,-1
"F[1,2](Chloride <= 100.717 & Hct <= 21.816)
",-9999999.000,-9999999.000,0.000,0.000,1.000,0,0,0,28,28,0,0,28,0.0,0.0,0.0,0.0,0.0,1.0,-1
"F[1,2](((Chloride <= 61.842 & Magnesium >= 0.040) -> EtCO2 >= 0.079) & O2Sat >= 0.082)
",-9999999.000,-9999999.000,0.000,0.000,1.000,0,0,0,28,28,0,0,28,0.0,0.0,0.0,0.0,0.0,1.0,-1
"((FiO2 <= 0.126) U[1,2] (Phosphate <= 5.887))
",-9999999.000,-9999999.000,0.000,0.000,1.000,0,0,0,28,28,0,0,28,0.0,0.0,0.0,0.0,0.0,1.0,-1
"F[1,2]((BUN >= 1.187 -> Chloride >= 1.959) -> MAP <= 11.066)
",-9999999.000,-9999999.000,0.000,0.000,1.000,0,0,0,28,28,0,0,28,0.0,0.0,0.0,0.0,0.0,1.0,-1
"F[2,2](((FiO2 <= 0.040 & WBC <= 12.052) -> Resp <= 5.080) -> BaseExcess >= 0.109)
",0.109,0.109,0.000,0.000,1.000,0,0,0,28,28,0,0,28,0.0,0.0,0.0,0.0,0.0,1.0,-1
"F[2,2]((Lactate <= 0.707 -> WBC >= 0.199) -> PTT >= 0.146)
",5256408447809564.000,0.146,0.000,0.000,1.000,0,0,0,28,28,0,0,28,0.0,0.0,0.0,0.0,0.0,1.0,-1
"F[1,1]((FiO2 <= 0.010 | Platelets <= 88.172) | Bilirubin_total >= 6.058)
",6204563786465259.000,88.172,0.000,0.000,1.000,0,0,0,28,28,0,0,28,0.0,0.0,0.0,0.0,0.0,1.0,-1
"F[1,2]((Alkalinephos >= 0.255 | PaCO2 >= 0.366) | AST >= 0.374)
",-9999999.000,-9999999.000,0.000,0.000,1.000,0,0,0,28,28,0,0,28,0.0,0.0,0.0,0.0,0.0,1.0,-1
"F[1,2](((Bilirubin_total >= 0.005 -> FiO2 >= 0.001) & AST >= 0.006) & AST <= 0.175)
",-9999999.000,-9999999.000,0.000,0.000,1.000,0,0,0,28,28,0,0,28,0.0,0.0,0.0,0.0,0.0,1.0,-1
"G[2,2]((Bilirubin_total <= 0.477 & Hct >= 0.793) | Hct >= 0.173)
",-6244653584239347.000,-0.173,0.000,1.000,0.000,0,0,28,0,0,28,28,0,0.0,0.0,1.0,0.0,0.0,1.0,1
"G[0,1]((PaCO2 >= 0.177 -> Magnesium <= 1.857) -> HCO3 >= 0.014)
",9999999.000,9999999.000,0.000,1.000,0.000,0,0,0,28,28,0,0,28,0.0,0.0,0.0,0.0,0.0,1.0,1
"G[1,2](Calcium <= 3.609 | TroponinI <= 0.090)
",9999999.000,9999999.000,0.000,1.000,0.000,0,0,28,0,0,28,28,0,0.0,0.0,1.0,0.0,0.0,1.0,1
"G[2,2](((O2Sat >= 32.048 | SBP <= 163.197) | BaseExcess >= 133.700) & EtCO2 <= 196.049)
",163.197,163.197,0.000,1.000,0.000,0,0,28,0,0,28,28,0,0.0,0.0,1.0,0.0,0.0,1.0,1
"G[0,2](((Fibrinogen >= 0.000 & Resp <= 32.580) & Phosphate >= 10.190) -> Bilirubin_total >= 10.458)
",9999999.000,9999999.000,0.000,1.000,0.000,0,0,28,0,0,28,28,0,0.0,0.0,1.0,0.0,0.0,1.0,1
"G[2,2]((Lactate <= 0.424 | pH >= 0.056) & Bilirubin_total <= 4.480)
",7629861415120264.000,0.424,0.000,1.000,0.000,0,0,28,0,0,28,28,0,0.0,0.0,1.0,0.0,0.0,1.0,1
"G[0,2](MAP >= 51.194 -> Platelets <= 150.103)
",9999999.000,9999999.000,0.000,1.000,0.000,0,0,26,2,2,26,26,2,0.0,0.0,1.0,0.0,0.0,1.0,1
"G[1,2]((FiO2 >= 0.003 & PTT >= 0.000) & Temp >= 0.000)
",9999999.000,9999999.000,0.000,1.000,0.000,0,0,2,26,26,2,2,26,0.0,0.0,1.0,0.0,0.0,1.0,1
"G[0,2]((Hgb <= 4.557 | Bilirubin_total <= 0.444) | PaCO2 <= 0.390)
",9999999.000,9999999.000,0.000,1.000,0.000,0,0,28,0,0,28,28,0,0.0,0.0,1.0,0.0,0.0,1.0,1
"G[0,2](((BUN >= 1.800 & EtCO2 <= 9.135) | Phosphate <= 10.168) -> Glucose >= 0.369)
",9999999.000,9999999.000,0.000,1.000,0.000,0,0,0,28,28,0,0,28,0.0,0.0,0.0,0.0,0.0,1.0,1
"G[0,0]((O2Sat >= 17.252 | O2Sat >= 5.945) & Creatinine >= 52.394)
",-2.303,-48.283,0.000,1.000,0.000,0,0,0,28,28,0,0,28,0.0,0.0,0.0,0.0,0.0,1.0,1
"G[1,2]((SaO2 >= 0.000 | Chloride <= 38.374) & AST >= 0.240)
",9999999.000,9999999.000,0.000,1.000,0.000,0,0,2,26,26,2,2,26,0.0,0.0,1.0,0.0,0.0,1.0,1
"G[0,2]((BaseExcess <= 0.000 & Bilirubin_total >= 0.009) -> PTT <= 0.167)
",9999999.000,9999999.000,0.000,1.000,0.000,0,0,28,0,0,28,28,0,0.0,0.0,1.0,0.0,0.0,1.0,1
"G[2,2](((PaCO2 <= 29.038 & Resp >= 14.198) & Bilirubin_direct <= 22.772) & Calcium >= 1.294)
",-3996356394187908.000,-14.198,0.000,1.000,0.000,0,0,28,0,0,28,28,0,0.0,0.0,1.0,0.0,0.0,1.0,1
"G[1,2](((Lactate <= 0.202 -> Phosphate >= 0.257) & WBC <= 3.876) | Creatinine <= 2.150)
",9999999.000,9999999.000,0.000,1.000,0.000,0,0,27,1,1,27,27,1,0.0,0.0,1.0,0.0,0.0,1.0,1
"G[0,2](Chloride >= 0.718 -> EtCO2 <= 7.352)
",9999999.000,9999999.000,0.000,1.000,0.000,0,0,28,0,0,28,28,0,0.0,0.0,1.0,0.0,0.0,1.0,1
"G[0,2](Alkalinephos <= 29.754 -> FiO2 <= 0.182)
",9999999.000,9999999.000,0.000,1.000,0.000,0,0,27,1,1,27,27,1,0.0,0.0,1.0,0.0,0.0,1.0,1
"G[1,2](Alkalinephos <= 9.358 | Lactate >= 0.014)
",9999999.000,9999999.000,0.000,1.000,0.000,0,0,27,1,1,27,27,1,0.0,0.0,1.0,0.0,0.0,1.0,1
"G[0,1](((Bilirubin_total <= 0.352 -> Lactate >= 0.012) -> DBP <= 0.082) & Hgb >= 0.012)
",9999999.000,9999999.000,0.000,1.000,0.000,0,0,0,28,28,0,0,28,0.0,0.0,0.0,0.0,0.0,1.0,1
"G[0,2](((MAP >= 71.261 | Platelets <= 116.240) -> SaO2 >= 0.542) -> Resp <= 31.276)
",9999999.000,9999999.000,0.000,1.000,0.000,0,0,28,0,0,28,28,0,0.0,0.0,1.0,0.0,0.0,1.0,1
"G[1,1](((MAP >= 22.039 -> Phosphate <= 0.352) | BUN <= 3.926) & SaO2 >= 0.059)
",-4274503710971636.500,-0.059,0.000,1.000,0.000,0,0,1,27,27,1,1,27,0.0,0.0,1.0,0.0,0.0,1.0,1
"G[2,2](((Creatinine <= 1.735 -> DBP <= 58.271) & O2Sat >= 23.359) -> O2Sat >= 21.766)
",21.766,21.766,0.000,1.000,0.000,0,0,28,0,0,28,28,0,0.0,0.0,1.0,0.0,0.0,1.0,1
"G[0,2](((EtCO2 <= 9.054 -> Magnesium <= 0.670) -> Glucose >= 0.084) & Potassium <= 2.064)
",9999999.000,9999999.000,0.000,1.000,0.000,0,0,0,28,28,0,0,28,0.0,0.0,0.0,0.0,0.0,1.0,1
"G[1,1](((Creatinine <= 2.116 & BUN <= 41.435) -> Temp <= 47.924) & SepsisLabel >= 0.870)
",-6744749819777564.000,-47.924,0.000,1.000,0.000,0,0,1,27,27,1,1,27,0.0,0.0,1.0,0.0,0.0,1.0,1
"G[1,2](((Hgb >= 0.547 | Potassium >= 0.005) | Temp >= 0.243) -> Glucose <= 1.570)
",9999999.000,9999999.000,0.000,1.000,0.000,0,0,26,2,2,26,26,2,0.0,0.0,1.0,0.0,0.0,1.0,1
"G[1,2](((HR >= 6.068 & SBP >= 43.155) -> TroponinI <= 156.339) | PaCO2 <= 191.680)
",9999999.000,9999999.000,0.000,1.000,0.000,0,0,28,0,0,28,28,0,0.0,0.0,1.0,0.0,0.0,1.0,1
"G[0,2](((HCO3 <= 0.000 | DBP <= 61.873) & HCO3 >= 12.773) -> BaseExcess >= 27.213)
",9999999.000,9999999.000,0.000,1.000,0.000,0,0,28,0,0,28,28,0,0.0,0.0,1.0,0.0,0.0,1.0,1
"G[0,2]((Chloride <= 91.506 & pH <= 3.214) -> HR <= 6.386)
",9999999.000,9999999.000,0.000,1.000,0.000,0,0,0,28,28,0,0,28,0.0,0.0,0.0,0.0,0.0,1.0,1
"((EtCO2 >= 0.364) U[2,2] (PaCO2 >= 0.225))
",-4047347779999652.000,-0.225,0.000,0.000,1.000,0,0,0,28,28,0,0,28,0.0,0.0,0.0,0.0,0.0,1.0,-1
"G[0,2]((Creatinine <= 1.584 & pH >= 0.102) | AST >= 0.029)
",9999999.000,9999999.000,0.000,1.000,0.000,0,0,0,28,28,0,0,28,0.0,0.0,0.0,0.0,0.0,1.0,1
"F[0,2](AST >= 0.376 | Chloride >= 0.117)
",-9999999.000,-9999999.000,0.000,0.000,1.000,0,0,0,28,28,0,0,28,0.0,0.0,0.0,0.0,0.0,1.0,-1
"G[0,2](Lactate <= 0.098 & Magnesium <= 0.606)
",9999999.000,9999999.000,0.000,1.000,0.000,0,0,24,4,4,24,24,4,0.0,0.0,1.0,0.0,0.0,1.0,1
"G[1,2]((Chloride <= 76.114 | HR <= 82.182) -> Temp >= 46.898)
",9999999.000,9999999.000,0.000,1.000,0.000,0,0,2,26,26,2,2,26,0.0,0.0,1.0,0.0,0.0,1.0,1
"G[0,2](((Hgb >= 0.424 | MAP <= 106.643) & Resp >= 36.086) & Phosphate >= 31.031)
",9999999.000,9999999.000,0.000,1.000,0.000,0,0,0,28,28,0,0,28,0.0,0.0,0.0,0.0,0.0,1.0,1
"G[0,2]((FiO2 >= 0.005 & HR >= 6.828) & TroponinI <= 87.750)
",9999999.000,9999999.000,0.000,1.000,0.000,0,0,0,28,28,0,0,28,0.0,0.0,0.0,0.0,0.0,1.0,1
"G[2,2](Chloride <= 53.104 -> Hgb <= 7.343)
",-7473667004742046.000,-53.104,0.000,1.000,0.000,0,0,28,0,0,28,28,0,0.0,0.0,1.0,0.0,0.0,1.0,1
"G[0,0](((EtCO2 <= 8.920 -> FiO2 >= 0.003) & Alkalinephos >= 0.004) & Chloride >= 0.004)
",-0.478,-1.655,0.000,1.000,0.000,0,0,0,28,28,0,0,28,0.0,0.0,0.0,0.0,0.0,1.0,1
"G[0,2](((Lactate >= 0.010 | O2Sat <= 99.831) | Creatinine <= 98.956) | BaseExcess >= 39.813)
",9999999.000,9999999.000,0.000,1.000,0.000,0,0,28,0,0,28,28,0,0.0,0.0,1.0,0.0,0.0,1.0,1
"G[1,2]((Phosphate >= 0.099 & SBP <= 181.280) -> EtCO2 >= 115.580)
",9999999.000,9999999.000,0.000,1.000,0.000,0,0,27,1,1,27,27,1,0.0,0.0,1.0,0.0,0.0,1.0,1
"G[1,2](FiO2 <= 0.115 | Hct >= 1.084)
",9999999.000,9999999.000,0.000,1.000,0.000,0,0,27,1,1,27,27,1,0.0,0.0,1.0,0.0,0.0,1.0,1
"G[0,2](((PaCO2 >= 0.189 & WBC <= 3.662) -> pH >= 0.489) -> pH <= 7.221)
",9999999.000,9999999.000,0.000,1.000,0.000,0,0,27,1,1,27,27,1,0.0,0.0,1.0,0.0,0.0,1.0,1
"G[2,2](((Magnesium <= 1.700 -> PaCO2 <= 14.440) | SaO2 <= 28.387) | Magnesium >= 0.347)
",28.387,28.387,0.000,1.000,0.000,0,0,28,0,0,28,28,0,0.0,0.0,1.0,0.0,0.0,1.0,1
"G[2,2](((Phosphate >= 0.100 -> Temp <= 19.100) & TroponinI >= 0.613) & FiO2 >= 5.087)
",-19.100,-19.100,0.000,1.000,0.000,0,0,28,0,0,28,28,0,0.0,0.0,1.0,0.0,0.0,1.0,1
"G[0,1](Chloride >= 0.464 & HCO3 >= 0.000)
",9999999.000,9999999.000,0.000,1.000,0.000,0,0,0,28,28,0,0,28,0.0,0.0,0.0,0.0,0.0,1.0,1
"G[1,2](((AST >= 0.106 & Lactate <= 0.469) | HR <= 0.171) | Resp >= 0.001)
",9999999.000,9999999.000,0.000,1.000,0.000,0,0,27,1,1,27,27,1,0.0,0.0,1.0,0.0,0.0,1.0,1
"G[1,1]((AST >= 0.773 | FiO2 >= 0.003) & SaO2 >= 0.007)
",-7657277776241950.000,-0.007,0.000,1.000,0.000,0,0,1,27,27,1,1,27,0.0,0.0,1.0,0.0,0.0,1.0,1
"G[1,2](((O2Sat >= 86.897 & FiO2 <= 0.143) & Magnesium >= 0.002) -> Chloride >= 0.002)
",9999999.000,9999999.000,0.000,1.000,0.000,0,0,27,1,1,27,27,1,0.0,0.0,1.0,0.0,0.0,1.0,1
"G[0,0](((Magnesium <= 1.962 & DBP <= 59.769) & BUN >= 38.386) & BaseExcess >= 49.460)
",-339.994,-49.488,0.000,1.000,0.000,0,0,0,28,28,0,0,28,0.0,0.0,0.0,0.0,0.0,1.0,1
"G[1,2]((Magnesium <= 0.675 & Platelets <= 121.839) & Bilirubin_total <= 28.379)
",9999999.000,9999999.000,0.000,1.000,0.000,0,0,27,1,1,27,27,1,0.0,0.0,1.0,0.0,0.0,1.0,1
"G[2,2](pH >= 0.020 -> EtCO2 <= 6.959)
",-7835685834092661.000,-6.959,0.000,1.000,0.000,0,0,28,0,0,28,28,0,0.0,0.0,1.0,0.0,0.0,1.0,1
"G[0,2](((SepsisLabel <= 0.000 & PTT >= 0.000) & BaseExcess <= 0.000) & PTT >= 0.000)
",9999999.000,9999999.000,0.000,1.000,0.000,0,0,28,0,0,28,28,0,0.0,0.0,1.0,0.0,0.0,1.0,1
"G[2,2]((Calcium >= 0.011 | Platelets >= 4.560) -> BUN >= 4.615)
",6295950481950197.000,0.011,0.000,1.000,0.000,0,0,28,0,0,28,28,0,0.0,0.0,1.0,0.0,0.0,1.0,1
"G[2,2]((Phosphate >= 0.104 | Phosphate >= 0.297) & PaCO2 <= 5.587)
",-7480833515831868.000,-0.104,0.000,1.000,0.000,0,0,28,0,0,28,28,0,0.0,0.0,1.0,0.0,0.0,1.0,1
"G[0,2]((PTT <= 0.000 | Resp <= 27.522) -> Lactate <= 31.291)
",9999999.000,9999999.000,0.000,1.000,0.000,0,0,28,0,0,28,28,0,0.0,0.0,1.0,0.0,0.0,1.0,1
"F[0,0]((PTT >= 0.000 | FiO2 <= 0.131) | Alkalinephos <= 0.075)
",0.406,1.013,0.000,0.000,1.000,0,0,0,28,28,0,0,28,0.0,0.0,0.0,0.0,0.0,1.0,-1
