Rule,Discrimination Score,Pos Robustness,Neg Robustness,Percent Class +,Percent Class -,TP,TN,FP,FN,Actual Yes,Actual No,Predicted Yes,Predicted No,TPR/Sens,TNR/Spec,FPR,Precision,Accuracy,MCR
"F[0,0](((Calcium < 7.508 & Potassium < 3.369) & Magnesium < 0.000) & Phosphate < 0.000)
",0.000,0.000,0.000,0.000,1.000,8,0,0,0,8,0,8,0,1.0,0,0,1.0,1.0666666666666667,-0.06666666666666665
"F[0,0]((Phosphate <= 0.000 & Creatinine <= 1.331) & Phosphate >= 0.064)
",-0.064,-0.064,0.000,0.000,1.000,8,0,0,0,8,0,8,0,1.0,0,0,1.0,1.0666666666666667,-0.06666666666666665
"F[0,0](EtCO2 < 0.000 & SepsisLabel = 0.000)
",-4.625,-16.714,0.000,0.000,1.000,8,0,0,0,8,0,8,0,1.0,0,0,1.0,1.0666666666666667,-0.06666666666666665
"F[0,0](BUN >= 0.486 & SepsisLabel = 0.000)
",-8745995529365383.000,-0.486,0.000,0.000,1.000,8,0,0,0,8,0,8,0,1.0,0,0,1.0,1.0666666666666667,-0.06666666666666665
"F[0,0]((Creatinine >= 0.060 -> DBP <= 84.201) -> Magnesium >= 69.230)
",-8703314317523121.000,-0.060,0.000,0.000,1.000,8,0,0,0,8,0,8,0,1.0,0,0,1.0,1.0666666666666667,-0.06666666666666665
"F[0,0](((Calcium < 2.724 & Potassium < 2.052) & Magnesium < 0.000) & Phosphate < 0.000)
",0.000,0.000,0.000,0.000,1.000,8,0,0,0,8,0,8,0,1.0,0,0,1.0,1.0666666666666667,-0.06666666666666665
"F[0,0]((Phosphate <= 0.000 & Hct >= 1.574) & SBP >= 2.197)
",-7.175,-2.019,0.000,0.000,1.000,8,0,0,0,8,0,8,0,1.0,0,0,1.0,1.0666666666666667,-0.06666666666666665
"F[0,0](((Temp <= 21.031 -> Hct <= 5.637) | SaO2 >= 0.429) & Fibrinogen >= 2.014)
",-2.014,-2.014,0.000,0.000,1.000,8,0,0,0,8,0,8,0,1.0,0,0,1.0,1.0666666666666667,-0.06666666666666665
"F[0,0](Resp >= 4.286 -> BUN >= 0.838)
",-7.538,-65.428,0.000,0.000,1.000,8,0,0,0,8,0,8,0,1.0,0,0,1.0,1.0666666666666667,-0.06666666666666665
"F[0,0](Hct >= 0.448 & SepsisLabel = 0.000)
",-0.448,-0.448,0.000,0.000,1.000,8,0,0,0,8,0,8,0,1.0,0,0,1.0,1.0666666666666667,-0.06666666666666665
"F[1,1](((SBP <= 170.520 | Potassium >= 0.016) -> DBP <= 0.826) & AST >= 0.172)
",-5999635995791605.000,-170.520,0.000,0.000,1.000,7,0,0,1,8,0,7,1,0.875,0,0,1.0,0.9333333333333333,0.06666666666666665
"F[1,1](((Calcium < 3.258 & Potassium < 1.135) & Magnesium < 0.000) & Phosphate < 0.000)
",0.000,0.000,0.000,0.000,1.000,7,0,0,1,8,0,7,1,0.875,0,0,1.0,0.9333333333333333,0.06666666666666665
"F[1,1](((Calcium < 1.745 & Potassium < 1.261) & Magnesium < 0.000) & Phosphate < 0.000)
",0.000,0.000,0.000,0.000,1.000,7,0,0,1,8,0,7,1,0.875,0,0,1.0,0.9333333333333333,0.06666666666666665
"((Alkalinephos < 0.000) U[1,2] (SepsisLabel = 0.000))
",-9999999.000,-9999999.000,0.000,0.000,1.000,7,0,0,1,8,0,7,1,0.875,0,0,1.0,0.9333333333333333,0.06666666666666665
"((PaCO2 < 0.000) U[1,1] (SepsisLabel = 0.000))
",0.000,0.000,0.000,0.000,1.000,7,0,0,1,8,0,7,1,0.875,0,0,1.0,0.9333333333333333,0.06666666666666665
"F[0,0]((BUN >= 0.992 | Glucose >= 33.303) | PaCO2 >= 10.484)
",-0.992,-0.992,0.000,0.000,1.000,7,0,0,1,8,0,7,1,0.875,0,0,1.0,0.9333333333333333,0.06666666666666665
"F[1,1](((Calcium < 1.996 & Potassium < 1.086) & Magnesium < 0.000) & Phosphate < 0.000)
",0.000,0.000,0.000,0.000,1.000,7,0,0,1,8,0,7,1,0.875,0,0,1.0,0.9333333333333333,0.06666666666666665
"F[1,1](((pH >= 0.000 & WBC >= 0.855) -> WBC <= 3.777) & Platelets >= 0.142)
",-8506092966976145.000,-3.777,0.000,0.000,1.000,7,0,0,1,8,0,7,1,0.875,0,0,1.0,0.9333333333333333,0.06666666666666665
"F[0,1](((PTT <= 0.000 -> Potassium <= 1.849) & Calcium >= 0.014) & BaseExcess <= 3.139)
",-9999999.000,-9999999.000,0.000,0.000,1.000,7,0,0,1,8,0,7,1,0.875,0,0,1.0,0.9333333333333333,0.06666666666666665
"F[1,1]((HR <= 70.431 & Temp >= 2.279) & PTT <= 36.777)
",-5130798658435655.000,-2.279,0.000,0.000,1.000,7,0,0,1,8,0,7,1,0.875,0,0,1.0,0.9333333333333333,0.06666666666666665
"F[0,1](((Platelets >= 2.632 -> Temp <= 27.206) & SepsisLabel <= 10.248) -> Bilirubin_total >= 6.005)
",-9999999.000,-9999999.000,0.000,0.000,1.000,7,0,0,1,8,0,7,1,0.875,0,0,1.0,0.9333333333333333,0.06666666666666665
"((Hct >= 1.487) U[1,2] (Magnesium <= 0.000))
",-9999999.000,-9999999.000,0.000,0.000,1.000,7,0,0,1,8,0,7,1,0.875,0,0,1.0,0.9333333333333333,0.06666666666666665
"F[0,1]((MAP <= 111.224 & SBP <= 170.714) & Chloride >= 130.324)
",-9999999.000,-9999999.000,0.000,0.000,1.000,7,0,0,1,8,0,7,1,0.875,0,0,1.0,0.9333333333333333,0.06666666666666665
"F[1,1](((Calcium < 3.564 & Potassium < 2.619) & Magnesium < 0.000) & Phosphate < 0.000)
",0.000,0.000,0.000,0.000,1.000,7,0,0,1,8,0,7,1,0.875,0,0,1.0,0.9333333333333333,0.06666666666666665
"((BaseExcess <= 0.000) U[1,1] (Temp >= 1.388))
",0.000,0.000,0.000,0.000,1.000,7,0,0,1,8,0,7,1,0.875,0,0,1.0,0.9333333333333333,0.06666666666666665
"F[1,1]((PTT <= 0.000 & Bilirubin_direct <= 0.000) & SBP <= 0.000)
",0.000,0.000,0.000,0.000,1.000,7,0,0,1,8,0,7,1,0.875,0,0,1.0,0.9333333333333333,0.06666666666666665
"F[0,1](((Calcium < 6.944 & Potassium < 2.710) & Magnesium < 0.000) & Phosphate < 0.000)
",-9999999.000,-9999999.000,0.000,0.000,1.000,7,0,0,1,8,0,7,1,0.875,0,0,1.0,0.9333333333333333,0.06666666666666665
"((Alkalinephos <= 0.000) U[0,1] (Hct >= 0.431))
",-9999999.000,-9999999.000,0.000,0.000,1.000,6,0,0,2,8,0,6,2,0.75,0,0,1.0,0.8,0.19999999999999996
"((Chloride <= 0.000) U[1,1] (Calcium >= 0.108))
",0.000,0.000,0.000,0.000,1.000,6,0,0,2,8,0,6,2,0.75,0,0,1.0,0.8,0.19999999999999996
"F[0,1](((BaseExcess >= 0.000 -> Hgb <= 6.892) | EtCO2 >= 0.238) -> Bilirubin_direct >= 0.713)
",-9999999.000,-9999999.000,0.000,0.000,1.000,6,0,0,2,8,0,6,2,0.75,0,0,1.0,0.8,0.19999999999999996
"F[0,1](MAP >= 87.999 -> Hct >= 1.900)
",-9999999.000,-9999999.000,0.000,0.000,1.000,6,0,0,2,8,0,6,2,0.75,0,0,1.0,0.8,0.19999999999999996
"F[0,1]((Temp <= 15.016 | BUN <= 10.410) -> Platelets >= 0.124)
",-9999999.000,-9999999.000,0.000,0.000,1.000,6,0,0,2,8,0,6,2,0.75,0,0,1.0,0.8,0.19999999999999996
"((Hct >= 0.996) U[0,1] (Hct >= 0.936))
",-9999999.000,-9999999.000,0.000,0.000,1.000,6,0,0,2,8,0,6,2,0.75,0,0,1.0,0.8,0.19999999999999996
"((TroponinI >= 0.000) U[1,1] (Platelets >= 11.572))
",0.000,0.000,0.000,0.000,1.000,6,0,0,2,8,0,6,2,0.75,0,0,1.0,0.8,0.19999999999999996
"F[1,1]((Fibrinogen >= 0.000 & BUN >= 0.734) | DBP <= 13.973)
",7865910801512847.000,13.973,0.000,0.000,1.000,6,0,0,2,8,0,6,2,0.75,0,0,1.0,0.8,0.19999999999999996
"F[1,1]((DBP >= 65.853 -> Hct >= 1.504) & FiO2 <= 29.339)
",1.504,1.504,0.000,0.000,1.000,5,0,0,3,8,0,5,3,0.625,0,0,1.0,0.6666666666666666,0.33333333333333337
"((MAP >= 92.948) U[1,1] (SBP <= 157.316))
",157.316,157.316,0.000,0.000,1.000,4,0,0,4,8,0,4,4,0.5,0,0,1.0,0.5333333333333333,0.4666666666666667
"((Alkalinephos >= 0.000) U[0,1] (Temp >= 8.810))
",-9999999.000,-9999999.000,0.000,0.000,1.000,4,0,0,4,8,0,4,4,0.5,0,0,1.0,0.5333333333333333,0.4666666666666667
"((HR <= 83.653) U[1,1] (Glucose <= 113.507))
",7987345247560553.000,113.507,0.000,0.000,1.000,3,0,0,5,8,0,3,5,0.375,0,0,1.0,0.4,0.6
"((MAP >= 91.622) U[1,2] (SBP <= 157.492))
",-9999999.000,-9999999.000,0.000,0.000,1.000,3,0,0,5,8,0,3,5,0.375,0,0,1.0,0.4,0.6
"F[0,0](MAP >= 93.187 & Resp >= 14.077)
",5.390,48.733,0.000,0.000,1.000,3,0,0,5,8,0,3,5,0.375,0,0,1.0,0.4,0.6
"((MAP >= 83.994) U[0,0] (SBP <= 156.761))
",8.810,146.261,0.000,0.000,1.000,3,0,0,5,8,0,3,5,0.375,0,0,1.0,0.4,0.6
"F[0,0](SBP <= 163.793 & FiO2 >= 0.000)
",0.000,0.000,0.000,0.000,1.000,2,0,0,6,8,0,2,6,0.25,0,0,1.0,0.26666666666666666,0.7333333333333334
"((SBP >= 144.590) U[1,2] (WBC <= 3.491))
",-9999999.000,-9999999.000,0.000,0.000,1.000,2,0,0,6,8,0,2,6,0.25,0,0,1.0,0.26666666666666666,0.7333333333333334
"F[0,1](((WBC <= 12.409 & HR <= 76.447) & Fibrinogen >= 65.838) | DBP >= 69.810)
",-9999999.000,-9999999.000,0.000,0.000,1.000,2,0,0,6,8,0,2,6,0.25,0,0,1.0,0.26666666666666666,0.7333333333333334
"F[0,1](AST >= 0.000 & HR >= 61.268)
",-9999999.000,-9999999.000,0.000,0.000,1.000,1,0,0,7,8,0,1,7,0.125,0,0,1.0,0.13333333333333333,0.8666666666666667
"F[0,1](((Fibrinogen <= 0.000 -> SBP >= 133.180) | SBP >= 148.539) & DBP <= 155.687)
",-9999999.000,-9999999.000,0.000,0.000,1.000,1,0,0,7,8,0,1,7,0.125,0,0,1.0,0.13333333333333333,0.8666666666666667
"F[0,0]((AST <= 0.000 -> HR <= 88.695) | BaseExcess >= 66.591)
",0.000,0.000,0.000,0.000,1.000,1,0,0,7,8,0,1,7,0.125,0,0,1.0,0.13333333333333333,0.8666666666666667
"((Hct >= 0.144) U[1,2] (WBC >= 0.861))
",-9999999.000,-9999999.000,0.000,0.000,1.000,1,0,0,7,8,0,1,7,0.125,0,0,1.0,0.13333333333333333,0.8666666666666667
"F[0,1]((Creatinine <= 0.948 & SBP >= 141.897) & WBC <= 158.443)
",-9999999.000,-9999999.000,0.000,0.000,1.000,1,0,0,7,8,0,1,7,0.125,0,0,1.0,0.13333333333333333,0.8666666666666667
"F[1,1](((Bilirubin_total >= 0.000 -> FiO2 <= 0.000) -> Potassium >= 0.000) -> Calcium <= 0.000)
",0.000,0.000,0.000,0.000,1.000,1,0,0,7,8,0,1,7,0.125,0,0,1.0,0.13333333333333333,0.8666666666666667
"((PaCO2 >= 0.000) U[1,1] (Calcium <= 1.442))
",6493222958776634.000,1.442,0.000,0.000,1.000,1,0,0,7,8,0,1,7,0.125,0,0,1.0,0.13333333333333333,0.8666666666666667
"F[0,1](BaseExcess <= 0.000 & DBP <= 80.505)
",-9999999.000,-9999999.000,0.000,0.000,1.000,1,0,0,7,8,0,1,7,0.125,0,0,1.0,0.13333333333333333,0.8666666666666667
"F[1,1](Hgb <= 9.229 | Hct <= 12.505)
",12.505,12.505,0.000,0.000,1.000,1,0,0,7,8,0,1,7,0.125,0,0,1.0,0.13333333333333333,0.8666666666666667
"F[0,0](O2Sat >= 95.473 -> SBP <= 168.159)
",-9.496,-157.659,0.000,0.000,1.000,1,0,0,7,8,0,1,7,0.125,0,0,1.0,0.13333333333333333,0.8666666666666667
"((MAP >= 97.291) U[0,1] (SBP <= 154.456))
",-9999999.000,-9999999.000,0.000,0.000,1.000,1,0,0,7,8,0,1,7,0.125,0,0,1.0,0.13333333333333333,0.8666666666666667
"F[1,1](TroponinI <= 0.000 -> DBP <= 83.724)
",-83.724,-83.724,0.000,0.000,1.000,1,0,0,7,8,0,1,7,0.125,0,0,1.0,0.13333333333333333,0.8666666666666667
"F[1,1]((Calcium <= 2.237 & Potassium <= 2.479) & Magnesium >= 0.000)
",0.000,0.000,0.000,0.000,1.000,1,0,0,7,8,0,1,7,0.125,0,0,1.0,0.13333333333333333,0.8666666666666667
"((MAP >= 96.646) U[0,1] (SBP <= 154.158))
",-9999999.000,-9999999.000,0.000,0.000,1.000,1,0,0,7,8,0,1,7,0.125,0,0,1.0,0.13333333333333333,0.8666666666666667
"F[1,1]((Calcium <= 0.582 & Potassium <= 2.533) & Magnesium >= 0.000)
",0.000,0.000,0.000,0.000,1.000,1,0,0,7,8,0,1,7,0.125,0,0,1.0,0.13333333333333333,0.8666666666666667
"F[1,1](((EtCO2 >= 0.000 -> PaCO2 >= 0.000) | Temp >= 0.000) & pH >= 0.000)
",0.000,0.000,0.000,0.000,1.000,0,0,0,8,8,0,0,8,0.0,0,0,0.0,0.0,1.0
"F[0,2]((Lactate >= 0.000 | SaO2 <= 0.000) -> MAP <= 0.000)
",-9999999.000,-9999999.000,0.000,0.000,1.000,0,0,0,8,8,0,0,8,0.0,0,0,0.0,0.0,1.0
"((EtCO2 <= 0.000) U[1,2] (Lactate >= 0.000))
",-9999999.000,-9999999.000,0.000,0.000,1.000,0,0,0,8,8,0,0,8,0.0,0,0,0.0,0.0,1.0
"F[0,2](((TroponinI >= 0.000 & Hct >= 1.774) -> pH <= 23.013) -> SepsisLabel >= 0.366)
",-9999999.000,-9999999.000,0.000,0.000,1.000,0,0,0,8,8,0,0,8,0.0,0,0,0.0,0.0,1.0
"((HCO3 >= 0.000) U[2,2] (Calcium <= 6.757))
",7607952198980929.000,6.757,0.000,0.000,1.000,0,0,0,8,8,0,0,8,0.0,0,0,0.0,0.0,1.0
"F[0,2]((DBP >= 62.376 -> Resp >= 0.083) | Glucose >= 11.442)
",-9999999.000,-9999999.000,0.000,0.000,1.000,0,0,0,8,8,0,0,8,0.0,0,0,0.0,0.0,1.0
"F[0,2](SaO2 >= 0.000 | Magnesium <= 0.000)
",-9999999.000,-9999999.000,0.000,0.000,1.000,0,0,0,8,8,0,0,8,0.0,0,0,0.0,0.0,1.0
"F[1,2](((Fibrinogen >= 0.000 & Fibrinogen <= 0.000) -> PaCO2 <= 0.000) & AST <= 0.000)
",-9999999.000,-9999999.000,0.000,0.000,1.000,0,0,0,8,8,0,0,8,0.0,0,0,0.0,0.0,1.0
"F[1,2](BaseExcess <= 0.000 & PTT <= 0.000)
",-9999999.000,-9999999.000,0.000,0.000,1.000,0,0,0,8,8,0,0,8,0.0,0,0,0.0,0.0,1.0
"F[0,2]((Calcium <= 5.622 & PTT >= 0.000) & BaseExcess <= 0.000)
",-9999999.000,-9999999.000,0.000,0.000,1.000,0,0,0,8,8,0,0,8,0.0,0,0,0.0,0.0,1.0
"F[0,2](((SaO2 <= 0.000 & Hgb <= 10.182) & Bilirubin_total >= 0.692) | Glucose >= 0.122)
",-9999999.000,-9999999.000,0.000,0.000,1.000,0,0,0,8,8,0,0,8,0.0,0,0,0.0,0.0,1.0
"F[0,0](((DBP >= 58.875 -> SepsisLabel <= 0.000) | BaseExcess >= 0.000) -> pH >= 0.000)
",0.000,0.000,0.000,0.000,1.000,0,0,0,8,8,0,0,8,0.0,0,0,0.0,0.0,1.0
"F[1,1]((HCO3 <= 0.000 & Alkalinephos <= 0.000) | Bilirubin_total >= 0.000)
",0.000,0.000,0.000,0.000,1.000,0,0,0,8,8,0,0,8,0.0,0,0,0.0,0.0,1.0
"F[0,1](((SepsisLabel <= 0.000 -> Fibrinogen >= 0.000) & Temp <= 0.000) -> SepsisLabel >= 0.000)
",-9999999.000,-9999999.000,0.000,0.000,1.000,0,0,0,8,8,0,0,8,0.0,0,0,0.0,0.0,1.0
"F[1,2](((Platelets <= 228.217 -> Calcium <= 3.497) | Glucose >= 0.098) | Alkalinephos >= 0.152)
",-9999999.000,-9999999.000,0.000,0.000,1.000,0,0,0,8,8,0,0,8,0.0,0,0,0.0,0.0,1.0
"F[1,2]((Creatinine >= 0.049 | BUN <= 13.103) & Potassium <= 10.910)
",-9999999.000,-9999999.000,0.000,0.000,1.000,0,0,0,8,8,0,0,8,0.0,0,0,0.0,0.0,1.0
"((FiO2 >= 0.000) U[0,1] (Magnesium <= 0.000))
",-9999999.000,-9999999.000,0.000,0.000,1.000,0,0,0,8,8,0,0,8,0.0,0,0,0.0,0.0,1.0
"((HR <= 85.075) U[1,2] (Fibrinogen >= 0.000))
",-9999999.000,-9999999.000,0.000,0.000,1.000,0,0,0,8,8,0,0,8,0.0,0,0,0.0,0.0,1.0
"F[1,2](Glucose >= 4.198 -> Calcium >= 0.153)
",-9999999.000,-9999999.000,0.000,0.000,1.000,0,0,0,8,8,0,0,8,0.0,0,0,0.0,0.0,1.0
"F[0,2]((Hct <= 8.333 -> EtCO2 <= 0.000) -> BaseExcess >= 0.000)
",-9999999.000,-9999999.000,0.000,0.000,1.000,0,0,0,8,8,0,0,8,0.0,0,0,0.0,0.0,1.0
"F[1,2]((SepsisLabel >= 0.000 & FiO2 >= 0.000) | TroponinI <= 0.000)
",-9999999.000,-9999999.000,0.000,0.000,1.000,0,0,0,8,8,0,0,8,0.0,0,0,0.0,0.0,1.0
"F[1,1](SaO2 <= 0.000 | HR <= 72.311)
",72.311,72.311,0.000,0.000,1.000,0,0,0,8,8,0,0,8,0.0,0,0,0.0,0.0,1.0
"F[0,2](((BaseExcess <= 0.000 -> AST <= 0.000) | O2Sat <= 0.000) | Resp >= 0.000)
",-9999999.000,-9999999.000,0.000,0.000,1.000,0,0,0,8,8,0,0,8,0.0,0,0,0.0,0.0,1.0
"F[1,1](((Bilirubin_direct >= 0.000 -> SaO2 <= 0.000) | O2Sat >= 0.000) -> Fibrinogen >= 0.000)
",0.000,0.000,0.000,0.000,1.000,0,0,0,8,8,0,0,8,0.0,0,0,0.0,0.0,1.0
"F[0,0](((Creatinine >= 0.034 -> Platelets >= 0.230) | DBP <= 101.225) -> SBP >= 2.749)
",-0.903,-12.678,0.000,0.000,1.000,0,0,0,8,8,0,0,8,0.0,0,0,0.0,0.0,1.0
"F[0,1](((Fibrinogen <= 0.000 | PTT >= 0.000) | Alkalinephos <= 0.000) -> Bilirubin_direct >= 0.000)
",-9999999.000,-9999999.000,0.000,0.000,1.000,0,0,0,8,8,0,0,8,0.0,0,0,0.0,0.0,1.0
"F[2,2](((WBC <= 2.379 | AST >= 0.000) | HCO3 <= 0.000) -> Fibrinogen <= 0.000)
",-2.379,-2.379,0.000,0.000,1.000,0,0,0,8,8,0,0,8,0.0,0,0,0.0,0.0,1.0
"F[0,0]((Alkalinephos <= 0.000 & PaCO2 >= 0.000) | Phosphate <= 0.000)
",0.000,0.000,0.000,0.000,1.000,0,0,0,8,8,0,0,8,0.0,0,0,0.0,0.0,1.0
"F[2,2]((FiO2 <= 0.000 & HCO3 <= 0.000) -> O2Sat <= 0.000)
",0.000,0.000,0.000,0.000,1.000,0,0,0,8,8,0,0,8,0.0,0,0,0.0,0.0,1.0
"F[1,2](((Creatinine <= 0.220 & Hgb <= 4.231) | BUN >= 0.651) -> Potassium >= 0.150)
",-9999999.000,-9999999.000,0.000,0.000,1.000,0,0,0,8,8,0,0,8,0.0,0,0,0.0,0.0,1.0
"F[1,2]((SaO2 <= 0.000 & PaCO2 <= 0.000) & Potassium <= 0.000)
",-9999999.000,-9999999.000,0.000,0.000,1.000,0,0,0,8,8,0,0,8,0.0,0,0,0.0,0.0,1.0
"((BaseExcess <= 0.000) U[0,2] (DBP >= 71.216))
",-9999999.000,-9999999.000,0.000,0.000,1.000,0,0,0,8,8,0,0,8,0.0,0,0,0.0,0.0,1.0
"F[2,2](((EtCO2 <= 0.000 & Hgb <= 4.595) -> Bilirubin_direct <= 1.350) -> Alkalinephos <= 8.528)
",-8.528,-8.528,0.000,0.000,1.000,0,0,0,8,8,0,0,8,0.0,0,0,0.0,0.0,1.0
"F[0,2](Calcium <= 6.086 -> Alkalinephos >= 0.000)
",-9999999.000,-9999999.000,0.000,0.000,1.000,0,0,0,8,8,0,0,8,0.0,0,0,0.0,0.0,1.0
"F[0,1](((BUN >= 0.035 | BUN <= 10.051) | Creatinine <= 14.831) | TroponinI <= 5.245)
",-9999999.000,-9999999.000,0.000,0.000,1.000,0,0,0,8,8,0,0,8,0.0,0,0,0.0,0.0,1.0
"F[1,2](((Bilirubin_total >= 0.000 & MAP >= 87.216) -> FiO2 >= 86.378) | Creatinine >= 89.532)
",-9999999.000,-9999999.000,0.000,0.000,1.000,0,0,0,8,8,0,0,8,0.0,0,0,0.0,0.0,1.0
"F[0,0](((Alkalinephos >= 0.000 -> TroponinI <= 0.000) & SBP >= 0.000) & WBC <= 0.000)
",0.000,0.000,0.000,0.000,1.000,0,0,0,8,8,0,0,8,0.0,0,0,0.0,0.0,1.0
"F[0,0](HR <= 74.874 -> Resp >= 10.127)
",-6.865,-59.587,0.000,0.000,1.000,0,0,0,8,8,0,0,8,0.0,0,0,0.0,0.0,1.0
"F[0,2](Lactate <= 0.000 | Magnesium <= 0.000)
",-9999999.000,-9999999.000,0.000,0.000,1.000,0,0,0,8,8,0,0,8,0.0,0,0,0.0,0.0,1.0
"F[2,2](Bilirubin_direct >= 0.000 | SBP <= 159.265)
",159.265,159.265,0.000,0.000,1.000,0,0,0,8,8,0,0,8,0.0,0,0,0.0,0.0,1.0
"F[1,2](((Platelets >= 2.183 | DBP >= 67.663) | FiO2 <= 84.698) -> HR <= 71.923)
",-9999999.000,-9999999.000,0.000,0.000,1.000,0,0,0,8,8,0,0,8,0.0,0,0,0.0,0.0,1.0
"F[2,2](((Creatinine >= 0.093 -> Temp <= 14.359) | pH >= 1.443) & Alkalinephos >= 4.235)
",-4.235,-4.235,0.000,0.000,1.000,0,0,0,8,8,0,0,8,0.0,0,0,0.0,0.0,1.0
"((SBP <= 150.900) U[0,1] (EtCO2 >= 0.000))
",-9999999.000,-9999999.000,0.000,0.000,1.000,0,0,0,8,8,0,0,8,0.0,0,0,0.0,0.0,1.0
"F[0,1](BUN >= 0.308 | SaO2 >= 0.000)
",-9999999.000,-9999999.000,0.000,0.000,1.000,0,0,0,8,8,0,0,8,0.0,0,0,0.0,0.0,1.0
"F[1,2]((DBP <= 77.497 | Glucose <= 111.507) & SepsisLabel <= 67.126)
",-9999999.000,-9999999.000,0.000,0.000,1.000,0,0,0,8,8,0,0,8,0.0,0,0,0.0,0.0,1.0
"F[1,2](((HR <= 86.634 | Alkalinephos >= 0.000) | SaO2 <= 0.000) -> MAP >= 0.000)
",-9999999.000,-9999999.000,0.000,0.000,1.000,0,0,0,8,8,0,0,8,0.0,0,0,0.0,0.0,1.0
"F[1,1]((EtCO2 <= 0.000 | Phosphate >= 0.000) | WBC <= 0.000)
",0.000,0.000,0.000,0.000,1.000,0,0,0,8,8,0,0,8,0.0,0,0,0.0,0.0,1.0
"((Potassium <= 1.296) U[2,2] (Temp <= 19.290))
",19.290,19.290,0.000,0.000,1.000,0,0,0,8,8,0,0,8,0.0,0,0,0.0,0.0,1.0
"F[1,2](TroponinI <= 0.000 & Phosphate >= 0.000)
",-9999999.000,-9999999.000,0.000,0.000,1.000,0,0,0,8,8,0,0,8,0.0,0,0,0.0,0.0,1.0
"((PTT <= 0.000) U[0,1] (BUN <= 10.447))
",-9999999.000,-9999999.000,0.000,0.000,1.000,0,0,0,8,8,0,0,8,0.0,0,0,0.0,0.0,1.0
"((Temp <= 23.380) U[2,2] (Calcium <= 4.901))
",23.380,23.380,0.000,0.000,1.000,0,0,0,8,8,0,0,8,0.0,0,0,0.0,0.0,1.0
"F[2,2]((Resp <= 19.175 | AST <= 0.000) | pH <= 0.000)
",5397193772498911.000,19.175,0.000,0.000,1.000,0,0,0,8,8,0,0,8,0.0,0,0,0.0,0.0,1.0
"F[2,2](((Hct >= 2.242 & Lactate >= 0.000) | BUN <= 0.000) -> TroponinI <= 0.000)
",0.000,0.000,0.000,0.000,1.000,0,0,0,8,8,0,0,8,0.0,0,0,0.0,0.0,1.0
"F[0,0](((WBC <= 12.826 -> HCO3 <= 0.000) | Calcium >= 0.000) -> WBC <= 0.000)
",0.000,0.000,0.000,0.000,1.000,0,0,0,8,8,0,0,8,0.0,0,0,0.0,0.0,1.0
"F[0,1](((SaO2 >= 0.000 & Resp >= 3.520) -> PTT >= 15.588) -> PTT <= 17.356)
",-9999999.000,-9999999.000,0.000,0.000,1.000,0,0,0,8,8,0,0,8,0.0,0,0,0.0,0.0,1.0
"((Glucose >= 11.541) U[0,2] (Temp <= 12.627))
",-9999999.000,-9999999.000,0.000,0.000,1.000,0,0,0,8,8,0,0,8,0.0,0,0,0.0,0.0,1.0
"F[0,1](((Glucose <= 40.198 -> FiO2 <= 0.000) & SaO2 <= 0.000) | Chloride <= 0.000)
",-9999999.000,-9999999.000,0.000,0.000,1.000,0,0,0,8,8,0,0,8,0.0,0,0,0.0,0.0,1.0
"F[1,2](((Fibrinogen >= 0.000 -> SepsisLabel >= 0.000) & Fibrinogen <= 0.000) -> Glucose <= 0.000)
",-9999999.000,-9999999.000,0.000,0.000,1.000,0,0,0,8,8,0,0,8,0.0,0,0,0.0,0.0,1.0
"F[1,2](((Magnesium <= 0.000 | O2Sat <= 96.677) -> DBP >= 96.415) -> Hgb <= 96.823)
",-9999999.000,-9999999.000,0.000,0.000,1.000,0,0,0,8,8,0,0,8,0.0,0,0,0.0,0.0,1.0
"F[0,0]((FiO2 <= 0.000 | SepsisLabel <= 0.000) | pH >= 0.000)
",0.000,0.000,0.000,0.000,1.000,0,0,0,8,8,0,0,8,0.0,0,0,0.0,0.0,1.0
"((DBP <= 80.714) U[0,2] (Lactate <= 0.000))
",-9999999.000,-9999999.000,0.000,0.000,1.000,0,0,0,8,8,0,0,8,0.0,0,0,0.0,0.0,1.0
"F[0,2](Fibrinogen <= 0.000 | Hct <= 2.883)
",-9999999.000,-9999999.000,0.000,0.000,1.000,0,0,0,8,8,0,0,8,0.0,0,0,0.0,0.0,1.0
"F[1,2]((SaO2 <= 0.000 | SBP >= 144.308) | TroponinI >= 147.478)
",-9999999.000,-9999999.000,0.000,0.000,1.000,0,0,0,8,8,0,0,8,0.0,0,0,0.0,0.0,1.0
"F[1,2]((Chloride >= 0.000 -> Platelets >= 8.291) & Bilirubin_direct >= 8.407)
",-9999999.000,-9999999.000,0.000,0.000,1.000,0,0,0,8,8,0,0,8,0.0,0,0,0.0,0.0,1.0
"F[2,2]((FiO2 >= 0.000 & Magnesium <= 0.000) | pH <= 0.000)
",0.000,0.000,0.000,0.000,1.000,0,0,0,8,8,0,0,8,0.0,0,0,0.0,0.0,1.0
"F[0,0]((MAP <= 111.446 | SBP >= 149.681) | Glucose <= 155.786)
",5481232580668545.000,155.786,0.000,0.000,1.000,0,0,0,8,8,0,0,8,0.0,0,0,0.0,0.0,1.0
"F[0,0](PTT <= 0.000 | Glucose >= 17.404)
",0.000,0.000,0.000,0.000,1.000,0,0,0,8,8,0,0,8,0.0,0,0,0.0,0.0,1.0
"F[1,2](((pH >= 0.000 -> Creatinine <= 1.061) & Hgb <= 0.697) -> Lactate >= 0.020)
",-9999999.000,-9999999.000,0.000,0.000,1.000,0,0,0,8,8,0,0,8,0.0,0,0,0.0,0.0,1.0
"F[1,1](Temp <= 26.373 & Lactate >= 0.000)
",0.000,0.000,0.000,0.000,1.000,0,0,0,8,8,0,0,8,0.0,0,0,0.0,0.0,1.0
"F[1,2](((BaseExcess <= 0.000 & MAP >= 84.850) & DBP <= 105.819) -> HR >= 89.984)
",-9999999.000,-9999999.000,0.000,0.000,1.000,0,0,0,8,8,0,0,8,0.0,0,0,0.0,0.0,1.0
"F[0,0](Chloride >= 0.000 | FiO2 >= 0.000)
",0.000,0.000,0.000,0.000,1.000,0,0,0,8,8,0,0,8,0.0,0,0,0.0,0.0,1.0
"((Temp >= 4.756) U[0,1] (Alkalinephos >= 0.000))
",-9999999.000,-9999999.000,0.000,0.000,1.000,0,0,0,8,8,0,0,8,0.0,0,0,0.0,0.0,1.0
"((Magnesium >= 0.000) U[0,2] (BaseExcess >= 0.000))
",-9999999.000,-9999999.000,0.000,0.000,1.000,0,0,0,8,8,0,0,8,0.0,0,0,0.0,0.0,1.0
"F[0,1](MAP <= 99.959 | SBP >= 129.389)
",-9999999.000,-9999999.000,0.000,0.000,1.000,0,0,0,8,8,0,0,8,0.0,0,0,0.0,0.0,1.0
"F[0,2](((HCO3 >= 0.000 | Lactate <= 0.000) & FiO2 >= 0.000) -> DBP <= 0.000)
",-9999999.000,-9999999.000,0.000,0.000,1.000,0,0,0,8,8,0,0,8,0.0,0,0,0.0,0.0,1.0
"F[0,2](((TroponinI <= 0.000 | Phosphate <= 0.000) -> Alkalinephos <= 0.000) & BUN <= 0.000)
",-9999999.000,-9999999.000,0.000,0.000,1.000,0,0,0,8,8,0,0,8,0.0,0,0,0.0,0.0,1.0
"F[1,2](((Bilirubin_total <= 0.000 -> Hct <= 6.639) -> HCO3 <= 19.762) -> Bilirubin_direct >= 1.939)
",-9999999.000,-9999999.000,0.000,0.000,1.000,0,0,0,8,8,0,0,8,0.0,0,0,0.0,0.0,1.0
"F[0,2]((EtCO2 >= 0.000 & Fibrinogen >= 0.000) | Platelets >= 0.000)
",-9999999.000,-9999999.000,0.000,0.000,1.000,0,0,0,8,8,0,0,8,0.0,0,0,0.0,0.0,1.0
"F[0,1]((WBC >= 0.635 | Creatinine >= 0.058) -> SBP <= 0.790)
",-9999999.000,-9999999.000,0.000,0.000,1.000,0,0,0,8,8,0,0,8,0.0,0,0,0.0,0.0,1.0
"F[2,2](((Temp >= 7.309 -> Creatinine >= 0.065) -> EtCO2 <= 0.629) -> FiO2 >= 0.040)
",0.040,0.040,0.000,0.000,1.000,0,0,0,8,8,0,0,8,0.0,0,0,0.0,0.0,1.0
"F[1,2]((Platelets >= 4.655 | TroponinI <= 0.000) -> pH >= 0.000)
",-9999999.000,-9999999.000,0.000,0.000,1.000,0,0,0,8,8,0,0,8,0.0,0,0,0.0,0.0,1.0
"F[0,2]((Hgb <= 5.067 -> Lactate >= 0.000) | Fibrinogen <= 0.000)
",-9999999.000,-9999999.000,0.000,0.000,1.000,0,0,0,8,8,0,0,8,0.0,0,0,0.0,0.0,1.0
"F[0,1]((pH >= 0.000 | PTT >= 0.000) -> Alkalinephos >= 0.000)
",-9999999.000,-9999999.000,0.000,0.000,1.000,0,0,0,8,8,0,0,8,0.0,0,0,0.0,0.0,1.0
"F[1,2](((Calcium <= 4.347 -> FiO2 <= 0.000) | BaseExcess >= 0.000) | AST >= 0.000)
",-9999999.000,-9999999.000,0.000,0.000,1.000,0,0,0,8,8,0,0,8,0.0,0,0,0.0,0.0,1.0
"F[2,2]((EtCO2 <= 0.000 -> Glucose >= 4.383) & FiO2 >= 18.601)
",-18.601,-18.601,0.000,0.000,1.000,0,0,0,8,8,0,0,8,0.0,0,0,0.0,0.0,1.0
"((DBP >= 65.343) U[0,1] (Phosphate >= 0.000))
",-9999999.000,-9999999.000,0.000,0.000,1.000,0,0,0,8,8,0,0,8,0.0,0,0,0.0,0.0,1.0
"F[0,2](TroponinI <= 0.000 | pH <= 0.000)
",-9999999.000,-9999999.000,0.000,0.000,1.000,0,0,0,8,8,0,0,8,0.0,0,0,0.0,0.0,1.0
"F[0,1](AST <= 0.000 & PaCO2 <= 0.000)
",-9999999.000,-9999999.000,0.000,0.000,1.000,0,0,0,8,8,0,0,8,0.0,0,0,0.0,0.0,1.0
"F[0,1](((HR >= 62.454 -> Alkalinephos >= 0.000) -> BUN >= 0.000) | MAP <= 0.000)
",-9999999.000,-9999999.000,0.000,0.000,1.000,0,0,0,8,8,0,0,8,0.0,0,0,0.0,0.0,1.0
"((DBP <= 79.597) U[0,1] (WBC <= 1.889))
",-9999999.000,-9999999.000,0.000,0.000,1.000,0,0,0,8,8,0,0,8,0.0,0,0,0.0,0.0,1.0
"((Magnesium >= 0.000) U[1,2] (WBC <= 9.157))
",-9999999.000,-9999999.000,0.000,0.000,1.000,0,0,0,8,8,0,0,8,0.0,0,0,0.0,0.0,1.0
"F[0,2]((Potassium <= 2.236 -> Glucose <= 56.482) | Platelets >= 25.771)
",-9999999.000,-9999999.000,0.000,0.000,1.000,0,0,0,8,8,0,0,8,0.0,0,0,0.0,0.0,1.0
"((Temp >= 1.106) U[2,2] (Lactate >= 0.000))
",0.000,0.000,0.000,0.000,1.000,0,0,0,8,8,0,0,8,0.0,0,0,0.0,0.0,1.0
"F[1,2]((Creatinine <= 0.651 | Lactate >= 0.000) | DBP <= 0.000)
",-9999999.000,-9999999.000,0.000,0.000,1.000,0,0,0,8,8,0,0,8,0.0,0,0,0.0,0.0,1.0
"F[1,2](AST <= 0.000 | Hct <= 27.326)
",-9999999.000,-9999999.000,0.000,0.000,1.000,0,0,0,8,8,0,0,8,0.0,0,0,0.0,0.0,1.0
"F[0,1]((SepsisLabel >= 0.000 -> Chloride >= 0.000) -> EtCO2 <= 0.000)
",-9999999.000,-9999999.000,0.000,0.000,1.000,0,0,0,8,8,0,0,8,0.0,0,0,0.0,0.0,1.0
"F[1,1](((Alkalinephos >= 0.000 -> Bilirubin_total <= 0.000) | Alkalinephos >= 0.000) & MAP >= 0.000)
",0.000,0.000,0.000,0.000,1.000,0,0,0,8,8,0,0,8,0.0,0,0,0.0,0.0,1.0
"F[1,2]((Lactate >= 0.000 & Creatinine <= 0.554) -> Hct <= 0.106)
",-9999999.000,-9999999.000,0.000,0.000,1.000,0,0,0,8,8,0,0,8,0.0,0,0,0.0,0.0,1.0
"F[0,1](TroponinI <= 0.000 | SepsisLabel <= 0.000)
",-9999999.000,-9999999.000,0.000,0.000,1.000,0,0,0,8,8,0,0,8,0.0,0,0,0.0,0.0,1.0
"F[1,2](Creatinine <= 0.463 | Bilirubin_direct <= 0.000)
",-9999999.000,-9999999.000,0.000,0.000,1.000,0,0,0,8,8,0,0,8,0.0,0,0,0.0,0.0,1.0
"F[0,1](((SBP <= 150.984 | AST >= 0.000) & Fibrinogen >= 0.000) | Fibrinogen >= 0.000)
",-9999999.000,-9999999.000,0.000,0.000,1.000,0,0,0,8,8,0,0,8,0.0,0,0,0.0,0.0,1.0
"F[0,1](pH >= 0.000 & FiO2 >= 0.000)
",-9999999.000,-9999999.000,0.000,0.000,1.000,0,0,0,8,8,0,0,8,0.0,0,0,0.0,0.0,1.0
"F[0,2](((FiO2 <= 0.000 | Hct >= 0.800) -> EtCO2 <= 24.499) | Hgb <= 34.033)
",-9999999.000,-9999999.000,0.000,0.000,1.000,0,0,0,8,8,0,0,8,0.0,0,0,0.0,0.0,1.0
"F[1,1](Resp <= 20.273 | Hgb <= 8.615)
",5706310835327361.000,20.273,0.000,0.000,1.000,0,0,0,8,8,0,0,8,0.0,0,0,0.0,0.0,1.0
"F[1,1](((Potassium >= 0.153 & SBP <= 158.442) | SaO2 <= 169.499) | BUN <= 154.430)
",5963700017022053.000,169.499,0.000,0.000,1.000,0,0,0,8,8,0,0,8,0.0,0,0,0.0,0.0,1.0
"F[1,1](SepsisLabel >= 0.000 | Magnesium <= 0.000)
",0.000,0.000,0.000,0.000,1.000,0,0,0,8,8,0,0,8,0.0,0,0,0.0,0.0,1.0
"((Creatinine >= 0.076) U[2,2] (SaO2 <= 0.000))
",0.000,0.000,0.000,0.000,1.000,0,0,0,8,8,0,0,8,0.0,0,0,0.0,0.0,1.0
"F[1,2](((HCO3 >= 0.000 & Temp >= 8.944) | Platelets >= 0.506) | EtCO2 <= 26.177)
",-9999999.000,-9999999.000,0.000,0.000,1.000,0,0,0,8,8,0,0,8,0.0,0,0,0.0,0.0,1.0
"F[0,0](WBC <= 7.388 & Phosphate >= 0.000)
",0.000,0.000,0.000,0.000,1.000,0,0,0,8,8,0,0,8,0.0,0,0,0.0,0.0,1.0
"F[0,0](((SaO2 >= 0.000 | Calcium <= 2.651) & Temp >= 0.078) -> SBP >= 0.395)
",-0.807,-12.281,0.000,0.000,1.000,0,0,0,8,8,0,0,8,0.0,0,0,0.0,0.0,1.0
"F[0,1](((Calcium >= 0.484 | Magnesium >= 0.000) -> Potassium <= 0.000) -> SaO2 <= 0.000)
",-9999999.000,-9999999.000,0.000,0.000,1.000,0,0,0,8,8,0,0,8,0.0,0,0,0.0,0.0,1.0
"F[1,1](((PaCO2 <= 0.000 & FiO2 >= 0.000) & Bilirubin_direct >= 0.000) | DBP <= 0.000)
",0.000,0.000,0.000,0.000,1.000,0,0,0,8,8,0,0,8,0.0,0,0,0.0,0.0,1.0
"F[0,1]((Resp >= 1.426 & Temp <= 30.107) | Bilirubin_total >= 9.626)
",-9999999.000,-9999999.000,0.000,0.000,1.000,0,0,0,8,8,0,0,8,0.0,0,0,0.0,0.0,1.0
"F[0,2](((EtCO2 <= 0.000 & HR <= 81.615) | pH >= 70.375) & Lactate <= 88.523)
",-9999999.000,-9999999.000,0.000,0.000,1.000,0,0,0,8,8,0,0,8,0.0,0,0,0.0,0.0,1.0
"((Lactate <= 0.000) U[0,2] (SepsisLabel >= 0.000))
",-9999999.000,-9999999.000,0.000,0.000,1.000,0,0,0,8,8,0,0,8,0.0,0,0,0.0,0.0,1.0
"F[0,1]((PaCO2 >= 0.000 -> Fibrinogen <= 0.000) -> Bilirubin_direct >= 0.000)
",-9999999.000,-9999999.000,0.000,0.000,1.000,0,0,0,8,8,0,0,8,0.0,0,0,0.0,0.0,1.0
"F[1,1](((Chloride <= 0.000 -> O2Sat <= 96.974) | PaCO2 >= 94.714) -> Magnesium <= 96.557)
",-6794604033468742.000,-96.557,0.000,0.000,1.000,0,0,0,8,8,0,0,8,0.0,0,0,0.0,0.0,1.0
"F[2,2](PaCO2 <= 0.000 | PTT >= 0.000)
",0.000,0.000,0.000,0.000,1.000,0,0,0,8,8,0,0,8,0.0,0,0,0.0,0.0,1.0
"F[0,2](((TroponinI >= 0.000 | Potassium <= 2.497) | Phosphate >= 0.100) | SaO2 <= 0.810)
",-9999999.000,-9999999.000,0.000,0.000,1.000,0,0,0,8,8,0,0,8,0.0,0,0,0.0,0.0,1.0
"F[0,2](TroponinI <= 0.000 | TroponinI <= 0.000)
",-9999999.000,-9999999.000,0.000,0.000,1.000,0,0,0,8,8,0,0,8,0.0,0,0,0.0,0.0,1.0
"F[0,2](Bilirubin_total >= 0.000 & Potassium <= 2.319)
",-9999999.000,-9999999.000,0.000,0.000,1.000,0,0,0,8,8,0,0,8,0.0,0,0,0.0,0.0,1.0
"F[0,2](Potassium <= 0.594 -> AST >= 0.000)
",-9999999.000,-9999999.000,0.000,0.000,1.000,0,0,0,8,8,0,0,8,0.0,0,0,0.0,0.0,1.0
"((Glucose >= 29.923) U[2,2] (AST >= 0.000))
",0.000,0.000,0.000,0.000,1.000,0,0,0,8,8,0,0,8,0.0,0,0,0.0,0.0,1.0
"F[0,1](Bilirubin_total >= 0.000 | Temp >= 2.516)
",-9999999.000,-9999999.000,0.000,0.000,1.000,0,0,0,8,8,0,0,8,0.0,0,0,0.0,0.0,1.0
"F[1,2](FiO2 <= 0.000 & Phosphate <= 0.000)
",-9999999.000,-9999999.000,0.000,0.000,1.000,0,0,0,8,8,0,0,8,0.0,0,0,0.0,0.0,1.0
"F[1,2](((SBP <= 167.991 & Calcium >= 0.000) -> MAP >= 0.045) & O2Sat <= 2.675)
",-9999999.000,-9999999.000,0.000,0.000,1.000,0,0,0,8,8,0,0,8,0.0,0,0,0.0,0.0,1.0
"((Bilirubin_total >= 0.000) U[0,1] (MAP <= 111.368))
",-9999999.000,-9999999.000,0.000,0.000,1.000,0,0,0,8,8,0,0,8,0.0,0,0,0.0,0.0,1.0
"F[0,0]((PaCO2 <= 0.000 -> AST >= 0.000) | Resp >= 0.000)
",8.031,69.714,0.000,0.000,1.000,0,0,0,8,8,0,0,8,0.0,0,0,0.0,0.0,1.0
"F[1,2]((Hct <= 5.052 | Phosphate <= 0.000) -> Bilirubin_total >= 0.000)
",-9999999.000,-9999999.000,0.000,0.000,1.000,0,0,0,8,8,0,0,8,0.0,0,0,0.0,0.0,1.0
"F[1,2]((Bilirubin_total <= 0.000 & HCO3 >= 0.000) | SaO2 >= 0.000)
",-9999999.000,-9999999.000,0.000,0.000,1.000,0,0,0,8,8,0,0,8,0.0,0,0,0.0,0.0,1.0
"F[0,1]((Phosphate >= 0.000 | Lactate <= 0.000) | SBP >= 0.000)
",-9999999.000,-9999999.000,0.000,0.000,1.000,0,0,0,8,8,0,0,8,0.0,0,0,0.0,0.0,1.0
"F[0,1](((BaseExcess <= 0.000 & TroponinI <= 0.000) | SaO2 <= 0.000) | Lactate >= 0.000)
",-9999999.000,-9999999.000,0.000,0.000,1.000,0,0,0,8,8,0,0,8,0.0,0,0,0.0,0.0,1.0
"F[0,1](Hct <= 24.826 & Chloride <= 0.000)
",-9999999.000,-9999999.000,0.000,0.000,1.000,0,0,0,8,8,0,0,8,0.0,0,0,0.0,0.0,1.0
"((Bilirubin_direct <= 0.000) U[0,2] (AST <= 0.000))
",-9999999.000,-9999999.000,0.000,0.000,1.000,0,0,0,8,8,0,0,8,0.0,0,0,0.0,0.0,1.0
"F[0,1](((TroponinI <= 0.000 -> PTT <= 0.000) | EtCO2 <= 0.000) & SaO2 >= 0.000)
",-9999999.000,-9999999.000,0.000,0.000,1.000,0,0,0,8,8,0,0,8,0.0,0,0,0.0,0.0,1.0
"F[0,2](((Chloride >= 0.000 | Alkalinephos >= 0.000) -> BaseExcess <= 0.000) | Resp <= 0.000)
",-9999999.000,-9999999.000,0.000,0.000,1.000,0,0,0,8,8,0,0,8,0.0,0,0,0.0,0.0,1.0
"((Fibrinogen >= 0.000) U[1,2] (Fibrinogen >= 0.000))
",-9999999.000,-9999999.000,0.000,0.000,1.000,0,0,0,8,8,0,0,8,0.0,0,0,0.0,0.0,1.0
"F[2,2](BUN >= 0.379 -> SepsisLabel = 0.000)
",0.000,0.000,0.000,0.000,1.000,0,0,0,8,8,0,0,8,0.0,0,0,0.0,0.0,1.0
"((PaCO2 > 0.000) U[2,2] (SepsisLabel = 0.000))
",0.000,0.000,0.000,0.000,1.000,0,0,0,8,8,0,0,8,0.0,0,0,0.0,0.0,1.0
"F[0,1](Resp <= 21.747 -> SepsisLabel = 0.000)
",-9999999.000,-9999999.000,0.000,0.000,1.000,0,0,0,8,8,0,0,8,0.0,0,0,0.0,0.0,1.0
"F[1,2](Bilirubin_total < 0.000 & SepsisLabel = 0.000)
",-9999999.000,-9999999.000,0.000,0.000,1.000,0,0,0,8,8,0,0,8,0.0,0,0,0.0,0.0,1.0
"F[2,2](Fibrinogen < 0.000 -> SepsisLabel = 0.000)
",0.000,0.000,0.000,0.000,1.000,0,0,0,8,8,0,0,8,0.0,0,0,0.0,0.0,1.0
"F[2,2](BaseExcess <= 0.000 -> SepsisLabel = 0.000)
",0.000,0.000,0.000,0.000,1.000,0,0,0,8,8,0,0,8,0.0,0,0,0.0,0.0,1.0
"((Magnesium >= 0.000) U[0,1] (SepsisLabel = 0.000))
",-9999999.000,-9999999.000,0.000,0.000,1.000,0,0,0,8,8,0,0,8,0.0,0,0,0.0,0.0,1.0
"((Lactate > 0.000) U[0,0] (SepsisLabel = 0.000))
",0.631,33.571,0.000,0.000,1.000,0,0,0,8,8,0,0,8,0.0,0,0,0.0,0.0,1.0
"F[1,2](Magnesium <= 0.000 -> SepsisLabel = 0.000)
",-9999999.000,-9999999.000,0.000,0.000,1.000,0,0,0,8,8,0,0,8,0.0,0,0,0.0,0.0,1.0
"((SaO2 < 0.000) U[0,2] (SepsisLabel = 0.000))
",-9999999.000,-9999999.000,0.000,0.000,1.000,0,0,0,8,8,0,0,8,0.0,0,0,0.0,0.0,1.0
"((Phosphate <= 0.000) U[0,1] (SepsisLabel = 0.000))
",-9999999.000,-9999999.000,0.000,0.000,1.000,0,0,0,8,8,0,0,8,0.0,0,0,0.0,0.0,1.0
"((BaseExcess < 0.000) U[0,2] (SepsisLabel = 0.000))
",-9999999.000,-9999999.000,0.000,0.000,1.000,0,0,0,8,8,0,0,8,0.0,0,0,0.0,0.0,1.0
"F[1,2](O2Sat < 97.063 & SepsisLabel = 0.000)
",-9999999.000,-9999999.000,0.000,0.000,1.000,0,0,0,8,8,0,0,8,0.0,0,0,0.0,0.0,1.0
"F[1,2](HR < 85.290 & SepsisLabel = 0.000)
",-9999999.000,-9999999.000,0.000,0.000,1.000,0,0,0,8,8,0,0,8,0.0,0,0,0.0,0.0,1.0
"((Chloride <= 0.000) U[0,1] (SepsisLabel = 0.000))
",-9999999.000,-9999999.000,0.000,0.000,1.000,0,0,0,8,8,0,0,8,0.0,0,0,0.0,0.0,1.0
"((Chloride >= 0.000) U[1,1] (SepsisLabel = 0.000))
",0.000,0.000,0.000,0.000,1.000,0,0,0,8,8,0,0,8,0.0,0,0,0.0,0.0,1.0
"F[0,2](HCO3 < 0.000 & SepsisLabel = 0.000)
",-9999999.000,-9999999.000,0.000,0.000,1.000,0,0,0,8,8,0,0,8,0.0,0,0,0.0,0.0,1.0
"((pH <= 0.000) U[0,2] (SepsisLabel = 0.000))
",-9999999.000,-9999999.000,0.000,0.000,1.000,0,0,0,8,8,0,0,8,0.0,0,0,0.0,0.0,1.0
"F[0,2](Creatinine > 0.049 & SepsisLabel = 0.000)
",-9999999.000,-9999999.000,0.000,0.000,1.000,0,0,0,8,8,0,0,8,0.0,0,0,0.0,0.0,1.0
"F[0,1]((Fibrinogen <= 0.000 -> Glucose >= 8.689) -> Magnesium <= 54.387)
",-9999999.000,-9999999.000,0.000,0.000,1.000,0,0,0,8,8,0,0,8,0.0,0,0,0.0,0.0,1.0
"((Calcium >= 0.493) U[0,1] (SBP <= 168.920))
",-9999999.000,-9999999.000,0.000,0.000,1.000,0,0,0,8,8,0,0,8,0.0,0,0,0.0,0.0,1.0
"((Hgb <= 4.700) U[0,1] (Temp <= 12.040))
",-9999999.000,-9999999.000,0.000,0.000,1.000,0,0,0,8,8,0,0,8,0.0,0,0,0.0,0.0,1.0
"F[1,2]((HR <= 80.133 | SBP <= 161.450) -> Hgb >= 139.248)
",-9999999.000,-9999999.000,0.000,0.000,1.000,0,0,0,8,8,0,0,8,0.0,0,0,0.0,0.0,1.0
"F[0,0]((Calcium >= 0.324 | HR >= 61.705) | Hct <= 72.965)
",23531.295,23531.295,0.000,0.000,1.000,0,0,0,8,8,0,0,8,0.0,0,0,0.0,0.0,1.0
"F[1,2](((HR <= 82.652 & Platelets >= 6.640) & MAP >= 14.093) | SaO2 >= 4.664)
",-9999999.000,-9999999.000,0.000,0.000,1.000,0,0,0,8,8,0,0,8,0.0,0,0,0.0,0.0,1.0
"F[0,2]((Creatinine >= 0.046 -> HR <= 85.629) & Bilirubin_total >= 61.381)
",-9999999.000,-9999999.000,0.000,0.000,1.000,0,0,0,8,8,0,0,8,0.0,0,0,0.0,0.0,1.0
"F[1,2]((Hct <= 16.738 & SBP >= 142.772) | WBC >= 134.408)
",-9999999.000,-9999999.000,0.000,0.000,1.000,0,0,0,8,8,0,0,8,0.0,0,0,0.0,0.0,1.0
"F[0,0](((Potassium >= 0.171 -> SBP >= 137.816) | Creatinine <= 161.162) & EtCO2 <= 154.950)
",38.250,138.236,0.000,0.000,1.000,0,0,0,8,8,0,0,8,0.0,0,0,0.0,0.0,1.0
"((Platelets <= 53.125) U[0,1] (SBP >= 128.278))
",-9999999.000,-9999999.000,0.000,0.000,1.000,0,0,0,8,8,0,0,8,0.0,0,0,0.0,0.0,1.0
"F[1,1](TroponinI >= 0.000 & SepsisLabel = 0.000)
",0.000,0.000,0.000,0.000,1.000,0,0,0,8,8,0,0,8,0.0,0,0,0.0,0.0,1.0
"F[2,2](((DBP >= 68.561 -> Potassium >= 0.150) & HCO3 >= 0.084) | Magnesium <= 3.096)
",6971511550833591.000,3.096,0.000,0.000,1.000,0,0,0,8,8,0,0,8,0.0,0,0,0.0,0.0,1.0
"F[0,2]((DBP <= 73.402 | WBC >= 0.595) | Hct <= 10.326)
",-9999999.000,-9999999.000,0.000,0.000,1.000,0,0,0,8,8,0,0,8,0.0,0,0,0.0,0.0,1.0
"F[1,2](Calcium >= 0.242 -> MAP <= 106.631)
",-9999999.000,-9999999.000,0.000,0.000,1.000,0,0,0,8,8,0,0,8,0.0,0,0,0.0,0.0,1.0
"F[1,2](((Creatinine >= 0.045 & Glucose <= 50.699) | FiO2 >= 33.445) -> Calcium <= 116.888)
",-9999999.000,-9999999.000,0.000,0.000,1.000,0,0,0,8,8,0,0,8,0.0,0,0,0.0,0.0,1.0
"F[1,1](((Potassium >= 0.028 & WBC <= 12.681) | DBP >= 0.758) & TroponinI <= 10.028)
",-0.028,-0.028,0.000,0.000,1.000,0,0,0,8,8,0,0,8,0.0,0,0,0.0,0.0,1.0
"F[0,1]((BUN >= 0.881 | BUN <= 4.304) & Platelets <= 10.494)
",-9999999.000,-9999999.000,0.000,0.000,1.000,0,0,0,8,8,0,0,8,0.0,0,0,0.0,0.0,1.0
"F[0,2](BUN >= 0.485 -> Creatinine >= 0.014)
",-9999999.000,-9999999.000,0.000,0.000,1.000,0,0,0,8,8,0,0,8,0.0,0,0,0.0,0.0,1.0
"((pH <= 0.000) U[1,2] (SepsisLabel = 0.000))
",-9999999.000,-9999999.000,0.000,0.000,1.000,0,0,0,8,8,0,0,8,0.0,0,0,0.0,0.0,1.0
"((EtCO2 >= 0.000) U[0,1] (SepsisLabel = 0.000))
",-9999999.000,-9999999.000,0.000,0.000,1.000,0,0,0,8,8,0,0,8,0.0,0,0,0.0,0.0,1.0
"((Phosphate < 0.000) U[0,2] (SepsisLabel = 0.000))
",-9999999.000,-9999999.000,0.000,0.000,1.000,0,0,0,8,8,0,0,8,0.0,0,0,0.0,0.0,1.0
"F[0,1]((Phosphate >= 0.000 & Magnesium > 0.000) -> Calcium < 2.864)
",-9999999.000,-9999999.000,0.000,0.000,1.000,0,0,0,8,8,0,0,8,0.0,0,0,0.0,0.0,1.0
"F[0,2]((Calcium <= 0.861 & Potassium <= 2.845) & Magnesium >= 0.000)
",-9999999.000,-9999999.000,0.000,0.000,1.000,0,0,0,8,8,0,0,8,0.0,0,0,0.0,0.0,1.0
"F[0,1](Hgb <= 8.218 | Hct <= 4.258)
",-9999999.000,-9999999.000,0.000,0.000,1.000,0,0,0,8,8,0,0,8,0.0,0,0,0.0,0.0,1.0
"F[0,1]((Phosphate >= 0.000 & Magnesium > 0.000) -> Calcium < 1.829)
",-9999999.000,-9999999.000,0.000,0.000,1.000,0,0,0,8,8,0,0,8,0.0,0,0,0.0,0.0,1.0
"F[1,2](Hgb <= 6.779 | Hct <= 26.632)
",-9999999.000,-9999999.000,0.000,0.000,1.000,0,0,0,8,8,0,0,8,0.0,0,0,0.0,0.0,1.0
"F[0,2]((Phosphate >= 0.000 & Magnesium > 0.000) -> Calcium < 6.358)
",-9999999.000,-9999999.000,0.000,0.000,1.000,0,0,0,8,8,0,0,8,0.0,0,0,0.0,0.0,1.0
"F[1,2](Hgb <= 0.835 | Hct <= 18.761)
",-9999999.000,-9999999.000,0.000,0.000,1.000,0,0,0,8,8,0,0,8,0.0,0,0,0.0,0.0,1.0
"((MAP >= 90.764) U[0,1] (SBP <= 170.199))
",-9999999.000,-9999999.000,0.000,0.000,1.000,0,0,0,8,8,0,0,8,0.0,0,0,0.0,0.0,1.0
"F[2,2](((Calcium < 0.724 & Potassium < 1.429) & Magnesium < 0.000) & Phosphate < 0.000)
",0.000,0.000,0.000,0.000,1.000,0,0,0,8,8,0,0,8,0.0,0,0,0.0,0.0,1.0
"((SepsisLabel <= 0.000) U[2,2] (SepsisLabel = 0.000))
",0.000,0.000,0.000,0.000,1.000,0,0,0,8,8,0,0,8,0.0,0,0,0.0,0.0,1.0
"F[0,0]((Calcium <= 4.364 & Potassium <= 3.472) & Magnesium >= 0.000)
",0.000,0.000,0.000,0.000,1.000,0,0,0,8,8,0,0,8,0.0,0,0,0.0,0.0,1.0
"F[0,1](Hgb <= 7.187 | Hct <= 36.402)
",-9999999.000,-9999999.000,0.000,0.000,1.000,0,0,0,8,8,0,0,8,0.0,0,0,0.0,0.0,1.0
"((MAP >= 84.208) U[0,1] (SBP <= 163.057))
",-9999999.000,-9999999.000,0.000,0.000,1.000,0,0,0,8,8,0,0,8,0.0,0,0,0.0,0.0,1.0
"F[1,2]((Phosphate >= 0.000 & Magnesium > 0.000) -> Calcium < 7.231)
",-9999999.000,-9999999.000,0.000,0.000,1.000,0,0,0,8,8,0,0,8,0.0,0,0,0.0,0.0,1.0
"F[0,0]((Calcium <= 4.746 & Potassium <= 1.773) & Magnesium >= 0.000)
",0.000,0.000,0.000,0.000,1.000,0,0,0,8,8,0,0,8,0.0,0,0,0.0,0.0,1.0
"F[1,2](Hgb <= 11.332 | Hct <= 8.676)
",-9999999.000,-9999999.000,0.000,0.000,1.000,0,0,0,8,8,0,0,8,0.0,0,0,0.0,0.0,1.0
"F[1,2]((Phosphate >= 0.000 & Magnesium > 0.000) -> Calcium < 5.657)
",-9999999.000,-9999999.000,0.000,0.000,1.000,0,0,0,8,8,0,0,8,0.0,0,0,0.0,0.0,1.0
"F[1,2]((Phosphate >= 0.000 & Magnesium > 0.000) -> Calcium < 0.593)
",-9999999.000,-9999999.000,0.000,0.000,1.000,0,0,0,8,8,0,0,8,0.0,0,0,0.0,0.0,1.0
"((MAP >= 85.590) U[1,2] (SBP <= 160.240))
",-9999999.000,-9999999.000,0.000,0.000,1.000,0,0,0,8,8,0,0,8,0.0,0,0,0.0,0.0,1.0
"F[1,2](Hgb <= 7.641 | Hct <= 13.614)
",-9999999.000,-9999999.000,0.000,0.000,1.000,0,0,0,8,8,0,0,8,0.0,0,0,0.0,0.0,1.0
"F[0,1]((Calcium <= 0.826 & Potassium <= 3.558) & Magnesium >= 0.000)
",-9999999.000,-9999999.000,0.000,0.000,1.000,0,0,0,8,8,0,0,8,0.0,0,0,0.0,0.0,1.0
"((FiO2 <= 0.000) U[0,1] (SepsisLabel = 0.000))
",-9999999.000,-9999999.000,0.000,0.000,1.000,0,0,0,8,8,0,0,8,0.0,0,0,0.0,0.0,1.0
"F[0,1]((Phosphate >= 0.000 & Magnesium > 0.000) -> Calcium < 3.660)
",-9999999.000,-9999999.000,0.000,0.000,1.000,0,0,0,8,8,0,0,8,0.0,0,0,0.0,0.0,1.0
"F[0,2](((Calcium < 0.859 & Potassium < 1.578) & Magnesium < 0.000) & Phosphate < 0.000)
",-9999999.000,-9999999.000,0.000,0.000,1.000,0,0,0,8,8,0,0,8,0.0,0,0,0.0,0.0,1.0
"F[0,0]((Calcium <= 6.254 & Potassium <= 2.083) & Magnesium >= 0.000)
",0.000,0.000,0.000,0.000,1.000,0,0,0,8,8,0,0,8,0.0,0,0,0.0,0.0,1.0
"F[0,1](Hgb <= 9.434 | Hct <= 8.790)
",-9999999.000,-9999999.000,0.000,0.000,1.000,0,0,0,8,8,0,0,8,0.0,0,0,0.0,0.0,1.0
"F[0,0]((Phosphate >= 0.000 & Magnesium > 0.000) -> Calcium < 5.572)
",-6273246752700507.000,-5.572,0.000,0.000,1.000,0,0,0,8,8,0,0,8,0.0,0,0,0.0,0.0,1.0
"F[0,0]((Calcium <= 5.678 & Potassium <= 1.474) & Magnesium >= 0.000)
",0.000,0.000,0.000,0.000,1.000,0,0,0,8,8,0,0,8,0.0,0,0,0.0,0.0,1.0
"F[2,2](Hgb <= 5.726 | Hct <= 23.505)
",6616040741579751.000,23.505,0.000,0.000,1.000,0,0,0,8,8,0,0,8,0.0,0,0,0.0,0.0,1.0
"((MAP >= 85.653) U[2,2] (SBP <= 160.616))
",160.616,160.616,0.000,0.000,1.000,0,0,0,8,8,0,0,8,0.0,0,0,0.0,0.0,1.0
"F[0,0]((Phosphate >= 0.000 & Magnesium > 0.000) -> Calcium < 3.415)
",-7690542342288103.000,-3.415,0.000,0.000,1.000,0,0,0,8,8,0,0,8,0.0,0,0,0.0,0.0,1.0
"F[0,2]((Calcium <= 4.532 & Potassium <= 0.546) & Magnesium >= 0.000)
",-9999999.000,-9999999.000,0.000,0.000,1.000,0,0,0,8,8,0,0,8,0.0,0,0,0.0,0.0,1.0
"F[0,1](Hgb <= 11.929 | Hct <= 14.621)
",-9999999.000,-9999999.000,0.000,0.000,1.000,0,0,0,8,8,0,0,8,0.0,0,0,0.0,0.0,1.0
"((MAP >= 90.422) U[0,2] (SBP <= 171.620))
",-9999999.000,-9999999.000,0.000,0.000,1.000,0,0,0,8,8,0,0,8,0.0,0,0,0.0,0.0,1.0
"F[1,2]((Phosphate >= 0.000 & Magnesium > 0.000) -> Calcium < 6.662)
",-9999999.000,-9999999.000,0.000,0.000,1.000,0,0,0,8,8,0,0,8,0.0,0,0,0.0,0.0,1.0
"F[0,2](((Calcium < 2.886 & Potassium < 2.146) & Magnesium < 0.000) & Phosphate < 0.000)
",-9999999.000,-9999999.000,0.000,0.000,1.000,0,0,0,8,8,0,0,8,0.0,0,0,0.0,0.0,1.0
"F[1,1](((Potassium <= 0.434 | Temp >= 5.108) -> BUN >= 8.504) | Hct <= 22.191)
",22.191,22.191,0.000,0.000,1.000,0,0,0,8,8,0,0,8,0.0,0,0,0.0,0.0,1.0
"((Creatinine <= 0.816) U[1,2] (Temp <= 31.439))
",-9999999.000,-9999999.000,0.000,0.000,1.000,0,0,0,8,8,0,0,8,0.0,0,0,0.0,0.0,1.0
"F[0,2](Potassium <= 0.680 -> Resp >= 11.419)
",-9999999.000,-9999999.000,0.000,0.000,1.000,0,0,0,8,8,0,0,8,0.0,0,0,0.0,0.0,1.0
"((FiO2 >= 0.000) U[1,1] (TroponinI <= 0.000))
",0.000,0.000,0.000,0.000,1.000,0,0,0,8,8,0,0,8,0.0,0,0,0.0,0.0,1.0
"F[1,2]((Lactate >= 0.000 -> SBP <= 167.127) & TroponinI <= 154.815)
",-9999999.000,-9999999.000,0.000,0.000,1.000,0,0,0,8,8,0,0,8,0.0,0,0,0.0,0.0,1.0
"F[0,1]((DBP <= 79.943 | PTT >= 0.000) & SaO2 >= 0.000)
",-9999999.000,-9999999.000,0.000,0.000,1.000,0,0,0,8,8,0,0,8,0.0,0,0,0.0,0.0,1.0
"F[1,2]((O2Sat <= 96.542 -> WBC <= 7.906) | Hgb <= 13.556)
",-9999999.000,-9999999.000,0.000,0.000,1.000,0,0,0,8,8,0,0,8,0.0,0,0,0.0,0.0,1.0
"F[1,1](((Temp >= 6.424 -> FiO2 <= 0.000) & Fibrinogen >= 0.000) -> Phosphate >= 0.000)
",0.000,0.000,0.000,0.000,1.000,0,0,0,8,8,0,0,8,0.0,0,0,0.0,0.0,1.0
"((Potassium <= 2.317) U[0,1] (Phosphate <= 0.000))
",-9999999.000,-9999999.000,0.000,0.000,1.000,0,0,0,8,8,0,0,8,0.0,0,0,0.0,0.0,1.0
"F[0,0](((BaseExcess <= 0.000 & Alkalinephos <= 0.000) -> Phosphate >= 0.000) & Bilirubin_total >= 0.000)
",0.000,0.000,0.000,0.000,1.000,0,0,0,8,8,0,0,8,0.0,0,0,0.0,0.0,1.0
"F[0,0](((SaO2 <= 0.000 | Bilirubin_total >= 0.000) -> Lactate <= 0.000) & pH <= 0.000)
",0.000,0.000,0.000,0.000,1.000,0,0,0,8,8,0,0,8,0.0,0,0,0.0,0.0,1.0
"F[1,1]((WBC >= 0.532 & BaseExcess <= 0.000) -> MAP >= 0.000)
",0.000,0.000,0.000,0.000,1.000,0,0,0,8,8,0,0,8,0.0,0,0,0.0,0.0,1.0
"F[1,2](((Bilirubin_direct <= 0.000 -> Potassium <= 1.300) & DBP <= 2.684) & Platelets >= 0.214)
",-9999999.000,-9999999.000,0.000,0.000,1.000,0,0,0,8,8,0,0,8,0.0,0,0,0.0,0.0,1.0
"F[0,2]((TroponinI <= 0.000 | Resp >= 1.629) | Chloride <= 18.338)
",-9999999.000,-9999999.000,0.000,0.000,1.000,0,0,0,8,8,0,0,8,0.0,0,0,0.0,0.0,1.0
"F[0,2]((TroponinI >= 0.000 & Hct >= 2.272) | WBC >= 0.568)
",-9999999.000,-9999999.000,0.000,0.000,1.000,0,0,0,8,8,0,0,8,0.0,0,0,0.0,0.0,1.0
"F[1,2](((Fibrinogen <= 0.000 | Bilirubin_total >= 0.000) -> Calcium >= 0.000) -> TroponinI <= 0.000)
",-9999999.000,-9999999.000,0.000,0.000,1.000,0,0,0,8,8,0,0,8,0.0,0,0,0.0,0.0,1.0
"F[0,1](((Platelets >= 5.795 | Potassium <= 0.857) & Alkalinephos >= 0.148) -> Magnesium >= 0.114)
",-9999999.000,-9999999.000,0.000,0.000,1.000,0,0,0,8,8,0,0,8,0.0,0,0,0.0,0.0,1.0
"F[2,2](BaseExcess <= 0.000 | WBC <= 7.240)
",8151736473490330.000,7.240,0.000,0.000,1.000,0,0,0,8,8,0,0,8,0.0,0,0,0.0,0.0,1.0
"((SepsisLabel >= 0.000) U[0,1] (HCO3 >= 0.000))
",-9999999.000,-9999999.000,0.000,0.000,1.000,0,0,0,8,8,0,0,8,0.0,0,0,0.0,0.0,1.0
"F[0,1](((O2Sat <= 97.685 & Bilirubin_direct <= 0.000) & O2Sat <= 0.000) | PTT >= 0.000)
",-9999999.000,-9999999.000,0.000,0.000,1.000,0,0,0,8,8,0,0,8,0.0,0,0,0.0,0.0,1.0
"F[2,2](((Alkalinephos <= 0.000 | Chloride <= 0.000) -> BUN <= 0.000) -> SaO2 >= 0.000)
",0.000,0.000,0.000,0.000,1.000,0,0,0,8,8,0,0,8,0.0,0,0,0.0,0.0,1.0
"F[1,2](((pH <= 0.000 | Calcium >= 0.118) | SaO2 <= 4.477) | MAP >= 0.058)
",-9999999.000,-9999999.000,0.000,0.000,1.000,0,0,0,8,8,0,0,8,0.0,0,0,0.0,0.0,1.0
"F[1,2](Magnesium >= 0.000 -> HCO3 <= 0.000)
",-9999999.000,-9999999.000,0.000,0.000,1.000,0,0,0,8,8,0,0,8,0.0,0,0,0.0,0.0,1.0
"F[1,2]((Calcium <= 1.381 & Potassium <= 0.685) & Magnesium >= 0.000)
",-9999999.000,-9999999.000,0.000,0.000,1.000,0,0,0,8,8,0,0,8,0.0,0,0,0.0,0.0,1.0
"((Resp >= 1.897) U[0,0] (Alkalinephos >= 0.000))
",7.813,67.817,0.000,0.000,1.000,0,0,0,8,8,0,0,8,0.0,0,0,0.0,0.0,1.0
"F[0,1](Temp >= 8.142 -> DBP >= 59.658)
",-9999999.000,-9999999.000,0.000,0.000,1.000,0,0,0,8,8,0,0,8,0.0,0,0,0.0,0.0,1.0
"F[0,1]((SBP <= 150.548 | Bilirubin_total >= 0.000) | SaO2 <= 0.000)
",-9999999.000,-9999999.000,0.000,0.000,1.000,0,0,0,8,8,0,0,8,0.0,0,0,0.0,0.0,1.0
"F[0,1](Glucose >= 27.973 -> Phosphate <= 0.000)
",-9999999.000,-9999999.000,0.000,0.000,1.000,0,0,0,8,8,0,0,8,0.0,0,0,0.0,0.0,1.0
"F[0,0](MAP >= 92.228 -> PTT >= 0.000)
",-4.389,-56.486,0.000,0.000,1.000,0,0,0,8,8,0,0,8,0.0,0,0,0.0,0.0,1.0
"F[0,2](((Hct <= 2.963 -> FiO2 >= 0.000) | Fibrinogen >= 0.000) & O2Sat <= 0.000)
",-9999999.000,-9999999.000,0.000,0.000,1.000,0,0,0,8,8,0,0,8,0.0,0,0,0.0,0.0,1.0
"F[0,2]((Creatinine >= 0.080 -> MAP <= 110.040) & BUN <= 100.886)
",-9999999.000,-9999999.000,0.000,0.000,1.000,0,0,0,8,8,0,0,8,0.0,0,0,0.0,0.0,1.0
"F[0,2](Bilirubin_total >= 0.000 | PTT >= 0.000)
",-9999999.000,-9999999.000,0.000,0.000,1.000,0,0,0,8,8,0,0,8,0.0,0,0,0.0,0.0,1.0
"F[0,2]((Fibrinogen <= 0.000 & Resp <= 19.499) | WBC >= 7.163)
",-9999999.000,-9999999.000,0.000,0.000,1.000,0,0,0,8,8,0,0,8,0.0,0,0,0.0,0.0,1.0
"F[0,1](BaseExcess >= 0.000 & BUN <= 3.523)
",-9999999.000,-9999999.000,0.000,0.000,1.000,0,0,0,8,8,0,0,8,0.0,0,0,0.0,0.0,1.0
"F[1,2]((MAP <= 111.333 | SBP >= 149.216) & SepsisLabel >= 128.151)
",-9999999.000,-9999999.000,0.000,0.000,1.000,0,0,0,8,8,0,0,8,0.0,0,0,0.0,0.0,1.0
"F[0,0]((SepsisLabel >= 0.000 & Bilirubin_total <= 0.000) | Bilirubin_direct >= 0.000)
",0.000,0.000,0.000,0.000,1.000,0,0,0,8,8,0,0,8,0.0,0,0,0.0,0.0,1.0
"((Temp <= 19.162) U[0,2] (DBP >= 61.440))
",-9999999.000,-9999999.000,0.000,0.000,1.000,0,0,0,8,8,0,0,8,0.0,0,0,0.0,0.0,1.0
"F[0,0](SepsisLabel <= 0.000 | Fibrinogen <= 0.000)
",0.000,0.000,0.000,0.000,1.000,0,0,0,8,8,0,0,8,0.0,0,0,0.0,0.0,1.0
"F[2,2]((BUN <= 1.316 & BaseExcess >= 0.000) -> Temp <= 0.000)
",0.000,0.000,0.000,0.000,1.000,0,0,0,8,8,0,0,8,0.0,0,0,0.0,0.0,1.0
"F[1,2](((Platelets <= 199.028 | SaO2 >= 0.000) & Alkalinephos >= 0.000) & SBP <= 0.000)
",-9999999.000,-9999999.000,0.000,0.000,1.000,0,0,0,8,8,0,0,8,0.0,0,0,0.0,0.0,1.0
"F[0,2]((MAP >= 84.660 | Platelets >= 13.045) | Magnesium <= 182.296)
",-9999999.000,-9999999.000,0.000,0.000,1.000,0,0,0,8,8,0,0,8,0.0,0,0,0.0,0.0,1.0
"F[1,2](((BUN <= 6.743 -> Resp >= 2.481) | PTT <= 22.048) & HR >= 9.485)
",-9999999.000,-9999999.000,0.000,0.000,1.000,0,0,0,8,8,0,0,8,0.0,0,0,0.0,0.0,1.0
"F[0,2]((EtCO2 <= 0.000 | HR >= 65.480) & BaseExcess <= 81.074)
",-9999999.000,-9999999.000,0.000,0.000,1.000,0,0,0,8,8,0,0,8,0.0,0,0,0.0,0.0,1.0
"((Alkalinephos >= 0.000) U[0,1] (Magnesium >= 0.000))
",-9999999.000,-9999999.000,0.000,0.000,1.000,0,0,0,8,8,0,0,8,0.0,0,0,0.0,0.0,1.0
"F[1,2](Resp >= 3.872 | Hct >= 1.686)
",-9999999.000,-9999999.000,0.000,0.000,1.000,0,0,0,8,8,0,0,8,0.0,0,0,0.0,0.0,1.0
"((HR >= 59.288) U[0,1] (Resp <= 23.781))
",-9999999.000,-9999999.000,0.000,0.000,1.000,0,0,0,8,8,0,0,8,0.0,0,0,0.0,0.0,1.0
"F[0,2]((EtCO2 >= 0.000 | Phosphate <= 0.000) -> SBP >= 0.000)
",-9999999.000,-9999999.000,0.000,0.000,1.000,0,0,0,8,8,0,0,8,0.0,0,0,0.0,0.0,1.0
"F[1,1]((SepsisLabel <= 0.000 | TroponinI >= 0.000) & HCO3 <= 0.000)
",0.000,0.000,0.000,0.000,1.000,0,0,0,8,8,0,0,8,0.0,0,0,0.0,0.0,1.0
"F[0,2]((Magnesium <= 0.000 & WBC >= 0.057) -> SepsisLabel <= 4.928)
",-9999999.000,-9999999.000,0.000,0.000,1.000,0,0,0,8,8,0,0,8,0.0,0,0,0.0,0.0,1.0
"F[1,2]((HR <= 89.056 & pH >= 0.000) | Hgb >= 0.000)
",-9999999.000,-9999999.000,0.000,0.000,1.000,0,0,0,8,8,0,0,8,0.0,0,0,0.0,0.0,1.0
"F[0,1]((DBP >= 63.530 | Resp <= 23.906) -> Temp <= 22.188)
",-9999999.000,-9999999.000,0.000,0.000,1.000,0,0,0,8,8,0,0,8,0.0,0,0,0.0,0.0,1.0
"F[2,2](((Platelets <= 184.753 & HR >= 63.189) | PTT >= 63.629) & FiO2 >= 68.596)
",-4827003165933983.000,-68.596,0.000,0.000,1.000,0,0,0,8,8,0,0,8,0.0,0,0,0.0,0.0,1.0
"F[1,2](DBP >= 58.569 -> Temp >= 3.323)
",-9999999.000,-9999999.000,0.000,0.000,1.000,0,0,0,8,8,0,0,8,0.0,0,0,0.0,0.0,1.0
"F[0,2](Resp >= 6.577 | SBP >= 148.293)
",-9999999.000,-9999999.000,0.000,0.000,1.000,0,0,0,8,8,0,0,8,0.0,0,0,0.0,0.0,1.0
"F[2,2](Glucose <= 100.984 -> Temp >= 8.387)
",-7106138169413337.000,-100.984,0.000,0.000,1.000,0,0,0,8,8,0,0,8,0.0,0,0,0.0,0.0,1.0
"F[1,1]((Glucose >= 21.744 -> O2Sat <= 97.981) | DBP >= 95.563)
",-95.563,-95.563,0.000,0.000,1.000,0,0,0,8,8,0,0,8,0.0,0,0,0.0,0.0,1.0
"F[0,2]((HR <= 78.255 -> Resp >= 11.778) & PTT >= 7.188)
",-9999999.000,-9999999.000,0.000,0.000,1.000,0,0,0,8,8,0,0,8,0.0,0,0,0.0,0.0,1.0
"((DBP >= 66.976) U[0,1] (HR <= 88.210))
",-9999999.000,-9999999.000,0.000,0.000,1.000,0,0,0,8,8,0,0,8,0.0,0,0,0.0,0.0,1.0
"F[0,1](O2Sat >= 94.625 -> Platelets <= 161.775)
",-9999999.000,-9999999.000,0.000,0.000,1.000,0,0,0,8,8,0,0,8,0.0,0,0,0.0,0.0,1.0
"F[0,2](((PTT <= 0.000 & SBP <= 168.192) -> BaseExcess >= 140.309) -> Temp <= 161.965)
",-9999999.000,-9999999.000,0.000,0.000,1.000,0,0,0,8,8,0,0,8,0.0,0,0,0.0,0.0,1.0
"F[1,2](EtCO2 >= 0.000 & PTT >= 0.000)
",-9999999.000,-9999999.000,0.000,0.000,1.000,0,0,0,8,8,0,0,8,0.0,0,0,0.0,0.0,1.0
"F[0,2](((DBP <= 74.912 & O2Sat <= 97.515) -> AST >= 96.065) & MAP <= 97.093)
",-9999999.000,-9999999.000,0.000,0.000,1.000,0,0,0,8,8,0,0,8,0.0,0,0,0.0,0.0,1.0
"F[1,1](((Platelets >= 8.568 -> SaO2 >= 0.000) -> BUN >= 0.000) | Temp >= 0.000)
",0.000,0.000,0.000,0.000,1.000,0,0,0,8,8,0,0,8,0.0,0,0,0.0,0.0,1.0
"F[0,1](((Creatinine <= 0.585 & Temp <= 35.709) -> MAP >= 3.544) | MAP <= 34.295)
",-9999999.000,-9999999.000,0.000,0.000,1.000,0,0,0,8,8,0,0,8,0.0,0,0,0.0,0.0,1.0
"F[0,1](BUN >= 0.356 | BaseExcess >= 0.000)
",-9999999.000,-9999999.000,0.000,0.000,1.000,0,0,0,8,8,0,0,8,0.0,0,0,0.0,0.0,1.0
"F[0,2]((Resp <= 16.985 & Calcium <= 4.080) -> Magnesium <= 4.361)
",-9999999.000,-9999999.000,0.000,0.000,1.000,0,0,0,8,8,0,0,8,0.0,0,0,0.0,0.0,1.0
"F[0,1](((Resp <= 21.012 -> WBC >= 0.148) | Hgb <= 6.572) | Magnesium >= 0.150)
",-9999999.000,-9999999.000,0.000,0.000,1.000,0,0,0,8,8,0,0,8,0.0,0,0,0.0,0.0,1.0
"((EtCO2 <= 0.000) U[2,2] (Bilirubin_direct <= 0.000))
",0.000,0.000,0.000,0.000,1.000,0,0,0,8,8,0,0,8,0.0,0,0,0.0,0.0,1.0
"F[1,1](((Calcium <= 4.278 & Platelets >= 14.335) | EtCO2 >= 8.921) -> WBC <= 126.556)
",-4452801605629343.000,-126.556,0.000,0.000,1.000,0,0,0,8,8,0,0,8,0.0,0,0,0.0,0.0,1.0
"F[0,1](((Resp <= 19.930 & Lactate <= 0.000) -> Hgb <= 0.000) & SaO2 >= 0.000)
",-9999999.000,-9999999.000,0.000,0.000,1.000,0,0,0,8,8,0,0,8,0.0,0,0,0.0,0.0,1.0
"F[2,2](Bilirubin_total <= 0.000 | HCO3 <= 0.000)
",0.000,0.000,0.000,0.000,1.000,0,0,0,8,8,0,0,8,0.0,0,0,0.0,0.0,1.0
"F[1,2](Temp >= 4.543 & Resp <= 17.069)
",-9999999.000,-9999999.000,0.000,0.000,1.000,0,0,0,8,8,0,0,8,0.0,0,0,0.0,0.0,1.0
"((Temp >= 6.314) U[0,2] (AST <= 0.000))
",-9999999.000,-9999999.000,0.000,0.000,1.000,0,0,0,8,8,0,0,8,0.0,0,0,0.0,0.0,1.0
"F[0,1](pH <= 0.000 -> Bilirubin_total <= 0.000)
",-9999999.000,-9999999.000,0.000,0.000,1.000,0,0,0,8,8,0,0,8,0.0,0,0,0.0,0.0,1.0
"F[0,0](PaCO2 >= 0.000 -> pH >= 0.000)
",0.000,0.000,0.000,0.000,1.000,0,0,0,8,8,0,0,8,0.0,0,0,0.0,0.0,1.0
"F[1,2](Hgb <= 3.212 & MAP >= 96.601)
",-9999999.000,-9999999.000,0.000,0.000,1.000,0,0,0,8,8,0,0,8,0.0,0,0,0.0,0.0,1.0
"F[0,2]((Temp >= 4.740 | Bilirubin_direct <= 0.000) | EtCO2 <= 0.000)
",-9999999.000,-9999999.000,0.000,0.000,1.000,0,0,0,8,8,0,0,8,0.0,0,0,0.0,0.0,1.0
"F[2,2]((SaO2 <= 0.000 & PTT >= 0.000) & SepsisLabel <= 0.000)
",0.000,0.000,0.000,0.000,1.000,0,0,0,8,8,0,0,8,0.0,0,0,0.0,0.0,1.0
"F[0,0](AST >= 0.000 | Calcium <= 6.680)
",3760739791327145.000,6.680,0.000,0.000,1.000,0,0,0,8,8,0,0,8,0.0,0,0,0.0,0.0,1.0
