Rule,Discrimination Score,Pos Robustness,Neg Robustness,Percent Class +,Percent Class -,TP,TN,FP,FN,Actual Yes,Actual No,Predicted Yes,Predicted No,TPR/Sens,TNR/Spec,FPR,Precision,Accuracy,MCR,Class
"G[0,0](DBP <= 66.801 & Platelets <= 552.471)
",1.232,-12.199,-26.599,1.000,0.000,4,3,0,0,4,3,4,3,1.0,1.0,0.0,1.0,1.0,0.0,1
"G[0,1](O2Sat <= 97.017 & HCO3 >= 0.000)
",0.000,9999999.000,9999999.000,1.000,0.000,4,3,0,0,4,3,4,3,1.0,1.0,0.0,1.0,1.0,0.0,1
"G[0,1](MAP <= 93.808 | TroponinI >= 0.049)
",0.000,9999999.000,9999999.000,1.000,0.000,4,2,1,0,4,3,5,2,1.0,0.6666666666666666,0.3333333333333333,0.8,0.8571428571428571,0.1428571428571429,1
"((DBP >= 26.874) U[0,1] (PTT >= 5.712))
",0.000,-9999999.000,-9999999.000,0.000,1.000,4,1,2,0,4,3,6,1,1.0,0.3333333333333333,0.6666666666666666,0.6666666666666666,0.7142857142857143,0.2857142857142857,-1
"((Hgb <= 5.410) U[0,0] (Platelets >= 11.509))
",0.500,5.410,2.026,0.000,1.000,4,1,2,0,4,3,6,1,1.0,0.3333333333333333,0.6666666666666666,0.6666666666666666,0.7142857142857143,0.2857142857142857,-1
"((Alkalinephos <= 41.137) U[0,0] (SepsisLabel >= 0.490))
",-0.500,41.137,170.212,0.000,1.000,2,3,0,2,4,3,2,5,0.5,1.0,0.0,1.0,0.7142857142857143,0.2857142857142857,-1
"F[0,1](EtCO2 >= 0.000 & WBC >= 5.785)
",0.000,-9999999.000,-9999999.000,0.000,1.000,4,1,2,0,4,3,6,1,1.0,0.3333333333333333,0.6666666666666666,0.6666666666666666,0.7142857142857143,0.2857142857142857,-1
"F[0,1](Phosphate < 0.687 -> SepsisLabel = 0.172)
",0.000,-9999999.000,-9999999.000,0.000,1.000,4,1,2,0,4,3,6,1,1.0,0.3333333333333333,0.6666666666666666,0.6666666666666666,0.7142857142857143,0.2857142857142857,-1
"((MAP <= 101.403) U[0,1] (WBC >= 5.761))
",0.000,-9999999.000,-9999999.000,0.000,1.000,4,1,2,0,4,3,6,1,1.0,0.3333333333333333,0.6666666666666666,0.6666666666666666,0.7142857142857143,0.2857142857142857,-1
"F[0,1](Alkalinephos >= 1.979 & FiO2 >= 0.000)
",0.000,-9999999.000,-9999999.000,0.000,1.000,4,1,2,0,4,3,6,1,1.0,0.3333333333333333,0.6666666666666666,0.6666666666666666,0.7142857142857143,0.2857142857142857,-1
"F[1,1](Glucose >= 28.787 & Potassium <= 2.775)
",-1.000,-28.787,-28.787,0.000,1.000,4,1,2,0,4,3,6,1,1.0,0.3333333333333333,0.6666666666666666,0.6666666666666666,0.7142857142857143,0.2857142857142857,-1
"((PTT >= 0.877) U[1,1] (WBC <= 116.855))
",-1.000,116.855,116.855,0.000,1.000,4,1,2,0,4,3,6,1,1.0,0.3333333333333333,0.6666666666666666,0.6666666666666666,0.7142857142857143,0.2857142857142857,-1
"G[0,0](BaseExcess >= 0.000 & AST <= 53.912)
",0.000,0.000,0.000,1.000,0.000,4,1,2,0,4,3,6,1,1.0,0.3333333333333333,0.6666666666666666,0.6666666666666666,0.7142857142857143,0.2857142857142857,1
"((BUN <= 27.858) U[0,1] (Platelets >= 0.334))
",0.000,-9999999.000,-9999999.000,0.000,1.000,4,1,2,0,4,3,6,1,1.0,0.3333333333333333,0.6666666666666666,0.6666666666666666,0.7142857142857143,0.2857142857142857,-1
"((MAP >= 5.357) U[0,1] (Hct >= 1.030))
",0.000,-9999999.000,-9999999.000,0.000,1.000,4,1,2,0,4,3,6,1,1.0,0.3333333333333333,0.6666666666666666,0.6666666666666666,0.7142857142857143,0.2857142857142857,-1
"F[0,1]((HR >= 23.775 | TroponinI <= 0.984) -> Phosphate >= 0.033)
",0.000,-9999999.000,-9999999.000,0.000,1.000,4,1,2,0,4,3,6,1,1.0,0.3333333333333333,0.6666666666666666,0.6666666666666666,0.7142857142857143,0.2857142857142857,-1
"((Phosphate <= 4.958) U[0,0] (Magnesium >= 0.003))
",0.500,4.958,4.638,0.000,1.000,4,1,2,0,4,3,6,1,1.0,0.3333333333333333,0.6666666666666666,0.6666666666666666,0.7142857142857143,0.2857142857142857,-1
"G[0,1](((PTT >= 1.767 | pH >= 0.422) | Phosphate >= 0.311) -> Alkalinephos <= 1.458)
",0.000,9999999.000,9999999.000,1.000,0.000,4,1,2,0,4,3,6,1,1.0,0.3333333333333333,0.6666666666666666,0.6666666666666666,0.7142857142857143,0.2857142857142857,1
"G[1,1]((HR <= 99.348 -> PTT >= 2.245) & Hgb <= 98.554)
",0.000,-99.348,-99.348,1.000,0.000,2,3,0,2,4,3,2,5,0.5,1.0,0.0,1.0,0.7142857142857143,0.2857142857142857,1
"G[0,1](PTT > 7.052 -> SepsisLabel = 0.790)
",0.000,9999999.000,9999999.000,1.000,0.000,4,1,2,0,4,3,6,1,1.0,0.3333333333333333,0.6666666666666666,0.6666666666666666,0.7142857142857143,0.2857142857142857,1
"G[0,1](Alkalinephos <= 12.526 | Calcium <= 1.250)
",0.000,9999999.000,9999999.000,1.000,0.000,4,1,2,0,4,3,6,1,1.0,0.3333333333333333,0.6666666666666666,0.6666666666666666,0.7142857142857143,0.2857142857142857,1
"G[0,1]((MAP >= 14.298 -> Resp <= 28.778) | Glucose <= 28.543)
",0.000,9999999.000,9999999.000,1.000,0.000,4,1,2,0,4,3,6,1,1.0,0.3333333333333333,0.6666666666666666,0.6666666666666666,0.7142857142857143,0.2857142857142857,1
"G[0,0]((WBC <= 63.004 & Bilirubin_total <= 0.419) | SepsisLabel <= 0.512)
",0.500,0.512,-10.870,1.000,0.000,4,1,2,0,4,3,6,1,1.0,0.3333333333333333,0.6666666666666666,0.6666666666666666,0.7142857142857143,0.2857142857142857,1
"F[0,1]((HR <= 94.068 | WBC >= 7.801) & Hgb >= 2.623)
",0.000,-9999999.000,-9999999.000,0.000,1.000,4,1,2,0,4,3,6,1,1.0,0.3333333333333333,0.6666666666666666,0.6666666666666666,0.7142857142857143,0.2857142857142857,-1
"G[0,0](((Alkalinephos >= 7.596 | Lactate <= 0.162) | Phosphate <= 0.250) & Creatinine <= 0.201)
",-1.000,0.201,0.201,1.000,0.000,4,1,2,0,4,3,6,1,1.0,0.3333333333333333,0.6666666666666666,0.6666666666666666,0.7142857142857143,0.2857142857142857,1
"G[0,1](((AST >= 0.369 -> SepsisLabel <= 0.949) -> AST <= 0.716) & Bilirubin_total <= 0.749)
",0.000,9999999.000,9999999.000,1.000,0.000,4,1,2,0,4,3,6,1,1.0,0.3333333333333333,0.6666666666666666,0.6666666666666666,0.7142857142857143,0.2857142857142857,1
"G[0,0]((pH <= 2.150 & HCO3 >= 0.000) & Hgb <= 0.000)
",0.500,0.000,-4.540,1.000,0.000,4,1,2,0,4,3,6,1,1.0,0.3333333333333333,0.6666666666666666,0.6666666666666666,0.7142857142857143,0.2857142857142857,1
"((MAP >= 41.251) U[1,1] (SBP <= 125.360))
",0.000,125.360,125.360,0.000,1.000,3,1,2,1,4,3,5,2,0.75,0.3333333333333333,0.6666666666666666,0.6,0.5714285714285714,0.4285714285714286,-1
"G[0,0](SBP > 50.548 -> SepsisLabel = 0.042)
",-0.500,0.042,10.143,1.000,0.000,1,3,0,3,4,3,1,6,0.25,1.0,0.0,1.0,0.5714285714285714,0.4285714285714286,1
"G[0,1](Chloride > 0.000 -> SepsisLabel = 0.243)
",0.000,9999999.000,9999999.000,1.000,0.000,4,0,3,0,4,3,7,0,1.0,0.0,1.0,0.5714285714285714,0.5714285714285714,0.4285714285714286,1
"F[1,1]((Calcium <= 3.017 & Potassium <= 1.001) & Magnesium >= 0.080)
",0.000,-0.080,-0.080,0.000,1.000,4,0,3,0,4,3,7,0,1.0,0.0,1.0,0.5714285714285714,0.5714285714285714,0.4285714285714286,-1
"F[0,1](((pH <= 7.160 & HR >= 60.638) -> AST <= 96.323) & TroponinI >= 86.194)
",0.000,-9999999.000,-9999999.000,0.000,1.000,4,0,3,0,4,3,7,0,1.0,0.0,1.0,0.5714285714285714,0.5714285714285714,0.4285714285714286,-1
"F[1,1](Chloride >= 0.000 -> Temp <= 35.946)
",0.000,-35.946,-35.946,0.000,1.000,1,3,0,3,4,3,1,6,0.25,1.0,0.0,1.0,0.5714285714285714,0.4285714285714286,-1
"F[0,0](MAP >= 28.300 -> Temp >= 1.521)
",3.161,-94.229,-109.900,0.000,1.000,2,2,1,2,4,3,3,4,0.5,0.6666666666666666,0.3333333333333333,0.6666666666666666,0.5714285714285714,0.4285714285714286,-1
"F[0,1]((Calcium <= 1.107 & Potassium <= 2.805) & Magnesium >= 0.013)
",0.000,-9999999.000,-9999999.000,0.000,1.000,4,0,3,0,4,3,7,0,1.0,0.0,1.0,0.5714285714285714,0.5714285714285714,0.4285714285714286,-1
"F[1,1](((Calcium < 6.647 & Potassium < 1.234) & Magnesium < 1.025) & Phosphate < 3.712)
",0.000,1.025,1.025,0.000,1.000,1,3,0,3,4,3,1,6,0.25,1.0,0.0,1.0,0.5714285714285714,0.4285714285714286,-1
"F[0,0]((Glucose >= 18.804 | TroponinI <= 0.948) & HR >= 0.001)
",0.500,0.948,0.688,0.000,1.000,1,3,0,3,4,3,1,6,0.25,1.0,0.0,1.0,0.5714285714285714,0.4285714285714286,-1
"F[0,0](Magnesium <= 0.482 & SepsisLabel = 0.444)
",0.500,-0.444,-137.666,0.000,1.000,4,0,3,0,4,3,7,0,1.0,0.0,1.0,0.5714285714285714,0.5714285714285714,0.4285714285714286,-1
"F[0,1](((Hct >= 0.523 | Hgb >= 0.472) & BUN <= 6.401) & Hgb <= 1.501)
",0.000,-9999999.000,-9999999.000,0.000,1.000,4,0,3,0,4,3,7,0,1.0,0.0,1.0,0.5714285714285714,0.5714285714285714,0.4285714285714286,-1
"G[0,1](Chloride >= 0.000 & HCO3 >= 0.000)
",0.000,9999999.000,9999999.000,1.000,0.000,4,0,3,0,4,3,7,0,1.0,0.0,1.0,0.5714285714285714,0.5714285714285714,0.4285714285714286,1
"F[0,0](Resp > 11.353 & SepsisLabel = 0.910)
",0.500,-0.910,-137.946,0.000,1.000,4,0,3,0,4,3,7,0,1.0,0.0,1.0,0.5714285714285714,0.5714285714285714,0.4285714285714286,-1
"F[1,1](Calcium >= 0.418 & Hct >= 0.566)
",0.000,-0.566,-0.566,0.000,1.000,4,0,3,0,4,3,7,0,1.0,0.0,1.0,0.5714285714285714,0.5714285714285714,0.4285714285714286,-1
"F[1,1](DBP > 0.502 -> SepsisLabel = 0.148)
",0.000,0.148,0.148,0.000,1.000,4,0,3,0,4,3,7,0,1.0,0.0,1.0,0.5714285714285714,0.5714285714285714,0.4285714285714286,-1
"F[0,1](HR >= 81.071 -> SepsisLabel >= 0.033)
",0.000,-9999999.000,-9999999.000,0.000,1.000,1,3,0,3,4,3,1,6,0.25,1.0,0.0,1.0,0.5714285714285714,0.4285714285714286,-1
"F[1,1](SepsisLabel >= 0.064 | TroponinI <= 0.904)
",-1.000,0.904,0.904,0.000,1.000,1,3,0,3,4,3,1,6,0.25,1.0,0.0,1.0,0.5714285714285714,0.4285714285714286,-1
"((Bilirubin_total <= 1.203) U[0,0] (DBP >= 51.609))
",-1.232,27.391,41.791,0.000,1.000,1,3,0,3,4,3,1,6,0.25,1.0,0.0,1.0,0.5714285714285714,0.4285714285714286,-1
"((pH >= 0.515) U[1,1] (pH <= 4.013))
",0.000,4.013,4.013,0.000,1.000,4,0,3,0,4,3,7,0,1.0,0.0,1.0,0.5714285714285714,0.5714285714285714,0.4285714285714286,-1
"F[0,1]((Calcium <= 4.344 & Potassium <= 2.225) & Magnesium >= 0.106)
",0.000,-9999999.000,-9999999.000,0.000,1.000,4,0,3,0,4,3,7,0,1.0,0.0,1.0,0.5714285714285714,0.5714285714285714,0.4285714285714286,-1
"((DBP <= 68.940) U[1,1] (SepsisLabel >= 0.396))
",0.000,68.940,68.940,0.000,1.000,2,2,1,2,4,3,3,4,0.5,0.6666666666666666,0.3333333333333333,0.6666666666666666,0.5714285714285714,0.4285714285714286,-1
"F[0,1]((Calcium <= 5.303 & Potassium <= 3.213) & Magnesium >= 0.031)
",0.000,-9999999.000,-9999999.000,0.000,1.000,4,0,3,0,4,3,7,0,1.0,0.0,1.0,0.5714285714285714,0.5714285714285714,0.4285714285714286,-1
"((MAP >= 38.211) U[0,0] (O2Sat >= 33.573))
",-1.961,76.539,99.989,0.000,1.000,1,3,0,3,4,3,1,6,0.25,1.0,0.0,1.0,0.5714285714285714,0.4285714285714286,-1
"F[1,1]((O2Sat >= 13.477 | SaO2 <= 88.286) -> SepsisLabel >= 5.739)
",0.000,-88.286,-88.286,0.000,1.000,4,0,3,0,4,3,7,0,1.0,0.0,1.0,0.5714285714285714,0.5714285714285714,0.4285714285714286,-1
"F[0,1](((FiO2 <= 0.000 | Bilirubin_total >= 0.006) -> Magnesium <= 0.898) & HCO3 >= 0.004)
",0.000,-9999999.000,-9999999.000,0.000,1.000,4,0,3,0,4,3,7,0,1.0,0.0,1.0,0.5714285714285714,0.5714285714285714,0.4285714285714286,-1
"F[0,1](((AST <= 17.546 & O2Sat >= 36.209) | Creatinine <= 97.153) & Phosphate >= 44.233)
",0.000,-9999999.000,-9999999.000,0.000,1.000,4,0,3,0,4,3,7,0,1.0,0.0,1.0,0.5714285714285714,0.5714285714285714,0.4285714285714286,-1
"((SaO2 >= 5.539) U[1,2] (EtCO2 <= 0.000))
",0.000,-9999999.000,-9999999.000,0.000,1.000,4,0,3,0,4,3,7,0,1.0,0.0,1.0,0.5714285714285714,0.5714285714285714,0.4285714285714286,-1
"F[1,1]((Fibrinogen >= 0.000 -> Bilirubin_total >= 0.023) | PTT >= 0.093)
",0.000,0.000,0.000,0.000,1.000,4,0,3,0,4,3,7,0,1.0,0.0,1.0,0.5714285714285714,0.5714285714285714,0.4285714285714286,-1
"F[0,0](((BaseExcess <= 0.000 | MAP >= 41.744) & Hgb <= 101.438) & Potassium >= 70.490)
",-0.500,-70.490,-69.410,0.000,1.000,4,0,3,0,4,3,7,0,1.0,0.0,1.0,0.5714285714285714,0.5714285714285714,0.4285714285714286,-1
"F[1,1]((BUN <= 12.858 -> SaO2 <= 27.858) & Hct >= 6.485)
",1.000,-27.858,-27.858,0.000,1.000,4,0,3,0,4,3,7,0,1.0,0.0,1.0,0.5714285714285714,0.5714285714285714,0.4285714285714286,-1
"F[1,1](((BUN <= 27.196 | O2Sat >= 80.364) & BUN >= 50.045) & FiO2 <= 93.297)
",0.000,-50.045,-50.045,0.000,1.000,4,0,3,0,4,3,7,0,1.0,0.0,1.0,0.5714285714285714,0.5714285714285714,0.4285714285714286,-1
"((Lactate <= 0.947) U[0,0] (SaO2 >= 2.885))
",0.816,0.947,-0.586,0.000,1.000,4,0,3,0,4,3,7,0,1.0,0.0,1.0,0.5714285714285714,0.5714285714285714,0.4285714285714286,-1
"((Lactate < 0.664) U[1,1] (SepsisLabel = 0.096))
",0.000,0.664,0.664,0.000,1.000,4,0,3,0,4,3,7,0,1.0,0.0,1.0,0.5714285714285714,0.5714285714285714,0.4285714285714286,-1
"((Hgb >= 0.496) U[1,2] (Potassium <= 2.411))
",0.000,-9999999.000,-9999999.000,0.000,1.000,3,1,2,1,4,3,5,2,0.75,0.3333333333333333,0.6666666666666666,0.6,0.5714285714285714,0.4285714285714286,-1
"((Platelets >= 41.134) U[0,1] (SepsisLabel = 0.614))
",0.000,-9999999.000,-9999999.000,0.000,1.000,4,0,3,0,4,3,7,0,1.0,0.0,1.0,0.5714285714285714,0.5714285714285714,0.4285714285714286,-1
"((Bilirubin_direct >= 0.000) U[1,1] (SepsisLabel = 0.299))
",0.000,0.000,0.000,0.000,1.000,4,0,3,0,4,3,7,0,1.0,0.0,1.0,0.5714285714285714,0.5714285714285714,0.4285714285714286,-1
"G[0,1](((Calcium <= 3.232 -> Potassium <= 3.400) -> HR >= 0.447) | MAP <= 1.338)
",0.000,9999999.000,9999999.000,1.000,0.000,4,0,3,0,4,3,7,0,1.0,0.0,1.0,0.5714285714285714,0.5714285714285714,0.4285714285714286,1
"F[0,0](TroponinI >= 0.071 & SepsisLabel = 0.663)
",0.500,-0.663,-137.798,0.000,1.000,4,0,3,0,4,3,7,0,1.0,0.0,1.0,0.5714285714285714,0.5714285714285714,0.4285714285714286,-1
"((pH > 0.463) U[0,1] (SepsisLabel = 0.995))
",0.000,-9999999.000,-9999999.000,0.000,1.000,4,0,3,0,4,3,7,0,1.0,0.0,1.0,0.5714285714285714,0.5714285714285714,0.4285714285714286,-1
"((Hct >= 1.012) U[1,1] (TroponinI >= 0.013))
",-1.000,-0.013,-0.013,0.000,1.000,4,0,3,0,4,3,7,0,1.0,0.0,1.0,0.5714285714285714,0.5714285714285714,0.4285714285714286,-1
"G[0,1](Chloride >= 0.000 & HCO3 >= 0.000)
",0.000,9999999.000,9999999.000,1.000,0.000,4,0,3,0,4,3,7,0,1.0,0.0,1.0,0.5714285714285714,0.5714285714285714,0.4285714285714286,1
"F[1,1](((Potassium <= 1.778 | SBP >= 64.593) -> Alkalinephos >= 18.272) & HCO3 >= 65.487)
",0.000,-65.487,-65.487,0.000,1.000,4,0,3,0,4,3,7,0,1.0,0.0,1.0,0.5714285714285714,0.5714285714285714,0.4285714285714286,-1
"G[0,1](Calcium >= 0.079 -> SepsisLabel = 0.696)
",0.000,9999999.000,9999999.000,1.000,0.000,3,1,2,1,4,3,5,2,0.75,0.3333333333333333,0.6666666666666666,0.6,0.5714285714285714,0.4285714285714286,1
"G[0,0]((FiO2 <= 0.000 & FiO2 >= 0.000) -> TroponinI >= 0.000)
",0.500,0.000,-0.260,1.000,0.000,4,0,3,0,4,3,7,0,1.0,0.0,1.0,0.5714285714285714,0.5714285714285714,0.4285714285714286,1
"G[1,1](((MAP <= 81.695 -> SBP >= 67.264) -> Bilirubin_direct >= 37.404) | Magnesium <= 140.596)
",0.000,140.596,140.596,1.000,0.000,4,0,3,0,4,3,7,0,1.0,0.0,1.0,0.5714285714285714,0.5714285714285714,0.4285714285714286,1
"G[0,1]((PaCO2 <= 31.767 | SepsisLabel >= 0.181) | MAP >= 0.220)
",0.000,9999999.000,9999999.000,1.000,0.000,4,0,3,0,4,3,7,0,1.0,0.0,1.0,0.5714285714285714,0.5714285714285714,0.4285714285714286,1
"G[0,0]((Creatinine <= 0.713 | MAP >= 18.065) | Chloride >= 19.651)
",-1.961,96.685,120.135,1.000,0.000,4,0,3,0,4,3,7,0,1.0,0.0,1.0,0.5714285714285714,0.5714285714285714,0.4285714285714286,1
"G[0,1](Calcium <= 5.970 | DBP >= 5.976)
",0.000,9999999.000,9999999.000,1.000,0.000,4,0,3,0,4,3,7,0,1.0,0.0,1.0,0.5714285714285714,0.5714285714285714,0.4285714285714286,1
"G[1,1](((Calcium >= 0.313 & TroponinI <= 0.154) | Chloride <= 0.624) -> Lactate >= 0.035)
",0.000,-0.624,-0.624,1.000,0.000,1,3,0,3,4,3,1,6,0.25,1.0,0.0,1.0,0.5714285714285714,0.4285714285714286,1
"G[0,1](Creatinine >= 0.042 -> DBP >= 23.605)
",0.000,9999999.000,9999999.000,1.000,0.000,4,0,3,0,4,3,7,0,1.0,0.0,1.0,0.5714285714285714,0.5714285714285714,0.4285714285714286,1
"G[1,1]((Calcium <= 1.787 -> O2Sat >= 46.992) -> Glucose <= 93.620)
",0.000,-93.620,-93.620,1.000,0.000,3,1,2,1,4,3,5,2,0.75,0.3333333333333333,0.6666666666666666,0.6,0.5714285714285714,0.4285714285714286,1
"G[1,1](((PaCO2 <= 24.659 | Platelets <= 478.469) & Bilirubin_total <= 426.722) & FiO2 <= 115.618)
",1.000,115.618,115.618,1.000,0.000,4,0,3,0,4,3,7,0,1.0,0.0,1.0,0.5714285714285714,0.5714285714285714,0.4285714285714286,1
"G[0,1](((DBP >= 34.643 & SaO2 <= 18.114) | Lactate <= 71.053) | PaCO2 <= 6.632)
",0.000,9999999.000,9999999.000,1.000,0.000,4,0,3,0,4,3,7,0,1.0,0.0,1.0,0.5714285714285714,0.5714285714285714,0.4285714285714286,1
"G[0,1](Hct <= 22.235 & Resp >= 8.764)
",0.000,9999999.000,9999999.000,1.000,0.000,3,1,2,1,4,3,5,2,0.75,0.3333333333333333,0.6666666666666666,0.6,0.5714285714285714,0.4285714285714286,1
"G[0,0](WBC <= 32.238 -> Creatinine <= 1.644)
",-0.500,-32.238,-26.119,1.000,0.000,4,0,3,0,4,3,7,0,1.0,0.0,1.0,0.5714285714285714,0.5714285714285714,0.4285714285714286,1
"G[0,0](DBP <= 61.573 -> BaseExcess <= 0.000)
",0.000,0.000,0.000,1.000,0.000,4,0,3,0,4,3,7,0,1.0,0.0,1.0,0.5714285714285714,0.5714285714285714,0.4285714285714286,1
"G[0,1](EtCO2 >= 0.000 -> BaseExcess >= 0.000)
",0.000,9999999.000,9999999.000,1.000,0.000,4,0,3,0,4,3,7,0,1.0,0.0,1.0,0.5714285714285714,0.5714285714285714,0.4285714285714286,1
"G[0,0]((BUN >= 2.831 & Platelets <= 504.700) -> SepsisLabel <= 425.887)
",-0.500,-425.887,-351.143,1.000,0.000,4,0,3,0,4,3,7,0,1.0,0.0,1.0,0.5714285714285714,0.5714285714285714,0.4285714285714286,1
"G[1,1](Bilirubin_total <= 1.128 -> Platelets <= 385.233)
",0.000,-385.233,-385.233,1.000,0.000,4,0,3,0,4,3,7,0,1.0,0.0,1.0,0.5714285714285714,0.5714285714285714,0.4285714285714286,1
"G[0,1]((TroponinI >= 0.027 & Resp <= 30.139) | BaseExcess <= 27.975)
",0.000,9999999.000,9999999.000,1.000,0.000,4,0,3,0,4,3,7,0,1.0,0.0,1.0,0.5714285714285714,0.5714285714285714,0.4285714285714286,1
"G[0,1](((TroponinI <= 0.093 & AST >= 2.156) | TroponinI <= 47.509) | HCO3 >= 1.571)
",0.000,9999999.000,9999999.000,1.000,0.000,4,0,3,0,4,3,7,0,1.0,0.0,1.0,0.5714285714285714,0.5714285714285714,0.4285714285714286,1
"G[1,1]((Potassium >= 0.232 | BUN <= 24.394) -> BUN <= 28.175)
",0.000,-28.175,-28.175,1.000,0.000,4,0,3,0,4,3,7,0,1.0,0.0,1.0,0.5714285714285714,0.5714285714285714,0.4285714285714286,1
"G[0,1]((HR >= 70.138 | Creatinine >= 0.038) -> HCO3 <= 1.421)
",0.000,9999999.000,9999999.000,1.000,0.000,4,0,3,0,4,3,7,0,1.0,0.0,1.0,0.5714285714285714,0.5714285714285714,0.4285714285714286,1
"G[0,0](((HR <= 92.244 | Lactate >= 0.037) -> Resp >= 0.016) -> Chloride <= 0.711)
",-0.500,-0.711,0.929,1.000,0.000,4,0,3,0,4,3,7,0,1.0,0.0,1.0,0.5714285714285714,0.5714285714285714,0.4285714285714286,1
"G[0,1](PTT >= 1.394 -> Creatinine >= 0.016)
",0.000,9999999.000,9999999.000,1.000,0.000,4,0,3,0,4,3,7,0,1.0,0.0,1.0,0.5714285714285714,0.5714285714285714,0.4285714285714286,1
"G[1,1]((Phosphate <= 2.297 -> PaCO2 >= 2.176) -> Hgb <= 25.964)
",-1.000,-25.964,-25.964,1.000,0.000,4,0,3,0,4,3,7,0,1.0,0.0,1.0,0.5714285714285714,0.5714285714285714,0.4285714285714286,1
"G[0,1]((HR >= 42.186 & Hgb <= 3.251) | EtCO2 >= 0.231)
",0.000,9999999.000,9999999.000,1.000,0.000,3,1,2,1,4,3,5,2,0.75,0.3333333333333333,0.6666666666666666,0.6,0.5714285714285714,0.4285714285714286,1
"G[0,1](Chloride >= 0.000 & HCO3 >= 0.000)
",0.000,9999999.000,9999999.000,1.000,0.000,4,0,3,0,4,3,7,0,1.0,0.0,1.0,0.5714285714285714,0.5714285714285714,0.4285714285714286,1
"G[0,1](((SaO2 <= 22.176 | Hgb >= 0.481) & Hgb <= 7.124) -> Lactate <= 7.069)
",0.000,9999999.000,9999999.000,1.000,0.000,4,0,3,0,4,3,7,0,1.0,0.0,1.0,0.5714285714285714,0.5714285714285714,0.4285714285714286,1
"G[1,1](((Resp <= 31.671 | Glucose <= 54.708) | Temp <= 151.741) | HR >= 9.838)
",0.000,151.741,151.741,1.000,0.000,4,0,3,0,4,3,7,0,1.0,0.0,1.0,0.5714285714285714,0.5714285714285714,0.4285714285714286,1
"G[0,1](((FiO2 <= 0.000 | Bilirubin_direct >= 0.000) & HCO3 >= 0.000) & Platelets >= 0.000)
",0.000,9999999.000,9999999.000,1.000,0.000,4,0,3,0,4,3,7,0,1.0,0.0,1.0,0.5714285714285714,0.5714285714285714,0.4285714285714286,1
"G[0,1](((WBC >= 3.780 & Resp <= 31.268) & Temp <= 30.873) -> SaO2 <= 25.621)
",0.000,9999999.000,9999999.000,1.000,0.000,4,0,3,0,4,3,7,0,1.0,0.0,1.0,0.5714285714285714,0.5714285714285714,0.4285714285714286,1
"G[0,1]((Bilirubin_direct >= 0.000 | Glucose >= 18.149) | PTT >= 18.337)
",0.000,9999999.000,9999999.000,1.000,0.000,4,0,3,0,4,3,7,0,1.0,0.0,1.0,0.5714285714285714,0.5714285714285714,0.4285714285714286,1
"G[0,1]((PTT <= 35.717 | SaO2 <= 36.857) & AST <= 76.564)
",0.000,9999999.000,9999999.000,1.000,0.000,4,0,3,0,4,3,7,0,1.0,0.0,1.0,0.5714285714285714,0.5714285714285714,0.4285714285714286,1
"G[0,0](Resp <= 29.045 -> Fibrinogen <= 0.000)
",-0.500,0.000,7.191,1.000,0.000,4,0,3,0,4,3,7,0,1.0,0.0,1.0,0.5714285714285714,0.5714285714285714,0.4285714285714286,1
"G[1,1]((FiO2 <= 0.000 & Hct <= 17.497) | pH <= 10.579)
",0.000,10.579,10.579,1.000,0.000,4,0,3,0,4,3,7,0,1.0,0.0,1.0,0.5714285714285714,0.5714285714285714,0.4285714285714286,1
"G[0,1](TroponinI >= 0.001 -> SaO2 <= 46.750)
",0.000,9999999.000,9999999.000,1.000,0.000,4,0,3,0,4,3,7,0,1.0,0.0,1.0,0.5714285714285714,0.5714285714285714,0.4285714285714286,1
"G[1,1]((Potassium >= 0.248 -> HCO3 <= 0.000) | BaseExcess <= 0.000)
",0.000,0.000,0.000,1.000,0.000,4,0,3,0,4,3,7,0,1.0,0.0,1.0,0.5714285714285714,0.5714285714285714,0.4285714285714286,1
"G[0,1](((BaseExcess >= 0.000 -> Fibrinogen >= 0.000) -> Phosphate <= 0.000) -> PTT <= 0.000)
",0.000,9999999.000,9999999.000,1.000,0.000,4,0,3,0,4,3,7,0,1.0,0.0,1.0,0.5714285714285714,0.5714285714285714,0.4285714285714286,1
"G[0,0](BaseExcess >= 0.000 | Calcium <= 7.879)
",0.500,7.879,6.303,1.000,0.000,4,0,3,0,4,3,7,0,1.0,0.0,1.0,0.5714285714285714,0.5714285714285714,0.4285714285714286,1
"G[0,0](((SBP <= 134.581 | HR >= 53.358) | Hgb >= 42.068) | Platelets >= 9.778)
",0.000,23807.642,23807.642,1.000,0.000,4,0,3,0,4,3,7,0,1.0,0.0,1.0,0.5714285714285714,0.5714285714285714,0.4285714285714286,1
"G[0,0]((DBP >= 43.342 -> Bilirubin_direct <= 0.000) & HR >= 0.000)
",1.232,-35.658,-50.058,1.000,0.000,4,0,3,0,4,3,7,0,1.0,0.0,1.0,0.5714285714285714,0.5714285714285714,0.4285714285714286,1
"G[0,0](((MAP >= 26.220 -> DBP <= 64.352) -> Creatinine <= 66.536) & DBP <= 71.560)
",0.000,-66.536,-66.536,1.000,0.000,4,0,3,0,4,3,7,0,1.0,0.0,1.0,0.5714285714285714,0.5714285714285714,0.4285714285714286,1
"G[1,1]((Lactate <= 0.733 | DBP >= 54.118) -> HCO3 <= 62.567)
",-1.000,-62.567,-62.567,1.000,0.000,4,0,3,0,4,3,7,0,1.0,0.0,1.0,0.5714285714285714,0.5714285714285714,0.4285714285714286,1
"G[0,1](((Chloride <= 0.000 | Chloride <= 0.000) & Hgb <= 0.000) | EtCO2 <= 0.000)
",0.000,9999999.000,9999999.000,1.000,0.000,4,0,3,0,4,3,7,0,1.0,0.0,1.0,0.5714285714285714,0.5714285714285714,0.4285714285714286,1
"G[0,1](((PaCO2 <= 20.810 -> WBC <= 55.026) & BaseExcess <= 83.000) -> SaO2 <= 117.210)
",0.000,9999999.000,9999999.000,1.000,0.000,4,0,3,0,4,3,7,0,1.0,0.0,1.0,0.5714285714285714,0.5714285714285714,0.4285714285714286,1
"G[0,1]((BaseExcess <= 0.000 -> pH <= 1.928) -> Fibrinogen <= 7.445)
",0.000,9999999.000,9999999.000,1.000,0.000,4,0,3,0,4,3,7,0,1.0,0.0,1.0,0.5714285714285714,0.5714285714285714,0.4285714285714286,1
"G[1,1](PaCO2 >= 0.581 | Bilirubin_total >= 0.063)
",0.000,-0.063,-0.063,1.000,0.000,1,3,0,3,4,3,1,6,0.25,1.0,0.0,1.0,0.5714285714285714,0.4285714285714286,1
"G[0,0](((Magnesium >= 0.050 -> SBP <= 142.278) & Resp >= 44.870) | TroponinI <= 127.489)
",0.500,127.489,127.229,1.000,0.000,4,0,3,0,4,3,7,0,1.0,0.0,1.0,0.5714285714285714,0.5714285714285714,0.4285714285714286,1
"G[0,0](((Alkalinephos <= 47.057 & Bilirubin_total >= 0.048) | TroponinI <= 0.465) & pH <= 0.853)
",0.500,0.465,0.205,1.000,0.000,4,0,3,0,4,3,7,0,1.0,0.0,1.0,0.5714285714285714,0.5714285714285714,0.4285714285714286,1
"G[0,0](((Bilirubin_total <= 0.197 & Chloride >= 0.000) | Hct >= 0.000) & pH <= 0.000)
",0.000,0.000,0.000,1.000,0.000,4,0,3,0,4,3,7,0,1.0,0.0,1.0,0.5714285714285714,0.5714285714285714,0.4285714285714286,1
"G[0,1]((Glucose >= 19.185 -> Calcium <= 5.931) | Fibrinogen <= 6.111)
",0.000,9999999.000,9999999.000,1.000,0.000,4,0,3,0,4,3,7,0,1.0,0.0,1.0,0.5714285714285714,0.5714285714285714,0.4285714285714286,1
"G[0,1](((Resp >= 22.167 -> SaO2 <= 83.081) | Temp <= 60.298) & TroponinI <= 55.675)
",0.000,9999999.000,9999999.000,1.000,0.000,4,0,3,0,4,3,7,0,1.0,0.0,1.0,0.5714285714285714,0.5714285714285714,0.4285714285714286,1
"G[1,1]((TroponinI <= 0.563 | pH <= 4.506) | PaCO2 >= 0.409)
",0.000,4.506,4.506,1.000,0.000,4,0,3,0,4,3,7,0,1.0,0.0,1.0,0.5714285714285714,0.5714285714285714,0.4285714285714286,1
"G[0,0](((O2Sat <= 96.957 & Potassium >= 0.143) & Hgb >= 0.398) | PaCO2 <= 2.507)
",0.000,2.507,2.507,1.000,0.000,4,0,3,0,4,3,7,0,1.0,0.0,1.0,0.5714285714285714,0.5714285714285714,0.4285714285714286,1
"G[1,1]((SaO2 <= 19.071 | pH >= 0.320) & TroponinI >= 0.231)
",0.000,-0.231,-0.231,1.000,0.000,1,3,0,3,4,3,1,6,0.25,1.0,0.0,1.0,0.5714285714285714,0.4285714285714286,1
"G[1,1]((PTT <= 63.920 & pH <= 3.539) | HCO3 <= 2.618)
",0.000,3.539,3.539,1.000,0.000,4,0,3,0,4,3,7,0,1.0,0.0,1.0,0.5714285714285714,0.5714285714285714,0.4285714285714286,1
"G[1,1](((Glucose >= 7.873 -> MAP <= 86.778) | Glucose >= 1.383) | WBC <= 90.708)
",0.000,90.708,90.708,1.000,0.000,4,0,3,0,4,3,7,0,1.0,0.0,1.0,0.5714285714285714,0.5714285714285714,0.4285714285714286,1
"F[0,1]((Alkalinephos >= 1.733 & SBP <= 132.371) -> Fibrinogen <= 142.914)
",0.000,-9999999.000,-9999999.000,0.000,1.000,0,3,0,4,4,3,0,7,0.0,1.0,0.0,0.0,0.42857142857142855,0.5714285714285714,-1
"F[0,0](((Lactate >= 0.109 -> Chloride >= 0.000) & WBC >= 0.000) -> Calcium >= 0.000)
",0.500,0.000,-24.200,0.000,1.000,0,3,0,4,4,3,0,7,0.0,1.0,0.0,0.0,0.42857142857142855,0.5714285714285714,-1
"F[1,2]((Creatinine >= 0.074 | Creatinine <= 0.311) & DBP >= 0.088)
",0.000,-9999999.000,-9999999.000,0.000,1.000,0,3,0,4,4,3,0,7,0.0,1.0,0.0,0.0,0.42857142857142855,0.5714285714285714,-1
"F[0,1]((HCO3 <= 0.000 & HR <= 92.999) | SaO2 <= 94.909)
",0.000,-9999999.000,-9999999.000,0.000,1.000,0,3,0,4,4,3,0,7,0.0,1.0,0.0,0.0,0.42857142857142855,0.5714285714285714,-1
"((FiO2 >= 0.000) U[0,2] (WBC <= 18.452))
",0.000,-9999999.000,-9999999.000,0.000,1.000,0,3,0,4,4,3,0,7,0.0,1.0,0.0,0.0,0.42857142857142855,0.5714285714285714,-1
"F[0,1](((pH <= 5.687 -> AST >= 0.733) -> BUN <= 35.850) & Platelets <= 27.004)
",0.000,-9999999.000,-9999999.000,0.000,1.000,0,3,0,4,4,3,0,7,0.0,1.0,0.0,0.0,0.42857142857142855,0.5714285714285714,-1
"F[0,0](((SepsisLabel <= 0.738 | Potassium >= 0.467) | Creatinine <= 2.593) | SBP >= 0.308)
",-0.861,2.593,17.251,0.000,1.000,0,3,0,4,4,3,0,7,0.0,1.0,0.0,0.0,0.42857142857142855,0.5714285714285714,-1
"((Alkalinephos >= 7.200) U[0,2] (Resp >= 12.349))
",0.000,-9999999.000,-9999999.000,0.000,1.000,0,3,0,4,4,3,0,7,0.0,1.0,0.0,0.0,0.42857142857142855,0.5714285714285714,-1
"F[0,2](((Hgb >= 0.347 | Phosphate <= 2.094) & SaO2 <= 5.237) & Temp <= 4.857)
",0.000,-9999999.000,-9999999.000,0.000,1.000,0,3,0,4,4,3,0,7,0.0,1.0,0.0,0.0,0.42857142857142855,0.5714285714285714,-1
"F[0,2](((AST >= 3.925 & Fibrinogen >= 0.000) & Lactate >= 0.000) -> Lactate >= 0.000)
",0.000,-9999999.000,-9999999.000,0.000,1.000,0,3,0,4,4,3,0,7,0.0,1.0,0.0,0.0,0.42857142857142855,0.5714285714285714,-1
"((Phosphate <= 2.445) U[0,2] (EtCO2 >= 0.000))
",0.000,-9999999.000,-9999999.000,0.000,1.000,0,3,0,4,4,3,0,7,0.0,1.0,0.0,0.0,0.42857142857142855,0.5714285714285714,-1
"F[0,0](Bilirubin_direct <= 0.000 & PaCO2 <= 22.587)
",0.500,0.000,-0.334,0.000,1.000,0,3,0,4,4,3,0,7,0.0,1.0,0.0,0.0,0.42857142857142855,0.5714285714285714,-1
"F[0,0]((Fibrinogen >= 0.000 & HCO3 >= 0.000) | DBP >= 0.000)
",-1.232,79.000,93.400,0.000,1.000,0,3,0,4,4,3,0,7,0.0,1.0,0.0,0.0,0.42857142857142855,0.5714285714285714,-1
"F[0,1](WBC >= 6.611 -> PTT <= 65.038)
",0.000,-9999999.000,-9999999.000,0.000,1.000,0,3,0,4,4,3,0,7,0.0,1.0,0.0,0.0,0.42857142857142855,0.5714285714285714,-1
"F[0,2](((PaCO2 >= 1.518 -> Potassium <= 3.859) | PaCO2 >= 0.203) -> Fibrinogen <= 0.931)
",0.000,-9999999.000,-9999999.000,0.000,1.000,0,3,0,4,4,3,0,7,0.0,1.0,0.0,0.0,0.42857142857142855,0.5714285714285714,-1
"F[1,2](Resp <= 30.164 -> SBP >= 23.696)
",0.000,-9999999.000,-9999999.000,0.000,1.000,0,3,0,4,4,3,0,7,0.0,1.0,0.0,0.0,0.42857142857142855,0.5714285714285714,-1
"F[0,2](((pH >= 0.368 | Potassium <= 1.029) & Potassium <= 0.843) | TroponinI <= 0.859)
",0.000,-9999999.000,-9999999.000,0.000,1.000,0,3,0,4,4,3,0,7,0.0,1.0,0.0,0.0,0.42857142857142855,0.5714285714285714,-1
"F[0,1](((Potassium >= 0.501 & SaO2 >= 0.779) | AST <= 43.523) -> PaCO2 <= 38.439)
",0.000,-9999999.000,-9999999.000,0.000,1.000,0,3,0,4,4,3,0,7,0.0,1.0,0.0,0.0,0.42857142857142855,0.5714285714285714,-1
"F[0,1](((Magnesium <= 0.238 | Potassium <= 3.470) | TroponinI >= 0.507) -> FiO2 <= 1.150)
",0.000,-9999999.000,-9999999.000,0.000,1.000,0,3,0,4,4,3,0,7,0.0,1.0,0.0,0.0,0.42857142857142855,0.5714285714285714,-1
"F[1,2]((HR <= 89.910 -> Resp <= 29.143) & FiO2 <= 27.431)
",0.000,-9999999.000,-9999999.000,0.000,1.000,0,3,0,4,4,3,0,7,0.0,1.0,0.0,0.0,0.42857142857142855,0.5714285714285714,-1
"F[0,2](Hgb <= 7.214 | Hct <= 1.746)
",0.000,-9999999.000,-9999999.000,0.000,1.000,0,3,0,4,4,3,0,7,0.0,1.0,0.0,0.0,0.42857142857142855,0.5714285714285714,-1
"((Calcium <= 5.606) U[0,1] (MAP >= 71.746))
",0.000,-9999999.000,-9999999.000,0.000,1.000,0,3,0,4,4,3,0,7,0.0,1.0,0.0,0.0,0.42857142857142855,0.5714285714285714,-1
"F[1,2](HCO3 < 0.000 -> SepsisLabel = 0.058)
",0.000,-9999999.000,-9999999.000,0.000,1.000,0,3,0,4,4,3,0,7,0.0,1.0,0.0,0.0,0.42857142857142855,0.5714285714285714,-1
"F[1,1](((Glucose <= 89.220 | Calcium >= 0.365) -> Calcium <= 3.176) & Chloride <= 2.404)
",0.000,-89.220,-89.220,0.000,1.000,0,3,0,4,4,3,0,7,0.0,1.0,0.0,0.0,0.42857142857142855,0.5714285714285714,-1
"F[1,2](HR >= 77.128 | Potassium >= 0.498)
",0.000,-9999999.000,-9999999.000,0.000,1.000,0,3,0,4,4,3,0,7,0.0,1.0,0.0,0.0,0.42857142857142855,0.5714285714285714,-1
"F[0,2](HCO3 >= 0.000 & DBP <= 67.662)
",0.000,-9999999.000,-9999999.000,0.000,1.000,0,3,0,4,4,3,0,7,0.0,1.0,0.0,0.0,0.42857142857142855,0.5714285714285714,-1
"F[0,1]((Potassium >= 0.307 -> Creatinine <= 0.723) -> AST <= 1.253)
",0.000,-9999999.000,-9999999.000,0.000,1.000,0,3,0,4,4,3,0,7,0.0,1.0,0.0,0.0,0.42857142857142855,0.5714285714285714,-1
"F[1,2](DBP >= 36.836 | PaCO2 >= 1.776)
",0.000,-9999999.000,-9999999.000,0.000,1.000,0,3,0,4,4,3,0,7,0.0,1.0,0.0,0.0,0.42857142857142855,0.5714285714285714,-1
"F[1,1](((DBP >= 38.055 & Hct >= 0.805) & EtCO2 >= 0.351) -> Lactate <= 4.973)
",0.000,-4.973,-4.973,0.000,1.000,0,3,0,4,4,3,0,7,0.0,1.0,0.0,0.0,0.42857142857142855,0.5714285714285714,-1
"F[0,2]((pH <= 3.125 | FiO2 >= 0.000) -> SBP >= 0.000)
",0.000,-9999999.000,-9999999.000,0.000,1.000,0,3,0,4,4,3,0,7,0.0,1.0,0.0,0.0,0.42857142857142855,0.5714285714285714,-1
"F[0,1](Hct <= 14.679 | Hgb <= 4.138)
",0.000,-9999999.000,-9999999.000,0.000,1.000,0,3,0,4,4,3,0,7,0.0,1.0,0.0,0.0,0.42857142857142855,0.5714285714285714,-1
"F[0,2](((TroponinI <= 0.462 -> FiO2 >= 0.000) & Bilirubin_total >= 0.000) | PTT <= 0.000)
",0.000,-9999999.000,-9999999.000,0.000,1.000,0,3,0,4,4,3,0,7,0.0,1.0,0.0,0.0,0.42857142857142855,0.5714285714285714,-1
"((Calcium >= 0.211) U[0,0] (BaseExcess <= 0.000))
",-0.500,0.000,24.158,0.000,1.000,0,3,0,4,4,3,0,7,0.0,1.0,0.0,0.0,0.42857142857142855,0.5714285714285714,-1
"F[0,1](((Hct <= 16.997 & MAP >= 63.732) & Chloride >= 55.536) -> Fibrinogen >= 14.617)
",0.000,-9999999.000,-9999999.000,0.000,1.000,0,3,0,4,4,3,0,7,0.0,1.0,0.0,0.0,0.42857142857142855,0.5714285714285714,-1
"F[0,1]((BaseExcess >= 0.000 | Platelets >= 11.525) | PaCO2 >= 14.575)
",0.000,-9999999.000,-9999999.000,0.000,1.000,0,3,0,4,4,3,0,7,0.0,1.0,0.0,0.0,0.42857142857142855,0.5714285714285714,-1
"((Fibrinogen >= 0.000) U[0,1] (PTT <= 75.943))
",0.000,-9999999.000,-9999999.000,0.000,1.000,0,3,0,4,4,3,0,7,0.0,1.0,0.0,0.0,0.42857142857142855,0.5714285714285714,-1
"F[1,1](EtCO2 <= 0.000 & Glucose <= 144.511)
",0.000,0.000,0.000,0.000,1.000,1,2,1,3,4,3,2,5,0.25,0.6666666666666666,0.3333333333333333,0.5,0.42857142857142855,0.5714285714285714,-1
"((Platelets <= 631.488) U[0,1] (AST <= 15.121))
",0.000,-9999999.000,-9999999.000,0.000,1.000,0,3,0,4,4,3,0,7,0.0,1.0,0.0,0.0,0.42857142857142855,0.5714285714285714,-1
"F[1,2]((SepsisLabel >= 0.287 & Alkalinephos <= 78.195) | Glucose >= 3.048)
",0.000,-9999999.000,-9999999.000,0.000,1.000,0,3,0,4,4,3,0,7,0.0,1.0,0.0,0.0,0.42857142857142855,0.5714285714285714,-1
"F[0,2]((PTT >= 5.330 | Temp <= 36.950) | HCO3 >= 1.804)
",0.000,-9999999.000,-9999999.000,0.000,1.000,0,3,0,4,4,3,0,7,0.0,1.0,0.0,0.0,0.42857142857142855,0.5714285714285714,-1
"F[0,2](((EtCO2 <= 0.000 | Chloride <= 0.000) & Temp >= 0.000) | Hgb >= 0.000)
",0.000,-9999999.000,-9999999.000,0.000,1.000,0,3,0,4,4,3,0,7,0.0,1.0,0.0,0.0,0.42857142857142855,0.5714285714285714,-1
"F[0,2](((MAP >= 34.179 -> SBP >= 33.515) & AST >= 62.289) -> Bilirubin_total >= 2.091)
",0.000,-9999999.000,-9999999.000,0.000,1.000,0,3,0,4,4,3,0,7,0.0,1.0,0.0,0.0,0.42857142857142855,0.5714285714285714,-1
"F[0,0](((Calcium <= 6.647 -> Glucose <= 79.478) -> SaO2 <= 123.370) | Calcium <= 56.920)
",0.500,56.920,32.720,0.000,1.000,0,3,0,4,4,3,0,7,0.0,1.0,0.0,0.0,0.42857142857142855,0.5714285714285714,-1
"F[0,1](BaseExcess < 0.000 -> SepsisLabel = 0.012)
",0.000,-9999999.000,-9999999.000,0.000,1.000,0,3,0,4,4,3,0,7,0.0,1.0,0.0,0.0,0.42857142857142855,0.5714285714285714,-1
"F[0,1](AST <= 21.230 | SaO2 >= 3.125)
",0.000,-9999999.000,-9999999.000,0.000,1.000,0,3,0,4,4,3,0,7,0.0,1.0,0.0,0.0,0.42857142857142855,0.5714285714285714,-1
"((Bilirubin_total <= 0.390) U[0,1] (PaCO2 >= 1.791))
",0.000,-9999999.000,-9999999.000,0.000,1.000,3,0,3,1,4,3,6,1,0.75,0.0,1.0,0.5,0.42857142857142855,0.5714285714285714,-1
"F[0,2](((DBP >= 38.420 & Phosphate <= 1.515) & Calcium >= 0.379) -> Bilirubin_direct >= 0.331)
",0.000,-9999999.000,-9999999.000,0.000,1.000,0,3,0,4,4,3,0,7,0.0,1.0,0.0,0.0,0.42857142857142855,0.5714285714285714,-1
"F[0,2](Hgb <= 3.449 | Hct <= 15.028)
",0.000,-9999999.000,-9999999.000,0.000,1.000,0,3,0,4,4,3,0,7,0.0,1.0,0.0,0.0,0.42857142857142855,0.5714285714285714,-1
"F[0,2](((Calcium < 5.814 & Potassium < 2.071) & Magnesium < 0.655) & Phosphate < 5.007)
",0.000,-9999999.000,-9999999.000,0.000,1.000,0,3,0,4,4,3,0,7,0.0,1.0,0.0,0.0,0.42857142857142855,0.5714285714285714,-1
"F[1,2](Hgb <= 3.974 | Hct <= 11.700)
",0.000,-9999999.000,-9999999.000,0.000,1.000,0,3,0,4,4,3,0,7,0.0,1.0,0.0,0.0,0.42857142857142855,0.5714285714285714,-1
"((MAP >= 80.466) U[0,2] (SBP <= 141.921))
",0.000,-9999999.000,-9999999.000,0.000,1.000,0,3,0,4,4,3,0,7,0.0,1.0,0.0,0.0,0.42857142857142855,0.5714285714285714,-1
"F[1,2]((Calcium >= 0.631 | HR <= 101.562) | Creatinine >= 46.529)
",0.000,-9999999.000,-9999999.000,0.000,1.000,0,3,0,4,4,3,0,7,0.0,1.0,0.0,0.0,0.42857142857142855,0.5714285714285714,-1
"F[0,1]((PTT >= 0.450 -> Resp >= 14.503) | O2Sat >= 24.596)
",0.000,-9999999.000,-9999999.000,0.000,1.000,0,3,0,4,4,3,0,7,0.0,1.0,0.0,0.0,0.42857142857142855,0.5714285714285714,-1
"F[0,2](((Calcium < 5.965 & Potassium < 1.908) & Magnesium < 1.347) & Phosphate < 1.674)
",0.000,-9999999.000,-9999999.000,0.000,1.000,0,3,0,4,4,3,0,7,0.0,1.0,0.0,0.0,0.42857142857142855,0.5714285714285714,-1
"F[1,2]((Phosphate >= 0.137 & Magnesium > 0.039) -> Calcium < 4.259)
",0.000,-9999999.000,-9999999.000,0.000,1.000,0,3,0,4,4,3,0,7,0.0,1.0,0.0,0.0,0.42857142857142855,0.5714285714285714,-1
"F[0,2]((Calcium >= 0.650 -> Temp >= 8.484) -> Bilirubin_total <= 16.898)
",0.000,-9999999.000,-9999999.000,0.000,1.000,0,3,0,4,4,3,0,7,0.0,1.0,0.0,0.0,0.42857142857142855,0.5714285714285714,-1
"F[0,1](((SBP <= 127.486 & TroponinI >= 0.069) -> Hct >= 0.028) & Potassium <= 0.747)
",0.000,-9999999.000,-9999999.000,0.000,1.000,0,3,0,4,4,3,0,7,0.0,1.0,0.0,0.0,0.42857142857142855,0.5714285714285714,-1
"F[1,2]((Phosphate >= 0.154 & Magnesium > 0.070) -> Calcium < 2.971)
",0.000,-9999999.000,-9999999.000,0.000,1.000,0,3,0,4,4,3,0,7,0.0,1.0,0.0,0.0,0.42857142857142855,0.5714285714285714,-1
"((O2Sat <= 91.717) U[0,1] (Potassium <= 3.101))
",0.000,-9999999.000,-9999999.000,0.000,1.000,0,3,0,4,4,3,0,7,0.0,1.0,0.0,0.0,0.42857142857142855,0.5714285714285714,-1
"F[0,1](((Calcium < 5.967 & Potassium < 0.801) & Magnesium < 0.820) & Phosphate < 4.812)
",0.000,-9999999.000,-9999999.000,0.000,1.000,0,3,0,4,4,3,0,7,0.0,1.0,0.0,0.0,0.42857142857142855,0.5714285714285714,-1
"F[1,2](Hgb <= 2.082 | Hct <= 9.577)
",0.000,-9999999.000,-9999999.000,0.000,1.000,0,3,0,4,4,3,0,7,0.0,1.0,0.0,0.0,0.42857142857142855,0.5714285714285714,-1
"F[0,2]((HR <= 97.408 | TroponinI <= 0.996) -> Alkalinephos <= 0.221)
",0.000,-9999999.000,-9999999.000,0.000,1.000,0,3,0,4,4,3,0,7,0.0,1.0,0.0,0.0,0.42857142857142855,0.5714285714285714,-1
"F[1,2](((Hct >= 0.063 & PaCO2 >= 0.199) & PTT >= 1.862) -> SepsisLabel <= 16.842)
",0.000,-9999999.000,-9999999.000,0.000,1.000,0,3,0,4,4,3,0,7,0.0,1.0,0.0,0.0,0.42857142857142855,0.5714285714285714,-1
"F[1,1](((Lactate <= 1.048 -> Platelets <= 563.471) | Phosphate <= 447.269) -> Lactate <= 498.687)
",0.000,-498.687,-498.687,0.000,1.000,0,3,0,4,4,3,0,7,0.0,1.0,0.0,0.0,0.42857142857142855,0.5714285714285714,-1
"F[0,1](BUN >= 0.078 -> Calcium <= 1.865)
",0.000,-9999999.000,-9999999.000,0.000,1.000,0,3,0,4,4,3,0,7,0.0,1.0,0.0,0.0,0.42857142857142855,0.5714285714285714,-1
"F[0,1](((Calcium < 3.919 & Potassium < 3.867) & Magnesium < 1.029) & Phosphate < 1.457)
",0.000,-9999999.000,-9999999.000,0.000,1.000,0,3,0,4,4,3,0,7,0.0,1.0,0.0,0.0,0.42857142857142855,0.5714285714285714,-1
"F[0,2](SBP >= 79.758 | SepsisLabel >= 0.698)
",0.000,-9999999.000,-9999999.000,0.000,1.000,0,3,0,4,4,3,0,7,0.0,1.0,0.0,0.0,0.42857142857142855,0.5714285714285714,-1
"F[1,2](Calcium >= 0.456 -> Magnesium >= 0.080)
",0.000,-9999999.000,-9999999.000,0.000,1.000,0,3,0,4,4,3,0,7,0.0,1.0,0.0,0.0,0.42857142857142855,0.5714285714285714,-1
"F[0,1](((AST >= 0.213 -> Creatinine >= 0.002) & Potassium <= 1.511) | HCO3 >= 0.031)
",0.000,-9999999.000,-9999999.000,0.000,1.000,0,3,0,4,4,3,0,7,0.0,1.0,0.0,0.0,0.42857142857142855,0.5714285714285714,-1
"F[1,2]((Creatinine >= 0.049 -> Platelets >= 11.281) | MAP >= 19.519)
",0.000,-9999999.000,-9999999.000,0.000,1.000,0,3,0,4,4,3,0,7,0.0,1.0,0.0,0.0,0.42857142857142855,0.5714285714285714,-1
"F[0,1]((Glucose <= 60.725 | Magnesium <= 1.363) & PTT <= 1.491)
",0.000,-9999999.000,-9999999.000,0.000,1.000,0,3,0,4,4,3,0,7,0.0,1.0,0.0,0.0,0.42857142857142855,0.5714285714285714,-1
"F[0,1](Calcium <= 2.823 -> MAP <= 99.822)
",0.000,-9999999.000,-9999999.000,0.000,1.000,0,3,0,4,4,3,0,7,0.0,1.0,0.0,0.0,0.42857142857142855,0.5714285714285714,-1
"F[0,1]((Phosphate >= 0.033 & Magnesium > 0.111) -> Calcium < 6.463)
",0.000,-9999999.000,-9999999.000,0.000,1.000,0,3,0,4,4,3,0,7,0.0,1.0,0.0,0.0,0.42857142857142855,0.5714285714285714,-1
"F[1,1](TroponinI <= 0.857 | WBC <= 76.028)
",0.000,76.028,76.028,0.000,1.000,0,3,0,4,4,3,0,7,0.0,1.0,0.0,0.0,0.42857142857142855,0.5714285714285714,-1
"F[1,1](Hgb <= 2.971 | Hct <= 7.444)
",0.000,7.444,7.444,0.000,1.000,0,3,0,4,4,3,0,7,0.0,1.0,0.0,0.0,0.42857142857142855,0.5714285714285714,-1
"F[0,2](BUN <= 10.025 | O2Sat >= 75.298)
",0.000,-9999999.000,-9999999.000,0.000,1.000,0,3,0,4,4,3,0,7,0.0,1.0,0.0,0.0,0.42857142857142855,0.5714285714285714,-1
"F[1,2](((Hct >= 1.191 -> O2Sat <= 96.539) & Glucose <= 97.671) | pH <= 95.972)
",0.000,-9999999.000,-9999999.000,0.000,1.000,0,3,0,4,4,3,0,7,0.0,1.0,0.0,0.0,0.42857142857142855,0.5714285714285714,-1
"((Alkalinephos >= 7.183) U[0,1] (O2Sat >= 45.772))
",0.000,-9999999.000,-9999999.000,0.000,1.000,0,3,0,4,4,3,0,7,0.0,1.0,0.0,0.0,0.42857142857142855,0.5714285714285714,-1
"F[0,2](Hgb <= 1.168 | Hct <= 8.797)
",0.000,-9999999.000,-9999999.000,0.000,1.000,0,3,0,4,4,3,0,7,0.0,1.0,0.0,0.0,0.42857142857142855,0.5714285714285714,-1
"F[1,1]((Phosphate >= 0.298 & Magnesium > 0.056) -> Calcium < 2.009)
",0.000,-2.009,-2.009,0.000,1.000,0,3,0,4,4,3,0,7,0.0,1.0,0.0,0.0,0.42857142857142855,0.5714285714285714,-1
"F[0,1](((Calcium < 7.286 & Potassium < 3.326) & Magnesium < 1.443) & Phosphate < 4.831)
",0.000,-9999999.000,-9999999.000,0.000,1.000,0,3,0,4,4,3,0,7,0.0,1.0,0.0,0.0,0.42857142857142855,0.5714285714285714,-1
"F[0,0](O2Sat >= 61.341 -> pH >= 0.370)
",0.624,-33.659,-36.459,0.000,1.000,3,0,3,1,4,3,6,1,0.75,0.0,1.0,0.5,0.42857142857142855,0.5714285714285714,-1
"F[0,2]((Phosphate >= 0.294 & Magnesium > 0.056) -> Calcium < 3.501)
",0.000,-9999999.000,-9999999.000,0.000,1.000,0,3,0,4,4,3,0,7,0.0,1.0,0.0,0.0,0.42857142857142855,0.5714285714285714,-1
"F[0,0]((Hct >= 0.629 -> WBC >= 2.941) & Hgb <= 81.492)
",0.484,0.114,-22.789,0.000,1.000,0,3,0,4,4,3,0,7,0.0,1.0,0.0,0.0,0.42857142857142855,0.5714285714285714,-1
"F[0,0](((Creatinine >= 0.094 -> Potassium <= 1.101) & Bilirubin_direct <= 3.285) | Lactate <= 2.152)
",0.784,2.152,1.090,0.000,1.000,0,3,0,4,4,3,0,7,0.0,1.0,0.0,0.0,0.42857142857142855,0.5714285714285714,-1
"F[0,2]((Glucose <= 125.380 | SaO2 <= 10.676) -> Fibrinogen <= 18.379)
",0.000,-9999999.000,-9999999.000,0.000,1.000,0,3,0,4,4,3,0,7,0.0,1.0,0.0,0.0,0.42857142857142855,0.5714285714285714,-1
"F[0,0]((WBC >= 8.472 | Hgb >= 0.232) -> TroponinI <= 0.659)
",0.500,-0.659,-22.713,0.000,1.000,0,3,0,4,4,3,0,7,0.0,1.0,0.0,0.0,0.42857142857142855,0.5714285714285714,-1
"F[0,2](((Hct <= 15.509 -> Bilirubin_total >= 0.017) -> BUN >= 0.089) & BUN <= 0.465)
",0.000,-9999999.000,-9999999.000,0.000,1.000,0,3,0,4,4,3,0,7,0.0,1.0,0.0,0.0,0.42857142857142855,0.5714285714285714,-1
"F[1,2]((Temp >= 1.273 -> WBC <= 79.046) -> BUN <= 74.059)
",0.000,-9999999.000,-9999999.000,0.000,1.000,0,3,0,4,4,3,0,7,0.0,1.0,0.0,0.0,0.42857142857142855,0.5714285714285714,-1
"F[0,0]((Magnesium <= 0.782 | Potassium <= 0.564) -> EtCO2 <= 3.267)
",0.000,-0.782,-0.782,0.000,1.000,0,3,0,4,4,3,0,7,0.0,1.0,0.0,0.0,0.42857142857142855,0.5714285714285714,-1
"F[1,2](AST <= 12.479 | DBP >= 41.707)
",0.000,-9999999.000,-9999999.000,0.000,1.000,0,3,0,4,4,3,0,7,0.0,1.0,0.0,0.0,0.42857142857142855,0.5714285714285714,-1
"F[1,2](((O2Sat <= 91.241 -> FiO2 <= 0.000) -> WBC <= 0.000) -> Resp >= 0.000)
",0.000,-9999999.000,-9999999.000,0.000,1.000,0,3,0,4,4,3,0,7,0.0,1.0,0.0,0.0,0.42857142857142855,0.5714285714285714,-1
"F[0,1]((Lactate <= 0.488 -> Chloride >= 0.000) & Hct >= 0.000)
",0.000,-9999999.000,-9999999.000,0.000,1.000,0,3,0,4,4,3,0,7,0.0,1.0,0.0,0.0,0.42857142857142855,0.5714285714285714,-1
"F[1,2]((Glucose >= 8.933 -> HCO3 <= 0.000) | WBC >= 0.000)
",0.000,-9999999.000,-9999999.000,0.000,1.000,0,3,0,4,4,3,0,7,0.0,1.0,0.0,0.0,0.42857142857142855,0.5714285714285714,-1
"F[1,2]((pH >= 0.144 -> BaseExcess <= 0.000) & FiO2 >= 0.000)
",0.000,-9999999.000,-9999999.000,0.000,1.000,0,3,0,4,4,3,0,7,0.0,1.0,0.0,0.0,0.42857142857142855,0.5714285714285714,-1
"F[0,1](((Bilirubin_total >= 0.082 | MAP <= 85.986) -> Temp <= 100.337) -> Temp <= 99.916)
",0.000,-9999999.000,-9999999.000,0.000,1.000,0,3,0,4,4,3,0,7,0.0,1.0,0.0,0.0,0.42857142857142855,0.5714285714285714,-1
"((PTT <= 90.585) U[0,1] (Magnesium <= 1.004))
",0.000,-9999999.000,-9999999.000,0.000,1.000,0,3,0,4,4,3,0,7,0.0,1.0,0.0,0.0,0.42857142857142855,0.5714285714285714,-1
"F[0,1](((TroponinI <= 0.728 -> EtCO2 >= 0.000) & SBP <= 0.000) -> AST >= 0.000)
",0.000,-9999999.000,-9999999.000,0.000,1.000,0,3,0,4,4,3,0,7,0.0,1.0,0.0,0.0,0.42857142857142855,0.5714285714285714,-1
"F[0,0](((Resp >= 18.475 | Phosphate <= 1.115) -> Resp >= 0.111) | HCO3 <= 3.644)
",1.000,3.644,3.644,0.000,1.000,0,3,0,4,4,3,0,7,0.0,1.0,0.0,0.0,0.42857142857142855,0.5714285714285714,-1
"F[0,1](((Hgb >= 0.404 | Phosphate <= 1.098) -> PaCO2 <= 4.496) | FiO2 <= 4.803)
",0.000,-9999999.000,-9999999.000,0.000,1.000,0,3,0,4,4,3,0,7,0.0,1.0,0.0,0.0,0.42857142857142855,0.5714285714285714,-1
"F[0,1](((Lactate >= 0.038 & TroponinI <= 0.424) | Temp <= 0.692) -> FiO2 <= 0.419)
",0.000,-9999999.000,-9999999.000,0.000,1.000,0,3,0,4,4,3,0,7,0.0,1.0,0.0,0.0,0.42857142857142855,0.5714285714285714,-1
"F[0,1]((EtCO2 >= 0.000 & Potassium >= 0.357) -> FiO2 <= 0.709)
",0.000,-9999999.000,-9999999.000,0.000,1.000,0,3,0,4,4,3,0,7,0.0,1.0,0.0,0.0,0.42857142857142855,0.5714285714285714,-1
"F[0,1](((AST >= 1.257 | Resp <= 31.995) | Glucose >= 9.868) & Hct <= 27.862)
",0.000,-9999999.000,-9999999.000,0.000,1.000,0,3,0,4,4,3,0,7,0.0,1.0,0.0,0.0,0.42857142857142855,0.5714285714285714,-1
"F[0,0](BUN >= 0.541 | Chloride >= 0.000)
",-0.500,0.000,10.892,0.000,1.000,0,3,0,4,4,3,0,7,0.0,1.0,0.0,0.0,0.42857142857142855,0.5714285714285714,-1
"F[0,1]((Magnesium >= 0.063 | MAP >= 17.148) | EtCO2 >= 62.268)
",0.000,-9999999.000,-9999999.000,0.000,1.000,0,3,0,4,4,3,0,7,0.0,1.0,0.0,0.0,0.42857142857142855,0.5714285714285714,-1
"F[0,1]((FiO2 >= 0.000 | FiO2 <= 0.000) | TroponinI <= 0.000)
",0.000,-9999999.000,-9999999.000,0.000,1.000,0,3,0,4,4,3,0,7,0.0,1.0,0.0,0.0,0.42857142857142855,0.5714285714285714,-1
"F[0,0](Calcium <= 4.792 -> Phosphate <= 4.929)
",-0.500,-4.929,-4.609,0.000,1.000,0,3,0,4,4,3,0,7,0.0,1.0,0.0,0.0,0.42857142857142855,0.5714285714285714,-1
"F[0,1]((Creatinine <= 1.061 & Resp >= 7.757) & SBP >= 17.152)
",0.000,-9999999.000,-9999999.000,0.000,1.000,0,3,0,4,4,3,0,7,0.0,1.0,0.0,0.0,0.42857142857142855,0.5714285714285714,-1
"F[0,2](Hgb <= 0.772 & Temp <= 20.799)
",0.000,-9999999.000,-9999999.000,0.000,1.000,0,3,0,4,4,3,0,7,0.0,1.0,0.0,0.0,0.42857142857142855,0.5714285714285714,-1
"F[1,2](WBC > 2.965 -> SepsisLabel = 0.318)
",0.000,-9999999.000,-9999999.000,0.000,1.000,0,3,0,4,4,3,0,7,0.0,1.0,0.0,0.0,0.42857142857142855,0.5714285714285714,-1
"F[0,2](Glucose >= 3.052 -> O2Sat >= 14.240)
",0.000,-9999999.000,-9999999.000,0.000,1.000,0,3,0,4,4,3,0,7,0.0,1.0,0.0,0.0,0.42857142857142855,0.5714285714285714,-1
"((HR >= 40.066) U[0,1] (Potassium <= 1.982))
",0.000,-9999999.000,-9999999.000,0.000,1.000,0,3,0,4,4,3,0,7,0.0,1.0,0.0,0.0,0.42857142857142855,0.5714285714285714,-1
"F[0,2](((Resp >= 24.238 | Temp <= 33.912) & WBC <= 36.060) & Hct <= 24.253)
",0.000,-9999999.000,-9999999.000,0.000,1.000,0,3,0,4,4,3,0,7,0.0,1.0,0.0,0.0,0.42857142857142855,0.5714285714285714,-1
"F[0,1](Hgb <= 1.711 | Hct <= 16.566)
",0.000,-9999999.000,-9999999.000,0.000,1.000,0,3,0,4,4,3,0,7,0.0,1.0,0.0,0.0,0.42857142857142855,0.5714285714285714,-1
"F[1,2](((Calcium < 3.261 & Potassium < 3.333) & Magnesium < 0.549) & Phosphate < 4.013)
",0.000,-9999999.000,-9999999.000,0.000,1.000,0,3,0,4,4,3,0,7,0.0,1.0,0.0,0.0,0.42857142857142855,0.5714285714285714,-1
"F[0,0](((AST <= 53.003 -> Temp >= 4.873) -> Resp >= 1.375) -> Creatinine <= 32.761)
",0.000,-32.761,-32.761,0.000,1.000,0,3,0,4,4,3,0,7,0.0,1.0,0.0,0.0,0.42857142857142855,0.5714285714285714,-1
"F[1,2]((Phosphate >= 0.243 & Magnesium > 0.094) -> Calcium < 3.126)
",0.000,-9999999.000,-9999999.000,0.000,1.000,0,3,0,4,4,3,0,7,0.0,1.0,0.0,0.0,0.42857142857142855,0.5714285714285714,-1
"F[0,2](BUN >= 1.341 -> SepsisLabel = 0.576)
",0.000,-9999999.000,-9999999.000,0.000,1.000,0,3,0,4,4,3,0,7,0.0,1.0,0.0,0.0,0.42857142857142855,0.5714285714285714,-1
"F[0,2](((Creatinine >= 0.051 -> Temp <= 20.967) & Fibrinogen <= 33.721) | Magnesium >= 3.875)
",0.000,-9999999.000,-9999999.000,0.000,1.000,0,3,0,4,4,3,0,7,0.0,1.0,0.0,0.0,0.42857142857142855,0.5714285714285714,-1
"F[1,2](Hgb <= 5.533 | Hct <= 15.672)
",0.000,-9999999.000,-9999999.000,0.000,1.000,0,3,0,4,4,3,0,7,0.0,1.0,0.0,0.0,0.42857142857142855,0.5714285714285714,-1
"F[1,1](((HR >= 26.284 -> Temp <= 38.228) & Creatinine <= 27.500) | SaO2 <= 18.946)
",0.000,18.946,18.946,0.000,1.000,0,3,0,4,4,3,0,7,0.0,1.0,0.0,0.0,0.42857142857142855,0.5714285714285714,-1
"F[1,2](Hgb <= 5.358 | Hct <= 19.805)
",0.000,-9999999.000,-9999999.000,0.000,1.000,0,3,0,4,4,3,0,7,0.0,1.0,0.0,0.0,0.42857142857142855,0.5714285714285714,-1
"F[0,2](((Calcium < 7.825 & Potassium < 1.358) & Magnesium < 0.528) & Phosphate < 2.412)
",0.000,-9999999.000,-9999999.000,0.000,1.000,0,3,0,4,4,3,0,7,0.0,1.0,0.0,0.0,0.42857142857142855,0.5714285714285714,-1
"F[0,1](((Glucose <= 95.999 | SepsisLabel <= 0.932) & AST <= 0.939) | Resp >= 0.232)
",0.000,-9999999.000,-9999999.000,0.000,1.000,0,3,0,4,4,3,0,7,0.0,1.0,0.0,0.0,0.42857142857142855,0.5714285714285714,-1
"F[0,1]((Phosphate >= 0.074 & Magnesium > 0.089) -> Calcium < 6.406)
",0.000,-9999999.000,-9999999.000,0.000,1.000,0,3,0,4,4,3,0,7,0.0,1.0,0.0,0.0,0.42857142857142855,0.5714285714285714,-1
"F[0,0](MAP > 19.267 -> SepsisLabel = 0.208)
",1.961,-95.483,-118.933,0.000,1.000,3,0,3,1,4,3,6,1,0.75,0.0,1.0,0.5,0.42857142857142855,0.5714285714285714,-1
"((WBC <= 102.485) U[0,1] (Bilirubin_direct >= 0.000))
",0.000,-9999999.000,-9999999.000,0.000,1.000,0,3,0,4,4,3,0,7,0.0,1.0,0.0,0.0,0.42857142857142855,0.5714285714285714,-1
"F[0,0](Phosphate >= 0.203 | HR <= 93.725)
",-0.500,-0.203,0.117,0.000,1.000,2,1,2,2,4,3,4,3,0.5,0.3333333333333333,0.6666666666666666,0.5,0.42857142857142855,0.5714285714285714,-1
"F[0,2]((Bilirubin_total >= 0.030 | Creatinine >= 0.107) -> PTT >= 0.036)
",0.000,-9999999.000,-9999999.000,0.000,1.000,0,3,0,4,4,3,0,7,0.0,1.0,0.0,0.0,0.42857142857142855,0.5714285714285714,-1
"F[0,2](PTT >= 7.448 | WBC <= 93.438)
",0.000,-9999999.000,-9999999.000,0.000,1.000,0,3,0,4,4,3,0,7,0.0,1.0,0.0,0.0,0.42857142857142855,0.5714285714285714,-1
"F[1,2](((Temp >= 2.854 -> EtCO2 <= 0.000) | EtCO2 >= 0.000) | Potassium <= 0.000)
",0.000,-9999999.000,-9999999.000,0.000,1.000,0,3,0,4,4,3,0,7,0.0,1.0,0.0,0.0,0.42857142857142855,0.5714285714285714,-1
"F[1,2](BaseExcess >= 0.000 -> FiO2 <= 0.000)
",0.000,-9999999.000,-9999999.000,0.000,1.000,0,3,0,4,4,3,0,7,0.0,1.0,0.0,0.0,0.42857142857142855,0.5714285714285714,-1
"F[0,2]((EtCO2 <= 0.000 | FiO2 <= 0.000) | SaO2 <= 0.000)
",0.000,-9999999.000,-9999999.000,0.000,1.000,0,3,0,4,4,3,0,7,0.0,1.0,0.0,0.0,0.42857142857142855,0.5714285714285714,-1
"F[0,1](Calcium <= 7.343 & Lactate >= 0.093)
",0.000,-9999999.000,-9999999.000,0.000,1.000,3,0,3,1,4,3,6,1,0.75,0.0,1.0,0.5,0.42857142857142855,0.5714285714285714,-1
"F[0,2]((TroponinI >= 0.063 & AST >= 2.621) | BUN <= 27.835)
",0.000,-9999999.000,-9999999.000,0.000,1.000,0,3,0,4,4,3,0,7,0.0,1.0,0.0,0.0,0.42857142857142855,0.5714285714285714,-1
"F[0,2](((Bilirubin_direct <= 0.000 -> DBP <= 70.947) | SaO2 >= 51.048) & Platelets <= 61.478)
",0.000,-9999999.000,-9999999.000,0.000,1.000,0,3,0,4,4,3,0,7,0.0,1.0,0.0,0.0,0.42857142857142855,0.5714285714285714,-1
"F[1,2](((Chloride >= 0.000 -> pH <= 2.980) -> Temp <= 4.007) & EtCO2 <= 3.054)
",0.000,-9999999.000,-9999999.000,0.000,1.000,0,3,0,4,4,3,0,7,0.0,1.0,0.0,0.0,0.42857142857142855,0.5714285714285714,-1
"F[1,2](WBC >= 3.091 -> MAP <= 94.271)
",0.000,-9999999.000,-9999999.000,0.000,1.000,0,3,0,4,4,3,0,7,0.0,1.0,0.0,0.0,0.42857142857142855,0.5714285714285714,-1
"F[0,2]((SepsisLabel >= 0.044 & TroponinI <= 0.542) -> PaCO2 <= 0.402)
",0.000,-9999999.000,-9999999.000,0.000,1.000,0,3,0,4,4,3,0,7,0.0,1.0,0.0,0.0,0.42857142857142855,0.5714285714285714,-1
"F[1,1]((SBP >= 89.478 -> Fibrinogen >= 0.000) | Alkalinephos >= 0.000)
",0.000,0.000,0.000,0.000,1.000,0,3,0,4,4,3,0,7,0.0,1.0,0.0,0.0,0.42857142857142855,0.5714285714285714,-1
"((Platelets >= 40.500) U[0,2] (Phosphate <= 1.797))
",0.000,-9999999.000,-9999999.000,0.000,1.000,0,3,0,4,4,3,0,7,0.0,1.0,0.0,0.0,0.42857142857142855,0.5714285714285714,-1
"F[1,1](((PTT >= 0.072 & PTT <= 87.878) | Hgb >= 4.540) -> HR <= 28.904)
",-1.000,-28.904,-28.904,0.000,1.000,0,3,0,4,4,3,0,7,0.0,1.0,0.0,0.0,0.42857142857142855,0.5714285714285714,-1
"((SBP <= 127.001) U[0,1] (EtCO2 >= 0.000))
",0.000,-9999999.000,-9999999.000,0.000,1.000,0,3,0,4,4,3,0,7,0.0,1.0,0.0,0.0,0.42857142857142855,0.5714285714285714,-1
"F[0,2](((BUN <= 17.051 | PTT <= 105.603) | Alkalinephos <= 43.494) & Lactate <= 102.356)
",0.000,-9999999.000,-9999999.000,0.000,1.000,0,3,0,4,4,3,0,7,0.0,1.0,0.0,0.0,0.42857142857142855,0.5714285714285714,-1
"((Potassium <= 1.073) U[0,1] (PaCO2 <= 2.982))
",0.000,-9999999.000,-9999999.000,0.000,1.000,0,3,0,4,4,3,0,7,0.0,1.0,0.0,0.0,0.42857142857142855,0.5714285714285714,-1
"F[0,1]((Hgb >= 0.249 | BUN <= 40.212) -> HR >= 0.279)
",0.000,-9999999.000,-9999999.000,0.000,1.000,0,3,0,4,4,3,0,7,0.0,1.0,0.0,0.0,0.42857142857142855,0.5714285714285714,-1
"F[0,1](((Lactate <= 0.948 | TroponinI <= 0.725) | Resp <= 0.366) | Hct >= 0.063)
",0.000,-9999999.000,-9999999.000,0.000,1.000,0,3,0,4,4,3,0,7,0.0,1.0,0.0,0.0,0.42857142857142855,0.5714285714285714,-1
"F[0,0]((pH <= 5.358 | Fibrinogen <= 0.000) & DBP >= 0.000)
",0.000,5.358,5.358,0.000,1.000,0,3,0,4,4,3,0,7,0.0,1.0,0.0,0.0,0.42857142857142855,0.5714285714285714,-1
"F[0,2]((EtCO2 <= 0.000 & Fibrinogen <= 0.000) -> Alkalinephos >= 0.000)
",0.000,-9999999.000,-9999999.000,0.000,1.000,0,3,0,4,4,3,0,7,0.0,1.0,0.0,0.0,0.42857142857142855,0.5714285714285714,-1
"F[1,2](SBP >= 57.009 | Hgb <= 0.566)
",0.000,-9999999.000,-9999999.000,0.000,1.000,0,3,0,4,4,3,0,7,0.0,1.0,0.0,0.0,0.42857142857142855,0.5714285714285714,-1
"((Platelets >= 41.886) U[0,1] (Hgb <= 4.212))
",0.000,-9999999.000,-9999999.000,0.000,1.000,0,3,0,4,4,3,0,7,0.0,1.0,0.0,0.0,0.42857142857142855,0.5714285714285714,-1
"F[0,1]((HR >= 72.061 & MAP <= 89.573) & SBP >= 72.473)
",0.000,-9999999.000,-9999999.000,0.000,1.000,0,3,0,4,4,3,0,7,0.0,1.0,0.0,0.0,0.42857142857142855,0.5714285714285714,-1
"((HR <= 96.690) U[0,2] (Glucose <= 35.054))
",0.000,-9999999.000,-9999999.000,0.000,1.000,0,3,0,4,4,3,0,7,0.0,1.0,0.0,0.0,0.42857142857142855,0.5714285714285714,-1
"F[1,2]((FiO2 >= 0.000 -> HR >= 8.044) | Glucose >= 68.874)
",0.000,-9999999.000,-9999999.000,0.000,1.000,0,3,0,4,4,3,0,7,0.0,1.0,0.0,0.0,0.42857142857142855,0.5714285714285714,-1
"F[1,2]((Fibrinogen <= 0.000 | Calcium >= 0.173) & Bilirubin_direct <= 2.672)
",0.000,-9999999.000,-9999999.000,0.000,1.000,0,3,0,4,4,3,0,7,0.0,1.0,0.0,0.0,0.42857142857142855,0.5714285714285714,-1
"F[0,2](O2Sat >= 23.921 | Hgb >= 0.359)
",0.000,-9999999.000,-9999999.000,0.000,1.000,0,3,0,4,4,3,0,7,0.0,1.0,0.0,0.0,0.42857142857142855,0.5714285714285714,-1
"F[1,2]((pH <= 1.483 -> WBC <= 142.680) | pH <= 21.497)
",0.000,-9999999.000,-9999999.000,0.000,1.000,0,3,0,4,4,3,0,7,0.0,1.0,0.0,0.0,0.42857142857142855,0.5714285714285714,-1
"F[0,1](((BUN <= 47.640 & Resp >= 2.034) -> BUN >= 11.747) -> Platelets >= 22.963)
",0.000,-9999999.000,-9999999.000,0.000,1.000,0,3,0,4,4,3,0,7,0.0,1.0,0.0,0.0,0.42857142857142855,0.5714285714285714,-1
"F[1,2]((Magnesium <= 0.662 & Bilirubin_direct <= 0.000) & Chloride <= 0.000)
",0.000,-9999999.000,-9999999.000,0.000,1.000,0,3,0,4,4,3,0,7,0.0,1.0,0.0,0.0,0.42857142857142855,0.5714285714285714,-1
"F[0,2](AST <= 21.137 -> Chloride <= 0.000)
",0.000,-9999999.000,-9999999.000,0.000,1.000,0,3,0,4,4,3,0,7,0.0,1.0,0.0,0.0,0.42857142857142855,0.5714285714285714,-1
"F[1,1](pH >= 0.157 -> Calcium >= 0.424)
",0.000,0.157,0.157,0.000,1.000,0,3,0,4,4,3,0,7,0.0,1.0,0.0,0.0,0.42857142857142855,0.5714285714285714,-1
"((Glucose <= 87.423) U[0,2] (BaseExcess <= 0.000))
",0.000,-9999999.000,-9999999.000,0.000,1.000,0,3,0,4,4,3,0,7,0.0,1.0,0.0,0.0,0.42857142857142855,0.5714285714285714,-1
"((O2Sat <= 96.273) U[0,0] (BaseExcess >= 0.000))
",0.136,1.273,0.909,0.000,1.000,0,3,0,4,4,3,0,7,0.0,1.0,0.0,0.0,0.42857142857142855,0.5714285714285714,-1
"((TroponinI >= 0.051) U[0,1] (EtCO2 <= 0.000))
",0.000,-9999999.000,-9999999.000,0.000,1.000,0,3,0,4,4,3,0,7,0.0,1.0,0.0,0.0,0.42857142857142855,0.5714285714285714,-1
"F[1,2](WBC <= 111.125 | HCO3 <= 0.000)
",0.000,-9999999.000,-9999999.000,0.000,1.000,0,3,0,4,4,3,0,7,0.0,1.0,0.0,0.0,0.42857142857142855,0.5714285714285714,-1
"F[0,1](Platelets >= 39.899 -> Phosphate <= 2.327)
",0.000,-9999999.000,-9999999.000,0.000,1.000,0,3,0,4,4,3,0,7,0.0,1.0,0.0,0.0,0.42857142857142855,0.5714285714285714,-1
"((HR >= 10.955) U[0,1] (MAP >= 61.199))
",0.000,-9999999.000,-9999999.000,0.000,1.000,0,3,0,4,4,3,0,7,0.0,1.0,0.0,0.0,0.42857142857142855,0.5714285714285714,-1
"((BaseExcess >= 0.000) U[0,2] (Bilirubin_direct >= 0.000))
",0.000,-9999999.000,-9999999.000,0.000,1.000,0,3,0,4,4,3,0,7,0.0,1.0,0.0,0.0,0.42857142857142855,0.5714285714285714,-1
"F[0,0]((Chloride >= 0.000 | Hgb >= 0.517) | Bilirubin_direct >= 0.146)
",-0.500,0.000,4.437,0.000,1.000,0,3,0,4,4,3,0,7,0.0,1.0,0.0,0.0,0.42857142857142855,0.5714285714285714,-1
"F[0,2](Hct >= 0.311 -> Alkalinephos >= 1.830)
",0.000,-9999999.000,-9999999.000,0.000,1.000,0,3,0,4,4,3,0,7,0.0,1.0,0.0,0.0,0.42857142857142855,0.5714285714285714,-1
"F[1,2]((EtCO2 >= 0.000 -> Creatinine <= 1.387) | Platelets >= 0.114)
",0.000,-9999999.000,-9999999.000,0.000,1.000,0,3,0,4,4,3,0,7,0.0,1.0,0.0,0.0,0.42857142857142855,0.5714285714285714,-1
"G[0,2](BUN <= 11.125 & Creatinine >= 0.064)
",0.000,9999999.000,9999999.000,1.000,0.000,0,3,0,4,4,3,0,7,0.0,1.0,0.0,0.0,0.42857142857142855,0.5714285714285714,1
"G[0,2](EtCO2 > 0.000 & SepsisLabel = 0.695)
",0.000,9999999.000,9999999.000,1.000,0.000,0,3,0,4,4,3,0,7,0.0,1.0,0.0,0.0,0.42857142857142855,0.5714285714285714,1
"G[0,0]((Bilirubin_total <= 1.095 | Resp >= 18.817) & pH >= 17.508)
",0.000,-17.508,-17.508,1.000,0.000,0,3,0,4,4,3,0,7,0.0,1.0,0.0,0.0,0.42857142857142855,0.5714285714285714,1
"G[1,1](((Resp >= 19.950 | WBC <= 62.539) | HCO3 <= 134.523) -> Phosphate >= 4.765)
",0.000,-134.523,-134.523,1.000,0.000,0,3,0,4,4,3,0,7,0.0,1.0,0.0,0.0,0.42857142857142855,0.5714285714285714,1
"G[0,1](((MAP <= 81.495 -> Potassium >= 0.379) -> Lactate <= 0.602) & SepsisLabel <= 2.186)
",0.000,9999999.000,9999999.000,1.000,0.000,3,0,3,1,4,3,6,1,0.75,0.0,1.0,0.5,0.42857142857142855,0.5714285714285714,1
"G[0,1]((Bilirubin_direct >= 0.000 -> BUN <= 4.809) & HR <= 27.895)
",0.000,9999999.000,9999999.000,1.000,0.000,0,3,0,4,4,3,0,7,0.0,1.0,0.0,0.0,0.42857142857142855,0.5714285714285714,1
"G[0,2]((EtCO2 <= 0.000 & Creatinine >= 0.056) | Phosphate >= 0.112)
",0.000,9999999.000,9999999.000,1.000,0.000,0,3,0,4,4,3,0,7,0.0,1.0,0.0,0.0,0.42857142857142855,0.5714285714285714,1
"G[0,0](Potassium <= 2.338 & SepsisLabel = 0.746)
",0.500,-0.746,-137.848,1.000,0.000,0,3,0,4,4,3,0,7,0.0,1.0,0.0,0.0,0.42857142857142855,0.5714285714285714,1
"G[0,2]((Bilirubin_direct >= 0.000 | TroponinI <= 0.788) & Hct >= 0.042)
",0.000,9999999.000,9999999.000,1.000,0.000,0,3,0,4,4,3,0,7,0.0,1.0,0.0,0.0,0.42857142857142855,0.5714285714285714,1
"G[0,0]((Resp <= 29.646 & Phosphate <= 1.251) & PTT >= 0.116)
",1.011,-33.854,-37.954,1.000,0.000,0,3,0,4,4,3,0,7,0.0,1.0,0.0,0.0,0.42857142857142855,0.5714285714285714,1
"G[1,1](((Hgb <= 2.226 | Hct <= 15.112) -> WBC >= 9.446) & Platelets >= 6.527)
",0.000,-15.112,-15.112,1.000,0.000,0,3,0,4,4,3,0,7,0.0,1.0,0.0,0.0,0.42857142857142855,0.5714285714285714,1
"G[0,0](BUN <= 38.899 & Creatinine >= 0.039)
",0.500,-0.039,-3.252,1.000,0.000,0,3,0,4,4,3,0,7,0.0,1.0,0.0,0.0,0.42857142857142855,0.5714285714285714,1
"G[0,1](Platelets <= 164.451 -> WBC >= 5.657)
",0.000,9999999.000,9999999.000,1.000,0.000,0,3,0,4,4,3,0,7,0.0,1.0,0.0,0.0,0.42857142857142855,0.5714285714285714,1
"G[0,0](DBP <= 62.500 & Hgb >= 0.020)
",1.232,-16.500,-30.900,1.000,0.000,0,3,0,4,4,3,0,7,0.0,1.0,0.0,0.0,0.42857142857142855,0.5714285714285714,1
"G[0,1]((Magnesium >= 0.099 & FiO2 <= 0.000) & Resp <= 0.000)
",0.000,9999999.000,9999999.000,1.000,0.000,0,3,0,4,4,3,0,7,0.0,1.0,0.0,0.0,0.42857142857142855,0.5714285714285714,1
"G[1,1](SaO2 <= 83.893 | Lactate <= 0.535)
",0.000,83.893,83.893,1.000,0.000,3,0,3,1,4,3,6,1,0.75,0.0,1.0,0.5,0.42857142857142855,0.5714285714285714,1
"G[1,2](Platelets <= 379.091 -> WBC >= 8.191)
",0.000,9999999.000,9999999.000,1.000,0.000,0,3,0,4,4,3,0,7,0.0,1.0,0.0,0.0,0.42857142857142855,0.5714285714285714,1
"G[1,1](((Hgb <= 1.778 | Hct <= 2.782) -> WBC >= 5.601) & Platelets >= 10.442)
",0.000,-10.442,-10.442,1.000,0.000,0,3,0,4,4,3,0,7,0.0,1.0,0.0,0.0,0.42857142857142855,0.5714285714285714,1
"G[0,0](BUN <= 47.954 & Creatinine >= 0.045)
",0.500,-0.045,-1.445,1.000,0.000,0,3,0,4,4,3,0,7,0.0,1.0,0.0,0.0,0.42857142857142855,0.5714285714285714,1
"G[0,1](((BUN >= 0.859 -> Potassium >= 0.120) -> SBP >= 0.055) & Bilirubin_total >= 0.203)
",0.000,9999999.000,9999999.000,1.000,0.000,0,3,0,4,4,3,0,7,0.0,1.0,0.0,0.0,0.42857142857142855,0.5714285714285714,1
"G[0,1](((Magnesium <= 1.344 & WBC >= 5.040) & Bilirubin_direct >= 2.176) & MAP >= 3.987)
",0.000,9999999.000,9999999.000,1.000,0.000,0,3,0,4,4,3,0,7,0.0,1.0,0.0,0.0,0.42857142857142855,0.5714285714285714,1
"G[1,2](Platelets <= 111.862 -> WBC >= 1.735)
",0.000,9999999.000,9999999.000,1.000,0.000,0,3,0,4,4,3,0,7,0.0,1.0,0.0,0.0,0.42857142857142855,0.5714285714285714,1
"G[0,2](((EtCO2 >= 0.000 -> Lactate <= 0.203) & SBP <= 0.636) & Bilirubin_total >= 0.039)
",0.000,9999999.000,9999999.000,1.000,0.000,0,3,0,4,4,3,0,7,0.0,1.0,0.0,0.0,0.42857142857142855,0.5714285714285714,1
"G[0,0](((Hct >= 0.651 -> WBC <= 135.703) | Calcium <= 103.405) & BaseExcess >= 0.745)
",0.500,-0.745,-3.857,1.000,0.000,0,3,0,4,4,3,0,7,0.0,1.0,0.0,0.0,0.42857142857142855,0.5714285714285714,1
"G[0,2](((Temp >= 1.957 -> SBP <= 133.965) & Calcium <= 141.927) -> EtCO2 >= 106.850)
",0.000,9999999.000,9999999.000,1.000,0.000,0,3,0,4,4,3,0,7,0.0,1.0,0.0,0.0,0.42857142857142855,0.5714285714285714,1
"G[0,0](((Lactate <= 0.269 | MAP >= 15.293) & HCO3 <= 95.769) -> HR >= 44.520)
",0.000,-23816.480,-23816.480,1.000,0.000,3,0,3,1,4,3,6,1,0.75,0.0,1.0,0.5,0.42857142857142855,0.5714285714285714,1
"G[0,1]((Hgb >= 0.473 & Resp <= 25.785) & Bilirubin_direct >= 16.029)
",0.000,9999999.000,9999999.000,1.000,0.000,0,3,0,4,4,3,0,7,0.0,1.0,0.0,0.0,0.42857142857142855,0.5714285714285714,1
"G[0,2]((SaO2 >= 5.074 -> Temp >= 7.688) -> WBC >= 7.065)
",0.000,9999999.000,9999999.000,1.000,0.000,0,3,0,4,4,3,0,7,0.0,1.0,0.0,0.0,0.42857142857142855,0.5714285714285714,1
"G[0,2]((DBP <= 64.637 -> Lactate >= 0.023) & Bilirubin_total >= 0.108)
",0.000,9999999.000,9999999.000,1.000,0.000,0,3,0,4,4,3,0,7,0.0,1.0,0.0,0.0,0.42857142857142855,0.5714285714285714,1
"G[0,2](((DBP >= 45.753 -> Temp <= 32.263) | Bilirubin_direct <= 14.142) & Potassium >= 4.120)
",0.000,9999999.000,9999999.000,1.000,0.000,0,3,0,4,4,3,0,7,0.0,1.0,0.0,0.0,0.42857142857142855,0.5714285714285714,1
"G[0,0](Hgb > 0.368 & SepsisLabel = 0.511)
",0.500,-0.511,-137.706,1.000,0.000,0,3,0,4,4,3,0,7,0.0,1.0,0.0,0.0,0.42857142857142855,0.5714285714285714,1
"G[1,2](((SBP <= 139.119 | Temp >= 0.800) & Phosphate >= 2.501) & DBP <= 25.109)
",0.000,9999999.000,9999999.000,1.000,0.000,0,3,0,4,4,3,0,7,0.0,1.0,0.0,0.0,0.42857142857142855,0.5714285714285714,1
"G[1,1]((O2Sat >= 77.215 & Temp <= 32.938) | AST >= 5.551)
",0.000,-5.551,-5.551,1.000,0.000,3,0,3,1,4,3,6,1,0.75,0.0,1.0,0.5,0.42857142857142855,0.5714285714285714,1
"G[1,2](Platelets <= 442.238 -> WBC >= 6.070)
",0.000,9999999.000,9999999.000,1.000,0.000,0,3,0,4,4,3,0,7,0.0,1.0,0.0,0.0,0.42857142857142855,0.5714285714285714,1
"G[0,2]((Lactate <= 1.047 & Temp <= 37.749) & Chloride >= 0.313)
",0.000,9999999.000,9999999.000,1.000,0.000,0,3,0,4,4,3,0,7,0.0,1.0,0.0,0.0,0.42857142857142855,0.5714285714285714,1
"G[0,1](AST >= 1.523 & SepsisLabel = 0.718)
",0.000,9999999.000,9999999.000,1.000,0.000,0,3,0,4,4,3,0,7,0.0,1.0,0.0,0.0,0.42857142857142855,0.5714285714285714,1
"G[0,1](Chloride >= 0.000 & Glucose >= 10.913)
",0.000,9999999.000,9999999.000,1.000,0.000,0,3,0,4,4,3,0,7,0.0,1.0,0.0,0.0,0.42857142857142855,0.5714285714285714,1
"G[1,2]((Glucose <= 55.742 | SBP >= 3.213) -> Hct >= 95.027)
",0.000,9999999.000,9999999.000,1.000,0.000,0,3,0,4,4,3,0,7,0.0,1.0,0.0,0.0,0.42857142857142855,0.5714285714285714,1
"G[0,0]((Phosphate <= 5.041 & Glucose >= 9.923) & MAP <= 117.636)
",2.261,-9.923,-20.564,1.000,0.000,0,3,0,4,4,3,0,7,0.0,1.0,0.0,0.0,0.42857142857142855,0.5714285714285714,1
"G[1,2](((Bilirubin_total <= 0.608 -> SepsisLabel >= 0.315) | Potassium >= 0.134) -> HR <= 0.910)
",0.000,9999999.000,9999999.000,1.000,0.000,0,3,2,2,2,5,2,5,0.0,0.6,0.4,0.0,0.42857142857142855,0.5714285714285714,1
"G[0,2]((Magnesium >= 0.104 -> Resp >= 7.584) & Creatinine >= 23.861)
",0.000,9999999.000,9999999.000,1.000,0.000,0,3,0,4,4,3,0,7,0.0,1.0,0.0,0.0,0.42857142857142855,0.5714285714285714,1
"G[0,2]((Chloride >= 0.000 | Alkalinephos >= 2.246) -> AST >= 2.609)
",0.000,9999999.000,9999999.000,1.000,0.000,0,3,0,4,4,3,0,7,0.0,1.0,0.0,0.0,0.42857142857142855,0.5714285714285714,1
"G[0,1]((Magnesium <= 1.355 & Platelets <= 260.011) -> SBP >= 33.796)
",0.000,9999999.000,9999999.000,1.000,0.000,3,0,3,1,4,3,6,1,0.75,0.0,1.0,0.5,0.42857142857142855,0.5714285714285714,1
"G[1,1]((BUN >= 1.854 | SaO2 <= 44.246) & PaCO2 <= 24.279)
",0.000,24.279,24.279,1.000,0.000,3,0,3,1,4,3,6,1,0.75,0.0,1.0,0.5,0.42857142857142855,0.5714285714285714,1
"G[0,2](Bilirubin_total < 1.150 -> SepsisLabel = 0.368)
",0.000,9999999.000,9999999.000,1.000,0.000,0,3,0,4,4,3,0,7,0.0,1.0,0.0,0.0,0.42857142857142855,0.5714285714285714,1
"G[0,0](O2Sat >= 88.567 | PaCO2 >= 2.021)
",-0.624,6.433,9.233,1.000,0.000,3,0,3,1,4,3,6,1,0.75,0.0,1.0,0.5,0.42857142857142855,0.5714285714285714,1
"G[1,1](((HR <= 95.150 -> SBP >= 66.520) & SepsisLabel >= 106.697) | PTT >= 10.291)
",0.000,-10.291,-10.291,1.000,0.000,0,3,0,4,4,3,0,7,0.0,1.0,0.0,0.0,0.42857142857142855,0.5714285714285714,1
"G[0,1]((HR <= 94.422 | SaO2 <= 32.220) | SaO2 <= 50.970)
",0.000,9999999.000,9999999.000,1.000,0.000,3,0,3,1,4,3,6,1,0.75,0.0,1.0,0.5,0.42857142857142855,0.5714285714285714,1
"G[0,1]((Potassium <= 2.980 | TroponinI >= 0.064) -> PTT >= 0.047)
",0.000,9999999.000,9999999.000,1.000,0.000,0,3,0,4,4,3,0,7,0.0,1.0,0.0,0.0,0.42857142857142855,0.5714285714285714,1
"G[1,2](((SaO2 <= 81.805 & SBP <= 125.291) & Resp >= 91.468) & Temp >= 49.433)
",0.000,9999999.000,9999999.000,1.000,0.000,0,3,0,4,4,3,0,7,0.0,1.0,0.0,0.0,0.42857142857142855,0.5714285714285714,1
"G[1,2]((Glucose <= 155.908 & Resp <= 26.542) & Resp <= 29.098)
",0.000,9999999.000,9999999.000,1.000,0.000,0,3,1,3,3,4,1,6,0.0,0.75,0.25,0.0,0.42857142857142855,0.5714285714285714,1
"G[1,2]((Calcium <= 2.408 & SaO2 >= 1.159) & O2Sat <= 79.121)
",0.000,9999999.000,9999999.000,1.000,0.000,0,3,0,4,4,3,0,7,0.0,1.0,0.0,0.0,0.42857142857142855,0.5714285714285714,1
"G[0,1](((Temp <= 20.945 -> HR <= 91.970) -> DBP >= 40.505) -> Lactate >= 53.701)
",0.000,9999999.000,9999999.000,1.000,0.000,0,3,0,4,4,3,0,7,0.0,1.0,0.0,0.0,0.42857142857142855,0.5714285714285714,1
"G[1,1]((Creatinine >= 0.008 & Chloride >= 0.000) & pH >= 0.000)
",0.000,-0.008,-0.008,1.000,0.000,0,3,0,4,4,3,0,7,0.0,1.0,0.0,0.0,0.42857142857142855,0.5714285714285714,1
"G[0,2](((Hgb <= 5.403 | Hct <= 18.565) -> WBC >= 1.460) & Platelets >= 42.128)
",0.000,9999999.000,9999999.000,1.000,0.000,0,3,0,4,4,3,0,7,0.0,1.0,0.0,0.0,0.42857142857142855,0.5714285714285714,1
"G[0,2](Platelets <= 377.090 -> WBC >= 6.384)
",0.000,9999999.000,9999999.000,1.000,0.000,0,3,0,4,4,3,0,7,0.0,1.0,0.0,0.0,0.42857142857142855,0.5714285714285714,1
"G[1,2](((HR >= 49.191 -> Hgb >= 0.343) -> Glucose >= 0.349) & PTT >= 0.295)
",0.000,9999999.000,9999999.000,1.000,0.000,0,3,0,4,4,3,0,7,0.0,1.0,0.0,0.0,0.42857142857142855,0.5714285714285714,1
"G[1,2](Glucose > 6.264 & SepsisLabel = 0.632)
",0.000,9999999.000,9999999.000,1.000,0.000,0,3,0,4,4,3,0,7,0.0,1.0,0.0,0.0,0.42857142857142855,0.5714285714285714,1
"G[1,2]((Hct >= 1.431 | WBC >= 5.561) & FiO2 >= 10.122)
",0.000,9999999.000,9999999.000,1.000,0.000,0,3,0,4,4,3,0,7,0.0,1.0,0.0,0.0,0.42857142857142855,0.5714285714285714,1
"G[0,2](O2Sat <= 91.517 | Magnesium >= 0.010)
",0.000,9999999.000,9999999.000,1.000,0.000,0,3,0,4,4,3,0,7,0.0,1.0,0.0,0.0,0.42857142857142855,0.5714285714285714,1
"G[0,1](PaCO2 <= 17.182 -> O2Sat >= 44.251)
",0.000,9999999.000,9999999.000,1.000,0.000,3,0,3,1,4,3,6,1,0.75,0.0,1.0,0.5,0.42857142857142855,0.5714285714285714,1
"G[0,2](((Hgb <= 5.376 | Hct <= 13.689) -> WBC >= 0.815) & Platelets >= 8.686)
",0.000,9999999.000,9999999.000,1.000,0.000,0,3,0,4,4,3,0,7,0.0,1.0,0.0,0.0,0.42857142857142855,0.5714285714285714,1
"G[0,1](WBC <= 27.205 -> Magnesium >= 0.106)
",0.000,9999999.000,9999999.000,1.000,0.000,0,3,0,4,4,3,0,7,0.0,1.0,0.0,0.0,0.42857142857142855,0.5714285714285714,1
"G[0,2](BUN <= 24.947 & Creatinine >= 0.047)
",0.000,9999999.000,9999999.000,1.000,0.000,0,3,0,4,4,3,0,7,0.0,1.0,0.0,0.0,0.42857142857142855,0.5714285714285714,1
"G[0,2](((Hgb <= 7.119 | Hct <= 5.164) -> WBC >= 5.121) & Platelets >= 40.365)
",0.000,9999999.000,9999999.000,1.000,0.000,0,3,0,4,4,3,0,7,0.0,1.0,0.0,0.0,0.42857142857142855,0.5714285714285714,1
"G[0,1](EtCO2 <= 0.000 -> SBP >= 53.014)
",0.000,9999999.000,9999999.000,1.000,0.000,3,0,3,1,4,3,6,1,0.75,0.0,1.0,0.5,0.42857142857142855,0.5714285714285714,1
"G[1,2](BUN <= 46.615 & Creatinine >= 0.031)
",0.000,9999999.000,9999999.000,1.000,0.000,0,3,0,4,4,3,0,7,0.0,1.0,0.0,0.0,0.42857142857142855,0.5714285714285714,1
"G[0,2]((SBP >= 96.105 | SaO2 >= 1.450) -> Creatinine >= 4.724)
",0.000,9999999.000,9999999.000,1.000,0.000,0,3,0,4,4,3,0,7,0.0,1.0,0.0,0.0,0.42857142857142855,0.5714285714285714,1
"G[0,2](((Hgb <= 0.825 | Hct <= 8.616) -> WBC >= 3.107) & Platelets >= 42.062)
",0.000,9999999.000,9999999.000,1.000,0.000,0,3,0,4,4,3,0,7,0.0,1.0,0.0,0.0,0.42857142857142855,0.5714285714285714,1
"G[0,2](Platelets <= 671.306 -> WBC >= 7.573)
",0.000,9999999.000,9999999.000,1.000,0.000,0,3,0,4,4,3,0,7,0.0,1.0,0.0,0.0,0.42857142857142855,0.5714285714285714,1
"G[1,2](Platelets <= 67.940 -> WBC >= 0.895)
",0.000,9999999.000,9999999.000,1.000,0.000,0,3,0,4,4,3,0,7,0.0,1.0,0.0,0.0,0.42857142857142855,0.5714285714285714,1
"G[1,2]((SBP <= 131.391 | DBP >= 15.541) -> Chloride >= 24.849)
",0.000,9999999.000,9999999.000,1.000,0.000,0,3,0,4,4,3,0,7,0.0,1.0,0.0,0.0,0.42857142857142855,0.5714285714285714,1
"G[1,1]((SepsisLabel >= 0.428 -> Chloride >= 0.000) & Potassium <= 0.000)
",0.000,0.000,0.000,1.000,0.000,3,0,3,1,4,3,6,1,0.75,0.0,1.0,0.5,0.42857142857142855,0.5714285714285714,1
"G[0,2](Alkalinephos >= 2.892 | SaO2 >= 1.002)
",0.000,9999999.000,9999999.000,1.000,0.000,0,3,0,4,4,3,0,7,0.0,1.0,0.0,0.0,0.42857142857142855,0.5714285714285714,1
"G[1,1](((AST <= 6.708 | O2Sat <= 95.223) | PTT <= 98.292) -> BaseExcess >= 88.109)
",0.000,-98.292,-98.292,1.000,0.000,0,3,0,4,4,3,0,7,0.0,1.0,0.0,0.0,0.42857142857142855,0.5714285714285714,1
"G[1,2](((AST >= 1.714 & TroponinI <= 0.910) | EtCO2 <= 0.633) & TroponinI >= 0.062)
",0.000,9999999.000,9999999.000,1.000,0.000,0,3,1,3,3,4,1,6,0.0,0.75,0.25,0.0,0.42857142857142855,0.5714285714285714,1
"G[0,2](O2Sat <= 96.334 & Glucose <= 118.904)
",0.000,9999999.000,9999999.000,1.000,0.000,0,3,3,1,1,6,3,4,0.0,0.5,0.5,0.0,0.42857142857142855,0.5714285714285714,1
"G[1,1](PTT <= 25.690 -> Platelets >= 5.802)
",0.000,-25.690,-25.690,1.000,0.000,0,3,0,4,4,3,0,7,0.0,1.0,0.0,0.0,0.42857142857142855,0.5714285714285714,1
"G[0,1](MAP <= 87.366 & Glucose >= 23.339)
",0.000,9999999.000,9999999.000,1.000,0.000,0,3,0,4,4,3,0,7,0.0,1.0,0.0,0.0,0.42857142857142855,0.5714285714285714,1
"G[0,1](((Chloride <= 0.000 & EtCO2 >= 0.000) & Bilirubin_total <= 0.000) & DBP <= 0.000)
",0.000,9999999.000,9999999.000,1.000,0.000,0,3,0,4,4,3,0,7,0.0,1.0,0.0,0.0,0.42857142857142855,0.5714285714285714,1
"G[0,0](((HR >= 53.813 & TroponinI <= 0.656) & Resp <= 1.030) | Fibrinogen >= 0.005)
",-0.500,-0.005,28.975,1.000,0.000,0,3,0,4,4,3,0,7,0.0,1.0,0.0,0.0,0.42857142857142855,0.5714285714285714,1
"G[0,2](O2Sat <= 91.748 & SepsisLabel = 0.792)
",0.000,9999999.000,9999999.000,1.000,0.000,0,3,0,4,4,3,0,7,0.0,1.0,0.0,0.0,0.42857142857142855,0.5714285714285714,1
"G[0,1](Fibrinogen >= 0.000 -> PaCO2 >= 1.433)
",0.000,9999999.000,9999999.000,1.000,0.000,0,3,0,4,4,3,0,7,0.0,1.0,0.0,0.0,0.42857142857142855,0.5714285714285714,1
"G[1,2](((Hgb <= 5.260 | Hct <= 8.979) -> WBC >= 0.486) & Platelets >= 20.788)
",0.000,9999999.000,9999999.000,1.000,0.000,0,3,0,4,4,3,0,7,0.0,1.0,0.0,0.0,0.42857142857142855,0.5714285714285714,1
"G[0,2](BUN <= 32.743 & Creatinine >= 0.037)
",0.000,9999999.000,9999999.000,1.000,0.000,0,3,0,4,4,3,0,7,0.0,1.0,0.0,0.0,0.42857142857142855,0.5714285714285714,1
"G[0,2](PTT >= 1.814 & MAP >= 51.103)
",0.000,9999999.000,9999999.000,1.000,0.000,0,3,0,4,4,3,0,7,0.0,1.0,0.0,0.0,0.42857142857142855,0.5714285714285714,1
"G[1,2]((Resp >= 9.227 & WBC <= 80.618) & PaCO2 >= 1.527)
",0.000,9999999.000,9999999.000,1.000,0.000,0,3,1,3,3,4,1,6,0.0,0.75,0.25,0.0,0.42857142857142855,0.5714285714285714,1
"G[1,2](((EtCO2 >= 0.000 | Alkalinephos <= 97.322) -> HCO3 <= 38.568) & Bilirubin_direct >= 5.333)
",0.000,9999999.000,9999999.000,1.000,0.000,0,3,0,4,4,3,0,7,0.0,1.0,0.0,0.0,0.42857142857142855,0.5714285714285714,1
"G[0,0](PTT >= 7.474 | O2Sat >= 72.010)
",-0.624,22.990,25.790,1.000,0.000,3,0,3,1,4,3,6,1,0.75,0.0,1.0,0.5,0.42857142857142855,0.5714285714285714,1
"G[1,1](Platelets <= 349.667 -> WBC >= 7.546)
",0.000,-349.667,-349.667,1.000,0.000,0,3,0,4,4,3,0,7,0.0,1.0,0.0,0.0,0.42857142857142855,0.5714285714285714,1
"G[1,2](((Hgb <= 4.140 | Hct <= 13.276) -> WBC >= 3.331) & Platelets >= 44.267)
",0.000,9999999.000,9999999.000,1.000,0.000,0,3,0,4,4,3,0,7,0.0,1.0,0.0,0.0,0.42857142857142855,0.5714285714285714,1
"G[0,2](((SBP <= 122.638 | DBP <= 69.019) & BaseExcess >= 57.638) | Glucose >= 25.838)
",0.000,9999999.000,9999999.000,1.000,0.000,0,3,0,4,4,3,0,7,0.0,1.0,0.0,0.0,0.42857142857142855,0.5714285714285714,1
"G[1,1](BUN <= 35.489 & Creatinine >= 0.114)
",0.000,-0.114,-0.114,1.000,0.000,0,3,0,4,4,3,0,7,0.0,1.0,0.0,0.0,0.42857142857142855,0.5714285714285714,1
"G[0,2](((HCO3 >= 0.000 | Hct <= 18.167) & Resp >= 1.146) & Creatinine >= 0.536)
",0.000,9999999.000,9999999.000,1.000,0.000,0,3,0,4,4,3,0,7,0.0,1.0,0.0,0.0,0.42857142857142855,0.5714285714285714,1
"G[0,1](((WBC <= 108.249 -> Platelets <= 671.147) & O2Sat >= 48.176) & Hgb >= 38.083)
",0.000,9999999.000,9999999.000,1.000,0.000,0,3,0,4,4,3,0,7,0.0,1.0,0.0,0.0,0.42857142857142855,0.5714285714285714,1
"G[0,1](Platelets <= 468.348 -> WBC >= 2.308)
",0.000,9999999.000,9999999.000,1.000,0.000,0,3,0,4,4,3,0,7,0.0,1.0,0.0,0.0,0.42857142857142855,0.5714285714285714,1
"G[0,1](((DBP >= 33.151 & SaO2 <= 28.094) & O2Sat >= 0.937) -> Hgb >= 0.869)
",0.000,9999999.000,9999999.000,1.000,0.000,0,3,0,4,4,3,0,7,0.0,1.0,0.0,0.0,0.42857142857142855,0.5714285714285714,1
"G[1,1](PaCO2 >= 1.928 -> Hgb >= 0.362)
",0.000,0.362,0.362,1.000,0.000,3,0,3,1,4,3,6,1,0.75,0.0,1.0,0.5,0.42857142857142855,0.5714285714285714,1
"G[1,1](((Hgb <= 3.590 | Hct <= 11.502) -> WBC >= 8.405) & Platelets >= 29.930)
",0.000,-29.930,-29.930,1.000,0.000,0,3,0,4,4,3,0,7,0.0,1.0,0.0,0.0,0.42857142857142855,0.5714285714285714,1
"G[0,0](BUN <= 6.804 & Creatinine >= 0.021)
",0.500,-0.021,-9.656,1.000,0.000,0,3,0,4,4,3,0,7,0.0,1.0,0.0,0.0,0.42857142857142855,0.5714285714285714,1
"G[0,2](((MAP >= 33.509 | Bilirubin_direct <= 0.000) -> Magnesium <= 0.000) & HR <= 0.000)
",0.000,9999999.000,9999999.000,1.000,0.000,0,3,0,4,4,3,0,7,0.0,1.0,0.0,0.0,0.42857142857142855,0.5714285714285714,1
"G[1,2](((EtCO2 >= 0.000 | PTT <= 39.221) & HCO3 >= 4.888) & WBC <= 117.690)
",0.000,9999999.000,9999999.000,1.000,0.000,0,3,0,4,4,3,0,7,0.0,1.0,0.0,0.0,0.42857142857142855,0.5714285714285714,1
"G[1,2](((O2Sat <= 91.195 -> PaCO2 >= 1.092) & Chloride <= 22.399) & pH >= 1.105)
",0.000,9999999.000,9999999.000,1.000,0.000,0,3,1,3,3,4,1,6,0.0,0.75,0.25,0.0,0.42857142857142855,0.5714285714285714,1
"G[0,2](HR > 65.607 -> SepsisLabel = 0.356)
",0.000,9999999.000,9999999.000,1.000,0.000,0,3,0,4,4,3,0,7,0.0,1.0,0.0,0.0,0.42857142857142855,0.5714285714285714,1
"G[1,1](((Resp >= 6.452 | BaseExcess <= 0.000) & BaseExcess >= 0.000) -> Calcium <= 0.000)
",0.000,0.000,0.000,1.000,0.000,3,0,3,1,4,3,6,1,0.75,0.0,1.0,0.5,0.42857142857142855,0.5714285714285714,1
"G[0,0]((Potassium >= 0.245 & EtCO2 >= 0.000) & Magnesium <= 0.000)
",-0.500,-0.245,-0.196,1.000,0.000,0,3,0,4,4,3,0,7,0.0,1.0,0.0,0.0,0.42857142857142855,0.5714285714285714,1
"G[1,1]((DBP >= 25.597 & Glucose >= 23.316) | PaCO2 >= 2.931)
",0.000,-2.931,-2.931,1.000,0.000,1,2,1,3,4,3,2,5,0.25,0.6666666666666666,0.3333333333333333,0.5,0.42857142857142855,0.5714285714285714,1
"G[0,0]((MAP >= 30.119 -> pH <= 7.441) & AST >= 0.447)
",1.961,-84.631,-108.081,1.000,0.000,0,2,1,4,4,3,1,6,0.0,0.6666666666666666,0.3333333333333333,0.0,0.2857142857142857,0.7142857142857143,1
"((MAP >= 4.880) U[0,1] (SBP <= 126.536))
",0.000,-9999999.000,-9999999.000,0.000,1.000,1,1,2,3,4,3,3,4,0.25,0.3333333333333333,0.6666666666666666,0.3333333333333333,0.2857142857142857,0.7142857142857143,-1
"F[0,0](((Calcium < 8.116 & Potassium < 3.096) & Magnesium < 0.922) & Phosphate < 4.531)
",0.500,0.922,-21.840,0.000,1.000,0,2,1,4,4,3,1,6,0.0,0.6666666666666666,0.3333333333333333,0.0,0.2857142857142857,0.7142857142857143,-1
"((DBP <= 65.994) U[1,1] (HR >= 17.167))
",0.000,65.994,65.994,0.000,1.000,1,1,2,3,4,3,3,4,0.25,0.3333333333333333,0.6666666666666666,0.3333333333333333,0.2857142857142857,0.7142857142857143,-1
"F[0,0]((Phosphate >= 0.217 & Magnesium > 0.091) -> Calcium < 3.715)
",-0.500,-3.715,-2.954,0.000,1.000,0,2,1,4,4,3,1,6,0.0,0.6666666666666666,0.3333333333333333,0.0,0.2857142857142857,0.7142857142857143,-1
"((MAP >= 53.584) U[0,1] (SBP <= 126.994))
",0.000,-9999999.000,-9999999.000,0.000,1.000,1,1,2,3,4,3,3,4,0.25,0.3333333333333333,0.6666666666666666,0.3333333333333333,0.2857142857142857,0.7142857142857143,-1
"((MAP >= 65.371) U[0,1] (SBP <= 127.843))
",0.000,-9999999.000,-9999999.000,0.000,1.000,1,1,2,3,4,3,3,4,0.25,0.3333333333333333,0.6666666666666666,0.3333333333333333,0.2857142857142857,0.7142857142857143,-1
"F[1,2]((O2Sat >= 83.317 -> Resp <= 30.793) | O2Sat <= 26.421)
",0.000,-9999999.000,-9999999.000,0.000,1.000,0,2,0,5,5,2,0,7,0.0,1.0,0.0,0.0,0.2857142857142857,0.7142857142857143,-1
"((DBP <= 62.032) U[1,2] (Chloride <= 0.000))
",0.000,-9999999.000,-9999999.000,0.000,1.000,2,0,3,2,4,3,5,2,0.5,0.0,1.0,0.4,0.2857142857142857,0.7142857142857143,-1
"((Alkalinephos <= 29.092) U[1,2] (Chloride >= 0.000))
",0.000,-9999999.000,-9999999.000,0.000,1.000,0,2,1,4,4,3,1,6,0.0,0.6666666666666666,0.3333333333333333,0.0,0.2857142857142857,0.7142857142857143,-1
"((O2Sat <= 95.918) U[1,2] (Fibrinogen <= 0.000))
",0.000,-9999999.000,-9999999.000,0.000,1.000,2,0,3,2,4,3,5,2,0.5,0.0,1.0,0.4,0.2857142857142857,0.7142857142857143,-1
"((BUN <= 8.111) U[1,1] (HCO3 >= 0.000))
",0.000,8.111,8.111,0.000,1.000,0,2,1,4,4,3,1,6,0.0,0.6666666666666666,0.3333333333333333,0.0,0.2857142857142857,0.7142857142857143,-1
"((Alkalinephos <= 11.487) U[1,2] (FiO2 >= 0.000))
",0.000,-9999999.000,-9999999.000,0.000,1.000,0,2,1,4,4,3,1,6,0.0,0.6666666666666666,0.3333333333333333,0.0,0.2857142857142857,0.7142857142857143,-1
"((MAP >= 12.198) U[1,2] (SBP <= 133.140))
",0.000,-9999999.000,-9999999.000,0.000,1.000,1,1,0,5,6,1,1,6,0.16666666666666666,1.0,0.0,1.0,0.2857142857142857,0.7142857142857143,-1
"F[0,0]((Phosphate >= 0.150 & Magnesium > 0.099) -> Calcium < 3.620)
",-0.500,-3.620,-2.876,0.000,1.000,0,2,1,4,4,3,1,6,0.0,0.6666666666666666,0.3333333333333333,0.0,0.2857142857142857,0.7142857142857143,-1
"F[1,2]((PTT >= 0.523 -> DBP <= 63.790) & Glucose <= 72.522)
",0.000,-9999999.000,-9999999.000,0.000,1.000,0,2,0,5,5,2,0,7,0.0,1.0,0.0,0.0,0.2857142857142857,0.7142857142857143,-1
"((MAP >= 11.864) U[0,1] (SBP <= 125.554))
",0.000,-9999999.000,-9999999.000,0.000,1.000,1,1,2,3,4,3,3,4,0.25,0.3333333333333333,0.6666666666666666,0.3333333333333333,0.2857142857142857,0.7142857142857143,-1
"((MAP >= 10.835) U[1,2] (SBP <= 130.493))
",0.000,-9999999.000,-9999999.000,0.000,1.000,1,1,0,5,6,1,1,6,0.16666666666666666,1.0,0.0,1.0,0.2857142857142857,0.7142857142857143,-1
"((O2Sat <= 96.705) U[1,2] (Glucose >= 31.270))
",0.000,-9999999.000,-9999999.000,0.000,1.000,1,1,0,5,6,1,1,6,0.16666666666666666,1.0,0.0,1.0,0.2857142857142857,0.7142857142857143,-1
"F[1,1]((MAP <= 89.524 & AST <= 47.072) & AST <= 41.896)
",0.000,41.896,41.896,0.000,1.000,0,2,1,4,4,3,1,6,0.0,0.6666666666666666,0.3333333333333333,0.0,0.2857142857142857,0.7142857142857143,-1
"F[0,0]((FiO2 >= 0.000 -> Alkalinephos >= 1.891) -> Platelets <= 97.390)
",0.000,-97.390,-97.390,0.000,1.000,0,2,1,4,4,3,1,6,0.0,0.6666666666666666,0.3333333333333333,0.0,0.2857142857142857,0.7142857142857143,-1
"((Alkalinephos >= 4.416) U[0,0] (Calcium <= 6.850))
",-0.500,6.850,14.197,0.000,1.000,0,2,1,4,4,3,1,6,0.0,0.6666666666666666,0.3333333333333333,0.0,0.2857142857142857,0.7142857142857143,-1
"F[1,2](((PaCO2 <= 11.039 & SBP <= 140.192) & Creatinine <= 138.860) -> Magnesium >= 15.094)
",0.000,-9999999.000,-9999999.000,0.000,1.000,0,2,0,5,5,2,0,7,0.0,1.0,0.0,0.0,0.2857142857142857,0.7142857142857143,-1
"F[0,1](((Glucose >= 15.961 -> PaCO2 <= 30.606) -> HR <= 17.616) & Hct <= 4.809)
",0.000,-9999999.000,-9999999.000,0.000,1.000,2,0,3,2,4,3,5,2,0.5,0.0,1.0,0.4,0.2857142857142857,0.7142857142857143,-1
"F[0,2]((Glucose >= 29.448 | Platelets >= 38.265) & DBP <= 545.284)
",0.000,-9999999.000,-9999999.000,0.000,1.000,0,2,0,5,5,2,0,7,0.0,1.0,0.0,0.0,0.2857142857142857,0.7142857142857143,-1
"((Glucose >= 4.905) U[0,0] (Hct <= 13.820))
",-1.000,13.305,13.820,0.000,1.000,0,2,1,4,4,3,1,6,0.0,0.6666666666666666,0.3333333333333333,0.0,0.2857142857142857,0.7142857142857143,-1
"((PaCO2 <= 19.881) U[0,0] (Bilirubin_total <= 0.368))
",0.000,19.881,19.881,0.000,1.000,0,2,1,4,4,3,1,6,0.0,0.6666666666666666,0.3333333333333333,0.0,0.2857142857142857,0.7142857142857143,-1
"((Calcium >= 0.498) U[0,1] (SepsisLabel <= 0.810))
",0.000,-9999999.000,-9999999.000,0.000,1.000,2,0,3,2,4,3,5,2,0.5,0.0,1.0,0.4,0.2857142857142857,0.7142857142857143,-1
"G[1,2](((MAP >= 80.763 & O2Sat >= 43.566) -> Potassium >= 41.364) | Potassium >= 52.424)
",0.000,9999999.000,9999999.000,1.000,0.000,0,2,2,3,3,4,2,5,0.0,0.5,0.5,0.0,0.2857142857142857,0.7142857142857143,1
"((Bilirubin_total <= 0.404) U[1,2] (pH <= 5.751))
",0.000,-9999999.000,-9999999.000,0.000,1.000,0,2,1,4,4,3,1,6,0.0,0.6666666666666666,0.3333333333333333,0.0,0.2857142857142857,0.7142857142857143,-1
"G[0,0](PTT >= 0.442 & SBP >= 118.484)
",-0.816,-118.484,-103.134,1.000,0.000,0,2,1,4,4,3,1,6,0.0,0.6666666666666666,0.3333333333333333,0.0,0.2857142857142857,0.7142857142857143,1
"G[1,2](((FiO2 <= 0.000 & SepsisLabel >= 0.553) -> Glucose >= 0.691) | PaCO2 >= 0.674)
",0.000,9999999.000,9999999.000,1.000,0.000,0,2,4,1,1,6,4,3,0.0,0.3333333333333333,0.6666666666666666,0.0,0.2857142857142857,0.7142857142857143,1
"G[0,0]((PTT <= 47.363 -> HR >= 89.277) & Platelets >= 60.265)
",0.000,-23771.723,-23771.723,1.000,0.000,0,2,1,4,4,3,1,6,0.0,0.6666666666666666,0.3333333333333333,0.0,0.2857142857142857,0.7142857142857143,1
"F[0,1](O2Sat >= 28.525 & SepsisLabel <= 0.836)
",0.000,-9999999.000,-9999999.000,0.000,1.000,2,0,3,2,4,3,5,2,0.5,0.0,1.0,0.4,0.2857142857142857,0.7142857142857143,-1
"G[0,0](((EtCO2 >= 0.000 & Platelets >= 37.486) & DBP >= 25.798) & pH <= 388.259)
",0.000,-37.486,-37.486,1.000,0.000,0,2,1,4,4,3,1,6,0.0,0.6666666666666666,0.3333333333333333,0.0,0.2857142857142857,0.7142857142857143,1
"G[0,0](((AST >= 3.122 | SBP <= 139.913) -> Chloride >= 34.500) | PaCO2 >= 95.583)
",0.000,-95.583,-95.583,1.000,0.000,0,2,1,4,4,3,1,6,0.0,0.6666666666666666,0.3333333333333333,0.0,0.2857142857142857,0.7142857142857143,1
"G[1,2]((Creatinine <= 0.347 & DBP <= 61.393) & MAP >= 49.773)
",0.000,9999999.000,9999999.000,1.000,0.000,0,2,1,4,4,3,1,6,0.0,0.6666666666666666,0.3333333333333333,0.0,0.2857142857142857,0.7142857142857143,1
"G[0,0]((SepsisLabel <= 0.724 & TroponinI >= 0.047) | Platelets >= 0.064)
",0.500,-0.047,-0.050,1.000,0.000,0,2,1,4,4,3,1,6,0.0,0.6666666666666666,0.3333333333333333,0.0,0.2857142857142857,0.7142857142857143,1
"G[0,2](((Glucose <= 108.448 & Temp <= 32.651) -> Resp <= 17.600) | Bilirubin_total >= 10.208)
",0.000,9999999.000,9999999.000,1.000,0.000,0,2,2,3,3,4,2,5,0.0,0.5,0.5,0.0,0.2857142857142857,0.7142857142857143,1
"G[0,1](((Calcium >= 0.382 & Hct <= 16.129) | SBP <= 13.771) -> Alkalinephos >= 0.593)
",0.000,9999999.000,9999999.000,1.000,0.000,2,0,3,2,4,3,5,2,0.5,0.0,1.0,0.4,0.2857142857142857,0.7142857142857143,1
"G[0,0](Platelets <= 102.451 -> WBC >= 3.549)
",0.500,-102.451,-105.131,1.000,0.000,0,2,1,4,4,3,1,6,0.0,0.6666666666666666,0.3333333333333333,0.0,0.2857142857142857,0.7142857142857143,1
"G[0,0](((Hgb <= 2.412 | Hct <= 4.073) -> WBC >= 10.241) & Platelets >= 42.789)
",0.500,-42.789,-56.063,1.000,0.000,0,2,1,4,4,3,1,6,0.0,0.6666666666666666,0.3333333333333333,0.0,0.2857142857142857,0.7142857142857143,1
"G[0,0](Magnesium >= 0.018 & Fibrinogen <= 0.000)
",0.500,-0.018,-28.995,1.000,0.000,0,2,1,4,4,3,1,6,0.0,0.6666666666666666,0.3333333333333333,0.0,0.2857142857142857,0.7142857142857143,1
"G[0,1]((Glucose >= 3.071 & Lactate <= 1.192) | SepsisLabel >= 0.044)
",0.000,9999999.000,9999999.000,1.000,0.000,2,0,3,2,4,3,5,2,0.5,0.0,1.0,0.4,0.2857142857142857,0.7142857142857143,1
"G[0,0]((DBP <= 71.451 & O2Sat <= 97.874) -> Hgb >= 23.604)
",-0.623,7.549,14.842,1.000,0.000,0,2,1,4,4,3,1,6,0.0,0.6666666666666666,0.3333333333333333,0.0,0.2857142857142857,0.7142857142857143,1
"G[1,2](Glucose >= 10.360 & HR >= 71.702)
",0.000,9999999.000,9999999.000,1.000,0.000,0,2,2,3,3,4,2,5,0.0,0.5,0.5,0.0,0.2857142857142857,0.7142857142857143,1
"((MAP >= 69.598) U[0,1] (SBP <= 131.369))
",0.000,-9999999.000,-9999999.000,0.000,1.000,0,1,2,4,4,3,2,5,0.0,0.3333333333333333,0.6666666666666666,0.0,0.14285714285714285,0.8571428571428572,-1
"F[0,2]((Calcium >= 0.582 & Resp >= 13.639) & O2Sat >= 5.609)
",0.000,-9999999.000,-9999999.000,0.000,1.000,0,1,0,6,6,1,0,7,0.0,1.0,0.0,0.0,0.14285714285714285,0.8571428571428572,-1
"F[0,2](((Potassium >= 0.106 | AST >= 2.214) & SBP >= 2.810) & Bilirubin_total <= 37.240)
",0.000,-9999999.000,-9999999.000,0.000,1.000,0,1,0,6,6,1,0,7,0.0,1.0,0.0,0.0,0.14285714285714285,0.8571428571428572,-1
"F[0,2]((Magnesium >= 0.095 | O2Sat <= 98.885) -> Potassium >= 4.646)
",0.000,-9999999.000,-9999999.000,0.000,1.000,0,1,0,6,6,1,0,7,0.0,1.0,0.0,0.0,0.14285714285714285,0.8571428571428572,-1
"G[0,2](BaseExcess <= 0.000 & Platelets <= 466.691)
",0.000,9999999.000,9999999.000,1.000,0.000,0,1,6,0,0,7,6,1,0.0,0.14285714285714285,0.8571428571428571,0.0,0.14285714285714285,0.8571428571428572,1
"F[0,2]((Bilirubin_direct >= 0.000 & Resp >= 17.989) & WBC >= 15.235)
",0.000,-9999999.000,-9999999.000,0.000,1.000,0,1,0,6,6,1,0,7,0.0,1.0,0.0,0.0,0.14285714285714285,0.8571428571428572,-1
"F[1,2](Glucose >= 8.168 & SepsisLabel >= 0.636)
",0.000,-9999999.000,-9999999.000,0.000,1.000,0,1,0,6,6,1,0,7,0.0,1.0,0.0,0.0,0.14285714285714285,0.8571428571428572,-1
"((MAP >= 74.714) U[0,1] (SBP <= 130.940))
",0.000,-9999999.000,-9999999.000,0.000,1.000,0,1,2,4,4,3,2,5,0.0,0.3333333333333333,0.6666666666666666,0.0,0.14285714285714285,0.8571428571428572,-1
"F[1,2](Potassium >= 0.246 | Resp <= 28.433)
",0.000,-9999999.000,-9999999.000,0.000,1.000,0,1,0,6,6,1,0,7,0.0,1.0,0.0,0.0,0.14285714285714285,0.8571428571428572,-1
"G[0,2]((PaCO2 >= 1.896 & Bilirubin_total >= 0.080) | Phosphate <= 0.849)
",0.000,9999999.000,9999999.000,1.000,0.000,0,1,6,0,0,7,6,1,0.0,0.14285714285714285,0.8571428571428571,0.0,0.14285714285714285,0.8571428571428572,1
"G[0,2]((Glucose <= 139.536 | Hgb >= 0.438) -> BUN <= 6.161)
",0.000,9999999.000,9999999.000,1.000,0.000,0,1,6,0,0,7,6,1,0.0,0.14285714285714285,0.8571428571428571,0.0,0.14285714285714285,0.8571428571428572,1
"F[0,2](((AST <= 36.292 -> MAP >= 48.926) & Alkalinephos >= 39.016) | Calcium >= 18.720)
",0.000,-9999999.000,-9999999.000,0.000,1.000,0,1,0,6,6,1,0,7,0.0,1.0,0.0,0.0,0.14285714285714285,0.8571428571428572,-1
"G[0,2](((SepsisLabel >= 0.131 -> Hgb >= 0.227) -> TroponinI >= 0.025) | Bilirubin_direct >= 0.018)
",0.000,9999999.000,9999999.000,1.000,0.000,0,1,4,2,2,5,4,3,0.0,0.2,0.8,0.0,0.14285714285714285,0.8571428571428572,1
"G[0,2](((Calcium >= 0.401 -> Bilirubin_total <= 1.158) & Fibrinogen >= 0.031) | PTT <= 1.174)
",0.000,9999999.000,9999999.000,1.000,0.000,0,1,6,0,0,7,6,1,0.0,0.14285714285714285,0.8571428571428571,0.0,0.14285714285714285,0.8571428571428572,1
"G[0,2](((AST >= 2.432 | DBP >= 13.798) -> Bilirubin_direct >= 32.043) | PTT <= 67.616)
",0.000,9999999.000,9999999.000,1.000,0.000,0,1,6,0,0,7,6,1,0.0,0.14285714285714285,0.8571428571428571,0.0,0.14285714285714285,0.8571428571428572,1
"((Bilirubin_total >= 0.040) U[0,2] (PTT >= 2.912))
",0.000,-9999999.000,-9999999.000,0.000,1.000,0,1,0,6,6,1,0,7,0.0,1.0,0.0,0.0,0.14285714285714285,0.8571428571428572,-1
"F[0,2](((AST <= 36.809 & Calcium <= 1.335) -> Chloride <= 0.931) & BUN >= 0.371)
",0.000,-9999999.000,-9999999.000,0.000,1.000,0,1,0,6,6,1,0,7,0.0,1.0,0.0,0.0,0.14285714285714285,0.8571428571428572,-1
"F[1,2](((SaO2 >= 0.996 -> DBP <= 72.339) & BUN <= 72.433) -> PTT >= 50.713)
",0.000,-9999999.000,-9999999.000,0.000,1.000,0,0,0,7,7,0,0,7,0.0,0.0,0.0,0.0,0.0,1.0,-1
"F[0,2](((PTT <= 14.712 | HCO3 >= 0.000) -> TroponinI <= 0.000) -> SepsisLabel <= 0.000)
",0.000,-9999999.000,-9999999.000,0.000,1.000,0,0,0,7,7,0,0,7,0.0,0.0,0.0,0.0,0.0,1.0,-1
"F[0,2]((Calcium <= 6.590 & Potassium <= 3.078) & Magnesium >= 0.082)
",0.000,-9999999.000,-9999999.000,0.000,1.000,0,0,0,7,7,0,0,7,0.0,0.0,0.0,0.0,0.0,1.0,-1
"F[2,2]((pH >= 0.147 | PaCO2 <= 6.902) & Potassium >= 0.916)
",0.000,-0.916,-0.916,0.000,1.000,0,0,0,7,7,0,0,7,0.0,0.0,0.0,0.0,0.0,1.0,-1
"F[0,2](((Magnesium <= 1.513 | Alkalinephos <= 47.187) & PTT <= 113.344) & PaCO2 >= 8.481)
",0.000,-9999999.000,-9999999.000,0.000,1.000,0,0,0,7,7,0,0,7,0.0,0.0,0.0,0.0,0.0,1.0,-1
"F[1,2](((Resp >= 8.822 | SepsisLabel >= 0.513) -> WBC <= 0.819) -> PaCO2 >= 0.163)
",0.000,-9999999.000,-9999999.000,0.000,1.000,0,0,0,7,7,0,0,7,0.0,0.0,0.0,0.0,0.0,1.0,-1
"F[2,2](((pH >= 0.246 -> pH <= 1.911) -> TroponinI >= 0.104) | DBP <= 5.895)
",0.000,5.895,5.895,0.000,1.000,0,0,0,7,7,0,0,7,0.0,0.0,0.0,0.0,0.0,1.0,-1
"((Potassium <= 0.635) U[1,2] (SepsisLabel <= 0.716))
",0.000,-9999999.000,-9999999.000,0.000,1.000,0,0,0,7,7,0,0,7,0.0,0.0,0.0,0.0,0.0,1.0,-1
"F[2,2](SBP >= 13.053 -> Magnesium >= 0.000)
",0.000,0.000,0.000,0.000,1.000,0,0,0,7,7,0,0,7,0.0,0.0,0.0,0.0,0.0,1.0,-1
"F[2,2]((PaCO2 >= 1.590 | BaseExcess <= 0.000) -> Temp >= 0.000)
",0.000,0.000,0.000,0.000,1.000,0,0,0,7,7,0,0,7,0.0,0.0,0.0,0.0,0.0,1.0,-1
"F[1,2](Fibrinogen <= 0.000 -> SepsisLabel = 0.065)
",0.000,-9999999.000,-9999999.000,0.000,1.000,0,0,0,7,7,0,0,7,0.0,0.0,0.0,0.0,0.0,1.0,-1
"F[2,2](((Chloride >= 0.000 -> Phosphate <= 2.253) & Alkalinephos >= 0.057) | Alkalinephos >= 0.163)
",0.000,-0.163,-0.163,0.000,1.000,0,0,0,7,7,0,0,7,0.0,0.0,0.0,0.0,0.0,1.0,-1
"((EtCO2 <= 0.000) U[1,2] (Hct >= 0.619))
",0.000,-9999999.000,-9999999.000,0.000,1.000,0,0,0,7,7,0,0,7,0.0,0.0,0.0,0.0,0.0,1.0,-1
"F[2,2]((Resp >= 19.504 | BUN >= 0.779) & Lactate <= 24.514)
",0.000,-0.779,-0.779,0.000,1.000,0,0,0,7,7,0,0,7,0.0,0.0,0.0,0.0,0.0,1.0,-1
"((Alkalinephos > 8.477) U[0,2] (SepsisLabel = 0.271))
",0.000,-9999999.000,-9999999.000,0.000,1.000,0,0,0,7,7,0,0,7,0.0,0.0,0.0,0.0,0.0,1.0,-1
"((Hct >= 1.024) U[2,2] (SepsisLabel = 0.727))
",0.000,-0.727,-0.727,0.000,1.000,0,0,0,7,7,0,0,7,0.0,0.0,0.0,0.0,0.0,1.0,-1
"((Creatinine >= 0.009) U[0,2] (SepsisLabel = 0.051))
",0.000,-9999999.000,-9999999.000,0.000,1.000,0,0,0,7,7,0,0,7,0.0,0.0,0.0,0.0,0.0,1.0,-1
"((Alkalinephos >= 4.538) U[2,2] (PTT <= 34.455))
",0.000,34.455,34.455,0.000,1.000,0,0,0,7,7,0,0,7,0.0,0.0,0.0,0.0,0.0,1.0,-1
"F[1,2](Potassium >= 0.424 & TroponinI <= 0.093)
",0.000,-9999999.000,-9999999.000,0.000,1.000,0,0,0,7,7,0,0,7,0.0,0.0,0.0,0.0,0.0,1.0,-1
"F[1,2]((WBC >= 5.006 & MAP >= 26.687) | Alkalinephos >= 13.603)
",0.000,-9999999.000,-9999999.000,0.000,1.000,0,0,0,7,7,0,0,7,0.0,0.0,0.0,0.0,0.0,1.0,-1
"((FiO2 < 0.000) U[2,2] (SepsisLabel = 0.667))
",0.000,0.000,0.000,0.000,1.000,0,0,0,7,7,0,0,7,0.0,0.0,0.0,0.0,0.0,1.0,-1
"F[2,2]((Lactate >= 0.100 | Potassium >= 0.497) -> AST >= 0.186)
",0.000,0.100,0.100,0.000,1.000,0,0,0,7,7,0,0,7,0.0,0.0,0.0,0.0,0.0,1.0,-1
"F[0,2](((BUN <= 12.332 & TroponinI >= 0.027) & pH >= 0.031) | SaO2 >= 0.040)
",0.000,-9999999.000,-9999999.000,0.000,1.000,0,0,0,7,7,0,0,7,0.0,0.0,0.0,0.0,0.0,1.0,-1
"F[2,2](((BaseExcess <= 0.000 & Bilirubin_direct <= 0.000) | Chloride <= 0.000) & Fibrinogen <= 0.000)
",0.000,0.000,0.000,0.000,1.000,0,0,0,7,7,0,0,7,0.0,0.0,0.0,0.0,0.0,1.0,-1
"((DBP <= 71.551) U[2,2] (Resp <= 29.338))
",0.000,71.551,71.551,0.000,1.000,0,0,0,7,7,0,0,7,0.0,0.0,0.0,0.0,0.0,1.0,-1
"F[2,2](DBP >= 47.713 -> PaCO2 >= 0.132)
",0.000,0.132,0.132,0.000,1.000,0,0,0,7,7,0,0,7,0.0,0.0,0.0,0.0,0.0,1.0,-1
"F[2,2](((PaCO2 >= 2.111 | TroponinI >= 0.051) -> FiO2 >= 0.010) & Creatinine >= 0.057)
",0.000,-0.057,-0.057,0.000,1.000,0,0,0,7,7,0,0,7,0.0,0.0,0.0,0.0,0.0,1.0,-1
"((Creatinine >= 0.059) U[2,2] (pH >= 0.466))
",0.000,-0.059,-0.059,0.000,1.000,0,0,0,7,7,0,0,7,0.0,0.0,0.0,0.0,0.0,1.0,-1
"F[1,2]((DBP >= 52.341 & pH <= 4.559) -> BaseExcess >= 0.390)
",0.000,-9999999.000,-9999999.000,0.000,1.000,0,0,0,7,7,0,0,7,0.0,0.0,0.0,0.0,0.0,1.0,-1
"F[1,2]((Calcium <= 5.399 & Potassium <= 0.869) & Magnesium >= 0.098)
",0.000,-9999999.000,-9999999.000,0.000,1.000,0,0,0,7,7,0,0,7,0.0,0.0,0.0,0.0,0.0,1.0,-1
"F[2,2](((DBP <= 71.739 | PTT >= 2.502) | Bilirubin_total >= 2.758) & Lactate <= 65.329)
",0.000,65.329,65.329,0.000,1.000,0,0,0,7,7,0,0,7,0.0,0.0,0.0,0.0,0.0,1.0,-1
"F[0,2]((Glucose >= 10.488 | DBP <= 71.686) -> Calcium >= 27.147)
",0.000,-9999999.000,-9999999.000,0.000,1.000,0,0,0,7,7,0,0,7,0.0,0.0,0.0,0.0,0.0,1.0,-1
"F[2,2](((Calcium >= 0.424 -> Resp <= 29.719) | Creatinine <= 28.183) -> Glucose <= 25.786)
",0.000,-28.183,-28.183,0.000,1.000,0,0,0,7,7,0,0,7,0.0,0.0,0.0,0.0,0.0,1.0,-1
"F[0,2]((Calcium <= 7.149 & Potassium <= 1.139) & Magnesium >= 0.022)
",0.000,-9999999.000,-9999999.000,0.000,1.000,0,0,0,7,7,0,0,7,0.0,0.0,0.0,0.0,0.0,1.0,-1
"F[2,2]((DBP <= 65.321 & Hct >= 1.430) & MAP >= 0.875)
",0.000,-1.430,-1.430,0.000,1.000,0,0,0,7,7,0,0,7,0.0,0.0,0.0,0.0,0.0,1.0,-1
"F[2,2](((FiO2 <= 0.000 | Platelets <= 548.715) & pH <= 263.552) & Bilirubin_total <= 77.327)
",0.000,77.327,77.327,0.000,1.000,0,0,0,7,7,0,0,7,0.0,0.0,0.0,0.0,0.0,1.0,-1
"F[2,2](((Calcium < 5.176 & Potassium < 2.000) & Magnesium < 0.554) & Phosphate < 1.862)
",0.000,0.554,0.554,0.000,1.000,0,0,0,7,7,0,0,7,0.0,0.0,0.0,0.0,0.0,1.0,-1
"F[2,2](Hgb <= 1.468 | Hct <= 14.819)
",0.000,14.819,14.819,0.000,1.000,0,0,0,7,7,0,0,7,0.0,0.0,0.0,0.0,0.0,1.0,-1
"F[2,2]((Phosphate >= 0.056 & Magnesium > 0.106) -> Calcium < 1.749)
",0.000,-1.749,-1.749,0.000,1.000,0,0,0,7,7,0,0,7,0.0,0.0,0.0,0.0,0.0,1.0,-1
"F[2,2](((Hct >= 0.086 -> Temp >= 4.406) & Creatinine <= 22.333) & Bilirubin_direct >= 8.188)
",0.000,-8.188,-8.188,0.000,1.000,0,0,0,7,7,0,0,7,0.0,0.0,0.0,0.0,0.0,1.0,-1
"((DBP <= 72.218) U[2,2] (Potassium >= 0.343))
",0.000,72.218,72.218,0.000,1.000,0,0,0,7,7,0,0,7,0.0,0.0,0.0,0.0,0.0,1.0,-1
"F[2,2](Magnesium <= 0.783 -> AST <= 33.456)
",0.000,-33.456,-33.456,0.000,1.000,0,0,0,7,7,0,0,7,0.0,0.0,0.0,0.0,0.0,1.0,-1
"F[1,2]((Calcium <= 3.017 & Potassium <= 1.282) & Magnesium >= 0.102)
",0.000,-9999999.000,-9999999.000,0.000,1.000,0,0,0,7,7,0,0,7,0.0,0.0,0.0,0.0,0.0,1.0,-1
"((HR >= 43.501) U[0,2] (pH >= 0.211))
",0.000,-9999999.000,-9999999.000,0.000,1.000,0,0,0,7,7,0,0,7,0.0,0.0,0.0,0.0,0.0,1.0,-1
"F[1,2](((Platelets >= 3.388 | Bilirubin_total <= 0.646) | O2Sat >= 0.067) & SaO2 >= 0.059)
",0.000,-9999999.000,-9999999.000,0.000,1.000,0,0,0,7,7,0,0,7,0.0,0.0,0.0,0.0,0.0,1.0,-1
"F[2,2](((MAP >= 50.066 -> Resp >= 17.519) -> FiO2 >= 20.090) | Bilirubin_total <= 31.965)
",0.000,31.965,31.965,0.000,1.000,0,0,0,7,7,0,0,7,0.0,0.0,0.0,0.0,0.0,1.0,-1
"((Calcium <= 1.734) U[0,2] (PaCO2 >= 1.656))
",0.000,-9999999.000,-9999999.000,0.000,1.000,0,0,0,7,7,0,0,7,0.0,0.0,0.0,0.0,0.0,1.0,-1
"F[2,2](((BUN <= 10.794 -> SBP >= 94.394) | MAP >= 91.261) & Temp <= 131.697)
",0.000,-10.794,-10.794,0.000,1.000,0,0,0,7,7,0,0,7,0.0,0.0,0.0,0.0,0.0,1.0,-1
"F[2,2]((Calcium <= 2.330 & Potassium <= 3.727) & Magnesium >= 0.096)
",0.000,-0.096,-0.096,0.000,1.000,0,0,0,7,7,0,0,7,0.0,0.0,0.0,0.0,0.0,1.0,-1
"F[2,2](Hct >= 0.838 | WBC <= 65.206)
",0.000,65.206,65.206,0.000,1.000,0,0,0,7,7,0,0,7,0.0,0.0,0.0,0.0,0.0,1.0,-1
"F[1,2](Potassium >= 0.357 & WBC >= 8.724)
",0.000,-9999999.000,-9999999.000,0.000,1.000,0,0,0,7,7,0,0,7,0.0,0.0,0.0,0.0,0.0,1.0,-1
"F[2,2](EtCO2 >= 0.000 | HCO3 <= 0.000)
",0.000,0.000,0.000,0.000,1.000,0,0,0,7,7,0,0,7,0.0,0.0,0.0,0.0,0.0,1.0,-1
"F[0,2]((PTT >= 0.595 & TroponinI <= 0.781) & Calcium <= 0.106)
",0.000,-9999999.000,-9999999.000,0.000,1.000,0,0,0,7,7,0,0,7,0.0,0.0,0.0,0.0,0.0,1.0,-1
"F[1,2](((Fibrinogen >= 0.000 & MAP <= 102.281) | SaO2 >= 49.572) & Bilirubin_direct >= 34.401)
",0.000,-9999999.000,-9999999.000,0.000,1.000,0,0,0,7,7,0,0,7,0.0,0.0,0.0,0.0,0.0,1.0,-1
"F[0,2](((Phosphate <= 5.237 & BUN <= 40.662) -> DBP >= 1.686) -> Chloride >= 0.286)
",0.000,-9999999.000,-9999999.000,0.000,1.000,0,0,0,7,7,0,0,7,0.0,0.0,0.0,0.0,0.0,1.0,-1
"F[1,2](((HCO3 >= 0.000 -> SaO2 <= 7.592) | Fibrinogen >= 6.327) & BaseExcess >= 5.009)
",0.000,-9999999.000,-9999999.000,0.000,1.000,0,0,0,7,7,0,0,7,0.0,0.0,0.0,0.0,0.0,1.0,-1
"F[2,2](((HR >= 48.597 -> O2Sat >= 12.874) & MAP >= 63.880) | AST <= 93.998)
",0.000,93.998,93.998,0.000,1.000,0,0,0,7,7,0,0,7,0.0,0.0,0.0,0.0,0.0,1.0,-1
"F[2,2](((Temp <= 29.447 | Hgb <= 7.039) & HCO3 >= 0.309) -> Magnesium <= 6.762)
",0.000,-6.762,-6.762,0.000,1.000,0,0,0,7,7,0,0,7,0.0,0.0,0.0,0.0,0.0,1.0,-1
"F[1,2](((Fibrinogen >= 0.000 | Hct <= 18.894) & Hgb >= 1.279) & Creatinine >= 0.838)
",0.000,-9999999.000,-9999999.000,0.000,1.000,0,0,0,7,7,0,0,7,0.0,0.0,0.0,0.0,0.0,1.0,-1
"F[2,2](((AST >= 0.913 -> Calcium >= 0.228) -> BUN >= 0.298) & Alkalinephos <= 6.985)
",-1.000,-0.228,-0.228,0.000,1.000,0,0,0,7,7,0,0,7,0.0,0.0,0.0,0.0,0.0,1.0,-1
"F[0,2]((Calcium <= 4.787 & Potassium <= 1.301) & Magnesium >= 0.017)
",0.000,-9999999.000,-9999999.000,0.000,1.000,0,0,0,7,7,0,0,7,0.0,0.0,0.0,0.0,0.0,1.0,-1
"F[0,2](BaseExcess <= 0.000 -> SaO2 >= 5.557)
",0.000,-9999999.000,-9999999.000,0.000,1.000,0,0,0,7,7,0,0,7,0.0,0.0,0.0,0.0,0.0,1.0,-1
"F[2,2]((SBP <= 124.731 & Hgb >= 0.045) | Glucose >= 0.044)
",0.000,-0.044,-0.044,0.000,1.000,0,0,0,7,7,0,0,7,0.0,0.0,0.0,0.0,0.0,1.0,-1
"F[2,2](((Platelets >= 1.642 -> Hct <= 4.836) & O2Sat >= 1.225) | Platelets >= 1.155)
",0.000,-1.155,-1.155,0.000,1.000,0,0,0,7,7,0,0,7,0.0,0.0,0.0,0.0,0.0,1.0,-1
"F[1,2](((Calcium >= 0.648 -> MAP >= 38.010) | Glucose >= 10.223) & AST >= 46.060)
",0.000,-9999999.000,-9999999.000,0.000,1.000,0,0,0,7,7,0,0,7,0.0,0.0,0.0,0.0,0.0,1.0,-1
"F[1,2](((O2Sat <= 96.231 -> BUN >= 0.710) & Magnesium >= 1.503) & Potassium <= 30.838)
",0.000,-9999999.000,-9999999.000,0.000,1.000,0,0,0,7,7,0,0,7,0.0,0.0,0.0,0.0,0.0,1.0,-1
"F[2,2]((PTT <= 103.041 -> MAP <= 103.837) | Magnesium >= 58.289)
",1.000,-58.289,-58.289,0.000,1.000,0,0,0,7,7,0,0,7,0.0,0.0,0.0,0.0,0.0,1.0,-1
"((PTT <= 91.043) U[2,2] (BaseExcess >= 0.000))
",0.000,91.043,91.043,0.000,1.000,0,0,0,7,7,0,0,7,0.0,0.0,0.0,0.0,0.0,1.0,-1
"((FiO2 >= 0.000) U[1,2] (SepsisLabel <= 0.716))
",0.000,-9999999.000,-9999999.000,0.000,1.000,0,0,0,7,7,0,0,7,0.0,0.0,0.0,0.0,0.0,1.0,-1
"F[2,2]((Platelets <= 525.300 -> EtCO2 >= 0.000) -> WBC >= 0.000)
",0.000,0.000,0.000,0.000,1.000,0,0,0,7,7,0,0,7,0.0,0.0,0.0,0.0,0.0,1.0,-1
"F[1,2](((Bilirubin_total <= 0.965 & Temp <= 28.159) -> BaseExcess >= 10.825) & Hgb <= 26.385)
",0.000,-9999999.000,-9999999.000,0.000,1.000,0,0,0,7,7,0,0,7,0.0,0.0,0.0,0.0,0.0,1.0,-1
"G[2,2]((DBP >= 0.968 | MAP <= 83.120) -> Chloride >= 26.683)
",0.000,-83.120,-83.120,1.000,0.000,0,0,7,0,0,7,7,0,0.0,0.0,1.0,0.0,0.0,1.0,1
"G[1,2](Chloride >= 0.000 & HCO3 >= 0.000)
",0.000,9999999.000,9999999.000,1.000,0.000,0,0,7,0,0,7,7,0,0.0,0.0,1.0,0.0,0.0,1.0,1
"G[2,2](AST >= 1.297 & AST <= 34.434)
",0.000,-1.297,-1.297,1.000,0.000,0,0,7,0,0,7,7,0,0.0,0.0,1.0,0.0,0.0,1.0,1
"G[0,2](Chloride >= 0.000 & HCO3 >= 0.000)
",0.000,9999999.000,9999999.000,1.000,0.000,0,0,7,0,0,7,7,0,0.0,0.0,1.0,0.0,0.0,1.0,1
"G[1,2]((Bilirubin_total >= 0.018 | HCO3 <= 0.000) | Hct <= 0.000)
",0.000,9999999.000,9999999.000,1.000,0.000,0,0,7,0,0,7,7,0,0.0,0.0,1.0,0.0,0.0,1.0,1
"G[0,2]((Calcium >= 0.137 | Temp >= 3.167) | SBP >= 0.594)
",0.000,9999999.000,9999999.000,1.000,0.000,0,0,6,1,1,6,6,1,0.0,0.0,1.0,0.0,0.0,1.0,1
"G[2,2](Resp <= 26.714 & TroponinI <= 0.193)
",0.000,0.193,0.193,1.000,0.000,0,0,7,0,0,7,7,0,0.0,0.0,1.0,0.0,0.0,1.0,1
"G[2,2]((DBP <= 72.675 -> Hgb <= 4.185) -> Chloride >= 0.369)
",0.000,0.369,0.369,1.000,0.000,0,0,7,0,0,7,7,0,0.0,0.0,1.0,0.0,0.0,1.0,1
"G[0,2](((Alkalinephos >= 3.192 | MAP >= 58.146) -> Temp <= 103.637) | Potassium >= 57.476)
",0.000,9999999.000,9999999.000,1.000,0.000,0,0,7,0,0,7,7,0,0.0,0.0,1.0,0.0,0.0,1.0,1
"G[2,2](SBP >= 116.629 -> BUN >= 0.366)
",0.000,0.366,0.366,1.000,0.000,0,0,7,0,0,7,7,0,0.0,0.0,1.0,0.0,0.0,1.0,1
"G[0,2]((Calcium <= 3.990 | Lactate >= 0.111) | SepsisLabel >= 0.086)
",0.000,9999999.000,9999999.000,1.000,0.000,0,0,7,0,0,7,7,0,0.0,0.0,1.0,0.0,0.0,1.0,1
"G[1,2]((Platelets >= 9.872 -> BUN >= 0.999) | FiO2 <= 18.950)
",0.000,9999999.000,9999999.000,1.000,0.000,0,0,7,0,0,7,7,0,0.0,0.0,1.0,0.0,0.0,1.0,1
"G[1,2]((SaO2 >= 1.785 | Platelets <= 441.336) & DBP >= 9.013)
",0.000,9999999.000,9999999.000,1.000,0.000,0,0,7,0,0,7,7,0,0.0,0.0,1.0,0.0,0.0,1.0,1
"G[1,2](((FiO2 <= 0.000 -> SBP <= 124.646) & PTT >= 21.339) | PTT <= 126.493)
",0.000,9999999.000,9999999.000,1.000,0.000,0,0,7,0,0,7,7,0,0.0,0.0,1.0,0.0,0.0,1.0,1
"G[2,2](((SepsisLabel <= 0.908 -> SepsisLabel <= 0.964) -> FiO2 >= 0.594) & WBC <= 0.837)
",0.000,0.594,0.594,1.000,0.000,0,0,7,0,0,7,7,0,0.0,0.0,1.0,0.0,0.0,1.0,1
"G[0,2](((PTT >= 2.819 | TroponinI <= 0.155) & PaCO2 <= 0.361) & HR >= 0.034)
",0.000,9999999.000,9999999.000,1.000,0.000,0,0,4,3,3,4,4,3,0.0,0.0,1.0,0.0,0.0,1.0,1
"G[2,2](HR <= 98.620 & Lactate <= 0.361)
",0.000,0.361,0.361,1.000,0.000,0,0,7,0,0,7,7,0,0.0,0.0,1.0,0.0,0.0,1.0,1
"G[1,2](TroponinI <= 0.770 | Bilirubin_direct >= 0.000)
",0.000,9999999.000,9999999.000,1.000,0.000,0,0,7,0,0,7,7,0,0.0,0.0,1.0,0.0,0.0,1.0,1
"G[1,2](Chloride >= 0.000 & HCO3 >= 0.000)
",0.000,9999999.000,9999999.000,1.000,0.000,0,0,7,0,0,7,7,0,0.0,0.0,1.0,0.0,0.0,1.0,1
"G[0,2](((HR >= 30.155 | Platelets >= 31.779) & TroponinI <= 254.567) | PTT <= 332.224)
",0.000,9999999.000,9999999.000,1.000,0.000,0,0,7,0,0,7,7,0,0.0,0.0,1.0,0.0,0.0,1.0,1
"G[1,2]((Bilirubin_total <= 0.482 & Calcium <= 4.874) -> SaO2 <= 3.470)
",0.000,9999999.000,9999999.000,1.000,0.000,0,0,6,1,1,6,6,1,0.0,0.0,1.0,0.0,0.0,1.0,1
"G[1,2]((MAP >= 75.522 & pH <= 7.250) -> Hct <= 3.192)
",0.000,9999999.000,9999999.000,1.000,0.000,0,0,7,0,0,7,7,0,0.0,0.0,1.0,0.0,0.0,1.0,1
"G[2,2](((HR <= 91.334 & WBC >= 3.922) & FiO2 >= 4.504) & TroponinI <= 70.354)
",0.000,-4.504,-4.504,1.000,0.000,0,0,7,0,0,7,7,0,0.0,0.0,1.0,0.0,0.0,1.0,1
"G[0,2](((Hgb >= 0.104 -> HR <= 92.524) -> Hct <= 94.696) & Creatinine <= 91.726)
",0.000,9999999.000,9999999.000,1.000,0.000,0,0,7,0,0,7,7,0,0.0,0.0,1.0,0.0,0.0,1.0,1
"G[0,2](((DBP >= 30.919 & TroponinI >= 0.029) -> HR <= 0.135) | DBP <= 0.774)
",0.000,9999999.000,9999999.000,1.000,0.000,0,0,6,1,1,6,6,1,0.0,0.0,1.0,0.0,0.0,1.0,1
"G[1,2](((Hct <= 21.148 & Bilirubin_direct >= 0.000) & Platelets <= 0.000) -> Potassium >= 0.000)
",0.000,9999999.000,9999999.000,1.000,0.000,0,0,7,0,0,7,7,0,0.0,0.0,1.0,0.0,0.0,1.0,1
"G[1,2]((Fibrinogen >= 0.000 | TroponinI >= 0.061) -> EtCO2 <= 0.980)
",0.000,9999999.000,9999999.000,1.000,0.000,0,0,7,0,0,7,7,0,0.0,0.0,1.0,0.0,0.0,1.0,1
"G[2,2](BUN <= 41.020 & Creatinine >= 0.107)
",1.000,-0.107,-0.107,1.000,0.000,0,0,7,0,0,7,7,0,0.0,0.0,1.0,0.0,0.0,1.0,1
"G[1,2](Alkalinephos <= 75.402 | Creatinine <= 0.587)
",0.000,9999999.000,9999999.000,1.000,0.000,0,0,7,0,0,7,7,0,0.0,0.0,1.0,0.0,0.0,1.0,1
"G[0,2]((HR <= 95.978 | PTT <= 106.985) -> Alkalinephos <= 17.542)
",0.000,9999999.000,9999999.000,1.000,0.000,0,0,7,0,0,7,7,0,0.0,0.0,1.0,0.0,0.0,1.0,1
"G[1,2](Bilirubin_total <= 0.155 | Lactate >= 0.076)
",0.000,9999999.000,9999999.000,1.000,0.000,0,0,7,0,0,7,7,0,0.0,0.0,1.0,0.0,0.0,1.0,1
"G[1,2]((Bilirubin_total <= 0.599 & Lactate <= 1.015) -> MAP >= 0.029)
",0.000,9999999.000,9999999.000,1.000,0.000,0,0,7,0,0,7,7,0,0.0,0.0,1.0,0.0,0.0,1.0,1
"G[2,2](O2Sat >= 88.372 & SBP <= 128.468)
",0.000,-88.372,-88.372,1.000,0.000,0,0,7,0,0,7,7,0,0.0,0.0,1.0,0.0,0.0,1.0,1
"G[1,2](((Creatinine >= 0.073 | SaO2 <= 73.680) | Platelets <= 52.429) | Magnesium <= 64.123)
",0.000,9999999.000,9999999.000,1.000,0.000,0,0,7,0,0,7,7,0,0.0,0.0,1.0,0.0,0.0,1.0,1
"G[1,2](((Bilirubin_total >= 0.004 & MAP >= 39.411) | SepsisLabel <= 86.172) | Fibrinogen >= 74.867)
",0.000,9999999.000,9999999.000,1.000,0.000,0,0,7,0,0,7,7,0,0.0,0.0,1.0,0.0,0.0,1.0,1
"G[0,2](Chloride >= 0.000 & HCO3 >= 0.000)
",0.000,9999999.000,9999999.000,1.000,0.000,0,0,7,0,0,7,7,0,0.0,0.0,1.0,0.0,0.0,1.0,1
"G[2,2]((BaseExcess <= 0.000 | Calcium >= 0.397) & PTT >= 0.590)
",0.000,-0.590,-0.590,1.000,0.000,0,0,7,0,0,7,7,0,0.0,0.0,1.0,0.0,0.0,1.0,1
"G[1,2]((O2Sat >= 51.711 & O2Sat <= 98.871) | Calcium <= 94.004)
",0.000,9999999.000,9999999.000,1.000,0.000,0,0,7,0,0,7,7,0,0.0,0.0,1.0,0.0,0.0,1.0,1
"G[2,2](BUN <= 20.162 & Creatinine >= 0.115)
",-1.000,-0.115,-0.115,1.000,0.000,0,0,7,0,0,7,7,0,0.0,0.0,1.0,0.0,0.0,1.0,1
"G[1,2](Chloride >= 0.000 & HCO3 >= 0.000)
",0.000,9999999.000,9999999.000,1.000,0.000,0,0,7,0,0,7,7,0,0.0,0.0,1.0,0.0,0.0,1.0,1
"G[2,2](((BUN <= 35.392 -> SBP >= 27.240) | Chloride >= 78.981) | Phosphate >= 108.919)
",0.000,-35.392,-35.392,1.000,0.000,0,0,7,0,0,7,7,0,0.0,0.0,1.0,0.0,0.0,1.0,1
"G[2,2](O2Sat >= 33.116 -> TroponinI <= 0.541)
",0.000,-0.541,-0.541,1.000,0.000,0,0,7,0,0,7,7,0,0.0,0.0,1.0,0.0,0.0,1.0,1
"G[1,2](Potassium >= 0.382 -> HCO3 >= 0.000)
",0.000,9999999.000,9999999.000,1.000,0.000,0,0,7,0,0,7,7,0,0.0,0.0,1.0,0.0,0.0,1.0,1
"G[1,2]((SepsisLabel >= 0.059 & Bilirubin_direct >= 0.000) | PTT <= 0.000)
",0.000,9999999.000,9999999.000,1.000,0.000,0,0,7,0,0,7,7,0,0.0,0.0,1.0,0.0,0.0,1.0,1
"G[2,2]((Glucose >= 17.830 | SaO2 >= 2.183) | TroponinI <= 76.182)
",0.000,76.182,76.182,1.000,0.000,0,0,7,0,0,7,7,0,0.0,0.0,1.0,0.0,0.0,1.0,1
"G[1,2]((Creatinine >= 0.027 & PaCO2 >= 2.114) -> Platelets <= 8.509)
",0.000,9999999.000,9999999.000,1.000,0.000,0,0,7,0,0,7,7,0,0.0,0.0,1.0,0.0,0.0,1.0,1
"G[0,2]((EtCO2 <= 0.000 | HR <= 91.388) -> O2Sat >= 68.592)
",0.000,9999999.000,9999999.000,1.000,0.000,0,0,6,1,1,6,6,1,0.0,0.0,1.0,0.0,0.0,1.0,1
"G[1,2](((FiO2 <= 0.000 & DBP >= 26.206) & Hgb <= 69.389) -> Alkalinephos <= 66.285)
",0.000,9999999.000,9999999.000,1.000,0.000,0,0,7,0,0,7,7,0,0.0,0.0,1.0,0.0,0.0,1.0,1
"G[1,2](Lactate <= 0.370 | SBP <= 129.568)
",0.000,9999999.000,9999999.000,1.000,0.000,0,0,6,1,1,6,6,1,0.0,0.0,1.0,0.0,0.0,1.0,1
"G[0,2]((DBP >= 28.734 | SBP <= 128.009) | WBC <= 123.675)
",0.000,9999999.000,9999999.000,1.000,0.000,0,0,7,0,0,7,7,0,0.0,0.0,1.0,0.0,0.0,1.0,1
"G[0,2](EtCO2 >= 0.000 & Lactate <= 1.453)
",0.000,9999999.000,9999999.000,1.000,0.000,0,0,6,1,1,6,6,1,0.0,0.0,1.0,0.0,0.0,1.0,1
"G[0,2]((O2Sat <= 90.501 & Resp <= 29.121) -> Glucose <= 31.858)
",0.000,9999999.000,9999999.000,1.000,0.000,0,0,7,0,0,7,7,0,0.0,0.0,1.0,0.0,0.0,1.0,1
"G[2,2](((Magnesium <= 0.990 & SepsisLabel <= 0.953) & BaseExcess >= 0.714) & Magnesium <= 0.851)
",0.000,-0.714,-0.714,1.000,0.000,0,0,7,0,0,7,7,0,0.0,0.0,1.0,0.0,0.0,1.0,1
"G[1,2](((Fibrinogen <= 0.000 | Bilirubin_total <= 0.871) -> Bilirubin_direct <= 0.543) -> HCO3 <= 0.600)
",0.000,9999999.000,9999999.000,1.000,0.000,0,0,7,0,0,7,7,0,0.0,0.0,1.0,0.0,0.0,1.0,1
"G[0,2](Potassium <= 2.375 | Lactate <= 0.911)
",0.000,9999999.000,9999999.000,1.000,0.000,0,0,6,1,1,6,6,1,0.0,0.0,1.0,0.0,0.0,1.0,1
"G[2,2](PaCO2 <= 24.287 -> SepsisLabel = 0.234)
",0.000,-24.287,-24.287,1.000,0.000,0,0,7,0,0,7,7,0,0.0,0.0,1.0,0.0,0.0,1.0,1
"G[1,2](Temp > 7.578 -> SepsisLabel = 0.597)
",0.000,9999999.000,9999999.000,1.000,0.000,0,0,6,1,1,6,6,1,0.0,0.0,1.0,0.0,0.0,1.0,1
"G[1,2](((Platelets >= 23.245 & Alkalinephos >= 7.245) | Temp >= 0.807) | O2Sat >= 2.002)
",0.000,9999999.000,9999999.000,1.000,0.000,0,0,7,0,0,7,7,0,0.0,0.0,1.0,0.0,0.0,1.0,1
"G[1,2](((Potassium >= 0.300 & Temp <= 25.767) -> Potassium >= 3.176) -> SBP >= 7.254)
",0.000,9999999.000,9999999.000,1.000,0.000,0,0,7,0,0,7,7,0,0.0,0.0,1.0,0.0,0.0,1.0,1
"G[1,2](Resp <= 29.862 -> SBP >= 65.043)
",0.000,9999999.000,9999999.000,1.000,0.000,0,0,7,0,0,7,7,0,0.0,0.0,1.0,0.0,0.0,1.0,1
"G[1,2](Phosphate >= 0.386 -> AST <= 22.229)
",0.000,9999999.000,9999999.000,1.000,0.000,0,0,7,0,0,7,7,0,0.0,0.0,1.0,0.0,0.0,1.0,1
"G[0,2](Chloride >= 0.000 & HCO3 >= 0.000)
",0.000,9999999.000,9999999.000,1.000,0.000,0,0,7,0,0,7,7,0,0.0,0.0,1.0,0.0,0.0,1.0,1
"G[2,2]((Alkalinephos <= 18.327 & Glucose <= 90.748) & SepsisLabel >= 6.694)
",0.000,-6.694,-6.694,1.000,0.000,0,0,7,0,0,7,7,0,0.0,0.0,1.0,0.0,0.0,1.0,1
"G[0,2](EtCO2 >= 0.000 -> HCO3 <= 0.000)
",0.000,9999999.000,9999999.000,1.000,0.000,0,0,7,0,0,7,7,0,0.0,0.0,1.0,0.0,0.0,1.0,1
"G[1,2](((AST <= 8.713 -> Hgb >= 0.483) & PTT <= 3.596) | BaseExcess <= 3.414)
",0.000,9999999.000,9999999.000,1.000,0.000,0,0,7,0,0,7,7,0,0.0,0.0,1.0,0.0,0.0,1.0,1
"G[0,2](Calcium >= 0.616 -> HR >= 87.522)
",0.000,9999999.000,9999999.000,1.000,0.000,0,0,7,0,0,7,7,0,0.0,0.0,1.0,0.0,0.0,1.0,1
"G[2,2]((Calcium <= 7.174 | SBP >= 94.482) -> Calcium >= 92.830)
",-1.000,-7.174,-7.174,1.000,0.000,0,0,7,0,0,7,7,0,0.0,0.0,1.0,0.0,0.0,1.0,1
"G[1,2](((SepsisLabel >= 0.023 & Temp <= 21.908) | TroponinI >= 5.352) -> PTT <= 17.329)
",0.000,9999999.000,9999999.000,1.000,0.000,0,0,7,0,0,7,7,0,0.0,0.0,1.0,0.0,0.0,1.0,1
"G[0,2](((Hct >= 1.113 & O2Sat >= 20.429) | BUN >= 36.519) | WBC <= 91.725)
",0.000,9999999.000,9999999.000,1.000,0.000,0,0,7,0,0,7,7,0,0.0,0.0,1.0,0.0,0.0,1.0,1
"G[1,2](((DBP <= 63.417 | SepsisLabel >= 0.596) & pH <= 0.785) | Bilirubin_direct <= 0.765)
",0.000,9999999.000,9999999.000,1.000,0.000,0,0,7,0,0,7,7,0,0.0,0.0,1.0,0.0,0.0,1.0,1
"G[2,2](((Platelets <= 169.997 | SBP <= 129.731) -> pH >= 67.547) -> TroponinI >= 112.427)
",0.000,112.427,112.427,1.000,0.000,0,0,7,0,0,7,7,0,0.0,0.0,1.0,0.0,0.0,1.0,1
"G[2,2](PaCO2 <= 19.160 -> SBP >= 70.246)
",0.000,-19.160,-19.160,1.000,0.000,0,0,7,0,0,7,7,0,0.0,0.0,1.0,0.0,0.0,1.0,1
"G[2,2]((Phosphate <= 4.742 & HCO3 <= 0.000) | Resp <= 0.000)
",0.000,0.000,0.000,1.000,0.000,0,0,7,0,0,7,7,0,0.0,0.0,1.0,0.0,0.0,1.0,1
"G[2,2](Potassium >= 0.508 -> Magnesium <= 0.940)
",0.000,-0.940,-0.940,1.000,0.000,0,0,7,0,0,7,7,0,0.0,0.0,1.0,0.0,0.0,1.0,1
"G[2,2](O2Sat >= 7.067 & AST >= 3.754)
",0.000,-7.067,-7.067,1.000,0.000,0,0,7,0,0,7,7,0,0.0,0.0,1.0,0.0,0.0,1.0,1
"G[0,2]((PaCO2 >= 0.842 -> Temp >= 8.003) | HR <= 23.458)
",0.000,9999999.000,9999999.000,1.000,0.000,0,0,7,0,0,7,7,0,0.0,0.0,1.0,0.0,0.0,1.0,1
"G[0,2]((SaO2 <= 73.265 -> SepsisLabel <= 0.972) | SepsisLabel >= 0.253)
",0.000,9999999.000,9999999.000,1.000,0.000,0,0,7,0,0,7,7,0,0.0,0.0,1.0,0.0,0.0,1.0,1
"G[0,2]((Magnesium <= 0.822 & BUN <= 6.878) | O2Sat >= 2.471)
",0.000,9999999.000,9999999.000,1.000,0.000,0,0,7,0,0,7,7,0,0.0,0.0,1.0,0.0,0.0,1.0,1
"G[0,2](Chloride >= 0.000 & HCO3 >= 0.000)
",0.000,9999999.000,9999999.000,1.000,0.000,0,0,7,0,0,7,7,0,0.0,0.0,1.0,0.0,0.0,1.0,1
"G[2,2](MAP <= 98.566 | SepsisLabel >= 0.250)
",0.000,98.566,98.566,1.000,0.000,0,0,7,0,0,7,7,0,0.0,0.0,1.0,0.0,0.0,1.0,1
"G[0,2]((MAP <= 93.902 | SBP >= 119.157) | Bilirubin_total <= 132.027)
",0.000,9999999.000,9999999.000,1.000,0.000,0,0,7,0,0,7,7,0,0.0,0.0,1.0,0.0,0.0,1.0,1
"G[1,2](Hgb <= 1.818 & SBP >= 49.732)
",0.000,9999999.000,9999999.000,1.000,0.000,0,0,7,0,0,7,7,0,0.0,0.0,1.0,0.0,0.0,1.0,1
"G[0,2]((PTT >= 0.170 & Alkalinephos <= 70.473) -> Platelets <= 74.689)
",0.000,9999999.000,9999999.000,1.000,0.000,0,0,7,0,0,7,7,0,0.0,0.0,1.0,0.0,0.0,1.0,1
"G[0,2](SaO2 > 0.693 -> SepsisLabel = 0.781)
",0.000,9999999.000,9999999.000,1.000,0.000,0,0,6,1,1,6,6,1,0.0,0.0,1.0,0.0,0.0,1.0,1
"F[1,2]((Hgb <= 1.646 & O2Sat <= 96.630) & Platelets <= 96.407)
",0.000,-9999999.000,-9999999.000,0.000,1.000,0,0,0,7,7,0,0,7,0.0,0.0,0.0,0.0,0.0,1.0,-1
