Rule,Discrimination Score,Pos Robustness,Neg Robustness,Percent Class +,Percent Class -,TP,TN,FP,FN,Actual Yes,Actual No,Predicted Yes,Predicted No,TPR/Sens,TNR/Spec,FPR,Precision,Accuracy,MCR
"G[1,1](Chloride >= 0.000 & HCO3 >= 0.000)
",0.000,0.000,0.000,1.000,0.000,14,0,0,0,14,0,14,0,1.0,0.0,0.0,1.0,1.0,0.0
"G[0,1](((Temp <= 14.512 & Hct <= 48.236) | O2Sat >= 1.216) -> Hgb <= 32.577)
",9999999.000,9999999.000,0.000,1.000,0.000,14,0,0,0,14,0,14,0,1.0,0.0,0.0,1.0,1.0,0.0
"G[0,0](((Resp <= 19.742 -> EtCO2 >= 0.000) & BaseExcess <= 0.000) | TroponinI >= 0.000)
",0.000,0.000,0.000,1.000,0.000,14,0,0,0,14,0,14,0,1.0,0.0,0.0,1.0,1.0,0.0
"G[1,1](Hgb <= 14.306 | Alkalinephos >= 0.000)
",4026789599916137.500,14.306,0.000,1.000,0.000,14,0,0,0,14,0,14,0,1.0,0.0,0.0,1.0,1.0,0.0
"G[0,0]((Magnesium <= 0.000 -> SepsisLabel <= 0.000) | WBC <= 0.000)
",0.000,0.000,0.000,1.000,0.000,14,0,0,0,14,0,14,0,1.0,0.0,0.0,1.0,1.0,0.0
"G[0,1](Glucose >= 1.473 | pH <= 0.000)
",9999999.000,9999999.000,0.000,1.000,0.000,14,0,0,0,14,0,14,0,1.0,0.0,0.0,1.0,1.0,0.0
"G[0,0]((WBC <= 8.177 | O2Sat <= 86.428) -> Lactate <= 85.995)
",-402.054,-86.181,0.000,1.000,0.000,14,0,0,0,14,0,14,0,1.0,0.0,0.0,1.0,1.0,0.0
"G[1,1]((Resp >= 8.713 & Lactate >= 0.000) | Platelets <= 0.000)
",0.000,0.000,0.000,1.000,0.000,14,0,0,0,14,0,14,0,1.0,0.0,0.0,1.0,1.0,0.0
"G[0,0](Bilirubin_direct >= 0.000 | BUN >= 0.138)
",0.000,0.000,0.000,1.000,0.000,14,0,0,0,14,0,14,0,1.0,0.0,0.0,1.0,1.0,0.0
"G[0,0]((Calcium >= 0.035 & Magnesium >= 0.000) -> Bilirubin_direct <= 0.000)
",0.000,0.000,0.000,1.000,0.000,14,0,0,0,14,0,14,0,1.0,0.0,0.0,1.0,1.0,0.0
"G[0,0](((Alkalinephos <= 0.000 & BaseExcess >= 0.000) -> Phosphate <= 0.000) & Chloride >= 0.000)
",0.000,0.000,0.000,1.000,0.000,14,0,0,0,14,0,14,0,1.0,0.0,0.0,1.0,1.0,0.0
"G[0,1](Bilirubin_total >= 0.000 | Phosphate <= 0.000)
",9999999.000,9999999.000,0.000,1.000,0.000,14,0,0,0,14,0,14,0,1.0,0.0,0.0,1.0,1.0,0.0
"G[1,1](SaO2 <= 0.000 -> Magnesium <= 0.000)
",0.000,0.000,0.000,1.000,0.000,14,0,0,0,14,0,14,0,1.0,0.0,0.0,1.0,1.0,0.0
"G[1,1](((O2Sat <= 98.203 | PTT <= 10.797) | pH <= 25.054) | Temp <= 32.333)
",98.203,98.203,0.000,1.000,0.000,14,0,0,0,14,0,14,0,1.0,0.0,0.0,1.0,1.0,0.0
"G[1,1](((Calcium >= 0.048 | Temp >= 4.124) | Phosphate >= 8.436) -> SaO2 <= 35.673)
",-2510229907068639.000,-35.673,0.000,1.000,0.000,14,0,0,0,14,0,14,0,1.0,0.0,0.0,1.0,1.0,0.0
"G[1,1]((Glucose >= 4.070 | BaseExcess <= 0.000) | EtCO2 >= 0.000)
",0.000,0.000,0.000,1.000,0.000,14,0,0,0,14,0,14,0,1.0,0.0,0.0,1.0,1.0,0.0
"G[0,1]((SaO2 >= 0.000 -> SBP <= 64.442) | WBC <= 118.199)
",9999999.000,9999999.000,0.000,1.000,0.000,14,0,0,0,14,0,14,0,1.0,0.0,0.0,1.0,1.0,0.0
"G[0,0]((Calcium <= 4.696 | DBP <= 70.841) -> Lactate <= 47.596)
",-5.292,-60.879,0.000,1.000,0.000,14,0,0,0,14,0,14,0,1.0,0.0,0.0,1.0,1.0,0.0
"G[0,0](((BUN >= 0.263 | PTT <= 18.545) & FiO2 <= 4.931) | SaO2 <= 27.957)
",3934534798890738.500,27.957,0.000,1.000,0.000,14,0,0,0,14,0,14,0,1.0,0.0,0.0,1.0,1.0,0.0
"G[0,1](FiO2 <= 0.000 -> Bilirubin_direct <= 0.000)
",9999999.000,9999999.000,0.000,1.000,0.000,14,0,0,0,14,0,14,0,1.0,0.0,0.0,1.0,1.0,0.0
"G[0,0]((SepsisLabel <= 0.000 & Platelets <= 114.526) | TroponinI <= 184.696)
",184.696,184.696,0.000,1.000,0.000,14,0,0,0,14,0,14,0,1.0,0.0,0.0,1.0,1.0,0.0
"G[0,0]((SBP <= 107.006 | Creatinine >= 0.014) -> BUN <= 0.306)
",-5.346,-93.913,0.000,1.000,0.000,14,0,0,0,14,0,14,0,1.0,0.0,0.0,1.0,1.0,0.0
"G[0,1]((Hct >= 1.579 -> Magnesium >= 0.000) -> Chloride <= 0.000)
",9999999.000,9999999.000,0.000,1.000,0.000,14,0,0,0,14,0,14,0,1.0,0.0,0.0,1.0,1.0,0.0
"G[1,1]((Calcium >= 0.238 -> Bilirubin_direct >= 0.000) -> BUN >= 0.000)
",0.000,0.000,0.000,1.000,0.000,14,0,0,0,14,0,14,0,1.0,0.0,0.0,1.0,1.0,0.0
"G[0,1]((Platelets <= 125.873 | Temp >= 10.470) | HCO3 <= 15.141)
",9999999.000,9999999.000,0.000,1.000,0.000,14,0,0,0,14,0,14,0,1.0,0.0,0.0,1.0,1.0,0.0
"G[0,1](((EtCO2 >= 0.000 -> HR <= 69.398) | Glucose <= 70.862) | SepsisLabel <= 81.700)
",9999999.000,9999999.000,0.000,1.000,0.000,14,0,0,0,14,0,14,0,1.0,0.0,0.0,1.0,1.0,0.0
"G[1,1]((DBP <= 49.043 -> Glucose <= 99.994) | Alkalinephos <= 75.101)
",75.101,75.101,0.000,1.000,0.000,14,0,0,0,14,0,14,0,1.0,0.0,0.0,1.0,1.0,0.0
"G[0,1](((Creatinine >= 0.011 -> DBP >= 5.001) -> Calcium <= 46.554) & Potassium <= 50.339)
",9999999.000,9999999.000,0.000,1.000,0.000,14,0,0,0,14,0,14,0,1.0,0.0,0.0,1.0,1.0,0.0
"G[1,1](((DBP >= 20.553 | WBC >= 0.198) | BaseExcess <= 6.353) | Magnesium >= 0.294)
",3576242395574455.000,6.353,0.000,1.000,0.000,14,0,0,0,14,0,14,0,1.0,0.0,0.0,1.0,1.0,0.0
"G[0,0](((HR >= 36.171 -> BaseExcess <= 0.000) -> O2Sat >= 0.000) -> BaseExcess >= 0.000)
",0.000,0.000,0.000,1.000,0.000,14,0,0,0,14,0,14,0,1.0,0.0,0.0,1.0,1.0,0.0
"G[0,1](((Resp <= 28.624 -> TroponinI <= 0.000) | Phosphate <= 0.000) & Chloride >= 0.000)
",9999999.000,9999999.000,0.000,1.000,0.000,14,0,0,0,14,0,14,0,1.0,0.0,0.0,1.0,1.0,0.0
"G[0,0]((O2Sat <= 84.045 | Resp <= 28.321) -> pH <= 28.916)
",-1.926,-52.543,0.000,1.000,0.000,14,0,0,0,14,0,14,0,1.0,0.0,0.0,1.0,1.0,0.0
"G[0,1](((Lactate <= 0.000 -> BUN >= 0.014) & Resp >= 0.319) -> Magnesium <= 5.633)
",9999999.000,9999999.000,0.000,1.000,0.000,14,0,0,0,14,0,14,0,1.0,0.0,0.0,1.0,1.0,0.0
"G[1,1](((Magnesium >= 0.000 -> pH >= 0.000) & Bilirubin_direct <= 0.000) & AST <= 0.000)
",0.000,0.000,0.000,1.000,0.000,14,0,0,0,14,0,14,0,1.0,0.0,0.0,1.0,1.0,0.0
"G[1,1](((HR <= 94.210 -> Hgb <= 9.566) & Bilirubin_total <= 1.389) | Potassium <= 6.702)
",7545411059169409.000,6.702,0.000,1.000,0.000,14,0,0,0,14,0,14,0,1.0,0.0,0.0,1.0,1.0,0.0
"G[0,0](((Calcium <= 4.268 -> TroponinI <= 0.000) | BUN >= 0.000) | Bilirubin_total <= 0.000)
",0.000,0.000,0.000,1.000,0.000,14,0,0,0,14,0,14,0,1.0,0.0,0.0,1.0,1.0,0.0
"G[0,1](((WBC >= 0.355 | HR <= 57.920) & Resp >= 2.169) -> O2Sat >= 37.860)
",9999999.000,9999999.000,0.000,1.000,0.000,14,0,0,0,14,0,14,0,1.0,0.0,0.0,1.0,1.0,0.0
"G[0,0]((Resp >= 8.906 | SepsisLabel >= 0.000) & Potassium <= 0.000)
",0.000,0.000,0.000,1.000,0.000,14,0,0,0,14,0,14,0,1.0,0.0,0.0,1.0,1.0,0.0
"G[1,1]((Potassium <= 3.423 | O2Sat >= 61.629) -> AST <= 90.150)
",-3171868313255119.000,-90.150,0.000,1.000,0.000,14,0,0,0,14,0,14,0,1.0,0.0,0.0,1.0,1.0,0.0
"G[1,1]((Bilirubin_direct >= 0.000 & Glucose >= 0.251) -> Hct >= 2.668)
",4525693365581170.000,0.251,0.000,1.000,0.000,14,0,0,0,14,0,14,0,1.0,0.0,0.0,1.0,1.0,0.0
"G[1,1](((SaO2 >= 0.000 -> WBC >= 0.363) | TroponinI >= 0.123) -> Hct >= 0.318)
",0.000,0.000,0.000,1.000,0.000,14,0,0,0,14,0,14,0,1.0,0.0,0.0,1.0,1.0,0.0
"G[0,1]((Calcium >= 0.007 -> Bilirubin_total <= 0.000) & Fibrinogen <= 0.000)
",9999999.000,9999999.000,0.000,1.000,0.000,14,0,0,0,14,0,14,0,1.0,0.0,0.0,1.0,1.0,0.0
"G[0,1]((Glucose >= 2.715 & pH >= 0.000) -> Lactate <= 0.000)
",9999999.000,9999999.000,0.000,1.000,0.000,14,0,0,0,14,0,14,0,1.0,0.0,0.0,1.0,1.0,0.0
"G[1,1]((SepsisLabel <= 0.000 & FiO2 <= 0.000) | SepsisLabel <= 0.000)
",0.000,0.000,0.000,1.000,0.000,14,0,0,0,14,0,14,0,1.0,0.0,0.0,1.0,1.0,0.0
"G[0,1](((Alkalinephos >= 0.000 & HCO3 <= 0.000) | Bilirubin_total >= 0.000) & Magnesium >= 0.000)
",9999999.000,9999999.000,0.000,1.000,0.000,14,0,0,0,14,0,14,0,1.0,0.0,0.0,1.0,1.0,0.0
"G[1,1](SaO2 >= 0.000 | Calcium <= 7.736)
",7.736,7.736,0.000,1.000,0.000,14,0,0,0,14,0,14,0,1.0,0.0,0.0,1.0,1.0,0.0
"G[0,0](PaCO2 >= 0.000 | BaseExcess >= 0.000)
",0.000,0.000,0.000,1.000,0.000,14,0,0,0,14,0,14,0,1.0,0.0,0.0,1.0,1.0,0.0
"G[0,1](((Temp <= 13.250 & WBC >= 0.277) | Lactate <= 8.191) -> Bilirubin_direct <= 3.266)
",9999999.000,9999999.000,0.000,1.000,0.000,14,0,0,0,14,0,14,0,1.0,0.0,0.0,1.0,1.0,0.0
"G[1,1]((Hgb <= 14.921 | Magnesium >= 0.000) -> AST <= 0.000)
",-4199960454505294.500,-14.921,0.000,1.000,0.000,14,0,0,0,14,0,14,0,1.0,0.0,0.0,1.0,1.0,0.0
"G[0,1](((HCO3 <= 0.000 & Chloride <= 0.000) & PTT <= 0.000) -> Potassium >= 0.000)
",9999999.000,9999999.000,0.000,1.000,0.000,14,0,0,0,14,0,14,0,1.0,0.0,0.0,1.0,1.0,0.0
"G[0,1](((SBP >= 26.344 | TroponinI <= 0.000) | FiO2 <= 0.000) | WBC >= 0.000)
",9999999.000,9999999.000,0.000,1.000,0.000,14,0,0,0,14,0,14,0,1.0,0.0,0.0,1.0,1.0,0.0
"G[1,1]((Lactate >= 0.000 | Resp >= 11.917) & Fibrinogen <= 20.470)
",0.000,0.000,0.000,1.000,0.000,14,0,0,0,14,0,14,0,1.0,0.0,0.0,1.0,1.0,0.0
"G[0,1]((FiO2 <= 0.000 & PaCO2 >= 0.000) | pH <= 0.000)
",9999999.000,9999999.000,0.000,1.000,0.000,14,0,0,0,14,0,14,0,1.0,0.0,0.0,1.0,1.0,0.0
"G[0,0](((EtCO2 >= 0.000 -> AST <= 0.000) -> Calcium <= 0.000) -> AST >= 0.000)
",0.000,0.000,0.000,1.000,0.000,14,0,0,0,14,0,14,0,1.0,0.0,0.0,1.0,1.0,0.0
"G[0,1]((FiO2 <= 0.000 | AST >= 0.000) & PaCO2 >= 0.000)
",9999999.000,9999999.000,0.000,1.000,0.000,14,0,0,0,14,0,14,0,1.0,0.0,0.0,1.0,1.0,0.0
"G[0,1](((Lactate <= 0.000 -> PTT <= 32.657) -> Bilirubin_direct <= 30.357) | Bilirubin_total >= 0.126)
",9999999.000,9999999.000,0.000,1.000,0.000,14,0,0,0,14,0,14,0,1.0,0.0,0.0,1.0,1.0,0.0
"G[0,1]((Potassium <= 0.723 | SepsisLabel <= 0.000) | Calcium <= 0.000)
",9999999.000,9999999.000,0.000,1.000,0.000,14,0,0,0,14,0,14,0,1.0,0.0,0.0,1.0,1.0,0.0
"G[1,1](((O2Sat >= 36.321 | Chloride >= 0.000) -> Bilirubin_total >= 0.000) | O2Sat >= 0.000)
",0.000,0.000,0.000,1.000,0.000,14,0,0,0,14,0,14,0,1.0,0.0,0.0,1.0,1.0,0.0
"G[0,0]((Potassium <= 1.796 & HCO3 >= 0.000) | Fibrinogen >= 0.000)
",0.000,0.000,0.000,1.000,0.000,14,0,0,0,14,0,14,0,1.0,0.0,0.0,1.0,1.0,0.0
"G[0,1]((Alkalinephos >= 0.000 | Chloride >= 0.000) -> SaO2 <= 0.000)
",9999999.000,9999999.000,0.000,1.000,0.000,14,0,0,0,14,0,14,0,1.0,0.0,0.0,1.0,1.0,0.0
"G[1,1](((Creatinine >= 0.019 | MAP <= 96.068) | Lactate <= 75.658) & Creatinine <= 50.902)
",50.902,50.902,0.000,1.000,0.000,14,0,0,0,14,0,14,0,1.0,0.0,0.0,1.0,1.0,0.0
"G[0,0](AST <= 0.000 -> Bilirubin_total <= 0.000)
",0.000,0.000,0.000,1.000,0.000,14,0,0,0,14,0,14,0,1.0,0.0,0.0,1.0,1.0,0.0
"G[1,1](Temp < 36.146 -> SepsisLabel = 0.000)
",-5087161600882415.000,-36.146,0.000,1.000,0.000,14,0,0,0,14,0,14,0,1.0,0.0,0.0,1.0,1.0,0.0
"G[0,1](Chloride >= 0.000 & HCO3 >= 0.000)
",9999999.000,9999999.000,0.000,1.000,0.000,14,0,0,0,14,0,14,0,1.0,0.0,0.0,1.0,1.0,0.0
"G[0,0](TroponinI > 0.000 -> SepsisLabel = 0.000)
",0.000,0.000,0.000,1.000,0.000,14,0,0,0,14,0,14,0,1.0,0.0,0.0,1.0,1.0,0.0
"G[0,1](Chloride >= 0.000 & HCO3 >= 0.000)
",9999999.000,9999999.000,0.000,1.000,0.000,14,0,0,0,14,0,14,0,1.0,0.0,0.0,1.0,1.0,0.0
"G[0,1](PaCO2 >= 0.000 -> SepsisLabel = 0.000)
",9999999.000,9999999.000,0.000,1.000,0.000,14,0,0,0,14,0,14,0,1.0,0.0,0.0,1.0,1.0,0.0
"G[1,1](FiO2 <= 0.000 -> SepsisLabel = 0.000)
",0.000,0.000,0.000,1.000,0.000,14,0,0,0,14,0,14,0,1.0,0.0,0.0,1.0,1.0,0.0
"G[0,1](Chloride >= 0.000 & HCO3 >= 0.000)
",9999999.000,9999999.000,0.000,1.000,0.000,14,0,0,0,14,0,14,0,1.0,0.0,0.0,1.0,1.0,0.0
"G[0,1](Chloride >= 0.000 & HCO3 >= 0.000)
",9999999.000,9999999.000,0.000,1.000,0.000,14,0,0,0,14,0,14,0,1.0,0.0,0.0,1.0,1.0,0.0
"G[1,1](WBC >= 0.306 -> SepsisLabel = 0.000)
",0.000,0.000,0.000,1.000,0.000,14,0,0,0,14,0,14,0,1.0,0.0,0.0,1.0,1.0,0.0
"G[0,1](Chloride >= 0.000 & HCO3 >= 0.000)
",9999999.000,9999999.000,0.000,1.000,0.000,14,0,0,0,14,0,14,0,1.0,0.0,0.0,1.0,1.0,0.0
"G[1,1](Chloride >= 0.000 & HCO3 >= 0.000)
",0.000,0.000,0.000,1.000,0.000,14,0,0,0,14,0,14,0,1.0,0.0,0.0,1.0,1.0,0.0
"G[0,1](BUN <= 3.441 -> SepsisLabel = 0.000)
",9999999.000,9999999.000,0.000,1.000,0.000,14,0,0,0,14,0,14,0,1.0,0.0,0.0,1.0,1.0,0.0
"G[1,1](TroponinI >= 0.000 & SepsisLabel = 0.000)
",0.000,0.000,0.000,1.000,0.000,14,0,0,0,14,0,14,0,1.0,0.0,0.0,1.0,1.0,0.0
"G[1,1](((Lactate <= 0.000 -> Bilirubin_direct <= 0.000) -> BaseExcess >= 0.000) & Creatinine <= 0.000)
",0.000,0.000,0.000,1.000,0.000,13,0,0,1,14,0,13,1,0.9285714285714286,0.0,0.0,1.0,0.9285714285714286,0.0714285714285714
"G[1,1](((O2Sat >= 54.198 & PTT >= 1.059) & BUN <= 10.078) -> Hgb <= 2.366)
",-2.366,-2.366,0.000,1.000,0.000,13,0,0,1,14,0,13,1,0.9285714285714286,0.0,0.0,1.0,0.9285714285714286,0.0714285714285714
"G[0,1](Hct <= 18.305 & BUN <= 1.926)
",9999999.000,9999999.000,0.000,1.000,0.000,13,0,0,1,14,0,13,1,0.9285714285714286,0.0,0.0,1.0,0.9285714285714286,0.0714285714285714
"G[0,1]((MAP >= 13.812 & MAP >= 44.513) -> Glucose <= 95.964)
",9999999.000,9999999.000,0.000,1.000,0.000,13,0,0,1,14,0,13,1,0.9285714285714286,0.0,0.0,1.0,0.9285714285714286,0.0714285714285714
"G[0,1](Hgb >= 0.370 -> MAP <= 80.348)
",9999999.000,9999999.000,0.000,1.000,0.000,13,0,0,1,14,0,13,1,0.9285714285714286,0.0,0.0,1.0,0.9285714285714286,0.0714285714285714
"G[0,1](Hct <= 44.579 & SepsisLabel = 0.000)
",9999999.000,9999999.000,0.000,1.000,0.000,13,0,0,1,14,0,13,1,0.9285714285714286,0.0,0.0,1.0,0.9285714285714286,0.0714285714285714
"G[1,1](Platelets <= 148.684 | PTT <= 27.736)
",148.684,148.684,0.000,1.000,0.000,13,0,0,1,14,0,13,1,0.9285714285714286,0.0,0.0,1.0,0.9285714285714286,0.0714285714285714
"G[0,1](Hgb <= 3.539 | PTT <= 5.268)
",9999999.000,9999999.000,0.000,1.000,0.000,13,0,0,1,14,0,13,1,0.9285714285714286,0.0,0.0,1.0,0.9285714285714286,0.0714285714285714
"G[0,0](Magnesium <= 0.000 & Resp >= 4.052)
",-1.155,-2.315,0.000,1.000,0.000,12,0,0,2,14,0,12,2,0.8571428571428571,0.0,0.0,1.0,0.8571428571428571,0.1428571428571429
"G[0,0](Bilirubin_direct >= 0.000 & SBP >= 30.980)
",-1.342,-19.916,0.000,1.000,0.000,12,0,0,2,14,0,12,2,0.8571428571428571,0.0,0.0,1.0,0.8571428571428571,0.1428571428571429
"G[0,0]((Temp >= 3.721 & Magnesium <= 0.000) & SaO2 <= 0.000)
",-0.866,-1.595,0.000,1.000,0.000,9,0,0,5,14,0,9,5,0.6428571428571429,0.0,0.0,1.0,0.6428571428571429,0.3571428571428571
"G[1,1]((O2Sat >= 15.309 -> Temp >= 8.652) | Chloride >= 3.683)
",4870641585807870.000,8.652,0.000,1.000,0.000,9,0,0,5,14,0,9,5,0.6428571428571429,0.0,0.0,1.0,0.6428571428571429,0.3571428571428571
"G[1,1](((AST <= 0.000 & HR >= 47.234) | Temp >= 44.415) & Phosphate <= 62.610)
",-44.415,-44.415,0.000,1.000,0.000,6,0,0,8,14,0,6,8,0.42857142857142855,0.0,0.0,1.0,0.42857142857142855,0.5714285714285714
"G[1,1](Calcium <= 2.314 -> O2Sat >= 29.180)
",-2.314,-2.314,0.000,1.000,0.000,6,0,0,8,14,0,6,8,0.42857142857142855,0.0,0.0,1.0,0.42857142857142855,0.5714285714285714
"G[0,1](((Hct <= 34.672 -> WBC >= 0.029) & Alkalinephos <= 8.987) | O2Sat >= 0.013)
",9999999.000,9999999.000,0.000,1.000,0.000,5,0,0,9,14,0,5,9,0.35714285714285715,0.0,0.0,1.0,0.35714285714285715,0.6428571428571428
"G[0,1](Potassium <= 1.450 -> Temp <= 34.373)
",9999999.000,9999999.000,0.000,1.000,0.000,5,0,0,9,14,0,5,9,0.35714285714285715,0.0,0.0,1.0,0.35714285714285715,0.6428571428571428
"G[0,1]((TroponinI <= 0.000 | Potassium >= 0.010) -> Temp <= 0.563)
",9999999.000,9999999.000,0.000,1.000,0.000,4,0,0,10,14,0,4,10,0.2857142857142857,0.0,0.0,1.0,0.2857142857142857,0.7142857142857143
"G[0,1](Resp >= 0.136 & Calcium <= 2.113)
",9999999.000,9999999.000,0.000,1.000,0.000,3,0,0,11,14,0,3,11,0.21428571428571427,0.0,0.0,1.0,0.21428571428571427,0.7857142857142857
"G[1,1]((EtCO2 <= 0.000 & SBP >= 48.526) & Hgb <= 92.610)
",-6829444951542591.000,-48.526,0.000,1.000,0.000,3,0,0,11,14,0,3,11,0.21428571428571427,0.0,0.0,1.0,0.21428571428571427,0.7857142857142857
"G[0,1](((BUN >= 0.105 -> Glucose >= 3.297) -> DBP >= 2.915) | Bilirubin_total >= 1.999)
",9999999.000,9999999.000,0.000,1.000,0.000,2,0,0,12,14,0,2,12,0.14285714285714285,0.0,0.0,1.0,0.14285714285714285,0.8571428571428572
"G[0,1]((Calcium <= 1.718 -> SBP >= 3.825) & Hct <= 119.850)
",9999999.000,9999999.000,0.000,1.000,0.000,2,0,0,12,14,0,2,12,0.14285714285714285,0.0,0.0,1.0,0.14285714285714285,0.8571428571428572
"G[0,1](SBP >= 24.930 & SepsisLabel <= 0.000)
",9999999.000,9999999.000,0.000,1.000,0.000,2,0,0,12,14,0,2,12,0.14285714285714285,0.0,0.0,1.0,0.14285714285714285,0.8571428571428572
"G[1,1](((Hgb <= 16.720 | Hct <= 19.011) -> WBC >= 0.245) & Platelets >= 6.130)
",-5351220110307417.000,-19.011,0.000,1.000,0.000,1,0,0,13,14,0,1,13,0.07142857142857142,0.0,0.0,1.0,0.07142857142857142,0.9285714285714286
"G[1,1](Platelets <= 160.678 -> WBC >= 0.245)
",-5653370927284350.000,-160.678,0.000,1.000,0.000,1,0,0,13,14,0,1,13,0.07142857142857142,0.0,0.0,1.0,0.07142857142857142,0.9285714285714286
"G[1,1](Platelets <= 105.545 -> WBC >= 0.291)
",-105.545,-105.545,0.000,1.000,0.000,1,0,0,13,14,0,1,13,0.07142857142857142,0.0,0.0,1.0,0.07142857142857142,0.9285714285714286
"G[0,1](((Resp >= 8.481 & SaO2 >= 0.000) -> WBC >= 0.000) & MAP <= 0.000)
",9999999.000,9999999.000,0.000,1.000,0.000,1,0,0,13,14,0,1,13,0.07142857142857142,0.0,0.0,1.0,0.07142857142857142,0.9285714285714286
"G[0,1]((BUN >= 0.274 | Lactate >= 0.000) -> Resp <= 0.000)
",9999999.000,9999999.000,0.000,1.000,0.000,1,0,0,13,14,0,1,13,0.07142857142857142,0.0,0.0,1.0,0.07142857142857142,0.9285714285714286
"G[1,1](Platelets <= 88.955 -> WBC >= 0.012)
",-88.955,-88.955,0.000,1.000,0.000,1,0,0,13,14,0,1,13,0.07142857142857142,0.0,0.0,1.0,0.07142857142857142,0.9285714285714286
"G[1,1](Creatinine >= 0.016 & Resp >= 0.783)
",-7056864714875105.000,-0.783,0.000,1.000,0.000,1,0,0,13,14,0,1,13,0.07142857142857142,0.0,0.0,1.0,0.07142857142857142,0.9285714285714286
"G[1,1](((TroponinI >= 0.000 | WBC >= 0.058) & Lactate <= 4.002) & Temp >= 0.307)
",-0.307,-0.307,0.000,1.000,0.000,1,0,0,13,14,0,1,13,0.07142857142857142,0.0,0.0,1.0,0.07142857142857142,0.9285714285714286
"G[0,1](((Creatinine >= 0.007 & Hct >= 0.458) | DBP <= 18.661) | SBP <= 12.997)
",9999999.000,9999999.000,0.000,1.000,0.000,1,0,0,13,14,0,1,13,0.07142857142857142,0.0,0.0,1.0,0.07142857142857142,0.9285714285714286
"G[0,1](Platelets <= 166.860 -> WBC >= 0.205)
",9999999.000,9999999.000,0.000,1.000,0.000,0,0,0,14,14,0,0,14,0.0,0.0,0.0,0.0,0.0,1.0
"G[1,2](((PTT >= 0.532 & PaCO2 >= 0.000) | EtCO2 <= 0.000) -> Fibrinogen >= 0.000)
",9999999.000,9999999.000,0.000,1.000,0.000,0,0,14,0,0,14,14,0,0.0,0.0,1.0,0.0,0.0,1.0
"G[1,2](((Phosphate >= 0.000 -> WBC <= 1.129) | Chloride >= 0.363) -> EtCO2 <= 5.875)
",9999999.000,9999999.000,0.000,1.000,0.000,0,0,14,0,0,14,14,0,0.0,0.0,1.0,0.0,0.0,1.0
"G[0,1](((Hgb <= 3.969 | Hct <= 21.196) -> WBC >= 0.044) & Platelets >= 1.446)
",9999999.000,9999999.000,0.000,1.000,0.000,0,0,0,14,14,0,0,14,0.0,0.0,0.0,0.0,0.0,1.0
"G[1,2]((PaCO2 >= 0.000 & Glucose <= 18.003) & AST >= 3.953)
",9999999.000,9999999.000,0.000,1.000,0.000,0,0,0,14,14,0,0,14,0.0,0.0,0.0,0.0,0.0,1.0
"G[0,2]((BaseExcess >= 0.000 -> Glucose >= 4.063) & Alkalinephos >= 0.084)
",9999999.000,9999999.000,0.000,1.000,0.000,0,0,0,14,14,0,0,14,0.0,0.0,0.0,0.0,0.0,1.0
"G[2,2](Platelets <= 78.210 -> WBC >= 0.340)
",-78.210,-78.210,0.000,1.000,0.000,0,0,14,0,0,14,14,0,0.0,0.0,1.0,0.0,0.0,1.0
"G[0,1](BUN <= 3.704 & Creatinine >= 0.004)
",9999999.000,9999999.000,0.000,1.000,0.000,0,0,0,14,14,0,0,14,0.0,0.0,0.0,0.0,0.0,1.0
"G[0,2](((Alkalinephos <= 0.000 & MAP >= 36.049) | Alkalinephos >= 6.872) & Alkalinephos >= 28.229)
",9999999.000,9999999.000,0.000,1.000,0.000,0,0,0,14,14,0,0,14,0.0,0.0,0.0,0.0,0.0,1.0
"G[2,2](Glucose >= 1.922 -> AST <= 0.000)
",0.000,0.000,0.000,1.000,0.000,0,0,14,0,0,14,14,0,0.0,0.0,1.0,0.0,0.0,1.0
"G[0,0](((Resp <= 19.709 -> Creatinine <= 0.087) | Hct <= 0.268) -> Hgb >= 0.001)
",-0.268,-0.268,0.000,1.000,0.000,0,0,0,14,14,0,0,14,0.0,0.0,0.0,0.0,0.0,1.0
"G[2,2]((SBP <= 104.115 -> Resp >= 3.742) -> Hgb <= 17.133)
",-4822449109006910.000,-17.133,0.000,1.000,0.000,0,0,14,0,0,14,14,0,0.0,0.0,1.0,0.0,0.0,1.0
"G[1,2]((Hct >= 1.632 -> SBP >= 20.588) & PTT <= 62.392)
",9999999.000,9999999.000,0.000,1.000,0.000,0,0,14,0,0,14,14,0,0.0,0.0,1.0,0.0,0.0,1.0
"G[0,2](((Alkalinephos >= 0.000 -> HCO3 >= 0.000) & Lactate <= 0.000) | Alkalinephos >= 0.000)
",9999999.000,9999999.000,0.000,1.000,0.000,0,0,14,0,0,14,14,0,0.0,0.0,1.0,0.0,0.0,1.0
"G[2,2](HCO3 >= 0.000 | Calcium >= 0.109)
",0.000,0.000,0.000,1.000,0.000,0,0,14,0,0,14,14,0,0.0,0.0,1.0,0.0,0.0,1.0
"G[1,2](Chloride >= 0.000 & HCO3 >= 0.000)
",9999999.000,9999999.000,0.000,1.000,0.000,0,0,14,0,0,14,14,0,0.0,0.0,1.0,0.0,0.0,1.0
"G[0,2](((FiO2 <= 0.000 | Creatinine <= 0.462) | Alkalinephos <= 0.405) -> O2Sat >= 0.008)
",9999999.000,9999999.000,0.000,1.000,0.000,0,0,5,9,9,5,5,9,0.0,0.0,1.0,0.0,0.0,1.0
"G[1,2](PaCO2 >= 0.000 | MAP >= 36.529)
",9999999.000,9999999.000,0.000,1.000,0.000,0,0,14,0,0,14,14,0,0.0,0.0,1.0,0.0,0.0,1.0
"G[0,2]((FiO2 >= 0.000 -> Temp >= 7.054) -> Phosphate <= 16.206)
",9999999.000,9999999.000,0.000,1.000,0.000,0,0,14,0,0,14,14,0,0.0,0.0,1.0,0.0,0.0,1.0
"G[0,2]((Calcium <= 7.133 | WBC >= 0.190) & SBP <= 3.586)
",9999999.000,9999999.000,0.000,1.000,0.000,0,0,1,13,13,1,1,13,0.0,0.0,1.0,0.0,0.0,1.0
"G[1,2](((SaO2 <= 0.000 | Glucose <= 98.725) & Phosphate <= 105.091) | SepsisLabel <= 109.077)
",9999999.000,9999999.000,0.000,1.000,0.000,0,0,14,0,0,14,14,0,0.0,0.0,1.0,0.0,0.0,1.0
"G[0,2](O2Sat >= 49.863 -> PaCO2 >= 0.000)
",9999999.000,9999999.000,0.000,1.000,0.000,0,0,14,0,0,14,14,0,0.0,0.0,1.0,0.0,0.0,1.0
"G[2,2](((DBP >= 32.243 & EtCO2 <= 0.000) & FiO2 >= 0.000) | BaseExcess >= 0.000)
",0.000,0.000,0.000,1.000,0.000,0,0,14,0,0,14,14,0,0.0,0.0,1.0,0.0,0.0,1.0
"G[0,0](BUN <= 4.257 & Creatinine >= 0.022)
",-6480657098149105.000,-0.022,0.000,1.000,0.000,0,0,0,14,14,0,0,14,0.0,0.0,0.0,0.0,0.0,1.0
"G[1,2](((Magnesium >= 0.000 & Temp <= 36.711) | Phosphate >= 2.472) | SaO2 >= 1.022)
",9999999.000,9999999.000,0.000,1.000,0.000,0,0,14,0,0,14,14,0,0.0,0.0,1.0,0.0,0.0,1.0
"G[0,2](((pH >= 0.000 -> DBP >= 15.996) | Creatinine <= 66.654) -> Resp >= 3.837)
",9999999.000,9999999.000,0.000,1.000,0.000,0,0,4,10,10,4,4,10,0.0,0.0,1.0,0.0,0.0,1.0
"G[1,2](((Hgb <= 14.652 | Hct <= 3.687) -> WBC >= 0.230) & Platelets >= 1.475)
",9999999.000,9999999.000,0.000,1.000,0.000,0,0,1,13,13,1,1,13,0.0,0.0,1.0,0.0,0.0,1.0
"G[1,2]((pH <= 0.000 -> SepsisLabel >= 0.000) & WBC >= 0.000)
",9999999.000,9999999.000,0.000,1.000,0.000,0,0,14,0,0,14,14,0,0.0,0.0,1.0,0.0,0.0,1.0
"G[0,2](((Hct >= 1.223 | BaseExcess >= 0.000) -> DBP <= 0.000) & HCO3 >= 0.000)
",9999999.000,9999999.000,0.000,1.000,0.000,0,0,1,13,13,1,1,13,0.0,0.0,1.0,0.0,0.0,1.0
"G[0,2](Platelets <= 145.743 -> WBC >= 0.036)
",9999999.000,9999999.000,0.000,1.000,0.000,0,0,0,14,14,0,0,14,0.0,0.0,0.0,0.0,0.0,1.0
"G[0,2]((PaCO2 >= 0.000 & SaO2 <= 0.000) & Lactate >= 0.000)
",9999999.000,9999999.000,0.000,1.000,0.000,0,0,14,0,0,14,14,0,0.0,0.0,1.0,0.0,0.0,1.0
"G[1,2](((Lactate <= 0.000 & Platelets <= 134.419) | Bilirubin_total <= 58.512) | Platelets <= 36.762)
",9999999.000,9999999.000,0.000,1.000,0.000,0,0,14,0,0,14,14,0,0.0,0.0,1.0,0.0,0.0,1.0
"G[2,2](((Platelets >= 0.187 & SaO2 <= 0.000) & Lactate <= 0.000) -> Lactate >= 0.000)
",0.000,0.000,0.000,1.000,0.000,0,0,14,0,0,14,14,0,0.0,0.0,1.0,0.0,0.0,1.0
"G[1,2]((Glucose >= 0.675 -> Hct <= 2.608) | AST >= 1.152)
",9999999.000,9999999.000,0.000,1.000,0.000,0,0,13,1,1,13,13,1,0.0,0.0,1.0,0.0,0.0,1.0
"G[1,2](((BaseExcess >= 0.000 -> Hct >= 0.713) | HCO3 <= 44.298) | WBC >= 1.236)
",9999999.000,9999999.000,0.000,1.000,0.000,0,0,14,0,0,14,14,0,0.0,0.0,1.0,0.0,0.0,1.0
"G[0,2](BUN <= 2.638 & Creatinine >= 0.008)
",9999999.000,9999999.000,0.000,1.000,0.000,0,0,0,14,14,0,0,14,0.0,0.0,0.0,0.0,0.0,1.0
"G[0,1](((Hgb <= 2.892 | Hct <= 11.279) -> WBC >= 0.251) & Platelets >= 6.177)
",9999999.000,9999999.000,0.000,1.000,0.000,0,0,0,14,14,0,0,14,0.0,0.0,0.0,0.0,0.0,1.0
"G[0,2](Resp <= 30.926 & HCO3 >= 0.000)
",9999999.000,9999999.000,0.000,1.000,0.000,0,0,12,2,2,12,12,2,0.0,0.0,1.0,0.0,0.0,1.0
"G[0,2](Potassium >= 0.042 | Resp >= 5.572)
",9999999.000,9999999.000,0.000,1.000,0.000,0,0,4,10,10,4,4,10,0.0,0.0,1.0,0.0,0.0,1.0
"G[0,2](((Glucose >= 3.903 | Creatinine <= 0.365) | PaCO2 >= 0.019) | Creatinine >= 0.015)
",9999999.000,9999999.000,0.000,1.000,0.000,0,0,14,0,0,14,14,0,0.0,0.0,1.0,0.0,0.0,1.0
"G[0,1](WBC >= 0.335 & DBP <= 42.898)
",9999999.000,9999999.000,0.000,1.000,0.000,0,0,0,14,14,0,0,14,0.0,0.0,0.0,0.0,0.0,1.0
"G[1,2](Platelets >= 4.423 -> TroponinI <= 0.000)
",9999999.000,9999999.000,0.000,1.000,0.000,0,0,14,0,0,14,14,0,0.0,0.0,1.0,0.0,0.0,1.0
"G[0,2]((Platelets <= 139.404 | Creatinine <= 0.150) -> Alkalinephos <= 0.255)
",9999999.000,9999999.000,0.000,1.000,0.000,0,0,14,0,0,14,14,0,0.0,0.0,1.0,0.0,0.0,1.0
"G[1,2]((Magnesium >= 0.000 | Creatinine <= 0.114) -> Creatinine <= 0.529)
",9999999.000,9999999.000,0.000,1.000,0.000,0,0,13,1,1,13,13,1,0.0,0.0,1.0,0.0,0.0,1.0
"G[2,2](Chloride >= 0.000 & HCO3 >= 0.000)
",0.000,0.000,0.000,1.000,0.000,0,0,14,0,0,14,14,0,0.0,0.0,1.0,0.0,0.0,1.0
"G[1,2](((Lactate <= 0.000 & pH <= 0.000) & pH >= 0.000) -> PaCO2 <= 0.000)
",9999999.000,9999999.000,0.000,1.000,0.000,0,0,14,0,0,14,14,0,0.0,0.0,1.0,0.0,0.0,1.0
"G[0,2]((Bilirubin_total <= 0.000 & DBP <= 85.259) | Hgb <= 72.971)
",9999999.000,9999999.000,0.000,1.000,0.000,0,0,14,0,0,14,14,0,0.0,0.0,1.0,0.0,0.0,1.0
"G[1,2](BUN <= 3.085 & Creatinine >= 0.007)
",9999999.000,9999999.000,0.000,1.000,0.000,0,0,0,14,14,0,0,14,0.0,0.0,0.0,0.0,0.0,1.0
"G[1,2]((EtCO2 <= 0.000 -> SBP >= 14.794) | SBP <= 62.955)
",9999999.000,9999999.000,0.000,1.000,0.000,0,0,14,0,0,14,14,0,0.0,0.0,1.0,0.0,0.0,1.0
"G[0,1]((Creatinine >= 0.001 & Lactate <= 0.000) & Hct <= 0.000)
",9999999.000,9999999.000,0.000,1.000,0.000,0,0,0,14,14,0,0,14,0.0,0.0,0.0,0.0,0.0,1.0
"G[2,2](((Glucose <= 9.396 | Temp <= 33.958) & Hgb <= 33.778) | SepsisLabel >= 2.212)
",4753858071034695.000,33.778,0.000,1.000,0.000,0,0,14,0,0,14,14,0,0.0,0.0,1.0,0.0,0.0,1.0
"G[1,2]((Hgb >= 0.606 & Bilirubin_total <= 0.000) -> WBC <= 0.000)
",9999999.000,9999999.000,0.000,1.000,0.000,0,0,13,1,1,13,13,1,0.0,0.0,1.0,0.0,0.0,1.0
"G[2,2](((Hgb <= 11.370 | Hct <= 11.447) -> WBC >= 0.113) & Platelets >= 0.027)
",-6444274739140689.000,-11.447,0.000,1.000,0.000,0,0,14,0,0,14,14,0,0.0,0.0,1.0,0.0,0.0,1.0
"G[0,2](((Potassium <= 2.512 -> Hgb >= 0.507) -> Hct >= 0.292) -> PTT >= 0.147)
",9999999.000,9999999.000,0.000,1.000,0.000,0,0,0,14,14,0,0,14,0.0,0.0,0.0,0.0,0.0,1.0
"G[1,2]((pH <= 0.000 -> Magnesium >= 0.000) -> Magnesium >= 0.000)
",9999999.000,9999999.000,0.000,1.000,0.000,0,0,14,0,0,14,14,0,0.0,0.0,1.0,0.0,0.0,1.0
"G[0,2](EtCO2 >= 0.000 -> O2Sat <= 73.999)
",9999999.000,9999999.000,0.000,1.000,0.000,0,0,1,13,13,1,1,13,0.0,0.0,1.0,0.0,0.0,1.0
"G[0,2](((AST >= 0.000 & Glucose <= 111.822) | Calcium >= 4.027) -> Chloride >= 3.866)
",9999999.000,9999999.000,0.000,1.000,0.000,0,0,0,14,14,0,0,14,0.0,0.0,0.0,0.0,0.0,1.0
"G[0,2](Platelets <= 99.825 -> WBC >= 0.056)
",9999999.000,9999999.000,0.000,1.000,0.000,0,0,0,14,14,0,0,14,0.0,0.0,0.0,0.0,0.0,1.0
"G[0,2](((O2Sat >= 58.140 | Chloride >= 0.000) -> HCO3 <= 0.000) & PTT <= 0.000)
",9999999.000,9999999.000,0.000,1.000,0.000,0,0,13,1,1,13,13,1,0.0,0.0,1.0,0.0,0.0,1.0
"G[2,2](((WBC <= 9.705 -> HCO3 >= 0.000) & Resp <= 0.000) & Resp <= 0.000)
",-5463453278556945.000,-9.705,0.000,1.000,0.000,0,0,14,0,0,14,14,0,0.0,0.0,1.0,0.0,0.0,1.0
"G[0,2](((Platelets >= 0.566 & HCO3 >= 0.000) & Lactate <= 0.000) & Lactate >= 0.000)
",9999999.000,9999999.000,0.000,1.000,0.000,0,0,0,14,14,0,0,14,0.0,0.0,0.0,0.0,0.0,1.0
"G[0,1](BUN <= 5.223 & Creatinine >= 0.004)
",9999999.000,9999999.000,0.000,1.000,0.000,0,0,0,14,14,0,0,14,0.0,0.0,0.0,0.0,0.0,1.0
"G[0,1](((Hgb <= 17.068 | Hct <= 16.078) -> WBC >= 0.202) & Platelets >= 2.716)
",9999999.000,9999999.000,0.000,1.000,0.000,0,0,0,14,14,0,0,14,0.0,0.0,0.0,0.0,0.0,1.0
"G[1,1]((SBP >= 25.262 & O2Sat <= 69.678) & TroponinI >= 57.928)
",-8152660382961537.000,-57.928,0.000,1.000,0.000,0,0,0,14,14,0,0,14,0.0,0.0,0.0,0.0,0.0,1.0
"G[0,2]((SBP <= 102.756 & HR >= 29.247) -> O2Sat >= 35.205)
",9999999.000,9999999.000,0.000,1.000,0.000,0,0,14,0,0,14,14,0,0.0,0.0,1.0,0.0,0.0,1.0
"G[0,2](Creatinine <= 0.344 & SepsisLabel >= 0.000)
",9999999.000,9999999.000,0.000,1.000,0.000,0,0,13,1,1,13,13,1,0.0,0.0,1.0,0.0,0.0,1.0
"G[0,2](((Glucose >= 4.174 & SaO2 <= 0.000) | SBP >= 0.000) & SepsisLabel <= 0.000)
",9999999.000,9999999.000,0.000,1.000,0.000,0,0,14,0,0,14,14,0,0.0,0.0,1.0,0.0,0.0,1.0
"G[1,2](((Hct <= 9.766 -> Potassium <= 2.991) & FiO2 >= 0.034) & TroponinI >= 0.028)
",9999999.000,9999999.000,0.000,1.000,0.000,0,0,0,14,14,0,0,14,0.0,0.0,0.0,0.0,0.0,1.0
"G[1,2](BUN <= 0.434 & Creatinine >= 0.016)
",9999999.000,9999999.000,0.000,1.000,0.000,0,0,0,14,14,0,0,14,0.0,0.0,0.0,0.0,0.0,1.0
"G[2,2](((Hgb <= 14.688 | Hct <= 17.708) -> WBC >= 0.207) & Platelets >= 1.502)
",-17.708,-17.708,0.000,1.000,0.000,0,0,14,0,0,14,14,0,0.0,0.0,1.0,0.0,0.0,1.0
"G[1,2](((Bilirubin_total <= 0.000 & Resp >= 2.126) & O2Sat >= 4.761) & Alkalinephos >= 9.482)
",9999999.000,9999999.000,0.000,1.000,0.000,0,0,0,14,14,0,0,14,0.0,0.0,0.0,0.0,0.0,1.0
"G[0,2](((PTT >= 0.537 | SepsisLabel >= 0.000) -> Potassium <= 0.000) -> Alkalinephos <= 0.000)
",9999999.000,9999999.000,0.000,1.000,0.000,0,0,14,0,0,14,14,0,0.0,0.0,1.0,0.0,0.0,1.0
"G[0,2](((pH >= 0.000 & Potassium >= 0.070) & Lactate <= 3.143) | Lactate >= 0.095)
",9999999.000,9999999.000,0.000,1.000,0.000,0,0,0,14,14,0,0,14,0.0,0.0,0.0,0.0,0.0,1.0
"G[0,1]((Alkalinephos >= 0.000 -> Temp >= 5.462) | Bilirubin_total >= 5.744)
",9999999.000,9999999.000,0.000,1.000,0.000,0,0,0,14,14,0,0,14,0.0,0.0,0.0,0.0,0.0,1.0
"G[1,2](((BaseExcess <= 0.000 -> O2Sat <= 85.921) & DBP >= 54.635) & Hct <= 66.751)
",9999999.000,9999999.000,0.000,1.000,0.000,0,0,0,14,14,0,0,14,0.0,0.0,0.0,0.0,0.0,1.0
"G[0,2](SaO2 <= 0.000 -> DBP >= 35.037)
",9999999.000,9999999.000,0.000,1.000,0.000,0,0,2,12,12,2,2,12,0.0,0.0,1.0,0.0,0.0,1.0
"G[0,1](Platelets <= 145.126 -> WBC >= 0.195)
",9999999.000,9999999.000,0.000,1.000,0.000,0,0,0,14,14,0,0,14,0.0,0.0,0.0,0.0,0.0,1.0
"G[0,2](((Creatinine <= 0.476 | WBC >= 0.030) -> Fibrinogen >= 0.131) | Temp <= 1.877)
",9999999.000,9999999.000,0.000,1.000,0.000,0,0,4,10,10,4,4,10,0.0,0.0,1.0,0.0,0.0,1.0
"G[0,0](BUN <= 5.268 & Creatinine >= 0.015)
",-4376400661560685.500,-0.015,0.000,1.000,0.000,0,0,0,14,14,0,0,14,0.0,0.0,0.0,0.0,0.0,1.0
"G[1,2](((Hgb <= 5.556 | Hct <= 47.455) -> WBC >= 0.040) & Platelets >= 1.575)
",9999999.000,9999999.000,0.000,1.000,0.000,0,0,1,13,13,1,1,13,0.0,0.0,1.0,0.0,0.0,1.0
"G[1,2](((Calcium <= 5.217 | PTT >= 0.592) -> Creatinine <= 7.099) | AST >= 0.663)
",9999999.000,9999999.000,0.000,1.000,0.000,0,0,14,0,0,14,14,0,0.0,0.0,1.0,0.0,0.0,1.0
"G[1,2](BUN <= 2.608 & Creatinine >= 0.019)
",9999999.000,9999999.000,0.000,1.000,0.000,0,0,0,14,14,0,0,14,0.0,0.0,0.0,0.0,0.0,1.0
"G[0,2](((Glucose >= 3.294 | WBC <= 6.788) & TroponinI <= 3.414) & PTT <= 3.220)
",9999999.000,9999999.000,0.000,1.000,0.000,0,0,13,1,1,13,13,1,0.0,0.0,1.0,0.0,0.0,1.0
"G[0,2]((Calcium >= 0.142 | Hgb <= 3.890) | HCO3 >= 0.343)
",9999999.000,9999999.000,0.000,1.000,0.000,0,0,14,0,0,14,14,0,0.0,0.0,1.0,0.0,0.0,1.0
"G[2,2](((BUN <= 8.745 & DBP >= 17.049) & Creatinine <= 48.426) | PaCO2 <= 54.893)
",3862728733074805.500,54.893,0.000,1.000,0.000,0,0,14,0,0,14,14,0,0.0,0.0,1.0,0.0,0.0,1.0
"G[0,0](Potassium > 0.027 & SepsisLabel = 0.000)
",-7883666034918863.000,-0.027,0.000,1.000,0.000,0,0,0,14,14,0,0,14,0.0,0.0,0.0,0.0,0.0,1.0
"G[1,2]((Hgb >= 0.022 -> O2Sat >= 4.182) | Alkalinephos <= 78.763)
",9999999.000,9999999.000,0.000,1.000,0.000,0,0,14,0,0,14,14,0,0.0,0.0,1.0,0.0,0.0,1.0
"G[0,2](((O2Sat <= 65.283 & Platelets >= 0.529) -> TroponinI <= 160.463) | Magnesium >= 0.603)
",9999999.000,9999999.000,0.000,1.000,0.000,0,0,14,0,0,14,14,0,0.0,0.0,1.0,0.0,0.0,1.0
"G[1,2](WBC < 1.241 -> SepsisLabel = 0.000)
",9999999.000,9999999.000,0.000,1.000,0.000,0,0,14,0,0,14,14,0,0.0,0.0,1.0,0.0,0.0,1.0
"G[0,2]((TroponinI >= 0.000 & PaCO2 >= 0.000) & Platelets <= 0.000)
",9999999.000,9999999.000,0.000,1.000,0.000,0,0,13,1,1,13,13,1,0.0,0.0,1.0,0.0,0.0,1.0
"G[1,2](TroponinI >= 0.000 & Chloride >= 0.000)
",9999999.000,9999999.000,0.000,1.000,0.000,0,0,14,0,0,14,14,0,0.0,0.0,1.0,0.0,0.0,1.0
"G[2,2](Creatinine >= 0.022 | Creatinine <= 0.505)
",0.505,0.505,0.000,1.000,0.000,0,0,14,0,0,14,14,0,0.0,0.0,1.0,0.0,0.0,1.0
"G[1,2](MAP <= 51.599 & AST >= 0.000)
",9999999.000,9999999.000,0.000,1.000,0.000,0,0,11,3,3,11,11,3,0.0,0.0,1.0,0.0,0.0,1.0
"G[0,2](BUN >= 0.230 & Bilirubin_total <= 0.000)
",9999999.000,9999999.000,0.000,1.000,0.000,0,0,0,14,14,0,0,14,0.0,0.0,0.0,0.0,0.0,1.0
"G[0,2](Hgb < 14.746 & SepsisLabel = 0.000)
",9999999.000,9999999.000,0.000,1.000,0.000,0,0,13,1,1,13,13,1,0.0,0.0,1.0,0.0,0.0,1.0
"G[1,2](((SaO2 >= 0.000 | Potassium >= 0.010) & Platelets <= 1.957) | Bilirubin_total >= 0.065)
",9999999.000,9999999.000,0.000,1.000,0.000,0,0,13,1,1,13,13,1,0.0,0.0,1.0,0.0,0.0,1.0
"G[1,2](AST <= 0.000 & Hgb <= 12.076)
",9999999.000,9999999.000,0.000,1.000,0.000,0,0,13,1,1,13,13,1,0.0,0.0,1.0,0.0,0.0,1.0
"G[1,2](Magnesium <= 0.000 & SepsisLabel = 0.000)
",9999999.000,9999999.000,0.000,1.000,0.000,0,0,14,0,0,14,14,0,0.0,0.0,1.0,0.0,0.0,1.0
"G[1,2]((Temp <= 22.283 | Alkalinephos <= 0.000) -> BUN <= 0.000)
",9999999.000,9999999.000,0.000,1.000,0.000,0,0,13,1,1,13,13,1,0.0,0.0,1.0,0.0,0.0,1.0
"G[0,0](((Bilirubin_direct <= 0.000 & WBC <= 2.714) -> Creatinine >= 0.237) & MAP <= 0.835)
",-0.859,-47.749,0.000,1.000,0.000,0,0,0,14,14,0,0,14,0.0,0.0,0.0,0.0,0.0,1.0
"G[0,2]((HCO3 <= 0.000 & pH <= 0.000) | Resp <= 0.000)
",9999999.000,9999999.000,0.000,1.000,0.000,0,0,14,0,0,14,14,0,0.0,0.0,1.0,0.0,0.0,1.0
"G[0,1](((Fibrinogen <= 0.000 & SBP <= 93.552) & PaCO2 <= 101.401) & Glucose >= 57.085)
",9999999.000,9999999.000,0.000,1.000,0.000,0,0,0,14,14,0,0,14,0.0,0.0,0.0,0.0,0.0,1.0
"G[0,0](((WBC >= 0.064 & Calcium >= 0.308) & SepsisLabel <= 7.339) & Bilirubin_total >= 0.226)
",-5539916355223327.000,-0.308,0.000,1.000,0.000,0,0,0,14,14,0,0,14,0.0,0.0,0.0,0.0,0.0,1.0
"G[0,2](WBC <= 9.783 -> BUN <= 7.668)
",9999999.000,9999999.000,0.000,1.000,0.000,0,0,14,0,0,14,14,0,0.0,0.0,1.0,0.0,0.0,1.0
"G[1,2]((Calcium <= 3.267 & DBP <= 52.334) -> MAP >= 11.470)
",9999999.000,9999999.000,0.000,1.000,0.000,0,0,3,11,11,3,3,11,0.0,0.0,1.0,0.0,0.0,1.0
"G[1,1]((BUN <= 5.084 & HR >= 39.695) & Fibrinogen >= 48.887)
",-6880284210348550.000,-48.887,0.000,1.000,0.000,0,0,0,14,14,0,0,14,0.0,0.0,0.0,0.0,0.0,1.0
"G[0,2](((DBP <= 54.365 & BaseExcess >= 0.000) -> Lactate >= 0.000) & BUN >= 0.000)
",9999999.000,9999999.000,0.000,1.000,0.000,0,0,14,0,0,14,14,0,0.0,0.0,1.0,0.0,0.0,1.0
"G[2,2]((HR >= 54.030 & Potassium <= 3.360) -> Bilirubin_direct <= 2.961)
",-6666909664144577.000,-2.961,0.000,1.000,0.000,0,0,14,0,0,14,14,0,0.0,0.0,1.0,0.0,0.0,1.0
"G[0,2]((Glucose >= 1.364 -> Hct >= 1.597) & SaO2 >= 0.197)
",9999999.000,9999999.000,0.000,1.000,0.000,0,0,0,14,14,0,0,14,0.0,0.0,0.0,0.0,0.0,1.0
"G[0,2](((Calcium <= 8.293 | Hct <= 12.045) & Calcium >= 1.766) | pH <= 16.358)
",9999999.000,9999999.000,0.000,1.000,0.000,0,0,14,0,0,14,14,0,0.0,0.0,1.0,0.0,0.0,1.0
"G[1,2]((Creatinine >= 0.017 -> PTT >= 0.565) | PTT >= 0.319)
",9999999.000,9999999.000,0.000,1.000,0.000,0,0,14,0,0,14,14,0,0.0,0.0,1.0,0.0,0.0,1.0
"G[1,2]((BUN <= 3.318 | Potassium >= 0.095) & TroponinI <= 1.057)
",9999999.000,9999999.000,0.000,1.000,0.000,0,0,14,0,0,14,14,0,0.0,0.0,1.0,0.0,0.0,1.0
"G[1,2](Calcium >= 0.008 | Potassium >= 0.007)
",9999999.000,9999999.000,0.000,1.000,0.000,0,0,1,13,13,1,1,13,0.0,0.0,1.0,0.0,0.0,1.0
"G[0,2]((Creatinine >= 0.015 | Hgb >= 0.471) -> Magnesium <= 8.871)
",9999999.000,9999999.000,0.000,1.000,0.000,0,0,14,0,0,14,14,0,0.0,0.0,1.0,0.0,0.0,1.0
"G[1,2]((Resp >= 6.424 -> SBP >= 28.330) | Lactate >= 3.159)
",9999999.000,9999999.000,0.000,1.000,0.000,0,0,12,2,2,12,12,2,0.0,0.0,1.0,0.0,0.0,1.0
"G[0,0]((HR >= 18.195 & MAP >= 3.459) & FiO2 >= 18.608)
",-18.608,-18.608,0.000,1.000,0.000,0,0,0,14,14,0,0,14,0.0,0.0,0.0,0.0,0.0,1.0
"G[1,2]((SBP >= 9.623 -> Temp <= 34.801) & PTT >= 4.693)
",9999999.000,9999999.000,0.000,1.000,0.000,0,0,0,14,14,0,0,14,0.0,0.0,0.0,0.0,0.0,1.0
"G[0,2](((Resp <= 19.953 & Temp >= 10.415) & Bilirubin_direct <= 23.429) & SaO2 >= 10.568)
",9999999.000,9999999.000,0.000,1.000,0.000,0,0,0,14,14,0,0,14,0.0,0.0,0.0,0.0,0.0,1.0
"G[0,2]((Hct >= 0.688 -> Resp <= 27.808) -> Creatinine >= 13.545)
",9999999.000,9999999.000,0.000,1.000,0.000,0,0,0,14,14,0,0,14,0.0,0.0,0.0,0.0,0.0,1.0
"G[0,2]((Potassium >= 0.016 & Resp <= 27.161) & FiO2 <= 15.038)
",9999999.000,9999999.000,0.000,1.000,0.000,0,0,0,14,14,0,0,14,0.0,0.0,0.0,0.0,0.0,1.0
"G[1,2](Temp <= 16.602 | WBC <= 1.719)
",9999999.000,9999999.000,0.000,1.000,0.000,0,0,13,1,1,13,13,1,0.0,0.0,1.0,0.0,0.0,1.0
"G[0,2](PTT >= 0.675 -> Temp <= 33.548)
",9999999.000,9999999.000,0.000,1.000,0.000,0,0,13,1,1,13,13,1,0.0,0.0,1.0,0.0,0.0,1.0
"G[0,2]((BUN <= 5.050 | Temp >= 10.717) -> Temp <= 29.317)
",9999999.000,9999999.000,0.000,1.000,0.000,0,0,4,10,10,4,4,10,0.0,0.0,1.0,0.0,0.0,1.0
"G[0,1]((BUN <= 5.199 & SBP <= 68.169) & HR >= 39.956)
",9999999.000,9999999.000,0.000,1.000,0.000,0,0,0,14,14,0,0,14,0.0,0.0,0.0,0.0,0.0,1.0
"G[1,2](((Calcium <= 4.511 & MAP <= 52.051) & Platelets <= 75.747) -> Resp >= 29.948)
",9999999.000,9999999.000,0.000,1.000,0.000,0,0,3,11,11,3,3,11,0.0,0.0,1.0,0.0,0.0,1.0
"G[1,2](Glucose >= 2.728 & MAP <= 74.733)
",9999999.000,9999999.000,0.000,1.000,0.000,0,0,0,14,14,0,0,14,0.0,0.0,0.0,0.0,0.0,1.0
"G[1,2](Hgb >= 0.202 | HR >= 51.666)
",9999999.000,9999999.000,0.000,1.000,0.000,0,0,6,8,8,6,6,8,0.0,0.0,1.0,0.0,0.0,1.0
"G[2,2]((Calcium <= 7.443 & HR >= 4.576) & WBC >= 27.279)
",-7678471092487061.000,-27.279,0.000,1.000,0.000,0,0,14,0,0,14,14,0,0.0,0.0,1.0,0.0,0.0,1.0
"G[2,2](((Creatinine >= 0.011 -> HR >= 15.515) -> Fibrinogen <= 91.153) | SepsisLabel <= 96.113)
",96.113,96.113,0.000,1.000,0.000,0,0,14,0,0,14,14,0,0.0,0.0,1.0,0.0,0.0,1.0
"G[0,2](Temp > 9.416 & SepsisLabel = 0.000)
",9999999.000,9999999.000,0.000,1.000,0.000,0,0,0,14,14,0,0,14,0.0,0.0,0.0,0.0,0.0,1.0
"G[1,2](FiO2 >= 0.000 & SepsisLabel >= 0.000)
",9999999.000,9999999.000,0.000,1.000,0.000,0,0,14,0,0,14,14,0,0.0,0.0,1.0,0.0,0.0,1.0
"G[0,2](((EtCO2 <= 0.000 -> PTT >= 0.652) & HR >= 0.445) & AST >= 0.174)
",9999999.000,9999999.000,0.000,1.000,0.000,0,0,0,14,14,0,0,14,0.0,0.0,0.0,0.0,0.0,1.0
"G[1,2](Lactate > 0.000 & SepsisLabel = 0.000)
",9999999.000,9999999.000,0.000,1.000,0.000,0,0,0,14,14,0,0,14,0.0,0.0,0.0,0.0,0.0,1.0
"G[0,2](Temp > 2.691 -> SepsisLabel = 0.000)
",9999999.000,9999999.000,0.000,1.000,0.000,0,0,14,0,0,14,14,0,0.0,0.0,1.0,0.0,0.0,1.0
"G[0,2](((Magnesium >= 0.000 -> Potassium >= 0.003) -> Hct <= 3.183) | AST <= 1.043)
",9999999.000,9999999.000,0.000,1.000,0.000,0,0,14,0,0,14,14,0,0.0,0.0,1.0,0.0,0.0,1.0
"G[2,2](Magnesium >= 0.000 -> pH <= 0.000)
",0.000,0.000,0.000,1.000,0.000,0,0,14,0,0,14,14,0,0.0,0.0,1.0,0.0,0.0,1.0
"G[0,2](Resp < 32.255 -> SepsisLabel = 0.000)
",9999999.000,9999999.000,0.000,1.000,0.000,0,0,14,0,0,14,14,0,0.0,0.0,1.0,0.0,0.0,1.0
"G[1,2]((Fibrinogen >= 0.000 | PTT >= 0.184) | Chloride >= 0.406)
",9999999.000,9999999.000,0.000,1.000,0.000,0,0,14,0,0,14,14,0,0.0,0.0,1.0,0.0,0.0,1.0
"G[1,2](FiO2 >= 0.000 | Chloride <= 0.000)
",9999999.000,9999999.000,0.000,1.000,0.000,0,0,14,0,0,14,14,0,0.0,0.0,1.0,0.0,0.0,1.0
"G[0,1](BUN <= 8.825 & Creatinine >= 0.016)
",9999999.000,9999999.000,0.000,1.000,0.000,0,0,0,14,14,0,0,14,0.0,0.0,0.0,0.0,0.0,1.0
"G[0,1](((Hgb <= 6.535 | Hct <= 49.590) -> WBC >= 0.087) & Platelets >= 4.009)
",9999999.000,9999999.000,0.000,1.000,0.000,0,0,0,14,14,0,0,14,0.0,0.0,0.0,0.0,0.0,1.0
"G[2,2]((Fibrinogen <= 0.000 | PTT <= 7.839) | SBP <= 29.719)
",8365026187212111.000,29.719,0.000,1.000,0.000,0,0,14,0,0,14,14,0,0.0,0.0,1.0,0.0,0.0,1.0
"G[1,2](Hgb <= 3.821 & O2Sat >= 31.185)
",9999999.000,9999999.000,0.000,1.000,0.000,0,0,5,9,9,5,5,9,0.0,0.0,1.0,0.0,0.0,1.0
"G[1,2](((Potassium <= 1.190 | Hct <= 31.942) -> FiO2 <= 24.573) | Magnesium >= 1.442)
",9999999.000,9999999.000,0.000,1.000,0.000,0,0,14,0,0,14,14,0,0.0,0.0,1.0,0.0,0.0,1.0
"G[0,2]((PTT <= 16.280 | Calcium <= 6.377) -> DBP >= 0.304)
",9999999.000,9999999.000,0.000,1.000,0.000,0,0,2,12,12,2,2,12,0.0,0.0,1.0,0.0,0.0,1.0
"G[1,2]((Hct >= 1.458 | PTT <= 14.479) & Glucose >= 0.898)
",9999999.000,9999999.000,0.000,1.000,0.000,0,0,1,13,13,1,1,13,0.0,0.0,1.0,0.0,0.0,1.0
"G[0,1](DBP <= 58.021 & Glucose >= 3.982)
",9999999.000,9999999.000,0.000,1.000,0.000,0,0,0,14,14,0,0,14,0.0,0.0,0.0,0.0,0.0,1.0
"G[2,2](Chloride >= 0.000 & HCO3 >= 0.000)
",0.000,0.000,0.000,1.000,0.000,0,0,14,0,0,14,14,0,0.0,0.0,1.0,0.0,0.0,1.0
"G[2,2](BUN <= 2.859 & Creatinine >= 0.020)
",-5760563143869215.000,-0.020,0.000,1.000,0.000,0,0,14,0,0,14,14,0,0.0,0.0,1.0,0.0,0.0,1.0
"G[1,2](((Hgb <= 7.013 | Hct <= 36.226) -> WBC >= 0.173) & Platelets >= 3.963)
",9999999.000,9999999.000,0.000,1.000,0.000,0,0,1,13,13,1,1,13,0.0,0.0,1.0,0.0,0.0,1.0
"G[1,2](Platelets <= 48.706 -> WBC >= 0.307)
",9999999.000,9999999.000,0.000,1.000,0.000,0,0,1,13,13,1,1,13,0.0,0.0,1.0,0.0,0.0,1.0
"G[2,2](BUN >= 0.193 -> Resp >= 8.035)
",3479480860615697.000,0.193,0.000,1.000,0.000,0,0,14,0,0,14,14,0,0.0,0.0,1.0,0.0,0.0,1.0
"G[1,2](((HR >= 6.006 -> Alkalinephos <= 0.000) | WBC <= 0.000) & Chloride <= 0.000)
",9999999.000,9999999.000,0.000,1.000,0.000,0,0,14,0,0,14,14,0,0.0,0.0,1.0,0.0,0.0,1.0
"G[1,2]((PaCO2 <= 0.000 & SBP >= 32.554) | Platelets >= 5.815)
",9999999.000,9999999.000,0.000,1.000,0.000,0,0,3,11,11,3,3,11,0.0,0.0,1.0,0.0,0.0,1.0
"G[1,2](((Potassium <= 0.679 -> O2Sat >= 28.865) & Alkalinephos >= 32.646) | SepsisLabel >= 47.140)
",9999999.000,9999999.000,0.000,1.000,0.000,0,0,0,14,14,0,0,14,0.0,0.0,0.0,0.0,0.0,1.0
"G[0,2](FiO2 <= 0.000 & Bilirubin_direct <= 0.000)
",9999999.000,9999999.000,0.000,1.000,0.000,0,0,14,0,0,14,14,0,0.0,0.0,1.0,0.0,0.0,1.0
"G[0,2](((DBP >= 17.565 | DBP <= 65.058) -> SaO2 <= 68.259) | Platelets >= 28.090)
",9999999.000,9999999.000,0.000,1.000,0.000,0,0,14,0,0,14,14,0,0.0,0.0,1.0,0.0,0.0,1.0
"G[1,2](DBP <= 57.532 & SepsisLabel = 0.000)
",9999999.000,9999999.000,0.000,1.000,0.000,0,0,11,3,3,11,11,3,0.0,0.0,1.0,0.0,0.0,1.0
"G[1,1]((Fibrinogen <= 0.000 & BUN <= 8.238) & Hgb >= 0.083)
",-6014736183706538.000,-0.083,0.000,1.000,0.000,0,0,0,14,14,0,0,14,0.0,0.0,0.0,0.0,0.0,1.0
"G[1,2](((Temp <= 32.231 -> Platelets <= 21.519) & Fibrinogen <= 60.517) & Chloride <= 170.789)
",9999999.000,9999999.000,0.000,1.000,0.000,0,0,14,0,0,14,14,0,0.0,0.0,1.0,0.0,0.0,1.0
"G[2,2](((BUN <= 0.379 -> Platelets >= 2.514) | SaO2 >= 5.373) -> SBP <= 183.859)
",-183.859,-183.859,0.000,1.000,0.000,0,0,14,0,0,14,14,0,0.0,0.0,1.0,0.0,0.0,1.0
"G[1,2]((Hct <= 40.148 -> Platelets >= 0.630) | Temp >= 2.630)
",9999999.000,9999999.000,0.000,1.000,0.000,0,0,1,13,13,1,1,13,0.0,0.0,1.0,0.0,0.0,1.0
"G[2,2]((Fibrinogen >= 0.000 | Fibrinogen >= 0.000) | AST >= 0.000)
",0.000,0.000,0.000,1.000,0.000,0,0,14,0,0,14,14,0,0.0,0.0,1.0,0.0,0.0,1.0
"G[2,2](Potassium <= 1.507 | Phosphate >= 0.000)
",1.507,1.507,0.000,1.000,0.000,0,0,14,0,0,14,14,0,0.0,0.0,1.0,0.0,0.0,1.0
"G[1,2]((BaseExcess <= 0.000 -> Fibrinogen >= 0.000) & Calcium >= 0.000)
",9999999.000,9999999.000,0.000,1.000,0.000,0,0,14,0,0,14,14,0,0.0,0.0,1.0,0.0,0.0,1.0
"G[1,2](((pH <= 0.000 -> Chloride >= 0.000) | HCO3 <= 0.000) -> Calcium <= 0.000)
",9999999.000,9999999.000,0.000,1.000,0.000,0,0,13,1,1,13,13,1,0.0,0.0,1.0,0.0,0.0,1.0
"G[2,2](BaseExcess < 0.000 -> SepsisLabel = 0.000)
",0.000,0.000,0.000,1.000,0.000,0,0,14,0,0,14,14,0,0.0,0.0,1.0,0.0,0.0,1.0
"G[1,2]((Chloride <= 0.000 -> Fibrinogen >= 0.000) -> PTT >= 0.000)
",9999999.000,9999999.000,0.000,1.000,0.000,0,0,14,0,0,14,14,0,0.0,0.0,1.0,0.0,0.0,1.0
"G[0,2](((HCO3 >= 0.000 -> Fibrinogen >= 0.000) | PTT <= 0.000) & SaO2 <= 0.000)
",9999999.000,9999999.000,0.000,1.000,0.000,0,0,14,0,0,14,14,0,0.0,0.0,1.0,0.0,0.0,1.0
"G[0,2](Creatinine >= 0.014 -> Creatinine >= 0.016)
",9999999.000,9999999.000,0.000,1.000,0.000,0,0,14,0,0,14,14,0,0.0,0.0,1.0,0.0,0.0,1.0
"G[1,2](Platelets <= 132.963 -> WBC >= 0.014)
",9999999.000,9999999.000,0.000,1.000,0.000,0,0,1,13,13,1,1,13,0.0,0.0,1.0,0.0,0.0,1.0
"G[2,2](((EtCO2 >= 0.000 & HCO3 >= 0.000) | BUN <= 0.000) | Resp >= 0.000)
",0.000,0.000,0.000,1.000,0.000,0,0,14,0,0,14,14,0,0.0,0.0,1.0,0.0,0.0,1.0
"G[0,2]((SepsisLabel <= 0.000 & Hgb >= 0.526) & Calcium >= 0.586)
",9999999.000,9999999.000,0.000,1.000,0.000,0,0,0,14,14,0,0,14,0.0,0.0,0.0,0.0,0.0,1.0
"G[1,2](((Magnesium <= 0.000 | FiO2 <= 0.000) -> PaCO2 >= 0.000) | Potassium <= 0.000)
",9999999.000,9999999.000,0.000,1.000,0.000,0,0,14,0,0,14,14,0,0.0,0.0,1.0,0.0,0.0,1.0
"G[0,2]((Hct >= 1.723 | TroponinI <= 0.000) | WBC >= 0.000)
",9999999.000,9999999.000,0.000,1.000,0.000,0,0,14,0,0,14,14,0,0.0,0.0,1.0,0.0,0.0,1.0
"G[2,2]((Creatinine >= 0.020 & Bilirubin_total <= 0.000) -> Resp >= 0.000)
",0.000,0.000,0.000,1.000,0.000,0,0,14,0,0,14,14,0,0.0,0.0,1.0,0.0,0.0,1.0
"G[0,2](Resp <= 18.703 -> Resp <= 16.193)
",9999999.000,9999999.000,0.000,1.000,0.000,0,0,13,1,1,13,13,1,0.0,0.0,1.0,0.0,0.0,1.0
"G[1,2](((MAP <= 76.603 -> O2Sat >= 21.614) & Chloride <= 69.072) -> EtCO2 <= 86.883)
",9999999.000,9999999.000,0.000,1.000,0.000,0,0,14,0,0,14,14,0,0.0,0.0,1.0,0.0,0.0,1.0
"G[0,2]((FiO2 >= 0.000 -> DBP <= 69.525) & Glucose >= 33.839)
",9999999.000,9999999.000,0.000,1.000,0.000,0,0,0,14,14,0,0,14,0.0,0.0,0.0,0.0,0.0,1.0
