Rule,Discrimination Score,Pos Robustness,Neg Robustness,Percent Class +,Percent Class -,TP,TN,FP,FN,Actual Yes,Actual No,Predicted Yes,Predicted No,TPR/Sens,TNR/Spec,FPR,Precision,Accuracy,MCR,Class
"G[0,0](Alkalinephos <= 45.964 -> EtCO2 >= 0.000)
",-8.281,-44.784,0.000,1.000,0.000,23,0,0,0,23,0,23,0,1.0,0.0,0.0,1.0,1.0222222222222221,-0.022222222222222143,1
"G[0,0](O2Sat >= 54.034 -> Platelets <= 64.553)
",-2271239857981421.000,-64.553,0.000,1.000,0.000,23,0,0,0,23,0,23,0,1.0,0.0,0.0,1.0,1.0222222222222221,-0.022222222222222143,1
"F[0,0](((AST >= 0.132 | MAP <= 124.527) -> DBP >= 40.704) & EtCO2 >= 55.401)
",-4.323,-93.319,0.000,0.000,1.000,23,0,0,0,23,0,23,0,1.0,0.0,0.0,1.0,1.0222222222222221,-0.022222222222222143,-1
"F[0,0](BaseExcess <= 0.000 & BUN >= 0.421)
",-4.583,-0.402,0.000,0.000,1.000,23,0,0,0,23,0,23,0,1.0,0.0,0.0,1.0,1.0222222222222221,-0.022222222222222143,-1
"F[0,0]((Potassium >= 0.112 & Calcium >= 0.066) & Calcium >= 0.399)
",-0.301,-0.231,0.000,0.000,1.000,23,0,0,0,23,0,23,0,1.0,0.0,0.0,1.0,1.0222222222222221,-0.022222222222222143,-1
"F[0,0](((Calcium <= 5.834 | Resp <= 22.904) | Glucose >= 15.510) & EtCO2 >= 1.640)
",1.094,4.864,0.000,0.000,1.000,23,0,0,0,23,0,23,0,1.0,0.0,0.0,1.0,1.0222222222222221,-0.022222222222222143,-1
"G[0,0](Calcium <= 6.151 & Potassium <= 1.267)
",-0.089,-0.874,0.000,1.000,0.000,23,0,0,0,23,0,23,0,1.0,0.0,0.0,1.0,1.0222222222222221,-0.022222222222222143,1
"F[0,0](Lactate <= 0.000 & Magnesium >= 0.035)
",-0.220,-4.897,0.000,0.000,1.000,23,0,0,0,23,0,23,0,1.0,0.0,0.0,1.0,1.0222222222222221,-0.022222222222222143,-1
"G[0,0](BaseExcess >= 0.000 -> SaO2 >= 0.000)
",0.000,0.000,0.000,1.000,0.000,23,0,0,0,23,0,23,0,1.0,0.0,0.0,1.0,1.0222222222222221,-0.022222222222222143,1
"G[0,0](Glucose <= 84.658 & WBC <= 2.084)
",4691641618917809.000,2.084,0.000,1.000,0.000,23,0,0,0,23,0,23,0,1.0,0.0,0.0,1.0,1.0222222222222221,-0.022222222222222143,1
"G[0,0]((HCO3 >= 0.000 & BaseExcess >= 0.000) -> Platelets >= 0.000)
",0.000,0.000,0.000,1.000,0.000,23,0,0,0,23,0,23,0,1.0,0.0,0.0,1.0,1.0222222222222221,-0.022222222222222143,1
"G[0,0](Chloride >= 0.000 & HCO3 >= 0.000)
",0.000,0.000,0.000,1.000,0.000,23,0,0,0,23,0,23,0,1.0,0.0,0.0,1.0,1.0222222222222221,-0.022222222222222143,1
"G[0,0](((SaO2 <= 0.000 | O2Sat >= 60.094) -> MAP >= 69.073) -> PaCO2 <= 97.186)
",-6838832032397105.000,-97.186,0.000,1.000,0.000,23,0,0,0,23,0,23,0,1.0,0.0,0.0,1.0,1.0222222222222221,-0.022222222222222143,1
"F[0,0]((WBC >= 0.062 | Resp >= 14.150) & O2Sat <= 22.195)
",-9.062,-52.736,0.000,0.000,1.000,23,0,0,0,23,0,23,0,1.0,0.0,0.0,1.0,1.0222222222222221,-0.022222222222222143,-1
"G[0,0](SaO2 <= 0.000 | HCO3 >= 0.000)
",0.000,0.000,0.000,1.000,0.000,23,0,0,0,23,0,23,0,1.0,0.0,0.0,1.0,1.0222222222222221,-0.022222222222222143,1
"G[0,0]((Magnesium <= 0.532 -> Resp <= 22.015) | HR >= 16.225)
",24390.775,24390.775,0.000,1.000,0.000,23,0,0,0,23,0,23,0,1.0,0.0,0.0,1.0,1.0222222222222221,-0.022222222222222143,1
"G[0,0]((TroponinI >= 0.000 -> HR >= 45.040) | SBP <= 73.370)
",3.654,61.815,0.000,1.000,0.000,23,0,0,0,23,0,23,0,1.0,0.0,0.0,1.0,1.0222222222222221,-0.022222222222222143,1
"G[0,0](((SepsisLabel >= 0.000 & Platelets >= 4.001) | PTT <= 24.053) | HCO3 <= 37.364)
",5258555605653233.000,37.364,0.000,1.000,0.000,23,0,0,0,23,0,23,0,1.0,0.0,0.0,1.0,1.0222222222222221,-0.022222222222222143,1
"G[0,0](Chloride >= 0.000 & SepsisLabel = 0.000)
",-0.218,-9.045,0.000,1.000,0.000,23,0,0,0,23,0,23,0,1.0,0.0,0.0,1.0,1.0222222222222221,-0.022222222222222143,1
"G[0,0](((DBP >= 78.849 | pH <= 0.000) -> FiO2 >= 0.000) -> Glucose <= 0.000)
",0.000,0.000,0.000,1.000,0.000,23,0,0,0,23,0,23,0,1.0,0.0,0.0,1.0,1.0222222222222221,-0.022222222222222143,1
"G[0,0](((Potassium >= 0.042 & BaseExcess <= 0.000) & Bilirubin_total >= 0.000) | AST >= 0.000)
",0.000,0.000,0.000,1.000,0.000,23,0,0,0,23,0,23,0,1.0,0.0,0.0,1.0,1.0222222222222221,-0.022222222222222143,1
"G[0,0](TroponinI >= 0.000 & SepsisLabel = 0.000)
",-0.218,-9.045,0.000,1.000,0.000,23,0,0,0,23,0,23,0,1.0,0.0,0.0,1.0,1.0222222222222221,-0.022222222222222143,1
"G[0,0]((Calcium >= 0.305 | Platelets >= 2.280) | AST <= 107.945)
",7595942506606015.000,107.945,0.000,1.000,0.000,23,0,0,0,23,0,23,0,1.0,0.0,0.0,1.0,1.0222222222222221,-0.022222222222222143,1
"G[0,0]((pH <= 0.000 & O2Sat <= 97.480) | TroponinI <= 96.958)
",664.748,96.926,0.000,1.000,0.000,23,0,0,0,23,0,23,0,1.0,0.0,0.0,1.0,1.0222222222222221,-0.022222222222222143,1
"G[0,0](((Alkalinephos <= 15.989 -> Alkalinephos <= 21.298) & AST <= 43.184) | SepsisLabel <= 47.927)
",5.648,46.144,0.000,1.000,0.000,23,0,0,0,23,0,23,0,1.0,0.0,0.0,1.0,1.0222222222222221,-0.022222222222222143,1
"G[0,0](((SaO2 >= 0.000 | BaseExcess >= 0.000) & TroponinI >= 0.000) & Bilirubin_total >= 0.000)
",0.000,0.000,0.000,1.000,0.000,23,0,0,0,23,0,23,0,1.0,0.0,0.0,1.0,1.0222222222222221,-0.022222222222222143,1
"G[1,1]((TroponinI >= 0.000 & EtCO2 <= 0.000) | PaCO2 >= 0.000)
",0.000,0.000,0.000,1.000,0.000,22,0,1,0,22,1,23,0,1.0,0.0,1.0,0.9565217391304348,0.9777777777777777,0.022222222222222254,1
"G[0,1](Creatinine <= 2.436 -> Lactate <= 0.000)
",9999999.000,9999999.000,0.000,1.000,0.000,22,0,1,0,22,1,23,0,1.0,0.0,1.0,0.9565217391304348,0.9777777777777777,0.022222222222222254,1
"G[1,1](Chloride >= 0.000 & HCO3 >= 0.000)
",0.000,0.000,0.000,1.000,0.000,22,0,1,0,22,1,23,0,1.0,0.0,1.0,0.9565217391304348,0.9777777777777777,0.022222222222222254,1
"G[1,1]((EtCO2 <= 0.000 & TroponinI <= 0.000) | Chloride <= 0.000)
",0.000,0.000,0.000,1.000,0.000,22,0,1,0,22,1,23,0,1.0,0.0,1.0,0.9565217391304348,0.9777777777777777,0.022222222222222254,1
"G[0,1]((FiO2 >= 0.000 | SaO2 >= 0.000) | Phosphate <= 0.000)
",9999999.000,9999999.000,0.000,1.000,0.000,22,0,1,0,22,1,23,0,1.0,0.0,1.0,0.9565217391304348,0.9777777777777777,0.022222222222222254,1
"G[1,1]((pH <= 0.000 & Chloride >= 0.000) & HR >= 0.000)
",0.000,0.000,0.000,1.000,0.000,22,0,1,0,22,1,23,0,1.0,0.0,1.0,0.9565217391304348,0.9777777777777777,0.022222222222222254,1
"G[0,1](PTT <= 0.000 | Bilirubin_total >= 0.013)
",9999999.000,9999999.000,0.000,1.000,0.000,22,0,1,0,22,1,23,0,1.0,0.0,1.0,0.9565217391304348,0.9777777777777777,0.022222222222222254,1
"G[0,1](((Fibrinogen >= 0.000 & FiO2 >= 0.000) | SepsisLabel >= 0.000) | AST <= 0.000)
",9999999.000,9999999.000,0.000,1.000,0.000,22,0,1,0,22,1,23,0,1.0,0.0,1.0,0.9565217391304348,0.9777777777777777,0.022222222222222254,1
"G[0,1](((BaseExcess >= 0.000 | Bilirubin_direct >= 0.000) -> SaO2 <= 0.000) -> Resp >= 0.000)
",9999999.000,9999999.000,0.000,1.000,0.000,22,0,1,0,22,1,23,0,1.0,0.0,1.0,0.9565217391304348,0.9777777777777777,0.022222222222222254,1
"((Calcium >= 0.133) U[1,1] (Hct <= 11.993))
",6751726219419213.000,11.993,0.000,0.000,1.000,22,0,0,1,23,0,22,1,0.9565217391304348,0.0,0.0,1.0,0.9777777777777777,0.022222222222222254,-1
"F[0,1]((Calcium <= 6.290 & Potassium <= 2.267) & Magnesium >= 0.005)
",-9999999.000,-9999999.000,0.000,0.000,1.000,22,0,0,1,23,0,22,1,0.9565217391304348,0.0,0.0,1.0,0.9777777777777777,0.022222222222222254,-1
"F[0,1](((Magnesium <= 1.979 & Potassium >= 0.118) & Potassium >= 0.048) & EtCO2 >= 0.092)
",-9999999.000,-9999999.000,0.000,0.000,1.000,22,0,0,1,23,0,22,1,0.9565217391304348,0.0,0.0,1.0,0.9777777777777777,0.022222222222222254,-1
"F[0,1]((Temp <= 33.725 -> Temp >= 1.902) & WBC >= 7.185)
",-9999999.000,-9999999.000,0.000,0.000,1.000,22,0,0,1,23,0,22,1,0.9565217391304348,0.0,0.0,1.0,0.9777777777777777,0.022222222222222254,-1
"((Temp >= 5.180) U[1,1] (WBC >= 0.055))
",-7911203569788543.000,-0.055,0.000,0.000,1.000,22,0,0,1,23,0,22,1,0.9565217391304348,0.0,0.0,1.0,0.9777777777777777,0.022222222222222254,-1
"G[1,1](PaCO2 >= 0.000 & FiO2 >= 0.000)
",0.000,0.000,0.000,1.000,0.000,22,0,1,0,22,1,23,0,1.0,0.0,1.0,0.9565217391304348,0.9777777777777777,0.022222222222222254,1
"F[1,1]((Phosphate <= 1.108 | Alkalinephos >= 0.844) & SepsisLabel >= 0.502)
",-0.502,-0.502,0.000,0.000,1.000,22,0,0,1,23,0,22,1,0.9565217391304348,0.0,0.0,1.0,0.9777777777777777,0.022222222222222254,-1
"F[0,1](((BaseExcess >= 0.000 | Glucose <= 91.609) | PTT <= 41.482) & BaseExcess >= 0.349)
",-9999999.000,-9999999.000,0.000,0.000,1.000,22,0,0,1,23,0,22,1,0.9565217391304348,0.0,0.0,1.0,0.9777777777777777,0.022222222222222254,-1
"F[0,1](((Hct <= 32.505 & Temp <= 27.454) & EtCO2 >= 8.180) | Phosphate >= 4.558)
",-9999999.000,-9999999.000,0.000,0.000,1.000,22,0,0,1,23,0,22,1,0.9565217391304348,0.0,0.0,1.0,0.9777777777777777,0.022222222222222254,-1
"F[0,1](((Hgb <= 4.029 -> HR <= 77.679) | Platelets <= 83.592) -> EtCO2 >= 26.661)
",-9999999.000,-9999999.000,0.000,0.000,1.000,22,0,0,1,23,0,22,1,0.9565217391304348,0.0,0.0,1.0,0.9777777777777777,0.022222222222222254,-1
"((Creatinine >= 0.042) U[1,2] (BaseExcess <= 0.000))
",-9999999.000,-9999999.000,0.000,0.000,1.000,22,0,0,1,23,0,22,1,0.9565217391304348,0.0,0.0,1.0,0.9777777777777777,0.022222222222222254,-1
"F[0,1](((Bilirubin_total >= 0.007 | BUN >= 1.119) | Creatinine >= 0.562) & BaseExcess >= 0.055)
",-9999999.000,-9999999.000,0.000,0.000,1.000,22,0,0,1,23,0,22,1,0.9565217391304348,0.0,0.0,1.0,0.9777777777777777,0.022222222222222254,-1
"F[0,1]((Calcium <= 8.881 & Potassium <= 2.385) & Magnesium >= 0.046)
",-9999999.000,-9999999.000,0.000,0.000,1.000,22,0,0,1,23,0,22,1,0.9565217391304348,0.0,0.0,1.0,0.9777777777777777,0.022222222222222254,-1
"G[0,1](Chloride >= 0.000 & HCO3 >= 0.000)
",9999999.000,9999999.000,0.000,1.000,0.000,22,0,1,0,22,1,23,0,1.0,0.0,1.0,0.9565217391304348,0.9777777777777777,0.022222222222222254,1
"G[0,1](((Bilirubin_direct <= 0.000 -> BaseExcess >= 0.000) & MAP >= 0.000) | pH >= 0.000)
",9999999.000,9999999.000,0.000,1.000,0.000,22,0,1,0,22,1,23,0,1.0,0.0,1.0,0.9565217391304348,0.9777777777777777,0.022222222222222254,1
"G[0,1](FiO2 >= 0.000 -> Lactate <= 0.000)
",9999999.000,9999999.000,0.000,1.000,0.000,22,0,1,0,22,1,23,0,1.0,0.0,1.0,0.9565217391304348,0.9777777777777777,0.022222222222222254,1
"G[0,0](SBP > 90.106 & SepsisLabel = 0.000)
",-2.760,-83.501,0.000,1.000,0.000,22,0,0,1,23,0,22,1,0.9565217391304348,0.0,0.0,1.0,0.9777777777777777,0.022222222222222254,1
"G[0,1](Chloride >= 0.000 & HCO3 >= 0.000)
",9999999.000,9999999.000,0.000,1.000,0.000,22,0,1,0,22,1,23,0,1.0,0.0,1.0,0.9565217391304348,0.9777777777777777,0.022222222222222254,1
"G[0,1](Fibrinogen >= 0.000 -> TroponinI <= 0.000)
",9999999.000,9999999.000,0.000,1.000,0.000,22,0,1,0,22,1,23,0,1.0,0.0,1.0,0.9565217391304348,0.9777777777777777,0.022222222222222254,1
"G[1,1](TroponinI >= 0.000 -> HCO3 <= 0.000)
",0.000,0.000,0.000,1.000,0.000,22,0,1,0,22,1,23,0,1.0,0.0,1.0,0.9565217391304348,0.9777777777777777,0.022222222222222254,1
"G[1,1](BUN >= 0.252 | EtCO2 >= 0.000)
",0.000,0.000,0.000,1.000,0.000,22,0,1,0,22,1,23,0,1.0,0.0,1.0,0.9565217391304348,0.9777777777777777,0.022222222222222254,1
"G[0,1]((BaseExcess <= 0.000 -> Bilirubin_direct >= 0.000) -> AST >= 0.000)
",9999999.000,9999999.000,0.000,1.000,0.000,22,0,1,0,22,1,23,0,1.0,0.0,1.0,0.9565217391304348,0.9777777777777777,0.022222222222222254,1
"G[0,1]((Magnesium >= 0.036 & Temp <= 19.976) -> BUN >= 5.072)
",9999999.000,9999999.000,0.000,1.000,0.000,22,0,1,0,22,1,23,0,1.0,0.0,1.0,0.9565217391304348,0.9777777777777777,0.022222222222222254,1
"G[0,1]((EtCO2 <= 0.000 | MAP <= 139.523) | TroponinI >= 20.738)
",9999999.000,9999999.000,0.000,1.000,0.000,22,0,1,0,22,1,23,0,1.0,0.0,1.0,0.9565217391304348,0.9777777777777777,0.022222222222222254,1
"G[0,1](((Fibrinogen >= 0.000 & Phosphate >= 0.064) | Chloride <= 0.162) | Glucose <= 1.349)
",9999999.000,9999999.000,0.000,1.000,0.000,22,0,1,0,22,1,23,0,1.0,0.0,1.0,0.9565217391304348,0.9777777777777777,0.022222222222222254,1
"G[0,1](HCO3 <= 0.000 | BUN >= 0.732)
",9999999.000,9999999.000,0.000,1.000,0.000,22,0,1,0,22,1,23,0,1.0,0.0,1.0,0.9565217391304348,0.9777777777777777,0.022222222222222254,1
"G[1,1](Chloride >= 0.000 & SepsisLabel = 0.000)
",0.000,0.000,0.000,1.000,0.000,22,0,1,0,22,1,23,0,1.0,0.0,1.0,0.9565217391304348,0.9777777777777777,0.022222222222222254,1
"G[1,1](((SaO2 <= 0.000 & AST >= 0.092) | Glucose >= 0.299) -> Bilirubin_total <= 7.855)
",-7.855,-7.855,0.000,1.000,0.000,22,0,1,0,22,1,23,0,1.0,0.0,1.0,0.9565217391304348,0.9777777777777777,0.022222222222222254,1
"G[0,1](TroponinI >= 0.000 -> HCO3 >= 0.000)
",9999999.000,9999999.000,0.000,1.000,0.000,22,0,1,0,22,1,23,0,1.0,0.0,1.0,0.9565217391304348,0.9777777777777777,0.022222222222222254,1
"G[0,1](((Hct >= 0.440 -> FiO2 >= 0.000) -> Chloride <= 0.000) & pH >= 0.000)
",9999999.000,9999999.000,0.000,1.000,0.000,22,0,1,0,22,1,23,0,1.0,0.0,1.0,0.9565217391304348,0.9777777777777777,0.022222222222222254,1
"G[0,1](SepsisLabel <= 0.000 -> SepsisLabel = 0.000)
",9999999.000,9999999.000,0.000,1.000,0.000,22,0,1,0,22,1,23,0,1.0,0.0,1.0,0.9565217391304348,0.9777777777777777,0.022222222222222254,1
"G[1,1](((Hct <= 26.999 | HR <= 79.906) & SBP <= 77.676) -> BaseExcess <= 74.257)
",-5465978469617823.000,-77.676,0.000,1.000,0.000,22,0,1,0,22,1,23,0,1.0,0.0,1.0,0.9565217391304348,0.9777777777777777,0.022222222222222254,1
"G[0,1]((Glucose >= 4.169 -> HCO3 <= 0.000) | pH >= 0.000)
",9999999.000,9999999.000,0.000,1.000,0.000,22,0,1,0,22,1,23,0,1.0,0.0,1.0,0.9565217391304348,0.9777777777777777,0.022222222222222254,1
"G[1,1]((DBP <= 127.025 | Fibrinogen >= 0.000) | SepsisLabel <= 0.000)
",127.025,127.025,0.000,1.000,0.000,22,0,1,0,22,1,23,0,1.0,0.0,1.0,0.9565217391304348,0.9777777777777777,0.022222222222222254,1
"G[0,1](((Alkalinephos <= 9.299 | O2Sat <= 94.187) -> FiO2 <= 98.255) | SBP <= 93.346)
",9999999.000,9999999.000,0.000,1.000,0.000,22,0,1,0,22,1,23,0,1.0,0.0,1.0,0.9565217391304348,0.9777777777777777,0.022222222222222254,1
"G[0,1](((MAP >= 89.912 & pH <= 0.000) -> BUN >= 0.000) -> HCO3 <= 0.000)
",9999999.000,9999999.000,0.000,1.000,0.000,22,0,1,0,22,1,23,0,1.0,0.0,1.0,0.9565217391304348,0.9777777777777777,0.022222222222222254,1
"G[1,1]((BUN >= 1.026 & Lactate >= 0.000) | Hgb <= 0.000)
",0.000,0.000,0.000,1.000,0.000,22,0,1,0,22,1,23,0,1.0,0.0,1.0,0.9565217391304348,0.9777777777777777,0.022222222222222254,1
"G[0,1]((FiO2 >= 0.000 & Lactate <= 0.000) | Resp <= 0.000)
",9999999.000,9999999.000,0.000,1.000,0.000,22,0,1,0,22,1,23,0,1.0,0.0,1.0,0.9565217391304348,0.9777777777777777,0.022222222222222254,1
"G[0,0](((FiO2 <= 0.000 -> Temp >= 3.168) -> Creatinine <= 29.220) & O2Sat >= 8.700)
",-8224740684210147.000,-29.220,0.000,1.000,0.000,22,0,0,1,23,0,22,1,0.9565217391304348,0.0,0.0,1.0,0.9777777777777777,0.022222222222222254,1
"G[0,1]((Calcium <= 0.990 -> Glucose <= 91.847) -> Potassium <= 32.282)
",9999999.000,9999999.000,0.000,1.000,0.000,22,0,1,0,22,1,23,0,1.0,0.0,1.0,0.9565217391304348,0.9777777777777777,0.022222222222222254,1
"G[1,1](Calcium >= 0.043 | PaCO2 <= 0.000)
",0.000,0.000,0.000,1.000,0.000,22,0,1,0,22,1,23,0,1.0,0.0,1.0,0.9565217391304348,0.9777777777777777,0.022222222222222254,1
"G[0,1]((Fibrinogen >= 0.000 & Lactate >= 0.000) | Temp >= 0.000)
",9999999.000,9999999.000,0.000,1.000,0.000,22,0,1,0,22,1,23,0,1.0,0.0,1.0,0.9565217391304348,0.9777777777777777,0.022222222222222254,1
"G[1,1](Chloride >= 0.000 & HCO3 >= 0.000)
",0.000,0.000,0.000,1.000,0.000,22,0,1,0,22,1,23,0,1.0,0.0,1.0,0.9565217391304348,0.9777777777777777,0.022222222222222254,1
"G[1,1]((MAP >= 66.556 -> SBP >= 159.858) | Hct <= 169.348)
",5958417621685727.000,169.348,0.000,1.000,0.000,22,0,1,0,22,1,23,0,1.0,0.0,1.0,0.9565217391304348,0.9777777777777777,0.022222222222222254,1
"G[1,1]((EtCO2 <= 0.000 -> HR <= 78.109) -> Potassium <= 77.532)
",-5455844344234433.000,-77.532,0.000,1.000,0.000,22,0,1,0,22,1,23,0,1.0,0.0,1.0,0.9565217391304348,0.9777777777777777,0.022222222222222254,1
"((Alkalinephos <= 21.549) U[0,1] (Phosphate >= 0.041))
",-9999999.000,-9999999.000,0.000,0.000,1.000,21,0,0,2,23,0,21,2,0.9130434782608695,0.0,0.0,1.0,0.9333333333333333,0.06666666666666665,-1
"F[1,1]((O2Sat <= 96.668 | HR <= 82.348) & O2Sat <= 74.873)
",74.873,74.873,0.000,0.000,1.000,21,0,0,2,23,0,21,2,0.9130434782608695,0.0,0.0,1.0,0.9333333333333333,0.06666666666666665,-1
"F[0,1]((AST <= 5.686 | Alkalinephos <= 20.726) -> BaseExcess >= 0.243)
",-9999999.000,-9999999.000,0.000,0.000,1.000,21,0,0,2,23,0,21,2,0.9130434782608695,0.0,0.0,1.0,0.9333333333333333,0.06666666666666665,-1
"F[0,1](Hgb <= 8.240 & Calcium >= 0.054)
",-9999999.000,-9999999.000,0.000,0.000,1.000,21,0,0,2,23,0,21,2,0.9130434782608695,0.0,0.0,1.0,0.9333333333333333,0.06666666666666665,-1
"((O2Sat >= 63.744) U[0,1] (Phosphate >= 0.073))
",-9999999.000,-9999999.000,0.000,0.000,1.000,21,0,0,2,23,0,21,2,0.9130434782608695,0.0,0.0,1.0,0.9333333333333333,0.06666666666666665,-1
"F[0,1]((MAP >= 6.665 -> Platelets <= 156.739) -> Platelets >= 1.094)
",-9999999.000,-9999999.000,0.000,0.000,1.000,21,0,0,2,23,0,21,2,0.9130434782608695,0.0,0.0,1.0,0.9333333333333333,0.06666666666666665,-1
"F[1,1](Platelets > 3.087 & SepsisLabel = 0.000)
",-3475768367132722.000,-3.087,0.000,0.000,1.000,21,0,0,2,23,0,21,2,0.9130434782608695,0.0,0.0,1.0,0.9333333333333333,0.06666666666666665,-1
"((Calcium <= 8.388) U[0,1] (Phosphate >= 0.048))
",-9999999.000,-9999999.000,0.000,0.000,1.000,21,0,0,2,23,0,21,2,0.9130434782608695,0.0,0.0,1.0,0.9333333333333333,0.06666666666666665,-1
"F[0,1](WBC >= 0.003 & Resp >= 12.249)
",-9999999.000,-9999999.000,0.000,0.000,1.000,21,0,0,2,23,0,21,2,0.9130434782608695,0.0,0.0,1.0,0.9333333333333333,0.06666666666666665,-1
"F[1,1](Chloride >= 0.000 -> Magnesium >= 0.003)
",0.000,0.000,0.000,0.000,1.000,21,0,0,2,23,0,21,2,0.9130434782608695,0.0,0.0,1.0,0.9333333333333333,0.06666666666666665,-1
"G[1,1]((TroponinI >= 0.000 | MAP >= 19.873) & Platelets <= 167.219)
",0.000,0.000,0.000,1.000,0.000,21,0,1,1,22,1,22,1,0.9545454545454546,0.0,1.0,0.9545454545454546,0.9333333333333333,0.06666666666666665,1
"G[0,1](((Lactate <= 0.000 & Phosphate >= 0.029) | Glucose <= 0.684) & PTT <= 0.648)
",9999999.000,9999999.000,0.000,1.000,0.000,21,0,1,1,22,1,22,1,0.9545454545454546,0.0,1.0,0.9545454545454546,0.9333333333333333,0.06666666666666665,1
"G[0,1](SepsisLabel <= 0.000 -> Magnesium <= 0.157)
",9999999.000,9999999.000,0.000,1.000,0.000,21,0,1,1,22,1,22,1,0.9545454545454546,0.0,1.0,0.9545454545454546,0.9333333333333333,0.06666666666666665,1
"G[1,1](((Chloride <= 0.000 & Phosphate <= 0.797) & BUN <= 1.657) | WBC <= 0.482)
",2894810235051044.000,0.482,0.000,1.000,0.000,21,0,1,1,22,1,22,1,0.9545454545454546,0.0,1.0,0.9545454545454546,0.9333333333333333,0.06666666666666665,1
"G[0,1]((TroponinI <= 0.000 & Phosphate >= 0.036) -> SepsisLabel >= 0.019)
",9999999.000,9999999.000,0.000,1.000,0.000,21,0,1,1,22,1,22,1,0.9545454545454546,0.0,1.0,0.9545454545454546,0.9333333333333333,0.06666666666666665,1
"G[0,1](((WBC <= 2.493 | Bilirubin_direct <= 0.000) | Calcium >= 0.000) -> Platelets <= 0.000)
",9999999.000,9999999.000,0.000,1.000,0.000,21,0,1,1,22,1,22,1,0.9545454545454546,0.0,1.0,0.9545454545454546,0.9333333333333333,0.06666666666666665,1
"G[0,1](DBP <= 106.245 | Creatinine <= 0.729)
",9999999.000,9999999.000,0.000,1.000,0.000,21,0,1,1,22,1,22,1,0.9545454545454546,0.0,1.0,0.9545454545454546,0.9333333333333333,0.06666666666666665,1
"G[0,1](Calcium >= 0.342 -> Hct >= 0.170)
",9999999.000,9999999.000,0.000,1.000,0.000,21,0,1,1,22,1,22,1,0.9545454545454546,0.0,1.0,0.9545454545454546,0.9333333333333333,0.06666666666666665,1
"G[0,1]((AST <= 9.621 & Chloride <= 0.000) & Temp >= 0.000)
",9999999.000,9999999.000,0.000,1.000,0.000,21,0,1,1,22,1,22,1,0.9545454545454546,0.0,1.0,0.9545454545454546,0.9333333333333333,0.06666666666666665,1
"G[0,1](Alkalinephos < 23.827 & SepsisLabel = 0.000)
",9999999.000,9999999.000,0.000,1.000,0.000,21,0,1,1,22,1,22,1,0.9545454545454546,0.0,1.0,0.9545454545454546,0.9333333333333333,0.06666666666666665,1
"G[1,1]((Creatinine <= 0.663 & Potassium <= 2.000) | Hgb >= 0.122)
",2985696007737362.000,0.663,0.000,1.000,0.000,21,0,1,1,22,1,22,1,0.9545454545454546,0.0,1.0,0.9545454545454546,0.9333333333333333,0.06666666666666665,1
"F[0,1](Calcium >= 0.229 & SaO2 >= 0.000)
",-9999999.000,-9999999.000,0.000,0.000,1.000,20,0,0,3,23,0,20,3,0.8695652173913043,0.0,0.0,1.0,0.8888888888888888,0.11111111111111116,-1
"F[0,1](((SaO2 >= 0.000 -> WBC >= 0.050) & SepsisLabel >= 0.015) | DBP <= 0.690)
",-9999999.000,-9999999.000,0.000,0.000,1.000,20,0,0,3,23,0,20,3,0.8695652173913043,0.0,0.0,1.0,0.8888888888888888,0.11111111111111116,-1
"G[0,1]((TroponinI <= 0.000 | PaCO2 >= 0.000) -> Glucose <= 0.000)
",9999999.000,9999999.000,0.000,1.000,0.000,20,0,1,2,22,1,21,2,0.9090909090909091,0.0,1.0,0.9523809523809523,0.8888888888888888,0.11111111111111116,1
"G[0,1](BUN <= 12.098 & SaO2 >= 0.000)
",9999999.000,9999999.000,0.000,1.000,0.000,20,0,1,2,22,1,21,2,0.9090909090909091,0.0,1.0,0.9523809523809523,0.8888888888888888,0.11111111111111116,1
"G[0,1](((EtCO2 <= 0.000 -> Alkalinephos <= 15.951) | AST >= 1.095) & MAP >= 1.152)
",9999999.000,9999999.000,0.000,1.000,0.000,20,0,1,2,22,1,21,2,0.9090909090909091,0.0,1.0,0.9523809523809523,0.8888888888888888,0.11111111111111116,1
"G[1,1](Resp <= 22.264 & SBP <= 215.304)
",6266857008626033.000,22.264,0.000,1.000,0.000,20,0,1,2,22,1,21,2,0.9090909090909091,0.0,1.0,0.9523809523809523,0.8888888888888888,0.11111111111111116,1
"G[0,1](((O2Sat <= 97.679 | Potassium >= 0.104) -> Potassium <= 2.056) & Bilirubin_direct <= 3.673)
",9999999.000,9999999.000,0.000,1.000,0.000,20,0,1,2,22,1,21,2,0.9090909090909091,0.0,1.0,0.9523809523809523,0.8888888888888888,0.11111111111111116,1
"F[1,1](((Creatinine <= 1.512 -> Magnesium >= 0.033) -> MAP <= 0.179) -> Platelets >= 0.026)
",7514174745115788.000,0.026,0.000,0.000,1.000,20,0,0,3,23,0,20,3,0.8695652173913043,0.0,0.0,1.0,0.8888888888888888,0.11111111111111116,-1
"F[0,1](HR <= 84.133 & Calcium >= 0.021)
",-9999999.000,-9999999.000,0.000,0.000,1.000,20,0,0,3,23,0,20,3,0.8695652173913043,0.0,0.0,1.0,0.8888888888888888,0.11111111111111116,-1
"F[0,1]((Hgb <= 8.091 & HCO3 <= 0.000) & O2Sat <= 0.000)
",-9999999.000,-9999999.000,0.000,0.000,1.000,20,0,0,3,23,0,20,3,0.8695652173913043,0.0,0.0,1.0,0.8888888888888888,0.11111111111111116,-1
"F[0,1](((Hct <= 27.978 -> Calcium >= 0.253) -> BUN <= 3.481) -> Lactate >= 0.317)
",-9999999.000,-9999999.000,0.000,0.000,1.000,20,0,0,3,23,0,20,3,0.8695652173913043,0.0,0.0,1.0,0.8888888888888888,0.11111111111111116,-1
"F[0,1](((HR >= 60.314 -> EtCO2 >= 0.000) -> Resp <= 0.000) & pH >= 0.000)
",-9999999.000,-9999999.000,0.000,0.000,1.000,20,0,0,3,23,0,20,3,0.8695652173913043,0.0,0.0,1.0,0.8888888888888888,0.11111111111111116,-1
"G[1,1](HR <= 81.357 & SBP >= 16.924)
",-2381855333841170.500,-16.924,0.000,1.000,0.000,19,0,1,3,22,1,20,3,0.8636363636363636,0.0,1.0,0.95,0.8444444444444444,0.15555555555555556,1
"G[1,1]((BUN <= 1.614 | DBP <= 123.225) & DBP <= 118.402)
",8331813603272191.000,118.402,0.000,1.000,0.000,19,0,1,3,22,1,20,3,0.8636363636363636,0.0,1.0,0.95,0.8444444444444444,0.15555555555555556,1
"F[1,1](Creatinine >= 0.051 | Temp >= 3.952)
",-7294774735422323.000,-0.051,0.000,0.000,1.000,19,0,0,4,23,0,19,4,0.8260869565217391,0.0,0.0,1.0,0.8444444444444444,0.15555555555555556,-1
"G[0,0](Hct >= 0.606 | HR <= 79.488)
",-2727879271442146.000,-0.606,0.000,1.000,0.000,18,0,0,5,23,0,18,5,0.782608695652174,0.0,0.0,1.0,0.8,0.19999999999999996,1
"G[0,1]((O2Sat <= 93.385 -> Temp >= 0.737) | Potassium >= 3.340)
",9999999.000,9999999.000,0.000,1.000,0.000,18,0,1,4,22,1,19,4,0.8181818181818182,0.0,1.0,0.9473684210526315,0.8,0.19999999999999996,1
"G[0,1](Glucose <= 35.633 & Resp >= 14.083)
",9999999.000,9999999.000,0.000,1.000,0.000,18,0,1,4,22,1,19,4,0.8181818181818182,0.0,1.0,0.9473684210526315,0.8,0.19999999999999996,1
"G[0,1](Resp >= 10.519 & Glucose <= 95.237)
",9999999.000,9999999.000,0.000,1.000,0.000,18,0,1,4,22,1,19,4,0.8181818181818182,0.0,1.0,0.9473684210526315,0.8,0.19999999999999996,1
"((Calcium <= 1.461) U[0,0] (HR <= 73.368))
",-0.083,-0.903,0.000,0.000,1.000,17,0,0,6,23,0,17,6,0.7391304347826086,0.0,0.0,1.0,0.7555555555555555,0.24444444444444446,-1
"((BUN <= 25.509) U[0,0] (Resp <= 19.218))
",6.986,24.737,0.000,0.000,1.000,16,0,0,7,23,0,16,7,0.6956521739130435,0.0,0.0,1.0,0.7111111111111111,0.28888888888888886,-1
"((Platelets <= 65.059) U[1,1] (SBP <= 165.002))
",165.002,165.002,0.000,0.000,1.000,14,0,0,9,23,0,14,9,0.6086956521739131,0.0,0.0,1.0,0.6222222222222222,0.37777777777777777,-1
"((Hct >= 0.938) U[1,2] (DBP <= 101.177))
",-9999999.000,-9999999.000,0.000,0.000,1.000,14,0,0,9,23,0,14,9,0.6086956521739131,0.0,0.0,1.0,0.6222222222222222,0.37777777777777777,-1
"F[0,1](((MAP >= 108.650 & Potassium <= 0.699) -> DBP <= 1.728) & pH <= 0.339)
",-9999999.000,-9999999.000,0.000,0.000,1.000,12,0,0,11,23,0,12,11,0.5217391304347826,0.0,0.0,1.0,0.5333333333333333,0.4666666666666667,-1
"((MAP >= 118.420) U[1,1] (SBP <= 203.529))
",203.529,203.529,0.000,0.000,1.000,11,0,0,12,23,0,11,12,0.4782608695652174,0.0,0.0,1.0,0.4888888888888889,0.5111111111111111,-1
"F[0,1](Bilirubin_direct <= 0.000 & Temp >= 8.392)
",-9999999.000,-9999999.000,0.000,0.000,1.000,11,0,0,12,23,0,11,12,0.4782608695652174,0.0,0.0,1.0,0.4888888888888889,0.5111111111111111,-1
"((Glucose >= 4.350) U[0,1] (Resp <= 19.379))
",-9999999.000,-9999999.000,0.000,0.000,1.000,11,0,0,12,23,0,11,12,0.4782608695652174,0.0,0.0,1.0,0.4888888888888889,0.5111111111111111,-1
"F[0,1](((Bilirubin_direct >= 0.000 & Bilirubin_total <= 0.294) & Temp >= 0.014) & BUN <= 0.336)
",-9999999.000,-9999999.000,0.000,0.000,1.000,11,0,0,12,23,0,11,12,0.4782608695652174,0.0,0.0,1.0,0.4888888888888889,0.5111111111111111,-1
"F[0,1]((Temp >= 8.439 -> Hct >= 0.239) -> SaO2 >= 0.941)
",-9999999.000,-9999999.000,0.000,0.000,1.000,11,0,0,12,23,0,11,12,0.4782608695652174,0.0,0.0,1.0,0.4888888888888889,0.5111111111111111,-1
"((MAP >= 77.740) U[1,1] (SBP <= 178.287))
",6272918492710660.000,178.287,0.000,0.000,1.000,9,0,0,14,23,0,9,14,0.391304347826087,0.0,0.0,1.0,0.4,0.6,-1
"((DBP <= 98.503) U[1,1] (Hct <= 25.252))
",6931565719471167.000,98.503,0.000,0.000,1.000,9,0,0,14,23,0,9,14,0.391304347826087,0.0,0.0,1.0,0.4,0.6,-1
"G[0,0](((O2Sat <= 96.627 & PaCO2 <= 0.000) & SaO2 <= 0.000) & WBC <= 0.000)
",0.000,0.000,0.000,1.000,0.000,7,0,0,16,23,0,7,16,0.30434782608695654,0.0,0.0,1.0,0.3111111111111111,0.6888888888888889,1
"F[0,1](pH >= 0.000 & DBP <= 97.371)
",-9999999.000,-9999999.000,0.000,0.000,1.000,6,0,0,17,23,0,6,17,0.2608695652173913,0.0,0.0,1.0,0.26666666666666666,0.7333333333333334,-1
"F[1,1](HR <= 78.202 & TroponinI <= 0.000)
",0.000,0.000,0.000,0.000,1.000,6,0,0,17,23,0,6,17,0.2608695652173913,0.0,0.0,1.0,0.26666666666666666,0.7333333333333334,-1
"((Creatinine >= 0.064) U[0,1] (SBP <= 189.636))
",-9999999.000,-9999999.000,0.000,0.000,1.000,4,0,0,19,23,0,4,19,0.17391304347826086,0.0,0.0,1.0,0.17777777777777778,0.8222222222222222,-1
"G[0,1](((Resp <= 19.057 & SBP <= 208.850) | Bilirubin_direct >= 76.841) | Temp >= 126.128)
",9999999.000,9999999.000,0.000,1.000,0.000,4,0,1,18,22,1,5,18,0.18181818181818182,0.0,1.0,0.8,0.17777777777777778,0.8222222222222222,1
"F[1,1]((Bilirubin_total <= 0.311 & Temp <= 14.636) & DBP >= 3.447)
",-3881500574574894.500,-3.447,0.000,0.000,1.000,3,0,0,20,23,0,3,20,0.13043478260869565,0.0,0.0,1.0,0.13333333333333333,0.8666666666666667,-1
"((BUN <= 28.096) U[0,1] (SBP >= 149.138))
",-9999999.000,-9999999.000,0.000,0.000,1.000,3,0,0,20,23,0,3,20,0.13043478260869565,0.0,0.0,1.0,0.13333333333333333,0.8666666666666667,-1
"G[1,1]((Bilirubin_direct <= 0.000 & BUN >= 0.738) | Lactate >= 1.101)
",-0.738,-0.738,0.000,1.000,0.000,2,0,1,20,22,1,3,20,0.09090909090909091,0.0,1.0,0.6666666666666666,0.08888888888888889,0.9111111111111111,1
"G[1,1]((FiO2 <= 0.000 | Magnesium <= 1.763) -> Hct >= 0.015)
",-1.763,-1.763,0.000,1.000,0.000,1,0,1,21,22,1,2,21,0.045454545454545456,0.0,1.0,0.5,0.044444444444444446,0.9555555555555556,1
"F[1,1]((Phosphate >= 0.071 & Magnesium > 0.041) -> Calcium < 8.358)
",-4705192190429212.000,-8.358,0.000,0.000,1.000,1,0,0,22,23,0,1,22,0.043478260869565216,0.0,0.0,1.0,0.044444444444444446,0.9555555555555556,-1
"F[1,1]((Phosphate >= 0.069 & Magnesium > 0.014) -> Calcium < 1.689)
",-7605576746747747.000,-1.689,0.000,0.000,1.000,1,0,0,22,23,0,1,22,0.043478260869565216,0.0,0.0,1.0,0.044444444444444446,0.9555555555555556,-1
"F[1,1](Hgb <= 4.081 | Hct <= 24.577)
",24.577,24.577,0.000,0.000,1.000,1,0,0,22,23,0,1,22,0.043478260869565216,0.0,0.0,1.0,0.044444444444444446,0.9555555555555556,-1
"F[1,1](Hgb <= 11.257 | Hct <= 20.509)
",5772860833728111.000,20.509,0.000,0.000,1.000,1,0,0,22,23,0,1,22,0.043478260869565216,0.0,0.0,1.0,0.044444444444444446,0.9555555555555556,-1
"((AST <= 7.929) U[1,1] (Bilirubin_total <= 0.105))
",8927417876764767.000,7.929,0.000,0.000,1.000,1,0,0,22,23,0,1,22,0.043478260869565216,0.0,0.0,1.0,0.044444444444444446,0.9555555555555556,-1
"F[0,1](MAP <= 150.211 | Creatinine >= 0.085)
",-9999999.000,-9999999.000,0.000,0.000,1.000,1,0,0,22,23,0,1,22,0.043478260869565216,0.0,0.0,1.0,0.044444444444444446,0.9555555555555556,-1
"F[1,1](((Phosphate >= 0.063 & Resp >= 4.252) -> PTT >= 2.921) | SepsisLabel >= 2.949)
",2.921,2.921,0.000,0.000,1.000,1,0,0,22,23,0,1,22,0.043478260869565216,0.0,0.0,1.0,0.044444444444444446,0.9555555555555556,-1
"F[1,1](((Hgb >= 0.293 & Resp <= 22.068) & MAP >= 16.397) | Resp >= 13.617)
",-3832888661960982.500,-13.617,0.000,0.000,1.000,1,0,0,22,23,0,1,22,0.043478260869565216,0.0,0.0,1.0,0.044444444444444446,0.9555555555555556,-1
"((HCO3 >= 0.000) U[0,0] (O2Sat >= 7.439))
",11.597,67.493,0.000,0.000,1.000,1,0,0,22,23,0,1,22,0.043478260869565216,0.0,0.0,1.0,0.044444444444444446,0.9555555555555556,-1
"((SBP > 79.664) U[1,2] (SepsisLabel = 0.000))
",-9999999.000,-9999999.000,0.000,0.000,1.000,1,0,0,22,23,0,1,22,0.043478260869565216,0.0,0.0,1.0,0.044444444444444446,0.9555555555555556,-1
"F[0,0](((pH <= 0.000 & Resp >= 1.698) | Alkalinephos <= 21.918) -> MAP >= 18.922)
",-7.499,-156.760,0.000,0.000,1.000,1,0,0,22,23,0,1,22,0.043478260869565216,0.0,0.0,1.0,0.044444444444444446,0.9555555555555556,-1
"F[0,1](AST <= 1.037 -> O2Sat <= 99.421)
",-9999999.000,-9999999.000,0.000,0.000,1.000,1,0,0,22,23,0,1,22,0.043478260869565216,0.0,0.0,1.0,0.044444444444444446,0.9555555555555556,-1
"((EtCO2 <= 0.000) U[1,1] (Resp >= 16.766))
",0.000,0.000,0.000,0.000,1.000,1,0,0,22,23,0,1,22,0.043478260869565216,0.0,0.0,1.0,0.044444444444444446,0.9555555555555556,-1
"F[0,1]((HR <= 82.021 & pH >= 0.000) & BaseExcess >= 0.000)
",-9999999.000,-9999999.000,0.000,0.000,1.000,1,0,0,22,23,0,1,22,0.043478260869565216,0.0,0.0,1.0,0.044444444444444446,0.9555555555555556,-1
"F[1,1](SaO2 <= 0.000 & Bilirubin_total <= 0.523)
",0.000,0.000,0.000,0.000,1.000,1,0,0,22,23,0,1,22,0.043478260869565216,0.0,0.0,1.0,0.044444444444444446,0.9555555555555556,-1
"F[1,1]((HR >= 10.803 & MAP <= 170.045) & Bilirubin_direct <= 151.104)
",-6081779777428801.000,-10.803,0.000,0.000,1.000,1,0,0,22,23,0,1,22,0.043478260869565216,0.0,0.0,1.0,0.044444444444444446,0.9555555555555556,-1
"F[1,1](Platelets >= 2.807 -> Platelets <= 160.646)
",-2826114562931562.000,-160.646,0.000,0.000,1.000,1,0,0,22,23,0,1,22,0.043478260869565216,0.0,0.0,1.0,0.044444444444444446,0.9555555555555556,-1
"((O2Sat >= 86.128) U[1,2] (Bilirubin_total <= 0.131))
",-9999999.000,-9999999.000,0.000,0.000,1.000,1,0,0,22,23,0,1,22,0.043478260869565216,0.0,0.0,1.0,0.044444444444444446,0.9555555555555556,-1
"G[1,1](((Hgb <= 6.692 | Hct <= 4.042) -> WBC >= 0.018) & Platelets >= 1.741)
",-6.692,-6.692,0.000,1.000,0.000,1,0,1,21,22,1,2,21,0.045454545454545456,0.0,1.0,0.5,0.044444444444444446,0.9555555555555556,1
"G[0,0](((Glucose <= 79.228 -> MAP >= 88.747) & DBP >= 0.816) -> WBC >= 33.476)
",33.476,33.476,0.000,1.000,0.000,1,0,0,22,23,0,1,22,0.043478260869565216,0.0,0.0,1.0,0.044444444444444446,0.9555555555555556,1
"G[1,1](((Hgb <= 7.838 | Hct <= 15.245) -> WBC >= 0.020) & Platelets >= 2.871)
",-15.245,-15.245,0.000,1.000,0.000,1,0,1,21,22,1,2,21,0.045454545454545456,0.0,1.0,0.5,0.044444444444444446,0.9555555555555556,1
"F[1,1]((Phosphate >= 0.036 & Magnesium > 0.043) -> Calcium < 2.973)
",-6694234524075135.000,-2.973,0.000,0.000,1.000,1,0,0,22,23,0,1,22,0.043478260869565216,0.0,0.0,1.0,0.044444444444444446,0.9555555555555556,-1
"G[1,1](Platelets <= 178.457 -> WBC >= 0.044)
",-3139445888255650.000,-178.457,0.000,1.000,0.000,1,0,1,21,22,1,2,21,0.045454545454545456,0.0,1.0,0.5,0.044444444444444446,0.9555555555555556,1
"F[1,2]((Hct >= 0.149 | Calcium <= 5.694) & Bilirubin_direct >= 0.333)
",-9999999.000,-9999999.000,0.000,0.000,1.000,0,0,0,23,23,0,0,23,0.0,0.0,0.0,0.0,0.0,1.0,-1
"F[1,2](((EtCO2 >= 0.000 -> Hct <= 15.732) & Platelets <= 11.185) & Temp >= 0.475)
",-9999999.000,-9999999.000,0.000,0.000,1.000,0,0,0,23,23,0,0,23,0.0,0.0,0.0,0.0,0.0,1.0,-1
"((SBP <= 171.321) U[0,2] (SaO2 >= 0.000))
",-9999999.000,-9999999.000,0.000,0.000,1.000,0,0,0,23,23,0,0,23,0.0,0.0,0.0,0.0,0.0,1.0,-1
"F[0,1](SBP >= 143.624 -> Magnesium <= 1.425)
",-9999999.000,-9999999.000,0.000,0.000,1.000,0,0,0,23,23,0,0,23,0.0,0.0,0.0,0.0,0.0,1.0,-1
"F[1,2](((Calcium < 1.623 & Potassium < 2.938) & Magnesium < 0.530) & Phosphate < 2.149)
",-9999999.000,-9999999.000,0.000,0.000,1.000,0,0,0,23,23,0,0,23,0.0,0.0,0.0,0.0,0.0,1.0,-1
"((MAP >= 89.246) U[0,2] (PaCO2 >= 0.000))
",-9999999.000,-9999999.000,0.000,0.000,1.000,0,0,0,23,23,0,0,23,0.0,0.0,0.0,0.0,0.0,1.0,-1
"F[2,2](((BUN <= 18.130 & Hct <= 20.233) & Potassium <= 9.346) -> Bilirubin_total >= 0.763)
",-9.346,-9.346,0.000,0.000,1.000,0,0,0,23,23,0,0,23,0.0,0.0,0.0,0.0,0.0,1.0,-1
"F[2,2]((WBC >= 0.019 -> Bilirubin_total <= 0.245) -> Creatinine >= 0.000)
",7719644828294390.000,0.000,0.000,0.000,1.000,0,0,0,23,23,0,0,23,0.0,0.0,0.0,0.0,0.0,1.0,-1
"F[1,2](((Magnesium <= 1.448 & Hgb <= 13.780) | DBP <= 6.130) | HR >= 0.243)
",-9999999.000,-9999999.000,0.000,0.000,1.000,0,0,0,23,23,0,0,23,0.0,0.0,0.0,0.0,0.0,1.0,-1
"F[1,1](((Potassium >= 0.116 -> FiO2 >= 0.000) & FiO2 >= 0.000) | Fibrinogen >= 0.000)
",0.000,0.000,0.000,0.000,1.000,0,0,0,23,23,0,0,23,0.0,0.0,0.0,0.0,0.0,1.0,-1
"((WBC >= 0.079) U[0,0] (Bilirubin_direct <= 0.000))
",-0.218,-0.004,0.000,0.000,1.000,0,0,0,23,23,0,0,23,0.0,0.0,0.0,0.0,0.0,1.0,-1
"F[1,2]((Calcium <= 6.423 -> Lactate >= 0.000) -> MAP >= 0.000)
",-9999999.000,-9999999.000,0.000,0.000,1.000,0,0,0,23,23,0,0,23,0.0,0.0,0.0,0.0,0.0,1.0,-1
"F[1,2](((BUN <= 29.733 -> AST >= 0.191) & BUN >= 0.283) -> BUN >= 0.101)
",-9999999.000,-9999999.000,0.000,0.000,1.000,0,0,0,23,23,0,0,23,0.0,0.0,0.0,0.0,0.0,1.0,-1
"F[2,2](((HCO3 <= 0.000 | Chloride <= 0.000) & SepsisLabel <= 0.000) -> Potassium >= 0.000)
",0.000,0.000,0.000,0.000,1.000,0,0,0,23,23,0,0,23,0.0,0.0,0.0,0.0,0.0,1.0,-1
"F[0,2]((SaO2 <= 0.000 -> Lactate >= 0.000) | Bilirubin_direct <= 0.000)
",-9999999.000,-9999999.000,0.000,0.000,1.000,0,0,0,23,23,0,0,23,0.0,0.0,0.0,0.0,0.0,1.0,-1
"F[1,1](Magnesium <= 1.620 -> Hgb <= 12.929)
",-12.929,-12.929,0.000,0.000,1.000,0,0,0,23,23,0,0,23,0.0,0.0,0.0,0.0,0.0,1.0,-1
"F[0,1]((Phosphate >= 0.065 & Magnesium > 0.043) -> Calcium < 1.381)
",-9999999.000,-9999999.000,0.000,0.000,1.000,0,0,0,23,23,0,0,23,0.0,0.0,0.0,0.0,0.0,1.0,-1
"((MAP >= 47.501) U[0,2] (SBP <= 208.817))
",-9999999.000,-9999999.000,0.000,0.000,1.000,0,0,0,23,23,0,0,23,0.0,0.0,0.0,0.0,0.0,1.0,-1
"F[0,2]((HCO3 <= 0.000 | Bilirubin_total >= 0.010) -> Bilirubin_total >= 0.014)
",-9999999.000,-9999999.000,0.000,0.000,1.000,0,0,0,23,23,0,0,23,0.0,0.0,0.0,0.0,0.0,1.0,-1
"F[0,2]((Calcium <= 1.664 | Resp <= 21.989) -> Temp <= 22.030)
",-9999999.000,-9999999.000,0.000,0.000,1.000,0,0,0,23,23,0,0,23,0.0,0.0,0.0,0.0,0.0,1.0,-1
"((Chloride >= 0.000) U[0,2] (SepsisLabel = 0.000))
",-9999999.000,-9999999.000,0.000,0.000,1.000,0,0,0,23,23,0,0,23,0.0,0.0,0.0,0.0,0.0,1.0,-1
"((AST >= 0.041) U[0,2] (DBP >= 15.329))
",-9999999.000,-9999999.000,0.000,0.000,1.000,0,0,0,23,23,0,0,23,0.0,0.0,0.0,0.0,0.0,1.0,-1
"F[0,2]((Magnesium >= 0.021 & SBP >= 125.316) -> Lactate <= 204.861)
",-9999999.000,-9999999.000,0.000,0.000,1.000,0,0,0,23,23,0,0,23,0.0,0.0,0.0,0.0,0.0,1.0,-1
"F[1,2]((Platelets <= 122.124 | MAP >= 77.658) -> Lactate <= 177.628)
",-9999999.000,-9999999.000,0.000,0.000,1.000,0,0,0,23,23,0,0,23,0.0,0.0,0.0,0.0,0.0,1.0,-1
"F[2,2](((Hct >= 0.574 & Phosphate <= 0.083) | PTT >= 0.059) & WBC <= 2.442)
",-4235009509745742.500,-0.059,0.000,0.000,1.000,0,0,0,23,23,0,0,23,0.0,0.0,0.0,0.0,0.0,1.0,-1
"F[0,1]((SepsisLabel <= 0.000 | Calcium >= 0.141) | HR >= 0.329)
",-9999999.000,-9999999.000,0.000,0.000,1.000,0,0,0,23,23,0,0,23,0.0,0.0,0.0,0.0,0.0,1.0,-1
"F[1,2]((Calcium <= 3.681 & Potassium <= 2.559) & Magnesium >= 0.024)
",-9999999.000,-9999999.000,0.000,0.000,1.000,0,0,0,23,23,0,0,23,0.0,0.0,0.0,0.0,0.0,1.0,-1
"((Platelets >= 1.149) U[0,2] (Phosphate >= 0.074))
",-9999999.000,-9999999.000,0.000,0.000,1.000,0,0,0,23,23,0,0,23,0.0,0.0,0.0,0.0,0.0,1.0,-1
"F[0,1]((MAP <= 147.754 | Temp >= 4.829) -> BaseExcess <= 27.276)
",-9999999.000,-9999999.000,0.000,0.000,1.000,0,0,0,23,23,0,0,23,0.0,0.0,0.0,0.0,0.0,1.0,-1
"F[1,2]((Fibrinogen <= 0.000 | FiO2 <= 0.000) | MAP >= 0.000)
",-9999999.000,-9999999.000,0.000,0.000,1.000,0,0,0,23,23,0,0,23,0.0,0.0,0.0,0.0,0.0,1.0,-1
"F[1,2]((Creatinine <= 2.062 -> PaCO2 <= 0.000) -> Creatinine >= 0.000)
",-9999999.000,-9999999.000,0.000,0.000,1.000,0,0,0,23,23,0,0,23,0.0,0.0,0.0,0.0,0.0,1.0,-1
"F[0,2](((Alkalinephos <= 32.625 & Alkalinephos <= 28.539) & pH >= 0.637) -> Platelets >= 0.947)
",-9999999.000,-9999999.000,0.000,0.000,1.000,0,0,0,23,23,0,0,23,0.0,0.0,0.0,0.0,0.0,1.0,-1
"F[1,2](((Calcium < 6.199 & Potassium < 2.159) & Magnesium < 0.287) & Phosphate < 1.698)
",-9999999.000,-9999999.000,0.000,0.000,1.000,0,0,0,23,23,0,0,23,0.0,0.0,0.0,0.0,0.0,1.0,-1
"((Calcium <= 4.721) U[1,2] (WBC >= 0.047))
",-9999999.000,-9999999.000,0.000,0.000,1.000,0,0,0,23,23,0,0,23,0.0,0.0,0.0,0.0,0.0,1.0,-1
"F[0,2](Hgb <= 6.848 | Hct <= 34.576)
",-9999999.000,-9999999.000,0.000,0.000,1.000,0,0,0,23,23,0,0,23,0.0,0.0,0.0,0.0,0.0,1.0,-1
"F[1,1](Alkalinephos <= 26.004 -> PTT >= 0.000)
",-7319337487301027.000,-26.004,0.000,0.000,1.000,0,0,0,23,23,0,0,23,0.0,0.0,0.0,0.0,0.0,1.0,-1
"((O2Sat <= 99.919) U[2,2] (Alkalinephos <= 46.857))
",99.919,99.919,0.000,0.000,1.000,0,0,0,23,23,0,0,23,0.0,0.0,0.0,0.0,0.0,1.0,-1
"F[1,2](MAP >= 16.267 -> Bilirubin_direct >= 0.000)
",-9999999.000,-9999999.000,0.000,0.000,1.000,0,0,0,23,23,0,0,23,0.0,0.0,0.0,0.0,0.0,1.0,-1
"((Alkalinephos >= 0.799) U[2,2] (Potassium >= 0.056))
",-8012124962518913.000,-0.056,0.000,0.000,1.000,0,0,0,23,23,0,0,23,0.0,0.0,0.0,0.0,0.0,1.0,-1
"F[2,2](HCO3 <= 0.000 | Chloride >= 0.000)
",0.000,0.000,0.000,0.000,1.000,0,0,0,23,23,0,0,23,0.0,0.0,0.0,0.0,0.0,1.0,-1
"F[0,2](BUN <= 13.048 | Magnesium <= 0.812)
",-9999999.000,-9999999.000,0.000,0.000,1.000,0,0,0,23,23,0,0,23,0.0,0.0,0.0,0.0,0.0,1.0,-1
"F[0,2]((PTT >= 0.000 -> Creatinine <= 2.324) & Temp >= 0.090)
",-9999999.000,-9999999.000,0.000,0.000,1.000,0,0,0,23,23,0,0,23,0.0,0.0,0.0,0.0,0.0,1.0,-1
"F[1,2](MAP >= 90.969 & Bilirubin_total <= 0.341)
",-9999999.000,-9999999.000,0.000,0.000,1.000,0,0,0,23,23,0,0,23,0.0,0.0,0.0,0.0,0.0,1.0,-1
"F[0,2](((Alkalinephos <= 25.502 & Platelets >= 0.958) | WBC <= 78.918) & O2Sat <= 198.614)
",-9999999.000,-9999999.000,0.000,0.000,1.000,0,0,0,23,23,0,0,23,0.0,0.0,0.0,0.0,0.0,1.0,-1
"F[1,1]((Fibrinogen >= 0.000 & Hct >= 0.343) -> WBC >= 0.510)
",6177697552036127.000,0.343,0.000,0.000,1.000,0,0,0,23,23,0,0,23,0.0,0.0,0.0,0.0,0.0,1.0,-1
"F[0,2]((Platelets <= 185.365 -> MAP <= 148.075) & Phosphate <= 165.807)
",-9999999.000,-9999999.000,0.000,0.000,1.000,0,0,0,23,23,0,0,23,0.0,0.0,0.0,0.0,0.0,1.0,-1
"F[0,2](((Calcium < 5.180 & Potassium < 2.777) & Magnesium < 1.744) & Phosphate < 2.863)
",-9999999.000,-9999999.000,0.000,0.000,1.000,0,0,0,23,23,0,0,23,0.0,0.0,0.0,0.0,0.0,1.0,-1
"F[1,2]((PTT >= 0.000 -> Platelets <= 79.799) & Fibrinogen <= 16.417)
",-9999999.000,-9999999.000,0.000,0.000,1.000,0,0,0,23,23,0,0,23,0.0,0.0,0.0,0.0,0.0,1.0,-1
"G[0,2](EtCO2 <= 0.000 & Chloride >= 0.000)
",9999999.000,9999999.000,0.000,1.000,0.000,0,0,23,0,0,23,23,0,0.0,0.0,1.0,0.0,0.0,1.0,1
"F[1,2](Magnesium <= 2.094 -> MAP <= 126.445)
",-9999999.000,-9999999.000,0.000,0.000,1.000,0,0,0,23,23,0,0,23,0.0,0.0,0.0,0.0,0.0,1.0,-1
"F[0,1]((BUN >= 1.201 | Alkalinephos >= 1.024) | Chloride <= 20.040)
",-9999999.000,-9999999.000,0.000,0.000,1.000,0,0,0,23,23,0,0,23,0.0,0.0,0.0,0.0,0.0,1.0,-1
"((MAP >= 1.453) U[0,2] (SBP <= 211.622))
",-9999999.000,-9999999.000,0.000,0.000,1.000,0,0,0,23,23,0,0,23,0.0,0.0,0.0,0.0,0.0,1.0,-1
"((Bilirubin_total <= 0.261) U[1,2] (AST >= 0.207))
",-9999999.000,-9999999.000,0.000,0.000,1.000,0,0,0,23,23,0,0,23,0.0,0.0,0.0,0.0,0.0,1.0,-1
"F[1,2](((Fibrinogen <= 0.000 | EtCO2 >= 0.000) | Bilirubin_direct >= 0.000) -> Temp >= 0.000)
",-9999999.000,-9999999.000,0.000,0.000,1.000,0,0,0,23,23,0,0,23,0.0,0.0,0.0,0.0,0.0,1.0,-1
"((Phosphate <= 0.116) U[0,1] (Lactate <= 0.000))
",-9999999.000,-9999999.000,0.000,0.000,1.000,0,0,0,23,23,0,0,23,0.0,0.0,0.0,0.0,0.0,1.0,-1
"((SepsisLabel <= 0.000) U[0,1] (Bilirubin_direct <= 0.000))
",-9999999.000,-9999999.000,0.000,0.000,1.000,0,0,0,23,23,0,0,23,0.0,0.0,0.0,0.0,0.0,1.0,-1
"F[0,2](((Glucose >= 3.419 | EtCO2 >= 0.000) -> Phosphate <= 0.000) | Bilirubin_total >= 0.000)
",-9999999.000,-9999999.000,0.000,0.000,1.000,0,0,0,23,23,0,0,23,0.0,0.0,0.0,0.0,0.0,1.0,-1
"F[0,0]((Temp >= 3.518 -> FiO2 <= 0.000) -> FiO2 >= 0.000)
",0.000,0.000,0.000,0.000,1.000,0,0,0,23,23,0,0,23,0.0,0.0,0.0,0.0,0.0,1.0,-1
"F[0,2](((HR <= 73.359 & Fibrinogen <= 0.000) & BaseExcess >= 0.000) | EtCO2 >= 0.000)
",-9999999.000,-9999999.000,0.000,0.000,1.000,0,0,0,23,23,0,0,23,0.0,0.0,0.0,0.0,0.0,1.0,-1
"F[0,0](Creatinine >= 0.072 -> Lactate >= 0.000)
",-0.218,-4.864,0.000,0.000,1.000,0,0,0,23,23,0,0,23,0.0,0.0,0.0,0.0,0.0,1.0,-1
"((Bilirubin_direct >= 0.000) U[1,2] (Phosphate <= 1.065))
",-9999999.000,-9999999.000,0.000,0.000,1.000,0,0,0,23,23,0,0,23,0.0,0.0,0.0,0.0,0.0,1.0,-1
"((Resp <= 20.370) U[0,2] (Fibrinogen >= 0.000))
",-9999999.000,-9999999.000,0.000,0.000,1.000,0,0,0,23,23,0,0,23,0.0,0.0,0.0,0.0,0.0,1.0,-1
"F[0,1]((SaO2 <= 0.000 | EtCO2 <= 0.000) & SaO2 >= 0.000)
",-9999999.000,-9999999.000,0.000,0.000,1.000,0,0,0,23,23,0,0,23,0.0,0.0,0.0,0.0,0.0,1.0,-1
"((SBP <= 198.207) U[0,1] (Temp <= 14.053))
",-9999999.000,-9999999.000,0.000,0.000,1.000,0,0,0,23,23,0,0,23,0.0,0.0,0.0,0.0,0.0,1.0,-1
"F[2,2](Bilirubin_total >= 0.012 | WBC >= 0.019)
",-0.012,-0.012,0.000,0.000,1.000,0,0,0,23,23,0,0,23,0.0,0.0,0.0,0.0,0.0,1.0,-1
"F[0,2](((Hct <= 25.174 -> Phosphate >= 0.051) | MAP >= 0.037) | Temp >= 0.032)
",-9999999.000,-9999999.000,0.000,0.000,1.000,0,0,0,23,23,0,0,23,0.0,0.0,0.0,0.0,0.0,1.0,-1
"F[2,2]((Calcium <= 1.796 & Potassium <= 3.059) & Magnesium >= 0.031)
",-0.031,-0.031,0.000,0.000,1.000,0,0,0,23,23,0,0,23,0.0,0.0,0.0,0.0,0.0,1.0,-1
"F[0,2]((Platelets >= 2.761 & Hct <= 2.441) | BUN <= 5.515)
",-9999999.000,-9999999.000,0.000,0.000,1.000,0,0,0,23,23,0,0,23,0.0,0.0,0.0,0.0,0.0,1.0,-1
"F[0,2](((Calcium < 7.022 & Potassium < 2.521) & Magnesium < 1.591) & Phosphate < 1.850)
",-9999999.000,-9999999.000,0.000,0.000,1.000,0,0,0,23,23,0,0,23,0.0,0.0,0.0,0.0,0.0,1.0,-1
"F[0,2](((FiO2 <= 0.000 -> SBP <= 168.456) -> pH >= 118.160) | Hgb <= 194.513)
",-9999999.000,-9999999.000,0.000,0.000,1.000,0,0,0,23,23,0,0,23,0.0,0.0,0.0,0.0,0.0,1.0,-1
"F[0,2]((BaseExcess <= 0.000 & Phosphate <= 3.267) | BUN <= 1.262)
",-9999999.000,-9999999.000,0.000,0.000,1.000,0,0,0,23,23,0,0,23,0.0,0.0,0.0,0.0,0.0,1.0,-1
"F[0,1]((Platelets >= 1.142 & Lactate <= 0.000) -> Bilirubin_direct >= 0.000)
",-9999999.000,-9999999.000,0.000,0.000,1.000,0,0,0,23,23,0,0,23,0.0,0.0,0.0,0.0,0.0,1.0,-1
"F[0,1](Fibrinogen >= 0.000 & FiO2 <= 0.000)
",-9999999.000,-9999999.000,0.000,0.000,1.000,0,0,0,23,23,0,0,23,0.0,0.0,0.0,0.0,0.0,1.0,-1
"F[0,1](((Bilirubin_total >= 0.008 -> Hgb <= 13.454) -> Hct <= 5.706) & EtCO2 <= 9.842)
",-9999999.000,-9999999.000,0.000,0.000,1.000,0,0,0,23,23,0,0,23,0.0,0.0,0.0,0.0,0.0,1.0,-1
"F[1,1](Glucose <= 70.007 -> pH >= 0.000)
",-4926276111962863.000,-70.007,0.000,0.000,1.000,0,0,0,23,23,0,0,23,0.0,0.0,0.0,0.0,0.0,1.0,-1
"F[1,2]((Platelets <= 136.454 & PTT >= 0.000) | Fibrinogen <= 0.000)
",-9999999.000,-9999999.000,0.000,0.000,1.000,0,0,0,23,23,0,0,23,0.0,0.0,0.0,0.0,0.0,1.0,-1
"((Chloride >= 0.000) U[1,2] (EtCO2 >= 0.000))
",-9999999.000,-9999999.000,0.000,0.000,1.000,0,0,0,23,23,0,0,23,0.0,0.0,0.0,0.0,0.0,1.0,-1
"F[1,2](Hgb <= 14.891 | Hct <= 4.464)
",-9999999.000,-9999999.000,0.000,0.000,1.000,0,0,0,23,23,0,0,23,0.0,0.0,0.0,0.0,0.0,1.0,-1
"((HR <= 81.501) U[0,0] (TroponinI <= 0.000))
",-0.218,-0.032,0.000,0.000,1.000,0,0,0,23,23,0,0,23,0.0,0.0,0.0,0.0,0.0,1.0,-1
"F[1,2](((SaO2 <= 0.000 | Phosphate <= 0.456) | PaCO2 <= 0.408) & AST >= 0.031)
",-9999999.000,-9999999.000,0.000,0.000,1.000,0,0,0,23,23,0,0,23,0.0,0.0,0.0,0.0,0.0,1.0,-1
"F[2,2](((Hct <= 40.737 & HCO3 <= 0.000) & AST <= 0.000) -> Temp <= 0.000)
",0.000,0.000,0.000,0.000,1.000,0,0,0,23,23,0,0,23,0.0,0.0,0.0,0.0,0.0,1.0,-1
"F[0,0](((Calcium < 5.333 & Potassium < 1.529) & Magnesium < 0.655) & Phosphate < 1.656)
",-0.152,-1.496,0.000,0.000,1.000,0,0,0,23,23,0,0,23,0.0,0.0,0.0,0.0,0.0,1.0,-1
"F[0,2](Glucose <= 48.401 & HCO3 <= 0.000)
",-9999999.000,-9999999.000,0.000,0.000,1.000,0,0,0,23,23,0,0,23,0.0,0.0,0.0,0.0,0.0,1.0,-1
"F[2,2]((Calcium <= 7.374 & Potassium <= 0.877) & Magnesium >= 0.030)
",-8527102705800451.000,-0.030,0.000,0.000,1.000,0,0,0,23,23,0,0,23,0.0,0.0,0.0,0.0,0.0,1.0,-1
"((WBC >= 0.065) U[0,0] (HCO3 <= 0.000))
",0.000,0.000,0.000,0.000,1.000,0,0,0,23,23,0,0,23,0.0,0.0,0.0,0.0,0.0,1.0,-1
"F[0,2]((Hct >= 0.098 | Resp <= 20.820) | SaO2 >= 18.975)
",-9999999.000,-9999999.000,0.000,0.000,1.000,0,0,0,23,23,0,0,23,0.0,0.0,0.0,0.0,0.0,1.0,-1
"F[2,2](((BUN >= 0.045 -> Bilirubin_direct <= 0.000) & SaO2 <= 0.000) & Glucose >= 0.000)
",0.000,0.000,0.000,0.000,1.000,0,0,0,23,23,0,0,23,0.0,0.0,0.0,0.0,0.0,1.0,-1
"F[0,2](((O2Sat >= 22.958 | Lactate <= 0.000) | Magnesium <= 0.000) | Bilirubin_direct <= 0.000)
",-9999999.000,-9999999.000,0.000,0.000,1.000,0,0,0,23,23,0,0,23,0.0,0.0,0.0,0.0,0.0,1.0,-1
"((Alkalinephos <= 43.137) U[0,2] (Fibrinogen >= 0.000))
",-9999999.000,-9999999.000,0.000,0.000,1.000,0,0,0,23,23,0,0,23,0.0,0.0,0.0,0.0,0.0,1.0,-1
"F[2,2](Hgb <= 0.839 | Hct <= 30.788)
",4332956745792651.500,30.788,0.000,0.000,1.000,0,0,0,23,23,0,0,23,0.0,0.0,0.0,0.0,0.0,1.0,-1
"F[0,2](EtCO2 <= 0.000 -> FiO2 <= 0.000)
",-9999999.000,-9999999.000,0.000,0.000,1.000,0,0,0,23,23,0,0,23,0.0,0.0,0.0,0.0,0.0,1.0,-1
"((MAP >= 11.794) U[0,0] (SBP <= 212.696))
",13.175,202.384,0.000,0.000,1.000,0,0,0,23,23,0,0,23,0.0,0.0,0.0,0.0,0.0,1.0,-1
"F[1,1](((Bilirubin_total <= 0.174 & Chloride >= 0.000) -> DBP >= 0.000) & EtCO2 <= 0.000)
",0.000,0.000,0.000,0.000,1.000,0,0,0,23,23,0,0,23,0.0,0.0,0.0,0.0,0.0,1.0,-1
"F[1,2]((HCO3 >= 0.000 | Phosphate <= 1.351) -> Phosphate <= 2.417)
",-9999999.000,-9999999.000,0.000,0.000,1.000,0,0,0,23,23,0,0,23,0.0,0.0,0.0,0.0,0.0,1.0,-1
"((Resp <= 20.859) U[0,2] (Bilirubin_direct <= 0.000))
",-9999999.000,-9999999.000,0.000,0.000,1.000,0,0,0,23,23,0,0,23,0.0,0.0,0.0,0.0,0.0,1.0,-1
"F[2,2]((Phosphate >= 0.054 & Magnesium > 0.004) -> Calcium < 3.684)
",-4147328150112026.000,-3.684,0.000,0.000,1.000,0,0,0,23,23,0,0,23,0.0,0.0,0.0,0.0,0.0,1.0,-1
"((SepsisLabel <= 0.000) U[0,0] (FiO2 >= 0.000))
",0.000,0.000,0.000,0.000,1.000,0,0,0,23,23,0,0,23,0.0,0.0,0.0,0.0,0.0,1.0,-1
"F[2,2](pH > 0.000 & SepsisLabel = 0.000)
",0.000,0.000,0.000,0.000,1.000,0,0,0,23,23,0,0,23,0.0,0.0,0.0,0.0,0.0,1.0,-1
"F[0,2](MAP >= 86.026 & Phosphate >= 0.062)
",-9999999.000,-9999999.000,0.000,0.000,1.000,0,0,0,23,23,0,0,23,0.0,0.0,0.0,0.0,0.0,1.0,-1
"F[2,2]((Phosphate >= 0.038 & Magnesium > 0.010) -> Calcium < 5.044)
",-5678910101075924.000,-5.044,0.000,0.000,1.000,0,0,0,23,23,0,0,23,0.0,0.0,0.0,0.0,0.0,1.0,-1
"F[0,0]((SBP >= 78.150 -> SepsisLabel <= 0.000) -> pH <= 0.000)
",-0.218,-3.552,0.000,0.000,1.000,0,0,0,23,23,0,0,23,0.0,0.0,0.0,0.0,0.0,1.0,-1
"F[0,2](Hgb <= 3.352 & SaO2 <= 0.000)
",-9999999.000,-9999999.000,0.000,0.000,1.000,0,0,0,23,23,0,0,23,0.0,0.0,0.0,0.0,0.0,1.0,-1
"F[0,1](Resp >= 14.093 -> Lactate <= 0.000)
",-9999999.000,-9999999.000,0.000,0.000,1.000,0,0,0,23,23,0,0,23,0.0,0.0,0.0,0.0,0.0,1.0,-1
"F[0,2]((Calcium <= 3.337 & Potassium <= 0.250) & Magnesium >= 0.003)
",-9999999.000,-9999999.000,0.000,0.000,1.000,0,0,0,23,23,0,0,23,0.0,0.0,0.0,0.0,0.0,1.0,-1
"F[2,2](((Calcium < 0.765 & Potassium < 1.198) & Magnesium < 0.736) & Phosphate < 2.810)
",0.736,0.736,0.000,0.000,1.000,0,0,0,23,23,0,0,23,0.0,0.0,0.0,0.0,0.0,1.0,-1
"F[0,0](((PTT >= 0.000 | AST <= 16.617) -> Calcium >= 0.298) -> BUN <= 9.130)
",-2.360,-8.358,0.000,0.000,1.000,0,0,0,23,23,0,0,23,0.0,0.0,0.0,0.0,0.0,1.0,-1
"F[1,2](Bilirubin_direct >= 0.000 | SaO2 >= 0.000)
",-9999999.000,-9999999.000,0.000,0.000,1.000,0,0,0,23,23,0,0,23,0.0,0.0,0.0,0.0,0.0,1.0,-1
"F[0,2](((Chloride >= 0.000 & SBP <= 213.741) -> PaCO2 <= 207.290) -> MAP <= 204.133)
",-9999999.000,-9999999.000,0.000,0.000,1.000,0,0,0,23,23,0,0,23,0.0,0.0,0.0,0.0,0.0,1.0,-1
"((Resp > 14.013) U[0,1] (SepsisLabel = 0.000))
",-9999999.000,-9999999.000,0.000,0.000,1.000,0,0,0,23,23,0,0,23,0.0,0.0,0.0,0.0,0.0,1.0,-1
"((SaO2 <= 0.000) U[0,0] (TroponinI <= 0.000))
",0.000,0.000,0.000,0.000,1.000,0,0,0,23,23,0,0,23,0.0,0.0,0.0,0.0,0.0,1.0,-1
"F[0,2](((Temp >= 2.891 & Lactate <= 0.000) & DBP <= 0.000) & BaseExcess <= 0.000)
",-9999999.000,-9999999.000,0.000,0.000,1.000,0,0,0,23,23,0,0,23,0.0,0.0,0.0,0.0,0.0,1.0,-1
"F[1,2]((HCO3 >= 0.000 & BaseExcess <= 0.000) -> Hgb >= 0.000)
",-9999999.000,-9999999.000,0.000,0.000,1.000,0,0,0,23,23,0,0,23,0.0,0.0,0.0,0.0,0.0,1.0,-1
"F[1,2]((Phosphate >= 0.011 & Magnesium > 0.036) -> Calcium < 3.103)
",-9999999.000,-9999999.000,0.000,0.000,1.000,0,0,0,23,23,0,0,23,0.0,0.0,0.0,0.0,0.0,1.0,-1
"((HCO3 >= 0.000) U[0,0] (BaseExcess >= 0.000))
",0.000,0.000,0.000,0.000,1.000,0,0,0,23,23,0,0,23,0.0,0.0,0.0,0.0,0.0,1.0,-1
"F[1,2]((Calcium <= 2.669 & Potassium <= 0.268) & Magnesium >= 0.006)
",-9999999.000,-9999999.000,0.000,0.000,1.000,0,0,0,23,23,0,0,23,0.0,0.0,0.0,0.0,0.0,1.0,-1
"F[0,2](Hgb <= 5.738 | Hct <= 30.083)
",-9999999.000,-9999999.000,0.000,0.000,1.000,0,0,0,23,23,0,0,23,0.0,0.0,0.0,0.0,0.0,1.0,-1
"F[0,1](Creatinine <= 2.417 -> WBC <= 3.842)
",-9999999.000,-9999999.000,0.000,0.000,1.000,0,0,0,23,23,0,0,23,0.0,0.0,0.0,0.0,0.0,1.0,-1
"F[1,2](((HCO3 >= 0.000 & Temp <= 28.490) & SBP <= 15.032) | AST >= 7.183)
",-9999999.000,-9999999.000,0.000,0.000,1.000,0,0,0,23,23,0,0,23,0.0,0.0,0.0,0.0,0.0,1.0,-1
"((MAP >= 45.630) U[0,2] (SBP <= 206.277))
",-9999999.000,-9999999.000,0.000,0.000,1.000,0,0,0,23,23,0,0,23,0.0,0.0,0.0,0.0,0.0,1.0,-1
"F[1,1](((Calcium <= 2.373 -> SBP >= 152.741) | PTT >= 73.237) | FiO2 <= 166.597)
",5861605807182321.000,166.597,0.000,0.000,1.000,0,0,0,23,23,0,0,23,0.0,0.0,0.0,0.0,0.0,1.0,-1
"F[1,2](((SepsisLabel >= 0.000 | Platelets >= 0.338) & MAP >= 2.641) | Lactate <= 127.137)
",-9999999.000,-9999999.000,0.000,0.000,1.000,0,0,0,23,23,0,0,23,0.0,0.0,0.0,0.0,0.0,1.0,-1
"F[2,2](((Resp <= 20.560 & EtCO2 >= 0.000) & SaO2 >= 0.000) | FiO2 >= 0.000)
",0.000,0.000,0.000,0.000,1.000,0,0,0,23,23,0,0,23,0.0,0.0,0.0,0.0,0.0,1.0,-1
"F[0,1]((SBP <= 196.354 -> PTT <= 0.000) & Resp >= 0.000)
",-9999999.000,-9999999.000,0.000,0.000,1.000,0,0,0,23,23,0,0,23,0.0,0.0,0.0,0.0,0.0,1.0,-1
"F[0,2]((Temp >= 7.282 | WBC >= 0.080) -> Temp <= 2.625)
",-9999999.000,-9999999.000,0.000,0.000,1.000,0,0,0,23,23,0,0,23,0.0,0.0,0.0,0.0,0.0,1.0,-1
"F[0,1](Lactate >= 0.000 & Creatinine <= 2.374)
",-9999999.000,-9999999.000,0.000,0.000,1.000,0,0,0,23,23,0,0,23,0.0,0.0,0.0,0.0,0.0,1.0,-1
"F[1,2](Calcium >= 0.134 -> SepsisLabel <= 0.000)
",-9999999.000,-9999999.000,0.000,0.000,1.000,0,0,0,23,23,0,0,23,0.0,0.0,0.0,0.0,0.0,1.0,-1
"F[0,1](PaCO2 <= 0.000 -> Calcium <= 4.998)
",-9999999.000,-9999999.000,0.000,0.000,1.000,0,0,0,23,23,0,0,23,0.0,0.0,0.0,0.0,0.0,1.0,-1
"F[1,2](((Calcium < 6.806 & Potassium < 1.999) & Magnesium < 1.167) & Phosphate < 0.862)
",-9999999.000,-9999999.000,0.000,0.000,1.000,0,0,0,23,23,0,0,23,0.0,0.0,0.0,0.0,0.0,1.0,-1
"F[0,2]((Calcium <= 2.691 & Potassium <= 3.021) & Magnesium >= 0.009)
",-9999999.000,-9999999.000,0.000,0.000,1.000,0,0,0,23,23,0,0,23,0.0,0.0,0.0,0.0,0.0,1.0,-1
"F[1,2](Hgb <= 7.452 | Hct <= 20.544)
",-9999999.000,-9999999.000,0.000,0.000,1.000,0,0,0,23,23,0,0,23,0.0,0.0,0.0,0.0,0.0,1.0,-1
"((AST >= 0.139) U[0,0] (Chloride >= 0.000))
",0.218,0.423,0.000,0.000,1.000,0,0,0,23,23,0,0,23,0.0,0.0,0.0,0.0,0.0,1.0,-1
"F[2,2](PaCO2 >= 0.000 | BUN <= 17.428)
",4905449933021268.000,17.428,0.000,0.000,1.000,0,0,0,23,23,0,0,23,0.0,0.0,0.0,0.0,0.0,1.0,-1
"F[0,0](((Bilirubin_total >= 0.003 -> Resp <= 20.178) -> SepsisLabel <= 21.154) -> Magnesium <= 19.119)
",-2690761159139730.000,-19.119,0.000,0.000,1.000,0,0,0,23,23,0,0,23,0.0,0.0,0.0,0.0,0.0,1.0,-1
"F[1,2](Resp <= 22.628 & SepsisLabel = 0.000)
",-9999999.000,-9999999.000,0.000,0.000,1.000,0,0,0,23,23,0,0,23,0.0,0.0,0.0,0.0,0.0,1.0,-1
"F[0,1](((Hct >= 0.517 -> MAP <= 147.134) -> DBP <= 135.154) | HR >= 21.223)
",-9999999.000,-9999999.000,0.000,0.000,1.000,0,0,0,23,23,0,0,23,0.0,0.0,0.0,0.0,0.0,1.0,-1
"F[1,2](((Temp >= 8.623 & Resp >= 6.539) & DBP <= 22.924) -> FiO2 >= 14.869)
",-9999999.000,-9999999.000,0.000,0.000,1.000,0,0,0,23,23,0,0,23,0.0,0.0,0.0,0.0,0.0,1.0,-1
"F[0,0]((Lactate >= 0.000 | SBP <= 182.007) | Alkalinephos >= 135.498)
",10.077,170.452,0.000,0.000,1.000,0,0,0,23,23,0,0,23,0.0,0.0,0.0,0.0,0.0,1.0,-1
"F[0,2](((Bilirubin_direct <= 0.000 -> Hgb <= 0.685) -> DBP <= 7.242) | pH >= 0.273)
",-9999999.000,-9999999.000,0.000,0.000,1.000,0,0,0,23,23,0,0,23,0.0,0.0,0.0,0.0,0.0,1.0,-1
"F[0,2]((Phosphate >= 0.052 & Magnesium > 0.020) -> Calcium < 7.891)
",-9999999.000,-9999999.000,0.000,0.000,1.000,0,0,0,23,23,0,0,23,0.0,0.0,0.0,0.0,0.0,1.0,-1
"((FiO2 <= 0.000) U[1,2] (Creatinine <= 0.332))
",-9999999.000,-9999999.000,0.000,0.000,1.000,0,0,0,23,23,0,0,23,0.0,0.0,0.0,0.0,0.0,1.0,-1
"F[1,2]((Glucose >= 2.161 & Hgb <= 1.895) -> BaseExcess <= 0.826)
",-9999999.000,-9999999.000,0.000,0.000,1.000,0,0,0,23,23,0,0,23,0.0,0.0,0.0,0.0,0.0,1.0,-1
"F[0,2](((pH >= 0.000 -> Bilirubin_direct >= 0.000) | Alkalinephos >= 0.000) & O2Sat >= 0.000)
",-9999999.000,-9999999.000,0.000,0.000,1.000,0,0,0,23,23,0,0,23,0.0,0.0,0.0,0.0,0.0,1.0,-1
"F[1,2]((Calcium <= 7.575 & Potassium <= 0.717) & Magnesium >= 0.008)
",-9999999.000,-9999999.000,0.000,0.000,1.000,0,0,0,23,23,0,0,23,0.0,0.0,0.0,0.0,0.0,1.0,-1
"F[0,2](((O2Sat <= 94.485 & WBC <= 3.587) & EtCO2 >= 0.051) & WBC >= 0.071)
",-9999999.000,-9999999.000,0.000,0.000,1.000,0,0,0,23,23,0,0,23,0.0,0.0,0.0,0.0,0.0,1.0,-1
"F[0,2]((Temp <= 26.381 | FiO2 <= 0.000) & Potassium >= 0.000)
",-9999999.000,-9999999.000,0.000,0.000,1.000,0,0,0,23,23,0,0,23,0.0,0.0,0.0,0.0,0.0,1.0,-1
"((MAP >= 8.371) U[0,2] (SBP <= 192.212))
",-9999999.000,-9999999.000,0.000,0.000,1.000,0,0,0,23,23,0,0,23,0.0,0.0,0.0,0.0,0.0,1.0,-1
"F[0,0](Phosphate <= 2.014 -> pH >= 0.000)
",-4.583,-1.922,0.000,0.000,1.000,0,0,0,23,23,0,0,23,0.0,0.0,0.0,0.0,0.0,1.0,-1
"F[0,0](((MAP <= 122.162 -> SepsisLabel <= 0.000) -> BUN >= 0.000) & DBP >= 0.000)
",-0.218,-3.356,0.000,0.000,1.000,0,0,0,23,23,0,0,23,0.0,0.0,0.0,0.0,0.0,1.0,-1
"F[0,2](((Calcium <= 8.289 | FiO2 >= 0.000) | Creatinine >= 0.000) | Potassium <= 0.000)
",-9999999.000,-9999999.000,0.000,0.000,1.000,0,0,0,23,23,0,0,23,0.0,0.0,0.0,0.0,0.0,1.0,-1
"F[2,2](Hgb <= 13.464 | Hct <= 23.407)
",6588541751656877.000,23.407,0.000,0.000,1.000,0,0,0,23,23,0,0,23,0.0,0.0,0.0,0.0,0.0,1.0,-1
"((Calcium <= 4.474) U[0,1] (DBP <= 139.391))
",-9999999.000,-9999999.000,0.000,0.000,1.000,0,0,0,23,23,0,0,23,0.0,0.0,0.0,0.0,0.0,1.0,-1
"F[0,2](((Potassium >= 0.080 -> WBC <= 0.293) & Hgb <= 1.738) -> Bilirubin_direct >= 0.010)
",-9999999.000,-9999999.000,0.000,0.000,1.000,0,0,0,23,23,0,0,23,0.0,0.0,0.0,0.0,0.0,1.0,-1
"F[0,1](((Calcium < 7.796 & Potassium < 0.415) & Magnesium < 1.440) & Phosphate < 2.723)
",-9999999.000,-9999999.000,0.000,0.000,1.000,0,0,0,23,23,0,0,23,0.0,0.0,0.0,0.0,0.0,1.0,-1
"F[0,1]((Magnesium <= 1.594 -> O2Sat <= 94.610) -> Hct <= 97.140)
",-9999999.000,-9999999.000,0.000,0.000,1.000,0,0,0,23,23,0,0,23,0.0,0.0,0.0,0.0,0.0,1.0,-1
"F[0,0](BUN <= 19.917 | HR >= 22.966)
",24384.034,24384.034,0.000,0.000,1.000,0,0,0,23,23,0,0,23,0.0,0.0,0.0,0.0,0.0,1.0,-1
"F[1,2](HR > 59.328 & SepsisLabel = 0.000)
",-9999999.000,-9999999.000,0.000,0.000,1.000,0,0,0,23,23,0,0,23,0.0,0.0,0.0,0.0,0.0,1.0,-1
"F[1,1](((Potassium <= 2.654 -> SBP <= 168.995) & Resp >= 15.961) | MAP <= 175.230)
",175.230,175.230,0.000,0.000,1.000,0,0,0,23,23,0,0,23,0.0,0.0,0.0,0.0,0.0,1.0,-1
"((Creatinine <= 1.384) U[2,2] (SepsisLabel = 0.000))
",6230847548708895.000,1.384,0.000,0.000,1.000,0,0,0,23,23,0,0,23,0.0,0.0,0.0,0.0,0.0,1.0,-1
"((SaO2 > 0.000) U[0,2] (SepsisLabel = 0.000))
",-9999999.000,-9999999.000,0.000,0.000,1.000,0,0,0,23,23,0,0,23,0.0,0.0,0.0,0.0,0.0,1.0,-1
"F[1,2](SepsisLabel >= 0.000 -> SepsisLabel = 0.000)
",-9999999.000,-9999999.000,0.000,0.000,1.000,0,0,0,23,23,0,0,23,0.0,0.0,0.0,0.0,0.0,1.0,-1
"((Creatinine <= 2.010) U[0,2] (Resp <= 21.907))
",-9999999.000,-9999999.000,0.000,0.000,1.000,0,0,0,23,23,0,0,23,0.0,0.0,0.0,0.0,0.0,1.0,-1
"F[2,2](((HR >= 18.423 | Platelets <= 96.415) -> Bilirubin_direct <= 195.406) -> Lactate >= 0.976)
",2930691558235609.500,0.976,0.000,0.000,1.000,0,0,0,23,23,0,0,23,0.0,0.0,0.0,0.0,0.0,1.0,-1
"F[0,2](((O2Sat >= 10.225 & Platelets >= 3.682) -> FiO2 >= 2.132) | Hct >= 3.168)
",-9999999.000,-9999999.000,0.000,0.000,1.000,0,0,0,23,23,0,0,23,0.0,0.0,0.0,0.0,0.0,1.0,-1
"F[2,2](((Hct >= 0.350 -> O2Sat <= 99.809) & pH <= 98.613) -> MAP >= 8.740)
",8.740,8.740,0.000,0.000,1.000,0,0,0,23,23,0,0,23,0.0,0.0,0.0,0.0,0.0,1.0,-1
"F[1,2](Alkalinephos <= 24.756 | O2Sat <= 95.185)
",-9999999.000,-9999999.000,0.000,0.000,1.000,0,0,0,23,23,0,0,23,0.0,0.0,0.0,0.0,0.0,1.0,-1
"F[0,2](Hgb <= 0.719 & O2Sat >= 61.279)
",-9999999.000,-9999999.000,0.000,0.000,1.000,0,0,0,23,23,0,0,23,0.0,0.0,0.0,0.0,0.0,1.0,-1
"((MAP >= 62.765) U[2,2] (SBP <= 173.633))
",173.633,173.633,0.000,0.000,1.000,0,0,0,23,23,0,0,23,0.0,0.0,0.0,0.0,0.0,1.0,-1
"F[0,1](pH >= 0.000 | Creatinine >= 0.006)
",-9999999.000,-9999999.000,0.000,0.000,1.000,0,0,0,23,23,0,0,23,0.0,0.0,0.0,0.0,0.0,1.0,-1
"F[0,2](Phosphate <= 2.321 & MAP <= 127.672)
",-9999999.000,-9999999.000,0.000,0.000,1.000,0,0,0,23,23,0,0,23,0.0,0.0,0.0,0.0,0.0,1.0,-1
"F[1,2](((PTT >= 0.000 & PaCO2 >= 0.000) | DBP >= 0.000) | EtCO2 <= 0.000)
",-9999999.000,-9999999.000,0.000,0.000,1.000,0,0,0,23,23,0,0,23,0.0,0.0,0.0,0.0,0.0,1.0,-1
"F[0,2](Platelets >= 3.528 & Temp <= 34.585)
",-9999999.000,-9999999.000,0.000,0.000,1.000,0,0,0,23,23,0,0,23,0.0,0.0,0.0,0.0,0.0,1.0,-1
"F[1,2](Glucose >= 0.804 & O2Sat <= 98.089)
",-9999999.000,-9999999.000,0.000,0.000,1.000,0,0,0,23,23,0,0,23,0.0,0.0,0.0,0.0,0.0,1.0,-1
"F[0,2]((DBP >= 46.169 -> Potassium <= 2.714) & Creatinine <= 1.422)
",-9999999.000,-9999999.000,0.000,0.000,1.000,0,0,0,23,23,0,0,23,0.0,0.0,0.0,0.0,0.0,1.0,-1
"F[0,1](DBP >= 74.189 -> Glucose <= 103.181)
",-9999999.000,-9999999.000,0.000,0.000,1.000,0,0,0,23,23,0,0,23,0.0,0.0,0.0,0.0,0.0,1.0,-1
"F[1,2]((Glucose <= 72.008 -> Temp <= 32.071) | Glucose <= 11.514)
",-9999999.000,-9999999.000,0.000,0.000,1.000,0,0,0,23,23,0,0,23,0.0,0.0,0.0,0.0,0.0,1.0,-1
"F[2,2](WBC < 1.295 & SepsisLabel = 0.000)
",0.000,0.000,0.000,0.000,1.000,0,0,0,23,23,0,0,23,0.0,0.0,0.0,0.0,0.0,1.0,-1
"((AST >= 0.339) U[0,1] (SepsisLabel = 0.000))
",-9999999.000,-9999999.000,0.000,0.000,1.000,0,0,0,23,23,0,0,23,0.0,0.0,0.0,0.0,0.0,1.0,-1
"F[0,0](((SBP >= 93.611 & Temp <= 33.108) -> BUN <= 13.549) & SepsisLabel <= 13.717)
",-0.597,-21.355,0.000,0.000,1.000,0,0,0,23,23,0,0,23,0.0,0.0,0.0,0.0,0.0,1.0,-1
"F[0,2](((Hct >= 0.154 & SBP >= 144.756) -> Hct >= 41.635) -> Potassium >= 159.951)
",-9999999.000,-9999999.000,0.000,0.000,1.000,0,0,0,23,23,0,0,23,0.0,0.0,0.0,0.0,0.0,1.0,-1
"F[1,2](HR <= 76.705 & Temp <= 32.149)
",-9999999.000,-9999999.000,0.000,0.000,1.000,0,0,0,23,23,0,0,23,0.0,0.0,0.0,0.0,0.0,1.0,-1
"((EtCO2 >= 0.000) U[0,2] (SepsisLabel = 0.000))
",-9999999.000,-9999999.000,0.000,0.000,1.000,0,0,0,23,23,0,0,23,0.0,0.0,0.0,0.0,0.0,1.0,-1
"((SaO2 >= 0.000) U[0,2] (SepsisLabel = 0.000))
",-9999999.000,-9999999.000,0.000,0.000,1.000,0,0,0,23,23,0,0,23,0.0,0.0,0.0,0.0,0.0,1.0,-1
"F[1,2](((Glucose <= 97.008 -> Magnesium >= 0.023) & SepsisLabel >= 0.044) | Platelets <= 0.887)
",-9999999.000,-9999999.000,0.000,0.000,1.000,0,0,0,23,23,0,0,23,0.0,0.0,0.0,0.0,0.0,1.0,-1
"F[0,2](Creatinine >= 0.078 | HR <= 82.209)
",-9999999.000,-9999999.000,0.000,0.000,1.000,0,0,0,23,23,0,0,23,0.0,0.0,0.0,0.0,0.0,1.0,-1
"F[0,1](FiO2 >= 0.000 -> SepsisLabel = 0.000)
",-9999999.000,-9999999.000,0.000,0.000,1.000,0,0,0,23,23,0,0,23,0.0,0.0,0.0,0.0,0.0,1.0,-1
"((Chloride < 0.000) U[0,0] (SepsisLabel = 0.000))
",-0.218,-0.423,0.000,0.000,1.000,0,0,0,23,23,0,0,23,0.0,0.0,0.0,0.0,0.0,1.0,-1
"((Glucose >= 3.624) U[0,2] (SBP >= 33.529))
",-9999999.000,-9999999.000,0.000,0.000,1.000,0,0,0,23,23,0,0,23,0.0,0.0,0.0,0.0,0.0,1.0,-1
"F[0,1]((Glucose <= 76.840 & MAP <= 124.319) | pH <= 165.870)
",-9999999.000,-9999999.000,0.000,0.000,1.000,0,0,0,23,23,0,0,23,0.0,0.0,0.0,0.0,0.0,1.0,-1
"F[1,2](((Calcium >= 0.120 -> MAP >= 92.879) | Fibrinogen <= 124.306) & AST >= 94.814)
",-9999999.000,-9999999.000,0.000,0.000,1.000,0,0,0,23,23,0,0,23,0.0,0.0,0.0,0.0,0.0,1.0,-1
"F[1,2](((Calcium >= 0.059 & DBP <= 104.347) | Temp >= 8.955) -> SepsisLabel >= 61.331)
",-9999999.000,-9999999.000,0.000,0.000,1.000,0,0,0,23,23,0,0,23,0.0,0.0,0.0,0.0,0.0,1.0,-1
"F[0,2](((Calcium <= 3.582 -> WBC >= 0.031) | Hgb >= 0.052) | Potassium >= 0.037)
",-9999999.000,-9999999.000,0.000,0.000,1.000,0,0,0,23,23,0,0,23,0.0,0.0,0.0,0.0,0.0,1.0,-1
"F[1,2]((Potassium <= 3.039 & Temp <= 19.270) & pH >= 1.784)
",-9999999.000,-9999999.000,0.000,0.000,1.000,0,0,0,23,23,0,0,23,0.0,0.0,0.0,0.0,0.0,1.0,-1
"F[0,2]((AST >= 0.216 -> SBP <= 212.174) | SepsisLabel <= 202.320)
",-9999999.000,-9999999.000,0.000,0.000,1.000,0,0,0,23,23,0,0,23,0.0,0.0,0.0,0.0,0.0,1.0,-1
"F[0,2](((BUN <= 17.610 & WBC <= 4.252) | TroponinI >= 0.007) | Lactate >= 0.024)
",-9999999.000,-9999999.000,0.000,0.000,1.000,0,0,0,23,23,0,0,23,0.0,0.0,0.0,0.0,0.0,1.0,-1
"F[1,2](Alkalinephos <= 3.314 & BUN >= 0.416)
",-9999999.000,-9999999.000,0.000,0.000,1.000,0,0,0,23,23,0,0,23,0.0,0.0,0.0,0.0,0.0,1.0,-1
"F[0,2]((Bilirubin_total <= 0.536 & BUN >= 0.874) & HR >= 0.573)
",-9999999.000,-9999999.000,0.000,0.000,1.000,0,0,0,23,23,0,0,23,0.0,0.0,0.0,0.0,0.0,1.0,-1
"F[1,2](Hgb <= 9.547 & Potassium <= 1.679)
",-9999999.000,-9999999.000,0.000,0.000,1.000,0,0,0,23,23,0,0,23,0.0,0.0,0.0,0.0,0.0,1.0,-1
"F[2,2]((Phosphate >= 0.004 -> Potassium <= 2.687) | Alkalinephos >= 0.063)
",-2270690891802515.000,-0.063,0.000,0.000,1.000,0,0,0,23,23,0,0,23,0.0,0.0,0.0,0.0,0.0,1.0,-1
"F[1,2](Platelets >= 0.534 & SepsisLabel = 0.000)
",-9999999.000,-9999999.000,0.000,0.000,1.000,0,0,0,23,23,0,0,23,0.0,0.0,0.0,0.0,0.0,1.0,-1
"F[0,0](BUN <= 3.442 | Temp <= 36.298)
",0.754,2.669,0.000,0.000,1.000,0,0,0,23,23,0,0,23,0.0,0.0,0.0,0.0,0.0,1.0,-1
"F[0,2](((DBP >= 47.647 | Resp >= 14.997) -> PTT <= 21.929) | Potassium <= 20.346)
",-9999999.000,-9999999.000,0.000,0.000,1.000,0,0,0,23,23,0,0,23,0.0,0.0,0.0,0.0,0.0,1.0,-1
"((DBP <= 140.763) U[0,2] (Magnesium <= 1.377))
",-9999999.000,-9999999.000,0.000,0.000,1.000,0,0,0,23,23,0,0,23,0.0,0.0,0.0,0.0,0.0,1.0,-1
"F[0,2](PaCO2 > 0.000 & SepsisLabel = 0.000)
",-9999999.000,-9999999.000,0.000,0.000,1.000,0,0,0,23,23,0,0,23,0.0,0.0,0.0,0.0,0.0,1.0,-1
"F[0,1](Phosphate < 2.272 & SepsisLabel = 0.000)
",-9999999.000,-9999999.000,0.000,0.000,1.000,0,0,0,23,23,0,0,23,0.0,0.0,0.0,0.0,0.0,1.0,-1
"((SaO2 >= 0.000) U[1,2] (SepsisLabel = 0.000))
",-9999999.000,-9999999.000,0.000,0.000,1.000,0,0,0,23,23,0,0,23,0.0,0.0,0.0,0.0,0.0,1.0,-1
"F[0,2](BUN <= 12.338 & SepsisLabel = 0.000)
",-9999999.000,-9999999.000,0.000,0.000,1.000,0,0,0,23,23,0,0,23,0.0,0.0,0.0,0.0,0.0,1.0,-1
"((Glucose >= 3.134) U[2,2] (HR <= 73.458))
",5169118903838396.000,73.458,0.000,0.000,1.000,0,0,0,23,23,0,0,23,0.0,0.0,0.0,0.0,0.0,1.0,-1
"((DBP <= 107.959) U[1,2] (Temp >= 8.000))
",-9999999.000,-9999999.000,0.000,0.000,1.000,0,0,0,23,23,0,0,23,0.0,0.0,0.0,0.0,0.0,1.0,-1
"F[0,0](Calcium <= 0.673 -> Glucose <= 32.887)
",-4628432504954111.000,-32.887,0.000,0.000,1.000,0,0,0,23,23,0,0,23,0.0,0.0,0.0,0.0,0.0,1.0,-1
"F[2,2](((BUN >= 1.118 | Potassium >= 0.076) -> BUN <= 2.135) | AST >= 0.129)
",-0.129,-0.129,0.000,0.000,1.000,0,0,0,23,23,0,0,23,0.0,0.0,0.0,0.0,0.0,1.0,-1
"F[0,1]((Calcium <= 5.688 | Creatinine <= 1.423) & Platelets <= 0.175)
",-9999999.000,-9999999.000,0.000,0.000,1.000,0,0,0,23,23,0,0,23,0.0,0.0,0.0,0.0,0.0,1.0,-1
"F[0,2]((BUN >= 0.065 & Calcium >= 0.133) -> Alkalinephos <= 4.873)
",-9999999.000,-9999999.000,0.000,0.000,1.000,0,0,0,23,23,0,0,23,0.0,0.0,0.0,0.0,0.0,1.0,-1
"F[1,2]((BUN >= 1.130 | Glucose >= 4.388) -> BaseExcess >= 0.808)
",-9999999.000,-9999999.000,0.000,0.000,1.000,0,0,0,23,23,0,0,23,0.0,0.0,0.0,0.0,0.0,1.0,-1
"((Glucose <= 26.344) U[0,2] (Potassium >= 0.149))
",-9999999.000,-9999999.000,0.000,0.000,1.000,0,0,0,23,23,0,0,23,0.0,0.0,0.0,0.0,0.0,1.0,-1
"F[1,2](Hct <= 26.681 -> Phosphate <= 2.209)
",-9999999.000,-9999999.000,0.000,0.000,1.000,0,0,0,23,23,0,0,23,0.0,0.0,0.0,0.0,0.0,1.0,-1
"F[2,2](BUN >= 0.884 -> Creatinine <= 0.776)
",-6991517880207585.000,-0.776,0.000,0.000,1.000,0,0,0,23,23,0,0,23,0.0,0.0,0.0,0.0,0.0,1.0,-1
"F[1,2](((O2Sat <= 98.557 -> SBP >= 48.936) | HR <= 196.952) & Magnesium >= 142.567)
",-9999999.000,-9999999.000,0.000,0.000,1.000,0,0,0,23,23,0,0,23,0.0,0.0,0.0,0.0,0.0,1.0,-1
"((PaCO2 <= 0.000) U[2,2] (SepsisLabel = 0.000))
",0.000,0.000,0.000,0.000,1.000,0,0,0,23,23,0,0,23,0.0,0.0,0.0,0.0,0.0,1.0,-1
"((MAP <= 176.503) U[0,1] (O2Sat >= 1.170))
",-9999999.000,-9999999.000,0.000,0.000,1.000,0,0,0,23,23,0,0,23,0.0,0.0,0.0,0.0,0.0,1.0,-1
"F[0,1](((MAP >= 58.412 & Resp <= 19.279) & SaO2 >= 11.583) | Resp <= 22.091)
",-9999999.000,-9999999.000,0.000,0.000,1.000,0,0,0,23,23,0,0,23,0.0,0.0,0.0,0.0,0.0,1.0,-1
"F[1,2]((Alkalinephos <= 41.249 -> Glucose >= 3.992) | Bilirubin_direct >= 3.876)
",-9999999.000,-9999999.000,0.000,0.000,1.000,0,0,0,23,23,0,0,23,0.0,0.0,0.0,0.0,0.0,1.0,-1
"((BaseExcess < 0.000) U[0,1] (SepsisLabel = 0.000))
",-9999999.000,-9999999.000,0.000,0.000,1.000,0,0,0,23,23,0,0,23,0.0,0.0,0.0,0.0,0.0,1.0,-1
"F[1,2](((HR >= 32.336 & Resp >= 4.499) -> Bilirubin_direct <= 20.797) & Hct <= 19.264)
",-9999999.000,-9999999.000,0.000,0.000,1.000,0,0,0,23,23,0,0,23,0.0,0.0,0.0,0.0,0.0,1.0,-1
"F[0,1](((Glucose <= 15.566 | Hct <= 38.002) | TroponinI >= 0.442) -> Calcium <= 32.111)
",-9999999.000,-9999999.000,0.000,0.000,1.000,0,0,0,23,23,0,0,23,0.0,0.0,0.0,0.0,0.0,1.0,-1
"((BUN >= 1.318) U[0,1] (SepsisLabel = 0.000))
",-9999999.000,-9999999.000,0.000,0.000,1.000,0,0,0,23,23,0,0,23,0.0,0.0,0.0,0.0,0.0,1.0,-1
"((Bilirubin_total >= 0.013) U[0,0] (Bilirubin_total <= 0.314))
",0.679,0.463,0.000,0.000,1.000,0,0,0,23,23,0,0,23,0.0,0.0,0.0,0.0,0.0,1.0,-1
"((Alkalinephos <= 4.913) U[0,2] (SepsisLabel = 0.000))
",-9999999.000,-9999999.000,0.000,0.000,1.000,0,0,0,23,23,0,0,23,0.0,0.0,0.0,0.0,0.0,1.0,-1
"F[0,1](pH < 0.000 -> SepsisLabel = 0.000)
",-9999999.000,-9999999.000,0.000,0.000,1.000,0,0,0,23,23,0,0,23,0.0,0.0,0.0,0.0,0.0,1.0,-1
"F[0,1](FiO2 <= 0.000 & SepsisLabel = 0.000)
",-9999999.000,-9999999.000,0.000,0.000,1.000,0,0,0,23,23,0,0,23,0.0,0.0,0.0,0.0,0.0,1.0,-1
"F[1,2](Hgb <= 0.936 & SepsisLabel = 0.000)
",-9999999.000,-9999999.000,0.000,0.000,1.000,0,0,0,23,23,0,0,23,0.0,0.0,0.0,0.0,0.0,1.0,-1
"F[0,2](HCO3 > 0.000 & SepsisLabel = 0.000)
",-9999999.000,-9999999.000,0.000,0.000,1.000,0,0,0,23,23,0,0,23,0.0,0.0,0.0,0.0,0.0,1.0,-1
"F[0,1](Resp > 9.962 -> SepsisLabel = 0.000)
",-9999999.000,-9999999.000,0.000,0.000,1.000,0,0,0,23,23,0,0,23,0.0,0.0,0.0,0.0,0.0,1.0,-1
"F[0,1](((Hct >= 0.748 & Hgb <= 13.572) & SBP >= 0.106) -> Phosphate >= 0.059)
",-9999999.000,-9999999.000,0.000,0.000,1.000,0,0,0,23,23,0,0,23,0.0,0.0,0.0,0.0,0.0,1.0,-1
"F[2,2](Glucose > 3.707 -> SepsisLabel = 0.000)
",0.000,0.000,0.000,0.000,1.000,0,0,0,23,23,0,0,23,0.0,0.0,0.0,0.0,0.0,1.0,-1
"F[1,2](Resp > 6.300 -> SepsisLabel = 0.000)
",-9999999.000,-9999999.000,0.000,0.000,1.000,0,0,0,23,23,0,0,23,0.0,0.0,0.0,0.0,0.0,1.0,-1
"F[0,1](EtCO2 >= 0.000 -> SepsisLabel = 0.000)
",-9999999.000,-9999999.000,0.000,0.000,1.000,0,0,0,23,23,0,0,23,0.0,0.0,0.0,0.0,0.0,1.0,-1
"((FiO2 >= 0.000) U[1,2] (Resp <= 20.882))
",-9999999.000,-9999999.000,0.000,0.000,1.000,0,0,0,23,23,0,0,23,0.0,0.0,0.0,0.0,0.0,1.0,-1
"((MAP >= 113.283) U[0,1] (SBP <= 216.998))
",-9999999.000,-9999999.000,0.000,0.000,1.000,0,0,0,23,23,0,0,23,0.0,0.0,0.0,0.0,0.0,1.0,-1
"F[1,2](((TroponinI <= 0.000 -> Hct >= 0.460) | HCO3 <= 31.599) -> SaO2 <= 40.432)
",-9999999.000,-9999999.000,0.000,0.000,1.000,0,0,0,23,23,0,0,23,0.0,0.0,0.0,0.0,0.0,1.0,-1
"G[1,2](Platelets <= 181.413 -> WBC >= 0.079)
",9999999.000,9999999.000,0.000,1.000,0.000,0,0,2,21,21,2,2,21,0.0,0.0,1.0,0.0,0.0,1.0,1
"G[0,0](((Hgb <= 6.598 | Hct <= 10.665) -> WBC >= 0.026) & Platelets >= 3.669)
",-6003592592155679.000,-10.665,0.000,1.000,0.000,0,0,0,23,23,0,0,23,0.0,0.0,0.0,0.0,0.0,1.0,1
"G[0,1](Platelets <= 66.570 -> WBC >= 0.043)
",9999999.000,9999999.000,0.000,1.000,0.000,0,0,0,23,23,0,0,23,0.0,0.0,0.0,0.0,0.0,1.0,1
"G[1,1](BUN <= 14.155 & Creatinine >= 0.105)
",-7556459782359935.000,-0.105,0.000,1.000,0.000,0,0,1,22,22,1,1,22,0.0,0.0,1.0,0.0,0.0,1.0,1
"G[2,2](((Hgb <= 2.580 | Hct <= 23.522) -> WBC >= 0.078) & Platelets >= 2.155)
",-6620730390178604.000,-23.522,0.000,1.000,0.000,0,0,23,0,0,23,23,0,0.0,0.0,1.0,0.0,0.0,1.0,1
"G[0,0](BUN <= 3.948 & Creatinine >= 0.077)
",-0.247,-0.667,0.000,1.000,0.000,0,0,0,23,23,0,0,23,0.0,0.0,0.0,0.0,0.0,1.0,1
"G[1,2](((Hgb <= 9.560 | Hct <= 7.007) -> WBC >= 0.036) & Platelets >= 0.952)
",9999999.000,9999999.000,0.000,1.000,0.000,0,0,2,21,21,2,2,21,0.0,0.0,1.0,0.0,0.0,1.0,1
"G[1,2](Platelets <= 97.922 -> WBC >= 0.011)
",9999999.000,9999999.000,0.000,1.000,0.000,0,0,2,21,21,2,2,21,0.0,0.0,1.0,0.0,0.0,1.0,1
"G[2,2](BUN <= 4.529 & Creatinine >= 0.099)
",-7168077374439135.000,-0.099,0.000,1.000,0.000,0,0,23,0,0,23,23,0,0.0,0.0,1.0,0.0,0.0,1.0,1
"G[1,2](((Hgb <= 12.117 | Hct <= 28.247) -> WBC >= 0.034) & Platelets >= 2.814)
",9999999.000,9999999.000,0.000,1.000,0.000,0,0,2,21,21,2,2,21,0.0,0.0,1.0,0.0,0.0,1.0,1
"G[2,2](Platelets <= 94.912 -> WBC >= 0.083)
",-94.912,-94.912,0.000,1.000,0.000,0,0,23,0,0,23,23,0,0.0,0.0,1.0,0.0,0.0,1.0,1
"G[0,2](Chloride >= 0.000 & HCO3 >= 0.000)
",9999999.000,9999999.000,0.000,1.000,0.000,0,0,23,0,0,23,23,0,0.0,0.0,1.0,0.0,0.0,1.0,1
"G[0,1](BUN <= 27.599 & Creatinine >= 0.092)
",9999999.000,9999999.000,0.000,1.000,0.000,0,0,0,23,23,0,0,23,0.0,0.0,0.0,0.0,0.0,1.0,1
"G[1,2](BUN <= 29.453 & Creatinine >= 0.085)
",9999999.000,9999999.000,0.000,1.000,0.000,0,0,1,22,22,1,1,22,0.0,0.0,1.0,0.0,0.0,1.0,1
"G[0,2](Chloride >= 0.000 & HCO3 >= 0.000)
",9999999.000,9999999.000,0.000,1.000,0.000,0,0,23,0,0,23,23,0,0.0,0.0,1.0,0.0,0.0,1.0,1
"G[0,1](((Hgb <= 9.908 | Hct <= 36.653) -> WBC >= 0.053) & Platelets >= 1.344)
",9999999.000,9999999.000,0.000,1.000,0.000,0,0,0,23,23,0,0,23,0.0,0.0,0.0,0.0,0.0,1.0,1
"G[1,2](((Hgb <= 0.560 | Hct <= 21.493) -> WBC >= 0.030) & Platelets >= 2.994)
",9999999.000,9999999.000,0.000,1.000,0.000,0,0,2,21,21,2,2,21,0.0,0.0,1.0,0.0,0.0,1.0,1
"G[1,2](BUN <= 5.873 & Creatinine >= 0.016)
",9999999.000,9999999.000,0.000,1.000,0.000,0,0,1,22,22,1,1,22,0.0,0.0,1.0,0.0,0.0,1.0,1
"G[0,2](Chloride >= 0.000 & HCO3 >= 0.000)
",9999999.000,9999999.000,0.000,1.000,0.000,0,0,23,0,0,23,23,0,0.0,0.0,1.0,0.0,0.0,1.0,1
"G[0,1](Platelets <= 86.396 -> WBC >= 0.051)
",9999999.000,9999999.000,0.000,1.000,0.000,0,0,0,23,23,0,0,23,0.0,0.0,0.0,0.0,0.0,1.0,1
"G[1,2](((Creatinine >= 0.085 | Platelets <= 57.977) -> SepsisLabel <= 77.941) | Glucose <= 129.152)
",9999999.000,9999999.000,0.000,1.000,0.000,0,0,23,0,0,23,23,0,0.0,0.0,1.0,0.0,0.0,1.0,1
"G[1,2](((Creatinine <= 1.314 | WBC >= 0.055) & SepsisLabel <= 3.975) | Platelets >= 0.067)
",9999999.000,9999999.000,0.000,1.000,0.000,0,0,22,1,1,22,22,1,0.0,0.0,1.0,0.0,0.0,1.0,1
"G[0,2]((Bilirubin_total <= 0.412 -> Creatinine >= 0.002) -> TroponinI >= 0.096)
",9999999.000,9999999.000,0.000,1.000,0.000,0,0,21,2,2,21,21,2,0.0,0.0,1.0,0.0,0.0,1.0,1
"G[0,2](((DBP <= 109.013 -> O2Sat >= 87.482) & Lactate <= 97.773) | Creatinine <= 96.182)
",9999999.000,9999999.000,0.000,1.000,0.000,0,0,23,0,0,23,23,0,0.0,0.0,1.0,0.0,0.0,1.0,1
"G[0,2](((DBP >= 88.120 & HR >= 38.384) & FiO2 >= 46.687) -> Lactate >= 50.358)
",9999999.000,9999999.000,0.000,1.000,0.000,0,0,23,0,0,23,23,0,0.0,0.0,1.0,0.0,0.0,1.0,1
"G[0,2](((DBP <= 112.170 -> SBP <= 216.030) & pH <= 165.512) | BaseExcess <= 178.565)
",9999999.000,9999999.000,0.000,1.000,0.000,0,0,23,0,0,23,23,0,0.0,0.0,1.0,0.0,0.0,1.0,1
"G[1,1]((DBP <= 105.009 | MAP >= 62.136) -> Bilirubin_direct >= 98.637)
",-7389326342830531.000,-105.009,0.000,1.000,0.000,0,0,1,22,22,1,1,22,0.0,0.0,1.0,0.0,0.0,1.0,1
"G[0,0](BUN <= 22.431 & Creatinine >= 0.026)
",-7419547404226655.000,-0.026,0.000,1.000,0.000,0,0,0,23,23,0,0,23,0.0,0.0,0.0,0.0,0.0,1.0,1
"G[0,2](Platelets <= 11.901 -> WBC >= 0.024)
",9999999.000,9999999.000,0.000,1.000,0.000,0,0,0,23,23,0,0,23,0.0,0.0,0.0,0.0,0.0,1.0,1
"F[1,2]((AST <= 3.157 | Bilirubin_total >= 0.006) & Bilirubin_direct <= 0.240)
",-9999999.000,-9999999.000,0.000,0.000,1.000,0,0,0,23,23,0,0,23,0.0,0.0,0.0,0.0,0.0,1.0,-1
"G[1,2](((Bilirubin_direct >= 0.000 | Hct <= 24.781) & Calcium >= 0.817) | EtCO2 <= 16.854)
",9999999.000,9999999.000,0.000,1.000,0.000,0,0,23,0,0,23,23,0,0.0,0.0,1.0,0.0,0.0,1.0,1
"G[1,2]((Hct >= 0.377 -> AST <= 8.842) | PaCO2 <= 5.920)
",9999999.000,9999999.000,0.000,1.000,0.000,0,0,23,0,0,23,23,0,0.0,0.0,1.0,0.0,0.0,1.0,1
"G[0,0](Platelets <= 102.411 -> WBC >= 0.010)
",-7206549924933041.000,-102.411,0.000,1.000,0.000,0,0,0,23,23,0,0,23,0.0,0.0,0.0,0.0,0.0,1.0,1
"G[0,2]((Bilirubin_total <= 0.333 -> Glucose >= 1.548) | Bilirubin_direct >= 2.067)
",9999999.000,9999999.000,0.000,1.000,0.000,0,0,0,23,23,0,0,23,0.0,0.0,0.0,0.0,0.0,1.0,1
"G[1,2](((Magnesium <= 1.826 | Resp >= 12.754) | HCO3 >= 13.188) | pH >= 13.618)
",9999999.000,9999999.000,0.000,1.000,0.000,0,0,23,0,0,23,23,0,0.0,0.0,1.0,0.0,0.0,1.0,1
"G[0,2]((O2Sat <= 94.006 -> Resp >= 13.251) -> HR <= 22.548)
",9999999.000,9999999.000,0.000,1.000,0.000,0,0,0,23,23,0,0,23,0.0,0.0,0.0,0.0,0.0,1.0,1
"G[1,2]((Phosphate <= 1.582 & Glucose >= 3.207) | FiO2 <= 90.808)
",9999999.000,9999999.000,0.000,1.000,0.000,0,0,23,0,0,23,23,0,0.0,0.0,1.0,0.0,0.0,1.0,1
"G[2,2](((Hgb >= 0.167 | Bilirubin_total <= 0.669) -> Fibrinogen <= 0.665) | Resp <= 0.280)
",5047772323874108.000,0.280,0.000,1.000,0.000,0,0,23,0,0,23,23,0,0.0,0.0,1.0,0.0,0.0,1.0,1
"G[2,2](SepsisLabel >= 0.000 | EtCO2 >= 0.000)
",0.000,0.000,0.000,1.000,0.000,0,0,23,0,0,23,23,0,0.0,0.0,1.0,0.0,0.0,1.0,1
"G[0,2](BUN <= 27.606 -> HR <= 82.332)
",9999999.000,9999999.000,0.000,1.000,0.000,0,0,20,3,3,20,20,3,0.0,0.0,1.0,0.0,0.0,1.0,1
"G[0,2]((Hct <= 19.814 -> BUN >= 0.119) -> HR <= 19.140)
",9999999.000,9999999.000,0.000,1.000,0.000,0,0,21,2,2,21,21,2,0.0,0.0,1.0,0.0,0.0,1.0,1
"G[0,2]((SBP <= 217.054 -> TroponinI <= 0.000) -> Calcium >= 0.000)
",9999999.000,9999999.000,0.000,1.000,0.000,0,0,23,0,0,23,23,0,0.0,0.0,1.0,0.0,0.0,1.0,1
"G[0,1](((Chloride <= 0.000 -> Hct <= 22.041) | Platelets >= 0.093) & HR <= 18.272)
",9999999.000,9999999.000,0.000,1.000,0.000,0,0,0,23,23,0,0,23,0.0,0.0,0.0,0.0,0.0,1.0,1
"G[2,2](((Fibrinogen >= 0.000 & FiO2 <= 0.000) & HR >= 0.000) | HCO3 >= 0.000)
",0.000,0.000,0.000,1.000,0.000,0,0,23,0,0,23,23,0,0.0,0.0,1.0,0.0,0.0,1.0,1
"G[0,0](BUN <= 4.665 & Creatinine >= 0.042)
",-0.234,-0.600,0.000,1.000,0.000,0,0,0,23,23,0,0,23,0.0,0.0,0.0,0.0,0.0,1.0,1
"G[0,2](EtCO2 >= 0.000 & HCO3 <= 0.000)
",9999999.000,9999999.000,0.000,1.000,0.000,0,0,23,0,0,23,23,0,0.0,0.0,1.0,0.0,0.0,1.0,1
"G[2,2](((FiO2 <= 0.000 & SepsisLabel >= 0.000) | BUN >= 0.000) -> Alkalinephos >= 0.000)
",0.000,0.000,0.000,1.000,0.000,0,0,23,0,0,23,23,0,0.0,0.0,1.0,0.0,0.0,1.0,1
"G[2,2](((SaO2 >= 0.000 -> Alkalinephos <= 46.267) & BUN <= 47.741) | Alkalinephos <= 40.964)
",5765150985626444.000,40.964,0.000,1.000,0.000,0,0,23,0,0,23,23,0,0.0,0.0,1.0,0.0,0.0,1.0,1
"G[1,2]((Resp <= 21.301 -> Alkalinephos <= 43.489) -> Bilirubin_direct <= 31.053)
",9999999.000,9999999.000,0.000,1.000,0.000,0,0,23,0,0,23,23,0,0.0,0.0,1.0,0.0,0.0,1.0,1
"G[2,2](Glucose <= 81.140 | Platelets >= 4.356)
",5709702953398932.000,81.140,0.000,1.000,0.000,0,0,23,0,0,23,23,0,0.0,0.0,1.0,0.0,0.0,1.0,1
"G[0,2](Creatinine >= 0.078 & Hgb <= 13.589)
",9999999.000,9999999.000,0.000,1.000,0.000,0,0,0,23,23,0,0,23,0.0,0.0,0.0,0.0,0.0,1.0,1
"G[0,2](Platelets <= 179.184 -> WBC >= 0.094)
",9999999.000,9999999.000,0.000,1.000,0.000,0,0,0,23,23,0,0,23,0.0,0.0,0.0,0.0,0.0,1.0,1
"G[0,2](Chloride >= 0.000 & HCO3 >= 0.000)
",9999999.000,9999999.000,0.000,1.000,0.000,0,0,23,0,0,23,23,0,0.0,0.0,1.0,0.0,0.0,1.0,1
"G[1,1](BUN <= 5.827 & Creatinine >= 0.002)
",-2266274205711493.500,-0.002,0.000,1.000,0.000,0,0,1,22,22,1,1,22,0.0,0.0,1.0,0.0,0.0,1.0,1
"G[1,2](((Hgb <= 5.976 | Hct <= 12.455) -> WBC >= 0.012) & Platelets >= 4.410)
",9999999.000,9999999.000,0.000,1.000,0.000,0,0,2,21,21,2,2,21,0.0,0.0,1.0,0.0,0.0,1.0,1
"G[0,1](Platelets <= 198.722 -> WBC >= 0.043)
",9999999.000,9999999.000,0.000,1.000,0.000,0,0,0,23,23,0,0,23,0.0,0.0,0.0,0.0,0.0,1.0,1
"G[1,2](Chloride >= 0.000 & HCO3 >= 0.000)
",9999999.000,9999999.000,0.000,1.000,0.000,0,0,23,0,0,23,23,0,0.0,0.0,1.0,0.0,0.0,1.0,1
"G[0,2](((O2Sat <= 94.029 | Resp >= 4.723) -> Hct <= 21.150) & HR >= 2.223)
",9999999.000,9999999.000,0.000,1.000,0.000,0,0,20,3,3,20,20,3,0.0,0.0,1.0,0.0,0.0,1.0,1
"G[0,2]((HR >= 6.786 & O2Sat <= 98.745) -> O2Sat <= 93.680)
",9999999.000,9999999.000,0.000,1.000,0.000,0,0,4,19,19,4,4,19,0.0,0.0,1.0,0.0,0.0,1.0,1
"G[1,2](((MAP <= 175.675 | SBP >= 16.027) -> Hct >= 26.256) | PaCO2 >= 60.874)
",9999999.000,9999999.000,0.000,1.000,0.000,0,0,2,21,21,2,2,21,0.0,0.0,1.0,0.0,0.0,1.0,1
"G[1,2](((Bilirubin_total >= 0.009 -> BaseExcess >= 0.000) | pH >= 0.000) -> PaCO2 <= 0.000)
",9999999.000,9999999.000,0.000,1.000,0.000,0,0,23,0,0,23,23,0,0.0,0.0,1.0,0.0,0.0,1.0,1
"G[2,2](((Temp <= 12.666 -> Potassium >= 0.082) -> SBP <= 0.412) | TroponinI <= 1.528)
",6882800100483825.000,1.528,0.000,1.000,0.000,0,0,23,0,0,23,23,0,0.0,0.0,1.0,0.0,0.0,1.0,1
"G[1,2]((Calcium <= 7.871 -> EtCO2 >= 0.000) | AST >= 0.000)
",9999999.000,9999999.000,0.000,1.000,0.000,0,0,23,0,0,23,23,0,0.0,0.0,1.0,0.0,0.0,1.0,1
"G[1,2](((Resp >= 11.818 -> SaO2 >= 0.000) & SepsisLabel <= 0.000) -> SBP >= 0.000)
",9999999.000,9999999.000,0.000,1.000,0.000,0,0,23,0,0,23,23,0,0.0,0.0,1.0,0.0,0.0,1.0,1
"G[2,2](TroponinI >= 0.000 | Phosphate <= 1.111)
",5003131258706273.000,1.111,0.000,1.000,0.000,0,0,23,0,0,23,23,0,0.0,0.0,1.0,0.0,0.0,1.0,1
"G[1,2](FiO2 <= 0.000 -> MAP >= 26.852)
",9999999.000,9999999.000,0.000,1.000,0.000,0,0,22,1,1,22,22,1,0.0,0.0,1.0,0.0,0.0,1.0,1
"G[1,2](Bilirubin_direct <= 0.000 | FiO2 <= 0.000)
",9999999.000,9999999.000,0.000,1.000,0.000,0,0,23,0,0,23,23,0,0.0,0.0,1.0,0.0,0.0,1.0,1
"G[1,2](((SepsisLabel <= 0.000 & BaseExcess >= 0.000) -> Lactate >= 0.000) | Glucose <= 0.000)
",9999999.000,9999999.000,0.000,1.000,0.000,0,0,23,0,0,23,23,0,0.0,0.0,1.0,0.0,0.0,1.0,1
"G[0,2](((DBP >= 71.866 -> PTT >= 0.000) -> Resp <= 0.000) & EtCO2 <= 0.000)
",9999999.000,9999999.000,0.000,1.000,0.000,0,0,0,23,23,0,0,23,0.0,0.0,0.0,0.0,0.0,1.0,1
"G[2,2]((HR >= 11.470 & BaseExcess >= 0.000) & FiO2 >= 0.000)
",-3228639566084018.000,-11.470,0.000,1.000,0.000,0,0,23,0,0,23,23,0,0.0,0.0,1.0,0.0,0.0,1.0,1
"G[1,2]((Hct <= 20.685 & Calcium >= 0.389) & Phosphate >= 0.110)
",9999999.000,9999999.000,0.000,1.000,0.000,0,0,1,22,22,1,1,22,0.0,0.0,1.0,0.0,0.0,1.0,1
"G[2,2](((Bilirubin_total >= 0.012 -> MAP >= 65.496) | MAP <= 140.737) -> WBC >= 14.706)
",-2475876163117666.500,-140.737,0.000,1.000,0.000,0,0,23,0,0,23,23,0,0.0,0.0,1.0,0.0,0.0,1.0,1
"G[0,2](((Calcium >= 0.308 & PaCO2 >= 0.000) -> SBP <= 0.000) -> BUN >= 0.000)
",9999999.000,9999999.000,0.000,1.000,0.000,0,0,23,0,0,23,23,0,0.0,0.0,1.0,0.0,0.0,1.0,1
"G[1,2](((BaseExcess >= 0.000 & SepsisLabel >= 0.000) & PaCO2 >= 0.000) | SepsisLabel <= 0.000)
",9999999.000,9999999.000,0.000,1.000,0.000,0,0,23,0,0,23,23,0,0.0,0.0,1.0,0.0,0.0,1.0,1
"G[0,2](((Creatinine <= 0.810 | Glucose >= 2.206) | Hct >= 1.552) -> EtCO2 >= 1.030)
",9999999.000,9999999.000,0.000,1.000,0.000,0,0,0,23,23,0,0,23,0.0,0.0,0.0,0.0,0.0,1.0,1
"G[1,2](TroponinI >= 0.000 & Fibrinogen >= 0.000)
",9999999.000,9999999.000,0.000,1.000,0.000,0,0,23,0,0,23,23,0,0.0,0.0,1.0,0.0,0.0,1.0,1
"G[0,2](SaO2 >= 0.000 | HR >= 50.118)
",9999999.000,9999999.000,0.000,1.000,0.000,0,0,23,0,0,23,23,0,0.0,0.0,1.0,0.0,0.0,1.0,1
"G[0,1](((Chloride <= 0.000 | Platelets <= 154.403) | TroponinI <= 100.918) & AST >= 3.292)
",9999999.000,9999999.000,0.000,1.000,0.000,0,0,0,23,23,0,0,23,0.0,0.0,0.0,0.0,0.0,1.0,1
"G[1,2](((O2Sat <= 98.249 | EtCO2 <= 0.000) -> FiO2 >= 0.000) | Magnesium <= 0.000)
",9999999.000,9999999.000,0.000,1.000,0.000,0,0,23,0,0,23,23,0,0.0,0.0,1.0,0.0,0.0,1.0,1
"G[1,2]((Creatinine <= 0.591 -> Hgb <= 2.747) & Lactate <= 12.744)
",9999999.000,9999999.000,0.000,1.000,0.000,0,0,23,0,0,23,23,0,0.0,0.0,1.0,0.0,0.0,1.0,1
"G[0,2](((SBP >= 45.183 -> Creatinine >= 0.079) -> Fibrinogen <= 2.113) | AST <= 2.010)
",9999999.000,9999999.000,0.000,1.000,0.000,0,0,23,0,0,23,23,0,0.0,0.0,1.0,0.0,0.0,1.0,1
"G[2,2](((SepsisLabel <= 0.000 & FiO2 >= 0.000) & Resp >= 0.000) | TroponinI <= 0.000)
",0.000,0.000,0.000,1.000,0.000,0,0,23,0,0,23,23,0,0.0,0.0,1.0,0.0,0.0,1.0,1
"G[0,2](Creatinine >= 0.038 -> EtCO2 <= 0.000)
",9999999.000,9999999.000,0.000,1.000,0.000,0,0,23,0,0,23,23,0,0.0,0.0,1.0,0.0,0.0,1.0,1
"G[0,2]((Glucose <= 76.481 | Glucose >= 2.884) | Alkalinephos <= 36.975)
",9999999.000,9999999.000,0.000,1.000,0.000,0,0,23,0,0,23,23,0,0.0,0.0,1.0,0.0,0.0,1.0,1
"G[0,2]((Creatinine <= 1.475 | BaseExcess >= 0.000) | Alkalinephos >= 0.000)
",9999999.000,9999999.000,0.000,1.000,0.000,0,0,23,0,0,23,23,0,0.0,0.0,1.0,0.0,0.0,1.0,1
"G[0,2]((Chloride >= 0.000 | BaseExcess <= 0.000) & MAP >= 0.000)
",9999999.000,9999999.000,0.000,1.000,0.000,0,0,23,0,0,23,23,0,0.0,0.0,1.0,0.0,0.0,1.0,1
"G[0,1]((SepsisLabel <= 0.000 & DBP >= 2.248) -> SBP <= 124.657)
",9999999.000,9999999.000,0.000,1.000,0.000,0,0,0,23,23,0,0,23,0.0,0.0,0.0,0.0,0.0,1.0,1
"G[0,2](((Platelets <= 68.874 | Resp <= 21.178) -> SaO2 <= 21.199) -> Alkalinephos >= 1.847)
",9999999.000,9999999.000,0.000,1.000,0.000,0,0,0,23,23,0,0,23,0.0,0.0,0.0,0.0,0.0,1.0,1
"G[1,2](Creatinine >= 0.081 | PaCO2 <= 0.000)
",9999999.000,9999999.000,0.000,1.000,0.000,0,0,23,0,0,23,23,0,0.0,0.0,1.0,0.0,0.0,1.0,1
"G[2,2]((O2Sat >= 55.758 & Fibrinogen >= 0.000) | Hct >= 0.000)
",0.000,0.000,0.000,1.000,0.000,0,0,23,0,0,23,23,0,0.0,0.0,1.0,0.0,0.0,1.0,1
"G[0,1]((Potassium >= 0.059 -> O2Sat <= 96.046) -> WBC >= 76.269)
",9999999.000,9999999.000,0.000,1.000,0.000,0,0,0,23,23,0,0,23,0.0,0.0,0.0,0.0,0.0,1.0,1
"G[1,2]((Platelets <= 124.880 -> WBC <= 2.981) -> Potassium >= 0.085)
",9999999.000,9999999.000,0.000,1.000,0.000,0,0,3,20,20,3,3,20,0.0,0.0,1.0,0.0,0.0,1.0,1
"G[2,2](AST >= 0.047 | Creatinine >= 0.084)
",-6726372219341295.000,-0.047,0.000,1.000,0.000,0,0,23,0,0,23,23,0,0.0,0.0,1.0,0.0,0.0,1.0,1
"G[1,2](Bilirubin_total >= 0.014 | WBC >= 0.051)
",9999999.000,9999999.000,0.000,1.000,0.000,0,0,2,21,21,2,2,21,0.0,0.0,1.0,0.0,0.0,1.0,1
"G[1,2](Bilirubin_total <= 0.224 -> Magnesium >= 0.027)
",9999999.000,9999999.000,0.000,1.000,0.000,0,0,2,21,21,2,2,21,0.0,0.0,1.0,0.0,0.0,1.0,1
"G[1,2](FiO2 > 0.000 -> SepsisLabel = 0.000)
",9999999.000,9999999.000,0.000,1.000,0.000,0,0,23,0,0,23,23,0,0.0,0.0,1.0,0.0,0.0,1.0,1
"G[2,2](Hgb >= 0.128 -> SepsisLabel = 0.000)
",0.000,0.000,0.000,1.000,0.000,0,0,23,0,0,23,23,0,0.0,0.0,1.0,0.0,0.0,1.0,1
"G[0,2](Chloride >= 0.000 & SepsisLabel = 0.000)
",9999999.000,9999999.000,0.000,1.000,0.000,0,0,23,0,0,23,23,0,0.0,0.0,1.0,0.0,0.0,1.0,1
"G[1,2](pH < 0.000 & SepsisLabel = 0.000)
",9999999.000,9999999.000,0.000,1.000,0.000,0,0,1,22,22,1,1,22,0.0,0.0,1.0,0.0,0.0,1.0,1
"G[2,2](Potassium <= 0.589 -> SepsisLabel = 0.000)
",-5301216591834529.000,-0.589,0.000,1.000,0.000,0,0,23,0,0,23,23,0,0.0,0.0,1.0,0.0,0.0,1.0,1
"G[0,2](PaCO2 >= 0.000 & SepsisLabel = 0.000)
",9999999.000,9999999.000,0.000,1.000,0.000,0,0,23,0,0,23,23,0,0.0,0.0,1.0,0.0,0.0,1.0,1
"G[2,2](PTT < 0.000 -> SepsisLabel = 0.000)
",0.000,0.000,0.000,1.000,0.000,0,0,23,0,0,23,23,0,0.0,0.0,1.0,0.0,0.0,1.0,1
"G[0,2](Bilirubin_direct >= 0.000 -> SepsisLabel = 0.000)
",9999999.000,9999999.000,0.000,1.000,0.000,0,0,23,0,0,23,23,0,0.0,0.0,1.0,0.0,0.0,1.0,1
"G[2,2](BUN < 2.751 & SepsisLabel = 0.000)
",0.000,0.000,0.000,1.000,0.000,0,0,23,0,0,23,23,0,0.0,0.0,1.0,0.0,0.0,1.0,1
"G[0,2](BUN <= 5.125 & Creatinine >= 0.046)
",9999999.000,9999999.000,0.000,1.000,0.000,0,0,0,23,23,0,0,23,0.0,0.0,0.0,0.0,0.0,1.0,1
"G[0,2](((Hgb <= 9.762 | Hct <= 10.064) -> WBC >= 0.012) & Platelets >= 4.164)
",9999999.000,9999999.000,0.000,1.000,0.000,0,0,0,23,23,0,0,23,0.0,0.0,0.0,0.0,0.0,1.0,1
"G[2,2](((Hct <= 25.096 & Magnesium <= 1.031) -> Platelets >= 0.003) -> BUN <= 0.829)
",-7464763806654909.000,-0.829,0.000,1.000,0.000,0,0,23,0,0,23,23,0,0.0,0.0,1.0,0.0,0.0,1.0,1
"G[0,1](((Bilirubin_direct <= 0.000 | TroponinI <= 0.000) & Platelets >= 0.000) & SBP <= 0.000)
",9999999.000,9999999.000,0.000,1.000,0.000,0,0,0,23,23,0,0,23,0.0,0.0,0.0,0.0,0.0,1.0,1
"G[0,2]((pH >= 0.000 -> Lactate >= 0.000) -> Potassium >= 0.000)
",9999999.000,9999999.000,0.000,1.000,0.000,0,0,23,0,0,23,23,0,0.0,0.0,1.0,0.0,0.0,1.0,1
"G[2,2](((Magnesium >= 0.028 & Phosphate >= 0.018) -> HCO3 <= 1.687) -> Phosphate <= 1.738)
",-3913567831831561.500,-1.738,0.000,1.000,0.000,0,0,23,0,0,23,23,0,0.0,0.0,1.0,0.0,0.0,1.0,1
"G[1,2](Platelets >= 4.016 & O2Sat <= 96.069)
",9999999.000,9999999.000,0.000,1.000,0.000,0,0,1,22,22,1,1,22,0.0,0.0,1.0,0.0,0.0,1.0,1
"G[1,2]((WBC >= 0.008 | BaseExcess >= 0.000) | Bilirubin_total <= 0.000)
",9999999.000,9999999.000,0.000,1.000,0.000,0,0,23,0,0,23,23,0,0.0,0.0,1.0,0.0,0.0,1.0,1
"G[2,2](((Hct <= 34.234 | Creatinine <= 0.754) & WBC >= 0.101) | FiO2 >= 0.084)
",-0.084,-0.084,0.000,1.000,0.000,0,0,23,0,0,23,23,0,0.0,0.0,1.0,0.0,0.0,1.0,1
"G[1,1](((Magnesium <= 1.793 & Bilirubin_total >= 0.012) -> Hgb <= 0.332) & EtCO2 >= 0.014)
",-2992235760044626.000,-0.332,0.000,1.000,0.000,0,0,1,22,22,1,1,22,0.0,0.0,1.0,0.0,0.0,1.0,1
"G[2,2](((AST <= 15.936 | FiO2 >= 0.000) -> Bilirubin_total <= 0.000) | Lactate >= 0.000)
",0.000,0.000,0.000,1.000,0.000,0,0,23,0,0,23,23,0,0.0,0.0,1.0,0.0,0.0,1.0,1
"G[0,2](((PTT >= 0.000 -> O2Sat >= 5.290) & PTT >= 57.640) & Glucose >= 43.278)
",9999999.000,9999999.000,0.000,1.000,0.000,0,0,0,23,23,0,0,23,0.0,0.0,0.0,0.0,0.0,1.0,1
"G[0,1](Phosphate >= 0.016 & BUN <= 3.690)
",9999999.000,9999999.000,0.000,1.000,0.000,0,0,0,23,23,0,0,23,0.0,0.0,0.0,0.0,0.0,1.0,1
"G[0,2]((TroponinI >= 0.000 -> Resp <= 20.831) | HR >= 16.149)
",9999999.000,9999999.000,0.000,1.000,0.000,0,0,23,0,0,23,23,0,0.0,0.0,1.0,0.0,0.0,1.0,1
"G[0,2](Potassium <= 2.588 -> pH >= 0.000)
",9999999.000,9999999.000,0.000,1.000,0.000,0,0,23,0,0,23,23,0,0.0,0.0,1.0,0.0,0.0,1.0,1
"F[1,2](((Calcium < 3.214 & Potassium < 3.498) & Magnesium < 0.365) & Phosphate < 1.720)
",-9999999.000,-9999999.000,0.000,0.000,1.000,0,0,0,23,23,0,0,23,0.0,0.0,0.0,0.0,0.0,1.0,-1
"F[0,2]((Bilirubin_total >= 0.003 & EtCO2 <= 0.000) & O2Sat >= 0.000)
",-9999999.000,-9999999.000,0.000,0.000,1.000,0,0,0,23,23,0,0,23,0.0,0.0,0.0,0.0,0.0,1.0,-1
"F[0,1]((SaO2 <= 0.000 | pH >= 0.000) -> TroponinI >= 0.000)
",-9999999.000,-9999999.000,0.000,0.000,1.000,0,0,0,23,23,0,0,23,0.0,0.0,0.0,0.0,0.0,1.0,-1
"F[1,2]((AST >= 0.355 -> Creatinine <= 0.803) | SepsisLabel >= 0.060)
",-9999999.000,-9999999.000,0.000,0.000,1.000,0,0,0,23,23,0,0,23,0.0,0.0,0.0,0.0,0.0,1.0,-1
"((BaseExcess >= 0.000) U[0,1] (Temp <= 10.248))
",-9999999.000,-9999999.000,0.000,0.000,1.000,0,0,0,23,23,0,0,23,0.0,0.0,0.0,0.0,0.0,1.0,-1
"((MAP >= 80.535) U[0,2] (SBP <= 218.059))
",-9999999.000,-9999999.000,0.000,0.000,1.000,0,0,0,23,23,0,0,23,0.0,0.0,0.0,0.0,0.0,1.0,-1
"F[0,1](O2Sat >= 87.949 | O2Sat >= 17.190)
",-9999999.000,-9999999.000,0.000,0.000,1.000,0,0,0,23,23,0,0,23,0.0,0.0,0.0,0.0,0.0,1.0,-1
"F[1,2](FiO2 >= 0.000 | Resp >= 7.325)
",-9999999.000,-9999999.000,0.000,0.000,1.000,0,0,0,23,23,0,0,23,0.0,0.0,0.0,0.0,0.0,1.0,-1
"F[0,2](((HCO3 >= 0.000 | FiO2 >= 0.000) | Lactate >= 0.000) -> Creatinine >= 0.000)
",-9999999.000,-9999999.000,0.000,0.000,1.000,0,0,0,23,23,0,0,23,0.0,0.0,0.0,0.0,0.0,1.0,-1
"F[1,1](((Fibrinogen >= 0.000 & MAP >= 116.259) & BaseExcess >= 95.082) -> SepsisLabel <= 126.409)
",-126.409,-126.409,0.000,0.000,1.000,0,0,0,23,23,0,0,23,0.0,0.0,0.0,0.0,0.0,1.0,-1
"F[0,2](((Bilirubin_direct >= 0.000 | O2Sat >= 81.098) & HR <= 99.789) | SepsisLabel >= 71.092)
",-9999999.000,-9999999.000,0.000,0.000,1.000,0,0,0,23,23,0,0,23,0.0,0.0,0.0,0.0,0.0,1.0,-1
"((BaseExcess <= 0.000) U[0,2] (SepsisLabel = 0.000))
",-9999999.000,-9999999.000,0.000,0.000,1.000,0,0,0,23,23,0,0,23,0.0,0.0,0.0,0.0,0.0,1.0,-1
"F[0,2](((Fibrinogen >= 0.000 & Creatinine >= 0.043) & Hgb >= 0.036) | SepsisLabel >= 0.098)
",-9999999.000,-9999999.000,0.000,0.000,1.000,0,0,0,23,23,0,0,23,0.0,0.0,0.0,0.0,0.0,1.0,-1
"F[2,2](((Bilirubin_total <= 0.069 | O2Sat <= 93.991) -> Platelets <= 93.725) -> HCO3 >= 74.422)
",2618488595962486.000,74.422,0.000,0.000,1.000,0,0,0,23,23,0,0,23,0.0,0.0,0.0,0.0,0.0,1.0,-1
"G[2,2](Bilirubin_total >= 0.004 & Fibrinogen >= 0.000)
",-0.004,-0.004,0.000,1.000,0.000,0,0,23,0,0,23,23,0,0.0,0.0,1.0,0.0,0.0,1.0,1
"F[0,2](((Lactate <= 0.000 | PaCO2 <= 0.000) | O2Sat >= 0.000) | Bilirubin_total >= 0.000)
",-9999999.000,-9999999.000,0.000,0.000,1.000,0,0,0,23,23,0,0,23,0.0,0.0,0.0,0.0,0.0,1.0,-1
"F[0,1](Hgb <= 2.526 | Hct <= 22.643)
",-9999999.000,-9999999.000,0.000,0.000,1.000,0,0,0,23,23,0,0,23,0.0,0.0,0.0,0.0,0.0,1.0,-1
"F[0,1]((Phosphate >= 0.012 & Magnesium > 0.039) -> Calcium < 4.310)
",-9999999.000,-9999999.000,0.000,0.000,1.000,0,0,0,23,23,0,0,23,0.0,0.0,0.0,0.0,0.0,1.0,-1
"G[2,2](PTT >= 0.000 | Platelets >= 0.774)
",0.000,0.000,0.000,1.000,0.000,0,0,23,0,0,23,23,0,0.0,0.0,1.0,0.0,0.0,1.0,1
"G[0,2](((TroponinI >= 0.000 & AST >= 0.162) | PaCO2 <= 13.061) -> SaO2 <= 16.431)
",9999999.000,9999999.000,0.000,1.000,0.000,0,0,23,0,0,23,23,0,0.0,0.0,1.0,0.0,0.0,1.0,1
"G[1,2](((PaCO2 <= 0.000 -> Lactate >= 0.000) -> SBP >= 0.000) -> Alkalinephos <= 0.000)
",9999999.000,9999999.000,0.000,1.000,0.000,0,0,22,1,1,22,22,1,0.0,0.0,1.0,0.0,0.0,1.0,1
"G[0,2](((Resp <= 19.899 | DBP <= 134.634) -> SBP >= 4.810) -> BaseExcess >= 87.688)
",9999999.000,9999999.000,0.000,1.000,0.000,0,0,0,23,23,0,0,23,0.0,0.0,0.0,0.0,0.0,1.0,1
"G[2,2](((Magnesium <= 0.327 & SepsisLabel >= 0.000) & Hgb >= 0.000) -> Bilirubin_direct >= 0.000)
",0.000,0.000,0.000,1.000,0.000,0,0,23,0,0,23,23,0,0.0,0.0,1.0,0.0,0.0,1.0,1
"G[0,2]((BaseExcess >= 0.000 -> AST >= 0.264) -> Hct >= 0.259)
",9999999.000,9999999.000,0.000,1.000,0.000,0,0,23,0,0,23,23,0,0.0,0.0,1.0,0.0,0.0,1.0,1
"G[1,2](EtCO2 <= 0.000 -> HCO3 <= 0.000)
",9999999.000,9999999.000,0.000,1.000,0.000,0,0,23,0,0,23,23,0,0.0,0.0,1.0,0.0,0.0,1.0,1
"G[0,2]((FiO2 <= 0.000 -> BaseExcess >= 0.000) & Calcium >= 0.000)
",9999999.000,9999999.000,0.000,1.000,0.000,0,0,23,0,0,23,23,0,0.0,0.0,1.0,0.0,0.0,1.0,1
"G[2,2](((BaseExcess >= 0.000 -> PaCO2 >= 0.000) -> BaseExcess >= 0.000) | Calcium >= 0.000)
",0.000,0.000,0.000,1.000,0.000,0,0,23,0,0,23,23,0,0.0,0.0,1.0,0.0,0.0,1.0,1
"F[0,2](((Hgb <= 14.091 | Fibrinogen >= 0.000) -> AST >= 0.000) & Bilirubin_total <= 0.000)
",-9999999.000,-9999999.000,0.000,0.000,1.000,0,0,0,23,23,0,0,23,0.0,0.0,0.0,0.0,0.0,1.0,-1
"F[0,0]((FiO2 >= 0.000 -> Bilirubin_direct <= 0.000) -> PaCO2 >= 0.000)
",0.000,0.000,0.000,0.000,1.000,0,0,0,23,23,0,0,23,0.0,0.0,0.0,0.0,0.0,1.0,-1
"F[1,2](((Hct <= 14.035 | Temp <= 31.880) -> Calcium <= 9.099) -> Bilirubin_total >= 0.088)
",-9999999.000,-9999999.000,0.000,0.000,1.000,0,0,0,23,23,0,0,23,0.0,0.0,0.0,0.0,0.0,1.0,-1
"F[0,0]((Phosphate >= 0.016 & Magnesium > 0.030) -> Calcium < 0.766)
",-4.401,-0.730,0.000,0.000,1.000,0,0,0,23,23,0,0,23,0.0,0.0,0.0,0.0,0.0,1.0,-1
"F[0,2](Alkalinephos >= 0.798 & EtCO2 <= 0.000)
",-9999999.000,-9999999.000,0.000,0.000,1.000,0,0,0,23,23,0,0,23,0.0,0.0,0.0,0.0,0.0,1.0,-1
"F[0,0](((Creatinine >= 0.009 -> Phosphate <= 1.678) & Lactate <= 1.935) -> Glucose <= 1.347)
",-3034262373033674.000,-1.347,0.000,0.000,1.000,0,0,0,23,23,0,0,23,0.0,0.0,0.0,0.0,0.0,1.0,-1
"F[0,1](((Calcium < 0.731 & Potassium < 0.312) & Magnesium < 0.329) & Phosphate < 3.060)
",-9999999.000,-9999999.000,0.000,0.000,1.000,0,0,0,23,23,0,0,23,0.0,0.0,0.0,0.0,0.0,1.0,-1
"F[2,2]((Calcium <= 4.807 & Potassium <= 3.776) & Magnesium >= 0.004)
",-5134454286267631.000,-0.004,0.000,0.000,1.000,0,0,0,23,23,0,0,23,0.0,0.0,0.0,0.0,0.0,1.0,-1
"F[1,2](((TroponinI >= 0.000 -> Bilirubin_total >= 0.011) -> FiO2 <= 0.366) | Phosphate <= 0.514)
",-9999999.000,-9999999.000,0.000,0.000,1.000,0,0,0,23,23,0,0,23,0.0,0.0,0.0,0.0,0.0,1.0,-1
"((DBP >= 28.935) U[2,2] (Phosphate <= 0.522))
",0.522,0.522,0.000,0.000,1.000,0,0,0,23,23,0,0,23,0.0,0.0,0.0,0.0,0.0,1.0,-1
"F[0,2](Hgb <= 6.065 | Hct <= 8.120)
",-9999999.000,-9999999.000,0.000,0.000,1.000,0,0,0,23,23,0,0,23,0.0,0.0,0.0,0.0,0.0,1.0,-1
"F[2,2]((MAP <= 148.792 | Magnesium <= 1.103) -> Alkalinephos <= 1.155)
",-2617582168707886.000,-148.792,0.000,0.000,1.000,0,0,0,23,23,0,0,23,0.0,0.0,0.0,0.0,0.0,1.0,-1
"F[1,2]((Alkalinephos <= 28.194 -> Bilirubin_direct >= 0.000) & Magnesium >= 0.000)
",-9999999.000,-9999999.000,0.000,0.000,1.000,0,0,0,23,23,0,0,23,0.0,0.0,0.0,0.0,0.0,1.0,-1
"F[0,0](BaseExcess >= 0.000 & pH <= 0.000)
",0.000,0.000,0.000,0.000,1.000,0,0,0,23,23,0,0,23,0.0,0.0,0.0,0.0,0.0,1.0,-1
"F[0,1](Hgb <= 4.687 -> Lactate >= 0.000)
",-9999999.000,-9999999.000,0.000,0.000,1.000,0,0,0,23,23,0,0,23,0.0,0.0,0.0,0.0,0.0,1.0,-1
"F[1,2](SaO2 >= 0.000 & EtCO2 <= 0.000)
",-9999999.000,-9999999.000,0.000,0.000,1.000,0,0,0,23,23,0,0,23,0.0,0.0,0.0,0.0,0.0,1.0,-1
"F[2,2](((TroponinI >= 0.000 -> Bilirubin_direct >= 0.000) -> Magnesium <= 0.000) | Temp >= 0.000)
",0.000,0.000,0.000,0.000,1.000,0,0,0,23,23,0,0,23,0.0,0.0,0.0,0.0,0.0,1.0,-1
"F[0,2]((SBP >= 83.462 -> WBC <= 3.599) -> Hct >= 0.055)
",-9999999.000,-9999999.000,0.000,0.000,1.000,0,0,0,23,23,0,0,23,0.0,0.0,0.0,0.0,0.0,1.0,-1
"F[1,2](PaCO2 <= 0.000 & Platelets <= 78.191)
",-9999999.000,-9999999.000,0.000,0.000,1.000,0,0,0,23,23,0,0,23,0.0,0.0,0.0,0.0,0.0,1.0,-1
"F[0,1](((BaseExcess >= 0.000 | Chloride <= 0.000) | Hgb <= 0.000) | BaseExcess <= 0.000)
",-9999999.000,-9999999.000,0.000,0.000,1.000,0,0,0,23,23,0,0,23,0.0,0.0,0.0,0.0,0.0,1.0,-1
"F[0,2]((Bilirubin_direct >= 0.000 | Glucose <= 25.618) -> FiO2 <= 91.657)
",-9999999.000,-9999999.000,0.000,0.000,1.000,0,0,0,23,23,0,0,23,0.0,0.0,0.0,0.0,0.0,1.0,-1
"G[0,0](Hgb <= 1.427 -> Magnesium >= 0.027)
",-4.494,-1.361,0.000,1.000,0.000,0,0,0,23,23,0,0,23,0.0,0.0,0.0,0.0,0.0,1.0,1
"F[0,1](((FiO2 <= 0.000 | PTT >= 0.000) & PTT >= 0.000) | PaCO2 <= 0.000)
",-9999999.000,-9999999.000,0.000,0.000,1.000,0,0,0,23,23,0,0,23,0.0,0.0,0.0,0.0,0.0,1.0,-1
"F[1,2](Platelets >= 0.968 -> Bilirubin_total >= 0.009)
",-9999999.000,-9999999.000,0.000,0.000,1.000,0,0,0,23,23,0,0,23,0.0,0.0,0.0,0.0,0.0,1.0,-1
"F[0,2](((Phosphate >= 0.050 -> FiO2 >= 0.000) | Bilirubin_total >= 0.000) & Hgb <= 0.000)
",-9999999.000,-9999999.000,0.000,0.000,1.000,0,0,0,23,23,0,0,23,0.0,0.0,0.0,0.0,0.0,1.0,-1
"F[0,1](((BUN <= 4.579 & PTT >= 0.000) | Bilirubin_direct <= 0.000) -> Glucose <= 0.000)
",-9999999.000,-9999999.000,0.000,0.000,1.000,0,0,0,23,23,0,0,23,0.0,0.0,0.0,0.0,0.0,1.0,-1
"((EtCO2 >= 0.000) U[0,0] (FiO2 >= 0.000))
",14.625,19.955,0.000,0.000,1.000,0,0,0,23,23,0,0,23,0.0,0.0,0.0,0.0,0.0,1.0,-1
"F[0,0](((O2Sat <= 93.409 -> EtCO2 <= 0.000) & Chloride >= 0.000) -> DBP >= 0.000)
",-6.209,-134.023,0.000,0.000,1.000,0,0,0,23,23,0,0,23,0.0,0.0,0.0,0.0,0.0,1.0,-1
"F[0,1]((BaseExcess >= 0.000 -> Potassium <= 0.707) -> Temp <= 3.478)
",-9999999.000,-9999999.000,0.000,0.000,1.000,0,0,0,23,23,0,0,23,0.0,0.0,0.0,0.0,0.0,1.0,-1
"G[1,2]((Magnesium >= 0.039 | PTT <= 0.000) -> TroponinI >= 0.000)
",9999999.000,9999999.000,0.000,1.000,0.000,0,0,23,0,0,23,23,0,0.0,0.0,1.0,0.0,0.0,1.0,1
"G[2,2]((Resp >= 9.539 -> Potassium >= 0.144) | Chloride >= 0.162)
",5202681057959332.000,0.144,0.000,1.000,0.000,0,0,23,0,0,23,23,0,0.0,0.0,1.0,0.0,0.0,1.0,1
"G[1,2](PaCO2 <= 0.000 -> Glucose <= 44.039)
",9999999.000,9999999.000,0.000,1.000,0.000,0,0,21,2,2,21,21,2,0.0,0.0,1.0,0.0,0.0,1.0,1
"G[0,2]((Calcium <= 5.484 | Platelets <= 63.139) -> WBC >= 2.117)
",9999999.000,9999999.000,0.000,1.000,0.000,0,0,0,23,23,0,0,23,0.0,0.0,0.0,0.0,0.0,1.0,1
"G[1,2](Resp <= 20.939 -> Temp <= 18.349)
",9999999.000,9999999.000,0.000,1.000,0.000,0,0,22,1,1,22,22,1,0.0,0.0,1.0,0.0,0.0,1.0,1
"G[1,2](((Creatinine >= 0.078 -> DBP <= 111.841) -> SepsisLabel <= 113.474) & Hgb >= 93.672)
",9999999.000,9999999.000,0.000,1.000,0.000,0,0,1,22,22,1,1,22,0.0,0.0,1.0,0.0,0.0,1.0,1
"G[0,1]((Phosphate >= 0.049 | Temp >= 8.376) & Bilirubin_direct <= 22.000)
",9999999.000,9999999.000,0.000,1.000,0.000,0,0,0,23,23,0,0,23,0.0,0.0,0.0,0.0,0.0,1.0,1
"G[0,2]((Calcium <= 7.686 -> Temp >= 2.661) -> HR >= 6.279)
",9999999.000,9999999.000,0.000,1.000,0.000,0,0,23,0,0,23,23,0,0.0,0.0,1.0,0.0,0.0,1.0,1
"G[0,2]((Phosphate <= 2.978 & SBP <= 189.651) | MAP <= 193.546)
",9999999.000,9999999.000,0.000,1.000,0.000,0,0,23,0,0,23,23,0,0.0,0.0,1.0,0.0,0.0,1.0,1
"G[0,0](((MAP >= 35.192 | Platelets >= 2.116) & SepsisLabel <= 181.123) & Hct >= 2.794)
",-1.108,-3.480,0.000,1.000,0.000,0,0,0,23,23,0,0,23,0.0,0.0,0.0,0.0,0.0,1.0,1
"G[1,2]((Bilirubin_total <= 0.118 & DBP >= 14.776) & Fibrinogen >= 6.009)
",9999999.000,9999999.000,0.000,1.000,0.000,0,0,1,22,22,1,1,22,0.0,0.0,1.0,0.0,0.0,1.0,1
"G[1,2]((DBP <= 106.682 -> Platelets <= 14.257) -> SepsisLabel >= 3.614)
",9999999.000,9999999.000,0.000,1.000,0.000,0,0,1,22,22,1,1,22,0.0,0.0,1.0,0.0,0.0,1.0,1
"G[0,2](((Hct >= 0.665 & Potassium <= 2.682) & SaO2 >= 0.024) -> Fibrinogen >= 0.145)
",9999999.000,9999999.000,0.000,1.000,0.000,0,0,23,0,0,23,23,0,0.0,0.0,1.0,0.0,0.0,1.0,1
"G[2,2](((Potassium >= 0.067 & WBC >= 0.007) & Temp <= 1.845) & SaO2 >= 0.069)
",-2485422892232026.500,-0.069,0.000,1.000,0.000,0,0,23,0,0,23,23,0,0.0,0.0,1.0,0.0,0.0,1.0,1
"G[0,2](((AST <= 1.672 | BUN <= 11.779) -> PTT >= 1.316) -> Hgb >= 0.720)
",9999999.000,9999999.000,0.000,1.000,0.000,0,0,23,0,0,23,23,0,0.0,0.0,1.0,0.0,0.0,1.0,1
"G[1,2](((Calcium >= 0.002 | Magnesium >= 0.003) | Alkalinephos <= 1.839) | Creatinine >= 0.025)
",9999999.000,9999999.000,0.000,1.000,0.000,0,0,23,0,0,23,23,0,0.0,0.0,1.0,0.0,0.0,1.0,1
"G[1,2](((Bilirubin_total >= 0.014 -> Calcium >= 0.169) & SaO2 <= 7.887) -> MAP >= 0.046)
",9999999.000,9999999.000,0.000,1.000,0.000,0,0,22,1,1,22,22,1,0.0,0.0,1.0,0.0,0.0,1.0,1
"G[1,2](Bilirubin_total <= 0.402 | Hgb <= 10.600)
",9999999.000,9999999.000,0.000,1.000,0.000,0,0,22,1,1,22,22,1,0.0,0.0,1.0,0.0,0.0,1.0,1
"G[1,2](((Glucose <= 89.376 & Hgb >= 0.161) | Platelets <= 5.236) | Glucose <= 13.026)
",9999999.000,9999999.000,0.000,1.000,0.000,0,0,22,1,1,22,22,1,0.0,0.0,1.0,0.0,0.0,1.0,1
"G[2,2](((AST <= 9.283 -> Glucose >= 4.039) | SaO2 <= 50.860) | Hct >= 0.973)
",50.860,50.860,0.000,1.000,0.000,0,0,23,0,0,23,23,0,0.0,0.0,1.0,0.0,0.0,1.0,1
"G[1,2](HR <= 78.506 & Magnesium >= 0.004)
",9999999.000,9999999.000,0.000,1.000,0.000,0,0,2,21,21,2,2,21,0.0,0.0,1.0,0.0,0.0,1.0,1
"G[0,2]((HR <= 77.081 -> Phosphate >= 0.051) | Phosphate <= 3.242)
",9999999.000,9999999.000,0.000,1.000,0.000,0,0,23,0,0,23,23,0,0.0,0.0,1.0,0.0,0.0,1.0,1
"G[2,2]((MAP >= 29.859 | Temp >= 7.318) -> Platelets <= 31.554)
",-2960594427887022.500,-31.554,0.000,1.000,0.000,0,0,23,0,0,23,23,0,0.0,0.0,1.0,0.0,0.0,1.0,1
"G[2,2](Potassium >= 0.068 & Resp >= 1.064)
",-2396948058899637.500,-1.064,0.000,1.000,0.000,0,0,23,0,0,23,23,0,0.0,0.0,1.0,0.0,0.0,1.0,1
"G[1,2]((Hct <= 14.053 -> Hct <= 18.975) & SaO2 <= 21.851)
",9999999.000,9999999.000,0.000,1.000,0.000,0,0,23,0,0,23,23,0,0.0,0.0,1.0,0.0,0.0,1.0,1
"G[0,2](((EtCO2 <= 0.000 & Magnesium >= 0.006) & EtCO2 <= 1.025) -> Hct <= 1.225)
",9999999.000,9999999.000,0.000,1.000,0.000,0,0,22,1,1,22,22,1,0.0,0.0,1.0,0.0,0.0,1.0,1
"G[0,2](((pH <= 0.000 & Glucose >= 2.977) & FiO2 <= 47.072) -> BUN <= 44.207)
",9999999.000,9999999.000,0.000,1.000,0.000,0,0,23,0,0,23,23,0,0.0,0.0,1.0,0.0,0.0,1.0,1
"G[0,2](((pH >= 0.000 & Temp >= 4.313) | SBP <= 17.854) & HR <= 17.571)
",9999999.000,9999999.000,0.000,1.000,0.000,0,0,0,23,23,0,0,23,0.0,0.0,0.0,0.0,0.0,1.0,1
"G[1,2](AST >= 0.305 | pH >= 0.000)
",9999999.000,9999999.000,0.000,1.000,0.000,0,0,23,0,0,23,23,0,0.0,0.0,1.0,0.0,0.0,1.0,1
"G[1,2]((EtCO2 >= 0.000 -> Hct >= 0.355) | MAP >= 0.805)
",9999999.000,9999999.000,0.000,1.000,0.000,0,0,22,1,1,22,22,1,0.0,0.0,1.0,0.0,0.0,1.0,1
"G[1,2]((BUN <= 28.361 | O2Sat <= 95.733) | Bilirubin_direct <= 94.827)
",9999999.000,9999999.000,0.000,1.000,0.000,0,0,23,0,0,23,23,0,0.0,0.0,1.0,0.0,0.0,1.0,1
"G[2,2]((Calcium <= 7.856 -> O2Sat >= 1.499) | BUN >= 4.345)
",-4892004031000924.000,-4.345,0.000,1.000,0.000,0,0,23,0,0,23,23,0,0.0,0.0,1.0,0.0,0.0,1.0,1
"G[2,2](Creatinine >= 0.035 -> O2Sat >= 77.951)
",2552576834956170.500,0.035,0.000,1.000,0.000,0,0,23,0,0,23,23,0,0.0,0.0,1.0,0.0,0.0,1.0,1
"G[0,2](Creatinine <= 0.332 | MAP <= 159.334)
",9999999.000,9999999.000,0.000,1.000,0.000,0,0,23,0,0,23,23,0,0.0,0.0,1.0,0.0,0.0,1.0,1
"G[0,2](((Bilirubin_total <= 0.207 & Lactate <= 0.000) & MAP >= 0.000) & Calcium <= 0.000)
",9999999.000,9999999.000,0.000,1.000,0.000,0,0,21,2,2,21,21,2,0.0,0.0,1.0,0.0,0.0,1.0,1
"G[0,0](Platelets >= 0.666 | Creatinine >= 0.081)
",-2909283371596686.000,-0.081,0.000,1.000,0.000,0,0,0,23,23,0,0,23,0.0,0.0,0.0,0.0,0.0,1.0,1
"G[1,2](((Magnesium <= 1.931 -> HR <= 80.439) | Calcium <= 83.246) & EtCO2 >= 39.215)
",9999999.000,9999999.000,0.000,1.000,0.000,0,0,1,22,22,1,1,22,0.0,0.0,1.0,0.0,0.0,1.0,1
"G[0,0](Bilirubin_total >= 0.006 & Platelets >= 0.979)
",-2203537920323259.000,-0.979,0.000,1.000,0.000,0,0,0,23,23,0,0,23,0.0,0.0,0.0,0.0,0.0,1.0,1
"G[1,2]((BUN >= 0.165 & HCO3 >= 0.000) -> BUN <= 0.000)
",9999999.000,9999999.000,0.000,1.000,0.000,0,0,21,2,2,21,21,2,0.0,0.0,1.0,0.0,0.0,1.0,1
"G[1,2](((EtCO2 >= 0.000 & Chloride <= 0.000) & Phosphate <= 0.000) & Hgb >= 0.000)
",9999999.000,9999999.000,0.000,1.000,0.000,0,0,22,1,1,22,22,1,0.0,0.0,1.0,0.0,0.0,1.0,1
"G[1,2](EtCO2 >= 0.000 & O2Sat >= 35.121)
",9999999.000,9999999.000,0.000,1.000,0.000,0,0,22,1,1,22,22,1,0.0,0.0,1.0,0.0,0.0,1.0,1
"G[2,2](Platelets <= 195.202 & Magnesium >= 0.047)
",-3357891378053006.000,-0.047,0.000,1.000,0.000,0,0,23,0,0,23,23,0,0.0,0.0,1.0,0.0,0.0,1.0,1
"G[1,2]((HR <= 75.873 -> Calcium <= 2.637) | Bilirubin_total <= 7.717)
",9999999.000,9999999.000,0.000,1.000,0.000,0,0,23,0,0,23,23,0,0.0,0.0,1.0,0.0,0.0,1.0,1
"G[1,2]((Platelets <= 69.552 & Potassium >= 0.056) -> DBP <= 0.733)
",9999999.000,9999999.000,0.000,1.000,0.000,0,0,22,1,1,22,22,1,0.0,0.0,1.0,0.0,0.0,1.0,1
"G[0,2](((AST <= 6.610 | Creatinine >= 0.067) | Creatinine <= 0.584) -> Glucose <= 2.386)
",9999999.000,9999999.000,0.000,1.000,0.000,0,0,21,2,2,21,21,2,0.0,0.0,1.0,0.0,0.0,1.0,1
"G[1,2](((Hct <= 14.595 & PTT <= 0.000) -> PTT >= 0.000) | PTT <= 0.000)
",9999999.000,9999999.000,0.000,1.000,0.000,0,0,23,0,0,23,23,0,0.0,0.0,1.0,0.0,0.0,1.0,1
"G[2,2]((Magnesium >= 0.042 -> FiO2 >= 0.000) | SaO2 <= 0.000)
",0.000,0.000,0.000,1.000,0.000,0,0,23,0,0,23,23,0,0.0,0.0,1.0,0.0,0.0,1.0,1
"G[1,2](HR >= 55.748 -> O2Sat <= 99.477)
",9999999.000,9999999.000,0.000,1.000,0.000,0,0,21,2,2,21,21,2,0.0,0.0,1.0,0.0,0.0,1.0,1
"G[0,2]((Bilirubin_total >= 0.012 | Resp >= 7.655) | Bilirubin_direct >= 15.361)
",9999999.000,9999999.000,0.000,1.000,0.000,0,0,21,2,2,21,21,2,0.0,0.0,1.0,0.0,0.0,1.0,1
"G[0,2](((SaO2 <= 0.000 -> BUN >= 0.818) & O2Sat <= 23.019) & SBP >= 0.134)
",9999999.000,9999999.000,0.000,1.000,0.000,0,0,0,23,23,0,0,23,0.0,0.0,0.0,0.0,0.0,1.0,1
"G[0,2](((FiO2 <= 0.000 | Lactate <= 0.000) & Bilirubin_direct <= 0.000) | Bilirubin_direct >= 0.000)
",9999999.000,9999999.000,0.000,1.000,0.000,0,0,23,0,0,23,23,0,0.0,0.0,1.0,0.0,0.0,1.0,1
"G[0,2](O2Sat >= 71.627 | pH <= 0.000)
",9999999.000,9999999.000,0.000,1.000,0.000,0,0,23,0,0,23,23,0,0.0,0.0,1.0,0.0,0.0,1.0,1
"G[0,2]((PTT <= 0.000 -> Phosphate <= 3.378) & MAP <= 1.348)
",9999999.000,9999999.000,0.000,1.000,0.000,0,0,0,23,23,0,0,23,0.0,0.0,0.0,0.0,0.0,1.0,1
"G[0,2](((HR <= 78.795 -> Lactate <= 0.000) & Magnesium <= 0.000) & Bilirubin_total <= 0.000)
",9999999.000,9999999.000,0.000,1.000,0.000,0,0,22,1,1,22,22,1,0.0,0.0,1.0,0.0,0.0,1.0,1
"G[0,2](((AST <= 5.172 & HR <= 78.264) & O2Sat <= 80.465) | HR >= 38.180)
",9999999.000,9999999.000,0.000,1.000,0.000,0,0,23,0,0,23,23,0,0.0,0.0,1.0,0.0,0.0,1.0,1
"G[2,2]((Bilirubin_total >= 0.009 -> HR >= 39.270) & Phosphate >= 22.559)
",-6349760068021087.000,-22.559,0.000,1.000,0.000,0,0,23,0,0,23,23,0,0.0,0.0,1.0,0.0,0.0,1.0,1
"G[0,1](((BUN <= 22.118 | MAP >= 8.030) & EtCO2 >= 14.807) & Platelets <= 175.111)
",9999999.000,9999999.000,0.000,1.000,0.000,0,0,0,23,23,0,0,23,0.0,0.0,0.0,0.0,0.0,1.0,1
"G[0,2]((HR >= 20.322 | Potassium <= 1.990) | MAP >= 0.093)
",9999999.000,9999999.000,0.000,1.000,0.000,0,0,23,0,0,23,23,0,0.0,0.0,1.0,0.0,0.0,1.0,1
"G[0,2](((Calcium >= 0.382 | SBP <= 206.100) -> Resp >= 53.562) | HCO3 <= 192.559)
",9999999.000,9999999.000,0.000,1.000,0.000,0,0,23,0,0,23,23,0,0.0,0.0,1.0,0.0,0.0,1.0,1
"F[1,2]((PaCO2 <= 0.000 & Alkalinephos <= 45.324) | PTT <= 7.681)
",-9999999.000,-9999999.000,0.000,0.000,1.000,0,0,0,23,23,0,0,23,0.0,0.0,0.0,0.0,0.0,1.0,-1
