Rule,Discrimination Score,Pos Robustness,Neg Robustness,Percent Class +,Percent Class -,TP,TN,FP,FN,Actual Yes,Actual No,Predicted Yes,Predicted No,TPR/Sens,TNR/Spec,FPR,Precision,Accuracy,MCR
"((Creatinine >= 0.034) U[1,1] (Hgb <= 4.452))
",5012398026777281.000,4.452,0.000,0.000,1.000,14,0,0,0,14,0,14,0,1.0,0,0,1.0,1.0,0.0
"F[0,1]((WBC <= 3.529 & Hct <= 4.381) & AST >= 0.716)
",-9999999.000,-9999999.000,0.000,0.000,1.000,14,0,0,0,14,0,14,0,1.0,0,0,1.0,1.0,0.0
"F[1,1]((Calcium <= 2.063 & Potassium <= 3.048) & Magnesium >= 0.070)
",-0.070,-0.070,0.000,0.000,1.000,14,0,0,0,14,0,14,0,1.0,0,0,1.0,1.0,0.0
"((Potassium >= 0.104) U[1,1] (SBP >= 106.727))
",-3761972842635336.500,-0.104,0.000,0.000,1.000,14,0,0,0,14,0,14,0,1.0,0,0,1.0,1.0,0.0
"F[1,1]((Calcium <= 6.338 & Potassium <= 2.072) & Magnesium >= 0.016)
",-0.016,-0.016,0.000,0.000,1.000,14,0,0,0,14,0,14,0,1.0,0,0,1.0,1.0,0.0
"F[1,1](((MAP >= 56.654 -> DBP <= 86.469) -> BaseExcess >= 30.222) & PTT <= 93.402)
",4253300307420322.500,30.222,0.000,0.000,1.000,14,0,0,0,14,0,14,0,1.0,0,0,1.0,1.0,0.0
"F[0,1]((Calcium <= 7.070 & Potassium <= 2.516) & Magnesium >= 0.069)
",-9999999.000,-9999999.000,0.000,0.000,1.000,14,0,0,0,14,0,14,0,1.0,0,0,1.0,1.0,0.0
"((Temp >= 5.752) U[1,2] (SepsisLabel = 0.000))
",-9999999.000,-9999999.000,0.000,0.000,1.000,14,0,0,0,14,0,14,0,1.0,0,0,1.0,1.0,0.0
"F[0,0](((Magnesium <= 1.091 & Potassium >= 0.093) & Calcium <= 0.355) & Glucose <= 3.119)
",-0.528,-0.061,0.000,0.000,1.000,14,0,0,0,14,0,14,0,1.0,0,0,1.0,1.0,0.0
"((Phosphate >= 0.033) U[1,2] (pH >= 0.000))
",-9999999.000,-9999999.000,0.000,0.000,1.000,14,0,0,0,14,0,14,0,1.0,0,0,1.0,1.0,0.0
"F[0,0](((Hct >= 0.020 & MAP <= 86.999) & SaO2 >= 5.182) & Fibrinogen >= 30.953)
",-4.366,-42.208,0.000,0.000,1.000,14,0,0,0,14,0,14,0,1.0,0,0,1.0,1.0,0.0
"F[1,1]((MAP >= 10.772 & Hct >= 0.302) & PTT >= 0.143)
",-3032177878258217.000,-10.772,0.000,0.000,1.000,14,0,0,0,14,0,14,0,1.0,0,0,1.0,1.0,0.0
"((SepsisLabel > 0.000) U[1,1] (SepsisLabel = 0.000))
",0.000,0.000,0.000,0.000,1.000,14,0,0,0,14,0,14,0,1.0,0,0,1.0,1.0,0.0
"((Temp >= 4.068) U[1,2] (Bilirubin_total <= 0.000))
",-9999999.000,-9999999.000,0.000,0.000,1.000,14,0,0,0,14,0,14,0,1.0,0,0,1.0,1.0,0.0
"F[1,1](((Resp <= 18.426 | Hct <= 19.152) -> WBC <= 17.936) & EtCO2 >= 0.274)
",-5390836396441191.000,-19.152,0.000,0.000,1.000,14,0,0,0,14,0,14,0,1.0,0,0,1.0,1.0,0.0
"F[0,0](((DBP <= 64.634 & MAP >= 26.850) & SepsisLabel >= 37.414) & MAP <= 76.117)
",-5.000,-52.459,0.000,0.000,1.000,14,0,0,0,14,0,14,0,1.0,0,0,1.0,1.0,0.0
"F[1,1](((Magnesium >= 0.066 & O2Sat <= 97.410) | SaO2 <= 94.860) -> PTT >= 81.717)
",-3337604400625511.000,-94.860,0.000,0.000,1.000,14,0,0,0,14,0,14,0,1.0,0,0,1.0,1.0,0.0
"F[1,1]((SaO2 >= 0.000 | DBP <= 88.607) -> SBP <= 85.471)
",-6235131060125178.000,-88.607,0.000,0.000,1.000,14,0,0,0,14,0,14,0,1.0,0,0,1.0,1.0,0.0
"F[1,1]((Calcium <= 0.899 & Potassium <= 0.811) & Magnesium >= 0.014)
",-3927641195611829.500,-0.014,0.000,0.000,1.000,14,0,0,0,14,0,14,0,1.0,0,0,1.0,1.0,0.0
"F[0,1](Creatinine <= 0.452 -> Hgb >= 0.255)
",-9999999.000,-9999999.000,0.000,0.000,1.000,13,0,0,1,14,0,13,1,0.9285714285714286,0,0,1.0,0.9285714285714286,0.0714285714285714
"F[1,1]((HCO3 >= 0.000 -> Phosphate <= 2.082) -> Magnesium >= 0.046)
",0.046,0.046,0.000,0.000,1.000,13,0,0,1,14,0,13,1,0.9285714285714286,0,0,1.0,0.9285714285714286,0.0714285714285714
"((BaseExcess <= 0.000) U[1,1] (Hct >= 0.227))
",0.000,0.000,0.000,0.000,1.000,13,0,0,1,14,0,13,1,0.9285714285714286,0,0,1.0,0.9285714285714286,0.0714285714285714
"((Creatinine <= 0.073) U[0,1] (Hgb >= 0.129))
",-9999999.000,-9999999.000,0.000,0.000,1.000,13,0,0,1,14,0,13,1,0.9285714285714286,0,0,1.0,0.9285714285714286,0.0714285714285714
"F[0,1](AST <= 0.000 -> Creatinine >= 0.051)
",-9999999.000,-9999999.000,0.000,0.000,1.000,13,0,0,1,14,0,13,1,0.9285714285714286,0,0,1.0,0.9285714285714286,0.0714285714285714
"F[1,1](WBC >= 0.084 & Magnesium >= 0.029)
",-0.084,-0.084,0.000,0.000,1.000,13,0,0,1,14,0,13,1,0.9285714285714286,0,0,1.0,0.9285714285714286,0.0714285714285714
"((HR >= 23.211) U[0,1] (Potassium >= 0.012))
",-9999999.000,-9999999.000,0.000,0.000,1.000,13,0,0,1,14,0,13,1,0.9285714285714286,0,0,1.0,0.9285714285714286,0.0714285714285714
"F[1,1](Glucose >= 15.160 & Temp <= 22.462)
",-2844713367340753.500,-15.160,0.000,0.000,1.000,13,0,0,1,14,0,13,1,0.9285714285714286,0,0,1.0,0.9285714285714286,0.0714285714285714
"F[0,1](((BaseExcess >= 0.000 -> EtCO2 <= 0.000) -> Temp <= 0.000) & Resp <= 0.000)
",-9999999.000,-9999999.000,0.000,0.000,1.000,13,0,0,1,14,0,13,1,0.9285714285714286,0,0,1.0,0.9285714285714286,0.0714285714285714
"F[0,1](((TroponinI <= 0.000 | Potassium <= 0.978) & BUN <= 1.285) -> BaseExcess >= 0.078)
",-9999999.000,-9999999.000,0.000,0.000,1.000,13,0,0,1,14,0,13,1,0.9285714285714286,0,0,1.0,0.9285714285714286,0.0714285714285714
"((MAP >= 6.452) U[1,1] (SBP <= 118.422))
",8333224644430431.000,118.422,0.000,0.000,1.000,13,0,0,1,14,0,13,1,0.9285714285714286,0,0,1.0,0.9285714285714286,0.0714285714285714
"F[0,1](((Bilirubin_total >= 0.000 & BUN >= 0.819) & Hgb >= 1.013) & Fibrinogen <= 1.636)
",-9999999.000,-9999999.000,0.000,0.000,1.000,13,0,0,1,14,0,13,1,0.9285714285714286,0,0,1.0,0.9285714285714286,0.0714285714285714
"F[1,1]((FiO2 <= 0.000 -> Glucose >= 7.304) & Creatinine <= 87.871)
",0.000,0.000,0.000,0.000,1.000,12,0,0,2,14,0,12,2,0.8571428571428571,0,0,1.0,0.8571428571428571,0.1428571428571429
"F[0,1]((MAP <= 73.271 -> O2Sat <= 97.137) -> AST >= 67.979)
",-9999999.000,-9999999.000,0.000,0.000,1.000,11,0,0,3,14,0,11,3,0.7857142857142857,0,0,1.0,0.7857142857142857,0.2142857142857143
"F[0,1](((EtCO2 >= 0.000 -> MAP >= 65.258) -> Bilirubin_total <= 87.410) -> O2Sat <= 93.385)
",-9999999.000,-9999999.000,0.000,0.000,1.000,11,0,0,3,14,0,11,3,0.7857142857142857,0,0,1.0,0.7857142857142857,0.2142857142857143
"((MAP >= 36.144) U[0,0] (SBP <= 117.830))
",8.370,108.982,0.000,0.000,1.000,10,0,0,4,14,0,10,4,0.7142857142857143,0,0,1.0,0.7142857142857143,0.2857142857142857
"((MAP >= 8.272) U[0,1] (SBP <= 115.589))
",-9999999.000,-9999999.000,0.000,0.000,1.000,9,0,0,5,14,0,9,5,0.6428571428571429,0,0,1.0,0.6428571428571429,0.3571428571428571
"F[0,1](pH >= 0.000 & O2Sat <= 94.709)
",-9999999.000,-9999999.000,0.000,0.000,1.000,9,0,0,5,14,0,9,5,0.6428571428571429,0,0,1.0,0.6428571428571429,0.3571428571428571
"((FiO2 >= 0.000) U[0,1] (Glucose >= 37.192))
",-9999999.000,-9999999.000,0.000,0.000,1.000,8,0,0,6,14,0,8,6,0.5714285714285714,0,0,1.0,0.5714285714285714,0.4285714285714286
"F[0,0]((Magnesium >= 0.027 | MAP <= 80.815) -> Lactate >= 15.145)
",-0.626,-49.082,0.000,0.000,1.000,8,0,0,6,14,0,8,6,0.5714285714285714,0,0,1.0,0.5714285714285714,0.4285714285714286
"F[0,0](((Hgb >= 0.227 -> O2Sat <= 94.793) -> O2Sat <= 98.770) & O2Sat >= 71.982)
",-4.231,-23.270,0.000,0.000,1.000,7,0,0,7,14,0,7,7,0.5,0,0,1.0,0.5,0.5
"((Glucose <= 70.968) U[0,0] (Resp <= 18.316))
",4993917317406409.000,70.968,0.000,0.000,1.000,6,0,0,8,14,0,6,8,0.42857142857142855,0,0,1.0,0.42857142857142855,0.5714285714285714
"F[1,1](DBP >= 47.368 -> Temp <= 26.105)
",-26.105,-26.105,0.000,0.000,1.000,5,0,0,9,14,0,5,9,0.35714285714285715,0,0,1.0,0.35714285714285715,0.6428571428571428
"F[0,0]((SBP <= 130.101 | Glucose >= 22.827) & Calcium <= 171.666)
",6.718,117.108,0.000,0.000,1.000,4,0,0,10,14,0,4,10,0.2857142857142857,0,0,1.0,0.2857142857142857,0.7142857142857143
"F[0,1]((SBP <= 128.557 | Potassium >= 0.085) & Magnesium <= 0.778)
",-9999999.000,-9999999.000,0.000,0.000,1.000,4,0,0,10,14,0,4,10,0.2857142857142857,0,0,1.0,0.2857142857142857,0.7142857142857143
"((MAP >= 19.466) U[1,1] (SBP <= 144.465))
",5082900291678306.000,144.465,0.000,0.000,1.000,4,0,0,10,14,0,4,10,0.2857142857142857,0,0,1.0,0.2857142857142857,0.7142857142857143
"((Bilirubin_total <= 0.000) U[0,0] (Glucose <= 121.390))
",2847359183243895.000,121.390,0.000,0.000,1.000,4,0,0,10,14,0,4,10,0.2857142857142857,0,0,1.0,0.2857142857142857,0.7142857142857143
"F[0,1]((Hct <= 3.372 -> O2Sat <= 96.186) | Temp >= 36.957)
",-9999999.000,-9999999.000,0.000,0.000,1.000,4,0,0,10,14,0,4,10,0.2857142857142857,0,0,1.0,0.2857142857142857,0.7142857142857143
"F[0,1](((DBP <= 63.617 -> Glucose >= 40.064) | Creatinine >= 0.968) & PTT <= 156.573)
",-9999999.000,-9999999.000,0.000,0.000,1.000,4,0,0,10,14,0,4,10,0.2857142857142857,0,0,1.0,0.2857142857142857,0.7142857142857143
"((SBP >= 13.852) U[0,0] (DBP >= 5.366))
",3.068,68.920,0.000,0.000,1.000,3,0,0,11,14,0,3,11,0.21428571428571427,0,0,1.0,0.21428571428571427,0.7857142857142857
"((DBP >= 3.673) U[1,2] (TroponinI <= 0.000))
",-9999999.000,-9999999.000,0.000,0.000,1.000,3,0,0,11,14,0,3,11,0.21428571428571427,0,0,1.0,0.21428571428571427,0.7857142857142857
"((SBP >= 30.123) U[1,2] (SepsisLabel = 0.000))
",-9999999.000,-9999999.000,0.000,0.000,1.000,3,0,0,11,14,0,3,11,0.21428571428571427,0,0,1.0,0.21428571428571427,0.7857142857142857
"((Hgb >= 0.221) U[0,0] (SBP >= 31.509))
",0.468,3.054,0.000,0.000,1.000,3,0,0,11,14,0,3,11,0.21428571428571427,0,0,1.0,0.21428571428571427,0.7857142857142857
"F[0,0]((SBP >= 75.000 | Platelets >= 2.094) & Alkalinephos <= 90.884)
",-4714863700977623.000,-2.094,0.000,0.000,1.000,3,0,0,11,14,0,3,11,0.21428571428571427,0,0,1.0,0.21428571428571427,0.7857142857142857
"F[1,1]((Temp >= 3.167 -> Resp >= 16.192) | MAP <= 21.925)
",21.925,21.925,0.000,0.000,1.000,2,0,0,12,14,0,2,12,0.14285714285714285,0,0,1.0,0.14285714285714285,0.8571428571428572
"F[1,1](Creatinine <= 1.714 & Glucose <= 59.106)
",7721046241830745.000,1.714,0.000,0.000,1.000,2,0,0,12,14,0,2,12,0.14285714285714285,0,0,1.0,0.14285714285714285,0.8571428571428572
"((Potassium <= 1.905) U[0,0] (SBP <= 139.573))
",7.261,126.580,0.000,0.000,1.000,2,0,0,12,14,0,2,12,0.14285714285714285,0,0,1.0,0.14285714285714285,0.8571428571428572
"F[1,1](((Calcium < 7.857 & Potassium < 0.565) & Magnesium < 0.980) & Phosphate < 1.533)
",2543890351702359.000,0.565,0.000,0.000,1.000,1,0,0,13,14,0,1,13,0.07142857142857142,0,0,1.0,0.07142857142857142,0.9285714285714286
"((Creatinine <= 0.823) U[0,1] (MAP <= 86.219))
",-9999999.000,-9999999.000,0.000,0.000,1.000,1,0,0,13,14,0,1,13,0.07142857142857142,0,0,1.0,0.07142857142857142,0.9285714285714286
"((HR >= 51.956) U[1,2] (WBC <= 0.462))
",-9999999.000,-9999999.000,0.000,0.000,1.000,1,0,0,13,14,0,1,13,0.07142857142857142,0,0,1.0,0.07142857142857142,0.9285714285714286
"F[0,1]((Lactate <= 0.000 -> MAP <= 96.627) & Glucose <= 91.123)
",-9999999.000,-9999999.000,0.000,0.000,1.000,1,0,0,13,14,0,1,13,0.07142857142857142,0,0,1.0,0.07142857142857142,0.9285714285714286
"F[1,1](Hgb <= 5.199 | Hct <= 24.952)
",7023360563281017.000,24.952,0.000,0.000,1.000,1,0,0,13,14,0,1,13,0.07142857142857142,0,0,1.0,0.07142857142857142,0.9285714285714286
"F[1,1](((Calcium < 1.746 & Potassium < 0.206) & Magnesium < 2.170) & Phosphate < 0.195)
",7023159248406506.000,0.195,0.000,0.000,1.000,1,0,0,13,14,0,1,13,0.07142857142857142,0,0,1.0,0.07142857142857142,0.9285714285714286
"((AST >= 0.000) U[1,1] (BUN <= 29.574))
",2774771930145950.500,29.574,0.000,0.000,1.000,1,0,0,13,14,0,1,13,0.07142857142857142,0,0,1.0,0.07142857142857142,0.9285714285714286
"F[1,1](Hgb <= 5.337 | Hct <= 13.464)
",13.464,13.464,0.000,0.000,1.000,1,0,0,13,14,0,1,13,0.07142857142857142,0,0,1.0,0.07142857142857142,0.9285714285714286
"F[0,1](((WBC <= 2.117 & Lactate <= 0.000) & Potassium <= 0.000) & Resp >= 0.000)
",-9999999.000,-9999999.000,0.000,0.000,1.000,0,0,0,14,14,0,0,14,0.0,0,0,0.0,0.0,1.0
"F[1,2](((MAP >= 47.585 | Magnesium >= 0.070) -> O2Sat <= 1.173) & Creatinine >= 0.010)
",-9999999.000,-9999999.000,0.000,0.000,1.000,0,0,0,14,14,0,0,14,0.0,0,0,0.0,0.0,1.0
"F[2,2]((MAP <= 91.611 & EtCO2 <= 0.000) -> BaseExcess >= 0.000)
",0.000,0.000,0.000,0.000,1.000,0,0,0,14,14,0,0,14,0.0,0,0,0.0,0.0,1.0
"F[2,2](Bilirubin_direct <= 0.000 -> Bilirubin_direct >= 0.000)
",0.000,0.000,0.000,0.000,1.000,0,0,0,14,14,0,0,14,0.0,0,0,0.0,0.0,1.0
"F[0,1]((Alkalinephos >= 0.000 | DBP <= 70.105) & Temp <= 90.423)
",-9999999.000,-9999999.000,0.000,0.000,1.000,0,0,0,14,14,0,0,14,0.0,0,0,0.0,0.0,1.0
"F[1,2](((BaseExcess >= 0.000 | Resp >= 6.293) & Chloride >= 12.769) | HR <= 19.754)
",-9999999.000,-9999999.000,0.000,0.000,1.000,0,0,0,14,14,0,0,14,0.0,0,0,0.0,0.0,1.0
"F[0,1]((BaseExcess <= 0.000 | PTT <= 0.000) -> Magnesium <= 0.000)
",-9999999.000,-9999999.000,0.000,0.000,1.000,0,0,0,14,14,0,0,14,0.0,0,0,0.0,0.0,1.0
"F[0,2]((Phosphate <= 1.748 & Phosphate >= 0.020) & WBC >= 0.053)
",-9999999.000,-9999999.000,0.000,0.000,1.000,0,0,0,14,14,0,0,14,0.0,0,0,0.0,0.0,1.0
"F[0,2]((Bilirubin_total >= 0.000 & HCO3 <= 0.000) -> Hgb >= 0.000)
",-9999999.000,-9999999.000,0.000,0.000,1.000,0,0,0,14,14,0,0,14,0.0,0,0,0.0,0.0,1.0
"((O2Sat <= 97.338) U[0,1] (FiO2 <= 0.000))
",-9999999.000,-9999999.000,0.000,0.000,1.000,0,0,0,14,14,0,0,14,0.0,0,0,0.0,0.0,1.0
"F[0,2](Hgb <= 7.200 | Temp <= 13.181)
",-9999999.000,-9999999.000,0.000,0.000,1.000,0,0,0,14,14,0,0,14,0.0,0,0,0.0,0.0,1.0
"F[0,2](AST <= 0.000 -> TroponinI >= 0.000)
",-9999999.000,-9999999.000,0.000,0.000,1.000,0,0,0,14,14,0,0,14,0.0,0,0,0.0,0.0,1.0
"F[2,2](((DBP <= 70.279 | Calcium >= 0.109) -> Fibrinogen <= 2.007) -> DBP >= 0.286)
",0.286,0.286,0.000,0.000,1.000,0,0,0,14,14,0,0,14,0.0,0,0,0.0,0.0,1.0
"F[1,2]((SepsisLabel >= 0.000 & DBP <= 66.737) -> Alkalinephos <= 93.090)
",-9999999.000,-9999999.000,0.000,0.000,1.000,0,0,0,14,14,0,0,14,0.0,0,0,0.0,0.0,1.0
"F[2,2]((Glucose >= 21.524 | Creatinine <= 1.020) -> Magnesium >= 0.026)
",-1.020,-1.020,0.000,0.000,1.000,0,0,0,14,14,0,0,14,0.0,0,0,0.0,0.0,1.0
"F[1,2]((MAP >= 44.543 -> Creatinine >= 0.061) | PTT <= 1.108)
",-9999999.000,-9999999.000,0.000,0.000,1.000,0,0,0,14,14,0,0,14,0.0,0,0,0.0,0.0,1.0
"((TroponinI <= 0.000) U[1,2] (Chloride >= 0.000))
",-9999999.000,-9999999.000,0.000,0.000,1.000,0,0,0,14,14,0,0,14,0.0,0,0,0.0,0.0,1.0
"F[2,2]((DBP >= 31.789 | HCO3 <= 0.000) & BaseExcess <= 0.000)
",0.000,0.000,0.000,0.000,1.000,0,0,0,14,14,0,0,14,0.0,0,0,0.0,0.0,1.0
"F[0,2](SBP <= 138.934 & PaCO2 <= 0.000)
",-9999999.000,-9999999.000,0.000,0.000,1.000,0,0,0,14,14,0,0,14,0.0,0,0,0.0,0.0,1.0
"F[0,1](((MAP >= 9.652 & Potassium <= 0.998) | PTT >= 0.009) | Temp >= 0.012)
",-9999999.000,-9999999.000,0.000,0.000,1.000,0,0,0,14,14,0,0,14,0.0,0,0,0.0,0.0,1.0
"F[0,0]((MAP <= 89.636 & Chloride >= 0.000) | Hgb <= 0.000)
",-0.277,-1.807,0.000,0.000,1.000,0,0,0,14,14,0,0,14,0.0,0,0,0.0,0.0,1.0
"F[0,0](((MAP <= 93.288 -> SBP <= 131.986) | Creatinine >= 106.754) -> SaO2 <= 126.157)
",-4438745109128575.500,-126.157,0.000,0.000,1.000,0,0,0,14,14,0,0,14,0.0,0,0,0.0,0.0,1.0
"F[2,2]((AST <= 0.000 | SaO2 >= 0.000) & SaO2 >= 0.000)
",0.000,0.000,0.000,0.000,1.000,0,0,0,14,14,0,0,14,0.0,0,0,0.0,0.0,1.0
"((PTT >= 0.000) U[2,2] (Glucose <= 44.247))
",44.247,44.247,0.000,0.000,1.000,0,0,0,14,14,0,0,14,0.0,0,0,0.0,0.0,1.0
"F[0,2](MAP <= 78.846 -> O2Sat >= 18.857)
",-9999999.000,-9999999.000,0.000,0.000,1.000,0,0,0,14,14,0,0,14,0.0,0,0,0.0,0.0,1.0
"F[1,2](Alkalinephos <= 0.000 -> FiO2 >= 0.000)
",-9999999.000,-9999999.000,0.000,0.000,1.000,0,0,0,14,14,0,0,14,0.0,0,0,0.0,0.0,1.0
"F[1,2](((BUN >= 0.097 | SepsisLabel <= 0.000) -> Potassium <= 0.000) | AST >= 0.000)
",-9999999.000,-9999999.000,0.000,0.000,1.000,0,0,0,14,14,0,0,14,0.0,0,0,0.0,0.0,1.0
"F[0,0]((Creatinine <= 0.719 & TroponinI >= 0.000) | TroponinI >= 0.000)
",0.000,0.000,0.000,0.000,1.000,0,0,0,14,14,0,0,14,0.0,0,0,0.0,0.0,1.0
"((Phosphate <= 0.351) U[0,2] (SepsisLabel <= 0.000))
",-9999999.000,-9999999.000,0.000,0.000,1.000,0,0,0,14,14,0,0,14,0.0,0,0,0.0,0.0,1.0
"F[0,1]((Creatinine >= 0.039 & TroponinI >= 0.000) | Magnesium >= 0.000)
",-9999999.000,-9999999.000,0.000,0.000,1.000,0,0,0,14,14,0,0,14,0.0,0,0,0.0,0.0,1.0
"F[1,2](PTT >= 0.000 -> Hct <= 17.793)
",-9999999.000,-9999999.000,0.000,0.000,1.000,0,0,0,14,14,0,0,14,0.0,0,0,0.0,0.0,1.0
"F[0,0]((Phosphate >= 0.056 -> Chloride >= 0.000) | Resp <= 0.000)
",-0.277,-0.643,0.000,0.000,1.000,0,0,0,14,14,0,0,14,0.0,0,0,0.0,0.0,1.0
"F[0,1]((SaO2 >= 0.000 | PTT <= 0.000) & Fibrinogen <= 0.000)
",-9999999.000,-9999999.000,0.000,0.000,1.000,0,0,0,14,14,0,0,14,0.0,0,0,0.0,0.0,1.0
"F[1,2](((SBP <= 122.365 & HR <= 74.453) | FiO2 >= 35.046) & DBP <= 82.081)
",-9999999.000,-9999999.000,0.000,0.000,1.000,0,0,0,14,14,0,0,14,0.0,0,0,0.0,0.0,1.0
"F[1,2]((MAP <= 87.931 & Platelets <= 98.885) | Temp <= 7.571)
",-9999999.000,-9999999.000,0.000,0.000,1.000,0,0,0,14,14,0,0,14,0.0,0,0,0.0,0.0,1.0
"F[1,2]((Hgb <= 4.713 & BUN <= 20.655) -> Potassium >= 0.361)
",-9999999.000,-9999999.000,0.000,0.000,1.000,0,0,0,14,14,0,0,14,0.0,0,0,0.0,0.0,1.0
"F[0,2]((Potassium >= 0.003 -> O2Sat <= 99.698) -> Calcium >= 53.908)
",-9999999.000,-9999999.000,0.000,0.000,1.000,0,0,0,14,14,0,0,14,0.0,0,0,0.0,0.0,1.0
"F[1,2](((SaO2 <= 0.000 -> MAP <= 92.371) & SepsisLabel >= 70.369) -> Potassium <= 83.009)
",-9999999.000,-9999999.000,0.000,0.000,1.000,0,0,0,14,14,0,0,14,0.0,0,0,0.0,0.0,1.0
"F[0,2]((Calcium >= 0.107 -> Potassium <= 0.151) -> Hgb <= 0.504)
",-9999999.000,-9999999.000,0.000,0.000,1.000,0,0,0,14,14,0,0,14,0.0,0,0,0.0,0.0,1.0
"F[1,2](((FiO2 >= 0.000 & Chloride >= 0.000) -> BUN <= 0.000) & Calcium >= 0.000)
",-9999999.000,-9999999.000,0.000,0.000,1.000,0,0,0,14,14,0,0,14,0.0,0,0,0.0,0.0,1.0
"F[1,2](Bilirubin_direct >= 0.000 | WBC >= 0.103)
",-9999999.000,-9999999.000,0.000,0.000,1.000,0,0,0,14,14,0,0,14,0.0,0,0,0.0,0.0,1.0
"F[2,2]((FiO2 <= 0.000 & Glucose >= 2.557) & HR <= 159.090)
",-2.557,-2.557,0.000,0.000,1.000,0,0,0,14,14,0,0,14,0.0,0,0,0.0,0.0,1.0
"F[1,2]((pH >= 0.000 -> BUN >= 1.212) | Temp >= 0.695)
",-9999999.000,-9999999.000,0.000,0.000,1.000,0,0,0,14,14,0,0,14,0.0,0,0,0.0,0.0,1.0
"F[0,1]((BUN <= 7.598 & Bilirubin_direct >= 0.000) -> TroponinI >= 0.000)
",-9999999.000,-9999999.000,0.000,0.000,1.000,0,0,0,14,14,0,0,14,0.0,0,0,0.0,0.0,1.0
"((BUN <= 24.408) U[0,2] (Hgb <= 0.967))
",-9999999.000,-9999999.000,0.000,0.000,1.000,0,0,0,14,14,0,0,14,0.0,0,0,0.0,0.0,1.0
"F[0,1](Phosphate <= 0.568 & SaO2 >= 0.000)
",-9999999.000,-9999999.000,0.000,0.000,1.000,0,0,0,14,14,0,0,14,0.0,0,0,0.0,0.0,1.0
"F[0,1](SepsisLabel <= 0.000 | BaseExcess >= 0.000)
",-9999999.000,-9999999.000,0.000,0.000,1.000,0,0,0,14,14,0,0,14,0.0,0,0,0.0,0.0,1.0
"F[1,2](((Temp >= 1.609 -> Platelets >= 3.265) | Hgb >= 2.138) & AST <= 97.328)
",-9999999.000,-9999999.000,0.000,0.000,1.000,0,0,0,14,14,0,0,14,0.0,0,0,0.0,0.0,1.0
"F[0,0](((PTT >= 0.000 & Bilirubin_total <= 0.000) -> Hct >= 0.000) -> Hct <= 0.000)
",0.000,0.000,0.000,0.000,1.000,0,0,0,14,14,0,0,14,0.0,0,0,0.0,0.0,1.0
"F[1,1](((Potassium >= 0.041 & Bilirubin_total >= 0.000) | Chloride <= 0.000) | AST >= 0.000)
",0.000,0.000,0.000,0.000,1.000,0,0,0,14,14,0,0,14,0.0,0,0,0.0,0.0,1.0
"F[0,2]((HCO3 >= 0.000 & BUN <= 16.955) & Phosphate <= 2.554)
",-9999999.000,-9999999.000,0.000,0.000,1.000,0,0,0,14,14,0,0,14,0.0,0,0,0.0,0.0,1.0
"F[0,2](MAP >= 22.644 & Hgb >= 0.019)
",-9999999.000,-9999999.000,0.000,0.000,1.000,0,0,0,14,14,0,0,14,0.0,0,0,0.0,0.0,1.0
"F[1,2](((SepsisLabel >= 0.000 & Phosphate <= 1.782) -> BUN <= 0.856) -> Resp <= 0.795)
",-9999999.000,-9999999.000,0.000,0.000,1.000,0,0,0,14,14,0,0,14,0.0,0,0,0.0,0.0,1.0
"F[2,2](AST >= 0.000 | TroponinI <= 0.000)
",0.000,0.000,0.000,0.000,1.000,0,0,0,14,14,0,0,14,0.0,0,0,0.0,0.0,1.0
"F[1,2](pH >= 0.000 & Bilirubin_direct <= 0.000)
",-9999999.000,-9999999.000,0.000,0.000,1.000,0,0,0,14,14,0,0,14,0.0,0,0,0.0,0.0,1.0
"((SBP <= 131.525) U[1,2] (Platelets >= 1.408))
",-9999999.000,-9999999.000,0.000,0.000,1.000,0,0,0,14,14,0,0,14,0.0,0,0,0.0,0.0,1.0
"F[0,2](Hgb <= 5.325 | Hct <= 2.948)
",-9999999.000,-9999999.000,0.000,0.000,1.000,0,0,0,14,14,0,0,14,0.0,0,0,0.0,0.0,1.0
"F[0,0](Bilirubin_direct >= 0.000 | FiO2 <= 0.000)
",0.277,0.124,0.000,0.000,1.000,0,0,0,14,14,0,0,14,0.0,0,0,0.0,0.0,1.0
"((PTT >= 0.000) U[0,0] (Magnesium <= 0.533))
",0.551,1.073,0.000,0.000,1.000,0,0,0,14,14,0,0,14,0.0,0,0,0.0,0.0,1.0
"((Alkalinephos <= 0.000) U[0,2] (AST >= 0.000))
",-9999999.000,-9999999.000,0.000,0.000,1.000,0,0,0,14,14,0,0,14,0.0,0,0,0.0,0.0,1.0
"F[1,2]((HCO3 >= 0.000 | Calcium >= 0.016) & MAP <= 6.904)
",-9999999.000,-9999999.000,0.000,0.000,1.000,0,0,0,14,14,0,0,14,0.0,0,0,0.0,0.0,1.0
"F[0,0]((Lactate >= 0.000 | Lactate <= 0.000) | SepsisLabel <= 0.000)
",0.628,53.429,0.000,0.000,1.000,0,0,0,14,14,0,0,14,0.0,0,0,0.0,0.0,1.0
"((Creatinine <= 1.101) U[0,0] (PTT >= 0.000))
",0.888,1.601,0.000,0.000,1.000,0,0,0,14,14,0,0,14,0.0,0,0,0.0,0.0,1.0
"F[0,1]((DBP >= 53.436 | SBP <= 131.727) -> Bilirubin_direct <= 121.287)
",-9999999.000,-9999999.000,0.000,0.000,1.000,0,0,0,14,14,0,0,14,0.0,0,0,0.0,0.0,1.0
"F[1,2](((TroponinI <= 0.000 | Hgb >= 0.185) & WBC >= 0.018) | DBP <= 1.968)
",-9999999.000,-9999999.000,0.000,0.000,1.000,0,0,0,14,14,0,0,14,0.0,0,0,0.0,0.0,1.0
"F[0,2](((PTT >= 0.000 | Hct <= 19.334) | Bilirubin_direct >= 0.700) & Phosphate <= 9.933)
",-9999999.000,-9999999.000,0.000,0.000,1.000,0,0,0,14,14,0,0,14,0.0,0,0,0.0,0.0,1.0
"((BaseExcess <= 0.000) U[1,2] (Fibrinogen >= 0.000))
",-9999999.000,-9999999.000,0.000,0.000,1.000,0,0,0,14,14,0,0,14,0.0,0,0,0.0,0.0,1.0
"F[1,2]((Fibrinogen <= 0.000 & Lactate >= 0.000) | Alkalinephos <= 0.000)
",-9999999.000,-9999999.000,0.000,0.000,1.000,0,0,0,14,14,0,0,14,0.0,0,0,0.0,0.0,1.0
"F[0,1](((BUN >= 0.270 & AST <= 0.000) | SaO2 <= 0.000) & BaseExcess >= 0.000)
",-9999999.000,-9999999.000,0.000,0.000,1.000,0,0,0,14,14,0,0,14,0.0,0,0,0.0,0.0,1.0
"((Creatinine <= 1.713) U[1,2] (SepsisLabel <= 0.000))
",-9999999.000,-9999999.000,0.000,0.000,1.000,0,0,0,14,14,0,0,14,0.0,0,0,0.0,0.0,1.0
"F[0,1](Resp >= 12.505 & EtCO2 >= 0.000)
",-9999999.000,-9999999.000,0.000,0.000,1.000,0,0,0,14,14,0,0,14,0.0,0,0,0.0,0.0,1.0
"F[0,0](((Bilirubin_total >= 0.000 -> Alkalinephos >= 0.000) & WBC <= 0.000) & Resp >= 0.000)
",-0.277,-2.571,0.000,0.000,1.000,0,0,0,14,14,0,0,14,0.0,0,0,0.0,0.0,1.0
"F[2,2](SaO2 >= 0.000 -> HR <= 77.933)
",-77.933,-77.933,0.000,0.000,1.000,0,0,0,14,14,0,0,14,0.0,0,0,0.0,0.0,1.0
"F[1,2](((Phosphate <= 0.286 | SBP <= 136.492) | DBP >= 34.065) | Calcium >= 23.943)
",-9999999.000,-9999999.000,0.000,0.000,1.000,0,0,0,14,14,0,0,14,0.0,0,0,0.0,0.0,1.0
"F[0,1](((PaCO2 <= 0.000 & Bilirubin_direct >= 0.000) -> EtCO2 >= 0.000) | Calcium >= 0.000)
",-9999999.000,-9999999.000,0.000,0.000,1.000,0,0,0,14,14,0,0,14,0.0,0,0,0.0,0.0,1.0
"F[0,0]((Platelets >= 2.480 | pH <= 0.000) -> WBC >= 0.000)
",0.000,0.000,0.000,0.000,1.000,0,0,0,14,14,0,0,14,0.0,0,0,0.0,0.0,1.0
"F[0,2]((Hct <= 18.951 -> SBP <= 135.710) | Magnesium >= 97.973)
",-9999999.000,-9999999.000,0.000,0.000,1.000,0,0,0,14,14,0,0,14,0.0,0,0,0.0,0.0,1.0
"F[0,1]((WBC >= 0.020 | Alkalinephos >= 0.000) -> Platelets >= 0.000)
",-9999999.000,-9999999.000,0.000,0.000,1.000,0,0,0,14,14,0,0,14,0.0,0,0,0.0,0.0,1.0
"((O2Sat >= 47.355) U[1,2] (BUN >= 1.090))
",-9999999.000,-9999999.000,0.000,0.000,1.000,0,0,0,14,14,0,0,14,0.0,0,0,0.0,0.0,1.0
"F[1,1]((Glucose <= 120.983 -> Chloride >= 0.000) & PTT <= 0.000)
",-2837807545117377.500,-120.983,0.000,0.000,1.000,0,0,0,14,14,0,0,14,0.0,0,0,0.0,0.0,1.0
"F[1,2]((BUN >= 1.015 & DBP <= 63.383) | AST >= 55.892)
",-9999999.000,-9999999.000,0.000,0.000,1.000,0,0,0,14,14,0,0,14,0.0,0,0,0.0,0.0,1.0
"F[0,0](((Phosphate <= 0.378 | MAP <= 85.105) | Fibrinogen >= 53.776) -> Fibrinogen <= 92.678)
",-83.411,-92.371,0.000,0.000,1.000,0,0,0,14,14,0,0,14,0.0,0,0,0.0,0.0,1.0
"F[0,2]((Hgb <= 7.279 | Potassium >= 0.059) & Alkalinephos <= 0.342)
",-9999999.000,-9999999.000,0.000,0.000,1.000,0,0,0,14,14,0,0,14,0.0,0,0,0.0,0.0,1.0
"F[0,1]((Chloride >= 0.000 & PTT >= 0.000) | MAP >= 0.000)
",-9999999.000,-9999999.000,0.000,0.000,1.000,0,0,0,14,14,0,0,14,0.0,0,0,0.0,0.0,1.0
"F[0,0](((AST <= 0.000 & Alkalinephos <= 0.000) | Glucose >= 0.000) -> PaCO2 >= 0.000)
",0.000,0.000,0.000,0.000,1.000,0,0,0,14,14,0,0,14,0.0,0,0,0.0,0.0,1.0
"((Lactate >= 0.000) U[1,2] (Hgb <= 7.620))
",-9999999.000,-9999999.000,0.000,0.000,1.000,0,0,0,14,14,0,0,14,0.0,0,0,0.0,0.0,1.0
"F[0,2](((HCO3 >= 0.000 & Glucose <= 127.390) | WBC >= 38.514) -> PaCO2 >= 24.724)
",-9999999.000,-9999999.000,0.000,0.000,1.000,0,0,0,14,14,0,0,14,0.0,0,0,0.0,0.0,1.0
"F[1,2](((WBC >= 0.012 | Platelets <= 9.573) -> SepsisLabel <= 97.285) & DBP >= 0.423)
",-9999999.000,-9999999.000,0.000,0.000,1.000,0,0,0,14,14,0,0,14,0.0,0,0,0.0,0.0,1.0
"F[0,2](PaCO2 >= 0.000 & Fibrinogen >= 0.000)
",-9999999.000,-9999999.000,0.000,0.000,1.000,0,0,0,14,14,0,0,14,0.0,0,0,0.0,0.0,1.0
"((HR >= 10.970) U[2,2] (AST >= 0.000))
",0.000,0.000,0.000,0.000,1.000,0,0,0,14,14,0,0,14,0.0,0,0,0.0,0.0,1.0
"F[0,2](((SBP >= 10.242 | Fibrinogen >= 0.000) -> HCO3 >= 0.000) -> O2Sat <= 0.000)
",-9999999.000,-9999999.000,0.000,0.000,1.000,0,0,0,14,14,0,0,14,0.0,0,0,0.0,0.0,1.0
"F[1,2]((SBP >= 9.082 -> Phosphate >= 0.057) & SepsisLabel >= 0.052)
",-9999999.000,-9999999.000,0.000,0.000,1.000,0,0,0,14,14,0,0,14,0.0,0,0,0.0,0.0,1.0
"F[2,2]((DBP <= 77.714 & Hct <= 2.265) | BaseExcess <= 2.178)
",2.265,2.265,0.000,0.000,1.000,0,0,0,14,14,0,0,14,0.0,0,0,0.0,0.0,1.0
"F[0,1](((Bilirubin_direct <= 0.000 -> Alkalinephos <= 0.000) | BUN <= 0.000) & TroponinI <= 0.000)
",-9999999.000,-9999999.000,0.000,0.000,1.000,0,0,0,14,14,0,0,14,0.0,0,0,0.0,0.0,1.0
"F[0,0](((PTT >= 0.000 -> Magnesium >= 0.000) & Temp >= 0.077) -> Creatinine >= 0.071)
",0.277,0.005,0.000,0.000,1.000,0,0,0,14,14,0,0,14,0.0,0,0,0.0,0.0,1.0
"((HCO3 >= 0.000) U[0,2] (Resp <= 20.913))
",-9999999.000,-9999999.000,0.000,0.000,1.000,0,0,0,14,14,0,0,14,0.0,0,0,0.0,0.0,1.0
"F[2,2]((Hgb <= 6.880 -> Lactate <= 0.000) & SBP >= 0.000)
",-7745769408341073.000,-6.880,0.000,0.000,1.000,0,0,0,14,14,0,0,14,0.0,0,0,0.0,0.0,1.0
"F[2,2](((HR >= 44.536 & SBP >= 110.304) -> FiO2 >= 56.801) & Phosphate <= 119.015)
",3997000119398130.500,56.801,0.000,0.000,1.000,0,0,0,14,14,0,0,14,0.0,0,0,0.0,0.0,1.0
"F[0,2](Glucose <= 110.293 | BUN >= 1.024)
",-9999999.000,-9999999.000,0.000,0.000,1.000,0,0,0,14,14,0,0,14,0.0,0,0,0.0,0.0,1.0
"F[0,2](Creatinine >= 0.060 & Calcium <= 3.721)
",-9999999.000,-9999999.000,0.000,0.000,1.000,0,0,0,14,14,0,0,14,0.0,0,0,0.0,0.0,1.0
"F[0,2](DBP <= 81.710 -> HR <= 77.904)
",-9999999.000,-9999999.000,0.000,0.000,1.000,0,0,0,14,14,0,0,14,0.0,0,0,0.0,0.0,1.0
"((Chloride <= 0.000) U[0,2] (Alkalinephos <= 0.000))
",-9999999.000,-9999999.000,0.000,0.000,1.000,0,0,0,14,14,0,0,14,0.0,0,0,0.0,0.0,1.0
"F[0,1]((Calcium <= 1.201 -> pH <= 0.000) & Hgb <= 0.000)
",-9999999.000,-9999999.000,0.000,0.000,1.000,0,0,0,14,14,0,0,14,0.0,0,0,0.0,0.0,1.0
"F[0,2]((WBC >= 0.114 | pH >= 0.000) -> Lactate <= 0.000)
",-9999999.000,-9999999.000,0.000,0.000,1.000,0,0,0,14,14,0,0,14,0.0,0,0,0.0,0.0,1.0
"((SBP <= 134.836) U[1,2] (Creatinine >= 0.026))
",-9999999.000,-9999999.000,0.000,0.000,1.000,0,0,0,14,14,0,0,14,0.0,0,0,0.0,0.0,1.0
"F[1,2](O2Sat >= 75.506 | Chloride <= 0.000)
",-9999999.000,-9999999.000,0.000,0.000,1.000,0,0,0,14,14,0,0,14,0.0,0,0,0.0,0.0,1.0
"F[0,2]((O2Sat <= 94.203 | Creatinine <= 0.428) -> Lactate >= 0.007)
",-9999999.000,-9999999.000,0.000,0.000,1.000,0,0,0,14,14,0,0,14,0.0,0,0,0.0,0.0,1.0
"F[0,2]((Calcium <= 8.018 -> Bilirubin_direct >= 0.000) & SepsisLabel <= 0.000)
",-9999999.000,-9999999.000,0.000,0.000,1.000,0,0,0,14,14,0,0,14,0.0,0,0,0.0,0.0,1.0
"F[0,1]((HCO3 >= 0.000 & Lactate <= 0.000) & Calcium <= 0.000)
",-9999999.000,-9999999.000,0.000,0.000,1.000,0,0,0,14,14,0,0,14,0.0,0,0,0.0,0.0,1.0
"F[1,2]((HR <= 78.579 -> PTT <= 0.000) -> BaseExcess >= 0.000)
",-9999999.000,-9999999.000,0.000,0.000,1.000,0,0,0,14,14,0,0,14,0.0,0,0,0.0,0.0,1.0
"((Resp <= 19.161) U[0,2] (DBP <= 75.188))
",-9999999.000,-9999999.000,0.000,0.000,1.000,0,0,0,14,14,0,0,14,0.0,0,0,0.0,0.0,1.0
"((Alkalinephos >= 0.000) U[2,2] (TroponinI <= 0.000))
",0.000,0.000,0.000,0.000,1.000,0,0,0,14,14,0,0,14,0.0,0,0,0.0,0.0,1.0
"F[0,1]((AST >= 0.000 & Bilirubin_total <= 0.000) -> Chloride <= 0.000)
",-9999999.000,-9999999.000,0.000,0.000,1.000,0,0,0,14,14,0,0,14,0.0,0,0,0.0,0.0,1.0
"((DBP <= 78.010) U[0,1] (Bilirubin_direct <= 0.000))
",-9999999.000,-9999999.000,0.000,0.000,1.000,0,0,0,14,14,0,0,14,0.0,0,0,0.0,0.0,1.0
"F[1,2](((Fibrinogen <= 0.000 & Potassium >= 0.028) | HR <= 1.828) | Platelets >= 0.005)
",-9999999.000,-9999999.000,0.000,0.000,1.000,0,0,0,14,14,0,0,14,0.0,0,0,0.0,0.0,1.0
"F[1,2](((Glucose <= 55.760 | Creatinine <= 0.661) -> Temp <= 0.239) -> PaCO2 >= 0.012)
",-9999999.000,-9999999.000,0.000,0.000,1.000,0,0,0,14,14,0,0,14,0.0,0,0,0.0,0.0,1.0
"F[0,1]((Calcium <= 5.141 | Glucose >= 22.437) | Bilirubin_direct >= 30.659)
",-9999999.000,-9999999.000,0.000,0.000,1.000,0,0,0,14,14,0,0,14,0.0,0,0,0.0,0.0,1.0
"F[0,2]((Hgb <= 7.123 -> EtCO2 >= 0.000) -> AST >= 0.000)
",-9999999.000,-9999999.000,0.000,0.000,1.000,0,0,0,14,14,0,0,14,0.0,0,0,0.0,0.0,1.0
"F[0,2](Hct <= 11.054 -> DBP >= 7.015)
",-9999999.000,-9999999.000,0.000,0.000,1.000,0,0,0,14,14,0,0,14,0.0,0,0,0.0,0.0,1.0
"((O2Sat >= 24.659) U[0,1] (AST >= 0.000))
",-9999999.000,-9999999.000,0.000,0.000,1.000,0,0,0,14,14,0,0,14,0.0,0,0,0.0,0.0,1.0
"F[0,1](((MAP >= 5.885 & WBC >= 0.094) & Creatinine <= 0.288) | DBP >= 0.151)
",-9999999.000,-9999999.000,0.000,0.000,1.000,0,0,0,14,14,0,0,14,0.0,0,0,0.0,0.0,1.0
"((DBP >= 47.054) U[0,2] (Magnesium <= 0.344))
",-9999999.000,-9999999.000,0.000,0.000,1.000,0,0,0,14,14,0,0,14,0.0,0,0,0.0,0.0,1.0
"F[2,2](((Magnesium >= 0.011 -> PaCO2 <= 0.000) & Creatinine <= 0.000) | SaO2 >= 0.000)
",0.000,0.000,0.000,0.000,1.000,0,0,0,14,14,0,0,14,0.0,0,0,0.0,0.0,1.0
"F[0,1](((Magnesium <= 1.665 -> Magnesium >= 0.021) & Phosphate <= 1.228) -> PaCO2 >= 0.008)
",-9999999.000,-9999999.000,0.000,0.000,1.000,0,0,0,14,14,0,0,14,0.0,0,0,0.0,0.0,1.0
"F[1,2](Calcium <= 5.188 | Lactate <= 0.000)
",-9999999.000,-9999999.000,0.000,0.000,1.000,0,0,0,14,14,0,0,14,0.0,0,0,0.0,0.0,1.0
"F[0,2](((EtCO2 >= 0.000 -> Temp >= 6.288) | DBP <= 27.577) -> Resp <= 8.610)
",-9999999.000,-9999999.000,0.000,0.000,1.000,0,0,0,14,14,0,0,14,0.0,0,0,0.0,0.0,1.0
"F[1,1](((Bilirubin_direct <= 0.000 & BaseExcess <= 0.000) | Bilirubin_direct >= 0.000) & Chloride >= 0.000)
",0.000,0.000,0.000,0.000,1.000,0,0,0,14,14,0,0,14,0.0,0,0,0.0,0.0,1.0
"((Calcium <= 4.285) U[1,2] (WBC <= 3.242))
",-9999999.000,-9999999.000,0.000,0.000,1.000,0,0,0,14,14,0,0,14,0.0,0,0,0.0,0.0,1.0
"F[1,1](Lactate <= 0.000 | PaCO2 >= 0.000)
",0.000,0.000,0.000,0.000,1.000,0,0,0,14,14,0,0,14,0.0,0,0,0.0,0.0,1.0
"F[0,2](((HR >= 37.454 & SBP >= 4.984) | TroponinI <= 135.225) & Hgb <= 127.166)
",-9999999.000,-9999999.000,0.000,0.000,1.000,0,0,0,14,14,0,0,14,0.0,0,0,0.0,0.0,1.0
"F[0,2](EtCO2 <= 0.000 & Resp >= 8.612)
",-9999999.000,-9999999.000,0.000,0.000,1.000,0,0,0,14,14,0,0,14,0.0,0,0,0.0,0.0,1.0
"((Creatinine <= 0.129) U[0,1] (DBP >= 57.995))
",-9999999.000,-9999999.000,0.000,0.000,1.000,0,0,0,14,14,0,0,14,0.0,0,0,0.0,0.0,1.0
"F[1,2](((Potassium <= 1.272 & SepsisLabel >= 0.000) & Magnesium <= 0.000) & pH <= 0.000)
",-9999999.000,-9999999.000,0.000,0.000,1.000,0,0,0,14,14,0,0,14,0.0,0,0,0.0,0.0,1.0
"F[0,2]((PaCO2 >= 0.000 | TroponinI >= 0.000) | PaCO2 >= 0.000)
",-9999999.000,-9999999.000,0.000,0.000,1.000,0,0,0,14,14,0,0,14,0.0,0,0,0.0,0.0,1.0
"F[0,1]((Temp <= 31.559 | Magnesium >= 0.053) | Fibrinogen <= 1.740)
",-9999999.000,-9999999.000,0.000,0.000,1.000,0,0,0,14,14,0,0,14,0.0,0,0,0.0,0.0,1.0
"F[1,2](((Platelets >= 2.127 & SBP >= 55.879) -> Magnesium <= 123.992) -> Temp <= 134.665)
",-9999999.000,-9999999.000,0.000,0.000,1.000,0,0,0,14,14,0,0,14,0.0,0,0,0.0,0.0,1.0
"((BaseExcess <= 0.000) U[0,1] (HCO3 <= 0.000))
",-9999999.000,-9999999.000,0.000,0.000,1.000,0,0,0,14,14,0,0,14,0.0,0,0,0.0,0.0,1.0
"F[1,2]((FiO2 >= 0.000 -> PTT <= 0.000) | Bilirubin_total >= 0.000)
",-9999999.000,-9999999.000,0.000,0.000,1.000,0,0,0,14,14,0,0,14,0.0,0,0,0.0,0.0,1.0
"F[1,1](AST <= 0.000 & SepsisLabel = 0.000)
",0.000,0.000,0.000,0.000,1.000,0,0,0,14,14,0,0,14,0.0,0,0,0.0,0.0,1.0
"F[0,1](PTT < 0.000 -> SepsisLabel = 0.000)
",-9999999.000,-9999999.000,0.000,0.000,1.000,0,0,0,14,14,0,0,14,0.0,0,0,0.0,0.0,1.0
"F[0,2](WBC > 0.028 -> SepsisLabel = 0.000)
",-9999999.000,-9999999.000,0.000,0.000,1.000,0,0,0,14,14,0,0,14,0.0,0,0,0.0,0.0,1.0
"F[0,1](TroponinI > 0.000 -> SepsisLabel = 0.000)
",-9999999.000,-9999999.000,0.000,0.000,1.000,0,0,0,14,14,0,0,14,0.0,0,0,0.0,0.0,1.0
"F[0,2](DBP >= 32.542 & SepsisLabel = 0.000)
",-9999999.000,-9999999.000,0.000,0.000,1.000,0,0,0,14,14,0,0,14,0.0,0,0,0.0,0.0,1.0
"((BUN < 10.279) U[0,1] (SepsisLabel = 0.000))
",-9999999.000,-9999999.000,0.000,0.000,1.000,0,0,0,14,14,0,0,14,0.0,0,0,0.0,0.0,1.0
"F[0,2](SaO2 < 0.000 & SepsisLabel = 0.000)
",-9999999.000,-9999999.000,0.000,0.000,1.000,0,0,0,14,14,0,0,14,0.0,0,0,0.0,0.0,1.0
"F[0,2](Hct >= 0.659 -> SepsisLabel = 0.000)
",-9999999.000,-9999999.000,0.000,0.000,1.000,0,0,0,14,14,0,0,14,0.0,0,0,0.0,0.0,1.0
"F[0,2](BaseExcess < 0.000 -> SepsisLabel = 0.000)
",-9999999.000,-9999999.000,0.000,0.000,1.000,0,0,0,14,14,0,0,14,0.0,0,0,0.0,0.0,1.0
"((Hgb < 5.634) U[0,1] (SepsisLabel = 0.000))
",-9999999.000,-9999999.000,0.000,0.000,1.000,0,0,0,14,14,0,0,14,0.0,0,0,0.0,0.0,1.0
"((Hgb >= 0.031) U[0,2] (SepsisLabel = 0.000))
",-9999999.000,-9999999.000,0.000,0.000,1.000,0,0,0,14,14,0,0,14,0.0,0,0,0.0,0.0,1.0
"F[0,2](BUN > 0.284 & SepsisLabel = 0.000)
",-9999999.000,-9999999.000,0.000,0.000,1.000,0,0,0,14,14,0,0,14,0.0,0,0,0.0,0.0,1.0
"((Lactate > 0.000) U[0,2] (SepsisLabel = 0.000))
",-9999999.000,-9999999.000,0.000,0.000,1.000,0,0,0,14,14,0,0,14,0.0,0,0,0.0,0.0,1.0
"F[0,1](Resp > 1.197 & SepsisLabel = 0.000)
",-9999999.000,-9999999.000,0.000,0.000,1.000,0,0,0,14,14,0,0,14,0.0,0,0,0.0,0.0,1.0
"((pH > 0.000) U[0,2] (SepsisLabel = 0.000))
",-9999999.000,-9999999.000,0.000,0.000,1.000,0,0,0,14,14,0,0,14,0.0,0,0,0.0,0.0,1.0
"((MAP > 71.154) U[0,2] (SepsisLabel = 0.000))
",-9999999.000,-9999999.000,0.000,0.000,1.000,0,0,0,14,14,0,0,14,0.0,0,0,0.0,0.0,1.0
"((Fibrinogen >= 0.000) U[0,2] (SepsisLabel = 0.000))
",-9999999.000,-9999999.000,0.000,0.000,1.000,0,0,0,14,14,0,0,14,0.0,0,0,0.0,0.0,1.0
"((Magnesium < 1.208) U[2,2] (SepsisLabel = 0.000))
",5442114674082383.000,1.208,0.000,0.000,1.000,0,0,0,14,14,0,0,14,0.0,0,0,0.0,0.0,1.0
"((PaCO2 >= 0.000) U[0,2] (SepsisLabel = 0.000))
",-9999999.000,-9999999.000,0.000,0.000,1.000,0,0,0,14,14,0,0,14,0.0,0,0,0.0,0.0,1.0
"((Hct > 0.654) U[0,1] (SepsisLabel = 0.000))
",-9999999.000,-9999999.000,0.000,0.000,1.000,0,0,0,14,14,0,0,14,0.0,0,0,0.0,0.0,1.0
"F[0,2]((Creatinine >= 0.003 | WBC <= 0.381) -> WBC <= 1.713)
",-9999999.000,-9999999.000,0.000,0.000,1.000,0,0,0,14,14,0,0,14,0.0,0,0,0.0,0.0,1.0
"F[2,2]((DBP >= 26.779 & Resp <= 21.117) & pH >= 14.501)
",-7537755188733295.000,-26.779,0.000,0.000,1.000,0,0,0,14,14,0,0,14,0.0,0,0,0.0,0.0,1.0
"F[0,1](DBP >= 10.113 | O2Sat >= 19.701)
",-9999999.000,-9999999.000,0.000,0.000,1.000,0,0,0,14,14,0,0,14,0.0,0,0,0.0,0.0,1.0
"F[0,1](((O2Sat >= 29.613 | SBP <= 135.227) | TroponinI >= 1.809) | Bilirubin_direct >= 44.978)
",-9999999.000,-9999999.000,0.000,0.000,1.000,0,0,0,14,14,0,0,14,0.0,0,0,0.0,0.0,1.0
"F[1,2]((HR <= 81.455 -> Resp <= 18.209) & O2Sat <= 19.231)
",-9999999.000,-9999999.000,0.000,0.000,1.000,0,0,0,14,14,0,0,14,0.0,0,0,0.0,0.0,1.0
"((HR <= 78.026) U[0,2] (O2Sat >= 23.913))
",-9999999.000,-9999999.000,0.000,0.000,1.000,0,0,0,14,14,0,0,14,0.0,0,0,0.0,0.0,1.0
"((BUN <= 34.364) U[1,2] (WBC >= 0.026))
",-9999999.000,-9999999.000,0.000,0.000,1.000,0,0,0,14,14,0,0,14,0.0,0,0,0.0,0.0,1.0
"F[0,2](((Hgb >= 0.190 | WBC <= 3.291) & Bilirubin_direct <= 1.406) | Alkalinephos >= 0.151)
",-9999999.000,-9999999.000,0.000,0.000,1.000,0,0,0,14,14,0,0,14,0.0,0,0,0.0,0.0,1.0
"F[0,2]((BUN <= 9.254 -> Platelets >= 2.725) -> HCO3 >= 2.599)
",-9999999.000,-9999999.000,0.000,0.000,1.000,0,0,0,14,14,0,0,14,0.0,0,0,0.0,0.0,1.0
"((SepsisLabel <= 0.000) U[0,2] (SepsisLabel = 0.000))
",-9999999.000,-9999999.000,0.000,0.000,1.000,0,0,0,14,14,0,0,14,0.0,0,0,0.0,0.0,1.0
"F[0,2](BUN >= 0.452 & Creatinine <= 1.204)
",-9999999.000,-9999999.000,0.000,0.000,1.000,0,0,0,14,14,0,0,14,0.0,0,0,0.0,0.0,1.0
"((Creatinine <= 0.338) U[0,0] (Platelets <= 110.594))
",3891197133048351.500,110.594,0.000,0.000,1.000,0,0,0,14,14,0,0,14,0.0,0,0,0.0,0.0,1.0
"F[0,2]((Creatinine <= 1.447 & Hct >= 0.681) | Platelets >= 0.873)
",-9999999.000,-9999999.000,0.000,0.000,1.000,0,0,0,14,14,0,0,14,0.0,0,0,0.0,0.0,1.0
"F[1,2](((Phosphate <= 0.837 & Potassium >= 0.029) -> Glucose >= 0.060) | WBC >= 0.082)
",-9999999.000,-9999999.000,0.000,0.000,1.000,0,0,0,14,14,0,0,14,0.0,0,0,0.0,0.0,1.0
"((MAP <= 73.433) U[0,1] (SepsisLabel = 0.000))
",-9999999.000,-9999999.000,0.000,0.000,1.000,0,0,0,14,14,0,0,14,0.0,0,0,0.0,0.0,1.0
"((Potassium < 2.214) U[0,0] (SepsisLabel = 0.000))
",3.817,2.064,0.000,0.000,1.000,0,0,0,14,14,0,0,14,0.0,0,0,0.0,0.0,1.0
"F[2,2](BaseExcess <= 0.000 -> SepsisLabel = 0.000)
",0.000,0.000,0.000,0.000,1.000,0,0,0,14,14,0,0,14,0.0,0,0,0.0,0.0,1.0
"((Platelets > 0.330) U[0,0] (SepsisLabel = 0.000))
",-0.277,-0.024,0.000,0.000,1.000,0,0,0,14,14,0,0,14,0.0,0,0,0.0,0.0,1.0
"F[1,2](BUN <= 9.380 -> SepsisLabel = 0.000)
",-9999999.000,-9999999.000,0.000,0.000,1.000,0,0,0,14,14,0,0,14,0.0,0,0,0.0,0.0,1.0
"((HR > 50.883) U[0,2] (SepsisLabel = 0.000))
",-9999999.000,-9999999.000,0.000,0.000,1.000,0,0,0,14,14,0,0,14,0.0,0,0,0.0,0.0,1.0
"F[2,2]((Calcium <= 4.853 & Potassium <= 1.987) & Magnesium >= 0.064)
",-4637263550333746.000,-0.064,0.000,0.000,1.000,0,0,0,14,14,0,0,14,0.0,0,0,0.0,0.0,1.0
"((MAP >= 17.572) U[2,2] (SBP <= 119.194))
",119.194,119.194,0.000,0.000,1.000,0,0,0,14,14,0,0,14,0.0,0,0,0.0,0.0,1.0
"F[0,2]((Phosphate >= 0.021 & Magnesium > 0.040) -> Calcium < 0.414)
",-9999999.000,-9999999.000,0.000,0.000,1.000,0,0,0,14,14,0,0,14,0.0,0,0,0.0,0.0,1.0
"F[0,1](((Calcium < 5.341 & Potassium < 0.620) & Magnesium < 0.356) & Phosphate < 0.552)
",-9999999.000,-9999999.000,0.000,0.000,1.000,0,0,0,14,14,0,0,14,0.0,0,0,0.0,0.0,1.0
"F[0,2]((Calcium <= 3.215 & Potassium <= 0.948) & Magnesium >= 0.025)
",-9999999.000,-9999999.000,0.000,0.000,1.000,0,0,0,14,14,0,0,14,0.0,0,0,0.0,0.0,1.0
"((MAP >= 18.417) U[2,2] (SBP <= 134.255))
",4723682769849318.000,134.255,0.000,0.000,1.000,0,0,0,14,14,0,0,14,0.0,0,0,0.0,0.0,1.0
"F[0,2]((Phosphate >= 0.074 & Magnesium > 0.026) -> Calcium < 3.725)
",-9999999.000,-9999999.000,0.000,0.000,1.000,0,0,0,14,14,0,0,14,0.0,0,0,0.0,0.0,1.0
"F[0,1](((Calcium < 4.173 & Potassium < 3.180) & Magnesium < 1.847) & Phosphate < 1.414)
",-9999999.000,-9999999.000,0.000,0.000,1.000,0,0,0,14,14,0,0,14,0.0,0,0,0.0,0.0,1.0
"F[0,2](Hgb <= 5.330 | Hct <= 14.616)
",-9999999.000,-9999999.000,0.000,0.000,1.000,0,0,0,14,14,0,0,14,0.0,0,0,0.0,0.0,1.0
"F[0,2](((Calcium < 0.637 & Potassium < 2.079) & Magnesium < 0.310) & Phosphate < 1.356)
",-9999999.000,-9999999.000,0.000,0.000,1.000,0,0,0,14,14,0,0,14,0.0,0,0,0.0,0.0,1.0
"F[0,0]((Phosphate >= 0.055 & Magnesium > 0.051) -> Calcium < 5.864)
",-6602407860368474.000,-5.864,0.000,0.000,1.000,0,0,0,14,14,0,0,14,0.0,0,0,0.0,0.0,1.0
"F[0,1](((Calcium < 0.737 & Potassium < 1.283) & Magnesium < 1.330) & Phosphate < 1.311)
",-9999999.000,-9999999.000,0.000,0.000,1.000,0,0,0,14,14,0,0,14,0.0,0,0,0.0,0.0,1.0
"F[1,2]((Calcium <= 5.969 & Potassium <= 0.261) & Magnesium >= 0.016)
",-9999999.000,-9999999.000,0.000,0.000,1.000,0,0,0,14,14,0,0,14,0.0,0,0,0.0,0.0,1.0
"F[2,2](Hgb <= 7.067 | Hct <= 8.490)
",8.490,8.490,0.000,0.000,1.000,0,0,0,14,14,0,0,14,0.0,0,0,0.0,0.0,1.0
"((MAP >= 46.011) U[2,2] (SBP <= 144.193))
",5073329558701070.000,144.193,0.000,0.000,1.000,0,0,0,14,14,0,0,14,0.0,0,0,0.0,0.0,1.0
"F[0,2]((Phosphate >= 0.026 & Magnesium > 0.070) -> Calcium < 4.407)
",-9999999.000,-9999999.000,0.000,0.000,1.000,0,0,0,14,14,0,0,14,0.0,0,0,0.0,0.0,1.0
"F[0,1](((Calcium < 2.690 & Potassium < 0.168) & Magnesium < 2.093) & Phosphate < 0.084)
",-9999999.000,-9999999.000,0.000,0.000,1.000,0,0,0,14,14,0,0,14,0.0,0,0,0.0,0.0,1.0
"F[0,2](Hgb <= 7.179 | Hct <= 23.745)
",-9999999.000,-9999999.000,0.000,0.000,1.000,0,0,0,14,14,0,0,14,0.0,0,0,0.0,0.0,1.0
"F[0,1]((Phosphate >= 0.064 & Magnesium > 0.021) -> Calcium < 3.192)
",-9999999.000,-9999999.000,0.000,0.000,1.000,0,0,0,14,14,0,0,14,0.0,0,0,0.0,0.0,1.0
"F[0,0](SBP > 93.901 -> SepsisLabel = 0.000)
",0.277,4.122,0.000,0.000,1.000,0,0,0,14,14,0,0,14,0.0,0,0,0.0,0.0,1.0
"F[0,2]((Phosphate >= 0.035 & Magnesium > 0.052) -> Calcium < 6.991)
",-9999999.000,-9999999.000,0.000,0.000,1.000,0,0,0,14,14,0,0,14,0.0,0,0,0.0,0.0,1.0
"F[0,2]((Phosphate >= 0.026 & Magnesium > 0.074) -> Calcium < 6.106)
",-9999999.000,-9999999.000,0.000,0.000,1.000,0,0,0,14,14,0,0,14,0.0,0,0,0.0,0.0,1.0
"F[0,1](((Calcium < 5.930 & Potassium < 2.401) & Magnesium < 1.853) & Phosphate < 1.530)
",-9999999.000,-9999999.000,0.000,0.000,1.000,0,0,0,14,14,0,0,14,0.0,0,0,0.0,0.0,1.0
"F[0,2](Hgb <= 6.796 | Hct <= 12.974)
",-9999999.000,-9999999.000,0.000,0.000,1.000,0,0,0,14,14,0,0,14,0.0,0,0,0.0,0.0,1.0
"((MAP >= 5.037) U[0,2] (SBP <= 125.079))
",-9999999.000,-9999999.000,0.000,0.000,1.000,0,0,0,14,14,0,0,14,0.0,0,0,0.0,0.0,1.0
"F[0,1]((Phosphate >= 0.025 & Magnesium > 0.044) -> Calcium < 8.297)
",-9999999.000,-9999999.000,0.000,0.000,1.000,0,0,0,14,14,0,0,14,0.0,0,0,0.0,0.0,1.0
"F[1,2](((Calcium < 8.381 & Potassium < 2.252) & Magnesium < 0.163) & Phosphate < 1.829)
",-9999999.000,-9999999.000,0.000,0.000,1.000,0,0,0,14,14,0,0,14,0.0,0,0,0.0,0.0,1.0
"F[0,1](Hgb <= 7.472 | Hct <= 17.187)
",-9999999.000,-9999999.000,0.000,0.000,1.000,0,0,0,14,14,0,0,14,0.0,0,0,0.0,0.0,1.0
"((MAP >= 2.268) U[0,2] (SBP <= 134.917))
",-9999999.000,-9999999.000,0.000,0.000,1.000,0,0,0,14,14,0,0,14,0.0,0,0,0.0,0.0,1.0
"F[0,1](Hgb <= 3.259 | Hct <= 13.475)
",-9999999.000,-9999999.000,0.000,0.000,1.000,0,0,0,14,14,0,0,14,0.0,0,0,0.0,0.0,1.0
"F[0,2]((Phosphate >= 0.021 & Magnesium > 0.013) -> Calcium < 7.338)
",-9999999.000,-9999999.000,0.000,0.000,1.000,0,0,0,14,14,0,0,14,0.0,0,0,0.0,0.0,1.0
"F[0,2]((Calcium <= 4.018 & Potassium <= 3.158) & Magnesium >= 0.031)
",-9999999.000,-9999999.000,0.000,0.000,1.000,0,0,0,14,14,0,0,14,0.0,0,0,0.0,0.0,1.0
"F[0,1](Hgb <= 1.928 | Hct <= 16.620)
",-9999999.000,-9999999.000,0.000,0.000,1.000,0,0,0,14,14,0,0,14,0.0,0,0,0.0,0.0,1.0
"((MAP >= 66.925) U[0,1] (SBP <= 140.112))
",-9999999.000,-9999999.000,0.000,0.000,1.000,0,0,0,14,14,0,0,14,0.0,0,0,0.0,0.0,1.0
"F[0,2]((Phosphate >= 0.035 & Magnesium > 0.042) -> Calcium < 7.668)
",-9999999.000,-9999999.000,0.000,0.000,1.000,0,0,0,14,14,0,0,14,0.0,0,0,0.0,0.0,1.0
"F[0,2](((Calcium < 5.080 & Potassium < 1.868) & Magnesium < 0.096) & Phosphate < 2.066)
",-9999999.000,-9999999.000,0.000,0.000,1.000,0,0,0,14,14,0,0,14,0.0,0,0,0.0,0.0,1.0
"F[0,2]((Calcium <= 3.144 & Potassium <= 1.515) & Magnesium >= 0.015)
",-9999999.000,-9999999.000,0.000,0.000,1.000,0,0,0,14,14,0,0,14,0.0,0,0,0.0,0.0,1.0
"F[0,2](((HR >= 23.543 | SBP >= 16.982) -> Calcium <= 117.437) & FiO2 <= 142.621)
",-9999999.000,-9999999.000,0.000,0.000,1.000,0,0,0,14,14,0,0,14,0.0,0,0,0.0,0.0,1.0
"F[1,2](((Magnesium <= 1.291 | Temp >= 5.567) & HCO3 >= 4.653) -> MAP <= 9.513)
",-9999999.000,-9999999.000,0.000,0.000,1.000,0,0,0,14,14,0,0,14,0.0,0,0,0.0,0.0,1.0
"F[0,1](((Hct <= 14.513 -> Temp <= 35.876) | WBC <= 35.834) & BUN <= 14.612)
",-9999999.000,-9999999.000,0.000,0.000,1.000,0,0,0,14,14,0,0,14,0.0,0,0,0.0,0.0,1.0
"F[1,1](((pH >= 0.000 | TroponinI <= 0.000) & MAP <= 0.000) -> SaO2 >= 0.000)
",0.000,0.000,0.000,0.000,1.000,0,0,0,14,14,0,0,14,0.0,0,0,0.0,0.0,1.0
"F[0,0]((Calcium <= 7.692 | Glucose >= 27.239) -> WBC <= 207.245)
",-7291798474555873.000,-207.245,0.000,0.000,1.000,0,0,0,14,14,0,0,14,0.0,0,0,0.0,0.0,1.0
"((Creatinine <= 0.273) U[0,2] (Glucose >= 28.995))
",-9999999.000,-9999999.000,0.000,0.000,1.000,0,0,0,14,14,0,0,14,0.0,0,0,0.0,0.0,1.0
"F[0,2](PTT <= 0.000 & Temp >= 4.190)
",-9999999.000,-9999999.000,0.000,0.000,1.000,0,0,0,14,14,0,0,14,0.0,0,0,0.0,0.0,1.0
"F[0,1](((Potassium >= 0.019 -> PaCO2 >= 0.000) & BUN <= 0.000) | MAP >= 0.000)
",-9999999.000,-9999999.000,0.000,0.000,1.000,0,0,0,14,14,0,0,14,0.0,0,0,0.0,0.0,1.0
"F[0,1](Creatinine <= 1.534 -> BaseExcess >= 0.000)
",-9999999.000,-9999999.000,0.000,0.000,1.000,0,0,0,14,14,0,0,14,0.0,0,0,0.0,0.0,1.0
"((HR <= 83.657) U[0,1] (Creatinine <= 0.365))
",-9999999.000,-9999999.000,0.000,0.000,1.000,0,0,0,14,14,0,0,14,0.0,0,0,0.0,0.0,1.0
"F[0,2](O2Sat <= 99.173 -> Potassium >= 0.024)
",-9999999.000,-9999999.000,0.000,0.000,1.000,0,0,0,14,14,0,0,14,0.0,0,0,0.0,0.0,1.0
"F[0,2](((SaO2 >= 0.000 & AST <= 0.000) & Resp >= 0.000) -> O2Sat >= 0.000)
",-9999999.000,-9999999.000,0.000,0.000,1.000,0,0,0,14,14,0,0,14,0.0,0,0,0.0,0.0,1.0
"F[1,2]((HR >= 2.020 | FiO2 <= 0.000) | Chloride <= 0.000)
",-9999999.000,-9999999.000,0.000,0.000,1.000,0,0,0,14,14,0,0,14,0.0,0,0,0.0,0.0,1.0
"F[0,1]((SBP <= 123.129 -> Magnesium <= 1.883) | Calcium >= 0.008)
",-9999999.000,-9999999.000,0.000,0.000,1.000,0,0,0,14,14,0,0,14,0.0,0,0,0.0,0.0,1.0
"F[0,1](SBP <= 137.141 | Bilirubin_direct <= 0.000)
",-9999999.000,-9999999.000,0.000,0.000,1.000,0,0,0,14,14,0,0,14,0.0,0,0,0.0,0.0,1.0
"F[0,2]((Temp <= 34.892 & MAP <= 93.885) & O2Sat <= 89.352)
",-9999999.000,-9999999.000,0.000,0.000,1.000,0,0,0,14,14,0,0,14,0.0,0,0,0.0,0.0,1.0
"F[1,2](((BaseExcess >= 0.000 -> Bilirubin_direct >= 0.000) | Hct >= 0.000) -> SepsisLabel <= 0.000)
",-9999999.000,-9999999.000,0.000,0.000,1.000,0,0,0,14,14,0,0,14,0.0,0,0,0.0,0.0,1.0
"((AST <= 0.000) U[1,2] (Potassium <= 1.675))
",-9999999.000,-9999999.000,0.000,0.000,1.000,0,0,0,14,14,0,0,14,0.0,0,0,0.0,0.0,1.0
"F[1,1](Bilirubin_direct <= 0.000 & FiO2 <= 0.000)
",0.000,0.000,0.000,0.000,1.000,0,0,0,14,14,0,0,14,0.0,0,0,0.0,0.0,1.0
"F[2,2](Bilirubin_direct <= 0.000 & AST >= 0.000)
",0.000,0.000,0.000,0.000,1.000,0,0,0,14,14,0,0,14,0.0,0,0,0.0,0.0,1.0
"F[0,0](HCO3 >= 0.000 | PaCO2 <= 0.000)
",0.000,0.000,0.000,0.000,1.000,0,0,0,14,14,0,0,14,0.0,0,0,0.0,0.0,1.0
"F[2,2]((SepsisLabel >= 0.000 -> HR >= 57.453) -> PTT >= 64.227)
",0.000,0.000,0.000,0.000,1.000,0,0,0,14,14,0,0,14,0.0,0,0,0.0,0.0,1.0
"F[0,1]((Calcium >= 0.100 & Potassium >= 0.071) -> Bilirubin_direct <= 2.265)
",-9999999.000,-9999999.000,0.000,0.000,1.000,0,0,0,14,14,0,0,14,0.0,0,0,0.0,0.0,1.0
"F[1,2]((HR <= 83.782 & FiO2 >= 0.000) | Glucose <= 0.000)
",-9999999.000,-9999999.000,0.000,0.000,1.000,0,0,0,14,14,0,0,14,0.0,0,0,0.0,0.0,1.0
"F[1,1]((EtCO2 >= 0.000 | WBC >= 0.145) | AST <= 1.234)
",1.234,1.234,0.000,0.000,1.000,0,0,0,14,14,0,0,14,0.0,0,0,0.0,0.0,1.0
"F[1,2](((Platelets >= 3.062 | Bilirubin_direct >= 0.000) & BUN <= 0.000) | PTT >= 0.000)
",-9999999.000,-9999999.000,0.000,0.000,1.000,0,0,0,14,14,0,0,14,0.0,0,0,0.0,0.0,1.0
"F[0,0](pH >= 0.000 -> PTT <= 0.000)
",0.000,0.000,0.000,0.000,1.000,0,0,0,14,14,0,0,14,0.0,0,0,0.0,0.0,1.0
"F[0,2](Magnesium >= 0.071 & Alkalinephos <= 0.000)
",-9999999.000,-9999999.000,0.000,0.000,1.000,0,0,0,14,14,0,0,14,0.0,0,0,0.0,0.0,1.0
"F[1,2](O2Sat <= 93.601 & Potassium >= 0.034)
",-9999999.000,-9999999.000,0.000,0.000,1.000,0,0,0,14,14,0,0,14,0.0,0,0,0.0,0.0,1.0
"F[0,0]((Fibrinogen >= 0.000 & HCO3 >= 0.000) -> Chloride <= 0.000)
",0.000,0.000,0.000,0.000,1.000,0,0,0,14,14,0,0,14,0.0,0,0,0.0,0.0,1.0
"F[0,1](((Bilirubin_total >= 0.000 & Bilirubin_direct >= 0.000) | Temp <= 0.000) | pH >= 0.000)
",-9999999.000,-9999999.000,0.000,0.000,1.000,0,0,0,14,14,0,0,14,0.0,0,0,0.0,0.0,1.0
"F[0,2]((HCO3 <= 0.000 & HR >= 69.291) & Platelets <= 81.447)
",-9999999.000,-9999999.000,0.000,0.000,1.000,0,0,0,14,14,0,0,14,0.0,0,0,0.0,0.0,1.0
"((Platelets <= 17.908) U[0,1] (SaO2 <= 0.000))
",-9999999.000,-9999999.000,0.000,0.000,1.000,0,0,0,14,14,0,0,14,0.0,0,0,0.0,0.0,1.0
"F[1,2](((PTT <= 0.000 | pH <= 0.000) & Resp <= 0.000) & Platelets >= 0.000)
",-9999999.000,-9999999.000,0.000,0.000,1.000,0,0,0,14,14,0,0,14,0.0,0,0,0.0,0.0,1.0
"F[0,2](((PaCO2 >= 0.000 & TroponinI <= 0.000) | SBP <= 0.000) & Glucose <= 0.000)
",-9999999.000,-9999999.000,0.000,0.000,1.000,0,0,0,14,14,0,0,14,0.0,0,0,0.0,0.0,1.0
"((Creatinine >= 0.013) U[2,2] (Hgb <= 4.940))
",5562294111831654.000,4.940,0.000,0.000,1.000,0,0,0,14,14,0,0,14,0.0,0,0,0.0,0.0,1.0
"F[0,2]((Calcium <= 3.859 & Potassium <= 3.253) & Magnesium >= 0.052)
",-9999999.000,-9999999.000,0.000,0.000,1.000,0,0,0,14,14,0,0,14,0.0,0,0,0.0,0.0,1.0
"F[0,0](((Temp >= 1.111 & SaO2 <= 0.000) | SaO2 >= 0.000) & Calcium <= 0.000)
",0.000,0.000,0.000,0.000,1.000,0,0,0,14,14,0,0,14,0.0,0,0,0.0,0.0,1.0
"F[0,0](((Creatinine >= 0.061 | Phosphate >= 0.067) | Potassium <= 0.147) & Calcium <= 0.198)
",11.658,0.151,0.000,0.000,1.000,0,0,0,14,14,0,0,14,0.0,0,0,0.0,0.0,1.0
"F[2,2](((AST <= 0.000 -> Calcium >= 0.168) & Potassium <= 4.829) -> SaO2 <= 2.060)
",-2.060,-2.060,0.000,0.000,1.000,0,0,0,14,14,0,0,14,0.0,0,0,0.0,0.0,1.0
"((Lactate <= 0.000) U[0,2] (Chloride >= 0.000))
",-9999999.000,-9999999.000,0.000,0.000,1.000,0,0,0,14,14,0,0,14,0.0,0,0,0.0,0.0,1.0
"F[0,2](((Calcium >= 0.179 & TroponinI <= 0.000) | WBC <= 0.000) | O2Sat <= 0.000)
",-9999999.000,-9999999.000,0.000,0.000,1.000,0,0,0,14,14,0,0,14,0.0,0,0,0.0,0.0,1.0
"F[2,2](Hgb <= 3.476 -> Temp >= 3.887)
",-3.476,-3.476,0.000,0.000,1.000,0,0,0,14,14,0,0,14,0.0,0,0,0.0,0.0,1.0
"F[2,2](((DBP <= 68.081 | Magnesium >= 0.077) & Fibrinogen >= 0.002) -> Platelets >= 0.043)
",8479502856884385.000,0.002,0.000,0.000,1.000,0,0,0,14,14,0,0,14,0.0,0,0,0.0,0.0,1.0
"F[0,2]((Phosphate >= 0.062 -> SBP <= 134.514) | MAP <= 133.689)
",-9999999.000,-9999999.000,0.000,0.000,1.000,0,0,0,14,14,0,0,14,0.0,0,0,0.0,0.0,1.0
"F[1,2](((Hct <= 3.935 & SBP >= 43.570) | WBC >= 4.045) -> Phosphate <= 129.175)
",-9999999.000,-9999999.000,0.000,0.000,1.000,0,0,0,14,14,0,0,14,0.0,0,0,0.0,0.0,1.0
"((SBP <= 129.702) U[1,2] (WBC >= 0.008))
",-9999999.000,-9999999.000,0.000,0.000,1.000,0,0,0,14,14,0,0,14,0.0,0,0,0.0,0.0,1.0
"F[1,2](((MAP >= 21.762 & Temp >= 3.096) | Lactate >= 2.880) | TroponinI <= 19.817)
",-9999999.000,-9999999.000,0.000,0.000,1.000,0,0,0,14,14,0,0,14,0.0,0,0,0.0,0.0,1.0
"F[0,1]((Glucose <= 183.851 & SBP >= 84.638) | DBP <= 115.281)
",-9999999.000,-9999999.000,0.000,0.000,1.000,0,0,0,14,14,0,0,14,0.0,0,0,0.0,0.0,1.0
"F[0,2]((Creatinine >= 0.049 -> DBP <= 91.958) | Glucose >= 43.411)
",-9999999.000,-9999999.000,0.000,0.000,1.000,0,0,0,14,14,0,0,14,0.0,0,0,0.0,0.0,1.0
"F[1,2](((DBP >= 35.595 & Hct >= 0.136) & AST >= 0.656) & Chloride >= 0.381)
",-9999999.000,-9999999.000,0.000,0.000,1.000,0,0,0,14,14,0,0,14,0.0,0,0,0.0,0.0,1.0
"F[2,2](Calcium <= 5.752 | Resp >= 15.558)
",3238013109009871.000,5.752,0.000,0.000,1.000,0,0,0,14,14,0,0,14,0.0,0,0,0.0,0.0,1.0
"F[1,2](((MAP >= 29.287 -> Potassium <= 1.352) | Lactate >= 0.003) | AST <= 2.737)
",-9999999.000,-9999999.000,0.000,0.000,1.000,0,0,0,14,14,0,0,14,0.0,0,0,0.0,0.0,1.0
"((Phosphate <= 1.069) U[0,2] (Resp >= 11.740))
",-9999999.000,-9999999.000,0.000,0.000,1.000,0,0,0,14,14,0,0,14,0.0,0,0,0.0,0.0,1.0
"F[0,2](((Magnesium <= 1.616 -> Resp <= 20.274) | Creatinine >= 2.189) | EtCO2 >= 14.112)
",-9999999.000,-9999999.000,0.000,0.000,1.000,0,0,0,14,14,0,0,14,0.0,0,0,0.0,0.0,1.0
"F[0,1](Glucose <= 81.669 -> O2Sat >= 70.547)
",-9999999.000,-9999999.000,0.000,0.000,1.000,0,0,0,14,14,0,0,14,0.0,0,0,0.0,0.0,1.0
"F[0,2](SBP <= 142.279 & Temp <= 9.493)
",-9999999.000,-9999999.000,0.000,0.000,1.000,0,0,0,14,14,0,0,14,0.0,0,0,0.0,0.0,1.0
"F[1,2](((Glucose >= 17.621 -> Phosphate <= 1.967) | HCO3 >= 0.009) | Bilirubin_total >= 0.022)
",-9999999.000,-9999999.000,0.000,0.000,1.000,0,0,0,14,14,0,0,14,0.0,0,0,0.0,0.0,1.0
"F[0,0]((Glucose <= 69.062 | Potassium <= 2.594) & Temp <= 1.340)
",-44.716,-95.874,0.000,0.000,1.000,0,0,0,14,14,0,0,14,0.0,0,0,0.0,0.0,1.0
"F[2,2](((HR <= 81.974 | MAP >= 7.502) | WBC >= 71.311) & Resp >= 28.235)
",-3973730662036874.500,-28.235,0.000,0.000,1.000,0,0,0,14,14,0,0,14,0.0,0,0,0.0,0.0,1.0
"F[1,2](HR <= 84.127 & Phosphate >= 0.053)
",-9999999.000,-9999999.000,0.000,0.000,1.000,0,0,0,14,14,0,0,14,0.0,0,0,0.0,0.0,1.0
"F[1,1](((O2Sat <= 99.815 & Phosphate >= 0.061) | SBP >= 0.050) & BaseExcess <= 1.059)
",-7202371146889002.000,-0.050,0.000,0.000,1.000,0,0,0,14,14,0,0,14,0.0,0,0,0.0,0.0,1.0
"F[1,2]((Calcium >= 0.233 -> AST >= 0.000) -> Resp <= 0.000)
",-9999999.000,-9999999.000,0.000,0.000,1.000,0,0,0,14,14,0,0,14,0.0,0,0,0.0,0.0,1.0
"F[0,1]((PaCO2 <= 0.000 -> Bilirubin_total >= 0.000) & Magnesium >= 0.000)
",-9999999.000,-9999999.000,0.000,0.000,1.000,0,0,0,14,14,0,0,14,0.0,0,0,0.0,0.0,1.0
"((Glucose >= 23.147) U[0,0] (Bilirubin_total >= 0.000))
",0.277,0.236,0.000,0.000,1.000,0,0,0,14,14,0,0,14,0.0,0,0,0.0,0.0,1.0
"F[1,2]((TroponinI >= 0.000 | Potassium >= 0.048) | PTT <= 1.885)
",-9999999.000,-9999999.000,0.000,0.000,1.000,0,0,0,14,14,0,0,14,0.0,0,0,0.0,0.0,1.0
"F[1,2](((Hct <= 14.005 | Platelets >= 0.815) | Platelets >= 1.120) -> SBP <= 105.517)
",-9999999.000,-9999999.000,0.000,0.000,1.000,0,0,0,14,14,0,0,14,0.0,0,0,0.0,0.0,1.0
"F[0,1]((Hct >= 0.747 | PTT >= 0.000) & BUN >= 0.000)
",-9999999.000,-9999999.000,0.000,0.000,1.000,0,0,0,14,14,0,0,14,0.0,0,0,0.0,0.0,1.0
"F[1,2](((MAP <= 94.438 & EtCO2 >= 0.000) & EtCO2 >= 0.000) -> MAP >= 0.000)
",-9999999.000,-9999999.000,0.000,0.000,1.000,0,0,0,14,14,0,0,14,0.0,0,0,0.0,0.0,1.0
"F[1,2]((Hct <= 7.576 & Chloride <= 0.000) -> EtCO2 <= 0.000)
",-9999999.000,-9999999.000,0.000,0.000,1.000,0,0,0,14,14,0,0,14,0.0,0,0,0.0,0.0,1.0
"F[0,1]((Chloride >= 0.000 | Bilirubin_total <= 0.000) | Temp >= 0.000)
",-9999999.000,-9999999.000,0.000,0.000,1.000,0,0,0,14,14,0,0,14,0.0,0,0,0.0,0.0,1.0
"F[0,2](SepsisLabel >= 0.000 & HCO3 <= 0.000)
",-9999999.000,-9999999.000,0.000,0.000,1.000,0,0,0,14,14,0,0,14,0.0,0,0,0.0,0.0,1.0
"F[0,0]((O2Sat <= 96.473 & Platelets <= 78.772) -> PaCO2 <= 101.000)
",-7107264163911521.000,-101.000,0.000,0.000,1.000,0,0,0,14,14,0,0,14,0.0,0,0,0.0,0.0,1.0
"((Platelets <= 111.384) U[2,2] (PTT >= 0.000))
",7837931791162127.000,111.384,0.000,0.000,1.000,0,0,0,14,14,0,0,14,0.0,0,0,0.0,0.0,1.0
"F[2,2]((O2Sat >= 45.960 | Hct <= 17.104) | EtCO2 <= 20.894)
",5881008583892318.000,20.894,0.000,0.000,1.000,0,0,0,14,14,0,0,14,0.0,0,0,0.0,0.0,1.0
"F[0,1]((Hct <= 20.063 | PaCO2 >= 0.000) | Hct >= 0.000)
",-9999999.000,-9999999.000,0.000,0.000,1.000,0,0,0,14,14,0,0,14,0.0,0,0,0.0,0.0,1.0
"((BUN <= 22.419) U[0,2] (MAP <= 73.277))
",-9999999.000,-9999999.000,0.000,0.000,1.000,0,0,0,14,14,0,0,14,0.0,0,0,0.0,0.0,1.0
"F[0,0]((Platelets <= 111.920 -> PTT >= 0.000) | Glucose <= 0.000)
",0.000,0.000,0.000,0.000,1.000,0,0,0,14,14,0,0,14,0.0,0,0,0.0,0.0,1.0
"F[1,2]((EtCO2 >= 0.000 -> HR <= 83.716) & pH >= 44.708)
",-9999999.000,-9999999.000,0.000,0.000,1.000,0,0,0,14,14,0,0,14,0.0,0,0,0.0,0.0,1.0
"F[0,1]((O2Sat >= 50.823 -> WBC <= 0.480) | Creatinine <= 3.426)
",-9999999.000,-9999999.000,0.000,0.000,1.000,0,0,0,14,14,0,0,14,0.0,0,0,0.0,0.0,1.0
"((Fibrinogen <= 0.000) U[0,1] (Chloride >= 0.000))
",-9999999.000,-9999999.000,0.000,0.000,1.000,0,0,0,14,14,0,0,14,0.0,0,0,0.0,0.0,1.0
