Rule,Discrimination Score,Pos Robustness,Neg Robustness,Percent Class +,Percent Class -,TP,TN,FP,FN,Actual Yes,Actual No,Predicted Yes,Predicted No,TPR/Sens,TNR/Spec,FPR,Precision,Accuracy,MCR
"F[0,0]((Fibrinogen <= 0.000 -> MAP <= 68.982) & PTT >= 27.739)
",-2.479,-30.168,0.000,0.000,1.000,13,0,0,0,13,0,13,0,1.0,0,0,1.0,1.04,-0.040000000000000036
"F[0,0]((Calcium <= 6.204 & Potassium <= 0.172) & Magnesium >= 0.046)
",-0.356,-0.303,0.000,0.000,1.000,13,0,0,0,13,0,13,0,1.0,0,0,1.0,1.04,-0.040000000000000036
"F[0,0]((Temp >= 1.702 & Phosphate >= 0.050) & Chloride <= 2.976)
",-0.417,-0.652,0.000,0.000,1.000,13,0,0,0,13,0,13,0,1.0,0,0,1.0,1.04,-0.040000000000000036
"F[0,0]((Calcium <= 6.067 & Potassium <= 1.565) & Magnesium >= 0.001)
",-0.303,-0.145,0.000,0.000,1.000,13,0,0,0,13,0,13,0,1.0,0,0,1.0,1.04,-0.040000000000000036
"F[0,0]((Calcium <= 3.326 & Potassium <= 3.820) & Magnesium >= 0.022)
",-6291145505950803.000,-0.022,0.000,0.000,1.000,13,0,0,0,13,0,13,0,1.0,0,0,1.0,1.04,-0.040000000000000036
"F[1,1](((pH >= 0.000 & Platelets >= 6.822) & EtCO2 >= 4.768) & Platelets <= 58.052)
",-6.822,-6.822,0.000,0.000,1.000,12,0,0,1,13,0,12,1,0.9230769230769231,0,0,1.0,0.96,0.040000000000000036
"((WBC <= 2.340) U[0,0] (BUN >= 1.188))
",2.340,2.340,0.000,0.000,1.000,12,0,0,1,13,0,12,1,0.9230769230769231,0,0,1.0,0.96,0.040000000000000036
"F[0,1]((Calcium <= 7.373 & Potassium <= 2.629) & Magnesium >= 0.009)
",-9999999.000,-9999999.000,0.000,0.000,1.000,12,0,0,1,13,0,12,1,0.9230769230769231,0,0,1.0,0.96,0.040000000000000036
"F[0,1]((Calcium <= 5.591 & Potassium <= 0.414) & Magnesium >= 0.045)
",-9999999.000,-9999999.000,0.000,0.000,1.000,12,0,0,1,13,0,12,1,0.9230769230769231,0,0,1.0,0.96,0.040000000000000036
"F[1,1](((Temp <= 28.487 | WBC <= 6.073) -> Potassium >= 0.135) | Creatinine >= 0.329)
",-5920693467202289.000,-0.329,0.000,0.000,1.000,12,0,0,1,13,0,12,1,0.9230769230769231,0,0,1.0,0.96,0.040000000000000036
"F[1,1]((DBP <= 41.100 & Phosphate >= 0.015) | Platelets >= 0.123)
",-2847882735366089.000,-0.015,0.000,0.000,1.000,12,0,0,1,13,0,12,1,0.9230769230769231,0,0,1.0,0.96,0.040000000000000036
"F[0,1]((Calcium <= 1.858 & Potassium <= 3.913) & Magnesium >= 0.054)
",-9999999.000,-9999999.000,0.000,0.000,1.000,12,0,0,1,13,0,12,1,0.9230769230769231,0,0,1.0,0.96,0.040000000000000036
"F[0,1](((Creatinine <= 0.912 & Hct >= 1.318) & HR <= 18.996) & Bilirubin_direct >= 1.232)
",-9999999.000,-9999999.000,0.000,0.000,1.000,12,0,0,1,13,0,12,1,0.9230769230769231,0,0,1.0,0.96,0.040000000000000036
"F[0,1](((Magnesium >= 0.055 -> BUN >= 1.116) | Fibrinogen >= 0.943) & PTT >= 0.522)
",-9999999.000,-9999999.000,0.000,0.000,1.000,12,0,0,1,13,0,12,1,0.9230769230769231,0,0,1.0,0.96,0.040000000000000036
"((PaCO2 > 0.000) U[1,2] (SepsisLabel = 0.000))
",-9999999.000,-9999999.000,0.000,0.000,1.000,12,0,0,1,13,0,12,1,0.9230769230769231,0,0,1.0,0.96,0.040000000000000036
"F[0,1](SaO2 > 0.000 & SepsisLabel = 0.000)
",-9999999.000,-9999999.000,0.000,0.000,1.000,12,0,0,1,13,0,12,1,0.9230769230769231,0,0,1.0,0.96,0.040000000000000036
"F[1,1]((Calcium <= 0.623 | Hct >= 0.093) & BUN >= 1.345)
",-1.345,-1.345,0.000,0.000,1.000,12,0,0,1,13,0,12,1,0.9230769230769231,0,0,1.0,0.96,0.040000000000000036
"F[0,0](BaseExcess >= 0.000 & Magnesium >= 0.001)
",-5915625597266627.000,-0.001,0.000,0.000,1.000,12,0,0,1,13,0,12,1,0.9230769230769231,0,0,1.0,0.96,0.040000000000000036
"F[1,1](BaseExcess <= 0.000 & Calcium >= 0.326)
",-5881349108921719.000,-0.326,0.000,0.000,1.000,12,0,0,1,13,0,12,1,0.9230769230769231,0,0,1.0,0.96,0.040000000000000036
"F[0,1](((Potassium <= 3.431 | HR <= 62.840) -> Alkalinephos >= 40.046) & PaCO2 >= 29.336)
",-9999999.000,-9999999.000,0.000,0.000,1.000,12,0,0,1,13,0,12,1,0.9230769230769231,0,0,1.0,0.96,0.040000000000000036
"F[1,1](((TroponinI >= 0.000 | SBP >= 98.275) & SBP >= 23.347) & Resp >= 78.698)
",-78.698,-78.698,0.000,0.000,1.000,12,0,0,1,13,0,12,1,0.9230769230769231,0,0,1.0,0.96,0.040000000000000036
"F[1,1](((BUN >= 1.078 -> O2Sat >= 64.338) | Resp >= 61.917) -> Lactate >= 12.665)
",-1.078,-1.078,0.000,0.000,1.000,12,0,0,1,13,0,12,1,0.9230769230769231,0,0,1.0,0.96,0.040000000000000036
"F[1,1](Hct >= 0.302 & SepsisLabel = 0.000)
",-0.302,-0.302,0.000,0.000,1.000,12,0,0,1,13,0,12,1,0.9230769230769231,0,0,1.0,0.96,0.040000000000000036
"F[0,1](Chloride < 0.000 & SepsisLabel = 0.000)
",-9999999.000,-9999999.000,0.000,0.000,1.000,12,0,0,1,13,0,12,1,0.9230769230769231,0,0,1.0,0.96,0.040000000000000036
"F[1,1](((Chloride >= 0.000 & HR <= 66.614) & TroponinI >= 16.189) & WBC >= 19.499)
",-5488610781632838.000,-19.499,0.000,0.000,1.000,12,0,0,1,13,0,12,1,0.9230769230769231,0,0,1.0,0.96,0.040000000000000036
"F[0,1]((Calcium <= 7.541 & Potassium <= 3.960) & Magnesium >= 0.029)
",-9999999.000,-9999999.000,0.000,0.000,1.000,12,0,0,1,13,0,12,1,0.9230769230769231,0,0,1.0,0.96,0.040000000000000036
"((PaCO2 >= 0.000) U[0,1] (Magnesium >= 0.020))
",-9999999.000,-9999999.000,0.000,0.000,1.000,11,0,0,2,13,0,11,2,0.8461538461538461,0,0,1.0,0.88,0.12
"((Creatinine >= 0.023) U[1,2] (SepsisLabel >= 0.000))
",-9999999.000,-9999999.000,0.000,0.000,1.000,11,0,0,2,13,0,11,2,0.8461538461538461,0,0,1.0,0.88,0.12
"F[0,0](((Bilirubin_total >= 0.000 -> HCO3 <= 0.000) -> Temp >= 0.000) & MAP <= 0.000)
",-3.034,-122.792,0.000,0.000,1.000,11,0,0,2,13,0,11,2,0.8461538461538461,0,0,1.0,0.88,0.12
"((Phosphate >= 0.055) U[1,1] (DBP >= 13.415))
",-0.055,-0.055,0.000,0.000,1.000,11,0,0,2,13,0,11,2,0.8461538461538461,0,0,1.0,0.88,0.12
"F[0,1](((Calcium >= 0.210 -> Glucose <= 133.631) | FiO2 <= 96.882) & BUN >= 17.933)
",-9999999.000,-9999999.000,0.000,0.000,1.000,11,0,0,2,13,0,11,2,0.8461538461538461,0,0,1.0,0.88,0.12
"((Creatinine >= 0.047) U[1,1] (DBP >= 3.265))
",-6825342692974291.000,-0.047,0.000,0.000,1.000,11,0,0,2,13,0,11,2,0.8461538461538461,0,0,1.0,0.88,0.12
"F[0,0](O2Sat >= 30.063 -> Magnesium >= 0.075)
",-3.194,-31.644,0.000,0.000,1.000,10,0,0,3,13,0,10,3,0.7692307692307693,0,0,1.0,0.8,0.19999999999999996
"F[0,1]((WBC >= 0.097 | HR >= 53.321) -> SaO2 >= 39.670)
",-9999999.000,-9999999.000,0.000,0.000,1.000,10,0,0,3,13,0,10,3,0.7692307692307693,0,0,1.0,0.8,0.19999999999999996
"((MAP >= 22.006) U[0,0] (SBP <= 130.813))
",13.941,130.192,0.000,0.000,1.000,9,0,0,4,13,0,9,4,0.6923076923076923,0,0,1.0,0.72,0.28
"((Hgb >= 0.516) U[1,1] (PaCO2 >= 0.000))
",0.000,0.000,0.000,0.000,1.000,9,0,0,4,13,0,9,4,0.6923076923076923,0,0,1.0,0.72,0.28
"F[0,1](((Hct >= 2.023 & Resp >= 11.555) -> Hgb >= 14.140) & SBP <= 15.362)
",-9999999.000,-9999999.000,0.000,0.000,1.000,9,0,0,4,13,0,9,4,0.6923076923076923,0,0,1.0,0.72,0.28
"((Hct >= 3.858) U[1,2] (Resp <= 18.188))
",-9999999.000,-9999999.000,0.000,0.000,1.000,8,0,0,5,13,0,8,5,0.6153846153846154,0,0,1.0,0.64,0.36
"((Hgb <= 4.476) U[1,1] (Resp <= 16.154))
",4546938662431751.000,16.154,0.000,0.000,1.000,8,0,0,5,13,0,8,5,0.6153846153846154,0,0,1.0,0.64,0.36
"F[0,1]((Glucose >= 18.490 -> Hct >= 2.639) -> MAP <= 18.376)
",-9999999.000,-9999999.000,0.000,0.000,1.000,8,0,0,5,13,0,8,5,0.6153846153846154,0,0,1.0,0.64,0.36
"F[0,1](O2Sat >= 48.783 -> Hgb >= 0.256)
",-9999999.000,-9999999.000,0.000,0.000,1.000,7,0,0,6,13,0,7,6,0.5384615384615384,0,0,1.0,0.56,0.43999999999999995
"F[0,1](((BaseExcess >= 0.000 -> Calcium <= 4.667) -> Bilirubin_direct <= 6.963) & Glucose >= 0.078)
",-9999999.000,-9999999.000,0.000,0.000,1.000,7,0,0,6,13,0,7,6,0.5384615384615384,0,0,1.0,0.56,0.43999999999999995
"((DBP <= 43.008) U[1,2] (Platelets <= 161.399))
",-9999999.000,-9999999.000,0.000,0.000,1.000,7,0,0,6,13,0,7,6,0.5384615384615384,0,0,1.0,0.56,0.43999999999999995
"((Temp <= 25.812) U[0,1] (HR <= 62.469))
",-9999999.000,-9999999.000,0.000,0.000,1.000,5,0,0,8,13,0,5,8,0.38461538461538464,0,0,1.0,0.4,0.6
"F[0,1](Platelets >= 0.510 | Resp <= 15.570)
",-9999999.000,-9999999.000,0.000,0.000,1.000,5,0,0,8,13,0,5,8,0.38461538461538464,0,0,1.0,0.4,0.6
"F[0,1](MAP <= 64.683 & Calcium <= 5.488)
",-9999999.000,-9999999.000,0.000,0.000,1.000,4,0,0,9,13,0,4,9,0.3076923076923077,0,0,1.0,0.32,0.6799999999999999
"F[1,1](MAP <= 68.744 -> Resp <= 17.585)
",-68.744,-68.744,0.000,0.000,1.000,4,0,0,9,13,0,4,9,0.3076923076923077,0,0,1.0,0.32,0.6799999999999999
"((Resp >= 9.097) U[1,2] (Chloride >= 0.000))
",-9999999.000,-9999999.000,0.000,0.000,1.000,3,0,0,10,13,0,3,10,0.23076923076923078,0,0,1.0,0.24,0.76
"F[0,0]((O2Sat >= 9.730 & Platelets <= 132.155) | BUN >= 6.218)
",2.914,49.771,0.000,0.000,1.000,2,0,0,11,13,0,2,11,0.15384615384615385,0,0,1.0,0.16,0.84
"((HR >= 12.195) U[0,0] (O2Sat >= 64.934))
",6850453694253683.000,24921.805,0.000,0.000,1.000,2,0,0,11,13,0,2,11,0.15384615384615385,0,0,1.0,0.16,0.84
"((MAP >= 29.093) U[1,2] (SBP <= 151.377))
",-9999999.000,-9999999.000,0.000,0.000,1.000,2,0,0,11,13,0,2,11,0.15384615384615385,0,0,1.0,0.16,0.84
"((MAP >= 14.384) U[0,1] (SBP <= 151.425))
",-9999999.000,-9999999.000,0.000,0.000,1.000,2,0,0,11,13,0,2,11,0.15384615384615385,0,0,1.0,0.16,0.84
"((Calcium <= 2.621) U[1,2] (Potassium <= 4.172))
",-9999999.000,-9999999.000,0.000,0.000,1.000,1,0,0,12,13,0,1,12,0.07692307692307693,0,0,1.0,0.08,0.92
"((MAP >= 7.830) U[1,2] (SBP <= 121.552))
",-9999999.000,-9999999.000,0.000,0.000,1.000,1,0,0,12,13,0,1,12,0.07692307692307693,0,0,1.0,0.08,0.92
"((Hgb <= 9.467) U[0,0] (Magnesium <= 0.400))
",3.476,8.712,0.000,0.000,1.000,1,0,0,12,13,0,1,12,0.07692307692307693,0,0,1.0,0.08,0.92
"((SBP < 156.205) U[1,2] (SepsisLabel = 0.000))
",-9999999.000,-9999999.000,0.000,0.000,1.000,1,0,0,12,13,0,1,12,0.07692307692307693,0,0,1.0,0.08,0.92
"((HR <= 59.098) U[1,2] (HR <= 60.590))
",-9999999.000,-9999999.000,0.000,0.000,1.000,1,0,0,12,13,0,1,12,0.07692307692307693,0,0,1.0,0.08,0.92
"((BUN < 24.509) U[1,1] (SepsisLabel = 0.000))
",24.509,24.509,0.000,0.000,1.000,1,0,0,12,13,0,1,12,0.07692307692307693,0,0,1.0,0.08,0.92
"((MAP >= 23.538) U[0,0] (SBP <= 159.331))
",12.509,153.875,0.000,0.000,1.000,1,0,0,12,13,0,1,12,0.07692307692307693,0,0,1.0,0.08,0.92
"((MAP >= 35.368) U[1,2] (SBP <= 128.980))
",-9999999.000,-9999999.000,0.000,0.000,1.000,1,0,0,12,13,0,1,12,0.07692307692307693,0,0,1.0,0.08,0.92
"F[0,0](((Calcium < 2.220 & Potassium < 4.131) & Magnesium < 0.192) & Phosphate < 0.400)
",0.110,0.051,0.000,0.000,1.000,1,0,0,12,13,0,1,12,0.07692307692307693,0,0,1.0,0.08,0.92
"F[0,1]((SaO2 <= 0.000 -> Lactate >= 0.000) | Glucose <= 0.000)
",-9999999.000,-9999999.000,0.000,0.000,1.000,0,0,0,13,13,0,0,13,0.0,0,0,0.0,0.0,1.0
"((EtCO2 <= 0.000) U[1,2] (Bilirubin_total <= 0.000))
",-9999999.000,-9999999.000,0.000,0.000,1.000,0,0,0,13,13,0,0,13,0.0,0,0,0.0,0.0,1.0
"F[1,1]((PTT <= 0.000 & EtCO2 <= 0.000) -> Hct >= 0.000)
",0.000,0.000,0.000,0.000,1.000,0,0,0,13,13,0,0,13,0.0,0,0,0.0,0.0,1.0
"F[0,1]((Lactate >= 0.000 -> pH >= 0.000) | Lactate <= 0.000)
",-9999999.000,-9999999.000,0.000,0.000,1.000,0,0,0,13,13,0,0,13,0.0,0,0,0.0,0.0,1.0
"F[0,1](((PaCO2 <= 0.000 | Alkalinephos >= 0.000) & SaO2 <= 0.000) | DBP <= 0.000)
",-9999999.000,-9999999.000,0.000,0.000,1.000,0,0,0,13,13,0,0,13,0.0,0,0,0.0,0.0,1.0
"F[0,0](((Lactate >= 0.000 | Resp <= 16.321) & MAP >= 14.614) | HR <= 17.980)
",0.416,20.763,0.000,0.000,1.000,0,0,0,13,13,0,0,13,0.0,0,0,0.0,0.0,1.0
"F[0,2]((Potassium >= 0.035 -> Resp >= 6.944) & MAP <= 15.973)
",-9999999.000,-9999999.000,0.000,0.000,1.000,0,0,0,13,13,0,0,13,0.0,0,0,0.0,0.0,1.0
"F[1,1](((Bilirubin_total <= 0.000 & WBC <= 7.730) & AST <= 4.166) | Creatinine >= 0.328)
",0.000,0.000,0.000,0.000,1.000,0,0,0,13,13,0,0,13,0.0,0,0,0.0,0.0,1.0
"F[1,1](((O2Sat >= 46.046 -> Calcium <= 1.849) | SBP <= 4.412) & Phosphate <= 7.597)
",4.412,4.412,0.000,0.000,1.000,0,0,0,13,13,0,0,13,0.0,0,0,0.0,0.0,1.0
"((TroponinI <= 0.000) U[1,2] (Resp <= 19.649))
",-9999999.000,-9999999.000,0.000,0.000,1.000,0,0,0,13,13,0,0,13,0.0,0,0,0.0,0.0,1.0
"F[2,2](((Chloride >= 0.000 -> HCO3 <= 0.000) -> Chloride >= 0.000) | DBP >= 0.000)
",0.000,0.000,0.000,0.000,1.000,0,0,0,13,13,0,0,13,0.0,0,0,0.0,0.0,1.0
"F[0,0]((Calcium <= 2.265 | PaCO2 >= 0.000) & Bilirubin_direct <= 0.000)
",-0.302,-0.152,0.000,0.000,1.000,0,0,0,13,13,0,0,13,0.0,0,0,0.0,0.0,1.0
"F[0,0]((Phosphate <= 2.039 -> EtCO2 >= 0.000) -> BUN >= 0.000)
",0.000,0.000,0.000,0.000,1.000,0,0,0,13,13,0,0,13,0.0,0,0,0.0,0.0,1.0
"F[0,2](((Fibrinogen <= 0.000 | Hct >= 3.663) -> O2Sat >= 1.724) & Alkalinephos <= 18.422)
",-9999999.000,-9999999.000,0.000,0.000,1.000,0,0,0,13,13,0,0,13,0.0,0,0,0.0,0.0,1.0
"((TroponinI <= 0.000) U[1,2] (HCO3 >= 0.000))
",-9999999.000,-9999999.000,0.000,0.000,1.000,0,0,0,13,13,0,0,13,0.0,0,0,0.0,0.0,1.0
"F[1,1](((TroponinI >= 0.000 | Magnesium >= 0.066) -> EtCO2 >= 0.057) -> Alkalinephos <= 0.523)
",-4712203991393241.000,-0.523,0.000,0.000,1.000,0,0,0,13,13,0,0,13,0.0,0,0,0.0,0.0,1.0
"F[1,1](((Resp >= 13.832 & EtCO2 <= 0.000) | Platelets >= 0.000) | Calcium >= 0.000)
",0.000,0.000,0.000,0.000,1.000,0,0,0,13,13,0,0,13,0.0,0,0,0.0,0.0,1.0
"F[0,0](Lactate <= 0.000 -> Alkalinephos >= 0.000)
",-0.302,-2.500,0.000,0.000,1.000,0,0,0,13,13,0,0,13,0.0,0,0,0.0,0.0,1.0
"F[1,1]((TroponinI >= 0.000 -> Potassium <= 1.834) & SepsisLabel <= 0.730)
",-1.834,-1.834,0.000,0.000,1.000,0,0,0,13,13,0,0,13,0.0,0,0,0.0,0.0,1.0
"F[0,1]((Potassium >= 0.142 -> BUN >= 0.314) -> Phosphate <= 14.549)
",-9999999.000,-9999999.000,0.000,0.000,1.000,0,0,0,13,13,0,0,13,0.0,0,0,0.0,0.0,1.0
"F[1,2](((Hgb <= 6.189 & PaCO2 >= 0.000) & O2Sat <= 0.000) & SBP >= 0.000)
",-9999999.000,-9999999.000,0.000,0.000,1.000,0,0,0,13,13,0,0,13,0.0,0,0,0.0,0.0,1.0
"F[1,2](Resp >= 5.762 -> Alkalinephos >= 0.000)
",-9999999.000,-9999999.000,0.000,0.000,1.000,0,0,0,13,13,0,0,13,0.0,0,0,0.0,0.0,1.0
"F[0,1](Fibrinogen >= 0.000 | Fibrinogen <= 0.000)
",-9999999.000,-9999999.000,0.000,0.000,1.000,0,0,0,13,13,0,0,13,0.0,0,0,0.0,0.0,1.0
"F[0,1]((Potassium <= 4.196 | SepsisLabel >= 0.000) -> Alkalinephos >= 0.000)
",-9999999.000,-9999999.000,0.000,0.000,1.000,0,0,0,13,13,0,0,13,0.0,0,0,0.0,0.0,1.0
"F[0,0]((Temp >= 6.197 -> Fibrinogen >= 0.000) -> pH <= 0.000)
",0.000,0.000,0.000,0.000,1.000,0,0,0,13,13,0,0,13,0.0,0,0,0.0,0.0,1.0
"F[0,0](HR >= 40.860 | BaseExcess >= 0.000)
",6842574188881785.000,24893.140,0.000,0.000,1.000,0,0,0,13,13,0,0,13,0.0,0,0,0.0,0.0,1.0
"F[2,2]((HR <= 65.562 -> TroponinI >= 0.000) | DBP <= 0.000)
",0.000,0.000,0.000,0.000,1.000,0,0,0,13,13,0,0,13,0.0,0,0,0.0,0.0,1.0
"F[0,2]((FiO2 >= 0.000 & PaCO2 <= 0.000) | EtCO2 <= 0.000)
",-9999999.000,-9999999.000,0.000,0.000,1.000,0,0,0,13,13,0,0,13,0.0,0,0,0.0,0.0,1.0
"F[0,2]((HCO3 >= 0.000 | Resp <= 15.257) -> Bilirubin_direct >= 8.572)
",-9999999.000,-9999999.000,0.000,0.000,1.000,0,0,0,13,13,0,0,13,0.0,0,0,0.0,0.0,1.0
"F[0,2](pH <= 0.000 | TroponinI <= 0.000)
",-9999999.000,-9999999.000,0.000,0.000,1.000,0,0,0,13,13,0,0,13,0.0,0,0,0.0,0.0,1.0
"F[1,2]((BUN <= 17.732 | BUN <= 24.402) | EtCO2 <= 1.553)
",-9999999.000,-9999999.000,0.000,0.000,1.000,0,0,0,13,13,0,0,13,0.0,0,0,0.0,0.0,1.0
"F[1,2](((FiO2 <= 0.000 | TroponinI >= 0.000) & Fibrinogen >= 0.000) & Lactate <= 0.000)
",-9999999.000,-9999999.000,0.000,0.000,1.000,0,0,0,13,13,0,0,13,0.0,0,0,0.0,0.0,1.0
"F[0,2](((Magnesium >= 0.027 | Creatinine >= 0.062) | Bilirubin_direct <= 0.198) & O2Sat >= 0.066)
",-9999999.000,-9999999.000,0.000,0.000,1.000,0,0,0,13,13,0,0,13,0.0,0,0,0.0,0.0,1.0
"F[0,1]((BUN >= 1.138 | SepsisLabel >= 0.000) & SepsisLabel >= 0.000)
",-9999999.000,-9999999.000,0.000,0.000,1.000,0,0,0,13,13,0,0,13,0.0,0,0,0.0,0.0,1.0
"F[1,2](TroponinI <= 0.000 | Lactate <= 0.000)
",-9999999.000,-9999999.000,0.000,0.000,1.000,0,0,0,13,13,0,0,13,0.0,0,0,0.0,0.0,1.0
"F[2,2](SBP >= 108.268 -> Alkalinephos <= 0.000)
",0.000,0.000,0.000,0.000,1.000,0,0,0,13,13,0,0,13,0.0,0,0,0.0,0.0,1.0
"F[2,2](Fibrinogen <= 0.000 -> Alkalinephos >= 0.000)
",0.000,0.000,0.000,0.000,1.000,0,0,0,13,13,0,0,13,0.0,0,0,0.0,0.0,1.0
"F[0,2]((PTT >= 0.000 | pH >= 0.000) & AST >= 0.000)
",-9999999.000,-9999999.000,0.000,0.000,1.000,0,0,0,13,13,0,0,13,0.0,0,0,0.0,0.0,1.0
"F[1,2]((SepsisLabel >= 0.000 | Phosphate >= 0.019) -> Hct >= 0.030)
",-9999999.000,-9999999.000,0.000,0.000,1.000,0,0,0,13,13,0,0,13,0.0,0,0,0.0,0.0,1.0
"((Creatinine >= 0.068) U[2,2] (Magnesium <= 1.190))
",5360362758093734.000,1.190,0.000,0.000,1.000,0,0,0,13,13,0,0,13,0.0,0,0,0.0,0.0,1.0
"F[1,2](((Magnesium <= 0.298 -> Bilirubin_total >= 0.000) -> Hct >= 0.000) & HCO3 >= 0.000)
",-9999999.000,-9999999.000,0.000,0.000,1.000,0,0,0,13,13,0,0,13,0.0,0,0,0.0,0.0,1.0
"F[1,2]((Chloride >= 0.000 | FiO2 <= 0.000) | AST >= 0.000)
",-9999999.000,-9999999.000,0.000,0.000,1.000,0,0,0,13,13,0,0,13,0.0,0,0,0.0,0.0,1.0
"((PTT >= 0.000) U[1,2] (Glucose >= 7.325))
",-9999999.000,-9999999.000,0.000,0.000,1.000,0,0,0,13,13,0,0,13,0.0,0,0,0.0,0.0,1.0
"F[1,2]((Chloride >= 0.000 & Magnesium <= 1.110) | AST <= 0.697)
",-9999999.000,-9999999.000,0.000,0.000,1.000,0,0,0,13,13,0,0,13,0.0,0,0,0.0,0.0,1.0
"F[0,2]((Chloride >= 0.000 & Hct >= 4.406) -> Fibrinogen >= 0.762)
",-9999999.000,-9999999.000,0.000,0.000,1.000,0,0,0,13,13,0,0,13,0.0,0,0,0.0,0.0,1.0
"F[0,2](BUN <= 12.597 -> SaO2 >= 0.000)
",-9999999.000,-9999999.000,0.000,0.000,1.000,0,0,0,13,13,0,0,13,0.0,0,0,0.0,0.0,1.0
"F[1,1](((BaseExcess <= 0.000 & BUN <= 9.202) -> TroponinI <= 18.135) -> O2Sat >= 0.199)
",7155350736090711.000,0.199,0.000,0.000,1.000,0,0,0,13,13,0,0,13,0.0,0,0,0.0,0.0,1.0
"((Glucose >= 17.989) U[0,1] (HCO3 >= 0.000))
",-9999999.000,-9999999.000,0.000,0.000,1.000,0,0,0,13,13,0,0,13,0.0,0,0,0.0,0.0,1.0
"F[0,2](TroponinI <= 0.000 -> BUN <= 12.042)
",-9999999.000,-9999999.000,0.000,0.000,1.000,0,0,0,13,13,0,0,13,0.0,0,0,0.0,0.0,1.0
"F[0,2]((BUN <= 16.785 -> Platelets >= 5.939) | Bilirubin_direct >= 4.508)
",-9999999.000,-9999999.000,0.000,0.000,1.000,0,0,0,13,13,0,0,13,0.0,0,0,0.0,0.0,1.0
"F[1,1](HR <= 66.522 | SepsisLabel <= 0.000)
",4681045665184375.000,66.522,0.000,0.000,1.000,0,0,0,13,13,0,0,13,0.0,0,0,0.0,0.0,1.0
"F[0,1]((HR >= 22.607 | SBP >= 96.424) & Hct <= 131.280)
",-9999999.000,-9999999.000,0.000,0.000,1.000,0,0,0,13,13,0,0,13,0.0,0,0,0.0,0.0,1.0
"F[0,0](((Fibrinogen <= 0.000 -> Alkalinephos <= 0.000) -> pH >= 0.000) & Alkalinephos >= 0.000)
",-0.302,-0.708,0.000,0.000,1.000,0,0,0,13,13,0,0,13,0.0,0,0,0.0,0.0,1.0
"F[1,2](Calcium >= 0.261 | MAP <= 71.478)
",-9999999.000,-9999999.000,0.000,0.000,1.000,0,0,0,13,13,0,0,13,0.0,0,0,0.0,0.0,1.0
"F[0,1](Lactate <= 0.000 & SBP <= 155.592)
",-9999999.000,-9999999.000,0.000,0.000,1.000,0,0,0,13,13,0,0,13,0.0,0,0,0.0,0.0,1.0
"F[0,1](Hgb <= 11.800 | Hct <= 9.527)
",-9999999.000,-9999999.000,0.000,0.000,1.000,0,0,0,13,13,0,0,13,0.0,0,0,0.0,0.0,1.0
"F[0,2]((Platelets <= 30.669 | Glucose <= 86.793) | HR >= 18.002)
",-9999999.000,-9999999.000,0.000,0.000,1.000,0,0,0,13,13,0,0,13,0.0,0,0,0.0,0.0,1.0
"F[2,2](HR >= 16.717 & O2Sat <= 87.259)
",-4705316445010829.000,-16.717,0.000,0.000,1.000,0,0,0,13,13,0,0,13,0.0,0,0,0.0,0.0,1.0
"F[0,2]((Creatinine >= 0.038 & Platelets >= 2.753) & BUN >= 1.008)
",-9999999.000,-9999999.000,0.000,0.000,1.000,0,0,0,13,13,0,0,13,0.0,0,0,0.0,0.0,1.0
"F[0,1](Temp <= 11.892 -> Magnesium <= 0.233)
",-9999999.000,-9999999.000,0.000,0.000,1.000,0,0,0,13,13,0,0,13,0.0,0,0,0.0,0.0,1.0
"F[0,1]((Bilirubin_total >= 0.000 & Alkalinephos <= 0.000) -> BUN <= 0.000)
",-9999999.000,-9999999.000,0.000,0.000,1.000,0,0,0,13,13,0,0,13,0.0,0,0,0.0,0.0,1.0
"F[1,2]((pH >= 0.000 | SBP >= 54.671) | Glucose >= 40.013)
",-9999999.000,-9999999.000,0.000,0.000,1.000,0,0,0,13,13,0,0,13,0.0,0,0,0.0,0.0,1.0
"F[1,2]((SepsisLabel >= 0.000 -> Magnesium <= 1.788) | WBC <= 0.085)
",-9999999.000,-9999999.000,0.000,0.000,1.000,0,0,0,13,13,0,0,13,0.0,0,0,0.0,0.0,1.0
"F[0,1](SepsisLabel <= 0.000 & pH <= 0.000)
",-9999999.000,-9999999.000,0.000,0.000,1.000,0,0,0,13,13,0,0,13,0.0,0,0,0.0,0.0,1.0
"((FiO2 >= 0.000) U[0,2] (DBP >= 15.713))
",-9999999.000,-9999999.000,0.000,0.000,1.000,0,0,0,13,13,0,0,13,0.0,0,0,0.0,0.0,1.0
"((FiO2 <= 0.000) U[0,2] (Lactate <= 0.000))
",-9999999.000,-9999999.000,0.000,0.000,1.000,0,0,0,13,13,0,0,13,0.0,0,0,0.0,0.0,1.0
"F[1,2](((Temp >= 3.166 & O2Sat >= 66.677) -> AST <= 94.403) & FiO2 <= 96.934)
",-9999999.000,-9999999.000,0.000,0.000,1.000,0,0,0,13,13,0,0,13,0.0,0,0,0.0,0.0,1.0
"F[1,2](Fibrinogen <= 0.000 & EtCO2 <= 0.000)
",-9999999.000,-9999999.000,0.000,0.000,1.000,0,0,0,13,13,0,0,13,0.0,0,0,0.0,0.0,1.0
"F[0,2](MAP <= 70.935 & Calcium <= 1.309)
",-9999999.000,-9999999.000,0.000,0.000,1.000,0,0,0,13,13,0,0,13,0.0,0,0,0.0,0.0,1.0
"F[1,2](HCO3 <= 0.000 | DBP >= 16.715)
",-9999999.000,-9999999.000,0.000,0.000,1.000,0,0,0,13,13,0,0,13,0.0,0,0,0.0,0.0,1.0
"F[1,2]((SBP >= 77.674 -> HR <= 60.870) -> Phosphate >= 16.150)
",-9999999.000,-9999999.000,0.000,0.000,1.000,0,0,0,13,13,0,0,13,0.0,0,0,0.0,0.0,1.0
"F[0,2](Hgb >= 1.506 & PTT <= 0.000)
",-9999999.000,-9999999.000,0.000,0.000,1.000,0,0,0,13,13,0,0,13,0.0,0,0,0.0,0.0,1.0
"F[0,1]((Glucose >= 28.937 -> Chloride >= 0.000) | PaCO2 <= 0.000)
",-9999999.000,-9999999.000,0.000,0.000,1.000,0,0,0,13,13,0,0,13,0.0,0,0,0.0,0.0,1.0
"F[1,2](O2Sat <= 95.804 -> SBP <= 170.435)
",-9999999.000,-9999999.000,0.000,0.000,1.000,0,0,0,13,13,0,0,13,0.0,0,0,0.0,0.0,1.0
"F[0,1]((BUN <= 19.615 | Alkalinephos >= 0.000) & Fibrinogen >= 0.000)
",-9999999.000,-9999999.000,0.000,0.000,1.000,0,0,0,13,13,0,0,13,0.0,0,0,0.0,0.0,1.0
"F[1,2]((Hct <= 8.275 -> Phosphate <= 3.110) -> pH >= 0.131)
",-9999999.000,-9999999.000,0.000,0.000,1.000,0,0,0,13,13,0,0,13,0.0,0,0,0.0,0.0,1.0
"F[0,1](((PaCO2 <= 0.000 & PTT >= 0.000) -> Calcium >= 0.000) & Lactate <= 0.000)
",-9999999.000,-9999999.000,0.000,0.000,1.000,0,0,0,13,13,0,0,13,0.0,0,0,0.0,0.0,1.0
"F[2,2](((Chloride <= 0.000 & Alkalinephos <= 0.000) & Hct >= 0.000) | Hgb <= 0.000)
",0.000,0.000,0.000,0.000,1.000,0,0,0,13,13,0,0,13,0.0,0,0,0.0,0.0,1.0
"((SaO2 <= 0.000) U[2,2] (Alkalinephos <= 0.000))
",0.000,0.000,0.000,0.000,1.000,0,0,0,13,13,0,0,13,0.0,0,0,0.0,0.0,1.0
"F[1,2]((MAP >= 48.967 | TroponinI >= 0.000) -> Calcium <= 0.000)
",-9999999.000,-9999999.000,0.000,0.000,1.000,0,0,0,13,13,0,0,13,0.0,0,0,0.0,0.0,1.0
"F[0,1](Potassium <= 3.015 -> Lactate <= 0.000)
",-9999999.000,-9999999.000,0.000,0.000,1.000,0,0,0,13,13,0,0,13,0.0,0,0,0.0,0.0,1.0
"((EtCO2 >= 0.000) U[0,2] (Potassium <= 2.139))
",-9999999.000,-9999999.000,0.000,0.000,1.000,0,0,0,13,13,0,0,13,0.0,0,0,0.0,0.0,1.0
"F[0,2](((Magnesium <= 0.837 -> TroponinI >= 0.000) & Platelets >= 0.000) -> Creatinine <= 0.000)
",-9999999.000,-9999999.000,0.000,0.000,1.000,0,0,0,13,13,0,0,13,0.0,0,0,0.0,0.0,1.0
"((O2Sat <= 88.862) U[0,0] (PaCO2 >= 0.000))
",1.644,29.654,0.000,0.000,1.000,0,0,0,13,13,0,0,13,0.0,0,0,0.0,0.0,1.0
"F[1,2](Hgb <= 13.199 | SepsisLabel <= 0.000)
",-9999999.000,-9999999.000,0.000,0.000,1.000,0,0,0,13,13,0,0,13,0.0,0,0,0.0,0.0,1.0
"F[1,2](WBC <= 6.921 -> SepsisLabel <= 0.000)
",-9999999.000,-9999999.000,0.000,0.000,1.000,0,0,0,13,13,0,0,13,0.0,0,0,0.0,0.0,1.0
"((BUN >= 0.240) U[0,2] (Magnesium <= 1.716))
",-9999999.000,-9999999.000,0.000,0.000,1.000,0,0,0,13,13,0,0,13,0.0,0,0,0.0,0.0,1.0
"F[0,1](((HCO3 <= 0.000 & Hgb <= 4.765) | Chloride <= 12.990) | Resp <= 12.857)
",-9999999.000,-9999999.000,0.000,0.000,1.000,0,0,0,13,13,0,0,13,0.0,0,0,0.0,0.0,1.0
"F[0,0](((PTT <= 0.000 & Potassium <= 0.314) -> HCO3 <= 2.105) | Alkalinephos >= 0.035)
",0.297,2.465,0.000,0.000,1.000,0,0,0,13,13,0,0,13,0.0,0,0,0.0,0.0,1.0
"F[0,0]((BaseExcess <= 0.000 | HR >= 26.048) | SaO2 <= 62.115)
",24907.952,24907.952,0.000,0.000,1.000,0,0,0,13,13,0,0,13,0.0,0,0,0.0,0.0,1.0
"((Magnesium <= 0.903) U[0,2] (TroponinI <= 0.000))
",-9999999.000,-9999999.000,0.000,0.000,1.000,0,0,0,13,13,0,0,13,0.0,0,0,0.0,0.0,1.0
"F[1,2]((Potassium >= 0.080 | Calcium >= 0.113) -> AST <= 6.371)
",-9999999.000,-9999999.000,0.000,0.000,1.000,0,0,0,13,13,0,0,13,0.0,0,0,0.0,0.0,1.0
"F[0,1]((EtCO2 <= 0.000 & MAP >= 22.646) -> Bilirubin_total <= 69.661)
",-9999999.000,-9999999.000,0.000,0.000,1.000,0,0,0,13,13,0,0,13,0.0,0,0,0.0,0.0,1.0
"((Hgb <= 12.306) U[0,1] (Lactate >= 0.000))
",-9999999.000,-9999999.000,0.000,0.000,1.000,0,0,0,13,13,0,0,13,0.0,0,0,0.0,0.0,1.0
"F[1,2](((Temp >= 7.103 -> AST <= 0.000) | HR >= 0.000) -> PTT >= 0.000)
",-9999999.000,-9999999.000,0.000,0.000,1.000,0,0,0,13,13,0,0,13,0.0,0,0,0.0,0.0,1.0
"F[0,1]((BaseExcess >= 0.000 -> Lactate >= 0.000) & AST >= 0.000)
",-9999999.000,-9999999.000,0.000,0.000,1.000,0,0,0,13,13,0,0,13,0.0,0,0,0.0,0.0,1.0
"((TroponinI >= 0.000) U[0,0] (Lactate <= 0.000))
",0.000,0.000,0.000,0.000,1.000,0,0,0,13,13,0,0,13,0.0,0,0,0.0,0.0,1.0
"((BaseExcess <= 0.000) U[1,2] (Alkalinephos >= 0.000))
",-9999999.000,-9999999.000,0.000,0.000,1.000,0,0,0,13,13,0,0,13,0.0,0,0,0.0,0.0,1.0
"F[0,1]((Magnesium >= 0.034 & Chloride <= 0.000) | Phosphate <= 0.000)
",-9999999.000,-9999999.000,0.000,0.000,1.000,0,0,0,13,13,0,0,13,0.0,0,0,0.0,0.0,1.0
"F[0,2]((Temp <= 16.883 -> Lactate <= 0.000) | Phosphate <= 0.000)
",-9999999.000,-9999999.000,0.000,0.000,1.000,0,0,0,13,13,0,0,13,0.0,0,0,0.0,0.0,1.0
"((Calcium <= 3.328) U[0,1] (O2Sat >= 59.546))
",-9999999.000,-9999999.000,0.000,0.000,1.000,0,0,0,13,13,0,0,13,0.0,0,0,0.0,0.0,1.0
"F[0,1](((AST <= 0.000 -> Phosphate >= 0.123) -> Creatinine >= 0.039) | Bilirubin_direct >= 0.129)
",-9999999.000,-9999999.000,0.000,0.000,1.000,0,0,0,13,13,0,0,13,0.0,0,0,0.0,0.0,1.0
"F[0,0]((SaO2 >= 0.000 & HCO3 <= 0.000) & Bilirubin_direct >= 0.000)
",0.000,0.000,0.000,0.000,1.000,0,0,0,13,13,0,0,13,0.0,0,0,0.0,0.0,1.0
"F[0,1](((TroponinI <= 0.000 | Temp <= 22.433) & Phosphate >= 4.928) -> Magnesium >= 3.304)
",-9999999.000,-9999999.000,0.000,0.000,1.000,0,0,0,13,13,0,0,13,0.0,0,0,0.0,0.0,1.0
"F[1,2](((O2Sat <= 93.656 -> Hct <= 10.288) | Bilirubin_direct >= 4.160) & Platelets >= 4.325)
",-9999999.000,-9999999.000,0.000,0.000,1.000,0,0,0,13,13,0,0,13,0.0,0,0,0.0,0.0,1.0
"F[2,2](((Lactate >= 0.000 | HCO3 >= 0.000) & Bilirubin_total >= 0.000) & Creatinine <= 0.000)
",0.000,0.000,0.000,0.000,1.000,0,0,0,13,13,0,0,13,0.0,0,0,0.0,0.0,1.0
"((Lactate <= 0.000) U[0,2] (Chloride <= 0.000))
",-9999999.000,-9999999.000,0.000,0.000,1.000,0,0,0,13,13,0,0,13,0.0,0,0,0.0,0.0,1.0
"F[0,2]((HCO3 <= 0.000 & Hct >= 2.141) | HCO3 <= 22.570)
",-9999999.000,-9999999.000,0.000,0.000,1.000,0,0,0,13,13,0,0,13,0.0,0,0,0.0,0.0,1.0
"((EtCO2 >= 0.000) U[0,0] (BaseExcess <= 0.000))
",3.138,15.875,0.000,0.000,1.000,0,0,0,13,13,0,0,13,0.0,0,0,0.0,0.0,1.0
"((Magnesium >= 0.072) U[0,1] (SaO2 >= 0.000))
",-9999999.000,-9999999.000,0.000,0.000,1.000,0,0,0,13,13,0,0,13,0.0,0,0,0.0,0.0,1.0
"F[2,2](FiO2 >= 0.000 & Potassium <= 2.232)
",0.000,0.000,0.000,0.000,1.000,0,0,0,13,13,0,0,13,0.0,0,0,0.0,0.0,1.0
"((SepsisLabel >= 0.000) U[1,2] (Temp <= 13.276))
",-9999999.000,-9999999.000,0.000,0.000,1.000,0,0,0,13,13,0,0,13,0.0,0,0,0.0,0.0,1.0
"F[0,2](Temp <= 11.634 & DBP <= 54.260)
",-9999999.000,-9999999.000,0.000,0.000,1.000,0,0,0,13,13,0,0,13,0.0,0,0,0.0,0.0,1.0
"F[1,2]((Chloride >= 0.000 -> Chloride <= 0.000) -> MAP <= 0.000)
",-9999999.000,-9999999.000,0.000,0.000,1.000,0,0,0,13,13,0,0,13,0.0,0,0,0.0,0.0,1.0
"F[1,2](Creatinine <= 0.107 | SaO2 >= 0.000)
",-9999999.000,-9999999.000,0.000,0.000,1.000,0,0,0,13,13,0,0,13,0.0,0,0,0.0,0.0,1.0
"((HR <= 68.544) U[2,2] (Resp <= 17.841))
",4823347861707831.000,68.544,0.000,0.000,1.000,0,0,0,13,13,0,0,13,0.0,0,0,0.0,0.0,1.0
"F[0,1](((BaseExcess >= 0.000 -> EtCO2 >= 0.000) -> Bilirubin_direct <= 0.000) & BaseExcess <= 0.000)
",-9999999.000,-9999999.000,0.000,0.000,1.000,0,0,0,13,13,0,0,13,0.0,0,0,0.0,0.0,1.0
"F[0,2](((Chloride >= 0.000 & FiO2 >= 0.000) | EtCO2 >= 0.000) -> PaCO2 <= 0.000)
",-9999999.000,-9999999.000,0.000,0.000,1.000,0,0,0,13,13,0,0,13,0.0,0,0,0.0,0.0,1.0
"F[2,2](TroponinI >= 0.000 -> BUN >= 0.718)
",0.000,0.000,0.000,0.000,1.000,0,0,0,13,13,0,0,13,0.0,0,0,0.0,0.0,1.0
"F[2,2](PaCO2 <= 0.000 -> WBC >= 0.178)
",0.000,0.000,0.000,0.000,1.000,0,0,0,13,13,0,0,13,0.0,0,0,0.0,0.0,1.0
"F[0,1](((Chloride <= 0.000 | FiO2 <= 0.000) & BUN <= 0.000) -> Chloride <= 0.000)
",-9999999.000,-9999999.000,0.000,0.000,1.000,0,0,0,13,13,0,0,13,0.0,0,0,0.0,0.0,1.0
"F[0,2]((TroponinI >= 0.000 | BUN >= 0.009) | HR <= 15.844)
",-9999999.000,-9999999.000,0.000,0.000,1.000,0,0,0,13,13,0,0,13,0.0,0,0,0.0,0.0,1.0
"F[0,1](((DBP <= 54.987 -> Chloride >= 0.000) & Lactate >= 0.000) -> AST <= 0.000)
",-9999999.000,-9999999.000,0.000,0.000,1.000,0,0,0,13,13,0,0,13,0.0,0,0,0.0,0.0,1.0
"F[1,2](((HR <= 65.022 | DBP >= 14.809) & Phosphate <= 54.775) & Hct <= 39.906)
",-9999999.000,-9999999.000,0.000,0.000,1.000,0,0,0,13,13,0,0,13,0.0,0,0,0.0,0.0,1.0
"F[2,2]((AST <= 0.000 | TroponinI >= 0.000) -> SBP <= 0.000)
",0.000,0.000,0.000,0.000,1.000,0,0,0,13,13,0,0,13,0.0,0,0,0.0,0.0,1.0
"F[1,2](((Alkalinephos <= 0.000 | Chloride <= 0.000) & Fibrinogen >= 0.000) & WBC <= 0.000)
",-9999999.000,-9999999.000,0.000,0.000,1.000,0,0,0,13,13,0,0,13,0.0,0,0,0.0,0.0,1.0
"F[0,1](((Bilirubin_direct >= 0.000 -> Glucose >= 3.796) & SepsisLabel <= 51.197) -> Creatinine >= 5.316)
",-9999999.000,-9999999.000,0.000,0.000,1.000,0,0,0,13,13,0,0,13,0.0,0,0,0.0,0.0,1.0
"F[0,1]((MAP >= 19.716 | SBP <= 142.446) | Temp <= 165.838)
",-9999999.000,-9999999.000,0.000,0.000,1.000,0,0,0,13,13,0,0,13,0.0,0,0,0.0,0.0,1.0
"F[0,0](PTT >= 0.000 | EtCO2 >= 0.000)
",3.138,15.875,0.000,0.000,1.000,0,0,0,13,13,0,0,13,0.0,0,0,0.0,0.0,1.0
"F[2,2](PTT <= 0.000 -> pH <= 0.000)
",0.000,0.000,0.000,0.000,1.000,0,0,0,13,13,0,0,13,0.0,0,0,0.0,0.0,1.0
"F[2,2](((Calcium <= 2.655 | TroponinI >= 0.000) -> Lactate <= 0.000) & Potassium <= 0.000)
",-2.655,-2.655,0.000,0.000,1.000,0,0,0,13,13,0,0,13,0.0,0,0,0.0,0.0,1.0
"F[0,1](Magnesium <= 1.816 -> HR >= 14.987)
",-9999999.000,-9999999.000,0.000,0.000,1.000,0,0,0,13,13,0,0,13,0.0,0,0,0.0,0.0,1.0
"((WBC <= 3.653) U[0,2] (PaCO2 <= 0.000))
",-9999999.000,-9999999.000,0.000,0.000,1.000,0,0,0,13,13,0,0,13,0.0,0,0,0.0,0.0,1.0
"F[0,0](O2Sat >= 86.374 | AST <= 0.000)
",0.000,0.000,0.000,0.000,1.000,0,0,0,13,13,0,0,13,0.0,0,0,0.0,0.0,1.0
"F[1,2](HR <= 64.640 & PaCO2 >= 0.000)
",-9999999.000,-9999999.000,0.000,0.000,1.000,0,0,0,13,13,0,0,13,0.0,0,0,0.0,0.0,1.0
"((WBC <= 1.067) U[0,2] (HR >= 24.750))
",-9999999.000,-9999999.000,0.000,0.000,1.000,0,0,0,13,13,0,0,13,0.0,0,0,0.0,0.0,1.0
"F[2,2](Glucose >= 14.691 -> SepsisLabel = 0.000)
",0.000,0.000,0.000,0.000,1.000,0,0,0,13,13,0,0,13,0.0,0,0,0.0,0.0,1.0
"((TroponinI <= 0.000) U[0,1] (SepsisLabel = 0.000))
",-9999999.000,-9999999.000,0.000,0.000,1.000,0,0,0,13,13,0,0,13,0.0,0,0,0.0,0.0,1.0
"((Platelets <= 134.989) U[0,0] (SepsisLabel = 0.000))
",4749488457135863.000,134.989,0.000,0.000,1.000,0,0,0,13,13,0,0,13,0.0,0,0,0.0,0.0,1.0
"((Hct > 0.935) U[0,1] (SepsisLabel = 0.000))
",-9999999.000,-9999999.000,0.000,0.000,1.000,0,0,0,13,13,0,0,13,0.0,0,0,0.0,0.0,1.0
"((Glucose > 7.935) U[0,1] (SepsisLabel = 0.000))
",-9999999.000,-9999999.000,0.000,0.000,1.000,0,0,0,13,13,0,0,13,0.0,0,0,0.0,0.0,1.0
"((BaseExcess >= 0.000) U[0,2] (SepsisLabel = 0.000))
",-9999999.000,-9999999.000,0.000,0.000,1.000,0,0,0,13,13,0,0,13,0.0,0,0,0.0,0.0,1.0
"((SaO2 < 0.000) U[0,1] (SepsisLabel = 0.000))
",-9999999.000,-9999999.000,0.000,0.000,1.000,0,0,0,13,13,0,0,13,0.0,0,0,0.0,0.0,1.0
"F[1,2](Lactate <= 0.000 -> SepsisLabel = 0.000)
",-9999999.000,-9999999.000,0.000,0.000,1.000,0,0,0,13,13,0,0,13,0.0,0,0,0.0,0.0,1.0
"((Platelets >= 5.629) U[2,2] (SepsisLabel = 0.000))
",0.000,0.000,0.000,0.000,1.000,0,0,0,13,13,0,0,13,0.0,0,0,0.0,0.0,1.0
"F[0,2](Hgb <= 9.771 & WBC >= 0.223)
",-9999999.000,-9999999.000,0.000,0.000,1.000,0,0,0,13,13,0,0,13,0.0,0,0,0.0,0.0,1.0
"((DBP < 40.244) U[0,0] (SepsisLabel = 0.000))
",0.061,0.874,0.000,0.000,1.000,0,0,0,13,13,0,0,13,0.0,0,0,0.0,0.0,1.0
"((PaCO2 > 0.000) U[0,2] (SepsisLabel = 0.000))
",-9999999.000,-9999999.000,0.000,0.000,1.000,0,0,0,13,13,0,0,13,0.0,0,0,0.0,0.0,1.0
"((SBP <= 134.528) U[0,2] (SepsisLabel = 0.000))
",-9999999.000,-9999999.000,0.000,0.000,1.000,0,0,0,13,13,0,0,13,0.0,0,0,0.0,0.0,1.0
"F[0,2](BaseExcess < 0.000 -> SepsisLabel = 0.000)
",-9999999.000,-9999999.000,0.000,0.000,1.000,0,0,0,13,13,0,0,13,0.0,0,0,0.0,0.0,1.0
"((Alkalinephos < 0.000) U[0,0] (SepsisLabel = 0.000))
",-0.302,-2.500,0.000,0.000,1.000,0,0,0,13,13,0,0,13,0.0,0,0,0.0,0.0,1.0
"F[1,2](Phosphate > 0.031 -> SepsisLabel = 0.000)
",-9999999.000,-9999999.000,0.000,0.000,1.000,0,0,0,13,13,0,0,13,0.0,0,0,0.0,0.0,1.0
"((Hct > 2.952) U[0,1] (SepsisLabel = 0.000))
",-9999999.000,-9999999.000,0.000,0.000,1.000,0,0,0,13,13,0,0,13,0.0,0,0,0.0,0.0,1.0
"F[0,1](Platelets > 6.430 -> SepsisLabel = 0.000)
",-9999999.000,-9999999.000,0.000,0.000,1.000,0,0,0,13,13,0,0,13,0.0,0,0,0.0,0.0,1.0
"F[0,2](DBP >= 0.164 -> SepsisLabel = 0.000)
",-9999999.000,-9999999.000,0.000,0.000,1.000,0,0,0,13,13,0,0,13,0.0,0,0,0.0,0.0,1.0
"F[1,2](SaO2 < 0.000 & SepsisLabel = 0.000)
",-9999999.000,-9999999.000,0.000,0.000,1.000,0,0,0,13,13,0,0,13,0.0,0,0,0.0,0.0,1.0
"((Calcium <= 7.295) U[0,1] (SepsisLabel = 0.000))
",-9999999.000,-9999999.000,0.000,0.000,1.000,0,0,0,13,13,0,0,13,0.0,0,0,0.0,0.0,1.0
"F[0,1]((HR <= 62.968 -> SBP <= 166.834) -> AST <= 136.325)
",-9999999.000,-9999999.000,0.000,0.000,1.000,0,0,0,13,13,0,0,13,0.0,0,0,0.0,0.0,1.0
"F[1,2]((O2Sat <= 87.538 -> SBP >= 59.089) & FiO2 <= 149.989)
",-9999999.000,-9999999.000,0.000,0.000,1.000,0,0,0,13,13,0,0,13,0.0,0,0,0.0,0.0,1.0
"((HR <= 67.194) U[0,2] (Resp <= 15.696))
",-9999999.000,-9999999.000,0.000,0.000,1.000,0,0,0,13,13,0,0,13,0.0,0,0,0.0,0.0,1.0
"F[2,2](O2Sat >= 34.447 & Resp <= 17.754)
",-34.447,-34.447,0.000,0.000,1.000,0,0,0,13,13,0,0,13,0.0,0,0,0.0,0.0,1.0
"F[1,1](Resp >= 13.433 -> SBP >= 40.199)
",7562363634757007.000,13.433,0.000,0.000,1.000,0,0,0,13,13,0,0,13,0.0,0,0,0.0,0.0,1.0
"F[0,1](HR <= 69.825 -> MAP >= 56.060)
",-9999999.000,-9999999.000,0.000,0.000,1.000,0,0,0,13,13,0,0,13,0.0,0,0,0.0,0.0,1.0
"F[1,2](MAP >= 22.803 -> O2Sat <= 94.718)
",-9999999.000,-9999999.000,0.000,0.000,1.000,0,0,0,13,13,0,0,13,0.0,0,0,0.0,0.0,1.0
"F[0,2]((Phosphate <= 3.230 & Platelets <= 39.303) -> Magnesium >= 2.576)
",-9999999.000,-9999999.000,0.000,0.000,1.000,0,0,0,13,13,0,0,13,0.0,0,0,0.0,0.0,1.0
"F[2,2](Calcium >= 0.250 & Phosphate <= 0.353)
",-8994173558119425.000,-0.250,0.000,0.000,1.000,0,0,0,13,13,0,0,13,0.0,0,0,0.0,0.0,1.0
"F[2,2]((BUN <= 14.081 & Magnesium <= 0.991) & FiO2 >= 0.039)
",-0.039,-0.039,0.000,0.000,1.000,0,0,0,13,13,0,0,13,0.0,0,0,0.0,0.0,1.0
"F[2,2](Creatinine >= 0.019 -> Magnesium >= 0.024)
",5436311211058509.000,0.019,0.000,0.000,1.000,0,0,0,13,13,0,0,13,0.0,0,0,0.0,0.0,1.0
"F[0,2]((Calcium <= 0.497 | Magnesium >= 0.005) | BaseExcess >= 0.045)
",-9999999.000,-9999999.000,0.000,0.000,1.000,0,0,0,13,13,0,0,13,0.0,0,0,0.0,0.0,1.0
"F[2,2](Resp < 17.058 -> SepsisLabel = 0.000)
",-4801329838595393.000,-17.058,0.000,0.000,1.000,0,0,0,13,13,0,0,13,0.0,0,0,0.0,0.0,1.0
"F[1,2](Hct > 3.380 & SepsisLabel = 0.000)
",-9999999.000,-9999999.000,0.000,0.000,1.000,0,0,0,13,13,0,0,13,0.0,0,0,0.0,0.0,1.0
"((Hct <= 31.987) U[2,2] (SepsisLabel = 0.000))
",4501822906724906.500,31.987,0.000,0.000,1.000,0,0,0,13,13,0,0,13,0.0,0,0,0.0,0.0,1.0
"((Fibrinogen <= 0.000) U[0,2] (SepsisLabel = 0.000))
",-9999999.000,-9999999.000,0.000,0.000,1.000,0,0,0,13,13,0,0,13,0.0,0,0,0.0,0.0,1.0
"F[0,2](Glucose > 25.286 -> SepsisLabel = 0.000)
",-9999999.000,-9999999.000,0.000,0.000,1.000,0,0,0,13,13,0,0,13,0.0,0,0,0.0,0.0,1.0
"F[0,1](BaseExcess < 0.000 -> SepsisLabel = 0.000)
",-9999999.000,-9999999.000,0.000,0.000,1.000,0,0,0,13,13,0,0,13,0.0,0,0,0.0,0.0,1.0
"F[1,1](((Calcium < 4.553 & Potassium < 3.079) & Magnesium < 1.619) & Phosphate < 2.380)
",1.619,1.619,0.000,0.000,1.000,0,0,0,13,13,0,0,13,0.0,0,0,0.0,0.0,1.0
"F[0,1](Hgb <= 8.246 | Hct <= 40.343)
",-9999999.000,-9999999.000,0.000,0.000,1.000,0,0,0,13,13,0,0,13,0.0,0,0,0.0,0.0,1.0
"((MAP >= 35.031) U[0,1] (SBP <= 157.179))
",-9999999.000,-9999999.000,0.000,0.000,1.000,0,0,0,13,13,0,0,13,0.0,0,0,0.0,0.0,1.0
"F[2,2]((Phosphate >= 0.020 & Magnesium > 0.073) -> Calcium < 5.148)
",-5796693518359597.000,-5.148,0.000,0.000,1.000,0,0,0,13,13,0,0,13,0.0,0,0,0.0,0.0,1.0
"F[2,2](((Calcium < 6.156 & Potassium < 3.958) & Magnesium < 0.899) & Phosphate < 0.435)
",3916147400282733.500,0.435,0.000,0.000,1.000,0,0,0,13,13,0,0,13,0.0,0,0,0.0,0.0,1.0
"F[0,1](Hgb <= 2.815 | Hct <= 39.186)
",-9999999.000,-9999999.000,0.000,0.000,1.000,0,0,0,13,13,0,0,13,0.0,0,0,0.0,0.0,1.0
"F[0,2]((Phosphate >= 0.007 & Magnesium > 0.031) -> Calcium < 4.335)
",-9999999.000,-9999999.000,0.000,0.000,1.000,0,0,0,13,13,0,0,13,0.0,0,0,0.0,0.0,1.0
"F[1,1](((Calcium < 4.915 & Potassium < 2.370) & Magnesium < 1.673) & Phosphate < 0.753)
",6779302992325603.000,0.753,0.000,0.000,1.000,0,0,0,13,13,0,0,13,0.0,0,0,0.0,0.0,1.0
"F[0,2]((Calcium <= 6.227 & Potassium <= 0.376) & Magnesium >= 0.050)
",-9999999.000,-9999999.000,0.000,0.000,1.000,0,0,0,13,13,0,0,13,0.0,0,0,0.0,0.0,1.0
"F[1,2](Hgb <= 7.372 | Hct <= 6.677)
",-9999999.000,-9999999.000,0.000,0.000,1.000,0,0,0,13,13,0,0,13,0.0,0,0,0.0,0.0,1.0
"((MAP >= 31.667) U[0,2] (SBP <= 148.699))
",-9999999.000,-9999999.000,0.000,0.000,1.000,0,0,0,13,13,0,0,13,0.0,0,0,0.0,0.0,1.0
"F[1,2]((Phosphate >= 0.058 & Magnesium > 0.015) -> Calcium < 0.701)
",-9999999.000,-9999999.000,0.000,0.000,1.000,0,0,0,13,13,0,0,13,0.0,0,0,0.0,0.0,1.0
"F[1,2](((Calcium < 5.138 & Potassium < 1.801) & Magnesium < 1.701) & Phosphate < 0.611)
",-9999999.000,-9999999.000,0.000,0.000,1.000,0,0,0,13,13,0,0,13,0.0,0,0,0.0,0.0,1.0
"F[1,2](Hgb <= 11.255 | Hct <= 13.100)
",-9999999.000,-9999999.000,0.000,0.000,1.000,0,0,0,13,13,0,0,13,0.0,0,0,0.0,0.0,1.0
"F[1,2]((Phosphate >= 0.026 & Magnesium > 0.072) -> Calcium < 1.919)
",-9999999.000,-9999999.000,0.000,0.000,1.000,0,0,0,13,13,0,0,13,0.0,0,0,0.0,0.0,1.0
"F[0,2](((Calcium < 5.596 & Potassium < 3.866) & Magnesium < 1.129) & Phosphate < 2.262)
",-9999999.000,-9999999.000,0.000,0.000,1.000,0,0,0,13,13,0,0,13,0.0,0,0,0.0,0.0,1.0
"F[1,2]((Calcium <= 3.804 & Potassium <= 1.185) & Magnesium >= 0.018)
",-9999999.000,-9999999.000,0.000,0.000,1.000,0,0,0,13,13,0,0,13,0.0,0,0,0.0,0.0,1.0
"F[0,1]((Phosphate >= 0.004 & Magnesium > 0.051) -> Calcium < 2.886)
",-9999999.000,-9999999.000,0.000,0.000,1.000,0,0,0,13,13,0,0,13,0.0,0,0,0.0,0.0,1.0
"((MAP >= 32.393) U[0,2] (SBP <= 140.125))
",-9999999.000,-9999999.000,0.000,0.000,1.000,0,0,0,13,13,0,0,13,0.0,0,0,0.0,0.0,1.0
"F[0,1](Hgb <= 11.915 | Hct <= 29.499)
",-9999999.000,-9999999.000,0.000,0.000,1.000,0,0,0,13,13,0,0,13,0.0,0,0,0.0,0.0,1.0
"F[0,2]((Phosphate >= 0.110 & Magnesium > 0.036) -> Calcium < 1.528)
",-9999999.000,-9999999.000,0.000,0.000,1.000,0,0,0,13,13,0,0,13,0.0,0,0,0.0,0.0,1.0
"F[2,2](((Calcium < 1.443 & Potassium < 1.176) & Magnesium < 1.096) & Phosphate < 0.244)
",4397812779680978.500,0.244,0.000,0.000,1.000,0,0,0,13,13,0,0,13,0.0,0,0,0.0,0.0,1.0
"F[1,2](Hgb <= 2.540 | Hct <= 35.703)
",-9999999.000,-9999999.000,0.000,0.000,1.000,0,0,0,13,13,0,0,13,0.0,0,0,0.0,0.0,1.0
"F[1,2]((Phosphate >= 0.025 & Magnesium > 0.060) -> Calcium < 5.446)
",-9999999.000,-9999999.000,0.000,0.000,1.000,0,0,0,13,13,0,0,13,0.0,0,0,0.0,0.0,1.0
"F[0,2](((Calcium < 3.754 & Potassium < 1.397) & Magnesium < 0.398) & Phosphate < 1.268)
",-9999999.000,-9999999.000,0.000,0.000,1.000,0,0,0,13,13,0,0,13,0.0,0,0,0.0,0.0,1.0
"F[0,1](Hgb <= 4.979 | Hct <= 18.824)
",-9999999.000,-9999999.000,0.000,0.000,1.000,0,0,0,13,13,0,0,13,0.0,0,0,0.0,0.0,1.0
"((MAP >= 16.821) U[0,2] (SBP <= 149.939))
",-9999999.000,-9999999.000,0.000,0.000,1.000,0,0,0,13,13,0,0,13,0.0,0,0,0.0,0.0,1.0
"F[1,2]((Phosphate >= 0.019 & Magnesium > 0.038) -> Calcium < 0.806)
",-9999999.000,-9999999.000,0.000,0.000,1.000,0,0,0,13,13,0,0,13,0.0,0,0,0.0,0.0,1.0
"F[0,2](Hgb <= 10.129 | Hct <= 24.871)
",-9999999.000,-9999999.000,0.000,0.000,1.000,0,0,0,13,13,0,0,13,0.0,0,0,0.0,0.0,1.0
"F[0,1]((Phosphate >= 0.058 & Magnesium > 0.024) -> Calcium < 8.148)
",-9999999.000,-9999999.000,0.000,0.000,1.000,0,0,0,13,13,0,0,13,0.0,0,0,0.0,0.0,1.0
"F[0,1](((Calcium < 4.687 & Potassium < 3.154) & Magnesium < 1.037) & Phosphate < 0.267)
",-9999999.000,-9999999.000,0.000,0.000,1.000,0,0,0,13,13,0,0,13,0.0,0,0,0.0,0.0,1.0
"F[1,2]((Calcium <= 5.147 & Potassium <= 2.473) & Magnesium >= 0.016)
",-9999999.000,-9999999.000,0.000,0.000,1.000,0,0,0,13,13,0,0,13,0.0,0,0,0.0,0.0,1.0
"F[0,1](Hgb <= 2.519 | Hct <= 4.899)
",-9999999.000,-9999999.000,0.000,0.000,1.000,0,0,0,13,13,0,0,13,0.0,0,0,0.0,0.0,1.0
"F[0,2]((Phosphate >= 0.065 & Magnesium > 0.024) -> Calcium < 1.364)
",-9999999.000,-9999999.000,0.000,0.000,1.000,0,0,0,13,13,0,0,13,0.0,0,0,0.0,0.0,1.0
"F[0,2](((Calcium < 7.483 & Potassium < 2.377) & Magnesium < 0.946) & Phosphate < 3.216)
",-9999999.000,-9999999.000,0.000,0.000,1.000,0,0,0,13,13,0,0,13,0.0,0,0,0.0,0.0,1.0
"F[2,2](((DBP >= 18.682 | HR <= 60.823) -> PaCO2 >= 52.854) | pH <= 64.575)
",4544044572435678.000,64.575,0.000,0.000,1.000,0,0,0,13,13,0,0,13,0.0,0,0,0.0,0.0,1.0
"F[0,1]((Hct <= 22.281 -> WBC <= 4.774) | Chloride <= 8.317)
",-9999999.000,-9999999.000,0.000,0.000,1.000,0,0,0,13,13,0,0,13,0.0,0,0,0.0,0.0,1.0
"((HR <= 70.085) U[2,2] (SBP >= 111.980))
",4931814760729273.000,70.085,0.000,0.000,1.000,0,0,0,13,13,0,0,13,0.0,0,0,0.0,0.0,1.0
"F[0,2](((SepsisLabel >= 0.000 & Bilirubin_direct >= 0.000) | Chloride <= 0.000) | PTT <= 0.000)
",-9999999.000,-9999999.000,0.000,0.000,1.000,0,0,0,13,13,0,0,13,0.0,0,0,0.0,0.0,1.0
"((FiO2 <= 0.000) U[0,2] (SepsisLabel <= 0.000))
",-9999999.000,-9999999.000,0.000,0.000,1.000,0,0,0,13,13,0,0,13,0.0,0,0,0.0,0.0,1.0
"F[1,2]((SBP >= 39.289 & Glucose <= 41.126) & WBC <= 118.164)
",-9999999.000,-9999999.000,0.000,0.000,1.000,0,0,0,13,13,0,0,13,0.0,0,0,0.0,0.0,1.0
"((Chloride >= 0.000) U[2,2] (BaseExcess >= 0.000))
",0.000,0.000,0.000,0.000,1.000,0,0,0,13,13,0,0,13,0.0,0,0,0.0,0.0,1.0
"F[1,2](Resp <= 18.099 | SBP >= 51.744)
",-9999999.000,-9999999.000,0.000,0.000,1.000,0,0,0,13,13,0,0,13,0.0,0,0,0.0,0.0,1.0
"((Hct <= 23.541) U[1,2] (Magnesium >= 0.025))
",-9999999.000,-9999999.000,0.000,0.000,1.000,0,0,0,13,13,0,0,13,0.0,0,0,0.0,0.0,1.0
"F[1,2](((BUN <= 24.147 | HR >= 19.490) & SaO2 >= 24.565) | Creatinine <= 67.887)
",-9999999.000,-9999999.000,0.000,0.000,1.000,0,0,0,13,13,0,0,13,0.0,0,0,0.0,0.0,1.0
"((HR <= 62.065) U[0,2] (Magnesium >= 0.031))
",-9999999.000,-9999999.000,0.000,0.000,1.000,0,0,0,13,13,0,0,13,0.0,0,0,0.0,0.0,1.0
"((Bilirubin_total <= 0.000) U[0,2] (Resp <= 17.207))
",-9999999.000,-9999999.000,0.000,0.000,1.000,0,0,0,13,13,0,0,13,0.0,0,0,0.0,0.0,1.0
"F[0,2]((Hct <= 5.591 -> Platelets >= 3.461) & Fibrinogen <= 38.898)
",-9999999.000,-9999999.000,0.000,0.000,1.000,0,0,0,13,13,0,0,13,0.0,0,0,0.0,0.0,1.0
"F[0,2]((BaseExcess <= 0.000 & HCO3 <= 0.000) | PTT <= 0.000)
",-9999999.000,-9999999.000,0.000,0.000,1.000,0,0,0,13,13,0,0,13,0.0,0,0,0.0,0.0,1.0
"F[2,2](((HCO3 <= 0.000 -> Platelets <= 73.784) & SaO2 >= 5.243) & DBP <= 43.299)
",-5192090639014783.000,-73.784,0.000,0.000,1.000,0,0,0,13,13,0,0,13,0.0,0,0,0.0,0.0,1.0
"F[0,2](SBP >= 40.194 -> Platelets >= 6.925)
",-9999999.000,-9999999.000,0.000,0.000,1.000,0,0,0,13,13,0,0,13,0.0,0,0,0.0,0.0,1.0
"F[0,2](((Alkalinephos <= 0.000 | WBC <= 0.795) -> Bilirubin_total >= 0.020) & Resp <= 3.506)
",-9999999.000,-9999999.000,0.000,0.000,1.000,0,0,0,13,13,0,0,13,0.0,0,0,0.0,0.0,1.0
"F[2,2]((HCO3 <= 0.000 -> pH <= 0.000) -> AST <= 0.000)
",0.000,0.000,0.000,0.000,1.000,0,0,0,13,13,0,0,13,0.0,0,0,0.0,0.0,1.0
"F[1,2](((SaO2 >= 0.000 -> SaO2 >= 0.000) & Resp >= 0.000) | Fibrinogen >= 0.000)
",-9999999.000,-9999999.000,0.000,0.000,1.000,0,0,0,13,13,0,0,13,0.0,0,0,0.0,0.0,1.0
"F[1,2](((Resp <= 18.213 & Chloride <= 0.000) & SepsisLabel >= 0.000) | pH >= 0.000)
",-9999999.000,-9999999.000,0.000,0.000,1.000,0,0,0,13,13,0,0,13,0.0,0,0,0.0,0.0,1.0
"F[1,2](Magnesium >= 0.025 & SBP >= 88.584)
",-9999999.000,-9999999.000,0.000,0.000,1.000,0,0,0,13,13,0,0,13,0.0,0,0,0.0,0.0,1.0
"F[1,1](((HCO3 >= 0.000 & Magnesium <= 1.543) | BaseExcess <= 0.965) -> SBP >= 0.018)
",-8694961207123729.000,-0.965,0.000,0.000,1.000,0,0,0,13,13,0,0,13,0.0,0,0,0.0,0.0,1.0
"((PTT >= 0.000) U[1,1] (Alkalinephos <= 0.000))
",0.000,0.000,0.000,0.000,1.000,0,0,0,13,13,0,0,13,0.0,0,0,0.0,0.0,1.0
"F[2,2](O2Sat <= 87.165 & Temp <= 22.070)
",6212051385698061.000,22.070,0.000,0.000,1.000,0,0,0,13,13,0,0,13,0.0,0,0,0.0,0.0,1.0
"F[0,1](((SaO2 <= 0.000 & pH <= 0.000) -> SBP <= 0.000) | HR >= 0.000)
",-9999999.000,-9999999.000,0.000,0.000,1.000,0,0,0,13,13,0,0,13,0.0,0,0,0.0,0.0,1.0
"F[1,2](((Lactate >= 0.000 -> HCO3 <= 0.000) & Platelets >= 0.000) -> SBP >= 0.000)
",-9999999.000,-9999999.000,0.000,0.000,1.000,0,0,0,13,13,0,0,13,0.0,0,0,0.0,0.0,1.0
"F[0,1](((FiO2 >= 0.000 | FiO2 <= 0.000) | Chloride <= 0.000) | O2Sat >= 0.000)
",-9999999.000,-9999999.000,0.000,0.000,1.000,0,0,0,13,13,0,0,13,0.0,0,0,0.0,0.0,1.0
"F[0,0]((Resp >= 14.622 & pH <= 0.000) -> Glucose >= 0.000)
",0.000,0.000,0.000,0.000,1.000,0,0,0,13,13,0,0,13,0.0,0,0,0.0,0.0,1.0
"F[1,1]((SepsisLabel >= 0.000 -> Hct >= 4.784) -> BaseExcess >= 3.821)
",0.000,0.000,0.000,0.000,1.000,0,0,0,13,13,0,0,13,0.0,0,0,0.0,0.0,1.0
"F[0,1]((EtCO2 <= 0.000 & SaO2 <= 0.000) & Hct >= 0.000)
",-9999999.000,-9999999.000,0.000,0.000,1.000,0,0,0,13,13,0,0,13,0.0,0,0,0.0,0.0,1.0
"((Bilirubin_total >= 0.000) U[1,2] (SepsisLabel >= 0.000))
",-9999999.000,-9999999.000,0.000,0.000,1.000,0,0,0,13,13,0,0,13,0.0,0,0,0.0,0.0,1.0
"F[1,2](((Hct >= 3.423 & Calcium >= 0.300) | Bilirubin_total <= 3.057) & MAP >= 0.269)
",-9999999.000,-9999999.000,0.000,0.000,1.000,0,0,0,13,13,0,0,13,0.0,0,0,0.0,0.0,1.0
"F[1,1](((Chloride <= 0.000 | BUN <= 2.368) -> Calcium >= 0.391) -> Phosphate <= 21.884)
",-21.884,-21.884,0.000,0.000,1.000,0,0,0,13,13,0,0,13,0.0,0,0,0.0,0.0,1.0
"F[1,2]((Calcium <= 5.091 & SBP <= 160.493) | Phosphate <= 165.185)
",-9999999.000,-9999999.000,0.000,0.000,1.000,0,0,0,13,13,0,0,13,0.0,0,0,0.0,0.0,1.0
"F[1,2]((EtCO2 <= 0.000 & TroponinI >= 0.000) & O2Sat >= 0.000)
",-9999999.000,-9999999.000,0.000,0.000,1.000,0,0,0,13,13,0,0,13,0.0,0,0,0.0,0.0,1.0
"F[0,0](((PTT <= 0.000 & EtCO2 >= 0.000) -> Hct <= 0.000) | Magnesium >= 0.000)
",0.000,0.000,0.000,0.000,1.000,0,0,0,13,13,0,0,13,0.0,0,0,0.0,0.0,1.0
"F[2,2](((PaCO2 <= 0.000 & Fibrinogen <= 0.000) -> Chloride >= 0.000) & AST >= 0.000)
",0.000,0.000,0.000,0.000,1.000,0,0,0,13,13,0,0,13,0.0,0,0,0.0,0.0,1.0
"F[1,2](((Lactate <= 0.000 | FiO2 <= 0.000) & PTT <= 0.000) | Glucose <= 0.000)
",-9999999.000,-9999999.000,0.000,0.000,1.000,0,0,0,13,13,0,0,13,0.0,0,0,0.0,0.0,1.0
"F[0,2](Bilirubin_direct >= 0.000 & Platelets >= 0.668)
",-9999999.000,-9999999.000,0.000,0.000,1.000,0,0,0,13,13,0,0,13,0.0,0,0,0.0,0.0,1.0
"F[0,2]((Alkalinephos >= 0.000 & Glucose >= 8.419) & Magnesium <= 131.166)
",-9999999.000,-9999999.000,0.000,0.000,1.000,0,0,0,13,13,0,0,13,0.0,0,0,0.0,0.0,1.0
"F[0,2](((Creatinine <= 0.078 -> Glucose <= 153.236) | Lactate >= 1.448) | MAP <= 193.436)
",-9999999.000,-9999999.000,0.000,0.000,1.000,0,0,0,13,13,0,0,13,0.0,0,0,0.0,0.0,1.0
"((Bilirubin_total >= 0.000) U[1,2] (Potassium <= 2.757))
",-9999999.000,-9999999.000,0.000,0.000,1.000,0,0,0,13,13,0,0,13,0.0,0,0,0.0,0.0,1.0
"F[1,1]((Hgb <= 4.599 -> SBP >= 73.213) & Alkalinephos <= 127.077)
",-4.599,-4.599,0.000,0.000,1.000,0,0,0,13,13,0,0,13,0.0,0,0,0.0,0.0,1.0
"F[1,2](BUN <= 10.604 & Temp >= 0.316)
",-9999999.000,-9999999.000,0.000,0.000,1.000,0,0,0,13,13,0,0,13,0.0,0,0,0.0,0.0,1.0
"F[0,1](((Temp <= 30.503 -> WBC <= 5.604) & Hgb >= 0.088) -> PTT >= 0.248)
",-9999999.000,-9999999.000,0.000,0.000,1.000,0,0,0,13,13,0,0,13,0.0,0,0,0.0,0.0,1.0
"F[2,2](Potassium <= 1.337 -> Temp <= 27.410)
",-7715165975931659.000,-27.410,0.000,0.000,1.000,0,0,0,13,13,0,0,13,0.0,0,0,0.0,0.0,1.0
"F[1,2](((Magnesium <= 1.476 | Temp >= 0.820) -> BaseExcess >= 4.022) -> HR >= 6.761)
",-9999999.000,-9999999.000,0.000,0.000,1.000,0,0,0,13,13,0,0,13,0.0,0,0,0.0,0.0,1.0
"F[1,1]((DBP <= 45.457 -> Potassium <= 2.082) -> DBP >= 0.072)
",0.072,0.072,0.000,0.000,1.000,0,0,0,13,13,0,0,13,0.0,0,0,0.0,0.0,1.0
"F[0,1]((O2Sat >= 1.136 -> Temp <= 18.363) -> pH <= 17.050)
",-9999999.000,-9999999.000,0.000,0.000,1.000,0,0,0,13,13,0,0,13,0.0,0,0,0.0,0.0,1.0
"F[0,2](Glucose >= 14.266 | O2Sat <= 87.143)
",-9999999.000,-9999999.000,0.000,0.000,1.000,0,0,0,13,13,0,0,13,0.0,0,0,0.0,0.0,1.0
"F[0,1](((Glucose <= 198.747 & SBP <= 141.939) -> Hct >= 100.087) -> HR <= 157.572)
",-9999999.000,-9999999.000,0.000,0.000,1.000,0,0,0,13,13,0,0,13,0.0,0,0,0.0,0.0,1.0
"F[1,1]((Hct <= 22.682 | Temp <= 27.935) -> Resp >= 7.057)
",-7862937699638517.000,-27.935,0.000,0.000,1.000,0,0,0,13,13,0,0,13,0.0,0,0,0.0,0.0,1.0
"F[2,2]((Hgb <= 4.173 & Temp <= 20.852) & TroponinI <= 17.439)
",4.173,4.173,0.000,0.000,1.000,0,0,0,13,13,0,0,13,0.0,0,0,0.0,0.0,1.0
"F[0,2](((Glucose <= 184.952 | Platelets <= 10.229) | SBP >= 0.530) | TroponinI >= 4.665)
",-9999999.000,-9999999.000,0.000,0.000,1.000,0,0,0,13,13,0,0,13,0.0,0,0,0.0,0.0,1.0
"F[0,2](Creatinine <= 0.763 | Glucose <= 50.527)
",-9999999.000,-9999999.000,0.000,0.000,1.000,0,0,0,13,13,0,0,13,0.0,0,0,0.0,0.0,1.0
"F[0,1](((Glucose <= 123.622 -> Phosphate >= 0.098) | PaCO2 <= 3.178) | Potassium <= 2.172)
",-9999999.000,-9999999.000,0.000,0.000,1.000,0,0,0,13,13,0,0,13,0.0,0,0,0.0,0.0,1.0
"F[1,2](((Calcium >= 0.056 & Hct <= 24.010) & Bilirubin_total >= 2.369) -> Chloride >= 1.750)
",-9999999.000,-9999999.000,0.000,0.000,1.000,0,0,0,13,13,0,0,13,0.0,0,0,0.0,0.0,1.0
"((BUN <= 13.713) U[1,2] (Hct >= 2.138))
",-9999999.000,-9999999.000,0.000,0.000,1.000,0,0,0,13,13,0,0,13,0.0,0,0,0.0,0.0,1.0
"F[1,2](((Creatinine <= 1.364 & MAP <= 68.754) -> Hgb <= 68.581) -> Fibrinogen <= 63.525)
",-9999999.000,-9999999.000,0.000,0.000,1.000,0,0,0,13,13,0,0,13,0.0,0,0,0.0,0.0,1.0
"F[0,1](((Hct <= 37.239 -> MAP <= 61.101) & PTT <= 64.869) | HCO3 <= 62.409)
",-9999999.000,-9999999.000,0.000,0.000,1.000,0,0,0,13,13,0,0,13,0.0,0,0,0.0,0.0,1.0
"F[0,2](((DBP >= 9.123 & Bilirubin_total <= 0.000) | Bilirubin_direct >= 0.000) -> FiO2 >= 0.000)
",-9999999.000,-9999999.000,0.000,0.000,1.000,0,0,0,13,13,0,0,13,0.0,0,0,0.0,0.0,1.0
"F[1,2](Hct >= 2.934 -> SBP >= 117.327)
",-9999999.000,-9999999.000,0.000,0.000,1.000,0,0,0,13,13,0,0,13,0.0,0,0,0.0,0.0,1.0
"F[1,2](Fibrinogen >= 0.000 | Potassium >= 0.077)
",-9999999.000,-9999999.000,0.000,0.000,1.000,0,0,0,13,13,0,0,13,0.0,0,0,0.0,0.0,1.0
"F[1,2](((Bilirubin_direct <= 0.000 -> Hct <= 22.323) -> HCO3 >= 3.233) -> Hgb <= 23.934)
",-9999999.000,-9999999.000,0.000,0.000,1.000,0,0,0,13,13,0,0,13,0.0,0,0,0.0,0.0,1.0
"F[1,2]((HR <= 62.127 -> Potassium <= 0.670) | Lactate <= 1.518)
",-9999999.000,-9999999.000,0.000,0.000,1.000,0,0,0,13,13,0,0,13,0.0,0,0,0.0,0.0,1.0
"F[0,1](EtCO2 <= 0.000 -> HR >= 20.234)
",-9999999.000,-9999999.000,0.000,0.000,1.000,0,0,0,13,13,0,0,13,0.0,0,0,0.0,0.0,1.0
"F[2,2](((Calcium >= 0.119 | HR <= 65.360) -> Platelets <= 63.176) | PTT >= 19.200)
",-5404219053263011.000,-19.200,0.000,0.000,1.000,0,0,0,13,13,0,0,13,0.0,0,0,0.0,0.0,1.0
"F[2,2]((HR >= 56.476 & WBC >= 0.310) & Resp <= 3.652)
",-56.476,-56.476,0.000,0.000,1.000,0,0,0,13,13,0,0,13,0.0,0,0,0.0,0.0,1.0
"F[0,0]((Phosphate <= 3.208 -> Resp >= 12.206) -> Bilirubin_direct <= 17.838)
",-35.159,-17.686,0.000,0.000,1.000,0,0,0,13,13,0,0,13,0.0,0,0,0.0,0.0,1.0
"F[1,2](((Potassium >= 0.136 | Resp >= 0.376) | FiO2 <= 15.401) & Creatinine <= 18.926)
",-9999999.000,-9999999.000,0.000,0.000,1.000,0,0,0,13,13,0,0,13,0.0,0,0,0.0,0.0,1.0
"F[0,1]((Creatinine >= 0.072 & O2Sat <= 92.641) -> Resp >= 65.349)
",-9999999.000,-9999999.000,0.000,0.000,1.000,0,0,0,13,13,0,0,13,0.0,0,0,0.0,0.0,1.0
"F[1,2]((O2Sat <= 88.046 & Phosphate <= 1.418) | Fibrinogen <= 2.123)
",-9999999.000,-9999999.000,0.000,0.000,1.000,0,0,0,13,13,0,0,13,0.0,0,0,0.0,0.0,1.0
"F[0,1](((Hct <= 18.890 & HR >= 56.957) & PaCO2 >= 34.937) -> HCO3 >= 53.069)
",-9999999.000,-9999999.000,0.000,0.000,1.000,0,0,0,13,13,0,0,13,0.0,0,0,0.0,0.0,1.0
"F[2,2](Hgb >= 0.159 & HR >= 51.876)
",-7300914224905445.000,-51.876,0.000,0.000,1.000,0,0,0,13,13,0,0,13,0.0,0,0,0.0,0.0,1.0
"F[0,0](((BUN <= 24.785 | SBP <= 129.556) -> AST <= 165.598) | Magnesium <= 143.075)
",5033996795152953.000,143.075,0.000,0.000,1.000,0,0,0,13,13,0,0,13,0.0,0,0,0.0,0.0,1.0
"F[1,2](((SBP >= 104.349 -> WBC >= 0.241) | O2Sat >= 0.151) | MAP <= 2.226)
",-9999999.000,-9999999.000,0.000,0.000,1.000,0,0,0,13,13,0,0,13,0.0,0,0,0.0,0.0,1.0
"F[0,1](((Creatinine >= 0.068 -> SBP >= 47.392) & Hct <= 124.043) & Platelets <= 129.173)
",-9999999.000,-9999999.000,0.000,0.000,1.000,0,0,0,13,13,0,0,13,0.0,0,0,0.0,0.0,1.0
"F[1,2](FiO2 <= 0.000 | pH <= 0.000)
",-9999999.000,-9999999.000,0.000,0.000,1.000,0,0,0,13,13,0,0,13,0.0,0,0,0.0,0.0,1.0
