Rule,Discrimination Score,Pos Robustness,Neg Robustness,Percent Class +,Percent Class -,TP,TN,FP,FN,Actual Yes,Actual No,Predicted Yes,Predicted No,TPR/Sens,TNR/Spec,FPR,Precision,Accuracy,MCR,Class
"G[0,0](PTT < 0.000 -> SepsisLabel = 0.000)
",0.316,0.750,0.000,1.000,0.000,23,0,0,0,23,0,23,0,1.0,0.0,0.0,1.0,1.0222222222222221,-0.022222222222222143,1
"G[0,0]((O2Sat >= 6.290 | Temp <= 19.955) | BUN >= 7.431)
",2.700,51.471,0.000,1.000,0.000,23,0,0,0,23,0,23,0,1.0,0.0,0.0,1.0,1.0222222222222221,-0.022222222222222143,1
"F[0,0](Chloride > 0.000 & SepsisLabel = 0.000)
",-0.316,-10.955,0.000,0.000,1.000,23,0,0,0,23,0,23,0,1.0,0.0,0.0,1.0,1.0222222222222221,-0.022222222222222143,-1
"F[0,0](HCO3 <= 0.000 & FiO2 >= 2.4133851585686815e-05)
",-25132.000,-25132.000,0.000,0.000,1.000,23,0,0,0,23,0,23,0,1.0,0.0,0.0,1.0,1.0222222222222221,-0.022222222222222143,-1
"F[0,0]((Calcium <= 6.144 & Potassium <= 2.822) & Magnesium >= 0.011)
",-0.317,-7.769,0.000,0.000,1.000,23,0,0,0,23,0,23,0,1.0,0.0,0.0,1.0,1.0222222222222221,-0.022222222222222143,-1
"F[0,0](((Calcium < 2.982 & Potassium < 1.127) & Magnesium < 1.685) & Phosphate < 0.000)
",-0.316,-8.047,0.000,0.000,1.000,23,0,0,0,23,0,23,0,1.0,0.0,0.0,1.0,1.0222222222222221,-0.022222222222222143,-1
"G[0,0]((O2Sat <= 54.039 | pH <= 0.000) -> HCO3 >= 0.000)
",-0.471,-9.825,0.000,1.000,0.000,23,0,0,0,23,0,23,0,1.0,0.0,0.0,1.0,1.0222222222222221,-0.022222222222222143,1
"F[0,0]((Calcium <= 2.246 & Potassium <= 2.905) & Magnesium >= 0.050)
",-0.318,-8.160,0.000,0.000,1.000,23,0,0,0,23,0,23,0,1.0,0.0,0.0,1.0,1.0222222222222221,-0.022222222222222143,-1
"F[0,0](((Calcium < 7.996 & Potassium < 2.017) & Magnesium < 0.215) & Phosphate < 0.000)
",-0.316,-7.591,0.000,0.000,1.000,23,0,0,0,23,0,23,0,1.0,0.0,0.0,1.0,1.0222222222222221,-0.022222222222222143,-1
"G[0,0]((Phosphate <= 0.000 | Glucose <= 168.571) -> BaseExcess <= 121.346)
",-168.571,-168.571,0.000,1.000,0.000,23,0,0,0,23,0,23,0,1.0,0.0,0.0,1.0,1.0222222222222221,-0.022222222222222143,1
"G[0,0](Chloride >= 0.000 & HCO3 >= 0.000)
",0.000,0.000,0.000,1.000,0.000,23,0,0,0,23,0,23,0,1.0,0.0,0.0,1.0,1.0222222222222221,-0.022222222222222143,1
"G[0,0]((DBP <= 0.000 & Phosphate <= 0.000) | Hgb >= 0.000)
",0.316,2.459,0.000,1.000,0.000,23,0,0,0,23,0,23,0,1.0,0.0,0.0,1.0,1.0222222222222221,-0.022222222222222143,1
"G[0,0](((SaO2 >= 0.000 -> Fibrinogen >= 0.000) | HR >= 0.000) & DBP <= 0.000)
",0.000,0.000,0.000,1.000,0.000,23,0,0,0,23,0,23,0,1.0,0.0,0.0,1.0,1.0222222222222221,-0.022222222222222143,1
"G[0,0](WBC >= 0.087 -> Phosphate <= 0.000)
",0.316,0.008,0.000,1.000,0.000,23,0,0,0,23,0,23,0,1.0,0.0,0.0,1.0,1.0222222222222221,-0.022222222222222143,1
"G[0,0](((AST <= 16.356 -> HCO3 <= 0.000) | Fibrinogen >= 0.000) & HCO3 <= 0.000)
",0.000,0.000,0.000,1.000,0.000,23,0,0,0,23,0,23,0,1.0,0.0,0.0,1.0,1.0222222222222221,-0.022222222222222143,1
"F[0,1](((Calcium < 6.521 & Potassium < 1.855) & Magnesium < 1.713) & Phosphate < 0.000)
",-9999999.000,-9999999.000,0.000,0.000,1.000,22,0,0,1,23,0,22,1,0.9565217391304348,0.0,0.0,1.0,0.9777777777777777,0.022222222222222254,-1
"F[0,1](EtCO2 < 0.000 & SepsisLabel = 0.000)
",-9999999.000,-9999999.000,0.000,0.000,1.000,22,0,0,1,23,0,22,1,0.9565217391304348,0.0,0.0,1.0,0.9777777777777777,0.022222222222222254,-1
"G[1,1](Chloride >= 0.000 & HCO3 >= 0.000)
",0.000,0.000,0.000,1.000,0.000,22,0,1,0,22,1,23,0,1.0,0.0,1.0,0.9565217391304348,0.9777777777777777,0.022222222222222254,1
"G[0,1](Chloride >= 0.000 & HCO3 >= 0.000)
",9999999.000,9999999.000,0.000,1.000,0.000,22,0,1,0,22,1,23,0,1.0,0.0,1.0,0.9565217391304348,0.9777777777777777,0.022222222222222254,1
"F[0,0](BUN >= 0.132 & EtCO2 >= 0.000)
",0.185,0.698,0.000,0.000,1.000,22,0,0,1,23,0,22,1,0.9565217391304348,0.0,0.0,1.0,0.9777777777777777,0.022222222222222254,-1
"G[1,1](Chloride <= 0.000 -> Bilirubin_direct >= 0.000)
",0.000,0.000,0.000,1.000,0.000,22,0,1,0,22,1,23,0,1.0,0.0,1.0,0.9565217391304348,0.9777777777777777,0.022222222222222254,1
"G[1,1]((BaseExcess <= 0.000 & SaO2 <= 0.000) & SBP >= 0.000)
",0.000,0.000,0.000,1.000,0.000,22,0,1,0,22,1,23,0,1.0,0.0,1.0,0.9565217391304348,0.9777777777777777,0.022222222222222254,1
"G[0,1]((WBC <= 5.169 | O2Sat >= 31.877) | AST <= 87.916)
",9999999.000,9999999.000,0.000,1.000,0.000,22,0,1,0,22,1,23,0,1.0,0.0,1.0,0.9565217391304348,0.9777777777777777,0.022222222222222254,1
"G[0,1]((SepsisLabel <= 0.000 & HCO3 <= 0.000) | Bilirubin_direct <= 0.000)
",9999999.000,9999999.000,0.000,1.000,0.000,22,0,1,0,22,1,23,0,1.0,0.0,1.0,0.9565217391304348,0.9777777777777777,0.022222222222222254,1
"G[0,1]((EtCO2 <= 0.000 & BaseExcess <= 0.000) -> Resp >= 0.000)
",9999999.000,9999999.000,0.000,1.000,0.000,22,0,1,0,22,1,23,0,1.0,0.0,1.0,0.9565217391304348,0.9777777777777777,0.022222222222222254,1
"G[0,1](((Hct <= 4.828 | PTT <= 0.000) -> Glucose <= 0.000) -> PaCO2 <= 0.000)
",9999999.000,9999999.000,0.000,1.000,0.000,22,0,1,0,22,1,23,0,1.0,0.0,1.0,0.9565217391304348,0.9777777777777777,0.022222222222222254,1
"F[1,1](BUN <= 22.935 & Hct >= 0.445)
",-2673246830851620.000,-0.445,0.000,0.000,1.000,22,0,0,1,23,0,22,1,0.9565217391304348,0.0,0.0,1.0,0.9777777777777777,0.022222222222222254,-1
"((Fibrinogen < 0.000) U[1,2] (SepsisLabel = 0.000))
",-9999999.000,-9999999.000,0.000,0.000,1.000,22,0,0,1,23,0,22,1,0.9565217391304348,0.0,0.0,1.0,0.9777777777777777,0.022222222222222254,-1
"G[1,1]((PaCO2 >= 0.000 | O2Sat >= 13.008) -> DBP <= 98.548)
",-6934676675173295.000,-98.548,0.000,1.000,0.000,22,0,1,0,22,1,23,0,1.0,0.0,1.0,0.9565217391304348,0.9777777777777777,0.022222222222222254,1
"F[0,1](((Calcium < 2.496 & Potassium < 1.158) & Magnesium < 1.917) & Phosphate < 0.000)
",-9999999.000,-9999999.000,0.000,0.000,1.000,22,0,0,1,23,0,22,1,0.9565217391304348,0.0,0.0,1.0,0.9777777777777777,0.022222222222222254,-1
"F[1,1](Bilirubin_total >= 0.023 & MAP >= 2.891)
",-2.891,-2.891,0.000,0.000,1.000,22,0,0,1,23,0,22,1,0.9565217391304348,0.0,0.0,1.0,0.9777777777777777,0.022222222222222254,-1
"F[0,1]((Calcium <= 3.012 & Potassium <= 3.626) & Magnesium >= 0.016)
",-9999999.000,-9999999.000,0.000,0.000,1.000,22,0,0,1,23,0,22,1,0.9565217391304348,0.0,0.0,1.0,0.9777777777777777,0.022222222222222254,-1
"F[0,1](((Platelets <= 96.332 -> WBC >= 0.027) | Lactate <= 2.438) & Bilirubin_direct >= 0.024)
",-9999999.000,-9999999.000,0.000,0.000,1.000,22,0,0,1,23,0,22,1,0.9565217391304348,0.0,0.0,1.0,0.9777777777777777,0.022222222222222254,-1
"F[0,1]((Resp >= 4.761 & Hct >= 0.016) & Temp <= 5.008)
",-9999999.000,-9999999.000,0.000,0.000,1.000,22,0,0,1,23,0,22,1,0.9565217391304348,0.0,0.0,1.0,0.9777777777777777,0.022222222222222254,-1
"F[0,1]((Calcium <= 7.093 & Potassium <= 4.026) & Magnesium >= 0.046)
",-9999999.000,-9999999.000,0.000,0.000,1.000,22,0,0,1,23,0,22,1,0.9565217391304348,0.0,0.0,1.0,0.9777777777777777,0.022222222222222254,-1
"F[0,1]((PTT >= 0.000 | O2Sat >= 25.640) & Magnesium >= 14.077)
",-9999999.000,-9999999.000,0.000,0.000,1.000,22,0,0,1,23,0,22,1,0.9565217391304348,0.0,0.0,1.0,0.9777777777777777,0.022222222222222254,-1
"F[0,0](((SepsisLabel <= 0.000 -> AST <= 8.880) -> PTT >= 0.816) & Resp <= 3.144)
",0.028,0.066,0.000,0.000,1.000,22,0,0,1,23,0,22,1,0.9565217391304348,0.0,0.0,1.0,0.9777777777777777,0.022222222222222254,-1
"F[0,0]((DBP <= 0.000 & Platelets >= 1.549) & O2Sat <= 100.468)
",-6974137594934820.000,-1.549,0.000,0.000,1.000,22,0,0,1,23,0,22,1,0.9565217391304348,0.0,0.0,1.0,0.9777777777777777,0.022222222222222254,-1
"F[0,0](Alkalinephos >= 3.653 & Calcium >= 0.182)
",0.182,4.981,0.000,0.000,1.000,22,0,0,1,23,0,22,1,0.9565217391304348,0.0,0.0,1.0,0.9777777777777777,0.022222222222222254,-1
"F[1,1](((Calcium >= 0.167 -> O2Sat >= 19.764) -> BUN >= 0.734) & SepsisLabel >= 10.244)
",-5766700317979532.000,-10.244,0.000,0.000,1.000,22,0,0,1,23,0,22,1,0.9565217391304348,0.0,0.0,1.0,0.9777777777777777,0.022222222222222254,-1
"F[0,1](((Calcium < 2.205 & Potassium < 2.867) & Magnesium < 1.341) & Phosphate < 0.000)
",-9999999.000,-9999999.000,0.000,0.000,1.000,22,0,0,1,23,0,22,1,0.9565217391304348,0.0,0.0,1.0,0.9777777777777777,0.022222222222222254,-1
"F[0,1](((SBP >= 0.000 & FiO2 <= 0.136) -> TroponinI >= 0.003) & EtCO2 >= 0.004)
",-9999999.000,-9999999.000,0.000,0.000,1.000,22,0,0,1,23,0,22,1,0.9565217391304348,0.0,0.0,1.0,0.9777777777777777,0.022222222222222254,-1
"F[0,1]((Calcium <= 7.183 & Potassium <= 4.391) & Magnesium >= 0.034)
",-9999999.000,-9999999.000,0.000,0.000,1.000,22,0,0,1,23,0,22,1,0.9565217391304348,0.0,0.0,1.0,0.9777777777777777,0.022222222222222254,-1
"F[0,1](PaCO2 > 0.000 & SepsisLabel = 0.000)
",-9999999.000,-9999999.000,0.000,0.000,1.000,22,0,0,1,23,0,22,1,0.9565217391304348,0.0,0.0,1.0,0.9777777777777777,0.022222222222222254,-1
"G[0,1](O2Sat >= 3.376 | Bilirubin_direct >= 0.000)
",9999999.000,9999999.000,0.000,1.000,0.000,22,0,1,0,22,1,23,0,1.0,0.0,1.0,0.9565217391304348,0.9777777777777777,0.022222222222222254,1
"((FiO2 >= 0.003) U[1,1] (O2Sat >= 18.246))
",-0.003,-0.003,0.000,0.000,1.000,22,0,0,1,23,0,22,1,0.9565217391304348,0.0,0.0,1.0,0.9777777777777777,0.022222222222222254,-1
"G[1,1](Chloride >= 0.000 & HCO3 >= 0.000)
",0.000,0.000,0.000,1.000,0.000,22,0,1,0,22,1,23,0,1.0,0.0,1.0,0.9565217391304348,0.9777777777777777,0.022222222222222254,1
"G[0,0]((Platelets <= 100.043 | Potassium >= 0.208) & AST <= 0.681)
",3068631450417558.000,0.681,0.000,1.000,0.000,22,0,0,1,23,0,22,1,0.9565217391304348,0.0,0.0,1.0,0.9777777777777777,0.022222222222222254,1
"G[1,1](((HCO3 >= 0.000 & SBP >= 0.000) & Bilirubin_direct <= 0.000) -> BUN >= 0.000)
",0.000,0.000,0.000,1.000,0.000,22,0,1,0,22,1,23,0,1.0,0.0,1.0,0.9565217391304348,0.9777777777777777,0.022222222222222254,1
"G[1,1]((SaO2 >= 0.000 & Bilirubin_direct >= 0.000) | Hct >= 0.000)
",0.000,0.000,0.000,1.000,0.000,22,0,1,0,22,1,23,0,1.0,0.0,1.0,0.9565217391304348,0.9777777777777777,0.022222222222222254,1
"G[1,1]((SaO2 >= 0.000 | Magnesium <= 1.190) | Alkalinephos >= 0.066)
",2680485716629126.000,1.190,0.000,1.000,0.000,22,0,1,0,22,1,23,0,1.0,0.0,1.0,0.9565217391304348,0.9777777777777777,0.022222222222222254,1
"G[0,1](Hgb >= 0.365 -> WBC >= 0.331)
",9999999.000,9999999.000,0.000,1.000,0.000,22,0,1,0,22,1,23,0,1.0,0.0,1.0,0.9565217391304348,0.9777777777777777,0.022222222222222254,1
"G[1,1](Lactate >= 0.000 | Bilirubin_direct <= 0.000)
",0.000,0.000,0.000,1.000,0.000,22,0,1,0,22,1,23,0,1.0,0.0,1.0,0.9565217391304348,0.9777777777777777,0.022222222222222254,1
"G[1,1](Creatinine >= 0.471 -> Glucose >= 12.111)
",2123307547466723.000,0.471,0.000,1.000,0.000,22,0,1,0,22,1,23,0,1.0,0.0,1.0,0.9565217391304348,0.9777777777777777,0.022222222222222254,1
"G[0,1](Chloride >= 0.000 & HCO3 >= 0.000)
",9999999.000,9999999.000,0.000,1.000,0.000,22,0,1,0,22,1,23,0,1.0,0.0,1.0,0.9565217391304348,0.9777777777777777,0.022222222222222254,1
"G[0,1](Hct <= 13.236 -> Platelets <= 124.142)
",9999999.000,9999999.000,0.000,1.000,0.000,22,0,1,0,22,1,23,0,1.0,0.0,1.0,0.9565217391304348,0.9777777777777777,0.022222222222222254,1
"G[1,1]((Fibrinogen >= 0.000 | PTT <= 0.000) & SaO2 >= 0.000)
",0.000,0.000,0.000,1.000,0.000,22,0,1,0,22,1,23,0,1.0,0.0,1.0,0.9565217391304348,0.9777777777777777,0.022222222222222254,1
"G[1,1](Alkalinephos >= 1.007 | Hct <= 26.125)
",26.125,26.125,0.000,1.000,0.000,22,0,1,0,22,1,23,0,1.0,0.0,1.0,0.9565217391304348,0.9777777777777777,0.022222222222222254,1
"G[0,1](((Creatinine >= 0.183 | Potassium <= 4.756) | SBP >= 0.316) | Calcium >= 0.227)
",9999999.000,9999999.000,0.000,1.000,0.000,22,0,1,0,22,1,23,0,1.0,0.0,1.0,0.9565217391304348,0.9777777777777777,0.022222222222222254,1
"G[0,1](PTT < 0.000 -> SepsisLabel = 0.000)
",9999999.000,9999999.000,0.000,1.000,0.000,22,0,1,0,22,1,23,0,1.0,0.0,1.0,0.9565217391304348,0.9777777777777777,0.022222222222222254,1
"G[0,1]((Alkalinephos <= 65.614 -> WBC <= 10.355) | Alkalinephos >= 0.048)
",9999999.000,9999999.000,0.000,1.000,0.000,22,0,1,0,22,1,23,0,1.0,0.0,1.0,0.9565217391304348,0.9777777777777777,0.022222222222222254,1
"G[1,1]((Creatinine >= 0.174 | TroponinI <= 0.000) | Lactate >= 0.000)
",0.000,0.000,0.000,1.000,0.000,22,0,1,0,22,1,23,0,1.0,0.0,1.0,0.9565217391304348,0.9777777777777777,0.022222222222222254,1
"G[1,1](SaO2 < 0.000 -> SepsisLabel = 0.000)
",0.000,0.000,0.000,1.000,0.000,22,0,1,0,22,1,23,0,1.0,0.0,1.0,0.9565217391304348,0.9777777777777777,0.022222222222222254,1
"G[0,1]((Magnesium <= 2.361 | DBP >= 0.000) & Lactate >= 0.000)
",9999999.000,9999999.000,0.000,1.000,0.000,22,0,1,0,22,1,23,0,1.0,0.0,1.0,0.9565217391304348,0.9777777777777777,0.022222222222222254,1
"G[0,1]((Lactate <= 0.000 | Bilirubin_direct <= 0.000) | Temp >= 0.000)
",9999999.000,9999999.000,0.000,1.000,0.000,22,0,1,0,22,1,23,0,1.0,0.0,1.0,0.9565217391304348,0.9777777777777777,0.022222222222222254,1
"G[0,1](((SaO2 >= 0.000 | TroponinI <= 0.000) & PTT <= 0.000) | Calcium <= 0.000)
",9999999.000,9999999.000,0.000,1.000,0.000,22,0,1,0,22,1,23,0,1.0,0.0,1.0,0.9565217391304348,0.9777777777777777,0.022222222222222254,1
"G[0,1](SaO2 <= 0.000 -> SepsisLabel = 0.000)
",9999999.000,9999999.000,0.000,1.000,0.000,22,0,1,0,22,1,23,0,1.0,0.0,1.0,0.9565217391304348,0.9777777777777777,0.022222222222222254,1
"G[0,1]((Resp >= 6.450 | PaCO2 <= 0.000) | Alkalinephos <= 0.000)
",9999999.000,9999999.000,0.000,1.000,0.000,22,0,1,0,22,1,23,0,1.0,0.0,1.0,0.9565217391304348,0.9777777777777777,0.022222222222222254,1
"G[1,1]((Glucose <= 178.191 -> Hct <= 3.694) | Chloride >= 0.576)
",-5184191834285361.000,-0.576,0.000,1.000,0.000,22,0,1,0,22,1,23,0,1.0,0.0,1.0,0.9565217391304348,0.9777777777777777,0.022222222222222254,1
"G[0,1]((Hct >= 1.191 | pH <= 0.000) & Phosphate >= 0.000)
",9999999.000,9999999.000,0.000,1.000,0.000,22,0,1,0,22,1,23,0,1.0,0.0,1.0,0.9565217391304348,0.9777777777777777,0.022222222222222254,1
"G[0,1](SaO2 <= 0.000 -> PTT >= 0.000)
",9999999.000,9999999.000,0.000,1.000,0.000,22,0,1,0,22,1,23,0,1.0,0.0,1.0,0.9565217391304348,0.9777777777777777,0.022222222222222254,1
"G[0,0](Creatinine <= 4.607 | FiO2 >= 0.004)
",2593368987537062.000,4.607,0.000,1.000,0.000,22,0,0,1,23,0,22,1,0.9565217391304348,0.0,0.0,1.0,0.9777777777777777,0.022222222222222254,1
"G[1,1](((TroponinI >= 0.000 & Platelets <= 16.460) -> PaCO2 >= 2.628) -> Glucose >= 3.748)
",0.000,0.000,0.000,1.000,0.000,22,0,1,0,22,1,23,0,1.0,0.0,1.0,0.9565217391304348,0.9777777777777777,0.022222222222222254,1
"G[1,1](Chloride >= 0.000 & HCO3 >= 0.000)
",0.000,0.000,0.000,1.000,0.000,22,0,1,0,22,1,23,0,1.0,0.0,1.0,0.9565217391304348,0.9777777777777777,0.022222222222222254,1
"G[0,1]((Alkalinephos <= 86.120 & Creatinine <= 4.082) -> WBC <= 6.115)
",9999999.000,9999999.000,0.000,1.000,0.000,22,0,1,0,22,1,23,0,1.0,0.0,1.0,0.9565217391304348,0.9777777777777777,0.022222222222222254,1
"G[1,1]((HCO3 <= 0.000 | SaO2 >= 0.000) -> Resp >= 0.000)
",0.000,0.000,0.000,1.000,0.000,22,0,1,0,22,1,23,0,1.0,0.0,1.0,0.9565217391304348,0.9777777777777777,0.022222222222222254,1
"G[0,1](((Bilirubin_total <= 0.761 -> Phosphate <= 0.000) -> Resp >= 0.000) & Phosphate >= 0.000)
",9999999.000,9999999.000,0.000,1.000,0.000,22,0,1,0,22,1,23,0,1.0,0.0,1.0,0.9565217391304348,0.9777777777777777,0.022222222222222254,1
"G[0,1](((AST >= 0.374 -> SBP <= 0.000) | TroponinI >= 0.000) -> HCO3 <= 0.000)
",9999999.000,9999999.000,0.000,1.000,0.000,22,0,1,0,22,1,23,0,1.0,0.0,1.0,0.9565217391304348,0.9777777777777777,0.022222222222222254,1
"G[0,1]((Glucose >= 1.897 -> Bilirubin_direct >= 0.000) & HR >= 0.000)
",9999999.000,9999999.000,0.000,1.000,0.000,22,0,1,0,22,1,23,0,1.0,0.0,1.0,0.9565217391304348,0.9777777777777777,0.022222222222222254,1
"G[0,1](((Hgb >= 0.162 & Temp <= 36.228) & Hct >= 6.281) -> Bilirubin_total >= 0.542)
",9999999.000,9999999.000,0.000,1.000,0.000,22,0,1,0,22,1,23,0,1.0,0.0,1.0,0.9565217391304348,0.9777777777777777,0.022222222222222254,1
"G[0,1](O2Sat >= 22.241 -> SBP >= 0.000)
",9999999.000,9999999.000,0.000,1.000,0.000,22,0,1,0,22,1,23,0,1.0,0.0,1.0,0.9565217391304348,0.9777777777777777,0.022222222222222254,1
"((Hgb >= 0.040) U[1,1] (pH >= 0.000))
",0.000,0.000,0.000,0.000,1.000,21,0,0,2,23,0,21,2,0.9130434782608695,0.0,0.0,1.0,0.9333333333333333,0.06666666666666665,-1
"G[1,1](Hgb >= 0.014 -> Magnesium <= 1.264)
",-1.264,-1.264,0.000,1.000,0.000,21,0,1,1,22,1,22,1,0.9545454545454546,0.0,1.0,0.9545454545454546,0.9333333333333333,0.06666666666666665,1
"G[1,1](Platelets <= 17.990 & DBP >= 0.000)
",0.000,0.000,0.000,1.000,0.000,21,0,1,1,22,1,22,1,0.9545454545454546,0.0,1.0,0.9545454545454546,0.9333333333333333,0.06666666666666665,1
"G[0,1](Chloride <= 0.000 -> FiO2 <= 0.167)
",9999999.000,9999999.000,0.000,1.000,0.000,21,0,1,1,22,1,22,1,0.9545454545454546,0.0,1.0,0.9545454545454546,0.9333333333333333,0.06666666666666665,1
"G[0,1](Fibrinogen >= 0.000 & HR <= 72.635)
",9999999.000,9999999.000,0.000,1.000,0.000,21,0,0,2,23,0,21,2,0.9130434782608695,0.0,0.0,1.0,0.9333333333333333,0.06666666666666665,1
"G[0,1](((Hct <= 14.146 -> O2Sat <= 82.301) | PaCO2 >= 25.659) -> O2Sat <= 44.435)
",9999999.000,9999999.000,0.000,1.000,0.000,21,0,1,1,22,1,22,1,0.9545454545454546,0.0,1.0,0.9545454545454546,0.9333333333333333,0.06666666666666665,1
"F[1,1](WBC >= 0.188 & BaseExcess <= 0.000)
",-0.188,-0.188,0.000,0.000,1.000,21,0,0,2,23,0,21,2,0.9130434782608695,0.0,0.0,1.0,0.9333333333333333,0.06666666666666665,-1
"((MAP >= 1.785) U[1,1] (SBP <= 0.000))
",0.000,0.000,0.000,0.000,1.000,21,0,0,2,23,0,21,2,0.9130434782608695,0.0,0.0,1.0,0.9333333333333333,0.06666666666666665,-1
"((MAP >= 3.310) U[1,1] (SBP <= 0.000))
",0.000,0.000,0.000,0.000,1.000,21,0,0,2,23,0,21,2,0.9130434782608695,0.0,0.0,1.0,0.9333333333333333,0.06666666666666665,-1
"((MAP >= 0.530) U[1,1] (SBP <= 0.000))
",0.000,0.000,0.000,0.000,1.000,21,0,0,2,23,0,21,2,0.9130434782608695,0.0,0.0,1.0,0.9333333333333333,0.06666666666666665,-1
"F[1,1](AST >= 0.062 & Bilirubin_total >= 0.022)
",-4452934741828309.000,-0.062,0.000,0.000,1.000,21,0,0,2,23,0,21,2,0.9130434782608695,0.0,0.0,1.0,0.9333333333333333,0.06666666666666665,-1
"F[1,1](HR >= 5.331 & Calcium >= 0.024)
",-3001004795341982.000,-5.331,0.000,0.000,1.000,21,0,0,2,23,0,21,2,0.9130434782608695,0.0,0.0,1.0,0.9333333333333333,0.06666666666666665,-1
"G[0,1](((BUN <= 76.978 -> Glucose <= 28.874) | SepsisLabel >= 4.635) | PaCO2 >= 1.800)
",9999999.000,9999999.000,0.000,1.000,0.000,21,0,1,1,22,1,22,1,0.9545454545454546,0.0,1.0,0.9545454545454546,0.9333333333333333,0.06666666666666665,1
"F[0,1](Creatinine <= 6.630 & MAP >= 1.872)
",-9999999.000,-9999999.000,0.000,0.000,1.000,20,0,0,3,23,0,20,3,0.8695652173913043,0.0,0.0,1.0,0.8888888888888888,0.11111111111111116,-1
"F[1,1](((Creatinine >= 0.350 & TroponinI <= 0.000) & Phosphate >= 0.000) & Magnesium >= 0.000)
",-0.350,-0.350,0.000,0.000,1.000,20,0,0,3,23,0,20,3,0.8695652173913043,0.0,0.0,1.0,0.8888888888888888,0.11111111111111116,-1
"G[0,1](((Alkalinephos <= 54.677 -> FiO2 <= 0.132) | Fibrinogen >= 0.001) -> Platelets <= 0.159)
",9999999.000,9999999.000,0.000,1.000,0.000,20,0,1,2,22,1,21,2,0.9090909090909091,0.0,1.0,0.9523809523809523,0.8888888888888888,0.11111111111111116,1
"F[0,1]((Lactate >= 0.000 | Bilirubin_total <= 0.828) & Platelets >= 0.037)
",-9999999.000,-9999999.000,0.000,0.000,1.000,20,0,0,3,23,0,20,3,0.8695652173913043,0.0,0.0,1.0,0.8888888888888888,0.11111111111111116,-1
"((HR <= 71.441) U[0,1] (Magnesium >= 0.006))
",-9999999.000,-9999999.000,0.000,0.000,1.000,20,0,0,3,23,0,20,3,0.8695652173913043,0.0,0.0,1.0,0.8888888888888888,0.11111111111111116,-1
"F[0,1](Alkalinephos <= 27.110 -> Platelets >= 3.108)
",-9999999.000,-9999999.000,0.000,0.000,1.000,20,0,0,3,23,0,20,3,0.8695652173913043,0.0,0.0,1.0,0.8888888888888888,0.11111111111111116,-1
"((FiO2 <= 0.156) U[0,1] (Magnesium >= 0.062))
",-9999999.000,-9999999.000,0.000,0.000,1.000,20,0,0,3,23,0,20,3,0.8695652173913043,0.0,0.0,1.0,0.8888888888888888,0.11111111111111116,-1
"F[1,1](Hgb <= 5.375 & Glucose >= 3.503)
",-7889063568310685.000,-3.503,0.000,0.000,1.000,20,0,0,3,23,0,20,3,0.8695652173913043,0.0,0.0,1.0,0.8888888888888888,0.11111111111111116,-1
"((MAP >= 4.200) U[1,2] (Platelets <= 72.226))
",-9999999.000,-9999999.000,0.000,0.000,1.000,20,0,0,3,23,0,20,3,0.8695652173913043,0.0,0.0,1.0,0.8888888888888888,0.11111111111111116,-1
"((AST >= 0.822) U[1,2] (MAP <= 7.052))
",-9999999.000,-9999999.000,0.000,0.000,1.000,20,0,0,3,23,0,20,3,0.8695652173913043,0.0,0.0,1.0,0.8888888888888888,0.11111111111111116,-1
"F[0,1](MAP >= 0.265 & DBP <= 0.000)
",-9999999.000,-9999999.000,0.000,0.000,1.000,20,0,0,3,23,0,20,3,0.8695652173913043,0.0,0.0,1.0,0.8888888888888888,0.11111111111111116,-1
"G[0,1](((Calcium >= 0.483 -> WBC <= 2.039) -> Calcium >= 0.386) -> Platelets <= 7.731)
",9999999.000,9999999.000,0.000,1.000,0.000,20,0,1,2,22,1,21,2,0.9090909090909091,0.0,1.0,0.9523809523809523,0.8888888888888888,0.11111111111111116,1
"G[0,1](Bilirubin_total <= 0.466 & Platelets <= 124.234)
",9999999.000,9999999.000,0.000,1.000,0.000,20,0,1,2,22,1,21,2,0.9090909090909091,0.0,1.0,0.9523809523809523,0.8888888888888888,0.11111111111111116,1
"G[1,1](((HR >= 6.490 -> Bilirubin_direct >= 0.000) & BUN <= 0.000) & BUN <= 0.000)
",0.000,0.000,0.000,1.000,0.000,20,0,1,2,22,1,21,2,0.9090909090909091,0.0,1.0,0.9523809523809523,0.8888888888888888,0.11111111111111116,1
"G[0,1](((SaO2 >= 0.000 & Chloride >= 0.000) | WBC <= 0.000) -> Platelets <= 0.000)
",9999999.000,9999999.000,0.000,1.000,0.000,20,0,1,2,22,1,21,2,0.9090909090909091,0.0,1.0,0.9523809523809523,0.8888888888888888,0.11111111111111116,1
"G[1,1]((BUN <= 35.373 & Magnesium <= 1.495) & SBP <= 0.670)
",6037445040408415.000,0.670,0.000,1.000,0.000,20,0,1,2,22,1,21,2,0.9090909090909091,0.0,1.0,0.9523809523809523,0.8888888888888888,0.11111111111111116,1
"G[0,1]((MAP >= 0.087 -> Fibrinogen <= 0.000) -> Alkalinephos <= 0.000)
",9999999.000,9999999.000,0.000,1.000,0.000,20,0,1,2,22,1,21,2,0.9090909090909091,0.0,1.0,0.9523809523809523,0.8888888888888888,0.11111111111111116,1
"G[0,1](((PaCO2 >= 0.000 & DBP >= 0.000) -> PTT >= 0.000) & Calcium <= 0.000)
",9999999.000,9999999.000,0.000,1.000,0.000,19,0,1,3,22,1,20,3,0.8636363636363636,0.0,1.0,0.95,0.8444444444444444,0.15555555555555556,1
"((O2Sat <= 68.344) U[0,1] (Calcium >= 0.185))
",-9999999.000,-9999999.000,0.000,0.000,1.000,19,0,0,4,23,0,19,4,0.8260869565217391,0.0,0.0,1.0,0.8444444444444444,0.15555555555555556,-1
"F[0,1](Platelets >= 1.773 | Creatinine >= 0.152)
",-9999999.000,-9999999.000,0.000,0.000,1.000,19,0,0,4,23,0,19,4,0.8260869565217391,0.0,0.0,1.0,0.8444444444444444,0.15555555555555556,-1
"F[0,1](Calcium >= 0.176 | AST >= 0.138)
",-9999999.000,-9999999.000,0.000,0.000,1.000,19,0,0,4,23,0,19,4,0.8260869565217391,0.0,0.0,1.0,0.8444444444444444,0.15555555555555556,-1
"F[0,1](((Hgb <= 8.011 | Temp >= 4.907) -> MAP >= 7.877) & Creatinine <= 13.486)
",-9999999.000,-9999999.000,0.000,0.000,1.000,19,0,0,4,23,0,19,4,0.8260869565217391,0.0,0.0,1.0,0.8444444444444444,0.15555555555555556,-1
"((Bilirubin_total >= 0.035) U[0,1] (Creatinine >= 0.190))
",-9999999.000,-9999999.000,0.000,0.000,1.000,19,0,0,4,23,0,19,4,0.8260869565217391,0.0,0.0,1.0,0.8444444444444444,0.15555555555555556,-1
"F[0,1]((Hgb <= 1.453 -> Potassium >= 0.129) & HCO3 <= 1.705)
",-9999999.000,-9999999.000,0.000,0.000,1.000,19,0,0,4,23,0,19,4,0.8260869565217391,0.0,0.0,1.0,0.8444444444444444,0.15555555555555556,-1
"G[0,1](((BaseExcess >= 0.000 -> Lactate >= 0.000) & Potassium <= 0.000) & Calcium >= 0.000)
",9999999.000,9999999.000,0.000,1.000,0.000,19,0,1,3,22,1,20,3,0.8636363636363636,0.0,1.0,0.95,0.8444444444444444,0.15555555555555556,1
"G[1,1]((Phosphate <= 0.000 -> Magnesium <= 1.383) -> Temp <= 0.749)
",-0.749,-0.749,0.000,1.000,0.000,17,0,1,5,22,1,18,5,0.7727272727272727,0.0,1.0,0.9444444444444444,0.7555555555555555,0.24444444444444446,1
"F[1,1](((O2Sat <= 56.106 -> Platelets >= 1.888) | Lactate >= 0.601) | Bilirubin_direct >= 3.423)
",-5416101664966932.000,-0.601,0.000,0.000,1.000,16,0,0,7,23,0,16,7,0.6956521739130435,0.0,0.0,1.0,0.7111111111111111,0.28888888888888886,-1
"G[1,1](Temp <= 28.675 & BaseExcess <= 0.000)
",0.000,0.000,0.000,1.000,0.000,16,0,1,6,22,1,17,6,0.7272727272727273,0.0,1.0,0.9411764705882353,0.7111111111111111,0.28888888888888886,1
"F[0,0](HR <= 58.017 & Temp <= 27.737)
",-6892283930436963.000,-25073.983,0.000,0.000,1.000,15,0,0,8,23,0,15,8,0.6521739130434783,0.0,0.0,1.0,0.6666666666666666,0.33333333333333337,-1
"G[1,1](((Creatinine <= 4.155 & Bilirubin_total >= 0.036) | HR >= 0.022) | Bilirubin_direct >= 0.038)
",-3185192014188962.000,-0.022,0.000,1.000,0.000,13,0,1,9,22,1,14,9,0.5909090909090909,0.0,1.0,0.9285714285714286,0.5777777777777777,0.4222222222222223,1
"G[1,1]((HR >= 10.769 & TroponinI >= 0.000) & SBP <= 0.000)
",-10.769,-10.769,0.000,1.000,0.000,13,0,1,9,22,1,14,9,0.5909090909090909,0.0,1.0,0.9285714285714286,0.5777777777777777,0.4222222222222223,1
"((BUN <= 66.849) U[0,0] (O2Sat <= 81.425))
",9.176,68.545,0.000,0.000,1.000,11,0,0,12,23,0,11,12,0.4782608695652174,0.0,0.0,1.0,0.4888888888888889,0.5111111111111111,-1
"G[0,0](((AST >= 0.537 & Potassium <= 3.519) -> TroponinI <= 5.053) & Resp <= 3.510)
",-18.159,-4.967,0.000,1.000,0.000,10,0,0,13,23,0,10,13,0.43478260869565216,0.0,0.0,1.0,0.4444444444444444,0.5555555555555556,1
"G[0,1](DBP <= 0.000 & Temp <= 24.250)
",9999999.000,9999999.000,0.000,1.000,0.000,10,0,1,12,22,1,11,12,0.45454545454545453,0.0,1.0,0.9090909090909091,0.4444444444444444,0.5555555555555556,1
"F[0,1]((pH <= 0.000 & Temp >= 0.561) & PTT <= 24.834)
",-9999999.000,-9999999.000,0.000,0.000,1.000,10,0,0,13,23,0,10,13,0.43478260869565216,0.0,0.0,1.0,0.4444444444444444,0.5555555555555556,-1
"((DBP >= 0.000) U[0,1] (Temp >= 4.613))
",-9999999.000,-9999999.000,0.000,0.000,1.000,10,0,0,13,23,0,10,13,0.43478260869565216,0.0,0.0,1.0,0.4444444444444444,0.5555555555555556,-1
"G[1,1](((AST >= 0.309 | HR >= 12.365) -> HR <= 53.468) | Lactate >= 19.417)
",-2732693364888530.000,-19.417,0.000,1.000,0.000,9,0,1,13,22,1,10,13,0.4090909090909091,0.0,1.0,0.9,0.4,0.6,1
"G[0,1](((Creatinine >= 0.321 | O2Sat >= 23.101) & WBC <= 78.861) -> BUN >= 21.624)
",9999999.000,9999999.000,0.000,1.000,0.000,9,0,0,14,23,0,9,14,0.391304347826087,0.0,0.0,1.0,0.4,0.6,1
"((HR >= 40.135) U[1,2] (SepsisLabel = 0.000))
",-9999999.000,-9999999.000,0.000,0.000,1.000,8,0,0,15,23,0,8,15,0.34782608695652173,0.0,0.0,1.0,0.35555555555555557,0.6444444444444444,-1
"F[0,1]((MAP <= 15.367 & O2Sat <= 69.274) -> Lactate >= 5.367)
",-9999999.000,-9999999.000,0.000,0.000,1.000,8,0,0,15,23,0,8,15,0.34782608695652173,0.0,0.0,1.0,0.35555555555555557,0.6444444444444444,-1
"((HR >= 21.595) U[1,1] (SBP >= 0.000))
",0.000,0.000,0.000,0.000,1.000,8,0,0,15,23,0,8,15,0.34782608695652173,0.0,0.0,1.0,0.35555555555555557,0.6444444444444444,-1
"((HR >= 40.524) U[1,2] (SepsisLabel = 0.000))
",-9999999.000,-9999999.000,0.000,0.000,1.000,8,0,0,15,23,0,8,15,0.34782608695652173,0.0,0.0,1.0,0.35555555555555557,0.6444444444444444,-1
"F[0,0](SepsisLabel >= 0.000 -> HR >= 1.133)
",-6907920051449999.000,-25130.867,0.000,0.000,1.000,8,0,0,15,23,0,8,15,0.34782608695652173,0.0,0.0,1.0,0.35555555555555557,0.6444444444444444,-1
"G[1,1]((BUN >= 4.485 -> FiO2 <= 0.120) & O2Sat >= 0.004)
",-0.120,-0.120,0.000,1.000,0.000,6,0,1,16,22,1,7,16,0.2727272727272727,0.0,1.0,0.8571428571428571,0.26666666666666666,0.7333333333333334,1
"F[0,1]((Glucose <= 27.234 -> MAP <= 41.300) & HR <= 15.697)
",-9999999.000,-9999999.000,0.000,0.000,1.000,6,0,0,17,23,0,6,17,0.2608695652173913,0.0,0.0,1.0,0.26666666666666666,0.7333333333333334,-1
"F[1,1](((Phosphate <= 0.000 | EtCO2 >= 0.000) -> Bilirubin_total >= 0.000) & O2Sat <= 0.000)
",0.000,0.000,0.000,0.000,1.000,6,0,0,17,23,0,6,17,0.2608695652173913,0.0,0.0,1.0,0.26666666666666666,0.7333333333333334,-1
"G[1,1](Temp >= 4.947 & Platelets <= 91.894)
",-4.947,-4.947,0.000,1.000,0.000,5,0,1,17,22,1,6,17,0.22727272727272727,0.0,1.0,0.8333333333333334,0.2222222222222222,0.7777777777777778,1
"((BUN >= 5.857) U[1,2] (Temp >= 8.321))
",-9999999.000,-9999999.000,0.000,0.000,1.000,5,0,0,18,23,0,5,18,0.21739130434782608,0.0,0.0,1.0,0.2222222222222222,0.7777777777777778,-1
"((Glucose >= 8.439) U[1,2] (Temp >= 3.811))
",-9999999.000,-9999999.000,0.000,0.000,1.000,5,0,0,18,23,0,5,18,0.21739130434782608,0.0,0.0,1.0,0.2222222222222222,0.7777777777777778,-1
"G[0,1](((Calcium <= 5.981 -> Platelets >= 4.175) -> Chloride >= 2.420) -> O2Sat >= 4.250)
",9999999.000,9999999.000,0.000,1.000,0.000,4,0,1,18,22,1,5,18,0.18181818181818182,0.0,1.0,0.8,0.17777777777777778,0.8222222222222222,1
"F[0,1](FiO2 >= 0.000 & Resp >= 7.721)
",-9999999.000,-9999999.000,0.000,0.000,1.000,3,0,0,20,23,0,3,20,0.13043478260869565,0.0,0.0,1.0,0.13333333333333333,0.8666666666666667,-1
"((Bilirubin_total <= 0.205) U[0,1] (Resp >= 9.107))
",-9999999.000,-9999999.000,0.000,0.000,1.000,3,0,0,20,23,0,3,20,0.13043478260869565,0.0,0.0,1.0,0.13333333333333333,0.8666666666666667,-1
"F[0,1](((Calcium >= 0.184 | Resp <= 25.487) | Resp <= 10.203) & O2Sat <= 15.187)
",-9999999.000,-9999999.000,0.000,0.000,1.000,2,0,0,21,23,0,2,21,0.08695652173913043,0.0,0.0,1.0,0.08888888888888889,0.9111111111111111,-1
"G[1,1]((EtCO2 >= 0.000 -> Hgb <= 1.965) -> FiO2 >= 0.155)
",2796205855998638.000,0.155,0.000,1.000,0.000,2,0,1,20,22,1,3,20,0.09090909090909091,0.0,1.0,0.6666666666666666,0.08888888888888889,0.9111111111111111,1
"G[1,1]((SepsisLabel >= 0.000 & Potassium >= 0.173) & SBP <= 1.828)
",-6228298736943732.000,-0.173,0.000,1.000,0.000,2,0,1,20,22,1,3,20,0.09090909090909091,0.0,1.0,0.6666666666666666,0.08888888888888889,0.9111111111111111,1
"F[0,1]((Hgb >= 0.162 -> PaCO2 >= 0.000) & Resp <= 0.000)
",-9999999.000,-9999999.000,0.000,0.000,1.000,2,0,0,21,23,0,2,21,0.08695652173913043,0.0,0.0,1.0,0.08888888888888889,0.9111111111111111,-1
"((Temp <= 35.115) U[0,1] (O2Sat <= 83.860))
",-9999999.000,-9999999.000,0.000,0.000,1.000,2,0,0,21,23,0,2,21,0.08695652173913043,0.0,0.0,1.0,0.08888888888888889,0.9111111111111111,-1
"((SBP <= 0.000) U[1,1] (Creatinine <= 5.078))
",5.078,5.078,0.000,0.000,1.000,2,0,0,21,23,0,2,21,0.08695652173913043,0.0,0.0,1.0,0.08888888888888889,0.9111111111111111,-1
"F[1,1](PTT >= 0.000 -> Hgb <= 4.418)
",-4.418,-4.418,0.000,0.000,1.000,1,0,0,22,23,0,1,22,0.043478260869565216,0.0,0.0,1.0,0.044444444444444446,0.9555555555555556,-1
"F[1,1](Hgb <= 6.545 | Hct <= 12.147)
",6838416761048351.000,12.147,0.000,0.000,1.000,1,0,0,22,23,0,1,22,0.043478260869565216,0.0,0.0,1.0,0.044444444444444446,0.9555555555555556,-1
"G[1,1](Magnesium >= 0.067 & WBC >= 0.286)
",-5159172260347188.000,-0.286,0.000,1.000,0.000,1,0,1,21,22,1,2,21,0.045454545454545456,0.0,1.0,0.5,0.044444444444444446,0.9555555555555556,1
"G[1,1](Platelets <= 28.966 -> WBC >= 0.190)
",-8153121512077603.000,-28.966,0.000,1.000,0.000,1,0,1,21,22,1,2,21,0.045454545454545456,0.0,1.0,0.5,0.044444444444444446,0.9555555555555556,1
"G[0,1](((Alkalinephos >= 3.280 | Potassium <= 1.818) & HR <= 2.397) & Chloride <= 3.558)
",9999999.000,9999999.000,0.000,1.000,0.000,1,0,0,22,23,0,1,22,0.043478260869565216,0.0,0.0,1.0,0.044444444444444446,0.9555555555555556,1
"G[0,0](((Magnesium >= 0.083 & Potassium >= 0.074) -> Fibrinogen >= 0.133) -> Potassium >= 0.190)
",-0.742,-0.058,0.000,1.000,0.000,1,0,0,22,23,0,1,22,0.043478260869565216,0.0,0.0,1.0,0.044444444444444446,0.9555555555555556,1
"G[1,1](((Hgb <= 5.595 | Hct <= 16.858) -> WBC >= 0.163) & Platelets >= 1.483)
",-16.858,-16.858,0.000,1.000,0.000,1,0,1,21,22,1,2,21,0.045454545454545456,0.0,1.0,0.5,0.044444444444444446,0.9555555555555556,1
"G[0,0]((FiO2 >= 0.001 | WBC <= 8.566) -> Hct >= 0.398)
",-4822012223305505.000,-8.566,0.000,1.000,0.000,1,0,0,22,23,0,1,22,0.043478260869565216,0.0,0.0,1.0,0.044444444444444446,0.9555555555555556,1
"F[1,1](((BUN >= 3.083 | Platelets >= 1.500) -> Resp >= 4.493) -> BUN <= 10.575)
",-5953030213936508.000,-10.575,0.000,0.000,1.000,1,0,0,22,23,0,1,22,0.043478260869565216,0.0,0.0,1.0,0.044444444444444446,0.9555555555555556,-1
"((Hct <= 23.262) U[1,1] (SBP <= 0.000))
",6547641625118881.000,23.262,0.000,0.000,1.000,1,0,0,22,23,0,1,22,0.043478260869565216,0.0,0.0,1.0,0.044444444444444446,0.9555555555555556,-1
"F[1,1]((Phosphate >= 0.000 & Magnesium > 0.036) -> Calcium < 6.841)
",-7702823251699594.000,-6.841,0.000,0.000,1.000,1,0,0,22,23,0,1,22,0.043478260869565216,0.0,0.0,1.0,0.044444444444444446,0.9555555555555556,-1
"F[0,0](((Hct <= 15.432 -> AST >= 0.154) | BUN >= 0.175) -> Glucose <= 14.383)
",-8.083,-14.969,0.000,0.000,1.000,1,0,0,22,23,0,1,22,0.043478260869565216,0.0,0.0,1.0,0.044444444444444446,0.9555555555555556,-1
"F[0,1](((HR <= 46.181 & Potassium <= 1.664) & DBP <= 3.970) -> SBP >= 0.117)
",-9999999.000,-9999999.000,0.000,0.000,1.000,1,0,0,22,23,0,1,22,0.043478260869565216,0.0,0.0,1.0,0.044444444444444446,0.9555555555555556,-1
"F[0,0]((Phosphate >= 0.000 & Magnesium > 0.079) -> Calcium < 2.123)
",-3.037,-1.923,0.000,0.000,1.000,1,0,0,22,23,0,1,22,0.043478260869565216,0.0,0.0,1.0,0.044444444444444446,0.9555555555555556,-1
"((Bilirubin_total <= 0.541) U[1,2] (Magnesium <= 1.718))
",-9999999.000,-9999999.000,0.000,0.000,1.000,1,0,0,22,23,0,1,22,0.043478260869565216,0.0,0.0,1.0,0.044444444444444446,0.9555555555555556,-1
"F[1,1](((Calcium >= 0.102 | HR >= 23.023) & Glucose >= 9.253) -> O2Sat <= 61.825)
",-4350559183072174.500,-61.825,0.000,0.000,1.000,1,0,0,22,23,0,1,22,0.043478260869565216,0.0,0.0,1.0,0.044444444444444446,0.9555555555555556,-1
"F[0,0]((Calcium <= 0.602 -> TroponinI >= 0.000) -> WBC <= 0.000)
",0.000,0.000,0.000,0.000,1.000,1,0,0,22,23,0,1,22,0.043478260869565216,0.0,0.0,1.0,0.044444444444444446,0.9555555555555556,-1
"F[1,1](Temp >= 6.270 -> WBC <= 6.770)
",-7622264865585635.000,-6.770,0.000,0.000,1.000,1,0,0,22,23,0,1,22,0.043478260869565216,0.0,0.0,1.0,0.044444444444444446,0.9555555555555556,-1
"G[1,1](Platelets <= 94.356 -> WBC >= 0.422)
",-3319853931601614.000,-94.356,0.000,1.000,0.000,1,0,1,21,22,1,2,21,0.045454545454545456,0.0,1.0,0.5,0.044444444444444446,0.9555555555555556,1
"F[1,1](Hgb <= 4.671 | Hct <= 17.333)
",4878886942208351.000,17.333,0.000,0.000,1.000,1,0,0,22,23,0,1,22,0.043478260869565216,0.0,0.0,1.0,0.044444444444444446,0.9555555555555556,-1
"((O2Sat <= 82.325) U[0,0] (Potassium <= 4.210))
",1.087,28.143,0.000,0.000,1.000,1,0,0,22,23,0,1,22,0.043478260869565216,0.0,0.0,1.0,0.044444444444444446,0.9555555555555556,-1
"((FiO2 >= 0.005) U[1,2] (Hct >= 0.886))
",-9999999.000,-9999999.000,0.000,0.000,1.000,1,0,0,22,23,0,1,22,0.043478260869565216,0.0,0.0,1.0,0.044444444444444446,0.9555555555555556,-1
"F[0,0](EtCO2 >= 0.000 -> MAP <= 55.023)
",-7743744238279393.000,-55.023,0.000,0.000,1.000,1,0,0,22,23,0,1,22,0.043478260869565216,0.0,0.0,1.0,0.044444444444444446,0.9555555555555556,-1
"((HCO3 >= 0.000) U[1,1] (Hgb <= 6.458))
",7271129681148351.000,6.458,0.000,0.000,1.000,1,0,0,22,23,0,1,22,0.043478260869565216,0.0,0.0,1.0,0.044444444444444446,0.9555555555555556,-1
"F[1,1](((Alkalinephos >= 1.112 -> Glucose <= 53.724) & Calcium <= 167.918) | Resp <= 14.887)
",8380739518862902.000,14.887,0.000,0.000,1.000,1,0,0,22,23,0,1,22,0.043478260869565216,0.0,0.0,1.0,0.044444444444444446,0.9555555555555556,-1
"G[0,0](((Hgb <= 1.498 | Hct <= 25.779) -> WBC >= 0.303) & Platelets >= 1.446)
",-7256234014001919.000,-25.779,0.000,1.000,0.000,1,0,0,22,23,0,1,22,0.043478260869565216,0.0,0.0,1.0,0.044444444444444446,0.9555555555555556,1
"G[1,1]((SaO2 <= 0.000 & AST <= 19.728) -> Fibrinogen >= 0.608)
",0.000,0.000,0.000,1.000,0.000,1,0,1,21,22,1,2,21,0.045454545454545456,0.0,1.0,0.5,0.044444444444444446,0.9555555555555556,1
"F[0,2](Calcium >= 0.155 -> HR >= 31.588)
",-9999999.000,-9999999.000,0.000,0.000,1.000,0,0,0,23,23,0,0,23,0.0,0.0,0.0,0.0,0.0,1.0,-1
"F[0,1](Hgb < 2.962 -> SepsisLabel = 0.000)
",-9999999.000,-9999999.000,0.000,0.000,1.000,0,0,0,23,23,0,0,23,0.0,0.0,0.0,0.0,0.0,1.0,-1
"((Chloride >= 0.000) U[1,2] (SepsisLabel = 0.000))
",-9999999.000,-9999999.000,0.000,0.000,1.000,0,0,0,23,23,0,0,23,0.0,0.0,0.0,0.0,0.0,1.0,-1
"F[1,1](EtCO2 >= 0.000 -> SepsisLabel = 0.000)
",0.000,0.000,0.000,0.000,1.000,0,0,0,23,23,0,0,23,0.0,0.0,0.0,0.0,0.0,1.0,-1
"((Fibrinogen < 0.000) U[0,0] (SepsisLabel = 0.000))
",-0.315,-0.886,0.000,0.000,1.000,0,0,0,23,23,0,0,23,0.0,0.0,0.0,0.0,0.0,1.0,-1
"((BaseExcess <= 0.000) U[0,1] (SepsisLabel = 0.000))
",-9999999.000,-9999999.000,0.000,0.000,1.000,0,0,0,23,23,0,0,23,0.0,0.0,0.0,0.0,0.0,1.0,-1
"F[0,2](Temp > 0.953 & SepsisLabel = 0.000)
",-9999999.000,-9999999.000,0.000,0.000,1.000,0,0,0,23,23,0,0,23,0.0,0.0,0.0,0.0,0.0,1.0,-1
"((HR > 1.006) U[0,1] (SepsisLabel = 0.000))
",-9999999.000,-9999999.000,0.000,0.000,1.000,0,0,0,23,23,0,0,23,0.0,0.0,0.0,0.0,0.0,1.0,-1
"F[1,2](FiO2 > 0.004 -> SepsisLabel = 0.000)
",-9999999.000,-9999999.000,0.000,0.000,1.000,0,0,0,23,23,0,0,23,0.0,0.0,0.0,0.0,0.0,1.0,-1
"F[1,2](Hgb > 0.143 & SepsisLabel = 0.000)
",-9999999.000,-9999999.000,0.000,0.000,1.000,0,0,0,23,23,0,0,23,0.0,0.0,0.0,0.0,0.0,1.0,-1
"((pH >= 0.000) U[1,2] (SepsisLabel = 0.000))
",-9999999.000,-9999999.000,0.000,0.000,1.000,0,0,0,23,23,0,0,23,0.0,0.0,0.0,0.0,0.0,1.0,-1
"F[1,2](HR <= 71.827 -> SepsisLabel = 0.000)
",-9999999.000,-9999999.000,0.000,0.000,1.000,0,0,0,23,23,0,0,23,0.0,0.0,0.0,0.0,0.0,1.0,-1
"((Alkalinephos < 5.017) U[0,1] (SepsisLabel = 0.000))
",-9999999.000,-9999999.000,0.000,0.000,1.000,0,0,0,23,23,0,0,23,0.0,0.0,0.0,0.0,0.0,1.0,-1
"F[0,1](BUN > 4.623 -> SepsisLabel = 0.000)
",-9999999.000,-9999999.000,0.000,0.000,1.000,0,0,0,23,23,0,0,23,0.0,0.0,0.0,0.0,0.0,1.0,-1
"F[1,2](pH < 0.000 -> SepsisLabel = 0.000)
",-9999999.000,-9999999.000,0.000,0.000,1.000,0,0,0,23,23,0,0,23,0.0,0.0,0.0,0.0,0.0,1.0,-1
"F[2,2](Bilirubin_total <= 0.318 & WBC <= 4.896)
",5724067546724660.000,0.318,0.000,0.000,1.000,0,0,0,23,23,0,0,23,0.0,0.0,0.0,0.0,0.0,1.0,-1
"((PTT >= 0.000) U[0,1] (SepsisLabel = 0.000))
",-9999999.000,-9999999.000,0.000,0.000,1.000,0,0,0,23,23,0,0,23,0.0,0.0,0.0,0.0,0.0,1.0,-1
"F[1,1](Chloride <= 0.000 & SepsisLabel = 0.000)
",0.000,0.000,0.000,0.000,1.000,0,0,0,23,23,0,0,23,0.0,0.0,0.0,0.0,0.0,1.0,-1
"F[0,2](((PaCO2 <= 0.000 -> Chloride <= 0.000) & Fibrinogen <= 0.000) -> PTT <= 0.000)
",-9999999.000,-9999999.000,0.000,0.000,1.000,0,0,0,23,23,0,0,23,0.0,0.0,0.0,0.0,0.0,1.0,-1
"F[0,2](PaCO2 >= 0.000 & Resp <= 20.410)
",-9999999.000,-9999999.000,0.000,0.000,1.000,0,0,0,23,23,0,0,23,0.0,0.0,0.0,0.0,0.0,1.0,-1
"F[1,2]((HR >= 1.769 -> Glucose >= 6.163) & Resp >= 7.973)
",-9999999.000,-9999999.000,0.000,0.000,1.000,0,0,0,23,23,0,0,23,0.0,0.0,0.0,0.0,0.0,1.0,-1
"F[2,2]((Potassium >= 0.258 & Hgb <= 1.516) & pH <= 2.005)
",-4643861420666588.000,-0.258,0.000,0.000,1.000,0,0,0,23,23,0,0,23,0.0,0.0,0.0,0.0,0.0,1.0,-1
"((Hct >= 0.476) U[0,2] (Platelets <= 68.813))
",-9999999.000,-9999999.000,0.000,0.000,1.000,0,0,0,23,23,0,0,23,0.0,0.0,0.0,0.0,0.0,1.0,-1
"F[0,2]((Magnesium <= 0.649 | DBP <= 0.000) -> Platelets >= 0.000)
",-9999999.000,-9999999.000,0.000,0.000,1.000,0,0,0,23,23,0,0,23,0.0,0.0,0.0,0.0,0.0,1.0,-1
"((Potassium <= 0.865) U[1,2] (AST >= 0.571))
",-9999999.000,-9999999.000,0.000,0.000,1.000,0,0,0,23,23,0,0,23,0.0,0.0,0.0,0.0,0.0,1.0,-1
"F[0,1]((Magnesium >= 0.086 | Bilirubin_direct <= 0.000) | Creatinine <= 0.000)
",-9999999.000,-9999999.000,0.000,0.000,1.000,0,0,0,23,23,0,0,23,0.0,0.0,0.0,0.0,0.0,1.0,-1
"F[0,2](Phosphate <= 0.000 & Calcium <= 3.404)
",-9999999.000,-9999999.000,0.000,0.000,1.000,0,0,0,23,23,0,0,23,0.0,0.0,0.0,0.0,0.0,1.0,-1
"F[1,2](((Potassium <= 4.182 & SBP <= 0.000) -> Creatinine <= 0.000) | Chloride <= 0.000)
",-9999999.000,-9999999.000,0.000,0.000,1.000,0,0,0,23,23,0,0,23,0.0,0.0,0.0,0.0,0.0,1.0,-1
"F[0,1](((Glucose >= 11.913 | AST <= 9.899) & SaO2 >= 0.638) -> MAP <= 19.552)
",-9999999.000,-9999999.000,0.000,0.000,1.000,0,0,0,23,23,0,0,23,0.0,0.0,0.0,0.0,0.0,1.0,-1
"F[2,2](FiO2 >= 0.004 & Hgb <= 3.363)
",-5060646101568607.000,-0.004,0.000,0.000,1.000,0,0,0,23,23,0,0,23,0.0,0.0,0.0,0.0,0.0,1.0,-1
"F[1,1](((HR <= 61.669 -> MAP >= 1.749) -> EtCO2 <= 51.153) | Resp >= 2.575)
",-5798944348609188.000,-2.575,0.000,0.000,1.000,0,0,0,23,23,0,0,23,0.0,0.0,0.0,0.0,0.0,1.0,-1
"F[0,1](SBP < 0.000 -> SepsisLabel = 0.000)
",-9999999.000,-9999999.000,0.000,0.000,1.000,0,0,0,23,23,0,0,23,0.0,0.0,0.0,0.0,0.0,1.0,-1
"((HCO3 >= 0.000) U[0,1] (SepsisLabel = 0.000))
",-9999999.000,-9999999.000,0.000,0.000,1.000,0,0,0,23,23,0,0,23,0.0,0.0,0.0,0.0,0.0,1.0,-1
"F[2,2](Glucose > 4.168 & SepsisLabel = 0.000)
",-4692883523720127.000,-4.168,0.000,0.000,1.000,0,0,0,23,23,0,0,23,0.0,0.0,0.0,0.0,0.0,1.0,-1
"F[0,2](Platelets > 3.849 & SepsisLabel = 0.000)
",-9999999.000,-9999999.000,0.000,0.000,1.000,0,0,0,23,23,0,0,23,0.0,0.0,0.0,0.0,0.0,1.0,-1
"G[0,2](((Glucose <= 111.173 | HCO3 <= 0.000) & Magnesium <= 0.000) & AST >= 0.000)
",9999999.000,9999999.000,0.000,1.000,0.000,0,0,21,2,2,21,21,2,0.0,0.0,1.0,0.0,0.0,1.0,1
"F[0,1]((Calcium <= 5.236 -> Potassium >= 0.202) -> Creatinine <= 3.990)
",-9999999.000,-9999999.000,0.000,0.000,1.000,0,0,0,23,23,0,0,23,0.0,0.0,0.0,0.0,0.0,1.0,-1
"((O2Sat >= 2.158) U[0,1] (SepsisLabel >= 0.000))
",-9999999.000,-9999999.000,0.000,0.000,1.000,0,0,0,23,23,0,0,23,0.0,0.0,0.0,0.0,0.0,1.0,-1
"((pH >= 0.000) U[0,1] (PaCO2 <= 0.000))
",-9999999.000,-9999999.000,0.000,0.000,1.000,0,0,0,23,23,0,0,23,0.0,0.0,0.0,0.0,0.0,1.0,-1
"F[1,1](Creatinine <= 1.059 -> Fibrinogen <= 0.000)
",-4768816644663724.000,-1.059,0.000,0.000,1.000,0,0,0,23,23,0,0,23,0.0,0.0,0.0,0.0,0.0,1.0,-1
"((Magnesium <= 1.005) U[1,2] (FiO2 <= 0.060))
",-9999999.000,-9999999.000,0.000,0.000,1.000,0,0,0,23,23,0,0,23,0.0,0.0,0.0,0.0,0.0,1.0,-1
"F[0,1](Fibrinogen >= 0.000 | Magnesium >= 0.085)
",-9999999.000,-9999999.000,0.000,0.000,1.000,0,0,0,23,23,0,0,23,0.0,0.0,0.0,0.0,0.0,1.0,-1
"F[0,2]((BUN <= 14.410 & Hgb >= 0.346) | Potassium >= 0.172)
",-9999999.000,-9999999.000,0.000,0.000,1.000,0,0,0,23,23,0,0,23,0.0,0.0,0.0,0.0,0.0,1.0,-1
"F[0,2](((Resp <= 12.493 -> EtCO2 >= 0.000) | BaseExcess <= 0.000) & PTT >= 0.000)
",-9999999.000,-9999999.000,0.000,0.000,1.000,0,0,0,23,23,0,0,23,0.0,0.0,0.0,0.0,0.0,1.0,-1
"F[0,0](SepsisLabel >= 0.000 -> Phosphate >= 0.000)
",-0.316,-10.955,0.000,0.000,1.000,0,0,0,23,23,0,0,23,0.0,0.0,0.0,0.0,0.0,1.0,-1
"F[1,2](Calcium <= 6.480 | Potassium <= 1.447)
",-9999999.000,-9999999.000,0.000,0.000,1.000,0,0,0,23,23,0,0,23,0.0,0.0,0.0,0.0,0.0,1.0,-1
"F[1,2](((Hct <= 20.711 & SBP <= 0.000) | Magnesium >= 0.000) | Alkalinephos <= 0.000)
",-9999999.000,-9999999.000,0.000,0.000,1.000,0,0,0,23,23,0,0,23,0.0,0.0,0.0,0.0,0.0,1.0,-1
"F[1,2]((Magnesium >= 0.093 -> SepsisLabel >= 0.000) -> Bilirubin_direct >= 0.000)
",-9999999.000,-9999999.000,0.000,0.000,1.000,0,0,0,23,23,0,0,23,0.0,0.0,0.0,0.0,0.0,1.0,-1
"F[0,1](((Hct <= 21.756 -> SepsisLabel <= 0.000) -> BaseExcess >= 0.000) | BUN >= 0.000)
",-9999999.000,-9999999.000,0.000,0.000,1.000,0,0,0,23,23,0,0,23,0.0,0.0,0.0,0.0,0.0,1.0,-1
"F[1,2]((Lactate >= 0.000 -> Magnesium >= 0.043) | BUN <= 1.136)
",-9999999.000,-9999999.000,0.000,0.000,1.000,0,0,0,23,23,0,0,23,0.0,0.0,0.0,0.0,0.0,1.0,-1
"F[1,2](Chloride >= 0.000 & Alkalinephos >= 1.052)
",-9999999.000,-9999999.000,0.000,0.000,1.000,0,0,0,23,23,0,0,23,0.0,0.0,0.0,0.0,0.0,1.0,-1
"F[2,2](((DBP >= 0.000 -> Hgb >= 0.043) -> BUN >= 0.250) | Hct <= 1.901)
",2853180825741806.500,1.901,0.000,0.000,1.000,0,0,0,23,23,0,0,23,0.0,0.0,0.0,0.0,0.0,1.0,-1
"F[1,2]((HR <= 66.519 -> Calcium >= 0.399) | SepsisLabel >= 0.001)
",-9999999.000,-9999999.000,0.000,0.000,1.000,0,0,0,23,23,0,0,23,0.0,0.0,0.0,0.0,0.0,1.0,-1
"F[0,1](pH >= 0.000 & Magnesium <= 1.615)
",-9999999.000,-9999999.000,0.000,0.000,1.000,0,0,0,23,23,0,0,23,0.0,0.0,0.0,0.0,0.0,1.0,-1
"F[1,2]((SBP <= 0.000 | pH >= 0.000) & EtCO2 >= 0.000)
",-9999999.000,-9999999.000,0.000,0.000,1.000,0,0,0,23,23,0,0,23,0.0,0.0,0.0,0.0,0.0,1.0,-1
"((DBP <= 0.000) U[0,1] (HR <= 75.130))
",-9999999.000,-9999999.000,0.000,0.000,1.000,0,0,0,23,23,0,0,23,0.0,0.0,0.0,0.0,0.0,1.0,-1
"F[0,0](SBP <= 0.000 & TroponinI >= 0.000)
",-0.832,-14.891,0.000,0.000,1.000,0,0,0,23,23,0,0,23,0.0,0.0,0.0,0.0,0.0,1.0,-1
"((pH <= 0.000) U[2,2] (Hgb >= 0.188))
",0.000,0.000,0.000,0.000,1.000,0,0,0,23,23,0,0,23,0.0,0.0,0.0,0.0,0.0,1.0,-1
"((DBP >= 0.000) U[0,2] (Platelets <= 26.466))
",-9999999.000,-9999999.000,0.000,0.000,1.000,0,0,0,23,23,0,0,23,0.0,0.0,0.0,0.0,0.0,1.0,-1
"((PaCO2 >= 0.000) U[0,2] (Phosphate <= 0.000))
",-9999999.000,-9999999.000,0.000,0.000,1.000,0,0,0,23,23,0,0,23,0.0,0.0,0.0,0.0,0.0,1.0,-1
"F[0,1](((Chloride <= 0.000 | Fibrinogen <= 0.000) | SepsisLabel >= 0.000) -> PTT >= 0.000)
",-9999999.000,-9999999.000,0.000,0.000,1.000,0,0,0,23,23,0,0,23,0.0,0.0,0.0,0.0,0.0,1.0,-1
"F[0,2](Bilirubin_total >= 0.010 | Temp <= 11.691)
",-9999999.000,-9999999.000,0.000,0.000,1.000,0,0,0,23,23,0,0,23,0.0,0.0,0.0,0.0,0.0,1.0,-1
"F[1,2]((HCO3 <= 0.000 | HCO3 >= 0.000) & PTT >= 0.000)
",-9999999.000,-9999999.000,0.000,0.000,1.000,0,0,0,23,23,0,0,23,0.0,0.0,0.0,0.0,0.0,1.0,-1
"F[1,2](((HCO3 >= 0.000 -> WBC >= 0.367) | PTT >= 0.261) -> DBP >= 0.412)
",-9999999.000,-9999999.000,0.000,0.000,1.000,0,0,0,23,23,0,0,23,0.0,0.0,0.0,0.0,0.0,1.0,-1
"F[0,1](((WBC >= 0.126 & BaseExcess <= 0.000) -> Fibrinogen >= 0.000) | MAP <= 0.000)
",-9999999.000,-9999999.000,0.000,0.000,1.000,0,0,0,23,23,0,0,23,0.0,0.0,0.0,0.0,0.0,1.0,-1
"F[0,2](((PTT >= 0.000 & PTT <= 0.000) & Fibrinogen <= 0.000) | Potassium >= 0.000)
",-9999999.000,-9999999.000,0.000,0.000,1.000,0,0,0,23,23,0,0,23,0.0,0.0,0.0,0.0,0.0,1.0,-1
"F[0,1](((Glucose >= 8.579 -> Creatinine <= 1.648) & Bilirubin_direct >= 0.288) | Bilirubin_direct <= 6.441)
",-9999999.000,-9999999.000,0.000,0.000,1.000,0,0,0,23,23,0,0,23,0.0,0.0,0.0,0.0,0.0,1.0,-1
"F[2,2]((Phosphate >= 0.000 & pH >= 0.000) | HR >= 0.000)
",0.000,0.000,0.000,0.000,1.000,0,0,0,23,23,0,0,23,0.0,0.0,0.0,0.0,0.0,1.0,-1
"F[0,2](MAP <= 69.083 | TroponinI >= 0.000)
",-9999999.000,-9999999.000,0.000,0.000,1.000,0,0,0,23,23,0,0,23,0.0,0.0,0.0,0.0,0.0,1.0,-1
"F[1,2]((HCO3 <= 0.000 & TroponinI >= 0.000) | Resp >= 0.000)
",-9999999.000,-9999999.000,0.000,0.000,1.000,0,0,0,23,23,0,0,23,0.0,0.0,0.0,0.0,0.0,1.0,-1
"F[1,1](Creatinine >= 0.329 | Lactate >= 0.000)
",0.000,0.000,0.000,0.000,1.000,0,0,0,23,23,0,0,23,0.0,0.0,0.0,0.0,0.0,1.0,-1
"F[0,1](((Creatinine >= 0.201 | Phosphate >= 0.000) & Platelets >= 0.000) | MAP <= 0.000)
",-9999999.000,-9999999.000,0.000,0.000,1.000,0,0,0,23,23,0,0,23,0.0,0.0,0.0,0.0,0.0,1.0,-1
"F[0,1](((pH >= 0.000 & Hct >= 0.771) | BaseExcess >= 0.537) | Fibrinogen <= 8.840)
",-9999999.000,-9999999.000,0.000,0.000,1.000,0,0,0,23,23,0,0,23,0.0,0.0,0.0,0.0,0.0,1.0,-1
"((Fibrinogen >= 0.000) U[0,0] (Lactate <= 0.000))
",0.315,0.886,0.000,0.000,1.000,0,0,0,23,23,0,0,23,0.0,0.0,0.0,0.0,0.0,1.0,-1
"F[0,0]((Potassium <= 0.736 -> BUN <= 22.005) | MAP <= 48.210)
",48.210,48.210,0.000,0.000,1.000,0,0,0,23,23,0,0,23,0.0,0.0,0.0,0.0,0.0,1.0,-1
"F[2,2]((EtCO2 <= 0.000 & O2Sat <= 89.765) | Hct >= 34.497)
",0.000,0.000,0.000,0.000,1.000,0,0,0,23,23,0,0,23,0.0,0.0,0.0,0.0,0.0,1.0,-1
"F[0,2]((Calcium >= 0.474 | PaCO2 <= 0.000) | Calcium >= 0.000)
",-9999999.000,-9999999.000,0.000,0.000,1.000,0,0,0,23,23,0,0,23,0.0,0.0,0.0,0.0,0.0,1.0,-1
"((Glucose <= 118.631) U[1,2] (Creatinine >= 0.372))
",-9999999.000,-9999999.000,0.000,0.000,1.000,0,0,0,23,23,0,0,23,0.0,0.0,0.0,0.0,0.0,1.0,-1
"F[1,2](TroponinI >= 0.000 & Hct <= 25.493)
",-9999999.000,-9999999.000,0.000,0.000,1.000,0,0,0,23,23,0,0,23,0.0,0.0,0.0,0.0,0.0,1.0,-1
"F[0,2](((Creatinine <= 7.538 & BUN <= 52.603) & BaseExcess >= 0.293) -> Chloride >= 4.096)
",-9999999.000,-9999999.000,0.000,0.000,1.000,0,0,0,23,23,0,0,23,0.0,0.0,0.0,0.0,0.0,1.0,-1
"F[1,2]((DBP <= 0.000 -> MAP >= 1.063) & Potassium >= 0.623)
",-9999999.000,-9999999.000,0.000,0.000,1.000,0,0,0,23,23,0,0,23,0.0,0.0,0.0,0.0,0.0,1.0,-1
"((Bilirubin_total >= 0.026) U[0,2] (SaO2 <= 0.000))
",-9999999.000,-9999999.000,0.000,0.000,1.000,0,0,0,23,23,0,0,23,0.0,0.0,0.0,0.0,0.0,1.0,-1
"F[1,2](Glucose <= 87.112 | Chloride >= 0.000)
",-9999999.000,-9999999.000,0.000,0.000,1.000,0,0,0,23,23,0,0,23,0.0,0.0,0.0,0.0,0.0,1.0,-1
"F[0,2](((Bilirubin_direct <= 0.000 & Bilirubin_direct >= 0.000) | HCO3 >= 0.000) & Resp <= 0.000)
",-9999999.000,-9999999.000,0.000,0.000,1.000,0,0,0,23,23,0,0,23,0.0,0.0,0.0,0.0,0.0,1.0,-1
"F[1,2]((AST >= 0.120 & SepsisLabel >= 0.000) -> EtCO2 >= 0.000)
",-9999999.000,-9999999.000,0.000,0.000,1.000,0,0,0,23,23,0,0,23,0.0,0.0,0.0,0.0,0.0,1.0,-1
"F[0,2](((Phosphate <= 0.000 | O2Sat >= 11.515) | pH >= 19.104) -> HR <= 54.177)
",-9999999.000,-9999999.000,0.000,0.000,1.000,0,0,0,23,23,0,0,23,0.0,0.0,0.0,0.0,0.0,1.0,-1
"F[0,0](((Hgb <= 7.344 -> Calcium <= 2.989) | FiO2 <= 5.498) | SBP <= 7.253)
",2.002,7.747,0.000,0.000,1.000,0,0,0,23,23,0,0,23,0.0,0.0,0.0,0.0,0.0,1.0,-1
"F[1,2](Hct >= 0.063 & O2Sat >= 25.679)
",-9999999.000,-9999999.000,0.000,0.000,1.000,0,0,0,23,23,0,0,23,0.0,0.0,0.0,0.0,0.0,1.0,-1
"F[0,1]((Creatinine <= 5.995 | Magnesium <= 1.695) | Bilirubin_total <= 1.901)
",-9999999.000,-9999999.000,0.000,0.000,1.000,0,0,0,23,23,0,0,23,0.0,0.0,0.0,0.0,0.0,1.0,-1
"F[2,2](DBP >= 0.000 & BUN <= 20.182)
",0.000,0.000,0.000,0.000,1.000,0,0,0,23,23,0,0,23,0.0,0.0,0.0,0.0,0.0,1.0,-1
"F[1,1]((SaO2 >= 0.000 -> WBC <= 7.116) | MAP <= 3.616)
",8142894230258497.000,3.616,0.000,0.000,1.000,0,0,0,23,23,0,0,23,0.0,0.0,0.0,0.0,0.0,1.0,-1
"F[0,0](((PaCO2 <= 0.000 -> Chloride >= 0.000) & Lactate >= 0.000) | AST <= 0.000)
",0.000,0.000,0.000,0.000,1.000,0,0,0,23,23,0,0,23,0.0,0.0,0.0,0.0,0.0,1.0,-1
"F[2,2]((Magnesium <= 1.194 & Platelets <= 88.726) & FiO2 <= 91.039)
",5376211885526177.000,1.194,0.000,0.000,1.000,0,0,0,23,23,0,0,23,0.0,0.0,0.0,0.0,0.0,1.0,-1
"((Bilirubin_total >= 0.025) U[0,2] (Hgb >= 0.339))
",-9999999.000,-9999999.000,0.000,0.000,1.000,0,0,0,23,23,0,0,23,0.0,0.0,0.0,0.0,0.0,1.0,-1
"F[0,2](Creatinine >= 0.007 -> AST <= 2.034)
",-9999999.000,-9999999.000,0.000,0.000,1.000,0,0,0,23,23,0,0,23,0.0,0.0,0.0,0.0,0.0,1.0,-1
"F[0,2]((pH <= 0.000 & Bilirubin_direct >= 0.000) -> Lactate >= 0.000)
",-9999999.000,-9999999.000,0.000,0.000,1.000,0,0,0,23,23,0,0,23,0.0,0.0,0.0,0.0,0.0,1.0,-1
"F[1,2](Glucose <= 79.863 | Platelets >= 5.084)
",-9999999.000,-9999999.000,0.000,0.000,1.000,0,0,0,23,23,0,0,23,0.0,0.0,0.0,0.0,0.0,1.0,-1
"F[2,2](((AST >= 0.021 | Glucose >= 11.082) -> Alkalinephos >= 10.014) & Alkalinephos <= 201.503)
",3021536886258630.000,0.021,0.000,0.000,1.000,0,0,0,23,23,0,0,23,0.0,0.0,0.0,0.0,0.0,1.0,-1
"((Alkalinephos >= 3.351) U[0,1] (BUN <= 65.291))
",-9999999.000,-9999999.000,0.000,0.000,1.000,0,0,0,23,23,0,0,23,0.0,0.0,0.0,0.0,0.0,1.0,-1
"F[2,2]((Alkalinephos >= 0.444 -> WBC >= 0.311) -> BaseExcess <= 6.235)
",-7020193301201084.000,-6.235,0.000,0.000,1.000,0,0,0,23,23,0,0,23,0.0,0.0,0.0,0.0,0.0,1.0,-1
"F[0,2]((Hct >= 0.232 -> MAP <= 22.293) & EtCO2 >= 0.005)
",-9999999.000,-9999999.000,0.000,0.000,1.000,0,0,0,23,23,0,0,23,0.0,0.0,0.0,0.0,0.0,1.0,-1
"F[0,2](((Bilirubin_total <= 0.155 -> MAP >= 4.231) -> SepsisLabel >= 1.901) -> Magnesium <= 29.442)
",-9999999.000,-9999999.000,0.000,0.000,1.000,0,0,0,23,23,0,0,23,0.0,0.0,0.0,0.0,0.0,1.0,-1
"F[2,2](((O2Sat >= 31.978 | HR <= 46.467) & Potassium >= 7.273) & BaseExcess >= 14.989)
",-2812643844085382.500,-14.989,0.000,0.000,1.000,0,0,0,23,23,0,0,23,0.0,0.0,0.0,0.0,0.0,1.0,-1
"F[1,2](BUN <= 20.323 & BUN >= 1.904)
",-9999999.000,-9999999.000,0.000,0.000,1.000,0,0,0,23,23,0,0,23,0.0,0.0,0.0,0.0,0.0,1.0,-1
"F[0,2]((SepsisLabel <= 0.000 | Glucose <= 118.115) | Platelets <= 177.254)
",-9999999.000,-9999999.000,0.000,0.000,1.000,0,0,0,23,23,0,0,23,0.0,0.0,0.0,0.0,0.0,1.0,-1
"((BaseExcess >= 0.000) U[0,2] (Glucose <= 166.023))
",-9999999.000,-9999999.000,0.000,0.000,1.000,0,0,0,23,23,0,0,23,0.0,0.0,0.0,0.0,0.0,1.0,-1
"F[2,2](((PaCO2 >= 0.000 | HR <= 53.698) | Lactate <= 49.394) & EtCO2 >= 29.043)
",-29.043,-29.043,0.000,0.000,1.000,0,0,0,23,23,0,0,23,0.0,0.0,0.0,0.0,0.0,1.0,-1
"F[1,2]((Potassium <= 3.036 -> TroponinI >= 0.000) -> Resp <= 0.000)
",-9999999.000,-9999999.000,0.000,0.000,1.000,0,0,0,23,23,0,0,23,0.0,0.0,0.0,0.0,0.0,1.0,-1
"F[1,1]((HCO3 >= 0.000 | Glucose <= 112.393) -> O2Sat <= 146.985)
",-2585785312353074.000,-146.985,0.000,0.000,1.000,0,0,0,23,23,0,0,23,0.0,0.0,0.0,0.0,0.0,1.0,-1
"F[0,1]((Glucose <= 62.062 | DBP <= 0.000) -> Platelets <= 0.000)
",-9999999.000,-9999999.000,0.000,0.000,1.000,0,0,0,23,23,0,0,23,0.0,0.0,0.0,0.0,0.0,1.0,-1
"F[1,2](Alkalinephos >= 2.060 -> Fibrinogen >= 0.000)
",-9999999.000,-9999999.000,0.000,0.000,1.000,0,0,0,23,23,0,0,23,0.0,0.0,0.0,0.0,0.0,1.0,-1
"F[2,2]((BUN <= 15.773 -> WBC <= 6.765) | Bilirubin_total >= 0.257)
",-2314034889604277.500,-0.257,0.000,0.000,1.000,0,0,0,23,23,0,0,23,0.0,0.0,0.0,0.0,0.0,1.0,-1
"F[0,0]((Temp <= 19.944 | HCO3 <= 0.000) & BaseExcess >= 0.000)
",0.000,0.000,0.000,0.000,1.000,0,0,0,23,23,0,0,23,0.0,0.0,0.0,0.0,0.0,1.0,-1
"F[0,1](AST <= 12.589 -> BaseExcess <= 0.000)
",-9999999.000,-9999999.000,0.000,0.000,1.000,0,0,0,23,23,0,0,23,0.0,0.0,0.0,0.0,0.0,1.0,-1
"F[2,2](HCO3 <= 0.000 -> Temp <= 13.195)
",-7428273822767949.000,-13.195,0.000,0.000,1.000,0,0,0,23,23,0,0,23,0.0,0.0,0.0,0.0,0.0,1.0,-1
"F[0,2](Potassium <= 4.038 | SepsisLabel <= 0.000)
",-9999999.000,-9999999.000,0.000,0.000,1.000,0,0,0,23,23,0,0,23,0.0,0.0,0.0,0.0,0.0,1.0,-1
"((PTT <= 0.000) U[1,2] (Potassium <= 1.763))
",-9999999.000,-9999999.000,0.000,0.000,1.000,0,0,0,23,23,0,0,23,0.0,0.0,0.0,0.0,0.0,1.0,-1
"F[1,2](((Potassium <= 3.253 -> Hgb <= 7.017) | Chloride >= 0.362) & Bilirubin_direct <= 7.531)
",-9999999.000,-9999999.000,0.000,0.000,1.000,0,0,0,23,23,0,0,23,0.0,0.0,0.0,0.0,0.0,1.0,-1
"((SaO2 <= 0.000) U[2,2] (Magnesium >= 0.104))
",0.000,0.000,0.000,0.000,1.000,0,0,0,23,23,0,0,23,0.0,0.0,0.0,0.0,0.0,1.0,-1
"((Hgb <= 7.111) U[2,2] (MAP <= 22.803))
",6418474958399759.000,22.803,0.000,0.000,1.000,0,0,0,23,23,0,0,23,0.0,0.0,0.0,0.0,0.0,1.0,-1
"((Chloride >= 0.000) U[1,2] (TroponinI <= 0.000))
",-9999999.000,-9999999.000,0.000,0.000,1.000,0,0,0,23,23,0,0,23,0.0,0.0,0.0,0.0,0.0,1.0,-1
"((Phosphate <= 0.000) U[0,1] (Potassium <= 4.742))
",-9999999.000,-9999999.000,0.000,0.000,1.000,0,0,0,23,23,0,0,23,0.0,0.0,0.0,0.0,0.0,1.0,-1
"((FiO2 <= 0.137) U[0,1] (Glucose <= 31.976))
",-9999999.000,-9999999.000,0.000,0.000,1.000,0,0,0,23,23,0,0,23,0.0,0.0,0.0,0.0,0.0,1.0,-1
"F[0,2](HR <= 52.007 & Platelets >= 0.531)
",-9999999.000,-9999999.000,0.000,0.000,1.000,0,0,0,23,23,0,0,23,0.0,0.0,0.0,0.0,0.0,1.0,-1
"F[0,1](((Bilirubin_total >= 0.005 & HR >= 34.425) & MAP >= 8.373) -> EtCO2 >= 22.063)
",-9999999.000,-9999999.000,0.000,0.000,1.000,0,0,0,23,23,0,0,23,0.0,0.0,0.0,0.0,0.0,1.0,-1
"F[0,2](((FiO2 <= 0.010 & Potassium <= 2.637) | SBP <= 1.203) | O2Sat >= 0.096)
",-9999999.000,-9999999.000,0.000,0.000,1.000,0,0,0,23,23,0,0,23,0.0,0.0,0.0,0.0,0.0,1.0,-1
"F[0,2](((Bilirubin_total <= 0.587 -> Glucose <= 198.942) & Bilirubin_total <= 159.655) | Bilirubin_direct >= 11.336)
",-9999999.000,-9999999.000,0.000,0.000,1.000,0,0,0,23,23,0,0,23,0.0,0.0,0.0,0.0,0.0,1.0,-1
"F[2,2](((Glucose <= 123.831 | WBC <= 0.554) | SepsisLabel >= 0.126) | SaO2 >= 0.008)
",8713837187611427.000,123.831,0.000,0.000,1.000,0,0,0,23,23,0,0,23,0.0,0.0,0.0,0.0,0.0,1.0,-1
"F[2,2]((FiO2 <= 0.199 | Hgb <= 4.013) -> pH >= 0.301)
",-2259350743024997.500,-4.013,0.000,0.000,1.000,0,0,0,23,23,0,0,23,0.0,0.0,0.0,0.0,0.0,1.0,-1
"F[0,1]((AST >= 0.827 -> HR >= 31.550) -> AST <= 42.535)
",-9999999.000,-9999999.000,0.000,0.000,1.000,0,0,0,23,23,0,0,23,0.0,0.0,0.0,0.0,0.0,1.0,-1
"F[1,2](Creatinine >= 0.177 -> HR >= 16.353)
",-9999999.000,-9999999.000,0.000,0.000,1.000,0,0,0,23,23,0,0,23,0.0,0.0,0.0,0.0,0.0,1.0,-1
"F[0,2](((BUN <= 61.322 | HR <= 71.326) -> Lactate >= 11.298) | Phosphate >= 11.054)
",-9999999.000,-9999999.000,0.000,0.000,1.000,0,0,0,23,23,0,0,23,0.0,0.0,0.0,0.0,0.0,1.0,-1
"((MAP <= 76.264) U[0,1] (Resp <= 22.485))
",-9999999.000,-9999999.000,0.000,0.000,1.000,0,0,0,23,23,0,0,23,0.0,0.0,0.0,0.0,0.0,1.0,-1
"((Temp >= 7.883) U[0,2] (WBC >= 0.095))
",-9999999.000,-9999999.000,0.000,0.000,1.000,0,0,0,23,23,0,0,23,0.0,0.0,0.0,0.0,0.0,1.0,-1
"F[0,1]((Bilirubin_total <= 0.372 -> Temp <= 29.880) -> Temp <= 36.271)
",-9999999.000,-9999999.000,0.000,0.000,1.000,0,0,0,23,23,0,0,23,0.0,0.0,0.0,0.0,0.0,1.0,-1
"((Hct <= 9.372) U[1,2] (Temp <= 28.545))
",-9999999.000,-9999999.000,0.000,0.000,1.000,0,0,0,23,23,0,0,23,0.0,0.0,0.0,0.0,0.0,1.0,-1
"F[1,1](((Potassium >= 0.056 | Resp <= 19.935) | Glucose <= 22.340) & PaCO2 <= 12.277)
",6911169859505887.000,12.277,0.000,0.000,1.000,0,0,0,23,23,0,0,23,0.0,0.0,0.0,0.0,0.0,1.0,-1
"F[1,2](((HR <= 68.441 | MAP <= 30.005) | Platelets <= 77.638) & Bilirubin_total >= 0.325)
",-9999999.000,-9999999.000,0.000,0.000,1.000,0,0,0,23,23,0,0,23,0.0,0.0,0.0,0.0,0.0,1.0,-1
"F[0,1]((O2Sat >= 20.204 | WBC <= 10.000) -> DBP <= 9.099)
",-9999999.000,-9999999.000,0.000,0.000,1.000,0,0,0,23,23,0,0,23,0.0,0.0,0.0,0.0,0.0,1.0,-1
"F[0,2](((BUN <= 87.687 & MAP <= 56.727) & TroponinI >= 2.226) & FiO2 >= 0.098)
",-9999999.000,-9999999.000,0.000,0.000,1.000,0,0,0,23,23,0,0,23,0.0,0.0,0.0,0.0,0.0,1.0,-1
"F[2,2](((Calcium >= 0.255 -> MAP <= 60.203) | Calcium <= 20.892) | Potassium <= 88.208)
",6207065260052977.000,88.208,0.000,0.000,1.000,0,0,0,23,23,0,0,23,0.0,0.0,0.0,0.0,0.0,1.0,-1
"F[1,2]((MAP >= 3.635 | Potassium >= 0.068) & Glucose >= 0.088)
",-9999999.000,-9999999.000,0.000,0.000,1.000,0,0,0,23,23,0,0,23,0.0,0.0,0.0,0.0,0.0,1.0,-1
"((Hgb >= 0.278) U[0,2] (HR >= 21.921))
",-9999999.000,-9999999.000,0.000,0.000,1.000,0,0,0,23,23,0,0,23,0.0,0.0,0.0,0.0,0.0,1.0,-1
"((Hct <= 18.836) U[2,2] (HR <= 49.552))
",49.552,49.552,0.000,0.000,1.000,0,0,0,23,23,0,0,23,0.0,0.0,0.0,0.0,0.0,1.0,-1
"F[0,1]((Alkalinephos >= 2.121 -> O2Sat >= 19.785) -> Chloride <= 48.885)
",-9999999.000,-9999999.000,0.000,0.000,1.000,0,0,0,23,23,0,0,23,0.0,0.0,0.0,0.0,0.0,1.0,-1
"((Bilirubin_total >= 0.039) U[0,2] (BUN >= 6.168))
",-9999999.000,-9999999.000,0.000,0.000,1.000,0,0,0,23,23,0,0,23,0.0,0.0,0.0,0.0,0.0,1.0,-1
"F[1,2](((Alkalinephos <= 62.740 -> HR <= 48.861) -> SaO2 <= 59.884) -> Creatinine >= 29.259)
",-9999999.000,-9999999.000,0.000,0.000,1.000,0,0,0,23,23,0,0,23,0.0,0.0,0.0,0.0,0.0,1.0,-1
"F[0,1](Calcium <= 5.825 | Temp <= 15.570)
",-9999999.000,-9999999.000,0.000,0.000,1.000,0,0,0,23,23,0,0,23,0.0,0.0,0.0,0.0,0.0,1.0,-1
"F[0,2](((FiO2 >= 0.000 | Temp >= 6.309) & Temp <= 31.298) | Bilirubin_total >= 7.131)
",-9999999.000,-9999999.000,0.000,0.000,1.000,0,0,0,23,23,0,0,23,0.0,0.0,0.0,0.0,0.0,1.0,-1
"((HR >= 37.379) U[2,2] (Resp >= 3.670))
",-4132206900269601.500,-3.670,0.000,0.000,1.000,0,0,0,23,23,0,0,23,0.0,0.0,0.0,0.0,0.0,1.0,-1
"F[2,2](Calcium <= 4.897 -> Glucose >= 7.265)
",-2756840996308406.000,-4.897,0.000,0.000,1.000,0,0,0,23,23,0,0,23,0.0,0.0,0.0,0.0,0.0,1.0,-1
"F[0,2](((Glucose >= 9.089 | Potassium <= 1.773) -> Chloride <= 1.874) | Glucose <= 4.347)
",-9999999.000,-9999999.000,0.000,0.000,1.000,0,0,0,23,23,0,0,23,0.0,0.0,0.0,0.0,0.0,1.0,-1
"F[0,2]((AST <= 3.949 & Calcium <= 5.078) & SaO2 <= 6.118)
",-9999999.000,-9999999.000,0.000,0.000,1.000,0,0,0,23,23,0,0,23,0.0,0.0,0.0,0.0,0.0,1.0,-1
"((Bilirubin_total <= 0.474) U[0,2] (Calcium >= 0.277))
",-9999999.000,-9999999.000,0.000,0.000,1.000,0,0,0,23,23,0,0,23,0.0,0.0,0.0,0.0,0.0,1.0,-1
"F[0,2](((Calcium >= 0.437 & Magnesium <= 2.251) & Phosphate >= 0.052) & SepsisLabel <= 0.586)
",-9999999.000,-9999999.000,0.000,0.000,1.000,0,0,0,23,23,0,0,23,0.0,0.0,0.0,0.0,0.0,1.0,-1
"F[1,2]((Creatinine <= 3.160 | Hct >= 0.580) & Glucose >= 0.573)
",-9999999.000,-9999999.000,0.000,0.000,1.000,0,0,0,23,23,0,0,23,0.0,0.0,0.0,0.0,0.0,1.0,-1
"((Bilirubin_total >= 0.020) U[0,2] (Creatinine >= 0.127))
",-9999999.000,-9999999.000,0.000,0.000,1.000,0,0,0,23,23,0,0,23,0.0,0.0,0.0,0.0,0.0,1.0,-1
"((O2Sat >= 31.569) U[2,2] (Resp >= 0.066))
",-0.066,-0.066,0.000,0.000,1.000,0,0,0,23,23,0,0,23,0.0,0.0,0.0,0.0,0.0,1.0,-1
"F[2,2]((BUN <= 67.621 -> Magnesium >= 0.021) & Bilirubin_total >= 0.043)
",-2379218950933778.500,-67.621,0.000,0.000,1.000,0,0,0,23,23,0,0,23,0.0,0.0,0.0,0.0,0.0,1.0,-1
"F[0,2](AST >= 0.674 & BUN >= 2.430)
",-9999999.000,-9999999.000,0.000,0.000,1.000,0,0,0,23,23,0,0,23,0.0,0.0,0.0,0.0,0.0,1.0,-1
"F[0,1](((Potassium <= 4.190 & Temp <= 23.631) -> Hgb >= 0.481) | Fibrinogen <= 25.096)
",-9999999.000,-9999999.000,0.000,0.000,1.000,0,0,0,23,23,0,0,23,0.0,0.0,0.0,0.0,0.0,1.0,-1
"F[0,2]((FiO2 <= 0.099 | Platelets >= 0.534) & Hct <= 89.121)
",-9999999.000,-9999999.000,0.000,0.000,1.000,0,0,0,23,23,0,0,23,0.0,0.0,0.0,0.0,0.0,1.0,-1
"F[0,1](((BUN <= 82.745 & Creatinine <= 2.195) & SaO2 <= 5.088) | Bilirubin_total >= 0.042)
",-9999999.000,-9999999.000,0.000,0.000,1.000,0,0,0,23,23,0,0,23,0.0,0.0,0.0,0.0,0.0,1.0,-1
"F[0,1](Hgb <= 0.893 | Hct <= 6.318)
",-9999999.000,-9999999.000,0.000,0.000,1.000,0,0,0,23,23,0,0,23,0.0,0.0,0.0,0.0,0.0,1.0,-1
"((MAP >= 3.581) U[0,0] (SBP <= 0.000))
",-0.832,-1.465,0.000,0.000,1.000,0,0,0,23,23,0,0,23,0.0,0.0,0.0,0.0,0.0,1.0,-1
"F[0,2](Hgb <= 3.048 | Hct <= 12.589)
",-9999999.000,-9999999.000,0.000,0.000,1.000,0,0,0,23,23,0,0,23,0.0,0.0,0.0,0.0,0.0,1.0,-1
"F[0,2](((Calcium < 4.699 & Potassium < 4.401) & Magnesium < 1.882) & Phosphate < 0.000)
",-9999999.000,-9999999.000,0.000,0.000,1.000,0,0,0,23,23,0,0,23,0.0,0.0,0.0,0.0,0.0,1.0,-1
"F[0,2]((Calcium <= 2.206 & Potassium <= 3.022) & Magnesium >= 0.043)
",-9999999.000,-9999999.000,0.000,0.000,1.000,0,0,0,23,23,0,0,23,0.0,0.0,0.0,0.0,0.0,1.0,-1
"F[1,2]((Phosphate >= 0.000 & Magnesium > 0.031) -> Calcium < 1.167)
",-9999999.000,-9999999.000,0.000,0.000,1.000,0,0,0,23,23,0,0,23,0.0,0.0,0.0,0.0,0.0,1.0,-1
"F[0,1]((Phosphate >= 0.000 & Magnesium > 0.010) -> Calcium < 5.245)
",-9999999.000,-9999999.000,0.000,0.000,1.000,0,0,0,23,23,0,0,23,0.0,0.0,0.0,0.0,0.0,1.0,-1
"((MAP >= 4.064) U[0,1] (SBP <= 0.000))
",-9999999.000,-9999999.000,0.000,0.000,1.000,0,0,0,23,23,0,0,23,0.0,0.0,0.0,0.0,0.0,1.0,-1
"F[0,2]((Calcium <= 5.371 & Potassium <= 1.393) & Magnesium >= 0.080)
",-9999999.000,-9999999.000,0.000,0.000,1.000,0,0,0,23,23,0,0,23,0.0,0.0,0.0,0.0,0.0,1.0,-1
"F[1,2]((Phosphate >= 0.000 & Magnesium > 0.055) -> Calcium < 4.497)
",-9999999.000,-9999999.000,0.000,0.000,1.000,0,0,0,23,23,0,0,23,0.0,0.0,0.0,0.0,0.0,1.0,-1
"((MAP >= 1.258) U[0,1] (SBP <= 0.000))
",-9999999.000,-9999999.000,0.000,0.000,1.000,0,0,0,23,23,0,0,23,0.0,0.0,0.0,0.0,0.0,1.0,-1
"F[0,1](Hgb <= 4.847 | Hct <= 25.294)
",-9999999.000,-9999999.000,0.000,0.000,1.000,0,0,0,23,23,0,0,23,0.0,0.0,0.0,0.0,0.0,1.0,-1
"F[1,2](((Calcium < 7.148 & Potassium < 1.932) & Magnesium < 1.299) & Phosphate < 0.000)
",-9999999.000,-9999999.000,0.000,0.000,1.000,0,0,0,23,23,0,0,23,0.0,0.0,0.0,0.0,0.0,1.0,-1
"((MAP >= 2.371) U[0,1] (SBP <= 0.000))
",-9999999.000,-9999999.000,0.000,0.000,1.000,0,0,0,23,23,0,0,23,0.0,0.0,0.0,0.0,0.0,1.0,-1
"F[1,2](Hgb <= 5.415 | Hct <= 1.411)
",-9999999.000,-9999999.000,0.000,0.000,1.000,0,0,0,23,23,0,0,23,0.0,0.0,0.0,0.0,0.0,1.0,-1
"F[2,2](Magnesium < 2.045 -> SepsisLabel = 0.000)
",-4605816457224625.000,-2.045,0.000,0.000,1.000,0,0,0,23,23,0,0,23,0.0,0.0,0.0,0.0,0.0,1.0,-1
"F[1,2](((Calcium < 3.514 & Potassium < 1.606) & Magnesium < 0.679) & Phosphate < 0.000)
",-9999999.000,-9999999.000,0.000,0.000,1.000,0,0,0,23,23,0,0,23,0.0,0.0,0.0,0.0,0.0,1.0,-1
"F[2,2](Magnesium > 0.062 -> SepsisLabel = 0.000)
",0.000,0.000,0.000,0.000,1.000,0,0,0,23,23,0,0,23,0.0,0.0,0.0,0.0,0.0,1.0,-1
"F[0,1](Phosphate <= 0.000 -> SepsisLabel = 0.000)
",-9999999.000,-9999999.000,0.000,0.000,1.000,0,0,0,23,23,0,0,23,0.0,0.0,0.0,0.0,0.0,1.0,-1
"((WBC <= 0.604) U[0,0] (SepsisLabel = 0.000))
",5443665127097279.000,0.604,0.000,0.000,1.000,0,0,0,23,23,0,0,23,0.0,0.0,0.0,0.0,0.0,1.0,-1
"F[0,2](WBC >= 0.334 & SepsisLabel = 0.000)
",-9999999.000,-9999999.000,0.000,0.000,1.000,0,0,0,23,23,0,0,23,0.0,0.0,0.0,0.0,0.0,1.0,-1
"F[0,1]((AST >= 0.711 | Hct <= 12.838) | SBP >= 1.021)
",-9999999.000,-9999999.000,0.000,0.000,1.000,0,0,0,23,23,0,0,23,0.0,0.0,0.0,0.0,0.0,1.0,-1
"((Hct <= 24.111) U[2,2] (Hgb >= 0.177))
",24.111,24.111,0.000,0.000,1.000,0,0,0,23,23,0,0,23,0.0,0.0,0.0,0.0,0.0,1.0,-1
"F[0,2](Alkalinephos <= 22.126 -> Magnesium >= 0.063)
",-9999999.000,-9999999.000,0.000,0.000,1.000,0,0,0,23,23,0,0,23,0.0,0.0,0.0,0.0,0.0,1.0,-1
"F[0,2](((AST <= 4.681 | Hgb <= 8.086) | Calcium >= 0.149) | PaCO2 <= 2.594)
",-9999999.000,-9999999.000,0.000,0.000,1.000,0,0,0,23,23,0,0,23,0.0,0.0,0.0,0.0,0.0,1.0,-1
"F[0,2](((Hct <= 8.949 | Magnesium <= 1.558) -> Creatinine >= 0.080) | MAP >= 0.025)
",-9999999.000,-9999999.000,0.000,0.000,1.000,0,0,0,23,23,0,0,23,0.0,0.0,0.0,0.0,0.0,1.0,-1
"F[1,2](Calcium > 0.378 & SepsisLabel = 0.000)
",-9999999.000,-9999999.000,0.000,0.000,1.000,0,0,0,23,23,0,0,23,0.0,0.0,0.0,0.0,0.0,1.0,-1
"((Alkalinephos <= 21.981) U[2,2] (Hgb >= 0.201))
",3093612555086182.000,21.981,0.000,0.000,1.000,0,0,0,23,23,0,0,23,0.0,0.0,0.0,0.0,0.0,1.0,-1
"F[1,2](Alkalinephos >= 1.022 -> AST >= 0.205)
",-9999999.000,-9999999.000,0.000,0.000,1.000,0,0,0,23,23,0,0,23,0.0,0.0,0.0,0.0,0.0,1.0,-1
"F[1,2](AST >= 0.712 | Platelets >= 3.408)
",-9999999.000,-9999999.000,0.000,0.000,1.000,0,0,0,23,23,0,0,23,0.0,0.0,0.0,0.0,0.0,1.0,-1
"F[0,0](((BUN >= 1.075 & Potassium <= 3.123) & HR <= 3.861) | Lactate <= 3.090)
",-0.325,-17.229,0.000,0.000,1.000,0,0,0,23,23,0,0,23,0.0,0.0,0.0,0.0,0.0,1.0,-1
"F[0,1]((Phosphate >= 0.000 & Magnesium > 0.063) -> Calcium < 5.194)
",-9999999.000,-9999999.000,0.000,0.000,1.000,0,0,0,23,23,0,0,23,0.0,0.0,0.0,0.0,0.0,1.0,-1
"F[2,2]((Calcium <= 1.722 & Potassium <= 1.743) & Magnesium >= 0.024)
",-0.024,-0.024,0.000,0.000,1.000,0,0,0,23,23,0,0,23,0.0,0.0,0.0,0.0,0.0,1.0,-1
"F[1,2]((pH <= 0.000 -> Fibrinogen >= 0.000) -> Magnesium >= 0.000)
",-9999999.000,-9999999.000,0.000,0.000,1.000,0,0,0,23,23,0,0,23,0.0,0.0,0.0,0.0,0.0,1.0,-1
"F[0,2]((Calcium <= 4.845 & Potassium <= 1.771) & Magnesium >= 0.060)
",-9999999.000,-9999999.000,0.000,0.000,1.000,0,0,0,23,23,0,0,23,0.0,0.0,0.0,0.0,0.0,1.0,-1
"F[0,2]((Alkalinephos <= 70.063 | Resp >= 2.221) | pH <= 14.372)
",-9999999.000,-9999999.000,0.000,0.000,1.000,0,0,0,23,23,0,0,23,0.0,0.0,0.0,0.0,0.0,1.0,-1
"F[1,2]((Hgb >= 0.030 | Resp <= 21.691) & Hgb >= 6.502)
",-9999999.000,-9999999.000,0.000,0.000,1.000,0,0,0,23,23,0,0,23,0.0,0.0,0.0,0.0,0.0,1.0,-1
"F[2,2](((Hct <= 24.827 | Resp >= 0.142) -> Magnesium <= 22.504) | PTT <= 14.107)
",7941517204447114.000,14.107,0.000,0.000,1.000,0,0,0,23,23,0,0,23,0.0,0.0,0.0,0.0,0.0,1.0,-1
"F[0,0]((Bilirubin_total >= 0.035 & Resp >= 7.843) | EtCO2 <= 12.646)
",0.146,1.375,0.000,0.000,1.000,0,0,0,23,23,0,0,23,0.0,0.0,0.0,0.0,0.0,1.0,-1
"((Platelets <= 120.469) U[1,2] (Resp <= 12.476))
",-9999999.000,-9999999.000,0.000,0.000,1.000,0,0,0,23,23,0,0,23,0.0,0.0,0.0,0.0,0.0,1.0,-1
"F[1,1](HR >= 16.554 -> SBP >= 0.000)
",0.000,0.000,0.000,0.000,1.000,0,0,0,23,23,0,0,23,0.0,0.0,0.0,0.0,0.0,1.0,-1
"F[0,1]((SBP <= 0.000 | Magnesium >= 0.099) | PTT >= 0.041)
",-9999999.000,-9999999.000,0.000,0.000,1.000,0,0,0,23,23,0,0,23,0.0,0.0,0.0,0.0,0.0,1.0,-1
"F[2,2]((Calcium <= 4.930 & Potassium <= 1.933) & Magnesium >= 0.021)
",-3071988244233286.000,-0.021,0.000,0.000,1.000,0,0,0,23,23,0,0,23,0.0,0.0,0.0,0.0,0.0,1.0,-1
"F[1,1](Magnesium >= 0.017 -> Resp <= 18.805)
",-18.805,-18.805,0.000,0.000,1.000,0,0,0,23,23,0,0,23,0.0,0.0,0.0,0.0,0.0,1.0,-1
"F[0,2](((Hct <= 19.079 -> WBC >= 0.408) & SaO2 <= 2.221) & Hct >= 0.338)
",-9999999.000,-9999999.000,0.000,0.000,1.000,0,0,0,23,23,0,0,23,0.0,0.0,0.0,0.0,0.0,1.0,-1
"F[0,1](Calcium <= 0.546 | Creatinine <= 4.263)
",-9999999.000,-9999999.000,0.000,0.000,1.000,0,0,0,23,23,0,0,23,0.0,0.0,0.0,0.0,0.0,1.0,-1
"F[0,2]((AST <= 7.305 | WBC >= 0.014) & DBP <= 1.500)
",-9999999.000,-9999999.000,0.000,0.000,1.000,0,0,0,23,23,0,0,23,0.0,0.0,0.0,0.0,0.0,1.0,-1
"((MAP >= 1.798) U[0,2] (SBP <= 0.000))
",-9999999.000,-9999999.000,0.000,0.000,1.000,0,0,0,23,23,0,0,23,0.0,0.0,0.0,0.0,0.0,1.0,-1
"F[0,1](Hgb <= 3.873 | Hct <= 3.406)
",-9999999.000,-9999999.000,0.000,0.000,1.000,0,0,0,23,23,0,0,23,0.0,0.0,0.0,0.0,0.0,1.0,-1
"F[0,2](((Calcium < 2.575 & Potassium < 1.688) & Magnesium < 1.094) & Phosphate < 0.000)
",-9999999.000,-9999999.000,0.000,0.000,1.000,0,0,0,23,23,0,0,23,0.0,0.0,0.0,0.0,0.0,1.0,-1
"F[0,2](Hgb <= 5.648 | Hct <= 17.725)
",-9999999.000,-9999999.000,0.000,0.000,1.000,0,0,0,23,23,0,0,23,0.0,0.0,0.0,0.0,0.0,1.0,-1
"F[0,2]((Phosphate >= 0.000 & Magnesium > 0.039) -> Calcium < 6.271)
",-9999999.000,-9999999.000,0.000,0.000,1.000,0,0,0,23,23,0,0,23,0.0,0.0,0.0,0.0,0.0,1.0,-1
"((MAP >= 3.758) U[0,2] (SBP <= 0.000))
",-9999999.000,-9999999.000,0.000,0.000,1.000,0,0,0,23,23,0,0,23,0.0,0.0,0.0,0.0,0.0,1.0,-1
"F[0,1]((Phosphate >= 0.000 & Magnesium > 0.059) -> Calcium < 6.991)
",-9999999.000,-9999999.000,0.000,0.000,1.000,0,0,0,23,23,0,0,23,0.0,0.0,0.0,0.0,0.0,1.0,-1
"F[2,2]((Phosphate >= 0.000 & Magnesium > 0.015) -> Calcium < 3.558)
",-8010971292361921.000,-3.558,0.000,0.000,1.000,0,0,0,23,23,0,0,23,0.0,0.0,0.0,0.0,0.0,1.0,-1
"F[0,1](Hgb <= 7.637 | Hct <= 6.544)
",-9999999.000,-9999999.000,0.000,0.000,1.000,0,0,0,23,23,0,0,23,0.0,0.0,0.0,0.0,0.0,1.0,-1
"F[1,2]((Phosphate >= 0.000 & Magnesium > 0.007) -> Calcium < 5.749)
",-9999999.000,-9999999.000,0.000,0.000,1.000,0,0,0,23,23,0,0,23,0.0,0.0,0.0,0.0,0.0,1.0,-1
"((MAP >= 3.008) U[0,0] (SBP <= 0.000))
",-0.832,-1.230,0.000,0.000,1.000,0,0,0,23,23,0,0,23,0.0,0.0,0.0,0.0,0.0,1.0,-1
"((Bilirubin_total >= 0.030) U[2,2] (SepsisLabel = 0.000))
",0.000,0.000,0.000,0.000,1.000,0,0,0,23,23,0,0,23,0.0,0.0,0.0,0.0,0.0,1.0,-1
"((HCO3 > 0.000) U[0,2] (SepsisLabel = 0.000))
",-9999999.000,-9999999.000,0.000,0.000,1.000,0,0,0,23,23,0,0,23,0.0,0.0,0.0,0.0,0.0,1.0,-1
"F[0,2](BUN < 104.600 & SepsisLabel = 0.000)
",-9999999.000,-9999999.000,0.000,0.000,1.000,0,0,0,23,23,0,0,23,0.0,0.0,0.0,0.0,0.0,1.0,-1
"F[1,1](BUN >= 2.966 -> SepsisLabel = 0.000)
",0.000,0.000,0.000,0.000,1.000,0,0,0,23,23,0,0,23,0.0,0.0,0.0,0.0,0.0,1.0,-1
"F[0,2](EtCO2 >= 0.000 & SepsisLabel = 0.000)
",-9999999.000,-9999999.000,0.000,0.000,1.000,0,0,0,23,23,0,0,23,0.0,0.0,0.0,0.0,0.0,1.0,-1
"F[2,2](((Calcium < 0.947 & Potassium < 1.078) & Magnesium < 0.273) & Phosphate < 0.000)
",0.000,0.000,0.000,0.000,1.000,0,0,0,23,23,0,0,23,0.0,0.0,0.0,0.0,0.0,1.0,-1
"((Lactate > 0.000) U[2,2] (SepsisLabel = 0.000))
",0.000,0.000,0.000,0.000,1.000,0,0,0,23,23,0,0,23,0.0,0.0,0.0,0.0,0.0,1.0,-1
"F[0,2]((TroponinI <= 0.000 | Creatinine <= 6.543) & BaseExcess >= 0.269)
",-9999999.000,-9999999.000,0.000,0.000,1.000,0,0,0,23,23,0,0,23,0.0,0.0,0.0,0.0,0.0,1.0,-1
"F[0,2](((Lactate >= 0.000 & Potassium <= 0.913) -> Temp >= 0.103) -> Alkalinephos >= 0.002)
",-9999999.000,-9999999.000,0.000,0.000,1.000,0,0,0,23,23,0,0,23,0.0,0.0,0.0,0.0,0.0,1.0,-1
"F[1,2](Creatinine <= 5.990 -> Creatinine >= 0.467)
",-9999999.000,-9999999.000,0.000,0.000,1.000,0,0,0,23,23,0,0,23,0.0,0.0,0.0,0.0,0.0,1.0,-1
"G[1,2](((Calcium <= 1.521 | SBP >= 0.000) -> WBC <= 0.000) -> Creatinine >= 0.000)
",9999999.000,9999999.000,0.000,1.000,0.000,0,0,23,0,0,23,23,0,0.0,0.0,1.0,0.0,0.0,1.0,1
"G[0,2]((Potassium <= 2.476 | Hgb <= 0.377) | Hct <= 5.014)
",9999999.000,9999999.000,0.000,1.000,0.000,0,0,21,2,2,21,21,2,0.0,0.0,1.0,0.0,0.0,1.0,1
"G[0,2](BaseExcess <= 0.000 -> PaCO2 <= 0.000)
",9999999.000,9999999.000,0.000,1.000,0.000,0,0,23,0,0,23,23,0,0.0,0.0,1.0,0.0,0.0,1.0,1
"G[1,2](((Bilirubin_total >= 0.011 | O2Sat <= 83.243) & Fibrinogen >= 2.111) & Calcium >= 14.980)
",9999999.000,9999999.000,0.000,1.000,0.000,0,0,1,22,22,1,1,22,0.0,0.0,1.0,0.0,0.0,1.0,1
"G[2,2](Glucose <= 114.105 | Resp <= 21.982)
",8029429046223107.000,114.105,0.000,1.000,0.000,0,0,23,0,0,23,23,0,0.0,0.0,1.0,0.0,0.0,1.0,1
"G[0,2](BUN >= 3.454 -> Resp >= 8.588)
",9999999.000,9999999.000,0.000,1.000,0.000,0,0,21,2,2,21,21,2,0.0,0.0,1.0,0.0,0.0,1.0,1
"G[0,2]((Creatinine >= 0.355 & Resp >= 4.960) -> EtCO2 <= 17.010)
",9999999.000,9999999.000,0.000,1.000,0.000,0,0,23,0,0,23,23,0,0.0,0.0,1.0,0.0,0.0,1.0,1
"G[0,2](Alkalinephos >= 0.786 -> Temp >= 0.804)
",9999999.000,9999999.000,0.000,1.000,0.000,0,0,22,1,1,22,22,1,0.0,0.0,1.0,0.0,0.0,1.0,1
"G[1,2](((Magnesium >= 0.062 -> Temp <= 35.194) -> pH <= 29.522) & TroponinI <= 12.240)
",9999999.000,9999999.000,0.000,1.000,0.000,0,0,23,0,0,23,23,0,0.0,0.0,1.0,0.0,0.0,1.0,1
"G[0,2](((AST >= 0.240 | Temp <= 28.363) | Glucose <= 16.667) | SBP <= 21.251)
",9999999.000,9999999.000,0.000,1.000,0.000,0,0,23,0,0,23,23,0,0.0,0.0,1.0,0.0,0.0,1.0,1
"G[1,2]((MAP <= 80.315 -> Temp >= 7.039) -> Hgb <= 22.712)
",9999999.000,9999999.000,0.000,1.000,0.000,0,0,23,0,0,23,23,0,0.0,0.0,1.0,0.0,0.0,1.0,1
"G[1,2]((AST >= 0.761 | O2Sat >= 28.161) -> Lactate >= 25.045)
",9999999.000,9999999.000,0.000,1.000,0.000,0,0,17,6,6,17,17,6,0.0,0.0,1.0,0.0,0.0,1.0,1
"G[0,1](((Platelets <= 99.513 -> Temp <= 31.829) | Hct >= 6.734) & Hgb >= 3.718)
",9999999.000,9999999.000,0.000,1.000,0.000,0,0,0,23,23,0,0,23,0.0,0.0,0.0,0.0,0.0,1.0,1
"G[0,1]((Resp <= 13.785 -> Temp >= 0.917) & DBP >= 5.096)
",9999999.000,9999999.000,0.000,1.000,0.000,0,0,0,23,23,0,0,23,0.0,0.0,0.0,0.0,0.0,1.0,1
"G[0,2](HR <= 46.405 & O2Sat >= 14.638)
",9999999.000,9999999.000,0.000,1.000,0.000,0,0,0,23,23,0,0,23,0.0,0.0,0.0,0.0,0.0,1.0,1
"G[0,2](((Creatinine <= 0.633 | Hgb >= 0.035) | Resp <= 6.800) | Resp >= 0.321)
",9999999.000,9999999.000,0.000,1.000,0.000,0,0,23,0,0,23,23,0,0.0,0.0,1.0,0.0,0.0,1.0,1
"G[0,1](((Glucose >= 9.362 | Magnesium <= 0.783) | SepsisLabel <= 2.137) -> AST >= 0.017)
",9999999.000,9999999.000,0.000,1.000,0.000,0,0,0,23,23,0,0,23,0.0,0.0,0.0,0.0,0.0,1.0,1
"G[1,2](((Glucose <= 144.910 & Hgb <= 2.365) & SaO2 >= 0.036) -> Bilirubin_direct >= 0.172)
",9999999.000,9999999.000,0.000,1.000,0.000,0,0,23,0,0,23,23,0,0.0,0.0,1.0,0.0,0.0,1.0,1
"G[2,2]((AST <= 20.832 -> Creatinine >= 0.294) & Hgb >= 0.066)
",-2931912242228518.000,-20.832,0.000,1.000,0.000,0,0,23,0,0,23,23,0,0.0,0.0,1.0,0.0,0.0,1.0,1
"G[1,2](BUN <= 24.301 | Platelets >= 2.359)
",9999999.000,9999999.000,0.000,1.000,0.000,0,0,22,1,1,22,22,1,0.0,0.0,1.0,0.0,0.0,1.0,1
"G[0,1](((BUN <= 81.100 & Hgb <= 5.935) | HR <= 3.391) & Temp >= 0.149)
",9999999.000,9999999.000,0.000,1.000,0.000,0,0,0,23,23,0,0,23,0.0,0.0,0.0,0.0,0.0,1.0,1
"G[0,2](((FiO2 <= 0.181 | HR <= 57.555) | BUN <= 72.571) | Temp <= 64.167)
",9999999.000,9999999.000,0.000,1.000,0.000,0,0,23,0,0,23,23,0,0.0,0.0,1.0,0.0,0.0,1.0,1
"G[0,1]((Creatinine >= 0.473 | Magnesium >= 0.097) & Bilirubin_direct <= 1.334)
",9999999.000,9999999.000,0.000,1.000,0.000,0,0,0,23,23,0,0,23,0.0,0.0,0.0,0.0,0.0,1.0,1
"G[0,2](((Creatinine <= 1.806 | MAP <= 64.519) | TroponinI >= 2.953) & FiO2 >= 3.699)
",9999999.000,9999999.000,0.000,1.000,0.000,0,0,0,23,23,0,0,23,0.0,0.0,0.0,0.0,0.0,1.0,1
"G[0,2]((Hgb <= 0.841 -> O2Sat >= 24.425) | MAP <= 87.914)
",9999999.000,9999999.000,0.000,1.000,0.000,0,0,23,0,0,23,23,0,0.0,0.0,1.0,0.0,0.0,1.0,1
"G[0,2](((Resp >= 5.314 & WBC <= 9.456) | Platelets <= 3.969) & HCO3 >= 0.258)
",9999999.000,9999999.000,0.000,1.000,0.000,0,0,0,23,23,0,0,23,0.0,0.0,0.0,0.0,0.0,1.0,1
"G[0,2]((Calcium <= 5.121 & Hct >= 0.219) | pH <= 8.840)
",9999999.000,9999999.000,0.000,1.000,0.000,0,0,23,0,0,23,23,0,0.0,0.0,1.0,0.0,0.0,1.0,1
"G[0,2](SaO2 >= 0.000 | Hct >= 0.354)
",9999999.000,9999999.000,0.000,1.000,0.000,0,0,23,0,0,23,23,0,0.0,0.0,1.0,0.0,0.0,1.0,1
"G[2,2](BUN <= 110.605 | Glucose >= 0.797)
",7783107340738595.000,110.605,0.000,1.000,0.000,0,0,23,0,0,23,23,0,0.0,0.0,1.0,0.0,0.0,1.0,1
"G[0,1]((pH <= 0.000 & Hct >= 0.803) & MAP <= 12.812)
",9999999.000,9999999.000,0.000,1.000,0.000,0,0,0,23,23,0,0,23,0.0,0.0,0.0,0.0,0.0,1.0,1
"G[1,2]((Potassium >= 0.064 | Alkalinephos <= 46.887) -> Lactate >= 3.993)
",9999999.000,9999999.000,0.000,1.000,0.000,0,0,1,22,22,1,1,22,0.0,0.0,1.0,0.0,0.0,1.0,1
"G[1,2]((Hct <= 1.608 & SepsisLabel <= 0.000) | Bilirubin_total >= 0.000)
",9999999.000,9999999.000,0.000,1.000,0.000,0,0,23,0,0,23,23,0,0.0,0.0,1.0,0.0,0.0,1.0,1
"G[0,1](Platelets <= 34.784 -> WBC >= 0.296)
",9999999.000,9999999.000,0.000,1.000,0.000,0,0,0,23,23,0,0,23,0.0,0.0,0.0,0.0,0.0,1.0,1
"G[1,2]((Hgb >= 0.364 & Potassium >= 0.276) & EtCO2 <= 5.049)
",9999999.000,9999999.000,0.000,1.000,0.000,0,0,2,21,21,2,2,21,0.0,0.0,1.0,0.0,0.0,1.0,1
"G[0,2]((Hct >= 0.572 & Potassium >= 0.125) -> FiO2 >= 0.006)
",9999999.000,9999999.000,0.000,1.000,0.000,0,0,21,2,2,21,21,2,0.0,0.0,1.0,0.0,0.0,1.0,1
"G[1,2](Temp >= 8.642 & MAP <= 85.456)
",9999999.000,9999999.000,0.000,1.000,0.000,0,0,7,16,16,7,7,16,0.0,0.0,1.0,0.0,0.0,1.0,1
"G[1,2](((Lactate >= 0.000 -> Bilirubin_direct <= 0.000) -> TroponinI <= 0.000) -> Potassium >= 0.000)
",9999999.000,9999999.000,0.000,1.000,0.000,0,0,23,0,0,23,23,0,0.0,0.0,1.0,0.0,0.0,1.0,1
"G[0,2](((Bilirubin_total >= 0.040 | Creatinine <= 6.220) -> PTT <= 3.719) & PTT <= 4.353)
",9999999.000,9999999.000,0.000,1.000,0.000,0,0,23,0,0,23,23,0,0.0,0.0,1.0,0.0,0.0,1.0,1
"G[2,2]((Glucose >= 5.957 & Calcium >= 0.384) -> WBC >= 0.224)
",4043753794335627.000,0.224,0.000,1.000,0.000,0,0,23,0,0,23,23,0,0.0,0.0,1.0,0.0,0.0,1.0,1
"G[0,1](BUN > 3.471 & SepsisLabel = 0.000)
",9999999.000,9999999.000,0.000,1.000,0.000,0,0,0,23,23,0,0,23,0.0,0.0,0.0,0.0,0.0,1.0,1
"G[0,2](Magnesium < 2.235 & SepsisLabel = 0.000)
",9999999.000,9999999.000,0.000,1.000,0.000,0,0,21,2,2,21,21,2,0.0,0.0,1.0,0.0,0.0,1.0,1
"G[1,2](pH <= 0.000 -> SepsisLabel = 0.000)
",9999999.000,9999999.000,0.000,1.000,0.000,0,0,23,0,0,23,23,0,0.0,0.0,1.0,0.0,0.0,1.0,1
"G[0,2](PTT < 0.000 & SepsisLabel = 0.000)
",9999999.000,9999999.000,0.000,1.000,0.000,0,0,0,23,23,0,0,23,0.0,0.0,0.0,0.0,0.0,1.0,1
"G[0,2](((AST <= 12.876 | HR >= 31.635) | BUN >= 28.456) | PTT <= 67.066)
",9999999.000,9999999.000,0.000,1.000,0.000,0,0,23,0,0,23,23,0,0.0,0.0,1.0,0.0,0.0,1.0,1
"G[0,2]((Bilirubin_total <= 0.636 -> TroponinI >= 0.000) | Calcium >= 0.000)
",9999999.000,9999999.000,0.000,1.000,0.000,0,0,23,0,0,23,23,0,0.0,0.0,1.0,0.0,0.0,1.0,1
"G[0,2]((HR >= 26.146 -> SBP <= 0.000) -> FiO2 <= 0.000)
",9999999.000,9999999.000,0.000,1.000,0.000,0,0,22,1,1,22,22,1,0.0,0.0,1.0,0.0,0.0,1.0,1
"G[2,2]((Fibrinogen >= 0.000 -> Creatinine >= 0.305) -> Temp >= 0.392)
",0.000,0.000,0.000,1.000,0.000,0,0,23,0,0,23,23,0,0.0,0.0,1.0,0.0,0.0,1.0,1
"G[2,2](((O2Sat <= 76.731 -> AST >= 0.243) | AST <= 1.373) | SBP <= 8.623)
",8.623,8.623,0.000,1.000,0.000,0,0,23,0,0,23,23,0,0.0,0.0,1.0,0.0,0.0,1.0,1
"G[0,2]((EtCO2 >= 0.000 -> Magnesium <= 2.103) -> HR <= 2.360)
",9999999.000,9999999.000,0.000,1.000,0.000,0,0,2,21,21,2,2,21,0.0,0.0,1.0,0.0,0.0,1.0,1
"G[0,2](((SaO2 <= 0.000 -> HR <= 75.452) & SaO2 <= 64.987) & DBP <= 62.063)
",9999999.000,9999999.000,0.000,1.000,0.000,0,0,22,1,1,22,22,1,0.0,0.0,1.0,0.0,0.0,1.0,1
"G[0,2]((Temp <= 18.751 & SBP <= 0.000) -> Hct >= 0.000)
",9999999.000,9999999.000,0.000,1.000,0.000,0,0,23,0,0,23,23,0,0.0,0.0,1.0,0.0,0.0,1.0,1
"G[1,2](Bilirubin_direct <= 0.000 & Hct <= 7.711)
",9999999.000,9999999.000,0.000,1.000,0.000,0,0,22,1,1,22,22,1,0.0,0.0,1.0,0.0,0.0,1.0,1
"G[0,2](Chloride >= 0.000 & SepsisLabel = 0.000)
",9999999.000,9999999.000,0.000,1.000,0.000,0,0,23,0,0,23,23,0,0.0,0.0,1.0,0.0,0.0,1.0,1
"G[0,2](pH >= 0.000 & SepsisLabel = 0.000)
",9999999.000,9999999.000,0.000,1.000,0.000,0,0,23,0,0,23,23,0,0.0,0.0,1.0,0.0,0.0,1.0,1
"G[0,2](((AST <= 2.481 -> Magnesium >= 0.020) & Lactate <= 1.421) -> DBP >= 0.060)
",9999999.000,9999999.000,0.000,1.000,0.000,0,0,21,2,2,21,21,2,0.0,0.0,1.0,0.0,0.0,1.0,1
"G[0,1]((Glucose <= 155.869 & O2Sat <= 86.954) & TroponinI >= 13.604)
",9999999.000,9999999.000,0.000,1.000,0.000,0,0,0,23,23,0,0,23,0.0,0.0,0.0,0.0,0.0,1.0,1
"G[0,2]((AST >= 0.164 | Resp >= 2.900) & HR >= 4.153)
",9999999.000,9999999.000,0.000,1.000,0.000,0,0,3,20,20,3,3,20,0.0,0.0,1.0,0.0,0.0,1.0,1
"G[1,2](((Glucose <= 18.053 | HR <= 64.815) | AST >= 33.807) & Chloride <= 53.193)
",9999999.000,9999999.000,0.000,1.000,0.000,0,0,21,2,2,21,21,2,0.0,0.0,1.0,0.0,0.0,1.0,1
"G[0,2](((Creatinine >= 0.012 | Temp <= 30.284) | Bilirubin_total <= 10.685) | Chloride <= 14.912)
",9999999.000,9999999.000,0.000,1.000,0.000,0,0,23,0,0,23,23,0,0.0,0.0,1.0,0.0,0.0,1.0,1
"G[2,2](((HR <= 75.002 | FiO2 >= 0.003) -> Temp <= 0.181) & Bilirubin_direct >= 0.000)
",-2638883135618646.000,-75.002,0.000,1.000,0.000,0,0,23,0,0,23,23,0,0.0,0.0,1.0,0.0,0.0,1.0,1
"G[2,2]((Temp <= 27.541 & pH >= 0.000) | Temp <= 0.000)
",0.000,0.000,0.000,1.000,0.000,0,0,23,0,0,23,23,0,0.0,0.0,1.0,0.0,0.0,1.0,1
"G[1,1](BUN <= 87.247 & Creatinine >= 0.086)
",-6224725456604284.000,-0.086,0.000,1.000,0.000,0,0,1,22,22,1,1,22,0.0,0.0,1.0,0.0,0.0,1.0,1
"G[0,2](((BUN >= 0.479 | Hgb >= 0.135) & Potassium >= 0.028) | Glucose <= 4.067)
",9999999.000,9999999.000,0.000,1.000,0.000,0,0,22,1,1,22,22,1,0.0,0.0,1.0,0.0,0.0,1.0,1
"G[1,2](Chloride >= 0.000 & HCO3 >= 0.000)
",9999999.000,9999999.000,0.000,1.000,0.000,0,0,23,0,0,23,23,0,0.0,0.0,1.0,0.0,0.0,1.0,1
"G[2,2](((Temp >= 7.629 -> Bilirubin_total <= 0.497) -> MAP >= 0.003) & Bilirubin_total <= 0.266)
",2932454890780582.000,0.003,0.000,1.000,0.000,0,0,23,0,0,23,23,0,0.0,0.0,1.0,0.0,0.0,1.0,1
"G[0,2](Platelets <= 61.289 -> WBC >= 0.047)
",9999999.000,9999999.000,0.000,1.000,0.000,0,0,0,23,23,0,0,23,0.0,0.0,0.0,0.0,0.0,1.0,1
"G[2,2](((Hgb <= 4.336 | Hct <= 21.649) -> WBC >= 0.238) & Platelets >= 4.185)
",-6093784240895676.000,-21.649,0.000,1.000,0.000,0,0,23,0,0,23,23,0,0.0,0.0,1.0,0.0,0.0,1.0,1
"G[1,2]((Bilirubin_total <= 0.402 -> HCO3 <= 0.000) -> MAP >= 0.000)
",9999999.000,9999999.000,0.000,1.000,0.000,0,0,23,0,0,23,23,0,0.0,0.0,1.0,0.0,0.0,1.0,1
"G[2,2]((Chloride >= 0.000 | Lactate >= 0.000) | Phosphate >= 0.000)
",0.000,0.000,0.000,1.000,0.000,0,0,23,0,0,23,23,0,0.0,0.0,1.0,0.0,0.0,1.0,1
"G[1,2](Bilirubin_direct >= 0.000 -> pH <= 0.000)
",9999999.000,9999999.000,0.000,1.000,0.000,0,0,23,0,0,23,23,0,0.0,0.0,1.0,0.0,0.0,1.0,1
"G[0,1](((TroponinI >= 0.000 | Bilirubin_total <= 0.963) | TroponinI >= 0.030) & BUN >= 0.016)
",9999999.000,9999999.000,0.000,1.000,0.000,0,0,0,23,23,0,0,23,0.0,0.0,0.0,0.0,0.0,1.0,1
"G[2,2](((DBP <= 0.000 | Potassium <= 3.106) & Lactate >= 0.052) -> Calcium >= 0.050)
",7235552019846175.000,0.050,0.000,1.000,0.000,0,0,23,0,0,23,23,0,0.0,0.0,1.0,0.0,0.0,1.0,1
"G[0,1](((Hgb <= 3.376 | Hct <= 22.964) -> WBC >= 0.202) & Platelets >= 1.392)
",9999999.000,9999999.000,0.000,1.000,0.000,0,0,0,23,23,0,0,23,0.0,0.0,0.0,0.0,0.0,1.0,1
"G[0,2](BUN <= 10.720 & Creatinine >= 0.370)
",9999999.000,9999999.000,0.000,1.000,0.000,0,0,0,23,23,0,0,23,0.0,0.0,0.0,0.0,0.0,1.0,1
"G[2,2](Bilirubin_total >= 0.009 & Fibrinogen >= 0.000)
",-4977456142087425.000,-0.009,0.000,1.000,0.000,0,0,23,0,0,23,23,0,0.0,0.0,1.0,0.0,0.0,1.0,1
"G[1,2](((BaseExcess >= 0.000 & Lactate >= 0.000) -> Alkalinephos >= 0.000) -> BUN <= 0.000)
",9999999.000,9999999.000,0.000,1.000,0.000,0,0,21,2,2,21,21,2,0.0,0.0,1.0,0.0,0.0,1.0,1
"G[2,2](((BUN >= 5.445 | SepsisLabel >= 0.000) -> FiO2 <= 0.000) -> AST <= 0.000)
",0.000,0.000,0.000,1.000,0.000,0,0,23,0,0,23,23,0,0.0,0.0,1.0,0.0,0.0,1.0,1
"G[1,2]((Resp >= 3.380 -> BaseExcess >= 0.000) -> Platelets >= 0.000)
",9999999.000,9999999.000,0.000,1.000,0.000,0,0,23,0,0,23,23,0,0.0,0.0,1.0,0.0,0.0,1.0,1
"G[0,2]((TroponinI >= 0.000 -> Potassium <= 4.010) | FiO2 <= 2.585)
",9999999.000,9999999.000,0.000,1.000,0.000,0,0,23,0,0,23,23,0,0.0,0.0,1.0,0.0,0.0,1.0,1
"G[0,2](((Hgb <= 6.086 | Hct <= 11.857) -> WBC >= 0.420) & Platelets >= 1.769)
",9999999.000,9999999.000,0.000,1.000,0.000,0,0,0,23,23,0,0,23,0.0,0.0,0.0,0.0,0.0,1.0,1
"G[2,2]((TroponinI <= 0.000 -> Bilirubin_total >= 0.001) -> FiO2 <= 0.353)
",-0.353,-0.353,0.000,1.000,0.000,0,0,23,0,0,23,23,0,0.0,0.0,1.0,0.0,0.0,1.0,1
"G[0,1](Platelets <= 122.787 -> WBC >= 0.138)
",9999999.000,9999999.000,0.000,1.000,0.000,0,0,0,23,23,0,0,23,0.0,0.0,0.0,0.0,0.0,1.0,1
"G[1,2](((Hgb <= 3.688 | Hct <= 18.393) -> WBC >= 0.330) & Platelets >= 2.177)
",9999999.000,9999999.000,0.000,1.000,0.000,0,0,2,21,21,2,2,21,0.0,0.0,1.0,0.0,0.0,1.0,1
"G[0,2](((WBC <= 2.613 | TroponinI <= 0.000) -> HR <= 0.000) -> Temp >= 0.000)
",9999999.000,9999999.000,0.000,1.000,0.000,0,0,23,0,0,23,23,0,0.0,0.0,1.0,0.0,0.0,1.0,1
"G[1,2](Platelets <= 84.159 -> WBC >= 0.062)
",9999999.000,9999999.000,0.000,1.000,0.000,0,0,2,21,21,2,2,21,0.0,0.0,1.0,0.0,0.0,1.0,1
"G[2,2]((Alkalinephos <= 42.757 & WBC <= 4.789) & BaseExcess >= 0.179)
",-3215781142709694.000,-0.179,0.000,1.000,0.000,0,0,23,0,0,23,23,0,0.0,0.0,1.0,0.0,0.0,1.0,1
"G[0,2](((HR >= 19.780 -> Chloride <= 0.000) -> Resp <= 0.000) | SaO2 >= 0.000)
",9999999.000,9999999.000,0.000,1.000,0.000,0,0,23,0,0,23,23,0,0.0,0.0,1.0,0.0,0.0,1.0,1
"G[0,2]((Magnesium <= 1.684 | MAP <= 44.678) | Hgb <= 38.590)
",9999999.000,9999999.000,0.000,1.000,0.000,0,0,23,0,0,23,23,0,0.0,0.0,1.0,0.0,0.0,1.0,1
"G[1,2](((Bilirubin_total <= 0.454 & FiO2 <= 0.056) & Temp <= 0.050) | MAP <= 0.092)
",9999999.000,9999999.000,0.000,1.000,0.000,0,0,23,0,0,23,23,0,0.0,0.0,1.0,0.0,0.0,1.0,1
"G[2,2](Calcium >= 0.392 -> Hgb >= 0.330)
",5951419043536017.000,0.330,0.000,1.000,0.000,0,0,23,0,0,23,23,0,0.0,0.0,1.0,0.0,0.0,1.0,1
"G[0,2](((FiO2 <= 0.167 -> MAP <= 53.276) -> MAP <= 36.943) -> Fibrinogen >= 0.023)
",9999999.000,9999999.000,0.000,1.000,0.000,0,0,0,23,23,0,0,23,0.0,0.0,0.0,0.0,0.0,1.0,1
"G[0,1]((AST >= 0.696 & FiO2 >= 0.002) | TroponinI >= 0.002)
",9999999.000,9999999.000,0.000,1.000,0.000,0,0,0,23,23,0,0,23,0.0,0.0,0.0,0.0,0.0,1.0,1
"G[1,2]((Bilirubin_total >= 0.026 -> Potassium <= 4.761) & PaCO2 >= 1.3607044460090103e-05)
",9999999.000,9999999.000,0.000,1.000,0.000,0,0,1,22,22,1,1,22,0.0,0.0,1.0,0.0,0.0,1.0,1
"G[2,2](HR >= 40.878 | WBC <= 9.600)
",9.600,9.600,0.000,1.000,0.000,0,0,23,0,0,23,23,0,0.0,0.0,1.0,0.0,0.0,1.0,1
"G[2,2](((Potassium <= 4.178 | WBC <= 10.042) | PaCO2 >= 0.020) | AST >= 0.176)
",10.042,10.042,0.000,1.000,0.000,0,0,23,0,0,23,23,0,0.0,0.0,1.0,0.0,0.0,1.0,1
"G[0,2](Calcium >= 0.235 -> FiO2 >= 0.003)
",9999999.000,9999999.000,0.000,1.000,0.000,0,0,20,3,3,20,20,3,0.0,0.0,1.0,0.0,0.0,1.0,1
"G[0,2]((BUN <= 82.333 & FiO2 <= 0.034) -> Temp >= 0.001)
",9999999.000,9999999.000,0.000,1.000,0.000,0,0,2,21,21,2,2,21,0.0,0.0,1.0,0.0,0.0,1.0,1
"G[1,2]((MAP <= 40.629 -> WBC <= 2.393) & O2Sat >= 0.288)
",9999999.000,9999999.000,0.000,1.000,0.000,0,0,6,17,17,6,6,17,0.0,0.0,1.0,0.0,0.0,1.0,1
"G[2,2]((Alkalinephos >= 3.378 & MAP <= 66.673) -> pH >= 3.391)
",7606169805783187.000,3.378,0.000,1.000,0.000,0,0,23,0,0,23,23,0,0.0,0.0,1.0,0.0,0.0,1.0,1
"G[0,2]((AST >= 0.735 -> MAP <= 64.209) -> MAP <= 21.350)
",9999999.000,9999999.000,0.000,1.000,0.000,0,0,21,2,2,21,21,2,0.0,0.0,1.0,0.0,0.0,1.0,1
"G[0,2](BUN <= 76.263 & Creatinine >= 0.401)
",9999999.000,9999999.000,0.000,1.000,0.000,0,0,0,23,23,0,0,23,0.0,0.0,0.0,0.0,0.0,1.0,1
"G[0,2](((Magnesium <= 2.102 & O2Sat <= 66.311) -> Fibrinogen <= 55.457) | Platelets <= 58.958)
",9999999.000,9999999.000,0.000,1.000,0.000,0,0,23,0,0,23,23,0,0.0,0.0,1.0,0.0,0.0,1.0,1
"G[1,2]((Creatinine <= 7.063 & WBC >= 0.063) -> BUN <= 2.326)
",9999999.000,9999999.000,0.000,1.000,0.000,0,0,22,1,1,22,22,1,0.0,0.0,1.0,0.0,0.0,1.0,1
"G[1,2](BUN <= 19.311 & Creatinine >= 0.286)
",9999999.000,9999999.000,0.000,1.000,0.000,0,0,1,22,22,1,1,22,0.0,0.0,1.0,0.0,0.0,1.0,1
"G[1,2](SaO2 > 0.000 & SepsisLabel = 0.000)
",9999999.000,9999999.000,0.000,1.000,0.000,0,0,1,22,22,1,1,22,0.0,0.0,1.0,0.0,0.0,1.0,1
"G[1,2](SBP >= 0.000 | BaseExcess <= 0.000)
",9999999.000,9999999.000,0.000,1.000,0.000,0,0,23,0,0,23,23,0,0.0,0.0,1.0,0.0,0.0,1.0,1
"G[2,2](BUN <= 9.054 & Creatinine >= 0.084)
",-6086623942035044.000,-0.084,0.000,1.000,0.000,0,0,23,0,0,23,23,0,0.0,0.0,1.0,0.0,0.0,1.0,1
"G[0,2](((TroponinI <= 0.000 -> EtCO2 <= 0.000) & Resp <= 0.000) -> Creatinine <= 0.000)
",9999999.000,9999999.000,0.000,1.000,0.000,0,0,21,2,2,21,21,2,0.0,0.0,1.0,0.0,0.0,1.0,1
"G[0,2](((Fibrinogen <= 0.000 & Hct <= 6.939) | MAP >= 0.358) & Alkalinephos <= 18.741)
",9999999.000,9999999.000,0.000,1.000,0.000,0,0,21,2,2,21,21,2,0.0,0.0,1.0,0.0,0.0,1.0,1
"G[1,2](Chloride >= 0.000 & HCO3 >= 0.000)
",9999999.000,9999999.000,0.000,1.000,0.000,0,0,23,0,0,23,23,0,0.0,0.0,1.0,0.0,0.0,1.0,1
"G[0,2](Bilirubin_direct <= 0.000 & Hgb >= 0.073)
",9999999.000,9999999.000,0.000,1.000,0.000,0,0,0,23,23,0,0,23,0.0,0.0,0.0,0.0,0.0,1.0,1
"G[1,2](((Hgb <= 7.654 | Hct <= 24.368) -> WBC >= 0.079) & Platelets >= 3.955)
",9999999.000,9999999.000,0.000,1.000,0.000,0,0,2,21,21,2,2,21,0.0,0.0,1.0,0.0,0.0,1.0,1
"G[2,2]((Creatinine <= 4.499 | Glucose <= 182.635) | Glucose <= 42.957)
",6425886714941855.000,182.635,0.000,1.000,0.000,0,0,23,0,0,23,23,0,0.0,0.0,1.0,0.0,0.0,1.0,1
"G[0,2](BaseExcess <= 0.000 & O2Sat >= 8.323)
",9999999.000,9999999.000,0.000,1.000,0.000,0,0,3,20,20,3,3,20,0.0,0.0,1.0,0.0,0.0,1.0,1
"F[2,2](Magnesium >= 0.019 & O2Sat <= 91.908)
",-5475524884666524.000,-0.019,0.000,0.000,1.000,0,0,0,23,23,0,0,23,0.0,0.0,0.0,0.0,0.0,1.0,-1
"F[1,2](AST <= 11.390 | FiO2 <= 0.117)
",-9999999.000,-9999999.000,0.000,0.000,1.000,0,0,0,23,23,0,0,23,0.0,0.0,0.0,0.0,0.0,1.0,-1
"F[2,2](((Alkalinephos <= 62.369 & Fibrinogen >= 0.000) | SBP >= 0.000) | BaseExcess <= 0.000)
",0.000,0.000,0.000,0.000,1.000,0,0,0,23,23,0,0,23,0.0,0.0,0.0,0.0,0.0,1.0,-1
"((AST >= 0.533) U[0,2] (WBC >= 0.213))
",-9999999.000,-9999999.000,0.000,0.000,1.000,0,0,0,23,23,0,0,23,0.0,0.0,0.0,0.0,0.0,1.0,-1
"F[1,2]((SepsisLabel <= 0.000 & Hct >= 0.712) | Glucose <= 18.272)
",-9999999.000,-9999999.000,0.000,0.000,1.000,0,0,0,23,23,0,0,23,0.0,0.0,0.0,0.0,0.0,1.0,-1
"F[0,1]((TroponinI <= 0.000 -> DBP <= 0.000) | FiO2 >= 0.000)
",-9999999.000,-9999999.000,0.000,0.000,1.000,0,0,0,23,23,0,0,23,0.0,0.0,0.0,0.0,0.0,1.0,-1
"F[1,2](((Alkalinephos <= 62.201 -> SBP <= 0.000) -> HCO3 <= 0.000) & Lactate <= 0.000)
",-9999999.000,-9999999.000,0.000,0.000,1.000,0,0,0,23,23,0,0,23,0.0,0.0,0.0,0.0,0.0,1.0,-1
"F[0,0](TroponinI >= 0.000 & Calcium <= 8.030)
",-0.316,-7.588,0.000,0.000,1.000,0,0,0,23,23,0,0,23,0.0,0.0,0.0,0.0,0.0,1.0,-1
"F[1,2]((pH <= 0.000 -> Hct <= 26.611) -> Potassium <= 20.406)
",-9999999.000,-9999999.000,0.000,0.000,1.000,0,0,0,23,23,0,0,23,0.0,0.0,0.0,0.0,0.0,1.0,-1
"F[1,2]((Potassium >= 0.220 | Platelets <= 54.067) & FiO2 <= 50.641)
",-9999999.000,-9999999.000,0.000,0.000,1.000,0,0,0,23,23,0,0,23,0.0,0.0,0.0,0.0,0.0,1.0,-1
"F[1,2]((Potassium >= 0.319 | DBP >= 0.000) -> EtCO2 >= 0.000)
",-9999999.000,-9999999.000,0.000,0.000,1.000,0,0,0,23,23,0,0,23,0.0,0.0,0.0,0.0,0.0,1.0,-1
"F[2,2](((Hgb <= 7.740 & Hgb <= 5.773) -> Phosphate >= 0.111) -> Potassium <= 1.777)
",-8003243125695830.000,-1.777,0.000,0.000,1.000,0,0,0,23,23,0,0,23,0.0,0.0,0.0,0.0,0.0,1.0,-1
"F[1,2](((Phosphate >= 0.000 & SaO2 >= 0.000) -> PaCO2 <= 0.000) | BUN >= 0.000)
",-9999999.000,-9999999.000,0.000,0.000,1.000,0,0,0,23,23,0,0,23,0.0,0.0,0.0,0.0,0.0,1.0,-1
"F[1,2]((Temp >= 4.968 | WBC <= 4.383) & SBP >= 0.422)
",-9999999.000,-9999999.000,0.000,0.000,1.000,0,0,0,23,23,0,0,23,0.0,0.0,0.0,0.0,0.0,1.0,-1
"F[2,2](((HR >= 21.377 | Fibrinogen >= 0.000) | Alkalinephos <= 0.000) & BUN >= 0.000)
",0.000,0.000,0.000,0.000,1.000,0,0,0,23,23,0,0,23,0.0,0.0,0.0,0.0,0.0,1.0,-1
"F[1,1]((Bilirubin_total >= 0.021 -> FiO2 <= 0.151) | Chloride <= 0.014)
",4044433844200282.000,0.014,0.000,0.000,1.000,0,0,0,23,23,0,0,23,0.0,0.0,0.0,0.0,0.0,1.0,-1
"F[2,2](Hgb <= 4.039 | Hct <= 16.704)
",2350811189579437.000,16.704,0.000,0.000,1.000,0,0,0,23,23,0,0,23,0.0,0.0,0.0,0.0,0.0,1.0,-1
"F[2,2]((EtCO2 <= 0.000 | Hgb >= 0.347) & SaO2 >= 0.350)
",-6310160684484879.000,-0.350,0.000,0.000,1.000,0,0,0,23,23,0,0,23,0.0,0.0,0.0,0.0,0.0,1.0,-1
"F[0,2](Glucose >= 2.767 & Potassium <= 3.003)
",-9999999.000,-9999999.000,0.000,0.000,1.000,0,0,0,23,23,0,0,23,0.0,0.0,0.0,0.0,0.0,1.0,-1
"F[0,2](Chloride <= 0.000 | HR <= 50.784)
",-9999999.000,-9999999.000,0.000,0.000,1.000,0,0,0,23,23,0,0,23,0.0,0.0,0.0,0.0,0.0,1.0,-1
"F[0,2](((Hct <= 19.030 -> Potassium >= 0.110) -> Bilirubin_total <= 0.341) -> Creatinine <= 1.250)
",-9999999.000,-9999999.000,0.000,0.000,1.000,0,0,0,23,23,0,0,23,0.0,0.0,0.0,0.0,0.0,1.0,-1
"F[2,2]((EtCO2 >= 0.000 & Bilirubin_total <= 0.057) -> O2Sat <= 0.970)
",-4370077687467345.500,-0.970,0.000,0.000,1.000,0,0,0,23,23,0,0,23,0.0,0.0,0.0,0.0,0.0,1.0,-1
"F[0,2](((HR <= 43.306 & FiO2 <= 0.168) -> Lactate <= 0.026) & Potassium >= 0.001)
",-9999999.000,-9999999.000,0.000,0.000,1.000,0,0,0,23,23,0,0,23,0.0,0.0,0.0,0.0,0.0,1.0,-1
"F[0,1](((TroponinI <= 0.000 | BUN <= 44.415) -> Fibrinogen <= 47.632) | SepsisLabel <= 16.356)
",-9999999.000,-9999999.000,0.000,0.000,1.000,0,0,0,23,23,0,0,23,0.0,0.0,0.0,0.0,0.0,1.0,-1
"F[0,1](((MAP <= 16.866 -> HCO3 >= 0.000) | EtCO2 <= 0.000) & SBP >= 0.000)
",-9999999.000,-9999999.000,0.000,0.000,1.000,0,0,0,23,23,0,0,23,0.0,0.0,0.0,0.0,0.0,1.0,-1
"F[2,2](((AST <= 2.622 -> SepsisLabel <= 0.000) -> FiO2 >= 0.000) -> MAP <= 0.000)
",0.000,0.000,0.000,0.000,1.000,0,0,0,23,23,0,0,23,0.0,0.0,0.0,0.0,0.0,1.0,-1
"F[0,1]((SepsisLabel >= 0.000 | EtCO2 >= 0.000) & Platelets >= 0.000)
",-9999999.000,-9999999.000,0.000,0.000,1.000,0,0,0,23,23,0,0,23,0.0,0.0,0.0,0.0,0.0,1.0,-1
"F[0,2](((HCO3 >= 0.000 -> SepsisLabel >= 0.000) | Calcium >= 0.000) -> Chloride >= 0.000)
",-9999999.000,-9999999.000,0.000,0.000,1.000,0,0,0,23,23,0,0,23,0.0,0.0,0.0,0.0,0.0,1.0,-1
"((Potassium >= 0.006) U[0,0] (Bilirubin_direct >= 0.000))
",0.315,0.665,0.000,0.000,1.000,0,0,0,23,23,0,0,23,0.0,0.0,0.0,0.0,0.0,1.0,-1
"G[2,2]((Hct <= 5.850 | DBP >= 0.000) | Glucose <= 0.000)
",5.850,5.850,0.000,1.000,0.000,0,0,23,0,0,23,23,0,0.0,0.0,1.0,0.0,0.0,1.0,1
"F[1,1](((Lactate >= 0.000 | Fibrinogen <= 0.000) -> PTT >= 0.000) | Hgb >= 0.000)
",0.000,0.000,0.000,0.000,1.000,0,0,0,23,23,0,0,23,0.0,0.0,0.0,0.0,0.0,1.0,-1
"F[2,2]((pH >= 0.000 & Calcium >= 0.301) | Magnesium <= 3.412)
",7683386925207283.000,3.412,0.000,0.000,1.000,0,0,0,23,23,0,0,23,0.0,0.0,0.0,0.0,0.0,1.0,-1
"F[0,1]((PTT <= 0.000 & Calcium >= 0.332) | Fibrinogen <= 1.158)
",-9999999.000,-9999999.000,0.000,0.000,1.000,0,0,0,23,23,0,0,23,0.0,0.0,0.0,0.0,0.0,1.0,-1
"F[0,0]((Chloride <= 0.000 | AST >= 0.804) | SaO2 <= 3.846)
",2886660774501390.500,3.846,0.000,0.000,1.000,0,0,0,23,23,0,0,23,0.0,0.0,0.0,0.0,0.0,1.0,-1
"F[1,2](Lactate <= 0.000 & Calcium >= 0.386)
",-9999999.000,-9999999.000,0.000,0.000,1.000,0,0,0,23,23,0,0,23,0.0,0.0,0.0,0.0,0.0,1.0,-1
"F[0,1](((Bilirubin_direct >= 0.000 -> WBC >= 0.173) & Resp <= 0.688) -> Lactate >= 0.109)
",-9999999.000,-9999999.000,0.000,0.000,1.000,0,0,0,23,23,0,0,23,0.0,0.0,0.0,0.0,0.0,1.0,-1
"F[0,2]((Alkalinephos <= 81.151 -> Platelets >= 2.709) -> MAP <= 56.167)
",-9999999.000,-9999999.000,0.000,0.000,1.000,0,0,0,23,23,0,0,23,0.0,0.0,0.0,0.0,0.0,1.0,-1
"F[0,2]((PTT >= 0.000 -> Potassium >= 0.119) | Hct <= 0.467)
",-9999999.000,-9999999.000,0.000,0.000,1.000,0,0,0,23,23,0,0,23,0.0,0.0,0.0,0.0,0.0,1.0,-1
"F[0,0](((PaCO2 <= 0.000 | Calcium <= 3.895) & Chloride >= 0.253) -> Creatinine >= 0.495)
",3.162,0.230,0.000,0.000,1.000,0,0,0,23,23,0,0,23,0.0,0.0,0.0,0.0,0.0,1.0,-1
"F[0,2](SBP >= 0.000 & Magnesium <= 0.599)
",-9999999.000,-9999999.000,0.000,0.000,1.000,0,0,0,23,23,0,0,23,0.0,0.0,0.0,0.0,0.0,1.0,-1
"F[2,2]((SBP <= 0.000 | Chloride >= 0.000) | Phosphate >= 0.000)
",0.000,0.000,0.000,0.000,1.000,0,0,0,23,23,0,0,23,0.0,0.0,0.0,0.0,0.0,1.0,-1
"F[1,2](((WBC <= 2.721 | SBP >= 0.000) | HCO3 <= 0.000) & FiO2 <= 0.000)
",-9999999.000,-9999999.000,0.000,0.000,1.000,0,0,0,23,23,0,0,23,0.0,0.0,0.0,0.0,0.0,1.0,-1
"F[0,1]((SBP <= 0.000 -> Chloride <= 0.000) & Creatinine >= 0.000)
",-9999999.000,-9999999.000,0.000,0.000,1.000,0,0,0,23,23,0,0,23,0.0,0.0,0.0,0.0,0.0,1.0,-1
"F[2,2](HCO3 >= 0.000 -> O2Sat >= 12.090)
",0.000,0.000,0.000,0.000,1.000,0,0,0,23,23,0,0,23,0.0,0.0,0.0,0.0,0.0,1.0,-1
"F[0,1](((Fibrinogen <= 0.000 -> Bilirubin_direct >= 0.000) & O2Sat >= 0.000) -> Calcium >= 0.000)
",-9999999.000,-9999999.000,0.000,0.000,1.000,0,0,0,23,23,0,0,23,0.0,0.0,0.0,0.0,0.0,1.0,-1
"F[0,1](PTT >= 0.000 | SepsisLabel >= 0.000)
",-9999999.000,-9999999.000,0.000,0.000,1.000,0,0,0,23,23,0,0,23,0.0,0.0,0.0,0.0,0.0,1.0,-1
"F[2,2](Fibrinogen >= 0.000 -> HR <= 75.944)
",-2672047569219374.000,-75.944,0.000,0.000,1.000,0,0,0,23,23,0,0,23,0.0,0.0,0.0,0.0,0.0,1.0,-1
"F[1,2](((Phosphate >= 0.000 | MAP <= 23.832) -> MAP >= 0.901) | Calcium >= 0.431)
",-9999999.000,-9999999.000,0.000,0.000,1.000,0,0,0,23,23,0,0,23,0.0,0.0,0.0,0.0,0.0,1.0,-1
"F[0,0](((DBP >= 0.000 & SepsisLabel <= 0.000) & Alkalinephos <= 0.000) -> Alkalinephos >= 0.000)
",-0.316,-9.818,0.000,0.000,1.000,0,0,0,23,23,0,0,23,0.0,0.0,0.0,0.0,0.0,1.0,-1
"F[0,2]((SBP <= 0.000 -> Bilirubin_direct <= 0.000) -> Calcium >= 0.000)
",-9999999.000,-9999999.000,0.000,0.000,1.000,0,0,0,23,23,0,0,23,0.0,0.0,0.0,0.0,0.0,1.0,-1
"G[0,2](AST <= 14.299 & Creatinine >= 0.399)
",9999999.000,9999999.000,0.000,1.000,0.000,0,0,0,23,23,0,0,23,0.0,0.0,0.0,0.0,0.0,1.0,1
"F[0,2](((Fibrinogen <= 0.000 | HR <= 44.924) -> Bilirubin_total >= 0.753) | Platelets >= 30.351)
",-9999999.000,-9999999.000,0.000,0.000,1.000,0,0,0,23,23,0,0,23,0.0,0.0,0.0,0.0,0.0,1.0,-1
"F[1,1](DBP <= 0.000 | Hct >= 0.535)
",0.000,0.000,0.000,0.000,1.000,0,0,0,23,23,0,0,23,0.0,0.0,0.0,0.0,0.0,1.0,-1
"((Creatinine <= 2.375) U[1,2] (MAP >= 2.789))
",-9999999.000,-9999999.000,0.000,0.000,1.000,0,0,0,23,23,0,0,23,0.0,0.0,0.0,0.0,0.0,1.0,-1
"F[0,1]((BUN <= 84.481 & BaseExcess <= 0.000) | Magnesium >= 0.000)
",-9999999.000,-9999999.000,0.000,0.000,1.000,0,0,0,23,23,0,0,23,0.0,0.0,0.0,0.0,0.0,1.0,-1
"F[0,1]((DBP >= 0.000 | Hct <= 26.647) | Magnesium >= 1.128)
",-9999999.000,-9999999.000,0.000,0.000,1.000,0,0,0,23,23,0,0,23,0.0,0.0,0.0,0.0,0.0,1.0,-1
"F[0,1](Bilirubin_direct >= 0.000 & SepsisLabel <= 0.000)
",-9999999.000,-9999999.000,0.000,0.000,1.000,0,0,0,23,23,0,0,23,0.0,0.0,0.0,0.0,0.0,1.0,-1
"G[1,2]((Hgb >= 0.261 & O2Sat <= 70.326) | pH <= 69.586)
",9999999.000,9999999.000,0.000,1.000,0.000,0,0,23,0,0,23,23,0,0.0,0.0,1.0,0.0,0.0,1.0,1
"G[0,2](FiO2 <= 0.208 -> Alkalinephos >= 3.266)
",9999999.000,9999999.000,0.000,1.000,0.000,0,0,1,22,22,1,1,22,0.0,0.0,1.0,0.0,0.0,1.0,1
"G[1,2]((O2Sat <= 39.019 | Fibrinogen >= 0.000) | BaseExcess <= 0.000)
",9999999.000,9999999.000,0.000,1.000,0.000,0,0,23,0,0,23,23,0,0.0,0.0,1.0,0.0,0.0,1.0,1
"G[2,2](((MAP <= 20.958 | BaseExcess <= 0.000) -> AST >= 0.000) | AST >= 0.000)
",0.000,0.000,0.000,1.000,0.000,0,0,23,0,0,23,23,0,0.0,0.0,1.0,0.0,0.0,1.0,1
"G[1,2](((Hgb <= 1.625 | Hct <= 27.016) -> WBC >= 0.394) & Platelets >= 4.377)
",9999999.000,9999999.000,0.000,1.000,0.000,0,0,2,21,21,2,2,21,0.0,0.0,1.0,0.0,0.0,1.0,1
"G[1,1](((AST >= 0.613 & HR <= 44.570) -> FiO2 <= 57.904) -> BaseExcess >= 39.472)
",2777602777241034.000,39.472,0.000,1.000,0.000,0,0,1,22,22,1,1,22,0.0,0.0,1.0,0.0,0.0,1.0,1
"G[1,2](((PTT >= 0.000 -> Glucose >= 8.837) -> MAP >= 8.335) | Alkalinephos <= 70.873)
",9999999.000,9999999.000,0.000,1.000,0.000,0,0,22,1,1,22,22,1,0.0,0.0,1.0,0.0,0.0,1.0,1
"G[0,2](Platelets <= 96.196 -> WBC >= 0.178)
",9999999.000,9999999.000,0.000,1.000,0.000,0,0,0,23,23,0,0,23,0.0,0.0,0.0,0.0,0.0,1.0,1
"G[2,2](Calcium >= 0.408 -> Creatinine <= 2.961)
",-2.961,-2.961,0.000,1.000,0.000,0,0,23,0,0,23,23,0,0.0,0.0,1.0,0.0,0.0,1.0,1
"G[1,2](((FiO2 >= 0.004 & Glucose <= 197.898) | Alkalinephos <= 198.240) | Temp >= 4.296)
",9999999.000,9999999.000,0.000,1.000,0.000,0,0,23,0,0,23,23,0,0.0,0.0,1.0,0.0,0.0,1.0,1
"G[0,2](((SaO2 <= 0.000 -> Magnesium <= 0.557) & Bilirubin_total <= 0.610) -> SaO2 >= 0.086)
",9999999.000,9999999.000,0.000,1.000,0.000,0,0,0,23,23,0,0,23,0.0,0.0,0.0,0.0,0.0,1.0,1
"G[0,2]((Bilirubin_direct >= 0.000 & SaO2 <= 0.000) | TroponinI >= 0.000)
",9999999.000,9999999.000,0.000,1.000,0.000,0,0,23,0,0,23,23,0,0.0,0.0,1.0,0.0,0.0,1.0,1
"G[0,2](((Hct >= 0.964 & SaO2 >= 0.000) -> Resp <= 0.000) -> Bilirubin_total <= 0.000)
",9999999.000,9999999.000,0.000,1.000,0.000,0,0,22,1,1,22,22,1,0.0,0.0,1.0,0.0,0.0,1.0,1
"G[2,2](BUN <= 80.933 & Creatinine >= 0.096)
",-3453307347241710.000,-0.096,0.000,1.000,0.000,0,0,23,0,0,23,23,0,0.0,0.0,1.0,0.0,0.0,1.0,1
"G[2,2](((Temp >= 4.996 -> HR <= 46.724) | TroponinI <= 60.328) & BaseExcess <= 59.243)
",59.243,59.243,0.000,1.000,0.000,0,0,23,0,0,23,23,0,0.0,0.0,1.0,0.0,0.0,1.0,1
"G[1,2](Potassium >= 0.300 -> EtCO2 <= 0.000)
",9999999.000,9999999.000,0.000,1.000,0.000,0,0,23,0,0,23,23,0,0.0,0.0,1.0,0.0,0.0,1.0,1
"G[0,1](BUN <= 24.660 & Creatinine >= 0.152)
",9999999.000,9999999.000,0.000,1.000,0.000,0,0,0,23,23,0,0,23,0.0,0.0,0.0,0.0,0.0,1.0,1
"G[1,2](((Creatinine <= 4.058 & MAP >= 4.089) -> Bilirubin_total <= 9.947) -> PTT <= 85.300)
",9999999.000,9999999.000,0.000,1.000,0.000,0,0,23,0,0,23,23,0,0.0,0.0,1.0,0.0,0.0,1.0,1
"G[0,2](Chloride >= 0.000 & HCO3 >= 0.000)
",9999999.000,9999999.000,0.000,1.000,0.000,0,0,23,0,0,23,23,0,0.0,0.0,1.0,0.0,0.0,1.0,1
"G[2,2](((AST <= 1.284 -> Bilirubin_direct <= 0.000) -> Magnesium <= 0.000) & SaO2 >= 0.000)
",0.000,0.000,0.000,1.000,0.000,0,0,23,0,0,23,23,0,0.0,0.0,1.0,0.0,0.0,1.0,1
"G[1,2](Hgb >= 0.063 & Platelets <= 81.698)
",9999999.000,9999999.000,0.000,1.000,0.000,0,0,1,22,22,1,1,22,0.0,0.0,1.0,0.0,0.0,1.0,1
"G[2,2](((Alkalinephos <= 34.675 | Potassium >= 0.113) & PTT >= 0.096) | Hct >= 0.064)
",-4595005055490033.000,-0.064,0.000,1.000,0.000,0,0,23,0,0,23,23,0,0.0,0.0,1.0,0.0,0.0,1.0,1
"G[0,2](((pH >= 0.000 & DBP >= 0.000) & Magnesium >= 0.000) & Magnesium <= 0.000)
",9999999.000,9999999.000,0.000,1.000,0.000,0,0,21,2,2,21,21,2,0.0,0.0,1.0,0.0,0.0,1.0,1
"G[1,1]((Bilirubin_total <= 0.939 -> Hct >= 0.249) & Bilirubin_direct >= 1.066)
",-1.066,-1.066,0.000,1.000,0.000,0,0,1,22,22,1,1,22,0.0,0.0,1.0,0.0,0.0,1.0,1
"G[0,2](Alkalinephos >= 1.405 & Platelets >= 4.156)
",9999999.000,9999999.000,0.000,1.000,0.000,0,0,0,23,23,0,0,23,0.0,0.0,0.0,0.0,0.0,1.0,1
"G[0,2](((Fibrinogen <= 0.000 | DBP >= 0.000) -> Calcium >= 0.000) | SepsisLabel >= 0.000)
",9999999.000,9999999.000,0.000,1.000,0.000,0,0,23,0,0,23,23,0,0.0,0.0,1.0,0.0,0.0,1.0,1
"G[0,2](((Alkalinephos >= 0.557 & Bilirubin_total >= 0.037) | Glucose >= 0.032) | Bilirubin_total <= 0.210)
",9999999.000,9999999.000,0.000,1.000,0.000,0,0,23,0,0,23,23,0,0.0,0.0,1.0,0.0,0.0,1.0,1
"G[1,2](BUN <= 33.812 | Calcium <= 7.206)
",9999999.000,9999999.000,0.000,1.000,0.000,0,0,21,2,2,21,21,2,0.0,0.0,1.0,0.0,0.0,1.0,1
"G[0,1](((Fibrinogen >= 0.000 & Hgb <= 3.494) & Creatinine <= 3.681) & SBP >= 0.285)
",9999999.000,9999999.000,0.000,1.000,0.000,0,0,0,23,23,0,0,23,0.0,0.0,0.0,0.0,0.0,1.0,1
"G[0,2](Magnesium >= 0.096 -> Phosphate >= 0.000)
",9999999.000,9999999.000,0.000,1.000,0.000,0,0,23,0,0,23,23,0,0.0,0.0,1.0,0.0,0.0,1.0,1
"G[0,1](BUN <= 85.954 & Creatinine >= 0.099)
",9999999.000,9999999.000,0.000,1.000,0.000,0,0,0,23,23,0,0,23,0.0,0.0,0.0,0.0,0.0,1.0,1
"G[1,2](((BUN >= 3.533 | Potassium >= 0.283) & BUN <= 1.873) | pH <= 4.911)
",9999999.000,9999999.000,0.000,1.000,0.000,0,0,23,0,0,23,23,0,0.0,0.0,1.0,0.0,0.0,1.0,1
"G[0,2](Fibrinogen <= 0.000 | Hgb >= 0.062)
",9999999.000,9999999.000,0.000,1.000,0.000,0,0,23,0,0,23,23,0,0.0,0.0,1.0,0.0,0.0,1.0,1
"G[0,2](pH >= 0.000 -> SepsisLabel <= 0.000)
",9999999.000,9999999.000,0.000,1.000,0.000,0,0,23,0,0,23,23,0,0.0,0.0,1.0,0.0,0.0,1.0,1
"G[0,2](BUN <= 106.767 & Creatinine >= 0.065)
",9999999.000,9999999.000,0.000,1.000,0.000,0,0,0,23,23,0,0,23,0.0,0.0,0.0,0.0,0.0,1.0,1
"G[0,2](((Creatinine >= 0.419 -> Platelets >= 0.937) | BUN <= 97.756) & BUN >= 2.365)
",9999999.000,9999999.000,0.000,1.000,0.000,0,0,0,23,23,0,0,23,0.0,0.0,0.0,0.0,0.0,1.0,1
"G[0,2]((Potassium >= 0.286 | Hct <= 2.007) -> Bilirubin_direct <= 10.312)
",9999999.000,9999999.000,0.000,1.000,0.000,0,0,23,0,0,23,23,0,0.0,0.0,1.0,0.0,0.0,1.0,1
"G[0,2](Resp >= 1.265 -> Calcium >= 0.246)
",9999999.000,9999999.000,0.000,1.000,0.000,0,0,4,19,19,4,4,19,0.0,0.0,1.0,0.0,0.0,1.0,1
"G[2,2]((DBP <= 0.000 & Bilirubin_total >= 0.003) & FiO2 <= 0.700)
",-0.003,-0.003,0.000,1.000,0.000,0,0,23,0,0,23,23,0,0.0,0.0,1.0,0.0,0.0,1.0,1
"G[1,2](((SaO2 >= 0.000 | SaO2 >= 0.000) | MAP <= 0.000) | FiO2 >= 0.000)
",9999999.000,9999999.000,0.000,1.000,0.000,0,0,23,0,0,23,23,0,0.0,0.0,1.0,0.0,0.0,1.0,1
"G[1,2]((Chloride <= 0.000 | Temp <= 19.528) -> O2Sat <= 27.863)
",9999999.000,9999999.000,0.000,1.000,0.000,0,0,17,6,6,17,17,6,0.0,0.0,1.0,0.0,0.0,1.0,1
"G[0,2](((Hgb <= 1.297 | Hct <= 15.235) -> WBC >= 0.052) & Platelets >= 0.736)
",9999999.000,9999999.000,0.000,1.000,0.000,0,0,0,23,23,0,0,23,0.0,0.0,0.0,0.0,0.0,1.0,1
"G[2,2](Platelets <= 115.358 -> WBC >= 0.222)
",-4058799105412294.000,-115.358,0.000,1.000,0.000,0,0,23,0,0,23,23,0,0.0,0.0,1.0,0.0,0.0,1.0,1
"G[1,2](((HCO3 >= 0.000 | Temp <= 19.261) | BaseExcess <= 27.982) -> Phosphate <= 13.516)
",9999999.000,9999999.000,0.000,1.000,0.000,0,0,23,0,0,23,23,0,0.0,0.0,1.0,0.0,0.0,1.0,1
"G[0,2](((Hgb <= 7.578 | Hct <= 14.069) -> WBC >= 0.107) & Platelets >= 3.528)
",9999999.000,9999999.000,0.000,1.000,0.000,0,0,0,23,23,0,0,23,0.0,0.0,0.0,0.0,0.0,1.0,1
"G[0,2](Chloride >= 0.000 & HCO3 >= 0.000)
",9999999.000,9999999.000,0.000,1.000,0.000,0,0,23,0,0,23,23,0,0.0,0.0,1.0,0.0,0.0,1.0,1
"G[1,2](((Hgb >= 0.248 | Magnesium <= 0.942) -> O2Sat >= 0.057) -> FiO2 >= 0.063)
",9999999.000,9999999.000,0.000,1.000,0.000,0,0,18,5,5,18,18,5,0.0,0.0,1.0,0.0,0.0,1.0,1
"G[0,2](Platelets <= 100.565 -> WBC >= 0.404)
",9999999.000,9999999.000,0.000,1.000,0.000,0,0,0,23,23,0,0,23,0.0,0.0,0.0,0.0,0.0,1.0,1
"G[0,2]((Alkalinephos >= 0.795 & Alkalinephos >= 1.305) & BaseExcess <= 8.616)
",9999999.000,9999999.000,0.000,1.000,0.000,0,0,0,23,23,0,0,23,0.0,0.0,0.0,0.0,0.0,1.0,1
"G[1,2](Platelets <= 55.172 -> WBC >= 0.251)
",9999999.000,9999999.000,0.000,1.000,0.000,0,0,2,21,21,2,2,21,0.0,0.0,1.0,0.0,0.0,1.0,1
"G[1,2](((SBP >= 0.000 & Bilirubin_total >= 0.035) -> pH >= 0.025) -> AST <= 0.273)
",9999999.000,9999999.000,0.000,1.000,0.000,0,0,23,0,0,23,23,0,0.0,0.0,1.0,0.0,0.0,1.0,1
"G[0,1](SaO2 <= 0.000 -> BUN >= 0.615)
",9999999.000,9999999.000,0.000,1.000,0.000,0,0,0,23,23,0,0,23,0.0,0.0,0.0,0.0,0.0,1.0,1
"G[1,1](BUN <= 16.356 & Creatinine >= 0.374)
",-3371946307449750.000,-0.374,0.000,1.000,0.000,0,0,1,22,22,1,1,22,0.0,0.0,1.0,0.0,0.0,1.0,1
"G[0,2](((BUN <= 65.410 | Creatinine >= 0.374) -> Calcium <= 5.902) & Resp >= 0.355)
",9999999.000,9999999.000,0.000,1.000,0.000,0,0,3,20,20,3,3,20,0.0,0.0,1.0,0.0,0.0,1.0,1
"G[1,2](((Potassium <= 2.685 | HCO3 >= 0.000) | Fibrinogen <= 0.000) -> SepsisLabel >= 0.000)
",9999999.000,9999999.000,0.000,1.000,0.000,0,0,23,0,0,23,23,0,0.0,0.0,1.0,0.0,0.0,1.0,1
"G[1,2]((PTT <= 0.000 | Glucose <= 169.842) & Phosphate >= 2.909)
",9999999.000,9999999.000,0.000,1.000,0.000,0,0,1,22,22,1,1,22,0.0,0.0,1.0,0.0,0.0,1.0,1
"F[0,1](((DBP <= 0.000 | Platelets >= 0.130) | HCO3 <= 50.092) | Chloride <= 49.822)
",-9999999.000,-9999999.000,0.000,0.000,1.000,0,0,0,23,23,0,0,23,0.0,0.0,0.0,0.0,0.0,1.0,-1
