Rule,Discrimination Score,Pos Robustness,Neg Robustness,Percent Class +,Percent Class -,TP,TN,FP,FN,Actual Yes,Actual No,Predicted Yes,Predicted No,TPR/Sens,TNR/Spec,FPR,Precision,Accuracy,MCR
"G[0,0](((BUN <= 10.951 | MAP >= 39.221) -> SepsisLabel <= 101.022) -> Alkalinephos <= 101.033)
",-27.091,-99.770,0.000,1.000,0.000,20,0,0,0,20,0,20,0,1.0,0.0,0.0,1.0,1.0256410256410255,-0.02564102564102555
"G[0,0]((PaCO2 <= 52.835 & SBP >= 7.371) | TroponinI <= 118.183)
",118.183,118.183,0.000,1.000,0.000,20,0,0,0,20,0,20,0,1.0,0.0,0.0,1.0,1.0256410256410255,-0.02564102564102555
"G[0,0](((SepsisLabel <= 0.000 & Temp >= 12.252) & BUN >= 22.836) | Phosphate <= 26.523)
",42.869,26.312,0.000,1.000,0.000,20,0,0,0,20,0,20,0,1.0,0.0,0.0,1.0,1.0256410256410255,-0.02564102564102555
"G[0,0](((Lactate <= 0.838 | pH >= 0.157) | MAP <= 5.651) -> Bilirubin_total <= 4.093)
",-2.950,-3.666,0.000,1.000,0.000,20,0,0,0,20,0,20,0,1.0,0.0,0.0,1.0,1.0256410256410255,-0.02564102564102555
"G[0,0](((HR <= 76.696 -> HCO3 <= 0.000) | Resp <= 0.000) | Bilirubin_total >= 0.000)
",0.343,0.426,0.000,1.000,0.000,20,0,0,0,20,0,20,0,1.0,0.0,0.0,1.0,1.0256410256410255,-0.02564102564102555
"G[0,0]((Calcium <= 7.706 & Platelets <= 93.562) & PTT <= 187.014)
",-0.044,-1.775,0.000,1.000,0.000,20,0,0,0,20,0,20,0,1.0,0.0,0.0,1.0,1.0256410256410255,-0.02564102564102555
"G[0,0](((PTT <= 32.545 | HR <= 75.146) -> Potassium >= 1.554) -> Glucose >= 13.048)
",7345251976275427.000,13.048,0.000,1.000,0.000,20,0,0,0,20,0,20,0,1.0,0.0,0.0,1.0,1.0256410256410255,-0.02564102564102555
"G[0,0](((PTT >= 1.950 -> Temp >= 19.317) -> EtCO2 >= 12.970) -> HCO3 <= 33.830)
",-4761125851422686.000,-33.830,0.000,1.000,0.000,20,0,0,0,20,0,20,0,1.0,0.0,0.0,1.0,1.0256410256410255,-0.02564102564102555
"G[0,0](((FiO2 >= 0.016 & TroponinI >= 0.003) -> MAP <= 0.041) | Bilirubin_total >= 0.007)
",0.356,0.440,0.000,1.000,0.000,20,0,0,0,20,0,20,0,1.0,0.0,0.0,1.0,1.0256410256410255,-0.02564102564102555
"G[0,0](((Hgb >= 0.685 | Resp >= 14.766) & DBP >= 7.604) | PTT <= 20.097)
",8.411,52.129,0.000,1.000,0.000,20,0,0,0,20,0,20,0,1.0,0.0,0.0,1.0,1.0256410256410255,-0.02564102564102555
"G[0,1]((BUN <= 8.357 -> Platelets <= 135.376) | Fibrinogen <= 179.713)
",9999999.000,9999999.000,0.000,1.000,0.000,19,0,1,0,19,1,20,0,1.0,0.0,1.0,0.95,0.9743589743589743,0.02564102564102566
"G[1,1](Bilirubin_total >= 0.000 & SepsisLabel = 0.000)
",0.000,0.000,0.000,1.000,0.000,19,0,1,0,19,1,20,0,1.0,0.0,1.0,0.95,0.9743589743589743,0.02564102564102566
"G[0,1](SepsisLabel >= 0.000 -> SepsisLabel = 0.000)
",9999999.000,9999999.000,0.000,1.000,0.000,19,0,1,0,19,1,20,0,1.0,0.0,1.0,0.95,0.9743589743589743,0.02564102564102566
"G[0,1](BaseExcess >= 0.000 & SepsisLabel = 0.000)
",9999999.000,9999999.000,0.000,1.000,0.000,19,0,1,0,19,1,20,0,1.0,0.0,1.0,0.95,0.9743589743589743,0.02564102564102566
"G[0,1](Magnesium > 0.031 -> SepsisLabel = 0.000)
",9999999.000,9999999.000,0.000,1.000,0.000,19,0,1,0,19,1,20,0,1.0,0.0,1.0,0.95,0.9743589743589743,0.02564102564102566
"G[0,1](((SBP <= 135.504 -> Fibrinogen >= 3.630) -> SepsisLabel <= 143.381) & Platelets <= 258.473)
",9999999.000,9999999.000,0.000,1.000,0.000,19,0,1,0,19,1,20,0,1.0,0.0,1.0,0.95,0.9743589743589743,0.02564102564102566
"G[0,1]((EtCO2 <= 0.000 & Bilirubin_direct >= 0.000) & Bilirubin_total <= 0.000)
",9999999.000,9999999.000,0.000,1.000,0.000,19,0,1,0,19,1,20,0,1.0,0.0,1.0,0.95,0.9743589743589743,0.02564102564102566
"G[0,1](EtCO2 <= 0.000 & SepsisLabel = 0.000)
",9999999.000,9999999.000,0.000,1.000,0.000,19,0,1,0,19,1,20,0,1.0,0.0,1.0,0.95,0.9743589743589743,0.02564102564102566
"G[0,1]((Hct <= 24.356 & Hgb >= 0.095) | Chloride <= 3.478)
",9999999.000,9999999.000,0.000,1.000,0.000,19,0,1,0,19,1,20,0,1.0,0.0,1.0,0.95,0.9743589743589743,0.02564102564102566
"G[0,1]((pH >= 0.618 -> PTT >= 1.832) | Phosphate <= 68.786)
",9999999.000,9999999.000,0.000,1.000,0.000,19,0,1,0,19,1,20,0,1.0,0.0,1.0,0.95,0.9743589743589743,0.02564102564102566
"G[0,1](Creatinine <= 0.743 -> Platelets <= 69.215)
",9999999.000,9999999.000,0.000,1.000,0.000,19,0,1,0,19,1,20,0,1.0,0.0,1.0,0.95,0.9743589743589743,0.02564102564102566
"G[1,1](((BUN >= 0.639 -> pH <= 1.057) -> Alkalinephos >= 0.268) -> Bilirubin_total <= 7.204)
",-7.204,-7.204,0.000,1.000,0.000,19,0,1,0,19,1,20,0,1.0,0.0,1.0,0.95,0.9743589743589743,0.02564102564102566
"G[1,1](((Calcium <= 0.940 -> SaO2 <= 65.909) -> MAP >= 1.700) | HCO3 <= 14.213)
",8001412796779299.000,14.213,0.000,1.000,0.000,19,0,1,0,19,1,20,0,1.0,0.0,1.0,0.95,0.9743589743589743,0.02564102564102566
"G[0,0]((DBP <= 73.940 | HR >= 67.668) | O2Sat <= 91.329)
",6954227393524926.000,25299.332,0.000,1.000,0.000,19,0,0,1,20,0,19,1,0.95,0.0,0.0,1.0,0.9743589743589743,0.02564102564102566
"G[0,1](AST >= 0.000 | Platelets <= 159.721)
",9999999.000,9999999.000,0.000,1.000,0.000,19,0,1,0,19,1,20,0,1.0,0.0,1.0,0.95,0.9743589743589743,0.02564102564102566
"G[1,1](Chloride >= 0.000 & HCO3 >= 0.000)
",0.000,0.000,0.000,1.000,0.000,19,0,1,0,19,1,20,0,1.0,0.0,1.0,0.95,0.9743589743589743,0.02564102564102566
"G[0,1](Lactate <= 0.337 -> Potassium <= 4.483)
",9999999.000,9999999.000,0.000,1.000,0.000,19,0,1,0,19,1,20,0,1.0,0.0,1.0,0.95,0.9743589743589743,0.02564102564102566
"G[0,1](((Fibrinogen >= 6.515 & HR <= 101.559) & TroponinI <= 90.395) | AST <= 97.342)
",9999999.000,9999999.000,0.000,1.000,0.000,19,0,1,0,19,1,20,0,1.0,0.0,1.0,0.95,0.9743589743589743,0.02564102564102566
"G[0,1](((Magnesium >= 0.067 -> Potassium >= 0.645) & AST <= 3.960) | MAP >= 0.512)
",9999999.000,9999999.000,0.000,1.000,0.000,19,0,1,0,19,1,20,0,1.0,0.0,1.0,0.95,0.9743589743589743,0.02564102564102566
"G[1,1](((BaseExcess >= 0.000 & Bilirubin_total >= 0.000) | Creatinine <= 0.000) | MAP >= 0.000)
",0.000,0.000,0.000,1.000,0.000,19,0,1,0,19,1,20,0,1.0,0.0,1.0,0.95,0.9743589743589743,0.02564102564102566
"G[0,1]((Platelets >= 1.013 | TroponinI <= 0.040) | MAP >= 0.005)
",9999999.000,9999999.000,0.000,1.000,0.000,19,0,1,0,19,1,20,0,1.0,0.0,1.0,0.95,0.9743589743589743,0.02564102564102566
"G[0,1](((Fibrinogen >= 11.278 | SaO2 >= 6.616) & Lactate <= 54.374) -> Resp >= 4.898)
",9999999.000,9999999.000,0.000,1.000,0.000,19,0,1,0,19,1,20,0,1.0,0.0,1.0,0.95,0.9743589743589743,0.02564102564102566
"G[0,1](((Bilirubin_total <= 0.000 | PTT <= 26.588) | BUN <= 6.181) -> BUN <= 94.086)
",9999999.000,9999999.000,0.000,1.000,0.000,19,0,1,0,19,1,20,0,1.0,0.0,1.0,0.95,0.9743589743589743,0.02564102564102566
"G[1,1](Chloride >= 0.000 & HCO3 >= 0.000)
",0.000,0.000,0.000,1.000,0.000,19,0,1,0,19,1,20,0,1.0,0.0,1.0,0.95,0.9743589743589743,0.02564102564102566
"G[0,1](Chloride >= 0.000 & HCO3 >= 0.000)
",9999999.000,9999999.000,0.000,1.000,0.000,19,0,1,0,19,1,20,0,1.0,0.0,1.0,0.95,0.9743589743589743,0.02564102564102566
"G[0,1]((SepsisLabel >= 0.000 & Bilirubin_direct >= 0.000) | Resp >= 0.000)
",9999999.000,9999999.000,0.000,1.000,0.000,19,0,1,0,19,1,20,0,1.0,0.0,1.0,0.95,0.9743589743589743,0.02564102564102566
"G[1,1](Chloride >= 0.000 & HCO3 >= 0.000)
",0.000,0.000,0.000,1.000,0.000,19,0,1,0,19,1,20,0,1.0,0.0,1.0,0.95,0.9743589743589743,0.02564102564102566
"G[0,1](Chloride >= 0.000 & HCO3 >= 0.000)
",9999999.000,9999999.000,0.000,1.000,0.000,19,0,1,0,19,1,20,0,1.0,0.0,1.0,0.95,0.9743589743589743,0.02564102564102566
"G[0,0]((Chloride <= 0.000 | Lactate <= 0.324) -> Calcium <= 0.492)
",-4434712240031014.500,-0.492,0.000,1.000,0.000,18,0,0,2,20,0,18,2,0.9,0.0,0.0,1.0,0.9230769230769231,0.07692307692307687
"G[0,1](Glucose >= 22.017 -> Lactate <= 1.003)
",9999999.000,9999999.000,0.000,1.000,0.000,18,0,1,1,19,1,19,1,0.9473684210526315,0.0,1.0,0.9473684210526315,0.9230769230769231,0.07692307692307687
"G[0,1](Creatinine >= 0.070 -> Phosphate <= 1.373)
",9999999.000,9999999.000,0.000,1.000,0.000,18,0,1,1,19,1,19,1,0.9473684210526315,0.0,1.0,0.9473684210526315,0.9230769230769231,0.07692307692307687
"G[1,1](((Hct >= 0.994 -> Phosphate >= 0.024) -> Hgb <= 0.811) | BUN <= 0.267)
",4803571067270662.000,0.267,0.000,1.000,0.000,18,0,1,1,19,1,19,1,0.9473684210526315,0.0,1.0,0.9473684210526315,0.9230769230769231,0.07692307692307687
"G[0,1](SepsisLabel <= 0.000 & Hct <= 41.225)
",9999999.000,9999999.000,0.000,1.000,0.000,18,0,1,1,19,1,19,1,0.9473684210526315,0.0,1.0,0.9473684210526315,0.9230769230769231,0.07692307692307687
"G[0,1](Hgb <= 11.949 | Temp <= 35.221)
",9999999.000,9999999.000,0.000,1.000,0.000,18,0,1,1,19,1,19,1,0.9473684210526315,0.0,1.0,0.9473684210526315,0.9230769230769231,0.07692307692307687
"G[0,1]((DBP <= 60.100 | PaCO2 <= 45.212) & AST <= 12.162)
",9999999.000,9999999.000,0.000,1.000,0.000,18,0,1,1,19,1,19,1,0.9473684210526315,0.0,1.0,0.9473684210526315,0.9230769230769231,0.07692307692307687
"G[0,0](PaCO2 <= 25.619 | TroponinI >= 0.006)
",7211137224776909.000,25.619,0.000,1.000,0.000,18,0,0,2,20,0,18,2,0.9,0.0,0.0,1.0,0.9230769230769231,0.07692307692307687
"G[0,1](((Magnesium >= 0.079 | pH <= 7.214) | Creatinine >= 0.478) | Phosphate >= 0.710)
",9999999.000,9999999.000,0.000,1.000,0.000,17,0,1,2,19,1,18,2,0.8947368421052632,0.0,1.0,0.9444444444444444,0.8717948717948718,0.1282051282051282
"G[1,1]((SaO2 <= 89.512 | Temp <= 30.353) | BUN >= 17.940)
",89.512,89.512,0.000,1.000,0.000,17,0,1,2,19,1,18,2,0.8947368421052632,0.0,1.0,0.9444444444444444,0.8717948717948718,0.1282051282051282
"G[0,1](PaCO2 >= 2.392 | Potassium <= 1.002)
",9999999.000,9999999.000,0.000,1.000,0.000,17,0,1,2,19,1,18,2,0.8947368421052632,0.0,1.0,0.9444444444444444,0.8717948717948718,0.1282051282051282
"G[0,0]((Magnesium <= 0.581 & SBP >= 12.888) -> Glucose <= 113.021)
",-113.021,-113.021,0.000,1.000,0.000,17,0,0,3,20,0,17,3,0.85,0.0,0.0,1.0,0.8717948717948718,0.1282051282051282
"G[1,1]((Fibrinogen >= 0.085 & BUN >= 0.492) -> BaseExcess >= 0.730)
",4433528385634645.000,0.492,0.000,1.000,0.000,17,0,1,2,19,1,18,2,0.8947368421052632,0.0,1.0,0.9444444444444444,0.8717948717948718,0.1282051282051282
"G[0,1](SBP <= 162.997 | Potassium >= 0.261)
",9999999.000,9999999.000,0.000,1.000,0.000,17,0,1,2,19,1,18,2,0.8947368421052632,0.0,1.0,0.9444444444444444,0.8717948717948718,0.1282051282051282
"G[1,1](BUN <= 10.195 | WBC <= 1.527)
",10.195,10.195,0.000,1.000,0.000,16,0,1,3,19,1,17,3,0.8421052631578947,0.0,1.0,0.9411764705882353,0.8205128205128205,0.17948717948717952
"G[0,1]((Hgb <= 7.671 & Phosphate <= 1.517) -> O2Sat >= 0.019)
",9999999.000,9999999.000,0.000,1.000,0.000,16,0,1,3,19,1,17,3,0.8421052631578947,0.0,1.0,0.9411764705882353,0.8205128205128205,0.17948717948717952
"G[0,0](((BUN <= 7.518 | Fibrinogen >= 6.310) | WBC <= 174.615) & Glucose <= 96.794)
",15.539,95.348,0.000,1.000,0.000,16,0,0,4,20,0,16,4,0.8,0.0,0.0,1.0,0.8205128205128205,0.17948717948717952
"G[0,1]((DBP <= 75.591 & Resp <= 21.866) & SepsisLabel <= 15.454)
",9999999.000,9999999.000,0.000,1.000,0.000,16,0,0,4,20,0,16,4,0.8,0.0,0.0,1.0,0.8205128205128205,0.17948717948717952
"G[1,1](Lactate <= 0.364 & WBC <= 4.939)
",0.364,0.364,0.000,1.000,0.000,15,0,1,4,19,1,16,4,0.7894736842105263,0.0,1.0,0.9375,0.7692307692307693,0.23076923076923073
"G[0,1]((FiO2 >= 0.023 | SaO2 >= 1.631) -> TroponinI >= 2.329)
",9999999.000,9999999.000,0.000,1.000,0.000,15,0,1,4,19,1,16,4,0.7894736842105263,0.0,1.0,0.9375,0.7692307692307693,0.23076923076923073
"G[1,1](((Phosphate <= 0.472 -> TroponinI >= 0.002) -> Fibrinogen >= 0.001) & Calcium <= 0.013)
",0.001,0.001,0.000,1.000,0.000,15,0,1,4,19,1,16,4,0.7894736842105263,0.0,1.0,0.9375,0.7692307692307693,0.23076923076923073
"G[0,1]((Fibrinogen >= 3.224 | Glucose <= 116.626) & Potassium <= 97.837)
",9999999.000,9999999.000,0.000,1.000,0.000,15,0,1,4,19,1,16,4,0.7894736842105263,0.0,1.0,0.9375,0.7692307692307693,0.23076923076923073
"G[0,1]((MAP >= 55.577 | PaCO2 >= 2.224) | Alkalinephos >= 2.368)
",9999999.000,9999999.000,0.000,1.000,0.000,15,0,1,4,19,1,16,4,0.7894736842105263,0.0,1.0,0.9375,0.7692307692307693,0.23076923076923073
"G[1,1](Glucose <= 48.149 | TroponinI >= 0.005)
",6776377612767843.000,48.149,0.000,1.000,0.000,14,0,1,5,19,1,15,5,0.7368421052631579,0.0,1.0,0.9333333333333333,0.717948717948718,0.28205128205128205
"G[0,1](Chloride >= 0.000 & Potassium <= 3.657)
",9999999.000,9999999.000,0.000,1.000,0.000,13,0,1,6,19,1,14,6,0.6842105263157895,0.0,1.0,0.9285714285714286,0.6666666666666666,0.33333333333333337
"G[0,0](((BUN >= 0.486 -> DBP >= 37.950) | Temp <= 74.295) & HR <= 63.137)
",-6955472901262130.000,-25303.863,0.000,1.000,0.000,9,0,0,11,20,0,9,11,0.45,0.0,0.0,1.0,0.46153846153846156,0.5384615384615384
"G[0,1]((Calcium <= 1.870 & Temp >= 6.666) | Hgb >= 23.059)
",9999999.000,9999999.000,0.000,1.000,0.000,9,0,1,10,19,1,10,10,0.47368421052631576,0.0,1.0,0.9,0.46153846153846156,0.5384615384615384
"G[1,1](Glucose >= 16.697 | SaO2 >= 6.929)
",-7800966655976497.000,-6.929,0.000,1.000,0.000,7,0,1,12,19,1,8,12,0.3684210526315789,0.0,1.0,0.875,0.358974358974359,0.641025641025641
"G[1,1]((Hct <= 33.905 & Resp <= 15.227) | Magnesium >= 3.693)
",15.227,15.227,0.000,1.000,0.000,6,0,1,13,19,1,7,13,0.3157894736842105,0.0,1.0,0.8571428571428571,0.3076923076923077,0.6923076923076923
"G[0,1]((Chloride <= 0.000 & MAP <= 80.541) | BUN >= 2.078)
",9999999.000,9999999.000,0.000,1.000,0.000,5,0,0,15,20,0,5,15,0.25,0.0,0.0,1.0,0.2564102564102564,0.7435897435897436
"G[1,1](Potassium <= 1.399 -> SaO2 >= 0.605)
",-1.399,-1.399,0.000,1.000,0.000,4,0,1,15,19,1,5,15,0.21052631578947367,0.0,1.0,0.8,0.20512820512820512,0.7948717948717949
"G[1,1]((TroponinI >= 0.003 | PaCO2 >= 0.156) & Alkalinephos <= 32.362)
",-0.003,-0.003,0.000,1.000,0.000,4,0,1,15,19,1,5,15,0.21052631578947367,0.0,1.0,0.8,0.20512820512820512,0.7948717948717949
"G[0,1](DBP <= 65.565 -> PTT >= 2.087)
",9999999.000,9999999.000,0.000,1.000,0.000,3,0,1,16,19,1,4,16,0.15789473684210525,0.0,1.0,0.75,0.15384615384615385,0.8461538461538461
"G[1,1](((Magnesium >= 0.082 | Phosphate >= 0.018) & Magnesium <= 1.980) | Creatinine >= 0.005)
",-0.005,-0.005,0.000,1.000,0.000,3,0,1,16,19,1,4,16,0.15789473684210525,0.0,1.0,0.75,0.15384615384615385,0.8461538461538461
"G[0,0]((TroponinI <= 0.091 | Chloride <= 0.000) & DBP <= 0.000)
",-12.072,-89.868,0.000,1.000,0.000,3,0,0,17,20,0,3,17,0.15,0.0,0.0,1.0,0.15384615384615385,0.8461538461538461
"G[1,1]((Calcium >= 0.581 & Creatinine >= 0.004) & Bilirubin_direct <= 0.904)
",-0.581,-0.581,0.000,1.000,0.000,3,0,1,16,19,1,4,16,0.15789473684210525,0.0,1.0,0.75,0.15384615384615385,0.8461538461538461
"G[0,0]((Calcium <= 8.096 & FiO2 >= 0.010) & MAP >= 0.039)
",-5846562729076130.000,-0.010,0.000,1.000,0.000,2,0,0,18,20,0,2,18,0.1,0.0,0.0,1.0,0.10256410256410256,0.8974358974358975
"G[0,1](((DBP >= 17.465 -> O2Sat >= 21.454) & DBP >= 72.201) & pH <= 99.844)
",9999999.000,9999999.000,0.000,1.000,0.000,1,0,0,19,20,0,1,19,0.05,0.0,0.0,1.0,0.05128205128205128,0.9487179487179487
"G[0,1](((HCO3 <= 0.000 | Alkalinephos <= 0.000) | Calcium >= 0.000) & MAP <= 0.000)
",9999999.000,9999999.000,0.000,1.000,0.000,1,0,0,19,20,0,1,19,0.05,0.0,0.0,1.0,0.05128205128205128,0.9487179487179487
"G[0,1](((O2Sat <= 98.135 -> Temp <= 26.743) -> HCO3 <= 35.261) -> O2Sat <= 26.376)
",9999999.000,9999999.000,0.000,1.000,0.000,1,0,0,19,20,0,1,19,0.05,0.0,0.0,1.0,0.05128205128205128,0.9487179487179487
"G[1,2](((Calcium <= 1.395 -> Creatinine >= 0.069) | SaO2 >= 0.012) & BUN <= 0.478)
",9999999.000,9999999.000,0.000,1.000,0.000,0,0,2,18,18,2,2,18,0.0,0.0,1.0,0.0,0.0,1.0
"G[0,1](PaCO2 >= 1.906 & PTT <= 26.310)
",9999999.000,9999999.000,0.000,1.000,0.000,0,0,0,20,20,0,0,20,0.0,0.0,0.0,0.0,0.0,1.0
"G[2,2](Fibrinogen >= 3.487 & Platelets >= 7.814)
",-4398653862496742.500,-7.814,0.000,1.000,0.000,0,0,20,0,0,20,20,0,0.0,0.0,1.0,0.0,0.0,1.0
"G[0,0]((Creatinine <= 0.926 | SBP >= 28.825) -> DBP >= 88.620)
",-1.836,-7.900,0.000,1.000,0.000,0,0,0,20,20,0,0,20,0.0,0.0,0.0,0.0,0.0,1.0
"G[2,2](((Hgb >= 0.733 | SBP >= 59.855) | FiO2 >= 77.325) & O2Sat <= 180.289)
",-6602395808482868.000,-0.733,0.000,1.000,0.000,0,0,20,0,0,20,20,0,0.0,0.0,1.0,0.0,0.0,1.0
"G[1,1](((Fibrinogen >= 8.837 | TroponinI >= 0.006) | Lactate >= 0.005) & BaseExcess >= 0.003)
",-5635812797606635.000,-0.005,0.000,1.000,0.000,0,0,1,19,19,1,1,19,0.0,0.0,1.0,0.0,0.0,1.0
"G[1,2]((Platelets <= 205.250 | Temp >= 12.695) | Chloride <= 31.051)
",9999999.000,9999999.000,0.000,1.000,0.000,0,0,20,0,0,20,20,0,0.0,0.0,1.0,0.0,0.0,1.0
"G[0,2](((Glucose <= 43.587 | BaseExcess >= 0.000) & Bilirubin_direct >= 0.000) -> BUN <= 0.000)
",9999999.000,9999999.000,0.000,1.000,0.000,0,0,17,3,3,17,17,3,0.0,0.0,1.0,0.0,0.0,1.0
"G[0,2](Creatinine >= 0.009 -> HR >= 21.038)
",9999999.000,9999999.000,0.000,1.000,0.000,0,0,20,0,0,20,20,0,0.0,0.0,1.0,0.0,0.0,1.0
"G[0,2](Magnesium >= 0.019 -> Lactate <= 0.262)
",9999999.000,9999999.000,0.000,1.000,0.000,0,0,19,1,1,19,19,1,0.0,0.0,1.0,0.0,0.0,1.0
"G[1,2](((MAP >= 72.470 | Phosphate <= 0.370) | SepsisLabel <= 0.272) & SepsisLabel <= 0.262)
",9999999.000,9999999.000,0.000,1.000,0.000,0,0,20,0,0,20,20,0,0.0,0.0,1.0,0.0,0.0,1.0
"G[2,2](((AST <= 0.000 | Magnesium <= 0.932) -> Alkalinephos <= 2.053) & Lactate >= 0.067)
",-2.053,-2.053,0.000,1.000,0.000,0,0,20,0,0,20,20,0,0.0,0.0,1.0,0.0,0.0,1.0
"G[0,1]((DBP >= 17.675 | Temp <= 25.367) & SepsisLabel >= 10.137)
",9999999.000,9999999.000,0.000,1.000,0.000,0,0,0,20,20,0,0,20,0.0,0.0,0.0,0.0,0.0,1.0
"G[1,2](((HCO3 <= 0.000 & MAP >= 48.059) | AST >= 61.138) -> HR >= 35.265)
",9999999.000,9999999.000,0.000,1.000,0.000,0,0,20,0,0,20,20,0,0.0,0.0,1.0,0.0,0.0,1.0
"G[0,2]((Temp >= 2.462 & Resp <= 18.256) | Platelets >= 5.868)
",9999999.000,9999999.000,0.000,1.000,0.000,0,0,6,14,14,6,6,14,0.0,0.0,1.0,0.0,0.0,1.0
"G[0,2]((TroponinI <= 0.257 | Creatinine >= 0.045) -> Alkalinephos <= 0.920)
",9999999.000,9999999.000,0.000,1.000,0.000,0,0,20,0,0,20,20,0,0.0,0.0,1.0,0.0,0.0,1.0
"G[2,2](Calcium <= 6.301 & Resp >= 6.322)
",-6.322,-6.322,0.000,1.000,0.000,0,0,20,0,0,20,20,0,0.0,0.0,1.0,0.0,0.0,1.0
"G[1,2]((pH <= 2.223 & SBP >= 72.450) & PaCO2 <= 133.151)
",9999999.000,9999999.000,0.000,1.000,0.000,0,0,16,4,4,16,16,4,0.0,0.0,1.0,0.0,0.0,1.0
"G[0,2]((O2Sat <= 96.520 | TroponinI >= 0.001) & SBP <= 0.067)
",9999999.000,9999999.000,0.000,1.000,0.000,0,0,1,19,19,1,1,19,0.0,0.0,1.0,0.0,0.0,1.0
"G[0,1]((Creatinine >= 0.007 -> MAP <= 82.460) -> Phosphate >= 24.835)
",9999999.000,9999999.000,0.000,1.000,0.000,0,0,0,20,20,0,0,20,0.0,0.0,0.0,0.0,0.0,1.0
"G[0,2](((Calcium <= 4.822 & SBP >= 86.860) -> SepsisLabel >= 82.693) -> Hct >= 104.922)
",9999999.000,9999999.000,0.000,1.000,0.000,0,0,14,6,6,14,14,6,0.0,0.0,1.0,0.0,0.0,1.0
"G[2,2]((DBP >= 50.683 -> TroponinI <= 0.144) -> Alkalinephos <= 0.064)
",-0.064,-0.064,0.000,1.000,0.000,0,0,20,0,0,20,20,0,0.0,0.0,1.0,0.0,0.0,1.0
"G[0,2]((Fibrinogen >= 13.046 | O2Sat <= 98.801) | EtCO2 <= 95.647)
",9999999.000,9999999.000,0.000,1.000,0.000,0,0,20,0,0,20,20,0,0.0,0.0,1.0,0.0,0.0,1.0
"G[0,1]((PTT <= 62.989 & SaO2 <= 96.922) & PaCO2 >= 1.347)
",9999999.000,9999999.000,0.000,1.000,0.000,0,0,0,20,20,0,0,20,0.0,0.0,0.0,0.0,0.0,1.0
"G[0,2](O2Sat <= 89.895 | HR <= 81.887)
",9999999.000,9999999.000,0.000,1.000,0.000,0,0,9,11,11,9,9,11,0.0,0.0,1.0,0.0,0.0,1.0
"G[0,0]((FiO2 <= 0.169 & PTT >= 0.061) | PTT >= 1.366)
",0.323,1.180,0.000,1.000,0.000,0,0,0,20,20,0,0,20,0.0,0.0,0.0,0.0,0.0,1.0
"G[2,2]((Bilirubin_total >= 0.000 | Fibrinogen >= 11.834) | Temp <= 85.485)
",85.485,85.485,0.000,1.000,0.000,0,0,20,0,0,20,20,0,0.0,0.0,1.0,0.0,0.0,1.0
"G[0,0]((BUN >= 0.884 | SBP <= 187.272) -> HCO3 >= 34.677)
",-9.839,-160.061,0.000,1.000,0.000,0,0,0,20,20,0,0,20,0.0,0.0,0.0,0.0,0.0,1.0
"G[0,2](((SaO2 <= 34.914 | BUN <= 10.944) | Lactate <= 1.746) -> O2Sat <= 3.871)
",9999999.000,9999999.000,0.000,1.000,0.000,0,0,1,19,19,1,1,19,0.0,0.0,1.0,0.0,0.0,1.0
"G[0,1](TroponinI >= 0.002 | Calcium >= 0.123)
",9999999.000,9999999.000,0.000,1.000,0.000,0,0,0,20,20,0,0,20,0.0,0.0,0.0,0.0,0.0,1.0
"G[0,2]((Lactate >= 0.070 & Resp >= 12.011) & DBP >= 7.522)
",9999999.000,9999999.000,0.000,1.000,0.000,0,0,0,20,20,0,0,20,0.0,0.0,0.0,0.0,0.0,1.0
"G[0,1](((SaO2 <= 20.218 | TroponinI >= 0.006) & Hgb >= 0.001) & Platelets <= 0.268)
",9999999.000,9999999.000,0.000,1.000,0.000,0,0,0,20,20,0,0,20,0.0,0.0,0.0,0.0,0.0,1.0
"G[2,2]((Resp <= 17.926 -> SaO2 <= 49.859) -> Platelets >= 6.671)
",6.671,6.671,0.000,1.000,0.000,0,0,20,0,0,20,20,0,0.0,0.0,1.0,0.0,0.0,1.0
"G[0,2]((DBP <= 72.070 | Lactate <= 0.207) & Lactate <= 0.190)
",9999999.000,9999999.000,0.000,1.000,0.000,0,0,16,4,4,16,16,4,0.0,0.0,1.0,0.0,0.0,1.0
"G[1,2](O2Sat <= 90.968 -> Bilirubin_direct >= 0.000)
",9999999.000,9999999.000,0.000,1.000,0.000,0,0,20,0,0,20,20,0,0.0,0.0,1.0,0.0,0.0,1.0
"G[0,2]((SaO2 >= 9.578 & SBP <= 159.259) -> EtCO2 <= 115.903)
",9999999.000,9999999.000,0.000,1.000,0.000,0,0,20,0,0,20,20,0,0.0,0.0,1.0,0.0,0.0,1.0
"G[0,2]((MAP >= 21.910 -> pH >= 0.611) | Bilirubin_direct >= 0.440)
",9999999.000,9999999.000,0.000,1.000,0.000,0,0,2,18,18,2,2,18,0.0,0.0,1.0,0.0,0.0,1.0
"G[1,2]((SBP <= 115.747 -> pH <= 7.336) & Chloride >= 0.309)
",9999999.000,9999999.000,0.000,1.000,0.000,0,0,1,19,19,1,1,19,0.0,0.0,1.0,0.0,0.0,1.0
"G[0,2](((SaO2 <= 30.762 | TroponinI >= 0.006) & WBC <= 0.116) -> pH >= 0.006)
",9999999.000,9999999.000,0.000,1.000,0.000,0,0,0,20,20,0,0,20,0.0,0.0,0.0,0.0,0.0,1.0
"G[1,2]((Glucose <= 101.069 & Resp <= 15.826) | Alkalinephos >= 2.267)
",9999999.000,9999999.000,0.000,1.000,0.000,0,0,6,14,14,6,6,14,0.0,0.0,1.0,0.0,0.0,1.0
"G[0,2]((Bilirubin_direct <= 0.000 -> Calcium <= 0.673) & HCO3 <= 4.605)
",9999999.000,9999999.000,0.000,1.000,0.000,0,0,14,6,6,14,14,6,0.0,0.0,1.0,0.0,0.0,1.0
"G[0,2]((O2Sat >= 41.898 -> Magnesium <= 2.271) & Alkalinephos >= 0.030)
",9999999.000,9999999.000,0.000,1.000,0.000,0,0,0,20,20,0,0,20,0.0,0.0,0.0,0.0,0.0,1.0
"G[1,2](((MAP <= 94.424 & SBP <= 155.903) & BaseExcess >= 58.971) -> Chloride >= 86.707)
",9999999.000,9999999.000,0.000,1.000,0.000,0,0,20,0,0,20,20,0,0.0,0.0,1.0,0.0,0.0,1.0
"G[0,2](Lactate >= 0.066 -> Bilirubin_direct <= 0.000)
",9999999.000,9999999.000,0.000,1.000,0.000,0,0,20,0,0,20,20,0,0.0,0.0,1.0,0.0,0.0,1.0
"G[0,2](((Lactate >= 0.049 | Creatinine >= 0.064) -> Glucose >= 0.023) -> BaseExcess <= 0.767)
",9999999.000,9999999.000,0.000,1.000,0.000,0,0,20,0,0,20,20,0,0.0,0.0,1.0,0.0,0.0,1.0
"G[1,2]((MAP <= 86.897 | FiO2 >= 0.009) -> Resp >= 0.039)
",9999999.000,9999999.000,0.000,1.000,0.000,0,0,19,1,1,19,19,1,0.0,0.0,1.0,0.0,0.0,1.0
"G[2,2]((Magnesium >= 0.037 | Magnesium <= 1.219) & Creatinine >= 0.113)
",-8106969089472977.000,-0.113,0.000,1.000,0.000,0,0,20,0,0,20,20,0,0.0,0.0,1.0,0.0,0.0,1.0
"G[0,2](BaseExcess <= 0.000 & Fibrinogen <= 108.557)
",9999999.000,9999999.000,0.000,1.000,0.000,0,0,18,2,2,18,18,2,0.0,0.0,1.0,0.0,0.0,1.0
"G[1,2](((Magnesium <= 1.366 | O2Sat <= 93.871) -> Phosphate <= 94.527) & Bilirubin_direct >= 15.099)
",9999999.000,9999999.000,0.000,1.000,0.000,0,0,1,19,19,1,1,19,0.0,0.0,1.0,0.0,0.0,1.0
"G[2,2](((Phosphate <= 0.142 & BaseExcess >= 0.000) | Potassium <= 0.000) -> BUN >= 0.000)
",0.000,0.000,0.000,1.000,0.000,0,0,20,0,0,20,20,0,0.0,0.0,1.0,0.0,0.0,1.0
"G[0,2](Lactate >= 0.009 -> Bilirubin_direct >= 0.000)
",9999999.000,9999999.000,0.000,1.000,0.000,0,0,20,0,0,20,20,0,0.0,0.0,1.0,0.0,0.0,1.0
"G[2,2]((Magnesium <= 1.738 & Hgb <= 2.926) & HCO3 >= 0.265)
",-4779887348224946.000,-0.265,0.000,1.000,0.000,0,0,20,0,0,20,20,0,0.0,0.0,1.0,0.0,0.0,1.0
"G[0,2]((Hct >= 0.744 | WBC <= 9.954) -> Creatinine <= 12.898)
",9999999.000,9999999.000,0.000,1.000,0.000,0,0,20,0,0,20,20,0,0.0,0.0,1.0,0.0,0.0,1.0
"G[0,1]((HR <= 96.081 -> TroponinI <= 0.231) -> Magnesium >= 0.005)
",9999999.000,9999999.000,0.000,1.000,0.000,0,0,0,20,20,0,0,20,0.0,0.0,0.0,0.0,0.0,1.0
"G[1,2](((Magnesium >= 0.145 & Creatinine <= 0.789) & WBC >= 0.034) | SaO2 <= 0.886)
",9999999.000,9999999.000,0.000,1.000,0.000,0,0,18,2,2,18,18,2,0.0,0.0,1.0,0.0,0.0,1.0
"G[0,2]((Calcium >= 0.658 -> SepsisLabel >= 0.000) | O2Sat >= 0.000)
",9999999.000,9999999.000,0.000,1.000,0.000,0,0,20,0,0,20,20,0,0.0,0.0,1.0,0.0,0.0,1.0
"G[1,2]((MAP >= 58.124 | SaO2 >= 3.015) -> Potassium >= 1.323)
",9999999.000,9999999.000,0.000,1.000,0.000,0,0,7,13,13,7,7,13,0.0,0.0,1.0,0.0,0.0,1.0
"G[2,2](((Platelets >= 9.777 & SBP >= 107.169) -> Hgb >= 67.836) & Lactate <= 118.635)
",4773506515350874.000,67.836,0.000,1.000,0.000,0,0,20,0,0,20,20,0,0.0,0.0,1.0,0.0,0.0,1.0
"G[0,2](((Alkalinephos <= 0.000 -> SBP <= 125.326) -> TroponinI <= 167.310) | TroponinI >= 47.952)
",9999999.000,9999999.000,0.000,1.000,0.000,0,0,20,0,0,20,20,0,0.0,0.0,1.0,0.0,0.0,1.0
"G[0,2]((FiO2 <= 0.254 & MAP >= 35.041) -> SBP <= 81.292)
",9999999.000,9999999.000,0.000,1.000,0.000,0,0,2,18,18,2,2,18,0.0,0.0,1.0,0.0,0.0,1.0
"G[1,1]((BUN <= 9.755 | Temp >= 23.246) & Calcium >= 18.998)
",-5347536780113774.000,-18.998,0.000,1.000,0.000,0,0,1,19,19,1,1,19,0.0,0.0,1.0,0.0,0.0,1.0
"G[1,2](((O2Sat <= 98.167 -> HCO3 >= 0.000) -> Potassium >= 0.000) -> DBP >= 0.000)
",9999999.000,9999999.000,0.000,1.000,0.000,0,0,20,0,0,20,20,0,0.0,0.0,1.0,0.0,0.0,1.0
"G[0,1](Calcium >= 0.562 & AST <= 0.000)
",9999999.000,9999999.000,0.000,1.000,0.000,0,0,0,20,20,0,0,20,0.0,0.0,0.0,0.0,0.0,1.0
"G[1,2](BUN <= 9.672 | Alkalinephos <= 0.000)
",9999999.000,9999999.000,0.000,1.000,0.000,0,0,20,0,0,20,20,0,0.0,0.0,1.0,0.0,0.0,1.0
"G[1,2]((FiO2 >= 0.017 -> SBP >= 92.325) -> Potassium <= 148.645)
",9999999.000,9999999.000,0.000,1.000,0.000,0,0,20,0,0,20,20,0,0.0,0.0,1.0,0.0,0.0,1.0
"G[0,2]((Lactate >= 0.045 & SBP <= 136.734) & Hct >= 46.476)
",9999999.000,9999999.000,0.000,1.000,0.000,0,0,0,20,20,0,0,20,0.0,0.0,0.0,0.0,0.0,1.0
"G[2,2](((Calcium >= 0.082 | Calcium <= 2.255) | HCO3 >= 0.223) -> Resp >= 0.342)
",-5078038589500346.000,-2.255,0.000,1.000,0.000,0,0,20,0,0,20,20,0,0.0,0.0,1.0,0.0,0.0,1.0
"G[0,2](((O2Sat >= 25.097 | MAP >= 31.153) & HCO3 <= 102.140) & Alkalinephos <= 101.581)
",9999999.000,9999999.000,0.000,1.000,0.000,0,0,17,3,3,17,17,3,0.0,0.0,1.0,0.0,0.0,1.0
"G[0,2](((Calcium >= 0.277 -> SepsisLabel >= 0.000) | O2Sat >= 0.000) -> Lactate <= 0.000)
",9999999.000,9999999.000,0.000,1.000,0.000,0,0,16,4,4,16,16,4,0.0,0.0,1.0,0.0,0.0,1.0
"G[2,2](((SepsisLabel <= 0.000 & Glucose <= 152.303) -> BaseExcess >= 24.968) & SepsisLabel <= 96.203)
",0.000,0.000,0.000,1.000,0.000,0,0,20,0,0,20,20,0,0.0,0.0,1.0,0.0,0.0,1.0
"G[1,2](((SaO2 >= 5.328 -> FiO2 <= 0.081) & SepsisLabel <= 0.229) & Potassium >= 0.028)
",9999999.000,9999999.000,0.000,1.000,0.000,0,0,3,17,17,3,3,17,0.0,0.0,1.0,0.0,0.0,1.0
"G[0,1](((DBP >= 38.094 -> SaO2 >= 8.043) & Potassium <= 28.630) & pH >= 8.334)
",9999999.000,9999999.000,0.000,1.000,0.000,0,0,0,20,20,0,0,20,0.0,0.0,0.0,0.0,0.0,1.0
"G[1,2](((Alkalinephos <= 0.000 | HR >= 40.876) | Hgb >= 33.927) & pH <= 87.777)
",9999999.000,9999999.000,0.000,1.000,0.000,0,0,20,0,0,20,20,0,0.0,0.0,1.0,0.0,0.0,1.0
"G[0,2]((Magnesium <= 1.929 & Temp >= 1.469) & O2Sat <= 25.052)
",9999999.000,9999999.000,0.000,1.000,0.000,0,0,0,20,20,0,0,20,0.0,0.0,0.0,0.0,0.0,1.0
"G[0,2]((HR <= 70.582 & PaCO2 >= 0.125) -> Hgb >= 3.521)
",9999999.000,9999999.000,0.000,1.000,0.000,0,0,20,0,0,20,20,0,0.0,0.0,1.0,0.0,0.0,1.0
"G[1,2]((Hgb <= 6.222 & O2Sat >= 48.809) & Fibrinogen >= 11.074)
",9999999.000,9999999.000,0.000,1.000,0.000,0,0,1,19,19,1,1,19,0.0,0.0,1.0,0.0,0.0,1.0
"G[0,1](Fibrinogen <= 142.777 -> Platelets >= 13.590)
",9999999.000,9999999.000,0.000,1.000,0.000,0,0,0,20,20,0,0,20,0.0,0.0,0.0,0.0,0.0,1.0
"G[0,1](Platelets <= 103.801 -> WBC >= 0.774)
",9999999.000,9999999.000,0.000,1.000,0.000,0,0,0,20,20,0,0,20,0.0,0.0,0.0,0.0,0.0,1.0
"G[0,2](((Hgb <= 3.555 | Hct <= 21.081) -> WBC >= 0.674) & Platelets >= 14.482)
",9999999.000,9999999.000,0.000,1.000,0.000,0,0,0,20,20,0,0,20,0.0,0.0,0.0,0.0,0.0,1.0
"G[0,0](BUN <= 3.741 & Creatinine >= 0.032)
",-0.032,-0.032,0.000,1.000,0.000,0,0,0,20,20,0,0,20,0.0,0.0,0.0,0.0,0.0,1.0
"G[0,2](Platelets <= 203.859 -> WBC >= 0.567)
",9999999.000,9999999.000,0.000,1.000,0.000,0,0,0,20,20,0,0,20,0.0,0.0,0.0,0.0,0.0,1.0
"G[1,2](((Hgb <= 10.673 | Hct <= 36.932) -> WBC >= 0.065) & Platelets >= 1.298)
",9999999.000,9999999.000,0.000,1.000,0.000,0,0,4,16,16,4,4,16,0.0,0.0,1.0,0.0,0.0,1.0
"G[0,1](BUN <= 6.770 & Creatinine >= 0.048)
",9999999.000,9999999.000,0.000,1.000,0.000,0,0,0,20,20,0,0,20,0.0,0.0,0.0,0.0,0.0,1.0
"G[1,2](SepsisLabel <= 0.000 & SepsisLabel = 0.000)
",9999999.000,9999999.000,0.000,1.000,0.000,0,0,20,0,0,20,20,0,0.0,0.0,1.0,0.0,0.0,1.0
"G[1,1](EtCO2 > 0.000 & SepsisLabel = 0.000)
",0.000,0.000,0.000,1.000,0.000,0,0,1,19,19,1,1,19,0.0,0.0,1.0,0.0,0.0,1.0
"G[2,2](Potassium > 0.543 & SepsisLabel = 0.000)
",-4887936256882602.000,-0.543,0.000,1.000,0.000,0,0,20,0,0,20,20,0,0.0,0.0,1.0,0.0,0.0,1.0
"G[0,1](PTT >= 1.776 & SepsisLabel = 0.000)
",9999999.000,9999999.000,0.000,1.000,0.000,0,0,0,20,20,0,0,20,0.0,0.0,0.0,0.0,0.0,1.0
"G[2,2](Calcium >= 0.473 -> SepsisLabel = 0.000)
",0.000,0.000,0.000,1.000,0.000,0,0,20,0,0,20,20,0,0.0,0.0,1.0,0.0,0.0,1.0
"G[0,2](Temp > 19.252 & SepsisLabel = 0.000)
",9999999.000,9999999.000,0.000,1.000,0.000,0,0,11,9,9,11,11,9,0.0,0.0,1.0,0.0,0.0,1.0
"G[0,2](Hgb > 0.777 -> SepsisLabel = 0.000)
",9999999.000,9999999.000,0.000,1.000,0.000,0,0,20,0,0,20,20,0,0.0,0.0,1.0,0.0,0.0,1.0
"G[2,2](Bilirubin_total <= 0.000 & SepsisLabel = 0.000)
",0.000,0.000,0.000,1.000,0.000,0,0,20,0,0,20,20,0,0.0,0.0,1.0,0.0,0.0,1.0
"G[0,2]((pH <= 4.333 | SaO2 >= 8.641) | Fibrinogen <= 56.483)
",9999999.000,9999999.000,0.000,1.000,0.000,0,0,20,0,0,20,20,0,0.0,0.0,1.0,0.0,0.0,1.0
"G[1,2](((Hgb <= 11.546 -> Platelets >= 13.484) -> Phosphate >= 4.724) & BUN <= 193.338)
",9999999.000,9999999.000,0.000,1.000,0.000,0,0,17,3,3,17,17,3,0.0,0.0,1.0,0.0,0.0,1.0
"G[1,2](BUN >= 0.497 | Magnesium <= 0.963)
",9999999.000,9999999.000,0.000,1.000,0.000,0,0,20,0,0,20,20,0,0.0,0.0,1.0,0.0,0.0,1.0
"G[1,2](Creatinine <= 0.319 & Hct <= 12.378)
",9999999.000,9999999.000,0.000,1.000,0.000,0,0,17,3,3,17,17,3,0.0,0.0,1.0,0.0,0.0,1.0
"G[1,2](BUN >= 0.137 -> Hgb >= 0.209)
",9999999.000,9999999.000,0.000,1.000,0.000,0,0,20,0,0,20,20,0,0.0,0.0,1.0,0.0,0.0,1.0
"G[2,2](((Hct <= 29.245 & Magnesium >= 0.143) & Hgb <= 1.342) & Bilirubin_direct <= 1.766)
",-5153071602124469.000,-0.143,0.000,1.000,0.000,0,0,20,0,0,20,20,0,0.0,0.0,1.0,0.0,0.0,1.0
"G[2,2](Magnesium <= 1.722 -> WBC >= 0.743)
",-7756745401562129.000,-1.722,0.000,1.000,0.000,0,0,20,0,0,20,20,0,0.0,0.0,1.0,0.0,0.0,1.0
"G[1,2](((FiO2 <= 0.358 -> PaCO2 <= 17.925) & Phosphate >= 2.200) -> EtCO2 >= 0.519)
",9999999.000,9999999.000,0.000,1.000,0.000,0,0,20,0,0,20,20,0,0.0,0.0,1.0,0.0,0.0,1.0
"G[1,2](((PaCO2 <= 17.223 | SaO2 <= 19.213) & Chloride <= 45.955) -> Lactate >= 2.385)
",9999999.000,9999999.000,0.000,1.000,0.000,0,0,3,17,17,3,3,17,0.0,0.0,1.0,0.0,0.0,1.0
"G[2,2](((FiO2 >= 0.027 & Lactate <= 0.692) & WBC >= 0.065) -> Phosphate <= 0.315)
",-0.315,-0.315,0.000,1.000,0.000,0,0,20,0,0,20,20,0,0.0,0.0,1.0,0.0,0.0,1.0
"G[2,2](Hct <= 36.303 & WBC >= 0.891)
",-8021966062472606.000,-0.891,0.000,1.000,0.000,0,0,20,0,0,20,20,0,0.0,0.0,1.0,0.0,0.0,1.0
"G[0,2](Chloride >= 0.000 & HCO3 >= 0.000)
",9999999.000,9999999.000,0.000,1.000,0.000,0,0,20,0,0,20,20,0,0.0,0.0,1.0,0.0,0.0,1.0
"G[0,0](BUN <= 6.369 & Creatinine >= 0.057)
",-0.057,-0.057,0.000,1.000,0.000,0,0,0,20,20,0,0,20,0.0,0.0,0.0,0.0,0.0,1.0
"G[1,2](((Hgb <= 9.758 | Hct <= 34.599) -> WBC >= 0.147) & Platelets >= 8.465)
",9999999.000,9999999.000,0.000,1.000,0.000,0,0,4,16,16,4,4,16,0.0,0.0,1.0,0.0,0.0,1.0
"G[0,2](BUN <= 8.746 & Creatinine >= 0.020)
",9999999.000,9999999.000,0.000,1.000,0.000,0,0,0,20,20,0,0,20,0.0,0.0,0.0,0.0,0.0,1.0
"G[1,2](((Hgb <= 7.112 | Hct <= 11.007) -> WBC >= 0.551) & Platelets >= 0.983)
",9999999.000,9999999.000,0.000,1.000,0.000,0,0,4,16,16,4,4,16,0.0,0.0,1.0,0.0,0.0,1.0
"G[1,2](BUN <= 7.864 & Creatinine >= 0.066)
",9999999.000,9999999.000,0.000,1.000,0.000,0,0,1,19,19,1,1,19,0.0,0.0,1.0,0.0,0.0,1.0
"G[0,2](Platelets <= 178.983 -> WBC >= 0.447)
",9999999.000,9999999.000,0.000,1.000,0.000,0,0,0,20,20,0,0,20,0.0,0.0,0.0,0.0,0.0,1.0
"G[1,2](((Hgb <= 4.181 | Hct <= 29.382) -> WBC >= 0.142) & Platelets >= 11.799)
",9999999.000,9999999.000,0.000,1.000,0.000,0,0,4,16,16,4,4,16,0.0,0.0,1.0,0.0,0.0,1.0
"G[0,1](BUN <= 6.670 & Creatinine >= 0.022)
",9999999.000,9999999.000,0.000,1.000,0.000,0,0,0,20,20,0,0,20,0.0,0.0,0.0,0.0,0.0,1.0
"G[2,2](Platelets <= 162.937 -> WBC >= 0.497)
",-162.937,-162.937,0.000,1.000,0.000,0,0,20,0,0,20,20,0,0.0,0.0,1.0,0.0,0.0,1.0
"G[1,2](((Hgb <= 9.716 | Hct <= 33.670) -> WBC >= 0.890) & Platelets >= 0.992)
",9999999.000,9999999.000,0.000,1.000,0.000,0,0,4,16,16,4,4,16,0.0,0.0,1.0,0.0,0.0,1.0
"G[2,2](BUN <= 3.127 & Creatinine >= 0.057)
",-0.057,-0.057,0.000,1.000,0.000,0,0,20,0,0,20,20,0,0.0,0.0,1.0,0.0,0.0,1.0
"G[1,2](Chloride >= 0.000 & HCO3 >= 0.000)
",9999999.000,9999999.000,0.000,1.000,0.000,0,0,20,0,0,20,20,0,0.0,0.0,1.0,0.0,0.0,1.0
"G[0,1](Platelets <= 47.557 -> WBC >= 0.782)
",9999999.000,9999999.000,0.000,1.000,0.000,0,0,0,20,20,0,0,20,0.0,0.0,0.0,0.0,0.0,1.0
"G[1,2](((Hgb <= 3.867 | Hct <= 33.394) -> WBC >= 0.995) & Platelets >= 0.632)
",9999999.000,9999999.000,0.000,1.000,0.000,0,0,4,16,16,4,4,16,0.0,0.0,1.0,0.0,0.0,1.0
"G[1,2](Chloride >= 0.000 & HCO3 >= 0.000)
",9999999.000,9999999.000,0.000,1.000,0.000,0,0,20,0,0,20,20,0,0.0,0.0,1.0,0.0,0.0,1.0
"G[0,2](Platelets <= 26.509 -> WBC >= 0.010)
",9999999.000,9999999.000,0.000,1.000,0.000,0,0,0,20,20,0,0,20,0.0,0.0,0.0,0.0,0.0,1.0
"G[2,2](Platelets <= 93.828 -> WBC >= 0.545)
",-6602568958998418.000,-93.828,0.000,1.000,0.000,0,0,20,0,0,20,20,0,0.0,0.0,1.0,0.0,0.0,1.0
"G[0,1](((Hgb <= 2.187 | Hct <= 34.255) -> WBC >= 0.332) & Platelets >= 7.320)
",9999999.000,9999999.000,0.000,1.000,0.000,0,0,0,20,20,0,0,20,0.0,0.0,0.0,0.0,0.0,1.0
"G[0,1](BUN <= 11.295 & Creatinine >= 7.46069850136722e-05)
",9999999.000,9999999.000,0.000,1.000,0.000,0,0,0,20,20,0,0,20,0.0,0.0,0.0,0.0,0.0,1.0
"G[0,2](Chloride >= 0.000 & HCO3 >= 0.000)
",9999999.000,9999999.000,0.000,1.000,0.000,0,0,20,0,0,20,20,0,0.0,0.0,1.0,0.0,0.0,1.0
"G[0,2](Platelets <= 202.625 -> WBC >= 0.760)
",9999999.000,9999999.000,0.000,1.000,0.000,0,0,0,20,20,0,0,20,0.0,0.0,0.0,0.0,0.0,1.0
"G[0,2](((Hgb <= 1.862 | Hct <= 14.674) -> WBC >= 1.032) & Platelets >= 0.336)
",9999999.000,9999999.000,0.000,1.000,0.000,0,0,0,20,20,0,0,20,0.0,0.0,0.0,0.0,0.0,1.0
"G[1,1](BUN <= 11.924 & Creatinine >= 0.069)
",-0.069,-0.069,0.000,1.000,0.000,0,0,1,19,19,1,1,19,0.0,0.0,1.0,0.0,0.0,1.0
"G[1,2](Chloride >= 0.000 & HCO3 >= 0.000)
",9999999.000,9999999.000,0.000,1.000,0.000,0,0,20,0,0,20,20,0,0.0,0.0,1.0,0.0,0.0,1.0
"G[1,2](Platelets <= 190.549 -> WBC >= 0.268)
",9999999.000,9999999.000,0.000,1.000,0.000,0,0,4,16,16,4,4,16,0.0,0.0,1.0,0.0,0.0,1.0
"G[0,1](((Hgb <= 3.324 | Hct <= 5.232) -> WBC >= 0.836) & Platelets >= 11.727)
",9999999.000,9999999.000,0.000,1.000,0.000,0,0,0,20,20,0,0,20,0.0,0.0,0.0,0.0,0.0,1.0
"G[0,2](BUN <= 5.234 & Creatinine >= 0.046)
",9999999.000,9999999.000,0.000,1.000,0.000,0,0,0,20,20,0,0,20,0.0,0.0,0.0,0.0,0.0,1.0
"G[2,2]((Hgb <= 13.622 -> WBC <= 7.162) & EtCO2 <= 5.606)
",-7668499005883345.000,-13.622,0.000,1.000,0.000,0,0,20,0,0,20,20,0,0.0,0.0,1.0,0.0,0.0,1.0
"G[2,2](((Fibrinogen <= 119.945 -> Hct >= 1.949) | WBC <= 36.965) & EtCO2 >= 1.300)
",-1.300,-1.300,0.000,1.000,0.000,0,0,20,0,0,20,20,0,0.0,0.0,1.0,0.0,0.0,1.0
"G[1,2]((Hct >= 0.686 & O2Sat <= 96.215) & PTT <= 91.091)
",9999999.000,9999999.000,0.000,1.000,0.000,0,0,1,19,19,1,1,19,0.0,0.0,1.0,0.0,0.0,1.0
"G[0,0]((Creatinine <= 0.824 | Fibrinogen >= 7.483) -> Hgb >= 7.578)
",-0.427,-4.024,0.000,1.000,0.000,0,0,0,20,20,0,0,20,0.0,0.0,0.0,0.0,0.0,1.0
"G[1,2](((Lactate <= 0.348 & Temp <= 27.460) -> BUN >= 20.295) | BUN <= 31.882)
",9999999.000,9999999.000,0.000,1.000,0.000,0,0,20,0,0,20,20,0,0.0,0.0,1.0,0.0,0.0,1.0
"G[0,2](((Phosphate <= 1.206 -> PTT >= 1.033) -> Phosphate <= 12.545) | Bilirubin_direct <= 33.694)
",9999999.000,9999999.000,0.000,1.000,0.000,0,0,20,0,0,20,20,0,0.0,0.0,1.0,0.0,0.0,1.0
"G[0,2]((BUN >= 0.572 -> SaO2 >= 8.933) & Hgb <= 28.076)
",9999999.000,9999999.000,0.000,1.000,0.000,0,0,18,2,2,18,18,2,0.0,0.0,1.0,0.0,0.0,1.0
"G[1,2](BUN >= 0.200 | FiO2 <= 0.116)
",9999999.000,9999999.000,0.000,1.000,0.000,0,0,19,1,1,19,19,1,0.0,0.0,1.0,0.0,0.0,1.0
"G[0,1](((Hct <= 6.470 -> pH >= 0.215) | Chloride >= 0.132) | Bilirubin_total >= 0.244)
",9999999.000,9999999.000,0.000,1.000,0.000,0,0,0,20,20,0,0,20,0.0,0.0,0.0,0.0,0.0,1.0
"G[0,2](((FiO2 >= 0.039 | Hgb <= 6.797) & Creatinine >= 0.772) -> Alkalinephos >= 0.847)
",9999999.000,9999999.000,0.000,1.000,0.000,0,0,19,1,1,19,19,1,0.0,0.0,1.0,0.0,0.0,1.0
"G[2,2]((Fibrinogen >= 4.728 | PaCO2 >= 0.673) & Temp >= 2.063)
",-2.063,-2.063,0.000,1.000,0.000,0,0,20,0,0,20,20,0,0.0,0.0,1.0,0.0,0.0,1.0
"G[1,2](Calcium >= 0.168 -> PaCO2 >= 0.611)
",9999999.000,9999999.000,0.000,1.000,0.000,0,0,18,2,2,18,18,2,0.0,0.0,1.0,0.0,0.0,1.0
"G[2,2]((Glucose >= 20.193 | SBP >= 44.637) | EtCO2 >= 56.930)
",-5683738382506565.000,-20.193,0.000,1.000,0.000,0,0,20,0,0,20,20,0,0.0,0.0,1.0,0.0,0.0,1.0
"G[0,0](Platelets <= 85.909 -> WBC >= 0.392)
",-20.486,-86.909,0.000,1.000,0.000,0,0,0,20,20,0,0,20,0.0,0.0,0.0,0.0,0.0,1.0
"G[2,2]((Magnesium >= 0.149 | PaCO2 <= 14.955) | SaO2 <= 31.180)
",31.180,31.180,0.000,1.000,0.000,0,0,20,0,0,20,20,0,0.0,0.0,1.0,0.0,0.0,1.0
"G[0,2](((Calcium <= 2.028 -> DBP <= 74.937) | Chloride >= 49.671) & SepsisLabel >= 39.622)
",9999999.000,9999999.000,0.000,1.000,0.000,0,0,0,20,20,0,0,20,0.0,0.0,0.0,0.0,0.0,1.0
"G[0,1]((HR <= 92.670 & Lactate >= 0.004) | Hgb >= 0.082)
",9999999.000,9999999.000,0.000,1.000,0.000,0,0,0,20,20,0,0,20,0.0,0.0,0.0,0.0,0.0,1.0
"G[1,2](DBP >= 34.170 | Platelets >= 4.918)
",9999999.000,9999999.000,0.000,1.000,0.000,0,0,18,2,2,18,18,2,0.0,0.0,1.0,0.0,0.0,1.0
"G[0,2](((Creatinine <= 0.911 -> DBP <= 63.602) | Potassium >= 6.313) & Fibrinogen <= 61.972)
",9999999.000,9999999.000,0.000,1.000,0.000,0,0,4,16,16,4,4,16,0.0,0.0,1.0,0.0,0.0,1.0
"G[0,1]((BUN >= 0.911 | PaCO2 >= 4.863) | WBC >= 4.661)
",9999999.000,9999999.000,0.000,1.000,0.000,0,0,0,20,20,0,0,20,0.0,0.0,0.0,0.0,0.0,1.0
"G[0,1]((Glucose >= 22.936 -> MAP >= 64.477) -> Hgb >= 67.983)
",9999999.000,9999999.000,0.000,1.000,0.000,0,0,0,20,20,0,0,20,0.0,0.0,0.0,0.0,0.0,1.0
"G[0,2](((DBP <= 63.320 -> Potassium <= 3.964) | DBP <= 3.521) & O2Sat <= 3.791)
",9999999.000,9999999.000,0.000,1.000,0.000,0,0,1,19,19,1,1,19,0.0,0.0,1.0,0.0,0.0,1.0
"G[1,2](((Hgb <= 7.043 | PaCO2 >= 3.863) & Bilirubin_total <= 23.415) & Bilirubin_direct <= 16.090)
",9999999.000,9999999.000,0.000,1.000,0.000,0,0,18,2,2,18,18,2,0.0,0.0,1.0,0.0,0.0,1.0
"G[2,2](DBP >= 10.087 & WBC >= 0.130)
",-5678498365054155.000,-10.087,0.000,1.000,0.000,0,0,20,0,0,20,20,0,0.0,0.0,1.0,0.0,0.0,1.0
"G[1,2]((FiO2 >= 0.040 | Resp >= 6.207) -> SaO2 <= 21.210)
",9999999.000,9999999.000,0.000,1.000,0.000,0,0,18,2,2,18,18,2,0.0,0.0,1.0,0.0,0.0,1.0
"G[0,2](pH >= 0.404 & Resp <= 20.306)
",9999999.000,9999999.000,0.000,1.000,0.000,0,0,0,20,20,0,0,20,0.0,0.0,0.0,0.0,0.0,1.0
"G[2,2](((HR <= 92.423 -> Platelets <= 162.488) -> BUN >= 5.723) & SepsisLabel >= 8.162)
",-4594789549724677.000,-8.162,0.000,1.000,0.000,0,0,20,0,0,20,20,0,0.0,0.0,1.0,0.0,0.0,1.0
"G[0,1](O2Sat >= 74.433 & PaCO2 >= 4.323)
",9999999.000,9999999.000,0.000,1.000,0.000,0,0,0,20,20,0,0,20,0.0,0.0,0.0,0.0,0.0,1.0
"G[1,2](HR >= 36.979 & Magnesium >= 0.073)
",9999999.000,9999999.000,0.000,1.000,0.000,0,0,4,16,16,4,4,16,0.0,0.0,1.0,0.0,0.0,1.0
"G[2,2]((Creatinine <= 0.779 -> FiO2 <= 0.082) & Temp >= 0.030)
",-7017517242837101.000,-0.779,0.000,1.000,0.000,0,0,20,0,0,20,20,0,0.0,0.0,1.0,0.0,0.0,1.0
"G[0,1](((Magnesium >= 0.111 & SaO2 <= 72.636) | SaO2 >= 4.337) & Platelets >= 0.602)
",9999999.000,9999999.000,0.000,1.000,0.000,0,0,0,20,20,0,0,20,0.0,0.0,0.0,0.0,0.0,1.0
"G[0,1](((Glucose <= 73.838 & Phosphate >= 0.027) | Hgb <= 1.358) & Alkalinephos >= 0.044)
",9999999.000,9999999.000,0.000,1.000,0.000,0,0,0,20,20,0,0,20,0.0,0.0,0.0,0.0,0.0,1.0
"G[0,2](((BUN <= 8.016 & Phosphate >= 0.034) -> Calcium >= 0.038) | DBP <= 0.197)
",9999999.000,9999999.000,0.000,1.000,0.000,0,0,20,0,0,20,20,0,0.0,0.0,1.0,0.0,0.0,1.0
"G[2,2](((HR >= 23.359 -> Resp >= 9.047) -> Hct <= 20.860) | Platelets <= 20.452)
",5756764988870187.000,20.452,0.000,1.000,0.000,0,0,20,0,0,20,20,0,0.0,0.0,1.0,0.0,0.0,1.0
"G[0,2](((O2Sat >= 36.453 | SBP >= 40.383) | SepsisLabel >= 94.389) -> Platelets >= 25.739)
",9999999.000,9999999.000,0.000,1.000,0.000,0,0,2,18,18,2,2,18,0.0,0.0,1.0,0.0,0.0,1.0
"G[2,2](Fibrinogen <= 222.324 | WBC <= 16.011)
",7822328095475173.000,222.324,0.000,1.000,0.000,0,0,20,0,0,20,20,0,0.0,0.0,1.0,0.0,0.0,1.0
"G[0,2](((Platelets <= 20.193 & PTT <= 68.804) | TroponinI <= 64.646) & Bilirubin_direct <= 31.483)
",9999999.000,9999999.000,0.000,1.000,0.000,0,0,20,0,0,20,20,0,0.0,0.0,1.0,0.0,0.0,1.0
"G[0,2](((Hgb >= 0.307 -> PTT >= 0.710) | TroponinI >= 1.667) | Hgb <= 92.697)
",9999999.000,9999999.000,0.000,1.000,0.000,0,0,20,0,0,20,20,0,0.0,0.0,1.0,0.0,0.0,1.0
"G[2,2](((Hct >= 1.055 -> PTT <= 18.782) & Calcium >= 2.411) -> EtCO2 >= 2.326)
",2.326,2.326,0.000,1.000,0.000,0,0,20,0,0,20,20,0,0.0,0.0,1.0,0.0,0.0,1.0
"G[1,2](((Phosphate <= 1.027 -> WBC <= 13.624) & BaseExcess >= 1.040) -> BaseExcess >= 0.437)
",9999999.000,9999999.000,0.000,1.000,0.000,0,0,20,0,0,20,20,0,0.0,0.0,1.0,0.0,0.0,1.0
"G[1,2](((Calcium >= 0.020 & PTT >= 1.153) & HR >= 0.101) -> Platelets <= 56.306)
",9999999.000,9999999.000,0.000,1.000,0.000,0,0,18,2,2,18,18,2,0.0,0.0,1.0,0.0,0.0,1.0
"G[1,2](Hgb <= 8.258 -> Potassium >= 0.108)
",9999999.000,9999999.000,0.000,1.000,0.000,0,0,5,15,15,5,5,15,0.0,0.0,1.0,0.0,0.0,1.0
"G[0,1]((Glucose >= 29.687 & PaCO2 <= 5.070) | TroponinI >= 2.739)
",9999999.000,9999999.000,0.000,1.000,0.000,0,0,1,19,19,1,1,19,0.0,0.0,1.0,0.0,0.0,1.0
"G[1,2]((Creatinine <= 0.225 & TroponinI >= 0.004) -> AST >= 0.000)
",9999999.000,9999999.000,0.000,1.000,0.000,0,0,20,0,0,20,20,0,0.0,0.0,1.0,0.0,0.0,1.0
"G[1,2](((PTT >= 1.257 & WBC >= 0.613) | Glucose <= 6.589) & Bilirubin_direct >= 1.029)
",9999999.000,9999999.000,0.000,1.000,0.000,0,0,1,19,19,1,1,19,0.0,0.0,1.0,0.0,0.0,1.0
"G[2,2](Calcium <= 5.575 -> Lactate <= 0.798)
",-5.575,-5.575,0.000,1.000,0.000,0,0,20,0,0,20,20,0,0.0,0.0,1.0,0.0,0.0,1.0
"G[0,2]((SBP >= 59.334 -> Temp <= 36.419) | pH <= 36.209)
",9999999.000,9999999.000,0.000,1.000,0.000,0,0,20,0,0,20,20,0,0.0,0.0,1.0,0.0,0.0,1.0
"G[0,1]((Potassium >= 0.394 & PTT <= 80.538) | EtCO2 >= 0.887)
",9999999.000,9999999.000,0.000,1.000,0.000,0,0,0,20,20,0,0,20,0.0,0.0,0.0,0.0,0.0,1.0
"G[1,2]((BUN >= 0.759 & Glucose >= 26.385) & pH >= 1.839)
",9999999.000,9999999.000,0.000,1.000,0.000,0,0,2,18,18,2,2,18,0.0,0.0,1.0,0.0,0.0,1.0
"G[0,2]((Glucose <= 92.010 & Platelets >= 6.335) | Glucose <= 30.705)
",9999999.000,9999999.000,0.000,1.000,0.000,0,0,12,8,8,12,12,8,0.0,0.0,1.0,0.0,0.0,1.0
"G[0,2](((Glucose >= 9.791 | HR <= 80.660) | Lactate <= 97.802) | PTT <= 77.529)
",9999999.000,9999999.000,0.000,1.000,0.000,0,0,20,0,0,20,20,0,0.0,0.0,1.0,0.0,0.0,1.0
"G[2,2]((Calcium >= 0.130 & Phosphate <= 0.344) & Platelets >= 0.029)
",-4679315843520214.000,-0.130,0.000,1.000,0.000,0,0,20,0,0,20,20,0,0.0,0.0,1.0,0.0,0.0,1.0
"G[0,1](Lactate >= 0.017 & Platelets <= 99.266)
",9999999.000,9999999.000,0.000,1.000,0.000,0,0,0,20,20,0,0,20,0.0,0.0,0.0,0.0,0.0,1.0
"G[2,2](((SaO2 >= 6.210 | WBC <= 8.307) | AST <= 14.909) -> HR >= 0.034)
",-14.909,-14.909,0.000,1.000,0.000,0,0,20,0,0,20,20,0,0.0,0.0,1.0,0.0,0.0,1.0
"G[1,2]((Fibrinogen >= 11.267 & pH >= 0.376) & DBP >= 0.233)
",9999999.000,9999999.000,0.000,1.000,0.000,0,0,2,18,18,2,2,18,0.0,0.0,1.0,0.0,0.0,1.0
"G[2,2](((pH >= 0.402 | WBC <= 11.581) | BUN <= 15.615) | Hct <= 7.372)
",8790310865778818.000,15.615,0.000,1.000,0.000,0,0,20,0,0,20,20,0,0.0,0.0,1.0,0.0,0.0,1.0
"G[1,2](Fibrinogen <= 236.433 -> FiO2 <= 0.071)
",9999999.000,9999999.000,0.000,1.000,0.000,0,0,19,1,1,19,19,1,0.0,0.0,1.0,0.0,0.0,1.0
"G[0,2](((Platelets <= 139.706 | Hct >= 1.134) & Platelets >= 1.680) | Temp >= 1.337)
",9999999.000,9999999.000,0.000,1.000,0.000,0,0,12,8,8,12,12,8,0.0,0.0,1.0,0.0,0.0,1.0
