Rule,Discrimination Score,Pos Robustness,Neg Robustness,Percent Class +,Percent Class -,TP,TN,FP,FN,Actual Yes,Actual No,Predicted Yes,Predicted No,TPR/Sens,TNR/Spec,FPR,Precision,Accuracy,MCR,Class
"G[0,0]((Resp <= 8.209 | WBC <= 0.000) | SBP <= 0.000)
",1.732,6.157,0.000,1.000,0.000,9,0,0,0,9,0,9,0,1.0,0.0,0.0,1.0,1.0588235294117647,-0.05882352941176472,1
"G[0,0](((Hgb >= 0.000 | PaCO2 >= 0.000) | HCO3 >= 0.000) | pH >= 0.000)
",0.000,0.000,0.000,1.000,0.000,9,0,0,0,9,0,9,0,1.0,0.0,0.0,1.0,1.0588235294117647,-0.05882352941176472,1
"G[0,0](BUN <= 0.000 & Creatinine >= 0.000)
",0.000,0.000,0.000,1.000,0.000,9,0,0,0,9,0,9,0,1.0,0.0,0.0,1.0,1.0588235294117647,-0.05882352941176472,1
"F[0,0](((Calcium < 0.000 & Potassium < 0.000) & Magnesium < 0.000) & Phosphate < 0.000)
",0.000,0.000,0.000,0.000,1.000,9,0,0,0,9,0,9,0,1.0,0.0,0.0,1.0,1.0588235294117647,-0.05882352941176472,-1
"G[0,0]((Hct <= 0.000 & BaseExcess >= 0.000) & Potassium >= 0.000)
",0.000,0.000,0.000,1.000,0.000,9,0,0,0,9,0,9,0,1.0,0.0,0.0,1.0,1.0588235294117647,-0.05882352941176472,1
"G[0,0](Platelets <= 0.000 -> WBC >= 0.000)
",0.000,0.000,0.000,1.000,0.000,9,0,0,0,9,0,9,0,1.0,0.0,0.0,1.0,1.0588235294117647,-0.05882352941176472,1
"G[0,0](Lactate >= 0.000 | BUN >= 0.000)
",0.000,0.000,0.000,1.000,0.000,9,0,0,0,9,0,9,0,1.0,0.0,0.0,1.0,1.0588235294117647,-0.05882352941176472,1
"G[0,0](((Alkalinephos <= 0.000 -> Lactate >= 0.000) -> Potassium >= 0.000) -> AST >= 0.000)
",0.000,0.000,0.000,1.000,0.000,9,0,0,0,9,0,9,0,1.0,0.0,0.0,1.0,1.0588235294117647,-0.05882352941176472,1
"G[0,0]((HCO3 >= 0.000 -> Calcium >= 0.000) | Fibrinogen <= 0.000)
",0.000,0.000,0.000,1.000,0.000,9,0,0,0,9,0,9,0,1.0,0.0,0.0,1.0,1.0588235294117647,-0.05882352941176472,1
"G[0,0]((Chloride <= 0.000 -> Hgb >= 0.000) -> PTT <= 0.000)
",0.000,0.000,0.000,1.000,0.000,9,0,0,0,9,0,9,0,1.0,0.0,0.0,1.0,1.0588235294117647,-0.05882352941176472,1
"G[0,0](SBP <= 51.999 | FiO2 >= 0.000)
",2.722,42.899,0.000,1.000,0.000,9,0,0,0,9,0,9,0,1.0,0.0,0.0,1.0,1.0588235294117647,-0.05882352941176472,1
"F[0,0](((Calcium < 0.000 & Potassium < 0.000) & Magnesium < 0.000) & Phosphate < 0.000)
",0.000,0.000,0.000,0.000,1.000,9,0,0,0,9,0,9,0,1.0,0.0,0.0,1.0,1.0588235294117647,-0.05882352941176472,-1
"G[0,0](((Platelets <= 0.000 -> Lactate >= 0.000) & Chloride <= 0.000) -> Creatinine >= 0.000)
",0.000,0.000,0.000,1.000,0.000,9,0,0,0,9,0,9,0,1.0,0.0,0.0,1.0,1.0588235294117647,-0.05882352941176472,1
"G[0,0](Magnesium <= 0.000 -> PaCO2 <= 0.000)
",0.000,0.000,0.000,1.000,0.000,9,0,0,0,9,0,9,0,1.0,0.0,0.0,1.0,1.0588235294117647,-0.05882352941176472,1
"G[0,0](((Hgb >= 0.000 -> PaCO2 >= 0.000) -> TroponinI <= 0.000) & SepsisLabel >= 0.000)
",0.000,0.000,0.000,1.000,0.000,9,0,0,0,9,0,9,0,1.0,0.0,0.0,1.0,1.0588235294117647,-0.05882352941176472,1
"G[0,0]((PTT >= 0.000 & Alkalinephos <= 0.000) & Lactate >= 0.000)
",0.000,0.000,0.000,1.000,0.000,9,0,0,0,9,0,9,0,1.0,0.0,0.0,1.0,1.0588235294117647,-0.05882352941176472,1
"G[0,0]((AST >= 0.000 | Calcium <= 0.000) -> Bilirubin_direct <= 0.000)
",0.000,0.000,0.000,1.000,0.000,9,0,0,0,9,0,9,0,1.0,0.0,0.0,1.0,1.0588235294117647,-0.05882352941176472,1
"G[0,0]((Lactate >= 0.000 -> Lactate >= 0.000) | Phosphate <= 0.000)
",0.000,0.000,0.000,1.000,0.000,9,0,0,0,9,0,9,0,1.0,0.0,0.0,1.0,1.0588235294117647,-0.05882352941176472,1
"G[0,0]((SepsisLabel >= 0.000 | HCO3 >= 0.000) -> Potassium >= 0.000)
",0.000,0.000,0.000,1.000,0.000,9,0,0,0,9,0,9,0,1.0,0.0,0.0,1.0,1.0588235294117647,-0.05882352941176472,1
"G[0,0](((TroponinI <= 0.000 -> Calcium <= 0.000) | Temp >= 0.000) -> SepsisLabel >= 0.000)
",-0.577,-23.750,0.000,1.000,0.000,9,0,0,0,9,0,9,0,1.0,0.0,0.0,1.0,1.0588235294117647,-0.05882352941176472,1
"G[0,0](BaseExcess <= 0.000 & AST >= 0.000)
",0.000,0.000,0.000,1.000,0.000,9,0,0,0,9,0,9,0,1.0,0.0,0.0,1.0,1.0588235294117647,-0.05882352941176472,1
"G[0,0](AST <= 0.000 & SepsisLabel = 0.000)
",0.000,0.000,0.000,1.000,0.000,9,0,0,0,9,0,9,0,1.0,0.0,0.0,1.0,1.0588235294117647,-0.05882352941176472,1
"G[0,1]((DBP <= 18.630 | O2Sat >= 2.973) & Platelets <= 68.744)
",9999999.000,9999999.000,0.000,1.000,0.000,8,0,1,0,8,1,9,0,1.0,0.0,1.0,0.8888888888888888,0.9411764705882353,0.05882352941176472,1
"G[0,1](BUN <= 0.000 & Creatinine >= 0.000)
",9999999.000,9999999.000,0.000,1.000,0.000,8,0,1,0,8,1,9,0,1.0,0.0,1.0,0.8888888888888888,0.9411764705882353,0.05882352941176472,1
"G[1,1](Chloride >= 0.000 & HCO3 >= 0.000)
",0.000,0.000,0.000,1.000,0.000,8,0,1,0,8,1,9,0,1.0,0.0,1.0,0.8888888888888888,0.9411764705882353,0.05882352941176472,1
"G[1,1](Chloride >= 0.000 & HCO3 >= 0.000)
",0.000,0.000,0.000,1.000,0.000,8,0,1,0,8,1,9,0,1.0,0.0,1.0,0.8888888888888888,0.9411764705882353,0.05882352941176472,1
"G[0,1](Platelets <= 0.000 -> WBC >= 0.000)
",9999999.000,9999999.000,0.000,1.000,0.000,8,0,1,0,8,1,9,0,1.0,0.0,1.0,0.8888888888888888,0.9411764705882353,0.05882352941176472,1
"G[1,1](((Hgb <= 0.000 | Hct <= 0.000) -> WBC >= 0.000) & Platelets >= 0.000)
",0.000,0.000,0.000,1.000,0.000,8,0,1,0,8,1,9,0,1.0,0.0,1.0,0.8888888888888888,0.9411764705882353,0.05882352941176472,1
"G[1,1](PTT >= 0.000 & Platelets <= 0.000)
",0.000,0.000,0.000,1.000,0.000,8,0,1,0,8,1,9,0,1.0,0.0,1.0,0.8888888888888888,0.9411764705882353,0.05882352941176472,1
"G[0,1](Chloride >= 0.000 & HCO3 >= 0.000)
",9999999.000,9999999.000,0.000,1.000,0.000,8,0,1,0,8,1,9,0,1.0,0.0,1.0,0.8888888888888888,0.9411764705882353,0.05882352941176472,1
"G[0,1](((Hgb <= 0.000 | Hct <= 0.000) -> WBC >= 0.000) & Platelets >= 0.000)
",9999999.000,9999999.000,0.000,1.000,0.000,8,0,1,0,8,1,9,0,1.0,0.0,1.0,0.8888888888888888,0.9411764705882353,0.05882352941176472,1
"G[0,1](BUN <= 0.000 & Creatinine >= 0.000)
",9999999.000,9999999.000,0.000,1.000,0.000,8,0,1,0,8,1,9,0,1.0,0.0,1.0,0.8888888888888888,0.9411764705882353,0.05882352941176472,1
"G[0,1]((WBC <= 0.000 -> Bilirubin_direct >= 0.000) -> BaseExcess <= 0.000)
",9999999.000,9999999.000,0.000,1.000,0.000,8,0,1,0,8,1,9,0,1.0,0.0,1.0,0.8888888888888888,0.9411764705882353,0.05882352941176472,1
"G[0,1](BaseExcess <= 0.000 & EtCO2 >= 0.000)
",9999999.000,9999999.000,0.000,1.000,0.000,8,0,1,0,8,1,9,0,1.0,0.0,1.0,0.8888888888888888,0.9411764705882353,0.05882352941176472,1
"G[1,1](BUN <= 0.000 & Creatinine >= 0.000)
",0.000,0.000,0.000,1.000,0.000,8,0,1,0,8,1,9,0,1.0,0.0,1.0,0.8888888888888888,0.9411764705882353,0.05882352941176472,1
"G[1,1](Platelets <= 0.000 -> WBC >= 0.000)
",0.000,0.000,0.000,1.000,0.000,8,0,1,0,8,1,9,0,1.0,0.0,1.0,0.8888888888888888,0.9411764705882353,0.05882352941176472,1
"G[0,1](((SaO2 <= 0.000 -> Lactate >= 0.000) | Creatinine >= 0.000) | AST >= 0.000)
",9999999.000,9999999.000,0.000,1.000,0.000,8,0,1,0,8,1,9,0,1.0,0.0,1.0,0.8888888888888888,0.9411764705882353,0.05882352941176472,1
"G[1,1](((Calcium >= 0.000 & Hgb >= 0.000) & Temp >= 0.000) & Bilirubin_direct >= 0.000)
",0.000,0.000,0.000,1.000,0.000,8,0,1,0,8,1,9,0,1.0,0.0,1.0,0.8888888888888888,0.9411764705882353,0.05882352941176472,1
"G[1,1](BUN <= 0.000 & Creatinine >= 0.000)
",0.000,0.000,0.000,1.000,0.000,8,0,1,0,8,1,9,0,1.0,0.0,1.0,0.8888888888888888,0.9411764705882353,0.05882352941176472,1
"G[0,1](Platelets <= 0.000 -> WBC >= 0.000)
",9999999.000,9999999.000,0.000,1.000,0.000,8,0,1,0,8,1,9,0,1.0,0.0,1.0,0.8888888888888888,0.9411764705882353,0.05882352941176472,1
"G[1,1](((Hct >= 0.000 -> Calcium >= 0.000) | pH <= 0.000) & TroponinI <= 0.000)
",0.000,0.000,0.000,1.000,0.000,8,0,1,0,8,1,9,0,1.0,0.0,1.0,0.8888888888888888,0.9411764705882353,0.05882352941176472,1
"G[1,1](BUN <= 0.000 & Creatinine >= 0.000)
",0.000,0.000,0.000,1.000,0.000,8,0,1,0,8,1,9,0,1.0,0.0,1.0,0.8888888888888888,0.9411764705882353,0.05882352941176472,1
"G[0,1]((pH >= 0.000 & TroponinI >= 0.000) -> Lactate <= 0.000)
",9999999.000,9999999.000,0.000,1.000,0.000,8,0,1,0,8,1,9,0,1.0,0.0,1.0,0.8888888888888888,0.9411764705882353,0.05882352941176472,1
"G[0,1]((Temp >= 3.575 | WBC <= 0.000) | Hgb >= 0.000)
",9999999.000,9999999.000,0.000,1.000,0.000,8,0,1,0,8,1,9,0,1.0,0.0,1.0,0.8888888888888888,0.9411764705882353,0.05882352941176472,1
"G[1,1](((HCO3 <= 0.000 | BUN >= 0.000) | Magnesium <= 0.000) | EtCO2 >= 0.000)
",0.000,0.000,0.000,1.000,0.000,8,0,1,0,8,1,9,0,1.0,0.0,1.0,0.8888888888888888,0.9411764705882353,0.05882352941176472,1
"G[1,1](Hgb >= 0.000 -> SepsisLabel = 0.000)
",0.000,0.000,0.000,1.000,0.000,8,0,1,0,8,1,9,0,1.0,0.0,1.0,0.8888888888888888,0.9411764705882353,0.05882352941176472,1
"((Bilirubin_total < 0.000) U[1,2] (SepsisLabel = 0.000))
",-9999999.000,-9999999.000,0.000,0.000,1.000,8,0,0,1,9,0,8,1,0.8888888888888888,0.0,0.0,1.0,0.9411764705882353,0.05882352941176472,-1
"((PTT > 0.000) U[1,1] (SepsisLabel = 0.000))
",0.000,0.000,0.000,0.000,1.000,8,0,0,1,9,0,8,1,0.8888888888888888,0.0,0.0,1.0,0.9411764705882353,0.05882352941176472,-1
"F[1,1](((Platelets <= 0.000 -> HR >= 3.029) | Bilirubin_total <= 15.966) -> SepsisLabel >= 3.471)
",-15.966,-15.966,0.000,0.000,1.000,8,0,0,1,9,0,8,1,0.8888888888888888,0.0,0.0,1.0,0.9411764705882353,0.05882352941176472,-1
"F[0,1](((Calcium < 0.000 & Potassium < 0.000) & Magnesium < 0.000) & Phosphate < 0.000)
",-9999999.000,-9999999.000,0.000,0.000,1.000,8,0,0,1,9,0,8,1,0.8888888888888888,0.0,0.0,1.0,0.9411764705882353,0.05882352941176472,-1
"((Platelets < 0.000) U[1,1] (SepsisLabel = 0.000))
",0.000,0.000,0.000,0.000,1.000,8,0,0,1,9,0,8,1,0.8888888888888888,0.0,0.0,1.0,0.9411764705882353,0.05882352941176472,-1
"F[0,1](Lactate < 0.000 & SepsisLabel = 0.000)
",-9999999.000,-9999999.000,0.000,0.000,1.000,8,0,0,1,9,0,8,1,0.8888888888888888,0.0,0.0,1.0,0.9411764705882353,0.05882352941176472,-1
"F[0,1](((Calcium < 0.000 & Potassium < 0.000) & Magnesium < 0.000) & Phosphate < 0.000)
",-9999999.000,-9999999.000,0.000,0.000,1.000,8,0,0,1,9,0,8,1,0.8888888888888888,0.0,0.0,1.0,0.9411764705882353,0.05882352941176472,-1
"G[0,1](Bilirubin_total <= 0.000 & SepsisLabel = 0.000)
",9999999.000,9999999.000,0.000,1.000,0.000,8,0,1,0,8,1,9,0,1.0,0.0,1.0,0.8888888888888888,0.9411764705882353,0.05882352941176472,1
"G[0,1](AST >= 0.000 & SepsisLabel = 0.000)
",9999999.000,9999999.000,0.000,1.000,0.000,8,0,1,0,8,1,9,0,1.0,0.0,1.0,0.8888888888888888,0.9411764705882353,0.05882352941176472,1
"G[0,1](Fibrinogen >= 0.000 & Potassium >= 0.000)
",9999999.000,9999999.000,0.000,1.000,0.000,8,0,1,0,8,1,9,0,1.0,0.0,1.0,0.8888888888888888,0.9411764705882353,0.05882352941176472,1
"G[1,1](Chloride <= 0.000 & SepsisLabel = 0.000)
",0.000,0.000,0.000,1.000,0.000,8,0,1,0,8,1,9,0,1.0,0.0,1.0,0.8888888888888888,0.9411764705882353,0.05882352941176472,1
"G[0,1](EtCO2 >= 0.000 -> Chloride >= 0.000)
",9999999.000,9999999.000,0.000,1.000,0.000,8,0,1,0,8,1,9,0,1.0,0.0,1.0,0.8888888888888888,0.9411764705882353,0.05882352941176472,1
"G[1,1]((Magnesium >= 0.000 & FiO2 <= 0.000) | Lactate <= 0.000)
",0.000,0.000,0.000,1.000,0.000,8,0,1,0,8,1,9,0,1.0,0.0,1.0,0.8888888888888888,0.9411764705882353,0.05882352941176472,1
"G[1,1](Platelets >= 0.000 | Hct >= 0.000)
",0.000,0.000,0.000,1.000,0.000,8,0,1,0,8,1,9,0,1.0,0.0,1.0,0.8888888888888888,0.9411764705882353,0.05882352941176472,1
"G[0,1](((O2Sat <= 87.934 & HCO3 >= 0.000) & EtCO2 <= 0.000) | SBP >= 0.000)
",9999999.000,9999999.000,0.000,1.000,0.000,8,0,1,0,8,1,9,0,1.0,0.0,1.0,0.8888888888888888,0.9411764705882353,0.05882352941176472,1
"G[1,1]((TroponinI <= 0.000 | Hgb >= 0.000) -> Bilirubin_direct >= 0.000)
",0.000,0.000,0.000,1.000,0.000,8,0,1,0,8,1,9,0,1.0,0.0,1.0,0.8888888888888888,0.9411764705882353,0.05882352941176472,1
"G[0,1](Platelets >= 0.000 & SepsisLabel = 0.000)
",9999999.000,9999999.000,0.000,1.000,0.000,8,0,1,0,8,1,9,0,1.0,0.0,1.0,0.8888888888888888,0.9411764705882353,0.05882352941176472,1
"G[0,1](((HCO3 >= 0.000 -> HR >= 1.969) -> HCO3 <= 43.472) | SaO2 >= 3.594)
",9999999.000,9999999.000,0.000,1.000,0.000,8,0,1,0,8,1,9,0,1.0,0.0,1.0,0.8888888888888888,0.9411764705882353,0.05882352941176472,1
"G[0,1](((AST <= 0.000 -> Bilirubin_direct <= 0.000) | Lactate <= 0.000) & HCO3 >= 0.000)
",9999999.000,9999999.000,0.000,1.000,0.000,8,0,1,0,8,1,9,0,1.0,0.0,1.0,0.8888888888888888,0.9411764705882353,0.05882352941176472,1
"G[0,1]((pH <= 0.000 -> Temp <= 26.503) | Creatinine <= 29.647)
",9999999.000,9999999.000,0.000,1.000,0.000,8,0,1,0,8,1,9,0,1.0,0.0,1.0,0.8888888888888888,0.9411764705882353,0.05882352941176472,1
"G[0,1]((Resp <= 5.120 -> Temp <= 33.195) | FiO2 <= 19.106)
",9999999.000,9999999.000,0.000,1.000,0.000,8,0,1,0,8,1,9,0,1.0,0.0,1.0,0.8888888888888888,0.9411764705882353,0.05882352941176472,1
"G[0,1](WBC <= 0.000 -> BaseExcess >= 0.000)
",9999999.000,9999999.000,0.000,1.000,0.000,8,0,1,0,8,1,9,0,1.0,0.0,1.0,0.8888888888888888,0.9411764705882353,0.05882352941176472,1
"G[0,1]((Phosphate >= 0.000 & EtCO2 <= 0.000) & SepsisLabel <= 0.000)
",9999999.000,9999999.000,0.000,1.000,0.000,8,0,1,0,8,1,9,0,1.0,0.0,1.0,0.8888888888888888,0.9411764705882353,0.05882352941176472,1
"G[1,1](((Chloride <= 0.000 | Magnesium <= 0.000) -> Bilirubin_total <= 0.000) & Phosphate <= 0.000)
",0.000,0.000,0.000,1.000,0.000,8,0,1,0,8,1,9,0,1.0,0.0,1.0,0.8888888888888888,0.9411764705882353,0.05882352941176472,1
"G[0,1](((BUN >= 0.000 | Hct <= 0.000) | Resp <= 0.000) & Glucose >= 0.000)
",9999999.000,9999999.000,0.000,1.000,0.000,8,0,1,0,8,1,9,0,1.0,0.0,1.0,0.8888888888888888,0.9411764705882353,0.05882352941176472,1
"G[0,1](((Hct <= 0.000 | MAP <= 0.000) & Creatinine <= 0.000) -> Magnesium <= 0.000)
",9999999.000,9999999.000,0.000,1.000,0.000,8,0,1,0,8,1,9,0,1.0,0.0,1.0,0.8888888888888888,0.9411764705882353,0.05882352941176472,1
"G[0,1](((Magnesium >= 0.000 & Bilirubin_total <= 0.000) | SBP <= 0.000) & Lactate >= 0.000)
",9999999.000,9999999.000,0.000,1.000,0.000,8,0,1,0,8,1,9,0,1.0,0.0,1.0,0.8888888888888888,0.9411764705882353,0.05882352941176472,1
"G[0,1](Platelets >= 0.000 | TroponinI <= 0.000)
",9999999.000,9999999.000,0.000,1.000,0.000,8,0,1,0,8,1,9,0,1.0,0.0,1.0,0.8888888888888888,0.9411764705882353,0.05882352941176472,1
"G[0,1](((HCO3 >= 0.000 & Temp <= 29.790) -> Glucose >= 0.267) -> Glucose <= 17.173)
",9999999.000,9999999.000,0.000,1.000,0.000,8,0,1,0,8,1,9,0,1.0,0.0,1.0,0.8888888888888888,0.9411764705882353,0.05882352941176472,1
"G[0,1](((Creatinine <= 0.000 -> PaCO2 >= 0.000) | Bilirubin_total <= 0.000) -> Phosphate <= 0.000)
",9999999.000,9999999.000,0.000,1.000,0.000,8,0,1,0,8,1,9,0,1.0,0.0,1.0,0.8888888888888888,0.9411764705882353,0.05882352941176472,1
"G[0,1](HCO3 >= 0.000 -> SepsisLabel <= 0.000)
",9999999.000,9999999.000,0.000,1.000,0.000,8,0,1,0,8,1,9,0,1.0,0.0,1.0,0.8888888888888888,0.9411764705882353,0.05882352941176472,1
"G[1,1](Bilirubin_direct >= 0.000 | WBC <= 0.000)
",0.000,0.000,0.000,1.000,0.000,8,0,1,0,8,1,9,0,1.0,0.0,1.0,0.8888888888888888,0.9411764705882353,0.05882352941176472,1
"G[1,1](Lactate >= 0.000 & MAP >= 0.000)
",0.000,0.000,0.000,1.000,0.000,8,0,1,0,8,1,9,0,1.0,0.0,1.0,0.8888888888888888,0.9411764705882353,0.05882352941176472,1
"G[1,1]((Fibrinogen >= 0.000 -> FiO2 <= 0.000) | Magnesium >= 0.000)
",0.000,0.000,0.000,1.000,0.000,8,0,1,0,8,1,9,0,1.0,0.0,1.0,0.8888888888888888,0.9411764705882353,0.05882352941176472,1
"G[0,1]((Resp >= 2.477 | AST >= 0.000) | pH <= 0.000)
",9999999.000,9999999.000,0.000,1.000,0.000,8,0,1,0,8,1,9,0,1.0,0.0,1.0,0.8888888888888888,0.9411764705882353,0.05882352941176472,1
"G[0,1](BUN >= 0.000 & pH <= 0.000)
",9999999.000,9999999.000,0.000,1.000,0.000,8,0,1,0,8,1,9,0,1.0,0.0,1.0,0.8888888888888888,0.9411764705882353,0.05882352941176472,1
"G[1,1]((PaCO2 <= 0.000 -> FiO2 >= 0.000) & Platelets <= 0.000)
",0.000,0.000,0.000,1.000,0.000,8,0,1,0,8,1,9,0,1.0,0.0,1.0,0.8888888888888888,0.9411764705882353,0.05882352941176472,1
"G[0,1](SaO2 >= 0.000 & Bilirubin_direct <= 0.000)
",9999999.000,9999999.000,0.000,1.000,0.000,8,0,1,0,8,1,9,0,1.0,0.0,1.0,0.8888888888888888,0.9411764705882353,0.05882352941176472,1
"G[0,1](((Hgb <= 0.000 | Hct <= 0.000) -> WBC >= 0.000) & Platelets >= 0.000)
",9999999.000,9999999.000,0.000,1.000,0.000,8,0,1,0,8,1,9,0,1.0,0.0,1.0,0.8888888888888888,0.9411764705882353,0.05882352941176472,1
"G[1,1](((HCO3 >= 0.000 | Potassium <= 0.000) & DBP <= 0.000) | BUN >= 0.000)
",0.000,0.000,0.000,1.000,0.000,8,0,1,0,8,1,9,0,1.0,0.0,1.0,0.8888888888888888,0.9411764705882353,0.05882352941176472,1
"G[0,1](Platelets >= 0.000 | Calcium >= 0.000)
",9999999.000,9999999.000,0.000,1.000,0.000,8,0,1,0,8,1,9,0,1.0,0.0,1.0,0.8888888888888888,0.9411764705882353,0.05882352941176472,1
"G[0,1]((MAP <= 0.000 -> Alkalinephos >= 0.000) & Phosphate <= 0.000)
",9999999.000,9999999.000,0.000,1.000,0.000,8,0,1,0,8,1,9,0,1.0,0.0,1.0,0.8888888888888888,0.9411764705882353,0.05882352941176472,1
"G[0,1](Chloride >= 0.000 -> HCO3 <= 0.000)
",9999999.000,9999999.000,0.000,1.000,0.000,8,0,1,0,8,1,9,0,1.0,0.0,1.0,0.8888888888888888,0.9411764705882353,0.05882352941176472,1
"G[0,1](Potassium <= 0.000 & Bilirubin_total <= 0.000)
",9999999.000,9999999.000,0.000,1.000,0.000,8,0,1,0,8,1,9,0,1.0,0.0,1.0,0.8888888888888888,0.9411764705882353,0.05882352941176472,1
"G[1,1](Platelets >= 0.000 -> SepsisLabel <= 0.000)
",0.000,0.000,0.000,1.000,0.000,8,0,1,0,8,1,9,0,1.0,0.0,1.0,0.8888888888888888,0.9411764705882353,0.05882352941176472,1
"G[0,1](((Hgb >= 0.000 & HR >= 2.627) -> FiO2 <= 58.647) -> Glucose <= 57.419)
",9999999.000,9999999.000,0.000,1.000,0.000,8,0,1,0,8,1,9,0,1.0,0.0,1.0,0.8888888888888888,0.9411764705882353,0.05882352941176472,1
"G[0,1]((PTT <= 0.000 -> EtCO2 >= 0.000) -> AST <= 0.000)
",9999999.000,9999999.000,0.000,1.000,0.000,8,0,1,0,8,1,9,0,1.0,0.0,1.0,0.8888888888888888,0.9411764705882353,0.05882352941176472,1
"G[0,1]((Platelets >= 0.000 & DBP >= 14.118) -> Lactate <= 63.218)
",9999999.000,9999999.000,0.000,1.000,0.000,8,0,1,0,8,1,9,0,1.0,0.0,1.0,0.8888888888888888,0.9411764705882353,0.05882352941176472,1
"G[1,1](PTT <= 0.000 -> pH <= 0.000)
",0.000,0.000,0.000,1.000,0.000,8,0,1,0,8,1,9,0,1.0,0.0,1.0,0.8888888888888888,0.9411764705882353,0.05882352941176472,1
"G[0,1]((TroponinI <= 0.000 & Hct >= 0.000) | HCO3 <= 0.000)
",9999999.000,9999999.000,0.000,1.000,0.000,8,0,1,0,8,1,9,0,1.0,0.0,1.0,0.8888888888888888,0.9411764705882353,0.05882352941176472,1
"G[0,1](((Hct <= 0.000 -> PTT <= 0.000) | Calcium <= 0.000) & Chloride >= 0.000)
",9999999.000,9999999.000,0.000,1.000,0.000,8,0,1,0,8,1,9,0,1.0,0.0,1.0,0.8888888888888888,0.9411764705882353,0.05882352941176472,1
"G[0,0](HR >= 6.159 -> Resp <= 14.415)
",-25753.841,-25753.841,0.000,1.000,0.000,8,0,0,1,9,0,8,1,0.8888888888888888,0.0,0.0,1.0,0.9411764705882353,0.05882352941176472,1
"G[0,1](PaCO2 <= 0.000 -> Magnesium >= 0.000)
",9999999.000,9999999.000,0.000,1.000,0.000,8,0,1,0,8,1,9,0,1.0,0.0,1.0,0.8888888888888888,0.9411764705882353,0.05882352941176472,1
"G[0,1]((Lactate >= 0.000 -> PTT >= 0.000) -> Calcium <= 0.000)
",9999999.000,9999999.000,0.000,1.000,0.000,8,0,1,0,8,1,9,0,1.0,0.0,1.0,0.8888888888888888,0.9411764705882353,0.05882352941176472,1
"G[0,1](((MAP >= 0.000 -> BaseExcess <= 0.000) | DBP <= 0.000) -> FiO2 <= 0.000)
",9999999.000,9999999.000,0.000,1.000,0.000,8,0,1,0,8,1,9,0,1.0,0.0,1.0,0.8888888888888888,0.9411764705882353,0.05882352941176472,1
"G[0,1]((HCO3 >= 0.000 -> MAP <= 0.000) | AST <= 0.000)
",9999999.000,9999999.000,0.000,1.000,0.000,8,0,1,0,8,1,9,0,1.0,0.0,1.0,0.8888888888888888,0.9411764705882353,0.05882352941176472,1
"G[0,1]((DBP >= 12.755 & BUN >= 0.000) -> Calcium <= 0.000)
",9999999.000,9999999.000,0.000,1.000,0.000,8,0,1,0,8,1,9,0,1.0,0.0,1.0,0.8888888888888888,0.9411764705882353,0.05882352941176472,1
"G[0,1]((Platelets <= 0.000 | Fibrinogen >= 0.000) & Creatinine <= 0.000)
",9999999.000,9999999.000,0.000,1.000,0.000,8,0,1,0,8,1,9,0,1.0,0.0,1.0,0.8888888888888888,0.9411764705882353,0.05882352941176472,1
"G[1,1](Bilirubin_direct <= 0.000 -> Lactate <= 0.000)
",0.000,0.000,0.000,1.000,0.000,8,0,1,0,8,1,9,0,1.0,0.0,1.0,0.8888888888888888,0.9411764705882353,0.05882352941176472,1
"G[1,1](Platelets <= 0.000 -> WBC >= 0.000)
",0.000,0.000,0.000,1.000,0.000,8,0,1,0,8,1,9,0,1.0,0.0,1.0,0.8888888888888888,0.9411764705882353,0.05882352941176472,1
"G[0,1](((Creatinine <= 0.000 -> BaseExcess <= 0.000) | PaCO2 <= 0.000) & EtCO2 <= 0.000)
",9999999.000,9999999.000,0.000,1.000,0.000,8,0,1,0,8,1,9,0,1.0,0.0,1.0,0.8888888888888888,0.9411764705882353,0.05882352941176472,1
"G[0,1](((O2Sat >= 3.498 | FiO2 >= 0.000) -> pH >= 0.000) & HR >= 0.000)
",9999999.000,9999999.000,0.000,1.000,0.000,8,0,1,0,8,1,9,0,1.0,0.0,1.0,0.8888888888888888,0.9411764705882353,0.05882352941176472,1
"G[1,1]((Phosphate >= 0.000 -> Phosphate >= 0.000) | Hct >= 0.000)
",0.000,0.000,0.000,1.000,0.000,8,0,1,0,8,1,9,0,1.0,0.0,1.0,0.8888888888888888,0.9411764705882353,0.05882352941176472,1
"G[0,1]((WBC >= 0.000 | PaCO2 <= 0.000) & Hct >= 0.000)
",9999999.000,9999999.000,0.000,1.000,0.000,8,0,1,0,8,1,9,0,1.0,0.0,1.0,0.8888888888888888,0.9411764705882353,0.05882352941176472,1
"G[0,1](PaCO2 <= 0.000 -> Creatinine <= 0.000)
",9999999.000,9999999.000,0.000,1.000,0.000,8,0,1,0,8,1,9,0,1.0,0.0,1.0,0.8888888888888888,0.9411764705882353,0.05882352941176472,1
"G[1,1](((Hct <= 0.000 & Chloride <= 0.000) | TroponinI >= 0.000) | O2Sat <= 0.000)
",0.000,0.000,0.000,1.000,0.000,8,0,1,0,8,1,9,0,1.0,0.0,1.0,0.8888888888888888,0.9411764705882353,0.05882352941176472,1
"G[0,1](((Bilirubin_direct <= 0.000 -> Potassium >= 0.000) & Bilirubin_direct >= 0.000) & WBC <= 0.000)
",9999999.000,9999999.000,0.000,1.000,0.000,8,0,1,0,8,1,9,0,1.0,0.0,1.0,0.8888888888888888,0.9411764705882353,0.05882352941176472,1
"G[0,1](((Bilirubin_direct >= 0.000 | Lactate <= 0.000) & Calcium >= 0.000) -> HCO3 >= 0.000)
",9999999.000,9999999.000,0.000,1.000,0.000,8,0,1,0,8,1,9,0,1.0,0.0,1.0,0.8888888888888888,0.9411764705882353,0.05882352941176472,1
"G[1,1]((EtCO2 >= 0.000 -> pH >= 0.000) -> BaseExcess >= 0.000)
",0.000,0.000,0.000,1.000,0.000,8,0,1,0,8,1,9,0,1.0,0.0,1.0,0.8888888888888888,0.9411764705882353,0.05882352941176472,1
"G[0,1]((O2Sat >= 21.673 | EtCO2 <= 0.000) | Calcium >= 0.000)
",9999999.000,9999999.000,0.000,1.000,0.000,8,0,1,0,8,1,9,0,1.0,0.0,1.0,0.8888888888888888,0.9411764705882353,0.05882352941176472,1
"G[1,1](((Resp >= 3.595 | Fibrinogen <= 0.000) & BUN <= 0.000) & Alkalinephos >= 0.000)
",0.000,0.000,0.000,1.000,0.000,8,0,1,0,8,1,9,0,1.0,0.0,1.0,0.8888888888888888,0.9411764705882353,0.05882352941176472,1
"G[1,1](Chloride <= 0.000 | Bilirubin_total <= 0.000)
",0.000,0.000,0.000,1.000,0.000,8,0,1,0,8,1,9,0,1.0,0.0,1.0,0.8888888888888888,0.9411764705882353,0.05882352941176472,1
"G[0,1]((HR >= 3.245 -> Fibrinogen >= 0.000) & BUN <= 0.000)
",9999999.000,9999999.000,0.000,1.000,0.000,8,0,1,0,8,1,9,0,1.0,0.0,1.0,0.8888888888888888,0.9411764705882353,0.05882352941176472,1
"((HR >= 2.041) U[1,2] (Bilirubin_total >= 0.000))
",-9999999.000,-9999999.000,0.000,0.000,1.000,7,0,0,2,9,0,7,2,0.7777777777777778,0.0,0.0,1.0,0.8235294117647058,0.17647058823529416,-1
"((HR >= 4.380) U[1,2] (HCO3 >= 0.000))
",-9999999.000,-9999999.000,0.000,0.000,1.000,7,0,0,2,9,0,7,2,0.7777777777777778,0.0,0.0,1.0,0.8235294117647058,0.17647058823529416,-1
"G[0,0](((Hct <= 0.000 & SBP >= 2.948) | BUN >= 23.690) -> AST >= 15.613)
",1.732,2.211,0.000,1.000,0.000,7,0,0,2,9,0,7,2,0.7777777777777778,0.0,0.0,1.0,0.8235294117647058,0.17647058823529416,1
"G[1,1](((Potassium <= 0.000 & Temp >= 5.742) & BUN <= 24.838) -> Resp <= 16.663)
",-16.663,-16.663,0.000,1.000,0.000,7,0,1,1,8,1,8,1,0.875,0.0,1.0,0.875,0.8235294117647058,0.17647058823529416,1
"G[0,0]((WBC >= 0.000 -> O2Sat <= 41.329) | WBC >= 13.347)
",-2.646,-11.679,0.000,1.000,0.000,7,0,0,2,9,0,7,2,0.7777777777777778,0.0,0.0,1.0,0.8235294117647058,0.17647058823529416,1
"G[0,1](Resp >= 1.615 -> HR <= 14.431)
",9999999.000,9999999.000,0.000,1.000,0.000,6,0,1,2,8,1,7,2,0.75,0.0,1.0,0.8571428571428571,0.7058823529411765,0.2941176470588235,1
"G[1,1]((SBP >= 0.826 -> Hgb <= 0.000) & DBP <= 0.000)
",0.000,0.000,0.000,1.000,0.000,6,0,1,2,8,1,7,2,0.75,0.0,1.0,0.8571428571428571,0.7058823529411765,0.2941176470588235,1
"G[1,1](((SBP <= 63.563 | Glucose <= 0.000) | Chloride >= 0.000) & DBP <= 0.000)
",0.000,0.000,0.000,1.000,0.000,6,0,1,2,8,1,7,2,0.75,0.0,1.0,0.8571428571428571,0.7058823529411765,0.2941176470588235,1
"F[1,1]((DBP >= 10.854 & EtCO2 <= 0.000) & Creatinine >= 0.000)
",-10.854,-10.854,0.000,0.000,1.000,6,0,0,3,9,0,6,3,0.6666666666666666,0.0,0.0,1.0,0.7058823529411765,0.2941176470588235,-1
"((FiO2 <= 0.000) U[1,1] (DBP >= 0.886))
",0.000,0.000,0.000,0.000,1.000,6,0,0,3,9,0,6,3,0.6666666666666666,0.0,0.0,1.0,0.7058823529411765,0.2941176470588235,-1
"((SBP >= 17.855) U[1,2] (AST >= 0.000))
",-9999999.000,-9999999.000,0.000,0.000,1.000,6,0,0,3,9,0,6,3,0.6666666666666666,0.0,0.0,1.0,0.7058823529411765,0.2941176470588235,-1
"((DBP <= 47.950) U[0,1] (Temp >= 2.852))
",-9999999.000,-9999999.000,0.000,0.000,1.000,5,0,0,4,9,0,5,4,0.5555555555555556,0.0,0.0,1.0,0.5882352941176471,0.4117647058823529,-1
"F[0,1](((Alkalinephos >= 0.000 & HR >= 7.328) & FiO2 >= 1.085) | Resp >= 8.423)
",-9999999.000,-9999999.000,0.000,0.000,1.000,4,0,0,5,9,0,4,5,0.4444444444444444,0.0,0.0,1.0,0.47058823529411764,0.5294117647058824,-1
"F[0,1](SaO2 <= 0.000 -> O2Sat >= 2.567)
",-9999999.000,-9999999.000,0.000,0.000,1.000,4,0,0,5,9,0,4,5,0.4444444444444444,0.0,0.0,1.0,0.47058823529411764,0.5294117647058824,-1
"G[0,1](((Bilirubin_total <= 0.000 | Chloride >= 0.000) | Magnesium >= 0.000) -> SBP <= 0.000)
",9999999.000,9999999.000,0.000,1.000,0.000,4,0,1,4,8,1,5,4,0.5,0.0,1.0,0.8,0.47058823529411764,0.5294117647058824,1
"G[0,1](((BaseExcess <= 0.000 & Bilirubin_total <= 0.000) & O2Sat <= 0.000) & O2Sat >= 0.000)
",9999999.000,9999999.000,0.000,1.000,0.000,4,0,1,4,8,1,5,4,0.5,0.0,1.0,0.8,0.47058823529411764,0.5294117647058824,1
"G[0,1](O2Sat >= 2.831 -> SBP <= 133.848)
",9999999.000,9999999.000,0.000,1.000,0.000,4,0,1,4,8,1,5,4,0.5,0.0,1.0,0.8,0.47058823529411764,0.5294117647058824,1
"((WBC >= 0.000) U[0,1] (SBP >= 22.496))
",-9999999.000,-9999999.000,0.000,0.000,1.000,4,0,0,5,9,0,4,5,0.4444444444444444,0.0,0.0,1.0,0.47058823529411764,0.5294117647058824,-1
"G[0,0](O2Sat >= 16.589 & Resp >= 0.789)
",-0.309,-7.464,0.000,1.000,0.000,2,0,0,7,9,0,2,7,0.2222222222222222,0.0,0.0,1.0,0.23529411764705882,0.7647058823529411,1
"G[0,0](WBC >= 0.000 -> Resp >= 3.201)
",-0.567,-17.075,0.000,1.000,0.000,2,0,0,7,9,0,2,7,0.2222222222222222,0.0,0.0,1.0,0.23529411764705882,0.7647058823529411,1
"F[1,1]((Resp >= 1.977 -> Phosphate >= 0.000) & Resp <= 0.000)
",0.000,0.000,0.000,0.000,1.000,2,0,0,7,9,0,2,7,0.2222222222222222,0.0,0.0,1.0,0.23529411764705882,0.7647058823529411,-1
"((DBP <= 63.378) U[0,0] (Resp <= 15.401))
",63.378,63.378,0.000,0.000,1.000,2,0,0,7,9,0,2,7,0.2222222222222222,0.0,0.0,1.0,0.23529411764705882,0.7647058823529411,-1
"((MAP >= 0.000) U[0,0] (SBP <= 90.447))
",4.066,105.085,0.000,0.000,1.000,2,0,0,7,9,0,2,7,0.2222222222222222,0.0,0.0,1.0,0.23529411764705882,0.7647058823529411,-1
"F[1,1](((Calcium <= 0.000 -> HCO3 >= 0.000) -> Lactate <= 0.000) -> O2Sat <= 0.000)
",0.000,0.000,0.000,0.000,1.000,2,0,0,7,9,0,2,7,0.2222222222222222,0.0,0.0,1.0,0.23529411764705882,0.7647058823529411,-1
"((MAP >= 0.000) U[1,1] (SBP <= 42.623))
",42.623,42.623,0.000,0.000,1.000,2,0,0,7,9,0,2,7,0.2222222222222222,0.0,0.0,1.0,0.23529411764705882,0.7647058823529411,-1
"G[1,1]((Phosphate >= 0.000 & SBP >= 0.815) & Bilirubin_total <= 115.256)
",-0.815,-0.815,0.000,1.000,0.000,2,0,1,6,8,1,3,6,0.25,0.0,1.0,0.6666666666666666,0.23529411764705882,0.7647058823529411,1
"((Resp <= 9.933) U[1,2] (FiO2 <= 0.000))
",-9999999.000,-9999999.000,0.000,0.000,1.000,2,0,0,7,9,0,2,7,0.2222222222222222,0.0,0.0,1.0,0.23529411764705882,0.7647058823529411,-1
"((DBP <= 22.871) U[1,2] (SepsisLabel = 0.000))
",-9999999.000,-9999999.000,0.000,0.000,1.000,2,0,0,7,9,0,2,7,0.2222222222222222,0.0,0.0,1.0,0.23529411764705882,0.7647058823529411,-1
"F[0,0](((pH <= 0.000 & Hgb >= 0.000) & Glucose >= 0.000) & DBP <= 0.000)
",0.000,0.000,0.000,0.000,1.000,2,0,0,7,9,0,2,7,0.2222222222222222,0.0,0.0,1.0,0.23529411764705882,0.7647058823529411,-1
"((MAP >= 0.000) U[1,1] (SBP <= 138.623))
",138.623,138.623,0.000,0.000,1.000,2,0,0,7,9,0,2,7,0.2222222222222222,0.0,0.0,1.0,0.23529411764705882,0.7647058823529411,-1
"G[1,1](PaCO2 <= 0.000 & DBP >= 3.301)
",-3.301,-3.301,0.000,1.000,0.000,2,0,1,6,8,1,3,6,0.25,0.0,1.0,0.6666666666666666,0.23529411764705882,0.7647058823529411,1
"((MAP >= 0.000) U[0,0] (SBP <= 83.364))
",3.457,99.773,0.000,0.000,1.000,2,0,0,7,9,0,2,7,0.2222222222222222,0.0,0.0,1.0,0.23529411764705882,0.7647058823529411,-1
"F[0,0](Calcium <= 0.000 -> Resp <= 17.281)
",-1.732,-12.960,0.000,0.000,1.000,1,0,0,8,9,0,1,8,0.1111111111111111,0.0,0.0,1.0,0.11764705882352941,0.8823529411764706,-1
"((DBP <= 61.326) U[1,1] (Creatinine <= 0.000))
",61.326,61.326,0.000,0.000,1.000,1,0,0,8,9,0,1,8,0.1111111111111111,0.0,0.0,1.0,0.11764705882352941,0.8823529411764706,-1
"((Resp <= 16.832) U[1,1] (SepsisLabel = 0.000))
",16.832,16.832,0.000,0.000,1.000,1,0,0,8,9,0,1,8,0.1111111111111111,0.0,0.0,1.0,0.11764705882352941,0.8823529411764706,-1
"F[0,0]((Hgb >= 0.000 -> HR >= 7.481) -> WBC >= 1.633)
",1.633,1.633,0.000,0.000,1.000,1,0,0,8,9,0,1,8,0.1111111111111111,0.0,0.0,1.0,0.11764705882352941,0.8823529411764706,-1
"G[0,2](((Hgb <= 0.000 | Phosphate >= 0.000) -> FiO2 <= 0.000) -> Potassium <= 0.000)
",9999999.000,9999999.000,0.000,1.000,0.000,0,0,9,0,0,9,9,0,0.0,0.0,1.0,0.0,0.0,1.0,1
"F[1,2]((Calcium <= 0.000 & Potassium <= 0.000) & Magnesium >= 0.000)
",-9999999.000,-9999999.000,0.000,0.000,1.000,0,0,0,9,9,0,0,9,0.0,0.0,0.0,0.0,0.0,1.0,-1
"((pH > 0.000) U[0,1] (SepsisLabel = 0.000))
",-9999999.000,-9999999.000,0.000,0.000,1.000,0,0,0,9,9,0,0,9,0.0,0.0,0.0,0.0,0.0,1.0,-1
"F[1,1](Hgb > 0.000 -> SepsisLabel = 0.000)
",0.000,0.000,0.000,0.000,1.000,0,0,0,9,9,0,0,9,0.0,0.0,0.0,0.0,0.0,1.0,-1
"F[2,2](pH <= 0.000 & SepsisLabel = 0.000)
",0.000,0.000,0.000,0.000,1.000,0,0,0,9,9,0,0,9,0.0,0.0,0.0,0.0,0.0,1.0,-1
"F[0,2](MAP <= 0.000 & SepsisLabel = 0.000)
",-9999999.000,-9999999.000,0.000,0.000,1.000,0,0,0,9,9,0,0,9,0.0,0.0,0.0,0.0,0.0,1.0,-1
"((Resp < 4.523) U[0,2] (SepsisLabel = 0.000))
",-9999999.000,-9999999.000,0.000,0.000,1.000,0,0,0,9,9,0,0,9,0.0,0.0,0.0,0.0,0.0,1.0,-1
"F[0,2](Hct > 0.000 & SepsisLabel = 0.000)
",-9999999.000,-9999999.000,0.000,0.000,1.000,0,0,0,9,9,0,0,9,0.0,0.0,0.0,0.0,0.0,1.0,-1
"((Glucose >= 0.000) U[0,0] (SepsisLabel = 0.000))
",0.000,0.000,0.000,0.000,1.000,0,0,0,9,9,0,0,9,0.0,0.0,0.0,0.0,0.0,1.0,-1
"((MAP > 0.000) U[2,2] (SepsisLabel = 0.000))
",0.000,0.000,0.000,0.000,1.000,0,0,0,9,9,0,0,9,0.0,0.0,0.0,0.0,0.0,1.0,-1
"F[0,2](Alkalinephos <= 0.000 -> SepsisLabel = 0.000)
",-9999999.000,-9999999.000,0.000,0.000,1.000,0,0,0,9,9,0,0,9,0.0,0.0,0.0,0.0,0.0,1.0,-1
"F[1,2]((Phosphate >= 0.000 & Magnesium > 0.000) -> Calcium < 0.000)
",-9999999.000,-9999999.000,0.000,0.000,1.000,0,0,0,9,9,0,0,9,0.0,0.0,0.0,0.0,0.0,1.0,-1
"F[1,2](((Glucose <= 0.000 | Chloride >= 0.000) | Resp <= 0.000) | MAP <= 0.000)
",-9999999.000,-9999999.000,0.000,0.000,1.000,0,0,0,9,9,0,0,9,0.0,0.0,0.0,0.0,0.0,1.0,-1
"F[0,2]((Platelets <= 0.000 & Resp <= 14.328) | Magnesium <= 7.845)
",-9999999.000,-9999999.000,0.000,0.000,1.000,0,0,0,9,9,0,0,9,0.0,0.0,0.0,0.0,0.0,1.0,-1
"F[0,2](Bilirubin_total <= 0.000 | Hgb >= 0.000)
",-9999999.000,-9999999.000,0.000,0.000,1.000,0,0,0,9,9,0,0,9,0.0,0.0,0.0,0.0,0.0,1.0,-1
"F[1,2]((Creatinine <= 0.000 & HR >= 6.409) -> FiO2 >= 3.862)
",-9999999.000,-9999999.000,0.000,0.000,1.000,0,0,0,9,9,0,0,9,0.0,0.0,0.0,0.0,0.0,1.0,-1
"F[1,2](((AST >= 0.000 | O2Sat >= 20.785) -> Glucose <= 41.712) | BUN <= 36.246)
",-9999999.000,-9999999.000,0.000,0.000,1.000,0,0,0,9,9,0,0,9,0.0,0.0,0.0,0.0,0.0,1.0,-1
"((Hgb >= 0.000) U[0,0] (Magnesium >= 0.000))
",0.000,0.000,0.000,0.000,1.000,0,0,0,9,9,0,0,9,0.0,0.0,0.0,0.0,0.0,1.0,-1
"((Lactate >= 0.000) U[0,2] (Alkalinephos >= 0.000))
",-9999999.000,-9999999.000,0.000,0.000,1.000,0,0,0,9,9,0,0,9,0.0,0.0,0.0,0.0,0.0,1.0,-1
"F[0,0](((O2Sat >= 5.190 -> Hct <= 0.000) & pH <= 0.000) -> DBP >= 0.000)
",0.000,0.000,0.000,0.000,1.000,0,0,0,9,9,0,0,9,0.0,0.0,0.0,0.0,0.0,1.0,-1
"((TroponinI >= 0.000) U[0,0] (SepsisLabel >= 0.000))
",0.000,0.000,0.000,0.000,1.000,0,0,0,9,9,0,0,9,0.0,0.0,0.0,0.0,0.0,1.0,-1
"F[0,0](((Phosphate >= 0.000 & Chloride <= 0.000) | DBP >= 0.000) & MAP >= 0.000)
",0.000,0.000,0.000,0.000,1.000,0,0,0,9,9,0,0,9,0.0,0.0,0.0,0.0,0.0,1.0,-1
"F[0,2](((Bilirubin_total <= 0.000 | TroponinI <= 0.000) & Platelets <= 0.000) | Platelets <= 0.000)
",-9999999.000,-9999999.000,0.000,0.000,1.000,0,0,0,9,9,0,0,9,0.0,0.0,0.0,0.0,0.0,1.0,-1
"F[0,1](((SepsisLabel <= 0.000 -> Alkalinephos >= 0.000) -> SaO2 >= 0.000) | FiO2 <= 0.000)
",-9999999.000,-9999999.000,0.000,0.000,1.000,0,0,0,9,9,0,0,9,0.0,0.0,0.0,0.0,0.0,1.0,-1
"F[1,1]((BUN <= 0.000 -> Platelets >= 0.000) -> WBC <= 0.000)
",0.000,0.000,0.000,0.000,1.000,0,0,0,9,9,0,0,9,0.0,0.0,0.0,0.0,0.0,1.0,-1
"F[1,2](((Bilirubin_total >= 0.000 -> SepsisLabel <= 0.000) | TroponinI <= 0.000) & BUN >= 0.000)
",-9999999.000,-9999999.000,0.000,0.000,1.000,0,0,0,9,9,0,0,9,0.0,0.0,0.0,0.0,0.0,1.0,-1
"F[2,2](((MAP >= 0.000 -> HR <= 53.013) & BUN <= 62.566) -> Hgb <= 31.911)
",-31.911,-31.911,0.000,0.000,1.000,0,0,0,9,9,0,0,9,0.0,0.0,0.0,0.0,0.0,1.0,-1
"F[0,2](((Temp <= 32.133 | BUN <= 0.000) & Phosphate >= 0.000) | Alkalinephos >= 0.000)
",-9999999.000,-9999999.000,0.000,0.000,1.000,0,0,0,9,9,0,0,9,0.0,0.0,0.0,0.0,0.0,1.0,-1
"F[0,2](WBC >= 0.000 -> BaseExcess >= 0.000)
",-9999999.000,-9999999.000,0.000,0.000,1.000,0,0,0,9,9,0,0,9,0.0,0.0,0.0,0.0,0.0,1.0,-1
"((Bilirubin_total > 0.000) U[0,2] (SepsisLabel = 0.000))
",-9999999.000,-9999999.000,0.000,0.000,1.000,0,0,0,9,9,0,0,9,0.0,0.0,0.0,0.0,0.0,1.0,-1
"F[1,2](HCO3 < 0.000 -> SepsisLabel = 0.000)
",-9999999.000,-9999999.000,0.000,0.000,1.000,0,0,0,9,9,0,0,9,0.0,0.0,0.0,0.0,0.0,1.0,-1
"((BUN >= 0.000) U[1,2] (SepsisLabel = 0.000))
",-9999999.000,-9999999.000,0.000,0.000,1.000,0,0,0,9,9,0,0,9,0.0,0.0,0.0,0.0,0.0,1.0,-1
"F[1,2](Temp >= 6.094 -> FiO2 >= 0.000)
",-9999999.000,-9999999.000,0.000,0.000,1.000,0,0,0,9,9,0,0,9,0.0,0.0,0.0,0.0,0.0,1.0,-1
"F[1,2](((Calcium < 0.000 & Potassium < 0.000) & Magnesium < 0.000) & Phosphate < 0.000)
",-9999999.000,-9999999.000,0.000,0.000,1.000,0,0,0,9,9,0,0,9,0.0,0.0,0.0,0.0,0.0,1.0,-1
"((HR < 28.236) U[0,2] (SepsisLabel = 0.000))
",-9999999.000,-9999999.000,0.000,0.000,1.000,0,0,0,9,9,0,0,9,0.0,0.0,0.0,0.0,0.0,1.0,-1
"F[0,1](Chloride <= 0.000 -> SepsisLabel = 0.000)
",-9999999.000,-9999999.000,0.000,0.000,1.000,0,0,0,9,9,0,0,9,0.0,0.0,0.0,0.0,0.0,1.0,-1
"((Platelets >= 0.000) U[2,2] (SepsisLabel = 0.000))
",0.000,0.000,0.000,0.000,1.000,0,0,0,9,9,0,0,9,0.0,0.0,0.0,0.0,0.0,1.0,-1
"((Magnesium <= 0.000) U[0,1] (SepsisLabel = 0.000))
",-9999999.000,-9999999.000,0.000,0.000,1.000,0,0,0,9,9,0,0,9,0.0,0.0,0.0,0.0,0.0,1.0,-1
"((HCO3 >= 0.000) U[2,2] (SepsisLabel = 0.000))
",0.000,0.000,0.000,0.000,1.000,0,0,0,9,9,0,0,9,0.0,0.0,0.0,0.0,0.0,1.0,-1
"((FiO2 > 0.000) U[0,0] (SepsisLabel = 0.000))
",0.000,0.000,0.000,0.000,1.000,0,0,0,9,9,0,0,9,0.0,0.0,0.0,0.0,0.0,1.0,-1
"F[1,1](((SBP >= 7.037 & Temp <= 28.970) -> TroponinI <= 24.870) | Hct <= 15.106)
",15.106,15.106,0.000,0.000,1.000,0,0,0,9,9,0,0,9,0.0,0.0,0.0,0.0,0.0,1.0,-1
"F[0,2]((HR <= 52.882 & Temp >= 1.687) | Potassium <= 23.013)
",-9999999.000,-9999999.000,0.000,0.000,1.000,0,0,0,9,9,0,0,9,0.0,0.0,0.0,0.0,0.0,1.0,-1
"F[1,2](AST > 0.000 -> SepsisLabel = 0.000)
",-9999999.000,-9999999.000,0.000,0.000,1.000,0,0,0,9,9,0,0,9,0.0,0.0,0.0,0.0,0.0,1.0,-1
"F[2,2]((HR <= 22.251 | O2Sat <= 39.467) | Hct >= 9.227)
",39.467,39.467,0.000,0.000,1.000,0,0,0,9,9,0,0,9,0.0,0.0,0.0,0.0,0.0,1.0,-1
"F[0,2](HR >= 7.788 & MAP <= 0.000)
",-9999999.000,-9999999.000,0.000,0.000,1.000,0,0,0,9,9,0,0,9,0.0,0.0,0.0,0.0,0.0,1.0,-1
"F[2,2](((DBP >= 13.418 -> Alkalinephos <= 0.000) & TroponinI >= 0.000) & AST <= 0.000)
",0.000,0.000,0.000,0.000,1.000,0,0,0,9,9,0,0,9,0.0,0.0,0.0,0.0,0.0,1.0,-1
"((BUN <= 0.000) U[0,0] (SepsisLabel = 0.000))
",0.000,0.000,0.000,0.000,1.000,0,0,0,9,9,0,0,9,0.0,0.0,0.0,0.0,0.0,1.0,-1
"F[1,2]((BaseExcess <= 0.000 | WBC <= 0.000) & Alkalinephos >= 0.000)
",-9999999.000,-9999999.000,0.000,0.000,1.000,0,0,0,9,9,0,0,9,0.0,0.0,0.0,0.0,0.0,1.0,-1
"F[0,1](((Creatinine <= 0.000 -> O2Sat >= 6.402) | PaCO2 <= 64.753) & Chloride <= 92.043)
",-9999999.000,-9999999.000,0.000,0.000,1.000,0,0,0,9,9,0,0,9,0.0,0.0,0.0,0.0,0.0,1.0,-1
"F[0,1](((Fibrinogen >= 0.000 -> Fibrinogen <= 0.000) & BaseExcess >= 0.000) | Phosphate <= 0.000)
",-9999999.000,-9999999.000,0.000,0.000,1.000,0,0,0,9,9,0,0,9,0.0,0.0,0.0,0.0,0.0,1.0,-1
"F[0,0](((Hct >= 0.000 & FiO2 >= 0.000) -> EtCO2 <= 0.000) | SepsisLabel <= 0.000)
",0.000,0.000,0.000,0.000,1.000,0,0,0,9,9,0,0,9,0.0,0.0,0.0,0.0,0.0,1.0,-1
"((DBP <= 62.805) U[1,2] (HR >= 1.802))
",-9999999.000,-9999999.000,0.000,0.000,1.000,0,0,0,9,9,0,0,9,0.0,0.0,0.0,0.0,0.0,1.0,-1
"F[2,2](Bilirubin_total >= 0.000 -> SepsisLabel = 0.000)
",0.000,0.000,0.000,0.000,1.000,0,0,0,9,9,0,0,9,0.0,0.0,0.0,0.0,0.0,1.0,-1
"((Glucose >= 0.000) U[0,1] (SepsisLabel = 0.000))
",-9999999.000,-9999999.000,0.000,0.000,1.000,0,0,0,9,9,0,0,9,0.0,0.0,0.0,0.0,0.0,1.0,-1
"F[0,1](O2Sat <= 92.635 -> SepsisLabel = 0.000)
",-9999999.000,-9999999.000,0.000,0.000,1.000,0,0,0,9,9,0,0,9,0.0,0.0,0.0,0.0,0.0,1.0,-1
"((Hgb >= 0.000) U[1,2] (SepsisLabel = 0.000))
",-9999999.000,-9999999.000,0.000,0.000,1.000,0,0,0,9,9,0,0,9,0.0,0.0,0.0,0.0,0.0,1.0,-1
"((Hct >= 0.000) U[1,1] (SepsisLabel = 0.000))
",0.000,0.000,0.000,0.000,1.000,0,0,0,9,9,0,0,9,0.0,0.0,0.0,0.0,0.0,1.0,-1
"F[1,1](EtCO2 < 0.000 -> SepsisLabel = 0.000)
",0.000,0.000,0.000,0.000,1.000,0,0,0,9,9,0,0,9,0.0,0.0,0.0,0.0,0.0,1.0,-1
"((BUN < 0.000) U[0,2] (SepsisLabel = 0.000))
",-9999999.000,-9999999.000,0.000,0.000,1.000,0,0,0,9,9,0,0,9,0.0,0.0,0.0,0.0,0.0,1.0,-1
"F[0,0](SaO2 <= 0.000 -> Potassium >= 0.000)
",0.000,0.000,0.000,0.000,1.000,0,0,0,9,9,0,0,9,0.0,0.0,0.0,0.0,0.0,1.0,-1
"F[1,2]((Magnesium <= 0.000 -> EtCO2 <= 0.000) & AST <= 0.000)
",-9999999.000,-9999999.000,0.000,0.000,1.000,0,0,0,9,9,0,0,9,0.0,0.0,0.0,0.0,0.0,1.0,-1
"((SepsisLabel >= 0.000) U[0,2] (Lactate <= 0.000))
",-9999999.000,-9999999.000,0.000,0.000,1.000,0,0,0,9,9,0,0,9,0.0,0.0,0.0,0.0,0.0,1.0,-1
"F[0,1]((Phosphate <= 0.000 | Bilirubin_direct <= 0.000) -> TroponinI >= 0.000)
",-9999999.000,-9999999.000,0.000,0.000,1.000,0,0,0,9,9,0,0,9,0.0,0.0,0.0,0.0,0.0,1.0,-1
"F[0,1]((Alkalinephos <= 0.000 | HCO3 <= 0.000) | AST <= 0.000)
",-9999999.000,-9999999.000,0.000,0.000,1.000,0,0,0,9,9,0,0,9,0.0,0.0,0.0,0.0,0.0,1.0,-1
"F[0,1](((PTT <= 0.000 | FiO2 <= 0.000) & SBP <= 0.000) | Creatinine >= 0.000)
",-9999999.000,-9999999.000,0.000,0.000,1.000,0,0,0,9,9,0,0,9,0.0,0.0,0.0,0.0,0.0,1.0,-1
"F[2,2]((TroponinI >= 0.000 | SBP >= 7.191) | PTT >= 18.565)
",0.000,0.000,0.000,0.000,1.000,0,0,0,9,9,0,0,9,0.0,0.0,0.0,0.0,0.0,1.0,-1
"F[1,1]((Temp >= 1.866 -> AST >= 0.000) | PaCO2 <= 0.000)
",0.000,0.000,0.000,0.000,1.000,0,0,0,9,9,0,0,9,0.0,0.0,0.0,0.0,0.0,1.0,-1
"F[0,0]((BaseExcess >= 0.000 | Glucose <= 0.000) | Creatinine <= 0.000)
",0.000,0.000,0.000,0.000,1.000,0,0,0,9,9,0,0,9,0.0,0.0,0.0,0.0,0.0,1.0,-1
"F[1,2](((Hgb >= 0.000 & BUN <= 0.000) & Temp >= 0.000) | Alkalinephos <= 0.000)
",-9999999.000,-9999999.000,0.000,0.000,1.000,0,0,0,9,9,0,0,9,0.0,0.0,0.0,0.0,0.0,1.0,-1
"F[1,2]((Magnesium <= 0.000 & Calcium >= 0.000) | HCO3 <= 0.000)
",-9999999.000,-9999999.000,0.000,0.000,1.000,0,0,0,9,9,0,0,9,0.0,0.0,0.0,0.0,0.0,1.0,-1
"((EtCO2 >= 0.000) U[1,2] (Glucose >= 0.000))
",-9999999.000,-9999999.000,0.000,0.000,1.000,0,0,0,9,9,0,0,9,0.0,0.0,0.0,0.0,0.0,1.0,-1
"F[0,2](((Resp <= 14.130 | O2Sat <= 72.755) | Chloride <= 71.644) | EtCO2 >= 11.409)
",-9999999.000,-9999999.000,0.000,0.000,1.000,0,0,0,9,9,0,0,9,0.0,0.0,0.0,0.0,0.0,1.0,-1
"F[0,2]((Calcium <= 0.000 -> DBP <= 52.124) -> AST >= 13.745)
",-9999999.000,-9999999.000,0.000,0.000,1.000,0,0,0,9,9,0,0,9,0.0,0.0,0.0,0.0,0.0,1.0,-1
"F[0,1](((PTT <= 0.000 | O2Sat <= 26.582) & Phosphate >= 14.051) -> Potassium >= 11.401)
",-9999999.000,-9999999.000,0.000,0.000,1.000,0,0,0,9,9,0,0,9,0.0,0.0,0.0,0.0,0.0,1.0,-1
"F[0,1](((BUN <= 0.000 & HCO3 >= 0.000) -> BUN <= 0.000) & WBC <= 0.000)
",-9999999.000,-9999999.000,0.000,0.000,1.000,0,0,0,9,9,0,0,9,0.0,0.0,0.0,0.0,0.0,1.0,-1
"F[0,0](((Platelets >= 0.000 & HCO3 >= 0.000) -> AST >= 0.000) -> PaCO2 >= 0.000)
",0.000,0.000,0.000,0.000,1.000,0,0,0,9,9,0,0,9,0.0,0.0,0.0,0.0,0.0,1.0,-1
"F[0,2](Platelets <= 0.000 & EtCO2 <= 0.000)
",-9999999.000,-9999999.000,0.000,0.000,1.000,0,0,0,9,9,0,0,9,0.0,0.0,0.0,0.0,0.0,1.0,-1
"F[2,2](((Alkalinephos <= 0.000 & FiO2 >= 0.000) & SBP >= 0.000) & PaCO2 >= 0.000)
",0.000,0.000,0.000,0.000,1.000,0,0,0,9,9,0,0,9,0.0,0.0,0.0,0.0,0.0,1.0,-1
"((EtCO2 >= 0.000) U[1,2] (Hgb <= 0.000))
",-9999999.000,-9999999.000,0.000,0.000,1.000,0,0,0,9,9,0,0,9,0.0,0.0,0.0,0.0,0.0,1.0,-1
"F[0,1](((Calcium >= 0.000 -> PaCO2 >= 0.000) | Fibrinogen >= 0.000) & MAP <= 0.000)
",-9999999.000,-9999999.000,0.000,0.000,1.000,0,0,0,9,9,0,0,9,0.0,0.0,0.0,0.0,0.0,1.0,-1
"F[0,2](((SaO2 <= 0.000 | FiO2 >= 0.000) & BUN >= 0.000) | AST <= 0.000)
",-9999999.000,-9999999.000,0.000,0.000,1.000,0,0,0,9,9,0,0,9,0.0,0.0,0.0,0.0,0.0,1.0,-1
"((Hgb <= 0.000) U[0,2] (MAP >= 0.000))
",-9999999.000,-9999999.000,0.000,0.000,1.000,0,0,0,9,9,0,0,9,0.0,0.0,0.0,0.0,0.0,1.0,-1
"F[1,1]((Fibrinogen >= 0.000 & Creatinine >= 0.000) -> PaCO2 <= 0.000)
",0.000,0.000,0.000,0.000,1.000,0,0,0,9,9,0,0,9,0.0,0.0,0.0,0.0,0.0,1.0,-1
"F[0,2](SaO2 <= 0.000 & Bilirubin_direct <= 0.000)
",-9999999.000,-9999999.000,0.000,0.000,1.000,0,0,0,9,9,0,0,9,0.0,0.0,0.0,0.0,0.0,1.0,-1
"F[0,2]((HR >= 5.047 & EtCO2 <= 0.000) -> PaCO2 >= 0.000)
",-9999999.000,-9999999.000,0.000,0.000,1.000,0,0,0,9,9,0,0,9,0.0,0.0,0.0,0.0,0.0,1.0,-1
"F[1,2](((Phosphate <= 0.000 -> HR >= 1.870) & FiO2 <= 39.579) & Resp >= 5.331)
",-9999999.000,-9999999.000,0.000,0.000,1.000,0,0,0,9,9,0,0,9,0.0,0.0,0.0,0.0,0.0,1.0,-1
"F[0,0](BUN >= 0.000 & FiO2 >= 0.000)
",0.000,0.000,0.000,0.000,1.000,0,0,0,9,9,0,0,9,0.0,0.0,0.0,0.0,0.0,1.0,-1
"F[0,2]((Bilirubin_direct >= 0.000 | HCO3 <= 0.000) & Temp >= 0.000)
",-9999999.000,-9999999.000,0.000,0.000,1.000,0,0,0,9,9,0,0,9,0.0,0.0,0.0,0.0,0.0,1.0,-1
"F[0,2](O2Sat <= 41.255 | Magnesium <= 0.000)
",-9999999.000,-9999999.000,0.000,0.000,1.000,0,0,0,9,9,0,0,9,0.0,0.0,0.0,0.0,0.0,1.0,-1
"((BUN >= 0.000) U[0,2] (EtCO2 >= 0.000))
",-9999999.000,-9999999.000,0.000,0.000,1.000,0,0,0,9,9,0,0,9,0.0,0.0,0.0,0.0,0.0,1.0,-1
"F[1,2](((Lactate >= 0.000 | Creatinine <= 0.000) | DBP <= 0.000) -> Alkalinephos <= 0.000)
",-9999999.000,-9999999.000,0.000,0.000,1.000,0,0,0,9,9,0,0,9,0.0,0.0,0.0,0.0,0.0,1.0,-1
"F[0,1](((Glucose <= 0.000 | Potassium >= 0.000) & PTT >= 0.000) & MAP >= 0.000)
",-9999999.000,-9999999.000,0.000,0.000,1.000,0,0,0,9,9,0,0,9,0.0,0.0,0.0,0.0,0.0,1.0,-1
"((Resp <= 16.455) U[0,0] (TroponinI >= 0.000))
",1.732,12.342,0.000,0.000,1.000,0,0,0,9,9,0,0,9,0.0,0.0,0.0,0.0,0.0,1.0,-1
"F[1,2](WBC >= 0.000 & PaCO2 <= 0.000)
",-9999999.000,-9999999.000,0.000,0.000,1.000,0,0,0,9,9,0,0,9,0.0,0.0,0.0,0.0,0.0,1.0,-1
"((SBP >= 12.431) U[0,1] (Magnesium >= 0.000))
",-9999999.000,-9999999.000,0.000,0.000,1.000,0,0,0,9,9,0,0,9,0.0,0.0,0.0,0.0,0.0,1.0,-1
"((Hct <= 0.000) U[1,2] (SBP >= 31.275))
",-9999999.000,-9999999.000,0.000,0.000,1.000,0,0,0,9,9,0,0,9,0.0,0.0,0.0,0.0,0.0,1.0,-1
"F[1,2](Platelets <= 0.000 & O2Sat >= 7.323)
",-9999999.000,-9999999.000,0.000,0.000,1.000,0,0,0,9,9,0,0,9,0.0,0.0,0.0,0.0,0.0,1.0,-1
"F[0,2](Glucose >= 0.000 | Magnesium >= 0.000)
",-9999999.000,-9999999.000,0.000,0.000,1.000,0,0,0,9,9,0,0,9,0.0,0.0,0.0,0.0,0.0,1.0,-1
"((Platelets <= 0.000) U[1,2] (Potassium >= 0.000))
",-9999999.000,-9999999.000,0.000,0.000,1.000,0,0,0,9,9,0,0,9,0.0,0.0,0.0,0.0,0.0,1.0,-1
"F[0,2](PTT <= 0.000 & SBP >= 28.625)
",-9999999.000,-9999999.000,0.000,0.000,1.000,0,0,0,9,9,0,0,9,0.0,0.0,0.0,0.0,0.0,1.0,-1
"F[0,2](((Calcium <= 0.000 -> SaO2 >= 0.000) & Temp >= 0.000) -> Resp >= 0.000)
",-9999999.000,-9999999.000,0.000,0.000,1.000,0,0,0,9,9,0,0,9,0.0,0.0,0.0,0.0,0.0,1.0,-1
"F[0,2](PTT <= 0.000 -> Temp >= 4.668)
",-9999999.000,-9999999.000,0.000,0.000,1.000,0,0,0,9,9,0,0,9,0.0,0.0,0.0,0.0,0.0,1.0,-1
"F[0,2](WBC <= 0.000 & Resp <= 8.209)
",-9999999.000,-9999999.000,0.000,0.000,1.000,0,0,0,9,9,0,0,9,0.0,0.0,0.0,0.0,0.0,1.0,-1
"F[2,2](((HCO3 >= 0.000 & O2Sat <= 36.750) & Bilirubin_total >= 14.872) | Glucose >= 8.143)
",-8.143,-8.143,0.000,0.000,1.000,0,0,0,9,9,0,0,9,0.0,0.0,0.0,0.0,0.0,1.0,-1
"F[0,1](EtCO2 >= 0.000 -> Lactate <= 0.000)
",-9999999.000,-9999999.000,0.000,0.000,1.000,0,0,0,9,9,0,0,9,0.0,0.0,0.0,0.0,0.0,1.0,-1
"F[0,1]((Chloride <= 0.000 & WBC >= 0.000) & EtCO2 >= 0.000)
",-9999999.000,-9999999.000,0.000,0.000,1.000,0,0,0,9,9,0,0,9,0.0,0.0,0.0,0.0,0.0,1.0,-1
"((BUN <= 0.000) U[1,1] (HCO3 >= 0.000))
",0.000,0.000,0.000,0.000,1.000,0,0,0,9,9,0,0,9,0.0,0.0,0.0,0.0,0.0,1.0,-1
"F[0,2](((Bilirubin_total >= 0.000 -> FiO2 >= 0.000) -> MAP <= 0.000) & Magnesium >= 0.000)
",-9999999.000,-9999999.000,0.000,0.000,1.000,0,0,0,9,9,0,0,9,0.0,0.0,0.0,0.0,0.0,1.0,-1
"F[1,2](BaseExcess <= 0.000 & DBP <= 80.484)
",-9999999.000,-9999999.000,0.000,0.000,1.000,0,0,0,9,9,0,0,9,0.0,0.0,0.0,0.0,0.0,1.0,-1
"F[1,1]((Lactate >= 0.000 | Creatinine >= 0.000) | Hct <= 0.000)
",0.000,0.000,0.000,0.000,1.000,0,0,0,9,9,0,0,9,0.0,0.0,0.0,0.0,0.0,1.0,-1
"F[1,2](((Bilirubin_direct <= 0.000 | EtCO2 <= 0.000) -> Bilirubin_direct >= 0.000) -> BaseExcess >= 0.000)
",-9999999.000,-9999999.000,0.000,0.000,1.000,0,0,0,9,9,0,0,9,0.0,0.0,0.0,0.0,0.0,1.0,-1
"((FiO2 >= 0.000) U[0,2] (AST >= 0.000))
",-9999999.000,-9999999.000,0.000,0.000,1.000,0,0,0,9,9,0,0,9,0.0,0.0,0.0,0.0,0.0,1.0,-1
"F[0,0](((TroponinI >= 0.000 | FiO2 >= 0.000) | Phosphate >= 0.000) | Phosphate <= 0.000)
",0.000,0.000,0.000,0.000,1.000,0,0,0,9,9,0,0,9,0.0,0.0,0.0,0.0,0.0,1.0,-1
"F[1,2](((PTT <= 0.000 & Bilirubin_total >= 0.000) -> Resp <= 0.000) -> Phosphate <= 0.000)
",-9999999.000,-9999999.000,0.000,0.000,1.000,0,0,0,9,9,0,0,9,0.0,0.0,0.0,0.0,0.0,1.0,-1
"((EtCO2 <= 0.000) U[1,1] (Hgb >= 0.000))
",0.000,0.000,0.000,0.000,1.000,0,0,0,9,9,0,0,9,0.0,0.0,0.0,0.0,0.0,1.0,-1
"F[1,1](((Creatinine >= 0.000 & FiO2 >= 0.000) -> EtCO2 <= 0.000) & AST >= 0.000)
",0.000,0.000,0.000,0.000,1.000,0,0,0,9,9,0,0,9,0.0,0.0,0.0,0.0,0.0,1.0,-1
"F[1,2](((FiO2 >= 0.000 | Temp >= 2.978) -> Glucose >= 0.580) -> Alkalinephos >= 6.269)
",-9999999.000,-9999999.000,0.000,0.000,1.000,0,0,0,9,9,0,0,9,0.0,0.0,0.0,0.0,0.0,1.0,-1
"((Hct <= 0.000) U[0,1] (Glucose >= 0.000))
",-9999999.000,-9999999.000,0.000,0.000,1.000,0,0,0,9,9,0,0,9,0.0,0.0,0.0,0.0,0.0,1.0,-1
"((Bilirubin_direct <= 0.000) U[1,2] (O2Sat <= 47.930))
",-9999999.000,-9999999.000,0.000,0.000,1.000,0,0,0,9,9,0,0,9,0.0,0.0,0.0,0.0,0.0,1.0,-1
"F[0,0](((TroponinI <= 0.000 & MAP <= 0.000) | Creatinine <= 0.000) -> HCO3 <= 0.000)
",0.000,0.000,0.000,0.000,1.000,0,0,0,9,9,0,0,9,0.0,0.0,0.0,0.0,0.0,1.0,-1
"F[0,2]((Calcium <= 0.000 & Potassium <= 0.000) & Magnesium >= 0.000)
",-9999999.000,-9999999.000,0.000,0.000,1.000,0,0,0,9,9,0,0,9,0.0,0.0,0.0,0.0,0.0,1.0,-1
"F[1,1](Lactate >= 0.000 & Glucose <= 0.000)
",0.000,0.000,0.000,0.000,1.000,0,0,0,9,9,0,0,9,0.0,0.0,0.0,0.0,0.0,1.0,-1
"F[0,2](Hgb <= 0.000 | Hct <= 0.000)
",-9999999.000,-9999999.000,0.000,0.000,1.000,0,0,0,9,9,0,0,9,0.0,0.0,0.0,0.0,0.0,1.0,-1
"F[0,1]((Magnesium >= 0.000 & Phosphate >= 0.000) -> Lactate >= 0.000)
",-9999999.000,-9999999.000,0.000,0.000,1.000,0,0,0,9,9,0,0,9,0.0,0.0,0.0,0.0,0.0,1.0,-1
"F[2,2](((Chloride <= 0.000 | Potassium <= 0.000) & Potassium >= 0.000) & Potassium <= 0.000)
",0.000,0.000,0.000,0.000,1.000,0,0,0,9,9,0,0,9,0.0,0.0,0.0,0.0,0.0,1.0,-1
"F[2,2]((Bilirubin_total >= 0.000 | Phosphate <= 0.000) | PTT <= 0.000)
",0.000,0.000,0.000,0.000,1.000,0,0,0,9,9,0,0,9,0.0,0.0,0.0,0.0,0.0,1.0,-1
"F[0,0]((SepsisLabel >= 0.000 | Fibrinogen <= 0.000) & Potassium <= 0.000)
",0.000,0.000,0.000,0.000,1.000,0,0,0,9,9,0,0,9,0.0,0.0,0.0,0.0,0.0,1.0,-1
"F[2,2]((BUN >= 0.000 | pH >= 0.000) -> Phosphate >= 0.000)
",0.000,0.000,0.000,0.000,1.000,0,0,0,9,9,0,0,9,0.0,0.0,0.0,0.0,0.0,1.0,-1
"F[1,2](((Bilirubin_total >= 0.000 & AST >= 0.000) -> BUN >= 0.000) -> Chloride >= 0.000)
",-9999999.000,-9999999.000,0.000,0.000,1.000,0,0,0,9,9,0,0,9,0.0,0.0,0.0,0.0,0.0,1.0,-1
"((WBC >= 0.000) U[1,2] (BaseExcess >= 0.000))
",-9999999.000,-9999999.000,0.000,0.000,1.000,0,0,0,9,9,0,0,9,0.0,0.0,0.0,0.0,0.0,1.0,-1
"F[0,2](((SaO2 <= 0.000 & EtCO2 >= 0.000) & WBC >= 0.000) | TroponinI >= 0.000)
",-9999999.000,-9999999.000,0.000,0.000,1.000,0,0,0,9,9,0,0,9,0.0,0.0,0.0,0.0,0.0,1.0,-1
"F[0,2](((PTT >= 0.000 | SepsisLabel <= 0.000) | Hgb <= 0.000) & O2Sat <= 0.000)
",-9999999.000,-9999999.000,0.000,0.000,1.000,0,0,0,9,9,0,0,9,0.0,0.0,0.0,0.0,0.0,1.0,-1
"F[1,2](((MAP >= 0.000 -> SepsisLabel <= 0.000) -> Calcium <= 0.000) & TroponinI <= 0.000)
",-9999999.000,-9999999.000,0.000,0.000,1.000,0,0,0,9,9,0,0,9,0.0,0.0,0.0,0.0,0.0,1.0,-1
"((Potassium <= 0.000) U[0,2] (BUN >= 0.000))
",-9999999.000,-9999999.000,0.000,0.000,1.000,0,0,0,9,9,0,0,9,0.0,0.0,0.0,0.0,0.0,1.0,-1
"F[0,2](((Bilirubin_direct <= 0.000 & Calcium >= 0.000) & PaCO2 <= 0.000) & Fibrinogen >= 0.000)
",-9999999.000,-9999999.000,0.000,0.000,1.000,0,0,0,9,9,0,0,9,0.0,0.0,0.0,0.0,0.0,1.0,-1
"F[1,2]((O2Sat >= 17.627 -> Glucose <= 0.000) | Lactate >= 0.000)
",-9999999.000,-9999999.000,0.000,0.000,1.000,0,0,0,9,9,0,0,9,0.0,0.0,0.0,0.0,0.0,1.0,-1
"F[0,2]((Platelets <= 0.000 | MAP >= 0.000) & BUN >= 0.000)
",-9999999.000,-9999999.000,0.000,0.000,1.000,0,0,0,9,9,0,0,9,0.0,0.0,0.0,0.0,0.0,1.0,-1
"F[1,2](((HCO3 >= 0.000 | SepsisLabel <= 0.000) | WBC >= 0.000) | Phosphate >= 0.000)
",-9999999.000,-9999999.000,0.000,0.000,1.000,0,0,0,9,9,0,0,9,0.0,0.0,0.0,0.0,0.0,1.0,-1
"((Chloride >= 0.000) U[1,1] (PTT <= 0.000))
",0.000,0.000,0.000,0.000,1.000,0,0,0,9,9,0,0,9,0.0,0.0,0.0,0.0,0.0,1.0,-1
"F[0,1]((Platelets >= 0.000 | Potassium >= 0.000) & TroponinI >= 0.000)
",-9999999.000,-9999999.000,0.000,0.000,1.000,0,0,0,9,9,0,0,9,0.0,0.0,0.0,0.0,0.0,1.0,-1
"((FiO2 <= 0.000) U[0,2] (DBP >= 13.269))
",-9999999.000,-9999999.000,0.000,0.000,1.000,0,0,0,9,9,0,0,9,0.0,0.0,0.0,0.0,0.0,1.0,-1
"((SepsisLabel <= 0.000) U[1,2] (BaseExcess >= 0.000))
",-9999999.000,-9999999.000,0.000,0.000,1.000,0,0,0,9,9,0,0,9,0.0,0.0,0.0,0.0,0.0,1.0,-1
"F[0,1]((Calcium <= 0.000 & Potassium <= 0.000) & Magnesium >= 0.000)
",-9999999.000,-9999999.000,0.000,0.000,1.000,0,0,0,9,9,0,0,9,0.0,0.0,0.0,0.0,0.0,1.0,-1
"F[0,0]((TroponinI >= 0.000 -> Bilirubin_total >= 0.000) & PTT >= 0.000)
",0.000,0.000,0.000,0.000,1.000,0,0,0,9,9,0,0,9,0.0,0.0,0.0,0.0,0.0,1.0,-1
"F[2,2](((Bilirubin_direct >= 0.000 & MAP >= 0.000) & WBC >= 0.000) | MAP <= 0.000)
",0.000,0.000,0.000,0.000,1.000,0,0,0,9,9,0,0,9,0.0,0.0,0.0,0.0,0.0,1.0,-1
"((Creatinine <= 0.000) U[0,0] (AST >= 0.000))
",0.000,0.000,0.000,0.000,1.000,0,0,0,9,9,0,0,9,0.0,0.0,0.0,0.0,0.0,1.0,-1
"((Bilirubin_total <= 0.000) U[1,2] (WBC <= 0.000))
",-9999999.000,-9999999.000,0.000,0.000,1.000,0,0,0,9,9,0,0,9,0.0,0.0,0.0,0.0,0.0,1.0,-1
"((HR >= 0.802) U[0,1] (MAP >= 0.000))
",-9999999.000,-9999999.000,0.000,0.000,1.000,0,0,0,9,9,0,0,9,0.0,0.0,0.0,0.0,0.0,1.0,-1
"((MAP >= 0.000) U[0,2] (BUN >= 0.000))
",-9999999.000,-9999999.000,0.000,0.000,1.000,0,0,0,9,9,0,0,9,0.0,0.0,0.0,0.0,0.0,1.0,-1
"F[1,1]((Calcium >= 0.000 -> Fibrinogen >= 0.000) -> BUN >= 0.000)
",0.000,0.000,0.000,0.000,1.000,0,0,0,9,9,0,0,9,0.0,0.0,0.0,0.0,0.0,1.0,-1
"F[0,2](((Hct <= 0.000 -> BaseExcess <= 0.000) & Temp <= 0.000) | Chloride >= 0.000)
",-9999999.000,-9999999.000,0.000,0.000,1.000,0,0,0,9,9,0,0,9,0.0,0.0,0.0,0.0,0.0,1.0,-1
"F[1,1]((HR >= 7.118 -> Hgb >= 0.000) & SaO2 >= 0.000)
",0.000,0.000,0.000,0.000,1.000,0,0,0,9,9,0,0,9,0.0,0.0,0.0,0.0,0.0,1.0,-1
"F[0,1]((PTT <= 0.000 | Phosphate <= 0.000) & Chloride >= 0.000)
",-9999999.000,-9999999.000,0.000,0.000,1.000,0,0,0,9,9,0,0,9,0.0,0.0,0.0,0.0,0.0,1.0,-1
"F[1,2](((WBC >= 0.000 -> Creatinine <= 0.000) | Bilirubin_direct <= 0.000) -> BaseExcess >= 0.000)
",-9999999.000,-9999999.000,0.000,0.000,1.000,0,0,0,9,9,0,0,9,0.0,0.0,0.0,0.0,0.0,1.0,-1
"F[2,2](((FiO2 >= 0.000 -> Phosphate >= 0.000) -> Fibrinogen >= 0.000) -> DBP <= 0.000)
",0.000,0.000,0.000,0.000,1.000,0,0,0,9,9,0,0,9,0.0,0.0,0.0,0.0,0.0,1.0,-1
"F[0,2](TroponinI <= 0.000 & pH <= 0.000)
",-9999999.000,-9999999.000,0.000,0.000,1.000,0,0,0,9,9,0,0,9,0.0,0.0,0.0,0.0,0.0,1.0,-1
"F[1,2](((PaCO2 <= 0.000 -> Temp >= 5.999) -> BUN <= 22.037) | BaseExcess >= 6.301)
",-9999999.000,-9999999.000,0.000,0.000,1.000,0,0,0,9,9,0,0,9,0.0,0.0,0.0,0.0,0.0,1.0,-1
"((Hct <= 0.000) U[1,1] (Magnesium >= 0.000))
",0.000,0.000,0.000,0.000,1.000,0,0,0,9,9,0,0,9,0.0,0.0,0.0,0.0,0.0,1.0,-1
"((HCO3 <= 0.000) U[1,2] (AST <= 0.000))
",-9999999.000,-9999999.000,0.000,0.000,1.000,0,0,0,9,9,0,0,9,0.0,0.0,0.0,0.0,0.0,1.0,-1
"F[0,2]((Resp >= 0.263 & Chloride <= 0.000) -> BaseExcess <= 0.000)
",-9999999.000,-9999999.000,0.000,0.000,1.000,0,0,0,9,9,0,0,9,0.0,0.0,0.0,0.0,0.0,1.0,-1
"F[2,2](((DBP >= 12.619 -> Potassium >= 0.000) | TroponinI <= 0.000) & Temp <= 0.000)
",0.000,0.000,0.000,0.000,1.000,0,0,0,9,9,0,0,9,0.0,0.0,0.0,0.0,0.0,1.0,-1
"((PTT >= 0.000) U[1,2] (SBP <= 51.028))
",-9999999.000,-9999999.000,0.000,0.000,1.000,0,0,0,9,9,0,0,9,0.0,0.0,0.0,0.0,0.0,1.0,-1
"F[1,2]((Fibrinogen >= 0.000 & AST >= 0.000) & AST <= 0.000)
",-9999999.000,-9999999.000,0.000,0.000,1.000,0,0,0,9,9,0,0,9,0.0,0.0,0.0,0.0,0.0,1.0,-1
"F[0,2](((DBP >= 8.330 & AST >= 0.000) | Alkalinephos <= 0.000) -> AST >= 0.000)
",-9999999.000,-9999999.000,0.000,0.000,1.000,0,0,0,9,9,0,0,9,0.0,0.0,0.0,0.0,0.0,1.0,-1
"F[0,2]((PaCO2 >= 0.000 -> O2Sat >= 9.308) | AST <= 72.714)
",-9999999.000,-9999999.000,0.000,0.000,1.000,0,0,0,9,9,0,0,9,0.0,0.0,0.0,0.0,0.0,1.0,-1
"F[1,2]((MAP <= 0.000 & Calcium <= 0.000) & Fibrinogen <= 0.000)
",-9999999.000,-9999999.000,0.000,0.000,1.000,0,0,0,9,9,0,0,9,0.0,0.0,0.0,0.0,0.0,1.0,-1
"F[0,2](((Magnesium >= 0.000 & Magnesium <= 0.000) | PaCO2 <= 0.000) -> MAP >= 0.000)
",-9999999.000,-9999999.000,0.000,0.000,1.000,0,0,0,9,9,0,0,9,0.0,0.0,0.0,0.0,0.0,1.0,-1
"F[1,2](MAP <= 0.000 -> PTT <= 0.000)
",-9999999.000,-9999999.000,0.000,0.000,1.000,0,0,0,9,9,0,0,9,0.0,0.0,0.0,0.0,0.0,1.0,-1
"((Creatinine >= 0.000) U[1,2] (PaCO2 >= 0.000))
",-9999999.000,-9999999.000,0.000,0.000,1.000,0,0,0,9,9,0,0,9,0.0,0.0,0.0,0.0,0.0,1.0,-1
"((SBP >= 2.718) U[0,1] (SaO2 <= 0.000))
",-9999999.000,-9999999.000,0.000,0.000,1.000,0,0,0,9,9,0,0,9,0.0,0.0,0.0,0.0,0.0,1.0,-1
"F[1,2](((Calcium <= 0.000 & Resp >= 1.178) & Potassium <= 14.536) & HR <= 6.161)
",-9999999.000,-9999999.000,0.000,0.000,1.000,0,0,0,9,9,0,0,9,0.0,0.0,0.0,0.0,0.0,1.0,-1
"F[1,2]((EtCO2 <= 0.000 & Alkalinephos >= 0.000) & Chloride >= 0.000)
",-9999999.000,-9999999.000,0.000,0.000,1.000,0,0,0,9,9,0,0,9,0.0,0.0,0.0,0.0,0.0,1.0,-1
"((SepsisLabel >= 0.000) U[2,2] (HR >= 7.873))
",0.000,0.000,0.000,0.000,1.000,0,0,0,9,9,0,0,9,0.0,0.0,0.0,0.0,0.0,1.0,-1
"F[1,2](((pH >= 0.000 | O2Sat <= 39.457) -> AST >= 17.997) & DBP <= 80.324)
",-9999999.000,-9999999.000,0.000,0.000,1.000,0,0,0,9,9,0,0,9,0.0,0.0,0.0,0.0,0.0,1.0,-1
"F[0,2](((Bilirubin_direct >= 0.000 | SaO2 <= 0.000) -> pH <= 0.000) | Phosphate >= 0.000)
",-9999999.000,-9999999.000,0.000,0.000,1.000,0,0,0,9,9,0,0,9,0.0,0.0,0.0,0.0,0.0,1.0,-1
"F[0,0](Lactate <= 0.000 | BUN >= 0.000)
",0.000,0.000,0.000,0.000,1.000,0,0,0,9,9,0,0,9,0.0,0.0,0.0,0.0,0.0,1.0,-1
"F[0,1](((WBC <= 0.000 -> PaCO2 >= 0.000) -> O2Sat <= 0.000) & Lactate >= 0.000)
",-9999999.000,-9999999.000,0.000,0.000,1.000,0,0,0,9,9,0,0,9,0.0,0.0,0.0,0.0,0.0,1.0,-1
"F[2,2](((Hct <= 0.000 | EtCO2 <= 0.000) -> Magnesium >= 0.000) -> Hct >= 0.000)
",0.000,0.000,0.000,0.000,1.000,0,0,0,9,9,0,0,9,0.0,0.0,0.0,0.0,0.0,1.0,-1
"F[0,2]((SaO2 >= 0.000 -> Glucose <= 0.000) & Magnesium >= 0.000)
",-9999999.000,-9999999.000,0.000,0.000,1.000,0,0,0,9,9,0,0,9,0.0,0.0,0.0,0.0,0.0,1.0,-1
"F[0,0](((EtCO2 >= 0.000 | Bilirubin_total <= 0.000) & AST >= 0.000) | Alkalinephos <= 0.000)
",0.000,0.000,0.000,0.000,1.000,0,0,0,9,9,0,0,9,0.0,0.0,0.0,0.0,0.0,1.0,-1
"F[0,0](((Magnesium >= 0.000 & Calcium <= 0.000) -> Temp <= 0.000) | Bilirubin_total <= 0.000)
",0.000,0.000,0.000,0.000,1.000,0,0,0,9,9,0,0,9,0.0,0.0,0.0,0.0,0.0,1.0,-1
"F[1,2]((BaseExcess <= 0.000 | SBP <= 43.042) -> SepsisLabel <= 109.890)
",-9999999.000,-9999999.000,0.000,0.000,1.000,0,0,0,9,9,0,0,9,0.0,0.0,0.0,0.0,0.0,1.0,-1
"F[1,1](HCO3 <= 0.000 -> SaO2 <= 0.000)
",0.000,0.000,0.000,0.000,1.000,0,0,0,9,9,0,0,9,0.0,0.0,0.0,0.0,0.0,1.0,-1
"((MAP >= 0.000) U[1,2] (SBP <= 41.900))
",-9999999.000,-9999999.000,0.000,0.000,1.000,0,0,0,9,9,0,0,9,0.0,0.0,0.0,0.0,0.0,1.0,-1
"F[0,2]((Phosphate >= 0.000 & Magnesium > 0.000) -> Calcium < 0.000)
",-9999999.000,-9999999.000,0.000,0.000,1.000,0,0,0,9,9,0,0,9,0.0,0.0,0.0,0.0,0.0,1.0,-1
"F[0,1](Hgb <= 0.000 | Hct <= 0.000)
",-9999999.000,-9999999.000,0.000,0.000,1.000,0,0,0,9,9,0,0,9,0.0,0.0,0.0,0.0,0.0,1.0,-1
"F[0,1]((Calcium <= 0.000 & Potassium <= 0.000) & Magnesium >= 0.000)
",-9999999.000,-9999999.000,0.000,0.000,1.000,0,0,0,9,9,0,0,9,0.0,0.0,0.0,0.0,0.0,1.0,-1
"F[1,2](((Calcium < 0.000 & Potassium < 0.000) & Magnesium < 0.000) & Phosphate < 0.000)
",-9999999.000,-9999999.000,0.000,0.000,1.000,0,0,0,9,9,0,0,9,0.0,0.0,0.0,0.0,0.0,1.0,-1
"F[0,0]((Phosphate >= 0.000 & Magnesium > 0.000) -> Calcium < 0.000)
",0.000,0.000,0.000,0.000,1.000,0,0,0,9,9,0,0,9,0.0,0.0,0.0,0.0,0.0,1.0,-1
"((MAP >= 0.000) U[2,2] (SBP <= 135.267))
",135.267,135.267,0.000,0.000,1.000,0,0,0,9,9,0,0,9,0.0,0.0,0.0,0.0,0.0,1.0,-1
"F[0,2](Hgb <= 0.000 | Hct <= 0.000)
",-9999999.000,-9999999.000,0.000,0.000,1.000,0,0,0,9,9,0,0,9,0.0,0.0,0.0,0.0,0.0,1.0,-1
"F[2,2](((Calcium < 0.000 & Potassium < 0.000) & Magnesium < 0.000) & Phosphate < 0.000)
",0.000,0.000,0.000,0.000,1.000,0,0,0,9,9,0,0,9,0.0,0.0,0.0,0.0,0.0,1.0,-1
"F[0,0](Hgb <= 0.000 | Hct <= 0.000)
",0.000,0.000,0.000,0.000,1.000,0,0,0,9,9,0,0,9,0.0,0.0,0.0,0.0,0.0,1.0,-1
"((MAP >= 0.000) U[0,2] (SBP <= 92.609))
",-9999999.000,-9999999.000,0.000,0.000,1.000,0,0,0,9,9,0,0,9,0.0,0.0,0.0,0.0,0.0,1.0,-1
"F[0,0]((Phosphate >= 0.000 & Magnesium > 0.000) -> Calcium < 0.000)
",0.000,0.000,0.000,0.000,1.000,0,0,0,9,9,0,0,9,0.0,0.0,0.0,0.0,0.0,1.0,-1
"F[0,0]((Phosphate >= 0.000 & Magnesium > 0.000) -> Calcium < 0.000)
",0.000,0.000,0.000,0.000,1.000,0,0,0,9,9,0,0,9,0.0,0.0,0.0,0.0,0.0,1.0,-1
"F[0,2](Hgb <= 0.000 | Hct <= 0.000)
",-9999999.000,-9999999.000,0.000,0.000,1.000,0,0,0,9,9,0,0,9,0.0,0.0,0.0,0.0,0.0,1.0,-1
"F[0,1]((Calcium <= 0.000 & Potassium <= 0.000) & Magnesium >= 0.000)
",-9999999.000,-9999999.000,0.000,0.000,1.000,0,0,0,9,9,0,0,9,0.0,0.0,0.0,0.0,0.0,1.0,-1
"F[2,2]((Calcium <= 0.000 & Potassium <= 0.000) & Magnesium >= 0.000)
",0.000,0.000,0.000,0.000,1.000,0,0,0,9,9,0,0,9,0.0,0.0,0.0,0.0,0.0,1.0,-1
"F[1,2](((Calcium < 0.000 & Potassium < 0.000) & Magnesium < 0.000) & Phosphate < 0.000)
",-9999999.000,-9999999.000,0.000,0.000,1.000,0,0,0,9,9,0,0,9,0.0,0.0,0.0,0.0,0.0,1.0,-1
"F[1,2]((Phosphate >= 0.000 & Magnesium > 0.000) -> Calcium < 0.000)
",-9999999.000,-9999999.000,0.000,0.000,1.000,0,0,0,9,9,0,0,9,0.0,0.0,0.0,0.0,0.0,1.0,-1
"((MAP >= 0.000) U[0,2] (SBP <= 89.788))
",-9999999.000,-9999999.000,0.000,0.000,1.000,0,0,0,9,9,0,0,9,0.0,0.0,0.0,0.0,0.0,1.0,-1
"F[1,2](Hgb <= 0.000 | Hct <= 0.000)
",-9999999.000,-9999999.000,0.000,0.000,1.000,0,0,0,9,9,0,0,9,0.0,0.0,0.0,0.0,0.0,1.0,-1
"F[1,1]((Calcium <= 0.000 & Potassium <= 0.000) & Magnesium >= 0.000)
",0.000,0.000,0.000,0.000,1.000,0,0,0,9,9,0,0,9,0.0,0.0,0.0,0.0,0.0,1.0,-1
"F[1,2]((Phosphate >= 0.000 & Magnesium > 0.000) -> Calcium < 0.000)
",-9999999.000,-9999999.000,0.000,0.000,1.000,0,0,0,9,9,0,0,9,0.0,0.0,0.0,0.0,0.0,1.0,-1
"((MAP >= 0.000) U[0,2] (SBP <= 85.724))
",-9999999.000,-9999999.000,0.000,0.000,1.000,0,0,0,9,9,0,0,9,0.0,0.0,0.0,0.0,0.0,1.0,-1
"F[0,1](Hgb <= 0.000 | Hct <= 0.000)
",-9999999.000,-9999999.000,0.000,0.000,1.000,0,0,0,9,9,0,0,9,0.0,0.0,0.0,0.0,0.0,1.0,-1
"F[1,2]((Calcium <= 0.000 & Potassium <= 0.000) & Magnesium >= 0.000)
",-9999999.000,-9999999.000,0.000,0.000,1.000,0,0,0,9,9,0,0,9,0.0,0.0,0.0,0.0,0.0,1.0,-1
"F[1,2](((Calcium < 0.000 & Potassium < 0.000) & Magnesium < 0.000) & Phosphate < 0.000)
",-9999999.000,-9999999.000,0.000,0.000,1.000,0,0,0,9,9,0,0,9,0.0,0.0,0.0,0.0,0.0,1.0,-1
"F[1,1]((Phosphate >= 0.000 & Magnesium > 0.000) -> Calcium < 0.000)
",0.000,0.000,0.000,0.000,1.000,0,0,0,9,9,0,0,9,0.0,0.0,0.0,0.0,0.0,1.0,-1
"F[0,1]((Calcium <= 0.000 & Potassium <= 0.000) & Magnesium >= 0.000)
",-9999999.000,-9999999.000,0.000,0.000,1.000,0,0,0,9,9,0,0,9,0.0,0.0,0.0,0.0,0.0,1.0,-1
"F[0,2](Hgb <= 0.000 | Hct <= 0.000)
",-9999999.000,-9999999.000,0.000,0.000,1.000,0,0,0,9,9,0,0,9,0.0,0.0,0.0,0.0,0.0,1.0,-1
"F[0,2](((Calcium <= 0.000 -> Chloride <= 0.000) -> Bilirubin_direct <= 0.000) -> Hgb <= 0.000)
",-9999999.000,-9999999.000,0.000,0.000,1.000,0,0,0,9,9,0,0,9,0.0,0.0,0.0,0.0,0.0,1.0,-1
"F[1,2](((Magnesium >= 0.000 -> Hgb <= 0.000) -> MAP >= 0.000) -> Resp <= 0.000)
",-9999999.000,-9999999.000,0.000,0.000,1.000,0,0,0,9,9,0,0,9,0.0,0.0,0.0,0.0,0.0,1.0,-1
"F[2,2]((Resp >= 1.266 | Resp >= 2.655) & pH >= 1.820)
",-1.820,-1.820,0.000,0.000,1.000,0,0,0,9,9,0,0,9,0.0,0.0,0.0,0.0,0.0,1.0,-1
"F[1,1](PTT <= 0.000 & Creatinine >= 0.000)
",0.000,0.000,0.000,0.000,1.000,0,0,0,9,9,0,0,9,0.0,0.0,0.0,0.0,0.0,1.0,-1
"F[1,2](((Potassium >= 0.000 -> Potassium >= 0.000) | HR >= 0.000) & SaO2 >= 0.000)
",-9999999.000,-9999999.000,0.000,0.000,1.000,0,0,0,9,9,0,0,9,0.0,0.0,0.0,0.0,0.0,1.0,-1
"F[0,2](((Chloride <= 0.000 -> BUN <= 0.000) | HR >= 0.000) | Creatinine <= 0.000)
",-9999999.000,-9999999.000,0.000,0.000,1.000,0,0,0,9,9,0,0,9,0.0,0.0,0.0,0.0,0.0,1.0,-1
"((Phosphate <= 0.000) U[1,2] (HCO3 <= 0.000))
",-9999999.000,-9999999.000,0.000,0.000,1.000,0,0,0,9,9,0,0,9,0.0,0.0,0.0,0.0,0.0,1.0,-1
"F[1,2]((SaO2 >= 0.000 -> Fibrinogen >= 0.000) | Alkalinephos >= 0.000)
",-9999999.000,-9999999.000,0.000,0.000,1.000,0,0,0,9,9,0,0,9,0.0,0.0,0.0,0.0,0.0,1.0,-1
"F[0,1]((PTT <= 0.000 & Chloride >= 0.000) | EtCO2 <= 0.000)
",-9999999.000,-9999999.000,0.000,0.000,1.000,0,0,0,9,9,0,0,9,0.0,0.0,0.0,0.0,0.0,1.0,-1
"F[0,1](EtCO2 >= 0.000 -> Potassium >= 0.000)
",-9999999.000,-9999999.000,0.000,0.000,1.000,0,0,0,9,9,0,0,9,0.0,0.0,0.0,0.0,0.0,1.0,-1
"F[1,1]((SaO2 >= 0.000 -> Platelets <= 0.000) & SBP >= 0.000)
",0.000,0.000,0.000,0.000,1.000,0,0,0,9,9,0,0,9,0.0,0.0,0.0,0.0,0.0,1.0,-1
"F[1,2](((Phosphate <= 0.000 & PaCO2 >= 0.000) & Resp >= 0.000) | Bilirubin_direct <= 0.000)
",-9999999.000,-9999999.000,0.000,0.000,1.000,0,0,0,9,9,0,0,9,0.0,0.0,0.0,0.0,0.0,1.0,-1
"F[1,2]((Resp >= 1.348 -> DBP <= 33.369) -> Lactate >= 12.709)
",-9999999.000,-9999999.000,0.000,0.000,1.000,0,0,0,9,9,0,0,9,0.0,0.0,0.0,0.0,0.0,1.0,-1
"((FiO2 <= 0.000) U[0,1] (SepsisLabel >= 0.000))
",-9999999.000,-9999999.000,0.000,0.000,1.000,0,0,0,9,9,0,0,9,0.0,0.0,0.0,0.0,0.0,1.0,-1
"F[1,2](((Potassium >= 0.000 | MAP <= 0.000) & Fibrinogen <= 0.000) | SaO2 >= 0.000)
",-9999999.000,-9999999.000,0.000,0.000,1.000,0,0,0,9,9,0,0,9,0.0,0.0,0.0,0.0,0.0,1.0,-1
"((MAP >= 0.000) U[1,2] (SBP <= 107.435))
",-9999999.000,-9999999.000,0.000,0.000,1.000,0,0,0,9,9,0,0,9,0.0,0.0,0.0,0.0,0.0,1.0,-1
"F[1,2](Bilirubin_direct <= 0.000 & BUN >= 0.000)
",-9999999.000,-9999999.000,0.000,0.000,1.000,0,0,0,9,9,0,0,9,0.0,0.0,0.0,0.0,0.0,1.0,-1
"F[0,2](((Bilirubin_total <= 0.000 -> PaCO2 <= 0.000) | SepsisLabel >= 0.000) -> Chloride >= 0.000)
",-9999999.000,-9999999.000,0.000,0.000,1.000,0,0,0,9,9,0,0,9,0.0,0.0,0.0,0.0,0.0,1.0,-1
"F[1,2](((SaO2 <= 0.000 -> TroponinI <= 0.000) | PTT >= 0.000) | BUN >= 0.000)
",-9999999.000,-9999999.000,0.000,0.000,1.000,0,0,0,9,9,0,0,9,0.0,0.0,0.0,0.0,0.0,1.0,-1
"((Hct <= 0.000) U[1,2] (Glucose <= 0.000))
",-9999999.000,-9999999.000,0.000,0.000,1.000,0,0,0,9,9,0,0,9,0.0,0.0,0.0,0.0,0.0,1.0,-1
"((Chloride >= 0.000) U[1,2] (WBC >= 0.000))
",-9999999.000,-9999999.000,0.000,0.000,1.000,0,0,0,9,9,0,0,9,0.0,0.0,0.0,0.0,0.0,1.0,-1
"F[0,1](((AST >= 0.000 & pH <= 0.000) -> Alkalinephos <= 0.000) & PaCO2 >= 0.000)
",-9999999.000,-9999999.000,0.000,0.000,1.000,0,0,0,9,9,0,0,9,0.0,0.0,0.0,0.0,0.0,1.0,-1
"F[1,2]((EtCO2 >= 0.000 & PTT <= 0.000) -> pH >= 0.000)
",-9999999.000,-9999999.000,0.000,0.000,1.000,0,0,0,9,9,0,0,9,0.0,0.0,0.0,0.0,0.0,1.0,-1
"F[0,0]((Phosphate >= 0.000 & Magnesium > 0.000) -> Calcium < 0.000)
",0.000,0.000,0.000,0.000,1.000,0,0,0,9,9,0,0,9,0.0,0.0,0.0,0.0,0.0,1.0,-1
"F[1,1](Hgb <= 0.000 | Hct <= 0.000)
",0.000,0.000,0.000,0.000,1.000,0,0,0,9,9,0,0,9,0.0,0.0,0.0,0.0,0.0,1.0,-1
"F[0,1]((Calcium <= 0.000 & Potassium <= 0.000) & Magnesium >= 0.000)
",-9999999.000,-9999999.000,0.000,0.000,1.000,0,0,0,9,9,0,0,9,0.0,0.0,0.0,0.0,0.0,1.0,-1
"F[1,2](((Calcium < 0.000 & Potassium < 0.000) & Magnesium < 0.000) & Phosphate < 0.000)
",-9999999.000,-9999999.000,0.000,0.000,1.000,0,0,0,9,9,0,0,9,0.0,0.0,0.0,0.0,0.0,1.0,-1
"F[1,2]((Phosphate >= 0.000 & Magnesium > 0.000) -> Calcium < 0.000)
",-9999999.000,-9999999.000,0.000,0.000,1.000,0,0,0,9,9,0,0,9,0.0,0.0,0.0,0.0,0.0,1.0,-1
"((MAP >= 0.000) U[1,1] (Bilirubin_direct <= 0.000))
",0.000,0.000,0.000,0.000,1.000,0,0,0,9,9,0,0,9,0.0,0.0,0.0,0.0,0.0,1.0,-1
"F[2,2](SepsisLabel >= 0.000 & Alkalinephos >= 0.000)
",0.000,0.000,0.000,0.000,1.000,0,0,0,9,9,0,0,9,0.0,0.0,0.0,0.0,0.0,1.0,-1
"G[1,2](((SBP <= 50.581 -> Fibrinogen <= 0.000) | pH >= 0.000) | PaCO2 >= 0.000)
",9999999.000,9999999.000,0.000,1.000,0.000,0,0,9,0,0,9,9,0,0.0,0.0,1.0,0.0,0.0,1.0,1
"G[1,2](((Hgb <= 0.000 -> Chloride >= 0.000) & Calcium <= 0.000) -> DBP <= 0.000)
",9999999.000,9999999.000,0.000,1.000,0.000,0,0,7,2,2,7,7,2,0.0,0.0,1.0,0.0,0.0,1.0,1
"G[2,2]((O2Sat >= 21.600 | HR <= 40.417) -> O2Sat <= 43.863)
",-43.863,-43.863,0.000,1.000,0.000,0,0,9,0,0,9,9,0,0.0,0.0,1.0,0.0,0.0,1.0,1
"G[0,2](((Lactate >= 0.000 & BaseExcess <= 0.000) | SBP <= 0.000) -> Resp <= 0.000)
",9999999.000,9999999.000,0.000,1.000,0.000,0,0,5,4,4,5,5,4,0.0,0.0,1.0,0.0,0.0,1.0,1
"G[1,2](DBP <= 20.339 -> Lactate >= 0.000)
",9999999.000,9999999.000,0.000,1.000,0.000,0,0,9,0,0,9,9,0,0.0,0.0,1.0,0.0,0.0,1.0,1
"G[1,2]((Creatinine <= 0.000 & AST >= 0.000) & PTT >= 0.000)
",9999999.000,9999999.000,0.000,1.000,0.000,0,0,9,0,0,9,9,0,0.0,0.0,1.0,0.0,0.0,1.0,1
"G[0,2](((pH >= 0.000 -> Bilirubin_total >= 0.000) -> Glucose <= 0.000) -> HR <= 0.000)
",9999999.000,9999999.000,0.000,1.000,0.000,0,0,7,2,2,7,7,2,0.0,0.0,1.0,0.0,0.0,1.0,1
"G[0,2](((EtCO2 <= 0.000 & AST <= 0.000) -> Platelets <= 0.000) & Bilirubin_direct >= 0.000)
",9999999.000,9999999.000,0.000,1.000,0.000,0,0,9,0,0,9,9,0,0.0,0.0,1.0,0.0,0.0,1.0,1
"G[1,2](((TroponinI >= 0.000 -> Glucose <= 0.000) | Fibrinogen >= 0.000) -> AST <= 0.000)
",9999999.000,9999999.000,0.000,1.000,0.000,0,0,9,0,0,9,9,0,0.0,0.0,1.0,0.0,0.0,1.0,1
"G[1,2]((Hct <= 0.000 -> HR >= 1.817) -> Chloride <= 39.524)
",9999999.000,9999999.000,0.000,1.000,0.000,0,0,9,0,0,9,9,0,0.0,0.0,1.0,0.0,0.0,1.0,1
"G[0,2](((Hct >= 0.000 | Glucose <= 0.000) -> SBP <= 0.000) -> Chloride <= 0.000)
",9999999.000,9999999.000,0.000,1.000,0.000,0,0,9,0,0,9,9,0,0.0,0.0,1.0,0.0,0.0,1.0,1
"G[0,2]((Bilirubin_total <= 0.000 -> Magnesium <= 0.000) | FiO2 <= 0.000)
",9999999.000,9999999.000,0.000,1.000,0.000,0,0,9,0,0,9,9,0,0.0,0.0,1.0,0.0,0.0,1.0,1
"G[1,2](Glucose > 0.000 & SepsisLabel = 0.000)
",9999999.000,9999999.000,0.000,1.000,0.000,0,0,1,8,8,1,1,8,0.0,0.0,1.0,0.0,0.0,1.0,1
"G[2,2](((Hgb <= 0.000 | Hct <= 0.000) -> WBC >= 0.000) & Platelets >= 0.000)
",0.000,0.000,0.000,1.000,0.000,0,0,9,0,0,9,9,0,0.0,0.0,1.0,0.0,0.0,1.0,1
"G[1,2](Platelets <= 0.000 -> WBC >= 0.000)
",9999999.000,9999999.000,0.000,1.000,0.000,0,0,9,0,0,9,9,0,0.0,0.0,1.0,0.0,0.0,1.0,1
"G[0,2](Chloride >= 0.000 & HCO3 >= 0.000)
",9999999.000,9999999.000,0.000,1.000,0.000,0,0,9,0,0,9,9,0,0.0,0.0,1.0,0.0,0.0,1.0,1
"G[0,2](BUN <= 0.000 & Creatinine >= 0.000)
",9999999.000,9999999.000,0.000,1.000,0.000,0,0,9,0,0,9,9,0,0.0,0.0,1.0,0.0,0.0,1.0,1
"G[1,2](((Hgb <= 0.000 | Hct <= 0.000) -> WBC >= 0.000) & Platelets >= 0.000)
",9999999.000,9999999.000,0.000,1.000,0.000,0,0,9,0,0,9,9,0,0.0,0.0,1.0,0.0,0.0,1.0,1
"G[0,2](Chloride >= 0.000 & HCO3 >= 0.000)
",9999999.000,9999999.000,0.000,1.000,0.000,0,0,9,0,0,9,9,0,0.0,0.0,1.0,0.0,0.0,1.0,1
"G[0,2](((Hgb <= 0.000 | Hct <= 0.000) -> WBC >= 0.000) & Platelets >= 0.000)
",9999999.000,9999999.000,0.000,1.000,0.000,0,0,9,0,0,9,9,0,0.0,0.0,1.0,0.0,0.0,1.0,1
"G[2,2](Chloride >= 0.000 & HCO3 >= 0.000)
",0.000,0.000,0.000,1.000,0.000,0,0,9,0,0,9,9,0,0.0,0.0,1.0,0.0,0.0,1.0,1
"G[1,2](((Hgb <= 0.000 | Hct <= 0.000) -> WBC >= 0.000) & Platelets >= 0.000)
",9999999.000,9999999.000,0.000,1.000,0.000,0,0,9,0,0,9,9,0,0.0,0.0,1.0,0.0,0.0,1.0,1
"G[0,2](Platelets <= 0.000 -> WBC >= 0.000)
",9999999.000,9999999.000,0.000,1.000,0.000,0,0,9,0,0,9,9,0,0.0,0.0,1.0,0.0,0.0,1.0,1
"G[0,2](Chloride >= 0.000 & HCO3 >= 0.000)
",9999999.000,9999999.000,0.000,1.000,0.000,0,0,9,0,0,9,9,0,0.0,0.0,1.0,0.0,0.0,1.0,1
"G[1,2](Platelets <= 0.000 -> WBC >= 0.000)
",9999999.000,9999999.000,0.000,1.000,0.000,0,0,9,0,0,9,9,0,0.0,0.0,1.0,0.0,0.0,1.0,1
"G[1,2](Chloride >= 0.000 & HCO3 >= 0.000)
",9999999.000,9999999.000,0.000,1.000,0.000,0,0,9,0,0,9,9,0,0.0,0.0,1.0,0.0,0.0,1.0,1
"G[0,2](BUN <= 0.000 & Creatinine >= 0.000)
",9999999.000,9999999.000,0.000,1.000,0.000,0,0,9,0,0,9,9,0,0.0,0.0,1.0,0.0,0.0,1.0,1
"G[1,2](((Hgb <= 0.000 | Hct <= 0.000) -> WBC >= 0.000) & Platelets >= 0.000)
",9999999.000,9999999.000,0.000,1.000,0.000,0,0,9,0,0,9,9,0,0.0,0.0,1.0,0.0,0.0,1.0,1
"G[0,2](Platelets <= 0.000 -> WBC >= 0.000)
",9999999.000,9999999.000,0.000,1.000,0.000,0,0,9,0,0,9,9,0,0.0,0.0,1.0,0.0,0.0,1.0,1
"G[0,2](EtCO2 <= 0.000 & HCO3 >= 0.000)
",9999999.000,9999999.000,0.000,1.000,0.000,0,0,9,0,0,9,9,0,0.0,0.0,1.0,0.0,0.0,1.0,1
"G[1,2]((Bilirubin_total >= 0.000 -> Alkalinephos >= 0.000) & HCO3 >= 0.000)
",9999999.000,9999999.000,0.000,1.000,0.000,0,0,9,0,0,9,9,0,0.0,0.0,1.0,0.0,0.0,1.0,1
"G[1,2](((FiO2 <= 0.000 -> Creatinine <= 0.000) & TroponinI >= 0.000) & O2Sat <= 0.000)
",9999999.000,9999999.000,0.000,1.000,0.000,0,0,7,2,2,7,7,2,0.0,0.0,1.0,0.0,0.0,1.0,1
"G[1,2](Potassium <= 0.000 | Temp <= 34.520)
",9999999.000,9999999.000,0.000,1.000,0.000,0,0,9,0,0,9,9,0,0.0,0.0,1.0,0.0,0.0,1.0,1
"G[0,2](PTT >= 0.000 -> Resp >= 3.357)
",9999999.000,9999999.000,0.000,1.000,0.000,0,0,0,9,9,0,0,9,0.0,0.0,0.0,0.0,0.0,1.0,1
"G[0,2](((BUN <= 0.000 & HR <= 56.292) -> Chloride >= 1.080) | SBP >= 0.721)
",9999999.000,9999999.000,0.000,1.000,0.000,0,0,0,9,9,0,0,9,0.0,0.0,0.0,0.0,0.0,1.0,1
"G[1,2]((SBP <= 36.995 & Chloride >= 0.000) -> DBP >= 0.000)
",9999999.000,9999999.000,0.000,1.000,0.000,0,0,9,0,0,9,9,0,0.0,0.0,1.0,0.0,0.0,1.0,1
"G[0,2](pH <= 0.000 & WBC <= 0.000)
",9999999.000,9999999.000,0.000,1.000,0.000,0,0,9,0,0,9,9,0,0.0,0.0,1.0,0.0,0.0,1.0,1
"G[2,2]((PaCO2 >= 0.000 & Alkalinephos >= 0.000) | BUN >= 0.000)
",0.000,0.000,0.000,1.000,0.000,0,0,9,0,0,9,9,0,0.0,0.0,1.0,0.0,0.0,1.0,1
"G[1,2](Alkalinephos <= 0.000 | HCO3 >= 0.000)
",9999999.000,9999999.000,0.000,1.000,0.000,0,0,9,0,0,9,9,0,0.0,0.0,1.0,0.0,0.0,1.0,1
"G[0,2](((Bilirubin_direct >= 0.000 -> PaCO2 <= 0.000) | O2Sat >= 0.000) -> DBP >= 0.000)
",9999999.000,9999999.000,0.000,1.000,0.000,0,0,9,0,0,9,9,0,0.0,0.0,1.0,0.0,0.0,1.0,1
"G[1,2](((Chloride >= 0.000 -> Bilirubin_total >= 0.000) | Hct >= 0.000) | Phosphate >= 0.000)
",9999999.000,9999999.000,0.000,1.000,0.000,0,0,9,0,0,9,9,0,0.0,0.0,1.0,0.0,0.0,1.0,1
"G[0,2]((Calcium <= 0.000 & Hct <= 0.000) & Alkalinephos <= 0.000)
",9999999.000,9999999.000,0.000,1.000,0.000,0,0,9,0,0,9,9,0,0.0,0.0,1.0,0.0,0.0,1.0,1
"G[2,2]((PaCO2 <= 0.000 | Hgb >= 0.000) -> SBP >= 0.000)
",0.000,0.000,0.000,1.000,0.000,0,0,9,0,0,9,9,0,0.0,0.0,1.0,0.0,0.0,1.0,1
"G[1,2](((Alkalinephos <= 0.000 | Lactate <= 0.000) | PaCO2 <= 0.000) | pH <= 0.000)
",9999999.000,9999999.000,0.000,1.000,0.000,0,0,9,0,0,9,9,0,0.0,0.0,1.0,0.0,0.0,1.0,1
"G[1,2]((Alkalinephos >= 0.000 & DBP <= 42.231) -> Bilirubin_total >= 0.543)
",9999999.000,9999999.000,0.000,1.000,0.000,0,0,3,6,6,3,3,6,0.0,0.0,1.0,0.0,0.0,1.0,1
"G[0,2](Lactate <= 0.000 -> HR >= 3.997)
",9999999.000,9999999.000,0.000,1.000,0.000,0,0,0,9,9,0,0,9,0.0,0.0,0.0,0.0,0.0,1.0,1
"G[1,2]((Resp >= 2.590 & PaCO2 >= 0.000) & PaCO2 >= 0.000)
",9999999.000,9999999.000,0.000,1.000,0.000,0,0,3,6,6,3,3,6,0.0,0.0,1.0,0.0,0.0,1.0,1
"G[1,2](((Alkalinephos >= 0.000 -> Hgb >= 0.000) | pH <= 0.000) | Resp >= 0.000)
",9999999.000,9999999.000,0.000,1.000,0.000,0,0,9,0,0,9,9,0,0.0,0.0,1.0,0.0,0.0,1.0,1
"G[1,2]((PTT >= 0.000 | Alkalinephos <= 0.000) | pH <= 0.000)
",9999999.000,9999999.000,0.000,1.000,0.000,0,0,9,0,0,9,9,0,0.0,0.0,1.0,0.0,0.0,1.0,1
"G[0,1]((Phosphate >= 0.000 | Resp >= 2.966) -> SBP >= 2.041)
",9999999.000,9999999.000,0.000,1.000,0.000,0,0,0,9,9,0,0,9,0.0,0.0,0.0,0.0,0.0,1.0,1
"G[1,2](Hgb <= 0.000 & BUN <= 0.000)
",9999999.000,9999999.000,0.000,1.000,0.000,0,0,9,0,0,9,9,0,0.0,0.0,1.0,0.0,0.0,1.0,1
"G[1,2]((WBC <= 0.000 & Calcium <= 0.000) | Platelets <= 0.000)
",9999999.000,9999999.000,0.000,1.000,0.000,0,0,9,0,0,9,9,0,0.0,0.0,1.0,0.0,0.0,1.0,1
"G[1,2](((Creatinine <= 0.000 & Phosphate >= 0.000) | Lactate <= 0.000) -> Temp >= 0.000)
",9999999.000,9999999.000,0.000,1.000,0.000,0,0,9,0,0,9,9,0,0.0,0.0,1.0,0.0,0.0,1.0,1
"G[1,2]((Calcium <= 0.000 | Glucose <= 0.000) -> O2Sat <= 0.000)
",9999999.000,9999999.000,0.000,1.000,0.000,0,0,7,2,2,7,7,2,0.0,0.0,1.0,0.0,0.0,1.0,1
"G[0,2]((Bilirubin_total >= 0.000 & Potassium >= 0.000) -> Chloride >= 0.000)
",9999999.000,9999999.000,0.000,1.000,0.000,0,0,9,0,0,9,9,0,0.0,0.0,1.0,0.0,0.0,1.0,1
"G[0,2]((PaCO2 >= 0.000 | FiO2 <= 0.000) | SepsisLabel <= 0.000)
",9999999.000,9999999.000,0.000,1.000,0.000,0,0,9,0,0,9,9,0,0.0,0.0,1.0,0.0,0.0,1.0,1
"G[2,2](((Bilirubin_total >= 0.000 -> SBP <= 71.173) & HCO3 <= 109.851) | Phosphate <= 67.108)
",67.108,67.108,0.000,1.000,0.000,0,0,9,0,0,9,9,0,0.0,0.0,1.0,0.0,0.0,1.0,1
"G[1,2](((Lactate >= 0.000 | Calcium <= 0.000) | Magnesium <= 0.000) | Chloride <= 0.000)
",9999999.000,9999999.000,0.000,1.000,0.000,0,0,9,0,0,9,9,0,0.0,0.0,1.0,0.0,0.0,1.0,1
"G[0,2](((Temp >= 1.629 | TroponinI >= 0.000) -> Magnesium <= 0.000) | TroponinI >= 0.000)
",9999999.000,9999999.000,0.000,1.000,0.000,0,0,9,0,0,9,9,0,0.0,0.0,1.0,0.0,0.0,1.0,1
"G[1,2](Chloride >= 0.000 & HCO3 >= 0.000)
",9999999.000,9999999.000,0.000,1.000,0.000,0,0,9,0,0,9,9,0,0.0,0.0,1.0,0.0,0.0,1.0,1
"G[0,2](Platelets <= 0.000 -> WBC >= 0.000)
",9999999.000,9999999.000,0.000,1.000,0.000,0,0,9,0,0,9,9,0,0.0,0.0,1.0,0.0,0.0,1.0,1
"G[1,2](BUN <= 0.000 & Creatinine >= 0.000)
",9999999.000,9999999.000,0.000,1.000,0.000,0,0,9,0,0,9,9,0,0.0,0.0,1.0,0.0,0.0,1.0,1
"G[0,2]((Hgb >= 0.000 & Platelets >= 0.000) | Creatinine >= 0.000)
",9999999.000,9999999.000,0.000,1.000,0.000,0,0,9,0,0,9,9,0,0.0,0.0,1.0,0.0,0.0,1.0,1
"G[0,2]((BaseExcess <= 0.000 -> Creatinine <= 0.000) -> Phosphate <= 0.000)
",9999999.000,9999999.000,0.000,1.000,0.000,0,0,9,0,0,9,9,0,0.0,0.0,1.0,0.0,0.0,1.0,1
"G[0,2](((AST >= 0.000 | SaO2 >= 0.000) -> O2Sat <= 0.000) | SaO2 >= 0.000)
",9999999.000,9999999.000,0.000,1.000,0.000,0,0,9,0,0,9,9,0,0.0,0.0,1.0,0.0,0.0,1.0,1
"G[1,2]((TroponinI >= 0.000 -> Resp >= 0.876) & Hgb <= 7.727)
",9999999.000,9999999.000,0.000,1.000,0.000,0,0,3,6,6,3,3,6,0.0,0.0,1.0,0.0,0.0,1.0,1
"G[1,2](((HCO3 <= 0.000 & Resp >= 0.636) -> Creatinine >= 1.923) | AST <= 17.445)
",9999999.000,9999999.000,0.000,1.000,0.000,0,0,9,0,0,9,9,0,0.0,0.0,1.0,0.0,0.0,1.0,1
"G[0,2](((HCO3 >= 0.000 & EtCO2 >= 0.000) -> DBP >= 0.000) & O2Sat >= 0.000)
",9999999.000,9999999.000,0.000,1.000,0.000,0,0,9,0,0,9,9,0,0.0,0.0,1.0,0.0,0.0,1.0,1
"G[2,2](((HR <= 52.318 & BaseExcess <= 0.000) & Creatinine <= 0.000) -> MAP <= 0.000)
",0.000,0.000,0.000,1.000,0.000,0,0,9,0,0,9,9,0,0.0,0.0,1.0,0.0,0.0,1.0,1
"G[0,2](((pH >= 0.000 | TroponinI >= 0.000) | SepsisLabel <= 0.000) & MAP <= 0.000)
",9999999.000,9999999.000,0.000,1.000,0.000,0,0,9,0,0,9,9,0,0.0,0.0,1.0,0.0,0.0,1.0,1
"G[1,2](((Alkalinephos <= 0.000 & Bilirubin_direct <= 0.000) & PTT <= 0.000) -> HCO3 <= 0.000)
",9999999.000,9999999.000,0.000,1.000,0.000,0,0,9,0,0,9,9,0,0.0,0.0,1.0,0.0,0.0,1.0,1
"G[2,2](Potassium >= 0.000 & HR >= 3.506)
",-3.506,-3.506,0.000,1.000,0.000,0,0,9,0,0,9,9,0,0.0,0.0,1.0,0.0,0.0,1.0,1
"G[2,2](((Bilirubin_direct <= 0.000 & Glucose <= 0.000) -> pH <= 0.000) & Bilirubin_direct >= 0.000)
",0.000,0.000,0.000,1.000,0.000,0,0,9,0,0,9,9,0,0.0,0.0,1.0,0.0,0.0,1.0,1
"G[0,2](((TroponinI >= 0.000 -> PTT >= 0.000) & Lactate <= 0.000) -> pH >= 0.000)
",9999999.000,9999999.000,0.000,1.000,0.000,0,0,9,0,0,9,9,0,0.0,0.0,1.0,0.0,0.0,1.0,1
"G[0,1](HR >= 1.808 & Chloride <= 0.000)
",9999999.000,9999999.000,0.000,1.000,0.000,0,0,0,9,9,0,0,9,0.0,0.0,0.0,0.0,0.0,1.0,1
"G[0,2](((Fibrinogen >= 0.000 | TroponinI <= 0.000) & Alkalinephos >= 0.000) | Chloride >= 0.000)
",9999999.000,9999999.000,0.000,1.000,0.000,0,0,9,0,0,9,9,0,0.0,0.0,1.0,0.0,0.0,1.0,1
"G[1,2](HR >= 8.535 & SepsisLabel = 0.000)
",9999999.000,9999999.000,0.000,1.000,0.000,0,0,2,7,7,2,2,7,0.0,0.0,1.0,0.0,0.0,1.0,1
"G[0,1]((Phosphate <= 0.000 | SBP >= 12.704) & Potassium >= 11.279)
",9999999.000,9999999.000,0.000,1.000,0.000,0,0,0,9,9,0,0,9,0.0,0.0,0.0,0.0,0.0,1.0,1
"G[2,2](((pH >= 0.000 -> TroponinI >= 0.000) -> Chloride >= 0.000) | Hct <= 0.000)
",0.000,0.000,0.000,1.000,0.000,0,0,9,0,0,9,9,0,0.0,0.0,1.0,0.0,0.0,1.0,1
"G[2,2]((Hgb <= 0.000 | HR >= 5.080) -> EtCO2 >= 7.382)
",0.000,0.000,0.000,1.000,0.000,0,0,9,0,0,9,9,0,0.0,0.0,1.0,0.0,0.0,1.0,1
"G[2,2](Hct >= 0.000 -> Chloride <= 0.000)
",0.000,0.000,0.000,1.000,0.000,0,0,9,0,0,9,9,0,0.0,0.0,1.0,0.0,0.0,1.0,1
"G[2,2]((HR <= 17.495 -> PTT <= 0.000) | Alkalinephos <= 0.000)
",0.000,0.000,0.000,1.000,0.000,0,0,9,0,0,9,9,0,0.0,0.0,1.0,0.0,0.0,1.0,1
"G[0,2](TroponinI >= 0.000 -> Glucose >= 0.000)
",9999999.000,9999999.000,0.000,1.000,0.000,0,0,9,0,0,9,9,0,0.0,0.0,1.0,0.0,0.0,1.0,1
"G[2,2](((EtCO2 >= 0.000 -> Potassium <= 0.000) -> Lactate >= 0.000) & TroponinI <= 0.000)
",0.000,0.000,0.000,1.000,0.000,0,0,9,0,0,9,9,0,0.0,0.0,1.0,0.0,0.0,1.0,1
"G[2,2](BaseExcess >= 0.000 & Hct <= 0.000)
",0.000,0.000,0.000,1.000,0.000,0,0,9,0,0,9,9,0,0.0,0.0,1.0,0.0,0.0,1.0,1
"G[1,2](((Bilirubin_direct >= 0.000 -> pH >= 0.000) -> TroponinI <= 0.000) & HCO3 >= 0.000)
",9999999.000,9999999.000,0.000,1.000,0.000,0,0,9,0,0,9,9,0,0.0,0.0,1.0,0.0,0.0,1.0,1
"G[2,2](Glucose <= 0.000 -> Platelets >= 0.000)
",0.000,0.000,0.000,1.000,0.000,0,0,9,0,0,9,9,0,0.0,0.0,1.0,0.0,0.0,1.0,1
"G[1,2](Phosphate <= 0.000 & WBC >= 0.000)
",9999999.000,9999999.000,0.000,1.000,0.000,0,0,9,0,0,9,9,0,0.0,0.0,1.0,0.0,0.0,1.0,1
"G[1,2](Hct <= 0.000 | SepsisLabel >= 0.000)
",9999999.000,9999999.000,0.000,1.000,0.000,0,0,9,0,0,9,9,0,0.0,0.0,1.0,0.0,0.0,1.0,1
"G[0,2](Fibrinogen <= 0.000 & SepsisLabel = 0.000)
",9999999.000,9999999.000,0.000,1.000,0.000,0,0,9,0,0,9,9,0,0.0,0.0,1.0,0.0,0.0,1.0,1
"G[1,2](Phosphate >= 0.000 & SepsisLabel = 0.000)
",9999999.000,9999999.000,0.000,1.000,0.000,0,0,9,0,0,9,9,0,0.0,0.0,1.0,0.0,0.0,1.0,1
"G[1,2](BUN <= 0.000 & Creatinine >= 0.000)
",9999999.000,9999999.000,0.000,1.000,0.000,0,0,9,0,0,9,9,0,0.0,0.0,1.0,0.0,0.0,1.0,1
"G[0,1]((Magnesium >= 0.000 & Resp >= 3.575) | Temp >= 0.916)
",9999999.000,9999999.000,0.000,1.000,0.000,0,0,0,9,9,0,0,9,0.0,0.0,0.0,0.0,0.0,1.0,1
"G[1,2](((Hgb <= 0.000 | Hct <= 0.000) -> WBC >= 0.000) & Platelets >= 0.000)
",9999999.000,9999999.000,0.000,1.000,0.000,0,0,9,0,0,9,9,0,0.0,0.0,1.0,0.0,0.0,1.0,1
"G[1,2](((Hgb <= 0.000 | Hct <= 0.000) -> WBC >= 0.000) & Platelets >= 0.000)
",9999999.000,9999999.000,0.000,1.000,0.000,0,0,9,0,0,9,9,0,0.0,0.0,1.0,0.0,0.0,1.0,1
"G[0,2](Bilirubin_direct < 0.000 & SepsisLabel = 0.000)
",9999999.000,9999999.000,0.000,1.000,0.000,0,0,0,9,9,0,0,9,0.0,0.0,0.0,0.0,0.0,1.0,1
"G[1,2](((Alkalinephos >= 0.000 -> HCO3 >= 0.000) | Calcium >= 0.000) -> Resp <= 0.000)
",9999999.000,9999999.000,0.000,1.000,0.000,0,0,7,2,2,7,7,2,0.0,0.0,1.0,0.0,0.0,1.0,1
"G[1,2](BUN > 0.000 & SepsisLabel = 0.000)
",9999999.000,9999999.000,0.000,1.000,0.000,0,0,1,8,8,1,1,8,0.0,0.0,1.0,0.0,0.0,1.0,1
"G[2,2](PTT <= 0.000 -> SepsisLabel = 0.000)
",0.000,0.000,0.000,1.000,0.000,0,0,9,0,0,9,9,0,0.0,0.0,1.0,0.0,0.0,1.0,1
"G[2,2]((Phosphate <= 0.000 & Glucose >= 0.000) -> O2Sat <= 0.000)
",0.000,0.000,0.000,1.000,0.000,0,0,9,0,0,9,9,0,0.0,0.0,1.0,0.0,0.0,1.0,1
"G[0,1]((Temp >= 3.119 & Chloride <= 0.000) & Creatinine <= 0.000)
",9999999.000,9999999.000,0.000,1.000,0.000,0,0,0,9,9,0,0,9,0.0,0.0,0.0,0.0,0.0,1.0,1
"G[2,2]((FiO2 <= 0.000 -> Bilirubin_direct <= 0.000) | Calcium <= 0.000)
",0.000,0.000,0.000,1.000,0.000,0,0,9,0,0,9,9,0,0.0,0.0,1.0,0.0,0.0,1.0,1
"G[1,2](Chloride <= 0.000 & EtCO2 <= 0.000)
",9999999.000,9999999.000,0.000,1.000,0.000,0,0,9,0,0,9,9,0,0.0,0.0,1.0,0.0,0.0,1.0,1
"G[1,2]((Magnesium >= 0.000 | MAP <= 0.000) | SaO2 >= 0.000)
",9999999.000,9999999.000,0.000,1.000,0.000,0,0,9,0,0,9,9,0,0.0,0.0,1.0,0.0,0.0,1.0,1
"G[1,2](((Resp >= 3.375 -> Potassium <= 0.000) -> SaO2 >= 0.000) & AST >= 0.000)
",9999999.000,9999999.000,0.000,1.000,0.000,0,0,9,0,0,9,9,0,0.0,0.0,1.0,0.0,0.0,1.0,1
"G[1,2](((Glucose <= 0.000 & AST <= 0.000) -> PTT <= 0.000) -> Creatinine <= 0.000)
",9999999.000,9999999.000,0.000,1.000,0.000,0,0,9,0,0,9,9,0,0.0,0.0,1.0,0.0,0.0,1.0,1
"G[1,2](SBP < 101.570 & SepsisLabel = 0.000)
",9999999.000,9999999.000,0.000,1.000,0.000,0,0,7,2,2,7,7,2,0.0,0.0,1.0,0.0,0.0,1.0,1
"G[2,2]((BUN >= 0.000 & O2Sat >= 2.438) | Hct <= 73.137)
",73.137,73.137,0.000,1.000,0.000,0,0,9,0,0,9,9,0,0.0,0.0,1.0,0.0,0.0,1.0,1
"G[0,2](PTT <= 0.000 -> Hct >= 0.000)
",9999999.000,9999999.000,0.000,1.000,0.000,0,0,9,0,0,9,9,0,0.0,0.0,1.0,0.0,0.0,1.0,1
"G[0,2]((SBP <= 151.566 | Lactate <= 0.000) -> WBC >= 0.000)
",9999999.000,9999999.000,0.000,1.000,0.000,0,0,9,0,0,9,9,0,0.0,0.0,1.0,0.0,0.0,1.0,1
"G[0,2]((AST <= 0.000 & WBC >= 0.000) & SBP >= 0.000)
",9999999.000,9999999.000,0.000,1.000,0.000,0,0,9,0,0,9,9,0,0.0,0.0,1.0,0.0,0.0,1.0,1
"G[2,2](((Bilirubin_direct >= 0.000 | Lactate <= 0.000) -> Chloride >= 0.000) | SepsisLabel <= 0.000)
",0.000,0.000,0.000,1.000,0.000,0,0,9,0,0,9,9,0,0.0,0.0,1.0,0.0,0.0,1.0,1
"G[1,2](((HR >= 8.366 & SBP <= 53.200) & Glucose >= 27.291) | BUN >= 16.403)
",9999999.000,9999999.000,0.000,1.000,0.000,0,0,1,8,8,1,1,8,0.0,0.0,1.0,0.0,0.0,1.0,1
"G[0,1]((O2Sat <= 51.706 & Temp <= 32.615) -> SaO2 >= 5.653)
",9999999.000,9999999.000,0.000,1.000,0.000,0,0,0,9,9,0,0,9,0.0,0.0,0.0,0.0,0.0,1.0,1
"G[2,2](((DBP >= 3.526 -> O2Sat <= 86.029) | pH >= 22.171) -> Lactate >= 10.097)
",10.097,10.097,0.000,1.000,0.000,0,0,9,0,0,9,9,0,0.0,0.0,1.0,0.0,0.0,1.0,1
"G[1,2](((DBP >= 6.903 & SBP <= 78.272) -> Temp >= 17.874) | Potassium <= 135.801)
",9999999.000,9999999.000,0.000,1.000,0.000,0,0,9,0,0,9,9,0,0.0,0.0,1.0,0.0,0.0,1.0,1
"G[2,2](((Resp <= 11.349 -> SBP >= 29.952) -> WBC <= 46.464) | HCO3 <= 60.679)
",60.679,60.679,0.000,1.000,0.000,0,0,9,0,0,9,9,0,0.0,0.0,1.0,0.0,0.0,1.0,1
"G[1,2](Temp <= 32.907 -> SepsisLabel = 0.000)
",9999999.000,9999999.000,0.000,1.000,0.000,0,0,9,0,0,9,9,0,0.0,0.0,1.0,0.0,0.0,1.0,1
"G[1,1](Hgb > 0.000 & SepsisLabel = 0.000)
",0.000,0.000,0.000,1.000,0.000,0,0,1,8,8,1,1,8,0.0,0.0,1.0,0.0,0.0,1.0,1
"G[0,2](((O2Sat <= 51.583 -> TroponinI <= 0.000) & TroponinI >= 0.000) -> SepsisLabel <= 0.000)
",9999999.000,9999999.000,0.000,1.000,0.000,0,0,9,0,0,9,9,0,0.0,0.0,1.0,0.0,0.0,1.0,1
"G[2,2]((AST >= 0.000 -> BaseExcess >= 0.000) | EtCO2 <= 0.000)
",0.000,0.000,0.000,1.000,0.000,0,0,9,0,0,9,9,0,0.0,0.0,1.0,0.0,0.0,1.0,1
"F[0,2]((O2Sat >= 16.578 & AST >= 0.000) & EtCO2 <= 0.000)
",-9999999.000,-9999999.000,0.000,0.000,1.000,0,0,0,9,9,0,0,9,0.0,0.0,0.0,0.0,0.0,1.0,-1
"G[2,2](Phosphate >= 0.000 | SepsisLabel >= 0.000)
",0.000,0.000,0.000,1.000,0.000,0,0,9,0,0,9,9,0,0.0,0.0,1.0,0.0,0.0,1.0,1
"F[1,2]((PTT >= 0.000 | SBP <= 147.127) & Alkalinephos <= 55.735)
",-9999999.000,-9999999.000,0.000,0.000,1.000,0,0,0,9,9,0,0,9,0.0,0.0,0.0,0.0,0.0,1.0,-1
"F[1,2]((MAP <= 0.000 & Alkalinephos >= 0.000) & Bilirubin_total >= 0.000)
",-9999999.000,-9999999.000,0.000,0.000,1.000,0,0,0,9,9,0,0,9,0.0,0.0,0.0,0.0,0.0,1.0,-1
"F[1,1](((Calcium >= 0.000 | Potassium <= 0.000) & Hct >= 0.000) | MAP <= 0.000)
",0.000,0.000,0.000,0.000,1.000,0,0,0,9,9,0,0,9,0.0,0.0,0.0,0.0,0.0,1.0,-1
"F[0,2]((EtCO2 >= 0.000 -> Potassium >= 0.000) | SBP <= 0.000)
",-9999999.000,-9999999.000,0.000,0.000,1.000,0,0,0,9,9,0,0,9,0.0,0.0,0.0,0.0,0.0,1.0,-1
"F[0,2](((Calcium >= 0.000 | Chloride >= 0.000) -> AST >= 0.000) & SaO2 <= 0.000)
",-9999999.000,-9999999.000,0.000,0.000,1.000,0,0,0,9,9,0,0,9,0.0,0.0,0.0,0.0,0.0,1.0,-1
"F[2,2]((Platelets <= 0.000 | EtCO2 <= 0.000) & FiO2 <= 0.000)
",0.000,0.000,0.000,0.000,1.000,0,0,0,9,9,0,0,9,0.0,0.0,0.0,0.0,0.0,1.0,-1
"F[0,0](((EtCO2 >= 0.000 -> Potassium <= 0.000) & O2Sat <= 0.000) | SBP >= 0.000)
",0.577,9.100,0.000,0.000,1.000,0,0,0,9,9,0,0,9,0.0,0.0,0.0,0.0,0.0,1.0,-1
"F[0,0](Calcium <= 0.000 -> WBC >= 0.000)
",0.000,0.000,0.000,0.000,1.000,0,0,0,9,9,0,0,9,0.0,0.0,0.0,0.0,0.0,1.0,-1
"F[0,2]((FiO2 >= 0.000 & Potassium <= 0.000) | Bilirubin_direct >= 0.000)
",-9999999.000,-9999999.000,0.000,0.000,1.000,0,0,0,9,9,0,0,9,0.0,0.0,0.0,0.0,0.0,1.0,-1
"F[0,1](Fibrinogen >= 0.000 -> Magnesium <= 0.000)
",-9999999.000,-9999999.000,0.000,0.000,1.000,0,0,0,9,9,0,0,9,0.0,0.0,0.0,0.0,0.0,1.0,-1
"F[0,1]((Glucose >= 0.000 -> Resp <= 16.610) & Platelets <= 12.127)
",-9999999.000,-9999999.000,0.000,0.000,1.000,0,0,0,9,9,0,0,9,0.0,0.0,0.0,0.0,0.0,1.0,-1
"F[0,0]((pH >= 0.000 & PTT >= 0.000) & BaseExcess <= 0.000)
",0.000,0.000,0.000,0.000,1.000,0,0,0,9,9,0,0,9,0.0,0.0,0.0,0.0,0.0,1.0,-1
"((pH <= 0.000) U[2,2] (Glucose <= 0.000))
",0.000,0.000,0.000,0.000,1.000,0,0,0,9,9,0,0,9,0.0,0.0,0.0,0.0,0.0,1.0,-1
"F[2,2](((HCO3 <= 0.000 | Creatinine <= 0.000) -> Alkalinephos <= 0.000) | Glucose <= 0.000)
",0.000,0.000,0.000,0.000,1.000,0,0,0,9,9,0,0,9,0.0,0.0,0.0,0.0,0.0,1.0,-1
"F[1,1](((BaseExcess >= 0.000 | Potassium <= 0.000) | Platelets >= 0.000) | Bilirubin_direct <= 0.000)
",0.000,0.000,0.000,0.000,1.000,0,0,0,9,9,0,0,9,0.0,0.0,0.0,0.0,0.0,1.0,-1
"F[0,1](((Lactate >= 0.000 | Lactate <= 0.000) | O2Sat <= 0.000) -> HR <= 0.000)
",-9999999.000,-9999999.000,0.000,0.000,1.000,0,0,0,9,9,0,0,9,0.0,0.0,0.0,0.0,0.0,1.0,-1
"F[2,2](((Magnesium >= 0.000 | Alkalinephos <= 0.000) | pH >= 0.000) | DBP >= 0.000)
",0.000,0.000,0.000,0.000,1.000,0,0,0,9,9,0,0,9,0.0,0.0,0.0,0.0,0.0,1.0,-1
"((TroponinI >= 0.000) U[0,0] (Phosphate >= 0.000))
",0.000,0.000,0.000,0.000,1.000,0,0,0,9,9,0,0,9,0.0,0.0,0.0,0.0,0.0,1.0,-1
"((Lactate >= 0.000) U[0,2] (Bilirubin_direct >= 0.000))
",-9999999.000,-9999999.000,0.000,0.000,1.000,0,0,0,9,9,0,0,9,0.0,0.0,0.0,0.0,0.0,1.0,-1
"F[2,2]((WBC >= 0.000 -> HCO3 <= 0.000) -> HCO3 >= 0.000)
",0.000,0.000,0.000,0.000,1.000,0,0,0,9,9,0,0,9,0.0,0.0,0.0,0.0,0.0,1.0,-1
"F[0,2]((SaO2 <= 0.000 | SaO2 >= 0.000) -> Creatinine <= 0.000)
",-9999999.000,-9999999.000,0.000,0.000,1.000,0,0,0,9,9,0,0,9,0.0,0.0,0.0,0.0,0.0,1.0,-1
"F[0,2]((Bilirubin_total >= 0.000 | Lactate >= 0.000) & EtCO2 >= 0.000)
",-9999999.000,-9999999.000,0.000,0.000,1.000,0,0,0,9,9,0,0,9,0.0,0.0,0.0,0.0,0.0,1.0,-1
"F[1,2]((Lactate <= 0.000 -> Lactate >= 0.000) & DBP >= 0.000)
",-9999999.000,-9999999.000,0.000,0.000,1.000,0,0,0,9,9,0,0,9,0.0,0.0,0.0,0.0,0.0,1.0,-1
"((AST >= 0.000) U[1,2] (Bilirubin_direct >= 0.000))
",-9999999.000,-9999999.000,0.000,0.000,1.000,0,0,0,9,9,0,0,9,0.0,0.0,0.0,0.0,0.0,1.0,-1
"F[0,2](((BaseExcess <= 0.000 & Calcium >= 0.000) & EtCO2 >= 0.000) -> Glucose >= 0.000)
",-9999999.000,-9999999.000,0.000,0.000,1.000,0,0,0,9,9,0,0,9,0.0,0.0,0.0,0.0,0.0,1.0,-1
"F[0,2](((pH <= 0.000 & Lactate <= 0.000) -> BUN >= 0.000) & EtCO2 <= 0.000)
",-9999999.000,-9999999.000,0.000,0.000,1.000,0,0,0,9,9,0,0,9,0.0,0.0,0.0,0.0,0.0,1.0,-1
"F[1,2](((SepsisLabel <= 0.000 | BaseExcess <= 0.000) -> HR >= 0.000) | Glucose >= 0.000)
",-9999999.000,-9999999.000,0.000,0.000,1.000,0,0,0,9,9,0,0,9,0.0,0.0,0.0,0.0,0.0,1.0,-1
"F[0,2]((SepsisLabel <= 0.000 -> PaCO2 <= 0.000) | BaseExcess <= 0.000)
",-9999999.000,-9999999.000,0.000,0.000,1.000,0,0,0,9,9,0,0,9,0.0,0.0,0.0,0.0,0.0,1.0,-1
"((Bilirubin_direct >= 0.000) U[1,2] (AST >= 0.000))
",-9999999.000,-9999999.000,0.000,0.000,1.000,0,0,0,9,9,0,0,9,0.0,0.0,0.0,0.0,0.0,1.0,-1
"((BUN >= 0.000) U[1,2] (Magnesium <= 0.000))
",-9999999.000,-9999999.000,0.000,0.000,1.000,0,0,0,9,9,0,0,9,0.0,0.0,0.0,0.0,0.0,1.0,-1
"F[0,2](Platelets >= 0.000 | Creatinine <= 0.000)
",-9999999.000,-9999999.000,0.000,0.000,1.000,0,0,0,9,9,0,0,9,0.0,0.0,0.0,0.0,0.0,1.0,-1
"((EtCO2 <= 0.000) U[0,2] (Chloride <= 0.000))
",-9999999.000,-9999999.000,0.000,0.000,1.000,0,0,0,9,9,0,0,9,0.0,0.0,0.0,0.0,0.0,1.0,-1
"F[0,1]((WBC <= 0.000 -> Hct >= 0.000) & Chloride >= 0.000)
",-9999999.000,-9999999.000,0.000,0.000,1.000,0,0,0,9,9,0,0,9,0.0,0.0,0.0,0.0,0.0,1.0,-1
"F[1,1](((Lactate >= 0.000 -> WBC >= 0.000) -> Platelets <= 0.000) | PaCO2 <= 0.000)
",0.000,0.000,0.000,0.000,1.000,0,0,0,9,9,0,0,9,0.0,0.0,0.0,0.0,0.0,1.0,-1
"((WBC <= 0.000) U[0,1] (HCO3 <= 0.000))
",-9999999.000,-9999999.000,0.000,0.000,1.000,0,0,0,9,9,0,0,9,0.0,0.0,0.0,0.0,0.0,1.0,-1
"F[0,1](((Platelets <= 0.000 & SepsisLabel <= 0.000) -> Alkalinephos >= 0.000) -> Resp >= 0.000)
",-9999999.000,-9999999.000,0.000,0.000,1.000,0,0,0,9,9,0,0,9,0.0,0.0,0.0,0.0,0.0,1.0,-1
"F[1,2](((SepsisLabel <= 0.000 & Alkalinephos >= 0.000) -> Temp <= 0.000) | SBP >= 0.000)
",-9999999.000,-9999999.000,0.000,0.000,1.000,0,0,0,9,9,0,0,9,0.0,0.0,0.0,0.0,0.0,1.0,-1
"((Chloride <= 0.000) U[0,2] (Creatinine <= 0.000))
",-9999999.000,-9999999.000,0.000,0.000,1.000,0,0,0,9,9,0,0,9,0.0,0.0,0.0,0.0,0.0,1.0,-1
"((Glucose <= 0.000) U[1,2] (SaO2 >= 0.000))
",-9999999.000,-9999999.000,0.000,0.000,1.000,0,0,0,9,9,0,0,9,0.0,0.0,0.0,0.0,0.0,1.0,-1
"F[1,2](Resp >= 0.485 -> O2Sat <= 35.026)
",-9999999.000,-9999999.000,0.000,0.000,1.000,0,0,0,9,9,0,0,9,0.0,0.0,0.0,0.0,0.0,1.0,-1
"F[1,2]((MAP <= 0.000 | HCO3 <= 0.000) -> HCO3 <= 0.000)
",-9999999.000,-9999999.000,0.000,0.000,1.000,0,0,0,9,9,0,0,9,0.0,0.0,0.0,0.0,0.0,1.0,-1
"F[1,1](((SaO2 <= 0.000 & BUN <= 0.000) & HCO3 <= 0.000) & FiO2 >= 0.000)
",0.000,0.000,0.000,0.000,1.000,0,0,0,9,9,0,0,9,0.0,0.0,0.0,0.0,0.0,1.0,-1
"F[0,1]((Resp >= 3.719 & Chloride <= 0.000) | Glucose <= 0.000)
",-9999999.000,-9999999.000,0.000,0.000,1.000,0,0,0,9,9,0,0,9,0.0,0.0,0.0,0.0,0.0,1.0,-1
"F[0,0](((SepsisLabel >= 0.000 & Potassium <= 0.000) -> Platelets >= 0.000) -> BaseExcess <= 0.000)
",0.000,0.000,0.000,0.000,1.000,0,0,0,9,9,0,0,9,0.0,0.0,0.0,0.0,0.0,1.0,-1
"F[0,2](((pH <= 0.000 & pH <= 0.000) | HCO3 <= 0.000) & EtCO2 >= 0.000)
",-9999999.000,-9999999.000,0.000,0.000,1.000,0,0,0,9,9,0,0,9,0.0,0.0,0.0,0.0,0.0,1.0,-1
"F[2,2](((Hct <= 0.000 | Potassium <= 0.000) | SaO2 <= 0.000) | Creatinine >= 0.000)
",0.000,0.000,0.000,0.000,1.000,0,0,0,9,9,0,0,9,0.0,0.0,0.0,0.0,0.0,1.0,-1
"F[0,2](((HR <= 60.798 | FiO2 <= 0.000) -> Glucose <= 0.000) | BaseExcess <= 0.000)
",-9999999.000,-9999999.000,0.000,0.000,1.000,0,0,0,9,9,0,0,9,0.0,0.0,0.0,0.0,0.0,1.0,-1
"F[1,1](Bilirubin_direct >= 0.000 -> Phosphate >= 0.000)
",0.000,0.000,0.000,0.000,1.000,0,0,0,9,9,0,0,9,0.0,0.0,0.0,0.0,0.0,1.0,-1
"((Hct >= 0.000) U[0,1] (Calcium <= 0.000))
",-9999999.000,-9999999.000,0.000,0.000,1.000,0,0,0,9,9,0,0,9,0.0,0.0,0.0,0.0,0.0,1.0,-1
"F[1,2]((Lactate <= 0.000 | Glucose >= 0.000) & MAP <= 0.000)
",-9999999.000,-9999999.000,0.000,0.000,1.000,0,0,0,9,9,0,0,9,0.0,0.0,0.0,0.0,0.0,1.0,-1
"F[1,1](SepsisLabel >= 0.000 & Hct >= 0.000)
",0.000,0.000,0.000,0.000,1.000,0,0,0,9,9,0,0,9,0.0,0.0,0.0,0.0,0.0,1.0,-1
"F[0,0]((DBP >= 15.036 | Bilirubin_direct <= 0.000) | HCO3 <= 0.000)
",0.000,0.000,0.000,0.000,1.000,0,0,0,9,9,0,0,9,0.0,0.0,0.0,0.0,0.0,1.0,-1
"F[0,1]((WBC <= 0.000 | SaO2 <= 0.000) | pH >= 0.000)
",-9999999.000,-9999999.000,0.000,0.000,1.000,0,0,0,9,9,0,0,9,0.0,0.0,0.0,0.0,0.0,1.0,-1
"F[0,1](((SepsisLabel <= 0.000 -> Chloride <= 0.000) | BUN >= 0.000) & Bilirubin_total >= 0.000)
",-9999999.000,-9999999.000,0.000,0.000,1.000,0,0,0,9,9,0,0,9,0.0,0.0,0.0,0.0,0.0,1.0,-1
"F[0,0](Chloride >= 0.000 | FiO2 <= 0.000)
",0.000,0.000,0.000,0.000,1.000,0,0,0,9,9,0,0,9,0.0,0.0,0.0,0.0,0.0,1.0,-1
"F[0,1]((EtCO2 >= 0.000 | HR >= 7.613) & PTT <= 37.981)
",-9999999.000,-9999999.000,0.000,0.000,1.000,0,0,0,9,9,0,0,9,0.0,0.0,0.0,0.0,0.0,1.0,-1
"F[0,1]((SepsisLabel <= 0.000 | Bilirubin_total >= 0.000) | Bilirubin_direct >= 0.000)
",-9999999.000,-9999999.000,0.000,0.000,1.000,0,0,0,9,9,0,0,9,0.0,0.0,0.0,0.0,0.0,1.0,-1
"F[0,1]((PaCO2 <= 0.000 -> Creatinine >= 0.000) -> Fibrinogen <= 0.000)
",-9999999.000,-9999999.000,0.000,0.000,1.000,0,0,0,9,9,0,0,9,0.0,0.0,0.0,0.0,0.0,1.0,-1
"F[2,2](Creatinine <= 0.000 | FiO2 >= 0.000)
",0.000,0.000,0.000,0.000,1.000,0,0,0,9,9,0,0,9,0.0,0.0,0.0,0.0,0.0,1.0,-1
"F[1,1]((Magnesium <= 0.000 -> pH <= 0.000) -> SaO2 >= 0.000)
",0.000,0.000,0.000,0.000,1.000,0,0,0,9,9,0,0,9,0.0,0.0,0.0,0.0,0.0,1.0,-1
"G[2,2](BaseExcess >= 0.000 & TroponinI >= 0.000)
",0.000,0.000,0.000,1.000,0.000,0,0,9,0,0,9,9,0,0.0,0.0,1.0,0.0,0.0,1.0,1
"G[1,2](WBC >= 0.000 | Hgb <= 0.000)
",9999999.000,9999999.000,0.000,1.000,0.000,0,0,9,0,0,9,9,0,0.0,0.0,1.0,0.0,0.0,1.0,1
"G[1,2](WBC <= 0.000 & Hgb <= 0.000)
",9999999.000,9999999.000,0.000,1.000,0.000,0,0,9,0,0,9,9,0,0.0,0.0,1.0,0.0,0.0,1.0,1
"G[2,2]((AST <= 0.000 | O2Sat >= 12.034) -> Hgb >= 11.218)
",0.000,0.000,0.000,1.000,0.000,0,0,9,0,0,9,9,0,0.0,0.0,1.0,0.0,0.0,1.0,1
"G[1,2](((Phosphate >= 0.000 -> WBC >= 0.000) -> EtCO2 >= 0.000) | WBC >= 0.000)
",9999999.000,9999999.000,0.000,1.000,0.000,0,0,9,0,0,9,9,0,0.0,0.0,1.0,0.0,0.0,1.0,1
"G[0,2](((DBP <= 27.070 | pH <= 0.000) -> SepsisLabel >= 0.000) & Phosphate >= 0.000)
",9999999.000,9999999.000,0.000,1.000,0.000,0,0,9,0,0,9,9,0,0.0,0.0,1.0,0.0,0.0,1.0,1
"G[1,2](((Hct <= 0.000 | MAP >= 0.000) | Lactate <= 0.000) | Bilirubin_direct <= 0.000)
",9999999.000,9999999.000,0.000,1.000,0.000,0,0,9,0,0,9,9,0,0.0,0.0,1.0,0.0,0.0,1.0,1
"G[2,2]((Glucose <= 0.000 -> HR <= 36.946) & Hct >= 6.318)
",-36.946,-36.946,0.000,1.000,0.000,0,0,9,0,0,9,9,0,0.0,0.0,1.0,0.0,0.0,1.0,1
"G[2,2]((Platelets >= 0.000 -> Temp >= 5.480) | Hct >= 4.715)
",0.000,0.000,0.000,1.000,0.000,0,0,9,0,0,9,9,0,0.0,0.0,1.0,0.0,0.0,1.0,1
"G[1,2](((AST >= 0.000 & Chloride <= 0.000) & Potassium <= 0.000) -> Fibrinogen >= 0.000)
",9999999.000,9999999.000,0.000,1.000,0.000,0,0,9,0,0,9,9,0,0.0,0.0,1.0,0.0,0.0,1.0,1
"G[1,2](PaCO2 >= 0.000 | Hct >= 0.000)
",9999999.000,9999999.000,0.000,1.000,0.000,0,0,9,0,0,9,9,0,0.0,0.0,1.0,0.0,0.0,1.0,1
"G[0,2]((BaseExcess <= 0.000 | AST <= 0.000) | MAP >= 0.000)
",9999999.000,9999999.000,0.000,1.000,0.000,0,0,9,0,0,9,9,0,0.0,0.0,1.0,0.0,0.0,1.0,1
"G[0,2]((FiO2 <= 0.000 -> Lactate >= 0.000) -> Hct >= 0.000)
",9999999.000,9999999.000,0.000,1.000,0.000,0,0,9,0,0,9,9,0,0.0,0.0,1.0,0.0,0.0,1.0,1
"G[2,2](((PTT <= 0.000 & Bilirubin_total >= 0.000) | SaO2 >= 0.000) & O2Sat >= 0.000)
",0.000,0.000,0.000,1.000,0.000,0,0,9,0,0,9,9,0,0.0,0.0,1.0,0.0,0.0,1.0,1
"G[0,2](((O2Sat >= 1.144 -> SBP <= 157.817) & Bilirubin_total >= 27.923) -> PTT >= 28.821)
",9999999.000,9999999.000,0.000,1.000,0.000,0,0,9,0,0,9,9,0,0.0,0.0,1.0,0.0,0.0,1.0,1
"G[1,2]((BaseExcess <= 0.000 -> Lactate <= 0.000) & Hgb <= 0.000)
",9999999.000,9999999.000,0.000,1.000,0.000,0,0,9,0,0,9,9,0,0.0,0.0,1.0,0.0,0.0,1.0,1
"G[2,2](Resp >= 0.974 -> Alkalinephos >= 0.000)
",0.000,0.000,0.000,1.000,0.000,0,0,9,0,0,9,9,0,0.0,0.0,1.0,0.0,0.0,1.0,1
"G[1,2](DBP >= 6.715 -> SaO2 <= 0.000)
",9999999.000,9999999.000,0.000,1.000,0.000,0,0,9,0,0,9,9,0,0.0,0.0,1.0,0.0,0.0,1.0,1
"G[0,2]((Phosphate >= 0.000 & PTT >= 0.000) | Fibrinogen <= 0.000)
",9999999.000,9999999.000,0.000,1.000,0.000,0,0,9,0,0,9,9,0,0.0,0.0,1.0,0.0,0.0,1.0,1
"G[1,2]((SBP <= 129.813 | Resp >= 2.473) | Phosphate <= 12.971)
",9999999.000,9999999.000,0.000,1.000,0.000,0,0,9,0,0,9,9,0,0.0,0.0,1.0,0.0,0.0,1.0,1
"G[2,2]((PTT >= 0.000 | Lactate <= 0.000) | Bilirubin_direct <= 0.000)
",0.000,0.000,0.000,1.000,0.000,0,0,9,0,0,9,9,0,0.0,0.0,1.0,0.0,0.0,1.0,1
"G[1,2]((pH <= 0.000 | Chloride >= 0.000) | Alkalinephos <= 0.000)
",9999999.000,9999999.000,0.000,1.000,0.000,0,0,9,0,0,9,9,0,0.0,0.0,1.0,0.0,0.0,1.0,1
"G[2,2]((Bilirubin_total <= 0.000 & Platelets >= 0.000) | Creatinine <= 0.000)
",0.000,0.000,0.000,1.000,0.000,0,0,9,0,0,9,9,0,0.0,0.0,1.0,0.0,0.0,1.0,1
"G[0,2]((HR >= 1.324 & SBP <= 132.220) | Phosphate >= 18.699)
",9999999.000,9999999.000,0.000,1.000,0.000,0,0,0,9,9,0,0,9,0.0,0.0,0.0,0.0,0.0,1.0,1
"G[1,2]((O2Sat <= 29.368 -> PaCO2 <= 0.000) -> SaO2 <= 0.000)
",9999999.000,9999999.000,0.000,1.000,0.000,0,0,9,0,0,9,9,0,0.0,0.0,1.0,0.0,0.0,1.0,1
"G[0,2](MAP <= 0.000 | Hct >= 0.000)
",9999999.000,9999999.000,0.000,1.000,0.000,0,0,9,0,0,9,9,0,0.0,0.0,1.0,0.0,0.0,1.0,1
"G[1,2]((Temp <= 32.205 -> Glucose >= 0.000) & Chloride >= 0.000)
",9999999.000,9999999.000,0.000,1.000,0.000,0,0,9,0,0,9,9,0,0.0,0.0,1.0,0.0,0.0,1.0,1
"G[2,2]((Magnesium <= 0.000 & Phosphate <= 0.000) | AST <= 0.000)
",0.000,0.000,0.000,1.000,0.000,0,0,9,0,0,9,9,0,0.0,0.0,1.0,0.0,0.0,1.0,1
"G[0,2](Temp >= 2.069 & Calcium >= 0.000)
",9999999.000,9999999.000,0.000,1.000,0.000,0,0,0,9,9,0,0,9,0.0,0.0,0.0,0.0,0.0,1.0,1
"((pH >= 0.000) U[0,2] (DBP <= 65.504))
",-9999999.000,-9999999.000,0.000,0.000,1.000,0,0,0,9,9,0,0,9,0.0,0.0,0.0,0.0,0.0,1.0,-1
"F[2,2](Hgb <= 0.000 | Hct <= 0.000)
",0.000,0.000,0.000,0.000,1.000,0,0,0,9,9,0,0,9,0.0,0.0,0.0,0.0,0.0,1.0,-1
"F[0,2](DBP <= 48.640 -> SaO2 >= 0.000)
",-9999999.000,-9999999.000,0.000,0.000,1.000,0,0,0,9,9,0,0,9,0.0,0.0,0.0,0.0,0.0,1.0,-1
"F[1,1]((PTT >= 0.000 & TroponinI >= 0.000) & Fibrinogen <= 0.000)
",0.000,0.000,0.000,0.000,1.000,0,0,0,9,9,0,0,9,0.0,0.0,0.0,0.0,0.0,1.0,-1
"F[0,1](((Temp >= 3.510 & HR <= 57.362) & EtCO2 <= 31.566) -> SaO2 <= 72.374)
",-9999999.000,-9999999.000,0.000,0.000,1.000,0,0,0,9,9,0,0,9,0.0,0.0,0.0,0.0,0.0,1.0,-1
"F[1,2](PaCO2 <= 0.000 -> BUN >= 0.000)
",-9999999.000,-9999999.000,0.000,0.000,1.000,0,0,0,9,9,0,0,9,0.0,0.0,0.0,0.0,0.0,1.0,-1
"((Hct >= 0.000) U[1,1] (Calcium >= 0.000))
",0.000,0.000,0.000,0.000,1.000,0,0,0,9,9,0,0,9,0.0,0.0,0.0,0.0,0.0,1.0,-1
"F[0,0](((Chloride >= 0.000 & Calcium >= 0.000) & BaseExcess >= 0.000) | Hgb >= 0.000)
",0.000,0.000,0.000,0.000,1.000,0,0,0,9,9,0,0,9,0.0,0.0,0.0,0.0,0.0,1.0,-1
"F[2,2]((O2Sat <= 61.086 & Lactate >= 0.000) -> HR <= 0.000)
",0.000,0.000,0.000,0.000,1.000,0,0,0,9,9,0,0,9,0.0,0.0,0.0,0.0,0.0,1.0,-1
"F[0,2](((Temp <= 26.202 | HCO3 <= 0.000) | O2Sat <= 0.000) -> Chloride <= 0.000)
",-9999999.000,-9999999.000,0.000,0.000,1.000,0,0,0,9,9,0,0,9,0.0,0.0,0.0,0.0,0.0,1.0,-1
"((Phosphate >= 0.000) U[0,1] (pH >= 0.000))
",-9999999.000,-9999999.000,0.000,0.000,1.000,0,0,0,9,9,0,0,9,0.0,0.0,0.0,0.0,0.0,1.0,-1
"F[1,2](Fibrinogen >= 0.000 | Bilirubin_direct <= 0.000)
",-9999999.000,-9999999.000,0.000,0.000,1.000,0,0,0,9,9,0,0,9,0.0,0.0,0.0,0.0,0.0,1.0,-1
"F[0,0](((Chloride <= 0.000 | Chloride <= 0.000) & Phosphate >= 0.000) -> FiO2 >= 0.000)
",0.000,0.000,0.000,0.000,1.000,0,0,0,9,9,0,0,9,0.0,0.0,0.0,0.0,0.0,1.0,-1
"((Hct <= 0.000) U[0,0] (BaseExcess >= 0.000))
",0.000,0.000,0.000,0.000,1.000,0,0,0,9,9,0,0,9,0.0,0.0,0.0,0.0,0.0,1.0,-1
"G[0,2]((Phosphate >= 0.000 & HR <= 34.068) -> Bilirubin_total >= 4.507)
",9999999.000,9999999.000,0.000,1.000,0.000,0,0,0,9,9,0,0,9,0.0,0.0,0.0,0.0,0.0,1.0,1
"G[1,2]((SepsisLabel <= 0.000 | MAP <= 0.000) -> DBP >= 0.000)
",9999999.000,9999999.000,0.000,1.000,0.000,0,0,9,0,0,9,9,0,0.0,0.0,1.0,0.0,0.0,1.0,1
"G[2,2](EtCO2 <= 0.000 & WBC <= 0.000)
",0.000,0.000,0.000,1.000,0.000,0,0,9,0,0,9,9,0,0.0,0.0,1.0,0.0,0.0,1.0,1
"G[2,2](SepsisLabel <= 0.000 -> Creatinine >= 0.000)
",0.000,0.000,0.000,1.000,0.000,0,0,9,0,0,9,9,0,0.0,0.0,1.0,0.0,0.0,1.0,1
"G[1,2](((PTT >= 0.000 & WBC <= 0.000) -> Calcium >= 0.000) -> Alkalinephos <= 0.000)
",9999999.000,9999999.000,0.000,1.000,0.000,0,0,9,0,0,9,9,0,0.0,0.0,1.0,0.0,0.0,1.0,1
"G[0,1](((pH >= 0.000 & DBP >= 8.649) -> Hct <= 35.818) & AST >= 4.625)
",9999999.000,9999999.000,0.000,1.000,0.000,0,0,0,9,9,0,0,9,0.0,0.0,0.0,0.0,0.0,1.0,1
"G[0,2]((Platelets >= 0.000 -> Calcium <= 0.000) -> SepsisLabel >= 0.000)
",9999999.000,9999999.000,0.000,1.000,0.000,0,0,9,0,0,9,9,0,0.0,0.0,1.0,0.0,0.0,1.0,1
"G[1,2](((Bilirubin_direct <= 0.000 | BUN <= 0.000) -> TroponinI <= 0.000) | PTT <= 0.000)
",9999999.000,9999999.000,0.000,1.000,0.000,0,0,9,0,0,9,9,0,0.0,0.0,1.0,0.0,0.0,1.0,1
"G[0,2](((Lactate >= 0.000 -> HCO3 >= 0.000) | BUN >= 0.000) | Bilirubin_direct <= 0.000)
",9999999.000,9999999.000,0.000,1.000,0.000,0,0,9,0,0,9,9,0,0.0,0.0,1.0,0.0,0.0,1.0,1
"G[1,2](((SepsisLabel <= 0.000 & Bilirubin_direct >= 0.000) | Chloride >= 0.000) & SaO2 >= 0.000)
",9999999.000,9999999.000,0.000,1.000,0.000,0,0,9,0,0,9,9,0,0.0,0.0,1.0,0.0,0.0,1.0,1
"G[0,2](((Chloride <= 0.000 & SepsisLabel <= 0.000) | MAP <= 0.000) & Creatinine >= 0.000)
",9999999.000,9999999.000,0.000,1.000,0.000,0,0,9,0,0,9,9,0,0.0,0.0,1.0,0.0,0.0,1.0,1
"G[0,2](Temp <= 26.980 -> Calcium <= 0.000)
",9999999.000,9999999.000,0.000,1.000,0.000,0,0,9,0,0,9,9,0,0.0,0.0,1.0,0.0,0.0,1.0,1
"G[0,2](Chloride >= 0.000 & HCO3 >= 0.000)
",9999999.000,9999999.000,0.000,1.000,0.000,0,0,9,0,0,9,9,0,0.0,0.0,1.0,0.0,0.0,1.0,1
"G[1,2](((BaseExcess >= 0.000 -> SBP <= 96.589) & Potassium <= 86.467) | Platelets >= 10.034)
",9999999.000,9999999.000,0.000,1.000,0.000,0,0,7,2,2,7,7,2,0.0,0.0,1.0,0.0,0.0,1.0,1
"F[1,2](TroponinI >= 0.000 | WBC >= 0.000)
",-9999999.000,-9999999.000,0.000,0.000,1.000,0,0,0,9,9,0,0,9,0.0,0.0,0.0,0.0,0.0,1.0,-1
