Rule,Discrimination Score,Pos Robustness,Neg Robustness,Percent Class +,Percent Class -,TP,TN,FP,FN,Actual Yes,Actual No,Predicted Yes,Predicted No,TPR/Sens,TNR/Spec,FPR,Precision,Accuracy,MCR
"G[0,0](((Creatinine >= 0.026 -> Bilirubin_direct <= 0.000) | PTT <= 0.000) & MAP >= 0.000)
",0.283,0.002,0.000,1.000,0.000,28,0,0,0,28,0,28,0,1.0,0.0,0.0,1.0,1.018181818181818,-0.018181818181818077
"G[0,0](((Hgb >= 0.139 | MAP <= 63.922) | Resp <= 68.669) & WBC <= 86.396)
",0.985,16.116,0.000,1.000,0.000,28,0,0,0,28,0,28,0,1.0,0.0,0.0,1.0,1.018181818181818,-0.018181818181818077
"G[0,0](Chloride >= 0.000 & HCO3 >= 0.000)
",0.000,0.000,0.000,1.000,0.000,28,0,0,0,28,0,28,0,1.0,0.0,0.0,1.0,1.018181818181818,-0.018181818181818077
"G[0,0]((Phosphate >= 0.000 & DBP >= 16.543) -> Creatinine <= 54.971)
",-7736423945186440.000,-54.971,0.000,1.000,0.000,28,0,0,0,28,0,28,0,1.0,0.0,0.0,1.0,1.018181818181818,-0.018181818181818077
"G[0,0]((Resp >= 7.462 -> BaseExcess >= 0.000) -> FiO2 <= 0.000)
",0.000,0.000,0.000,1.000,0.000,28,0,0,0,28,0,28,0,1.0,0.0,0.0,1.0,1.018181818181818,-0.018181818181818077
"G[0,0](((MAP <= 82.147 & Lactate <= 0.000) & HCO3 <= 0.000) -> BaseExcess <= 0.000)
",0.000,0.000,0.000,1.000,0.000,28,0,0,0,28,0,28,0,1.0,0.0,0.0,1.0,1.018181818181818,-0.018181818181818077
"G[0,0](Chloride >= 0.000 & HCO3 >= 0.000)
",0.000,0.000,0.000,1.000,0.000,28,0,0,0,28,0,28,0,1.0,0.0,0.0,1.0,1.018181818181818,-0.018181818181818077
"G[0,0](((Resp >= 4.396 | Lactate >= 0.000) | Temp <= 0.000) | Resp >= 0.000)
",2.635,57.278,0.000,1.000,0.000,28,0,0,0,28,0,28,0,1.0,0.0,0.0,1.0,1.018181818181818,-0.018181818181818077
"G[0,0](((Hgb <= 3.894 | FiO2 >= 0.000) & Bilirubin_total >= 0.000) & PTT <= 0.000)
",-0.283,-0.670,0.000,1.000,0.000,28,0,0,0,28,0,28,0,1.0,0.0,0.0,1.0,1.018181818181818,-0.018181818181818077
"G[0,0]((Phosphate <= 0.000 -> Hgb <= 7.973) | SepsisLabel <= 3.468)
",3.536,3.211,0.000,1.000,0.000,28,0,0,0,28,0,28,0,1.0,0.0,0.0,1.0,1.018181818181818,-0.018181818181818077
"G[0,0](Temp < 10.908 -> SepsisLabel = 0.000)
",0.200,4.465,0.000,1.000,0.000,28,0,0,0,28,0,28,0,1.0,0.0,0.0,1.0,1.018181818181818,-0.018181818181818077
"G[0,0]((PTT >= 0.000 & BUN >= 0.249) | Lactate <= 6.414)
",3.393,5.920,0.000,1.000,0.000,28,0,0,0,28,0,28,0,1.0,0.0,0.0,1.0,1.018181818181818,-0.018181818181818077
"G[0,0](TroponinI <= 0.000 -> DBP <= 75.155)
",-0.566,-10.713,0.000,1.000,0.000,28,0,0,0,28,0,28,0,1.0,0.0,0.0,1.0,1.018181818181818,-0.018181818181818077
"G[0,0](((HCO3 >= 0.000 | SaO2 <= 0.000) -> AST <= 0.000) & pH <= 0.000)
",0.000,0.000,0.000,1.000,0.000,28,0,0,0,28,0,28,0,1.0,0.0,0.0,1.0,1.018181818181818,-0.018181818181818077
"G[0,1]((Potassium >= 0.068 -> SBP >= 46.294) | Hct >= 28.795)
",9999999.000,9999999.000,0.000,1.000,0.000,27,0,1,0,27,1,28,0,1.0,0.0,1.0,0.9642857142857143,0.9818181818181818,0.018181818181818188
"G[0,1](((O2Sat <= 89.543 -> Platelets <= 77.313) & BaseExcess >= 8.071) | Creatinine <= 114.005)
",9999999.000,9999999.000,0.000,1.000,0.000,27,0,1,0,27,1,28,0,1.0,0.0,1.0,0.9642857142857143,0.9818181818181818,0.018181818181818188
"G[0,1]((BaseExcess >= 0.000 & Platelets >= 7.466) -> Hgb <= 76.078)
",9999999.000,9999999.000,0.000,1.000,0.000,27,0,1,0,27,1,28,0,1.0,0.0,1.0,0.9642857142857143,0.9818181818181818,0.018181818181818188
"G[0,1](Fibrinogen >= 0.000 & HCO3 >= 0.000)
",9999999.000,9999999.000,0.000,1.000,0.000,27,0,1,0,27,1,28,0,1.0,0.0,1.0,0.9642857142857143,0.9818181818181818,0.018181818181818188
"G[0,1]((PaCO2 >= 0.000 & Chloride <= 0.000) & SepsisLabel >= 0.000)
",9999999.000,9999999.000,0.000,1.000,0.000,27,0,1,0,27,1,28,0,1.0,0.0,1.0,0.9642857142857143,0.9818181818181818,0.018181818181818188
"G[0,1](((BUN <= 2.296 | Platelets >= 8.800) | TroponinI >= 10.462) & AST <= 80.806)
",9999999.000,9999999.000,0.000,1.000,0.000,27,0,1,0,27,1,28,0,1.0,0.0,1.0,0.9642857142857143,0.9818181818181818,0.018181818181818188
"G[1,1](((BaseExcess <= 0.000 | DBP >= 27.068) -> Calcium <= 73.138) | Lactate <= 53.168)
",7482734370393803.000,53.168,0.000,1.000,0.000,27,0,1,0,27,1,28,0,1.0,0.0,1.0,0.9642857142857143,0.9818181818181818,0.018181818181818188
"G[0,1](((DBP <= 61.576 & MAP <= 68.237) | Temp >= 58.503) -> EtCO2 <= 92.594)
",9999999.000,9999999.000,0.000,1.000,0.000,27,0,1,0,27,1,28,0,1.0,0.0,1.0,0.9642857142857143,0.9818181818181818,0.018181818181818188
"G[1,1](((Temp <= 33.865 & WBC <= 6.040) & BUN <= 16.251) | AST <= 27.910)
",27.910,27.910,0.000,1.000,0.000,27,0,1,0,27,1,28,0,1.0,0.0,1.0,0.9642857142857143,0.9818181818181818,0.018181818181818188
"G[1,1]((Creatinine >= 0.011 & Resp <= 17.725) -> Phosphate <= 17.093)
",-4811349958227980.000,-17.093,0.000,1.000,0.000,27,0,1,0,27,1,28,0,1.0,0.0,1.0,0.9642857142857143,0.9818181818181818,0.018181818181818188
"G[0,1](Glucose <= 117.651 | HR <= 63.944)
",9999999.000,9999999.000,0.000,1.000,0.000,27,0,1,0,27,1,28,0,1.0,0.0,1.0,0.9642857142857143,0.9818181818181818,0.018181818181818188
"G[1,1](AST <= 0.000 -> AST <= 0.000)
",0.000,0.000,0.000,1.000,0.000,27,0,1,0,27,1,28,0,1.0,0.0,1.0,0.9642857142857143,0.9818181818181818,0.018181818181818188
"G[0,1]((Bilirubin_direct <= 0.000 | Phosphate <= 0.000) | Alkalinephos <= 0.000)
",9999999.000,9999999.000,0.000,1.000,0.000,27,0,1,0,27,1,28,0,1.0,0.0,1.0,0.9642857142857143,0.9818181818181818,0.018181818181818188
"G[0,1](BUN <= 7.853 | SBP >= 36.060)
",9999999.000,9999999.000,0.000,1.000,0.000,27,0,1,0,27,1,28,0,1.0,0.0,1.0,0.9642857142857143,0.9818181818181818,0.018181818181818188
"G[0,1]((Phosphate >= 0.000 -> FiO2 <= 0.000) -> FiO2 >= 0.000)
",9999999.000,9999999.000,0.000,1.000,0.000,27,0,1,0,27,1,28,0,1.0,0.0,1.0,0.9642857142857143,0.9818181818181818,0.018181818181818188
"G[0,1](((pH >= 0.000 | AST <= 0.000) & Lactate >= 0.000) & DBP >= 0.000)
",9999999.000,9999999.000,0.000,1.000,0.000,27,0,1,0,27,1,28,0,1.0,0.0,1.0,0.9642857142857143,0.9818181818181818,0.018181818181818188
"G[1,1](Fibrinogen >= 0.000 | Platelets <= 157.256)
",157.256,157.256,0.000,1.000,0.000,27,0,1,0,27,1,28,0,1.0,0.0,1.0,0.9642857142857143,0.9818181818181818,0.018181818181818188
"G[1,1](((EtCO2 <= 0.000 | DBP <= 76.178) | PTT >= 7.690) | BUN >= 18.724)
",5360549898840287.000,76.178,0.000,1.000,0.000,27,0,1,0,27,1,28,0,1.0,0.0,1.0,0.9642857142857143,0.9818181818181818,0.018181818181818188
"G[0,1]((Hct <= 12.361 | AST >= 0.000) | BaseExcess >= 0.000)
",9999999.000,9999999.000,0.000,1.000,0.000,27,0,1,0,27,1,28,0,1.0,0.0,1.0,0.9642857142857143,0.9818181818181818,0.018181818181818188
"G[0,1](BUN >= 0.260 | WBC <= 27.019)
",9999999.000,9999999.000,0.000,1.000,0.000,27,0,1,0,27,1,28,0,1.0,0.0,1.0,0.9642857142857143,0.9818181818181818,0.018181818181818188
"G[1,1](((Creatinine <= 0.364 -> AST <= 0.000) | HCO3 <= 0.000) | Fibrinogen >= 0.000)
",0.000,0.000,0.000,1.000,0.000,27,0,1,0,27,1,28,0,1.0,0.0,1.0,0.9642857142857143,0.9818181818181818,0.018181818181818188
"G[0,1](((EtCO2 >= 0.000 & PTT >= 0.000) | Bilirubin_total <= 0.000) -> EtCO2 >= 0.000)
",9999999.000,9999999.000,0.000,1.000,0.000,27,0,1,0,27,1,28,0,1.0,0.0,1.0,0.9642857142857143,0.9818181818181818,0.018181818181818188
"G[0,1]((Creatinine <= 0.176 -> Creatinine <= 0.671) | WBC <= 0.052)
",9999999.000,9999999.000,0.000,1.000,0.000,27,0,1,0,27,1,28,0,1.0,0.0,1.0,0.9642857142857143,0.9818181818181818,0.018181818181818188
"G[1,1]((PTT >= 0.000 | FiO2 >= 0.000) -> Bilirubin_total <= 0.000)
",0.000,0.000,0.000,1.000,0.000,27,0,1,0,27,1,28,0,1.0,0.0,1.0,0.9642857142857143,0.9818181818181818,0.018181818181818188
"G[0,1](((Glucose >= 4.324 | DBP >= 3.733) & Lactate <= 60.673) -> SaO2 <= 63.606)
",9999999.000,9999999.000,0.000,1.000,0.000,27,0,1,0,27,1,28,0,1.0,0.0,1.0,0.9642857142857143,0.9818181818181818,0.018181818181818188
"G[1,1](Bilirubin_direct >= 0.000 | Bilirubin_total <= 0.000)
",0.000,0.000,0.000,1.000,0.000,27,0,1,0,27,1,28,0,1.0,0.0,1.0,0.9642857142857143,0.9818181818181818,0.018181818181818188
"G[0,1]((EtCO2 >= 0.000 | Bilirubin_total >= 0.000) | Alkalinephos <= 0.000)
",9999999.000,9999999.000,0.000,1.000,0.000,27,0,1,0,27,1,28,0,1.0,0.0,1.0,0.9642857142857143,0.9818181818181818,0.018181818181818188
"G[0,1](PaCO2 >= 0.000 & Chloride <= 0.000)
",9999999.000,9999999.000,0.000,1.000,0.000,27,0,1,0,27,1,28,0,1.0,0.0,1.0,0.9642857142857143,0.9818181818181818,0.018181818181818188
"G[0,1]((PaCO2 >= 0.000 -> BaseExcess <= 0.000) -> Calcium >= 0.000)
",9999999.000,9999999.000,0.000,1.000,0.000,27,0,1,0,27,1,28,0,1.0,0.0,1.0,0.9642857142857143,0.9818181818181818,0.018181818181818188
"G[0,1](Temp >= 3.190 | TroponinI >= 0.000)
",9999999.000,9999999.000,0.000,1.000,0.000,27,0,1,0,27,1,28,0,1.0,0.0,1.0,0.9642857142857143,0.9818181818181818,0.018181818181818188
"G[0,1](((Bilirubin_direct <= 0.000 -> Potassium <= 3.713) -> SBP >= 0.147) | Bilirubin_total <= 1.234)
",9999999.000,9999999.000,0.000,1.000,0.000,27,0,1,0,27,1,28,0,1.0,0.0,1.0,0.9642857142857143,0.9818181818181818,0.018181818181818188
"G[0,1]((Bilirubin_direct >= 0.000 & Fibrinogen >= 0.000) -> EtCO2 <= 0.000)
",9999999.000,9999999.000,0.000,1.000,0.000,27,0,1,0,27,1,28,0,1.0,0.0,1.0,0.9642857142857143,0.9818181818181818,0.018181818181818188
"G[1,1](SaO2 >= 0.000 & AST <= 0.000)
",0.000,0.000,0.000,1.000,0.000,27,0,1,0,27,1,28,0,1.0,0.0,1.0,0.9642857142857143,0.9818181818181818,0.018181818181818188
"G[1,1]((Bilirubin_direct <= 0.000 | Magnesium <= 0.000) & Chloride <= 0.000)
",0.000,0.000,0.000,1.000,0.000,27,0,1,0,27,1,28,0,1.0,0.0,1.0,0.9642857142857143,0.9818181818181818,0.018181818181818188
"G[1,1](((Alkalinephos <= 0.000 & Magnesium <= 0.000) & BaseExcess >= 0.000) | Glucose >= 0.000)
",0.000,0.000,0.000,1.000,0.000,27,0,1,0,27,1,28,0,1.0,0.0,1.0,0.9642857142857143,0.9818181818181818,0.018181818181818188
"G[0,1]((Lactate >= 0.000 | HR <= 61.482) | Temp <= 59.660)
",9999999.000,9999999.000,0.000,1.000,0.000,27,0,1,0,27,1,28,0,1.0,0.0,1.0,0.9642857142857143,0.9818181818181818,0.018181818181818188
"G[1,1]((BaseExcess <= 0.000 | DBP >= 24.210) & Lactate <= 69.846)
",0.000,0.000,0.000,1.000,0.000,27,0,1,0,27,1,28,0,1.0,0.0,1.0,0.9642857142857143,0.9818181818181818,0.018181818181818188
"G[1,1](SBP >= 84.850 -> Magnesium >= 0.000)
",0.000,0.000,0.000,1.000,0.000,27,0,1,0,27,1,28,0,1.0,0.0,1.0,0.9642857142857143,0.9818181818181818,0.018181818181818188
"G[0,1](Phosphate >= 0.000 & SepsisLabel = 0.000)
",9999999.000,9999999.000,0.000,1.000,0.000,27,0,1,0,27,1,28,0,1.0,0.0,1.0,0.9642857142857143,0.9818181818181818,0.018181818181818188
"G[0,1]((AST >= 0.000 & Fibrinogen <= 0.000) | PaCO2 >= 0.000)
",9999999.000,9999999.000,0.000,1.000,0.000,27,0,1,0,27,1,28,0,1.0,0.0,1.0,0.9642857142857143,0.9818181818181818,0.018181818181818188
"G[0,1](BaseExcess >= 0.000 -> SepsisLabel = 0.000)
",9999999.000,9999999.000,0.000,1.000,0.000,27,0,1,0,27,1,28,0,1.0,0.0,1.0,0.9642857142857143,0.9818181818181818,0.018181818181818188
"G[0,1](((SBP >= 88.046 & Temp >= 2.129) -> HCO3 <= 16.814) & AST <= 36.522)
",9999999.000,9999999.000,0.000,1.000,0.000,27,0,1,0,27,1,28,0,1.0,0.0,1.0,0.9642857142857143,0.9818181818181818,0.018181818181818188
"G[0,1](Chloride > 0.000 -> SepsisLabel = 0.000)
",9999999.000,9999999.000,0.000,1.000,0.000,27,0,1,0,27,1,28,0,1.0,0.0,1.0,0.9642857142857143,0.9818181818181818,0.018181818181818188
"G[0,1](((SepsisLabel <= 0.000 -> DBP <= 56.073) | Phosphate <= 54.304) -> FiO2 <= 71.133)
",9999999.000,9999999.000,0.000,1.000,0.000,27,0,1,0,27,1,28,0,1.0,0.0,1.0,0.9642857142857143,0.9818181818181818,0.018181818181818188
"G[0,1](Platelets > 3.667 -> SepsisLabel = 0.000)
",9999999.000,9999999.000,0.000,1.000,0.000,27,0,1,0,27,1,28,0,1.0,0.0,1.0,0.9642857142857143,0.9818181818181818,0.018181818181818188
"G[0,1](Chloride >= 0.000 & HCO3 >= 0.000)
",9999999.000,9999999.000,0.000,1.000,0.000,27,0,1,0,27,1,28,0,1.0,0.0,1.0,0.9642857142857143,0.9818181818181818,0.018181818181818188
"G[0,1](EtCO2 <= 0.000 -> pH <= 0.000)
",9999999.000,9999999.000,0.000,1.000,0.000,27,0,1,0,27,1,28,0,1.0,0.0,1.0,0.9642857142857143,0.9818181818181818,0.018181818181818188
"G[1,1]((HCO3 <= 0.000 | Phosphate >= 0.000) & FiO2 >= 0.000)
",0.000,0.000,0.000,1.000,0.000,27,0,1,0,27,1,28,0,1.0,0.0,1.0,0.9642857142857143,0.9818181818181818,0.018181818181818188
"G[1,1](Chloride >= 0.000 & HCO3 >= 0.000)
",0.000,0.000,0.000,1.000,0.000,27,0,1,0,27,1,28,0,1.0,0.0,1.0,0.9642857142857143,0.9818181818181818,0.018181818181818188
"G[0,1](Alkalinephos >= 0.000 & SepsisLabel = 0.000)
",9999999.000,9999999.000,0.000,1.000,0.000,27,0,1,0,27,1,28,0,1.0,0.0,1.0,0.9642857142857143,0.9818181818181818,0.018181818181818188
"G[0,1]((HR >= 35.084 & AST <= 0.000) -> SepsisLabel <= 0.000)
",9999999.000,9999999.000,0.000,1.000,0.000,27,0,1,0,27,1,28,0,1.0,0.0,1.0,0.9642857142857143,0.9818181818181818,0.018181818181818188
"G[1,1](((PaCO2 <= 0.000 | BUN <= 4.836) -> Calcium <= 0.602) -> Phosphate <= 8.545)
",-4810317020276524.000,-8.545,0.000,1.000,0.000,27,0,1,0,27,1,28,0,1.0,0.0,1.0,0.9642857142857143,0.9818181818181818,0.018181818181818188
"G[1,1](BaseExcess <= 0.000 & Creatinine <= 0.628)
",0.000,0.000,0.000,1.000,0.000,26,0,1,1,27,1,27,1,0.9629629629629629,0.0,1.0,0.9629629629629629,0.9454545454545454,0.054545454545454564
"G[0,0](HR > 54.088 & SepsisLabel = 0.000)
",-0.283,-14.185,0.000,1.000,0.000,26,0,0,2,28,0,26,2,0.9285714285714286,0.0,0.0,1.0,0.9454545454545454,0.054545454545454564
"G[1,1]((Phosphate <= 0.000 & Resp >= 4.519) -> Glucose <= 19.903)
",-19.903,-19.903,0.000,1.000,0.000,26,0,1,1,27,1,27,1,0.9629629629629629,0.0,1.0,0.9629629629629629,0.9454545454545454,0.054545454545454564
"G[0,1](((FiO2 <= 0.000 & Creatinine <= 0.576) -> PaCO2 >= 0.018) | Hgb <= 0.498)
",9999999.000,9999999.000,0.000,1.000,0.000,25,0,1,2,27,1,26,2,0.9259259259259259,0.0,1.0,0.9615384615384616,0.9090909090909091,0.09090909090909094
"G[0,1]((Temp <= 12.420 & WBC >= 0.989) -> AST >= 0.975)
",9999999.000,9999999.000,0.000,1.000,0.000,25,0,1,2,27,1,26,2,0.9259259259259259,0.0,1.0,0.9615384615384616,0.9090909090909091,0.09090909090909094
"G[1,1]((MAP <= 92.659 & HR <= 72.286) | Lactate >= 39.613)
",72.286,72.286,0.000,1.000,0.000,25,0,1,2,27,1,26,2,0.9259259259259259,0.0,1.0,0.9615384615384616,0.9090909090909091,0.09090909090909094
"G[0,1](((Creatinine <= 0.266 | BaseExcess >= 0.000) | Glucose <= 0.000) -> Creatinine <= 0.000)
",9999999.000,9999999.000,0.000,1.000,0.000,24,0,1,3,27,1,25,3,0.8888888888888888,0.0,1.0,0.96,0.8727272727272727,0.12727272727272732
"G[1,1]((Bilirubin_total >= 0.000 | Hgb <= 1.162) & DBP >= 0.158)
",-0.158,-0.158,0.000,1.000,0.000,24,0,1,3,27,1,25,3,0.8888888888888888,0.0,1.0,0.96,0.8727272727272727,0.12727272727272732
"G[0,1](((BaseExcess <= 0.000 | Alkalinephos >= 0.000) -> SepsisLabel >= 0.000) -> BUN <= 0.000)
",9999999.000,9999999.000,0.000,1.000,0.000,24,0,1,3,27,1,25,3,0.8888888888888888,0.0,1.0,0.96,0.8727272727272727,0.12727272727272732
"G[0,1]((HCO3 <= 0.000 & SaO2 >= 0.000) & Hgb <= 0.000)
",9999999.000,9999999.000,0.000,1.000,0.000,24,0,1,3,27,1,25,3,0.8888888888888888,0.0,1.0,0.96,0.8727272727272727,0.12727272727272732
"G[0,1]((Bilirubin_direct >= 0.000 & Bilirubin_total >= 0.000) -> WBC <= 0.000)
",9999999.000,9999999.000,0.000,1.000,0.000,24,0,1,3,27,1,25,3,0.8888888888888888,0.0,1.0,0.96,0.8727272727272727,0.12727272727272732
"G[0,1](Hgb <= 2.459 | Platelets <= 157.781)
",9999999.000,9999999.000,0.000,1.000,0.000,24,0,1,3,27,1,25,3,0.8888888888888888,0.0,1.0,0.96,0.8727272727272727,0.12727272727272732
"G[0,1](((BUN <= 0.936 & Chloride <= 0.000) | SBP >= 0.000) -> WBC <= 0.000)
",9999999.000,9999999.000,0.000,1.000,0.000,24,0,1,3,27,1,25,3,0.8888888888888888,0.0,1.0,0.96,0.8727272727272727,0.12727272727272732
"G[1,1]((HCO3 >= 0.000 -> Resp <= 20.915) & DBP >= 1.098)
",-5886965238893724.000,-20.915,0.000,1.000,0.000,24,0,1,3,27,1,25,3,0.8888888888888888,0.0,1.0,0.96,0.8727272727272727,0.12727272727272732
"G[0,1](((Glucose <= 5.660 | SepsisLabel >= 0.000) -> BaseExcess <= 0.000) -> Hct <= 0.000)
",9999999.000,9999999.000,0.000,1.000,0.000,24,0,1,3,27,1,25,3,0.8888888888888888,0.0,1.0,0.96,0.8727272727272727,0.12727272727272732
"G[0,1](Chloride <= 0.000 -> HR >= 15.396)
",9999999.000,9999999.000,0.000,1.000,0.000,24,0,1,3,27,1,25,3,0.8888888888888888,0.0,1.0,0.96,0.8727272727272727,0.12727272727272732
"G[1,1](((SepsisLabel <= 0.000 | Platelets >= 10.600) & Hgb >= 10.379) | MAP >= 1.602)
",-7214250756987467.000,-1.602,0.000,1.000,0.000,24,0,1,3,27,1,25,3,0.8888888888888888,0.0,1.0,0.96,0.8727272727272727,0.12727272727272732
"G[0,1](FiO2 >= 0.000 & HR >= 37.702)
",9999999.000,9999999.000,0.000,1.000,0.000,24,0,1,3,27,1,25,3,0.8888888888888888,0.0,1.0,0.96,0.8727272727272727,0.12727272727272732
"G[0,0](((MAP >= 36.024 & WBC <= 12.921) | DBP >= 1.123) & MAP >= 0.385)
",3.290,64.211,0.000,1.000,0.000,24,0,0,4,28,0,24,4,0.8571428571428571,0.0,0.0,1.0,0.8727272727272727,0.12727272727272732
"G[0,0]((AST >= 0.000 | DBP >= 42.297) -> DBP <= 63.086)
",-2.785,-30.842,0.000,1.000,0.000,23,0,0,5,28,0,23,5,0.8214285714285714,0.0,0.0,1.0,0.8363636363636363,0.1636363636363637
"G[0,1]((O2Sat >= 19.538 -> O2Sat >= 20.553) & DBP >= 18.557)
",9999999.000,9999999.000,0.000,1.000,0.000,22,0,1,5,27,1,23,5,0.8148148148148148,0.0,1.0,0.9565217391304348,0.8,0.19999999999999996
"G[0,1](Creatinine <= 0.419 -> SBP >= 9.329)
",9999999.000,9999999.000,0.000,1.000,0.000,22,0,1,5,27,1,23,5,0.8148148148148148,0.0,1.0,0.9565217391304348,0.8,0.19999999999999996
"G[0,1](Creatinine <= 0.386 & HR >= 16.415)
",9999999.000,9999999.000,0.000,1.000,0.000,21,0,1,6,27,1,22,6,0.7777777777777778,0.0,1.0,0.9545454545454546,0.7636363636363637,0.23636363636363633
"G[1,1](Hct >= 0.698 | Resp <= 15.389)
",8662980641386743.000,15.389,0.000,1.000,0.000,15,0,1,12,27,1,16,12,0.5555555555555556,0.0,1.0,0.9375,0.5454545454545454,0.4545454545454546
"G[0,0](DBP >= 9.293 -> Hgb >= 0.443)
",-3.270,-56.696,0.000,1.000,0.000,4,0,0,24,28,0,4,24,0.14285714285714285,0.0,0.0,1.0,0.14545454545454545,0.8545454545454545
"G[0,1]((Resp <= 14.036 & DBP >= 29.789) & HCO3 <= 63.745)
",9999999.000,9999999.000,0.000,1.000,0.000,4,0,0,24,28,0,4,24,0.14285714285714285,0.0,0.0,1.0,0.14545454545454545,0.8545454545454545
"G[0,1]((DBP <= 52.667 & Hct <= 7.782) | Creatinine >= 0.422)
",9999999.000,9999999.000,0.000,1.000,0.000,3,0,0,25,28,0,3,25,0.10714285714285714,0.0,0.0,1.0,0.10909090909090909,0.8909090909090909
"G[1,1](((Hgb <= 3.963 | Hct <= 3.831) -> WBC >= 0.991) & Platelets >= 8.280)
",-4661154675872060.000,-8.280,0.000,1.000,0.000,2,0,1,25,27,1,3,25,0.07407407407407407,0.0,1.0,0.6666666666666666,0.07272727272727272,0.9272727272727272
"G[1,1](((Hgb <= 3.013 | Hct <= 22.221) -> WBC >= 0.130) & Platelets >= 1.042)
",-6254716314173217.000,-22.221,0.000,1.000,0.000,2,0,1,25,27,1,3,25,0.07407407407407407,0.0,1.0,0.6666666666666666,0.07272727272727272,0.9272727272727272
"G[1,1](Platelets <= 75.540 -> WBC >= 0.887)
",-5315666719057595.000,-75.540,0.000,1.000,0.000,2,0,1,25,27,1,3,25,0.07407407407407407,0.0,1.0,0.6666666666666666,0.07272727272727272,0.9272727272727272
"G[1,1](Platelets <= 195.100 -> WBC >= 0.524)
",-6864463125120855.000,-195.100,0.000,1.000,0.000,2,0,1,25,27,1,3,25,0.07407407407407407,0.0,1.0,0.6666666666666666,0.07272727272727272,0.9272727272727272
"G[1,1](Calcium >= 0.282 & FiO2 >= 0.000)
",-0.282,-0.282,0.000,1.000,0.000,2,0,1,25,27,1,3,25,0.07407407407407407,0.0,1.0,0.6666666666666666,0.07272727272727272,0.9272727272727272
"G[0,0](Platelets <= 28.988 -> WBC >= 0.944)
",-28.988,-28.988,0.000,1.000,0.000,1,0,0,27,28,0,1,27,0.03571428571428571,0.0,0.0,1.0,0.03636363636363636,0.9636363636363636
"G[1,1](BUN <= 7.597 & Creatinine >= 0.023)
",-6670419324156708.000,-0.023,0.000,1.000,0.000,1,0,1,26,27,1,2,26,0.037037037037037035,0.0,1.0,0.5,0.03636363636363636,0.9636363636363636
"G[0,0]((Temp >= 5.139 -> Hgb <= 4.373) -> Hct >= 0.407)
",7326808450513924.000,0.407,0.000,1.000,0.000,1,0,0,27,28,0,1,27,0.03571428571428571,0.0,0.0,1.0,0.03636363636363636,0.9636363636363636
"G[0,0](((Hgb <= 0.918 | Hct <= 27.169) -> WBC >= 0.313) & Platelets >= 9.016)
",-7647341027181525.000,-27.169,0.000,1.000,0.000,1,0,0,27,28,0,1,27,0.03571428571428571,0.0,0.0,1.0,0.03636363636363636,0.9636363636363636
"G[0,0](PTT >= 0.000 & Creatinine >= 0.008)
",-0.008,-0.008,0.000,1.000,0.000,1,0,0,27,28,0,1,27,0.03571428571428571,0.0,0.0,1.0,0.03636363636363636,0.9636363636363636
"G[0,0](((Hgb <= 7.628 | Hct <= 23.616) -> WBC >= 0.377) & Platelets >= 7.059)
",-6647225876010775.000,-23.616,0.000,1.000,0.000,1,0,0,27,28,0,1,27,0.03571428571428571,0.0,0.0,1.0,0.03636363636363636,0.9636363636363636
"G[0,1]((WBC >= 0.993 -> Chloride <= 0.000) -> SBP <= 0.000)
",9999999.000,9999999.000,0.000,1.000,0.000,1,0,0,27,28,0,1,27,0.03571428571428571,0.0,0.0,1.0,0.03636363636363636,0.9636363636363636
"G[1,2]((TroponinI >= 0.000 & Magnesium <= 0.000) & Potassium >= 0.000)
",9999999.000,9999999.000,0.000,1.000,0.000,0,0,28,0,0,28,28,0,0.0,0.0,1.0,0.0,0.0,1.0
"G[2,2]((MAP >= 33.602 -> WBC >= 0.269) & Glucose >= 0.132)
",-4739312993402959.000,-0.132,0.000,1.000,0.000,0,0,28,0,0,28,28,0,0.0,0.0,1.0,0.0,0.0,1.0
"G[1,2](SepsisLabel <= 0.000 & Creatinine >= 0.007)
",9999999.000,9999999.000,0.000,1.000,0.000,0,0,3,25,25,3,3,25,0.0,0.0,1.0,0.0,0.0,1.0
"G[1,2](MAP >= 42.346 | Bilirubin_total <= 0.000)
",9999999.000,9999999.000,0.000,1.000,0.000,0,0,28,0,0,28,28,0,0.0,0.0,1.0,0.0,0.0,1.0
"G[1,2](((Platelets <= 132.211 -> Resp <= 12.575) -> HR >= 3.292) -> SBP >= 11.329)
",9999999.000,9999999.000,0.000,1.000,0.000,0,0,27,1,1,27,27,1,0.0,0.0,1.0,0.0,0.0,1.0
"G[2,2](((HCO3 >= 0.000 & EtCO2 >= 0.000) | Hct >= 0.000) | Magnesium <= 0.000)
",0.000,0.000,0.000,1.000,0.000,0,0,28,0,0,28,28,0,0.0,0.0,1.0,0.0,0.0,1.0
"G[0,2]((HCO3 >= 0.000 -> SaO2 >= 0.000) & HR <= 0.000)
",9999999.000,9999999.000,0.000,1.000,0.000,0,0,1,27,27,1,1,27,0.0,0.0,1.0,0.0,0.0,1.0
"G[0,1]((SepsisLabel <= 0.000 | Platelets <= 95.513) & FiO2 >= 6.184)
",9999999.000,9999999.000,0.000,1.000,0.000,0,0,0,28,28,0,0,28,0.0,0.0,0.0,0.0,0.0,1.0
"G[1,2](((BaseExcess <= 0.000 & Magnesium >= 0.000) & Hct <= 0.000) & Hgb >= 0.000)
",9999999.000,9999999.000,0.000,1.000,0.000,0,0,26,2,2,26,26,2,0.0,0.0,1.0,0.0,0.0,1.0
"G[0,2]((Hgb >= 0.345 & AST >= 0.000) -> Hct >= 0.000)
",9999999.000,9999999.000,0.000,1.000,0.000,0,0,28,0,0,28,28,0,0.0,0.0,1.0,0.0,0.0,1.0
"G[1,2]((TroponinI >= 0.000 & Magnesium >= 0.000) -> BUN >= 0.000)
",9999999.000,9999999.000,0.000,1.000,0.000,0,0,28,0,0,28,28,0,0.0,0.0,1.0,0.0,0.0,1.0
"G[1,2](((MAP <= 79.722 | HR >= 50.782) & Magnesium <= 56.739) | Lactate <= 73.807)
",9999999.000,9999999.000,0.000,1.000,0.000,0,0,28,0,0,28,28,0,0.0,0.0,1.0,0.0,0.0,1.0
"G[1,2](((Potassium >= 0.042 | AST <= 0.000) -> HCO3 <= 0.000) -> SaO2 <= 0.000)
",9999999.000,9999999.000,0.000,1.000,0.000,0,0,28,0,0,28,28,0,0.0,0.0,1.0,0.0,0.0,1.0
"G[1,2](Hgb >= 0.005 -> pH >= 0.000)
",9999999.000,9999999.000,0.000,1.000,0.000,0,0,28,0,0,28,28,0,0.0,0.0,1.0,0.0,0.0,1.0
"G[0,2](((Hgb <= 7.552 & Resp <= 18.055) & Lactate >= 10.790) -> Chloride <= 20.437)
",9999999.000,9999999.000,0.000,1.000,0.000,0,0,28,0,0,28,28,0,0.0,0.0,1.0,0.0,0.0,1.0
"G[1,2](((Platelets >= 8.322 & SBP >= 5.598) | TroponinI >= 49.506) | Fibrinogen >= 68.634)
",9999999.000,9999999.000,0.000,1.000,0.000,0,0,3,25,25,3,3,25,0.0,0.0,1.0,0.0,0.0,1.0
"G[0,2](((Platelets >= 1.813 & SBP >= 94.374) & pH <= 132.283) | SBP >= 88.341)
",9999999.000,9999999.000,0.000,1.000,0.000,0,0,22,6,6,22,22,6,0.0,0.0,1.0,0.0,0.0,1.0
"G[1,2](O2Sat <= 83.518 -> Chloride >= 0.000)
",9999999.000,9999999.000,0.000,1.000,0.000,0,0,28,0,0,28,28,0,0.0,0.0,1.0,0.0,0.0,1.0
"G[0,2](((Magnesium <= 0.000 & PaCO2 <= 0.000) | EtCO2 <= 0.000) -> BUN >= 0.000)
",9999999.000,9999999.000,0.000,1.000,0.000,0,0,28,0,0,28,28,0,0.0,0.0,1.0,0.0,0.0,1.0
"G[1,2](((HR >= 40.094 & Magnesium <= 0.000) | pH >= 0.000) -> Magnesium >= 0.000)
",9999999.000,9999999.000,0.000,1.000,0.000,0,0,28,0,0,28,28,0,0.0,0.0,1.0,0.0,0.0,1.0
"G[1,2]((O2Sat >= 30.175 | SaO2 >= 0.000) & Alkalinephos >= 0.000)
",9999999.000,9999999.000,0.000,1.000,0.000,0,0,28,0,0,28,28,0,0.0,0.0,1.0,0.0,0.0,1.0
"G[0,2]((Glucose <= 48.242 | EtCO2 >= 0.000) | SaO2 >= 0.000)
",9999999.000,9999999.000,0.000,1.000,0.000,0,0,28,0,0,28,28,0,0.0,0.0,1.0,0.0,0.0,1.0
"G[0,2](((PTT <= 0.000 -> AST <= 0.000) & Hct >= 0.000) | Creatinine <= 0.000)
",9999999.000,9999999.000,0.000,1.000,0.000,0,0,28,0,0,28,28,0,0.0,0.0,1.0,0.0,0.0,1.0
"G[0,2]((Alkalinephos >= 0.000 -> DBP <= 62.355) & Lactate >= 0.180)
",9999999.000,9999999.000,0.000,1.000,0.000,0,0,0,28,28,0,0,28,0.0,0.0,0.0,0.0,0.0,1.0
"G[1,2]((Potassium <= 3.529 -> Potassium <= 2.796) -> Calcium >= 0.114)
",9999999.000,9999999.000,0.000,1.000,0.000,0,0,3,25,25,3,3,25,0.0,0.0,1.0,0.0,0.0,1.0
"G[1,2](Phosphate <= 0.000 | BUN <= 1.543)
",9999999.000,9999999.000,0.000,1.000,0.000,0,0,28,0,0,28,28,0,0.0,0.0,1.0,0.0,0.0,1.0
"G[1,2]((Chloride <= 0.000 | O2Sat <= 80.702) | Creatinine <= 83.929)
",9999999.000,9999999.000,0.000,1.000,0.000,0,0,28,0,0,28,28,0,0.0,0.0,1.0,0.0,0.0,1.0
"G[0,2](Creatinine <= 0.245 -> DBP <= 74.233)
",9999999.000,9999999.000,0.000,1.000,0.000,0,0,26,2,2,26,26,2,0.0,0.0,1.0,0.0,0.0,1.0
"G[0,2](Platelets <= 163.287 -> SaO2 <= 0.000)
",9999999.000,9999999.000,0.000,1.000,0.000,0,0,28,0,0,28,28,0,0.0,0.0,1.0,0.0,0.0,1.0
"G[0,0](((pH <= 0.000 | Hgb <= 6.586) & Calcium <= 1.408) & Fibrinogen >= 0.264)
",-3.536,-0.244,0.000,1.000,0.000,0,0,0,28,28,0,0,28,0.0,0.0,0.0,0.0,0.0,1.0
"G[1,2](((Bilirubin_total >= 0.000 & HR <= 68.613) & Hgb <= 71.247) | Bilirubin_direct <= 68.820)
",9999999.000,9999999.000,0.000,1.000,0.000,0,0,28,0,0,28,28,0,0.0,0.0,1.0,0.0,0.0,1.0
"G[0,2](O2Sat >= 69.751 & WBC >= 0.440)
",9999999.000,9999999.000,0.000,1.000,0.000,0,0,0,28,28,0,0,28,0.0,0.0,0.0,0.0,0.0,1.0
"G[0,1]((Creatinine >= 0.010 -> HR >= 9.992) & HCO3 >= 19.840)
",9999999.000,9999999.000,0.000,1.000,0.000,0,0,0,28,28,0,0,28,0.0,0.0,0.0,0.0,0.0,1.0
"G[0,2](((FiO2 >= 0.000 & Hgb >= 0.282) | SBP <= 8.900) | Alkalinephos <= 2.516)
",9999999.000,9999999.000,0.000,1.000,0.000,0,0,28,0,0,28,28,0,0.0,0.0,1.0,0.0,0.0,1.0
"G[0,2](((O2Sat >= 35.324 & Chloride >= 0.000) | Bilirubin_direct >= 0.000) -> EtCO2 <= 0.000)
",9999999.000,9999999.000,0.000,1.000,0.000,0,0,28,0,0,28,28,0,0.0,0.0,1.0,0.0,0.0,1.0
"G[2,2](((Fibrinogen >= 0.000 | SepsisLabel <= 0.000) & SepsisLabel <= 0.000) & Glucose <= 0.000)
",0.000,0.000,0.000,1.000,0.000,0,0,28,0,0,28,28,0,0.0,0.0,1.0,0.0,0.0,1.0
"G[0,0]((PTT <= 0.000 | Calcium >= 0.341) & TroponinI >= 0.051)
",-0.958,-0.073,0.000,1.000,0.000,0,0,0,28,28,0,0,28,0.0,0.0,0.0,0.0,0.0,1.0
"G[0,2](((PaCO2 >= 0.000 | Resp <= 12.850) -> Platelets <= 19.389) -> PTT >= 1.976)
",9999999.000,9999999.000,0.000,1.000,0.000,0,0,0,28,28,0,0,28,0.0,0.0,0.0,0.0,0.0,1.0
"G[1,2](((SaO2 <= 0.000 | SepsisLabel <= 0.000) & SaO2 >= 0.000) -> HCO3 <= 0.000)
",9999999.000,9999999.000,0.000,1.000,0.000,0,0,28,0,0,28,28,0,0.0,0.0,1.0,0.0,0.0,1.0
"G[0,2](((Chloride >= 0.000 | BaseExcess >= 0.000) & TroponinI <= 0.000) & DBP <= 0.000)
",9999999.000,9999999.000,0.000,1.000,0.000,0,0,1,27,27,1,1,27,0.0,0.0,1.0,0.0,0.0,1.0
"G[0,2](((pH >= 0.000 -> Potassium <= 1.348) | Resp >= 0.199) | Fibrinogen >= 0.123)
",9999999.000,9999999.000,0.000,1.000,0.000,0,0,27,1,1,27,27,1,0.0,0.0,1.0,0.0,0.0,1.0
"G[0,2](((TroponinI <= 0.000 & HCO3 >= 0.000) -> PaCO2 <= 0.000) | Creatinine <= 0.000)
",9999999.000,9999999.000,0.000,1.000,0.000,0,0,28,0,0,28,28,0,0.0,0.0,1.0,0.0,0.0,1.0
"G[0,0]((BUN >= 0.146 | HR <= 70.853) & PaCO2 >= 24.552)
",-24.552,-24.552,0.000,1.000,0.000,0,0,0,28,28,0,0,28,0.0,0.0,0.0,0.0,0.0,1.0
"G[0,2](((BUN <= 7.048 & Temp <= 27.322) -> Bilirubin_total <= 28.659) -> EtCO2 <= 23.637)
",9999999.000,9999999.000,0.000,1.000,0.000,0,0,28,0,0,28,28,0,0.0,0.0,1.0,0.0,0.0,1.0
"G[2,2](BaseExcess <= 0.000 -> HR <= 57.254)
",-8057769175758274.000,-57.254,0.000,1.000,0.000,0,0,28,0,0,28,28,0,0.0,0.0,1.0,0.0,0.0,1.0
"G[1,2]((Hgb <= 1.357 & Creatinine <= 0.721) & Lactate <= 0.414)
",9999999.000,9999999.000,0.000,1.000,0.000,0,0,26,2,2,26,26,2,0.0,0.0,1.0,0.0,0.0,1.0
"G[0,2](Hgb <= 3.104 | Resp >= 1.697)
",9999999.000,9999999.000,0.000,1.000,0.000,0,0,27,1,1,27,27,1,0.0,0.0,1.0,0.0,0.0,1.0
"G[0,2](((Hct <= 19.890 | Chloride >= 0.000) & BaseExcess >= 0.000) -> Glucose <= 0.000)
",9999999.000,9999999.000,0.000,1.000,0.000,0,0,25,3,3,25,25,3,0.0,0.0,1.0,0.0,0.0,1.0
"G[0,2](Lactate <= 0.000 -> SepsisLabel <= 0.000)
",9999999.000,9999999.000,0.000,1.000,0.000,0,0,28,0,0,28,28,0,0.0,0.0,1.0,0.0,0.0,1.0
"G[1,2](((WBC <= 3.009 & DBP >= 27.151) | Fibrinogen >= 41.470) & Alkalinephos >= 35.092)
",9999999.000,9999999.000,0.000,1.000,0.000,0,0,1,27,27,1,1,27,0.0,0.0,1.0,0.0,0.0,1.0
"G[2,2](Hgb >= 0.385 & BUN >= 0.270)
",-6944184014800612.000,-0.385,0.000,1.000,0.000,0,0,28,0,0,28,28,0,0.0,0.0,1.0,0.0,0.0,1.0
"G[1,2](Platelets <= 130.197 | Fibrinogen <= 0.000)
",9999999.000,9999999.000,0.000,1.000,0.000,0,0,28,0,0,28,28,0,0.0,0.0,1.0,0.0,0.0,1.0
"G[2,2](((MAP >= 27.771 | Lactate >= 0.000) | BaseExcess >= 0.000) -> Magnesium >= 0.000)
",0.000,0.000,0.000,1.000,0.000,0,0,28,0,0,28,28,0,0.0,0.0,1.0,0.0,0.0,1.0
"G[0,2](((Phosphate <= 0.000 -> Fibrinogen >= 0.000) | Hct >= 0.000) | pH >= 0.000)
",9999999.000,9999999.000,0.000,1.000,0.000,0,0,28,0,0,28,28,0,0.0,0.0,1.0,0.0,0.0,1.0
"G[1,2](AST >= 0.000 | PaCO2 <= 0.000)
",9999999.000,9999999.000,0.000,1.000,0.000,0,0,28,0,0,28,28,0,0.0,0.0,1.0,0.0,0.0,1.0
"G[0,2]((Resp <= 12.442 & SBP <= 118.309) -> SBP >= 88.535)
",9999999.000,9999999.000,0.000,1.000,0.000,0,0,23,5,5,23,23,5,0.0,0.0,1.0,0.0,0.0,1.0
"G[0,2]((WBC <= 5.506 -> Bilirubin_total >= 0.000) | Chloride <= 0.000)
",9999999.000,9999999.000,0.000,1.000,0.000,0,0,28,0,0,28,28,0,0.0,0.0,1.0,0.0,0.0,1.0
"G[1,2](Hgb >= 0.343 & BUN >= 0.345)
",9999999.000,9999999.000,0.000,1.000,0.000,0,0,3,25,25,3,3,25,0.0,0.0,1.0,0.0,0.0,1.0
"G[1,2]((Resp <= 15.462 -> O2Sat <= 92.499) & Bilirubin_total >= 55.747)
",9999999.000,9999999.000,0.000,1.000,0.000,0,0,1,27,27,1,1,27,0.0,0.0,1.0,0.0,0.0,1.0
"G[0,2]((AST <= 0.000 -> FiO2 <= 0.000) & FiO2 >= 0.000)
",9999999.000,9999999.000,0.000,1.000,0.000,0,0,28,0,0,28,28,0,0.0,0.0,1.0,0.0,0.0,1.0
"G[1,2]((Alkalinephos <= 0.000 -> Fibrinogen <= 0.000) & SaO2 <= 0.000)
",9999999.000,9999999.000,0.000,1.000,0.000,0,0,28,0,0,28,28,0,0.0,0.0,1.0,0.0,0.0,1.0
"G[0,1](EtCO2 <= 0.000 & Hgb >= 0.302)
",9999999.000,9999999.000,0.000,1.000,0.000,0,0,0,28,28,0,0,28,0.0,0.0,0.0,0.0,0.0,1.0
"G[0,2](((Resp >= 0.916 | HCO3 <= 0.000) | PaCO2 <= 0.000) & Bilirubin_total <= 0.000)
",9999999.000,9999999.000,0.000,1.000,0.000,0,0,28,0,0,28,28,0,0.0,0.0,1.0,0.0,0.0,1.0
"G[2,2](((Hgb >= 0.220 -> Temp <= 24.093) & Chloride >= 5.936) & Hgb >= 6.628)
",-3390746285644838.000,-24.093,0.000,1.000,0.000,0,0,28,0,0,28,28,0,0.0,0.0,1.0,0.0,0.0,1.0
"G[0,0]((BUN <= 8.213 & WBC >= 0.544) & SepsisLabel >= 0.137)
",-0.544,-0.544,0.000,1.000,0.000,0,0,0,28,28,0,0,28,0.0,0.0,0.0,0.0,0.0,1.0
"G[0,2](((Bilirubin_direct <= 0.000 -> Glucose <= 108.465) -> Potassium <= 92.194) | Platelets <= 88.529)
",9999999.000,9999999.000,0.000,1.000,0.000,0,0,28,0,0,28,28,0,0.0,0.0,1.0,0.0,0.0,1.0
"G[0,2](((SBP <= 119.613 | Hct <= 24.589) & Temp <= 5.421) | SaO2 >= 0.487)
",9999999.000,9999999.000,0.000,1.000,0.000,0,0,15,13,13,15,15,13,0.0,0.0,1.0,0.0,0.0,1.0
"G[1,2](Chloride >= 0.000 & HCO3 >= 0.000)
",9999999.000,9999999.000,0.000,1.000,0.000,0,0,28,0,0,28,28,0,0.0,0.0,1.0,0.0,0.0,1.0
"G[1,2](((Temp <= 14.555 | EtCO2 <= 0.000) & O2Sat <= 0.000) | pH <= 0.000)
",9999999.000,9999999.000,0.000,1.000,0.000,0,0,28,0,0,28,28,0,0.0,0.0,1.0,0.0,0.0,1.0
"G[0,2](BUN <= 5.778 & Creatinine >= 0.033)
",9999999.000,9999999.000,0.000,1.000,0.000,0,0,0,28,28,0,0,28,0.0,0.0,0.0,0.0,0.0,1.0
"G[0,1](Temp >= 2.911 & SepsisLabel = 0.000)
",9999999.000,9999999.000,0.000,1.000,0.000,0,0,0,28,28,0,0,28,0.0,0.0,0.0,0.0,0.0,1.0
"G[0,2](SepsisLabel <= 0.000 & SepsisLabel = 0.000)
",9999999.000,9999999.000,0.000,1.000,0.000,0,0,28,0,0,28,28,0,0.0,0.0,1.0,0.0,0.0,1.0
"G[2,2](Lactate <= 0.000 -> SepsisLabel = 0.000)
",0.000,0.000,0.000,1.000,0.000,0,0,28,0,0,28,28,0,0.0,0.0,1.0,0.0,0.0,1.0
"G[0,2](Bilirubin_direct <= 0.000 & SepsisLabel = 0.000)
",9999999.000,9999999.000,0.000,1.000,0.000,0,0,28,0,0,28,28,0,0.0,0.0,1.0,0.0,0.0,1.0
"G[0,2](Lactate > 0.000 -> SepsisLabel = 0.000)
",9999999.000,9999999.000,0.000,1.000,0.000,0,0,28,0,0,28,28,0,0.0,0.0,1.0,0.0,0.0,1.0
"G[0,1](BUN > 0.300 & SepsisLabel = 0.000)
",9999999.000,9999999.000,0.000,1.000,0.000,0,0,0,28,28,0,0,28,0.0,0.0,0.0,0.0,0.0,1.0
"G[0,2](Fibrinogen < 0.000 & SepsisLabel = 0.000)
",9999999.000,9999999.000,0.000,1.000,0.000,0,0,0,28,28,0,0,28,0.0,0.0,0.0,0.0,0.0,1.0
"G[0,2](Platelets >= 8.239 & SepsisLabel = 0.000)
",9999999.000,9999999.000,0.000,1.000,0.000,0,0,0,28,28,0,0,28,0.0,0.0,0.0,0.0,0.0,1.0
"G[0,2](SBP >= 50.046 -> SepsisLabel = 0.000)
",9999999.000,9999999.000,0.000,1.000,0.000,0,0,28,0,0,28,28,0,0.0,0.0,1.0,0.0,0.0,1.0
"G[1,2](Resp >= 8.253 & SepsisLabel = 0.000)
",9999999.000,9999999.000,0.000,1.000,0.000,0,0,20,8,8,20,20,8,0.0,0.0,1.0,0.0,0.0,1.0
"G[0,2](Bilirubin_total > 0.000 -> SepsisLabel = 0.000)
",9999999.000,9999999.000,0.000,1.000,0.000,0,0,28,0,0,28,28,0,0.0,0.0,1.0,0.0,0.0,1.0
"G[2,2](EtCO2 >= 0.000 -> SepsisLabel = 0.000)
",0.000,0.000,0.000,1.000,0.000,0,0,28,0,0,28,28,0,0.0,0.0,1.0,0.0,0.0,1.0
"G[1,2]((Hct >= 0.242 & Platelets <= 60.119) | MAP <= 39.301)
",9999999.000,9999999.000,0.000,1.000,0.000,0,0,4,24,24,4,4,24,0.0,0.0,1.0,0.0,0.0,1.0
"G[0,2](((BUN <= 8.717 -> Calcium >= 0.173) & Glucose >= 0.190) & WBC <= 7.411)
",9999999.000,9999999.000,0.000,1.000,0.000,0,0,0,28,28,0,0,28,0.0,0.0,0.0,0.0,0.0,1.0
"G[0,2](Creatinine <= 0.659 | Glucose <= 90.201)
",9999999.000,9999999.000,0.000,1.000,0.000,0,0,27,1,1,27,27,1,0.0,0.0,1.0,0.0,0.0,1.0
"G[2,2]((BUN >= 0.105 -> Hct >= 0.856) & Phosphate >= 0.383)
",-6907784062266012.000,-0.383,0.000,1.000,0.000,0,0,28,0,0,28,28,0,0.0,0.0,1.0,0.0,0.0,1.0
"G[1,2](((Creatinine >= 0.027 & Hgb <= 3.763) & FiO2 <= 2.890) | TroponinI >= 0.064)
",9999999.000,9999999.000,0.000,1.000,0.000,0,0,1,27,27,1,1,27,0.0,0.0,1.0,0.0,0.0,1.0
"G[0,2](Creatinine >= 0.009 -> Platelets <= 191.948)
",9999999.000,9999999.000,0.000,1.000,0.000,0,0,26,2,2,26,26,2,0.0,0.0,1.0,0.0,0.0,1.0
"G[0,1]((Calcium >= 0.207 | Glucose <= 80.147) & Potassium >= 5.030)
",9999999.000,9999999.000,0.000,1.000,0.000,0,0,0,28,28,0,0,28,0.0,0.0,0.0,0.0,0.0,1.0
"G[0,2]((MAP <= 76.687 & SBP <= 140.577) & DBP >= 7.417)
",9999999.000,9999999.000,0.000,1.000,0.000,0,0,13,15,15,13,13,15,0.0,0.0,1.0,0.0,0.0,1.0
"G[0,2]((Creatinine <= 0.530 & Potassium <= 3.593) -> PTT <= 2.075)
",9999999.000,9999999.000,0.000,1.000,0.000,0,0,28,0,0,28,28,0,0.0,0.0,1.0,0.0,0.0,1.0
"G[0,2](DBP >= 37.521 | O2Sat <= 90.267)
",9999999.000,9999999.000,0.000,1.000,0.000,0,0,28,0,0,28,28,0,0.0,0.0,1.0,0.0,0.0,1.0
"G[0,2](((O2Sat >= 61.539 -> SBP >= 77.055) & Potassium <= 127.865) | PaCO2 >= 19.021)
",9999999.000,9999999.000,0.000,1.000,0.000,0,0,28,0,0,28,28,0,0.0,0.0,1.0,0.0,0.0,1.0
"G[1,2](Temp < 23.138 & SepsisLabel = 0.000)
",9999999.000,9999999.000,0.000,1.000,0.000,0,0,24,4,4,24,24,4,0.0,0.0,1.0,0.0,0.0,1.0
"G[0,2](Platelets <= 12.146 -> WBC >= 0.607)
",9999999.000,9999999.000,0.000,1.000,0.000,0,0,0,28,28,0,0,28,0.0,0.0,0.0,0.0,0.0,1.0
"G[0,2]((HR <= 58.269 -> Potassium <= 2.848) | PTT >= 0.185)
",9999999.000,9999999.000,0.000,1.000,0.000,0,0,28,0,0,28,28,0,0.0,0.0,1.0,0.0,0.0,1.0
"G[1,2](Chloride >= 0.000 & HCO3 >= 0.000)
",9999999.000,9999999.000,0.000,1.000,0.000,0,0,28,0,0,28,28,0,0.0,0.0,1.0,0.0,0.0,1.0
"G[0,1](BUN <= 6.580 & Creatinine >= 0.016)
",9999999.000,9999999.000,0.000,1.000,0.000,0,0,0,28,28,0,0,28,0.0,0.0,0.0,0.0,0.0,1.0
"G[0,2](Chloride >= 0.000 & HCO3 >= 0.000)
",9999999.000,9999999.000,0.000,1.000,0.000,0,0,28,0,0,28,28,0,0.0,0.0,1.0,0.0,0.0,1.0
"G[0,1](Platelets <= 152.072 -> WBC >= 0.611)
",9999999.000,9999999.000,0.000,1.000,0.000,0,0,0,28,28,0,0,28,0.0,0.0,0.0,0.0,0.0,1.0
"G[0,2](((Hgb <= 3.237 | Hct <= 8.677) -> WBC >= 0.817) & Platelets >= 9.114)
",9999999.000,9999999.000,0.000,1.000,0.000,0,0,0,28,28,0,0,28,0.0,0.0,0.0,0.0,0.0,1.0
"G[0,2](BUN <= 1.409 & Creatinine >= 0.007)
",9999999.000,9999999.000,0.000,1.000,0.000,0,0,0,28,28,0,0,28,0.0,0.0,0.0,0.0,0.0,1.0
"G[1,2](Chloride >= 0.000 & HCO3 >= 0.000)
",9999999.000,9999999.000,0.000,1.000,0.000,0,0,28,0,0,28,28,0,0.0,0.0,1.0,0.0,0.0,1.0
"G[0,1](BUN <= 5.102 & Creatinine >= 0.012)
",9999999.000,9999999.000,0.000,1.000,0.000,0,0,0,28,28,0,0,28,0.0,0.0,0.0,0.0,0.0,1.0
"G[1,2](Chloride >= 0.000 & HCO3 >= 0.000)
",9999999.000,9999999.000,0.000,1.000,0.000,0,0,28,0,0,28,28,0,0.0,0.0,1.0,0.0,0.0,1.0
"G[0,1](Platelets <= 32.971 -> WBC >= 1.022)
",9999999.000,9999999.000,0.000,1.000,0.000,0,0,0,28,28,0,0,28,0.0,0.0,0.0,0.0,0.0,1.0
"G[0,1](BUN <= 4.072 & Creatinine >= 0.023)
",9999999.000,9999999.000,0.000,1.000,0.000,0,0,0,28,28,0,0,28,0.0,0.0,0.0,0.0,0.0,1.0
"G[2,2](Platelets <= 66.397 -> WBC >= 0.009)
",-66.397,-66.397,0.000,1.000,0.000,0,0,28,0,0,28,28,0,0.0,0.0,1.0,0.0,0.0,1.0
"G[0,1](((Hgb <= 1.430 | Hct <= 16.843) -> WBC >= 1.124) & Platelets >= 10.010)
",9999999.000,9999999.000,0.000,1.000,0.000,0,0,0,28,28,0,0,28,0.0,0.0,0.0,0.0,0.0,1.0
"G[2,2](BUN <= 7.888 & Creatinine >= 0.016)
",-4714716150747092.000,-0.016,0.000,1.000,0.000,0,0,28,0,0,28,28,0,0.0,0.0,1.0,0.0,0.0,1.0
"G[0,1](Platelets <= 111.284 -> WBC >= 0.315)
",9999999.000,9999999.000,0.000,1.000,0.000,0,0,0,28,28,0,0,28,0.0,0.0,0.0,0.0,0.0,1.0
"G[0,1](((Hgb <= 6.962 | Hct <= 23.594) -> WBC >= 0.534) & Platelets >= 7.111)
",9999999.000,9999999.000,0.000,1.000,0.000,0,0,0,28,28,0,0,28,0.0,0.0,0.0,0.0,0.0,1.0
"G[0,2](((Hgb <= 2.578 | Hct <= 6.418) -> WBC >= 0.311) & Platelets >= 5.985)
",9999999.000,9999999.000,0.000,1.000,0.000,0,0,0,28,28,0,0,28,0.0,0.0,0.0,0.0,0.0,1.0
"G[1,2](BUN <= 0.970 & Creatinine >= 0.005)
",9999999.000,9999999.000,0.000,1.000,0.000,0,0,1,27,27,1,1,27,0.0,0.0,1.0,0.0,0.0,1.0
"G[1,2](Platelets <= 199.196 -> WBC >= 0.656)
",9999999.000,9999999.000,0.000,1.000,0.000,0,0,3,25,25,3,3,25,0.0,0.0,1.0,0.0,0.0,1.0
"G[0,2](((Hgb <= 3.656 | Hct <= 16.742) -> WBC >= 0.665) & Platelets >= 9.462)
",9999999.000,9999999.000,0.000,1.000,0.000,0,0,0,28,28,0,0,28,0.0,0.0,0.0,0.0,0.0,1.0
"G[1,2](BUN <= 3.195 & Creatinine >= 0.023)
",9999999.000,9999999.000,0.000,1.000,0.000,0,0,1,27,27,1,1,27,0.0,0.0,1.0,0.0,0.0,1.0
"G[0,2](Chloride >= 0.000 & HCO3 >= 0.000)
",9999999.000,9999999.000,0.000,1.000,0.000,0,0,28,0,0,28,28,0,0.0,0.0,1.0,0.0,0.0,1.0
"G[0,2](((Hgb <= 7.053 | Hct <= 16.135) -> WBC >= 0.822) & Platelets >= 7.853)
",9999999.000,9999999.000,0.000,1.000,0.000,0,0,0,28,28,0,0,28,0.0,0.0,0.0,0.0,0.0,1.0
"G[0,2](BUN <= 0.939 & Creatinine >= 0.011)
",9999999.000,9999999.000,0.000,1.000,0.000,0,0,0,28,28,0,0,28,0.0,0.0,0.0,0.0,0.0,1.0
"G[1,1](((DBP <= 69.439 | HR >= 22.045) & Potassium <= 60.504) -> PTT >= 46.980)
",-60.504,-60.504,0.000,1.000,0.000,0,0,1,27,27,1,1,27,0.0,0.0,1.0,0.0,0.0,1.0
"G[1,2](((Hct <= 15.797 | MAP <= 89.692) -> Phosphate <= 85.278) -> MAP <= 82.322)
",9999999.000,9999999.000,0.000,1.000,0.000,0,0,25,3,3,25,25,3,0.0,0.0,1.0,0.0,0.0,1.0
"G[1,2]((TroponinI <= 0.000 | Chloride <= 0.000) | SepsisLabel >= 0.000)
",9999999.000,9999999.000,0.000,1.000,0.000,0,0,28,0,0,28,28,0,0.0,0.0,1.0,0.0,0.0,1.0
"G[0,2](Magnesium <= 0.000 | pH <= 0.000)
",9999999.000,9999999.000,0.000,1.000,0.000,0,0,28,0,0,28,28,0,0.0,0.0,1.0,0.0,0.0,1.0
"G[2,2](((Alkalinephos <= 0.000 | PTT <= 0.000) -> SBP <= 0.000) | Fibrinogen <= 0.000)
",0.000,0.000,0.000,1.000,0.000,0,0,28,0,0,28,28,0,0.0,0.0,1.0,0.0,0.0,1.0
"G[1,1]((O2Sat >= 10.603 & Calcium <= 4.929) & SBP <= 5.717)
",-5969109208046837.000,-10.603,0.000,1.000,0.000,0,0,1,27,27,1,1,27,0.0,0.0,1.0,0.0,0.0,1.0
"G[0,1]((Hgb >= 0.273 -> Hgb <= 9.154) & Magnesium >= 0.318)
",9999999.000,9999999.000,0.000,1.000,0.000,0,0,0,28,28,0,0,28,0.0,0.0,0.0,0.0,0.0,1.0
"G[0,2](Chloride <= 0.000 & Temp <= 9.958)
",9999999.000,9999999.000,0.000,1.000,0.000,0,0,16,12,12,16,16,12,0.0,0.0,1.0,0.0,0.0,1.0
"G[0,2](Phosphate <= 0.000 -> EtCO2 >= 0.000)
",9999999.000,9999999.000,0.000,1.000,0.000,0,0,28,0,0,28,28,0,0.0,0.0,1.0,0.0,0.0,1.0
"G[0,1](Hct >= 0.126 & Temp >= 2.359)
",9999999.000,9999999.000,0.000,1.000,0.000,0,0,0,28,28,0,0,28,0.0,0.0,0.0,0.0,0.0,1.0
"G[0,2]((Phosphate <= 0.000 & BUN <= 0.944) | SepsisLabel <= 6.182)
",9999999.000,9999999.000,0.000,1.000,0.000,0,0,28,0,0,28,28,0,0.0,0.0,1.0,0.0,0.0,1.0
"G[1,2](Platelets <= 40.793 -> WBC >= 0.250)
",9999999.000,9999999.000,0.000,1.000,0.000,0,0,3,25,25,3,3,25,0.0,0.0,1.0,0.0,0.0,1.0
"G[0,1](((Hgb >= 0.240 | Platelets >= 10.426) -> Platelets >= 1.131) & Fibrinogen >= 6.954)
",9999999.000,9999999.000,0.000,1.000,0.000,0,0,0,28,28,0,0,28,0.0,0.0,0.0,0.0,0.0,1.0
"G[1,2](((MAP <= 74.114 | DBP >= 41.466) | Temp >= 15.607) | SepsisLabel <= 76.749)
",9999999.000,9999999.000,0.000,1.000,0.000,0,0,28,0,0,28,28,0,0.0,0.0,1.0,0.0,0.0,1.0
"G[1,2]((Calcium <= 4.751 | BaseExcess >= 0.000) & Platelets <= 0.000)
",9999999.000,9999999.000,0.000,1.000,0.000,0,0,26,2,2,26,26,2,0.0,0.0,1.0,0.0,0.0,1.0
"G[1,2]((SaO2 >= 0.000 | O2Sat <= 85.495) | Calcium >= 15.002)
",9999999.000,9999999.000,0.000,1.000,0.000,0,0,28,0,0,28,28,0,0.0,0.0,1.0,0.0,0.0,1.0
"G[1,2](SBP <= 107.961 -> Glucose >= 1.307)
",9999999.000,9999999.000,0.000,1.000,0.000,0,0,17,11,11,17,17,11,0.0,0.0,1.0,0.0,0.0,1.0
"G[0,2](Phosphate >= 0.000 | Magnesium <= 0.000)
",9999999.000,9999999.000,0.000,1.000,0.000,0,0,28,0,0,28,28,0,0.0,0.0,1.0,0.0,0.0,1.0
"G[0,2](((DBP >= 14.620 & AST >= 0.000) | BUN <= 0.000) & FiO2 <= 0.000)
",9999999.000,9999999.000,0.000,1.000,0.000,0,0,28,0,0,28,28,0,0.0,0.0,1.0,0.0,0.0,1.0
"G[1,2]((pH >= 0.000 -> TroponinI >= 0.000) & Lactate <= 0.000)
",9999999.000,9999999.000,0.000,1.000,0.000,0,0,28,0,0,28,28,0,0.0,0.0,1.0,0.0,0.0,1.0
"G[0,2](Chloride <= 0.000 & EtCO2 >= 0.000)
",9999999.000,9999999.000,0.000,1.000,0.000,0,0,28,0,0,28,28,0,0.0,0.0,1.0,0.0,0.0,1.0
"G[2,2]((Lactate >= 0.000 -> TroponinI <= 0.000) | FiO2 <= 0.000)
",0.000,0.000,0.000,1.000,0.000,0,0,28,0,0,28,28,0,0.0,0.0,1.0,0.0,0.0,1.0
"G[0,0]((SBP >= 40.395 | Resp >= 0.270) & DBP <= 19.445)
",-3.216,-47.349,0.000,1.000,0.000,0,0,0,28,28,0,0,28,0.0,0.0,0.0,0.0,0.0,1.0
"G[1,2]((Resp >= 3.212 -> AST <= 0.000) & HCO3 >= 0.000)
",9999999.000,9999999.000,0.000,1.000,0.000,0,0,28,0,0,28,28,0,0.0,0.0,1.0,0.0,0.0,1.0
"G[2,2]((Creatinine >= 0.017 & DBP <= 60.595) | HCO3 >= 52.135)
",-5015409626085356.000,-0.017,0.000,1.000,0.000,0,0,28,0,0,28,28,0,0.0,0.0,1.0,0.0,0.0,1.0
"G[1,2]((Phosphate >= 0.000 | Temp <= 33.937) | Platelets <= 20.888)
",9999999.000,9999999.000,0.000,1.000,0.000,0,0,28,0,0,28,28,0,0.0,0.0,1.0,0.0,0.0,1.0
"G[2,2](Bilirubin_direct >= 0.000 -> HR <= 74.736)
",-74.736,-74.736,0.000,1.000,0.000,0,0,28,0,0,28,28,0,0.0,0.0,1.0,0.0,0.0,1.0
"G[0,2]((Chloride >= 0.000 -> FiO2 <= 0.000) -> Magnesium >= 0.000)
",9999999.000,9999999.000,0.000,1.000,0.000,0,0,28,0,0,28,28,0,0.0,0.0,1.0,0.0,0.0,1.0
"G[2,2](((FiO2 >= 0.000 & Phosphate >= 0.000) & Fibrinogen <= 0.000) & Bilirubin_direct <= 0.000)
",0.000,0.000,0.000,1.000,0.000,0,0,28,0,0,28,28,0,0.0,0.0,1.0,0.0,0.0,1.0
"G[0,2](((Calcium <= 1.935 & MAP >= 29.287) -> Phosphate >= 31.196) | FiO2 <= 68.053)
",9999999.000,9999999.000,0.000,1.000,0.000,0,0,28,0,0,28,28,0,0.0,0.0,1.0,0.0,0.0,1.0
"G[0,2](((Phosphate <= 0.000 | pH >= 0.000) | Resp <= 0.000) & PaCO2 >= 0.000)
",9999999.000,9999999.000,0.000,1.000,0.000,0,0,28,0,0,28,28,0,0.0,0.0,1.0,0.0,0.0,1.0
"G[0,2]((O2Sat <= 81.677 | Platelets >= 6.903) | Hct <= 40.077)
",9999999.000,9999999.000,0.000,1.000,0.000,0,0,28,0,0,28,28,0,0.0,0.0,1.0,0.0,0.0,1.0
"G[1,2](((BUN >= 0.020 -> O2Sat <= 82.631) & AST >= 60.727) | Resp <= 96.563)
",9999999.000,9999999.000,0.000,1.000,0.000,0,0,28,0,0,28,28,0,0.0,0.0,1.0,0.0,0.0,1.0
"G[1,2](((Glucose <= 24.564 & O2Sat <= 98.931) | Hgb <= 87.118) & Potassium >= 54.944)
",9999999.000,9999999.000,0.000,1.000,0.000,0,0,1,27,27,1,1,27,0.0,0.0,1.0,0.0,0.0,1.0
"G[0,2]((DBP >= 1.796 & Platelets <= 120.790) & PTT >= 2.063)
",9999999.000,9999999.000,0.000,1.000,0.000,0,0,0,28,28,0,0,28,0.0,0.0,0.0,0.0,0.0,1.0
"G[0,2](Hgb >= 0.041 | Temp <= 14.477)
",9999999.000,9999999.000,0.000,1.000,0.000,0,0,17,11,11,17,17,11,0.0,0.0,1.0,0.0,0.0,1.0
"G[0,2](((Resp <= 19.207 -> WBC <= 7.387) | Temp >= 0.884) | pH >= 0.065)
",9999999.000,9999999.000,0.000,1.000,0.000,0,0,26,2,2,26,26,2,0.0,0.0,1.0,0.0,0.0,1.0
"G[1,2]((HR >= 46.436 -> Platelets <= 203.763) | PTT >= 7.673)
",9999999.000,9999999.000,0.000,1.000,0.000,0,0,28,0,0,28,28,0,0.0,0.0,1.0,0.0,0.0,1.0
"G[1,2]((Hct >= 0.267 & HR >= 15.700) | Lactate >= 22.508)
",9999999.000,9999999.000,0.000,1.000,0.000,0,0,3,25,25,3,3,25,0.0,0.0,1.0,0.0,0.0,1.0
"G[0,2](((Hgb <= 3.218 | HR >= 44.661) & Bilirubin_direct <= 65.557) | FiO2 <= 74.942)
",9999999.000,9999999.000,0.000,1.000,0.000,0,0,28,0,0,28,28,0,0.0,0.0,1.0,0.0,0.0,1.0
"G[1,2](((BUN <= 4.525 & Resp <= 15.279) & SepsisLabel >= 4.982) & DBP <= 13.095)
",9999999.000,9999999.000,0.000,1.000,0.000,0,0,1,27,27,1,1,27,0.0,0.0,1.0,0.0,0.0,1.0
"G[0,2](SBP <= 141.935 -> Temp >= 7.166)
",9999999.000,9999999.000,0.000,1.000,0.000,0,0,1,27,27,1,1,27,0.0,0.0,1.0,0.0,0.0,1.0
"G[0,2](((Glucose <= 95.571 | Temp >= 5.771) -> EtCO2 >= 2.127) -> Temp >= 0.037)
",9999999.000,9999999.000,0.000,1.000,0.000,0,0,27,1,1,27,27,1,0.0,0.0,1.0,0.0,0.0,1.0
"G[1,2](((Platelets >= 6.499 | Resp >= 4.308) -> EtCO2 >= 3.622) & MAP <= 20.793)
",9999999.000,9999999.000,0.000,1.000,0.000,0,0,4,24,24,4,4,24,0.0,0.0,1.0,0.0,0.0,1.0
"G[0,2](((Bilirubin_direct <= 0.000 & BUN <= 2.418) -> TroponinI <= 8.580) & BUN >= 0.241)
",9999999.000,9999999.000,0.000,1.000,0.000,0,0,0,28,28,0,0,28,0.0,0.0,0.0,0.0,0.0,1.0
"G[2,2]((Magnesium >= 0.000 -> SepsisLabel <= 0.000) | SaO2 >= 0.000)
",0.000,0.000,0.000,1.000,0.000,0,0,28,0,0,28,28,0,0.0,0.0,1.0,0.0,0.0,1.0
"G[2,2]((SaO2 >= 0.000 & Resp >= 7.163) -> Fibrinogen <= 19.045)
",-19.045,-19.045,0.000,1.000,0.000,0,0,28,0,0,28,28,0,0.0,0.0,1.0,0.0,0.0,1.0
"G[1,2]((Magnesium >= 0.000 -> Alkalinephos <= 0.000) | Calcium <= 0.000)
",9999999.000,9999999.000,0.000,1.000,0.000,0,0,28,0,0,28,28,0,0.0,0.0,1.0,0.0,0.0,1.0
"G[0,1](((Fibrinogen <= 0.000 -> HR >= 22.343) -> O2Sat <= 73.744) & Resp >= 43.672)
",9999999.000,9999999.000,0.000,1.000,0.000,0,0,0,28,28,0,0,28,0.0,0.0,0.0,0.0,0.0,1.0
"G[0,0](Hgb <= 2.991 & Calcium >= 0.193)
",-0.313,-2.001,0.000,1.000,0.000,0,0,0,28,28,0,0,28,0.0,0.0,0.0,0.0,0.0,1.0
"G[0,2](((SBP <= 134.904 & HCO3 >= 0.000) -> Hct <= 0.000) & DBP <= 0.000)
",9999999.000,9999999.000,0.000,1.000,0.000,0,0,1,27,27,1,1,27,0.0,0.0,1.0,0.0,0.0,1.0
"G[2,2](DBP >= 28.177 -> Magnesium >= 0.000)
",0.000,0.000,0.000,1.000,0.000,0,0,28,0,0,28,28,0,0.0,0.0,1.0,0.0,0.0,1.0
"G[0,2]((Creatinine >= 0.009 & SBP <= 133.319) & HCO3 >= 5.825)
",9999999.000,9999999.000,0.000,1.000,0.000,0,0,0,28,28,0,0,28,0.0,0.0,0.0,0.0,0.0,1.0
"G[0,2](((FiO2 <= 0.000 | AST <= 0.000) | Fibrinogen <= 0.000) | SepsisLabel >= 0.000)
",9999999.000,9999999.000,0.000,1.000,0.000,0,0,28,0,0,28,28,0,0.0,0.0,1.0,0.0,0.0,1.0
"G[1,2]((MAP >= 40.068 | Creatinine >= 0.026) | PaCO2 <= 0.210)
",9999999.000,9999999.000,0.000,1.000,0.000,0,0,28,0,0,28,28,0,0.0,0.0,1.0,0.0,0.0,1.0
