Rule,Discrimination Score,Pos Robustness,Neg Robustness,Percent Class +,Percent Class -,TP,TN,FP,FN,Actual Yes,Actual No,Predicted Yes,Predicted No,TPR/Sens,TNR/Spec,FPR,Precision,Accuracy,MCR
"G[0,0](HR <= 99.016 & EtCO2 >= 0.000)
",0.000,-26844.984,-26844.984,1.000,0.000,3,4,0,0,3,4,3,4,1.0,1.0,0.0,1.0,1.0769230769230769,-0.07692307692307687
"G[0,1](Lactate <= 0.000 & SBP <= 103.903)
",0.000,9999999.000,9999999.000,1.000,0.000,3,4,0,0,3,4,3,4,1.0,1.0,0.0,1.0,1.0769230769230769,-0.07692307692307687
"G[0,1]((SaO2 <= 0.000 -> HR <= 109.582) | Fibrinogen >= 76.402)
",0.000,9999999.000,9999999.000,1.000,0.000,3,3,1,0,3,4,4,3,1.0,0.75,0.25,0.75,0.9230769230769231,0.07692307692307687
"G[0,0](((Resp >= 5.253 & Bilirubin_direct <= 0.000) | PaCO2 >= 0.000) -> SBP <= 0.000)
",0.000,0.000,0.000,1.000,0.000,1,4,0,2,3,4,1,6,0.3333333333333333,1.0,0.0,1.0,0.7692307692307693,0.23076923076923073
"G[0,1]((Bilirubin_direct <= 0.000 & Glucose <= 112.594) -> SBP <= 44.915)
",0.000,9999999.000,9999999.000,1.000,0.000,1,4,0,2,3,4,1,6,0.3333333333333333,1.0,0.0,1.0,0.7692307692307693,0.23076923076923073
"G[0,0](((EtCO2 >= 0.000 -> HR >= 48.968) -> Hct >= 40.100) | PaCO2 >= 6.205)
",0.000,40.100,40.100,1.000,0.000,1,4,0,2,3,4,1,6,0.3333333333333333,1.0,0.0,1.0,0.7692307692307693,0.23076923076923073
"G[0,1](((PTT <= 0.000 & Glucose >= 20.960) & FiO2 >= 5.402) & Hct >= 9.273)
",0.000,9999999.000,9999999.000,1.000,0.000,0,4,0,3,3,4,0,7,0.0,1.0,0.0,0.0,0.6153846153846154,0.3846153846153846
"G[0,1](((DBP <= 72.428 | HR >= 9.017) | TroponinI <= 104.778) -> TroponinI >= 10.769)
",0.000,9999999.000,9999999.000,1.000,0.000,0,4,0,3,3,4,0,7,0.0,1.0,0.0,0.0,0.6153846153846154,0.3846153846153846
"G[0,0](((Temp >= 5.145 | TroponinI >= 0.000) -> Calcium <= 0.000) -> MAP <= 0.000)
",0.000,0.000,0.000,1.000,0.000,1,3,1,2,3,4,2,5,0.3333333333333333,0.75,0.25,0.5,0.6153846153846154,0.3846153846153846
"G[0,2](BUN <= 27.491 & Creatinine >= 0.282)
",0.000,9999999.000,9999999.000,1.000,0.000,0,4,0,3,3,4,0,7,0.0,1.0,0.0,0.0,0.6153846153846154,0.3846153846153846
"G[0,0](BUN <= 29.510 & Creatinine >= 0.180)
",0.000,-0.180,-0.180,1.000,0.000,0,4,0,3,3,4,0,7,0.0,1.0,0.0,0.0,0.6153846153846154,0.3846153846153846
"G[0,2](Glucose < 61.185 & SepsisLabel = 0.434)
",0.000,9999999.000,9999999.000,1.000,0.000,0,4,0,3,3,4,0,7,0.0,1.0,0.0,0.0,0.6153846153846154,0.3846153846153846
"G[0,2](((WBC >= 0.000 -> SBP <= 103.743) & pH <= 115.793) | SaO2 >= 81.293)
",0.000,9999999.000,9999999.000,1.000,0.000,0,4,3,0,0,7,3,4,0.0,0.5714285714285714,0.42857142857142855,0.0,0.6153846153846154,0.3846153846153846
"G[0,2](Alkalinephos <= 0.000 -> SepsisLabel = 0.406)
",0.000,9999999.000,9999999.000,1.000,0.000,0,4,0,3,3,4,0,7,0.0,1.0,0.0,0.0,0.6153846153846154,0.3846153846153846
"G[0,2](Lactate <= 0.000 & SepsisLabel = 0.532)
",0.000,9999999.000,9999999.000,1.000,0.000,0,4,0,3,3,4,0,7,0.0,1.0,0.0,0.0,0.6153846153846154,0.3846153846153846
"G[0,2]((pH <= 0.000 | DBP <= 76.833) -> Calcium >= 21.756)
",0.000,9999999.000,9999999.000,1.000,0.000,0,4,0,3,3,4,0,7,0.0,1.0,0.0,0.0,0.6153846153846154,0.3846153846153846
"G[0,1]((FiO2 <= 0.000 & PaCO2 >= 0.000) & SBP <= 0.000)
",0.000,9999999.000,9999999.000,1.000,0.000,0,4,0,3,3,4,0,7,0.0,1.0,0.0,0.0,0.6153846153846154,0.3846153846153846
"G[0,1](Potassium >= 0.370 & WBC >= 0.000)
",0.000,9999999.000,9999999.000,1.000,0.000,0,4,0,3,3,4,0,7,0.0,1.0,0.0,0.0,0.6153846153846154,0.3846153846153846
"G[0,2]((Platelets >= 0.000 | EtCO2 >= 0.000) & HR <= 0.000)
",0.000,9999999.000,9999999.000,1.000,0.000,0,4,0,3,3,4,0,7,0.0,1.0,0.0,0.0,0.6153846153846154,0.3846153846153846
"G[0,0]((BUN <= 18.235 | Glucose <= 83.094) | PTT >= 10.572)
",0.000,83.094,83.094,1.000,0.000,3,1,3,0,3,4,6,1,1.0,0.25,0.75,0.5,0.6153846153846154,0.3846153846153846
"G[0,2]((Calcium >= 0.491 -> Glucose >= 17.152) -> WBC >= 11.182)
",0.000,9999999.000,9999999.000,1.000,0.000,0,4,0,3,3,4,0,7,0.0,1.0,0.0,0.0,0.6153846153846154,0.3846153846153846
"G[0,0](TroponinI <= 0.000 & Calcium <= 8.536)
",0.000,0.000,0.000,1.000,0.000,3,1,3,0,3,4,6,1,1.0,0.25,0.75,0.5,0.6153846153846154,0.3846153846153846
"G[0,2](O2Sat >= 21.605 & SBP >= 24.259)
",0.000,9999999.000,9999999.000,1.000,0.000,0,4,0,3,3,4,0,7,0.0,1.0,0.0,0.0,0.6153846153846154,0.3846153846153846
"G[0,2](((Resp <= 12.850 | Temp <= 8.469) | EtCO2 >= 6.637) & Bilirubin_total >= 6.651)
",0.000,9999999.000,9999999.000,1.000,0.000,0,4,0,3,3,4,0,7,0.0,1.0,0.0,0.0,0.6153846153846154,0.3846153846153846
"G[0,2]((BUN <= 29.155 | MAP >= 55.353) & BUN >= 19.024)
",0.000,9999999.000,9999999.000,1.000,0.000,0,4,0,3,3,4,0,7,0.0,1.0,0.0,0.0,0.6153846153846154,0.3846153846153846
"G[0,2](Calcium >= 0.226 | Creatinine >= 0.061)
",0.000,9999999.000,9999999.000,1.000,0.000,0,4,0,3,3,4,0,7,0.0,1.0,0.0,0.0,0.6153846153846154,0.3846153846153846
"G[0,1](SBP >= 70.598 -> Temp >= 1.759)
",0.000,9999999.000,9999999.000,1.000,0.000,0,4,0,3,3,4,0,7,0.0,1.0,0.0,0.0,0.6153846153846154,0.3846153846153846
"G[0,2](((Phosphate <= 0.000 -> Calcium >= 0.013) & Chloride >= 0.369) & WBC <= 6.303)
",0.000,9999999.000,9999999.000,1.000,0.000,0,4,0,3,3,4,0,7,0.0,1.0,0.0,0.0,0.6153846153846154,0.3846153846153846
"G[1,1](((Calcium >= 0.386 | Chloride <= 0.000) | Resp >= 0.000) & SepsisLabel <= 0.000)
",0.000,0.000,0.000,1.000,0.000,1,3,1,2,3,4,2,5,0.3333333333333333,0.75,0.25,0.5,0.6153846153846154,0.3846153846153846
"G[0,0](((Bilirubin_direct <= 0.000 | BUN <= 20.935) | Creatinine >= 2.779) & Magnesium >= 1.097)
",0.000,-1.097,-1.097,1.000,0.000,0,4,0,3,3,4,0,7,0.0,1.0,0.0,0.0,0.6153846153846154,0.3846153846153846
"G[0,2]((pH <= 0.000 -> SepsisLabel >= 0.589) & PaCO2 >= 0.298)
",0.000,9999999.000,9999999.000,1.000,0.000,0,4,0,3,3,4,0,7,0.0,1.0,0.0,0.0,0.6153846153846154,0.3846153846153846
"G[0,2](((Platelets >= 0.000 -> Glucose <= 73.749) | MAP >= 11.365) & pH >= 3.110)
",0.000,9999999.000,9999999.000,1.000,0.000,0,4,0,3,3,4,0,7,0.0,1.0,0.0,0.0,0.6153846153846154,0.3846153846153846
"G[0,1](BUN <= 14.659 & Creatinine >= 0.040)
",0.000,9999999.000,9999999.000,1.000,0.000,0,4,0,3,3,4,0,7,0.0,1.0,0.0,0.0,0.6153846153846154,0.3846153846153846
"G[0,2](((HR <= 108.017 | Temp <= 29.162) & Platelets >= 2.887) & Hgb <= 11.842)
",0.000,9999999.000,9999999.000,1.000,0.000,0,4,0,3,3,4,0,7,0.0,1.0,0.0,0.0,0.6153846153846154,0.3846153846153846
"G[0,1]((Calcium <= 5.072 -> Potassium >= 0.365) -> TroponinI >= 0.003)
",0.000,9999999.000,9999999.000,1.000,0.000,3,1,3,0,3,4,6,1,1.0,0.25,0.75,0.5,0.6153846153846154,0.3846153846153846
"G[0,0](Resp >= 9.696 | SBP <= 106.086)
",1.000,106.086,106.086,1.000,0.000,3,1,3,0,3,4,6,1,1.0,0.25,0.75,0.5,0.6153846153846154,0.3846153846153846
"G[0,1](BUN <= 7.559 & Creatinine >= 0.003)
",0.000,9999999.000,9999999.000,1.000,0.000,0,4,0,3,3,4,0,7,0.0,1.0,0.0,0.0,0.6153846153846154,0.3846153846153846
"G[0,1](BUN <= 45.333 & Creatinine >= 0.173)
",0.000,9999999.000,9999999.000,1.000,0.000,0,4,0,3,3,4,0,7,0.0,1.0,0.0,0.0,0.6153846153846154,0.3846153846153846
"G[0,1]((Potassium <= 1.436 | O2Sat >= 5.360) -> BUN >= 12.093)
",0.000,9999999.000,9999999.000,1.000,0.000,0,4,0,3,3,4,0,7,0.0,1.0,0.0,0.0,0.6153846153846154,0.3846153846153846
"G[0,1]((WBC <= 0.000 -> Glucose <= 117.412) -> Glucose >= 21.706)
",0.000,9999999.000,9999999.000,1.000,0.000,0,4,0,3,3,4,0,7,0.0,1.0,0.0,0.0,0.6153846153846154,0.3846153846153846
"G[0,1]((Potassium <= 3.169 & Creatinine <= 2.468) | Fibrinogen >= 0.343)
",0.000,9999999.000,9999999.000,1.000,0.000,3,1,3,0,3,4,6,1,1.0,0.25,0.75,0.5,0.6153846153846154,0.3846153846153846
"G[0,1](((Phosphate >= 0.000 -> Fibrinogen >= 0.000) -> WBC <= 0.000) -> DBP <= 0.000)
",0.000,9999999.000,9999999.000,1.000,0.000,0,4,0,3,3,4,0,7,0.0,1.0,0.0,0.0,0.6153846153846154,0.3846153846153846
"G[0,2](BUN <= 3.950 & Creatinine >= 0.001)
",0.000,9999999.000,9999999.000,1.000,0.000,0,4,0,3,3,4,0,7,0.0,1.0,0.0,0.0,0.6153846153846154,0.3846153846153846
"G[0,2](BUN <= 25.994 & Creatinine >= 0.100)
",0.000,9999999.000,9999999.000,1.000,0.000,0,4,0,3,3,4,0,7,0.0,1.0,0.0,0.0,0.6153846153846154,0.3846153846153846
"G[0,0](((Bilirubin_direct >= 0.000 | AST <= 0.000) -> Magnesium >= 0.000) & Potassium <= 0.000)
",0.000,0.000,0.000,1.000,0.000,3,1,3,0,3,4,6,1,1.0,0.25,0.75,0.5,0.6153846153846154,0.3846153846153846
"G[0,1](BUN <= 49.378 & Creatinine >= 0.012)
",0.000,9999999.000,9999999.000,1.000,0.000,0,4,0,3,3,4,0,7,0.0,1.0,0.0,0.0,0.6153846153846154,0.3846153846153846
"G[1,1]((Bilirubin_direct >= 0.000 & EtCO2 >= 0.000) -> Alkalinephos >= 0.000)
",0.000,0.000,0.000,1.000,0.000,3,0,4,0,3,4,7,0,1.0,0.0,1.0,0.42857142857142855,0.46153846153846156,0.5384615384615384
"G[0,0](((WBC <= 0.000 | DBP <= 82.517) | O2Sat >= 1.850) | Alkalinephos <= 79.230)
",-3.335,82.517,102.350,1.000,0.000,3,0,4,0,3,4,7,0,1.0,0.0,1.0,0.42857142857142855,0.46153846153846156,0.5384615384615384
"G[0,1](((SepsisLabel <= 0.992 | Phosphate >= 0.000) -> Bilirubin_direct >= 0.000) | Bilirubin_direct >= 0.000)
",0.000,9999999.000,9999999.000,1.000,0.000,3,0,4,0,3,4,7,0,1.0,0.0,1.0,0.42857142857142855,0.46153846153846156,0.5384615384615384
"G[1,1]((Temp <= 19.131 -> Hct <= 0.000) -> MAP <= 0.000)
",0.000,0.000,0.000,1.000,0.000,0,3,1,3,3,4,1,6,0.0,0.75,0.25,0.0,0.46153846153846156,0.5384615384615384
"G[0,1]((Bilirubin_direct <= 0.000 & PaCO2 <= 0.000) | Phosphate >= 0.000)
",0.000,9999999.000,9999999.000,1.000,0.000,3,0,4,0,3,4,7,0,1.0,0.0,1.0,0.42857142857142855,0.46153846153846156,0.5384615384615384
"G[1,1](((DBP >= 50.647 | Magnesium <= 0.000) & WBC <= 0.000) | EtCO2 >= 0.000)
",0.000,0.000,0.000,1.000,0.000,3,0,4,0,3,4,7,0,1.0,0.0,1.0,0.42857142857142855,0.46153846153846156,0.5384615384615384
"G[0,1]((Glucose <= 97.435 -> Phosphate <= 0.000) -> Platelets <= 0.000)
",0.000,9999999.000,9999999.000,1.000,0.000,3,0,4,0,3,4,7,0,1.0,0.0,1.0,0.42857142857142855,0.46153846153846156,0.5384615384615384
"G[1,1]((SaO2 <= 0.000 | O2Sat <= 66.086) & Hgb >= 5.824)
",0.000,-5.824,-5.824,1.000,0.000,0,3,1,3,3,4,1,6,0.0,0.75,0.25,0.0,0.46153846153846156,0.5384615384615384
"G[0,1](Alkalinephos <= 0.000 | HR <= 101.226)
",0.000,9999999.000,9999999.000,1.000,0.000,3,0,4,0,3,4,7,0,1.0,0.0,1.0,0.42857142857142855,0.46153846153846156,0.5384615384615384
"G[0,1](((Glucose >= 2.323 & Platelets <= 0.000) -> BUN >= 0.000) & Bilirubin_total >= 0.000)
",0.000,9999999.000,9999999.000,1.000,0.000,3,0,4,0,3,4,7,0,1.0,0.0,1.0,0.42857142857142855,0.46153846153846156,0.5384615384615384
"G[1,1]((Creatinine >= 0.080 -> O2Sat <= 66.239) & Calcium >= 25.536)
",0.000,-66.239,-66.239,1.000,0.000,0,3,1,3,3,4,1,6,0.0,0.75,0.25,0.0,0.46153846153846156,0.5384615384615384
"G[0,0](((SBP <= 114.494 | Chloride >= 0.000) -> MAP <= 0.000) | HR >= 0.000)
",0.000,26944.000,26944.000,1.000,0.000,3,0,4,0,3,4,7,0,1.0,0.0,1.0,0.42857142857142855,0.46153846153846156,0.5384615384615384
"G[0,1]((TroponinI >= 0.000 & EtCO2 >= 0.000) | Potassium >= 0.000)
",0.000,9999999.000,9999999.000,1.000,0.000,3,0,4,0,3,4,7,0,1.0,0.0,1.0,0.42857142857142855,0.46153846153846156,0.5384615384615384
"G[0,1](HCO3 >= 0.000 & PTT >= 0.000)
",0.000,9999999.000,9999999.000,1.000,0.000,3,0,4,0,3,4,7,0,1.0,0.0,1.0,0.42857142857142855,0.46153846153846156,0.5384615384615384
"G[0,1]((WBC <= 0.000 -> Temp >= 4.582) | Glucose >= 3.554)
",0.000,9999999.000,9999999.000,1.000,0.000,0,3,1,3,3,4,1,6,0.0,0.75,0.25,0.0,0.46153846153846156,0.5384615384615384
"G[1,1](Platelets <= 0.000 -> WBC >= 0.000)
",0.000,0.000,0.000,1.000,0.000,3,0,4,0,3,4,7,0,1.0,0.0,1.0,0.42857142857142855,0.46153846153846156,0.5384615384615384
"G[0,0]((PTT <= 0.000 & O2Sat <= 31.493) -> Fibrinogen >= 9.440)
",-9.440,0.000,9.440,1.000,0.000,1,2,2,2,3,4,3,4,0.3333333333333333,0.5,0.5,0.3333333333333333,0.46153846153846156,0.5384615384615384
"G[0,1]((SBP >= 79.570 -> Glucose <= 127.361) | SepsisLabel >= 13.405)
",0.000,9999999.000,9999999.000,1.000,0.000,2,1,3,1,3,4,5,2,0.6666666666666666,0.25,0.75,0.4,0.46153846153846156,0.5384615384615384
"G[1,1](O2Sat >= 22.888 & O2Sat <= 53.452)
",0.000,-22.888,-22.888,1.000,0.000,0,3,1,3,3,4,1,6,0.0,0.75,0.25,0.0,0.46153846153846156,0.5384615384615384
"G[1,1]((Temp >= 6.746 & O2Sat <= 66.556) & pH >= 6.746)
",0.000,-6.746,-6.746,1.000,0.000,0,3,1,3,3,4,1,6,0.0,0.75,0.25,0.0,0.46153846153846156,0.5384615384615384
"G[1,1]((DBP <= 84.221 & SaO2 <= 0.000) -> EtCO2 <= 0.000)
",0.000,0.000,0.000,1.000,0.000,3,0,4,0,3,4,7,0,1.0,0.0,1.0,0.42857142857142855,0.46153846153846156,0.5384615384615384
"G[0,2](Resp >= 3.725 & Hct >= 0.000)
",0.000,9999999.000,9999999.000,1.000,0.000,0,3,3,1,1,6,3,4,0.0,0.5,0.5,0.0,0.46153846153846156,0.5384615384615384
"G[0,1](((Calcium <= 2.216 | Chloride >= 0.000) -> Phosphate <= 0.000) & BaseExcess <= 0.000)
",0.000,9999999.000,9999999.000,1.000,0.000,3,0,4,0,3,4,7,0,1.0,0.0,1.0,0.42857142857142855,0.46153846153846156,0.5384615384615384
"G[0,1]((PTT <= 0.000 | SBP >= 38.204) -> Lactate <= 95.990)
",0.000,9999999.000,9999999.000,1.000,0.000,3,0,4,0,3,4,7,0,1.0,0.0,1.0,0.42857142857142855,0.46153846153846156,0.5384615384615384
"G[1,1](((Potassium <= 1.481 | pH <= 0.000) | HR >= 0.000) -> Hct >= 0.000)
",0.000,-1.481,-1.481,1.000,0.000,3,0,4,0,3,4,7,0,1.0,0.0,1.0,0.42857142857142855,0.46153846153846156,0.5384615384615384
"G[0,1](SepsisLabel <= 0.800 | Hgb <= 0.000)
",0.000,9999999.000,9999999.000,1.000,0.000,3,0,4,0,3,4,7,0,1.0,0.0,1.0,0.42857142857142855,0.46153846153846156,0.5384615384615384
"G[0,1](((Resp >= 5.386 & Magnesium <= 0.000) & pH >= 0.000) | Fibrinogen <= 0.000)
",0.000,9999999.000,9999999.000,1.000,0.000,3,0,4,0,3,4,7,0,1.0,0.0,1.0,0.42857142857142855,0.46153846153846156,0.5384615384615384
"G[1,2]((SaO2 >= 0.000 -> O2Sat <= 32.150) & WBC >= 12.078)
",0.000,9999999.000,9999999.000,1.000,0.000,0,3,1,3,3,4,1,6,0.0,0.75,0.25,0.0,0.46153846153846156,0.5384615384615384
"G[1,1]((Fibrinogen >= 0.000 -> Phosphate >= 0.000) & SBP <= 0.000)
",0.000,0.000,0.000,1.000,0.000,0,3,1,3,3,4,1,6,0.0,0.75,0.25,0.0,0.46153846153846156,0.5384615384615384
"G[0,1]((Hct <= 0.000 | Chloride >= 0.000) | Creatinine <= 0.000)
",0.000,9999999.000,9999999.000,1.000,0.000,3,0,4,0,3,4,7,0,1.0,0.0,1.0,0.42857142857142855,0.46153846153846156,0.5384615384615384
"G[0,0]((DBP >= 21.573 | TroponinI >= 0.000) -> SaO2 <= 0.000)
",10.592,0.000,-62.627,1.000,0.000,3,0,4,0,3,4,7,0,1.0,0.0,1.0,0.42857142857142855,0.46153846153846156,0.5384615384615384
"G[0,1](Platelets >= 0.000 -> EtCO2 >= 0.000)
",0.000,9999999.000,9999999.000,1.000,0.000,3,0,4,0,3,4,7,0,1.0,0.0,1.0,0.42857142857142855,0.46153846153846156,0.5384615384615384
"G[0,1](((PTT >= 0.000 | SaO2 <= 0.000) -> TroponinI >= 0.000) | Potassium >= 0.000)
",0.000,9999999.000,9999999.000,1.000,0.000,3,0,4,0,3,4,7,0,1.0,0.0,1.0,0.42857142857142855,0.46153846153846156,0.5384615384615384
"G[1,1](AST >= 0.000 | PaCO2 >= 0.000)
",0.000,0.000,0.000,1.000,0.000,3,0,4,0,3,4,7,0,1.0,0.0,1.0,0.42857142857142855,0.46153846153846156,0.5384615384615384
"G[1,1](EtCO2 >= 0.000 -> Alkalinephos >= 0.000)
",0.000,0.000,0.000,1.000,0.000,3,0,4,0,3,4,7,0,1.0,0.0,1.0,0.42857142857142855,0.46153846153846156,0.5384615384615384
"G[0,1]((Bilirubin_direct <= 0.000 | BaseExcess >= 0.000) -> Temp >= 0.000)
",0.000,9999999.000,9999999.000,1.000,0.000,3,0,4,0,3,4,7,0,1.0,0.0,1.0,0.42857142857142855,0.46153846153846156,0.5384615384615384
"G[0,0](((HCO3 <= 0.000 | EtCO2 >= 0.000) -> Hgb >= 0.000) & Platelets <= 0.000)
",0.814,0.000,-5.100,1.000,0.000,3,0,4,0,3,4,7,0,1.0,0.0,1.0,0.42857142857142855,0.46153846153846156,0.5384615384615384
"G[0,0](((HR <= 108.455 | Platelets >= 0.000) | BUN >= 0.000) | Lactate <= 0.000)
",0.000,0.000,0.000,1.000,0.000,3,0,4,0,3,4,7,0,1.0,0.0,1.0,0.42857142857142855,0.46153846153846156,0.5384615384615384
"G[0,0]((SaO2 >= 0.000 & EtCO2 <= 0.000) & BaseExcess >= 0.000)
",0.814,0.000,-5.100,1.000,0.000,3,0,4,0,3,4,7,0,1.0,0.0,1.0,0.42857142857142855,0.46153846153846156,0.5384615384615384
"G[1,1]((BaseExcess >= 0.000 | SaO2 >= 0.000) | Potassium <= 0.000)
",0.000,0.000,0.000,1.000,0.000,3,0,4,0,3,4,7,0,1.0,0.0,1.0,0.42857142857142855,0.46153846153846156,0.5384615384615384
"G[0,0](((TroponinI <= 0.000 | HR <= 104.131) | Hct <= 100.001) & BUN <= 105.633)
",0.000,100.001,100.001,1.000,0.000,3,0,4,0,3,4,7,0,1.0,0.0,1.0,0.42857142857142855,0.46153846153846156,0.5384615384615384
"G[0,1]((HCO3 <= 0.000 -> pH >= 0.000) -> MAP >= 0.000)
",0.000,9999999.000,9999999.000,1.000,0.000,3,0,4,0,3,4,7,0,1.0,0.0,1.0,0.42857142857142855,0.46153846153846156,0.5384615384615384
"G[0,0](((PTT >= 0.000 | TroponinI <= 0.000) | SaO2 >= 0.000) | Alkalinephos <= 0.000)
",0.000,0.000,0.000,1.000,0.000,3,0,4,0,3,4,7,0,1.0,0.0,1.0,0.42857142857142855,0.46153846153846156,0.5384615384615384
"G[0,1](Resp >= 1.023 -> Glucose >= 17.160)
",0.000,9999999.000,9999999.000,1.000,0.000,1,2,2,2,3,4,3,4,0.3333333333333333,0.5,0.5,0.3333333333333333,0.46153846153846156,0.5384615384615384
"G[0,0](Lactate >= 0.000 | Creatinine >= 0.281)
",0.000,0.000,0.000,1.000,0.000,3,0,4,0,3,4,7,0,1.0,0.0,1.0,0.42857142857142855,0.46153846153846156,0.5384615384615384
"G[1,1](((Phosphate <= 0.000 & Hct >= 0.000) & TroponinI <= 0.000) & SBP <= 0.000)
",0.000,0.000,0.000,1.000,0.000,0,3,1,3,3,4,1,6,0.0,0.75,0.25,0.0,0.46153846153846156,0.5384615384615384
"G[1,1]((Lactate >= 0.000 & Magnesium <= 0.000) & pH >= 0.000)
",0.000,0.000,0.000,1.000,0.000,3,0,4,0,3,4,7,0,1.0,0.0,1.0,0.42857142857142855,0.46153846153846156,0.5384615384615384
"G[0,1](((Phosphate >= 0.000 | SepsisLabel <= 0.988) | Glucose <= 0.928) | SaO2 <= 0.789)
",0.000,9999999.000,9999999.000,1.000,0.000,3,0,4,0,3,4,7,0,1.0,0.0,1.0,0.42857142857142855,0.46153846153846156,0.5384615384615384
"G[0,1](HCO3 >= 0.000 | SepsisLabel <= 0.860)
",0.000,9999999.000,9999999.000,1.000,0.000,3,0,4,0,3,4,7,0,1.0,0.0,1.0,0.42857142857142855,0.46153846153846156,0.5384615384615384
"G[1,2]((Creatinine >= 0.311 -> Hct <= 0.000) -> MAP <= 0.000)
",0.000,9999999.000,9999999.000,1.000,0.000,0,3,1,3,3,4,1,6,0.0,0.75,0.25,0.0,0.46153846153846156,0.5384615384615384
"G[0,0](((Bilirubin_direct <= 0.000 | pH <= 0.000) | Magnesium >= 0.000) -> SaO2 <= 0.000)
",0.000,0.000,0.000,1.000,0.000,3,0,4,0,3,4,7,0,1.0,0.0,1.0,0.42857142857142855,0.46153846153846156,0.5384615384615384
"G[0,1](Bilirubin_total >= 0.000 -> SaO2 >= 0.000)
",0.000,9999999.000,9999999.000,1.000,0.000,3,0,4,0,3,4,7,0,1.0,0.0,1.0,0.42857142857142855,0.46153846153846156,0.5384615384615384
"G[1,2](((SepsisLabel >= 0.154 & Glucose >= 21.620) | AST <= 42.870) -> PTT >= 5.166)
",0.000,9999999.000,9999999.000,1.000,0.000,0,3,1,3,3,4,1,6,0.0,0.75,0.25,0.0,0.46153846153846156,0.5384615384615384
"G[0,1](((Creatinine >= 0.370 | PTT >= 0.000) | Fibrinogen >= 0.000) | Platelets <= 0.000)
",0.000,9999999.000,9999999.000,1.000,0.000,3,0,4,0,3,4,7,0,1.0,0.0,1.0,0.42857142857142855,0.46153846153846156,0.5384615384615384
"G[1,2](Bilirubin_direct >= 0.000 & Creatinine >= 0.019)
",0.000,9999999.000,9999999.000,1.000,0.000,0,3,1,3,3,4,1,6,0.0,0.75,0.25,0.0,0.46153846153846156,0.5384615384615384
"G[0,0]((HCO3 >= 0.000 | PaCO2 >= 0.000) -> PTT <= 0.000)
",0.000,0.000,0.000,1.000,0.000,3,0,4,0,3,4,7,0,1.0,0.0,1.0,0.42857142857142855,0.46153846153846156,0.5384615384615384
"G[0,0](pH >= 0.000 | Potassium >= 0.040)
",0.000,0.000,0.000,1.000,0.000,3,0,4,0,3,4,7,0,1.0,0.0,1.0,0.42857142857142855,0.46153846153846156,0.5384615384615384
"G[0,1](Fibrinogen <= 0.000 & Platelets >= 0.000)
",0.000,9999999.000,9999999.000,1.000,0.000,3,0,4,0,3,4,7,0,1.0,0.0,1.0,0.42857142857142855,0.46153846153846156,0.5384615384615384
"G[1,1](FiO2 > 0.000 -> SepsisLabel = 0.075)
",0.000,0.000,0.000,1.000,0.000,3,0,4,0,3,4,7,0,1.0,0.0,1.0,0.42857142857142855,0.46153846153846156,0.5384615384615384
"G[0,0]((HCO3 <= 0.000 & TroponinI >= 0.000) | Chloride <= 0.000)
",0.000,0.000,0.000,1.000,0.000,3,0,4,0,3,4,7,0,1.0,0.0,1.0,0.42857142857142855,0.46153846153846156,0.5384615384615384
"G[0,1](((DBP <= 87.807 -> Glucose >= 21.942) -> BUN >= 21.831) -> BaseExcess <= 42.081)
",0.000,9999999.000,9999999.000,1.000,0.000,3,0,4,0,3,4,7,0,1.0,0.0,1.0,0.42857142857142855,0.46153846153846156,0.5384615384615384
"G[0,1](((SepsisLabel <= 0.902 | DBP >= 15.419) | Resp <= 74.383) -> Resp <= 85.155)
",0.000,9999999.000,9999999.000,1.000,0.000,3,0,4,0,3,4,7,0,1.0,0.0,1.0,0.42857142857142855,0.46153846153846156,0.5384615384615384
"G[0,1](Chloride >= 0.000 & HCO3 >= 0.000)
",0.000,9999999.000,9999999.000,1.000,0.000,3,0,4,0,3,4,7,0,1.0,0.0,1.0,0.42857142857142855,0.46153846153846156,0.5384615384615384
"G[1,1](((PaCO2 >= 0.000 -> Fibrinogen <= 0.000) -> MAP >= 0.000) | PaCO2 >= 0.000)
",0.000,0.000,0.000,1.000,0.000,3,0,4,0,3,4,7,0,1.0,0.0,1.0,0.42857142857142855,0.46153846153846156,0.5384615384615384
"G[1,1](((BUN >= 2.903 | Bilirubin_direct >= 0.000) | pH >= 0.000) -> SaO2 >= 0.000)
",0.000,0.000,0.000,1.000,0.000,3,0,4,0,3,4,7,0,1.0,0.0,1.0,0.42857142857142855,0.46153846153846156,0.5384615384615384
"G[0,0]((Hgb <= 0.000 & PTT <= 0.000) & BaseExcess <= 0.000)
",0.000,0.000,0.000,1.000,0.000,3,0,4,0,3,4,7,0,1.0,0.0,1.0,0.42857142857142855,0.46153846153846156,0.5384615384615384
"G[0,1](Chloride >= 0.000 & HCO3 >= 0.000)
",0.000,9999999.000,9999999.000,1.000,0.000,3,0,4,0,3,4,7,0,1.0,0.0,1.0,0.42857142857142855,0.46153846153846156,0.5384615384615384
"G[0,1]((DBP <= 88.916 -> Temp <= 28.714) -> WBC <= 25.201)
",0.000,9999999.000,9999999.000,1.000,0.000,3,0,4,0,3,4,7,0,1.0,0.0,1.0,0.42857142857142855,0.46153846153846156,0.5384615384615384
"G[0,0](((Glucose <= 106.617 -> SepsisLabel >= 0.298) | Potassium <= 0.858) & Calcium >= 0.353)
",0.000,-0.353,-0.353,1.000,0.000,0,3,1,3,3,4,1,6,0.0,0.75,0.25,0.0,0.46153846153846156,0.5384615384615384
"G[0,1](Calcium <= 2.989 | Temp <= 33.401)
",0.000,9999999.000,9999999.000,1.000,0.000,3,0,4,0,3,4,7,0,1.0,0.0,1.0,0.42857142857142855,0.46153846153846156,0.5384615384615384
"G[1,1](((O2Sat <= 54.995 & Resp <= 12.002) & TroponinI <= 17.391) -> O2Sat <= 13.086)
",0.000,-13.086,-13.086,1.000,0.000,3,0,4,0,3,4,7,0,1.0,0.0,1.0,0.42857142857142855,0.46153846153846156,0.5384615384615384
"G[0,1](((Hgb <= 0.000 | Hct <= 0.000) -> WBC >= 0.000) & Platelets >= 0.000)
",0.000,9999999.000,9999999.000,1.000,0.000,3,0,4,0,3,4,7,0,1.0,0.0,1.0,0.42857142857142855,0.46153846153846156,0.5384615384615384
"G[0,1](Chloride >= 0.000 & HCO3 >= 0.000)
",0.000,9999999.000,9999999.000,1.000,0.000,3,0,4,0,3,4,7,0,1.0,0.0,1.0,0.42857142857142855,0.46153846153846156,0.5384615384615384
"G[1,1](Platelets <= 0.000 -> WBC >= 0.000)
",0.000,0.000,0.000,1.000,0.000,3,0,4,0,3,4,7,0,1.0,0.0,1.0,0.42857142857142855,0.46153846153846156,0.5384615384615384
"G[1,1](((Hgb <= 0.000 | Hct <= 0.000) -> WBC >= 0.000) & Platelets >= 0.000)
",0.000,0.000,0.000,1.000,0.000,3,0,4,0,3,4,7,0,1.0,0.0,1.0,0.42857142857142855,0.46153846153846156,0.5384615384615384
"G[0,0](((Hgb <= 0.000 | Hct <= 0.000) -> WBC >= 0.000) & Platelets >= 0.000)
",0.000,0.000,0.000,1.000,0.000,3,0,4,0,3,4,7,0,1.0,0.0,1.0,0.42857142857142855,0.46153846153846156,0.5384615384615384
"G[1,2]((Bilirubin_direct <= 0.000 -> Alkalinephos <= 0.000) & SepsisLabel <= 0.000)
",0.000,9999999.000,9999999.000,1.000,0.000,0,3,2,2,2,5,2,5,0.0,0.6,0.4,0.0,0.46153846153846156,0.5384615384615384
"G[0,0](((MAP <= 96.814 | SepsisLabel >= 0.201) | AST <= 0.840) | EtCO2 <= 0.959)
",14.994,96.814,5.448,1.000,0.000,3,0,4,0,3,4,7,0,1.0,0.0,1.0,0.42857142857142855,0.46153846153846156,0.5384615384615384
"G[0,1](((Hgb <= 0.000 | Hct <= 0.000) -> WBC >= 0.000) & Platelets >= 0.000)
",0.000,9999999.000,9999999.000,1.000,0.000,3,0,4,0,3,4,7,0,1.0,0.0,1.0,0.42857142857142855,0.46153846153846156,0.5384615384615384
"G[0,0](Alkalinephos >= 0.000 | Bilirubin_direct >= 0.000)
",0.000,0.000,0.000,1.000,0.000,3,0,4,0,3,4,7,0,1.0,0.0,1.0,0.42857142857142855,0.46153846153846156,0.5384615384615384
"G[1,1](Bilirubin_total >= 0.000 & SepsisLabel = 0.157)
",0.000,-0.157,-0.157,1.000,0.000,0,3,1,3,3,4,1,6,0.0,0.75,0.25,0.0,0.46153846153846156,0.5384615384615384
"G[1,2](Hgb >= 0.000 -> SepsisLabel = 0.992)
",0.000,9999999.000,9999999.000,1.000,0.000,0,3,1,3,3,4,1,6,0.0,0.75,0.25,0.0,0.46153846153846156,0.5384615384615384
"G[1,2](Calcium <= 5.253 -> SepsisLabel = 0.217)
",0.000,9999999.000,9999999.000,1.000,0.000,0,3,1,3,3,4,1,6,0.0,0.75,0.25,0.0,0.46153846153846156,0.5384615384615384
"G[1,1]((Magnesium >= 0.000 | Resp >= 3.742) -> Platelets <= 17.432)
",0.000,-17.432,-17.432,1.000,0.000,3,0,4,0,3,4,7,0,1.0,0.0,1.0,0.42857142857142855,0.46153846153846156,0.5384615384615384
"G[1,2](((O2Sat >= 14.713 | Potassium <= 3.636) | DBP <= 0.544) & Glucose >= 0.328)
",0.000,9999999.000,9999999.000,1.000,0.000,0,3,2,2,2,5,2,5,0.0,0.6,0.4,0.0,0.46153846153846156,0.5384615384615384
"G[1,1]((Alkalinephos >= 0.000 & Bilirubin_total <= 0.000) | pH >= 0.000)
",0.000,0.000,0.000,1.000,0.000,3,0,4,0,3,4,7,0,1.0,0.0,1.0,0.42857142857142855,0.46153846153846156,0.5384615384615384
"G[0,1]((HR >= 51.999 | SepsisLabel <= 0.796) -> Bilirubin_direct <= 0.792)
",0.000,9999999.000,9999999.000,1.000,0.000,3,0,4,0,3,4,7,0,1.0,0.0,1.0,0.42857142857142855,0.46153846153846156,0.5384615384615384
"G[0,0](((Phosphate >= 0.000 | BUN <= 11.709) | Lactate >= 2.472) | Temp >= 3.523)
",0.000,11.709,11.709,1.000,0.000,3,0,4,0,3,4,7,0,1.0,0.0,1.0,0.42857142857142855,0.46153846153846156,0.5384615384615384
"G[0,1](Chloride >= 0.000 & HCO3 >= 0.000)
",0.000,9999999.000,9999999.000,1.000,0.000,3,0,4,0,3,4,7,0,1.0,0.0,1.0,0.42857142857142855,0.46153846153846156,0.5384615384615384
"G[1,1](((HR <= 98.582 -> SBP <= 95.264) | Chloride <= 108.991) & TroponinI >= 55.913)
",-1.000,-55.913,-55.913,1.000,0.000,0,3,1,3,3,4,1,6,0.0,0.75,0.25,0.0,0.46153846153846156,0.5384615384615384
"G[0,0]((Glucose >= 18.672 & Potassium >= 0.106) & Hgb <= 0.844)
",0.000,-18.672,-18.672,1.000,0.000,0,3,1,3,3,4,1,6,0.0,0.75,0.25,0.0,0.46153846153846156,0.5384615384615384
"G[0,1](((Bilirubin_direct >= 0.000 -> Alkalinephos <= 0.000) & HR <= 0.000) | Phosphate <= 0.000)
",0.000,9999999.000,9999999.000,1.000,0.000,3,0,4,0,3,4,7,0,1.0,0.0,1.0,0.42857142857142855,0.46153846153846156,0.5384615384615384
"G[0,1](Platelets <= 0.000 -> WBC >= 0.000)
",0.000,9999999.000,9999999.000,1.000,0.000,3,0,4,0,3,4,7,0,1.0,0.0,1.0,0.42857142857142855,0.46153846153846156,0.5384615384615384
"G[0,0]((HR >= 90.500 & TroponinI <= 0.000) & Potassium >= 0.000)
",0.000,0.000,0.000,1.000,0.000,2,0,4,1,3,4,6,1,0.6666666666666666,0.0,1.0,0.3333333333333333,0.3076923076923077,0.6923076923076923
"G[0,2](((Potassium <= 1.750 & DBP <= 76.355) & BUN <= 86.796) -> MAP <= 73.582)
",0.000,9999999.000,9999999.000,1.000,0.000,0,2,2,3,3,4,2,5,0.0,0.5,0.5,0.0,0.3076923076923077,0.6923076923076923
"G[0,1](((DBP >= 9.109 & O2Sat <= 89.562) -> pH <= 73.865) -> SBP >= 12.867)
",0.000,9999999.000,9999999.000,1.000,0.000,2,0,4,1,3,4,6,1,0.6666666666666666,0.0,1.0,0.3333333333333333,0.3076923076923077,0.6923076923076923
"G[0,2](((Glucose <= 87.182 | SepsisLabel >= 0.635) | HR <= 0.989) & O2Sat <= 0.808)
",0.000,9999999.000,9999999.000,1.000,0.000,0,2,3,2,2,5,3,4,0.0,0.4,0.6,0.0,0.3076923076923077,0.6923076923076923
"G[0,2](Temp > 1.706 -> SepsisLabel = 0.648)
",0.000,9999999.000,9999999.000,1.000,0.000,0,2,4,1,1,6,4,3,0.0,0.3333333333333333,0.6666666666666666,0.0,0.3076923076923077,0.6923076923076923
"G[0,2]((HR >= 70.191 & O2Sat <= 71.653) & AST <= 92.632)
",0.000,9999999.000,9999999.000,1.000,0.000,0,2,3,2,2,5,3,4,0.0,0.4,0.6,0.0,0.3076923076923077,0.6923076923076923
"G[0,2](((Chloride <= 0.000 -> SepsisLabel <= 0.919) | WBC <= 0.977) & Glucose <= 0.848)
",0.000,9999999.000,9999999.000,1.000,0.000,0,1,5,1,1,6,5,2,0.0,0.16666666666666666,0.8333333333333334,0.0,0.15384615384615385,0.8461538461538461
"G[0,1](((SepsisLabel <= 0.962 -> Temp >= 7.638) & FiO2 <= 17.291) | Creatinine >= 8.255)
",0.000,9999999.000,9999999.000,1.000,0.000,1,0,4,2,3,4,5,2,0.3333333333333333,0.0,1.0,0.2,0.15384615384615385,0.8461538461538461
"G[1,2]((HR >= 20.520 & Resp >= 2.205) -> SaO2 >= 9.473)
",0.000,9999999.000,9999999.000,1.000,0.000,0,1,3,3,3,4,3,4,0.0,0.25,0.75,0.0,0.15384615384615385,0.8461538461538461
"G[0,2](Creatinine >= 0.336 -> O2Sat <= 44.655)
",0.000,9999999.000,9999999.000,1.000,0.000,0,1,6,0,0,7,6,1,0.0,0.14285714285714285,0.8571428571428571,0.0,0.15384615384615385,0.8461538461538461
"G[0,2]((O2Sat <= 61.009 | Temp <= 32.369) & Platelets <= 22.874)
",0.000,9999999.000,9999999.000,1.000,0.000,0,1,6,0,0,7,6,1,0.0,0.14285714285714285,0.8571428571428571,0.0,0.15384615384615385,0.8461538461538461
"G[0,2](((Calcium <= 2.534 & SaO2 <= 0.000) -> HCO3 <= 0.000) & Calcium <= 0.000)
",0.000,9999999.000,9999999.000,1.000,0.000,0,1,6,0,0,7,6,1,0.0,0.14285714285714285,0.8571428571428571,0.0,0.15384615384615385,0.8461538461538461
"G[0,2]((HR >= 73.588 & Potassium <= 2.623) & FiO2 <= 0.926)
",0.000,9999999.000,9999999.000,1.000,0.000,0,1,5,1,1,6,5,2,0.0,0.16666666666666666,0.8333333333333334,0.0,0.15384615384615385,0.8461538461538461
"G[0,1]((EtCO2 >= 0.000 & SepsisLabel <= 0.914) -> Bilirubin_total >= 0.740)
",0.000,9999999.000,9999999.000,1.000,0.000,1,0,4,2,3,4,5,2,0.3333333333333333,0.0,1.0,0.2,0.15384615384615385,0.8461538461538461
"G[2,2](Resp >= 3.413 & Potassium <= 3.969)
",0.000,-3.413,-3.413,1.000,0.000,0,0,7,0,0,7,7,0,0.0,0.0,1.0,0.0,0.0,1.0
"G[1,2](((Platelets >= 0.000 -> Hgb <= 0.000) | MAP <= 0.000) | TroponinI >= 0.000)
",0.000,9999999.000,9999999.000,1.000,0.000,0,0,7,0,0,7,7,0,0.0,0.0,1.0,0.0,0.0,1.0
"G[1,2](((Hgb <= 0.000 | Hct <= 0.000) -> WBC >= 0.000) & Platelets >= 0.000)
",0.000,9999999.000,9999999.000,1.000,0.000,0,0,7,0,0,7,7,0,0.0,0.0,1.0,0.0,0.0,1.0
"G[1,2](Creatinine >= 0.328 -> BaseExcess >= 0.000)
",0.000,9999999.000,9999999.000,1.000,0.000,0,0,7,0,0,7,7,0,0.0,0.0,1.0,0.0,0.0,1.0
"G[1,2](TroponinI <= 0.000 -> PTT <= 0.000)
",0.000,9999999.000,9999999.000,1.000,0.000,0,0,7,0,0,7,7,0,0.0,0.0,1.0,0.0,0.0,1.0
"G[1,2](Platelets <= 0.000 -> WBC >= 0.000)
",0.000,9999999.000,9999999.000,1.000,0.000,0,0,7,0,0,7,7,0,0.0,0.0,1.0,0.0,0.0,1.0
"G[1,2]((pH >= 0.000 | Fibrinogen >= 0.000) | Chloride <= 0.000)
",0.000,9999999.000,9999999.000,1.000,0.000,0,0,7,0,0,7,7,0,0.0,0.0,1.0,0.0,0.0,1.0
"G[2,2](BUN <= 46.518 & Creatinine >= 0.256)
",0.000,-0.256,-0.256,1.000,0.000,0,0,7,0,0,7,7,0,0.0,0.0,1.0,0.0,0.0,1.0
"G[0,2](((Hgb <= 0.000 | Hct <= 0.000) -> WBC >= 0.000) & Platelets >= 0.000)
",0.000,9999999.000,9999999.000,1.000,0.000,0,0,7,0,0,7,7,0,0.0,0.0,1.0,0.0,0.0,1.0
"G[2,2]((Fibrinogen <= 0.000 & Alkalinephos >= 0.000) | O2Sat >= 0.000)
",0.000,0.000,0.000,1.000,0.000,0,0,7,0,0,7,7,0,0.0,0.0,1.0,0.0,0.0,1.0
"G[2,2](BUN >= 1.204 | Phosphate <= 0.000)
",0.000,0.000,0.000,1.000,0.000,0,0,7,0,0,7,7,0,0.0,0.0,1.0,0.0,0.0,1.0
"G[0,2]((Calcium >= 0.089 | Fibrinogen >= 0.000) -> Magnesium >= 0.000)
",0.000,9999999.000,9999999.000,1.000,0.000,0,0,7,0,0,7,7,0,0.0,0.0,1.0,0.0,0.0,1.0
"G[2,2](((Resp <= 16.647 | Fibrinogen <= 0.000) | MAP <= 0.000) & Glucose <= 0.000)
",0.000,0.000,0.000,1.000,0.000,0,0,7,0,0,7,7,0,0.0,0.0,1.0,0.0,0.0,1.0
"G[0,2](((PTT >= 0.000 -> Platelets <= 0.000) | MAP >= 0.000) | Hct >= 0.000)
",0.000,9999999.000,9999999.000,1.000,0.000,0,0,7,0,0,7,7,0,0.0,0.0,1.0,0.0,0.0,1.0
"G[0,2]((Resp <= 14.001 -> Hgb >= 0.000) & SaO2 >= 0.000)
",0.000,9999999.000,9999999.000,1.000,0.000,0,0,7,0,0,7,7,0,0.0,0.0,1.0,0.0,0.0,1.0
"G[0,2](Platelets <= 0.000 -> WBC >= 0.000)
",0.000,9999999.000,9999999.000,1.000,0.000,0,0,7,0,0,7,7,0,0.0,0.0,1.0,0.0,0.0,1.0
"G[0,2](TroponinI <= 0.000 | Magnesium <= 0.000)
",0.000,9999999.000,9999999.000,1.000,0.000,0,0,7,0,0,7,7,0,0.0,0.0,1.0,0.0,0.0,1.0
"G[1,2](Chloride >= 0.000 & HCO3 >= 0.000)
",0.000,9999999.000,9999999.000,1.000,0.000,0,0,7,0,0,7,7,0,0.0,0.0,1.0,0.0,0.0,1.0
"G[2,2](BUN <= 13.627 & Creatinine >= 0.142)
",0.000,-0.142,-0.142,1.000,0.000,0,0,7,0,0,7,7,0,0.0,0.0,1.0,0.0,0.0,1.0
"G[0,2](((Hgb <= 0.000 | Hct <= 0.000) -> WBC >= 0.000) & Platelets >= 0.000)
",0.000,9999999.000,9999999.000,1.000,0.000,0,0,7,0,0,7,7,0,0.0,0.0,1.0,0.0,0.0,1.0
"G[0,2](((Resp >= 8.199 | WBC >= 0.000) -> Creatinine <= 0.000) -> HCO3 >= 0.000)
",0.000,9999999.000,9999999.000,1.000,0.000,0,0,7,0,0,7,7,0,0.0,0.0,1.0,0.0,0.0,1.0
"G[1,2](Chloride >= 0.000 & HCO3 >= 0.000)
",0.000,9999999.000,9999999.000,1.000,0.000,0,0,7,0,0,7,7,0,0.0,0.0,1.0,0.0,0.0,1.0
"G[2,2](Platelets <= 0.000 -> WBC >= 0.000)
",0.000,0.000,0.000,1.000,0.000,0,0,7,0,0,7,7,0,0.0,0.0,1.0,0.0,0.0,1.0
"G[0,2](((SaO2 >= 0.000 & Platelets <= 0.000) & pH <= 0.000) -> EtCO2 <= 0.000)
",0.000,9999999.000,9999999.000,1.000,0.000,0,0,7,0,0,7,7,0,0.0,0.0,1.0,0.0,0.0,1.0
"G[2,2]((Fibrinogen <= 0.000 | Creatinine <= 3.752) | WBC >= 0.031)
",0.000,3.752,3.752,1.000,0.000,0,0,7,0,0,7,7,0,0.0,0.0,1.0,0.0,0.0,1.0
"G[0,2](((Hgb <= 0.000 | Hct <= 0.000) -> WBC >= 0.000) & Platelets >= 0.000)
",0.000,9999999.000,9999999.000,1.000,0.000,0,0,7,0,0,7,7,0,0.0,0.0,1.0,0.0,0.0,1.0
"G[1,2](Chloride >= 0.000 & HCO3 >= 0.000)
",0.000,9999999.000,9999999.000,1.000,0.000,0,0,7,0,0,7,7,0,0.0,0.0,1.0,0.0,0.0,1.0
"G[1,2]((WBC <= 0.000 | O2Sat <= 64.378) | Hct <= 69.794)
",0.000,9999999.000,9999999.000,1.000,0.000,0,0,7,0,0,7,7,0,0.0,0.0,1.0,0.0,0.0,1.0
"G[1,2](((HCO3 >= 0.000 & SaO2 <= 0.000) -> EtCO2 >= 0.000) -> TroponinI <= 0.000)
",0.000,9999999.000,9999999.000,1.000,0.000,0,0,7,0,0,7,7,0,0.0,0.0,1.0,0.0,0.0,1.0
"G[1,2](((Lactate >= 0.000 | HCO3 <= 0.000) | FiO2 <= 0.000) -> Bilirubin_total <= 0.000)
",0.000,9999999.000,9999999.000,1.000,0.000,0,0,7,0,0,7,7,0,0.0,0.0,1.0,0.0,0.0,1.0
"G[1,2]((Bilirubin_total <= 0.000 & Chloride >= 0.000) -> Magnesium >= 0.000)
",0.000,9999999.000,9999999.000,1.000,0.000,0,0,7,0,0,7,7,0,0.0,0.0,1.0,0.0,0.0,1.0
"G[1,2](Platelets >= 0.000 | EtCO2 >= 0.000)
",0.000,9999999.000,9999999.000,1.000,0.000,0,0,7,0,0,7,7,0,0.0,0.0,1.0,0.0,0.0,1.0
"G[1,2](Platelets <= 0.000 -> WBC >= 0.000)
",0.000,9999999.000,9999999.000,1.000,0.000,0,0,7,0,0,7,7,0,0.0,0.0,1.0,0.0,0.0,1.0
"G[0,2](Platelets <= 0.000 -> WBC >= 0.000)
",0.000,9999999.000,9999999.000,1.000,0.000,0,0,7,0,0,7,7,0,0.0,0.0,1.0,0.0,0.0,1.0
"G[1,2](Chloride >= 0.000 & HCO3 >= 0.000)
",0.000,9999999.000,9999999.000,1.000,0.000,0,0,7,0,0,7,7,0,0.0,0.0,1.0,0.0,0.0,1.0
"G[1,2](((TroponinI <= 0.000 | Hct >= 0.000) | Bilirubin_direct <= 0.000) -> BUN >= 0.000)
",0.000,9999999.000,9999999.000,1.000,0.000,0,0,7,0,0,7,7,0,0.0,0.0,1.0,0.0,0.0,1.0
"G[1,2](SaO2 <= 0.000 -> O2Sat <= 79.734)
",0.000,9999999.000,9999999.000,1.000,0.000,0,0,6,1,1,6,6,1,0.0,0.0,1.0,0.0,0.0,1.0
"G[0,2](((Hct <= 0.000 | AST >= 0.000) & Temp >= 0.000) -> Lactate <= 0.000)
",0.000,9999999.000,9999999.000,1.000,0.000,0,0,7,0,0,7,7,0,0.0,0.0,1.0,0.0,0.0,1.0
"G[2,2]((Magnesium >= 0.000 | pH <= 0.000) & Lactate <= 0.000)
",0.000,0.000,0.000,1.000,0.000,0,0,7,0,0,7,7,0,0.0,0.0,1.0,0.0,0.0,1.0
"G[1,2](Platelets <= 0.000 -> WBC >= 0.000)
",0.000,9999999.000,9999999.000,1.000,0.000,0,0,7,0,0,7,7,0,0.0,0.0,1.0,0.0,0.0,1.0
"G[2,2](Creatinine < 3.527 & SepsisLabel = 0.046)
",0.000,-0.046,-0.046,1.000,0.000,0,0,7,0,0,7,7,0,0.0,0.0,1.0,0.0,0.0,1.0
"G[2,2]((Glucose >= 21.237 | BUN >= 2.025) & SepsisLabel <= 30.598)
",0.000,-2.025,-2.025,1.000,0.000,0,0,7,0,0,7,7,0,0.0,0.0,1.0,0.0,0.0,1.0
"G[2,2](Chloride >= 0.000 & HCO3 >= 0.000)
",0.000,0.000,0.000,1.000,0.000,0,0,7,0,0,7,7,0,0.0,0.0,1.0,0.0,0.0,1.0
"G[2,2](SepsisLabel >= 0.540 & AST >= 0.000)
",0.000,-0.540,-0.540,1.000,0.000,0,0,7,0,0,7,7,0,0.0,0.0,1.0,0.0,0.0,1.0
"G[0,2](pH >= 0.000 | Phosphate >= 0.000)
",0.000,9999999.000,9999999.000,1.000,0.000,0,0,7,0,0,7,7,0,0.0,0.0,1.0,0.0,0.0,1.0
"G[1,2](((WBC >= 0.000 -> Alkalinephos >= 0.000) & Temp >= 0.000) & SBP >= 0.000)
",0.000,9999999.000,9999999.000,1.000,0.000,0,0,7,0,0,7,7,0,0.0,0.0,1.0,0.0,0.0,1.0
"G[1,2](Platelets <= 0.000 -> WBC >= 0.000)
",0.000,9999999.000,9999999.000,1.000,0.000,0,0,7,0,0,7,7,0,0.0,0.0,1.0,0.0,0.0,1.0
"G[2,2](((Hgb <= 0.000 | Hct <= 0.000) -> WBC >= 0.000) & Platelets >= 0.000)
",0.000,0.000,0.000,1.000,0.000,0,0,7,0,0,7,7,0,0.0,0.0,1.0,0.0,0.0,1.0
"G[2,2](((Hgb <= 0.000 | Hct <= 0.000) -> WBC >= 0.000) & Platelets >= 0.000)
",0.000,0.000,0.000,1.000,0.000,0,0,7,0,0,7,7,0,0.0,0.0,1.0,0.0,0.0,1.0
"G[2,2](WBC <= 0.000 | Potassium <= 4.203)
",0.000,4.203,4.203,1.000,0.000,0,0,7,0,0,7,7,0,0.0,0.0,1.0,0.0,0.0,1.0
"G[0,2](Phosphate >= 0.000 & Fibrinogen <= 0.000)
",0.000,9999999.000,9999999.000,1.000,0.000,0,0,7,0,0,7,7,0,0.0,0.0,1.0,0.0,0.0,1.0
"G[0,2](BUN <= 41.210 | Creatinine >= 0.246)
",0.000,9999999.000,9999999.000,1.000,0.000,0,0,7,0,0,7,7,0,0.0,0.0,1.0,0.0,0.0,1.0
"G[2,2](((Creatinine <= 1.457 -> SBP <= 94.629) & SBP >= 38.974) | MAP <= 109.374)
",1.000,109.374,109.374,1.000,0.000,0,0,7,0,0,7,7,0,0.0,0.0,1.0,0.0,0.0,1.0
"G[1,2]((Hgb >= 0.000 & Alkalinephos <= 0.000) | Bilirubin_direct <= 0.000)
",0.000,9999999.000,9999999.000,1.000,0.000,0,0,7,0,0,7,7,0,0.0,0.0,1.0,0.0,0.0,1.0
"G[0,2](Glucose <= 23.988 -> Hct <= 0.000)
",0.000,9999999.000,9999999.000,1.000,0.000,0,0,7,0,0,7,7,0,0.0,0.0,1.0,0.0,0.0,1.0
"G[1,2](((Calcium <= 3.865 | DBP >= 65.012) | Potassium <= 76.615) | FiO2 <= 79.066)
",0.000,9999999.000,9999999.000,1.000,0.000,0,0,7,0,0,7,7,0,0.0,0.0,1.0,0.0,0.0,1.0
"G[2,2]((SepsisLabel <= 0.962 & Hgb <= 0.000) -> Fibrinogen <= 0.000)
",0.000,0.000,0.000,1.000,0.000,0,0,7,0,0,7,7,0,0.0,0.0,1.0,0.0,0.0,1.0
"G[0,2](MAP <= 99.787 -> DBP >= 66.908)
",0.000,9999999.000,9999999.000,1.000,0.000,0,0,5,2,2,5,5,2,0.0,0.0,1.0,0.0,0.0,1.0
"G[2,2](((Magnesium <= 0.000 -> HR <= 110.694) | PTT <= 105.952) | Hgb <= 111.729)
",0.000,111.729,111.729,1.000,0.000,0,0,7,0,0,7,7,0,0.0,0.0,1.0,0.0,0.0,1.0
"G[2,2](((Potassium <= 4.792 -> SepsisLabel >= 0.292) -> PaCO2 >= 0.759) -> Calcium >= 0.123)
",0.000,-0.759,-0.759,1.000,0.000,0,0,7,0,0,7,7,0,0.0,0.0,1.0,0.0,0.0,1.0
"G[0,2](((Creatinine >= 0.107 -> SepsisLabel >= 0.477) | PTT <= 0.821) | Fibrinogen <= 0.821)
",0.000,9999999.000,9999999.000,1.000,0.000,0,0,7,0,0,7,7,0,0.0,0.0,1.0,0.0,0.0,1.0
"G[1,2](((HCO3 <= 0.000 | HCO3 <= 0.000) & O2Sat <= 0.000) & AST >= 0.000)
",0.000,9999999.000,9999999.000,1.000,0.000,0,0,6,1,1,6,6,1,0.0,0.0,1.0,0.0,0.0,1.0
"G[1,2](Lactate >= 0.000 & Bilirubin_total <= 0.000)
",0.000,9999999.000,9999999.000,1.000,0.000,0,0,7,0,0,7,7,0,0.0,0.0,1.0,0.0,0.0,1.0
"G[1,2](Calcium >= 0.283 | WBC <= 0.000)
",0.000,9999999.000,9999999.000,1.000,0.000,0,0,7,0,0,7,7,0,0.0,0.0,1.0,0.0,0.0,1.0
"G[1,2](((Temp >= 7.102 -> TroponinI <= 0.000) -> pH <= 0.000) -> Magnesium >= 0.000)
",0.000,9999999.000,9999999.000,1.000,0.000,0,0,7,0,0,7,7,0,0.0,0.0,1.0,0.0,0.0,1.0
"G[1,2](((Hct <= 0.000 & DBP >= 54.161) | FiO2 <= 82.628) | BUN >= 51.281)
",0.000,9999999.000,9999999.000,1.000,0.000,0,0,7,0,0,7,7,0,0.0,0.0,1.0,0.0,0.0,1.0
"G[1,2]((DBP <= 89.684 | Magnesium <= 0.000) -> Hgb >= 0.000)
",0.000,9999999.000,9999999.000,1.000,0.000,0,0,7,0,0,7,7,0,0.0,0.0,1.0,0.0,0.0,1.0
"G[1,2]((DBP <= 86.909 -> HCO3 >= 0.000) | FiO2 <= 0.000)
",0.000,9999999.000,9999999.000,1.000,0.000,0,0,7,0,0,7,7,0,0.0,0.0,1.0,0.0,0.0,1.0
"G[0,2](WBC >= 0.000 & Platelets <= 0.000)
",0.000,9999999.000,9999999.000,1.000,0.000,0,0,7,0,0,7,7,0,0.0,0.0,1.0,0.0,0.0,1.0
"G[0,2]((SaO2 <= 0.000 | Hgb <= 0.000) | HR >= 0.000)
",0.000,9999999.000,9999999.000,1.000,0.000,0,0,7,0,0,7,7,0,0.0,0.0,1.0,0.0,0.0,1.0
"G[0,2](Alkalinephos >= 0.000 -> Platelets <= 0.000)
",0.000,9999999.000,9999999.000,1.000,0.000,0,0,7,0,0,7,7,0,0.0,0.0,1.0,0.0,0.0,1.0
"G[2,2](((HCO3 >= 0.000 -> Calcium >= 0.632) | PaCO2 <= 4.282) -> Alkalinephos >= 0.348)
",0.000,-4.282,-4.282,1.000,0.000,0,0,7,0,0,7,7,0,0.0,0.0,1.0,0.0,0.0,1.0
"G[0,2](BUN <= 39.302 -> Bilirubin_direct <= 0.000)
",0.000,9999999.000,9999999.000,1.000,0.000,0,0,7,0,0,7,7,0,0.0,0.0,1.0,0.0,0.0,1.0
"G[2,2](((MAP <= 105.136 | FiO2 >= 0.000) & Temp >= 0.000) & HCO3 >= 0.000)
",0.000,0.000,0.000,1.000,0.000,0,0,7,0,0,7,7,0,0.0,0.0,1.0,0.0,0.0,1.0
"G[0,2](((TroponinI <= 0.000 & Alkalinephos >= 0.000) & Platelets <= 0.000) -> Calcium >= 0.000)
",0.000,9999999.000,9999999.000,1.000,0.000,0,0,7,0,0,7,7,0,0.0,0.0,1.0,0.0,0.0,1.0
"G[1,2](SaO2 <= 0.000 | HCO3 <= 0.000)
",0.000,9999999.000,9999999.000,1.000,0.000,0,0,7,0,0,7,7,0,0.0,0.0,1.0,0.0,0.0,1.0
"G[2,2](Creatinine >= 0.221 | Magnesium <= 0.000)
",0.000,0.000,0.000,1.000,0.000,0,0,7,0,0,7,7,0,0.0,0.0,1.0,0.0,0.0,1.0
"G[1,2](Hct <= 0.000 | TroponinI >= 0.000)
",0.000,9999999.000,9999999.000,1.000,0.000,0,0,7,0,0,7,7,0,0.0,0.0,1.0,0.0,0.0,1.0
"G[0,2](((Temp <= 24.909 & BUN >= 2.854) | DBP >= 1.823) | Resp >= 0.232)
",0.000,9999999.000,9999999.000,1.000,0.000,0,0,6,1,1,6,6,1,0.0,0.0,1.0,0.0,0.0,1.0
"G[2,2](BaseExcess >= 0.000 -> EtCO2 <= 0.000)
",0.000,0.000,0.000,1.000,0.000,0,0,7,0,0,7,7,0,0.0,0.0,1.0,0.0,0.0,1.0
"G[1,2](((Lactate <= 0.000 | SBP <= 116.146) -> Potassium <= 115.745) | DBP <= 95.444)
",0.000,9999999.000,9999999.000,1.000,0.000,0,0,7,0,0,7,7,0,0.0,0.0,1.0,0.0,0.0,1.0
"G[1,2](DBP <= 73.854 | Bilirubin_direct >= 0.000)
",0.000,9999999.000,9999999.000,1.000,0.000,0,0,7,0,0,7,7,0,0.0,0.0,1.0,0.0,0.0,1.0
"G[2,2](Potassium >= 0.163 | SBP >= 86.227)
",0.000,-0.163,-0.163,1.000,0.000,0,0,7,0,0,7,7,0,0.0,0.0,1.0,0.0,0.0,1.0
"G[0,2]((Glucose >= 3.857 -> PTT >= 0.000) & Chloride <= 0.000)
",0.000,9999999.000,9999999.000,1.000,0.000,0,0,7,0,0,7,7,0,0.0,0.0,1.0,0.0,0.0,1.0
"G[0,2](((FiO2 >= 0.000 | DBP >= 48.134) & Resp >= 22.296) -> Calcium >= 4.380)
",0.000,9999999.000,9999999.000,1.000,0.000,0,0,7,0,0,7,7,0,0.0,0.0,1.0,0.0,0.0,1.0
"G[0,2]((MAP >= 47.096 & SBP >= 5.577) & BaseExcess <= 117.721)
",0.000,9999999.000,9999999.000,1.000,0.000,0,0,6,1,1,6,6,1,0.0,0.0,1.0,0.0,0.0,1.0
"G[0,2](((HCO3 >= 0.000 -> FiO2 <= 0.000) & SaO2 <= 0.000) & pH <= 0.000)
",0.000,9999999.000,9999999.000,1.000,0.000,0,0,7,0,0,7,7,0,0.0,0.0,1.0,0.0,0.0,1.0
"G[0,2](HCO3 >= 0.000 -> Platelets >= 0.000)
",0.000,9999999.000,9999999.000,1.000,0.000,0,0,7,0,0,7,7,0,0.0,0.0,1.0,0.0,0.0,1.0
"G[1,2](((SepsisLabel >= 0.352 & Hct <= 0.000) & FiO2 >= 0.000) | Calcium <= 0.000)
",0.000,9999999.000,9999999.000,1.000,0.000,0,0,7,0,0,7,7,0,0.0,0.0,1.0,0.0,0.0,1.0
"G[0,2]((HR >= 57.541 -> pH >= 0.000) -> Lactate <= 0.000)
",0.000,9999999.000,9999999.000,1.000,0.000,0,0,7,0,0,7,7,0,0.0,0.0,1.0,0.0,0.0,1.0
"G[0,2](EtCO2 >= 0.000 | PTT <= 0.000)
",0.000,9999999.000,9999999.000,1.000,0.000,0,0,7,0,0,7,7,0,0.0,0.0,1.0,0.0,0.0,1.0
"G[2,2]((Creatinine >= 0.108 & MAP >= 58.832) & MAP <= 91.863)
",0.000,-58.832,-58.832,1.000,0.000,0,0,7,0,0,7,7,0,0.0,0.0,1.0,0.0,0.0,1.0
"G[1,2]((O2Sat <= 73.365 -> O2Sat <= 77.563) | HCO3 >= 6.848)
",0.000,9999999.000,9999999.000,1.000,0.000,0,0,7,0,0,7,7,0,0.0,0.0,1.0,0.0,0.0,1.0
"G[1,2](Lactate <= 0.000 | Phosphate >= 0.000)
",0.000,9999999.000,9999999.000,1.000,0.000,0,0,7,0,0,7,7,0,0.0,0.0,1.0,0.0,0.0,1.0
"G[0,2](((Glucose >= 15.005 | Resp <= 12.733) -> Glucose <= 12.054) -> Glucose <= 11.635)
",0.000,9999999.000,9999999.000,1.000,0.000,0,0,7,0,0,7,7,0,0.0,0.0,1.0,0.0,0.0,1.0
"G[2,2](Hgb <= 0.000 -> Temp <= 28.883)
",0.000,-28.883,-28.883,1.000,0.000,0,0,7,0,0,7,7,0,0.0,0.0,1.0,0.0,0.0,1.0
"G[1,2](MAP <= 104.286 -> PTT >= 0.000)
",0.000,9999999.000,9999999.000,1.000,0.000,0,0,7,0,0,7,7,0,0.0,0.0,1.0,0.0,0.0,1.0
"G[0,2](((PaCO2 <= 0.000 & Bilirubin_total <= 0.000) | PaCO2 >= 0.000) & Platelets >= 0.000)
",0.000,9999999.000,9999999.000,1.000,0.000,0,0,7,0,0,7,7,0,0.0,0.0,1.0,0.0,0.0,1.0
"G[0,2]((O2Sat >= 21.036 -> SepsisLabel <= 0.867) -> Glucose <= 0.896)
",0.000,9999999.000,9999999.000,1.000,0.000,0,0,6,1,1,6,6,1,0.0,0.0,1.0,0.0,0.0,1.0
"G[0,2]((PaCO2 >= 0.000 -> Creatinine <= 0.750) | MAP >= 0.064)
",0.000,9999999.000,9999999.000,1.000,0.000,0,0,7,0,0,7,7,0,0.0,0.0,1.0,0.0,0.0,1.0
"G[2,2](Creatinine >= 0.013 -> SBP <= 115.634)
",0.000,-115.634,-115.634,1.000,0.000,0,0,7,0,0,7,7,0,0.0,0.0,1.0,0.0,0.0,1.0
"G[0,2](SBP >= 77.265 -> Fibrinogen >= 0.000)
",0.000,9999999.000,9999999.000,1.000,0.000,0,0,7,0,0,7,7,0,0.0,0.0,1.0,0.0,0.0,1.0
"G[0,2](((FiO2 >= 0.000 & Temp >= 6.428) | Magnesium >= 3.060) -> PTT <= 15.915)
",0.000,9999999.000,9999999.000,1.000,0.000,0,0,7,0,0,7,7,0,0.0,0.0,1.0,0.0,0.0,1.0
"G[2,2](((SaO2 >= 0.000 & Magnesium <= 0.000) -> Lactate >= 0.000) & Resp >= 0.000)
",0.000,0.000,0.000,1.000,0.000,0,0,7,0,0,7,7,0,0.0,0.0,1.0,0.0,0.0,1.0
"G[0,2](((Resp >= 8.807 -> SBP <= 95.137) -> PaCO2 <= 109.242) & Magnesium <= 95.425)
",0.000,9999999.000,9999999.000,1.000,0.000,0,0,7,0,0,7,7,0,0.0,0.0,1.0,0.0,0.0,1.0
"G[1,2](((Glucose >= 16.901 & Magnesium <= 0.000) | Glucose <= 0.000) -> Hct >= 0.000)
",0.000,9999999.000,9999999.000,1.000,0.000,0,0,7,0,0,7,7,0,0.0,0.0,1.0,0.0,0.0,1.0
"G[1,2]((AST <= 0.000 & WBC <= 0.000) -> Potassium <= 0.000)
",0.000,9999999.000,9999999.000,1.000,0.000,0,0,7,0,0,7,7,0,0.0,0.0,1.0,0.0,0.0,1.0
"G[1,2]((Bilirubin_direct <= 0.000 | DBP >= 24.821) & PTT <= 75.090)
",0.000,9999999.000,9999999.000,1.000,0.000,0,0,7,0,0,7,7,0,0.0,0.0,1.0,0.0,0.0,1.0
"G[1,2]((AST <= 0.000 | Chloride >= 0.000) -> Bilirubin_direct >= 0.000)
",0.000,9999999.000,9999999.000,1.000,0.000,0,0,7,0,0,7,7,0,0.0,0.0,1.0,0.0,0.0,1.0
"G[0,2](HR >= 10.797 | Resp >= 2.347)
",0.000,9999999.000,9999999.000,1.000,0.000,0,0,6,1,1,6,6,1,0.0,0.0,1.0,0.0,0.0,1.0
"G[0,2]((FiO2 <= 0.000 -> SaO2 <= 0.000) | FiO2 >= 0.000)
",0.000,9999999.000,9999999.000,1.000,0.000,0,0,7,0,0,7,7,0,0.0,0.0,1.0,0.0,0.0,1.0
"G[0,2](SaO2 <= 0.000 | Bilirubin_total <= 0.000)
",0.000,9999999.000,9999999.000,1.000,0.000,0,0,7,0,0,7,7,0,0.0,0.0,1.0,0.0,0.0,1.0
"G[1,2]((Fibrinogen <= 0.000 & Fibrinogen <= 0.000) -> SepsisLabel >= 0.000)
",0.000,9999999.000,9999999.000,1.000,0.000,0,0,7,0,0,7,7,0,0.0,0.0,1.0,0.0,0.0,1.0
"G[2,2](Chloride >= 0.000 & HCO3 >= 0.000)
",0.000,0.000,0.000,1.000,0.000,0,0,7,0,0,7,7,0,0.0,0.0,1.0,0.0,0.0,1.0
