Rule,Discrimination Score,Pos Robustness,Neg Robustness,Percent Class +,Percent Class -,TP,TN,FP,FN,Actual Yes,Actual No,Predicted Yes,Predicted No,TPR/Sens,TNR/Spec,FPR,Precision,Accuracy,MCR,Class
"G[0,0](((BaseExcess >= 0.000 & Bilirubin_total <= 0.000) | FiO2 >= 0.000) & pH >= 0.000)
",0.000,0.000,0.000,1.000,0.000,21,0,0,0,21,0,21,0,1.0,0.0,0.0,1.0,1.024390243902439,-0.024390243902439046,1
"G[0,0](AST >= 0.000 -> Fibrinogen >= 0.000)
",-0.333,-2.410,0.000,1.000,0.000,21,0,0,0,21,0,21,0,1.0,0.0,0.0,1.0,1.024390243902439,-0.024390243902439046,1
"F[0,0]((Calcium <= 6.866 & Potassium <= 2.840) & Magnesium >= 0.032)
",-4665368059527450.000,-0.032,0.000,0.000,1.000,21,0,0,0,21,0,21,0,1.0,0.0,0.0,1.0,1.024390243902439,-0.024390243902439046,-1
"F[0,0](((HR <= 77.358 | MAP >= 22.659) -> PaCO2 >= 29.583) & WBC <= 83.714)
",-3.110,-87.841,0.000,0.000,1.000,21,0,0,0,21,0,21,0,1.0,0.0,0.0,1.0,1.024390243902439,-0.024390243902439046,-1
"G[0,0](Phosphate >= 0.055 -> Resp <= 16.116)
",-0.269,-0.949,0.000,1.000,0.000,21,0,0,0,21,0,21,0,1.0,0.0,0.0,1.0,1.024390243902439,-0.024390243902439046,1
"F[0,0]((Hct <= 34.590 | MAP <= 86.064) & Chloride >= 1.083)
",-0.099,-0.248,0.000,0.000,1.000,21,0,0,0,21,0,21,0,1.0,0.0,0.0,1.0,1.024390243902439,-0.024390243902439046,-1
"G[0,0](((SaO2 >= 0.000 & Bilirubin_direct >= 0.000) -> Fibrinogen >= 0.000) & SaO2 <= 0.000)
",-0.333,-2.410,0.000,1.000,0.000,21,0,0,0,21,0,21,0,1.0,0.0,0.0,1.0,1.024390243902439,-0.024390243902439046,1
"G[0,0](((EtCO2 >= 0.000 | BaseExcess >= 0.000) -> Resp <= 0.000) | Alkalinephos >= 0.000)
",0.332,0.550,0.000,1.000,0.000,21,0,0,0,21,0,21,0,1.0,0.0,0.0,1.0,1.024390243902439,-0.024390243902439046,1
"G[0,0]((Platelets >= 14.402 -> SBP >= 30.598) | Temp >= 48.632)
",6.151,46.470,0.000,1.000,0.000,21,0,0,0,21,0,21,0,1.0,0.0,0.0,1.0,1.024390243902439,-0.024390243902439046,1
"G[0,0]((Magnesium >= 0.064 & Resp <= 17.760) -> HCO3 <= 19.245)
",-5416953721943794.000,-19.245,0.000,1.000,0.000,21,0,0,0,21,0,21,0,1.0,0.0,0.0,1.0,1.024390243902439,-0.024390243902439046,1
"G[0,0]((Calcium >= 0.145 -> DBP >= 26.371) | O2Sat >= 17.687)
",3.769,50.755,0.000,1.000,0.000,21,0,0,0,21,0,21,0,1.0,0.0,0.0,1.0,1.024390243902439,-0.024390243902439046,1
"G[0,0](Potassium <= 1.416 | HR >= 11.190)
",7465356758006062.000,27158.810,0.000,1.000,0.000,21,0,0,0,21,0,21,0,1.0,0.0,0.0,1.0,1.024390243902439,-0.024390243902439046,1
"F[0,0]((DBP >= 40.834 -> WBC <= 19.834) & Magnesium >= 0.976)
",-5.300,-45.799,0.000,0.000,1.000,21,0,0,0,21,0,21,0,1.0,0.0,0.0,1.0,1.024390243902439,-0.024390243902439046,-1
"G[0,0](Glucose <= 161.782 | TroponinI >= 0.000)
",161.782,161.782,0.000,1.000,0.000,21,0,0,0,21,0,21,0,1.0,0.0,0.0,1.0,1.024390243902439,-0.024390243902439046,1
"G[0,0]((pH <= 0.000 -> Alkalinephos >= 0.000) | Chloride <= 0.000)
",-0.332,-0.550,0.000,1.000,0.000,21,0,0,0,21,0,21,0,1.0,0.0,0.0,1.0,1.024390243902439,-0.024390243902439046,1
"G[0,0]((PaCO2 >= 0.000 & SepsisLabel <= 0.000) & Fibrinogen <= 0.000)
",-0.333,-36.650,0.000,1.000,0.000,21,0,0,0,21,0,21,0,1.0,0.0,0.0,1.0,1.024390243902439,-0.024390243902439046,1
"G[0,0]((SepsisLabel <= 0.000 | SBP >= 18.698) | Temp >= 95.789)
",0.871,7.285,0.000,1.000,0.000,21,0,0,0,21,0,21,0,1.0,0.0,0.0,1.0,1.024390243902439,-0.024390243902439046,1
"G[0,0]((FiO2 >= 0.000 -> FiO2 >= 0.000) -> Temp >= 0.000)
",-4.344,-91.950,0.000,1.000,0.000,21,0,0,0,21,0,21,0,1.0,0.0,0.0,1.0,1.024390243902439,-0.024390243902439046,1
"G[0,0]((Magnesium >= 0.017 & HCO3 <= 0.000) | Hct >= 0.000)
",0.000,0.000,0.000,1.000,0.000,21,0,0,0,21,0,21,0,1.0,0.0,0.0,1.0,1.024390243902439,-0.024390243902439046,1
"G[0,0](((Hct >= 1.457 -> pH <= 0.000) | Fibrinogen <= 0.000) & WBC >= 0.000)
",0.000,0.000,0.000,1.000,0.000,21,0,0,0,21,0,21,0,1.0,0.0,0.0,1.0,1.024390243902439,-0.024390243902439046,1
"G[0,0]((Glucose <= 64.095 -> BUN <= 5.681) & Creatinine <= 0.576)
",-4510254438739870.000,-64.095,0.000,1.000,0.000,21,0,0,0,21,0,21,0,1.0,0.0,0.0,1.0,1.024390243902439,-0.024390243902439046,1
"G[0,0](Bilirubin_total <= 0.000 -> SepsisLabel = 0.000)
",0.333,0.370,0.000,1.000,0.000,21,0,0,0,21,0,21,0,1.0,0.0,0.0,1.0,1.024390243902439,-0.024390243902439046,1
"G[0,0]((pH <= 0.000 -> AST >= 0.000) -> BaseExcess <= 0.000)
",0.000,0.000,0.000,1.000,0.000,21,0,0,0,21,0,21,0,1.0,0.0,0.0,1.0,1.024390243902439,-0.024390243902439046,1
"G[0,1](Chloride >= 0.000 & HCO3 >= 0.000)
",9999999.000,9999999.000,0.000,1.000,0.000,20,0,1,0,20,1,21,0,1.0,0.0,1.0,0.9523809523809523,0.975609756097561,0.024390243902439046,1
"G[1,1](((PTT >= 0.000 | SBP >= 76.395) & Chloride >= 93.058) -> Bilirubin_total >= 95.599)
",6548382884246940.000,93.058,0.000,1.000,0.000,20,0,1,0,20,1,21,0,1.0,0.0,1.0,0.9523809523809523,0.975609756097561,0.024390243902439046,1
"G[1,1]((Chloride <= 0.000 -> Alkalinephos >= 0.000) -> EtCO2 <= 0.000)
",0.000,0.000,0.000,1.000,0.000,20,0,1,0,20,1,21,0,1.0,0.0,1.0,0.9523809523809523,0.975609756097561,0.024390243902439046,1
"G[0,1](((Bilirubin_total >= 0.000 & SaO2 <= 0.000) -> SepsisLabel >= 0.000) & PTT >= 0.000)
",9999999.000,9999999.000,0.000,1.000,0.000,20,0,1,0,20,1,21,0,1.0,0.0,1.0,0.9523809523809523,0.975609756097561,0.024390243902439046,1
"G[1,1]((EtCO2 <= 0.000 & BaseExcess <= 0.000) | EtCO2 <= 0.000)
",0.000,0.000,0.000,1.000,0.000,20,0,1,0,20,1,21,0,1.0,0.0,1.0,0.9523809523809523,0.975609756097561,0.024390243902439046,1
"G[0,0](((SaO2 <= 0.000 | SBP <= 122.714) & HR <= 109.317) & HR >= 11.239)
",-27060.683,-27060.683,0.000,1.000,0.000,20,0,0,1,21,0,20,1,0.9523809523809523,0.0,0.0,1.0,0.975609756097561,0.024390243902439046,1
"G[0,1](Chloride >= 0.000 & HCO3 >= 0.000)
",9999999.000,9999999.000,0.000,1.000,0.000,20,0,1,0,20,1,21,0,1.0,0.0,1.0,0.9523809523809523,0.975609756097561,0.024390243902439046,1
"F[0,1](((DBP >= 36.355 -> Magnesium <= 0.802) & Hct >= 0.007) & BUN >= 0.048)
",-9999999.000,-9999999.000,0.000,0.000,1.000,20,0,0,1,21,0,20,1,0.9523809523809523,0.0,0.0,1.0,0.975609756097561,0.024390243902439046,-1
"G[0,1](Chloride >= 0.000 & HCO3 >= 0.000)
",9999999.000,9999999.000,0.000,1.000,0.000,20,0,1,0,20,1,21,0,1.0,0.0,1.0,0.9523809523809523,0.975609756097561,0.024390243902439046,1
"G[1,1](((HCO3 >= 0.000 -> PTT >= 0.000) | Hct >= 0.000) & Lactate >= 0.000)
",0.000,0.000,0.000,1.000,0.000,20,0,1,0,20,1,21,0,1.0,0.0,1.0,0.9523809523809523,0.975609756097561,0.024390243902439046,1
"F[0,1](((WBC <= 5.069 -> Temp <= 14.142) & BaseExcess >= 0.165) & Magnesium >= 2.160)
",-9999999.000,-9999999.000,0.000,0.000,1.000,20,0,0,1,21,0,20,1,0.9523809523809523,0.0,0.0,1.0,0.975609756097561,0.024390243902439046,-1
"F[0,1]((Calcium <= 7.079 & Potassium <= 1.267) & Magnesium >= 0.055)
",-9999999.000,-9999999.000,0.000,0.000,1.000,20,0,0,1,21,0,20,1,0.9523809523809523,0.0,0.0,1.0,0.975609756097561,0.024390243902439046,-1
"((Chloride < 0.000) U[1,2] (SepsisLabel = 0.000))
",-9999999.000,-9999999.000,0.000,0.000,1.000,20,0,0,1,21,0,20,1,0.9523809523809523,0.0,0.0,1.0,0.975609756097561,0.024390243902439046,-1
"F[0,0](FiO2 >= 0.000 -> WBC >= 0.637)
",0.000,0.000,0.000,0.000,1.000,20,0,0,1,21,0,20,1,0.9523809523809523,0.0,0.0,1.0,0.975609756097561,0.024390243902439046,-1
"F[1,1](PaCO2 > 0.000 & SepsisLabel = 0.000)
",0.000,0.000,0.000,0.000,1.000,20,0,0,1,21,0,20,1,0.9523809523809523,0.0,0.0,1.0,0.975609756097561,0.024390243902439046,-1
"F[1,1](Alkalinephos < 0.000 & SepsisLabel = 0.000)
",0.000,0.000,0.000,0.000,1.000,20,0,0,1,21,0,20,1,0.9523809523809523,0.0,0.0,1.0,0.975609756097561,0.024390243902439046,-1
"F[0,0]((HCO3 >= 0.000 | Hct <= 2.727) & Calcium >= 0.084)
",-0.084,-0.084,0.000,0.000,1.000,20,0,0,1,21,0,20,1,0.9523809523809523,0.0,0.0,1.0,0.975609756097561,0.024390243902439046,-1
"F[0,1]((pH >= 0.000 | Resp >= 6.778) & TroponinI >= 1.498)
",-9999999.000,-9999999.000,0.000,0.000,1.000,20,0,0,1,21,0,20,1,0.9523809523809523,0.0,0.0,1.0,0.975609756097561,0.024390243902439046,-1
"F[0,1]((Calcium <= 2.761 & Potassium <= 2.091) & Magnesium >= 0.050)
",-9999999.000,-9999999.000,0.000,0.000,1.000,20,0,0,1,21,0,20,1,0.9523809523809523,0.0,0.0,1.0,0.975609756097561,0.024390243902439046,-1
"((SaO2 <= 0.000) U[0,0] (Phosphate >= 0.053))
",0.330,0.190,0.000,0.000,1.000,20,0,0,1,21,0,20,1,0.9523809523809523,0.0,0.0,1.0,0.975609756097561,0.024390243902439046,-1
"F[1,1](((Platelets >= 3.945 & WBC <= 15.311) | Bilirubin_direct >= 0.910) & HR <= 13.837)
",-8193651028386429.000,-0.910,0.000,0.000,1.000,20,0,0,1,21,0,20,1,0.9523809523809523,0.0,0.0,1.0,0.975609756097561,0.024390243902439046,-1
"F[1,1]((BUN >= 0.198 & Magnesium >= 0.072) & Platelets <= 0.443)
",-7120747908051341.000,-0.198,0.000,0.000,1.000,20,0,0,1,21,0,20,1,0.9523809523809523,0.0,0.0,1.0,0.975609756097561,0.024390243902439046,-1
"F[1,1](((SepsisLabel >= 0.000 -> Creatinine >= 0.022) -> Phosphate >= 0.010) & Bilirubin_direct >= 0.007)
",-7604377076580414.000,-0.007,0.000,0.000,1.000,20,0,0,1,21,0,20,1,0.9523809523809523,0.0,0.0,1.0,0.975609756097561,0.024390243902439046,-1
"F[1,1]((Hct <= 12.295 | SBP >= 17.007) -> BUN >= 81.515)
",-12.295,-12.295,0.000,0.000,1.000,20,0,0,1,21,0,20,1,0.9523809523809523,0.0,0.0,1.0,0.975609756097561,0.024390243902439046,-1
"G[0,1](Chloride >= 0.000 & HCO3 >= 0.000)
",9999999.000,9999999.000,0.000,1.000,0.000,20,0,1,0,20,1,21,0,1.0,0.0,1.0,0.9523809523809523,0.975609756097561,0.024390243902439046,1
"G[0,1](((Bilirubin_direct <= 0.000 -> BaseExcess <= 0.000) | Fibrinogen <= 0.000) | SaO2 >= 0.000)
",9999999.000,9999999.000,0.000,1.000,0.000,20,0,1,0,20,1,21,0,1.0,0.0,1.0,0.9523809523809523,0.975609756097561,0.024390243902439046,1
"G[0,1](Chloride >= 0.000 & HCO3 >= 0.000)
",9999999.000,9999999.000,0.000,1.000,0.000,20,0,1,0,20,1,21,0,1.0,0.0,1.0,0.9523809523809523,0.975609756097561,0.024390243902439046,1
"G[0,1]((MAP >= 64.291 | SaO2 >= 0.000) | Hct <= 0.000)
",9999999.000,9999999.000,0.000,1.000,0.000,20,0,1,0,20,1,21,0,1.0,0.0,1.0,0.9523809523809523,0.975609756097561,0.024390243902439046,1
"G[1,1](((Glucose >= 21.440 & SepsisLabel <= 0.000) | PTT <= 0.000) | PTT <= 0.000)
",0.000,0.000,0.000,1.000,0.000,20,0,1,0,20,1,21,0,1.0,0.0,1.0,0.9523809523809523,0.975609756097561,0.024390243902439046,1
"G[0,1]((PaCO2 <= 0.000 & pH <= 0.000) | Platelets <= 0.000)
",9999999.000,9999999.000,0.000,1.000,0.000,20,0,1,0,20,1,21,0,1.0,0.0,1.0,0.9523809523809523,0.975609756097561,0.024390243902439046,1
"G[0,1]((Hct <= 6.493 -> WBC <= 13.071) & pH <= 18.693)
",9999999.000,9999999.000,0.000,1.000,0.000,20,0,1,0,20,1,21,0,1.0,0.0,1.0,0.9523809523809523,0.975609756097561,0.024390243902439046,1
"G[0,1](((Bilirubin_direct <= 0.000 & Magnesium <= 1.556) & Platelets >= 0.012) | PaCO2 <= 1.989)
",9999999.000,9999999.000,0.000,1.000,0.000,20,0,1,0,20,1,21,0,1.0,0.0,1.0,0.9523809523809523,0.975609756097561,0.024390243902439046,1
"G[0,1](((pH >= 0.000 -> EtCO2 >= 0.000) -> EtCO2 >= 0.000) | SaO2 <= 0.000)
",9999999.000,9999999.000,0.000,1.000,0.000,20,0,1,0,20,1,21,0,1.0,0.0,1.0,0.9523809523809523,0.975609756097561,0.024390243902439046,1
"G[0,1]((BUN >= 0.048 | WBC <= 7.321) | Glucose >= 1.016)
",9999999.000,9999999.000,0.000,1.000,0.000,20,0,1,0,20,1,21,0,1.0,0.0,1.0,0.9523809523809523,0.975609756097561,0.024390243902439046,1
"G[0,1]((Bilirubin_direct >= 0.000 & pH >= 0.000) | Potassium <= 0.000)
",9999999.000,9999999.000,0.000,1.000,0.000,20,0,1,0,20,1,21,0,1.0,0.0,1.0,0.9523809523809523,0.975609756097561,0.024390243902439046,1
"G[1,1](pH >= 0.000 & PTT >= 0.000)
",0.000,0.000,0.000,1.000,0.000,20,0,1,0,20,1,21,0,1.0,0.0,1.0,0.9523809523809523,0.975609756097561,0.024390243902439046,1
"G[0,1](((SBP <= 113.497 & SBP >= 84.799) | Magnesium >= 99.907) -> Bilirubin_total <= 132.898)
",9999999.000,9999999.000,0.000,1.000,0.000,20,0,1,0,20,1,21,0,1.0,0.0,1.0,0.9523809523809523,0.975609756097561,0.024390243902439046,1
"G[0,0](BUN <= 4.735 & BaseExcess <= 0.000)
",0.000,0.000,0.000,1.000,0.000,20,0,0,1,21,0,20,1,0.9523809523809523,0.0,0.0,1.0,0.975609756097561,0.024390243902439046,1
"G[0,0](HR >= 17.666 -> Magnesium <= 0.971)
",-27152.334,-27152.334,0.000,1.000,0.000,20,0,0,1,21,0,20,1,0.9523809523809523,0.0,0.0,1.0,0.975609756097561,0.024390243902439046,1
"G[0,1](((O2Sat <= 97.951 -> Platelets <= 334.888) -> pH >= 4.154) -> PTT <= 244.958)
",9999999.000,9999999.000,0.000,1.000,0.000,20,0,1,0,20,1,21,0,1.0,0.0,1.0,0.9523809523809523,0.975609756097561,0.024390243902439046,1
"G[0,1](pH >= 0.000 & SepsisLabel = 0.000)
",9999999.000,9999999.000,0.000,1.000,0.000,20,0,1,0,20,1,21,0,1.0,0.0,1.0,0.9523809523809523,0.975609756097561,0.024390243902439046,1
"G[0,1](Hgb <= 7.263 -> SepsisLabel = 0.000)
",9999999.000,9999999.000,0.000,1.000,0.000,20,0,1,0,20,1,21,0,1.0,0.0,1.0,0.9523809523809523,0.975609756097561,0.024390243902439046,1
"G[1,1](SaO2 >= 0.000 | Hct >= 0.569)
",0.000,0.000,0.000,1.000,0.000,20,0,1,0,20,1,21,0,1.0,0.0,1.0,0.9523809523809523,0.975609756097561,0.024390243902439046,1
"G[0,1]((Hgb <= 7.206 | Temp <= 18.077) | Creatinine >= 4.809)
",9999999.000,9999999.000,0.000,1.000,0.000,20,0,1,0,20,1,21,0,1.0,0.0,1.0,0.9523809523809523,0.975609756097561,0.024390243902439046,1
"G[1,1](((O2Sat <= 94.543 & Potassium >= 0.112) & HCO3 <= 2.918) -> Bilirubin_total >= 0.095)
",6813369674921267.000,0.095,0.000,1.000,0.000,20,0,1,0,20,1,21,0,1.0,0.0,1.0,0.9523809523809523,0.975609756097561,0.024390243902439046,1
"G[0,1]((Fibrinogen <= 0.000 | Chloride <= 0.000) | Lactate >= 0.000)
",9999999.000,9999999.000,0.000,1.000,0.000,20,0,1,0,20,1,21,0,1.0,0.0,1.0,0.9523809523809523,0.975609756097561,0.024390243902439046,1
"G[1,1]((HCO3 <= 0.000 & SepsisLabel >= 0.000) | Resp >= 0.000)
",0.000,0.000,0.000,1.000,0.000,20,0,1,0,20,1,21,0,1.0,0.0,1.0,0.9523809523809523,0.975609756097561,0.024390243902439046,1
"G[0,1](((Hgb >= 0.545 -> O2Sat <= 98.092) | SaO2 >= 74.305) -> BUN <= 98.511)
",9999999.000,9999999.000,0.000,1.000,0.000,20,0,1,0,20,1,21,0,1.0,0.0,1.0,0.9523809523809523,0.975609756097561,0.024390243902439046,1
"G[1,1]((SaO2 <= 0.000 & Resp >= 4.342) | Hct <= 18.125)
",18.125,18.125,0.000,1.000,0.000,20,0,1,0,20,1,21,0,1.0,0.0,1.0,0.9523809523809523,0.975609756097561,0.024390243902439046,1
"G[0,0](((Chloride >= 0.000 & TroponinI >= 0.000) & Calcium >= 0.000) & Creatinine <= 0.000)
",0.000,0.000,0.000,1.000,0.000,20,0,0,1,21,0,20,1,0.9523809523809523,0.0,0.0,1.0,0.975609756097561,0.024390243902439046,1
"G[0,1](((SepsisLabel <= 0.000 -> AST <= 0.000) | BUN <= 0.000) | PaCO2 <= 0.000)
",9999999.000,9999999.000,0.000,1.000,0.000,20,0,1,0,20,1,21,0,1.0,0.0,1.0,0.9523809523809523,0.975609756097561,0.024390243902439046,1
"G[0,1]((Platelets <= 266.179 | DBP >= 51.069) | Calcium <= 68.725)
",9999999.000,9999999.000,0.000,1.000,0.000,20,0,1,0,20,1,21,0,1.0,0.0,1.0,0.9523809523809523,0.975609756097561,0.024390243902439046,1
"G[0,1](((Calcium <= 1.620 -> Calcium <= 4.299) | Lactate <= 1.549) | Resp >= 0.121)
",9999999.000,9999999.000,0.000,1.000,0.000,20,0,1,0,20,1,21,0,1.0,0.0,1.0,0.9523809523809523,0.975609756097561,0.024390243902439046,1
"G[0,1](((BUN >= 0.244 | Platelets >= 16.375) | Hct <= 58.758) | FiO2 <= 156.028)
",9999999.000,9999999.000,0.000,1.000,0.000,20,0,1,0,20,1,21,0,1.0,0.0,1.0,0.9523809523809523,0.975609756097561,0.024390243902439046,1
"G[0,1](((Lactate <= 0.000 & Platelets >= 6.378) -> pH <= 203.882) | Fibrinogen >= 14.340)
",9999999.000,9999999.000,0.000,1.000,0.000,20,0,1,0,20,1,21,0,1.0,0.0,1.0,0.9523809523809523,0.975609756097561,0.024390243902439046,1
"G[1,1](((EtCO2 >= 0.000 -> HR >= 16.211) -> Alkalinephos <= 77.931) | TroponinI >= 20.679)
",-5820511978290610.000,-20.679,0.000,1.000,0.000,20,0,1,0,20,1,21,0,1.0,0.0,1.0,0.9523809523809523,0.975609756097561,0.024390243902439046,1
"G[0,1](((TroponinI <= 0.000 | BaseExcess >= 0.000) -> SaO2 <= 0.000) -> Calcium >= 0.000)
",9999999.000,9999999.000,0.000,1.000,0.000,20,0,1,0,20,1,21,0,1.0,0.0,1.0,0.9523809523809523,0.975609756097561,0.024390243902439046,1
"G[1,1](BaseExcess <= 0.000 & Resp >= 2.281)
",-5135641474198222.000,-2.281,0.000,1.000,0.000,19,0,1,1,20,1,20,1,0.95,0.0,1.0,0.95,0.926829268292683,0.07317073170731703,1
"G[0,0](((Calcium <= 5.699 -> MAP <= 84.405) & Glucose >= 80.846) -> BUN >= 80.143)
",80.143,80.143,0.000,1.000,0.000,19,0,0,2,21,0,19,2,0.9047619047619048,0.0,0.0,1.0,0.926829268292683,0.07317073170731703,1
"G[1,1](((SepsisLabel <= 0.000 & Creatinine <= 0.272) -> HCO3 <= 0.117) -> Platelets <= 0.319)
",-5737939980756852.000,-0.319,0.000,1.000,0.000,19,0,1,1,20,1,20,1,0.95,0.0,1.0,0.95,0.926829268292683,0.07317073170731703,1
"F[1,1]((Potassium >= 0.125 & Hct >= 0.008) & SepsisLabel <= 11.278)
",-4491077907207947.000,-0.125,0.000,0.000,1.000,19,0,0,2,21,0,19,2,0.9047619047619048,0.0,0.0,1.0,0.926829268292683,0.07317073170731703,-1
"((Magnesium <= 1.547) U[1,1] (Platelets >= 17.057))
",1.547,1.547,0.000,0.000,1.000,19,0,0,2,21,0,19,2,0.9047619047619048,0.0,0.0,1.0,0.926829268292683,0.07317073170731703,-1
"((Calcium >= 0.177) U[1,2] (SepsisLabel = 0.000))
",-9999999.000,-9999999.000,0.000,0.000,1.000,19,0,0,2,21,0,19,2,0.9047619047619048,0.0,0.0,1.0,0.926829268292683,0.07317073170731703,-1
"F[0,1]((MAP <= 89.751 -> Phosphate <= 1.845) -> pH >= 0.079)
",-9999999.000,-9999999.000,0.000,0.000,1.000,19,0,0,2,21,0,19,2,0.9047619047619048,0.0,0.0,1.0,0.926829268292683,0.07317073170731703,-1
"F[1,1](Alkalinephos <= 0.000 & Hgb >= 0.354)
",-6375132546979934.000,-0.354,0.000,0.000,1.000,19,0,0,2,21,0,19,2,0.9047619047619048,0.0,0.0,1.0,0.926829268292683,0.07317073170731703,-1
"F[1,1](Magnesium > 0.055 & SepsisLabel = 0.000)
",-0.055,-0.055,0.000,0.000,1.000,19,0,0,2,21,0,19,2,0.9047619047619048,0.0,0.0,1.0,0.926829268292683,0.07317073170731703,-1
"F[0,1]((SepsisLabel >= 0.000 & Hgb >= 0.023) | Chloride >= 0.505)
",-9999999.000,-9999999.000,0.000,0.000,1.000,18,0,0,3,21,0,18,3,0.8571428571428571,0.0,0.0,1.0,0.8780487804878049,0.12195121951219512,-1
"((Hgb >= 0.464) U[0,1] (Phosphate >= 0.030))
",-9999999.000,-9999999.000,0.000,0.000,1.000,18,0,0,3,21,0,18,3,0.8571428571428571,0.0,0.0,1.0,0.8780487804878049,0.12195121951219512,-1
"F[0,1]((Alkalinephos <= 0.000 & Calcium >= 0.343) | Platelets >= 0.108)
",-9999999.000,-9999999.000,0.000,0.000,1.000,18,0,0,3,21,0,18,3,0.8571428571428571,0.0,0.0,1.0,0.8780487804878049,0.12195121951219512,-1
"F[0,1](Magnesium >= 0.077 | Phosphate >= 0.039)
",-9999999.000,-9999999.000,0.000,0.000,1.000,18,0,0,3,21,0,18,3,0.8571428571428571,0.0,0.0,1.0,0.8780487804878049,0.12195121951219512,-1
"F[0,1]((Chloride >= 0.000 | Phosphate <= 0.844) & HR <= 0.949)
",-9999999.000,-9999999.000,0.000,0.000,1.000,18,0,0,3,21,0,18,3,0.8571428571428571,0.0,0.0,1.0,0.8780487804878049,0.12195121951219512,-1
"((Calcium <= 5.997) U[0,1] (WBC >= 0.030))
",-9999999.000,-9999999.000,0.000,0.000,1.000,18,0,0,3,21,0,18,3,0.8571428571428571,0.0,0.0,1.0,0.8780487804878049,0.12195121951219512,-1
"((Creatinine >= 0.020) U[1,2] (Resp >= 9.205))
",-9999999.000,-9999999.000,0.000,0.000,1.000,18,0,0,3,21,0,18,3,0.8571428571428571,0.0,0.0,1.0,0.8780487804878049,0.12195121951219512,-1
"F[0,1](((WBC >= 0.160 | Magnesium >= 0.064) & DBP >= 0.092) | BaseExcess >= 0.061)
",-9999999.000,-9999999.000,0.000,0.000,1.000,18,0,0,3,21,0,18,3,0.8571428571428571,0.0,0.0,1.0,0.8780487804878049,0.12195121951219512,-1
"F[0,1](WBC <= 23.579 -> Phosphate >= 0.071)
",-9999999.000,-9999999.000,0.000,0.000,1.000,18,0,0,3,21,0,18,3,0.8571428571428571,0.0,0.0,1.0,0.8780487804878049,0.12195121951219512,-1
"F[0,1](((SBP <= 109.781 -> Fibrinogen <= 0.000) | HR >= 0.000) & HR <= 0.000)
",-9999999.000,-9999999.000,0.000,0.000,1.000,18,0,0,3,21,0,18,3,0.8571428571428571,0.0,0.0,1.0,0.8780487804878049,0.12195121951219512,-1
"G[0,1](((BUN <= 3.866 | Creatinine <= 0.144) & HCO3 <= 0.460) | Bilirubin_total >= 0.002)
",9999999.000,9999999.000,0.000,1.000,0.000,18,0,1,2,20,1,19,2,0.9,0.0,1.0,0.9473684210526315,0.8780487804878049,0.12195121951219512,1
"G[0,1](Resp > 11.327 & SepsisLabel = 0.000)
",9999999.000,9999999.000,0.000,1.000,0.000,18,0,1,2,20,1,19,2,0.9,0.0,1.0,0.9473684210526315,0.8780487804878049,0.12195121951219512,1
"G[0,1]((Calcium <= 8.213 -> Platelets >= 15.279) -> FiO2 >= 2.225)
",9999999.000,9999999.000,0.000,1.000,0.000,18,0,1,2,20,1,19,2,0.9,0.0,1.0,0.9473684210526315,0.8780487804878049,0.12195121951219512,1
"G[0,1](Magnesium <= 1.064 & Platelets <= 115.204)
",9999999.000,9999999.000,0.000,1.000,0.000,18,0,1,2,20,1,19,2,0.9,0.0,1.0,0.9473684210526315,0.8780487804878049,0.12195121951219512,1
"G[0,1]((Lactate >= 0.000 & Resp >= 6.398) & Bilirubin_total <= 18.207)
",9999999.000,9999999.000,0.000,1.000,0.000,18,0,1,2,20,1,19,2,0.9,0.0,1.0,0.9473684210526315,0.8780487804878049,0.12195121951219512,1
"G[0,1](Calcium < 2.199 & SepsisLabel = 0.000)
",9999999.000,9999999.000,0.000,1.000,0.000,18,0,1,2,20,1,19,2,0.9,0.0,1.0,0.9473684210526315,0.8780487804878049,0.12195121951219512,1
"G[0,1](((DBP >= 32.191 & Resp >= 12.647) | TroponinI <= 17.403) & Platelets <= 17.601)
",9999999.000,9999999.000,0.000,1.000,0.000,18,0,1,2,20,1,19,2,0.9,0.0,1.0,0.9473684210526315,0.8780487804878049,0.12195121951219512,1
"G[0,1](Glucose >= 17.485 -> Hct <= 36.081)
",9999999.000,9999999.000,0.000,1.000,0.000,18,0,1,2,20,1,19,2,0.9,0.0,1.0,0.9473684210526315,0.8780487804878049,0.12195121951219512,1
"G[0,1](PaCO2 >= 0.000 -> Platelets <= 144.815)
",9999999.000,9999999.000,0.000,1.000,0.000,18,0,1,2,20,1,19,2,0.9,0.0,1.0,0.9473684210526315,0.8780487804878049,0.12195121951219512,1
"G[0,1]((AST >= 0.000 -> Creatinine <= 0.125) | HR <= 0.380)
",9999999.000,9999999.000,0.000,1.000,0.000,18,0,1,2,20,1,19,2,0.9,0.0,1.0,0.9473684210526315,0.8780487804878049,0.12195121951219512,1
"G[0,1](MAP >= 75.827 & SepsisLabel >= 0.000)
",9999999.000,9999999.000,0.000,1.000,0.000,17,0,1,3,20,1,18,3,0.85,0.0,1.0,0.9444444444444444,0.8292682926829268,0.1707317073170732,1
"G[0,1](((Resp <= 18.187 | Calcium <= 6.360) & SaO2 <= 7.272) & Resp >= 0.128)
",9999999.000,9999999.000,0.000,1.000,0.000,17,0,1,3,20,1,18,3,0.85,0.0,1.0,0.9444444444444444,0.8292682926829268,0.1707317073170732,1
"G[0,1]((HR >= 35.841 & Potassium <= 2.765) | BaseExcess >= 0.169)
",9999999.000,9999999.000,0.000,1.000,0.000,16,0,1,4,20,1,17,4,0.8,0.0,1.0,0.9411764705882353,0.7804878048780488,0.2195121951219512,1
"((Phosphate >= 0.058) U[1,2] (MAP <= 90.885))
",-9999999.000,-9999999.000,0.000,0.000,1.000,15,0,0,6,21,0,15,6,0.7142857142857143,0.0,0.0,1.0,0.7317073170731707,0.2682926829268293,-1
"G[0,0](HR >= 28.082 -> Resp <= 17.744)
",-7460713640271597.000,-27141.918,0.000,1.000,0.000,15,0,0,6,21,0,15,6,0.7142857142857143,0.0,0.0,1.0,0.7317073170731707,0.2682926829268293,1
"F[0,0](Temp >= 0.459 & O2Sat >= 11.556)
",3.307,55.994,0.000,0.000,1.000,13,0,0,8,21,0,13,8,0.6190476190476191,0.0,0.0,1.0,0.6341463414634146,0.36585365853658536,-1
"((Potassium >= 0.113) U[0,0] (SBP <= 111.358))
",5.535,98.323,0.000,0.000,1.000,13,0,0,8,21,0,13,8,0.6190476190476191,0.0,0.0,1.0,0.6341463414634146,0.36585365853658536,-1
"G[0,1](((HCO3 <= 0.000 -> Phosphate <= 1.227) -> Glucose <= 1.641) & Platelets <= 2.110)
",9999999.000,9999999.000,0.000,1.000,0.000,12,0,1,8,20,1,13,8,0.6,0.0,1.0,0.9230769230769231,0.5853658536585366,0.41463414634146345,1
"((Bilirubin_total >= 0.000) U[0,1] (Temp >= 3.612))
",-9999999.000,-9999999.000,0.000,0.000,1.000,12,0,0,9,21,0,12,9,0.5714285714285714,0.0,0.0,1.0,0.5853658536585366,0.41463414634146345,-1
"G[0,1](HR >= 1.663 -> Temp <= 31.543)
",9999999.000,9999999.000,0.000,1.000,0.000,12,0,0,9,21,0,12,9,0.5714285714285714,0.0,0.0,1.0,0.5853658536585366,0.41463414634146345,1
"G[0,1](O2Sat >= 31.692 -> Temp <= 33.675)
",9999999.000,9999999.000,0.000,1.000,0.000,12,0,0,9,21,0,12,9,0.5714285714285714,0.0,0.0,1.0,0.5853658536585366,0.41463414634146345,1
"F[1,1](((O2Sat >= 12.937 & O2Sat <= 95.568) | O2Sat <= 93.036) | Fibrinogen >= 83.257)
",93.036,93.036,0.000,0.000,1.000,11,0,0,10,21,0,11,10,0.5238095238095238,0.0,0.0,1.0,0.5365853658536586,0.46341463414634143,-1
"G[0,0](Temp >= 6.810 & SepsisLabel = 0.000)
",-0.337,-36.991,0.000,1.000,0.000,8,0,0,13,21,0,8,13,0.38095238095238093,0.0,0.0,1.0,0.3902439024390244,0.6097560975609756,1
"((Temp <= 26.745) U[1,1] (BaseExcess >= 0.000))
",7528141829307310.000,26.745,0.000,0.000,1.000,7,0,0,14,21,0,7,14,0.3333333333333333,0.0,0.0,1.0,0.34146341463414637,0.6585365853658536,-1
"G[0,0]((Hct <= 23.568 | Calcium <= 5.339) & Glucose >= 0.279)
",-0.279,-0.279,0.000,1.000,0.000,5,0,0,16,21,0,5,16,0.23809523809523808,0.0,0.0,1.0,0.24390243902439024,0.7560975609756098,1
"F[1,1](Creatinine <= 0.293 & MAP >= 82.531)
",-5807624381480868.000,-82.531,0.000,0.000,1.000,5,0,0,16,21,0,5,16,0.23809523809523808,0.0,0.0,1.0,0.24390243902439024,0.7560975609756098,-1
"((SaO2 >= 0.000) U[0,1] (DBP <= 69.276))
",-9999999.000,-9999999.000,0.000,0.000,1.000,5,0,0,16,21,0,5,16,0.23809523809523808,0.0,0.0,1.0,0.24390243902439024,0.7560975609756098,-1
"((BUN <= 4.647) U[0,1] (O2Sat <= 98.087))
",-9999999.000,-9999999.000,0.000,0.000,1.000,4,0,0,17,21,0,4,17,0.19047619047619047,0.0,0.0,1.0,0.1951219512195122,0.8048780487804879,-1
"((BUN >= 0.083) U[0,1] (Resp <= 16.944))
",-9999999.000,-9999999.000,0.000,0.000,1.000,3,0,0,18,21,0,3,18,0.14285714285714285,0.0,0.0,1.0,0.14634146341463414,0.8536585365853658,-1
"((MAP >= 45.168) U[0,1] (SBP <= 114.119))
",-9999999.000,-9999999.000,0.000,0.000,1.000,3,0,0,18,21,0,3,18,0.14285714285714285,0.0,0.0,1.0,0.14634146341463414,0.8536585365853658,-1
"((Creatinine >= 0.016) U[1,2] (Glucose >= 2.813))
",-9999999.000,-9999999.000,0.000,0.000,1.000,2,0,0,19,21,0,2,19,0.09523809523809523,0.0,0.0,1.0,0.0975609756097561,0.9024390243902439,-1
"F[1,1](((Calcium < 3.661 & Potassium < 2.570) & Magnesium < 1.759) & Phosphate < 1.785)
",1.759,1.759,0.000,0.000,1.000,1,0,0,20,21,0,1,20,0.047619047619047616,0.0,0.0,1.0,0.04878048780487805,0.9512195121951219,-1
"((MAP >= 0.913) U[0,1] (SBP <= 118.703))
",-9999999.000,-9999999.000,0.000,0.000,1.000,1,0,0,20,21,0,1,20,0.047619047619047616,0.0,0.0,1.0,0.04878048780487805,0.9512195121951219,-1
"F[0,0](((Calcium < 6.420 & Potassium < 3.279) & Magnesium < 0.120) & Phosphate < 0.832)
",-0.010,-0.004,0.000,0.000,1.000,1,0,0,20,21,0,1,20,0.047619047619047616,0.0,0.0,1.0,0.04878048780487805,0.9512195121951219,-1
"((Resp >= 7.652) U[1,2] (SBP >= 40.706))
",-9999999.000,-9999999.000,0.000,0.000,1.000,1,0,0,20,21,0,1,20,0.047619047619047616,0.0,0.0,1.0,0.04878048780487805,0.9512195121951219,-1
"F[1,1]((Phosphate >= 0.067 & Magnesium > 0.045) -> Calcium < 6.612)
",-6.612,-6.612,0.000,0.000,1.000,1,0,0,20,21,0,1,20,0.047619047619047616,0.0,0.0,1.0,0.04878048780487805,0.9512195121951219,-1
"F[1,1](Hgb <= 10.903 | Hct <= 1.992)
",10.903,10.903,0.000,0.000,1.000,1,0,0,20,21,0,1,20,0.047619047619047616,0.0,0.0,1.0,0.04878048780487805,0.9512195121951219,-1
"((Platelets <= 273.778) U[1,2] (Resp >= 13.587))
",-9999999.000,-9999999.000,0.000,0.000,1.000,1,0,0,20,21,0,1,20,0.047619047619047616,0.0,0.0,1.0,0.04878048780487805,0.9512195121951219,-1
"((Glucose >= 12.356) U[0,0] (WBC <= 5.714))
",6433590403866628.000,5.714,0.000,0.000,1.000,1,0,0,20,21,0,1,20,0.047619047619047616,0.0,0.0,1.0,0.04878048780487805,0.9512195121951219,-1
"F[1,1](Glucose <= 66.427 -> O2Sat >= 1.549)
",-66.427,-66.427,0.000,0.000,1.000,1,0,0,20,21,0,1,20,0.047619047619047616,0.0,0.0,1.0,0.04878048780487805,0.9512195121951219,-1
"G[1,1](((EtCO2 <= 0.000 | SaO2 <= 0.000) & Creatinine >= 0.000) & DBP <= 0.000)
",0.000,0.000,0.000,1.000,0.000,1,0,1,19,20,1,2,19,0.05,0.0,1.0,0.5,0.04878048780487805,0.9512195121951219,1
"((O2Sat >= 15.964) U[0,1] (SBP >= 94.617))
",-9999999.000,-9999999.000,0.000,0.000,1.000,1,0,0,20,21,0,1,20,0.047619047619047616,0.0,0.0,1.0,0.04878048780487805,0.9512195121951219,-1
"((HR >= 50.264) U[1,1] (Fibrinogen <= 0.000))
",0.000,0.000,0.000,0.000,1.000,1,0,0,20,21,0,1,20,0.047619047619047616,0.0,0.0,1.0,0.04878048780487805,0.9512195121951219,-1
"((Resp <= 15.969) U[1,2] (Calcium >= 0.010))
",-9999999.000,-9999999.000,0.000,0.000,1.000,1,0,0,20,21,0,1,20,0.047619047619047616,0.0,0.0,1.0,0.04878048780487805,0.9512195121951219,-1
"F[1,1]((Phosphate <= 0.211 -> Potassium <= 1.137) & SBP >= 0.115)
",-1.137,-1.137,0.000,0.000,1.000,1,0,0,20,21,0,1,20,0.047619047619047616,0.0,0.0,1.0,0.04878048780487805,0.9512195121951219,-1
"((O2Sat >= 39.866) U[0,0] (Resp <= 18.518))
",4.158,30.603,0.000,0.000,1.000,1,0,0,20,21,0,1,20,0.047619047619047616,0.0,0.0,1.0,0.04878048780487805,0.9512195121951219,-1
"G[0,0](Platelets <= 136.063 -> WBC >= 0.491)
",-4787293078349126.000,-136.063,0.000,1.000,0.000,1,0,0,20,21,0,1,20,0.047619047619047616,0.0,0.0,1.0,0.04878048780487805,0.9512195121951219,1
"G[0,0]((MAP >= 69.654 | EtCO2 >= 0.000) -> MAP <= 0.000)
",-2.756,-44.329,0.000,1.000,0.000,1,0,0,20,21,0,1,20,0.047619047619047616,0.0,0.0,1.0,0.04878048780487805,0.9512195121951219,1
"G[1,1](((Hgb <= 9.881 | Hct <= 30.408) -> WBC >= 0.879) & Platelets >= 5.157)
",-4279560471831499.000,-30.408,0.000,1.000,0.000,1,0,1,19,20,1,2,19,0.05,0.0,1.0,0.5,0.04878048780487805,0.9512195121951219,1
"F[0,0](((Calcium < 6.450 & Potassium < 2.095) & Magnesium < 0.980) & Phosphate < 1.445)
",1.838,0.832,0.000,0.000,1.000,1,0,0,20,21,0,1,20,0.047619047619047616,0.0,0.0,1.0,0.04878048780487805,0.9512195121951219,-1
"F[1,1]((Phosphate >= 0.041 & Magnesium > 0.065) -> Calcium < 2.534)
",-2.534,-2.534,0.000,0.000,1.000,1,0,0,20,21,0,1,20,0.047619047619047616,0.0,0.0,1.0,0.04878048780487805,0.9512195121951219,-1
"F[1,1]((Phosphate >= 0.038 & Magnesium > 0.088) -> Calcium < 7.971)
",-8974757960358686.000,-7.971,0.000,0.000,1.000,1,0,0,20,21,0,1,20,0.047619047619047616,0.0,0.0,1.0,0.04878048780487805,0.9512195121951219,-1
"G[0,0](((Hgb <= 9.035 | Hct <= 12.274) -> WBC >= 0.164) & Platelets >= 9.628)
",-12.274,-12.274,0.000,1.000,0.000,1,0,0,20,21,0,1,20,0.047619047619047616,0.0,0.0,1.0,0.04878048780487805,0.9512195121951219,1
"G[1,1](Phosphate <= 2.078 -> Hgb >= 0.082)
",-4678313582683326.000,-2.078,0.000,1.000,0.000,1,0,1,19,20,1,2,19,0.05,0.0,1.0,0.5,0.04878048780487805,0.9512195121951219,1
"G[1,1](((Platelets >= 17.865 -> PTT <= 0.000) | Bilirubin_total <= 0.000) -> MAP <= 0.000)
",0.000,0.000,0.000,1.000,0.000,1,0,1,19,20,1,2,19,0.05,0.0,1.0,0.5,0.04878048780487805,0.9512195121951219,1
"G[1,1](Calcium >= 0.405 | Phosphate >= 0.051)
",-0.051,-0.051,0.000,1.000,0.000,1,0,1,19,20,1,2,19,0.05,0.0,1.0,0.5,0.04878048780487805,0.9512195121951219,1
"G[1,1]((Calcium <= 3.124 -> SBP >= 14.078) -> Magnesium >= 13.356)
",7033706587794738.000,3.124,0.000,1.000,0.000,1,0,1,19,20,1,2,19,0.05,0.0,1.0,0.5,0.04878048780487805,0.9512195121951219,1
"G[1,1](Temp >= 5.268 & SaO2 >= 0.000)
",-5.268,-5.268,0.000,1.000,0.000,1,0,1,19,20,1,2,19,0.05,0.0,1.0,0.5,0.04878048780487805,0.9512195121951219,1
"G[1,1](((Hgb >= 0.122 & Magnesium >= 0.015) | Bilirubin_total >= 0.025) & Alkalinephos <= 0.316)
",-3626815269051837.500,-0.025,0.000,1.000,0.000,1,0,1,19,20,1,2,19,0.05,0.0,1.0,0.5,0.04878048780487805,0.9512195121951219,1
"G[1,1](((Hgb <= 11.669 | Hct <= 21.735) -> WBC >= 0.371) & Platelets >= 13.107)
",-21.735,-21.735,0.000,1.000,0.000,1,0,1,19,20,1,2,19,0.05,0.0,1.0,0.5,0.04878048780487805,0.9512195121951219,1
"G[0,0](((Hgb <= 11.658 | Hct <= 6.559) -> WBC >= 0.696) & Platelets >= 10.349)
",-29.352,-11.527,0.000,1.000,0.000,1,0,0,20,21,0,1,20,0.047619047619047616,0.0,0.0,1.0,0.04878048780487805,0.9512195121951219,1
"F[0,1](((Glucose >= 13.112 -> Magnesium <= 1.819) | SBP <= 0.219) | Glucose <= 0.556)
",-9999999.000,-9999999.000,0.000,0.000,1.000,0,0,0,21,21,0,0,21,0.0,0.0,0.0,0.0,0.0,1.0,-1
"F[1,2](SBP <= 115.296 & Calcium <= 5.881)
",-9999999.000,-9999999.000,0.000,0.000,1.000,0,0,0,21,21,0,0,21,0.0,0.0,0.0,0.0,0.0,1.0,-1
"F[0,2]((Phosphate >= 0.021 & Glucose <= 48.951) | SepsisLabel >= 11.374)
",-9999999.000,-9999999.000,0.000,0.000,1.000,0,0,0,21,21,0,0,21,0.0,0.0,0.0,0.0,0.0,1.0,-1
"((Hct <= 5.698) U[0,1] (Alkalinephos >= 0.000))
",-9999999.000,-9999999.000,0.000,0.000,1.000,0,0,0,21,21,0,0,21,0.0,0.0,0.0,0.0,0.0,1.0,-1
"((Temp >= 3.880) U[2,2] (HR >= 44.803))
",-8737041736808093.000,-3.880,0.000,0.000,1.000,0,0,0,21,21,0,0,21,0.0,0.0,0.0,0.0,0.0,1.0,-1
"F[1,2]((EtCO2 >= 0.000 -> Chloride <= 0.000) -> Resp <= 0.000)
",-9999999.000,-9999999.000,0.000,0.000,1.000,0,0,0,21,21,0,0,21,0.0,0.0,0.0,0.0,0.0,1.0,-1
"F[1,2]((Creatinine <= 0.035 | Calcium <= 4.471) & EtCO2 <= 3.554)
",-9999999.000,-9999999.000,0.000,0.000,1.000,0,0,0,21,21,0,0,21,0.0,0.0,0.0,0.0,0.0,1.0,-1
"((HCO3 <= 0.000) U[1,2] (PTT <= 0.000))
",-9999999.000,-9999999.000,0.000,0.000,1.000,0,0,0,21,21,0,0,21,0.0,0.0,0.0,0.0,0.0,1.0,-1
"F[1,1](Bilirubin_total >= 0.000 | Chloride <= 0.000)
",0.000,0.000,0.000,0.000,1.000,0,0,0,21,21,0,0,21,0.0,0.0,0.0,0.0,0.0,1.0,-1
"F[1,2]((FiO2 >= 0.000 -> PTT >= 0.000) & Resp <= 0.000)
",-9999999.000,-9999999.000,0.000,0.000,1.000,0,0,0,21,21,0,0,21,0.0,0.0,0.0,0.0,0.0,1.0,-1
"F[2,2]((Fibrinogen <= 0.000 -> Platelets >= 2.365) -> pH >= 10.549)
",0.000,0.000,0.000,0.000,1.000,0,0,0,21,21,0,0,21,0.0,0.0,0.0,0.0,0.0,1.0,-1
"F[1,2]((SepsisLabel >= 0.000 & Calcium <= 5.560) -> Temp <= 2.724)
",-9999999.000,-9999999.000,0.000,0.000,1.000,0,0,0,21,21,0,0,21,0.0,0.0,0.0,0.0,0.0,1.0,-1
"F[0,2]((Magnesium <= 0.484 -> Creatinine <= 0.247) & Platelets <= 0.429)
",-9999999.000,-9999999.000,0.000,0.000,1.000,0,0,0,21,21,0,0,21,0.0,0.0,0.0,0.0,0.0,1.0,-1
"F[2,2]((DBP >= 6.411 & pH >= 0.000) | EtCO2 <= 0.000)
",0.000,0.000,0.000,0.000,1.000,0,0,0,21,21,0,0,21,0.0,0.0,0.0,0.0,0.0,1.0,-1
"F[0,1]((WBC <= 14.831 | SepsisLabel >= 0.000) & FiO2 <= 0.000)
",-9999999.000,-9999999.000,0.000,0.000,1.000,0,0,0,21,21,0,0,21,0.0,0.0,0.0,0.0,0.0,1.0,-1
"((SaO2 < 0.000) U[2,2] (SepsisLabel = 0.000))
",0.000,0.000,0.000,0.000,1.000,0,0,0,21,21,0,0,21,0.0,0.0,0.0,0.0,0.0,1.0,-1
"((Bilirubin_total >= 0.000) U[1,2] (SepsisLabel = 0.000))
",-9999999.000,-9999999.000,0.000,0.000,1.000,0,0,0,21,21,0,0,21,0.0,0.0,0.0,0.0,0.0,1.0,-1
"((Hgb > 0.545) U[0,2] (SepsisLabel = 0.000))
",-9999999.000,-9999999.000,0.000,0.000,1.000,0,0,0,21,21,0,0,21,0.0,0.0,0.0,0.0,0.0,1.0,-1
"((SepsisLabel >= 0.000) U[2,2] (Platelets <= 170.550))
",6000681293043051.000,170.550,0.000,0.000,1.000,0,0,0,21,21,0,0,21,0.0,0.0,0.0,0.0,0.0,1.0,-1
"F[1,2](((EtCO2 >= 0.000 | HCO3 <= 0.000) -> Phosphate <= 0.000) & Hgb >= 0.000)
",-9999999.000,-9999999.000,0.000,0.000,1.000,0,0,0,21,21,0,0,21,0.0,0.0,0.0,0.0,0.0,1.0,-1
"((SepsisLabel >= 0.000) U[1,1] (PTT <= 0.000))
",0.000,0.000,0.000,0.000,1.000,0,0,0,21,21,0,0,21,0.0,0.0,0.0,0.0,0.0,1.0,-1
"F[2,2]((FiO2 <= 0.000 -> Bilirubin_direct <= 0.000) & Hct <= 0.000)
",0.000,0.000,0.000,0.000,1.000,0,0,0,21,21,0,0,21,0.0,0.0,0.0,0.0,0.0,1.0,-1
"F[1,2](((Magnesium >= 0.040 -> SepsisLabel <= 0.000) & Bilirubin_direct >= 0.000) | Platelets >= 0.000)
",-9999999.000,-9999999.000,0.000,0.000,1.000,0,0,0,21,21,0,0,21,0.0,0.0,0.0,0.0,0.0,1.0,-1
"F[0,1]((O2Sat <= 93.751 | O2Sat >= 41.937) -> Phosphate <= 97.789)
",-9999999.000,-9999999.000,0.000,0.000,1.000,0,0,0,21,21,0,0,21,0.0,0.0,0.0,0.0,0.0,1.0,-1
"F[2,2](((Fibrinogen >= 0.000 & Alkalinephos >= 0.000) -> Bilirubin_direct >= 0.000) -> BUN >= 0.000)
",0.000,0.000,0.000,0.000,1.000,0,0,0,21,21,0,0,21,0.0,0.0,0.0,0.0,0.0,1.0,-1
"F[0,2]((Magnesium >= 0.052 & BaseExcess <= 0.000) & Hct <= 0.000)
",-9999999.000,-9999999.000,0.000,0.000,1.000,0,0,0,21,21,0,0,21,0.0,0.0,0.0,0.0,0.0,1.0,-1
"F[0,2](Hct <= 3.047 & DBP >= 43.760)
",-9999999.000,-9999999.000,0.000,0.000,1.000,0,0,0,21,21,0,0,21,0.0,0.0,0.0,0.0,0.0,1.0,-1
"F[0,2]((Alkalinephos <= 0.000 & AST <= 0.000) | pH >= 0.000)
",-9999999.000,-9999999.000,0.000,0.000,1.000,0,0,0,21,21,0,0,21,0.0,0.0,0.0,0.0,0.0,1.0,-1
"F[0,2]((PTT <= 0.000 | Chloride >= 0.000) -> BaseExcess >= 0.000)
",-9999999.000,-9999999.000,0.000,0.000,1.000,0,0,0,21,21,0,0,21,0.0,0.0,0.0,0.0,0.0,1.0,-1
"F[0,1](((Alkalinephos <= 0.000 -> HCO3 >= 0.000) & EtCO2 <= 0.000) | Potassium <= 0.000)
",-9999999.000,-9999999.000,0.000,0.000,1.000,0,0,0,21,21,0,0,21,0.0,0.0,0.0,0.0,0.0,1.0,-1
"F[1,2](Hct >= 0.248 & HR <= 79.367)
",-9999999.000,-9999999.000,0.000,0.000,1.000,0,0,0,21,21,0,0,21,0.0,0.0,0.0,0.0,0.0,1.0,-1
"F[0,0](((BUN >= 0.180 & FiO2 >= 0.000) -> Calcium <= 0.000) -> Chloride >= 0.000)
",-0.333,-0.835,0.000,0.000,1.000,0,0,0,21,21,0,0,21,0.0,0.0,0.0,0.0,0.0,1.0,-1
"F[0,1]((Potassium >= 0.020 | O2Sat <= 97.048) -> Chloride <= 95.018)
",-9999999.000,-9999999.000,0.000,0.000,1.000,0,0,0,21,21,0,0,21,0.0,0.0,0.0,0.0,0.0,1.0,-1
"F[1,2]((AST <= 0.000 | SepsisLabel <= 0.000) & Potassium >= 0.000)
",-9999999.000,-9999999.000,0.000,0.000,1.000,0,0,0,21,21,0,0,21,0.0,0.0,0.0,0.0,0.0,1.0,-1
"((pH >= 0.000) U[0,1] (Chloride >= 0.000))
",-9999999.000,-9999999.000,0.000,0.000,1.000,0,0,0,21,21,0,0,21,0.0,0.0,0.0,0.0,0.0,1.0,-1
"((Lactate <= 0.000) U[2,2] (Potassium >= 0.096))
",0.000,0.000,0.000,0.000,1.000,0,0,0,21,21,0,0,21,0.0,0.0,0.0,0.0,0.0,1.0,-1
"F[0,2](((PaCO2 <= 0.000 -> Calcium >= 0.193) | Chloride <= 1.887) | HR >= 0.236)
",-9999999.000,-9999999.000,0.000,0.000,1.000,0,0,0,21,21,0,0,21,0.0,0.0,0.0,0.0,0.0,1.0,-1
"((Magnesium <= 1.966) U[1,2] (Chloride <= 0.000))
",-9999999.000,-9999999.000,0.000,0.000,1.000,0,0,0,21,21,0,0,21,0.0,0.0,0.0,0.0,0.0,1.0,-1
"((Temp <= 33.379) U[0,2] (Calcium >= 0.380))
",-9999999.000,-9999999.000,0.000,0.000,1.000,0,0,0,21,21,0,0,21,0.0,0.0,0.0,0.0,0.0,1.0,-1
"G[0,2]((Fibrinogen >= 0.000 -> BaseExcess >= 0.000) -> Hct <= 0.000)
",9999999.000,9999999.000,0.000,1.000,0.000,0,0,19,2,2,19,19,2,0.0,0.0,1.0,0.0,0.0,1.0,1
"F[0,2]((AST >= 0.000 & PTT <= 0.000) -> BaseExcess >= 0.000)
",-9999999.000,-9999999.000,0.000,0.000,1.000,0,0,0,21,21,0,0,21,0.0,0.0,0.0,0.0,0.0,1.0,-1
"F[1,1](((DBP <= 85.058 | pH >= 0.000) -> BaseExcess >= 0.000) & PaCO2 <= 0.000)
",-85.058,-85.058,0.000,0.000,1.000,0,0,0,21,21,0,0,21,0.0,0.0,0.0,0.0,0.0,1.0,-1
"F[0,1](((Chloride >= 0.000 & pH >= 0.000) & Magnesium <= 0.000) -> MAP >= 0.000)
",-9999999.000,-9999999.000,0.000,0.000,1.000,0,0,0,21,21,0,0,21,0.0,0.0,0.0,0.0,0.0,1.0,-1
"((Platelets <= 224.649) U[2,2] (Platelets <= 62.734))
",224.649,224.649,0.000,0.000,1.000,0,0,0,21,21,0,0,21,0.0,0.0,0.0,0.0,0.0,1.0,-1
"F[2,2](TroponinI <= 0.000 & Creatinine >= 0.013)
",-0.013,-0.013,0.000,0.000,1.000,0,0,0,21,21,0,0,21,0.0,0.0,0.0,0.0,0.0,1.0,-1
"F[1,2](((HR <= 69.091 | BaseExcess <= 0.000) & Chloride <= 0.000) -> HCO3 >= 0.000)
",-9999999.000,-9999999.000,0.000,0.000,1.000,0,0,0,21,21,0,0,21,0.0,0.0,0.0,0.0,0.0,1.0,-1
"((Phosphate <= 1.860) U[0,0] (Lactate <= 0.000))
",2.820,1.665,0.000,0.000,1.000,0,0,0,21,21,0,0,21,0.0,0.0,0.0,0.0,0.0,1.0,-1
"F[1,2](((Platelets >= 12.449 & Temp >= 5.284) & Calcium <= 13.709) & Glucose >= 0.916)
",-9999999.000,-9999999.000,0.000,0.000,1.000,0,0,0,21,21,0,0,21,0.0,0.0,0.0,0.0,0.0,1.0,-1
"F[1,2](((HR <= 68.417 | BaseExcess >= 0.000) -> FiO2 >= 0.000) | Chloride >= 0.000)
",-9999999.000,-9999999.000,0.000,0.000,1.000,0,0,0,21,21,0,0,21,0.0,0.0,0.0,0.0,0.0,1.0,-1
"F[0,1](((PTT <= 0.000 & MAP >= 64.630) -> pH <= 87.002) & Phosphate <= 100.733)
",-9999999.000,-9999999.000,0.000,0.000,1.000,0,0,0,21,21,0,0,21,0.0,0.0,0.0,0.0,0.0,1.0,-1
"F[1,1](Alkalinephos <= 0.000 | Bilirubin_total <= 0.000)
",0.000,0.000,0.000,0.000,1.000,0,0,0,21,21,0,0,21,0.0,0.0,0.0,0.0,0.0,1.0,-1
"F[0,2](WBC <= 3.664 & Resp >= 1.402)
",-9999999.000,-9999999.000,0.000,0.000,1.000,0,0,0,21,21,0,0,21,0.0,0.0,0.0,0.0,0.0,1.0,-1
"F[1,1](((DBP >= 43.908 & BaseExcess >= 0.000) -> SBP >= 0.000) | FiO2 >= 0.000)
",0.000,0.000,0.000,0.000,1.000,0,0,0,21,21,0,0,21,0.0,0.0,0.0,0.0,0.0,1.0,-1
"F[0,2](Hct >= 1.167 | BaseExcess >= 0.000)
",-9999999.000,-9999999.000,0.000,0.000,1.000,0,0,0,21,21,0,0,21,0.0,0.0,0.0,0.0,0.0,1.0,-1
"((SBP >= 74.540) U[0,0] (PaCO2 <= 0.000))
",0.000,0.000,0.000,0.000,1.000,0,0,0,21,21,0,0,21,0.0,0.0,0.0,0.0,0.0,1.0,-1
"F[1,2](EtCO2 <= 0.000 & WBC >= 0.878)
",-9999999.000,-9999999.000,0.000,0.000,1.000,0,0,0,21,21,0,0,21,0.0,0.0,0.0,0.0,0.0,1.0,-1
"((EtCO2 >= 0.000) U[0,2] (SBP <= 110.412))
",-9999999.000,-9999999.000,0.000,0.000,1.000,0,0,0,21,21,0,0,21,0.0,0.0,0.0,0.0,0.0,1.0,-1
"((Chloride >= 0.000) U[0,2] (Bilirubin_direct >= 0.000))
",-9999999.000,-9999999.000,0.000,0.000,1.000,0,0,0,21,21,0,0,21,0.0,0.0,0.0,0.0,0.0,1.0,-1
"F[0,1](((BaseExcess <= 0.000 | EtCO2 <= 0.000) | Potassium >= 0.000) & Platelets >= 0.000)
",-9999999.000,-9999999.000,0.000,0.000,1.000,0,0,0,21,21,0,0,21,0.0,0.0,0.0,0.0,0.0,1.0,-1
"F[1,1](((DBP >= 18.045 & Hct <= 34.581) | FiO2 <= 32.376) & Alkalinephos <= 6.168)
",6944867077568092.000,6.168,0.000,0.000,1.000,0,0,0,21,21,0,0,21,0.0,0.0,0.0,0.0,0.0,1.0,-1
"F[1,2](pH <= 0.000 -> Fibrinogen >= 0.000)
",-9999999.000,-9999999.000,0.000,0.000,1.000,0,0,0,21,21,0,0,21,0.0,0.0,0.0,0.0,0.0,1.0,-1
"F[0,2]((EtCO2 >= 0.000 & Glucose <= 85.548) & BaseExcess <= 65.983)
",-9999999.000,-9999999.000,0.000,0.000,1.000,0,0,0,21,21,0,0,21,0.0,0.0,0.0,0.0,0.0,1.0,-1
"F[1,2](((Hgb <= 10.381 -> DBP <= 88.164) & O2Sat >= 47.653) | Temp >= 32.450)
",-9999999.000,-9999999.000,0.000,0.000,1.000,0,0,0,21,21,0,0,21,0.0,0.0,0.0,0.0,0.0,1.0,-1
"F[1,2]((Glucose >= 14.952 | pH >= 0.000) | Alkalinephos >= 0.000)
",-9999999.000,-9999999.000,0.000,0.000,1.000,0,0,0,21,21,0,0,21,0.0,0.0,0.0,0.0,0.0,1.0,-1
"((Fibrinogen <= 0.000) U[1,2] (Hgb <= 1.002))
",-9999999.000,-9999999.000,0.000,0.000,1.000,0,0,0,21,21,0,0,21,0.0,0.0,0.0,0.0,0.0,1.0,-1
"((EtCO2 <= 0.000) U[1,1] (Alkalinephos >= 0.000))
",0.000,0.000,0.000,0.000,1.000,0,0,0,21,21,0,0,21,0.0,0.0,0.0,0.0,0.0,1.0,-1
"F[0,2](TroponinI >= 0.000 | Phosphate >= 0.030)
",-9999999.000,-9999999.000,0.000,0.000,1.000,0,0,0,21,21,0,0,21,0.0,0.0,0.0,0.0,0.0,1.0,-1
"F[0,1]((SBP >= 14.783 & PaCO2 <= 0.000) -> EtCO2 <= 0.000)
",-9999999.000,-9999999.000,0.000,0.000,1.000,0,0,0,21,21,0,0,21,0.0,0.0,0.0,0.0,0.0,1.0,-1
"F[2,2]((AST <= 0.000 | TroponinI <= 0.000) -> FiO2 >= 0.000)
",0.000,0.000,0.000,0.000,1.000,0,0,0,21,21,0,0,21,0.0,0.0,0.0,0.0,0.0,1.0,-1
"F[0,2](Temp <= 30.674 -> MAP <= 91.711)
",-9999999.000,-9999999.000,0.000,0.000,1.000,0,0,0,21,21,0,0,21,0.0,0.0,0.0,0.0,0.0,1.0,-1
"F[1,2](((Alkalinephos <= 0.000 -> PaCO2 <= 0.000) | AST <= 0.000) -> FiO2 >= 0.000)
",-9999999.000,-9999999.000,0.000,0.000,1.000,0,0,0,21,21,0,0,21,0.0,0.0,0.0,0.0,0.0,1.0,-1
"F[1,2]((Platelets >= 14.265 -> Magnesium <= 1.411) -> Alkalinephos <= 1.171)
",-9999999.000,-9999999.000,0.000,0.000,1.000,0,0,0,21,21,0,0,21,0.0,0.0,0.0,0.0,0.0,1.0,-1
"F[0,0]((Phosphate >= 0.058 -> Fibrinogen <= 0.000) & SaO2 <= 0.000)
",-0.330,-0.189,0.000,0.000,1.000,0,0,0,21,21,0,0,21,0.0,0.0,0.0,0.0,0.0,1.0,-1
"F[1,2]((WBC >= 0.292 -> Bilirubin_total >= 0.000) & Creatinine >= 0.000)
",-9999999.000,-9999999.000,0.000,0.000,1.000,0,0,0,21,21,0,0,21,0.0,0.0,0.0,0.0,0.0,1.0,-1
"F[0,2]((SaO2 >= 0.000 & Temp >= 6.210) -> Lactate >= 6.319)
",-9999999.000,-9999999.000,0.000,0.000,1.000,0,0,0,21,21,0,0,21,0.0,0.0,0.0,0.0,0.0,1.0,-1
"F[0,1](((Lactate <= 0.000 & DBP <= 80.890) & Creatinine >= 12.875) -> PTT >= 39.661)
",-9999999.000,-9999999.000,0.000,0.000,1.000,0,0,0,21,21,0,0,21,0.0,0.0,0.0,0.0,0.0,1.0,-1
"F[0,2]((BaseExcess >= 0.000 & Alkalinephos <= 0.000) | Lactate >= 0.000)
",-9999999.000,-9999999.000,0.000,0.000,1.000,0,0,0,21,21,0,0,21,0.0,0.0,0.0,0.0,0.0,1.0,-1
"F[1,2]((SepsisLabel <= 0.000 | Temp >= 1.118) & Calcium <= 20.572)
",-9999999.000,-9999999.000,0.000,0.000,1.000,0,0,0,21,21,0,0,21,0.0,0.0,0.0,0.0,0.0,1.0,-1
"((AST <= 0.000) U[1,2] (BaseExcess >= 0.000))
",-9999999.000,-9999999.000,0.000,0.000,1.000,0,0,0,21,21,0,0,21,0.0,0.0,0.0,0.0,0.0,1.0,-1
"((FiO2 <= 0.000) U[1,2] (AST <= 0.000))
",-9999999.000,-9999999.000,0.000,0.000,1.000,0,0,0,21,21,0,0,21,0.0,0.0,0.0,0.0,0.0,1.0,-1
"F[1,2]((HCO3 >= 0.000 & Potassium >= 0.139) -> Resp <= 3.634)
",-9999999.000,-9999999.000,0.000,0.000,1.000,0,0,0,21,21,0,0,21,0.0,0.0,0.0,0.0,0.0,1.0,-1
"F[1,2](Platelets <= 135.434 | Glucose <= 52.253)
",-9999999.000,-9999999.000,0.000,0.000,1.000,0,0,0,21,21,0,0,21,0.0,0.0,0.0,0.0,0.0,1.0,-1
"F[2,2](((Lactate <= 0.000 | TroponinI >= 0.000) -> PTT <= 0.000) & HCO3 >= 0.000)
",0.000,0.000,0.000,0.000,1.000,0,0,0,21,21,0,0,21,0.0,0.0,0.0,0.0,0.0,1.0,-1
"((HCO3 >= 0.000) U[1,2] (Hgb <= 11.088))
",-9999999.000,-9999999.000,0.000,0.000,1.000,0,0,0,21,21,0,0,21,0.0,0.0,0.0,0.0,0.0,1.0,-1
"((BUN <= 2.635) U[0,2] (BUN <= 1.624))
",-9999999.000,-9999999.000,0.000,0.000,1.000,0,0,0,21,21,0,0,21,0.0,0.0,0.0,0.0,0.0,1.0,-1
"F[1,2](((Calcium <= 7.987 | PTT <= 0.000) & Calcium <= 0.000) -> SBP <= 0.000)
",-9999999.000,-9999999.000,0.000,0.000,1.000,0,0,0,21,21,0,0,21,0.0,0.0,0.0,0.0,0.0,1.0,-1
"F[1,2]((pH <= 0.000 & Creatinine <= 0.153) & Phosphate >= 0.007)
",-9999999.000,-9999999.000,0.000,0.000,1.000,0,0,0,21,21,0,0,21,0.0,0.0,0.0,0.0,0.0,1.0,-1
"F[0,2]((pH >= 0.000 | FiO2 >= 0.000) & Chloride <= 0.000)
",-9999999.000,-9999999.000,0.000,0.000,1.000,0,0,0,21,21,0,0,21,0.0,0.0,0.0,0.0,0.0,1.0,-1
"F[2,2](PTT < 0.000 & SepsisLabel = 0.000)
",0.000,0.000,0.000,0.000,1.000,0,0,0,21,21,0,0,21,0.0,0.0,0.0,0.0,0.0,1.0,-1
"F[2,2](FiO2 > 0.000 -> SepsisLabel = 0.000)
",0.000,0.000,0.000,0.000,1.000,0,0,0,21,21,0,0,21,0.0,0.0,0.0,0.0,0.0,1.0,-1
"((SepsisLabel >= 0.000) U[0,2] (SepsisLabel = 0.000))
",-9999999.000,-9999999.000,0.000,0.000,1.000,0,0,0,21,21,0,0,21,0.0,0.0,0.0,0.0,0.0,1.0,-1
"F[0,1](((Chloride <= 0.000 -> Bilirubin_total >= 0.000) | SaO2 >= 0.000) | HCO3 <= 0.000)
",-9999999.000,-9999999.000,0.000,0.000,1.000,0,0,0,21,21,0,0,21,0.0,0.0,0.0,0.0,0.0,1.0,-1
"F[1,2]((Hgb >= 0.238 | Resp >= 10.637) -> Chloride >= 8.287)
",-9999999.000,-9999999.000,0.000,0.000,1.000,0,0,0,21,21,0,0,21,0.0,0.0,0.0,0.0,0.0,1.0,-1
"F[0,2]((SBP >= 94.604 | MAP >= 12.408) & Fibrinogen >= 69.288)
",-9999999.000,-9999999.000,0.000,0.000,1.000,0,0,0,21,21,0,0,21,0.0,0.0,0.0,0.0,0.0,1.0,-1
"F[1,2]((WBC >= 0.076 | Alkalinephos <= 0.000) | Temp >= 0.000)
",-9999999.000,-9999999.000,0.000,0.000,1.000,0,0,0,21,21,0,0,21,0.0,0.0,0.0,0.0,0.0,1.0,-1
"F[2,2](WBC >= 0.507 | SaO2 >= 0.000)
",0.000,0.000,0.000,0.000,1.000,0,0,0,21,21,0,0,21,0.0,0.0,0.0,0.0,0.0,1.0,-1
"F[1,2](Hgb >= 0.311 | Magnesium <= 0.933)
",-9999999.000,-9999999.000,0.000,0.000,1.000,0,0,0,21,21,0,0,21,0.0,0.0,0.0,0.0,0.0,1.0,-1
"F[1,2]((BUN >= 0.209 & BaseExcess >= 0.000) | Glucose <= 0.000)
",-9999999.000,-9999999.000,0.000,0.000,1.000,0,0,0,21,21,0,0,21,0.0,0.0,0.0,0.0,0.0,1.0,-1
"F[1,2]((BaseExcess <= 0.000 -> Lactate <= 0.000) | DBP >= 0.000)
",-9999999.000,-9999999.000,0.000,0.000,1.000,0,0,0,21,21,0,0,21,0.0,0.0,0.0,0.0,0.0,1.0,-1
"F[1,2](((MAP >= 43.324 -> Calcium <= 6.699) | SepsisLabel >= 0.280) -> O2Sat >= 0.241)
",-9999999.000,-9999999.000,0.000,0.000,1.000,0,0,0,21,21,0,0,21,0.0,0.0,0.0,0.0,0.0,1.0,-1
"F[0,2](SaO2 >= 0.000 -> DBP <= 84.402)
",-9999999.000,-9999999.000,0.000,0.000,1.000,0,0,0,21,21,0,0,21,0.0,0.0,0.0,0.0,0.0,1.0,-1
"F[0,2](((Hct <= 33.957 | Chloride <= 0.000) | PaCO2 <= 0.000) & Resp <= 0.000)
",-9999999.000,-9999999.000,0.000,0.000,1.000,0,0,0,21,21,0,0,21,0.0,0.0,0.0,0.0,0.0,1.0,-1
"F[1,2](HR >= 9.743 & Glucose >= 20.789)
",-9999999.000,-9999999.000,0.000,0.000,1.000,0,0,0,21,21,0,0,21,0.0,0.0,0.0,0.0,0.0,1.0,-1
"F[0,1]((Hct <= 29.325 & Magnesium >= 0.075) -> TroponinI >= 0.025)
",-9999999.000,-9999999.000,0.000,0.000,1.000,0,0,0,21,21,0,0,21,0.0,0.0,0.0,0.0,0.0,1.0,-1
"((Chloride >= 0.000) U[2,2] (Resp <= 18.099))
",18.099,18.099,0.000,0.000,1.000,0,0,0,21,21,0,0,21,0.0,0.0,0.0,0.0,0.0,1.0,-1
"F[0,2](MAP >= 21.942 & Potassium <= 0.660)
",-9999999.000,-9999999.000,0.000,0.000,1.000,0,0,0,21,21,0,0,21,0.0,0.0,0.0,0.0,0.0,1.0,-1
"F[0,2](DBP >= 38.489 -> Phosphate >= 0.064)
",-9999999.000,-9999999.000,0.000,0.000,1.000,0,0,0,21,21,0,0,21,0.0,0.0,0.0,0.0,0.0,1.0,-1
"((Bilirubin_direct <= 0.000) U[0,2] (DBP >= 39.595))
",-9999999.000,-9999999.000,0.000,0.000,1.000,0,0,0,21,21,0,0,21,0.0,0.0,0.0,0.0,0.0,1.0,-1
"((Fibrinogen >= 0.000) U[0,1] (Alkalinephos <= 0.000))
",-9999999.000,-9999999.000,0.000,0.000,1.000,0,0,0,21,21,0,0,21,0.0,0.0,0.0,0.0,0.0,1.0,-1
"F[1,1](((O2Sat <= 96.708 -> Bilirubin_direct <= 0.000) | Alkalinephos <= 0.000) & Resp >= 0.000)
",0.000,0.000,0.000,0.000,1.000,0,0,0,21,21,0,0,21,0.0,0.0,0.0,0.0,0.0,1.0,-1
"F[0,2](((Platelets >= 7.972 | Phosphate <= 0.197) -> FiO2 <= 1.529) -> PaCO2 <= 0.893)
",-9999999.000,-9999999.000,0.000,0.000,1.000,0,0,0,21,21,0,0,21,0.0,0.0,0.0,0.0,0.0,1.0,-1
"F[1,2](((pH <= 0.000 & Chloride >= 0.000) | PaCO2 <= 0.000) -> Bilirubin_total >= 0.000)
",-9999999.000,-9999999.000,0.000,0.000,1.000,0,0,0,21,21,0,0,21,0.0,0.0,0.0,0.0,0.0,1.0,-1
"((Fibrinogen >= 0.000) U[1,2] (Hgb >= 0.617))
",-9999999.000,-9999999.000,0.000,0.000,1.000,0,0,0,21,21,0,0,21,0.0,0.0,0.0,0.0,0.0,1.0,-1
"F[1,1](((FiO2 <= 0.000 -> EtCO2 <= 0.000) | Resp >= 0.000) & Lactate >= 0.000)
",0.000,0.000,0.000,0.000,1.000,0,0,0,21,21,0,0,21,0.0,0.0,0.0,0.0,0.0,1.0,-1
"F[0,0]((HCO3 <= 0.000 -> TroponinI >= 0.000) | SBP <= 0.000)
",0.000,0.000,0.000,0.000,1.000,0,0,0,21,21,0,0,21,0.0,0.0,0.0,0.0,0.0,1.0,-1
"F[1,2]((Platelets <= 162.041 & PaCO2 <= 0.000) | Alkalinephos <= 0.000)
",-9999999.000,-9999999.000,0.000,0.000,1.000,0,0,0,21,21,0,0,21,0.0,0.0,0.0,0.0,0.0,1.0,-1
"F[0,2](MAP >= 50.920 & WBC >= 0.677)
",-9999999.000,-9999999.000,0.000,0.000,1.000,0,0,0,21,21,0,0,21,0.0,0.0,0.0,0.0,0.0,1.0,-1
"F[0,2](((SaO2 <= 0.000 -> DBP >= 11.917) -> Platelets <= 71.199) & SaO2 <= 85.399)
",-9999999.000,-9999999.000,0.000,0.000,1.000,0,0,0,21,21,0,0,21,0.0,0.0,0.0,0.0,0.0,1.0,-1
"F[1,2]((EtCO2 <= 0.000 -> Hgb <= 5.091) & Chloride <= 6.987)
",-9999999.000,-9999999.000,0.000,0.000,1.000,0,0,0,21,21,0,0,21,0.0,0.0,0.0,0.0,0.0,1.0,-1
"F[2,2](((Bilirubin_direct <= 0.000 & pH <= 0.000) -> PTT <= 0.000) -> Hgb <= 0.000)
",0.000,0.000,0.000,0.000,1.000,0,0,0,21,21,0,0,21,0.0,0.0,0.0,0.0,0.0,1.0,-1
"F[0,2]((Phosphate <= 1.160 | Resp <= 19.144) & EtCO2 >= 7.182)
",-9999999.000,-9999999.000,0.000,0.000,1.000,0,0,0,21,21,0,0,21,0.0,0.0,0.0,0.0,0.0,1.0,-1
"F[1,2]((BUN <= 5.504 & DBP >= 7.597) & Hgb >= 46.038)
",-9999999.000,-9999999.000,0.000,0.000,1.000,0,0,0,21,21,0,0,21,0.0,0.0,0.0,0.0,0.0,1.0,-1
"F[0,1]((DBP >= 56.511 | Potassium <= 0.641) -> BaseExcess <= 0.312)
",-9999999.000,-9999999.000,0.000,0.000,1.000,0,0,0,21,21,0,0,21,0.0,0.0,0.0,0.0,0.0,1.0,-1
"F[0,1](((DBP <= 75.385 -> Hgb >= 0.618) -> Fibrinogen <= 8.717) | Chloride <= 11.973)
",-9999999.000,-9999999.000,0.000,0.000,1.000,0,0,0,21,21,0,0,21,0.0,0.0,0.0,0.0,0.0,1.0,-1
"F[1,1]((SepsisLabel >= 0.000 -> Chloride >= 0.000) -> SepsisLabel <= 0.000)
",0.000,0.000,0.000,0.000,1.000,0,0,0,21,21,0,0,21,0.0,0.0,0.0,0.0,0.0,1.0,-1
"F[1,2]((Calcium <= 5.186 & Potassium <= 1.718) & Magnesium >= 0.004)
",-9999999.000,-9999999.000,0.000,0.000,1.000,0,0,0,21,21,0,0,21,0.0,0.0,0.0,0.0,0.0,1.0,-1
"F[1,2](DBP >= 37.058 & O2Sat <= 98.068)
",-9999999.000,-9999999.000,0.000,0.000,1.000,0,0,0,21,21,0,0,21,0.0,0.0,0.0,0.0,0.0,1.0,-1
"F[0,1](((Glucose >= 0.231 | Phosphate >= 0.075) | Bilirubin_total <= 1.307) | Hct <= 2.097)
",-9999999.000,-9999999.000,0.000,0.000,1.000,0,0,0,21,21,0,0,21,0.0,0.0,0.0,0.0,0.0,1.0,-1
"F[2,2]((Magnesium <= 0.401 -> Temp >= 5.475) & Platelets <= 26.497)
",-7228186766018307.000,-0.401,0.000,0.000,1.000,0,0,0,21,21,0,0,21,0.0,0.0,0.0,0.0,0.0,1.0,-1
"F[0,1]((Platelets >= 1.196 | Temp <= 36.277) & Potassium <= 35.228)
",-9999999.000,-9999999.000,0.000,0.000,1.000,0,0,0,21,21,0,0,21,0.0,0.0,0.0,0.0,0.0,1.0,-1
"((DBP >= 46.919) U[0,2] (Temp <= 13.186))
",-9999999.000,-9999999.000,0.000,0.000,1.000,0,0,0,21,21,0,0,21,0.0,0.0,0.0,0.0,0.0,1.0,-1
"((Magnesium <= 0.566) U[2,2] (O2Sat <= 93.295))
",6565030729827612.000,93.295,0.000,0.000,1.000,0,0,0,21,21,0,0,21,0.0,0.0,0.0,0.0,0.0,1.0,-1
"F[0,1](((Calcium >= 0.206 | O2Sat >= 44.523) & Lactate <= 96.978) -> Alkalinephos <= 93.961)
",-9999999.000,-9999999.000,0.000,0.000,1.000,0,0,0,21,21,0,0,21,0.0,0.0,0.0,0.0,0.0,1.0,-1
"F[2,2](((Creatinine >= 0.016 -> O2Sat >= 78.843) -> HR >= 72.593) & pH >= 46.267)
",-6511564371047724.000,-46.267,0.000,0.000,1.000,0,0,0,21,21,0,0,21,0.0,0.0,0.0,0.0,0.0,1.0,-1
"F[0,2]((Hct >= 1.861 & O2Sat <= 97.060) | Platelets >= 52.898)
",-9999999.000,-9999999.000,0.000,0.000,1.000,0,0,0,21,21,0,0,21,0.0,0.0,0.0,0.0,0.0,1.0,-1
"((Magnesium <= 1.410) U[1,2] (SBP <= 113.254))
",-9999999.000,-9999999.000,0.000,0.000,1.000,0,0,0,21,21,0,0,21,0.0,0.0,0.0,0.0,0.0,1.0,-1
"F[0,2](((BUN <= 2.161 & SBP >= 6.758) -> Potassium <= 122.628) -> Lactate >= 47.229)
",-9999999.000,-9999999.000,0.000,0.000,1.000,0,0,0,21,21,0,0,21,0.0,0.0,0.0,0.0,0.0,1.0,-1
"F[0,1]((O2Sat >= 77.856 | Phosphate <= 1.603) | Platelets >= 0.064)
",-9999999.000,-9999999.000,0.000,0.000,1.000,0,0,0,21,21,0,0,21,0.0,0.0,0.0,0.0,0.0,1.0,-1
"F[0,1](SBP <= 111.691 | WBC <= 5.087)
",-9999999.000,-9999999.000,0.000,0.000,1.000,0,0,0,21,21,0,0,21,0.0,0.0,0.0,0.0,0.0,1.0,-1
"F[2,2](((BUN >= 0.115 -> HR <= 69.784) -> HR <= 73.542) | BaseExcess <= 68.117)
",68.117,68.117,0.000,0.000,1.000,0,0,0,21,21,0,0,21,0.0,0.0,0.0,0.0,0.0,1.0,-1
"F[0,1]((HR <= 81.083 & Potassium <= 0.185) & SepsisLabel <= 2.831)
",-9999999.000,-9999999.000,0.000,0.000,1.000,0,0,0,21,21,0,0,21,0.0,0.0,0.0,0.0,0.0,1.0,-1
"F[2,2]((Calcium <= 4.199 & HR <= 70.974) -> Platelets <= 67.199)
",-4728693147540421.000,-67.199,0.000,0.000,1.000,0,0,0,21,21,0,0,21,0.0,0.0,0.0,0.0,0.0,1.0,-1
"F[1,2]((Creatinine <= 0.229 | HR <= 79.298) & Temp <= 73.930)
",-9999999.000,-9999999.000,0.000,0.000,1.000,0,0,0,21,21,0,0,21,0.0,0.0,0.0,0.0,0.0,1.0,-1
"F[1,2]((Hct >= 0.070 & HR >= 47.901) -> Chloride >= 35.867)
",-9999999.000,-9999999.000,0.000,0.000,1.000,0,0,0,21,21,0,0,21,0.0,0.0,0.0,0.0,0.0,1.0,-1
"F[1,1]((HR <= 74.268 -> Phosphate <= 1.077) -> HCO3 <= 1.161)
",-5229998569459314.000,-1.161,0.000,0.000,1.000,0,0,0,21,21,0,0,21,0.0,0.0,0.0,0.0,0.0,1.0,-1
"F[0,1]((Hgb <= 1.742 -> SBP >= 104.464) -> BaseExcess <= 131.841)
",-9999999.000,-9999999.000,0.000,0.000,1.000,0,0,0,21,21,0,0,21,0.0,0.0,0.0,0.0,0.0,1.0,-1
"F[0,2](((Phosphate <= 0.287 & SBP <= 123.061) | FiO2 <= 114.298) & Hct <= 115.403)
",-9999999.000,-9999999.000,0.000,0.000,1.000,0,0,0,21,21,0,0,21,0.0,0.0,0.0,0.0,0.0,1.0,-1
"F[0,1](((DBP >= 42.051 -> Glucose >= 10.583) & TroponinI >= 6.110) -> Potassium >= 4.497)
",-9999999.000,-9999999.000,0.000,0.000,1.000,0,0,0,21,21,0,0,21,0.0,0.0,0.0,0.0,0.0,1.0,-1
"F[1,2](Resp >= 13.842 -> WBC <= 20.837)
",-9999999.000,-9999999.000,0.000,0.000,1.000,0,0,0,21,21,0,0,21,0.0,0.0,0.0,0.0,0.0,1.0,-1
"F[0,1](((Glucose >= 2.728 | SBP <= 132.578) -> Lactate <= 115.314) & SaO2 <= 129.118)
",-9999999.000,-9999999.000,0.000,0.000,1.000,0,0,0,21,21,0,0,21,0.0,0.0,0.0,0.0,0.0,1.0,-1
"F[2,2](((Glucose <= 77.172 -> HR >= 50.836) | AST >= 5.463) & Hgb >= 54.694)
",-7697464975746914.000,-54.694,0.000,0.000,1.000,0,0,0,21,21,0,0,21,0.0,0.0,0.0,0.0,0.0,1.0,-1
"F[0,1](Resp >= 2.204 -> Temp <= 34.970)
",-9999999.000,-9999999.000,0.000,0.000,1.000,0,0,0,21,21,0,0,21,0.0,0.0,0.0,0.0,0.0,1.0,-1
"F[2,2](((Glucose <= 135.068 & Temp >= 6.024) | Creatinine >= 0.342) -> AST <= 34.001)
",-34.001,-34.001,0.000,0.000,1.000,0,0,0,21,21,0,0,21,0.0,0.0,0.0,0.0,0.0,1.0,-1
"((BUN >= 0.067) U[0,1] (Glucose <= 134.525))
",-9999999.000,-9999999.000,0.000,0.000,1.000,0,0,0,21,21,0,0,21,0.0,0.0,0.0,0.0,0.0,1.0,-1
"F[0,1]((Calcium >= 0.047 | Glucose <= 105.433) | BUN <= 92.921)
",-9999999.000,-9999999.000,0.000,0.000,1.000,0,0,0,21,21,0,0,21,0.0,0.0,0.0,0.0,0.0,1.0,-1
"F[0,1](Glucose >= 4.183 -> Hgb >= 0.495)
",-9999999.000,-9999999.000,0.000,0.000,1.000,0,0,0,21,21,0,0,21,0.0,0.0,0.0,0.0,0.0,1.0,-1
"((Phosphate >= 0.009) U[0,1] (Temp <= 24.649))
",-9999999.000,-9999999.000,0.000,0.000,1.000,0,0,0,21,21,0,0,21,0.0,0.0,0.0,0.0,0.0,1.0,-1
"F[2,2]((Glucose <= 142.844 | Platelets <= 342.375) | Magnesium >= 3.427)
",342.375,342.375,0.000,0.000,1.000,0,0,0,21,21,0,0,21,0.0,0.0,0.0,0.0,0.0,1.0,-1
"F[0,2](((DBP >= 28.267 -> SBP >= 56.554) & Creatinine >= 74.832) -> Glucose >= 16.310)
",-9999999.000,-9999999.000,0.000,0.000,1.000,0,0,0,21,21,0,0,21,0.0,0.0,0.0,0.0,0.0,1.0,-1
"F[1,2](((HR <= 80.101 & SBP <= 127.291) & Phosphate <= 108.248) -> HCO3 >= 58.065)
",-9999999.000,-9999999.000,0.000,0.000,1.000,0,0,0,21,21,0,0,21,0.0,0.0,0.0,0.0,0.0,1.0,-1
"F[1,2](((DBP <= 74.888 & HR <= 78.371) & TroponinI <= 67.697) | Bilirubin_direct >= 54.971)
",-9999999.000,-9999999.000,0.000,0.000,1.000,0,0,0,21,21,0,0,21,0.0,0.0,0.0,0.0,0.0,1.0,-1
"F[0,2](((HR <= 82.789 & Resp <= 16.813) & pH >= 9.584) | Bilirubin_total >= 3.321)
",-9999999.000,-9999999.000,0.000,0.000,1.000,0,0,0,21,21,0,0,21,0.0,0.0,0.0,0.0,0.0,1.0,-1
"F[1,2](MAP >= 32.369 | Resp <= 16.081)
",-9999999.000,-9999999.000,0.000,0.000,1.000,0,0,0,21,21,0,0,21,0.0,0.0,0.0,0.0,0.0,1.0,-1
"F[0,2](((SepsisLabel <= 0.000 & AST <= 0.000) & Phosphate >= 0.000) | Calcium <= 0.000)
",-9999999.000,-9999999.000,0.000,0.000,1.000,0,0,0,21,21,0,0,21,0.0,0.0,0.0,0.0,0.0,1.0,-1
"F[0,0]((SepsisLabel >= 0.000 | Potassium >= 0.174) | Bilirubin_direct <= 3.655)
",0.367,39.939,0.000,0.000,1.000,0,0,0,21,21,0,0,21,0.0,0.0,0.0,0.0,0.0,1.0,-1
"F[0,1](SBP <= 121.311 -> SepsisLabel = 0.000)
",-9999999.000,-9999999.000,0.000,0.000,1.000,0,0,0,21,21,0,0,21,0.0,0.0,0.0,0.0,0.0,1.0,-1
"F[0,1](BUN <= 2.226 & Calcium <= 7.448)
",-9999999.000,-9999999.000,0.000,0.000,1.000,0,0,0,21,21,0,0,21,0.0,0.0,0.0,0.0,0.0,1.0,-1
"F[1,2]((Platelets >= 10.963 | Potassium <= 3.531) -> Alkalinephos <= 1.764)
",-9999999.000,-9999999.000,0.000,0.000,1.000,0,0,0,21,21,0,0,21,0.0,0.0,0.0,0.0,0.0,1.0,-1
"((Creatinine <= 0.086) U[1,2] (Platelets >= 13.361))
",-9999999.000,-9999999.000,0.000,0.000,1.000,0,0,0,21,21,0,0,21,0.0,0.0,0.0,0.0,0.0,1.0,-1
"F[0,2](((Hct >= 1.773 & Potassium >= 0.086) -> PTT >= 0.061) & Hgb >= 0.099)
",-9999999.000,-9999999.000,0.000,0.000,1.000,0,0,0,21,21,0,0,21,0.0,0.0,0.0,0.0,0.0,1.0,-1
"((Hct >= 0.109) U[0,1] (Platelets <= 375.825))
",-9999999.000,-9999999.000,0.000,0.000,1.000,0,0,0,21,21,0,0,21,0.0,0.0,0.0,0.0,0.0,1.0,-1
"F[0,1](((Creatinine >= 0.017 | Potassium <= 3.081) & Phosphate >= 0.087) -> Platelets >= 0.076)
",-9999999.000,-9999999.000,0.000,0.000,1.000,0,0,0,21,21,0,0,21,0.0,0.0,0.0,0.0,0.0,1.0,-1
"((Potassium <= 3.650) U[0,2] (WBC <= 19.957))
",-9999999.000,-9999999.000,0.000,0.000,1.000,0,0,0,21,21,0,0,21,0.0,0.0,0.0,0.0,0.0,1.0,-1
"F[1,2](((Calcium <= 5.989 & Creatinine >= 0.001) -> WBC <= 0.263) -> TroponinI >= 0.018)
",-9999999.000,-9999999.000,0.000,0.000,1.000,0,0,0,21,21,0,0,21,0.0,0.0,0.0,0.0,0.0,1.0,-1
"F[0,1](((Creatinine >= 0.014 & Hct >= 1.537) | SaO2 <= 16.005) & BUN <= 15.210)
",-9999999.000,-9999999.000,0.000,0.000,1.000,0,0,0,21,21,0,0,21,0.0,0.0,0.0,0.0,0.0,1.0,-1
"((Lactate > 0.000) U[0,1] (SepsisLabel = 0.000))
",-9999999.000,-9999999.000,0.000,0.000,1.000,0,0,0,21,21,0,0,21,0.0,0.0,0.0,0.0,0.0,1.0,-1
"((SepsisLabel > 0.000) U[0,1] (SepsisLabel = 0.000))
",-9999999.000,-9999999.000,0.000,0.000,1.000,0,0,0,21,21,0,0,21,0.0,0.0,0.0,0.0,0.0,1.0,-1
"((HCO3 <= 0.000) U[0,2] (SepsisLabel = 0.000))
",-9999999.000,-9999999.000,0.000,0.000,1.000,0,0,0,21,21,0,0,21,0.0,0.0,0.0,0.0,0.0,1.0,-1
"F[2,2]((Phosphate >= 0.069 & Magnesium > 0.019) -> Calcium < 3.708)
",-3.708,-3.708,0.000,0.000,1.000,0,0,0,21,21,0,0,21,0.0,0.0,0.0,0.0,0.0,1.0,-1
"F[1,1](((Creatinine >= 0.010 & Phosphate >= 0.081) | Hgb <= 1.519) | Magnesium >= 0.008)
",6840195673000419.000,1.519,0.000,0.000,1.000,0,0,0,21,21,0,0,21,0.0,0.0,0.0,0.0,0.0,1.0,-1
"F[0,2](((Calcium < 5.164 & Potassium < 0.390) & Magnesium < 0.815) & Phosphate < 0.855)
",-9999999.000,-9999999.000,0.000,0.000,1.000,0,0,0,21,21,0,0,21,0.0,0.0,0.0,0.0,0.0,1.0,-1
"((MAP >= 71.795) U[0,2] (SBP <= 131.796))
",-9999999.000,-9999999.000,0.000,0.000,1.000,0,0,0,21,21,0,0,21,0.0,0.0,0.0,0.0,0.0,1.0,-1
"F[2,2](((BUN >= 0.083 -> Potassium <= 0.443) -> SaO2 >= 0.118) -> EtCO2 <= 1.333)
",-6001081674400270.000,-1.333,0.000,0.000,1.000,0,0,0,21,21,0,0,21,0.0,0.0,0.0,0.0,0.0,1.0,-1
"F[1,2](BUN >= 0.094 | Hct >= 0.946)
",-9999999.000,-9999999.000,0.000,0.000,1.000,0,0,0,21,21,0,0,21,0.0,0.0,0.0,0.0,0.0,1.0,-1
"F[1,2](((Alkalinephos >= 0.000 & MAP <= 87.947) & TroponinI >= 20.097) & Phosphate >= 23.997)
",-9999999.000,-9999999.000,0.000,0.000,1.000,0,0,0,21,21,0,0,21,0.0,0.0,0.0,0.0,0.0,1.0,-1
"F[0,1](((BUN <= 3.209 & Hgb >= 0.052) -> Fibrinogen <= 7.839) | pH <= 3.061)
",-9999999.000,-9999999.000,0.000,0.000,1.000,0,0,0,21,21,0,0,21,0.0,0.0,0.0,0.0,0.0,1.0,-1
"((Platelets > 10.080) U[0,1] (SepsisLabel = 0.000))
",-9999999.000,-9999999.000,0.000,0.000,1.000,0,0,0,21,21,0,0,21,0.0,0.0,0.0,0.0,0.0,1.0,-1
"F[0,1](Chloride >= 0.000 & SepsisLabel = 0.000)
",-9999999.000,-9999999.000,0.000,0.000,1.000,0,0,0,21,21,0,0,21,0.0,0.0,0.0,0.0,0.0,1.0,-1
"F[1,2](Hgb >= 0.103 -> SepsisLabel = 0.000)
",-9999999.000,-9999999.000,0.000,0.000,1.000,0,0,0,21,21,0,0,21,0.0,0.0,0.0,0.0,0.0,1.0,-1
"F[0,2](Potassium <= 2.431 -> SepsisLabel = 0.000)
",-9999999.000,-9999999.000,0.000,0.000,1.000,0,0,0,21,21,0,0,21,0.0,0.0,0.0,0.0,0.0,1.0,-1
"((Resp >= 12.515) U[0,0] (SepsisLabel = 0.000))
",3.680,53.711,0.000,0.000,1.000,0,0,0,21,21,0,0,21,0.0,0.0,0.0,0.0,0.0,1.0,-1
"F[0,2](Creatinine < 0.033 & SepsisLabel = 0.000)
",-9999999.000,-9999999.000,0.000,0.000,1.000,0,0,0,21,21,0,0,21,0.0,0.0,0.0,0.0,0.0,1.0,-1
"((BaseExcess >= 0.000) U[0,0] (SepsisLabel = 0.000))
",0.000,0.000,0.000,0.000,1.000,0,0,0,21,21,0,0,21,0.0,0.0,0.0,0.0,0.0,1.0,-1
"((Chloride >= 0.000) U[0,2] (SepsisLabel = 0.000))
",-9999999.000,-9999999.000,0.000,0.000,1.000,0,0,0,21,21,0,0,21,0.0,0.0,0.0,0.0,0.0,1.0,-1
"F[2,2](Magnesium >= 0.011 & SepsisLabel = 0.000)
",-6130855981175522.000,-0.011,0.000,0.000,1.000,0,0,0,21,21,0,0,21,0.0,0.0,0.0,0.0,0.0,1.0,-1
"F[0,2](Temp < 34.165 & SepsisLabel = 0.000)
",-9999999.000,-9999999.000,0.000,0.000,1.000,0,0,0,21,21,0,0,21,0.0,0.0,0.0,0.0,0.0,1.0,-1
"((HR < 78.144) U[2,2] (SepsisLabel = 0.000))
",5498880641406994.000,78.144,0.000,0.000,1.000,0,0,0,21,21,0,0,21,0.0,0.0,0.0,0.0,0.0,1.0,-1
"((TroponinI >= 0.000) U[1,2] (SepsisLabel = 0.000))
",-9999999.000,-9999999.000,0.000,0.000,1.000,0,0,0,21,21,0,0,21,0.0,0.0,0.0,0.0,0.0,1.0,-1
"((Platelets >= 10.998) U[0,1] (SepsisLabel = 0.000))
",-9999999.000,-9999999.000,0.000,0.000,1.000,0,0,0,21,21,0,0,21,0.0,0.0,0.0,0.0,0.0,1.0,-1
"F[1,1](Temp >= 2.106 -> SepsisLabel = 0.000)
",0.000,0.000,0.000,0.000,1.000,0,0,0,21,21,0,0,21,0.0,0.0,0.0,0.0,0.0,1.0,-1
"F[0,2]((Creatinine >= 0.014 -> Magnesium <= 1.208) | WBC >= 0.065)
",-9999999.000,-9999999.000,0.000,0.000,1.000,0,0,0,21,21,0,0,21,0.0,0.0,0.0,0.0,0.0,1.0,-1
"F[2,2](Hgb <= 3.038 | Hct <= 30.925)
",8704594516653218.000,30.925,0.000,0.000,1.000,0,0,0,21,21,0,0,21,0.0,0.0,0.0,0.0,0.0,1.0,-1
"((MAP >= 19.199) U[0,2] (SBP <= 120.774))
",-9999999.000,-9999999.000,0.000,0.000,1.000,0,0,0,21,21,0,0,21,0.0,0.0,0.0,0.0,0.0,1.0,-1
"F[1,2]((Phosphate >= 0.040 & Magnesium > 0.066) -> Calcium < 6.486)
",-9999999.000,-9999999.000,0.000,0.000,1.000,0,0,0,21,21,0,0,21,0.0,0.0,0.0,0.0,0.0,1.0,-1
"F[0,1](((Calcium < 5.361 & Potassium < 3.335) & Magnesium < 1.937) & Phosphate < 0.797)
",-9999999.000,-9999999.000,0.000,0.000,1.000,0,0,0,21,21,0,0,21,0.0,0.0,0.0,0.0,0.0,1.0,-1
"F[0,1](((Calcium < 3.280 & Potassium < 0.930) & Magnesium < 0.717) & Phosphate < 0.656)
",-9999999.000,-9999999.000,0.000,0.000,1.000,0,0,0,21,21,0,0,21,0.0,0.0,0.0,0.0,0.0,1.0,-1
"F[1,2]((Calcium <= 6.517 & Potassium <= 0.335) & Magnesium >= 0.050)
",-9999999.000,-9999999.000,0.000,0.000,1.000,0,0,0,21,21,0,0,21,0.0,0.0,0.0,0.0,0.0,1.0,-1
"F[1,2](Hgb <= 3.990 | Hct <= 2.530)
",-9999999.000,-9999999.000,0.000,0.000,1.000,0,0,0,21,21,0,0,21,0.0,0.0,0.0,0.0,0.0,1.0,-1
"((MAP >= 82.826) U[0,2] (SBP <= 127.056))
",-9999999.000,-9999999.000,0.000,0.000,1.000,0,0,0,21,21,0,0,21,0.0,0.0,0.0,0.0,0.0,1.0,-1
"F[0,1]((Phosphate >= 0.013 & Magnesium > 0.064) -> Calcium < 4.540)
",-9999999.000,-9999999.000,0.000,0.000,1.000,0,0,0,21,21,0,0,21,0.0,0.0,0.0,0.0,0.0,1.0,-1
"F[1,2](((Calcium < 6.518 & Potassium < 1.911) & Magnesium < 0.530) & Phosphate < 0.298)
",-9999999.000,-9999999.000,0.000,0.000,1.000,0,0,0,21,21,0,0,21,0.0,0.0,0.0,0.0,0.0,1.0,-1
"F[2,2]((Calcium <= 4.066 & Potassium <= 1.269) & Magnesium >= 0.034)
",-0.034,-0.034,0.000,0.000,1.000,0,0,0,21,21,0,0,21,0.0,0.0,0.0,0.0,0.0,1.0,-1
"F[1,2](Hgb <= 3.111 | Hct <= 21.853)
",-9999999.000,-9999999.000,0.000,0.000,1.000,0,0,0,21,21,0,0,21,0.0,0.0,0.0,0.0,0.0,1.0,-1
"((MAP >= 21.766) U[0,2] (SBP <= 113.074))
",-9999999.000,-9999999.000,0.000,0.000,1.000,0,0,0,21,21,0,0,21,0.0,0.0,0.0,0.0,0.0,1.0,-1
"F[1,2]((Phosphate >= 0.079 & Magnesium > 0.034) -> Calcium < 4.678)
",-9999999.000,-9999999.000,0.000,0.000,1.000,0,0,0,21,21,0,0,21,0.0,0.0,0.0,0.0,0.0,1.0,-1
"F[0,1](((Calcium < 2.127 & Potassium < 1.246) & Magnesium < 0.461) & Phosphate < 0.098)
",-9999999.000,-9999999.000,0.000,0.000,1.000,0,0,0,21,21,0,0,21,0.0,0.0,0.0,0.0,0.0,1.0,-1
"F[0,2]((Calcium <= 5.843 & Potassium <= 3.654) & Magnesium >= 0.067)
",-9999999.000,-9999999.000,0.000,0.000,1.000,0,0,0,21,21,0,0,21,0.0,0.0,0.0,0.0,0.0,1.0,-1
"((Hct <= 10.413) U[0,2] (Magnesium >= 0.062))
",-9999999.000,-9999999.000,0.000,0.000,1.000,0,0,0,21,21,0,0,21,0.0,0.0,0.0,0.0,0.0,1.0,-1
"F[0,0]((MAP >= 55.646 -> SBP >= 32.011) & Temp <= 132.760)
",-2.361,-56.036,0.000,0.000,1.000,0,0,0,21,21,0,0,21,0.0,0.0,0.0,0.0,0.0,1.0,-1
"F[1,2](EtCO2 >= 0.000 | Hgb <= 6.627)
",-9999999.000,-9999999.000,0.000,0.000,1.000,0,0,0,21,21,0,0,21,0.0,0.0,0.0,0.0,0.0,1.0,-1
"F[2,2]((Phosphate >= 0.074 & Magnesium > 0.071) -> Calcium < 5.565)
",-5.565,-5.565,0.000,0.000,1.000,0,0,0,21,21,0,0,21,0.0,0.0,0.0,0.0,0.0,1.0,-1
"((MAP >= 18.713) U[0,1] (SBP <= 128.558))
",-9999999.000,-9999999.000,0.000,0.000,1.000,0,0,0,21,21,0,0,21,0.0,0.0,0.0,0.0,0.0,1.0,-1
"F[0,1](Hgb <= 7.059 | Hct <= 6.026)
",-9999999.000,-9999999.000,0.000,0.000,1.000,0,0,0,21,21,0,0,21,0.0,0.0,0.0,0.0,0.0,1.0,-1
"F[1,2]((Calcium <= 3.794 & Potassium <= 3.128) & Magnesium >= 0.033)
",-9999999.000,-9999999.000,0.000,0.000,1.000,0,0,0,21,21,0,0,21,0.0,0.0,0.0,0.0,0.0,1.0,-1
"F[0,1](Hgb <= 2.575 | Hct <= 24.159)
",-9999999.000,-9999999.000,0.000,0.000,1.000,0,0,0,21,21,0,0,21,0.0,0.0,0.0,0.0,0.0,1.0,-1
"((MAP >= 75.796) U[2,2] (SBP <= 120.109))
",8451937120873773.000,120.109,0.000,0.000,1.000,0,0,0,21,21,0,0,21,0.0,0.0,0.0,0.0,0.0,1.0,-1
"F[2,2](Hgb <= 5.985 | Hct <= 37.668)
",5301238144794802.000,37.668,0.000,0.000,1.000,0,0,0,21,21,0,0,21,0.0,0.0,0.0,0.0,0.0,1.0,-1
"F[0,2]((Calcium <= 8.115 & Potassium <= 3.117) & Magnesium >= 0.038)
",-9999999.000,-9999999.000,0.000,0.000,1.000,0,0,0,21,21,0,0,21,0.0,0.0,0.0,0.0,0.0,1.0,-1
"((MAP >= 26.510) U[0,0] (SBP <= 132.294))
",7.871,121.103,0.000,0.000,1.000,0,0,0,21,21,0,0,21,0.0,0.0,0.0,0.0,0.0,1.0,-1
"F[2,2]((Phosphate >= 0.043 & Magnesium > 0.005) -> Calcium < 5.440)
",-5.440,-5.440,0.000,0.000,1.000,0,0,0,21,21,0,0,21,0.0,0.0,0.0,0.0,0.0,1.0,-1
"F[2,2](Hgb <= 7.573 | Hct <= 8.455)
",8.455,8.455,0.000,0.000,1.000,0,0,0,21,21,0,0,21,0.0,0.0,0.0,0.0,0.0,1.0,-1
"F[1,2](Hgb <= 5.048 | Hct <= 4.783)
",-9999999.000,-9999999.000,0.000,0.000,1.000,0,0,0,21,21,0,0,21,0.0,0.0,0.0,0.0,0.0,1.0,-1
"((MAP >= 56.076) U[2,2] (SBP <= 127.101))
",4471954253580913.500,127.101,0.000,0.000,1.000,0,0,0,21,21,0,0,21,0.0,0.0,0.0,0.0,0.0,1.0,-1
"F[2,2]((Phosphate >= 0.030 & Magnesium > 0.078) -> Calcium < 6.150)
",-6.150,-6.150,0.000,0.000,1.000,0,0,0,21,21,0,0,21,0.0,0.0,0.0,0.0,0.0,1.0,-1
"F[0,1](((Calcium < 1.300 & Potassium < 0.240) & Magnesium < 1.676) & Phosphate < 0.677)
",-9999999.000,-9999999.000,0.000,0.000,1.000,0,0,0,21,21,0,0,21,0.0,0.0,0.0,0.0,0.0,1.0,-1
"F[0,2](Hgb <= 9.724 | Hct <= 14.739)
",-9999999.000,-9999999.000,0.000,0.000,1.000,0,0,0,21,21,0,0,21,0.0,0.0,0.0,0.0,0.0,1.0,-1
"F[1,2]((Calcium <= 2.841 & Potassium <= 1.111) & Magnesium >= 0.002)
",-9999999.000,-9999999.000,0.000,0.000,1.000,0,0,0,21,21,0,0,21,0.0,0.0,0.0,0.0,0.0,1.0,-1
"F[0,2](((Calcium < 6.028 & Potassium < 1.163) & Magnesium < 1.735) & Phosphate < 2.178)
",-9999999.000,-9999999.000,0.000,0.000,1.000,0,0,0,21,21,0,0,21,0.0,0.0,0.0,0.0,0.0,1.0,-1
"F[0,2]((Hct >= 0.348 & SBP >= 19.280) | Magnesium <= 128.321)
",-9999999.000,-9999999.000,0.000,0.000,1.000,0,0,0,21,21,0,0,21,0.0,0.0,0.0,0.0,0.0,1.0,-1
"F[0,0](((Fibrinogen <= 0.000 & Temp >= 7.291) -> Hgb >= 7.388) | Magnesium <= 27.867)
",3921989513123421.500,27.867,0.000,0.000,1.000,0,0,0,21,21,0,0,21,0.0,0.0,0.0,0.0,0.0,1.0,-1
"F[1,2](Creatinine >= 0.006 | Fibrinogen <= 0.000)
",-9999999.000,-9999999.000,0.000,0.000,1.000,0,0,0,21,21,0,0,21,0.0,0.0,0.0,0.0,0.0,1.0,-1
"G[1,2](Fibrinogen > 0.000 -> SepsisLabel = 0.000)
",9999999.000,9999999.000,0.000,1.000,0.000,0,0,21,0,0,21,21,0,0.0,0.0,1.0,0.0,0.0,1.0,1
"G[0,2](((Calcium >= 0.024 & Hgb >= 0.214) & TroponinI >= 0.480) -> Lactate >= 0.357)
",9999999.000,9999999.000,0.000,1.000,0.000,0,0,21,0,0,21,21,0,0.0,0.0,1.0,0.0,0.0,1.0,1
"G[1,2](((Hgb <= 8.087 | Platelets >= 10.222) | Calcium >= 10.548) -> Alkalinephos <= 170.224)
",9999999.000,9999999.000,0.000,1.000,0.000,0,0,21,0,0,21,21,0,0.0,0.0,1.0,0.0,0.0,1.0,1
"G[0,2]((Calcium >= 0.274 | Hct <= 6.031) -> Chloride <= 37.527)
",9999999.000,9999999.000,0.000,1.000,0.000,0,0,21,0,0,21,21,0,0.0,0.0,1.0,0.0,0.0,1.0,1
"G[2,2](((Calcium >= 0.070 | Potassium <= 0.882) -> PaCO2 >= 0.129) & AST <= 2.280)
",-0.882,-0.882,0.000,1.000,0.000,0,0,21,0,0,21,21,0,0.0,0.0,1.0,0.0,0.0,1.0,1
"G[0,2](((Creatinine >= 0.013 & Hgb >= 0.455) -> Calcium <= 9.044) | Phosphate >= 0.259)
",9999999.000,9999999.000,0.000,1.000,0.000,0,0,21,0,0,21,21,0,0.0,0.0,1.0,0.0,0.0,1.0,1
"G[0,2]((Hct >= 0.329 & Hgb <= 11.015) & SaO2 <= 12.581)
",9999999.000,9999999.000,0.000,1.000,0.000,0,0,0,21,21,0,0,21,0.0,0.0,0.0,0.0,0.0,1.0,1
"G[1,2](DBP >= 39.058 & SepsisLabel = 0.000)
",9999999.000,9999999.000,0.000,1.000,0.000,0,0,20,1,1,20,20,1,0.0,0.0,1.0,0.0,0.0,1.0,1
"G[0,2](MAP >= 35.087 -> SepsisLabel = 0.000)
",9999999.000,9999999.000,0.000,1.000,0.000,0,0,21,0,0,21,21,0,0.0,0.0,1.0,0.0,0.0,1.0,1
"G[1,2](PaCO2 < 0.000 -> SepsisLabel = 0.000)
",9999999.000,9999999.000,0.000,1.000,0.000,0,0,21,0,0,21,21,0,0.0,0.0,1.0,0.0,0.0,1.0,1
"G[1,2](Bilirubin_total <= 0.000 -> SepsisLabel = 0.000)
",9999999.000,9999999.000,0.000,1.000,0.000,0,0,21,0,0,21,21,0,0.0,0.0,1.0,0.0,0.0,1.0,1
"G[0,2](PaCO2 <= 0.000 -> SepsisLabel = 0.000)
",9999999.000,9999999.000,0.000,1.000,0.000,0,0,21,0,0,21,21,0,0.0,0.0,1.0,0.0,0.0,1.0,1
"G[1,2](Glucose < 146.532 & SepsisLabel = 0.000)
",9999999.000,9999999.000,0.000,1.000,0.000,0,0,21,0,0,21,21,0,0.0,0.0,1.0,0.0,0.0,1.0,1
"G[1,2](Calcium > 0.376 -> SepsisLabel = 0.000)
",9999999.000,9999999.000,0.000,1.000,0.000,0,0,21,0,0,21,21,0,0.0,0.0,1.0,0.0,0.0,1.0,1
"G[2,2](Creatinine >= 0.015 -> WBC >= 0.071)
",0.015,0.015,0.000,1.000,0.000,0,0,21,0,0,21,21,0,0.0,0.0,1.0,0.0,0.0,1.0,1
"G[0,2](BUN <= 0.676 & SepsisLabel = 0.000)
",9999999.000,9999999.000,0.000,1.000,0.000,0,0,19,2,2,19,19,2,0.0,0.0,1.0,0.0,0.0,1.0,1
"G[1,2](BUN > 0.246 -> SepsisLabel = 0.000)
",9999999.000,9999999.000,0.000,1.000,0.000,0,0,21,0,0,21,21,0,0.0,0.0,1.0,0.0,0.0,1.0,1
"G[1,2](WBC <= 4.107 & SepsisLabel = 0.000)
",9999999.000,9999999.000,0.000,1.000,0.000,0,0,20,1,1,20,20,1,0.0,0.0,1.0,0.0,0.0,1.0,1
"G[0,2](Temp < 32.995 -> SepsisLabel = 0.000)
",9999999.000,9999999.000,0.000,1.000,0.000,0,0,21,0,0,21,21,0,0.0,0.0,1.0,0.0,0.0,1.0,1
"G[1,2](((Resp >= 8.560 -> Creatinine >= 0.007) | O2Sat <= 0.208) & WBC >= 0.009)
",9999999.000,9999999.000,0.000,1.000,0.000,0,0,2,19,19,2,2,19,0.0,0.0,1.0,0.0,0.0,1.0,1
"G[1,2](((Hgb <= 1.465 -> Platelets >= 12.599) & PaCO2 <= 256.247) -> TroponinI <= 346.785)
",9999999.000,9999999.000,0.000,1.000,0.000,0,0,21,0,0,21,21,0,0.0,0.0,1.0,0.0,0.0,1.0,1
"G[0,1]((Potassium >= 0.119 -> DBP >= 3.481) -> Alkalinephos >= 10.910)
",9999999.000,9999999.000,0.000,1.000,0.000,0,0,0,21,21,0,0,21,0.0,0.0,0.0,0.0,0.0,1.0,1
"G[2,2](((O2Sat <= 92.255 & Potassium <= 2.942) -> SBP >= 0.165) | SBP >= 0.169)
",-6105283729124532.000,-0.169,0.000,1.000,0.000,0,0,21,0,0,21,21,0,0.0,0.0,1.0,0.0,0.0,1.0,1
"G[0,2](((SepsisLabel <= 0.000 -> BUN >= 0.091) & Hct <= 1.942) & Alkalinephos <= 1.327)
",9999999.000,9999999.000,0.000,1.000,0.000,0,0,0,21,21,0,0,21,0.0,0.0,0.0,0.0,0.0,1.0,1
"G[0,2](((PTT >= 0.000 & EtCO2 >= 0.000) & Fibrinogen >= 0.000) -> Hgb >= 0.000)
",9999999.000,9999999.000,0.000,1.000,0.000,0,0,21,0,0,21,21,0,0.0,0.0,1.0,0.0,0.0,1.0,1
"G[1,2](TroponinI <= 0.000 -> pH >= 0.000)
",9999999.000,9999999.000,0.000,1.000,0.000,0,0,21,0,0,21,21,0,0.0,0.0,1.0,0.0,0.0,1.0,1
"G[1,1]((DBP >= 11.219 & BUN >= 0.096) & Lactate >= 0.050)
",-11.219,-11.219,0.000,1.000,0.000,0,0,1,20,20,1,1,20,0.0,0.0,1.0,0.0,0.0,1.0,1
"G[0,2](((Hgb >= 0.172 & Potassium >= 0.129) | Hgb >= 0.160) & Platelets <= 1.506)
",9999999.000,9999999.000,0.000,1.000,0.000,0,0,0,21,21,0,0,21,0.0,0.0,0.0,0.0,0.0,1.0,1
"G[1,2](Hgb <= 11.575 | WBC <= 24.405)
",9999999.000,9999999.000,0.000,1.000,0.000,0,0,20,1,1,20,20,1,0.0,0.0,1.0,0.0,0.0,1.0,1
"G[1,2]((Bilirubin_direct >= 0.000 | BaseExcess <= 0.000) | SepsisLabel <= 0.000)
",9999999.000,9999999.000,0.000,1.000,0.000,0,0,21,0,0,21,21,0,0.0,0.0,1.0,0.0,0.0,1.0,1
"G[0,1](((Hgb <= 7.503 | Hct <= 17.315) -> WBC >= 0.414) & Platelets >= 17.471)
",9999999.000,9999999.000,0.000,1.000,0.000,0,0,0,21,21,0,0,21,0.0,0.0,0.0,0.0,0.0,1.0,1
"G[1,2](BUN <= 1.467 & Creatinine >= 0.008)
",9999999.000,9999999.000,0.000,1.000,0.000,0,0,1,20,20,1,1,20,0.0,0.0,1.0,0.0,0.0,1.0,1
"G[0,1](Platelets <= 44.151 -> WBC >= 1.112)
",9999999.000,9999999.000,0.000,1.000,0.000,0,0,0,21,21,0,0,21,0.0,0.0,0.0,0.0,0.0,1.0,1
"G[1,2](Chloride >= 0.000 & HCO3 >= 0.000)
",9999999.000,9999999.000,0.000,1.000,0.000,0,0,21,0,0,21,21,0,0.0,0.0,1.0,0.0,0.0,1.0,1
"G[0,2](((Hgb <= 9.217 | Hct <= 16.141) -> WBC >= 0.146) & Platelets >= 7.460)
",9999999.000,9999999.000,0.000,1.000,0.000,0,0,0,21,21,0,0,21,0.0,0.0,0.0,0.0,0.0,1.0,1
"G[0,1](BUN <= 5.687 & Creatinine >= 0.003)
",9999999.000,9999999.000,0.000,1.000,0.000,0,0,0,21,21,0,0,21,0.0,0.0,0.0,0.0,0.0,1.0,1
"G[0,1](Platelets <= 33.662 -> WBC >= 0.090)
",9999999.000,9999999.000,0.000,1.000,0.000,0,0,0,21,21,0,0,21,0.0,0.0,0.0,0.0,0.0,1.0,1
"G[0,2](BUN <= 3.805 & Creatinine >= 0.012)
",9999999.000,9999999.000,0.000,1.000,0.000,0,0,0,21,21,0,0,21,0.0,0.0,0.0,0.0,0.0,1.0,1
"G[1,2](Platelets <= 141.489 -> WBC >= 0.382)
",9999999.000,9999999.000,0.000,1.000,0.000,0,0,2,19,19,2,2,19,0.0,0.0,1.0,0.0,0.0,1.0,1
"G[2,2](Chloride >= 0.000 & HCO3 >= 0.000)
",0.000,0.000,0.000,1.000,0.000,0,0,21,0,0,21,21,0,0.0,0.0,1.0,0.0,0.0,1.0,1
"G[0,2](BUN <= 2.103 & Creatinine >= 0.007)
",9999999.000,9999999.000,0.000,1.000,0.000,0,0,0,21,21,0,0,21,0.0,0.0,0.0,0.0,0.0,1.0,1
"G[1,2](Platelets <= 133.871 -> WBC >= 0.548)
",9999999.000,9999999.000,0.000,1.000,0.000,0,0,2,19,19,2,2,19,0.0,0.0,1.0,0.0,0.0,1.0,1
"G[0,1](BUN <= 4.803 & Creatinine >= 0.003)
",9999999.000,9999999.000,0.000,1.000,0.000,0,0,0,21,21,0,0,21,0.0,0.0,0.0,0.0,0.0,1.0,1
"G[1,2](BUN <= 4.950 & Creatinine >= 0.000)
",9999999.000,9999999.000,0.000,1.000,0.000,0,0,20,1,1,20,20,1,0.0,0.0,1.0,0.0,0.0,1.0,1
"G[1,2](((Magnesium <= 1.398 & WBC <= 21.490) & TroponinI <= 21.291) & HR >= 0.633)
",9999999.000,9999999.000,0.000,1.000,0.000,0,0,19,2,2,19,19,2,0.0,0.0,1.0,0.0,0.0,1.0,1
"G[0,1](Platelets <= 106.118 -> WBC >= 0.899)
",9999999.000,9999999.000,0.000,1.000,0.000,0,0,0,21,21,0,0,21,0.0,0.0,0.0,0.0,0.0,1.0,1
"G[0,0](BUN <= 3.981 & Creatinine >= 0.014)
",-8231720270527965.000,-0.014,0.000,1.000,0.000,0,0,0,21,21,0,0,21,0.0,0.0,0.0,0.0,0.0,1.0,1
"G[0,1](((Hgb <= 1.531 | Hct <= 13.214) -> WBC >= 1.057) & Platelets >= 16.324)
",9999999.000,9999999.000,0.000,1.000,0.000,0,0,0,21,21,0,0,21,0.0,0.0,0.0,0.0,0.0,1.0,1
"G[1,2](((Hgb <= 2.013 | Hct <= 31.749) -> WBC >= 0.500) & Platelets >= 17.264)
",9999999.000,9999999.000,0.000,1.000,0.000,0,0,2,19,19,2,2,19,0.0,0.0,1.0,0.0,0.0,1.0,1
"G[0,2](BUN <= 5.533 & Creatinine >= 0.003)
",9999999.000,9999999.000,0.000,1.000,0.000,0,0,0,21,21,0,0,21,0.0,0.0,0.0,0.0,0.0,1.0,1
"G[0,2](SBP < 122.591 -> SepsisLabel = 0.000)
",9999999.000,9999999.000,0.000,1.000,0.000,0,0,21,0,0,21,21,0,0.0,0.0,1.0,0.0,0.0,1.0,1
"G[1,1](PTT > 0.000 & SepsisLabel = 0.000)
",0.000,0.000,0.000,1.000,0.000,0,0,1,20,20,1,1,20,0.0,0.0,1.0,0.0,0.0,1.0,1
"G[0,2](Phosphate <= 0.171 & WBC <= 13.939)
",9999999.000,9999999.000,0.000,1.000,0.000,0,0,19,2,2,19,19,2,0.0,0.0,1.0,0.0,0.0,1.0,1
"G[0,1](((Hct <= 24.769 -> Phosphate >= 0.083) & Glucose >= 0.062) & Platelets >= 0.048)
",9999999.000,9999999.000,0.000,1.000,0.000,0,0,0,21,21,0,0,21,0.0,0.0,0.0,0.0,0.0,1.0,1
"G[0,1]((Phosphate >= 0.070 -> Platelets >= 11.123) & Phosphate >= 15.861)
",9999999.000,9999999.000,0.000,1.000,0.000,0,0,0,21,21,0,0,21,0.0,0.0,0.0,0.0,0.0,1.0,1
"G[2,2](Calcium >= 0.384 | Magnesium >= 0.019)
",-5399053170471749.000,-0.019,0.000,1.000,0.000,0,0,21,0,0,21,21,0,0.0,0.0,1.0,0.0,0.0,1.0,1
"G[1,2](((Magnesium <= 0.540 & Potassium >= 0.116) & Chloride >= 0.035) & Temp <= 0.595)
",9999999.000,9999999.000,0.000,1.000,0.000,0,0,1,20,20,1,1,20,0.0,0.0,1.0,0.0,0.0,1.0,1
"G[0,2]((SaO2 <= 0.000 & Hct >= 1.531) | SaO2 <= 28.441)
",9999999.000,9999999.000,0.000,1.000,0.000,0,0,21,0,0,21,21,0,0.0,0.0,1.0,0.0,0.0,1.0,1
"G[1,2]((Lactate >= 0.000 | EtCO2 >= 0.000) | PTT <= 0.000)
",9999999.000,9999999.000,0.000,1.000,0.000,0,0,21,0,0,21,21,0,0.0,0.0,1.0,0.0,0.0,1.0,1
"F[2,2](((SBP >= 90.202 -> Fibrinogen >= 0.000) & Chloride >= 0.000) -> Calcium >= 0.000)
",0.000,0.000,0.000,0.000,1.000,0,0,0,21,21,0,0,21,0.0,0.0,0.0,0.0,0.0,1.0,-1
"G[1,2]((SepsisLabel <= 0.000 & Potassium >= 0.110) -> AST >= 0.118)
",9999999.000,9999999.000,0.000,1.000,0.000,0,0,20,1,1,20,20,1,0.0,0.0,1.0,0.0,0.0,1.0,1
"G[1,2](((Hgb <= 9.629 & Hgb <= 2.014) & MAP >= 0.051) -> EtCO2 <= 6.100)
",9999999.000,9999999.000,0.000,1.000,0.000,0,0,21,0,0,21,21,0,0.0,0.0,1.0,0.0,0.0,1.0,1
"G[2,2]((HCO3 <= 0.000 -> Potassium <= 3.700) -> Temp >= 0.051)
",7390215993357602.000,0.051,0.000,1.000,0.000,0,0,21,0,0,21,21,0,0.0,0.0,1.0,0.0,0.0,1.0,1
"G[1,2]((Chloride >= 0.000 -> Magnesium <= 1.190) | O2Sat >= 0.031)
",9999999.000,9999999.000,0.000,1.000,0.000,0,0,21,0,0,21,21,0,0.0,0.0,1.0,0.0,0.0,1.0,1
"G[1,2]((Chloride <= 0.000 | Glucose <= 83.663) -> Platelets <= 106.396)
",9999999.000,9999999.000,0.000,1.000,0.000,0,0,20,1,1,20,20,1,0.0,0.0,1.0,0.0,0.0,1.0,1
"G[2,2]((Creatinine >= 0.009 -> Hgb >= 0.435) -> Alkalinephos >= 0.046)
",-5025014858366866.000,-0.009,0.000,1.000,0.000,0,0,21,0,0,21,21,0,0.0,0.0,1.0,0.0,0.0,1.0,1
"G[1,2](Potassium <= 1.893 | Lactate <= 0.000)
",9999999.000,9999999.000,0.000,1.000,0.000,0,0,21,0,0,21,21,0,0.0,0.0,1.0,0.0,0.0,1.0,1
"G[1,2](((DBP >= 4.922 -> SaO2 >= 0.000) | Lactate <= 0.000) | Hct >= 0.000)
",9999999.000,9999999.000,0.000,1.000,0.000,0,0,21,0,0,21,21,0,0.0,0.0,1.0,0.0,0.0,1.0,1
"G[1,2]((SBP >= 27.042 -> MAP >= 24.763) | PaCO2 >= 51.093)
",9999999.000,9999999.000,0.000,1.000,0.000,0,0,21,0,0,21,21,0,0.0,0.0,1.0,0.0,0.0,1.0,1
"G[0,2](((AST <= 0.000 -> pH <= 0.000) -> Calcium <= 0.000) -> Creatinine >= 0.000)
",9999999.000,9999999.000,0.000,1.000,0.000,0,0,21,0,0,21,21,0,0.0,0.0,1.0,0.0,0.0,1.0,1
"G[0,2]((Hgb <= 3.451 | Platelets >= 17.287) -> Resp >= 12.927)
",9999999.000,9999999.000,0.000,1.000,0.000,0,0,19,2,2,19,19,2,0.0,0.0,1.0,0.0,0.0,1.0,1
"G[0,2](Chloride >= 0.000 & HCO3 >= 0.000)
",9999999.000,9999999.000,0.000,1.000,0.000,0,0,21,0,0,21,21,0,0.0,0.0,1.0,0.0,0.0,1.0,1
"G[1,2]((SepsisLabel >= 0.000 -> Potassium <= 3.388) -> Calcium <= 1.615)
",9999999.000,9999999.000,0.000,1.000,0.000,0,0,21,0,0,21,21,0,0.0,0.0,1.0,0.0,0.0,1.0,1
"G[0,1](((Bilirubin_total <= 0.000 & DBP <= 83.255) & PaCO2 >= 64.834) & HCO3 >= 41.318)
",9999999.000,9999999.000,0.000,1.000,0.000,0,0,0,21,21,0,0,21,0.0,0.0,0.0,0.0,0.0,1.0,1
"G[0,2](((TroponinI >= 0.000 -> AST >= 0.000) & AST <= 0.000) | Creatinine <= 0.000)
",9999999.000,9999999.000,0.000,1.000,0.000,0,0,21,0,0,21,21,0,0.0,0.0,1.0,0.0,0.0,1.0,1
"G[1,2]((Calcium <= 2.763 | Platelets <= 305.995) & SBP >= 14.741)
",9999999.000,9999999.000,0.000,1.000,0.000,0,0,19,2,2,19,19,2,0.0,0.0,1.0,0.0,0.0,1.0,1
"G[0,2](((MAP <= 90.109 -> AST >= 0.000) -> Chloride <= 0.000) -> BaseExcess >= 0.000)
",9999999.000,9999999.000,0.000,1.000,0.000,0,0,21,0,0,21,21,0,0.0,0.0,1.0,0.0,0.0,1.0,1
"G[1,2]((TroponinI >= 0.000 -> Alkalinephos <= 0.000) | MAP <= 0.000)
",9999999.000,9999999.000,0.000,1.000,0.000,0,0,21,0,0,21,21,0,0.0,0.0,1.0,0.0,0.0,1.0,1
"G[2,2](Resp >= 11.561 | Calcium >= 0.069)
",-4970823253077406.000,-0.069,0.000,1.000,0.000,0,0,21,0,0,21,21,0,0.0,0.0,1.0,0.0,0.0,1.0,1
"G[0,2]((TroponinI <= 0.000 | WBC <= 19.081) -> Hgb <= 7.069)
",9999999.000,9999999.000,0.000,1.000,0.000,0,0,19,2,2,19,19,2,0.0,0.0,1.0,0.0,0.0,1.0,1
"G[1,2]((Temp <= 30.444 & Calcium <= 7.303) -> Hct <= 8.300)
",9999999.000,9999999.000,0.000,1.000,0.000,0,0,21,0,0,21,21,0,0.0,0.0,1.0,0.0,0.0,1.0,1
"G[0,0]((Bilirubin_total >= 0.000 & Platelets <= 245.918) & SepsisLabel >= 5.336)
",-1.635,-4.432,0.000,1.000,0.000,0,0,0,21,21,0,0,21,0.0,0.0,0.0,0.0,0.0,1.0,1
"G[1,2](((pH <= 0.000 -> PTT >= 0.000) | O2Sat <= 0.000) & Platelets <= 0.000)
",9999999.000,9999999.000,0.000,1.000,0.000,0,0,20,1,1,20,20,1,0.0,0.0,1.0,0.0,0.0,1.0,1
"G[1,2]((Calcium <= 5.486 & DBP >= 48.660) | Platelets >= 6.118)
",9999999.000,9999999.000,0.000,1.000,0.000,0,0,20,1,1,20,20,1,0.0,0.0,1.0,0.0,0.0,1.0,1
"G[0,2](Temp >= 8.092 & TroponinI >= 0.000)
",9999999.000,9999999.000,0.000,1.000,0.000,0,0,1,20,20,1,1,20,0.0,0.0,1.0,0.0,0.0,1.0,1
"G[0,2]((DBP <= 73.139 & BaseExcess <= 0.000) | WBC >= 0.000)
",9999999.000,9999999.000,0.000,1.000,0.000,0,0,21,0,0,21,21,0,0.0,0.0,1.0,0.0,0.0,1.0,1
"G[0,1](((SaO2 >= 0.000 | WBC >= 0.241) -> Resp <= 8.116) & PaCO2 >= 1.018)
",9999999.000,9999999.000,0.000,1.000,0.000,0,0,0,21,21,0,0,21,0.0,0.0,0.0,0.0,0.0,1.0,1
"G[0,2](BUN >= 0.113 -> Glucose <= 72.111)
",9999999.000,9999999.000,0.000,1.000,0.000,0,0,19,2,2,19,19,2,0.0,0.0,1.0,0.0,0.0,1.0,1
"G[2,2](((HCO3 <= 0.000 | PTT <= 0.000) | Lactate >= 0.000) & HR >= 0.000)
",0.000,0.000,0.000,1.000,0.000,0,0,21,0,0,21,21,0,0.0,0.0,1.0,0.0,0.0,1.0,1
"G[0,2]((SaO2 >= 0.000 -> DBP >= 55.536) -> DBP <= 83.509)
",9999999.000,9999999.000,0.000,1.000,0.000,0,0,17,4,4,17,17,4,0.0,0.0,1.0,0.0,0.0,1.0,1
"G[1,2]((Magnesium >= 0.029 -> Hgb >= 0.359) | PaCO2 <= 12.502)
",9999999.000,9999999.000,0.000,1.000,0.000,0,0,21,0,0,21,21,0,0.0,0.0,1.0,0.0,0.0,1.0,1
"G[0,2](((Creatinine >= 0.009 -> FiO2 <= 0.000) | Fibrinogen <= 0.000) & PTT <= 0.000)
",9999999.000,9999999.000,0.000,1.000,0.000,0,0,21,0,0,21,21,0,0.0,0.0,1.0,0.0,0.0,1.0,1
"G[0,2](((BaseExcess <= 0.000 | Calcium >= 0.116) -> AST <= 6.323) | MAP <= 1.836)
",9999999.000,9999999.000,0.000,1.000,0.000,0,0,21,0,0,21,21,0,0.0,0.0,1.0,0.0,0.0,1.0,1
"G[1,2]((Temp >= 2.234 & Hgb >= 0.504) -> Chloride >= 0.451)
",9999999.000,9999999.000,0.000,1.000,0.000,0,0,21,0,0,21,21,0,0.0,0.0,1.0,0.0,0.0,1.0,1
"G[2,2]((pH >= 0.000 | Glucose >= 21.571) | Potassium <= 104.954)
",104.954,104.954,0.000,1.000,0.000,0,0,21,0,0,21,21,0,0.0,0.0,1.0,0.0,0.0,1.0,1
"G[2,2](((Alkalinephos >= 0.000 -> Temp >= 7.148) | MAP >= 3.361) -> Fibrinogen <= 33.309)
",-2343887116391821.000,-33.309,0.000,1.000,0.000,0,0,21,0,0,21,21,0,0.0,0.0,1.0,0.0,0.0,1.0,1
"G[1,1](((Platelets <= 62.311 -> Calcium >= 0.330) -> TroponinI <= 5.249) & BaseExcess >= 0.072)
",-5909749401493317.000,-5.249,0.000,1.000,0.000,0,0,1,20,20,1,1,20,0.0,0.0,1.0,0.0,0.0,1.0,1
"G[2,2](Hct >= 0.304 & Potassium <= 0.488)
",-5475993253154731.000,-0.304,0.000,1.000,0.000,0,0,21,0,0,21,21,0,0.0,0.0,1.0,0.0,0.0,1.0,1
"G[0,2]((Resp >= 8.175 -> Magnesium >= 0.089) -> MAP <= 1.333)
",9999999.000,9999999.000,0.000,1.000,0.000,0,0,19,2,2,19,19,2,0.0,0.0,1.0,0.0,0.0,1.0,1
"G[0,2](((DBP >= 58.256 & BUN <= 0.858) | SepsisLabel <= 4.911) -> Calcium <= 1.806)
",9999999.000,9999999.000,0.000,1.000,0.000,0,0,19,2,2,19,19,2,0.0,0.0,1.0,0.0,0.0,1.0,1
"G[0,0](((BUN >= 0.127 & Magnesium >= 0.018) & Platelets <= 1.483) & Alkalinephos >= 0.087)
",-0.127,-0.127,0.000,1.000,0.000,0,0,0,21,21,0,0,21,0.0,0.0,0.0,0.0,0.0,1.0,1
"G[0,2](((Lactate <= 0.000 -> SepsisLabel <= 0.000) | Potassium <= 0.000) & Alkalinephos <= 0.000)
",9999999.000,9999999.000,0.000,1.000,0.000,0,0,21,0,0,21,21,0,0.0,0.0,1.0,0.0,0.0,1.0,1
"G[0,2]((pH >= 0.000 & pH >= 0.000) | Glucose <= 0.000)
",9999999.000,9999999.000,0.000,1.000,0.000,0,0,21,0,0,21,21,0,0.0,0.0,1.0,0.0,0.0,1.0,1
"G[2,2](((Alkalinephos <= 0.000 & Platelets <= 138.407) | HR <= 277.792) & Creatinine >= 15.410)
",-4337610947306694.500,-15.410,0.000,1.000,0.000,0,0,21,0,0,21,21,0,0.0,0.0,1.0,0.0,0.0,1.0,1
"G[1,2]((Fibrinogen <= 0.000 -> O2Sat <= 92.010) | Lactate <= 99.499)
",9999999.000,9999999.000,0.000,1.000,0.000,0,0,21,0,0,21,21,0,0.0,0.0,1.0,0.0,0.0,1.0,1
"G[0,2](((pH <= 0.000 | MAP >= 27.800) & Platelets >= 43.015) & MAP >= 35.258)
",9999999.000,9999999.000,0.000,1.000,0.000,0,0,0,21,21,0,0,21,0.0,0.0,0.0,0.0,0.0,1.0,1
"G[2,2]((Bilirubin_total >= 0.000 | Potassium >= 0.174) | SepsisLabel >= 0.044)
",0.000,0.000,0.000,1.000,0.000,0,0,21,0,0,21,21,0,0.0,0.0,1.0,0.0,0.0,1.0,1
"G[0,2]((Bilirubin_direct >= 0.000 -> Lactate <= 0.000) | FiO2 >= 0.000)
",9999999.000,9999999.000,0.000,1.000,0.000,0,0,21,0,0,21,21,0,0.0,0.0,1.0,0.0,0.0,1.0,1
"G[0,2]((HCO3 >= 0.000 | Alkalinephos <= 0.000) -> Chloride >= 0.000)
",9999999.000,9999999.000,0.000,1.000,0.000,0,0,21,0,0,21,21,0,0.0,0.0,1.0,0.0,0.0,1.0,1
"G[1,2](Chloride <= 0.000 -> Fibrinogen <= 0.000)
",9999999.000,9999999.000,0.000,1.000,0.000,0,0,21,0,0,21,21,0,0.0,0.0,1.0,0.0,0.0,1.0,1
"G[1,2](((EtCO2 <= 0.000 -> Temp >= 5.909) -> Calcium >= 0.240) | Resp <= 8.485)
",9999999.000,9999999.000,0.000,1.000,0.000,0,0,20,1,1,20,20,1,0.0,0.0,1.0,0.0,0.0,1.0,1
"G[0,2](((HR <= 68.801 -> Lactate <= 0.000) | pH <= 0.000) & HCO3 <= 0.000)
",9999999.000,9999999.000,0.000,1.000,0.000,0,0,21,0,0,21,21,0,0.0,0.0,1.0,0.0,0.0,1.0,1
"G[0,1](Platelets <= 372.040 & Potassium >= 0.004)
",9999999.000,9999999.000,0.000,1.000,0.000,0,0,0,21,21,0,0,21,0.0,0.0,0.0,0.0,0.0,1.0,1
"G[0,0]((Platelets <= 196.955 & BUN >= 0.211) & HCO3 <= 1.186)
",-0.211,-0.211,0.000,1.000,0.000,0,0,0,21,21,0,0,21,0.0,0.0,0.0,0.0,0.0,1.0,1
"G[0,2](((SaO2 >= 0.000 & Glucose >= 5.760) & Calcium >= 7.676) & SepsisLabel <= 95.141)
",9999999.000,9999999.000,0.000,1.000,0.000,0,0,0,21,21,0,0,21,0.0,0.0,0.0,0.0,0.0,1.0,1
"G[0,2](FiO2 <= 0.000 & Magnesium >= 0.088)
",9999999.000,9999999.000,0.000,1.000,0.000,0,0,0,21,21,0,0,21,0.0,0.0,0.0,0.0,0.0,1.0,1
"G[0,2](AST >= 0.000 & Alkalinephos <= 0.000)
",9999999.000,9999999.000,0.000,1.000,0.000,0,0,21,0,0,21,21,0,0.0,0.0,1.0,0.0,0.0,1.0,1
"G[0,2](Platelets <= 49.563 -> WBC >= 0.672)
",9999999.000,9999999.000,0.000,1.000,0.000,0,0,0,21,21,0,0,21,0.0,0.0,0.0,0.0,0.0,1.0,1
"G[2,2](((Hgb <= 1.282 | Hct <= 6.595) -> WBC >= 0.600) & Platelets >= 7.093)
",-3993120326715165.500,-7.093,0.000,1.000,0.000,0,0,21,0,0,21,21,0,0.0,0.0,1.0,0.0,0.0,1.0,1
"G[2,2](BUN <= 4.345 & Creatinine >= 0.001)
",-5459970371168260.000,-0.001,0.000,1.000,0.000,0,0,21,0,0,21,21,0,0.0,0.0,1.0,0.0,0.0,1.0,1
"F[1,2]((Creatinine <= 0.089 & BaseExcess <= 0.000) & EtCO2 >= 0.000)
",-9999999.000,-9999999.000,0.000,0.000,1.000,0,0,0,21,21,0,0,21,0.0,0.0,0.0,0.0,0.0,1.0,-1
"F[1,2](((Temp <= 27.814 -> SBP >= 20.953) & O2Sat <= 129.589) | Hgb >= 81.649)
",-9999999.000,-9999999.000,0.000,0.000,1.000,0,0,0,21,21,0,0,21,0.0,0.0,0.0,0.0,0.0,1.0,-1
"F[0,1](Hct >= 0.897 -> PTT <= 0.000)
",-9999999.000,-9999999.000,0.000,0.000,1.000,0,0,0,21,21,0,0,21,0.0,0.0,0.0,0.0,0.0,1.0,-1
"F[1,1](((Resp <= 17.524 -> Chloride >= 0.000) | BUN <= 0.000) -> Bilirubin_total <= 0.000)
",0.000,0.000,0.000,0.000,1.000,0,0,0,21,21,0,0,21,0.0,0.0,0.0,0.0,0.0,1.0,-1
"F[0,2]((Temp >= 3.802 & MAP <= 87.289) | SaO2 <= 94.894)
",-9999999.000,-9999999.000,0.000,0.000,1.000,0,0,0,21,21,0,0,21,0.0,0.0,0.0,0.0,0.0,1.0,-1
"F[0,2](Hct <= 34.652 & Fibrinogen <= 0.000)
",-9999999.000,-9999999.000,0.000,0.000,1.000,0,0,0,21,21,0,0,21,0.0,0.0,0.0,0.0,0.0,1.0,-1
"F[0,1]((PTT <= 0.000 -> Creatinine <= 0.348) | BaseExcess >= 0.018)
",-9999999.000,-9999999.000,0.000,0.000,1.000,0,0,0,21,21,0,0,21,0.0,0.0,0.0,0.0,0.0,1.0,-1
"F[0,1]((Hct >= 0.102 -> BaseExcess <= 0.000) | MAP <= 0.000)
",-9999999.000,-9999999.000,0.000,0.000,1.000,0,0,0,21,21,0,0,21,0.0,0.0,0.0,0.0,0.0,1.0,-1
"F[0,1](((BaseExcess >= 0.000 & BaseExcess >= 0.000) & Lactate <= 0.000) & Alkalinephos <= 0.000)
",-9999999.000,-9999999.000,0.000,0.000,1.000,0,0,0,21,21,0,0,21,0.0,0.0,0.0,0.0,0.0,1.0,-1
"F[1,2]((WBC <= 23.193 -> SepsisLabel >= 0.000) -> FiO2 <= 0.000)
",-9999999.000,-9999999.000,0.000,0.000,1.000,0,0,0,21,21,0,0,21,0.0,0.0,0.0,0.0,0.0,1.0,-1
"F[0,0](((HR <= 77.691 | Hct <= 9.827) -> Fibrinogen <= 11.582) & SaO2 <= 15.258)
",-21.664,-11.407,0.000,0.000,1.000,0,0,0,21,21,0,0,21,0.0,0.0,0.0,0.0,0.0,1.0,-1
"F[0,2]((Bilirubin_direct <= 0.000 & BaseExcess <= 0.000) -> Creatinine >= 0.000)
",-9999999.000,-9999999.000,0.000,0.000,1.000,0,0,0,21,21,0,0,21,0.0,0.0,0.0,0.0,0.0,1.0,-1
"F[2,2](((HR >= 45.204 -> MAP <= 100.331) | O2Sat >= 12.656) & TroponinI >= 63.304)
",-8909181219052354.000,-63.304,0.000,0.000,1.000,0,0,0,21,21,0,0,21,0.0,0.0,0.0,0.0,0.0,1.0,-1
"F[1,2](Bilirubin_total >= 0.000 | Bilirubin_total >= 0.000)
",-9999999.000,-9999999.000,0.000,0.000,1.000,0,0,0,21,21,0,0,21,0.0,0.0,0.0,0.0,0.0,1.0,-1
"G[0,2](SaO2 <= 0.000 | BUN >= 0.156)
",9999999.000,9999999.000,0.000,1.000,0.000,0,0,21,0,0,21,21,0,0.0,0.0,1.0,0.0,0.0,1.0,1
"F[0,1](((Hgb <= 2.311 | Chloride >= 0.000) | Platelets <= 0.000) -> PTT >= 0.000)
",-9999999.000,-9999999.000,0.000,0.000,1.000,0,0,0,21,21,0,0,21,0.0,0.0,0.0,0.0,0.0,1.0,-1
"F[2,2]((Magnesium <= 2.153 -> Platelets <= 123.090) -> pH <= 200.316)
",-200.316,-200.316,0.000,0.000,1.000,0,0,0,21,21,0,0,21,0.0,0.0,0.0,0.0,0.0,1.0,-1
"G[0,1](PaCO2 <= 0.000 -> Glucose >= 6.957)
",9999999.000,9999999.000,0.000,1.000,0.000,0,0,0,21,21,0,0,21,0.0,0.0,0.0,0.0,0.0,1.0,1
"G[1,2](((SaO2 >= 0.000 & Magnesium >= 0.017) & PTT <= 1.346) & Glucose >= 0.038)
",9999999.000,9999999.000,0.000,1.000,0.000,0,0,2,19,19,2,2,19,0.0,0.0,1.0,0.0,0.0,1.0,1
"G[0,1]((Potassium <= 2.788 -> Resp >= 12.789) -> SBP <= 18.856)
",9999999.000,9999999.000,0.000,1.000,0.000,0,0,0,21,21,0,0,21,0.0,0.0,0.0,0.0,0.0,1.0,1
"G[0,2]((Chloride >= 0.000 | Hct >= 0.209) | Lactate >= 0.287)
",9999999.000,9999999.000,0.000,1.000,0.000,0,0,21,0,0,21,21,0,0.0,0.0,1.0,0.0,0.0,1.0,1
"G[1,2](Hgb >= 0.330 | Resp >= 0.589)
",9999999.000,9999999.000,0.000,1.000,0.000,0,0,20,1,1,20,20,1,0.0,0.0,1.0,0.0,0.0,1.0,1
"G[0,2](((Hct >= 0.437 -> Resp >= 13.213) -> FiO2 >= 2.587) & Hgb >= 3.605)
",9999999.000,9999999.000,0.000,1.000,0.000,0,0,0,21,21,0,0,21,0.0,0.0,0.0,0.0,0.0,1.0,1
"G[1,2]((Calcium >= 0.071 | Resp >= 2.488) -> Glucose >= 9.116)
",9999999.000,9999999.000,0.000,1.000,0.000,0,0,4,17,17,4,4,17,0.0,0.0,1.0,0.0,0.0,1.0,1
"G[1,2](Potassium <= 1.504 & Resp <= 17.413)
",9999999.000,9999999.000,0.000,1.000,0.000,0,0,17,4,4,17,17,4,0.0,0.0,1.0,0.0,0.0,1.0,1
"G[1,2](((O2Sat <= 98.710 | WBC <= 20.114) -> Magnesium <= 12.338) | SaO2 >= 0.838)
",9999999.000,9999999.000,0.000,1.000,0.000,0,0,21,0,0,21,21,0,0.0,0.0,1.0,0.0,0.0,1.0,1
"G[1,2]((O2Sat <= 97.192 -> Potassium >= 0.072) | DBP >= 0.113)
",9999999.000,9999999.000,0.000,1.000,0.000,0,0,20,1,1,20,20,1,0.0,0.0,1.0,0.0,0.0,1.0,1
"((MAP <= 92.887) U[0,1] (PaCO2 >= 0.000))
",-9999999.000,-9999999.000,0.000,0.000,1.000,0,0,0,21,21,0,0,21,0.0,0.0,0.0,0.0,0.0,1.0,-1
"((AST >= 0.000) U[2,2] (HCO3 <= 0.000))
",0.000,0.000,0.000,0.000,1.000,0,0,0,21,21,0,0,21,0.0,0.0,0.0,0.0,0.0,1.0,-1
"G[1,2](Chloride >= 0.000 & HCO3 >= 0.000)
",9999999.000,9999999.000,0.000,1.000,0.000,0,0,21,0,0,21,21,0,0.0,0.0,1.0,0.0,0.0,1.0,1
"F[2,2](((Potassium <= 1.690 | HCO3 >= 0.000) & Platelets >= 0.000) & Chloride <= 0.000)
",0.000,0.000,0.000,0.000,1.000,0,0,0,21,21,0,0,21,0.0,0.0,0.0,0.0,0.0,1.0,-1
"F[0,2]((Bilirubin_total >= 0.000 | Chloride <= 0.000) -> HCO3 <= 0.000)
",-9999999.000,-9999999.000,0.000,0.000,1.000,0,0,0,21,21,0,0,21,0.0,0.0,0.0,0.0,0.0,1.0,-1
"F[0,2]((HCO3 >= 0.000 & BUN <= 3.872) & pH >= 0.245)
",-9999999.000,-9999999.000,0.000,0.000,1.000,0,0,0,21,21,0,0,21,0.0,0.0,0.0,0.0,0.0,1.0,-1
"F[2,2]((PaCO2 <= 0.000 & AST >= 0.000) -> PTT <= 0.000)
",0.000,0.000,0.000,0.000,1.000,0,0,0,21,21,0,0,21,0.0,0.0,0.0,0.0,0.0,1.0,-1
"F[0,2]((pH <= 0.000 -> Bilirubin_total >= 0.000) -> DBP <= 0.000)
",-9999999.000,-9999999.000,0.000,0.000,1.000,0,0,0,21,21,0,0,21,0.0,0.0,0.0,0.0,0.0,1.0,-1
"F[0,2](MAP <= 83.673 & Resp >= 0.690)
",-9999999.000,-9999999.000,0.000,0.000,1.000,0,0,0,21,21,0,0,21,0.0,0.0,0.0,0.0,0.0,1.0,-1
"F[1,2](((PaCO2 >= 0.000 -> FiO2 >= 0.000) | AST >= 0.000) | PaCO2 <= 0.000)
",-9999999.000,-9999999.000,0.000,0.000,1.000,0,0,0,21,21,0,0,21,0.0,0.0,0.0,0.0,0.0,1.0,-1
"F[0,1]((PTT >= 0.000 & FiO2 >= 0.000) | O2Sat <= 0.000)
",-9999999.000,-9999999.000,0.000,0.000,1.000,0,0,0,21,21,0,0,21,0.0,0.0,0.0,0.0,0.0,1.0,-1
"F[1,2](((Bilirubin_direct <= 0.000 & BaseExcess <= 0.000) -> SBP <= 0.000) | EtCO2 >= 0.000)
",-9999999.000,-9999999.000,0.000,0.000,1.000,0,0,0,21,21,0,0,21,0.0,0.0,0.0,0.0,0.0,1.0,-1
"F[0,2]((EtCO2 >= 0.000 & Lactate <= 0.000) & pH <= 0.000)
",-9999999.000,-9999999.000,0.000,0.000,1.000,0,0,0,21,21,0,0,21,0.0,0.0,0.0,0.0,0.0,1.0,-1
"F[0,2]((Magnesium <= 0.440 -> Lactate <= 0.000) -> TroponinI <= 0.000)
",-9999999.000,-9999999.000,0.000,0.000,1.000,0,0,0,21,21,0,0,21,0.0,0.0,0.0,0.0,0.0,1.0,-1
"F[0,2]((FiO2 <= 0.000 | Bilirubin_direct >= 0.000) | BUN <= 0.000)
",-9999999.000,-9999999.000,0.000,0.000,1.000,0,0,0,21,21,0,0,21,0.0,0.0,0.0,0.0,0.0,1.0,-1
"F[0,0](((Potassium >= 0.051 | BaseExcess >= 0.000) -> WBC <= 0.000) | FiO2 <= 0.000)
",0.000,0.000,0.000,0.000,1.000,0,0,0,21,21,0,0,21,0.0,0.0,0.0,0.0,0.0,1.0,-1
"F[1,2]((WBC >= 0.683 -> Glucose <= 138.504) & Creatinine <= 152.344)
",-9999999.000,-9999999.000,0.000,0.000,1.000,0,0,0,21,21,0,0,21,0.0,0.0,0.0,0.0,0.0,1.0,-1
"((Fibrinogen >= 0.000) U[1,2] (HCO3 <= 0.000))
",-9999999.000,-9999999.000,0.000,0.000,1.000,0,0,0,21,21,0,0,21,0.0,0.0,0.0,0.0,0.0,1.0,-1
"F[0,2](((Glucose >= 2.718 | HCO3 >= 0.000) | Hct <= 0.000) -> EtCO2 >= 0.000)
",-9999999.000,-9999999.000,0.000,0.000,1.000,0,0,0,21,21,0,0,21,0.0,0.0,0.0,0.0,0.0,1.0,-1
"((Platelets <= 102.736) U[0,1] (Alkalinephos >= 0.000))
",-9999999.000,-9999999.000,0.000,0.000,1.000,0,0,0,21,21,0,0,21,0.0,0.0,0.0,0.0,0.0,1.0,-1
"F[0,1]((Chloride >= 0.000 | Bilirubin_direct <= 0.000) | Fibrinogen <= 0.000)
",-9999999.000,-9999999.000,0.000,0.000,1.000,0,0,0,21,21,0,0,21,0.0,0.0,0.0,0.0,0.0,1.0,-1
"F[0,0]((Bilirubin_direct >= 0.000 -> BaseExcess <= 0.000) & BaseExcess >= 0.000)
",-0.333,-0.047,0.000,0.000,1.000,0,0,0,21,21,0,0,21,0.0,0.0,0.0,0.0,0.0,1.0,-1
"F[1,2]((TroponinI >= 0.000 -> Calcium >= 0.351) | MAP <= 0.673)
",-9999999.000,-9999999.000,0.000,0.000,1.000,0,0,0,21,21,0,0,21,0.0,0.0,0.0,0.0,0.0,1.0,-1
"((HCO3 >= 0.000) U[2,2] (Magnesium <= 0.761))
",6853297869659314.000,0.761,0.000,0.000,1.000,0,0,0,21,21,0,0,21,0.0,0.0,0.0,0.0,0.0,1.0,-1
"F[0,1](FiO2 >= 0.000 & TroponinI <= 0.000)
",-9999999.000,-9999999.000,0.000,0.000,1.000,0,0,0,21,21,0,0,21,0.0,0.0,0.0,0.0,0.0,1.0,-1
"((Fibrinogen <= 0.000) U[1,2] (O2Sat <= 95.683))
",-9999999.000,-9999999.000,0.000,0.000,1.000,0,0,0,21,21,0,0,21,0.0,0.0,0.0,0.0,0.0,1.0,-1
"F[0,2](((Calcium <= 4.516 & Lactate <= 0.000) -> Hgb >= 0.000) & MAP <= 0.000)
",-9999999.000,-9999999.000,0.000,0.000,1.000,0,0,0,21,21,0,0,21,0.0,0.0,0.0,0.0,0.0,1.0,-1
"F[2,2](((Bilirubin_total <= 0.000 -> SaO2 <= 0.000) -> Calcium >= 0.000) & EtCO2 >= 0.000)
",0.000,0.000,0.000,0.000,1.000,0,0,0,21,21,0,0,21,0.0,0.0,0.0,0.0,0.0,1.0,-1
"F[0,1](Bilirubin_direct <= 0.000 | SBP >= 89.467)
",-9999999.000,-9999999.000,0.000,0.000,1.000,0,0,0,21,21,0,0,21,0.0,0.0,0.0,0.0,0.0,1.0,-1
"F[0,1]((SepsisLabel >= 0.000 & EtCO2 <= 0.000) | Potassium <= 0.000)
",-9999999.000,-9999999.000,0.000,0.000,1.000,0,0,0,21,21,0,0,21,0.0,0.0,0.0,0.0,0.0,1.0,-1
"G[1,2](((Hgb >= 0.156 & O2Sat >= 77.296) & Calcium >= 36.838) -> Platelets >= 66.008)
",9999999.000,9999999.000,0.000,1.000,0.000,0,0,21,0,0,21,21,0,0.0,0.0,1.0,0.0,0.0,1.0,1
"G[0,2]((HR >= 27.134 | WBC <= 7.437) -> Creatinine <= 23.060)
",9999999.000,9999999.000,0.000,1.000,0.000,0,0,21,0,0,21,21,0,0.0,0.0,1.0,0.0,0.0,1.0,1
"G[0,1]((Potassium <= 2.346 -> SBP <= 122.096) & Magnesium >= 8.383)
",9999999.000,9999999.000,0.000,1.000,0.000,0,0,0,21,21,0,0,21,0.0,0.0,0.0,0.0,0.0,1.0,1
"G[0,2]((Creatinine <= 0.395 | DBP >= 53.285) -> Magnesium >= 0.608)
",9999999.000,9999999.000,0.000,1.000,0.000,0,0,0,21,21,0,0,21,0.0,0.0,0.0,0.0,0.0,1.0,1
"G[0,2](BUN >= 0.078 | FiO2 >= 0.000)
",9999999.000,9999999.000,0.000,1.000,0.000,0,0,21,0,0,21,21,0,0.0,0.0,1.0,0.0,0.0,1.0,1
"G[2,2](((HCO3 >= 0.000 & Temp <= 24.238) -> Chloride >= 0.378) & SaO2 <= 22.463)
",0.000,0.000,0.000,1.000,0.000,0,0,21,0,0,21,21,0,0.0,0.0,1.0,0.0,0.0,1.0,1
"G[1,2]((Magnesium >= 0.077 & Bilirubin_direct <= 0.000) -> DBP >= 0.000)
",9999999.000,9999999.000,0.000,1.000,0.000,0,0,21,0,0,21,21,0,0.0,0.0,1.0,0.0,0.0,1.0,1
"G[1,2]((BUN >= 0.082 & MAP <= 97.104) & AST >= 36.107)
",9999999.000,9999999.000,0.000,1.000,0.000,0,0,1,20,20,1,1,20,0.0,0.0,1.0,0.0,0.0,1.0,1
"G[1,2](((Fibrinogen <= 0.000 -> pH <= 0.000) | Bilirubin_total <= 0.000) -> Glucose <= 0.000)
",9999999.000,9999999.000,0.000,1.000,0.000,0,0,19,2,2,19,19,2,0.0,0.0,1.0,0.0,0.0,1.0,1
"G[0,1](Platelets <= 222.221 -> WBC >= 0.605)
",9999999.000,9999999.000,0.000,1.000,0.000,0,0,0,21,21,0,0,21,0.0,0.0,0.0,0.0,0.0,1.0,1
"G[0,2]((DBP <= 81.592 & Fibrinogen <= 0.000) & Temp <= 0.000)
",9999999.000,9999999.000,0.000,1.000,0.000,0,0,9,12,12,9,9,12,0.0,0.0,1.0,0.0,0.0,1.0,1
"G[1,2]((FiO2 <= 0.000 & Temp <= 35.694) -> Alkalinephos <= 35.044)
",9999999.000,9999999.000,0.000,1.000,0.000,0,0,21,0,0,21,21,0,0.0,0.0,1.0,0.0,0.0,1.0,1
"G[0,1](BUN >= 0.191 & MAP >= 67.773)
",9999999.000,9999999.000,0.000,1.000,0.000,0,0,0,21,21,0,0,21,0.0,0.0,0.0,0.0,0.0,1.0,1
"G[1,2](((HCO3 <= 0.000 | Temp >= 5.450) | pH >= 4.301) | AST <= 19.420)
",9999999.000,9999999.000,0.000,1.000,0.000,0,0,21,0,0,21,21,0,0.0,0.0,1.0,0.0,0.0,1.0,1
"G[1,2](((Glucose >= 0.724 -> Potassium >= 0.153) | Alkalinephos <= 0.739) & Potassium >= 0.180)
",9999999.000,9999999.000,0.000,1.000,0.000,0,0,2,19,19,2,2,19,0.0,0.0,1.0,0.0,0.0,1.0,1
"G[0,2](((Calcium >= 0.308 & DBP >= 29.653) | Platelets >= 35.982) | SBP >= 51.243)
",9999999.000,9999999.000,0.000,1.000,0.000,0,0,19,2,2,19,19,2,0.0,0.0,1.0,0.0,0.0,1.0,1
"G[0,1]((DBP <= 83.465 & Hct >= 0.511) | FiO2 >= 0.151)
",9999999.000,9999999.000,0.000,1.000,0.000,0,0,0,21,21,0,0,21,0.0,0.0,0.0,0.0,0.0,1.0,1
"G[2,2](((Hgb <= 4.272 & HR <= 79.029) & FiO2 <= 67.612) | Glucose <= 68.963)
",68.963,68.963,0.000,1.000,0.000,0,0,21,0,0,21,21,0,0.0,0.0,1.0,0.0,0.0,1.0,1
"G[2,2](((DBP <= 81.986 & Platelets <= 289.666) -> DBP <= 142.986) -> SBP <= 226.052)
",-7953507652726862.000,-226.052,0.000,1.000,0.000,0,0,21,0,0,21,21,0,0.0,0.0,1.0,0.0,0.0,1.0,1
"G[0,1](((MAP >= 16.945 -> Platelets <= 190.221) | O2Sat <= 93.122) & Potassium >= 4.156)
",9999999.000,9999999.000,0.000,1.000,0.000,0,0,0,21,21,0,0,21,0.0,0.0,0.0,0.0,0.0,1.0,1
"G[1,2](Hgb <= 8.884 -> MAP <= 100.553)
",9999999.000,9999999.000,0.000,1.000,0.000,0,0,21,0,0,21,21,0,0.0,0.0,1.0,0.0,0.0,1.0,1
"G[1,2](AST <= 0.000 -> BaseExcess >= 0.000)
",9999999.000,9999999.000,0.000,1.000,0.000,0,0,21,0,0,21,21,0,0.0,0.0,1.0,0.0,0.0,1.0,1
"G[1,2](((BUN <= 5.161 & Phosphate <= 1.327) & Creatinine >= 0.001) | Hgb <= 0.362)
",9999999.000,9999999.000,0.000,1.000,0.000,0,0,20,1,1,20,20,1,0.0,0.0,1.0,0.0,0.0,1.0,1
"G[0,2](DBP <= 76.709 | MAP >= 70.308)
",9999999.000,9999999.000,0.000,1.000,0.000,0,0,21,0,0,21,21,0,0.0,0.0,1.0,0.0,0.0,1.0,1
"G[0,2]((MAP <= 95.812 & O2Sat >= 47.172) -> Calcium >= 86.514)
",9999999.000,9999999.000,0.000,1.000,0.000,0,0,0,21,21,0,0,21,0.0,0.0,0.0,0.0,0.0,1.0,1
"G[0,1](Platelets <= 120.345 -> WBC >= 0.738)
",9999999.000,9999999.000,0.000,1.000,0.000,0,0,0,21,21,0,0,21,0.0,0.0,0.0,0.0,0.0,1.0,1
"G[2,2](Chloride >= 0.000 & HCO3 >= 0.000)
",0.000,0.000,0.000,1.000,0.000,0,0,21,0,0,21,21,0,0.0,0.0,1.0,0.0,0.0,1.0,1
"G[0,2](BUN <= 4.905 & Creatinine >= 0.007)
",9999999.000,9999999.000,0.000,1.000,0.000,0,0,0,21,21,0,0,21,0.0,0.0,0.0,0.0,0.0,1.0,1
"G[1,2](((Hgb <= 3.987 | Hct <= 28.165) -> WBC >= 1.089) & Platelets >= 12.060)
",9999999.000,9999999.000,0.000,1.000,0.000,0,0,2,19,19,2,2,19,0.0,0.0,1.0,0.0,0.0,1.0,1
"G[1,2](Platelets <= 67.087 -> WBC >= 0.729)
",9999999.000,9999999.000,0.000,1.000,0.000,0,0,2,19,19,2,2,19,0.0,0.0,1.0,0.0,0.0,1.0,1
"G[0,2]((O2Sat >= 24.205 -> pH <= 0.000) | Alkalinephos >= 0.000)
",9999999.000,9999999.000,0.000,1.000,0.000,0,0,21,0,0,21,21,0,0.0,0.0,1.0,0.0,0.0,1.0,1
"G[2,2](Fibrinogen >= 0.000 -> SaO2 <= 0.000)
",0.000,0.000,0.000,1.000,0.000,0,0,21,0,0,21,21,0,0.0,0.0,1.0,0.0,0.0,1.0,1
"G[0,1](((Chloride >= 0.000 -> Bilirubin_total <= 0.000) -> BUN >= 0.000) -> HR <= 0.000)
",9999999.000,9999999.000,0.000,1.000,0.000,0,0,0,21,21,0,0,21,0.0,0.0,0.0,0.0,0.0,1.0,1
"G[1,2](((SepsisLabel <= 0.000 | Alkalinephos <= 0.000) -> Potassium <= 0.000) & TroponinI <= 0.000)
",9999999.000,9999999.000,0.000,1.000,0.000,0,0,20,1,1,20,20,1,0.0,0.0,1.0,0.0,0.0,1.0,1
"G[1,2]((HR >= 67.097 & Platelets <= 57.862) | Lactate >= 6.877)
",9999999.000,9999999.000,0.000,1.000,0.000,0,0,11,10,10,11,11,10,0.0,0.0,1.0,0.0,0.0,1.0,1
"G[1,2](((Creatinine <= 0.380 -> SBP >= 16.889) -> Bilirubin_direct >= 41.308) -> TroponinI >= 107.052)
",9999999.000,9999999.000,0.000,1.000,0.000,0,0,20,1,1,20,20,1,0.0,0.0,1.0,0.0,0.0,1.0,1
"G[0,2](Platelets <= 174.098 | Resp >= 4.282)
",9999999.000,9999999.000,0.000,1.000,0.000,0,0,21,0,0,21,21,0,0.0,0.0,1.0,0.0,0.0,1.0,1
"G[1,2](BUN <= 4.793 & Temp <= 8.412)
",9999999.000,9999999.000,0.000,1.000,0.000,0,0,19,2,2,19,19,2,0.0,0.0,1.0,0.0,0.0,1.0,1
"G[1,2](Potassium >= 0.003 -> Temp <= 9.788)
",9999999.000,9999999.000,0.000,1.000,0.000,0,0,21,0,0,21,21,0,0.0,0.0,1.0,0.0,0.0,1.0,1
"G[0,2]((Calcium >= 0.118 | Temp <= 28.299) -> Platelets <= 15.172)
",9999999.000,9999999.000,0.000,1.000,0.000,0,0,19,2,2,19,19,2,0.0,0.0,1.0,0.0,0.0,1.0,1
"G[0,1]((Hct <= 31.488 | Temp >= 5.341) -> Phosphate >= 4.783)
",9999999.000,9999999.000,0.000,1.000,0.000,0,0,0,21,21,0,0,21,0.0,0.0,0.0,0.0,0.0,1.0,1
"G[0,2]((Creatinine <= 0.302 & Temp >= 7.069) | Magnesium <= 13.182)
",9999999.000,9999999.000,0.000,1.000,0.000,0,0,21,0,0,21,21,0,0.0,0.0,1.0,0.0,0.0,1.0,1
"G[0,2](Glucose >= 11.334 & MAP <= 97.015)
",9999999.000,9999999.000,0.000,1.000,0.000,0,0,0,21,21,0,0,21,0.0,0.0,0.0,0.0,0.0,1.0,1
"G[0,2](Glucose >= 25.535 & Resp >= 8.482)
",9999999.000,9999999.000,0.000,1.000,0.000,0,0,0,21,21,0,0,21,0.0,0.0,0.0,0.0,0.0,1.0,1
"G[0,0]((MAP >= 55.759 | Temp >= 1.492) & Magnesium >= 7.253)
",-8166255529931965.000,-7.253,0.000,1.000,0.000,0,0,0,21,21,0,0,21,0.0,0.0,0.0,0.0,0.0,1.0,1
"G[2,2](SBP <= 122.885 & Temp >= 4.091)
",-4606429890587334.000,-4.091,0.000,1.000,0.000,0,0,21,0,0,21,21,0,0.0,0.0,1.0,0.0,0.0,1.0,1
"G[0,2]((Glucose <= 93.743 & Magnesium <= 1.959) | DBP >= 0.021)
",9999999.000,9999999.000,0.000,1.000,0.000,0,0,21,0,0,21,21,0,0.0,0.0,1.0,0.0,0.0,1.0,1
"G[1,2]((Glucose <= 122.418 -> Potassium <= 1.251) -> Chloride >= 0.047)
",9999999.000,9999999.000,0.000,1.000,0.000,0,0,1,20,20,1,1,20,0.0,0.0,1.0,0.0,0.0,1.0,1
"G[0,2]((Glucose >= 7.395 -> Hct >= 0.493) | Phosphate >= 0.731)
",9999999.000,9999999.000,0.000,1.000,0.000,0,0,15,6,6,15,15,6,0.0,0.0,1.0,0.0,0.0,1.0,1
"G[0,1](Magnesium >= 0.084 | Phosphate >= 0.065)
",9999999.000,9999999.000,0.000,1.000,0.000,0,0,0,21,21,0,0,21,0.0,0.0,0.0,0.0,0.0,1.0,1
"G[0,2](((Temp >= 4.853 -> WBC >= 0.948) | AST <= 23.373) -> Creatinine <= 3.873)
",9999999.000,9999999.000,0.000,1.000,0.000,0,0,21,0,0,21,21,0,0.0,0.0,1.0,0.0,0.0,1.0,1
"G[1,1]((HR <= 73.830 -> O2Sat <= 97.785) & SepsisLabel >= 15.433)
",-6881003466971598.000,-97.785,0.000,1.000,0.000,0,0,1,20,20,1,1,20,0.0,0.0,1.0,0.0,0.0,1.0,1
"G[2,2](Magnesium >= 0.064 & MAP >= 28.172)
",-7929736389003474.000,-28.172,0.000,1.000,0.000,0,0,21,0,0,21,21,0,0.0,0.0,1.0,0.0,0.0,1.0,1
"G[1,2](((Creatinine >= 0.001 -> MAP >= 46.474) | MAP <= 87.587) | Calcium >= 53.028)
",9999999.000,9999999.000,0.000,1.000,0.000,0,0,21,0,0,21,21,0,0.0,0.0,1.0,0.0,0.0,1.0,1
"G[2,2]((Bilirubin_total >= 0.000 | Hct <= 14.274) | Alkalinephos <= 37.277)
",5246332122246795.000,37.277,0.000,1.000,0.000,0,0,21,0,0,21,21,0,0.0,0.0,1.0,0.0,0.0,1.0,1
"G[0,2]((EtCO2 >= 0.000 | SaO2 >= 0.000) | Platelets >= 0.000)
",9999999.000,9999999.000,0.000,1.000,0.000,0,0,21,0,0,21,21,0,0.0,0.0,1.0,0.0,0.0,1.0,1
"G[0,2]((Chloride >= 0.000 | Bilirubin_direct >= 0.000) & Glucose >= 0.000)
",9999999.000,9999999.000,0.000,1.000,0.000,0,0,21,0,0,21,21,0,0.0,0.0,1.0,0.0,0.0,1.0,1
"G[2,2](((PTT >= 0.000 -> Resp >= 1.306) | Platelets <= 19.370) | EtCO2 <= 18.679)
",5452258764701493.000,19.370,0.000,1.000,0.000,0,0,21,0,0,21,21,0,0.0,0.0,1.0,0.0,0.0,1.0,1
"G[2,2]((Temp >= 3.845 | Temp <= 33.508) | Chloride >= 4.971)
",33.508,33.508,0.000,1.000,0.000,0,0,21,0,0,21,21,0,0.0,0.0,1.0,0.0,0.0,1.0,1
"((O2Sat >= 88.568) U[0,2] (Hct >= 1.140))
",-9999999.000,-9999999.000,0.000,0.000,1.000,0,0,0,21,21,0,0,21,0.0,0.0,0.0,0.0,0.0,1.0,-1
