Rule,Discrimination Score,Pos Robustness,Neg Robustness,Percent Class +,Percent Class -,TP,TN,FP,FN,Actual Yes,Actual No,Predicted Yes,Predicted No,TPR/Sens,TNR/Spec,FPR,Precision,Accuracy,MCR
"F[0,0]((Calcium >= 0.602 | SBP >= 17.413) & WBC >= 22.040)
",-6203765094067523.000,-22.040,0.000,0.000,1.000,29,0,0,0,29,0,29,0,1.0,0,0,1.0,1.0175438596491229,-0.01754385964912286
"F[0,0]((Calcium <= 2.321 & Potassium <= 0.706) & Magnesium >= 0.064)
",-2.856,-0.069,0.000,0.000,1.000,29,0,0,0,29,0,29,0,1.0,0,0,1.0,1.0175438596491229,-0.01754385964912286
"F[0,0](Magnesium >= 0.097 & AST <= 0.000)
",-6973665352827583.000,-0.097,0.000,0.000,1.000,29,0,0,0,29,0,29,0,1.0,0,0,1.0,1.0175438596491229,-0.01754385964912286
"F[0,0](((Potassium <= 0.550 -> Glucose >= 3.964) | Calcium <= 257.669) -> WBC >= 45.200)
",-4532960633303260.000,-257.669,0.000,0.000,1.000,29,0,0,0,29,0,29,0,1.0,0,0,1.0,1.0175438596491229,-0.01754385964912286
"F[0,1]((Calcium <= 0.810 & Potassium <= 3.498) & Magnesium >= 0.149)
",-9999999.000,-9999999.000,0.000,0.000,1.000,28,0,0,1,29,0,28,1,0.9655172413793104,0,0,1.0,0.9824561403508771,0.01754385964912286
"((Lactate < 0.000) U[1,2] (SepsisLabel = 0.000))
",-9999999.000,-9999999.000,0.000,0.000,1.000,28,0,0,1,29,0,28,1,0.9655172413793104,0,0,1.0,0.9824561403508771,0.01754385964912286
"F[0,0]((Chloride <= 0.000 | TroponinI >= 0.000) -> O2Sat <= 0.000)
",0.000,0.000,0.000,0.000,1.000,28,0,0,1,29,0,28,1,0.9655172413793104,0,0,1.0,0.9824561403508771,0.01754385964912286
"((Creatinine >= 0.018) U[1,2] (Bilirubin_direct >= 0.000))
",-9999999.000,-9999999.000,0.000,0.000,1.000,28,0,0,1,29,0,28,1,0.9655172413793104,0,0,1.0,0.9824561403508771,0.01754385964912286
"F[0,1]((Calcium <= 5.896 & Potassium <= 1.295) & Magnesium >= 0.017)
",-9999999.000,-9999999.000,0.000,0.000,1.000,28,0,0,1,29,0,28,1,0.9655172413793104,0,0,1.0,0.9824561403508771,0.01754385964912286
"F[1,1](((BUN <= 2.428 -> Resp >= 11.107) & Bilirubin_direct <= 23.054) -> EtCO2 >= 15.709)
",2.428,2.428,0.000,0.000,1.000,28,0,0,1,29,0,28,1,0.9655172413793104,0,0,1.0,0.9824561403508771,0.01754385964912286
"((WBC >= 0.124) U[1,1] (Platelets <= 67.587))
",67.587,67.587,0.000,0.000,1.000,28,0,0,1,29,0,28,1,0.9655172413793104,0,0,1.0,0.9824561403508771,0.01754385964912286
"F[0,1]((Calcium <= 4.785 & Potassium <= 1.178) & Magnesium >= 0.118)
",-9999999.000,-9999999.000,0.000,0.000,1.000,28,0,0,1,29,0,28,1,0.9655172413793104,0,0,1.0,0.9824561403508771,0.01754385964912286
"((AST < 0.000) U[1,2] (SepsisLabel = 0.000))
",-9999999.000,-9999999.000,0.000,0.000,1.000,28,0,0,1,29,0,28,1,0.9655172413793104,0,0,1.0,0.9824561403508771,0.01754385964912286
"F[1,1](((Chloride >= 0.000 & Hgb <= 5.370) | BUN >= 0.038) -> PaCO2 >= 0.366)
",0.000,0.000,0.000,0.000,1.000,28,0,0,1,29,0,28,1,0.9655172413793104,0,0,1.0,0.9824561403508771,0.01754385964912286
"F[0,1](((EtCO2 >= 0.000 -> Glucose >= 22.495) -> Bilirubin_direct >= 62.047) & Temp >= 52.900)
",-9999999.000,-9999999.000,0.000,0.000,1.000,28,0,0,1,29,0,28,1,0.9655172413793104,0,0,1.0,0.9824561403508771,0.01754385964912286
"((WBC >= 0.017) U[1,1] (EtCO2 >= 0.000))
",0.000,0.000,0.000,0.000,1.000,28,0,0,1,29,0,28,1,0.9655172413793104,0,0,1.0,0.9824561403508771,0.01754385964912286
"F[0,1](((DBP >= 38.037 | HR >= 23.074) -> Temp >= 4.290) & Hgb >= 24.756)
",-9999999.000,-9999999.000,0.000,0.000,1.000,28,0,0,1,29,0,28,1,0.9655172413793104,0,0,1.0,0.9824561403508771,0.01754385964912286
"F[0,1](((HR <= 89.900 | MAP >= 18.440) & Fibrinogen >= 23.722) & HR >= 36.951)
",-9999999.000,-9999999.000,0.000,0.000,1.000,28,0,0,1,29,0,28,1,0.9655172413793104,0,0,1.0,0.9824561403508771,0.01754385964912286
"F[0,1]((Calcium <= 3.749 & Potassium <= 2.001) & Magnesium >= 0.049)
",-9999999.000,-9999999.000,0.000,0.000,1.000,28,0,0,1,29,0,28,1,0.9655172413793104,0,0,1.0,0.9824561403508771,0.01754385964912286
"F[0,0](((Potassium <= 3.235 -> Lactate >= 0.000) | HR >= 0.000) -> DBP <= 0.000)
",-27645.000,-27645.000,0.000,0.000,1.000,26,0,0,3,29,0,26,3,0.896551724137931,0,0,1.0,0.9122807017543859,0.08771929824561409
"F[0,1]((DBP >= 4.049 -> Platelets <= 20.212) & Phosphate >= 1.332)
",-9999999.000,-9999999.000,0.000,0.000,1.000,26,0,0,3,29,0,26,3,0.896551724137931,0,0,1.0,0.9122807017543859,0.08771929824561409
"((O2Sat <= 99.475) U[1,1] (WBC >= 0.110))
",3499959215982437.500,99.475,0.000,0.000,1.000,26,0,0,3,29,0,26,3,0.896551724137931,0,0,1.0,0.9122807017543859,0.08771929824561409
"((O2Sat <= 98.898) U[0,1] (Platelets >= 6.589))
",-9999999.000,-9999999.000,0.000,0.000,1.000,26,0,0,3,29,0,26,3,0.896551724137931,0,0,1.0,0.9122807017543859,0.08771929824561409
"F[1,1]((WBC >= 0.144 | BUN <= 3.295) -> SepsisLabel >= 0.226)
",-3.295,-3.295,0.000,0.000,1.000,25,0,0,4,29,0,25,4,0.8620689655172413,0,0,1.0,0.8771929824561403,0.1228070175438597
"F[0,1]((Bilirubin_total <= 0.000 -> Creatinine <= 0.635) -> TroponinI >= 0.030)
",-9999999.000,-9999999.000,0.000,0.000,1.000,25,0,0,4,29,0,25,4,0.8620689655172413,0,0,1.0,0.8771929824561403,0.1228070175438597
"F[0,1](((BUN >= 0.004 | Calcium >= 0.513) & FiO2 <= 8.079) & O2Sat >= 0.516)
",-9999999.000,-9999999.000,0.000,0.000,1.000,23,0,0,6,29,0,23,6,0.7931034482758621,0,0,1.0,0.8070175438596491,0.19298245614035092
"F[1,1]((SepsisLabel <= 0.000 | Calcium >= 0.163) -> Creatinine >= 0.396)
",0.000,0.000,0.000,0.000,1.000,23,0,0,6,29,0,23,6,0.7931034482758621,0,0,1.0,0.8070175438596491,0.19298245614035092
"F[1,1](MAP >= 36.174 -> Calcium >= 0.473)
",4256879701688331.500,0.473,0.000,0.000,1.000,23,0,0,6,29,0,23,6,0.7931034482758621,0,0,1.0,0.8070175438596491,0.19298245614035092
"((WBC <= 0.642) U[1,1] (Potassium >= 0.300))
",0.642,0.642,0.000,0.000,1.000,22,0,0,7,29,0,22,7,0.7586206896551724,0,0,1.0,0.7719298245614035,0.22807017543859653
"F[0,0](((Resp <= 18.553 | WBC >= 0.118) | Lactate >= 0.027) -> Calcium >= 0.086)
",-0.888,-89.100,0.000,0.000,1.000,18,0,0,11,29,0,18,11,0.6206896551724138,0,0,1.0,0.631578947368421,0.368421052631579
"((MAP >= 7.237) U[0,1] (SBP <= 108.219))
",-9999999.000,-9999999.000,0.000,0.000,1.000,16,0,0,13,29,0,16,13,0.5517241379310345,0,0,1.0,0.5614035087719298,0.4385964912280702
"F[0,1]((Temp >= 7.324 & HCO3 >= 0.000) & EtCO2 <= 0.000)
",-9999999.000,-9999999.000,0.000,0.000,1.000,15,0,0,14,29,0,15,14,0.5172413793103449,0,0,1.0,0.5263157894736842,0.4736842105263158
"F[0,0](Glucose >= 48.823 & BaseExcess <= 0.000)
",-48.823,-48.823,0.000,0.000,1.000,15,0,0,14,29,0,15,14,0.5172413793103449,0,0,1.0,0.5263157894736842,0.4736842105263158
"((Glucose > 69.525) U[1,2] (SepsisLabel = 0.000))
",-9999999.000,-9999999.000,0.000,0.000,1.000,14,0,0,15,29,0,14,15,0.4827586206896552,0,0,1.0,0.49122807017543857,0.5087719298245614
"((Glucose >= 18.260) U[1,2] (WBC <= 4.835))
",-9999999.000,-9999999.000,0.000,0.000,1.000,13,0,0,16,29,0,13,16,0.4482758620689655,0,0,1.0,0.45614035087719296,0.543859649122807
"((Temp <= 12.441) U[1,2] (SepsisLabel = 0.000))
",-9999999.000,-9999999.000,0.000,0.000,1.000,8,0,0,21,29,0,8,21,0.27586206896551724,0,0,1.0,0.2807017543859649,0.7192982456140351
"F[1,1](((Platelets <= 17.768 & Lactate <= 0.000) & Temp <= 0.000) & Hct >= 0.000)
",0.000,0.000,0.000,0.000,1.000,7,0,0,22,29,0,7,22,0.2413793103448276,0,0,1.0,0.24561403508771928,0.7543859649122807
"F[1,1](((Calcium < 5.073 & Potassium < 3.139) & Magnesium < 1.731) & Phosphate < 3.225)
",1.731,1.731,0.000,0.000,1.000,6,0,0,23,29,0,6,23,0.20689655172413793,0,0,1.0,0.21052631578947367,0.7894736842105263
"F[1,1]((Phosphate >= 0.139 & Magnesium > 0.161) -> Calcium < 4.520)
",-5088521849671516.000,-4.520,0.000,0.000,1.000,5,0,0,24,29,0,5,24,0.1724137931034483,0,0,1.0,0.17543859649122806,0.8245614035087719
"F[1,1]((Phosphate >= 0.132 & Magnesium > 0.117) -> Calcium < 0.763)
",-2291900684570499.500,-0.763,0.000,0.000,1.000,5,0,0,24,29,0,5,24,0.1724137931034483,0,0,1.0,0.17543859649122806,0.8245614035087719
"((Creatinine <= 0.076) U[0,1] (Glucose <= 146.944))
",-9999999.000,-9999999.000,0.000,0.000,1.000,5,0,0,24,29,0,5,24,0.1724137931034483,0,0,1.0,0.17543859649122806,0.8245614035087719
"((MAP >= 2.873) U[1,1] (SBP <= 120.081))
",8449934763830936.000,120.081,0.000,0.000,1.000,4,0,0,25,29,0,4,25,0.13793103448275862,0,0,1.0,0.14035087719298245,0.8596491228070176
"((MAP >= 5.254) U[1,1] (SBP <= 123.260))
",123.260,123.260,0.000,0.000,1.000,4,0,0,25,29,0,4,25,0.13793103448275862,0,0,1.0,0.14035087719298245,0.8596491228070176
"((HR >= 36.330) U[1,1] (Platelets <= 104.232))
",3667347060708069.000,104.232,0.000,0.000,1.000,3,0,0,26,29,0,3,26,0.10344827586206896,0,0,1.0,0.10526315789473684,0.8947368421052632
"F[0,1](DBP >= 10.375 -> MAP <= 85.839)
",-9999999.000,-9999999.000,0.000,0.000,1.000,2,0,0,27,29,0,2,27,0.06896551724137931,0,0,1.0,0.07017543859649122,0.9298245614035088
"F[1,1]((Hct <= 26.507 & Chloride <= 0.000) & Hct <= 0.000)
",0.000,0.000,0.000,0.000,1.000,2,0,0,27,29,0,2,27,0.06896551724137931,0,0,1.0,0.07017543859649122,0.9298245614035088
"F[1,1](Hct <= 24.709 | Platelets <= 38.287)
",5388424854747327.000,38.287,0.000,0.000,1.000,2,0,0,27,29,0,2,27,0.06896551724137931,0,0,1.0,0.07017543859649122,0.9298245614035088
"((MAP >= 52.149) U[1,2] (SBP <= 122.778))
",-9999999.000,-9999999.000,0.000,0.000,1.000,2,0,0,27,29,0,2,27,0.06896551724137931,0,0,1.0,0.07017543859649122,0.9298245614035088
"((AST >= 0.000) U[0,1] (Glucose <= 188.675))
",-9999999.000,-9999999.000,0.000,0.000,1.000,2,0,0,27,29,0,2,27,0.06896551724137931,0,0,1.0,0.07017543859649122,0.9298245614035088
"((MAP >= 38.061) U[1,2] (SBP <= 117.029))
",-9999999.000,-9999999.000,0.000,0.000,1.000,2,0,0,27,29,0,2,27,0.06896551724137931,0,0,1.0,0.07017543859649122,0.9298245614035088
"F[1,1](Hgb <= 7.095 | Hct <= 29.922)
",4211124903037579.500,29.922,0.000,0.000,1.000,2,0,0,27,29,0,2,27,0.06896551724137931,0,0,1.0,0.07017543859649122,0.9298245614035088
"((MAP >= 38.885) U[1,2] (SBP <= 124.920))
",-9999999.000,-9999999.000,0.000,0.000,1.000,2,0,0,27,29,0,2,27,0.06896551724137931,0,0,1.0,0.07017543859649122,0.9298245614035088
"F[1,1](Hgb <= 4.952 | Hct <= 33.572)
",4724863235649924.000,33.572,0.000,0.000,1.000,2,0,0,27,29,0,2,27,0.06896551724137931,0,0,1.0,0.07017543859649122,0.9298245614035088
"F[1,1]((Platelets <= 122.533 | AST <= 0.000) -> Hgb <= 0.000)
",-8622459100347678.000,-122.533,0.000,0.000,1.000,2,0,0,27,29,0,2,27,0.06896551724137931,0,0,1.0,0.07017543859649122,0.9298245614035088
"F[0,0]((Glucose <= 262.082 & SepsisLabel >= 0.000) & pH >= 0.000)
",0.000,0.000,0.000,0.000,1.000,1,0,0,28,29,0,1,28,0.034482758620689655,0,0,1.0,0.03508771929824561,0.9649122807017544
"((Calcium >= 0.568) U[0,0] (O2Sat >= 34.848))
",3.805,46.091,0.000,0.000,1.000,1,0,0,28,29,0,1,28,0.034482758620689655,0,0,1.0,0.03508771929824561,0.9649122807017544
"F[1,2](Fibrinogen >= 0.000 & pH >= 0.000)
",-9999999.000,-9999999.000,0.000,0.000,1.000,0,0,0,29,29,0,0,29,0.0,0,0,0.0,0.0,1.0
"F[0,1]((MAP <= 88.663 & Hgb <= 1.855) | Creatinine >= 0.394)
",-9999999.000,-9999999.000,0.000,0.000,1.000,0,0,0,29,29,0,0,29,0.0,0,0,0.0,0.0,1.0
"F[2,2](((FiO2 <= 0.000 | SepsisLabel >= 0.000) | HR >= 0.000) & Alkalinephos <= 0.000)
",0.000,0.000,0.000,0.000,1.000,0,0,0,29,29,0,0,29,0.0,0,0,0.0,0.0,1.0
"F[0,1](((Chloride >= 0.000 -> SBP <= 117.331) -> Resp <= 128.686) & DBP >= 42.336)
",-9999999.000,-9999999.000,0.000,0.000,1.000,0,0,0,29,29,0,0,29,0.0,0,0,0.0,0.0,1.0
"((Calcium >= 0.121) U[0,2] (PaCO2 <= 0.000))
",-9999999.000,-9999999.000,0.000,0.000,1.000,0,0,0,29,29,0,0,29,0.0,0,0,0.0,0.0,1.0
"F[0,1](HR >= 3.733 -> HCO3 <= 0.000)
",-9999999.000,-9999999.000,0.000,0.000,1.000,0,0,0,29,29,0,0,29,0.0,0,0,0.0,0.0,1.0
"F[0,2](((PaCO2 <= 0.000 | PaCO2 <= 0.000) & HCO3 <= 0.000) | DBP <= 0.000)
",-9999999.000,-9999999.000,0.000,0.000,1.000,0,0,0,29,29,0,0,29,0.0,0,0,0.0,0.0,1.0
"F[0,1]((WBC <= 3.294 & TroponinI <= 0.000) & HR >= 0.000)
",-9999999.000,-9999999.000,0.000,0.000,1.000,0,0,0,29,29,0,0,29,0.0,0,0,0.0,0.0,1.0
"F[1,2](SaO2 <= 0.000 -> Calcium <= 6.827)
",-9999999.000,-9999999.000,0.000,0.000,1.000,0,0,0,29,29,0,0,29,0.0,0,0,0.0,0.0,1.0
"F[1,2]((Bilirubin_direct <= 0.000 | SBP >= 87.663) -> Magnesium >= 92.378)
",-9999999.000,-9999999.000,0.000,0.000,1.000,0,0,0,29,29,0,0,29,0.0,0,0,0.0,0.0,1.0
"F[0,1](((EtCO2 >= 0.000 -> AST >= 0.000) | Hgb >= 0.000) & Phosphate >= 0.000)
",-9999999.000,-9999999.000,0.000,0.000,1.000,0,0,0,29,29,0,0,29,0.0,0,0,0.0,0.0,1.0
"F[0,1](Fibrinogen <= 0.000 | PTT <= 0.000)
",-9999999.000,-9999999.000,0.000,0.000,1.000,0,0,0,29,29,0,0,29,0.0,0,0,0.0,0.0,1.0
"((HR <= 106.249) U[0,1] (PaCO2 <= 0.000))
",-9999999.000,-9999999.000,0.000,0.000,1.000,0,0,0,29,29,0,0,29,0.0,0,0,0.0,0.0,1.0
"F[0,1](((Platelets <= 45.658 | Hgb <= 2.979) | Glucose <= 7.930) & HR >= 0.016)
",-9999999.000,-9999999.000,0.000,0.000,1.000,0,0,0,29,29,0,0,29,0.0,0,0,0.0,0.0,1.0
"F[0,1]((Platelets >= 2.544 -> AST <= 0.000) & BaseExcess <= 0.000)
",-9999999.000,-9999999.000,0.000,0.000,1.000,0,0,0,29,29,0,0,29,0.0,0,0,0.0,0.0,1.0
"F[2,2](((SaO2 >= 0.000 -> Magnesium >= 0.147) -> EtCO2 >= 0.043) & EtCO2 >= 0.121)
",-0.121,-0.121,0.000,0.000,1.000,0,0,0,29,29,0,0,29,0.0,0,0,0.0,0.0,1.0
"F[1,2](((BaseExcess >= 0.000 -> Bilirubin_total <= 0.000) | Calcium >= 0.000) & TroponinI >= 0.000)
",-9999999.000,-9999999.000,0.000,0.000,1.000,0,0,0,29,29,0,0,29,0.0,0,0,0.0,0.0,1.0
"F[0,2]((Creatinine <= 0.719 & AST <= 0.000) -> Potassium >= 0.000)
",-9999999.000,-9999999.000,0.000,0.000,1.000,0,0,0,29,29,0,0,29,0.0,0,0,0.0,0.0,1.0
"((Platelets >= 0.452) U[0,1] (Resp <= 21.413))
",-9999999.000,-9999999.000,0.000,0.000,1.000,0,0,0,29,29,0,0,29,0.0,0,0,0.0,0.0,1.0
"((Calcium <= 7.187) U[1,2] (Platelets >= 1.076))
",-9999999.000,-9999999.000,0.000,0.000,1.000,0,0,0,29,29,0,0,29,0.0,0,0,0.0,0.0,1.0
"F[1,1](((Magnesium <= 2.040 & Chloride >= 0.000) -> FiO2 <= 0.000) | WBC <= 0.000)
",0.000,0.000,0.000,0.000,1.000,0,0,0,29,29,0,0,29,0.0,0,0,0.0,0.0,1.0
"F[1,1]((O2Sat <= 98.266 | SBP >= 12.746) | SBP <= 112.101)
",2629458280413774.000,112.101,0.000,0.000,1.000,0,0,0,29,29,0,0,29,0.0,0,0,0.0,0.0,1.0
"F[0,0]((PTT <= 0.000 & Chloride <= 0.000) | Fibrinogen <= 0.000)
",0.000,0.000,0.000,0.000,1.000,0,0,0,29,29,0,0,29,0.0,0,0,0.0,0.0,1.0
"F[0,2](((O2Sat >= 4.500 | Alkalinephos >= 0.000) & Chloride >= 0.000) | Platelets >= 0.000)
",-9999999.000,-9999999.000,0.000,0.000,1.000,0,0,0,29,29,0,0,29,0.0,0,0,0.0,0.0,1.0
"F[0,2](((WBC <= 5.248 -> BUN >= 0.433) & O2Sat >= 0.169) -> SepsisLabel >= 0.543)
",-9999999.000,-9999999.000,0.000,0.000,1.000,0,0,0,29,29,0,0,29,0.0,0,0,0.0,0.0,1.0
"F[0,1](O2Sat <= 99.072 | Hct <= 20.882)
",-9999999.000,-9999999.000,0.000,0.000,1.000,0,0,0,29,29,0,0,29,0.0,0,0,0.0,0.0,1.0
"((Lactate >= 0.000) U[1,2] (Fibrinogen <= 0.000))
",-9999999.000,-9999999.000,0.000,0.000,1.000,0,0,0,29,29,0,0,29,0.0,0,0,0.0,0.0,1.0
"((Bilirubin_total <= 0.000) U[2,2] (Magnesium >= 0.060))
",0.000,0.000,0.000,0.000,1.000,0,0,0,29,29,0,0,29,0.0,0,0,0.0,0.0,1.0
"F[1,2]((Temp >= 8.217 -> SepsisLabel >= 0.000) & Bilirubin_total <= 0.000)
",-9999999.000,-9999999.000,0.000,0.000,1.000,0,0,0,29,29,0,0,29,0.0,0,0,0.0,0.0,1.0
"F[0,2]((BaseExcess >= 0.000 -> DBP >= 34.490) -> HR >= 0.339)
",-9999999.000,-9999999.000,0.000,0.000,1.000,0,0,0,29,29,0,0,29,0.0,0,0,0.0,0.0,1.0
"F[2,2]((HCO3 >= 0.000 | Alkalinephos <= 0.000) -> Hgb <= 0.000)
",0.000,0.000,0.000,0.000,1.000,0,0,0,29,29,0,0,29,0.0,0,0,0.0,0.0,1.0
"F[1,2]((Bilirubin_direct <= 0.000 & Chloride >= 0.000) & O2Sat <= 0.000)
",-9999999.000,-9999999.000,0.000,0.000,1.000,0,0,0,29,29,0,0,29,0.0,0,0,0.0,0.0,1.0
"F[0,0](((FiO2 >= 0.000 -> BaseExcess <= 0.000) | Temp <= 0.000) -> TroponinI >= 0.000)
",0.000,0.000,0.000,0.000,1.000,0,0,0,29,29,0,0,29,0.0,0,0,0.0,0.0,1.0
"F[0,2]((BaseExcess <= 0.000 -> PaCO2 <= 0.000) & Potassium <= 0.000)
",-9999999.000,-9999999.000,0.000,0.000,1.000,0,0,0,29,29,0,0,29,0.0,0,0,0.0,0.0,1.0
"F[0,2]((FiO2 >= 0.000 | Platelets <= 20.578) | pH >= 4.674)
",-9999999.000,-9999999.000,0.000,0.000,1.000,0,0,0,29,29,0,0,29,0.0,0,0,0.0,0.0,1.0
"F[1,2]((HR <= 100.889 -> Calcium <= 1.835) -> Phosphate <= 8.425)
",-9999999.000,-9999999.000,0.000,0.000,1.000,0,0,0,29,29,0,0,29,0.0,0,0,0.0,0.0,1.0
"F[0,2]((BaseExcess <= 0.000 & PTT >= 0.000) -> O2Sat <= 0.000)
",-9999999.000,-9999999.000,0.000,0.000,1.000,0,0,0,29,29,0,0,29,0.0,0,0,0.0,0.0,1.0
"((Chloride >= 0.000) U[1,1] (SBP >= 50.834))
",0.000,0.000,0.000,0.000,1.000,0,0,0,29,29,0,0,29,0.0,0,0,0.0,0.0,1.0
"F[0,0](((Creatinine <= 0.571 | Chloride <= 0.000) | O2Sat >= 0.000) & HCO3 <= 0.000)
",0.000,0.000,0.000,0.000,1.000,0,0,0,29,29,0,0,29,0.0,0,0,0.0,0.0,1.0
"F[2,2]((Magnesium <= 1.579 | BaseExcess <= 0.000) & AST <= 0.000)
",0.000,0.000,0.000,0.000,1.000,0,0,0,29,29,0,0,29,0.0,0,0,0.0,0.0,1.0
"((Potassium >= 0.192) U[0,1] (Creatinine <= 0.105))
",-9999999.000,-9999999.000,0.000,0.000,1.000,0,0,0,29,29,0,0,29,0.0,0,0,0.0,0.0,1.0
"F[0,0](((Bilirubin_total <= 0.000 | TroponinI <= 0.000) | HCO3 >= 0.000) -> Hgb <= 0.000)
",0.000,0.000,0.000,0.000,1.000,0,0,0,29,29,0,0,29,0.0,0,0,0.0,0.0,1.0
"F[0,2](Resp <= 23.216 | Creatinine <= 0.574)
",-9999999.000,-9999999.000,0.000,0.000,1.000,0,0,0,29,29,0,0,29,0.0,0,0,0.0,0.0,1.0
"F[0,1](((Calcium <= 0.892 & WBC <= 1.473) | Potassium <= 3.259) | DBP <= 4.763)
",-9999999.000,-9999999.000,0.000,0.000,1.000,0,0,0,29,29,0,0,29,0.0,0,0,0.0,0.0,1.0
"F[2,2](((Calcium >= 0.170 & SBP >= 49.780) -> Potassium >= 68.035) -> Potassium <= 126.301)
",-2962539111213255.500,-126.301,0.000,0.000,1.000,0,0,0,29,29,0,0,29,0.0,0,0,0.0,0.0,1.0
"F[1,2](PTT <= 0.000 | Resp <= 18.389)
",-9999999.000,-9999999.000,0.000,0.000,1.000,0,0,0,29,29,0,0,29,0.0,0,0,0.0,0.0,1.0
"F[1,1](((Bilirubin_total <= 0.000 -> Lactate <= 0.000) | SepsisLabel >= 0.000) & SaO2 >= 0.000)
",0.000,0.000,0.000,0.000,1.000,0,0,0,29,29,0,0,29,0.0,0,0,0.0,0.0,1.0
"F[0,2]((Creatinine <= 0.298 -> O2Sat <= 99.002) & DBP >= 26.491)
",-9999999.000,-9999999.000,0.000,0.000,1.000,0,0,0,29,29,0,0,29,0.0,0,0,0.0,0.0,1.0
"F[0,0]((Temp <= 13.969 -> Fibrinogen >= 0.000) -> pH >= 0.000)
",0.000,0.000,0.000,0.000,1.000,0,0,0,29,29,0,0,29,0.0,0,0,0.0,0.0,1.0
"F[0,1]((Phosphate <= 3.268 & Magnesium <= 0.874) | Alkalinephos >= 0.152)
",-9999999.000,-9999999.000,0.000,0.000,1.000,0,0,0,29,29,0,0,29,0.0,0,0,0.0,0.0,1.0
"F[2,2]((O2Sat <= 99.758 & Resp >= 6.269) | Platelets <= 19.668)
",19.668,19.668,0.000,0.000,1.000,0,0,0,29,29,0,0,29,0.0,0,0,0.0,0.0,1.0
"F[0,1](EtCO2 >= 0.000 & FiO2 <= 0.000)
",-9999999.000,-9999999.000,0.000,0.000,1.000,0,0,0,29,29,0,0,29,0.0,0,0,0.0,0.0,1.0
"F[0,2](((PTT >= 0.000 & HR <= 94.007) -> Creatinine >= 20.815) & AST >= 58.875)
",-9999999.000,-9999999.000,0.000,0.000,1.000,0,0,0,29,29,0,0,29,0.0,0,0,0.0,0.0,1.0
"F[0,2]((AST <= 0.000 -> Bilirubin_direct <= 0.000) | SBP >= 0.000)
",-9999999.000,-9999999.000,0.000,0.000,1.000,0,0,0,29,29,0,0,29,0.0,0,0,0.0,0.0,1.0
"F[0,1](AST <= 0.000 | Calcium >= 0.413)
",-9999999.000,-9999999.000,0.000,0.000,1.000,0,0,0,29,29,0,0,29,0.0,0,0,0.0,0.0,1.0
"F[2,2](Temp >= 0.060 | Potassium <= 0.879)
",7918748714836574.000,0.879,0.000,0.000,1.000,0,0,0,29,29,0,0,29,0.0,0,0,0.0,0.0,1.0
"((Resp <= 21.184) U[0,2] (BUN >= 0.080))
",-9999999.000,-9999999.000,0.000,0.000,1.000,0,0,0,29,29,0,0,29,0.0,0,0,0.0,0.0,1.0
"F[1,1]((Bilirubin_direct >= 0.000 -> SepsisLabel <= 0.000) -> Bilirubin_direct <= 0.000)
",0.000,0.000,0.000,0.000,1.000,0,0,0,29,29,0,0,29,0.0,0,0,0.0,0.0,1.0
"F[1,2](Hgb <= 2.745 | Hct <= 12.294)
",-9999999.000,-9999999.000,0.000,0.000,1.000,0,0,0,29,29,0,0,29,0.0,0,0,0.0,0.0,1.0
"((SBP >= 103.479) U[0,1] (Calcium <= 7.324))
",-9999999.000,-9999999.000,0.000,0.000,1.000,0,0,0,29,29,0,0,29,0.0,0,0,0.0,0.0,1.0
"F[1,2](((AST >= 0.000 -> pH >= 0.000) | FiO2 >= 0.000) | HCO3 <= 0.000)
",-9999999.000,-9999999.000,0.000,0.000,1.000,0,0,0,29,29,0,0,29,0.0,0,0,0.0,0.0,1.0
"((AST >= 0.000) U[0,2] (PaCO2 <= 0.000))
",-9999999.000,-9999999.000,0.000,0.000,1.000,0,0,0,29,29,0,0,29,0.0,0,0,0.0,0.0,1.0
"F[2,2]((TroponinI >= 0.000 | Calcium >= 0.152) & Lactate >= 0.026)
",-3684707852811034.500,-0.026,0.000,0.000,1.000,0,0,0,29,29,0,0,29,0.0,0,0,0.0,0.0,1.0
"F[1,2]((Alkalinephos >= 0.000 | EtCO2 <= 0.000) & Creatinine >= 0.000)
",-9999999.000,-9999999.000,0.000,0.000,1.000,0,0,0,29,29,0,0,29,0.0,0,0,0.0,0.0,1.0
"F[0,2]((Magnesium >= 0.040 | BaseExcess <= 0.000) -> Creatinine <= 0.000)
",-9999999.000,-9999999.000,0.000,0.000,1.000,0,0,0,29,29,0,0,29,0.0,0,0,0.0,0.0,1.0
"F[2,2](((HCO3 <= 0.000 & HR >= 29.746) -> DBP <= 86.762) -> FiO2 >= 11.803)
",3322197825331973.000,11.803,0.000,0.000,1.000,0,0,0,29,29,0,0,29,0.0,0,0,0.0,0.0,1.0
"F[0,1]((MAP <= 88.874 & SBP >= 83.377) -> PTT <= 125.904)
",-9999999.000,-9999999.000,0.000,0.000,1.000,0,0,0,29,29,0,0,29,0.0,0,0,0.0,0.0,1.0
"F[2,2](AST <= 0.000 & EtCO2 <= 0.000)
",0.000,0.000,0.000,0.000,1.000,0,0,0,29,29,0,0,29,0.0,0,0,0.0,0.0,1.0
"F[1,2](Glucose <= 170.597 | BaseExcess <= 0.000)
",-9999999.000,-9999999.000,0.000,0.000,1.000,0,0,0,29,29,0,0,29,0.0,0,0,0.0,0.0,1.0
"((Potassium >= 0.134) U[0,1] (Lactate <= 0.000))
",-9999999.000,-9999999.000,0.000,0.000,1.000,0,0,0,29,29,0,0,29,0.0,0,0,0.0,0.0,1.0
"F[1,2]((Glucose <= 223.257 | Phosphate >= 0.185) | SBP >= 0.084)
",-9999999.000,-9999999.000,0.000,0.000,1.000,0,0,0,29,29,0,0,29,0.0,0,0,0.0,0.0,1.0
"F[1,1](((Temp >= 7.064 & Hgb >= 0.221) -> PaCO2 >= 0.034) -> Creatinine <= 10.845)
",-6105173337960799.000,-10.845,0.000,0.000,1.000,0,0,0,29,29,0,0,29,0.0,0,0,0.0,0.0,1.0
"F[1,2]((Calcium <= 3.181 -> Bilirubin_total <= 0.000) -> BUN <= 0.000)
",-9999999.000,-9999999.000,0.000,0.000,1.000,0,0,0,29,29,0,0,29,0.0,0,0,0.0,0.0,1.0
"F[1,1](((DBP >= 7.282 -> TroponinI <= 0.000) | Creatinine <= 0.000) -> AST <= 0.000)
",0.000,0.000,0.000,0.000,1.000,0,0,0,29,29,0,0,29,0.0,0,0,0.0,0.0,1.0
"F[0,2](((Potassium <= 2.167 -> Glucose <= 222.380) -> Glucose >= 5.852) & HR >= 73.577)
",-9999999.000,-9999999.000,0.000,0.000,1.000,0,0,0,29,29,0,0,29,0.0,0,0,0.0,0.0,1.0
"F[0,1](Lactate <= 0.000 -> pH <= 0.000)
",-9999999.000,-9999999.000,0.000,0.000,1.000,0,0,0,29,29,0,0,29,0.0,0,0,0.0,0.0,1.0
"F[0,2](((Hct <= 29.045 & SaO2 <= 0.000) & Resp >= 0.000) -> Temp <= 0.000)
",-9999999.000,-9999999.000,0.000,0.000,1.000,0,0,0,29,29,0,0,29,0.0,0,0,0.0,0.0,1.0
"F[0,2](Resp <= 19.763 & Hct <= 13.518)
",-9999999.000,-9999999.000,0.000,0.000,1.000,0,0,0,29,29,0,0,29,0.0,0,0,0.0,0.0,1.0
"F[0,1](Bilirubin_direct >= 0.000 -> Bilirubin_total <= 0.000)
",-9999999.000,-9999999.000,0.000,0.000,1.000,0,0,0,29,29,0,0,29,0.0,0,0,0.0,0.0,1.0
"F[1,2]((Alkalinephos >= 0.000 | SepsisLabel >= 0.000) | Bilirubin_total <= 0.000)
",-9999999.000,-9999999.000,0.000,0.000,1.000,0,0,0,29,29,0,0,29,0.0,0,0,0.0,0.0,1.0
"((MAP <= 91.215) U[0,1] (Creatinine <= 0.729))
",-9999999.000,-9999999.000,0.000,0.000,1.000,0,0,0,29,29,0,0,29,0.0,0,0,0.0,0.0,1.0
"((MAP >= 56.754) U[0,2] (Chloride <= 0.000))
",-9999999.000,-9999999.000,0.000,0.000,1.000,0,0,0,29,29,0,0,29,0.0,0,0,0.0,0.0,1.0
"F[0,0](((Creatinine >= 0.008 & PTT <= 0.000) | Hct <= 0.000) & Creatinine <= 0.000)
",0.000,0.000,0.000,0.000,1.000,0,0,0,29,29,0,0,29,0.0,0,0,0.0,0.0,1.0
"F[1,2]((HR <= 101.870 -> Phosphate >= 0.180) | Potassium >= 0.150)
",-9999999.000,-9999999.000,0.000,0.000,1.000,0,0,0,29,29,0,0,29,0.0,0,0,0.0,0.0,1.0
"((TroponinI <= 0.000) U[0,2] (MAP <= 95.562))
",-9999999.000,-9999999.000,0.000,0.000,1.000,0,0,0,29,29,0,0,29,0.0,0,0,0.0,0.0,1.0
"F[0,0](SaO2 >= 0.000 -> Fibrinogen <= 0.000)
",0.000,0.000,0.000,0.000,1.000,0,0,0,29,29,0,0,29,0.0,0,0,0.0,0.0,1.0
"F[1,2](Glucose <= 84.924 | Chloride >= 0.000)
",-9999999.000,-9999999.000,0.000,0.000,1.000,0,0,0,29,29,0,0,29,0.0,0,0,0.0,0.0,1.0
"F[1,2]((Creatinine <= 0.366 | Resp <= 17.682) & Potassium >= 5.509)
",-9999999.000,-9999999.000,0.000,0.000,1.000,0,0,0,29,29,0,0,29,0.0,0,0,0.0,0.0,1.0
"F[0,0]((FiO2 <= 0.000 & Lactate >= 0.000) & SepsisLabel <= 0.000)
",0.000,0.000,0.000,0.000,1.000,0,0,0,29,29,0,0,29,0.0,0,0,0.0,0.0,1.0
"F[1,2]((Bilirubin_total >= 0.000 & O2Sat >= 67.925) & Platelets <= 97.192)
",-9999999.000,-9999999.000,0.000,0.000,1.000,0,0,0,29,29,0,0,29,0.0,0,0,0.0,0.0,1.0
"F[1,2]((Chloride <= 0.000 & SBP >= 12.392) & FiO2 <= 116.110)
",-9999999.000,-9999999.000,0.000,0.000,1.000,0,0,0,29,29,0,0,29,0.0,0,0,0.0,0.0,1.0
"F[0,2](((HCO3 <= 0.000 | Phosphate >= 0.032) & SBP >= 0.024) & Chloride <= 0.293)
",-9999999.000,-9999999.000,0.000,0.000,1.000,0,0,0,29,29,0,0,29,0.0,0,0,0.0,0.0,1.0
"F[0,1](((BUN >= 0.044 -> Lactate <= 0.000) -> Magnesium <= 0.000) -> pH <= 0.000)
",-9999999.000,-9999999.000,0.000,0.000,1.000,0,0,0,29,29,0,0,29,0.0,0,0,0.0,0.0,1.0
"F[0,1](Glucose <= 167.901 -> BUN <= 1.093)
",-9999999.000,-9999999.000,0.000,0.000,1.000,0,0,0,29,29,0,0,29,0.0,0,0,0.0,0.0,1.0
"((PTT >= 0.000) U[0,1] (HR >= 7.103))
",-9999999.000,-9999999.000,0.000,0.000,1.000,0,0,0,29,29,0,0,29,0.0,0,0,0.0,0.0,1.0
"F[0,1]((AST <= 0.000 -> Fibrinogen <= 0.000) -> Resp >= 0.000)
",-9999999.000,-9999999.000,0.000,0.000,1.000,0,0,0,29,29,0,0,29,0.0,0,0,0.0,0.0,1.0
"F[0,2]((PaCO2 <= 0.000 | BUN >= 0.318) -> Hct >= 0.384)
",-9999999.000,-9999999.000,0.000,0.000,1.000,0,0,0,29,29,0,0,29,0.0,0,0,0.0,0.0,1.0
"F[0,2](((Creatinine >= 0.011 | PTT <= 0.000) -> O2Sat >= 0.000) | WBC >= 0.000)
",-9999999.000,-9999999.000,0.000,0.000,1.000,0,0,0,29,29,0,0,29,0.0,0,0,0.0,0.0,1.0
"F[0,1](Glucose >= 69.095 -> BaseExcess >= 0.000)
",-9999999.000,-9999999.000,0.000,0.000,1.000,0,0,0,29,29,0,0,29,0.0,0,0,0.0,0.0,1.0
"F[0,2]((Bilirubin_total >= 0.000 -> Calcium >= 0.099) & WBC <= 1.789)
",-9999999.000,-9999999.000,0.000,0.000,1.000,0,0,0,29,29,0,0,29,0.0,0,0,0.0,0.0,1.0
"F[0,2](((PaCO2 <= 0.000 & MAP <= 79.325) | Glucose <= 84.385) & BUN >= 34.349)
",-9999999.000,-9999999.000,0.000,0.000,1.000,0,0,0,29,29,0,0,29,0.0,0,0,0.0,0.0,1.0
"F[0,1](((O2Sat <= 99.045 & Potassium >= 0.076) | SepsisLabel <= 2.489) -> SepsisLabel <= 0.449)
",-9999999.000,-9999999.000,0.000,0.000,1.000,0,0,0,29,29,0,0,29,0.0,0,0,0.0,0.0,1.0
"F[0,2](((pH >= 0.000 -> DBP >= 41.826) | Platelets >= 58.745) -> MAP >= 52.365)
",-9999999.000,-9999999.000,0.000,0.000,1.000,0,0,0,29,29,0,0,29,0.0,0,0,0.0,0.0,1.0
"F[0,0](BUN <= 5.880 | BaseExcess >= 0.000)
",3309941579039589.000,5.880,0.000,0.000,1.000,0,0,0,29,29,0,0,29,0.0,0,0,0.0,0.0,1.0
"F[0,0](HR >= 66.362 -> Platelets <= 128.056)
",-27578.638,-27578.638,0.000,0.000,1.000,0,0,0,29,29,0,0,29,0.0,0,0,0.0,0.0,1.0
"F[0,2](((Bilirubin_direct <= 0.000 | AST >= 0.000) | Potassium <= 0.000) & EtCO2 >= 0.000)
",-9999999.000,-9999999.000,0.000,0.000,1.000,0,0,0,29,29,0,0,29,0.0,0,0,0.0,0.0,1.0
"F[0,1](((Magnesium >= 0.175 | BaseExcess >= 0.000) -> Hgb <= 0.000) -> BUN >= 0.000)
",-9999999.000,-9999999.000,0.000,0.000,1.000,0,0,0,29,29,0,0,29,0.0,0,0,0.0,0.0,1.0
"((Fibrinogen <= 0.000) U[2,2] (HCO3 <= 0.000))
",0.000,0.000,0.000,0.000,1.000,0,0,0,29,29,0,0,29,0.0,0,0,0.0,0.0,1.0
"F[1,2]((Glucose >= 37.430 & SepsisLabel <= 0.000) -> FiO2 >= 0.000)
",-9999999.000,-9999999.000,0.000,0.000,1.000,0,0,0,29,29,0,0,29,0.0,0,0,0.0,0.0,1.0
"((Platelets >= 4.043) U[0,2] (Creatinine >= 0.014))
",-9999999.000,-9999999.000,0.000,0.000,1.000,0,0,0,29,29,0,0,29,0.0,0,0,0.0,0.0,1.0
"F[1,2](((pH >= 0.000 | Calcium >= 0.494) & PTT >= 0.508) -> Phosphate <= 2.196)
",-9999999.000,-9999999.000,0.000,0.000,1.000,0,0,0,29,29,0,0,29,0.0,0,0,0.0,0.0,1.0
"F[2,2](((HR <= 86.070 -> Temp >= 2.902) & SaO2 <= 8.495) & DBP <= 29.143)
",-6056636857717055.000,-86.070,0.000,0.000,1.000,0,0,0,29,29,0,0,29,0.0,0,0,0.0,0.0,1.0
"((SepsisLabel <= 0.000) U[0,1] (SepsisLabel <= 0.000))
",-9999999.000,-9999999.000,0.000,0.000,1.000,0,0,0,29,29,0,0,29,0.0,0,0,0.0,0.0,1.0
"((SaO2 >= 0.000) U[0,1] (Alkalinephos >= 0.000))
",-9999999.000,-9999999.000,0.000,0.000,1.000,0,0,0,29,29,0,0,29,0.0,0,0,0.0,0.0,1.0
"F[0,2](((Phosphate >= 0.043 | Calcium >= 0.218) -> HR >= 0.547) -> HR >= 0.647)
",-9999999.000,-9999999.000,0.000,0.000,1.000,0,0,0,29,29,0,0,29,0.0,0,0,0.0,0.0,1.0
"((HR >= 55.765) U[0,0] (Chloride >= 0.000))
",7583671208785406.000,27589.235,0.000,0.000,1.000,0,0,0,29,29,0,0,29,0.0,0,0,0.0,0.0,1.0
"F[0,2]((Alkalinephos >= 0.000 & Calcium <= 7.831) | Chloride <= 2.291)
",-9999999.000,-9999999.000,0.000,0.000,1.000,0,0,0,29,29,0,0,29,0.0,0,0,0.0,0.0,1.0
"F[1,2](Calcium >= 0.500 -> pH >= 0.000)
",-9999999.000,-9999999.000,0.000,0.000,1.000,0,0,0,29,29,0,0,29,0.0,0,0,0.0,0.0,1.0
"F[1,2]((Calcium <= 7.334 & AST >= 0.000) & DBP >= 0.000)
",-9999999.000,-9999999.000,0.000,0.000,1.000,0,0,0,29,29,0,0,29,0.0,0,0,0.0,0.0,1.0
"F[0,0](((Resp >= 11.120 | SepsisLabel <= 0.000) & Bilirubin_total >= 0.000) | Calcium <= 0.000)
",0.277,0.214,0.000,0.000,1.000,0,0,0,29,29,0,0,29,0.0,0,0,0.0,0.0,1.0
"F[2,2](((Potassium <= 3.361 | PaCO2 <= 0.000) | pH >= 0.000) | BaseExcess <= 0.000)
",2522831884643196.500,3.361,0.000,0.000,1.000,0,0,0,29,29,0,0,29,0.0,0,0,0.0,0.0,1.0
"F[1,2](MAP >= 3.696 -> HCO3 >= 0.000)
",-9999999.000,-9999999.000,0.000,0.000,1.000,0,0,0,29,29,0,0,29,0.0,0,0,0.0,0.0,1.0
"F[0,2](((HCO3 >= 0.000 & HR >= 81.488) | Fibrinogen <= 88.397) & BUN >= 75.262)
",-9999999.000,-9999999.000,0.000,0.000,1.000,0,0,0,29,29,0,0,29,0.0,0,0,0.0,0.0,1.0
"F[2,2](Magnesium >= 0.097 -> Magnesium >= 0.168)
",3493596823832602.500,0.097,0.000,0.000,1.000,0,0,0,29,29,0,0,29,0.0,0,0,0.0,0.0,1.0
"F[0,2](((Lactate >= 0.000 -> SaO2 >= 0.000) | BaseExcess >= 0.000) -> AST <= 0.000)
",-9999999.000,-9999999.000,0.000,0.000,1.000,0,0,0,29,29,0,0,29,0.0,0,0,0.0,0.0,1.0
"F[1,2](((Bilirubin_direct >= 0.000 -> SaO2 <= 0.000) -> O2Sat >= 0.000) | SBP <= 0.000)
",-9999999.000,-9999999.000,0.000,0.000,1.000,0,0,0,29,29,0,0,29,0.0,0,0,0.0,0.0,1.0
"F[1,1](Fibrinogen <= 0.000 | FiO2 <= 0.000)
",0.000,0.000,0.000,0.000,1.000,0,0,0,29,29,0,0,29,0.0,0,0,0.0,0.0,1.0
"((Chloride <= 0.000) U[0,1] (SaO2 >= 0.000))
",-9999999.000,-9999999.000,0.000,0.000,1.000,0,0,0,29,29,0,0,29,0.0,0,0,0.0,0.0,1.0
"F[0,2]((DBP <= 77.298 | Creatinine <= 0.733) | Hct <= 0.509)
",-9999999.000,-9999999.000,0.000,0.000,1.000,0,0,0,29,29,0,0,29,0.0,0,0,0.0,0.0,1.0
"((Chloride <= 0.000) U[2,2] (FiO2 <= 0.000))
",0.000,0.000,0.000,0.000,1.000,0,0,0,29,29,0,0,29,0.0,0,0,0.0,0.0,1.0
"F[0,1](O2Sat >= 26.341 & Potassium <= 0.889)
",-9999999.000,-9999999.000,0.000,0.000,1.000,0,0,0,29,29,0,0,29,0.0,0,0,0.0,0.0,1.0
"F[0,0]((Resp <= 19.652 -> HR <= 90.834) | Calcium <= 101.518)
",7143669695613343.000,101.518,0.000,0.000,1.000,0,0,0,29,29,0,0,29,0.0,0,0,0.0,0.0,1.0
"F[1,2](((HCO3 <= 0.000 -> Alkalinephos >= 0.000) & pH <= 0.000) | Bilirubin_total <= 0.000)
",-9999999.000,-9999999.000,0.000,0.000,1.000,0,0,0,29,29,0,0,29,0.0,0,0,0.0,0.0,1.0
"F[0,2](((EtCO2 >= 0.000 -> WBC >= 0.141) -> Resp <= 0.195) | SepsisLabel >= 0.003)
",-9999999.000,-9999999.000,0.000,0.000,1.000,0,0,0,29,29,0,0,29,0.0,0,0,0.0,0.0,1.0
"((Magnesium <= 1.995) U[1,2] (SaO2 >= 0.000))
",-9999999.000,-9999999.000,0.000,0.000,1.000,0,0,0,29,29,0,0,29,0.0,0,0,0.0,0.0,1.0
"F[0,0](((FiO2 >= 0.000 | Bilirubin_direct <= 0.000) | Hgb >= 0.000) & Resp >= 0.000)
",0.000,0.000,0.000,0.000,1.000,0,0,0,29,29,0,0,29,0.0,0,0,0.0,0.0,1.0
"F[0,1]((Glucose <= 217.350 & TroponinI <= 0.000) -> MAP >= 0.000)
",-9999999.000,-9999999.000,0.000,0.000,1.000,0,0,0,29,29,0,0,29,0.0,0,0,0.0,0.0,1.0
"F[0,2]((Bilirubin_total <= 0.000 & Chloride >= 0.000) | pH <= 0.000)
",-9999999.000,-9999999.000,0.000,0.000,1.000,0,0,0,29,29,0,0,29,0.0,0,0,0.0,0.0,1.0
"F[0,1]((Calcium >= 0.131 & WBC >= 0.001) -> FiO2 <= 3.549)
",-9999999.000,-9999999.000,0.000,0.000,1.000,0,0,0,29,29,0,0,29,0.0,0,0,0.0,0.0,1.0
"((Alkalinephos <= 0.000) U[0,1] (SepsisLabel = 0.000))
",-9999999.000,-9999999.000,0.000,0.000,1.000,0,0,0,29,29,0,0,29,0.0,0,0,0.0,0.0,1.0
"F[1,2](Hgb < 9.091 & SepsisLabel = 0.000)
",-9999999.000,-9999999.000,0.000,0.000,1.000,0,0,0,29,29,0,0,29,0.0,0,0,0.0,0.0,1.0
"F[0,2](WBC <= 3.646 -> SepsisLabel = 0.000)
",-9999999.000,-9999999.000,0.000,0.000,1.000,0,0,0,29,29,0,0,29,0.0,0,0,0.0,0.0,1.0
"F[1,1](O2Sat <= 98.671 -> SepsisLabel = 0.000)
",-98.671,-98.671,0.000,0.000,1.000,0,0,0,29,29,0,0,29,0.0,0,0,0.0,0.0,1.0
"((DBP > 48.507) U[0,2] (SepsisLabel = 0.000))
",-9999999.000,-9999999.000,0.000,0.000,1.000,0,0,0,29,29,0,0,29,0.0,0,0,0.0,0.0,1.0
"F[0,2](O2Sat >= 41.896 -> SepsisLabel = 0.000)
",-9999999.000,-9999999.000,0.000,0.000,1.000,0,0,0,29,29,0,0,29,0.0,0,0,0.0,0.0,1.0
"((FiO2 <= 0.000) U[0,2] (SepsisLabel = 0.000))
",-9999999.000,-9999999.000,0.000,0.000,1.000,0,0,0,29,29,0,0,29,0.0,0,0,0.0,0.0,1.0
"((Bilirubin_direct > 0.000) U[0,1] (SepsisLabel = 0.000))
",-9999999.000,-9999999.000,0.000,0.000,1.000,0,0,0,29,29,0,0,29,0.0,0,0,0.0,0.0,1.0
"F[2,2](Resp > 16.031 -> SepsisLabel = 0.000)
",0.000,0.000,0.000,0.000,1.000,0,0,0,29,29,0,0,29,0.0,0,0,0.0,0.0,1.0
"F[0,2](MAP >= 52.440 -> SepsisLabel = 0.000)
",-9999999.000,-9999999.000,0.000,0.000,1.000,0,0,0,29,29,0,0,29,0.0,0,0,0.0,0.0,1.0
"((Chloride > 0.000) U[0,1] (SepsisLabel = 0.000))
",-9999999.000,-9999999.000,0.000,0.000,1.000,0,0,0,29,29,0,0,29,0.0,0,0,0.0,0.0,1.0
"((PaCO2 < 0.000) U[0,0] (SepsisLabel = 0.000))
",0.000,0.000,0.000,0.000,1.000,0,0,0,29,29,0,0,29,0.0,0,0,0.0,0.0,1.0
"((EtCO2 < 0.000) U[2,2] (SepsisLabel = 0.000))
",0.000,0.000,0.000,0.000,1.000,0,0,0,29,29,0,0,29,0.0,0,0,0.0,0.0,1.0
"((Chloride > 0.000) U[0,0] (SepsisLabel = 0.000))
",0.277,0.589,0.000,0.000,1.000,0,0,0,29,29,0,0,29,0.0,0,0,0.0,0.0,1.0
"((Bilirubin_total >= 0.000) U[0,1] (SepsisLabel = 0.000))
",-9999999.000,-9999999.000,0.000,0.000,1.000,0,0,0,29,29,0,0,29,0.0,0,0,0.0,0.0,1.0
"((Fibrinogen >= 0.000) U[1,1] (SepsisLabel = 0.000))
",0.000,0.000,0.000,0.000,1.000,0,0,0,29,29,0,0,29,0.0,0,0,0.0,0.0,1.0
"F[0,2](Fibrinogen > 0.000 & SepsisLabel = 0.000)
",-9999999.000,-9999999.000,0.000,0.000,1.000,0,0,0,29,29,0,0,29,0.0,0,0,0.0,0.0,1.0
"F[0,2](Calcium < 8.111 -> SepsisLabel = 0.000)
",-9999999.000,-9999999.000,0.000,0.000,1.000,0,0,0,29,29,0,0,29,0.0,0,0,0.0,0.0,1.0
"((Calcium > 0.569) U[0,2] (SepsisLabel = 0.000))
",-9999999.000,-9999999.000,0.000,0.000,1.000,0,0,0,29,29,0,0,29,0.0,0,0,0.0,0.0,1.0
"F[2,2](Calcium < 1.988 -> SepsisLabel = 0.000)
",-1.988,-1.988,0.000,0.000,1.000,0,0,0,29,29,0,0,29,0.0,0,0,0.0,0.0,1.0
"F[1,2](((Hgb <= 3.248 & Magnesium >= 0.150) -> AST >= 0.125) | WBC <= 0.557)
",-9999999.000,-9999999.000,0.000,0.000,1.000,0,0,0,29,29,0,0,29,0.0,0,0,0.0,0.0,1.0
"F[0,0](((Calcium >= 0.712 | Hgb <= 11.846) -> HR <= 4.947) | Hct <= 8.661)
",8.661,8.661,0.000,0.000,1.000,0,0,0,29,29,0,0,29,0.0,0,0,0.0,0.0,1.0
"F[1,2](Magnesium >= 0.052 & Phosphate <= 0.266)
",-9999999.000,-9999999.000,0.000,0.000,1.000,0,0,0,29,29,0,0,29,0.0,0,0,0.0,0.0,1.0
"F[1,2]((DBP <= 64.319 & Resp >= 14.604) -> HR >= 7.107)
",-9999999.000,-9999999.000,0.000,0.000,1.000,0,0,0,29,29,0,0,29,0.0,0,0,0.0,0.0,1.0
"F[0,2](((Magnesium >= 0.025 | Platelets <= 121.859) -> Creatinine >= 4.450) & Potassium >= 4.466)
",-9999999.000,-9999999.000,0.000,0.000,1.000,0,0,0,29,29,0,0,29,0.0,0,0,0.0,0.0,1.0
"F[0,2]((Calcium <= 5.220 -> Phosphate >= 0.144) -> SepsisLabel >= 0.021)
",-9999999.000,-9999999.000,0.000,0.000,1.000,0,0,0,29,29,0,0,29,0.0,0,0,0.0,0.0,1.0
"F[1,2]((Hct >= 1.064 & Phosphate >= 0.031) | Resp >= 0.141)
",-9999999.000,-9999999.000,0.000,0.000,1.000,0,0,0,29,29,0,0,29,0.0,0,0,0.0,0.0,1.0
"((Hct <= 16.179) U[0,0] (Magnesium <= 0.366))
",16.179,16.179,0.000,0.000,1.000,0,0,0,29,29,0,0,29,0.0,0,0,0.0,0.0,1.0
"F[1,2](Magnesium <= 1.020 | WBC >= 0.077)
",-9999999.000,-9999999.000,0.000,0.000,1.000,0,0,0,29,29,0,0,29,0.0,0,0,0.0,0.0,1.0
"F[1,2](((Hgb >= 0.204 -> WBC >= 0.046) | PTT <= 0.875) -> SBP <= 2.781)
",-9999999.000,-9999999.000,0.000,0.000,1.000,0,0,0,29,29,0,0,29,0.0,0,0,0.0,0.0,1.0
"F[1,2]((HR >= 24.578 & O2Sat >= 32.097) | DBP <= 98.214)
",-9999999.000,-9999999.000,0.000,0.000,1.000,0,0,0,29,29,0,0,29,0.0,0,0,0.0,0.0,1.0
"F[0,2]((BUN <= 7.116 -> Potassium >= 0.308) | Glucose <= 0.923)
",-9999999.000,-9999999.000,0.000,0.000,1.000,0,0,0,29,29,0,0,29,0.0,0,0,0.0,0.0,1.0
"F[0,2]((Phosphate <= 2.181 | Potassium >= 0.071) & Glucose <= 0.422)
",-9999999.000,-9999999.000,0.000,0.000,1.000,0,0,0,29,29,0,0,29,0.0,0,0,0.0,0.0,1.0
"F[1,2]((BUN <= 6.775 | Creatinine <= 0.679) & DBP >= 0.041)
",-9999999.000,-9999999.000,0.000,0.000,1.000,0,0,0,29,29,0,0,29,0.0,0,0,0.0,0.0,1.0
"((Hgb >= 0.118) U[0,2] (Platelets >= 1.753))
",-9999999.000,-9999999.000,0.000,0.000,1.000,0,0,0,29,29,0,0,29,0.0,0,0,0.0,0.0,1.0
"F[0,2](((MAP >= 28.178 -> SBP <= 117.869) -> EtCO2 >= 15.495) & Potassium >= 95.567)
",-9999999.000,-9999999.000,0.000,0.000,1.000,0,0,0,29,29,0,0,29,0.0,0,0,0.0,0.0,1.0
"F[0,2]((Hct >= 1.173 & WBC >= 0.122) -> WBC <= 4.098)
",-9999999.000,-9999999.000,0.000,0.000,1.000,0,0,0,29,29,0,0,29,0.0,0,0,0.0,0.0,1.0
"F[0,2](BaseExcess >= 0.000 -> SepsisLabel = 0.000)
",-9999999.000,-9999999.000,0.000,0.000,1.000,0,0,0,29,29,0,0,29,0.0,0,0,0.0,0.0,1.0
"F[1,2](FiO2 > 0.000 -> SepsisLabel = 0.000)
",-9999999.000,-9999999.000,0.000,0.000,1.000,0,0,0,29,29,0,0,29,0.0,0,0,0.0,0.0,1.0
"F[1,2](HR >= 68.037 -> SepsisLabel = 0.000)
",-9999999.000,-9999999.000,0.000,0.000,1.000,0,0,0,29,29,0,0,29,0.0,0,0,0.0,0.0,1.0
"F[1,2]((Phosphate >= 0.079 & Magnesium > 0.007) -> Calcium < 6.132)
",-9999999.000,-9999999.000,0.000,0.000,1.000,0,0,0,29,29,0,0,29,0.0,0,0,0.0,0.0,1.0
"F[1,2]((Phosphate >= 0.111 & Magnesium > 0.118) -> Calcium < 2.761)
",-9999999.000,-9999999.000,0.000,0.000,1.000,0,0,0,29,29,0,0,29,0.0,0,0,0.0,0.0,1.0
"F[0,2](((Calcium < 2.998 & Potassium < 1.576) & Magnesium < 2.199) & Phosphate < 2.696)
",-9999999.000,-9999999.000,0.000,0.000,1.000,0,0,0,29,29,0,0,29,0.0,0,0,0.0,0.0,1.0
"F[0,1](Hgb <= 4.494 | Hct <= 15.630)
",-9999999.000,-9999999.000,0.000,0.000,1.000,0,0,0,29,29,0,0,29,0.0,0,0,0.0,0.0,1.0
"F[0,2]((Phosphate >= 0.090 & Magnesium > 0.133) -> Calcium < 2.459)
",-9999999.000,-9999999.000,0.000,0.000,1.000,0,0,0,29,29,0,0,29,0.0,0,0,0.0,0.0,1.0
"F[0,1](((Calcium < 6.089 & Potassium < 2.803) & Magnesium < 1.217) & Phosphate < 0.755)
",-9999999.000,-9999999.000,0.000,0.000,1.000,0,0,0,29,29,0,0,29,0.0,0,0,0.0,0.0,1.0
"F[0,2]((Calcium <= 8.240 & Potassium <= 3.097) & Magnesium >= 0.033)
",-9999999.000,-9999999.000,0.000,0.000,1.000,0,0,0,29,29,0,0,29,0.0,0,0,0.0,0.0,1.0
"F[0,1](Hgb <= 5.034 | Hct <= 34.493)
",-9999999.000,-9999999.000,0.000,0.000,1.000,0,0,0,29,29,0,0,29,0.0,0,0,0.0,0.0,1.0
"F[1,2](((Calcium < 5.227 & Potassium < 2.165) & Magnesium < 0.598) & Phosphate < 3.661)
",-9999999.000,-9999999.000,0.000,0.000,1.000,0,0,0,29,29,0,0,29,0.0,0,0,0.0,0.0,1.0
"F[2,2](((Calcium < 5.429 & Potassium < 1.006) & Magnesium < 2.267) & Phosphate < 0.760)
",6841710790014173.000,0.760,0.000,0.000,1.000,0,0,0,29,29,0,0,29,0.0,0,0,0.0,0.0,1.0
"F[1,2]((Calcium <= 3.494 & Potassium <= 3.634) & Magnesium >= 0.175)
",-9999999.000,-9999999.000,0.000,0.000,1.000,0,0,0,29,29,0,0,29,0.0,0,0,0.0,0.0,1.0
"F[1,2](Hgb <= 6.726 | Hct <= 26.223)
",-9999999.000,-9999999.000,0.000,0.000,1.000,0,0,0,29,29,0,0,29,0.0,0,0,0.0,0.0,1.0
"F[2,2](((Calcium < 5.550 & Potassium < 1.610) & Magnesium < 0.666) & Phosphate < 0.724)
",0.666,0.666,0.000,0.000,1.000,0,0,0,29,29,0,0,29,0.0,0,0,0.0,0.0,1.0
"F[1,2]((Calcium <= 3.323 & Potassium <= 1.297) & Magnesium >= 0.134)
",-9999999.000,-9999999.000,0.000,0.000,1.000,0,0,0,29,29,0,0,29,0.0,0,0,0.0,0.0,1.0
"((MAP >= 77.842) U[0,2] (SBP <= 118.635))
",-9999999.000,-9999999.000,0.000,0.000,1.000,0,0,0,29,29,0,0,29,0.0,0,0,0.0,0.0,1.0
"F[0,1]((Phosphate >= 0.008 & Magnesium > 0.054) -> Calcium < 4.946)
",-9999999.000,-9999999.000,0.000,0.000,1.000,0,0,0,29,29,0,0,29,0.0,0,0,0.0,0.0,1.0
"F[0,1](((Calcium < 7.279 & Potassium < 1.130) & Magnesium < 0.948) & Phosphate < 2.744)
",-9999999.000,-9999999.000,0.000,0.000,1.000,0,0,0,29,29,0,0,29,0.0,0,0,0.0,0.0,1.0
"F[0,1](Hgb <= 11.308 | Hct <= 5.430)
",-9999999.000,-9999999.000,0.000,0.000,1.000,0,0,0,29,29,0,0,29,0.0,0,0,0.0,0.0,1.0
"F[1,2]((Phosphate >= 0.004 & Magnesium > 0.111) -> Calcium < 1.250)
",-9999999.000,-9999999.000,0.000,0.000,1.000,0,0,0,29,29,0,0,29,0.0,0,0,0.0,0.0,1.0
"F[0,1](Hgb >= 0.108 -> SepsisLabel = 0.000)
",-9999999.000,-9999999.000,0.000,0.000,1.000,0,0,0,29,29,0,0,29,0.0,0,0,0.0,0.0,1.0
"F[0,1](Hgb <= 6.547 | Hct <= 34.642)
",-9999999.000,-9999999.000,0.000,0.000,1.000,0,0,0,29,29,0,0,29,0.0,0,0,0.0,0.0,1.0
"((EtCO2 >= 0.000) U[2,2] (SepsisLabel = 0.000))
",0.000,0.000,0.000,0.000,1.000,0,0,0,29,29,0,0,29,0.0,0,0,0.0,0.0,1.0
"((Magnesium <= 0.371) U[1,1] (SepsisLabel = 0.000))
",6691495023260899.000,0.371,0.000,0.000,1.000,0,0,0,29,29,0,0,29,0.0,0,0,0.0,0.0,1.0
"F[2,2](Resp < 23.053 & SepsisLabel = 0.000)
",0.000,0.000,0.000,0.000,1.000,0,0,0,29,29,0,0,29,0.0,0,0,0.0,0.0,1.0
"F[0,2](((Calcium < 6.803 & Potassium < 1.625) & Magnesium < 0.483) & Phosphate < 3.448)
",-9999999.000,-9999999.000,0.000,0.000,1.000,0,0,0,29,29,0,0,29,0.0,0,0,0.0,0.0,1.0
"((MAP >= 36.631) U[2,2] (SBP <= 114.195))
",8035758691941665.000,114.195,0.000,0.000,1.000,0,0,0,29,29,0,0,29,0.0,0,0,0.0,0.0,1.0
"F[0,1]((Phosphate >= 0.161 & Magnesium > 0.019) -> Calcium < 3.611)
",-9999999.000,-9999999.000,0.000,0.000,1.000,0,0,0,29,29,0,0,29,0.0,0,0,0.0,0.0,1.0
"F[0,2](((Calcium < 7.806 & Potassium < 3.470) & Magnesium < 0.714) & Phosphate < 0.246)
",-9999999.000,-9999999.000,0.000,0.000,1.000,0,0,0,29,29,0,0,29,0.0,0,0,0.0,0.0,1.0
"F[2,2]((Phosphate >= 0.011 & Magnesium > 0.044) -> Calcium < 6.300)
",-6.300,-6.300,0.000,0.000,1.000,0,0,0,29,29,0,0,29,0.0,0,0,0.0,0.0,1.0
"((MAP >= 26.127) U[0,2] (SBP <= 112.040))
",-9999999.000,-9999999.000,0.000,0.000,1.000,0,0,0,29,29,0,0,29,0.0,0,0,0.0,0.0,1.0
"F[0,2]((Calcium <= 3.513 & Potassium <= 2.993) & Magnesium >= 0.045)
",-9999999.000,-9999999.000,0.000,0.000,1.000,0,0,0,29,29,0,0,29,0.0,0,0,0.0,0.0,1.0
"F[1,2](Hgb <= 11.535 | Hct <= 21.108)
",-9999999.000,-9999999.000,0.000,0.000,1.000,0,0,0,29,29,0,0,29,0.0,0,0,0.0,0.0,1.0
"((MAP >= 59.266) U[0,2] (SBP <= 107.571))
",-9999999.000,-9999999.000,0.000,0.000,1.000,0,0,0,29,29,0,0,29,0.0,0,0,0.0,0.0,1.0
"F[1,2]((Phosphate >= 0.046 & Magnesium > 0.106) -> Calcium < 2.809)
",-9999999.000,-9999999.000,0.000,0.000,1.000,0,0,0,29,29,0,0,29,0.0,0,0,0.0,0.0,1.0
"F[0,0](((Calcium < 7.190 & Potassium < 2.111) & Magnesium < 0.218) & Phosphate < 2.945)
",0.218,0.218,0.000,0.000,1.000,0,0,0,29,29,0,0,29,0.0,0,0,0.0,0.0,1.0
"F[0,2]((Calcium <= 3.492 & Potassium <= 3.129) & Magnesium >= 0.080)
",-9999999.000,-9999999.000,0.000,0.000,1.000,0,0,0,29,29,0,0,29,0.0,0,0,0.0,0.0,1.0
"F[1,2](Hgb <= 3.625 | Hct <= 19.253)
",-9999999.000,-9999999.000,0.000,0.000,1.000,0,0,0,29,29,0,0,29,0.0,0,0,0.0,0.0,1.0
"F[1,2]((Phosphate >= 0.158 | WBC <= 0.424) -> Fibrinogen <= 5.295)
",-9999999.000,-9999999.000,0.000,0.000,1.000,0,0,0,29,29,0,0,29,0.0,0,0,0.0,0.0,1.0
"F[0,2](Creatinine >= 0.018 -> Phosphate >= 0.067)
",-9999999.000,-9999999.000,0.000,0.000,1.000,0,0,0,29,29,0,0,29,0.0,0,0,0.0,0.0,1.0
"F[2,2](MAP >= 69.258 | PTT <= 0.000)
",0.000,0.000,0.000,0.000,1.000,0,0,0,29,29,0,0,29,0.0,0,0,0.0,0.0,1.0
"((O2Sat >= 22.776) U[0,1] (Resp <= 23.269))
",-9999999.000,-9999999.000,0.000,0.000,1.000,0,0,0,29,29,0,0,29,0.0,0,0,0.0,0.0,1.0
"F[0,1]((Bilirubin_total >= 0.000 -> AST <= 0.000) & Phosphate >= 0.000)
",-9999999.000,-9999999.000,0.000,0.000,1.000,0,0,0,29,29,0,0,29,0.0,0,0,0.0,0.0,1.0
"F[0,2](BUN <= 3.768 & Fibrinogen >= 0.000)
",-9999999.000,-9999999.000,0.000,0.000,1.000,0,0,0,29,29,0,0,29,0.0,0,0,0.0,0.0,1.0
"F[1,2](Glucose >= 40.828 | EtCO2 >= 0.000)
",-9999999.000,-9999999.000,0.000,0.000,1.000,0,0,0,29,29,0,0,29,0.0,0,0,0.0,0.0,1.0
"F[1,2](((Phosphate >= 0.052 -> Temp <= 12.432) | Calcium >= 4.797) & Temp <= 13.164)
",-9999999.000,-9999999.000,0.000,0.000,1.000,0,0,0,29,29,0,0,29,0.0,0,0,0.0,0.0,1.0
"F[1,2](DBP >= 39.112 | SaO2 >= 0.000)
",-9999999.000,-9999999.000,0.000,0.000,1.000,0,0,0,29,29,0,0,29,0.0,0,0,0.0,0.0,1.0
"F[0,0](TroponinI <= 0.000 & Phosphate <= 3.769)
",0.000,0.000,0.000,0.000,1.000,0,0,0,29,29,0,0,29,0.0,0,0,0.0,0.0,1.0
"F[0,2](Fibrinogen <= 0.000 | PaCO2 >= 0.000)
",-9999999.000,-9999999.000,0.000,0.000,1.000,0,0,0,29,29,0,0,29,0.0,0,0,0.0,0.0,1.0
"F[0,0](WBC >= 0.093 -> Alkalinephos <= 0.000)
",0.277,0.007,0.000,0.000,1.000,0,0,0,29,29,0,0,29,0.0,0,0,0.0,0.0,1.0
"F[2,2](((EtCO2 <= 0.000 -> HR <= 84.737) -> HR <= 95.456) -> Chloride <= 89.635)
",-6307537153600575.000,-89.635,0.000,0.000,1.000,0,0,0,29,29,0,0,29,0.0,0,0,0.0,0.0,1.0
"F[0,2](BUN >= 0.393 | Resp >= 12.036)
",-9999999.000,-9999999.000,0.000,0.000,1.000,0,0,0,29,29,0,0,29,0.0,0,0,0.0,0.0,1.0
"F[0,2](((DBP <= 62.417 | WBC <= 2.328) | PaCO2 >= 0.073) -> Bilirubin_direct >= 0.065)
",-9999999.000,-9999999.000,0.000,0.000,1.000,0,0,0,29,29,0,0,29,0.0,0,0,0.0,0.0,1.0
"F[0,1](((DBP >= 11.521 | Hgb >= 0.067) -> Resp <= 11.294) -> SaO2 >= 0.138)
",-9999999.000,-9999999.000,0.000,0.000,1.000,0,0,0,29,29,0,0,29,0.0,0,0,0.0,0.0,1.0
"F[1,2](((DBP <= 64.513 | Platelets >= 4.046) | Magnesium >= 5.486) -> SepsisLabel <= 164.664)
",-9999999.000,-9999999.000,0.000,0.000,1.000,0,0,0,29,29,0,0,29,0.0,0,0,0.0,0.0,1.0
"F[0,1]((O2Sat <= 97.656 & Platelets >= 6.557) -> Temp >= 3.298)
",-9999999.000,-9999999.000,0.000,0.000,1.000,0,0,0,29,29,0,0,29,0.0,0,0,0.0,0.0,1.0
"F[0,2]((Platelets <= 97.801 | Resp <= 23.521) | PTT <= 19.978)
",-9999999.000,-9999999.000,0.000,0.000,1.000,0,0,0,29,29,0,0,29,0.0,0,0,0.0,0.0,1.0
"F[0,1](Creatinine >= 0.045 -> O2Sat >= 50.233)
",-9999999.000,-9999999.000,0.000,0.000,1.000,0,0,0,29,29,0,0,29,0.0,0,0,0.0,0.0,1.0
"((HR >= 2.150) U[0,2] (WBC <= 4.922))
",-9999999.000,-9999999.000,0.000,0.000,1.000,0,0,0,29,29,0,0,29,0.0,0,0,0.0,0.0,1.0
"F[0,2](Resp <= 18.513 | HR >= 21.993)
",-9999999.000,-9999999.000,0.000,0.000,1.000,0,0,0,29,29,0,0,29,0.0,0,0,0.0,0.0,1.0
"F[1,2](WBC >= 0.035 | HR >= 66.180)
",-9999999.000,-9999999.000,0.000,0.000,1.000,0,0,0,29,29,0,0,29,0.0,0,0,0.0,0.0,1.0
"F[0,2](PaCO2 <= 0.000 -> Alkalinephos <= 0.000)
",-9999999.000,-9999999.000,0.000,0.000,1.000,0,0,0,29,29,0,0,29,0.0,0,0,0.0,0.0,1.0
"F[1,2](TroponinI <= 0.000 -> SBP <= 117.191)
",-9999999.000,-9999999.000,0.000,0.000,1.000,0,0,0,29,29,0,0,29,0.0,0,0,0.0,0.0,1.0
"F[0,2]((Temp <= 36.964 | Fibrinogen >= 0.000) & Hgb >= 0.000)
",-9999999.000,-9999999.000,0.000,0.000,1.000,0,0,0,29,29,0,0,29,0.0,0,0,0.0,0.0,1.0
"F[0,2]((HR >= 65.696 & SBP >= 45.999) -> BaseExcess <= 115.230)
",-9999999.000,-9999999.000,0.000,0.000,1.000,0,0,0,29,29,0,0,29,0.0,0,0,0.0,0.0,1.0
"((Hgb >= 0.144) U[0,2] (SepsisLabel <= 0.000))
",-9999999.000,-9999999.000,0.000,0.000,1.000,0,0,0,29,29,0,0,29,0.0,0,0,0.0,0.0,1.0
"F[1,2](((Platelets <= 173.381 | Magnesium <= 0.704) -> Phosphate >= 0.154) & Lactate <= 1.492)
",-9999999.000,-9999999.000,0.000,0.000,1.000,0,0,0,29,29,0,0,29,0.0,0,0,0.0,0.0,1.0
"F[0,0](((HCO3 >= 0.000 | TroponinI >= 0.000) -> Calcium >= 0.000) | O2Sat >= 0.000)
",4.591,79.714,0.000,0.000,1.000,0,0,0,29,29,0,0,29,0.0,0,0,0.0,0.0,1.0
"F[0,1](Phosphate <= 2.421 | MAP >= 58.484)
",-9999999.000,-9999999.000,0.000,0.000,1.000,0,0,0,29,29,0,0,29,0.0,0,0,0.0,0.0,1.0
"F[1,2](((Resp >= 8.654 & HCO3 <= 0.000) -> Chloride <= 0.000) -> Platelets >= 0.000)
",-9999999.000,-9999999.000,0.000,0.000,1.000,0,0,0,29,29,0,0,29,0.0,0,0,0.0,0.0,1.0
"F[0,0](((Bilirubin_total <= 0.000 -> Bilirubin_direct <= 0.000) -> Creatinine >= 0.000) -> HR >= 0.000)
",-27645.000,-27645.000,0.000,0.000,1.000,0,0,0,29,29,0,0,29,0.0,0,0,0.0,0.0,1.0
"F[1,2]((Hgb <= 9.239 -> HCO3 >= 0.000) & Creatinine >= 0.000)
",-9999999.000,-9999999.000,0.000,0.000,1.000,0,0,0,29,29,0,0,29,0.0,0,0,0.0,0.0,1.0
"F[1,2](HCO3 <= 0.000 | Platelets <= 45.985)
",-9999999.000,-9999999.000,0.000,0.000,1.000,0,0,0,29,29,0,0,29,0.0,0,0,0.0,0.0,1.0
"F[2,2](((DBP >= 47.316 | PaCO2 <= 0.000) -> Temp >= 0.000) -> PTT >= 0.000)
",0.000,0.000,0.000,0.000,1.000,0,0,0,29,29,0,0,29,0.0,0,0,0.0,0.0,1.0
"F[0,0](((AST >= 0.000 -> WBC <= 1.800) | Calcium >= 0.089) | Hgb >= 0.080)
",-0.080,-0.080,0.000,0.000,1.000,0,0,0,29,29,0,0,29,0.0,0,0,0.0,0.0,1.0
"F[0,0](Alkalinephos >= 0.000 | AST >= 0.000)
",0.270,0.643,0.000,0.000,1.000,0,0,0,29,29,0,0,29,0.0,0,0,0.0,0.0,1.0
"F[0,2](((Bilirubin_direct >= 0.000 | WBC >= 0.068) -> HR >= 0.158) -> Chloride >= 0.022)
",-9999999.000,-9999999.000,0.000,0.000,1.000,0,0,0,29,29,0,0,29,0.0,0,0,0.0,0.0,1.0
"((DBP <= 74.634) U[0,0] (Creatinine <= 0.211))
",0.208,2.869,0.000,0.000,1.000,0,0,0,29,29,0,0,29,0.0,0,0,0.0,0.0,1.0
"F[0,1](((Glucose <= 268.704 & Potassium <= 3.584) | Potassium >= 0.137) -> Chloride <= 2.462)
",-9999999.000,-9999999.000,0.000,0.000,1.000,0,0,0,29,29,0,0,29,0.0,0,0,0.0,0.0,1.0
"F[1,2]((MAP >= 27.592 -> WBC <= 1.585) -> BUN >= 0.100)
",-9999999.000,-9999999.000,0.000,0.000,1.000,0,0,0,29,29,0,0,29,0.0,0,0,0.0,0.0,1.0
"F[1,2]((Hgb <= 10.682 | MAP >= 58.402) -> TroponinI >= 49.712)
",-9999999.000,-9999999.000,0.000,0.000,1.000,0,0,0,29,29,0,0,29,0.0,0,0,0.0,0.0,1.0
"F[1,2](MAP >= 18.803 -> Platelets <= 152.065)
",-9999999.000,-9999999.000,0.000,0.000,1.000,0,0,0,29,29,0,0,29,0.0,0,0,0.0,0.0,1.0
"F[0,2](BUN <= 9.105 & WBC >= 0.150)
",-9999999.000,-9999999.000,0.000,0.000,1.000,0,0,0,29,29,0,0,29,0.0,0,0,0.0,0.0,1.0
"((Phosphate <= 1.190) U[2,2] (Temp <= 13.967))
",7862460099874728.000,13.967,0.000,0.000,1.000,0,0,0,29,29,0,0,29,0.0,0,0,0.0,0.0,1.0
"F[0,0](Magnesium <= 2.275 | Temp >= 7.110)
",5.326,88.725,0.000,0.000,1.000,0,0,0,29,29,0,0,29,0.0,0,0,0.0,0.0,1.0
"((Calcium <= 6.250) U[1,2] (Temp <= 34.635))
",-9999999.000,-9999999.000,0.000,0.000,1.000,0,0,0,29,29,0,0,29,0.0,0,0,0.0,0.0,1.0
"F[1,2](Potassium >= 0.038 -> Temp <= 26.698)
",-9999999.000,-9999999.000,0.000,0.000,1.000,0,0,0,29,29,0,0,29,0.0,0,0,0.0,0.0,1.0
"F[1,2](((Glucose <= 256.639 -> Magnesium >= 0.114) | SaO2 >= 0.162) & Potassium <= 2.542)
",-9999999.000,-9999999.000,0.000,0.000,1.000,0,0,0,29,29,0,0,29,0.0,0,0,0.0,0.0,1.0
"F[0,2](BUN <= 3.234 -> Glucose >= 34.604)
",-9999999.000,-9999999.000,0.000,0.000,1.000,0,0,0,29,29,0,0,29,0.0,0,0,0.0,0.0,1.0
"F[0,1](((BUN >= 0.403 -> Platelets <= 148.113) -> Potassium <= 28.251) | pH <= 76.670)
",-9999999.000,-9999999.000,0.000,0.000,1.000,0,0,0,29,29,0,0,29,0.0,0,0,0.0,0.0,1.0
"F[1,2]((BUN <= 10.231 | Hgb <= 7.701) | Magnesium <= 6.124)
",-9999999.000,-9999999.000,0.000,0.000,1.000,0,0,0,29,29,0,0,29,0.0,0,0,0.0,0.0,1.0
"((Glucose <= 106.730) U[1,2] (Hct >= 0.510))
",-9999999.000,-9999999.000,0.000,0.000,1.000,0,0,0,29,29,0,0,29,0.0,0,0,0.0,0.0,1.0
"F[0,2]((HR >= 23.433 -> SBP >= 4.685) & BUN <= 114.224)
",-9999999.000,-9999999.000,0.000,0.000,1.000,0,0,0,29,29,0,0,29,0.0,0,0,0.0,0.0,1.0
"F[0,2](((Creatinine <= 0.096 -> Platelets >= 1.629) -> Lactate <= 191.779) & MAP <= 111.795)
",-9999999.000,-9999999.000,0.000,0.000,1.000,0,0,0,29,29,0,0,29,0.0,0,0,0.0,0.0,1.0
"F[1,2]((Creatinine >= 0.027 & Hct >= 0.628) -> Glucose <= 31.910)
",-9999999.000,-9999999.000,0.000,0.000,1.000,0,0,0,29,29,0,0,29,0.0,0,0,0.0,0.0,1.0
"F[0,1](((Potassium >= 0.180 -> WBC >= 0.167) -> DBP <= 0.289) | PTT <= 5.313)
",-9999999.000,-9999999.000,0.000,0.000,1.000,0,0,0,29,29,0,0,29,0.0,0,0,0.0,0.0,1.0
"F[1,2](((BUN >= 0.260 | Phosphate >= 0.028) | AST >= 0.145) & Hct >= 0.005)
",-9999999.000,-9999999.000,0.000,0.000,1.000,0,0,0,29,29,0,0,29,0.0,0,0,0.0,0.0,1.0
"F[1,2](((Hgb >= 0.357 & Potassium <= 2.991) | Temp >= 0.074) -> HCO3 >= 0.213)
",-9999999.000,-9999999.000,0.000,0.000,1.000,0,0,0,29,29,0,0,29,0.0,0,0,0.0,0.0,1.0
"((Platelets >= 3.806) U[0,2] (Potassium <= 2.454))
",-9999999.000,-9999999.000,0.000,0.000,1.000,0,0,0,29,29,0,0,29,0.0,0,0,0.0,0.0,1.0
"F[1,2]((DBP >= 46.295 & Glucose <= 107.049) | FiO2 <= 180.301)
",-9999999.000,-9999999.000,0.000,0.000,1.000,0,0,0,29,29,0,0,29,0.0,0,0,0.0,0.0,1.0
"F[0,1]((Glucose <= 102.456 & Hgb >= 0.291) | Alkalinephos <= 9.496)
",-9999999.000,-9999999.000,0.000,0.000,1.000,0,0,0,29,29,0,0,29,0.0,0,0,0.0,0.0,1.0
"F[2,2]((Hgb >= 0.145 -> HR >= 50.659) & Chloride <= 108.787)
",5218907228093275.000,0.145,0.000,0.000,1.000,0,0,0,29,29,0,0,29,0.0,0,0,0.0,0.0,1.0
"F[2,2]((Hgb <= 3.331 -> SBP >= 21.902) -> Hct <= 121.158)
",-8525764433934014.000,-121.158,0.000,0.000,1.000,0,0,0,29,29,0,0,29,0.0,0,0,0.0,0.0,1.0
"F[0,2](((Hct <= 26.455 & HR <= 96.509) | Chloride >= 70.083) & Glucose <= 101.201)
",-9999999.000,-9999999.000,0.000,0.000,1.000,0,0,0,29,29,0,0,29,0.0,0,0,0.0,0.0,1.0
"F[0,1](DBP >= 29.784 & Potassium <= 1.727)
",-9999999.000,-9999999.000,0.000,0.000,1.000,0,0,0,29,29,0,0,29,0.0,0,0,0.0,0.0,1.0
"F[1,1](((DBP >= 24.413 -> Magnesium <= 2.562) -> Fibrinogen <= 0.927) -> Alkalinephos <= 0.436)
",-7855703033005853.000,-0.436,0.000,0.000,1.000,0,0,0,29,29,0,0,29,0.0,0,0,0.0,0.0,1.0
"((O2Sat >= 40.165) U[0,1] (Temp <= 13.284))
",-9999999.000,-9999999.000,0.000,0.000,1.000,0,0,0,29,29,0,0,29,0.0,0,0,0.0,0.0,1.0
"((MAP <= 80.659) U[2,2] (Phosphate >= 0.151))
",5675894145046527.000,80.659,0.000,0.000,1.000,0,0,0,29,29,0,0,29,0.0,0,0,0.0,0.0,1.0
"F[0,1](((Creatinine >= 0.022 | DBP <= 70.396) -> BaseExcess >= 27.925) -> Platelets <= 65.116)
",-9999999.000,-9999999.000,0.000,0.000,1.000,0,0,0,29,29,0,0,29,0.0,0,0,0.0,0.0,1.0
"F[1,2]((DBP >= 27.041 | Temp >= 2.787) | Calcium >= 2.544)
",-9999999.000,-9999999.000,0.000,0.000,1.000,0,0,0,29,29,0,0,29,0.0,0,0,0.0,0.0,1.0
"F[0,0](((Hct <= 30.322 -> SBP <= 126.560) -> TroponinI >= 3.980) -> MAP >= 8.787)
",-5.090,-102.204,0.000,0.000,1.000,0,0,0,29,29,0,0,29,0.0,0,0,0.0,0.0,1.0
"F[1,2]((BUN >= 0.053 & HR >= 70.676) -> O2Sat >= 43.045)
",-9999999.000,-9999999.000,0.000,0.000,1.000,0,0,0,29,29,0,0,29,0.0,0,0,0.0,0.0,1.0
"F[0,2](BUN <= 5.510 -> DBP >= 33.894)
",-9999999.000,-9999999.000,0.000,0.000,1.000,0,0,0,29,29,0,0,29,0.0,0,0,0.0,0.0,1.0
"F[2,2](((Creatinine >= 0.009 & MAP >= 17.767) -> AST >= 43.984) & Calcium <= 92.506)
",5001018898919151.000,17.767,0.000,0.000,1.000,0,0,0,29,29,0,0,29,0.0,0,0,0.0,0.0,1.0
"F[1,2]((BUN >= 0.652 & MAP <= 78.665) & Lactate >= 50.132)
",-9999999.000,-9999999.000,0.000,0.000,1.000,0,0,0,29,29,0,0,29,0.0,0,0,0.0,0.0,1.0
"F[0,2](((Creatinine <= 0.367 -> HR >= 50.426) & HR <= 105.017) & O2Sat >= 56.236)
",-9999999.000,-9999999.000,0.000,0.000,1.000,0,0,0,29,29,0,0,29,0.0,0,0,0.0,0.0,1.0
"F[1,1]((Calcium <= 0.789 -> HR >= 51.671) | SaO2 <= 97.407)
",6854435811498755.000,97.407,0.000,0.000,1.000,0,0,0,29,29,0,0,29,0.0,0,0,0.0,0.0,1.0
"F[0,2]((Hgb <= 7.352 -> Temp >= 6.685) & TroponinI <= 20.108)
",-9999999.000,-9999999.000,0.000,0.000,1.000,0,0,0,29,29,0,0,29,0.0,0,0,0.0,0.0,1.0
"F[0,1](((Potassium >= 0.295 & SBP <= 110.026) & Resp >= 57.556) -> PaCO2 >= 25.162)
",-9999999.000,-9999999.000,0.000,0.000,1.000,0,0,0,29,29,0,0,29,0.0,0,0,0.0,0.0,1.0
"F[2,2]((Potassium <= 1.224 | AST <= 0.000) & SBP <= 0.000)
",0.000,0.000,0.000,0.000,1.000,0,0,0,29,29,0,0,29,0.0,0,0,0.0,0.0,1.0
