Rule,Discrimination Score,Pos Robustness,Neg Robustness,Percent Class +,Percent Class -,TP,TN,FP,FN,Actual Yes,Actual No,Predicted Yes,Predicted No,TPR/Sens,TNR/Spec,FPR,Precision,Accuracy,MCR
"G[0,1](Chloride >= 0.000 & HCO3 >= 0.000)
",9999999.000,9999999.000,0.000,1.000,0.000,16,0,0,0,16,0,16,0,1.0,0.0,0.0,1.0,1.0,0.0
"G[0,0]((pH >= 0.000 & EtCO2 <= 0.000) & TroponinI >= 0.000)
",-2.033,-10.875,0.000,1.000,0.000,16,0,0,0,16,0,16,0,1.0,0.0,0.0,1.0,1.0,0.0
"G[0,1]((EtCO2 <= 0.000 & Bilirubin_direct >= 0.000) | SaO2 <= 0.000)
",9999999.000,9999999.000,0.000,1.000,0.000,16,0,0,0,16,0,16,0,1.0,0.0,0.0,1.0,1.0,0.0
"G[1,1](Hgb <= 1.790 | Glucose <= 90.043)
",90.043,90.043,0.000,1.000,0.000,16,0,0,0,16,0,16,0,1.0,0.0,0.0,1.0,1.0,0.0
"G[0,0]((Lactate <= 0.000 | Chloride >= 0.000) | Glucose >= 0.000)
",0.000,0.000,0.000,1.000,0.000,16,0,0,0,16,0,16,0,1.0,0.0,0.0,1.0,1.0,0.0
"G[0,1]((DBP <= 62.460 -> EtCO2 >= 0.000) | Bilirubin_total >= 0.000)
",9999999.000,9999999.000,0.000,1.000,0.000,16,0,0,0,16,0,16,0,1.0,0.0,0.0,1.0,1.0,0.0
"G[0,1](((Glucose <= 53.096 & TroponinI >= 0.033) -> Glucose >= 0.021) | pH >= 0.016)
",9999999.000,9999999.000,0.000,1.000,0.000,16,0,0,0,16,0,16,0,1.0,0.0,0.0,1.0,1.0,0.0
"G[0,1](PTT <= 23.955 | DBP >= 0.038)
",9999999.000,9999999.000,0.000,1.000,0.000,16,0,0,0,16,0,16,0,1.0,0.0,0.0,1.0,1.0,0.0
"G[1,1]((Bilirubin_total >= 0.000 | O2Sat <= 99.280) & Phosphate <= 87.232)
",87.232,87.232,0.000,1.000,0.000,16,0,0,0,16,0,16,0,1.0,0.0,0.0,1.0,1.0,0.0
"G[0,1](((O2Sat <= 90.423 | SBP <= 156.614) | PTT <= 122.542) -> EtCO2 <= 171.480)
",9999999.000,9999999.000,0.000,1.000,0.000,16,0,0,0,16,0,16,0,1.0,0.0,0.0,1.0,1.0,0.0
"G[0,0](((HR >= 24.169 & MAP >= 35.954) -> Fibrinogen <= 101.259) | Hct >= 19.782)
",-19.782,-19.782,0.000,1.000,0.000,16,0,0,0,16,0,16,0,1.0,0.0,0.0,1.0,1.0,0.0
"G[0,1]((BaseExcess <= 0.000 -> Bilirubin_total <= 0.000) -> DBP >= 0.000)
",9999999.000,9999999.000,0.000,1.000,0.000,16,0,0,0,16,0,16,0,1.0,0.0,0.0,1.0,1.0,0.0
"G[0,0]((Potassium <= 0.215 | Chloride >= 0.000) -> BaseExcess >= 0.000)
",-0.215,-0.215,0.000,1.000,0.000,16,0,0,0,16,0,16,0,1.0,0.0,0.0,1.0,1.0,0.0
"G[1,1](SaO2 <= 0.000 & SepsisLabel = 0.000)
",0.000,0.000,0.000,1.000,0.000,16,0,0,0,16,0,16,0,1.0,0.0,0.0,1.0,1.0,0.0
"G[1,1]((HR >= 37.423 | Platelets <= 140.690) & Creatinine <= 165.858)
",140.690,140.690,0.000,1.000,0.000,16,0,0,0,16,0,16,0,1.0,0.0,0.0,1.0,1.0,0.0
"G[0,0](SepsisLabel >= 0.000 & SepsisLabel = 0.000)
",0.000,0.000,0.000,1.000,0.000,16,0,0,0,16,0,16,0,1.0,0.0,0.0,1.0,1.0,0.0
"G[0,1](BaseExcess <= 0.000 & SepsisLabel = 0.000)
",9999999.000,9999999.000,0.000,1.000,0.000,16,0,0,0,16,0,16,0,1.0,0.0,0.0,1.0,1.0,0.0
"G[0,1](Chloride >= 0.000 -> SepsisLabel = 0.000)
",9999999.000,9999999.000,0.000,1.000,0.000,16,0,0,0,16,0,16,0,1.0,0.0,0.0,1.0,1.0,0.0
"G[0,1](Creatinine < 0.044 -> SepsisLabel = 0.000)
",9999999.000,9999999.000,0.000,1.000,0.000,16,0,0,0,16,0,16,0,1.0,0.0,0.0,1.0,1.0,0.0
"G[1,1](((SaO2 <= 0.000 | Bilirubin_direct <= 0.000) | MAP <= 0.000) -> MAP >= 0.000)
",0.000,0.000,0.000,1.000,0.000,16,0,0,0,16,0,16,0,1.0,0.0,0.0,1.0,1.0,0.0
"G[0,1](((MAP <= 75.243 | Platelets >= 11.900) & HCO3 >= 9.046) -> SepsisLabel <= 205.070)
",9999999.000,9999999.000,0.000,1.000,0.000,16,0,0,0,16,0,16,0,1.0,0.0,0.0,1.0,1.0,0.0
"G[0,1]((Calcium <= 5.781 | MAP >= 5.631) | Glucose >= 56.026)
",9999999.000,9999999.000,0.000,1.000,0.000,16,0,0,0,16,0,16,0,1.0,0.0,0.0,1.0,1.0,0.0
"G[0,0](((HCO3 >= 0.000 & Platelets >= 9.301) | SepsisLabel >= 1.552) -> Alkalinephos <= 197.022)
",-197.022,-197.022,0.000,1.000,0.000,16,0,0,0,16,0,16,0,1.0,0.0,0.0,1.0,1.0,0.0
"G[1,1](Bilirubin_total >= 0.000 -> Chloride <= 0.000)
",0.000,0.000,0.000,1.000,0.000,16,0,0,0,16,0,16,0,1.0,0.0,0.0,1.0,1.0,0.0
"G[0,1](Hgb >= 0.126 -> O2Sat >= 62.862)
",9999999.000,9999999.000,0.000,1.000,0.000,16,0,0,0,16,0,16,0,1.0,0.0,0.0,1.0,1.0,0.0
"G[0,0]((Potassium >= 0.000 & SepsisLabel >= 0.000) | FiO2 >= 0.000)
",0.000,0.000,0.000,1.000,0.000,16,0,0,0,16,0,16,0,1.0,0.0,0.0,1.0,1.0,0.0
"G[0,1](Resp <= 16.697 -> SepsisLabel <= 0.000)
",9999999.000,9999999.000,0.000,1.000,0.000,16,0,0,0,16,0,16,0,1.0,0.0,0.0,1.0,1.0,0.0
"G[1,1]((Bilirubin_direct <= 0.000 -> Alkalinephos <= 0.000) -> PTT >= 0.000)
",0.000,0.000,0.000,1.000,0.000,16,0,0,0,16,0,16,0,1.0,0.0,0.0,1.0,1.0,0.0
"G[0,1]((FiO2 >= 0.000 & Chloride >= 0.000) | MAP <= 0.000)
",9999999.000,9999999.000,0.000,1.000,0.000,16,0,0,0,16,0,16,0,1.0,0.0,0.0,1.0,1.0,0.0
"G[1,1](((Bilirubin_direct <= 0.000 | HR >= 36.704) | HR <= 63.883) -> Phosphate <= 82.505)
",-82.505,-82.505,0.000,1.000,0.000,16,0,0,0,16,0,16,0,1.0,0.0,0.0,1.0,1.0,0.0
"G[0,1](((Temp >= 3.860 & Platelets >= 4.327) & Calcium <= 130.452) -> HR >= 3.784)
",9999999.000,9999999.000,0.000,1.000,0.000,16,0,0,0,16,0,16,0,1.0,0.0,0.0,1.0,1.0,0.0
"G[0,1](Temp <= 20.909 | SepsisLabel >= 0.000)
",9999999.000,9999999.000,0.000,1.000,0.000,16,0,0,0,16,0,16,0,1.0,0.0,0.0,1.0,1.0,0.0
"G[1,1](((Fibrinogen >= 0.000 & FiO2 <= 0.000) | Platelets >= 0.000) & Temp >= 0.000)
",0.000,0.000,0.000,1.000,0.000,16,0,0,0,16,0,16,0,1.0,0.0,0.0,1.0,1.0,0.0
"G[0,1](((EtCO2 >= 0.000 | Bilirubin_direct >= 0.000) -> Hgb >= 0.000) | SaO2 <= 0.000)
",9999999.000,9999999.000,0.000,1.000,0.000,16,0,0,0,16,0,16,0,1.0,0.0,0.0,1.0,1.0,0.0
"G[0,1](SBP >= 87.968 | Glucose <= 176.958)
",9999999.000,9999999.000,0.000,1.000,0.000,16,0,0,0,16,0,16,0,1.0,0.0,0.0,1.0,1.0,0.0
"G[1,1](SBP <= 122.472 -> PaCO2 >= 0.000)
",-122.472,-122.472,0.000,1.000,0.000,16,0,0,0,16,0,16,0,1.0,0.0,0.0,1.0,1.0,0.0
"G[0,0](((SepsisLabel <= 0.000 -> FiO2 <= 0.000) -> Chloride <= 0.000) -> PaCO2 >= 0.000)
",0.000,0.000,0.000,1.000,0.000,16,0,0,0,16,0,16,0,1.0,0.0,0.0,1.0,1.0,0.0
"G[0,0](((MAP <= 64.830 | PTT <= 3.255) | Resp <= 27.730) | Chloride <= 1.528)
",0.598,14.476,0.000,1.000,0.000,16,0,0,0,16,0,16,0,1.0,0.0,0.0,1.0,1.0,0.0
"G[1,1](MAP <= 74.159 -> TroponinI <= 0.851)
",-74.159,-74.159,0.000,1.000,0.000,16,0,0,0,16,0,16,0,1.0,0.0,0.0,1.0,1.0,0.0
"G[0,1]((SBP <= 198.808 | SaO2 >= 0.000) & Platelets >= 0.000)
",9999999.000,9999999.000,0.000,1.000,0.000,16,0,0,0,16,0,16,0,1.0,0.0,0.0,1.0,1.0,0.0
"G[0,1](((Platelets <= 150.589 | PTT <= 30.116) & Temp >= 0.970) -> MAP >= 0.373)
",9999999.000,9999999.000,0.000,1.000,0.000,16,0,0,0,16,0,16,0,1.0,0.0,0.0,1.0,1.0,0.0
"G[0,0](((Phosphate >= 0.028 -> Alkalinephos <= 0.000) | PaCO2 >= 0.000) & Lactate <= 0.000)
",-0.558,-21.375,0.000,1.000,0.000,16,0,0,0,16,0,16,0,1.0,0.0,0.0,1.0,1.0,0.0
"G[0,0](DBP < 49.685 -> SepsisLabel = 0.000)
",-0.480,-9.316,0.000,1.000,0.000,16,0,0,0,16,0,16,0,1.0,0.0,0.0,1.0,1.0,0.0
"G[0,0](((Calcium <= 2.446 & BaseExcess >= 0.000) -> Lactate >= 0.000) -> Hct >= 0.000)
",0.000,0.000,0.000,1.000,0.000,16,0,0,0,16,0,16,0,1.0,0.0,0.0,1.0,1.0,0.0
"G[0,0](Chloride >= 0.000 & HCO3 >= 0.000)
",0.000,0.000,0.000,1.000,0.000,16,0,0,0,16,0,16,0,1.0,0.0,0.0,1.0,1.0,0.0
"G[1,1](Chloride >= 0.000 & HCO3 >= 0.000)
",0.000,0.000,0.000,1.000,0.000,16,0,0,0,16,0,16,0,1.0,0.0,0.0,1.0,1.0,0.0
"G[0,0](((Glucose <= 101.591 -> HR >= 8.066) | Creatinine <= 57.292) | Fibrinogen >= 39.200)
",57.292,57.292,0.000,1.000,0.000,16,0,0,0,16,0,16,0,1.0,0.0,0.0,1.0,1.0,0.0
"G[0,0](Chloride >= 0.000 & HCO3 >= 0.000)
",0.000,0.000,0.000,1.000,0.000,16,0,0,0,16,0,16,0,1.0,0.0,0.0,1.0,1.0,0.0
"G[0,1](((Alkalinephos <= 0.000 -> Chloride <= 0.000) | BUN >= 0.000) | Resp <= 0.000)
",9999999.000,9999999.000,0.000,1.000,0.000,16,0,0,0,16,0,16,0,1.0,0.0,0.0,1.0,1.0,0.0
"G[0,1](Hct <= 25.042 | Resp <= 14.493)
",9999999.000,9999999.000,0.000,1.000,0.000,16,0,0,0,16,0,16,0,1.0,0.0,0.0,1.0,1.0,0.0
"G[0,1](((Phosphate >= 0.020 -> FiO2 >= 0.000) | EtCO2 <= 0.000) & BUN >= 0.000)
",9999999.000,9999999.000,0.000,1.000,0.000,16,0,0,0,16,0,16,0,1.0,0.0,0.0,1.0,1.0,0.0
"G[0,0](((Phosphate >= 0.071 -> Lactate <= 0.000) | DBP >= 0.000) -> BaseExcess >= 0.000)
",-1.987,-70.629,0.000,1.000,0.000,16,0,0,0,16,0,16,0,1.0,0.0,0.0,1.0,1.0,0.0
"G[0,1]((HR <= 60.074 | EtCO2 <= 0.000) -> Lactate >= 0.000)
",9999999.000,9999999.000,0.000,1.000,0.000,16,0,0,0,16,0,16,0,1.0,0.0,0.0,1.0,1.0,0.0
"G[0,0](((FiO2 >= 0.000 & MAP >= 54.656) & WBC >= 59.041) -> Platelets >= 36.779)
",36.779,36.779,0.000,1.000,0.000,16,0,0,0,16,0,16,0,1.0,0.0,0.0,1.0,1.0,0.0
"G[0,0]((TroponinI <= 1.119 | Resp >= 9.569) | BUN <= 15.384)
",3.174,38.360,0.000,1.000,0.000,16,0,0,0,16,0,16,0,1.0,0.0,0.0,1.0,1.0,0.0
"G[0,1](((Temp <= 32.211 -> PaCO2 <= 0.000) -> Glucose <= 0.000) | Bilirubin_direct <= 0.000)
",9999999.000,9999999.000,0.000,1.000,0.000,16,0,0,0,16,0,16,0,1.0,0.0,0.0,1.0,1.0,0.0
"G[0,0](Chloride >= 0.000 & HCO3 >= 0.000)
",0.000,0.000,0.000,1.000,0.000,16,0,0,0,16,0,16,0,1.0,0.0,0.0,1.0,1.0,0.0
"G[0,0]((EtCO2 <= 0.000 -> EtCO2 <= 0.000) -> BUN <= 0.000)
",-2.033,-10.875,0.000,1.000,0.000,15,0,0,1,16,0,15,1,0.9375,0.0,0.0,1.0,0.9375,0.0625
"G[0,0](((DBP <= 60.691 & Potassium >= 0.039) | BaseExcess <= 1.504) -> PTT <= 0.744)
",-1.504,-1.504,0.000,1.000,0.000,15,0,0,1,16,0,15,1,0.9375,0.0,0.0,1.0,0.9375,0.0625
"G[0,1](SBP >= 98.078 -> Calcium <= 3.756)
",9999999.000,9999999.000,0.000,1.000,0.000,15,0,0,1,16,0,15,1,0.9375,0.0,0.0,1.0,0.9375,0.0625
"G[0,1]((SepsisLabel <= 0.000 -> SepsisLabel >= 0.000) & BUN <= 0.000)
",9999999.000,9999999.000,0.000,1.000,0.000,15,0,0,1,16,0,15,1,0.9375,0.0,0.0,1.0,0.9375,0.0625
"G[0,1]((Potassium >= 0.039 & PTT <= 20.002) -> AST >= 0.577)
",9999999.000,9999999.000,0.000,1.000,0.000,15,0,0,1,16,0,15,1,0.9375,0.0,0.0,1.0,0.9375,0.0625
"G[0,1](((Magnesium <= 0.438 | pH <= 0.000) -> Calcium <= 0.000) & BaseExcess <= 0.000)
",9999999.000,9999999.000,0.000,1.000,0.000,15,0,0,1,16,0,15,1,0.9375,0.0,0.0,1.0,0.9375,0.0625
"G[0,1](((EtCO2 >= 0.000 & SaO2 <= 0.000) & Magnesium <= 0.000) & pH <= 0.000)
",9999999.000,9999999.000,0.000,1.000,0.000,15,0,0,1,16,0,15,1,0.9375,0.0,0.0,1.0,0.9375,0.0625
"G[0,1]((DBP <= 63.585 & MAP <= 106.373) & Potassium <= 69.805)
",9999999.000,9999999.000,0.000,1.000,0.000,14,0,0,2,16,0,14,2,0.875,0.0,0.0,1.0,0.875,0.125
"G[0,1](DBP <= 63.571 & Lactate <= 0.000)
",9999999.000,9999999.000,0.000,1.000,0.000,14,0,0,2,16,0,14,2,0.875,0.0,0.0,1.0,0.875,0.125
"G[0,0](HR >= 17.955 | Temp >= 5.355)
",28331.045,28331.045,0.000,1.000,0.000,14,0,0,2,16,0,14,2,0.875,0.0,0.0,1.0,0.875,0.125
"G[0,0](((Resp >= 4.830 & Hct <= 10.189) & TroponinI >= 2.753) | Resp >= 0.128)
",2.020,43.122,0.000,1.000,0.000,14,0,0,2,16,0,14,2,0.875,0.0,0.0,1.0,0.875,0.125
"G[0,1](((Chloride >= 0.000 | Chloride <= 0.000) | Hgb >= 0.000) & WBC <= 0.000)
",9999999.000,9999999.000,0.000,1.000,0.000,14,0,0,2,16,0,14,2,0.875,0.0,0.0,1.0,0.875,0.125
"G[0,1](((Bilirubin_direct <= 0.000 & TroponinI <= 0.954) & PTT <= 0.321) -> Hct <= 0.054)
",9999999.000,9999999.000,0.000,1.000,0.000,12,0,0,4,16,0,12,4,0.75,0.0,0.0,1.0,0.75,0.25
"G[0,0](Hct <= 15.033 & SepsisLabel >= 0.000)
",0.000,0.000,0.000,1.000,0.000,11,0,0,5,16,0,11,5,0.6875,0.0,0.0,1.0,0.6875,0.3125
"G[0,1](Calcium >= 0.230 | Hct <= 22.905)
",9999999.000,9999999.000,0.000,1.000,0.000,11,0,0,5,16,0,11,5,0.6875,0.0,0.0,1.0,0.6875,0.3125
"G[0,0](((DBP <= 51.282 -> WBC >= 0.288) & O2Sat <= 4.288) | Hgb <= 4.657)
",0.005,0.044,0.000,1.000,0.000,11,0,0,5,16,0,11,5,0.6875,0.0,0.0,1.0,0.6875,0.3125
"G[1,1](Magnesium <= 0.560 & SBP >= 38.695)
",-38.695,-38.695,0.000,1.000,0.000,9,0,0,7,16,0,9,7,0.5625,0.0,0.0,1.0,0.5625,0.4375
"G[1,1](MAP >= 23.923 | SBP >= 100.663)
",-23.923,-23.923,0.000,1.000,0.000,9,0,0,7,16,0,9,7,0.5625,0.0,0.0,1.0,0.5625,0.4375
"G[1,1](MAP >= 9.244 & Platelets <= 41.383)
",-9.244,-9.244,0.000,1.000,0.000,9,0,0,7,16,0,9,7,0.5625,0.0,0.0,1.0,0.5625,0.4375
"G[1,1](((MAP <= 65.228 -> Potassium >= 0.006) & Creatinine <= 1.323) & Calcium <= 2.830)
",-65.228,-65.228,0.000,1.000,0.000,9,0,0,7,16,0,9,7,0.5625,0.0,0.0,1.0,0.5625,0.4375
"G[0,1]((SaO2 >= 0.000 -> HR >= 43.531) | Temp >= 47.602)
",9999999.000,9999999.000,0.000,1.000,0.000,8,0,0,8,16,0,8,8,0.5,0.0,0.0,1.0,0.5,0.5
"G[0,1]((Alkalinephos >= 0.000 | TroponinI <= 0.637) & DBP >= 0.031)
",9999999.000,9999999.000,0.000,1.000,0.000,8,0,0,8,16,0,8,8,0.5,0.0,0.0,1.0,0.5,0.5
"G[0,1](Lactate <= 0.000 & Resp >= 6.565)
",9999999.000,9999999.000,0.000,1.000,0.000,8,0,0,8,16,0,8,8,0.5,0.0,0.0,1.0,0.5,0.5
"G[0,0]((PaCO2 >= 0.000 -> Bilirubin_direct >= 0.000) -> Glucose <= 0.000)
",0.000,0.000,0.000,1.000,0.000,8,0,0,8,16,0,8,8,0.5,0.0,0.0,1.0,0.5,0.5
"G[0,0]((Potassium >= 0.044 -> SBP >= 35.850) & Glucose >= 26.332)
",-26.332,-26.332,0.000,1.000,0.000,8,0,0,8,16,0,8,8,0.5,0.0,0.0,1.0,0.5,0.5
"G[1,1](((SBP >= 75.881 -> Temp <= 19.260) -> O2Sat <= 21.941) | MAP <= 29.086)
",29.086,29.086,0.000,1.000,0.000,7,0,0,9,16,0,7,9,0.4375,0.0,0.0,1.0,0.4375,0.5625
"G[1,1]((EtCO2 >= 0.000 -> Magnesium <= 0.706) -> MAP <= 1.528)
",-1.528,-1.528,0.000,1.000,0.000,7,0,0,9,16,0,7,9,0.4375,0.0,0.0,1.0,0.4375,0.5625
"G[0,0]((EtCO2 >= 0.000 & Potassium <= 1.867) -> Hgb >= 0.068)
",-0.638,-5.767,0.000,1.000,0.000,5,0,0,11,16,0,5,11,0.3125,0.0,0.0,1.0,0.3125,0.6875
"G[0,1](Creatinine <= 0.339 -> MAP <= 74.144)
",9999999.000,9999999.000,0.000,1.000,0.000,3,0,0,13,16,0,3,13,0.1875,0.0,0.0,1.0,0.1875,0.8125
"G[0,0]((Resp <= 22.961 | Bilirubin_total <= 0.000) & O2Sat <= 0.000)
",-2.039,-60.625,0.000,1.000,0.000,2,0,0,14,16,0,2,14,0.125,0.0,0.0,1.0,0.125,0.875
"G[0,0](Platelets <= 42.015 -> WBC >= 0.118)
",-42.015,-42.015,0.000,1.000,0.000,2,0,0,14,16,0,2,14,0.125,0.0,0.0,1.0,0.125,0.875
"G[0,0]((Hct <= 22.793 | Potassium <= 0.164) & O2Sat <= 2.166)
",-1.966,-58.459,0.000,1.000,0.000,2,0,0,14,16,0,2,14,0.125,0.0,0.0,1.0,0.125,0.875
"G[0,0]((Platelets >= 10.556 -> TroponinI <= 0.411) -> Bilirubin_total >= 0.016)
",0.016,0.016,0.000,1.000,0.000,1,0,0,15,16,0,1,15,0.0625,0.0,0.0,1.0,0.0625,0.9375
"G[0,1](((Fibrinogen >= 0.000 & Magnesium >= 0.036) & FiO2 >= 0.013) | SBP <= 1.255)
",9999999.000,9999999.000,0.000,1.000,0.000,1,0,0,15,16,0,1,15,0.0625,0.0,0.0,1.0,0.0625,0.9375
"G[0,1](((O2Sat <= 96.211 & WBC <= 6.635) -> DBP >= 0.257) -> WBC >= 0.142)
",9999999.000,9999999.000,0.000,1.000,0.000,1,0,0,15,16,0,1,15,0.0625,0.0,0.0,1.0,0.0625,0.9375
"G[0,1](O2Sat >= 4.973 -> Potassium >= 0.049)
",9999999.000,9999999.000,0.000,1.000,0.000,1,0,0,15,16,0,1,15,0.0625,0.0,0.0,1.0,0.0625,0.9375
"G[0,1]((O2Sat >= 66.037 -> Temp >= 3.078) & Bilirubin_direct <= 17.086)
",9999999.000,9999999.000,0.000,1.000,0.000,1,0,0,15,16,0,1,15,0.0625,0.0,0.0,1.0,0.0625,0.9375
"G[2,2](((Glucose <= 110.064 -> AST >= 0.000) | PTT <= 0.000) & O2Sat >= 0.000)
",0.000,0.000,0.000,1.000,0.000,0,0,16,0,0,16,16,0,0.0,0.0,1.0,0.0,0.0,1.0
"G[2,2](HCO3 >= 0.000 & Platelets >= 12.711)
",-12.711,-12.711,0.000,1.000,0.000,0,0,16,0,0,16,16,0,0.0,0.0,1.0,0.0,0.0,1.0
"G[0,0](PTT >= 0.169 & DBP <= 43.857)
",-1.766,-35.023,0.000,1.000,0.000,0,0,0,16,16,0,0,16,0.0,0.0,0.0,0.0,0.0,1.0
"G[1,1]((SaO2 <= 0.000 -> Glucose >= 12.611) & SepsisLabel >= 1.503)
",-1.503,-1.503,0.000,1.000,0.000,0,0,0,16,16,0,0,16,0.0,0.0,0.0,0.0,0.0,1.0
"G[0,2]((SBP >= 2.877 | Temp <= 34.354) -> Bilirubin_total >= 5.147)
",9999999.000,9999999.000,0.000,1.000,0.000,0,0,0,16,16,0,0,16,0.0,0.0,0.0,0.0,0.0,1.0
"G[1,2]((SepsisLabel <= 0.000 & Bilirubin_direct >= 0.000) & FiO2 >= 0.000)
",9999999.000,9999999.000,0.000,1.000,0.000,0,0,16,0,0,16,16,0,0.0,0.0,1.0,0.0,0.0,1.0
"G[1,2](((Chloride >= 0.000 & Magnesium >= 0.030) -> Chloride >= 0.047) -> Hct <= 0.341)
",9999999.000,9999999.000,0.000,1.000,0.000,0,0,15,1,1,15,15,1,0.0,0.0,1.0,0.0,0.0,1.0
"G[1,2]((Platelets <= 38.614 | Temp <= 18.850) & Chloride <= 27.824)
",9999999.000,9999999.000,0.000,1.000,0.000,0,0,16,0,0,16,16,0,0.0,0.0,1.0,0.0,0.0,1.0
"G[2,2](((Resp >= 0.226 & BaseExcess <= 0.000) | O2Sat <= 0.000) | Creatinine >= 0.000)
",0.000,0.000,0.000,1.000,0.000,0,0,16,0,0,16,16,0,0.0,0.0,1.0,0.0,0.0,1.0
"G[0,2](Resp >= 1.512 & SaO2 <= 0.000)
",9999999.000,9999999.000,0.000,1.000,0.000,0,0,8,8,8,8,8,8,0.0,0.0,1.0,0.0,0.0,1.0
"G[1,2](BUN <= 5.212 | PTT >= 0.057)
",9999999.000,9999999.000,0.000,1.000,0.000,0,0,16,0,0,16,16,0,0.0,0.0,1.0,0.0,0.0,1.0
"G[0,2]((Phosphate >= 0.097 -> Calcium >= 0.204) & Alkalinephos >= 0.101)
",9999999.000,9999999.000,0.000,1.000,0.000,0,0,0,16,16,0,0,16,0.0,0.0,0.0,0.0,0.0,1.0
"G[0,2]((pH >= 0.000 -> TroponinI <= 1.266) & PTT <= 1.145)
",9999999.000,9999999.000,0.000,1.000,0.000,0,0,14,2,2,14,14,2,0.0,0.0,1.0,0.0,0.0,1.0
"G[2,2]((Platelets <= 122.937 -> MAP >= 47.489) -> SaO2 >= 38.819)
",38.819,38.819,0.000,1.000,0.000,0,0,16,0,0,16,16,0,0.0,0.0,1.0,0.0,0.0,1.0
"G[2,2]((Glucose >= 20.168 -> Alkalinephos >= 0.000) -> PaCO2 <= 0.000)
",0.000,0.000,0.000,1.000,0.000,0,0,16,0,0,16,16,0,0.0,0.0,1.0,0.0,0.0,1.0
"G[1,2]((Phosphate >= 0.074 | Lactate >= 0.000) -> Platelets <= 0.000)
",9999999.000,9999999.000,0.000,1.000,0.000,0,0,16,0,0,16,16,0,0.0,0.0,1.0,0.0,0.0,1.0
"G[1,2]((Resp >= 5.820 -> BUN <= 6.578) & Phosphate <= 5.046)
",9999999.000,9999999.000,0.000,1.000,0.000,0,0,16,0,0,16,16,0,0.0,0.0,1.0,0.0,0.0,1.0
"G[0,2](((Bilirubin_total <= 0.000 -> TroponinI >= 0.007) -> Potassium >= 0.020) -> Bilirubin_direct >= 0.047)
",9999999.000,9999999.000,0.000,1.000,0.000,0,0,0,16,16,0,0,16,0.0,0.0,0.0,0.0,0.0,1.0
"G[0,2](((PTT >= 0.717 | Potassium >= 0.077) -> Hgb >= 0.023) | SBP <= 0.215)
",9999999.000,9999999.000,0.000,1.000,0.000,0,0,16,0,0,16,16,0,0.0,0.0,1.0,0.0,0.0,1.0
"G[0,2]((Hgb >= 0.490 & HR >= 10.729) | SaO2 <= 63.032)
",9999999.000,9999999.000,0.000,1.000,0.000,0,0,16,0,0,16,16,0,0.0,0.0,1.0,0.0,0.0,1.0
"G[1,2](((Fibrinogen >= 0.000 -> Magnesium <= 1.357) -> TroponinI <= 0.604) | WBC >= 0.051)
",9999999.000,9999999.000,0.000,1.000,0.000,0,0,16,0,0,16,16,0,0.0,0.0,1.0,0.0,0.0,1.0
"G[0,2]((SBP <= 148.218 -> Phosphate <= 2.081) -> Calcium >= 0.004)
",9999999.000,9999999.000,0.000,1.000,0.000,0,0,0,16,16,0,0,16,0.0,0.0,0.0,0.0,0.0,1.0
"G[1,2](Resp >= 0.724 -> pH <= 0.000)
",9999999.000,9999999.000,0.000,1.000,0.000,0,0,16,0,0,16,16,0,0.0,0.0,1.0,0.0,0.0,1.0
"G[1,2]((Calcium >= 0.226 | PaCO2 >= 0.000) & Phosphate >= 0.000)
",9999999.000,9999999.000,0.000,1.000,0.000,0,0,16,0,0,16,16,0,0.0,0.0,1.0,0.0,0.0,1.0
"G[0,2](SepsisLabel >= 0.000 -> Fibrinogen <= 0.000)
",9999999.000,9999999.000,0.000,1.000,0.000,0,0,16,0,0,16,16,0,0.0,0.0,1.0,0.0,0.0,1.0
"G[0,2](PaCO2 <= 0.000 & TroponinI <= 1.170)
",9999999.000,9999999.000,0.000,1.000,0.000,0,0,15,1,1,15,15,1,0.0,0.0,1.0,0.0,0.0,1.0
"G[2,2](((Magnesium <= 0.419 -> SaO2 >= 0.000) | pH <= 0.000) & DBP >= 0.000)
",0.000,0.000,0.000,1.000,0.000,0,0,16,0,0,16,16,0,0.0,0.0,1.0,0.0,0.0,1.0
"G[0,2]((PTT <= 4.701 | Magnesium <= 1.398) | Magnesium >= 0.049)
",9999999.000,9999999.000,0.000,1.000,0.000,0,0,16,0,0,16,16,0,0.0,0.0,1.0,0.0,0.0,1.0
"G[2,2](((BaseExcess <= 0.000 & Hgb <= 6.168) | PTT <= 1.951) & Magnesium <= 3.789)
",1.951,1.951,0.000,1.000,0.000,0,0,16,0,0,16,16,0,0.0,0.0,1.0,0.0,0.0,1.0
"G[2,2](((Chloride >= 0.000 & FiO2 <= 0.000) -> AST >= 0.000) -> Chloride >= 0.000)
",0.000,0.000,0.000,1.000,0.000,0,0,16,0,0,16,16,0,0.0,0.0,1.0,0.0,0.0,1.0
"G[1,2](PTT <= 30.841 & O2Sat >= 11.403)
",9999999.000,9999999.000,0.000,1.000,0.000,0,0,9,7,7,9,9,7,0.0,0.0,1.0,0.0,0.0,1.0
"G[0,2](Phosphate >= 0.011 & Phosphate >= 0.093)
",9999999.000,9999999.000,0.000,1.000,0.000,0,0,0,16,16,0,0,16,0.0,0.0,0.0,0.0,0.0,1.0
"G[0,1]((Chloride <= 0.000 -> Phosphate >= 0.022) & Creatinine <= 1.596)
",9999999.000,9999999.000,0.000,1.000,0.000,0,0,0,16,16,0,0,16,0.0,0.0,0.0,0.0,0.0,1.0
"G[0,2](((SepsisLabel <= 0.000 & Hgb >= 1.060) & MAP >= 0.986) | Hgb >= 0.754)
",9999999.000,9999999.000,0.000,1.000,0.000,0,0,0,16,16,0,0,16,0.0,0.0,0.0,0.0,0.0,1.0
"G[0,2]((SepsisLabel >= 0.000 -> Resp >= 0.959) -> BaseExcess <= 20.124)
",9999999.000,9999999.000,0.000,1.000,0.000,0,0,16,0,0,16,16,0,0.0,0.0,1.0,0.0,0.0,1.0
"G[0,1]((Resp <= 23.150 -> BUN >= 0.341) & FiO2 <= 3.166)
",9999999.000,9999999.000,0.000,1.000,0.000,0,0,0,16,16,0,0,16,0.0,0.0,0.0,0.0,0.0,1.0
"G[0,2](PaCO2 >= 0.000 | Calcium >= 0.079)
",9999999.000,9999999.000,0.000,1.000,0.000,0,0,16,0,0,16,16,0,0.0,0.0,1.0,0.0,0.0,1.0
"G[2,2](pH <= 0.000 | AST <= 0.000)
",0.000,0.000,0.000,1.000,0.000,0,0,16,0,0,16,16,0,0.0,0.0,1.0,0.0,0.0,1.0
"G[0,2](((EtCO2 >= 0.000 & Potassium >= 0.023) -> Alkalinephos <= 0.474) & Lactate >= 0.051)
",9999999.000,9999999.000,0.000,1.000,0.000,0,0,0,16,16,0,0,16,0.0,0.0,0.0,0.0,0.0,1.0
"G[2,2](((O2Sat >= 48.674 | Resp <= 13.921) | Hgb <= 11.357) -> BUN <= 13.114)
",-13.921,-13.921,0.000,1.000,0.000,0,0,16,0,0,16,16,0,0.0,0.0,1.0,0.0,0.0,1.0
"G[1,2](Temp <= 28.630 & PaCO2 <= 0.000)
",9999999.000,9999999.000,0.000,1.000,0.000,0,0,16,0,0,16,16,0,0.0,0.0,1.0,0.0,0.0,1.0
"G[0,2]((Chloride >= 0.000 & Resp <= 14.683) & Phosphate <= 11.142)
",9999999.000,9999999.000,0.000,1.000,0.000,0,0,10,6,6,10,10,6,0.0,0.0,1.0,0.0,0.0,1.0
"G[0,2]((Hgb <= 2.941 -> O2Sat >= 29.711) -> MAP >= 24.651)
",9999999.000,9999999.000,0.000,1.000,0.000,0,0,16,0,0,16,16,0,0.0,0.0,1.0,0.0,0.0,1.0
"G[2,2]((HCO3 <= 0.000 & Resp <= 17.933) & Lactate >= 7.609)
",-7.609,-7.609,0.000,1.000,0.000,0,0,16,0,0,16,16,0,0.0,0.0,1.0,0.0,0.0,1.0
"G[1,2](BaseExcess <= 0.000 & EtCO2 >= 0.000)
",9999999.000,9999999.000,0.000,1.000,0.000,0,0,16,0,0,16,16,0,0.0,0.0,1.0,0.0,0.0,1.0
"G[0,2]((AST <= 0.000 & EtCO2 >= 0.000) & AST >= 0.000)
",9999999.000,9999999.000,0.000,1.000,0.000,0,0,16,0,0,16,16,0,0.0,0.0,1.0,0.0,0.0,1.0
"G[1,2](TroponinI <= 0.140 | Phosphate >= 0.024)
",9999999.000,9999999.000,0.000,1.000,0.000,0,0,16,0,0,16,16,0,0.0,0.0,1.0,0.0,0.0,1.0
"G[0,2](((Alkalinephos <= 0.000 & BUN <= 3.039) | Bilirubin_direct >= 0.247) | Calcium <= 8.487)
",9999999.000,9999999.000,0.000,1.000,0.000,0,0,16,0,0,16,16,0,0.0,0.0,1.0,0.0,0.0,1.0
"G[1,2](Fibrinogen <= 0.000 | Magnesium >= 0.011)
",9999999.000,9999999.000,0.000,1.000,0.000,0,0,16,0,0,16,16,0,0.0,0.0,1.0,0.0,0.0,1.0
"G[2,2](AST <= 0.000 -> Bilirubin_total <= 0.000)
",0.000,0.000,0.000,1.000,0.000,0,0,16,0,0,16,16,0,0.0,0.0,1.0,0.0,0.0,1.0
"G[0,2](((Temp >= 1.121 & Phosphate <= 1.929) -> Resp >= 0.026) | Alkalinephos >= 0.046)
",9999999.000,9999999.000,0.000,1.000,0.000,0,0,16,0,0,16,16,0,0.0,0.0,1.0,0.0,0.0,1.0
"G[0,2](Phosphate <= 2.390 & Platelets >= 2.427)
",9999999.000,9999999.000,0.000,1.000,0.000,0,0,0,16,16,0,0,16,0.0,0.0,0.0,0.0,0.0,1.0
"G[1,2]((Platelets <= 195.596 -> MAP >= 59.346) & AST >= 4.087)
",9999999.000,9999999.000,0.000,1.000,0.000,0,0,0,16,16,0,0,16,0.0,0.0,0.0,0.0,0.0,1.0
"G[0,2](Potassium <= 2.558 -> Calcium <= 3.041)
",9999999.000,9999999.000,0.000,1.000,0.000,0,0,16,0,0,16,16,0,0.0,0.0,1.0,0.0,0.0,1.0
"G[1,2](SepsisLabel >= 0.000 & Chloride >= 0.000)
",9999999.000,9999999.000,0.000,1.000,0.000,0,0,16,0,0,16,16,0,0.0,0.0,1.0,0.0,0.0,1.0
"G[0,2]((AST <= 0.000 & O2Sat <= 71.399) -> pH <= 77.627)
",9999999.000,9999999.000,0.000,1.000,0.000,0,0,16,0,0,16,16,0,0.0,0.0,1.0,0.0,0.0,1.0
"G[1,2](((Fibrinogen >= 0.000 -> WBC <= 3.338) & HCO3 <= 7.045) & O2Sat >= 0.470)
",9999999.000,9999999.000,0.000,1.000,0.000,0,0,9,7,7,9,9,7,0.0,0.0,1.0,0.0,0.0,1.0
"G[0,2]((Bilirubin_total >= 0.000 | SaO2 <= 0.000) -> Phosphate <= 0.000)
",9999999.000,9999999.000,0.000,1.000,0.000,0,0,15,1,1,15,15,1,0.0,0.0,1.0,0.0,0.0,1.0
"G[1,2](BUN <= 10.107 & Creatinine >= 0.015)
",9999999.000,9999999.000,0.000,1.000,0.000,0,0,0,16,16,0,0,16,0.0,0.0,0.0,0.0,0.0,1.0
"G[0,2](((Hgb <= 3.947 | Hct <= 16.848) -> WBC >= 0.142) & Platelets >= 12.016)
",9999999.000,9999999.000,0.000,1.000,0.000,0,0,0,16,16,0,0,16,0.0,0.0,0.0,0.0,0.0,1.0
"G[0,0](BUN <= 5.276 & Creatinine >= 0.025)
",-0.025,-0.025,0.000,1.000,0.000,0,0,0,16,16,0,0,16,0.0,0.0,0.0,0.0,0.0,1.0
"G[0,2](Chloride >= 0.000 & HCO3 >= 0.000)
",9999999.000,9999999.000,0.000,1.000,0.000,0,0,16,0,0,16,16,0,0.0,0.0,1.0,0.0,0.0,1.0
"G[1,2](Platelets <= 213.205 -> WBC >= 0.283)
",9999999.000,9999999.000,0.000,1.000,0.000,0,0,0,16,16,0,0,16,0.0,0.0,0.0,0.0,0.0,1.0
"G[1,1](((Hgb <= 2.890 | Hct <= 24.395) -> WBC >= 0.033) & Platelets >= 8.662)
",-24.395,-24.395,0.000,1.000,0.000,0,0,0,16,16,0,0,16,0.0,0.0,0.0,0.0,0.0,1.0
"G[0,1](BUN <= 12.973 & Creatinine >= 0.001)
",9999999.000,9999999.000,0.000,1.000,0.000,0,0,0,16,16,0,0,16,0.0,0.0,0.0,0.0,0.0,1.0
"G[2,2](Phosphate <= 0.785 & SepsisLabel = 0.000)
",0.000,0.000,0.000,1.000,0.000,0,0,16,0,0,16,16,0,0.0,0.0,1.0,0.0,0.0,1.0
"G[0,2](Potassium <= 1.900 -> SepsisLabel = 0.000)
",9999999.000,9999999.000,0.000,1.000,0.000,0,0,16,0,0,16,16,0,0.0,0.0,1.0,0.0,0.0,1.0
"G[1,2](Hct >= 3.564 -> SepsisLabel = 0.000)
",9999999.000,9999999.000,0.000,1.000,0.000,0,0,16,0,0,16,16,0,0.0,0.0,1.0,0.0,0.0,1.0
"G[0,0](HCO3 < 0.000 & SepsisLabel = 0.000)
",0.000,0.000,0.000,1.000,0.000,0,0,0,16,16,0,0,16,0.0,0.0,0.0,0.0,0.0,1.0
"G[2,2](TroponinI >= 0.007 -> SepsisLabel = 0.000)
",0.000,0.000,0.000,1.000,0.000,0,0,16,0,0,16,16,0,0.0,0.0,1.0,0.0,0.0,1.0
"G[0,2](Phosphate >= 0.096 -> SepsisLabel = 0.000)
",9999999.000,9999999.000,0.000,1.000,0.000,0,0,16,0,0,16,16,0,0.0,0.0,1.0,0.0,0.0,1.0
"G[1,2](Creatinine > 0.032 -> SepsisLabel = 0.000)
",9999999.000,9999999.000,0.000,1.000,0.000,0,0,16,0,0,16,16,0,0.0,0.0,1.0,0.0,0.0,1.0
"G[0,0]((Phosphate >= 0.077 -> Potassium <= 3.193) & AST >= 0.085)
",-3.193,-3.193,0.000,1.000,0.000,0,0,0,16,16,0,0,16,0.0,0.0,0.0,0.0,0.0,1.0
"G[1,1](((Creatinine >= 0.005 & TroponinI <= 0.072) & Temp <= 0.922) & Alkalinephos <= 0.191)
",-0.005,-0.005,0.000,1.000,0.000,0,0,0,16,16,0,0,16,0.0,0.0,0.0,0.0,0.0,1.0
"G[2,2](Calcium <= 3.804 -> Phosphate >= 0.087)
",-3.804,-3.804,0.000,1.000,0.000,0,0,16,0,0,16,16,0,0.0,0.0,1.0,0.0,0.0,1.0
"G[0,0]((Platelets >= 8.391 & Platelets <= 13.504) | pH >= 1.693)
",-1.693,-1.693,0.000,1.000,0.000,0,0,0,16,16,0,0,16,0.0,0.0,0.0,0.0,0.0,1.0
"G[0,2](((Calcium <= 3.374 -> Potassium <= 0.157) & Bilirubin_direct <= 0.555) -> BUN <= 2.073)
",9999999.000,9999999.000,0.000,1.000,0.000,0,0,15,1,1,15,15,1,0.0,0.0,1.0,0.0,0.0,1.0
"G[1,2](((BUN >= 0.264 & TroponinI <= 1.045) & DBP >= 0.007) | Temp <= 0.712)
",9999999.000,9999999.000,0.000,1.000,0.000,0,0,16,0,0,16,16,0,0.0,0.0,1.0,0.0,0.0,1.0
"G[0,0](((Potassium >= 0.019 -> TroponinI >= 0.011) | HCO3 >= 0.000) -> Fibrinogen >= 0.045)
",-0.011,-0.011,0.000,1.000,0.000,0,0,0,16,16,0,0,16,0.0,0.0,0.0,0.0,0.0,1.0
"G[1,2]((Platelets <= 78.145 & WBC >= 0.022) | O2Sat <= 7.677)
",9999999.000,9999999.000,0.000,1.000,0.000,0,0,7,9,9,7,7,9,0.0,0.0,1.0,0.0,0.0,1.0
"G[0,2](MAP <= 92.865 & Resp >= 5.907)
",9999999.000,9999999.000,0.000,1.000,0.000,0,0,5,11,11,5,5,11,0.0,0.0,1.0,0.0,0.0,1.0
"G[0,2](((Resp >= 6.330 & SBP >= 70.495) & DBP >= 112.152) & SaO2 >= 91.616)
",9999999.000,9999999.000,0.000,1.000,0.000,0,0,0,16,16,0,0,16,0.0,0.0,0.0,0.0,0.0,1.0
"G[0,2](Platelets <= 164.663 -> WBC >= 0.055)
",9999999.000,9999999.000,0.000,1.000,0.000,0,0,0,16,16,0,0,16,0.0,0.0,0.0,0.0,0.0,1.0
"G[0,2](((Hgb <= 6.233 | Hct <= 8.682) -> WBC >= 0.192) & Platelets >= 11.286)
",9999999.000,9999999.000,0.000,1.000,0.000,0,0,0,16,16,0,0,16,0.0,0.0,0.0,0.0,0.0,1.0
"G[1,2]((PaCO2 >= 0.000 & Creatinine <= 0.237) & Fibrinogen <= 1.005)
",9999999.000,9999999.000,0.000,1.000,0.000,0,0,16,0,0,16,16,0,0.0,0.0,1.0,0.0,0.0,1.0
"G[0,1](Platelets <= 163.154 -> WBC >= 0.245)
",9999999.000,9999999.000,0.000,1.000,0.000,0,0,0,16,16,0,0,16,0.0,0.0,0.0,0.0,0.0,1.0
"G[1,1](((Hgb <= 7.188 | Hct <= 18.902) -> WBC >= 0.300) & Platelets >= 5.010)
",-18.902,-18.902,0.000,1.000,0.000,0,0,0,16,16,0,0,16,0.0,0.0,0.0,0.0,0.0,1.0
"G[2,2](BUN <= 9.845 & Creatinine >= 0.008)
",-0.008,-0.008,0.000,1.000,0.000,0,0,16,0,0,16,16,0,0.0,0.0,1.0,0.0,0.0,1.0
"G[1,2](Chloride >= 0.000 & HCO3 >= 0.000)
",9999999.000,9999999.000,0.000,1.000,0.000,0,0,16,0,0,16,16,0,0.0,0.0,1.0,0.0,0.0,1.0
"G[0,2](Platelets <= 89.446 -> WBC >= 0.383)
",9999999.000,9999999.000,0.000,1.000,0.000,0,0,0,16,16,0,0,16,0.0,0.0,0.0,0.0,0.0,1.0
"G[1,2](((Hgb <= 8.290 | Hct <= 20.156) -> WBC >= 0.490) & Platelets >= 3.814)
",9999999.000,9999999.000,0.000,1.000,0.000,0,0,0,16,16,0,0,16,0.0,0.0,0.0,0.0,0.0,1.0
"G[2,2](BUN <= 10.207 & Creatinine >= 0.030)
",-0.030,-0.030,0.000,1.000,0.000,0,0,16,0,0,16,16,0,0.0,0.0,1.0,0.0,0.0,1.0
"G[1,2](Platelets <= 152.814 -> WBC >= 0.253)
",9999999.000,9999999.000,0.000,1.000,0.000,0,0,0,16,16,0,0,16,0.0,0.0,0.0,0.0,0.0,1.0
"G[1,1](((Hgb <= 6.799 | Hct <= 25.737) -> WBC >= 0.478) & Platelets >= 11.128)
",-25.737,-25.737,0.000,1.000,0.000,0,0,0,16,16,0,0,16,0.0,0.0,0.0,0.0,0.0,1.0
"G[1,2](BUN <= 10.844 & Creatinine >= 0.032)
",9999999.000,9999999.000,0.000,1.000,0.000,0,0,0,16,16,0,0,16,0.0,0.0,0.0,0.0,0.0,1.0
"G[1,1](Platelets <= 181.928 -> WBC >= 0.293)
",-181.928,-181.928,0.000,1.000,0.000,0,0,0,16,16,0,0,16,0.0,0.0,0.0,0.0,0.0,1.0
"G[2,2](((Hgb <= 4.680 | Hct <= 22.569) -> WBC >= 0.132) & Platelets >= 7.804)
",-22.569,-22.569,0.000,1.000,0.000,0,0,16,0,0,16,16,0,0.0,0.0,1.0,0.0,0.0,1.0
"G[0,1](BUN <= 5.146 & Creatinine >= 0.001)
",9999999.000,9999999.000,0.000,1.000,0.000,0,0,0,16,16,0,0,16,0.0,0.0,0.0,0.0,0.0,1.0
"G[1,2](Chloride >= 0.000 & HCO3 >= 0.000)
",9999999.000,9999999.000,0.000,1.000,0.000,0,0,16,0,0,16,16,0,0.0,0.0,1.0,0.0,0.0,1.0
"G[1,2](((Hgb <= 5.897 | Hct <= 18.300) -> WBC >= 0.165) & Platelets >= 3.072)
",9999999.000,9999999.000,0.000,1.000,0.000,0,0,0,16,16,0,0,16,0.0,0.0,0.0,0.0,0.0,1.0
"G[1,2](BUN <= 1.676 & Creatinine >= 0.026)
",9999999.000,9999999.000,0.000,1.000,0.000,0,0,0,16,16,0,0,16,0.0,0.0,0.0,0.0,0.0,1.0
"G[0,2](Chloride >= 0.000 & HCO3 >= 0.000)
",9999999.000,9999999.000,0.000,1.000,0.000,0,0,16,0,0,16,16,0,0.0,0.0,1.0,0.0,0.0,1.0
"G[1,1](Platelets <= 23.797 -> WBC >= 0.411)
",-23.797,-23.797,0.000,1.000,0.000,0,0,0,16,16,0,0,16,0.0,0.0,0.0,0.0,0.0,1.0
"G[1,2](((Hgb <= 1.908 | Hct <= 8.256) -> WBC >= 0.403) & Platelets >= 11.342)
",9999999.000,9999999.000,0.000,1.000,0.000,0,0,0,16,16,0,0,16,0.0,0.0,0.0,0.0,0.0,1.0
"G[2,2](BUN <= 12.058 & Creatinine >= 0.022)
",-0.022,-0.022,0.000,1.000,0.000,0,0,16,0,0,16,16,0,0.0,0.0,1.0,0.0,0.0,1.0
"G[1,2](Chloride >= 0.000 & HCO3 >= 0.000)
",9999999.000,9999999.000,0.000,1.000,0.000,0,0,16,0,0,16,16,0,0.0,0.0,1.0,0.0,0.0,1.0
"G[2,2](Platelets <= 189.402 -> WBC >= 0.290)
",-189.402,-189.402,0.000,1.000,0.000,0,0,16,0,0,16,16,0,0.0,0.0,1.0,0.0,0.0,1.0
"G[1,2](((Hgb <= 5.360 | Hct <= 21.435) -> WBC >= 0.329) & Platelets >= 11.455)
",9999999.000,9999999.000,0.000,1.000,0.000,0,0,0,16,16,0,0,16,0.0,0.0,0.0,0.0,0.0,1.0
"G[0,2](BUN <= 2.256 & Creatinine >= 0.028)
",9999999.000,9999999.000,0.000,1.000,0.000,0,0,0,16,16,0,0,16,0.0,0.0,0.0,0.0,0.0,1.0
"G[0,0](((Phosphate >= 0.064 -> WBC <= 6.157) -> Creatinine <= 3.310) -> AST >= 0.398)
",0.398,0.398,0.000,1.000,0.000,0,0,0,16,16,0,0,16,0.0,0.0,0.0,0.0,0.0,1.0
"G[0,2]((Platelets <= 191.659 | PTT <= 20.485) -> BaseExcess <= 22.317)
",9999999.000,9999999.000,0.000,1.000,0.000,0,0,16,0,0,16,16,0,0.0,0.0,1.0,0.0,0.0,1.0
"G[0,2](((Creatinine >= 0.010 & Platelets <= 93.177) -> Bilirubin_direct <= 106.755) | BaseExcess <= 194.111)
",9999999.000,9999999.000,0.000,1.000,0.000,0,0,16,0,0,16,16,0,0.0,0.0,1.0,0.0,0.0,1.0
"G[0,2]((Glucose >= 9.882 & WBC <= 4.109) | WBC <= 1.230)
",9999999.000,9999999.000,0.000,1.000,0.000,0,0,14,2,2,14,14,2,0.0,0.0,1.0,0.0,0.0,1.0
"G[2,2](((Platelets >= 8.054 & Resp <= 16.761) -> BaseExcess <= 19.770) & BUN <= 18.764)
",-19.770,-19.770,0.000,1.000,0.000,0,0,16,0,0,16,16,0,0.0,0.0,1.0,0.0,0.0,1.0
"G[0,2]((PTT <= 31.243 & SBP >= 10.879) & Chloride >= 17.850)
",9999999.000,9999999.000,0.000,1.000,0.000,0,0,0,16,16,0,0,16,0.0,0.0,0.0,0.0,0.0,1.0
"G[0,2](Phosphate >= 0.047 -> Resp <= 11.890)
",9999999.000,9999999.000,0.000,1.000,0.000,0,0,15,1,1,15,15,1,0.0,0.0,1.0,0.0,0.0,1.0
"G[0,2]((BUN <= 2.148 -> Resp >= 2.471) -> MAP >= 4.567)
",9999999.000,9999999.000,0.000,1.000,0.000,0,0,16,0,0,16,16,0,0.0,0.0,1.0,0.0,0.0,1.0
"G[0,2]((Calcium >= 0.187 & PTT >= 0.820) | SepsisLabel >= 0.800)
",9999999.000,9999999.000,0.000,1.000,0.000,0,0,0,16,16,0,0,16,0.0,0.0,0.0,0.0,0.0,1.0
"G[0,1](((PTT <= 19.296 & TroponinI <= 1.293) -> Lactate >= 0.006) & PaCO2 >= 0.024)
",9999999.000,9999999.000,0.000,1.000,0.000,0,0,0,16,16,0,0,16,0.0,0.0,0.0,0.0,0.0,1.0
"G[2,2](((Hgb >= 0.429 -> Temp >= 3.352) & FiO2 >= 0.543) -> HR <= 32.266)
",-32.266,-32.266,0.000,1.000,0.000,0,0,16,0,0,16,16,0,0.0,0.0,1.0,0.0,0.0,1.0
"G[2,2](((PaCO2 >= 0.000 | pH <= 0.000) -> EtCO2 >= 0.000) -> Bilirubin_total >= 0.000)
",0.000,0.000,0.000,1.000,0.000,0,0,16,0,0,16,16,0,0.0,0.0,1.0,0.0,0.0,1.0
"G[0,2](((Bilirubin_total >= 0.000 & HCO3 >= 0.000) | Magnesium >= 0.000) & Hgb <= 0.000)
",9999999.000,9999999.000,0.000,1.000,0.000,0,0,10,6,6,10,10,6,0.0,0.0,1.0,0.0,0.0,1.0
"G[1,1]((Creatinine <= 0.788 -> Magnesium >= 0.010) & Bilirubin_direct >= 0.013)
",-0.788,-0.788,0.000,1.000,0.000,0,0,0,16,16,0,0,16,0.0,0.0,0.0,0.0,0.0,1.0
"G[2,2]((pH <= 0.000 | Creatinine >= 0.019) | Resp <= 0.837)
",0.837,0.837,0.000,1.000,0.000,0,0,16,0,0,16,16,0,0.0,0.0,1.0,0.0,0.0,1.0
"G[2,2]((SaO2 <= 0.000 & Resp <= 14.893) & Glucose <= 24.159)
",0.000,0.000,0.000,1.000,0.000,0,0,16,0,0,16,16,0,0.0,0.0,1.0,0.0,0.0,1.0
"G[1,2]((SepsisLabel >= 0.000 | AST <= 0.000) | DBP >= 0.000)
",9999999.000,9999999.000,0.000,1.000,0.000,0,0,16,0,0,16,16,0,0.0,0.0,1.0,0.0,0.0,1.0
"G[0,2](((SaO2 >= 0.000 | PTT >= 0.149) & TroponinI >= 0.174) -> PaCO2 >= 0.572)
",9999999.000,9999999.000,0.000,1.000,0.000,0,0,15,1,1,15,15,1,0.0,0.0,1.0,0.0,0.0,1.0
"G[1,2](Fibrinogen <= 0.000 | Platelets >= 4.861)
",9999999.000,9999999.000,0.000,1.000,0.000,0,0,16,0,0,16,16,0,0.0,0.0,1.0,0.0,0.0,1.0
"G[2,2](Platelets <= 67.023 -> WBC >= 0.173)
",-67.023,-67.023,0.000,1.000,0.000,0,0,16,0,0,16,16,0,0.0,0.0,1.0,0.0,0.0,1.0
"G[0,2](((PaCO2 <= 0.000 -> TroponinI >= 0.010) | MAP >= 0.031) -> EtCO2 <= 0.455)
",9999999.000,9999999.000,0.000,1.000,0.000,0,0,16,0,0,16,16,0,0.0,0.0,1.0,0.0,0.0,1.0
"G[0,2](((HR >= 22.327 -> HR >= 1.480) | Glucose >= 10.800) -> O2Sat <= 85.009)
",9999999.000,9999999.000,0.000,1.000,0.000,0,0,1,15,15,1,1,15,0.0,0.0,1.0,0.0,0.0,1.0
"G[1,2](((EtCO2 <= 0.000 | WBC >= 0.315) -> O2Sat <= 5.935) | pH <= 4.655)
",9999999.000,9999999.000,0.000,1.000,0.000,0,0,16,0,0,16,16,0,0.0,0.0,1.0,0.0,0.0,1.0
"G[1,2](Hct <= 8.647 | TroponinI <= 0.670)
",9999999.000,9999999.000,0.000,1.000,0.000,0,0,16,0,0,16,16,0,0.0,0.0,1.0,0.0,0.0,1.0
"G[0,2]((HR <= 59.832 & AST >= 0.000) & HCO3 >= 0.000)
",9999999.000,9999999.000,0.000,1.000,0.000,0,0,1,15,15,1,1,15,0.0,0.0,1.0,0.0,0.0,1.0
"G[0,1]((O2Sat >= 39.564 | Temp <= 14.482) -> Magnesium >= 4.009)
",9999999.000,9999999.000,0.000,1.000,0.000,0,0,0,16,16,0,0,16,0.0,0.0,0.0,0.0,0.0,1.0
"G[0,2](((Magnesium <= 1.333 & BUN >= 0.264) -> DBP <= 6.596) | EtCO2 >= 0.253)
",9999999.000,9999999.000,0.000,1.000,0.000,0,0,16,0,0,16,16,0,0.0,0.0,1.0,0.0,0.0,1.0
"G[0,2](Calcium <= 6.415 & MAP <= 74.376)
",9999999.000,9999999.000,0.000,1.000,0.000,0,0,3,13,13,3,3,13,0.0,0.0,1.0,0.0,0.0,1.0
"G[1,2](DBP >= 27.232 & Phosphate <= 3.049)
",9999999.000,9999999.000,0.000,1.000,0.000,0,0,9,7,7,9,9,7,0.0,0.0,1.0,0.0,0.0,1.0
"G[1,2](((Phosphate <= 1.002 | SBP <= 202.301) -> Potassium >= 86.884) -> HR >= 42.026)
",9999999.000,9999999.000,0.000,1.000,0.000,0,0,16,0,0,16,16,0,0.0,0.0,1.0,0.0,0.0,1.0
"G[1,2](((Platelets <= 215.231 | Temp >= 1.832) & HR >= 3.339) | BaseExcess <= 8.601)
",9999999.000,9999999.000,0.000,1.000,0.000,0,0,16,0,0,16,16,0,0.0,0.0,1.0,0.0,0.0,1.0
"G[2,2](((Hct <= 6.560 & WBC >= 0.026) | HR <= 2.267) -> EtCO2 <= 7.986)
",-7.986,-7.986,0.000,1.000,0.000,0,0,16,0,0,16,16,0,0.0,0.0,1.0,0.0,0.0,1.0
"G[2,2](((PTT >= 0.880 & Temp >= 5.555) | PaCO2 >= 4.394) -> FiO2 >= 2.887)
",2.887,2.887,0.000,1.000,0.000,0,0,16,0,0,16,16,0,0.0,0.0,1.0,0.0,0.0,1.0
"G[2,2](((Hct >= 2.539 -> PTT >= 0.094) | Glucose <= 1.479) & Bilirubin_total <= 7.223)
",1.479,1.479,0.000,1.000,0.000,0,0,16,0,0,16,16,0,0.0,0.0,1.0,0.0,0.0,1.0
"G[1,2](((Creatinine >= 0.031 & Hgb >= 0.728) | Fibrinogen <= 3.406) & SBP <= 4.104)
",9999999.000,9999999.000,0.000,1.000,0.000,0,0,7,9,9,7,7,9,0.0,0.0,1.0,0.0,0.0,1.0
"G[1,2](Hct >= 1.316 -> Magnesium <= 1.469)
",9999999.000,9999999.000,0.000,1.000,0.000,0,0,16,0,0,16,16,0,0.0,0.0,1.0,0.0,0.0,1.0
"G[0,1](((Calcium >= 0.204 -> Hct <= 9.333) & PTT >= 3.739) | Magnesium >= 4.014)
",9999999.000,9999999.000,0.000,1.000,0.000,0,0,0,16,16,0,0,16,0.0,0.0,0.0,0.0,0.0,1.0
"G[1,2]((Hct >= 1.206 | O2Sat <= 71.111) | TroponinI <= 71.920)
",9999999.000,9999999.000,0.000,1.000,0.000,0,0,16,0,0,16,16,0,0.0,0.0,1.0,0.0,0.0,1.0
"G[1,2]((Hgb <= 7.565 | HR >= 30.773) | FiO2 >= 0.336)
",9999999.000,9999999.000,0.000,1.000,0.000,0,0,16,0,0,16,16,0,0.0,0.0,1.0,0.0,0.0,1.0
"G[2,2]((O2Sat <= 74.612 | Temp >= 2.909) | Fibrinogen <= 25.218)
",74.612,74.612,0.000,1.000,0.000,0,0,16,0,0,16,16,0,0.0,0.0,1.0,0.0,0.0,1.0
"G[2,2](((DBP >= 32.947 | Glucose >= 28.135) & Hgb >= 12.129) & Glucose >= 12.162)
",-28.135,-28.135,0.000,1.000,0.000,0,0,16,0,0,16,16,0,0.0,0.0,1.0,0.0,0.0,1.0
"G[2,2](((Hct >= 3.283 -> SBP <= 147.117) | TroponinI >= 37.350) & Potassium <= 145.994)
",-37.350,-37.350,0.000,1.000,0.000,0,0,16,0,0,16,16,0,0.0,0.0,1.0,0.0,0.0,1.0
"G[0,2](((Creatinine >= 0.019 & Temp >= 3.214) | TroponinI >= 1.237) | Chloride <= 16.151)
",9999999.000,9999999.000,0.000,1.000,0.000,0,0,16,0,0,16,16,0,0.0,0.0,1.0,0.0,0.0,1.0
"G[0,0]((Hgb >= 0.836 -> Resp >= 2.312) -> pH >= 3.499)
",1.588,2.686,0.000,1.000,0.000,0,0,0,16,16,0,0,16,0.0,0.0,0.0,0.0,0.0,1.0
"G[0,2](Temp <= 31.323 & WBC >= 0.157)
",9999999.000,9999999.000,0.000,1.000,0.000,0,0,0,16,16,0,0,16,0.0,0.0,0.0,0.0,0.0,1.0
"G[0,1]((HR <= 57.674 -> PTT <= 21.616) -> PaCO2 >= 0.397)
",9999999.000,9999999.000,0.000,1.000,0.000,0,0,0,16,16,0,0,16,0.0,0.0,0.0,0.0,0.0,1.0
"G[1,2]((O2Sat <= 86.835 | Platelets >= 12.403) & pH >= 1.891)
",9999999.000,9999999.000,0.000,1.000,0.000,0,0,0,16,16,0,0,16,0.0,0.0,0.0,0.0,0.0,1.0
"G[1,1]((Magnesium >= 0.008 & O2Sat >= 20.784) & FiO2 >= 5.071)
",-20.784,-20.784,0.000,1.000,0.000,0,0,0,16,16,0,0,16,0.0,0.0,0.0,0.0,0.0,1.0
"G[0,2]((O2Sat >= 57.670 | PTT <= 29.006) & FiO2 >= 0.985)
",9999999.000,9999999.000,0.000,1.000,0.000,0,0,0,16,16,0,0,16,0.0,0.0,0.0,0.0,0.0,1.0
"G[1,2](DBP <= 43.926 -> PTT >= 0.223)
",9999999.000,9999999.000,0.000,1.000,0.000,0,0,9,7,7,9,9,7,0.0,0.0,1.0,0.0,0.0,1.0
"G[0,1]((HR <= 56.353 & Phosphate <= 1.351) & PaCO2 >= 0.010)
",9999999.000,9999999.000,0.000,1.000,0.000,0,0,0,16,16,0,0,16,0.0,0.0,0.0,0.0,0.0,1.0
"G[1,2]((HR >= 17.637 | TroponinI >= 0.001) & SepsisLabel <= 1.121)
",9999999.000,9999999.000,0.000,1.000,0.000,0,0,9,7,7,9,9,7,0.0,0.0,1.0,0.0,0.0,1.0
"G[0,2]((Platelets <= 169.588 -> SBP >= 72.007) & Hgb >= 19.491)
",9999999.000,9999999.000,0.000,1.000,0.000,0,0,0,16,16,0,0,16,0.0,0.0,0.0,0.0,0.0,1.0
"G[1,2](((Potassium <= 0.187 & SepsisLabel >= 0.000) & O2Sat >= 0.000) & EtCO2 >= 0.000)
",9999999.000,9999999.000,0.000,1.000,0.000,0,0,16,0,0,16,16,0,0.0,0.0,1.0,0.0,0.0,1.0
