Rule,Discrimination Score,Pos Robustness,Neg Robustness,Percent Class +,Percent Class -,TP,TN,FP,FN,Actual Yes,Actual No,Predicted Yes,Predicted No,TPR/Sens,TNR/Spec,FPR,Precision,Accuracy,MCR,Class
"G[1,1](Chloride >= 0.000 & HCO3 >= 0.000)
",0.000,0.000,0.000,1.000,0.000,6,0,0,0,6,0,6,0,1.0,0.0,0.0,1.0,1.0,0.0,1
"F[0,1](((Chloride >= 0.000 & BUN <= 4.002) -> Resp >= 0.172) & SaO2 >= 0.083)
",-9999999.000,-9999999.000,0.000,0.000,1.000,6,0,0,0,6,0,6,0,1.0,0.0,0.0,1.0,1.0,0.0,-1
"G[1,1](((O2Sat >= 51.544 | Bilirubin_direct <= 0.000) | TroponinI <= 0.000) -> FiO2 <= 0.000)
",0.000,0.000,0.000,1.000,0.000,6,0,0,0,6,0,6,0,1.0,0.0,0.0,1.0,1.0,0.0,1
"G[0,0](((TroponinI <= 0.000 & Alkalinephos >= 0.000) & Hgb <= 0.000) | Temp <= 0.000)
",0.000,0.000,0.000,1.000,0.000,6,0,0,0,6,0,6,0,1.0,0.0,0.0,1.0,1.0,0.0,1
"G[0,0](SaO2 > 0.000 -> SepsisLabel = 0.000)
",0.000,0.000,0.000,1.000,0.000,6,0,0,0,6,0,6,0,1.0,0.0,0.0,1.0,1.0,0.0,1
"G[0,1](((O2Sat >= 81.728 & BUN <= 5.688) | DBP <= 3.113) | BaseExcess <= 2.287)
",9999999.000,9999999.000,0.000,1.000,0.000,6,0,0,0,6,0,6,0,1.0,0.0,0.0,1.0,1.0,0.0,1
"G[0,0]((Chloride <= 0.000 -> BaseExcess >= 0.000) & EtCO2 <= 0.000)
",-4.172,-19.583,0.000,1.000,0.000,6,0,0,0,6,0,6,0,1.0,0.0,0.0,1.0,1.0,0.0,1
"G[0,0](BaseExcess >= 0.000 | Creatinine >= 0.021)
",0.000,0.000,0.000,1.000,0.000,6,0,0,0,6,0,6,0,1.0,0.0,0.0,1.0,1.0,0.0,1
"G[1,1](((SBP >= 23.057 -> Bilirubin_direct >= 0.000) & Glucose <= 0.000) | Creatinine >= 0.000)
",0.000,0.000,0.000,1.000,0.000,6,0,0,0,6,0,6,0,1.0,0.0,0.0,1.0,1.0,0.0,1
"G[0,0]((SaO2 >= 0.000 & FiO2 >= 0.000) & WBC >= 0.000)
",0.000,0.000,0.000,1.000,0.000,6,0,0,0,6,0,6,0,1.0,0.0,0.0,1.0,1.0,0.0,1
"G[0,0](((WBC <= 2.195 | BUN <= 6.251) & Alkalinephos <= 6.019) | Bilirubin_direct <= 3.096)
",6776716909653337.000,6.019,0.000,1.000,0.000,6,0,0,0,6,0,6,0,1.0,0.0,0.0,1.0,1.0,0.0,1
"G[0,1](((BUN <= 7.628 | TroponinI >= 0.000) | Temp <= 0.000) -> Bilirubin_direct >= 0.000)
",9999999.000,9999999.000,0.000,1.000,0.000,6,0,0,0,6,0,6,0,1.0,0.0,0.0,1.0,1.0,0.0,1
"G[0,1](Chloride >= 0.000 & HCO3 >= 0.000)
",9999999.000,9999999.000,0.000,1.000,0.000,6,0,0,0,6,0,6,0,1.0,0.0,0.0,1.0,1.0,0.0,1
"G[0,1](((SepsisLabel <= 0.000 | Chloride >= 0.000) | SBP <= 0.000) | Fibrinogen <= 0.000)
",9999999.000,9999999.000,0.000,1.000,0.000,6,0,0,0,6,0,6,0,1.0,0.0,0.0,1.0,1.0,0.0,1
"G[0,1]((SepsisLabel >= 0.000 | DBP <= 49.674) | Fibrinogen >= 42.178)
",9999999.000,9999999.000,0.000,1.000,0.000,6,0,0,0,6,0,6,0,1.0,0.0,0.0,1.0,1.0,0.0,1
"G[0,0](Chloride >= 0.000 & HCO3 >= 0.000)
",0.000,0.000,0.000,1.000,0.000,6,0,0,0,6,0,6,0,1.0,0.0,0.0,1.0,1.0,0.0,1
"G[0,1]((AST >= 0.000 -> BUN >= 0.626) | Creatinine <= 5.439)
",9999999.000,9999999.000,0.000,1.000,0.000,6,0,0,0,6,0,6,0,1.0,0.0,0.0,1.0,1.0,0.0,1
"G[0,1](Chloride >= 0.000 & HCO3 >= 0.000)
",9999999.000,9999999.000,0.000,1.000,0.000,6,0,0,0,6,0,6,0,1.0,0.0,0.0,1.0,1.0,0.0,1
"G[0,1](((Resp <= 25.478 | WBC >= 0.002) -> EtCO2 >= 0.446) -> Hgb <= 8.586)
",9999999.000,9999999.000,0.000,1.000,0.000,6,0,0,0,6,0,6,0,1.0,0.0,0.0,1.0,1.0,0.0,1
"G[0,1](SepsisLabel > 0.000 -> SepsisLabel = 0.000)
",9999999.000,9999999.000,0.000,1.000,0.000,6,0,0,0,6,0,6,0,1.0,0.0,0.0,1.0,1.0,0.0,1
"G[0,0]((Bilirubin_total >= 0.000 -> FiO2 <= 0.000) -> PaCO2 >= 0.000)
",0.000,0.000,0.000,1.000,0.000,6,0,0,0,6,0,6,0,1.0,0.0,0.0,1.0,1.0,0.0,1
"G[0,0](Calcium >= 0.067 -> EtCO2 >= 0.000)
",-4.172,-19.583,0.000,1.000,0.000,6,0,0,0,6,0,6,0,1.0,0.0,0.0,1.0,1.0,0.0,1
"G[1,1]((Creatinine <= 0.086 -> Resp <= 27.492) -> Fibrinogen <= 19.547)
",-19.547,-19.547,0.000,1.000,0.000,6,0,0,0,6,0,6,0,1.0,0.0,0.0,1.0,1.0,0.0,1
"F[1,1](((SepsisLabel >= 0.000 | Hct >= 0.617) -> TroponinI >= 0.776) & Resp <= 7.062)
",0.000,0.000,0.000,0.000,1.000,6,0,0,0,6,0,6,0,1.0,0.0,0.0,1.0,1.0,0.0,-1
"((BUN >= 0.025) U[1,2] (BaseExcess <= 0.000))
",-9999999.000,-9999999.000,0.000,0.000,1.000,6,0,0,0,6,0,6,0,1.0,0.0,0.0,1.0,1.0,0.0,-1
"G[0,0]((PTT <= 0.000 & Bilirubin_total <= 0.000) | Bilirubin_direct >= 0.000)
",0.000,0.000,0.000,1.000,0.000,6,0,0,0,6,0,6,0,1.0,0.0,0.0,1.0,1.0,0.0,1
"F[1,1]((Calcium <= 7.866 & Potassium <= 1.656) & Magnesium >= 0.106)
",-0.106,-0.106,0.000,0.000,1.000,6,0,0,0,6,0,6,0,1.0,0.0,0.0,1.0,1.0,0.0,-1
"((Platelets >= 6.594) U[1,1] (Bilirubin_total >= 0.000))
",0.000,0.000,0.000,0.000,1.000,6,0,0,0,6,0,6,0,1.0,0.0,0.0,1.0,1.0,0.0,-1
"F[0,0]((Platelets >= 13.345 & pH <= 0.000) & Lactate >= 0.000)
",-13.345,-13.345,0.000,0.000,1.000,6,0,0,0,6,0,6,0,1.0,0.0,0.0,1.0,1.0,0.0,-1
"G[0,1](((Calcium >= 0.209 -> Resp <= 24.310) | BaseExcess <= 22.487) | TroponinI >= 3.788)
",9999999.000,9999999.000,0.000,1.000,0.000,6,0,0,0,6,0,6,0,1.0,0.0,0.0,1.0,1.0,0.0,1
"F[0,0]((Resp >= 16.396 & WBC >= 0.468) & Calcium >= 0.488)
",-8799725961497319.000,-0.488,0.000,0.000,1.000,6,0,0,0,6,0,6,0,1.0,0.0,0.0,1.0,1.0,0.0,-1
"F[0,1]((Calcium <= 8.365 & Potassium <= 0.562) & Magnesium >= 0.135)
",-9999999.000,-9999999.000,0.000,0.000,1.000,6,0,0,0,6,0,6,0,1.0,0.0,0.0,1.0,1.0,0.0,-1
"((PTT > 0.000) U[1,1] (SepsisLabel = 0.000))
",0.000,0.000,0.000,0.000,1.000,6,0,0,0,6,0,6,0,1.0,0.0,0.0,1.0,1.0,0.0,-1
"F[0,1](((Hgb <= 2.325 & Potassium <= 2.455) -> Potassium <= 0.426) & TroponinI >= 0.143)
",-9999999.000,-9999999.000,0.000,0.000,1.000,6,0,0,0,6,0,6,0,1.0,0.0,0.0,1.0,1.0,0.0,-1
"F[0,1](EtCO2 > 0.000 & SepsisLabel = 0.000)
",-9999999.000,-9999999.000,0.000,0.000,1.000,6,0,0,0,6,0,6,0,1.0,0.0,0.0,1.0,1.0,0.0,-1
"((Hgb >= 0.595) U[1,2] (Lactate >= 0.000))
",-9999999.000,-9999999.000,0.000,0.000,1.000,6,0,0,0,6,0,6,0,1.0,0.0,0.0,1.0,1.0,0.0,-1
"((Platelets >= 15.081) U[1,2] (Temp <= 19.035))
",-9999999.000,-9999999.000,0.000,0.000,1.000,6,0,0,0,6,0,6,0,1.0,0.0,0.0,1.0,1.0,0.0,-1
"F[0,1](((SBP >= 2.348 & Magnesium <= 0.844) -> WBC <= 1.888) -> SaO2 >= 0.152)
",-9999999.000,-9999999.000,0.000,0.000,1.000,6,0,0,0,6,0,6,0,1.0,0.0,0.0,1.0,1.0,0.0,-1
"((MAP >= 42.108) U[1,1] (SBP <= 89.548))
",89.548,89.548,0.000,0.000,1.000,6,0,0,0,6,0,6,0,1.0,0.0,0.0,1.0,1.0,0.0,-1
"F[0,0](BUN >= 0.489 & SepsisLabel = 0.000)
",-8807156332821327.000,-0.489,0.000,0.000,1.000,6,0,0,0,6,0,6,0,1.0,0.0,0.0,1.0,1.0,0.0,-1
"((Temp >= 6.397) U[0,0] (Platelets >= 10.438))
",45.504,88.769,0.000,0.000,1.000,6,0,0,0,6,0,6,0,1.0,0.0,0.0,1.0,1.0,0.0,-1
"F[1,1]((Calcium <= 2.378 & Potassium <= 1.813) & Magnesium >= 0.140)
",-5056682534654129.000,-0.140,0.000,0.000,1.000,6,0,0,0,6,0,6,0,1.0,0.0,0.0,1.0,1.0,0.0,-1
"((Magnesium > 0.024) U[1,2] (SepsisLabel = 0.000))
",-9999999.000,-9999999.000,0.000,0.000,1.000,6,0,0,0,6,0,6,0,1.0,0.0,0.0,1.0,1.0,0.0,-1
"F[0,1]((Calcium <= 4.679 & Potassium <= 2.898) & Magnesium >= 0.090)
",-9999999.000,-9999999.000,0.000,0.000,1.000,6,0,0,0,6,0,6,0,1.0,0.0,0.0,1.0,1.0,0.0,-1
"F[1,1](WBC >= 0.529 & Platelets <= 155.441)
",-4762200508840151.000,-0.529,0.000,0.000,1.000,6,0,0,0,6,0,6,0,1.0,0.0,0.0,1.0,1.0,0.0,-1
"F[0,1](((WBC >= 0.084 | SBP <= 95.364) -> Calcium <= 86.629) -> BaseExcess >= 29.456)
",-9999999.000,-9999999.000,0.000,0.000,1.000,6,0,0,0,6,0,6,0,1.0,0.0,0.0,1.0,1.0,0.0,-1
"((Calcium >= 0.497) U[1,2] (DBP >= 13.475))
",-9999999.000,-9999999.000,0.000,0.000,1.000,6,0,0,0,6,0,6,0,1.0,0.0,0.0,1.0,1.0,0.0,-1
"F[1,1]((SBP <= 92.557 & Potassium >= 0.124) | Resp <= 3.146)
",3.146,3.146,0.000,0.000,1.000,6,0,0,0,6,0,6,0,1.0,0.0,0.0,1.0,1.0,0.0,-1
"G[0,1](TroponinI >= 0.000 -> SepsisLabel = 0.000)
",9999999.000,9999999.000,0.000,1.000,0.000,6,0,0,0,6,0,6,0,1.0,0.0,0.0,1.0,1.0,0.0,1
"F[0,1](((Hct <= 10.846 -> MAP >= 50.980) & FiO2 >= 22.779) | FiO2 >= 5.445)
",-9999999.000,-9999999.000,0.000,0.000,1.000,6,0,0,0,6,0,6,0,1.0,0.0,0.0,1.0,1.0,0.0,-1
"G[0,0](((Chloride >= 0.000 -> Lactate <= 0.000) | BUN >= 0.000) | AST <= 0.000)
",0.000,0.000,0.000,1.000,0.000,6,0,0,0,6,0,6,0,1.0,0.0,0.0,1.0,1.0,0.0,1
"G[0,0](Bilirubin_total <= 0.000 -> SepsisLabel = 0.000)
",0.000,0.000,0.000,1.000,0.000,6,0,0,0,6,0,6,0,1.0,0.0,0.0,1.0,1.0,0.0,1
"G[1,1](((PTT >= 0.000 & Creatinine >= 0.034) -> Bilirubin_total <= 0.325) | FiO2 <= 0.040)
",0.040,0.040,0.000,1.000,0.000,6,0,0,0,6,0,6,0,1.0,0.0,0.0,1.0,1.0,0.0,1
"G[0,0]((Temp <= 29.474 | SepsisLabel <= 0.000) -> TroponinI >= 0.000)
",0.000,0.000,0.000,1.000,0.000,6,0,0,0,6,0,6,0,1.0,0.0,0.0,1.0,1.0,0.0,1
"G[1,1]((SepsisLabel <= 0.000 | pH <= 0.000) | Potassium <= 0.000)
",0.000,0.000,0.000,1.000,0.000,6,0,0,0,6,0,6,0,1.0,0.0,0.0,1.0,1.0,0.0,1
"G[0,0]((Potassium <= 3.161 | Alkalinephos <= 0.000) -> Potassium <= 0.000)
",-3.161,-3.161,0.000,1.000,0.000,6,0,0,0,6,0,6,0,1.0,0.0,0.0,1.0,1.0,0.0,1
"G[0,1](((Bilirubin_total <= 0.000 | PaCO2 >= 0.000) | MAP >= 0.000) -> Fibrinogen >= 0.000)
",9999999.000,9999999.000,0.000,1.000,0.000,6,0,0,0,6,0,6,0,1.0,0.0,0.0,1.0,1.0,0.0,1
"G[0,1](WBC >= 0.157 -> AST >= 0.000)
",9999999.000,9999999.000,0.000,1.000,0.000,6,0,0,0,6,0,6,0,1.0,0.0,0.0,1.0,1.0,0.0,1
"G[1,1](((Hct >= 1.268 & BaseExcess <= 0.000) -> FiO2 <= 0.000) | Hgb <= 0.000)
",0.000,0.000,0.000,1.000,0.000,6,0,0,0,6,0,6,0,1.0,0.0,0.0,1.0,1.0,0.0,1
"G[0,1]((Calcium <= 4.334 -> Hgb >= 0.693) | PaCO2 <= 4.689)
",9999999.000,9999999.000,0.000,1.000,0.000,6,0,0,0,6,0,6,0,1.0,0.0,0.0,1.0,1.0,0.0,1
"G[1,1](((BUN <= 3.411 -> TroponinI <= 0.000) | PTT >= 0.000) & Bilirubin_total >= 0.000)
",0.000,0.000,0.000,1.000,0.000,6,0,0,0,6,0,6,0,1.0,0.0,0.0,1.0,1.0,0.0,1
"G[0,1](((Bilirubin_total >= 0.000 -> O2Sat <= 93.113) | PTT <= 94.776) | Platelets <= 90.890)
",9999999.000,9999999.000,0.000,1.000,0.000,6,0,0,0,6,0,6,0,1.0,0.0,0.0,1.0,1.0,0.0,1
"G[0,0](((Bilirubin_total >= 0.000 & Magnesium >= 0.149) -> Creatinine >= 0.077) & pH <= 1.859)
",0.077,0.077,0.000,1.000,0.000,6,0,0,0,6,0,6,0,1.0,0.0,0.0,1.0,1.0,0.0,1
"G[1,1](((SaO2 >= 0.000 & Alkalinephos <= 0.000) -> FiO2 <= 0.000) | HR <= 0.000)
",0.000,0.000,0.000,1.000,0.000,6,0,0,0,6,0,6,0,1.0,0.0,0.0,1.0,1.0,0.0,1
"G[0,0](((SBP >= 49.351 & PaCO2 <= 0.000) | Potassium >= 0.000) | MAP <= 0.000)
",0.000,0.000,0.000,1.000,0.000,6,0,0,0,6,0,6,0,1.0,0.0,0.0,1.0,1.0,0.0,1
"G[0,1]((Creatinine >= 0.020 | MAP >= 14.760) -> O2Sat >= 30.315)
",9999999.000,9999999.000,0.000,1.000,0.000,6,0,0,0,6,0,6,0,1.0,0.0,0.0,1.0,1.0,0.0,1
"G[0,0]((MAP <= 65.336 -> Potassium <= 0.667) -> BUN <= 1.533)
",-6904919471956879.000,-1.533,0.000,1.000,0.000,6,0,0,0,6,0,6,0,1.0,0.0,0.0,1.0,1.0,0.0,1
"G[0,0]((EtCO2 >= 0.000 -> Chloride <= 0.000) & Alkalinephos <= 0.000)
",-4.172,-19.583,0.000,1.000,0.000,6,0,0,0,6,0,6,0,1.0,0.0,0.0,1.0,1.0,0.0,1
"G[0,0]((Resp >= 15.420 -> SBP >= 82.138) | TroponinI >= 57.075)
",-17.147,-37.914,0.000,1.000,0.000,6,0,0,0,6,0,6,0,1.0,0.0,0.0,1.0,1.0,0.0,1
"G[0,1]((HR >= 29.091 | Resp <= 27.731) -> Bilirubin_direct <= 26.125)
",9999999.000,9999999.000,0.000,1.000,0.000,6,0,0,0,6,0,6,0,1.0,0.0,0.0,1.0,1.0,0.0,1
"G[0,1](Hct <= 18.611 -> PTT <= 0.000)
",9999999.000,9999999.000,0.000,1.000,0.000,6,0,0,0,6,0,6,0,1.0,0.0,0.0,1.0,1.0,0.0,1
"G[0,0](O2Sat <= 89.510 -> SBP <= 91.340)
",-4.551,-79.057,0.000,1.000,0.000,6,0,0,0,6,0,6,0,1.0,0.0,0.0,1.0,1.0,0.0,1
"G[1,1](Glucose <= 77.502 -> DBP >= 2.230)
",-77.502,-77.502,0.000,1.000,0.000,6,0,0,0,6,0,6,0,1.0,0.0,0.0,1.0,1.0,0.0,1
"G[1,1](Temp > 6.188 -> SepsisLabel = 0.000)
",0.000,0.000,0.000,1.000,0.000,6,0,0,0,6,0,6,0,1.0,0.0,0.0,1.0,1.0,0.0,1
"G[0,1]((SBP <= 97.802 & BaseExcess >= 0.000) | FiO2 >= 0.000)
",9999999.000,9999999.000,0.000,1.000,0.000,6,0,0,0,6,0,6,0,1.0,0.0,0.0,1.0,1.0,0.0,1
"G[0,1]((Bilirubin_direct <= 0.000 | HR >= 2.863) | PaCO2 >= 11.662)
",9999999.000,9999999.000,0.000,1.000,0.000,6,0,0,0,6,0,6,0,1.0,0.0,0.0,1.0,1.0,0.0,1
"G[0,0](((Fibrinogen >= 0.000 -> AST >= 0.000) & Resp >= 0.000) | AST <= 0.000)
",0.000,0.000,0.000,1.000,0.000,6,0,0,0,6,0,6,0,1.0,0.0,0.0,1.0,1.0,0.0,1
"G[0,1](Lactate <= 0.000 -> TroponinI >= 0.000)
",9999999.000,9999999.000,0.000,1.000,0.000,6,0,0,0,6,0,6,0,1.0,0.0,0.0,1.0,1.0,0.0,1
"G[0,1]((Hct <= 24.755 -> SBP >= 45.838) | Fibrinogen <= 89.492)
",9999999.000,9999999.000,0.000,1.000,0.000,6,0,0,0,6,0,6,0,1.0,0.0,0.0,1.0,1.0,0.0,1
"G[0,1]((AST <= 0.000 -> Hgb >= 0.032) -> EtCO2 <= 9.056)
",9999999.000,9999999.000,0.000,1.000,0.000,6,0,0,0,6,0,6,0,1.0,0.0,0.0,1.0,1.0,0.0,1
"G[0,0](((O2Sat <= 90.930 -> Hgb >= 0.035) & BaseExcess >= 0.684) -> FiO2 <= 5.138)
",-5784368881891031.000,-5.138,0.000,1.000,0.000,6,0,0,0,6,0,6,0,1.0,0.0,0.0,1.0,1.0,0.0,1
"G[0,0](((Magnesium >= 0.056 | Bilirubin_direct >= 0.000) & Chloride >= 0.000) & Resp >= 0.000)
",0.000,0.000,0.000,1.000,0.000,6,0,0,0,6,0,6,0,1.0,0.0,0.0,1.0,1.0,0.0,1
"G[0,1](((WBC <= 4.027 | TroponinI <= 0.000) | PTT >= 0.000) -> HR >= 0.000)
",9999999.000,9999999.000,0.000,1.000,0.000,6,0,0,0,6,0,6,0,1.0,0.0,0.0,1.0,1.0,0.0,1
"G[0,0]((HR >= 16.126 -> TroponinI >= 0.000) | Resp <= 0.000)
",-24.121,-53.333,0.000,1.000,0.000,6,0,0,0,6,0,6,0,1.0,0.0,0.0,1.0,1.0,0.0,1
"G[0,0](Lactate <= 0.000 | Fibrinogen >= 0.000)
",0.000,0.000,0.000,1.000,0.000,6,0,0,0,6,0,6,0,1.0,0.0,0.0,1.0,1.0,0.0,1
"G[0,1](Fibrinogen >= 0.000 | Alkalinephos >= 0.000)
",9999999.000,9999999.000,0.000,1.000,0.000,6,0,0,0,6,0,6,0,1.0,0.0,0.0,1.0,1.0,0.0,1
"G[1,1](((Chloride >= 0.000 | Bilirubin_direct <= 0.000) & FiO2 >= 0.000) -> Chloride <= 0.000)
",0.000,0.000,0.000,1.000,0.000,6,0,0,0,6,0,6,0,1.0,0.0,0.0,1.0,1.0,0.0,1
"G[0,1](((TroponinI >= 0.000 & Bilirubin_direct <= 0.000) & O2Sat <= 0.000) | Creatinine >= 0.000)
",9999999.000,9999999.000,0.000,1.000,0.000,6,0,0,0,6,0,6,0,1.0,0.0,0.0,1.0,1.0,0.0,1
"G[0,0]((SBP <= 96.346 | Chloride >= 0.000) & Glucose >= 0.000)
",0.000,0.000,0.000,1.000,0.000,6,0,0,0,6,0,6,0,1.0,0.0,0.0,1.0,1.0,0.0,1
"G[1,1](((Temp >= 5.664 & FiO2 <= 0.000) | Bilirubin_total >= 0.000) & MAP >= 0.000)
",0.000,0.000,0.000,1.000,0.000,6,0,0,0,6,0,6,0,1.0,0.0,0.0,1.0,1.0,0.0,1
"G[1,1]((O2Sat >= 52.126 | TroponinI >= 0.000) | EtCO2 <= 0.000)
",0.000,0.000,0.000,1.000,0.000,6,0,0,0,6,0,6,0,1.0,0.0,0.0,1.0,1.0,0.0,1
"G[0,0](((MAP <= 70.910 -> HCO3 >= 0.000) | Phosphate <= 0.000) -> SaO2 >= 0.000)
",0.000,0.000,0.000,1.000,0.000,6,0,0,0,6,0,6,0,1.0,0.0,0.0,1.0,1.0,0.0,1
"G[0,0](((Hct >= 1.971 | Temp >= 5.116) & SepsisLabel <= 23.697) -> TroponinI <= 13.599)
",-6669994884431471.000,-23.697,0.000,1.000,0.000,6,0,0,0,6,0,6,0,1.0,0.0,0.0,1.0,1.0,0.0,1
"G[0,0](((Temp >= 6.291 | MAP >= 38.936) -> Lactate >= 55.492) | PTT <= 65.797)
",4630036529777311.000,65.797,0.000,1.000,0.000,6,0,0,0,6,0,6,0,1.0,0.0,0.0,1.0,1.0,0.0,1
"G[0,1](SaO2 >= 0.000 | TroponinI >= 0.000)
",9999999.000,9999999.000,0.000,1.000,0.000,6,0,0,0,6,0,6,0,1.0,0.0,0.0,1.0,1.0,0.0,1
"G[0,1](BaseExcess >= 0.000 & PTT >= 0.000)
",9999999.000,9999999.000,0.000,1.000,0.000,6,0,0,0,6,0,6,0,1.0,0.0,0.0,1.0,1.0,0.0,1
"G[1,1]((AST >= 0.000 | FiO2 >= 0.000) -> Calcium >= 0.000)
",0.000,0.000,0.000,1.000,0.000,6,0,0,0,6,0,6,0,1.0,0.0,0.0,1.0,1.0,0.0,1
"G[1,1](MAP <= 66.266 -> WBC >= 0.184)
",-66.266,-66.266,0.000,1.000,0.000,5,0,0,1,6,0,5,1,0.8333333333333334,0.0,0.0,1.0,0.8333333333333334,0.16666666666666663,1
"F[0,1]((HR >= 28.890 & Platelets >= 10.129) & Calcium <= 154.765)
",-9999999.000,-9999999.000,0.000,0.000,1.000,5,0,0,1,6,0,5,1,0.8333333333333334,0.0,0.0,1.0,0.8333333333333334,0.16666666666666663,-1
"F[1,1](Creatinine <= 0.195 -> Hct >= 1.602)
",-0.195,-0.195,0.000,0.000,1.000,5,0,0,1,6,0,5,1,0.8333333333333334,0.0,0.0,1.0,0.8333333333333334,0.16666666666666663,-1
"F[0,1](Creatinine >= 0.008 | Potassium >= 0.017)
",-9999999.000,-9999999.000,0.000,0.000,1.000,5,0,0,1,6,0,5,1,0.8333333333333334,0.0,0.0,1.0,0.8333333333333334,0.16666666666666663,-1
"G[0,1](pH >= 0.000 -> SBP >= 84.667)
",9999999.000,9999999.000,0.000,1.000,0.000,5,0,0,1,6,0,5,1,0.8333333333333334,0.0,0.0,1.0,0.8333333333333334,0.16666666666666663,1
"F[0,0]((Platelets <= 49.445 -> O2Sat >= 22.710) -> Hgb >= 34.831)
",34.831,34.831,0.000,0.000,1.000,5,0,0,1,6,0,5,1,0.8333333333333334,0.0,0.0,1.0,0.8333333333333334,0.16666666666666663,-1
"((Calcium >= 0.332) U[0,1] (Phosphate >= 0.063))
",-9999999.000,-9999999.000,0.000,0.000,1.000,5,0,0,1,6,0,5,1,0.8333333333333334,0.0,0.0,1.0,0.8333333333333334,0.16666666666666663,-1
"F[0,1](((HR <= 55.105 -> Temp >= 6.818) | MAP >= 2.859) & Resp <= 15.233)
",-9999999.000,-9999999.000,0.000,0.000,1.000,5,0,0,1,6,0,5,1,0.8333333333333334,0.0,0.0,1.0,0.8333333333333334,0.16666666666666663,-1
"G[1,1](((SaO2 >= 0.000 & Temp >= 4.099) | Platelets >= 0.079) -> Temp >= 4.745)
",0.079,0.079,0.000,1.000,0.000,5,0,0,1,6,0,5,1,0.8333333333333334,0.0,0.0,1.0,0.8333333333333334,0.16666666666666663,1
"F[1,1](Hct >= 1.580 & TroponinI >= 0.000)
",-1.580,-1.580,0.000,0.000,1.000,5,0,0,1,6,0,5,1,0.8333333333333334,0.0,0.0,1.0,0.8333333333333334,0.16666666666666663,-1
"F[0,1](((Temp >= 8.972 | BUN >= 0.113) | Glucose <= 7.773) -> WBC >= 0.445)
",-9999999.000,-9999999.000,0.000,0.000,1.000,5,0,0,1,6,0,5,1,0.8333333333333334,0.0,0.0,1.0,0.8333333333333334,0.16666666666666663,-1
"F[0,1]((Calcium >= 0.001 | BUN >= 0.332) | Lactate >= 0.458)
",-9999999.000,-9999999.000,0.000,0.000,1.000,5,0,0,1,6,0,5,1,0.8333333333333334,0.0,0.0,1.0,0.8333333333333334,0.16666666666666663,-1
"G[0,1](((Alkalinephos <= 0.000 | BUN <= 2.010) -> Magnesium >= 0.650) | SBP >= 0.658)
",9999999.000,9999999.000,0.000,1.000,0.000,5,0,0,1,6,0,5,1,0.8333333333333334,0.0,0.0,1.0,0.8333333333333334,0.16666666666666663,1
"G[1,1]((Chloride >= 0.000 -> Alkalinephos >= 0.000) -> Creatinine <= 0.000)
",0.000,0.000,0.000,1.000,0.000,5,0,0,1,6,0,5,1,0.8333333333333334,0.0,0.0,1.0,0.8333333333333334,0.16666666666666663,1
"G[0,1]((Phosphate >= 0.136 & AST >= 0.000) -> HR <= 0.000)
",9999999.000,9999999.000,0.000,1.000,0.000,5,0,0,1,6,0,5,1,0.8333333333333334,0.0,0.0,1.0,0.8333333333333334,0.16666666666666663,1
"G[0,1](((pH >= 0.000 & Phosphate >= 0.130) -> SaO2 <= 2.013) & Phosphate <= 0.847)
",9999999.000,9999999.000,0.000,1.000,0.000,5,0,0,1,6,0,5,1,0.8333333333333334,0.0,0.0,1.0,0.8333333333333334,0.16666666666666663,1
"F[1,1]((MAP >= 40.555 & Phosphate <= 2.165) -> DBP <= 2.518)
",-2.518,-2.518,0.000,0.000,1.000,5,0,0,1,6,0,5,1,0.8333333333333334,0.0,0.0,1.0,0.8333333333333334,0.16666666666666663,-1
"G[0,0](((SBP <= 86.576 -> Temp <= 9.863) & BUN <= 22.026) & DBP >= 0.380)
",-4.277,-74.293,0.000,1.000,0.000,5,0,0,1,6,0,5,1,0.8333333333333334,0.0,0.0,1.0,0.8333333333333334,0.16666666666666663,1
"G[0,1](((HCO3 >= 0.000 & DBP >= 5.990) & Bilirubin_direct <= 51.912) & Fibrinogen <= 52.481)
",9999999.000,9999999.000,0.000,1.000,0.000,5,0,0,1,6,0,5,1,0.8333333333333334,0.0,0.0,1.0,0.8333333333333334,0.16666666666666663,1
"G[0,1]((Platelets <= 142.584 -> SBP <= 97.864) | Hgb >= 28.106)
",9999999.000,9999999.000,0.000,1.000,0.000,5,0,0,1,6,0,5,1,0.8333333333333334,0.0,0.0,1.0,0.8333333333333334,0.16666666666666663,1
"G[0,1](SepsisLabel <= 0.000 -> O2Sat >= 12.931)
",9999999.000,9999999.000,0.000,1.000,0.000,5,0,0,1,6,0,5,1,0.8333333333333334,0.0,0.0,1.0,0.8333333333333334,0.16666666666666663,1
"G[0,1](((Temp <= 32.891 & Magnesium >= 2.5863508062218266e-05) | pH >= 0.148) -> Hgb <= 1.698)
",9999999.000,9999999.000,0.000,1.000,0.000,5,0,0,1,6,0,5,1,0.8333333333333334,0.0,0.0,1.0,0.8333333333333334,0.16666666666666663,1
"G[0,1](Lactate <= 0.000 & Calcium <= 7.395)
",9999999.000,9999999.000,0.000,1.000,0.000,5,0,0,1,6,0,5,1,0.8333333333333334,0.0,0.0,1.0,0.8333333333333334,0.16666666666666663,1
"G[0,1](Glucose <= 43.467 & PaCO2 >= 0.000)
",9999999.000,9999999.000,0.000,1.000,0.000,5,0,0,1,6,0,5,1,0.8333333333333334,0.0,0.0,1.0,0.8333333333333334,0.16666666666666663,1
"G[0,1]((Platelets >= 1.761 -> WBC >= 0.341) -> Resp >= 0.264)
",9999999.000,9999999.000,0.000,1.000,0.000,5,0,0,1,6,0,5,1,0.8333333333333334,0.0,0.0,1.0,0.8333333333333334,0.16666666666666663,1
"G[0,0](SBP >= 32.474 | MAP >= 29.883)
",27.108,65.784,0.000,1.000,0.000,5,0,0,1,6,0,5,1,0.8333333333333334,0.0,0.0,1.0,0.8333333333333334,0.16666666666666663,1
"((Bilirubin_direct <= 0.000) U[0,0] (DBP <= 48.086))
",0.000,0.000,0.000,0.000,1.000,5,0,0,1,6,0,5,1,0.8333333333333334,0.0,0.0,1.0,0.8333333333333334,0.16666666666666663,-1
"((DBP <= 50.155) U[1,1] (HCO3 <= 0.000))
",50.155,50.155,0.000,0.000,1.000,4,0,0,2,6,0,4,2,0.6666666666666666,0.0,0.0,1.0,0.6666666666666666,0.33333333333333337,-1
"F[0,1]((EtCO2 <= 0.000 -> HR >= 48.555) -> PTT >= 22.460)
",-9999999.000,-9999999.000,0.000,0.000,1.000,4,0,0,2,6,0,4,2,0.6666666666666666,0.0,0.0,1.0,0.6666666666666666,0.33333333333333337,-1
"F[1,1](Resp > 18.435 & SepsisLabel = 0.000)
",-5189085055338151.000,-18.435,0.000,0.000,1.000,4,0,0,2,6,0,4,2,0.6666666666666666,0.0,0.0,1.0,0.6666666666666666,0.33333333333333337,-1
"((MAP <= 65.984) U[1,2] (Platelets <= 53.704))
",-9999999.000,-9999999.000,0.000,0.000,1.000,4,0,0,2,6,0,4,2,0.6666666666666666,0.0,0.0,1.0,0.6666666666666666,0.33333333333333337,-1
"((Bilirubin_direct <= 0.000) U[0,0] (SBP <= 91.414))
",4.555,79.131,0.000,0.000,1.000,4,0,0,2,6,0,4,2,0.6666666666666666,0.0,0.0,1.0,0.6666666666666666,0.33333333333333337,-1
"G[0,0](PTT <= 0.000 -> Temp >= 6.268)
",-45.571,-88.898,0.000,1.000,0.000,3,0,0,3,6,0,3,3,0.5,0.0,0.0,1.0,0.5,0.5,1
"F[0,1](Bilirubin_total <= 0.000 -> Temp >= 4.519)
",-9999999.000,-9999999.000,0.000,0.000,1.000,3,0,0,3,6,0,3,3,0.5,0.0,0.0,1.0,0.5,0.5,-1
"((MAP >= 55.539) U[1,1] (SBP <= 96.326))
",96.326,96.326,0.000,0.000,1.000,3,0,0,3,6,0,3,3,0.5,0.0,0.0,1.0,0.5,0.5,-1
"F[0,0](EtCO2 <= 0.000 -> HR <= 64.866)
",4.172,19.583,0.000,0.000,1.000,3,0,0,3,6,0,3,3,0.5,0.0,0.0,1.0,0.5,0.5,-1
"F[0,0]((BaseExcess <= 0.000 -> Resp <= 22.552) | SepsisLabel >= 18.010)
",0.000,0.000,0.000,0.000,1.000,2,0,0,4,6,0,2,4,0.3333333333333333,0.0,0.0,1.0,0.3333333333333333,0.6666666666666667,-1
"((MAP >= 5.270) U[0,0] (SBP <= 96.060))
",24.220,93.617,0.000,0.000,1.000,2,0,0,4,6,0,2,4,0.3333333333333333,0.0,0.0,1.0,0.3333333333333333,0.6666666666666667,-1
"F[1,1](((Calcium < 6.027 & Potassium < 2.056) & Magnesium < 0.777) & Phosphate < 1.437)
",0.777,0.777,0.000,0.000,1.000,1,0,0,5,6,0,1,5,0.16666666666666666,0.0,0.0,1.0,0.16666666666666666,0.8333333333333334,-1
"F[1,1](Hgb <= 6.994 | Hct <= 15.059)
",15.059,15.059,0.000,0.000,1.000,1,0,0,5,6,0,1,5,0.16666666666666666,0.0,0.0,1.0,0.16666666666666666,0.8333333333333334,-1
"F[1,1]((AST <= 0.000 | pH >= 0.000) -> Glucose <= 0.000)
",0.000,0.000,0.000,0.000,1.000,1,0,0,5,6,0,1,5,0.16666666666666666,0.0,0.0,1.0,0.16666666666666666,0.8333333333333334,-1
"((MAP >= 38.908) U[1,2] (SBP <= 91.340))
",-9999999.000,-9999999.000,0.000,0.000,1.000,1,0,0,5,6,0,1,5,0.16666666666666666,0.0,0.0,1.0,0.16666666666666666,0.8333333333333334,-1
"((MAP >= 52.813) U[1,2] (SBP <= 97.293))
",-9999999.000,-9999999.000,0.000,0.000,1.000,1,0,0,5,6,0,1,5,0.16666666666666666,0.0,0.0,1.0,0.16666666666666666,0.8333333333333334,-1
"((MAP >= 43.276) U[1,2] (SBP <= 97.857))
",-9999999.000,-9999999.000,0.000,0.000,1.000,1,0,0,5,6,0,1,5,0.16666666666666666,0.0,0.0,1.0,0.16666666666666666,0.8333333333333334,-1
"F[1,1](Hgb <= 1.252 | Hct <= 14.739)
",14.739,14.739,0.000,0.000,1.000,1,0,0,5,6,0,1,5,0.16666666666666666,0.0,0.0,1.0,0.16666666666666666,0.8333333333333334,-1
"((BUN <= 5.439) U[1,1] (Magnesium <= 0.994))
",6123290129725425.000,5.439,0.000,0.000,1.000,1,0,0,5,6,0,1,5,0.16666666666666666,0.0,0.0,1.0,0.16666666666666666,0.8333333333333334,-1
"((Calcium <= 5.190) U[1,1] (Magnesium <= 1.267))
",5.190,5.190,0.000,0.000,1.000,1,0,0,5,6,0,1,5,0.16666666666666666,0.0,0.0,1.0,0.16666666666666666,0.8333333333333334,-1
"F[1,1]((EtCO2 <= 0.000 & Potassium >= 0.184) -> PTT >= 0.174)
",0.174,0.174,0.000,0.000,1.000,1,0,0,5,6,0,1,5,0.16666666666666666,0.0,0.0,1.0,0.16666666666666666,0.8333333333333334,-1
"((MAP >= 56.350) U[1,2] (SBP <= 95.845))
",-9999999.000,-9999999.000,0.000,0.000,1.000,1,0,0,5,6,0,1,5,0.16666666666666666,0.0,0.0,1.0,0.16666666666666666,0.8333333333333334,-1
"((Resp > 9.191) U[1,2] (SepsisLabel = 0.000))
",-9999999.000,-9999999.000,0.000,0.000,1.000,1,0,0,5,6,0,1,5,0.16666666666666666,0.0,0.0,1.0,0.16666666666666666,0.8333333333333334,-1
"F[0,1]((O2Sat <= 88.507 | Platelets >= 3.156) | Temp >= 14.486)
",-9999999.000,-9999999.000,0.000,0.000,1.000,1,0,0,5,6,0,1,5,0.16666666666666666,0.0,0.0,1.0,0.16666666666666666,0.8333333333333334,-1
"((MAP >= 25.211) U[1,2] (SepsisLabel = 0.000))
",-9999999.000,-9999999.000,0.000,0.000,1.000,1,0,0,5,6,0,1,5,0.16666666666666666,0.0,0.0,1.0,0.16666666666666666,0.8333333333333334,-1
"F[0,0]((DBP >= 41.747 & Magnesium <= 0.432) | EtCO2 >= 0.068)
",4.157,19.515,0.000,0.000,1.000,1,0,0,5,6,0,1,5,0.16666666666666666,0.0,0.0,1.0,0.16666666666666666,0.8333333333333334,-1
"((SBP >= 65.126) U[1,1] (Lactate <= 0.000))
",0.000,0.000,0.000,0.000,1.000,1,0,0,5,6,0,1,5,0.16666666666666666,0.0,0.0,1.0,0.16666666666666666,0.8333333333333334,-1
"F[0,0](((Phosphate <= 1.499 -> SBP <= 96.551) -> O2Sat >= 67.286) & Calcium <= 94.681)
",1.068,12.119,0.000,0.000,1.000,1,0,0,5,6,0,1,5,0.16666666666666666,0.0,0.0,1.0,0.16666666666666666,0.8333333333333334,-1
"((HR >= 36.352) U[1,2] (Phosphate <= 0.313))
",-9999999.000,-9999999.000,0.000,0.000,1.000,1,0,0,5,6,0,1,5,0.16666666666666666,0.0,0.0,1.0,0.16666666666666666,0.8333333333333334,-1
"G[1,1](DBP <= 48.592 & Chloride <= 0.000)
",0.000,0.000,0.000,1.000,0.000,1,0,0,5,6,0,1,5,0.16666666666666666,0.0,0.0,1.0,0.16666666666666666,0.8333333333333334,1
"G[1,1](Platelets <= 31.620 -> WBC >= 0.280)
",-8900277049590945.000,-31.620,0.000,1.000,0.000,1,0,0,5,6,0,1,5,0.16666666666666666,0.0,0.0,1.0,0.16666666666666666,0.8333333333333334,1
"G[1,1](Hgb <= 2.349 -> Magnesium >= 0.114)
",-2.349,-2.349,0.000,1.000,0.000,1,0,0,5,6,0,1,5,0.16666666666666666,0.0,0.0,1.0,0.16666666666666666,0.8333333333333334,1
"G[0,0]((Alkalinephos >= 0.000 -> Bilirubin_total >= 0.000) & Resp <= 0.000)
",-24.121,-53.333,0.000,1.000,0.000,1,0,0,5,6,0,1,5,0.16666666666666666,0.0,0.0,1.0,0.16666666666666666,0.8333333333333334,1
"G[1,1](Creatinine >= 0.020 & AST <= 0.000)
",-5679473615732537.000,-0.020,0.000,1.000,0.000,1,0,0,5,6,0,1,5,0.16666666666666666,0.0,0.0,1.0,0.16666666666666666,0.8333333333333334,1
"G[1,1]((PTT >= 0.000 & Hct >= 0.579) & WBC <= 19.763)
",-0.579,-0.579,0.000,1.000,0.000,1,0,0,5,6,0,1,5,0.16666666666666666,0.0,0.0,1.0,0.16666666666666666,0.8333333333333334,1
"G[1,1](Platelets <= 36.713 -> WBC >= 0.666)
",-36.713,-36.713,0.000,1.000,0.000,1,0,0,5,6,0,1,5,0.16666666666666666,0.0,0.0,1.0,0.16666666666666666,0.8333333333333334,1
"G[0,0](((Fibrinogen >= 0.000 -> Resp >= 0.546) -> Alkalinephos >= 15.155) & BUN <= 26.692)
",15.155,15.155,0.000,1.000,0.000,1,0,0,5,6,0,1,5,0.16666666666666666,0.0,0.0,1.0,0.16666666666666666,0.8333333333333334,1
"G[0,1]((Phosphate >= 0.119 & SaO2 <= 0.000) & PTT >= 0.000)
",9999999.000,9999999.000,0.000,1.000,0.000,0,0,0,6,6,0,0,6,0.0,0.0,0.0,0.0,0.0,1.0,1
"((Hgb <= 2.726) U[0,1] (Chloride <= 0.000))
",-9999999.000,-9999999.000,0.000,0.000,1.000,0,0,0,6,6,0,0,6,0.0,0.0,0.0,0.0,0.0,1.0,-1
"F[2,2](DBP >= 30.650 -> EtCO2 >= 0.000)
",0.000,0.000,0.000,0.000,1.000,0,0,0,6,6,0,0,6,0.0,0.0,0.0,0.0,0.0,1.0,-1
"F[2,2](Bilirubin_total <= 0.000 -> Chloride >= 0.000)
",0.000,0.000,0.000,0.000,1.000,0,0,0,6,6,0,0,6,0.0,0.0,0.0,0.0,0.0,1.0,-1
"F[1,1](((Hgb <= 3.248 -> DBP >= 34.801) | Hct <= 48.656) -> Hct <= 55.423)
",-55.423,-55.423,0.000,0.000,1.000,0,0,0,6,6,0,0,6,0.0,0.0,0.0,0.0,0.0,1.0,-1
"F[1,1](((Fibrinogen <= 0.000 & Lactate <= 0.000) | Alkalinephos >= 0.000) -> pH >= 0.000)
",0.000,0.000,0.000,0.000,1.000,0,0,0,6,6,0,0,6,0.0,0.0,0.0,0.0,0.0,1.0,-1
"((Bilirubin_direct >= 0.000) U[1,2] (Phosphate >= 0.055))
",-9999999.000,-9999999.000,0.000,0.000,1.000,0,0,0,6,6,0,0,6,0.0,0.0,0.0,0.0,0.0,1.0,-1
"F[1,2](((Creatinine >= 0.018 -> TroponinI >= 0.000) & BaseExcess >= 0.000) & PaCO2 <= 0.000)
",-9999999.000,-9999999.000,0.000,0.000,1.000,0,0,0,6,6,0,0,6,0.0,0.0,0.0,0.0,0.0,1.0,-1
"F[0,1]((Hct <= 20.849 | PaCO2 <= 0.000) & Creatinine <= 0.000)
",-9999999.000,-9999999.000,0.000,0.000,1.000,0,0,0,6,6,0,0,6,0.0,0.0,0.0,0.0,0.0,1.0,-1
"F[1,2]((Bilirubin_total <= 0.000 -> BaseExcess >= 0.000) | AST >= 0.000)
",-9999999.000,-9999999.000,0.000,0.000,1.000,0,0,0,6,6,0,0,6,0.0,0.0,0.0,0.0,0.0,1.0,-1
"F[0,2](((BaseExcess <= 0.000 & Platelets <= 159.020) & HCO3 >= 11.478) | pH <= 130.075)
",-9999999.000,-9999999.000,0.000,0.000,1.000,0,0,0,6,6,0,0,6,0.0,0.0,0.0,0.0,0.0,1.0,-1
"F[0,2](Magnesium >= 0.018 -> HCO3 >= 0.000)
",-9999999.000,-9999999.000,0.000,0.000,1.000,0,0,0,6,6,0,0,6,0.0,0.0,0.0,0.0,0.0,1.0,-1
"F[1,2](Phosphate <= 1.849 -> Creatinine <= 0.345)
",-9999999.000,-9999999.000,0.000,0.000,1.000,0,0,0,6,6,0,0,6,0.0,0.0,0.0,0.0,0.0,1.0,-1
"F[0,1](MAP <= 70.477 -> Bilirubin_direct >= 0.000)
",-9999999.000,-9999999.000,0.000,0.000,1.000,0,0,0,6,6,0,0,6,0.0,0.0,0.0,0.0,0.0,1.0,-1
"((SBP <= 96.712) U[0,1] (BUN <= 2.101))
",-9999999.000,-9999999.000,0.000,0.000,1.000,0,0,0,6,6,0,0,6,0.0,0.0,0.0,0.0,0.0,1.0,-1
"F[0,2](BaseExcess <= 0.000 | HR <= 57.413)
",-9999999.000,-9999999.000,0.000,0.000,1.000,0,0,0,6,6,0,0,6,0.0,0.0,0.0,0.0,0.0,1.0,-1
"F[0,1]((Creatinine <= 0.048 | SaO2 >= 0.000) & PTT <= 0.000)
",-9999999.000,-9999999.000,0.000,0.000,1.000,0,0,0,6,6,0,0,6,0.0,0.0,0.0,0.0,0.0,1.0,-1
"F[1,2](((Alkalinephos >= 0.000 & PaCO2 <= 0.000) | HR <= 0.000) & FiO2 <= 0.000)
",-9999999.000,-9999999.000,0.000,0.000,1.000,0,0,0,6,6,0,0,6,0.0,0.0,0.0,0.0,0.0,1.0,-1
"F[1,1](((Phosphate <= 1.092 -> HCO3 <= 0.000) & Potassium <= 0.000) | HCO3 <= 0.000)
",0.000,0.000,0.000,0.000,1.000,0,0,0,6,6,0,0,6,0.0,0.0,0.0,0.0,0.0,1.0,-1
"F[0,1](BaseExcess >= 0.000 -> BUN <= 7.468)
",-9999999.000,-9999999.000,0.000,0.000,1.000,0,0,0,6,6,0,0,6,0.0,0.0,0.0,0.0,0.0,1.0,-1
"((SaO2 >= 0.000) U[2,2] (Potassium >= 0.074))
",0.000,0.000,0.000,0.000,1.000,0,0,0,6,6,0,0,6,0.0,0.0,0.0,0.0,0.0,1.0,-1
"F[2,2](((Alkalinephos >= 0.000 & Lactate >= 0.000) & Bilirubin_direct >= 0.000) -> Resp >= 0.000)
",0.000,0.000,0.000,0.000,1.000,0,0,0,6,6,0,0,6,0.0,0.0,0.0,0.0,0.0,1.0,-1
"F[0,1](((Magnesium >= 0.111 & Hgb >= 0.196) | Magnesium <= 7.949) | Hgb <= 4.245)
",-9999999.000,-9999999.000,0.000,0.000,1.000,0,0,0,6,6,0,0,6,0.0,0.0,0.0,0.0,0.0,1.0,-1
"F[0,2](Potassium <= 2.988 & Temp >= 1.889)
",-9999999.000,-9999999.000,0.000,0.000,1.000,0,0,0,6,6,0,0,6,0.0,0.0,0.0,0.0,0.0,1.0,-1
"F[2,2](((SaO2 >= 0.000 -> Bilirubin_direct >= 0.000) -> MAP >= 0.000) & TroponinI >= 0.000)
",0.000,0.000,0.000,0.000,1.000,0,0,0,6,6,0,0,6,0.0,0.0,0.0,0.0,0.0,1.0,-1
"F[1,2]((WBC <= 1.588 -> HCO3 <= 0.000) | O2Sat <= 0.000)
",-9999999.000,-9999999.000,0.000,0.000,1.000,0,0,0,6,6,0,0,6,0.0,0.0,0.0,0.0,0.0,1.0,-1
"F[1,2]((Bilirubin_direct >= 0.000 -> Alkalinephos >= 0.000) -> SBP <= 0.000)
",-9999999.000,-9999999.000,0.000,0.000,1.000,0,0,0,6,6,0,0,6,0.0,0.0,0.0,0.0,0.0,1.0,-1
"F[1,2]((MAP <= 64.154 -> Resp >= 6.185) & PaCO2 >= 13.999)
",-9999999.000,-9999999.000,0.000,0.000,1.000,0,0,0,6,6,0,0,6,0.0,0.0,0.0,0.0,0.0,1.0,-1
"((Hgb >= 0.427) U[0,2] (Temp >= 0.097))
",-9999999.000,-9999999.000,0.000,0.000,1.000,0,0,0,6,6,0,0,6,0.0,0.0,0.0,0.0,0.0,1.0,-1
"F[1,1]((DBP >= 16.312 | MAP >= 19.717) | Potassium <= 64.866)
",4564549733138887.000,64.866,0.000,0.000,1.000,0,0,0,6,6,0,0,6,0.0,0.0,0.0,0.0,0.0,1.0,-1
"F[0,2](PaCO2 >= 0.000 -> SepsisLabel = 0.000)
",-9999999.000,-9999999.000,0.000,0.000,1.000,0,0,0,6,6,0,0,6,0.0,0.0,0.0,0.0,0.0,1.0,-1
"F[0,0](Potassium > 0.063 -> SepsisLabel = 0.000)
",0.000,0.000,0.000,0.000,1.000,0,0,0,6,6,0,0,6,0.0,0.0,0.0,0.0,0.0,1.0,-1
"F[1,2](Creatinine <= 0.393 -> SepsisLabel = 0.000)
",-9999999.000,-9999999.000,0.000,0.000,1.000,0,0,0,6,6,0,0,6,0.0,0.0,0.0,0.0,0.0,1.0,-1
"((Temp >= 3.470) U[0,1] (SepsisLabel = 0.000))
",-9999999.000,-9999999.000,0.000,0.000,1.000,0,0,0,6,6,0,0,6,0.0,0.0,0.0,0.0,0.0,1.0,-1
"F[0,2](DBP >= 15.768 -> SepsisLabel = 0.000)
",-9999999.000,-9999999.000,0.000,0.000,1.000,0,0,0,6,6,0,0,6,0.0,0.0,0.0,0.0,0.0,1.0,-1
"((HCO3 > 0.000) U[0,1] (SepsisLabel = 0.000))
",-9999999.000,-9999999.000,0.000,0.000,1.000,0,0,0,6,6,0,0,6,0.0,0.0,0.0,0.0,0.0,1.0,-1
"((EtCO2 <= 0.000) U[0,0] (SepsisLabel = 0.000))
",0.000,0.000,0.000,0.000,1.000,0,0,0,6,6,0,0,6,0.0,0.0,0.0,0.0,0.0,1.0,-1
"((Potassium <= 3.113) U[0,2] (SepsisLabel = 0.000))
",-9999999.000,-9999999.000,0.000,0.000,1.000,0,0,0,6,6,0,0,6,0.0,0.0,0.0,0.0,0.0,1.0,-1
"((SBP <= 96.577) U[0,2] (SepsisLabel = 0.000))
",-9999999.000,-9999999.000,0.000,0.000,1.000,0,0,0,6,6,0,0,6,0.0,0.0,0.0,0.0,0.0,1.0,-1
"((Phosphate < 2.325) U[0,2] (SepsisLabel = 0.000))
",-9999999.000,-9999999.000,0.000,0.000,1.000,0,0,0,6,6,0,0,6,0.0,0.0,0.0,0.0,0.0,1.0,-1
"F[2,2](PTT < 0.000 -> SepsisLabel = 0.000)
",0.000,0.000,0.000,0.000,1.000,0,0,0,6,6,0,0,6,0.0,0.0,0.0,0.0,0.0,1.0,-1
"F[1,2](SepsisLabel < 0.000 & SepsisLabel = 0.000)
",-9999999.000,-9999999.000,0.000,0.000,1.000,0,0,0,6,6,0,0,6,0.0,0.0,0.0,0.0,0.0,1.0,-1
"F[0,1](HCO3 >= 0.000 -> SepsisLabel = 0.000)
",-9999999.000,-9999999.000,0.000,0.000,1.000,0,0,0,6,6,0,0,6,0.0,0.0,0.0,0.0,0.0,1.0,-1
"F[0,0](Calcium < 8.399 -> SepsisLabel = 0.000)
",-8.399,-8.399,0.000,0.000,1.000,0,0,0,6,6,0,0,6,0.0,0.0,0.0,0.0,0.0,1.0,-1
"((EtCO2 > 0.000) U[0,1] (SepsisLabel = 0.000))
",-9999999.000,-9999999.000,0.000,0.000,1.000,0,0,0,6,6,0,0,6,0.0,0.0,0.0,0.0,0.0,1.0,-1
"F[1,2](Chloride > 0.000 -> SepsisLabel = 0.000)
",-9999999.000,-9999999.000,0.000,0.000,1.000,0,0,0,6,6,0,0,6,0.0,0.0,0.0,0.0,0.0,1.0,-1
"F[2,2](SepsisLabel <= 0.000 -> SepsisLabel = 0.000)
",0.000,0.000,0.000,0.000,1.000,0,0,0,6,6,0,0,6,0.0,0.0,0.0,0.0,0.0,1.0,-1
"((Platelets >= 15.955) U[2,2] (SepsisLabel = 0.000))
",0.000,0.000,0.000,0.000,1.000,0,0,0,6,6,0,0,6,0.0,0.0,0.0,0.0,0.0,1.0,-1
"F[1,2](BUN <= 2.679 -> SepsisLabel = 0.000)
",-9999999.000,-9999999.000,0.000,0.000,1.000,0,0,0,6,6,0,0,6,0.0,0.0,0.0,0.0,0.0,1.0,-1
"F[0,2](Platelets >= 13.893 | EtCO2 <= 0.000)
",-9999999.000,-9999999.000,0.000,0.000,1.000,0,0,0,6,6,0,0,6,0.0,0.0,0.0,0.0,0.0,1.0,-1
"F[2,2](FiO2 >= 0.000 -> FiO2 >= 0.000)
",0.000,0.000,0.000,0.000,1.000,0,0,0,6,6,0,0,6,0.0,0.0,0.0,0.0,0.0,1.0,-1
"F[1,2](Hct >= 1.842 -> HCO3 >= 0.000)
",-9999999.000,-9999999.000,0.000,0.000,1.000,0,0,0,6,6,0,0,6,0.0,0.0,0.0,0.0,0.0,1.0,-1
"((Fibrinogen <= 0.000) U[0,1] (TroponinI >= 0.000))
",-9999999.000,-9999999.000,0.000,0.000,1.000,0,0,0,6,6,0,0,6,0.0,0.0,0.0,0.0,0.0,1.0,-1
"F[1,1](((Temp <= 9.460 & Alkalinephos >= 0.000) & EtCO2 <= 0.000) & O2Sat >= 0.000)
",0.000,0.000,0.000,0.000,1.000,0,0,0,6,6,0,0,6,0.0,0.0,0.0,0.0,0.0,1.0,-1
"((Bilirubin_total >= 0.000) U[0,1] (Magnesium <= 1.390))
",-9999999.000,-9999999.000,0.000,0.000,1.000,0,0,0,6,6,0,0,6,0.0,0.0,0.0,0.0,0.0,1.0,-1
"((HCO3 <= 0.000) U[1,2] (WBC >= 0.250))
",-9999999.000,-9999999.000,0.000,0.000,1.000,0,0,0,6,6,0,0,6,0.0,0.0,0.0,0.0,0.0,1.0,-1
"((DBP <= 51.319) U[0,1] (pH >= 0.000))
",-9999999.000,-9999999.000,0.000,0.000,1.000,0,0,0,6,6,0,0,6,0.0,0.0,0.0,0.0,0.0,1.0,-1
"F[0,2](((Chloride >= 0.000 | PTT <= 0.000) & Fibrinogen >= 0.000) -> SepsisLabel >= 0.000)
",-9999999.000,-9999999.000,0.000,0.000,1.000,0,0,0,6,6,0,0,6,0.0,0.0,0.0,0.0,0.0,1.0,-1
"F[2,2]((Phosphate <= 2.343 & Potassium >= 0.275) & Potassium <= 1.959)
",-4947331937305865.000,-0.275,0.000,0.000,1.000,0,0,0,6,6,0,0,6,0.0,0.0,0.0,0.0,0.0,1.0,-1
"F[1,2](Hgb >= 0.128 & HR >= 31.248)
",-9999999.000,-9999999.000,0.000,0.000,1.000,0,0,0,6,6,0,0,6,0.0,0.0,0.0,0.0,0.0,1.0,-1
"F[0,2](((Resp >= 15.871 | Magnesium <= 1.453) & Bilirubin_total >= 0.034) & Hct >= 0.013)
",-9999999.000,-9999999.000,0.000,0.000,1.000,0,0,0,6,6,0,0,6,0.0,0.0,0.0,0.0,0.0,1.0,-1
"F[0,2](Fibrinogen <= 0.000 | Bilirubin_total >= 0.000)
",-9999999.000,-9999999.000,0.000,0.000,1.000,0,0,0,6,6,0,0,6,0.0,0.0,0.0,0.0,0.0,1.0,-1
"F[0,0](((Fibrinogen <= 0.000 | Resp <= 24.996) & Alkalinephos >= 15.398) -> Platelets >= 5.971)
",5.971,5.971,0.000,0.000,1.000,0,0,0,6,6,0,0,6,0.0,0.0,0.0,0.0,0.0,1.0,-1
"F[0,2](Chloride >= 0.000 | Alkalinephos >= 0.000)
",-9999999.000,-9999999.000,0.000,0.000,1.000,0,0,0,6,6,0,0,6,0.0,0.0,0.0,0.0,0.0,1.0,-1
"F[0,1](HCO3 <= 0.000 -> PTT <= 0.000)
",-9999999.000,-9999999.000,0.000,0.000,1.000,0,0,0,6,6,0,0,6,0.0,0.0,0.0,0.0,0.0,1.0,-1
"((SepsisLabel <= 0.000) U[0,2] (SepsisLabel <= 0.000))
",-9999999.000,-9999999.000,0.000,0.000,1.000,0,0,0,6,6,0,0,6,0.0,0.0,0.0,0.0,0.0,1.0,-1
"((Platelets <= 160.929) U[1,2] (Alkalinephos >= 0.000))
",-9999999.000,-9999999.000,0.000,0.000,1.000,0,0,0,6,6,0,0,6,0.0,0.0,0.0,0.0,0.0,1.0,-1
"F[1,2](((SaO2 <= 0.000 -> Chloride <= 0.000) & Bilirubin_direct <= 0.000) | Fibrinogen <= 0.000)
",-9999999.000,-9999999.000,0.000,0.000,1.000,0,0,0,6,6,0,0,6,0.0,0.0,0.0,0.0,0.0,1.0,-1
"F[0,2](((Resp <= 26.397 -> EtCO2 <= 0.000) & Bilirubin_direct >= 0.000) | pH >= 0.000)
",-9999999.000,-9999999.000,0.000,0.000,1.000,0,0,0,6,6,0,0,6,0.0,0.0,0.0,0.0,0.0,1.0,-1
"F[0,2](Phosphate >= 0.113 & PTT >= 0.000)
",-9999999.000,-9999999.000,0.000,0.000,1.000,0,0,0,6,6,0,0,6,0.0,0.0,0.0,0.0,0.0,1.0,-1
"F[0,2](((HCO3 >= 0.000 & SaO2 <= 0.000) & Potassium <= 0.000) | SaO2 >= 0.000)
",-9999999.000,-9999999.000,0.000,0.000,1.000,0,0,0,6,6,0,0,6,0.0,0.0,0.0,0.0,0.0,1.0,-1
"((Temp >= 5.693) U[2,2] (O2Sat >= 34.533))
",-5.693,-5.693,0.000,0.000,1.000,0,0,0,6,6,0,0,6,0.0,0.0,0.0,0.0,0.0,1.0,-1
"F[0,0](Hgb <= 3.284 | Hct <= 4.429)
",4986657895857913.000,4.429,0.000,0.000,1.000,0,0,0,6,6,0,0,6,0.0,0.0,0.0,0.0,0.0,1.0,-1
"((Potassium <= 3.372) U[1,2] (Fibrinogen <= 0.000))
",-9999999.000,-9999999.000,0.000,0.000,1.000,0,0,0,6,6,0,0,6,0.0,0.0,0.0,0.0,0.0,1.0,-1
"F[2,2](SaO2 <= 0.000 | Creatinine >= 0.020)
",0.000,0.000,0.000,0.000,1.000,0,0,0,6,6,0,0,6,0.0,0.0,0.0,0.0,0.0,1.0,-1
"F[1,2]((Platelets >= 12.364 & Resp >= 8.438) & Platelets >= 13.492)
",-9999999.000,-9999999.000,0.000,0.000,1.000,0,0,0,6,6,0,0,6,0.0,0.0,0.0,0.0,0.0,1.0,-1
"F[0,2](Creatinine >= 0.019 & AST >= 0.000)
",-9999999.000,-9999999.000,0.000,0.000,1.000,0,0,0,6,6,0,0,6,0.0,0.0,0.0,0.0,0.0,1.0,-1
"F[0,2](((Temp >= 0.975 | O2Sat >= 62.071) -> Temp <= 95.547) -> Creatinine <= 95.191)
",-9999999.000,-9999999.000,0.000,0.000,1.000,0,0,0,6,6,0,0,6,0.0,0.0,0.0,0.0,0.0,1.0,-1
"F[0,0]((MAP >= 15.210 -> Magnesium <= 1.454) -> HCO3 <= 0.751)
",-6762584622054655.000,-0.751,0.000,0.000,1.000,0,0,0,6,6,0,0,6,0.0,0.0,0.0,0.0,0.0,1.0,-1
"F[2,2]((FiO2 >= 0.000 & Bilirubin_direct <= 0.000) -> Calcium >= 0.000)
",0.000,0.000,0.000,0.000,1.000,0,0,0,6,6,0,0,6,0.0,0.0,0.0,0.0,0.0,1.0,-1
"F[0,2](((MAP >= 54.623 & Bilirubin_direct <= 0.000) & Glucose >= 0.000) -> PTT >= 0.000)
",-9999999.000,-9999999.000,0.000,0.000,1.000,0,0,0,6,6,0,0,6,0.0,0.0,0.0,0.0,0.0,1.0,-1
"((SBP >= 21.514) U[0,1] (Platelets <= 26.960))
",-9999999.000,-9999999.000,0.000,0.000,1.000,0,0,0,6,6,0,0,6,0.0,0.0,0.0,0.0,0.0,1.0,-1
"((SepsisLabel <= 0.000) U[1,2] (HR <= 62.352))
",-9999999.000,-9999999.000,0.000,0.000,1.000,0,0,0,6,6,0,0,6,0.0,0.0,0.0,0.0,0.0,1.0,-1
"F[0,1](pH <= 0.000 & WBC <= 8.029)
",-9999999.000,-9999999.000,0.000,0.000,1.000,0,0,0,6,6,0,0,6,0.0,0.0,0.0,0.0,0.0,1.0,-1
"((pH <= 0.000) U[1,2] (TroponinI >= 0.000))
",-9999999.000,-9999999.000,0.000,0.000,1.000,0,0,0,6,6,0,0,6,0.0,0.0,0.0,0.0,0.0,1.0,-1
"F[0,0](((Alkalinephos >= 0.000 & Hgb <= 6.061) & WBC >= 0.758) -> BUN >= 0.317)
",0.317,0.317,0.000,0.000,1.000,0,0,0,6,6,0,0,6,0.0,0.0,0.0,0.0,0.0,1.0,-1
"F[0,2](((Chloride <= 0.000 & Calcium <= 6.951) & Hct <= 4.060) -> Platelets >= 0.266)
",-9999999.000,-9999999.000,0.000,0.000,1.000,0,0,0,6,6,0,0,6,0.0,0.0,0.0,0.0,0.0,1.0,-1
"F[0,2](FiO2 >= 0.000 -> Bilirubin_direct <= 0.000)
",-9999999.000,-9999999.000,0.000,0.000,1.000,0,0,0,6,6,0,0,6,0.0,0.0,0.0,0.0,0.0,1.0,-1
"((Bilirubin_total >= 0.000) U[1,2] (Potassium <= 0.882))
",-9999999.000,-9999999.000,0.000,0.000,1.000,0,0,0,6,6,0,0,6,0.0,0.0,0.0,0.0,0.0,1.0,-1
"F[0,2](((Resp <= 25.054 -> Creatinine >= 0.035) -> Lactate >= 0.002) -> SBP <= 0.118)
",-9999999.000,-9999999.000,0.000,0.000,1.000,0,0,0,6,6,0,0,6,0.0,0.0,0.0,0.0,0.0,1.0,-1
"F[0,2]((Chloride >= 0.000 & Creatinine <= 0.409) & Temp >= 0.026)
",-9999999.000,-9999999.000,0.000,0.000,1.000,0,0,0,6,6,0,0,6,0.0,0.0,0.0,0.0,0.0,1.0,-1
"F[2,2]((Magnesium <= 1.121 -> DBP >= 26.383) | Resp <= 50.736)
",50.736,50.736,0.000,0.000,1.000,0,0,0,6,6,0,0,6,0.0,0.0,0.0,0.0,0.0,1.0,-1
"F[1,2](((Bilirubin_total >= 0.000 -> Bilirubin_direct <= 0.000) -> Magnesium <= 0.000) & Fibrinogen >= 0.000)
",-9999999.000,-9999999.000,0.000,0.000,1.000,0,0,0,6,6,0,0,6,0.0,0.0,0.0,0.0,0.0,1.0,-1
"((SaO2 <= 0.000) U[0,1] (FiO2 <= 0.000))
",-9999999.000,-9999999.000,0.000,0.000,1.000,0,0,0,6,6,0,0,6,0.0,0.0,0.0,0.0,0.0,1.0,-1
"F[0,2](((Resp <= 27.913 | Alkalinephos <= 0.000) | TroponinI <= 0.000) -> Calcium <= 0.000)
",-9999999.000,-9999999.000,0.000,0.000,1.000,0,0,0,6,6,0,0,6,0.0,0.0,0.0,0.0,0.0,1.0,-1
"F[0,2](((Hct >= 0.981 -> Bilirubin_direct <= 0.000) -> pH >= 0.000) | Resp <= 0.000)
",-9999999.000,-9999999.000,0.000,0.000,1.000,0,0,0,6,6,0,0,6,0.0,0.0,0.0,0.0,0.0,1.0,-1
"F[1,2](WBC <= 7.388 | HR >= 6.193)
",-9999999.000,-9999999.000,0.000,0.000,1.000,0,0,0,6,6,0,0,6,0.0,0.0,0.0,0.0,0.0,1.0,-1
"F[0,1](((Hgb <= 6.573 -> Magnesium <= 1.163) | Temp <= 1.850) -> Lactate <= 0.637)
",-9999999.000,-9999999.000,0.000,0.000,1.000,0,0,0,6,6,0,0,6,0.0,0.0,0.0,0.0,0.0,1.0,-1
"F[0,0](((Potassium >= 0.104 -> Chloride >= 0.000) & Bilirubin_total >= 0.000) | Fibrinogen <= 0.000)
",0.000,0.000,0.000,0.000,1.000,0,0,0,6,6,0,0,6,0.0,0.0,0.0,0.0,0.0,1.0,-1
"((DBP <= 53.820) U[0,2] (SepsisLabel >= 0.000))
",-9999999.000,-9999999.000,0.000,0.000,1.000,0,0,0,6,6,0,0,6,0.0,0.0,0.0,0.0,0.0,1.0,-1
"F[1,1](((SBP <= 89.819 & HCO3 >= 0.000) | EtCO2 >= 0.000) -> DBP >= 0.000)
",0.000,0.000,0.000,0.000,1.000,0,0,0,6,6,0,0,6,0.0,0.0,0.0,0.0,0.0,1.0,-1
"F[0,1]((MAP <= 73.116 | EtCO2 <= 0.000) & Phosphate <= 0.000)
",-9999999.000,-9999999.000,0.000,0.000,1.000,0,0,0,6,6,0,0,6,0.0,0.0,0.0,0.0,0.0,1.0,-1
"((SaO2 <= 0.000) U[0,0] (BaseExcess <= 0.000))
",0.000,0.000,0.000,0.000,1.000,0,0,0,6,6,0,0,6,0.0,0.0,0.0,0.0,0.0,1.0,-1
"F[0,1]((Lactate >= 0.000 -> O2Sat >= 7.197) | Bilirubin_direct <= 91.808)
",-9999999.000,-9999999.000,0.000,0.000,1.000,0,0,0,6,6,0,0,6,0.0,0.0,0.0,0.0,0.0,1.0,-1
"((Chloride <= 0.000) U[1,2] (Platelets <= 164.778))
",-9999999.000,-9999999.000,0.000,0.000,1.000,0,0,0,6,6,0,0,6,0.0,0.0,0.0,0.0,0.0,1.0,-1
"F[0,2]((Lactate <= 0.000 -> SaO2 <= 0.000) -> Phosphate >= 0.000)
",-9999999.000,-9999999.000,0.000,0.000,1.000,0,0,0,6,6,0,0,6,0.0,0.0,0.0,0.0,0.0,1.0,-1
"F[0,1]((Hgb <= 1.462 -> FiO2 <= 0.000) | Chloride <= 0.000)
",-9999999.000,-9999999.000,0.000,0.000,1.000,0,0,0,6,6,0,0,6,0.0,0.0,0.0,0.0,0.0,1.0,-1
"((Hct >= 1.726) U[0,1] (WBC <= 8.281))
",-9999999.000,-9999999.000,0.000,0.000,1.000,0,0,0,6,6,0,0,6,0.0,0.0,0.0,0.0,0.0,1.0,-1
"F[0,2](((PTT >= 0.000 & Potassium <= 0.525) & Bilirubin_direct >= 0.071) -> SBP >= 0.190)
",-9999999.000,-9999999.000,0.000,0.000,1.000,0,0,0,6,6,0,0,6,0.0,0.0,0.0,0.0,0.0,1.0,-1
"F[2,2](Magnesium <= 1.008 | Alkalinephos <= 0.000)
",1.008,1.008,0.000,0.000,1.000,0,0,0,6,6,0,0,6,0.0,0.0,0.0,0.0,0.0,1.0,-1
"F[0,1](((Bilirubin_total >= 0.000 | Temp <= 17.669) | Bilirubin_direct <= 16.852) -> SBP >= 2.210)
",-9999999.000,-9999999.000,0.000,0.000,1.000,0,0,0,6,6,0,0,6,0.0,0.0,0.0,0.0,0.0,1.0,-1
"F[0,1](((Hgb <= 6.908 & Lactate <= 0.000) & SBP <= 0.000) -> Bilirubin_direct >= 0.000)
",-9999999.000,-9999999.000,0.000,0.000,1.000,0,0,0,6,6,0,0,6,0.0,0.0,0.0,0.0,0.0,1.0,-1
"F[0,2](((Potassium >= 0.104 | HR <= 61.917) -> SepsisLabel >= 33.036) -> Alkalinephos >= 35.796)
",-9999999.000,-9999999.000,0.000,0.000,1.000,0,0,0,6,6,0,0,6,0.0,0.0,0.0,0.0,0.0,1.0,-1
"F[2,2](((SaO2 >= 0.000 | Resp <= 27.149) | PaCO2 <= 27.526) -> Phosphate <= 20.574)
",-27.526,-27.526,0.000,0.000,1.000,0,0,0,6,6,0,0,6,0.0,0.0,0.0,0.0,0.0,1.0,-1
"F[1,2](O2Sat <= 96.022 -> Resp >= 12.039)
",-9999999.000,-9999999.000,0.000,0.000,1.000,0,0,0,6,6,0,0,6,0.0,0.0,0.0,0.0,0.0,1.0,-1
"F[0,1](DBP <= 54.404 | Resp <= 23.474)
",-9999999.000,-9999999.000,0.000,0.000,1.000,0,0,0,6,6,0,0,6,0.0,0.0,0.0,0.0,0.0,1.0,-1
"F[1,2](((DBP <= 52.711 & HR <= 61.355) -> BUN <= 72.350) & Calcium >= 44.632)
",-9999999.000,-9999999.000,0.000,0.000,1.000,0,0,0,6,6,0,0,6,0.0,0.0,0.0,0.0,0.0,1.0,-1
"F[0,2](((Glucose <= 73.908 & Calcium <= 4.728) & Hgb <= 7.095) -> Phosphate >= 0.299)
",-9999999.000,-9999999.000,0.000,0.000,1.000,0,0,0,6,6,0,0,6,0.0,0.0,0.0,0.0,0.0,1.0,-1
"((O2Sat <= 96.313) U[0,0] (Phosphate <= 2.126))
",3.626,41.147,0.000,0.000,1.000,0,0,0,6,6,0,0,6,0.0,0.0,0.0,0.0,0.0,1.0,-1
"((Chloride <= 0.000) U[0,0] (HCO3 >= 0.000))
",0.000,0.000,0.000,0.000,1.000,0,0,0,6,6,0,0,6,0.0,0.0,0.0,0.0,0.0,1.0,-1
"((pH >= 0.000) U[0,1] (SaO2 <= 0.000))
",-9999999.000,-9999999.000,0.000,0.000,1.000,0,0,0,6,6,0,0,6,0.0,0.0,0.0,0.0,0.0,1.0,-1
"((Hct >= 0.274) U[0,0] (SBP <= 97.380))
",4.899,85.097,0.000,0.000,1.000,0,0,0,6,6,0,0,6,0.0,0.0,0.0,0.0,0.0,1.0,-1
"F[0,1](((TroponinI >= 0.000 | WBC >= 0.360) & HCO3 <= 7.138) | Fibrinogen >= 0.639)
",-9999999.000,-9999999.000,0.000,0.000,1.000,0,0,0,6,6,0,0,6,0.0,0.0,0.0,0.0,0.0,1.0,-1
"F[0,1]((Chloride >= 0.000 & HCO3 >= 0.000) & Lactate <= 0.000)
",-9999999.000,-9999999.000,0.000,0.000,1.000,0,0,0,6,6,0,0,6,0.0,0.0,0.0,0.0,0.0,1.0,-1
"F[0,2](HR >= 19.757 -> TroponinI >= 0.000)
",-9999999.000,-9999999.000,0.000,0.000,1.000,0,0,0,6,6,0,0,6,0.0,0.0,0.0,0.0,0.0,1.0,-1
"F[1,2](((Glucose >= 1.689 & O2Sat <= 89.308) & Hct <= 90.890) & pH <= 92.218)
",-9999999.000,-9999999.000,0.000,0.000,1.000,0,0,0,6,6,0,0,6,0.0,0.0,0.0,0.0,0.0,1.0,-1
"F[0,2](((Hgb <= 1.959 -> Hgb >= 0.233) & EtCO2 <= 7.644) | Bilirubin_total >= 0.527)
",-9999999.000,-9999999.000,0.000,0.000,1.000,0,0,0,6,6,0,0,6,0.0,0.0,0.0,0.0,0.0,1.0,-1
"F[1,2]((PTT >= 0.000 & pH >= 0.000) & EtCO2 <= 0.000)
",-9999999.000,-9999999.000,0.000,0.000,1.000,0,0,0,6,6,0,0,6,0.0,0.0,0.0,0.0,0.0,1.0,-1
"F[0,0](((SaO2 >= 0.000 & TroponinI >= 0.000) | O2Sat <= 0.000) | Creatinine >= 0.000)
",0.000,0.000,0.000,0.000,1.000,0,0,0,6,6,0,0,6,0.0,0.0,0.0,0.0,0.0,1.0,-1
"F[1,1](((O2Sat >= 70.757 | FiO2 <= 0.000) | PTT >= 0.000) & TroponinI >= 0.000)
",0.000,0.000,0.000,0.000,1.000,0,0,0,6,6,0,0,6,0.0,0.0,0.0,0.0,0.0,1.0,-1
"F[2,2](((O2Sat >= 47.037 -> BUN >= 0.192) -> BaseExcess >= 0.356) & FiO2 <= 5.405)
",-0.192,-0.192,0.000,0.000,1.000,0,0,0,6,6,0,0,6,0.0,0.0,0.0,0.0,0.0,1.0,-1
"F[1,2]((AST <= 0.000 | Calcium >= 0.597) -> Hct <= 7.229)
",-9999999.000,-9999999.000,0.000,0.000,1.000,0,0,0,6,6,0,0,6,0.0,0.0,0.0,0.0,0.0,1.0,-1
"F[1,2]((Glucose >= 0.702 & Potassium <= 2.459) & Alkalinephos <= 1.816)
",-9999999.000,-9999999.000,0.000,0.000,1.000,0,0,0,6,6,0,0,6,0.0,0.0,0.0,0.0,0.0,1.0,-1
"F[0,1]((EtCO2 <= 0.000 & Resp >= 5.586) -> EtCO2 <= 20.535)
",-9999999.000,-9999999.000,0.000,0.000,1.000,0,0,0,6,6,0,0,6,0.0,0.0,0.0,0.0,0.0,1.0,-1
"F[1,2]((PTT >= 0.000 -> Magnesium >= 0.014) | Calcium >= 0.041)
",-9999999.000,-9999999.000,0.000,0.000,1.000,0,0,0,6,6,0,0,6,0.0,0.0,0.0,0.0,0.0,1.0,-1
"F[1,1]((Lactate <= 0.000 | Platelets <= 33.684) | SBP >= 16.659)
",33.684,33.684,0.000,0.000,1.000,0,0,0,6,6,0,0,6,0.0,0.0,0.0,0.0,0.0,1.0,-1
"F[0,0]((AST <= 0.000 & AST <= 0.000) -> Platelets >= 0.000)
",0.000,0.000,0.000,0.000,1.000,0,0,0,6,6,0,0,6,0.0,0.0,0.0,0.0,0.0,1.0,-1
"F[0,0]((BaseExcess <= 0.000 | MAP <= 65.457) | Resp <= 66.228)
",5.832,12.895,0.000,0.000,1.000,0,0,0,6,6,0,0,6,0.0,0.0,0.0,0.0,0.0,1.0,-1
"F[1,1](((BUN >= 0.224 | EtCO2 >= 0.000) & Creatinine >= 0.000) | SBP >= 0.000)
",0.000,0.000,0.000,0.000,1.000,0,0,0,6,6,0,0,6,0.0,0.0,0.0,0.0,0.0,1.0,-1
"F[0,2](((PTT <= 0.000 -> WBC >= 0.548) | PTT >= 0.024) -> WBC >= 0.657)
",-9999999.000,-9999999.000,0.000,0.000,1.000,0,0,0,6,6,0,0,6,0.0,0.0,0.0,0.0,0.0,1.0,-1
"F[0,2](Hgb >= 0.673 & Calcium >= 0.684)
",-9999999.000,-9999999.000,0.000,0.000,1.000,0,0,0,6,6,0,0,6,0.0,0.0,0.0,0.0,0.0,1.0,-1
"F[1,2]((Calcium <= 7.582 & Potassium <= 1.822) & Magnesium >= 0.085)
",-9999999.000,-9999999.000,0.000,0.000,1.000,0,0,0,6,6,0,0,6,0.0,0.0,0.0,0.0,0.0,1.0,-1
"F[0,2]((Potassium <= 3.214 & Platelets <= 77.436) -> Alkalinephos <= 165.824)
",-9999999.000,-9999999.000,0.000,0.000,1.000,0,0,0,6,6,0,0,6,0.0,0.0,0.0,0.0,0.0,1.0,-1
"F[1,1]((Lactate <= 0.000 -> WBC <= 7.152) -> DBP >= 0.601)
",0.601,0.601,0.000,0.000,1.000,0,0,0,6,6,0,0,6,0.0,0.0,0.0,0.0,0.0,1.0,-1
"F[0,2]((PTT <= 0.000 | SaO2 <= 0.000) -> Chloride >= 0.000)
",-9999999.000,-9999999.000,0.000,0.000,1.000,0,0,0,6,6,0,0,6,0.0,0.0,0.0,0.0,0.0,1.0,-1
"F[0,1](WBC <= 8.237 & Alkalinephos <= 0.000)
",-9999999.000,-9999999.000,0.000,0.000,1.000,0,0,0,6,6,0,0,6,0.0,0.0,0.0,0.0,0.0,1.0,-1
"F[0,2](((BaseExcess <= 0.000 -> Calcium >= 0.505) & Bilirubin_total <= 7.741) | FiO2 >= 0.324)
",-9999999.000,-9999999.000,0.000,0.000,1.000,0,0,0,6,6,0,0,6,0.0,0.0,0.0,0.0,0.0,1.0,-1
"((MAP >= 50.517) U[0,2] (SBP >= 73.346))
",-9999999.000,-9999999.000,0.000,0.000,1.000,0,0,0,6,6,0,0,6,0.0,0.0,0.0,0.0,0.0,1.0,-1
"F[0,1]((DBP <= 54.095 -> O2Sat <= 95.351) & Bilirubin_total <= 90.569)
",-9999999.000,-9999999.000,0.000,0.000,1.000,0,0,0,6,6,0,0,6,0.0,0.0,0.0,0.0,0.0,1.0,-1
"((PTT <= 0.000) U[1,2] (Magnesium >= 0.067))
",-9999999.000,-9999999.000,0.000,0.000,1.000,0,0,0,6,6,0,0,6,0.0,0.0,0.0,0.0,0.0,1.0,-1
"F[0,0]((Platelets <= 128.399 -> PaCO2 <= 0.000) | PaCO2 >= 0.000)
",0.000,0.000,0.000,0.000,1.000,0,0,0,6,6,0,0,6,0.0,0.0,0.0,0.0,0.0,1.0,-1
"F[0,2](Platelets <= 200.295 -> SBP >= 47.597)
",-9999999.000,-9999999.000,0.000,0.000,1.000,0,0,0,6,6,0,0,6,0.0,0.0,0.0,0.0,0.0,1.0,-1
"((Platelets <= 95.524) U[0,2] (Fibrinogen >= 0.000))
",-9999999.000,-9999999.000,0.000,0.000,1.000,0,0,0,6,6,0,0,6,0.0,0.0,0.0,0.0,0.0,1.0,-1
"F[1,2]((Fibrinogen <= 0.000 | Chloride >= 0.000) & AST >= 0.000)
",-9999999.000,-9999999.000,0.000,0.000,1.000,0,0,0,6,6,0,0,6,0.0,0.0,0.0,0.0,0.0,1.0,-1
"F[0,1]((SepsisLabel <= 0.000 & Resp >= 3.535) -> SaO2 <= 25.444)
",-9999999.000,-9999999.000,0.000,0.000,1.000,0,0,0,6,6,0,0,6,0.0,0.0,0.0,0.0,0.0,1.0,-1
"((AST <= 0.000) U[1,1] (Chloride <= 0.000))
",0.000,0.000,0.000,0.000,1.000,0,0,0,6,6,0,0,6,0.0,0.0,0.0,0.0,0.0,1.0,-1
"F[1,2]((Lactate <= 0.000 & Chloride >= 0.000) -> DBP >= 0.000)
",-9999999.000,-9999999.000,0.000,0.000,1.000,0,0,0,6,6,0,0,6,0.0,0.0,0.0,0.0,0.0,1.0,-1
"F[0,2](((Lactate <= 0.000 | MAP >= 18.962) -> Glucose <= 72.787) & Temp <= 64.379)
",-9999999.000,-9999999.000,0.000,0.000,1.000,0,0,0,6,6,0,0,6,0.0,0.0,0.0,0.0,0.0,1.0,-1
"((Bilirubin_total >= 0.000) U[1,2] (Hgb <= 9.028))
",-9999999.000,-9999999.000,0.000,0.000,1.000,0,0,0,6,6,0,0,6,0.0,0.0,0.0,0.0,0.0,1.0,-1
"F[1,2](((Potassium >= 0.124 & Fibrinogen <= 0.000) | Chloride <= 0.000) | Potassium <= 0.000)
",-9999999.000,-9999999.000,0.000,0.000,1.000,0,0,0,6,6,0,0,6,0.0,0.0,0.0,0.0,0.0,1.0,-1
"F[1,2]((PaCO2 >= 0.000 & Bilirubin_total >= 0.000) & TroponinI <= 0.000)
",-9999999.000,-9999999.000,0.000,0.000,1.000,0,0,0,6,6,0,0,6,0.0,0.0,0.0,0.0,0.0,1.0,-1
"F[2,2](((TroponinI <= 0.000 -> HCO3 >= 0.000) -> MAP <= 0.000) | SepsisLabel <= 0.000)
",0.000,0.000,0.000,0.000,1.000,0,0,0,6,6,0,0,6,0.0,0.0,0.0,0.0,0.0,1.0,-1
"F[2,2](TroponinI >= 0.000 & BUN <= 6.341)
",0.000,0.000,0.000,0.000,1.000,0,0,0,6,6,0,0,6,0.0,0.0,0.0,0.0,0.0,1.0,-1
"F[0,1]((Bilirubin_total >= 0.000 & Calcium <= 2.270) & PTT <= 8.416)
",-9999999.000,-9999999.000,0.000,0.000,1.000,0,0,0,6,6,0,0,6,0.0,0.0,0.0,0.0,0.0,1.0,-1
"F[1,2](pH <= 0.000 & Glucose <= 50.537)
",-9999999.000,-9999999.000,0.000,0.000,1.000,0,0,0,6,6,0,0,6,0.0,0.0,0.0,0.0,0.0,1.0,-1
"F[1,2]((Lactate <= 0.000 & BaseExcess >= 0.000) | HCO3 >= 0.000)
",-9999999.000,-9999999.000,0.000,0.000,1.000,0,0,0,6,6,0,0,6,0.0,0.0,0.0,0.0,0.0,1.0,-1
"F[0,2]((BUN >= 0.548 | Phosphate >= 0.050) & EtCO2 >= 0.173)
",-9999999.000,-9999999.000,0.000,0.000,1.000,0,0,0,6,6,0,0,6,0.0,0.0,0.0,0.0,0.0,1.0,-1
"F[1,2]((Calcium >= 0.512 -> O2Sat <= 92.163) -> O2Sat <= 93.035)
",-9999999.000,-9999999.000,0.000,0.000,1.000,0,0,0,6,6,0,0,6,0.0,0.0,0.0,0.0,0.0,1.0,-1
"((BUN <= 7.822) U[0,2] (MAP <= 70.346))
",-9999999.000,-9999999.000,0.000,0.000,1.000,0,0,0,6,6,0,0,6,0.0,0.0,0.0,0.0,0.0,1.0,-1
"((Creatinine <= 0.279) U[1,2] (DBP >= 22.785))
",-9999999.000,-9999999.000,0.000,0.000,1.000,0,0,0,6,6,0,0,6,0.0,0.0,0.0,0.0,0.0,1.0,-1
"F[0,2](Calcium <= 3.165 -> DBP <= 50.692)
",-9999999.000,-9999999.000,0.000,0.000,1.000,0,0,0,6,6,0,0,6,0.0,0.0,0.0,0.0,0.0,1.0,-1
"((Hgb >= 0.616) U[2,2] (HR >= 23.304))
",-0.616,-0.616,0.000,0.000,1.000,0,0,0,6,6,0,0,6,0.0,0.0,0.0,0.0,0.0,1.0,-1
"((Hct <= 2.644) U[0,2] (HR <= 59.187))
",-9999999.000,-9999999.000,0.000,0.000,1.000,0,0,0,6,6,0,0,6,0.0,0.0,0.0,0.0,0.0,1.0,-1
"F[1,1](((Glucose <= 71.392 & Resp >= 11.778) -> Hct <= 26.043) -> BUN <= 21.650)
",-21.650,-21.650,0.000,0.000,1.000,0,0,0,6,6,0,0,6,0.0,0.0,0.0,0.0,0.0,1.0,-1
"((Platelets <= 21.909) U[0,1] (Resp >= 13.125))
",-9999999.000,-9999999.000,0.000,0.000,1.000,0,0,0,6,6,0,0,6,0.0,0.0,0.0,0.0,0.0,1.0,-1
"F[0,2](((WBC >= 0.774 -> SaO2 >= 0.000) -> AST >= 0.000) | O2Sat >= 0.000)
",-9999999.000,-9999999.000,0.000,0.000,1.000,0,0,0,6,6,0,0,6,0.0,0.0,0.0,0.0,0.0,1.0,-1
"F[0,0]((SepsisLabel >= 0.000 -> pH <= 0.000) | Glucose >= 0.000)
",0.000,0.000,0.000,0.000,1.000,0,0,0,6,6,0,0,6,0.0,0.0,0.0,0.0,0.0,1.0,-1
"F[0,2]((Temp <= 27.527 | SaO2 >= 0.000) & Calcium <= 0.000)
",-9999999.000,-9999999.000,0.000,0.000,1.000,0,0,0,6,6,0,0,6,0.0,0.0,0.0,0.0,0.0,1.0,-1
"F[0,2](((Creatinine <= 0.140 & Magnesium >= 0.123) | Hct >= 0.142) -> Hgb <= 0.476)
",-9999999.000,-9999999.000,0.000,0.000,1.000,0,0,0,6,6,0,0,6,0.0,0.0,0.0,0.0,0.0,1.0,-1
"F[1,2](BaseExcess >= 0.000 & Fibrinogen <= 0.000)
",-9999999.000,-9999999.000,0.000,0.000,1.000,0,0,0,6,6,0,0,6,0.0,0.0,0.0,0.0,0.0,1.0,-1
"F[0,1](((Calcium < 4.709 & Potassium < 0.932) & Magnesium < 0.341) & Phosphate < 2.279)
",-9999999.000,-9999999.000,0.000,0.000,1.000,0,0,0,6,6,0,0,6,0.0,0.0,0.0,0.0,0.0,1.0,-1
"F[1,2]((Phosphate >= 0.079 & Magnesium > 0.138) -> Calcium < 2.256)
",-9999999.000,-9999999.000,0.000,0.000,1.000,0,0,0,6,6,0,0,6,0.0,0.0,0.0,0.0,0.0,1.0,-1
"F[0,2](Hgb <= 8.548 | Hct <= 10.951)
",-9999999.000,-9999999.000,0.000,0.000,1.000,0,0,0,6,6,0,0,6,0.0,0.0,0.0,0.0,0.0,1.0,-1
"F[0,2]((Calcium <= 3.107 & Potassium <= 0.822) & Magnesium >= 0.027)
",-9999999.000,-9999999.000,0.000,0.000,1.000,0,0,0,6,6,0,0,6,0.0,0.0,0.0,0.0,0.0,1.0,-1
"F[0,1](((Calcium < 4.113 & Potassium < 1.759) & Magnesium < 0.837) & Phosphate < 2.448)
",-9999999.000,-9999999.000,0.000,0.000,1.000,0,0,0,6,6,0,0,6,0.0,0.0,0.0,0.0,0.0,1.0,-1
"F[0,2]((Phosphate >= 0.060 & Magnesium > 0.082) -> Calcium < 4.969)
",-9999999.000,-9999999.000,0.000,0.000,1.000,0,0,0,6,6,0,0,6,0.0,0.0,0.0,0.0,0.0,1.0,-1
"((MAP >= 9.477) U[0,2] (SBP <= 97.465))
",-9999999.000,-9999999.000,0.000,0.000,1.000,0,0,0,6,6,0,0,6,0.0,0.0,0.0,0.0,0.0,1.0,-1
"F[0,2](Hgb <= 6.303 | Hct <= 22.019)
",-9999999.000,-9999999.000,0.000,0.000,1.000,0,0,0,6,6,0,0,6,0.0,0.0,0.0,0.0,0.0,1.0,-1
"F[0,2](((Calcium < 4.901 & Potassium < 3.260) & Magnesium < 1.604) & Phosphate < 0.725)
",-9999999.000,-9999999.000,0.000,0.000,1.000,0,0,0,6,6,0,0,6,0.0,0.0,0.0,0.0,0.0,1.0,-1
"F[0,0]((Phosphate >= 0.015 & Magnesium > 0.160) -> Calcium < 7.664)
",-7.664,-7.664,0.000,0.000,1.000,0,0,0,6,6,0,0,6,0.0,0.0,0.0,0.0,0.0,1.0,-1
"F[0,2](Hgb <= 2.566 | Hct <= 18.319)
",-9999999.000,-9999999.000,0.000,0.000,1.000,0,0,0,6,6,0,0,6,0.0,0.0,0.0,0.0,0.0,1.0,-1
"F[0,2]((Calcium <= 3.914 & Potassium <= 2.796) & Magnesium >= 0.011)
",-9999999.000,-9999999.000,0.000,0.000,1.000,0,0,0,6,6,0,0,6,0.0,0.0,0.0,0.0,0.0,1.0,-1
"F[0,2](((Calcium < 5.737 & Potassium < 1.402) & Magnesium < 1.311) & Phosphate < 0.830)
",-9999999.000,-9999999.000,0.000,0.000,1.000,0,0,0,6,6,0,0,6,0.0,0.0,0.0,0.0,0.0,1.0,-1
"F[0,1]((Phosphate >= 0.230 & Magnesium > 0.129) -> Calcium < 2.555)
",-9999999.000,-9999999.000,0.000,0.000,1.000,0,0,0,6,6,0,0,6,0.0,0.0,0.0,0.0,0.0,1.0,-1
"F[1,2](Hgb <= 5.401 | Hct <= 9.621)
",-9999999.000,-9999999.000,0.000,0.000,1.000,0,0,0,6,6,0,0,6,0.0,0.0,0.0,0.0,0.0,1.0,-1
"F[0,1]((Phosphate >= 0.188 & Magnesium > 0.067) -> Calcium < 6.801)
",-9999999.000,-9999999.000,0.000,0.000,1.000,0,0,0,6,6,0,0,6,0.0,0.0,0.0,0.0,0.0,1.0,-1
"((Hct <= 20.898) U[0,1] (Temp <= 22.401))
",-9999999.000,-9999999.000,0.000,0.000,1.000,0,0,0,6,6,0,0,6,0.0,0.0,0.0,0.0,0.0,1.0,-1
"F[2,2](Hgb > 0.512 & SepsisLabel = 0.000)
",-4615784840618697.000,-0.512,0.000,0.000,1.000,0,0,0,6,6,0,0,6,0.0,0.0,0.0,0.0,0.0,1.0,-1
"F[2,2](Magnesium < 1.420 & SepsisLabel = 0.000)
",0.000,0.000,0.000,0.000,1.000,0,0,0,6,6,0,0,6,0.0,0.0,0.0,0.0,0.0,1.0,-1
"((BaseExcess >= 0.000) U[1,2] (SepsisLabel = 0.000))
",-9999999.000,-9999999.000,0.000,0.000,1.000,0,0,0,6,6,0,0,6,0.0,0.0,0.0,0.0,0.0,1.0,-1
"F[1,2](Calcium < 1.082 & SepsisLabel = 0.000)
",-9999999.000,-9999999.000,0.000,0.000,1.000,0,0,0,6,6,0,0,6,0.0,0.0,0.0,0.0,0.0,1.0,-1
"F[1,2](BaseExcess >= 0.000 & SepsisLabel = 0.000)
",-9999999.000,-9999999.000,0.000,0.000,1.000,0,0,0,6,6,0,0,6,0.0,0.0,0.0,0.0,0.0,1.0,-1
"((DBP >= 21.196) U[2,2] (SepsisLabel = 0.000))
",0.000,0.000,0.000,0.000,1.000,0,0,0,6,6,0,0,6,0.0,0.0,0.0,0.0,0.0,1.0,-1
"F[1,1]((Glucose <= 49.006 | Platelets >= 9.704) | MAP <= 151.603)
",151.603,151.603,0.000,0.000,1.000,0,0,0,6,6,0,0,6,0.0,0.0,0.0,0.0,0.0,1.0,-1
"F[1,2](Phosphate <= 0.535 & Platelets <= 85.011)
",-9999999.000,-9999999.000,0.000,0.000,1.000,0,0,0,6,6,0,0,6,0.0,0.0,0.0,0.0,0.0,1.0,-1
"((Platelets <= 187.260) U[0,1] (SepsisLabel = 0.000))
",-9999999.000,-9999999.000,0.000,0.000,1.000,0,0,0,6,6,0,0,6,0.0,0.0,0.0,0.0,0.0,1.0,-1
"F[0,2](((Glucose <= 81.313 -> Potassium >= 0.243) & WBC >= 0.093) & Magnesium <= 2.584)
",-9999999.000,-9999999.000,0.000,0.000,1.000,0,0,0,6,6,0,0,6,0.0,0.0,0.0,0.0,0.0,1.0,-1
"F[0,2]((Phosphate >= 0.212 & Magnesium > 0.086) -> Calcium < 7.337)
",-9999999.000,-9999999.000,0.000,0.000,1.000,0,0,0,6,6,0,0,6,0.0,0.0,0.0,0.0,0.0,1.0,-1
"F[0,2](Hgb <= 3.709 | Hct <= 13.973)
",-9999999.000,-9999999.000,0.000,0.000,1.000,0,0,0,6,6,0,0,6,0.0,0.0,0.0,0.0,0.0,1.0,-1
"F[0,2]((Calcium <= 4.114 & Potassium <= 1.349) & Magnesium >= 0.116)
",-9999999.000,-9999999.000,0.000,0.000,1.000,0,0,0,6,6,0,0,6,0.0,0.0,0.0,0.0,0.0,1.0,-1
"F[0,2]((Phosphate >= 0.190 & Magnesium > 0.154) -> Calcium < 6.436)
",-9999999.000,-9999999.000,0.000,0.000,1.000,0,0,0,6,6,0,0,6,0.0,0.0,0.0,0.0,0.0,1.0,-1
"((Creatinine <= 0.259) U[0,2] (PaCO2 >= 0.000))
",-9999999.000,-9999999.000,0.000,0.000,1.000,0,0,0,6,6,0,0,6,0.0,0.0,0.0,0.0,0.0,1.0,-1
"F[2,2](((PaCO2 >= 0.000 -> PTT <= 0.000) -> SepsisLabel <= 0.000) & AST >= 0.000)
",0.000,0.000,0.000,0.000,1.000,0,0,0,6,6,0,0,6,0.0,0.0,0.0,0.0,0.0,1.0,-1
"F[0,2](((HR >= 10.376 & Hct <= 25.396) | Magnesium <= 21.466) -> Creatinine <= 25.809)
",-9999999.000,-9999999.000,0.000,0.000,1.000,0,0,0,6,6,0,0,6,0.0,0.0,0.0,0.0,0.0,1.0,-1
"F[1,2](Hgb <= 7.516 -> Hgb <= 6.402)
",-9999999.000,-9999999.000,0.000,0.000,1.000,0,0,0,6,6,0,0,6,0.0,0.0,0.0,0.0,0.0,1.0,-1
"F[1,2](((BUN >= 0.413 -> pH <= 0.000) | TroponinI >= 0.000) & HR <= 0.000)
",-9999999.000,-9999999.000,0.000,0.000,1.000,0,0,0,6,6,0,0,6,0.0,0.0,0.0,0.0,0.0,1.0,-1
"F[1,1](((AST >= 0.000 & TroponinI <= 0.000) | PaCO2 >= 0.000) | pH >= 0.000)
",0.000,0.000,0.000,0.000,1.000,0,0,0,6,6,0,0,6,0.0,0.0,0.0,0.0,0.0,1.0,-1
"F[1,2]((Platelets >= 6.970 | Potassium <= 3.052) | PaCO2 >= 0.010)
",-9999999.000,-9999999.000,0.000,0.000,1.000,0,0,0,6,6,0,0,6,0.0,0.0,0.0,0.0,0.0,1.0,-1
"F[1,2]((Bilirubin_total >= 0.000 | Temp >= 2.557) -> SBP <= 34.999)
",-9999999.000,-9999999.000,0.000,0.000,1.000,0,0,0,6,6,0,0,6,0.0,0.0,0.0,0.0,0.0,1.0,-1
"F[2,2](DBP <= 50.436 | AST >= 0.000)
",50.436,50.436,0.000,0.000,1.000,0,0,0,6,6,0,0,6,0.0,0.0,0.0,0.0,0.0,1.0,-1
"F[2,2]((pH <= 0.000 | Alkalinephos <= 0.000) -> SBP <= 0.000)
",0.000,0.000,0.000,0.000,1.000,0,0,0,6,6,0,0,6,0.0,0.0,0.0,0.0,0.0,1.0,-1
"F[0,1]((Hgb <= 6.208 & SBP <= 95.795) -> Temp <= 97.355)
",-9999999.000,-9999999.000,0.000,0.000,1.000,0,0,0,6,6,0,0,6,0.0,0.0,0.0,0.0,0.0,1.0,-1
"F[0,2]((Phosphate >= 0.189 -> Temp <= 26.826) | Resp >= 0.666)
",-9999999.000,-9999999.000,0.000,0.000,1.000,0,0,0,6,6,0,0,6,0.0,0.0,0.0,0.0,0.0,1.0,-1
"((MAP >= 18.935) U[0,2] (SBP <= 93.678))
",-9999999.000,-9999999.000,0.000,0.000,1.000,0,0,0,6,6,0,0,6,0.0,0.0,0.0,0.0,0.0,1.0,-1
"F[1,2]((Phosphate >= 0.231 & Magnesium > 0.079) -> Calcium < 6.618)
",-9999999.000,-9999999.000,0.000,0.000,1.000,0,0,0,6,6,0,0,6,0.0,0.0,0.0,0.0,0.0,1.0,-1
"F[0,1](((Calcium < 8.221 & Potassium < 2.370) & Magnesium < 0.560) & Phosphate < 1.078)
",-9999999.000,-9999999.000,0.000,0.000,1.000,0,0,0,6,6,0,0,6,0.0,0.0,0.0,0.0,0.0,1.0,-1
"F[0,0]((Phosphate >= 0.104 & Magnesium > 0.001) -> Calcium < 2.983)
",-2.983,-2.983,0.000,0.000,1.000,0,0,0,6,6,0,0,6,0.0,0.0,0.0,0.0,0.0,1.0,-1
"((MAP >= 8.820) U[0,1] (SBP <= 96.902))
",-9999999.000,-9999999.000,0.000,0.000,1.000,0,0,0,6,6,0,0,6,0.0,0.0,0.0,0.0,0.0,1.0,-1
"F[1,2](Hgb <= 6.789 | Hct <= 22.164)
",-9999999.000,-9999999.000,0.000,0.000,1.000,0,0,0,6,6,0,0,6,0.0,0.0,0.0,0.0,0.0,1.0,-1
"F[0,2](((Calcium < 3.242 & Potassium < 1.156) & Magnesium < 0.527) & Phosphate < 1.060)
",-9999999.000,-9999999.000,0.000,0.000,1.000,0,0,0,6,6,0,0,6,0.0,0.0,0.0,0.0,0.0,1.0,-1
"F[0,1](((Calcium < 8.472 & Potassium < 1.195) & Magnesium < 0.670) & Phosphate < 0.551)
",-9999999.000,-9999999.000,0.000,0.000,1.000,0,0,0,6,6,0,0,6,0.0,0.0,0.0,0.0,0.0,1.0,-1
"F[0,2]((Calcium <= 2.623 & Potassium <= 2.307) & Magnesium >= 0.130)
",-9999999.000,-9999999.000,0.000,0.000,1.000,0,0,0,6,6,0,0,6,0.0,0.0,0.0,0.0,0.0,1.0,-1
"F[0,1](((Calcium < 3.587 & Potassium < 2.295) & Magnesium < 0.623) & Phosphate < 1.008)
",-9999999.000,-9999999.000,0.000,0.000,1.000,0,0,0,6,6,0,0,6,0.0,0.0,0.0,0.0,0.0,1.0,-1
"F[0,1]((Phosphate >= 0.019 & Magnesium > 0.127) -> Calcium < 2.816)
",-9999999.000,-9999999.000,0.000,0.000,1.000,0,0,0,6,6,0,0,6,0.0,0.0,0.0,0.0,0.0,1.0,-1
"F[1,2](Hgb <= 3.775 | Hct <= 25.998)
",-9999999.000,-9999999.000,0.000,0.000,1.000,0,0,0,6,6,0,0,6,0.0,0.0,0.0,0.0,0.0,1.0,-1
"F[1,2]((Calcium <= 4.016 & Potassium <= 2.990) & Magnesium >= 0.147)
",-9999999.000,-9999999.000,0.000,0.000,1.000,0,0,0,6,6,0,0,6,0.0,0.0,0.0,0.0,0.0,1.0,-1
"F[1,2](((Calcium < 8.210 & Potassium < 3.424) & Magnesium < 0.759) & Phosphate < 1.613)
",-9999999.000,-9999999.000,0.000,0.000,1.000,0,0,0,6,6,0,0,6,0.0,0.0,0.0,0.0,0.0,1.0,-1
"F[0,2]((PaCO2 >= 0.000 | Hct <= 5.846) & FiO2 <= 9.431)
",-9999999.000,-9999999.000,0.000,0.000,1.000,0,0,0,6,6,0,0,6,0.0,0.0,0.0,0.0,0.0,1.0,-1
"F[0,1](Temp >= 6.546 -> PaCO2 >= 0.000)
",-9999999.000,-9999999.000,0.000,0.000,1.000,0,0,0,6,6,0,0,6,0.0,0.0,0.0,0.0,0.0,1.0,-1
"((WBC >= 0.131) U[0,2] (FiO2 >= 0.000))
",-9999999.000,-9999999.000,0.000,0.000,1.000,0,0,0,6,6,0,0,6,0.0,0.0,0.0,0.0,0.0,1.0,-1
"G[0,2](Chloride >= 0.000 & HCO3 >= 0.000)
",9999999.000,9999999.000,0.000,1.000,0.000,0,0,6,0,0,6,6,0,0.0,0.0,1.0,0.0,0.0,1.0,1
"G[0,2]((Fibrinogen <= 0.000 | DBP <= 55.759) & HCO3 <= 53.099)
",9999999.000,9999999.000,0.000,1.000,0.000,0,0,6,0,0,6,6,0,0.0,0.0,1.0,0.0,0.0,1.0,1
"G[0,1]((O2Sat >= 79.903 -> AST <= 0.000) -> DBP <= 0.000)
",9999999.000,9999999.000,0.000,1.000,0.000,0,0,0,6,6,0,0,6,0.0,0.0,0.0,0.0,0.0,1.0,1
"G[0,2](((DBP >= 5.457 | WBC >= 0.533) & Resp <= 8.545) & Fibrinogen >= 0.439)
",9999999.000,9999999.000,0.000,1.000,0.000,0,0,0,6,6,0,0,6,0.0,0.0,0.0,0.0,0.0,1.0,1
"G[2,2](((Hgb <= 1.379 & MAP >= 45.839) & Magnesium <= 71.764) & Platelets <= 71.507)
",-6451232821307767.000,-45.839,0.000,1.000,0.000,0,0,6,0,0,6,6,0,0.0,0.0,1.0,0.0,0.0,1.0,1
"G[1,2](((Hct >= 2.024 -> O2Sat <= 90.208) | SaO2 >= 23.133) & Bilirubin_direct >= 12.626)
",9999999.000,9999999.000,0.000,1.000,0.000,0,0,0,6,6,0,0,6,0.0,0.0,0.0,0.0,0.0,1.0,1
"G[0,2](((O2Sat >= 35.984 & WBC <= 8.283) & HR <= 7.348) & SepsisLabel >= 0.569)
",9999999.000,9999999.000,0.000,1.000,0.000,0,0,0,6,6,0,0,6,0.0,0.0,0.0,0.0,0.0,1.0,1
"G[0,2](Chloride >= 0.000 & HCO3 >= 0.000)
",9999999.000,9999999.000,0.000,1.000,0.000,0,0,6,0,0,6,6,0,0.0,0.0,1.0,0.0,0.0,1.0,1
"G[2,2](BUN <= 0.871 & Creatinine >= 0.022)
",-0.022,-0.022,0.000,1.000,0.000,0,0,6,0,0,6,6,0,0.0,0.0,1.0,0.0,0.0,1.0,1
"G[1,2](((Hgb <= 3.965 | Hct <= 13.922) -> WBC >= 0.090) & Platelets >= 13.923)
",9999999.000,9999999.000,0.000,1.000,0.000,0,0,1,5,5,1,1,5,0.0,0.0,1.0,0.0,0.0,1.0,1
"G[2,2](Chloride >= 0.000 & HCO3 >= 0.000)
",0.000,0.000,0.000,1.000,0.000,0,0,6,0,0,6,6,0,0.0,0.0,1.0,0.0,0.0,1.0,1
"G[0,0](BUN <= 0.902 & Creatinine >= 0.004)
",-8798364992572849.000,-0.004,0.000,1.000,0.000,0,0,0,6,6,0,0,6,0.0,0.0,0.0,0.0,0.0,1.0,1
"G[1,2](((Hgb <= 5.044 | Hct <= 24.143) -> WBC >= 0.610) & Platelets >= 8.079)
",9999999.000,9999999.000,0.000,1.000,0.000,0,0,1,5,5,1,1,5,0.0,0.0,1.0,0.0,0.0,1.0,1
"G[1,1](BUN <= 7.441 & Creatinine >= 0.038)
",-0.038,-0.038,0.000,1.000,0.000,0,0,0,6,6,0,0,6,0.0,0.0,0.0,0.0,0.0,1.0,1
"G[1,2](((Hgb <= 8.931 & FiO2 <= 0.000) | Hgb <= 0.000) | Creatinine <= 0.000)
",9999999.000,9999999.000,0.000,1.000,0.000,0,0,5,1,1,5,5,1,0.0,0.0,1.0,0.0,0.0,1.0,1
"G[2,2](((Hgb <= 0.943 | Hct <= 13.918) -> WBC >= 0.648) & Platelets >= 0.079)
",-7835128551261935.000,-13.918,0.000,1.000,0.000,0,0,6,0,0,6,6,0,0.0,0.0,1.0,0.0,0.0,1.0,1
"G[0,0](Platelets <= 201.240 -> WBC >= 0.503)
",-201.240,-201.240,0.000,1.000,0.000,0,0,0,6,6,0,0,6,0.0,0.0,0.0,0.0,0.0,1.0,1
"G[2,2](Chloride >= 0.000 & HCO3 >= 0.000)
",0.000,0.000,0.000,1.000,0.000,0,0,6,0,0,6,6,0,0.0,0.0,1.0,0.0,0.0,1.0,1
"G[0,1](BUN <= 3.818 & Creatinine >= 0.004)
",9999999.000,9999999.000,0.000,1.000,0.000,0,0,0,6,6,0,0,6,0.0,0.0,0.0,0.0,0.0,1.0,1
"G[0,0](((Hgb <= 5.238 | Hct <= 21.818) -> WBC >= 0.501) & Platelets >= 15.499)
",-21.818,-21.818,0.000,1.000,0.000,0,0,0,6,6,0,0,6,0.0,0.0,0.0,0.0,0.0,1.0,1
"G[0,1](Platelets <= 37.989 -> WBC >= 0.420)
",9999999.000,9999999.000,0.000,1.000,0.000,0,0,0,6,6,0,0,6,0.0,0.0,0.0,0.0,0.0,1.0,1
"G[0,2](Chloride >= 0.000 & HCO3 >= 0.000)
",9999999.000,9999999.000,0.000,1.000,0.000,0,0,6,0,0,6,6,0,0.0,0.0,1.0,0.0,0.0,1.0,1
"G[0,2](BUN <= 5.064 & Creatinine >= 0.028)
",9999999.000,9999999.000,0.000,1.000,0.000,0,0,0,6,6,0,0,6,0.0,0.0,0.0,0.0,0.0,1.0,1
"G[0,2](((Hgb <= 7.006 | Hct <= 4.454) -> WBC >= 0.238) & Platelets >= 0.237)
",9999999.000,9999999.000,0.000,1.000,0.000,0,0,0,6,6,0,0,6,0.0,0.0,0.0,0.0,0.0,1.0,1
"G[2,2](Platelets <= 81.055 -> WBC >= 0.075)
",-5703729094330897.000,-81.055,0.000,1.000,0.000,0,0,6,0,0,6,6,0,0.0,0.0,1.0,0.0,0.0,1.0,1
"G[0,1](BUN <= 5.054 & Creatinine >= 0.023)
",9999999.000,9999999.000,0.000,1.000,0.000,0,0,0,6,6,0,0,6,0.0,0.0,0.0,0.0,0.0,1.0,1
"G[0,0](((Hgb <= 7.056 | Hct <= 25.269) -> WBC >= 0.069) & Platelets >= 6.763)
",-7112661538539281.000,-25.269,0.000,1.000,0.000,0,0,0,6,6,0,0,6,0.0,0.0,0.0,0.0,0.0,1.0,1
"G[1,2]((Alkalinephos <= 0.000 & HR >= 50.890) -> Bilirubin_direct <= 63.026)
",9999999.000,9999999.000,0.000,1.000,0.000,0,0,6,0,0,6,6,0,0.0,0.0,1.0,0.0,0.0,1.0,1
"G[2,2](((Magnesium >= 0.102 | WBC >= 0.593) -> SBP <= 1.329) -> Calcium <= 5.466)
",-5.466,-5.466,0.000,1.000,0.000,0,0,6,0,0,6,6,0,0.0,0.0,1.0,0.0,0.0,1.0,1
"G[0,0](BUN <= 2.174 & Creatinine >= 0.033)
",-0.033,-0.033,0.000,1.000,0.000,0,0,0,6,6,0,0,6,0.0,0.0,0.0,0.0,0.0,1.0,1
"G[0,0](EtCO2 <= 0.000 -> WBC >= 0.330)
",0.330,0.330,0.000,1.000,0.000,0,0,0,6,6,0,0,6,0.0,0.0,0.0,0.0,0.0,1.0,1
"G[1,2](((DBP <= 49.811 | Platelets >= 0.135) | Hct >= 8.122) | FiO2 >= 7.130)
",9999999.000,9999999.000,0.000,1.000,0.000,0,0,2,4,4,2,2,4,0.0,0.0,1.0,0.0,0.0,1.0,1
"G[1,2](BUN >= 0.271 & Resp >= 10.522)
",9999999.000,9999999.000,0.000,1.000,0.000,0,0,1,5,5,1,1,5,0.0,0.0,1.0,0.0,0.0,1.0,1
"G[2,2](((BUN >= 0.227 | Platelets >= 15.744) -> Alkalinephos <= 171.004) & Lactate <= 149.431)
",-171.004,-171.004,0.000,1.000,0.000,0,0,6,0,0,6,6,0,0.0,0.0,1.0,0.0,0.0,1.0,1
"G[0,2](Glucose >= 3.358 -> Chloride <= 0.000)
",9999999.000,9999999.000,0.000,1.000,0.000,0,0,6,0,0,6,6,0,0.0,0.0,1.0,0.0,0.0,1.0,1
"G[2,2]((Magnesium >= 0.050 & Potassium <= 0.660) -> Chloride >= 0.283)
",0.050,0.050,0.000,1.000,0.000,0,0,6,0,0,6,6,0,0.0,0.0,1.0,0.0,0.0,1.0,1
"G[1,2](O2Sat >= 63.045 -> pH >= 0.000)
",9999999.000,9999999.000,0.000,1.000,0.000,0,0,6,0,0,6,6,0,0.0,0.0,1.0,0.0,0.0,1.0,1
"G[0,0](((WBC <= 1.877 | WBC <= 3.857) -> Hct >= 0.414) | Bilirubin_total >= 0.503)
",-0.503,-0.503,0.000,1.000,0.000,0,0,0,6,6,0,0,6,0.0,0.0,0.0,0.0,0.0,1.0,1
"G[1,2]((BaseExcess >= 0.000 | SepsisLabel <= 0.000) -> BUN <= 0.000)
",9999999.000,9999999.000,0.000,1.000,0.000,0,0,5,1,1,5,5,1,0.0,0.0,1.0,0.0,0.0,1.0,1
"G[2,2](Alkalinephos <= 0.000 & Lactate >= 0.000)
",0.000,0.000,0.000,1.000,0.000,0,0,6,0,0,6,6,0,0.0,0.0,1.0,0.0,0.0,1.0,1
"G[0,2]((DBP >= 35.909 | Chloride >= 0.000) -> Temp >= 0.000)
",9999999.000,9999999.000,0.000,1.000,0.000,0,0,6,0,0,6,6,0,0.0,0.0,1.0,0.0,0.0,1.0,1
"G[0,2]((WBC <= 3.849 -> BaseExcess >= 0.000) & Alkalinephos <= 0.000)
",9999999.000,9999999.000,0.000,1.000,0.000,0,0,6,0,0,6,6,0,0.0,0.0,1.0,0.0,0.0,1.0,1
"G[1,2](((Bilirubin_direct <= 0.000 -> Bilirubin_total <= 0.000) -> O2Sat <= 0.000) -> Magnesium <= 0.000)
",9999999.000,9999999.000,0.000,1.000,0.000,0,0,6,0,0,6,6,0,0.0,0.0,1.0,0.0,0.0,1.0,1
"G[0,2](((Glucose >= 7.012 -> Platelets <= 72.733) | Temp >= 0.902) & Creatinine <= 153.707)
",9999999.000,9999999.000,0.000,1.000,0.000,0,0,5,1,1,5,5,1,0.0,0.0,1.0,0.0,0.0,1.0,1
"G[2,2]((Temp >= 3.804 -> PTT <= 0.000) -> Platelets <= 0.000)
",0.000,0.000,0.000,1.000,0.000,0,0,6,0,0,6,6,0,0.0,0.0,1.0,0.0,0.0,1.0,1
"G[0,2](WBC >= 0.300 -> Hct <= 10.445)
",9999999.000,9999999.000,0.000,1.000,0.000,0,0,5,1,1,5,5,1,0.0,0.0,1.0,0.0,0.0,1.0,1
"G[0,2](((MAP <= 64.952 & DBP >= 28.939) | pH <= 50.734) -> Potassium >= 22.420)
",9999999.000,9999999.000,0.000,1.000,0.000,0,0,0,6,6,0,0,6,0.0,0.0,0.0,0.0,0.0,1.0,1
"G[1,2]((pH <= 0.000 & Alkalinephos >= 0.000) & Hgb <= 0.000)
",9999999.000,9999999.000,0.000,1.000,0.000,0,0,5,1,1,5,5,1,0.0,0.0,1.0,0.0,0.0,1.0,1
"G[2,2](((Alkalinephos >= 0.000 | MAP <= 67.493) | Potassium >= 8.932) -> WBC >= 10.559)
",-4749384999697785.000,-67.493,0.000,1.000,0.000,0,0,6,0,0,6,6,0,0.0,0.0,1.0,0.0,0.0,1.0,1
"G[1,2](((O2Sat <= 90.749 | Potassium <= 0.888) | BaseExcess <= 0.609) -> Chloride >= 0.139)
",9999999.000,9999999.000,0.000,1.000,0.000,0,0,0,6,6,0,0,6,0.0,0.0,0.0,0.0,0.0,1.0,1
"G[1,2]((HR <= 61.450 | FiO2 <= 0.000) -> Potassium <= 0.000)
",9999999.000,9999999.000,0.000,1.000,0.000,0,0,5,1,1,5,5,1,0.0,0.0,1.0,0.0,0.0,1.0,1
"G[2,2](((Hct <= 23.341 & BUN >= 0.136) & DBP <= 3.037) -> Glucose <= 0.673)
",-0.673,-0.673,0.000,1.000,0.000,0,0,6,0,0,6,6,0,0.0,0.0,1.0,0.0,0.0,1.0,1
"G[2,2](((Bilirubin_total >= 0.000 | Creatinine <= 0.166) & Bilirubin_direct <= 0.249) | SaO2 >= 0.033)
",0.166,0.166,0.000,1.000,0.000,0,0,6,0,0,6,6,0,0.0,0.0,1.0,0.0,0.0,1.0,1
"G[2,2](Platelets <= 161.590 -> WBC >= 0.479)
",-5685434387258679.000,-161.590,0.000,1.000,0.000,0,0,6,0,0,6,6,0,0.0,0.0,1.0,0.0,0.0,1.0,1
"G[0,1]((Lactate >= 0.000 -> Phosphate <= 1.605) & Potassium >= 0.132)
",9999999.000,9999999.000,0.000,1.000,0.000,0,0,0,6,6,0,0,6,0.0,0.0,0.0,0.0,0.0,1.0,1
"G[0,1]((WBC <= 2.040 & Glucose >= 6.554) & SaO2 <= 48.825)
",9999999.000,9999999.000,0.000,1.000,0.000,0,0,0,6,6,0,0,6,0.0,0.0,0.0,0.0,0.0,1.0,1
"G[0,0](((Hgb <= 8.868 -> Glucose <= 31.502) -> Alkalinephos >= 4.413) & TroponinI <= 20.959)
",4.413,4.413,0.000,1.000,0.000,0,0,0,6,6,0,0,6,0.0,0.0,0.0,0.0,0.0,1.0,1
"G[0,2](Platelets <= 54.321 -> WBC >= 0.378)
",9999999.000,9999999.000,0.000,1.000,0.000,0,0,0,6,6,0,0,6,0.0,0.0,0.0,0.0,0.0,1.0,1
"G[1,2](((Hgb <= 7.201 | Hct <= 18.353) -> WBC >= 0.455) & Platelets >= 11.554)
",9999999.000,9999999.000,0.000,1.000,0.000,0,0,1,5,5,1,1,5,0.0,0.0,1.0,0.0,0.0,1.0,1
"F[1,2](Fibrinogen <= 0.000 & BUN >= 0.218)
",-9999999.000,-9999999.000,0.000,0.000,1.000,0,0,0,6,6,0,0,6,0.0,0.0,0.0,0.0,0.0,1.0,-1
"G[0,0](Creatinine >= 0.009 & SepsisLabel >= 0.000)
",-5301133657480399.000,-0.009,0.000,1.000,0.000,0,0,0,6,6,0,0,6,0.0,0.0,0.0,0.0,0.0,1.0,1
"G[2,2](SepsisLabel >= 0.000 & SepsisLabel = 0.000)
",0.000,0.000,0.000,1.000,0.000,0,0,6,0,0,6,6,0,0.0,0.0,1.0,0.0,0.0,1.0,1
"G[0,2](MAP <= 73.180 & SepsisLabel = 0.000)
",9999999.000,9999999.000,0.000,1.000,0.000,0,0,3,3,3,3,3,3,0.0,0.0,1.0,0.0,0.0,1.0,1
"G[1,1](BUN <= 6.145 & Creatinine >= 0.037)
",-0.037,-0.037,0.000,1.000,0.000,0,0,0,6,6,0,0,6,0.0,0.0,0.0,0.0,0.0,1.0,1
"G[0,2](((Hgb <= 3.636 | Hct <= 8.729) -> WBC >= 0.709) & Platelets >= 16.680)
",9999999.000,9999999.000,0.000,1.000,0.000,0,0,0,6,6,0,0,6,0.0,0.0,0.0,0.0,0.0,1.0,1
"G[0,1](BUN <= 6.782 & Creatinine >= 0.033)
",9999999.000,9999999.000,0.000,1.000,0.000,0,0,0,6,6,0,0,6,0.0,0.0,0.0,0.0,0.0,1.0,1
"G[1,2]((BUN <= 3.226 -> Lactate <= 0.000) | SepsisLabel >= 0.000)
",9999999.000,9999999.000,0.000,1.000,0.000,0,0,6,0,0,6,6,0,0.0,0.0,1.0,0.0,0.0,1.0,1
"G[1,2]((FiO2 <= 0.000 -> Bilirubin_direct <= 0.000) & WBC >= 0.000)
",9999999.000,9999999.000,0.000,1.000,0.000,0,0,6,0,0,6,6,0,0.0,0.0,1.0,0.0,0.0,1.0,1
"G[0,2](Glucose <= 78.058 -> Resp >= 16.746)
",9999999.000,9999999.000,0.000,1.000,0.000,0,0,3,3,3,3,3,3,0.0,0.0,1.0,0.0,0.0,1.0,1
"G[2,2]((Phosphate <= 2.468 | pH <= 0.000) -> Resp >= 0.000)
",-2.468,-2.468,0.000,1.000,0.000,0,0,6,0,0,6,6,0,0.0,0.0,1.0,0.0,0.0,1.0,1
"G[0,1]((MAP <= 71.513 -> WBC <= 6.298) -> AST >= 0.462)
",9999999.000,9999999.000,0.000,1.000,0.000,0,0,0,6,6,0,0,6,0.0,0.0,0.0,0.0,0.0,1.0,1
"G[0,2]((EtCO2 >= 0.000 & Bilirubin_direct <= 0.000) -> Hgb >= 0.000)
",9999999.000,9999999.000,0.000,1.000,0.000,0,0,6,0,0,6,6,0,0.0,0.0,1.0,0.0,0.0,1.0,1
"G[0,2](((Phosphate <= 0.269 -> Resp <= 19.459) | Resp >= 3.622) -> WBC <= 24.425)
",9999999.000,9999999.000,0.000,1.000,0.000,0,0,6,0,0,6,6,0,0.0,0.0,1.0,0.0,0.0,1.0,1
"G[1,2](HCO3 >= 0.000 & PaCO2 <= 0.000)
",9999999.000,9999999.000,0.000,1.000,0.000,0,0,6,0,0,6,6,0,0.0,0.0,1.0,0.0,0.0,1.0,1
"G[1,2](Temp <= 34.246 -> SepsisLabel = 0.000)
",9999999.000,9999999.000,0.000,1.000,0.000,0,0,6,0,0,6,6,0,0.0,0.0,1.0,0.0,0.0,1.0,1
"G[2,2](((Glucose <= 10.227 | PaCO2 <= 0.000) -> Bilirubin_direct <= 0.000) & MAP >= 0.000)
",-10.227,-10.227,0.000,1.000,0.000,0,0,6,0,0,6,6,0,0.0,0.0,1.0,0.0,0.0,1.0,1
"G[0,2]((EtCO2 <= 0.000 & HR >= 0.457) | pH <= 67.749)
",9999999.000,9999999.000,0.000,1.000,0.000,0,0,6,0,0,6,6,0,0.0,0.0,1.0,0.0,0.0,1.0,1
"G[1,2](((FiO2 <= 0.000 -> Creatinine <= 0.081) -> WBC >= 0.006) | Platelets <= 0.114)
",9999999.000,9999999.000,0.000,1.000,0.000,0,0,6,0,0,6,6,0,0.0,0.0,1.0,0.0,0.0,1.0,1
"G[1,2](SaO2 <= 0.000 | Chloride <= 0.000)
",9999999.000,9999999.000,0.000,1.000,0.000,0,0,6,0,0,6,6,0,0.0,0.0,1.0,0.0,0.0,1.0,1
"G[0,1]((Temp >= 2.445 & Glucose <= 29.740) & HCO3 >= 6.209)
",9999999.000,9999999.000,0.000,1.000,0.000,0,0,0,6,6,0,0,6,0.0,0.0,0.0,0.0,0.0,1.0,1
"G[0,2](((PaCO2 <= 0.000 & Fibrinogen >= 0.000) -> HCO3 >= 0.000) | HCO3 >= 0.000)
",9999999.000,9999999.000,0.000,1.000,0.000,0,0,6,0,0,6,6,0,0.0,0.0,1.0,0.0,0.0,1.0,1
"G[1,2](((pH <= 0.000 & DBP <= 49.983) & Temp >= 46.431) | Bilirubin_direct >= 0.433)
",9999999.000,9999999.000,0.000,1.000,0.000,0,0,0,6,6,0,0,6,0.0,0.0,0.0,0.0,0.0,1.0,1
"G[2,2](((Chloride >= 0.000 -> Chloride <= 0.000) -> SaO2 <= 0.000) & FiO2 >= 0.000)
",0.000,0.000,0.000,1.000,0.000,0,0,6,0,0,6,6,0,0.0,0.0,1.0,0.0,0.0,1.0,1
"G[0,2]((Alkalinephos <= 0.000 | Potassium <= 0.518) | HR <= 2.836)
",9999999.000,9999999.000,0.000,1.000,0.000,0,0,6,0,0,6,6,0,0.0,0.0,1.0,0.0,0.0,1.0,1
"G[0,2](((Magnesium <= 1.519 | Phosphate >= 0.074) -> O2Sat <= 0.588) -> Lactate >= 0.024)
",9999999.000,9999999.000,0.000,1.000,0.000,0,0,5,1,1,5,5,1,0.0,0.0,1.0,0.0,0.0,1.0,1
"G[1,2](((SaO2 >= 0.000 & MAP >= 35.628) -> Hct >= 52.846) & HR >= 4.562)
",9999999.000,9999999.000,0.000,1.000,0.000,0,0,0,6,6,0,0,6,0.0,0.0,0.0,0.0,0.0,1.0,1
"G[0,1]((Phosphate >= 0.010 & Calcium <= 6.000) & Lactate <= 1.502)
",9999999.000,9999999.000,0.000,1.000,0.000,0,0,0,6,6,0,0,6,0.0,0.0,0.0,0.0,0.0,1.0,1
"G[1,2](pH < 0.000 -> SepsisLabel = 0.000)
",9999999.000,9999999.000,0.000,1.000,0.000,0,0,6,0,0,6,6,0,0.0,0.0,1.0,0.0,0.0,1.0,1
"G[1,2](SepsisLabel >= 0.000 -> SepsisLabel = 0.000)
",9999999.000,9999999.000,0.000,1.000,0.000,0,0,6,0,0,6,6,0,0.0,0.0,1.0,0.0,0.0,1.0,1
"G[1,2](Platelets <= 193.117 -> WBC >= 0.425)
",9999999.000,9999999.000,0.000,1.000,0.000,0,0,1,5,5,1,1,5,0.0,0.0,1.0,0.0,0.0,1.0,1
"G[1,2](((Resp <= 22.828 & Temp >= 1.518) -> BUN <= 20.948) | Alkalinephos <= 17.942)
",9999999.000,9999999.000,0.000,1.000,0.000,0,0,6,0,0,6,6,0,0.0,0.0,1.0,0.0,0.0,1.0,1
"G[1,2](Chloride >= 0.000 & HCO3 >= 0.000)
",9999999.000,9999999.000,0.000,1.000,0.000,0,0,6,0,0,6,6,0,0.0,0.0,1.0,0.0,0.0,1.0,1
"G[1,1](BUN <= 5.641 & Creatinine >= 0.003)
",-8041390042287709.000,-0.003,0.000,1.000,0.000,0,0,0,6,6,0,0,6,0.0,0.0,0.0,0.0,0.0,1.0,1
"G[1,2](((Hgb <= 3.379 | Hct <= 25.054) -> WBC >= 0.107) & Platelets >= 2.728)
",9999999.000,9999999.000,0.000,1.000,0.000,0,0,1,5,5,1,1,5,0.0,0.0,1.0,0.0,0.0,1.0,1
"G[2,2](Platelets <= 156.268 -> WBC >= 0.428)
",-5498187005945937.000,-156.268,0.000,1.000,0.000,0,0,6,0,0,6,6,0,0.0,0.0,1.0,0.0,0.0,1.0,1
"G[0,2](((Platelets <= 124.749 -> Lactate >= 0.000) & Calcium >= 0.000) | Hgb >= 0.000)
",9999999.000,9999999.000,0.000,1.000,0.000,0,0,6,0,0,6,6,0,0.0,0.0,1.0,0.0,0.0,1.0,1
"G[0,1](((Hgb <= 3.060 | Hct <= 8.825) -> WBC >= 0.120) & Platelets >= 1.806)
",9999999.000,9999999.000,0.000,1.000,0.000,0,0,0,6,6,0,0,6,0.0,0.0,0.0,0.0,0.0,1.0,1
"G[1,2](Platelets <= 121.215 -> WBC >= 0.443)
",9999999.000,9999999.000,0.000,1.000,0.000,0,0,1,5,5,1,1,5,0.0,0.0,1.0,0.0,0.0,1.0,1
"G[0,2]((SBP >= 72.841 | WBC <= 3.831) & Lactate <= 4.926)
",9999999.000,9999999.000,0.000,1.000,0.000,0,0,6,0,0,6,6,0,0.0,0.0,1.0,0.0,0.0,1.0,1
"G[0,2](MAP <= 72.566 & Temp >= 7.035)
",9999999.000,9999999.000,0.000,1.000,0.000,0,0,0,6,6,0,0,6,0.0,0.0,0.0,0.0,0.0,1.0,1
"G[1,2]((DBP >= 24.971 | Temp <= 19.688) | EtCO2 <= 18.167)
",9999999.000,9999999.000,0.000,1.000,0.000,0,0,6,0,0,6,6,0,0.0,0.0,1.0,0.0,0.0,1.0,1
"G[0,2](O2Sat <= 89.927 -> Temp <= 14.249)
",9999999.000,9999999.000,0.000,1.000,0.000,0,0,6,0,0,6,6,0,0.0,0.0,1.0,0.0,0.0,1.0,1
"G[0,2]((Temp >= 3.827 & WBC <= 4.771) -> Lactate <= 5.236)
",9999999.000,9999999.000,0.000,1.000,0.000,0,0,6,0,0,6,6,0,0.0,0.0,1.0,0.0,0.0,1.0,1
"G[0,2](((HR <= 61.199 -> MAP >= 52.440) | Hct >= 6.620) -> SaO2 <= 71.481)
",9999999.000,9999999.000,0.000,1.000,0.000,0,0,6,0,0,6,6,0,0.0,0.0,1.0,0.0,0.0,1.0,1
"G[1,2](MAP <= 69.843 -> SepsisLabel = 0.000)
",9999999.000,9999999.000,0.000,1.000,0.000,0,0,6,0,0,6,6,0,0.0,0.0,1.0,0.0,0.0,1.0,1
"G[1,2](((HR >= 19.636 & O2Sat <= 94.000) | Chloride >= 21.249) | HR >= 29.519)
",9999999.000,9999999.000,0.000,1.000,0.000,0,0,6,0,0,6,6,0,0.0,0.0,1.0,0.0,0.0,1.0,1
"G[1,2]((HR >= 38.693 & SBP <= 91.104) -> HCO3 >= 66.462)
",9999999.000,9999999.000,0.000,1.000,0.000,0,0,4,2,2,4,4,2,0.0,0.0,1.0,0.0,0.0,1.0,1
"G[1,2](MAP >= 3.236 & O2Sat >= 42.952)
",9999999.000,9999999.000,0.000,1.000,0.000,0,0,6,0,0,6,6,0,0.0,0.0,1.0,0.0,0.0,1.0,1
"G[0,2](DBP >= 40.785 -> O2Sat <= 94.515)
",9999999.000,9999999.000,0.000,1.000,0.000,0,0,0,6,6,0,0,6,0.0,0.0,0.0,0.0,0.0,1.0,1
"G[0,2](((DBP <= 51.588 & SBP <= 91.686) | SepsisLabel >= 18.050) -> PaCO2 <= 86.529)
",9999999.000,9999999.000,0.000,1.000,0.000,0,0,6,0,0,6,6,0,0.0,0.0,1.0,0.0,0.0,1.0,1
"G[1,2]((Calcium <= 3.646 & Magnesium <= 0.319) & Bilirubin_total <= 0.731)
",9999999.000,9999999.000,0.000,1.000,0.000,0,0,5,1,1,5,5,1,0.0,0.0,1.0,0.0,0.0,1.0,1
"G[0,1]((Calcium >= 0.289 & Potassium <= 0.631) & Hct >= 0.091)
",9999999.000,9999999.000,0.000,1.000,0.000,0,0,0,6,6,0,0,6,0.0,0.0,0.0,0.0,0.0,1.0,1
"G[0,0](Platelets >= 6.227 & SepsisLabel = 0.000)
",-6.227,-6.227,0.000,1.000,0.000,0,0,0,6,6,0,0,6,0.0,0.0,0.0,0.0,0.0,1.0,1
"G[1,2](WBC <= 4.990 -> SepsisLabel = 0.000)
",9999999.000,9999999.000,0.000,1.000,0.000,0,0,6,0,0,6,6,0,0.0,0.0,1.0,0.0,0.0,1.0,1
"G[0,2](pH < 0.000 & SepsisLabel = 0.000)
",9999999.000,9999999.000,0.000,1.000,0.000,0,0,0,6,6,0,0,6,0.0,0.0,0.0,0.0,0.0,1.0,1
"G[1,2](BUN <= 5.686 & SepsisLabel = 0.000)
",9999999.000,9999999.000,0.000,1.000,0.000,0,0,5,1,1,5,5,1,0.0,0.0,1.0,0.0,0.0,1.0,1
"G[1,2](PaCO2 < 0.000 -> SepsisLabel = 0.000)
",9999999.000,9999999.000,0.000,1.000,0.000,0,0,6,0,0,6,6,0,0.0,0.0,1.0,0.0,0.0,1.0,1
"G[1,2]((DBP <= 49.920 | Potassium >= 0.095) & BaseExcess >= 0.048)
",9999999.000,9999999.000,0.000,1.000,0.000,0,0,0,6,6,0,0,6,0.0,0.0,0.0,0.0,0.0,1.0,1
"G[1,2](((Glucose <= 76.297 & HR >= 49.666) | HR >= 37.336) & MAP >= 44.240)
",9999999.000,9999999.000,0.000,1.000,0.000,0,0,6,0,0,6,6,0,0.0,0.0,1.0,0.0,0.0,1.0,1
"G[2,2](((Creatinine >= 0.035 -> HR <= 73.968) & HCO3 <= 63.782) & Platelets >= 40.856)
",-73.968,-73.968,0.000,1.000,0.000,0,0,6,0,0,6,6,0,0.0,0.0,1.0,0.0,0.0,1.0,1
"G[1,2](Phosphate <= 2.314 & Lactate >= 0.000)
",9999999.000,9999999.000,0.000,1.000,0.000,0,0,5,1,1,5,5,1,0.0,0.0,1.0,0.0,0.0,1.0,1
"F[1,1]((MAP <= 66.633 & pH >= 0.000) | Temp >= 0.000)
",0.000,0.000,0.000,0.000,1.000,0,0,0,6,6,0,0,6,0.0,0.0,0.0,0.0,0.0,1.0,-1
"F[0,0](((HCO3 <= 0.000 | SBP >= 57.835) -> Phosphate <= 95.779) | Magnesium >= 71.222)
",-5011772473368719.000,-71.222,0.000,0.000,1.000,0,0,0,6,6,0,0,6,0.0,0.0,0.0,0.0,0.0,1.0,-1
"F[1,2]((Hgb <= 4.060 | Lactate <= 0.000) & Hct <= 0.000)
",-9999999.000,-9999999.000,0.000,0.000,1.000,0,0,0,6,6,0,0,6,0.0,0.0,0.0,0.0,0.0,1.0,-1
"F[0,0](((SaO2 <= 0.000 | Chloride >= 0.000) -> Potassium >= 0.000) | EtCO2 <= 0.000)
",0.000,0.000,0.000,0.000,1.000,0,0,0,6,6,0,0,6,0.0,0.0,0.0,0.0,0.0,1.0,-1
"F[1,2]((TroponinI <= 0.000 & WBC <= 8.488) & AST >= 0.732)
",-9999999.000,-9999999.000,0.000,0.000,1.000,0,0,0,6,6,0,0,6,0.0,0.0,0.0,0.0,0.0,1.0,-1
"((Platelets >= 1.151) U[0,2] (Glucose >= 0.813))
",-9999999.000,-9999999.000,0.000,0.000,1.000,0,0,0,6,6,0,0,6,0.0,0.0,0.0,0.0,0.0,1.0,-1
"F[2,2](WBC <= 6.439 -> DBP >= 18.543)
",-6.439,-6.439,0.000,0.000,1.000,0,0,0,6,6,0,0,6,0.0,0.0,0.0,0.0,0.0,1.0,-1
"G[0,2](((Chloride <= 0.000 & Glucose >= 3.020) -> Chloride <= 11.210) -> TroponinI <= 66.072)
",9999999.000,9999999.000,0.000,1.000,0.000,0,0,6,0,0,6,6,0,0.0,0.0,1.0,0.0,0.0,1.0,1
"G[2,2](((Chloride <= 0.000 & Temp >= 7.297) | SaO2 <= 36.146) -> HCO3 <= 11.145)
",-5087157493256833.000,-36.146,0.000,1.000,0.000,0,0,6,0,0,6,6,0,0.0,0.0,1.0,0.0,0.0,1.0,1
"G[0,2](Platelets <= 69.151 -> TroponinI >= 0.000)
",9999999.000,9999999.000,0.000,1.000,0.000,0,0,6,0,0,6,6,0,0.0,0.0,1.0,0.0,0.0,1.0,1
"G[1,2](((WBC <= 0.944 | HR >= 33.096) -> DBP >= 36.329) -> O2Sat <= 56.990)
",9999999.000,9999999.000,0.000,1.000,0.000,0,0,0,6,6,0,0,6,0.0,0.0,0.0,0.0,0.0,1.0,1
"G[1,2]((EtCO2 <= 0.000 -> Hct >= 2.122) | Bilirubin_direct >= 1.814)
",9999999.000,9999999.000,0.000,1.000,0.000,0,0,1,5,5,1,1,5,0.0,0.0,1.0,0.0,0.0,1.0,1
"G[1,2]((Lactate >= 0.000 | Chloride <= 0.000) & FiO2 <= 0.000)
",9999999.000,9999999.000,0.000,1.000,0.000,0,0,6,0,0,6,6,0,0.0,0.0,1.0,0.0,0.0,1.0,1
"F[1,2](((Alkalinephos >= 0.000 | Bilirubin_direct >= 0.000) -> Lactate <= 0.000) -> Glucose <= 0.000)
",-9999999.000,-9999999.000,0.000,0.000,1.000,0,0,0,6,6,0,0,6,0.0,0.0,0.0,0.0,0.0,1.0,-1
"G[1,2](((WBC >= 0.488 -> SBP >= 85.148) | Hct <= 95.037) | HR >= 22.731)
",9999999.000,9999999.000,0.000,1.000,0.000,0,0,6,0,0,6,6,0,0.0,0.0,1.0,0.0,0.0,1.0,1
"G[2,2](((HR <= 55.258 -> Chloride >= 0.000) | Chloride >= 0.000) | WBC <= 0.000)
",0.000,0.000,0.000,1.000,0.000,0,0,6,0,0,6,6,0,0.0,0.0,1.0,0.0,0.0,1.0,1
"G[0,2](((Temp >= 8.562 -> FiO2 <= 0.000) | Phosphate >= 0.000) & pH >= 0.000)
",9999999.000,9999999.000,0.000,1.000,0.000,0,0,6,0,0,6,6,0,0.0,0.0,1.0,0.0,0.0,1.0,1
"G[1,2](((Temp >= 3.309 | AST >= 0.000) | Alkalinephos >= 0.000) & Bilirubin_total <= 0.000)
",9999999.000,9999999.000,0.000,1.000,0.000,0,0,6,0,0,6,6,0,0.0,0.0,1.0,0.0,0.0,1.0,1
"G[0,0]((Resp <= 21.618 & Hct >= 2.151) | HCO3 >= 1.506)
",-6782608205226057.000,-1.506,0.000,1.000,0.000,0,0,0,6,6,0,0,6,0.0,0.0,0.0,0.0,0.0,1.0,1
"G[0,1]((WBC >= 0.100 | WBC <= 4.065) -> HCO3 >= 0.337)
",9999999.000,9999999.000,0.000,1.000,0.000,0,0,0,6,6,0,0,6,0.0,0.0,0.0,0.0,0.0,1.0,1
"G[1,2](((Resp <= 24.732 & Platelets >= 14.395) | HR <= 82.445) -> AST >= 9.604)
",9999999.000,9999999.000,0.000,1.000,0.000,0,0,0,6,6,0,0,6,0.0,0.0,0.0,0.0,0.0,1.0,1
"G[0,2]((MAP >= 57.762 -> PaCO2 <= 0.000) & HR <= 0.000)
",9999999.000,9999999.000,0.000,1.000,0.000,0,0,0,6,6,0,0,6,0.0,0.0,0.0,0.0,0.0,1.0,1
"G[0,2](((Temp >= 3.540 | Platelets >= 14.946) & SBP >= 10.499) -> BaseExcess <= 147.953)
",9999999.000,9999999.000,0.000,1.000,0.000,0,0,6,0,0,6,6,0,0.0,0.0,1.0,0.0,0.0,1.0,1
"G[0,2](((Magnesium <= 0.284 & Hgb >= 0.325) -> Hct <= 5.473) | Calcium >= 0.334)
",9999999.000,9999999.000,0.000,1.000,0.000,0,0,6,0,0,6,6,0,0.0,0.0,1.0,0.0,0.0,1.0,1
"G[2,2](pH <= 0.000 -> Phosphate >= 0.123)
",0.000,0.000,0.000,1.000,0.000,0,0,6,0,0,6,6,0,0.0,0.0,1.0,0.0,0.0,1.0,1
"G[0,2](Calcium >= 0.711 | PTT <= 0.000)
",9999999.000,9999999.000,0.000,1.000,0.000,0,0,6,0,0,6,6,0,0.0,0.0,1.0,0.0,0.0,1.0,1
"((HR <= 60.773) U[0,2] (Potassium >= 0.221))
",-9999999.000,-9999999.000,0.000,0.000,1.000,0,0,0,6,6,0,0,6,0.0,0.0,0.0,0.0,0.0,1.0,-1
"F[0,0]((PTT >= 0.000 | TroponinI >= 0.000) | Chloride <= 0.000)
",0.000,0.000,0.000,0.000,1.000,0,0,0,6,6,0,0,6,0.0,0.0,0.0,0.0,0.0,1.0,-1
"G[0,2](Calcium <= 5.084 & HR <= 61.291)
",9999999.000,9999999.000,0.000,1.000,0.000,0,0,3,3,3,3,3,3,0.0,0.0,1.0,0.0,0.0,1.0,1
"F[0,2](Bilirubin_total >= 0.000 -> Hgb >= 0.664)
",-9999999.000,-9999999.000,0.000,0.000,1.000,0,0,0,6,6,0,0,6,0.0,0.0,0.0,0.0,0.0,1.0,-1
"F[2,2](((SBP >= 75.954 & SaO2 <= 0.000) & MAP >= 0.000) | PaCO2 <= 0.000)
",0.000,0.000,0.000,0.000,1.000,0,0,0,6,6,0,0,6,0.0,0.0,0.0,0.0,0.0,1.0,-1
"F[0,2](((SaO2 >= 0.000 | BaseExcess >= 0.000) | Calcium >= 0.000) & PaCO2 >= 0.000)
",-9999999.000,-9999999.000,0.000,0.000,1.000,0,0,0,6,6,0,0,6,0.0,0.0,0.0,0.0,0.0,1.0,-1
"G[1,2](HCO3 >= 0.000 | Bilirubin_direct >= 0.000)
",9999999.000,9999999.000,0.000,1.000,0.000,0,0,6,0,0,6,6,0,0.0,0.0,1.0,0.0,0.0,1.0,1
"F[0,2](Hct <= 23.897 & SBP >= 33.908)
",-9999999.000,-9999999.000,0.000,0.000,1.000,0,0,0,6,6,0,0,6,0.0,0.0,0.0,0.0,0.0,1.0,-1
"F[0,2](((Platelets >= 3.349 -> EtCO2 <= 0.000) | Hct <= 0.000) & PTT >= 0.000)
",-9999999.000,-9999999.000,0.000,0.000,1.000,0,0,0,6,6,0,0,6,0.0,0.0,0.0,0.0,0.0,1.0,-1
"F[1,2](((SBP >= 35.707 | SaO2 <= 0.000) -> Bilirubin_direct <= 0.000) -> Potassium >= 0.000)
",-9999999.000,-9999999.000,0.000,0.000,1.000,0,0,0,6,6,0,0,6,0.0,0.0,0.0,0.0,0.0,1.0,-1
"((Potassium <= 1.571) U[0,1] (Lactate <= 0.000))
",-9999999.000,-9999999.000,0.000,0.000,1.000,0,0,0,6,6,0,0,6,0.0,0.0,0.0,0.0,0.0,1.0,-1
"F[0,2](((Creatinine >= 0.023 & WBC <= 9.158) -> Chloride >= 0.041) -> SepsisLabel <= 8.424)
",-9999999.000,-9999999.000,0.000,0.000,1.000,0,0,0,6,6,0,0,6,0.0,0.0,0.0,0.0,0.0,1.0,-1
"F[1,1](((Fibrinogen <= 0.000 & Magnesium >= 0.118) | Calcium <= 1.651) | Bilirubin_total <= 1.959)
",8823289549841485.000,1.959,0.000,0.000,1.000,0,0,0,6,6,0,0,6,0.0,0.0,0.0,0.0,0.0,1.0,-1
"F[1,1](((BaseExcess >= 0.000 -> AST >= 0.000) | PaCO2 <= 0.000) & BaseExcess <= 0.000)
",0.000,0.000,0.000,0.000,1.000,0,0,0,6,6,0,0,6,0.0,0.0,0.0,0.0,0.0,1.0,-1
"F[1,2](((Bilirubin_total >= 0.000 | O2Sat >= 71.060) | SepsisLabel <= 89.440) & Chloride <= 91.770)
",-9999999.000,-9999999.000,0.000,0.000,1.000,0,0,0,6,6,0,0,6,0.0,0.0,0.0,0.0,0.0,1.0,-1
"F[1,2](((HCO3 <= 0.000 & DBP >= 34.881) -> HCO3 >= 10.967) & Fibrinogen >= 5.493)
",-9999999.000,-9999999.000,0.000,0.000,1.000,0,0,0,6,6,0,0,6,0.0,0.0,0.0,0.0,0.0,1.0,-1
"F[0,2](((Temp >= 5.395 & FiO2 <= 0.000) -> Alkalinephos >= 0.000) -> Potassium >= 0.000)
",-9999999.000,-9999999.000,0.000,0.000,1.000,0,0,0,6,6,0,0,6,0.0,0.0,0.0,0.0,0.0,1.0,-1
"F[0,1]((EtCO2 <= 0.000 & Lactate >= 0.000) | SaO2 <= 0.000)
",-9999999.000,-9999999.000,0.000,0.000,1.000,0,0,0,6,6,0,0,6,0.0,0.0,0.0,0.0,0.0,1.0,-1
"((Hgb >= 0.300) U[0,2] (pH <= 0.000))
",-9999999.000,-9999999.000,0.000,0.000,1.000,0,0,0,6,6,0,0,6,0.0,0.0,0.0,0.0,0.0,1.0,-1
"F[1,2](((Chloride <= 0.000 -> Glucose >= 3.065) & Bilirubin_direct <= 60.882) | Bilirubin_total >= 5.667)
",-9999999.000,-9999999.000,0.000,0.000,1.000,0,0,0,6,6,0,0,6,0.0,0.0,0.0,0.0,0.0,1.0,-1
"((WBC <= 1.980) U[1,2] (Calcium >= 0.489))
",-9999999.000,-9999999.000,0.000,0.000,1.000,0,0,0,6,6,0,0,6,0.0,0.0,0.0,0.0,0.0,1.0,-1
"F[1,2](Resp <= 22.075 & Glucose >= 1.848)
",-9999999.000,-9999999.000,0.000,0.000,1.000,0,0,0,6,6,0,0,6,0.0,0.0,0.0,0.0,0.0,1.0,-1
"F[1,2](BaseExcess <= 0.000 & EtCO2 <= 0.000)
",-9999999.000,-9999999.000,0.000,0.000,1.000,0,0,0,6,6,0,0,6,0.0,0.0,0.0,0.0,0.0,1.0,-1
"((EtCO2 <= 0.000) U[0,1] (Creatinine <= 0.101))
",-9999999.000,-9999999.000,0.000,0.000,1.000,0,0,0,6,6,0,0,6,0.0,0.0,0.0,0.0,0.0,1.0,-1
"((SepsisLabel <= 0.000) U[0,2] (BaseExcess <= 0.000))
",-9999999.000,-9999999.000,0.000,0.000,1.000,0,0,0,6,6,0,0,6,0.0,0.0,0.0,0.0,0.0,1.0,-1
"F[1,2]((WBC <= 1.707 | Hct <= 28.689) -> Calcium >= 2.322)
",-9999999.000,-9999999.000,0.000,0.000,1.000,0,0,0,6,6,0,0,6,0.0,0.0,0.0,0.0,0.0,1.0,-1
"F[1,2](((WBC >= 0.054 | Bilirubin_total >= 0.000) | MAP >= 0.000) | HCO3 >= 0.000)
",-9999999.000,-9999999.000,0.000,0.000,1.000,0,0,0,6,6,0,0,6,0.0,0.0,0.0,0.0,0.0,1.0,-1
"F[1,2](Lactate >= 0.000 & pH <= 0.000)
",-9999999.000,-9999999.000,0.000,0.000,1.000,0,0,0,6,6,0,0,6,0.0,0.0,0.0,0.0,0.0,1.0,-1
"((BaseExcess >= 0.000) U[0,2] (DBP <= 51.304))
",-9999999.000,-9999999.000,0.000,0.000,1.000,0,0,0,6,6,0,0,6,0.0,0.0,0.0,0.0,0.0,1.0,-1
"((O2Sat <= 88.307) U[0,2] (FiO2 >= 0.000))
",-9999999.000,-9999999.000,0.000,0.000,1.000,0,0,0,6,6,0,0,6,0.0,0.0,0.0,0.0,0.0,1.0,-1
"G[0,2](PTT <= 0.000 -> Glucose <= 43.619)
",9999999.000,9999999.000,0.000,1.000,0.000,0,0,5,1,1,5,5,1,0.0,0.0,1.0,0.0,0.0,1.0,1
"G[0,2](((Glucose >= 5.064 & WBC >= 0.753) -> Potassium >= 0.255) & HR <= 7.791)
",9999999.000,9999999.000,0.000,1.000,0.000,0,0,0,6,6,0,0,6,0.0,0.0,0.0,0.0,0.0,1.0,1
"G[1,2]((Potassium <= 1.874 | HCO3 <= 0.000) -> Chloride <= 0.000)
",9999999.000,9999999.000,0.000,1.000,0.000,0,0,6,0,0,6,6,0,0.0,0.0,1.0,0.0,0.0,1.0,1
"G[0,1]((BaseExcess >= 0.000 -> Magnesium >= 0.127) & Bilirubin_total >= 0.079)
",9999999.000,9999999.000,0.000,1.000,0.000,0,0,0,6,6,0,0,6,0.0,0.0,0.0,0.0,0.0,1.0,1
"G[1,2](((MAP >= 8.914 -> BUN <= 0.936) & Potassium <= 5.650) & Bilirubin_total <= 1.294)
",9999999.000,9999999.000,0.000,1.000,0.000,0,0,5,1,1,5,5,1,0.0,0.0,1.0,0.0,0.0,1.0,1
"G[1,1]((Phosphate >= 0.122 & BUN <= 3.342) & Calcium <= 7.366)
",-0.122,-0.122,0.000,1.000,0.000,0,0,0,6,6,0,0,6,0.0,0.0,0.0,0.0,0.0,1.0,1
"G[1,1](((AST <= 0.000 | DBP >= 43.546) | Alkalinephos <= 52.611) -> O2Sat <= 51.350)
",-52.611,-52.611,0.000,1.000,0.000,0,0,0,6,6,0,0,6,0.0,0.0,0.0,0.0,0.0,1.0,1
"G[2,2]((DBP >= 19.085 -> PaCO2 <= 0.000) | Alkalinephos <= 0.000)
",0.000,0.000,0.000,1.000,0.000,0,0,6,0,0,6,6,0,0.0,0.0,1.0,0.0,0.0,1.0,1
"G[0,2](((AST <= 0.000 | Temp <= 15.322) | Chloride <= 11.205) | Fibrinogen <= 30.198)
",9999999.000,9999999.000,0.000,1.000,0.000,0,0,6,0,0,6,6,0,0.0,0.0,1.0,0.0,0.0,1.0,1
"G[0,2](Calcium <= 6.804 | AST >= 0.000)
",9999999.000,9999999.000,0.000,1.000,0.000,0,0,6,0,0,6,6,0,0.0,0.0,1.0,0.0,0.0,1.0,1
"G[1,2]((Bilirubin_direct <= 0.000 | PaCO2 >= 0.000) & Chloride <= 0.000)
",9999999.000,9999999.000,0.000,1.000,0.000,0,0,6,0,0,6,6,0,0.0,0.0,1.0,0.0,0.0,1.0,1
"G[1,2](((Hgb <= 5.079 | Alkalinephos <= 0.000) & Magnesium >= 0.000) -> Platelets >= 0.000)
",9999999.000,9999999.000,0.000,1.000,0.000,0,0,6,0,0,6,6,0,0.0,0.0,1.0,0.0,0.0,1.0,1
"G[2,2](((SaO2 <= 0.000 -> PaCO2 <= 0.000) -> Fibrinogen <= 0.000) & Potassium >= 0.000)
",0.000,0.000,0.000,1.000,0.000,0,0,6,0,0,6,6,0,0.0,0.0,1.0,0.0,0.0,1.0,1
"G[1,2](((DBP <= 55.163 -> PaCO2 <= 0.000) | SepsisLabel >= 0.000) | Magnesium <= 0.000)
",9999999.000,9999999.000,0.000,1.000,0.000,0,0,6,0,0,6,6,0,0.0,0.0,1.0,0.0,0.0,1.0,1
"G[1,2](((WBC >= 0.568 & O2Sat >= 26.284) & WBC <= 91.686) -> AST <= 89.173)
",9999999.000,9999999.000,0.000,1.000,0.000,0,0,6,0,0,6,6,0,0.0,0.0,1.0,0.0,0.0,1.0,1
"G[0,1](SBP <= 94.663 & Potassium >= 0.105)
",9999999.000,9999999.000,0.000,1.000,0.000,0,0,0,6,6,0,0,6,0.0,0.0,0.0,0.0,0.0,1.0,1
"G[2,2]((Lactate >= 0.000 -> Temp <= 26.575) & SaO2 >= 2.593)
",-7480288639603853.000,-26.575,0.000,1.000,0.000,0,0,6,0,0,6,6,0,0.0,0.0,1.0,0.0,0.0,1.0,1
"G[1,2]((Creatinine <= 0.069 & DBP >= 11.883) | pH >= 18.704)
",9999999.000,9999999.000,0.000,1.000,0.000,0,0,5,1,1,5,5,1,0.0,0.0,1.0,0.0,0.0,1.0,1
"G[2,2]((BaseExcess >= 0.000 | Calcium <= 7.944) | HCO3 <= 5.990)
",7.944,7.944,0.000,1.000,0.000,0,0,6,0,0,6,6,0,0.0,0.0,1.0,0.0,0.0,1.0,1
"G[0,2](((SaO2 <= 0.000 -> Resp <= 27.143) -> Hct <= 20.132) -> PTT <= 23.547)
",9999999.000,9999999.000,0.000,1.000,0.000,0,0,6,0,0,6,6,0,0.0,0.0,1.0,0.0,0.0,1.0,1
"G[2,2]((Bilirubin_total <= 0.000 -> Hct >= 1.059) -> Temp <= 9.497)
",-9.497,-9.497,0.000,1.000,0.000,0,0,6,0,0,6,6,0,0.0,0.0,1.0,0.0,0.0,1.0,1
"G[1,2]((HR >= 29.076 -> TroponinI >= 0.000) -> Magnesium >= 0.000)
",9999999.000,9999999.000,0.000,1.000,0.000,0,0,6,0,0,6,6,0,0.0,0.0,1.0,0.0,0.0,1.0,1
"G[0,2]((DBP <= 51.621 & SepsisLabel <= 0.000) & Hgb <= 0.000)
",9999999.000,9999999.000,0.000,1.000,0.000,0,0,1,5,5,1,1,5,0.0,0.0,1.0,0.0,0.0,1.0,1
"G[0,2](((MAP >= 17.318 -> Bilirubin_direct >= 0.000) -> Phosphate >= 0.000) | Calcium >= 0.000)
",9999999.000,9999999.000,0.000,1.000,0.000,0,0,6,0,0,6,6,0,0.0,0.0,1.0,0.0,0.0,1.0,1
"G[1,2](((BaseExcess >= 0.000 | WBC >= 0.067) & Alkalinephos <= 2.386) | FiO2 <= 0.898)
",9999999.000,9999999.000,0.000,1.000,0.000,0,0,6,0,0,6,6,0,0.0,0.0,1.0,0.0,0.0,1.0,1
"G[1,2](((Resp <= 24.793 -> Calcium <= 2.253) -> Lactate <= 7.737) | Bilirubin_total >= 0.362)
",9999999.000,9999999.000,0.000,1.000,0.000,0,0,6,0,0,6,6,0,0.0,0.0,1.0,0.0,0.0,1.0,1
"G[0,1]((Hct >= 0.675 & Resp <= 20.476) | PaCO2 >= 18.001)
",9999999.000,9999999.000,0.000,1.000,0.000,0,0,0,6,6,0,0,6,0.0,0.0,0.0,0.0,0.0,1.0,1
"G[1,2](((Potassium >= 0.112 | Resp >= 1.952) -> Glucose >= 0.485) & Creatinine >= 3.159)
",9999999.000,9999999.000,0.000,1.000,0.000,0,0,0,6,6,0,0,6,0.0,0.0,0.0,0.0,0.0,1.0,1
"G[0,1]((Magnesium >= 0.160 | Resp <= 22.745) & BUN >= 10.621)
",9999999.000,9999999.000,0.000,1.000,0.000,0,0,0,6,6,0,0,6,0.0,0.0,0.0,0.0,0.0,1.0,1
"G[0,2](((BUN <= 2.884 & HR <= 63.440) & Bilirubin_total <= 71.372) -> PTT >= 18.336)
",9999999.000,9999999.000,0.000,1.000,0.000,0,0,1,5,5,1,1,5,0.0,0.0,1.0,0.0,0.0,1.0,1
"G[0,2](((Creatinine >= 0.028 | Lactate <= 0.000) | HR <= 0.000) | Potassium >= 0.000)
",9999999.000,9999999.000,0.000,1.000,0.000,0,0,6,0,0,6,6,0,0.0,0.0,1.0,0.0,0.0,1.0,1
"G[2,2](AST <= 0.000 -> Temp >= 2.407)
",0.000,0.000,0.000,1.000,0.000,0,0,6,0,0,6,6,0,0.0,0.0,1.0,0.0,0.0,1.0,1
"G[1,2](Phosphate >= 0.215 | PTT >= 0.000)
",9999999.000,9999999.000,0.000,1.000,0.000,0,0,6,0,0,6,6,0,0.0,0.0,1.0,0.0,0.0,1.0,1
"G[0,2]((FiO2 >= 0.000 & Temp >= 7.661) & Glucose <= 21.286)
",9999999.000,9999999.000,0.000,1.000,0.000,0,0,0,6,6,0,0,6,0.0,0.0,0.0,0.0,0.0,1.0,1
"G[2,2]((Fibrinogen >= 0.000 | HR <= 55.267) & PTT <= 55.534)
",55.267,55.267,0.000,1.000,0.000,0,0,6,0,0,6,6,0,0.0,0.0,1.0,0.0,0.0,1.0,1
"G[0,2](((BaseExcess <= 0.000 | SaO2 >= 0.000) & SBP <= 0.000) | pH <= 0.000)
",9999999.000,9999999.000,0.000,1.000,0.000,0,0,6,0,0,6,6,0,0.0,0.0,1.0,0.0,0.0,1.0,1
"G[1,2](((Alkalinephos <= 0.000 -> EtCO2 >= 0.000) -> Alkalinephos >= 0.000) & Fibrinogen <= 0.000)
",9999999.000,9999999.000,0.000,1.000,0.000,0,0,6,0,0,6,6,0,0.0,0.0,1.0,0.0,0.0,1.0,1
"G[1,2](((TroponinI >= 0.000 | MAP <= 71.776) -> O2Sat >= 29.508) -> Resp >= 50.530)
",9999999.000,9999999.000,0.000,1.000,0.000,0,0,0,6,6,0,0,6,0.0,0.0,0.0,0.0,0.0,1.0,1
"G[1,2]((Alkalinephos >= 0.000 | TroponinI <= 0.000) | WBC <= 0.000)
",9999999.000,9999999.000,0.000,1.000,0.000,0,0,6,0,0,6,6,0,0.0,0.0,1.0,0.0,0.0,1.0,1
"G[2,2](((SepsisLabel >= 0.000 -> Fibrinogen <= 0.000) & BUN <= 0.000) & pH <= 0.000)
",0.000,0.000,0.000,1.000,0.000,0,0,6,0,0,6,6,0,0.0,0.0,1.0,0.0,0.0,1.0,1
"G[2,2](((AST >= 0.000 & WBC >= 0.092) -> Fibrinogen >= 0.063) & Fibrinogen <= 7.942)
",4549042624104679.000,0.063,0.000,1.000,0.000,0,0,6,0,0,6,6,0,0.0,0.0,1.0,0.0,0.0,1.0,1
"G[2,2](SaO2 <= 0.000 | Chloride <= 0.000)
",0.000,0.000,0.000,1.000,0.000,0,0,6,0,0,6,6,0,0.0,0.0,1.0,0.0,0.0,1.0,1
"G[2,2](((pH >= 0.000 -> Temp <= 11.207) | MAP <= 26.469) | Potassium >= 5.492)
",7450332891974783.000,26.469,0.000,1.000,0.000,0,0,6,0,0,6,6,0,0.0,0.0,1.0,0.0,0.0,1.0,1
"G[0,2]((SBP <= 88.896 & Hgb <= 1.002) & Glucose <= 1.105)
",9999999.000,9999999.000,0.000,1.000,0.000,0,0,1,5,5,1,1,5,0.0,0.0,1.0,0.0,0.0,1.0,1
"G[2,2]((Alkalinephos <= 0.000 & Platelets >= 2.965) | Alkalinephos <= 66.098)
",4651237370941271.000,66.098,0.000,1.000,0.000,0,0,6,0,0,6,6,0,0.0,0.0,1.0,0.0,0.0,1.0,1
"G[1,2](((Chloride <= 0.000 -> Creatinine >= 0.036) | Magnesium <= 0.268) | Bilirubin_total <= 0.156)
",9999999.000,9999999.000,0.000,1.000,0.000,0,0,6,0,0,6,6,0,0.0,0.0,1.0,0.0,0.0,1.0,1
"G[2,2]((Fibrinogen <= 0.000 | Fibrinogen <= 0.000) & Lactate <= 0.000)
",0.000,0.000,0.000,1.000,0.000,0,0,6,0,0,6,6,0,0.0,0.0,1.0,0.0,0.0,1.0,1
"G[1,2]((MAP <= 71.088 | Platelets <= 130.940) | PaCO2 >= 6.954)
",9999999.000,9999999.000,0.000,1.000,0.000,0,0,6,0,0,6,6,0,0.0,0.0,1.0,0.0,0.0,1.0,1
"G[0,2]((PaCO2 <= 0.000 & SaO2 >= 0.000) & BaseExcess >= 0.000)
",9999999.000,9999999.000,0.000,1.000,0.000,0,0,6,0,0,6,6,0,0.0,0.0,1.0,0.0,0.0,1.0,1
"G[1,1]((O2Sat <= 92.433 & EtCO2 <= 0.000) & Fibrinogen >= 0.000)
",0.000,0.000,0.000,1.000,0.000,0,0,0,6,6,0,0,6,0.0,0.0,0.0,0.0,0.0,1.0,1
"G[0,2]((Creatinine >= 0.033 -> Alkalinephos >= 0.000) | SBP <= 0.000)
",9999999.000,9999999.000,0.000,1.000,0.000,0,0,6,0,0,6,6,0,0.0,0.0,1.0,0.0,0.0,1.0,1
"G[2,2](Magnesium <= 1.005 & Potassium >= 0.018)
",-0.018,-0.018,0.000,1.000,0.000,0,0,6,0,0,6,6,0,0.0,0.0,1.0,0.0,0.0,1.0,1
"G[1,2]((SBP <= 88.068 -> Hgb >= 0.300) -> WBC <= 4.308)
",9999999.000,9999999.000,0.000,1.000,0.000,0,0,5,1,1,5,5,1,0.0,0.0,1.0,0.0,0.0,1.0,1
"G[1,2]((Resp >= 17.316 & Phosphate >= 0.167) -> Temp <= 2.048)
",9999999.000,9999999.000,0.000,1.000,0.000,0,0,6,0,0,6,6,0,0.0,0.0,1.0,0.0,0.0,1.0,1
"G[2,2](Alkalinephos >= 0.000 & SaO2 >= 0.000)
",0.000,0.000,0.000,1.000,0.000,0,0,6,0,0,6,6,0,0.0,0.0,1.0,0.0,0.0,1.0,1
"G[0,2]((Phosphate <= 0.538 -> HR <= 57.934) -> PTT <= 70.250)
",9999999.000,9999999.000,0.000,1.000,0.000,0,0,6,0,0,6,6,0,0.0,0.0,1.0,0.0,0.0,1.0,1
"G[1,2](((SepsisLabel >= 0.000 | PTT >= 0.000) & Bilirubin_direct <= 0.000) -> Hgb <= 0.000)
",9999999.000,9999999.000,0.000,1.000,0.000,0,0,5,1,1,5,5,1,0.0,0.0,1.0,0.0,0.0,1.0,1
"G[1,2]((EtCO2 <= 0.000 & Chloride <= 0.000) -> PaCO2 <= 0.000)
",9999999.000,9999999.000,0.000,1.000,0.000,0,0,6,0,0,6,6,0,0.0,0.0,1.0,0.0,0.0,1.0,1
"G[0,0](((PTT >= 0.000 & BUN >= 0.341) | Hct >= 0.488) & HR <= 3.228)
",-28659.772,-28659.772,0.000,1.000,0.000,0,0,0,6,6,0,0,6,0.0,0.0,0.0,0.0,0.0,1.0,1
"F[0,0](Magnesium <= 0.227 & Bilirubin_direct >= 0.000)
",0.000,0.000,0.000,0.000,1.000,0,0,0,6,6,0,0,6,0.0,0.0,0.0,0.0,0.0,1.0,-1
