Rule,Discrimination Score,Pos Robustness,Neg Robustness,Percent Class +,Percent Class -,TP,TN,FP,FN,Actual Yes,Actual No,Predicted Yes,Predicted No,TPR/Sens,TNR/Spec,FPR,Precision,Accuracy,MCR
"F[1,1](((HCO3 <= 0.000 -> Resp >= 0.187) | Platelets <= 19.612) & BaseExcess >= 2.804)
",-2.804,-2.804,0.000,0.000,1.000,5,0,0,0,5,0,5,0,1.0,0,0,1.0,1.0,0.0
"F[0,1](((Calcium < 0.000 & Potassium < 0.000) & Magnesium < 0.000) & Phosphate < 0.000)
",-9999999.000,-9999999.000,0.000,0.000,1.000,5,0,0,0,5,0,5,0,1.0,0,0,1.0,1.0,0.0
"F[1,1](((Hgb >= 0.000 -> Resp <= 17.292) & HCO3 >= 9.190) & PTT >= 16.809)
",-17.292,-17.292,0.000,0.000,1.000,5,0,0,0,5,0,5,0,1.0,0,0,1.0,1.0,0.0
"F[0,0](((Calcium < 0.000 & Potassium < 0.000) & Magnesium < 0.000) & Phosphate < 0.000)
",0.000,0.000,0.000,0.000,1.000,5,0,0,0,5,0,5,0,1.0,0,0,1.0,1.0,0.0
"F[0,0](((Calcium < 0.000 & Potassium < 0.000) & Magnesium < 0.000) & Phosphate < 0.000)
",0.000,0.000,0.000,0.000,1.000,5,0,0,0,5,0,5,0,1.0,0,0,1.0,1.0,0.0
"F[0,0](Potassium > 0.000 & SepsisLabel = 0.000)
",0.000,0.000,0.000,0.000,1.000,5,0,0,0,5,0,5,0,1.0,0,0,1.0,1.0,0.0
"((Lactate < 0.000) U[1,2] (SepsisLabel = 0.000))
",-9999999.000,-9999999.000,0.000,0.000,1.000,5,0,0,0,5,0,5,0,1.0,0,0,1.0,1.0,0.0
"((MAP >= 77.012) U[1,1] (SBP <= 139.073))
",139.073,139.073,0.000,0.000,1.000,5,0,0,0,5,0,5,0,1.0,0,0,1.0,1.0,0.0
"((Bilirubin_total < 0.000) U[1,1] (SepsisLabel = 0.000))
",0.000,0.000,0.000,0.000,1.000,5,0,0,0,5,0,5,0,1.0,0,0,1.0,1.0,0.0
"F[0,1](FiO2 > 0.000 & SepsisLabel = 0.000)
",-9999999.000,-9999999.000,0.000,0.000,1.000,5,0,0,0,5,0,5,0,1.0,0,0,1.0,1.0,0.0
"F[0,1](((SaO2 <= 0.000 & SBP >= 49.829) -> PaCO2 >= 21.093) & O2Sat >= 67.708)
",-9999999.000,-9999999.000,0.000,0.000,1.000,5,0,0,0,5,0,5,0,1.0,0,0,1.0,1.0,0.0
"F[1,1](((WBC <= 0.000 | Resp <= 20.405) & Chloride <= 20.979) -> SepsisLabel >= 2.606)
",-20.405,-20.405,0.000,0.000,1.000,5,0,0,0,5,0,5,0,1.0,0,0,1.0,1.0,0.0
"F[1,1](((Calcium < 0.000 & Potassium < 0.000) & Magnesium < 0.000) & Phosphate < 0.000)
",0.000,0.000,0.000,0.000,1.000,5,0,0,0,5,0,5,0,1.0,0,0,1.0,1.0,0.0
"F[0,0](BUN <= 0.000 -> SBP <= 146.008)
",-6.481,-122.808,0.000,0.000,1.000,4,0,0,1,5,0,4,1,0.8,0,0,1.0,0.8,0.19999999999999996
"F[1,1](SBP <= 146.299 & Creatinine <= 0.000)
",0.000,0.000,0.000,0.000,1.000,4,0,0,1,5,0,4,1,0.8,0,0,1.0,0.8,0.19999999999999996
"((MAP >= 68.414) U[0,1] (SBP <= 141.750))
",-9999999.000,-9999999.000,0.000,0.000,1.000,4,0,0,1,5,0,4,1,0.8,0,0,1.0,0.8,0.19999999999999996
"F[0,1]((Calcium >= 0.000 -> Fibrinogen >= 0.000) -> MAP <= 0.000)
",-9999999.000,-9999999.000,0.000,0.000,1.000,4,0,0,1,5,0,4,1,0.8,0,0,1.0,0.8,0.19999999999999996
"((HR <= 82.002) U[1,1] (HCO3 <= 0.000))
",82.002,82.002,0.000,0.000,1.000,4,0,0,1,5,0,4,1,0.8,0,0,1.0,0.8,0.19999999999999996
"((DBP <= 80.898) U[1,2] (HR >= 16.047))
",-9999999.000,-9999999.000,0.000,0.000,1.000,4,0,0,1,5,0,4,1,0.8,0,0,1.0,0.8,0.19999999999999996
"F[0,0]((SaO2 <= 0.000 -> HR <= 84.187) | SepsisLabel >= 11.915)
",0.000,0.000,0.000,0.000,1.000,3,0,0,2,5,0,3,2,0.6,0,0,1.0,0.6,0.4
"F[0,1]((Bilirubin_direct >= 0.000 -> SBP <= 149.367) & FiO2 <= 136.903)
",-9999999.000,-9999999.000,0.000,0.000,1.000,3,0,0,2,5,0,3,2,0.6,0,0,1.0,0.6,0.4
"F[0,1]((Bilirubin_direct <= 0.000 & HCO3 >= 0.000) -> O2Sat <= 0.000)
",-9999999.000,-9999999.000,0.000,0.000,1.000,3,0,0,2,5,0,3,2,0.6,0,0,1.0,0.6,0.4
"((MAP >= 69.142) U[0,0] (SBP <= 152.330))
",6.815,129.130,0.000,0.000,1.000,3,0,0,2,5,0,3,2,0.6,0,0,1.0,0.6,0.4
"F[1,1]((MAP >= 65.403 & DBP <= 84.604) & PTT <= 82.290)
",-65.403,-65.403,0.000,0.000,1.000,2,0,0,3,5,0,2,3,0.4,0,0,1.0,0.4,0.6
"F[0,0](DBP <= 91.319 | Temp >= 10.614)
",40.548,86.586,0.000,0.000,1.000,2,0,0,3,5,0,2,3,0.4,0,0,1.0,0.4,0.6
"F[0,1](((Hct <= 0.000 | Glucose <= 0.000) & Temp <= 0.000) -> O2Sat <= 0.000)
",-9999999.000,-9999999.000,0.000,0.000,1.000,2,0,0,3,5,0,2,3,0.4,0,0,1.0,0.4,0.6
"F[0,0](O2Sat <= 97.846 & Temp <= 17.355)
",-37.391,-79.845,0.000,0.000,1.000,2,0,0,3,5,0,2,3,0.4,0,0,1.0,0.4,0.6
"F[0,1]((HR >= 6.679 & SBP <= 154.085) -> Chloride >= 131.090)
",-9999999.000,-9999999.000,0.000,0.000,1.000,2,0,0,3,5,0,2,3,0.4,0,0,1.0,0.4,0.6
"F[0,0](((O2Sat >= 55.394 & MAP >= 68.052) & Calcium <= 108.835) | Phosphate >= 36.435)
",8.155,29.806,0.000,0.000,1.000,2,0,0,3,5,0,2,3,0.4,0,0,1.0,0.4,0.6
"((DBP > 74.255) U[1,2] (SepsisLabel = 0.000))
",-9999999.000,-9999999.000,0.000,0.000,1.000,1,0,0,4,5,0,1,4,0.2,0,0,1.0,0.2,0.8
"((DBP <= 83.411) U[0,0] (Temp <= 12.687))
",-2.012,-17.589,0.000,0.000,1.000,1,0,0,4,5,0,1,4,0.2,0,0,1.0,0.2,0.8
"((MAP >= 71.950) U[1,2] (SBP <= 140.719))
",-9999999.000,-9999999.000,0.000,0.000,1.000,1,0,0,4,5,0,1,4,0.2,0,0,1.0,0.2,0.8
"((MAP >= 16.061) U[1,2] (SBP <= 151.743))
",-9999999.000,-9999999.000,0.000,0.000,1.000,1,0,0,4,5,0,1,4,0.2,0,0,1.0,0.2,0.8
"((HR <= 80.056) U[0,1] (HR <= 86.195))
",-9999999.000,-9999999.000,0.000,0.000,1.000,1,0,0,4,5,0,1,4,0.2,0,0,1.0,0.2,0.8
"((DBP > 63.277) U[1,2] (SepsisLabel = 0.000))
",-9999999.000,-9999999.000,0.000,0.000,1.000,1,0,0,4,5,0,1,4,0.2,0,0,1.0,0.2,0.8
"F[0,0](EtCO2 >= 0.000 -> Temp <= 31.108)
",-13.132,-19.300,0.000,0.000,1.000,1,0,0,4,5,0,1,4,0.2,0,0,1.0,0.2,0.8
"F[0,1](DBP <= 87.060 & SBP >= 84.510)
",-9999999.000,-9999999.000,0.000,0.000,1.000,1,0,0,4,5,0,1,4,0.2,0,0,1.0,0.2,0.8
"((MAP >= 10.556) U[1,2] (SBP <= 140.985))
",-9999999.000,-9999999.000,0.000,0.000,1.000,1,0,0,4,5,0,1,4,0.2,0,0,1.0,0.2,0.8
"F[0,0](HCO3 <= 0.000 & MAP >= 11.676)
",0.000,0.000,0.000,0.000,1.000,1,0,0,4,5,0,1,4,0.2,0,0,1.0,0.2,0.8
"((HCO3 >= 0.000) U[0,1] (Potassium >= 0.000))
",-9999999.000,-9999999.000,0.000,0.000,1.000,0,0,0,5,5,0,0,5,0.0,0,0,0.0,0.0,1.0
"F[0,1](Fibrinogen >= 0.000 & SepsisLabel >= 0.000)
",-9999999.000,-9999999.000,0.000,0.000,1.000,0,0,0,5,5,0,0,5,0.0,0,0,0.0,0.0,1.0
"F[2,2](((pH <= 0.000 & Chloride <= 0.000) & Alkalinephos <= 0.000) -> EtCO2 <= 0.000)
",0.000,0.000,0.000,0.000,1.000,0,0,0,5,5,0,0,5,0.0,0,0,0.0,0.0,1.0
"F[1,2](((MAP <= 106.267 -> Resp >= 6.097) | TroponinI <= 18.367) | PaCO2 >= 0.111)
",-9999999.000,-9999999.000,0.000,0.000,1.000,0,0,0,5,5,0,0,5,0.0,0,0,0.0,0.0,1.0
"F[1,2]((PTT <= 0.000 -> EtCO2 >= 0.000) | FiO2 <= 0.000)
",-9999999.000,-9999999.000,0.000,0.000,1.000,0,0,0,5,5,0,0,5,0.0,0,0,0.0,0.0,1.0
"F[1,2](((pH <= 0.000 -> Bilirubin_direct >= 0.000) & Alkalinephos >= 0.000) | Bilirubin_total <= 0.000)
",-9999999.000,-9999999.000,0.000,0.000,1.000,0,0,0,5,5,0,0,5,0.0,0,0,0.0,0.0,1.0
"F[0,1](((Hct <= 0.000 | TroponinI >= 0.000) -> PTT <= 0.000) & PTT >= 0.000)
",-9999999.000,-9999999.000,0.000,0.000,1.000,0,0,0,5,5,0,0,5,0.0,0,0,0.0,0.0,1.0
"F[0,1]((TroponinI >= 0.000 & Chloride >= 0.000) | Magnesium >= 0.000)
",-9999999.000,-9999999.000,0.000,0.000,1.000,0,0,0,5,5,0,0,5,0.0,0,0,0.0,0.0,1.0
"F[1,2](Alkalinephos >= 0.000 | WBC >= 0.000)
",-9999999.000,-9999999.000,0.000,0.000,1.000,0,0,0,5,5,0,0,5,0.0,0,0,0.0,0.0,1.0
"F[1,2](DBP >= 27.903 -> Resp <= 21.154)
",-9999999.000,-9999999.000,0.000,0.000,1.000,0,0,0,5,5,0,0,5,0.0,0,0,0.0,0.0,1.0
"((Magnesium >= 0.000) U[0,1] (Bilirubin_total <= 0.000))
",-9999999.000,-9999999.000,0.000,0.000,1.000,0,0,0,5,5,0,0,5,0.0,0,0,0.0,0.0,1.0
"((Platelets <= 0.000) U[0,2] (Temp >= 7.357))
",-9999999.000,-9999999.000,0.000,0.000,1.000,0,0,0,5,5,0,0,5,0.0,0,0,0.0,0.0,1.0
"F[2,2](((Temp >= 10.129 | PaCO2 <= 0.000) | WBC <= 0.000) & Glucose <= 0.000)
",0.000,0.000,0.000,0.000,1.000,0,0,0,5,5,0,0,5,0.0,0,0,0.0,0.0,1.0
"F[1,2]((Resp <= 20.171 | Potassium >= 0.000) & Resp <= 0.000)
",-9999999.000,-9999999.000,0.000,0.000,1.000,0,0,0,5,5,0,0,5,0.0,0,0,0.0,0.0,1.0
"F[0,0](((BaseExcess >= 0.000 & SepsisLabel >= 0.000) -> HCO3 <= 0.000) -> Bilirubin_total <= 0.000)
",0.000,0.000,0.000,0.000,1.000,0,0,0,5,5,0,0,5,0.0,0,0,0.0,0.0,1.0
"((SBP >= 89.015) U[1,2] (HR <= 80.475))
",-9999999.000,-9999999.000,0.000,0.000,1.000,0,0,0,5,5,0,0,5,0.0,0,0,0.0,0.0,1.0
"F[0,0](((Phosphate >= 0.000 | SepsisLabel >= 0.000) & DBP <= 0.000) | FiO2 >= 0.000)
",0.000,0.000,0.000,0.000,1.000,0,0,0,5,5,0,0,5,0.0,0,0,0.0,0.0,1.0
"((Glucose <= 0.000) U[1,2] (Hgb >= 0.000))
",-9999999.000,-9999999.000,0.000,0.000,1.000,0,0,0,5,5,0,0,5,0.0,0,0,0.0,0.0,1.0
"F[0,2]((Potassium <= 0.000 & BUN <= 0.000) & EtCO2 >= 0.000)
",-9999999.000,-9999999.000,0.000,0.000,1.000,0,0,0,5,5,0,0,5,0.0,0,0,0.0,0.0,1.0
"F[1,2](((O2Sat >= 51.704 & BUN >= 0.000) & Resp <= 0.000) | HR >= 0.000)
",-9999999.000,-9999999.000,0.000,0.000,1.000,0,0,0,5,5,0,0,5,0.0,0,0,0.0,0.0,1.0
"F[2,2](((SBP >= 128.951 & Fibrinogen <= 0.000) & FiO2 >= 0.000) | EtCO2 >= 0.000)
",0.000,0.000,0.000,0.000,1.000,0,0,0,5,5,0,0,5,0.0,0,0,0.0,0.0,1.0
"((Platelets >= 0.000) U[1,1] (Alkalinephos >= 0.000))
",0.000,0.000,0.000,0.000,1.000,0,0,0,5,5,0,0,5,0.0,0,0,0.0,0.0,1.0
"F[1,2](((HR >= 36.493 & FiO2 <= 0.000) & HR >= 0.000) | Bilirubin_total <= 0.000)
",-9999999.000,-9999999.000,0.000,0.000,1.000,0,0,0,5,5,0,0,5,0.0,0,0,0.0,0.0,1.0
"F[0,1]((Creatinine >= 0.000 | Glucose >= 0.000) -> SaO2 <= 0.000)
",-9999999.000,-9999999.000,0.000,0.000,1.000,0,0,0,5,5,0,0,5,0.0,0,0,0.0,0.0,1.0
"F[1,1](((BUN >= 0.000 & FiO2 >= 0.000) & Calcium >= 0.000) | BaseExcess >= 0.000)
",0.000,0.000,0.000,0.000,1.000,0,0,0,5,5,0,0,5,0.0,0,0,0.0,0.0,1.0
"F[1,2](((Potassium >= 0.000 -> Potassium <= 0.000) | MAP >= 0.000) -> Platelets <= 0.000)
",-9999999.000,-9999999.000,0.000,0.000,1.000,0,0,0,5,5,0,0,5,0.0,0,0,0.0,0.0,1.0
"F[2,2](((Hgb <= 0.000 | BUN <= 0.000) | TroponinI <= 0.000) | DBP <= 0.000)
",0.000,0.000,0.000,0.000,1.000,0,0,0,5,5,0,0,5,0.0,0,0,0.0,0.0,1.0
"((pH >= 0.000) U[0,0] (Alkalinephos <= 0.000))
",0.000,0.000,0.000,0.000,1.000,0,0,0,5,5,0,0,5,0.0,0,0,0.0,0.0,1.0
"F[0,1]((Phosphate <= 0.000 | HCO3 >= 0.000) | Temp >= 0.000)
",-9999999.000,-9999999.000,0.000,0.000,1.000,0,0,0,5,5,0,0,5,0.0,0,0,0.0,0.0,1.0
"((Magnesium <= 0.000) U[1,2] (DBP >= 4.466))
",-9999999.000,-9999999.000,0.000,0.000,1.000,0,0,0,5,5,0,0,5,0.0,0,0,0.0,0.0,1.0
"F[0,2](PaCO2 <= 0.000 | Phosphate >= 0.000)
",-9999999.000,-9999999.000,0.000,0.000,1.000,0,0,0,5,5,0,0,5,0.0,0,0,0.0,0.0,1.0
"F[0,0]((Fibrinogen >= 0.000 & Bilirubin_direct >= 0.000) & Bilirubin_direct >= 0.000)
",0.000,0.000,0.000,0.000,1.000,0,0,0,5,5,0,0,5,0.0,0,0,0.0,0.0,1.0
"F[1,2]((BUN <= 0.000 | Lactate >= 0.000) | Lactate >= 0.000)
",-9999999.000,-9999999.000,0.000,0.000,1.000,0,0,0,5,5,0,0,5,0.0,0,0,0.0,0.0,1.0
"F[1,2]((WBC <= 0.000 | Temp <= 37.751) & HCO3 <= 23.658)
",-9999999.000,-9999999.000,0.000,0.000,1.000,0,0,0,5,5,0,0,5,0.0,0,0,0.0,0.0,1.0
"F[0,2](((MAP <= 109.498 -> Resp >= 4.943) & Phosphate >= 16.628) | MAP <= 17.883)
",-9999999.000,-9999999.000,0.000,0.000,1.000,0,0,0,5,5,0,0,5,0.0,0,0,0.0,0.0,1.0
"F[0,1]((Chloride >= 0.000 | Platelets >= 0.000) | BUN >= 0.000)
",-9999999.000,-9999999.000,0.000,0.000,1.000,0,0,0,5,5,0,0,5,0.0,0,0,0.0,0.0,1.0
"((Potassium <= 0.000) U[0,1] (Bilirubin_direct <= 0.000))
",-9999999.000,-9999999.000,0.000,0.000,1.000,0,0,0,5,5,0,0,5,0.0,0,0,0.0,0.0,1.0
"((DBP <= 79.712) U[0,0] (Fibrinogen >= 0.000))
",0.000,0.000,0.000,0.000,1.000,0,0,0,5,5,0,0,5,0.0,0,0,0.0,0.0,1.0
"F[0,2](((SepsisLabel <= 0.000 -> HR >= 56.202) & O2Sat >= 35.265) & Potassium >= 42.150)
",-9999999.000,-9999999.000,0.000,0.000,1.000,0,0,0,5,5,0,0,5,0.0,0,0,0.0,0.0,1.0
"((Platelets >= 0.000) U[1,2] (HR >= 68.471))
",-9999999.000,-9999999.000,0.000,0.000,1.000,0,0,0,5,5,0,0,5,0.0,0,0,0.0,0.0,1.0
"F[0,1](SaO2 >= 0.000 -> Chloride <= 0.000)
",-9999999.000,-9999999.000,0.000,0.000,1.000,0,0,0,5,5,0,0,5,0.0,0,0,0.0,0.0,1.0
"F[0,1](Phosphate >= 0.000 | Bilirubin_direct <= 0.000)
",-9999999.000,-9999999.000,0.000,0.000,1.000,0,0,0,5,5,0,0,5,0.0,0,0,0.0,0.0,1.0
"F[0,2](pH >= 0.000 -> Platelets >= 0.000)
",-9999999.000,-9999999.000,0.000,0.000,1.000,0,0,0,5,5,0,0,5,0.0,0,0,0.0,0.0,1.0
"((PTT >= 0.000) U[2,2] (PaCO2 >= 0.000))
",0.000,0.000,0.000,0.000,1.000,0,0,0,5,5,0,0,5,0.0,0,0,0.0,0.0,1.0
"F[0,1]((Chloride >= 0.000 & EtCO2 <= 0.000) -> DBP >= 0.000)
",-9999999.000,-9999999.000,0.000,0.000,1.000,0,0,0,5,5,0,0,5,0.0,0,0,0.0,0.0,1.0
"F[0,2]((Hgb >= 0.000 | AST <= 0.000) | WBC <= 0.000)
",-9999999.000,-9999999.000,0.000,0.000,1.000,0,0,0,5,5,0,0,5,0.0,0,0,0.0,0.0,1.0
"F[1,2]((Bilirubin_direct <= 0.000 & Magnesium <= 0.000) & DBP >= 0.000)
",-9999999.000,-9999999.000,0.000,0.000,1.000,0,0,0,5,5,0,0,5,0.0,0,0,0.0,0.0,1.0
"F[0,1](((Bilirubin_direct >= 0.000 & Bilirubin_direct >= 0.000) & Glucose <= 0.000) | Chloride <= 0.000)
",-9999999.000,-9999999.000,0.000,0.000,1.000,0,0,0,5,5,0,0,5,0.0,0,0,0.0,0.0,1.0
"F[2,2]((SaO2 <= 0.000 -> WBC <= 0.000) & Hct <= 0.000)
",0.000,0.000,0.000,0.000,1.000,0,0,0,5,5,0,0,5,0.0,0,0,0.0,0.0,1.0
"F[1,2]((SepsisLabel >= 0.000 | Phosphate <= 0.000) -> Fibrinogen >= 0.000)
",-9999999.000,-9999999.000,0.000,0.000,1.000,0,0,0,5,5,0,0,5,0.0,0,0,0.0,0.0,1.0
"F[1,2](SaO2 <= 0.000 | BaseExcess <= 0.000)
",-9999999.000,-9999999.000,0.000,0.000,1.000,0,0,0,5,5,0,0,5,0.0,0,0,0.0,0.0,1.0
"F[0,2](((Potassium <= 0.000 -> AST >= 0.000) -> Magnesium <= 0.000) & AST <= 0.000)
",-9999999.000,-9999999.000,0.000,0.000,1.000,0,0,0,5,5,0,0,5,0.0,0,0,0.0,0.0,1.0
"((Bilirubin_direct >= 0.000) U[1,2] (Calcium >= 0.000))
",-9999999.000,-9999999.000,0.000,0.000,1.000,0,0,0,5,5,0,0,5,0.0,0,0,0.0,0.0,1.0
"F[0,0](((SBP <= 142.191 | HR >= 10.460) | PTT <= 86.719) | Magnesium <= 86.838)
",29074.540,29074.540,0.000,0.000,1.000,0,0,0,5,5,0,0,5,0.0,0,0,0.0,0.0,1.0
"F[1,2](FiO2 >= 0.000 & Platelets >= 0.000)
",-9999999.000,-9999999.000,0.000,0.000,1.000,0,0,0,5,5,0,0,5,0.0,0,0,0.0,0.0,1.0
"F[0,1]((MAP >= 9.909 & BUN >= 0.000) | pH <= 0.000)
",-9999999.000,-9999999.000,0.000,0.000,1.000,0,0,0,5,5,0,0,5,0.0,0,0,0.0,0.0,1.0
"F[1,1](FiO2 <= 0.000 -> Lactate <= 0.000)
",0.000,0.000,0.000,0.000,1.000,0,0,0,5,5,0,0,5,0.0,0,0,0.0,0.0,1.0
"F[0,2]((FiO2 >= 0.000 -> WBC <= 0.000) -> SepsisLabel <= 0.000)
",-9999999.000,-9999999.000,0.000,0.000,1.000,0,0,0,5,5,0,0,5,0.0,0,0,0.0,0.0,1.0
"F[1,2]((HCO3 >= 0.000 | Hct >= 0.000) -> Resp <= 0.000)
",-9999999.000,-9999999.000,0.000,0.000,1.000,0,0,0,5,5,0,0,5,0.0,0,0,0.0,0.0,1.0
"F[1,2]((Creatinine <= 0.000 | Hct >= 0.000) & O2Sat >= 0.000)
",-9999999.000,-9999999.000,0.000,0.000,1.000,0,0,0,5,5,0,0,5,0.0,0,0,0.0,0.0,1.0
"F[0,2]((Hct <= 0.000 | SBP >= 133.713) | BaseExcess <= 147.557)
",-9999999.000,-9999999.000,0.000,0.000,1.000,0,0,0,5,5,0,0,5,0.0,0,0,0.0,0.0,1.0
"F[1,1](((Chloride <= 0.000 -> Chloride <= 0.000) -> Hct <= 0.000) & MAP >= 0.000)
",0.000,0.000,0.000,0.000,1.000,0,0,0,5,5,0,0,5,0.0,0,0,0.0,0.0,1.0
"F[0,2](TroponinI >= 0.000 -> Lactate >= 0.000)
",-9999999.000,-9999999.000,0.000,0.000,1.000,0,0,0,5,5,0,0,5,0.0,0,0,0.0,0.0,1.0
"F[0,1](((SBP >= 108.768 -> Chloride >= 0.000) & WBC >= 0.000) & Resp >= 0.000)
",-9999999.000,-9999999.000,0.000,0.000,1.000,0,0,0,5,5,0,0,5,0.0,0,0,0.0,0.0,1.0
"F[0,0]((Calcium >= 0.000 | FiO2 >= 0.000) | Bilirubin_total >= 0.000)
",0.000,0.000,0.000,0.000,1.000,0,0,0,5,5,0,0,5,0.0,0,0,0.0,0.0,1.0
"F[0,1](((pH >= 0.000 -> pH <= 0.000) -> Bilirubin_direct >= 0.000) | Creatinine <= 0.000)
",-9999999.000,-9999999.000,0.000,0.000,1.000,0,0,0,5,5,0,0,5,0.0,0,0,0.0,0.0,1.0
"F[0,1]((Potassium >= 0.000 & EtCO2 >= 0.000) | Alkalinephos >= 0.000)
",-9999999.000,-9999999.000,0.000,0.000,1.000,0,0,0,5,5,0,0,5,0.0,0,0,0.0,0.0,1.0
"F[1,1](Hgb <= 0.000 | DBP >= 40.441)
",0.000,0.000,0.000,0.000,1.000,0,0,0,5,5,0,0,5,0.0,0,0,0.0,0.0,1.0
"F[2,2]((Resp >= 9.208 & DBP >= 44.965) | SBP <= 83.348)
",83.348,83.348,0.000,0.000,1.000,0,0,0,5,5,0,0,5,0.0,0,0,0.0,0.0,1.0
"F[1,2]((Platelets <= 0.000 -> Bilirubin_direct >= 0.000) | Hct <= 0.000)
",-9999999.000,-9999999.000,0.000,0.000,1.000,0,0,0,5,5,0,0,5,0.0,0,0,0.0,0.0,1.0
"F[1,2]((Temp <= 24.239 & TroponinI >= 0.000) -> TroponinI <= 0.000)
",-9999999.000,-9999999.000,0.000,0.000,1.000,0,0,0,5,5,0,0,5,0.0,0,0,0.0,0.0,1.0
"F[1,2](Fibrinogen >= 0.000 & Temp <= 24.480)
",-9999999.000,-9999999.000,0.000,0.000,1.000,0,0,0,5,5,0,0,5,0.0,0,0,0.0,0.0,1.0
"F[0,1]((DBP <= 82.500 | MAP >= 79.141) | MAP <= 94.161)
",-9999999.000,-9999999.000,0.000,0.000,1.000,0,0,0,5,5,0,0,5,0.0,0,0,0.0,0.0,1.0
"F[0,2]((Resp >= 0.672 | Temp <= 27.503) & EtCO2 >= 0.105)
",-9999999.000,-9999999.000,0.000,0.000,1.000,0,0,0,5,5,0,0,5,0.0,0,0,0.0,0.0,1.0
"F[1,2](((Potassium >= 0.000 -> BUN <= 0.000) & Hct <= 0.000) | MAP <= 0.000)
",-9999999.000,-9999999.000,0.000,0.000,1.000,0,0,0,5,5,0,0,5,0.0,0,0,0.0,0.0,1.0
"((WBC <= 0.000) U[0,1] (EtCO2 >= 0.000))
",-9999999.000,-9999999.000,0.000,0.000,1.000,0,0,0,5,5,0,0,5,0.0,0,0,0.0,0.0,1.0
"((Bilirubin_direct >= 0.000) U[0,2] (SBP >= 43.374))
",-9999999.000,-9999999.000,0.000,0.000,1.000,0,0,0,5,5,0,0,5,0.0,0,0,0.0,0.0,1.0
"F[0,1](Hgb <= 0.000 | Hct <= 0.000)
",-9999999.000,-9999999.000,0.000,0.000,1.000,0,0,0,5,5,0,0,5,0.0,0,0,0.0,0.0,1.0
"F[0,2]((SepsisLabel >= 0.000 & PTT <= 0.000) -> Magnesium <= 0.000)
",-9999999.000,-9999999.000,0.000,0.000,1.000,0,0,0,5,5,0,0,5,0.0,0,0,0.0,0.0,1.0
"F[0,2]((Potassium <= 0.000 | AST <= 0.000) -> Resp >= 0.000)
",-9999999.000,-9999999.000,0.000,0.000,1.000,0,0,0,5,5,0,0,5,0.0,0,0,0.0,0.0,1.0
"F[0,1](((Hgb >= 0.000 & Platelets >= 0.000) | Lactate <= 0.000) -> Resp >= 0.000)
",-9999999.000,-9999999.000,0.000,0.000,1.000,0,0,0,5,5,0,0,5,0.0,0,0,0.0,0.0,1.0
"F[0,1](((Phosphate <= 0.000 | pH >= 0.000) | Creatinine <= 0.000) -> Potassium <= 0.000)
",-9999999.000,-9999999.000,0.000,0.000,1.000,0,0,0,5,5,0,0,5,0.0,0,0,0.0,0.0,1.0
"F[0,0]((EtCO2 >= 0.000 & BaseExcess <= 0.000) | O2Sat >= 0.000)
",23.310,85.200,0.000,0.000,1.000,0,0,0,5,5,0,0,5,0.0,0,0,0.0,0.0,1.0
"F[0,2](((SepsisLabel <= 0.000 | Magnesium <= 0.000) | EtCO2 >= 0.000) -> BaseExcess >= 0.000)
",-9999999.000,-9999999.000,0.000,0.000,1.000,0,0,0,5,5,0,0,5,0.0,0,0,0.0,0.0,1.0
"F[0,1](((BUN >= 0.000 | Phosphate <= 0.000) & Fibrinogen <= 0.000) & HCO3 <= 0.000)
",-9999999.000,-9999999.000,0.000,0.000,1.000,0,0,0,5,5,0,0,5,0.0,0,0,0.0,0.0,1.0
"((Magnesium <= 0.000) U[1,2] (AST <= 0.000))
",-9999999.000,-9999999.000,0.000,0.000,1.000,0,0,0,5,5,0,0,5,0.0,0,0,0.0,0.0,1.0
"F[0,2](((pH >= 0.000 | Resp >= 10.584) | Lactate >= 12.191) & AST <= 21.480)
",-9999999.000,-9999999.000,0.000,0.000,1.000,0,0,0,5,5,0,0,5,0.0,0,0,0.0,0.0,1.0
"((FiO2 <= 0.000) U[0,0] (Chloride >= 0.000))
",0.000,0.000,0.000,0.000,1.000,0,0,0,5,5,0,0,5,0.0,0,0,0.0,0.0,1.0
"((TroponinI <= 0.000) U[1,1] (Phosphate <= 0.000))
",0.000,0.000,0.000,0.000,1.000,0,0,0,5,5,0,0,5,0.0,0,0,0.0,0.0,1.0
"F[2,2]((Magnesium <= 0.000 & DBP <= 94.856) | AST >= 2.979)
",0.000,0.000,0.000,0.000,1.000,0,0,0,5,5,0,0,5,0.0,0,0,0.0,0.0,1.0
"F[0,2](FiO2 <= 0.000 -> Bilirubin_direct >= 0.000)
",-9999999.000,-9999999.000,0.000,0.000,1.000,0,0,0,5,5,0,0,5,0.0,0,0,0.0,0.0,1.0
"F[1,1](FiO2 >= 0.000 & Phosphate >= 0.000)
",0.000,0.000,0.000,0.000,1.000,0,0,0,5,5,0,0,5,0.0,0,0,0.0,0.0,1.0
"((HCO3 <= 0.000) U[0,2] (EtCO2 <= 0.000))
",-9999999.000,-9999999.000,0.000,0.000,1.000,0,0,0,5,5,0,0,5,0.0,0,0,0.0,0.0,1.0
"F[0,1]((Platelets <= 0.000 & Chloride >= 0.000) -> Chloride <= 0.000)
",-9999999.000,-9999999.000,0.000,0.000,1.000,0,0,0,5,5,0,0,5,0.0,0,0,0.0,0.0,1.0
"F[0,0](Lactate <= 0.000 | Glucose <= 0.000)
",0.000,0.000,0.000,0.000,1.000,0,0,0,5,5,0,0,5,0.0,0,0,0.0,0.0,1.0
"F[1,2]((Bilirubin_direct >= 0.000 -> Creatinine <= 0.000) | PaCO2 <= 0.000)
",-9999999.000,-9999999.000,0.000,0.000,1.000,0,0,0,5,5,0,0,5,0.0,0,0,0.0,0.0,1.0
"F[0,1]((Alkalinephos <= 0.000 | Phosphate >= 0.000) & Phosphate <= 0.000)
",-9999999.000,-9999999.000,0.000,0.000,1.000,0,0,0,5,5,0,0,5,0.0,0,0,0.0,0.0,1.0
"F[2,2]((TroponinI <= 0.000 -> O2Sat <= 89.495) | Magnesium <= 81.610)
",81.610,81.610,0.000,0.000,1.000,0,0,0,5,5,0,0,5,0.0,0,0,0.0,0.0,1.0
"F[1,2]((MAP >= 73.862 | HCO3 <= 0.000) & TroponinI <= 0.000)
",-9999999.000,-9999999.000,0.000,0.000,1.000,0,0,0,5,5,0,0,5,0.0,0,0,0.0,0.0,1.0
"F[2,2]((O2Sat <= 85.263 | SepsisLabel >= 0.000) | HR <= 0.000)
",85.263,85.263,0.000,0.000,1.000,0,0,0,5,5,0,0,5,0.0,0,0,0.0,0.0,1.0
"F[0,2](Bilirubin_total >= 0.000 & BUN >= 0.000)
",-9999999.000,-9999999.000,0.000,0.000,1.000,0,0,0,5,5,0,0,5,0.0,0,0,0.0,0.0,1.0
"((DBP >= 49.746) U[0,2] (Potassium <= 0.000))
",-9999999.000,-9999999.000,0.000,0.000,1.000,0,0,0,5,5,0,0,5,0.0,0,0,0.0,0.0,1.0
"F[1,1]((Chloride <= 0.000 | Glucose >= 0.000) & EtCO2 >= 0.000)
",0.000,0.000,0.000,0.000,1.000,0,0,0,5,5,0,0,5,0.0,0,0,0.0,0.0,1.0
"F[0,1](Magnesium >= 0.000 & Hgb <= 0.000)
",-9999999.000,-9999999.000,0.000,0.000,1.000,0,0,0,5,5,0,0,5,0.0,0,0,0.0,0.0,1.0
"((Phosphate >= 0.000) U[0,2] (Glucose >= 0.000))
",-9999999.000,-9999999.000,0.000,0.000,1.000,0,0,0,5,5,0,0,5,0.0,0,0,0.0,0.0,1.0
"F[0,2](((Resp >= 6.232 | Chloride >= 0.000) | Calcium <= 0.000) & Temp <= 0.000)
",-9999999.000,-9999999.000,0.000,0.000,1.000,0,0,0,5,5,0,0,5,0.0,0,0,0.0,0.0,1.0
"F[2,2]((DBP >= 69.605 & Chloride >= 0.000) | Fibrinogen <= 0.000)
",0.000,0.000,0.000,0.000,1.000,0,0,0,5,5,0,0,5,0.0,0,0,0.0,0.0,1.0
"((PTT >= 0.000) U[0,1] (PaCO2 >= 0.000))
",-9999999.000,-9999999.000,0.000,0.000,1.000,0,0,0,5,5,0,0,5,0.0,0,0,0.0,0.0,1.0
"F[1,2]((DBP >= 77.876 | SepsisLabel >= 0.000) -> Bilirubin_direct <= 0.000)
",-9999999.000,-9999999.000,0.000,0.000,1.000,0,0,0,5,5,0,0,5,0.0,0,0,0.0,0.0,1.0
"F[1,2](Chloride >= 0.000 & BaseExcess <= 0.000)
",-9999999.000,-9999999.000,0.000,0.000,1.000,0,0,0,5,5,0,0,5,0.0,0,0,0.0,0.0,1.0
"F[1,2](BUN >= 0.000 & PTT >= 0.000)
",-9999999.000,-9999999.000,0.000,0.000,1.000,0,0,0,5,5,0,0,5,0.0,0,0,0.0,0.0,1.0
"F[0,1](HCO3 <= 0.000 -> Platelets >= 0.000)
",-9999999.000,-9999999.000,0.000,0.000,1.000,0,0,0,5,5,0,0,5,0.0,0,0,0.0,0.0,1.0
"F[0,2]((Platelets >= 0.000 -> BUN <= 0.000) | BUN >= 0.000)
",-9999999.000,-9999999.000,0.000,0.000,1.000,0,0,0,5,5,0,0,5,0.0,0,0,0.0,0.0,1.0
"F[0,2](DBP <= 84.982 & BUN <= 0.000)
",-9999999.000,-9999999.000,0.000,0.000,1.000,0,0,0,5,5,0,0,5,0.0,0,0,0.0,0.0,1.0
"F[1,2](Temp <= 20.641 | Calcium >= 0.000)
",-9999999.000,-9999999.000,0.000,0.000,1.000,0,0,0,5,5,0,0,5,0.0,0,0,0.0,0.0,1.0
"F[1,1](Phosphate >= 0.000 | AST <= 0.000)
",0.000,0.000,0.000,0.000,1.000,0,0,0,5,5,0,0,5,0.0,0,0,0.0,0.0,1.0
"F[1,2](FiO2 >= 0.000 -> FiO2 >= 0.000)
",-9999999.000,-9999999.000,0.000,0.000,1.000,0,0,0,5,5,0,0,5,0.0,0,0,0.0,0.0,1.0
"F[0,2](((FiO2 <= 0.000 | EtCO2 <= 0.000) & Calcium >= 0.000) & Alkalinephos <= 0.000)
",-9999999.000,-9999999.000,0.000,0.000,1.000,0,0,0,5,5,0,0,5,0.0,0,0,0.0,0.0,1.0
"F[0,1](((Phosphate >= 0.000 | SepsisLabel <= 0.000) | Calcium >= 0.000) -> MAP >= 0.000)
",-9999999.000,-9999999.000,0.000,0.000,1.000,0,0,0,5,5,0,0,5,0.0,0,0,0.0,0.0,1.0
"F[1,2]((Bilirubin_total <= 0.000 -> Glucose >= 0.000) & WBC >= 0.000)
",-9999999.000,-9999999.000,0.000,0.000,1.000,0,0,0,5,5,0,0,5,0.0,0,0,0.0,0.0,1.0
"F[1,2](HCO3 <= 0.000 | DBP <= 95.556)
",-9999999.000,-9999999.000,0.000,0.000,1.000,0,0,0,5,5,0,0,5,0.0,0,0,0.0,0.0,1.0
"F[0,2](TroponinI >= 0.000 | Chloride >= 0.000)
",-9999999.000,-9999999.000,0.000,0.000,1.000,0,0,0,5,5,0,0,5,0.0,0,0,0.0,0.0,1.0
"F[0,2]((Magnesium <= 0.000 | SaO2 >= 0.000) & BaseExcess <= 0.000)
",-9999999.000,-9999999.000,0.000,0.000,1.000,0,0,0,5,5,0,0,5,0.0,0,0,0.0,0.0,1.0
"F[1,2](TroponinI >= 0.000 | HR <= 88.956)
",-9999999.000,-9999999.000,0.000,0.000,1.000,0,0,0,5,5,0,0,5,0.0,0,0,0.0,0.0,1.0
"F[0,1]((Bilirubin_total >= 0.000 | BUN <= 0.000) | PTT >= 0.000)
",-9999999.000,-9999999.000,0.000,0.000,1.000,0,0,0,5,5,0,0,5,0.0,0,0,0.0,0.0,1.0
"((HR >= 20.604) U[0,2] (BaseExcess >= 0.000))
",-9999999.000,-9999999.000,0.000,0.000,1.000,0,0,0,5,5,0,0,5,0.0,0,0,0.0,0.0,1.0
"F[0,2](((Glucose >= 0.000 | AST <= 0.000) & PaCO2 <= 0.000) & Fibrinogen >= 0.000)
",-9999999.000,-9999999.000,0.000,0.000,1.000,0,0,0,5,5,0,0,5,0.0,0,0,0.0,0.0,1.0
"F[0,2]((Alkalinephos >= 0.000 & Creatinine >= 0.000) -> pH <= 0.000)
",-9999999.000,-9999999.000,0.000,0.000,1.000,0,0,0,5,5,0,0,5,0.0,0,0,0.0,0.0,1.0
"F[0,2](((Calcium >= 0.000 & Calcium >= 0.000) | Lactate >= 0.000) & BaseExcess >= 0.000)
",-9999999.000,-9999999.000,0.000,0.000,1.000,0,0,0,5,5,0,0,5,0.0,0,0,0.0,0.0,1.0
"F[0,1](((Chloride <= 0.000 & Magnesium <= 0.000) & AST <= 0.000) | Glucose <= 0.000)
",-9999999.000,-9999999.000,0.000,0.000,1.000,0,0,0,5,5,0,0,5,0.0,0,0,0.0,0.0,1.0
"F[0,1]((Phosphate <= 0.000 | FiO2 >= 0.000) | Resp <= 0.000)
",-9999999.000,-9999999.000,0.000,0.000,1.000,0,0,0,5,5,0,0,5,0.0,0,0,0.0,0.0,1.0
"F[1,2]((Calcium >= 0.000 -> Alkalinephos <= 0.000) -> Creatinine <= 0.000)
",-9999999.000,-9999999.000,0.000,0.000,1.000,0,0,0,5,5,0,0,5,0.0,0,0,0.0,0.0,1.0
"F[1,1](((Phosphate <= 0.000 -> O2Sat <= 96.977) -> Fibrinogen <= 96.188) | Lactate >= 35.266)
",-35.266,-35.266,0.000,0.000,1.000,0,0,0,5,5,0,0,5,0.0,0,0,0.0,0.0,1.0
"F[0,2](((SaO2 <= 0.000 -> PTT <= 0.000) -> HR >= 0.000) -> TroponinI <= 0.000)
",-9999999.000,-9999999.000,0.000,0.000,1.000,0,0,0,5,5,0,0,5,0.0,0,0,0.0,0.0,1.0
"F[1,1](((HCO3 >= 0.000 -> FiO2 >= 0.000) & Calcium >= 0.000) | Hgb >= 0.000)
",0.000,0.000,0.000,0.000,1.000,0,0,0,5,5,0,0,5,0.0,0,0,0.0,0.0,1.0
"F[0,2](((Bilirubin_total <= 0.000 & MAP <= 100.624) | Bilirubin_total >= 35.756) -> AST >= 84.872)
",-9999999.000,-9999999.000,0.000,0.000,1.000,0,0,0,5,5,0,0,5,0.0,0,0,0.0,0.0,1.0
"F[0,1](((WBC >= 0.000 | EtCO2 >= 0.000) -> Calcium >= 0.000) -> EtCO2 <= 0.000)
",-9999999.000,-9999999.000,0.000,0.000,1.000,0,0,0,5,5,0,0,5,0.0,0,0,0.0,0.0,1.0
"F[0,0](Fibrinogen <= 0.000 | O2Sat >= 61.670)
",6.437,23.530,0.000,0.000,1.000,0,0,0,5,5,0,0,5,0.0,0,0,0.0,0.0,1.0
"((FiO2 <= 0.000) U[0,0] (Creatinine >= 0.000))
",0.000,0.000,0.000,0.000,1.000,0,0,0,5,5,0,0,5,0.0,0,0,0.0,0.0,1.0
"((PTT <= 0.000) U[1,2] (Lactate >= 0.000))
",-9999999.000,-9999999.000,0.000,0.000,1.000,0,0,0,5,5,0,0,5,0.0,0,0,0.0,0.0,1.0
"F[2,2](((SBP <= 145.877 | Alkalinephos <= 0.000) & Platelets >= 0.000) -> AST <= 0.000)
",0.000,0.000,0.000,0.000,1.000,0,0,0,5,5,0,0,5,0.0,0,0,0.0,0.0,1.0
"F[0,2]((Glucose >= 0.000 | Bilirubin_direct >= 0.000) | Bilirubin_direct >= 0.000)
",-9999999.000,-9999999.000,0.000,0.000,1.000,0,0,0,5,5,0,0,5,0.0,0,0,0.0,0.0,1.0
"F[1,2]((HCO3 <= 0.000 | Bilirubin_direct >= 0.000) -> Magnesium >= 0.000)
",-9999999.000,-9999999.000,0.000,0.000,1.000,0,0,0,5,5,0,0,5,0.0,0,0,0.0,0.0,1.0
"((SepsisLabel <= 0.000) U[0,1] (BUN >= 0.000))
",-9999999.000,-9999999.000,0.000,0.000,1.000,0,0,0,5,5,0,0,5,0.0,0,0,0.0,0.0,1.0
"F[0,1](Phosphate >= 0.000 -> SaO2 >= 0.000)
",-9999999.000,-9999999.000,0.000,0.000,1.000,0,0,0,5,5,0,0,5,0.0,0,0,0.0,0.0,1.0
"F[0,0]((EtCO2 <= 0.000 & TroponinI <= 0.000) | MAP <= 0.000)
",-13.132,-19.300,0.000,0.000,1.000,0,0,0,5,5,0,0,5,0.0,0,0,0.0,0.0,1.0
"((Hct >= 0.000) U[0,1] (TroponinI <= 0.000))
",-9999999.000,-9999999.000,0.000,0.000,1.000,0,0,0,5,5,0,0,5,0.0,0,0,0.0,0.0,1.0
"F[1,1]((MAP >= 20.429 | BUN <= 0.000) & Bilirubin_total <= 0.000)
",0.000,0.000,0.000,0.000,1.000,0,0,0,5,5,0,0,5,0.0,0,0,0.0,0.0,1.0
"((BaseExcess >= 0.000) U[1,1] (SepsisLabel >= 0.000))
",0.000,0.000,0.000,0.000,1.000,0,0,0,5,5,0,0,5,0.0,0,0,0.0,0.0,1.0
"F[0,1]((Bilirubin_direct <= 0.000 -> BaseExcess >= 0.000) & Chloride <= 0.000)
",-9999999.000,-9999999.000,0.000,0.000,1.000,0,0,0,5,5,0,0,5,0.0,0,0,0.0,0.0,1.0
"F[0,2](Alkalinephos >= 0.000 | Creatinine >= 0.000)
",-9999999.000,-9999999.000,0.000,0.000,1.000,0,0,0,5,5,0,0,5,0.0,0,0,0.0,0.0,1.0
"F[1,2]((MAP >= 54.033 -> HR <= 77.928) -> Alkalinephos >= 18.120)
",-9999999.000,-9999999.000,0.000,0.000,1.000,0,0,0,5,5,0,0,5,0.0,0,0,0.0,0.0,1.0
"F[1,1]((Resp >= 0.931 -> AST >= 0.000) -> Glucose >= 0.000)
",0.000,0.000,0.000,0.000,1.000,0,0,0,5,5,0,0,5,0.0,0,0,0.0,0.0,1.0
"F[0,2](((Glucose <= 0.000 | Fibrinogen >= 0.000) -> Potassium >= 0.000) | BUN >= 0.000)
",-9999999.000,-9999999.000,0.000,0.000,1.000,0,0,0,5,5,0,0,5,0.0,0,0,0.0,0.0,1.0
"F[0,2](((Hct >= 0.000 | Potassium <= 0.000) -> Bilirubin_direct >= 0.000) -> Creatinine <= 0.000)
",-9999999.000,-9999999.000,0.000,0.000,1.000,0,0,0,5,5,0,0,5,0.0,0,0,0.0,0.0,1.0
"F[0,1](((HCO3 <= 0.000 | Glucose >= 0.000) -> PaCO2 >= 0.000) | Resp >= 0.000)
",-9999999.000,-9999999.000,0.000,0.000,1.000,0,0,0,5,5,0,0,5,0.0,0,0,0.0,0.0,1.0
"F[0,2](O2Sat <= 78.253 -> Chloride <= 0.000)
",-9999999.000,-9999999.000,0.000,0.000,1.000,0,0,0,5,5,0,0,5,0.0,0,0,0.0,0.0,1.0
"F[0,1](((PaCO2 >= 0.000 | Bilirubin_total >= 0.000) | HCO3 >= 0.000) -> Glucose >= 0.000)
",-9999999.000,-9999999.000,0.000,0.000,1.000,0,0,0,5,5,0,0,5,0.0,0,0,0.0,0.0,1.0
"F[0,1](((DBP >= 19.725 | Lactate >= 0.000) -> AST <= 0.000) | Glucose >= 0.000)
",-9999999.000,-9999999.000,0.000,0.000,1.000,0,0,0,5,5,0,0,5,0.0,0,0,0.0,0.0,1.0
"F[1,2](Calcium <= 0.000 & DBP <= 81.677)
",-9999999.000,-9999999.000,0.000,0.000,1.000,0,0,0,5,5,0,0,5,0.0,0,0,0.0,0.0,1.0
"((Temp >= 3.248) U[0,0] (Bilirubin_direct >= 0.000))
",43.997,93.952,0.000,0.000,1.000,0,0,0,5,5,0,0,5,0.0,0,0,0.0,0.0,1.0
"F[0,2](((BUN >= 0.000 | Platelets >= 0.000) & DBP <= 0.000) -> O2Sat >= 0.000)
",-9999999.000,-9999999.000,0.000,0.000,1.000,0,0,0,5,5,0,0,5,0.0,0,0,0.0,0.0,1.0
"F[0,2]((EtCO2 >= 0.000 | Magnesium >= 0.000) & PTT >= 0.000)
",-9999999.000,-9999999.000,0.000,0.000,1.000,0,0,0,5,5,0,0,5,0.0,0,0,0.0,0.0,1.0
"F[0,1]((Creatinine >= 0.000 -> EtCO2 >= 0.000) -> pH <= 0.000)
",-9999999.000,-9999999.000,0.000,0.000,1.000,0,0,0,5,5,0,0,5,0.0,0,0,0.0,0.0,1.0
"F[0,1](((BUN >= 0.000 & MAP >= 73.485) | Glucose >= 77.482) & SBP >= 2.406)
",-9999999.000,-9999999.000,0.000,0.000,1.000,0,0,0,5,5,0,0,5,0.0,0,0,0.0,0.0,1.0
"F[0,2](SaO2 <= 0.000 & MAP <= 103.644)
",-9999999.000,-9999999.000,0.000,0.000,1.000,0,0,0,5,5,0,0,5,0.0,0,0,0.0,0.0,1.0
"F[0,0]((Magnesium <= 0.000 -> PaCO2 <= 0.000) -> WBC <= 0.000)
",0.000,0.000,0.000,0.000,1.000,0,0,0,5,5,0,0,5,0.0,0,0,0.0,0.0,1.0
"((Chloride > 0.000) U[0,1] (SepsisLabel = 0.000))
",-9999999.000,-9999999.000,0.000,0.000,1.000,0,0,0,5,5,0,0,5,0.0,0,0,0.0,0.0,1.0
"F[0,2](Temp <= 27.406 -> SepsisLabel = 0.000)
",-9999999.000,-9999999.000,0.000,0.000,1.000,0,0,0,5,5,0,0,5,0.0,0,0,0.0,0.0,1.0
"((Magnesium >= 0.000) U[1,2] (SepsisLabel = 0.000))
",-9999999.000,-9999999.000,0.000,0.000,1.000,0,0,0,5,5,0,0,5,0.0,0,0,0.0,0.0,1.0
"((Alkalinephos <= 0.000) U[0,2] (SepsisLabel = 0.000))
",-9999999.000,-9999999.000,0.000,0.000,1.000,0,0,0,5,5,0,0,5,0.0,0,0,0.0,0.0,1.0
"F[0,2](Alkalinephos < 0.000 -> SepsisLabel = 0.000)
",-9999999.000,-9999999.000,0.000,0.000,1.000,0,0,0,5,5,0,0,5,0.0,0,0,0.0,0.0,1.0
"((Temp > 3.120) U[0,0] (SepsisLabel = 0.000))
",44.057,94.080,0.000,0.000,1.000,0,0,0,5,5,0,0,5,0.0,0,0,0.0,0.0,1.0
"((Potassium > 0.000) U[0,1] (SepsisLabel = 0.000))
",-9999999.000,-9999999.000,0.000,0.000,1.000,0,0,0,5,5,0,0,5,0.0,0,0,0.0,0.0,1.0
"F[2,2](Temp > 9.233 & SepsisLabel = 0.000)
",-9.233,-9.233,0.000,0.000,1.000,0,0,0,5,5,0,0,5,0.0,0,0,0.0,0.0,1.0
"F[2,2](TroponinI > 0.000 & SepsisLabel = 0.000)
",0.000,0.000,0.000,0.000,1.000,0,0,0,5,5,0,0,5,0.0,0,0,0.0,0.0,1.0
"((WBC > 0.000) U[0,1] (SepsisLabel = 0.000))
",-9999999.000,-9999999.000,0.000,0.000,1.000,0,0,0,5,5,0,0,5,0.0,0,0,0.0,0.0,1.0
"((SepsisLabel <= 0.000) U[0,1] (SepsisLabel = 0.000))
",-9999999.000,-9999999.000,0.000,0.000,1.000,0,0,0,5,5,0,0,5,0.0,0,0,0.0,0.0,1.0
"((O2Sat <= 91.971) U[0,0] (SepsisLabel = 0.000))
",1.852,6.771,0.000,0.000,1.000,0,0,0,5,5,0,0,5,0.0,0,0,0.0,0.0,1.0
"((SBP < 143.810) U[0,2] (SepsisLabel = 0.000))
",-9999999.000,-9999999.000,0.000,0.000,1.000,0,0,0,5,5,0,0,5,0.0,0,0,0.0,0.0,1.0
"F[0,0](O2Sat > 71.476 -> SepsisLabel = 0.000)
",-3.755,-13.724,0.000,0.000,1.000,0,0,0,5,5,0,0,5,0.0,0,0,0.0,0.0,1.0
"F[1,2](SepsisLabel < 0.000 -> SepsisLabel = 0.000)
",-9999999.000,-9999999.000,0.000,0.000,1.000,0,0,0,5,5,0,0,5,0.0,0,0,0.0,0.0,1.0
"F[0,2](HCO3 <= 0.000 & SepsisLabel = 0.000)
",-9999999.000,-9999999.000,0.000,0.000,1.000,0,0,0,5,5,0,0,5,0.0,0,0,0.0,0.0,1.0
"((DBP <= 86.636) U[0,2] (SepsisLabel = 0.000))
",-9999999.000,-9999999.000,0.000,0.000,1.000,0,0,0,5,5,0,0,5,0.0,0,0,0.0,0.0,1.0
"F[1,2](Magnesium <= 0.000 & SepsisLabel = 0.000)
",-9999999.000,-9999999.000,0.000,0.000,1.000,0,0,0,5,5,0,0,5,0.0,0,0,0.0,0.0,1.0
"((TroponinI >= 0.000) U[1,1] (SepsisLabel = 0.000))
",0.000,0.000,0.000,0.000,1.000,0,0,0,5,5,0,0,5,0.0,0,0,0.0,0.0,1.0
"((HR >= 10.681) U[0,1] (MAP >= 14.043))
",-9999999.000,-9999999.000,0.000,0.000,1.000,0,0,0,5,5,0,0,5,0.0,0,0,0.0,0.0,1.0
"F[1,1]((DBP <= 88.416 -> HR >= 59.220) & EtCO2 <= 77.465)
",-88.416,-88.416,0.000,0.000,1.000,0,0,0,5,5,0,0,5,0.0,0,0,0.0,0.0,1.0
"((HR >= 48.373) U[0,2] (SBP <= 139.796))
",-9999999.000,-9999999.000,0.000,0.000,1.000,0,0,0,5,5,0,0,5,0.0,0,0,0.0,0.0,1.0
"((EtCO2 >= 0.000) U[2,2] (HR >= 28.598))
",0.000,0.000,0.000,0.000,1.000,0,0,0,5,5,0,0,5,0.0,0,0,0.0,0.0,1.0
"F[1,2](Hct <= 0.000 | MAP >= 50.218)
",-9999999.000,-9999999.000,0.000,0.000,1.000,0,0,0,5,5,0,0,5,0.0,0,0,0.0,0.0,1.0
"F[0,1](EtCO2 >= 0.000 -> DBP >= 71.659)
",-9999999.000,-9999999.000,0.000,0.000,1.000,0,0,0,5,5,0,0,5,0.0,0,0,0.0,0.0,1.0
"F[0,0](((AST <= 0.000 | Hgb >= 0.000) | Calcium >= 0.000) & Platelets >= 0.000)
",0.000,0.000,0.000,0.000,1.000,0,0,0,5,5,0,0,5,0.0,0,0,0.0,0.0,1.0
"F[0,1]((BUN >= 0.000 | BUN >= 0.000) | PTT <= 0.000)
",-9999999.000,-9999999.000,0.000,0.000,1.000,0,0,0,5,5,0,0,5,0.0,0,0,0.0,0.0,1.0
"((Fibrinogen >= 0.000) U[0,1] (WBC >= 0.000))
",-9999999.000,-9999999.000,0.000,0.000,1.000,0,0,0,5,5,0,0,5,0.0,0,0,0.0,0.0,1.0
"F[0,2](WBC <= 0.000 | SepsisLabel <= 0.000)
",-9999999.000,-9999999.000,0.000,0.000,1.000,0,0,0,5,5,0,0,5,0.0,0,0,0.0,0.0,1.0
"F[1,1]((WBC <= 0.000 & Calcium <= 0.000) & EtCO2 >= 0.000)
",0.000,0.000,0.000,0.000,1.000,0,0,0,5,5,0,0,5,0.0,0,0,0.0,0.0,1.0
"F[0,1]((Creatinine >= 0.000 & EtCO2 <= 0.000) | Fibrinogen <= 0.000)
",-9999999.000,-9999999.000,0.000,0.000,1.000,0,0,0,5,5,0,0,5,0.0,0,0,0.0,0.0,1.0
"F[0,1]((SBP <= 155.031 | Temp <= 26.614) | Bilirubin_total >= 2.489)
",-9999999.000,-9999999.000,0.000,0.000,1.000,0,0,0,5,5,0,0,5,0.0,0,0,0.0,0.0,1.0
"F[1,2]((HR <= 78.823 & Resp >= 4.757) -> BUN >= 14.099)
",-9999999.000,-9999999.000,0.000,0.000,1.000,0,0,0,5,5,0,0,5,0.0,0,0,0.0,0.0,1.0
"F[2,2](((Resp >= 1.896 | Temp >= 8.069) | SaO2 <= 14.603) & EtCO2 >= 0.605)
",-0.605,-0.605,0.000,0.000,1.000,0,0,0,5,5,0,0,5,0.0,0,0,0.0,0.0,1.0
"F[2,2](((MAP <= 99.197 & Temp <= 12.042) | O2Sat <= 28.263) & WBC <= 31.704)
",7955341046911485.000,28.263,0.000,0.000,1.000,0,0,0,5,5,0,0,5,0.0,0,0,0.0,0.0,1.0
"F[0,1](O2Sat >= 28.309 | Temp >= 2.162)
",-9999999.000,-9999999.000,0.000,0.000,1.000,0,0,0,5,5,0,0,5,0.0,0,0,0.0,0.0,1.0
"((O2Sat <= 79.981) U[0,2] (SBP <= 140.209))
",-9999999.000,-9999999.000,0.000,0.000,1.000,0,0,0,5,5,0,0,5,0.0,0,0,0.0,0.0,1.0
"F[0,2]((DBP <= 93.693 | O2Sat >= 0.031) | DBP <= 85.419)
",-9999999.000,-9999999.000,0.000,0.000,1.000,0,0,0,5,5,0,0,5,0.0,0,0,0.0,0.0,1.0
"F[1,2](HR <= 77.497 & O2Sat <= 84.875)
",-9999999.000,-9999999.000,0.000,0.000,1.000,0,0,0,5,5,0,0,5,0.0,0,0,0.0,0.0,1.0
"F[0,2]((Resp >= 10.370 -> SBP <= 148.680) & Phosphate <= 143.772)
",-9999999.000,-9999999.000,0.000,0.000,1.000,0,0,0,5,5,0,0,5,0.0,0,0,0.0,0.0,1.0
"F[1,2]((MAP <= 99.223 | Resp >= 13.976) & AST <= 18.639)
",-9999999.000,-9999999.000,0.000,0.000,1.000,0,0,0,5,5,0,0,5,0.0,0,0,0.0,0.0,1.0
"F[1,2](SaO2 > 0.000 & SepsisLabel = 0.000)
",-9999999.000,-9999999.000,0.000,0.000,1.000,0,0,0,5,5,0,0,5,0.0,0,0,0.0,0.0,1.0
"F[0,2](SaO2 < 0.000 & SepsisLabel = 0.000)
",-9999999.000,-9999999.000,0.000,0.000,1.000,0,0,0,5,5,0,0,5,0.0,0,0,0.0,0.0,1.0
"((Resp >= 13.773) U[0,0] (SepsisLabel = 0.000))
",9.222,74.827,0.000,0.000,1.000,0,0,0,5,5,0,0,5,0.0,0,0,0.0,0.0,1.0
"F[0,0]((Phosphate >= 0.000 & Magnesium > 0.000) -> Calcium < 0.000)
",0.000,0.000,0.000,0.000,1.000,0,0,0,5,5,0,0,5,0.0,0,0,0.0,0.0,1.0
"F[1,1]((Phosphate >= 0.000 & Magnesium > 0.000) -> Calcium < 0.000)
",0.000,0.000,0.000,0.000,1.000,0,0,0,5,5,0,0,5,0.0,0,0,0.0,0.0,1.0
"F[2,2]((Calcium <= 0.000 & Potassium <= 0.000) & Magnesium >= 0.000)
",0.000,0.000,0.000,0.000,1.000,0,0,0,5,5,0,0,5,0.0,0,0,0.0,0.0,1.0
"F[1,1](Hgb <= 0.000 | Hct <= 0.000)
",0.000,0.000,0.000,0.000,1.000,0,0,0,5,5,0,0,5,0.0,0,0,0.0,0.0,1.0
"((MAP >= 83.643) U[0,1] (SBP <= 153.640))
",-9999999.000,-9999999.000,0.000,0.000,1.000,0,0,0,5,5,0,0,5,0.0,0,0,0.0,0.0,1.0
"F[2,2]((Phosphate >= 0.000 & Magnesium > 0.000) -> Calcium < 0.000)
",0.000,0.000,0.000,0.000,1.000,0,0,0,5,5,0,0,5,0.0,0,0,0.0,0.0,1.0
"F[0,2]((Calcium <= 0.000 & Potassium <= 0.000) & Magnesium >= 0.000)
",-9999999.000,-9999999.000,0.000,0.000,1.000,0,0,0,5,5,0,0,5,0.0,0,0,0.0,0.0,1.0
"F[1,1](Hgb <= 0.000 | Hct <= 0.000)
",0.000,0.000,0.000,0.000,1.000,0,0,0,5,5,0,0,5,0.0,0,0,0.0,0.0,1.0
"((MAP >= 70.233) U[0,2] (SBP <= 151.263))
",-9999999.000,-9999999.000,0.000,0.000,1.000,0,0,0,5,5,0,0,5,0.0,0,0,0.0,0.0,1.0
"F[0,2]((Calcium <= 0.000 & Potassium <= 0.000) & Magnesium >= 0.000)
",-9999999.000,-9999999.000,0.000,0.000,1.000,0,0,0,5,5,0,0,5,0.0,0,0,0.0,0.0,1.0
"F[0,2](Hgb <= 0.000 | Hct <= 0.000)
",-9999999.000,-9999999.000,0.000,0.000,1.000,0,0,0,5,5,0,0,5,0.0,0,0,0.0,0.0,1.0
"F[1,2](Hgb <= 0.000 | Hct <= 0.000)
",-9999999.000,-9999999.000,0.000,0.000,1.000,0,0,0,5,5,0,0,5,0.0,0,0,0.0,0.0,1.0
"F[2,2]((Phosphate >= 0.000 & Magnesium > 0.000) -> Calcium < 0.000)
",0.000,0.000,0.000,0.000,1.000,0,0,0,5,5,0,0,5,0.0,0,0,0.0,0.0,1.0
"F[0,2](((Calcium < 0.000 & Potassium < 0.000) & Magnesium < 0.000) & Phosphate < 0.000)
",-9999999.000,-9999999.000,0.000,0.000,1.000,0,0,0,5,5,0,0,5,0.0,0,0,0.0,0.0,1.0
"F[0,1]((Calcium <= 0.000 & Potassium <= 0.000) & Magnesium >= 0.000)
",-9999999.000,-9999999.000,0.000,0.000,1.000,0,0,0,5,5,0,0,5,0.0,0,0,0.0,0.0,1.0
"F[0,2](Hgb <= 0.000 | Hct <= 0.000)
",-9999999.000,-9999999.000,0.000,0.000,1.000,0,0,0,5,5,0,0,5,0.0,0,0,0.0,0.0,1.0
"((MAP >= 87.582) U[2,2] (SBP <= 136.911))
",136.911,136.911,0.000,0.000,1.000,0,0,0,5,5,0,0,5,0.0,0,0,0.0,0.0,1.0
"F[1,1]((Phosphate >= 0.000 & Magnesium > 0.000) -> Calcium < 0.000)
",0.000,0.000,0.000,0.000,1.000,0,0,0,5,5,0,0,5,0.0,0,0,0.0,0.0,1.0
"F[0,2](((Calcium < 0.000 & Potassium < 0.000) & Magnesium < 0.000) & Phosphate < 0.000)
",-9999999.000,-9999999.000,0.000,0.000,1.000,0,0,0,5,5,0,0,5,0.0,0,0,0.0,0.0,1.0
"((MAP >= 40.833) U[0,2] (SBP <= 149.873))
",-9999999.000,-9999999.000,0.000,0.000,1.000,0,0,0,5,5,0,0,5,0.0,0,0,0.0,0.0,1.0
"F[1,2]((Calcium <= 0.000 & Potassium <= 0.000) & Magnesium >= 0.000)
",-9999999.000,-9999999.000,0.000,0.000,1.000,0,0,0,5,5,0,0,5,0.0,0,0,0.0,0.0,1.0
"((pH >= 0.000) U[0,1] (SepsisLabel = 0.000))
",-9999999.000,-9999999.000,0.000,0.000,1.000,0,0,0,5,5,0,0,5,0.0,0,0,0.0,0.0,1.0
"F[0,1]((Calcium <= 0.000 & Potassium <= 0.000) & Magnesium >= 0.000)
",-9999999.000,-9999999.000,0.000,0.000,1.000,0,0,0,5,5,0,0,5,0.0,0,0,0.0,0.0,1.0
"((TroponinI >= 0.000) U[0,0] (SepsisLabel = 0.000))
",0.000,0.000,0.000,0.000,1.000,0,0,0,5,5,0,0,5,0.0,0,0,0.0,0.0,1.0
"((MAP > 4.955) U[0,2] (SepsisLabel = 0.000))
",-9999999.000,-9999999.000,0.000,0.000,1.000,0,0,0,5,5,0,0,5,0.0,0,0,0.0,0.0,1.0
"F[0,2]((Phosphate >= 0.000 & Magnesium > 0.000) -> Calcium < 0.000)
",-9999999.000,-9999999.000,0.000,0.000,1.000,0,0,0,5,5,0,0,5,0.0,0,0,0.0,0.0,1.0
"F[1,2](((Calcium < 0.000 & Potassium < 0.000) & Magnesium < 0.000) & Phosphate < 0.000)
",-9999999.000,-9999999.000,0.000,0.000,1.000,0,0,0,5,5,0,0,5,0.0,0,0,0.0,0.0,1.0
"F[0,2]((Calcium <= 0.000 & Potassium <= 0.000) & Magnesium >= 0.000)
",-9999999.000,-9999999.000,0.000,0.000,1.000,0,0,0,5,5,0,0,5,0.0,0,0,0.0,0.0,1.0
"F[1,1](Hgb <= 0.000 | Hct <= 0.000)
",0.000,0.000,0.000,0.000,1.000,0,0,0,5,5,0,0,5,0.0,0,0,0.0,0.0,1.0
"F[1,2]((Phosphate >= 0.000 & Magnesium > 0.000) -> Calcium < 0.000)
",-9999999.000,-9999999.000,0.000,0.000,1.000,0,0,0,5,5,0,0,5,0.0,0,0,0.0,0.0,1.0
"F[1,2](((Calcium < 0.000 & Potassium < 0.000) & Magnesium < 0.000) & Phosphate < 0.000)
",-9999999.000,-9999999.000,0.000,0.000,1.000,0,0,0,5,5,0,0,5,0.0,0,0,0.0,0.0,1.0
"F[1,2](Hgb <= 0.000 | Hct <= 0.000)
",-9999999.000,-9999999.000,0.000,0.000,1.000,0,0,0,5,5,0,0,5,0.0,0,0,0.0,0.0,1.0
"F[1,2](((Calcium < 0.000 & Potassium < 0.000) & Magnesium < 0.000) & Phosphate < 0.000)
",-9999999.000,-9999999.000,0.000,0.000,1.000,0,0,0,5,5,0,0,5,0.0,0,0,0.0,0.0,1.0
"F[0,1]((Phosphate >= 0.000 & Magnesium > 0.000) -> Calcium < 0.000)
",-9999999.000,-9999999.000,0.000,0.000,1.000,0,0,0,5,5,0,0,5,0.0,0,0,0.0,0.0,1.0
"F[1,2]((Calcium <= 0.000 & Potassium <= 0.000) & Magnesium >= 0.000)
",-9999999.000,-9999999.000,0.000,0.000,1.000,0,0,0,5,5,0,0,5,0.0,0,0,0.0,0.0,1.0
"F[0,2](Hgb <= 0.000 | Hct <= 0.000)
",-9999999.000,-9999999.000,0.000,0.000,1.000,0,0,0,5,5,0,0,5,0.0,0,0,0.0,0.0,1.0
"F[0,2]((Phosphate >= 0.000 & Magnesium > 0.000) -> Calcium < 0.000)
",-9999999.000,-9999999.000,0.000,0.000,1.000,0,0,0,5,5,0,0,5,0.0,0,0,0.0,0.0,1.0
"F[0,2](((Calcium < 0.000 & Potassium < 0.000) & Magnesium < 0.000) & Phosphate < 0.000)
",-9999999.000,-9999999.000,0.000,0.000,1.000,0,0,0,5,5,0,0,5,0.0,0,0,0.0,0.0,1.0
"F[1,1]((Calcium <= 0.000 & Potassium <= 0.000) & Magnesium >= 0.000)
",0.000,0.000,0.000,0.000,1.000,0,0,0,5,5,0,0,5,0.0,0,0,0.0,0.0,1.0
"F[1,1](Hgb <= 0.000 | Hct <= 0.000)
",0.000,0.000,0.000,0.000,1.000,0,0,0,5,5,0,0,5,0.0,0,0,0.0,0.0,1.0
"F[0,0]((Phosphate >= 0.000 & Magnesium > 0.000) -> Calcium < 0.000)
",0.000,0.000,0.000,0.000,1.000,0,0,0,5,5,0,0,5,0.0,0,0,0.0,0.0,1.0
"((Bilirubin_total >= 0.000) U[1,2] (TroponinI >= 0.000))
",-9999999.000,-9999999.000,0.000,0.000,1.000,0,0,0,5,5,0,0,5,0.0,0,0,0.0,0.0,1.0
"F[0,1]((Chloride <= 0.000 & Creatinine >= 0.000) | Fibrinogen >= 0.000)
",-9999999.000,-9999999.000,0.000,0.000,1.000,0,0,0,5,5,0,0,5,0.0,0,0,0.0,0.0,1.0
"F[2,2](((HR <= 85.002 -> pH <= 0.000) | Calcium <= 0.000) -> Chloride >= 0.000)
",0.000,0.000,0.000,0.000,1.000,0,0,0,5,5,0,0,5,0.0,0,0,0.0,0.0,1.0
"((Resp >= 12.857) U[0,1] (HCO3 >= 0.000))
",-9999999.000,-9999999.000,0.000,0.000,1.000,0,0,0,5,5,0,0,5,0.0,0,0,0.0,0.0,1.0
"F[0,2](((PTT >= 0.000 & Magnesium >= 0.000) -> Phosphate >= 0.000) -> BUN >= 0.000)
",-9999999.000,-9999999.000,0.000,0.000,1.000,0,0,0,5,5,0,0,5,0.0,0,0,0.0,0.0,1.0
"F[0,1]((SepsisLabel <= 0.000 & Lactate >= 0.000) | DBP <= 0.000)
",-9999999.000,-9999999.000,0.000,0.000,1.000,0,0,0,5,5,0,0,5,0.0,0,0,0.0,0.0,1.0
"F[0,0]((Calcium <= 0.000 -> PaCO2 <= 0.000) | PaCO2 <= 0.000)
",0.000,0.000,0.000,0.000,1.000,0,0,0,5,5,0,0,5,0.0,0,0,0.0,0.0,1.0
"F[0,0]((FiO2 >= 0.000 & WBC <= 0.000) -> SaO2 <= 0.000)
",0.000,0.000,0.000,0.000,1.000,0,0,0,5,5,0,0,5,0.0,0,0,0.0,0.0,1.0
"F[2,2](((PaCO2 <= 0.000 -> Hct <= 0.000) -> BUN >= 0.000) -> WBC <= 0.000)
",0.000,0.000,0.000,0.000,1.000,0,0,0,5,5,0,0,5,0.0,0,0,0.0,0.0,1.0
"F[0,1](Bilirubin_total <= 0.000 | HCO3 >= 0.000)
",-9999999.000,-9999999.000,0.000,0.000,1.000,0,0,0,5,5,0,0,5,0.0,0,0,0.0,0.0,1.0
"F[1,1]((DBP >= 3.215 & Platelets >= 0.000) & Calcium >= 0.000)
",-3.215,-3.215,0.000,0.000,1.000,0,0,0,5,5,0,0,5,0.0,0,0,0.0,0.0,1.0
"F[0,0]((Glucose >= 0.000 -> MAP >= 66.342) -> FiO2 <= 103.503)
",-103.503,-103.503,0.000,0.000,1.000,0,0,0,5,5,0,0,5,0.0,0,0,0.0,0.0,1.0
"F[0,1](Creatinine >= 0.000 -> MAP >= 43.087)
",-9999999.000,-9999999.000,0.000,0.000,1.000,0,0,0,5,5,0,0,5,0.0,0,0,0.0,0.0,1.0
"((BaseExcess >= 0.000) U[0,2] (Creatinine >= 0.000))
",-9999999.000,-9999999.000,0.000,0.000,1.000,0,0,0,5,5,0,0,5,0.0,0,0,0.0,0.0,1.0
"((Platelets <= 0.000) U[1,2] (TroponinI <= 0.000))
",-9999999.000,-9999999.000,0.000,0.000,1.000,0,0,0,5,5,0,0,5,0.0,0,0,0.0,0.0,1.0
"((Bilirubin_total >= 0.000) U[2,2] (SaO2 >= 0.000))
",0.000,0.000,0.000,0.000,1.000,0,0,0,5,5,0,0,5,0.0,0,0,0.0,0.0,1.0
"F[0,2]((SepsisLabel >= 0.000 | Creatinine >= 0.000) & TroponinI >= 0.000)
",-9999999.000,-9999999.000,0.000,0.000,1.000,0,0,0,5,5,0,0,5,0.0,0,0,0.0,0.0,1.0
"F[0,2](((Magnesium <= 0.000 & SepsisLabel <= 0.000) & Chloride <= 0.000) & Creatinine <= 0.000)
",-9999999.000,-9999999.000,0.000,0.000,1.000,0,0,0,5,5,0,0,5,0.0,0,0,0.0,0.0,1.0
"F[1,1]((Potassium <= 0.000 -> Alkalinephos >= 0.000) & Bilirubin_total <= 0.000)
",0.000,0.000,0.000,0.000,1.000,0,0,0,5,5,0,0,5,0.0,0,0,0.0,0.0,1.0
"F[2,2]((Hgb >= 0.000 & Glucose <= 0.000) & DBP <= 0.000)
",0.000,0.000,0.000,0.000,1.000,0,0,0,5,5,0,0,5,0.0,0,0,0.0,0.0,1.0
"((Alkalinephos <= 0.000) U[0,2] (pH >= 0.000))
",-9999999.000,-9999999.000,0.000,0.000,1.000,0,0,0,5,5,0,0,5,0.0,0,0,0.0,0.0,1.0
"((Alkalinephos <= 0.000) U[0,1] (EtCO2 <= 0.000))
",-9999999.000,-9999999.000,0.000,0.000,1.000,0,0,0,5,5,0,0,5,0.0,0,0,0.0,0.0,1.0
"F[1,2]((Creatinine <= 0.000 -> Bilirubin_direct <= 0.000) | DBP >= 0.000)
",-9999999.000,-9999999.000,0.000,0.000,1.000,0,0,0,5,5,0,0,5,0.0,0,0,0.0,0.0,1.0
"F[2,2]((O2Sat >= 49.127 -> BUN >= 0.000) -> Glucose <= 0.000)
",0.000,0.000,0.000,0.000,1.000,0,0,0,5,5,0,0,5,0.0,0,0,0.0,0.0,1.0
"F[0,0]((TroponinI <= 0.000 | Calcium >= 0.000) -> PaCO2 <= 0.000)
",0.000,0.000,0.000,0.000,1.000,0,0,0,5,5,0,0,5,0.0,0,0,0.0,0.0,1.0
"F[1,2]((WBC >= 0.000 & Glucose >= 0.000) -> Glucose >= 0.000)
",-9999999.000,-9999999.000,0.000,0.000,1.000,0,0,0,5,5,0,0,5,0.0,0,0,0.0,0.0,1.0
"F[0,2]((Fibrinogen >= 0.000 -> HR <= 83.821) -> Creatinine <= 88.507)
",-9999999.000,-9999999.000,0.000,0.000,1.000,0,0,0,5,5,0,0,5,0.0,0,0,0.0,0.0,1.0
"F[1,2](PaCO2 >= 0.000 -> Chloride >= 0.000)
",-9999999.000,-9999999.000,0.000,0.000,1.000,0,0,0,5,5,0,0,5,0.0,0,0,0.0,0.0,1.0
"F[0,1](PaCO2 >= 0.000 | Chloride <= 0.000)
",-9999999.000,-9999999.000,0.000,0.000,1.000,0,0,0,5,5,0,0,5,0.0,0,0,0.0,0.0,1.0
"F[2,2](PaCO2 >= 0.000 | Resp <= 21.158)
",21.158,21.158,0.000,0.000,1.000,0,0,0,5,5,0,0,5,0.0,0,0,0.0,0.0,1.0
"F[1,2]((pH <= 0.000 & BUN <= 0.000) | Fibrinogen <= 0.000)
",-9999999.000,-9999999.000,0.000,0.000,1.000,0,0,0,5,5,0,0,5,0.0,0,0,0.0,0.0,1.0
"F[2,2]((EtCO2 <= 0.000 -> Hct >= 0.000) -> Resp >= 0.000)
",0.000,0.000,0.000,0.000,1.000,0,0,0,5,5,0,0,5,0.0,0,0,0.0,0.0,1.0
"F[0,2]((Temp <= 19.381 & Hct >= 0.000) -> Bilirubin_total <= 0.000)
",-9999999.000,-9999999.000,0.000,0.000,1.000,0,0,0,5,5,0,0,5,0.0,0,0,0.0,0.0,1.0
"F[2,2](((O2Sat <= 91.462 & AST <= 0.000) & Calcium >= 0.000) | SaO2 <= 0.000)
",0.000,0.000,0.000,0.000,1.000,0,0,0,5,5,0,0,5,0.0,0,0,0.0,0.0,1.0
"F[0,2](FiO2 >= 0.000 | Alkalinephos >= 0.000)
",-9999999.000,-9999999.000,0.000,0.000,1.000,0,0,0,5,5,0,0,5,0.0,0,0,0.0,0.0,1.0
"F[1,1]((Chloride <= 0.000 & Glucose >= 0.000) & Alkalinephos >= 0.000)
",0.000,0.000,0.000,0.000,1.000,0,0,0,5,5,0,0,5,0.0,0,0,0.0,0.0,1.0
"F[1,2](BUN >= 0.000 | Potassium <= 0.000)
",-9999999.000,-9999999.000,0.000,0.000,1.000,0,0,0,5,5,0,0,5,0.0,0,0,0.0,0.0,1.0
"F[0,2]((Calcium <= 0.000 & Potassium <= 0.000) & Magnesium >= 0.000)
",-9999999.000,-9999999.000,0.000,0.000,1.000,0,0,0,5,5,0,0,5,0.0,0,0,0.0,0.0,1.0
"F[1,1]((Potassium >= 0.000 | Chloride >= 0.000) -> Phosphate >= 0.000)
",0.000,0.000,0.000,0.000,1.000,0,0,0,5,5,0,0,5,0.0,0,0,0.0,0.0,1.0
"F[1,1](HR >= 65.672 -> TroponinI <= 0.000)
",0.000,0.000,0.000,0.000,1.000,0,0,0,5,5,0,0,5,0.0,0,0,0.0,0.0,1.0
"F[1,1](Fibrinogen >= 0.000 & AST >= 0.000)
",0.000,0.000,0.000,0.000,1.000,0,0,0,5,5,0,0,5,0.0,0,0,0.0,0.0,1.0
"((Platelets <= 0.000) U[1,1] (Hct >= 0.000))
",0.000,0.000,0.000,0.000,1.000,0,0,0,5,5,0,0,5,0.0,0,0,0.0,0.0,1.0
"F[2,2]((TroponinI >= 0.000 | HR <= 82.374) & Resp <= 88.743)
",82.374,82.374,0.000,0.000,1.000,0,0,0,5,5,0,0,5,0.0,0,0,0.0,0.0,1.0
"((SepsisLabel <= 0.000) U[0,2] (HCO3 <= 0.000))
",-9999999.000,-9999999.000,0.000,0.000,1.000,0,0,0,5,5,0,0,5,0.0,0,0,0.0,0.0,1.0
"F[0,2]((PaCO2 <= 0.000 | PaCO2 <= 0.000) & O2Sat <= 0.000)
",-9999999.000,-9999999.000,0.000,0.000,1.000,0,0,0,5,5,0,0,5,0.0,0,0,0.0,0.0,1.0
"((Temp >= 0.456) U[0,0] (TroponinI >= 0.000))
",45.304,96.744,0.000,0.000,1.000,0,0,0,5,5,0,0,5,0.0,0,0,0.0,0.0,1.0
"F[0,1](((Fibrinogen >= 0.000 | Phosphate >= 0.000) & HCO3 <= 0.000) -> Bilirubin_direct <= 0.000)
",-9999999.000,-9999999.000,0.000,0.000,1.000,0,0,0,5,5,0,0,5,0.0,0,0,0.0,0.0,1.0
"F[1,2](TroponinI <= 0.000 & BaseExcess <= 0.000)
",-9999999.000,-9999999.000,0.000,0.000,1.000,0,0,0,5,5,0,0,5,0.0,0,0,0.0,0.0,1.0
"F[0,2](WBC >= 0.000 | Hgb >= 0.000)
",-9999999.000,-9999999.000,0.000,0.000,1.000,0,0,0,5,5,0,0,5,0.0,0,0,0.0,0.0,1.0
"F[0,2](Hgb <= 0.000 | Creatinine <= 0.000)
",-9999999.000,-9999999.000,0.000,0.000,1.000,0,0,0,5,5,0,0,5,0.0,0,0,0.0,0.0,1.0
"((Chloride <= 0.000) U[0,0] (Hct >= 0.000))
",0.000,0.000,0.000,0.000,1.000,0,0,0,5,5,0,0,5,0.0,0,0,0.0,0.0,1.0
"F[1,2](SepsisLabel >= 0.000 | Hgb >= 0.000)
",-9999999.000,-9999999.000,0.000,0.000,1.000,0,0,0,5,5,0,0,5,0.0,0,0,0.0,0.0,1.0
"F[2,2](Fibrinogen <= 0.000 -> Platelets <= 0.000)
",0.000,0.000,0.000,0.000,1.000,0,0,0,5,5,0,0,5,0.0,0,0,0.0,0.0,1.0
"((PTT >= 0.000) U[1,2] (Magnesium <= 0.000))
",-9999999.000,-9999999.000,0.000,0.000,1.000,0,0,0,5,5,0,0,5,0.0,0,0,0.0,0.0,1.0
"F[0,2](((BUN <= 0.000 | SBP <= 140.272) -> TroponinI >= 83.729) -> DBP >= 129.887)
",-9999999.000,-9999999.000,0.000,0.000,1.000,0,0,0,5,5,0,0,5,0.0,0,0,0.0,0.0,1.0
"F[0,1]((PTT >= 0.000 -> WBC >= 0.000) & FiO2 <= 0.000)
",-9999999.000,-9999999.000,0.000,0.000,1.000,0,0,0,5,5,0,0,5,0.0,0,0,0.0,0.0,1.0
"F[1,1](Phosphate >= 0.000 | Calcium <= 0.000)
",0.000,0.000,0.000,0.000,1.000,0,0,0,5,5,0,0,5,0.0,0,0,0.0,0.0,1.0
"F[0,2]((SBP <= 139.962 -> DBP <= 97.641) & MAP >= 47.432)
",-9999999.000,-9999999.000,0.000,0.000,1.000,0,0,0,5,5,0,0,5,0.0,0,0,0.0,0.0,1.0
"F[0,2](EtCO2 >= 0.000 & Platelets <= 0.000)
",-9999999.000,-9999999.000,0.000,0.000,1.000,0,0,0,5,5,0,0,5,0.0,0,0,0.0,0.0,1.0
"F[1,2]((Glucose >= 0.000 | Chloride <= 0.000) -> MAP <= 0.000)
",-9999999.000,-9999999.000,0.000,0.000,1.000,0,0,0,5,5,0,0,5,0.0,0,0,0.0,0.0,1.0
"F[1,1]((HCO3 <= 0.000 & pH >= 0.000) & DBP >= 0.000)
",0.000,0.000,0.000,0.000,1.000,0,0,0,5,5,0,0,5,0.0,0,0,0.0,0.0,1.0
"((Magnesium >= 0.000) U[0,1] (BaseExcess <= 0.000))
",-9999999.000,-9999999.000,0.000,0.000,1.000,0,0,0,5,5,0,0,5,0.0,0,0,0.0,0.0,1.0
"F[0,2](Bilirubin_direct <= 0.000 | PaCO2 <= 0.000)
",-9999999.000,-9999999.000,0.000,0.000,1.000,0,0,0,5,5,0,0,5,0.0,0,0,0.0,0.0,1.0
"((SepsisLabel >= 0.000) U[0,2] (BUN <= 0.000))
",-9999999.000,-9999999.000,0.000,0.000,1.000,0,0,0,5,5,0,0,5,0.0,0,0,0.0,0.0,1.0
"F[1,2](((Hgb <= 0.000 -> DBP <= 89.007) & SaO2 >= 9.605) | Glucose >= 11.104)
",-9999999.000,-9999999.000,0.000,0.000,1.000,0,0,0,5,5,0,0,5,0.0,0,0,0.0,0.0,1.0
"((SepsisLabel <= 0.000) U[0,0] (PaCO2 >= 0.000))
",0.000,0.000,0.000,0.000,1.000,0,0,0,5,5,0,0,5,0.0,0,0,0.0,0.0,1.0
"((Hct <= 0.000) U[0,2] (WBC >= 0.000))
",-9999999.000,-9999999.000,0.000,0.000,1.000,0,0,0,5,5,0,0,5,0.0,0,0,0.0,0.0,1.0
"F[1,1]((PTT <= 0.000 -> Glucose <= 0.000) | HCO3 >= 0.000)
",0.000,0.000,0.000,0.000,1.000,0,0,0,5,5,0,0,5,0.0,0,0,0.0,0.0,1.0
"F[0,0](((Hct <= 0.000 -> MAP <= 106.469) -> EtCO2 >= 50.716) | EtCO2 <= 102.675)
",56.730,83.375,0.000,0.000,1.000,0,0,0,5,5,0,0,5,0.0,0,0,0.0,0.0,1.0
"F[1,1]((HCO3 <= 0.000 | pH >= 0.000) & PaCO2 <= 0.000)
",0.000,0.000,0.000,0.000,1.000,0,0,0,5,5,0,0,5,0.0,0,0,0.0,0.0,1.0
"F[0,2]((SepsisLabel <= 0.000 | Creatinine >= 0.000) | HCO3 <= 0.000)
",-9999999.000,-9999999.000,0.000,0.000,1.000,0,0,0,5,5,0,0,5,0.0,0,0,0.0,0.0,1.0
"F[1,2](((SaO2 <= 0.000 | pH <= 0.000) & Glucose >= 0.000) | EtCO2 <= 0.000)
",-9999999.000,-9999999.000,0.000,0.000,1.000,0,0,0,5,5,0,0,5,0.0,0,0,0.0,0.0,1.0
"F[2,2]((EtCO2 >= 0.000 & Temp >= 9.991) & HCO3 <= 17.877)
",-9.991,-9.991,0.000,0.000,1.000,0,0,0,5,5,0,0,5,0.0,0,0,0.0,0.0,1.0
"F[0,2](Platelets >= 0.000 | HR >= 66.561)
",-9999999.000,-9999999.000,0.000,0.000,1.000,0,0,0,5,5,0,0,5,0.0,0,0,0.0,0.0,1.0
"F[0,0](((SepsisLabel <= 0.000 | HR >= 75.844) | SaO2 <= 82.335) & BaseExcess <= 89.664)
",89.664,89.664,0.000,0.000,1.000,0,0,0,5,5,0,0,5,0.0,0,0,0.0,0.0,1.0
"F[0,1](((MAP <= 102.947 -> WBC <= 0.000) & Creatinine >= 0.000) & Bilirubin_direct >= 0.000)
",-9999999.000,-9999999.000,0.000,0.000,1.000,0,0,0,5,5,0,0,5,0.0,0,0,0.0,0.0,1.0
"F[2,2](SBP <= 148.533 | Platelets >= 0.000)
",148.533,148.533,0.000,0.000,1.000,0,0,0,5,5,0,0,5,0.0,0,0,0.0,0.0,1.0
"F[1,2](SaO2 <= 0.000 -> SBP >= 80.568)
",-9999999.000,-9999999.000,0.000,0.000,1.000,0,0,0,5,5,0,0,5,0.0,0,0,0.0,0.0,1.0
"F[0,2](((Hct <= 0.000 & BUN >= 0.000) -> Bilirubin_total >= 0.000) | Hct >= 0.000)
",-9999999.000,-9999999.000,0.000,0.000,1.000,0,0,0,5,5,0,0,5,0.0,0,0,0.0,0.0,1.0
"F[1,2](((BaseExcess <= 0.000 -> Magnesium >= 0.000) & Calcium >= 0.000) -> PTT >= 0.000)
",-9999999.000,-9999999.000,0.000,0.000,1.000,0,0,0,5,5,0,0,5,0.0,0,0,0.0,0.0,1.0
"F[2,2](((Bilirubin_direct >= 0.000 | Fibrinogen >= 0.000) -> TroponinI <= 0.000) | Magnesium >= 0.000)
",0.000,0.000,0.000,0.000,1.000,0,0,0,5,5,0,0,5,0.0,0,0,0.0,0.0,1.0
"F[1,2](((PaCO2 <= 0.000 | pH <= 0.000) -> Calcium <= 0.000) | PTT >= 0.000)
",-9999999.000,-9999999.000,0.000,0.000,1.000,0,0,0,5,5,0,0,5,0.0,0,0,0.0,0.0,1.0
"((Bilirubin_total >= 0.000) U[0,2] (PTT >= 0.000))
",-9999999.000,-9999999.000,0.000,0.000,1.000,0,0,0,5,5,0,0,5,0.0,0,0,0.0,0.0,1.0
"F[0,1](((SaO2 >= 0.000 -> Fibrinogen <= 0.000) & MAP <= 0.000) | Hgb >= 0.000)
",-9999999.000,-9999999.000,0.000,0.000,1.000,0,0,0,5,5,0,0,5,0.0,0,0,0.0,0.0,1.0
"F[0,1]((Chloride <= 0.000 | HR <= 81.114) & BUN <= 76.849)
",-9999999.000,-9999999.000,0.000,0.000,1.000,0,0,0,5,5,0,0,5,0.0,0,0,0.0,0.0,1.0
"F[1,2](HR <= 84.248 & Resp <= 19.778)
",-9999999.000,-9999999.000,0.000,0.000,1.000,0,0,0,5,5,0,0,5,0.0,0,0,0.0,0.0,1.0
"F[0,1](Potassium <= 0.000 | AST >= 0.000)
",-9999999.000,-9999999.000,0.000,0.000,1.000,0,0,0,5,5,0,0,5,0.0,0,0,0.0,0.0,1.0
"F[1,2](((EtCO2 <= 0.000 | Creatinine >= 0.000) -> SBP <= 0.000) -> SBP >= 0.000)
",-9999999.000,-9999999.000,0.000,0.000,1.000,0,0,0,5,5,0,0,5,0.0,0,0,0.0,0.0,1.0
"F[0,1]((SaO2 >= 0.000 -> Phosphate >= 0.000) & HR >= 0.000)
",-9999999.000,-9999999.000,0.000,0.000,1.000,0,0,0,5,5,0,0,5,0.0,0,0,0.0,0.0,1.0
"F[2,2]((Phosphate >= 0.000 -> TroponinI <= 0.000) | HR <= 0.000)
",0.000,0.000,0.000,0.000,1.000,0,0,0,5,5,0,0,5,0.0,0,0,0.0,0.0,1.0
