Rule,Discrimination Score,Pos Robustness,Neg Robustness,Percent Class +,Percent Class -,TP,TN,FP,FN,Actual Yes,Actual No,Predicted Yes,Predicted No,TPR/Sens,TNR/Spec,FPR,Precision,Accuracy,MCR
"F[0,0](((Calcium >= 0.017 -> HR >= 42.096) | Hgb <= 78.906) -> Creatinine >= 32.872)
",-13.723,-77.495,0.000,0.000,1.000,18,0,0,0,18,0,18,0,1.0,0,0,1.0,1.0285714285714285,-0.02857142857142847
"F[0,0]((Bilirubin_total >= 0.004 & O2Sat >= 76.961) | HCO3 >= 71.289)
",-0.487,-10.902,0.000,0.000,1.000,18,0,0,0,18,0,18,0,1.0,0,0,1.0,1.0285714285714285,-0.02857142857142847
"F[0,0](((Platelets <= 175.501 -> Resp >= 7.883) | SaO2 <= 19.477) -> Potassium >= 13.018)
",-19.477,-19.477,0.000,0.000,1.000,18,0,0,0,18,0,18,0,1.0,0,0,1.0,1.0285714285714285,-0.02857142857142847
"F[0,0](((HCO3 >= 0.000 & HR <= 89.966) & Bilirubin_direct <= 82.888) & Calcium >= 46.132)
",-29489.034,-29489.034,0.000,0.000,1.000,18,0,0,0,18,0,18,0,1.0,0,0,1.0,1.0285714285714285,-0.02857142857142847
"F[0,0](((Calcium <= 5.598 -> Resp <= 19.570) | Bilirubin_direct >= 12.438) & WBC >= 11.845)
",-85.151,-11.880,0.000,0.000,1.000,18,0,0,0,18,0,18,0,1.0,0,0,1.0,1.0285714285714285,-0.02857142857142847
"F[0,0](Hct > 1.405 & SepsisLabel = 0.000)
",-0.267,-21.557,0.000,0.000,1.000,18,0,0,0,18,0,18,0,1.0,0,0,1.0,1.0285714285714285,-0.02857142857142847
"F[0,0](SaO2 <= 0.000 -> AST >= 0.135)
",0.000,0.000,0.000,0.000,1.000,18,0,0,0,18,0,18,0,1.0,0,0,1.0,1.0285714285714285,-0.02857142857142847
"F[0,0](Glucose >= 4.649 | Creatinine >= 0.046)
",-0.046,-0.046,0.000,0.000,1.000,17,0,0,1,18,0,17,1,0.9444444444444444,0,0,1.0,0.9714285714285714,0.02857142857142858
"F[0,1]((WBC >= 0.424 & Phosphate <= 1.640) & BaseExcess >= 0.140)
",-9999999.000,-9999999.000,0.000,0.000,1.000,17,0,0,1,18,0,17,1,0.9444444444444444,0,0,1.0,0.9714285714285714,0.02857142857142858
"F[0,1](PTT > 0.000 & SepsisLabel = 0.000)
",-9999999.000,-9999999.000,0.000,0.000,1.000,17,0,0,1,18,0,17,1,0.9444444444444444,0,0,1.0,0.9714285714285714,0.02857142857142858
"F[1,1]((Resp <= 16.235 & AST <= 3.613) & pH >= 0.218)
",-0.218,-0.218,0.000,0.000,1.000,17,0,0,1,18,0,17,1,0.9444444444444444,0,0,1.0,0.9714285714285714,0.02857142857142858
"((Creatinine >= 0.054) U[1,1] (Hgb >= 0.537))
",-0.054,-0.054,0.000,0.000,1.000,17,0,0,1,18,0,17,1,0.9444444444444444,0,0,1.0,0.9714285714285714,0.02857142857142858
"F[1,1]((Calcium <= 4.305 & Potassium <= 2.390) & Magnesium >= 0.027)
",-0.027,-0.027,0.000,0.000,1.000,17,0,0,1,18,0,17,1,0.9444444444444444,0,0,1.0,0.9714285714285714,0.02857142857142858
"F[0,0]((Calcium <= 0.973 & Potassium <= 2.937) & Magnesium >= 0.065)
",-0.065,-0.065,0.000,0.000,1.000,17,0,0,1,18,0,17,1,0.9444444444444444,0,0,1.0,0.9714285714285714,0.02857142857142858
"F[1,1]((FiO2 >= 0.000 | O2Sat <= 89.479) -> Fibrinogen >= 50.806)
",-89.479,-89.479,0.000,0.000,1.000,17,0,0,1,18,0,17,1,0.9444444444444444,0,0,1.0,0.9714285714285714,0.02857142857142858
"((FiO2 > 0.000) U[1,1] (SepsisLabel = 0.000))
",0.000,0.000,0.000,0.000,1.000,17,0,0,1,18,0,17,1,0.9444444444444444,0,0,1.0,0.9714285714285714,0.02857142857142858
"F[0,1](((Alkalinephos <= 10.357 -> Platelets <= 179.055) -> WBC <= 340.307) -> HCO3 >= 1.270)
",-9999999.000,-9999999.000,0.000,0.000,1.000,17,0,0,1,18,0,17,1,0.9444444444444444,0,0,1.0,0.9714285714285714,0.02857142857142858
"F[0,0](Lactate >= 0.000 & Calcium >= 0.465)
",-0.465,-0.465,0.000,0.000,1.000,17,0,0,1,18,0,17,1,0.9444444444444444,0,0,1.0,0.9714285714285714,0.02857142857142858
"F[1,1]((Calcium <= 2.852 & Potassium <= 2.649) & Magnesium >= 0.100)
",-0.100,-0.100,0.000,0.000,1.000,17,0,0,1,18,0,17,1,0.9444444444444444,0,0,1.0,0.9714285714285714,0.02857142857142858
"F[0,1](((Fibrinogen <= 0.000 | MAP <= 88.511) -> Resp <= 112.716) & PTT >= 63.352)
",-9999999.000,-9999999.000,0.000,0.000,1.000,17,0,0,1,18,0,17,1,0.9444444444444444,0,0,1.0,0.9714285714285714,0.02857142857142858
"F[0,1]((Alkalinephos <= 41.917 | Hgb <= 9.145) & PaCO2 >= 0.190)
",-9999999.000,-9999999.000,0.000,0.000,1.000,17,0,0,1,18,0,17,1,0.9444444444444444,0,0,1.0,0.9714285714285714,0.02857142857142858
"F[0,1](((BUN >= 0.372 & HR >= 19.874) & Hgb >= 73.616) & Hgb <= 79.290)
",-9999999.000,-9999999.000,0.000,0.000,1.000,17,0,0,1,18,0,17,1,0.9444444444444444,0,0,1.0,0.9714285714285714,0.02857142857142858
"((SepsisLabel < 0.000) U[1,2] (SepsisLabel = 0.000))
",-9999999.000,-9999999.000,0.000,0.000,1.000,17,0,0,1,18,0,17,1,0.9444444444444444,0,0,1.0,0.9714285714285714,0.02857142857142858
"F[0,1](((AST <= 11.817 | Temp <= 13.927) -> Fibrinogen >= 5.327) | Bilirubin_total >= 7.078)
",-9999999.000,-9999999.000,0.000,0.000,1.000,17,0,0,1,18,0,17,1,0.9444444444444444,0,0,1.0,0.9714285714285714,0.02857142857142858
"((Bilirubin_total >= 0.007) U[1,1] (SepsisLabel = 0.000))
",0.000,0.000,0.000,0.000,1.000,17,0,0,1,18,0,17,1,0.9444444444444444,0,0,1.0,0.9714285714285714,0.02857142857142858
"F[1,1]((Magnesium >= 0.018 | Resp <= 19.356) & Chloride >= 4.108)
",-4.108,-4.108,0.000,0.000,1.000,17,0,0,1,18,0,17,1,0.9444444444444444,0,0,1.0,0.9714285714285714,0.02857142857142858
"((SaO2 <= 0.000) U[0,0] (Glucose >= 1.187))
",0.000,0.000,0.000,0.000,1.000,17,0,0,1,18,0,17,1,0.9444444444444444,0,0,1.0,0.9714285714285714,0.02857142857142858
"F[0,1]((SepsisLabel >= 0.000 | DBP <= 82.203) & pH >= 21.726)
",-9999999.000,-9999999.000,0.000,0.000,1.000,17,0,0,1,18,0,17,1,0.9444444444444444,0,0,1.0,0.9714285714285714,0.02857142857142858
"F[1,1]((DBP <= 79.801 -> Resp >= 5.248) & FiO2 >= 7.935)
",-79.801,-79.801,0.000,0.000,1.000,17,0,0,1,18,0,17,1,0.9444444444444444,0,0,1.0,0.9714285714285714,0.02857142857142858
"F[0,0](((Bilirubin_total <= 0.039 & Hct >= 0.265) | Potassium >= 1.350) | WBC >= 1.227)
",-1.220,-0.378,0.000,0.000,1.000,17,0,0,1,18,0,17,1,0.9444444444444444,0,0,1.0,0.9714285714285714,0.02857142857142858
"F[0,1](((Magnesium >= 0.058 | Calcium <= 1.246) -> Platelets <= 3.551) -> SepsisLabel >= 0.233)
",-9999999.000,-9999999.000,0.000,0.000,1.000,16,0,0,2,18,0,16,2,0.8888888888888888,0,0,1.0,0.9142857142857143,0.08571428571428574
"((Magnesium >= 0.010) U[1,2] (SepsisLabel = 0.000))
",-9999999.000,-9999999.000,0.000,0.000,1.000,16,0,0,2,18,0,16,2,0.8888888888888888,0,0,1.0,0.9142857142857143,0.08571428571428574
"F[0,1](Alkalinephos >= 0.105 & PaCO2 <= 0.000)
",-9999999.000,-9999999.000,0.000,0.000,1.000,16,0,0,2,18,0,16,2,0.8888888888888888,0,0,1.0,0.9142857142857143,0.08571428571428574
"F[0,1](Alkalinephos >= 1.030 & SepsisLabel = 0.000)
",-9999999.000,-9999999.000,0.000,0.000,1.000,16,0,0,2,18,0,16,2,0.8888888888888888,0,0,1.0,0.9142857142857143,0.08571428571428574
"((Temp >= 2.399) U[1,2] (AST <= 8.249))
",-9999999.000,-9999999.000,0.000,0.000,1.000,16,0,0,2,18,0,16,2,0.8888888888888888,0,0,1.0,0.9142857142857143,0.08571428571428574
"((Glucose >= 0.522) U[1,2] (MAP <= 118.603))
",-9999999.000,-9999999.000,0.000,0.000,1.000,16,0,0,2,18,0,16,2,0.8888888888888888,0,0,1.0,0.9142857142857143,0.08571428571428574
"F[0,1](Hct >= 1.070 & SBP <= 128.601)
",-9999999.000,-9999999.000,0.000,0.000,1.000,16,0,0,2,18,0,16,2,0.8888888888888888,0,0,1.0,0.9142857142857143,0.08571428571428574
"F[1,1]((Alkalinephos >= 0.006 & Potassium <= 3.172) | Magnesium >= 0.106)
",-0.006,-0.006,0.000,0.000,1.000,16,0,0,2,18,0,16,2,0.8888888888888888,0,0,1.0,0.9142857142857143,0.08571428571428574
"((O2Sat >= 59.760) U[0,1] (WBC >= 0.420))
",-9999999.000,-9999999.000,0.000,0.000,1.000,15,0,0,3,18,0,15,3,0.8333333333333334,0,0,1.0,0.8571428571428571,0.1428571428571429
"F[0,1]((HR >= 12.727 | AST >= 0.028) & Potassium >= 0.417)
",-9999999.000,-9999999.000,0.000,0.000,1.000,15,0,0,3,18,0,15,3,0.8333333333333334,0,0,1.0,0.8571428571428571,0.1428571428571429
"((Magnesium <= 0.301) U[0,1] (Phosphate >= 0.104))
",-9999999.000,-9999999.000,0.000,0.000,1.000,15,0,0,3,18,0,15,3,0.8333333333333334,0,0,1.0,0.8571428571428571,0.1428571428571429
"((Hct <= 28.066) U[0,1] (Phosphate >= 0.030))
",-9999999.000,-9999999.000,0.000,0.000,1.000,15,0,0,3,18,0,15,3,0.8333333333333334,0,0,1.0,0.8571428571428571,0.1428571428571429
"((Hct <= 16.849) U[0,1] (Platelets >= 18.304))
",-9999999.000,-9999999.000,0.000,0.000,1.000,15,0,0,3,18,0,15,3,0.8333333333333334,0,0,1.0,0.8571428571428571,0.1428571428571429
"F[0,1](((Lactate >= 0.000 -> Hct <= 19.963) | SaO2 >= 1.462) -> Platelets >= 1.273)
",-9999999.000,-9999999.000,0.000,0.000,1.000,15,0,0,3,18,0,15,3,0.8333333333333334,0,0,1.0,0.8571428571428571,0.1428571428571429
"((Bilirubin_total >= 0.003) U[0,1] (WBC >= 0.259))
",-9999999.000,-9999999.000,0.000,0.000,1.000,15,0,0,3,18,0,15,3,0.8333333333333334,0,0,1.0,0.8571428571428571,0.1428571428571429
"F[0,1](Lactate <= 0.000 & Potassium >= 0.247)
",-9999999.000,-9999999.000,0.000,0.000,1.000,14,0,0,4,18,0,14,4,0.7777777777777778,0,0,1.0,0.8,0.19999999999999996
"((SaO2 >= 0.000) U[0,1] (Creatinine >= 0.052))
",-9999999.000,-9999999.000,0.000,0.000,1.000,14,0,0,4,18,0,14,4,0.7777777777777778,0,0,1.0,0.8,0.19999999999999996
"F[0,0](O2Sat <= 97.703 -> Hct >= 1.149)
",-1.089,-28.645,0.000,0.000,1.000,12,0,0,6,18,0,12,6,0.6666666666666666,0,0,1.0,0.6857142857142857,0.3142857142857143
"((MAP >= 16.860) U[1,1] (SBP <= 119.077))
",119.077,119.077,0.000,0.000,1.000,11,0,0,7,18,0,11,7,0.6111111111111112,0,0,1.0,0.6285714285714286,0.37142857142857144
"F[0,1](SBP >= 68.490 & Temp >= 1.034)
",-9999999.000,-9999999.000,0.000,0.000,1.000,10,0,0,8,18,0,10,8,0.5555555555555556,0,0,1.0,0.5714285714285714,0.4285714285714286
"F[1,1](Temp >= 1.593 & SepsisLabel = 0.000)
",-1.593,-1.593,0.000,0.000,1.000,10,0,0,8,18,0,10,8,0.5555555555555556,0,0,1.0,0.5714285714285714,0.4285714285714286
"F[0,1](((HR <= 88.485 | WBC >= 0.171) & Temp >= 0.058) & AST <= 3.489)
",-9999999.000,-9999999.000,0.000,0.000,1.000,10,0,0,8,18,0,10,8,0.5555555555555556,0,0,1.0,0.5714285714285714,0.4285714285714286
"F[0,1](DBP <= 69.624 & O2Sat >= 2.778)
",-9999999.000,-9999999.000,0.000,0.000,1.000,9,0,0,9,18,0,9,9,0.5,0,0,1.0,0.5142857142857142,0.48571428571428577
"((MAP >= 55.601) U[0,1] (SBP <= 117.372))
",-9999999.000,-9999999.000,0.000,0.000,1.000,8,0,0,10,18,0,8,10,0.4444444444444444,0,0,1.0,0.45714285714285713,0.5428571428571429
"F[0,1]((MAP >= 11.578 & Resp <= 16.743) | EtCO2 >= 6.154)
",-9999999.000,-9999999.000,0.000,0.000,1.000,8,0,0,10,18,0,8,10,0.4444444444444444,0,0,1.0,0.45714285714285713,0.5428571428571429
"((HR <= 78.815) U[1,2] (BUN <= 10.808))
",-9999999.000,-9999999.000,0.000,0.000,1.000,8,0,0,10,18,0,8,10,0.4444444444444444,0,0,1.0,0.45714285714285713,0.5428571428571429
"((Potassium <= 2.427) U[1,1] (Temp <= 34.797))
",34.797,34.797,0.000,0.000,1.000,7,0,0,11,18,0,7,11,0.3888888888888889,0,0,1.0,0.4,0.6
"F[1,1](SBP >= 94.886 & Temp <= 28.239)
",-94.886,-94.886,0.000,0.000,1.000,7,0,0,11,18,0,7,11,0.3888888888888889,0,0,1.0,0.4,0.6
"((O2Sat >= 78.006) U[1,1] (SaO2 <= 0.000))
",0.000,0.000,0.000,0.000,1.000,5,0,0,13,18,0,5,13,0.2777777777777778,0,0,1.0,0.2857142857142857,0.7142857142857143
"((O2Sat >= 14.675) U[1,2] (TroponinI <= 0.000))
",-9999999.000,-9999999.000,0.000,0.000,1.000,5,0,0,13,18,0,5,13,0.2777777777777778,0,0,1.0,0.2857142857142857,0.7142857142857143
"((Creatinine <= 0.419) U[0,0] (SBP >= 100.529))
",0.419,0.419,0.000,0.000,1.000,4,0,0,14,18,0,4,14,0.2222222222222222,0,0,1.0,0.22857142857142856,0.7714285714285715
"((Platelets >= 4.900) U[0,1] (SBP <= 132.989))
",-9999999.000,-9999999.000,0.000,0.000,1.000,4,0,0,14,18,0,4,14,0.2222222222222222,0,0,1.0,0.22857142857142856,0.7714285714285715
"F[0,1]((Lactate <= 0.000 & SBP <= 129.720) & Resp <= 156.220)
",-9999999.000,-9999999.000,0.000,0.000,1.000,4,0,0,14,18,0,4,14,0.2222222222222222,0,0,1.0,0.22857142857142856,0.7714285714285715
"F[0,1]((MAP <= 98.769 -> SBP <= 120.750) & pH <= 148.939)
",-9999999.000,-9999999.000,0.000,0.000,1.000,4,0,0,14,18,0,4,14,0.2222222222222222,0,0,1.0,0.22857142857142856,0.7714285714285715
"((Calcium <= 1.126) U[1,1] (Calcium <= 2.321))
",2.321,2.321,0.000,0.000,1.000,3,0,0,15,18,0,3,15,0.16666666666666666,0,0,1.0,0.17142857142857143,0.8285714285714285
"((MAP >= 75.338) U[1,2] (SBP <= 123.007))
",-9999999.000,-9999999.000,0.000,0.000,1.000,3,0,0,15,18,0,3,15,0.16666666666666666,0,0,1.0,0.17142857142857143,0.8285714285714285
"F[1,1]((Calcium <= 4.269 | O2Sat <= 87.753) & WBC <= 99.482)
",87.753,87.753,0.000,0.000,1.000,2,0,0,16,18,0,2,16,0.1111111111111111,0,0,1.0,0.11428571428571428,0.8857142857142857
"((BUN <= 2.881) U[1,1] (Magnesium <= 0.839))
",2.881,2.881,0.000,0.000,1.000,2,0,0,16,18,0,2,16,0.1111111111111111,0,0,1.0,0.11428571428571428,0.8857142857142857
"F[0,0]((Hct >= 0.971 & O2Sat >= 2.663) | SBP >= 76.361)
",-2.146,-1.170,0.000,0.000,1.000,2,0,0,16,18,0,2,16,0.1111111111111111,0,0,1.0,0.11428571428571428,0.8857142857142857
"((EtCO2 <= 0.000) U[0,0] (O2Sat <= 99.328))
",1.151,30.269,0.000,0.000,1.000,2,0,0,16,18,0,2,16,0.1111111111111111,0,0,1.0,0.11428571428571428,0.8857142857142857
"F[0,0](((Hgb <= 3.956 | WBC <= 4.570) | AST <= 8.284) & SBP >= 0.219)
",0.494,1.782,0.000,0.000,1.000,2,0,0,16,18,0,2,16,0.1111111111111111,0,0,1.0,0.11428571428571428,0.8857142857142857
"F[1,1](Hct >= 0.874 -> Hgb <= 4.076)
",-4.076,-4.076,0.000,0.000,1.000,2,0,0,16,18,0,2,16,0.1111111111111111,0,0,1.0,0.11428571428571428,0.8857142857142857
"((HR >= 31.800) U[1,1] (MAP >= 3.851))
",-3.851,-3.851,0.000,0.000,1.000,2,0,0,16,18,0,2,16,0.1111111111111111,0,0,1.0,0.11428571428571428,0.8857142857142857
"F[1,1](((Lactate <= 0.000 -> Creatinine >= 0.059) | HR <= 0.376) -> Creatinine <= 0.642)
",-0.642,-0.642,0.000,0.000,1.000,2,0,0,16,18,0,2,16,0.1111111111111111,0,0,1.0,0.11428571428571428,0.8857142857142857
"F[1,1]((Platelets >= 19.995 -> Potassium <= 2.707) & HR >= 0.064)
",-2.707,-2.707,0.000,0.000,1.000,2,0,0,16,18,0,2,16,0.1111111111111111,0,0,1.0,0.11428571428571428,0.8857142857142857
"F[1,1](Hgb <= 8.663 | Hct <= 12.365)
",12.365,12.365,0.000,0.000,1.000,2,0,0,16,18,0,2,16,0.1111111111111111,0,0,1.0,0.11428571428571428,0.8857142857142857
"((Chloride >= 0.000) U[0,0] (MAP <= 110.697))
",0.444,15.534,0.000,0.000,1.000,2,0,0,16,18,0,2,16,0.1111111111111111,0,0,1.0,0.11428571428571428,0.8857142857142857
"F[1,1](Hgb <= 3.966 | Hct <= 22.410)
",22.410,22.410,0.000,0.000,1.000,2,0,0,16,18,0,2,16,0.1111111111111111,0,0,1.0,0.11428571428571428,0.8857142857142857
"F[0,0](((Calcium < 4.900 & Potassium < 4.089) & Magnesium < 1.069) & Phosphate < 2.094)
",1.069,1.069,0.000,0.000,1.000,2,0,0,16,18,0,2,16,0.1111111111111111,0,0,1.0,0.11428571428571428,0.8857142857142857
"((Hct >= 0.029) U[1,2] (Creatinine >= 0.049))
",-9999999.000,-9999999.000,0.000,0.000,1.000,2,0,0,16,18,0,2,16,0.1111111111111111,0,0,1.0,0.11428571428571428,0.8857142857142857
"((WBC <= 6.571) U[1,1] (Hct <= 12.847))
",12.847,12.847,0.000,0.000,1.000,2,0,0,16,18,0,2,16,0.1111111111111111,0,0,1.0,0.11428571428571428,0.8857142857142857
"F[1,1](((BUN >= 0.408 | Magnesium >= 0.051) | EtCO2 >= 0.068) -> BUN <= 2.007)
",-2.007,-2.007,0.000,0.000,1.000,2,0,0,16,18,0,2,16,0.1111111111111111,0,0,1.0,0.11428571428571428,0.8857142857142857
"F[0,0](((Glucose >= 7.290 -> PTT >= 0.000) -> EtCO2 >= 0.000) -> Phosphate <= 0.000)
",0.000,0.000,0.000,0.000,1.000,1,0,0,17,18,0,1,17,0.05555555555555555,0,0,1.0,0.05714285714285714,0.9428571428571428
"F[0,0](Calcium <= 0.992 -> MAP >= 37.403)
",-2.387,-72.703,0.000,0.000,1.000,1,0,0,17,18,0,1,17,0.05555555555555555,0,0,1.0,0.05714285714285714,0.9428571428571428
"F[1,1](Alkalinephos >= 1.891 -> Magnesium <= 0.137)
",-0.137,-0.137,0.000,0.000,1.000,1,0,0,17,18,0,1,17,0.05555555555555555,0,0,1.0,0.05714285714285714,0.9428571428571428
"((BUN <= 1.337) U[1,1] (SBP >= 27.944))
",1.337,1.337,0.000,0.000,1.000,1,0,0,17,18,0,1,17,0.05555555555555555,0,0,1.0,0.05714285714285714,0.9428571428571428
"((Calcium <= 3.513) U[1,2] (Resp >= 12.744))
",-9999999.000,-9999999.000,0.000,0.000,1.000,1,0,0,17,18,0,1,17,0.05555555555555555,0,0,1.0,0.05714285714285714,0.9428571428571428
"((MAP >= 72.780) U[0,1] (SBP <= 145.769))
",-9999999.000,-9999999.000,0.000,0.000,1.000,1,0,0,17,18,0,1,17,0.05555555555555555,0,0,1.0,0.05714285714285714,0.9428571428571428
"F[0,0]((DBP <= 93.899 -> BaseExcess >= 0.000) & Glucose <= 0.000)
",-0.728,-20.205,0.000,0.000,1.000,1,0,0,17,18,0,1,17,0.05555555555555555,0,0,1.0,0.05714285714285714,0.9428571428571428
"((MAP >= 34.365) U[1,2] (SBP <= 131.378))
",-9999999.000,-9999999.000,0.000,0.000,1.000,1,0,0,17,18,0,1,17,0.05555555555555555,0,0,1.0,0.05714285714285714,0.9428571428571428
"F[0,0](Hgb <= 4.411 -> Magnesium <= 0.300)
",-4.310,-4.169,0.000,0.000,1.000,1,0,0,17,18,0,1,17,0.05555555555555555,0,0,1.0,0.05714285714285714,0.9428571428571428
"F[1,1](Magnesium <= 1.067 & SepsisLabel = 0.000)
",0.000,0.000,0.000,0.000,1.000,1,0,0,17,18,0,1,17,0.05555555555555555,0,0,1.0,0.05714285714285714,0.9428571428571428
"((Glucose <= 43.107) U[1,2] (SepsisLabel = 0.000))
",-9999999.000,-9999999.000,0.000,0.000,1.000,1,0,0,17,18,0,1,17,0.05555555555555555,0,0,1.0,0.05714285714285714,0.9428571428571428
"F[1,2](pH >= 0.000 | Fibrinogen <= 0.000)
",-9999999.000,-9999999.000,0.000,0.000,1.000,0,0,0,18,18,0,0,18,0.0,0,0,0.0,0.0,1.0
"F[2,2]((Lactate <= 0.000 | SepsisLabel <= 0.000) & Calcium <= 0.000)
",0.000,0.000,0.000,0.000,1.000,0,0,0,18,18,0,0,18,0.0,0,0,0.0,0.0,1.0
"F[2,2](((Potassium >= 0.299 & DBP >= 25.368) & Hct <= 70.750) & TroponinI >= 41.001)
",-41.001,-41.001,0.000,0.000,1.000,0,0,0,18,18,0,0,18,0.0,0,0,0.0,0.0,1.0
"F[0,1](((WBC >= 0.056 | TroponinI <= 0.000) -> TroponinI >= 0.000) -> HCO3 <= 0.000)
",-9999999.000,-9999999.000,0.000,0.000,1.000,0,0,0,18,18,0,0,18,0.0,0,0,0.0,0.0,1.0
"F[1,2](((pH <= 0.000 | FiO2 >= 0.000) -> Lactate >= 0.000) -> SaO2 >= 0.000)
",-9999999.000,-9999999.000,0.000,0.000,1.000,0,0,0,18,18,0,0,18,0.0,0,0,0.0,0.0,1.0
"((MAP >= 76.014) U[0,2] (Hgb <= 1.336))
",-9999999.000,-9999999.000,0.000,0.000,1.000,0,0,0,18,18,0,0,18,0.0,0,0,0.0,0.0,1.0
"F[0,2](((PaCO2 >= 0.000 & HR <= 85.042) | MAP <= 87.465) -> BaseExcess <= 86.192)
",-9999999.000,-9999999.000,0.000,0.000,1.000,0,0,0,18,18,0,0,18,0.0,0,0,0.0,0.0,1.0
"F[0,1](((Glucose >= 7.210 | WBC <= 6.681) & PaCO2 <= 8.860) | Lactate >= 0.001)
",-9999999.000,-9999999.000,0.000,0.000,1.000,0,0,0,18,18,0,0,18,0.0,0,0,0.0,0.0,1.0
"F[1,2](((Hgb <= 3.271 & HR <= 78.415) -> AST <= 81.400) -> HCO3 <= 80.530)
",-9999999.000,-9999999.000,0.000,0.000,1.000,0,0,0,18,18,0,0,18,0.0,0,0,0.0,0.0,1.0
"F[1,2](pH <= 0.000 -> EtCO2 >= 0.000)
",-9999999.000,-9999999.000,0.000,0.000,1.000,0,0,0,18,18,0,0,18,0.0,0,0,0.0,0.0,1.0
"F[0,2](((pH <= 0.000 & Hct >= 1.474) | HCO3 <= 27.499) & SaO2 <= 2.338)
",-9999999.000,-9999999.000,0.000,0.000,1.000,0,0,0,18,18,0,0,18,0.0,0,0,0.0,0.0,1.0
"F[0,2]((Bilirubin_total >= 0.007 -> O2Sat <= 86.515) & Fibrinogen <= 91.860)
",-9999999.000,-9999999.000,0.000,0.000,1.000,0,0,0,18,18,0,0,18,0.0,0,0,0.0,0.0,1.0
"F[0,1](Chloride >= 0.000 & TroponinI >= 0.000)
",-9999999.000,-9999999.000,0.000,0.000,1.000,0,0,0,18,18,0,0,18,0.0,0,0,0.0,0.0,1.0
"F[0,1](((EtCO2 <= 0.000 & EtCO2 >= 0.000) -> Bilirubin_direct >= 0.000) -> O2Sat >= 0.000)
",-9999999.000,-9999999.000,0.000,0.000,1.000,0,0,0,18,18,0,0,18,0.0,0,0,0.0,0.0,1.0
"F[0,2](((Chloride <= 0.000 | Alkalinephos >= 1.454) -> SBP >= 2.621) -> O2Sat <= 85.989)
",-9999999.000,-9999999.000,0.000,0.000,1.000,0,0,0,18,18,0,0,18,0.0,0,0,0.0,0.0,1.0
"F[1,2](((HCO3 >= 0.000 | SaO2 <= 0.000) | PTT <= 0.000) | Resp <= 0.000)
",-9999999.000,-9999999.000,0.000,0.000,1.000,0,0,0,18,18,0,0,18,0.0,0,0,0.0,0.0,1.0
"F[2,2](((Phosphate >= 0.001 | SaO2 >= 0.000) | Glucose >= 0.000) & EtCO2 >= 0.000)
",0.000,0.000,0.000,0.000,1.000,0,0,0,18,18,0,0,18,0.0,0,0,0.0,0.0,1.0
"F[2,2](((SaO2 >= 0.000 | BUN <= 6.152) -> Fibrinogen >= 0.435) & Calcium <= 11.472)
",-6.152,-6.152,0.000,0.000,1.000,0,0,0,18,18,0,0,18,0.0,0,0,0.0,0.0,1.0
"F[0,1](((Alkalinephos <= 53.725 | Resp >= 11.434) | Alkalinephos >= 2.961) | O2Sat >= 8.898)
",-9999999.000,-9999999.000,0.000,0.000,1.000,0,0,0,18,18,0,0,18,0.0,0,0,0.0,0.0,1.0
"F[0,1](((PTT >= 0.000 & Platelets <= 156.089) -> Resp >= 3.377) -> TroponinI <= 438.542)
",-9999999.000,-9999999.000,0.000,0.000,1.000,0,0,0,18,18,0,0,18,0.0,0,0,0.0,0.0,1.0
"F[0,2]((AST >= 0.169 & PaCO2 <= 0.000) -> Potassium >= 0.000)
",-9999999.000,-9999999.000,0.000,0.000,1.000,0,0,0,18,18,0,0,18,0.0,0,0,0.0,0.0,1.0
"F[0,2](((HR >= 74.536 -> Potassium >= 0.097) -> Temp >= 0.155) & PTT >= 0.005)
",-9999999.000,-9999999.000,0.000,0.000,1.000,0,0,0,18,18,0,0,18,0.0,0,0,0.0,0.0,1.0
"F[0,2](((Bilirubin_total >= 0.001 -> pH >= 0.000) -> Creatinine >= 0.000) | Bilirubin_direct <= 0.000)
",-9999999.000,-9999999.000,0.000,0.000,1.000,0,0,0,18,18,0,0,18,0.0,0,0,0.0,0.0,1.0
"F[1,2]((Temp <= 26.219 | Alkalinephos >= 0.423) -> BUN >= 1.671)
",-9999999.000,-9999999.000,0.000,0.000,1.000,0,0,0,18,18,0,0,18,0.0,0,0,0.0,0.0,1.0
"((Bilirubin_direct <= 0.000) U[2,2] (Calcium >= 0.175))
",0.000,0.000,0.000,0.000,1.000,0,0,0,18,18,0,0,18,0.0,0,0,0.0,0.0,1.0
"F[0,1]((SaO2 >= 0.000 -> BaseExcess <= 0.000) -> SaO2 >= 0.000)
",-9999999.000,-9999999.000,0.000,0.000,1.000,0,0,0,18,18,0,0,18,0.0,0,0,0.0,0.0,1.0
"F[0,1](((BaseExcess <= 0.000 -> PaCO2 <= 0.000) -> Potassium >= 0.000) & Creatinine <= 0.000)
",-9999999.000,-9999999.000,0.000,0.000,1.000,0,0,0,18,18,0,0,18,0.0,0,0,0.0,0.0,1.0
"F[1,1]((WBC >= 0.340 & EtCO2 >= 0.000) -> MAP >= 0.000)
",0.000,0.000,0.000,0.000,1.000,0,0,0,18,18,0,0,18,0.0,0,0,0.0,0.0,1.0
"F[2,2]((Calcium <= 6.730 -> EtCO2 >= 0.000) -> SepsisLabel >= 0.000)
",0.000,0.000,0.000,0.000,1.000,0,0,0,18,18,0,0,18,0.0,0,0,0.0,0.0,1.0
"F[1,2]((Lactate >= 0.000 & Magnesium <= 0.349) | MAP >= 0.074)
",-9999999.000,-9999999.000,0.000,0.000,1.000,0,0,0,18,18,0,0,18,0.0,0,0,0.0,0.0,1.0
"F[0,1]((BaseExcess <= 0.000 | O2Sat >= 36.434) | AST <= 88.977)
",-9999999.000,-9999999.000,0.000,0.000,1.000,0,0,0,18,18,0,0,18,0.0,0,0,0.0,0.0,1.0
"F[0,2]((HCO3 <= 0.000 | MAP >= 36.802) & Resp <= 89.053)
",-9999999.000,-9999999.000,0.000,0.000,1.000,0,0,0,18,18,0,0,18,0.0,0,0,0.0,0.0,1.0
"F[1,2](((TroponinI >= 0.000 -> Bilirubin_total >= 0.009) -> Resp <= 0.277) -> Bilirubin_direct >= 0.014)
",-9999999.000,-9999999.000,0.000,0.000,1.000,0,0,0,18,18,0,0,18,0.0,0,0,0.0,0.0,1.0
"F[0,1](Calcium <= 7.925 & Fibrinogen <= 0.000)
",-9999999.000,-9999999.000,0.000,0.000,1.000,0,0,0,18,18,0,0,18,0.0,0,0,0.0,0.0,1.0
"F[0,1](DBP >= 23.019 | Hgb >= 0.304)
",-9999999.000,-9999999.000,0.000,0.000,1.000,0,0,0,18,18,0,0,18,0.0,0,0,0.0,0.0,1.0
"F[0,2](Glucose <= 17.807 & SepsisLabel >= 0.000)
",-9999999.000,-9999999.000,0.000,0.000,1.000,0,0,0,18,18,0,0,18,0.0,0,0,0.0,0.0,1.0
"F[1,2](PaCO2 >= 0.000 -> Fibrinogen <= 0.000)
",-9999999.000,-9999999.000,0.000,0.000,1.000,0,0,0,18,18,0,0,18,0.0,0,0,0.0,0.0,1.0
"F[1,1]((SaO2 <= 0.000 -> Calcium >= 0.594) -> TroponinI <= 4.323)
",-4.323,-4.323,0.000,0.000,1.000,0,0,0,18,18,0,0,18,0.0,0,0,0.0,0.0,1.0
"((Hgb <= 1.485) U[0,2] (Bilirubin_direct <= 0.000))
",-9999999.000,-9999999.000,0.000,0.000,1.000,0,0,0,18,18,0,0,18,0.0,0,0,0.0,0.0,1.0
"F[2,2]((Glucose >= 5.117 | Chloride <= 0.000) | Bilirubin_direct >= 0.000)
",0.000,0.000,0.000,0.000,1.000,0,0,0,18,18,0,0,18,0.0,0,0,0.0,0.0,1.0
"F[0,2]((SBP >= 53.524 -> Resp <= 17.389) & Chloride >= 11.858)
",-9999999.000,-9999999.000,0.000,0.000,1.000,0,0,0,18,18,0,0,18,0.0,0,0,0.0,0.0,1.0
"F[1,1](((Hct <= 1.731 -> SepsisLabel >= 0.000) | PTT >= 0.000) | SepsisLabel >= 0.000)
",0.000,0.000,0.000,0.000,1.000,0,0,0,18,18,0,0,18,0.0,0,0,0.0,0.0,1.0
"F[1,2](((HCO3 <= 0.000 | Bilirubin_total >= 0.012) -> BUN <= 0.387) & HR >= 0.006)
",-9999999.000,-9999999.000,0.000,0.000,1.000,0,0,0,18,18,0,0,18,0.0,0,0,0.0,0.0,1.0
"F[1,2](Hgb <= 4.319 | Hct <= 12.717)
",-9999999.000,-9999999.000,0.000,0.000,1.000,0,0,0,18,18,0,0,18,0.0,0,0,0.0,0.0,1.0
"F[0,0]((SaO2 >= 0.000 | Phosphate >= 0.057) & FiO2 <= 0.684)
",0.000,0.000,0.000,0.000,1.000,0,0,0,18,18,0,0,18,0.0,0,0,0.0,0.0,1.0
"((MAP <= 84.809) U[0,0] (Bilirubin_total <= 0.283))
",0.368,10.044,0.000,0.000,1.000,0,0,0,18,18,0,0,18,0.0,0,0,0.0,0.0,1.0
"F[0,2]((SaO2 <= 0.000 -> Hgb <= 3.510) | Temp <= 8.054)
",-9999999.000,-9999999.000,0.000,0.000,1.000,0,0,0,18,18,0,0,18,0.0,0,0,0.0,0.0,1.0
"F[1,1](MAP <= 105.511 | PTT <= 0.000)
",105.511,105.511,0.000,0.000,1.000,0,0,0,18,18,0,0,18,0.0,0,0,0.0,0.0,1.0
"F[1,2](((Alkalinephos <= 62.717 | BaseExcess >= 0.000) -> Resp <= 0.000) | Fibrinogen >= 0.000)
",-9999999.000,-9999999.000,0.000,0.000,1.000,0,0,0,18,18,0,0,18,0.0,0,0,0.0,0.0,1.0
"F[0,2](((DBP >= 3.978 -> Glucose <= 137.522) & Calcium >= 6.443) | HCO3 <= 117.535)
",-9999999.000,-9999999.000,0.000,0.000,1.000,0,0,0,18,18,0,0,18,0.0,0,0,0.0,0.0,1.0
"F[0,1]((Bilirubin_total >= 0.013 & PTT <= 0.000) | SaO2 >= 0.000)
",-9999999.000,-9999999.000,0.000,0.000,1.000,0,0,0,18,18,0,0,18,0.0,0,0,0.0,0.0,1.0
"((Bilirubin_direct <= 0.000) U[0,1] (HCO3 <= 0.000))
",-9999999.000,-9999999.000,0.000,0.000,1.000,0,0,0,18,18,0,0,18,0.0,0,0,0.0,0.0,1.0
"F[1,2](((AST >= 0.353 -> Chloride >= 0.000) & Creatinine <= 0.000) | Magnesium <= 0.000)
",-9999999.000,-9999999.000,0.000,0.000,1.000,0,0,0,18,18,0,0,18,0.0,0,0,0.0,0.0,1.0
"F[1,1]((AST >= 0.325 -> Platelets >= 6.729) -> Glucose <= 344.016)
",-344.016,-344.016,0.000,0.000,1.000,0,0,0,18,18,0,0,18,0.0,0,0,0.0,0.0,1.0
"F[2,2]((MAP >= 24.338 & Calcium >= 0.428) & TroponinI <= 3.113)
",-24.338,-24.338,0.000,0.000,1.000,0,0,0,18,18,0,0,18,0.0,0,0,0.0,0.0,1.0
"((TroponinI >= 0.000) U[0,1] (SepsisLabel <= 0.000))
",-9999999.000,-9999999.000,0.000,0.000,1.000,0,0,0,18,18,0,0,18,0.0,0,0,0.0,0.0,1.0
"((Temp >= 3.587) U[0,2] (WBC >= 0.324))
",-9999999.000,-9999999.000,0.000,0.000,1.000,0,0,0,18,18,0,0,18,0.0,0,0,0.0,0.0,1.0
"F[2,2](pH >= 0.000 | Resp >= 4.801)
",0.000,0.000,0.000,0.000,1.000,0,0,0,18,18,0,0,18,0.0,0,0,0.0,0.0,1.0
"F[1,2]((Resp <= 19.471 -> PaCO2 >= 0.000) -> Phosphate >= 0.000)
",-9999999.000,-9999999.000,0.000,0.000,1.000,0,0,0,18,18,0,0,18,0.0,0,0,0.0,0.0,1.0
"((Lactate >= 0.000) U[0,1] (HCO3 >= 0.000))
",-9999999.000,-9999999.000,0.000,0.000,1.000,0,0,0,18,18,0,0,18,0.0,0,0,0.0,0.0,1.0
"((O2Sat >= 49.730) U[0,2] (Hgb <= 5.585))
",-9999999.000,-9999999.000,0.000,0.000,1.000,0,0,0,18,18,0,0,18,0.0,0,0,0.0,0.0,1.0
"((Hgb <= 7.518) U[2,2] (SaO2 >= 0.000))
",7.518,7.518,0.000,0.000,1.000,0,0,0,18,18,0,0,18,0.0,0,0,0.0,0.0,1.0
"F[1,2](((HR >= 4.855 & BUN <= 11.574) & Bilirubin_direct <= 11.777) | BUN >= 0.668)
",-9999999.000,-9999999.000,0.000,0.000,1.000,0,0,0,18,18,0,0,18,0.0,0,0,0.0,0.0,1.0
"((Temp <= 10.587) U[0,2] (EtCO2 >= 0.000))
",-9999999.000,-9999999.000,0.000,0.000,1.000,0,0,0,18,18,0,0,18,0.0,0,0,0.0,0.0,1.0
"F[0,2]((Lactate >= 0.000 & AST <= 5.319) | Phosphate <= 10.371)
",-9999999.000,-9999999.000,0.000,0.000,1.000,0,0,0,18,18,0,0,18,0.0,0,0,0.0,0.0,1.0
"F[2,2]((Phosphate <= 1.492 -> Hgb <= 2.877) & DBP >= 0.449)
",-2.877,-2.877,0.000,0.000,1.000,0,0,0,18,18,0,0,18,0.0,0,0,0.0,0.0,1.0
"F[0,2](pH >= 0.000 | Phosphate >= 0.062)
",-9999999.000,-9999999.000,0.000,0.000,1.000,0,0,0,18,18,0,0,18,0.0,0,0,0.0,0.0,1.0
"F[0,2](((Lactate <= 0.000 -> Hgb <= 0.937) -> PaCO2 <= 4.330) -> Hgb <= 8.832)
",-9999999.000,-9999999.000,0.000,0.000,1.000,0,0,0,18,18,0,0,18,0.0,0,0,0.0,0.0,1.0
"F[1,2](((Magnesium >= 0.042 | DBP <= 99.844) & DBP >= 22.213) | PTT >= 2.588)
",-9999999.000,-9999999.000,0.000,0.000,1.000,0,0,0,18,18,0,0,18,0.0,0,0,0.0,0.0,1.0
"F[0,1]((SaO2 <= 0.000 | MAP >= 79.747) & DBP <= 112.018)
",-9999999.000,-9999999.000,0.000,0.000,1.000,0,0,0,18,18,0,0,18,0.0,0,0,0.0,0.0,1.0
"F[1,2](((WBC >= 0.163 | AST >= 0.284) -> Calcium >= 0.271) -> O2Sat <= 2.206)
",-9999999.000,-9999999.000,0.000,0.000,1.000,0,0,0,18,18,0,0,18,0.0,0,0,0.0,0.0,1.0
"F[0,1](FiO2 >= 0.000 | Creatinine <= 0.290)
",-9999999.000,-9999999.000,0.000,0.000,1.000,0,0,0,18,18,0,0,18,0.0,0,0,0.0,0.0,1.0
"F[0,2](HR <= 79.754 & PTT >= 0.000)
",-9999999.000,-9999999.000,0.000,0.000,1.000,0,0,0,18,18,0,0,18,0.0,0,0,0.0,0.0,1.0
"F[0,2](((Chloride <= 0.000 & BaseExcess >= 0.000) | Chloride >= 0.000) -> Bilirubin_total <= 0.000)
",-9999999.000,-9999999.000,0.000,0.000,1.000,0,0,0,18,18,0,0,18,0.0,0,0,0.0,0.0,1.0
"F[0,2](BaseExcess >= 0.000 -> pH >= 0.000)
",-9999999.000,-9999999.000,0.000,0.000,1.000,0,0,0,18,18,0,0,18,0.0,0,0,0.0,0.0,1.0
"F[1,2](((PTT <= 0.000 | Hgb <= 0.662) & pH >= 0.341) -> Temp <= 7.439)
",-9999999.000,-9999999.000,0.000,0.000,1.000,0,0,0,18,18,0,0,18,0.0,0,0,0.0,0.0,1.0
"F[0,1](((EtCO2 >= 0.000 -> PTT >= 0.000) | SepsisLabel >= 0.000) & Platelets >= 0.000)
",-9999999.000,-9999999.000,0.000,0.000,1.000,0,0,0,18,18,0,0,18,0.0,0,0,0.0,0.0,1.0
"F[0,2](((Bilirubin_direct >= 0.000 | WBC <= 7.292) | Hgb >= 0.340) & Bilirubin_direct >= 0.267)
",-9999999.000,-9999999.000,0.000,0.000,1.000,0,0,0,18,18,0,0,18,0.0,0,0,0.0,0.0,1.0
"F[1,2](Hct >= 1.265 -> BUN >= 0.896)
",-9999999.000,-9999999.000,0.000,0.000,1.000,0,0,0,18,18,0,0,18,0.0,0,0,0.0,0.0,1.0
"((SepsisLabel >= 0.000) U[1,2] (Hct <= 5.196))
",-9999999.000,-9999999.000,0.000,0.000,1.000,0,0,0,18,18,0,0,18,0.0,0,0,0.0,0.0,1.0
"((Calcium >= 4.404073144430016e-05) U[2,2] (Lactate <= 0.000))
",0.000,0.000,0.000,0.000,1.000,0,0,0,18,18,0,0,18,0.0,0,0,0.0,0.0,1.0
"F[2,2](pH <= 0.000 -> O2Sat <= 95.013)
",-95.013,-95.013,0.000,0.000,1.000,0,0,0,18,18,0,0,18,0.0,0,0,0.0,0.0,1.0
"F[2,2](((TroponinI <= 0.000 -> Potassium <= 3.373) | Bilirubin_direct <= 2.434) -> SaO2 <= 2.863)
",-2.863,-2.863,0.000,0.000,1.000,0,0,0,18,18,0,0,18,0.0,0,0,0.0,0.0,1.0
"F[0,2](((PTT >= 0.000 | Temp <= 28.320) & Chloride <= 26.071) -> PTT <= 29.587)
",-9999999.000,-9999999.000,0.000,0.000,1.000,0,0,0,18,18,0,0,18,0.0,0,0,0.0,0.0,1.0
"F[0,2]((Alkalinephos <= 21.403 | Fibrinogen <= 0.000) & O2Sat <= 0.000)
",-9999999.000,-9999999.000,0.000,0.000,1.000,0,0,0,18,18,0,0,18,0.0,0,0,0.0,0.0,1.0
"F[0,2](((Hgb >= 0.343 | Alkalinephos >= 2.783) -> Glucose <= 47.846) & Platelets >= 1.806)
",-9999999.000,-9999999.000,0.000,0.000,1.000,0,0,0,18,18,0,0,18,0.0,0,0,0.0,0.0,1.0
"F[0,2](HR >= 28.757 -> Bilirubin_direct >= 0.000)
",-9999999.000,-9999999.000,0.000,0.000,1.000,0,0,0,18,18,0,0,18,0.0,0,0,0.0,0.0,1.0
"F[2,2](((Potassium <= 2.531 | MAP >= 16.740) | Chloride >= 81.249) & Bilirubin_total <= 116.258)
",2.531,2.531,0.000,0.000,1.000,0,0,0,18,18,0,0,18,0.0,0,0,0.0,0.0,1.0
"F[0,2](((SepsisLabel <= 0.000 | AST <= 12.648) -> Hgb >= 0.157) -> AST <= 3.806)
",-9999999.000,-9999999.000,0.000,0.000,1.000,0,0,0,18,18,0,0,18,0.0,0,0,0.0,0.0,1.0
"F[1,2](SBP >= 35.186 -> PaCO2 >= 0.000)
",-9999999.000,-9999999.000,0.000,0.000,1.000,0,0,0,18,18,0,0,18,0.0,0,0,0.0,0.0,1.0
"F[0,1](((O2Sat >= 58.410 -> Hct <= 27.942) | Creatinine <= 4.754) & Bilirubin_total <= 17.298)
",-9999999.000,-9999999.000,0.000,0.000,1.000,0,0,0,18,18,0,0,18,0.0,0,0,0.0,0.0,1.0
"F[0,2]((Phosphate <= 2.448 -> EtCO2 >= 0.000) & Hct >= 0.000)
",-9999999.000,-9999999.000,0.000,0.000,1.000,0,0,0,18,18,0,0,18,0.0,0,0,0.0,0.0,1.0
"F[1,2](HR <= 84.490 | HR >= 71.319)
",-9999999.000,-9999999.000,0.000,0.000,1.000,0,0,0,18,18,0,0,18,0.0,0,0,0.0,0.0,1.0
"F[0,1](HCO3 <= 0.000 | SepsisLabel <= 0.000)
",-9999999.000,-9999999.000,0.000,0.000,1.000,0,0,0,18,18,0,0,18,0.0,0,0,0.0,0.0,1.0
"F[0,0]((Chloride <= 0.000 & Fibrinogen >= 0.000) & Platelets <= 0.000)
",-0.365,-0.953,0.000,0.000,1.000,0,0,0,18,18,0,0,18,0.0,0,0,0.0,0.0,1.0
"F[0,1]((Glucose >= 8.086 | Alkalinephos >= 0.382) -> Creatinine >= 0.358)
",-9999999.000,-9999999.000,0.000,0.000,1.000,0,0,0,18,18,0,0,18,0.0,0,0,0.0,0.0,1.0
"F[0,2](Bilirubin_total >= 0.013 & Temp >= 6.498)
",-9999999.000,-9999999.000,0.000,0.000,1.000,0,0,0,18,18,0,0,18,0.0,0,0,0.0,0.0,1.0
"((Alkalinephos >= 1.212) U[0,2] (Lactate >= 0.000))
",-9999999.000,-9999999.000,0.000,0.000,1.000,0,0,0,18,18,0,0,18,0.0,0,0,0.0,0.0,1.0
"F[0,2](((FiO2 >= 0.000 | Resp >= 0.673) & Glucose <= 16.786) | DBP <= 19.634)
",-9999999.000,-9999999.000,0.000,0.000,1.000,0,0,0,18,18,0,0,18,0.0,0,0,0.0,0.0,1.0
"F[0,1](((Alkalinephos >= 0.363 -> pH <= 0.000) -> Hct >= 0.000) | HR >= 0.000)
",-9999999.000,-9999999.000,0.000,0.000,1.000,0,0,0,18,18,0,0,18,0.0,0,0,0.0,0.0,1.0
"F[0,1](((BaseExcess >= 0.000 | Bilirubin_total <= 0.481) & BUN <= 0.483) -> pH <= 0.089)
",-9999999.000,-9999999.000,0.000,0.000,1.000,0,0,0,18,18,0,0,18,0.0,0,0,0.0,0.0,1.0
"((Chloride >= 0.000) U[1,2] (Glucose >= 7.389))
",-9999999.000,-9999999.000,0.000,0.000,1.000,0,0,0,18,18,0,0,18,0.0,0,0,0.0,0.0,1.0
"F[0,1](PTT >= 0.000 -> Phosphate <= 0.747)
",-9999999.000,-9999999.000,0.000,0.000,1.000,0,0,0,18,18,0,0,18,0.0,0,0,0.0,0.0,1.0
"((BaseExcess <= 0.000) U[0,1] (pH <= 0.000))
",-9999999.000,-9999999.000,0.000,0.000,1.000,0,0,0,18,18,0,0,18,0.0,0,0,0.0,0.0,1.0
"F[1,2](((SBP <= 154.889 -> Fibrinogen >= 0.000) -> Alkalinephos >= 0.000) | TroponinI <= 0.000)
",-9999999.000,-9999999.000,0.000,0.000,1.000,0,0,0,18,18,0,0,18,0.0,0,0,0.0,0.0,1.0
"((SepsisLabel <= 0.000) U[0,1] (Hgb <= 9.227))
",-9999999.000,-9999999.000,0.000,0.000,1.000,0,0,0,18,18,0,0,18,0.0,0,0,0.0,0.0,1.0
"F[1,2](((Potassium >= 0.084 -> Calcium <= 5.919) | Hct <= 5.846) & Phosphate >= 0.083)
",-9999999.000,-9999999.000,0.000,0.000,1.000,0,0,0,18,18,0,0,18,0.0,0,0,0.0,0.0,1.0
"((Platelets >= 13.073) U[0,2] (PaCO2 >= 0.000))
",-9999999.000,-9999999.000,0.000,0.000,1.000,0,0,0,18,18,0,0,18,0.0,0,0,0.0,0.0,1.0
"F[0,1](Bilirubin_total <= 0.163 | AST <= 4.877)
",-9999999.000,-9999999.000,0.000,0.000,1.000,0,0,0,18,18,0,0,18,0.0,0,0,0.0,0.0,1.0
"F[0,1](((Calcium <= 8.161 -> Bilirubin_direct <= 0.000) & Lactate <= 0.000) -> Hct <= 0.000)
",-9999999.000,-9999999.000,0.000,0.000,1.000,0,0,0,18,18,0,0,18,0.0,0,0,0.0,0.0,1.0
"((Temp >= 2.289) U[0,2] (BUN >= 0.864))
",-9999999.000,-9999999.000,0.000,0.000,1.000,0,0,0,18,18,0,0,18,0.0,0,0,0.0,0.0,1.0
"F[1,1](BUN <= 5.778 -> Calcium <= 6.638)
",-6.638,-6.638,0.000,0.000,1.000,0,0,0,18,18,0,0,18,0.0,0,0,0.0,0.0,1.0
"((PTT <= 0.000) U[2,2] (Fibrinogen >= 0.000))
",0.000,0.000,0.000,0.000,1.000,0,0,0,18,18,0,0,18,0.0,0,0,0.0,0.0,1.0
"((BaseExcess <= 0.000) U[0,1] (SepsisLabel <= 0.000))
",-9999999.000,-9999999.000,0.000,0.000,1.000,0,0,0,18,18,0,0,18,0.0,0,0,0.0,0.0,1.0
"F[1,1](((Magnesium <= 2.036 | O2Sat >= 46.388) -> Lactate <= 87.406) | MAP <= 94.813)
",94.813,94.813,0.000,0.000,1.000,0,0,0,18,18,0,0,18,0.0,0,0,0.0,0.0,1.0
"F[0,1](((Magnesium >= 0.074 | FiO2 >= 0.000) | Calcium >= 0.000) & Calcium >= 0.000)
",-9999999.000,-9999999.000,0.000,0.000,1.000,0,0,0,18,18,0,0,18,0.0,0,0,0.0,0.0,1.0
"F[1,2](((TroponinI >= 0.000 -> EtCO2 <= 0.000) -> Resp <= 0.000) -> Fibrinogen <= 0.000)
",-9999999.000,-9999999.000,0.000,0.000,1.000,0,0,0,18,18,0,0,18,0.0,0,0,0.0,0.0,1.0
"F[1,1]((TroponinI >= 0.000 | PTT >= 0.000) -> Potassium >= 0.000)
",0.000,0.000,0.000,0.000,1.000,0,0,0,18,18,0,0,18,0.0,0,0,0.0,0.0,1.0
"F[0,1]((Magnesium <= 0.886 & Magnesium >= 0.046) -> TroponinI <= 1.049)
",-9999999.000,-9999999.000,0.000,0.000,1.000,0,0,0,18,18,0,0,18,0.0,0,0,0.0,0.0,1.0
"F[0,2]((HR <= 94.863 | Temp >= 1.682) & EtCO2 <= 27.605)
",-9999999.000,-9999999.000,0.000,0.000,1.000,0,0,0,18,18,0,0,18,0.0,0,0,0.0,0.0,1.0
"F[0,1](((O2Sat >= 0.240 & Bilirubin_total >= 0.010) & HCO3 >= 0.011) -> Phosphate <= 0.179)
",-9999999.000,-9999999.000,0.000,0.000,1.000,0,0,0,18,18,0,0,18,0.0,0,0,0.0,0.0,1.0
"((Magnesium >= 0.004) U[0,1] (SepsisLabel = 0.000))
",-9999999.000,-9999999.000,0.000,0.000,1.000,0,0,0,18,18,0,0,18,0.0,0,0,0.0,0.0,1.0
"F[2,2](Calcium < 6.036 -> SepsisLabel = 0.000)
",-6.036,-6.036,0.000,0.000,1.000,0,0,0,18,18,0,0,18,0.0,0,0,0.0,0.0,1.0
"F[1,2](Lactate < 0.000 -> SepsisLabel = 0.000)
",-9999999.000,-9999999.000,0.000,0.000,1.000,0,0,0,18,18,0,0,18,0.0,0,0,0.0,0.0,1.0
"((WBC < 2.672) U[0,0] (SepsisLabel = 0.000))
",2.672,2.672,0.000,0.000,1.000,0,0,0,18,18,0,0,18,0.0,0,0,0.0,0.0,1.0
"F[2,2](Platelets <= 430.076 & SepsisLabel = 0.000)
",0.000,0.000,0.000,0.000,1.000,0,0,0,18,18,0,0,18,0.0,0,0,0.0,0.0,1.0
"F[0,1](DBP > 29.493 & SepsisLabel = 0.000)
",-9999999.000,-9999999.000,0.000,0.000,1.000,0,0,0,18,18,0,0,18,0.0,0,0,0.0,0.0,1.0
"F[0,0](HCO3 >= 0.000 & SepsisLabel = 0.000)
",-0.250,-20.235,0.000,0.000,1.000,0,0,0,18,18,0,0,18,0.0,0,0,0.0,0.0,1.0
"((PaCO2 <= 0.000) U[0,1] (SepsisLabel = 0.000))
",-9999999.000,-9999999.000,0.000,0.000,1.000,0,0,0,18,18,0,0,18,0.0,0,0,0.0,0.0,1.0
"((Hct <= 17.304) U[0,1] (SepsisLabel = 0.000))
",-9999999.000,-9999999.000,0.000,0.000,1.000,0,0,0,18,18,0,0,18,0.0,0,0,0.0,0.0,1.0
"((PaCO2 < 0.000) U[0,2] (SepsisLabel = 0.000))
",-9999999.000,-9999999.000,0.000,0.000,1.000,0,0,0,18,18,0,0,18,0.0,0,0,0.0,0.0,1.0
"F[0,0](BaseExcess > 0.000 -> SepsisLabel = 0.000)
",0.000,0.000,0.000,0.000,1.000,0,0,0,18,18,0,0,18,0.0,0,0,0.0,0.0,1.0
"((Hgb <= 0.695) U[2,2] (SepsisLabel = 0.000))
",0.695,0.695,0.000,0.000,1.000,0,0,0,18,18,0,0,18,0.0,0,0,0.0,0.0,1.0
"((Phosphate <= 1.618) U[0,0] (SepsisLabel = 0.000))
",1.618,1.618,0.000,0.000,1.000,0,0,0,18,18,0,0,18,0.0,0,0,0.0,0.0,1.0
"((Platelets >= 12.036) U[0,1] (SepsisLabel = 0.000))
",-9999999.000,-9999999.000,0.000,0.000,1.000,0,0,0,18,18,0,0,18,0.0,0,0,0.0,0.0,1.0
"F[0,1](BaseExcess >= 0.000 -> SepsisLabel = 0.000)
",-9999999.000,-9999999.000,0.000,0.000,1.000,0,0,0,18,18,0,0,18,0.0,0,0,0.0,0.0,1.0
"F[0,1](BaseExcess <= 0.000 -> SepsisLabel = 0.000)
",-9999999.000,-9999999.000,0.000,0.000,1.000,0,0,0,18,18,0,0,18,0.0,0,0,0.0,0.0,1.0
"((Magnesium > 0.108) U[0,2] (SepsisLabel = 0.000))
",-9999999.000,-9999999.000,0.000,0.000,1.000,0,0,0,18,18,0,0,18,0.0,0,0,0.0,0.0,1.0
"((HCO3 <= 0.000) U[0,1] (SepsisLabel = 0.000))
",-9999999.000,-9999999.000,0.000,0.000,1.000,0,0,0,18,18,0,0,18,0.0,0,0,0.0,0.0,1.0
"((BUN <= 5.698) U[0,2] (SepsisLabel = 0.000))
",-9999999.000,-9999999.000,0.000,0.000,1.000,0,0,0,18,18,0,0,18,0.0,0,0,0.0,0.0,1.0
"((Fibrinogen < 0.000) U[2,2] (SepsisLabel = 0.000))
",0.000,0.000,0.000,0.000,1.000,0,0,0,18,18,0,0,18,0.0,0,0,0.0,0.0,1.0
"F[0,0]((Calcium >= 0.159 | Potassium <= 3.242) & Temp <= 2.341)
",-1.746,-72.482,0.000,0.000,1.000,0,0,0,18,18,0,0,18,0.0,0,0,0.0,0.0,1.0
"F[0,2]((BUN <= 9.799 & Hgb <= 4.826) & Lactate <= 5.190)
",-9999999.000,-9999999.000,0.000,0.000,1.000,0,0,0,18,18,0,0,18,0.0,0,0,0.0,0.0,1.0
"F[0,2](BUN <= 1.114 | Hct >= 0.088)
",-9999999.000,-9999999.000,0.000,0.000,1.000,0,0,0,18,18,0,0,18,0.0,0,0,0.0,0.0,1.0
"F[1,2](((BUN >= 0.899 -> Platelets <= 227.609) -> Resp >= 8.466) | pH >= 10.192)
",-9999999.000,-9999999.000,0.000,0.000,1.000,0,0,0,18,18,0,0,18,0.0,0,0,0.0,0.0,1.0
"F[0,2](((DBP <= 71.868 -> HR <= 93.718) & Magnesium <= 83.319) | Bilirubin_total <= 91.751)
",-9999999.000,-9999999.000,0.000,0.000,1.000,0,0,0,18,18,0,0,18,0.0,0,0,0.0,0.0,1.0
"F[0,1](Glucose >= 2.309 -> Potassium >= 0.079)
",-9999999.000,-9999999.000,0.000,0.000,1.000,0,0,0,18,18,0,0,18,0.0,0,0,0.0,0.0,1.0
"F[1,1]((DBP <= 95.217 & SBP >= 46.838) | AST >= 47.792)
",-46.838,-46.838,0.000,0.000,1.000,0,0,0,18,18,0,0,18,0.0,0,0,0.0,0.0,1.0
"F[2,2](((Magnesium >= 0.067 -> Phosphate <= 2.279) & WBC >= 0.146) -> AST <= 2.132)
",-2.132,-2.132,0.000,0.000,1.000,0,0,0,18,18,0,0,18,0.0,0,0,0.0,0.0,1.0
"F[0,2](((Hgb <= 8.428 -> Platelets <= 150.890) | BUN <= 257.173) & DBP <= 408.074)
",-9999999.000,-9999999.000,0.000,0.000,1.000,0,0,0,18,18,0,0,18,0.0,0,0,0.0,0.0,1.0
"((Alkalinephos < 58.369) U[1,2] (SepsisLabel = 0.000))
",-9999999.000,-9999999.000,0.000,0.000,1.000,0,0,0,18,18,0,0,18,0.0,0,0,0.0,0.0,1.0
"F[1,2](((Calcium <= 8.264 | Creatinine <= 0.691) & WBC <= 0.145) -> Platelets >= 0.016)
",-9999999.000,-9999999.000,0.000,0.000,1.000,0,0,0,18,18,0,0,18,0.0,0,0,0.0,0.0,1.0
"F[1,2]((Hct <= 11.645 | WBC <= 3.909) & Fibrinogen >= 0.406)
",-9999999.000,-9999999.000,0.000,0.000,1.000,0,0,0,18,18,0,0,18,0.0,0,0,0.0,0.0,1.0
"F[1,1]((Platelets >= 20.842 -> WBC <= 7.412) -> Lactate <= 9.421)
",-9.421,-9.421,0.000,0.000,1.000,0,0,0,18,18,0,0,18,0.0,0,0,0.0,0.0,1.0
"F[2,2](Platelets <= 55.496 | Platelets <= 436.285)
",436.285,436.285,0.000,0.000,1.000,0,0,0,18,18,0,0,18,0.0,0,0,0.0,0.0,1.0
"((SepsisLabel >= 0.000) U[1,2] (SepsisLabel = 0.000))
",-9999999.000,-9999999.000,0.000,0.000,1.000,0,0,0,18,18,0,0,18,0.0,0,0,0.0,0.0,1.0
"((Platelets > 2.657) U[2,2] (SepsisLabel = 0.000))
",0.000,0.000,0.000,0.000,1.000,0,0,0,18,18,0,0,18,0.0,0,0,0.0,0.0,1.0
"((Chloride >= 0.000) U[2,2] (SepsisLabel = 0.000))
",0.000,0.000,0.000,0.000,1.000,0,0,0,18,18,0,0,18,0.0,0,0,0.0,0.0,1.0
"F[0,2](Lactate >= 0.000 -> SepsisLabel = 0.000)
",-9999999.000,-9999999.000,0.000,0.000,1.000,0,0,0,18,18,0,0,18,0.0,0,0,0.0,0.0,1.0
"F[0,2]((Phosphate >= 0.129 & Magnesium > 0.045) -> Calcium < 8.328)
",-9999999.000,-9999999.000,0.000,0.000,1.000,0,0,0,18,18,0,0,18,0.0,0,0,0.0,0.0,1.0
"F[0,2]((Potassium <= 1.737 & HCO3 <= 0.000) | WBC <= 0.000)
",-9999999.000,-9999999.000,0.000,0.000,1.000,0,0,0,18,18,0,0,18,0.0,0,0,0.0,0.0,1.0
"F[0,2]((Calcium <= 7.797 & Potassium <= 1.118) & Magnesium >= 0.019)
",-9999999.000,-9999999.000,0.000,0.000,1.000,0,0,0,18,18,0,0,18,0.0,0,0,0.0,0.0,1.0
"((MAP >= 14.382) U[0,2] (SBP <= 156.897))
",-9999999.000,-9999999.000,0.000,0.000,1.000,0,0,0,18,18,0,0,18,0.0,0,0,0.0,0.0,1.0
"F[0,2]((Phosphate >= 0.004 & Magnesium > 0.074) -> Calcium < 0.781)
",-9999999.000,-9999999.000,0.000,0.000,1.000,0,0,0,18,18,0,0,18,0.0,0,0,0.0,0.0,1.0
"F[0,1](((Calcium < 4.031 & Potassium < 2.670) & Magnesium < 1.657) & Phosphate < 1.419)
",-9999999.000,-9999999.000,0.000,0.000,1.000,0,0,0,18,18,0,0,18,0.0,0,0,0.0,0.0,1.0
"F[0,2](Hgb <= 8.190 | Hct <= 19.689)
",-9999999.000,-9999999.000,0.000,0.000,1.000,0,0,0,18,18,0,0,18,0.0,0,0,0.0,0.0,1.0
"((MAP >= 46.387) U[0,2] (SBP <= 137.703))
",-9999999.000,-9999999.000,0.000,0.000,1.000,0,0,0,18,18,0,0,18,0.0,0,0,0.0,0.0,1.0
"F[1,2]((Phosphate >= 0.122 & Magnesium > 0.091) -> Calcium < 7.834)
",-9999999.000,-9999999.000,0.000,0.000,1.000,0,0,0,18,18,0,0,18,0.0,0,0,0.0,0.0,1.0
"F[1,2](((Calcium < 3.630 & Potassium < 1.019) & Magnesium < 0.954) & Phosphate < 1.384)
",-9999999.000,-9999999.000,0.000,0.000,1.000,0,0,0,18,18,0,0,18,0.0,0,0,0.0,0.0,1.0
"F[1,2](Hgb <= 8.504 | Hct <= 19.299)
",-9999999.000,-9999999.000,0.000,0.000,1.000,0,0,0,18,18,0,0,18,0.0,0,0,0.0,0.0,1.0
"F[0,2]((Calcium <= 2.157 & Potassium <= 3.391) & Magnesium >= 0.009)
",-9999999.000,-9999999.000,0.000,0.000,1.000,0,0,0,18,18,0,0,18,0.0,0,0,0.0,0.0,1.0
"((MAP >= 26.988) U[0,2] (SBP <= 127.507))
",-9999999.000,-9999999.000,0.000,0.000,1.000,0,0,0,18,18,0,0,18,0.0,0,0,0.0,0.0,1.0
"F[0,2]((Phosphate >= 0.013 & Magnesium > 0.086) -> Calcium < 3.978)
",-9999999.000,-9999999.000,0.000,0.000,1.000,0,0,0,18,18,0,0,18,0.0,0,0,0.0,0.0,1.0
"F[2,2](((Calcium < 5.882 & Potassium < 2.981) & Magnesium < 0.901) & Phosphate < 1.158)
",0.901,0.901,0.000,0.000,1.000,0,0,0,18,18,0,0,18,0.0,0,0,0.0,0.0,1.0
"F[2,2]((Calcium <= 8.330 & Potassium <= 2.926) & Magnesium >= 0.011)
",-0.011,-0.011,0.000,0.000,1.000,0,0,0,18,18,0,0,18,0.0,0,0,0.0,0.0,1.0
"F[2,2](Hgb <= 7.564 | Hct <= 14.948)
",14.948,14.948,0.000,0.000,1.000,0,0,0,18,18,0,0,18,0.0,0,0,0.0,0.0,1.0
"F[2,2]((Phosphate >= 0.128 & Magnesium > 0.063) -> Calcium < 6.655)
",-6.655,-6.655,0.000,0.000,1.000,0,0,0,18,18,0,0,18,0.0,0,0,0.0,0.0,1.0
"F[0,2](((Calcium < 5.855 & Potassium < 2.543) & Magnesium < 1.194) & Phosphate < 2.640)
",-9999999.000,-9999999.000,0.000,0.000,1.000,0,0,0,18,18,0,0,18,0.0,0,0,0.0,0.0,1.0
"F[0,1](Hgb <= 2.948 | Hct <= 3.449)
",-9999999.000,-9999999.000,0.000,0.000,1.000,0,0,0,18,18,0,0,18,0.0,0,0,0.0,0.0,1.0
"F[1,2]((Phosphate >= 0.080 & Magnesium > 0.016) -> Calcium < 1.350)
",-9999999.000,-9999999.000,0.000,0.000,1.000,0,0,0,18,18,0,0,18,0.0,0,0,0.0,0.0,1.0
"F[0,1](((Calcium < 1.340 & Potassium < 1.736) & Magnesium < 0.338) & Phosphate < 0.893)
",-9999999.000,-9999999.000,0.000,0.000,1.000,0,0,0,18,18,0,0,18,0.0,0,0,0.0,0.0,1.0
"F[1,2]((Phosphate >= 0.131 & Magnesium > 0.045) -> Calcium < 1.490)
",-9999999.000,-9999999.000,0.000,0.000,1.000,0,0,0,18,18,0,0,18,0.0,0,0,0.0,0.0,1.0
"F[2,2]((Calcium <= 4.990 & Potassium <= 0.315) & Magnesium >= 0.002)
",-0.002,-0.002,0.000,0.000,1.000,0,0,0,18,18,0,0,18,0.0,0,0,0.0,0.0,1.0
"F[0,1](Hgb <= 2.695 | Hct <= 10.742)
",-9999999.000,-9999999.000,0.000,0.000,1.000,0,0,0,18,18,0,0,18,0.0,0,0,0.0,0.0,1.0
"F[1,2]((Phosphate >= 0.044 & Magnesium > 0.024) -> Calcium < 4.224)
",-9999999.000,-9999999.000,0.000,0.000,1.000,0,0,0,18,18,0,0,18,0.0,0,0,0.0,0.0,1.0
"F[2,2](((Calcium < 7.721 & Potassium < 3.899) & Magnesium < 0.655) & Phosphate < 2.737)
",0.655,0.655,0.000,0.000,1.000,0,0,0,18,18,0,0,18,0.0,0,0,0.0,0.0,1.0
"F[1,2]((Calcium <= 1.388 & Potassium <= 3.928) & Magnesium >= 0.086)
",-9999999.000,-9999999.000,0.000,0.000,1.000,0,0,0,18,18,0,0,18,0.0,0,0,0.0,0.0,1.0
"F[0,0](Hgb <= 10.000 | Hct <= 11.085)
",11.085,11.085,0.000,0.000,1.000,0,0,0,18,18,0,0,18,0.0,0,0,0.0,0.0,1.0
"((MAP >= 7.500) U[0,1] (SBP <= 148.730))
",-9999999.000,-9999999.000,0.000,0.000,1.000,0,0,0,18,18,0,0,18,0.0,0,0,0.0,0.0,1.0
"F[0,1](((Calcium < 5.157 & Potassium < 2.559) & Magnesium < 1.955) & Phosphate < 1.440)
",-9999999.000,-9999999.000,0.000,0.000,1.000,0,0,0,18,18,0,0,18,0.0,0,0,0.0,0.0,1.0
"F[0,1](((Calcium < 3.009 & Potassium < 3.913) & Magnesium < 0.323) & Phosphate < 1.163)
",-9999999.000,-9999999.000,0.000,0.000,1.000,0,0,0,18,18,0,0,18,0.0,0,0,0.0,0.0,1.0
"F[1,2]((Calcium <= 2.881 & Potassium <= 2.613) & Magnesium >= 0.065)
",-9999999.000,-9999999.000,0.000,0.000,1.000,0,0,0,18,18,0,0,18,0.0,0,0,0.0,0.0,1.0
"((MAP >= 76.752) U[2,2] (SBP <= 160.970))
",160.970,160.970,0.000,0.000,1.000,0,0,0,18,18,0,0,18,0.0,0,0,0.0,0.0,1.0
"F[0,0]((Phosphate >= 0.054 & Magnesium > 0.079) -> Calcium < 0.896)
",-0.896,-0.896,0.000,0.000,1.000,0,0,0,18,18,0,0,18,0.0,0,0,0.0,0.0,1.0
"F[0,1](((Calcium < 0.844 & Potassium < 0.667) & Magnesium < 1.539) & Phosphate < 0.638)
",-9999999.000,-9999999.000,0.000,0.000,1.000,0,0,0,18,18,0,0,18,0.0,0,0,0.0,0.0,1.0
"F[0,2]((Calcium <= 1.178 & Potassium <= 3.037) & Magnesium >= 0.060)
",-9999999.000,-9999999.000,0.000,0.000,1.000,0,0,0,18,18,0,0,18,0.0,0,0,0.0,0.0,1.0
"F[2,2](Hgb <= 5.045 | Hct <= 17.802)
",17.802,17.802,0.000,0.000,1.000,0,0,0,18,18,0,0,18,0.0,0,0,0.0,0.0,1.0
"F[1,2]((Phosphate >= 0.030 & Magnesium > 0.031) -> Calcium < 5.628)
",-9999999.000,-9999999.000,0.000,0.000,1.000,0,0,0,18,18,0,0,18,0.0,0,0,0.0,0.0,1.0
"F[0,2](Calcium >= 0.659 & Hct >= 1.180)
",-9999999.000,-9999999.000,0.000,0.000,1.000,0,0,0,18,18,0,0,18,0.0,0,0,0.0,0.0,1.0
"F[1,2](((Potassium <= 2.431 & WBC >= 0.335) -> Phosphate <= 4.547) & SaO2 >= 0.335)
",-9999999.000,-9999999.000,0.000,0.000,1.000,0,0,0,18,18,0,0,18,0.0,0,0,0.0,0.0,1.0
"F[0,1](((Hct <= 22.392 -> Potassium <= 3.677) | FiO2 <= 1.986) | Platelets >= 0.166)
",-9999999.000,-9999999.000,0.000,0.000,1.000,0,0,0,18,18,0,0,18,0.0,0,0,0.0,0.0,1.0
"F[0,2](((Creatinine >= 0.024 -> Temp >= 6.952) & Chloride >= 4.373) | BUN >= 3.418)
",-9999999.000,-9999999.000,0.000,0.000,1.000,0,0,0,18,18,0,0,18,0.0,0,0,0.0,0.0,1.0
"F[1,2]((AST <= 14.168 & DBP >= 23.596) & DBP >= 58.968)
",-9999999.000,-9999999.000,0.000,0.000,1.000,0,0,0,18,18,0,0,18,0.0,0,0,0.0,0.0,1.0
"F[1,1](DBP <= 80.703 | Phosphate <= 0.440)
",80.703,80.703,0.000,0.000,1.000,0,0,0,18,18,0,0,18,0.0,0,0,0.0,0.0,1.0
"F[0,1]((BUN >= 0.117 & O2Sat <= 96.267) -> Calcium >= 41.658)
",-9999999.000,-9999999.000,0.000,0.000,1.000,0,0,0,18,18,0,0,18,0.0,0,0,0.0,0.0,1.0
"F[1,2](((Alkalinephos <= 95.906 | SBP >= 55.588) & Glucose >= 35.535) | Potassium <= 125.185)
",-9999999.000,-9999999.000,0.000,0.000,1.000,0,0,0,18,18,0,0,18,0.0,0,0,0.0,0.0,1.0
"F[1,2]((AST <= 4.981 & SBP >= 86.323) -> DBP <= 152.705)
",-9999999.000,-9999999.000,0.000,0.000,1.000,0,0,0,18,18,0,0,18,0.0,0,0,0.0,0.0,1.0
"F[0,2](Alkalinephos <= 48.422 -> Temp >= 2.763)
",-9999999.000,-9999999.000,0.000,0.000,1.000,0,0,0,18,18,0,0,18,0.0,0,0,0.0,0.0,1.0
"F[0,2](((Bilirubin_total >= 0.001 | Temp >= 1.527) & BUN <= 20.458) | SBP <= 16.597)
",-9999999.000,-9999999.000,0.000,0.000,1.000,0,0,0,18,18,0,0,18,0.0,0,0,0.0,0.0,1.0
"F[0,2](((Alkalinephos >= 1.826 -> O2Sat <= 97.727) -> DBP >= 3.813) -> BaseExcess <= 91.941)
",-9999999.000,-9999999.000,0.000,0.000,1.000,0,0,0,18,18,0,0,18,0.0,0,0,0.0,0.0,1.0
"F[0,2]((Bilirubin_total >= 0.014 & DBP <= 97.569) -> Phosphate <= 82.571)
",-9999999.000,-9999999.000,0.000,0.000,1.000,0,0,0,18,18,0,0,18,0.0,0,0,0.0,0.0,1.0
"((AST >= 0.273) U[0,2] (O2Sat <= 92.201))
",-9999999.000,-9999999.000,0.000,0.000,1.000,0,0,0,18,18,0,0,18,0.0,0,0,0.0,0.0,1.0
"((Magnesium >= 0.012) U[0,2] (MAP <= 97.867))
",-9999999.000,-9999999.000,0.000,0.000,1.000,0,0,0,18,18,0,0,18,0.0,0,0,0.0,0.0,1.0
"F[0,1](((MAP >= 36.659 & Phosphate >= 0.006) & Alkalinephos >= 0.041) -> HCO3 <= 1.709)
",-9999999.000,-9999999.000,0.000,0.000,1.000,0,0,0,18,18,0,0,18,0.0,0,0,0.0,0.0,1.0
"F[0,2](((AST <= 3.386 -> Resp <= 14.672) & Chloride <= 18.965) & WBC <= 16.592)
",-9999999.000,-9999999.000,0.000,0.000,1.000,0,0,0,18,18,0,0,18,0.0,0,0,0.0,0.0,1.0
"F[1,2](DBP >= 6.330 | Temp <= 27.884)
",-9999999.000,-9999999.000,0.000,0.000,1.000,0,0,0,18,18,0,0,18,0.0,0,0,0.0,0.0,1.0
"F[1,2]((MAP <= 109.258 -> Temp >= 3.023) & BUN <= 8.846)
",-9999999.000,-9999999.000,0.000,0.000,1.000,0,0,0,18,18,0,0,18,0.0,0,0,0.0,0.0,1.0
"F[0,2](((Calcium >= 0.504 | Temp >= 2.851) & Bilirubin_direct <= 34.366) -> Platelets >= 2.442)
",-9999999.000,-9999999.000,0.000,0.000,1.000,0,0,0,18,18,0,0,18,0.0,0,0,0.0,0.0,1.0
"F[2,2](((Alkalinephos >= 0.003 -> DBP <= 99.657) -> Hct >= 36.704) & Alkalinephos >= 33.586)
",-33.586,-33.586,0.000,0.000,1.000,0,0,0,18,18,0,0,18,0.0,0,0,0.0,0.0,1.0
"F[0,2](Resp >= 11.806 -> Temp >= 2.374)
",-9999999.000,-9999999.000,0.000,0.000,1.000,0,0,0,18,18,0,0,18,0.0,0,0,0.0,0.0,1.0
"F[0,2]((Calcium <= 5.026 & Platelets >= 20.184) & PTT >= 6.177)
",-9999999.000,-9999999.000,0.000,0.000,1.000,0,0,0,18,18,0,0,18,0.0,0,0,0.0,0.0,1.0
"F[2,2](((WBC >= 0.030 | Hct >= 0.751) -> TroponinI <= 27.200) & PaCO2 <= 6.168)
",-27.200,-27.200,0.000,0.000,1.000,0,0,0,18,18,0,0,18,0.0,0,0,0.0,0.0,1.0
"F[0,0](((SBP >= 69.158 | PTT >= 0.000) | AST >= 0.000) | SepsisLabel <= 0.000)
",0.250,0.518,0.000,0.000,1.000,0,0,0,18,18,0,0,18,0.0,0,0,0.0,0.0,1.0
"F[0,2]((SepsisLabel <= 0.000 -> Bilirubin_direct >= 0.000) | MAP >= 0.000)
",-9999999.000,-9999999.000,0.000,0.000,1.000,0,0,0,18,18,0,0,18,0.0,0,0,0.0,0.0,1.0
"((Calcium <= 2.665) U[1,2] (Platelets >= 11.695))
",-9999999.000,-9999999.000,0.000,0.000,1.000,0,0,0,18,18,0,0,18,0.0,0,0,0.0,0.0,1.0
"F[0,2]((HCO3 <= 0.000 -> WBC <= 5.148) & Bilirubin_total <= 7.163)
",-9999999.000,-9999999.000,0.000,0.000,1.000,0,0,0,18,18,0,0,18,0.0,0,0,0.0,0.0,1.0
"F[0,2]((Temp >= 1.395 | pH <= 0.000) -> Fibrinogen >= 0.000)
",-9999999.000,-9999999.000,0.000,0.000,1.000,0,0,0,18,18,0,0,18,0.0,0,0,0.0,0.0,1.0
"F[0,1](BUN >= 0.540 | Lactate >= 0.000)
",-9999999.000,-9999999.000,0.000,0.000,1.000,0,0,0,18,18,0,0,18,0.0,0,0,0.0,0.0,1.0
"F[0,2]((MAP <= 105.181 | Resp <= 19.108) -> EtCO2 >= 8.532)
",-9999999.000,-9999999.000,0.000,0.000,1.000,0,0,0,18,18,0,0,18,0.0,0,0,0.0,0.0,1.0
"F[0,1](DBP >= 11.562 | Platelets >= 8.395)
",-9999999.000,-9999999.000,0.000,0.000,1.000,0,0,0,18,18,0,0,18,0.0,0,0,0.0,0.0,1.0
"F[1,2](((HR <= 79.727 -> Phosphate >= 0.024) & Glucose >= 0.056) & Bilirubin_total >= 0.142)
",-9999999.000,-9999999.000,0.000,0.000,1.000,0,0,0,18,18,0,0,18,0.0,0,0,0.0,0.0,1.0
"F[1,2]((Hct >= 1.519 -> HR <= 77.482) & Glucose <= 88.867)
",-9999999.000,-9999999.000,0.000,0.000,1.000,0,0,0,18,18,0,0,18,0.0,0,0,0.0,0.0,1.0
"F[0,1](((Alkalinephos >= 1.074 -> HR >= 12.183) | Lactate <= 78.008) | Creatinine <= 80.870)
",-9999999.000,-9999999.000,0.000,0.000,1.000,0,0,0,18,18,0,0,18,0.0,0,0,0.0,0.0,1.0
"F[0,2](((AST <= 11.059 -> HR >= 38.834) | O2Sat <= 90.362) | MAP >= 10.160)
",-9999999.000,-9999999.000,0.000,0.000,1.000,0,0,0,18,18,0,0,18,0.0,0,0,0.0,0.0,1.0
"F[0,2](Hgb <= 8.543 -> SBP <= 118.874)
",-9999999.000,-9999999.000,0.000,0.000,1.000,0,0,0,18,18,0,0,18,0.0,0,0,0.0,0.0,1.0
"F[0,1](((Hct >= 0.964 -> MAP >= 39.199) | Platelets >= 73.752) | Magnesium <= 109.661)
",-9999999.000,-9999999.000,0.000,0.000,1.000,0,0,0,18,18,0,0,18,0.0,0,0,0.0,0.0,1.0
"F[1,2](((MAP >= 35.711 & WBC >= 0.403) & PTT >= 0.334) | BaseExcess <= 9.282)
",-9999999.000,-9999999.000,0.000,0.000,1.000,0,0,0,18,18,0,0,18,0.0,0,0,0.0,0.0,1.0
"F[0,0]((SBP <= 126.080 -> WBC >= 0.160) | Phosphate <= 5.066)
",5.066,5.066,0.000,0.000,1.000,0,0,0,18,18,0,0,18,0.0,0,0,0.0,0.0,1.0
"F[0,2](((Hct >= 0.380 | Resp >= 11.571) -> PaCO2 >= 7.634) -> Potassium >= 13.821)
",-9999999.000,-9999999.000,0.000,0.000,1.000,0,0,0,18,18,0,0,18,0.0,0,0,0.0,0.0,1.0
"F[0,2]((Phosphate >= 0.075 & SBP <= 127.293) | PTT >= 106.397)
",-9999999.000,-9999999.000,0.000,0.000,1.000,0,0,0,18,18,0,0,18,0.0,0,0,0.0,0.0,1.0
"((Magnesium >= 0.077) U[2,2] (SBP >= 76.821))
",-0.077,-0.077,0.000,0.000,1.000,0,0,0,18,18,0,0,18,0.0,0,0,0.0,0.0,1.0
"F[0,2]((Bilirubin_total >= 0.006 & Potassium >= 0.246) -> Bilirubin_direct <= 3.547)
",-9999999.000,-9999999.000,0.000,0.000,1.000,0,0,0,18,18,0,0,18,0.0,0,0,0.0,0.0,1.0
"F[0,1](((Phosphate >= 0.075 & Platelets >= 4.975) | Bilirubin_total >= 12.302) | Platelets <= 208.864)
",-9999999.000,-9999999.000,0.000,0.000,1.000,0,0,0,18,18,0,0,18,0.0,0,0,0.0,0.0,1.0
"F[0,2](Bilirubin_total >= 0.005 | Calcium <= 2.076)
",-9999999.000,-9999999.000,0.000,0.000,1.000,0,0,0,18,18,0,0,18,0.0,0,0,0.0,0.0,1.0
"((AST >= 0.339) U[0,2] (Calcium <= 4.144))
",-9999999.000,-9999999.000,0.000,0.000,1.000,0,0,0,18,18,0,0,18,0.0,0,0,0.0,0.0,1.0
"F[0,2]((Alkalinephos <= 24.863 | Calcium >= 0.295) | Lactate >= 0.402)
",-9999999.000,-9999999.000,0.000,0.000,1.000,0,0,0,18,18,0,0,18,0.0,0,0,0.0,0.0,1.0
"F[1,2]((Glucose <= 137.446 | Hct <= 9.044) | Fibrinogen >= 1.307)
",-9999999.000,-9999999.000,0.000,0.000,1.000,0,0,0,18,18,0,0,18,0.0,0,0,0.0,0.0,1.0
"F[1,1]((AST >= 0.385 -> Creatinine >= 0.047) | Temp >= 0.046)
",0.047,0.047,0.000,0.000,1.000,0,0,0,18,18,0,0,18,0.0,0,0,0.0,0.0,1.0
"F[1,2]((HR <= 84.156 -> O2Sat >= 49.383) & HCO3 >= 2.543)
",-9999999.000,-9999999.000,0.000,0.000,1.000,0,0,0,18,18,0,0,18,0.0,0,0,0.0,0.0,1.0
"F[1,1]((Bilirubin_total >= 0.002 -> BUN >= 0.155) | SepsisLabel <= 3.810)
",8578565206848412.000,3.810,0.000,0.000,1.000,0,0,0,18,18,0,0,18,0.0,0,0,0.0,0.0,1.0
"((O2Sat <= 83.082) U[0,1] (Phosphate <= 2.143))
",-9999999.000,-9999999.000,0.000,0.000,1.000,0,0,0,18,18,0,0,18,0.0,0,0,0.0,0.0,1.0
"F[1,2]((Bilirubin_total <= 0.278 -> Hgb >= 0.043) -> Phosphate <= 9.701)
",-9999999.000,-9999999.000,0.000,0.000,1.000,0,0,0,18,18,0,0,18,0.0,0,0,0.0,0.0,1.0
"F[2,2](AST >= 0.215 & Hgb >= 0.248)
",-8944339556132798.000,-0.248,0.000,0.000,1.000,0,0,0,18,18,0,0,18,0.0,0,0,0.0,0.0,1.0
"F[2,2]((AST <= 12.737 | Hct <= 16.865) & WBC <= 12.496)
",12.496,12.496,0.000,0.000,1.000,0,0,0,18,18,0,0,18,0.0,0,0,0.0,0.0,1.0
"((AST <= 8.514) U[1,2] (Platelets <= 23.178))
",-9999999.000,-9999999.000,0.000,0.000,1.000,0,0,0,18,18,0,0,18,0.0,0,0,0.0,0.0,1.0
"((Creatinine <= 0.377) U[0,1] (WBC <= 5.871))
",-9999999.000,-9999999.000,0.000,0.000,1.000,0,0,0,18,18,0,0,18,0.0,0,0,0.0,0.0,1.0
"F[0,1](Creatinine <= 0.755 | Hct <= 9.298)
",-9999999.000,-9999999.000,0.000,0.000,1.000,0,0,0,18,18,0,0,18,0.0,0,0,0.0,0.0,1.0
"F[0,0]((Calcium >= 0.301 -> WBC <= 8.850) | Potassium >= 0.434)
",-0.434,-0.434,0.000,0.000,1.000,0,0,0,18,18,0,0,18,0.0,0,0,0.0,0.0,1.0
"F[0,2]((DBP >= 47.225 -> Glucose >= 9.011) | TroponinI >= 3.927)
",-9999999.000,-9999999.000,0.000,0.000,1.000,0,0,0,18,18,0,0,18,0.0,0,0,0.0,0.0,1.0
"F[0,2]((Glucose <= 25.396 | SBP >= 45.093) | Calcium >= 110.727)
",-9999999.000,-9999999.000,0.000,0.000,1.000,0,0,0,18,18,0,0,18,0.0,0,0,0.0,0.0,1.0
"F[0,2](((BUN >= 0.302 -> Phosphate <= 2.081) -> SepsisLabel >= 0.050) | EtCO2 >= 0.041)
",-9999999.000,-9999999.000,0.000,0.000,1.000,0,0,0,18,18,0,0,18,0.0,0,0,0.0,0.0,1.0
"F[0,2](((Creatinine <= 0.472 -> Phosphate >= 0.026) | SaO2 >= 0.051) & TroponinI <= 0.931)
",-9999999.000,-9999999.000,0.000,0.000,1.000,0,0,0,18,18,0,0,18,0.0,0,0,0.0,0.0,1.0
"F[0,1](((Magnesium >= 0.055 & O2Sat <= 89.513) | Bilirubin_direct <= 82.913) | Bilirubin_total >= 40.740)
",-9999999.000,-9999999.000,0.000,0.000,1.000,0,0,0,18,18,0,0,18,0.0,0,0,0.0,0.0,1.0
"((Temp <= 20.545) U[0,1] (WBC <= 1.044))
",-9999999.000,-9999999.000,0.000,0.000,1.000,0,0,0,18,18,0,0,18,0.0,0,0,0.0,0.0,1.0
"F[0,1](Platelets <= 438.591 & Temp <= 28.279)
",-9999999.000,-9999999.000,0.000,0.000,1.000,0,0,0,18,18,0,0,18,0.0,0,0,0.0,0.0,1.0
"F[0,2]((Hct <= 20.519 | Temp >= 0.283) & PTT <= 11.351)
",-9999999.000,-9999999.000,0.000,0.000,1.000,0,0,0,18,18,0,0,18,0.0,0,0,0.0,0.0,1.0
"F[0,1]((Hgb >= 0.525 & Temp >= 1.884) -> HCO3 <= 12.612)
",-9999999.000,-9999999.000,0.000,0.000,1.000,0,0,0,18,18,0,0,18,0.0,0,0,0.0,0.0,1.0
"F[0,2](((Glucose <= 35.028 & Magnesium <= 1.293) & Creatinine >= 0.107) -> DBP >= 0.065)
",-9999999.000,-9999999.000,0.000,0.000,1.000,0,0,0,18,18,0,0,18,0.0,0,0,0.0,0.0,1.0
"F[0,2]((Glucose >= 4.440 -> O2Sat >= 1.078) & Bilirubin_total >= 1.852)
",-9999999.000,-9999999.000,0.000,0.000,1.000,0,0,0,18,18,0,0,18,0.0,0,0,0.0,0.0,1.0
"F[0,0]((BUN <= 12.459 | MAP >= 45.990) | Magnesium >= 55.811)
",2.646,66.474,0.000,0.000,1.000,0,0,0,18,18,0,0,18,0.0,0,0,0.0,0.0,1.0
"F[0,2]((BUN <= 8.088 -> DBP >= 38.848) & WBC >= 9.482)
",-9999999.000,-9999999.000,0.000,0.000,1.000,0,0,0,18,18,0,0,18,0.0,0,0,0.0,0.0,1.0
"F[0,2](Potassium >= 0.151 & SBP <= 153.831)
",-9999999.000,-9999999.000,0.000,0.000,1.000,0,0,0,18,18,0,0,18,0.0,0,0,0.0,0.0,1.0
"F[0,2]((Calcium >= 0.495 & SBP <= 161.284) | SBP <= 157.356)
",-9999999.000,-9999999.000,0.000,0.000,1.000,0,0,0,18,18,0,0,18,0.0,0,0,0.0,0.0,1.0
"F[0,1](((Bilirubin_total >= 0.007 -> Glucose >= 7.994) | Platelets <= 175.164) -> SaO2 <= 49.233)
",-9999999.000,-9999999.000,0.000,0.000,1.000,0,0,0,18,18,0,0,18,0.0,0,0,0.0,0.0,1.0
"((Creatinine >= 0.048) U[0,1] (MAP >= 67.587))
",-9999999.000,-9999999.000,0.000,0.000,1.000,0,0,0,18,18,0,0,18,0.0,0,0,0.0,0.0,1.0
"((HR <= 75.620) U[2,2] (Potassium <= 3.447))
",75.620,75.620,0.000,0.000,1.000,0,0,0,18,18,0,0,18,0.0,0,0,0.0,0.0,1.0
"((Calcium <= 1.270) U[1,2] (Phosphate >= 0.051))
",-9999999.000,-9999999.000,0.000,0.000,1.000,0,0,0,18,18,0,0,18,0.0,0,0,0.0,0.0,1.0
"F[0,1]((O2Sat >= 36.526 | Temp >= 3.499) -> Fibrinogen <= 32.857)
",-9999999.000,-9999999.000,0.000,0.000,1.000,0,0,0,18,18,0,0,18,0.0,0,0,0.0,0.0,1.0
