Rule,Discrimination Score,Pos Robustness,Neg Robustness,Percent Class +,Percent Class -,TP,TN,FP,FN,Actual Yes,Actual No,Predicted Yes,Predicted No,TPR/Sens,TNR/Spec,FPR,Precision,Accuracy,MCR,Class
"G[0,0]((BUN <= 3.700 | DBP >= 18.649) | HCO3 >= 29.154)
",3.019,68.546,0.000,1.000,0.000,13,0,0,0,13,0,13,0,1.0,0.0,0.0,1.0,1.04,-0.040000000000000036,1
"G[0,0]((DBP >= 51.768 -> Hct <= 23.901) & PaCO2 <= 25.651)
",-3.188,-39.871,0.000,1.000,0.000,13,0,0,0,13,0,13,0,1.0,0.0,0.0,1.0,1.04,-0.040000000000000036,1
"((Hct >= 0.414) U[0,0] (Glucose >= 2.348))
",-0.414,-0.414,0.000,0.000,1.000,13,0,0,0,13,0,13,0,1.0,0.0,0.0,1.0,1.04,-0.040000000000000036,-1
"F[0,0]((AST >= 0.079 -> DBP <= 79.735) -> SepsisLabel >= 30.409)
",-0.239,-12.430,0.000,0.000,1.000,13,0,0,0,13,0,13,0,1.0,0.0,0.0,1.0,1.04,-0.040000000000000036,-1
"F[0,0]((Calcium <= 4.987 & Potassium <= 3.162) & Magnesium >= 0.020)
",-0.303,-5.103,0.000,0.000,1.000,13,0,0,0,13,0,13,0,1.0,0.0,0.0,1.0,1.04,-0.040000000000000036,-1
"F[0,0]((BaseExcess <= 0.000 & WBC <= 4.268) -> Temp >= 0.146)
",-41.317,-94.104,0.000,0.000,1.000,13,0,0,0,13,0,13,0,1.0,0.0,0.0,1.0,1.04,-0.040000000000000036,-1
"F[0,0]((pH <= 0.000 | WBC >= 0.026) -> Hct >= 0.060)
",-0.302,-2.398,0.000,0.000,1.000,13,0,0,0,13,0,13,0,1.0,0.0,0.0,1.0,1.04,-0.040000000000000036,-1
"F[0,0]((BUN >= 0.117 & DBP >= 62.015) | Hgb >= 54.246)
",-0.149,-2.544,0.000,0.000,1.000,13,0,0,0,13,0,13,0,1.0,0.0,0.0,1.0,1.04,-0.040000000000000036,-1
"G[0,0]((Hct <= 8.526 & FiO2 <= 0.000) | BUN <= 0.000)
",0.000,0.000,0.000,1.000,0.000,13,0,0,0,13,0,13,0,1.0,0.0,0.0,1.0,1.04,-0.040000000000000036,1
"F[0,0]((Calcium <= 2.161 & Potassium <= 1.186) & Magnesium >= 0.002)
",-0.302,-5.322,0.000,0.000,1.000,13,0,0,0,13,0,13,0,1.0,0.0,0.0,1.0,1.04,-0.040000000000000036,-1
"G[0,0]((Lactate >= 0.000 | EtCO2 >= 0.000) | Bilirubin_total <= 0.000)
",0.821,22.750,0.000,1.000,0.000,13,0,0,0,13,0,13,0,1.0,0.0,0.0,1.0,1.04,-0.040000000000000036,1
"G[0,0](BUN <= 9.034 & Calcium <= 0.381)
",-0.281,-5.119,0.000,1.000,0.000,13,0,0,0,13,0,13,0,1.0,0.0,0.0,1.0,1.04,-0.040000000000000036,1
"G[0,0](MAP <= 103.897 -> Calcium <= 0.945)
",-0.298,-8.604,0.000,1.000,0.000,13,0,0,0,13,0,13,0,1.0,0.0,0.0,1.0,1.04,-0.040000000000000036,1
"G[0,0](PaCO2 >= 0.000 & SepsisLabel <= 0.000)
",-0.302,-17.750,0.000,1.000,0.000,13,0,0,0,13,0,13,0,1.0,0.0,0.0,1.0,1.04,-0.040000000000000036,1
"F[0,0](((Potassium <= 0.530 -> Alkalinephos <= 29.042) -> PTT <= 36.881) -> Calcium >= 1.268)
",-0.232,-4.232,0.000,0.000,1.000,13,0,0,0,13,0,13,0,1.0,0.0,0.0,1.0,1.04,-0.040000000000000036,-1
"G[0,0](((PTT <= 13.321 -> SaO2 >= 0.000) | HCO3 >= 0.000) | O2Sat <= 0.000)
",0.000,0.000,0.000,1.000,0.000,13,0,0,0,13,0,13,0,1.0,0.0,0.0,1.0,1.04,-0.040000000000000036,1
"G[0,0](HCO3 >= 0.000 -> EtCO2 >= 0.000)
",-1.725,-15.167,0.000,1.000,0.000,13,0,0,0,13,0,13,0,1.0,0.0,0.0,1.0,1.04,-0.040000000000000036,1
"G[0,0]((AST <= 16.212 -> Magnesium >= 0.029) -> Temp >= 0.024)
",-41.371,-94.226,0.000,1.000,0.000,13,0,0,0,13,0,13,0,1.0,0.0,0.0,1.0,1.04,-0.040000000000000036,1
"G[0,0]((SaO2 <= 0.000 & BaseExcess >= 0.000) & Hct <= 0.000)
",0.000,0.000,0.000,1.000,0.000,13,0,0,0,13,0,13,0,1.0,0.0,0.0,1.0,1.04,-0.040000000000000036,1
"G[0,0](Chloride >= 0.000 & HCO3 >= 0.000)
",0.000,0.000,0.000,1.000,0.000,13,0,0,0,13,0,13,0,1.0,0.0,0.0,1.0,1.04,-0.040000000000000036,1
"G[0,0](Hct >= 1.320 | Hct <= 15.621)
",15.621,15.621,0.000,1.000,0.000,13,0,0,0,13,0,13,0,1.0,0.0,0.0,1.0,1.04,-0.040000000000000036,1
"G[0,0]((FiO2 <= 0.000 | MAP >= 29.395) | Platelets <= 101.484)
",10.123,109.711,0.000,1.000,0.000,13,0,0,0,13,0,13,0,1.0,0.0,0.0,1.0,1.04,-0.040000000000000036,1
"G[0,0](((EtCO2 <= 0.000 -> HR <= 70.325) & Potassium <= 65.425) | Fibrinogen >= 4.916)
",1.725,15.167,0.000,1.000,0.000,13,0,0,0,13,0,13,0,1.0,0.0,0.0,1.0,1.04,-0.040000000000000036,1
"G[0,0](((BUN >= 0.221 | Platelets >= 5.595) | TroponinI >= 0.287) -> SepsisLabel >= 8.312)
",-0.298,-16.855,0.000,1.000,0.000,13,0,0,0,13,0,13,0,1.0,0.0,0.0,1.0,1.04,-0.040000000000000036,1
"G[0,0]((AST <= 7.848 | AST >= 0.294) | PaCO2 >= 0.997)
",8836236507264228.000,7.848,0.000,1.000,0.000,13,0,0,0,13,0,13,0,1.0,0.0,0.0,1.0,1.04,-0.040000000000000036,1
"G[0,0]((SBP >= 16.135 -> Phosphate <= 0.655) | BUN >= 0.076)
",0.291,2.007,0.000,1.000,0.000,13,0,0,0,13,0,13,0,1.0,0.0,0.0,1.0,1.04,-0.040000000000000036,1
"G[0,0](MAP <= 107.643 | PaCO2 >= 0.000)
",0.315,9.357,0.000,1.000,0.000,13,0,0,0,13,0,13,0,1.0,0.0,0.0,1.0,1.04,-0.040000000000000036,1
"G[0,1](Chloride >= 0.000 & HCO3 >= 0.000)
",9999999.000,9999999.000,0.000,1.000,0.000,12,0,1,0,12,1,13,0,1.0,0.0,1.0,0.9230769230769231,0.96,0.040000000000000036,1
"F[0,1]((Calcium <= 2.952 & Potassium <= 3.344) & Magnesium >= 0.036)
",-9999999.000,-9999999.000,0.000,0.000,1.000,12,0,0,1,13,0,12,1,0.9230769230769231,0.0,0.0,1.0,0.96,0.040000000000000036,-1
"G[0,1](Chloride >= 0.000 & HCO3 >= 0.000)
",9999999.000,9999999.000,0.000,1.000,0.000,12,0,1,0,12,1,13,0,1.0,0.0,1.0,0.9230769230769231,0.96,0.040000000000000036,1
"G[0,1](Chloride >= 0.000 & HCO3 >= 0.000)
",9999999.000,9999999.000,0.000,1.000,0.000,12,0,1,0,12,1,13,0,1.0,0.0,1.0,0.9230769230769231,0.96,0.040000000000000036,1
"G[0,1](Chloride >= 0.000 & HCO3 >= 0.000)
",9999999.000,9999999.000,0.000,1.000,0.000,12,0,1,0,12,1,13,0,1.0,0.0,1.0,0.9230769230769231,0.96,0.040000000000000036,1
"G[0,1](Chloride >= 0.000 & HCO3 >= 0.000)
",9999999.000,9999999.000,0.000,1.000,0.000,12,0,1,0,12,1,13,0,1.0,0.0,1.0,0.9230769230769231,0.96,0.040000000000000036,1
"G[0,1](TroponinI <= 0.000 -> SepsisLabel = 0.000)
",9999999.000,9999999.000,0.000,1.000,0.000,12,0,1,0,12,1,13,0,1.0,0.0,1.0,0.9230769230769231,0.96,0.040000000000000036,1
"F[0,1](((EtCO2 <= 0.000 | Magnesium >= 0.056) -> Calcium <= 1.589) & Chloride >= 0.003)
",-9999999.000,-9999999.000,0.000,0.000,1.000,12,0,0,1,13,0,12,1,0.9230769230769231,0.0,0.0,1.0,0.96,0.040000000000000036,-1
"F[0,1]((Calcium <= 0.473 & Potassium <= 1.611) & Magnesium >= 0.054)
",-9999999.000,-9999999.000,0.000,0.000,1.000,12,0,0,1,13,0,12,1,0.9230769230769231,0.0,0.0,1.0,0.96,0.040000000000000036,-1
"F[1,1](((HR >= 46.420 & PTT <= 6.051) & HR <= 10.305) & Hgb <= 16.318)
",-46.420,-46.420,0.000,0.000,1.000,12,0,0,1,13,0,12,1,0.9230769230769231,0.0,0.0,1.0,0.96,0.040000000000000036,-1
"F[0,1](Chloride > 0.000 & SepsisLabel = 0.000)
",-9999999.000,-9999999.000,0.000,0.000,1.000,12,0,0,1,13,0,12,1,0.9230769230769231,0.0,0.0,1.0,0.96,0.040000000000000036,-1
"((AST >= 0.299) U[1,1] (PaCO2 <= 0.000))
",0.000,0.000,0.000,0.000,1.000,12,0,0,1,13,0,12,1,0.9230769230769231,0.0,0.0,1.0,0.96,0.040000000000000036,-1
"F[0,1]((Calcium <= 5.184 & Potassium <= 1.115) & Magnesium >= 0.039)
",-9999999.000,-9999999.000,0.000,0.000,1.000,12,0,0,1,13,0,12,1,0.9230769230769231,0.0,0.0,1.0,0.96,0.040000000000000036,-1
"((Alkalinephos >= 1.631) U[1,1] (FiO2 >= 0.000))
",0.000,0.000,0.000,0.000,1.000,12,0,0,1,13,0,12,1,0.9230769230769231,0.0,0.0,1.0,0.96,0.040000000000000036,-1
"F[0,1]((O2Sat <= 93.598 & MAP <= 101.267) & Fibrinogen >= 79.422)
",-9999999.000,-9999999.000,0.000,0.000,1.000,12,0,0,1,13,0,12,1,0.9230769230769231,0.0,0.0,1.0,0.96,0.040000000000000036,-1
"G[1,1](Phosphate >= 0.116 -> SepsisLabel = 0.000)
",0.000,0.000,0.000,1.000,0.000,12,0,1,0,12,1,13,0,1.0,0.0,1.0,0.9230769230769231,0.96,0.040000000000000036,1
"((Potassium >= 0.148) U[1,1] (Calcium <= 3.706))
",3.706,3.706,0.000,0.000,1.000,12,0,0,1,13,0,12,1,0.9230769230769231,0.0,0.0,1.0,0.96,0.040000000000000036,-1
"F[0,0](((WBC <= 2.523 & Chloride <= 0.000) -> DBP <= 0.000) & Bilirubin_total <= 0.000)
",-0.302,-0.317,0.000,0.000,1.000,12,0,0,1,13,0,12,1,0.9230769230769231,0.0,0.0,1.0,0.96,0.040000000000000036,-1
"F[1,1]((Calcium <= 5.093 & Potassium <= 1.415) & Magnesium >= 0.065)
",-4703320374479998.000,-0.065,0.000,0.000,1.000,12,0,0,1,13,0,12,1,0.9230769230769231,0.0,0.0,1.0,0.96,0.040000000000000036,-1
"F[0,1](((Hgb >= 0.159 -> DBP <= 70.557) | Glucose >= 56.292) & Creatinine >= 7.905)
",-9999999.000,-9999999.000,0.000,0.000,1.000,12,0,0,1,13,0,12,1,0.9230769230769231,0.0,0.0,1.0,0.96,0.040000000000000036,-1
"F[0,0](((Phosphate >= 0.079 | SepsisLabel >= 0.000) | Fibrinogen <= 0.000) & DBP <= 0.000)
",-3.026,-85.333,0.000,0.000,1.000,12,0,0,1,13,0,12,1,0.9230769230769231,0.0,0.0,1.0,0.96,0.040000000000000036,-1
"F[0,1]((Calcium <= 2.975 & Potassium <= 1.256) & Magnesium >= 0.037)
",-9999999.000,-9999999.000,0.000,0.000,1.000,12,0,0,1,13,0,12,1,0.9230769230769231,0.0,0.0,1.0,0.96,0.040000000000000036,-1
"((HR >= 42.621) U[0,0] (O2Sat <= 91.469))
",8129893184317524.000,29576.379,0.000,0.000,1.000,12,0,0,1,13,0,12,1,0.9230769230769231,0.0,0.0,1.0,0.96,0.040000000000000036,-1
"F[0,1]((Calcium <= 5.962 & Potassium <= 0.350) & Magnesium >= 0.031)
",-9999999.000,-9999999.000,0.000,0.000,1.000,12,0,0,1,13,0,12,1,0.9230769230769231,0.0,0.0,1.0,0.96,0.040000000000000036,-1
"F[0,0](((SBP <= 156.976 & DBP <= 75.409) & Chloride <= 76.151) & SBP <= 78.392)
",-0.352,-9.924,0.000,0.000,1.000,12,0,0,1,13,0,12,1,0.9230769230769231,0.0,0.0,1.0,0.96,0.040000000000000036,-1
"G[0,1](Chloride >= 0.000 & HCO3 >= 0.000)
",9999999.000,9999999.000,0.000,1.000,0.000,12,0,1,0,12,1,13,0,1.0,0.0,1.0,0.9230769230769231,0.96,0.040000000000000036,1
"G[1,1](Phosphate >= 0.121 -> SepsisLabel = 0.000)
",0.000,0.000,0.000,1.000,0.000,12,0,1,0,12,1,13,0,1.0,0.0,1.0,0.9230769230769231,0.96,0.040000000000000036,1
"G[0,1](SepsisLabel <= 0.000 | Alkalinephos >= 0.402)
",9999999.000,9999999.000,0.000,1.000,0.000,12,0,1,0,12,1,13,0,1.0,0.0,1.0,0.9230769230769231,0.96,0.040000000000000036,1
"G[0,1](((Potassium <= 2.111 & Platelets >= 3.148) | HCO3 >= 6.861) -> EtCO2 >= 7.880)
",9999999.000,9999999.000,0.000,1.000,0.000,12,0,1,0,12,1,13,0,1.0,0.0,1.0,0.9230769230769231,0.96,0.040000000000000036,1
"G[0,1](((Potassium <= 2.969 & Glucose >= 0.890) | Chloride <= 100.812) | Calcium >= 4.335)
",9999999.000,9999999.000,0.000,1.000,0.000,12,0,1,0,12,1,13,0,1.0,0.0,1.0,0.9230769230769231,0.96,0.040000000000000036,1
"G[0,1](((HR >= 33.837 | PaCO2 <= 0.000) -> PaCO2 >= 0.000) | Resp >= 0.000)
",9999999.000,9999999.000,0.000,1.000,0.000,12,0,1,0,12,1,13,0,1.0,0.0,1.0,0.9230769230769231,0.96,0.040000000000000036,1
"G[1,1]((Bilirubin_direct >= 0.000 | Potassium >= 0.124) | Bilirubin_total >= 0.128)
",0.000,0.000,0.000,1.000,0.000,12,0,1,0,12,1,13,0,1.0,0.0,1.0,0.9230769230769231,0.96,0.040000000000000036,1
"G[0,1]((Temp <= 7.331 -> Lactate >= 0.000) & Calcium >= 0.000)
",9999999.000,9999999.000,0.000,1.000,0.000,12,0,1,0,12,1,13,0,1.0,0.0,1.0,0.9230769230769231,0.96,0.040000000000000036,1
"G[1,1]((Phosphate >= 0.015 | BUN <= 11.352) -> Fibrinogen <= 6.356)
",-11.352,-11.352,0.000,1.000,0.000,12,0,1,0,12,1,13,0,1.0,0.0,1.0,0.9230769230769231,0.96,0.040000000000000036,1
"G[1,1](((SepsisLabel >= 0.000 | Calcium >= 0.255) & Phosphate >= 0.208) | Lactate <= 6.646)
",7482942957128149.000,6.646,0.000,1.000,0.000,12,0,1,0,12,1,13,0,1.0,0.0,1.0,0.9230769230769231,0.96,0.040000000000000036,1
"G[0,1](Phosphate <= 0.423 -> SepsisLabel = 0.000)
",9999999.000,9999999.000,0.000,1.000,0.000,12,0,1,0,12,1,13,0,1.0,0.0,1.0,0.9230769230769231,0.96,0.040000000000000036,1
"G[0,1]((Platelets >= 5.947 -> Lactate >= 0.000) -> Bilirubin_direct >= 0.000)
",9999999.000,9999999.000,0.000,1.000,0.000,12,0,1,0,12,1,13,0,1.0,0.0,1.0,0.9230769230769231,0.96,0.040000000000000036,1
"G[0,1]((Hgb >= 0.202 -> WBC <= 4.032) -> EtCO2 <= 3.950)
",9999999.000,9999999.000,0.000,1.000,0.000,12,0,1,0,12,1,13,0,1.0,0.0,1.0,0.9230769230769231,0.96,0.040000000000000036,1
"G[0,1]((DBP <= 64.822 -> O2Sat >= 1.286) -> AST <= 97.659)
",9999999.000,9999999.000,0.000,1.000,0.000,12,0,1,0,12,1,13,0,1.0,0.0,1.0,0.9230769230769231,0.96,0.040000000000000036,1
"G[1,1]((FiO2 >= 0.000 & TroponinI >= 0.000) | Calcium >= 0.000)
",0.000,0.000,0.000,1.000,0.000,12,0,1,0,12,1,13,0,1.0,0.0,1.0,0.9230769230769231,0.96,0.040000000000000036,1
"G[0,1](((MAP >= 21.751 & Temp >= 6.173) -> PaCO2 <= 15.891) | Lactate <= 8.847)
",9999999.000,9999999.000,0.000,1.000,0.000,12,0,1,0,12,1,13,0,1.0,0.0,1.0,0.9230769230769231,0.96,0.040000000000000036,1
"G[1,1]((Alkalinephos >= 0.741 -> Lactate <= 0.000) | MAP <= 0.000)
",0.000,0.000,0.000,1.000,0.000,12,0,1,0,12,1,13,0,1.0,0.0,1.0,0.9230769230769231,0.96,0.040000000000000036,1
"G[0,1](((Bilirubin_total >= 0.043 -> HR >= 55.080) -> HR <= 65.618) | Bilirubin_total <= 68.036)
",9999999.000,9999999.000,0.000,1.000,0.000,12,0,1,0,12,1,13,0,1.0,0.0,1.0,0.9230769230769231,0.96,0.040000000000000036,1
"G[0,1](((PTT >= 0.459 -> SBP <= 129.976) | PTT >= 92.586) | PTT >= 26.307)
",9999999.000,9999999.000,0.000,1.000,0.000,12,0,1,0,12,1,13,0,1.0,0.0,1.0,0.9230769230769231,0.96,0.040000000000000036,1
"G[1,1](PaCO2 <= 0.000 | pH <= 0.000)
",0.000,0.000,0.000,1.000,0.000,12,0,1,0,12,1,13,0,1.0,0.0,1.0,0.9230769230769231,0.96,0.040000000000000036,1
"G[0,1](((O2Sat >= 0.936 & Bilirubin_direct <= 0.000) -> BUN >= 0.000) & Bilirubin_total >= 0.000)
",9999999.000,9999999.000,0.000,1.000,0.000,12,0,1,0,12,1,13,0,1.0,0.0,1.0,0.9230769230769231,0.96,0.040000000000000036,1
"G[1,1](((FiO2 <= 0.000 & Calcium <= 2.702) | Magnesium <= 7.704) -> Fibrinogen <= 5.995)
",-4337102309013109.500,-7.704,0.000,1.000,0.000,12,0,1,0,12,1,13,0,1.0,0.0,1.0,0.9230769230769231,0.96,0.040000000000000036,1
"G[1,1](((pH <= 0.000 -> Magnesium <= 1.631) | SepsisLabel <= 1.762) | SepsisLabel >= 0.062)
",1.762,1.762,0.000,1.000,0.000,12,0,1,0,12,1,13,0,1.0,0.0,1.0,0.9230769230769231,0.96,0.040000000000000036,1
"G[1,1](((PaCO2 <= 0.000 | BaseExcess <= 0.000) | Potassium >= 0.000) | WBC >= 0.000)
",0.000,0.000,0.000,1.000,0.000,12,0,1,0,12,1,13,0,1.0,0.0,1.0,0.9230769230769231,0.96,0.040000000000000036,1
"G[0,1]((TroponinI <= 0.000 & SaO2 <= 0.000) & Hct >= 0.000)
",9999999.000,9999999.000,0.000,1.000,0.000,12,0,1,0,12,1,13,0,1.0,0.0,1.0,0.9230769230769231,0.96,0.040000000000000036,1
"G[0,1](Alkalinephos > 2.372 -> SepsisLabel = 0.000)
",9999999.000,9999999.000,0.000,1.000,0.000,12,0,1,0,12,1,13,0,1.0,0.0,1.0,0.9230769230769231,0.96,0.040000000000000036,1
"G[0,1](Chloride >= 0.000 & HCO3 >= 0.000)
",9999999.000,9999999.000,0.000,1.000,0.000,12,0,1,0,12,1,13,0,1.0,0.0,1.0,0.9230769230769231,0.96,0.040000000000000036,1
"G[0,1](Platelets <= 161.022 | BUN >= 0.355)
",9999999.000,9999999.000,0.000,1.000,0.000,12,0,1,0,12,1,13,0,1.0,0.0,1.0,0.9230769230769231,0.96,0.040000000000000036,1
"G[0,1](((DBP <= 73.929 -> PTT <= 24.172) -> PTT >= 1.069) -> Hct >= 0.348)
",9999999.000,9999999.000,0.000,1.000,0.000,12,0,1,0,12,1,13,0,1.0,0.0,1.0,0.9230769230769231,0.96,0.040000000000000036,1
"G[0,1](Alkalinephos <= 26.968 -> Chloride <= 0.000)
",9999999.000,9999999.000,0.000,1.000,0.000,12,0,1,0,12,1,13,0,1.0,0.0,1.0,0.9230769230769231,0.96,0.040000000000000036,1
"G[1,1]((Calcium >= 0.193 -> SepsisLabel <= 0.000) -> SepsisLabel >= 0.000)
",0.000,0.000,0.000,1.000,0.000,12,0,1,0,12,1,13,0,1.0,0.0,1.0,0.9230769230769231,0.96,0.040000000000000036,1
"G[0,1]((Potassium <= 2.704 -> TroponinI <= 0.000) & WBC >= 0.000)
",9999999.000,9999999.000,0.000,1.000,0.000,12,0,1,0,12,1,13,0,1.0,0.0,1.0,0.9230769230769231,0.96,0.040000000000000036,1
"G[0,1](((Bilirubin_total >= 0.038 | SepsisLabel >= 0.000) -> pH >= 0.000) | PTT <= 0.000)
",9999999.000,9999999.000,0.000,1.000,0.000,12,0,1,0,12,1,13,0,1.0,0.0,1.0,0.9230769230769231,0.96,0.040000000000000036,1
"G[0,1](((BaseExcess <= 0.000 -> Fibrinogen <= 0.000) & Potassium >= 0.000) | AST >= 0.000)
",9999999.000,9999999.000,0.000,1.000,0.000,12,0,1,0,12,1,13,0,1.0,0.0,1.0,0.9230769230769231,0.96,0.040000000000000036,1
"G[1,1](Lactate <= 0.000 | Chloride >= 0.000)
",0.000,0.000,0.000,1.000,0.000,12,0,1,0,12,1,13,0,1.0,0.0,1.0,0.9230769230769231,0.96,0.040000000000000036,1
"G[1,1](Glucose > 1.344 -> SepsisLabel = 0.000)
",0.000,0.000,0.000,1.000,0.000,12,0,1,0,12,1,13,0,1.0,0.0,1.0,0.9230769230769231,0.96,0.040000000000000036,1
"((SaO2 >= 0.000) U[0,1] (Creatinine >= 0.013))
",-9999999.000,-9999999.000,0.000,0.000,1.000,11,0,0,2,13,0,11,2,0.8461538461538461,0.0,0.0,1.0,0.88,0.12,-1
"((Hgb >= 0.050) U[1,2] (MAP >= 74.518))
",-9999999.000,-9999999.000,0.000,0.000,1.000,11,0,0,2,13,0,11,2,0.8461538461538461,0.0,0.0,1.0,0.88,0.12,-1
"F[0,1]((Bilirubin_total <= 0.080 | Temp >= 4.193) -> BUN >= 1.163)
",-9999999.000,-9999999.000,0.000,0.000,1.000,11,0,0,2,13,0,11,2,0.8461538461538461,0.0,0.0,1.0,0.88,0.12,-1
"((pH <= 0.000) U[1,1] (BUN >= 0.335))
",0.000,0.000,0.000,0.000,1.000,11,0,0,2,13,0,11,2,0.8461538461538461,0.0,0.0,1.0,0.88,0.12,-1
"F[0,1](MAP <= 110.639 & Phosphate >= 0.053)
",-9999999.000,-9999999.000,0.000,0.000,1.000,11,0,0,2,13,0,11,2,0.8461538461538461,0.0,0.0,1.0,0.88,0.12,-1
"F[1,1](((MAP >= 11.961 & O2Sat >= 66.833) -> BaseExcess >= 85.034) & O2Sat <= 92.560)
",4702960543278345.000,66.833,0.000,0.000,1.000,11,0,0,2,13,0,11,2,0.8461538461538461,0.0,0.0,1.0,0.88,0.12,-1
"F[0,1]((Potassium <= 2.414 -> Phosphate >= 0.022) | Calcium >= 0.074)
",-9999999.000,-9999999.000,0.000,0.000,1.000,11,0,0,2,13,0,11,2,0.8461538461538461,0.0,0.0,1.0,0.88,0.12,-1
"F[0,1](((Resp >= 17.146 & SBP <= 139.787) -> TroponinI <= 127.614) -> PTT >= 18.931)
",-9999999.000,-9999999.000,0.000,0.000,1.000,11,0,0,2,13,0,11,2,0.8461538461538461,0.0,0.0,1.0,0.88,0.12,-1
"F[0,1](Calcium >= 0.062 & MAP <= 94.056)
",-9999999.000,-9999999.000,0.000,0.000,1.000,11,0,0,2,13,0,11,2,0.8461538461538461,0.0,0.0,1.0,0.88,0.12,-1
"F[0,1](((Bilirubin_total <= 0.391 | MAP >= 44.392) | SBP <= 89.093) -> Platelets >= 74.785)
",-9999999.000,-9999999.000,0.000,0.000,1.000,11,0,0,2,13,0,11,2,0.8461538461538461,0.0,0.0,1.0,0.88,0.12,-1
"((Calcium >= 0.280) U[0,1] (Platelets >= 0.983))
",-9999999.000,-9999999.000,0.000,0.000,1.000,11,0,0,2,13,0,11,2,0.8461538461538461,0.0,0.0,1.0,0.88,0.12,-1
"F[0,1]((Chloride <= 0.000 | Creatinine <= 0.045) & Creatinine >= 0.020)
",-9999999.000,-9999999.000,0.000,0.000,1.000,11,0,0,2,13,0,11,2,0.8461538461538461,0.0,0.0,1.0,0.88,0.12,-1
"F[1,1]((Glucose <= 99.295 -> WBC >= 0.299) | BUN >= 0.299)
",-0.299,-0.299,0.000,0.000,1.000,11,0,0,2,13,0,11,2,0.8461538461538461,0.0,0.0,1.0,0.88,0.12,-1
"((Phosphate <= 0.813) U[0,1] (Potassium >= 0.092))
",-9999999.000,-9999999.000,0.000,0.000,1.000,11,0,0,2,13,0,11,2,0.8461538461538461,0.0,0.0,1.0,0.88,0.12,-1
"G[0,1](((WBC >= 0.221 & pH >= 0.000) | Temp >= 0.000) & Calcium <= 0.000)
",9999999.000,9999999.000,0.000,1.000,0.000,11,0,1,1,12,1,12,1,0.9166666666666666,0.0,1.0,0.9166666666666666,0.88,0.12,1
"G[0,1](HR <= 71.337 | WBC >= 0.159)
",9999999.000,9999999.000,0.000,1.000,0.000,11,0,1,1,12,1,12,1,0.9166666666666666,0.0,1.0,0.9166666666666666,0.88,0.12,1
"G[1,1]((DBP >= 50.069 -> Hct <= 8.781) & Hct <= 37.409)
",-8.781,-8.781,0.000,1.000,0.000,11,0,1,1,12,1,12,1,0.9166666666666666,0.0,1.0,0.9166666666666666,0.88,0.12,1
"G[0,1](((Glucose >= 0.271 | HR <= 61.500) & Bilirubin_total <= 73.239) -> HR >= 47.854)
",9999999.000,9999999.000,0.000,1.000,0.000,11,0,1,1,12,1,12,1,0.9166666666666666,0.0,1.0,0.9166666666666666,0.88,0.12,1
"G[0,1](((Alkalinephos <= 13.447 | AST <= 7.835) & Chloride <= 21.417) & Platelets <= 3.499)
",9999999.000,9999999.000,0.000,1.000,0.000,11,0,1,1,12,1,12,1,0.9166666666666666,0.0,1.0,0.9166666666666666,0.88,0.12,1
"G[0,1](HR > 9.577 & SepsisLabel = 0.000)
",9999999.000,9999999.000,0.000,1.000,0.000,11,0,1,1,12,1,12,1,0.9166666666666666,0.0,1.0,0.9166666666666666,0.88,0.12,1
"G[1,1](DBP >= 21.468 -> Potassium <= 3.374)
",-7596455522921217.000,-3.374,0.000,1.000,0.000,11,0,1,1,12,1,12,1,0.9166666666666666,0.0,1.0,0.9166666666666666,0.88,0.12,1
"G[0,1](Platelets >= 0.249 -> Glucose <= 87.011)
",9999999.000,9999999.000,0.000,1.000,0.000,11,0,1,1,12,1,12,1,0.9166666666666666,0.0,1.0,0.9166666666666666,0.88,0.12,1
"F[0,1]((DBP >= 29.866 -> Resp <= 24.276) -> PTT >= 9.732)
",-9999999.000,-9999999.000,0.000,0.000,1.000,10,0,0,3,13,0,10,3,0.7692307692307693,0.0,0.0,1.0,0.8,0.19999999999999996,-1
"G[0,1](((Calcium <= 4.211 -> SBP >= 15.112) -> FiO2 >= 101.320) -> Chloride >= 36.201)
",9999999.000,9999999.000,0.000,1.000,0.000,10,0,1,2,12,1,11,2,0.8333333333333334,0.0,1.0,0.9090909090909091,0.8,0.19999999999999996,1
"F[0,1](((HCO3 >= 0.000 -> PTT <= 14.349) | HCO3 <= 19.148) & DBP <= 26.517)
",-9999999.000,-9999999.000,0.000,0.000,1.000,10,0,0,3,13,0,10,3,0.7692307692307693,0.0,0.0,1.0,0.8,0.19999999999999996,-1
"F[0,1]((TroponinI >= 0.000 & HCO3 >= 0.000) & SBP <= 0.000)
",-9999999.000,-9999999.000,0.000,0.000,1.000,10,0,0,3,13,0,10,3,0.7692307692307693,0.0,0.0,1.0,0.8,0.19999999999999996,-1
"F[0,0]((DBP >= 15.918 & SaO2 <= 0.000) -> Resp <= 0.000)
",0.000,0.000,0.000,0.000,1.000,10,0,0,3,13,0,10,3,0.7692307692307693,0.0,0.0,1.0,0.8,0.19999999999999996,-1
"G[0,0](((PTT <= 17.301 & Resp >= 14.209) | FiO2 >= 8.391) & Hct <= 24.736)
",1.845,14.093,0.000,1.000,0.000,10,0,0,3,13,0,10,3,0.7692307692307693,0.0,0.0,1.0,0.8,0.19999999999999996,1
"G[1,1](((Resp >= 8.960 & EtCO2 <= 0.000) & AST <= 0.000) & Glucose >= 0.000)
",-8.960,-8.960,0.000,1.000,0.000,10,0,1,2,12,1,11,2,0.8333333333333334,0.0,1.0,0.9090909090909091,0.8,0.19999999999999996,1
"F[0,1](DBP >= 48.015 -> AST >= 0.761)
",-9999999.000,-9999999.000,0.000,0.000,1.000,9,0,0,4,13,0,9,4,0.6923076923076923,0.0,0.0,1.0,0.72,0.28,-1
"F[0,0]((Bilirubin_direct >= 0.000 -> HR <= 56.952) -> PTT >= 21.328)
",0.302,0.053,0.000,0.000,1.000,9,0,0,4,13,0,9,4,0.6923076923076923,0.0,0.0,1.0,0.72,0.28,-1
"G[0,1](DBP <= 80.012 & MAP >= 63.458)
",9999999.000,9999999.000,0.000,1.000,0.000,9,0,1,3,12,1,10,3,0.75,0.0,1.0,0.9,0.72,0.28,1
"((MAP >= 6.924) U[1,1] (SBP <= 126.337))
",8890186937787407.000,126.337,0.000,0.000,1.000,8,0,0,5,13,0,8,5,0.6153846153846154,0.0,0.0,1.0,0.64,0.36,-1
"F[0,1](SBP >= 65.501 & Temp >= 6.947)
",-9999999.000,-9999999.000,0.000,0.000,1.000,7,0,0,6,13,0,7,6,0.5384615384615384,0.0,0.0,1.0,0.56,0.43999999999999995,-1
"G[0,1](Platelets >= 4.839 | Resp <= 20.700)
",9999999.000,9999999.000,0.000,1.000,0.000,6,0,1,6,12,1,7,6,0.5,0.0,1.0,0.8571428571428571,0.48,0.52,1
"((SBP <= 133.867) U[1,1] (WBC <= 7.776))
",133.867,133.867,0.000,0.000,1.000,6,0,0,7,13,0,6,7,0.46153846153846156,0.0,0.0,1.0,0.48,0.52,-1
"((MAP >= 13.609) U[0,1] (SBP <= 133.118))
",-9999999.000,-9999999.000,0.000,0.000,1.000,5,0,0,8,13,0,5,8,0.38461538461538464,0.0,0.0,1.0,0.4,0.6,-1
"F[1,1]((O2Sat <= 97.095 -> WBC <= 3.832) & Temp <= 4.969)
",-97.095,-97.095,0.000,0.000,1.000,5,0,0,8,13,0,5,8,0.38461538461538464,0.0,0.0,1.0,0.4,0.6,-1
"G[1,1]((pH <= 0.000 & Temp <= 22.302) -> PTT >= 4.998)
",0.000,0.000,0.000,1.000,0.000,5,0,1,7,12,1,6,7,0.4166666666666667,0.0,1.0,0.8333333333333334,0.4,0.6,1
"G[0,1]((PTT <= 25.114 & MAP <= 92.551) & Bilirubin_total <= 104.667)
",9999999.000,9999999.000,0.000,1.000,0.000,4,0,1,8,12,1,5,8,0.3333333333333333,0.0,1.0,0.8,0.32,0.6799999999999999,1
"F[0,0](BUN >= 0.313 | SBP <= 150.334)
",10.604,144.250,0.000,0.000,1.000,4,0,0,9,13,0,4,9,0.3076923076923077,0.0,0.0,1.0,0.32,0.6799999999999999,-1
"((DBP <= 74.211) U[1,2] (Resp <= 23.911))
",-9999999.000,-9999999.000,0.000,0.000,1.000,4,0,0,9,13,0,4,9,0.3076923076923077,0.0,0.0,1.0,0.32,0.6799999999999999,-1
"G[0,1](O2Sat <= 96.021 & Resp >= 7.938)
",9999999.000,9999999.000,0.000,1.000,0.000,4,0,1,8,12,1,5,8,0.3333333333333333,0.0,1.0,0.8,0.32,0.6799999999999999,1
"G[0,1](((Bilirubin_total >= 0.001 -> SBP <= 135.787) & SBP <= 129.893) | Creatinine >= 47.411)
",9999999.000,9999999.000,0.000,1.000,0.000,3,0,1,9,12,1,4,9,0.25,0.0,1.0,0.75,0.24,0.76,1
"F[0,0](((pH <= 0.000 -> Resp >= 10.039) & Glucose <= 24.816) | Potassium >= 8.738)
",-3.091,-7.735,0.000,0.000,1.000,3,0,0,10,13,0,3,10,0.23076923076923078,0.0,0.0,1.0,0.24,0.76,-1
"((HR >= 25.335) U[1,1] (Phosphate <= 0.191))
",6878583012539911.000,0.191,0.000,0.000,1.000,2,0,0,11,13,0,2,11,0.15384615384615385,0.0,0.0,1.0,0.16,0.84,-1
"((MAP >= 43.802) U[1,1] (Phosphate <= 3.265))
",7353198214470485.000,3.265,0.000,0.000,1.000,2,0,0,11,13,0,2,11,0.15384615384615385,0.0,0.0,1.0,0.16,0.84,-1
"((Glucose >= 4.268) U[0,0] (MAP <= 109.549))
",0.195,6.118,0.000,0.000,1.000,2,0,0,11,13,0,2,11,0.15384615384615385,0.0,0.0,1.0,0.16,0.84,-1
"((O2Sat <= 97.149) U[1,2] (Platelets <= 99.653))
",-9999999.000,-9999999.000,0.000,0.000,1.000,1,0,0,12,13,0,1,12,0.07692307692307693,0.0,0.0,1.0,0.08,0.92,-1
"((Alkalinephos >= 1.497) U[1,2] (Glucose >= 0.091))
",-9999999.000,-9999999.000,0.000,0.000,1.000,1,0,0,12,13,0,1,12,0.07692307692307693,0.0,0.0,1.0,0.08,0.92,-1
"F[1,1](AST <= 3.250 | Potassium <= 0.556)
",3.250,3.250,0.000,0.000,1.000,1,0,0,12,13,0,1,12,0.07692307692307693,0.0,0.0,1.0,0.08,0.92,-1
"((HR <= 57.304) U[1,2] (Platelets >= 1.299))
",-9999999.000,-9999999.000,0.000,0.000,1.000,1,0,0,12,13,0,1,12,0.07692307692307693,0.0,0.0,1.0,0.08,0.92,-1
"F[1,1](AST <= 18.469 & FiO2 <= 0.000)
",0.000,0.000,0.000,0.000,1.000,1,0,0,12,13,0,1,12,0.07692307692307693,0.0,0.0,1.0,0.08,0.92,-1
"F[1,1](Calcium < 2.669 & SepsisLabel = 0.000)
",0.000,0.000,0.000,0.000,1.000,1,0,0,12,13,0,1,12,0.07692307692307693,0.0,0.0,1.0,0.08,0.92,-1
"F[1,1](((Magnesium <= 1.642 & WBC <= 3.874) -> TroponinI >= 0.123) -> MAP <= 6.356)
",-7156249256862791.000,-6.356,0.000,0.000,1.000,1,0,0,12,13,0,1,12,0.07692307692307693,0.0,0.0,1.0,0.08,0.92,-1
"G[0,0](((Creatinine >= 0.004 -> Calcium >= 0.237) | Potassium >= 0.240) & SBP <= 7.561)
",-0.447,-4.820,0.000,1.000,0.000,1,0,0,12,13,0,1,12,0.07692307692307693,0.0,0.0,1.0,0.08,0.92,1
"((MAP >= 63.750) U[1,2] (Calcium <= 7.387))
",-9999999.000,-9999999.000,0.000,0.000,1.000,1,0,0,12,13,0,1,12,0.07692307692307693,0.0,0.0,1.0,0.08,0.92,-1
"F[1,1](Hgb <= 12.286 | Hct <= 10.837)
",12.286,12.286,0.000,0.000,1.000,1,0,0,12,13,0,1,12,0.07692307692307693,0.0,0.0,1.0,0.08,0.92,-1
"G[1,1](((Hgb <= 8.573 | Hct <= 22.151) -> WBC >= 0.271) & Platelets >= 4.280)
",-22.151,-22.151,0.000,1.000,0.000,1,0,1,11,12,1,2,11,0.08333333333333333,0.0,1.0,0.5,0.08,0.92,1
"G[0,0]((Potassium >= 0.043 | SBP >= 41.776) -> PTT >= 54.351)
",-0.254,-0.232,0.000,1.000,0.000,1,0,0,12,13,0,1,12,0.07692307692307693,0.0,0.0,1.0,0.08,0.92,1
"G[1,1]((Phosphate >= 0.084 -> Glucose <= 36.547) -> Hct >= 4.158)
",4.158,4.158,0.000,1.000,0.000,1,0,1,11,12,1,2,11,0.08333333333333333,0.0,1.0,0.5,0.08,0.92,1
"G[1,1](((Hgb <= 5.293 | Hct <= 30.983) -> WBC >= 0.174) & Platelets >= 6.285)
",-8720902645962780.000,-30.983,0.000,1.000,0.000,1,0,1,11,12,1,2,11,0.08333333333333333,0.0,1.0,0.5,0.08,0.92,1
"G[1,1](Glucose > 2.997 & SepsisLabel = 0.000)
",-2.997,-2.997,0.000,1.000,0.000,1,0,1,11,12,1,2,11,0.08333333333333333,0.0,1.0,0.5,0.08,0.92,1
"F[1,1](O2Sat >= 26.248 & WBC <= 6.560)
",-7388022714796731.000,-26.248,0.000,0.000,1.000,1,0,0,12,13,0,1,12,0.07692307692307693,0.0,0.0,1.0,0.08,0.92,-1
"F[1,1](((TroponinI <= 0.000 | DBP <= 64.304) -> PaCO2 <= 72.946) -> Glucose <= 77.891)
",-5481079889948430.000,-77.891,0.000,0.000,1.000,1,0,0,12,13,0,1,12,0.07692307692307693,0.0,0.0,1.0,0.08,0.92,-1
"F[1,1]((EtCO2 >= 0.000 & Chloride <= 0.000) -> Platelets <= 0.000)
",0.000,0.000,0.000,0.000,1.000,1,0,0,12,13,0,1,12,0.07692307692307693,0.0,0.0,1.0,0.08,0.92,-1
"F[1,1](Hgb <= 8.558 | Hct <= 26.846)
",26.846,26.846,0.000,0.000,1.000,1,0,0,12,13,0,1,12,0.07692307692307693,0.0,0.0,1.0,0.08,0.92,-1
"F[1,1](((Calcium < 4.489 & Potassium < 1.447) & Magnesium < 0.813) & Phosphate < 2.797)
",0.813,0.813,0.000,0.000,1.000,1,0,0,12,13,0,1,12,0.07692307692307693,0.0,0.0,1.0,0.08,0.92,-1
"((O2Sat >= 89.963) U[1,2] (Lactate <= 0.000))
",-9999999.000,-9999999.000,0.000,0.000,1.000,1,0,0,12,13,0,1,12,0.07692307692307693,0.0,0.0,1.0,0.08,0.92,-1
"((PaCO2 >= 0.000) U[1,1] (Phosphate <= 1.157))
",1.157,1.157,0.000,0.000,1.000,1,0,0,12,13,0,1,12,0.07692307692307693,0.0,0.0,1.0,0.08,0.92,-1
"((Calcium <= 4.775) U[0,1] (O2Sat <= 97.374))
",-9999999.000,-9999999.000,0.000,0.000,1.000,1,0,0,12,13,0,1,12,0.07692307692307693,0.0,0.0,1.0,0.08,0.92,-1
"F[0,0]((Potassium <= 0.417 & MAP >= 75.534) & SaO2 <= 99.864)
",-0.296,-6.187,0.000,0.000,1.000,1,0,0,12,13,0,1,12,0.07692307692307693,0.0,0.0,1.0,0.08,0.92,-1
"((PTT >= 0.335) U[1,2] (BUN >= 0.057))
",-9999999.000,-9999999.000,0.000,0.000,1.000,1,0,0,12,13,0,1,12,0.07692307692307693,0.0,0.0,1.0,0.08,0.92,-1
"F[1,1]((Phosphate <= 2.175 -> BUN >= 0.365) -> Platelets >= 0.241)
",8669970077549185.000,0.241,0.000,0.000,1.000,0,0,0,13,13,0,0,13,0.0,0.0,0.0,0.0,0.0,1.0,-1
"F[1,1]((Temp >= 4.328 | AST >= 0.082) | BUN <= 3.302)
",7436421097639583.000,3.302,0.000,0.000,1.000,0,0,0,13,13,0,0,13,0.0,0.0,0.0,0.0,0.0,1.0,-1
"F[0,2](((Hgb >= 0.361 -> Hct <= 18.137) | Phosphate >= 0.044) -> Lactate >= 0.172)
",-9999999.000,-9999999.000,0.000,0.000,1.000,0,0,0,13,13,0,0,13,0.0,0.0,0.0,0.0,0.0,1.0,-1
"((EtCO2 >= 0.000) U[1,1] (Fibrinogen <= 0.000))
",0.000,0.000,0.000,0.000,1.000,0,0,0,13,13,0,0,13,0.0,0.0,0.0,0.0,0.0,1.0,-1
"F[1,1](MAP <= 105.027 | Bilirubin_direct >= 0.000)
",7390594844462117.000,105.027,0.000,0.000,1.000,0,0,0,13,13,0,0,13,0.0,0.0,0.0,0.0,0.0,1.0,-1
"F[1,1](((Calcium >= 0.025 -> BaseExcess >= 0.000) | TroponinI >= 0.000) | SaO2 >= 0.000)
",0.000,0.000,0.000,0.000,1.000,0,0,0,13,13,0,0,13,0.0,0.0,0.0,0.0,0.0,1.0,-1
"F[0,0](Fibrinogen >= 0.000 | Creatinine >= 0.017)
",0.302,0.700,0.000,0.000,1.000,0,0,0,13,13,0,0,13,0.0,0.0,0.0,0.0,0.0,1.0,-1
"F[1,1](((Bilirubin_direct <= 0.000 & Temp <= 9.937) | MAP <= 27.920) -> Bilirubin_total <= 9.982)
",-7858699499067071.000,-27.920,0.000,0.000,1.000,0,0,0,13,13,0,0,13,0.0,0.0,0.0,0.0,0.0,1.0,-1
"F[0,1](((Potassium <= 1.816 & SBP >= 20.027) | FiO2 <= 140.759) & Resp <= 141.861)
",-9999999.000,-9999999.000,0.000,0.000,1.000,0,0,0,13,13,0,0,13,0.0,0.0,0.0,0.0,0.0,1.0,-1
"((Lactate <= 0.000) U[2,2] (BaseExcess <= 0.000))
",0.000,0.000,0.000,0.000,1.000,0,0,0,13,13,0,0,13,0.0,0.0,0.0,0.0,0.0,1.0,-1
"F[0,1](WBC > 0.043 -> SepsisLabel = 0.000)
",-9999999.000,-9999999.000,0.000,0.000,1.000,0,0,0,13,13,0,0,13,0.0,0.0,0.0,0.0,0.0,1.0,-1
"F[2,2](O2Sat >= 12.723 & Fibrinogen <= 0.000)
",-12.723,-12.723,0.000,0.000,1.000,0,0,0,13,13,0,0,13,0.0,0.0,0.0,0.0,0.0,1.0,-1
"F[1,2](Hgb <= 2.568 | Hct <= 18.725)
",-9999999.000,-9999999.000,0.000,0.000,1.000,0,0,0,13,13,0,0,13,0.0,0.0,0.0,0.0,0.0,1.0,-1
"F[0,1](((Bilirubin_total >= 0.015 -> O2Sat >= 44.564) & BUN >= 19.578) | Magnesium <= 97.498)
",-9999999.000,-9999999.000,0.000,0.000,1.000,0,0,0,13,13,0,0,13,0.0,0.0,0.0,0.0,0.0,1.0,-1
"F[0,2]((HR <= 61.581 -> Phosphate <= 1.338) | Hct <= 2.447)
",-9999999.000,-9999999.000,0.000,0.000,1.000,0,0,0,13,13,0,0,13,0.0,0.0,0.0,0.0,0.0,1.0,-1
"F[1,1](Platelets >= 0.133 -> SepsisLabel = 0.000)
",0.000,0.000,0.000,0.000,1.000,0,0,0,13,13,0,0,13,0.0,0.0,0.0,0.0,0.0,1.0,-1
"F[1,2](SepsisLabel >= 0.000 & SepsisLabel = 0.000)
",-9999999.000,-9999999.000,0.000,0.000,1.000,0,0,0,13,13,0,0,13,0.0,0.0,0.0,0.0,0.0,1.0,-1
"F[0,2](PTT >= 1.097 -> SepsisLabel = 0.000)
",-9999999.000,-9999999.000,0.000,0.000,1.000,0,0,0,13,13,0,0,13,0.0,0.0,0.0,0.0,0.0,1.0,-1
"F[1,2](Alkalinephos < 37.652 -> SepsisLabel = 0.000)
",-9999999.000,-9999999.000,0.000,0.000,1.000,0,0,0,13,13,0,0,13,0.0,0.0,0.0,0.0,0.0,1.0,-1
"((Resp < 24.086) U[0,1] (SepsisLabel = 0.000))
",-9999999.000,-9999999.000,0.000,0.000,1.000,0,0,0,13,13,0,0,13,0.0,0.0,0.0,0.0,0.0,1.0,-1
"F[1,2](Lactate <= 0.000 & SepsisLabel = 0.000)
",-9999999.000,-9999999.000,0.000,0.000,1.000,0,0,0,13,13,0,0,13,0.0,0.0,0.0,0.0,0.0,1.0,-1
"F[0,2](((TroponinI <= 0.000 & Magnesium >= 0.002) & O2Sat <= 1.515) & BaseExcess >= 0.074)
",-9999999.000,-9999999.000,0.000,0.000,1.000,0,0,0,13,13,0,0,13,0.0,0.0,0.0,0.0,0.0,1.0,-1
"F[0,2](((EtCO2 >= 0.000 & SaO2 <= 0.000) & Chloride <= 0.000) | BUN <= 0.000)
",-9999999.000,-9999999.000,0.000,0.000,1.000,0,0,0,13,13,0,0,13,0.0,0.0,0.0,0.0,0.0,1.0,-1
"F[0,2](((pH <= 0.000 & BaseExcess >= 0.000) -> PaCO2 >= 0.000) & Hct >= 0.000)
",-9999999.000,-9999999.000,0.000,0.000,1.000,0,0,0,13,13,0,0,13,0.0,0.0,0.0,0.0,0.0,1.0,-1
"F[0,2]((O2Sat <= 96.489 -> Phosphate >= 0.045) & Potassium >= 0.034)
",-9999999.000,-9999999.000,0.000,0.000,1.000,0,0,0,13,13,0,0,13,0.0,0.0,0.0,0.0,0.0,1.0,-1
"F[1,2](HCO3 >= 0.000 & Potassium >= 0.026)
",-9999999.000,-9999999.000,0.000,0.000,1.000,0,0,0,13,13,0,0,13,0.0,0.0,0.0,0.0,0.0,1.0,-1
"F[0,2](Bilirubin_direct >= 0.000 -> TroponinI <= 0.000)
",-9999999.000,-9999999.000,0.000,0.000,1.000,0,0,0,13,13,0,0,13,0.0,0.0,0.0,0.0,0.0,1.0,-1
"((Hct >= 0.852) U[2,2] (Hgb <= 8.555))
",4815799660429169.000,8.555,0.000,0.000,1.000,0,0,0,13,13,0,0,13,0.0,0.0,0.0,0.0,0.0,1.0,-1
"((Calcium <= 3.815) U[0,0] (Chloride <= 0.000))
",0.857,2.822,0.000,0.000,1.000,0,0,0,13,13,0,0,13,0.0,0.0,0.0,0.0,0.0,1.0,-1
"F[0,2](((Hct <= 33.394 | HR <= 57.987) & MAP >= 26.728) | HR >= 15.606)
",-9999999.000,-9999999.000,0.000,0.000,1.000,0,0,0,13,13,0,0,13,0.0,0.0,0.0,0.0,0.0,1.0,-1
"((Chloride <= 0.000) U[1,2] (Phosphate >= 0.085))
",-9999999.000,-9999999.000,0.000,0.000,1.000,0,0,0,13,13,0,0,13,0.0,0.0,0.0,0.0,0.0,1.0,-1
"F[1,2](Platelets <= 151.376 -> Phosphate >= 0.060)
",-9999999.000,-9999999.000,0.000,0.000,1.000,0,0,0,13,13,0,0,13,0.0,0.0,0.0,0.0,0.0,1.0,-1
"((Platelets >= 6.638) U[0,2] (SepsisLabel >= 0.000))
",-9999999.000,-9999999.000,0.000,0.000,1.000,0,0,0,13,13,0,0,13,0.0,0.0,0.0,0.0,0.0,1.0,-1
"F[1,2]((Potassium >= 0.121 | AST >= 0.523) -> SepsisLabel <= 22.578)
",-9999999.000,-9999999.000,0.000,0.000,1.000,0,0,0,13,13,0,0,13,0.0,0.0,0.0,0.0,0.0,1.0,-1
"((Bilirubin_direct <= 0.000) U[2,2] (DBP <= 79.071))
",79.071,79.071,0.000,0.000,1.000,0,0,0,13,13,0,0,13,0.0,0.0,0.0,0.0,0.0,1.0,-1
"F[1,2](SBP <= 129.000 & MAP <= 110.806)
",-9999999.000,-9999999.000,0.000,0.000,1.000,0,0,0,13,13,0,0,13,0.0,0.0,0.0,0.0,0.0,1.0,-1
"F[2,2](Temp <= 35.542 & HCO3 >= 0.000)
",0.000,0.000,0.000,0.000,1.000,0,0,0,13,13,0,0,13,0.0,0.0,0.0,0.0,0.0,1.0,-1
"F[1,2](TroponinI <= 0.000 -> DBP >= 51.367)
",-9999999.000,-9999999.000,0.000,0.000,1.000,0,0,0,13,13,0,0,13,0.0,0.0,0.0,0.0,0.0,1.0,-1
"F[1,2](((Calcium <= 3.867 & O2Sat <= 97.725) & DBP <= 92.802) & MAP >= 51.706)
",-9999999.000,-9999999.000,0.000,0.000,1.000,0,0,0,13,13,0,0,13,0.0,0.0,0.0,0.0,0.0,1.0,-1
"((Resp <= 26.487) U[1,2] (Chloride <= 0.000))
",-9999999.000,-9999999.000,0.000,0.000,1.000,0,0,0,13,13,0,0,13,0.0,0.0,0.0,0.0,0.0,1.0,-1
"F[0,2](SepsisLabel >= 0.000 | TroponinI <= 0.000)
",-9999999.000,-9999999.000,0.000,0.000,1.000,0,0,0,13,13,0,0,13,0.0,0.0,0.0,0.0,0.0,1.0,-1
"((SepsisLabel >= 0.000) U[2,2] (O2Sat >= 48.311))
",0.000,0.000,0.000,0.000,1.000,0,0,0,13,13,0,0,13,0.0,0.0,0.0,0.0,0.0,1.0,-1
"F[0,1]((Resp >= 8.416 -> TroponinI >= 0.000) & Fibrinogen >= 0.000)
",-9999999.000,-9999999.000,0.000,0.000,1.000,0,0,0,13,13,0,0,13,0.0,0.0,0.0,0.0,0.0,1.0,-1
"((Calcium <= 2.997) U[0,0] (pH >= 0.000))
",3.317,2.747,0.000,0.000,1.000,0,0,0,13,13,0,0,13,0.0,0.0,0.0,0.0,0.0,1.0,-1
"G[0,2](((SBP <= 136.098 | Chloride <= 0.000) -> HR <= 0.000) | Creatinine <= 0.000)
",9999999.000,9999999.000,0.000,1.000,0.000,0,0,12,1,1,12,12,1,0.0,0.0,1.0,0.0,0.0,1.0,1
"F[0,0](((BUN <= 4.941 -> DBP >= 39.672) & PTT >= 25.130) -> HR >= 64.123)
",-2707994249225513.000,-29554.877,0.000,0.000,1.000,0,0,0,13,13,0,0,13,0.0,0.0,0.0,0.0,0.0,1.0,-1
"((BaseExcess > 0.000) U[0,2] (SepsisLabel = 0.000))
",-9999999.000,-9999999.000,0.000,0.000,1.000,0,0,0,13,13,0,0,13,0.0,0.0,0.0,0.0,0.0,1.0,-1
"F[2,2](WBC <= 6.931 | Phosphate <= 0.480)
",7804051779659397.000,6.931,0.000,0.000,1.000,0,0,0,13,13,0,0,13,0.0,0.0,0.0,0.0,0.0,1.0,-1
"F[0,1](MAP >= 6.650 | PaCO2 >= 0.000)
",-9999999.000,-9999999.000,0.000,0.000,1.000,0,0,0,13,13,0,0,13,0.0,0.0,0.0,0.0,0.0,1.0,-1
"F[0,2]((FiO2 <= 0.000 & O2Sat >= 36.307) | Potassium >= 40.592)
",-9999999.000,-9999999.000,0.000,0.000,1.000,0,0,0,13,13,0,0,13,0.0,0.0,0.0,0.0,0.0,1.0,-1
"((Fibrinogen >= 0.000) U[0,2] (Platelets >= 0.998))
",-9999999.000,-9999999.000,0.000,0.000,1.000,0,0,0,13,13,0,0,13,0.0,0.0,0.0,0.0,0.0,1.0,-1
"F[0,1](Fibrinogen >= 0.000 | PTT <= 20.749)
",-9999999.000,-9999999.000,0.000,0.000,1.000,0,0,0,13,13,0,0,13,0.0,0.0,0.0,0.0,0.0,1.0,-1
"F[1,2]((Bilirubin_total <= 0.388 -> HCO3 <= 0.000) -> Alkalinephos >= 0.000)
",-9999999.000,-9999999.000,0.000,0.000,1.000,0,0,0,13,13,0,0,13,0.0,0.0,0.0,0.0,0.0,1.0,-1
"F[1,2]((Lactate <= 0.000 | SBP >= 39.436) -> HR >= 54.340)
",-9999999.000,-9999999.000,0.000,0.000,1.000,0,0,0,13,13,0,0,13,0.0,0.0,0.0,0.0,0.0,1.0,-1
"F[0,1](((Chloride <= 0.000 | O2Sat >= 68.401) & BUN >= 76.120) -> MAP <= 94.432)
",-9999999.000,-9999999.000,0.000,0.000,1.000,0,0,0,13,13,0,0,13,0.0,0.0,0.0,0.0,0.0,1.0,-1
"F[0,1](((HR >= 36.970 | Chloride >= 0.000) -> Resp >= 0.000) & SepsisLabel <= 0.000)
",-9999999.000,-9999999.000,0.000,0.000,1.000,0,0,0,13,13,0,0,13,0.0,0.0,0.0,0.0,0.0,1.0,-1
"F[1,2](SBP >= 41.382 & pH >= 0.000)
",-9999999.000,-9999999.000,0.000,0.000,1.000,0,0,0,13,13,0,0,13,0.0,0.0,0.0,0.0,0.0,1.0,-1
"F[1,1]((EtCO2 <= 0.000 & Alkalinephos <= 46.903) -> Lactate <= 30.794)
",-30.794,-30.794,0.000,0.000,1.000,0,0,0,13,13,0,0,13,0.0,0.0,0.0,0.0,0.0,1.0,-1
"((Potassium >= 0.039) U[0,0] (Hgb <= 1.548))
",3.572,1.691,0.000,0.000,1.000,0,0,0,13,13,0,0,13,0.0,0.0,0.0,0.0,0.0,1.0,-1
"F[0,2]((SBP <= 126.837 -> MAP >= 56.914) -> BaseExcess >= 69.829)
",-9999999.000,-9999999.000,0.000,0.000,1.000,0,0,0,13,13,0,0,13,0.0,0.0,0.0,0.0,0.0,1.0,-1
"F[1,2]((WBC >= 0.131 | Bilirubin_direct <= 0.000) | Magnesium <= 0.000)
",-9999999.000,-9999999.000,0.000,0.000,1.000,0,0,0,13,13,0,0,13,0.0,0.0,0.0,0.0,0.0,1.0,-1
"((Bilirubin_total <= 0.076) U[0,2] (BUN >= 0.183))
",-9999999.000,-9999999.000,0.000,0.000,1.000,0,0,0,13,13,0,0,13,0.0,0.0,0.0,0.0,0.0,1.0,-1
"F[0,0](((BaseExcess >= 0.000 -> SepsisLabel >= 0.000) & Bilirubin_direct >= 0.000) | SepsisLabel >= 0.000)
",0.302,17.750,0.000,0.000,1.000,0,0,0,13,13,0,0,13,0.0,0.0,0.0,0.0,0.0,1.0,-1
"((BUN <= 7.702) U[1,1] (HR >= 11.785))
",8671821608018305.000,7.702,0.000,0.000,1.000,0,0,0,13,13,0,0,13,0.0,0.0,0.0,0.0,0.0,1.0,-1
"F[0,1]((Alkalinephos >= 2.087 -> SBP <= 152.515) & Chloride <= 130.613)
",-9999999.000,-9999999.000,0.000,0.000,1.000,0,0,0,13,13,0,0,13,0.0,0.0,0.0,0.0,0.0,1.0,-1
"F[2,2](PTT >= 0.131 & Calcium <= 5.177)
",-0.131,-0.131,0.000,0.000,1.000,0,0,0,13,13,0,0,13,0.0,0.0,0.0,0.0,0.0,1.0,-1
"F[1,2](MAP <= 102.983 & Chloride <= 0.000)
",-9999999.000,-9999999.000,0.000,0.000,1.000,0,0,0,13,13,0,0,13,0.0,0.0,0.0,0.0,0.0,1.0,-1
"((Hgb <= 4.736) U[0,2] (Bilirubin_total >= 0.018))
",-9999999.000,-9999999.000,0.000,0.000,1.000,0,0,0,13,13,0,0,13,0.0,0.0,0.0,0.0,0.0,1.0,-1
"((MAP >= 61.262) U[0,2] (Temp >= 0.835))
",-9999999.000,-9999999.000,0.000,0.000,1.000,0,0,0,13,13,0,0,13,0.0,0.0,0.0,0.0,0.0,1.0,-1
"F[0,1]((Hgb <= 6.750 -> Glucose <= 101.256) | MAP <= 104.115)
",-9999999.000,-9999999.000,0.000,0.000,1.000,0,0,0,13,13,0,0,13,0.0,0.0,0.0,0.0,0.0,1.0,-1
"F[0,2](((SepsisLabel >= 0.000 | Bilirubin_direct >= 0.000) | BaseExcess >= 0.000) -> Creatinine >= 0.000)
",-9999999.000,-9999999.000,0.000,0.000,1.000,0,0,0,13,13,0,0,13,0.0,0.0,0.0,0.0,0.0,1.0,-1
"F[1,2]((Platelets >= 7.907 | Hgb >= 0.022) & BUN >= 0.144)
",-9999999.000,-9999999.000,0.000,0.000,1.000,0,0,0,13,13,0,0,13,0.0,0.0,0.0,0.0,0.0,1.0,-1
"F[0,1](((Glucose <= 73.045 & FiO2 <= 0.000) & SaO2 <= 0.000) & Bilirubin_total <= 0.000)
",-9999999.000,-9999999.000,0.000,0.000,1.000,0,0,0,13,13,0,0,13,0.0,0.0,0.0,0.0,0.0,1.0,-1
"F[1,2](((Chloride >= 0.000 & HR <= 64.177) & Creatinine <= 60.652) | SBP <= 71.082)
",-9999999.000,-9999999.000,0.000,0.000,1.000,0,0,0,13,13,0,0,13,0.0,0.0,0.0,0.0,0.0,1.0,-1
"F[1,2]((Magnesium >= 0.048 -> FiO2 >= 0.000) -> Fibrinogen <= 0.000)
",-9999999.000,-9999999.000,0.000,0.000,1.000,0,0,0,13,13,0,0,13,0.0,0.0,0.0,0.0,0.0,1.0,-1
"F[1,2](((Hgb <= 8.599 -> pH <= 0.000) | O2Sat >= 0.000) & SaO2 >= 0.000)
",-9999999.000,-9999999.000,0.000,0.000,1.000,0,0,0,13,13,0,0,13,0.0,0.0,0.0,0.0,0.0,1.0,-1
"F[0,0](((Bilirubin_direct <= 0.000 -> Chloride <= 0.000) -> Bilirubin_total >= 0.000) & Chloride >= 0.000)
",-0.302,-0.317,0.000,0.000,1.000,0,0,0,13,13,0,0,13,0.0,0.0,0.0,0.0,0.0,1.0,-1
"F[1,2]((SepsisLabel <= 0.000 & O2Sat <= 95.067) | PaCO2 <= 94.328)
",-9999999.000,-9999999.000,0.000,0.000,1.000,0,0,0,13,13,0,0,13,0.0,0.0,0.0,0.0,0.0,1.0,-1
"F[2,2]((pH >= 0.000 & BUN >= 0.135) -> Calcium <= 7.285)
",-2733999747179006.500,-7.285,0.000,0.000,1.000,0,0,0,13,13,0,0,13,0.0,0.0,0.0,0.0,0.0,1.0,-1
"((Alkalinephos <= 22.045) U[0,2] (SaO2 <= 0.000))
",-9999999.000,-9999999.000,0.000,0.000,1.000,0,0,0,13,13,0,0,13,0.0,0.0,0.0,0.0,0.0,1.0,-1
"F[0,2](Resp <= 23.153 -> EtCO2 <= 0.000)
",-9999999.000,-9999999.000,0.000,0.000,1.000,0,0,0,13,13,0,0,13,0.0,0.0,0.0,0.0,0.0,1.0,-1
"F[1,1](pH >= 0.000 | Resp >= 0.373)
",0.000,0.000,0.000,0.000,1.000,0,0,0,13,13,0,0,13,0.0,0.0,0.0,0.0,0.0,1.0,-1
"((BUN >= 0.293) U[0,2] (SBP <= 147.915))
",-9999999.000,-9999999.000,0.000,0.000,1.000,0,0,0,13,13,0,0,13,0.0,0.0,0.0,0.0,0.0,1.0,-1
"((Temp <= 28.794) U[1,1] (FiO2 <= 0.000))
",28.794,28.794,0.000,0.000,1.000,0,0,0,13,13,0,0,13,0.0,0.0,0.0,0.0,0.0,1.0,-1
"F[1,2](((Glucose >= 3.095 | SepsisLabel >= 0.000) & Calcium >= 0.000) | Resp <= 0.000)
",-9999999.000,-9999999.000,0.000,0.000,1.000,0,0,0,13,13,0,0,13,0.0,0.0,0.0,0.0,0.0,1.0,-1
"F[2,2]((PaCO2 >= 0.000 & MAP <= 97.453) | EtCO2 >= 45.672)
",0.000,0.000,0.000,0.000,1.000,0,0,0,13,13,0,0,13,0.0,0.0,0.0,0.0,0.0,1.0,-1
"F[1,2](MAP >= 17.849 & BaseExcess >= 0.000)
",-9999999.000,-9999999.000,0.000,0.000,1.000,0,0,0,13,13,0,0,13,0.0,0.0,0.0,0.0,0.0,1.0,-1
"F[0,2]((SaO2 >= 0.000 -> BaseExcess <= 0.000) & Phosphate >= 0.000)
",-9999999.000,-9999999.000,0.000,0.000,1.000,0,0,0,13,13,0,0,13,0.0,0.0,0.0,0.0,0.0,1.0,-1
"((Hct >= 0.442) U[0,1] (SepsisLabel = 0.000))
",-9999999.000,-9999999.000,0.000,0.000,1.000,0,0,0,13,13,0,0,13,0.0,0.0,0.0,0.0,0.0,1.0,-1
"((Temp >= 4.576) U[2,2] (SepsisLabel = 0.000))
",0.000,0.000,0.000,0.000,1.000,0,0,0,13,13,0,0,13,0.0,0.0,0.0,0.0,0.0,1.0,-1
"F[2,2](((SBP >= 42.289 & BUN <= 10.573) -> EtCO2 <= 0.674) & Creatinine >= 0.115)
",-6073827753746735.000,-0.674,0.000,0.000,1.000,0,0,0,13,13,0,0,13,0.0,0.0,0.0,0.0,0.0,1.0,-1
"F[0,1](((Temp >= 2.467 | Hct <= 11.197) -> WBC <= 8.246) & O2Sat >= 0.705)
",-9999999.000,-9999999.000,0.000,0.000,1.000,0,0,0,13,13,0,0,13,0.0,0.0,0.0,0.0,0.0,1.0,-1
"((DBP >= 2.063) U[0,1] (AST <= 7.354))
",-9999999.000,-9999999.000,0.000,0.000,1.000,0,0,0,13,13,0,0,13,0.0,0.0,0.0,0.0,0.0,1.0,-1
"F[0,1](((Creatinine <= 0.043 & PaCO2 >= 0.000) -> Temp <= 0.000) -> Fibrinogen <= 0.000)
",-9999999.000,-9999999.000,0.000,0.000,1.000,0,0,0,13,13,0,0,13,0.0,0.0,0.0,0.0,0.0,1.0,-1
"F[0,2]((SaO2 <= 0.000 | Hgb <= 12.514) -> MAP >= 0.048)
",-9999999.000,-9999999.000,0.000,0.000,1.000,0,0,0,13,13,0,0,13,0.0,0.0,0.0,0.0,0.0,1.0,-1
"F[0,2](((FiO2 >= 0.000 | Resp <= 19.839) & WBC <= 21.588) -> Magnesium <= 21.706)
",-9999999.000,-9999999.000,0.000,0.000,1.000,0,0,0,13,13,0,0,13,0.0,0.0,0.0,0.0,0.0,1.0,-1
"F[0,1](((Lactate >= 0.000 -> Lactate <= 0.000) -> Potassium >= 0.000) | SepsisLabel >= 0.000)
",-9999999.000,-9999999.000,0.000,0.000,1.000,0,0,0,13,13,0,0,13,0.0,0.0,0.0,0.0,0.0,1.0,-1
"((BUN <= 2.298) U[2,2] (PaCO2 <= 0.000))
",2.298,2.298,0.000,0.000,1.000,0,0,0,13,13,0,0,13,0.0,0.0,0.0,0.0,0.0,1.0,-1
"F[1,1](((EtCO2 >= 0.000 -> TroponinI >= 0.000) -> AST >= 0.000) | Temp >= 0.000)
",0.000,0.000,0.000,0.000,1.000,0,0,0,13,13,0,0,13,0.0,0.0,0.0,0.0,0.0,1.0,-1
"((FiO2 >= 0.000) U[0,1] (HCO3 <= 0.000))
",-9999999.000,-9999999.000,0.000,0.000,1.000,0,0,0,13,13,0,0,13,0.0,0.0,0.0,0.0,0.0,1.0,-1
"F[0,1](((DBP >= 29.221 & Magnesium <= 0.327) & HR >= 0.006) | PaCO2 >= 0.036)
",-9999999.000,-9999999.000,0.000,0.000,1.000,0,0,0,13,13,0,0,13,0.0,0.0,0.0,0.0,0.0,1.0,-1
"F[2,2](Lactate <= 0.000 & MAP <= 102.274)
",0.000,0.000,0.000,0.000,1.000,0,0,0,13,13,0,0,13,0.0,0.0,0.0,0.0,0.0,1.0,-1
"F[1,2](SepsisLabel >= 0.000 & SBP <= 156.786)
",-9999999.000,-9999999.000,0.000,0.000,1.000,0,0,0,13,13,0,0,13,0.0,0.0,0.0,0.0,0.0,1.0,-1
"F[0,1](((Hgb <= 3.914 & Chloride <= 0.000) & Chloride <= 0.000) -> Potassium >= 0.000)
",-9999999.000,-9999999.000,0.000,0.000,1.000,0,0,0,13,13,0,0,13,0.0,0.0,0.0,0.0,0.0,1.0,-1
"F[1,2]((FiO2 <= 0.000 | MAP <= 103.363) | BaseExcess <= 91.325)
",-9999999.000,-9999999.000,0.000,0.000,1.000,0,0,0,13,13,0,0,13,0.0,0.0,0.0,0.0,0.0,1.0,-1
"F[0,2](((HCO3 >= 0.000 -> Lactate >= 0.000) -> MAP <= 0.000) | MAP <= 0.000)
",-9999999.000,-9999999.000,0.000,0.000,1.000,0,0,0,13,13,0,0,13,0.0,0.0,0.0,0.0,0.0,1.0,-1
"F[1,2]((BUN <= 10.975 & Bilirubin_direct <= 0.000) -> Alkalinephos <= 0.000)
",-9999999.000,-9999999.000,0.000,0.000,1.000,0,0,0,13,13,0,0,13,0.0,0.0,0.0,0.0,0.0,1.0,-1
"((Fibrinogen <= 0.000) U[1,1] (HR >= 34.441))
",0.000,0.000,0.000,0.000,1.000,0,0,0,13,13,0,0,13,0.0,0.0,0.0,0.0,0.0,1.0,-1
"F[1,2](((BaseExcess >= 0.000 & Potassium <= 1.585) | Chloride >= 0.120) -> Platelets >= 0.002)
",-9999999.000,-9999999.000,0.000,0.000,1.000,0,0,0,13,13,0,0,13,0.0,0.0,0.0,0.0,0.0,1.0,-1
"F[1,1](FiO2 >= 0.000 -> SepsisLabel = 0.000)
",0.000,0.000,0.000,0.000,1.000,0,0,0,13,13,0,0,13,0.0,0.0,0.0,0.0,0.0,1.0,-1
"F[0,2]((TroponinI >= 0.000 & Fibrinogen >= 0.000) | Bilirubin_total <= 0.000)
",-9999999.000,-9999999.000,0.000,0.000,1.000,0,0,0,13,13,0,0,13,0.0,0.0,0.0,0.0,0.0,1.0,-1
"F[2,2](SBP <= 145.090 | Chloride <= 0.000)
",5104912305148918.000,145.090,0.000,0.000,1.000,0,0,0,13,13,0,0,13,0.0,0.0,0.0,0.0,0.0,1.0,-1
"F[0,2](O2Sat >= 47.810 -> Lactate <= 0.000)
",-9999999.000,-9999999.000,0.000,0.000,1.000,0,0,0,13,13,0,0,13,0.0,0.0,0.0,0.0,0.0,1.0,-1
"F[0,2](O2Sat <= 97.907 | TroponinI <= 0.000)
",-9999999.000,-9999999.000,0.000,0.000,1.000,0,0,0,13,13,0,0,13,0.0,0.0,0.0,0.0,0.0,1.0,-1
"F[1,2](((Bilirubin_total <= 0.418 -> PaCO2 >= 0.000) -> BUN >= 0.000) & DBP <= 0.000)
",-9999999.000,-9999999.000,0.000,0.000,1.000,0,0,0,13,13,0,0,13,0.0,0.0,0.0,0.0,0.0,1.0,-1
"F[0,2](DBP >= 60.253 & HR >= 48.972)
",-9999999.000,-9999999.000,0.000,0.000,1.000,0,0,0,13,13,0,0,13,0.0,0.0,0.0,0.0,0.0,1.0,-1
"F[0,1]((Lactate >= 0.000 & Calcium >= 0.033) | Temp <= 6.343)
",-9999999.000,-9999999.000,0.000,0.000,1.000,0,0,0,13,13,0,0,13,0.0,0.0,0.0,0.0,0.0,1.0,-1
"((MAP >= 29.550) U[0,1] (SepsisLabel >= 0.000))
",-9999999.000,-9999999.000,0.000,0.000,1.000,0,0,0,13,13,0,0,13,0.0,0.0,0.0,0.0,0.0,1.0,-1
"F[1,2](((Fibrinogen <= 0.000 | HCO3 <= 0.000) -> SBP <= 0.000) | Hgb <= 0.000)
",-9999999.000,-9999999.000,0.000,0.000,1.000,0,0,0,13,13,0,0,13,0.0,0.0,0.0,0.0,0.0,1.0,-1
"F[2,2](HR <= 57.371 | HR <= 61.942)
",61.942,61.942,0.000,0.000,1.000,0,0,0,13,13,0,0,13,0.0,0.0,0.0,0.0,0.0,1.0,-1
"F[1,1](HR <= 69.072 -> Chloride <= 0.000)
",-69.072,-69.072,0.000,0.000,1.000,0,0,0,13,13,0,0,13,0.0,0.0,0.0,0.0,0.0,1.0,-1
"F[0,1]((Chloride >= 0.000 | SepsisLabel <= 0.000) & SepsisLabel >= 0.000)
",-9999999.000,-9999999.000,0.000,0.000,1.000,0,0,0,13,13,0,0,13,0.0,0.0,0.0,0.0,0.0,1.0,-1
"F[1,2]((pH <= 0.000 -> DBP >= 59.354) -> BUN <= 77.423)
",-9999999.000,-9999999.000,0.000,0.000,1.000,0,0,0,13,13,0,0,13,0.0,0.0,0.0,0.0,0.0,1.0,-1
"((HCO3 <= 0.000) U[0,2] (Resp <= 22.832))
",-9999999.000,-9999999.000,0.000,0.000,1.000,0,0,0,13,13,0,0,13,0.0,0.0,0.0,0.0,0.0,1.0,-1
"((WBC >= 0.294) U[0,1] (TroponinI >= 0.000))
",-9999999.000,-9999999.000,0.000,0.000,1.000,0,0,0,13,13,0,0,13,0.0,0.0,0.0,0.0,0.0,1.0,-1
"F[2,2](((HR >= 7.180 -> SBP <= 136.511) | Phosphate <= 155.747) | Glucose >= 76.959)
",155.747,155.747,0.000,0.000,1.000,0,0,0,13,13,0,0,13,0.0,0.0,0.0,0.0,0.0,1.0,-1
"F[0,0](DBP >= 29.542 | SaO2 >= 0.000)
",2.772,58.253,0.000,0.000,1.000,0,0,0,13,13,0,0,13,0.0,0.0,0.0,0.0,0.0,1.0,-1
"F[2,2]((Calcium <= 7.960 | Resp <= 18.964) | Phosphate <= 20.644)
",5810682949463378.000,20.644,0.000,0.000,1.000,0,0,0,13,13,0,0,13,0.0,0.0,0.0,0.0,0.0,1.0,-1
"F[1,2](((DBP >= 14.043 | Phosphate <= 0.769) & Lactate >= 0.023) & BaseExcess >= 0.079)
",-9999999.000,-9999999.000,0.000,0.000,1.000,0,0,0,13,13,0,0,13,0.0,0.0,0.0,0.0,0.0,1.0,-1
"F[1,2](Calcium >= 0.271 | DBP <= 75.968)
",-9999999.000,-9999999.000,0.000,0.000,1.000,0,0,0,13,13,0,0,13,0.0,0.0,0.0,0.0,0.0,1.0,-1
"F[1,2]((Creatinine >= 0.002 | Alkalinephos <= 55.366) | MAP >= 0.970)
",-9999999.000,-9999999.000,0.000,0.000,1.000,0,0,0,13,13,0,0,13,0.0,0.0,0.0,0.0,0.0,1.0,-1
"F[0,2](((PaCO2 <= 0.000 | Creatinine <= 0.415) -> Lactate <= 0.356) | BaseExcess <= 0.534)
",-9999999.000,-9999999.000,0.000,0.000,1.000,0,0,0,13,13,0,0,13,0.0,0.0,0.0,0.0,0.0,1.0,-1
"F[0,2]((FiO2 >= 0.000 -> Glucose >= 0.784) | MAP >= 2.801)
",-9999999.000,-9999999.000,0.000,0.000,1.000,0,0,0,13,13,0,0,13,0.0,0.0,0.0,0.0,0.0,1.0,-1
"F[0,1](((AST >= 0.612 -> Glucose <= 44.297) & Potassium >= 3.478) | Bilirubin_total <= 15.045)
",-9999999.000,-9999999.000,0.000,0.000,1.000,0,0,0,13,13,0,0,13,0.0,0.0,0.0,0.0,0.0,1.0,-1
"((Creatinine <= 0.523) U[1,1] (Bilirubin_direct >= 0.000))
",4710116107519821.000,0.523,0.000,0.000,1.000,0,0,0,13,13,0,0,13,0.0,0.0,0.0,0.0,0.0,1.0,-1
"F[2,2]((Calcium >= 0.006 | HR <= 59.870) | EtCO2 >= 4.260)
",8425924065580748.000,59.870,0.000,0.000,1.000,0,0,0,13,13,0,0,13,0.0,0.0,0.0,0.0,0.0,1.0,-1
"F[1,1]((Hgb >= 0.168 | HR <= 69.742) | Hgb <= 60.632)
",4907640529623751.000,69.742,0.000,0.000,1.000,0,0,0,13,13,0,0,13,0.0,0.0,0.0,0.0,0.0,1.0,-1
"F[0,2](HR >= 1.511 & Phosphate >= 0.103)
",-9999999.000,-9999999.000,0.000,0.000,1.000,0,0,0,13,13,0,0,13,0.0,0.0,0.0,0.0,0.0,1.0,-1
"F[2,2](((HR >= 13.444 | Magnesium >= 0.026) | Creatinine >= 0.046) -> Resp >= 0.052)
",0.026,0.026,0.000,0.000,1.000,0,0,0,13,13,0,0,13,0.0,0.0,0.0,0.0,0.0,1.0,-1
"F[0,1]((Hct <= 16.698 | HR >= 52.782) & DBP >= 39.938)
",-9999999.000,-9999999.000,0.000,0.000,1.000,0,0,0,13,13,0,0,13,0.0,0.0,0.0,0.0,0.0,1.0,-1
"F[0,1]((Alkalinephos >= 1.323 -> MAP <= 109.023) | Bilirubin_direct >= 20.670)
",-9999999.000,-9999999.000,0.000,0.000,1.000,0,0,0,13,13,0,0,13,0.0,0.0,0.0,0.0,0.0,1.0,-1
"F[0,0](MAP >= 57.593 -> Platelets <= 22.300)
",-3.239,-72.314,0.000,0.000,1.000,0,0,0,13,13,0,0,13,0.0,0.0,0.0,0.0,0.0,1.0,-1
"F[2,2](BUN >= 0.222 | MAP <= 102.143)
",102.143,102.143,0.000,0.000,1.000,0,0,0,13,13,0,0,13,0.0,0.0,0.0,0.0,0.0,1.0,-1
"F[1,1](((MAP >= 51.763 | WBC <= 5.348) & pH <= 5.331) | Magnesium <= 7.577)
",8531233608420988.000,7.577,0.000,0.000,1.000,0,0,0,13,13,0,0,13,0.0,0.0,0.0,0.0,0.0,1.0,-1
"F[0,1](MAP <= 97.595 -> PTT <= 10.229)
",-9999999.000,-9999999.000,0.000,0.000,1.000,0,0,0,13,13,0,0,13,0.0,0.0,0.0,0.0,0.0,1.0,-1
"F[0,1](((BUN >= 0.050 | O2Sat <= 91.732) & Magnesium <= 91.674) -> Chloride >= 76.214)
",-9999999.000,-9999999.000,0.000,0.000,1.000,0,0,0,13,13,0,0,13,0.0,0.0,0.0,0.0,0.0,1.0,-1
"F[2,2](Alkalinephos >= 0.186 -> O2Sat >= 24.187)
",6705971448372093.000,0.186,0.000,0.000,1.000,0,0,0,13,13,0,0,13,0.0,0.0,0.0,0.0,0.0,1.0,-1
"F[1,2](Creatinine >= 0.015 | O2Sat >= 25.066)
",-9999999.000,-9999999.000,0.000,0.000,1.000,0,0,0,13,13,0,0,13,0.0,0.0,0.0,0.0,0.0,1.0,-1
"F[1,2](Chloride <= 0.000 | BUN <= 1.961)
",-9999999.000,-9999999.000,0.000,0.000,1.000,0,0,0,13,13,0,0,13,0.0,0.0,0.0,0.0,0.0,1.0,-1
"F[0,2](Bilirubin_total <= 0.720 | DBP <= 70.880)
",-9999999.000,-9999999.000,0.000,0.000,1.000,0,0,0,13,13,0,0,13,0.0,0.0,0.0,0.0,0.0,1.0,-1
"F[0,2]((DBP <= 69.878 | PTT >= 0.325) | Hgb <= 19.220)
",-9999999.000,-9999999.000,0.000,0.000,1.000,0,0,0,13,13,0,0,13,0.0,0.0,0.0,0.0,0.0,1.0,-1
"F[0,1](((Creatinine <= 0.182 & Resp >= 15.558) & SBP >= 13.880) -> Magnesium <= 18.355)
",-9999999.000,-9999999.000,0.000,0.000,1.000,0,0,0,13,13,0,0,13,0.0,0.0,0.0,0.0,0.0,1.0,-1
"F[0,0](((Potassium <= 2.519 -> Resp <= 26.680) | DBP <= 23.691) | Creatinine <= 23.505)
",458.383,23.521,0.000,0.000,1.000,0,0,0,13,13,0,0,13,0.0,0.0,0.0,0.0,0.0,1.0,-1
"F[1,2](((Hct >= 1.229 & Resp <= 26.457) -> Creatinine >= 4.566) -> PaCO2 <= 23.576)
",-9999999.000,-9999999.000,0.000,0.000,1.000,0,0,0,13,13,0,0,13,0.0,0.0,0.0,0.0,0.0,1.0,-1
"F[0,2]((Alkalinephos <= 34.235 -> SBP <= 155.948) -> DBP <= 152.883)
",-9999999.000,-9999999.000,0.000,0.000,1.000,0,0,0,13,13,0,0,13,0.0,0.0,0.0,0.0,0.0,1.0,-1
"((AST <= 14.762) U[2,2] (SBP >= 94.145))
",4154999613247690.500,14.762,0.000,0.000,1.000,0,0,0,13,13,0,0,13,0.0,0.0,0.0,0.0,0.0,1.0,-1
"F[1,1]((O2Sat >= 61.423 | PTT <= 4.544) | Calcium <= 17.327)
",4877041745586838.000,17.327,0.000,0.000,1.000,0,0,0,13,13,0,0,13,0.0,0.0,0.0,0.0,0.0,1.0,-1
"((O2Sat <= 92.379) U[0,2] (Temp >= 4.582))
",-9999999.000,-9999999.000,0.000,0.000,1.000,0,0,0,13,13,0,0,13,0.0,0.0,0.0,0.0,0.0,1.0,-1
"F[1,2]((DBP <= 78.106 | Temp <= 9.478) -> PTT >= 3.543)
",-9999999.000,-9999999.000,0.000,0.000,1.000,0,0,0,13,13,0,0,13,0.0,0.0,0.0,0.0,0.0,1.0,-1
"F[1,2]((Resp >= 7.844 -> Temp <= 36.247) & PaCO2 <= 11.469)
",-9999999.000,-9999999.000,0.000,0.000,1.000,0,0,0,13,13,0,0,13,0.0,0.0,0.0,0.0,0.0,1.0,-1
"F[2,2](Temp >= 0.811 -> WBC <= 0.433)
",-7795195398138927.000,-0.433,0.000,0.000,1.000,0,0,0,13,13,0,0,13,0.0,0.0,0.0,0.0,0.0,1.0,-1
"F[0,2](((Hct >= 0.507 & Temp <= 24.050) | Glucose <= 30.009) & HCO3 >= 6.453)
",-9999999.000,-9999999.000,0.000,0.000,1.000,0,0,0,13,13,0,0,13,0.0,0.0,0.0,0.0,0.0,1.0,-1
"F[0,0]((Creatinine <= 0.339 & Temp <= 33.886) | PTT >= 7.035)
",-1.687,-5.968,0.000,0.000,1.000,0,0,0,13,13,0,0,13,0.0,0.0,0.0,0.0,0.0,1.0,-1
"F[1,1]((Alkalinephos <= 45.441 & SaO2 >= 0.000) | Glucose >= 0.000)
",0.000,0.000,0.000,0.000,1.000,0,0,0,13,13,0,0,13,0.0,0.0,0.0,0.0,0.0,1.0,-1
"F[1,2](EtCO2 >= 0.000 & BaseExcess <= 0.000)
",-9999999.000,-9999999.000,0.000,0.000,1.000,0,0,0,13,13,0,0,13,0.0,0.0,0.0,0.0,0.0,1.0,-1
"((AST >= 0.622) U[0,2] (Resp <= 25.651))
",-9999999.000,-9999999.000,0.000,0.000,1.000,0,0,0,13,13,0,0,13,0.0,0.0,0.0,0.0,0.0,1.0,-1
"((MAP >= 31.106) U[0,2] (SBP <= 140.432))
",-9999999.000,-9999999.000,0.000,0.000,1.000,0,0,0,13,13,0,0,13,0.0,0.0,0.0,0.0,0.0,1.0,-1
"((MAP <= 103.234) U[0,2] (SepsisLabel = 0.000))
",-9999999.000,-9999999.000,0.000,0.000,1.000,0,0,0,13,13,0,0,13,0.0,0.0,0.0,0.0,0.0,1.0,-1
"F[0,2]((AST >= 0.956 & Hct >= 0.207) -> SepsisLabel <= 32.749)
",-9999999.000,-9999999.000,0.000,0.000,1.000,0,0,0,13,13,0,0,13,0.0,0.0,0.0,0.0,0.0,1.0,-1
"F[1,2](Platelets >= 7.908 -> PTT >= 0.351)
",-9999999.000,-9999999.000,0.000,0.000,1.000,0,0,0,13,13,0,0,13,0.0,0.0,0.0,0.0,0.0,1.0,-1
"F[0,2](DBP > 58.779 & SepsisLabel = 0.000)
",-9999999.000,-9999999.000,0.000,0.000,1.000,0,0,0,13,13,0,0,13,0.0,0.0,0.0,0.0,0.0,1.0,-1
"((Fibrinogen >= 0.000) U[2,2] (SepsisLabel = 0.000))
",0.000,0.000,0.000,0.000,1.000,0,0,0,13,13,0,0,13,0.0,0.0,0.0,0.0,0.0,1.0,-1
"F[1,2](DBP > 0.082 & SepsisLabel = 0.000)
",-9999999.000,-9999999.000,0.000,0.000,1.000,0,0,0,13,13,0,0,13,0.0,0.0,0.0,0.0,0.0,1.0,-1
"((SepsisLabel >= 0.000) U[0,0] (SepsisLabel = 0.000))
",0.302,17.750,0.000,0.000,1.000,0,0,0,13,13,0,0,13,0.0,0.0,0.0,0.0,0.0,1.0,-1
"((MAP < 94.777) U[2,2] (SepsisLabel = 0.000))
",94.777,94.777,0.000,0.000,1.000,0,0,0,13,13,0,0,13,0.0,0.0,0.0,0.0,0.0,1.0,-1
"F[1,2](PTT >= 0.220 -> SepsisLabel = 0.000)
",-9999999.000,-9999999.000,0.000,0.000,1.000,0,0,0,13,13,0,0,13,0.0,0.0,0.0,0.0,0.0,1.0,-1
"F[1,2](BaseExcess >= 0.000 & SepsisLabel = 0.000)
",-9999999.000,-9999999.000,0.000,0.000,1.000,0,0,0,13,13,0,0,13,0.0,0.0,0.0,0.0,0.0,1.0,-1
"F[0,1](((pH <= 0.000 & Potassium >= 0.117) & Phosphate >= 0.032) | WBC <= 1.408)
",-9999999.000,-9999999.000,0.000,0.000,1.000,0,0,0,13,13,0,0,13,0.0,0.0,0.0,0.0,0.0,1.0,-1
"F[2,2]((Calcium <= 2.598 & Potassium <= 3.771) & Magnesium >= 0.012)
",-7195427252878663.000,-0.012,0.000,0.000,1.000,0,0,0,13,13,0,0,13,0.0,0.0,0.0,0.0,0.0,1.0,-1
"((MAP >= 48.069) U[2,2] (SBP <= 148.723))
",148.723,148.723,0.000,0.000,1.000,0,0,0,13,13,0,0,13,0.0,0.0,0.0,0.0,0.0,1.0,-1
"F[0,2]((Phosphate >= 0.022 & Magnesium > 0.063) -> Calcium < 3.078)
",-9999999.000,-9999999.000,0.000,0.000,1.000,0,0,0,13,13,0,0,13,0.0,0.0,0.0,0.0,0.0,1.0,-1
"F[0,1](((Calcium < 4.488 & Potassium < 3.013) & Magnesium < 0.622) & Phosphate < 1.221)
",-9999999.000,-9999999.000,0.000,0.000,1.000,0,0,0,13,13,0,0,13,0.0,0.0,0.0,0.0,0.0,1.0,-1
"((Creatinine >= 0.013) U[2,2] (WBC <= 1.601))
",1.601,1.601,0.000,0.000,1.000,0,0,0,13,13,0,0,13,0.0,0.0,0.0,0.0,0.0,1.0,-1
"F[1,2](((Alkalinephos <= 58.649 -> PTT >= 0.960) -> SBP >= 0.053) & Alkalinephos <= 11.773)
",-9999999.000,-9999999.000,0.000,0.000,1.000,0,0,0,13,13,0,0,13,0.0,0.0,0.0,0.0,0.0,1.0,-1
"F[0,2]((Alkalinephos <= 19.447 -> Glucose <= 16.592) -> pH >= 2.296)
",-9999999.000,-9999999.000,0.000,0.000,1.000,0,0,0,13,13,0,0,13,0.0,0.0,0.0,0.0,0.0,1.0,-1
"((Phosphate > 0.081) U[2,2] (SepsisLabel = 0.000))
",0.000,0.000,0.000,0.000,1.000,0,0,0,13,13,0,0,13,0.0,0.0,0.0,0.0,0.0,1.0,-1
"((FiO2 >= 0.000) U[1,1] (SepsisLabel = 0.000))
",0.000,0.000,0.000,0.000,1.000,0,0,0,13,13,0,0,13,0.0,0.0,0.0,0.0,0.0,1.0,-1
"F[2,2](Resp >= 10.236 -> SepsisLabel = 0.000)
",0.000,0.000,0.000,0.000,1.000,0,0,0,13,13,0,0,13,0.0,0.0,0.0,0.0,0.0,1.0,-1
"F[0,2](PTT <= 16.953 & SepsisLabel = 0.000)
",-9999999.000,-9999999.000,0.000,0.000,1.000,0,0,0,13,13,0,0,13,0.0,0.0,0.0,0.0,0.0,1.0,-1
"((DBP >= 3.178) U[0,0] (SepsisLabel = 0.000))
",3.008,82.420,0.000,0.000,1.000,0,0,0,13,13,0,0,13,0.0,0.0,0.0,0.0,0.0,1.0,-1
"((Calcium > 0.232) U[0,1] (SepsisLabel = 0.000))
",-9999999.000,-9999999.000,0.000,0.000,1.000,0,0,0,13,13,0,0,13,0.0,0.0,0.0,0.0,0.0,1.0,-1
"F[0,1](PaCO2 >= 0.000 & SepsisLabel = 0.000)
",-9999999.000,-9999999.000,0.000,0.000,1.000,0,0,0,13,13,0,0,13,0.0,0.0,0.0,0.0,0.0,1.0,-1
"F[0,2](Fibrinogen > 0.000 -> SepsisLabel = 0.000)
",-9999999.000,-9999999.000,0.000,0.000,1.000,0,0,0,13,13,0,0,13,0.0,0.0,0.0,0.0,0.0,1.0,-1
"((Calcium <= 7.806) U[1,2] (Hct >= 0.841))
",-9999999.000,-9999999.000,0.000,0.000,1.000,0,0,0,13,13,0,0,13,0.0,0.0,0.0,0.0,0.0,1.0,-1
"((Hct <= 10.856) U[1,1] (SepsisLabel = 0.000))
",10.856,10.856,0.000,0.000,1.000,0,0,0,13,13,0,0,13,0.0,0.0,0.0,0.0,0.0,1.0,-1
"F[0,2](Phosphate >= 0.100 -> Potassium >= 0.151)
",-9999999.000,-9999999.000,0.000,0.000,1.000,0,0,0,13,13,0,0,13,0.0,0.0,0.0,0.0,0.0,1.0,-1
"((MAP <= 105.894) U[0,2] (SBP >= 63.804))
",-9999999.000,-9999999.000,0.000,0.000,1.000,0,0,0,13,13,0,0,13,0.0,0.0,0.0,0.0,0.0,1.0,-1
"F[0,2](Hgb >= 0.036 | Phosphate >= 0.128)
",-9999999.000,-9999999.000,0.000,0.000,1.000,0,0,0,13,13,0,0,13,0.0,0.0,0.0,0.0,0.0,1.0,-1
"F[0,2]((Alkalinephos >= 2.637 | Bilirubin_total >= 0.014) -> SBP >= 0.031)
",-9999999.000,-9999999.000,0.000,0.000,1.000,0,0,0,13,13,0,0,13,0.0,0.0,0.0,0.0,0.0,1.0,-1
"F[0,2]((Glucose >= 0.076 & Magnesium >= 0.019) & HR >= 0.068)
",-9999999.000,-9999999.000,0.000,0.000,1.000,0,0,0,13,13,0,0,13,0.0,0.0,0.0,0.0,0.0,1.0,-1
"F[2,2](Hgb <= 11.833 | Hct <= 7.510)
",11.833,11.833,0.000,0.000,1.000,0,0,0,13,13,0,0,13,0.0,0.0,0.0,0.0,0.0,1.0,-1
"F[0,2]((Phosphate >= 0.011 & Magnesium > 0.016) -> Calcium < 0.896)
",-9999999.000,-9999999.000,0.000,0.000,1.000,0,0,0,13,13,0,0,13,0.0,0.0,0.0,0.0,0.0,1.0,-1
"F[0,2](((BUN >= 0.129 & Creatinine <= 0.380) & Platelets <= 0.232) & Hgb <= 0.038)
",-9999999.000,-9999999.000,0.000,0.000,1.000,0,0,0,13,13,0,0,13,0.0,0.0,0.0,0.0,0.0,1.0,-1
"F[1,2](((Calcium < 7.795 & Potassium < 2.758) & Magnesium < 1.113) & Phosphate < 1.032)
",-9999999.000,-9999999.000,0.000,0.000,1.000,0,0,0,13,13,0,0,13,0.0,0.0,0.0,0.0,0.0,1.0,-1
"F[2,2](((Calcium < 7.535 & Potassium < 1.226) & Magnesium < 0.321) & Phosphate < 1.713)
",0.321,0.321,0.000,0.000,1.000,0,0,0,13,13,0,0,13,0.0,0.0,0.0,0.0,0.0,1.0,-1
"((MAP >= 7.424) U[1,2] (SBP <= 130.064))
",-9999999.000,-9999999.000,0.000,0.000,1.000,0,0,0,13,13,0,0,13,0.0,0.0,0.0,0.0,0.0,1.0,-1
"F[0,1](((Calcium < 2.308 & Potassium < 3.357) & Magnesium < 1.763) & Phosphate < 2.299)
",-9999999.000,-9999999.000,0.000,0.000,1.000,0,0,0,13,13,0,0,13,0.0,0.0,0.0,0.0,0.0,1.0,-1
"F[2,2](((Calcium < 3.254 & Potassium < 2.698) & Magnesium < 0.842) & Phosphate < 3.208)
",7582359802308507.000,0.842,0.000,0.000,1.000,0,0,0,13,13,0,0,13,0.0,0.0,0.0,0.0,0.0,1.0,-1
"F[0,2]((Calcium <= 4.595 & Potassium <= 2.127) & Magnesium >= 0.033)
",-9999999.000,-9999999.000,0.000,0.000,1.000,0,0,0,13,13,0,0,13,0.0,0.0,0.0,0.0,0.0,1.0,-1
"F[0,2](Hgb <= 2.477 | Hct <= 9.960)
",-9999999.000,-9999999.000,0.000,0.000,1.000,0,0,0,13,13,0,0,13,0.0,0.0,0.0,0.0,0.0,1.0,-1
"((MAP >= 70.671) U[1,2] (SBP <= 130.826))
",-9999999.000,-9999999.000,0.000,0.000,1.000,0,0,0,13,13,0,0,13,0.0,0.0,0.0,0.0,0.0,1.0,-1
"F[0,0]((Phosphate >= 0.119 & Magnesium > 0.070) -> Calcium < 3.618)
",-3.248,-3.311,0.000,0.000,1.000,0,0,0,13,13,0,0,13,0.0,0.0,0.0,0.0,0.0,1.0,-1
"F[0,0](((Calcium < 0.615 & Potassium < 1.461) & Magnesium < 0.826) & Phosphate < 0.270)
",-0.287,-5.201,0.000,0.000,1.000,0,0,0,13,13,0,0,13,0.0,0.0,0.0,0.0,0.0,1.0,-1
"F[2,2](Hgb <= 3.859 | Hct <= 37.789)
",37.789,37.789,0.000,0.000,1.000,0,0,0,13,13,0,0,13,0.0,0.0,0.0,0.0,0.0,1.0,-1
"F[1,2]((Phosphate >= 0.094 & Magnesium > 0.070) -> Calcium < 0.591)
",-9999999.000,-9999999.000,0.000,0.000,1.000,0,0,0,13,13,0,0,13,0.0,0.0,0.0,0.0,0.0,1.0,-1
"F[1,2](((DBP >= 15.151 & SBP >= 93.182) | Chloride >= 117.943) | SBP <= 158.976)
",-9999999.000,-9999999.000,0.000,0.000,1.000,0,0,0,13,13,0,0,13,0.0,0.0,0.0,0.0,0.0,1.0,-1
"((DBP <= 71.186) U[0,2] (HR <= 73.431))
",-9999999.000,-9999999.000,0.000,0.000,1.000,0,0,0,13,13,0,0,13,0.0,0.0,0.0,0.0,0.0,1.0,-1
"F[1,2]((HR >= 33.296 | MAP >= 38.138) | BaseExcess <= 89.734)
",-9999999.000,-9999999.000,0.000,0.000,1.000,0,0,0,13,13,0,0,13,0.0,0.0,0.0,0.0,0.0,1.0,-1
"((DBP >= 38.951) U[1,2] (PTT >= 0.669))
",-9999999.000,-9999999.000,0.000,0.000,1.000,0,0,0,13,13,0,0,13,0.0,0.0,0.0,0.0,0.0,1.0,-1
"F[0,0]((Phosphate >= 0.123 & Magnesium > 0.009) -> Calcium < 4.487)
",-3.309,-4.112,0.000,0.000,1.000,0,0,0,13,13,0,0,13,0.0,0.0,0.0,0.0,0.0,1.0,-1
"((MAP >= 61.364) U[1,2] (SBP <= 146.562))
",-9999999.000,-9999999.000,0.000,0.000,1.000,0,0,0,13,13,0,0,13,0.0,0.0,0.0,0.0,0.0,1.0,-1
"F[0,2](Hgb <= 8.269 | Hct <= 36.654)
",-9999999.000,-9999999.000,0.000,0.000,1.000,0,0,0,13,13,0,0,13,0.0,0.0,0.0,0.0,0.0,1.0,-1
"((MAP >= 30.122) U[1,2] (SBP <= 143.504))
",-9999999.000,-9999999.000,0.000,0.000,1.000,0,0,0,13,13,0,0,13,0.0,0.0,0.0,0.0,0.0,1.0,-1
"F[0,2](Hgb <= 1.390 | Hct <= 12.460)
",-9999999.000,-9999999.000,0.000,0.000,1.000,0,0,0,13,13,0,0,13,0.0,0.0,0.0,0.0,0.0,1.0,-1
"F[0,1](((Calcium < 5.583 & Potassium < 0.904) & Magnesium < 0.136) & Phosphate < 2.112)
",-9999999.000,-9999999.000,0.000,0.000,1.000,0,0,0,13,13,0,0,13,0.0,0.0,0.0,0.0,0.0,1.0,-1
"((MAP >= 8.762) U[1,2] (SBP <= 131.317))
",-9999999.000,-9999999.000,0.000,0.000,1.000,0,0,0,13,13,0,0,13,0.0,0.0,0.0,0.0,0.0,1.0,-1
"F[1,2]((Phosphate >= 0.046 & Magnesium > 0.011) -> Calcium < 7.142)
",-9999999.000,-9999999.000,0.000,0.000,1.000,0,0,0,13,13,0,0,13,0.0,0.0,0.0,0.0,0.0,1.0,-1
"F[1,2](((Calcium < 0.918 & Potassium < 0.902) & Magnesium < 0.466) & Phosphate < 2.756)
",-9999999.000,-9999999.000,0.000,0.000,1.000,0,0,0,13,13,0,0,13,0.0,0.0,0.0,0.0,0.0,1.0,-1
"F[0,1](Hgb <= 10.106 | Hct <= 29.982)
",-9999999.000,-9999999.000,0.000,0.000,1.000,0,0,0,13,13,0,0,13,0.0,0.0,0.0,0.0,0.0,1.0,-1
"F[0,0]((Phosphate >= 0.053 & Magnesium > 0.066) -> Calcium < 3.558)
",-3.250,-3.256,0.000,0.000,1.000,0,0,0,13,13,0,0,13,0.0,0.0,0.0,0.0,0.0,1.0,-1
"F[1,2]((Phosphate >= 0.127 & Magnesium > 0.036) -> Calcium < 7.492)
",-9999999.000,-9999999.000,0.000,0.000,1.000,0,0,0,13,13,0,0,13,0.0,0.0,0.0,0.0,0.0,1.0,-1
"F[2,2](((Calcium < 0.589 & Potassium < 0.980) & Magnesium < 0.393) & Phosphate < 0.389)
",0.389,0.389,0.000,0.000,1.000,0,0,0,13,13,0,0,13,0.0,0.0,0.0,0.0,0.0,1.0,-1
"F[2,2](Hgb <= 2.353 | Hct <= 16.793)
",4726674008403319.000,16.793,0.000,0.000,1.000,0,0,0,13,13,0,0,13,0.0,0.0,0.0,0.0,0.0,1.0,-1
"F[0,1]((Phosphate >= 0.098 & Magnesium > 0.022) -> Calcium < 3.420)
",-9999999.000,-9999999.000,0.000,0.000,1.000,0,0,0,13,13,0,0,13,0.0,0.0,0.0,0.0,0.0,1.0,-1
"F[0,1](EtCO2 >= 0.000 & SepsisLabel = 0.000)
",-9999999.000,-9999999.000,0.000,0.000,1.000,0,0,0,13,13,0,0,13,0.0,0.0,0.0,0.0,0.0,1.0,-1
"F[0,1]((Phosphate >= 0.074 & Magnesium > 0.014) -> Calcium < 1.149)
",-9999999.000,-9999999.000,0.000,0.000,1.000,0,0,0,13,13,0,0,13,0.0,0.0,0.0,0.0,0.0,1.0,-1
"((MAP >= 37.560) U[1,2] (SBP <= 149.595))
",-9999999.000,-9999999.000,0.000,0.000,1.000,0,0,0,13,13,0,0,13,0.0,0.0,0.0,0.0,0.0,1.0,-1
"((Bilirubin_direct <= 0.000) U[0,0] (Fibrinogen <= 0.000))
",-0.302,-0.053,0.000,0.000,1.000,0,0,0,13,13,0,0,13,0.0,0.0,0.0,0.0,0.0,1.0,-1
"F[0,2]((BUN >= 0.430 | DBP <= 70.953) & O2Sat <= 80.008)
",-9999999.000,-9999999.000,0.000,0.000,1.000,0,0,0,13,13,0,0,13,0.0,0.0,0.0,0.0,0.0,1.0,-1
"F[0,2](DBP <= 72.500 -> Fibrinogen <= 0.000)
",-9999999.000,-9999999.000,0.000,0.000,1.000,0,0,0,13,13,0,0,13,0.0,0.0,0.0,0.0,0.0,1.0,-1
"G[1,2](PTT <= 27.563 -> SepsisLabel = 0.000)
",9999999.000,9999999.000,0.000,1.000,0.000,0,0,13,0,0,13,13,0,0.0,0.0,1.0,0.0,0.0,1.0,1
"G[2,2]((AST >= 0.616 -> HR <= 60.931) | FiO2 <= 71.299)
",5017193896835382.000,71.299,0.000,1.000,0.000,0,0,13,0,0,13,13,0,0.0,0.0,1.0,0.0,0.0,1.0,1
"G[0,2](BUN >= 0.415 | HR >= 7.221)
",9999999.000,9999999.000,0.000,1.000,0.000,0,0,12,1,1,12,12,1,0.0,0.0,1.0,0.0,0.0,1.0,1
"G[1,2]((Creatinine <= 0.559 & HR >= 7.741) -> Chloride >= 24.144)
",9999999.000,9999999.000,0.000,1.000,0.000,0,0,2,11,11,2,2,11,0.0,0.0,1.0,0.0,0.0,1.0,1
"G[0,2]((Alkalinephos <= 39.006 & HR <= 73.998) -> HCO3 >= 24.546)
",9999999.000,9999999.000,0.000,1.000,0.000,0,0,0,13,13,0,0,13,0.0,0.0,0.0,0.0,0.0,1.0,1
"G[2,2](Creatinine <= 0.594 & MAP >= 23.623)
",-6649191193815687.000,-23.623,0.000,1.000,0.000,0,0,13,0,0,13,13,0,0.0,0.0,1.0,0.0,0.0,1.0,1
"G[0,2]((Calcium >= 0.230 & MAP >= 58.492) | Fibrinogen <= 105.622)
",9999999.000,9999999.000,0.000,1.000,0.000,0,0,13,0,0,13,13,0,0.0,0.0,1.0,0.0,0.0,1.0,1
"G[0,0]((Glucose >= 0.978 | MAP <= 93.997) & Temp >= 46.585)
",0.218,2.555,0.000,1.000,0.000,0,0,0,13,13,0,0,13,0.0,0.0,0.0,0.0,0.0,1.0,1
"G[2,2](O2Sat >= 75.754 -> Phosphate <= 2.517)
",-5668503127721149.000,-2.517,0.000,1.000,0.000,0,0,13,0,0,13,13,0,0.0,0.0,1.0,0.0,0.0,1.0,1
"G[1,2]((Alkalinephos >= 0.454 -> DBP >= 28.765) & O2Sat >= 0.913)
",9999999.000,9999999.000,0.000,1.000,0.000,0,0,13,0,0,13,13,0,0.0,0.0,1.0,0.0,0.0,1.0,1
"G[0,2](DBP <= 65.517 | Glucose <= 94.188)
",9999999.000,9999999.000,0.000,1.000,0.000,0,0,12,1,1,12,12,1,0.0,0.0,1.0,0.0,0.0,1.0,1
"G[1,2]((HR <= 60.246 | Platelets <= 59.899) -> Platelets <= 27.521)
",9999999.000,9999999.000,0.000,1.000,0.000,0,0,12,1,1,12,12,1,0.0,0.0,1.0,0.0,0.0,1.0,1
"G[0,0](BUN <= 10.860 & Creatinine >= 0.016)
",-0.306,-1.193,0.000,1.000,0.000,0,0,0,13,13,0,0,13,0.0,0.0,0.0,0.0,0.0,1.0,1
"G[0,2]((Potassium >= 0.133 -> Creatinine >= 0.000) & SepsisLabel >= 0.010)
",9999999.000,9999999.000,0.000,1.000,0.000,0,0,0,13,13,0,0,13,0.0,0.0,0.0,0.0,0.0,1.0,1
"G[0,2]((Bilirubin_total <= 0.105 | Resp <= 19.951) | HR >= 9.936)
",9999999.000,9999999.000,0.000,1.000,0.000,0,0,13,0,0,13,13,0,0.0,0.0,1.0,0.0,0.0,1.0,1
"G[1,2](Alkalinephos <= 14.043 | Magnesium <= 0.616)
",9999999.000,9999999.000,0.000,1.000,0.000,0,0,12,1,1,12,12,1,0.0,0.0,1.0,0.0,0.0,1.0,1
"G[2,2]((Platelets >= 5.696 & Chloride >= 0.000) & Lactate <= 0.000)
",-5.696,-5.696,0.000,1.000,0.000,0,0,13,0,0,13,13,0,0.0,0.0,1.0,0.0,0.0,1.0,1
"G[0,2](((Bilirubin_direct <= 0.000 & Bilirubin_direct <= 0.000) & AST >= 0.000) -> TroponinI <= 0.000)
",9999999.000,9999999.000,0.000,1.000,0.000,0,0,13,0,0,13,13,0,0.0,0.0,1.0,0.0,0.0,1.0,1
"G[0,2](Platelets <= 91.648 -> WBC >= 0.099)
",9999999.000,9999999.000,0.000,1.000,0.000,0,0,0,13,13,0,0,13,0.0,0.0,0.0,0.0,0.0,1.0,1
"G[0,2]((DBP <= 64.333 -> Potassium >= 0.095) & Platelets <= 0.602)
",9999999.000,9999999.000,0.000,1.000,0.000,0,0,6,7,7,6,6,7,0.0,0.0,1.0,0.0,0.0,1.0,1
"G[0,2](DBP <= 80.103 -> Magnesium >= 0.067)
",9999999.000,9999999.000,0.000,1.000,0.000,0,0,0,13,13,0,0,13,0.0,0.0,0.0,0.0,0.0,1.0,1
"G[2,2](((Bilirubin_direct >= 0.000 | EtCO2 >= 0.000) & Resp <= 0.000) -> EtCO2 <= 0.000)
",0.000,0.000,0.000,1.000,0.000,0,0,13,0,0,13,13,0,0.0,0.0,1.0,0.0,0.0,1.0,1
"G[0,2](Fibrinogen >= 0.000 -> Fibrinogen <= 0.000)
",9999999.000,9999999.000,0.000,1.000,0.000,0,0,13,0,0,13,13,0,0.0,0.0,1.0,0.0,0.0,1.0,1
"G[1,2](((PTT <= 2.815 & DBP <= 74.475) | Bilirubin_direct <= 74.008) | TroponinI <= 68.620)
",9999999.000,9999999.000,0.000,1.000,0.000,0,0,13,0,0,13,13,0,0.0,0.0,1.0,0.0,0.0,1.0,1
"G[0,2](((Platelets <= 101.041 -> AST >= 0.326) -> Potassium >= 0.072) -> Temp >= 0.592)
",9999999.000,9999999.000,0.000,1.000,0.000,0,0,0,13,13,0,0,13,0.0,0.0,0.0,0.0,0.0,1.0,1
"G[0,1](((Hgb <= 8.134 | Hct <= 24.872) -> WBC >= 0.206) & Platelets >= 2.350)
",9999999.000,9999999.000,0.000,1.000,0.000,0,0,0,13,13,0,0,13,0.0,0.0,0.0,0.0,0.0,1.0,1
"G[0,2](PaCO2 >= 0.000 -> PTT <= 1.474)
",9999999.000,9999999.000,0.000,1.000,0.000,0,0,12,1,1,12,12,1,0.0,0.0,1.0,0.0,0.0,1.0,1
"G[1,2](Bilirubin_total > 0.009 -> SepsisLabel = 0.000)
",9999999.000,9999999.000,0.000,1.000,0.000,0,0,13,0,0,13,13,0,0.0,0.0,1.0,0.0,0.0,1.0,1
"G[2,2](Chloride > 0.000 & SepsisLabel = 0.000)
",0.000,0.000,0.000,1.000,0.000,0,0,13,0,0,13,13,0,0.0,0.0,1.0,0.0,0.0,1.0,1
"G[1,2](((Bilirubin_total >= 0.028 & SaO2 >= 0.000) & EtCO2 >= 0.000) & EtCO2 >= 0.000)
",9999999.000,9999999.000,0.000,1.000,0.000,0,0,2,11,11,2,2,11,0.0,0.0,1.0,0.0,0.0,1.0,1
"G[1,2]((Alkalinephos <= 2.705 & Magnesium >= 0.032) | BUN >= 0.035)
",9999999.000,9999999.000,0.000,1.000,0.000,0,0,2,11,11,2,2,11,0.0,0.0,1.0,0.0,0.0,1.0,1
"G[0,2](Platelets >= 2.061 -> Temp >= 2.859)
",9999999.000,9999999.000,0.000,1.000,0.000,0,0,13,0,0,13,13,0,0.0,0.0,1.0,0.0,0.0,1.0,1
"G[1,2]((HR >= 36.671 & Resp <= 21.816) | SaO2 <= 20.348)
",9999999.000,9999999.000,0.000,1.000,0.000,0,0,13,0,0,13,13,0,0.0,0.0,1.0,0.0,0.0,1.0,1
"G[2,2](Glucose >= 1.086 & SBP >= 49.402)
",-6952741591035231.000,-49.402,0.000,1.000,0.000,0,0,13,0,0,13,13,0,0.0,0.0,1.0,0.0,0.0,1.0,1
"G[1,2](((MAP >= 72.977 -> Resp >= 8.915) -> Lactate <= 27.368) & Hgb >= 9.828)
",9999999.000,9999999.000,0.000,1.000,0.000,0,0,2,11,11,2,2,11,0.0,0.0,1.0,0.0,0.0,1.0,1
"G[2,2](Platelets <= 130.503 & SepsisLabel = 0.000)
",0.000,0.000,0.000,1.000,0.000,0,0,13,0,0,13,13,0,0.0,0.0,1.0,0.0,0.0,1.0,1
"G[0,2]((Alkalinephos <= 64.602 -> WBC <= 4.672) -> HCO3 >= 0.290)
",9999999.000,9999999.000,0.000,1.000,0.000,0,0,0,13,13,0,0,13,0.0,0.0,0.0,0.0,0.0,1.0,1
"G[1,2](Chloride <= 0.000 -> SepsisLabel = 0.000)
",9999999.000,9999999.000,0.000,1.000,0.000,0,0,13,0,0,13,13,0,0.0,0.0,1.0,0.0,0.0,1.0,1
"G[1,2]((Calcium >= 0.276 -> WBC <= 5.057) -> Phosphate <= 3.184)
",9999999.000,9999999.000,0.000,1.000,0.000,0,0,13,0,0,13,13,0,0.0,0.0,1.0,0.0,0.0,1.0,1
"G[0,1](Alkalinephos >= 1.998 & SepsisLabel = 0.000)
",9999999.000,9999999.000,0.000,1.000,0.000,0,0,0,13,13,0,0,13,0.0,0.0,0.0,0.0,0.0,1.0,1
"G[1,2]((BUN >= 0.054 & PTT <= 9.083) | Fibrinogen <= 17.296)
",9999999.000,9999999.000,0.000,1.000,0.000,0,0,13,0,0,13,13,0,0.0,0.0,1.0,0.0,0.0,1.0,1
"G[2,2]((Alkalinephos >= 0.253 -> Calcium >= 0.023) | Lactate >= 0.132)
",6606308090556319.000,0.023,0.000,1.000,0.000,0,0,13,0,0,13,13,0,0.0,0.0,1.0,0.0,0.0,1.0,1
"G[1,2](O2Sat >= 1.984 & SepsisLabel = 0.000)
",9999999.000,9999999.000,0.000,1.000,0.000,0,0,13,0,0,13,13,0,0.0,0.0,1.0,0.0,0.0,1.0,1
"G[0,1](Creatinine >= 0.021 & SepsisLabel = 0.000)
",9999999.000,9999999.000,0.000,1.000,0.000,0,0,0,13,13,0,0,13,0.0,0.0,0.0,0.0,0.0,1.0,1
"G[0,2](DBP >= 49.304 | Magnesium <= 1.186)
",9999999.000,9999999.000,0.000,1.000,0.000,0,0,13,0,0,13,13,0,0.0,0.0,1.0,0.0,0.0,1.0,1
"G[0,1](O2Sat <= 94.858 & SBP <= 129.256)
",9999999.000,9999999.000,0.000,1.000,0.000,0,0,1,12,12,1,1,12,0.0,0.0,1.0,0.0,0.0,1.0,1
"G[2,2](Potassium >= 0.136 -> Magnesium <= 0.609)
",-5483357992934823.000,-0.609,0.000,1.000,0.000,0,0,13,0,0,13,13,0,0.0,0.0,1.0,0.0,0.0,1.0,1
"G[0,0](((Hgb >= 0.273 -> SBP <= 127.741) | Bilirubin_direct <= 139.762) -> Hct >= 19.995)
",-789.819,-139.709,0.000,1.000,0.000,0,0,0,13,13,0,0,13,0.0,0.0,0.0,0.0,0.0,1.0,1
"G[1,2](((Alkalinephos <= 11.386 | Resp <= 23.536) -> BaseExcess >= 16.938) -> DBP <= 22.963)
",9999999.000,9999999.000,0.000,1.000,0.000,0,0,13,0,0,13,13,0,0.0,0.0,1.0,0.0,0.0,1.0,1
"G[0,1](((SaO2 >= 0.000 | WBC >= 0.122) & SaO2 >= 0.277) & PTT <= 7.559)
",9999999.000,9999999.000,0.000,1.000,0.000,0,0,0,13,13,0,0,13,0.0,0.0,0.0,0.0,0.0,1.0,1
"G[1,2](Platelets <= 13.907 -> WBC >= 0.269)
",9999999.000,9999999.000,0.000,1.000,0.000,0,0,2,11,11,2,2,11,0.0,0.0,1.0,0.0,0.0,1.0,1
"G[0,2](((Resp <= 25.351 & Hgb >= 0.085) & FiO2 <= 11.580) & HR >= 0.364)
",9999999.000,9999999.000,0.000,1.000,0.000,0,0,0,13,13,0,0,13,0.0,0.0,0.0,0.0,0.0,1.0,1
"G[1,1](BUN <= 6.612 & Creatinine >= 0.002)
",-5296831479062337.000,-0.002,0.000,1.000,0.000,0,0,1,12,12,1,1,12,0.0,0.0,1.0,0.0,0.0,1.0,1
"G[1,2](((WBC >= 0.001 | Creatinine >= 0.020) -> Chloride <= 0.044) | Bilirubin_direct >= 0.016)
",9999999.000,9999999.000,0.000,1.000,0.000,0,0,13,0,0,13,13,0,0.0,0.0,1.0,0.0,0.0,1.0,1
"G[0,2](EtCO2 >= 0.000 & Glucose <= 106.435)
",9999999.000,9999999.000,0.000,1.000,0.000,0,0,12,1,1,12,12,1,0.0,0.0,1.0,0.0,0.0,1.0,1
"G[0,2](SBP > 29.787 & SepsisLabel = 0.000)
",9999999.000,9999999.000,0.000,1.000,0.000,0,0,11,2,2,11,11,2,0.0,0.0,1.0,0.0,0.0,1.0,1
"G[2,2](pH <= 0.000 -> MAP >= 0.739)
",0.000,0.000,0.000,1.000,0.000,0,0,13,0,0,13,13,0,0.0,0.0,1.0,0.0,0.0,1.0,1
"G[0,2](((BUN <= 7.303 | pH >= 0.000) -> O2Sat >= 0.000) | TroponinI <= 0.000)
",9999999.000,9999999.000,0.000,1.000,0.000,0,0,13,0,0,13,13,0,0.0,0.0,1.0,0.0,0.0,1.0,1
"G[1,2](((Bilirubin_direct <= 0.000 -> SBP <= 145.850) -> Chloride >= 73.267) & Chloride >= 75.123)
",9999999.000,9999999.000,0.000,1.000,0.000,0,0,1,12,12,1,1,12,0.0,0.0,1.0,0.0,0.0,1.0,1
"F[1,2](((O2Sat <= 95.932 & Bilirubin_total <= 0.344) -> Potassium <= 0.771) | BaseExcess <= 0.787)
",-9999999.000,-9999999.000,0.000,0.000,1.000,0,0,0,13,13,0,0,13,0.0,0.0,0.0,0.0,0.0,1.0,-1
"G[1,2](((Alkalinephos <= 54.586 & Magnesium <= 1.275) -> Alkalinephos >= 0.039) & DBP <= 1.304)
",9999999.000,9999999.000,0.000,1.000,0.000,0,0,1,12,12,1,1,12,0.0,0.0,1.0,0.0,0.0,1.0,1
"G[2,2]((AST >= 0.216 & Chloride >= 0.000) & BUN >= 0.000)
",-7770917511313073.000,-0.216,0.000,1.000,0.000,0,0,13,0,0,13,13,0,0.0,0.0,1.0,0.0,0.0,1.0,1
"G[0,2](((Calcium <= 5.409 & Fibrinogen >= 0.000) & Chloride <= 0.000) -> HCO3 <= 0.000)
",9999999.000,9999999.000,0.000,1.000,0.000,0,0,13,0,0,13,13,0,0.0,0.0,1.0,0.0,0.0,1.0,1
"G[0,2](Glucose <= 25.746 -> Creatinine <= 0.044)
",9999999.000,9999999.000,0.000,1.000,0.000,0,0,13,0,0,13,13,0,0.0,0.0,1.0,0.0,0.0,1.0,1
"G[0,2]((DBP <= 81.685 -> FiO2 >= 0.000) -> AST <= 0.000)
",9999999.000,9999999.000,0.000,1.000,0.000,0,0,12,1,1,12,12,1,0.0,0.0,1.0,0.0,0.0,1.0,1
"G[1,1](BUN <= 4.789 & Creatinine >= 0.025)
",-7312846808131695.000,-0.025,0.000,1.000,0.000,0,0,1,12,12,1,1,12,0.0,0.0,1.0,0.0,0.0,1.0,1
"G[0,2]((Calcium >= 0.081 -> Phosphate >= 0.049) | AST <= 3.044)
",9999999.000,9999999.000,0.000,1.000,0.000,0,0,13,0,0,13,13,0,0.0,0.0,1.0,0.0,0.0,1.0,1
"G[2,2](((Hct >= 0.904 | Phosphate >= 0.002) & Temp <= 0.513) & EtCO2 >= 0.061)
",-0.061,-0.061,0.000,1.000,0.000,0,0,13,0,0,13,13,0,0.0,0.0,1.0,0.0,0.0,1.0,1
"G[0,2]((Resp >= 4.805 & Hct >= 0.993) | BUN <= 31.648)
",9999999.000,9999999.000,0.000,1.000,0.000,0,0,13,0,0,13,13,0,0.0,0.0,1.0,0.0,0.0,1.0,1
"G[1,2]((Calcium >= 0.159 -> Bilirubin_direct <= 0.000) & DBP >= 0.000)
",9999999.000,9999999.000,0.000,1.000,0.000,0,0,13,0,0,13,13,0,0.0,0.0,1.0,0.0,0.0,1.0,1
"G[1,2](((Hgb <= 7.873 | Hct <= 4.265) -> WBC >= 0.021) & Platelets >= 1.049)
",9999999.000,9999999.000,0.000,1.000,0.000,0,0,2,11,11,2,2,11,0.0,0.0,1.0,0.0,0.0,1.0,1
"G[0,0]((O2Sat >= 17.193 & BUN >= 0.134) & TroponinI <= 3.499)
",0.111,0.078,0.000,1.000,0.000,0,0,0,13,13,0,0,13,0.0,0.0,0.0,0.0,0.0,1.0,1
"G[0,2](((DBP >= 28.660 & BUN <= 5.727) | MAP >= 0.103) -> PTT >= 0.332)
",9999999.000,9999999.000,0.000,1.000,0.000,0,0,0,13,13,0,0,13,0.0,0.0,0.0,0.0,0.0,1.0,1
"G[0,1](BUN <= 7.608 & Creatinine >= 0.011)
",9999999.000,9999999.000,0.000,1.000,0.000,0,0,0,13,13,0,0,13,0.0,0.0,0.0,0.0,0.0,1.0,1
"G[0,1]((Creatinine >= 0.003 & MAP <= 92.576) | FiO2 >= 16.195)
",9999999.000,9999999.000,0.000,1.000,0.000,0,0,0,13,13,0,0,13,0.0,0.0,0.0,0.0,0.0,1.0,1
"G[1,2](((Bilirubin_total >= 0.028 | Phosphate <= 1.164) -> SepsisLabel <= 2.978) | MAP >= 0.058)
",9999999.000,9999999.000,0.000,1.000,0.000,0,0,13,0,0,13,13,0,0.0,0.0,1.0,0.0,0.0,1.0,1
"G[1,2](SepsisLabel <= 0.000 & Phosphate >= 0.024)
",9999999.000,9999999.000,0.000,1.000,0.000,0,0,2,11,11,2,2,11,0.0,0.0,1.0,0.0,0.0,1.0,1
"G[0,2](((Calcium >= 0.086 & HR >= 14.748) -> SBP <= 74.979) & TroponinI <= 65.020)
",9999999.000,9999999.000,0.000,1.000,0.000,0,0,12,1,1,12,12,1,0.0,0.0,1.0,0.0,0.0,1.0,1
"G[0,2]((TroponinI >= 0.000 -> Resp >= 16.497) | Glucose <= 19.403)
",9999999.000,9999999.000,0.000,1.000,0.000,0,0,13,0,0,13,13,0,0.0,0.0,1.0,0.0,0.0,1.0,1
"G[0,2]((PaCO2 >= 0.000 -> Bilirubin_total >= 0.016) -> HCO3 >= 0.017)
",9999999.000,9999999.000,0.000,1.000,0.000,0,0,12,1,1,12,12,1,0.0,0.0,1.0,0.0,0.0,1.0,1
"G[1,2](pH >= 0.000 -> O2Sat >= 67.861)
",9999999.000,9999999.000,0.000,1.000,0.000,0,0,13,0,0,13,13,0,0.0,0.0,1.0,0.0,0.0,1.0,1
"G[0,1](((Hgb <= 10.210 -> Magnesium <= 0.805) | PaCO2 <= 1.680) -> Glucose >= 0.039)
",9999999.000,9999999.000,0.000,1.000,0.000,0,0,0,13,13,0,0,13,0.0,0.0,0.0,0.0,0.0,1.0,1
"G[0,2](Platelets <= 167.835 | SaO2 >= 0.000)
",9999999.000,9999999.000,0.000,1.000,0.000,0,0,13,0,0,13,13,0,0.0,0.0,1.0,0.0,0.0,1.0,1
"G[0,1](Platelets <= 130.864 -> WBC >= 0.253)
",9999999.000,9999999.000,0.000,1.000,0.000,0,0,0,13,13,0,0,13,0.0,0.0,0.0,0.0,0.0,1.0,1
"G[2,2](BUN <= 10.624 & Bilirubin_total <= 0.290)
",5231622048565558.000,0.290,0.000,1.000,0.000,0,0,13,0,0,13,13,0,0.0,0.0,1.0,0.0,0.0,1.0,1
"G[1,2]((Bilirubin_total >= 0.021 -> Resp >= 9.200) | PaCO2 >= 4.961)
",9999999.000,9999999.000,0.000,1.000,0.000,0,0,13,0,0,13,13,0,0.0,0.0,1.0,0.0,0.0,1.0,1
"G[0,2](((Hgb <= 10.856 | Hct <= 4.727) -> WBC >= 0.168) & Platelets >= 5.921)
",9999999.000,9999999.000,0.000,1.000,0.000,0,0,0,13,13,0,0,13,0.0,0.0,0.0,0.0,0.0,1.0,1
"G[1,2](((Glucose <= 56.809 | Lactate >= 0.000) & SepsisLabel >= 0.000) | Platelets >= 0.000)
",9999999.000,9999999.000,0.000,1.000,0.000,0,0,13,0,0,13,13,0,0.0,0.0,1.0,0.0,0.0,1.0,1
"G[1,2](((FiO2 >= 0.000 | DBP <= 78.642) | SBP >= 17.362) | Hgb <= 79.971)
",9999999.000,9999999.000,0.000,1.000,0.000,0,0,13,0,0,13,13,0,0.0,0.0,1.0,0.0,0.0,1.0,1
"G[0,0](BUN <= 5.233 & Creatinine >= 0.012)
",-0.304,-1.658,0.000,1.000,0.000,0,0,0,13,13,0,0,13,0.0,0.0,0.0,0.0,0.0,1.0,1
"G[1,2](((Hct >= 0.839 -> Fibrinogen >= 0.000) & Hct >= 0.000) -> Potassium >= 0.000)
",9999999.000,9999999.000,0.000,1.000,0.000,0,0,13,0,0,13,13,0,0.0,0.0,1.0,0.0,0.0,1.0,1
"G[0,2]((Calcium >= 0.132 & pH >= 0.000) -> FiO2 <= 0.000)
",9999999.000,9999999.000,0.000,1.000,0.000,0,0,13,0,0,13,13,0,0.0,0.0,1.0,0.0,0.0,1.0,1
"G[0,0](((Resp <= 27.046 -> Potassium <= 1.599) & MAP <= 1.534) & AST >= 0.128)
",-3.696,-124.098,0.000,1.000,0.000,0,0,0,13,13,0,0,13,0.0,0.0,0.0,0.0,0.0,1.0,1
"G[2,2](Phosphate >= 0.123 | Phosphate >= 0.095)
",-0.095,-0.095,0.000,1.000,0.000,0,0,13,0,0,13,13,0,0.0,0.0,1.0,0.0,0.0,1.0,1
"G[1,2](DBP >= 38.658 | BaseExcess <= 0.000)
",9999999.000,9999999.000,0.000,1.000,0.000,0,0,13,0,0,13,13,0,0.0,0.0,1.0,0.0,0.0,1.0,1
"G[0,1](Platelets <= 153.209 -> WBC >= 0.172)
",9999999.000,9999999.000,0.000,1.000,0.000,0,0,0,13,13,0,0,13,0.0,0.0,0.0,0.0,0.0,1.0,1
"G[1,2]((WBC <= 7.083 -> PTT <= 19.818) | Creatinine <= 24.351)
",9999999.000,9999999.000,0.000,1.000,0.000,0,0,13,0,0,13,13,0,0.0,0.0,1.0,0.0,0.0,1.0,1
"G[0,2](Lactate >= 0.000 -> Bilirubin_total <= 0.840)
",9999999.000,9999999.000,0.000,1.000,0.000,0,0,12,1,1,12,12,1,0.0,0.0,1.0,0.0,0.0,1.0,1
"G[0,2]((Chloride <= 0.000 -> O2Sat >= 62.343) | FiO2 >= 25.119)
",9999999.000,9999999.000,0.000,1.000,0.000,0,0,12,1,1,12,12,1,0.0,0.0,1.0,0.0,0.0,1.0,1
"G[0,2](((HCO3 >= 0.000 -> TroponinI <= 0.000) | Platelets <= 0.000) & AST <= 0.000)
",9999999.000,9999999.000,0.000,1.000,0.000,0,0,12,1,1,12,12,1,0.0,0.0,1.0,0.0,0.0,1.0,1
"G[0,2](Chloride >= 0.000 & HCO3 >= 0.000)
",9999999.000,9999999.000,0.000,1.000,0.000,0,0,13,0,0,13,13,0,0.0,0.0,1.0,0.0,0.0,1.0,1
"G[0,1]((Resp <= 18.000 | Phosphate <= 1.957) & Magnesium >= 0.075)
",9999999.000,9999999.000,0.000,1.000,0.000,0,0,0,13,13,0,0,13,0.0,0.0,0.0,0.0,0.0,1.0,1
"G[0,2](Fibrinogen <= 0.000 & Temp >= 3.808)
",9999999.000,9999999.000,0.000,1.000,0.000,0,0,0,13,13,0,0,13,0.0,0.0,0.0,0.0,0.0,1.0,1
"G[0,2]((Glucose <= 48.371 & WBC >= 0.052) -> Temp >= 0.318)
",9999999.000,9999999.000,0.000,1.000,0.000,0,0,13,0,0,13,13,0,0.0,0.0,1.0,0.0,0.0,1.0,1
"G[0,0](((Hgb <= 3.959 | Hct <= 32.453) -> WBC >= 0.266) & Platelets >= 8.346)
",-32.453,-32.453,0.000,1.000,0.000,0,0,0,13,13,0,0,13,0.0,0.0,0.0,0.0,0.0,1.0,1
"G[0,2](((Hgb <= 8.156 -> Phosphate >= 0.130) -> TroponinI <= 1.564) -> Bilirubin_total >= 0.012)
",9999999.000,9999999.000,0.000,1.000,0.000,0,0,0,13,13,0,0,13,0.0,0.0,0.0,0.0,0.0,1.0,1
"G[1,2](((AST >= 0.343 -> EtCO2 >= 0.000) & EtCO2 <= 0.000) | Calcium <= 0.000)
",9999999.000,9999999.000,0.000,1.000,0.000,0,0,13,0,0,13,13,0,0.0,0.0,1.0,0.0,0.0,1.0,1
"G[0,1](((Hgb <= 6.518 | Hct <= 27.292) -> WBC >= 0.203) & Platelets >= 8.045)
",9999999.000,9999999.000,0.000,1.000,0.000,0,0,0,13,13,0,0,13,0.0,0.0,0.0,0.0,0.0,1.0,1
"G[0,1]((Glucose >= 3.371 -> Bilirubin_total >= 0.018) -> DBP <= 0.654)
",9999999.000,9999999.000,0.000,1.000,0.000,0,0,0,13,13,0,0,13,0.0,0.0,0.0,0.0,0.0,1.0,1
"G[1,2](Glucose <= 53.584 & DBP <= 73.362)
",9999999.000,9999999.000,0.000,1.000,0.000,0,0,8,5,5,8,8,5,0.0,0.0,1.0,0.0,0.0,1.0,1
"G[0,2](BUN <= 0.495 & Creatinine >= 3.2430266664886176e-05)
",9999999.000,9999999.000,0.000,1.000,0.000,0,0,0,13,13,0,0,13,0.0,0.0,0.0,0.0,0.0,1.0,1
"G[0,2]((Hgb >= 0.199 -> Platelets >= 6.643) -> Fibrinogen >= 0.542)
",9999999.000,9999999.000,0.000,1.000,0.000,0,0,0,13,13,0,0,13,0.0,0.0,0.0,0.0,0.0,1.0,1
"G[1,2](Chloride >= 0.000 & HCO3 >= 0.000)
",9999999.000,9999999.000,0.000,1.000,0.000,0,0,13,0,0,13,13,0,0.0,0.0,1.0,0.0,0.0,1.0,1
"G[1,2](((TroponinI <= 0.000 -> PaCO2 >= 0.000) | PaCO2 <= 0.000) -> Chloride >= 0.000)
",9999999.000,9999999.000,0.000,1.000,0.000,0,0,13,0,0,13,13,0,0.0,0.0,1.0,0.0,0.0,1.0,1
"G[1,2]((SBP <= 147.005 & Bilirubin_direct <= 0.000) | HCO3 <= 0.000)
",9999999.000,9999999.000,0.000,1.000,0.000,0,0,13,0,0,13,13,0,0.0,0.0,1.0,0.0,0.0,1.0,1
"G[0,1]((Lactate >= 0.000 -> Creatinine >= 0.013) | HCO3 >= 0.012)
",9999999.000,9999999.000,0.000,1.000,0.000,0,0,0,13,13,0,0,13,0.0,0.0,0.0,0.0,0.0,1.0,1
"G[1,2](Platelets <= 121.116 -> WBC >= 0.184)
",9999999.000,9999999.000,0.000,1.000,0.000,0,0,2,11,11,2,2,11,0.0,0.0,1.0,0.0,0.0,1.0,1
"G[0,1](Hgb <= 9.363 & Temp >= 0.392)
",9999999.000,9999999.000,0.000,1.000,0.000,0,0,0,13,13,0,0,13,0.0,0.0,0.0,0.0,0.0,1.0,1
"G[1,2]((Alkalinephos <= 41.958 & Temp <= 32.926) | WBC <= 33.876)
",9999999.000,9999999.000,0.000,1.000,0.000,0,0,13,0,0,13,13,0,0.0,0.0,1.0,0.0,0.0,1.0,1
"G[2,2](BUN <= 5.768 & Temp >= 6.345)
",-6.345,-6.345,0.000,1.000,0.000,0,0,13,0,0,13,13,0,0.0,0.0,1.0,0.0,0.0,1.0,1
"G[1,2]((BUN >= 0.079 & EtCO2 >= 0.000) -> PTT <= 0.000)
",9999999.000,9999999.000,0.000,1.000,0.000,0,0,12,1,1,12,12,1,0.0,0.0,1.0,0.0,0.0,1.0,1
"((Magnesium <= 1.394) U[0,1] (Chloride <= 0.000))
",-9999999.000,-9999999.000,0.000,0.000,1.000,0,0,0,13,13,0,0,13,0.0,0.0,0.0,0.0,0.0,1.0,-1
"F[1,2](((FiO2 <= 0.000 & Hgb <= 1.565) -> SepsisLabel >= 0.383) -> Resp >= 0.506)
",-9999999.000,-9999999.000,0.000,0.000,1.000,0,0,0,13,13,0,0,13,0.0,0.0,0.0,0.0,0.0,1.0,-1
"((Chloride >= 0.000) U[0,1] (AST <= 7.158))
",-9999999.000,-9999999.000,0.000,0.000,1.000,0,0,0,13,13,0,0,13,0.0,0.0,0.0,0.0,0.0,1.0,-1
"F[0,1]((Hct >= 0.353 -> O2Sat <= 97.388) -> Hgb <= 97.086)
",-9999999.000,-9999999.000,0.000,0.000,1.000,0,0,0,13,13,0,0,13,0.0,0.0,0.0,0.0,0.0,1.0,-1
"F[0,2](((SBP >= 96.001 & MAP >= 11.253) | Phosphate <= 102.780) & Bilirubin_direct >= 28.918)
",-9999999.000,-9999999.000,0.000,0.000,1.000,0,0,0,13,13,0,0,13,0.0,0.0,0.0,0.0,0.0,1.0,-1
"F[0,2](PaCO2 <= 0.000 & SepsisLabel <= 0.000)
",-9999999.000,-9999999.000,0.000,0.000,1.000,0,0,0,13,13,0,0,13,0.0,0.0,0.0,0.0,0.0,1.0,-1
"F[1,2](((Bilirubin_direct >= 0.000 -> Bilirubin_total >= 0.036) | DBP <= 0.107) -> WBC <= 1.058)
",-9999999.000,-9999999.000,0.000,0.000,1.000,0,0,0,13,13,0,0,13,0.0,0.0,0.0,0.0,0.0,1.0,-1
"((BaseExcess >= 0.000) U[2,2] (PTT <= 12.801))
",7206334219661425.000,12.801,0.000,0.000,1.000,0,0,0,13,13,0,0,13,0.0,0.0,0.0,0.0,0.0,1.0,-1
"((pH >= 0.000) U[0,1] (Phosphate <= 2.801))
",-9999999.000,-9999999.000,0.000,0.000,1.000,0,0,0,13,13,0,0,13,0.0,0.0,0.0,0.0,0.0,1.0,-1
"F[1,2]((Bilirubin_total <= 0.771 & EtCO2 <= 0.000) -> HCO3 <= 0.000)
",-9999999.000,-9999999.000,0.000,0.000,1.000,0,0,0,13,13,0,0,13,0.0,0.0,0.0,0.0,0.0,1.0,-1
"F[1,2]((TroponinI <= 0.000 | SaO2 >= 0.000) | Potassium <= 0.000)
",-9999999.000,-9999999.000,0.000,0.000,1.000,0,0,0,13,13,0,0,13,0.0,0.0,0.0,0.0,0.0,1.0,-1
"G[0,0](PaCO2 >= 0.000 & Phosphate >= 0.130)
",-3.317,-0.119,0.000,1.000,0.000,0,0,0,13,13,0,0,13,0.0,0.0,0.0,0.0,0.0,1.0,1
"G[1,2]((O2Sat <= 92.746 | Lactate >= 0.000) & pH >= 0.000)
",9999999.000,9999999.000,0.000,1.000,0.000,0,0,13,0,0,13,13,0,0.0,0.0,1.0,0.0,0.0,1.0,1
"((Resp >= 15.818) U[0,0] (Fibrinogen >= 0.000))
",2.829,46.334,0.000,0.000,1.000,0,0,0,13,13,0,0,13,0.0,0.0,0.0,0.0,0.0,1.0,-1
"G[0,2](Bilirubin_direct >= 0.000 -> Bilirubin_total >= 0.041)
",9999999.000,9999999.000,0.000,1.000,0.000,0,0,0,13,13,0,0,13,0.0,0.0,0.0,0.0,0.0,1.0,1
"G[1,2]((Lactate <= 0.000 & O2Sat <= 96.746) -> Glucose <= 96.356)
",9999999.000,9999999.000,0.000,1.000,0.000,0,0,12,1,1,12,12,1,0.0,0.0,1.0,0.0,0.0,1.0,1
"G[1,2](((HR >= 52.679 & SepsisLabel <= 0.000) | Magnesium <= 0.000) & BaseExcess >= 0.000)
",9999999.000,9999999.000,0.000,1.000,0.000,0,0,13,0,0,13,13,0,0.0,0.0,1.0,0.0,0.0,1.0,1
"G[0,2](Platelets <= 25.970 -> WBC >= 0.019)
",9999999.000,9999999.000,0.000,1.000,0.000,0,0,0,13,13,0,0,13,0.0,0.0,0.0,0.0,0.0,1.0,1
"G[0,2](Chloride <= 0.000 | SepsisLabel >= 0.000)
",9999999.000,9999999.000,0.000,1.000,0.000,0,0,13,0,0,13,13,0,0.0,0.0,1.0,0.0,0.0,1.0,1
"G[0,1](PaCO2 <= 0.000 -> Creatinine >= 0.005)
",9999999.000,9999999.000,0.000,1.000,0.000,0,0,0,13,13,0,0,13,0.0,0.0,0.0,0.0,0.0,1.0,1
"G[1,2]((SBP <= 157.826 & pH <= 0.000) | O2Sat <= 0.000)
",9999999.000,9999999.000,0.000,1.000,0.000,0,0,12,1,1,12,12,1,0.0,0.0,1.0,0.0,0.0,1.0,1
"G[0,2](BUN <= 1.241 & Creatinine >= 0.002)
",9999999.000,9999999.000,0.000,1.000,0.000,0,0,0,13,13,0,0,13,0.0,0.0,0.0,0.0,0.0,1.0,1
"G[0,2]((DBP <= 64.312 | Bilirubin_total >= 0.013) & WBC >= 0.019)
",9999999.000,9999999.000,0.000,1.000,0.000,0,0,0,13,13,0,0,13,0.0,0.0,0.0,0.0,0.0,1.0,1
"G[0,0](Bilirubin_direct <= 0.000 -> Glucose >= 1.956)
",0.302,0.053,0.000,1.000,0.000,0,0,0,13,13,0,0,13,0.0,0.0,0.0,0.0,0.0,1.0,1
"G[2,2](((DBP >= 15.375 -> Chloride >= 0.000) & Bilirubin_direct >= 0.000) & EtCO2 >= 0.000)
",0.000,0.000,0.000,1.000,0.000,0,0,13,0,0,13,13,0,0.0,0.0,1.0,0.0,0.0,1.0,1
"G[2,2]((pH <= 0.000 | Hct >= 1.415) | PaCO2 >= 0.234)
",0.000,0.000,0.000,1.000,0.000,0,0,13,0,0,13,13,0,0.0,0.0,1.0,0.0,0.0,1.0,1
"F[0,2]((Bilirubin_total <= 0.612 & SaO2 >= 0.000) | O2Sat <= 0.000)
",-9999999.000,-9999999.000,0.000,0.000,1.000,0,0,0,13,13,0,0,13,0.0,0.0,0.0,0.0,0.0,1.0,-1
"G[1,2](((Magnesium >= 0.025 & Resp <= 25.372) -> SepsisLabel <= 18.440) & Calcium <= 20.555)
",9999999.000,9999999.000,0.000,1.000,0.000,0,0,13,0,0,13,13,0,0.0,0.0,1.0,0.0,0.0,1.0,1
"G[0,1](((HR >= 54.028 | Temp >= 2.936) | HCO3 >= 2.636) & Chloride >= 6.911)
",9999999.000,9999999.000,0.000,1.000,0.000,0,0,0,13,13,0,0,13,0.0,0.0,0.0,0.0,0.0,1.0,1
"((TroponinI <= 0.000) U[0,1] (Chloride <= 0.000))
",-9999999.000,-9999999.000,0.000,0.000,1.000,0,0,0,13,13,0,0,13,0.0,0.0,0.0,0.0,0.0,1.0,-1
"F[0,0]((Magnesium >= 0.001 | Bilirubin_total >= 0.018) -> SaO2 >= 0.005)
",-0.301,-0.315,0.000,0.000,1.000,0,0,0,13,13,0,0,13,0.0,0.0,0.0,0.0,0.0,1.0,-1
"F[0,2]((HR <= 56.974 & Phosphate <= 2.819) -> Magnesium <= 2.953)
",-9999999.000,-9999999.000,0.000,0.000,1.000,0,0,0,13,13,0,0,13,0.0,0.0,0.0,0.0,0.0,1.0,-1
"F[1,2](((Creatinine <= 0.555 | HR >= 17.998) | BaseExcess <= 74.183) & EtCO2 >= 45.426)
",-9999999.000,-9999999.000,0.000,0.000,1.000,0,0,0,13,13,0,0,13,0.0,0.0,0.0,0.0,0.0,1.0,-1
"F[0,2]((Chloride >= 0.000 -> Bilirubin_total <= 0.826) & O2Sat >= 0.034)
",-9999999.000,-9999999.000,0.000,0.000,1.000,0,0,0,13,13,0,0,13,0.0,0.0,0.0,0.0,0.0,1.0,-1
"F[0,0](Hgb <= 12.397 -> HCO3 >= 0.000)
",-3.317,-11.364,0.000,0.000,1.000,0,0,0,13,13,0,0,13,0.0,0.0,0.0,0.0,0.0,1.0,-1
"((Lactate <= 0.000) U[0,2] (HCO3 <= 0.000))
",-9999999.000,-9999999.000,0.000,0.000,1.000,0,0,0,13,13,0,0,13,0.0,0.0,0.0,0.0,0.0,1.0,-1
"F[0,2](HCO3 <= 0.000 -> SBP >= 110.776)
",-9999999.000,-9999999.000,0.000,0.000,1.000,0,0,0,13,13,0,0,13,0.0,0.0,0.0,0.0,0.0,1.0,-1
"F[0,0]((SBP <= 146.340 -> Hgb <= 11.649) -> Chloride <= 0.934)
",-0.116,-0.259,0.000,0.000,1.000,0,0,0,13,13,0,0,13,0.0,0.0,0.0,0.0,0.0,1.0,-1
"F[1,2](((BaseExcess >= 0.000 | BUN >= 0.429) | Glucose >= 0.463) & Temp >= 0.129)
",-9999999.000,-9999999.000,0.000,0.000,1.000,0,0,0,13,13,0,0,13,0.0,0.0,0.0,0.0,0.0,1.0,-1
"F[0,0](TroponinI <= 0.000 & Lactate >= 0.000)
",-0.302,-0.092,0.000,0.000,1.000,0,0,0,13,13,0,0,13,0.0,0.0,0.0,0.0,0.0,1.0,-1
"F[1,1](((PTT <= 12.578 -> Potassium <= 0.472) | Chloride <= 0.197) | Magnesium >= 0.121)
",0.197,0.197,0.000,0.000,1.000,0,0,0,13,13,0,0,13,0.0,0.0,0.0,0.0,0.0,1.0,-1
"((pH >= 0.000) U[0,1] (Alkalinephos <= 54.502))
",-9999999.000,-9999999.000,0.000,0.000,1.000,0,0,0,13,13,0,0,13,0.0,0.0,0.0,0.0,0.0,1.0,-1
"F[1,2](((HR <= 72.600 & Alkalinephos >= 2.358) & Alkalinephos <= 49.182) & Creatinine >= 2.039)
",-9999999.000,-9999999.000,0.000,0.000,1.000,0,0,0,13,13,0,0,13,0.0,0.0,0.0,0.0,0.0,1.0,-1
"F[1,2](((PTT >= 0.378 | Phosphate >= 0.065) | BaseExcess >= 0.000) | FiO2 >= 0.091)
",-9999999.000,-9999999.000,0.000,0.000,1.000,0,0,0,13,13,0,0,13,0.0,0.0,0.0,0.0,0.0,1.0,-1
"((PTT >= 0.409) U[2,2] (Hgb >= 0.240))
",-2881761720907657.000,-0.240,0.000,0.000,1.000,0,0,0,13,13,0,0,13,0.0,0.0,0.0,0.0,0.0,1.0,-1
"F[0,1](BUN >= 0.146 -> PaCO2 <= 0.000)
",-9999999.000,-9999999.000,0.000,0.000,1.000,0,0,0,13,13,0,0,13,0.0,0.0,0.0,0.0,0.0,1.0,-1
"F[0,2](Resp >= 0.004 -> FiO2 <= 0.000)
",-9999999.000,-9999999.000,0.000,0.000,1.000,0,0,0,13,13,0,0,13,0.0,0.0,0.0,0.0,0.0,1.0,-1
"F[1,2](SBP <= 136.529 | Platelets >= 3.186)
",-9999999.000,-9999999.000,0.000,0.000,1.000,0,0,0,13,13,0,0,13,0.0,0.0,0.0,0.0,0.0,1.0,-1
"F[1,2]((HCO3 >= 0.000 -> Hgb <= 12.082) & EtCO2 >= 0.190)
",-9999999.000,-9999999.000,0.000,0.000,1.000,0,0,0,13,13,0,0,13,0.0,0.0,0.0,0.0,0.0,1.0,-1
"F[0,2](SBP >= 19.276 | WBC >= 0.186)
",-9999999.000,-9999999.000,0.000,0.000,1.000,0,0,0,13,13,0,0,13,0.0,0.0,0.0,0.0,0.0,1.0,-1
"F[1,2](Calcium >= 0.317 & AST <= 5.725)
",-9999999.000,-9999999.000,0.000,0.000,1.000,0,0,0,13,13,0,0,13,0.0,0.0,0.0,0.0,0.0,1.0,-1
"F[1,2](Lactate <= 0.000 & HCO3 <= 0.000)
",-9999999.000,-9999999.000,0.000,0.000,1.000,0,0,0,13,13,0,0,13,0.0,0.0,0.0,0.0,0.0,1.0,-1
"F[1,2](((Chloride >= 0.000 | SaO2 >= 0.000) -> SaO2 <= 0.000) -> Resp <= 0.000)
",-9999999.000,-9999999.000,0.000,0.000,1.000,0,0,0,13,13,0,0,13,0.0,0.0,0.0,0.0,0.0,1.0,-1
"F[2,2]((Creatinine >= 0.002 | Magnesium >= 0.074) -> Creatinine >= 0.001)
",4841169812821247.000,0.001,0.000,0.000,1.000,0,0,0,13,13,0,0,13,0.0,0.0,0.0,0.0,0.0,1.0,-1
"F[2,2]((AST <= 14.754 & FiO2 <= 0.000) -> Resp >= 0.000)
",0.000,0.000,0.000,0.000,1.000,0,0,0,13,13,0,0,13,0.0,0.0,0.0,0.0,0.0,1.0,-1
"F[1,2](((O2Sat <= 93.817 & Phosphate >= 0.072) & O2Sat <= 0.258) -> Potassium >= 0.131)
",-9999999.000,-9999999.000,0.000,0.000,1.000,0,0,0,13,13,0,0,13,0.0,0.0,0.0,0.0,0.0,1.0,-1
"G[0,2](BaseExcess >= 0.000 | Hct <= 18.932)
",9999999.000,9999999.000,0.000,1.000,0.000,0,0,13,0,0,13,13,0,0.0,0.0,1.0,0.0,0.0,1.0,1
"G[1,2](((Resp >= 11.360 | Magnesium <= 1.135) -> BUN <= 0.182) & WBC <= 1.064)
",9999999.000,9999999.000,0.000,1.000,0.000,0,0,12,1,1,12,12,1,0.0,0.0,1.0,0.0,0.0,1.0,1
"G[0,2](((Hgb <= 11.313 | Hct <= 32.805) -> WBC >= 0.300) & Platelets >= 3.485)
",9999999.000,9999999.000,0.000,1.000,0.000,0,0,0,13,13,0,0,13,0.0,0.0,0.0,0.0,0.0,1.0,1
"G[1,2](((Bilirubin_total >= 0.037 | WBC >= 0.298) & Hgb <= 2.174) & WBC >= 0.221)
",9999999.000,9999999.000,0.000,1.000,0.000,0,0,1,12,12,1,1,12,0.0,0.0,1.0,0.0,0.0,1.0,1
"G[2,2](Glucose <= 33.356 & MAP >= 6.278)
",-6.278,-6.278,0.000,1.000,0.000,0,0,13,0,0,13,13,0,0.0,0.0,1.0,0.0,0.0,1.0,1
"G[2,2](((Creatinine <= 0.261 & HCO3 <= 0.000) -> pH <= 0.000) -> Hgb >= 0.000)
",0.000,0.000,0.000,1.000,0.000,0,0,13,0,0,13,13,0,0.0,0.0,1.0,0.0,0.0,1.0,1
"G[0,2](Platelets <= 182.903 -> WBC >= 0.120)
",9999999.000,9999999.000,0.000,1.000,0.000,0,0,0,13,13,0,0,13,0.0,0.0,0.0,0.0,0.0,1.0,1
"G[1,2](((Bilirubin_direct >= 0.000 -> Glucose <= 9.995) | Resp >= 3.709) & SaO2 >= 1.138)
",9999999.000,9999999.000,0.000,1.000,0.000,0,0,1,12,12,1,1,12,0.0,0.0,1.0,0.0,0.0,1.0,1
"G[0,1](BUN <= 5.851 & Creatinine >= 0.001)
",9999999.000,9999999.000,0.000,1.000,0.000,0,0,0,13,13,0,0,13,0.0,0.0,0.0,0.0,0.0,1.0,1
"G[1,2](((SepsisLabel >= 0.000 & O2Sat <= 92.833) -> Lactate <= 96.789) -> Glucose >= 35.305)
",9999999.000,9999999.000,0.000,1.000,0.000,0,0,2,11,11,2,2,11,0.0,0.0,1.0,0.0,0.0,1.0,1
"G[1,2](Chloride >= 0.000 & Phosphate >= 0.049)
",9999999.000,9999999.000,0.000,1.000,0.000,0,0,2,11,11,2,2,11,0.0,0.0,1.0,0.0,0.0,1.0,1
"G[1,2]((Alkalinephos <= 46.716 & Alkalinephos <= 9.849) | Bilirubin_direct <= 54.102)
",9999999.000,9999999.000,0.000,1.000,0.000,0,0,13,0,0,13,13,0,0.0,0.0,1.0,0.0,0.0,1.0,1
"G[2,2](SBP >= 90.938 -> SBP <= 143.797)
",-5059390690776863.000,-143.797,0.000,1.000,0.000,0,0,13,0,0,13,13,0,0.0,0.0,1.0,0.0,0.0,1.0,1
"G[0,2](((Glucose <= 108.180 | Calcium >= 0.246) -> Phosphate <= 3.175) | WBC <= 4.188)
",9999999.000,9999999.000,0.000,1.000,0.000,0,0,12,1,1,12,12,1,0.0,0.0,1.0,0.0,0.0,1.0,1
"G[0,2](Platelets <= 130.980 -> WBC >= 0.326)
",9999999.000,9999999.000,0.000,1.000,0.000,0,0,0,13,13,0,0,13,0.0,0.0,0.0,0.0,0.0,1.0,1
"G[1,1]((MAP <= 106.042 | Fibrinogen <= 0.000) & O2Sat <= 0.000)
",0.000,0.000,0.000,1.000,0.000,0,0,1,12,12,1,1,12,0.0,0.0,1.0,0.0,0.0,1.0,1
"G[1,2]((Alkalinephos <= 27.156 -> FiO2 >= 0.000) -> Lactate <= 0.000)
",9999999.000,9999999.000,0.000,1.000,0.000,0,0,13,0,0,13,13,0,0.0,0.0,1.0,0.0,0.0,1.0,1
"G[1,2](((Resp <= 19.329 | Bilirubin_direct >= 0.000) & Platelets >= 0.000) -> Phosphate <= 0.000)
",9999999.000,9999999.000,0.000,1.000,0.000,0,0,12,1,1,12,12,1,0.0,0.0,1.0,0.0,0.0,1.0,1
"G[1,2](HCO3 >= 0.000 | BaseExcess >= 0.000)
",9999999.000,9999999.000,0.000,1.000,0.000,0,0,13,0,0,13,13,0,0.0,0.0,1.0,0.0,0.0,1.0,1
"G[0,2](((PTT <= 26.861 | Temp <= 30.302) | EtCO2 <= 17.152) & Platelets <= 23.326)
",9999999.000,9999999.000,0.000,1.000,0.000,0,0,12,1,1,12,12,1,0.0,0.0,1.0,0.0,0.0,1.0,1
"G[1,2](((Hgb <= 1.776 | Hct <= 20.013) -> WBC >= 0.204) & Platelets >= 5.208)
",9999999.000,9999999.000,0.000,1.000,0.000,0,0,2,11,11,2,2,11,0.0,0.0,1.0,0.0,0.0,1.0,1
"G[1,2](((O2Sat <= 92.551 | SBP <= 139.165) -> AST <= 142.250) | Hct >= 1.660)
",9999999.000,9999999.000,0.000,1.000,0.000,0,0,13,0,0,13,13,0,0.0,0.0,1.0,0.0,0.0,1.0,1
"G[1,2](((PaCO2 >= 0.000 | FiO2 >= 0.000) -> Resp >= 0.000) & O2Sat <= 0.000)
",9999999.000,9999999.000,0.000,1.000,0.000,0,0,1,12,12,1,1,12,0.0,0.0,1.0,0.0,0.0,1.0,1
"G[1,2](((Chloride >= 0.000 | Alkalinephos <= 42.743) | Chloride <= 13.918) -> Resp >= 0.271)
",9999999.000,9999999.000,0.000,1.000,0.000,0,0,12,1,1,12,12,1,0.0,0.0,1.0,0.0,0.0,1.0,1
"G[0,2](((Creatinine >= 0.003 & pH <= 0.000) -> Potassium <= 0.000) & PaCO2 <= 0.000)
",9999999.000,9999999.000,0.000,1.000,0.000,0,0,12,1,1,12,12,1,0.0,0.0,1.0,0.0,0.0,1.0,1
"G[0,2](EtCO2 >= 0.000 | Alkalinephos >= 0.167)
",9999999.000,9999999.000,0.000,1.000,0.000,0,0,13,0,0,13,13,0,0.0,0.0,1.0,0.0,0.0,1.0,1
"G[1,2](((Platelets >= 6.693 -> SBP <= 154.862) & Potassium >= 39.643) & O2Sat >= 88.436)
",9999999.000,9999999.000,0.000,1.000,0.000,0,0,1,12,12,1,1,12,0.0,0.0,1.0,0.0,0.0,1.0,1
"G[0,2](O2Sat < 92.931 & SepsisLabel = 0.000)
",9999999.000,9999999.000,0.000,1.000,0.000,0,0,0,13,13,0,0,13,0.0,0.0,0.0,0.0,0.0,1.0,1
"G[2,2](((Hct <= 17.484 -> SBP <= 135.919) -> Bilirubin_total <= 127.161) -> FiO2 <= 148.598)
",-148.598,-148.598,0.000,1.000,0.000,0,0,13,0,0,13,13,0,0.0,0.0,1.0,0.0,0.0,1.0,1
"G[1,2](SBP >= 45.029 -> Temp >= 3.030)
",9999999.000,9999999.000,0.000,1.000,0.000,0,0,7,6,6,7,7,6,0.0,0.0,1.0,0.0,0.0,1.0,1
"G[1,2]((HR >= 21.013 -> TroponinI >= 0.000) -> SepsisLabel <= 0.000)
",9999999.000,9999999.000,0.000,1.000,0.000,0,0,13,0,0,13,13,0,0.0,0.0,1.0,0.0,0.0,1.0,1
"G[1,2](((Fibrinogen >= 0.000 & Potassium <= 0.524) -> SBP >= 0.105) & Magnesium >= 0.013)
",9999999.000,9999999.000,0.000,1.000,0.000,0,0,2,11,11,2,2,11,0.0,0.0,1.0,0.0,0.0,1.0,1
"G[0,2](((PTT >= 0.347 | Temp <= 12.565) | Calcium <= 14.769) & Hgb <= 19.837)
",9999999.000,9999999.000,0.000,1.000,0.000,0,0,13,0,0,13,13,0,0.0,0.0,1.0,0.0,0.0,1.0,1
"G[1,2]((MAP >= 80.334 -> SaO2 >= 0.000) | BaseExcess >= 0.000)
",9999999.000,9999999.000,0.000,1.000,0.000,0,0,13,0,0,13,13,0,0.0,0.0,1.0,0.0,0.0,1.0,1
"G[0,1](Platelets <= 134.267 -> WBC >= 0.303)
",9999999.000,9999999.000,0.000,1.000,0.000,0,0,0,13,13,0,0,13,0.0,0.0,0.0,0.0,0.0,1.0,1
"G[0,2](Platelets <= 105.949 -> WBC >= 0.227)
",9999999.000,9999999.000,0.000,1.000,0.000,0,0,0,13,13,0,0,13,0.0,0.0,0.0,0.0,0.0,1.0,1
"G[0,2](((Lactate <= 0.000 | WBC <= 2.108) -> PaCO2 >= 0.109) & Alkalinephos <= 5.781)
",9999999.000,9999999.000,0.000,1.000,0.000,0,0,0,13,13,0,0,13,0.0,0.0,0.0,0.0,0.0,1.0,1
"G[1,2](((SBP <= 155.229 & FiO2 <= 0.000) | Alkalinephos >= 0.000) & Creatinine <= 0.000)
",9999999.000,9999999.000,0.000,1.000,0.000,0,0,12,1,1,12,12,1,0.0,0.0,1.0,0.0,0.0,1.0,1
"G[0,1](((PTT >= 0.896 -> BUN >= 0.081) -> O2Sat <= 5.090) & BUN <= 1.788)
",9999999.000,9999999.000,0.000,1.000,0.000,0,0,0,13,13,0,0,13,0.0,0.0,0.0,0.0,0.0,1.0,1
"G[1,2]((BUN <= 7.255 & WBC <= 1.653) | AST >= 0.226)
",9999999.000,9999999.000,0.000,1.000,0.000,0,0,13,0,0,13,13,0,0.0,0.0,1.0,0.0,0.0,1.0,1
"G[1,2]((Hct >= 0.145 -> FiO2 >= 0.000) & AST >= 0.000)
",9999999.000,9999999.000,0.000,1.000,0.000,0,0,13,0,0,13,13,0,0.0,0.0,1.0,0.0,0.0,1.0,1
"G[0,2]((PTT >= 0.330 | Phosphate >= 0.008) & PaCO2 <= 2.931)
",9999999.000,9999999.000,0.000,1.000,0.000,0,0,0,13,13,0,0,13,0.0,0.0,0.0,0.0,0.0,1.0,1
"G[1,2]((Hct >= 1.470 | AST <= 9.753) & Hgb >= 0.003)
",9999999.000,9999999.000,0.000,1.000,0.000,0,0,2,11,11,2,2,11,0.0,0.0,1.0,0.0,0.0,1.0,1
"G[0,2](MAP <= 89.029 | BUN >= 0.269)
",9999999.000,9999999.000,0.000,1.000,0.000,0,0,3,10,10,3,3,10,0.0,0.0,1.0,0.0,0.0,1.0,1
"G[1,2](Magnesium >= 0.044 -> PTT <= 4.550)
",9999999.000,9999999.000,0.000,1.000,0.000,0,0,12,1,1,12,12,1,0.0,0.0,1.0,0.0,0.0,1.0,1
"G[2,2](((Bilirubin_total <= 0.796 & Calcium <= 4.361) | Bilirubin_direct <= 0.927) -> Temp <= 1.176)
",-5296934946003826.000,-1.176,0.000,1.000,0.000,0,0,13,0,0,13,13,0,0.0,0.0,1.0,0.0,0.0,1.0,1
"G[0,0]((BaseExcess <= 0.000 -> WBC >= 0.139) | SaO2 >= 0.021)
",-0.302,-0.002,0.000,1.000,0.000,0,0,0,13,13,0,0,13,0.0,0.0,0.0,0.0,0.0,1.0,1
"G[0,2](((Hgb <= 1.937 | Hct <= 24.928) -> WBC >= 0.180) & Platelets >= 5.892)
",9999999.000,9999999.000,0.000,1.000,0.000,0,0,0,13,13,0,0,13,0.0,0.0,0.0,0.0,0.0,1.0,1
"G[0,1](BUN <= 4.263 & Creatinine >= 0.018)
",9999999.000,9999999.000,0.000,1.000,0.000,0,0,0,13,13,0,0,13,0.0,0.0,0.0,0.0,0.0,1.0,1
"G[0,2]((Lactate <= 0.000 | Resp >= 7.092) | Temp <= 18.064)
",9999999.000,9999999.000,0.000,1.000,0.000,0,0,13,0,0,13,13,0,0.0,0.0,1.0,0.0,0.0,1.0,1
"G[0,0](SBP <= 133.760 & Potassium >= 0.096)
",0.196,0.179,0.000,1.000,0.000,0,0,0,13,13,0,0,13,0.0,0.0,0.0,0.0,0.0,1.0,1
"G[0,2]((Bilirubin_total <= 0.357 | BaseExcess >= 0.000) & Creatinine >= 0.000)
",9999999.000,9999999.000,0.000,1.000,0.000,0,0,13,0,0,13,13,0,0.0,0.0,1.0,0.0,0.0,1.0,1
"G[1,1](((Temp >= 6.706 & SBP >= 60.429) & Chloride >= 36.242) & Chloride >= 37.432)
",-4252320363019370.500,-60.429,0.000,1.000,0.000,0,0,1,12,12,1,1,12,0.0,0.0,1.0,0.0,0.0,1.0,1
"G[0,2](((Creatinine >= 0.007 & EtCO2 >= 0.000) -> BUN >= 0.000) -> PaCO2 >= 0.000)
",9999999.000,9999999.000,0.000,1.000,0.000,0,0,13,0,0,13,13,0,0.0,0.0,1.0,0.0,0.0,1.0,1
"G[0,2](Temp >= 7.035 -> Bilirubin_direct >= 0.000)
",9999999.000,9999999.000,0.000,1.000,0.000,0,0,13,0,0,13,13,0,0.0,0.0,1.0,0.0,0.0,1.0,1
"G[2,2](((Lactate >= 0.000 | SepsisLabel <= 0.000) | O2Sat <= 0.000) -> Hct <= 0.000)
",0.000,0.000,0.000,1.000,0.000,0,0,13,0,0,13,13,0,0.0,0.0,1.0,0.0,0.0,1.0,1
"G[1,2](((DBP >= 57.327 & PTT >= 0.160) | AST >= 0.913) | FiO2 >= 0.996)
",9999999.000,9999999.000,0.000,1.000,0.000,0,0,2,11,11,2,2,11,0.0,0.0,1.0,0.0,0.0,1.0,1
"G[0,1](BUN <= 11.448 & Creatinine >= 0.023)
",9999999.000,9999999.000,0.000,1.000,0.000,0,0,0,13,13,0,0,13,0.0,0.0,0.0,0.0,0.0,1.0,1
"G[1,2](((AST >= 0.966 | MAP <= 107.856) & BaseExcess >= 32.645) -> MAP >= 78.997)
",9999999.000,9999999.000,0.000,1.000,0.000,0,0,13,0,0,13,13,0,0.0,0.0,1.0,0.0,0.0,1.0,1
"F[0,2](((AST >= 0.300 -> Phosphate >= 0.018) | pH >= 0.095) | PaCO2 <= 0.697)
",-9999999.000,-9999999.000,0.000,0.000,1.000,0,0,0,13,13,0,0,13,0.0,0.0,0.0,0.0,0.0,1.0,-1
