Rule,Discrimination Score,Pos Robustness,Neg Robustness,Percent Class +,Percent Class -,TP,TN,FP,FN,Actual Yes,Actual No,Predicted Yes,Predicted No,TPR/Sens,TNR/Spec,FPR,Precision,Accuracy,MCR
"G[0,0](((FiO2 >= 0.043 & HR <= 129.356) & Lactate >= 79.416) -> O2Sat >= 56.369)
",-1.314,-35.506,0.000,1.000,0.000,21,0,0,0,21,0,21,0,1.0,0.0,0.0,1.0,1.024390243902439,-0.024390243902439046
"G[0,0](Chloride >= 8.305 -> SepsisLabel = 0.000)
",0.229,0.030,0.000,1.000,0.000,21,0,0,0,21,0,21,0,1.0,0.0,0.0,1.0,1.024390243902439,-0.024390243902439046
"G[0,0](DBP >= 12.973 -> FiO2 <= 0.661)
",-2.925,-62.102,0.000,1.000,0.000,21,0,0,0,21,0,21,0,1.0,0.0,0.0,1.0,1.024390243902439,-0.024390243902439046
"G[0,0](((Magnesium <= 1.983 | SBP >= 29.291) -> FiO2 >= 44.033) -> Phosphate >= 24.892)
",1.848,4.846,0.000,1.000,0.000,21,0,0,0,21,0,21,0,1.0,0.0,0.0,1.0,1.024390243902439,-0.024390243902439046
"G[0,0]((Lactate >= 0.255 -> SaO2 <= 54.327) | Fibrinogen <= 73.369)
",20.218,72.179,0.000,1.000,0.000,21,0,0,0,21,0,21,0,1.0,0.0,0.0,1.0,1.024390243902439,-0.024390243902439046
"G[0,0](((HCO3 <= 23.187 & Potassium <= 0.797) & AST <= 4.609) | HCO3 >= 0.596)
",1.031,0.607,0.000,1.000,0.000,21,0,0,0,21,0,21,0,1.0,0.0,0.0,1.0,1.024390243902439,-0.024390243902439046
"G[0,0]((Chloride <= 37.745 | Potassium >= 0.561) -> EtCO2 <= 2.253)
",-22.262,-37.360,0.000,1.000,0.000,21,0,0,0,21,0,21,0,1.0,0.0,0.0,1.0,1.024390243902439,-0.024390243902439046
"G[0,0]((Lactate <= 0.424 & SBP <= 89.323) | BaseExcess <= 107.613)
",7572612915369213.000,107.613,0.000,1.000,0.000,21,0,0,0,21,0,21,0,1.0,0.0,0.0,1.0,1.024390243902439,-0.024390243902439046
"G[0,1](Potassium <= 1.086 | Resp <= 21.279)
",9999999.000,9999999.000,0.000,1.000,0.000,20,0,1,0,20,1,21,0,1.0,0.0,1.0,0.9523809523809523,0.975609756097561,0.024390243902439046
"G[0,1](((HR >= 21.534 & Lactate >= 0.314) | SepsisLabel <= 1.345) | Hct >= 0.102)
",9999999.000,9999999.000,0.000,1.000,0.000,20,0,1,0,20,1,21,0,1.0,0.0,1.0,0.9523809523809523,0.975609756097561,0.024390243902439046
"G[0,0]((PaCO2 <= 42.294 | Phosphate <= 1.280) | SBP <= 2.158)
",18.887,41.561,0.000,1.000,0.000,20,0,0,1,21,0,20,1,0.9523809523809523,0.0,0.0,1.0,0.975609756097561,0.024390243902439046
"G[0,1]((Alkalinephos >= 3.129 -> HCO3 >= 0.667) & WBC <= 24.827)
",9999999.000,9999999.000,0.000,1.000,0.000,20,0,1,0,20,1,21,0,1.0,0.0,1.0,0.9523809523809523,0.975609756097561,0.024390243902439046
"G[0,1](((Alkalinephos >= 3.003 & pH >= 0.156) -> Resp >= 0.093) | Temp >= 0.102)
",9999999.000,9999999.000,0.000,1.000,0.000,20,0,1,0,20,1,21,0,1.0,0.0,1.0,0.9523809523809523,0.975609756097561,0.024390243902439046
"G[0,1](HR <= 129.628 -> SepsisLabel = 0.000)
",9999999.000,9999999.000,0.000,1.000,0.000,20,0,1,0,20,1,21,0,1.0,0.0,1.0,0.9523809523809523,0.975609756097561,0.024390243902439046
"G[1,1](((pH >= 0.443 | DBP <= 43.614) | PTT <= 46.271) & BUN <= 45.862)
",6454467570164468.000,45.862,0.000,1.000,0.000,20,0,1,0,20,1,21,0,1.0,0.0,1.0,0.9523809523809523,0.975609756097561,0.024390243902439046
"G[0,1](BUN > 0.728 -> SepsisLabel = 0.000)
",9999999.000,9999999.000,0.000,1.000,0.000,20,0,1,0,20,1,21,0,1.0,0.0,1.0,0.9523809523809523,0.975609756097561,0.024390243902439046
"G[0,0](PaCO2 < 48.028 & SepsisLabel = 0.000)
",-0.229,-17.050,0.000,1.000,0.000,20,0,0,1,21,0,20,1,0.9523809523809523,0.0,0.0,1.0,0.975609756097561,0.024390243902439046
"G[1,1](((Bilirubin_total >= 0.011 & PTT <= 17.534) -> HR >= 0.901) -> Hgb <= 22.284)
",-6272433077053572.000,-22.284,0.000,1.000,0.000,20,0,1,0,20,1,21,0,1.0,0.0,1.0,0.9523809523809523,0.975609756097561,0.024390243902439046
"G[0,1](DBP <= 60.033 -> SepsisLabel = 0.000)
",9999999.000,9999999.000,0.000,1.000,0.000,20,0,1,0,20,1,21,0,1.0,0.0,1.0,0.9523809523809523,0.975609756097561,0.024390243902439046
"G[0,1](Bilirubin_total >= 0.005 -> SepsisLabel = 0.000)
",9999999.000,9999999.000,0.000,1.000,0.000,20,0,1,0,20,1,21,0,1.0,0.0,1.0,0.9523809523809523,0.975609756097561,0.024390243902439046
"G[0,1](((PaCO2 <= 39.621 | Hct >= 8.024) | MAP >= 0.885) & Hgb <= 15.932)
",9999999.000,9999999.000,0.000,1.000,0.000,20,0,1,0,20,1,21,0,1.0,0.0,1.0,0.9523809523809523,0.975609756097561,0.024390243902439046
"G[0,1]((Calcium <= 1.855 -> PTT <= 10.734) | Glucose <= 31.966)
",9999999.000,9999999.000,0.000,1.000,0.000,20,0,1,0,20,1,21,0,1.0,0.0,1.0,0.9523809523809523,0.975609756097561,0.024390243902439046
"G[0,1](Magnesium >= 0.066 | Potassium <= 3.746)
",9999999.000,9999999.000,0.000,1.000,0.000,20,0,1,0,20,1,21,0,1.0,0.0,1.0,0.9523809523809523,0.975609756097561,0.024390243902439046
"G[0,1]((Platelets >= 10.316 & PTT <= 25.283) | Bilirubin_total <= 2.843)
",9999999.000,9999999.000,0.000,1.000,0.000,20,0,1,0,20,1,21,0,1.0,0.0,1.0,0.9523809523809523,0.975609756097561,0.024390243902439046
"G[0,1](((Lactate >= 0.070 -> SaO2 >= 2.807) | WBC >= 3.526) -> DBP <= 73.901)
",9999999.000,9999999.000,0.000,1.000,0.000,20,0,1,0,20,1,21,0,1.0,0.0,1.0,0.9523809523809523,0.975609756097561,0.024390243902439046
"G[0,1]((Glucose >= 10.505 -> TroponinI <= 0.000) -> EtCO2 >= 0.000)
",9999999.000,9999999.000,0.000,1.000,0.000,20,0,1,0,20,1,21,0,1.0,0.0,1.0,0.9523809523809523,0.975609756097561,0.024390243902439046
"G[0,1](((HCO3 >= 0.481 | MAP <= 91.942) & BUN <= 76.336) -> Alkalinephos <= 87.303)
",9999999.000,9999999.000,0.000,1.000,0.000,20,0,1,0,20,1,21,0,1.0,0.0,1.0,0.9523809523809523,0.975609756097561,0.024390243902439046
"G[0,1](Resp >= 10.080 | SBP <= 133.444)
",9999999.000,9999999.000,0.000,1.000,0.000,20,0,1,0,20,1,21,0,1.0,0.0,1.0,0.9523809523809523,0.975609756097561,0.024390243902439046
"G[1,1]((FiO2 >= 0.030 | PaCO2 <= 25.307) | Lactate <= 9.776)
",7123259587009900.000,25.307,0.000,1.000,0.000,20,0,1,0,20,1,21,0,1.0,0.0,1.0,0.9523809523809523,0.975609756097561,0.024390243902439046
"G[0,1]((Magnesium >= 0.121 | MAP <= 82.651) | BUN <= 83.651)
",9999999.000,9999999.000,0.000,1.000,0.000,20,0,1,0,20,1,21,0,1.0,0.0,1.0,0.9523809523809523,0.975609756097561,0.024390243902439046
"G[0,0](AST <= 23.104 -> MAP <= 90.391)
",-1.589,-60.691,0.000,1.000,0.000,20,0,0,1,21,0,20,1,0.9523809523809523,0.0,0.0,1.0,0.975609756097561,0.024390243902439046
"G[1,1]((Hct >= 6.381 | PaCO2 <= 49.755) | Glucose >= 2.969)
",7002398816428014.000,49.755,0.000,1.000,0.000,20,0,1,0,20,1,21,0,1.0,0.0,1.0,0.9523809523809523,0.975609756097561,0.024390243902439046
"G[0,1](pH >= 0.674 -> SepsisLabel = 0.000)
",9999999.000,9999999.000,0.000,1.000,0.000,20,0,1,0,20,1,21,0,1.0,0.0,1.0,0.9523809523809523,0.975609756097561,0.024390243902439046
"G[1,1]((MAP >= 61.720 | PTT >= 1.087) -> Phosphate <= 14.468)
",-4072484582146606.500,-14.468,0.000,1.000,0.000,20,0,1,0,20,1,21,0,1.0,0.0,1.0,0.9523809523809523,0.975609756097561,0.024390243902439046
"G[0,1](Fibrinogen >= 0.000 | BUN <= 31.630)
",9999999.000,9999999.000,0.000,1.000,0.000,20,0,1,0,20,1,21,0,1.0,0.0,1.0,0.9523809523809523,0.975609756097561,0.024390243902439046
"G[1,1]((HR >= 80.447 | WBC >= 1.377) | Lactate <= 6.099)
",6866761877432590.000,6.099,0.000,1.000,0.000,20,0,1,0,20,1,21,0,1.0,0.0,1.0,0.9523809523809523,0.975609756097561,0.024390243902439046
"G[1,1](((EtCO2 <= 0.000 & Alkalinephos <= 15.308) | BUN >= 1.737) | Hct >= 3.339)
",0.000,0.000,0.000,1.000,0.000,20,0,1,0,20,1,21,0,1.0,0.0,1.0,0.9523809523809523,0.975609756097561,0.024390243902439046
"G[0,1]((DBP >= 12.671 & MAP <= 95.159) | WBC <= 92.644)
",9999999.000,9999999.000,0.000,1.000,0.000,20,0,1,0,20,1,21,0,1.0,0.0,1.0,0.9523809523809523,0.975609756097561,0.024390243902439046
"G[1,1](((Calcium <= 6.047 | SaO2 >= 7.760) & TroponinI >= 2.054) | Creatinine <= 92.248)
",6491393746807524.000,92.248,0.000,1.000,0.000,20,0,1,0,20,1,21,0,1.0,0.0,1.0,0.9523809523809523,0.975609756097561,0.024390243902439046
"G[0,1]((Temp >= 8.399 & PTT >= 0.841) -> WBC >= 0.509)
",9999999.000,9999999.000,0.000,1.000,0.000,20,0,1,0,20,1,21,0,1.0,0.0,1.0,0.9523809523809523,0.975609756097561,0.024390243902439046
"G[1,1](Alkalinephos >= 2.976 -> Platelets <= 164.080)
",-5773034664799390.000,-164.080,0.000,1.000,0.000,19,0,1,1,20,1,20,1,0.95,0.0,1.0,0.95,0.926829268292683,0.07317073170731703
"G[1,1](Hct <= 32.928 & SepsisLabel = 0.000)
",0.000,0.000,0.000,1.000,0.000,19,0,1,1,20,1,20,1,0.95,0.0,1.0,0.95,0.926829268292683,0.07317073170731703
"G[1,1](BaseExcess >= -0.303 | BUN <= 18.497)
",5206429622662165.000,18.497,0.000,1.000,0.000,19,0,1,1,20,1,20,1,0.95,0.0,1.0,0.95,0.926829268292683,0.07317073170731703
"G[1,1]((Magnesium <= 0.322 & Phosphate >= 0.050) | Bilirubin_total <= 1.743)
",1.743,1.743,0.000,1.000,0.000,19,0,1,1,20,1,20,1,0.95,0.0,1.0,0.95,0.926829268292683,0.07317073170731703
"G[0,1](Glucose >= 7.693 -> HCO3 >= 2.985)
",9999999.000,9999999.000,0.000,1.000,0.000,19,0,1,1,20,1,20,1,0.95,0.0,1.0,0.95,0.926829268292683,0.07317073170731703
"G[1,1](AST <= 38.468 -> Resp <= 24.981)
",-5413827210718244.000,-38.468,0.000,1.000,0.000,19,0,1,1,20,1,20,1,0.95,0.0,1.0,0.95,0.926829268292683,0.07317073170731703
"G[0,1](Glucose <= 26.041 | SBP <= 114.420)
",9999999.000,9999999.000,0.000,1.000,0.000,19,0,1,1,20,1,20,1,0.95,0.0,1.0,0.95,0.926829268292683,0.07317073170731703
"G[0,0]((Phosphate >= 0.122 & SepsisLabel <= 0.000) | HCO3 <= 0.000)
",0.229,0.050,0.000,1.000,0.000,19,0,0,2,21,0,19,2,0.9047619047619048,0.0,0.0,1.0,0.926829268292683,0.07317073170731703
"G[0,1](O2Sat >= 40.340 | Hgb >= 0.430)
",9999999.000,9999999.000,0.000,1.000,0.000,19,0,1,1,20,1,20,1,0.95,0.0,1.0,0.95,0.926829268292683,0.07317073170731703
"G[0,1]((SaO2 <= 47.903 & WBC <= 6.967) | SaO2 <= 2.437)
",9999999.000,9999999.000,0.000,1.000,0.000,18,0,1,2,20,1,19,2,0.9,0.0,1.0,0.9473684210526315,0.8780487804878049,0.12195121951219512
"G[0,0](((PaCO2 <= 10.849 -> Platelets >= 10.921) -> Fibrinogen >= 10.313) | Resp >= 17.813)
",1.269,25.418,0.000,1.000,0.000,18,0,0,3,21,0,18,3,0.8571428571428571,0.0,0.0,1.0,0.8780487804878049,0.12195121951219512
"G[1,1](((PaCO2 <= 48.311 & Chloride <= 57.254) & BaseExcess <= 23.732) | AST >= 7.341)
",3339953878885533.500,23.732,0.000,1.000,0.000,18,0,1,2,20,1,19,2,0.9,0.0,1.0,0.9473684210526315,0.8780487804878049,0.12195121951219512
"G[0,1]((Calcium >= 0.293 & Chloride >= 12.082) -> BUN <= 27.686)
",9999999.000,9999999.000,0.000,1.000,0.000,18,0,1,2,20,1,19,2,0.9,0.0,1.0,0.9473684210526315,0.8780487804878049,0.12195121951219512
"G[1,1](((Calcium <= 7.146 -> O2Sat >= 78.465) | Temp >= 81.684) & Chloride <= 89.318)
",-8045685056885635.000,-7.146,0.000,1.000,0.000,17,0,1,3,20,1,18,3,0.85,0.0,1.0,0.9444444444444444,0.8292682926829268,0.1707317073170732
"G[0,1]((Phosphate <= 3.152 | WBC <= 6.781) & SepsisLabel <= 3.059)
",9999999.000,9999999.000,0.000,1.000,0.000,17,0,1,3,20,1,18,3,0.85,0.0,1.0,0.9444444444444444,0.8292682926829268,0.1707317073170732
"G[0,1](((Creatinine >= 0.062 -> Magnesium >= 0.166) | Calcium <= 2.086) & Phosphate <= 1.824)
",9999999.000,9999999.000,0.000,1.000,0.000,17,0,1,3,20,1,18,3,0.85,0.0,1.0,0.9444444444444444,0.8292682926829268,0.1707317073170732
"G[0,0](Lactate <= 1.589 -> Temp <= 23.560)
",0.066,1.164,0.000,1.000,0.000,17,0,0,4,21,0,17,4,0.8095238095238095,0.0,0.0,1.0,0.8292682926829268,0.1707317073170732
"G[1,1]((Resp <= 24.826 -> SaO2 <= 71.685) & HCO3 <= 12.752)
",-2522204309922531.000,-71.685,0.000,1.000,0.000,16,0,1,4,20,1,17,4,0.8,0.0,1.0,0.9411764705882353,0.7804878048780488,0.2195121951219512
"G[0,1](Magnesium >= 0.128 -> PaCO2 >= 2.888)
",9999999.000,9999999.000,0.000,1.000,0.000,16,0,1,4,20,1,17,4,0.8,0.0,1.0,0.9411764705882353,0.7804878048780488,0.2195121951219512
"G[0,1]((Creatinine <= 0.077 -> MAP >= 60.937) & Resp <= 88.849)
",9999999.000,9999999.000,0.000,1.000,0.000,16,0,1,4,20,1,17,4,0.8,0.0,1.0,0.9411764705882353,0.7804878048780488,0.2195121951219512
"G[0,1](BUN <= 6.962 & SepsisLabel = 0.000)
",9999999.000,9999999.000,0.000,1.000,0.000,15,0,1,5,20,1,16,5,0.75,0.0,1.0,0.9375,0.7317073170731707,0.2682926829268293
"G[0,1](((Creatinine <= 0.840 & Hgb >= 1.604) | Alkalinephos <= 10.975) & HCO3 <= 2.022)
",9999999.000,9999999.000,0.000,1.000,0.000,15,0,1,5,20,1,16,5,0.75,0.0,1.0,0.9375,0.7317073170731707,0.2682926829268293
"G[0,1](((Alkalinephos <= 14.605 & DBP >= 7.515) & EtCO2 >= 7.006) | Chloride <= 51.962)
",9999999.000,9999999.000,0.000,1.000,0.000,15,0,1,5,20,1,16,5,0.75,0.0,1.0,0.9375,0.7317073170731707,0.2682926829268293
"G[1,1](SaO2 >= 1.821 | SBP <= 112.075)
",112.075,112.075,0.000,1.000,0.000,14,0,1,6,20,1,15,6,0.7,0.0,1.0,0.9333333333333333,0.6829268292682927,0.31707317073170727
"G[0,1](BUN <= 9.100 & O2Sat >= 28.826)
",9999999.000,9999999.000,0.000,1.000,0.000,14,0,1,6,20,1,15,6,0.7,0.0,1.0,0.9333333333333333,0.6829268292682927,0.31707317073170727
"G[0,1]((pH >= 0.325 | Calcium <= 7.234) -> SBP <= 6.562)
",9999999.000,9999999.000,0.000,1.000,0.000,12,0,0,9,21,0,12,9,0.5714285714285714,0.0,0.0,1.0,0.5853658536585366,0.41463414634146345
"G[1,1](((PTT >= 1.270 | Temp <= 32.561) | HR <= 29.377) & Lactate <= 14.274)
",14.274,14.274,0.000,1.000,0.000,11,0,1,9,20,1,12,9,0.55,0.0,1.0,0.9166666666666666,0.5365853658536586,0.46341463414634143
"G[0,0](DBP <= 28.667 -> Magnesium >= 0.147)
",-0.227,-1.424,0.000,1.000,0.000,10,0,0,11,21,0,10,11,0.47619047619047616,0.0,0.0,1.0,0.4878048780487805,0.5121951219512195
"G[0,1]((BaseExcess >= -0.197 | Phosphate <= 0.838) & DBP >= 0.184)
",9999999.000,9999999.000,0.000,1.000,0.000,8,0,1,12,20,1,9,12,0.4,0.0,1.0,0.8888888888888888,0.3902439024390244,0.6097560975609756
"G[0,0]((FiO2 <= 0.521 | Magnesium <= 0.913) -> Hct >= 0.096)
",-2.684,-0.812,0.000,1.000,0.000,7,0,0,14,21,0,7,14,0.3333333333333333,0.0,0.0,1.0,0.34146341463414637,0.6585365853658536
"G[0,1]((Bilirubin_total >= 0.015 | Temp <= 21.302) & Hct <= 32.468)
",9999999.000,9999999.000,0.000,1.000,0.000,7,0,1,13,20,1,8,13,0.35,0.0,1.0,0.875,0.34146341463414637,0.6585365853658536
"G[1,1]((Resp <= 18.195 -> WBC >= 0.384) -> SepsisLabel >= 1.153)
",5193370113130958.000,1.153,0.000,1.000,0.000,7,0,1,13,20,1,8,13,0.35,0.0,1.0,0.875,0.34146341463414637,0.6585365853658536
"G[0,1]((HR <= 131.005 -> MAP <= 81.171) | PaCO2 >= 29.021)
",9999999.000,9999999.000,0.000,1.000,0.000,7,0,0,14,21,0,7,14,0.3333333333333333,0.0,0.0,1.0,0.34146341463414637,0.6585365853658536
"G[0,0](((Chloride <= 98.043 -> pH >= 0.553) | Resp <= 5.615) & Magnesium <= 3.390)
",-0.714,-22.785,0.000,1.000,0.000,5,0,0,16,21,0,5,16,0.23809523809523808,0.0,0.0,1.0,0.24390243902439024,0.7560975609756098
"G[0,0]((Hgb >= 0.968 -> HR >= 89.502) -> Glucose >= 82.842)
",82.842,82.842,0.000,1.000,0.000,3,0,0,18,21,0,3,18,0.14285714285714285,0.0,0.0,1.0,0.14634146341463414,0.8536585365853658
"G[0,0](Chloride >= 1.916 & HCO3 >= 2.901)
",-13.538,-2.951,0.000,1.000,0.000,3,0,0,18,21,0,3,18,0.14285714285714285,0.0,0.0,1.0,0.14634146341463414,0.8536585365853658
"G[1,1](Platelets <= 305.693 -> WBC >= 0.197)
",-5377811882872011.000,-305.693,0.000,1.000,0.000,3,0,1,17,20,1,4,17,0.15,0.0,1.0,0.75,0.14634146341463414,0.8536585365853658
"G[0,0]((Hgb >= 1.091 | Lactate <= 1.337) -> pH >= 0.287)
",-0.679,-8.925,0.000,1.000,0.000,3,0,0,18,21,0,3,18,0.14285714285714285,0.0,0.0,1.0,0.14634146341463414,0.8536585365853658
"G[0,0](Platelets <= 81.644 -> WBC >= 0.022)
",-81.644,-81.644,0.000,1.000,0.000,3,0,0,18,21,0,3,18,0.14285714285714285,0.0,0.0,1.0,0.14634146341463414,0.8536585365853658
"G[1,1](SBP >= 44.161 & Temp <= 17.071)
",-6215043514751772.000,-44.161,0.000,1.000,0.000,3,0,1,17,20,1,4,17,0.15,0.0,1.0,0.75,0.14634146341463414,0.8536585365853658
"G[1,1](Chloride >= 8.920 & HCO3 >= 1.469)
",-8.920,-8.920,0.000,1.000,0.000,3,0,1,17,20,1,4,17,0.15,0.0,1.0,0.75,0.14634146341463414,0.8536585365853658
"G[0,1](Lactate >= 0.133 & SepsisLabel = 0.000)
",9999999.000,9999999.000,0.000,1.000,0.000,3,0,0,18,21,0,3,18,0.14285714285714285,0.0,0.0,1.0,0.14634146341463414,0.8536585365853658
"G[1,1](((Platelets <= 211.460 & SaO2 <= 35.453) & Chloride >= 5.046) | Potassium >= 0.845)
",-7612714793588350.000,-0.845,0.000,1.000,0.000,3,0,1,17,20,1,4,17,0.15,0.0,1.0,0.75,0.14634146341463414,0.8536585365853658
"G[1,1](((O2Sat <= 96.420 | SaO2 <= 24.375) -> MAP >= 8.496) & Chloride >= 5.754)
",-6784980037327772.000,-96.420,0.000,1.000,0.000,2,0,1,18,20,1,3,18,0.1,0.0,1.0,0.6666666666666666,0.0975609756097561,0.9024390243902439
"G[0,0]((Glucose <= 67.618 | Platelets >= 18.000) -> Lactate >= 6.397)
",-4.979,-72.466,0.000,1.000,0.000,2,0,0,19,21,0,2,19,0.09523809523809523,0.0,0.0,1.0,0.0975609756097561,0.9024390243902439
"G[0,1](Glucose >= 2.402 | Hgb >= 0.803)
",9999999.000,9999999.000,0.000,1.000,0.000,2,0,0,19,21,0,2,19,0.09523809523809523,0.0,0.0,1.0,0.0975609756097561,0.9024390243902439
"G[1,1](((Hgb <= 8.753 | Hct <= 13.398) -> WBC >= 0.068) & Platelets >= 15.205)
",-4279688791909774.500,-15.205,0.000,1.000,0.000,2,0,1,18,20,1,3,18,0.1,0.0,1.0,0.6666666666666666,0.0975609756097561,0.9024390243902439
"G[0,1](((Alkalinephos <= 9.577 | WBC <= 9.341) | TroponinI <= 2.329) -> SaO2 >= 0.429)
",9999999.000,9999999.000,0.000,1.000,0.000,2,0,0,19,21,0,2,19,0.09523809523809523,0.0,0.0,1.0,0.0975609756097561,0.9024390243902439
"G[1,1](((Hgb <= 6.785 | Hct <= 29.440) -> WBC >= 0.993) & Platelets >= 2.837)
",-29.440,-29.440,0.000,1.000,0.000,2,0,1,18,20,1,3,18,0.1,0.0,1.0,0.6666666666666666,0.0975609756097561,0.9024390243902439
"G[1,1](((Hgb <= 5.688 | Hct <= 28.410) -> WBC >= 1.546) & Platelets >= 18.565)
",-7996705255907602.000,-28.410,0.000,1.000,0.000,2,0,1,18,20,1,3,18,0.1,0.0,1.0,0.6666666666666666,0.0975609756097561,0.9024390243902439
"G[0,1]((FiO2 >= 0.012 -> Hgb >= 0.783) -> HR <= 2.212)
",9999999.000,9999999.000,0.000,1.000,0.000,1,0,0,20,21,0,1,20,0.047619047619047616,0.0,0.0,1.0,0.04878048780487805,0.9512195121951219
"G[0,1]((pH <= 3.237 | Potassium <= 4.830) -> EtCO2 >= 0.590)
",9999999.000,9999999.000,0.000,1.000,0.000,1,0,0,20,21,0,1,20,0.047619047619047616,0.0,0.0,1.0,0.04878048780487805,0.9512195121951219
"G[1,1](((HCO3 >= 2.790 -> pH <= 5.646) | AST <= 5.704) & O2Sat <= 6.119)
",5.704,5.704,0.000,1.000,0.000,1,0,1,19,20,1,2,19,0.05,0.0,1.0,0.5,0.04878048780487805,0.9512195121951219
"G[0,0]((Lactate <= 1.756 -> HR <= 116.899) & PaCO2 >= 47.308)
",-21.165,-46.575,0.000,1.000,0.000,1,0,0,20,21,0,1,20,0.047619047619047616,0.0,0.0,1.0,0.04878048780487805,0.9512195121951219
"G[0,1](Bilirubin_total >= 0.027 | WBC >= 0.089)
",9999999.000,9999999.000,0.000,1.000,0.000,1,0,0,20,21,0,1,20,0.047619047619047616,0.0,0.0,1.0,0.04878048780487805,0.9512195121951219
"G[0,1](Platelets <= 111.391 -> WBC >= 1.063)
",9999999.000,9999999.000,0.000,1.000,0.000,1,0,0,20,21,0,1,20,0.047619047619047616,0.0,0.0,1.0,0.04878048780487805,0.9512195121951219
"G[1,1](((DBP <= 60.447 -> Hgb <= 5.204) -> Bilirubin_direct >= 1.376) & O2Sat >= 0.013)
",-0.013,-0.013,0.000,1.000,0.000,1,0,1,19,20,1,2,19,0.05,0.0,1.0,0.5,0.04878048780487805,0.9512195121951219
"G[1,1](Calcium >= 0.248 & HR <= 112.774)
",-8940401310486882.000,-0.248,0.000,1.000,0.000,1,0,1,19,20,1,2,19,0.05,0.0,1.0,0.5,0.04878048780487805,0.9512195121951219
"G[0,1](Chloride >= 1.673 & HCO3 >= 0.684)
",9999999.000,9999999.000,0.000,1.000,0.000,1,0,0,20,21,0,1,20,0.047619047619047616,0.0,0.0,1.0,0.04878048780487805,0.9512195121951219
"G[0,1](Platelets <= 38.533 -> WBC >= 0.260)
",9999999.000,9999999.000,0.000,1.000,0.000,1,0,0,20,21,0,1,20,0.047619047619047616,0.0,0.0,1.0,0.04878048780487805,0.9512195121951219
"G[0,1](HR <= 124.529 -> Creatinine >= 0.061)
",9999999.000,9999999.000,0.000,1.000,0.000,1,0,0,20,21,0,1,20,0.047619047619047616,0.0,0.0,1.0,0.04878048780487805,0.9512195121951219
"G[0,1](Platelets <= 308.918 -> WBC >= 0.083)
",9999999.000,9999999.000,0.000,1.000,0.000,1,0,0,20,21,0,1,20,0.047619047619047616,0.0,0.0,1.0,0.04878048780487805,0.9512195121951219
"G[1,2]((AST >= 2.844 -> pH <= 6.798) | Bilirubin_direct >= 0.624)
",9999999.000,9999999.000,0.000,1.000,0.000,0,0,21,0,0,21,21,0,0.0,0.0,1.0,0.0,0.0,1.0
"G[1,2]((FiO2 >= 0.002 -> Lactate <= 0.617) -> Resp >= 0.070)
",9999999.000,9999999.000,0.000,1.000,0.000,0,0,20,1,1,20,20,1,0.0,0.0,1.0,0.0,0.0,1.0
"G[2,2](Alkalinephos >= 3.243 | Lactate >= 0.222)
",-8001678772873429.000,-0.222,0.000,1.000,0.000,0,0,21,0,0,21,21,0,0.0,0.0,1.0,0.0,0.0,1.0
"G[0,2]((BUN <= 14.283 & FiO2 >= 0.031) | Fibrinogen >= 0.020)
",9999999.000,9999999.000,0.000,1.000,0.000,0,0,0,21,21,0,0,21,0.0,0.0,0.0,0.0,0.0,1.0
"G[0,2](((Creatinine <= 0.429 | Hct <= 30.639) & Magnesium <= 20.689) -> FiO2 >= 4.368)
",9999999.000,9999999.000,0.000,1.000,0.000,0,0,0,21,21,0,0,21,0.0,0.0,0.0,0.0,0.0,1.0
"G[0,2](((FiO2 <= 0.795 -> Potassium >= 0.451) & EtCO2 <= 1.935) & Temp >= 0.572)
",9999999.000,9999999.000,0.000,1.000,0.000,0,0,0,21,21,0,0,21,0.0,0.0,0.0,0.0,0.0,1.0
"G[1,2](((Alkalinephos >= 1.908 -> MAP <= 79.066) -> Glucose <= 79.628) | Platelets <= 80.925)
",9999999.000,9999999.000,0.000,1.000,0.000,0,0,19,2,2,19,19,2,0.0,0.0,1.0,0.0,0.0,1.0
"G[0,2]((FiO2 <= 0.890 | SBP <= 68.787) & pH <= 53.803)
",9999999.000,9999999.000,0.000,1.000,0.000,0,0,21,0,0,21,21,0,0.0,0.0,1.0,0.0,0.0,1.0
"G[1,2](((BaseExcess >= -0.363 | Glucose >= 3.078) -> Glucose <= 38.317) -> EtCO2 >= 2.090)
",9999999.000,9999999.000,0.000,1.000,0.000,0,0,3,18,18,3,3,18,0.0,0.0,1.0,0.0,0.0,1.0
"G[0,2](BUN <= 32.381 | HR >= 32.058)
",9999999.000,9999999.000,0.000,1.000,0.000,0,0,20,1,1,20,20,1,0.0,0.0,1.0,0.0,0.0,1.0
"G[1,2](Chloride <= 77.828 -> HR <= 115.849)
",9999999.000,9999999.000,0.000,1.000,0.000,0,0,17,4,4,17,17,4,0.0,0.0,1.0,0.0,0.0,1.0
"G[0,2](((BUN <= 6.530 & Temp <= 37.035) -> HR >= 12.569) | Resp <= 37.152)
",9999999.000,9999999.000,0.000,1.000,0.000,0,0,21,0,0,21,21,0,0.0,0.0,1.0,0.0,0.0,1.0
"G[0,1](((Magnesium >= 0.056 & Temp <= 15.900) & Creatinine <= 30.754) & EtCO2 <= 18.569)
",9999999.000,9999999.000,0.000,1.000,0.000,0,0,0,21,21,0,0,21,0.0,0.0,0.0,0.0,0.0,1.0
"G[1,2]((Resp >= 4.047 & Temp >= 5.238) | TroponinI >= 5.338)
",9999999.000,9999999.000,0.000,1.000,0.000,0,0,10,11,11,10,10,11,0.0,0.0,1.0,0.0,0.0,1.0
"G[0,2]((Bilirubin_total >= 0.009 & HR >= 64.973) | Hgb <= 93.645)
",9999999.000,9999999.000,0.000,1.000,0.000,0,0,21,0,0,21,21,0,0.0,0.0,1.0,0.0,0.0,1.0
"G[1,2](Chloride <= 86.949 -> Temp <= 20.351)
",9999999.000,9999999.000,0.000,1.000,0.000,0,0,13,8,8,13,13,8,0.0,0.0,1.0,0.0,0.0,1.0
"G[0,2](DBP <= 68.366 & PaCO2 <= 21.809)
",9999999.000,9999999.000,0.000,1.000,0.000,0,0,15,6,6,15,15,6,0.0,0.0,1.0,0.0,0.0,1.0
"G[0,2]((O2Sat >= 2.372 & Temp <= 28.200) -> Glucose <= 34.572)
",9999999.000,9999999.000,0.000,1.000,0.000,0,0,19,2,2,19,19,2,0.0,0.0,1.0,0.0,0.0,1.0
"G[1,2]((Bilirubin_direct >= 0.000 & pH <= 4.947) -> WBC <= 2.118)
",9999999.000,9999999.000,0.000,1.000,0.000,0,0,20,1,1,20,20,1,0.0,0.0,1.0,0.0,0.0,1.0
"G[1,2](((FiO2 <= 0.523 & WBC <= 2.367) & pH <= 11.858) & HR <= 5.547)
",9999999.000,9999999.000,0.000,1.000,0.000,0,0,1,20,20,1,1,20,0.0,0.0,1.0,0.0,0.0,1.0
"G[0,2]((MAP >= 59.249 | PTT <= 31.613) & PTT <= 13.046)
",9999999.000,9999999.000,0.000,1.000,0.000,0,0,18,3,3,18,18,3,0.0,0.0,1.0,0.0,0.0,1.0
"G[1,2]((Hgb <= 9.817 | SBP <= 95.768) | Hgb <= 117.102)
",9999999.000,9999999.000,0.000,1.000,0.000,0,0,21,0,0,21,21,0,0.0,0.0,1.0,0.0,0.0,1.0
"G[1,2](((FiO2 >= 0.047 | MAP >= 66.246) | EtCO2 >= 25.665) | DBP <= 83.507)
",9999999.000,9999999.000,0.000,1.000,0.000,0,0,21,0,0,21,21,0,0.0,0.0,1.0,0.0,0.0,1.0
"G[2,2](((Platelets <= 252.066 -> Hgb <= 4.012) | DBP >= 0.538) | SepsisLabel >= 1.129)
",-0.538,-0.538,0.000,1.000,0.000,0,0,21,0,0,21,21,0,0.0,0.0,1.0,0.0,0.0,1.0
"G[0,2](AST <= 4.326 -> BaseExcess >= -0.323)
",9999999.000,9999999.000,0.000,1.000,0.000,0,0,20,1,1,20,20,1,0.0,0.0,1.0,0.0,0.0,1.0
"G[1,2](((Creatinine >= 0.006 -> PTT <= 18.407) | DBP >= 1.882) | Hct >= 1.502)
",9999999.000,9999999.000,0.000,1.000,0.000,0,0,21,0,0,21,21,0,0.0,0.0,1.0,0.0,0.0,1.0
"G[1,2](Bilirubin_direct <= 0.000 -> Hct >= 8.860)
",9999999.000,9999999.000,0.000,1.000,0.000,0,0,7,14,14,7,7,14,0.0,0.0,1.0,0.0,0.0,1.0
"G[0,2](((Hct <= 13.643 | PTT <= 16.901) -> Alkalinephos <= 35.791) | Temp >= 2.028)
",9999999.000,9999999.000,0.000,1.000,0.000,0,0,20,1,1,20,20,1,0.0,0.0,1.0,0.0,0.0,1.0
"G[0,1](((Bilirubin_total >= 0.050 & Chloride >= 0.359) | AST >= 13.917) & O2Sat >= 14.563)
",9999999.000,9999999.000,0.000,1.000,0.000,0,0,0,21,21,0,0,21,0.0,0.0,0.0,0.0,0.0,1.0
"G[1,2]((BUN >= 3.076 & DBP >= 6.216) | Calcium >= 1.768)
",9999999.000,9999999.000,0.000,1.000,0.000,0,0,4,17,17,4,4,17,0.0,0.0,1.0,0.0,0.0,1.0
"G[0,1]((Lactate >= 0.050 -> Hct >= 2.827) -> BaseExcess >= 10.124)
",9999999.000,9999999.000,0.000,1.000,0.000,0,0,0,21,21,0,0,21,0.0,0.0,0.0,0.0,0.0,1.0
"G[0,2](((O2Sat <= 97.420 -> Temp >= 12.727) -> Bilirubin_total <= 31.130) | SBP >= 3.939)
",9999999.000,9999999.000,0.000,1.000,0.000,0,0,21,0,0,21,21,0,0.0,0.0,1.0,0.0,0.0,1.0
"G[2,2](DBP <= 58.468 | Temp <= 32.447)
",58.468,58.468,0.000,1.000,0.000,0,0,21,0,0,21,21,0,0.0,0.0,1.0,0.0,0.0,1.0
"G[0,0](Glucose >= 15.071 & pH <= 3.897)
",-8484232227426333.000,-15.071,0.000,1.000,0.000,0,0,0,21,21,0,0,21,0.0,0.0,0.0,0.0,0.0,1.0
"G[0,2](((O2Sat <= 91.033 -> PaCO2 >= 1.055) -> FiO2 <= 28.490) -> O2Sat >= 2.225)
",9999999.000,9999999.000,0.000,1.000,0.000,0,0,19,2,2,19,19,2,0.0,0.0,1.0,0.0,0.0,1.0
"G[0,1](((DBP <= 31.512 -> AST >= 2.573) & SepsisLabel >= 1.212) & Alkalinephos >= 0.889)
",9999999.000,9999999.000,0.000,1.000,0.000,0,0,0,21,21,0,0,21,0.0,0.0,0.0,0.0,0.0,1.0
"G[1,2](((BaseExcess <= 0.894 | O2Sat >= 63.247) & Calcium <= 95.415) | SepsisLabel <= 93.757)
",9999999.000,9999999.000,0.000,1.000,0.000,0,0,21,0,0,21,21,0,0.0,0.0,1.0,0.0,0.0,1.0
"G[0,2]((PaCO2 >= 1.999 -> PTT <= 11.107) | EtCO2 <= 28.722)
",9999999.000,9999999.000,0.000,1.000,0.000,0,0,21,0,0,21,21,0,0.0,0.0,1.0,0.0,0.0,1.0
"G[2,2]((WBC <= 11.010 & PaCO2 >= 2.884) & PaCO2 <= 28.130)
",-2.884,-2.884,0.000,1.000,0.000,0,0,21,0,0,21,21,0,0.0,0.0,1.0,0.0,0.0,1.0
"G[1,2](HR <= 112.297 -> WBC >= 0.962)
",9999999.000,9999999.000,0.000,1.000,0.000,0,0,9,12,12,9,9,12,0.0,0.0,1.0,0.0,0.0,1.0
"G[1,2](WBC >= 0.706 -> Hgb <= 11.466)
",9999999.000,9999999.000,0.000,1.000,0.000,0,0,20,1,1,20,20,1,0.0,0.0,1.0,0.0,0.0,1.0
"G[0,2]((BaseExcess >= -0.229 | Platelets <= 356.309) | Bilirubin_direct <= 144.217)
",9999999.000,9999999.000,0.000,1.000,0.000,0,0,21,0,0,21,21,0,0.0,0.0,1.0,0.0,0.0,1.0
"G[1,2](((HCO3 <= 20.631 & SepsisLabel >= 0.000) & Resp >= 0.000) | Glucose <= 0.000)
",9999999.000,9999999.000,0.000,1.000,0.000,0,0,19,2,2,19,19,2,0.0,0.0,1.0,0.0,0.0,1.0
"G[0,2](((Phosphate >= 0.195 -> Temp >= 11.396) -> TroponinI >= 4.331) -> MAP >= 1.741)
",9999999.000,9999999.000,0.000,1.000,0.000,0,0,21,0,0,21,21,0,0.0,0.0,1.0,0.0,0.0,1.0
"G[2,2](((Glucose >= 13.982 -> Temp >= 7.834) | EtCO2 <= 17.759) & Calcium >= 5.718)
",-6438315235912767.000,-5.718,0.000,1.000,0.000,0,0,21,0,0,21,21,0,0.0,0.0,1.0,0.0,0.0,1.0
"G[1,2]((DBP >= 5.458 -> HR <= 95.059) | EtCO2 <= 103.831)
",9999999.000,9999999.000,0.000,1.000,0.000,0,0,21,0,0,21,21,0,0.0,0.0,1.0,0.0,0.0,1.0
"G[1,2]((Platelets <= 344.842 & Temp >= 3.029) -> Potassium <= 21.926)
",9999999.000,9999999.000,0.000,1.000,0.000,0,0,21,0,0,21,21,0,0.0,0.0,1.0,0.0,0.0,1.0
"G[1,2](Creatinine <= 0.798 & SBP <= 59.812)
",9999999.000,9999999.000,0.000,1.000,0.000,0,0,11,10,10,11,11,10,0.0,0.0,1.0,0.0,0.0,1.0
"G[0,1](((FiO2 >= 0.002 -> Glucose >= 1.759) & Chloride <= 70.988) & BaseExcess >= 8.660)
",9999999.000,9999999.000,0.000,1.000,0.000,0,0,0,21,21,0,0,21,0.0,0.0,0.0,0.0,0.0,1.0
"G[0,2](BUN >= 0.942 & MAP >= 56.569)
",9999999.000,9999999.000,0.000,1.000,0.000,0,0,1,20,20,1,1,20,0.0,0.0,1.0,0.0,0.0,1.0
"G[1,2]((Phosphate <= 1.589 -> SBP >= 11.347) -> BUN <= 114.388)
",9999999.000,9999999.000,0.000,1.000,0.000,0,0,21,0,0,21,21,0,0.0,0.0,1.0,0.0,0.0,1.0
"G[1,2](Creatinine <= 0.359 & DBP >= 27.225)
",9999999.000,9999999.000,0.000,1.000,0.000,0,0,9,12,12,9,9,12,0.0,0.0,1.0,0.0,0.0,1.0
"G[1,2](DBP >= 3.317 | Potassium <= 1.881)
",9999999.000,9999999.000,0.000,1.000,0.000,0,0,19,2,2,19,19,2,0.0,0.0,1.0,0.0,0.0,1.0
"G[1,2](((PTT <= 15.508 | SBP <= 129.724) -> O2Sat <= 102.331) -> Calcium >= 38.313)
",9999999.000,9999999.000,0.000,1.000,0.000,0,0,1,20,20,1,1,20,0.0,0.0,1.0,0.0,0.0,1.0
"G[0,2](((Calcium <= 7.756 & SBP <= 75.897) | Temp <= 93.808) -> Magnesium >= 2.568)
",9999999.000,9999999.000,0.000,1.000,0.000,0,0,0,21,21,0,0,21,0.0,0.0,0.0,0.0,0.0,1.0
"G[0,2](((Bilirubin_total >= 0.006 -> pH <= 2.989) | TroponinI >= 0.152) & Creatinine <= 5.293)
",9999999.000,9999999.000,0.000,1.000,0.000,0,0,21,0,0,21,21,0,0.0,0.0,1.0,0.0,0.0,1.0
"G[2,2]((Bilirubin_total <= 0.284 -> Lactate >= 0.306) -> HR >= 0.249)
",4491662704681697.500,0.249,0.000,1.000,0.000,0,0,21,0,0,21,21,0,0.0,0.0,1.0,0.0,0.0,1.0
"G[1,2](((FiO2 >= 0.016 & Phosphate >= 0.018) & Temp <= 2.785) | AST <= 3.268)
",9999999.000,9999999.000,0.000,1.000,0.000,0,0,20,1,1,20,20,1,0.0,0.0,1.0,0.0,0.0,1.0
"G[0,2](((FiO2 <= 0.150 -> PTT <= 21.913) -> Calcium >= 0.871) -> Resp >= 0.975)
",9999999.000,9999999.000,0.000,1.000,0.000,0,0,20,1,1,20,20,1,0.0,0.0,1.0,0.0,0.0,1.0
"G[1,2](Hct <= 17.593 & SBP <= 104.237)
",9999999.000,9999999.000,0.000,1.000,0.000,0,0,9,12,12,9,9,12,0.0,0.0,1.0,0.0,0.0,1.0
"G[0,2]((Temp >= 13.327 -> Calcium <= 5.551) | Temp <= 4.152)
",9999999.000,9999999.000,0.000,1.000,0.000,0,0,20,1,1,20,20,1,0.0,0.0,1.0,0.0,0.0,1.0
"G[2,2](((HCO3 <= 5.691 | SBP >= 20.101) & Potassium >= 49.387) | Potassium <= 129.867)
",4569280646863386.000,129.867,0.000,1.000,0.000,0,0,21,0,0,21,21,0,0.0,0.0,1.0,0.0,0.0,1.0
"G[1,2](Alkalinephos >= 1.248 & FiO2 >= 0.001)
",9999999.000,9999999.000,0.000,1.000,0.000,0,0,1,20,20,1,1,20,0.0,0.0,1.0,0.0,0.0,1.0
"G[1,2](DBP >= 20.845 -> Lactate >= 0.108)
",9999999.000,9999999.000,0.000,1.000,0.000,0,0,15,6,6,15,15,6,0.0,0.0,1.0,0.0,0.0,1.0
"G[1,2](((Bilirubin_total >= 0.002 & FiO2 <= 0.551) | Fibrinogen <= 0.230) -> Chloride >= 0.026)
",9999999.000,9999999.000,0.000,1.000,0.000,0,0,4,17,17,4,4,17,0.0,0.0,1.0,0.0,0.0,1.0
"G[0,2](((DBP <= 28.395 & Platelets <= 302.813) & SaO2 >= 10.038) & Fibrinogen <= 26.062)
",9999999.000,9999999.000,0.000,1.000,0.000,0,0,0,21,21,0,0,21,0.0,0.0,0.0,0.0,0.0,1.0
"G[0,1](((BaseExcess >= -0.228 -> Creatinine <= 1.197) & Fibrinogen <= 0.691) -> PTT >= 0.006)
",9999999.000,9999999.000,0.000,1.000,0.000,0,0,0,21,21,0,0,21,0.0,0.0,0.0,0.0,0.0,1.0
"G[0,2]((BaseExcess >= -0.116 | Platelets >= 23.957) -> Bilirubin_total <= 355.466)
",9999999.000,9999999.000,0.000,1.000,0.000,0,0,21,0,0,21,21,0,0.0,0.0,1.0,0.0,0.0,1.0
"G[0,1](((DBP >= 23.892 & Hct <= 28.373) | Temp <= 16.694) & O2Sat <= 12.586)
",9999999.000,9999999.000,0.000,1.000,0.000,0,0,0,21,21,0,0,21,0.0,0.0,0.0,0.0,0.0,1.0
"G[0,2](Chloride >= 0.646 & HCO3 >= 3.199)
",9999999.000,9999999.000,0.000,1.000,0.000,0,0,1,20,20,1,1,20,0.0,0.0,1.0,0.0,0.0,1.0
"G[1,2]((AST >= 2.811 & HR <= 98.805) | O2Sat >= 57.547)
",9999999.000,9999999.000,0.000,1.000,0.000,0,0,20,1,1,20,20,1,0.0,0.0,1.0,0.0,0.0,1.0
"G[0,2](Chloride >= 10.140 & HCO3 >= 1.764)
",9999999.000,9999999.000,0.000,1.000,0.000,0,0,1,20,20,1,1,20,0.0,0.0,1.0,0.0,0.0,1.0
"G[1,2](BUN <= 27.289 & Creatinine >= 0.021)
",9999999.000,9999999.000,0.000,1.000,0.000,0,0,2,19,19,2,2,19,0.0,0.0,1.0,0.0,0.0,1.0
"G[0,2](Fibrinogen >= 0.000 -> SepsisLabel = 0.000)
",9999999.000,9999999.000,0.000,1.000,0.000,0,0,21,0,0,21,21,0,0.0,0.0,1.0,0.0,0.0,1.0
"G[0,2](Resp <= 23.448 -> SepsisLabel = 0.000)
",9999999.000,9999999.000,0.000,1.000,0.000,0,0,21,0,0,21,21,0,0.0,0.0,1.0,0.0,0.0,1.0
"G[1,2](Lactate < 0.632 -> SepsisLabel = 0.000)
",9999999.000,9999999.000,0.000,1.000,0.000,0,0,21,0,0,21,21,0,0.0,0.0,1.0,0.0,0.0,1.0
"G[0,2](pH <= 6.260 & SepsisLabel = 0.000)
",9999999.000,9999999.000,0.000,1.000,0.000,0,0,18,3,3,18,18,3,0.0,0.0,1.0,0.0,0.0,1.0
"G[2,2](Fibrinogen >= 0.000 -> SepsisLabel = 0.000)
",0.000,0.000,0.000,1.000,0.000,0,0,21,0,0,21,21,0,0.0,0.0,1.0,0.0,0.0,1.0
"G[0,2](Hct < 33.777 & SepsisLabel = 0.000)
",9999999.000,9999999.000,0.000,1.000,0.000,0,0,19,2,2,19,19,2,0.0,0.0,1.0,0.0,0.0,1.0
"G[0,2](Lactate <= 0.914 -> SepsisLabel = 0.000)
",9999999.000,9999999.000,0.000,1.000,0.000,0,0,21,0,0,21,21,0,0.0,0.0,1.0,0.0,0.0,1.0
"G[2,2](((BUN <= 21.484 | BUN >= 1.721) & Hct >= 1.003) & O2Sat <= 25.278)
",-4515284630549739.000,-1.003,0.000,1.000,0.000,0,0,21,0,0,21,21,0,0.0,0.0,1.0,0.0,0.0,1.0
"G[0,2](Phosphate >= 0.086 -> PTT >= 1.587)
",9999999.000,9999999.000,0.000,1.000,0.000,0,0,21,0,0,21,21,0,0.0,0.0,1.0,0.0,0.0,1.0
"G[2,2](DBP <= 38.614 | SBP >= 48.790)
",5434478016026462.000,38.614,0.000,1.000,0.000,0,0,21,0,0,21,21,0,0.0,0.0,1.0,0.0,0.0,1.0
"G[1,2](Magnesium <= 0.428 -> WBC <= 2.621)
",9999999.000,9999999.000,0.000,1.000,0.000,0,0,21,0,0,21,21,0,0.0,0.0,1.0,0.0,0.0,1.0
"G[0,0]((Chloride <= 26.319 & WBC >= 0.808) & Temp >= 1.191)
",-9.903,-0.827,0.000,1.000,0.000,0,0,0,21,21,0,0,21,0.0,0.0,0.0,0.0,0.0,1.0
"G[0,2](((HCO3 >= 1.980 & WBC >= 0.997) -> Fibrinogen >= 1.356) | Glucose <= 10.192)
",9999999.000,9999999.000,0.000,1.000,0.000,0,0,17,4,4,17,17,4,0.0,0.0,1.0,0.0,0.0,1.0
"G[1,1](((Chloride >= 2.279 | Hgb <= 4.633) -> Platelets >= 0.204) & FiO2 >= 0.669)
",-2607891435792243.000,-4.633,0.000,1.000,0.000,0,0,1,20,20,1,1,20,0.0,0.0,1.0,0.0,0.0,1.0
"G[0,1](((MAP <= 89.706 & O2Sat <= 89.662) & Fibrinogen >= 68.321) & BaseExcess <= 96.960)
",9999999.000,9999999.000,0.000,1.000,0.000,0,0,0,21,21,0,0,21,0.0,0.0,0.0,0.0,0.0,1.0
"G[1,2](Hgb >= 0.081 | Magnesium >= 0.167)
",9999999.000,9999999.000,0.000,1.000,0.000,0,0,4,17,17,4,4,17,0.0,0.0,1.0,0.0,0.0,1.0
"G[2,2](O2Sat >= 53.043 -> Resp >= 0.595)
",5362800167648798.000,0.595,0.000,1.000,0.000,0,0,21,0,0,21,21,0,0.0,0.0,1.0,0.0,0.0,1.0
"G[1,2]((Glucose >= 13.925 | Potassium <= 3.021) -> HR <= 1.131)
",9999999.000,9999999.000,0.000,1.000,0.000,0,0,3,18,18,3,3,18,0.0,0.0,1.0,0.0,0.0,1.0
"G[0,1](((Chloride <= 41.715 -> Glucose >= 9.125) -> WBC >= 2.398) & Creatinine >= 3.515)
",9999999.000,9999999.000,0.000,1.000,0.000,0,0,0,21,21,0,0,21,0.0,0.0,0.0,0.0,0.0,1.0
"G[0,2]((AST >= 1.985 -> Bilirubin_total <= 1.838) & Alkalinephos >= 0.020)
",9999999.000,9999999.000,0.000,1.000,0.000,0,0,0,21,21,0,0,21,0.0,0.0,0.0,0.0,0.0,1.0
"G[1,2]((Glucose <= 133.694 & Lactate >= 0.165) | Calcium <= 1.387)
",9999999.000,9999999.000,0.000,1.000,0.000,0,0,20,1,1,20,20,1,0.0,0.0,1.0,0.0,0.0,1.0
"G[0,1](((Platelets >= 0.710 & Potassium <= 3.155) | Resp <= 1.208) & Calcium >= 0.379)
",9999999.000,9999999.000,0.000,1.000,0.000,0,0,0,21,21,0,0,21,0.0,0.0,0.0,0.0,0.0,1.0
"G[2,2](((Hgb <= 8.540 | Hct <= 24.025) -> WBC >= 1.352) & Platelets >= 24.380)
",-24.380,-24.380,0.000,1.000,0.000,0,0,21,0,0,21,21,0,0.0,0.0,1.0,0.0,0.0,1.0
"G[1,2](BUN <= 9.282 & Creatinine >= 0.023)
",9999999.000,9999999.000,0.000,1.000,0.000,0,0,1,20,20,1,1,20,0.0,0.0,1.0,0.0,0.0,1.0
"G[2,2](((HR >= 11.659 & PTT <= 14.959) & Resp <= 28.644) | SaO2 >= 0.906)
",-0.906,-0.906,0.000,1.000,0.000,0,0,21,0,0,21,21,0,0.0,0.0,1.0,0.0,0.0,1.0
"G[2,2](((Hgb <= 2.786 | Hct <= 21.249) -> WBC >= 0.034) & Platelets >= 19.870)
",-5980924602096414.000,-21.249,0.000,1.000,0.000,0,0,21,0,0,21,21,0,0.0,0.0,1.0,0.0,0.0,1.0
"G[0,2](((Hgb <= 8.598 | Hct <= 10.910) -> WBC >= 0.991) & Platelets >= 11.617)
",9999999.000,9999999.000,0.000,1.000,0.000,0,0,0,21,21,0,0,21,0.0,0.0,0.0,0.0,0.0,1.0
"G[2,2](BUN <= 24.808 & Creatinine >= 0.044)
",-6333243712117295.000,-0.044,0.000,1.000,0.000,0,0,21,0,0,21,21,0,0.0,0.0,1.0,0.0,0.0,1.0
"G[1,2](Chloride >= 7.999 & HCO3 >= 1.697)
",9999999.000,9999999.000,0.000,1.000,0.000,0,0,4,17,17,4,4,17,0.0,0.0,1.0,0.0,0.0,1.0
"G[1,2](Platelets <= 303.005 -> WBC >= 0.899)
",9999999.000,9999999.000,0.000,1.000,0.000,0,0,4,17,17,4,4,17,0.0,0.0,1.0,0.0,0.0,1.0
"G[1,2](((Hgb <= 6.725 | Hct <= 15.586) -> WBC >= 0.738) & Platelets >= 3.964)
",9999999.000,9999999.000,0.000,1.000,0.000,0,0,3,18,18,3,3,18,0.0,0.0,1.0,0.0,0.0,1.0
"G[1,2](BUN <= 13.698 & Creatinine >= 0.056)
",9999999.000,9999999.000,0.000,1.000,0.000,0,0,1,20,20,1,1,20,0.0,0.0,1.0,0.0,0.0,1.0
"G[1,2](Chloride >= 3.532 & HCO3 >= 0.258)
",9999999.000,9999999.000,0.000,1.000,0.000,0,0,4,17,17,4,4,17,0.0,0.0,1.0,0.0,0.0,1.0
"G[0,2](Platelets <= 164.577 -> WBC >= 0.136)
",9999999.000,9999999.000,0.000,1.000,0.000,0,0,1,20,20,1,1,20,0.0,0.0,1.0,0.0,0.0,1.0
"G[0,2](((Hgb <= 11.084 | Hct <= 26.891) -> WBC >= 0.222) & Platelets >= 22.910)
",9999999.000,9999999.000,0.000,1.000,0.000,0,0,0,21,21,0,0,21,0.0,0.0,0.0,0.0,0.0,1.0
"G[1,1](BUN <= 22.074 & Creatinine >= 0.025)
",-0.025,-0.025,0.000,1.000,0.000,0,0,1,20,20,1,1,20,0.0,0.0,1.0,0.0,0.0,1.0
"G[0,1](BUN <= 12.460 & Creatinine >= 0.029)
",9999999.000,9999999.000,0.000,1.000,0.000,0,0,0,21,21,0,0,21,0.0,0.0,0.0,0.0,0.0,1.0
"G[2,2](Chloride >= 11.256 & HCO3 >= 0.709)
",-6336564614269983.000,-11.256,0.000,1.000,0.000,0,0,21,0,0,21,21,0,0.0,0.0,1.0,0.0,0.0,1.0
"G[0,1](BUN <= 20.146 & Creatinine >= 0.062)
",9999999.000,9999999.000,0.000,1.000,0.000,0,0,0,21,21,0,0,21,0.0,0.0,0.0,0.0,0.0,1.0
"G[2,2](Chloride >= 2.039 & HCO3 >= 0.522)
",-4591576354685538.000,-2.039,0.000,1.000,0.000,0,0,21,0,0,21,21,0,0.0,0.0,1.0,0.0,0.0,1.0
"G[1,2](Platelets <= 93.746 -> WBC >= 0.133)
",9999999.000,9999999.000,0.000,1.000,0.000,0,0,4,17,17,4,4,17,0.0,0.0,1.0,0.0,0.0,1.0
"G[0,1](BUN <= 21.873 & Creatinine >= 0.050)
",9999999.000,9999999.000,0.000,1.000,0.000,0,0,0,21,21,0,0,21,0.0,0.0,0.0,0.0,0.0,1.0
"G[2,2](Chloride >= 1.930 & HCO3 >= 0.686)
",-4346192522123225.500,-1.930,0.000,1.000,0.000,0,0,21,0,0,21,21,0,0.0,0.0,1.0,0.0,0.0,1.0
"G[0,2](Platelets <= 289.532 -> WBC >= 1.405)
",9999999.000,9999999.000,0.000,1.000,0.000,0,0,1,20,20,1,1,20,0.0,0.0,1.0,0.0,0.0,1.0
"G[0,2](((Hgb <= 4.850 | Hct <= 29.151) -> WBC >= 0.715) & Platelets >= 7.790)
",9999999.000,9999999.000,0.000,1.000,0.000,0,0,0,21,21,0,0,21,0.0,0.0,0.0,0.0,0.0,1.0
"G[0,2](BUN <= 15.437 & Creatinine >= 0.019)
",9999999.000,9999999.000,0.000,1.000,0.000,0,0,0,21,21,0,0,21,0.0,0.0,0.0,0.0,0.0,1.0
"G[1,2](Platelets <= 195.919 -> WBC >= 0.535)
",9999999.000,9999999.000,0.000,1.000,0.000,0,0,4,17,17,4,4,17,0.0,0.0,1.0,0.0,0.0,1.0
"G[0,2](((Hgb <= 8.841 | Hct <= 33.411) -> WBC >= 0.198) & Platelets >= 7.943)
",9999999.000,9999999.000,0.000,1.000,0.000,0,0,0,21,21,0,0,21,0.0,0.0,0.0,0.0,0.0,1.0
"G[0,1](BUN <= 9.106 & Creatinine >= 0.056)
",9999999.000,9999999.000,0.000,1.000,0.000,0,0,0,21,21,0,0,21,0.0,0.0,0.0,0.0,0.0,1.0
"G[0,2](((BUN <= 16.308 -> Platelets >= 15.577) & Potassium >= 13.165) & TroponinI <= 207.434)
",9999999.000,9999999.000,0.000,1.000,0.000,0,0,0,21,21,0,0,21,0.0,0.0,0.0,0.0,0.0,1.0
"G[0,2](((Calcium <= 2.282 -> Potassium >= 0.261) | SepsisLabel <= 4.663) | SepsisLabel >= 0.564)
",9999999.000,9999999.000,0.000,1.000,0.000,0,0,21,0,0,21,21,0,0.0,0.0,1.0,0.0,0.0,1.0
"G[0,2]((Chloride >= 3.835 -> Phosphate <= 3.345) -> BaseExcess >= 0.056)
",9999999.000,9999999.000,0.000,1.000,0.000,0,0,1,20,20,1,1,20,0.0,0.0,1.0,0.0,0.0,1.0
"G[0,2](Magnesium >= 0.244 & Platelets >= 17.912)
",9999999.000,9999999.000,0.000,1.000,0.000,0,0,0,21,21,0,0,21,0.0,0.0,0.0,0.0,0.0,1.0
"G[1,2](((PaCO2 <= 40.391 | Potassium <= 2.432) & O2Sat >= 0.026) -> Fibrinogen >= 0.531)
",9999999.000,9999999.000,0.000,1.000,0.000,0,0,2,19,19,2,2,19,0.0,0.0,1.0,0.0,0.0,1.0
"G[2,2](((Lactate <= 2.226 | Platelets >= 22.122) | Platelets <= 41.628) & AST >= 2.809)
",-6326014220411100.000,-2.809,0.000,1.000,0.000,0,0,21,0,0,21,21,0,0.0,0.0,1.0,0.0,0.0,1.0
"G[2,2](AST <= 30.590 & Phosphate >= 0.056)
",-0.056,-0.056,0.000,1.000,0.000,0,0,21,0,0,21,21,0,0.0,0.0,1.0,0.0,0.0,1.0
"G[0,2](((Alkalinephos >= 0.054 -> Calcium <= 5.267) | BUN >= 0.355) & Resp >= 0.306)
",9999999.000,9999999.000,0.000,1.000,0.000,0,0,19,2,2,19,19,2,0.0,0.0,1.0,0.0,0.0,1.0
"G[0,2]((Glucose <= 18.476 & MAP >= 17.204) | Creatinine <= 82.495)
",9999999.000,9999999.000,0.000,1.000,0.000,0,0,21,0,0,21,21,0,0.0,0.0,1.0,0.0,0.0,1.0
"G[1,2](((Creatinine <= 0.680 -> pH <= 4.720) -> Lactate >= 1.017) -> SaO2 <= 3.971)
",9999999.000,9999999.000,0.000,1.000,0.000,0,0,19,2,2,19,19,2,0.0,0.0,1.0,0.0,0.0,1.0
"G[0,2](((Phosphate <= 2.509 & Resp <= 25.586) & Phosphate <= 20.819) | Hgb <= 20.062)
",9999999.000,9999999.000,0.000,1.000,0.000,0,0,21,0,0,21,21,0,0.0,0.0,1.0,0.0,0.0,1.0
"G[0,2](Lactate <= 1.193 | PTT >= 0.962)
",9999999.000,9999999.000,0.000,1.000,0.000,0,0,18,3,3,18,18,3,0.0,0.0,1.0,0.0,0.0,1.0
"G[0,2]((Lactate >= 0.305 -> MAP <= 89.881) -> Temp <= 88.756)
",9999999.000,9999999.000,0.000,1.000,0.000,0,0,21,0,0,21,21,0,0.0,0.0,1.0,0.0,0.0,1.0
"G[0,2]((AST <= 22.684 | Hct >= 5.304) | EtCO2 >= 1.664)
",9999999.000,9999999.000,0.000,1.000,0.000,0,0,21,0,0,21,21,0,0.0,0.0,1.0,0.0,0.0,1.0
"G[0,2](((BaseExcess <= 0.184 | DBP <= 71.198) & BUN >= 4.712) -> Chloride <= 31.160)
",9999999.000,9999999.000,0.000,1.000,0.000,0,0,16,5,5,16,16,5,0.0,0.0,1.0,0.0,0.0,1.0
"G[0,1](((PaCO2 >= 3.332 & Resp <= 23.594) & Hct <= 22.222) & Bilirubin_direct <= 24.148)
",9999999.000,9999999.000,0.000,1.000,0.000,0,0,0,21,21,0,0,21,0.0,0.0,0.0,0.0,0.0,1.0
"G[2,2](Hct <= 21.054 -> SaO2 <= 63.803)
",-8979443464190366.000,-63.803,0.000,1.000,0.000,0,0,21,0,0,21,21,0,0.0,0.0,1.0,0.0,0.0,1.0
"G[1,2](((O2Sat >= 43.936 | PaCO2 <= 51.425) & Resp <= 39.322) -> MAP <= 19.978)
",9999999.000,9999999.000,0.000,1.000,0.000,0,0,2,19,19,2,2,19,0.0,0.0,1.0,0.0,0.0,1.0
"G[0,2](((O2Sat <= 96.250 & Platelets >= 22.967) | AST <= 305.426) | FiO2 <= 104.203)
",9999999.000,9999999.000,0.000,1.000,0.000,0,0,21,0,0,21,21,0,0.0,0.0,1.0,0.0,0.0,1.0
"G[0,2](((O2Sat <= 94.367 & SBP >= 25.511) & SepsisLabel <= 64.609) & Chloride >= 26.937)
",9999999.000,9999999.000,0.000,1.000,0.000,0,0,0,21,21,0,0,21,0.0,0.0,0.0,0.0,0.0,1.0
"G[1,2](((DBP >= 16.764 -> O2Sat >= 82.089) | FiO2 <= 97.841) & SBP >= 22.013)
",9999999.000,9999999.000,0.000,1.000,0.000,0,0,9,12,12,9,9,12,0.0,0.0,1.0,0.0,0.0,1.0
"G[0,2](Hgb <= 6.015 | MAP >= 67.877)
",9999999.000,9999999.000,0.000,1.000,0.000,0,0,20,1,1,20,20,1,0.0,0.0,1.0,0.0,0.0,1.0
"G[0,2](((Creatinine >= 0.018 | O2Sat >= 56.450) -> Phosphate <= 96.931) -> Resp <= 91.899)
",9999999.000,9999999.000,0.000,1.000,0.000,0,0,21,0,0,21,21,0,0.0,0.0,1.0,0.0,0.0,1.0
"G[2,2]((O2Sat <= 98.746 -> PTT <= 27.379) -> WBC >= 0.487)
",0.487,0.487,0.000,1.000,0.000,0,0,21,0,0,21,21,0,0.0,0.0,1.0,0.0,0.0,1.0
"G[0,2]((Alkalinephos <= 57.077 -> Glucose >= 6.111) | Bilirubin_direct <= 135.664)
",9999999.000,9999999.000,0.000,1.000,0.000,0,0,21,0,0,21,21,0,0.0,0.0,1.0,0.0,0.0,1.0
"G[1,2](((AST >= 2.758 & Glucose >= 13.596) | Hgb >= 8.023) | Phosphate >= 7.484)
",9999999.000,9999999.000,0.000,1.000,0.000,0,0,4,17,17,4,4,17,0.0,0.0,1.0,0.0,0.0,1.0
"G[2,2](HR <= 126.872 | Phosphate <= 1.766)
",8927834423356290.000,126.872,0.000,1.000,0.000,0,0,21,0,0,21,21,0,0.0,0.0,1.0,0.0,0.0,1.0
"G[1,2](((Glucose >= 5.854 | HR <= 128.576) & Resp >= 73.873) -> Temp >= 10.332)
",9999999.000,9999999.000,0.000,1.000,0.000,0,0,21,0,0,21,21,0,0.0,0.0,1.0,0.0,0.0,1.0
"G[1,2](((Calcium <= 0.655 & pH >= 1.031) | Fibrinogen <= 3.731) | Creatinine <= 4.592)
",9999999.000,9999999.000,0.000,1.000,0.000,0,0,21,0,0,21,21,0,0.0,0.0,1.0,0.0,0.0,1.0
"G[0,2](((Lactate <= 1.935 & Resp <= 17.409) | HR >= 12.531) -> Temp <= 21.984)
",9999999.000,9999999.000,0.000,1.000,0.000,0,0,10,11,11,10,10,11,0.0,0.0,1.0,0.0,0.0,1.0
"G[2,2](((Bilirubin_total <= 2.197 & Phosphate >= 0.192) | AST >= 0.127) & Magnesium >= 0.057)
",-4574783920849914.000,-0.127,0.000,1.000,0.000,0,0,21,0,0,21,21,0,0.0,0.0,1.0,0.0,0.0,1.0
"G[0,0](PaCO2 >= 0.413 & pH <= 4.999)
",0.079,0.128,0.000,1.000,0.000,0,0,0,21,21,0,0,21,0.0,0.0,0.0,0.0,0.0,1.0
"G[1,1](Creatinine >= 0.034 & HCO3 <= 15.603)
",-4850213679997202.000,-0.034,0.000,1.000,0.000,0,0,1,20,20,1,1,20,0.0,0.0,1.0,0.0,0.0,1.0
"G[0,2](((Calcium <= 3.820 & WBC <= 2.573) & DBP >= 0.587) -> Temp >= 1.089)
",9999999.000,9999999.000,0.000,1.000,0.000,0,0,14,7,7,14,14,7,0.0,0.0,1.0,0.0,0.0,1.0
"G[1,2](((BUN >= 3.415 | PTT >= 0.213) | Calcium <= 4.840) | O2Sat <= 26.608)
",9999999.000,9999999.000,0.000,1.000,0.000,0,0,21,0,0,21,21,0,0.0,0.0,1.0,0.0,0.0,1.0
"G[0,2](((Magnesium >= 0.060 & PTT <= 8.804) & Hgb <= 35.908) & HCO3 <= 15.770)
",9999999.000,9999999.000,0.000,1.000,0.000,0,0,0,21,21,0,0,21,0.0,0.0,0.0,0.0,0.0,1.0
"G[1,2](BUN >= 1.602 -> Creatinine >= 0.070)
",9999999.000,9999999.000,0.000,1.000,0.000,0,0,20,1,1,20,20,1,0.0,0.0,1.0,0.0,0.0,1.0
"G[0,2]((Magnesium <= 0.671 | pH <= 4.762) & Magnesium <= 5.896)
",9999999.000,9999999.000,0.000,1.000,0.000,0,0,18,3,3,18,18,3,0.0,0.0,1.0,0.0,0.0,1.0
"G[0,2]((Calcium >= 0.413 | Hgb <= 9.027) & Hct <= 11.223)
",9999999.000,9999999.000,0.000,1.000,0.000,0,0,11,10,10,11,11,10,0.0,0.0,1.0,0.0,0.0,1.0
"G[0,2](((Hgb <= 8.389 & Platelets <= 188.075) -> EtCO2 <= 167.929) | pH <= 175.857)
",9999999.000,9999999.000,0.000,1.000,0.000,0,0,21,0,0,21,21,0,0.0,0.0,1.0,0.0,0.0,1.0
"G[2,2](BaseExcess >= -0.136 -> O2Sat >= 39.521)
",-4907184457993266.000,-0.136,0.000,1.000,0.000,0,0,21,0,0,21,21,0,0.0,0.0,1.0,0.0,0.0,1.0
"G[0,2](Chloride <= 55.329 | SaO2 <= 95.635)
",9999999.000,9999999.000,0.000,1.000,0.000,0,0,20,1,1,20,20,1,0.0,0.0,1.0,0.0,0.0,1.0
"G[2,2](((BUN <= 8.743 | Resp <= 16.793) -> Potassium <= 21.220) | Bilirubin_total <= 24.736)
",6962463001421714.000,24.736,0.000,1.000,0.000,0,0,21,0,0,21,21,0,0.0,0.0,1.0,0.0,0.0,1.0
"G[1,1](((AST <= 17.895 & Potassium >= 0.510) & Magnesium >= 0.305) & SepsisLabel >= 0.315)
",-0.510,-0.510,0.000,1.000,0.000,0,0,1,20,20,1,1,20,0.0,0.0,1.0,0.0,0.0,1.0
"G[2,2]((HR <= 100.784 & Resp >= 3.498) & BUN >= 14.949)
",-14.949,-14.949,0.000,1.000,0.000,0,0,21,0,0,21,21,0,0.0,0.0,1.0,0.0,0.0,1.0
"G[2,2](((Glucose <= 106.777 -> Resp <= 18.044) | MAP >= 9.995) -> Alkalinephos <= 17.672)
",-4974326396152622.000,-17.672,0.000,1.000,0.000,0,0,21,0,0,21,21,0,0.0,0.0,1.0,0.0,0.0,1.0
"G[0,2]((Alkalinephos <= 33.311 | Hgb <= 1.961) | PTT >= 0.424)
",9999999.000,9999999.000,0.000,1.000,0.000,0,0,20,1,1,20,20,1,0.0,0.0,1.0,0.0,0.0,1.0
"G[0,2](AST >= 0.763 -> BUN >= 1.563)
",9999999.000,9999999.000,0.000,1.000,0.000,0,0,21,0,0,21,21,0,0.0,0.0,1.0,0.0,0.0,1.0
"G[0,2](Glucose >= 3.824 | O2Sat >= 13.105)
",9999999.000,9999999.000,0.000,1.000,0.000,0,0,20,1,1,20,20,1,0.0,0.0,1.0,0.0,0.0,1.0
"G[2,2](Bilirubin_total >= 0.027 | HCO3 <= 13.176)
",7417221938869346.000,13.176,0.000,1.000,0.000,0,0,21,0,0,21,21,0,0.0,0.0,1.0,0.0,0.0,1.0
"G[0,1](((Chloride >= 7.951 & Resp <= 24.678) & Platelets >= 4.178) & Phosphate <= 19.489)
",9999999.000,9999999.000,0.000,1.000,0.000,0,0,0,21,21,0,0,21,0.0,0.0,0.0,0.0,0.0,1.0
"G[2,2](((Hct >= 0.096 | Phosphate >= 0.222) | Resp <= 0.271) | Resp <= 0.290)
",2610220564897421.000,0.290,0.000,1.000,0.000,0,0,21,0,0,21,21,0,0.0,0.0,1.0,0.0,0.0,1.0
"G[0,2](Hct <= 30.121 & Platelets <= 302.445)
",9999999.000,9999999.000,0.000,1.000,0.000,0,0,11,10,10,11,11,10,0.0,0.0,1.0,0.0,0.0,1.0
"G[0,2](((HR >= 79.034 & PaCO2 <= 26.615) & Glucose >= 3.255) -> Platelets >= 1.624)
",9999999.000,9999999.000,0.000,1.000,0.000,0,0,21,0,0,21,21,0,0.0,0.0,1.0,0.0,0.0,1.0
