Rule,Discrimination Score,Pos Robustness,Neg Robustness,Percent Class +,Percent Class -,TP,TN,FP,FN,Actual Yes,Actual No,Predicted Yes,Predicted No,TPR/Sens,TNR/Spec,FPR,Precision,Accuracy,MCR
"G[0,0](Phosphate >= 0.036 -> Resp <= 28.300)
",0.036,0.036,0.000,1.000,0.000,25,0,0,0,25,0,25,0,1.0,0.0,0.0,1.0,1.0204081632653061,-0.020408163265306145
"G[0,0](EtCO2 <= 23.280 | WBC <= 5.758)
",1.552,7.575,0.000,1.000,0.000,25,0,0,0,25,0,25,0,1.0,0.0,0.0,1.0,1.0204081632653061,-0.020408163265306145
"G[0,0](((HR <= 97.390 -> SBP <= 116.266) | PTT <= 100.836) | EtCO2 <= 98.348)
",100.836,100.836,0.000,1.000,0.000,25,0,0,0,25,0,25,0,1.0,0.0,0.0,1.0,1.0204081632653061,-0.020408163265306145
"G[0,0]((FiO2 >= 0.100 -> Glucose >= 44.100) | DBP <= 146.791)
",12.905,76.999,0.000,1.000,0.000,25,0,0,0,25,0,25,0,1.0,0.0,0.0,1.0,1.0204081632653061,-0.020408163265306145
"G[0,0](((Creatinine <= 0.771 | Bilirubin_direct >= 0.000) | Potassium >= 0.000) | Hct <= 0.000)
",6942618187237171.000,0.771,0.000,1.000,0.000,25,0,0,0,25,0,25,0,1.0,0.0,0.0,1.0,1.0204081632653061,-0.020408163265306145
"G[0,0](FiO2 >= 0.043 -> Platelets <= 9.054)
",-9.054,-9.054,0.000,1.000,0.000,25,0,0,0,25,0,25,0,1.0,0.0,0.0,1.0,1.0204081632653061,-0.020408163265306145
"G[0,0]((BUN >= 0.155 | WBC <= 0.477) | Bilirubin_total <= 1.228)
",5.618,1.165,0.000,1.000,0.000,25,0,0,0,25,0,25,0,1.0,0.0,0.0,1.0,1.0204081632653061,-0.020408163265306145
"G[0,0]((Platelets <= 12.226 & PTT >= 0.401) -> AST >= 0.112)
",-0.297,-7.863,0.000,1.000,0.000,25,0,0,0,25,0,25,0,1.0,0.0,0.0,1.0,1.0204081632653061,-0.020408163265306145
"G[0,0]((FiO2 <= 0.777 -> PaCO2 >= 4.599) | SaO2 <= 13.308)
",2.693,11.968,0.000,1.000,0.000,25,0,0,0,25,0,25,0,1.0,0.0,0.0,1.0,1.0204081632653061,-0.020408163265306145
"G[0,0](((FiO2 >= 0.093 | FiO2 >= 0.075) | Calcium >= 0.031) | Calcium <= 0.611)
",0.611,0.611,0.000,1.000,0.000,25,0,0,0,25,0,25,0,1.0,0.0,0.0,1.0,1.0204081632653061,-0.020408163265306145
"G[1,1](Lactate >= 0.146 | SaO2 <= 40.871)
",40.871,40.871,0.000,1.000,0.000,24,0,1,0,24,1,25,0,1.0,0.0,1.0,0.96,0.9795918367346939,0.020408163265306145
"G[0,0](Creatinine <= 0.338 -> EtCO2 <= 29.472)
",-1.264,-9.117,0.000,1.000,0.000,24,0,0,1,25,0,24,1,0.96,0.0,0.0,1.0,0.9795918367346939,0.020408163265306145
"G[1,1]((pH >= 0.122 -> SepsisLabel <= 0.000) -> PTT >= 0.000)
",0.000,0.000,0.000,1.000,0.000,24,0,1,0,24,1,25,0,1.0,0.0,1.0,0.96,0.9795918367346939,0.020408163265306145
"G[0,1](((SaO2 <= 16.660 | PTT <= 27.382) & pH <= 20.524) | BUN <= 30.680)
",9999999.000,9999999.000,0.000,1.000,0.000,24,0,1,0,24,1,25,0,1.0,0.0,1.0,0.96,0.9795918367346939,0.020408163265306145
"G[0,1]((Potassium <= 3.132 & TroponinI <= 0.481) -> Phosphate <= 0.764)
",9999999.000,9999999.000,0.000,1.000,0.000,24,0,1,0,24,1,25,0,1.0,0.0,1.0,0.96,0.9795918367346939,0.020408163265306145
"G[1,1](((HR >= 66.092 | O2Sat >= 35.612) & Lactate <= 98.952) & DBP <= 93.896)
",-35.612,-35.612,0.000,1.000,0.000,24,0,1,0,24,1,25,0,1.0,0.0,1.0,0.96,0.9795918367346939,0.020408163265306145
"G[0,1]((Fibrinogen <= 115.364 & Magnesium >= 0.071) -> SBP >= 0.022)
",9999999.000,9999999.000,0.000,1.000,0.000,24,0,1,0,24,1,25,0,1.0,0.0,1.0,0.96,0.9795918367346939,0.020408163265306145
"G[0,1](Magnesium <= 0.405 -> PTT <= 21.749)
",9999999.000,9999999.000,0.000,1.000,0.000,24,0,1,0,24,1,25,0,1.0,0.0,1.0,0.96,0.9795918367346939,0.020408163265306145
"G[0,1](Hgb >= 0.326 -> SepsisLabel = 0.000)
",9999999.000,9999999.000,0.000,1.000,0.000,24,0,1,0,24,1,25,0,1.0,0.0,1.0,0.96,0.9795918367346939,0.020408163265306145
"G[1,1]((Creatinine >= 0.015 | Chloride <= 0.000) | AST <= 0.000)
",0.000,0.000,0.000,1.000,0.000,24,0,1,0,24,1,25,0,1.0,0.0,1.0,0.96,0.9795918367346939,0.020408163265306145
"G[0,1](((Platelets <= 34.692 & Potassium <= 2.824) -> DBP <= 1.644) | Potassium <= 2.520)
",9999999.000,9999999.000,0.000,1.000,0.000,24,0,1,0,24,1,25,0,1.0,0.0,1.0,0.96,0.9795918367346939,0.020408163265306145
"G[0,1](Temp < 18.022 -> SepsisLabel = 0.000)
",9999999.000,9999999.000,0.000,1.000,0.000,24,0,1,0,24,1,25,0,1.0,0.0,1.0,0.96,0.9795918367346939,0.020408163265306145
"G[0,0](BUN <= 13.103 & Fibrinogen <= 13.348)
",13.103,13.103,0.000,1.000,0.000,24,0,0,1,25,0,24,1,0.96,0.0,0.0,1.0,0.9795918367346939,0.020408163265306145
"G[1,1](((Temp <= 37.021 | Phosphate <= 3.020) | PaCO2 <= 3.234) & PTT <= 3.665)
",3.665,3.665,0.000,1.000,0.000,24,0,1,0,24,1,25,0,1.0,0.0,1.0,0.96,0.9795918367346939,0.020408163265306145
"G[0,1]((Creatinine >= 0.028 | Temp <= 19.169) | HR >= 5.331)
",9999999.000,9999999.000,0.000,1.000,0.000,24,0,1,0,24,1,25,0,1.0,0.0,1.0,0.96,0.9795918367346939,0.020408163265306145
"G[0,1]((Hgb <= 9.441 | Phosphate <= 3.167) | O2Sat <= 3.214)
",9999999.000,9999999.000,0.000,1.000,0.000,24,0,1,0,24,1,25,0,1.0,0.0,1.0,0.96,0.9795918367346939,0.020408163265306145
"G[1,1]((PTT >= 0.659 | SBP >= 38.964) & MAP <= 99.162)
",-0.659,-0.659,0.000,1.000,0.000,24,0,1,0,24,1,25,0,1.0,0.0,1.0,0.96,0.9795918367346939,0.020408163265306145
"G[0,1]((DBP >= 26.245 -> Potassium >= 0.257) | Calcium <= 1.773)
",9999999.000,9999999.000,0.000,1.000,0.000,24,0,1,0,24,1,25,0,1.0,0.0,1.0,0.96,0.9795918367346939,0.020408163265306145
"G[0,1](((Phosphate <= 1.013 | Resp <= 25.024) & Calcium >= 16.079) | Hgb <= 28.891)
",9999999.000,9999999.000,0.000,1.000,0.000,24,0,1,0,24,1,25,0,1.0,0.0,1.0,0.96,0.9795918367346939,0.020408163265306145
"G[0,1](((BUN <= 1.040 | MAP <= 67.201) | DBP >= 18.300) -> Magnesium <= 73.769)
",9999999.000,9999999.000,0.000,1.000,0.000,24,0,1,0,24,1,25,0,1.0,0.0,1.0,0.96,0.9795918367346939,0.020408163265306145
"G[0,1](((Hct >= 0.538 -> MAP >= 56.151) -> Creatinine <= 68.973) -> Magnesium <= 77.455)
",9999999.000,9999999.000,0.000,1.000,0.000,24,0,1,0,24,1,25,0,1.0,0.0,1.0,0.96,0.9795918367346939,0.020408163265306145
"G[0,1](((HR <= 126.758 | Temp <= 13.204) & SBP >= 1.593) | Platelets <= 35.981)
",9999999.000,9999999.000,0.000,1.000,0.000,24,0,1,0,24,1,25,0,1.0,0.0,1.0,0.96,0.9795918367346939,0.020408163265306145
"G[0,1](((FiO2 <= 0.379 & O2Sat <= 99.670) | Chloride <= 95.739) | PTT <= 98.436)
",9999999.000,9999999.000,0.000,1.000,0.000,24,0,1,0,24,1,25,0,1.0,0.0,1.0,0.96,0.9795918367346939,0.020408163265306145
"G[1,1](((DBP >= 46.748 -> Magnesium >= 0.001) -> Hct <= 0.273) -> DBP >= 0.058)
",0.058,0.058,0.000,1.000,0.000,24,0,1,0,24,1,25,0,1.0,0.0,1.0,0.96,0.9795918367346939,0.020408163265306145
"G[0,1]((Creatinine >= 0.004 -> SBP <= 118.898) | Lactate <= 112.846)
",9999999.000,9999999.000,0.000,1.000,0.000,24,0,1,0,24,1,25,0,1.0,0.0,1.0,0.96,0.9795918367346939,0.020408163265306145
"G[0,1](SepsisLabel <= 0.000 & SepsisLabel = 0.000)
",9999999.000,9999999.000,0.000,1.000,0.000,24,0,1,0,24,1,25,0,1.0,0.0,1.0,0.96,0.9795918367346939,0.020408163265306145
"G[0,1](((Calcium <= 7.248 | pH >= 0.442) | Hgb >= 0.508) | Alkalinephos >= 0.257)
",9999999.000,9999999.000,0.000,1.000,0.000,24,0,1,0,24,1,25,0,1.0,0.0,1.0,0.96,0.9795918367346939,0.020408163265306145
"G[1,1](Magnesium <= 0.214 | SBP >= 72.461)
",0.214,0.214,0.000,1.000,0.000,24,0,1,0,24,1,25,0,1.0,0.0,1.0,0.96,0.9795918367346939,0.020408163265306145
"G[0,1]((Hgb >= 0.592 & PaCO2 >= 1.959) | Creatinine <= 54.467)
",9999999.000,9999999.000,0.000,1.000,0.000,24,0,1,0,24,1,25,0,1.0,0.0,1.0,0.96,0.9795918367346939,0.020408163265306145
"G[0,1](((Hct <= 21.179 -> SBP >= 19.469) & Glucose <= 112.569) | Bilirubin_total <= 105.870)
",9999999.000,9999999.000,0.000,1.000,0.000,24,0,1,0,24,1,25,0,1.0,0.0,1.0,0.96,0.9795918367346939,0.020408163265306145
"G[1,1](((Glucose >= 28.867 & MAP >= 27.692) | O2Sat >= 46.049) | AST >= 55.043)
",-28.867,-28.867,0.000,1.000,0.000,24,0,1,0,24,1,25,0,1.0,0.0,1.0,0.96,0.9795918367346939,0.020408163265306145
"G[0,1](((Fibrinogen >= 0.661 -> Potassium <= 4.267) | Glucose >= 0.014) | Fibrinogen >= 0.544)
",9999999.000,9999999.000,0.000,1.000,0.000,24,0,1,0,24,1,25,0,1.0,0.0,1.0,0.96,0.9795918367346939,0.020408163265306145
"G[1,1]((DBP <= 66.613 | PaCO2 <= 18.065) | Potassium >= 1.708)
",66.613,66.613,0.000,1.000,0.000,24,0,1,0,24,1,25,0,1.0,0.0,1.0,0.96,0.9795918367346939,0.020408163265306145
"G[0,1]((Magnesium <= 0.597 | Potassium <= 1.341) | WBC >= 0.064)
",9999999.000,9999999.000,0.000,1.000,0.000,24,0,1,0,24,1,25,0,1.0,0.0,1.0,0.96,0.9795918367346939,0.020408163265306145
"G[1,1]((Glucose <= 274.507 & Potassium <= 2.697) -> pH <= 3.214)
",-3.214,-3.214,0.000,1.000,0.000,24,0,1,0,24,1,25,0,1.0,0.0,1.0,0.96,0.9795918367346939,0.020408163265306145
"G[1,1](((Potassium <= 3.504 | WBC >= 0.084) -> FiO2 <= 6.308) | Fibrinogen >= 0.166)
",-0.166,-0.166,0.000,1.000,0.000,24,0,1,0,24,1,25,0,1.0,0.0,1.0,0.96,0.9795918367346939,0.020408163265306145
"G[0,1](((HR <= 125.087 & Creatinine >= 0.014) | TroponinI >= 0.011) | BaseExcess <= 0.540)
",9999999.000,9999999.000,0.000,1.000,0.000,24,0,1,0,24,1,25,0,1.0,0.0,1.0,0.96,0.9795918367346939,0.020408163265306145
"G[0,1](((O2Sat <= 96.875 -> TroponinI <= 0.814) & Hct <= 0.250) | Potassium >= 0.015)
",9999999.000,9999999.000,0.000,1.000,0.000,24,0,1,0,24,1,25,0,1.0,0.0,1.0,0.96,0.9795918367346939,0.020408163265306145
"G[1,1](((PaCO2 <= 47.315 | Bilirubin_total >= 0.000) | PaCO2 >= 0.000) | Chloride >= 0.000)
",47.315,47.315,0.000,1.000,0.000,24,0,1,0,24,1,25,0,1.0,0.0,1.0,0.96,0.9795918367346939,0.020408163265306145
"G[0,1](Chloride >= 0.000 & HCO3 >= 0.000)
",9999999.000,9999999.000,0.000,1.000,0.000,24,0,1,0,24,1,25,0,1.0,0.0,1.0,0.96,0.9795918367346939,0.020408163265306145
"G[1,1]((Lactate <= 3.309 -> Alkalinephos <= 0.000) -> PaCO2 >= 0.000)
",0.000,0.000,0.000,1.000,0.000,24,0,1,0,24,1,25,0,1.0,0.0,1.0,0.96,0.9795918367346939,0.020408163265306145
"G[1,1](DBP >= 36.107 -> DBP >= 46.798)
",36.107,36.107,0.000,1.000,0.000,24,0,1,0,24,1,25,0,1.0,0.0,1.0,0.96,0.9795918367346939,0.020408163265306145
"G[0,0]((O2Sat >= 17.181 & Alkalinephos >= 0.000) -> pH <= 0.000)
",0.000,0.000,0.000,1.000,0.000,23,0,0,2,25,0,23,2,0.92,0.0,0.0,1.0,0.9387755102040817,0.061224489795918324
"G[1,1]((Lactate >= 0.040 -> O2Sat <= 98.185) | Creatinine >= 65.633)
",-65.633,-65.633,0.000,1.000,0.000,23,0,1,1,24,1,24,1,0.9583333333333334,0.0,1.0,0.9583333333333334,0.9387755102040817,0.061224489795918324
"G[0,0]((Magnesium >= 0.035 -> Phosphate >= 0.029) -> SaO2 <= 2.888)
",-1.492,-2.406,0.000,1.000,0.000,23,0,0,2,25,0,23,2,0.92,0.0,0.0,1.0,0.9387755102040817,0.061224489795918324
"G[1,1](((Potassium <= 4.334 & SBP >= 67.084) & O2Sat <= 113.694) | PaCO2 >= 39.610)
",-39.610,-39.610,0.000,1.000,0.000,23,0,1,1,24,1,24,1,0.9583333333333334,0.0,1.0,0.9583333333333334,0.9387755102040817,0.061224489795918324
"G[0,1]((SBP >= 43.148 & WBC >= 0.001) -> Phosphate <= 2.480)
",9999999.000,9999999.000,0.000,1.000,0.000,23,0,1,1,24,1,24,1,0.9583333333333334,0.0,1.0,0.9583333333333334,0.9387755102040817,0.061224489795918324
"G[0,1]((DBP >= 36.092 & O2Sat >= 10.312) & WBC <= 93.975)
",9999999.000,9999999.000,0.000,1.000,0.000,23,0,1,1,24,1,24,1,0.9583333333333334,0.0,1.0,0.9583333333333334,0.9387755102040817,0.061224489795918324
"G[0,1]((FiO2 >= 0.062 -> MAP <= 82.263) -> DBP >= 9.186)
",9999999.000,9999999.000,0.000,1.000,0.000,23,0,1,1,24,1,24,1,0.9583333333333334,0.0,1.0,0.9583333333333334,0.9387755102040817,0.061224489795918324
"G[1,1](PaCO2 <= 46.304 & SepsisLabel = 0.000)
",0.000,0.000,0.000,1.000,0.000,23,0,1,1,24,1,24,1,0.9583333333333334,0.0,1.0,0.9583333333333334,0.9387755102040817,0.061224489795918324
"G[0,1](HR <= 104.320 | TroponinI <= 0.179)
",9999999.000,9999999.000,0.000,1.000,0.000,23,0,1,1,24,1,24,1,0.9583333333333334,0.0,1.0,0.9583333333333334,0.9387755102040817,0.061224489795918324
"G[0,1](Glucose >= 38.834 -> Lactate <= 2.476)
",9999999.000,9999999.000,0.000,1.000,0.000,23,0,1,1,24,1,24,1,0.9583333333333334,0.0,1.0,0.9583333333333334,0.9387755102040817,0.061224489795918324
"G[0,1]((Phosphate <= 1.577 -> WBC <= 1.514) | Resp <= 4.725)
",9999999.000,9999999.000,0.000,1.000,0.000,22,0,1,2,24,1,23,2,0.9166666666666666,0.0,1.0,0.9565217391304348,0.8979591836734694,0.10204081632653061
"G[0,1](Hgb >= 0.039 -> PTT >= 0.563)
",9999999.000,9999999.000,0.000,1.000,0.000,22,0,1,2,24,1,23,2,0.9166666666666666,0.0,1.0,0.9565217391304348,0.8979591836734694,0.10204081632653061
"G[0,1]((SepsisLabel <= 0.000 -> Hgb <= 8.124) | BUN <= 0.619)
",9999999.000,9999999.000,0.000,1.000,0.000,22,0,1,2,24,1,23,2,0.9166666666666666,0.0,1.0,0.9565217391304348,0.8979591836734694,0.10204081632653061
"G[0,1](TroponinI <= 0.486 & SepsisLabel = 0.000)
",9999999.000,9999999.000,0.000,1.000,0.000,21,0,1,3,24,1,22,3,0.875,0.0,1.0,0.9545454545454546,0.8571428571428571,0.1428571428571429
"G[0,0](((BUN >= 0.128 -> DBP >= 1.953) | Lactate <= 54.882) -> Glucose <= 61.656)
",-61.656,-61.656,0.000,1.000,0.000,21,0,0,4,25,0,21,4,0.84,0.0,0.0,1.0,0.8571428571428571,0.1428571428571429
"G[0,1](TroponinI < 0.044 & SepsisLabel = 0.000)
",9999999.000,9999999.000,0.000,1.000,0.000,21,0,1,3,24,1,22,3,0.875,0.0,1.0,0.9545454545454546,0.8571428571428571,0.1428571428571429
"G[0,0](SaO2 <= 42.166 & SBP >= 83.222)
",-4.693,-74.105,0.000,1.000,0.000,21,0,0,4,25,0,21,4,0.84,0.0,0.0,1.0,0.8571428571428571,0.1428571428571429
"G[1,1](FiO2 <= 0.739 & Resp >= 3.325)
",-3.325,-3.325,0.000,1.000,0.000,20,0,1,4,24,1,21,4,0.8333333333333334,0.0,1.0,0.9523809523809523,0.8163265306122449,0.18367346938775508
"G[0,1](BUN <= 4.283 -> Potassium <= 3.425)
",9999999.000,9999999.000,0.000,1.000,0.000,19,0,1,5,24,1,20,5,0.7916666666666666,0.0,1.0,0.95,0.7755102040816326,0.22448979591836737
"G[0,1](SaO2 <= 52.637 -> EtCO2 >= 6.408)
",9999999.000,9999999.000,0.000,1.000,0.000,19,0,0,6,25,0,19,6,0.76,0.0,0.0,1.0,0.7755102040816326,0.22448979591836737
"G[0,1](((WBC <= 7.333 & Chloride >= 0.000) -> Hct <= 0.000) -> Calcium <= 0.000)
",9999999.000,9999999.000,0.000,1.000,0.000,18,0,1,6,24,1,19,6,0.75,0.0,1.0,0.9473684210526315,0.7346938775510204,0.26530612244897955
"G[0,1](((Calcium >= 0.131 & Potassium >= 0.346) & Bilirubin_total <= 4.340) -> Bilirubin_direct >= 0.527)
",9999999.000,9999999.000,0.000,1.000,0.000,16,0,1,8,24,1,17,8,0.6666666666666666,0.0,1.0,0.9411764705882353,0.6530612244897959,0.34693877551020413
"G[1,1](EtCO2 >= 1.177 & FiO2 <= 0.464)
",-1.177,-1.177,0.000,1.000,0.000,16,0,1,8,24,1,17,8,0.6666666666666666,0.0,1.0,0.9411764705882353,0.6530612244897959,0.34693877551020413
"G[0,1](MAP <= 82.508 & Potassium <= 1.206)
",9999999.000,9999999.000,0.000,1.000,0.000,15,0,1,9,24,1,16,9,0.625,0.0,1.0,0.9375,0.6122448979591837,0.3877551020408163
"G[0,0](HR <= 91.728 | PTT >= 0.043)
",-6188891614423297.000,-0.043,0.000,1.000,0.000,15,0,0,10,25,0,15,10,0.6,0.0,0.0,1.0,0.6122448979591837,0.3877551020408163
"G[0,1]((Resp <= 25.945 -> Temp <= 15.700) | Hgb >= 5.836)
",9999999.000,9999999.000,0.000,1.000,0.000,14,0,1,10,24,1,15,10,0.5833333333333334,0.0,1.0,0.9333333333333333,0.5714285714285714,0.4285714285714286
"G[0,0](PTT <= 27.007 -> Resp <= 21.037)
",-7601665056978732.000,-27.007,0.000,1.000,0.000,12,0,0,13,25,0,12,13,0.48,0.0,0.0,1.0,0.4897959183673469,0.5102040816326531
"G[0,1](Glucose <= 93.249 & PTT <= 21.147)
",9999999.000,9999999.000,0.000,1.000,0.000,10,0,1,14,24,1,11,14,0.4166666666666667,0.0,1.0,0.9090909090909091,0.40816326530612246,0.5918367346938775
"G[1,1](((Creatinine <= 0.062 & FiO2 >= 0.092) -> Calcium <= 0.919) & Temp >= 0.025)
",-0.919,-0.919,0.000,1.000,0.000,9,0,1,15,24,1,10,15,0.375,0.0,1.0,0.9,0.3673469387755102,0.6326530612244898
"G[1,1]((Chloride <= 0.000 -> MAP >= 64.694) -> FiO2 >= 63.651)
",0.000,0.000,0.000,1.000,0.000,8,0,1,16,24,1,9,16,0.3333333333333333,0.0,1.0,0.8888888888888888,0.32653061224489793,0.6734693877551021
"G[1,1]((HR <= 120.295 -> WBC >= 0.292) | Potassium >= 0.025)
",-7094489864397163.000,-0.025,0.000,1.000,0.000,7,0,1,17,24,1,8,17,0.2916666666666667,0.0,1.0,0.875,0.2857142857142857,0.7142857142857143
"G[0,1]((EtCO2 <= 23.987 & Glucose <= 153.173) & SepsisLabel <= 176.438)
",9999999.000,9999999.000,0.000,1.000,0.000,6,0,1,18,24,1,7,18,0.25,0.0,1.0,0.8571428571428571,0.24489795918367346,0.7551020408163265
"G[0,0](((Lactate >= 0.263 -> pH >= 0.802) & AST <= 4.195) -> EtCO2 <= 5.950)
",0.319,2.357,0.000,1.000,0.000,6,0,0,19,25,0,6,19,0.24,0.0,0.0,1.0,0.24489795918367346,0.7551020408163265
"G[1,1]((Creatinine <= 0.340 -> Potassium >= 0.315) | Hct >= 0.482)
",-0.340,-0.340,0.000,1.000,0.000,5,0,1,19,24,1,6,19,0.20833333333333334,0.0,1.0,0.8333333333333334,0.20408163265306123,0.7959183673469388
"G[0,1]((BUN <= 4.325 -> Magnesium >= 0.069) | EtCO2 <= 0.113)
",9999999.000,9999999.000,0.000,1.000,0.000,4,0,1,20,24,1,5,20,0.16666666666666666,0.0,1.0,0.8,0.16326530612244897,0.8367346938775511
"G[1,1]((FiO2 <= 0.140 -> Lactate <= 3.593) & SaO2 >= 0.199)
",-8089626112933407.000,-3.593,0.000,1.000,0.000,4,0,1,20,24,1,5,20,0.16666666666666666,0.0,1.0,0.8,0.16326530612244897,0.8367346938775511
"G[0,0](((BUN <= 10.553 & Phosphate >= 0.017) | PaCO2 >= 0.051) | Glucose >= 0.021)
",0.293,0.594,0.000,1.000,0.000,4,0,0,21,25,0,4,21,0.16,0.0,0.0,1.0,0.16326530612244897,0.8367346938775511
"G[1,1]((pH <= 5.768 -> Platelets >= 2.512) & pH >= 2.545)
",-5.768,-5.768,0.000,1.000,0.000,4,0,1,20,24,1,5,20,0.16666666666666666,0.0,1.0,0.8,0.16326530612244897,0.8367346938775511
"G[1,1](Platelets <= 22.669 -> WBC >= 0.339)
",-22.669,-22.669,0.000,1.000,0.000,2,0,1,22,24,1,3,22,0.08333333333333333,0.0,1.0,0.6666666666666666,0.08163265306122448,0.9183673469387755
"G[1,1](((Hgb <= 1.764 | Hct <= 4.863) -> WBC >= 0.291) & Platelets >= 2.846)
",-4.863,-4.863,0.000,1.000,0.000,2,0,1,22,24,1,3,22,0.08333333333333333,0.0,1.0,0.6666666666666666,0.08163265306122448,0.9183673469387755
"G[1,1](((Hgb <= 8.225 | Hct <= 15.463) -> WBC >= 0.237) & Platelets >= 1.828)
",-15.463,-15.463,0.000,1.000,0.000,2,0,1,22,24,1,3,22,0.08333333333333333,0.0,1.0,0.6666666666666666,0.08163265306122448,0.9183673469387755
"G[0,0](PaCO2 >= 1.082 & Phosphate <= 1.585)
",-1.166,-0.860,0.000,1.000,0.000,2,0,0,23,25,0,2,23,0.08,0.0,0.0,1.0,0.08163265306122448,0.9183673469387755
"G[0,0](((Glucose <= 108.585 | Hct >= 1.162) | SaO2 <= 16.742) -> SaO2 >= 1.424)
",-108.585,-108.585,0.000,1.000,0.000,2,0,0,23,25,0,2,23,0.08,0.0,0.0,1.0,0.08163265306122448,0.9183673469387755
"G[1,1](((Platelets >= 3.293 -> SaO2 >= 9.109) & Bilirubin_direct <= 81.223) -> O2Sat <= 38.757)
",-38.757,-38.757,0.000,1.000,0.000,1,0,1,23,24,1,2,23,0.041666666666666664,0.0,1.0,0.5,0.04081632653061224,0.9591836734693877
"G[0,0]((MAP >= 47.731 | Magnesium <= 1.652) -> DBP <= 1.300)
",-4.959,-52.853,0.000,1.000,0.000,1,0,0,24,25,0,1,24,0.04,0.0,0.0,1.0,0.04081632653061224,0.9591836734693877
"G[0,0](Hct >= 1.344 & HR >= 43.421)
",-7.522,-1.308,0.000,1.000,0.000,1,0,0,24,25,0,1,24,0.04,0.0,0.0,1.0,0.04081632653061224,0.9591836734693877
"G[0,0](((Hgb <= 7.970 | Hct <= 11.090) -> WBC >= 0.218) & Platelets >= 1.086)
",-63.585,-11.054,0.000,1.000,0.000,1,0,0,24,25,0,1,24,0.04,0.0,0.0,1.0,0.04081632653061224,0.9591836734693877
"G[0,2]((Fibrinogen <= 84.275 & Phosphate <= 1.951) & WBC >= 0.025)
",9999999.000,9999999.000,0.000,1.000,0.000,0,0,0,25,25,0,0,25,0.0,0.0,0.0,0.0,0.0,1.0
"G[1,2](WBC >= 0.315 -> O2Sat >= 32.099)
",9999999.000,9999999.000,0.000,1.000,0.000,0,0,25,0,0,25,25,0,0.0,0.0,1.0,0.0,0.0,1.0
"G[1,1](((DBP >= 14.947 | TroponinI >= 0.021) | Hgb >= 0.028) & Chloride >= 0.010)
",-0.021,-0.021,0.000,1.000,0.000,0,0,1,24,24,1,1,24,0.0,0.0,1.0,0.0,0.0,1.0
"G[1,2](((Chloride >= 0.000 -> Magnesium >= 0.026) -> EtCO2 <= 1.452) | PTT >= 0.015)
",9999999.000,9999999.000,0.000,1.000,0.000,0,0,24,1,1,24,24,1,0.0,0.0,1.0,0.0,0.0,1.0
"G[1,2]((DBP <= 57.857 & Glucose <= 71.915) -> Creatinine <= 170.819)
",9999999.000,9999999.000,0.000,1.000,0.000,0,0,25,0,0,25,25,0,0.0,0.0,1.0,0.0,0.0,1.0
"G[1,2](((Fibrinogen <= 142.987 | PaCO2 <= 22.747) & Bilirubin_total >= 3.622) | Fibrinogen <= 12.219)
",9999999.000,9999999.000,0.000,1.000,0.000,0,0,25,0,0,25,25,0,0.0,0.0,1.0,0.0,0.0,1.0
"G[1,2](O2Sat >= 53.802 -> WBC <= 6.715)
",9999999.000,9999999.000,0.000,1.000,0.000,0,0,24,1,1,24,24,1,0.0,0.0,1.0,0.0,0.0,1.0
"G[1,2](((BaseExcess <= 0.000 | pH <= 7.365) & O2Sat <= 5.997) | BaseExcess <= 4.404)
",9999999.000,9999999.000,0.000,1.000,0.000,0,0,25,0,0,25,25,0,0.0,0.0,1.0,0.0,0.0,1.0
"G[0,2]((Bilirubin_total <= 0.000 -> AST >= 0.000) & FiO2 >= 0.000)
",9999999.000,9999999.000,0.000,1.000,0.000,0,0,25,0,0,25,25,0,0.0,0.0,1.0,0.0,0.0,1.0
"G[0,2](((EtCO2 <= 27.239 -> Magnesium <= 1.762) | Phosphate <= 0.597) | AST <= 0.974)
",9999999.000,9999999.000,0.000,1.000,0.000,0,0,25,0,0,25,25,0,0.0,0.0,1.0,0.0,0.0,1.0
"G[0,2]((Alkalinephos <= 0.000 -> BaseExcess <= 0.000) | AST >= 0.000)
",9999999.000,9999999.000,0.000,1.000,0.000,0,0,25,0,0,25,25,0,0.0,0.0,1.0,0.0,0.0,1.0
"G[0,2](Hgb >= 0.183 & SBP <= 100.222)
",9999999.000,9999999.000,0.000,1.000,0.000,0,0,0,25,25,0,0,25,0.0,0.0,0.0,0.0,0.0,1.0
"G[1,2](((Fibrinogen <= 72.140 | pH <= 1.412) -> EtCO2 <= 6.676) | Platelets <= 3.105)
",9999999.000,9999999.000,0.000,1.000,0.000,0,0,23,2,2,23,23,2,0.0,0.0,1.0,0.0,0.0,1.0
"G[1,2]((Fibrinogen >= 3.939 & SaO2 <= 57.747) -> Glucose >= 9.026)
",9999999.000,9999999.000,0.000,1.000,0.000,0,0,25,0,0,25,25,0,0.0,0.0,1.0,0.0,0.0,1.0
"G[0,1](FiO2 >= 0.017 & PTT <= 18.050)
",9999999.000,9999999.000,0.000,1.000,0.000,0,0,0,25,25,0,0,25,0.0,0.0,0.0,0.0,0.0,1.0
"G[1,2]((Fibrinogen <= 191.336 -> SBP >= 88.279) | Alkalinephos >= 1.791)
",9999999.000,9999999.000,0.000,1.000,0.000,0,0,22,3,3,22,22,3,0.0,0.0,1.0,0.0,0.0,1.0
"G[0,2](Fibrinogen <= 203.214 & O2Sat <= 97.029)
",9999999.000,9999999.000,0.000,1.000,0.000,0,0,14,11,11,14,14,11,0.0,0.0,1.0,0.0,0.0,1.0
"G[1,2]((Magnesium >= 0.051 | O2Sat >= 39.898) -> Phosphate >= 86.871)
",9999999.000,9999999.000,0.000,1.000,0.000,0,0,1,24,24,1,1,24,0.0,0.0,1.0,0.0,0.0,1.0
"G[0,0]((Calcium <= 9.214 | EtCO2 <= 21.242) -> Potassium >= 18.620)
",-3.074,-10.218,0.000,1.000,0.000,0,0,0,25,25,0,0,25,0.0,0.0,0.0,0.0,0.0,1.0
"G[1,2](Lactate <= 0.464 | BaseExcess >= 0.000)
",9999999.000,9999999.000,0.000,1.000,0.000,0,0,25,0,0,25,25,0,0.0,0.0,1.0,0.0,0.0,1.0
"G[0,2]((MAP <= 79.169 & PaCO2 >= 1.467) & SepsisLabel <= 21.811)
",9999999.000,9999999.000,0.000,1.000,0.000,0,0,0,25,25,0,0,25,0.0,0.0,0.0,0.0,0.0,1.0
"G[2,2](((EtCO2 >= 18.680 -> Hgb <= 1.896) -> PTT >= 0.337) | Phosphate >= 0.350)
",0.337,0.337,0.000,1.000,0.000,0,0,25,0,0,25,25,0,0.0,0.0,1.0,0.0,0.0,1.0
"G[0,2]((EtCO2 <= 24.785 & PTT <= 1.278) -> TroponinI <= 8.936)
",9999999.000,9999999.000,0.000,1.000,0.000,0,0,25,0,0,25,25,0,0.0,0.0,1.0,0.0,0.0,1.0
"G[0,2](MAP >= 58.339 | pH >= 0.892)
",9999999.000,9999999.000,0.000,1.000,0.000,0,0,23,2,2,23,23,2,0.0,0.0,1.0,0.0,0.0,1.0
"G[2,2](SBP >= 35.563 & Temp <= 16.627)
",-35.563,-35.563,0.000,1.000,0.000,0,0,25,0,0,25,25,0,0.0,0.0,1.0,0.0,0.0,1.0
"G[0,2](((BUN >= 0.303 -> SaO2 >= 6.625) -> Glucose <= 71.851) & SepsisLabel >= 0.778)
",9999999.000,9999999.000,0.000,1.000,0.000,0,0,0,25,25,0,0,25,0.0,0.0,0.0,0.0,0.0,1.0
"G[0,0](((Hgb <= 9.124 | SBP >= 72.128) & O2Sat <= 100.818) -> pH >= 14.531)
",-0.610,-4.303,0.000,1.000,0.000,0,0,0,25,25,0,0,25,0.0,0.0,0.0,0.0,0.0,1.0
"G[2,2](((EtCO2 >= 7.824 | Platelets <= 38.060) -> Potassium >= 3.067) -> Bilirubin_total >= 2.806)
",2.806,2.806,0.000,1.000,0.000,0,0,25,0,0,25,25,0,0.0,0.0,1.0,0.0,0.0,1.0
"G[0,2](((Bilirubin_total <= 0.000 -> SaO2 >= 8.047) | Alkalinephos >= 11.041) -> Lactate <= 31.168)
",9999999.000,9999999.000,0.000,1.000,0.000,0,0,25,0,0,25,25,0,0.0,0.0,1.0,0.0,0.0,1.0
"G[0,2](((AST >= 0.000 | Glucose <= 75.833) | FiO2 >= 30.789) | Platelets <= 186.378)
",9999999.000,9999999.000,0.000,1.000,0.000,0,0,25,0,0,25,25,0,0.0,0.0,1.0,0.0,0.0,1.0
"G[1,2](((Magnesium <= 1.046 | Fibrinogen >= 3.589) & AST <= 158.771) -> SaO2 >= 0.876)
",9999999.000,9999999.000,0.000,1.000,0.000,0,0,6,19,19,6,6,19,0.0,0.0,1.0,0.0,0.0,1.0
"G[1,2](((Temp <= 34.462 | Hgb <= 6.389) & Alkalinephos >= 0.191) | Magnesium >= 0.475)
",9999999.000,9999999.000,0.000,1.000,0.000,0,0,2,23,23,2,2,23,0.0,0.0,1.0,0.0,0.0,1.0
"G[0,2](MAP >= 7.778 -> Chloride <= 0.000)
",9999999.000,9999999.000,0.000,1.000,0.000,0,0,25,0,0,25,25,0,0.0,0.0,1.0,0.0,0.0,1.0
"G[1,2](((Bilirubin_total >= 0.000 -> Hct <= 4.544) -> Glucose <= 9.630) -> PaCO2 >= 1.349)
",9999999.000,9999999.000,0.000,1.000,0.000,0,0,10,15,15,10,10,15,0.0,0.0,1.0,0.0,0.0,1.0
"G[1,2](((Temp <= 25.642 & Fibrinogen >= 3.107) & EtCO2 >= 1.907) -> TroponinI >= 2.157)
",9999999.000,9999999.000,0.000,1.000,0.000,0,0,25,0,0,25,25,0,0.0,0.0,1.0,0.0,0.0,1.0
"G[0,2](Calcium <= 4.012 -> Resp <= 23.749)
",9999999.000,9999999.000,0.000,1.000,0.000,0,0,9,16,16,9,9,16,0.0,0.0,1.0,0.0,0.0,1.0
"G[1,2](Glucose <= 146.657 & Bilirubin_direct <= 0.000)
",9999999.000,9999999.000,0.000,1.000,0.000,0,0,17,8,8,17,17,8,0.0,0.0,1.0,0.0,0.0,1.0
"G[1,2]((PTT >= 0.145 | Lactate >= 0.053) | HR >= 0.115)
",9999999.000,9999999.000,0.000,1.000,0.000,0,0,25,0,0,25,25,0,0.0,0.0,1.0,0.0,0.0,1.0
"G[1,2]((PTT <= 8.071 | Platelets >= 1.746) & Creatinine >= 0.826)
",9999999.000,9999999.000,0.000,1.000,0.000,0,0,2,23,23,2,2,23,0.0,0.0,1.0,0.0,0.0,1.0
"G[0,2]((Bilirubin_total <= 0.000 & PaCO2 <= 34.958) | BaseExcess <= 10.291)
",9999999.000,9999999.000,0.000,1.000,0.000,0,0,25,0,0,25,25,0,0.0,0.0,1.0,0.0,0.0,1.0
"G[2,2](((Potassium <= 2.949 | O2Sat <= 94.018) -> MAP >= 7.928) | BaseExcess <= 95.039)
",95.039,95.039,0.000,1.000,0.000,0,0,25,0,0,25,25,0,0.0,0.0,1.0,0.0,0.0,1.0
"G[1,2](DBP <= 55.753 | TroponinI <= 0.306)
",9999999.000,9999999.000,0.000,1.000,0.000,0,0,25,0,0,25,25,0,0.0,0.0,1.0,0.0,0.0,1.0
"G[0,1]((HR >= 42.595 -> Potassium <= 4.317) -> Phosphate >= 0.506)
",9999999.000,9999999.000,0.000,1.000,0.000,0,0,0,25,25,0,0,25,0.0,0.0,0.0,0.0,0.0,1.0
"G[0,2](((Potassium >= 0.025 & Alkalinephos >= 0.000) & Magnesium <= 0.000) & Chloride <= 0.000)
",9999999.000,9999999.000,0.000,1.000,0.000,0,0,0,25,25,0,0,25,0.0,0.0,0.0,0.0,0.0,1.0
"G[1,2](((Magnesium <= 0.165 -> Alkalinephos >= 0.000) & BUN <= 0.000) & Fibrinogen <= 0.000)
",9999999.000,9999999.000,0.000,1.000,0.000,0,0,24,1,1,24,24,1,0.0,0.0,1.0,0.0,0.0,1.0
"G[0,2](((PTT >= 0.034 & Platelets >= 1.555) -> FiO2 >= 3.185) | Resp <= 53.436)
",9999999.000,9999999.000,0.000,1.000,0.000,0,0,25,0,0,25,25,0,0.0,0.0,1.0,0.0,0.0,1.0
"G[1,2](Fibrinogen <= 77.205 | SepsisLabel <= 0.000)
",9999999.000,9999999.000,0.000,1.000,0.000,0,0,25,0,0,25,25,0,0.0,0.0,1.0,0.0,0.0,1.0
"G[1,2](Chloride >= 0.000 -> SepsisLabel >= 0.000)
",9999999.000,9999999.000,0.000,1.000,0.000,0,0,25,0,0,25,25,0,0.0,0.0,1.0,0.0,0.0,1.0
"G[1,2]((pH <= 1.120 | Bilirubin_direct >= 0.000) | HCO3 >= 0.000)
",9999999.000,9999999.000,0.000,1.000,0.000,0,0,25,0,0,25,25,0,0.0,0.0,1.0,0.0,0.0,1.0
"G[0,2](((SaO2 <= 14.561 & DBP >= 26.017) -> Alkalinephos <= 54.549) -> Alkalinephos <= 56.935)
",9999999.000,9999999.000,0.000,1.000,0.000,0,0,25,0,0,25,25,0,0.0,0.0,1.0,0.0,0.0,1.0
"G[1,2](((Lactate >= 0.156 -> Temp >= 8.830) | PaCO2 >= 3.813) & Bilirubin_total <= 19.151)
",9999999.000,9999999.000,0.000,1.000,0.000,0,0,25,0,0,25,25,0,0.0,0.0,1.0,0.0,0.0,1.0
"G[1,2](Calcium >= 0.117 & SBP <= 96.747)
",9999999.000,9999999.000,0.000,1.000,0.000,0,0,5,20,20,5,5,20,0.0,0.0,1.0,0.0,0.0,1.0
"G[0,2](Bilirubin_direct >= 0.000 | Hgb <= 2.882)
",9999999.000,9999999.000,0.000,1.000,0.000,0,0,25,0,0,25,25,0,0.0,0.0,1.0,0.0,0.0,1.0
"G[1,1](((DBP <= 55.887 -> Lactate >= 0.285) & Alkalinephos >= 0.177) & FiO2 <= 3.365)
",-7865440062675587.000,-55.887,0.000,1.000,0.000,0,0,1,24,24,1,1,24,0.0,0.0,1.0,0.0,0.0,1.0
"G[0,2](((DBP <= 62.471 & SaO2 <= 14.593) -> SBP >= 8.689) & Lactate <= 21.582)
",9999999.000,9999999.000,0.000,1.000,0.000,0,0,24,1,1,24,24,1,0.0,0.0,1.0,0.0,0.0,1.0
"G[0,1](DBP <= 66.340 -> pH >= 0.868)
",9999999.000,9999999.000,0.000,1.000,0.000,0,0,0,25,25,0,0,25,0.0,0.0,0.0,0.0,0.0,1.0
"G[1,2]((DBP <= 61.926 -> Calcium >= 0.229) & Calcium >= 0.003)
",9999999.000,9999999.000,0.000,1.000,0.000,0,0,6,19,19,6,6,19,0.0,0.0,1.0,0.0,0.0,1.0
"G[1,2](BaseExcess >= 0.000 -> HR <= 129.053)
",9999999.000,9999999.000,0.000,1.000,0.000,0,0,24,1,1,24,24,1,0.0,0.0,1.0,0.0,0.0,1.0
"G[2,2](((Chloride <= 0.000 | DBP <= 62.964) | Creatinine >= 30.715) -> Resp >= 14.405)
",-62.964,-62.964,0.000,1.000,0.000,0,0,25,0,0,25,25,0,0.0,0.0,1.0,0.0,0.0,1.0
"G[1,2]((HR >= 84.704 | HCO3 >= 0.000) | Magnesium >= 0.000)
",9999999.000,9999999.000,0.000,1.000,0.000,0,0,25,0,0,25,25,0,0.0,0.0,1.0,0.0,0.0,1.0
"G[0,2](((Alkalinephos >= 0.000 -> PTT >= 0.156) | Resp <= 26.653) & Resp <= 0.978)
",9999999.000,9999999.000,0.000,1.000,0.000,0,0,1,24,24,1,1,24,0.0,0.0,1.0,0.0,0.0,1.0
"G[2,2]((Platelets <= 18.744 & PTT <= 7.092) & Hgb <= 14.599)
",7984549161408268.000,7.092,0.000,1.000,0.000,0,0,25,0,0,25,25,0,0.0,0.0,1.0,0.0,0.0,1.0
"G[1,2]((Bilirubin_direct <= 0.000 & pH >= 0.037) | DBP >= 0.895)
",9999999.000,9999999.000,0.000,1.000,0.000,0,0,25,0,0,25,25,0,0.0,0.0,1.0,0.0,0.0,1.0
"G[2,2](((Lactate <= 3.303 | PaCO2 >= 4.069) -> Resp <= 31.229) -> PaCO2 >= 1.245)
",1.245,1.245,0.000,1.000,0.000,0,0,25,0,0,25,25,0,0.0,0.0,1.0,0.0,0.0,1.0
"G[1,2]((pH <= 1.185 | Chloride <= 0.000) -> AST >= 0.000)
",9999999.000,9999999.000,0.000,1.000,0.000,0,0,25,0,0,25,25,0,0.0,0.0,1.0,0.0,0.0,1.0
"G[0,2](((TroponinI >= 0.020 & Fibrinogen >= 4.191) -> HR >= 0.941) -> Platelets <= 170.094)
",9999999.000,9999999.000,0.000,1.000,0.000,0,0,25,0,0,25,25,0,0.0,0.0,1.0,0.0,0.0,1.0
"G[1,2](((Platelets >= 1.026 -> Temp >= 1.643) & Lactate <= 12.778) | HR >= 5.557)
",9999999.000,9999999.000,0.000,1.000,0.000,0,0,25,0,0,25,25,0,0.0,0.0,1.0,0.0,0.0,1.0
"G[1,2](((Resp <= 27.778 -> SaO2 >= 3.080) -> DBP <= 37.678) | Glucose >= 5.932)
",9999999.000,9999999.000,0.000,1.000,0.000,0,0,25,0,0,25,25,0,0.0,0.0,1.0,0.0,0.0,1.0
"G[1,2]((Glucose <= 197.219 -> Chloride <= 0.000) -> Hct >= 0.000)
",9999999.000,9999999.000,0.000,1.000,0.000,0,0,25,0,0,25,25,0,0.0,0.0,1.0,0.0,0.0,1.0
"G[2,2]((Creatinine <= 0.807 & Phosphate >= 0.067) & pH <= 1.843)
",-0.067,-0.067,0.000,1.000,0.000,0,0,25,0,0,25,25,0,0.0,0.0,1.0,0.0,0.0,1.0
"G[2,2](((PaCO2 <= 18.907 | Temp <= 18.193) -> pH <= 31.528) | FiO2 >= 5.203)
",-5.203,-5.203,0.000,1.000,0.000,0,0,25,0,0,25,25,0,0.0,0.0,1.0,0.0,0.0,1.0
"G[1,2](Chloride >= 0.000 & HCO3 >= 0.000)
",9999999.000,9999999.000,0.000,1.000,0.000,0,0,25,0,0,25,25,0,0.0,0.0,1.0,0.0,0.0,1.0
"G[1,2](BUN <= 2.857 -> PaCO2 >= 1.867)
",9999999.000,9999999.000,0.000,1.000,0.000,0,0,6,19,19,6,6,19,0.0,0.0,1.0,0.0,0.0,1.0
"G[1,2](Calcium >= 0.274 & Hct <= 5.472)
",9999999.000,9999999.000,0.000,1.000,0.000,0,0,4,21,21,4,4,21,0.0,0.0,1.0,0.0,0.0,1.0
"G[0,1](BUN <= 10.494 & Creatinine >= 0.004)
",9999999.000,9999999.000,0.000,1.000,0.000,0,0,0,25,25,0,0,25,0.0,0.0,0.0,0.0,0.0,1.0
"G[1,2](Chloride >= 0.000 & HCO3 >= 0.000)
",9999999.000,9999999.000,0.000,1.000,0.000,0,0,25,0,0,25,25,0,0.0,0.0,1.0,0.0,0.0,1.0
"G[0,1](Platelets <= 13.264 -> WBC >= 0.290)
",9999999.000,9999999.000,0.000,1.000,0.000,0,0,0,25,25,0,0,25,0.0,0.0,0.0,0.0,0.0,1.0
"G[1,2](((Hgb <= 8.303 | Hct <= 29.649) -> WBC >= 0.369) & Platelets >= 2.324)
",9999999.000,9999999.000,0.000,1.000,0.000,0,0,3,22,22,3,3,22,0.0,0.0,1.0,0.0,0.0,1.0
"G[2,2](BUN <= 16.463 & Creatinine >= 0.025)
",-0.025,-0.025,0.000,1.000,0.000,0,0,25,0,0,25,25,0,0.0,0.0,1.0,0.0,0.0,1.0
"G[0,2](MAP <= 68.532 -> SepsisLabel = 0.000)
",9999999.000,9999999.000,0.000,1.000,0.000,0,0,25,0,0,25,25,0,0.0,0.0,1.0,0.0,0.0,1.0
"G[0,1](Hgb >= 0.007 & SepsisLabel = 0.000)
",9999999.000,9999999.000,0.000,1.000,0.000,0,0,0,25,25,0,0,25,0.0,0.0,0.0,0.0,0.0,1.0
"G[2,2](FiO2 <= 0.338 & SepsisLabel = 0.000)
",0.000,0.000,0.000,1.000,0.000,0,0,25,0,0,25,25,0,0.0,0.0,1.0,0.0,0.0,1.0
"G[1,2](MAP <= 79.081 & SepsisLabel = 0.000)
",9999999.000,9999999.000,0.000,1.000,0.000,0,0,24,1,1,24,24,1,0.0,0.0,1.0,0.0,0.0,1.0
"G[2,2](SBP > 39.138 -> SepsisLabel = 0.000)
",0.000,0.000,0.000,1.000,0.000,0,0,25,0,0,25,25,0,0.0,0.0,1.0,0.0,0.0,1.0
"G[0,2](Fibrinogen > 1.661 -> SepsisLabel = 0.000)
",9999999.000,9999999.000,0.000,1.000,0.000,0,0,25,0,0,25,25,0,0.0,0.0,1.0,0.0,0.0,1.0
"G[2,2](TroponinI > 0.032 & SepsisLabel = 0.000)
",-0.032,-0.032,0.000,1.000,0.000,0,0,25,0,0,25,25,0,0.0,0.0,1.0,0.0,0.0,1.0
"G[0,2](Bilirubin_total <= 0.000 & SepsisLabel = 0.000)
",9999999.000,9999999.000,0.000,1.000,0.000,0,0,25,0,0,25,25,0,0.0,0.0,1.0,0.0,0.0,1.0
"G[0,1](Bilirubin_total > 0.000 & SepsisLabel = 0.000)
",9999999.000,9999999.000,0.000,1.000,0.000,0,0,0,25,25,0,0,25,0.0,0.0,0.0,0.0,0.0,1.0
"G[1,2](Platelets >= 2.056 -> SepsisLabel = 0.000)
",9999999.000,9999999.000,0.000,1.000,0.000,0,0,25,0,0,25,25,0,0.0,0.0,1.0,0.0,0.0,1.0
"G[2,2](Fibrinogen >= 4.312 -> PTT >= 0.361)
",0.361,0.361,0.000,1.000,0.000,0,0,25,0,0,25,25,0,0.0,0.0,1.0,0.0,0.0,1.0
"G[2,2](Hct <= 22.782 -> Hgb >= 0.144)
",-6412572826565247.000,-22.782,0.000,1.000,0.000,0,0,25,0,0,25,25,0,0.0,0.0,1.0,0.0,0.0,1.0
"G[0,2]((Lactate >= 0.059 -> PaCO2 >= 0.133) & AST >= 1.316)
",9999999.000,9999999.000,0.000,1.000,0.000,0,0,0,25,25,0,0,25,0.0,0.0,0.0,0.0,0.0,1.0
"G[2,2]((DBP <= 56.781 -> MAP <= 73.464) -> SBP >= 32.972)
",32.972,32.972,0.000,1.000,0.000,0,0,25,0,0,25,25,0,0.0,0.0,1.0,0.0,0.0,1.0
"G[0,2](((Calcium >= 0.013 & Magnesium <= 1.277) & AST >= 0.012) & BUN <= 0.189)
",9999999.000,9999999.000,0.000,1.000,0.000,0,0,0,25,25,0,0,25,0.0,0.0,0.0,0.0,0.0,1.0
"G[2,2]((Hgb <= 5.200 | Platelets <= 41.030) | TroponinI <= 41.177)
",41.177,41.177,0.000,1.000,0.000,0,0,25,0,0,25,25,0,0.0,0.0,1.0,0.0,0.0,1.0
"G[0,2]((Calcium <= 5.486 | Platelets <= 14.132) & FiO2 >= 0.036)
",9999999.000,9999999.000,0.000,1.000,0.000,0,0,0,25,25,0,0,25,0.0,0.0,0.0,0.0,0.0,1.0
"G[1,2](pH <= 1.058 -> Potassium <= 2.587)
",9999999.000,9999999.000,0.000,1.000,0.000,0,0,24,1,1,24,24,1,0.0,0.0,1.0,0.0,0.0,1.0
"G[1,2]((Magnesium >= 0.033 | WBC >= 0.365) -> Bilirubin_total <= 5.807)
",9999999.000,9999999.000,0.000,1.000,0.000,0,0,25,0,0,25,25,0,0.0,0.0,1.0,0.0,0.0,1.0
"G[0,2](((DBP <= 63.593 -> SBP <= 119.198) -> PTT <= 111.776) -> O2Sat >= 72.721)
",9999999.000,9999999.000,0.000,1.000,0.000,0,0,24,1,1,24,24,1,0.0,0.0,1.0,0.0,0.0,1.0
"G[0,2](((Hgb <= 4.362 | Hct <= 6.078) -> WBC >= 0.389) & Platelets >= 1.861)
",9999999.000,9999999.000,0.000,1.000,0.000,0,0,0,25,25,0,0,25,0.0,0.0,0.0,0.0,0.0,1.0
"G[1,1](BUN <= 4.737 & Creatinine >= 0.014)
",-0.014,-0.014,0.000,1.000,0.000,0,0,1,24,24,1,1,24,0.0,0.0,1.0,0.0,0.0,1.0
"G[0,2](Platelets <= 16.912 -> WBC >= 0.165)
",9999999.000,9999999.000,0.000,1.000,0.000,0,0,0,25,25,0,0,25,0.0,0.0,0.0,0.0,0.0,1.0
"G[0,1](((Hgb <= 6.053 | Hct <= 18.371) -> WBC >= 0.058) & Platelets >= 1.245)
",9999999.000,9999999.000,0.000,1.000,0.000,0,0,0,25,25,0,0,25,0.0,0.0,0.0,0.0,0.0,1.0
"G[0,1](((Hgb <= 5.497 | Hct <= 8.717) -> WBC >= 0.075) & Platelets >= 0.509)
",9999999.000,9999999.000,0.000,1.000,0.000,0,0,0,25,25,0,0,25,0.0,0.0,0.0,0.0,0.0,1.0
"G[1,2](BUN <= 7.109 & Creatinine >= 0.020)
",9999999.000,9999999.000,0.000,1.000,0.000,0,0,1,24,24,1,1,24,0.0,0.0,1.0,0.0,0.0,1.0
"G[1,2](Chloride >= 0.000 & HCO3 >= 0.000)
",9999999.000,9999999.000,0.000,1.000,0.000,0,0,25,0,0,25,25,0,0.0,0.0,1.0,0.0,0.0,1.0
"G[2,2](Platelets <= 59.732 -> WBC >= 0.136)
",-59.732,-59.732,0.000,1.000,0.000,0,0,25,0,0,25,25,0,0.0,0.0,1.0,0.0,0.0,1.0
"G[0,2](((Hgb <= 6.517 | Hct <= 15.741) -> WBC >= 0.101) & Platelets >= 2.801)
",9999999.000,9999999.000,0.000,1.000,0.000,0,0,0,25,25,0,0,25,0.0,0.0,0.0,0.0,0.0,1.0
"G[0,1](BUN <= 1.633 & Creatinine >= 0.005)
",9999999.000,9999999.000,0.000,1.000,0.000,0,0,0,25,25,0,0,25,0.0,0.0,0.0,0.0,0.0,1.0
"G[1,2](Chloride >= 0.000 & HCO3 >= 0.000)
",9999999.000,9999999.000,0.000,1.000,0.000,0,0,25,0,0,25,25,0,0.0,0.0,1.0,0.0,0.0,1.0
"G[1,2](Platelets <= 34.916 -> WBC >= 0.216)
",9999999.000,9999999.000,0.000,1.000,0.000,0,0,3,22,22,3,3,22,0.0,0.0,1.0,0.0,0.0,1.0
"G[1,2](BUN <= 8.545 & Creatinine >= 0.027)
",9999999.000,9999999.000,0.000,1.000,0.000,0,0,1,24,24,1,1,24,0.0,0.0,1.0,0.0,0.0,1.0
"G[1,2](Chloride >= 0.000 & HCO3 >= 0.000)
",9999999.000,9999999.000,0.000,1.000,0.000,0,0,25,0,0,25,25,0,0.0,0.0,1.0,0.0,0.0,1.0
"G[0,1](Platelets <= 36.487 -> WBC >= 0.119)
",9999999.000,9999999.000,0.000,1.000,0.000,0,0,0,25,25,0,0,25,0.0,0.0,0.0,0.0,0.0,1.0
"G[1,1](BUN <= 4.482 & Creatinine >= 0.008)
",-0.008,-0.008,0.000,1.000,0.000,0,0,1,24,24,1,1,24,0.0,0.0,1.0,0.0,0.0,1.0
"G[0,2](Chloride >= 0.000 & HCO3 >= 0.000)
",9999999.000,9999999.000,0.000,1.000,0.000,0,0,25,0,0,25,25,0,0.0,0.0,1.0,0.0,0.0,1.0
"G[1,2](Chloride >= 0.000 & HCO3 >= 0.000)
",9999999.000,9999999.000,0.000,1.000,0.000,0,0,25,0,0,25,25,0,0.0,0.0,1.0,0.0,0.0,1.0
"G[0,1](Platelets <= 68.281 -> WBC >= 0.305)
",9999999.000,9999999.000,0.000,1.000,0.000,0,0,0,25,25,0,0,25,0.0,0.0,0.0,0.0,0.0,1.0
"G[1,2](BUN <= 10.134 & Creatinine >= 0.031)
",9999999.000,9999999.000,0.000,1.000,0.000,0,0,1,24,24,1,1,24,0.0,0.0,1.0,0.0,0.0,1.0
"G[1,2](Chloride >= 0.000 & HCO3 >= 0.000)
",9999999.000,9999999.000,0.000,1.000,0.000,0,0,25,0,0,25,25,0,0.0,0.0,1.0,0.0,0.0,1.0
"G[2,2](Platelets <= 4.425 -> WBC >= 0.053)
",-4.425,-4.425,0.000,1.000,0.000,0,0,25,0,0,25,25,0,0.0,0.0,1.0,0.0,0.0,1.0
"G[0,1](((Hgb <= 8.099 | Hct <= 10.044) -> WBC >= 0.182) & Platelets >= 2.581)
",9999999.000,9999999.000,0.000,1.000,0.000,0,0,0,25,25,0,0,25,0.0,0.0,0.0,0.0,0.0,1.0
"G[1,2](BUN <= 2.611 & Creatinine >= 0.002)
",9999999.000,9999999.000,0.000,1.000,0.000,0,0,1,24,24,1,1,24,0.0,0.0,1.0,0.0,0.0,1.0
"G[0,2](Chloride >= 0.000 & HCO3 >= 0.000)
",9999999.000,9999999.000,0.000,1.000,0.000,0,0,25,0,0,25,25,0,0.0,0.0,1.0,0.0,0.0,1.0
"G[1,2](Platelets <= 34.766 -> WBC >= 0.068)
",9999999.000,9999999.000,0.000,1.000,0.000,0,0,3,22,22,3,3,22,0.0,0.0,1.0,0.0,0.0,1.0
"G[1,2](((Hgb <= 7.720 | Hct <= 12.784) -> WBC >= 0.065) & Platelets >= 1.217)
",9999999.000,9999999.000,0.000,1.000,0.000,0,0,3,22,22,3,3,22,0.0,0.0,1.0,0.0,0.0,1.0
"G[2,2](BUN <= 6.849 & Creatinine >= 0.006)
",-0.006,-0.006,0.000,1.000,0.000,0,0,25,0,0,25,25,0,0.0,0.0,1.0,0.0,0.0,1.0
"G[1,2]((Lactate >= 0.064 | Potassium >= 0.135) | Alkalinephos >= 0.341)
",9999999.000,9999999.000,0.000,1.000,0.000,0,0,6,19,19,6,6,19,0.0,0.0,1.0,0.0,0.0,1.0
"G[1,2](Creatinine <= 0.532 | Hgb <= 5.001)
",9999999.000,9999999.000,0.000,1.000,0.000,0,0,24,1,1,24,24,1,0.0,0.0,1.0,0.0,0.0,1.0
"G[2,2](Lactate <= 0.598 | Magnesium <= 2.010)
",2.010,2.010,0.000,1.000,0.000,0,0,25,0,0,25,25,0,0.0,0.0,1.0,0.0,0.0,1.0
"G[2,2]((Hgb >= 0.547 -> Magnesium >= 0.033) -> SepsisLabel >= 0.052)
",-0.033,-0.033,0.000,1.000,0.000,0,0,25,0,0,25,25,0,0.0,0.0,1.0,0.0,0.0,1.0
"G[0,2](pH <= 2.420 -> WBC <= 3.165)
",9999999.000,9999999.000,0.000,1.000,0.000,0,0,23,2,2,23,23,2,0.0,0.0,1.0,0.0,0.0,1.0
"G[0,1](Calcium >= 0.334 & Lactate <= 0.666)
",9999999.000,9999999.000,0.000,1.000,0.000,0,0,0,25,25,0,0,25,0.0,0.0,0.0,0.0,0.0,1.0
"G[0,2](EtCO2 <= 27.117 -> Resp <= 31.389)
",9999999.000,9999999.000,0.000,1.000,0.000,0,0,24,1,1,24,24,1,0.0,0.0,1.0,0.0,0.0,1.0
"G[1,2](((EtCO2 >= 17.808 -> pH >= 0.037) & PaCO2 >= 0.737) -> Calcium >= 0.499)
",9999999.000,9999999.000,0.000,1.000,0.000,0,0,25,0,0,25,25,0,0.0,0.0,1.0,0.0,0.0,1.0
"G[1,2]((EtCO2 >= 8.958 | PaCO2 <= 34.280) & Magnesium <= 16.610)
",9999999.000,9999999.000,0.000,1.000,0.000,0,0,25,0,0,25,25,0,0.0,0.0,1.0,0.0,0.0,1.0
"G[1,2](Lactate >= 0.005 & SBP <= 115.456)
",9999999.000,9999999.000,0.000,1.000,0.000,0,0,5,20,20,5,5,20,0.0,0.0,1.0,0.0,0.0,1.0
"G[2,2](((DBP <= 55.055 -> Hgb >= 0.346) & Glucose <= 9.878) -> Calcium >= 0.143)
",0.143,0.143,0.000,1.000,0.000,0,0,25,0,0,25,25,0,0.0,0.0,1.0,0.0,0.0,1.0
"G[0,2](Platelets <= 16.697 -> WBC >= 0.106)
",9999999.000,9999999.000,0.000,1.000,0.000,0,0,0,25,25,0,0,25,0.0,0.0,0.0,0.0,0.0,1.0
"G[1,2](((BUN >= 0.590 | Temp >= 3.168) | WBC <= 16.536) & Platelets <= 16.898)
",9999999.000,9999999.000,0.000,1.000,0.000,0,0,23,2,2,23,23,2,0.0,0.0,1.0,0.0,0.0,1.0
"G[2,2]((O2Sat >= 85.995 -> Potassium >= 0.636) -> pH <= 1.445)
",-1.445,-1.445,0.000,1.000,0.000,0,0,25,0,0,25,25,0,0.0,0.0,1.0,0.0,0.0,1.0
"G[0,2](DBP >= 30.649 & WBC >= 0.321)
",9999999.000,9999999.000,0.000,1.000,0.000,0,0,0,25,25,0,0,25,0.0,0.0,0.0,0.0,0.0,1.0
"G[0,2](((PaCO2 <= 17.640 -> WBC <= 6.344) & O2Sat <= 8.166) & PaCO2 <= 1.362)
",9999999.000,9999999.000,0.000,1.000,0.000,0,0,0,25,25,0,0,25,0.0,0.0,0.0,0.0,0.0,1.0
"G[1,2](((O2Sat >= 46.088 & pH >= 0.762) & Temp >= 0.087) & Temp <= 7.320)
",9999999.000,9999999.000,0.000,1.000,0.000,0,0,1,24,24,1,1,24,0.0,0.0,1.0,0.0,0.0,1.0
"G[1,2](((O2Sat >= 49.481 -> SaO2 <= 88.314) | TroponinI >= 3.437) -> pH <= 85.252)
",9999999.000,9999999.000,0.000,1.000,0.000,0,0,25,0,0,25,25,0,0.0,0.0,1.0,0.0,0.0,1.0
"G[1,2](((Glucose <= 283.167 -> O2Sat >= 39.663) -> BaseExcess >= 13.877) -> Bilirubin_total >= 78.951)
",9999999.000,9999999.000,0.000,1.000,0.000,0,0,25,0,0,25,25,0,0.0,0.0,1.0,0.0,0.0,1.0
"G[1,2]((DBP <= 60.220 & PTT <= 2.723) | Fibrinogen <= 28.535)
",9999999.000,9999999.000,0.000,1.000,0.000,0,0,25,0,0,25,25,0,0.0,0.0,1.0,0.0,0.0,1.0
"G[1,2](((DBP >= 52.982 & Fibrinogen <= 72.853) & DBP <= 117.797) -> Fibrinogen <= 129.362)
",9999999.000,9999999.000,0.000,1.000,0.000,0,0,25,0,0,25,25,0,0.0,0.0,1.0,0.0,0.0,1.0
"G[1,2]((HR <= 125.550 -> Phosphate <= 3.744) | O2Sat >= 0.002)
",9999999.000,9999999.000,0.000,1.000,0.000,0,0,25,0,0,25,25,0,0.0,0.0,1.0,0.0,0.0,1.0
"G[0,2](Calcium <= 1.801 | EtCO2 <= 28.619)
",9999999.000,9999999.000,0.000,1.000,0.000,0,0,25,0,0,25,25,0,0.0,0.0,1.0,0.0,0.0,1.0
"G[0,0]((Creatinine <= 0.875 | MAP >= 23.405) -> Alkalinephos >= 2.222)
",-7.242,-77.179,0.000,1.000,0.000,0,0,0,25,25,0,0,25,0.0,0.0,0.0,0.0,0.0,1.0
"G[1,2](((Magnesium <= 1.142 | SaO2 <= 81.189) & Alkalinephos >= 6.578) | Resp <= 59.636)
",9999999.000,9999999.000,0.000,1.000,0.000,0,0,25,0,0,25,25,0,0.0,0.0,1.0,0.0,0.0,1.0
"G[0,2](BUN >= 0.064 | pH <= 2.377)
",9999999.000,9999999.000,0.000,1.000,0.000,0,0,19,6,6,19,19,6,0.0,0.0,1.0,0.0,0.0,1.0
"G[0,0](((BUN >= 0.492 & SaO2 >= 11.295) -> Hct >= 11.790) -> Potassium >= 8.903)
",-3.481,-10.395,0.000,1.000,0.000,0,0,0,25,25,0,0,25,0.0,0.0,0.0,0.0,0.0,1.0
"G[0,2](((Creatinine <= 0.562 & FiO2 <= 0.743) & DBP <= 0.818) | TroponinI >= 0.070)
",9999999.000,9999999.000,0.000,1.000,0.000,0,0,0,25,25,0,0,25,0.0,0.0,0.0,0.0,0.0,1.0
"G[0,1](((Creatinine <= 0.770 -> Lactate >= 0.187) | BUN >= 0.106) & PaCO2 <= 3.209)
",9999999.000,9999999.000,0.000,1.000,0.000,0,0,0,25,25,0,0,25,0.0,0.0,0.0,0.0,0.0,1.0
"G[1,2]((Hct <= 20.854 -> PaCO2 >= 1.775) | Lactate >= 4.324)
",9999999.000,9999999.000,0.000,1.000,0.000,0,0,6,19,19,6,6,19,0.0,0.0,1.0,0.0,0.0,1.0
"G[2,2](((Potassium <= 1.505 & Temp <= 24.264) -> SaO2 >= 3.424) | MAP >= 2.680)
",-1.505,-1.505,0.000,1.000,0.000,0,0,25,0,0,25,25,0,0.0,0.0,1.0,0.0,0.0,1.0
"G[2,2](Temp >= 5.356 | WBC <= 1.265)
",1.265,1.265,0.000,1.000,0.000,0,0,25,0,0,25,25,0,0.0,0.0,1.0,0.0,0.0,1.0
"G[1,2](MAP <= 74.143 -> Resp >= 4.369)
",9999999.000,9999999.000,0.000,1.000,0.000,0,0,24,1,1,24,24,1,0.0,0.0,1.0,0.0,0.0,1.0
"G[1,1](((BUN >= 0.034 -> Hct <= 11.294) & Calcium >= 1.772) & O2Sat <= 13.187)
",-11.294,-11.294,0.000,1.000,0.000,0,0,1,24,24,1,1,24,0.0,0.0,1.0,0.0,0.0,1.0
"G[1,2](((BUN <= 16.452 -> Hgb >= 0.136) | PaCO2 <= 1.700) | TroponinI >= 0.590)
",9999999.000,9999999.000,0.000,1.000,0.000,0,0,22,3,3,22,22,3,0.0,0.0,1.0,0.0,0.0,1.0
"G[0,2](((Phosphate <= 2.144 & Platelets <= 20.294) -> Alkalinephos >= 3.163) -> SepsisLabel >= 1.258)
",9999999.000,9999999.000,0.000,1.000,0.000,0,0,22,3,3,22,22,3,0.0,0.0,1.0,0.0,0.0,1.0
"G[1,1](Creatinine >= 0.009 & Phosphate <= 0.726)
",-0.009,-0.009,0.000,1.000,0.000,0,0,1,24,24,1,1,24,0.0,0.0,1.0,0.0,0.0,1.0
"G[2,2]((HR <= 92.673 -> O2Sat <= 96.236) & Bilirubin_direct >= 85.963)
",-96.236,-96.236,0.000,1.000,0.000,0,0,25,0,0,25,25,0,0.0,0.0,1.0,0.0,0.0,1.0
"G[1,2](((Creatinine >= 0.005 & Fibrinogen >= 3.827) & Hct <= 181.446) & DBP >= 2.543)
",9999999.000,9999999.000,0.000,1.000,0.000,0,0,1,24,24,1,1,24,0.0,0.0,1.0,0.0,0.0,1.0
"G[0,0]((Calcium >= 0.070 -> PTT >= 0.369) & AST >= 0.096)
",-1.793,-0.082,0.000,1.000,0.000,0,0,0,25,25,0,0,25,0.0,0.0,0.0,0.0,0.0,1.0
"G[0,1](((Potassium >= 0.014 -> WBC <= 6.677) & Potassium <= 1.842) & Resp <= 2.781)
",9999999.000,9999999.000,0.000,1.000,0.000,0,0,0,25,25,0,0,25,0.0,0.0,0.0,0.0,0.0,1.0
"G[0,2]((Hct <= 22.956 -> PTT >= 0.046) & Calcium >= 0.479)
",9999999.000,9999999.000,0.000,1.000,0.000,0,0,0,25,25,0,0,25,0.0,0.0,0.0,0.0,0.0,1.0
"G[0,1](Fibrinogen >= 3.293 & Hgb >= 0.003)
",9999999.000,9999999.000,0.000,1.000,0.000,0,0,0,25,25,0,0,25,0.0,0.0,0.0,0.0,0.0,1.0
"G[0,2]((Calcium >= 0.221 & TroponinI <= 0.144) & Calcium <= 0.714)
",9999999.000,9999999.000,0.000,1.000,0.000,0,0,0,25,25,0,0,25,0.0,0.0,0.0,0.0,0.0,1.0
"G[2,2](((Creatinine <= 0.041 | TroponinI <= 0.759) | Resp <= 0.578) | Bilirubin_total >= 0.006)
",0.759,0.759,0.000,1.000,0.000,0,0,25,0,0,25,25,0,0.0,0.0,1.0,0.0,0.0,1.0
"G[0,1](((Hgb >= 0.285 & Temp <= 25.301) & Potassium >= 0.841) & HCO3 >= 6.771)
",9999999.000,9999999.000,0.000,1.000,0.000,0,0,0,25,25,0,0,25,0.0,0.0,0.0,0.0,0.0,1.0
"G[0,2](((SaO2 >= 11.774 & TroponinI >= 0.028) & O2Sat <= 0.482) | pH <= 0.283)
",9999999.000,9999999.000,0.000,1.000,0.000,0,0,19,6,6,19,19,6,0.0,0.0,1.0,0.0,0.0,1.0
"G[2,2]((pH <= 3.569 & TroponinI >= 0.041) & Temp <= 0.362)
",-0.041,-0.041,0.000,1.000,0.000,0,0,25,0,0,25,25,0,0.0,0.0,1.0,0.0,0.0,1.0
"G[0,1]((Glucose >= 4.634 & TroponinI >= 0.019) | BaseExcess >= 0.043)
",9999999.000,9999999.000,0.000,1.000,0.000,0,0,0,25,25,0,0,25,0.0,0.0,0.0,0.0,0.0,1.0
"G[2,2](Phosphate >= 0.077 -> Potassium <= 1.844)
",-1.844,-1.844,0.000,1.000,0.000,0,0,25,0,0,25,25,0,0.0,0.0,1.0,0.0,0.0,1.0
"G[1,2](FiO2 <= 0.293 | TroponinI <= 0.288)
",9999999.000,9999999.000,0.000,1.000,0.000,0,0,25,0,0,25,25,0,0.0,0.0,1.0,0.0,0.0,1.0
"G[2,2]((Potassium <= 3.624 -> PTT <= 27.800) & Resp <= 18.740)
",-7825126274311969.000,-27.800,0.000,1.000,0.000,0,0,25,0,0,25,25,0,0.0,0.0,1.0,0.0,0.0,1.0
"G[1,2](BUN >= 0.314 -> Glucose <= 172.019)
",9999999.000,9999999.000,0.000,1.000,0.000,0,0,25,0,0,25,25,0,0.0,0.0,1.0,0.0,0.0,1.0
"G[0,2](((Hgb >= 0.174 -> Resp <= 24.351) -> Hct <= 26.402) -> O2Sat >= 17.510)
",9999999.000,9999999.000,0.000,1.000,0.000,0,0,24,1,1,24,24,1,0.0,0.0,1.0,0.0,0.0,1.0
"G[0,2]((Fibrinogen <= 40.230 -> Glucose <= 164.671) & DBP >= 48.654)
",9999999.000,9999999.000,0.000,1.000,0.000,0,0,17,8,8,17,17,8,0.0,0.0,1.0,0.0,0.0,1.0
"G[2,2](((Resp >= 17.082 -> TroponinI >= 0.040) -> Creatinine <= 0.831) | TroponinI <= 0.754)
",0.754,0.754,0.000,1.000,0.000,0,0,25,0,0,25,25,0,0.0,0.0,1.0,0.0,0.0,1.0
"G[1,2]((Calcium >= 0.510 & Resp <= 22.620) | WBC >= 18.705)
",9999999.000,9999999.000,0.000,1.000,0.000,0,0,2,23,23,2,2,23,0.0,0.0,1.0,0.0,0.0,1.0
"G[1,2](((Magnesium <= 1.461 | SBP <= 119.036) -> FiO2 <= 101.881) & MAP >= 60.275)
",9999999.000,9999999.000,0.000,1.000,0.000,0,0,24,1,1,24,24,1,0.0,0.0,1.0,0.0,0.0,1.0
