Rule,Discrimination Score,Pos Robustness,Neg Robustness,Percent Class +,Percent Class -,TP,TN,FP,FN,Actual Yes,Actual No,Predicted Yes,Predicted No,TPR/Sens,TNR/Spec,FPR,Precision,Accuracy,MCR
"F[0,0](((MAP <= 93.657 | O2Sat <= 29.585) & pH >= 2.547) & FiO2 >= 12.432)
",-1.675,-16.055,0.000,0.000,1.000,9,0,0,0,9,0,9,0,1.0,0,0,1.0,1.0588235294117647,-0.05882352941176472
"F[1,1](((Calcium < 0.000 & Potassium < 0.000) & Magnesium < 0.000) & Phosphate < 0.000)
",0.000,0.000,0.000,0.000,1.000,8,0,0,1,9,0,8,1,0.8888888888888888,0,0,1.0,0.9411764705882353,0.05882352941176472
"F[1,1](((Calcium < 0.000 & Potassium < 0.000) & Magnesium < 0.000) & Phosphate < 0.000)
",0.000,0.000,0.000,0.000,1.000,8,0,0,1,9,0,8,1,0.8888888888888888,0,0,1.0,0.9411764705882353,0.05882352941176472
"((Lactate > 0.000) U[1,2] (SepsisLabel = 0.000))
",-9999999.000,-9999999.000,0.000,0.000,1.000,8,0,0,1,9,0,8,1,0.8888888888888888,0,0,1.0,0.9411764705882353,0.05882352941176472
"F[1,1](((Calcium < 0.000 & Potassium < 0.000) & Magnesium < 0.000) & Phosphate < 0.000)
",0.000,0.000,0.000,0.000,1.000,8,0,0,1,9,0,8,1,0.8888888888888888,0,0,1.0,0.9411764705882353,0.05882352941176472
"F[0,1](((DBP <= 36.580 & MAP >= 8.105) | SepsisLabel <= 103.643) -> BaseExcess >= 1.075)
",-9999999.000,-9999999.000,0.000,0.000,1.000,8,0,0,1,9,0,8,1,0.8888888888888888,0,0,1.0,0.9411764705882353,0.05882352941176472
"F[0,1](((Calcium < 0.000 & Potassium < 0.000) & Magnesium < 0.000) & Phosphate < 0.000)
",-9999999.000,-9999999.000,0.000,0.000,1.000,8,0,0,1,9,0,8,1,0.8888888888888888,0,0,1.0,0.9411764705882353,0.05882352941176472
"F[0,1](((Glucose <= 0.000 & Resp <= 5.860) -> HR <= 10.049) & Creatinine >= 4.466)
",-9999999.000,-9999999.000,0.000,0.000,1.000,8,0,0,1,9,0,8,1,0.8888888888888888,0,0,1.0,0.9411764705882353,0.05882352941176472
"((DBP <= 50.505) U[0,0] (Temp >= 4.340))
",4.001,55.774,0.000,0.000,1.000,7,0,0,2,9,0,7,2,0.7777777777777778,0,0,1.0,0.8235294117647058,0.17647058823529416
"F[1,1](HR >= 16.156 & Temp <= 11.628)
",-16.156,-16.156,0.000,0.000,1.000,7,0,0,2,9,0,7,2,0.7777777777777778,0,0,1.0,0.8235294117647058,0.17647058823529416
"((MAP >= 11.484) U[1,1] (SBP <= 94.404))
",94.404,94.404,0.000,0.000,1.000,7,0,0,2,9,0,7,2,0.7777777777777778,0,0,1.0,0.8235294117647058,0.17647058823529416
"((MAP >= 10.135) U[1,1] (O2Sat <= 97.439))
",97.439,97.439,0.000,0.000,1.000,7,0,0,2,9,0,7,2,0.7777777777777778,0,0,1.0,0.8235294117647058,0.17647058823529416
"F[1,1](Glucose >= 0.000 & SBP >= 5.925)
",-5.925,-5.925,0.000,0.000,1.000,7,0,0,2,9,0,7,2,0.7777777777777778,0,0,1.0,0.8235294117647058,0.17647058823529416
"F[0,1]((Bilirubin_total <= 0.000 & SBP <= 131.486) -> HCO3 >= 26.960)
",-9999999.000,-9999999.000,0.000,0.000,1.000,7,0,0,2,9,0,7,2,0.7777777777777778,0,0,1.0,0.8235294117647058,0.17647058823529416
"((MAP > 3.185) U[1,2] (SepsisLabel = 0.000))
",-9999999.000,-9999999.000,0.000,0.000,1.000,7,0,0,2,9,0,7,2,0.7777777777777778,0,0,1.0,0.8235294117647058,0.17647058823529416
"((Magnesium >= 0.000) U[0,0] (Temp >= 2.559))
",0.378,11.805,0.000,0.000,1.000,7,0,0,2,9,0,7,2,0.7777777777777778,0,0,1.0,0.8235294117647058,0.17647058823529416
"F[0,1]((TroponinI >= 0.001 & Phosphate >= 0.000) & SaO2 <= 0.000)
",-9999999.000,-9999999.000,0.000,0.000,1.000,7,0,0,2,9,0,7,2,0.7777777777777778,0,0,1.0,0.8235294117647058,0.17647058823529416
"((MAP >= 0.496) U[1,1] (SBP <= 48.354))
",48.354,48.354,0.000,0.000,1.000,7,0,0,2,9,0,7,2,0.7777777777777778,0,0,1.0,0.8235294117647058,0.17647058823529416
"F[0,0]((Hgb >= 0.000 & O2Sat <= 41.633) -> Lactate >= 4.599)
",0.378,0.575,0.000,0.000,1.000,6,0,0,3,9,0,6,3,0.6666666666666666,0,0,1.0,0.7058823529411765,0.2941176470588235
"((EtCO2 >= 0.000) U[0,0] (HR >= 3.087))
",30973.913,30973.913,0.000,0.000,1.000,6,0,0,3,9,0,6,3,0.6666666666666666,0,0,1.0,0.7058823529411765,0.2941176470588235
"((AST <= 0.000) U[0,0] (O2Sat >= 16.270))
",0.378,6.841,0.000,0.000,1.000,6,0,0,3,9,0,6,3,0.6666666666666666,0,0,1.0,0.7058823529411765,0.2941176470588235
"F[1,1](((O2Sat >= 15.509 | MAP >= 5.817) | MAP >= 10.176) | O2Sat >= 5.130)
",-5.130,-5.130,0.000,0.000,1.000,6,0,0,3,9,0,6,3,0.6666666666666666,0,0,1.0,0.7058823529411765,0.2941176470588235
"F[0,1](MAP > 6.711 & SepsisLabel = 0.000)
",-9999999.000,-9999999.000,0.000,0.000,1.000,6,0,0,3,9,0,6,3,0.6666666666666666,0,0,1.0,0.7058823529411765,0.2941176470588235
"((MAP >= 8.308) U[1,2] (SBP <= 32.580))
",-9999999.000,-9999999.000,0.000,0.000,1.000,6,0,0,3,9,0,6,3,0.6666666666666666,0,0,1.0,0.7058823529411765,0.2941176470588235
"((MAP >= 8.471) U[1,2] (SBP <= 75.940))
",-9999999.000,-9999999.000,0.000,0.000,1.000,6,0,0,3,9,0,6,3,0.6666666666666666,0,0,1.0,0.7058823529411765,0.2941176470588235
"((MAP >= 3.597) U[1,2] (SBP <= 95.702))
",-9999999.000,-9999999.000,0.000,0.000,1.000,6,0,0,3,9,0,6,3,0.6666666666666666,0,0,1.0,0.7058823529411765,0.2941176470588235
"((MAP >= 4.389) U[1,2] (SBP <= 104.133))
",-9999999.000,-9999999.000,0.000,0.000,1.000,6,0,0,3,9,0,6,3,0.6666666666666666,0,0,1.0,0.7058823529411765,0.2941176470588235
"F[1,1]((Phosphate <= 0.000 -> HR <= 39.898) -> Creatinine >= 2.243)
",2.243,2.243,0.000,0.000,1.000,6,0,0,3,9,0,6,3,0.6666666666666666,0,0,1.0,0.7058823529411765,0.2941176470588235
"((Resp >= 0.781) U[1,1] (Temp <= 27.183))
",27.183,27.183,0.000,0.000,1.000,5,0,0,4,9,0,5,4,0.5555555555555556,0,0,1.0,0.5882352941176471,0.4117647058823529
"((O2Sat >= 15.956) U[1,2] (Bilirubin_total <= 0.000))
",-9999999.000,-9999999.000,0.000,0.000,1.000,5,0,0,4,9,0,5,4,0.5555555555555556,0,0,1.0,0.5882352941176471,0.4117647058823529
"((HR >= 2.551) U[1,2] (TroponinI >= 0.000))
",-9999999.000,-9999999.000,0.000,0.000,1.000,5,0,0,4,9,0,5,4,0.5555555555555556,0,0,1.0,0.5882352941176471,0.4117647058823529
"F[0,1](Creatinine <= 0.000 & DBP >= 1.942)
",-9999999.000,-9999999.000,0.000,0.000,1.000,4,0,0,5,9,0,4,5,0.4444444444444444,0,0,1.0,0.47058823529411764,0.5294117647058824
"((O2Sat >= 8.000) U[1,2] (Resp <= 7.095))
",-9999999.000,-9999999.000,0.000,0.000,1.000,3,0,0,6,9,0,3,6,0.3333333333333333,0,0,1.0,0.35294117647058826,0.6470588235294117
"F[0,0](((BaseExcess <= 0.000 -> SBP >= 0.834) & Creatinine <= 37.171) -> Fibrinogen >= 0.240)
",0.378,0.030,0.000,0.000,1.000,3,0,0,6,9,0,3,6,0.3333333333333333,0,0,1.0,0.35294117647058826,0.6470588235294117
"((O2Sat <= 28.823) U[1,2] (Glucose <= 0.000))
",-9999999.000,-9999999.000,0.000,0.000,1.000,3,0,0,6,9,0,3,6,0.3333333333333333,0,0,1.0,0.35294117647058826,0.6470588235294117
"F[0,1]((SBP >= 4.500 | O2Sat >= 18.496) & Phosphate <= 29.592)
",-9999999.000,-9999999.000,0.000,0.000,1.000,3,0,0,6,9,0,3,6,0.3333333333333333,0,0,1.0,0.35294117647058826,0.6470588235294117
"F[0,0](((FiO2 >= 0.000 -> EtCO2 >= 0.000) | Alkalinephos <= 0.000) -> O2Sat <= 0.000)
",0.000,0.000,0.000,0.000,1.000,3,0,0,6,9,0,3,6,0.3333333333333333,0,0,1.0,0.35294117647058826,0.6470588235294117
"F[1,1](((SepsisLabel <= 0.000 -> Calcium <= 0.000) -> O2Sat <= 0.000) & Bilirubin_total <= 0.000)
",0.000,0.000,0.000,0.000,1.000,2,0,0,7,9,0,2,7,0.2222222222222222,0,0,1.0,0.23529411764705882,0.7647058823529411
"F[1,1]((Fibrinogen >= 0.000 | TroponinI <= 0.007) & TroponinI <= 0.004)
",0.004,0.004,0.000,0.000,1.000,1,0,0,8,9,0,1,8,0.1111111111111111,0,0,1.0,0.11764705882352941,0.8823529411764706
"F[0,0](((Phosphate <= 0.000 -> EtCO2 >= 0.000) | FiO2 >= 0.000) -> MAP <= 0.000)
",0.000,0.000,0.000,0.000,1.000,1,0,0,8,9,0,1,8,0.1111111111111111,0,0,1.0,0.11764705882352941,0.8823529411764706
"F[1,1](((Hct >= 0.000 -> Temp >= 1.515) -> Chloride >= 2.257) | PaCO2 >= 6.250)
",0.000,0.000,0.000,0.000,1.000,1,0,0,8,9,0,1,8,0.1111111111111111,0,0,1.0,0.11764705882352941,0.8823529411764706
"F[1,1](HCO3 <= 0.000 -> TroponinI <= 0.007)
",-0.007,-0.007,0.000,0.000,1.000,1,0,0,8,9,0,1,8,0.1111111111111111,0,0,1.0,0.11764705882352941,0.8823529411764706
"((HR <= 64.841) U[1,2] (SepsisLabel = 0.000))
",-9999999.000,-9999999.000,0.000,0.000,1.000,1,0,0,8,9,0,1,8,0.1111111111111111,0,0,1.0,0.11764705882352941,0.8823529411764706
"F[0,2](((AST >= 0.000 & Resp <= 11.950) & BaseExcess <= 11.193) -> Glucose <= 14.235)
",-9999999.000,-9999999.000,0.000,0.000,1.000,0,0,0,9,9,0,0,9,0.0,0,0,0.0,0.0,1.0
"((Alkalinephos >= 0.000) U[0,0] (PTT <= 0.000))
",0.000,0.000,0.000,0.000,1.000,0,0,0,9,9,0,0,9,0.0,0,0,0.0,0.0,1.0
"F[0,1](((SBP >= 19.318 -> Potassium <= 0.000) -> PTT >= 0.000) & Hgb >= 0.000)
",-9999999.000,-9999999.000,0.000,0.000,1.000,0,0,0,9,9,0,0,9,0.0,0,0,0.0,0.0,1.0
"F[1,2]((FiO2 >= 0.000 -> WBC <= 0.000) | Temp <= 0.000)
",-9999999.000,-9999999.000,0.000,0.000,1.000,0,0,0,9,9,0,0,9,0.0,0,0,0.0,0.0,1.0
"F[0,2](SBP <= 44.781 -> HR <= 51.213)
",-9999999.000,-9999999.000,0.000,0.000,1.000,0,0,0,9,9,0,0,9,0.0,0,0,0.0,0.0,1.0
"F[0,1]((Alkalinephos >= 0.000 | Hct >= 0.000) & DBP >= 0.000)
",-9999999.000,-9999999.000,0.000,0.000,1.000,0,0,0,9,9,0,0,9,0.0,0,0,0.0,0.0,1.0
"((pH >= 0.000) U[1,1] (Phosphate <= 0.000))
",0.000,0.000,0.000,0.000,1.000,0,0,0,9,9,0,0,9,0.0,0,0,0.0,0.0,1.0
"F[0,2](((Phosphate >= 0.000 & BUN >= 0.000) -> FiO2 >= 0.000) -> BaseExcess >= 0.000)
",-9999999.000,-9999999.000,0.000,0.000,1.000,0,0,0,9,9,0,0,9,0.0,0,0,0.0,0.0,1.0
"F[2,2]((Alkalinephos >= 0.000 & PTT >= 0.000) -> PTT >= 0.000)
",0.000,0.000,0.000,0.000,1.000,0,0,0,9,9,0,0,9,0.0,0,0,0.0,0.0,1.0
"F[0,2](Glucose <= 0.000 & Temp >= 2.432)
",-9999999.000,-9999999.000,0.000,0.000,1.000,0,0,0,9,9,0,0,9,0.0,0,0,0.0,0.0,1.0
"F[0,1](FiO2 <= 0.000 | Bilirubin_total >= 0.000)
",-9999999.000,-9999999.000,0.000,0.000,1.000,0,0,0,9,9,0,0,9,0.0,0,0,0.0,0.0,1.0
"F[0,2]((DBP <= 68.482 | BUN <= 0.000) & SBP >= 0.000)
",-9999999.000,-9999999.000,0.000,0.000,1.000,0,0,0,9,9,0,0,9,0.0,0,0,0.0,0.0,1.0
"F[0,1](Bilirubin_direct <= 0.000 -> Glucose <= 0.000)
",-9999999.000,-9999999.000,0.000,0.000,1.000,0,0,0,9,9,0,0,9,0.0,0,0,0.0,0.0,1.0
"F[0,2](O2Sat <= 48.909 | Chloride <= 0.000)
",-9999999.000,-9999999.000,0.000,0.000,1.000,0,0,0,9,9,0,0,9,0.0,0,0,0.0,0.0,1.0
"F[0,1]((Hgb <= 0.000 -> Creatinine <= 0.000) | Alkalinephos <= 0.000)
",-9999999.000,-9999999.000,0.000,0.000,1.000,0,0,0,9,9,0,0,9,0.0,0,0,0.0,0.0,1.0
"F[0,1](((Lactate <= 0.000 & Bilirubin_direct <= 0.000) | Magnesium >= 0.000) -> Chloride <= 0.000)
",-9999999.000,-9999999.000,0.000,0.000,1.000,0,0,0,9,9,0,0,9,0.0,0,0,0.0,0.0,1.0
"((SaO2 <= 0.000) U[1,2] (Potassium <= 0.000))
",-9999999.000,-9999999.000,0.000,0.000,1.000,0,0,0,9,9,0,0,9,0.0,0,0,0.0,0.0,1.0
"F[0,1]((HR >= 10.938 | FiO2 >= 0.000) -> Resp <= 0.000)
",-9999999.000,-9999999.000,0.000,0.000,1.000,0,0,0,9,9,0,0,9,0.0,0,0,0.0,0.0,1.0
"F[0,1](((SBP >= 6.993 & SepsisLabel <= 0.000) & Platelets >= 0.000) -> AST >= 0.000)
",-9999999.000,-9999999.000,0.000,0.000,1.000,0,0,0,9,9,0,0,9,0.0,0,0,0.0,0.0,1.0
"((Lactate <= 0.000) U[0,1] (EtCO2 >= 0.000))
",-9999999.000,-9999999.000,0.000,0.000,1.000,0,0,0,9,9,0,0,9,0.0,0,0,0.0,0.0,1.0
"F[0,2]((WBC <= 0.000 & Potassium <= 0.000) & Calcium >= 0.000)
",-9999999.000,-9999999.000,0.000,0.000,1.000,0,0,0,9,9,0,0,9,0.0,0,0,0.0,0.0,1.0
"F[1,2](HCO3 >= 0.000 | AST >= 0.000)
",-9999999.000,-9999999.000,0.000,0.000,1.000,0,0,0,9,9,0,0,9,0.0,0,0,0.0,0.0,1.0
"F[0,0](((Temp <= 20.644 & SaO2 >= 0.000) -> SaO2 <= 0.000) & O2Sat >= 0.000)
",0.000,0.000,0.000,0.000,1.000,0,0,0,9,9,0,0,9,0.0,0,0,0.0,0.0,1.0
"F[0,1](((Magnesium >= 0.000 -> EtCO2 >= 0.000) -> TroponinI >= 0.000) & Potassium >= 0.000)
",-9999999.000,-9999999.000,0.000,0.000,1.000,0,0,0,9,9,0,0,9,0.0,0,0,0.0,0.0,1.0
"F[0,1]((Platelets <= 0.000 -> Bilirubin_total <= 0.000) -> SaO2 <= 0.000)
",-9999999.000,-9999999.000,0.000,0.000,1.000,0,0,0,9,9,0,0,9,0.0,0,0,0.0,0.0,1.0
"F[2,2](Hgb <= 0.000 | Hct <= 0.000)
",0.000,0.000,0.000,0.000,1.000,0,0,0,9,9,0,0,9,0.0,0,0,0.0,0.0,1.0
"F[2,2]((SaO2 >= 0.000 | Lactate <= 0.000) | SepsisLabel >= 0.000)
",0.000,0.000,0.000,0.000,1.000,0,0,0,9,9,0,0,9,0.0,0,0,0.0,0.0,1.0
"F[1,2]((Potassium <= 0.000 & PTT <= 0.000) | pH >= 0.000)
",-9999999.000,-9999999.000,0.000,0.000,1.000,0,0,0,9,9,0,0,9,0.0,0,0,0.0,0.0,1.0
"F[0,1](((Glucose >= 0.000 | Alkalinephos <= 0.000) | PaCO2 >= 0.000) -> MAP >= 0.000)
",-9999999.000,-9999999.000,0.000,0.000,1.000,0,0,0,9,9,0,0,9,0.0,0,0,0.0,0.0,1.0
"F[0,1](TroponinI <= 0.002 | PTT >= 0.000)
",-9999999.000,-9999999.000,0.000,0.000,1.000,0,0,0,9,9,0,0,9,0.0,0,0,0.0,0.0,1.0
"F[0,1](Hgb >= 0.000 & Potassium >= 0.000)
",-9999999.000,-9999999.000,0.000,0.000,1.000,0,0,0,9,9,0,0,9,0.0,0,0,0.0,0.0,1.0
"F[1,2]((Magnesium >= 0.000 & HR <= 30.255) & Resp <= 41.743)
",-9999999.000,-9999999.000,0.000,0.000,1.000,0,0,0,9,9,0,0,9,0.0,0,0,0.0,0.0,1.0
"F[0,1]((DBP <= 39.465 -> Alkalinephos >= 0.000) & EtCO2 >= 0.000)
",-9999999.000,-9999999.000,0.000,0.000,1.000,0,0,0,9,9,0,0,9,0.0,0,0,0.0,0.0,1.0
"F[1,2](((BaseExcess >= 0.000 | WBC <= 0.000) | pH <= 0.000) | Resp <= 0.000)
",-9999999.000,-9999999.000,0.000,0.000,1.000,0,0,0,9,9,0,0,9,0.0,0,0,0.0,0.0,1.0
"F[0,2](((BaseExcess >= 0.000 | Bilirubin_direct <= 0.000) & Temp <= 0.000) -> TroponinI >= 0.000)
",-9999999.000,-9999999.000,0.000,0.000,1.000,0,0,0,9,9,0,0,9,0.0,0,0,0.0,0.0,1.0
"F[0,2]((Fibrinogen <= 0.000 -> Lactate >= 0.000) & Bilirubin_direct <= 0.000)
",-9999999.000,-9999999.000,0.000,0.000,1.000,0,0,0,9,9,0,0,9,0.0,0,0,0.0,0.0,1.0
"F[1,2](AST >= 0.000 & Hgb <= 0.000)
",-9999999.000,-9999999.000,0.000,0.000,1.000,0,0,0,9,9,0,0,9,0.0,0,0,0.0,0.0,1.0
"F[0,2](((Resp >= 1.842 -> EtCO2 >= 0.000) | Creatinine >= 0.000) -> Glucose >= 0.000)
",-9999999.000,-9999999.000,0.000,0.000,1.000,0,0,0,9,9,0,0,9,0.0,0,0,0.0,0.0,1.0
"F[1,2](Bilirubin_total <= 0.000 | SaO2 >= 0.000)
",-9999999.000,-9999999.000,0.000,0.000,1.000,0,0,0,9,9,0,0,9,0.0,0,0,0.0,0.0,1.0
"((TroponinI <= 0.002) U[2,2] (HR <= 36.441))
",36.441,36.441,0.000,0.000,1.000,0,0,0,9,9,0,0,9,0.0,0,0,0.0,0.0,1.0
"F[1,2](Alkalinephos <= 0.000 -> BaseExcess >= 0.000)
",-9999999.000,-9999999.000,0.000,0.000,1.000,0,0,0,9,9,0,0,9,0.0,0,0,0.0,0.0,1.0
"F[0,0](Potassium >= 0.000 & Hct <= 0.000)
",0.000,0.000,0.000,0.000,1.000,0,0,0,9,9,0,0,9,0.0,0,0,0.0,0.0,1.0
"((pH <= 0.000) U[1,2] (Temp <= 18.400))
",-9999999.000,-9999999.000,0.000,0.000,1.000,0,0,0,9,9,0,0,9,0.0,0,0,0.0,0.0,1.0
"F[1,2](((Bilirubin_direct <= 0.000 | Lactate <= 0.000) | Platelets >= 0.000) -> Potassium <= 0.000)
",-9999999.000,-9999999.000,0.000,0.000,1.000,0,0,0,9,9,0,0,9,0.0,0,0,0.0,0.0,1.0
"F[2,2]((Phosphate <= 0.000 & BUN <= 0.000) -> Glucose >= 0.000)
",0.000,0.000,0.000,0.000,1.000,0,0,0,9,9,0,0,9,0.0,0,0,0.0,0.0,1.0
"F[0,2](((WBC >= 0.000 & Hgb <= 0.000) & pH <= 0.000) -> Temp <= 0.000)
",-9999999.000,-9999999.000,0.000,0.000,1.000,0,0,0,9,9,0,0,9,0.0,0,0,0.0,0.0,1.0
"F[0,2]((pH >= 0.000 & WBC >= 0.000) | WBC <= 0.000)
",-9999999.000,-9999999.000,0.000,0.000,1.000,0,0,0,9,9,0,0,9,0.0,0,0,0.0,0.0,1.0
"F[0,2]((Calcium >= 0.000 | HR <= 23.377) -> EtCO2 >= 3.607)
",-9999999.000,-9999999.000,0.000,0.000,1.000,0,0,0,9,9,0,0,9,0.0,0,0,0.0,0.0,1.0
"F[1,2]((TroponinI >= 0.000 | BaseExcess >= 0.000) | AST <= 0.000)
",-9999999.000,-9999999.000,0.000,0.000,1.000,0,0,0,9,9,0,0,9,0.0,0,0,0.0,0.0,1.0
"F[2,2](((PTT <= 0.000 | Bilirubin_total <= 0.000) | O2Sat <= 0.000) -> SBP <= 0.000)
",0.000,0.000,0.000,0.000,1.000,0,0,0,9,9,0,0,9,0.0,0,0,0.0,0.0,1.0
"F[0,2](((DBP <= 44.099 -> AST <= 0.000) -> Phosphate <= 0.000) -> Temp >= 0.000)
",-9999999.000,-9999999.000,0.000,0.000,1.000,0,0,0,9,9,0,0,9,0.0,0,0,0.0,0.0,1.0
"((Creatinine <= 0.000) U[1,2] (PaCO2 <= 0.000))
",-9999999.000,-9999999.000,0.000,0.000,1.000,0,0,0,9,9,0,0,9,0.0,0,0,0.0,0.0,1.0
"F[1,1]((Glucose <= 0.000 & Hgb >= 0.000) -> Lactate <= 0.000)
",0.000,0.000,0.000,0.000,1.000,0,0,0,9,9,0,0,9,0.0,0,0,0.0,0.0,1.0
"F[0,1](((pH >= 0.000 -> MAP <= 20.300) | SepsisLabel <= 24.012) & EtCO2 <= 54.637)
",-9999999.000,-9999999.000,0.000,0.000,1.000,0,0,0,9,9,0,0,9,0.0,0,0,0.0,0.0,1.0
"F[0,1]((SepsisLabel <= 0.000 & EtCO2 >= 0.000) | Phosphate <= 0.000)
",-9999999.000,-9999999.000,0.000,0.000,1.000,0,0,0,9,9,0,0,9,0.0,0,0,0.0,0.0,1.0
"F[1,2](Temp <= 33.739 -> PaCO2 >= 0.000)
",-9999999.000,-9999999.000,0.000,0.000,1.000,0,0,0,9,9,0,0,9,0.0,0,0,0.0,0.0,1.0
"F[1,2](Phosphate <= 0.000 & Glucose >= 0.000)
",-9999999.000,-9999999.000,0.000,0.000,1.000,0,0,0,9,9,0,0,9,0.0,0,0,0.0,0.0,1.0
"F[1,2](AST >= 0.000 -> Alkalinephos >= 0.000)
",-9999999.000,-9999999.000,0.000,0.000,1.000,0,0,0,9,9,0,0,9,0.0,0,0,0.0,0.0,1.0
"F[0,1](((AST <= 0.000 | Magnesium <= 0.000) & Hct <= 0.000) | TroponinI <= 0.000)
",-9999999.000,-9999999.000,0.000,0.000,1.000,0,0,0,9,9,0,0,9,0.0,0,0,0.0,0.0,1.0
"F[1,1]((Bilirubin_total >= 0.000 | MAP <= 45.007) | AST <= 98.766)
",98.766,98.766,0.000,0.000,1.000,0,0,0,9,9,0,0,9,0.0,0,0,0.0,0.0,1.0
"F[0,2]((DBP <= 72.523 | PaCO2 <= 0.000) & O2Sat >= 0.000)
",-9999999.000,-9999999.000,0.000,0.000,1.000,0,0,0,9,9,0,0,9,0.0,0,0,0.0,0.0,1.0
"F[1,2](Calcium <= 0.000 & Phosphate <= 0.000)
",-9999999.000,-9999999.000,0.000,0.000,1.000,0,0,0,9,9,0,0,9,0.0,0,0,0.0,0.0,1.0
"((Alkalinephos >= 0.000) U[0,2] (Magnesium >= 0.000))
",-9999999.000,-9999999.000,0.000,0.000,1.000,0,0,0,9,9,0,0,9,0.0,0,0,0.0,0.0,1.0
"F[1,2]((Potassium >= 0.000 -> O2Sat >= 4.580) & EtCO2 >= 7.304)
",-9999999.000,-9999999.000,0.000,0.000,1.000,0,0,0,9,9,0,0,9,0.0,0,0,0.0,0.0,1.0
"F[2,2](((Chloride <= 0.000 -> Calcium <= 0.000) | Platelets <= 0.000) | SaO2 <= 0.000)
",0.000,0.000,0.000,0.000,1.000,0,0,0,9,9,0,0,9,0.0,0,0,0.0,0.0,1.0
"((PTT <= 0.000) U[2,2] (Magnesium >= 0.000))
",0.000,0.000,0.000,0.000,1.000,0,0,0,9,9,0,0,9,0.0,0,0,0.0,0.0,1.0
"F[2,2]((Hgb >= 0.000 | SepsisLabel >= 0.000) & Temp <= 0.000)
",0.000,0.000,0.000,0.000,1.000,0,0,0,9,9,0,0,9,0.0,0,0,0.0,0.0,1.0
"F[0,1]((Bilirubin_direct >= 0.000 | HR <= 61.298) -> Potassium <= 58.389)
",-9999999.000,-9999999.000,0.000,0.000,1.000,0,0,0,9,9,0,0,9,0.0,0,0,0.0,0.0,1.0
"F[0,2]((WBC >= 0.000 -> PTT <= 0.000) | Fibrinogen >= 0.000)
",-9999999.000,-9999999.000,0.000,0.000,1.000,0,0,0,9,9,0,0,9,0.0,0,0,0.0,0.0,1.0
"F[0,1]((Potassium <= 0.000 | Chloride <= 0.000) | PaCO2 >= 0.000)
",-9999999.000,-9999999.000,0.000,0.000,1.000,0,0,0,9,9,0,0,9,0.0,0,0,0.0,0.0,1.0
"F[0,1]((Lactate >= 0.000 & Lactate >= 0.000) | BUN >= 0.000)
",-9999999.000,-9999999.000,0.000,0.000,1.000,0,0,0,9,9,0,0,9,0.0,0,0,0.0,0.0,1.0
"((Temp >= 1.506) U[0,1] (Lactate >= 0.000))
",-9999999.000,-9999999.000,0.000,0.000,1.000,0,0,0,9,9,0,0,9,0.0,0,0,0.0,0.0,1.0
"F[0,0](((SBP >= 7.344 -> SepsisLabel <= 0.000) & WBC >= 0.000) | Potassium <= 0.000)
",0.000,0.000,0.000,0.000,1.000,0,0,0,9,9,0,0,9,0.0,0,0,0.0,0.0,1.0
"F[1,1](((SepsisLabel >= 0.000 & FiO2 >= 0.000) -> Lactate >= 0.000) | HR <= 0.000)
",0.000,0.000,0.000,0.000,1.000,0,0,0,9,9,0,0,9,0.0,0,0,0.0,0.0,1.0
"((EtCO2 >= 0.000) U[0,2] (PaCO2 >= 0.000))
",-9999999.000,-9999999.000,0.000,0.000,1.000,0,0,0,9,9,0,0,9,0.0,0,0,0.0,0.0,1.0
"((Bilirubin_total <= 0.000) U[0,2] (FiO2 <= 0.000))
",-9999999.000,-9999999.000,0.000,0.000,1.000,0,0,0,9,9,0,0,9,0.0,0,0,0.0,0.0,1.0
"F[2,2]((BUN <= 0.000 -> DBP <= 74.443) | SaO2 <= 68.316)
",68.316,68.316,0.000,0.000,1.000,0,0,0,9,9,0,0,9,0.0,0,0,0.0,0.0,1.0
"((Phosphate >= 0.000) U[2,2] (Chloride >= 0.000))
",0.000,0.000,0.000,0.000,1.000,0,0,0,9,9,0,0,9,0.0,0,0,0.0,0.0,1.0
"F[1,2]((PaCO2 >= 0.000 | BUN >= 0.000) -> Fibrinogen <= 0.000)
",-9999999.000,-9999999.000,0.000,0.000,1.000,0,0,0,9,9,0,0,9,0.0,0,0,0.0,0.0,1.0
"F[0,1](((Calcium <= 0.000 | PTT >= 0.000) -> PTT >= 0.000) & PTT >= 0.000)
",-9999999.000,-9999999.000,0.000,0.000,1.000,0,0,0,9,9,0,0,9,0.0,0,0,0.0,0.0,1.0
"F[0,2](((Potassium <= 0.000 & Fibrinogen <= 0.000) & Creatinine <= 0.000) & Hct >= 0.000)
",-9999999.000,-9999999.000,0.000,0.000,1.000,0,0,0,9,9,0,0,9,0.0,0,0,0.0,0.0,1.0
"F[2,2](Fibrinogen <= 0.000 & SepsisLabel >= 0.000)
",0.000,0.000,0.000,0.000,1.000,0,0,0,9,9,0,0,9,0.0,0,0,0.0,0.0,1.0
"F[0,2](WBC <= 0.000 & BaseExcess >= 0.000)
",-9999999.000,-9999999.000,0.000,0.000,1.000,0,0,0,9,9,0,0,9,0.0,0,0,0.0,0.0,1.0
"F[0,0](((Lactate >= 0.000 -> WBC >= 0.000) | BaseExcess >= 0.000) | Temp <= 0.000)
",0.000,0.000,0.000,0.000,1.000,0,0,0,9,9,0,0,9,0.0,0,0,0.0,0.0,1.0
"F[2,2](EtCO2 <= 0.000 & Bilirubin_total <= 0.000)
",0.000,0.000,0.000,0.000,1.000,0,0,0,9,9,0,0,9,0.0,0,0,0.0,0.0,1.0
"F[0,2](Bilirubin_direct >= 0.000 -> TroponinI >= 0.001)
",-9999999.000,-9999999.000,0.000,0.000,1.000,0,0,0,9,9,0,0,9,0.0,0,0,0.0,0.0,1.0
"F[0,1](((PaCO2 >= 0.000 | Temp >= 3.388) -> Resp <= 24.148) & Calcium <= 20.956)
",-9999999.000,-9999999.000,0.000,0.000,1.000,0,0,0,9,9,0,0,9,0.0,0,0,0.0,0.0,1.0
"F[0,1](((SepsisLabel >= 0.000 | SaO2 <= 0.000) & Fibrinogen <= 0.000) -> TroponinI >= 0.000)
",-9999999.000,-9999999.000,0.000,0.000,1.000,0,0,0,9,9,0,0,9,0.0,0,0,0.0,0.0,1.0
"F[0,2](Phosphate <= 0.000 -> TroponinI >= 0.000)
",-9999999.000,-9999999.000,0.000,0.000,1.000,0,0,0,9,9,0,0,9,0.0,0,0,0.0,0.0,1.0
"((Bilirubin_total >= 0.000) U[0,2] (Glucose <= 0.000))
",-9999999.000,-9999999.000,0.000,0.000,1.000,0,0,0,9,9,0,0,9,0.0,0,0,0.0,0.0,1.0
"((Bilirubin_total >= 0.000) U[0,2] (PaCO2 <= 0.000))
",-9999999.000,-9999999.000,0.000,0.000,1.000,0,0,0,9,9,0,0,9,0.0,0,0,0.0,0.0,1.0
"F[0,2]((HR <= 27.955 & DBP <= 45.553) -> PaCO2 >= 3.917)
",-9999999.000,-9999999.000,0.000,0.000,1.000,0,0,0,9,9,0,0,9,0.0,0,0,0.0,0.0,1.0
"F[0,2](((Phosphate >= 0.000 -> pH <= 0.000) | Chloride <= 0.000) & BaseExcess <= 0.000)
",-9999999.000,-9999999.000,0.000,0.000,1.000,0,0,0,9,9,0,0,9,0.0,0,0,0.0,0.0,1.0
"F[1,2](((DBP <= 49.772 -> Platelets <= 0.000) | Alkalinephos <= 0.000) -> HR <= 0.000)
",-9999999.000,-9999999.000,0.000,0.000,1.000,0,0,0,9,9,0,0,9,0.0,0,0,0.0,0.0,1.0
"((Platelets <= 0.000) U[0,1] (Lactate <= 0.000))
",-9999999.000,-9999999.000,0.000,0.000,1.000,0,0,0,9,9,0,0,9,0.0,0,0,0.0,0.0,1.0
"((PTT >= 0.000) U[2,2] (Chloride <= 0.000))
",0.000,0.000,0.000,0.000,1.000,0,0,0,9,9,0,0,9,0.0,0,0,0.0,0.0,1.0
"F[1,2](((DBP <= 21.754 & PaCO2 <= 0.000) -> Chloride >= 0.000) & Resp <= 0.000)
",-9999999.000,-9999999.000,0.000,0.000,1.000,0,0,0,9,9,0,0,9,0.0,0,0,0.0,0.0,1.0
"F[1,2]((Calcium >= 0.000 & Bilirubin_total <= 0.000) & Magnesium <= 0.000)
",-9999999.000,-9999999.000,0.000,0.000,1.000,0,0,0,9,9,0,0,9,0.0,0,0,0.0,0.0,1.0
"((PaCO2 >= 0.000) U[1,2] (PaCO2 <= 0.000))
",-9999999.000,-9999999.000,0.000,0.000,1.000,0,0,0,9,9,0,0,9,0.0,0,0,0.0,0.0,1.0
"F[1,1]((Bilirubin_direct <= 0.000 | Magnesium >= 0.000) | Calcium <= 0.000)
",0.000,0.000,0.000,0.000,1.000,0,0,0,9,9,0,0,9,0.0,0,0,0.0,0.0,1.0
"((Platelets <= 0.000) U[2,2] (PTT <= 0.000))
",0.000,0.000,0.000,0.000,1.000,0,0,0,9,9,0,0,9,0.0,0,0,0.0,0.0,1.0
"F[1,2](((Chloride <= 0.000 -> HR <= 35.773) -> BUN >= 12.975) & Fibrinogen >= 16.675)
",-9999999.000,-9999999.000,0.000,0.000,1.000,0,0,0,9,9,0,0,9,0.0,0,0,0.0,0.0,1.0
"F[0,1](((PTT <= 0.000 | Hct >= 0.000) | PaCO2 <= 0.000) & pH >= 0.000)
",-9999999.000,-9999999.000,0.000,0.000,1.000,0,0,0,9,9,0,0,9,0.0,0,0,0.0,0.0,1.0
"F[0,1](((WBC <= 0.000 & SaO2 <= 0.000) -> Magnesium <= 0.000) & BUN <= 0.000)
",-9999999.000,-9999999.000,0.000,0.000,1.000,0,0,0,9,9,0,0,9,0.0,0,0,0.0,0.0,1.0
"F[2,2]((Bilirubin_total <= 0.000 | SepsisLabel <= 0.000) -> Chloride <= 0.000)
",0.000,0.000,0.000,0.000,1.000,0,0,0,9,9,0,0,9,0.0,0,0,0.0,0.0,1.0
"F[0,2]((Lactate <= 0.000 | PTT >= 0.000) -> PTT >= 0.000)
",-9999999.000,-9999999.000,0.000,0.000,1.000,0,0,0,9,9,0,0,9,0.0,0,0,0.0,0.0,1.0
"F[0,0]((TroponinI >= 0.000 | Glucose <= 0.000) -> Potassium >= 0.000)
",0.000,0.000,0.000,0.000,1.000,0,0,0,9,9,0,0,9,0.0,0,0,0.0,0.0,1.0
"F[0,0]((Creatinine >= 0.000 & Hgb >= 0.000) -> Glucose >= 0.000)
",0.000,0.000,0.000,0.000,1.000,0,0,0,9,9,0,0,9,0.0,0,0,0.0,0.0,1.0
"F[0,2](((WBC >= 0.000 | Phosphate <= 0.000) -> MAP <= 0.000) & Phosphate >= 0.000)
",-9999999.000,-9999999.000,0.000,0.000,1.000,0,0,0,9,9,0,0,9,0.0,0,0,0.0,0.0,1.0
"F[1,2](((SaO2 >= 0.000 & Alkalinephos >= 0.000) -> EtCO2 >= 0.000) -> Calcium <= 0.000)
",-9999999.000,-9999999.000,0.000,0.000,1.000,0,0,0,9,9,0,0,9,0.0,0,0,0.0,0.0,1.0
"((Resp <= 6.736) U[2,2] (Resp <= 10.057))
",10.057,10.057,0.000,0.000,1.000,0,0,0,9,9,0,0,9,0.0,0,0,0.0,0.0,1.0
"F[2,2](((PTT <= 0.000 | FiO2 >= 0.000) & Magnesium <= 0.000) -> HR >= 0.000)
",0.000,0.000,0.000,0.000,1.000,0,0,0,9,9,0,0,9,0.0,0,0,0.0,0.0,1.0
"F[0,1](((EtCO2 >= 0.000 | Fibrinogen <= 0.000) & Temp >= 0.000) -> Glucose <= 0.000)
",-9999999.000,-9999999.000,0.000,0.000,1.000,0,0,0,9,9,0,0,9,0.0,0,0,0.0,0.0,1.0
"F[0,0](((Hct >= 0.000 | FiO2 <= 0.000) | Creatinine <= 0.000) | Glucose <= 0.000)
",0.000,0.000,0.000,0.000,1.000,0,0,0,9,9,0,0,9,0.0,0,0,0.0,0.0,1.0
"F[0,2](((Bilirubin_direct <= 0.000 -> EtCO2 >= 0.000) | PaCO2 >= 0.000) | Bilirubin_total >= 0.000)
",-9999999.000,-9999999.000,0.000,0.000,1.000,0,0,0,9,9,0,0,9,0.0,0,0,0.0,0.0,1.0
"F[0,1](((TroponinI >= 0.000 -> Glucose <= 0.000) | BaseExcess >= 0.000) -> Lactate >= 0.000)
",-9999999.000,-9999999.000,0.000,0.000,1.000,0,0,0,9,9,0,0,9,0.0,0,0,0.0,0.0,1.0
"((TroponinI <= 0.003) U[0,2] (TroponinI >= 0.000))
",-9999999.000,-9999999.000,0.000,0.000,1.000,0,0,0,9,9,0,0,9,0.0,0,0,0.0,0.0,1.0
"F[0,2]((Chloride <= 0.000 & SBP <= 144.480) & TroponinI <= 37.026)
",-9999999.000,-9999999.000,0.000,0.000,1.000,0,0,0,9,9,0,0,9,0.0,0,0,0.0,0.0,1.0
"F[0,2]((FiO2 >= 0.000 & FiO2 >= 0.000) & WBC >= 0.000)
",-9999999.000,-9999999.000,0.000,0.000,1.000,0,0,0,9,9,0,0,9,0.0,0,0,0.0,0.0,1.0
"((Hgb <= 0.000) U[0,1] (PaCO2 >= 0.000))
",-9999999.000,-9999999.000,0.000,0.000,1.000,0,0,0,9,9,0,0,9,0.0,0,0,0.0,0.0,1.0
"F[0,1](((FiO2 >= 0.000 -> BaseExcess >= 0.000) -> Lactate <= 0.000) | HR <= 0.000)
",-9999999.000,-9999999.000,0.000,0.000,1.000,0,0,0,9,9,0,0,9,0.0,0,0,0.0,0.0,1.0
"F[0,1]((pH <= 0.000 -> HCO3 <= 0.000) & AST <= 0.000)
",-9999999.000,-9999999.000,0.000,0.000,1.000,0,0,0,9,9,0,0,9,0.0,0,0,0.0,0.0,1.0
"F[0,1](FiO2 >= 0.000 | FiO2 <= 0.000)
",-9999999.000,-9999999.000,0.000,0.000,1.000,0,0,0,9,9,0,0,9,0.0,0,0,0.0,0.0,1.0
"F[0,2](((Platelets >= 0.000 -> BaseExcess <= 0.000) | EtCO2 >= 0.000) -> FiO2 <= 0.000)
",-9999999.000,-9999999.000,0.000,0.000,1.000,0,0,0,9,9,0,0,9,0.0,0,0,0.0,0.0,1.0
"F[0,2]((Potassium <= 0.000 | BUN <= 0.000) | TroponinI >= 0.000)
",-9999999.000,-9999999.000,0.000,0.000,1.000,0,0,0,9,9,0,0,9,0.0,0,0,0.0,0.0,1.0
"F[0,1](Resp >= 2.370 | PTT >= 0.000)
",-9999999.000,-9999999.000,0.000,0.000,1.000,0,0,0,9,9,0,0,9,0.0,0,0,0.0,0.0,1.0
"((BaseExcess >= 0.000) U[1,2] (Platelets <= 0.000))
",-9999999.000,-9999999.000,0.000,0.000,1.000,0,0,0,9,9,0,0,9,0.0,0,0,0.0,0.0,1.0
"F[0,2](((Platelets >= 0.000 & PTT <= 0.000) | Platelets <= 0.000) | SepsisLabel <= 0.000)
",-9999999.000,-9999999.000,0.000,0.000,1.000,0,0,0,9,9,0,0,9,0.0,0,0,0.0,0.0,1.0
"F[0,2](Hgb <= 0.000 | PTT >= 0.000)
",-9999999.000,-9999999.000,0.000,0.000,1.000,0,0,0,9,9,0,0,9,0.0,0,0,0.0,0.0,1.0
"((WBC <= 0.000) U[0,0] (Glucose <= 0.000))
",0.000,0.000,0.000,0.000,1.000,0,0,0,9,9,0,0,9,0.0,0,0,0.0,0.0,1.0
"F[0,1]((SaO2 >= 0.000 -> Creatinine <= 0.000) & SBP >= 0.000)
",-9999999.000,-9999999.000,0.000,0.000,1.000,0,0,0,9,9,0,0,9,0.0,0,0,0.0,0.0,1.0
"F[0,1]((Bilirubin_direct >= 0.000 | HCO3 <= 0.000) | Chloride <= 0.000)
",-9999999.000,-9999999.000,0.000,0.000,1.000,0,0,0,9,9,0,0,9,0.0,0,0,0.0,0.0,1.0
"((SaO2 <= 0.000) U[0,2] (O2Sat >= 2.823))
",-9999999.000,-9999999.000,0.000,0.000,1.000,0,0,0,9,9,0,0,9,0.0,0,0,0.0,0.0,1.0
"F[0,1](Potassium <= 0.000 | Chloride <= 0.000)
",-9999999.000,-9999999.000,0.000,0.000,1.000,0,0,0,9,9,0,0,9,0.0,0,0,0.0,0.0,1.0
"F[1,2](Hgb >= 0.000 | Creatinine <= 0.000)
",-9999999.000,-9999999.000,0.000,0.000,1.000,0,0,0,9,9,0,0,9,0.0,0,0,0.0,0.0,1.0
"F[0,2](((BUN <= 0.000 -> PTT >= 0.000) | AST <= 0.000) & FiO2 <= 0.000)
",-9999999.000,-9999999.000,0.000,0.000,1.000,0,0,0,9,9,0,0,9,0.0,0,0,0.0,0.0,1.0
"F[0,2]((SepsisLabel <= 0.000 | MAP >= 9.040) | Resp >= 9.122)
",-9999999.000,-9999999.000,0.000,0.000,1.000,0,0,0,9,9,0,0,9,0.0,0,0,0.0,0.0,1.0
"F[0,1]((Hct <= 0.000 & Calcium >= 0.000) | PTT >= 0.000)
",-9999999.000,-9999999.000,0.000,0.000,1.000,0,0,0,9,9,0,0,9,0.0,0,0,0.0,0.0,1.0
"((Hct >= 0.000) U[0,2] (SepsisLabel >= 0.000))
",-9999999.000,-9999999.000,0.000,0.000,1.000,0,0,0,9,9,0,0,9,0.0,0,0,0.0,0.0,1.0
"((Lactate >= 0.000) U[0,1] (Hgb >= 0.000))
",-9999999.000,-9999999.000,0.000,0.000,1.000,0,0,0,9,9,0,0,9,0.0,0,0,0.0,0.0,1.0
"F[0,1](((pH >= 0.000 | Alkalinephos >= 0.000) & AST <= 0.000) -> HCO3 >= 0.000)
",-9999999.000,-9999999.000,0.000,0.000,1.000,0,0,0,9,9,0,0,9,0.0,0,0,0.0,0.0,1.0
"F[0,2](((Resp >= 0.176 -> Fibrinogen >= 0.000) -> Hct <= 0.000) -> Fibrinogen >= 0.000)
",-9999999.000,-9999999.000,0.000,0.000,1.000,0,0,0,9,9,0,0,9,0.0,0,0,0.0,0.0,1.0
"F[0,1](Bilirubin_direct >= 0.000 -> Hct <= 0.000)
",-9999999.000,-9999999.000,0.000,0.000,1.000,0,0,0,9,9,0,0,9,0.0,0,0,0.0,0.0,1.0
"F[0,2](Creatinine >= 0.000 | AST >= 0.000)
",-9999999.000,-9999999.000,0.000,0.000,1.000,0,0,0,9,9,0,0,9,0.0,0,0,0.0,0.0,1.0
"F[0,1](((PaCO2 <= 0.000 | O2Sat <= 70.641) | pH <= 41.166) | Bilirubin_total >= 19.596)
",-9999999.000,-9999999.000,0.000,0.000,1.000,0,0,0,9,9,0,0,9,0.0,0,0,0.0,0.0,1.0
"F[1,1](Phosphate <= 0.000 | Potassium >= 0.000)
",0.000,0.000,0.000,0.000,1.000,0,0,0,9,9,0,0,9,0.0,0,0,0.0,0.0,1.0
"F[0,1]((SepsisLabel <= 0.000 | DBP >= 0.508) & Hgb <= 59.540)
",-9999999.000,-9999999.000,0.000,0.000,1.000,0,0,0,9,9,0,0,9,0.0,0,0,0.0,0.0,1.0
"F[0,2](Platelets >= 0.000 | BaseExcess <= 0.000)
",-9999999.000,-9999999.000,0.000,0.000,1.000,0,0,0,9,9,0,0,9,0.0,0,0,0.0,0.0,1.0
"F[0,1](BUN >= 0.000 & WBC >= 0.000)
",-9999999.000,-9999999.000,0.000,0.000,1.000,0,0,0,9,9,0,0,9,0.0,0,0,0.0,0.0,1.0
"F[0,2](Hct <= 0.000 | pH <= 0.000)
",-9999999.000,-9999999.000,0.000,0.000,1.000,0,0,0,9,9,0,0,9,0.0,0,0,0.0,0.0,1.0
"((Phosphate <= 0.000) U[0,1] (Hct <= 0.000))
",-9999999.000,-9999999.000,0.000,0.000,1.000,0,0,0,9,9,0,0,9,0.0,0,0,0.0,0.0,1.0
"((FiO2 >= 0.000) U[0,2] (SepsisLabel = 0.000))
",-9999999.000,-9999999.000,0.000,0.000,1.000,0,0,0,9,9,0,0,9,0.0,0,0,0.0,0.0,1.0
"F[0,0](Bilirubin_total >= 0.000 -> SepsisLabel = 0.000)
",0.000,0.000,0.000,0.000,1.000,0,0,0,9,9,0,0,9,0.0,0,0,0.0,0.0,1.0
"F[1,2](O2Sat <= 39.346 -> SepsisLabel = 0.000)
",-9999999.000,-9999999.000,0.000,0.000,1.000,0,0,0,9,9,0,0,9,0.0,0,0,0.0,0.0,1.0
"((HCO3 <= 0.000) U[1,2] (SepsisLabel = 0.000))
",-9999999.000,-9999999.000,0.000,0.000,1.000,0,0,0,9,9,0,0,9,0.0,0,0,0.0,0.0,1.0
"((BaseExcess <= 0.000) U[1,1] (SepsisLabel = 0.000))
",0.000,0.000,0.000,0.000,1.000,0,0,0,9,9,0,0,9,0.0,0,0,0.0,0.0,1.0
"F[1,2](SBP >= 9.006 & SepsisLabel = 0.000)
",-9999999.000,-9999999.000,0.000,0.000,1.000,0,0,0,9,9,0,0,9,0.0,0,0,0.0,0.0,1.0
"((Lactate <= 0.000) U[0,0] (SepsisLabel = 0.000))
",0.000,0.000,0.000,0.000,1.000,0,0,0,9,9,0,0,9,0.0,0,0,0.0,0.0,1.0
"F[2,2](TroponinI < 0.005 -> SepsisLabel = 0.000)
",-0.005,-0.005,0.000,0.000,1.000,0,0,0,9,9,0,0,9,0.0,0,0,0.0,0.0,1.0
"F[0,1](Platelets >= 0.000 -> SepsisLabel = 0.000)
",-9999999.000,-9999999.000,0.000,0.000,1.000,0,0,0,9,9,0,0,9,0.0,0,0,0.0,0.0,1.0
"((SBP >= 14.537) U[0,1] (SepsisLabel = 0.000))
",-9999999.000,-9999999.000,0.000,0.000,1.000,0,0,0,9,9,0,0,9,0.0,0,0,0.0,0.0,1.0
"((PaCO2 <= 0.000) U[0,2] (SepsisLabel = 0.000))
",-9999999.000,-9999999.000,0.000,0.000,1.000,0,0,0,9,9,0,0,9,0.0,0,0,0.0,0.0,1.0
"F[0,1](HCO3 < 0.000 -> SepsisLabel = 0.000)
",-9999999.000,-9999999.000,0.000,0.000,1.000,0,0,0,9,9,0,0,9,0.0,0,0,0.0,0.0,1.0
"((Hct < 0.000) U[0,2] (SepsisLabel = 0.000))
",-9999999.000,-9999999.000,0.000,0.000,1.000,0,0,0,9,9,0,0,9,0.0,0,0,0.0,0.0,1.0
"F[1,1](AST <= 0.000 & SepsisLabel = 0.000)
",0.000,0.000,0.000,0.000,1.000,0,0,0,9,9,0,0,9,0.0,0,0,0.0,0.0,1.0
"((Phosphate < 0.000) U[2,2] (SepsisLabel = 0.000))
",0.000,0.000,0.000,0.000,1.000,0,0,0,9,9,0,0,9,0.0,0,0,0.0,0.0,1.0
"((Calcium <= 0.000) U[0,2] (SepsisLabel = 0.000))
",-9999999.000,-9999999.000,0.000,0.000,1.000,0,0,0,9,9,0,0,9,0.0,0,0,0.0,0.0,1.0
"((Alkalinephos >= 0.000) U[2,2] (SepsisLabel = 0.000))
",0.000,0.000,0.000,0.000,1.000,0,0,0,9,9,0,0,9,0.0,0,0,0.0,0.0,1.0
"((AST <= 0.000) U[1,2] (SepsisLabel = 0.000))
",-9999999.000,-9999999.000,0.000,0.000,1.000,0,0,0,9,9,0,0,9,0.0,0,0,0.0,0.0,1.0
"F[0,2](Hgb <= 0.000 & SepsisLabel = 0.000)
",-9999999.000,-9999999.000,0.000,0.000,1.000,0,0,0,9,9,0,0,9,0.0,0,0,0.0,0.0,1.0
"F[0,0](O2Sat < 71.036 -> SepsisLabel = 0.000)
",-2.647,-62.161,0.000,0.000,1.000,0,0,0,9,9,0,0,9,0.0,0,0,0.0,0.0,1.0
"F[0,2]((Glucose >= 0.000 | Hct >= 0.000) -> MAP <= 0.000)
",-9999999.000,-9999999.000,0.000,0.000,1.000,0,0,0,9,9,0,0,9,0.0,0,0,0.0,0.0,1.0
"((DBP <= 49.500) U[0,2] (SepsisLabel = 0.000))
",-9999999.000,-9999999.000,0.000,0.000,1.000,0,0,0,9,9,0,0,9,0.0,0,0,0.0,0.0,1.0
"F[0,2]((Alkalinephos >= 0.000 & AST >= 0.000) & O2Sat <= 0.000)
",-9999999.000,-9999999.000,0.000,0.000,1.000,0,0,0,9,9,0,0,9,0.0,0,0,0.0,0.0,1.0
"F[0,1](((Temp <= 14.176 & TroponinI >= 0.000) | Lactate >= 0.000) | EtCO2 >= 0.000)
",-9999999.000,-9999999.000,0.000,0.000,1.000,0,0,0,9,9,0,0,9,0.0,0,0,0.0,0.0,1.0
"F[0,2](SBP >= 20.750 -> TroponinI <= 0.004)
",-9999999.000,-9999999.000,0.000,0.000,1.000,0,0,0,9,9,0,0,9,0.0,0,0,0.0,0.0,1.0
"F[0,2](((O2Sat <= 75.177 & TroponinI >= 0.001) | BaseExcess >= 0.000) | Hgb >= 0.000)
",-9999999.000,-9999999.000,0.000,0.000,1.000,0,0,0,9,9,0,0,9,0.0,0,0,0.0,0.0,1.0
"F[1,1]((Resp >= 4.871 -> TroponinI >= 0.000) & Calcium <= 0.002)
",0.000,0.000,0.000,0.000,1.000,0,0,0,9,9,0,0,9,0.0,0,0,0.0,0.0,1.0
"F[0,2](((MAP <= 34.532 & SBP >= 26.954) | Bilirubin_direct >= 6.928) | O2Sat >= 22.972)
",-9999999.000,-9999999.000,0.000,0.000,1.000,0,0,0,9,9,0,0,9,0.0,0,0,0.0,0.0,1.0
"F[0,2](MAP >= 8.138 | Temp >= 0.985)
",-9999999.000,-9999999.000,0.000,0.000,1.000,0,0,0,9,9,0,0,9,0.0,0,0,0.0,0.0,1.0
"F[0,1](((O2Sat >= 10.249 | SBP <= 48.002) | Temp >= 16.577) | Resp <= 58.906)
",-9999999.000,-9999999.000,0.000,0.000,1.000,0,0,0,9,9,0,0,9,0.0,0,0,0.0,0.0,1.0
"F[1,1](((HR <= 43.975 & SBP >= 27.918) -> Potassium <= 101.989) & Calcium <= 109.181)
",-101.989,-101.989,0.000,0.000,1.000,0,0,0,9,9,0,0,9,0.0,0,0,0.0,0.0,1.0
"F[1,2](HR <= 48.764 & O2Sat >= 3.061)
",-9999999.000,-9999999.000,0.000,0.000,1.000,0,0,0,9,9,0,0,9,0.0,0,0,0.0,0.0,1.0
"((Fibrinogen <= 0.000) U[1,2] (SepsisLabel = 0.000))
",-9999999.000,-9999999.000,0.000,0.000,1.000,0,0,0,9,9,0,0,9,0.0,0,0,0.0,0.0,1.0
"((HR > 7.431) U[0,1] (SepsisLabel = 0.000))
",-9999999.000,-9999999.000,0.000,0.000,1.000,0,0,0,9,9,0,0,9,0.0,0,0,0.0,0.0,1.0
"((HR <= 61.806) U[0,1] (SepsisLabel = 0.000))
",-9999999.000,-9999999.000,0.000,0.000,1.000,0,0,0,9,9,0,0,9,0.0,0,0,0.0,0.0,1.0
"F[0,2](SaO2 < 0.000 & SepsisLabel = 0.000)
",-9999999.000,-9999999.000,0.000,0.000,1.000,0,0,0,9,9,0,0,9,0.0,0,0,0.0,0.0,1.0
"F[0,0](Calcium >= 0.000 & SepsisLabel = 0.000)
",0.000,0.000,0.000,0.000,1.000,0,0,0,9,9,0,0,9,0.0,0,0,0.0,0.0,1.0
"F[1,2](BUN > 0.000 & SepsisLabel = 0.000)
",-9999999.000,-9999999.000,0.000,0.000,1.000,0,0,0,9,9,0,0,9,0.0,0,0,0.0,0.0,1.0
"F[0,2](Potassium <= 0.000 -> SepsisLabel = 0.000)
",-9999999.000,-9999999.000,0.000,0.000,1.000,0,0,0,9,9,0,0,9,0.0,0,0,0.0,0.0,1.0
"F[1,1](Glucose < 0.000 -> SepsisLabel = 0.000)
",0.000,0.000,0.000,0.000,1.000,0,0,0,9,9,0,0,9,0.0,0,0,0.0,0.0,1.0
"F[1,2](Bilirubin_total <= 0.000 -> SepsisLabel = 0.000)
",-9999999.000,-9999999.000,0.000,0.000,1.000,0,0,0,9,9,0,0,9,0.0,0,0,0.0,0.0,1.0
"((SepsisLabel >= 0.000) U[2,2] (SepsisLabel = 0.000))
",0.000,0.000,0.000,0.000,1.000,0,0,0,9,9,0,0,9,0.0,0,0,0.0,0.0,1.0
"((MAP >= 3.999) U[0,2] (SBP <= 96.936))
",-9999999.000,-9999999.000,0.000,0.000,1.000,0,0,0,9,9,0,0,9,0.0,0,0,0.0,0.0,1.0
"F[1,2](((Calcium < 0.000 & Potassium < 0.000) & Magnesium < 0.000) & Phosphate < 0.000)
",-9999999.000,-9999999.000,0.000,0.000,1.000,0,0,0,9,9,0,0,9,0.0,0,0,0.0,0.0,1.0
"F[0,2]((Calcium <= 0.000 & Potassium <= 0.000) & Magnesium >= 0.000)
",-9999999.000,-9999999.000,0.000,0.000,1.000,0,0,0,9,9,0,0,9,0.0,0,0,0.0,0.0,1.0
"F[0,1](Hgb <= 0.000 | Hct <= 0.000)
",-9999999.000,-9999999.000,0.000,0.000,1.000,0,0,0,9,9,0,0,9,0.0,0,0,0.0,0.0,1.0
"((MAP >= 0.500) U[0,2] (SBP <= 55.408))
",-9999999.000,-9999999.000,0.000,0.000,1.000,0,0,0,9,9,0,0,9,0.0,0,0,0.0,0.0,1.0
"F[0,0]((Phosphate >= 0.000 & Magnesium > 0.000) -> Calcium < 0.000)
",0.000,0.000,0.000,0.000,1.000,0,0,0,9,9,0,0,9,0.0,0,0,0.0,0.0,1.0
"F[1,1]((Calcium <= 0.000 & Potassium <= 0.000) & Magnesium >= 0.000)
",0.000,0.000,0.000,0.000,1.000,0,0,0,9,9,0,0,9,0.0,0,0,0.0,0.0,1.0
"F[2,2](Hgb <= 0.000 | Hct <= 0.000)
",0.000,0.000,0.000,0.000,1.000,0,0,0,9,9,0,0,9,0.0,0,0,0.0,0.0,1.0
"((MAP >= 3.425) U[0,0] (SBP <= 115.063))
",13.501,118.377,0.000,0.000,1.000,0,0,0,9,9,0,0,9,0.0,0,0,0.0,0.0,1.0
"F[1,2]((Phosphate >= 0.000 & Magnesium > 0.000) -> Calcium < 0.000)
",-9999999.000,-9999999.000,0.000,0.000,1.000,0,0,0,9,9,0,0,9,0.0,0,0,0.0,0.0,1.0
"F[0,1]((Calcium <= 0.000 & Potassium <= 0.000) & Magnesium >= 0.000)
",-9999999.000,-9999999.000,0.000,0.000,1.000,0,0,0,9,9,0,0,9,0.0,0,0,0.0,0.0,1.0
"F[0,1](Hgb <= 0.000 | Hct <= 0.000)
",-9999999.000,-9999999.000,0.000,0.000,1.000,0,0,0,9,9,0,0,9,0.0,0,0,0.0,0.0,1.0
"F[1,1]((Phosphate >= 0.000 & Magnesium > 0.000) -> Calcium < 0.000)
",0.000,0.000,0.000,0.000,1.000,0,0,0,9,9,0,0,9,0.0,0,0,0.0,0.0,1.0
"F[1,1]((Calcium <= 0.000 & Potassium <= 0.000) & Magnesium >= 0.000)
",0.000,0.000,0.000,0.000,1.000,0,0,0,9,9,0,0,9,0.0,0,0,0.0,0.0,1.0
"F[0,0](Hgb <= 0.000 | Hct <= 0.000)
",0.000,0.000,0.000,0.000,1.000,0,0,0,9,9,0,0,9,0.0,0,0,0.0,0.0,1.0
"((MAP >= 0.228) U[0,1] (SBP <= 47.145))
",-9999999.000,-9999999.000,0.000,0.000,1.000,0,0,0,9,9,0,0,9,0.0,0,0,0.0,0.0,1.0
"F[1,1]((Phosphate >= 0.000 & Magnesium > 0.000) -> Calcium < 0.000)
",0.000,0.000,0.000,0.000,1.000,0,0,0,9,9,0,0,9,0.0,0,0,0.0,0.0,1.0
"F[0,2](((Calcium < 0.000 & Potassium < 0.000) & Magnesium < 0.000) & Phosphate < 0.000)
",-9999999.000,-9999999.000,0.000,0.000,1.000,0,0,0,9,9,0,0,9,0.0,0,0,0.0,0.0,1.0
"F[2,2]((Phosphate >= 0.000 & Magnesium > 0.000) -> Calcium < 0.000)
",0.000,0.000,0.000,0.000,1.000,0,0,0,9,9,0,0,9,0.0,0,0,0.0,0.0,1.0
"F[1,2](Hgb <= 0.000 | Hct <= 0.000)
",-9999999.000,-9999999.000,0.000,0.000,1.000,0,0,0,9,9,0,0,9,0.0,0,0,0.0,0.0,1.0
"F[1,1]((Calcium <= 0.000 & Potassium <= 0.000) & Magnesium >= 0.000)
",0.000,0.000,0.000,0.000,1.000,0,0,0,9,9,0,0,9,0.0,0,0,0.0,0.0,1.0
"F[1,1](Hgb <= 0.000 | Hct <= 0.000)
",0.000,0.000,0.000,0.000,1.000,0,0,0,9,9,0,0,9,0.0,0,0,0.0,0.0,1.0
"F[1,2]((Phosphate >= 0.000 & Magnesium > 0.000) -> Calcium < 0.000)
",-9999999.000,-9999999.000,0.000,0.000,1.000,0,0,0,9,9,0,0,9,0.0,0,0,0.0,0.0,1.0
"F[1,2](((Calcium < 0.000 & Potassium < 0.000) & Magnesium < 0.000) & Phosphate < 0.000)
",-9999999.000,-9999999.000,0.000,0.000,1.000,0,0,0,9,9,0,0,9,0.0,0,0,0.0,0.0,1.0
"F[2,2]((Calcium <= 0.000 & Potassium <= 0.000) & Magnesium >= 0.000)
",0.000,0.000,0.000,0.000,1.000,0,0,0,9,9,0,0,9,0.0,0,0,0.0,0.0,1.0
"F[1,1](Hgb <= 0.000 | Hct <= 0.000)
",0.000,0.000,0.000,0.000,1.000,0,0,0,9,9,0,0,9,0.0,0,0,0.0,0.0,1.0
"F[2,2]((Phosphate >= 0.000 & Magnesium > 0.000) -> Calcium < 0.000)
",0.000,0.000,0.000,0.000,1.000,0,0,0,9,9,0,0,9,0.0,0,0,0.0,0.0,1.0
"F[0,2](((Calcium < 0.000 & Potassium < 0.000) & Magnesium < 0.000) & Phosphate < 0.000)
",-9999999.000,-9999999.000,0.000,0.000,1.000,0,0,0,9,9,0,0,9,0.0,0,0,0.0,0.0,1.0
"F[0,2]((Calcium <= 0.000 & Potassium <= 0.000) & Magnesium >= 0.000)
",-9999999.000,-9999999.000,0.000,0.000,1.000,0,0,0,9,9,0,0,9,0.0,0,0,0.0,0.0,1.0
"F[1,2]((Phosphate >= 0.000 & Magnesium > 0.000) -> Calcium < 0.000)
",-9999999.000,-9999999.000,0.000,0.000,1.000,0,0,0,9,9,0,0,9,0.0,0,0,0.0,0.0,1.0
"F[0,2](((Calcium < 0.000 & Potassium < 0.000) & Magnesium < 0.000) & Phosphate < 0.000)
",-9999999.000,-9999999.000,0.000,0.000,1.000,0,0,0,9,9,0,0,9,0.0,0,0,0.0,0.0,1.0
"F[0,0]((Calcium <= 0.000 & Potassium <= 0.000) & Magnesium >= 0.000)
",0.000,0.000,0.000,0.000,1.000,0,0,0,9,9,0,0,9,0.0,0,0,0.0,0.0,1.0
"F[1,1](Hgb <= 0.000 | Hct <= 0.000)
",0.000,0.000,0.000,0.000,1.000,0,0,0,9,9,0,0,9,0.0,0,0,0.0,0.0,1.0
"F[0,0]((Phosphate >= 0.000 & Magnesium > 0.000) -> Calcium < 0.000)
",0.000,0.000,0.000,0.000,1.000,0,0,0,9,9,0,0,9,0.0,0,0,0.0,0.0,1.0
"F[1,2](((Calcium < 0.000 & Potassium < 0.000) & Magnesium < 0.000) & Phosphate < 0.000)
",-9999999.000,-9999999.000,0.000,0.000,1.000,0,0,0,9,9,0,0,9,0.0,0,0,0.0,0.0,1.0
"F[0,2]((Calcium <= 0.000 & Potassium <= 0.000) & Magnesium >= 0.000)
",-9999999.000,-9999999.000,0.000,0.000,1.000,0,0,0,9,9,0,0,9,0.0,0,0,0.0,0.0,1.0
"F[2,2](Hgb <= 0.000 | Hct <= 0.000)
",0.000,0.000,0.000,0.000,1.000,0,0,0,9,9,0,0,9,0.0,0,0,0.0,0.0,1.0
"F[0,0]((Phosphate >= 0.000 & Magnesium > 0.000) -> Calcium < 0.000)
",0.000,0.000,0.000,0.000,1.000,0,0,0,9,9,0,0,9,0.0,0,0,0.0,0.0,1.0
"F[1,2](Magnesium >= 0.000 & Alkalinephos >= 0.000)
",-9999999.000,-9999999.000,0.000,0.000,1.000,0,0,0,9,9,0,0,9,0.0,0,0,0.0,0.0,1.0
"((SaO2 >= 0.000) U[1,2] (SaO2 <= 0.000))
",-9999999.000,-9999999.000,0.000,0.000,1.000,0,0,0,9,9,0,0,9,0.0,0,0,0.0,0.0,1.0
"F[1,2]((Bilirubin_total <= 0.000 & Resp <= 6.458) -> Hct >= 0.767)
",-9999999.000,-9999999.000,0.000,0.000,1.000,0,0,0,9,9,0,0,9,0.0,0,0,0.0,0.0,1.0
"F[0,1]((EtCO2 <= 0.000 | Resp <= 11.196) -> SBP <= 13.545)
",-9999999.000,-9999999.000,0.000,0.000,1.000,0,0,0,9,9,0,0,9,0.0,0,0,0.0,0.0,1.0
"((Hct <= 0.000) U[1,2] (SepsisLabel <= 0.000))
",-9999999.000,-9999999.000,0.000,0.000,1.000,0,0,0,9,9,0,0,9,0.0,0,0,0.0,0.0,1.0
"F[2,2](AST <= 0.000 & Magnesium >= 0.000)
",0.000,0.000,0.000,0.000,1.000,0,0,0,9,9,0,0,9,0.0,0,0,0.0,0.0,1.0
"F[0,2]((FiO2 >= 0.000 & Platelets >= 0.000) | HCO3 <= 0.000)
",-9999999.000,-9999999.000,0.000,0.000,1.000,0,0,0,9,9,0,0,9,0.0,0,0,0.0,0.0,1.0
"F[2,2](Potassium >= 0.000 & Glucose >= 0.000)
",0.000,0.000,0.000,0.000,1.000,0,0,0,9,9,0,0,9,0.0,0,0,0.0,0.0,1.0
"F[1,1](((O2Sat <= 97.186 -> MAP <= 45.092) -> Creatinine >= 11.697) -> BUN <= 78.725)
",-78.725,-78.725,0.000,0.000,1.000,0,0,0,9,9,0,0,9,0.0,0,0,0.0,0.0,1.0
"F[1,1]((PTT <= 0.000 & SepsisLabel <= 0.000) -> Creatinine >= 0.000)
",0.000,0.000,0.000,0.000,1.000,0,0,0,9,9,0,0,9,0.0,0,0,0.0,0.0,1.0
"F[0,2]((Hgb <= 0.000 & Chloride >= 0.000) | SepsisLabel <= 0.000)
",-9999999.000,-9999999.000,0.000,0.000,1.000,0,0,0,9,9,0,0,9,0.0,0,0,0.0,0.0,1.0
"((Phosphate >= 0.000) U[2,2] (Potassium >= 0.000))
",0.000,0.000,0.000,0.000,1.000,0,0,0,9,9,0,0,9,0.0,0,0,0.0,0.0,1.0
"F[2,2](Resp >= 4.186 | Alkalinephos >= 0.000)
",0.000,0.000,0.000,0.000,1.000,0,0,0,9,9,0,0,9,0.0,0,0,0.0,0.0,1.0
"F[2,2]((Phosphate <= 0.000 | Glucose >= 0.000) & Platelets >= 0.000)
",0.000,0.000,0.000,0.000,1.000,0,0,0,9,9,0,0,9,0.0,0,0,0.0,0.0,1.0
"((Glucose >= 0.000) U[0,2] (SepsisLabel <= 0.000))
",-9999999.000,-9999999.000,0.000,0.000,1.000,0,0,0,9,9,0,0,9,0.0,0,0,0.0,0.0,1.0
"F[2,2](((AST >= 0.000 -> Lactate >= 0.000) & SaO2 <= 0.000) | Resp >= 0.000)
",0.000,0.000,0.000,0.000,1.000,0,0,0,9,9,0,0,9,0.0,0,0,0.0,0.0,1.0
"F[2,2]((AST <= 0.000 -> Alkalinephos <= 0.000) & Magnesium <= 0.000)
",0.000,0.000,0.000,0.000,1.000,0,0,0,9,9,0,0,9,0.0,0,0,0.0,0.0,1.0
"F[1,2]((AST >= 0.000 | AST >= 0.000) -> DBP <= 0.000)
",-9999999.000,-9999999.000,0.000,0.000,1.000,0,0,0,9,9,0,0,9,0.0,0,0,0.0,0.0,1.0
"F[0,1](Lactate <= 0.000 -> AST <= 0.000)
",-9999999.000,-9999999.000,0.000,0.000,1.000,0,0,0,9,9,0,0,9,0.0,0,0,0.0,0.0,1.0
"F[0,1]((Lactate <= 0.000 -> PTT >= 0.000) & Hgb <= 0.000)
",-9999999.000,-9999999.000,0.000,0.000,1.000,0,0,0,9,9,0,0,9,0.0,0,0,0.0,0.0,1.0
"F[1,2]((Resp <= 8.301 & DBP >= 3.166) & BUN >= 14.423)
",-9999999.000,-9999999.000,0.000,0.000,1.000,0,0,0,9,9,0,0,9,0.0,0,0,0.0,0.0,1.0
"((BUN >= 0.000) U[0,2] (Resp <= 6.618))
",-9999999.000,-9999999.000,0.000,0.000,1.000,0,0,0,9,9,0,0,9,0.0,0,0,0.0,0.0,1.0
"F[0,2]((Calcium <= 0.000 | Temp <= 32.764) | Magnesium <= 20.927)
",-9999999.000,-9999999.000,0.000,0.000,1.000,0,0,0,9,9,0,0,9,0.0,0,0,0.0,0.0,1.0
"((SBP <= 32.516) U[0,1] (Lactate <= 0.000))
",-9999999.000,-9999999.000,0.000,0.000,1.000,0,0,0,9,9,0,0,9,0.0,0,0,0.0,0.0,1.0
"F[0,1]((Chloride >= 0.000 | WBC <= 0.000) & Resp <= 0.000)
",-9999999.000,-9999999.000,0.000,0.000,1.000,0,0,0,9,9,0,0,9,0.0,0,0,0.0,0.0,1.0
"F[0,1](((PaCO2 >= 0.000 & pH >= 0.000) -> Alkalinephos >= 0.000) -> Hgb <= 0.000)
",-9999999.000,-9999999.000,0.000,0.000,1.000,0,0,0,9,9,0,0,9,0.0,0,0,0.0,0.0,1.0
"((PTT <= 0.000) U[1,2] (HR <= 60.736))
",-9999999.000,-9999999.000,0.000,0.000,1.000,0,0,0,9,9,0,0,9,0.0,0,0,0.0,0.0,1.0
"F[0,0](((Platelets <= 0.000 -> Bilirubin_total >= 0.000) -> SBP <= 0.000) | Bilirubin_direct <= 0.000)
",0.000,0.000,0.000,0.000,1.000,0,0,0,9,9,0,0,9,0.0,0,0,0.0,0.0,1.0
"F[1,1](((DBP <= 40.858 | DBP >= 8.904) -> WBC <= 67.126) | TroponinI >= 8.016)
",-8.016,-8.016,0.000,0.000,1.000,0,0,0,9,9,0,0,9,0.0,0,0,0.0,0.0,1.0
"F[1,2](MAP <= 31.482 -> Fibrinogen <= 0.000)
",-9999999.000,-9999999.000,0.000,0.000,1.000,0,0,0,9,9,0,0,9,0.0,0,0,0.0,0.0,1.0
"((FiO2 <= 0.000) U[2,2] (Bilirubin_total <= 0.000))
",0.000,0.000,0.000,0.000,1.000,0,0,0,9,9,0,0,9,0.0,0,0,0.0,0.0,1.0
"F[1,2]((MAP >= 4.067 -> WBC <= 0.000) | TroponinI <= 0.000)
",-9999999.000,-9999999.000,0.000,0.000,1.000,0,0,0,9,9,0,0,9,0.0,0,0,0.0,0.0,1.0
"F[0,1]((DBP >= 3.786 -> SaO2 <= 0.000) | pH <= 0.000)
",-9999999.000,-9999999.000,0.000,0.000,1.000,0,0,0,9,9,0,0,9,0.0,0,0,0.0,0.0,1.0
"((EtCO2 <= 0.000) U[0,2] (SaO2 >= 0.000))
",-9999999.000,-9999999.000,0.000,0.000,1.000,0,0,0,9,9,0,0,9,0.0,0,0,0.0,0.0,1.0
"F[0,2](MAP <= 78.228 & O2Sat <= 87.344)
",-9999999.000,-9999999.000,0.000,0.000,1.000,0,0,0,9,9,0,0,9,0.0,0,0,0.0,0.0,1.0
"F[1,2](((Bilirubin_total >= 0.000 -> Lactate <= 0.000) -> Hgb <= 0.000) & O2Sat <= 0.000)
",-9999999.000,-9999999.000,0.000,0.000,1.000,0,0,0,9,9,0,0,9,0.0,0,0,0.0,0.0,1.0
"F[1,2]((Calcium <= 0.000 & Potassium <= 0.000) & Magnesium >= 0.000)
",-9999999.000,-9999999.000,0.000,0.000,1.000,0,0,0,9,9,0,0,9,0.0,0,0,0.0,0.0,1.0
"F[0,0](((Resp >= 0.509 -> WBC <= 0.000) & Hgb >= 0.000) & Bilirubin_direct <= 0.000)
",-0.378,-10.436,0.000,0.000,1.000,0,0,0,9,9,0,0,9,0.0,0,0,0.0,0.0,1.0
"F[0,2](((Temp >= 1.382 -> PaCO2 >= 0.000) | Calcium <= 0.000) | Bilirubin_total >= 0.000)
",-9999999.000,-9999999.000,0.000,0.000,1.000,0,0,0,9,9,0,0,9,0.0,0,0,0.0,0.0,1.0
"F[1,1](((WBC >= 0.000 -> Potassium <= 0.000) -> Hct <= 0.000) | pH >= 0.000)
",0.000,0.000,0.000,0.000,1.000,0,0,0,9,9,0,0,9,0.0,0,0,0.0,0.0,1.0
"F[1,2]((pH >= 0.000 -> Chloride <= 0.000) & Fibrinogen <= 0.000)
",-9999999.000,-9999999.000,0.000,0.000,1.000,0,0,0,9,9,0,0,9,0.0,0,0,0.0,0.0,1.0
"F[0,0](HCO3 >= 0.000 | HR >= 16.461)
",30960.539,30960.539,0.000,0.000,1.000,0,0,0,9,9,0,0,9,0.0,0,0,0.0,0.0,1.0
"F[0,1](((Glucose <= 0.000 | TroponinI <= 0.006) -> WBC <= 0.006) & Phosphate >= 0.000)
",-9999999.000,-9999999.000,0.000,0.000,1.000,0,0,0,9,9,0,0,9,0.0,0,0,0.0,0.0,1.0
"((Alkalinephos <= 0.000) U[0,2] (HCO3 <= 0.000))
",-9999999.000,-9999999.000,0.000,0.000,1.000,0,0,0,9,9,0,0,9,0.0,0,0,0.0,0.0,1.0
"F[0,2](((BaseExcess >= 0.000 | SepsisLabel >= 0.000) -> Phosphate >= 0.000) | DBP <= 0.000)
",-9999999.000,-9999999.000,0.000,0.000,1.000,0,0,0,9,9,0,0,9,0.0,0,0,0.0,0.0,1.0
"F[1,1]((PaCO2 <= 0.000 | SaO2 <= 0.000) -> Phosphate >= 0.000)
",0.000,0.000,0.000,0.000,1.000,0,0,0,9,9,0,0,9,0.0,0,0,0.0,0.0,1.0
"F[0,1]((HCO3 <= 0.000 & Glucose >= 0.000) -> DBP <= 0.000)
",-9999999.000,-9999999.000,0.000,0.000,1.000,0,0,0,9,9,0,0,9,0.0,0,0,0.0,0.0,1.0
"F[0,2](((Glucose >= 0.000 | BaseExcess <= 0.000) | Glucose <= 0.000) -> TroponinI <= 0.000)
",-9999999.000,-9999999.000,0.000,0.000,1.000,0,0,0,9,9,0,0,9,0.0,0,0,0.0,0.0,1.0
"F[0,1]((HCO3 >= 0.000 & Chloride <= 0.000) & Calcium <= 0.000)
",-9999999.000,-9999999.000,0.000,0.000,1.000,0,0,0,9,9,0,0,9,0.0,0,0,0.0,0.0,1.0
"F[0,2](((SBP <= 92.680 & Magnesium <= 0.000) & Resp >= 0.000) -> HR <= 0.000)
",-9999999.000,-9999999.000,0.000,0.000,1.000,0,0,0,9,9,0,0,9,0.0,0,0,0.0,0.0,1.0
"F[1,1](((Creatinine >= 0.000 | PTT <= 0.000) -> Phosphate >= 0.000) -> BUN <= 0.000)
",0.000,0.000,0.000,0.000,1.000,0,0,0,9,9,0,0,9,0.0,0,0,0.0,0.0,1.0
"F[1,1](MAP >= 11.252 -> WBC >= 0.000)
",0.000,0.000,0.000,0.000,1.000,0,0,0,9,9,0,0,9,0.0,0,0,0.0,0.0,1.0
"F[1,2]((Hgb <= 0.000 | MAP >= 8.360) | SepsisLabel >= 3.346)
",-9999999.000,-9999999.000,0.000,0.000,1.000,0,0,0,9,9,0,0,9,0.0,0,0,0.0,0.0,1.0
"F[0,2](((Potassium >= 0.000 & EtCO2 >= 0.000) & Hgb >= 0.000) -> TroponinI <= 0.000)
",-9999999.000,-9999999.000,0.000,0.000,1.000,0,0,0,9,9,0,0,9,0.0,0,0,0.0,0.0,1.0
"((Potassium <= 0.000) U[1,2] (Fibrinogen <= 0.000))
",-9999999.000,-9999999.000,0.000,0.000,1.000,0,0,0,9,9,0,0,9,0.0,0,0,0.0,0.0,1.0
"F[0,1]((Bilirubin_total <= 0.000 -> Magnesium >= 0.000) & MAP <= 0.000)
",-9999999.000,-9999999.000,0.000,0.000,1.000,0,0,0,9,9,0,0,9,0.0,0,0,0.0,0.0,1.0
"F[1,2]((DBP <= 55.271 & Bilirubin_direct <= 0.000) | Bilirubin_total >= 0.000)
",-9999999.000,-9999999.000,0.000,0.000,1.000,0,0,0,9,9,0,0,9,0.0,0,0,0.0,0.0,1.0
"F[0,2](SepsisLabel >= 0.000 -> Temp >= 5.900)
",-9999999.000,-9999999.000,0.000,0.000,1.000,0,0,0,9,9,0,0,9,0.0,0,0,0.0,0.0,1.0
"F[0,2]((Phosphate <= 0.000 & SBP <= 93.197) -> Temp <= 49.811)
",-9999999.000,-9999999.000,0.000,0.000,1.000,0,0,0,9,9,0,0,9,0.0,0,0,0.0,0.0,1.0
"((Calcium <= 0.000) U[0,2] (Fibrinogen <= 0.000))
",-9999999.000,-9999999.000,0.000,0.000,1.000,0,0,0,9,9,0,0,9,0.0,0,0,0.0,0.0,1.0
"F[0,1](Resp <= 7.976 | SBP >= 19.647)
",-9999999.000,-9999999.000,0.000,0.000,1.000,0,0,0,9,9,0,0,9,0.0,0,0,0.0,0.0,1.0
"F[0,0](((PaCO2 <= 0.000 | Lactate <= 0.000) -> AST <= 0.000) | O2Sat <= 0.000)
",0.000,0.000,0.000,0.000,1.000,0,0,0,9,9,0,0,9,0.0,0,0,0.0,0.0,1.0
"((MAP <= 79.797) U[0,2] (Bilirubin_direct <= 0.000))
",-9999999.000,-9999999.000,0.000,0.000,1.000,0,0,0,9,9,0,0,9,0.0,0,0,0.0,0.0,1.0
"F[0,2]((Bilirubin_direct >= 0.000 | pH <= 0.000) -> Lactate <= 0.000)
",-9999999.000,-9999999.000,0.000,0.000,1.000,0,0,0,9,9,0,0,9,0.0,0,0,0.0,0.0,1.0
"((Platelets >= 0.000) U[1,2] (PaCO2 <= 0.000))
",-9999999.000,-9999999.000,0.000,0.000,1.000,0,0,0,9,9,0,0,9,0.0,0,0,0.0,0.0,1.0
"F[0,1](((O2Sat <= 33.348 -> Magnesium <= 0.000) -> Platelets >= 0.000) & Potassium <= 0.000)
",-9999999.000,-9999999.000,0.000,0.000,1.000,0,0,0,9,9,0,0,9,0.0,0,0,0.0,0.0,1.0
"F[0,1]((O2Sat >= 5.346 & BaseExcess <= 0.000) -> Bilirubin_total <= 0.000)
",-9999999.000,-9999999.000,0.000,0.000,1.000,0,0,0,9,9,0,0,9,0.0,0,0,0.0,0.0,1.0
"F[0,0]((WBC <= 0.000 | Hgb <= 0.000) | Alkalinephos <= 0.000)
",0.000,0.000,0.000,0.000,1.000,0,0,0,9,9,0,0,9,0.0,0,0,0.0,0.0,1.0
"((SaO2 <= 0.000) U[0,0] (AST <= 0.000))
",0.000,0.000,0.000,0.000,1.000,0,0,0,9,9,0,0,9,0.0,0,0,0.0,0.0,1.0
"F[0,2]((Bilirubin_direct <= 0.000 -> SBP >= 0.124) | Calcium <= 110.893)
",-9999999.000,-9999999.000,0.000,0.000,1.000,0,0,0,9,9,0,0,9,0.0,0,0,0.0,0.0,1.0
"F[0,2](((DBP >= 6.645 | Resp <= 9.678) -> SepsisLabel >= 2.436) & Bilirubin_direct >= 1.813)
",-9999999.000,-9999999.000,0.000,0.000,1.000,0,0,0,9,9,0,0,9,0.0,0,0,0.0,0.0,1.0
"F[0,1](((Bilirubin_total >= 0.000 & Hct <= 0.000) -> Creatinine >= 0.000) | BUN >= 0.000)
",-9999999.000,-9999999.000,0.000,0.000,1.000,0,0,0,9,9,0,0,9,0.0,0,0,0.0,0.0,1.0
"((EtCO2 <= 0.000) U[1,1] (SaO2 >= 0.000))
",0.000,0.000,0.000,0.000,1.000,0,0,0,9,9,0,0,9,0.0,0,0,0.0,0.0,1.0
"F[1,1]((pH <= 0.000 | Creatinine >= 0.000) & EtCO2 <= 0.000)
",0.000,0.000,0.000,0.000,1.000,0,0,0,9,9,0,0,9,0.0,0,0,0.0,0.0,1.0
"F[2,2](((Lactate <= 0.000 & Alkalinephos <= 0.000) -> Resp >= 0.000) & PTT <= 0.000)
",0.000,0.000,0.000,0.000,1.000,0,0,0,9,9,0,0,9,0.0,0,0,0.0,0.0,1.0
"((Magnesium >= 0.000) U[0,2] (Lactate <= 0.000))
",-9999999.000,-9999999.000,0.000,0.000,1.000,0,0,0,9,9,0,0,9,0.0,0,0,0.0,0.0,1.0
"((Calcium <= 0.000) U[0,1] (Resp <= 10.296))
",-9999999.000,-9999999.000,0.000,0.000,1.000,0,0,0,9,9,0,0,9,0.0,0,0,0.0,0.0,1.0
"F[0,2]((EtCO2 >= 0.000 & FiO2 >= 0.000) & SBP <= 0.000)
",-9999999.000,-9999999.000,0.000,0.000,1.000,0,0,0,9,9,0,0,9,0.0,0,0,0.0,0.0,1.0
"F[0,2]((HCO3 >= 0.000 | Alkalinephos >= 0.000) & Hct <= 0.000)
",-9999999.000,-9999999.000,0.000,0.000,1.000,0,0,0,9,9,0,0,9,0.0,0,0,0.0,0.0,1.0
"F[1,2](((Hgb <= 0.000 -> BaseExcess <= 0.000) -> DBP >= 0.000) & PaCO2 <= 0.000)
",-9999999.000,-9999999.000,0.000,0.000,1.000,0,0,0,9,9,0,0,9,0.0,0,0,0.0,0.0,1.0
"F[0,1](((Chloride <= 0.000 | Resp >= 2.074) -> BaseExcess >= 1.094) | Potassium <= 12.929)
",-9999999.000,-9999999.000,0.000,0.000,1.000,0,0,0,9,9,0,0,9,0.0,0,0,0.0,0.0,1.0
"F[2,2](((Phosphate >= 0.000 & DBP <= 66.310) & FiO2 >= 8.985) -> Calcium <= 57.016)
",-57.016,-57.016,0.000,0.000,1.000,0,0,0,9,9,0,0,9,0.0,0,0,0.0,0.0,1.0
"((Magnesium <= 0.000) U[0,1] (PTT <= 0.000))
",-9999999.000,-9999999.000,0.000,0.000,1.000,0,0,0,9,9,0,0,9,0.0,0,0,0.0,0.0,1.0
"((Potassium >= 0.000) U[0,0] (HCO3 >= 0.000))
",0.000,0.000,0.000,0.000,1.000,0,0,0,9,9,0,0,9,0.0,0,0,0.0,0.0,1.0
