Rule,Discrimination Score,Pos Robustness,Neg Robustness,Percent Class +,Percent Class -,TP,TN,FP,FN,Actual Yes,Actual No,Predicted Yes,Predicted No,TPR/Sens,TNR/Spec,FPR,Precision,Accuracy,MCR
"G[1,1](((EtCO2 <= 0.000 & HR >= 61.236) | Glucose <= 85.761) | HR >= 60.330)
",85.761,85.761,0.000,1.000,0.000,21,0,0,0,21,0,21,0,1.0,0.0,0.0,1.0,1.0,0.0
"G[1,1](((HCO3 >= 0.199 & Glucose <= 154.683) | Magnesium >= 17.407) -> HR >= 19.286)
",0.199,0.199,0.000,1.000,0.000,21,0,0,0,21,0,21,0,1.0,0.0,0.0,1.0,1.0,0.0
"G[0,0](EtCO2 >= 0.000 | Temp <= 29.531)
",2.955,16.336,0.000,1.000,0.000,21,0,0,0,21,0,21,0,1.0,0.0,0.0,1.0,1.0,0.0
"G[0,1]((pH <= 1.266 & Calcium <= 0.000) -> TroponinI >= 0.000)
",9999999.000,9999999.000,0.000,1.000,0.000,21,0,0,0,21,0,21,0,1.0,0.0,0.0,1.0,1.0,0.0
"G[1,1]((Phosphate >= 0.026 -> Potassium >= 0.143) | DBP >= 0.167)
",3680345217727810.500,0.026,0.000,1.000,0.000,21,0,0,0,21,0,21,0,1.0,0.0,0.0,1.0,1.0,0.0
"G[0,1](SBP >= 53.914 | TroponinI >= 0.000)
",9999999.000,9999999.000,0.000,1.000,0.000,21,0,0,0,21,0,21,0,1.0,0.0,0.0,1.0,1.0,0.0
"G[1,1](Alkalinephos <= 0.000 & SepsisLabel = 0.000)
",0.000,0.000,0.000,1.000,0.000,21,0,0,0,21,0,21,0,1.0,0.0,0.0,1.0,1.0,0.0
"G[0,1](((PaCO2 >= 0.000 | Calcium <= 0.000) | Bilirubin_total <= 0.000) -> FiO2 >= 0.000)
",9999999.000,9999999.000,0.000,1.000,0.000,21,0,0,0,21,0,21,0,1.0,0.0,0.0,1.0,1.0,0.0
"G[0,1](Bilirubin_direct >= 0.000 & SepsisLabel = 0.000)
",9999999.000,9999999.000,0.000,1.000,0.000,21,0,0,0,21,0,21,0,1.0,0.0,0.0,1.0,1.0,0.0
"G[0,1](((PaCO2 >= 0.000 -> Calcium <= 0.000) | PaCO2 >= 0.000) & BaseExcess >= 0.000)
",9999999.000,9999999.000,0.000,1.000,0.000,21,0,0,0,21,0,21,0,1.0,0.0,0.0,1.0,1.0,0.0
"G[0,1](((Resp <= 21.310 | SBP <= 158.876) & Fibrinogen <= 177.449) -> EtCO2 <= 178.354)
",9999999.000,9999999.000,0.000,1.000,0.000,21,0,0,0,21,0,21,0,1.0,0.0,0.0,1.0,1.0,0.0
"G[0,1](SBP <= 163.479 -> SepsisLabel = 0.000)
",9999999.000,9999999.000,0.000,1.000,0.000,21,0,0,0,21,0,21,0,1.0,0.0,0.0,1.0,1.0,0.0
"G[0,0](((PaCO2 >= 0.000 -> BaseExcess <= 0.000) | Fibrinogen <= 0.000) & pH >= 0.000)
",0.000,0.000,0.000,1.000,0.000,21,0,0,0,21,0,21,0,1.0,0.0,0.0,1.0,1.0,0.0
"G[1,1](((Platelets <= 86.065 | AST >= 0.000) -> PTT >= 0.000) | Potassium <= 0.000)
",0.000,0.000,0.000,1.000,0.000,21,0,0,0,21,0,21,0,1.0,0.0,0.0,1.0,1.0,0.0
"G[0,0](Calcium >= 0.000 | SBP <= 167.669)
",9.982,158.777,0.000,1.000,0.000,21,0,0,0,21,0,21,0,1.0,0.0,0.0,1.0,1.0,0.0
"G[0,1](SaO2 >= 0.000 | Lactate >= 0.000)
",9999999.000,9999999.000,0.000,1.000,0.000,21,0,0,0,21,0,21,0,1.0,0.0,0.0,1.0,1.0,0.0
"G[1,1]((MAP <= 107.752 & Bilirubin_total >= 0.000) -> SepsisLabel >= 0.000)
",0.000,0.000,0.000,1.000,0.000,21,0,0,0,21,0,21,0,1.0,0.0,0.0,1.0,1.0,0.0
"G[0,0]((Hct >= 0.523 | Hgb >= 0.105) | Bilirubin_direct <= 0.822)
",7406303655333853.000,0.822,0.000,1.000,0.000,21,0,0,0,21,0,21,0,1.0,0.0,0.0,1.0,1.0,0.0
"G[0,1]((Bilirubin_direct <= 0.000 | Fibrinogen >= 0.000) | Alkalinephos >= 0.000)
",9999999.000,9999999.000,0.000,1.000,0.000,21,0,0,0,21,0,21,0,1.0,0.0,0.0,1.0,1.0,0.0
"G[0,0](((Hct >= 0.397 | Platelets <= 119.924) & Hgb >= 2.336) -> Potassium <= 31.547)
",-4439890777271723.500,-31.547,0.000,1.000,0.000,21,0,0,0,21,0,21,0,1.0,0.0,0.0,1.0,1.0,0.0
"G[1,1]((SBP >= 126.164 -> Temp >= 6.894) -> TroponinI <= 30.899)
",-2899079142143438.500,-30.899,0.000,1.000,0.000,21,0,0,0,21,0,21,0,1.0,0.0,0.0,1.0,1.0,0.0
"G[0,1](Chloride >= 5.110 -> HR >= 38.038)
",9999999.000,9999999.000,0.000,1.000,0.000,21,0,0,0,21,0,21,0,1.0,0.0,0.0,1.0,1.0,0.0
"G[0,0](((HR >= 1.084 -> O2Sat <= 95.788) | Chloride <= 93.698) -> WBC <= 96.487)
",-6789690791281406.000,-96.487,0.000,1.000,0.000,21,0,0,0,21,0,21,0,1.0,0.0,0.0,1.0,1.0,0.0
"G[0,1](DBP <= 108.571 | Hct <= 19.350)
",9999999.000,9999999.000,0.000,1.000,0.000,21,0,0,0,21,0,21,0,1.0,0.0,0.0,1.0,1.0,0.0
"G[0,0](((Chloride <= 11.863 & DBP <= 96.361) -> Calcium <= 97.836) & HCO3 <= 90.363)
",-97.836,-97.836,0.000,1.000,0.000,21,0,0,0,21,0,21,0,1.0,0.0,0.0,1.0,1.0,0.0
"G[0,0](((pH >= 0.084 & Temp <= 30.064) & Calcium <= 22.809) -> PaCO2 <= 26.797)
",-16.781,-26.445,0.000,1.000,0.000,21,0,0,0,21,0,21,0,1.0,0.0,0.0,1.0,1.0,0.0
"G[0,1]((Creatinine >= 0.040 | Temp <= 28.406) | FiO2 <= 12.095)
",9999999.000,9999999.000,0.000,1.000,0.000,21,0,0,0,21,0,21,0,1.0,0.0,0.0,1.0,1.0,0.0
"G[0,1](((PTT <= 23.230 | Temp <= 16.595) | Lactate <= 22.087) | PaCO2 >= 1.746)
",9999999.000,9999999.000,0.000,1.000,0.000,21,0,0,0,21,0,21,0,1.0,0.0,0.0,1.0,1.0,0.0
"G[0,1]((Lactate >= 0.000 | Alkalinephos <= 0.000) -> Phosphate >= 0.000)
",9999999.000,9999999.000,0.000,1.000,0.000,21,0,0,0,21,0,21,0,1.0,0.0,0.0,1.0,1.0,0.0
"G[0,1](((O2Sat >= 61.361 -> SBP >= 80.404) | Bilirubin_direct >= 94.479) | Phosphate <= 171.467)
",9999999.000,9999999.000,0.000,1.000,0.000,21,0,0,0,21,0,21,0,1.0,0.0,0.0,1.0,1.0,0.0
"G[0,0](((SaO2 >= 0.000 -> Alkalinephos <= 0.000) -> EtCO2 <= 0.000) -> Potassium >= 0.000)
",0.000,0.000,0.000,1.000,0.000,21,0,0,0,21,0,21,0,1.0,0.0,0.0,1.0,1.0,0.0
"G[0,0]((SaO2 >= 0.000 -> DBP >= 33.184) -> O2Sat <= 120.732)
",-1.570,-41.256,0.000,1.000,0.000,21,0,0,0,21,0,21,0,1.0,0.0,0.0,1.0,1.0,0.0
"G[0,1](Creatinine <= 0.144 | Potassium >= 0.101)
",9999999.000,9999999.000,0.000,1.000,0.000,21,0,0,0,21,0,21,0,1.0,0.0,0.0,1.0,1.0,0.0
"G[1,1](((Lactate <= 0.000 & BaseExcess >= 0.000) & Glucose >= 0.000) | O2Sat >= 0.000)
",0.000,0.000,0.000,1.000,0.000,21,0,0,0,21,0,21,0,1.0,0.0,0.0,1.0,1.0,0.0
"G[0,1](((FiO2 >= 0.000 & SaO2 <= 0.000) -> Calcium <= 0.000) & PaCO2 >= 0.000)
",9999999.000,9999999.000,0.000,1.000,0.000,21,0,0,0,21,0,21,0,1.0,0.0,0.0,1.0,1.0,0.0
"G[1,1](Bilirubin_total <= 0.000 & SepsisLabel >= 0.000)
",0.000,0.000,0.000,1.000,0.000,21,0,0,0,21,0,21,0,1.0,0.0,0.0,1.0,1.0,0.0
"G[1,1](PaCO2 <= 0.000 | EtCO2 <= 0.000)
",0.000,0.000,0.000,1.000,0.000,21,0,0,0,21,0,21,0,1.0,0.0,0.0,1.0,1.0,0.0
"G[0,0]((Bilirubin_total <= 0.000 | Magnesium <= 0.752) | DBP >= 0.081)
",4.372,95.260,0.000,1.000,0.000,21,0,0,0,21,0,21,0,1.0,0.0,0.0,1.0,1.0,0.0
"G[0,1]((PaCO2 <= 0.000 -> Calcium <= 0.000) -> HR >= 0.000)
",9999999.000,9999999.000,0.000,1.000,0.000,21,0,0,0,21,0,21,0,1.0,0.0,0.0,1.0,1.0,0.0
"G[1,1](((TroponinI <= 0.000 -> DBP >= 36.482) | PTT <= 78.699) -> Creatinine <= 46.110)
",-78.699,-78.699,0.000,1.000,0.000,21,0,0,0,21,0,21,0,1.0,0.0,0.0,1.0,1.0,0.0
"G[1,1]((Bilirubin_total <= 0.000 & TroponinI >= 0.000) & DBP >= 0.000)
",0.000,0.000,0.000,1.000,0.000,21,0,0,0,21,0,21,0,1.0,0.0,0.0,1.0,1.0,0.0
"G[0,0](((Resp >= 1.913 -> SaO2 <= 0.000) | Creatinine <= 0.000) -> FiO2 <= 0.000)
",0.000,0.000,0.000,1.000,0.000,21,0,0,0,21,0,21,0,1.0,0.0,0.0,1.0,1.0,0.0
"G[0,1](((Bilirubin_direct >= 0.000 & SaO2 >= 0.000) & SBP <= 0.000) -> PTT >= 0.000)
",9999999.000,9999999.000,0.000,1.000,0.000,21,0,0,0,21,0,21,0,1.0,0.0,0.0,1.0,1.0,0.0
"G[1,1](Glucose <= 213.492 | SaO2 <= 0.000)
",213.492,213.492,0.000,1.000,0.000,21,0,0,0,21,0,21,0,1.0,0.0,0.0,1.0,1.0,0.0
"G[0,1](((BUN >= 0.718 -> Calcium <= 0.000) | Hct <= 0.000) -> Bilirubin_direct >= 0.000)
",9999999.000,9999999.000,0.000,1.000,0.000,21,0,0,0,21,0,21,0,1.0,0.0,0.0,1.0,1.0,0.0
"G[0,0](((Chloride >= 4.498 & EtCO2 >= 0.000) | BUN >= 0.000) -> BaseExcess >= 0.000)
",0.000,0.000,0.000,1.000,0.000,21,0,0,0,21,0,21,0,1.0,0.0,0.0,1.0,1.0,0.0
"G[0,1](((BUN >= 0.557 -> EtCO2 >= 0.000) & pH >= 0.000) -> Bilirubin_total <= 0.000)
",9999999.000,9999999.000,0.000,1.000,0.000,21,0,0,0,21,0,21,0,1.0,0.0,0.0,1.0,1.0,0.0
"G[0,1]((Fibrinogen <= 0.000 | Alkalinephos <= 0.000) | O2Sat <= 0.000)
",9999999.000,9999999.000,0.000,1.000,0.000,21,0,0,0,21,0,21,0,1.0,0.0,0.0,1.0,1.0,0.0
"G[0,0](((PaCO2 <= 0.000 & EtCO2 >= 0.000) -> Chloride >= 0.000) | Fibrinogen >= 0.000)
",0.000,0.000,0.000,1.000,0.000,21,0,0,0,21,0,21,0,1.0,0.0,0.0,1.0,1.0,0.0
"G[0,1](Potassium >= 0.096 -> MAP >= 14.910)
",9999999.000,9999999.000,0.000,1.000,0.000,21,0,0,0,21,0,21,0,1.0,0.0,0.0,1.0,1.0,0.0
"G[0,0]((PTT >= 0.096 & Glucose >= 16.705) | Calcium <= 59.135)
",2774150566320316.000,59.135,0.000,1.000,0.000,21,0,0,0,21,0,21,0,1.0,0.0,0.0,1.0,1.0,0.0
"G[1,1]((BUN >= 0.365 -> Magnesium <= 1.866) & EtCO2 <= 1.168)
",-4202781963306970.000,-1.866,0.000,1.000,0.000,20,0,0,1,21,0,20,1,0.9523809523809523,0.0,0.0,1.0,0.9523809523809523,0.04761904761904767
"G[0,1](HCO3 <= 21.847 -> Platelets <= 16.647)
",9999999.000,9999999.000,0.000,1.000,0.000,20,0,0,1,21,0,20,1,0.9523809523809523,0.0,0.0,1.0,0.9523809523809523,0.04761904761904767
"G[0,1](((EtCO2 >= 0.000 | HR >= 19.407) & SBP <= 90.138) -> SaO2 >= 37.327)
",9999999.000,9999999.000,0.000,1.000,0.000,20,0,0,1,21,0,20,1,0.9523809523809523,0.0,0.0,1.0,0.9523809523809523,0.04761904761904767
"G[0,1](DBP <= 89.952 -> Phosphate <= 2.042)
",9999999.000,9999999.000,0.000,1.000,0.000,20,0,0,1,21,0,20,1,0.9523809523809523,0.0,0.0,1.0,0.9523809523809523,0.04761904761904767
"G[0,1]((Creatinine >= 0.018 & DBP <= 67.081) -> Hgb >= 24.368)
",9999999.000,9999999.000,0.000,1.000,0.000,20,0,0,1,21,0,20,1,0.9523809523809523,0.0,0.0,1.0,0.9523809523809523,0.04761904761904767
"G[1,1]((Temp >= 0.308 | Chloride <= 17.632) & Fibrinogen <= 93.635)
",2481499449156154.500,17.632,0.000,1.000,0.000,20,0,0,1,21,0,20,1,0.9523809523809523,0.0,0.0,1.0,0.9523809523809523,0.04761904761904767
"G[0,1](Hgb <= 9.367 | Temp >= 5.754)
",9999999.000,9999999.000,0.000,1.000,0.000,20,0,0,1,21,0,20,1,0.9523809523809523,0.0,0.0,1.0,0.9523809523809523,0.04761904761904767
"G[1,1]((BUN >= 0.293 -> PTT >= 0.043) & PTT <= 5.261)
",6145666424682735.000,0.043,0.000,1.000,0.000,20,0,0,1,21,0,20,1,0.9523809523809523,0.0,0.0,1.0,0.9523809523809523,0.04761904761904767
"G[0,0]((BUN >= 0.071 | Temp <= 33.075) -> Temp <= 30.825)
",-0.317,-3.086,0.000,1.000,0.000,20,0,0,1,21,0,20,1,0.9523809523809523,0.0,0.0,1.0,0.9523809523809523,0.04761904761904767
"G[1,1](DBP <= 109.404 & O2Sat >= 75.581)
",-2659266605118333.500,-75.581,0.000,1.000,0.000,20,0,0,1,21,0,20,1,0.9523809523809523,0.0,0.0,1.0,0.9523809523809523,0.04761904761904767
"G[1,1]((Platelets >= 4.723 -> Resp <= 19.540) & HCO3 <= 21.011)
",-19.540,-19.540,0.000,1.000,0.000,20,0,0,1,21,0,20,1,0.9523809523809523,0.0,0.0,1.0,0.9523809523809523,0.04761904761904767
"G[0,1](HCO3 >= 0.877 -> DBP <= 83.100)
",9999999.000,9999999.000,0.000,1.000,0.000,20,0,0,1,21,0,20,1,0.9523809523809523,0.0,0.0,1.0,0.9523809523809523,0.04761904761904767
"G[1,1](((Hct <= 13.822 & Phosphate <= 2.009) | BUN <= 1.662) & SaO2 <= 2.467)
",4523857432168834.000,2.009,0.000,1.000,0.000,20,0,0,1,21,0,20,1,0.9523809523809523,0.0,0.0,1.0,0.9523809523809523,0.04761904761904767
"G[0,0](Resp <= 21.998 -> Chloride <= 15.810)
",-6.318,-19.346,0.000,1.000,0.000,20,0,0,1,21,0,20,1,0.9523809523809523,0.0,0.0,1.0,0.9523809523809523,0.04761904761904767
"G[0,0]((Phosphate <= 1.523 | SepsisLabel <= 0.000) & Hct <= 0.000)
",0.000,0.000,0.000,1.000,0.000,20,0,0,1,21,0,20,1,0.9523809523809523,0.0,0.0,1.0,0.9523809523809523,0.04761904761904767
"G[0,1](((EtCO2 >= 0.000 | Hgb <= 1.779) & Fibrinogen <= 3.595) & pH <= 1.598)
",9999999.000,9999999.000,0.000,1.000,0.000,20,0,0,1,21,0,20,1,0.9523809523809523,0.0,0.0,1.0,0.9523809523809523,0.04761904761904767
"G[1,1](((FiO2 <= 0.000 | Hgb >= 0.214) | TroponinI >= 0.130) & BUN <= 2.854)
",0.000,0.000,0.000,1.000,0.000,20,0,0,1,21,0,20,1,0.9523809523809523,0.0,0.0,1.0,0.9523809523809523,0.04761904761904767
"G[0,1](((Chloride >= 1.469 -> Glucose <= 59.992) & Potassium <= 316.752) & Calcium <= 47.831)
",9999999.000,9999999.000,0.000,1.000,0.000,19,0,0,2,21,0,19,2,0.9047619047619048,0.0,0.0,1.0,0.9047619047619048,0.09523809523809523
"G[0,0](PTT <= 23.141 -> SBP >= 118.665)
",-3256856703243106.000,-23.141,0.000,1.000,0.000,19,0,0,2,21,0,19,2,0.9047619047619048,0.0,0.0,1.0,0.9047619047619048,0.09523809523809523
"G[0,1](Creatinine >= 0.020 | O2Sat >= 2.721)
",9999999.000,9999999.000,0.000,1.000,0.000,19,0,0,2,21,0,19,2,0.9047619047619048,0.0,0.0,1.0,0.9047619047619048,0.09523809523809523
"G[0,1](((Glucose <= 86.878 & pH <= 4.913) | WBC >= 0.151) | Creatinine >= 0.048)
",9999999.000,9999999.000,0.000,1.000,0.000,19,0,0,2,21,0,19,2,0.9047619047619048,0.0,0.0,1.0,0.9047619047619048,0.09523809523809523
"G[0,1](((Hct <= 17.492 -> Resp <= 19.770) | Glucose <= 15.679) & Resp <= 21.065)
",9999999.000,9999999.000,0.000,1.000,0.000,19,0,0,2,21,0,19,2,0.9047619047619048,0.0,0.0,1.0,0.9047619047619048,0.09523809523809523
"G[0,1](Magnesium <= 1.196 & Platelets <= 59.122)
",9999999.000,9999999.000,0.000,1.000,0.000,19,0,0,2,21,0,19,2,0.9047619047619048,0.0,0.0,1.0,0.9047619047619048,0.09523809523809523
"G[0,1](SaO2 >= 0.000 -> Hgb <= 2.356)
",9999999.000,9999999.000,0.000,1.000,0.000,19,0,0,2,21,0,19,2,0.9047619047619048,0.0,0.0,1.0,0.9047619047619048,0.09523809523809523
"G[0,1]((Lactate <= 0.000 -> Hgb >= 0.454) -> Hgb <= 8.726)
",9999999.000,9999999.000,0.000,1.000,0.000,19,0,0,2,21,0,19,2,0.9047619047619048,0.0,0.0,1.0,0.9047619047619048,0.09523809523809523
"G[0,0]((Hct <= 18.962 & HR >= 16.035) & Hgb <= 86.728)
",5337262749328542.000,18.962,0.000,1.000,0.000,19,0,0,2,21,0,19,2,0.9047619047619048,0.0,0.0,1.0,0.9047619047619048,0.09523809523809523
"G[0,1](SBP >= 146.204 & SepsisLabel = 0.000)
",9999999.000,9999999.000,0.000,1.000,0.000,17,0,0,4,21,0,17,4,0.8095238095238095,0.0,0.0,1.0,0.8095238095238095,0.19047619047619047
"G[0,0]((MAP <= 105.671 & Hgb <= 5.757) & HR >= 0.360)
",-2.889,-51.205,0.000,1.000,0.000,17,0,0,4,21,0,17,4,0.8095238095238095,0.0,0.0,1.0,0.8095238095238095,0.19047619047619047
"G[0,0](O2Sat >= 15.656 -> O2Sat <= 97.390)
",-8.305,-74.587,0.000,1.000,0.000,15,0,0,6,21,0,15,6,0.7142857142857143,0.0,0.0,1.0,0.7142857142857143,0.2857142857142857
"G[0,0]((Magnesium <= 1.673 & Temp <= 25.250) -> DBP >= 1.203)
",-4.411,-94.236,0.000,1.000,0.000,15,0,0,6,21,0,15,6,0.7142857142857143,0.0,0.0,1.0,0.7142857142857143,0.2857142857142857
"G[0,1]((BUN <= 16.122 & SBP <= 173.039) | Bilirubin_direct >= 124.819)
",9999999.000,9999999.000,0.000,1.000,0.000,13,0,0,8,21,0,13,8,0.6190476190476191,0.0,0.0,1.0,0.6190476190476191,0.38095238095238093
"G[1,1]((Phosphate >= 0.075 -> Resp >= 2.144) -> DBP <= 20.666)
",-20.666,-20.666,0.000,1.000,0.000,12,0,0,9,21,0,12,9,0.5714285714285714,0.0,0.0,1.0,0.5714285714285714,0.4285714285714286
"G[0,0](Creatinine >= 0.013 | HR <= 87.129)
",-0.013,-0.013,0.000,1.000,0.000,11,0,0,10,21,0,11,10,0.5238095238095238,0.0,0.0,1.0,0.5238095238095238,0.47619047619047616
"G[0,0]((DBP >= 27.634 -> Magnesium >= 0.054) | Bilirubin_direct >= 0.077)
",-2.542,-0.070,0.000,1.000,0.000,10,0,0,11,21,0,10,11,0.47619047619047616,0.0,0.0,1.0,0.47619047619047616,0.5238095238095238
"G[0,1]((TroponinI >= 0.000 & DBP >= 10.990) & AST <= 63.184)
",9999999.000,9999999.000,0.000,1.000,0.000,8,0,0,13,21,0,8,13,0.38095238095238093,0.0,0.0,1.0,0.38095238095238093,0.6190476190476191
"G[1,1](MAP <= 109.667 -> Potassium >= 0.109)
",-109.667,-109.667,0.000,1.000,0.000,5,0,0,16,21,0,5,16,0.23809523809523808,0.0,0.0,1.0,0.23809523809523808,0.7619047619047619
"G[1,1]((Magnesium <= 1.554 -> O2Sat <= 95.366) & SaO2 <= 97.057)
",-6710804235411236.000,-95.366,0.000,1.000,0.000,3,0,0,18,21,0,3,18,0.14285714285714285,0.0,0.0,1.0,0.14285714285714285,0.8571428571428572
"G[0,0]((BUN >= 1.014 -> WBC <= 0.740) -> Potassium >= 0.413)
",7440398398353746.000,0.413,0.000,1.000,0.000,2,0,0,19,21,0,2,19,0.09523809523809523,0.0,0.0,1.0,0.09523809523809523,0.9047619047619048
"G[0,0](((SBP >= 124.027 | Resp <= 21.034) & Lactate <= 14.874) & Potassium >= 2.583)
",-0.924,-25.226,0.000,1.000,0.000,2,0,0,19,21,0,2,19,0.09523809523809523,0.0,0.0,1.0,0.09523809523809523,0.9047619047619048
"G[0,0]((SepsisLabel >= 0.000 & Resp <= 21.261) & O2Sat <= 18.766)
",-2.750,-64.521,0.000,1.000,0.000,1,0,0,20,21,0,1,20,0.047619047619047616,0.0,0.0,1.0,0.047619047619047616,0.9523809523809523
"G[1,1](((Creatinine <= 0.941 -> pH >= 0.150) & Glucose >= 0.043) & MAP >= 0.081)
",-4237833580167669.500,-0.941,0.000,1.000,0.000,1,0,0,20,21,0,1,20,0.047619047619047616,0.0,0.0,1.0,0.047619047619047616,0.9523809523809523
"G[1,1](Creatinine >= 0.058 | Platelets >= 1.018)
",-4144063722492538.000,-0.058,0.000,1.000,0.000,1,0,0,20,21,0,1,20,0.047619047619047616,0.0,0.0,1.0,0.047619047619047616,0.9523809523809523
"G[1,1](Platelets <= 23.549 -> WBC >= 0.055)
",-6628374404200540.000,-23.549,0.000,1.000,0.000,1,0,0,20,21,0,1,20,0.047619047619047616,0.0,0.0,1.0,0.047619047619047616,0.9523809523809523
"G[0,0]((DBP >= 10.675 -> Temp >= 4.255) & HR <= 32.239)
",-3425815313380650.000,-3115.761,0.000,1.000,0.000,1,0,0,20,21,0,1,20,0.047619047619047616,0.0,0.0,1.0,0.047619047619047616,0.9523809523809523
"G[0,0](Chloride >= 2.346 & HCO3 >= 0.074)
",-2.346,-2.346,0.000,1.000,0.000,1,0,0,20,21,0,1,20,0.047619047619047616,0.0,0.0,1.0,0.047619047619047616,0.9523809523809523
"G[1,1](Chloride >= 1.207 & HCO3 >= 0.524)
",-5433944023738661.000,-1.207,0.000,1.000,0.000,1,0,0,20,21,0,1,20,0.047619047619047616,0.0,0.0,1.0,0.047619047619047616,0.9523809523809523
"G[0,0](BUN >= 0.823 & Potassium >= 0.284)
",-0.823,-0.823,0.000,1.000,0.000,1,0,0,20,21,0,1,20,0.047619047619047616,0.0,0.0,1.0,0.047619047619047616,0.9523809523809523
"G[1,1](((Hgb <= 6.299 | Hct <= 4.850) -> WBC >= 0.286) & Platelets >= 0.566)
",-6.299,-6.299,0.000,1.000,0.000,1,0,0,20,21,0,1,20,0.047619047619047616,0.0,0.0,1.0,0.047619047619047616,0.9523809523809523
"G[1,1](BUN <= 25.501 & Creatinine >= 0.044)
",-3186094858221373.500,-0.044,0.000,1.000,0.000,1,0,0,20,21,0,1,20,0.047619047619047616,0.0,0.0,1.0,0.047619047619047616,0.9523809523809523
"G[0,0](((Hgb <= 9.273 | Hct <= 16.184) -> WBC >= 0.463) & Platelets >= 2.926)
",-4555268449259621.000,-16.184,0.000,1.000,0.000,1,0,0,20,21,0,1,20,0.047619047619047616,0.0,0.0,1.0,0.047619047619047616,0.9523809523809523
"G[1,1](Platelets <= 99.054 -> WBC >= 0.215)
",-99.054,-99.054,0.000,1.000,0.000,1,0,0,20,21,0,1,20,0.047619047619047616,0.0,0.0,1.0,0.047619047619047616,0.9523809523809523
"G[0,0](Chloride >= 1.255 & HCO3 >= 0.005)
",-5651694285269762.000,-1.255,0.000,1.000,0.000,1,0,0,20,21,0,1,20,0.047619047619047616,0.0,0.0,1.0,0.047619047619047616,0.9523809523809523
"G[1,1](BUN <= 25.101 & Creatinine >= 0.051)
",-7292338401107380.000,-0.051,0.000,1.000,0.000,1,0,0,20,21,0,1,20,0.047619047619047616,0.0,0.0,1.0,0.047619047619047616,0.9523809523809523
"G[1,1](((Hgb <= 4.674 | Hct <= 25.968) -> WBC >= 0.195) & Platelets >= 4.052)
",-3654607845991629.500,-25.968,0.000,1.000,0.000,1,0,0,20,21,0,1,20,0.047619047619047616,0.0,0.0,1.0,0.047619047619047616,0.9523809523809523
"G[1,1](((Hgb <= 3.620 | Hct <= 6.116) -> WBC >= 0.328) & Platelets >= 3.864)
",-6.116,-6.116,0.000,1.000,0.000,1,0,0,20,21,0,1,20,0.047619047619047616,0.0,0.0,1.0,0.047619047619047616,0.9523809523809523
"G[1,1](Platelets <= 151.511 -> WBC >= 0.328)
",-5330809854351454.000,-151.511,0.000,1.000,0.000,1,0,0,20,21,0,1,20,0.047619047619047616,0.0,0.0,1.0,0.047619047619047616,0.9523809523809523
"G[1,2](((TroponinI >= 0.000 -> TroponinI >= 0.000) & Fibrinogen >= 0.000) | TroponinI <= 0.000)
",9999999.000,9999999.000,0.000,1.000,0.000,0,0,21,0,0,21,21,0,0.0,0.0,1.0,0.0,0.0,1.0
"G[0,2](((Platelets <= 211.776 | Alkalinephos >= 0.000) | PaCO2 >= 0.000) & BaseExcess >= 0.000)
",9999999.000,9999999.000,0.000,1.000,0.000,0,0,21,0,0,21,21,0,0.0,0.0,1.0,0.0,0.0,1.0
"G[1,2](((Platelets >= 3.890 & Bilirubin_total <= 0.000) | MAP <= 0.000) -> PTT <= 0.000)
",9999999.000,9999999.000,0.000,1.000,0.000,0,0,21,0,0,21,21,0,0.0,0.0,1.0,0.0,0.0,1.0
"G[1,2](((Bilirubin_direct <= 0.000 | Lactate >= 0.000) & Platelets >= 0.000) -> PaCO2 >= 0.000)
",9999999.000,9999999.000,0.000,1.000,0.000,0,0,21,0,0,21,21,0,0.0,0.0,1.0,0.0,0.0,1.0
"G[2,2](((PTT >= 0.070 & DBP <= 103.646) & HR >= 7.106) & EtCO2 <= 77.581)
",-8001059300415730.000,-7.106,0.000,1.000,0.000,0,0,21,0,0,21,21,0,0.0,0.0,1.0,0.0,0.0,1.0
"G[0,2]((HR <= 92.570 -> SepsisLabel <= 0.000) & TroponinI <= 0.000)
",9999999.000,9999999.000,0.000,1.000,0.000,0,0,21,0,0,21,21,0,0.0,0.0,1.0,0.0,0.0,1.0
"G[2,2](((MAP >= 49.820 & SepsisLabel <= 0.000) & BaseExcess <= 0.000) | Calcium <= 0.000)
",0.000,0.000,0.000,1.000,0.000,0,0,21,0,0,21,21,0,0.0,0.0,1.0,0.0,0.0,1.0
"G[1,2](Platelets <= 50.957 -> WBC >= 0.221)
",9999999.000,9999999.000,0.000,1.000,0.000,0,0,1,20,20,1,1,20,0.0,0.0,1.0,0.0,0.0,1.0
"G[2,2](((TroponinI <= 0.000 -> Lactate >= 0.000) & DBP >= 0.000) & Hct >= 0.000)
",0.000,0.000,0.000,1.000,0.000,0,0,21,0,0,21,21,0,0.0,0.0,1.0,0.0,0.0,1.0
"G[1,2](((Fibrinogen <= 0.000 & Creatinine <= 0.223) | DBP <= 1.226) -> DBP <= 0.412)
",9999999.000,9999999.000,0.000,1.000,0.000,0,0,12,9,9,12,12,9,0.0,0.0,1.0,0.0,0.0,1.0
"G[0,2]((Potassium >= 0.120 -> SaO2 <= 0.000) | MAP >= 0.000)
",9999999.000,9999999.000,0.000,1.000,0.000,0,0,21,0,0,21,21,0,0.0,0.0,1.0,0.0,0.0,1.0
"G[2,2](Chloride >= 2.030 & HCO3 >= 0.332)
",-4570602967902309.000,-2.030,0.000,1.000,0.000,0,0,21,0,0,21,21,0,0.0,0.0,1.0,0.0,0.0,1.0
"G[2,2](BUN <= 14.954 & Creatinine >= 0.015)
",-2826190021072326.500,-0.015,0.000,1.000,0.000,0,0,21,0,0,21,21,0,0.0,0.0,1.0,0.0,0.0,1.0
"G[1,2](((Hgb <= 5.232 | Hct <= 10.941) -> WBC >= 0.293) & Platelets >= 2.634)
",9999999.000,9999999.000,0.000,1.000,0.000,0,0,1,20,20,1,1,20,0.0,0.0,1.0,0.0,0.0,1.0
"G[0,2](Phosphate <= 0.506 & Potassium >= 0.182)
",9999999.000,9999999.000,0.000,1.000,0.000,0,0,0,21,21,0,0,21,0.0,0.0,0.0,0.0,0.0,1.0
"G[2,2](((SaO2 <= 0.000 | Alkalinephos >= 0.000) & SaO2 <= 0.000) | Creatinine <= 0.000)
",0.000,0.000,0.000,1.000,0.000,0,0,21,0,0,21,21,0,0.0,0.0,1.0,0.0,0.0,1.0
"G[0,1](Platelets <= 140.661 -> WBC >= 0.429)
",9999999.000,9999999.000,0.000,1.000,0.000,0,0,0,21,21,0,0,21,0.0,0.0,0.0,0.0,0.0,1.0
"G[1,2](Chloride >= 4.776 & HCO3 >= 0.079)
",9999999.000,9999999.000,0.000,1.000,0.000,0,0,1,20,20,1,1,20,0.0,0.0,1.0,0.0,0.0,1.0
"G[0,1](BUN <= 20.737 & Creatinine >= 0.063)
",9999999.000,9999999.000,0.000,1.000,0.000,0,0,0,21,21,0,0,21,0.0,0.0,0.0,0.0,0.0,1.0
"G[0,2](BUN <= 15.918 & Creatinine >= 0.053)
",9999999.000,9999999.000,0.000,1.000,0.000,0,0,0,21,21,0,0,21,0.0,0.0,0.0,0.0,0.0,1.0
"G[1,2](((PTT >= 0.240 | WBC >= 0.232) & SaO2 <= 4.975) | Temp >= 0.327)
",9999999.000,9999999.000,0.000,1.000,0.000,0,0,4,17,17,4,4,17,0.0,0.0,1.0,0.0,0.0,1.0
"G[0,2]((FiO2 <= 0.000 | Lactate >= 0.000) -> Temp <= 0.000)
",9999999.000,9999999.000,0.000,1.000,0.000,0,0,12,9,9,12,12,9,0.0,0.0,1.0,0.0,0.0,1.0
"G[0,1](Chloride >= 3.865 & HCO3 >= 0.799)
",9999999.000,9999999.000,0.000,1.000,0.000,0,0,0,21,21,0,0,21,0.0,0.0,0.0,0.0,0.0,1.0
"G[0,2](Chloride >= 0.754 & SepsisLabel = 0.000)
",9999999.000,9999999.000,0.000,1.000,0.000,0,0,0,21,21,0,0,21,0.0,0.0,0.0,0.0,0.0,1.0
"G[2,2](((Hct >= 0.938 & Bilirubin_direct >= 0.000) | Platelets >= 0.000) & O2Sat <= 0.000)
",0.000,0.000,0.000,1.000,0.000,0,0,21,0,0,21,21,0,0.0,0.0,1.0,0.0,0.0,1.0
"G[1,2](((BaseExcess >= 0.000 | Creatinine <= 1.111) | Chloride >= 0.018) -> Bilirubin_direct <= 0.499)
",9999999.000,9999999.000,0.000,1.000,0.000,0,0,21,0,0,21,21,0,0.0,0.0,1.0,0.0,0.0,1.0
"G[0,2]((Creatinine <= 0.896 & Alkalinephos >= 0.000) & Hgb >= 0.000)
",9999999.000,9999999.000,0.000,1.000,0.000,0,0,19,2,2,19,19,2,0.0,0.0,1.0,0.0,0.0,1.0
"G[0,1](((BaseExcess <= 0.000 & Chloride >= 3.865) | PaCO2 <= 85.214) & Bilirubin_direct >= 1.948)
",9999999.000,9999999.000,0.000,1.000,0.000,0,0,0,21,21,0,0,21,0.0,0.0,0.0,0.0,0.0,1.0
"G[1,1](BUN <= 12.120 & Creatinine >= 0.066)
",-2370683366907346.500,-0.066,0.000,1.000,0.000,0,0,0,21,21,0,0,21,0.0,0.0,0.0,0.0,0.0,1.0
"G[0,1](((Hgb <= 9.512 | Hct <= 16.119) -> WBC >= 0.230) & Platelets >= 3.994)
",9999999.000,9999999.000,0.000,1.000,0.000,0,0,0,21,21,0,0,21,0.0,0.0,0.0,0.0,0.0,1.0
"G[2,2]((Temp <= 26.961 | Platelets <= 148.146) | Temp >= 3.606)
",2606216051582930.500,148.146,0.000,1.000,0.000,0,0,21,0,0,21,21,0,0.0,0.0,1.0,0.0,0.0,1.0
"G[0,2](Platelets <= 89.416 -> WBC >= 0.403)
",9999999.000,9999999.000,0.000,1.000,0.000,0,0,0,21,21,0,0,21,0.0,0.0,0.0,0.0,0.0,1.0
"G[1,2](Chloride >= 0.125 & HCO3 >= 0.039)
",9999999.000,9999999.000,0.000,1.000,0.000,0,0,1,20,20,1,1,20,0.0,0.0,1.0,0.0,0.0,1.0
"G[0,2](O2Sat <= 93.453 -> DBP >= 6.541)
",9999999.000,9999999.000,0.000,1.000,0.000,0,0,19,2,2,19,19,2,0.0,0.0,1.0,0.0,0.0,1.0
"G[0,2](((Hgb <= 1.700 | Hct <= 7.052) -> WBC >= 0.034) & Platelets >= 1.185)
",9999999.000,9999999.000,0.000,1.000,0.000,0,0,0,21,21,0,0,21,0.0,0.0,0.0,0.0,0.0,1.0
"G[0,2](((Glucose >= 15.357 & Phosphate >= 0.013) -> Fibrinogen <= 2.340) | O2Sat >= 0.079)
",9999999.000,9999999.000,0.000,1.000,0.000,0,0,21,0,0,21,21,0,0.0,0.0,1.0,0.0,0.0,1.0
"G[1,2](((Resp >= 2.341 | Hct <= 20.959) | Bilirubin_total >= 0.822) & Magnesium <= 13.234)
",9999999.000,9999999.000,0.000,1.000,0.000,0,0,21,0,0,21,21,0,0.0,0.0,1.0,0.0,0.0,1.0
"G[0,0](((Alkalinephos <= 0.000 -> WBC <= 10.845) -> SepsisLabel >= 0.296) & Potassium <= 7.956)
",2667709943327413.500,0.296,0.000,1.000,0.000,0,0,0,21,21,0,0,21,0.0,0.0,0.0,0.0,0.0,1.0
"G[1,2](Creatinine <= 0.101 & HCO3 <= 10.159)
",9999999.000,9999999.000,0.000,1.000,0.000,0,0,20,1,1,20,20,1,0.0,0.0,1.0,0.0,0.0,1.0
"G[1,2](DBP <= 95.834 & Bilirubin_total >= 0.000)
",9999999.000,9999999.000,0.000,1.000,0.000,0,0,21,0,0,21,21,0,0.0,0.0,1.0,0.0,0.0,1.0
"G[2,2](Temp <= 33.265 & Bilirubin_total >= 0.000)
",0.000,0.000,0.000,1.000,0.000,0,0,21,0,0,21,21,0,0.0,0.0,1.0,0.0,0.0,1.0
"G[0,1](Platelets <= 135.680 -> WBC >= 0.187)
",9999999.000,9999999.000,0.000,1.000,0.000,0,0,0,21,21,0,0,21,0.0,0.0,0.0,0.0,0.0,1.0
"G[0,2](((Hgb <= 8.190 | Hct <= 11.688) -> WBC >= 0.261) & Platelets >= 5.604)
",9999999.000,9999999.000,0.000,1.000,0.000,0,0,0,21,21,0,0,21,0.0,0.0,0.0,0.0,0.0,1.0
"G[1,2]((pH >= 0.137 | Fibrinogen <= 0.000) & SaO2 <= 0.000)
",9999999.000,9999999.000,0.000,1.000,0.000,0,0,21,0,0,21,21,0,0.0,0.0,1.0,0.0,0.0,1.0
"G[1,2](((Calcium >= 0.000 | Creatinine <= 1.198) & BUN >= 0.035) -> TroponinI >= 0.032)
",9999999.000,9999999.000,0.000,1.000,0.000,0,0,20,1,1,20,20,1,0.0,0.0,1.0,0.0,0.0,1.0
"G[2,2]((Magnesium <= 1.621 & DBP >= 25.112) & Temp <= 110.636)
",-7068500569983153.000,-25.112,0.000,1.000,0.000,0,0,21,0,0,21,21,0,0.0,0.0,1.0,0.0,0.0,1.0
"G[1,2](((Phosphate >= 0.127 & Hct >= 0.832) | Creatinine >= 1.182) & Hgb >= 0.371)
",9999999.000,9999999.000,0.000,1.000,0.000,0,0,1,20,20,1,1,20,0.0,0.0,1.0,0.0,0.0,1.0
"G[0,2](Potassium >= 0.228 | pH <= 6.160)
",9999999.000,9999999.000,0.000,1.000,0.000,0,0,20,1,1,20,20,1,0.0,0.0,1.0,0.0,0.0,1.0
"G[0,2](BUN <= 8.339 & Creatinine >= 0.009)
",9999999.000,9999999.000,0.000,1.000,0.000,0,0,0,21,21,0,0,21,0.0,0.0,0.0,0.0,0.0,1.0
"G[1,2](((Hgb <= 8.622 | Hct <= 14.744) -> WBC >= 0.184) & Platelets >= 1.977)
",9999999.000,9999999.000,0.000,1.000,0.000,0,0,1,20,20,1,1,20,0.0,0.0,1.0,0.0,0.0,1.0
"G[0,2](((BaseExcess <= 0.000 & Bilirubin_total >= 0.000) -> Potassium >= 0.000) & TroponinI <= 0.000)
",9999999.000,9999999.000,0.000,1.000,0.000,0,0,21,0,0,21,21,0,0.0,0.0,1.0,0.0,0.0,1.0
"G[0,2](((PaCO2 <= 0.000 & Phosphate <= 2.014) -> SepsisLabel >= 0.016) | HCO3 >= 0.139)
",9999999.000,9999999.000,0.000,1.000,0.000,0,0,0,21,21,0,0,21,0.0,0.0,0.0,0.0,0.0,1.0
"G[1,2](Chloride >= 4.156 & HCO3 >= 0.166)
",9999999.000,9999999.000,0.000,1.000,0.000,0,0,1,20,20,1,1,20,0.0,0.0,1.0,0.0,0.0,1.0
"G[1,2]((SepsisLabel <= 0.000 & pH >= 0.129) -> Magnesium <= 5.272)
",9999999.000,9999999.000,0.000,1.000,0.000,0,0,21,0,0,21,21,0,0.0,0.0,1.0,0.0,0.0,1.0
"G[2,2](Bilirubin_direct >= 0.000 | HR >= 13.718)
",0.000,0.000,0.000,1.000,0.000,0,0,21,0,0,21,21,0,0.0,0.0,1.0,0.0,0.0,1.0
"G[1,2](pH <= 6.262 | Phosphate <= 1.090)
",9999999.000,9999999.000,0.000,1.000,0.000,0,0,21,0,0,21,21,0,0.0,0.0,1.0,0.0,0.0,1.0
"G[0,2](Temp >= 6.682 | Resp >= 4.601)
",9999999.000,9999999.000,0.000,1.000,0.000,0,0,20,1,1,20,20,1,0.0,0.0,1.0,0.0,0.0,1.0
"G[1,2](Platelets <= 97.221 -> WBC >= 0.080)
",9999999.000,9999999.000,0.000,1.000,0.000,0,0,1,20,20,1,1,20,0.0,0.0,1.0,0.0,0.0,1.0
"G[0,1](BUN <= 20.679 & Creatinine >= 0.007)
",9999999.000,9999999.000,0.000,1.000,0.000,0,0,0,21,21,0,0,21,0.0,0.0,0.0,0.0,0.0,1.0
"G[1,2]((Calcium >= 0.000 & SepsisLabel >= 0.000) | PaCO2 <= 0.000)
",9999999.000,9999999.000,0.000,1.000,0.000,0,0,21,0,0,21,21,0,0.0,0.0,1.0,0.0,0.0,1.0
"G[1,2](((HR <= 87.733 & AST >= 0.000) & TroponinI >= 0.000) & Creatinine >= 0.000)
",9999999.000,9999999.000,0.000,1.000,0.000,0,0,9,12,12,9,9,12,0.0,0.0,1.0,0.0,0.0,1.0
"G[0,2](Creatinine <= 1.354 | Hgb <= 0.490)
",9999999.000,9999999.000,0.000,1.000,0.000,0,0,20,1,1,20,20,1,0.0,0.0,1.0,0.0,0.0,1.0
"G[0,2]((EtCO2 >= 0.000 & PaCO2 >= 0.000) & Hct >= 0.000)
",9999999.000,9999999.000,0.000,1.000,0.000,0,0,21,0,0,21,21,0,0.0,0.0,1.0,0.0,0.0,1.0
"G[1,2]((Magnesium <= 0.149 | Resp <= 16.182) | Creatinine >= 2.117)
",9999999.000,9999999.000,0.000,1.000,0.000,0,0,20,1,1,20,20,1,0.0,0.0,1.0,0.0,0.0,1.0
"G[1,2](((Phosphate >= 0.077 & HCO3 <= 14.434) | O2Sat >= 0.927) | Chloride >= 0.559)
",9999999.000,9999999.000,0.000,1.000,0.000,0,0,20,1,1,20,20,1,0.0,0.0,1.0,0.0,0.0,1.0
"G[1,2](Platelets <= 31.541 -> WBC >= 0.373)
",9999999.000,9999999.000,0.000,1.000,0.000,0,0,1,20,20,1,1,20,0.0,0.0,1.0,0.0,0.0,1.0
"G[0,2](((Hgb <= 3.171 | Hct <= 16.882) -> WBC >= 0.459) & Platelets >= 1.966)
",9999999.000,9999999.000,0.000,1.000,0.000,0,0,0,21,21,0,0,21,0.0,0.0,0.0,0.0,0.0,1.0
"G[0,2]((WBC <= 9.773 -> Phosphate <= 1.579) & Phosphate <= 0.151)
",9999999.000,9999999.000,0.000,1.000,0.000,0,0,19,2,2,19,19,2,0.0,0.0,1.0,0.0,0.0,1.0
"G[1,2](((HR <= 85.338 | Fibrinogen >= 0.000) | Platelets >= 0.000) -> TroponinI >= 0.000)
",9999999.000,9999999.000,0.000,1.000,0.000,0,0,21,0,0,21,21,0,0.0,0.0,1.0,0.0,0.0,1.0
"G[2,2](((Chloride >= 4.362 & AST <= 0.000) & Chloride <= 0.000) & FiO2 >= 0.000)
",-4910904631691090.000,-4.362,0.000,1.000,0.000,0,0,21,0,0,21,21,0,0.0,0.0,1.0,0.0,0.0,1.0
"G[0,2](((Bilirubin_total >= 0.000 | MAP <= 112.604) | pH >= 3.491) -> Hgb >= 50.624)
",9999999.000,9999999.000,0.000,1.000,0.000,0,0,0,21,21,0,0,21,0.0,0.0,0.0,0.0,0.0,1.0
"G[0,2](((Temp <= 11.354 -> DBP <= 80.613) & PaCO2 <= 112.563) -> PTT >= 18.068)
",9999999.000,9999999.000,0.000,1.000,0.000,0,0,1,20,20,1,1,20,0.0,0.0,1.0,0.0,0.0,1.0
"G[1,2](Chloride >= 3.741 & HCO3 >= 0.218)
",9999999.000,9999999.000,0.000,1.000,0.000,0,0,1,20,20,1,1,20,0.0,0.0,1.0,0.0,0.0,1.0
"G[0,0](BUN <= 7.226 & Creatinine >= 0.021)
",-0.021,-0.021,0.000,1.000,0.000,0,0,0,21,21,0,0,21,0.0,0.0,0.0,0.0,0.0,1.0
"G[1,1](((Platelets >= 8.623 | Chloride <= 63.119) | HR <= 35.701) -> Bilirubin_direct >= 0.236)
",-8883161643143486.000,-63.119,0.000,1.000,0.000,0,0,0,21,21,0,0,21,0.0,0.0,0.0,0.0,0.0,1.0
"G[0,2]((Bilirubin_total <= 0.000 & Platelets >= 5.887) -> Glucose >= 6.136)
",9999999.000,9999999.000,0.000,1.000,0.000,0,0,21,0,0,21,21,0,0.0,0.0,1.0,0.0,0.0,1.0
"G[0,1]((Creatinine >= 0.023 & pH <= 3.322) & BaseExcess <= 3.298)
",9999999.000,9999999.000,0.000,1.000,0.000,0,0,0,21,21,0,0,21,0.0,0.0,0.0,0.0,0.0,1.0
"G[0,2](Platelets <= 109.980 -> WBC >= 0.169)
",9999999.000,9999999.000,0.000,1.000,0.000,0,0,0,21,21,0,0,21,0.0,0.0,0.0,0.0,0.0,1.0
"G[1,2](((MAP <= 100.521 -> TroponinI >= 0.000) | PTT >= 0.000) | MAP >= 0.000)
",9999999.000,9999999.000,0.000,1.000,0.000,0,0,21,0,0,21,21,0,0.0,0.0,1.0,0.0,0.0,1.0
"G[1,2]((Bilirubin_total <= 0.000 | FiO2 <= 0.000) | Calcium >= 0.000)
",9999999.000,9999999.000,0.000,1.000,0.000,0,0,21,0,0,21,21,0,0.0,0.0,1.0,0.0,0.0,1.0
"G[0,2](Chloride >= 0.187 & HCO3 >= 0.980)
",9999999.000,9999999.000,0.000,1.000,0.000,0,0,0,21,21,0,0,21,0.0,0.0,0.0,0.0,0.0,1.0
"G[2,2](((Temp <= 27.679 | SepsisLabel >= 0.000) -> Temp <= 0.000) | Platelets <= 0.000)
",0.000,0.000,0.000,1.000,0.000,0,0,21,0,0,21,21,0,0.0,0.0,1.0,0.0,0.0,1.0
"G[1,2]((Hct >= 0.089 & SBP <= 179.696) | BUN <= 164.576)
",9999999.000,9999999.000,0.000,1.000,0.000,0,0,21,0,0,21,21,0,0.0,0.0,1.0,0.0,0.0,1.0
"G[0,2]((O2Sat <= 95.758 & AST >= 0.000) & Hgb <= 0.000)
",9999999.000,9999999.000,0.000,1.000,0.000,0,0,0,21,21,0,0,21,0.0,0.0,0.0,0.0,0.0,1.0
"G[1,2](BUN <= 24.562 & Creatinine >= 0.005)
",9999999.000,9999999.000,0.000,1.000,0.000,0,0,1,20,20,1,1,20,0.0,0.0,1.0,0.0,0.0,1.0
"G[0,2](((SepsisLabel <= 0.000 | BUN >= 0.185) | Phosphate >= 0.349) & WBC <= 7.639)
",9999999.000,9999999.000,0.000,1.000,0.000,0,0,19,2,2,19,19,2,0.0,0.0,1.0,0.0,0.0,1.0
"G[1,2](((DBP <= 128.301 | Potassium <= 2.043) & Potassium >= 0.212) | SaO2 <= 3.215)
",9999999.000,9999999.000,0.000,1.000,0.000,0,0,21,0,0,21,21,0,0.0,0.0,1.0,0.0,0.0,1.0
"G[1,2](((HR <= 87.849 -> Hct >= 0.614) -> Resp >= 0.044) -> O2Sat >= 0.959)
",9999999.000,9999999.000,0.000,1.000,0.000,0,0,20,1,1,20,20,1,0.0,0.0,1.0,0.0,0.0,1.0
"G[1,2](((PaCO2 >= 0.000 -> PTT <= 24.154) & PaCO2 >= 0.102) -> Platelets <= 21.360)
",9999999.000,9999999.000,0.000,1.000,0.000,0,0,21,0,0,21,21,0,0.0,0.0,1.0,0.0,0.0,1.0
"G[0,2](O2Sat < 97.517 & SepsisLabel = 0.000)
",9999999.000,9999999.000,0.000,1.000,0.000,0,0,10,11,11,10,10,11,0.0,0.0,1.0,0.0,0.0,1.0
"G[0,0](((Glucose <= 50.134 -> PTT <= 8.042) | PTT <= 0.868) & BaseExcess >= 0.336)
",-6045513147967020.000,-0.336,0.000,1.000,0.000,0,0,0,21,21,0,0,21,0.0,0.0,0.0,0.0,0.0,1.0
"G[2,2]((MAP >= 17.416 | SBP >= 94.420) -> Calcium <= 158.064)
",-158.064,-158.064,0.000,1.000,0.000,0,0,21,0,0,21,21,0,0.0,0.0,1.0,0.0,0.0,1.0
"G[0,1](((Glucose >= 17.958 | Potassium >= 0.173) & Bilirubin_total <= 2.918) & EtCO2 <= 4.387)
",9999999.000,9999999.000,0.000,1.000,0.000,0,0,0,21,21,0,0,21,0.0,0.0,0.0,0.0,0.0,1.0
"G[1,2]((O2Sat <= 94.995 | Phosphate <= 1.534) & Fibrinogen >= 0.006)
",9999999.000,9999999.000,0.000,1.000,0.000,0,0,0,21,21,0,0,21,0.0,0.0,0.0,0.0,0.0,1.0
"G[0,2]((Hct <= 2.345 | O2Sat >= 81.383) -> Chloride >= 21.375)
",9999999.000,9999999.000,0.000,1.000,0.000,0,0,0,21,21,0,0,21,0.0,0.0,0.0,0.0,0.0,1.0
"G[1,2](Creatinine <= 1.018 | HCO3 >= 0.070)
",9999999.000,9999999.000,0.000,1.000,0.000,0,0,21,0,0,21,21,0,0.0,0.0,1.0,0.0,0.0,1.0
"G[0,2]((Phosphate >= 0.024 & WBC >= 0.042) -> PaCO2 <= 1.598)
",9999999.000,9999999.000,0.000,1.000,0.000,0,0,21,0,0,21,21,0,0.0,0.0,1.0,0.0,0.0,1.0
"G[2,2](((DBP <= 67.434 -> Temp >= 0.306) | HR >= 3.689) | BUN <= 25.988)
",3657483192679922.500,25.988,0.000,1.000,0.000,0,0,21,0,0,21,21,0,0.0,0.0,1.0,0.0,0.0,1.0
"G[1,1](((SBP <= 168.907 -> WBC >= 0.279) | O2Sat >= 0.477) & AST >= 0.469)
",-4296251980676037.500,-0.477,0.000,1.000,0.000,0,0,0,21,21,0,0,21,0.0,0.0,0.0,0.0,0.0,1.0
"G[0,0](((Chloride >= 2.303 -> Magnesium >= 0.078) | Alkalinephos >= 0.018) -> EtCO2 >= 0.008)
",-3.015,-14.329,0.000,1.000,0.000,0,0,0,21,21,0,0,21,0.0,0.0,0.0,0.0,0.0,1.0
"G[1,2](((Resp >= 2.503 & WBC <= 3.083) | Platelets <= 6.085) & Bilirubin_total <= 10.530)
",9999999.000,9999999.000,0.000,1.000,0.000,0,0,20,1,1,20,20,1,0.0,0.0,1.0,0.0,0.0,1.0
"G[0,2](((Hct >= 1.259 | pH >= 0.163) -> pH <= 0.305) -> Alkalinephos <= 5.752)
",9999999.000,9999999.000,0.000,1.000,0.000,0,0,21,0,0,21,21,0,0.0,0.0,1.0,0.0,0.0,1.0
"G[2,2]((Hgb <= 3.442 & pH <= 6.612) | Magnesium <= 6.383)
",7186979500707813.000,6.383,0.000,1.000,0.000,0,0,21,0,0,21,21,0,0.0,0.0,1.0,0.0,0.0,1.0
"G[0,1](pH >= 0.030 & Platelets <= 177.232)
",9999999.000,9999999.000,0.000,1.000,0.000,0,0,0,21,21,0,0,21,0.0,0.0,0.0,0.0,0.0,1.0
"G[0,2](((Chloride <= 87.285 -> pH <= 3.474) & PaCO2 <= 6.542) & SBP <= 4.339)
",9999999.000,9999999.000,0.000,1.000,0.000,0,0,0,21,21,0,0,21,0.0,0.0,0.0,0.0,0.0,1.0
"G[0,2](Magnesium >= 0.074 | pH >= 0.043)
",9999999.000,9999999.000,0.000,1.000,0.000,0,0,1,20,20,1,1,20,0.0,0.0,1.0,0.0,0.0,1.0
"G[2,2]((HCO3 <= 20.525 -> pH <= 6.147) -> FiO2 >= 0.068)
",0.068,0.068,0.000,1.000,0.000,0,0,21,0,0,21,21,0,0.0,0.0,1.0,0.0,0.0,1.0
"G[1,2](((BUN <= 16.233 & Phosphate >= 0.083) -> SBP <= 2.429) & SBP <= 1.014)
",9999999.000,9999999.000,0.000,1.000,0.000,0,0,0,21,21,0,0,21,0.0,0.0,0.0,0.0,0.0,1.0
"G[0,2](((pH >= 0.166 & WBC >= 0.092) & Potassium >= 0.325) & Magnesium <= 7.008)
",9999999.000,9999999.000,0.000,1.000,0.000,0,0,0,21,21,0,0,21,0.0,0.0,0.0,0.0,0.0,1.0
"G[0,1](((HCO3 >= 0.102 & Phosphate >= 0.109) | Calcium >= 0.049) | WBC >= 0.084)
",9999999.000,9999999.000,0.000,1.000,0.000,0,0,0,21,21,0,0,21,0.0,0.0,0.0,0.0,0.0,1.0
"G[1,2](((BUN <= 14.718 & Hct <= 6.663) | WBC <= 7.795) | HCO3 <= 7.082)
",9999999.000,9999999.000,0.000,1.000,0.000,0,0,20,1,1,20,20,1,0.0,0.0,1.0,0.0,0.0,1.0
"G[2,2](Hgb >= 0.405 -> HR <= 88.318)
",-88.318,-88.318,0.000,1.000,0.000,0,0,21,0,0,21,21,0,0.0,0.0,1.0,0.0,0.0,1.0
"G[0,1](((Chloride <= 110.127 | Phosphate <= 0.788) & MAP <= 1.245) | Temp >= 0.023)
",9999999.000,9999999.000,0.000,1.000,0.000,0,0,0,21,21,0,0,21,0.0,0.0,0.0,0.0,0.0,1.0
"G[2,2]((O2Sat >= 42.483 -> WBC <= 8.377) | Temp <= 5.796)
",3263088245765870.000,5.796,0.000,1.000,0.000,0,0,21,0,0,21,21,0,0.0,0.0,1.0,0.0,0.0,1.0
"G[2,2](MAP <= 103.698 & Temp <= 22.306)
",6278658541343458.000,22.306,0.000,1.000,0.000,0,0,21,0,0,21,21,0,0.0,0.0,1.0,0.0,0.0,1.0
"G[0,1](((HR <= 84.659 | WBC <= 10.997) & SaO2 >= 0.309) & Hgb <= 10.069)
",9999999.000,9999999.000,0.000,1.000,0.000,0,0,0,21,21,0,0,21,0.0,0.0,0.0,0.0,0.0,1.0
"G[0,2]((Chloride <= 38.316 -> Potassium >= 0.270) & Lactate <= 2.316)
",9999999.000,9999999.000,0.000,1.000,0.000,0,0,0,21,21,0,0,21,0.0,0.0,0.0,0.0,0.0,1.0
"G[1,2](((DBP <= 48.719 | Resp <= 15.011) -> O2Sat >= 11.588) & Calcium >= 10.808)
",9999999.000,9999999.000,0.000,1.000,0.000,0,0,0,21,21,0,0,21,0.0,0.0,0.0,0.0,0.0,1.0
"G[1,2](Magnesium >= 0.019 -> PTT >= 0.484)
",9999999.000,9999999.000,0.000,1.000,0.000,0,0,20,1,1,20,20,1,0.0,0.0,1.0,0.0,0.0,1.0
"G[1,2]((Resp <= 18.031 | Temp <= 24.515) -> Potassium >= 1.631)
",9999999.000,9999999.000,0.000,1.000,0.000,0,0,1,20,20,1,1,20,0.0,0.0,1.0,0.0,0.0,1.0
"G[0,2]((Phosphate <= 0.915 & PTT <= 13.978) | Magnesium >= 0.303)
",9999999.000,9999999.000,0.000,1.000,0.000,0,0,21,0,0,21,21,0,0.0,0.0,1.0,0.0,0.0,1.0
"G[1,2](Glucose <= 214.607 & WBC >= 0.227)
",9999999.000,9999999.000,0.000,1.000,0.000,0,0,0,21,21,0,0,21,0.0,0.0,0.0,0.0,0.0,1.0
"G[2,2](((Glucose <= 64.006 -> Hgb <= 9.085) -> PaCO2 <= 3.297) & EtCO2 >= 0.098)
",-3.297,-3.297,0.000,1.000,0.000,0,0,21,0,0,21,21,0,0.0,0.0,1.0,0.0,0.0,1.0
"G[0,2](((Hct >= 0.015 | Temp <= 11.037) | SaO2 >= 5.073) -> Lactate <= 28.282)
",9999999.000,9999999.000,0.000,1.000,0.000,0,0,21,0,0,21,21,0,0.0,0.0,1.0,0.0,0.0,1.0
"G[2,2]((Phosphate >= 0.032 & Temp <= 11.342) -> Hgb <= 27.633)
",-7777913719531331.000,-27.633,0.000,1.000,0.000,0,0,21,0,0,21,21,0,0.0,0.0,1.0,0.0,0.0,1.0
"G[0,2](Magnesium >= 0.005 | Temp <= 21.970)
",9999999.000,9999999.000,0.000,1.000,0.000,0,0,13,8,8,13,13,8,0.0,0.0,1.0,0.0,0.0,1.0
"G[2,2]((HR <= 94.857 -> Temp <= 28.672) | Calcium <= 28.962)
",4075980885994790.000,28.962,0.000,1.000,0.000,0,0,21,0,0,21,21,0,0.0,0.0,1.0,0.0,0.0,1.0
"G[2,2]((Glucose >= 11.031 -> Platelets >= 1.321) & BaseExcess <= 56.686)
",5948522274427458.000,1.321,0.000,1.000,0.000,0,0,21,0,0,21,21,0,0.0,0.0,1.0,0.0,0.0,1.0
"G[1,2]((MAP >= 93.601 | Platelets <= 65.180) & Alkalinephos <= 204.427)
",9999999.000,9999999.000,0.000,1.000,0.000,0,0,21,0,0,21,21,0,0.0,0.0,1.0,0.0,0.0,1.0
"G[2,2](((Potassium <= 2.744 & SBP <= 177.614) & DBP <= 157.164) | Hct <= 160.428)
",5644570728449646.000,160.428,0.000,1.000,0.000,0,0,21,0,0,21,21,0,0.0,0.0,1.0,0.0,0.0,1.0
"G[0,2](PTT >= 0.059 | Resp <= 20.287)
",9999999.000,9999999.000,0.000,1.000,0.000,0,0,19,2,2,19,19,2,0.0,0.0,1.0,0.0,0.0,1.0
"G[1,2](Creatinine >= 0.018 & PTT >= 0.057)
",9999999.000,9999999.000,0.000,1.000,0.000,0,0,0,21,21,0,0,21,0.0,0.0,0.0,0.0,0.0,1.0
"G[0,2]((HCO3 <= 10.469 & Potassium <= 1.328) -> Alkalinephos <= 3.455)
",9999999.000,9999999.000,0.000,1.000,0.000,0,0,21,0,0,21,21,0,0.0,0.0,1.0,0.0,0.0,1.0
"G[1,2]((Phosphate <= 0.764 & Potassium <= 3.950) & Alkalinephos >= 0.214)
",9999999.000,9999999.000,0.000,1.000,0.000,0,0,0,21,21,0,0,21,0.0,0.0,0.0,0.0,0.0,1.0
"G[1,2](BUN <= 19.757 -> DBP >= 30.898)
",9999999.000,9999999.000,0.000,1.000,0.000,0,0,10,11,11,10,10,11,0.0,0.0,1.0,0.0,0.0,1.0
"G[0,2](((Hgb >= 0.445 & Potassium >= 0.007) & Platelets >= 0.182) -> Platelets >= 0.044)
",9999999.000,9999999.000,0.000,1.000,0.000,0,0,21,0,0,21,21,0,0.0,0.0,1.0,0.0,0.0,1.0
"G[2,2](((DBP <= 57.973 & Platelets >= 0.982) & TroponinI <= 161.186) -> SepsisLabel <= 116.397)
",-116.397,-116.397,0.000,1.000,0.000,0,0,21,0,0,21,21,0,0.0,0.0,1.0,0.0,0.0,1.0
"G[0,2](((DBP <= 56.281 & Hgb <= 9.616) | TroponinI >= 0.331) & Fibrinogen <= 9.178)
",9999999.000,9999999.000,0.000,1.000,0.000,0,0,8,13,13,8,8,13,0.0,0.0,1.0,0.0,0.0,1.0
"G[0,2](((HCO3 <= 7.401 | HR >= 66.383) & DBP <= 88.720) & PaCO2 >= 12.839)
",9999999.000,9999999.000,0.000,1.000,0.000,0,0,0,21,21,0,0,21,0.0,0.0,0.0,0.0,0.0,1.0
"G[2,2](((O2Sat <= 98.481 -> PTT <= 23.008) & Potassium >= 0.161) -> PTT >= 0.549)
",4946532354472565.000,0.549,0.000,1.000,0.000,0,0,21,0,0,21,21,0,0.0,0.0,1.0,0.0,0.0,1.0
"G[2,2](TroponinI < 0.000 & SepsisLabel = 0.000)
",0.000,0.000,0.000,1.000,0.000,0,0,21,0,0,21,21,0,0.0,0.0,1.0,0.0,0.0,1.0
"G[1,2](PTT <= 5.419 & Potassium >= 0.265)
",9999999.000,9999999.000,0.000,1.000,0.000,0,0,1,20,20,1,1,20,0.0,0.0,1.0,0.0,0.0,1.0
"G[0,2]((Hct <= 18.240 | Alkalinephos >= 0.000) -> SBP >= 0.000)
",9999999.000,9999999.000,0.000,1.000,0.000,0,0,21,0,0,21,21,0,0.0,0.0,1.0,0.0,0.0,1.0
"G[1,2]((Phosphate >= 0.055 | Creatinine <= 1.042) & TroponinI <= 0.770)
",9999999.000,9999999.000,0.000,1.000,0.000,0,0,21,0,0,21,21,0,0.0,0.0,1.0,0.0,0.0,1.0
"G[2,2](((FiO2 >= 0.000 -> MAP <= 99.866) & Hgb <= 98.852) -> Platelets <= 100.371)
",-100.371,-100.371,0.000,1.000,0.000,0,0,21,0,0,21,21,0,0.0,0.0,1.0,0.0,0.0,1.0
"G[0,1]((PaCO2 >= 0.000 & MAP >= 61.602) & Calcium >= 45.713)
",9999999.000,9999999.000,0.000,1.000,0.000,0,0,0,21,21,0,0,21,0.0,0.0,0.0,0.0,0.0,1.0
"G[2,2](((Creatinine <= 0.092 -> PaCO2 <= 0.000) | Platelets >= 0.000) & Magnesium >= 0.000)
",0.000,0.000,0.000,1.000,0.000,0,0,21,0,0,21,21,0,0.0,0.0,1.0,0.0,0.0,1.0
"G[1,2](AST <= 0.000 -> MAP >= 16.725)
",9999999.000,9999999.000,0.000,1.000,0.000,0,0,21,0,0,21,21,0,0.0,0.0,1.0,0.0,0.0,1.0
"G[1,2]((AST <= 0.000 | BaseExcess <= 0.000) -> PTT >= 0.000)
",9999999.000,9999999.000,0.000,1.000,0.000,0,0,21,0,0,21,21,0,0.0,0.0,1.0,0.0,0.0,1.0
"G[0,0](Bilirubin_direct < 0.000 & SepsisLabel = 0.000)
",0.000,0.000,0.000,1.000,0.000,0,0,0,21,21,0,0,21,0.0,0.0,0.0,0.0,0.0,1.0
"G[1,2](((Magnesium <= 1.491 | BaseExcess <= 0.000) & pH >= 0.000) & pH >= 0.000)
",9999999.000,9999999.000,0.000,1.000,0.000,0,0,21,0,0,21,21,0,0.0,0.0,1.0,0.0,0.0,1.0
"G[2,2](((PTT <= 2.132 & SaO2 <= 0.000) & Alkalinephos >= 0.000) & AST >= 0.000)
",0.000,0.000,0.000,1.000,0.000,0,0,21,0,0,21,21,0,0.0,0.0,1.0,0.0,0.0,1.0
"G[1,2]((Bilirubin_total <= 0.000 | Platelets <= 174.252) & Alkalinephos <= 197.965)
",9999999.000,9999999.000,0.000,1.000,0.000,0,0,21,0,0,21,21,0,0.0,0.0,1.0,0.0,0.0,1.0
"G[2,2](((EtCO2 <= 0.000 & Chloride >= 3.889) | Bilirubin_total >= 4.784) | PaCO2 >= 1.102)
",-4964669536436286.000,-1.102,0.000,1.000,0.000,0,0,21,0,0,21,21,0,0.0,0.0,1.0,0.0,0.0,1.0
"G[2,2](MAP <= 114.053 -> SepsisLabel = 0.000)
",-114.053,-114.053,0.000,1.000,0.000,0,0,21,0,0,21,21,0,0.0,0.0,1.0,0.0,0.0,1.0
"G[0,2](MAP >= 32.486 & SepsisLabel = 0.000)
",9999999.000,9999999.000,0.000,1.000,0.000,0,0,20,1,1,20,20,1,0.0,0.0,1.0,0.0,0.0,1.0
"G[0,1](WBC >= 0.132 & SepsisLabel = 0.000)
",9999999.000,9999999.000,0.000,1.000,0.000,0,0,0,21,21,0,0,21,0.0,0.0,0.0,0.0,0.0,1.0
"G[2,2](Lactate <= 0.000 & SepsisLabel >= 0.000)
",0.000,0.000,0.000,1.000,0.000,0,0,21,0,0,21,21,0,0.0,0.0,1.0,0.0,0.0,1.0
"G[0,2](((Hgb >= 0.432 | HCO3 >= 0.068) & SaO2 <= 22.129) -> PaCO2 <= 10.129)
",9999999.000,9999999.000,0.000,1.000,0.000,0,0,21,0,0,21,21,0,0.0,0.0,1.0,0.0,0.0,1.0
"G[1,2](((Phosphate <= 2.244 | Magnesium >= 0.075) | WBC <= 0.275) -> WBC <= 0.542)
",9999999.000,9999999.000,0.000,1.000,0.000,0,0,20,1,1,20,20,1,0.0,0.0,1.0,0.0,0.0,1.0
"G[0,0](AST < 0.000 & SepsisLabel = 0.000)
",0.000,0.000,0.000,1.000,0.000,0,0,0,21,21,0,0,21,0.0,0.0,0.0,0.0,0.0,1.0
"G[1,1](((MAP <= 106.138 | SBP >= 155.332) & EtCO2 >= 26.695) & DBP <= 172.415)
",-7513895265940605.000,-26.695,0.000,1.000,0.000,0,0,0,21,21,0,0,21,0.0,0.0,0.0,0.0,0.0,1.0
"G[2,2](((BUN >= 0.945 & AST >= 0.000) -> Bilirubin_total >= 0.000) | Lactate <= 0.000)
",0.000,0.000,0.000,1.000,0.000,0,0,21,0,0,21,21,0,0.0,0.0,1.0,0.0,0.0,1.0
"G[1,2](((Glucose <= 140.065 -> Magnesium <= 0.596) -> Resp >= 0.085) | Potassium <= 1.425)
",9999999.000,9999999.000,0.000,1.000,0.000,0,0,21,0,0,21,21,0,0.0,0.0,1.0,0.0,0.0,1.0
"G[1,2](Magnesium < 0.412 & SepsisLabel = 0.000)
",9999999.000,9999999.000,0.000,1.000,0.000,0,0,20,1,1,20,20,1,0.0,0.0,1.0,0.0,0.0,1.0
"G[0,2]((BUN <= 24.470 -> Hgb >= 0.450) -> AST >= 0.409)
",9999999.000,9999999.000,0.000,1.000,0.000,0,0,19,2,2,19,19,2,0.0,0.0,1.0,0.0,0.0,1.0
"G[0,2](Calcium > 0.000 -> SepsisLabel = 0.000)
",9999999.000,9999999.000,0.000,1.000,0.000,0,0,21,0,0,21,21,0,0.0,0.0,1.0,0.0,0.0,1.0
"G[2,2]((pH >= 0.011 & PTT >= 0.473) & Creatinine <= 12.296)
",-4259181072228810.500,-0.473,0.000,1.000,0.000,0,0,21,0,0,21,21,0,0.0,0.0,1.0,0.0,0.0,1.0
"G[0,1]((HR >= 12.416 -> Potassium <= 0.939) -> Bilirubin_total >= 0.217)
",9999999.000,9999999.000,0.000,1.000,0.000,0,0,0,21,21,0,0,21,0.0,0.0,0.0,0.0,0.0,1.0
"G[0,2]((Phosphate <= 1.358 | Resp >= 3.886) | pH >= 5.349)
",9999999.000,9999999.000,0.000,1.000,0.000,0,0,21,0,0,21,21,0,0.0,0.0,1.0,0.0,0.0,1.0
"G[0,2](((Glucose <= 87.097 -> HR <= 86.023) & BaseExcess >= 70.095) & SepsisLabel >= 50.969)
",9999999.000,9999999.000,0.000,1.000,0.000,0,0,0,21,21,0,0,21,0.0,0.0,0.0,0.0,0.0,1.0
"G[1,2](((BUN >= 0.021 | Creatinine <= 1.113) | PTT >= 0.014) & DBP <= 1.245)
",9999999.000,9999999.000,0.000,1.000,0.000,0,0,12,9,9,12,12,9,0.0,0.0,1.0,0.0,0.0,1.0
"G[1,2](Glucose >= 12.330 | Resp >= 5.715)
",9999999.000,9999999.000,0.000,1.000,0.000,0,0,21,0,0,21,21,0,0.0,0.0,1.0,0.0,0.0,1.0
"G[0,2]((Hgb <= 8.717 & Phosphate <= 2.586) & EtCO2 >= 0.121)
",9999999.000,9999999.000,0.000,1.000,0.000,0,0,0,21,21,0,0,21,0.0,0.0,0.0,0.0,0.0,1.0
"G[2,2]((BUN <= 22.363 | Chloride <= 104.664) -> PTT <= 29.012)
",-104.664,-104.664,0.000,1.000,0.000,0,0,21,0,0,21,21,0,0.0,0.0,1.0,0.0,0.0,1.0
"G[0,2](Chloride >= 1.767 -> Hct <= 9.068)
",9999999.000,9999999.000,0.000,1.000,0.000,0,0,19,2,2,19,19,2,0.0,0.0,1.0,0.0,0.0,1.0
"G[0,1](Chloride <= 31.536 & Hgb >= 0.022)
",9999999.000,9999999.000,0.000,1.000,0.000,0,0,0,21,21,0,0,21,0.0,0.0,0.0,0.0,0.0,1.0
"G[0,2]((SaO2 >= 0.000 -> Glucose >= 3.832) | Calcium >= 14.018)
",9999999.000,9999999.000,0.000,1.000,0.000,0,0,0,21,21,0,0,21,0.0,0.0,0.0,0.0,0.0,1.0
"G[1,2](DBP <= 90.073 | TroponinI <= 0.000)
",9999999.000,9999999.000,0.000,1.000,0.000,0,0,21,0,0,21,21,0,0.0,0.0,1.0,0.0,0.0,1.0
"G[0,2](MAP >= 85.072 -> Bilirubin_direct >= 0.000)
",9999999.000,9999999.000,0.000,1.000,0.000,0,0,21,0,0,21,21,0,0.0,0.0,1.0,0.0,0.0,1.0
"G[0,2](AST < 0.000 & SepsisLabel = 0.000)
",9999999.000,9999999.000,0.000,1.000,0.000,0,0,0,21,21,0,0,21,0.0,0.0,0.0,0.0,0.0,1.0
"G[1,2]((MAP <= 111.854 | EtCO2 >= 0.000) -> TroponinI >= 0.000)
",9999999.000,9999999.000,0.000,1.000,0.000,0,0,21,0,0,21,21,0,0.0,0.0,1.0,0.0,0.0,1.0
"G[0,2]((DBP <= 133.293 & Hgb <= 0.979) | BaseExcess >= 0.442)
",9999999.000,9999999.000,0.000,1.000,0.000,0,0,18,3,3,18,18,3,0.0,0.0,1.0,0.0,0.0,1.0
"G[1,1](Calcium > 0.000 & SepsisLabel = 0.000)
",0.000,0.000,0.000,1.000,0.000,0,0,0,21,21,0,0,21,0.0,0.0,0.0,0.0,0.0,1.0
"G[0,0]((HCO3 >= 0.819 & Chloride <= 85.987) & SBP <= 97.754)
",-0.819,-0.819,0.000,1.000,0.000,0,0,0,21,21,0,0,21,0.0,0.0,0.0,0.0,0.0,1.0
"G[0,2](Resp > 11.679 -> SepsisLabel = 0.000)
",9999999.000,9999999.000,0.000,1.000,0.000,0,0,21,0,0,21,21,0,0.0,0.0,1.0,0.0,0.0,1.0
"G[1,2]((Glucose >= 11.740 & Magnesium <= 0.566) -> SepsisLabel <= 0.146)
",9999999.000,9999999.000,0.000,1.000,0.000,0,0,21,0,0,21,21,0,0.0,0.0,1.0,0.0,0.0,1.0
"G[0,1](SBP >= 44.349 -> Platelets >= 8.343)
",9999999.000,9999999.000,0.000,1.000,0.000,0,0,0,21,21,0,0,21,0.0,0.0,0.0,0.0,0.0,1.0
"G[0,2]((O2Sat <= 93.965 | pH <= 2.971) | Hgb <= 1.108)
",9999999.000,9999999.000,0.000,1.000,0.000,0,0,21,0,0,21,21,0,0.0,0.0,1.0,0.0,0.0,1.0
