Rule,Discrimination Score,Pos Robustness,Neg Robustness,Percent Class +,Percent Class -,TP,TN,FP,FN,Actual Yes,Actual No,Predicted Yes,Predicted No,TPR/Sens,TNR/Spec,FPR,Precision,Accuracy,MCR,Class
"G[0,1](Chloride >= 0.000 & HCO3 >= 0.000)
",9999999.000,9999999.000,0.000,1.000,0.000,10,0,0,0,10,0,10,0,1.0,0.0,0.0,1.0,1.0,0.0,1
"F[1,1]((Calcium <= 8.174 & Potassium <= 2.876) & Magnesium >= 0.020)
",-5641171481007894.000,-0.020,0.000,0.000,1.000,10,0,0,0,10,0,10,0,1.0,0.0,0.0,1.0,1.0,0.0,-1
"F[0,1](((Chloride >= 0.000 -> Hct >= 1.305) | DBP >= 0.260) & MAP <= 23.078)
",-9999999.000,-9999999.000,0.000,0.000,1.000,10,0,0,0,10,0,10,0,1.0,0.0,0.0,1.0,1.0,0.0,-1
"((Potassium >= 0.050) U[1,1] (Temp <= 31.346))
",31.346,31.346,0.000,0.000,1.000,10,0,0,0,10,0,10,0,1.0,0.0,0.0,1.0,1.0,0.0,-1
"G[1,1](((Creatinine <= 0.132 -> Phosphate >= 0.000) & Lactate >= 0.000) & PTT >= 0.000)
",-0.132,-0.132,0.000,1.000,0.000,10,0,0,0,10,0,10,0,1.0,0.0,0.0,1.0,1.0,0.0,1
"((Alkalinephos < 0.000) U[1,2] (SepsisLabel = 0.000))
",-9999999.000,-9999999.000,0.000,0.000,1.000,10,0,0,0,10,0,10,0,1.0,0.0,0.0,1.0,1.0,0.0,-1
"G[0,1](Chloride >= 0.000 & HCO3 >= 0.000)
",9999999.000,9999999.000,0.000,1.000,0.000,10,0,0,0,10,0,10,0,1.0,0.0,0.0,1.0,1.0,0.0,1
"G[0,1](((Temp <= 34.111 & Bilirubin_direct <= 0.000) & HR <= 0.000) -> Phosphate >= 0.000)
",9999999.000,9999999.000,0.000,1.000,0.000,10,0,0,0,10,0,10,0,1.0,0.0,0.0,1.0,1.0,0.0,1
"G[1,1]((Calcium >= 0.176 -> HCO3 >= 0.000) -> EtCO2 <= 0.000)
",0.000,0.000,0.000,1.000,0.000,10,0,0,0,10,0,10,0,1.0,0.0,0.0,1.0,1.0,0.0,1
"G[0,1](((Bilirubin_direct <= 0.000 -> Phosphate >= 0.000) | DBP >= 0.000) | PTT >= 0.000)
",9999999.000,9999999.000,0.000,1.000,0.000,10,0,0,0,10,0,10,0,1.0,0.0,0.0,1.0,1.0,0.0,1
"G[0,0](Platelets <= 95.988 -> BaseExcess <= 0.000)
",-95.988,-95.988,0.000,1.000,0.000,10,0,0,0,10,0,10,0,1.0,0.0,0.0,1.0,1.0,0.0,1
"G[1,1](FiO2 <= 0.000 & O2Sat >= 38.703)
",-38.703,-38.703,0.000,1.000,0.000,10,0,0,0,10,0,10,0,1.0,0.0,0.0,1.0,1.0,0.0,1
"G[1,1](Chloride >= 0.000 & HCO3 >= 0.000)
",0.000,0.000,0.000,1.000,0.000,10,0,0,0,10,0,10,0,1.0,0.0,0.0,1.0,1.0,0.0,1
"G[0,1](Chloride >= 0.000 -> SaO2 <= 0.000)
",9999999.000,9999999.000,0.000,1.000,0.000,10,0,0,0,10,0,10,0,1.0,0.0,0.0,1.0,1.0,0.0,1
"G[1,1](Chloride >= 0.000 & HCO3 >= 0.000)
",0.000,0.000,0.000,1.000,0.000,10,0,0,0,10,0,10,0,1.0,0.0,0.0,1.0,1.0,0.0,1
"G[0,1](Chloride >= 0.000 & HCO3 >= 0.000)
",9999999.000,9999999.000,0.000,1.000,0.000,10,0,0,0,10,0,10,0,1.0,0.0,0.0,1.0,1.0,0.0,1
"G[0,1](Alkalinephos <= 0.000 -> Lactate <= 0.000)
",9999999.000,9999999.000,0.000,1.000,0.000,10,0,0,0,10,0,10,0,1.0,0.0,0.0,1.0,1.0,0.0,1
"G[0,1]((Magnesium >= 0.047 -> Phosphate >= 0.000) | AST >= 0.000)
",9999999.000,9999999.000,0.000,1.000,0.000,10,0,0,0,10,0,10,0,1.0,0.0,0.0,1.0,1.0,0.0,1
"G[1,1]((TroponinI >= 0.000 -> Hgb >= 0.496) -> FiO2 >= 0.045)
",0.000,0.000,0.000,1.000,0.000,10,0,0,0,10,0,10,0,1.0,0.0,0.0,1.0,1.0,0.0,1
"F[0,1](((Calcium < 6.901 & Potassium < 4.052) & Magnesium < 0.399) & Phosphate < 0.000)
",-9999999.000,-9999999.000,0.000,0.000,1.000,10,0,0,0,10,0,10,0,1.0,0.0,0.0,1.0,1.0,0.0,-1
"F[0,1]((Calcium <= 2.028 & Potassium <= 1.804) & Magnesium >= 0.004)
",-9999999.000,-9999999.000,0.000,0.000,1.000,10,0,0,0,10,0,10,0,1.0,0.0,0.0,1.0,1.0,0.0,-1
"G[0,1](((SepsisLabel >= 0.000 & Calcium >= 0.114) -> SaO2 <= 2.414) | AST <= 3.019)
",9999999.000,9999999.000,0.000,1.000,0.000,10,0,0,0,10,0,10,0,1.0,0.0,0.0,1.0,1.0,0.0,1
"F[0,1](BUN >= 0.379 & HR <= 64.216)
",-9999999.000,-9999999.000,0.000,0.000,1.000,10,0,0,0,10,0,10,0,1.0,0.0,0.0,1.0,1.0,0.0,-1
"F[0,0]((Calcium <= 3.098 & Potassium <= 3.528) & Magnesium >= 0.065)
",-0.065,-0.065,0.000,0.000,1.000,10,0,0,0,10,0,10,0,1.0,0.0,0.0,1.0,1.0,0.0,-1
"F[0,1](((Calcium < 8.271 & Potassium < 2.042) & Magnesium < 1.158) & Phosphate < 0.000)
",-9999999.000,-9999999.000,0.000,0.000,1.000,10,0,0,0,10,0,10,0,1.0,0.0,0.0,1.0,1.0,0.0,-1
"F[1,1](((Hgb <= 6.462 & Temp <= 31.139) | AST >= 19.708) & Glucose <= 33.119)
",6.462,6.462,0.000,0.000,1.000,10,0,0,0,10,0,10,0,1.0,0.0,0.0,1.0,1.0,0.0,-1
"F[0,1](((Hgb >= 0.460 | SBP >= 64.031) & Hct <= 126.217) & Resp >= 100.399)
",-9999999.000,-9999999.000,0.000,0.000,1.000,10,0,0,0,10,0,10,0,1.0,0.0,0.0,1.0,1.0,0.0,-1
"F[1,1](((Calcium < 2.258 & Potassium < 2.441) & Magnesium < 0.552) & Phosphate < 0.000)
",0.000,0.000,0.000,0.000,1.000,10,0,0,0,10,0,10,0,1.0,0.0,0.0,1.0,1.0,0.0,-1
"F[1,1]((Calcium <= 8.047 & Potassium <= 3.712) & Magnesium >= 0.036)
",-5182448913776350.000,-0.036,0.000,0.000,1.000,10,0,0,0,10,0,10,0,1.0,0.0,0.0,1.0,1.0,0.0,-1
"F[1,1](((Calcium < 6.116 & Potassium < 2.745) & Magnesium < 0.814) & Phosphate < 0.000)
",0.000,0.000,0.000,0.000,1.000,10,0,0,0,10,0,10,0,1.0,0.0,0.0,1.0,1.0,0.0,-1
"((PaCO2 > 0.000) U[1,2] (SepsisLabel = 0.000))
",-9999999.000,-9999999.000,0.000,0.000,1.000,10,0,0,0,10,0,10,0,1.0,0.0,0.0,1.0,1.0,0.0,-1
"F[0,0](((Calcium < 0.623 & Potassium < 3.330) & Magnesium < 1.387) & Phosphate < 0.000)
",0.000,0.000,0.000,0.000,1.000,10,0,0,0,10,0,10,0,1.0,0.0,0.0,1.0,1.0,0.0,-1
"F[1,1]((PTT >= 0.000 -> Magnesium >= 0.071) & pH >= 0.022)
",-0.022,-0.022,0.000,0.000,1.000,10,0,0,0,10,0,10,0,1.0,0.0,0.0,1.0,1.0,0.0,-1
"F[0,1](((HR <= 64.217 | Potassium <= 1.476) & FiO2 >= 0.231) & Glucose >= 0.258)
",-9999999.000,-9999999.000,0.000,0.000,1.000,10,0,0,0,10,0,10,0,1.0,0.0,0.0,1.0,1.0,0.0,-1
"F[1,1](((PaCO2 <= 0.000 -> Bilirubin_direct <= 0.000) | Hgb >= 0.000) -> O2Sat <= 0.000)
",0.000,0.000,0.000,0.000,1.000,10,0,0,0,10,0,10,0,1.0,0.0,0.0,1.0,1.0,0.0,-1
"F[0,1](Creatinine <= 0.611 & WBC >= 0.366)
",-9999999.000,-9999999.000,0.000,0.000,1.000,10,0,0,0,10,0,10,0,1.0,0.0,0.0,1.0,1.0,0.0,-1
"F[1,1]((Fibrinogen >= 0.000 & Creatinine >= 0.027) & Lactate >= 0.014)
",-0.027,-0.027,0.000,0.000,1.000,10,0,0,0,10,0,10,0,1.0,0.0,0.0,1.0,1.0,0.0,-1
"F[0,1]((Chloride >= 0.000 | Platelets >= 2.436) -> Magnesium >= 4.142)
",-9999999.000,-9999999.000,0.000,0.000,1.000,10,0,0,0,10,0,10,0,1.0,0.0,0.0,1.0,1.0,0.0,-1
"F[0,0](((Chloride <= 0.000 & Calcium >= 0.382) | Fibrinogen <= 4.783) & Lactate >= 0.004)
",0.653,1.432,0.000,0.000,1.000,10,0,0,0,10,0,10,0,1.0,0.0,0.0,1.0,1.0,0.0,-1
"F[1,1](((Magnesium <= 0.286 -> Temp >= 30.147) -> BaseExcess >= 24.842) & Bilirubin_direct >= 7.719)
",-7.719,-7.719,0.000,0.000,1.000,10,0,0,0,10,0,10,0,1.0,0.0,0.0,1.0,1.0,0.0,-1
"G[1,1](Chloride >= 0.000 & HCO3 >= 0.000)
",0.000,0.000,0.000,1.000,0.000,10,0,0,0,10,0,10,0,1.0,0.0,0.0,1.0,1.0,0.0,1
"F[1,1]((WBC >= 0.614 & HR >= 25.303) & Alkalinephos >= 15.687)
",-25.303,-25.303,0.000,0.000,1.000,10,0,0,0,10,0,10,0,1.0,0.0,0.0,1.0,1.0,0.0,-1
"G[0,0](Potassium <= 2.383 | Temp >= 3.801)
",3.080,84.067,0.000,1.000,0.000,10,0,0,0,10,0,10,0,1.0,0.0,0.0,1.0,1.0,0.0,1
"G[0,1]((Magnesium >= 0.038 | Creatinine <= 0.392) & PTT <= 0.727)
",9999999.000,9999999.000,0.000,1.000,0.000,10,0,0,0,10,0,10,0,1.0,0.0,0.0,1.0,1.0,0.0,1
"G[1,1](((HR <= 66.941 | Bilirubin_direct >= 0.000) -> WBC >= 0.000) & Creatinine >= 0.000)
",-4710545559486525.000,-66.941,0.000,1.000,0.000,10,0,0,0,10,0,10,0,1.0,0.0,0.0,1.0,1.0,0.0,1
"G[0,1](Calcium >= 0.093 -> O2Sat >= 7.885)
",9999999.000,9999999.000,0.000,1.000,0.000,10,0,0,0,10,0,10,0,1.0,0.0,0.0,1.0,1.0,0.0,1
"G[0,1](((Glucose <= 73.738 & HR <= 67.711) & PaCO2 >= 54.228) -> Platelets <= 58.309)
",9999999.000,9999999.000,0.000,1.000,0.000,10,0,0,0,10,0,10,0,1.0,0.0,0.0,1.0,1.0,0.0,1
"G[1,1](((Fibrinogen >= 0.000 & Lactate >= 0.000) & Hgb <= 0.000) & pH >= 0.000)
",0.000,0.000,0.000,1.000,0.000,10,0,0,0,10,0,10,0,1.0,0.0,0.0,1.0,1.0,0.0,1
"G[0,1]((Magnesium <= 0.129 | Potassium >= 0.090) | Bilirubin_total >= 0.058)
",9999999.000,9999999.000,0.000,1.000,0.000,10,0,0,0,10,0,10,0,1.0,0.0,0.0,1.0,1.0,0.0,1
"G[1,1](((HR >= 34.460 | SBP <= 135.273) | PaCO2 >= 92.392) & SBP >= 53.455)
",-53.455,-53.455,0.000,1.000,0.000,10,0,0,0,10,0,10,0,1.0,0.0,0.0,1.0,1.0,0.0,1
"G[0,1](Lactate <= 0.000 & SepsisLabel = 0.000)
",9999999.000,9999999.000,0.000,1.000,0.000,10,0,0,0,10,0,10,0,1.0,0.0,0.0,1.0,1.0,0.0,1
"G[0,1](((Phosphate <= 0.000 | EtCO2 <= 0.000) | Glucose >= 0.000) | Chloride <= 0.000)
",9999999.000,9999999.000,0.000,1.000,0.000,10,0,0,0,10,0,10,0,1.0,0.0,0.0,1.0,1.0,0.0,1
"G[0,1](PaCO2 <= 0.000 & SepsisLabel = 0.000)
",9999999.000,9999999.000,0.000,1.000,0.000,10,0,0,0,10,0,10,0,1.0,0.0,0.0,1.0,1.0,0.0,1
"G[1,1](HR >= 10.435 & SepsisLabel = 0.000)
",-5874644886239750.000,-10.435,0.000,1.000,0.000,10,0,0,0,10,0,10,0,1.0,0.0,0.0,1.0,1.0,0.0,1
"G[1,1](((Glucose >= 16.733 -> Bilirubin_total <= 0.000) -> Bilirubin_direct <= 0.000) -> Lactate >= 0.000)
",0.000,0.000,0.000,1.000,0.000,10,0,0,0,10,0,10,0,1.0,0.0,0.0,1.0,1.0,0.0,1
"G[0,0](((Fibrinogen >= 0.000 -> TroponinI <= 0.000) | Bilirubin_total <= 0.000) & Bilirubin_direct >= 0.000)
",0.000,0.000,0.000,1.000,0.000,10,0,0,0,10,0,10,0,1.0,0.0,0.0,1.0,1.0,0.0,1
"G[0,1]((PTT >= 0.000 -> Bilirubin_direct >= 0.000) & Chloride <= 0.000)
",9999999.000,9999999.000,0.000,1.000,0.000,10,0,0,0,10,0,10,0,1.0,0.0,0.0,1.0,1.0,0.0,1
"G[0,1]((O2Sat <= 86.871 -> pH >= 0.000) & O2Sat >= 0.000)
",9999999.000,9999999.000,0.000,1.000,0.000,10,0,0,0,10,0,10,0,1.0,0.0,0.0,1.0,1.0,0.0,1
"G[0,0](Hgb <= 2.390 | WBC >= 0.545)
",5382585225920557.000,2.390,0.000,1.000,0.000,10,0,0,0,10,0,10,0,1.0,0.0,0.0,1.0,1.0,0.0,1
"G[1,1](((Phosphate >= 0.000 | FiO2 <= 0.000) | HR >= 0.000) & PaCO2 <= 0.000)
",0.000,0.000,0.000,1.000,0.000,10,0,0,0,10,0,10,0,1.0,0.0,0.0,1.0,1.0,0.0,1
"G[0,0]((Glucose <= 90.971 | Chloride <= 0.000) -> Bilirubin_total >= 0.000)
",-6401544952795298.000,-90.971,0.000,1.000,0.000,10,0,0,0,10,0,10,0,1.0,0.0,0.0,1.0,1.0,0.0,1
"G[0,0]((FiO2 <= 0.000 | Bilirubin_direct <= 0.000) -> PaCO2 <= 0.000)
",0.000,0.000,0.000,1.000,0.000,10,0,0,0,10,0,10,0,1.0,0.0,0.0,1.0,1.0,0.0,1
"G[0,1](Hct <= 13.341 | MAP <= 89.165)
",9999999.000,9999999.000,0.000,1.000,0.000,10,0,0,0,10,0,10,0,1.0,0.0,0.0,1.0,1.0,0.0,1
"G[1,1]((SaO2 >= 0.000 & Phosphate >= 0.000) & Alkalinephos <= 0.000)
",0.000,0.000,0.000,1.000,0.000,10,0,0,0,10,0,10,0,1.0,0.0,0.0,1.0,1.0,0.0,1
"G[0,1](MAP <= 80.587 | PaCO2 >= 0.000)
",9999999.000,9999999.000,0.000,1.000,0.000,10,0,0,0,10,0,10,0,1.0,0.0,0.0,1.0,1.0,0.0,1
"G[0,1](AST <= 0.000 | Fibrinogen <= 0.000)
",9999999.000,9999999.000,0.000,1.000,0.000,10,0,0,0,10,0,10,0,1.0,0.0,0.0,1.0,1.0,0.0,1
"G[1,1](FiO2 <= 0.000 | Hct <= 15.523)
",4369246396691645.000,15.523,0.000,1.000,0.000,10,0,0,0,10,0,10,0,1.0,0.0,0.0,1.0,1.0,0.0,1
"G[0,1](((Glucose >= 0.786 & Fibrinogen >= 0.000) -> Creatinine <= 0.000) | Potassium >= 0.000)
",9999999.000,9999999.000,0.000,1.000,0.000,10,0,0,0,10,0,10,0,1.0,0.0,0.0,1.0,1.0,0.0,1
"G[1,1](((MAP <= 87.740 | TroponinI >= 0.000) -> Hgb >= 0.000) | SaO2 <= 0.000)
",0.000,0.000,0.000,1.000,0.000,10,0,0,0,10,0,10,0,1.0,0.0,0.0,1.0,1.0,0.0,1
"G[0,0](SepsisLabel <= 0.000 | Bilirubin_total <= 0.000)
",0.000,0.000,0.000,1.000,0.000,10,0,0,0,10,0,10,0,1.0,0.0,0.0,1.0,1.0,0.0,1
"G[1,1](BUN <= 2.209 -> HCO3 <= 0.000)
",-2.209,-2.209,0.000,1.000,0.000,10,0,0,0,10,0,10,0,1.0,0.0,0.0,1.0,1.0,0.0,1
"G[0,1](((AST <= 0.000 -> Lactate >= 0.000) & DBP <= 0.000) -> SaO2 <= 0.000)
",9999999.000,9999999.000,0.000,1.000,0.000,10,0,0,0,10,0,10,0,1.0,0.0,0.0,1.0,1.0,0.0,1
"G[0,1](((Glucose <= 58.652 | EtCO2 >= 0.000) | Chloride <= 0.000) | Magnesium >= 0.000)
",9999999.000,9999999.000,0.000,1.000,0.000,10,0,0,0,10,0,10,0,1.0,0.0,0.0,1.0,1.0,0.0,1
"G[0,0](((Creatinine >= 0.000 | MAP >= 37.825) | BaseExcess <= 89.477) & TroponinI <= 89.099)
",6269790484434691.000,89.099,0.000,1.000,0.000,10,0,0,0,10,0,10,0,1.0,0.0,0.0,1.0,1.0,0.0,1
"G[1,1](((WBC <= 8.881 & BaseExcess >= 0.000) | Glucose >= 0.000) | Hgb >= 0.000)
",0.000,0.000,0.000,1.000,0.000,10,0,0,0,10,0,10,0,1.0,0.0,0.0,1.0,1.0,0.0,1
"G[1,1]((pH <= 0.000 -> Bilirubin_total <= 0.000) | Hgb >= 0.000)
",0.000,0.000,0.000,1.000,0.000,10,0,0,0,10,0,10,0,1.0,0.0,0.0,1.0,1.0,0.0,1
"G[0,1]((Lactate <= 0.000 -> Lactate >= 0.000) -> WBC >= 0.000)
",9999999.000,9999999.000,0.000,1.000,0.000,10,0,0,0,10,0,10,0,1.0,0.0,0.0,1.0,1.0,0.0,1
"G[0,1](((Lactate <= 0.000 | SBP >= 23.000) & BUN <= 136.658) & DBP <= 112.213)
",9999999.000,9999999.000,0.000,1.000,0.000,10,0,0,0,10,0,10,0,1.0,0.0,0.0,1.0,1.0,0.0,1
"G[1,1]((Chloride <= 0.000 | Magnesium >= 0.046) | SepsisLabel >= 0.050)
",0.000,0.000,0.000,1.000,0.000,10,0,0,0,10,0,10,0,1.0,0.0,0.0,1.0,1.0,0.0,1
"G[0,1]((Alkalinephos >= 0.000 | Platelets >= 0.996) & Phosphate <= 36.712)
",9999999.000,9999999.000,0.000,1.000,0.000,10,0,0,0,10,0,10,0,1.0,0.0,0.0,1.0,1.0,0.0,1
"G[0,1]((Lactate <= 0.000 & PTT <= 0.000) | TroponinI <= 0.000)
",9999999.000,9999999.000,0.000,1.000,0.000,10,0,0,0,10,0,10,0,1.0,0.0,0.0,1.0,1.0,0.0,1
"G[1,1]((Creatinine <= 0.053 & SBP >= 12.773) | AST <= 115.433)
",8122865261856050.000,115.433,0.000,1.000,0.000,10,0,0,0,10,0,10,0,1.0,0.0,0.0,1.0,1.0,0.0,1
"F[0,0]((PaCO2 <= 0.000 -> Calcium >= 0.051) | Fibrinogen >= 0.391)
",0.000,0.000,0.000,0.000,1.000,9,0,0,1,10,0,9,1,0.9,0.0,0.0,1.0,0.9,0.09999999999999998,-1
"F[0,1](EtCO2 >= 0.000 & Creatinine >= 0.020)
",-9999999.000,-9999999.000,0.000,0.000,1.000,9,0,0,1,10,0,9,1,0.9,0.0,0.0,1.0,0.9,0.09999999999999998,-1
"F[0,1](BUN <= 14.372 -> Magnesium >= 0.026)
",-9999999.000,-9999999.000,0.000,0.000,1.000,9,0,0,1,10,0,9,1,0.9,0.0,0.0,1.0,0.9,0.09999999999999998,-1
"F[0,0](EtCO2 >= 0.000 & BUN >= 0.167)
",-0.167,-0.167,0.000,0.000,1.000,9,0,0,1,10,0,9,1,0.9,0.0,0.0,1.0,0.9,0.09999999999999998,-1
"((DBP <= 57.130) U[0,1] (WBC >= 0.198))
",-9999999.000,-9999999.000,0.000,0.000,1.000,9,0,0,1,10,0,9,1,0.9,0.0,0.0,1.0,0.9,0.09999999999999998,-1
"F[0,1]((BUN <= 5.868 & Calcium >= 0.412) | WBC >= 0.411)
",-9999999.000,-9999999.000,0.000,0.000,1.000,9,0,0,1,10,0,9,1,0.9,0.0,0.0,1.0,0.9,0.09999999999999998,-1
"G[0,0](((Hgb >= 0.496 -> HCO3 >= 0.000) -> Bilirubin_total <= 0.000) & Glucose <= 0.000)
",0.000,0.000,0.000,1.000,0.000,9,0,0,1,10,0,9,1,0.9,0.0,0.0,1.0,0.9,0.09999999999999998,1
"F[0,0](Chloride <= 0.000 & Hgb >= 0.470)
",-8470146611060126.000,-0.470,0.000,0.000,1.000,9,0,0,1,10,0,9,1,0.9,0.0,0.0,1.0,0.9,0.09999999999999998,-1
"G[0,1](BUN < 5.359 & SepsisLabel = 0.000)
",9999999.000,9999999.000,0.000,1.000,0.000,9,0,0,1,10,0,9,1,0.9,0.0,0.0,1.0,0.9,0.09999999999999998,1
"((Calcium >= 0.052) U[1,2] (FiO2 <= 0.000))
",-9999999.000,-9999999.000,0.000,0.000,1.000,9,0,0,1,10,0,9,1,0.9,0.0,0.0,1.0,0.9,0.09999999999999998,-1
"G[0,0](((Calcium <= 2.035 | Magnesium <= 0.113) & BaseExcess <= 0.701) & Hgb <= 1.168)
",0.701,0.701,0.000,1.000,0.000,9,0,0,1,10,0,9,1,0.9,0.0,0.0,1.0,0.9,0.09999999999999998,1
"G[0,0](((WBC <= 0.832 | Chloride >= 0.000) & Calcium <= 0.000) & SaO2 <= 0.000)
",0.000,0.000,0.000,1.000,0.000,9,0,0,1,10,0,9,1,0.9,0.0,0.0,1.0,0.9,0.09999999999999998,1
"G[0,1]((DBP >= 13.606 -> BUN <= 2.289) | Phosphate >= 0.537)
",9999999.000,9999999.000,0.000,1.000,0.000,9,0,0,1,10,0,9,1,0.9,0.0,0.0,1.0,0.9,0.09999999999999998,1
"((Platelets >= 0.477) U[0,0] (Creatinine >= 0.013))
",-0.013,-0.013,0.000,0.000,1.000,9,0,0,1,10,0,9,1,0.9,0.0,0.0,1.0,0.9,0.09999999999999998,-1
"F[0,0](Potassium >= 0.343 & pH <= 0.000)
",-6176156032345498.000,-0.343,0.000,0.000,1.000,8,0,0,2,10,0,8,2,0.8,0.0,0.0,1.0,0.8,0.19999999999999996,-1
"F[0,1](((PTT <= 0.000 & O2Sat <= 87.655) | Alkalinephos >= 15.374) & DBP <= 94.583)
",-9999999.000,-9999999.000,0.000,0.000,1.000,8,0,0,2,10,0,8,2,0.8,0.0,0.0,1.0,0.8,0.19999999999999996,-1
"((O2Sat <= 87.971) U[1,2] (EtCO2 >= 0.000))
",-9999999.000,-9999999.000,0.000,0.000,1.000,8,0,0,2,10,0,8,2,0.8,0.0,0.0,1.0,0.8,0.19999999999999996,-1
"G[0,1](((Magnesium >= 0.037 -> MAP >= 12.755) | Bilirubin_total <= 72.981) & O2Sat >= 31.899)
",9999999.000,9999999.000,0.000,1.000,0.000,8,0,0,2,10,0,8,2,0.8,0.0,0.0,1.0,0.8,0.19999999999999996,1
"((Potassium >= 0.169) U[1,2] (SepsisLabel = 0.000))
",-9999999.000,-9999999.000,0.000,0.000,1.000,8,0,0,2,10,0,8,2,0.8,0.0,0.0,1.0,0.8,0.19999999999999996,-1
"F[0,1](((HR <= 66.614 -> Temp <= 35.997) | PaCO2 <= 34.505) & SBP <= 34.954)
",-9999999.000,-9999999.000,0.000,0.000,1.000,8,0,0,2,10,0,8,2,0.8,0.0,0.0,1.0,0.8,0.19999999999999996,-1
"G[0,1](((MAP >= 40.986 | Resp >= 7.872) | HCO3 >= 4.117) | AST >= 4.242)
",9999999.000,9999999.000,0.000,1.000,0.000,8,0,0,2,10,0,8,2,0.8,0.0,0.0,1.0,0.8,0.19999999999999996,1
"G[0,1]((BaseExcess >= 0.000 -> Potassium <= 1.146) | Chloride >= 0.291)
",9999999.000,9999999.000,0.000,1.000,0.000,8,0,0,2,10,0,8,2,0.8,0.0,0.0,1.0,0.8,0.19999999999999996,1
"G[0,0](HCO3 <= 0.000 -> SBP >= 33.815)
",-2.860,-2.472,0.000,1.000,0.000,8,0,0,2,10,0,8,2,0.8,0.0,0.0,1.0,0.8,0.19999999999999996,1
"G[0,0](HR >= 13.368 | Potassium >= 0.391)
",31581.632,31581.632,0.000,1.000,0.000,8,0,0,2,10,0,8,2,0.8,0.0,0.0,1.0,0.8,0.19999999999999996,1
"G[0,1](SBP >= 55.174 & MAP >= 48.256)
",9999999.000,9999999.000,0.000,1.000,0.000,8,0,0,2,10,0,8,2,0.8,0.0,0.0,1.0,0.8,0.19999999999999996,1
"F[0,1]((SBP >= 1.325 | Potassium >= 0.158) -> Calcium >= 0.125)
",-9999999.000,-9999999.000,0.000,0.000,1.000,7,0,0,3,10,0,7,3,0.7,0.0,0.0,1.0,0.7,0.30000000000000004,-1
"G[0,0]((MAP <= 73.868 -> Platelets >= 1.982) | SaO2 >= 0.166)
",2.742,1.767,0.000,1.000,0.000,7,0,0,3,10,0,7,3,0.7,0.0,0.0,1.0,0.7,0.30000000000000004,1
"F[1,1](((Phosphate >= 0.000 -> Resp <= 16.783) & Glucose >= 12.941) & Lactate <= 15.189)
",-4723941205059347.000,-16.783,0.000,0.000,1.000,7,0,0,3,10,0,7,3,0.7,0.0,0.0,1.0,0.7,0.30000000000000004,-1
"G[1,1]((HR <= 66.367 | Hct >= 0.733) | Chloride >= 0.182)
",4670196315489597.000,66.367,0.000,1.000,0.000,6,0,0,4,10,0,6,4,0.6,0.0,0.0,1.0,0.6,0.4,1
"G[0,1](MAP <= 79.184 | Glucose <= 59.107)
",9999999.000,9999999.000,0.000,1.000,0.000,6,0,0,4,10,0,6,4,0.6,0.0,0.0,1.0,0.6,0.4,1
"((Fibrinogen <= 0.000) U[0,0] (DBP <= 52.440))
",0.333,5.244,0.000,0.000,1.000,6,0,0,4,10,0,6,4,0.6,0.0,0.0,1.0,0.6,0.4,-1
"((BUN <= 0.829) U[0,0] (DBP <= 52.644))
",0.387,6.010,0.000,0.000,1.000,6,0,0,4,10,0,6,4,0.6,0.0,0.0,1.0,0.6,0.4,-1
"F[0,1](DBP >= 51.292 -> Hgb >= 0.306)
",-9999999.000,-9999999.000,0.000,0.000,1.000,6,0,0,4,10,0,6,4,0.6,0.0,0.0,1.0,0.6,0.4,-1
"G[0,0]((FiO2 >= 0.000 & Resp >= 11.558) | AST >= 9.017)
",-0.333,-0.902,0.000,1.000,0.000,6,0,0,4,10,0,6,4,0.6,0.0,0.0,1.0,0.6,0.4,1
"((DBP <= 55.403) U[1,2] (SaO2 <= 0.000))
",-9999999.000,-9999999.000,0.000,0.000,1.000,5,0,0,5,10,0,5,5,0.5,0.0,0.0,1.0,0.5,0.5,-1
"((MAP >= 28.909) U[1,1] (SBP <= 122.799))
",122.799,122.799,0.000,0.000,1.000,5,0,0,5,10,0,5,5,0.5,0.0,0.0,1.0,0.5,0.5,-1
"((Creatinine <= 0.096) U[1,1] (SBP <= 127.777))
",127.777,127.777,0.000,0.000,1.000,5,0,0,5,10,0,5,5,0.5,0.0,0.0,1.0,0.5,0.5,-1
"((MAP >= 48.972) U[1,1] (SBP <= 125.114))
",125.114,125.114,0.000,0.000,1.000,5,0,0,5,10,0,5,5,0.5,0.0,0.0,1.0,0.5,0.5,-1
"G[0,1]((Bilirubin_direct >= 0.000 & Resp <= 15.802) -> Creatinine >= 13.982)
",9999999.000,9999999.000,0.000,1.000,0.000,5,0,0,5,10,0,5,5,0.5,0.0,0.0,1.0,0.5,0.5,1
"((SBP <= 123.912) U[1,2] (SepsisLabel = 0.000))
",-9999999.000,-9999999.000,0.000,0.000,1.000,4,0,0,6,10,0,4,6,0.4,0.0,0.0,1.0,0.4,0.6,-1
"G[0,1](Glucose <= 64.782 | Potassium >= 0.290)
",9999999.000,9999999.000,0.000,1.000,0.000,4,0,0,6,10,0,4,6,0.4,0.0,0.0,1.0,0.4,0.6,1
"((Hgb >= 0.500) U[0,1] (HR <= 65.459))
",-9999999.000,-9999999.000,0.000,0.000,1.000,3,0,0,7,10,0,3,7,0.3,0.0,0.0,1.0,0.3,0.7,-1
"((DBP <= 58.365) U[1,1] (Magnesium <= 0.528))
",8214188978615866.000,58.365,0.000,0.000,1.000,3,0,0,7,10,0,3,7,0.3,0.0,0.0,1.0,0.3,0.7,-1
"((MAP >= 34.712) U[0,0] (SBP <= 124.743))
",9.030,94.621,0.000,0.000,1.000,3,0,0,7,10,0,3,7,0.3,0.0,0.0,1.0,0.3,0.7,-1
"F[0,0](((Hct <= 31.227 -> Temp <= 36.353) -> Temp <= 33.270) & TroponinI <= 36.151)
",1.281,24.777,0.000,0.000,1.000,3,0,0,7,10,0,3,7,0.3,0.0,0.0,1.0,0.3,0.7,-1
"F[0,1](((Hgb <= 3.797 -> DBP <= 64.364) | Calcium >= 33.866) & Glucose >= 33.393)
",-9999999.000,-9999999.000,0.000,0.000,1.000,3,0,0,7,10,0,3,7,0.3,0.0,0.0,1.0,0.3,0.7,-1
"((TroponinI >= 0.000) U[0,1] (Glucose >= 34.219))
",-9999999.000,-9999999.000,0.000,0.000,1.000,3,0,0,7,10,0,3,7,0.3,0.0,0.0,1.0,0.3,0.7,-1
"F[0,1](HR <= 66.353 & FiO2 <= 0.000)
",-9999999.000,-9999999.000,0.000,0.000,1.000,3,0,0,7,10,0,3,7,0.3,0.0,0.0,1.0,0.3,0.7,-1
"((Resp <= 16.173) U[1,2] (Chloride <= 0.000))
",-9999999.000,-9999999.000,0.000,0.000,1.000,3,0,0,7,10,0,3,7,0.3,0.0,0.0,1.0,0.3,0.7,-1
"G[1,1](FiO2 >= 0.000 & DBP <= 56.300)
",0.000,0.000,0.000,1.000,0.000,3,0,0,7,10,0,3,7,0.3,0.0,0.0,1.0,0.3,0.7,1
"G[0,1]((Bilirubin_total >= 0.000 & Glucose <= 99.702) & Resp >= 2.032)
",9999999.000,9999999.000,0.000,1.000,0.000,3,0,0,7,10,0,3,7,0.3,0.0,0.0,1.0,0.3,0.7,1
"G[0,1](((BaseExcess >= 0.000 -> BaseExcess >= 0.000) | Glucose <= 0.000) & Glucose <= 0.000)
",9999999.000,9999999.000,0.000,1.000,0.000,3,0,0,7,10,0,3,7,0.3,0.0,0.0,1.0,0.3,0.7,1
"F[0,1](((Hct <= 6.866 -> HR >= 6.113) & Glucose <= 65.214) & Bilirubin_direct <= 61.052)
",-9999999.000,-9999999.000,0.000,0.000,1.000,2,0,0,8,10,0,2,8,0.2,0.0,0.0,1.0,0.2,0.8,-1
"F[1,1]((FiO2 <= 0.000 & MAP <= 86.243) | WBC >= 12.989)
",0.000,0.000,0.000,0.000,1.000,2,0,0,8,10,0,2,8,0.2,0.0,0.0,1.0,0.2,0.8,-1
"F[0,1]((MAP <= 88.938 -> SBP <= 121.069) -> Resp >= 66.627)
",-9999999.000,-9999999.000,0.000,0.000,1.000,2,0,0,8,10,0,2,8,0.2,0.0,0.0,1.0,0.2,0.8,-1
"((MAP >= 7.414) U[1,2] (SBP <= 134.959))
",-9999999.000,-9999999.000,0.000,0.000,1.000,2,0,0,8,10,0,2,8,0.2,0.0,0.0,1.0,0.2,0.8,-1
"((MAP >= 1.009) U[0,1] (SBP <= 123.750))
",-9999999.000,-9999999.000,0.000,0.000,1.000,2,0,0,8,10,0,2,8,0.2,0.0,0.0,1.0,0.2,0.8,-1
"((MAP >= 56.068) U[0,1] (SBP <= 121.574))
",-9999999.000,-9999999.000,0.000,0.000,1.000,2,0,0,8,10,0,2,8,0.2,0.0,0.0,1.0,0.2,0.8,-1
"((DBP >= 43.161) U[1,2] (Potassium <= 0.632))
",-9999999.000,-9999999.000,0.000,0.000,1.000,2,0,0,8,10,0,2,8,0.2,0.0,0.0,1.0,0.2,0.8,-1
"G[0,0](((O2Sat >= 53.900 | PTT >= 0.000) -> Temp <= 0.000) & HR <= 0.000)
",-31595.000,-31595.000,0.000,1.000,0.000,2,0,0,8,10,0,2,8,0.2,0.0,0.0,1.0,0.2,0.8,1
"G[0,0]((O2Sat <= 94.751 -> Temp >= 25.314) -> Bilirubin_direct >= 9.396)
",9.396,9.396,0.000,1.000,0.000,2,0,0,8,10,0,2,8,0.2,0.0,0.0,1.0,0.2,0.8,1
"G[0,0](((DBP >= 10.203 | BUN <= 2.175) | Glucose >= 0.680) & SBP <= 9.654)
",-2.750,-23.999,0.000,1.000,0.000,2,0,0,8,10,0,2,8,0.2,0.0,0.0,1.0,0.2,0.8,1
"((DBP >= 35.923) U[1,2] (TroponinI <= 0.000))
",-9999999.000,-9999999.000,0.000,0.000,1.000,2,0,0,8,10,0,2,8,0.2,0.0,0.0,1.0,0.2,0.8,-1
"G[0,0]((Hgb <= 7.042 & Potassium >= 0.125) | WBC >= 0.384)
",-0.125,-0.125,0.000,1.000,0.000,2,0,0,8,10,0,2,8,0.2,0.0,0.0,1.0,0.2,0.8,1
"F[0,0]((Phosphate >= 0.000 & Magnesium > 0.024) -> Calcium < 4.904)
",-5520986034637730.000,-4.904,0.000,0.000,1.000,1,0,0,9,10,0,1,9,0.1,0.0,0.0,1.0,0.1,0.9,-1
"((Glucose <= 54.901) U[1,2] (Phosphate >= 0.000))
",-9999999.000,-9999999.000,0.000,0.000,1.000,1,0,0,9,10,0,1,9,0.1,0.0,0.0,1.0,0.1,0.9,-1
"G[0,0](((Hgb <= 10.426 | Hct <= 21.926) -> WBC >= 0.574) & Platelets >= 5.248)
",-21.926,-21.926,0.000,1.000,0.000,1,0,0,9,10,0,1,9,0.1,0.0,0.0,1.0,0.1,0.9,1
"((TroponinI >= 0.000) U[0,1] (Temp >= 19.229))
",-9999999.000,-9999999.000,0.000,0.000,1.000,1,0,0,9,10,0,1,9,0.1,0.0,0.0,1.0,0.1,0.9,-1
"F[0,0]((Phosphate >= 0.000 & Magnesium > 0.002) -> Calcium < 2.880)
",-6484190997505578.000,-2.880,0.000,0.000,1.000,1,0,0,9,10,0,1,9,0.1,0.0,0.0,1.0,0.1,0.9,-1
"((Glucose <= 117.143) U[1,2] (Bilirubin_total >= 0.000))
",-9999999.000,-9999999.000,0.000,0.000,1.000,1,0,0,9,10,0,1,9,0.1,0.0,0.0,1.0,0.1,0.9,-1
"((Hgb <= 2.040) U[1,1] (Bilirubin_total >= 0.000))
",2.040,2.040,0.000,0.000,1.000,1,0,0,9,10,0,1,9,0.1,0.0,0.0,1.0,0.1,0.9,-1
"((EtCO2 <= 0.000) U[0,0] (Platelets <= 82.976))
",82.976,82.976,0.000,0.000,1.000,1,0,0,9,10,0,1,9,0.1,0.0,0.0,1.0,0.1,0.9,-1
"((Magnesium <= 0.259) U[1,1] (SepsisLabel >= 0.000))
",0.259,0.259,0.000,0.000,1.000,1,0,0,9,10,0,1,9,0.1,0.0,0.0,1.0,0.1,0.9,-1
"G[0,0]((Resp >= 6.702 & SBP <= 121.927) & Glucose >= 16.805)
",-4730166402894286.000,-16.805,0.000,1.000,0.000,1,0,0,9,10,0,1,9,0.1,0.0,0.0,1.0,0.1,0.9,1
"((BUN < 2.510) U[1,1] (SepsisLabel = 0.000))
",2.510,2.510,0.000,0.000,1.000,1,0,0,9,10,0,1,9,0.1,0.0,0.0,1.0,0.1,0.9,-1
"((Creatinine <= 0.474) U[1,2] (SepsisLabel = 0.000))
",-9999999.000,-9999999.000,0.000,0.000,1.000,1,0,0,9,10,0,1,9,0.1,0.0,0.0,1.0,0.1,0.9,-1
"((Platelets <= 42.904) U[1,2] (pH <= 0.000))
",-9999999.000,-9999999.000,0.000,0.000,1.000,1,0,0,9,10,0,1,9,0.1,0.0,0.0,1.0,0.1,0.9,-1
"((BUN <= 14.595) U[1,1] (Bilirubin_total >= 0.000))
",14.595,14.595,0.000,0.000,1.000,1,0,0,9,10,0,1,9,0.1,0.0,0.0,1.0,0.1,0.9,-1
"F[0,0]((Phosphate >= 0.000 & Magnesium > 0.069) -> Calcium < 2.086)
",-4697012352402122.000,-2.086,0.000,0.000,1.000,1,0,0,9,10,0,1,9,0.1,0.0,0.0,1.0,0.1,0.9,-1
"F[0,0](((O2Sat >= 24.596 | Fibrinogen <= 0.000) & MAP >= 0.000) & Creatinine <= 0.000)
",0.000,0.000,0.000,0.000,1.000,1,0,0,9,10,0,1,9,0.1,0.0,0.0,1.0,0.1,0.9,-1
"G[0,0](((Hgb <= 9.509 | Hct <= 7.156) -> WBC >= 0.608) & Platelets >= 2.294)
",-9.509,-9.509,0.000,1.000,0.000,1,0,0,9,10,0,1,9,0.1,0.0,0.0,1.0,0.1,0.9,1
"G[1,1](Temp <= 36.154 & SaO2 >= 0.000)
",0.000,0.000,0.000,1.000,0.000,1,0,0,9,10,0,1,9,0.1,0.0,0.0,1.0,0.1,0.9,1
"F[1,2]((Bilirubin_total <= 0.000 | PTT >= 0.000) -> TroponinI >= 0.000)
",-9999999.000,-9999999.000,0.000,0.000,1.000,0,0,0,10,10,0,0,10,0.0,0.0,0.0,0.0,0.0,1.0,-1
"F[0,2](Temp <= 33.798 -> SepsisLabel = 0.000)
",-9999999.000,-9999999.000,0.000,0.000,1.000,0,0,0,10,10,0,0,10,0.0,0.0,0.0,0.0,0.0,1.0,-1
"F[0,2](Phosphate < 0.000 & SepsisLabel = 0.000)
",-9999999.000,-9999999.000,0.000,0.000,1.000,0,0,0,10,10,0,0,10,0.0,0.0,0.0,0.0,0.0,1.0,-1
"F[0,0](pH >= 0.000 & SepsisLabel = 0.000)
",0.000,0.000,0.000,0.000,1.000,0,0,0,10,10,0,0,10,0.0,0.0,0.0,0.0,0.0,1.0,-1
"F[1,1](EtCO2 >= 0.000 & SepsisLabel = 0.000)
",0.000,0.000,0.000,0.000,1.000,0,0,0,10,10,0,0,10,0.0,0.0,0.0,0.0,0.0,1.0,-1
"F[0,2]((DBP <= 62.761 | SBP <= 116.758) -> PTT <= 118.500)
",-9999999.000,-9999999.000,0.000,0.000,1.000,0,0,0,10,10,0,0,10,0.0,0.0,0.0,0.0,0.0,1.0,-1
"F[0,1](Glucose > 9.760 -> SepsisLabel = 0.000)
",-9999999.000,-9999999.000,0.000,0.000,1.000,0,0,0,10,10,0,0,10,0.0,0.0,0.0,0.0,0.0,1.0,-1
"F[1,1](O2Sat <= 98.916 -> SepsisLabel = 0.000)
",-6960562683249085.000,-98.916,0.000,0.000,1.000,0,0,0,10,10,0,0,10,0.0,0.0,0.0,0.0,0.0,1.0,-1
"F[0,2]((Creatinine >= 0.014 | BaseExcess >= 0.000) & Phosphate >= 0.000)
",-9999999.000,-9999999.000,0.000,0.000,1.000,0,0,0,10,10,0,0,10,0.0,0.0,0.0,0.0,0.0,1.0,-1
"F[0,1](Magnesium < 0.190 -> SepsisLabel = 0.000)
",-9999999.000,-9999999.000,0.000,0.000,1.000,0,0,0,10,10,0,0,10,0.0,0.0,0.0,0.0,0.0,1.0,-1
"F[1,1](O2Sat >= 45.386 -> SepsisLabel = 0.000)
",0.000,0.000,0.000,0.000,1.000,0,0,0,10,10,0,0,10,0.0,0.0,0.0,0.0,0.0,1.0,-1
"F[1,1](((Magnesium >= 0.022 & Temp >= 10.596) | Chloride <= 32.995) & HR >= 18.072)
",-18.072,-18.072,0.000,0.000,1.000,0,0,0,10,10,0,0,10,0.0,0.0,0.0,0.0,0.0,1.0,-1
"F[0,2]((Calcium <= 6.396 & Hct <= 12.318) & Temp >= 0.851)
",-9999999.000,-9999999.000,0.000,0.000,1.000,0,0,0,10,10,0,0,10,0.0,0.0,0.0,0.0,0.0,1.0,-1
"((BUN <= 0.903) U[0,2] (Creatinine <= 0.412))
",-9999999.000,-9999999.000,0.000,0.000,1.000,0,0,0,10,10,0,0,10,0.0,0.0,0.0,0.0,0.0,1.0,-1
"((Creatinine <= 0.723) U[0,2] (Magnesium >= 0.017))
",-9999999.000,-9999999.000,0.000,0.000,1.000,0,0,0,10,10,0,0,10,0.0,0.0,0.0,0.0,0.0,1.0,-1
"F[1,2](Calcium <= 7.099 -> SepsisLabel = 0.000)
",-9999999.000,-9999999.000,0.000,0.000,1.000,0,0,0,10,10,0,0,10,0.0,0.0,0.0,0.0,0.0,1.0,-1
"F[0,2]((pH >= 0.000 -> HCO3 >= 0.000) | Fibrinogen >= 0.000)
",-9999999.000,-9999999.000,0.000,0.000,1.000,0,0,0,10,10,0,0,10,0.0,0.0,0.0,0.0,0.0,1.0,-1
"F[0,2](HCO3 >= 0.000 & TroponinI <= 0.000)
",-9999999.000,-9999999.000,0.000,0.000,1.000,0,0,0,10,10,0,0,10,0.0,0.0,0.0,0.0,0.0,1.0,-1
"F[0,1](((Chloride >= 0.000 & O2Sat <= 99.841) & HCO3 <= 90.573) | AST <= 89.451)
",-9999999.000,-9999999.000,0.000,0.000,1.000,0,0,0,10,10,0,0,10,0.0,0.0,0.0,0.0,0.0,1.0,-1
"F[0,2]((SepsisLabel >= 0.000 -> BUN <= 4.609) -> Temp >= 0.402)
",-9999999.000,-9999999.000,0.000,0.000,1.000,0,0,0,10,10,0,0,10,0.0,0.0,0.0,0.0,0.0,1.0,-1
"F[1,2](EtCO2 >= 0.000 | Alkalinephos <= 0.000)
",-9999999.000,-9999999.000,0.000,0.000,1.000,0,0,0,10,10,0,0,10,0.0,0.0,0.0,0.0,0.0,1.0,-1
"F[2,2](((AST <= 0.000 & O2Sat >= 68.864) & BaseExcess <= 95.724) & Bilirubin_total <= 90.368)
",-4845854435161874.000,-68.864,0.000,0.000,1.000,0,0,0,10,10,0,0,10,0.0,0.0,0.0,0.0,0.0,1.0,-1
"F[0,2](SaO2 >= 0.000 & Temp >= 19.500)
",-9999999.000,-9999999.000,0.000,0.000,1.000,0,0,0,10,10,0,0,10,0.0,0.0,0.0,0.0,0.0,1.0,-1
"F[1,2](((Bilirubin_total >= 0.000 | pH >= 0.000) & AST >= 0.000) -> SaO2 <= 0.000)
",-9999999.000,-9999999.000,0.000,0.000,1.000,0,0,0,10,10,0,0,10,0.0,0.0,0.0,0.0,0.0,1.0,-1
"F[1,2](EtCO2 <= 0.000 & Calcium <= 2.717)
",-9999999.000,-9999999.000,0.000,0.000,1.000,0,0,0,10,10,0,0,10,0.0,0.0,0.0,0.0,0.0,1.0,-1
"((Creatinine >= 0.004) U[0,2] (Lactate <= 0.000))
",-9999999.000,-9999999.000,0.000,0.000,1.000,0,0,0,10,10,0,0,10,0.0,0.0,0.0,0.0,0.0,1.0,-1
"F[0,0](((PTT >= 0.000 | pH >= 0.000) -> Calcium >= 0.000) & Chloride >= 0.000)
",0.000,0.000,0.000,0.000,1.000,0,0,0,10,10,0,0,10,0.0,0.0,0.0,0.0,0.0,1.0,-1
"F[1,1](((Resp >= 13.238 | Lactate <= 0.000) & SaO2 <= 0.000) | Fibrinogen <= 0.000)
",0.000,0.000,0.000,0.000,1.000,0,0,0,10,10,0,0,10,0.0,0.0,0.0,0.0,0.0,1.0,-1
"F[0,0]((HR <= 63.436 & Calcium >= 0.339) -> Creatinine >= 0.089)
",0.089,0.089,0.000,0.000,1.000,0,0,0,10,10,0,0,10,0.0,0.0,0.0,0.0,0.0,1.0,-1
"F[1,2](((TroponinI >= 0.000 | Resp <= 21.596) & BUN <= 15.721) & SBP <= 14.668)
",-9999999.000,-9999999.000,0.000,0.000,1.000,0,0,0,10,10,0,0,10,0.0,0.0,0.0,0.0,0.0,1.0,-1
"((Temp >= 3.775) U[1,2] (Creatinine >= 0.003))
",-9999999.000,-9999999.000,0.000,0.000,1.000,0,0,0,10,10,0,0,10,0.0,0.0,0.0,0.0,0.0,1.0,-1
"F[1,2](Glucose >= 17.940 | BaseExcess >= 0.000)
",-9999999.000,-9999999.000,0.000,0.000,1.000,0,0,0,10,10,0,0,10,0.0,0.0,0.0,0.0,0.0,1.0,-1
"F[0,0]((PaCO2 >= 0.000 -> TroponinI >= 0.000) -> Lactate <= 0.000)
",0.000,0.000,0.000,0.000,1.000,0,0,0,10,10,0,0,10,0.0,0.0,0.0,0.0,0.0,1.0,-1
"F[2,2]((Fibrinogen <= 0.000 & Creatinine >= 0.031) -> SepsisLabel >= 0.009)
",0.009,0.009,0.000,0.000,1.000,0,0,0,10,10,0,0,10,0.0,0.0,0.0,0.0,0.0,1.0,-1
"F[0,1]((Chloride >= 0.000 | SBP >= 23.469) | MAP >= 109.431)
",-9999999.000,-9999999.000,0.000,0.000,1.000,0,0,0,10,10,0,0,10,0.0,0.0,0.0,0.0,0.0,1.0,-1
"F[2,2]((Chloride <= 0.000 & FiO2 >= 0.000) -> BUN <= 0.000)
",0.000,0.000,0.000,0.000,1.000,0,0,0,10,10,0,0,10,0.0,0.0,0.0,0.0,0.0,1.0,-1
"F[1,2](((MAP <= 84.090 & PaCO2 >= 0.000) | Calcium <= 0.000) | Magnesium >= 0.000)
",-9999999.000,-9999999.000,0.000,0.000,1.000,0,0,0,10,10,0,0,10,0.0,0.0,0.0,0.0,0.0,1.0,-1
"F[0,2]((Resp >= 6.641 -> BUN <= 14.824) & Chloride >= 0.048)
",-9999999.000,-9999999.000,0.000,0.000,1.000,0,0,0,10,10,0,0,10,0.0,0.0,0.0,0.0,0.0,1.0,-1
"F[1,2](((Bilirubin_direct <= 0.000 -> Lactate >= 0.000) & Temp >= 0.000) & Bilirubin_total >= 0.000)
",-9999999.000,-9999999.000,0.000,0.000,1.000,0,0,0,10,10,0,0,10,0.0,0.0,0.0,0.0,0.0,1.0,-1
"F[0,2](Hgb >= 0.207 | HCO3 >= 0.000)
",-9999999.000,-9999999.000,0.000,0.000,1.000,0,0,0,10,10,0,0,10,0.0,0.0,0.0,0.0,0.0,1.0,-1
"F[0,1](((Hgb <= 6.709 -> FiO2 <= 0.000) -> PTT <= 0.000) -> Bilirubin_total <= 0.000)
",-9999999.000,-9999999.000,0.000,0.000,1.000,0,0,0,10,10,0,0,10,0.0,0.0,0.0,0.0,0.0,1.0,-1
"F[1,1]((TroponinI >= 0.000 | Temp <= 36.246) | SaO2 <= 32.017)
",36.246,36.246,0.000,0.000,1.000,0,0,0,10,10,0,0,10,0.0,0.0,0.0,0.0,0.0,1.0,-1
"F[1,2](FiO2 >= 0.000 | HR <= 64.510)
",-9999999.000,-9999999.000,0.000,0.000,1.000,0,0,0,10,10,0,0,10,0.0,0.0,0.0,0.0,0.0,1.0,-1
"F[0,1](Chloride >= 0.000 & PaCO2 <= 0.000)
",-9999999.000,-9999999.000,0.000,0.000,1.000,0,0,0,10,10,0,0,10,0.0,0.0,0.0,0.0,0.0,1.0,-1
"((Hgb >= 0.377) U[0,2] (O2Sat <= 98.784))
",-9999999.000,-9999999.000,0.000,0.000,1.000,0,0,0,10,10,0,0,10,0.0,0.0,0.0,0.0,0.0,1.0,-1
"G[2,2](((AST <= 0.000 -> PaCO2 >= 0.000) & MAP <= 0.000) | PTT <= 0.000)
",0.000,0.000,0.000,1.000,0.000,0,0,10,0,0,10,10,0,0.0,0.0,1.0,0.0,0.0,1.0,1
"((Lactate >= 0.000) U[0,0] (SepsisLabel = 0.000))
",0.652,34.400,0.000,0.000,1.000,0,0,0,10,10,0,0,10,0.0,0.0,0.0,0.0,0.0,1.0,-1
"F[1,1](MAP <= 76.999 | Alkalinephos >= 0.000)
",76.999,76.999,0.000,0.000,1.000,0,0,0,10,10,0,0,10,0.0,0.0,0.0,0.0,0.0,1.0,-1
"F[0,1]((Potassium <= 3.093 & AST <= 0.000) | Platelets <= 0.000)
",-9999999.000,-9999999.000,0.000,0.000,1.000,0,0,0,10,10,0,0,10,0.0,0.0,0.0,0.0,0.0,1.0,-1
"F[0,1](((SepsisLabel >= 0.000 -> Fibrinogen <= 0.000) | Alkalinephos <= 0.000) | PaCO2 >= 0.000)
",-9999999.000,-9999999.000,0.000,0.000,1.000,0,0,0,10,10,0,0,10,0.0,0.0,0.0,0.0,0.0,1.0,-1
"F[1,2](((SaO2 <= 0.000 & SBP <= 119.658) | SepsisLabel <= 110.576) & O2Sat <= 124.944)
",-9999999.000,-9999999.000,0.000,0.000,1.000,0,0,0,10,10,0,0,10,0.0,0.0,0.0,0.0,0.0,1.0,-1
"F[1,1](((PTT <= 0.000 & Platelets >= 3.068) & O2Sat >= 4.312) -> Lactate <= 34.923)
",-34.923,-34.923,0.000,0.000,1.000,0,0,0,10,10,0,0,10,0.0,0.0,0.0,0.0,0.0,1.0,-1
"F[0,1]((FiO2 >= 0.000 | SepsisLabel >= 0.000) | Calcium <= 0.000)
",-9999999.000,-9999999.000,0.000,0.000,1.000,0,0,0,10,10,0,0,10,0.0,0.0,0.0,0.0,0.0,1.0,-1
"F[1,2](((Potassium >= 0.124 & SaO2 >= 0.000) -> BaseExcess >= 0.000) & Potassium >= 0.000)
",-9999999.000,-9999999.000,0.000,0.000,1.000,0,0,0,10,10,0,0,10,0.0,0.0,0.0,0.0,0.0,1.0,-1
"F[2,2](((Hct >= 1.266 & MAP >= 44.795) | WBC >= 65.455) -> EtCO2 <= 76.608)
",-5390786672240947.000,-76.608,0.000,0.000,1.000,0,0,0,10,10,0,0,10,0.0,0.0,0.0,0.0,0.0,1.0,-1
"F[2,2](((BUN >= 0.374 -> Hgb <= 2.075) -> pH <= 7.076) & BUN >= 0.016)
",-7966620512649690.000,-7.076,0.000,0.000,1.000,0,0,0,10,10,0,0,10,0.0,0.0,0.0,0.0,0.0,1.0,-1
"F[0,2](((pH <= 0.000 -> Hgb >= 0.298) | Potassium <= 4.708) | PaCO2 >= 0.500)
",-9999999.000,-9999999.000,0.000,0.000,1.000,0,0,0,10,10,0,0,10,0.0,0.0,0.0,0.0,0.0,1.0,-1
"((Magnesium <= 0.724) U[2,2] (Phosphate <= 0.000))
",6523680994034323.000,0.724,0.000,0.000,1.000,0,0,0,10,10,0,0,10,0.0,0.0,0.0,0.0,0.0,1.0,-1
"((Resp <= 18.791) U[2,2] (WBC <= 2.875))
",18.791,18.791,0.000,0.000,1.000,0,0,0,10,10,0,0,10,0.0,0.0,0.0,0.0,0.0,1.0,-1
"((FiO2 <= 0.000) U[0,1] (EtCO2 >= 0.000))
",-9999999.000,-9999999.000,0.000,0.000,1.000,0,0,0,10,10,0,0,10,0.0,0.0,0.0,0.0,0.0,1.0,-1
"F[1,2]((HCO3 >= 0.000 | Resp <= 20.092) | WBC <= 19.520)
",-9999999.000,-9999999.000,0.000,0.000,1.000,0,0,0,10,10,0,0,10,0.0,0.0,0.0,0.0,0.0,1.0,-1
"F[0,2]((Hct >= 1.288 | BaseExcess >= 0.000) | Lactate >= 0.000)
",-9999999.000,-9999999.000,0.000,0.000,1.000,0,0,0,10,10,0,0,10,0.0,0.0,0.0,0.0,0.0,1.0,-1
"F[1,2](O2Sat <= 93.351 | Creatinine >= 0.009)
",-9999999.000,-9999999.000,0.000,0.000,1.000,0,0,0,10,10,0,0,10,0.0,0.0,0.0,0.0,0.0,1.0,-1
"F[1,2]((Creatinine <= 0.122 & Chloride >= 0.000) & BUN <= 0.000)
",-9999999.000,-9999999.000,0.000,0.000,1.000,0,0,0,10,10,0,0,10,0.0,0.0,0.0,0.0,0.0,1.0,-1
"F[1,2](((O2Sat >= 64.060 & WBC >= 0.130) -> Hct >= 0.384) & Temp >= 0.429)
",-9999999.000,-9999999.000,0.000,0.000,1.000,0,0,0,10,10,0,0,10,0.0,0.0,0.0,0.0,0.0,1.0,-1
"((Temp <= 31.826) U[0,2] (DBP >= 26.619))
",-9999999.000,-9999999.000,0.000,0.000,1.000,0,0,0,10,10,0,0,10,0.0,0.0,0.0,0.0,0.0,1.0,-1
"((Potassium >= 0.086) U[1,2] (Creatinine >= 0.017))
",-9999999.000,-9999999.000,0.000,0.000,1.000,0,0,0,10,10,0,0,10,0.0,0.0,0.0,0.0,0.0,1.0,-1
"F[2,2](((HR <= 68.229 | FiO2 >= 0.000) | Platelets <= 0.000) | SBP <= 0.000)
",68.229,68.229,0.000,0.000,1.000,0,0,0,10,10,0,0,10,0.0,0.0,0.0,0.0,0.0,1.0,-1
"((Calcium <= 3.159) U[2,2] (Phosphate <= 0.000))
",7112945281462018.000,3.159,0.000,0.000,1.000,0,0,0,10,10,0,0,10,0.0,0.0,0.0,0.0,0.0,1.0,-1
"F[0,1](HCO3 >= 0.000 | Hgb >= 0.357)
",-9999999.000,-9999999.000,0.000,0.000,1.000,0,0,0,10,10,0,0,10,0.0,0.0,0.0,0.0,0.0,1.0,-1
"F[0,1]((FiO2 >= 0.000 -> HR >= 57.225) & Bilirubin_direct <= 59.070)
",-9999999.000,-9999999.000,0.000,0.000,1.000,0,0,0,10,10,0,0,10,0.0,0.0,0.0,0.0,0.0,1.0,-1
"F[0,1]((SBP >= 109.029 | Resp <= 16.831) & Glucose <= 19.202)
",-9999999.000,-9999999.000,0.000,0.000,1.000,0,0,0,10,10,0,0,10,0.0,0.0,0.0,0.0,0.0,1.0,-1
"F[0,2](((Magnesium <= 0.204 | EtCO2 >= 0.000) | PTT >= 0.000) -> AST >= 0.000)
",-9999999.000,-9999999.000,0.000,0.000,1.000,0,0,0,10,10,0,0,10,0.0,0.0,0.0,0.0,0.0,1.0,-1
"F[0,1](((Potassium <= 2.026 -> pH >= 0.000) | HR >= 0.000) -> Hgb >= 0.000)
",-9999999.000,-9999999.000,0.000,0.000,1.000,0,0,0,10,10,0,0,10,0.0,0.0,0.0,0.0,0.0,1.0,-1
"F[2,2]((Hgb <= 4.295 -> Creatinine >= 0.025) -> FiO2 >= 0.003)
",0.003,0.003,0.000,0.000,1.000,0,0,0,10,10,0,0,10,0.0,0.0,0.0,0.0,0.0,1.0,-1
"F[1,2](SaO2 <= 0.000 | Potassium >= 0.121)
",-9999999.000,-9999999.000,0.000,0.000,1.000,0,0,0,10,10,0,0,10,0.0,0.0,0.0,0.0,0.0,1.0,-1
"F[1,2](((Temp <= 36.667 -> DBP <= 62.418) -> Alkalinephos <= 55.954) -> WBC >= 3.935)
",-9999999.000,-9999999.000,0.000,0.000,1.000,0,0,0,10,10,0,0,10,0.0,0.0,0.0,0.0,0.0,1.0,-1
"F[2,2](((HCO3 >= 0.000 -> Hgb >= 0.091) & FiO2 <= 9.733) -> HCO3 >= 0.168)
",0.000,0.000,0.000,0.000,1.000,0,0,0,10,10,0,0,10,0.0,0.0,0.0,0.0,0.0,1.0,-1
"((Potassium >= 0.219) U[0,2] (TroponinI <= 0.000))
",-9999999.000,-9999999.000,0.000,0.000,1.000,0,0,0,10,10,0,0,10,0.0,0.0,0.0,0.0,0.0,1.0,-1
"F[0,2]((pH <= 0.000 -> Resp <= 19.798) & BaseExcess <= 20.684)
",-9999999.000,-9999999.000,0.000,0.000,1.000,0,0,0,10,10,0,0,10,0.0,0.0,0.0,0.0,0.0,1.0,-1
"F[0,1]((PaCO2 <= 0.000 & TroponinI >= 0.000) -> Calcium <= 0.000)
",-9999999.000,-9999999.000,0.000,0.000,1.000,0,0,0,10,10,0,0,10,0.0,0.0,0.0,0.0,0.0,1.0,-1
"F[0,2](((SaO2 >= 0.000 & BaseExcess <= 0.000) & AST >= 0.000) | Phosphate >= 0.000)
",-9999999.000,-9999999.000,0.000,0.000,1.000,0,0,0,10,10,0,0,10,0.0,0.0,0.0,0.0,0.0,1.0,-1
"F[0,2](Bilirubin_total <= 0.000 | O2Sat >= 26.252)
",-9999999.000,-9999999.000,0.000,0.000,1.000,0,0,0,10,10,0,0,10,0.0,0.0,0.0,0.0,0.0,1.0,-1
"F[0,2](FiO2 <= 0.000 -> AST >= 0.000)
",-9999999.000,-9999999.000,0.000,0.000,1.000,0,0,0,10,10,0,0,10,0.0,0.0,0.0,0.0,0.0,1.0,-1
"F[0,2](WBC >= 0.595 -> BaseExcess >= 0.000)
",-9999999.000,-9999999.000,0.000,0.000,1.000,0,0,0,10,10,0,0,10,0.0,0.0,0.0,0.0,0.0,1.0,-1
"((Calcium <= 5.691) U[0,2] (PTT >= 0.000))
",-9999999.000,-9999999.000,0.000,0.000,1.000,0,0,0,10,10,0,0,10,0.0,0.0,0.0,0.0,0.0,1.0,-1
"F[0,0]((Temp <= 33.872 & BaseExcess <= 0.000) | Calcium >= 0.000)
",0.000,0.000,0.000,0.000,1.000,0,0,0,10,10,0,0,10,0.0,0.0,0.0,0.0,0.0,1.0,-1
"F[1,2]((Calcium >= 0.132 & PTT >= 0.000) & AST <= 0.000)
",-9999999.000,-9999999.000,0.000,0.000,1.000,0,0,0,10,10,0,0,10,0.0,0.0,0.0,0.0,0.0,1.0,-1
"F[0,1]((BUN >= 0.039 -> WBC <= 11.243) | PTT >= 0.175)
",-9999999.000,-9999999.000,0.000,0.000,1.000,0,0,0,10,10,0,0,10,0.0,0.0,0.0,0.0,0.0,1.0,-1
"F[1,1]((SepsisLabel >= 0.000 | Creatinine >= 0.019) | Bilirubin_total >= 0.036)
",0.000,0.000,0.000,0.000,1.000,0,0,0,10,10,0,0,10,0.0,0.0,0.0,0.0,0.0,1.0,-1
"((Creatinine >= 0.025) U[2,2] (Glucose <= 118.647))
",8349024928402506.000,118.647,0.000,0.000,1.000,0,0,0,10,10,0,0,10,0.0,0.0,0.0,0.0,0.0,1.0,-1
"F[1,2](((Calcium <= 3.754 & Fibrinogen >= 0.000) | Potassium >= 0.000) -> DBP <= 0.000)
",-9999999.000,-9999999.000,0.000,0.000,1.000,0,0,0,10,10,0,0,10,0.0,0.0,0.0,0.0,0.0,1.0,-1
"F[0,2](((DBP <= 52.103 -> Fibrinogen <= 0.000) | MAP >= 0.000) | Fibrinogen >= 0.000)
",-9999999.000,-9999999.000,0.000,0.000,1.000,0,0,0,10,10,0,0,10,0.0,0.0,0.0,0.0,0.0,1.0,-1
"F[0,2](((Magnesium >= 0.023 | Hct <= 15.195) -> Hgb <= 8.507) | AST <= 8.897)
",-9999999.000,-9999999.000,0.000,0.000,1.000,0,0,0,10,10,0,0,10,0.0,0.0,0.0,0.0,0.0,1.0,-1
"F[0,0](((Creatinine <= 0.462 & O2Sat >= 2.115) & Bilirubin_direct <= 96.930) | Potassium <= 89.464)
",89.464,89.464,0.000,0.000,1.000,0,0,0,10,10,0,0,10,0.0,0.0,0.0,0.0,0.0,1.0,-1
"((SBP > 25.729) U[0,2] (SepsisLabel = 0.000))
",-9999999.000,-9999999.000,0.000,0.000,1.000,0,0,0,10,10,0,0,10,0.0,0.0,0.0,0.0,0.0,1.0,-1
"F[0,1](MAP > 32.317 & SepsisLabel = 0.000)
",-9999999.000,-9999999.000,0.000,0.000,1.000,0,0,0,10,10,0,0,10,0.0,0.0,0.0,0.0,0.0,1.0,-1
"F[1,2]((SaO2 <= 0.000 | SaO2 >= 0.000) -> SBP <= 0.000)
",-9999999.000,-9999999.000,0.000,0.000,1.000,0,0,0,10,10,0,0,10,0.0,0.0,0.0,0.0,0.0,1.0,-1
"((Platelets >= 1.578) U[0,2] (Hgb <= 1.353))
",-9999999.000,-9999999.000,0.000,0.000,1.000,0,0,0,10,10,0,0,10,0.0,0.0,0.0,0.0,0.0,1.0,-1
"F[0,2](((Calcium >= 0.028 -> O2Sat <= 89.390) & Alkalinephos <= 97.200) & Potassium <= 93.356)
",-9999999.000,-9999999.000,0.000,0.000,1.000,0,0,0,10,10,0,0,10,0.0,0.0,0.0,0.0,0.0,1.0,-1
"F[0,1]((Hgb <= 6.786 -> PaCO2 >= 0.000) & FiO2 >= 0.000)
",-9999999.000,-9999999.000,0.000,0.000,1.000,0,0,0,10,10,0,0,10,0.0,0.0,0.0,0.0,0.0,1.0,-1
"((MAP >= 66.164) U[0,1] (Magnesium <= 0.102))
",-9999999.000,-9999999.000,0.000,0.000,1.000,0,0,0,10,10,0,0,10,0.0,0.0,0.0,0.0,0.0,1.0,-1
"F[0,0](((FiO2 >= 0.000 -> DBP <= 63.485) -> SepsisLabel >= 19.109) -> MAP >= 18.957)
",-3.693,-97.600,0.000,0.000,1.000,0,0,0,10,10,0,0,10,0.0,0.0,0.0,0.0,0.0,1.0,-1
"F[0,1](((pH <= 0.000 | FiO2 >= 0.000) | FiO2 <= 0.000) | PTT <= 0.000)
",-9999999.000,-9999999.000,0.000,0.000,1.000,0,0,0,10,10,0,0,10,0.0,0.0,0.0,0.0,0.0,1.0,-1
"((EtCO2 >= 0.000) U[1,2] (PaCO2 <= 0.000))
",-9999999.000,-9999999.000,0.000,0.000,1.000,0,0,0,10,10,0,0,10,0.0,0.0,0.0,0.0,0.0,1.0,-1
"F[1,1](((Resp >= 6.266 & PaCO2 <= 0.000) | Magnesium >= 0.000) -> O2Sat >= 0.000)
",0.000,0.000,0.000,0.000,1.000,0,0,0,10,10,0,0,10,0.0,0.0,0.0,0.0,0.0,1.0,-1
"F[0,2](((BaseExcess <= 0.000 | Calcium >= 0.030) -> Fibrinogen <= 6.363) & BaseExcess >= 0.305)
",-9999999.000,-9999999.000,0.000,0.000,1.000,0,0,0,10,10,0,0,10,0.0,0.0,0.0,0.0,0.0,1.0,-1
"F[0,2](((TroponinI <= 0.000 | Hct <= 14.862) & Temp >= 0.929) -> Calcium <= 24.136)
",-9999999.000,-9999999.000,0.000,0.000,1.000,0,0,0,10,10,0,0,10,0.0,0.0,0.0,0.0,0.0,1.0,-1
"F[2,2]((Calcium <= 3.607 & MAP >= 45.113) & SepsisLabel <= 79.714)
",-45.113,-45.113,0.000,0.000,1.000,0,0,0,10,10,0,0,10,0.0,0.0,0.0,0.0,0.0,1.0,-1
"F[0,2](((EtCO2 <= 0.000 -> AST >= 0.000) & DBP >= 0.000) -> SBP >= 0.000)
",-9999999.000,-9999999.000,0.000,0.000,1.000,0,0,0,10,10,0,0,10,0.0,0.0,0.0,0.0,0.0,1.0,-1
"F[0,2](((Potassium <= 0.503 -> BUN >= 0.381) & Glucose >= 0.156) | DBP <= 7.820)
",-9999999.000,-9999999.000,0.000,0.000,1.000,0,0,0,10,10,0,0,10,0.0,0.0,0.0,0.0,0.0,1.0,-1
"F[1,2](Potassium <= 2.651 | Resp <= 16.709)
",-9999999.000,-9999999.000,0.000,0.000,1.000,0,0,0,10,10,0,0,10,0.0,0.0,0.0,0.0,0.0,1.0,-1
"F[1,2](((Creatinine >= 0.024 -> O2Sat >= 34.027) & Calcium <= 97.197) & Potassium <= 91.205)
",-9999999.000,-9999999.000,0.000,0.000,1.000,0,0,0,10,10,0,0,10,0.0,0.0,0.0,0.0,0.0,1.0,-1
"((DBP <= 63.231) U[0,2] (Bilirubin_direct >= 0.000))
",-9999999.000,-9999999.000,0.000,0.000,1.000,0,0,0,10,10,0,0,10,0.0,0.0,0.0,0.0,0.0,1.0,-1
"F[2,2]((MAP >= 39.810 | Chloride <= 0.000) & pH <= 0.000)
",0.000,0.000,0.000,0.000,1.000,0,0,0,10,10,0,0,10,0.0,0.0,0.0,0.0,0.0,1.0,-1
"F[0,2](EtCO2 <= 0.000 & SepsisLabel = 0.000)
",-9999999.000,-9999999.000,0.000,0.000,1.000,0,0,0,10,10,0,0,10,0.0,0.0,0.0,0.0,0.0,1.0,-1
"((TroponinI >= 0.000) U[0,1] (FiO2 >= 0.000))
",-9999999.000,-9999999.000,0.000,0.000,1.000,0,0,0,10,10,0,0,10,0.0,0.0,0.0,0.0,0.0,1.0,-1
"F[0,1]((TroponinI <= 0.000 | BUN <= 2.304) | FiO2 <= 9.983)
",-9999999.000,-9999999.000,0.000,0.000,1.000,0,0,0,10,10,0,0,10,0.0,0.0,0.0,0.0,0.0,1.0,-1
"F[1,2](PaCO2 <= 0.000 -> HCO3 >= 0.000)
",-9999999.000,-9999999.000,0.000,0.000,1.000,0,0,0,10,10,0,0,10,0.0,0.0,0.0,0.0,0.0,1.0,-1
"F[1,2]((HR <= 65.118 -> Creatinine <= 0.621) | Resp >= 0.019)
",-9999999.000,-9999999.000,0.000,0.000,1.000,0,0,0,10,10,0,0,10,0.0,0.0,0.0,0.0,0.0,1.0,-1
"F[1,1](((HCO3 >= 0.000 | Bilirubin_direct >= 0.000) -> Lactate <= 0.000) | Chloride >= 0.000)
",0.000,0.000,0.000,0.000,1.000,0,0,0,10,10,0,0,10,0.0,0.0,0.0,0.0,0.0,1.0,-1
"((Potassium <= 2.563) U[0,2] (Alkalinephos <= 0.000))
",-9999999.000,-9999999.000,0.000,0.000,1.000,0,0,0,10,10,0,0,10,0.0,0.0,0.0,0.0,0.0,1.0,-1
"F[2,2](Potassium >= 0.178 & SaO2 >= 0.000)
",-6424323956620194.000,-0.178,0.000,0.000,1.000,0,0,0,10,10,0,0,10,0.0,0.0,0.0,0.0,0.0,1.0,-1
"F[1,2](Hgb <= 4.459 -> BaseExcess <= 0.000)
",-9999999.000,-9999999.000,0.000,0.000,1.000,0,0,0,10,10,0,0,10,0.0,0.0,0.0,0.0,0.0,1.0,-1
"F[0,1]((Potassium >= 0.265 | HR >= 19.027) & PTT <= 68.982)
",-9999999.000,-9999999.000,0.000,0.000,1.000,0,0,0,10,10,0,0,10,0.0,0.0,0.0,0.0,0.0,1.0,-1
"((MAP >= 47.852) U[0,1] (EtCO2 <= 0.000))
",-9999999.000,-9999999.000,0.000,0.000,1.000,0,0,0,10,10,0,0,10,0.0,0.0,0.0,0.0,0.0,1.0,-1
"F[1,2]((MAP >= 0.570 & Phosphate <= 0.000) & Lactate <= 0.000)
",-9999999.000,-9999999.000,0.000,0.000,1.000,0,0,0,10,10,0,0,10,0.0,0.0,0.0,0.0,0.0,1.0,-1
"F[0,2](((BUN <= 7.107 | Hct <= 29.678) | HCO3 <= 27.248) | Glucose <= 24.940)
",-9999999.000,-9999999.000,0.000,0.000,1.000,0,0,0,10,10,0,0,10,0.0,0.0,0.0,0.0,0.0,1.0,-1
"F[0,1]((WBC >= 0.365 | Hgb >= 0.028) -> pH >= 0.388)
",-9999999.000,-9999999.000,0.000,0.000,1.000,0,0,0,10,10,0,0,10,0.0,0.0,0.0,0.0,0.0,1.0,-1
"F[0,1](((SBP >= 63.724 | PaCO2 >= 0.000) | HCO3 >= 0.000) -> pH >= 0.000)
",-9999999.000,-9999999.000,0.000,0.000,1.000,0,0,0,10,10,0,0,10,0.0,0.0,0.0,0.0,0.0,1.0,-1
"((Bilirubin_direct <= 0.000) U[1,2] (Glucose >= 31.330))
",-9999999.000,-9999999.000,0.000,0.000,1.000,0,0,0,10,10,0,0,10,0.0,0.0,0.0,0.0,0.0,1.0,-1
"F[0,2](DBP >= 23.680 -> Hct <= 23.205)
",-9999999.000,-9999999.000,0.000,0.000,1.000,0,0,0,10,10,0,0,10,0.0,0.0,0.0,0.0,0.0,1.0,-1
"F[0,2](((Platelets <= 60.383 & SBP >= 49.680) & Fibrinogen <= 134.162) | DBP <= 111.316)
",-9999999.000,-9999999.000,0.000,0.000,1.000,0,0,0,10,10,0,0,10,0.0,0.0,0.0,0.0,0.0,1.0,-1
"F[0,2]((Hct >= 0.079 | SBP >= 109.025) | Chloride >= 11.789)
",-9999999.000,-9999999.000,0.000,0.000,1.000,0,0,0,10,10,0,0,10,0.0,0.0,0.0,0.0,0.0,1.0,-1
"F[1,1](((WBC <= 9.468 & Calcium <= 1.547) -> Phosphate >= 0.357) -> Hct <= 4.964)
",-4.964,-4.964,0.000,0.000,1.000,0,0,0,10,10,0,0,10,0.0,0.0,0.0,0.0,0.0,1.0,-1
"F[0,1]((TroponinI <= 0.000 -> Glucose <= 103.819) | Magnesium >= 32.010)
",-9999999.000,-9999999.000,0.000,0.000,1.000,0,0,0,10,10,0,0,10,0.0,0.0,0.0,0.0,0.0,1.0,-1
"((Creatinine <= 0.706) U[0,2] (Temp <= 32.235))
",-9999999.000,-9999999.000,0.000,0.000,1.000,0,0,0,10,10,0,0,10,0.0,0.0,0.0,0.0,0.0,1.0,-1
"F[2,2](((PTT <= 0.000 | Calcium >= 0.213) & Alkalinephos <= 6.283) -> Bilirubin_direct >= 0.120)
",0.000,0.000,0.000,0.000,1.000,0,0,0,10,10,0,0,10,0.0,0.0,0.0,0.0,0.0,1.0,-1
"F[1,2](TroponinI <= 0.000 -> Potassium <= 3.007)
",-9999999.000,-9999999.000,0.000,0.000,1.000,0,0,0,10,10,0,0,10,0.0,0.0,0.0,0.0,0.0,1.0,-1
"F[0,1]((Lactate <= 0.000 -> AST <= 0.000) | pH <= 0.000)
",-9999999.000,-9999999.000,0.000,0.000,1.000,0,0,0,10,10,0,0,10,0.0,0.0,0.0,0.0,0.0,1.0,-1
"F[0,2]((Phosphate <= 0.000 -> AST <= 0.000) | EtCO2 >= 0.000)
",-9999999.000,-9999999.000,0.000,0.000,1.000,0,0,0,10,10,0,0,10,0.0,0.0,0.0,0.0,0.0,1.0,-1
"F[1,2](AST <= 0.000 -> Magnesium >= 0.008)
",-9999999.000,-9999999.000,0.000,0.000,1.000,0,0,0,10,10,0,0,10,0.0,0.0,0.0,0.0,0.0,1.0,-1
"F[1,1](((SBP <= 132.006 & WBC <= 5.773) | Platelets <= 11.875) -> AST <= 10.161)
",-6685063029972266.000,-11.875,0.000,0.000,1.000,0,0,0,10,10,0,0,10,0.0,0.0,0.0,0.0,0.0,1.0,-1
"((Magnesium <= 0.973) U[0,1] (Lactate <= 0.000))
",-9999999.000,-9999999.000,0.000,0.000,1.000,0,0,0,10,10,0,0,10,0.0,0.0,0.0,0.0,0.0,1.0,-1
"F[0,1]((SaO2 <= 0.000 -> O2Sat >= 34.601) & Bilirubin_total <= 92.330)
",-9999999.000,-9999999.000,0.000,0.000,1.000,0,0,0,10,10,0,0,10,0.0,0.0,0.0,0.0,0.0,1.0,-1
"((Potassium <= 1.275) U[0,2] (FiO2 <= 0.000))
",-9999999.000,-9999999.000,0.000,0.000,1.000,0,0,0,10,10,0,0,10,0.0,0.0,0.0,0.0,0.0,1.0,-1
"F[0,0](((SBP <= 121.209 -> PaCO2 <= 0.000) -> SaO2 >= 0.000) & Resp >= 0.000)
",0.000,0.000,0.000,0.000,1.000,0,0,0,10,10,0,0,10,0.0,0.0,0.0,0.0,0.0,1.0,-1
"F[0,2](TroponinI <= 0.000 | Potassium <= 3.175)
",-9999999.000,-9999999.000,0.000,0.000,1.000,0,0,0,10,10,0,0,10,0.0,0.0,0.0,0.0,0.0,1.0,-1
"F[1,2](((EtCO2 <= 0.000 & HR <= 66.002) -> MAP >= 12.111) -> Alkalinephos <= 59.396)
",-9999999.000,-9999999.000,0.000,0.000,1.000,0,0,0,10,10,0,0,10,0.0,0.0,0.0,0.0,0.0,1.0,-1
"F[1,2]((EtCO2 <= 0.000 & Alkalinephos >= 0.000) -> Potassium <= 0.000)
",-9999999.000,-9999999.000,0.000,0.000,1.000,0,0,0,10,10,0,0,10,0.0,0.0,0.0,0.0,0.0,1.0,-1
"F[0,2]((Creatinine >= 0.025 & MAP <= 87.804) -> FiO2 >= 19.414)
",-9999999.000,-9999999.000,0.000,0.000,1.000,0,0,0,10,10,0,0,10,0.0,0.0,0.0,0.0,0.0,1.0,-1
"F[0,1](Calcium <= 1.369 | MAP <= 78.547)
",-9999999.000,-9999999.000,0.000,0.000,1.000,0,0,0,10,10,0,0,10,0.0,0.0,0.0,0.0,0.0,1.0,-1
"F[2,2](Hgb >= 0.093 & MAP >= 48.148)
",-48.148,-48.148,0.000,0.000,1.000,0,0,0,10,10,0,0,10,0.0,0.0,0.0,0.0,0.0,1.0,-1
"F[0,2]((Glucose >= 2.613 & Temp <= 31.140) & Platelets >= 8.453)
",-9999999.000,-9999999.000,0.000,0.000,1.000,0,0,0,10,10,0,0,10,0.0,0.0,0.0,0.0,0.0,1.0,-1
"F[1,2]((Hct >= 0.502 & HR <= 65.191) & WBC >= 56.807)
",-9999999.000,-9999999.000,0.000,0.000,1.000,0,0,0,10,10,0,0,10,0.0,0.0,0.0,0.0,0.0,1.0,-1
"F[1,2]((HR <= 59.227 -> Platelets >= 5.525) & BUN <= 60.130)
",-9999999.000,-9999999.000,0.000,0.000,1.000,0,0,0,10,10,0,0,10,0.0,0.0,0.0,0.0,0.0,1.0,-1
"F[0,1](((HR <= 58.200 | Magnesium <= 0.412) | Glucose <= 0.095) | Magnesium >= 0.011)
",-9999999.000,-9999999.000,0.000,0.000,1.000,0,0,0,10,10,0,0,10,0.0,0.0,0.0,0.0,0.0,1.0,-1
"((Temp >= 9.233) U[0,1] (WBC <= 11.705))
",-9999999.000,-9999999.000,0.000,0.000,1.000,0,0,0,10,10,0,0,10,0.0,0.0,0.0,0.0,0.0,1.0,-1
"F[0,2](((Platelets <= 89.090 & Temp >= 4.539) & HCO3 >= 14.004) & AST >= 17.602)
",-9999999.000,-9999999.000,0.000,0.000,1.000,0,0,0,10,10,0,0,10,0.0,0.0,0.0,0.0,0.0,1.0,-1
"F[0,1](((O2Sat <= 97.315 | Potassium >= 0.153) & TroponinI <= 3.888) | pH <= 1.155)
",-9999999.000,-9999999.000,0.000,0.000,1.000,0,0,0,10,10,0,0,10,0.0,0.0,0.0,0.0,0.0,1.0,-1
"F[0,2](((Potassium >= 0.254 -> SBP >= 26.387) & FiO2 <= 128.308) -> Glucose <= 122.986)
",-9999999.000,-9999999.000,0.000,0.000,1.000,0,0,0,10,10,0,0,10,0.0,0.0,0.0,0.0,0.0,1.0,-1
"F[0,1](((Fibrinogen <= 0.000 & Calcium >= 0.228) | HR <= 1.726) -> BaseExcess <= 6.105)
",-9999999.000,-9999999.000,0.000,0.000,1.000,0,0,0,10,10,0,0,10,0.0,0.0,0.0,0.0,0.0,1.0,-1
"F[1,2]((Hct <= 8.868 | O2Sat <= 93.290) & WBC <= 86.462)
",-9999999.000,-9999999.000,0.000,0.000,1.000,0,0,0,10,10,0,0,10,0.0,0.0,0.0,0.0,0.0,1.0,-1
"F[2,2]((MAP <= 72.348 | Potassium >= 0.356) -> PTT >= 0.337)
",-72.348,-72.348,0.000,0.000,1.000,0,0,0,10,10,0,0,10,0.0,0.0,0.0,0.0,0.0,1.0,-1
"F[0,1](((Hgb >= 0.080 -> SBP <= 121.639) | DBP >= 11.947) | AST >= 85.153)
",-9999999.000,-9999999.000,0.000,0.000,1.000,0,0,0,10,10,0,0,10,0.0,0.0,0.0,0.0,0.0,1.0,-1
"F[0,2](Magnesium >= 0.042 & SBP <= 130.934)
",-9999999.000,-9999999.000,0.000,0.000,1.000,0,0,0,10,10,0,0,10,0.0,0.0,0.0,0.0,0.0,1.0,-1
"((pH <= 0.000) U[0,1] (Platelets <= 84.485))
",-9999999.000,-9999999.000,0.000,0.000,1.000,0,0,0,10,10,0,0,10,0.0,0.0,0.0,0.0,0.0,1.0,-1
"F[0,2]((Magnesium >= 0.058 & Chloride <= 0.000) -> Glucose <= 0.000)
",-9999999.000,-9999999.000,0.000,0.000,1.000,0,0,0,10,10,0,0,10,0.0,0.0,0.0,0.0,0.0,1.0,-1
"((Alkalinephos <= 0.000) U[2,2] (Resp >= 11.880))
",0.000,0.000,0.000,0.000,1.000,0,0,0,10,10,0,0,10,0.0,0.0,0.0,0.0,0.0,1.0,-1
"F[1,2](Hgb <= 3.931 | Hct <= 8.420)
",-9999999.000,-9999999.000,0.000,0.000,1.000,0,0,0,10,10,0,0,10,0.0,0.0,0.0,0.0,0.0,1.0,-1
"F[1,2]((MAP <= 79.793 & Temp >= 30.537) -> Phosphate <= 32.801)
",-9999999.000,-9999999.000,0.000,0.000,1.000,0,0,0,10,10,0,0,10,0.0,0.0,0.0,0.0,0.0,1.0,-1
"F[2,2](((DBP >= 33.832 & O2Sat <= 99.908) & AST <= 90.918) & Bilirubin_direct >= 58.717)
",-8263646054739562.000,-58.717,0.000,0.000,1.000,0,0,0,10,10,0,0,10,0.0,0.0,0.0,0.0,0.0,1.0,-1
"F[0,0]((MAP <= 88.787 | O2Sat >= 81.383) | Fibrinogen >= 15.590)
",-0.134,-4.149,0.000,0.000,1.000,0,0,0,10,10,0,0,10,0.0,0.0,0.0,0.0,0.0,1.0,-1
"F[0,2](DBP > 5.144 & SepsisLabel = 0.000)
",-9999999.000,-9999999.000,0.000,0.000,1.000,0,0,0,10,10,0,0,10,0.0,0.0,0.0,0.0,0.0,1.0,-1
"F[1,2](Temp <= 31.987 & SepsisLabel = 0.000)
",-9999999.000,-9999999.000,0.000,0.000,1.000,0,0,0,10,10,0,0,10,0.0,0.0,0.0,0.0,0.0,1.0,-1
"F[1,2](Platelets < 87.833 -> SepsisLabel = 0.000)
",-9999999.000,-9999999.000,0.000,0.000,1.000,0,0,0,10,10,0,0,10,0.0,0.0,0.0,0.0,0.0,1.0,-1
"F[0,1](Hgb <= 3.507 | Hct <= 20.525)
",-9999999.000,-9999999.000,0.000,0.000,1.000,0,0,0,10,10,0,0,10,0.0,0.0,0.0,0.0,0.0,1.0,-1
"((AST < 0.000) U[0,1] (SepsisLabel = 0.000))
",-9999999.000,-9999999.000,0.000,0.000,1.000,0,0,0,10,10,0,0,10,0.0,0.0,0.0,0.0,0.0,1.0,-1
"F[0,1]((Phosphate >= 0.000 & Magnesium > 0.061) -> Calcium < 7.863)
",-9999999.000,-9999999.000,0.000,0.000,1.000,0,0,0,10,10,0,0,10,0.0,0.0,0.0,0.0,0.0,1.0,-1
"F[0,2]((Calcium <= 2.091 & Potassium <= 1.937) & Magnesium >= 0.042)
",-9999999.000,-9999999.000,0.000,0.000,1.000,0,0,0,10,10,0,0,10,0.0,0.0,0.0,0.0,0.0,1.0,-1
"F[2,2](Hgb <= 1.614 | Hct <= 21.302)
",21.302,21.302,0.000,0.000,1.000,0,0,0,10,10,0,0,10,0.0,0.0,0.0,0.0,0.0,1.0,-1
"((MAP >= 50.960) U[0,2] (SBP <= 122.580))
",-9999999.000,-9999999.000,0.000,0.000,1.000,0,0,0,10,10,0,0,10,0.0,0.0,0.0,0.0,0.0,1.0,-1
"F[1,2]((Phosphate >= 0.000 & Magnesium > 0.067) -> Calcium < 2.513)
",-9999999.000,-9999999.000,0.000,0.000,1.000,0,0,0,10,10,0,0,10,0.0,0.0,0.0,0.0,0.0,1.0,-1
"F[1,2](((Calcium < 6.214 & Potassium < 1.595) & Magnesium < 1.196) & Phosphate < 0.000)
",-9999999.000,-9999999.000,0.000,0.000,1.000,0,0,0,10,10,0,0,10,0.0,0.0,0.0,0.0,0.0,1.0,-1
"F[0,1](DBP >= 27.030 | Temp <= 31.457)
",-9999999.000,-9999999.000,0.000,0.000,1.000,0,0,0,10,10,0,0,10,0.0,0.0,0.0,0.0,0.0,1.0,-1
"F[0,2]((BUN <= 3.483 | Potassium <= 3.039) & Bilirubin_direct >= 0.317)
",-9999999.000,-9999999.000,0.000,0.000,1.000,0,0,0,10,10,0,0,10,0.0,0.0,0.0,0.0,0.0,1.0,-1
"F[0,2](HR <= 61.170 | Resp >= 4.555)
",-9999999.000,-9999999.000,0.000,0.000,1.000,0,0,0,10,10,0,0,10,0.0,0.0,0.0,0.0,0.0,1.0,-1
"F[1,2]((Resp <= 20.469 -> SBP >= 36.861) | HCO3 <= 129.642)
",-9999999.000,-9999999.000,0.000,0.000,1.000,0,0,0,10,10,0,0,10,0.0,0.0,0.0,0.0,0.0,1.0,-1
"((HR >= 7.998) U[0,1] (O2Sat >= 37.462))
",-9999999.000,-9999999.000,0.000,0.000,1.000,0,0,0,10,10,0,0,10,0.0,0.0,0.0,0.0,0.0,1.0,-1
"F[2,2](((DBP <= 62.817 -> Resp <= 19.962) & Hgb >= 13.595) | PTT >= 6.900)
",-6.900,-6.900,0.000,0.000,1.000,0,0,0,10,10,0,0,10,0.0,0.0,0.0,0.0,0.0,1.0,-1
"F[0,1]((Glucose >= 32.619 -> Hct >= 0.434) -> Hct <= 19.466)
",-9999999.000,-9999999.000,0.000,0.000,1.000,0,0,0,10,10,0,0,10,0.0,0.0,0.0,0.0,0.0,1.0,-1
"F[1,2](Calcium <= 1.988 | Glucose >= 14.537)
",-9999999.000,-9999999.000,0.000,0.000,1.000,0,0,0,10,10,0,0,10,0.0,0.0,0.0,0.0,0.0,1.0,-1
"F[1,2]((BUN >= 0.189 & Glucose >= 33.599) | pH >= 6.215)
",-9999999.000,-9999999.000,0.000,0.000,1.000,0,0,0,10,10,0,0,10,0.0,0.0,0.0,0.0,0.0,1.0,-1
"F[0,2](Glucose <= 109.745 -> MAP <= 80.932)
",-9999999.000,-9999999.000,0.000,0.000,1.000,0,0,0,10,10,0,0,10,0.0,0.0,0.0,0.0,0.0,1.0,-1
"F[0,2](((DBP <= 56.460 & Glucose >= 0.017) & Alkalinephos >= 25.127) & Bilirubin_total >= 13.269)
",-9999999.000,-9999999.000,0.000,0.000,1.000,0,0,0,10,10,0,0,10,0.0,0.0,0.0,0.0,0.0,1.0,-1
"((Glucose <= 108.697) U[0,2] (SBP <= 129.506))
",-9999999.000,-9999999.000,0.000,0.000,1.000,0,0,0,10,10,0,0,10,0.0,0.0,0.0,0.0,0.0,1.0,-1
"((Glucose >= 31.655) U[0,2] (Resp >= 5.998))
",-9999999.000,-9999999.000,0.000,0.000,1.000,0,0,0,10,10,0,0,10,0.0,0.0,0.0,0.0,0.0,1.0,-1
"F[0,1]((Resp >= 0.879 | Temp >= 23.279) -> WBC <= 31.559)
",-9999999.000,-9999999.000,0.000,0.000,1.000,0,0,0,10,10,0,0,10,0.0,0.0,0.0,0.0,0.0,1.0,-1
"F[0,1](((Creatinine <= 0.300 & PTT <= 0.000) | Resp <= 0.000) & EtCO2 >= 0.000)
",-9999999.000,-9999999.000,0.000,0.000,1.000,0,0,0,10,10,0,0,10,0.0,0.0,0.0,0.0,0.0,1.0,-1
"F[0,2](((O2Sat >= 25.180 & SBP <= 136.970) | Resp <= 112.260) & Alkalinephos >= 105.205)
",-9999999.000,-9999999.000,0.000,0.000,1.000,0,0,0,10,10,0,0,10,0.0,0.0,0.0,0.0,0.0,1.0,-1
"F[0,1]((DBP <= 62.109 -> MAP >= 0.303) | Bilirubin_total <= 72.770)
",-9999999.000,-9999999.000,0.000,0.000,1.000,0,0,0,10,10,0,0,10,0.0,0.0,0.0,0.0,0.0,1.0,-1
"F[1,1]((Phosphate >= 0.000 & Magnesium > 0.027) -> Calcium < 7.636)
",-7.636,-7.636,0.000,0.000,1.000,0,0,0,10,10,0,0,10,0.0,0.0,0.0,0.0,0.0,1.0,-1
"F[0,1](Hgb <= 0.622 | Hct <= 23.542)
",-9999999.000,-9999999.000,0.000,0.000,1.000,0,0,0,10,10,0,0,10,0.0,0.0,0.0,0.0,0.0,1.0,-1
"((TroponinI <= 0.000) U[0,2] (FiO2 >= 0.000))
",-9999999.000,-9999999.000,0.000,0.000,1.000,0,0,0,10,10,0,0,10,0.0,0.0,0.0,0.0,0.0,1.0,-1
"F[2,2]((Calcium <= 6.750 & Potassium <= 2.115) & Magnesium >= 0.030)
",-8535365418493810.000,-0.030,0.000,0.000,1.000,0,0,0,10,10,0,0,10,0.0,0.0,0.0,0.0,0.0,1.0,-1
"F[0,2](Hgb <= 9.239 | Hct <= 3.971)
",-9999999.000,-9999999.000,0.000,0.000,1.000,0,0,0,10,10,0,0,10,0.0,0.0,0.0,0.0,0.0,1.0,-1
"F[0,2](Hgb <= 4.130 | Hct <= 12.212)
",-9999999.000,-9999999.000,0.000,0.000,1.000,0,0,0,10,10,0,0,10,0.0,0.0,0.0,0.0,0.0,1.0,-1
"F[0,2]((Phosphate >= 0.000 & Magnesium > 0.071) -> Calcium < 4.364)
",-9999999.000,-9999999.000,0.000,0.000,1.000,0,0,0,10,10,0,0,10,0.0,0.0,0.0,0.0,0.0,1.0,-1
"F[0,2]((Calcium <= 5.967 & Potassium <= 3.983) & Magnesium >= 0.017)
",-9999999.000,-9999999.000,0.000,0.000,1.000,0,0,0,10,10,0,0,10,0.0,0.0,0.0,0.0,0.0,1.0,-1
"F[1,2](Hgb <= 2.512 | Hct <= 23.061)
",-9999999.000,-9999999.000,0.000,0.000,1.000,0,0,0,10,10,0,0,10,0.0,0.0,0.0,0.0,0.0,1.0,-1
"F[0,2]((Phosphate >= 0.000 & Magnesium > 0.049) -> Calcium < 5.127)
",-9999999.000,-9999999.000,0.000,0.000,1.000,0,0,0,10,10,0,0,10,0.0,0.0,0.0,0.0,0.0,1.0,-1
"F[0,1]((Resp >= 2.658 & WBC >= 0.340) -> SaO2 <= 2.647)
",-9999999.000,-9999999.000,0.000,0.000,1.000,0,0,0,10,10,0,0,10,0.0,0.0,0.0,0.0,0.0,1.0,-1
"((MAP >= 57.550) U[1,2] (SBP <= 124.598))
",-9999999.000,-9999999.000,0.000,0.000,1.000,0,0,0,10,10,0,0,10,0.0,0.0,0.0,0.0,0.0,1.0,-1
"F[0,2](((Calcium >= 0.155 -> Resp >= 1.115) -> Magnesium <= 20.103) -> DBP <= 19.843)
",-9999999.000,-9999999.000,0.000,0.000,1.000,0,0,0,10,10,0,0,10,0.0,0.0,0.0,0.0,0.0,1.0,-1
"F[0,1](((Platelets >= 0.996 -> Resp >= 8.251) | Bilirubin_direct <= 20.161) & PTT <= 16.880)
",-9999999.000,-9999999.000,0.000,0.000,1.000,0,0,0,10,10,0,0,10,0.0,0.0,0.0,0.0,0.0,1.0,-1
"F[0,0](Bilirubin_direct <= 0.000 | Creatinine >= 0.038)
",0.000,0.000,0.000,0.000,1.000,0,0,0,10,10,0,0,10,0.0,0.0,0.0,0.0,0.0,1.0,-1
"F[1,1](((Alkalinephos >= 0.000 -> SaO2 >= 0.000) & HCO3 >= 0.000) | Hct >= 0.000)
",0.000,0.000,0.000,0.000,1.000,0,0,0,10,10,0,0,10,0.0,0.0,0.0,0.0,0.0,1.0,-1
"((Phosphate <= 0.000) U[0,1] (Creatinine <= 0.589))
",-9999999.000,-9999999.000,0.000,0.000,1.000,0,0,0,10,10,0,0,10,0.0,0.0,0.0,0.0,0.0,1.0,-1
"F[0,2]((Calcium <= 4.203 & Potassium <= 0.680) & Magnesium >= 0.028)
",-9999999.000,-9999999.000,0.000,0.000,1.000,0,0,0,10,10,0,0,10,0.0,0.0,0.0,0.0,0.0,1.0,-1
"F[1,2]((Calcium <= 7.362 & Potassium <= 1.634) & Magnesium >= 0.046)
",-9999999.000,-9999999.000,0.000,0.000,1.000,0,0,0,10,10,0,0,10,0.0,0.0,0.0,0.0,0.0,1.0,-1
"F[1,2](((Calcium < 6.975 & Potassium < 1.396) & Magnesium < 1.396) & Phosphate < 0.000)
",-9999999.000,-9999999.000,0.000,0.000,1.000,0,0,0,10,10,0,0,10,0.0,0.0,0.0,0.0,0.0,1.0,-1
"F[0,2]((Phosphate >= 0.000 & Magnesium > 0.040) -> Calcium < 4.357)
",-9999999.000,-9999999.000,0.000,0.000,1.000,0,0,0,10,10,0,0,10,0.0,0.0,0.0,0.0,0.0,1.0,-1
"((Magnesium <= 1.032) U[0,1] (SepsisLabel = 0.000))
",-9999999.000,-9999999.000,0.000,0.000,1.000,0,0,0,10,10,0,0,10,0.0,0.0,0.0,0.0,0.0,1.0,-1
"F[0,2](pH <= 0.000 & SepsisLabel = 0.000)
",-9999999.000,-9999999.000,0.000,0.000,1.000,0,0,0,10,10,0,0,10,0.0,0.0,0.0,0.0,0.0,1.0,-1
"F[1,1](Resp >= 9.505 -> SepsisLabel = 0.000)
",0.000,0.000,0.000,0.000,1.000,0,0,0,10,10,0,0,10,0.0,0.0,0.0,0.0,0.0,1.0,-1
"F[0,2](Temp < 36.281 & SepsisLabel = 0.000)
",-9999999.000,-9999999.000,0.000,0.000,1.000,0,0,0,10,10,0,0,10,0.0,0.0,0.0,0.0,0.0,1.0,-1
"((Hct < 29.067) U[2,2] (SepsisLabel = 0.000))
",29.067,29.067,0.000,0.000,1.000,0,0,0,10,10,0,0,10,0.0,0.0,0.0,0.0,0.0,1.0,-1
"F[0,1](Hgb <= 10.214 | Hct <= 21.216)
",-9999999.000,-9999999.000,0.000,0.000,1.000,0,0,0,10,10,0,0,10,0.0,0.0,0.0,0.0,0.0,1.0,-1
"((MAP >= 71.960) U[0,2] (SBP <= 135.209))
",-9999999.000,-9999999.000,0.000,0.000,1.000,0,0,0,10,10,0,0,10,0.0,0.0,0.0,0.0,0.0,1.0,-1
"F[0,2]((Phosphate >= 0.000 & Magnesium > 0.016) -> Calcium < 2.541)
",-9999999.000,-9999999.000,0.000,0.000,1.000,0,0,0,10,10,0,0,10,0.0,0.0,0.0,0.0,0.0,1.0,-1
"F[1,2](((Calcium < 5.798 & Potassium < 2.906) & Magnesium < 0.345) & Phosphate < 0.000)
",-9999999.000,-9999999.000,0.000,0.000,1.000,0,0,0,10,10,0,0,10,0.0,0.0,0.0,0.0,0.0,1.0,-1
"F[0,2](((Calcium < 4.511 & Potassium < 2.520) & Magnesium < 0.666) & Phosphate < 0.000)
",-9999999.000,-9999999.000,0.000,0.000,1.000,0,0,0,10,10,0,0,10,0.0,0.0,0.0,0.0,0.0,1.0,-1
"((MAP >= 4.295) U[0,0] (SBP <= 129.410))
",27.042,121.826,0.000,0.000,1.000,0,0,0,10,10,0,0,10,0.0,0.0,0.0,0.0,0.0,1.0,-1
"F[0,1](Hgb <= 9.789 | Hct <= 15.572)
",-9999999.000,-9999999.000,0.000,0.000,1.000,0,0,0,10,10,0,0,10,0.0,0.0,0.0,0.0,0.0,1.0,-1
"F[2,2]((Calcium <= 4.583 & Potassium <= 0.795) & Magnesium >= 0.049)
",-0.049,-0.049,0.000,0.000,1.000,0,0,0,10,10,0,0,10,0.0,0.0,0.0,0.0,0.0,1.0,-1
"F[1,2](((Calcium < 7.934 & Potassium < 2.380) & Magnesium < 0.087) & Phosphate < 0.000)
",-9999999.000,-9999999.000,0.000,0.000,1.000,0,0,0,10,10,0,0,10,0.0,0.0,0.0,0.0,0.0,1.0,-1
"F[1,2](Temp <= 31.815 -> pH <= 0.000)
",-9999999.000,-9999999.000,0.000,0.000,1.000,0,0,0,10,10,0,0,10,0.0,0.0,0.0,0.0,0.0,1.0,-1
"F[0,0]((Bilirubin_total <= 0.000 -> FiO2 <= 0.000) | MAP >= 0.000)
",2.985,112.750,0.000,0.000,1.000,0,0,0,10,10,0,0,10,0.0,0.0,0.0,0.0,0.0,1.0,-1
"((Magnesium <= 1.239) U[0,2] (Alkalinephos <= 0.000))
",-9999999.000,-9999999.000,0.000,0.000,1.000,0,0,0,10,10,0,0,10,0.0,0.0,0.0,0.0,0.0,1.0,-1
"G[0,2](Platelets <= 7.215 -> WBC >= 0.571)
",9999999.000,9999999.000,0.000,1.000,0.000,0,0,0,10,10,0,0,10,0.0,0.0,0.0,0.0,0.0,1.0,1
"G[0,2](BUN <= 9.702 & Creatinine >= 0.028)
",9999999.000,9999999.000,0.000,1.000,0.000,0,0,0,10,10,0,0,10,0.0,0.0,0.0,0.0,0.0,1.0,1
"G[0,2](((Hgb <= 7.874 | Hct <= 5.444) -> WBC >= 0.412) & Platelets >= 1.426)
",9999999.000,9999999.000,0.000,1.000,0.000,0,0,0,10,10,0,0,10,0.0,0.0,0.0,0.0,0.0,1.0,1
"G[0,2](((Hgb <= 6.636 | Hct <= 14.545) -> WBC >= 0.320) & Platelets >= 0.406)
",9999999.000,9999999.000,0.000,1.000,0.000,0,0,0,10,10,0,0,10,0.0,0.0,0.0,0.0,0.0,1.0,1
"G[1,1](Platelets <= 61.503 -> WBC >= 0.350)
",-8655718093701102.000,-61.503,0.000,1.000,0.000,0,0,0,10,10,0,0,10,0.0,0.0,0.0,0.0,0.0,1.0,1
"G[0,2](((Hgb <= 0.865 | Hct <= 25.367) -> WBC >= 0.645) & Platelets >= 3.865)
",9999999.000,9999999.000,0.000,1.000,0.000,0,0,0,10,10,0,0,10,0.0,0.0,0.0,0.0,0.0,1.0,1
"G[2,2](Platelets <= 8.550 -> WBC >= 0.092)
",-4813081834380790.000,-8.550,0.000,1.000,0.000,0,0,10,0,0,10,10,0,0.0,0.0,1.0,0.0,0.0,1.0,1
"G[0,1](BUN <= 3.048 & Creatinine >= 0.024)
",9999999.000,9999999.000,0.000,1.000,0.000,0,0,0,10,10,0,0,10,0.0,0.0,0.0,0.0,0.0,1.0,1
"G[0,1](((Hgb <= 4.313 | Hct <= 13.594) -> WBC >= 0.004) & Platelets >= 0.377)
",9999999.000,9999999.000,0.000,1.000,0.000,0,0,0,10,10,0,0,10,0.0,0.0,0.0,0.0,0.0,1.0,1
"G[0,2](Platelets <= 56.561 -> WBC >= 0.162)
",9999999.000,9999999.000,0.000,1.000,0.000,0,0,0,10,10,0,0,10,0.0,0.0,0.0,0.0,0.0,1.0,1
"G[0,2](Chloride >= 0.000 & HCO3 >= 0.000)
",9999999.000,9999999.000,0.000,1.000,0.000,0,0,10,0,0,10,10,0,0.0,0.0,1.0,0.0,0.0,1.0,1
"G[0,1](BUN <= 6.473 & Creatinine >= 0.028)
",9999999.000,9999999.000,0.000,1.000,0.000,0,0,0,10,10,0,0,10,0.0,0.0,0.0,0.0,0.0,1.0,1
"G[0,2](((Hgb <= 2.170 | Hct <= 16.628) -> WBC >= 0.539) & Platelets >= 4.718)
",9999999.000,9999999.000,0.000,1.000,0.000,0,0,0,10,10,0,0,10,0.0,0.0,0.0,0.0,0.0,1.0,1
"G[0,0](BUN <= 10.712 & Creatinine >= 0.026)
",-0.026,-0.026,0.000,1.000,0.000,0,0,0,10,10,0,0,10,0.0,0.0,0.0,0.0,0.0,1.0,1
"G[2,2](((Hgb <= 8.431 | Hct <= 7.192) -> WBC >= 0.054) & Platelets >= 1.650)
",-8.431,-8.431,0.000,1.000,0.000,0,0,10,0,0,10,10,0,0.0,0.0,1.0,0.0,0.0,1.0,1
"G[0,1](((Hgb <= 7.384 | Hct <= 6.773) -> WBC >= 0.371) & Platelets >= 2.529)
",9999999.000,9999999.000,0.000,1.000,0.000,0,0,0,10,10,0,0,10,0.0,0.0,0.0,0.0,0.0,1.0,1
"G[0,1](BUN <= 11.716 & Creatinine >= 0.007)
",9999999.000,9999999.000,0.000,1.000,0.000,0,0,0,10,10,0,0,10,0.0,0.0,0.0,0.0,0.0,1.0,1
"G[0,2](((Potassium <= 0.639 | WBC >= 0.095) -> Bilirubin_total <= 1.628) -> TroponinI >= 0.063)
",9999999.000,9999999.000,0.000,1.000,0.000,0,0,0,10,10,0,0,10,0.0,0.0,0.0,0.0,0.0,1.0,1
"G[1,1](BUN <= 12.693 & Creatinine >= 0.029)
",-0.029,-0.029,0.000,1.000,0.000,0,0,0,10,10,0,0,10,0.0,0.0,0.0,0.0,0.0,1.0,1
"G[0,2](Platelets <= 85.923 -> WBC >= 0.593)
",9999999.000,9999999.000,0.000,1.000,0.000,0,0,0,10,10,0,0,10,0.0,0.0,0.0,0.0,0.0,1.0,1
"G[1,2](DBP <= 61.236 -> HR >= 19.859)
",9999999.000,9999999.000,0.000,1.000,0.000,0,0,10,0,0,10,10,0,0.0,0.0,1.0,0.0,0.0,1.0,1
"G[1,2](HR >= 21.133 -> MAP >= 52.076)
",9999999.000,9999999.000,0.000,1.000,0.000,0,0,10,0,0,10,10,0,0.0,0.0,1.0,0.0,0.0,1.0,1
"G[2,2](((Magnesium >= 0.029 & Platelets >= 1.815) -> FiO2 <= 14.319) -> Resp <= 47.139)
",-47.139,-47.139,0.000,1.000,0.000,0,0,10,0,0,10,10,0,0.0,0.0,1.0,0.0,0.0,1.0,1
"G[0,2](((Hct >= 1.208 | Magnesium >= 0.041) -> PTT <= 0.421) -> TroponinI <= 0.383)
",9999999.000,9999999.000,0.000,1.000,0.000,0,0,10,0,0,10,10,0,0.0,0.0,1.0,0.0,0.0,1.0,1
"G[0,2](Bilirubin_total <= 0.000 & SepsisLabel = 0.000)
",9999999.000,9999999.000,0.000,1.000,0.000,0,0,10,0,0,10,10,0,0.0,0.0,1.0,0.0,0.0,1.0,1
"G[0,2](SBP >= 7.463 -> SepsisLabel = 0.000)
",9999999.000,9999999.000,0.000,1.000,0.000,0,0,10,0,0,10,10,0,0.0,0.0,1.0,0.0,0.0,1.0,1
"G[0,2](PTT > 0.000 & SepsisLabel = 0.000)
",9999999.000,9999999.000,0.000,1.000,0.000,0,0,0,10,10,0,0,10,0.0,0.0,0.0,0.0,0.0,1.0,1
"G[1,2](Platelets <= 62.166 -> WBC >= 0.461)
",9999999.000,9999999.000,0.000,1.000,0.000,0,0,0,10,10,0,0,10,0.0,0.0,0.0,0.0,0.0,1.0,1
"G[2,2](BUN <= 9.220 & Creatinine >= 0.002)
",-0.002,-0.002,0.000,1.000,0.000,0,0,10,0,0,10,10,0,0.0,0.0,1.0,0.0,0.0,1.0,1
"F[0,2]((Creatinine <= 0.735 -> Creatinine <= 0.116) -> TroponinI <= 0.083)
",-9999999.000,-9999999.000,0.000,0.000,1.000,0,0,0,10,10,0,0,10,0.0,0.0,0.0,0.0,0.0,1.0,-1
"G[0,1]((Potassium <= 3.062 & Temp >= 20.570) & HCO3 >= 9.484)
",9999999.000,9999999.000,0.000,1.000,0.000,0,0,0,10,10,0,0,10,0.0,0.0,0.0,0.0,0.0,1.0,1
"G[1,2](((pH <= 0.000 | Lactate >= 0.000) -> Magnesium <= 0.000) -> Alkalinephos >= 0.000)
",9999999.000,9999999.000,0.000,1.000,0.000,0,0,10,0,0,10,10,0,0.0,0.0,1.0,0.0,0.0,1.0,1
"G[0,1]((Lactate <= 0.000 -> Platelets >= 3.777) & HCO3 >= 3.236)
",9999999.000,9999999.000,0.000,1.000,0.000,0,0,0,10,10,0,0,10,0.0,0.0,0.0,0.0,0.0,1.0,1
"G[1,2]((Alkalinephos >= 0.000 & Potassium <= 4.016) -> PTT <= 2.443)
",9999999.000,9999999.000,0.000,1.000,0.000,0,0,10,0,0,10,10,0,0.0,0.0,1.0,0.0,0.0,1.0,1
"G[0,2]((Creatinine >= 0.016 -> Chloride <= 0.000) -> Temp >= 0.000)
",9999999.000,9999999.000,0.000,1.000,0.000,0,0,10,0,0,10,10,0,0.0,0.0,1.0,0.0,0.0,1.0,1
"G[0,1](((Magnesium >= 0.073 & Resp <= 20.922) -> pH <= 19.682) -> PTT >= 5.396)
",9999999.000,9999999.000,0.000,1.000,0.000,0,0,0,10,10,0,0,10,0.0,0.0,0.0,0.0,0.0,1.0,1
"G[1,2](((Lactate <= 0.000 -> AST <= 0.000) | EtCO2 <= 0.000) & Bilirubin_total <= 0.000)
",9999999.000,9999999.000,0.000,1.000,0.000,0,0,10,0,0,10,10,0,0.0,0.0,1.0,0.0,0.0,1.0,1
"G[0,2](Platelets <= 74.635 -> WBC >= 0.389)
",9999999.000,9999999.000,0.000,1.000,0.000,0,0,0,10,10,0,0,10,0.0,0.0,0.0,0.0,0.0,1.0,1
"G[0,0](((Hct <= 29.936 & Platelets >= 4.337) & Creatinine <= 49.937) | Bilirubin_direct >= 3.899)
",-3.899,-3.899,0.000,1.000,0.000,0,0,0,10,10,0,0,10,0.0,0.0,0.0,0.0,0.0,1.0,1
"G[0,2](((Chloride <= 0.000 & SepsisLabel >= 0.000) | Hgb >= 0.000) -> HCO3 >= 0.000)
",9999999.000,9999999.000,0.000,1.000,0.000,0,0,10,0,0,10,10,0,0.0,0.0,1.0,0.0,0.0,1.0,1
"G[0,2]((Phosphate <= 0.000 & DBP >= 39.667) -> MAP <= 60.806)
",9999999.000,9999999.000,0.000,1.000,0.000,0,0,0,10,10,0,0,10,0.0,0.0,0.0,0.0,0.0,1.0,1
"G[1,2](Temp >= 2.384 & Fibrinogen >= 0.000)
",9999999.000,9999999.000,0.000,1.000,0.000,0,0,9,1,1,9,9,1,0.0,0.0,1.0,0.0,0.0,1.0,1
"G[0,2]((Temp <= 32.685 -> HR >= 48.742) & Bilirubin_total >= 44.932)
",9999999.000,9999999.000,0.000,1.000,0.000,0,0,0,10,10,0,0,10,0.0,0.0,0.0,0.0,0.0,1.0,1
"G[2,2](Platelets >= 2.179 & Potassium <= 2.317)
",-4907156389786258.000,-2.179,0.000,1.000,0.000,0,0,10,0,0,10,10,0,0.0,0.0,1.0,0.0,0.0,1.0,1
"G[0,2](Chloride >= 0.000 & HCO3 >= 0.000)
",9999999.000,9999999.000,0.000,1.000,0.000,0,0,10,0,0,10,10,0,0.0,0.0,1.0,0.0,0.0,1.0,1
"G[0,2](PTT <= 0.000 -> PaCO2 >= 0.000)
",9999999.000,9999999.000,0.000,1.000,0.000,0,0,10,0,0,10,10,0,0.0,0.0,1.0,0.0,0.0,1.0,1
"G[0,2](((EtCO2 >= 0.000 & WBC >= 0.305) | Bilirubin_direct <= 3.822) & Glucose <= 10.157)
",9999999.000,9999999.000,0.000,1.000,0.000,0,0,3,7,7,3,3,7,0.0,0.0,1.0,0.0,0.0,1.0,1
"G[0,2]((Magnesium >= 0.017 & Lactate <= 0.000) & Resp >= 0.000)
",9999999.000,9999999.000,0.000,1.000,0.000,0,0,0,10,10,0,0,10,0.0,0.0,0.0,0.0,0.0,1.0,1
"G[2,2]((Creatinine >= 0.031 -> Glucose >= 23.415) & Resp >= 4.417)
",-4973432357560306.000,-4.417,0.000,1.000,0.000,0,0,10,0,0,10,10,0,0.0,0.0,1.0,0.0,0.0,1.0,1
"G[0,0]((PaCO2 <= 0.000 | DBP >= 36.497) & TroponinI >= 6.572)
",-6.572,-6.572,0.000,1.000,0.000,0,0,0,10,10,0,0,10,0.0,0.0,0.0,0.0,0.0,1.0,1
"G[0,2](Platelets <= 12.829 | Potassium <= 3.518)
",9999999.000,9999999.000,0.000,1.000,0.000,0,0,9,1,1,9,9,1,0.0,0.0,1.0,0.0,0.0,1.0,1
"G[0,2]((SBP <= 130.459 & Temp <= 33.661) | HCO3 >= 26.150)
",9999999.000,9999999.000,0.000,1.000,0.000,0,0,1,9,9,1,1,9,0.0,0.0,1.0,0.0,0.0,1.0,1
"G[2,2](Platelets <= 54.294 -> WBC >= 0.625)
",-54.294,-54.294,0.000,1.000,0.000,0,0,10,0,0,10,10,0,0.0,0.0,1.0,0.0,0.0,1.0,1
"G[0,2](Chloride >= 0.000 & HCO3 >= 0.000)
",9999999.000,9999999.000,0.000,1.000,0.000,0,0,10,0,0,10,10,0,0.0,0.0,1.0,0.0,0.0,1.0,1
"G[1,2](BUN <= 6.572 & Creatinine >= 0.035)
",9999999.000,9999999.000,0.000,1.000,0.000,0,0,0,10,10,0,0,10,0.0,0.0,0.0,0.0,0.0,1.0,1
"G[1,2](((Hgb <= 2.125 | Hct <= 22.483) -> WBC >= 0.228) & Platelets >= 0.348)
",9999999.000,9999999.000,0.000,1.000,0.000,0,0,0,10,10,0,0,10,0.0,0.0,0.0,0.0,0.0,1.0,1
"G[1,2](Platelets <= 66.723 -> WBC >= 0.622)
",9999999.000,9999999.000,0.000,1.000,0.000,0,0,0,10,10,0,0,10,0.0,0.0,0.0,0.0,0.0,1.0,1
"G[2,2](HR < 68.994 -> SepsisLabel = 0.000)
",-68.994,-68.994,0.000,1.000,0.000,0,0,10,0,0,10,10,0,0.0,0.0,1.0,0.0,0.0,1.0,1
"G[1,2](Alkalinephos >= 0.000 -> SepsisLabel = 0.000)
",9999999.000,9999999.000,0.000,1.000,0.000,0,0,10,0,0,10,10,0,0.0,0.0,1.0,0.0,0.0,1.0,1
"G[2,2](Lactate >= 0.000 -> SepsisLabel = 0.000)
",0.000,0.000,0.000,1.000,0.000,0,0,10,0,0,10,10,0,0.0,0.0,1.0,0.0,0.0,1.0,1
"G[0,2]((O2Sat <= 99.713 -> SepsisLabel <= 0.000) -> Phosphate <= 0.000)
",9999999.000,9999999.000,0.000,1.000,0.000,0,0,10,0,0,10,10,0,0.0,0.0,1.0,0.0,0.0,1.0,1
"G[0,2](((Creatinine <= 0.098 -> SBP <= 130.194) & Phosphate <= 119.413) -> DBP <= 113.911)
",9999999.000,9999999.000,0.000,1.000,0.000,0,0,10,0,0,10,10,0,0.0,0.0,1.0,0.0,0.0,1.0,1
"G[1,2]((TroponinI <= 0.000 & Creatinine <= 0.232) | FiO2 >= 0.038)
",9999999.000,9999999.000,0.000,1.000,0.000,0,0,10,0,0,10,10,0,0.0,0.0,1.0,0.0,0.0,1.0,1
"G[1,2]((Magnesium >= 0.014 & O2Sat >= 16.201) | Bilirubin_direct >= 65.860)
",9999999.000,9999999.000,0.000,1.000,0.000,0,0,0,10,10,0,0,10,0.0,0.0,0.0,0.0,0.0,1.0,1
"G[1,2](Bilirubin_total <= 0.000 | Hgb >= 0.390)
",9999999.000,9999999.000,0.000,1.000,0.000,0,0,10,0,0,10,10,0,0.0,0.0,1.0,0.0,0.0,1.0,1
"G[1,2](DBP <= 59.552 -> WBC >= 0.489)
",9999999.000,9999999.000,0.000,1.000,0.000,0,0,6,4,4,6,6,4,0.0,0.0,1.0,0.0,0.0,1.0,1
"G[2,2]((Resp >= 1.242 & SaO2 >= 0.000) | Magnesium >= 0.000)
",0.000,0.000,0.000,1.000,0.000,0,0,10,0,0,10,10,0,0.0,0.0,1.0,0.0,0.0,1.0,1
"G[1,2](((SepsisLabel <= 0.000 -> Hct <= 30.575) -> PaCO2 <= 28.497) -> Chloride >= 0.418)
",9999999.000,9999999.000,0.000,1.000,0.000,0,0,0,10,10,0,0,10,0.0,0.0,0.0,0.0,0.0,1.0,1
"G[1,2](((Hct >= 1.579 | Hgb >= 0.045) | Creatinine >= 0.349) | SepsisLabel <= 1.737)
",9999999.000,9999999.000,0.000,1.000,0.000,0,0,10,0,0,10,10,0,0.0,0.0,1.0,0.0,0.0,1.0,1
"G[1,2]((Lactate <= 0.000 | pH >= 0.000) -> TroponinI >= 0.000)
",9999999.000,9999999.000,0.000,1.000,0.000,0,0,10,0,0,10,10,0,0.0,0.0,1.0,0.0,0.0,1.0,1
"G[1,2]((Temp <= 33.270 -> Hct <= 2.698) & SaO2 >= 1.147)
",9999999.000,9999999.000,0.000,1.000,0.000,0,0,0,10,10,0,0,10,0.0,0.0,0.0,0.0,0.0,1.0,1
"G[0,2](Lactate <= 0.000 & TroponinI >= 0.000)
",9999999.000,9999999.000,0.000,1.000,0.000,0,0,10,0,0,10,10,0,0.0,0.0,1.0,0.0,0.0,1.0,1
"G[1,2]((AST <= 0.000 | Temp <= 34.388) | DBP <= 34.394)
",9999999.000,9999999.000,0.000,1.000,0.000,0,0,10,0,0,10,10,0,0.0,0.0,1.0,0.0,0.0,1.0,1
"G[1,2](((Chloride <= 0.000 | BUN <= 12.658) | HR <= 12.228) | Lactate <= 12.651)
",9999999.000,9999999.000,0.000,1.000,0.000,0,0,10,0,0,10,10,0,0.0,0.0,1.0,0.0,0.0,1.0,1
"G[0,2](Phosphate <= 0.000 & SepsisLabel = 0.000)
",9999999.000,9999999.000,0.000,1.000,0.000,0,0,10,0,0,10,10,0,0.0,0.0,1.0,0.0,0.0,1.0,1
"G[1,2]((Alkalinephos >= 0.000 | BaseExcess >= 0.000) -> PaCO2 >= 0.000)
",9999999.000,9999999.000,0.000,1.000,0.000,0,0,10,0,0,10,10,0,0.0,0.0,1.0,0.0,0.0,1.0,1
"G[0,2]((DBP <= 56.660 -> SepsisLabel >= 0.000) -> Calcium >= 0.000)
",9999999.000,9999999.000,0.000,1.000,0.000,0,0,10,0,0,10,10,0,0.0,0.0,1.0,0.0,0.0,1.0,1
"G[1,2](PTT <= 0.000 -> Hct <= 27.604)
",9999999.000,9999999.000,0.000,1.000,0.000,0,0,10,0,0,10,10,0,0.0,0.0,1.0,0.0,0.0,1.0,1
"G[2,2]((Fibrinogen <= 0.000 -> SepsisLabel <= 0.000) -> Glucose >= 0.000)
",0.000,0.000,0.000,1.000,0.000,0,0,10,0,0,10,10,0,0.0,0.0,1.0,0.0,0.0,1.0,1
"G[1,2]((BaseExcess <= 0.000 & WBC >= 0.246) -> Bilirubin_total <= 9.510)
",9999999.000,9999999.000,0.000,1.000,0.000,0,0,10,0,0,10,10,0,0.0,0.0,1.0,0.0,0.0,1.0,1
"G[0,2](((SepsisLabel >= 0.000 & Bilirubin_direct >= 0.000) & Phosphate >= 0.000) & Alkalinephos >= 0.000)
",9999999.000,9999999.000,0.000,1.000,0.000,0,0,10,0,0,10,10,0,0.0,0.0,1.0,0.0,0.0,1.0,1
"G[0,2](Temp >= 19.690 -> MAP >= 29.161)
",9999999.000,9999999.000,0.000,1.000,0.000,0,0,10,0,0,10,10,0,0.0,0.0,1.0,0.0,0.0,1.0,1
"G[0,2](((Potassium >= 0.383 -> Magnesium >= 0.053) | Bilirubin_direct >= 0.026) -> Alkalinephos <= 1.355)
",9999999.000,9999999.000,0.000,1.000,0.000,0,0,10,0,0,10,10,0,0.0,0.0,1.0,0.0,0.0,1.0,1
"G[1,2](PTT >= 0.000 & BaseExcess <= 0.000)
",9999999.000,9999999.000,0.000,1.000,0.000,0,0,10,0,0,10,10,0,0.0,0.0,1.0,0.0,0.0,1.0,1
"G[0,2](pH <= 0.000 -> HR <= 65.087)
",9999999.000,9999999.000,0.000,1.000,0.000,0,0,5,5,5,5,5,5,0.0,0.0,1.0,0.0,0.0,1.0,1
"G[0,2](((Bilirubin_direct >= 0.000 & O2Sat >= 13.003) -> Bilirubin_direct >= 40.203) & Magnesium <= 99.612)
",9999999.000,9999999.000,0.000,1.000,0.000,0,0,0,10,10,0,0,10,0.0,0.0,0.0,0.0,0.0,1.0,1
"G[1,2]((Platelets >= 0.650 | Hgb <= 9.498) -> pH >= 0.226)
",9999999.000,9999999.000,0.000,1.000,0.000,0,0,0,10,10,0,0,10,0.0,0.0,0.0,0.0,0.0,1.0,1
"G[1,2](((HCO3 >= 0.000 & Magnesium >= 0.041) | Creatinine <= 0.985) | Platelets >= 0.070)
",9999999.000,9999999.000,0.000,1.000,0.000,0,0,10,0,0,10,10,0,0.0,0.0,1.0,0.0,0.0,1.0,1
"G[1,2](((Alkalinephos >= 0.000 | BUN <= 11.147) | BaseExcess <= 11.621) -> Resp <= 5.453)
",9999999.000,9999999.000,0.000,1.000,0.000,0,0,0,10,10,0,0,10,0.0,0.0,0.0,0.0,0.0,1.0,1
"G[0,2](((Lactate >= 0.000 -> SepsisLabel <= 0.000) -> Magnesium >= 0.000) & DBP >= 0.000)
",9999999.000,9999999.000,0.000,1.000,0.000,0,0,10,0,0,10,10,0,0.0,0.0,1.0,0.0,0.0,1.0,1
"G[2,2](Alkalinephos <= 0.000 | TroponinI <= 0.000)
",0.000,0.000,0.000,1.000,0.000,0,0,10,0,0,10,10,0,0.0,0.0,1.0,0.0,0.0,1.0,1
"G[0,2](Chloride >= 0.000 & HCO3 >= 0.000)
",9999999.000,9999999.000,0.000,1.000,0.000,0,0,10,0,0,10,10,0,0.0,0.0,1.0,0.0,0.0,1.0,1
"G[0,2](EtCO2 < 0.000 & SepsisLabel = 0.000)
",9999999.000,9999999.000,0.000,1.000,0.000,0,0,0,10,10,0,0,10,0.0,0.0,0.0,0.0,0.0,1.0,1
"G[2,2](Platelets >= 4.601 & SepsisLabel = 0.000)
",-4.601,-4.601,0.000,1.000,0.000,0,0,10,0,0,10,10,0,0.0,0.0,1.0,0.0,0.0,1.0,1
"G[1,2](SepsisLabel <= 0.000 -> SepsisLabel = 0.000)
",9999999.000,9999999.000,0.000,1.000,0.000,0,0,10,0,0,10,10,0,0.0,0.0,1.0,0.0,0.0,1.0,1
"G[1,2](O2Sat < 99.942 & SepsisLabel = 0.000)
",9999999.000,9999999.000,0.000,1.000,0.000,0,0,9,1,1,9,9,1,0.0,0.0,1.0,0.0,0.0,1.0,1
"G[1,2](Temp >= 24.160 & SepsisLabel = 0.000)
",9999999.000,9999999.000,0.000,1.000,0.000,0,0,9,1,1,9,9,1,0.0,0.0,1.0,0.0,0.0,1.0,1
"G[0,2](Bilirubin_total >= 0.000 -> SepsisLabel = 0.000)
",9999999.000,9999999.000,0.000,1.000,0.000,0,0,10,0,0,10,10,0,0.0,0.0,1.0,0.0,0.0,1.0,1
"G[1,2](Temp <= 36.267 -> SepsisLabel = 0.000)
",9999999.000,9999999.000,0.000,1.000,0.000,0,0,10,0,0,10,10,0,0.0,0.0,1.0,0.0,0.0,1.0,1
"G[1,2](Potassium > 0.179 -> SepsisLabel = 0.000)
",9999999.000,9999999.000,0.000,1.000,0.000,0,0,10,0,0,10,10,0,0.0,0.0,1.0,0.0,0.0,1.0,1
"G[0,2](Glucose > 19.854 -> SepsisLabel = 0.000)
",9999999.000,9999999.000,0.000,1.000,0.000,0,0,10,0,0,10,10,0,0.0,0.0,1.0,0.0,0.0,1.0,1
"G[1,1](BUN <= 3.428 & Creatinine >= 0.016)
",-0.016,-0.016,0.000,1.000,0.000,0,0,0,10,10,0,0,10,0.0,0.0,0.0,0.0,0.0,1.0,1
"G[0,1](Platelets <= 9.087 -> WBC >= 0.192)
",9999999.000,9999999.000,0.000,1.000,0.000,0,0,0,10,10,0,0,10,0.0,0.0,0.0,0.0,0.0,1.0,1
"G[0,1](BUN <= 2.949 & Creatinine >= 0.013)
",9999999.000,9999999.000,0.000,1.000,0.000,0,0,0,10,10,0,0,10,0.0,0.0,0.0,0.0,0.0,1.0,1
"G[0,2](Fibrinogen >= 0.000 -> SepsisLabel = 0.000)
",9999999.000,9999999.000,0.000,1.000,0.000,0,0,10,0,0,10,10,0,0.0,0.0,1.0,0.0,0.0,1.0,1
"G[0,2](Chloride >= 0.000 | HR >= 42.806)
",9999999.000,9999999.000,0.000,1.000,0.000,0,0,10,0,0,10,10,0,0.0,0.0,1.0,0.0,0.0,1.0,1
"G[1,2](((Platelets <= 25.153 | HR <= 59.642) -> FiO2 >= 46.954) | Bilirubin_total <= 65.670)
",9999999.000,9999999.000,0.000,1.000,0.000,0,0,10,0,0,10,10,0,0.0,0.0,1.0,0.0,0.0,1.0,1
"G[1,2]((O2Sat <= 94.357 | Potassium >= 0.273) & AST >= 0.292)
",9999999.000,9999999.000,0.000,1.000,0.000,0,0,0,10,10,0,0,10,0.0,0.0,0.0,0.0,0.0,1.0,1
"G[1,2](((Temp <= 31.406 & Creatinine <= 0.391) & Hgb >= 0.020) | Bilirubin_direct <= 0.137)
",9999999.000,9999999.000,0.000,1.000,0.000,0,0,10,0,0,10,10,0,0.0,0.0,1.0,0.0,0.0,1.0,1
"G[0,2](((Potassium <= 1.970 & Temp <= 32.389) -> SepsisLabel <= 35.336) -> Chloride <= 35.834)
",9999999.000,9999999.000,0.000,1.000,0.000,0,0,10,0,0,10,10,0,0.0,0.0,1.0,0.0,0.0,1.0,1
"G[2,2](((Glucose >= 12.458 & Resp >= 7.443) -> Chloride >= 10.457) | HCO3 <= 15.990)
",15.990,15.990,0.000,1.000,0.000,0,0,10,0,0,10,10,0,0.0,0.0,1.0,0.0,0.0,1.0,1
"G[1,2](((Glucose >= 25.953 -> Phosphate <= 0.000) & Magnesium <= 0.000) -> Glucose <= 0.000)
",9999999.000,9999999.000,0.000,1.000,0.000,0,0,4,6,6,4,4,6,0.0,0.0,1.0,0.0,0.0,1.0,1
"G[0,2]((Hgb >= 0.381 | EtCO2 >= 0.000) | AST >= 0.000)
",9999999.000,9999999.000,0.000,1.000,0.000,0,0,10,0,0,10,10,0,0.0,0.0,1.0,0.0,0.0,1.0,1
"G[0,2](Hct >= 0.930 -> Glucose <= 101.434)
",9999999.000,9999999.000,0.000,1.000,0.000,0,0,9,1,1,9,9,1,0.0,0.0,1.0,0.0,0.0,1.0,1
"G[1,2](((Fibrinogen >= 0.000 & Creatinine <= 0.601) | SaO2 >= 0.025) | Chloride <= 0.176)
",9999999.000,9999999.000,0.000,1.000,0.000,0,0,10,0,0,10,10,0,0.0,0.0,1.0,0.0,0.0,1.0,1
"G[0,0]((Lactate <= 0.000 & O2Sat >= 16.438) & Lactate >= 8.982)
",-0.858,-41.433,0.000,1.000,0.000,0,0,0,10,10,0,0,10,0.0,0.0,0.0,0.0,0.0,1.0,1
"G[0,2]((SaO2 <= 0.000 -> Phosphate >= 0.000) -> Calcium <= 0.000)
",9999999.000,9999999.000,0.000,1.000,0.000,0,0,9,1,1,9,9,1,0.0,0.0,1.0,0.0,0.0,1.0,1
"G[0,0](((Temp >= 25.805 | O2Sat >= 5.861) -> Alkalinephos >= 44.551) & Phosphate >= 18.508)
",-4.143,-65.876,0.000,1.000,0.000,0,0,0,10,10,0,0,10,0.0,0.0,0.0,0.0,0.0,1.0,1
"G[0,2](EtCO2 >= 0.000 & BUN <= 1.698)
",9999999.000,9999999.000,0.000,1.000,0.000,0,0,9,1,1,9,9,1,0.0,0.0,1.0,0.0,0.0,1.0,1
"F[1,2](Magnesium >= 0.032 | Calcium >= 0.280)
",-9999999.000,-9999999.000,0.000,0.000,1.000,0,0,0,10,10,0,0,10,0.0,0.0,0.0,0.0,0.0,1.0,-1
"((FiO2 >= 0.000) U[0,2] (Hct <= 28.603))
",-9999999.000,-9999999.000,0.000,0.000,1.000,0,0,0,10,10,0,0,10,0.0,0.0,0.0,0.0,0.0,1.0,-1
"F[1,1](((PTT <= 0.000 | pH >= 0.000) & Platelets >= 0.000) & SepsisLabel >= 0.000)
",0.000,0.000,0.000,0.000,1.000,0,0,0,10,10,0,0,10,0.0,0.0,0.0,0.0,0.0,1.0,-1
"F[1,1]((PTT >= 0.000 | BaseExcess <= 0.000) -> Phosphate >= 0.000)
",0.000,0.000,0.000,0.000,1.000,0,0,0,10,10,0,0,10,0.0,0.0,0.0,0.0,0.0,1.0,-1
"F[2,2]((Glucose >= 7.933 -> Temp >= 29.133) | PaCO2 >= 16.118)
",7.933,7.933,0.000,0.000,1.000,0,0,0,10,10,0,0,10,0.0,0.0,0.0,0.0,0.0,1.0,-1
"F[0,2]((SepsisLabel >= 0.000 | AST <= 0.000) -> Temp >= 0.000)
",-9999999.000,-9999999.000,0.000,0.000,1.000,0,0,0,10,10,0,0,10,0.0,0.0,0.0,0.0,0.0,1.0,-1
"F[2,2](Hgb <= 6.338 | Hct <= 15.582)
",8772010371320218.000,15.582,0.000,0.000,1.000,0,0,0,10,10,0,0,10,0.0,0.0,0.0,0.0,0.0,1.0,-1
"F[2,2](EtCO2 <= 0.000 | AST <= 0.000)
",0.000,0.000,0.000,0.000,1.000,0,0,0,10,10,0,0,10,0.0,0.0,0.0,0.0,0.0,1.0,-1
"F[0,2](((PaCO2 <= 0.000 -> Calcium <= 5.021) -> O2Sat >= 0.402) | Temp <= 0.439)
",-9999999.000,-9999999.000,0.000,0.000,1.000,0,0,0,10,10,0,0,10,0.0,0.0,0.0,0.0,0.0,1.0,-1
"F[0,1](PaCO2 <= 0.000 | Magnesium >= 0.071)
",-9999999.000,-9999999.000,0.000,0.000,1.000,0,0,0,10,10,0,0,10,0.0,0.0,0.0,0.0,0.0,1.0,-1
"((Fibrinogen >= 0.000) U[1,1] (PaCO2 >= 0.000))
",0.000,0.000,0.000,0.000,1.000,0,0,0,10,10,0,0,10,0.0,0.0,0.0,0.0,0.0,1.0,-1
"F[1,2]((Glucose <= 117.972 -> FiO2 >= 0.000) | Phosphate >= 0.000)
",-9999999.000,-9999999.000,0.000,0.000,1.000,0,0,0,10,10,0,0,10,0.0,0.0,0.0,0.0,0.0,1.0,-1
"F[0,0](((Hct >= 0.182 | Hct <= 17.548) & O2Sat >= 1.005) | Temp <= 10.734)
",8.251,16.867,0.000,0.000,1.000,0,0,0,10,10,0,0,10,0.0,0.0,0.0,0.0,0.0,1.0,-1
"F[2,2](((SaO2 <= 0.000 & Alkalinephos <= 0.000) -> Potassium <= 0.000) & HCO3 <= 0.000)
",0.000,0.000,0.000,0.000,1.000,0,0,0,10,10,0,0,10,0.0,0.0,0.0,0.0,0.0,1.0,-1
"G[0,2]((EtCO2 <= 0.000 & Bilirubin_total <= 0.000) -> EtCO2 >= 0.000)
",9999999.000,9999999.000,0.000,1.000,0.000,0,0,10,0,0,10,10,0,0.0,0.0,1.0,0.0,0.0,1.0,1
"((FiO2 >= 0.000) U[1,2] (Hct <= 18.370))
",-9999999.000,-9999999.000,0.000,0.000,1.000,0,0,0,10,10,0,0,10,0.0,0.0,0.0,0.0,0.0,1.0,-1
"F[1,1](((PaCO2 <= 0.000 | Bilirubin_total >= 0.000) & Lactate <= 0.000) -> Bilirubin_total <= 0.000)
",0.000,0.000,0.000,0.000,1.000,0,0,0,10,10,0,0,10,0.0,0.0,0.0,0.0,0.0,1.0,-1
"F[0,1](Fibrinogen <= 0.000 | Resp <= 16.832)
",-9999999.000,-9999999.000,0.000,0.000,1.000,0,0,0,10,10,0,0,10,0.0,0.0,0.0,0.0,0.0,1.0,-1
"((PTT >= 0.000) U[0,2] (Lactate <= 0.000))
",-9999999.000,-9999999.000,0.000,0.000,1.000,0,0,0,10,10,0,0,10,0.0,0.0,0.0,0.0,0.0,1.0,-1
"G[1,2]((Magnesium <= 0.389 & AST >= 0.000) -> Hgb <= 0.000)
",9999999.000,9999999.000,0.000,1.000,0.000,0,0,10,0,0,10,10,0,0.0,0.0,1.0,0.0,0.0,1.0,1
"G[1,2](Bilirubin_direct <= 0.000 -> BUN <= 9.515)
",9999999.000,9999999.000,0.000,1.000,0.000,0,0,10,0,0,10,10,0,0.0,0.0,1.0,0.0,0.0,1.0,1
"G[1,2](Glucose >= 36.885 | Bilirubin_total <= 0.000)
",9999999.000,9999999.000,0.000,1.000,0.000,0,0,10,0,0,10,10,0,0.0,0.0,1.0,0.0,0.0,1.0,1
"G[0,2](TroponinI >= 0.000 & Calcium >= 0.230)
",9999999.000,9999999.000,0.000,1.000,0.000,0,0,0,10,10,0,0,10,0.0,0.0,0.0,0.0,0.0,1.0,1
"G[2,2]((Hgb <= 11.071 | PTT >= 0.000) & TroponinI >= 0.000)
",0.000,0.000,0.000,1.000,0.000,0,0,10,0,0,10,10,0,0.0,0.0,1.0,0.0,0.0,1.0,1
"G[1,2]((Potassium <= 2.529 & BaseExcess >= 0.000) & Potassium >= 0.000)
",9999999.000,9999999.000,0.000,1.000,0.000,0,0,10,0,0,10,10,0,0.0,0.0,1.0,0.0,0.0,1.0,1
"G[2,2](((AST <= 0.000 -> TroponinI >= 0.000) & MAP <= 0.000) & Phosphate >= 0.000)
",0.000,0.000,0.000,1.000,0.000,0,0,10,0,0,10,10,0,0.0,0.0,1.0,0.0,0.0,1.0,1
"G[1,2](Hgb <= 4.522 -> MAP <= 85.050)
",9999999.000,9999999.000,0.000,1.000,0.000,0,0,8,2,2,8,8,2,0.0,0.0,1.0,0.0,0.0,1.0,1
"F[0,1]((Glucose >= 28.802 -> SepsisLabel >= 0.000) -> TroponinI <= 0.000)
",-9999999.000,-9999999.000,0.000,0.000,1.000,0,0,0,10,10,0,0,10,0.0,0.0,0.0,0.0,0.0,1.0,-1
"F[0,0](((BaseExcess >= 0.000 & Calcium <= 2.767) & MAP <= 6.953) -> SepsisLabel <= 5.191)
",-5.191,-5.191,0.000,0.000,1.000,0,0,0,10,10,0,0,10,0.0,0.0,0.0,0.0,0.0,1.0,-1
"((Alkalinephos <= 0.000) U[2,2] (SaO2 <= 0.000))
",0.000,0.000,0.000,0.000,1.000,0,0,0,10,10,0,0,10,0.0,0.0,0.0,0.0,0.0,1.0,-1
"F[1,1](((HR >= 3.834 | Bilirubin_total >= 0.000) & BaseExcess >= 0.000) | Calcium <= 0.000)
",0.000,0.000,0.000,0.000,1.000,0,0,0,10,10,0,0,10,0.0,0.0,0.0,0.0,0.0,1.0,-1
"F[0,2]((HCO3 >= 0.000 -> Bilirubin_total >= 0.000) -> Temp >= 0.000)
",-9999999.000,-9999999.000,0.000,0.000,1.000,0,0,0,10,10,0,0,10,0.0,0.0,0.0,0.0,0.0,1.0,-1
"F[0,1]((Glucose <= 112.229 | Bilirubin_total <= 0.000) | SBP <= 0.000)
",-9999999.000,-9999999.000,0.000,0.000,1.000,0,0,0,10,10,0,0,10,0.0,0.0,0.0,0.0,0.0,1.0,-1
"F[0,2](DBP >= 28.463 & HCO3 >= 0.000)
",-9999999.000,-9999999.000,0.000,0.000,1.000,0,0,0,10,10,0,0,10,0.0,0.0,0.0,0.0,0.0,1.0,-1
"F[1,2](DBP >= 46.819 & Calcium >= 0.305)
",-9999999.000,-9999999.000,0.000,0.000,1.000,0,0,0,10,10,0,0,10,0.0,0.0,0.0,0.0,0.0,1.0,-1
"F[2,2](((FiO2 >= 0.000 & Chloride <= 0.000) & EtCO2 >= 0.000) -> PaCO2 >= 0.000)
",0.000,0.000,0.000,0.000,1.000,0,0,0,10,10,0,0,10,0.0,0.0,0.0,0.0,0.0,1.0,-1
"((Glucose >= 18.073) U[0,2] (Hgb <= 7.503))
",-9999999.000,-9999999.000,0.000,0.000,1.000,0,0,0,10,10,0,0,10,0.0,0.0,0.0,0.0,0.0,1.0,-1
"F[1,1](Alkalinephos <= 0.000 | FiO2 <= 0.000)
",0.000,0.000,0.000,0.000,1.000,0,0,0,10,10,0,0,10,0.0,0.0,0.0,0.0,0.0,1.0,-1
"F[0,2](((Alkalinephos <= 0.000 | EtCO2 >= 0.000) -> FiO2 <= 0.000) -> Creatinine <= 0.000)
",-9999999.000,-9999999.000,0.000,0.000,1.000,0,0,0,10,10,0,0,10,0.0,0.0,0.0,0.0,0.0,1.0,-1
"((Glucose <= 49.790) U[2,2] (Hct <= 8.821))
",49.790,49.790,0.000,0.000,1.000,0,0,0,10,10,0,0,10,0.0,0.0,0.0,0.0,0.0,1.0,-1
"F[0,1]((pH <= 0.000 | FiO2 <= 0.000) & PTT <= 0.000)
",-9999999.000,-9999999.000,0.000,0.000,1.000,0,0,0,10,10,0,0,10,0.0,0.0,0.0,0.0,0.0,1.0,-1
"F[0,2](O2Sat <= 95.139 -> BUN <= 12.679)
",-9999999.000,-9999999.000,0.000,0.000,1.000,0,0,0,10,10,0,0,10,0.0,0.0,0.0,0.0,0.0,1.0,-1
"F[0,2]((Resp <= 19.063 -> SaO2 <= 0.000) -> O2Sat <= 0.000)
",-9999999.000,-9999999.000,0.000,0.000,1.000,0,0,0,10,10,0,0,10,0.0,0.0,0.0,0.0,0.0,1.0,-1
"F[0,1](O2Sat <= 87.387 | Glucose <= 86.087)
",-9999999.000,-9999999.000,0.000,0.000,1.000,0,0,0,10,10,0,0,10,0.0,0.0,0.0,0.0,0.0,1.0,-1
"F[0,1]((AST <= 0.000 -> EtCO2 >= 0.000) -> Magnesium >= 0.000)
",-9999999.000,-9999999.000,0.000,0.000,1.000,0,0,0,10,10,0,0,10,0.0,0.0,0.0,0.0,0.0,1.0,-1
"F[1,1](Platelets <= 84.963 -> PTT >= 0.000)
",-84.963,-84.963,0.000,0.000,1.000,0,0,0,10,10,0,0,10,0.0,0.0,0.0,0.0,0.0,1.0,-1
"((Temp <= 33.756) U[0,0] (Phosphate >= 0.000))
",0.333,3.376,0.000,0.000,1.000,0,0,0,10,10,0,0,10,0.0,0.0,0.0,0.0,0.0,1.0,-1
"F[1,2]((Creatinine <= 0.450 | EtCO2 <= 0.000) | Bilirubin_direct >= 0.000)
",-9999999.000,-9999999.000,0.000,0.000,1.000,0,0,0,10,10,0,0,10,0.0,0.0,0.0,0.0,0.0,1.0,-1
"F[1,2]((BUN <= 4.174 | SepsisLabel >= 0.000) | SepsisLabel >= 0.000)
",-9999999.000,-9999999.000,0.000,0.000,1.000,0,0,0,10,10,0,0,10,0.0,0.0,0.0,0.0,0.0,1.0,-1
"F[0,2](((Hgb >= 0.016 & Calcium >= 0.147) | TroponinI >= 0.357) -> Hct <= 2.053)
",-9999999.000,-9999999.000,0.000,0.000,1.000,0,0,0,10,10,0,0,10,0.0,0.0,0.0,0.0,0.0,1.0,-1
"G[0,2]((EtCO2 >= 0.000 | Hct >= 0.710) & Magnesium >= 0.637)
",9999999.000,9999999.000,0.000,1.000,0.000,0,0,0,10,10,0,0,10,0.0,0.0,0.0,0.0,0.0,1.0,1
"F[0,2](((Hct >= 1.482 & DBP <= 63.103) & Glucose >= 26.553) & Resp >= 33.949)
",-9999999.000,-9999999.000,0.000,0.000,1.000,0,0,0,10,10,0,0,10,0.0,0.0,0.0,0.0,0.0,1.0,-1
"F[0,0](((Hct <= 6.490 & WBC <= 8.176) | EtCO2 >= 0.237) | pH <= 8.315)
",3.261,15.774,0.000,0.000,1.000,0,0,0,10,10,0,0,10,0.0,0.0,0.0,0.0,0.0,1.0,-1
"F[1,2](((SepsisLabel <= 0.000 | Hgb <= 7.391) | PTT >= 0.416) | Glucose <= 1.918)
",-9999999.000,-9999999.000,0.000,0.000,1.000,0,0,0,10,10,0,0,10,0.0,0.0,0.0,0.0,0.0,1.0,-1
"F[0,2](((BUN >= 0.543 -> O2Sat >= 31.664) & AST <= 86.611) | Alkalinephos <= 90.141)
",-9999999.000,-9999999.000,0.000,0.000,1.000,0,0,0,10,10,0,0,10,0.0,0.0,0.0,0.0,0.0,1.0,-1
"((Chloride <= 0.000) U[0,1] (AST <= 0.000))
",-9999999.000,-9999999.000,0.000,0.000,1.000,0,0,0,10,10,0,0,10,0.0,0.0,0.0,0.0,0.0,1.0,-1
"G[0,2]((PaCO2 >= 0.000 | SBP <= 126.780) -> EtCO2 <= 125.559)
",9999999.000,9999999.000,0.000,1.000,0.000,0,0,10,0,0,10,10,0,0.0,0.0,1.0,0.0,0.0,1.0,1
"G[0,2]((PaCO2 >= 0.000 & Alkalinephos >= 0.000) -> Calcium <= 0.000)
",9999999.000,9999999.000,0.000,1.000,0.000,0,0,9,1,1,9,9,1,0.0,0.0,1.0,0.0,0.0,1.0,1
"G[2,2](((SBP >= 91.626 & SepsisLabel <= 0.000) | O2Sat >= 0.000) -> Resp >= 0.000)
",0.000,0.000,0.000,1.000,0.000,0,0,10,0,0,10,10,0,0.0,0.0,1.0,0.0,0.0,1.0,1
"G[2,2](((Magnesium >= 0.011 -> O2Sat <= 95.580) -> Lactate >= 67.607) & Temp <= 94.660)
",4757413414026067.000,67.607,0.000,1.000,0.000,0,0,10,0,0,10,10,0,0.0,0.0,1.0,0.0,0.0,1.0,1
"G[0,2]((pH <= 0.000 -> Creatinine >= 0.021) & SaO2 <= 0.692)
",9999999.000,9999999.000,0.000,1.000,0.000,0,0,0,10,10,0,0,10,0.0,0.0,0.0,0.0,0.0,1.0,1
"G[0,2]((MAP <= 89.035 -> Potassium <= 3.234) & BaseExcess >= 0.272)
",9999999.000,9999999.000,0.000,1.000,0.000,0,0,0,10,10,0,0,10,0.0,0.0,0.0,0.0,0.0,1.0,1
"G[1,2](((SBP <= 115.041 & TroponinI <= 0.000) -> SaO2 >= 0.000) | Calcium >= 0.000)
",9999999.000,9999999.000,0.000,1.000,0.000,0,0,10,0,0,10,10,0,0.0,0.0,1.0,0.0,0.0,1.0,1
"G[0,1](((EtCO2 <= 0.000 & HR <= 58.078) -> PTT <= 62.347) & HCO3 >= 9.602)
",9999999.000,9999999.000,0.000,1.000,0.000,0,0,0,10,10,0,0,10,0.0,0.0,0.0,0.0,0.0,1.0,1
"G[2,2](((SBP <= 110.654 & DBP >= 45.407) -> Hgb >= 43.071) -> Magnesium <= 53.826)
",-53.826,-53.826,0.000,1.000,0.000,0,0,10,0,0,10,10,0,0.0,0.0,1.0,0.0,0.0,1.0,1
"G[1,2](Phosphate <= 0.000 -> Phosphate <= 0.000)
",9999999.000,9999999.000,0.000,1.000,0.000,0,0,10,0,0,10,10,0,0.0,0.0,1.0,0.0,0.0,1.0,1
"G[2,2]((WBC >= 0.376 | Alkalinephos >= 0.000) | Potassium <= 0.000)
",0.000,0.000,0.000,1.000,0.000,0,0,10,0,0,10,10,0,0.0,0.0,1.0,0.0,0.0,1.0,1
"G[2,2]((Bilirubin_direct >= 0.000 -> Calcium >= 0.284) -> BUN >= 0.025)
",0.000,0.000,0.000,1.000,0.000,0,0,10,0,0,10,10,0,0.0,0.0,1.0,0.0,0.0,1.0,1
"G[1,2]((Creatinine >= 0.034 | DBP >= 14.903) & HR >= 27.507)
",9999999.000,9999999.000,0.000,1.000,0.000,0,0,10,0,0,10,10,0,0.0,0.0,1.0,0.0,0.0,1.0,1
"G[0,2]((DBP <= 59.027 -> Platelets >= 2.301) | Fibrinogen >= 2.163)
",9999999.000,9999999.000,0.000,1.000,0.000,0,0,4,6,6,4,4,6,0.0,0.0,1.0,0.0,0.0,1.0,1
"G[0,2]((Calcium <= 1.814 -> DBP >= 9.153) & HCO3 <= 57.002)
",9999999.000,9999999.000,0.000,1.000,0.000,0,0,8,2,2,8,8,2,0.0,0.0,1.0,0.0,0.0,1.0,1
"G[0,2](BUN >= 0.705 | SBP >= 73.703)
",9999999.000,9999999.000,0.000,1.000,0.000,0,0,8,2,2,8,8,2,0.0,0.0,1.0,0.0,0.0,1.0,1
"G[0,2]((O2Sat >= 81.242 & Platelets <= 55.190) & Hgb <= 40.899)
",9999999.000,9999999.000,0.000,1.000,0.000,0,0,7,3,3,7,7,3,0.0,0.0,1.0,0.0,0.0,1.0,1
"G[2,2](((PaCO2 >= 0.000 | Calcium >= 0.371) | Platelets >= 0.030) & Resp >= 0.274)
",-0.274,-0.274,0.000,1.000,0.000,0,0,10,0,0,10,10,0,0.0,0.0,1.0,0.0,0.0,1.0,1
"G[0,2]((Creatinine >= 0.024 -> Temp >= 25.187) -> MAP >= 10.675)
",9999999.000,9999999.000,0.000,1.000,0.000,0,0,8,2,2,8,8,2,0.0,0.0,1.0,0.0,0.0,1.0,1
"G[0,2](Creatinine >= 0.016 -> Resp <= 20.717)
",9999999.000,9999999.000,0.000,1.000,0.000,0,0,10,0,0,10,10,0,0.0,0.0,1.0,0.0,0.0,1.0,1
"G[0,2](((Glucose >= 8.935 | O2Sat >= 63.100) & Bilirubin_direct <= 88.545) | pH >= 27.128)
",9999999.000,9999999.000,0.000,1.000,0.000,0,0,8,2,2,8,8,2,0.0,0.0,1.0,0.0,0.0,1.0,1
"G[0,2](((Glucose <= 89.950 -> Magnesium >= 0.053) & Hgb <= 0.696) | Bilirubin_total <= 0.293)
",9999999.000,9999999.000,0.000,1.000,0.000,0,0,10,0,0,10,10,0,0.0,0.0,1.0,0.0,0.0,1.0,1
"G[0,1](((Glucose <= 86.349 | WBC <= 8.994) & Creatinine >= 0.148) | Hct >= 0.452)
",9999999.000,9999999.000,0.000,1.000,0.000,0,0,0,10,10,0,0,10,0.0,0.0,0.0,0.0,0.0,1.0,1
"G[0,2](((MAP >= 40.319 & WBC >= 0.428) & TroponinI <= 5.255) | Alkalinephos >= 0.291)
",9999999.000,9999999.000,0.000,1.000,0.000,0,0,0,10,10,0,0,10,0.0,0.0,0.0,0.0,0.0,1.0,1
"G[1,1](((O2Sat >= 52.408 & Resp >= 7.372) & HCO3 >= 11.865) | Bilirubin_total >= 5.369)
",-5.369,-5.369,0.000,1.000,0.000,0,0,0,10,10,0,0,10,0.0,0.0,0.0,0.0,0.0,1.0,1
"G[0,2](((BUN >= 0.431 & Platelets <= 23.086) -> Bilirubin_total >= 2.418) -> SBP <= 16.474)
",9999999.000,9999999.000,0.000,1.000,0.000,0,0,0,10,10,0,0,10,0.0,0.0,0.0,0.0,0.0,1.0,1
"G[0,2]((BUN >= 0.106 | Alkalinephos >= 0.000) & SaO2 <= 0.000)
",9999999.000,9999999.000,0.000,1.000,0.000,0,0,10,0,0,10,10,0,0.0,0.0,1.0,0.0,0.0,1.0,1
"G[1,2](O2Sat >= 68.403 | Hgb <= 8.181)
",9999999.000,9999999.000,0.000,1.000,0.000,0,0,10,0,0,10,10,0,0.0,0.0,1.0,0.0,0.0,1.0,1
"G[0,0]((HCO3 >= 0.000 | Magnesium >= 0.030) -> AST >= 0.046)
",0.000,0.000,0.000,1.000,0.000,0,0,0,10,10,0,0,10,0.0,0.0,0.0,0.0,0.0,1.0,1
"G[1,2]((DBP >= 0.964 -> Calcium >= 0.082) -> SaO2 <= 3.846)
",9999999.000,9999999.000,0.000,1.000,0.000,0,0,10,0,0,10,10,0,0.0,0.0,1.0,0.0,0.0,1.0,1
"G[0,2](PTT <= 0.000 -> TroponinI >= 0.000)
",9999999.000,9999999.000,0.000,1.000,0.000,0,0,10,0,0,10,10,0,0.0,0.0,1.0,0.0,0.0,1.0,1
"G[0,2]((EtCO2 <= 0.000 & FiO2 >= 0.000) & SaO2 >= 0.000)
",9999999.000,9999999.000,0.000,1.000,0.000,0,0,10,0,0,10,10,0,0.0,0.0,1.0,0.0,0.0,1.0,1
"G[0,2](WBC >= 0.502 | TroponinI <= 0.000)
",9999999.000,9999999.000,0.000,1.000,0.000,0,0,10,0,0,10,10,0,0.0,0.0,1.0,0.0,0.0,1.0,1
"G[2,2]((Alkalinephos <= 0.000 & BUN <= 2.634) | Fibrinogen <= 0.979)
",0.979,0.979,0.000,1.000,0.000,0,0,10,0,0,10,10,0,0.0,0.0,1.0,0.0,0.0,1.0,1
"G[1,2]((Glucose >= 36.165 -> Lactate >= 0.000) -> EtCO2 <= 0.000)
",9999999.000,9999999.000,0.000,1.000,0.000,0,0,10,0,0,10,10,0,0.0,0.0,1.0,0.0,0.0,1.0,1
"G[2,2](WBC <= 4.303 -> O2Sat <= 95.079)
",-95.079,-95.079,0.000,1.000,0.000,0,0,10,0,0,10,10,0,0.0,0.0,1.0,0.0,0.0,1.0,1
"G[2,2](((DBP <= 59.610 & Alkalinephos >= 0.000) | Calcium <= 0.000) & Glucose <= 0.000)
",0.000,0.000,0.000,1.000,0.000,0,0,10,0,0,10,10,0,0.0,0.0,1.0,0.0,0.0,1.0,1
"G[2,2](((EtCO2 <= 0.000 -> WBC <= 10.079) -> FiO2 <= 8.987) | HR >= 0.012)
",-0.012,-0.012,0.000,1.000,0.000,0,0,10,0,0,10,10,0,0.0,0.0,1.0,0.0,0.0,1.0,1
"G[0,1](EtCO2 <= 0.000 & Creatinine >= 0.027)
",9999999.000,9999999.000,0.000,1.000,0.000,0,0,0,10,10,0,0,10,0.0,0.0,0.0,0.0,0.0,1.0,1
"G[2,2](((EtCO2 <= 0.000 -> SepsisLabel <= 0.000) & MAP >= 0.000) | Resp >= 0.000)
",0.000,0.000,0.000,1.000,0.000,0,0,10,0,0,10,10,0,0.0,0.0,1.0,0.0,0.0,1.0,1
"G[2,2](DBP <= 61.686 -> Platelets <= 41.719)
",-4340784244168301.000,-61.686,0.000,1.000,0.000,0,0,10,0,0,10,10,0,0.0,0.0,1.0,0.0,0.0,1.0,1
"G[1,1]((pH <= 0.000 & Calcium >= 0.148) | Fibrinogen >= 0.360)
",-0.148,-0.148,0.000,1.000,0.000,0,0,0,10,10,0,0,10,0.0,0.0,0.0,0.0,0.0,1.0,1
"G[0,2](((Creatinine >= 0.035 & PaCO2 >= 0.000) -> O2Sat <= 0.000) & HCO3 <= 0.000)
",9999999.000,9999999.000,0.000,1.000,0.000,0,0,9,1,1,9,9,1,0.0,0.0,1.0,0.0,0.0,1.0,1
"G[0,2](EtCO2 >= 0.000 | Alkalinephos <= 0.000)
",9999999.000,9999999.000,0.000,1.000,0.000,0,0,10,0,0,10,10,0,0.0,0.0,1.0,0.0,0.0,1.0,1
"G[1,2](Magnesium >= 0.012 | Fibrinogen <= 0.000)
",9999999.000,9999999.000,0.000,1.000,0.000,0,0,10,0,0,10,10,0,0.0,0.0,1.0,0.0,0.0,1.0,1
"G[0,2](((O2Sat >= 55.380 & BaseExcess <= 0.000) | Potassium >= 0.000) & Glucose <= 0.000)
",9999999.000,9999999.000,0.000,1.000,0.000,0,0,3,7,7,3,3,7,0.0,0.0,1.0,0.0,0.0,1.0,1
"G[1,2]((Phosphate >= 0.000 | Platelets >= 2.967) | BUN >= 1.571)
",9999999.000,9999999.000,0.000,1.000,0.000,0,0,10,0,0,10,10,0,0.0,0.0,1.0,0.0,0.0,1.0,1
"G[0,1]((O2Sat >= 43.457 | Magnesium >= 0.023) & AST >= 0.029)
",9999999.000,9999999.000,0.000,1.000,0.000,0,0,0,10,10,0,0,10,0.0,0.0,0.0,0.0,0.0,1.0,1
"G[1,2]((pH <= 0.000 | BUN <= 6.642) & Hgb >= 0.155)
",9999999.000,9999999.000,0.000,1.000,0.000,0,0,0,10,10,0,0,10,0.0,0.0,0.0,0.0,0.0,1.0,1
"G[1,2](Chloride >= 0.000 | HR >= 37.761)
",9999999.000,9999999.000,0.000,1.000,0.000,0,0,10,0,0,10,10,0,0.0,0.0,1.0,0.0,0.0,1.0,1
"G[1,2](BaseExcess <= 0.000 | FiO2 <= 0.000)
",9999999.000,9999999.000,0.000,1.000,0.000,0,0,10,0,0,10,10,0,0.0,0.0,1.0,0.0,0.0,1.0,1
"G[2,2](((SepsisLabel <= 0.000 -> MAP >= 29.041) & BaseExcess >= 42.817) -> Alkalinephos <= 77.143)
",-5428469455100786.000,-77.143,0.000,1.000,0.000,0,0,10,0,0,10,10,0,0.0,0.0,1.0,0.0,0.0,1.0,1
"G[1,2](SepsisLabel >= 0.000 | HR >= 14.521)
",9999999.000,9999999.000,0.000,1.000,0.000,0,0,10,0,0,10,10,0,0.0,0.0,1.0,0.0,0.0,1.0,1
"G[1,2]((Temp >= 4.187 -> HCO3 >= 0.000) & Lactate >= 0.000)
",9999999.000,9999999.000,0.000,1.000,0.000,0,0,10,0,0,10,10,0,0.0,0.0,1.0,0.0,0.0,1.0,1
"G[1,2](Hgb <= 10.214 & MAP >= 66.504)
",9999999.000,9999999.000,0.000,1.000,0.000,0,0,10,0,0,10,10,0,0.0,0.0,1.0,0.0,0.0,1.0,1
"G[2,2](Lactate >= 0.000 & O2Sat >= 23.974)
",-23.974,-23.974,0.000,1.000,0.000,0,0,10,0,0,10,10,0,0.0,0.0,1.0,0.0,0.0,1.0,1
"G[2,2](Fibrinogen <= 0.000 & Bilirubin_direct <= 0.000)
",0.000,0.000,0.000,1.000,0.000,0,0,10,0,0,10,10,0,0.0,0.0,1.0,0.0,0.0,1.0,1
"G[0,2]((Resp >= 3.452 -> FiO2 >= 0.000) & SBP >= 0.000)
",9999999.000,9999999.000,0.000,1.000,0.000,0,0,10,0,0,10,10,0,0.0,0.0,1.0,0.0,0.0,1.0,1
"G[1,2]((HR <= 63.476 -> SepsisLabel >= 0.000) -> WBC >= 0.000)
",9999999.000,9999999.000,0.000,1.000,0.000,0,0,10,0,0,10,10,0,0.0,0.0,1.0,0.0,0.0,1.0,1
"F[0,2](Fibrinogen >= 0.000 -> SepsisLabel <= 0.000)
",-9999999.000,-9999999.000,0.000,0.000,1.000,0,0,0,10,10,0,0,10,0.0,0.0,0.0,0.0,0.0,1.0,-1
