Rule,Discrimination Score,Pos Robustness,Neg Robustness,Percent Class +,Percent Class -,TP,TN,FP,FN,Actual Yes,Actual No,Predicted Yes,Predicted No,TPR/Sens,TNR/Spec,FPR,Precision,Accuracy,MCR
"G[0,0](((AST >= 0.263 -> FiO2 >= 0.000) & HCO3 >= 0.000) | FiO2 >= 0.000)
",0.000,0.000,0.000,1.000,0.000,20,0,0,0,20,0,20,0,1.0,0.0,0.0,1.0,1.0256410256410255,-0.02564102564102555
"G[0,0]((MAP >= 2.894 -> Magnesium >= 0.000) | Calcium >= 0.000)
",0.236,2.842,0.000,1.000,0.000,20,0,0,0,20,0,20,0,1.0,0.0,0.0,1.0,1.0256410256410255,-0.02564102564102555
"G[0,0](((SBP >= 8.131 -> BaseExcess >= 0.000) -> TroponinI >= 0.000) -> Platelets <= 0.000)
",0.000,0.000,0.000,1.000,0.000,20,0,0,0,20,0,20,0,1.0,0.0,0.0,1.0,1.0256410256410255,-0.02564102564102555
"G[0,0](EtCO2 <= 0.000 & TroponinI <= 0.000)
",-0.600,-4.700,0.000,1.000,0.000,20,0,0,0,20,0,20,0,1.0,0.0,0.0,1.0,1.0256410256410255,-0.02564102564102555
"G[0,0]((Glucose >= 5.062 | PTT >= 0.000) & Resp >= 0.000)
",0.000,0.000,0.000,1.000,0.000,20,0,0,0,20,0,20,0,1.0,0.0,0.0,1.0,1.0256410256410255,-0.02564102564102555
"G[0,0]((WBC >= 0.300 -> Hgb >= 0.334) | Lactate <= 6.830)
",4.449,6.486,0.000,1.000,0.000,20,0,0,0,20,0,20,0,1.0,0.0,0.0,1.0,1.0256410256410255,-0.02564102564102555
"G[0,0]((Creatinine >= 0.022 & SaO2 <= 0.000) | pH <= 0.000)
",0.000,0.000,0.000,1.000,0.000,20,0,0,0,20,0,20,0,1.0,0.0,0.0,1.0,1.0256410256410255,-0.02564102564102555
"G[0,0](((Bilirubin_total <= 0.061 | FiO2 <= 0.000) -> Hgb >= 0.000) | PaCO2 <= 0.000)
",0.000,0.000,0.000,1.000,0.000,20,0,0,0,20,0,20,0,1.0,0.0,0.0,1.0,1.0256410256410255,-0.02564102564102555
"G[0,0]((O2Sat <= 32.678 -> Magnesium >= 0.000) -> BaseExcess >= 0.000)
",0.000,0.000,0.000,1.000,0.000,20,0,0,0,20,0,20,0,1.0,0.0,0.0,1.0,1.0256410256410255,-0.02564102564102555
"G[0,0](((PTT <= 0.000 & SepsisLabel >= 0.000) -> Alkalinephos >= 0.000) | Resp <= 0.000)
",0.000,0.000,0.000,1.000,0.000,20,0,0,0,20,0,20,0,1.0,0.0,0.0,1.0,1.0256410256410255,-0.02564102564102555
"G[0,0](((Hgb <= 2.720 | Chloride <= 0.000) & Potassium >= 0.000) & BaseExcess <= 0.000)
",0.000,0.000,0.000,1.000,0.000,20,0,0,0,20,0,20,0,1.0,0.0,0.0,1.0,1.0256410256410255,-0.02564102564102555
"G[0,0](pH <= 0.000 | WBC >= 0.301)
",0.000,0.000,0.000,1.000,0.000,20,0,0,0,20,0,20,0,1.0,0.0,0.0,1.0,1.0256410256410255,-0.02564102564102555
"G[0,0]((Bilirubin_total <= 0.237 -> Potassium >= 0.140) | Platelets <= 0.286)
",0.286,0.286,0.000,1.000,0.000,20,0,0,0,20,0,20,0,1.0,0.0,0.0,1.0,1.0256410256410255,-0.02564102564102555
"G[0,0](((Glucose <= 50.355 -> SaO2 >= 0.000) | Glucose <= 0.000) -> Chloride <= 0.000)
",0.000,0.000,0.000,1.000,0.000,20,0,0,0,20,0,20,0,1.0,0.0,0.0,1.0,1.0256410256410255,-0.02564102564102555
"G[0,0](((Calcium >= 0.085 & Resp <= 8.363) & WBC <= 13.844) -> Chloride <= 4.889)
",-6.540,-5.072,0.000,1.000,0.000,20,0,0,0,20,0,20,0,1.0,0.0,0.0,1.0,1.0256410256410255,-0.02564102564102555
"G[1,1]((Calcium >= 0.345 | HR >= 3.289) -> MAP <= 93.948)
",-6610987435015220.000,-93.948,0.000,1.000,0.000,19,0,1,0,19,1,20,0,1.0,0.0,1.0,0.95,0.9743589743589743,0.02564102564102566
"G[1,1]((DBP >= 2.986 -> SBP >= 22.883) | HCO3 >= 5.592)
",6724207580523742.000,2.986,0.000,1.000,0.000,19,0,1,0,19,1,20,0,1.0,0.0,1.0,0.95,0.9743589743589743,0.02564102564102566
"G[1,1](Fibrinogen <= 0.000 | Glucose <= 59.755)
",8409805316363885.000,59.755,0.000,1.000,0.000,19,0,1,0,19,1,20,0,1.0,0.0,1.0,0.95,0.9743589743589743,0.02564102564102566
"G[0,1](((MAP >= 8.657 & SBP <= 133.877) | Creatinine <= 123.656) & AST <= 90.544)
",9999999.000,9999999.000,0.000,1.000,0.000,19,0,1,0,19,1,20,0,1.0,0.0,1.0,0.95,0.9743589743589743,0.02564102564102566
"G[1,1](PTT >= 0.000 & SepsisLabel = 0.000)
",0.000,0.000,0.000,1.000,0.000,19,0,1,0,19,1,20,0,1.0,0.0,1.0,0.95,0.9743589743589743,0.02564102564102566
"G[1,1](((HR >= 20.711 & HR >= 3.588) -> Bilirubin_direct >= 10.727) -> Fibrinogen <= 75.515)
",-75.515,-75.515,0.000,1.000,0.000,19,0,1,0,19,1,20,0,1.0,0.0,1.0,0.95,0.9743589743589743,0.02564102564102566
"G[1,1](((Alkalinephos >= 1.745 -> WBC >= 0.256) | Glucose <= 9.675) -> Magnesium <= 5.636)
",-5446355777845118.000,-9.675,0.000,1.000,0.000,19,0,1,0,19,1,20,0,1.0,0.0,1.0,0.95,0.9743589743589743,0.02564102564102566
"G[1,1](((Potassium <= 0.865 | Resp >= 2.224) & Fibrinogen >= 3.305) -> AST >= 3.071)
",6915026339518115.000,3.071,0.000,1.000,0.000,19,0,1,0,19,1,20,0,1.0,0.0,1.0,0.95,0.9743589743589743,0.02564102564102566
"G[0,0](AST <= 2.704 & SepsisLabel = 0.000)
",0.000,0.000,0.000,1.000,0.000,19,0,0,1,20,0,19,1,0.95,0.0,0.0,1.0,0.9743589743589743,0.02564102564102566
"G[0,1]((Bilirubin_total <= 0.197 | Hgb >= 0.042) | WBC >= 0.105)
",9999999.000,9999999.000,0.000,1.000,0.000,19,0,1,0,19,1,20,0,1.0,0.0,1.0,0.95,0.9743589743589743,0.02564102564102566
"G[1,1]((Bilirubin_direct <= 0.000 | Temp >= 3.828) -> pH <= 11.121)
",-6260532395685438.000,-11.121,0.000,1.000,0.000,19,0,1,0,19,1,20,0,1.0,0.0,1.0,0.95,0.9743589743589743,0.02564102564102566
"G[1,1](Glucose <= 56.148 -> SepsisLabel = 0.000)
",-7902106090053807.000,-56.148,0.000,1.000,0.000,19,0,1,0,19,1,20,0,1.0,0.0,1.0,0.95,0.9743589743589743,0.02564102564102566
"G[0,0](HCO3 <= 0.000 & BUN <= 18.778)
",0.000,0.000,0.000,1.000,0.000,19,0,0,1,20,0,19,1,0.95,0.0,0.0,1.0,0.9743589743589743,0.02564102564102566
"G[0,1](((Alkalinephos >= 2.692 & SBP >= 13.413) | HCO3 >= 9.596) -> Bilirubin_direct <= 128.339)
",9999999.000,9999999.000,0.000,1.000,0.000,19,0,1,0,19,1,20,0,1.0,0.0,1.0,0.95,0.9743589743589743,0.02564102564102566
"G[0,1](Hgb >= 0.343 -> MAP <= 53.346)
",9999999.000,9999999.000,0.000,1.000,0.000,19,0,1,0,19,1,20,0,1.0,0.0,1.0,0.95,0.9743589743589743,0.02564102564102566
"G[0,1]((Calcium >= 0.428 & SBP <= 90.726) -> Hct <= 46.060)
",9999999.000,9999999.000,0.000,1.000,0.000,19,0,1,0,19,1,20,0,1.0,0.0,1.0,0.95,0.9743589743589743,0.02564102564102566
"G[1,1]((HR <= 35.741 & Resp <= 14.090) | Potassium <= 17.742)
",4993825989956057.000,17.742,0.000,1.000,0.000,19,0,1,0,19,1,20,0,1.0,0.0,1.0,0.95,0.9743589743589743,0.02564102564102566
"G[1,1](((SBP >= 5.072 | Temp <= 22.433) & BUN <= 20.836) | Hct >= 2.774)
",5864691583592709.000,20.836,0.000,1.000,0.000,19,0,1,0,19,1,20,0,1.0,0.0,1.0,0.95,0.9743589743589743,0.02564102564102566
"G[0,1](Chloride >= 0.000 & HCO3 >= 0.000)
",9999999.000,9999999.000,0.000,1.000,0.000,19,0,1,0,19,1,20,0,1.0,0.0,1.0,0.95,0.9743589743589743,0.02564102564102566
"G[0,1]((pH <= 0.000 -> Bilirubin_direct >= 0.000) | Calcium <= 0.000)
",9999999.000,9999999.000,0.000,1.000,0.000,19,0,1,0,19,1,20,0,1.0,0.0,1.0,0.95,0.9743589743589743,0.02564102564102566
"G[0,1](((MAP >= 1.913 -> Fibrinogen <= 0.000) -> Temp >= 0.000) | Hgb >= 0.000)
",9999999.000,9999999.000,0.000,1.000,0.000,19,0,1,0,19,1,20,0,1.0,0.0,1.0,0.95,0.9743589743589743,0.02564102564102566
"G[0,1]((Hgb >= 0.400 & Temp >= 5.170) -> Temp >= 5.166)
",9999999.000,9999999.000,0.000,1.000,0.000,19,0,1,0,19,1,20,0,1.0,0.0,1.0,0.95,0.9743589743589743,0.02564102564102566
"G[0,1](Potassium <= 0.666 -> Chloride <= 0.000)
",9999999.000,9999999.000,0.000,1.000,0.000,19,0,1,0,19,1,20,0,1.0,0.0,1.0,0.95,0.9743589743589743,0.02564102564102566
"G[1,1](Chloride >= 0.000 & HCO3 >= 0.000)
",0.000,0.000,0.000,1.000,0.000,19,0,1,0,19,1,20,0,1.0,0.0,1.0,0.95,0.9743589743589743,0.02564102564102566
"G[0,1](pH >= 0.000 & Lactate >= 0.000)
",9999999.000,9999999.000,0.000,1.000,0.000,19,0,1,0,19,1,20,0,1.0,0.0,1.0,0.95,0.9743589743589743,0.02564102564102566
"G[0,1](((Calcium >= 0.099 -> Hgb <= 9.086) & BaseExcess >= 0.447) -> PTT <= 6.690)
",9999999.000,9999999.000,0.000,1.000,0.000,19,0,1,0,19,1,20,0,1.0,0.0,1.0,0.95,0.9743589743589743,0.02564102564102566
"G[1,1]((O2Sat <= 35.421 | FiO2 >= 0.000) -> Phosphate >= 0.000)
",-4985036729820117.000,-35.421,0.000,1.000,0.000,19,0,1,0,19,1,20,0,1.0,0.0,1.0,0.95,0.9743589743589743,0.02564102564102566
"G[0,1]((SBP >= 13.673 -> Magnesium >= 0.000) | Calcium >= 0.000)
",9999999.000,9999999.000,0.000,1.000,0.000,19,0,1,0,19,1,20,0,1.0,0.0,1.0,0.95,0.9743589743589743,0.02564102564102566
"G[0,1](Chloride >= 0.000 & HCO3 >= 0.000)
",9999999.000,9999999.000,0.000,1.000,0.000,19,0,1,0,19,1,20,0,1.0,0.0,1.0,0.95,0.9743589743589743,0.02564102564102566
"G[0,1]((FiO2 <= 0.000 & Magnesium >= 0.000) | Hct >= 0.000)
",9999999.000,9999999.000,0.000,1.000,0.000,19,0,1,0,19,1,20,0,1.0,0.0,1.0,0.95,0.9743589743589743,0.02564102564102566
"G[1,1]((Chloride >= 0.000 & pH <= 0.000) & PTT >= 0.000)
",0.000,0.000,0.000,1.000,0.000,19,0,1,0,19,1,20,0,1.0,0.0,1.0,0.95,0.9743589743589743,0.02564102564102566
"G[0,1](((Magnesium <= 0.000 & Temp >= 4.418) -> Fibrinogen <= 33.567) & Bilirubin_direct <= 30.498)
",9999999.000,9999999.000,0.000,1.000,0.000,19,0,1,0,19,1,20,0,1.0,0.0,1.0,0.95,0.9743589743589743,0.02564102564102566
"G[0,0](Alkalinephos <= 29.985 | Calcium <= 4.593)
",6.478,28.933,0.000,1.000,0.000,19,0,0,1,20,0,19,1,0.95,0.0,0.0,1.0,0.9743589743589743,0.02564102564102566
"G[1,1](Bilirubin_direct >= 0.000 -> HR <= 85.476)
",-85.476,-85.476,0.000,1.000,0.000,18,0,1,1,19,1,19,1,0.9473684210526315,0.0,1.0,0.9473684210526315,0.9230769230769231,0.07692307692307687
"G[1,1](((HCO3 <= 0.000 -> BUN >= 0.535) & O2Sat >= 0.842) | Hct <= 13.318)
",7497182967749541.000,13.318,0.000,1.000,0.000,18,0,1,1,19,1,19,1,0.9473684210526315,0.0,1.0,0.9473684210526315,0.9230769230769231,0.07692307692307687
"G[0,1]((Lactate <= 0.000 & Bilirubin_total <= 0.049) | Platelets <= 0.259)
",9999999.000,9999999.000,0.000,1.000,0.000,18,0,1,1,19,1,19,1,0.9473684210526315,0.0,1.0,0.9473684210526315,0.9230769230769231,0.07692307692307687
"G[0,1](((Chloride >= 0.000 -> Magnesium >= 0.000) -> Glucose >= 0.000) -> Hct <= 0.000)
",9999999.000,9999999.000,0.000,1.000,0.000,18,0,1,1,19,1,19,1,0.9473684210526315,0.0,1.0,0.9473684210526315,0.9230769230769231,0.07692307692307687
"G[0,1]((Platelets <= 1.581 | Resp >= 0.324) | PaCO2 >= 0.177)
",9999999.000,9999999.000,0.000,1.000,0.000,18,0,1,1,19,1,19,1,0.9473684210526315,0.0,1.0,0.9473684210526315,0.9230769230769231,0.07692307692307687
"G[0,1](((SaO2 <= 0.000 -> Calcium <= 3.381) -> Glucose >= 0.290) -> BUN <= 3.705)
",9999999.000,9999999.000,0.000,1.000,0.000,17,0,1,2,19,1,18,2,0.8947368421052632,0.0,1.0,0.9444444444444444,0.8717948717948718,0.1282051282051282
"G[0,1](Alkalinephos <= 3.104 & SaO2 >= 0.000)
",9999999.000,9999999.000,0.000,1.000,0.000,17,0,1,2,19,1,18,2,0.8947368421052632,0.0,1.0,0.9444444444444444,0.8717948717948718,0.1282051282051282
"G[0,1](((FiO2 >= 0.000 -> Bilirubin_total >= 0.013) & SaO2 <= 0.082) -> Fibrinogen >= 0.011)
",9999999.000,9999999.000,0.000,1.000,0.000,17,0,1,2,19,1,18,2,0.8947368421052632,0.0,1.0,0.9444444444444444,0.8717948717948718,0.1282051282051282
"G[0,1](Glucose <= 46.663 & Bilirubin_direct >= 0.000)
",9999999.000,9999999.000,0.000,1.000,0.000,17,0,1,2,19,1,18,2,0.8947368421052632,0.0,1.0,0.9444444444444444,0.8717948717948718,0.1282051282051282
"G[0,0]((HR >= 18.612 -> WBC >= 0.308) & Fibrinogen <= 8.708)
",-8701366732139852.000,-31655.388,0.000,1.000,0.000,15,0,0,5,20,0,15,5,0.75,0.0,0.0,1.0,0.7692307692307693,0.23076923076923073
"G[0,0]((FiO2 >= 0.000 & Lactate <= 0.000) & MAP <= 0.000)
",-0.678,-35.947,0.000,1.000,0.000,15,0,0,5,20,0,15,5,0.75,0.0,0.0,1.0,0.7692307692307693,0.23076923076923073
"G[0,0]((SepsisLabel <= 0.000 -> EtCO2 >= 0.000) -> O2Sat <= 0.000)
",0.597,4.684,0.000,1.000,0.000,15,0,0,5,20,0,15,5,0.75,0.0,0.0,1.0,0.7692307692307693,0.23076923076923073
"G[0,0](Temp <= 21.216 | Alkalinephos >= 1.459)
",1.527,15.249,0.000,1.000,0.000,15,0,0,5,20,0,15,5,0.75,0.0,0.0,1.0,0.7692307692307693,0.23076923076923073
"G[1,1](((Hgb >= 0.110 & Hct >= 0.531) | O2Sat <= 15.217) & Hgb <= 3.033)
",6829951730905228.000,3.033,0.000,1.000,0.000,13,0,1,6,19,1,14,6,0.6842105263157895,0.0,1.0,0.9285714285714286,0.6666666666666666,0.33333333333333337
"G[0,1](((Calcium <= 6.377 & MAP <= 30.921) | Lactate >= 12.931) & PTT <= 66.484)
",9999999.000,9999999.000,0.000,1.000,0.000,10,0,0,10,20,0,10,10,0.5,0.0,0.0,1.0,0.5128205128205128,0.4871794871794872
"G[0,1](Resp <= 13.312 & Chloride >= 0.000)
",9999999.000,9999999.000,0.000,1.000,0.000,10,0,0,10,20,0,10,10,0.5,0.0,0.0,1.0,0.5128205128205128,0.4871794871794872
"G[0,1](MAP <= 54.881 | Hct >= 0.344)
",9999999.000,9999999.000,0.000,1.000,0.000,10,0,0,10,20,0,10,10,0.5,0.0,0.0,1.0,0.5128205128205128,0.4871794871794872
"G[0,1](((Platelets >= 0.243 | Bilirubin_direct <= 0.000) | SaO2 >= 0.000) -> DBP <= 0.000)
",9999999.000,9999999.000,0.000,1.000,0.000,10,0,0,10,20,0,10,10,0.5,0.0,0.0,1.0,0.5128205128205128,0.4871794871794872
"G[0,1](((Calcium <= 5.680 & O2Sat <= 57.138) | Lactate >= 24.886) & Alkalinephos <= 75.944)
",9999999.000,9999999.000,0.000,1.000,0.000,10,0,0,10,20,0,10,10,0.5,0.0,0.0,1.0,0.5128205128205128,0.4871794871794872
"G[0,0](((Bilirubin_direct >= 0.000 -> Hct >= 0.179) | Temp >= 0.179) & pH <= 5.013)
",0.592,1.310,0.000,1.000,0.000,5,0,0,15,20,0,5,15,0.25,0.0,0.0,1.0,0.2564102564102564,0.7435897435897436
"G[1,1](((WBC <= 7.526 | SBP <= 134.391) | Fibrinogen >= 2.004) & HR >= 12.395)
",-6977693967479828.000,-12.395,0.000,1.000,0.000,5,0,1,14,19,1,6,14,0.2631578947368421,0.0,1.0,0.8333333333333334,0.2564102564102564,0.7435897435897436
"G[1,1]((Calcium <= 6.891 & Potassium >= 0.003) | SBP >= 0.187)
",-0.003,-0.003,0.000,1.000,0.000,5,0,1,14,19,1,6,14,0.2631578947368421,0.0,1.0,0.8333333333333334,0.2564102564102564,0.7435897435897436
"G[0,0](((Magnesium <= 0.000 & MAP >= 7.790) | HR <= 87.268) & Alkalinephos >= 17.366)
",-7.886,-16.862,0.000,1.000,0.000,1,0,0,19,20,0,1,19,0.05,0.0,0.0,1.0,0.05128205128205128,0.9487179487179487
"G[1,1](Hgb <= 10.244 -> Potassium >= 0.130)
",-5766696812729966.000,-10.244,0.000,1.000,0.000,1,0,1,18,19,1,2,18,0.05263157894736842,0.0,1.0,0.5,0.05128205128205128,0.9487179487179487
"G[1,1](BUN <= 17.680 & Creatinine >= 0.011)
",-6470001838741915.000,-0.011,0.000,1.000,0.000,1,0,1,18,19,1,2,18,0.05263157894736842,0.0,1.0,0.5,0.05128205128205128,0.9487179487179487
"G[1,1](Platelets <= 2.204 -> WBC >= 0.334)
",-4964024131767798.000,-2.204,0.000,1.000,0.000,1,0,1,18,19,1,2,18,0.05263157894736842,0.0,1.0,0.5,0.05128205128205128,0.9487179487179487
"G[0,1]((BaseExcess <= 0.000 & Resp >= 2.554) | WBC >= 3.455)
",9999999.000,9999999.000,0.000,1.000,0.000,1,0,1,18,19,1,2,18,0.05263157894736842,0.0,1.0,0.5,0.05128205128205128,0.9487179487179487
"G[0,0]((Glucose <= 58.833 & Platelets >= 0.282) | Hgb >= 0.349)
",-5081537019844414.000,-0.282,0.000,1.000,0.000,1,0,0,19,20,0,1,19,0.05,0.0,0.0,1.0,0.05128205128205128,0.9487179487179487
"G[1,1](((Hgb <= 8.446 | Hct <= 5.340) -> WBC >= 0.248) & Platelets >= 0.071)
",-4754752089054842.000,-8.446,0.000,1.000,0.000,1,0,1,18,19,1,2,18,0.05263157894736842,0.0,1.0,0.5,0.05128205128205128,0.9487179487179487
"G[1,1](BUN <= 15.142 & Creatinine >= 0.032)
",-4569852955087350.000,-0.032,0.000,1.000,0.000,1,0,1,18,19,1,2,18,0.05263157894736842,0.0,1.0,0.5,0.05128205128205128,0.9487179487179487
"G[0,1](((Hgb <= 1.820 | Hct <= 20.385) -> WBC >= 0.272) & Platelets >= 0.074)
",9999999.000,9999999.000,0.000,1.000,0.000,0,0,0,20,20,0,0,20,0.0,0.0,0.0,0.0,0.0,1.0
"G[0,0](((Magnesium >= 0.000 & Resp >= 1.689) & MAP <= 18.048) & Bilirubin_total <= 18.857)
",-0.636,-26.442,0.000,1.000,0.000,0,0,0,20,20,0,0,20,0.0,0.0,0.0,0.0,0.0,1.0
"G[0,2]((Calcium >= 0.009 | Magnesium <= 0.000) -> EtCO2 >= 0.000)
",9999999.000,9999999.000,0.000,1.000,0.000,0,0,20,0,0,20,20,0,0.0,0.0,1.0,0.0,0.0,1.0
"G[0,2](Hgb <= 9.629 -> SBP >= 22.168)
",9999999.000,9999999.000,0.000,1.000,0.000,0,0,3,17,17,3,3,17,0.0,0.0,1.0,0.0,0.0,1.0
"G[1,2](Chloride >= 0.000 & HCO3 >= 0.000)
",9999999.000,9999999.000,0.000,1.000,0.000,0,0,20,0,0,20,20,0,0.0,0.0,1.0,0.0,0.0,1.0
"G[0,2](((HR <= 92.390 & SepsisLabel >= 0.000) -> Resp >= 0.000) & Alkalinephos <= 0.000)
",9999999.000,9999999.000,0.000,1.000,0.000,0,0,18,2,2,18,18,2,0.0,0.0,1.0,0.0,0.0,1.0
"G[0,2](((SBP <= 93.042 & PTT <= 0.000) & Phosphate <= 0.000) -> Bilirubin_direct <= 0.000)
",9999999.000,9999999.000,0.000,1.000,0.000,0,0,20,0,0,20,20,0,0.0,0.0,1.0,0.0,0.0,1.0
"G[1,2]((AST >= 0.025 & Creatinine >= 0.027) -> TroponinI <= 0.722)
",9999999.000,9999999.000,0.000,1.000,0.000,0,0,20,0,0,20,20,0,0.0,0.0,1.0,0.0,0.0,1.0
"G[0,2]((Alkalinephos >= 0.456 & PaCO2 <= 0.000) -> Fibrinogen >= 0.000)
",9999999.000,9999999.000,0.000,1.000,0.000,0,0,20,0,0,20,20,0,0.0,0.0,1.0,0.0,0.0,1.0
"G[0,2](O2Sat >= 22.387 -> FiO2 <= 0.000)
",9999999.000,9999999.000,0.000,1.000,0.000,0,0,20,0,0,20,20,0,0.0,0.0,1.0,0.0,0.0,1.0
"G[1,2]((DBP <= 23.244 -> Chloride <= 0.000) -> Glucose <= 0.000)
",9999999.000,9999999.000,0.000,1.000,0.000,0,0,19,1,1,19,19,1,0.0,0.0,1.0,0.0,0.0,1.0
"G[1,2]((Potassium <= 3.541 & HCO3 <= 0.000) & Bilirubin_total <= 0.000)
",9999999.000,9999999.000,0.000,1.000,0.000,0,0,19,1,1,19,19,1,0.0,0.0,1.0,0.0,0.0,1.0
"G[0,1](Platelets <= 7.600 -> WBC >= 0.266)
",9999999.000,9999999.000,0.000,1.000,0.000,0,0,0,20,20,0,0,20,0.0,0.0,0.0,0.0,0.0,1.0
"G[2,2]((Lactate >= 0.000 & AST >= 0.240) & pH <= 3.468)
",-4329407019000086.500,-0.240,0.000,1.000,0.000,0,0,20,0,0,20,20,0,0.0,0.0,1.0,0.0,0.0,1.0
"G[2,2](((Bilirubin_total >= 0.006 & Calcium >= 0.048) -> Platelets <= 7.885) | Creatinine <= 6.834)
",6.834,6.834,0.000,1.000,0.000,0,0,20,0,0,20,20,0,0.0,0.0,1.0,0.0,0.0,1.0
"G[0,2](((Glucose >= 4.365 -> O2Sat >= 19.697) & Hct <= 54.170) & BaseExcess >= 0.120)
",9999999.000,9999999.000,0.000,1.000,0.000,0,0,0,20,20,0,0,20,0.0,0.0,0.0,0.0,0.0,1.0
"G[0,2](((SepsisLabel >= 0.000 | Phosphate >= 0.000) & AST >= 0.000) & Glucose >= 0.000)
",9999999.000,9999999.000,0.000,1.000,0.000,0,0,20,0,0,20,20,0,0.0,0.0,1.0,0.0,0.0,1.0
"G[2,2]((TroponinI <= 0.000 | HCO3 >= 0.000) & SBP <= 0.000)
",0.000,0.000,0.000,1.000,0.000,0,0,20,0,0,20,20,0,0.0,0.0,1.0,0.0,0.0,1.0
"G[0,2](BaseExcess >= 0.000 & WBC <= 2.548)
",9999999.000,9999999.000,0.000,1.000,0.000,0,0,19,1,1,19,19,1,0.0,0.0,1.0,0.0,0.0,1.0
"G[0,0]((FiO2 <= 0.000 & Hct >= 0.086) & AST <= 20.319)
",-6201964994805020.000,-0.086,0.000,1.000,0.000,0,0,0,20,20,0,0,20,0.0,0.0,0.0,0.0,0.0,1.0
"G[0,1](Phosphate >= 0.000 & DBP >= 10.479)
",9999999.000,9999999.000,0.000,1.000,0.000,0,0,1,19,19,1,1,19,0.0,0.0,1.0,0.0,0.0,1.0
"G[2,2]((Fibrinogen >= 0.000 & Resp <= 6.618) & SepsisLabel <= 5.278)
",0.000,0.000,0.000,1.000,0.000,0,0,20,0,0,20,20,0,0.0,0.0,1.0,0.0,0.0,1.0
"G[2,2](BUN <= 3.567 & Creatinine >= 0.007)
",-0.007,-0.007,0.000,1.000,0.000,0,0,20,0,0,20,20,0,0.0,0.0,1.0,0.0,0.0,1.0
"G[1,2](((Hgb <= 0.656 | Hct <= 20.048) -> WBC >= 0.231) & Platelets >= 0.386)
",9999999.000,9999999.000,0.000,1.000,0.000,0,0,2,18,18,2,2,18,0.0,0.0,1.0,0.0,0.0,1.0
"G[2,2](Fibrinogen >= 0.000 | Lactate <= 0.000)
",0.000,0.000,0.000,1.000,0.000,0,0,20,0,0,20,20,0,0.0,0.0,1.0,0.0,0.0,1.0
"G[1,2]((BaseExcess >= 0.000 & Hgb <= 7.992) | SepsisLabel <= 11.217)
",9999999.000,9999999.000,0.000,1.000,0.000,0,0,20,0,0,20,20,0,0.0,0.0,1.0,0.0,0.0,1.0
"G[0,2]((Hgb >= 0.508 -> BaseExcess <= 0.000) -> Bilirubin_total <= 0.000)
",9999999.000,9999999.000,0.000,1.000,0.000,0,0,18,2,2,18,18,2,0.0,0.0,1.0,0.0,0.0,1.0
"G[0,2](WBC >= 0.246 -> Magnesium >= 0.000)
",9999999.000,9999999.000,0.000,1.000,0.000,0,0,20,0,0,20,20,0,0.0,0.0,1.0,0.0,0.0,1.0
"G[0,2](((Calcium >= 0.306 & Creatinine <= 0.599) -> HR <= 0.756) | Glucose <= 0.722)
",9999999.000,9999999.000,0.000,1.000,0.000,0,0,20,0,0,20,20,0,0.0,0.0,1.0,0.0,0.0,1.0
"G[0,2](BUN <= 19.537 & Creatinine >= 0.006)
",9999999.000,9999999.000,0.000,1.000,0.000,0,0,0,20,20,0,0,20,0.0,0.0,0.0,0.0,0.0,1.0
"G[0,2](Fibrinogen <= 0.000 & MAP >= 2.071)
",9999999.000,9999999.000,0.000,1.000,0.000,0,0,1,19,19,1,1,19,0.0,0.0,1.0,0.0,0.0,1.0
"G[0,2](((Hgb <= 10.559 | Hct <= 20.529) -> WBC >= 0.151) & Platelets >= 0.098)
",9999999.000,9999999.000,0.000,1.000,0.000,0,0,0,20,20,0,0,20,0.0,0.0,0.0,0.0,0.0,1.0
"G[2,2](((Hct <= 21.455 | Hct >= 0.535) | Hct <= 33.323) & Glucose <= 16.214)
",16.214,16.214,0.000,1.000,0.000,0,0,20,0,0,20,20,0,0.0,0.0,1.0,0.0,0.0,1.0
"G[0,1](Platelets <= 8.502 -> WBC >= 0.293)
",9999999.000,9999999.000,0.000,1.000,0.000,0,0,0,20,20,0,0,20,0.0,0.0,0.0,0.0,0.0,1.0
"G[0,2](Chloride >= 0.000 & HCO3 >= 0.000)
",9999999.000,9999999.000,0.000,1.000,0.000,0,0,20,0,0,20,20,0,0.0,0.0,1.0,0.0,0.0,1.0
"G[0,1](BUN <= 15.464 & Creatinine >= 0.027)
",9999999.000,9999999.000,0.000,1.000,0.000,0,0,0,20,20,0,0,20,0.0,0.0,0.0,0.0,0.0,1.0
"G[0,2]((Glucose <= 113.895 -> SepsisLabel >= 0.000) & O2Sat <= 0.000)
",9999999.000,9999999.000,0.000,1.000,0.000,0,0,10,10,10,10,10,10,0.0,0.0,1.0,0.0,0.0,1.0
"G[1,2](Platelets <= 2.829 -> WBC >= 0.020)
",9999999.000,9999999.000,0.000,1.000,0.000,0,0,2,18,18,2,2,18,0.0,0.0,1.0,0.0,0.0,1.0
"G[1,2](Phosphate <= 0.000 | FiO2 >= 0.000)
",9999999.000,9999999.000,0.000,1.000,0.000,0,0,20,0,0,20,20,0,0.0,0.0,1.0,0.0,0.0,1.0
"G[0,2](((HR >= 4.913 | TroponinI >= 0.000) -> Hgb >= 0.000) & Magnesium >= 0.000)
",9999999.000,9999999.000,0.000,1.000,0.000,0,0,20,0,0,20,20,0,0.0,0.0,1.0,0.0,0.0,1.0
"G[1,2]((Bilirubin_direct >= 0.000 & Creatinine <= 0.223) -> MAP <= 0.083)
",9999999.000,9999999.000,0.000,1.000,0.000,0,0,15,5,5,15,15,5,0.0,0.0,1.0,0.0,0.0,1.0
"G[0,2](((HCO3 <= 0.000 | Temp <= 36.799) -> Magnesium <= 35.760) -> DBP >= 1.622)
",9999999.000,9999999.000,0.000,1.000,0.000,0,0,1,19,19,1,1,19,0.0,0.0,1.0,0.0,0.0,1.0
"G[0,2](((BUN >= 0.728 | pH <= 0.000) & Platelets >= 0.000) | WBC >= 0.000)
",9999999.000,9999999.000,0.000,1.000,0.000,0,0,20,0,0,20,20,0,0.0,0.0,1.0,0.0,0.0,1.0
"G[1,2]((Potassium <= 1.906 | pH <= 0.000) | Phosphate <= 0.000)
",9999999.000,9999999.000,0.000,1.000,0.000,0,0,20,0,0,20,20,0,0.0,0.0,1.0,0.0,0.0,1.0
"G[2,2](Chloride >= 0.000 & HCO3 >= 0.000)
",0.000,0.000,0.000,1.000,0.000,0,0,20,0,0,20,20,0,0.0,0.0,1.0,0.0,0.0,1.0
"G[0,2](((WBC >= 0.342 | TroponinI >= 0.000) & TroponinI >= 0.000) | pH <= 0.000)
",9999999.000,9999999.000,0.000,1.000,0.000,0,0,20,0,0,20,20,0,0.0,0.0,1.0,0.0,0.0,1.0
"G[0,0]((Alkalinephos <= 51.828 & Alkalinephos >= 2.625) & PaCO2 >= 2.812)
",-6333015423799278.000,-2.812,0.000,1.000,0.000,0,0,0,20,20,0,0,20,0.0,0.0,0.0,0.0,0.0,1.0
"G[0,2]((FiO2 <= 0.000 | Calcium >= 0.427) | Platelets >= 0.419)
",9999999.000,9999999.000,0.000,1.000,0.000,0,0,20,0,0,20,20,0,0.0,0.0,1.0,0.0,0.0,1.0
"G[0,2](FiO2 >= 0.000 & Hct >= 0.768)
",9999999.000,9999999.000,0.000,1.000,0.000,0,0,0,20,20,0,0,20,0.0,0.0,0.0,0.0,0.0,1.0
"G[2,2](((Resp >= 1.280 | EtCO2 >= 0.000) -> Hgb <= 0.000) -> TroponinI <= 0.000)
",0.000,0.000,0.000,1.000,0.000,0,0,20,0,0,20,20,0,0.0,0.0,1.0,0.0,0.0,1.0
"G[1,2]((BaseExcess >= 0.000 & Platelets >= 0.284) & PaCO2 >= 0.224)
",9999999.000,9999999.000,0.000,1.000,0.000,0,0,1,19,19,1,1,19,0.0,0.0,1.0,0.0,0.0,1.0
"G[0,2](((Alkalinephos >= 2.468 & SBP >= 18.796) & pH <= 125.935) -> BUN <= 74.788)
",9999999.000,9999999.000,0.000,1.000,0.000,0,0,20,0,0,20,20,0,0.0,0.0,1.0,0.0,0.0,1.0
"G[2,2]((PTT <= 0.000 | WBC >= 0.224) -> DBP <= 8.149)
",-4587563635110422.000,-8.149,0.000,1.000,0.000,0,0,20,0,0,20,20,0,0.0,0.0,1.0,0.0,0.0,1.0
"G[2,2](((PTT >= 0.000 | BUN <= 9.118) | Glucose <= 13.457) | Chloride >= 0.614)
",13.457,13.457,0.000,1.000,0.000,0,0,20,0,0,20,20,0,0.0,0.0,1.0,0.0,0.0,1.0
"G[1,2]((MAP <= 83.089 -> Bilirubin_direct <= 0.000) -> Creatinine <= 0.000)
",9999999.000,9999999.000,0.000,1.000,0.000,0,0,19,1,1,19,19,1,0.0,0.0,1.0,0.0,0.0,1.0
"G[0,2]((MAP >= 11.608 | Potassium <= 1.068) -> HCO3 >= 0.100)
",9999999.000,9999999.000,0.000,1.000,0.000,0,0,0,20,20,0,0,20,0.0,0.0,0.0,0.0,0.0,1.0
"G[1,2](((SBP <= 121.449 & Phosphate <= 0.000) & Phosphate <= 0.000) & WBC >= 0.000)
",9999999.000,9999999.000,0.000,1.000,0.000,0,0,19,1,1,19,19,1,0.0,0.0,1.0,0.0,0.0,1.0
"G[2,2]((Magnesium <= 0.000 | WBC >= 0.156) -> SepsisLabel >= 0.148)
",0.000,0.000,0.000,1.000,0.000,0,0,20,0,0,20,20,0,0.0,0.0,1.0,0.0,0.0,1.0
"G[1,2](((FiO2 >= 0.000 & Hct >= 0.784) & PaCO2 <= 11.958) & Fibrinogen >= 0.532)
",9999999.000,9999999.000,0.000,1.000,0.000,0,0,1,19,19,1,1,19,0.0,0.0,1.0,0.0,0.0,1.0
"G[1,2](((Magnesium >= 0.000 & Magnesium <= 0.000) -> SepsisLabel >= 0.000) & Hct >= 0.000)
",9999999.000,9999999.000,0.000,1.000,0.000,0,0,20,0,0,20,20,0,0.0,0.0,1.0,0.0,0.0,1.0
"G[2,2]((Fibrinogen <= 0.000 & Temp <= 36.142) | SaO2 <= 26.701)
",26.701,26.701,0.000,1.000,0.000,0,0,20,0,0,20,20,0,0.0,0.0,1.0,0.0,0.0,1.0
"G[0,0](((Hgb <= 10.881 | Hct <= 24.283) -> WBC >= 0.065) & Platelets >= 0.259)
",-6835005952041957.000,-24.283,0.000,1.000,0.000,0,0,0,20,20,0,0,20,0.0,0.0,0.0,0.0,0.0,1.0
"G[1,2](Platelets <= 7.434 -> WBC >= 0.291)
",9999999.000,9999999.000,0.000,1.000,0.000,0,0,2,18,18,2,2,18,0.0,0.0,1.0,0.0,0.0,1.0
"G[0,2](Fibrinogen <= 0.000 & O2Sat >= 17.697)
",9999999.000,9999999.000,0.000,1.000,0.000,0,0,1,19,19,1,1,19,0.0,0.0,1.0,0.0,0.0,1.0
"G[2,2]((Hct >= 0.604 | HCO3 <= 0.000) -> O2Sat <= 0.000)
",0.000,0.000,0.000,1.000,0.000,0,0,20,0,0,20,20,0,0.0,0.0,1.0,0.0,0.0,1.0
"G[0,2](BUN <= 2.807 & Creatinine >= 0.034)
",9999999.000,9999999.000,0.000,1.000,0.000,0,0,0,20,20,0,0,20,0.0,0.0,0.0,0.0,0.0,1.0
"G[1,2](((Hgb <= 5.537 | Hct <= 22.627) -> WBC >= 0.033) & Platelets >= 0.362)
",9999999.000,9999999.000,0.000,1.000,0.000,0,0,2,18,18,2,2,18,0.0,0.0,1.0,0.0,0.0,1.0
"G[1,2]((HR <= 86.939 -> Bilirubin_direct >= 0.000) -> Bilirubin_total >= 0.000)
",9999999.000,9999999.000,0.000,1.000,0.000,0,0,20,0,0,20,20,0,0.0,0.0,1.0,0.0,0.0,1.0
"G[1,2](((Bilirubin_direct <= 0.000 | Temp >= 5.778) & Temp >= 3.665) | SepsisLabel <= 22.982)
",9999999.000,9999999.000,0.000,1.000,0.000,0,0,20,0,0,20,20,0,0.0,0.0,1.0,0.0,0.0,1.0
"G[1,2](EtCO2 >= 0.000 | TroponinI <= 0.000)
",9999999.000,9999999.000,0.000,1.000,0.000,0,0,20,0,0,20,20,0,0.0,0.0,1.0,0.0,0.0,1.0
"G[2,2](((HR >= 13.138 & SaO2 <= 0.000) | HCO3 <= 0.000) -> FiO2 <= 0.000)
",0.000,0.000,0.000,1.000,0.000,0,0,20,0,0,20,20,0,0.0,0.0,1.0,0.0,0.0,1.0
"G[0,1](Creatinine >= 0.013 | Calcium >= 0.306)
",9999999.000,9999999.000,0.000,1.000,0.000,0,0,0,20,20,0,0,20,0.0,0.0,0.0,0.0,0.0,1.0
"G[0,2](((Phosphate >= 0.000 & Fibrinogen >= 0.000) | Phosphate <= 0.000) -> O2Sat <= 0.000)
",9999999.000,9999999.000,0.000,1.000,0.000,0,0,10,10,10,10,10,10,0.0,0.0,1.0,0.0,0.0,1.0
"G[1,2](((BaseExcess >= 0.000 -> Creatinine >= 0.004) | Bilirubin_direct <= 0.420) -> Alkalinephos <= 0.379)
",9999999.000,9999999.000,0.000,1.000,0.000,0,0,19,1,1,19,19,1,0.0,0.0,1.0,0.0,0.0,1.0
"G[0,0]((O2Sat >= 3.614 -> Hct >= 0.080) & Temp >= 0.631)
",-0.616,-20.987,0.000,1.000,0.000,0,0,0,20,20,0,0,20,0.0,0.0,0.0,0.0,0.0,1.0
"G[2,2](((Calcium <= 6.586 & Hgb >= 0.249) | Bilirubin_direct >= 0.181) & BaseExcess >= 0.265)
",-0.265,-0.265,0.000,1.000,0.000,0,0,20,0,0,20,20,0,0.0,0.0,1.0,0.0,0.0,1.0
"G[0,1](((Hgb <= 10.086 | Hct <= 34.700) -> WBC >= 0.042) & Platelets >= 0.241)
",9999999.000,9999999.000,0.000,1.000,0.000,0,0,0,20,20,0,0,20,0.0,0.0,0.0,0.0,0.0,1.0
"G[1,2](((Bilirubin_direct >= 0.000 | MAP <= 61.561) | Fibrinogen >= 9.037) -> Bilirubin_direct >= 1.193)
",9999999.000,9999999.000,0.000,1.000,0.000,0,0,1,19,19,1,1,19,0.0,0.0,1.0,0.0,0.0,1.0
"G[1,1]((SaO2 <= 0.000 -> DBP >= 8.456) & O2Sat <= 25.306)
",0.000,0.000,0.000,1.000,0.000,0,0,1,19,19,1,1,19,0.0,0.0,1.0,0.0,0.0,1.0
"G[2,2](Platelets <= 0.416 -> WBC >= 0.075)
",-0.416,-0.416,0.000,1.000,0.000,0,0,20,0,0,20,20,0,0.0,0.0,1.0,0.0,0.0,1.0
"G[0,2](BUN <= 16.537 & Creatinine >= 0.039)
",9999999.000,9999999.000,0.000,1.000,0.000,0,0,0,20,20,0,0,20,0.0,0.0,0.0,0.0,0.0,1.0
"G[0,1]((AST >= 0.009 | Hct <= 33.469) -> Phosphate >= 0.476)
",9999999.000,9999999.000,0.000,1.000,0.000,0,0,0,20,20,0,0,20,0.0,0.0,0.0,0.0,0.0,1.0
"G[0,0](((Hgb <= 8.592 | Hct <= 21.078) -> WBC >= 0.334) & Platelets >= 0.249)
",-5932980742026331.000,-21.078,0.000,1.000,0.000,0,0,0,20,20,0,0,20,0.0,0.0,0.0,0.0,0.0,1.0
"G[0,2](Platelets <= 14.332 -> WBC >= 0.018)
",9999999.000,9999999.000,0.000,1.000,0.000,0,0,0,20,20,0,0,20,0.0,0.0,0.0,0.0,0.0,1.0
"G[2,2](((MAP <= 65.564 -> BaseExcess >= 0.000) & Hgb <= 0.000) & Lactate >= 0.000)
",-65.564,-65.564,0.000,1.000,0.000,0,0,20,0,0,20,20,0,0.0,0.0,1.0,0.0,0.0,1.0
"G[1,2](((pH >= 0.000 & EtCO2 <= 0.000) -> SepsisLabel <= 0.000) | TroponinI >= 0.000)
",9999999.000,9999999.000,0.000,1.000,0.000,0,0,20,0,0,20,20,0,0.0,0.0,1.0,0.0,0.0,1.0
"G[1,2](Chloride >= 0.000 & HCO3 >= 0.000)
",9999999.000,9999999.000,0.000,1.000,0.000,0,0,20,0,0,20,20,0,0.0,0.0,1.0,0.0,0.0,1.0
"G[1,2](BUN <= 16.470 & Creatinine >= 0.026)
",9999999.000,9999999.000,0.000,1.000,0.000,0,0,2,18,18,2,2,18,0.0,0.0,1.0,0.0,0.0,1.0
"G[1,2](((Hgb <= 2.901 | Hct <= 22.564) -> WBC >= 0.205) & Platelets >= 0.305)
",9999999.000,9999999.000,0.000,1.000,0.000,0,0,2,18,18,2,2,18,0.0,0.0,1.0,0.0,0.0,1.0
"G[0,1](Platelets <= 11.511 -> WBC >= 0.103)
",9999999.000,9999999.000,0.000,1.000,0.000,0,0,0,20,20,0,0,20,0.0,0.0,0.0,0.0,0.0,1.0
"G[1,2](Chloride >= 0.000 & HCO3 >= 0.000)
",9999999.000,9999999.000,0.000,1.000,0.000,0,0,20,0,0,20,20,0,0.0,0.0,1.0,0.0,0.0,1.0
"G[1,2](BUN <= 18.355 & Creatinine >= 0.040)
",9999999.000,9999999.000,0.000,1.000,0.000,0,0,2,18,18,2,2,18,0.0,0.0,1.0,0.0,0.0,1.0
"G[2,2](Magnesium >= 0.000 | AST <= 2.477)
",5576901084060980.000,2.477,0.000,1.000,0.000,0,0,20,0,0,20,20,0,0.0,0.0,1.0,0.0,0.0,1.0
"G[1,2](((Platelets <= 1.995 -> SBP <= 86.047) -> Bilirubin_direct <= 91.704) & AST <= 131.810)
",9999999.000,9999999.000,0.000,1.000,0.000,0,0,20,0,0,20,20,0,0.0,0.0,1.0,0.0,0.0,1.0
"G[0,1]((TroponinI >= 0.000 | Platelets <= 15.829) -> AST >= 0.221)
",9999999.000,9999999.000,0.000,1.000,0.000,0,0,0,20,20,0,0,20,0.0,0.0,0.0,0.0,0.0,1.0
"G[0,2]((DBP <= 21.874 | Potassium >= 0.081) | Hgb <= 0.391)
",9999999.000,9999999.000,0.000,1.000,0.000,0,0,20,0,0,20,20,0,0.0,0.0,1.0,0.0,0.0,1.0
"G[1,2](Bilirubin_total >= 0.015 | Resp <= 18.907)
",9999999.000,9999999.000,0.000,1.000,0.000,0,0,19,1,1,19,19,1,0.0,0.0,1.0,0.0,0.0,1.0
"G[0,2]((AST >= 0.114 & Hgb >= 0.271) -> SBP >= 0.180)
",9999999.000,9999999.000,0.000,1.000,0.000,0,0,18,2,2,18,18,2,0.0,0.0,1.0,0.0,0.0,1.0
"G[2,2]((Alkalinephos >= 1.315 -> AST <= 2.450) -> EtCO2 <= 2.486)
",-2.486,-2.486,0.000,1.000,0.000,0,0,20,0,0,20,20,0,0.0,0.0,1.0,0.0,0.0,1.0
"G[0,2](((O2Sat <= 46.392 -> Potassium <= 2.945) -> Bilirubin_direct <= 0.867) & Phosphate >= 0.088)
",9999999.000,9999999.000,0.000,1.000,0.000,0,0,0,20,20,0,0,20,0.0,0.0,0.0,0.0,0.0,1.0
"G[0,2](DBP <= 38.806 & MAP >= 16.913)
",9999999.000,9999999.000,0.000,1.000,0.000,0,0,0,20,20,0,0,20,0.0,0.0,0.0,0.0,0.0,1.0
"G[1,2](Creatinine <= 0.374 -> HR <= 96.933)
",9999999.000,9999999.000,0.000,1.000,0.000,0,0,20,0,0,20,20,0,0.0,0.0,1.0,0.0,0.0,1.0
"G[1,2](((Bilirubin_total <= 0.151 | SBP >= 30.128) -> WBC <= 75.176) & Bilirubin_total >= 29.162)
",9999999.000,9999999.000,0.000,1.000,0.000,0,0,1,19,19,1,1,19,0.0,0.0,1.0,0.0,0.0,1.0
"G[1,2]((Hgb <= 10.630 | HR <= 37.149) | Bilirubin_direct <= 42.226)
",9999999.000,9999999.000,0.000,1.000,0.000,0,0,20,0,0,20,20,0,0.0,0.0,1.0,0.0,0.0,1.0
"G[1,2](((Alkalinephos <= 53.846 | HR >= 1.862) | Glucose <= 41.064) -> Platelets >= 15.318)
",9999999.000,9999999.000,0.000,1.000,0.000,0,0,2,18,18,2,2,18,0.0,0.0,1.0,0.0,0.0,1.0
"G[0,2]((Hgb >= 0.579 | SBP <= 89.643) -> O2Sat <= 76.023)
",9999999.000,9999999.000,0.000,1.000,0.000,0,0,20,0,0,20,20,0,0.0,0.0,1.0,0.0,0.0,1.0
"G[0,2](((Calcium <= 1.764 & Creatinine >= 0.012) | SepsisLabel <= 0.819) | Temp >= 0.038)
",9999999.000,9999999.000,0.000,1.000,0.000,0,0,20,0,0,20,20,0,0.0,0.0,1.0,0.0,0.0,1.0
"G[0,1](((Resp <= 11.650 & Temp <= 18.613) -> HR <= 15.779) & BaseExcess >= 6.372)
",9999999.000,9999999.000,0.000,1.000,0.000,0,0,0,20,20,0,0,20,0.0,0.0,0.0,0.0,0.0,1.0
"G[1,1]((Alkalinephos <= 16.737 & MAP <= 55.624) & Creatinine >= 18.943)
",-18.943,-18.943,0.000,1.000,0.000,0,0,1,19,19,1,1,19,0.0,0.0,1.0,0.0,0.0,1.0
"G[0,1](((AST >= 0.280 | Glucose <= 86.027) -> SepsisLabel >= 0.440) | Fibrinogen >= 0.089)
",9999999.000,9999999.000,0.000,1.000,0.000,0,0,0,20,20,0,0,20,0.0,0.0,0.0,0.0,0.0,1.0
"G[2,2]((Glucose >= 3.678 | Resp <= 15.677) -> Potassium <= 14.181)
",-4412753944420902.500,-15.677,0.000,1.000,0.000,0,0,20,0,0,20,20,0,0.0,0.0,1.0,0.0,0.0,1.0
"G[0,1]((Creatinine >= 0.021 -> Hgb <= 5.539) & Bilirubin_direct >= 0.483)
",9999999.000,9999999.000,0.000,1.000,0.000,0,0,0,20,20,0,0,20,0.0,0.0,0.0,0.0,0.0,1.0
"G[0,2](AST >= 0.132 | HR <= 68.302)
",9999999.000,9999999.000,0.000,1.000,0.000,0,0,11,9,9,11,11,9,0.0,0.0,1.0,0.0,0.0,1.0
"G[1,2](((AST <= 4.541 & SBP <= 71.139) -> Bilirubin_direct <= 59.222) | SBP >= 25.681)
",9999999.000,9999999.000,0.000,1.000,0.000,0,0,20,0,0,20,20,0,0.0,0.0,1.0,0.0,0.0,1.0
"G[1,2](((AST <= 1.826 | MAP <= 65.200) -> Hct >= 7.496) | BUN <= 37.502)
",9999999.000,9999999.000,0.000,1.000,0.000,0,0,20,0,0,20,20,0,0.0,0.0,1.0,0.0,0.0,1.0
"G[0,1](((Glucose <= 64.649 & HR >= 7.885) -> Alkalinephos >= 11.557) -> Lactate >= 2.713)
",9999999.000,9999999.000,0.000,1.000,0.000,0,0,1,19,19,1,1,19,0.0,0.0,1.0,0.0,0.0,1.0
"G[1,2]((Bilirubin_total <= 0.222 & DBP >= 10.383) | TroponinI <= 29.549)
",9999999.000,9999999.000,0.000,1.000,0.000,0,0,20,0,0,20,20,0,0.0,0.0,1.0,0.0,0.0,1.0
"G[0,1](((Alkalinephos <= 16.201 -> Temp <= 24.554) -> Hgb >= 6.377) & Bilirubin_direct >= 8.380)
",9999999.000,9999999.000,0.000,1.000,0.000,0,0,0,20,20,0,0,20,0.0,0.0,0.0,0.0,0.0,1.0
"G[1,2](((BUN <= 12.389 | Hct <= 24.729) -> EtCO2 <= 5.164) & Potassium >= 0.831)
",9999999.000,9999999.000,0.000,1.000,0.000,0,0,2,18,18,2,2,18,0.0,0.0,1.0,0.0,0.0,1.0
"G[0,2](((Hct <= 6.503 & Potassium <= 3.002) | BaseExcess <= 2.979) | EtCO2 <= 0.603)
",9999999.000,9999999.000,0.000,1.000,0.000,0,0,20,0,0,20,20,0,0.0,0.0,1.0,0.0,0.0,1.0
"G[2,2](((Glucose >= 4.766 & WBC >= 0.264) -> Phosphate >= 0.151) & TroponinI <= 10.515)
",0.151,0.151,0.000,1.000,0.000,0,0,20,0,0,20,20,0,0.0,0.0,1.0,0.0,0.0,1.0
"G[2,2](((O2Sat <= 95.126 & SBP >= 3.155) & Lactate <= 37.168) -> Hct <= 83.159)
",-5851828366658389.000,-83.159,0.000,1.000,0.000,0,0,20,0,0,20,20,0,0.0,0.0,1.0,0.0,0.0,1.0
"G[1,2]((Bilirubin_total >= 0.003 & Glucose >= 5.376) & MAP >= 3.245)
",9999999.000,9999999.000,0.000,1.000,0.000,0,0,1,19,19,1,1,19,0.0,0.0,1.0,0.0,0.0,1.0
"G[0,2](BUN <= 2.579 -> Potassium >= 0.112)
",9999999.000,9999999.000,0.000,1.000,0.000,0,0,0,20,20,0,0,20,0.0,0.0,0.0,0.0,0.0,1.0
"G[1,2]((BUN <= 13.948 | Calcium <= 4.555) & PTT <= 1.217)
",9999999.000,9999999.000,0.000,1.000,0.000,0,0,19,1,1,19,19,1,0.0,0.0,1.0,0.0,0.0,1.0
"G[2,2](((DBP >= 13.419 -> O2Sat <= 83.659) & TroponinI >= 8.673) | Phosphate >= 13.620)
",-13.620,-13.620,0.000,1.000,0.000,0,0,20,0,0,20,20,0,0.0,0.0,1.0,0.0,0.0,1.0
"G[0,1](Glucose >= 1.907 & Potassium <= 2.416)
",9999999.000,9999999.000,0.000,1.000,0.000,0,0,0,20,20,0,0,20,0.0,0.0,0.0,0.0,0.0,1.0
"G[0,1](((Bilirubin_total >= 0.008 & BUN <= 4.977) & SepsisLabel >= 0.492) & WBC >= 0.247)
",9999999.000,9999999.000,0.000,1.000,0.000,0,0,0,20,20,0,0,20,0.0,0.0,0.0,0.0,0.0,1.0
"G[1,2](((BUN <= 17.906 -> Creatinine >= 0.006) & Calcium <= 0.100) -> Hgb <= 0.170)
",9999999.000,9999999.000,0.000,1.000,0.000,0,0,20,0,0,20,20,0,0.0,0.0,1.0,0.0,0.0,1.0
"G[0,2](((BUN <= 13.011 -> Hgb >= 0.139) -> Calcium >= 0.511) -> PaCO2 <= 2.505)
",9999999.000,9999999.000,0.000,1.000,0.000,0,0,20,0,0,20,20,0,0.0,0.0,1.0,0.0,0.0,1.0
"G[0,0]((AST <= 5.380 & Hct >= 0.814) & TroponinI <= 14.325)
",-7328549044176275.000,-0.814,0.000,1.000,0.000,0,0,0,20,20,0,0,20,0.0,0.0,0.0,0.0,0.0,1.0
"G[2,2]((Potassium <= 1.905 -> WBC >= 0.093) & Alkalinephos <= 11.840)
",-1.905,-1.905,0.000,1.000,0.000,0,0,20,0,0,20,20,0,0.0,0.0,1.0,0.0,0.0,1.0
"G[1,1]((AST <= 5.782 & WBC <= 10.163) & Glucose >= 0.110)
",-7916629448376573.000,-0.110,0.000,1.000,0.000,0,0,1,19,19,1,1,19,0.0,0.0,1.0,0.0,0.0,1.0
"G[1,2]((HR >= 12.628 -> MAP <= 81.796) -> Platelets >= 20.034)
",9999999.000,9999999.000,0.000,1.000,0.000,0,0,4,16,16,4,4,16,0.0,0.0,1.0,0.0,0.0,1.0
"G[1,2](Alkalinephos <= 52.587 | Hct <= 27.285)
",9999999.000,9999999.000,0.000,1.000,0.000,0,0,19,1,1,19,19,1,0.0,0.0,1.0,0.0,0.0,1.0
"G[2,2](Hgb >= 0.402 -> Platelets >= 0.289)
",0.289,0.289,0.000,1.000,0.000,0,0,20,0,0,20,20,0,0.0,0.0,1.0,0.0,0.0,1.0
"G[0,2](((Bilirubin_total <= 0.047 | Platelets >= 0.038) -> Glucose >= 0.078) -> Calcium <= 13.728)
",9999999.000,9999999.000,0.000,1.000,0.000,0,0,20,0,0,20,20,0,0.0,0.0,1.0,0.0,0.0,1.0
"G[1,2](Bilirubin_total <= 0.212 & Hct >= 0.676)
",9999999.000,9999999.000,0.000,1.000,0.000,0,0,1,19,19,1,1,19,0.0,0.0,1.0,0.0,0.0,1.0
"G[1,2](((Calcium >= 0.076 | WBC >= 0.051) -> Hgb >= 0.037) -> SBP <= 7.860)
",9999999.000,9999999.000,0.000,1.000,0.000,0,0,15,5,5,15,15,5,0.0,0.0,1.0,0.0,0.0,1.0
"G[1,2]((Calcium <= 2.980 -> Platelets <= 3.804) -> MAP >= 0.120)
",9999999.000,9999999.000,0.000,1.000,0.000,0,0,6,14,14,6,6,14,0.0,0.0,1.0,0.0,0.0,1.0
"G[0,0]((Platelets >= 0.010 -> Potassium >= 0.025) -> SaO2 >= 0.015)
",-5532040549171618.000,-0.010,0.000,1.000,0.000,0,0,0,20,20,0,0,20,0.0,0.0,0.0,0.0,0.0,1.0
"G[1,2](Creatinine <= 0.437 & DBP <= 78.311)
",9999999.000,9999999.000,0.000,1.000,0.000,0,0,19,1,1,19,19,1,0.0,0.0,1.0,0.0,0.0,1.0
"G[1,2](BUN <= 7.538 -> Resp >= 0.589)
",9999999.000,9999999.000,0.000,1.000,0.000,0,0,7,13,13,7,7,13,0.0,0.0,1.0,0.0,0.0,1.0
"G[0,2](((EtCO2 <= 0.000 -> Lactate <= 0.000) | Phosphate >= 0.000) | Resp <= 0.000)
",9999999.000,9999999.000,0.000,1.000,0.000,0,0,20,0,0,20,20,0,0.0,0.0,1.0,0.0,0.0,1.0
"G[1,2]((BUN <= 9.324 -> SBP >= 7.221) -> Chloride <= 39.118)
",9999999.000,9999999.000,0.000,1.000,0.000,0,0,20,0,0,20,20,0,0.0,0.0,1.0,0.0,0.0,1.0
"G[1,2](MAP <= 61.245 & SepsisLabel = 0.000)
",9999999.000,9999999.000,0.000,1.000,0.000,0,0,15,5,5,15,15,5,0.0,0.0,1.0,0.0,0.0,1.0
"G[0,0](Magnesium < 0.000 & SepsisLabel = 0.000)
",0.000,0.000,0.000,1.000,0.000,0,0,0,20,20,0,0,20,0.0,0.0,0.0,0.0,0.0,1.0
"G[1,2]((Chloride >= 0.000 & SaO2 <= 0.000) | Platelets >= 0.000)
",9999999.000,9999999.000,0.000,1.000,0.000,0,0,20,0,0,20,20,0,0.0,0.0,1.0,0.0,0.0,1.0
"G[0,0](((Glucose >= 1.064 & O2Sat <= 77.060) & HCO3 <= 40.820) & HCO3 >= 1.841)
",-1.579,-2.651,0.000,1.000,0.000,0,0,0,20,20,0,0,20,0.0,0.0,0.0,0.0,0.0,1.0
"G[1,2]((DBP <= 53.469 -> Resp >= 1.503) -> WBC <= 5.386)
",9999999.000,9999999.000,0.000,1.000,0.000,0,0,20,0,0,20,20,0,0.0,0.0,1.0,0.0,0.0,1.0
"G[1,2](((PTT >= 0.000 -> Temp >= 0.209) -> Magnesium <= 26.384) -> PaCO2 <= 10.814)
",9999999.000,9999999.000,0.000,1.000,0.000,0,0,20,0,0,20,20,0,0.0,0.0,1.0,0.0,0.0,1.0
"G[1,2]((Chloride <= 0.000 & HCO3 <= 0.000) -> DBP <= 0.000)
",9999999.000,9999999.000,0.000,1.000,0.000,0,0,15,5,5,15,15,5,0.0,0.0,1.0,0.0,0.0,1.0
"G[0,2](Resp <= 7.781 -> SepsisLabel = 0.000)
",9999999.000,9999999.000,0.000,1.000,0.000,0,0,20,0,0,20,20,0,0.0,0.0,1.0,0.0,0.0,1.0
"G[0,2]((Resp >= 1.567 -> Phosphate <= 0.000) | Fibrinogen >= 0.000)
",9999999.000,9999999.000,0.000,1.000,0.000,0,0,20,0,0,20,20,0,0.0,0.0,1.0,0.0,0.0,1.0
"G[0,2](Bilirubin_direct <= 0.000 | AST <= 4.199)
",9999999.000,9999999.000,0.000,1.000,0.000,0,0,20,0,0,20,20,0,0.0,0.0,1.0,0.0,0.0,1.0
"G[2,2](BUN <= 5.057 & Creatinine >= 0.012)
",-6859456350805212.000,-0.012,0.000,1.000,0.000,0,0,20,0,0,20,20,0,0.0,0.0,1.0,0.0,0.0,1.0
"G[0,2](BaseExcess <= 0.000 -> AST <= 1.797)
",9999999.000,9999999.000,0.000,1.000,0.000,0,0,18,2,2,18,18,2,0.0,0.0,1.0,0.0,0.0,1.0
"G[2,2](BaseExcess <= 0.000 | SaO2 <= 0.000)
",0.000,0.000,0.000,1.000,0.000,0,0,20,0,0,20,20,0,0.0,0.0,1.0,0.0,0.0,1.0
"G[0,2](((Hgb <= 10.594 | Hct <= 2.606) -> WBC >= 0.014) & Platelets >= 0.331)
",9999999.000,9999999.000,0.000,1.000,0.000,0,0,0,20,20,0,0,20,0.0,0.0,0.0,0.0,0.0,1.0
"G[1,2]((Resp >= 2.030 -> Temp <= 33.080) & Temp <= 33.704)
",9999999.000,9999999.000,0.000,1.000,0.000,0,0,15,5,5,15,15,5,0.0,0.0,1.0,0.0,0.0,1.0
"G[1,2](Fibrinogen >= 0.000 & Bilirubin_total >= 0.015)
",9999999.000,9999999.000,0.000,1.000,0.000,0,0,2,18,18,2,2,18,0.0,0.0,1.0,0.0,0.0,1.0
"G[1,2](Platelets <= 13.691 -> WBC >= 0.245)
",9999999.000,9999999.000,0.000,1.000,0.000,0,0,2,18,18,2,2,18,0.0,0.0,1.0,0.0,0.0,1.0
"G[1,2](((BaseExcess >= 0.000 -> pH >= 0.000) -> O2Sat >= 0.000) & SaO2 >= 0.000)
",9999999.000,9999999.000,0.000,1.000,0.000,0,0,20,0,0,20,20,0,0.0,0.0,1.0,0.0,0.0,1.0
"G[2,2](WBC >= 0.193 | SepsisLabel >= 0.000)
",0.000,0.000,0.000,1.000,0.000,0,0,20,0,0,20,20,0,0.0,0.0,1.0,0.0,0.0,1.0
"G[2,2](Chloride >= 0.000 & HCO3 >= 0.000)
",0.000,0.000,0.000,1.000,0.000,0,0,20,0,0,20,20,0,0.0,0.0,1.0,0.0,0.0,1.0
"G[2,2](((Alkalinephos <= 15.654 | Potassium <= 1.011) & SBP >= 0.165) | O2Sat >= 0.034)
",-4961772671659126.000,-0.034,0.000,1.000,0.000,0,0,20,0,0,20,20,0,0.0,0.0,1.0,0.0,0.0,1.0
"G[0,2](SepsisLabel <= 0.000 | DBP >= 4.511)
",9999999.000,9999999.000,0.000,1.000,0.000,0,0,20,0,0,20,20,0,0.0,0.0,1.0,0.0,0.0,1.0
"G[2,2](DBP < 71.153 -> SepsisLabel = 0.000)
",-5006946634192409.000,-71.153,0.000,1.000,0.000,0,0,20,0,0,20,20,0,0.0,0.0,1.0,0.0,0.0,1.0
"G[2,2](BaseExcess >= 0.000 -> SepsisLabel <= 0.000)
",0.000,0.000,0.000,1.000,0.000,0,0,20,0,0,20,20,0,0.0,0.0,1.0,0.0,0.0,1.0
"G[0,2](((Calcium <= 7.304 -> Bilirubin_direct <= 0.000) -> SBP >= 0.000) | Hgb >= 0.000)
",9999999.000,9999999.000,0.000,1.000,0.000,0,0,20,0,0,20,20,0,0.0,0.0,1.0,0.0,0.0,1.0
"G[0,2](((O2Sat <= 84.096 -> WBC <= 3.899) | Resp >= 0.165) & Resp >= 0.054)
",9999999.000,9999999.000,0.000,1.000,0.000,0,0,1,19,19,1,1,19,0.0,0.0,1.0,0.0,0.0,1.0
"G[2,2](Magnesium >= 0.000 -> SepsisLabel = 0.000)
",0.000,0.000,0.000,1.000,0.000,0,0,20,0,0,20,20,0,0.0,0.0,1.0,0.0,0.0,1.0
"G[1,2](Magnesium > 0.000 -> SepsisLabel = 0.000)
",9999999.000,9999999.000,0.000,1.000,0.000,0,0,20,0,0,20,20,0,0.0,0.0,1.0,0.0,0.0,1.0
"G[0,2]((HR >= 5.223 | Platelets >= 0.230) -> WBC >= 0.173)
",9999999.000,9999999.000,0.000,1.000,0.000,0,0,10,10,10,10,10,10,0.0,0.0,1.0,0.0,0.0,1.0
"G[1,2](((SBP >= 6.537 | WBC >= 0.277) | Bilirubin_total >= 0.104) | PTT <= 13.441)
",9999999.000,9999999.000,0.000,1.000,0.000,0,0,20,0,0,20,20,0,0.0,0.0,1.0,0.0,0.0,1.0
"G[0,2]((MAP >= 0.484 & Platelets <= 8.951) -> Resp >= 0.407)
",9999999.000,9999999.000,0.000,1.000,0.000,0,0,20,0,0,20,20,0,0.0,0.0,1.0,0.0,0.0,1.0
"G[0,2](((DBP >= 14.099 & Hct <= 9.891) | TroponinI <= 2.451) & HCO3 >= 0.757)
",9999999.000,9999999.000,0.000,1.000,0.000,0,0,0,20,20,0,0,20,0.0,0.0,0.0,0.0,0.0,1.0
"G[0,2](HR >= 6.045 -> SepsisLabel = 0.000)
",9999999.000,9999999.000,0.000,1.000,0.000,0,0,20,0,0,20,20,0,0.0,0.0,1.0,0.0,0.0,1.0
"G[0,2](((Fibrinogen <= 0.000 -> TroponinI <= 0.000) | HR <= 0.000) -> Bilirubin_total <= 0.000)
",9999999.000,9999999.000,0.000,1.000,0.000,0,0,18,2,2,18,18,2,0.0,0.0,1.0,0.0,0.0,1.0
"G[2,2](Hgb >= 0.084 -> SepsisLabel = 0.000)
",0.000,0.000,0.000,1.000,0.000,0,0,20,0,0,20,20,0,0.0,0.0,1.0,0.0,0.0,1.0
"G[0,2](((SepsisLabel <= 0.000 & pH <= 0.000) -> BUN <= 0.000) -> AST >= 0.000)
",9999999.000,9999999.000,0.000,1.000,0.000,0,0,20,0,0,20,20,0,0.0,0.0,1.0,0.0,0.0,1.0
"G[2,2](WBC < 8.654 & SepsisLabel = 0.000)
",0.000,0.000,0.000,1.000,0.000,0,0,20,0,0,20,20,0,0.0,0.0,1.0,0.0,0.0,1.0
"G[1,2](Platelets <= 3.747 -> WBC >= 0.285)
",9999999.000,9999999.000,0.000,1.000,0.000,0,0,2,18,18,2,2,18,0.0,0.0,1.0,0.0,0.0,1.0
"G[0,0]((Magnesium >= 0.000 | Platelets <= 7.927) -> Lactate >= 0.351)
",-0.572,-13.492,0.000,1.000,0.000,0,0,0,20,20,0,0,20,0.0,0.0,0.0,0.0,0.0,1.0
"G[0,2](((Platelets <= 13.893 -> O2Sat <= 76.913) | Bilirubin_total <= 54.627) | TroponinI >= 2.675)
",9999999.000,9999999.000,0.000,1.000,0.000,0,0,20,0,0,20,20,0,0.0,0.0,1.0,0.0,0.0,1.0
"G[2,2](((SepsisLabel <= 0.000 & FiO2 <= 0.000) & Phosphate <= 0.000) & Bilirubin_direct <= 0.000)
",0.000,0.000,0.000,1.000,0.000,0,0,20,0,0,20,20,0,0.0,0.0,1.0,0.0,0.0,1.0
"G[1,2](Fibrinogen >= 0.000 & SepsisLabel = 0.000)
",9999999.000,9999999.000,0.000,1.000,0.000,0,0,20,0,0,20,20,0,0.0,0.0,1.0,0.0,0.0,1.0
"G[0,2](Hgb > 0.576 -> SepsisLabel = 0.000)
",9999999.000,9999999.000,0.000,1.000,0.000,0,0,20,0,0,20,20,0,0.0,0.0,1.0,0.0,0.0,1.0
"G[1,2]((Creatinine >= 0.003 & SaO2 <= 0.000) | HCO3 <= 0.000)
",9999999.000,9999999.000,0.000,1.000,0.000,0,0,20,0,0,20,20,0,0.0,0.0,1.0,0.0,0.0,1.0
"G[2,2](Magnesium > 0.000 & SepsisLabel = 0.000)
",0.000,0.000,0.000,1.000,0.000,0,0,20,0,0,20,20,0,0.0,0.0,1.0,0.0,0.0,1.0
"G[2,2](Chloride >= 0.000 & HCO3 >= 0.000)
",0.000,0.000,0.000,1.000,0.000,0,0,20,0,0,20,20,0,0.0,0.0,1.0,0.0,0.0,1.0
